[name]
unknown

[dist]
# distance from previous block
# <min> <max>
0	87

[block]
# block no. 0 follows, 33 sequences, length 7
# corresponding to MSA columns:
# 100-106
name=unknown_A
#
# <colnr> <probs for GDERKNQSTAVLIFYWHMCP>
#	G	D	E	R	K	N	Q	S	T	A	V	L	I	F	Y	W	H	M	C	P
0	0.01225	0.03414	0.09855	0.01285	0.05577	0.00991	0.01032	0.04277	0.07186	0.04367	0.11280	0.28115	0.05121	0.01308	0.00723	0.00220	0.00526	0.04152	0.00550	0.08796
1	0.11533	0.16433	0.09826	0.05992	0.06059	0.14614	0.03794	0.04694	0.01484	0.01989	0.01574	0.16074	0.01549	0.00908	0.00606	0.00199	0.00764	0.00733	0.00393	0.00784
2	0.22217	0.07996	0.12419	0.05271	0.08033	0.05551	0.07264	0.10505	0.01562	0.02445	0.01313	0.01773	0.01088	0.00957	0.04983	0.00255	0.00830	0.04298	0.00395	0.00846
3	0.13661	0.10668	0.06827	0.05322	0.04679	0.10348	0.01166	0.06044	0.04277	0.06076	0.07200	0.09311	0.01900	0.00953	0.00694	0.00210	0.04057	0.05346	0.00465	0.00796
4	0.08701	0.16072	0.17019	0.06438	0.02041	0.12582	0.01342	0.02147	0.08071	0.05830	0.05596	0.06265	0.03652	0.00816	0.00598	0.00195	0.00752	0.00630	0.00421	0.00834
5	0.12868	0.01903	0.20538	0.06869	0.06070	0.04390	0.08121	0.06497	0.01474	0.05118	0.01532	0.05986	0.01345	0.05237	0.00892	0.00245	0.05265	0.04422	0.00399	0.00830
6	0.04367	0.08068	0.05803	0.01643	0.08329	0.13399	0.04910	0.03523	0.01538	0.04832	0.11270	0.02159	0.05532	0.00864	0.00884	0.00199	0.13400	0.00647	0.00422	0.08213

[dist]
# distance from previous block
# <min> <max>
0	54

[block]
# block no. 1 follows, 33 sequences, length 13
# corresponding to MSA columns:
# 167-179
name=unknown_B
#
# <colnr> <probs for GDERKNQSTAVLIFYWHMCP>
#	G	D	E	R	K	N	Q	S	T	A	V	L	I	F	Y	W	H	M	C	P
0	0.11492	0.04767	0.07294	0.09754	0.08112	0.07687	0.06663	0.05895	0.04110	0.09658	0.05920	0.04324	0.04448	0.00810	0.00697	0.00205	0.03939	0.00660	0.00456	0.03110
1	0.04383	0.08782	0.15712	0.03325	0.01861	0.05713	0.01267	0.08643	0.06668	0.08944	0.08604	0.10942	0.01993	0.01050	0.02657	0.00228	0.03909	0.00755	0.00493	0.04071
2	0.13844	0.04659	0.17094	0.05031	0.13445	0.08450	0.04011	0.05716	0.06520	0.04284	0.01355	0.03596	0.01087	0.00705	0.00656	0.00200	0.03582	0.00553	0.00392	0.04818
3	0.05144	0.06448	0.04796	0.15682	0.08914	0.10100	0.08224	0.16298	0.04624	0.02402	0.03552	0.01902	0.04180	0.00917	0.03801	0.00237	0.00858	0.00621	0.00428	0.00871
4	0.10101	0.12326	0.06719	0.09508	0.05444	0.05790	0.01190	0.06915	0.05936	0.08160	0.01962	0.14913	0.04096	0.00971	0.00676	0.00210	0.03015	0.00783	0.00468	0.00819
5	0.07788	0.08195	0.09650	0.09127	0.01957	0.07481	0.01184	0.02132	0.10605	0.09660	0.03987	0.07094	0.03379	0.02893	0.00747	0.00216	0.03382	0.02589	0.03690	0.04245
6	0.01562	0.09828	0.10833	0.01314	0.01746	0.05458	0.03535	0.12433	0.01709	0.05269	0.08742	0.10952	0.03654	0.01183	0.04369	0.00241	0.03389	0.03660	0.00486	0.09637
7	0.05227	0.12950	0.09111	0.01406	0.01855	0.14896	0.01238	0.16871	0.07230	0.02391	0.03229	0.01656	0.01220	0.04506	0.00852	0.00210	0.07212	0.00536	0.00435	0.06970
8	0.03667	0.58078	0.03103	0.01359	0.05281	0.05447	0.03621	0.06046	0.01498	0.01836	0.04050	0.01313	0.01103	0.00617	0.00483	0.00155	0.00723	0.00432	0.00332	0.00856
9	0.01742	0.13795	0.07011	0.04344	0.12676	0.01506	0.06027	0.06150	0.05046	0.13701	0.04717	0.02213	0.04139	0.07677	0.00936	0.00236	0.03708	0.00658	0.00466	0.03254
10	0.01320	0.03405	0.73453	0.01876	0.02849	0.01529	0.02432	0.02085	0.01390	0.02085	0.01181	0.01390	0.00834	0.00625	0.00625	0.00208	0.00973	0.00486	0.00278	0.00973
11	0.05462	0.01408	0.09364	0.01255	0.01805	0.01106	0.01130	0.04929	0.04942	0.57926	0.02359	0.02098	0.01513	0.00790	0.00649	0.00205	0.00606	0.00634	0.00731	0.01086
12	0.08986	0.04036	0.24059	0.05478	0.06377	0.06833	0.01583	0.08294	0.05912	0.04790	0.04515	0.01850	0.04269	0.00799	0.00796	0.00213	0.09329	0.00588	0.00410	0.00883

[dist]
# distance from previous block
# <min> <max>
0	4

[block]
# block no. 2 follows, 33 sequences, length 13
# corresponding to MSA columns:
# 184-196
name=unknown_C
#
# <colnr> <probs for GDERKNQSTAVLIFYWHMCP>
#	G	D	E	R	K	N	Q	S	T	A	V	L	I	F	Y	W	H	M	C	P
0	0.01695	0.01305	0.03486	0.11452	0.08743	0.01347	0.01228	0.12222	0.18620	0.11226	0.08146	0.03000	0.06929	0.00971	0.00700	0.00219	0.00617	0.06592	0.00587	0.00914
1	0.01163	0.00899	0.01122	0.01245	0.10235	0.00898	0.00720	0.01459	0.09361	0.01645	0.01952	0.03466	0.02040	0.50866	0.02417	0.00481	0.00629	0.00831	0.00420	0.08149
2	0.01416	0.01419	0.02516	0.01974	0.02287	0.01580	0.28470	0.03937	0.01422	0.02009	0.08109	0.02532	0.01745	0.01129	0.03982	0.00281	0.26689	0.07338	0.00392	0.00774
3	0.52160	0.01522	0.10007	0.01079	0.01570	0.01413	0.00993	0.02292	0.07085	0.14384	0.01371	0.01416	0.00985	0.00670	0.00498	0.00206	0.00576	0.00455	0.00480	0.00839
4	0.00856	0.00642	0.00794	0.00814	0.00952	0.00580	0.00589	0.01075	0.01599	0.02149	0.36266	0.26068	0.21940	0.01633	0.00795	0.00228	0.00337	0.01437	0.00664	0.00580
5	0.01365	0.01170	0.01365	0.00975	0.01560	0.00878	0.00780	0.01658	0.01365	0.02145	0.01170	0.01365	0.00975	0.00488	0.00488	0.00098	0.00488	0.00390	0.00390	0.80888
6	0.02227	0.02719	0.02012	0.02085	0.13636	0.55463	0.01411	0.02430	0.01724	0.01697	0.01039	0.01284	0.00882	0.00708	0.00751	0.00185	0.08144	0.00465	0.00332	0.00805
7	0.02371	0.01751	0.01872	0.01458	0.01955	0.01941	0.01197	0.61794	0.08658	0.03954	0.01698	0.01694	0.01220	0.00798	0.00650	0.00198	0.00688	0.00606	0.04409	0.01089
8	0.01740	0.01038	0.01239	0.01088	0.01390	0.01040	0.00854	0.09906	0.12421	0.20437	0.08926	0.03845	0.09352	0.13590	0.01158	0.00293	0.00548	0.09658	0.00652	0.00825
9	0.01120	0.00883	0.01389	0.05555	0.06183	0.00840	0.09069	0.01366	0.01533	0.04812	0.24978	0.15778	0.14457	0.01388	0.00916	0.06867	0.00516	0.01139	0.00558	0.00654
10	0.06888	0.13999	0.03802	0.06913	0.10580	0.06641	0.02815	0.08428	0.08551	0.02121	0.01318	0.01649	0.01105	0.02886	0.04462	0.03486	0.09698	0.00546	0.00387	0.03728
11	0.11091	0.08772	0.07422	0.17741	0.13005	0.04924	0.04096	0.04868	0.04187	0.06937	0.04025	0.01918	0.01301	0.00718	0.00613	0.00200	0.00747	0.03272	0.00409	0.03753
12	0.05638	0.06721	0.05933	0.12585	0.04052	0.19041	0.01299	0.05394	0.06410	0.10584	0.01665	0.06275	0.01413	0.00857	0.00696	0.00205	0.03804	0.04486	0.00453	0.02488

[dist]
# distance from previous block
# <min> <max>
2	82

[block]
# block no. 3 follows, 33 sequences, length 15
# corresponding to MSA columns:
# 307-321
name=unknown_D
#
# <colnr> <probs for GDERKNQSTAVLIFYWHMCP>
#	G	D	E	R	K	N	Q	S	T	A	V	L	I	F	Y	W	H	M	C	P
0	0.05394	0.08269	0.07186	0.08698	0.10815	0.02900	0.12765	0.09056	0.03134	0.03709	0.03354	0.03440	0.01270	0.03551	0.00723	0.00202	0.00755	0.00610	0.00404	0.13764
1	0.01588	0.01450	0.02339	0.22011	0.05164	0.03460	0.21257	0.10203	0.06480	0.04791	0.01593	0.05848	0.01313	0.04351	0.00820	0.00231	0.00837	0.00726	0.00423	0.05116
2	0.08593	0.09064	0.01950	0.23603	0.05441	0.06820	0.03243	0.10654	0.04007	0.02215	0.03550	0.05835	0.01305	0.00780	0.00692	0.00200	0.04674	0.00619	0.00405	0.06348
3	0.09998	0.06057	0.01918	0.08508	0.06585	0.13354	0.01270	0.24461	0.07733	0.02727	0.01346	0.01508	0.01041	0.00736	0.00709	0.00196	0.06095	0.00529	0.00468	0.04761
4	0.03310	0.04846	0.01658	0.15211	0.11296	0.05142	0.01170	0.11956	0.01543	0.02043	0.01787	0.02261	0.07486	0.05693	0.05250	0.13472	0.00763	0.00651	0.00398	0.04064
5	0.07747	0.01066	0.01317	0.09757	0.07729	0.01132	0.00987	0.11600	0.07419	0.02403	0.12079	0.16391	0.13441	0.03060	0.00772	0.00231	0.00534	0.01027	0.00556	0.00753
6	0.08910	0.01309	0.01667	0.04226	0.13379	0.01359	0.02836	0.15905	0.09036	0.11237	0.02028	0.04962	0.03669	0.07705	0.00896	0.00246	0.00639	0.04351	0.00538	0.05102
7	0.05678	0.01734	0.07917	0.09111	0.16689	0.05641	0.01448	0.21677	0.04799	0.06538	0.04247	0.01729	0.01274	0.00707	0.00629	0.00192	0.00733	0.00576	0.00480	0.08202
8	0.01755	0.01365	0.01329	0.03987	0.01588	0.14380	0.00956	0.09166	0.01718	0.14440	0.02724	0.09257	0.09907	0.09199	0.00997	0.00264	0.00679	0.12248	0.00559	0.03482
9	0.01848	0.08581	0.01753	0.01373	0.01711	0.26457	0.03555	0.11430	0.01753	0.04249	0.01852	0.06281	0.05044	0.05318	0.08652	0.00306	0.00943	0.04432	0.00443	0.04019
10	0.05747	0.09280	0.02165	0.08307	0.02239	0.01549	0.14230	0.10806	0.12077	0.02367	0.01493	0.01732	0.01177	0.01030	0.07241	0.00261	0.00815	0.00583	0.00433	0.16467
11	0.01759	0.19703	0.03276	0.05905	0.02775	0.05954	0.36678	0.05825	0.01590	0.05789	0.01271	0.01573	0.00983	0.00616	0.00711	0.00200	0.03528	0.00623	0.00361	0.00882
12	0.01429	0.14848	0.17519	0.09066	0.02412	0.01538	0.13448	0.06589	0.01540	0.02089	0.05391	0.07396	0.05169	0.00802	0.00642	0.00194	0.00768	0.00708	0.00392	0.08060
13	0.01672	0.01664	0.02493	0.12037	0.10259	0.09363	0.23651	0.11661	0.01733	0.02263	0.01509	0.06410	0.01297	0.00753	0.00695	0.00205	0.00880	0.03258	0.00406	0.07792
14	0.01172	0.00905	0.00991	0.04840	0.01180	0.03584	0.00651	0.05109	0.08840	0.01728	0.05836	0.09235	0.02495	0.48000	0.02344	0.00479	0.00627	0.00957	0.00468	0.00561

[dist]
# distance from previous block
# <min> <max>
0	2

[block]
# block no. 4 follows, 33 sequences, length 6
# corresponding to MSA columns:
# 324-329
name=unknown_E
#
# <colnr> <probs for GDERKNQSTAVLIFYWHMCP>
#	G	D	E	R	K	N	Q	S	T	A	V	L	I	F	Y	W	H	M	C	P
0	0.01130	0.00731	0.01103	0.19032	0.01729	0.00803	0.00844	0.01079	0.00990	0.01302	0.01338	0.02406	0.01330	0.16913	0.02261	0.44967	0.00660	0.00653	0.00310	0.00418
1	0.04536	0.01174	0.01865	0.34373	0.22629	0.01312	0.01560	0.01706	0.04199	0.01908	0.01735	0.16766	0.01663	0.00929	0.00683	0.00222	0.00722	0.00842	0.00386	0.00791
2	0.01685	0.01488	0.02329	0.02956	0.42452	0.01541	0.05587	0.15691	0.01749	0.02446	0.01401	0.01789	0.01157	0.01360	0.13081	0.00343	0.00955	0.00619	0.00398	0.00973
3	0.01637	0.08616	0.41578	0.01693	0.02405	0.16273	0.01865	0.02424	0.13324	0.02062	0.01381	0.01504	0.01036	0.00677	0.00611	0.00198	0.00919	0.00507	0.00357	0.00933
4	0.01357	0.00758	0.00970	0.00907	0.01056	0.00741	0.00649	0.01491	0.01264	0.15943	0.05547	0.03939	0.04931	0.37593	0.14380	0.00562	0.00784	0.06006	0.00513	0.00608
5	0.46955	0.04257	0.01418	0.01310	0.06842	0.08255	0.00967	0.06591	0.13237	0.02761	0.01289	0.01388	0.00999	0.00673	0.00503	0.00201	0.00614	0.00460	0.00451	0.00828

[dist]
# distance from previous block
# <min> <max>
0	13

[block]
# block no. 5 follows, 33 sequences, length 19
# corresponding to MSA columns:
# 343-361
name=unknown_F
#
# <colnr> <probs for GDERKNQSTAVLIFYWHMCP>
#	G	D	E	R	K	N	Q	S	T	A	V	L	I	F	Y	W	H	M	C	P
0	0.01804	0.06469	0.11290	0.02089	0.02652	0.10312	0.29724	0.14298	0.03445	0.02343	0.01285	0.01569	0.00985	0.00685	0.00825	0.00212	0.08094	0.00624	0.00386	0.00910
1	0.02648	0.01165	0.01613	0.01255	0.01741	0.01059	0.04463	0.03094	0.09405	0.58759	0.05750	0.02364	0.01849	0.00835	0.00674	0.00207	0.00572	0.00701	0.00771	0.01077
2	0.00927	0.00635	0.00717	0.00731	0.00755	0.00621	0.00427	0.00953	0.01035	0.01359	0.02638	0.10917	0.09063	0.63237	0.02889	0.00567	0.00587	0.01079	0.00437	0.00426
3	0.01430	0.01382	0.02412	0.39649	0.33458	0.01521	0.06963	0.01857	0.01412	0.01913	0.01211	0.01703	0.00957	0.00620	0.00664	0.00209	0.00854	0.00600	0.00310	0.00875
4	0.01423	0.01333	0.02245	0.32049	0.39018	0.01449	0.01855	0.01825	0.01428	0.01948	0.01421	0.02220	0.01234	0.00730	0.00678	0.00215	0.00804	0.06909	0.00339	0.00878
5	0.00864	0.00660	0.00762	0.00786	0.00930	0.00597	0.00571	0.01035	0.01446	0.01853	0.16807	0.14676	0.34324	0.14024	0.01220	0.00301	0.00411	0.07592	0.00596	0.00544
6	0.02484	0.01757	0.02066	0.01569	0.02104	0.01892	0.06315	0.57896	0.02845	0.11812	0.01677	0.01670	0.01168	0.00776	0.00668	0.00200	0.00734	0.00614	0.00652	0.01103
7	0.01622	0.01258	0.01835	0.09049	0.26571	0.01294	0.01357	0.11283	0.04944	0.08756	0.18536	0.06284	0.02531	0.00910	0.00694	0.00206	0.00619	0.00810	0.00536	0.00905
8	0.01026	0.00900	0.00952	0.01077	0.04653	0.07493	0.00711	0.01171	0.01377	0.01720	0.06601	0.37001	0.18074	0.10598	0.01092	0.00288	0.00502	0.03638	0.00551	0.00576
9	0.09101	0.01567	0.01719	0.08275	0.02090	0.01766	0.01181	0.34699	0.23378	0.06609	0.01863	0.01847	0.01354	0.00794	0.00640	0.00208	0.00651	0.00620	0.00613	0.01024
10	0.09261	0.01578	0.01991	0.17673	0.21782	0.08337	0.01518	0.07812	0.09942	0.04633	0.01384	0.01660	0.01084	0.00726	0.00769	0.00211	0.07760	0.00570	0.00409	0.00899
11	0.01317	0.01142	0.01429	0.14401	0.06395	0.07790	0.03345	0.01640	0.04664	0.05414	0.08819	0.26495	0.02687	0.04590	0.00835	0.00237	0.00622	0.01066	0.00500	0.06613
12	0.01576	0.08511	0.02354	0.20381	0.35371	0.01624	0.01687	0.05435	0.07755	0.02134	0.01333	0.01661	0.01070	0.00633	0.00624	0.00193	0.00753	0.00566	0.00365	0.05975
13	0.03863	0.01660	0.01683	0.01578	0.08296	0.13065	0.01132	0.23180	0.09690	0.10398	0.04250	0.06281	0.01648	0.04791	0.02655	0.00242	0.00739	0.00693	0.00559	0.03599
14	0.09671	0.01437	0.01813	0.04166	0.07242	0.07790	0.11070	0.08897	0.07364	0.07460	0.01843	0.07785	0.01652	0.07958	0.00914	0.00248	0.00723	0.05049	0.00483	0.06437
15	0.01480	0.01287	0.02031	0.30224	0.13919	0.01416	0.07869	0.12729	0.01675	0.02249	0.07674	0.04094	0.01631	0.02681	0.00840	0.03832	0.00771	0.02371	0.00416	0.00811
16	0.14553	0.01515	0.01594	0.05741	0.09077	0.11221	0.01126	0.08013	0.05664	0.03877	0.01426	0.06306	0.01263	0.03495	0.00943	0.03696	0.09036	0.00607	0.00422	0.10426
17	0.08126	0.03335	0.07188	0.08665	0.10244	0.05877	0.06103	0.17672	0.04301	0.06075	0.02972	0.01676	0.01170	0.00849	0.03136	0.00226	0.04234	0.00572	0.00451	0.07126
18	0.13849	0.01733	0.11771	0.09614	0.05120	0.06179	0.08398	0.08354	0.09274	0.07099	0.04140	0.03820	0.04745	0.00785	0.00636	0.00208	0.00736	0.00656	0.00465	0.02420

[dist]
# distance from previous block
# <min> <max>
6	19

[block]
# block no. 6 follows, 33 sequences, length 74
# corresponding to MSA columns:
# 381-454
name=unknown_G
#
# <colnr> <probs for GDERKNQSTAVLIFYWHMCP>
#	G	D	E	R	K	N	Q	S	T	A	V	L	I	F	Y	W	H	M	C	P
0	0.01760	0.11829	0.03771	0.01467	0.03748	0.05807	0.03196	0.12102	0.05705	0.08696	0.03749	0.04312	0.04650	0.01114	0.04659	0.00253	0.17191	0.00654	0.00463	0.04873
1	0.04582	0.10452	0.07897	0.03635	0.02165	0.05816	0.17465	0.02065	0.01447	0.13832	0.01560	0.02002	0.01256	0.03562	0.10685	0.00332	0.05047	0.02650	0.00417	0.03132
2	0.08861	0.07876	0.17938	0.01570	0.04037	0.04892	0.11204	0.01875	0.04731	0.02142	0.10336	0.04484	0.07814	0.00863	0.00725	0.00205	0.04740	0.00720	0.00419	0.04567
3	0.05221	0.06116	0.04810	0.03296	0.01625	0.01061	0.07777	0.03213	0.04020	0.02137	0.13099	0.15382	0.09845	0.01209	0.00713	0.00216	0.00561	0.09531	0.00522	0.09646
4	0.04255	0.23265	0.09096	0.01477	0.04539	0.18923	0.01265	0.09288	0.06824	0.08351	0.01438	0.03812	0.01181	0.02792	0.00646	0.00193	0.00806	0.00535	0.00427	0.00887
5	0.01402	0.22077	0.35034	0.01450	0.02123	0.03582	0.01634	0.01866	0.01375	0.01887	0.01466	0.10337	0.01358	0.00803	0.00592	0.00188	0.00778	0.02693	0.00341	0.09014
6	0.01487	0.02304	0.31961	0.10127	0.11219	0.01671	0.07769	0.07431	0.01473	0.02121	0.01171	0.01516	0.00906	0.00732	0.00940	0.00224	0.15155	0.00559	0.00322	0.00912
7	0.01687	0.58435	0.18840	0.01311	0.01957	0.04813	0.01420	0.02019	0.01367	0.01669	0.00977	0.01134	0.00843	0.00581	0.00473	0.00157	0.00780	0.00384	0.00283	0.00870
8	0.01334	0.01072	0.04729	0.05971	0.07283	0.01001	0.01034	0.07228	0.07619	0.07837	0.11551	0.28147	0.05178	0.01367	0.00755	0.00235	0.00532	0.05774	0.00591	0.00762
9	0.01017	0.00827	0.01148	0.05174	0.01365	0.00939	0.00861	0.01226	0.01135	0.01590	0.02276	0.02999	0.10930	0.10285	0.41588	0.00721	0.09349	0.00780	0.00383	0.05409
10	0.01410	0.01203	0.01280	0.01180	0.01502	0.01338	0.00919	0.02795	0.51353	0.02519	0.06519	0.03570	0.16043	0.01110	0.00708	0.00226	0.00480	0.04280	0.00658	0.00907
11	0.01526	0.01684	0.03539	0.11162	0.10906	0.01631	0.55327	0.02051	0.01521	0.02065	0.01304	0.01758	0.00990	0.00570	0.00750	0.00219	0.01049	0.00735	0.00328	0.00886
12	0.01862	0.09168	0.02398	0.14915	0.20800	0.15109	0.06922	0.14349	0.01811	0.02262	0.01294	0.01698	0.01056	0.00686	0.00639	0.00195	0.00875	0.02667	0.00387	0.00907
13	0.00904	0.00646	0.00881	0.01033	0.01116	0.00622	0.00788	0.01092	0.01361	0.01794	0.03572	0.49323	0.04132	0.01967	0.00867	0.00281	0.00470	0.27980	0.00609	0.00563
14	0.02954	0.01120	0.01528	0.01171	0.01681	0.00968	0.00968	0.03208	0.01884	0.73213	0.02597	0.02241	0.01630	0.00815	0.00662	0.00204	0.00560	0.00662	0.00815	0.01120
15	0.02503	0.01844	0.01976	0.01515	0.02042	0.02042	0.01251	0.70562	0.03095	0.04149	0.01581	0.01581	0.01120	0.00790	0.00659	0.00198	0.00724	0.00593	0.00659	0.01120
16	0.01760	0.77260	0.03450	0.01126	0.01690	0.02605	0.01126	0.01971	0.01338	0.01549	0.00915	0.01056	0.00845	0.00563	0.00422	0.00141	0.00704	0.00352	0.00282	0.00845
17	0.00824	0.00582	0.00757	0.00889	0.00922	0.00549	0.00581	0.00922	0.01218	0.01624	0.03411	0.66322	0.04079	0.12550	0.01192	0.00319	0.00418	0.01743	0.00581	0.00516
18	0.00805	0.00650	0.00716	0.00737	0.00915	0.00561	0.00539	0.00983	0.01509	0.01887	0.15774	0.19210	0.50022	0.01694	0.00789	0.00228	0.00339	0.01450	0.00628	0.00561
19	0.02015	0.58178	0.02996	0.01188	0.01722	0.09243	0.01116	0.02229	0.01474	0.12798	0.01189	0.01255	0.00968	0.00614	0.00476	0.00153	0.00728	0.00408	0.00371	0.00880
20	0.02029	0.01585	0.01684	0.01381	0.01824	0.01769	0.01112	0.38679	0.30175	0.03416	0.02400	0.02286	0.06848	0.00897	0.00672	0.00210	0.00614	0.00713	0.00659	0.01046
21	0.00881	0.00629	0.00854	0.01007	0.01079	0.00603	0.00748	0.01053	0.01338	0.01769	0.03585	0.55437	0.04182	0.01988	0.00861	0.00278	0.00450	0.22092	0.00610	0.00556
22	0.00877	0.00613	0.00792	0.00906	0.00990	0.00564	0.00632	0.01017	0.01337	0.03763	0.05690	0.59941	0.12944	0.01946	0.00829	0.00260	0.00391	0.05328	0.00619	0.00560
23	0.05215	0.01290	0.01613	0.01240	0.01751	0.01228	0.01025	0.18545	0.02138	0.55333	0.02315	0.02055	0.01486	0.00803	0.00654	0.00202	0.00596	0.00637	0.00767	0.01108
24	0.76868	0.01264	0.01001	0.00884	0.01297	0.01447	0.00728	0.02010	0.01166	0.07109	0.01016	0.01139	0.00767	0.00623	0.00422	0.00204	0.00512	0.00375	0.00431	0.00737
25	0.06069	0.00940	0.00986	0.00871	0.01143	0.00986	0.00684	0.11196	0.08402	0.09353	0.02096	0.02240	0.01582	0.00778	0.00523	0.00174	0.00419	0.00614	0.50169	0.00776
26	0.01365	0.01170	0.01365	0.00975	0.01560	0.00878	0.00780	0.01658	0.01365	0.02145	0.01170	0.01365	0.00975	0.00488	0.00488	0.00098	0.00488	0.00390	0.00390	0.80888
27	0.10958	0.01136	0.01471	0.01140	0.01639	0.01019	0.00942	0.03079	0.01806	0.66055	0.02426	0.02121	0.01536	0.00794	0.00636	0.00204	0.00555	0.00631	0.00773	0.01079
28	0.02874	0.01248	0.01607	0.01232	0.01744	0.01158	0.01018	0.15131	0.02099	0.60988	0.02417	0.02124	0.01539	0.00810	0.00661	0.00203	0.00589	0.00650	0.00787	0.01120
29	0.00810	0.00579	0.00771	0.00912	0.00957	0.00540	0.00612	0.00936	0.01295	0.01736	0.07624	0.72279	0.04462	0.02021	0.00837	0.00264	0.00378	0.01832	0.00618	0.00540
30	0.00934	0.00634	0.00720	0.00733	0.00748	0.00625	0.00423	0.00953	0.01012	0.01338	0.02445	0.10904	0.06087	0.66356	0.02996	0.00584	0.00600	0.01061	0.00429	0.00419
31	0.02867	0.01123	0.01519	0.01161	0.01674	0.00963	0.00957	0.03123	0.01856	0.69326	0.02519	0.02193	0.01594	0.00797	0.00652	0.00198	0.00556	0.00647	0.00792	0.05484
32	0.30176	0.01604	0.01598	0.01268	0.01753	0.01784	0.01047	0.42799	0.02337	0.07575	0.01405	0.01438	0.01006	0.00729	0.00571	0.00200	0.00640	0.00514	0.00579	0.00977
33	0.04728	0.01443	0.01512	0.01284	0.01679	0.01628	0.01021	0.24838	0.37725	0.03172	0.02192	0.02123	0.01633	0.00833	0.00629	0.00205	0.00558	0.00664	0.11132	0.00999
34	0.09330	0.01517	0.02533	0.01922	0.02394	0.05444	0.36340	0.06006	0.01576	0.02185	0.02353	0.08140	0.13303	0.00902	0.00767	0.00221	0.02961	0.00886	0.00428	0.00790
35	0.00957	0.00638	0.00718	0.00718	0.00718	0.00638	0.00399	0.00957	0.00957	0.01276	0.02074	0.04308	0.02393	0.76864	0.03351	0.00638	0.00638	0.00957	0.00399	0.00399
36	0.00839	0.00599	0.00806	0.00959	0.01013	0.00567	0.00675	0.00981	0.01297	0.01722	0.03608	0.66570	0.04273	0.02028	0.00850	0.00272	0.00414	0.11371	0.00610	0.00545
37	0.01307	0.01244	0.02130	0.63111	0.14067	0.01483	0.03918	0.01742	0.01349	0.01761	0.01185	0.01738	0.00904	0.00645	0.00661	0.00216	0.00871	0.00591	0.00298	0.00780
38	0.01760	0.77260	0.03450	0.01126	0.01690	0.02605	0.01126	0.01971	0.01338	0.01549	0.00915	0.01056	0.00845	0.00563	0.00422	0.00141	0.00704	0.00352	0.00282	0.00845
39	0.01505	0.13660	0.56063	0.01742	0.02601	0.05360	0.02125	0.05908	0.01501	0.02101	0.01158	0.01344	0.00852	0.00629	0.00597	0.00196	0.00932	0.00470	0.00303	0.00953
40	0.01636	0.01758	0.02022	0.05237	0.05870	0.15717	0.01458	0.01812	0.01213	0.01625	0.00928	0.01417	0.00872	0.01008	0.01709	0.00257	0.53865	0.00548	0.00300	0.00747
41	0.77827	0.01281	0.01016	0.00905	0.01294	0.01502	0.00746	0.01919	0.01115	0.02891	0.00914	0.01087	0.00720	0.00636	0.00488	0.00208	0.03969	0.00367	0.00402	0.00713
42	0.01389	0.01391	0.01920	0.07359	0.13254	0.09565	0.10738	0.01709	0.01586	0.02111	0.24651	0.02891	0.06248	0.00978	0.00918	0.00216	0.11023	0.00830	0.00465	0.00760
43	0.01340	0.01247	0.01981	0.57275	0.11454	0.01498	0.01739	0.01973	0.11186	0.01883	0.01389	0.01840	0.01054	0.00683	0.00659	0.00217	0.00817	0.00608	0.00349	0.00808
44	0.01243	0.01170	0.01975	0.75282	0.04534	0.01463	0.01828	0.01682	0.01316	0.01682	0.01170	0.01755	0.00878	0.00658	0.00658	0.00219	0.00878	0.00585	0.00293	0.00731
45	0.02954	0.01120	0.01528	0.01171	0.01681	0.00968	0.00968	0.03208	0.01884	0.73213	0.02597	0.02241	0.01630	0.00815	0.00662	0.00204	0.00560	0.00662	0.00815	0.01120
46	0.01473	0.01234	0.01423	0.01026	0.01606	0.00988	0.00825	0.08210	0.01530	0.02336	0.01209	0.01386	0.00989	0.00516	0.00504	0.00107	0.00510	0.00409	0.00416	0.73303
47	0.00843	0.00623	0.00798	0.00922	0.01015	0.00578	0.00669	0.01001	0.01351	0.01750	0.04179	0.51000	0.17153	0.01945	0.00841	0.00265	0.00412	0.13494	0.00610	0.00551
48	0.00806	0.00576	0.00767	0.00914	0.00956	0.00537	0.00611	0.00926	0.01278	0.01709	0.05691	0.74290	0.04410	0.02041	0.00838	0.00266	0.00380	0.01851	0.00615	0.00537
49	0.00802	0.00573	0.00764	0.00917	0.00955	0.00535	0.00611	0.00917	0.01260	0.01681	0.03628	0.76434	0.04354	0.02062	0.00840	0.00267	0.00382	0.01872	0.00611	0.00535
50	0.02679	0.01166	0.01514	0.01186	0.01679	0.01062	0.00969	0.03173	0.12181	0.59206	0.02538	0.02229	0.01653	0.00810	0.00654	0.00201	0.00551	0.00661	0.00772	0.05116
51	0.01101	0.00829	0.01194	0.01453	0.08061	0.00824	0.01125	0.01406	0.01513	0.01978	0.03423	0.06829	0.06741	0.01696	0.00879	0.00289	0.00610	0.58823	0.00580	0.00645
52	0.00815	0.00583	0.00776	0.00908	0.00958	0.00544	0.00612	0.00950	0.01322	0.01779	0.10671	0.69112	0.04544	0.01989	0.00834	0.00261	0.00375	0.01802	0.00623	0.00544
53	0.32400	0.18795	0.03927	0.01180	0.01648	0.07216	0.01031	0.18328	0.01700	0.02725	0.01132	0.01282	0.00900	0.00866	0.04201	0.00229	0.00731	0.00438	0.00427	0.00845
54	0.00905	0.00672	0.00842	0.00800	0.00967	0.00610	0.00600	0.01190	0.01799	0.02488	0.60776	0.05169	0.17940	0.01403	0.00777	0.00210	0.00315	0.01226	0.00705	0.00610
55	0.01543	0.01445	0.04173	0.40854	0.22712	0.01581	0.01791	0.11689	0.03819	0.02208	0.01295	0.01707	0.00992	0.00664	0.00656	0.00210	0.00821	0.00589	0.00365	0.00889
56	0.00910	0.00667	0.00853	0.00817	0.00973	0.00610	0.00609	0.01197	0.01797	0.02506	0.62448	0.08651	0.12678	0.01414	0.00780	0.00212	0.00316	0.01244	0.00708	0.00610
57	0.01754	0.02041	0.19628	0.05007	0.23130	0.01673	0.03749	0.21647	0.05259	0.02685	0.01462	0.04154	0.01161	0.00737	0.00702	0.00207	0.02946	0.00620	0.00433	0.01005
58	0.01438	0.01168	0.01407	0.05121	0.01732	0.00915	0.00848	0.01737	0.01388	0.05685	0.01242	0.01431	0.01002	0.00513	0.00506	0.00110	0.00513	0.00415	0.00406	0.72425
59	0.01014	0.00748	0.00919	0.00941	0.01086	0.00727	0.00688	0.08111	0.01610	0.02150	0.17803	0.39008	0.14100	0.01804	0.02953	0.00266	0.00445	0.04377	0.00631	0.00620
60	0.01801	0.07620	0.06190	0.01766	0.10399	0.10306	0.06723	0.07605	0.14578	0.07833	0.01623	0.01769	0.01258	0.01018	0.06440	0.00253	0.00833	0.00578	0.00459	0.10949
61	0.10499	0.08760	0.03934	0.01283	0.01682	0.27508	0.01035	0.06136	0.05145	0.04597	0.01753	0.03994	0.06622	0.04608	0.00717	0.00200	0.00787	0.00585	0.00429	0.09725
62	0.04021	0.07243	0.03172	0.03473	0.01781	0.14262	0.03044	0.15740	0.01806	0.04559	0.02282	0.06411	0.13091	0.00946	0.00748	0.00194	0.06294	0.00724	0.00476	0.09731
63	0.07870	0.11753	0.10934	0.01428	0.01917	0.20599	0.01273	0.17102	0.06701	0.05714	0.03288	0.01689	0.03228	0.00863	0.02685	0.00212	0.00844	0.00542	0.00461	0.00895
64	0.04140	0.07667	0.06049	0.01578	0.05268	0.15395	0.05059	0.08036	0.12648	0.08332	0.01946	0.04619	0.03914	0.00885	0.00715	0.00206	0.04003	0.05671	0.00489	0.03381
65	0.01534	0.01154	0.01266	0.01142	0.01406	0.03630	0.00872	0.21030	0.07442	0.05012	0.02732	0.21542	0.07591	0.09383	0.05277	0.00317	0.00642	0.04637	0.00584	0.02806
66	0.01381	0.15003	0.07162	0.10467	0.01873	0.06028	0.01122	0.05772	0.01460	0.04276	0.02291	0.30350	0.04479	0.01245	0.00748	0.00221	0.03885	0.01046	0.00465	0.00728
67	0.05854	0.11056	0.03788	0.01260	0.01692	0.13801	0.01043	0.20494	0.05338	0.02530	0.04068	0.05235	0.06806	0.03433	0.00697	0.00195	0.00696	0.00649	0.00489	0.10875
68	0.05803	0.11033	0.07759	0.05772	0.08315	0.10845	0.01183	0.07671	0.01586	0.07410	0.02156	0.14932	0.07269	0.04491	0.00769	0.00224	0.00700	0.00824	0.00461	0.00797
69	0.10443	0.08297	0.11351	0.04057	0.01979	0.08133	0.07982	0.07385	0.12258	0.02322	0.05663	0.02552	0.11423	0.00882	0.00642	0.00206	0.00709	0.02412	0.00470	0.00834
70	0.11178	0.07826	0.04014	0.16516	0.10590	0.12011	0.05343	0.01860	0.01388	0.01914	0.01533	0.01889	0.06372	0.03128	0.00827	0.00214	0.07663	0.00586	0.00350	0.04797
71	0.10338	0.07425	0.07551	0.11803	0.03953	0.01554	0.04755	0.12595	0.04878	0.04428	0.06466	0.02324	0.03699	0.00869	0.00774	0.00214	0.07375	0.05356	0.00459	0.03184
72	0.01885	0.11097	0.09907	0.13979	0.02392	0.12407	0.01414	0.14301	0.06079	0.07890	0.03509	0.01657	0.01198	0.00749	0.00729	0.00198	0.06430	0.00551	0.00441	0.03189
73	0.03811	0.11997	0.04316	0.07885	0.02126	0.13075	0.05767	0.18299	0.06001	0.02415	0.05048	0.07553	0.01536	0.00867	0.00750	0.00204	0.06360	0.00674	0.00459	0.00858

[dist]
# distance from previous block
# <min> <max>
6	110

[block]
# block no. 7 follows, 33 sequences, length 50
# corresponding to MSA columns:
# 566-615
name=unknown_H
#
# <colnr> <probs for GDERKNQSTAVLIFYWHMCP>
#	G	D	E	R	K	N	Q	S	T	A	V	L	I	F	Y	W	H	M	C	P
0	0.01517	0.01411	0.08273	0.04964	0.07035	0.03452	0.01214	0.08531	0.04225	0.08247	0.05567	0.04951	0.11993	0.03146	0.00959	0.00233	0.10181	0.07416	0.00502	0.06185
1	0.05573	0.11263	0.13618	0.01472	0.04510	0.16714	0.01282	0.01822	0.01390	0.01810	0.06844	0.03946	0.01528	0.03704	0.10184	0.03795	0.08844	0.00603	0.00359	0.00741
2	0.13664	0.07863	0.10907	0.07889	0.12795	0.10706	0.06143	0.07071	0.01543	0.05403	0.01186	0.01437	0.00928	0.00674	0.00708	0.00199	0.06587	0.00511	0.00373	0.03412
3	0.01473	0.14974	0.15326	0.09226	0.09776	0.04783	0.18733	0.01876	0.01380	0.01820	0.01307	0.01928	0.01143	0.12290	0.01051	0.00264	0.00890	0.00625	0.00320	0.00816
4	0.21346	0.03523	0.01541	0.08421	0.03728	0.22306	0.01096	0.04711	0.04891	0.02133	0.01371	0.07222	0.01226	0.01113	0.06239	0.00264	0.04102	0.00586	0.00400	0.03781
5	0.06104	0.16467	0.09071	0.01564	0.07257	0.10155	0.01285	0.11249	0.06392	0.02185	0.01383	0.03664	0.01180	0.01310	0.10632	0.00308	0.05824	0.00557	0.00398	0.03017
6	0.05015	0.06527	0.02048	0.03759	0.14823	0.26826	0.01386	0.07345	0.01596	0.01949	0.01168	0.03469	0.01034	0.00979	0.04130	0.00243	0.15979	0.00546	0.00357	0.00821
7	0.03786	0.01308	0.01670	0.04715	0.06698	0.01405	0.06402	0.12712	0.26809	0.06404	0.02615	0.13626	0.06879	0.01040	0.00701	0.00222	0.00598	0.00907	0.00590	0.00913
8	0.01044	0.00858	0.01272	0.06939	0.15239	0.00863	0.01019	0.01273	0.01349	0.01807	0.04951	0.28755	0.10928	0.05393	0.07822	0.00339	0.00654	0.08337	0.00501	0.00659
9	0.00953	0.00657	0.00815	0.00815	0.00848	0.00691	0.00519	0.01019	0.00986	0.01348	0.01986	0.03819	0.02181	0.56447	0.23477	0.00757	0.00958	0.00886	0.00386	0.00453
10	0.01496	0.02025	0.21410	0.11241	0.37330	0.04660	0.01973	0.02008	0.03199	0.02069	0.03170	0.03934	0.01219	0.00681	0.00652	0.00204	0.00831	0.00611	0.00337	0.00950
11	0.00802	0.00604	0.00743	0.00844	0.00938	0.00545	0.00581	0.00940	0.01355	0.01753	0.07722	0.53726	0.23225	0.01920	0.00820	0.00252	0.00365	0.01706	0.00617	0.00545
12	0.01636	0.04286	0.23747	0.01851	0.06114	0.04911	0.05732	0.13169	0.06362	0.02298	0.01364	0.04457	0.01127	0.00848	0.01017	0.00226	0.18941	0.00613	0.00391	0.00909
13	0.00826	0.00594	0.00759	0.00881	0.00934	0.00555	0.00591	0.00937	0.01254	0.01651	0.03706	0.60059	0.09941	0.10615	0.01125	0.00307	0.00414	0.03740	0.00587	0.00523
14	0.01320	0.03405	0.73453	0.01876	0.02849	0.01529	0.02432	0.02085	0.01390	0.02085	0.01181	0.01390	0.00834	0.00625	0.00625	0.00208	0.00973	0.00486	0.00278	0.00973
15	0.00940	0.00705	0.01058	0.01058	0.01176	0.00823	0.00823	0.01176	0.01058	0.01528	0.01763	0.02586	0.01646	0.04937	0.74255	0.01058	0.01763	0.00705	0.00353	0.00588
16	0.81514	0.01273	0.00968	0.00866	0.01273	0.01477	0.00713	0.01935	0.01120	0.02954	0.00917	0.01069	0.00713	0.00611	0.00407	0.00204	0.00509	0.00356	0.00407	0.00713
17	0.00840	0.00667	0.00755	0.00739	0.00929	0.00581	0.00552	0.01064	0.01640	0.02122	0.32989	0.07726	0.43964	0.01549	0.00779	0.00217	0.00326	0.01323	0.00657	0.00581
18	0.66848	0.15246	0.01424	0.00914	0.01350	0.01684	0.00789	0.01942	0.01160	0.02695	0.00916	0.01067	0.00737	0.00602	0.00410	0.00192	0.00545	0.00356	0.00384	0.00737
19	0.01495	0.16517	0.39977	0.01781	0.07688	0.01712	0.01869	0.07520	0.01490	0.02103	0.01208	0.01458	0.00944	0.00980	0.06538	0.00261	0.02736	0.00495	0.00322	0.02905
20	0.02118	0.05539	0.01781	0.04739	0.01956	0.49507	0.01183	0.06720	0.04383	0.01788	0.01254	0.01611	0.01083	0.06217	0.07086	0.00282	0.01111	0.00511	0.00373	0.00759
21	0.01326	0.01303	0.01967	0.70293	0.04365	0.06395	0.01791	0.01746	0.01354	0.01677	0.01160	0.01717	0.00876	0.00660	0.00654	0.00216	0.00899	0.00574	0.00296	0.00733
22	0.01084	0.00836	0.01213	0.01174	0.01336	0.00842	0.06419	0.07096	0.01456	0.01959	0.05064	0.35648	0.03269	0.06399	0.11606	0.00397	0.00719	0.12310	0.00546	0.00628
23	0.01573	0.01507	0.02571	0.14362	0.62874	0.01549	0.01993	0.01971	0.01473	0.02083	0.01228	0.01648	0.01019	0.00597	0.00653	0.00199	0.00796	0.00586	0.00321	0.00998
24	0.01144	0.00572	0.00858	0.00858	0.00858	0.00572	0.00572	0.00858	0.00858	0.01144	0.01144	0.02001	0.01144	0.02287	0.02573	0.80846	0.00572	0.00572	0.00286	0.00286
25	0.02045	0.01655	0.05813	0.01603	0.07908	0.01683	0.01247	0.40518	0.09062	0.05325	0.04945	0.02050	0.03972	0.00835	0.00684	0.00201	0.02243	0.00658	0.06545	0.01010
26	0.01018	0.00708	0.00815	0.00766	0.00990	0.00614	0.00582	0.01242	0.01660	0.08190	0.29225	0.05491	0.43336	0.01482	0.00768	0.00215	0.00345	0.01258	0.00668	0.00627
27	0.00924	0.00721	0.00803	0.00796	0.00994	0.00671	0.00602	0.01265	0.06944	0.02077	0.19611	0.09630	0.39513	0.01597	0.02766	0.00243	0.00394	0.03786	0.06050	0.00613
28	0.01512	0.01444	0.02460	0.25734	0.51983	0.01533	0.01962	0.01917	0.01443	0.02008	0.01218	0.01668	0.00992	0.00608	0.00654	0.00203	0.00811	0.00586	0.00316	0.00948
29	0.02373	0.01921	0.01893	0.01509	0.01993	0.09759	0.01223	0.53528	0.12883	0.03673	0.01679	0.01665	0.01219	0.00793	0.00653	0.00198	0.00745	0.00596	0.00626	0.01070
30	0.00940	0.00705	0.01058	0.01058	0.01176	0.00823	0.00823	0.01176	0.01058	0.01528	0.01763	0.02586	0.01646	0.04937	0.74255	0.01058	0.01763	0.00705	0.00353	0.00588
31	0.16895	0.01579	0.02360	0.03295	0.53715	0.04437	0.04305	0.02032	0.01443	0.02281	0.01172	0.01511	0.00971	0.00594	0.00608	0.00197	0.00758	0.00543	0.00342	0.00963
32	0.01732	0.40663	0.26359	0.01452	0.02130	0.07721	0.01580	0.07928	0.01546	0.01953	0.01068	0.01221	0.00865	0.00612	0.00523	0.00170	0.00832	0.00423	0.00317	0.00904
33	0.00844	0.00636	0.00790	0.00886	0.01004	0.00582	0.00652	0.01016	0.01407	0.01811	0.08380	0.40520	0.24446	0.01866	0.00830	0.00256	0.00400	0.12499	0.00617	0.00557
34	0.02099	0.01633	0.09401	0.03165	0.07529	0.05595	0.06595	0.11789	0.07848	0.25690	0.05187	0.06974	0.01739	0.00856	0.00679	0.00209	0.00703	0.00733	0.00593	0.00984
35	0.02034	0.01815	0.02457	0.04838	0.08504	0.08377	0.19717	0.26905	0.10721	0.05529	0.01591	0.01740	0.01175	0.00708	0.00685	0.00206	0.00849	0.00647	0.00508	0.00995
36	0.00811	0.00577	0.00761	0.00906	0.00942	0.00540	0.00599	0.00919	0.01244	0.01658	0.03543	0.72461	0.04246	0.06183	0.00979	0.00288	0.00396	0.01821	0.00599	0.00527
37	0.01496	0.01534	0.02008	0.01727	0.01745	0.05994	0.01431	0.01642	0.01055	0.01586	0.00873	0.01426	0.00863	0.01126	0.02074	0.00282	0.71557	0.00568	0.00291	0.00723
38	0.12414	0.01746	0.01798	0.01687	0.07820	0.16128	0.01255	0.06796	0.06114	0.12426	0.01350	0.01549	0.01059	0.00849	0.01077	0.00223	0.23863	0.00543	0.00443	0.00861
39	0.01720	0.04675	0.02269	0.23027	0.31654	0.18422	0.01717	0.02130	0.04585	0.01899	0.01219	0.01576	0.00987	0.00640	0.00632	0.00195	0.00888	0.00546	0.00333	0.00884
40	0.00819	0.00588	0.00781	0.00929	0.00981	0.00551	0.00638	0.00948	0.01285	0.01703	0.03715	0.69536	0.06474	0.02033	0.00843	0.00268	0.00396	0.06361	0.00611	0.00540
41	0.01592	0.01533	0.02638	0.10627	0.64692	0.01557	0.03706	0.01991	0.01483	0.02106	0.01234	0.01645	0.01026	0.00592	0.00655	0.00198	0.00799	0.00591	0.00323	0.01010
42	0.00897	0.07174	0.01024	0.03798	0.01146	0.00752	0.00683	0.01042	0.01311	0.01687	0.03834	0.54769	0.15870	0.01810	0.00786	0.00247	0.00420	0.01607	0.00570	0.00573
43	0.00996	0.00770	0.00924	0.00909	0.01093	0.00752	0.00689	0.01474	0.11588	0.02323	0.36341	0.14088	0.17745	0.01468	0.00779	0.00227	0.00375	0.06129	0.00672	0.00656
44	0.02377	0.01534	0.01730	0.01351	0.01815	0.01632	0.01102	0.47234	0.02616	0.17852	0.06615	0.02088	0.01638	0.04269	0.02836	0.00243	0.00688	0.00666	0.00675	0.01040
45	0.00978	0.00683	0.00800	0.00779	0.00840	0.00663	0.00477	0.01029	0.01024	0.01401	0.02102	0.09793	0.02380	0.59383	0.07709	0.00590	0.00681	0.00966	0.00412	0.07309
46	0.01483	0.01654	0.03515	0.02558	0.03134	0.01587	0.60601	0.01978	0.01499	0.02043	0.01503	0.08145	0.01279	0.00717	0.00859	0.00229	0.05154	0.00860	0.00354	0.00848
47	0.01567	0.04739	0.05561	0.02880	0.13986	0.01682	0.55343	0.02089	0.01533	0.02093	0.01297	0.01715	0.00995	0.00562	0.00740	0.00214	0.01040	0.00723	0.00328	0.00912
48	0.08849	0.11530	0.01805	0.01402	0.01744	0.39935	0.01091	0.06687	0.04469	0.01975	0.04093	0.10529	0.01527	0.00868	0.00601	0.00186	0.00883	0.00638	0.00419	0.00770
49	0.02002	0.01346	0.01601	0.01524	0.07782	0.01446	0.01105	0.03291	0.46258	0.22232	0.02533	0.02326	0.01822	0.00845	0.00666	0.00215	0.00554	0.00708	0.00681	0.01064

[dist]
# distance from previous block
# <min> <max>
0	5

[block]
# block no. 8 follows, 33 sequences, length 19
# corresponding to MSA columns:
# 621-639
name=unknown_I
#
# <colnr> <probs for GDERKNQSTAVLIFYWHMCP>
#	G	D	E	R	K	N	Q	S	T	A	V	L	I	F	Y	W	H	M	C	P
0	0.00995	0.00851	0.01050	0.00929	0.01201	0.00786	0.05786	0.06894	0.01600	0.01980	0.05419	0.05272	0.55030	0.01795	0.07151	0.00293	0.00548	0.01218	0.00572	0.00631
1	0.08642	0.50534	0.12656	0.01231	0.01826	0.06616	0.01255	0.02002	0.01360	0.01791	0.00976	0.01133	0.00841	0.00578	0.00464	0.00154	0.00738	0.00378	0.00303	0.06520
2	0.01993	0.02232	0.02049	0.04939	0.02157	0.34645	0.08809	0.10740	0.01768	0.01994	0.01500	0.01740	0.05981	0.00841	0.00946	0.00208	0.15686	0.00589	0.00386	0.00797
3	0.07039	0.09220	0.07014	0.01581	0.01969	0.47257	0.01304	0.06120	0.01725	0.01857	0.01058	0.01265	0.00879	0.00831	0.02961	0.00209	0.06122	0.00446	0.00349	0.00793
4	0.08638	0.01398	0.02023	0.42894	0.13858	0.04567	0.04302	0.05736	0.06435	0.02091	0.01287	0.01692	0.00984	0.00664	0.00638	0.00212	0.00819	0.00577	0.00358	0.00827
5	0.01101	0.00855	0.01138	0.01197	0.06151	0.00953	0.00799	0.01403	0.07232	0.01684	0.06180	0.03180	0.02125	0.29579	0.25261	0.00640	0.06661	0.00809	0.02450	0.00604
6	0.06718	0.01565	0.02015	0.07585	0.05074	0.05517	0.06256	0.13826	0.06579	0.08483	0.01351	0.01627	0.01064	0.00879	0.01198	0.00235	0.28122	0.00593	0.00439	0.00874
7	0.01600	0.01598	0.04276	0.10511	0.32898	0.05983	0.07566	0.07652	0.01604	0.02192	0.06534	0.01886	0.01404	0.00902	0.03871	0.00244	0.07356	0.00640	0.00378	0.00906
8	0.00917	0.00669	0.00804	0.00870	0.00963	0.00642	0.00617	0.01085	0.03057	0.01653	0.03687	0.24653	0.17116	0.25719	0.01636	0.00382	0.00500	0.13964	0.00544	0.00522
9	0.01448	0.01336	0.01984	0.16565	0.07620	0.01594	0.07169	0.10333	0.01482	0.02037	0.01866	0.02245	0.09993	0.01192	0.05317	0.00285	0.25656	0.00707	0.00387	0.00783
10	0.00861	0.00647	0.00806	0.00919	0.01003	0.00619	0.00630	0.01112	0.06516	0.01772	0.03918	0.62636	0.12245	0.01929	0.00820	0.00259	0.00387	0.01731	0.00616	0.00575
11	0.01510	0.01256	0.01443	0.01044	0.01621	0.01025	0.00840	0.10405	0.01585	0.02400	0.01222	0.01392	0.00993	0.00526	0.00509	0.00110	0.00518	0.00416	0.00424	0.70762
12	0.01617	0.01506	0.02097	0.08380	0.11454	0.04286	0.05253	0.13105	0.01510	0.02117	0.01177	0.01637	0.01014	0.01292	0.08437	0.00322	0.33003	0.00599	0.00365	0.00828
13	0.01154	0.00791	0.00878	0.00819	0.00886	0.00816	0.00507	0.09794	0.01229	0.01641	0.02012	0.03962	0.02232	0.67206	0.03009	0.00582	0.00649	0.00911	0.00432	0.00490
14	0.01400	0.01201	0.01381	0.01021	0.01579	0.00974	0.00813	0.01891	0.10277	0.02222	0.01362	0.01504	0.01106	0.00539	0.00511	0.00113	0.00492	0.00435	0.00426	0.70752
15	0.01565	0.01417	0.02103	0.30040	0.20010	0.01664	0.01665	0.10669	0.08345	0.02197	0.01337	0.01721	0.01056	0.00757	0.00892	0.00222	0.12471	0.00600	0.00383	0.00884
16	0.01248	0.01007	0.02735	0.01466	0.13248	0.00991	0.00906	0.10035	0.01469	0.02008	0.08265	0.11633	0.04784	0.29111	0.07852	0.00440	0.00707	0.00956	0.00473	0.00667
17	0.04211	0.22249	0.02403	0.05980	0.18035	0.03688	0.01356	0.10762	0.07682	0.02235	0.01265	0.01476	0.01038	0.00672	0.00679	0.00181	0.06276	0.00505	0.00391	0.08917
18	0.01723	0.40027	0.10342	0.06812	0.09143	0.02119	0.01405	0.10732	0.05443	0.02071	0.01205	0.01395	0.00993	0.00778	0.03092	0.00203	0.00782	0.00471	0.00358	0.00907

[dist]
# distance from previous block
# <min> <max>
0	49

[block]
# block no. 9 follows, 33 sequences, length 24
# corresponding to MSA columns:
# 690-713
name=unknown_J
#
# <colnr> <probs for GDERKNQSTAVLIFYWHMCP>
#	G	D	E	R	K	N	Q	S	T	A	V	L	I	F	Y	W	H	M	C	P
0	0.03998	0.08486	0.08364	0.01493	0.01939	0.25171	0.03942	0.08924	0.09526	0.10035	0.03199	0.01904	0.05524	0.00799	0.00685	0.00195	0.03871	0.00593	0.00472	0.00880
1	0.02046	0.07850	0.04632	0.01403	0.01869	0.20572	0.01158	0.17948	0.14582	0.05828	0.03758	0.01692	0.01339	0.00732	0.00604	0.00178	0.00763	0.00547	0.00505	0.11993
2	0.01919	0.06706	0.06631	0.04825	0.01865	0.01464	0.01138	0.25541	0.06060	0.13652	0.06547	0.04265	0.09587	0.00946	0.00667	0.00202	0.00623	0.02870	0.00599	0.03891
3	0.01998	0.04788	0.06352	0.01343	0.01771	0.08113	0.01141	0.30945	0.03705	0.10126	0.06146	0.11231	0.04863	0.01025	0.00684	0.00209	0.00676	0.03363	0.00599	0.00923
4	0.04996	0.05412	0.09843	0.09287	0.05106	0.08629	0.01357	0.22688	0.08957	0.05544	0.01837	0.05952	0.03347	0.00862	0.00651	0.00207	0.00746	0.03152	0.00507	0.00922
5	0.01940	0.11363	0.01752	0.01286	0.01654	0.13325	0.01028	0.18166	0.10530	0.10354	0.05501	0.16178	0.02076	0.01030	0.00660	0.00203	0.00668	0.00835	0.00571	0.00880
6	0.01722	0.03564	0.04617	0.01331	0.01716	0.05132	0.05526	0.25718	0.04646	0.04238	0.04399	0.11344	0.06485	0.09361	0.01002	0.00252	0.01987	0.00846	0.00541	0.05574
7	0.02178	0.01734	0.05303	0.04494	0.02133	0.01806	0.04115	0.40799	0.19386	0.08300	0.01871	0.01844	0.01342	0.00794	0.00665	0.00207	0.00698	0.00636	0.00626	0.01069
8	0.01723	0.05023	0.01587	0.01224	0.01627	0.05303	0.00986	0.25119	0.07746	0.02746	0.05855	0.07280	0.09591	0.00970	0.00709	0.00190	0.03621	0.02148	0.00553	0.15999
9	0.04924	0.04575	0.06020	0.29528	0.02969	0.07998	0.05523	0.12228	0.04787	0.05610	0.01444	0.04721	0.01143	0.00733	0.00637	0.00202	0.00807	0.00613	0.00417	0.05120
10	0.05283	0.01736	0.07637	0.08743	0.02281	0.01704	0.04589	0.41500	0.02370	0.05499	0.01590	0.05819	0.01240	0.00798	0.00650	0.00199	0.00728	0.00643	0.00550	0.06440
11	0.02050	0.01562	0.01751	0.01394	0.01840	0.01693	0.03714	0.48520	0.08154	0.03474	0.02480	0.07449	0.10945	0.00994	0.00692	0.00209	0.00647	0.00806	0.00638	0.00989
12	0.01396	0.01166	0.01215	0.01156	0.01374	0.07797	0.00889	0.07299	0.13227	0.05073	0.06424	0.20868	0.11393	0.04440	0.00944	0.00255	0.04989	0.08779	0.00585	0.00732
13	0.01797	0.05680	0.12205	0.01775	0.02257	0.23010	0.16622	0.04096	0.05358	0.04841	0.04307	0.01980	0.05052	0.02937	0.00824	0.00215	0.05170	0.00643	0.00400	0.00834
