[name]
unknown

[dist]
# distance from previous block
# <min> <max>
8	46

[block]
# block no. 0 follows, 34 sequences, length 9
# corresponding to MSA columns:
# 52-60
name=unknown_A
#
# <colnr> <probs for GDERKNQSTAVLIFYWHMCP>
#	G	D	E	R	K	N	Q	S	T	A	V	L	I	F	Y	W	H	M	C	P
0	0.07130	0.11608	0.01980	0.12370	0.05889	0.03553	0.05045	0.10598	0.03723	0.06844	0.10400	0.05096	0.01772	0.00859	0.00811	0.00207	0.10173	0.00671	0.00454	0.00816
1	0.07367	0.01695	0.01745	0.15136	0.06978	0.16129	0.01277	0.15047	0.08094	0.04201	0.01441	0.04233	0.01190	0.03452	0.00837	0.00218	0.07177	0.00596	0.00437	0.02752
2	0.01665	0.10253	0.02659	0.03498	0.60682	0.06243	0.01838	0.02015	0.01476	0.02011	0.01166	0.01508	0.00989	0.00579	0.00611	0.00184	0.00784	0.00540	0.00316	0.00984
3	0.01368	0.01300	0.02206	0.47696	0.31337	0.01474	0.01868	0.01781	0.01362	0.01831	0.01175	0.01674	0.00925	0.00619	0.00644	0.00206	0.00825	0.00575	0.00300	0.00837
4	0.00894	0.00718	0.01027	0.09406	0.01443	0.00702	0.03888	0.01095	0.01362	0.01785	0.11259	0.39671	0.15939	0.04202	0.00870	0.00254	0.00463	0.03893	0.00557	0.00573
5	0.01452	0.01625	0.10493	0.25117	0.44775	0.01502	0.01973	0.01891	0.01406	0.01966	0.01189	0.01609	0.00952	0.00601	0.00639	0.00200	0.00817	0.00564	0.00305	0.00925
6	0.01052	0.00814	0.01044	0.09439	0.03933	0.00752	0.00773	0.01260	0.01377	0.04930	0.07601	0.18908	0.24647	0.07546	0.00918	0.00240	0.00469	0.01120	0.00520	0.12658
7	0.13992	0.07110	0.01875	0.01502	0.05692	0.15140	0.06252	0.12816	0.03882	0.19612	0.01766	0.01777	0.04338	0.00733	0.00596	0.00191	0.00732	0.00569	0.00519	0.00908
8	0.06710	0.01597	0.09979	0.06389	0.03645	0.05340	0.04129	0.11112	0.10272	0.07937	0.12716	0.02138	0.01906	0.00806	0.00709	0.00197	0.04590	0.00648	0.00504	0.08677

[dist]
# distance from previous block
# <min> <max>
0	1

[block]
# block no. 1 follows, 34 sequences, length 88
# corresponding to MSA columns:
# 62-149
name=unknown_B
#
# <colnr> <probs for GDERKNQSTAVLIFYWHMCP>
#	G	D	E	R	K	N	Q	S	T	A	V	L	I	F	Y	W	H	M	C	P
0	0.01350	0.03869	0.10333	0.02800	0.01604	0.01059	0.02980	0.06200	0.07347	0.07971	0.18211	0.03316	0.14603	0.01188	0.03962	0.00233	0.00588	0.02440	0.00547	0.09397
1	0.01734	0.40766	0.07113	0.09102	0.02259	0.14592	0.09003	0.02064	0.03011	0.01676	0.01046	0.01264	0.00878	0.00590	0.00524	0.00165	0.00841	0.00445	0.00303	0.02624
2	0.00934	0.00723	0.00980	0.00987	0.01116	0.00759	0.00737	0.01164	0.02922	0.01699	0.06592	0.28131	0.06515	0.02954	0.31317	0.00565	0.04154	0.01120	0.00474	0.06155
3	0.02131	0.23356	0.08855	0.01355	0.01903	0.03459	0.01245	0.28803	0.08037	0.12433	0.01545	0.01540	0.01133	0.00707	0.00578	0.00181	0.00699	0.00523	0.00522	0.00996
4	0.06108	0.23061	0.09172	0.07740	0.07309	0.01756	0.12400	0.08524	0.01519	0.02099	0.03250	0.06438	0.01264	0.00718	0.00623	0.00187	0.02447	0.00610	0.00369	0.04407
5	0.00937	0.00637	0.00757	0.00757	0.00775	0.00655	0.00457	0.00973	0.00955	0.01292	0.01988	0.03963	0.02234	0.65903	0.14520	0.00691	0.00800	0.00901	0.00384	0.00421
6	0.01681	0.01672	0.03031	0.07105	0.22784	0.05017	0.36041	0.04744	0.01575	0.06159	0.01327	0.01685	0.01015	0.00602	0.00733	0.00208	0.02680	0.00665	0.00361	0.00917
7	0.01643	0.08529	0.06904	0.01113	0.01685	0.06699	0.00975	0.01943	0.01438	0.10667	0.01284	0.01404	0.01003	0.00548	0.00511	0.00126	0.00594	0.00421	0.00412	0.52101
8	0.79734	0.01246	0.00964	0.00858	0.01260	0.01436	0.00706	0.01933	0.01120	0.04802	0.00944	0.01081	0.00724	0.00605	0.00407	0.00200	0.00501	0.00358	0.00411	0.00711
9	0.02547	0.01721	0.01737	0.01377	0.01850	0.12111	0.01117	0.35634	0.04030	0.26593	0.01838	0.01749	0.01258	0.00770	0.00634	0.00192	0.00709	0.00584	0.02514	0.01035
10	0.00786	0.00639	0.00696	0.00716	0.00895	0.00550	0.00524	0.00958	0.01475	0.01831	0.14036	0.18287	0.53025	0.01666	0.00774	0.00224	0.00333	0.01422	0.00613	0.00550
11	0.00854	0.00674	0.00772	0.00744	0.00935	0.00600	0.00559	0.01123	0.03280	0.02166	0.37723	0.05474	0.39834	0.01470	0.00760	0.00211	0.00321	0.01257	0.00654	0.00587
12	0.01629	0.01500	0.02406	0.14020	0.53199	0.01570	0.01840	0.08769	0.04658	0.02262	0.01300	0.01648	0.01048	0.00619	0.00642	0.00197	0.00765	0.00583	0.00362	0.00986
13	0.00809	0.00618	0.00748	0.00831	0.00952	0.00557	0.00601	0.00968	0.01381	0.01765	0.08701	0.40504	0.29473	0.01820	0.00805	0.00246	0.00373	0.07699	0.00606	0.00544
14	0.01402	0.01339	0.02246	0.38821	0.34996	0.01516	0.01854	0.01793	0.01352	0.01850	0.01159	0.01647	0.00933	0.00646	0.00740	0.00209	0.05767	0.00574	0.00301	0.00854
15	0.00827	0.00591	0.00793	0.00931	0.00989	0.00557	0.00656	0.00973	0.01303	0.01740	0.07627	0.63922	0.04311	0.01953	0.00830	0.00263	0.00398	0.10192	0.00606	0.00539
16	0.01416	0.01927	0.20851	0.02185	0.12434	0.01501	0.20382	0.02084	0.10809	0.02128	0.07432	0.01950	0.01500	0.00771	0.00859	0.02187	0.07649	0.00670	0.00383	0.00883
17	0.02347	0.10293	0.01981	0.01611	0.01965	0.67722	0.01235	0.02518	0.01781	0.01575	0.00989	0.01153	0.00832	0.00655	0.00566	0.00164	0.01119	0.00409	0.00327	0.00757
18	0.00939	0.00628	0.00712	0.00710	0.00716	0.00626	0.00401	0.00952	0.00979	0.01312	0.05184	0.04255	0.02515	0.73919	0.03176	0.00608	0.00612	0.00950	0.00406	0.00401
19	0.00931	0.00672	0.00887	0.00863	0.01015	0.00627	0.00667	0.01235	0.01784	0.02504	0.63698	0.05153	0.05781	0.01383	0.00779	0.00216	0.00343	0.10158	0.00696	0.00608
20	0.01607	0.01388	0.01461	0.01315	0.01680	0.01607	0.01023	0.03433	0.72094	0.02703	0.02630	0.02411	0.01972	0.00877	0.00657	0.00219	0.00511	0.00731	0.00657	0.01023
21	0.00923	0.00692	0.01038	0.01038	0.01154	0.00808	0.00808	0.01154	0.01038	0.01500	0.01731	0.02538	0.01615	0.04846	0.74732	0.01038	0.01731	0.00692	0.00346	0.00577
22	0.09187	0.01551	0.04189	0.03349	0.11881	0.03539	0.01236	0.20401	0.17268	0.17976	0.01855	0.01825	0.01327	0.00748	0.00624	0.00201	0.00647	0.00599	0.00584	0.01014
23	0.00811	0.00584	0.00769	0.00890	0.00947	0.00549	0.00609	0.00944	0.01278	0.01705	0.08001	0.62379	0.07285	0.04584	0.02926	0.00291	0.00421	0.03902	0.00593	0.00530
24	0.07236	0.01242	0.01402	0.01196	0.01590	0.01325	0.00950	0.05262	0.37996	0.23950	0.08663	0.02443	0.02113	0.00871	0.00647	0.00210	0.00510	0.00715	0.00687	0.00990
25	0.01313	0.06239	0.71195	0.01813	0.02752	0.01542	0.02337	0.02042	0.01362	0.02026	0.01149	0.01351	0.00819	0.00611	0.00606	0.00202	0.00945	0.00472	0.00273	0.00950
26	0.00938	0.00632	0.00734	0.00734	0.00744	0.00642	0.00428	0.00959	0.00948	0.01275	0.02009	0.04079	0.02284	0.70896	0.09596	0.00663	0.00724	0.00918	0.00388	0.00408
27	0.01730	0.14116	0.06212	0.01516	0.01878	0.19095	0.09604	0.02082	0.05330	0.04935	0.04057	0.01745	0.01279	0.03741	0.00935	0.00211	0.12952	0.00567	0.07236	0.00780
28	0.00851	0.00605	0.00811	0.00952	0.01012	0.00578	0.00684	0.00998	0.01275	0.01689	0.03444	0.57585	0.04043	0.06238	0.00979	0.00291	0.00437	0.16408	0.00587	0.00533
29	0.02309	0.01685	0.01800	0.01401	0.01879	0.01863	0.01151	0.62031	0.05880	0.03866	0.01647	0.01664	0.01186	0.00778	0.00630	0.00191	0.00666	0.00590	0.07730	0.01052
30	0.01340	0.01148	0.01340	0.00957	0.01531	0.00861	0.00766	0.01627	0.01340	0.02105	0.01148	0.01340	0.00957	0.00479	0.00479	0.00096	0.00479	0.00383	0.00383	0.81242
31	0.02437	0.01756	0.01901	0.01463	0.01970	0.01934	0.01207	0.66810	0.02944	0.06725	0.01594	0.01600	0.01131	0.00873	0.02393	0.00214	0.00729	0.00587	0.00645	0.01087
32	0.00810	0.00575	0.00757	0.00894	0.00932	0.00542	0.00598	0.00920	0.01220	0.01625	0.03421	0.67787	0.04082	0.08660	0.01045	0.00296	0.00406	0.04332	0.00581	0.00516
33	0.02414	0.03079	0.01831	0.01665	0.01998	0.74698	0.01248	0.02580	0.01831	0.01581	0.00999	0.01165	0.00832	0.00666	0.00583	0.00166	0.01165	0.00416	0.00333	0.00749
34	0.01041	0.00744	0.01041	0.01190	0.01339	0.00744	0.01041	0.01339	0.01487	0.01934	0.03421	0.07288	0.03719	0.01785	0.00892	0.00297	0.00595	0.68913	0.00595	0.00595
35	0.00787	0.00651	0.00690	0.00689	0.00889	0.00554	0.00513	0.00969	0.01515	0.01867	0.16255	0.09149	0.60027	0.01607	0.00766	0.00218	0.00326	0.01356	0.00616	0.00554
36	0.00779	0.00655	0.00676	0.00671	0.00882	0.00552	0.00503	0.00957	0.01509	0.01831	0.13255	0.06078	0.66237	0.01605	0.00763	0.00217	0.00325	0.01344	0.00611	0.00552
37	0.81856	0.01250	0.00950	0.00850	0.01250	0.01449	0.00700	0.01899	0.01100	0.02899	0.00900	0.01050	0.00700	0.00600	0.00400	0.00200	0.00500	0.00350	0.00400	0.00700
38	0.01340	0.01148	0.01340	0.00957	0.01531	0.00861	0.00766	0.01627	0.01340	0.02105	0.01148	0.01340	0.00957	0.00479	0.00479	0.00096	0.00479	0.00383	0.00383	0.81242
39	0.02414	0.03079	0.01831	0.01665	0.01998	0.74698	0.01248	0.02580	0.01831	0.01581	0.00999	0.01165	0.00832	0.00666	0.00583	0.00166	0.01165	0.00416	0.00333	0.00749
40	0.81856	0.01250	0.00950	0.00850	0.01250	0.01449	0.00700	0.01899	0.01100	0.02899	0.00900	0.01050	0.00700	0.00600	0.00400	0.00200	0.00500	0.00350	0.00400	0.00700
41	0.02456	0.01810	0.01939	0.01487	0.02004	0.02004	0.01228	0.71107	0.03038	0.04072	0.01551	0.01551	0.01099	0.00776	0.00646	0.00194	0.00711	0.00582	0.00646	0.01099
42	0.81856	0.01250	0.00950	0.00850	0.01250	0.01449	0.00700	0.01899	0.01100	0.02899	0.00900	0.01050	0.00700	0.00600	0.00400	0.00200	0.00500	0.00350	0.00400	0.00700
43	0.01599	0.01535	0.02623	0.03966	0.73262	0.01535	0.01983	0.01983	0.01471	0.02111	0.01215	0.01599	0.01023	0.00576	0.00640	0.00192	0.00768	0.00576	0.00320	0.01023
44	0.02456	0.01810	0.01939	0.01487	0.02004	0.02004	0.01228	0.71107	0.03038	0.04072	0.01551	0.01551	0.01099	0.00776	0.00646	0.00194	0.00711	0.00582	0.00646	0.01099
45	0.01720	0.01444	0.01524	0.01338	0.01723	0.01660	0.01050	0.12396	0.62949	0.02884	0.02487	0.02297	0.01857	0.00863	0.00656	0.00216	0.00538	0.00711	0.00656	0.01033
46	0.00921	0.00628	0.00744	0.00750	0.00782	0.00619	0.00459	0.00988	0.01117	0.01517	0.13829	0.11185	0.03128	0.55662	0.04594	0.00534	0.00580	0.01056	0.00463	0.00445
47	0.00914	0.00660	0.00864	0.00813	0.00965	0.00610	0.00610	0.01219	0.01829	0.02591	0.72921	0.04827	0.06097	0.01321	0.00762	0.00203	0.00305	0.01169	0.00711	0.00610
48	0.01204	0.00602	0.00602	0.00602	0.00753	0.00602	0.00452	0.01506	0.01355	0.02409	0.02108	0.02409	0.01656	0.00753	0.00452	0.00151	0.00301	0.00602	0.80879	0.00602
49	0.12710	0.01118	0.01431	0.01112	0.01600	0.01012	0.00919	0.02994	0.01756	0.64910	0.02344	0.02056	0.01488	0.00775	0.00619	0.00200	0.00544	0.00613	0.00750	0.01050
50	0.00908	0.00656	0.00807	0.00791	0.00954	0.00589	0.00585	0.01144	0.01646	0.04133	0.42679	0.15583	0.24153	0.01496	0.00769	0.00216	0.00328	0.01305	0.00667	0.00593
51	0.08325	0.00659	0.00633	0.00624	0.00797	0.00677	0.00474	0.01540	0.01332	0.02452	0.02001	0.02289	0.01572	0.00739	0.00447	0.00155	0.00319	0.00580	0.73774	0.00611
52	0.00786	0.00566	0.00746	0.00891	0.00935	0.00526	0.00596	0.00901	0.01246	0.01653	0.03671	0.74267	0.06806	0.02010	0.00822	0.00261	0.00373	0.01819	0.00600	0.00526
53	0.81856	0.01250	0.00950	0.00850	0.01250	0.01449	0.00700	0.01899	0.01100	0.02899	0.00900	0.01050	0.00700	0.00600	0.00400	0.00200	0.00500	0.00350	0.00400	0.00700
54	0.00787	0.00562	0.00750	0.00900	0.00937	0.00525	0.00600	0.00900	0.01237	0.01649	0.03561	0.76871	0.04274	0.02024	0.00825	0.00262	0.00375	0.01837	0.00600	0.00525
55	0.04692	0.01125	0.01500	0.01153	0.01651	0.00993	0.00952	0.05196	0.01868	0.69963	0.02481	0.02153	0.01564	0.00794	0.00644	0.00200	0.00554	0.00641	0.00786	0.01090
56	0.74846	0.01299	0.01037	0.00906	0.01316	0.01498	0.00746	0.08010	0.01271	0.03003	0.00957	0.01094	0.00735	0.00615	0.00422	0.00199	0.00518	0.00370	0.00422	0.00735
57	0.01578	0.01513	0.02584	0.08034	0.69362	0.01530	0.01972	0.01964	0.01461	0.02085	0.01212	0.01606	0.01014	0.00580	0.00640	0.00193	0.00773	0.00576	0.00318	0.01006
58	0.01347	0.01147	0.01313	0.01027	0.01510	0.00988	0.00805	0.01941	0.16157	0.02190	0.01672	0.08233	0.01463	0.00698	0.00547	0.00136	0.00476	0.00584	0.00460	0.57306
59	0.01331	0.09825	0.65061	0.04500	0.02757	0.01591	0.02252	0.02022	0.01357	0.01985	0.01136	0.01348	0.00821	0.00610	0.00597	0.00199	0.00928	0.00469	0.00274	0.00935
60	0.00908	0.00675	0.00944	0.00947	0.01051	0.00749	0.00708	0.01093	0.01065	0.01485	0.02248	0.04880	0.08099	0.16195	0.54931	0.00881	0.01397	0.00818	0.00382	0.00543
61	0.00842	0.00703	0.00743	0.00757	0.00956	0.00636	0.00557	0.01144	0.07666	0.01813	0.05666	0.18529	0.54426	0.01639	0.00765	0.00226	0.00352	0.01392	0.00605	0.00584
62	0.75218	0.01273	0.01088	0.01107	0.07206	0.01457	0.00806	0.01906	0.01130	0.02834	0.00926	0.01095	0.00727	0.00598	0.00420	0.00199	0.00522	0.00369	0.00393	0.00727
63	0.01220	0.01148	0.01938	0.75739	0.04450	0.01436	0.01794	0.01651	0.01292	0.01651	0.01148	0.01723	0.00861	0.00646	0.00646	0.00215	0.00861	0.00574	0.00287	0.00718
64	0.09446	0.01501	0.01671	0.01326	0.01796	0.01599	0.01100	0.43027	0.02454	0.20060	0.01890	0.02159	0.01409	0.00854	0.00647	0.00205	0.00645	0.06536	0.00656	0.01020
65	0.01715	0.08283	0.02573	0.05806	0.54820	0.01686	0.01795	0.11462	0.01666	0.02313	0.01231	0.01547	0.01011	0.00604	0.00621	0.00188	0.00756	0.00556	0.00360	0.01006
66	0.01447	0.07198	0.02307	0.24921	0.36402	0.03979	0.03589	0.01809	0.01419	0.01876	0.01637	0.01990	0.07307	0.00691	0.00637	0.00197	0.00773	0.00627	0.00332	0.00861
67	0.01129	0.00752	0.00944	0.00865	0.01065	0.00703	0.00657	0.05277	0.01825	0.07944	0.52270	0.08996	0.12418	0.01327	0.00751	0.00208	0.00353	0.01157	0.00696	0.00663
68	0.01594	0.19416	0.39461	0.01527	0.02253	0.01717	0.01745	0.05971	0.09392	0.07147	0.03014	0.01555	0.01140	0.00667	0.00582	0.00190	0.00790	0.00510	0.00384	0.00945
69	0.01783	0.48377	0.11903	0.01415	0.02012	0.05475	0.07450	0.11177	0.01590	0.01976	0.01058	0.01214	0.00877	0.00594	0.00508	0.00162	0.00783	0.00433	0.00332	0.00881
70	0.00934	0.00650	0.00824	0.00824	0.00866	0.00691	0.00541	0.01016	0.00975	0.01341	0.01926	0.03622	0.02086	0.51307	0.28914	0.00774	0.01023	0.00851	0.00375	0.00458
71	0.00770	0.00655	0.00664	0.00661	0.00877	0.00548	0.00496	0.00940	0.01488	0.01782	0.09420	0.06158	0.70102	0.01623	0.00764	0.00218	0.00326	0.01355	0.00605	0.00548
72	0.01593	0.01554	0.02728	0.03856	0.67092	0.01544	0.08069	0.01991	0.01476	0.02107	0.01223	0.01612	0.01020	0.00573	0.00651	0.00194	0.00796	0.00592	0.00320	0.01010
73	0.02415	0.03038	0.01835	0.01659	0.01998	0.72325	0.01248	0.04818	0.01870	0.01663	0.01017	0.01178	0.00841	0.00669	0.00585	0.00167	0.01150	0.00422	0.00343	0.00760
74	0.79139	0.03841	0.01032	0.00858	0.01263	0.01487	0.00714	0.01901	0.01107	0.02852	0.00900	0.01049	0.00704	0.00598	0.00400	0.00198	0.00506	0.00350	0.00396	0.00704
75	0.01497	0.02264	0.34840	0.02002	0.11394	0.01439	0.10389	0.02286	0.12820	0.06252	0.01573	0.01736	0.01159	0.00664	0.00632	0.00203	0.00804	0.00585	0.06516	0.00946
76	0.01738	0.38662	0.16387	0.01316	0.01909	0.08065	0.01328	0.04432	0.07698	0.05103	0.01224	0.01324	0.00981	0.00615	0.00511	0.00162	0.00744	0.00435	0.00358	0.07009
77	0.01561	0.01644	0.12187	0.06987	0.07127	0.01484	0.08788	0.16707	0.13051	0.02528	0.07338	0.02341	0.03001	0.03512	0.04020	0.00262	0.03324	0.02772	0.00481	0.00886
78	0.35590	0.01428	0.01420	0.01143	0.01599	0.01563	0.00942	0.29285	0.01991	0.14993	0.01458	0.01471	0.01029	0.00706	0.00539	0.00196	0.00586	0.00497	0.02644	0.00920
79	0.01386	0.01285	0.04203	0.15843	0.16352	0.01312	0.04408	0.08044	0.13926	0.02301	0.11447	0.08695	0.06157	0.00938	0.00688	0.00212	0.00638	0.00835	0.00491	0.00840
80	0.00787	0.00655	0.00687	0.00679	0.00887	0.00555	0.00509	0.00972	0.01527	0.01875	0.16746	0.06004	0.62718	0.01588	0.00763	0.00216	0.00324	0.01334	0.00617	0.00555
81	0.01353	0.13127	0.64658	0.01745	0.02647	0.01640	0.02219	0.02032	0.01357	0.01977	0.01125	0.01321	0.00820	0.00606	0.00588	0.00196	0.00920	0.00460	0.00273	0.00938
82	0.00932	0.00780	0.00827	0.00799	0.01028	0.00738	0.00603	0.01403	0.13759	0.02030	0.15322	0.07358	0.49126	0.01470	0.00747	0.00217	0.00357	0.01239	0.00626	0.00637
83	0.01446	0.01218	0.01395	0.01240	0.01542	0.01365	0.04031	0.02773	0.51804	0.02370	0.04463	0.02772	0.04372	0.10468	0.01101	0.04859	0.00543	0.00781	0.00588	0.00868
84	0.00791	0.00565	0.00753	0.00897	0.00938	0.00527	0.00600	0.00909	0.01254	0.01676	0.05525	0.74831	0.04325	0.02004	0.00823	0.00261	0.00373	0.01818	0.00603	0.00527
85	0.01572	0.01399	0.02354	0.18684	0.52033	0.01450	0.01848	0.01955	0.01456	0.06066	0.01363	0.01881	0.01127	0.00650	0.00651	0.00201	0.00768	0.03242	0.00351	0.00947
86	0.09968	0.12275	0.01849	0.08664	0.04596	0.36428	0.01172	0.02076	0.01513	0.01730	0.01231	0.06305	0.01124	0.01097	0.07112	0.00255	0.00988	0.00539	0.00346	0.00732
87	0.07259	0.13635	0.06066	0.01343	0.01828	0.01867	0.01181	0.38050	0.05275	0.03102	0.05043	0.01640	0.01303	0.00848	0.02316	0.00207	0.04041	0.00554	0.00522	0.03918

[dist]
# distance from previous block
# <min> <max>
1	32

[block]
# block no. 2 follows, 34 sequences, length 12
# corresponding to MSA columns:
# 183-194
name=unknown_C
#
# <colnr> <probs for GDERKNQSTAVLIFYWHMCP>
#	G	D	E	R	K	N	Q	S	T	A	V	L	I	F	Y	W	H	M	C	P
0	0.05420	0.25122	0.24275	0.01708	0.07185	0.01771	0.09611	0.01932	0.03603	0.01888	0.01257	0.04132	0.01081	0.03099	0.03058	0.00229	0.02909	0.00550	0.00320	0.00850
1	0.01292	0.00950	0.01140	0.06294	0.01470	0.00998	0.00829	0.02034	0.23982	0.08158	0.21896	0.11492	0.10560	0.04950	0.00843	0.00238	0.00456	0.01025	0.00632	0.00762
2	0.01154	0.00839	0.00939	0.00876	0.01117	0.00813	0.00667	0.04980	0.12090	0.06707	0.18072	0.11170	0.32594	0.01371	0.00729	0.00215	0.00387	0.01164	0.03425	0.00691
3	0.01534	0.01513	0.01982	0.02555	0.35214	0.09441	0.01464	0.02034	0.11453	0.02031	0.04027	0.08730	0.05121	0.00894	0.00824	0.00211	0.08928	0.00749	0.00416	0.00878
4	0.00824	0.00655	0.00730	0.00712	0.00898	0.00572	0.00528	0.01030	0.01574	0.02020	0.29626	0.05641	0.46367	0.04915	0.00876	0.00231	0.00333	0.01276	0.00630	0.00561
5	0.07325	0.01445	0.01913	0.08357	0.27185	0.01589	0.01419	0.08184	0.30667	0.02533	0.01798	0.01901	0.01384	0.00724	0.00631	0.00206	0.00646	0.00624	0.00489	0.00981
6	0.01287	0.01190	0.01855	0.62807	0.03969	0.01465	0.01660	0.01961	0.13595	0.01834	0.01406	0.01842	0.01054	0.00686	0.00648	0.00216	0.00801	0.00601	0.00351	0.00771
7	0.01077	0.01103	0.05828	0.09908	0.01597	0.06065	0.00921	0.01427	0.04429	0.02083	0.29314	0.09889	0.19569	0.01254	0.00759	0.00213	0.02289	0.01065	0.00559	0.00653
8	0.00813	0.00625	0.00752	0.00840	0.00967	0.00564	0.00617	0.00972	0.01368	0.01728	0.04757	0.38359	0.32183	0.01833	0.00809	0.00249	0.00386	0.11034	0.00599	0.00543
9	0.01580	0.01546	0.08681	0.01487	0.04277	0.06647	0.03374	0.11101	0.15280	0.05438	0.06607	0.03126	0.04011	0.01228	0.04463	0.00267	0.06376	0.13143	0.00526	0.00842
10	0.01274	0.01187	0.01978	0.48627	0.21501	0.01362	0.01713	0.01663	0.01349	0.01782	0.01560	0.05314	0.03886	0.00768	0.00666	0.00215	0.00786	0.03260	0.00332	0.00776
11	0.07399	0.17037	0.12639	0.06629	0.02056	0.14142	0.01306	0.12261	0.03260	0.10029	0.01463	0.06411	0.01199	0.00755	0.00580	0.00187	0.00772	0.00569	0.00436	0.00871

[dist]
# distance from previous block
# <min> <max>
1	4

[block]
# block no. 3 follows, 34 sequences, length 20
# corresponding to MSA columns:
# 199-218
name=unknown_D
#
# <colnr> <probs for GDERKNQSTAVLIFYWHMCP>
#	G	D	E	R	K	N	Q	S	T	A	V	L	I	F	Y	W	H	M	C	P
0	0.08457	0.04874	0.02287	0.15445	0.45227	0.01530	0.01704	0.02044	0.04579	0.05896	0.01297	0.01616	0.01033	0.00614	0.00611	0.00196	0.00734	0.00557	0.00360	0.00939
1	0.02137	0.01589	0.01788	0.01391	0.01859	0.01723	0.04206	0.50719	0.07790	0.03572	0.01671	0.01722	0.01222	0.00755	0.00619	0.00186	0.00649	0.00594	0.10823	0.04984
2	0.01480	0.14999	0.32237	0.04976	0.08021	0.04633	0.01661	0.01988	0.03476	0.06520	0.06362	0.05801	0.03614	0.00776	0.00612	0.00195	0.00768	0.00628	0.00382	0.00873
3	0.00923	0.00692	0.01038	0.01038	0.01154	0.00808	0.00808	0.01154	0.01038	0.01500	0.01731	0.02538	0.01615	0.04846	0.74732	0.01038	0.01731	0.00692	0.00346	0.00577
4	0.01239	0.00887	0.01279	0.01334	0.08164	0.00912	0.04013	0.06747	0.01307	0.05311	0.02036	0.13592	0.02076	0.18872	0.19235	0.07418	0.00886	0.03624	0.00440	0.00627
5	0.00780	0.00642	0.00686	0.00702	0.00890	0.00548	0.00516	0.00948	0.01470	0.01804	0.11780	0.15885	0.57788	0.01663	0.00772	0.00223	0.00332	0.01413	0.00609	0.00548
6	0.02319	0.13398	0.02046	0.01587	0.01951	0.64720	0.01229	0.02491	0.01759	0.01573	0.00985	0.01147	0.00832	0.00650	0.00559	0.00163	0.01100	0.00406	0.00325	0.00760
7	0.28438	0.34561	0.04894	0.01195	0.01678	0.14188	0.03386	0.02040	0.01338	0.02026	0.00939	0.01098	0.00791	0.00589	0.00457	0.00169	0.00730	0.00378	0.00328	0.00779
8	0.02892	0.01538	0.12997	0.13715	0.13461	0.01316	0.05839	0.10138	0.04642	0.02295	0.09979	0.05716	0.06874	0.01000	0.03160	0.00235	0.00732	0.00759	0.01878	0.00831
9	0.03544	0.04261	0.15242	0.01463	0.01998	0.01370	0.10027	0.12017	0.05131	0.02400	0.07781	0.05959	0.01629	0.00774	0.00695	0.00184	0.04453	0.00652	0.00441	0.19979
10	0.01311	0.00836	0.01027	0.00917	0.01148	0.00817	0.00707	0.05283	0.08720	0.10725	0.48353	0.03917	0.04547	0.01142	0.00707	0.00199	0.00373	0.00988	0.07552	0.00730
11	0.04430	0.04218	0.05075	0.01406	0.01884	0.06603	0.01178	0.34848	0.24253	0.03181	0.01775	0.01744	0.01314	0.00767	0.00622	0.00194	0.00672	0.00589	0.00581	0.04665
12	0.01296	0.03342	0.73944	0.01842	0.02797	0.01501	0.02387	0.02046	0.01364	0.02046	0.01160	0.01364	0.00818	0.00614	0.00614	0.00205	0.00955	0.00477	0.00273	0.00955
13	0.01985	0.04612	0.05604	0.01822	0.05246	0.14841	0.15253	0.18407	0.12951	0.07071	0.01600	0.03069	0.01223	0.00735	0.00689	0.00200	0.02647	0.00625	0.00483	0.00939
14	0.01529	0.06265	0.01739	0.05272	0.01819	0.06222	0.09835	0.05509	0.13448	0.08753	0.18097	0.06229	0.05113	0.01170	0.04352	0.00248	0.00676	0.02369	0.00552	0.00803
15	0.00896	0.00665	0.00838	0.00809	0.00973	0.00607	0.00616	0.01175	0.01744	0.02399	0.56717	0.05230	0.17812	0.01406	0.00771	0.00212	0.00327	0.05522	0.00684	0.00597
16	0.01413	0.01345	0.02286	0.39251	0.39433	0.01486	0.01890	0.01820	0.01383	0.01885	0.01182	0.01660	0.00944	0.00610	0.00643	0.00203	0.00814	0.00575	0.00304	0.00873
17	0.02021	0.04879	0.05116	0.06183	0.09368	0.09763	0.09406	0.11086	0.06663	0.19441	0.01735	0.04814	0.01321	0.00821	0.00734	0.03823	0.00758	0.00645	0.00506	0.00919
18	0.00826	0.00600	0.00787	0.00893	0.00964	0.00573	0.00624	0.00968	0.01271	0.01690	0.07111	0.52956	0.10069	0.05904	0.07247	0.00342	0.00508	0.05562	0.00573	0.00533
19	0.00995	0.00682	0.00866	0.00807	0.00987	0.00618	0.00610	0.01276	0.01778	0.06134	0.59541	0.04895	0.15693	0.01340	0.00757	0.00205	0.00321	0.01170	0.00699	0.00625

[dist]
# distance from previous block
# <min> <max>
0	1

[block]
# block no. 4 follows, 34 sequences, length 152
# corresponding to MSA columns:
# 220-371
name=unknown_E
#
# <colnr> <probs for GDERKNQSTAVLIFYWHMCP>
#	G	D	E	R	K	N	Q	S	T	A	V	L	I	F	Y	W	H	M	C	P
0	0.03475	0.01506	0.01898	0.09689	0.07531	0.03598	0.05749	0.30306	0.06801	0.14220	0.01786	0.05624	0.01359	0.00800	0.00653	0.00202	0.00699	0.00669	0.02461	0.00974
1	0.09720	0.01485	0.06246	0.04253	0.19265	0.01415	0.16015	0.08448	0.04553	0.04194	0.05705	0.06500	0.01652	0.02659	0.00760	0.00222	0.02049	0.03561	0.00435	0.00863
2	0.00869	0.00651	0.00887	0.01052	0.03756	0.00648	0.00692	0.00991	0.01221	0.01644	0.03224	0.62449	0.03823	0.07527	0.01065	0.00289	0.04001	0.04108	0.00558	0.00545
3	0.02368	0.02969	0.01841	0.01661	0.01984	0.69424	0.01256	0.04307	0.01823	0.01645	0.01006	0.01187	0.00840	0.00690	0.00656	0.00173	0.04649	0.00427	0.00339	0.00756
4	0.00770	0.00655	0.00663	0.00661	0.00877	0.00548	0.00496	0.00940	0.01488	0.01781	0.09342	0.06160	0.70181	0.01623	0.00764	0.00218	0.00326	0.01355	0.00605	0.00548
5	0.01525	0.01743	0.03813	0.02723	0.03377	0.01634	0.70915	0.02070	0.01525	0.02070	0.01307	0.01743	0.00980	0.00545	0.00763	0.00218	0.01089	0.00763	0.00327	0.00871
6	0.00787	0.00562	0.00750	0.00900	0.00937	0.00525	0.00600	0.00900	0.01237	0.01649	0.03561	0.76871	0.04274	0.02024	0.00825	0.00262	0.00375	0.01837	0.00600	0.00525
7	0.01727	0.77681	0.03386	0.01106	0.01658	0.02557	0.01106	0.01935	0.01313	0.01520	0.00898	0.01036	0.00829	0.00553	0.00415	0.00138	0.00691	0.00345	0.00276	0.00829
8	0.02414	0.03079	0.01831	0.01665	0.01998	0.74698	0.01248	0.02580	0.01831	0.01581	0.00999	0.01165	0.00832	0.00666	0.00583	0.00166	0.01165	0.00416	0.00333	0.00749
9	0.00793	0.00566	0.00755	0.00896	0.00938	0.00528	0.00600	0.00913	0.01262	0.01689	0.06483	0.73835	0.04350	0.01995	0.00822	0.00260	0.00372	0.01809	0.00604	0.00528
10	0.01204	0.00602	0.00602	0.00602	0.00753	0.00602	0.00452	0.01506	0.01355	0.02409	0.02108	0.02409	0.01656	0.00753	0.00452	0.00151	0.00301	0.00602	0.80879	0.00602
11	0.01525	0.01743	0.03813	0.02723	0.03377	0.01634	0.70915	0.02070	0.01525	0.02070	0.01307	0.01743	0.00980	0.00545	0.00763	0.00218	0.01089	0.00763	0.00327	0.00871
12	0.00939	0.00631	0.00725	0.00725	0.00733	0.00638	0.00417	0.00953	0.00946	0.01268	0.02017	0.04124	0.02304	0.72799	0.07720	0.00652	0.00695	0.00924	0.00389	0.00403
13	0.00787	0.00562	0.00750	0.00900	0.00937	0.00525	0.00600	0.00900	0.01237	0.01649	0.03561	0.76871	0.04274	0.02024	0.00825	0.00262	0.00375	0.01837	0.00600	0.00525
14	0.02355	0.01717	0.01862	0.01420	0.01942	0.01849	0.01170	0.61558	0.02821	0.06238	0.01543	0.01551	0.01101	0.00746	0.00629	0.00184	0.00681	0.00563	0.00624	0.09446
15	0.01525	0.01743	0.03813	0.02723	0.03377	0.01634	0.70915	0.02070	0.01525	0.02070	0.01307	0.01743	0.00980	0.00545	0.00763	0.00218	0.01089	0.00763	0.00327	0.00871
16	0.01296	0.03342	0.73944	0.01842	0.02797	0.01501	0.02387	0.02046	0.01364	0.02046	0.01160	0.01364	0.00818	0.00614	0.00614	0.00205	0.00955	0.00477	0.00273	0.00955
17	0.01226	0.01156	0.01939	0.73659	0.04373	0.01451	0.01784	0.01648	0.01283	0.01648	0.01140	0.01714	0.00861	0.00660	0.00687	0.00217	0.02976	0.00574	0.00287	0.00717
18	0.00907	0.00654	0.00857	0.00818	0.00964	0.00604	0.00609	0.01200	0.01792	0.02533	0.68619	0.09295	0.05984	0.01365	0.00766	0.00207	0.00309	0.01210	0.00704	0.00604
19	0.01522	0.02749	0.51195	0.02031	0.07130	0.01463	0.12493	0.02165	0.01447	0.09770	0.01335	0.01525	0.00940	0.00621	0.00642	0.00205	0.00920	0.00545	0.00341	0.00962
20	0.01493	0.11635	0.52687	0.01878	0.07864	0.01679	0.02084	0.09464	0.01546	0.02208	0.01176	0.01364	0.00865	0.00621	0.00596	0.00195	0.00884	0.00481	0.00317	0.00961
21	0.00940	0.00626	0.00705	0.00705	0.00705	0.00626	0.00392	0.00940	0.00940	0.01253	0.02036	0.04228	0.02349	0.77292	0.03289	0.00626	0.00626	0.00940	0.00392	0.00392
22	0.02877	0.01135	0.01521	0.01166	0.01667	0.01002	0.00963	0.06495	0.01908	0.70281	0.02500	0.02167	0.01575	0.00799	0.00650	0.00200	0.00558	0.00646	0.00792	0.01100
23	0.10103	0.01232	0.01934	0.47931	0.17463	0.01420	0.01650	0.01855	0.01348	0.07280	0.01240	0.01662	0.00931	0.00639	0.00619	0.00208	0.00781	0.00556	0.00344	0.00805
24	0.00818	0.00612	0.00879	0.00977	0.01040	0.00572	0.03570	0.00949	0.01249	0.01667	0.03466	0.73697	0.04134	0.01962	0.00822	0.00261	0.00405	0.01791	0.00588	0.00539
25	0.01626	0.01512	0.02483	0.12311	0.59048	0.01563	0.01897	0.07776	0.01582	0.02222	0.01236	0.01610	0.01011	0.00601	0.00641	0.00195	0.00774	0.00576	0.00343	0.00993
26	0.07022	0.01522	0.01657	0.01254	0.01782	0.01539	0.01027	0.40489	0.02294	0.06237	0.01416	0.01476	0.01047	0.00665	0.00574	0.00161	0.00613	0.00503	0.00548	0.28173
27	0.01512	0.47058	0.18451	0.01228	0.01801	0.03751	0.01306	0.01848	0.01407	0.01778	0.10061	0.01779	0.04256	0.00705	0.00519	0.00165	0.00699	0.00517	0.00343	0.00817
28	0.01535	0.01441	0.02355	0.05998	0.58402	0.01471	0.01794	0.02049	0.08405	0.02129	0.01523	0.04790	0.01335	0.00708	0.00658	0.00202	0.00724	0.03132	0.00373	0.00978
29	0.00787	0.00562	0.00750	0.00900	0.00937	0.00525	0.00600	0.00900	0.01237	0.01649	0.03561	0.76871	0.04274	0.02024	0.00825	0.00262	0.00375	0.01837	0.00600	0.00525
30	0.00787	0.00562	0.00750	0.00900	0.00937	0.00525	0.00600	0.00900	0.01237	0.01649	0.03561	0.76871	0.04274	0.02024	0.00825	0.00262	0.00375	0.01837	0.00600	0.00525
31	0.01241	0.04989	0.15122	0.01156	0.01492	0.05764	0.01082	0.01568	0.01533	0.05594	0.24706	0.11340	0.09861	0.01164	0.00801	0.00212	0.06215	0.02214	0.03238	0.00711
32	0.01306	0.03276	0.71021	0.01878	0.02821	0.01506	0.05244	0.02047	0.01371	0.02047	0.01166	0.01380	0.00825	0.00611	0.00620	0.00205	0.00961	0.00489	0.00275	0.00951
33	0.01607	0.01388	0.01461	0.01315	0.01680	0.01607	0.01023	0.03433	0.72094	0.02703	0.02630	0.02411	0.01972	0.00877	0.00657	0.00219	0.00511	0.00731	0.00657	0.01023
34	0.00929	0.00685	0.00792	0.00779	0.00972	0.00610	0.00585	0.01175	0.03264	0.05051	0.25317	0.13178	0.39357	0.01536	0.00766	0.00220	0.00347	0.03196	0.00642	0.00598
35	0.01220	0.01148	0.01938	0.75739	0.04450	0.01436	0.01794	0.01651	0.01292	0.01651	0.01148	0.01723	0.00861	0.00646	0.00646	0.00215	0.00861	0.00574	0.00287	0.00718
36	0.02482	0.01629	0.01813	0.01396	0.01896	0.01747	0.01151	0.55336	0.02763	0.17418	0.04492	0.01802	0.01388	0.00801	0.00651	0.00195	0.00664	0.00617	0.00678	0.01080
37	0.00831	0.00654	0.00716	0.00700	0.00895	0.00568	0.00525	0.01044	0.01576	0.02035	0.26572	0.05614	0.49226	0.01498	0.00748	0.00210	0.00319	0.01268	0.04434	0.00568
38	0.01704	0.68271	0.10284	0.01194	0.01780	0.04480	0.01236	0.01964	0.01332	0.01574	0.00927	0.01072	0.00828	0.00562	0.00439	0.00146	0.00730	0.00360	0.00278	0.00839
39	0.01776	0.04027	0.01389	0.04574	0.01583	0.01069	0.00880	0.13338	0.01783	0.20791	0.06140	0.09611	0.12226	0.00984	0.00643	0.00186	0.00517	0.00816	0.02727	0.14940
40	0.12367	0.03914	0.10488	0.04426	0.13185	0.07956	0.06395	0.22463	0.03583	0.07157	0.01360	0.01505	0.01007	0.00670	0.00607	0.00195	0.00777	0.00538	0.00458	0.00950
41	0.00836	0.00604	0.00799	0.00940	0.00998	0.00577	0.00656	0.01016	0.03284	0.01708	0.03521	0.67847	0.04153	0.01968	0.00827	0.00265	0.00401	0.08455	0.00601	0.00546
42	0.00846	0.00583	0.00742	0.00845	0.00917	0.00544	0.00579	0.01003	0.01330	0.01844	0.11525	0.56925	0.07756	0.01787	0.00774	0.00241	0.00356	0.01603	0.09256	0.00544
43	0.03472	0.26080	0.16041	0.04583	0.02130	0.09970	0.05412	0.09664	0.07810	0.03997	0.01478	0.01590	0.03764	0.00682	0.00567	0.00181	0.00789	0.00519	0.00388	0.00882
44	0.01186	0.05734	0.01454	0.02916	0.10114	0.02900	0.03893	0.03199	0.03517	0.02072	0.16654	0.11738	0.14422	0.01245	0.00771	0.00219	0.03280	0.09656	0.04333	0.00696
45	0.00842	0.00579	0.00743	0.00847	0.00873	0.00553	0.00545	0.00907	0.01142	0.01523	0.03055	0.54732	0.03632	0.21300	0.01536	0.04187	0.00448	0.01547	0.00531	0.00479
46	0.01801	0.08797	0.33995	0.01755	0.05329	0.14973	0.03729	0.09837	0.05017	0.06864	0.01319	0.01447	0.00972	0.00657	0.00605	0.00191	0.00894	0.00503	0.00381	0.00936
47	0.01505	0.12826	0.26039	0.01818	0.04145	0.06201	0.16652	0.06442	0.01540	0.02067	0.04726	0.06802	0.01428	0.00771	0.00683	0.00203	0.02667	0.02264	0.00365	0.00858
48	0.00850	0.00609	0.00802	0.00931	0.00991	0.00580	0.00644	0.02796	0.01315	0.01754	0.05176	0.68816	0.04199	0.01959	0.00823	0.00261	0.00396	0.05947	0.00603	0.00546
49	0.01598	0.01458	0.02488	0.08617	0.58828	0.01463	0.04766	0.01977	0.01479	0.05453	0.01468	0.01874	0.03139	0.00641	0.00654	0.00198	0.00762	0.01806	0.00353	0.00978
50	0.01614	0.06527	0.27022	0.01732	0.05548	0.05036	0.08661	0.10608	0.08593	0.05857	0.06188	0.04694	0.01579	0.00788	0.00652	0.00204	0.00788	0.02549	0.00442	0.00916
51	0.00984	0.02589	0.01015	0.01063	0.02772	0.00793	0.00734	0.05621	0.01339	0.01800	0.03091	0.61438	0.03629	0.03809	0.00949	0.00264	0.05375	0.01581	0.00562	0.00590
52	0.01525	0.01743	0.03813	0.02723	0.03377	0.01634	0.70915	0.02070	0.01525	0.02070	0.01307	0.01743	0.00980	0.00545	0.00763	0.00218	0.01089	0.00763	0.00327	0.00871
53	0.05755	0.07073	0.11797	0.05103	0.05079	0.09020	0.09233	0.04390	0.11411	0.09898	0.03112	0.08004	0.01593	0.03206	0.00726	0.00218	0.00747	0.02317	0.00463	0.00856
54	0.01539	0.04459	0.38333	0.01875	0.07870	0.11993	0.05061	0.03531	0.10723	0.02101	0.03406	0.03602	0.01239	0.00708	0.00630	0.00200	0.00874	0.00577	0.00366	0.00914
55	0.08591	0.02794	0.52353	0.01901	0.05599	0.01549	0.08201	0.04342	0.01398	0.02173	0.01150	0.01388	0.00842	0.00635	0.00681	0.00208	0.04467	0.00503	0.00304	0.00921
56	0.01180	0.03487	0.01411	0.04363	0.03232	0.08207	0.08684	0.03748	0.03207	0.01867	0.07197	0.20517	0.24394	0.04529	0.00841	0.00236	0.00580	0.01157	0.00513	0.00652
57	0.01875	0.12816	0.15035	0.06084	0.02154	0.17976	0.01401	0.16865	0.11632	0.02385	0.03406	0.01596	0.01208	0.00712	0.00595	0.00186	0.00816	0.00530	0.01826	0.00901
58	0.01208	0.05850	0.07001	0.01202	0.01475	0.01061	0.06218	0.05962	0.05321	0.03755	0.09020	0.28718	0.07038	0.03734	0.00870	0.00242	0.03734	0.04315	0.02580	0.00699
59	0.03740	0.10071	0.06496	0.02059	0.04782	0.04713	0.33822	0.09103	0.05126	0.11479	0.01479	0.01674	0.01084	0.00628	0.00666	0.00200	0.00883	0.00639	0.00429	0.00926
60	0.01556	0.03621	0.05279	0.13251	0.39273	0.09736	0.03636	0.01975	0.03974	0.02005	0.05849	0.01931	0.03726	0.00688	0.00643	0.00195	0.00788	0.00621	0.00359	0.00895
61	0.01441	0.19475	0.46201	0.01836	0.07869	0.01748	0.04139	0.02104	0.05753	0.01976	0.01202	0.01386	0.00913	0.00612	0.00579	0.00190	0.00859	0.00480	0.00303	0.00934
62	0.00831	0.00608	0.00773	0.00834	0.00929	0.00559	0.00581	0.01007	0.01442	0.01945	0.25994	0.42227	0.13133	0.04924	0.00901	0.00253	0.00357	0.01528	0.00627	0.00549
63	0.04420	0.21871	0.23304	0.01661	0.03928	0.09658	0.09825	0.04218	0.06947	0.06446	0.01296	0.01436	0.00988	0.00630	0.00577	0.00185	0.00839	0.00502	0.00365	0.00902
64	0.01405	0.01162	0.01283	0.01265	0.05793	0.07979	0.02609	0.11183	0.05028	0.05801	0.14384	0.21200	0.14237	0.02708	0.00773	0.00223	0.00540	0.01112	0.00583	0.00732
65	0.08332	0.04744	0.05594	0.02483	0.29477	0.23334	0.03897	0.07653	0.04646	0.02171	0.01201	0.01431	0.00969	0.00633	0.00600	0.00186	0.00866	0.00511	0.00367	0.00907
66	0.04527	0.02076	0.16924	0.06070	0.24436	0.09926	0.15898	0.02192	0.07749	0.02088	0.01309	0.01589	0.01016	0.00618	0.00646	0.00201	0.00888	0.00581	0.00345	0.00921
67	0.01852	0.05348	0.08699	0.02462	0.28991	0.06634	0.04998	0.14703	0.06134	0.07482	0.01553	0.01726	0.02922	0.00696	0.00677	0.00196	0.02921	0.00590	0.00435	0.00980
68	0.01501	0.01442	0.02153	0.38860	0.28534	0.05825	0.01766	0.05147	0.04820	0.01973	0.01252	0.01670	0.00981	0.00639	0.00641	0.00203	0.00822	0.00573	0.00336	0.00861
69	0.00939	0.00725	0.00985	0.00992	0.01130	0.00699	0.04109	0.04351	0.01390	0.01831	0.06698	0.40073	0.15635	0.05720	0.06725	0.00328	0.00548	0.05980	0.00563	0.00579
70	0.06910	0.21483	0.15244	0.07074	0.09893	0.03524	0.06105	0.07399	0.05744	0.03489	0.04929	0.02905	0.01284	0.00684	0.00580	0.00187	0.00748	0.00555	0.00383	0.00878
71	0.01494	0.05305	0.37037	0.02025	0.14181	0.01591	0.01878	0.09310	0.06767	0.02278	0.04320	0.01658	0.01206	0.00781	0.02026	0.00220	0.06056	0.00557	0.00369	0.00943
72	0.00866	0.00621	0.00806	0.00927	0.00988	0.00595	0.00630	0.04223	0.01322	0.01764	0.03466	0.73306	0.04123	0.01965	0.00816	0.00259	0.00391	0.01777	0.00602	0.00552
73	0.01477	0.01265	0.05383	0.10813	0.16578	0.01207	0.01270	0.09540	0.07501	0.07019	0.02295	0.16134	0.05787	0.01029	0.00682	0.00212	0.00616	0.03966	0.02580	0.04644
74	0.01726	0.03672	0.03975	0.08213	0.16479	0.06437	0.09315	0.09044	0.13028	0.08966	0.09084	0.02196	0.03411	0.00775	0.00663	0.00201	0.00717	0.00689	0.00494	0.00915
75	0.01633	0.10692	0.19955	0.06592	0.17162	0.05325	0.12488	0.09597	0.03359	0.02175	0.01222	0.01494	0.00951	0.00639	0.00687	0.00198	0.04007	0.00551	0.00346	0.00925
76	0.06439	0.01401	0.05373	0.37648	0.23339	0.01482	0.01702	0.07808	0.01489	0.02120	0.01228	0.01643	0.00950	0.00637	0.00619	0.00203	0.00780	0.00558	0.03739	0.00843
77	0.04341	0.15579	0.37796	0.01759	0.05380	0.08217	0.06916	0.02182	0.03271	0.06982	0.01240	0.01403	0.00923	0.00621	0.00585	0.00190	0.00875	0.00489	0.00336	0.00915
78	0.01681	0.07828	0.06997	0.12088	0.34941	0.05017	0.01673	0.08268	0.06522	0.04606	0.03340	0.01696	0.01198	0.00657	0.00623	0.00193	0.00761	0.00573	0.00389	0.00949
79	0.00878	0.00629	0.00814	0.00923	0.00984	0.00609	0.00627	0.04233	0.01301	0.01740	0.03331	0.67316	0.03940	0.05574	0.03518	0.00303	0.00450	0.01696	0.00583	0.00548
80	0.01441	0.10219	0.39633	0.11514	0.07260	0.03672	0.09741	0.03691	0.03211	0.02001	0.01194	0.01460	0.00892	0.00614	0.00617	0.00199	0.00908	0.00522	0.00304	0.00906
81	0.15250	0.01753	0.14599	0.01696	0.10573	0.04483	0.04585	0.09439	0.05701	0.09856	0.06641	0.01967	0.04431	0.00782	0.00706	0.00206	0.05366	0.00614	0.00467	0.00885
82	0.02093	0.01810	0.05534	0.01750	0.04180	0.07164	0.14324	0.35732	0.05261	0.08183	0.01679	0.06305	0.01311	0.00794	0.00673	0.00203	0.00788	0.00687	0.00545	0.00982
83	0.01032	0.00688	0.00896	0.00828	0.01004	0.00628	0.00626	0.01328	0.01817	0.06975	0.66132	0.04714	0.08258	0.01300	0.00755	0.00204	0.00321	0.01143	0.00713	0.00638
84	0.01524	0.08969	0.13208	0.30387	0.08582	0.01649	0.06721	0.08112	0.03466	0.04526	0.01250	0.01595	0.00950	0.00674	0.00723	0.00207	0.05696	0.00558	0.00349	0.00855
85	0.02225	0.01462	0.06186	0.01374	0.01863	0.01358	0.05664	0.21524	0.10516	0.29737	0.04050	0.05625	0.03647	0.00868	0.00669	0.00206	0.00629	0.00726	0.00660	0.01012
86	0.00826	0.00598	0.00785	0.00890	0.00952	0.00579	0.00614	0.00954	0.01213	0.01613	0.03425	0.52812	0.09151	0.09313	0.10085	0.00389	0.00569	0.04160	0.00549	0.00523
87	0.01460	0.02316	0.30604	0.22824	0.16712	0.09446	0.03749	0.01983	0.01419	0.01899	0.01153	0.01497	0.00875	0.00619	0.00628	0.00201	0.00919	0.00524	0.00294	0.00878
88	0.04871	0.11569	0.27879	0.03932	0.02068	0.02792	0.01508	0.02156	0.12555	0.07125	0.04227	0.06669	0.03303	0.00838	0.00711	0.00207	0.05645	0.00650	0.00424	0.00871
89	0.00922	0.00663	0.00909	0.00916	0.00988	0.00731	0.00654	0.01067	0.01014	0.01422	0.01926	0.06781	0.01999	0.29701	0.46445	0.00858	0.01283	0.00834	0.00374	0.00510
90	0.01372	0.02495	0.39640	0.08783	0.02977	0.04041	0.22380	0.01984	0.01450	0.02035	0.05647	0.01716	0.01198	0.00642	0.00669	0.00208	0.00953	0.00611	0.00319	0.00880
91	0.01512	0.03910	0.17389	0.10869	0.19249	0.10093	0.10021	0.02010	0.05112	0.01931	0.01405	0.07194	0.01214	0.00750	0.00725	0.00207	0.04546	0.00655	0.00344	0.00865
92	0.01515	0.01418	0.02266	0.03275	0.55996	0.01439	0.01709	0.02062	0.10574	0.02149	0.01840	0.04004	0.05756	0.00746	0.00660	0.00201	0.00693	0.02331	0.00394	0.00971
93	0.01633	0.01487	0.02208	0.11342	0.46686	0.06883	0.01684	0.02018	0.03677	0.06816	0.01534	0.08336	0.01348	0.00744	0.00654	0.00200	0.00750	0.00685	0.00385	0.00929
94	0.08989	0.05258	0.12187	0.14916	0.17039	0.05000	0.05466	0.07483	0.01517	0.05161	0.01486	0.05473	0.03128	0.00746	0.00674	0.00204	0.03410	0.00623	0.00381	0.00859
95	0.01516	0.12782	0.40806	0.06540	0.02592	0.01645	0.07296	0.07027	0.04815	0.04902	0.03301	0.01565	0.01088	0.00653	0.00611	0.00197	0.00852	0.00534	0.00356	0.00925
96	0.00779	0.00610	0.00707	0.00778	0.00907	0.00537	0.00547	0.00922	0.01368	0.01723	0.06991	0.40480	0.37724	0.01816	0.00793	0.00239	0.00350	0.01588	0.00603	0.00537
97	0.01554	0.29508	0.25307	0.04565	0.09215	0.01806	0.04053	0.02021	0.03159	0.05384	0.01352	0.01813	0.01137	0.00691	0.00575	0.00187	0.00784	0.05660	0.00341	0.00886
98	0.00984	0.00989	0.06893	0.03885	0.06668	0.00820	0.00899	0.02578	0.04769	0.01910	0.09418	0.24361	0.26222	0.01642	0.04726	0.00270	0.00533	0.01240	0.00540	0.00654
99	0.01496	0.01525	0.01837	0.01597	0.01650	0.10253	0.01309	0.01654	0.01112	0.01609	0.00981	0.01494	0.00929	0.01211	0.04907	0.00293	0.59599	0.00556	0.05290	0.00700
100	0.01705	0.01933	0.10032	0.04926	0.26646	0.11008	0.15231	0.09828	0.04163	0.02255	0.03242	0.03467	0.01218	0.00675	0.00663	0.00199	0.00868	0.00633	0.00382	0.00927
101	0.01499	0.08304	0.02691	0.07388	0.42066	0.01543	0.15029	0.01869	0.01423	0.01962	0.01379	0.06454	0.01243	0.03462	0.00752	0.00214	0.00798	0.00684	0.00336	0.00904
102	0.00918	0.00596	0.00796	0.00915	0.00981	0.00551	0.00621	0.01039	0.01275	0.06119	0.03498	0.72239	0.04108	0.01948	0.00814	0.00259	0.00386	0.01763	0.00612	0.00560
103	0.00813	0.00605	0.00817	0.05525	0.01151	0.00583	0.00667	0.00948	0.01256	0.01656	0.03607	0.67588	0.08558	0.01913	0.00810	0.00257	0.00402	0.01728	0.00580	0.00538
104	0.01445	0.01338	0.01388	0.01027	0.01577	0.08126	0.00813	0.01721	0.01388	0.02054	0.01134	0.01323	0.00945	0.00497	0.00489	0.00103	0.00546	0.00386	0.00378	0.73323
105	0.00923	0.00692	0.01038	0.01038	0.01154	0.00808	0.00808	0.01154	0.01038	0.01500	0.01731	0.02538	0.01615	0.04846	0.74732	0.01038	0.01731	0.00692	0.00346	0.00577
106	0.01444	0.00812	0.01046	0.00928	0.01165	0.00760	0.00708	0.01814	0.06671	0.19869	0.43155	0.07337	0.04390	0.05907	0.00887	0.00233	0.00402	0.01028	0.00704	0.00741
107	0.01322	0.01228	0.02121	0.14043	0.33473	0.01296	0.07762	0.01681	0.01323	0.01853	0.01421	0.02052	0.01237	0.01859	0.22247	0.00447	0.01087	0.02396	0.00330	0.00821
