[name]
unknown

[dist]
# distance from previous block
# <min> <max>
3	237

[block]
# block no. 0 follows, 34 sequences, length 24
# corresponding to MSA columns:
# 237-260
name=unknown_A
#
# <colnr> <probs for GDERKNQSTAVLIFYWHMCP>
#	G	D	E	R	K	N	Q	S	T	A	V	L	I	F	Y	W	H	M	C	P
0	0.07379	0.01767	0.11620	0.14567	0.02368	0.11482	0.06770	0.06725	0.08149	0.02118	0.03767	0.02295	0.08330	0.00941	0.02497	0.00231	0.05102	0.02686	0.00415	0.00793
1	0.01746	0.04726	0.01555	0.03299	0.01620	0.01372	0.00978	0.24536	0.01857	0.08833	0.01849	0.02161	0.05218	0.06590	0.10411	0.00324	0.06529	0.00632	0.04402	0.11361
2	0.14432	0.06887	0.05504	0.09033	0.02001	0.04844	0.04543	0.09442	0.07602	0.03989	0.06137	0.02113	0.01523	0.00939	0.02609	0.00232	0.09815	0.05006	0.00442	0.02910
3	0.16784	0.01345	0.01613	0.25206	0.02526	0.05756	0.03125	0.09169	0.04446	0.06052	0.01616	0.02033	0.04349	0.00776	0.00668	0.00206	0.03899	0.03875	0.00428	0.06129
4	0.05186	0.03411	0.03441	0.16479	0.02264	0.18105	0.01216	0.09113	0.06719	0.07814	0.05085	0.01942	0.04523	0.00860	0.02234	0.00209	0.03715	0.00592	0.00448	0.06645
5	0.01958	0.01974	0.01789	0.17638	0.02420	0.28993	0.01291	0.10585	0.01726	0.06497	0.01205	0.01443	0.00938	0.00694	0.00716	0.00182	0.06877	0.00493	0.00394	0.12187
6	0.05303	0.05042	0.01911	0.15741	0.06303	0.01462	0.06016	0.16828	0.06390	0.13397	0.03445	0.02063	0.01389	0.00755	0.00634	0.00197	0.00685	0.04056	0.00509	0.07874
7	0.15531	0.01514	0.04676	0.29895	0.02785	0.08254	0.03329	0.13249	0.01627	0.04027	0.01494	0.04950	0.03061	0.00770	0.00616	0.00208	0.00764	0.02051	0.00411	0.00788
8	0.10910	0.01550	0.05364	0.05929	0.02003	0.07457	0.07679	0.06811	0.07599	0.09834	0.01432	0.01622	0.01098	0.02416	0.00712	0.00188	0.04395	0.00528	0.00445	0.22028
9	0.01220	0.01148	0.01938	0.75739	0.04450	0.01436	0.01794	0.01651	0.01292	0.01651	0.01148	0.01723	0.00861	0.00646	0.00646	0.00215	0.00861	0.00574	0.00287	0.00718
10	0.01876	0.01274	0.01695	0.08402	0.02018	0.04256	0.07782	0.06828	0.01616	0.22660	0.01726	0.04991	0.01337	0.03866	0.00718	0.00188	0.00642	0.00614	0.00513	0.26997
11	0.02456	0.01810	0.01939	0.01487	0.02004	0.02004	0.01228	0.71107	0.03038	0.04072	0.01551	0.01551	0.01099	0.00776	0.00646	0.00194	0.00711	0.00582	0.00646	0.01099
12	0.00938	0.00629	0.00715	0.00712	0.00721	0.00625	0.00405	0.00957	0.00996	0.01337	0.06519	0.04266	0.02586	0.72488	0.03129	0.00600	0.00606	0.00954	0.00412	0.00405
13	0.02485	0.01764	0.01911	0.01465	0.01981	0.01935	0.01210	0.66697	0.02961	0.08591	0.01616	0.01593	0.01131	0.00777	0.00647	0.00194	0.00701	0.00586	0.00656	0.01099
14	0.02456	0.01810	0.01939	0.01487	0.02004	0.02004	0.01228	0.71107	0.03038	0.04072	0.01551	0.01551	0.01099	0.00776	0.00646	0.00194	0.00711	0.00582	0.00646	0.01099
15	0.02061	0.01394	0.01466	0.01251	0.01637	0.08409	0.00999	0.10749	0.23664	0.24281	0.07576	0.02752	0.04534	0.00939	0.00673	0.00209	0.00594	0.05191	0.00666	0.00954
16	0.01425	0.01231	0.01859	0.36788	0.09687	0.04644	0.04355	0.01762	0.03032	0.06157	0.03319	0.02096	0.01264	0.00924	0.00973	0.08111	0.07227	0.04054	0.00361	0.00732
17	0.01711	0.01440	0.01520	0.01336	0.01720	0.01656	0.01048	0.11736	0.63622	0.02871	0.02498	0.02305	0.01865	0.00864	0.00656	0.00216	0.00536	0.00712	0.00656	0.01032
18	0.25047	0.04070	0.01457	0.01180	0.01591	0.07480	0.00950	0.12922	0.17061	0.15760	0.01805	0.05069	0.01378	0.00791	0.00574	0.00201	0.00599	0.00595	0.00566	0.00904
19	0.07434	0.01654	0.01782	0.01390	0.01875	0.01808	0.01141	0.57611	0.02728	0.09737	0.01691	0.05226	0.01270	0.00827	0.00640	0.00198	0.00668	0.00634	0.00641	0.01046
20	0.01942	0.01554	0.01649	0.01383	0.01808	0.01763	0.01104	0.30097	0.44886	0.03242	0.02205	0.02072	0.01628	0.00837	0.00653	0.00209	0.00590	0.00672	0.00653	0.01053
21	0.07554	0.01472	0.01670	0.01299	0.01786	0.01538	0.01069	0.38394	0.04514	0.28378	0.04381	0.01887	0.01450	0.00795	0.00636	0.00197	0.00621	0.00616	0.00687	0.01055
22	0.02210	0.01723	0.01518	0.01309	0.01693	0.22849	0.01021	0.02869	0.21242	0.26252	0.05343	0.02261	0.05132	0.00845	0.00642	0.00196	0.00699	0.00660	0.00609	0.00927
23	0.01607	0.01388	0.01461	0.01315	0.01680	0.01607	0.01023	0.03433	0.72094	0.02703	0.02630	0.02411	0.01972	0.00877	0.00657	0.00219	0.00511	0.00731	0.00657	0.01023

[dist]
# distance from previous block
# <min> <max>
4	5

[block]
# block no. 1 follows, 34 sequences, length 40
# corresponding to MSA columns:
# 266-305
name=unknown_B
#
# <colnr> <probs for GDERKNQSTAVLIFYWHMCP>
#	G	D	E	R	K	N	Q	S	T	A	V	L	I	F	Y	W	H	M	C	P
0	0.01041	0.00817	0.00897	0.00878	0.01062	0.04229	0.00657	0.01346	0.05279	0.04844	0.31172	0.16641	0.23274	0.01464	0.00759	0.00219	0.00395	0.03759	0.00641	0.00625
1	0.10281	0.00689	0.00819	0.00875	0.01007	0.00666	0.00622	0.01173	0.01355	0.05422	0.13636	0.48755	0.08989	0.01669	0.00753	0.00240	0.00384	0.01475	0.00603	0.00587
2	0.05010	0.31511	0.30566	0.01408	0.02098	0.07228	0.01564	0.01991	0.01365	0.01853	0.01035	0.01208	0.00834	0.00579	0.00511	0.00164	0.00798	0.00407	0.00296	0.09577
3	0.01498	0.01739	0.08260	0.08093	0.03096	0.01616	0.47536	0.04512	0.05915	0.02098	0.01361	0.01754	0.01037	0.00751	0.03049	0.00245	0.05519	0.00705	0.00350	0.00864
4	0.02168	0.06615	0.02036	0.05548	0.02182	0.56060	0.06651	0.02389	0.01716	0.01658	0.01036	0.01245	0.00854	0.00636	0.00584	0.00166	0.01069	0.00445	0.00331	0.06611
5	0.02231	0.02469	0.02019	0.01708	0.02089	0.45004	0.08598	0.13331	0.04119	0.04604	0.01285	0.01548	0.01035	0.00736	0.00699	0.00188	0.04649	0.02443	0.00413	0.00832
6	0.06136	0.01589	0.01528	0.01303	0.01703	0.10164	0.01030	0.18223	0.31934	0.10168	0.02396	0.02269	0.06969	0.00865	0.00640	0.00204	0.00623	0.00680	0.00614	0.00962
7	0.01296	0.03342	0.73944	0.01842	0.02797	0.01501	0.02387	0.02046	0.01364	0.02046	0.01160	0.01364	0.00818	0.00614	0.00614	0.00205	0.00955	0.00477	0.00273	0.00955
8	0.06786	0.01146	0.01332	0.01053	0.01508	0.01039	0.00849	0.10643	0.04204	0.18461	0.04877	0.05113	0.06469	0.00828	0.00598	0.00169	0.00509	0.03167	0.00564	0.30685
9	0.00927	0.00677	0.00962	0.00962	0.01051	0.00766	0.00712	0.01105	0.01016	0.01443	0.01801	0.02926	0.01784	0.21466	0.58342	0.00944	0.01477	0.00749	0.00357	0.00534
10	0.02616	0.09478	0.01857	0.01265	0.01777	0.01497	0.01066	0.27327	0.02218	0.41143	0.02017	0.01844	0.01339	0.00765	0.00624	0.00191	0.00622	0.00593	0.00689	0.01071
11	0.81856	0.01250	0.00950	0.00850	0.01250	0.01449	0.00700	0.01899	0.01100	0.02899	0.00900	0.01050	0.00700	0.00600	0.00400	0.00200	0.00500	0.00350	0.00400	0.00700
12	0.02534	0.01049	0.01402	0.01108	0.01548	0.00933	0.00902	0.02874	0.05500	0.59354	0.13103	0.02604	0.02293	0.00882	0.00667	0.00201	0.00511	0.00732	0.00779	0.01022
13	0.06044	0.01339	0.01466	0.01239	0.01662	0.01439	0.00983	0.08364	0.43636	0.15065	0.02291	0.02127	0.01670	0.00800	0.00624	0.00200	0.00530	0.00650	0.00640	0.09232
14	0.01200	0.00780	0.00894	0.00823	0.00920	0.00788	0.00533	0.08529	0.01307	0.05467	0.09738	0.03904	0.02586	0.56914	0.02596	0.00512	0.00596	0.00912	0.00475	0.00527
15	0.01312	0.03233	0.69171	0.01902	0.02836	0.01510	0.07052	0.02048	0.01375	0.02048	0.01170	0.01390	0.00830	0.00609	0.00624	0.00206	0.00964	0.00497	0.00277	0.00949
16	0.02119	0.01274	0.01476	0.01249	0.01668	0.01347	0.00994	0.03321	0.44277	0.30822	0.02598	0.02327	0.01825	0.00846	0.00654	0.00212	0.00527	0.00699	0.00714	0.01053
17	0.00904	0.00660	0.00849	0.00802	0.00959	0.00605	0.00601	0.01199	0.01804	0.02531	0.68188	0.04926	0.10867	0.01343	0.00762	0.00204	0.00306	0.01182	0.00703	0.00605
18	0.01340	0.01148	0.01340	0.00957	0.01531	0.00861	0.00766	0.01627	0.01340	0.02105	0.01148	0.01340	0.00957	0.00479	0.00479	0.00096	0.00479	0.00383	0.00383	0.81242
19	0.02388	0.01776	0.01901	0.01473	0.01978	0.01972	0.01212	0.65649	0.08607	0.03962	0.01638	0.01621	0.01169	0.00784	0.00647	0.00196	0.00695	0.00594	0.00647	0.01093
20	0.02456	0.01810	0.01939	0.01487	0.02004	0.02004	0.01228	0.71107	0.03038	0.04072	0.01551	0.01551	0.01099	0.00776	0.00646	0.00194	0.00711	0.00582	0.00646	0.01099
21	0.00788	0.00661	0.00688	0.00697	0.00908	0.00561	0.00533	0.00965	0.01486	0.01788	0.08641	0.06243	0.65957	0.01636	0.00772	0.00223	0.00345	0.05955	0.00604	0.00551
22	0.00906	0.00654	0.00856	0.00819	0.00963	0.00604	0.00609	0.01198	0.01789	0.02527	0.68200	0.09730	0.05973	0.01369	0.00766	0.00207	0.00310	0.01214	0.00704	0.00604
23	0.02456	0.01810	0.01939	0.01487	0.02004	0.02004	0.01228	0.71107	0.03038	0.04072	0.01551	0.01551	0.01099	0.00776	0.00646	0.00194	0.00711	0.00582	0.00646	0.01099
24	0.00940	0.00626	0.00705	0.00705	0.00705	0.00626	0.00392	0.00940	0.00940	0.01253	0.02036	0.04228	0.02349	0.77292	0.03289	0.00626	0.00626	0.00940	0.00392	0.00392
25	0.01375	0.01357	0.01906	0.01645	0.01654	0.01888	0.01366	0.01524	0.00993	0.01551	0.00917	0.01501	0.00908	0.01421	0.07784	0.00342	0.70308	0.00575	0.00288	0.00697
26	0.01400	0.01395	0.01976	0.07015	0.01894	0.01940	0.01441	0.01562	0.01011	0.01562	0.00870	0.01436	0.00849	0.01096	0.02015	0.00278	0.70704	0.00566	0.00283	0.00708
27	0.01340	0.01148	0.01340	0.00957	0.01531	0.00861	0.00766	0.01627	0.01340	0.02105	0.01148	0.01340	0.00957	0.00479	0.00479	0.00096	0.00479	0.00383	0.00383	0.81242
28	0.01411	0.01416	0.02045	0.04375	0.01857	0.01947	0.04000	0.01577	0.01020	0.01577	0.00876	0.01437	0.00854	0.01092	0.02018	0.00278	0.70650	0.00573	0.00285	0.00713
29	0.02456	0.01810	0.01939	0.01487	0.02004	0.02004	0.01228	0.71107	0.03038	0.04072	0.01551	0.01551	0.01099	0.00776	0.00646	0.00194	0.00711	0.00582	0.00646	0.01099
30	0.00901	0.00628	0.00751	0.00773	0.00810	0.00629	0.00484	0.00961	0.01037	0.01381	0.02569	0.14877	0.07985	0.50928	0.12029	0.00595	0.00710	0.01072	0.00432	0.00447
31	0.01552	0.01597	0.03259	0.12037	0.03255	0.01604	0.51173	0.02025	0.01460	0.05992	0.01311	0.01734	0.00987	0.00630	0.00874	0.00223	0.08383	0.00712	0.00344	0.00848
32	0.02456	0.01810	0.01939	0.01487	0.02004	0.02004	0.01228	0.71107	0.03038	0.04072	0.01551	0.01551	0.01099	0.00776	0.00646	0.00194	0.00711	0.00582	0.00646	0.01099
33	0.08455	0.02010	0.01802	0.01478	0.01902	0.18996	0.01187	0.40501	0.07858	0.03149	0.01416	0.01481	0.01059	0.00764	0.00696	0.00195	0.05025	0.00536	0.00534	0.00958
34	0.13800	0.01975	0.01570	0.05536	0.01860	0.30853	0.01093	0.11786	0.01779	0.10399	0.01624	0.07077	0.03727	0.00835	0.00652	0.00195	0.03364	0.00607	0.00464	0.00804
35	0.01194	0.00829	0.00969	0.00937	0.01085	0.03047	0.00687	0.03769	0.01359	0.08576	0.06480	0.15784	0.14373	0.21070	0.09076	0.00416	0.03296	0.05930	0.00527	0.00597
36	0.20070	0.01016	0.03195	0.00969	0.01219	0.01001	0.00746	0.05867	0.06485	0.03767	0.02212	0.24860	0.02323	0.14269	0.01093	0.00289	0.00515	0.03273	0.00503	0.06328
37	0.31264	0.04391	0.01517	0.02847	0.01664	0.06217	0.00988	0.24551	0.03649	0.07925	0.03309	0.01619	0.03327	0.00751	0.00603	0.00198	0.03275	0.00525	0.00513	0.00867
38	0.15820	0.01280	0.01349	0.01129	0.01532	0.01350	0.00896	0.15865	0.20510	0.05348	0.08036	0.06673	0.01888	0.00846	0.00598	0.00190	0.00518	0.00678	0.00568	0.14926
39	0.11477	0.10494	0.04905	0.05143	0.01866	0.01661	0.01150	0.28783	0.01988	0.10166	0.01591	0.04450	0.01284	0.01089	0.05700	0.00257	0.03419	0.03155	0.00518	0.00905

[dist]
# distance from previous block
# <min> <max>
33	57

[block]
# block no. 2 follows, 34 sequences, length 16
# corresponding to MSA columns:
# 370-385
name=unknown_C
#
# <colnr> <probs for GDERKNQSTAVLIFYWHMCP>
#	G	D	E	R	K	N	Q	S	T	A	V	L	I	F	Y	W	H	M	C	P
0	0.10263	0.01831	0.01965	0.07217	0.02066	0.20015	0.06501	0.04335	0.01346	0.01839	0.00973	0.01365	0.00848	0.00866	0.01290	0.00232	0.35460	0.00521	0.00324	0.00743
1	0.00940	0.00626	0.00705	0.00705	0.00705	0.00626	0.00392	0.00940	0.00940	0.01253	0.02036	0.04228	0.02349	0.77292	0.03289	0.00626	0.00626	0.00940	0.00392	0.00392
2	0.01377	0.01389	0.02099	0.54634	0.08632	0.07422	0.06174	0.01768	0.01340	0.01696	0.01128	0.01647	0.00877	0.00673	0.00759	0.00215	0.06552	0.00573	0.00295	0.00750
3	0.00925	0.00629	0.00747	0.00759	0.00776	0.00639	0.00457	0.00961	0.00975	0.01314	0.02123	0.09881	0.02418	0.62765	0.11438	0.00645	0.00735	0.00983	0.00403	0.00424
4	0.00940	0.00626	0.00705	0.00705	0.00705	0.00626	0.00392	0.00940	0.00940	0.01253	0.02036	0.04228	0.02349	0.77292	0.03289	0.00626	0.00626	0.00940	0.00392	0.00392
5	0.01837	0.01502	0.01591	0.01361	0.01768	0.01715	0.01078	0.21787	0.53366	0.03074	0.02337	0.02178	0.01735	0.00849	0.00654	0.00212	0.00566	0.00690	0.00654	0.01043
6	0.03950	0.11260	0.51391	0.01782	0.02617	0.01596	0.10161	0.02008	0.01368	0.02021	0.01139	0.01361	0.00843	0.00591	0.00595	0.00192	0.00900	0.00487	0.00290	0.05449
7	0.01474	0.17410	0.49981	0.01813	0.05502	0.01691	0.06282	0.02070	0.01389	0.04980	0.01179	0.01369	0.00872	0.00604	0.00587	0.00192	0.00887	0.00481	0.00301	0.00935
8	0.01468	0.02142	0.21291	0.02504	0.03232	0.01601	0.53836	0.02064	0.01485	0.02064	0.01270	0.01649	0.00940	0.00562	0.00725	0.00215	0.01056	0.00691	0.00313	0.00892
9	0.00799	0.00645	0.00710	0.00717	0.00900	0.00557	0.00529	0.00987	0.01522	0.01915	0.20394	0.14025	0.50812	0.01613	0.00770	0.00220	0.00328	0.01376	0.00624	0.00557
10	0.05101	0.02538	0.30199	0.01597	0.02239	0.14641	0.01634	0.19824	0.05717	0.08318	0.01411	0.01488	0.01013	0.00693	0.00613	0.00195	0.00856	0.00516	0.00447	0.00960
11	0.02123	0.08421	0.01872	0.01509	0.01857	0.44679	0.03638	0.09889	0.01829	0.04925	0.01490	0.11929	0.01384	0.00862	0.00620	0.00184	0.00937	0.00651	0.00420	0.00782
12	0.02899	0.01100	0.01499	0.01150	0.01649	0.00950	0.00950	0.03149	0.01849	0.73709	0.02549	0.02199	0.01599	0.00800	0.00650	0.00200	0.00550	0.00650	0.00800	0.01100
13	0.01308	0.03257	0.70218	0.01888	0.02827	0.01508	0.06029	0.02047	0.01373	0.02047	0.01167	0.01384	0.00827	0.00610	0.00622	0.00205	0.00962	0.00493	0.00276	0.00950
14	0.81856	0.01250	0.00950	0.00850	0.01250	0.01449	0.00700	0.01899	0.01100	0.02899	0.00900	0.01050	0.00700	0.00600	0.00400	0.00200	0.00500	0.00350	0.00400	0.00700
15	0.02052	0.01080	0.01320	0.01080	0.01466	0.01036	0.00868	0.11544	0.08916	0.34412	0.15606	0.03178	0.12552	0.01017	0.00686	0.00204	0.00492	0.00843	0.00721	0.00925

[dist]
# distance from previous block
# <min> <max>
0	1

[block]
# block no. 3 follows, 34 sequences, length 26
# corresponding to MSA columns:
# 387-412
name=unknown_D
#
# <colnr> <probs for GDERKNQSTAVLIFYWHMCP>
#	G	D	E	R	K	N	Q	S	T	A	V	L	I	F	Y	W	H	M	C	P
0	0.02524	0.01701	0.01872	0.01435	0.01950	0.01842	0.01185	0.60703	0.02856	0.14733	0.01704	0.01650	0.01175	0.00779	0.00647	0.00195	0.00686	0.00592	0.00670	0.01099
1	0.01687	0.01428	0.01506	0.01331	0.01711	0.01645	0.01042	0.09812	0.65585	0.02832	0.02528	0.02330	0.01890	0.00867	0.00656	0.00217	0.00530	0.00716	0.00656	0.01030
2	0.00816	0.00583	0.00782	0.00925	0.00977	0.00549	0.00643	0.00954	0.01283	0.01711	0.06085	0.67495	0.04286	0.01975	0.00829	0.00264	0.00394	0.08309	0.00603	0.00535
3	0.03895	0.05679	0.65512	0.01832	0.02740	0.01541	0.05944	0.02039	0.01363	0.02057	0.01150	0.01363	0.00824	0.00608	0.00608	0.00203	0.00939	0.00484	0.00280	0.00938
4	0.01924	0.02102	0.01674	0.04435	0.01866	0.37358	0.01170	0.03844	0.06171	0.04907	0.01438	0.01678	0.03442	0.01205	0.08390	0.00278	0.12105	0.00537	0.00386	0.05092
5	0.02091	0.01226	0.01439	0.01225	0.01628	0.01281	0.00970	0.03182	0.39606	0.31668	0.02647	0.06294	0.01943	0.00906	0.00663	0.00214	0.00520	0.00757	0.00713	0.01028
6	0.01700	0.72958	0.07868	0.01152	0.01731	0.02490	0.01187	0.01942	0.01316	0.01554	0.00915	0.01057	0.00829	0.00557	0.00427	0.00142	0.00708	0.00354	0.00276	0.00837
7	0.00925	0.00684	0.00997	0.00997	0.01098	0.00785	0.00756	0.01127	0.01026	0.01469	0.01769	0.02749	0.01707	0.13874	0.65829	0.00987	0.01593	0.00723	0.00352	0.00554
8	0.01978	0.50464	0.02819	0.01310	0.01782	0.28876	0.01158	0.02170	0.01502	0.01542	0.00935	0.01083	0.00830	0.00594	0.00476	0.00149	0.00864	0.00371	0.00297	0.00800
9	0.01201	0.00997	0.01097	0.01041	0.01307	0.01058	0.00815	0.02152	0.33383	0.02330	0.14604	0.04416	0.22322	0.01263	0.00731	0.00226	0.00439	0.09197	0.00642	0.00777
10	0.01601	0.22786	0.19153	0.04134	0.02048	0.11404	0.03469	0.02001	0.03504	0.04448	0.05670	0.01738	0.04094	0.00735	0.00690	0.00184	0.06672	0.00538	0.00360	0.04772
11	0.01122	0.00561	0.00842	0.00842	0.00842	0.00561	0.00561	0.00842	0.00842	0.01122	0.01122	0.01964	0.01122	0.02245	0.02525	0.81201	0.00561	0.00561	0.00281	0.00281
12	0.01727	0.67256	0.09386	0.01199	0.01775	0.06349	0.01224	0.01979	0.01345	0.01569	0.00926	0.01072	0.00828	0.00564	0.00441	0.00145	0.00739	0.00361	0.00279	0.00836
13	0.09387	0.05213	0.01618	0.01195	0.01678	0.01362	0.00994	0.20691	0.05011	0.29561	0.01931	0.02040	0.01397	0.00779	0.00607	0.00188	0.00587	0.04200	0.00628	0.10932
14	0.01359	0.00993	0.01206	0.04951	0.03617	0.01032	0.00910	0.02114	0.23863	0.09633	0.14358	0.06634	0.15586	0.01211	0.00727	0.00225	0.00481	0.09675	0.00631	0.00792
15	0.01340	0.01148	0.01340	0.00957	0.01531	0.00861	0.00766	0.01627	0.01340	0.02105	0.01148	0.01340	0.00957	0.00479	0.00479	0.00096	0.00479	0.00383	0.00383	0.81242
16	0.02186	0.01291	0.05341	0.01206	0.01650	0.01180	0.01020	0.10463	0.16447	0.36252	0.13405	0.02537	0.02283	0.00885	0.00667	0.00204	0.00543	0.00731	0.00711	0.00999
17	0.01020	0.00847	0.01090	0.01079	0.01208	0.05590	0.00836	0.01246	0.01090	0.01505	0.01683	0.02449	0.01565	0.04575	0.69933	0.00982	0.01694	0.00674	0.00345	0.00588
18	0.01296	0.03342	0.73944	0.01842	0.02797	0.01501	0.02387	0.02046	0.01364	0.02046	0.01160	0.01364	0.00818	0.00614	0.00614	0.00205	0.00955	0.00477	0.00273	0.00955
19	0.01570	0.01776	0.03469	0.02529	0.03109	0.05588	0.59178	0.02134	0.05113	0.02043	0.01329	0.01725	0.01015	0.00605	0.00834	0.00219	0.05830	0.00730	0.00341	0.00862
20	0.01602	0.10424	0.28836	0.04379	0.02638	0.15828	0.18651	0.02089	0.01466	0.01863	0.01147	0.01435	0.00889	0.00751	0.03032	0.00223	0.03058	0.00534	0.00301	0.00855
21	0.01292	0.01155	0.01739	0.53867	0.05717	0.04424	0.01535	0.01674	0.01417	0.04653	0.09857	0.02387	0.04478	0.00796	0.00667	0.00213	0.00766	0.02262	0.00380	0.00721
22	0.00825	0.00644	0.00827	0.04094	0.01103	0.00627	0.00658	0.00965	0.01286	0.01669	0.04064	0.53705	0.20454	0.01836	0.00854	0.00251	0.03401	0.01619	0.00574	0.00545
23	0.01430	0.01370	0.04942	0.09448	0.02011	0.05570	0.07947	0.06029	0.01310	0.04858	0.01383	0.02061	0.01239	0.10517	0.16517	0.00444	0.21200	0.00647	0.00361	0.00716
24	0.34267	0.09241	0.03022	0.01025	0.01377	0.09876	0.00856	0.01828	0.01296	0.06642	0.01782	0.02140	0.07878	0.03967	0.09676	0.00312	0.00753	0.02938	0.00420	0.00706
25	0.05557	0.01675	0.02045	0.04203	0.02142	0.05879	0.12268	0.35857	0.10363	0.03108	0.05206	0.01879	0.01423	0.02840	0.00762	0.00214	0.02438	0.00647	0.00544	0.00950

[dist]
# distance from previous block
# <min> <max>
1	3

[block]
# block no. 4 follows, 34 sequences, length 9
# corresponding to MSA columns:
# 416-424
name=unknown_E
#
# <colnr> <probs for GDERKNQSTAVLIFYWHMCP>
#	G	D	E	R	K	N	Q	S	T	A	V	L	I	F	Y	W	H	M	C	P
0	0.19156	0.01522	0.01688	0.14409	0.09419	0.06642	0.01225	0.19431	0.05632	0.05793	0.01334	0.01506	0.01002	0.00667	0.00574	0.00190	0.00690	0.00511	0.00459	0.08152
1	0.02456	0.01810	0.01939	0.01487	0.02004	0.02004	0.01228	0.71107	0.03038	0.04072	0.01551	0.01551	0.01099	0.00776	0.00646	0.00194	0.00711	0.00582	0.00646	0.01099
2	0.05618	0.01446	0.02012	0.33821	0.03120	0.01636	0.07564	0.25917	0.04846	0.02652	0.01352	0.01646	0.00996	0.00683	0.00638	0.00203	0.00782	0.00581	0.00440	0.04049
3	0.01228	0.01153	0.01904	0.57617	0.14025	0.01358	0.01687	0.01624	0.01337	0.01727	0.01715	0.02169	0.08331	0.00738	0.00657	0.00212	0.00793	0.00656	0.00324	0.00744
4	0.07452	0.01702	0.01733	0.01379	0.01840	0.06410	0.01121	0.48000	0.08378	0.07952	0.06185	0.01815	0.01478	0.00802	0.00635	0.00196	0.00674	0.00610	0.00625	0.01013
5	0.02456	0.01810	0.01939	0.01487	0.02004	0.02004	0.01228	0.71107	0.03038	0.04072	0.01551	0.01551	0.01099	0.00776	0.00646	0.00194	0.00711	0.00582	0.00646	0.01099
6	0.00955	0.00728	0.00892	0.05641	0.01207	0.00713	0.00685	0.05543	0.01425	0.01843	0.07183	0.32022	0.22228	0.11013	0.01091	0.00287	0.00454	0.04956	0.00562	0.00571
7	0.01388	0.01208	0.01837	0.41416	0.03173	0.03482	0.04808	0.04112	0.01359	0.06395	0.01539	0.04145	0.03704	0.01185	0.07734	0.00299	0.10457	0.00660	0.00362	0.00738
8	0.07175	0.03827	0.01937	0.05066	0.02028	0.10143	0.06894	0.36544	0.02182	0.02922	0.01393	0.01743	0.01123	0.08366	0.00981	0.00241	0.05458	0.00591	0.00493	0.00894

[dist]
# distance from previous block
# <min> <max>
22	67

[block]
# block no. 5 follows, 34 sequences, length 11
# corresponding to MSA columns:
# 502-512
name=unknown_F
#
# <colnr> <probs for GDERKNQSTAVLIFYWHMCP>
#	G	D	E	R	K	N	Q	S	T	A	V	L	I	F	Y	W	H	M	C	P
0	0.05304	0.01628	0.08205	0.06318	0.02056	0.08294	0.08088	0.07978	0.12081	0.07016	0.07002	0.02065	0.03999	0.00852	0.02164	0.00209	0.03632	0.00635	0.00475	0.12002
1	0.10464	0.15375	0.07824	0.07573	0.02051	0.05876	0.07177	0.09099	0.01608	0.07914	0.06596	0.01839	0.04072	0.00708	0.00576	0.00179	0.00695	0.00567	0.00433	0.09372
2	0.01541	0.04777	0.08823	0.09012	0.06547	0.04139	0.09653	0.06431	0.03220	0.06230	0.01588	0.01887	0.04412	0.03780	0.02559	0.00215	0.03661	0.00587	0.00400	0.20537
3	0.01239	0.01021	0.03988	0.05631	0.01519	0.01000	0.00936	0.09226	0.09600	0.04287	0.16861	0.09243	0.11320	0.01793	0.11786	0.00346	0.00691	0.08219	0.00569	0.00724
4	0.03815	0.03468	0.01480	0.05702	0.01611	0.01098	0.07334	0.06561	0.01303	0.01852	0.05472	0.05817	0.01798	0.07979	0.38239	0.00657	0.04014	0.00750	0.00395	0.00656
5	0.17503	0.04921	0.01851	0.01423	0.01779	0.01692	0.07362	0.17060	0.07498	0.02562	0.01340	0.04521	0.01127	0.00830	0.00947	0.00213	0.18796	0.00584	0.00442	0.07551
6	0.07202	0.01477	0.01568	0.04708	0.01829	0.04313	0.01043	0.27162	0.16582	0.07783	0.04367	0.02005	0.04333	0.00788	0.00615	0.00187	0.00607	0.00619	0.00577	0.12234
7	0.02164	0.01543	0.01709	0.04498	0.01893	0.01685	0.01113	0.51153	0.04675	0.07948	0.01924	0.04911	0.03944	0.06782	0.00863	0.00233	0.00668	0.00694	0.00618	0.00984
8	0.01584	0.01283	0.01411	0.01172	0.01579	0.01326	0.00925	0.16532	0.28292	0.02754	0.09470	0.05264	0.04710	0.00879	0.00634	0.00184	0.00511	0.00728	0.00591	0.20170
9	0.01452	0.07809	0.02074	0.19847	0.02420	0.06744	0.03520	0.01757	0.04082	0.01638	0.01057	0.01535	0.00928	0.01046	0.04189	0.00271	0.38033	0.00557	0.00306	0.00736
10	0.02456	0.01810	0.01939	0.01487	0.02004	0.02004	0.01228	0.71107	0.03038	0.04072	0.01551	0.01551	0.01099	0.00776	0.00646	0.00194	0.00711	0.00582	0.00646	0.01099

[dist]
# distance from previous block
# <min> <max>
0	1

[block]
# block no. 6 follows, 34 sequences, length 33
# corresponding to MSA columns:
# 514-546
name=unknown_G
#
# <colnr> <probs for GDERKNQSTAVLIFYWHMCP>
#	G	D	E	R	K	N	Q	S	T	A	V	L	I	F	Y	W	H	M	C	P
0	0.02278	0.07573	0.01979	0.01411	0.01903	0.01776	0.04233	0.48166	0.02546	0.12549	0.01906	0.04744	0.04281	0.00836	0.00646	0.00195	0.00676	0.00662	0.00619	0.01022
1	0.04970	0.05002	0.01853	0.01398	0.01866	0.05089	0.01146	0.54579	0.02657	0.06344	0.01673	0.07432	0.01331	0.00854	0.00639	0.00196	0.00691	0.00658	0.00610	0.01013
2	0.01887	0.01400	0.01546	0.01287	0.01658	0.01510	0.01017	0.45030	0.05432	0.03229	0.02180	0.23889	0.02072	0.01140	0.00694	0.00212	0.00595	0.00953	0.00624	0.03645
3	0.02398	0.01767	0.01898	0.01466	0.01967	0.01952	0.01206	0.68672	0.02975	0.03988	0.01621	0.04164	0.01209	0.00819	0.00653	0.00196	0.00699	0.00625	0.00645	0.01079
4	0.01329	0.01309	0.02364	0.52427	0.14504	0.01485	0.13780	0.01773	0.01359	0.01792	0.01186	0.01708	0.00906	0.00618	0.00665	0.00212	0.00887	0.00607	0.00299	0.00790
5	0.00923	0.00692	0.01038	0.01038	0.01154	0.00808	0.00808	0.01154	0.01038	0.01500	0.01731	0.02538	0.01615	0.04846	0.74732	0.01038	0.01731	0.00692	0.00346	0.00577
6	0.02129	0.01717	0.01725	0.01421	0.01862	0.07515	0.01138	0.36437	0.30470	0.05663	0.01972	0.01886	0.01443	0.00808	0.00646	0.00202	0.00662	0.00630	0.00631	0.01041
7	0.01035	0.06806	0.01082	0.00894	0.01090	0.00917	0.00672	0.01464	0.12737	0.01869	0.11170	0.14188	0.22084	0.12027	0.08760	0.00357	0.00576	0.01099	0.00541	0.00631
8	0.01279	0.01131	0.01840	0.65387	0.04025	0.01381	0.01662	0.01764	0.04797	0.04184	0.05295	0.01946	0.01234	0.00700	0.00653	0.00214	0.00803	0.00618	0.00346	0.00739
9	0.01768	0.46839	0.19825	0.01356	0.01972	0.11717	0.01421	0.02100	0.01417	0.04870	0.01047	0.01183	0.00861	0.00593	0.00494	0.00160	0.00810	0.00400	0.00306	0.00861
10	0.01220	0.01148	0.01938	0.75739	0.04450	0.01436	0.01794	0.01651	0.01292	0.01651	0.01148	0.01723	0.00861	0.00646	0.00646	0.00215	0.00861	0.00574	0.00287	0.00718
11	0.00788	0.00655	0.00688	0.00680	0.00887	0.00556	0.00510	0.00974	0.01529	0.01879	0.17054	0.05998	0.62408	0.01586	0.00763	0.00216	0.00324	0.01333	0.00618	0.00556
12	0.01340	0.01148	0.01340	0.00957	0.01531	0.00861	0.00766	0.01627	0.01340	0.02105	0.01148	0.01340	0.00957	0.00479	0.00479	0.00096	0.00479	0.00383	0.00383	0.81242
13	0.01713	0.05302	0.01337	0.01046	0.01376	0.01071	0.00838	0.11900	0.06264	0.21097	0.14560	0.08994	0.13480	0.01409	0.06371	0.00269	0.00581	0.00920	0.00643	0.00828
14	0.01456	0.05249	0.58771	0.01828	0.02685	0.01513	0.07396	0.02117	0.01402	0.07642	0.01263	0.01450	0.00893	0.00636	0.00664	0.00205	0.03049	0.00511	0.00319	0.00949
15	0.00846	0.00667	0.00921	0.00932	0.01065	0.00607	0.04523	0.01030	0.01413	0.01865	0.16692	0.43858	0.19707	0.01727	0.00796	0.00239	0.00392	0.01550	0.00605	0.00564
16	0.01416	0.05392	0.58794	0.01735	0.02586	0.01444	0.05088	0.02067	0.01414	0.07637	0.01569	0.01708	0.04937	0.00681	0.00625	0.00203	0.00885	0.00549	0.00335	0.00936
17	0.04181	0.25239	0.20802	0.01409	0.01987	0.14629	0.01420	0.06589	0.05152	0.03810	0.01394	0.01630	0.02880	0.00694	0.00556	0.00177	0.00806	0.02760	0.00368	0.03517
18	0.04774	0.04749	0.26361	0.07778	0.02707	0.08021	0.19533	0.05980	0.01577	0.07150	0.04297	0.01664	0.01153	0.00652	0.00648	0.00202	0.00905	0.00591	0.00375	0.00886
19	0.11150	0.08422	0.08034	0.01190	0.01636	0.05111	0.01046	0.07077	0.10677	0.20881	0.07365	0.08446	0.01883	0.00874	0.00612	0.00197	0.00595	0.00699	0.00568	0.03537
20	0.14470	0.33318	0.07669	0.01152	0.01642	0.05969	0.01079	0.06717	0.08077	0.04046	0.01762	0.01804	0.08455	0.00736	0.00518	0.00176	0.00650	0.00526	0.00407	0.00828
21	0.10072	0.06657	0.30308	0.05486	0.02302	0.11676	0.03289	0.08653	0.01558	0.02217	0.04133	0.01478	0.01070	0.00683	0.00662	0.00195	0.04700	0.00500	0.00356	0.04004
22	0.04902	0.07437	0.01299	0.01013	0.01305	0.01102	0.00807	0.15032	0.01704	0.07331	0.05005	0.17144	0.16443	0.06088	0.00858	0.00240	0.00514	0.07103	0.00567	0.04105
23	0.01140	0.01051	0.06730	0.01131	0.01340	0.00932	0.03178	0.11129	0.01517	0.02044	0.04724	0.40554	0.07024	0.07507	0.01029	0.00273	0.03889	0.03608	0.00544	0.00655
24	0.07750	0.36935	0.07931	0.01159	0.01569	0.04581	0.01099	0.01703	0.01327	0.01754	0.01806	0.11477	0.04450	0.00978	0.00635	0.00195	0.03817	0.09711	0.00383	0.00741
25	0.06581	0.24486	0.15426	0.06043	0.02047	0.06689	0.01360	0.06095	0.11469	0.05789	0.03252	0.01554	0.01180	0.00702	0.00635	0.00188	0.04722	0.00506	0.00401	0.00876
26	0.08046	0.12139	0.04535	0.19518	0.02549	0.01748	0.06775	0.15456	0.13957	0.04837	0.01481	0.01658	0.01115	0.00703	0.00644	0.00201	0.02735	0.00567	0.00448	0.00891
27	0.02050	0.09175	0.08102	0.11698	0.02348	0.04958	0.01377	0.40875	0.07859	0.03110	0.01461	0.01561	0.01074	0.00726	0.00619	0.00193	0.00754	0.00554	0.00518	0.00988
28	0.02038	0.07652	0.01867	0.08070	0.02023	0.05514	0.01182	0.36144	0.06862	0.07470	0.01711	0.07957	0.01396	0.00872	0.00715	0.00202	0.04680	0.00673	0.02031	0.00942
29	0.03704	0.03460	0.01826	0.14321	0.02250	0.04367	0.06640	0.22005	0.07475	0.02552	0.04586	0.02360	0.11131	0.00884	0.00774	0.00207	0.06707	0.00708	0.00489	0.03555
30	0.05167	0.05934	0.01936	0.04462	0.01960	0.07485	0.03057	0.32248	0.04493	0.08030	0.03756	0.01642	0.01221	0.00813	0.00868	0.00205	0.13250	0.00574	0.00517	0.02381
31	0.01976	0.05294	0.12380	0.01448	0.01964	0.04166	0.01322	0.40627	0.02307	0.03116	0.04021	0.01790	0.04480	0.00804	0.00735	0.00194	0.06205	0.00593	0.00522	0.06056
32	0.10480	0.04396	0.03806	0.04792	0.01620	0.01250	0.03313	0.13918	0.05596	0.07467	0.02668	0.19179	0.11874	0.02448	0.00780	0.00226	0.03922	0.00958	0.00537	0.00772

[dist]
# distance from previous block
# <min> <max>
22	44

[block]
# block no. 7 follows, 34 sequences, length 125
# corresponding to MSA columns:
# 595-719
name=unknown_H
#
# <colnr> <probs for GDERKNQSTAVLIFYWHMCP>
#	G	D	E	R	K	N	Q	S	T	A	V	L	I	F	Y	W	H	M	C	P
0	0.08419	0.01498	0.02252	0.03020	0.47997	0.04077	0.04540	0.07307	0.01617	0.02364	0.09257	0.01902	0.01563	0.00679	0.00637	0.00194	0.00716	0.00626	0.00397	0.00939
1	0.09475	0.01614	0.01945	0.01918	0.15194	0.04795	0.03826	0.25020	0.12027	0.04793	0.01487	0.01623	0.01138	0.00755	0.00786	0.00205	0.09155	0.00574	0.00495	0.03175
2	0.08572	0.04235	0.01728	0.01329	0.01773	0.09688	0.04508	0.27639	0.02131	0.18613	0.02164	0.05204	0.07831	0.00867	0.00636	0.00197	0.00678	0.00685	0.00590	0.00933
3	0.01342	0.01137	0.01579	0.01362	0.01611	0.04815	0.10051	0.06618	0.07718	0.03950	0.01747	0.02395	0.01529	0.06038	0.36326	0.00627	0.05324	0.02301	0.02814	0.00716
4	0.01402	0.01433	0.02294	0.04744	0.02109	0.01826	0.15385	0.01634	0.01120	0.01666	0.01069	0.04743	0.01023	0.01033	0.01734	0.00266	0.54822	0.00660	0.00305	0.00733
5	0.02417	0.05670	0.01750	0.01328	0.01769	0.09052	0.01091	0.19628	0.08957	0.32358	0.02004	0.02011	0.01421	0.00821	0.00711	0.00201	0.04432	0.02736	0.00639	0.01005
6	0.01285	0.03197	0.69396	0.01855	0.04586	0.01467	0.02308	0.02004	0.01371	0.02037	0.01357	0.01547	0.03450	0.00650	0.00620	0.00205	0.00927	0.00512	0.00286	0.00942
7	0.00930	0.00665	0.00899	0.00899	0.00966	0.00732	0.00633	0.01064	0.00997	0.01397	0.01858	0.03246	0.01922	0.35173	0.44824	0.00866	0.01268	0.00796	0.00365	0.00499
8	0.00787	0.00562	0.00750	0.00900	0.00937	0.00525	0.00600	0.00900	0.01237	0.01649	0.03561	0.76871	0.04274	0.02024	0.00825	0.00262	0.00375	0.01837	0.00600	0.00525
9	0.01658	0.01613	0.02633	0.03718	0.64064	0.04220	0.05713	0.04694	0.01548	0.02166	0.01226	0.01589	0.01017	0.00585	0.00645	0.00192	0.00798	0.00580	0.00333	0.01008
10	0.01506	0.01168	0.01374	0.00992	0.01558	0.00909	0.00797	0.04231	0.01442	0.07975	0.01276	0.01417	0.01014	0.00515	0.00498	0.00108	0.00493	0.00412	0.00426	0.71890
11	0.01460	0.10349	0.14581	0.12079	0.05212	0.04699	0.24558	0.04350	0.01494	0.01989	0.01696	0.01977	0.07091	0.00690	0.00650	0.00199	0.00863	0.00657	0.04580	0.00826
12	0.00969	0.00760	0.01127	0.01101	0.01205	0.00918	0.00865	0.01192	0.01034	0.01505	0.01647	0.02432	0.01543	0.04495	0.67874	0.00967	0.08755	0.00680	0.00340	0.00589
13	0.01392	0.01383	0.01939	0.01668	0.01673	0.01929	0.01388	0.01538	0.00992	0.01553	0.00886	0.01462	0.00881	0.01291	0.05249	0.00315	0.72905	0.00571	0.00285	0.00701
14	0.01521	0.31664	0.43243	0.01542	0.02320	0.01930	0.01837	0.05595	0.01432	0.01951	0.01080	0.01249	0.00837	0.00599	0.00539	0.00179	0.00841	0.00432	0.00294	0.00914
15	0.01497	0.01422	0.02416	0.19125	0.55832	0.01483	0.01906	0.01887	0.01434	0.02006	0.01287	0.01846	0.01094	0.00638	0.00651	0.00201	0.00781	0.03229	0.00324	0.00942
16	0.00934	0.00624	0.00706	0.00712	0.00713	0.00623	0.00399	0.00938	0.00950	0.01267	0.02089	0.06762	0.02416	0.74667	0.03203	0.00614	0.00618	0.00971	0.00399	0.00396
17	0.00926	0.00681	0.00981	0.00981	0.01077	0.00777	0.00736	0.01117	0.01022	0.01458	0.01783	0.02828	0.01741	0.17254	0.62495	0.00968	0.01542	0.00735	0.00354	0.00545
18	0.01587	0.01272	0.01514	0.01101	0.01666	0.01074	0.02840	0.13101	0.01643	0.05141	0.01272	0.01419	0.01005	0.00541	0.00521	0.00119	0.00537	0.00436	0.00440	0.62769
19	0.01844	0.16773	0.06162	0.07255	0.05104	0.27527	0.16112	0.03885	0.01580	0.01786	0.01161	0.03686	0.00985	0.00668	0.00647	0.00185	0.02953	0.00549	0.00329	0.00810
20	0.01246	0.01191	0.01276	0.01207	0.01300	0.12302	0.00913	0.01391	0.01159	0.01504	0.01723	0.12591	0.01812	0.15222	0.24731	0.00558	0.18086	0.00821	0.00372	0.00594
21	0.01308	0.01205	0.04939	0.03235	0.05180	0.03182	0.05897	0.03855	0.07011	0.04961	0.20770	0.05242	0.11455	0.00965	0.00666	0.00184	0.00535	0.00842	0.00530	0.18036
22	0.01859	0.01200	0.01438	0.01066	0.01608	0.01009	0.00863	0.08047	0.04088	0.21300	0.01606	0.01623	0.01175	0.00603	0.00545	0.00136	0.00519	0.00483	0.00526	0.50306
23	0.01463	0.13395	0.06361	0.03805	0.05801	0.06572	0.06880	0.01903	0.09253	0.01829	0.03658	0.04133	0.06914	0.01021	0.02885	0.00239	0.22052	0.00670	0.00379	0.00786
24	0.01095	0.01140	0.05546	0.05126	0.01816	0.04032	0.16141	0.01419	0.03919	0.01801	0.02763	0.44623	0.04985	0.01445	0.00773	0.00240	0.00624	0.01351	0.00498	0.00662
25	0.01463	0.01315	0.01774	0.01760	0.10290	0.03653	0.01280	0.05492	0.06150	0.04061	0.01366	0.03814	0.01234	0.01789	0.16529	0.00411	0.35838	0.00638	0.00372	0.00770
26	0.00926	0.00688	0.00914	0.00915	0.01007	0.00741	0.00670	0.01087	0.01125	0.01542	0.06167	0.05808	0.09856	0.24136	0.35295	0.00713	0.03216	0.04245	0.00423	0.00527
27	0.01525	0.01743	0.03813	0.02723	0.03377	0.01634	0.70915	0.02070	0.01525	0.02070	0.01307	0.01743	0.00980	0.00545	0.00763	0.00218	0.01089	0.00763	0.00327	0.00871
28	0.01220	0.01148	0.01938	0.75739	0.04450	0.01436	0.01794	0.01651	0.01292	0.01651	0.01148	0.01723	0.00861	0.00646	0.00646	0.00215	0.00861	0.00574	0.00287	0.00718
29	0.01037	0.00650	0.00744	0.00727	0.00752	0.00643	0.00419	0.01050	0.00985	0.04871	0.02061	0.04127	0.02312	0.73473	0.03157	0.00605	0.00623	0.00925	0.00412	0.00427
30	0.00923	0.00692	0.01038	0.01038	0.01154	0.00808	0.00808	0.01154	0.01038	0.01500	0.01731	0.02538	0.01615	0.04846	0.74732	0.01038	0.01731	0.00692	0.00346	0.00577
31	0.00773	0.00651	0.00670	0.00674	0.00881	0.00548	0.00502	0.00942	0.01482	0.01788	0.10062	0.09186	0.66364	0.01636	0.00766	0.00219	0.00328	0.01373	0.00606	0.00548
32	0.02636	0.01255	0.01563	0.01228	0.01710	0.01215	0.01005	0.13967	0.12516	0.52076	0.02403	0.02128	0.01576	0.00807	0.00650	0.00202	0.00570	0.00651	0.00754	0.01088
33	0.01296	0.03342	0.73944	0.01842	0.02797	0.01501	0.02387	0.02046	0.01364	0.02046	0.01160	0.01364	0.00818	0.00614	0.00614	0.00205	0.00955	0.00477	0.00273	0.00955
34	0.01296	0.03342	0.73944	0.01842	0.02797	0.01501	0.02387	0.02046	0.01364	0.02046	0.01160	0.01364	0.00818	0.00614	0.00614	0.00205	0.00955	0.00477	0.00273	0.00955
35	0.01727	0.77681	0.03386	0.01106	0.01658	0.02557	0.01106	0.01935	0.01313	0.01520	0.00898	0.01036	0.00829	0.00553	0.00415	0.00138	0.00691	0.00345	0.00276	0.00829
36	0.00824	0.00591	0.00783	0.00922	0.00980	0.00557	0.00647	0.00959	0.01270	0.01678	0.03611	0.62973	0.06749	0.04226	0.00905	0.00276	0.00409	0.10517	0.00593	0.00531
37	0.00904	0.00652	0.00854	0.00820	0.00963	0.00603	0.00609	0.01193	0.01780	0.02514	0.67239	0.10728	0.05947	0.01379	0.00767	0.00208	0.00311	0.01223	0.00702	0.00603
38	0.00813	0.00657	0.00723	0.00707	0.00903	0.00567	0.00530	0.01023	0.01590	0.02024	0.28399	0.05760	0.50972	0.01533	0.00763	0.00213	0.00320	0.01299	0.00637	0.00567
39	0.69306	0.01204	0.01005	0.00880	0.01278	0.01354	0.00722	0.02000	0.01217	0.10514	0.04674	0.01362	0.01066	0.00657	0.00445	0.00200	0.00495	0.00423	0.00459	0.00738
40	0.00771	0.00657	0.00665	0.00669	0.00885	0.00551	0.00506	0.00938	0.01473	0.01751	0.06461	0.06247	0.71114	0.01640	0.00767	0.00220	0.00335	0.03202	0.00600	0.00547
41	0.12296	0.01117	0.01434	0.01114	0.01602	0.01009	0.00920	0.03000	0.01760	0.65282	0.02353	0.02062	0.01492	0.00776	0.00620	0.00200	0.00544	0.00614	0.00752	0.01052
42	0.72997	0.01233	0.01011	0.00883	0.01294	0.01393	0.00728	0.02040	0.01184	0.10844	0.01085	0.01179	0.00801	0.00622	0.00428	0.00200	0.00505	0.00384	0.00445	0.00745
43	0.00926	0.00682	0.00985	0.00985	0.01082	0.00779	0.00741	0.01120	0.01023	0.01460	0.01780	0.02809	0.01733	0.16437	0.63301	0.00973	0.01554	0.00732	0.00353	0.00547
44	0.01443	0.01497	0.05746	0.32804	0.30452	0.01519	0.11598	0.03611	0.01441	0.01965	0.01207	0.01658	0.00944	0.00607	0.00659	0.00206	0.00858	0.00597	0.00314	0.00877
45	0.01721	0.01524	0.01495	0.01338	0.01700	0.08310	0.01040	0.04962	0.59497	0.04791	0.02422	0.02272	0.01823	0.00977	0.02972	0.00239	0.00616	0.00694	0.00622	0.00988
46	0.05477	0.01806	0.01886	0.01458	0.01965	0.04088	0.01201	0.64601	0.02896	0.05871	0.01538	0.01539	0.01090	0.00766	0.00635	0.00193	0.00712	0.00570	0.00632	0.01073
47	0.01528	0.01334	0.02174	0.19888	0.38922	0.01397	0.03494	0.05624	0.01514	0.05805	0.01685	0.03869	0.05387	0.00879	0.03534	0.00235	0.00785	0.00667	0.00380	0.00899
48	0.00944	0.00656	0.00789	0.00798	0.00876	0.00628	0.00520	0.01049	0.03369	0.01569	0.08599	0.20521	0.09693	0.32845	0.01993	0.09173	0.00497	0.01132	0.00481	0.03870
49	0.11824	0.01168	0.01794	0.33772	0.21318	0.01318	0.01495	0.01653	0.01269	0.01884	0.01282	0.02007	0.01111	0.04050	0.00902	0.07375	0.00740	0.03972	0.00330	0.00737
50	0.01237	0.01025	0.01183	0.01246	0.05864	0.06477	0.00855	0.04901	0.04892	0.04438	0.07498	0.29832	0.06670	0.08000	0.07342	0.00334	0.05868	0.01157	0.00521	0.00661
51	0.01086	0.00797	0.01158	0.01059	0.01213	0.00802	0.06744	0.04806	0.01271	0.03512	0.04698	0.17859	0.08598	0.17216	0.18335	0.07962	0.00829	0.01030	0.00459	0.00567
52	0.00878	0.00656	0.00744	0.00771	0.00923	0.00597	0.00555	0.03094	0.01464	0.01922	0.12710	0.27411	0.34280	0.03721	0.00824	0.00235	0.00357	0.01393	0.06902	0.00563
53	0.00924	0.00689	0.01020	0.01020	0.01129	0.00798	0.00785	0.01142	0.01033	0.01487	0.01747	0.02630	0.01655	0.08782	0.70850	0.01016	0.01671	0.00706	0.00349	0.00567
54	0.01685	0.03727	0.01623	0.09641	0.01949	0.34244	0.01166	0.01897	0.01443	0.01569	0.01437	0.01844	0.04097	0.01914	0.21464	0.00428	0.08285	0.00563	0.00337	0.00687
55	0.01188	0.00753	0.00916	0.00911	0.01071	0.00724	0.00651	0.01499	0.08664	0.11264	0.07350	0.31119	0.12761	0.14782	0.01204	0.00305	0.00452	0.03145	0.00602	0.00638
56	0.00906	0.00622	0.00767	0.00857	0.00924	0.00606	0.00577	0.01109	0.05056	0.01731	0.03166	0.51698	0.05267	0.10885	0.01120	0.02707	0.00409	0.01480	0.09576	0.00538
57	0.01379	0.00839	0.00786	0.00737	0.00929	0.04583	0.00563	0.07785	0.01530	0.02515	0.02000	0.02268	0.01563	0.00750	0.00476	0.00155	0.00383	0.00591	0.69514	0.00654
58	0.00904	0.00626	0.00745	0.00760	0.00876	0.00578	0.00536	0.01031	0.01357	0.01823	0.18015	0.15482	0.23841	0.12320	0.01301	0.09176	0.00402	0.02849	0.06868	0.00510
59	0.00910	0.00664	0.00789	0.00835	0.00936	0.00636	0.00575	0.02577	0.03850	0.01788	0.09860	0.34428	0.16134	0.17350	0.01300	0.00319	0.00428	0.03310	0.02769	0.00543
60	0.01817	0.01492	0.01579	0.01357	0.01760	0.01705	0.01073	0.20124	0.55063	0.03041	0.02364	0.02199	0.01757	0.00852	0.00655	0.00213	0.00561	0.00694	0.00655	0.01041
61	0.08098	0.00647	0.00747	0.00816	0.00889	0.00643	0.00541	0.01059	0.01173	0.01746	0.04941	0.42366	0.03282	0.21887	0.01413	0.00343	0.00445	0.01343	0.07106	0.00514
62	0.81856	0.01250	0.00950	0.00850	0.01250	0.01449	0.00700	0.01899	0.01100	0.02899	0.00900	0.01050	0.00700	0.00600	0.00400	0.00200	0.00500	0.00350	0.00400	0.00700
63	0.04891	0.00643	0.00811	0.00922	0.01015	0.00619	0.00671	0.01050	0.01319	0.01817	0.07895	0.49689	0.08578	0.03828	0.00873	0.00269	0.00419	0.13552	0.00590	0.00549
64	0.01157	0.00707	0.00877	0.00864	0.00977	0.00681	0.00592	0.01351	0.04284	0.10085	0.14391	0.22233	0.03395	0.31336	0.01759	0.00388	0.00495	0.03290	0.00562	0.00577
65	0.00983	0.00734	0.01042	0.01022	0.01133	0.00846	0.00779	0.03296	0.01086	0.01548	0.01746	0.02706	0.01679	0.14154	0.61515	0.00942	0.03138	0.00719	0.00360	0.00571
66	0.00790	0.00575	0.00745	0.00874	0.00932	0.00530	0.00590	0.00914	0.01281	0.01694	0.06466	0.67617	0.10687	0.01962	0.00817	0.00256	0.00368	0.01768	0.00604	0.00530
67	0.00902	0.00668	0.00828	0.00887	0.00998	0.00635	0.00628	0.03763	0.03263	0.01951	0.16301	0.46225	0.13736	0.03389	0.00849	0.00251	0.00383	0.03147	0.00619	0.00577
68	0.05028	0.00711	0.00869	0.00944	0.01062	0.00717	0.00720	0.01290	0.04350	0.01921	0.06525	0.24336	0.03334	0.13030	0.01147	0.00309	0.00485	0.23379	0.09271	0.00570
69	0.01271	0.01193	0.02008	0.57588	0.17766	0.01406	0.01767	0.01675	0.01324	0.01741	0.01293	0.05778	0.01078	0.00707	0.00654	0.00213	0.00817	0.00643	0.00311	0.00767
70	0.01122	0.00561	0.00842	0.00842	0.00842	0.00561	0.00561	0.00842	0.00842	0.01122	0.01122	0.01964	0.01122	0.02245	0.02525	0.81201	0.00561	0.00561	0.00281	0.00281
71	0.00916	0.00706	0.00936	0.01109	0.06646	0.00663	0.00743	0.01108	0.01404	0.01848	0.13077	0.29431	0.18759	0.07286	0.00983	0.00272	0.00441	0.12513	0.00576	0.00581
72	0.01370	0.01167	0.01356	0.00972	0.01544	0.00893	0.00778	0.03532	0.01386	0.02159	0.01159	0.01346	0.00961	0.00487	0.00483	0.00098	0.00485	0.00388	0.00390	0.79045
73	0.01630	0.01297	0.01800	0.20197	0.09011	0.01519	0.01367	0.16149	0.05843	0.07175	0.01473	0.01837	0.01166	0.01465	0.13215	0.00355	0.12615	0.00609	0.00431	0.00844
