[name]
unknown

[dist]
# distance from previous block
# <min> <max>
12	67

[block]
# block no. 0 follows, 33 sequences, length 15
# corresponding to MSA columns:
# 89-103
name=unknown_A
#
# <colnr> <probs for GDERKNQSTAVLIFYWHMCP>
#	G	D	E	R	K	N	Q	S	T	A	V	L	I	F	Y	W	H	M	C	P
0	0.14336	0.06478	0.01651	0.01211	0.01689	0.01549	0.01001	0.24435	0.09986	0.11723	0.03980	0.01879	0.01418	0.00760	0.00589	0.00186	0.00592	0.02366	0.00574	0.13599
1	0.11663	0.02925	0.50923	0.01839	0.02658	0.06827	0.10012	0.02108	0.01409	0.02164	0.01153	0.01379	0.00839	0.00619	0.00613	0.00207	0.00945	0.00499	0.00305	0.00915
2	0.00831	0.00596	0.00770	0.00876	0.00934	0.00556	0.00588	0.00963	0.01322	0.01772	0.12408	0.57612	0.07596	0.08617	0.01053	0.00291	0.00393	0.01681	0.00607	0.00535
3	0.05423	0.15521	0.07789	0.01395	0.01888	0.13621	0.04571	0.11021	0.01794	0.21345	0.01746	0.08034	0.01396	0.00815	0.00615	0.00193	0.00754	0.00641	0.00518	0.00921
4	0.07456	0.02067	0.18824	0.02680	0.31033	0.04473	0.07656	0.10866	0.01685	0.05183	0.01298	0.01547	0.00992	0.00633	0.00638	0.00201	0.00835	0.00560	0.00383	0.00992
5	0.00918	0.00673	0.00962	0.00990	0.01078	0.00748	0.00731	0.01102	0.01081	0.01523	0.02134	0.15898	0.02221	0.13605	0.52193	0.00864	0.01375	0.00944	0.00404	0.00554
6	0.01505	0.01484	0.05211	0.35177	0.35116	0.01550	0.01901	0.06449	0.01521	0.02075	0.01229	0.01672	0.00967	0.00633	0.00654	0.00207	0.00828	0.00582	0.00331	0.00908
7	0.07385	0.05053	0.25132	0.04850	0.11340	0.05593	0.08750	0.06652	0.03718	0.02334	0.11235	0.01967	0.01681	0.00734	0.00645	0.00203	0.00803	0.00629	0.00404	0.00890
8	0.00940	0.00705	0.01058	0.01058	0.01176	0.00823	0.00823	0.01176	0.01058	0.01528	0.01763	0.02586	0.01646	0.04937	0.74255	0.01058	0.01763	0.00705	0.00353	0.00588
9	0.01016	0.00793	0.01196	0.01340	0.09038	0.00869	0.00907	0.01266	0.01204	0.01725	0.10736	0.02870	0.02202	0.07847	0.52950	0.00832	0.01409	0.00768	0.00400	0.00632
10	0.04842	0.01942	0.11491	0.14260	0.17828	0.09926	0.14128	0.09187	0.03937	0.02244	0.01341	0.03470	0.01069	0.00677	0.00662	0.00206	0.00892	0.00618	0.00373	0.00905
11	0.09310	0.09779	0.22942	0.01833	0.05111	0.11418	0.13132	0.06861	0.09325	0.02270	0.01328	0.01504	0.01010	0.00652	0.00614	0.00199	0.00880	0.00541	0.00379	0.00913
12	0.00882	0.00957	0.10046	0.01022	0.01209	0.00677	0.00853	0.01100	0.01335	0.01788	0.05898	0.53549	0.11470	0.01801	0.00807	0.00255	0.00460	0.04720	0.00572	0.00599
13	0.01821	0.01553	0.02733	0.12269	0.25567	0.01559	0.22908	0.09731	0.01718	0.11365	0.01470	0.01764	0.01091	0.00638	0.00693	0.00208	0.00861	0.00656	0.00423	0.00973
14	0.05707	0.18074	0.04453	0.05420	0.08032	0.06513	0.07687	0.08363	0.09339	0.14598	0.01659	0.04560	0.01296	0.00739	0.00609	0.00194	0.00733	0.00609	0.00482	0.00934

[dist]
# distance from previous block
# <min> <max>
8	12

[block]
# block no. 1 follows, 33 sequences, length 34
# corresponding to MSA columns:
# 116-149
name=unknown_B
#
# <colnr> <probs for GDERKNQSTAVLIFYWHMCP>
#	G	D	E	R	K	N	Q	S	T	A	V	L	I	F	Y	W	H	M	C	P
0	0.01662	0.01695	0.02593	0.10887	0.44925	0.08728	0.10580	0.02158	0.06366	0.02085	0.01321	0.01675	0.01068	0.00620	0.00664	0.00201	0.00856	0.00606	0.00348	0.00963
1	0.02503	0.01844	0.01976	0.01515	0.02042	0.02042	0.01251	0.70562	0.03095	0.04149	0.01581	0.01581	0.01120	0.00790	0.00659	0.00198	0.00724	0.00593	0.00659	0.01120
2	0.01633	0.01291	0.01622	0.01196	0.01759	0.01109	0.05735	0.08459	0.07027	0.08046	0.01451	0.01569	0.01123	0.00578	0.00552	0.00134	0.00562	0.00485	0.00467	0.55202
3	0.04111	0.01472	0.03623	0.01287	0.01710	0.08215	0.02695	0.15191	0.08318	0.20852	0.02173	0.14972	0.01841	0.00972	0.00663	0.00201	0.00632	0.00807	0.00606	0.09657
4	0.00802	0.00573	0.00764	0.00917	0.00955	0.00535	0.00611	0.00917	0.01260	0.01681	0.03628	0.76434	0.04354	0.02062	0.00840	0.00267	0.00382	0.01872	0.00611	0.00535
5	0.01302	0.01224	0.01262	0.08035	0.01604	0.11198	0.00925	0.03832	0.08151	0.02255	0.31823	0.03730	0.14146	0.01164	0.00829	0.00212	0.06079	0.00952	0.00574	0.00703
6	0.02031	0.01347	0.01516	0.01299	0.01714	0.01465	0.01028	0.05659	0.49960	0.22336	0.02620	0.02367	0.01875	0.00868	0.00667	0.00217	0.00539	0.00716	0.00710	0.01066
7	0.00802	0.00573	0.00764	0.00917	0.00955	0.00535	0.00611	0.00917	0.01260	0.01681	0.03628	0.76434	0.04354	0.02062	0.00840	0.00267	0.00382	0.01872	0.00611	0.00535
8	0.01440	0.01440	0.02016	0.01728	0.01728	0.02016	0.01440	0.01584	0.01008	0.01584	0.00864	0.01440	0.00864	0.01152	0.02160	0.00288	0.75659	0.00576	0.00288	0.00720
9	0.01892	0.01671	0.02275	0.09971	0.36941	0.06748	0.01675	0.17562	0.04506	0.05341	0.01387	0.01648	0.01083	0.00688	0.00709	0.00201	0.03685	0.00585	0.00429	0.01001
10	0.01243	0.01170	0.01975	0.75282	0.04534	0.01463	0.01828	0.01682	0.01316	0.01682	0.01170	0.01755	0.00878	0.00658	0.00658	0.00219	0.00878	0.00585	0.00293	0.00731
11	0.00801	0.00578	0.00759	0.00903	0.00951	0.00536	0.00605	0.00918	0.01273	0.01686	0.03792	0.72662	0.08020	0.02041	0.00837	0.00265	0.00379	0.01846	0.00611	0.00536
12	0.12928	0.01818	0.07119	0.12665	0.07753	0.11547	0.12321	0.11193	0.01736	0.12634	0.01406	0.01598	0.01020	0.00670	0.00632	0.00203	0.00840	0.00567	0.00446	0.00905
13	0.00802	0.00573	0.00764	0.00917	0.00955	0.00535	0.00611	0.00917	0.01260	0.01681	0.03628	0.76434	0.04354	0.02062	0.00840	0.00267	0.00382	0.01872	0.00611	0.00535
14	0.01365	0.01170	0.01365	0.00975	0.01560	0.00878	0.00780	0.01658	0.01365	0.02145	0.01170	0.01365	0.00975	0.00488	0.00488	0.00098	0.00488	0.00390	0.00390	0.80888
15	0.01727	0.09366	0.15523	0.06430	0.24869	0.08168	0.13395	0.06295	0.01607	0.04623	0.01258	0.01541	0.00978	0.00618	0.00642	0.00196	0.00894	0.00566	0.00351	0.00951
16	0.08020	0.04412	0.40256	0.01751	0.04338	0.04300	0.06899	0.06062	0.04818	0.08435	0.01547	0.01672	0.03223	0.00689	0.00626	0.00206	0.00852	0.00556	0.00393	0.00948
17	0.00932	0.00628	0.00725	0.00750	0.00756	0.00622	0.00433	0.00951	0.01006	0.01341	0.02324	0.15890	0.02708	0.64852	0.02948	0.00579	0.00597	0.01104	0.00433	0.00421
18	0.10013	0.01549	0.03751	0.01843	0.13804	0.01560	0.06409	0.16778	0.18598	0.04716	0.01655	0.01741	0.01254	0.00695	0.00617	0.00191	0.00658	0.00586	0.00509	0.13072
19	0.01067	0.00886	0.01098	0.01219	0.05114	0.04573	0.00843	0.01396	0.07373	0.01745	0.02603	0.32414	0.02799	0.04940	0.25528	0.00532	0.00937	0.03804	0.00493	0.00635
20	0.08397	0.01694	0.01835	0.01416	0.01931	0.01840	0.01169	0.55492	0.02770	0.14324	0.01683	0.01641	0.01165	0.00781	0.00641	0.00199	0.00684	0.00586	0.00663	0.01090
21	0.01381	0.01215	0.01291	0.01216	0.01463	0.05172	0.00932	0.02424	0.37225	0.02348	0.11168	0.16365	0.05355	0.01227	0.00813	0.00233	0.05085	0.03636	0.00620	0.00831
22	0.00802	0.00573	0.00764	0.00917	0.00955	0.00535	0.00611	0.00917	0.01260	0.01681	0.03628	0.76434	0.04354	0.02062	0.00840	0.00267	0.00382	0.01872	0.00611	0.00535
23	0.02611	0.01600	0.01816	0.01400	0.01915	0.01688	0.01154	0.46822	0.05336	0.25806	0.01942	0.01822	0.01314	0.00802	0.00660	0.00200	0.00665	0.00620	0.00708	0.01117
24	0.01291	0.01230	0.02114	0.65813	0.10873	0.01480	0.04498	0.01730	0.01343	0.01742	0.01183	0.01744	0.00898	0.00647	0.00662	0.00217	0.00878	0.00593	0.00297	0.00767
25	0.01227	0.00614	0.00614	0.00614	0.00767	0.00614	0.00460	0.01534	0.01381	0.02454	0.02148	0.02454	0.01687	0.00767	0.00460	0.00153	0.00307	0.00614	0.80518	0.00614
26	0.00802	0.00573	0.00764	0.00917	0.00955	0.00535	0.00611	0.00917	0.01260	0.01681	0.03628	0.76434	0.04354	0.02062	0.00840	0.00267	0.00382	0.01872	0.00611	0.00535
27	0.01807	0.01595	0.01577	0.01388	0.01777	0.07041	0.01085	0.11844	0.57841	0.02845	0.02419	0.02253	0.01812	0.00864	0.00663	0.00216	0.00596	0.00702	0.00644	0.01031
28	0.01227	0.00614	0.00614	0.00614	0.00767	0.00614	0.00460	0.01534	0.01381	0.02454	0.02148	0.02454	0.01687	0.00767	0.00460	0.00153	0.00307	0.00614	0.80518	0.00614
29	0.01307	0.01218	0.01952	0.51103	0.07971	0.01343	0.04276	0.01714	0.01348	0.01833	0.01181	0.01659	0.00915	0.00611	0.00623	0.00190	0.00792	0.00548	0.00318	0.19099
30	0.02412	0.01799	0.01925	0.01496	0.02007	0.01999	0.01229	0.63518	0.10287	0.04002	0.01696	0.01673	0.01213	0.00801	0.00660	0.00200	0.00703	0.00609	0.00660	0.01111
31	0.07424	0.01643	0.01811	0.01396	0.01912	0.01760	0.01153	0.50895	0.02696	0.19951	0.01774	0.01701	0.01212	0.00785	0.00644	0.00199	0.00674	0.00594	0.00679	0.01095
32	0.09400	0.04039	0.05270	0.04932	0.19658	0.08830	0.19096	0.04704	0.01531	0.06462	0.01319	0.01717	0.01064	0.04745	0.00862	0.00229	0.04271	0.00610	0.00377	0.00882
33	0.05865	0.00956	0.07811	0.01038	0.01214	0.00769	0.00826	0.04838	0.01363	0.01930	0.03118	0.60616	0.03621	0.01768	0.00784	0.00254	0.00465	0.01578	0.00569	0.00619

[dist]
# distance from previous block
# <min> <max>
1	28

[block]
# block no. 2 follows, 33 sequences, length 90
# corresponding to MSA columns:
# 178-267
name=unknown_C
#
# <colnr> <probs for GDERKNQSTAVLIFYWHMCP>
#	G	D	E	R	K	N	Q	S	T	A	V	L	I	F	Y	W	H	M	C	P
0	0.01371	0.01339	0.06710	0.01376	0.03722	0.09527	0.07832	0.01661	0.03736	0.06301	0.02040	0.12729	0.02033	0.19748	0.14351	0.00468	0.00933	0.03008	0.00437	0.00679
1	0.01185	0.00848	0.01190	0.04167	0.01347	0.00885	0.05806	0.05351	0.01324	0.04247	0.02296	0.21655	0.02382	0.19644	0.10306	0.00424	0.03475	0.01038	0.11815	0.00615
2	0.01737	0.71706	0.03345	0.01171	0.01692	0.02562	0.01149	0.01943	0.01314	0.01551	0.00911	0.01084	0.00846	0.00606	0.00550	0.00152	0.06195	0.00368	0.00282	0.00836
3	0.02459	0.03138	0.01866	0.01696	0.02035	0.74221	0.01272	0.02629	0.01866	0.01611	0.01018	0.01187	0.00848	0.00678	0.00594	0.00170	0.01187	0.00424	0.00339	0.00763
4	0.01314	0.01243	0.01799	0.11778	0.04484	0.01637	0.01360	0.01530	0.01157	0.01703	0.06739	0.02157	0.01505	0.03326	0.07450	0.00339	0.46170	0.03259	0.00344	0.00702
5	0.66475	0.01382	0.01159	0.00989	0.01419	0.01584	0.00815	0.14997	0.01496	0.03181	0.01043	0.01167	0.00790	0.00645	0.00455	0.00203	0.00550	0.00401	0.00455	0.00790
6	0.00814	0.00581	0.00777	0.00930	0.00973	0.00545	0.00632	0.00937	0.01272	0.01694	0.03622	0.73302	0.04328	0.02051	0.00843	0.00269	0.00392	0.04888	0.00611	0.00538
7	0.02459	0.03138	0.01866	0.01696	0.02035	0.74221	0.01272	0.02629	0.01866	0.01611	0.01018	0.01187	0.00848	0.00678	0.00594	0.00170	0.01187	0.00424	0.00339	0.00763
8	0.00778	0.00667	0.00667	0.00667	0.00889	0.00556	0.00500	0.00945	0.01501	0.01778	0.06669	0.06336	0.72490	0.01667	0.00778	0.00222	0.00333	0.01389	0.00611	0.00556
9	0.00951	0.00643	0.00754	0.00783	0.00801	0.00639	0.00481	0.00991	0.01039	0.01381	0.02361	0.11876	0.02720	0.62418	0.02873	0.00570	0.00609	0.07239	0.00439	0.00432
10	0.81514	0.01273	0.00968	0.00866	0.01273	0.01477	0.00713	0.01935	0.01120	0.02954	0.00917	0.01069	0.00713	0.00611	0.00407	0.00204	0.00509	0.00356	0.00407	0.00713
11	0.01629	0.01564	0.02672	0.04041	0.72757	0.01564	0.02020	0.02020	0.01499	0.02151	0.01238	0.01629	0.01043	0.00587	0.00652	0.00196	0.00782	0.00587	0.00326	0.01043
12	0.02462	0.03045	0.01873	0.01683	0.02036	0.69046	0.01271	0.07499	0.01954	0.01793	0.01058	0.01215	0.00867	0.00686	0.00598	0.00172	0.01154	0.00436	0.00362	0.00789
13	0.00796	0.00595	0.00741	0.00858	0.00940	0.00540	0.00585	0.00923	0.01316	0.01703	0.04338	0.60070	0.20260	0.01970	0.00826	0.00257	0.00371	0.01759	0.00611	0.00540
14	0.00802	0.00573	0.00764	0.00917	0.00955	0.00535	0.00611	0.00917	0.01260	0.01681	0.03628	0.76434	0.04354	0.02062	0.00840	0.00267	0.00382	0.01872	0.00611	0.00535
15	0.04416	0.01476	0.01560	0.01357	0.01755	0.01684	0.01078	0.18004	0.51428	0.03033	0.02415	0.02424	0.01846	0.00900	0.00669	0.00220	0.00569	0.03480	0.00656	0.01030
16	0.00950	0.00703	0.00989	0.01019	0.01105	0.00780	0.00766	0.01133	0.01118	0.01558	0.02246	0.14534	0.02374	0.15656	0.41844	0.00768	0.03583	0.07893	0.00423	0.00555
17	0.01505	0.01483	0.06552	0.01657	0.01813	0.01758	0.04277	0.01801	0.04326	0.06822	0.01201	0.01670	0.01053	0.01437	0.09060	0.00348	0.51507	0.00605	0.00351	0.00774
18	0.01048	0.00746	0.00929	0.00863	0.01056	0.00705	0.00654	0.01458	0.07109	0.05331	0.57262	0.04779	0.12888	0.01325	0.00764	0.00210	0.00339	0.01157	0.00712	0.00666
19	0.01598	0.01351	0.01447	0.01303	0.01657	0.01543	0.01020	0.06120	0.60592	0.02774	0.07950	0.02801	0.02360	0.00959	0.00687	0.00224	0.00517	0.03429	0.00671	0.00996
20	0.01694	0.01491	0.02257	0.21694	0.23668	0.04159	0.06495	0.09980	0.01606	0.06739	0.01320	0.01701	0.01036	0.00862	0.03373	0.00244	0.09793	0.00602	0.00385	0.00900
21	0.01530	0.01782	0.15194	0.12766	0.13258	0.01563	0.11184	0.12450	0.01599	0.02229	0.01333	0.01790	0.01079	0.03697	0.08624	0.00319	0.07740	0.00619	0.00367	0.00877
22	0.00814	0.00606	0.00761	0.00869	0.00959	0.00553	0.00606	0.00958	0.01355	0.01763	0.07821	0.54477	0.19442	0.01929	0.00826	0.00256	0.00377	0.04465	0.00617	0.00547
23	0.00890	0.00653	0.00852	0.00967	0.01078	0.00615	0.00739	0.01086	0.01420	0.01855	0.08841	0.38826	0.14599	0.01875	0.00848	0.00268	0.00441	0.22963	0.00617	0.00567
24	0.01638	0.06706	0.14756	0.09596	0.20936	0.01459	0.11635	0.02106	0.03167	0.11445	0.01660	0.06772	0.01380	0.00770	0.00674	0.00210	0.00799	0.02950	0.00413	0.00927
25	0.01513	0.01466	0.02536	0.19637	0.47524	0.01524	0.07943	0.01963	0.03357	0.02049	0.01421	0.01823	0.03008	0.00638	0.00668	0.00205	0.00813	0.00630	0.00336	0.00946
26	0.00965	0.00731	0.01073	0.01067	0.01173	0.00855	0.00827	0.01183	0.01064	0.01528	0.01803	0.02806	0.01731	0.09338	0.64583	0.00977	0.04504	0.02848	0.00361	0.00581
27	0.01365	0.01170	0.01365	0.00975	0.01560	0.00878	0.00780	0.01658	0.01365	0.02145	0.01170	0.01365	0.00975	0.00488	0.00488	0.00098	0.00488	0.00390	0.00390	0.80888
28	0.01243	0.01170	0.01975	0.75282	0.04534	0.01463	0.01828	0.01682	0.01316	0.01682	0.01170	0.01755	0.00878	0.00658	0.00658	0.00219	0.00878	0.00585	0.00293	0.00731
29	0.00802	0.00573	0.00764	0.00917	0.00955	0.00535	0.00611	0.00917	0.01260	0.01681	0.03628	0.76434	0.04354	0.02062	0.00840	0.00267	0.00382	0.01872	0.00611	0.00535
30	0.01365	0.01170	0.01365	0.00975	0.01560	0.00878	0.00780	0.01658	0.01365	0.02145	0.01170	0.01365	0.00975	0.00488	0.00488	0.00098	0.00488	0.00390	0.00390	0.80888
31	0.07297	0.01260	0.01343	0.01218	0.01555	0.01419	0.00944	0.02972	0.51586	0.05885	0.09841	0.07379	0.02487	0.00992	0.00673	0.00222	0.00491	0.00832	0.00660	0.00946
32	0.01119	0.00816	0.01013	0.00868	0.01151	0.00695	0.00667	0.01412	0.01713	0.05654	0.46538	0.04023	0.09775	0.01133	0.00700	0.00181	0.00368	0.00983	0.00637	0.20553
33	0.00910	0.00672	0.00849	0.00805	0.00970	0.00612	0.00604	0.01200	0.01812	0.02517	0.62993	0.05121	0.15706	0.01392	0.00777	0.00209	0.00314	0.01219	0.00708	0.00612
34	0.00802	0.00573	0.00764	0.00917	0.00955	0.00535	0.00611	0.00917	0.01260	0.01681	0.03628	0.76434	0.04354	0.02062	0.00840	0.00267	0.00382	0.01872	0.00611	0.00535
35	0.02459	0.03138	0.01866	0.01696	0.02035	0.74221	0.01272	0.02629	0.01866	0.01611	0.01018	0.01187	0.00848	0.00678	0.00594	0.00170	0.01187	0.00424	0.00339	0.00763
36	0.02802	0.01196	0.04461	0.01186	0.01699	0.00976	0.01013	0.03080	0.01863	0.67331	0.05462	0.02318	0.01789	0.00829	0.00665	0.00204	0.00567	0.00677	0.00789	0.01093
37	0.02954	0.01120	0.01528	0.01171	0.01681	0.00968	0.00968	0.03208	0.01884	0.73213	0.02597	0.02241	0.01630	0.00815	0.00662	0.00204	0.00560	0.00662	0.00815	0.01120
38	0.00896	0.00672	0.00830	0.00791	0.00962	0.00606	0.00593	0.01173	0.01779	0.02439	0.57095	0.05248	0.21652	0.01421	0.00777	0.00211	0.00316	0.01237	0.00698	0.00606
39	0.01988	0.56983	0.02994	0.01241	0.01756	0.16443	0.01143	0.02194	0.01482	0.07044	0.01064	0.01172	0.00905	0.00605	0.00474	0.00151	0.00787	0.00390	0.00334	0.00850
40	0.07965	0.01229	0.01553	0.01198	0.01703	0.01147	0.00990	0.12302	0.02000	0.59268	0.02350	0.02075	0.01501	0.00798	0.00645	0.00203	0.00579	0.00633	0.00767	0.01094
41	0.00940	0.00705	0.01058	0.01058	0.01176	0.00823	0.00823	0.01176	0.01058	0.01528	0.01763	0.02586	0.01646	0.04937	0.74255	0.01058	0.01763	0.00705	0.00353	0.00588
42	0.00780	0.00661	0.00673	0.00683	0.00894	0.00554	0.00507	0.00943	0.01485	0.01772	0.06469	0.10948	0.68007	0.01693	0.00782	0.00225	0.00337	0.01421	0.00611	0.00554
43	0.15864	0.01843	0.01743	0.01392	0.01867	0.10323	0.01133	0.46857	0.02531	0.06155	0.01453	0.01493	0.01051	0.00747	0.00604	0.00195	0.00726	0.00536	0.02489	0.00997
44	0.01526	0.19429	0.26054	0.01989	0.04955	0.01815	0.22182	0.04352	0.01468	0.02006	0.01264	0.04396	0.01042	0.00674	0.00701	0.00202	0.04118	0.00608	0.00323	0.00898
45	0.06872	0.15621	0.09248	0.03702	0.03746	0.08801	0.04784	0.05100	0.01492	0.07342	0.03003	0.01626	0.02623	0.00850	0.03086	0.00212	0.08794	0.00524	0.00392	0.12183
46	0.01055	0.00764	0.00969	0.00893	0.01076	0.00733	0.00683	0.06483	0.01945	0.02732	0.64804	0.04748	0.05748	0.01319	0.00772	0.00209	0.00352	0.03342	0.00716	0.00658
47	0.00802	0.00573	0.00764	0.00917	0.00955	0.00535	0.00611	0.00917	0.01260	0.01681	0.03628	0.76434	0.04354	0.02062	0.00840	0.00267	0.00382	0.01872	0.00611	0.00535
48	0.02794	0.01243	0.01596	0.01232	0.01731	0.01166	0.01016	0.15941	0.02084	0.57437	0.02373	0.02128	0.01533	0.00962	0.03375	0.00234	0.00636	0.00650	0.00768	0.01101
49	0.09174	0.02041	0.02006	0.01645	0.02005	0.21023	0.06314	0.26329	0.02023	0.02658	0.01197	0.01415	0.00947	0.00807	0.00959	0.00212	0.17377	0.00537	0.00446	0.00884
50	0.00838	0.00669	0.00751	0.00730	0.00926	0.00581	0.00548	0.01062	0.01643	0.02117	0.32509	0.05778	0.46439	0.01541	0.00777	0.00216	0.00324	0.01311	0.00656	0.00581
51	0.45441	0.01184	0.01197	0.00991	0.01431	0.01229	0.00815	0.02436	0.01469	0.32184	0.04610	0.01718	0.01325	0.00727	0.00529	0.00204	0.00522	0.00519	0.00590	0.00879
52	0.01541	0.01431	0.02353	0.31484	0.41322	0.01558	0.01892	0.06721	0.01541	0.02110	0.01236	0.01675	0.00984	0.00629	0.00655	0.00205	0.00815	0.00586	0.00336	0.00927
53	0.15011	0.01633	0.01730	0.01391	0.01838	0.04319	0.03307	0.42499	0.06606	0.03403	0.01534	0.01664	0.01157	0.01252	0.09420	0.00303	0.00830	0.00577	0.00560	0.00966
54	0.01144	0.00572	0.00858	0.00858	0.00858	0.00572	0.00572	0.00858	0.00858	0.01144	0.01144	0.02001	0.01144	0.02287	0.02573	0.80846	0.00572	0.00572	0.00286	0.00286
55	0.81514	0.01273	0.00968	0.00866	0.01273	0.01477	0.00713	0.01935	0.01120	0.02954	0.00917	0.01069	0.00713	0.00611	0.00407	0.00204	0.00509	0.00356	0.00407	0.00713
56	0.00806	0.00668	0.00706	0.00696	0.00906	0.00568	0.00522	0.00999	0.01566	0.01934	0.18577	0.06079	0.60485	0.01609	0.00778	0.00220	0.00329	0.01353	0.00632	0.00568
57	0.01360	0.07428	0.65048	0.01892	0.02823	0.01598	0.06746	0.02080	0.01398	0.02056	0.01176	0.01396	0.00845	0.00617	0.00624	0.00206	0.00967	0.00498	0.00282	0.00960
58	0.01425	0.01104	0.01322	0.01259	0.06632	0.01093	0.00894	0.14131	0.09779	0.04153	0.20800	0.08078	0.11129	0.03475	0.00778	0.00211	0.00491	0.00927	0.00602	0.11719
59	0.01320	0.03405	0.73453	0.01876	0.02849	0.01529	0.02432	0.02085	0.01390	0.02085	0.01181	0.01390	0.00834	0.00625	0.00625	0.00208	0.00973	0.00486	0.00278	0.00973
60	0.01752	0.08545	0.09338	0.12067	0.08009	0.16013	0.03748	0.02623	0.25017	0.03854	0.01670	0.01782	0.01279	0.00724	0.00629	0.00201	0.00806	0.00585	0.00443	0.00916
61	0.01733	0.01673	0.07253	0.09011	0.02394	0.01696	0.11350	0.16252	0.35702	0.02779	0.02006	0.02036	0.01488	0.00781	0.00679	0.00217	0.00716	0.00684	0.00552	0.00999
62	0.07293	0.01572	0.01687	0.01347	0.01829	0.01702	0.01093	0.36375	0.20967	0.08601	0.01865	0.01808	0.01354	0.00778	0.00629	0.00195	0.00620	0.00603	0.00630	0.09054
63	0.00887	0.00667	0.00821	0.00792	0.00959	0.00601	0.00590	0.01153	0.01745	0.02380	0.52765	0.08520	0.22786	0.01459	0.00780	0.00214	0.00320	0.01271	0.00691	0.00601
64	0.00917	0.00660	0.00884	0.00976	0.01086	0.00628	0.00748	0.01145	0.01513	0.02040	0.22864	0.33430	0.06587	0.01777	0.00842	0.00260	0.00429	0.21991	0.00641	0.00581
65	0.01696	0.34891	0.30266	0.01578	0.04573	0.04267	0.01681	0.10239	0.01590	0.02089	0.01112	0.01271	0.00880	0.00619	0.00542	0.00176	0.00828	0.00443	0.00329	0.00931
66	0.01243	0.01170	0.01975	0.75282	0.04534	0.01463	0.01828	0.01682	0.01316	0.01682	0.01170	0.01755	0.00878	0.00658	0.00658	0.00219	0.00878	0.00585	0.00293	0.00731
67	0.01002	0.00774	0.00979	0.00973	0.01061	0.03470	0.00704	0.01159	0.01056	0.01451	0.01835	0.03085	0.01855	0.27773	0.48873	0.00891	0.01382	0.00776	0.00367	0.00534
68	0.01115	0.00691	0.00899	0.00966	0.01084	0.00650	0.00677	0.02917	0.03169	0.10144	0.03503	0.62496	0.05436	0.01847	0.00809	0.00256	0.00413	0.01660	0.00638	0.00631
69	0.01624	0.01449	0.02349	0.16392	0.44301	0.01507	0.03961	0.08511	0.01625	0.04391	0.01573	0.04284	0.03671	0.00712	0.00669	0.00204	0.00769	0.00666	0.00386	0.00957
70	0.08949	0.02288	0.08815	0.02112	0.12007	0.30208	0.14465	0.02200	0.01605	0.01969	0.01355	0.03879	0.01188	0.00748	0.00651	0.00202	0.00974	0.05199	0.00362	0.00823
71	0.01320	0.03405	0.73453	0.01876	0.02849	0.01529	0.02432	0.02085	0.01390	0.02085	0.01181	0.01390	0.00834	0.00625	0.00625	0.00208	0.00973	0.00486	0.00278	0.00973
72	0.01511	0.01416	0.01432	0.01083	0.01626	0.09514	0.00855	0.01890	0.05957	0.02122	0.01250	0.01415	0.01027	0.00536	0.00512	0.00114	0.00572	0.00417	0.00402	0.66351
73	0.01245	0.00805	0.00953	0.00874	0.01091	0.00762	0.00653	0.06397	0.01587	0.10972	0.14758	0.08498	0.27226	0.13153	0.07739	0.00356	0.00564	0.01108	0.00603	0.00656
74	0.01635	0.08089	0.22450	0.01831	0.02419	0.09507	0.15685	0.06717	0.08246	0.02135	0.01331	0.01577	0.01036	0.00829	0.03105	0.00232	0.08046	0.00572	0.00367	0.04192
75	0.01001	0.00682	0.00825	0.00831	0.00989	0.00618	0.00609	0.01186	0.01498	0.06525	0.20176	0.19259	0.25937	0.10618	0.01100	0.00282	0.00409	0.06242	0.00625	0.00588
76	0.01701	0.01446	0.01525	0.01353	0.01736	0.01667	0.01057	0.08451	0.66511	0.02857	0.02598	0.02392	0.01944	0.00886	0.00669	0.00221	0.00536	0.00733	0.00669	0.01048
77	0.00801	0.00576	0.00761	0.00908	0.00953	0.00535	0.00607	0.00918	0.01269	0.01684	0.03733	0.74023	0.06697	0.02049	0.00838	0.00266	0.00380	0.01855	0.00611	0.00535
78	0.81514	0.01273	0.00968	0.00866	0.01273	0.01477	0.00713	0.01935	0.01120	0.02954	0.00917	0.01069	0.00713	0.00611	0.00407	0.00204	0.00509	0.00356	0.00407	0.00713
79	0.01502	0.01442	0.02478	0.27214	0.48659	0.01534	0.03805	0.01913	0.01441	0.01997	0.01219	0.01674	0.00988	0.00609	0.00657	0.00204	0.00822	0.00591	0.00315	0.00937
80	0.00802	0.00573	0.00764	0.00917	0.00955	0.00535	0.00611	0.00917	0.01260	0.01681	0.03628	0.76434	0.04354	0.02062	0.00840	0.00267	0.00382	0.01872	0.00611	0.00535
81	0.01270	0.01198	0.02024	0.70258	0.09345	0.01470	0.01842	0.01706	0.01329	0.01715	0.01175	0.01746	0.00889	0.00653	0.00658	0.00218	0.00871	0.00585	0.00295	0.00753
82	0.00952	0.00661	0.00835	0.00835	0.00876	0.00702	0.00545	0.01032	0.00992	0.01363	0.01967	0.03715	0.02136	0.52108	0.27755	0.00783	0.01025	0.00871	0.00383	0.00464
83	0.00951	0.00657	0.00812	0.00816	0.00856	0.00678	0.00526	0.01032	0.01058	0.01445	0.06618	0.05625	0.02556	0.52880	0.18418	0.00685	0.00854	0.02649	0.00420	0.00462
84	0.07447	0.02932	0.05201	0.01728	0.02124	0.61022	0.06242	0.02522	0.01774	0.01755	0.01041	0.01231	0.00849	0.00663	0.00596	0.00177	0.01128	0.00448	0.00340	0.00778
85	0.07564	0.03017	0.01808	0.01642	0.01986	0.69524	0.01236	0.02584	0.01817	0.01698	0.01011	0.01180	0.00839	0.00674	0.00582	0.00172	0.01143	0.00420	0.00344	0.00760
86	0.02136	0.01638	0.04097	0.01398	0.01856	0.03419	0.01154	0.35669	0.21926	0.10371	0.04660	0.05133	0.01727	0.00887	0.00671	0.00208	0.00641	0.00710	0.00657	0.01042
87	0.01034	0.00780	0.01037	0.04498	0.04258	0.00789	0.00822	0.05652	0.04139	0.01949	0.05460	0.50450	0.03697	0.04269	0.00895	0.00270	0.00478	0.08310	0.00586	0.00628
88	0.07441	0.13677	0.02302	0.05366	0.25350	0.23562	0.01461	0.04999	0.01640	0.06599	0.01199	0.01412	0.00965	0.00638	0.00583	0.00181	0.00861	0.00491	0.00372	0.00901
89	0.01645	0.01974	0.18019	0.09813	0.25379	0.04086	0.03432	0.14557	0.01732	0.02381	0.01507	0.01789	0.03991	0.00847	0.03059	0.00233	0.03618	0.00601	0.00385	0.00950

[dist]
# distance from previous block
# <min> <max>
0	49

[block]
# block no. 3 follows, 33 sequences, length 24
# corresponding to MSA columns:
# 317-340
name=unknown_D
#
# <colnr> <probs for GDERKNQSTAVLIFYWHMCP>
#	G	D	E	R	K	N	Q	S	T	A	V	L	I	F	Y	W	H	M	C	P
0	0.17235	0.03949	0.03654	0.01883	0.18760	0.06536	0.01238	0.16381	0.01751	0.04588	0.01558	0.10959	0.01402	0.00828	0.00606	0.00197	0.00670	0.00673	0.00465	0.06668
1	0.07080	0.01497	0.04688	0.02251	0.18274	0.03212	0.17285	0.06164	0.01537	0.04192	0.06671	0.10994	0.01775	0.00911	0.00886	0.00224	0.10277	0.00809	0.00425	0.00848
2	0.02247	0.02779	0.05225	0.01912	0.08482	0.54133	0.03683	0.07375	0.01868	0.01884	0.01187	0.03911	0.01012	0.00720	0.00620	0.00181	0.01077	0.00516	0.00368	0.00820
3	0.01121	0.00813	0.01044	0.01033	0.03444	0.00832	0.03053	0.06113	0.01212	0.01628	0.02094	0.04093	0.02281	0.53401	0.08284	0.00578	0.00751	0.07272	0.00429	0.00524
4	0.02420	0.01924	0.01921	0.01515	0.02011	0.08675	0.01234	0.58157	0.09237	0.03787	0.01629	0.01624	0.01176	0.00789	0.00654	0.00197	0.00749	0.00591	0.00630	0.01080
5	0.01498	0.05349	0.53201	0.01788	0.02633	0.01565	0.06122	0.09397	0.01605	0.03770	0.03503	0.01550	0.01066	0.00659	0.00632	0.00202	0.00900	0.00533	0.00351	0.03676
6	0.07664	0.07170	0.08297	0.01472	0.04081	0.18554	0.01220	0.10858	0.17559	0.05761	0.05951	0.02079	0.03437	0.00817	0.00624	0.00198	0.00749	0.02103	0.00506	0.00899
7	0.02559	0.05516	0.01918	0.01618	0.08413	0.12509	0.01205	0.23451	0.02187	0.31191	0.01839	0.01764	0.01262	0.00753	0.00638	0.00193	0.00733	0.00582	0.00623	0.01045
8	0.02925	0.01166	0.01556	0.01193	0.01703	0.01035	0.00985	0.07459	0.01961	0.68855	0.02533	0.02199	0.01597	0.00813	0.00662	0.00203	0.00571	0.00658	0.00805	0.01120
9	0.00941	0.00682	0.00962	0.01060	0.01163	0.00709	0.00831	0.01158	0.01275	0.01721	0.02929	0.26402	0.03222	0.04967	0.24827	0.00547	0.00917	0.24595	0.00519	0.00573
10	0.02874	0.01248	0.01607	0.01232	0.01744	0.01157	0.01018	0.15095	0.02098	0.61025	0.02418	0.02124	0.01540	0.00810	0.00661	0.00203	0.00589	0.00650	0.00787	0.01120
11	0.00863	0.00617	0.00829	0.00956	0.01028	0.00584	0.00689	0.01034	0.01380	0.01852	0.12344	0.55594	0.04494	0.01930	0.00844	0.00266	0.00411	0.13103	0.00625	0.00558
12	0.02506	0.01137	0.01448	0.01148	0.01575	0.01066	0.00918	0.10090	0.05784	0.50219	0.05251	0.02543	0.01875	0.10151	0.00996	0.00257	0.00575	0.00717	0.00735	0.01007
13	0.01030	0.00734	0.00923	0.00867	0.01049	0.00695	0.00653	0.01427	0.06658	0.04851	0.57409	0.08007	0.10469	0.01353	0.00768	0.00212	0.00338	0.01188	0.00710	0.00658
14	0.01243	0.01170	0.01975	0.75282	0.04534	0.01463	0.01828	0.01682	0.01316	0.01682	0.01170	0.01755	0.00878	0.00658	0.00658	0.00219	0.00878	0.00585	0.00293	0.00731
15	0.02503	0.01844	0.01976	0.01515	0.02042	0.02042	0.01251	0.70562	0.03095	0.04149	0.01581	0.01581	0.01120	0.00790	0.00659	0.00198	0.00724	0.00593	0.00659	0.01120
16	0.00861	0.00722	0.00756	0.00738	0.00962	0.00643	0.00556	0.01170	0.06607	0.01968	0.15449	0.05860	0.58261	0.01567	0.00770	0.00220	0.00344	0.01315	0.00631	0.00600
17	0.00814	0.00659	0.00705	0.00710	0.00892	0.00569	0.00515	0.00982	0.01486	0.01841	0.14467	0.11051	0.53496	0.07686	0.00989	0.00257	0.00358	0.01364	0.00609	0.00550
18	0.38000	0.01225	0.01300	0.01052	0.01517	0.01249	0.00868	0.06028	0.01604	0.38376	0.01796	0.01685	0.01195	0.00723	0.00548	0.00203	0.00546	0.00522	0.00625	0.00938
19	0.13132	0.01165	0.01378	0.01118	0.01537	0.01150	0.00906	0.10779	0.07171	0.36473	0.15645	0.02531	0.02351	0.00892	0.00649	0.00205	0.00522	0.00720	0.00712	0.00963
20	0.00813	0.00598	0.00763	0.00870	0.00948	0.00548	0.00596	0.00957	0.01363	0.01803	0.11810	0.58160	0.14505	0.01924	0.00824	0.00254	0.00367	0.01725	0.00624	0.00548
21	0.01108	0.00595	0.00892	0.00892	0.00912	0.00615	0.00615	0.00912	0.00892	0.01210	0.01250	0.02102	0.01230	0.02744	0.14935	0.67086	0.00777	0.00595	0.00297	0.00338
22	0.02462	0.01254	0.01525	0.01224	0.01687	0.01235	0.00993	0.11701	0.18201	0.43864	0.02727	0.02448	0.05827	0.00880	0.00670	0.00209	0.00559	0.00715	0.00749	0.01069
23	0.01380	0.01164	0.05441	0.01077	0.01380	0.01098	0.00905	0.19462	0.01977	0.02732	0.26480	0.03598	0.14331	0.01442	0.06464	0.00272	0.03039	0.00927	0.06068	0.00762

[dist]
# distance from previous block
# <min> <max>
1	11

[block]
# block no. 4 follows, 33 sequences, length 13
# corresponding to MSA columns:
# 352-364
name=unknown_E
#
# <colnr> <probs for GDERKNQSTAVLIFYWHMCP>
#	G	D	E	R	K	N	Q	S	T	A	V	L	I	F	Y	W	H	M	C	P
0	0.01407	0.03719	0.09616	0.01397	0.07008	0.01143	0.03199	0.09973	0.01534	0.02200	0.01694	0.13151	0.01644	0.08955	0.00903	0.00218	0.00619	0.00737	0.00435	0.30445
1	0.01898	0.10766	0.11705	0.05627	0.05814	0.17304	0.18912	0.02278	0.01565	0.10775	0.01311	0.01545	0.00993	0.00671	0.00746	0.00201	0.06058	0.00569	0.00376	0.00884
2	0.01438	0.02806	0.01362	0.04881	0.05723	0.00941	0.03510	0.04853	0.03768	0.14932	0.02802	0.38366	0.02899	0.01625	0.04455	0.00281	0.00595	0.03424	0.00588	0.00751
3	0.02007	0.01099	0.01353	0.01124	0.01494	0.01083	0.00896	0.09123	0.14925	0.30460	0.25278	0.03090	0.03145	0.01000	0.00700	0.00208	0.00487	0.00843	0.00743	0.00943
4	0.03584	0.01347	0.12905	0.04746	0.01602	0.01138	0.01073	0.05449	0.07916	0.01972	0.06976	0.03079	0.08423	0.20070	0.10976	0.00432	0.06375	0.00799	0.00442	0.00696
5	0.01532	0.06758	0.06167	0.17559	0.42307	0.01642	0.07231	0.01940	0.01428	0.01984	0.01190	0.01606	0.00975	0.00625	0.00716	0.00203	0.04307	0.00580	0.00313	0.00937
6	0.00957	0.00638	0.00718	0.00718	0.00718	0.00638	0.00399	0.00957	0.00957	0.01276	0.02074	0.04308	0.02393	0.76864	0.03351	0.00638	0.00638	0.00957	0.00399	0.00399
7	0.00780	0.00660	0.00674	0.00685	0.00894	0.00554	0.00508	0.00943	0.01484	0.01772	0.06455	0.11277	0.67688	0.01695	0.00782	0.00225	0.00337	0.01423	0.00611	0.00554
8	0.01852	0.45092	0.05079	0.04431	0.05178	0.10561	0.01240	0.07895	0.01559	0.04508	0.01139	0.01331	0.00963	0.00911	0.05540	0.00222	0.00848	0.00441	0.00348	0.00860
9	0.01839	0.47507	0.09159	0.01665	0.10926	0.04207	0.04779	0.02141	0.01445	0.09133	0.01177	0.01320	0.00958	0.00601	0.00516	0.00165	0.00756	0.00449	0.00346	0.00909
10	0.01429	0.01432	0.01898	0.01649	0.01678	0.05183	0.01361	0.01584	0.01053	0.01579	0.00976	0.01562	0.00955	0.01572	0.10502	0.00372	0.63625	0.00584	0.00298	0.00707
11	0.00806	0.00668	0.00706	0.00696	0.00906	0.00568	0.00522	0.00999	0.01567	0.01935	0.18625	0.06078	0.60437	0.01609	0.00778	0.00220	0.00329	0.01353	0.00632	0.00568
12	0.00895	0.00656	0.00858	0.00989	0.01078	0.00633	0.00729	0.01128	0.04142	0.01798	0.03733	0.53038	0.08075	0.01935	0.00846	0.00271	0.00438	0.17572	0.00612	0.00573

[dist]
# distance from previous block
# <min> <max>
0	1

[block]
# block no. 5 follows, 33 sequences, length 88
# corresponding to MSA columns:
# 366-453
name=unknown_F
#
# <colnr> <probs for GDERKNQSTAVLIFYWHMCP>
#	G	D	E	R	K	N	Q	S	T	A	V	L	I	F	Y	W	H	M	C	P
0	0.05882	0.01820	0.01933	0.01487	0.02009	0.02017	0.01228	0.67627	0.03011	0.04098	0.01552	0.01559	0.01102	0.00783	0.00648	0.00198	0.00715	0.00583	0.00648	0.01102
1	0.01243	0.01170	0.01975	0.75282	0.04534	0.01463	0.01828	0.01682	0.01316	0.01682	0.01170	0.01755	0.00878	0.00658	0.00658	0.00219	0.00878	0.00585	0.00293	0.00731
2	0.01593	0.01533	0.02580	0.07470	0.63159	0.01598	0.01961	0.01966	0.01447	0.02078	0.01203	0.01619	0.01019	0.00639	0.00782	0.00205	0.07242	0.00586	0.00321	0.00999
3	0.00802	0.00573	0.00764	0.00917	0.00955	0.00535	0.00611	0.00917	0.01260	0.01681	0.03628	0.76434	0.04354	0.02062	0.00840	0.00267	0.00382	0.01872	0.00611	0.00535
4	0.01746	0.74542	0.03375	0.01121	0.01685	0.02543	0.01114	0.01960	0.01339	0.01570	0.00924	0.01067	0.00849	0.00561	0.00425	0.00139	0.00696	0.00353	0.00285	0.03704
5	0.00889	0.00685	0.00817	0.00774	0.00966	0.00605	0.00582	0.01146	0.01716	0.02311	0.46305	0.05330	0.30246	0.01438	0.00768	0.00209	0.00324	0.01239	0.00673	0.02976
6	0.02011	0.01580	0.01830	0.01763	0.11455	0.01748	0.01248	0.27991	0.33872	0.06199	0.02076	0.02012	0.01535	0.00810	0.00663	0.00209	0.00633	0.00664	0.00625	0.01074
7	0.01630	0.05910	0.02618	0.16378	0.48041	0.01583	0.06556	0.02024	0.01480	0.05648	0.01283	0.01659	0.01029	0.00607	0.00649	0.00199	0.00806	0.00589	0.00343	0.00969
8	0.00868	0.00640	0.00827	0.00952	0.01053	0.00599	0.00712	0.01042	0.01372	0.01776	0.04135	0.45254	0.16421	0.01926	0.00848	0.00269	0.00434	0.19705	0.00610	0.00558
9	0.00957	0.00638	0.00718	0.00718	0.00718	0.00638	0.00399	0.00957	0.00957	0.01276	0.02074	0.04308	0.02393	0.76864	0.03351	0.00638	0.00638	0.00957	0.00399	0.00399
10	0.01581	0.01556	0.05923	0.02169	0.02706	0.01408	0.42798	0.05488	0.01612	0.08157	0.01866	0.07240	0.01623	0.00998	0.03423	0.00261	0.00955	0.08941	0.00439	0.00856
11	0.00957	0.00638	0.00718	0.00718	0.00718	0.00638	0.00399	0.00957	0.00957	0.01276	0.02074	0.04308	0.02393	0.76864	0.03351	0.00638	0.00638	0.00957	0.00399	0.00399
12	0.01320	0.03405	0.73453	0.01876	0.02849	0.01529	0.02432	0.02085	0.01390	0.02085	0.01181	0.01390	0.00834	0.00625	0.00625	0.00208	0.00973	0.00486	0.00278	0.00973
13	0.01631	0.01877	0.03529	0.02580	0.03157	0.08640	0.57759	0.02113	0.01536	0.02016	0.01261	0.01690	0.00973	0.00619	0.00880	0.00223	0.07600	0.00726	0.00330	0.00861
14	0.01365	0.01170	0.01365	0.00975	0.01560	0.00878	0.00780	0.01658	0.01365	0.02145	0.01170	0.01365	0.00975	0.00488	0.00488	0.00098	0.00488	0.00390	0.00390	0.80888
15	0.01678	0.01405	0.01490	0.01335	0.01711	0.01617	0.01040	0.03489	0.69419	0.04927	0.02677	0.02450	0.01998	0.00891	0.00670	0.00223	0.00522	0.00742	0.00674	0.01044
16	0.01243	0.01170	0.01975	0.75282	0.04534	0.01463	0.01828	0.01682	0.01316	0.01682	0.01170	0.01755	0.00878	0.00658	0.00658	0.00219	0.00878	0.00585	0.00293	0.00731
17	0.01320	0.03405	0.73453	0.01876	0.02849	0.01529	0.02432	0.02085	0.01390	0.02085	0.01181	0.01390	0.00834	0.00625	0.00625	0.00208	0.00973	0.00486	0.00278	0.00973
18	0.00802	0.00573	0.00764	0.00917	0.00955	0.00535	0.00611	0.00917	0.01260	0.01681	0.03628	0.76434	0.04354	0.02062	0.00840	0.00267	0.00382	0.01872	0.00611	0.00535
19	0.02850	0.01287	0.01631	0.01250	0.01764	0.01214	0.01033	0.18690	0.02163	0.57339	0.02364	0.02089	0.01512	0.00809	0.00661	0.00202	0.00598	0.00646	0.00779	0.01120
20	0.01695	0.01128	0.01574	0.13761	0.10225	0.01177	0.01219	0.04486	0.12896	0.17950	0.12252	0.03330	0.02486	0.01014	0.00718	0.00225	0.00609	0.11780	0.00597	0.00880
21	0.00802	0.00573	0.00764	0.00917	0.00955	0.00535	0.00611	0.00917	0.01260	0.01681	0.03628	0.76434	0.04354	0.02062	0.00840	0.00267	0.00382	0.01872	0.00611	0.00535
22	0.01227	0.00614	0.00614	0.00614	0.00767	0.00614	0.00460	0.01534	0.01381	0.02454	0.02148	0.02454	0.01687	0.00767	0.00460	0.00153	0.00307	0.00614	0.80518	0.00614
23	0.01401	0.01653	0.15844	0.49304	0.06319	0.01490	0.01860	0.04382	0.05000	0.04581	0.01319	0.01727	0.00969	0.00672	0.00652	0.00215	0.00857	0.00577	0.00343	0.00834
24	0.01243	0.01170	0.01975	0.75282	0.04534	0.01463	0.01828	0.01682	0.01316	0.01682	0.01170	0.01755	0.00878	0.00658	0.00658	0.00219	0.00878	0.00585	0.00293	0.00731
25	0.01334	0.03310	0.69386	0.01929	0.02884	0.01537	0.06403	0.02086	0.01399	0.02086	0.01190	0.01412	0.00844	0.00621	0.00634	0.00209	0.00981	0.00503	0.00281	0.00968
26	0.57228	0.01665	0.03235	0.04854	0.01648	0.14212	0.00936	0.03930	0.01341	0.04451	0.01015	0.01177	0.00783	0.00636	0.00472	0.00199	0.00667	0.00398	0.00403	0.00751
27	0.00818	0.00580	0.00759	0.00896	0.00930	0.00545	0.00589	0.00921	0.01229	0.01639	0.03468	0.68967	0.04151	0.09807	0.01100	0.00306	0.00408	0.01777	0.00589	0.00521
28	0.01549	0.06554	0.35811	0.02098	0.07454	0.01569	0.18843	0.02114	0.01462	0.08026	0.01488	0.01716	0.03256	0.00677	0.00736	0.00211	0.04542	0.00606	0.00351	0.00936
29	0.01529	0.01305	0.02167	0.35192	0.27883	0.01400	0.03800	0.01921	0.01438	0.08023	0.01394	0.03925	0.01112	0.00675	0.00655	0.00204	0.00786	0.00624	0.00365	0.05604
30	0.01365	0.01170	0.01365	0.00975	0.01560	0.00878	0.00780	0.01658	0.01365	0.02145	0.01170	0.01365	0.00975	0.00488	0.00488	0.00098	0.00488	0.00390	0.00390	0.80888
31	0.00946	0.00738	0.00897	0.00845	0.01024	0.00708	0.00641	0.01291	0.05284	0.02376	0.48586	0.05040	0.23511	0.01401	0.00824	0.00215	0.03173	0.01198	0.00675	0.00629
32	0.02503	0.01844	0.01976	0.01515	0.02042	0.02042	0.01251	0.70562	0.03095	0.04149	0.01581	0.01581	0.01120	0.00790	0.00659	0.00198	0.00724	0.00593	0.00659	0.01120
33	0.01544	0.01478	0.02519	0.19704	0.57758	0.01542	0.01978	0.01946	0.01459	0.02048	0.01223	0.01657	0.01006	0.00602	0.00653	0.00201	0.00803	0.00586	0.00319	0.00974
34	0.00802	0.00573	0.00764	0.00917	0.00955	0.00535	0.00611	0.00917	0.01260	0.01681	0.03628	0.76434	0.04354	0.02062	0.00840	0.00267	0.00382	0.01872	0.00611	0.00535
35	0.00880	0.00665	0.00822	0.00902	0.01018	0.00628	0.00648	0.01142	0.05350	0.01904	0.12930	0.44224	0.17886	0.01809	0.00815	0.00251	0.00388	0.06526	0.00629	0.00584
36	0.02954	0.01120	0.01528	0.01171	0.01681	0.00968	0.00968	0.03208	0.01884	0.73213	0.02597	0.02241	0.01630	0.00815	0.00662	0.00204	0.00560	0.00662	0.00815	0.01120
37	0.01320	0.03405	0.73453	0.01876	0.02849	0.01529	0.02432	0.02085	0.01390	0.02085	0.01181	0.01390	0.00834	0.00625	0.00625	0.00208	0.00973	0.00486	0.00278	0.00973
38	0.02440	0.01924	0.01933	0.01518	0.02018	0.08115	0.01239	0.60232	0.07675	0.03839	0.01608	0.01607	0.01157	0.00788	0.00654	0.00197	0.00750	0.00589	0.00632	0.01084
39	0.81514	0.01273	0.00968	0.00866	0.01273	0.01477	0.00713	0.01935	0.01120	0.02954	0.00917	0.01069	0.00713	0.00611	0.00407	0.00204	0.00509	0.00356	0.00407	0.00713
40	0.01243	0.01170	0.01975	0.75282	0.04534	0.01463	0.01828	0.01682	0.01316	0.01682	0.01170	0.01755	0.00878	0.00658	0.00658	0.00219	0.00878	0.00585	0.00293	0.00731
41	0.01125	0.00876	0.01025	0.01075	0.01160	0.05649	0.00770	0.01256	0.01314	0.06395	0.03083	0.58275	0.03557	0.01788	0.00957	0.00259	0.08704	0.01553	0.00571	0.00609
42	0.02503	0.01844	0.01976	0.01515	0.02042	0.02042	0.01251	0.70562	0.03095	0.04149	0.01581	0.01581	0.01120	0.00790	0.00659	0.00198	0.00724	0.00593	0.00659	0.01120
43	0.01610	0.01544	0.02637	0.07669	0.69283	0.01559	0.02011	0.02003	0.01490	0.02127	0.01235	0.01636	0.01034	0.00590	0.00652	0.00197	0.00787	0.00586	0.00324	0.01027
44	0.02832	0.01360	0.01643	0.01269	0.01777	0.03847	0.01044	0.18728	0.02163	0.54706	0.02306	0.02051	0.01484	0.00804	0.00659	0.00201	0.00621	0.00637	0.00762	0.01107
45	0.01365	0.01170	0.01365	0.00975	0.01560	0.00878	0.00780	0.01658	0.01365	0.02145	0.01170	0.01365	0.00975	0.00488	0.00488	0.00098	0.00488	0.00390	0.00390	0.80888
46	0.00915	0.00664	0.00862	0.00830	0.00978	0.00611	0.00616	0.01204	0.01799	0.02527	0.64150	0.11015	0.08521	0.01418	0.00782	0.00213	0.00317	0.01256	0.00711	0.00611
47	0.00957	0.00641	0.00731	0.00731	0.00735	0.00645	0.00415	0.00966	0.00961	0.01286	0.02063	0.04243	0.02365	0.74148	0.06028	0.00654	0.00681	0.00948	0.00397	0.00406
48	0.00789	0.00667	0.00681	0.00678	0.00896	0.00560	0.00508	0.00965	0.01525	0.01837	0.11166	0.06239	0.67956	0.01645	0.00778	0.00221	0.00332	0.01376	0.00619	0.00560
49	0.00906	0.00672	0.00845	0.00802	0.00968	0.00610	0.00601	0.01193	0.01804	0.02498	0.61543	0.05152	0.17168	0.01399	0.00777	0.00210	0.00314	0.01223	0.00706	0.00610
50	0.71310	0.01294	0.01101	0.00976	0.01331	0.01546	0.00806	0.01890	0.01106	0.02779	0.00910	0.01117	0.00732	0.00680	0.00631	0.00214	0.10085	0.00384	0.00392	0.00714
51	0.00994	0.00687	0.00900	0.00839	0.01005	0.00632	0.00632	0.01303	0.01864	0.04825	0.70249	0.04835	0.06070	0.01329	0.00773	0.00207	0.00318	0.01174	0.00727	0.00637
52	0.00957	0.00638	0.00718	0.00718	0.00718	0.00638	0.00399	0.00957	0.00957	0.01276	0.02074	0.04308	0.02393	0.76864	0.03351	0.00638	0.00638	0.00957	0.00399	0.00399
53	0.02516	0.01822	0.01962	0.01504	0.02030	0.02008	0.01243	0.68481	0.03058	0.06283	0.01612	0.01601	0.01135	0.00791	0.00659	0.00198	0.00719	0.00595	0.00663	0.01120
54	0.77043	0.05533	0.01107	0.00880	0.01296	0.01540	0.00736	0.01937	0.01133	0.02875	0.00917	0.01069	0.00720	0.00608	0.00408	0.00200	0.00520	0.00356	0.00400	0.00720
55	0.01564	0.09688	0.42479	0.01795	0.06580	0.03854	0.01906	0.11287	0.06025	0.02321	0.01437	0.05579	0.01153	0.00737	0.00626	0.00203	0.00849	0.00584	0.00377	0.00959
56	0.01363	0.03395	0.70789	0.01870	0.02819	0.04234	0.02389	0.02105	0.01408	0.02067	0.01175	0.01382	0.00834	0.00627	0.00624	0.00207	0.00981	0.00484	0.00280	0.00965
57	0.01627	0.01556	0.02583	0.03632	0.60174	0.01579	0.05376	0.02213	0.10430	0.02225	0.01427	0.01742	0.01164	0.00624	0.00660	0.00200	0.00766	0.00616	0.00370	0.01035
58	0.00801	0.00576	0.00761	0.00909	0.00953	0.00535	0.00608	0.00918	0.01268	0.01684	0.03726	0.74186	0.06539	0.02050	0.00838	0.00266	0.00380	0.01856	0.00611	0.00535
59	0.81514	0.01273	0.00968	0.00866	0.01273	0.01477	0.00713	0.01935	0.01120	0.02954	0.00917	0.01069	0.00713	0.00611	0.00407	0.00204	0.00509	0.00356	0.00407	0.00713
