[name]
unknown

[dist]
# distance from previous block
# <min> <max>
0	42

[block]
# block no. 0 follows, 32 sequences, length 143
# corresponding to MSA columns:
# 42-184
name=unknown_A
#
# <colnr> <probs for GDERKNQSTAVLIFYWHMCP>
#	G	D	E	R	K	N	Q	S	T	A	V	L	I	F	Y	W	H	M	C	P
0	0.04066	0.01806	0.04157	0.06872	0.04269	0.22184	0.04158	0.08322	0.01718	0.06050	0.04153	0.09660	0.01830	0.07426	0.00913	0.00244	0.00819	0.05215	0.00466	0.05674
1	0.01589	0.01787	0.10649	0.08321	0.26522	0.01572	0.24690	0.02195	0.07012	0.04403	0.01515	0.03986	0.01209	0.00674	0.00712	0.00216	0.00898	0.00706	0.00379	0.00965
2	0.01632	0.35784	0.31780	0.01511	0.02227	0.05529	0.01694	0.02241	0.08199	0.01926	0.01225	0.01362	0.00972	0.00639	0.00549	0.00181	0.00836	0.00458	0.00327	0.00930
3	0.00864	0.00657	0.00791	0.00856	0.00975	0.00605	0.00599	0.01079	0.03714	0.01907	0.14646	0.40838	0.23513	0.04592	0.00918	0.00263	0.00379	0.01594	0.00634	0.00576
4	0.02452	0.01821	0.01961	0.01497	0.02039	0.01980	0.01234	0.64171	0.03004	0.04055	0.01575	0.01592	0.01129	0.00779	0.00656	0.00193	0.00718	0.00586	0.00648	0.07911
5	0.01267	0.01193	0.02013	0.74806	0.04621	0.01491	0.01863	0.01714	0.01342	0.01714	0.01193	0.01789	0.00894	0.00671	0.00671	0.00224	0.00894	0.00596	0.00298	0.00745
6	0.01643	0.01577	0.02692	0.07214	0.69273	0.01590	0.02051	0.02044	0.01520	0.02171	0.01259	0.01666	0.01055	0.00601	0.00665	0.00200	0.00801	0.00598	0.00331	0.01049
7	0.01820	0.74097	0.03456	0.01170	0.01735	0.05286	0.01154	0.02034	0.01383	0.01581	0.00937	0.01081	0.00861	0.00578	0.00437	0.00145	0.00736	0.00361	0.00289	0.00858
8	0.01661	0.01594	0.02724	0.04119	0.72233	0.01594	0.02059	0.02059	0.01528	0.02192	0.01262	0.01661	0.01063	0.00598	0.00664	0.00199	0.00797	0.00598	0.00332	0.01063
9	0.01333	0.01260	0.02131	0.63012	0.15902	0.01508	0.01896	0.01772	0.01373	0.01794	0.01204	0.01768	0.00923	0.00659	0.00670	0.00220	0.00878	0.00597	0.00304	0.00798
10	0.01267	0.01193	0.02013	0.74806	0.04621	0.01491	0.01863	0.01714	0.01342	0.01714	0.01193	0.01789	0.00894	0.00671	0.00671	0.00224	0.00894	0.00596	0.00298	0.00745
11	0.01178	0.01037	0.01433	0.01308	0.01356	0.01328	0.01030	0.01333	0.01096	0.01604	0.04199	0.07138	0.03853	0.13277	0.21801	0.00554	0.34662	0.00809	0.00374	0.00629
12	0.02422	0.03070	0.02091	0.01830	0.02206	0.67092	0.07605	0.02631	0.01872	0.01689	0.01067	0.01265	0.00878	0.00680	0.00622	0.00178	0.01203	0.00465	0.00345	0.00790
13	0.00854	0.00650	0.00734	0.00782	0.00901	0.00588	0.00537	0.00974	0.01331	0.01671	0.04716	0.25086	0.34430	0.19574	0.01438	0.00343	0.00437	0.03858	0.00571	0.00524
14	0.01346	0.03471	0.72942	0.01912	0.02904	0.01558	0.02479	0.02125	0.01417	0.02125	0.01204	0.01417	0.00850	0.00637	0.00637	0.00212	0.00992	0.00496	0.00283	0.00992
15	0.07279	0.02049	0.01814	0.01488	0.01944	0.18404	0.01190	0.40630	0.09299	0.03309	0.01783	0.01795	0.04378	0.00819	0.00647	0.00199	0.00795	0.00602	0.00579	0.00998
16	0.01601	0.01533	0.02616	0.14842	0.61977	0.01579	0.02030	0.02007	0.01500	0.02120	0.01252	0.01680	0.01037	0.00609	0.00665	0.00203	0.00812	0.00598	0.00327	0.01015
17	0.00935	0.00685	0.00876	0.00828	0.00993	0.00627	0.00621	0.01237	0.01864	0.02607	0.65637	0.05151	0.12626	0.01403	0.00792	0.00213	0.00319	0.01233	0.00728	0.00627
18	0.16425	0.01770	0.01585	0.03755	0.01835	0.16217	0.01096	0.22150	0.07113	0.08487	0.01707	0.02192	0.01400	0.05188	0.00791	0.00234	0.00757	0.05867	0.00541	0.00890
19	0.01661	0.01594	0.02724	0.04119	0.72233	0.01594	0.02059	0.02059	0.01528	0.02192	0.01262	0.01661	0.01063	0.00598	0.00664	0.00199	0.00797	0.00598	0.00332	0.01063
20	0.00801	0.00676	0.00693	0.00697	0.00913	0.00569	0.00520	0.00975	0.01536	0.01847	0.09528	0.09062	0.66496	0.01700	0.00795	0.00228	0.00341	0.01426	0.00628	0.00569
21	0.01500	0.01236	0.02035	0.11282	0.06953	0.01366	0.13304	0.03983	0.03698	0.08844	0.04957	0.02195	0.01525	0.01989	0.21187	0.00467	0.11543	0.00706	0.00421	0.00808
22	0.01831	0.01756	0.02623	0.02025	0.02448	0.05164	0.24874	0.17873	0.10925	0.02559	0.01463	0.01743	0.01140	0.00823	0.01092	0.00235	0.19367	0.00677	0.00450	0.00932
23	0.05846	0.02257	0.01876	0.01617	0.03772	0.27991	0.01245	0.34750	0.06321	0.03018	0.01498	0.04028	0.01184	0.00801	0.00643	0.00195	0.00878	0.00584	0.00532	0.00964
24	0.00976	0.00651	0.00732	0.00732	0.00732	0.00651	0.00407	0.00976	0.00976	0.01301	0.02114	0.04391	0.02439	0.76419	0.03415	0.00651	0.00651	0.00976	0.00407	0.00407
25	0.01496	0.00969	0.01247	0.01270	0.07830	0.00937	0.00878	0.07385	0.03769	0.14984	0.13511	0.08695	0.20739	0.04127	0.08768	0.00326	0.00631	0.01032	0.00620	0.00786
26	0.01758	0.01390	0.01667	0.01801	0.15392	0.09864	0.03369	0.10003	0.01796	0.12742	0.08919	0.18410	0.05963	0.02849	0.00786	0.00227	0.00658	0.00987	0.00566	0.00852
27	0.01759	0.48100	0.22061	0.01425	0.02084	0.10972	0.01525	0.02122	0.01443	0.01734	0.01019	0.01184	0.00858	0.00605	0.00508	0.00166	0.00851	0.00405	0.00293	0.00886
28	0.01492	0.01422	0.02419	0.34400	0.43270	0.01550	0.01975	0.01912	0.01448	0.01987	0.01232	0.01716	0.00991	0.00629	0.00667	0.00210	0.00839	0.00597	0.00318	0.00927
29	0.01794	0.76823	0.03516	0.01148	0.01722	0.02655	0.01148	0.02009	0.01363	0.01579	0.00933	0.01076	0.00861	0.00574	0.00431	0.00144	0.00718	0.00359	0.00287	0.00861
30	0.01384	0.01210	0.01174	0.01083	0.01328	0.09596	0.00816	0.11168	0.08970	0.02442	0.22136	0.15589	0.15622	0.03404	0.00824	0.00232	0.00529	0.01131	0.00629	0.00733
31	0.01383	0.01361	0.02075	0.01746	0.01843	0.01783	0.08775	0.01593	0.01098	0.01662	0.01109	0.01730	0.01049	0.01849	0.15797	0.00437	0.53038	0.00635	0.00311	0.00727
32	0.00959	0.00719	0.01078	0.01078	0.01198	0.00839	0.00839	0.01198	0.01078	0.01558	0.01797	0.02636	0.01677	0.05032	0.73760	0.01078	0.01797	0.00719	0.00359	0.00599
33	0.01498	0.01442	0.02493	0.32631	0.41763	0.01557	0.05077	0.01924	0.01455	0.01997	0.01238	0.01719	0.00993	0.00626	0.00673	0.00210	0.00852	0.00606	0.00319	0.00927
34	0.01902	0.56852	0.08279	0.01319	0.01879	0.16669	0.01275	0.02151	0.01474	0.01631	0.00973	0.01128	0.00861	0.00602	0.00480	0.00154	0.00835	0.00383	0.00298	0.00854
35	0.01297	0.01226	0.02055	0.67936	0.08401	0.01518	0.01860	0.01730	0.01340	0.01738	0.01185	0.01769	0.00904	0.00686	0.00729	0.00225	0.03740	0.00596	0.00300	0.00763
36	0.00818	0.00584	0.00779	0.00934	0.00973	0.00545	0.00623	0.00934	0.01285	0.01713	0.03698	0.75981	0.04438	0.02102	0.00856	0.00273	0.00389	0.01908	0.00623	0.00545
37	0.01669	0.01441	0.01517	0.01365	0.01745	0.01669	0.01062	0.03565	0.71021	0.02807	0.02731	0.02503	0.02048	0.00910	0.00683	0.00228	0.00531	0.00759	0.00683	0.01062
38	0.02124	0.01409	0.01773	0.01552	0.05844	0.01502	0.03762	0.22533	0.12893	0.19704	0.02167	0.08888	0.01743	0.04410	0.00933	0.00242	0.06103	0.00788	0.00635	0.00997
39	0.00818	0.00584	0.00779	0.00934	0.00973	0.00545	0.00623	0.00934	0.01285	0.01713	0.03698	0.75981	0.04438	0.02102	0.00856	0.00273	0.00389	0.01908	0.00623	0.00545
40	0.01584	0.01810	0.03959	0.02828	0.03507	0.01697	0.69796	0.02149	0.01584	0.02149	0.01357	0.01810	0.01018	0.00566	0.00792	0.00226	0.01131	0.00792	0.00339	0.00905
41	0.01741	0.01414	0.01513	0.01349	0.01729	0.01612	0.01051	0.06245	0.62210	0.06291	0.02715	0.05128	0.02078	0.00945	0.00688	0.00227	0.00537	0.00790	0.00687	0.01051
42	0.01916	0.39149	0.02732	0.01419	0.01892	0.16635	0.04316	0.04650	0.14593	0.01936	0.01331	0.01437	0.01101	0.00691	0.00605	0.00177	0.03659	0.00485	0.00388	0.00888
43	0.00818	0.00584	0.00779	0.00934	0.00973	0.00545	0.00623	0.00934	0.01285	0.01713	0.03698	0.75981	0.04438	0.02102	0.00856	0.00273	0.00389	0.01908	0.00623	0.00545
44	0.01669	0.01441	0.01517	0.01365	0.01745	0.01669	0.01062	0.03565	0.71021	0.02807	0.02731	0.02503	0.02048	0.00910	0.00683	0.00228	0.00531	0.00759	0.00683	0.01062
45	0.02002	0.01607	0.01705	0.01433	0.01872	0.01825	0.01143	0.28677	0.45367	0.03344	0.02308	0.02166	0.01705	0.00871	0.00678	0.00218	0.00609	0.00700	0.00678	0.01092
46	0.00818	0.00584	0.00779	0.00934	0.00973	0.00545	0.00623	0.00934	0.01285	0.01713	0.03698	0.75981	0.04438	0.02102	0.00856	0.00273	0.00389	0.01908	0.00623	0.00545
47	0.01468	0.01468	0.02055	0.01762	0.01762	0.02055	0.01468	0.01615	0.01028	0.01615	0.00881	0.01468	0.00881	0.01174	0.02202	0.00294	0.75191	0.00587	0.00294	0.00734
48	0.01591	0.04539	0.03943	0.02767	0.03442	0.01732	0.67299	0.02144	0.01576	0.02129	0.01342	0.01783	0.01012	0.00566	0.00779	0.00223	0.01116	0.00776	0.00337	0.00903
49	0.77803	0.01293	0.01029	0.03987	0.01437	0.01505	0.00774	0.01962	0.01150	0.02956	0.00945	0.01119	0.00734	0.00625	0.00426	0.00208	0.00535	0.00373	0.00410	0.00727
50	0.05360	0.10897	0.02005	0.01588	0.01971	0.53142	0.01233	0.04967	0.09189	0.01899	0.01221	0.01342	0.00994	0.00703	0.00589	0.00178	0.01042	0.00462	0.00389	0.00827
51	0.02509	0.03116	0.01908	0.01717	0.02075	0.69262	0.01295	0.06873	0.01980	0.01803	0.01073	0.01235	0.00882	0.00699	0.00609	0.00175	0.01181	0.00443	0.00366	0.00800
52	0.13931	0.01333	0.04212	0.12415	0.11184	0.01282	0.04208	0.05959	0.04143	0.02315	0.01718	0.06493	0.04281	0.00838	0.00670	0.02265	0.00652	0.02845	0.00426	0.18831
53	0.01476	0.04219	0.14211	0.01707	0.06909	0.01254	0.12854	0.05511	0.05334	0.08428	0.04978	0.18404	0.06190	0.04387	0.00850	0.00244	0.00708	0.00992	0.00503	0.00842
54	0.00951	0.00674	0.00895	0.00912	0.00970	0.00724	0.00627	0.01072	0.01056	0.01463	0.02144	0.11470	0.02313	0.35785	0.35118	0.00803	0.01143	0.00961	0.00409	0.00509
55	0.01279	0.00960	0.01357	0.01245	0.01470	0.03615	0.09340	0.01575	0.04424	0.09630	0.08703	0.38549	0.07516	0.01571	0.00808	0.00249	0.00546	0.05856	0.00611	0.00698
56	0.05911	0.01224	0.01954	0.67841	0.04336	0.01513	0.01776	0.04257	0.01397	0.01882	0.01193	0.01742	0.00894	0.00673	0.00656	0.00222	0.00867	0.00583	0.00319	0.00759
57	0.04722	0.01663	0.04998	0.05259	0.37029	0.03909	0.10964	0.06875	0.04117	0.09260	0.01535	0.01913	0.01211	0.00688	0.00680	0.00209	0.00815	0.02720	0.00427	0.01006
58	0.00846	0.00617	0.00786	0.00879	0.00960	0.00568	0.00601	0.00999	0.01410	0.01882	0.16252	0.51706	0.12691	0.05320	0.00954	0.00273	0.00382	0.01682	0.00634	0.00557
59	0.01315	0.01259	0.02121	0.62320	0.07413	0.01554	0.04351	0.01737	0.01331	0.01743	0.01174	0.01755	0.00905	0.00709	0.00813	0.00229	0.07602	0.00603	0.00301	0.00765
60	0.01794	0.76823	0.03516	0.01148	0.01722	0.02655	0.01148	0.02009	0.01363	0.01579	0.00933	0.01076	0.00861	0.00574	0.00431	0.00144	0.00718	0.00359	0.00287	0.00861
61	0.00830	0.00597	0.00791	0.00927	0.00975	0.00566	0.00624	0.00952	0.01270	0.01693	0.03637	0.67069	0.06420	0.04866	0.05042	0.00330	0.00476	0.01792	0.00600	0.00544
62	0.01362	0.03360	0.68327	0.01974	0.02944	0.01568	0.06983	0.02127	0.01428	0.02127	0.01214	0.01443	0.00861	0.00633	0.00648	0.00213	0.01001	0.00516	0.00287	0.00986
63	0.01346	0.03471	0.72942	0.01912	0.02904	0.01558	0.02479	0.02125	0.01417	0.02125	0.01204	0.01417	0.00850	0.00637	0.00637	0.00212	0.00992	0.00496	0.00283	0.00992
64	0.03598	0.14518	0.39374	0.01646	0.02414	0.03946	0.04227	0.04115	0.04127	0.13729	0.01459	0.01550	0.01041	0.00672	0.00613	0.00200	0.00856	0.00521	0.00406	0.00986
65	0.01267	0.01193	0.02013	0.74806	0.04621	0.01491	0.01863	0.01714	0.01342	0.01714	0.01193	0.01789	0.00894	0.00671	0.00671	0.00224	0.00894	0.00596	0.00298	0.00745
66	0.01794	0.76823	0.03516	0.01148	0.01722	0.02655	0.01148	0.02009	0.01363	0.01579	0.00933	0.01076	0.00861	0.00574	0.00431	0.00144	0.00718	0.00359	0.00287	0.00861
67	0.00934	0.00617	0.00807	0.00919	0.00974	0.00578	0.00611	0.01042	0.01273	0.04768	0.03448	0.63504	0.04058	0.11648	0.01179	0.00318	0.00431	0.01733	0.00604	0.00553
68	0.01388	0.10359	0.66423	0.01841	0.02793	0.01661	0.02354	0.02114	0.01412	0.02074	0.01179	0.01385	0.00851	0.00632	0.00618	0.00206	0.00966	0.00483	0.00284	0.00979
69	0.00818	0.00584	0.00779	0.00934	0.00973	0.00545	0.00623	0.00934	0.01285	0.01713	0.03698	0.75981	0.04438	0.02102	0.00856	0.00273	0.00389	0.01908	0.00623	0.00545
70	0.00937	0.00683	0.00853	0.00811	0.00979	0.00623	0.00608	0.01231	0.01824	0.02550	0.59282	0.05136	0.16160	0.01399	0.00779	0.00211	0.00320	0.01222	0.03768	0.00623
71	0.01293	0.01219	0.02060	0.70077	0.09145	0.01498	0.01877	0.01737	0.01354	0.01746	0.01197	0.01780	0.00906	0.00666	0.00670	0.00222	0.00888	0.00596	0.00300	0.00767
72	0.00818	0.00584	0.00779	0.00934	0.00973	0.00545	0.00623	0.00934	0.01285	0.01713	0.03698	0.75981	0.04438	0.02102	0.00856	0.00273	0.00389	0.01908	0.00623	0.00545
73	0.01267	0.01193	0.02013	0.74806	0.04621	0.01491	0.01863	0.01714	0.01342	0.01714	0.01193	0.01789	0.00894	0.00671	0.00671	0.00224	0.00894	0.00596	0.00298	0.00745
74	0.00835	0.00591	0.00773	0.00912	0.00947	0.00557	0.00599	0.00939	0.01251	0.01668	0.03525	0.68131	0.04219	0.10251	0.01137	0.00314	0.00418	0.01805	0.00599	0.00530
75	0.00987	0.00699	0.00881	0.00871	0.00907	0.00755	0.00572	0.01064	0.01008	0.01389	0.01977	0.03765	0.02158	0.52448	0.24482	0.00767	0.03521	0.00886	0.00389	0.00475
76	0.01346	0.03471	0.72942	0.01912	0.02904	0.01558	0.02479	0.02125	0.01417	0.02125	0.01204	0.01417	0.00850	0.00637	0.00637	0.00212	0.00992	0.00496	0.00283	0.00992
77	0.01346	0.03471	0.72942	0.01912	0.02904	0.01558	0.02479	0.02125	0.01417	0.02125	0.01204	0.01417	0.00850	0.00637	0.00637	0.00212	0.00992	0.00496	0.00283	0.00992
78	0.00959	0.00719	0.01078	0.01078	0.01198	0.00839	0.00839	0.01198	0.01078	0.01558	0.01797	0.02636	0.01677	0.05032	0.73760	0.01078	0.01797	0.00719	0.00359	0.00599
79	0.01267	0.01193	0.02013	0.74806	0.04621	0.01491	0.01863	0.01714	0.01342	0.01714	0.01193	0.01789	0.00894	0.00671	0.00671	0.00224	0.00894	0.00596	0.00298	0.00745
80	0.00921	0.00685	0.00857	0.00814	0.00985	0.00621	0.00610	0.01211	0.01831	0.02530	0.59931	0.05277	0.18380	0.01432	0.00792	0.00214	0.00321	0.01251	0.00717	0.00621
81	0.02046	0.05344	0.01935	0.01560	0.04351	0.09530	0.03336	0.37057	0.02311	0.03008	0.01794	0.01987	0.05241	0.01513	0.12459	0.00342	0.04076	0.00644	0.00527	0.00941
82	0.01267	0.01193	0.02013	0.74806	0.04621	0.01491	0.01863	0.01714	0.01342	0.01714	0.01193	0.01789	0.00894	0.00671	0.00671	0.00224	0.00894	0.00596	0.00298	0.00745
83	0.02551	0.01879	0.02014	0.01544	0.02081	0.02081	0.01275	0.69996	0.03155	0.04229	0.01611	0.01611	0.01141	0.00805	0.00671	0.00201	0.00738	0.00604	0.00671	0.01141
84	0.25843	0.01585	0.04258	0.17645	0.08467	0.01718	0.01349	0.26289	0.01949	0.03061	0.01271	0.01490	0.00945	0.00697	0.00592	0.00208	0.00720	0.00525	0.00469	0.00917
85	0.00810	0.00674	0.00708	0.00712	0.00920	0.00572	0.00529	0.00991	0.01551	0.01894	0.13095	0.10734	0.61118	0.01692	0.00797	0.00228	0.00341	0.01427	0.00635	0.00572
86	0.01346	0.03471	0.72942	0.01912	0.02904	0.01558	0.02479	0.02125	0.01417	0.02125	0.01204	0.01417	0.00850	0.00637	0.00637	0.00212	0.00992	0.00496	0.00283	0.00992
87	0.00976	0.00651	0.00732	0.00732	0.00732	0.00651	0.00407	0.00976	0.00976	0.01301	0.02114	0.04391	0.02439	0.76419	0.03415	0.00651	0.00651	0.00976	0.00407	0.00407
88	0.01577	0.01790	0.03850	0.02767	0.03406	0.01717	0.65865	0.02119	0.01552	0.02119	0.01330	0.01790	0.01010	0.00601	0.00873	0.00230	0.05392	0.00780	0.00337	0.00895
89	0.01357	0.03395	0.69789	0.01954	0.02932	0.01565	0.05556	0.02126	0.01424	0.02126	0.01211	0.01435	0.00858	0.00634	0.00645	0.00213	0.00998	0.00509	0.00286	0.00988
90	0.01762	0.71624	0.08437	0.01202	0.01806	0.02577	0.01242	0.02017	0.01367	0.01617	0.00952	0.01100	0.00860	0.00579	0.00445	0.00148	0.00737	0.00368	0.00287	0.00870
91	0.00794	0.00676	0.00683	0.00689	0.00909	0.00566	0.00514	0.00962	0.01521	0.01809	0.06688	0.08910	0.69580	0.01714	0.00795	0.00228	0.00342	0.01433	0.00623	0.00566
92	0.01412	0.10038	0.61027	0.01925	0.05927	0.01664	0.02291	0.02159	0.03702	0.02100	0.01232	0.01432	0.00900	0.00639	0.00621	0.00206	0.00943	0.00497	0.00299	0.00985
93	0.01705	0.01572	0.02538	0.12040	0.55419	0.01633	0.01931	0.08935	0.03464	0.02358	0.01327	0.01692	0.01077	0.00635	0.00666	0.00203	0.00796	0.00602	0.00372	0.01034
94	0.05885	0.01216	0.01469	0.01204	0.01658	0.01198	0.00971	0.03173	0.23490	0.43695	0.02837	0.02540	0.05786	0.00896	0.00673	0.00215	0.00543	0.00730	0.00754	0.01066
95	0.01631	0.01564	0.02670	0.09446	0.67138	0.01586	0.02044	0.02033	0.01514	0.02156	0.01257	0.01670	0.01050	0.00603	0.00665	0.00201	0.00804	0.00598	0.00330	0.01039
96	0.03573	0.10815	0.20901	0.01655	0.02272	0.03864	0.11633	0.11566	0.01800	0.12235	0.06906	0.02240	0.01635	0.00805	0.00671	0.00209	0.00808	0.04987	0.00483	0.00941
97	0.01549	0.19026	0.51649	0.01726	0.02577	0.05962	0.02087	0.04445	0.01492	0.02052	0.01151	0.01339	0.00863	0.00633	0.00593	0.00195	0.00937	0.00467	0.00301	0.00957
98	0.01430	0.01411	0.01981	0.01710	0.01719	0.01963	0.01421	0.01583	0.01031	0.01610	0.00950	0.01556	0.00941	0.01466	0.07603	0.00353	0.69652	0.00597	0.00299	0.00724
99	0.01365	0.06551	0.70027	0.01880	0.02854	0.01604	0.02423	0.02120	0.01414	0.02102	0.01193	0.01402	0.00850	0.00635	0.00629	0.00210	0.00980	0.00490	0.00283	0.00986
100	0.01621	0.04880	0.02502	0.20728	0.46650	0.05768	0.01897	0.02058	0.03699	0.02038	0.01265	0.01667	0.01033	0.00630	0.00653	0.00202	0.00832	0.00583	0.00334	0.00961
101	0.00864	0.00628	0.00816	0.00949	0.01026	0.00589	0.00679	0.01014	0.01344	0.01758	0.03961	0.54475	0.11728	0.04629	0.00951	0.00287	0.00431	0.12703	0.00614	0.00555
102	0.00875	0.00683	0.00793	0.00765	0.00956	0.00601	0.00574	0.01121	0.01722	0.02269	0.40653	0.05706	0.37820	0.01529	0.00792	0.00218	0.00328	0.01311	0.00683	0.00601
103	0.01646	0.01579	0.02697	0.06735	0.69731	0.01590	0.02052	0.02046	0.01521	0.02174	0.01260	0.01665	0.01057	0.00601	0.00665	0.00200	0.00801	0.00598	0.00331	0.01051
104	0.00815	0.00594	0.00768	0.00906	0.00966	0.00547	0.00611	0.00937	0.01311	0.01724	0.04037	0.68386	0.11815	0.02058	0.00850	0.00267	0.00384	0.01854	0.00623	0.00547
105	0.01241	0.00626	0.00629	0.00629	0.00780	0.00626	0.00467	0.01544	0.01393	0.02461	0.02186	0.02566	0.01744	0.03345	0.00569	0.00173	0.00324	0.00637	0.77441	0.00618
106	0.01661	0.01594	0.02724	0.04119	0.72233	0.01594	0.02059	0.02059	0.01528	0.02192	0.01262	0.01661	0.01063	0.00598	0.00664	0.00199	0.00797	0.00598	0.00332	0.01063
107	0.01346	0.03471	0.72942	0.01912	0.02904	0.01558	0.02479	0.02125	0.01417	0.02125	0.01204	0.01417	0.00850	0.00637	0.00637	0.00212	0.00992	0.00496	0.00283	0.00992
108	0.01518	0.01428	0.02411	0.19877	0.50382	0.01495	0.01925	0.01919	0.01487	0.02067	0.01457	0.02234	0.01282	0.00730	0.00690	0.00215	0.00803	0.06779	0.00351	0.00950
109	0.00818	0.00584	0.00779	0.00934	0.00973	0.00545	0.00623	0.00934	0.01285	0.01713	0.03698	0.75981	0.04438	0.02102	0.00856	0.00273	0.00389	0.01908	0.00623	0.00545
110	0.00959	0.00719	0.01078	0.01078	0.01198	0.00839	0.00839	0.01198	0.01078	0.01558	0.01797	0.02636	0.01677	0.05032	0.73760	0.01078	0.01797	0.00719	0.00359	0.00599
111	0.01644	0.02721	0.43717	0.01823	0.02603	0.01639	0.08311	0.19040	0.01837	0.02597	0.01384	0.01709	0.01049	0.05956	0.00854	0.00242	0.00917	0.00584	0.00394	0.00980
112	0.02235	0.01899	0.01916	0.01750	0.08939	0.12405	0.01277	0.42575	0.06998	0.03321	0.01872	0.06069	0.03917	0.00882	0.00677	0.00204	0.00766	0.00693	0.00586	0.01020
113	0.00816	0.00658	0.00711	0.00740	0.00910	0.00570	0.00529	0.00968	0.01451	0.01784	0.07955	0.20338	0.51047	0.07245	0.00998	0.00266	0.00372	0.01477	0.00611	0.00553
114	0.01503	0.11733	0.50492	0.01937	0.02808	0.01737	0.12237	0.06020	0.01535	0.02186	0.01218	0.01446	0.00893	0.00629	0.00638	0.00206	0.00966	0.00530	0.00314	0.00972
115	0.01897	0.01844	0.02551	0.02324	0.13960	0.12503	0.20347	0.13960	0.03708	0.04782	0.01474	0.01908	0.01193	0.00956	0.04184	0.00257	0.07762	0.03037	0.00429	0.00925
116	0.01639	0.01594	0.02744	0.05944	0.55047	0.01611	0.10390	0.02198	0.07929	0.02228	0.01407	0.01761	0.01143	0.00625	0.00682	0.00206	0.00817	0.00637	0.00364	0.01033
117	0.00858	0.00717	0.00757	0.00766	0.00989	0.00629	0.00592	0.01108	0.04023	0.01892	0.08074	0.06392	0.60633	0.01678	0.00803	0.00235	0.00375	0.08258	0.00628	0.00591
118	0.01622	0.01554	0.02639	0.06040	0.68062	0.01559	0.02005	0.02015	0.01523	0.02167	0.01433	0.01814	0.03276	0.00634	0.00668	0.00201	0.00786	0.00623	0.00340	0.01038
119	0.01739	0.01750	0.02642	0.03492	0.51751	0.09305	0.08558	0.04249	0.01626	0.02183	0.01387	0.01958	0.01197	0.00682	0.00685	0.00205	0.00862	0.04372	0.00361	0.00994
120	0.00818	0.00584	0.00779	0.00934	0.00973	0.00545	0.00623	0.00934	0.01285	0.01713	0.03698	0.75981	0.04438	0.02102	0.00856	0.00273	0.00389	0.01908	0.00623	0.00545
121	0.01606	0.01748	0.03607	0.03196	0.23093	0.01668	0.50493	0.02124	0.01568	0.02162	0.01330	0.01767	0.01031	0.00575	0.00755	0.00219	0.01036	0.00737	0.00337	0.00950
122	0.01359	0.03375	0.68974	0.01965	0.02939	0.01566	0.06352	0.02126	0.01426	0.02126	0.01213	0.01439	0.00860	0.00633	0.00646	0.00213	0.01000	0.00513	0.00287	0.00987
123	0.01434	0.17887	0.59298	0.01762	0.02672	0.01774	0.02218	0.02102	0.01406	0.02018	0.01151	0.01350	0.00852	0.00625	0.00597	0.00199	0.00938	0.00469	0.00284	0.00966
124	0.01316	0.01243	0.02101	0.66010	0.13035	0.01504	0.01888	0.01757	0.01365	0.01774	0.01201	0.01773	0.00915	0.00662	0.00670	0.00221	0.00882	0.00596	0.00302	0.00785
125	0.00844	0.00614	0.00801	0.00941	0.01012	0.00572	0.00661	0.00987	0.01338	0.01755	0.04002	0.61352	0.11347	0.02033	0.00858	0.00272	0.00409	0.09024	0.00622	0.00555
126	0.00818	0.00584	0.00779	0.00934	0.00973	0.00545	0.00623	0.00934	0.01285	0.01713	0.03698	0.75981	0.04438	0.02102	0.00856	0.00273	0.00389	0.01908	0.00623	0.00545
127	0.01061	0.00775	0.01042	0.01177	0.01320	0.00781	0.00977	0.01433	0.06110	0.01995	0.03531	0.22559	0.03870	0.01846	0.00895	0.00295	0.00561	0.48517	0.00623	0.00631
128	0.01778	0.74236	0.05965	0.01175	0.01764	0.02616	0.01195	0.02013	0.01365	0.01598	0.00942	0.01088	0.00861	0.00576	0.00438	0.00146	0.00727	0.00364	0.00287	0.00866
129	0.00944	0.00684	0.00880	0.00832	0.00986	0.00631	0.00617	0.01240	0.01841	0.02589	0.65840	0.05047	0.09027	0.04817	0.00911	0.00232	0.00333	0.01211	0.00718	0.00620
130	0.03010	0.01142	0.01557	0.01194	0.01713	0.00986	0.00986	0.03270	0.01920	0.72698	0.02647	0.02284	0.01661	0.00830	0.00675	0.00208	0.00571	0.00675	0.00830	0.01142
131	0.02506	0.03198	0.01901	0.01729	0.02074	0.73725	0.01296	0.02679	0.01901	0.01642	0.01037	0.01210	0.00864	0.00691	0.00605	0.00173	0.01210	0.00432	0.00346	0.00778
132	0.01914	0.01059	0.01298	0.01111	0.01466	0.01026	0.00889	0.08618	0.10858	0.27745	0.16294	0.06376	0.11616	0.01166	0.00736	0.00222	0.00501	0.05468	0.00731	0.00905
133	0.01538	0.01599	0.02222	0.01858	0.01940	0.06146	0.07751	0.01725	0.01129	0.01666	0.00934	0.01485	0.00892	0.01091	0.01980	0.00280	0.64114	0.00597	0.00301	0.00752
134	0.02519	0.01864	0.01996	0.01537	0.02069	0.02066	0.01268	0.67623	0.05579	0.04178	0.01651	0.01643	0.01173	0.00809	0.00672	0.00202	0.00731	0.00610	0.00672	0.01138
135	0.00959	0.00719	0.01078	0.01078	0.01198	0.00839	0.00839	0.01198	0.01078	0.01558	0.01797	0.02636	0.01677	0.05032	0.73760	0.01078	0.01797	0.00719	0.00359	0.00599
136	0.02660	0.01546	0.01791	0.01380	0.01894	0.01599	0.01137	0.41458	0.02628	0.30486	0.04960	0.02012	0.01559	0.00839	0.00678	0.00204	0.00656	0.00657	0.00735	0.01120
137	0.01065	0.00767	0.01059	0.01204	0.01363	0.00761	0.01049	0.01366	0.01544	0.01997	0.03735	0.07506	0.07689	0.01845	0.00919	0.00304	0.00602	0.63991	0.00618	0.00615
138	0.01912	0.64583	0.03248	0.01245	0.01781	0.14470	0.01173	0.02121	0.01453	0.01589	0.00950	0.01099	0.00862	0.00594	0.00460	0.00148	0.00799	0.00371	0.00297	0.00847
139	0.00996	0.00774	0.01150	0.01128	0.01239	0.00928	0.00885	0.01229	0.01075	0.01562	0.01730	0.02550	0.01619	0.04750	0.68517	0.01021	0.07175	0.00709	0.00355	0.00609
140	0.02268	0.04667	0.01902	0.01487	0.01949	0.16818	0.01204	0.40731	0.04086	0.03185	0.01541	0.01780	0.01209	0.01028	0.04753	0.00240	0.00869	0.02914	0.00550	0.06821
141	0.01424	0.01361	0.02007	0.61847	0.06457	0.05683	0.01776	0.04733	0.04642	0.01881	0.01274	0.01777	0.00961	0.00686	0.00667	0.00219	0.00886	0.00595	0.00335	0.00789
142	0.20833	0.01277	0.01338	0.01092	0.01560	0.01270	0.00871	0.05568	0.17613	0.08054	0.01734	0.05066	0.01390	0.00737	0.00559	0.00176	0.00523	0.00573	0.00525	0.29239

[dist]
# distance from previous block
# <min> <max>
3	33

[block]
# block no. 1 follows, 32 sequences, length 7
# corresponding to MSA columns:
# 219-225
name=unknown_B
#
# <colnr> <probs for GDERKNQSTAVLIFYWHMCP>
#	G	D	E	R	K	N	Q	S	T	A	V	L	I	F	Y	W	H	M	C	P
0	0.01661	0.01594	0.02724	0.04119	0.72233	0.01594	0.02059	0.02059	0.01528	0.02192	0.01262	0.01661	0.01063	0.00598	0.00664	0.00199	0.00797	0.00598	0.00332	0.01063
1	0.01994	0.02229	0.01920	0.01635	0.01983	0.37409	0.08242	0.02331	0.06325	0.04245	0.01356	0.01710	0.01146	0.05150	0.06243	0.00278	0.06992	0.00560	0.00389	0.07864
2	0.01495	0.01259	0.01367	0.01240	0.01565	0.01419	0.00958	0.03010	0.54319	0.02779	0.19439	0.03110	0.03083	0.01022	0.00709	0.00224	0.00479	0.00869	0.00696	0.00958
3	0.01190	0.01070	0.01743	0.56935	0.03747	0.01284	0.01566	0.01606	0.01476	0.01950	0.18272	0.02568	0.02208	0.00840	0.00700	0.00221	0.00755	0.00745	0.00405	0.00718
4	0.02338	0.01774	0.01894	0.01501	0.02000	0.01981	0.01224	0.53945	0.19553	0.03885	0.01882	0.01827	0.01360	0.00831	0.00674	0.00208	0.00688	0.00641	0.00674	0.01122
5	0.02044	0.01278	0.01813	0.01489	0.01764	0.01447	0.04884	0.06364	0.01550	0.28684	0.01908	0.08467	0.01549	0.01235	0.04370	0.00283	0.28661	0.00755	0.00554	0.00900
6	0.06575	0.01383	0.01715	0.01420	0.01867	0.01474	0.07123	0.03267	0.41801	0.22042	0.02483	0.02301	0.01774	0.00841	0.00675	0.00221	0.00595	0.00716	0.00678	0.01051

[dist]
# distance from previous block
# <min> <max>
3	13

[block]
# block no. 2 follows, 32 sequences, length 7
# corresponding to MSA columns:
# 239-245
name=unknown_C
#
# <colnr> <probs for GDERKNQSTAVLIFYWHMCP>
#	G	D	E	R	K	N	Q	S	T	A	V	L	I	F	Y	W	H	M	C	P
0	0.01358	0.27710	0.30613	0.01360	0.01992	0.01673	0.01528	0.01782	0.01402	0.01848	0.02230	0.10003	0.12075	0.00934	0.00614	0.00198	0.00735	0.00740	0.00373	0.00835
1	0.14457	0.01753	0.01814	0.01428	0.01932	0.01958	0.01173	0.53895	0.08704	0.03920	0.01604	0.01609	0.01156	0.00787	0.00633	0.00205	0.00687	0.00581	0.00633	0.01071
2	0.02393	0.21217	0.02365	0.01413	0.01958	0.02139	0.01219	0.46909	0.02590	0.09175	0.01521	0.01528	0.01111	0.00748	0.00609	0.00187	0.00719	0.00546	0.00585	0.01069
3	0.01899	0.01379	0.01528	0.01211	0.01661	0.01399	0.00978	0.32390	0.06241	0.07913	0.09942	0.02771	0.12551	0.00958	0.00674	0.00191	0.00569	0.00772	0.00637	0.14338
4	0.02461	0.02958	0.01890	0.01688	0.02055	0.62102	0.01280	0.09589	0.06179	0.01976	0.01197	0.01329	0.00964	0.00716	0.00616	0.00179	0.01121	0.00469	0.00399	0.00832
5	0.22248	0.10658	0.29227	0.01468	0.02119	0.07929	0.01562	0.05550	0.09164	0.02429	0.01279	0.01406	0.00967	0.00670	0.00561	0.00201	0.00795	0.00475	0.00386	0.00905
6	0.01316	0.07572	0.09564	0.01195	0.01514	0.04703	0.01030	0.02014	0.19451	0.02148	0.13970	0.12414	0.02852	0.09431	0.05695	0.00322	0.00674	0.02823	0.00538	0.00773

[dist]
# distance from previous block
# <min> <max>
8	43

[block]
# block no. 3 follows, 32 sequences, length 16
# corresponding to MSA columns:
# 294-309
name=unknown_D
#
# <colnr> <probs for GDERKNQSTAVLIFYWHMCP>
#	G	D	E	R	K	N	Q	S	T	A	V	L	I	F	Y	W	H	M	C	P
0	0.01899	0.06579	0.01663	0.01375	0.01738	0.17507	0.01070	0.02987	0.38277	0.08604	0.02327	0.09259	0.01908	0.00949	0.00665	0.00213	0.00683	0.00765	0.00590	0.00943
1	0.01702	0.29106	0.38629	0.01578	0.02346	0.06554	0.01824	0.02205	0.01466	0.07132	0.01205	0.01348	0.00915	0.00633	0.00565	0.00185	0.00878	0.00457	0.00329	0.00943
2	0.07188	0.01200	0.01936	0.69327	0.04375	0.01492	0.01779	0.01733	0.01327	0.01810	0.01173	0.01737	0.00882	0.00667	0.00652	0.00222	0.00867	0.00579	0.00307	0.00744
3	0.01267	0.01193	0.02013	0.74806	0.04621	0.01491	0.01863	0.01714	0.01342	0.01714	0.01193	0.01789	0.00894	0.00671	0.00671	0.00224	0.00894	0.00596	0.00298	0.00745
4	0.02320	0.01635	0.01783	0.01416	0.01883	0.01791	0.01143	0.46201	0.15114	0.10593	0.01954	0.02046	0.01453	0.06463	0.00878	0.00240	0.00678	0.00667	0.00669	0.01072
5	0.00818	0.00584	0.00779	0.00934	0.00973	0.00545	0.00623	0.00934	0.01285	0.01713	0.03698	0.75981	0.04438	0.02102	0.00856	0.00273	0.00389	0.01908	0.00623	0.00545
6	0.01267	0.01193	0.02013	0.74806	0.04621	0.01491	0.01863	0.01714	0.01342	0.01714	0.01193	0.01789	0.00894	0.00671	0.00671	0.00224	0.00894	0.00596	0.00298	0.00745
7	0.01341	0.01268	0.02146	0.61514	0.17335	0.01510	0.01900	0.01779	0.01377	0.01804	0.01206	0.01765	0.00926	0.00657	0.00670	0.00219	0.00876	0.00597	0.00305	0.00805
8	0.01267	0.01193	0.02013	0.74806	0.04621	0.01491	0.01863	0.01714	0.01342	0.01714	0.01193	0.01789	0.00894	0.00671	0.00671	0.00224	0.00894	0.00596	0.00298	0.00745
9	0.12946	0.01222	0.01222	0.05814	0.01556	0.10313	0.00876	0.01955	0.03687	0.15643	0.17508	0.13514	0.06455	0.03419	0.00770	0.00229	0.00574	0.00940	0.00597	0.00759
10	0.08240	0.01156	0.01511	0.01342	0.06331	0.01098	0.01004	0.02691	0.06186	0.42309	0.11770	0.02463	0.02151	0.00875	0.00721	0.00207	0.03428	0.00708	0.00701	0.05109
11	0.12824	0.01568	0.01463	0.01309	0.01672	0.10499	0.01031	0.11407	0.30950	0.04593	0.05312	0.06001	0.02021	0.00970	0.00664	0.00221	0.00631	0.05342	0.00601	0.00918
12	0.05658	0.01791	0.02198	0.09132	0.29358	0.14878	0.04222	0.02403	0.11068	0.06684	0.01473	0.01713	0.01157	0.00709	0.00729	0.00207	0.04667	0.00590	0.00414	0.00948
13	0.10948	0.06215	0.16796	0.07184	0.02225	0.09599	0.06336	0.04206	0.05441	0.11287	0.11480	0.02081	0.01811	0.00785	0.00640	0.00205	0.00766	0.00637	0.00479	0.00880
14	0.11772	0.01507	0.04842	0.01269	0.01689	0.06616	0.01046	0.02944	0.31877	0.18250	0.09087	0.02380	0.02076	0.00873	0.00651	0.00214	0.00589	0.00700	0.00644	0.00972
15	0.20678	0.01852	0.06998	0.14232	0.04652	0.14691	0.03222	0.10691	0.01701	0.08741	0.01362	0.01665	0.01043	0.00716	0.00602	0.00204	0.00806	0.02460	0.00442	0.03242

[dist]
# distance from previous block
# <min> <max>
11	67

[block]
# block no. 4 follows, 32 sequences, length 32
# corresponding to MSA columns:
# 393-424
name=unknown_E
#
# <colnr> <probs for GDERKNQSTAVLIFYWHMCP>
#	G	D	E	R	K	N	Q	S	T	A	V	L	I	F	Y	W	H	M	C	P
0	0.14651	0.01703	0.01591	0.01449	0.04349	0.18603	0.02918	0.04707	0.11373	0.15954	0.04025	0.09159	0.01705	0.00916	0.00706	0.00212	0.03846	0.00712	0.00545	0.00877
1	0.06561	0.06585	0.05797	0.01349	0.01766	0.13472	0.02918	0.12302	0.04281	0.04482	0.01793	0.09848	0.03292	0.03218	0.00797	0.00209	0.04602	0.02593	0.00471	0.13662
2	0.24028	0.10103	0.04380	0.01402	0.05785	0.01486	0.05929	0.02350	0.09876	0.14772	0.01647	0.04545	0.01285	0.00729	0.00570	0.00195	0.00622	0.00579	0.00497	0.09221
3	0.05838	0.06877	0.01807	0.03651	0.10082	0.12815	0.03289	0.05592	0.06302	0.06589	0.01731	0.02394	0.01506	0.01781	0.17222	0.00402	0.01019	0.06964	0.00444	0.03696
4	0.06454	0.04611	0.02095	0.11757	0.18274	0.09577	0.04878	0.13102	0.10023	0.02434	0.01622	0.01874	0.03089	0.01045	0.06048	0.00269	0.00873	0.00617	0.00439	0.00919
5	0.04598	0.06849	0.01827	0.04121	0.01941	0.10941	0.01136	0.22630	0.15623	0.11680	0.01821	0.03725	0.01381	0.00794	0.00630	0.00193	0.00704	0.00612	0.00577	0.08218
6	0.13891	0.29069	0.04400	0.01463	0.01940	0.08197	0.09389	0.09697	0.01563	0.02186	0.01132	0.01382	0.00948	0.00966	0.05653	0.00249	0.06172	0.00490	0.00367	0.00847
7	0.09560	0.01541	0.09345	0.01238	0.01596	0.10322	0.01076	0.02116	0.12903	0.07861	0.14442	0.10180	0.05608	0.01144	0.00706	0.00226	0.00623	0.08139	0.00574	0.00799
8	0.02350	0.02438	0.01962	0.01662	0.02076	0.40215	0.05897	0.14857	0.09582	0.07756	0.03720	0.01666	0.01288	0.00759	0.00649	0.00191	0.00969	0.00566	0.00490	0.00906
9	0.02496	0.07092	0.02108	0.01530	0.02056	0.07228	0.01268	0.60553	0.02943	0.03863	0.01524	0.01546	0.01102	0.00782	0.00650	0.00195	0.00771	0.00575	0.00622	0.01096
10	0.01802	0.66358	0.05418	0.01211	0.01774	0.05538	0.01189	0.02147	0.06145	0.01682	0.01068	0.01190	0.00942	0.00604	0.00461	0.00153	0.00734	0.00393	0.00316	0.00875
11	0.02571	0.01748	0.01847	0.01454	0.01958	0.06669	0.01186	0.42708	0.09521	0.20415	0.01933	0.01835	0.01338	0.00814	0.00669	0.00204	0.00710	0.00625	0.00689	0.01109
12	0.01548	0.42044	0.27984	0.01406	0.02074	0.02045	0.01582	0.01960	0.01375	0.01788	0.01256	0.01778	0.01128	0.04366	0.00681	0.00203	0.00806	0.04792	0.00313	0.00870
13	0.00999	0.00682	0.00791	0.00810	0.00839	0.00680	0.00490	0.03584	0.01130	0.01508	0.02462	0.20889	0.02854	0.56316	0.02718	0.00546	0.00593	0.01178	0.00467	0.00467
14	0.00889	0.00625	0.00810	0.00932	0.00978	0.00600	0.00639	0.01007	0.01253	0.01664	0.03332	0.50829	0.03921	0.18301	0.01425	0.00360	0.00478	0.10856	0.00575	0.00525
15	0.01584	0.01810	0.03959	0.02828	0.03507	0.01697	0.69796	0.02149	0.01584	0.02149	0.01357	0.01810	0.01018	0.00566	0.00792	0.00226	0.01131	0.00792	0.00339	0.00905
16	0.34264	0.05415	0.01418	0.01128	0.01507	0.04201	0.00923	0.17795	0.03483	0.02844	0.01363	0.01620	0.01100	0.01597	0.15772	0.00382	0.00867	0.00515	0.02994	0.00812
17	0.00813	0.00642	0.00734	0.00792	0.00939	0.00562	0.00563	0.00971	0.01456	0.01831	0.09850	0.34152	0.40643	0.01839	0.00818	0.00244	0.00358	0.01599	0.00631	0.00562
18	0.05143	0.02071	0.01925	0.01534	0.02028	0.16297	0.01241	0.49567	0.02751	0.08554	0.01548	0.01562	0.01109	0.00779	0.00650	0.00196	0.00813	0.00567	0.00609	0.01055
19	0.01734	0.59218	0.17327	0.01316	0.01972	0.02413	0.01419	0.04709	0.01445	0.01792	0.01014	0.01165	0.00870	0.00596	0.00481	0.00160	0.00773	0.00396	0.00301	0.00898
20	0.12265	0.01510	0.01729	0.06663	0.01934	0.04435	0.01220	0.25588	0.01851	0.02712	0.01324	0.01676	0.01085	0.01561	0.13185	0.00371	0.18998	0.00580	0.00455	0.00856
21	0.12125	0.01669	0.04617	0.01344	0.01839	0.05829	0.01124	0.22688	0.17667	0.15872	0.01887	0.01822	0.01349	0.00775	0.00625	0.00201	0.00655	0.00592	0.00616	0.06704
22	0.01626	0.42414	0.33516	0.01500	0.02247	0.04740	0.01730	0.02083	0.01406	0.01817	0.01054	0.01228	0.00856	0.00606	0.00526	0.00174	0.00854	0.00421	0.00288	0.00915
23	0.00818	0.00584	0.00779	0.00934	0.00973	0.00545	0.00623	0.00934	0.01285	0.01713	0.03698	0.75981	0.04438	0.02102	0.00856	0.00273	0.00389	0.01908	0.00623	0.00545
24	0.01389	0.01436	0.02723	0.05170	0.02577	0.01561	0.34001	0.01772	0.01319	0.01860	0.01347	0.01932	0.01143	0.01812	0.19077	0.00452	0.18594	0.00718	0.00332	0.00783
25	0.02295	0.01445	0.01561	0.06516	0.01905	0.10516	0.01072	0.04601	0.16919	0.34132	0.07907	0.02470	0.03853	0.00884	0.00680	0.00209	0.00645	0.00717	0.00681	0.00994
26	0.00838	0.00593	0.00772	0.00908	0.00941	0.00559	0.00594	0.00940	0.01244	0.01659	0.03490	0.66568	0.04175	0.11874	0.01193	0.00322	0.00424	0.01785	0.00594	0.00527
27	0.00818	0.00584	0.00779	0.00934	0.00973	0.00545	0.00623	0.00934	0.01285	0.01713	0.03698	0.75981	0.04438	0.02102	0.00856	0.00273	0.00389	0.01908	0.00623	0.00545
28	0.00976	0.00651	0.00732	0.00732	0.00732	0.00651	0.00407	0.00976	0.00976	0.01301	0.02114	0.04391	0.02439	0.76419	0.03415	0.00651	0.00651	0.00976	0.00407	0.00407
29	0.81159	0.01298	0.00986	0.00882	0.01298	0.01505	0.00727	0.01972	0.01142	0.03010	0.00934	0.01090	0.00727	0.00623	0.00415	0.00208	0.00519	0.00363	0.00415	0.00727
30	0.07236	0.20505	0.39161	0.01630	0.04944	0.01778	0.01807	0.05998	0.01499	0.02162	0.01545	0.01692	0.05939	0.00705	0.00586	0.00195	0.00823	0.00529	0.00343	0.00923
31	0.01709	0.06780	0.14500	0.03354	0.51169	0.01616	0.01997	0.02150	0.01525	0.06956	0.01326	0.01624	0.01055	0.00619	0.00645	0.00198	0.00809	0.00570	0.00355	0.01043

[dist]
# distance from previous block
# <min> <max>
2	12

[block]
# block no. 5 follows, 32 sequences, length 46
# corresponding to MSA columns:
# 437-482
name=unknown_F
#
# <colnr> <probs for GDERKNQSTAVLIFYWHMCP>
#	G	D	E	R	K	N	Q	S	T	A	V	L	I	F	Y	W	H	M	C	P
0	0.05138	0.18560	0.38411	0.01642	0.02376	0.13050	0.01833	0.04930	0.04452	0.02086	0.01190	0.01352	0.00911	0.00650	0.00583	0.00192	0.00918	0.00467	0.00332	0.00928
1	0.01725	0.01727	0.02623	0.06356	0.63455	0.08200	0.01983	0.02104	0.01556	0.02125	0.01239	0.01624	0.01039	0.00609	0.00659	0.00198	0.00838	0.00583	0.00332	0.01026
2	0.01615	0.01548	0.02641	0.12280	0.64427	0.01582	0.02037	0.02019	0.01506	0.02137	0.01254	0.01675	0.01043	0.00606	0.00665	0.00202	0.00808	0.00598	0.00328	0.01026
3	0.01573	0.01485	0.02514	0.08137	0.61377	0.01502	0.01939	0.01959	0.01509	0.02135	0.01480	0.04562	0.01338	0.00730	0.00687	0.00210	0.00778	0.04727	0.00357	0.00999
4	0.12941	0.01561	0.01730	0.01654	0.08140	0.08811	0.01215	0.02201	0.13935	0.04006	0.01427	0.03487	0.01209	0.00884	0.01103	0.00224	0.24456	0.00586	0.00424	0.10006
5	0.01283	0.01199	0.02018	0.64139	0.10324	0.01460	0.01818	0.01713	0.01342	0.01747	0.01235	0.01829	0.00957	0.00930	0.05119	0.00274	0.00941	0.00604	0.00305	0.00764
6	0.30859	0.01711	0.01408	0.05692	0.01787	0.16874	0.01010	0.06728	0.14918	0.04884	0.01841	0.01891	0.06239	0.00792	0.00575	0.00206	0.00694	0.00570	0.00490	0.00832
7	0.02366	0.01960	0.01854	0.01529	0.01947	0.17566	0.01226	0.29319	0.12927	0.12667	0.01731	0.01740	0.01267	0.00835	0.00804	0.00209	0.07856	0.00598	0.00588	0.01011
8	0.01648	0.01856	0.03364	0.02440	0.03073	0.08833	0.52459	0.02133	0.01587	0.02104	0.01300	0.01686	0.00999	0.00568	0.00728	0.00202	0.01043	0.00696	0.00349	0.12933
9	0.01267	0.01193	0.02013	0.74806	0.04621	0.01491	0.01863	0.01714	0.01342	0.01714	0.01193	0.01789	0.00894	0.00671	0.00671	0.00224	0.00894	0.00596	0.00298	0.00745
10	0.00917	0.00679	0.00990	0.01036	0.01132	0.00752	0.00775	0.01120	0.01139	0.01603	0.02358	0.24260	0.02491	0.04168	0.52266	0.00841	0.01382	0.01069	0.00437	0.00583
11	0.02402	0.01806	0.01930	0.01514	0.02024	0.02012	0.01239	0.58829	0.14563	0.03990	0.01799	0.01761	0.01294	0.00823	0.00673	0.00206	0.00704	0.00630	0.00673	0.01128
12	0.02026	0.01431	0.01533	0.01336	0.01743	0.04850	0.01055	0.03391	0.48686	0.20111	0.02653	0.02528	0.01946	0.00906	0.00684	0.00222	0.00575	0.02566	0.00702	0.01056
13	0.01661	0.01594	0.02724	0.04119	0.72233	0.01594	0.02059	0.02059	0.01528	0.02192	0.01262	0.01661	0.01063	0.00598	0.00664	0.00199	0.00797	0.00598	0.00332	0.01063
14	0.04493	0.01602	0.01776	0.01397	0.01902	0.01711	0.01142	0.39513	0.14644	0.18352	0.01991	0.01887	0.01393	0.00811	0.00660	0.00203	0.00650	0.00631	0.00688	0.04554
15	0.03010	0.01142	0.01557	0.01194	0.01713	0.00986	0.00986	0.03270	0.01920	0.72698	0.02647	0.02284	0.01661	0.00830	0.00675	0.00208	0.00571	0.00675	0.00830	0.01142
16	0.01391	0.01193	0.01391	0.00994	0.01590	0.00894	0.00795	0.01690	0.01391	0.02186	0.01193	0.01391	0.00994	0.00497	0.00497	0.00099	0.00497	0.00398	0.00398	0.80521
17	0.01353	0.01156	0.01337	0.00987	0.01536	0.00902	0.00784	0.01718	0.04678	0.02208	0.03866	0.01879	0.05695	0.00620	0.00534	0.00117	0.00483	0.00505	0.00436	0.69208
18	0.00818	0.00584	0.00779	0.00934	0.00973	0.00545	0.00623	0.00934	0.01285	0.01713	0.03698	0.75981	0.04438	0.02102	0.00856	0.00273	0.00389	0.01908	0.00623	0.00545
19	0.08836	0.01669	0.02726	0.02131	0.05858	0.07144	0.35244	0.02170	0.04553	0.05581	0.01500	0.03672	0.01210	0.00670	0.00689	0.00203	0.00890	0.02345	0.00407	0.12504
20	0.02551	0.01879	0.02014	0.01544	0.02081	0.02081	0.01275	0.69996	0.03155	0.04229	0.01611	0.01611	0.01141	0.00805	0.00671	0.00201	0.00738	0.00604	0.00671	0.01141
21	0.00818	0.00584	0.00779	0.00934	0.00973	0.00545	0.00623	0.00934	0.01285	0.01713	0.03698	0.75981	0.04438	0.02102	0.00856	0.00273	0.00389	0.01908	0.00623	0.00545
22	0.01955	0.01903	0.02153	0.02412	0.24780	0.15266	0.04186	0.13014	0.22356	0.02580	0.01710	0.01823	0.01326	0.00738	0.00665	0.00204	0.00801	0.00623	0.00490	0.01015
23	0.01565	0.01343	0.01956	0.01498	0.02003	0.01245	0.16155	0.07620	0.11017	0.05089	0.01974	0.02475	0.04421	0.03765	0.00768	0.00200	0.00673	0.05613	0.00488	0.30132
24	0.01657	0.54346	0.24790	0.01382	0.02084	0.02319	0.01556	0.02045	0.01380	0.01746	0.01016	0.01181	0.00858	0.00593	0.00494	0.00165	0.00802	0.00401	0.00286	0.00901
25	0.01346	0.03471	0.72942	0.01912	0.02904	0.01558	0.02479	0.02125	0.01417	0.02125	0.01204	0.01417	0.00850	0.00637	0.00637	0.00212	0.00992	0.00496	0.00283	0.00992
26	0.00940	0.00685	0.00884	0.00834	0.00997	0.00629	0.00626	0.01248	0.01877	0.02637	0.67918	0.05100	0.10326	0.01392	0.00791	0.00212	0.00318	0.01226	0.00732	0.00629
27	0.01756	0.01522	0.01591	0.01460	0.03985	0.04443	0.01104	0.10023	0.56125	0.02879	0.05747	0.02455	0.02081	0.00903	0.00683	0.00221	0.00576	0.00747	0.00660	0.01039
28	0.01657	0.30854	0.36643	0.01589	0.02332	0.10315	0.01803	0.02188	0.03483	0.01884	0.01128	0.01297	0.00891	0.00628	0.00558	0.00183	0.00901	0.00445	0.00304	0.00920
29	0.01794	0.76823	0.03516	0.01148	0.01722	0.02655	0.01148	0.02009	0.01363	0.01579	0.00933	0.01076	0.00861	0.00574	0.00431	0.00144	0.00718	0.00359	0.00287	0.00861
