[name]
unknown

[dist]
# distance from previous block
# <min> <max>
0	36

[block]
# block no. 0 follows, 34 sequences, length 7
# corresponding to MSA columns:
# 44-50
name=unknown_A
#
# <colnr> <probs for GDERKNQSTAVLIFYWHMCP>
#	G	D	E	R	K	N	Q	S	T	A	V	L	I	F	Y	W	H	M	C	P
0	0.01198	0.00953	0.01005	0.00935	0.01159	0.03845	0.00716	0.07928	0.04620	0.05483	0.04410	0.10628	0.38089	0.07446	0.01022	0.00256	0.04718	0.04364	0.00571	0.00652
1	0.01876	0.10672	0.02017	0.01828	0.13886	0.20084	0.01265	0.12425	0.14400	0.02317	0.07722	0.01838	0.01572	0.00772	0.00688	0.00190	0.04510	0.00589	0.00459	0.00891
2	0.07375	0.01618	0.08869	0.12753	0.14364	0.07283	0.01390	0.09184	0.09219	0.02286	0.05071	0.08740	0.01594	0.00833	0.00672	0.00203	0.02617	0.00690	0.00435	0.04804
3	0.01245	0.00953	0.04547	0.01296	0.07147	0.00858	0.04783	0.03223	0.04629	0.04633	0.08246	0.08172	0.06603	0.05354	0.01561	0.32110	0.00580	0.03053	0.00432	0.00575
4	0.04535	0.01827	0.08487	0.18827	0.08190	0.11044	0.01450	0.26215	0.02005	0.02617	0.01711	0.01893	0.06862	0.00765	0.00636	0.00198	0.00793	0.00605	0.00450	0.00887
5	0.12106	0.01716	0.12354	0.05601	0.05217	0.04316	0.01261	0.17009	0.09099	0.06171	0.04721	0.01715	0.01312	0.00784	0.02083	0.00202	0.00688	0.00548	0.00479	0.12617
6	0.04702	0.01390	0.01681	0.10683	0.10616	0.04077	0.01197	0.23450	0.06716	0.07475	0.12465	0.05097	0.02005	0.00851	0.00652	0.00197	0.00635	0.00709	0.00548	0.04855

[dist]
# distance from previous block
# <min> <max>
5	43

[block]
# block no. 1 follows, 34 sequences, length 43
# corresponding to MSA columns:
# 95-137
name=unknown_B
#
# <colnr> <probs for GDERKNQSTAVLIFYWHMCP>
#	G	D	E	R	K	N	Q	S	T	A	V	L	I	F	Y	W	H	M	C	P
0	0.08510	0.04521	0.08404	0.01222	0.01636	0.04866	0.04764	0.07057	0.03750	0.06900	0.07742	0.12289	0.04530	0.00932	0.00679	0.00191	0.03662	0.00767	0.02789	0.14787
1	0.13426	0.08918	0.18700	0.01409	0.05086	0.05965	0.01285	0.10312	0.07745	0.02329	0.04387	0.05595	0.01483	0.07987	0.00837	0.00235	0.00702	0.00620	0.00425	0.02553
2	0.01692	0.14155	0.06227	0.09178	0.14837	0.09568	0.01307	0.04060	0.06417	0.10130	0.06111	0.04382	0.07624	0.00820	0.00621	0.00191	0.00699	0.00673	0.00450	0.00857
3	0.06783	0.07874	0.15204	0.08948	0.07957	0.08723	0.06264	0.09712	0.06779	0.02198	0.01589	0.06986	0.03125	0.00876	0.02249	0.00220	0.02615	0.00647	0.00400	0.00851
4	0.09401	0.10364	0.15378	0.05561	0.04291	0.05075	0.04854	0.06401	0.03104	0.04681	0.03786	0.06378	0.03251	0.02525	0.00673	0.00207	0.00707	0.05903	0.00421	0.07040
5	0.01610	0.13325	0.07811	0.01317	0.01699	0.16519	0.03800	0.04388	0.08568	0.03910	0.07787	0.02479	0.08060	0.05559	0.02217	0.00233	0.04564	0.02286	0.00439	0.03429
6	0.09627	0.08732	0.19563	0.03655	0.05821	0.08955	0.01353	0.06560	0.06026	0.06654	0.07839	0.03700	0.01607	0.04257	0.00717	0.00213	0.00721	0.00607	0.02552	0.00840
7	0.09201	0.09270	0.08563	0.03349	0.04655	0.13550	0.01169	0.09041	0.07454	0.04944	0.03934	0.06723	0.03497	0.03479	0.04948	0.00260	0.02554	0.02158	0.00446	0.00805
8	0.14463	0.08675	0.14690	0.01344	0.05561	0.01281	0.04103	0.05378	0.04642	0.02150	0.02498	0.18345	0.12226	0.01075	0.00639	0.00212	0.00600	0.00902	0.00455	0.00760
9	0.01543	0.04409	0.09142	0.01576	0.02151	0.05204	0.19234	0.04715	0.01514	0.05033	0.01407	0.01838	0.01148	0.00629	0.00605	0.00165	0.00741	0.04330	0.03172	0.31442
10	0.01122	0.00561	0.00842	0.00842	0.00842	0.00561	0.00561	0.00842	0.00842	0.01122	0.01122	0.01964	0.01122	0.02245	0.02525	0.81201	0.00561	0.00561	0.00281	0.00281
11	0.01003	0.00747	0.01071	0.01027	0.01133	0.00859	0.02343	0.01208	0.01065	0.01577	0.01745	0.02677	0.01660	0.14742	0.49535	0.00812	0.06585	0.00712	0.08928	0.00568
12	0.01527	0.12386	0.27911	0.01806	0.04879	0.07532	0.15097	0.03466	0.01502	0.04753	0.03646	0.04823	0.04207	0.00759	0.00644	0.00200	0.00858	0.02774	0.00367	0.00862
13	0.01465	0.01386	0.02305	0.08804	0.54451	0.01405	0.03230	0.01882	0.04314	0.02046	0.01735	0.07327	0.05287	0.00756	0.00664	0.00202	0.00718	0.00721	0.00367	0.00935
14	0.00948	0.00695	0.00958	0.00949	0.01039	0.00784	0.00703	0.01122	0.01044	0.01491	0.01985	0.03040	0.04668	0.21309	0.49711	0.00849	0.03758	0.00769	0.03640	0.00538
15	0.08782	0.01758	0.13233	0.03830	0.12987	0.01513	0.06739	0.21473	0.01924	0.15867	0.01560	0.01660	0.01109	0.00687	0.00621	0.00198	0.00727	0.00572	0.03777	0.00984
16	0.01340	0.01148	0.01340	0.00957	0.01531	0.00861	0.00766	0.01627	0.01340	0.02105	0.01148	0.01340	0.00957	0.00479	0.00479	0.00096	0.00479	0.00383	0.00383	0.81242
17	0.01513	0.04128	0.02025	0.25660	0.16900	0.02895	0.05032	0.05904	0.12648	0.04646	0.04371	0.06021	0.01503	0.00790	0.00703	0.00210	0.03071	0.00693	0.00426	0.00859
18	0.04344	0.04506	0.03668	0.09304	0.04046	0.15480	0.01185	0.16549	0.13612	0.04214	0.03880	0.01812	0.01362	0.00763	0.00658	0.00193	0.03644	0.00578	0.09338	0.00865
19	0.00995	0.00744	0.00907	0.00932	0.01075	0.00731	0.00678	0.06086	0.06335	0.02130	0.19913	0.40026	0.11500	0.01646	0.00782	0.00237	0.00393	0.03632	0.00633	0.00623
20	0.01817	0.17963	0.25711	0.01431	0.02056	0.06024	0.01492	0.14209	0.04492	0.10614	0.03744	0.01779	0.04463	0.00732	0.00593	0.00187	0.00758	0.00555	0.00446	0.00932
21	0.01546	0.28835	0.37828	0.01648	0.02405	0.01913	0.08506	0.06689	0.01475	0.02004	0.01110	0.01300	0.00857	0.00597	0.00561	0.00182	0.00860	0.00466	0.00305	0.00913
22	0.00884	0.00645	0.00831	0.00815	0.00954	0.00592	0.00600	0.01148	0.01710	0.02382	0.57236	0.16277	0.10604	0.01454	0.00772	0.00214	0.00317	0.01288	0.00686	0.00592
23	0.02279	0.00999	0.01300	0.01043	0.01435	0.00906	0.00844	0.06678	0.01867	0.47166	0.17393	0.02739	0.02530	0.00904	0.00653	0.00195	0.00482	0.00751	0.08889	0.00945
24	0.00782	0.00621	0.00704	0.00755	0.00903	0.00542	0.00539	0.00937	0.01410	0.01767	0.09878	0.32144	0.43224	0.01758	0.00786	0.00233	0.00343	0.01525	0.00607	0.00542
25	0.01414	0.01414	0.01979	0.01696	0.01696	0.01979	0.01414	0.01555	0.00990	0.01555	0.00848	0.01414	0.00848	0.01131	0.02120	0.00283	0.76110	0.00565	0.00283	0.00707
26	0.01633	0.01599	0.02651	0.07538	0.57343	0.04086	0.08813	0.04666	0.01540	0.02139	0.01226	0.01603	0.01007	0.00587	0.00651	0.00195	0.00816	0.00589	0.00332	0.00985
27	0.01441	0.01423	0.02262	0.41522	0.30773	0.05433	0.04287	0.01844	0.01398	0.01839	0.01172	0.01646	0.00926	0.00616	0.00644	0.00204	0.00850	0.00573	0.00304	0.00843
28	0.01599	0.01535	0.02623	0.03966	0.73262	0.01535	0.01983	0.01983	0.01471	0.02111	0.01215	0.01599	0.01023	0.00576	0.00640	0.00192	0.00768	0.00576	0.00320	0.01023
29	0.01025	0.00652	0.00851	0.00926	0.01029	0.00608	0.00645	0.03083	0.01376	0.08104	0.06687	0.62560	0.06301	0.01837	0.00799	0.00251	0.00395	0.01651	0.00624	0.00596
30	0.04761	0.05179	0.18301	0.07616	0.19796	0.09532	0.13414	0.03687	0.04742	0.04988	0.01291	0.01549	0.00987	0.00621	0.00632	0.00198	0.00878	0.00560	0.00353	0.00915
31	0.05978	0.54247	0.19045	0.01270	0.01904	0.02241	0.01376	0.04349	0.01373	0.01801	0.00980	0.01129	0.00829	0.00577	0.00467	0.00158	0.00741	0.00384	0.00295	0.00860
32	0.00906	0.00660	0.00852	0.00804	0.00960	0.00606	0.00603	0.01203	0.01809	0.02544	0.69228	0.04904	0.09819	0.01338	0.00762	0.00204	0.00306	0.01179	0.00705	0.00606
33	0.01384	0.01380	0.06059	0.36761	0.11812	0.01431	0.07432	0.07172	0.06694	0.02050	0.01657	0.02023	0.05049	0.00848	0.03052	0.00236	0.00819	0.00645	0.02680	0.00816
34	0.01534	0.14218	0.24427	0.06999	0.08798	0.10019	0.06450	0.02102	0.07625	0.01919	0.01398	0.01627	0.02641	0.00805	0.03079	0.00220	0.02621	0.00539	0.02112	0.00866
35	0.04927	0.01321	0.09852	0.01318	0.04532	0.01088	0.02729	0.07215	0.01695	0.26652	0.13578	0.07829	0.06278	0.01119	0.03189	0.00238	0.04150	0.00816	0.00602	0.00874
36	0.00808	0.00572	0.00749	0.00876	0.00913	0.00538	0.00578	0.00914	0.01224	0.01637	0.05641	0.66736	0.04126	0.10087	0.01087	0.00300	0.00400	0.01719	0.00581	0.00513
37	0.01398	0.12519	0.41117	0.01826	0.06379	0.03342	0.08861	0.02042	0.06050	0.01987	0.01553	0.04705	0.04002	0.00714	0.00621	0.00199	0.00850	0.00601	0.00335	0.00899
38	0.09171	0.09471	0.03843	0.01412	0.05052	0.09611	0.03923	0.13738	0.05407	0.17160	0.01550	0.01587	0.01134	0.00672	0.00571	0.00175	0.00680	0.00518	0.02623	0.11704
39	0.01003	0.00727	0.00991	0.01126	0.01276	0.00715	0.00969	0.01280	0.01475	0.01903	0.03722	0.10370	0.10276	0.01782	0.00877	0.00288	0.00560	0.59476	0.00596	0.00587
40	0.00830	0.00607	0.00763	0.00856	0.00940	0.00564	0.00599	0.00972	0.01318	0.01730	0.09706	0.46060	0.15789	0.09174	0.01054	0.00288	0.00404	0.07228	0.00589	0.00528
41	0.01963	0.04309	0.02209	0.04734	0.08994	0.05986	0.11496	0.36015	0.02221	0.02939	0.01583	0.08844	0.01339	0.00837	0.00721	0.00204	0.03443	0.00711	0.00506	0.00944
42	0.48585	0.04565	0.01413	0.01093	0.01544	0.05056	0.02926	0.15895	0.01571	0.02916	0.01072	0.01205	0.00825	0.00623	0.00477	0.00185	0.00597	0.00415	0.00438	0.08598

[dist]
# distance from previous block
# <min> <max>
1	8

[block]
# block no. 2 follows, 34 sequences, length 37
# corresponding to MSA columns:
# 146-182
name=unknown_C
#
# <colnr> <probs for GDERKNQSTAVLIFYWHMCP>
#	G	D	E	R	K	N	Q	S	T	A	V	L	I	F	Y	W	H	M	C	P
0	0.03835	0.12118	0.10580	0.01411	0.01949	0.01762	0.03731	0.36538	0.02246	0.10161	0.03121	0.04521	0.01312	0.00776	0.00614	0.00191	0.00697	0.00607	0.02850	0.00981
1	0.08434	0.18721	0.06414	0.06560	0.10712	0.06788	0.07982	0.11213	0.03098	0.02218	0.01366	0.01889	0.01172	0.00804	0.02215	0.00209	0.00789	0.06028	0.00389	0.02998
2	0.01525	0.01421	0.07666	0.01399	0.05692	0.02861	0.03092	0.06668	0.21582	0.04199	0.01991	0.02101	0.03842	0.00804	0.00743	0.00194	0.08096	0.00629	0.17288	0.08208
3	0.01228	0.01159	0.01940	0.72701	0.04337	0.01458	0.01779	0.01647	0.01280	0.01647	0.01136	0.01710	0.00861	0.00666	0.00707	0.00218	0.03949	0.00574	0.00287	0.00717
4	0.00789	0.00653	0.00693	0.00699	0.00899	0.00557	0.00525	0.00969	0.01500	0.01837	0.13465	0.09648	0.60345	0.01626	0.00770	0.00221	0.00335	0.03303	0.00612	0.00553
5	0.00799	0.00570	0.00763	0.00913	0.00955	0.00535	0.00620	0.00919	0.01248	0.01662	0.03555	0.73757	0.04249	0.02014	0.00828	0.00264	0.00385	0.04838	0.00600	0.00528
6	0.00790	0.00569	0.00749	0.00888	0.00936	0.00528	0.00596	0.00910	0.01263	0.01681	0.05703	0.72040	0.06979	0.01989	0.00821	0.00259	0.00371	0.01799	0.00603	0.00528
7	0.00795	0.00572	0.00756	0.00901	0.00949	0.00533	0.00611	0.00916	0.01254	0.01662	0.03661	0.72033	0.06667	0.02003	0.00825	0.00262	0.00381	0.04092	0.00600	0.00528
8	0.01764	0.01466	0.01550	0.01347	0.01740	0.01681	0.01061	0.15971	0.59301	0.02957	0.02430	0.02251	0.01811	0.00858	0.00655	0.00214	0.00548	0.00703	0.00655	0.01037
9	0.81856	0.01250	0.00950	0.00850	0.01250	0.01449	0.00700	0.01899	0.01100	0.02899	0.00900	0.01050	0.00700	0.00600	0.00400	0.00200	0.00500	0.00350	0.00400	0.00700
10	0.01340	0.01148	0.01340	0.00957	0.01531	0.00861	0.00766	0.01627	0.01340	0.02105	0.01148	0.01340	0.00957	0.00479	0.00479	0.00096	0.00479	0.00383	0.00383	0.81242
11	0.02603	0.01575	0.01793	0.01375	0.01886	0.01655	0.01136	0.48593	0.02644	0.27143	0.01882	0.01766	0.01265	0.00784	0.00647	0.00196	0.00658	0.00604	0.00697	0.01099
12	0.81856	0.01250	0.00950	0.00850	0.01250	0.01449	0.00700	0.01899	0.01100	0.02899	0.00900	0.01050	0.00700	0.00600	0.00400	0.00200	0.00500	0.00350	0.00400	0.00700
13	0.01592	0.00962	0.01013	0.00883	0.01149	0.01018	0.00695	0.17948	0.07081	0.05570	0.02034	0.02201	0.01548	0.00769	0.00520	0.00168	0.00422	0.00609	0.53049	0.00769
14	0.04794	0.01676	0.01793	0.01389	0.01874	0.01842	0.01144	0.61223	0.02808	0.06600	0.01611	0.01625	0.01147	0.00770	0.00625	0.00191	0.00668	0.00579	0.06591	0.01050
15	0.01599	0.01535	0.02623	0.03966	0.73262	0.01535	0.01983	0.01983	0.01471	0.02111	0.01215	0.01599	0.01023	0.00576	0.00640	0.00192	0.00768	0.00576	0.00320	0.01023
16	0.02456	0.01810	0.01939	0.01487	0.02004	0.02004	0.01228	0.71107	0.03038	0.04072	0.01551	0.01551	0.01099	0.00776	0.00646	0.00194	0.00711	0.00582	0.00646	0.01099
17	0.01732	0.01450	0.01532	0.01340	0.01728	0.01666	0.01053	0.13421	0.61903	0.02905	0.02471	0.02284	0.01843	0.00862	0.00656	0.00215	0.00541	0.00709	0.00656	0.01034
18	0.00989	0.00670	0.00783	0.00767	0.00923	0.00632	0.00565	0.03480	0.01592	0.02284	0.31583	0.13713	0.16190	0.03899	0.00782	0.00216	0.00341	0.01133	0.18862	0.00595
19	0.00939	0.00680	0.00792	0.00751	0.00954	0.00595	0.00568	0.01171	0.01653	0.05743	0.36368	0.05387	0.39151	0.01452	0.00757	0.00210	0.00328	0.01240	0.00660	0.00602
20	0.01640	0.03922	0.04950	0.07687	0.52556	0.03515	0.01815	0.07745	0.03208	0.02205	0.01272	0.01616	0.01044	0.00751	0.03142	0.00221	0.00810	0.00569	0.00351	0.00981
21	0.01210	0.01440	0.13017	0.01822	0.10477	0.01162	0.13811	0.01691	0.07094	0.01987	0.05790	0.25869	0.02486	0.01186	0.00799	0.00233	0.03769	0.04923	0.00463	0.00770
22	0.00861	0.00588	0.00772	0.00892	0.00958	0.00542	0.00605	0.00985	0.01286	0.04123	0.05342	0.68473	0.08272	0.01943	0.00814	0.00256	0.00376	0.01753	0.00609	0.00548
23	0.05390	0.01295	0.01563	0.01211	0.01692	0.01273	0.00998	0.24077	0.02163	0.45429	0.02156	0.01971	0.01417	0.00783	0.00628	0.00195	0.00583	0.00615	0.05504	0.01056
24	0.01673	0.12502	0.17283	0.09301	0.21250	0.11245	0.03746	0.02062	0.01438	0.05506	0.01166	0.01447	0.00927	0.00656	0.00724	0.00195	0.07152	0.00511	0.00324	0.00891
25	0.01309	0.06551	0.30779	0.05399	0.08557	0.01349	0.04072	0.06063	0.03511	0.02131	0.08956	0.05582	0.09456	0.02635	0.00716	0.00214	0.00731	0.00740	0.00409	0.00840
26	0.00883	0.00596	0.00793	0.00904	0.00973	0.00557	0.00619	0.01015	0.01289	0.04591	0.06886	0.65901	0.05946	0.02031	0.03444	0.00284	0.00426	0.01704	0.00604	0.00554
27	0.00847	0.00654	0.00773	0.00752	0.00926	0.00580	0.00560	0.01085	0.01656	0.02202	0.42565	0.08622	0.33484	0.01482	0.00766	0.00212	0.00317	0.01279	0.00661	0.00580
28	0.01372	0.01189	0.01505	0.07822	0.01877	0.00999	0.03724	0.04356	0.03229	0.02143	0.01270	0.03360	0.01066	0.00558	0.00525	0.00123	0.00545	0.00469	0.00395	0.63473
29	0.01563	0.07819	0.05184	0.14801	0.29301	0.10626	0.09326	0.01931	0.01470	0.01888	0.01393	0.04078	0.01240	0.00727	0.00652	0.00202	0.00845	0.05756	0.00340	0.00857
30	0.01020	0.00926	0.04822	0.06981	0.01526	0.00960	0.00983	0.01289	0.01109	0.01606	0.01754	0.02414	0.03978	0.03616	0.51989	0.00782	0.06693	0.00672	0.02992	0.03887
31	0.01272	0.01117	0.01855	0.64332	0.06440	0.01351	0.01673	0.01676	0.01339	0.04625	0.04074	0.04880	0.01236	0.00731	0.00658	0.00215	0.00804	0.00651	0.00338	0.00732
32	0.04572	0.08903	0.05519	0.05844	0.05889	0.13814	0.05408	0.08184	0.04885	0.12469	0.01888	0.02159	0.06508	0.03524	0.00824	0.02300	0.03664	0.02350	0.00459	0.00835
33	0.05452	0.05365	0.05835	0.01856	0.16052	0.10486	0.01298	0.14629	0.09351	0.07972	0.01651	0.06980	0.01367	0.00799	0.00667	0.00195	0.03264	0.00637	0.02783	0.03361
34	0.13311	0.01565	0.01626	0.06606	0.01922	0.09251	0.03521	0.27285	0.06669	0.04645	0.01637	0.08395	0.01376	0.01069	0.04968	0.00248	0.00756	0.00661	0.00514	0.03975
35	0.19245	0.01343	0.01330	0.07181	0.01680	0.08557	0.00932	0.13524	0.01697	0.09143	0.09020	0.04773	0.04137	0.03428	0.00709	0.00207	0.02188	0.00653	0.04548	0.05705
36	0.13198	0.01542	0.05138	0.03362	0.05387	0.13941	0.03419	0.05734	0.06512	0.08716	0.09609	0.11897	0.03554	0.00996	0.00653	0.00210	0.00663	0.04174	0.00512	0.00784

[dist]
# distance from previous block
# <min> <max>
0	20

[block]
# block no. 3 follows, 34 sequences, length 7
# corresponding to MSA columns:
# 203-209
name=unknown_D
#
# <colnr> <probs for GDERKNQSTAVLIFYWHMCP>
#	G	D	E	R	K	N	Q	S	T	A	V	L	I	F	Y	W	H	M	C	P
0	0.07641	0.10357	0.08762	0.06279	0.08224	0.13034	0.07398	0.05220	0.03404	0.05197	0.06450	0.01702	0.01338	0.00717	0.00705	0.00191	0.06360	0.00558	0.02411	0.04052
1	0.06387	0.07627	0.07622	0.04259	0.08335	0.05026	0.08406	0.10525	0.03298	0.04412	0.02898	0.01602	0.01131	0.00801	0.03001	0.00208	0.06427	0.00539	0.02877	0.14619
2	0.01611	0.18126	0.04517	0.01293	0.04258	0.12054	0.01043	0.06051	0.08208	0.04510	0.08952	0.02151	0.01772	0.06083	0.09186	0.00305	0.03347	0.00616	0.05142	0.00777
3	0.00885	0.00653	0.00802	0.00793	0.00938	0.00623	0.00584	0.01101	0.01457	0.01989	0.27985	0.08799	0.23375	0.08126	0.14043	0.00390	0.00593	0.01127	0.05175	0.00563
4	0.01143	0.01004	0.01014	0.00948	0.01191	0.05441	0.00721	0.01801	0.20598	0.02277	0.27462	0.04414	0.26951	0.01266	0.00723	0.00210	0.00421	0.01069	0.00636	0.00708
5	0.01334	0.07327	0.60047	0.07408	0.07317	0.01559	0.02244	0.02007	0.01363	0.01991	0.01147	0.01387	0.00835	0.00610	0.00606	0.00201	0.00921	0.00483	0.00277	0.00934
6	0.00927	0.00677	0.00960	0.00960	0.01048	0.00765	0.00710	0.01103	0.01015	0.01442	0.01803	0.02937	0.01788	0.21919	0.57895	0.00941	0.01470	0.00751	0.00357	0.00533

[dist]
# distance from previous block
# <min> <max>
0	9

[block]
# block no. 4 follows, 34 sequences, length 19
# corresponding to MSA columns:
# 219-237
name=unknown_E
#
# <colnr> <probs for GDERKNQSTAVLIFYWHMCP>
#	G	D	E	R	K	N	Q	S	T	A	V	L	I	F	Y	W	H	M	C	P
0	0.05395	0.01775	0.01755	0.01457	0.04478	0.11129	0.01131	0.40712	0.04435	0.03208	0.04284	0.01605	0.01249	0.00723	0.00605	0.00176	0.00703	0.00546	0.00544	0.14090
1	0.01661	0.01761	0.05249	0.02028	0.09773	0.10707	0.20448	0.08852	0.05990	0.02178	0.01320	0.01619	0.01054	0.00893	0.04965	0.00239	0.07303	0.00590	0.00383	0.12987
2	0.03506	0.00804	0.00994	0.01040	0.01227	0.00808	0.00853	0.03141	0.07919	0.02151	0.15515	0.10987	0.13270	0.01560	0.00806	0.00256	0.00486	0.33422	0.00617	0.00640
3	0.11701	0.22792	0.23141	0.04518	0.03710	0.05430	0.03390	0.07476	0.04070	0.06412	0.01219	0.01358	0.00928	0.00630	0.00544	0.00184	0.00774	0.00464	0.00370	0.00890
4	0.02254	0.01861	0.04629	0.01603	0.02046	0.11678	0.07108	0.32519	0.02201	0.14464	0.01504	0.01594	0.01088	0.00790	0.00857	0.00206	0.11513	0.00579	0.00537	0.00971
5	0.00940	0.00626	0.00705	0.00705	0.00705	0.00626	0.00392	0.00940	0.00940	0.01253	0.02036	0.04228	0.02349	0.77292	0.03289	0.00626	0.00626	0.00940	0.00392	0.00392
6	0.07926	0.19489	0.05379	0.09148	0.07800	0.11131	0.10196	0.11011	0.01655	0.06959	0.01236	0.01446	0.00960	0.00719	0.02134	0.00202	0.00837	0.00513	0.00388	0.00871
7	0.01446	0.15861	0.45918	0.01841	0.02625	0.04034	0.12763	0.02030	0.01381	0.01926	0.01121	0.01362	0.00847	0.00613	0.00657	0.00197	0.03690	0.00500	0.00284	0.00905
8	0.00939	0.00630	0.00721	0.00721	0.00727	0.00635	0.00412	0.00950	0.00944	0.01265	0.02021	0.04146	0.02313	0.73751	0.06781	0.00647	0.00680	0.00928	0.00389	0.00401
9	0.00787	0.00562	0.00750	0.00900	0.00937	0.00525	0.00600	0.00900	0.01237	0.01649	0.03561	0.76871	0.04274	0.02024	0.00825	0.00262	0.00375	0.01837	0.00600	0.00525
10	0.04679	0.05885	0.02102	0.08774	0.13834	0.11468	0.10235	0.07890	0.06452	0.09554	0.04525	0.06523	0.01569	0.00805	0.00654	0.00202	0.00766	0.02753	0.00461	0.00869
11	0.05005	0.02234	0.20794	0.02198	0.07364	0.09601	0.26666	0.07606	0.01570	0.02163	0.01192	0.01501	0.00912	0.00651	0.00795	0.00210	0.07726	0.00591	0.00338	0.00886
12	0.07200	0.01210	0.01438	0.01137	0.01580	0.01195	0.00930	0.18185	0.04879	0.40824	0.02167	0.02023	0.01456	0.00779	0.00607	0.00192	0.00547	0.00613	0.12035	0.01002
13	0.01497	0.01431	0.02438	0.23330	0.54697	0.01508	0.01932	0.01893	0.01423	0.01987	0.01197	0.01632	0.00980	0.00595	0.00641	0.00198	0.00793	0.00575	0.00311	0.00941
14	0.00916	0.00680	0.00999	0.01008	0.01111	0.00779	0.00768	0.01124	0.01044	0.01492	0.01860	0.07069	0.01822	0.09482	0.65601	0.00965	0.01577	0.00777	0.00364	0.00562
15	0.01177	0.01042	0.01697	0.38828	0.15848	0.01185	0.01456	0.01513	0.01299	0.01755	0.01749	0.17686	0.01695	0.01208	0.05587	0.00273	0.00776	0.00851	0.03657	0.00718
16	0.01208	0.01048	0.01149	0.04141	0.05596	0.05808	0.00837	0.04205	0.13325	0.02290	0.25991	0.05973	0.20564	0.01188	0.00707	0.00206	0.00468	0.01011	0.03568	0.00716
17	0.67629	0.01199	0.00994	0.00908	0.01278	0.01369	0.00752	0.04506	0.01241	0.02835	0.03779	0.01840	0.01217	0.00753	0.00473	0.00210	0.00511	0.07367	0.00441	0.00701
18	0.05028	0.01552	0.01766	0.12337	0.02220	0.07400	0.03711	0.26328	0.01992	0.07443	0.01421	0.03411	0.01097	0.00706	0.00638	0.00178	0.02519	0.00555	0.00487	0.19212

[dist]
# distance from previous block
# <min> <max>
0	1

[block]
# block no. 5 follows, 34 sequences, length 33
# corresponding to MSA columns:
# 239-271
name=unknown_F
#
# <colnr> <probs for GDERKNQSTAVLIFYWHMCP>
#	G	D	E	R	K	N	Q	S	T	A	V	L	I	F	Y	W	H	M	C	P
0	0.02416	0.03023	0.01836	0.01657	0.01998	0.71469	0.01248	0.05624	0.01885	0.01692	0.01023	0.01182	0.00844	0.00671	0.00585	0.00168	0.01145	0.00424	0.00347	0.00765
1	0.00795	0.00569	0.00757	0.00894	0.00939	0.00530	0.00600	0.00920	0.01275	0.01709	0.07983	0.72278	0.04390	0.01979	0.00821	0.00259	0.00370	0.01794	0.00607	0.00530
2	0.02537	0.01612	0.01901	0.01449	0.01967	0.01698	0.04234	0.49383	0.02644	0.23115	0.01815	0.01738	0.01231	0.00772	0.00652	0.00197	0.00683	0.00608	0.00674	0.01089
3	0.00856	0.00627	0.00805	0.00839	0.00956	0.00576	0.00606	0.01076	0.01567	0.02140	0.38612	0.31048	0.12594	0.01623	0.00789	0.00229	0.00341	0.03489	0.00655	0.00572
4	0.00923	0.00657	0.00773	0.00794	0.00964	0.00578	0.00584	0.01101	0.01476	0.05960	0.14588	0.26202	0.37448	0.01661	0.00779	0.00230	0.00360	0.03714	0.00627	0.00582
5	0.00802	0.00581	0.00761	0.00895	0.00954	0.00540	0.00615	0.00933	0.01283	0.01698	0.05748	0.66376	0.09023	0.01965	0.00822	0.00259	0.00381	0.05228	0.00603	0.00532
6	0.01018	0.00689	0.00861	0.00801	0.00992	0.00619	0.00607	0.01288	0.01752	0.07298	0.53487	0.04952	0.20496	0.01354	0.00755	0.00206	0.00327	0.01176	0.00693	0.00629
7	0.01315	0.06646	0.70809	0.01809	0.02746	0.01548	0.02330	0.02041	0.01362	0.02023	0.01148	0.01350	0.00819	0.00611	0.00605	0.00202	0.00943	0.00472	0.00273	0.00949
8	0.01698	0.64082	0.13093	0.01232	0.01831	0.05601	0.01289	0.01979	0.01343	0.01596	0.00939	0.01088	0.00828	0.00566	0.00450	0.00149	0.00749	0.00367	0.00278	0.00843
9	0.00812	0.00585	0.00749	0.00871	0.00925	0.00547	0.00588	0.00926	0.01239	0.01630	0.03665	0.60015	0.10193	0.09713	0.01075	0.00297	0.00406	0.04669	0.00578	0.00516
10	0.01340	0.01148	0.01340	0.00957	0.01531	0.00861	0.00766	0.01627	0.01340	0.02105	0.01148	0.01340	0.00957	0.00479	0.00479	0.00096	0.00479	0.00383	0.00383	0.81242
11	0.02414	0.03079	0.01831	0.01665	0.01998	0.74698	0.01248	0.02580	0.01831	0.01581	0.00999	0.01165	0.00832	0.00666	0.00583	0.00166	0.01165	0.00416	0.00333	0.00749
12	0.00883	0.00649	0.00830	0.00827	0.00969	0.00596	0.00616	0.01141	0.01677	0.02310	0.50612	0.16335	0.13697	0.01492	0.00779	0.00219	0.00333	0.04773	0.00675	0.00588
13	0.00995	0.00671	0.00760	0.00751	0.00774	0.00678	0.00446	0.03326	0.01032	0.01375	0.02075	0.04260	0.02362	0.71690	0.03104	0.00599	0.00628	0.03645	0.00408	0.00424
14	0.01459	0.01489	0.01972	0.01695	0.01710	0.05250	0.01406	0.01601	0.01027	0.01556	0.00855	0.01402	0.00847	0.01110	0.02051	0.00277	0.72738	0.00559	0.00285	0.00709
15	0.04808	0.09434	0.17279	0.01419	0.04228	0.10048	0.02982	0.03533	0.03653	0.10015	0.02219	0.05896	0.09216	0.01097	0.03932	0.00239	0.00768	0.06192	0.00450	0.02592
16	0.08688	0.13812	0.33800	0.01490	0.02179	0.05439	0.01629	0.10719	0.06895	0.02324	0.01248	0.01378	0.00942	0.00637	0.00562	0.00185	0.00789	0.00469	0.00371	0.06446
17	0.01607	0.01388	0.01461	0.01315	0.01680	0.01607	0.01023	0.03433	0.72094	0.02703	0.02630	0.02411	0.01972	0.00877	0.00657	0.00219	0.00511	0.00731	0.00657	0.01023
18	0.01192	0.01106	0.01849	0.66110	0.06522	0.01352	0.01687	0.01591	0.01293	0.01667	0.01380	0.08867	0.01192	0.00775	0.00663	0.00219	0.00812	0.00694	0.00318	0.00710
19	0.01325	0.02975	0.01570	0.12006	0.09447	0.04588	0.03277	0.06716	0.10463	0.02086	0.07209	0.13308	0.11515	0.01264	0.03691	0.00252	0.04157	0.02904	0.00491	0.00758
20	0.01702	0.01518	0.08310	0.23254	0.05765	0.03609	0.16861	0.05253	0.01576	0.16404	0.01878	0.03742	0.05673	0.00749	0.00679	0.00210	0.00811	0.00697	0.00444	0.00864
21	0.00930	0.00631	0.00720	0.00720	0.00737	0.00632	0.00418	0.00950	0.00972	0.01291	0.02251	0.04242	0.05937	0.69627	0.06889	0.00627	0.00669	0.00948	0.00400	0.00409
22	0.01528	0.01705	0.03016	0.25183	0.03558	0.09568	0.41920	0.01996	0.01486	0.01887	0.01224	0.01673	0.00927	0.00589	0.00707	0.00211	0.01027	0.00666	0.00315	0.00811
23	0.05127	0.05919	0.07094	0.11171	0.23338	0.04968	0.21612	0.04721	0.01514	0.02087	0.01329	0.01888	0.01103	0.00658	0.00663	0.00205	0.00873	0.04504	0.00346	0.00880
24	0.02043	0.01335	0.01657	0.01318	0.01726	0.01371	0.05964	0.33248	0.02218	0.17709	0.04548	0.11190	0.06605	0.04981	0.00826	0.00229	0.00622	0.00847	0.00635	0.00926
25	0.00794	0.00597	0.00738	0.00847	0.00940	0.00542	0.00593	0.00930	0.01316	0.01691	0.04384	0.53598	0.23350	0.01904	0.00811	0.00252	0.00373	0.05207	0.00600	0.00534
26	0.00875	0.00767	0.04646	0.01113	0.04287	0.00642	0.00797	0.01050	0.01279	0.01718	0.03319	0.62784	0.03896	0.01863	0.00812	0.00260	0.00444	0.08302	0.00570	0.00576
27	0.01457	0.02154	0.26533	0.15308	0.05356	0.01573	0.27162	0.06284	0.03887	0.02133	0.01287	0.01620	0.00947	0.00612	0.00678	0.00211	0.00952	0.00617	0.00332	0.00896
28	0.01122	0.00561	0.00842	0.00842	0.00842	0.00561	0.00561	0.00842	0.00842	0.01122	0.01122	0.01964	0.01122	0.02245	0.02525	0.81201	0.00561	0.00561	0.00281	0.00281
29	0.00787	0.00562	0.00750	0.00900	0.00937	0.00525	0.00600	0.00900	0.01237	0.01649	0.03561	0.76871	0.04274	0.02024	0.00825	0.00262	0.00375	0.01837	0.00600	0.00525
30	0.01077	0.00771	0.01040	0.01005	0.01133	0.00884	0.00775	0.05212	0.01201	0.01784	0.01817	0.05124	0.01690	0.08011	0.48070	0.00758	0.05215	0.00720	0.13109	0.00605
31	0.02118	0.08399	0.01735	0.01287	0.01707	0.04826	0.01072	0.28843	0.08416	0.16536	0.02067	0.04234	0.01673	0.00922	0.00651	0.00204	0.00639	0.09404	0.04317	0.00951
32	0.05375	0.12037	0.15300	0.01323	0.01928	0.03741	0.01268	0.22424	0.03668	0.02635	0.01259	0.01376	0.00967	0.00623	0.00549	0.00161	0.00686	0.00463	0.00433	0.23784

[dist]
# distance from previous block
# <min> <max>
0	1

[block]
# block no. 6 follows, 34 sequences, length 18
# corresponding to MSA columns:
# 273-290
name=unknown_G
#
# <colnr> <probs for GDERKNQSTAVLIFYWHMCP>
#	G	D	E	R	K	N	Q	S	T	A	V	L	I	F	Y	W	H	M	C	P
0	0.01585	0.13670	0.13933	0.07828	0.01996	0.01408	0.01228	0.10515	0.03262	0.08706	0.05125	0.04170	0.07744	0.00788	0.00595	0.00176	0.00639	0.00631	0.00456	0.15545
1	0.07069	0.01348	0.03554	0.19691	0.06977	0.04803	0.12408	0.04855	0.04310	0.04018	0.03886	0.13344	0.03653	0.00914	0.00732	0.00215	0.03756	0.00814	0.00422	0.03231
2	0.00787	0.00562	0.00750	0.00900	0.00937	0.00525	0.00600	0.00900	0.01237	0.01649	0.03561	0.76871	0.04274	0.02024	0.00825	0.00262	0.00375	0.01837	0.00600	0.00525
3	0.01340	0.01148	0.01340	0.00957	0.01531	0.00861	0.00766	0.01627	0.01340	0.02105	0.01148	0.01340	0.00957	0.00479	0.00479	0.00096	0.00479	0.00383	0.00383	0.81242
4	0.01312	0.01124	0.01306	0.00942	0.01499	0.00846	0.00752	0.01593	0.01346	0.02088	0.01412	0.01578	0.04477	0.00535	0.00492	0.00102	0.00471	0.00431	0.00393	0.77299
5	0.00787	0.00562	0.00750	0.00900	0.00937	0.00525	0.00600	0.00900	0.01237	0.01649	0.03561	0.76871	0.04274	0.02024	0.00825	0.00262	0.00375	0.01837	0.00600	0.00525
6	0.00895	0.00656	0.00839	0.00801	0.00955	0.00600	0.00598	0.01179	0.01772	0.02474	0.63912	0.07788	0.12359	0.01378	0.00765	0.00207	0.00310	0.01213	0.00696	0.00600
7	0.00775	0.00646	0.00677	0.00689	0.00885	0.00547	0.00509	0.00942	0.01470	0.01787	0.10272	0.13327	0.61940	0.01657	0.00770	0.00222	0.00331	0.01400	0.00607	0.00547
8	0.01443	0.00832	0.00857	0.00771	0.00991	0.00869	0.00600	0.14776	0.01676	0.02726	0.02002	0.02245	0.01550	0.00757	0.00489	0.00159	0.00379	0.00598	0.65582	0.00697
9	0.00796	0.00579	0.00740	0.00859	0.00919	0.00535	0.00578	0.00914	0.01268	0.01670	0.05940	0.63037	0.12197	0.05546	0.00933	0.00273	0.00379	0.01719	0.00593	0.00523
10	0.01702	0.01435	0.01514	0.01334	0.01716	0.01651	0.01046	0.10970	0.64404	0.02855	0.02510	0.02315	0.01875	0.00865	0.00656	0.00216	0.00534	0.00714	0.00656	0.01031
11	0.01296	0.03342	0.73944	0.01842	0.02797	0.01501	0.02387	0.02046	0.01364	0.02046	0.01160	0.01364	0.00818	0.00614	0.00614	0.00205	0.00955	0.00477	0.00273	0.00955
12	0.01266	0.00662	0.00668	0.00646	0.00814	0.00671	0.00490	0.04925	0.01438	0.02491	0.02080	0.02367	0.01629	0.00754	0.00461	0.00153	0.00321	0.00601	0.76937	0.00627
13	0.01413	0.06619	0.60072	0.01866	0.02750	0.01540	0.09320	0.02093	0.01400	0.05273	0.01225	0.01425	0.00871	0.00612	0.00621	0.00203	0.00938	0.00508	0.00302	0.00947
14	0.00783	0.00619	0.00708	0.00777	0.00916	0.00544	0.00556	0.00930	0.01373	0.01711	0.05170	0.36227	0.41420	0.01806	0.00794	0.00240	0.00357	0.03929	0.00600	0.00538
15	0.05113	0.06975	0.23762	0.01638	0.06518	0.04656	0.06259	0.01897	0.01358	0.03938	0.01210	0.03425	0.00993	0.00656	0.00702	0.00177	0.07274	0.00510	0.00342	0.22598
16	0.03747	0.10074	0.19920	0.03211	0.02091	0.12515	0.01439	0.18031	0.05829	0.07370	0.01399	0.01502	0.01041	0.00696	0.00628	0.00187	0.02870	0.00508	0.03542	0.03401
17	0.08253	0.21779	0.12723	0.01369	0.01902	0.12917	0.01280	0.18429	0.05991	0.02415	0.01295	0.03498	0.01053	0.00694	0.00552	0.00177	0.00763	0.00499	0.00418	0.03993

[dist]
# distance from previous block
# <min> <max>
1	10

[block]
# block no. 7 follows, 34 sequences, length 54
# corresponding to MSA columns:
# 301-354
name=unknown_H
#
# <colnr> <probs for GDERKNQSTAVLIFYWHMCP>
#	G	D	E	R	K	N	Q	S	T	A	V	L	I	F	Y	W	H	M	C	P
0	0.08345	0.04249	0.01844	0.14333	0.05230	0.20694	0.06101	0.07633	0.01579	0.06084	0.01479	0.03869	0.03100	0.03738	0.05456	0.00266	0.04227	0.00602	0.00396	0.00774
1	0.11606	0.01535	0.01692	0.05540	0.03269	0.04550	0.02684	0.28945	0.15451	0.08525	0.01690	0.01760	0.01252	0.01013	0.05165	0.00254	0.02969	0.00591	0.00556	0.00952
2	0.00990	0.00694	0.00822	0.00805	0.00867	0.00716	0.00521	0.04231	0.01101	0.01475	0.02316	0.05740	0.07243	0.52857	0.16347	0.00646	0.00810	0.00929	0.00415	0.00473
3	0.48659	0.01593	0.01331	0.01120	0.01548	0.09774	0.00910	0.20023	0.01720	0.06339	0.01157	0.01246	0.00860	0.00662	0.00496	0.00195	0.00632	0.00431	0.00475	0.00828
4	0.00871	0.00711	0.00815	0.00792	0.00972	0.00668	0.00596	0.01133	0.04071	0.02020	0.26030	0.10487	0.41937	0.01518	0.00827	0.00220	0.03844	0.01279	0.00621	0.00588
5	0.01700	0.66085	0.11820	0.01214	0.01807	0.04994	0.01265	0.01971	0.01337	0.01586	0.00933	0.01080	0.00828	0.00564	0.00445	0.00147	0.00740	0.00364	0.00278	0.00841
6	0.01624	0.01441	0.01470	0.01313	0.01616	0.09383	0.01030	0.12754	0.32131	0.02415	0.01986	0.02153	0.01584	0.01956	0.21404	0.00441	0.03248	0.00658	0.00522	0.00870
7	0.01724	0.01442	0.01736	0.01466	0.01842	0.03743	0.07818	0.23079	0.23924	0.02792	0.02374	0.05613	0.04341	0.01030	0.00751	0.00226	0.02773	0.11829	0.00588	0.00910
8	0.00951	0.00629	0.00771	0.00772	0.00794	0.00642	0.00478	0.00968	0.00980	0.01327	0.04290	0.05422	0.02294	0.55614	0.12955	0.08655	0.00756	0.00896	0.00390	0.00416
9	0.01462	0.01270	0.01268	0.01132	0.01452	0.05575	0.00879	0.10339	0.34246	0.02541	0.11311	0.03470	0.20175	0.01094	0.00690	0.00211	0.00503	0.00904	0.00629	0.00849
10	0.02823	0.01147	0.01520	0.01173	0.01668	0.01030	0.00967	0.06553	0.04845	0.67265	0.02503	0.02176	0.01590	0.00802	0.00650	0.00200	0.00556	0.00650	0.00786	0.01096
11	0.01307	0.03182	0.67950	0.01838	0.02764	0.01478	0.05042	0.02029	0.01369	0.02050	0.01165	0.01378	0.00831	0.00605	0.00614	0.00200	0.00939	0.00485	0.00280	0.04495
12	0.01721	0.01444	0.01525	0.01338	0.01723	0.01660	0.01050	0.12479	0.62864	0.02886	0.02486	0.02296	0.01856	0.00863	0.00656	0.00216	0.00538	0.00711	0.00656	0.01033
13	0.00845	0.00647	0.00774	0.00766	0.00928	0.00576	0.00565	0.01075	0.01629	0.02172	0.40557	0.13984	0.30101	0.01520	0.00770	0.00216	0.00321	0.01319	0.00658	0.00576
14	0.00834	0.00597	0.00768	0.00886	0.00943	0.00564	0.00610	0.00954	0.01240	0.01632	0.03551	0.54123	0.08959	0.12465	0.01171	0.00314	0.00430	0.08874	0.00570	0.00515
15	0.58796	0.01523	0.01173	0.01038	0.01433	0.10467	0.00834	0.06450	0.08736	0.02790	0.01133	0.01237	0.00874	0.00648	0.00465	0.00197	0.00596	0.00412	0.00434	0.00764
16	0.01585	0.01491	0.02280	0.19734	0.39872	0.04725	0.04196	0.08301	0.01562	0.02117	0.01268	0.01745	0.01054	0.04748	0.00783	0.00219	0.00799	0.00591	0.00349	0.02582
17	0.01392	0.14524	0.53412	0.01857	0.05407	0.01691	0.06044	0.02008	0.01355	0.01950	0.01118	0.01347	0.00839	0.00620	0.00653	0.00198	0.03905	0.00481	0.00279	0.00924
18	0.00847	0.00715	0.00745	0.00744	0.00932	0.02641	0.00550	0.01038	0.01542	0.01926	0.21403	0.12793	0.48695	0.01575	0.00764	0.00218	0.00350	0.01339	0.00618	0.00564
19	0.00787	0.00562	0.00750	0.00900	0.00937	0.00525	0.00600	0.00900	0.01237	0.01649	0.03561	0.76871	0.04274	0.02024	0.00825	0.00262	0.00375	0.01837	0.00600	0.00525
20	0.02130	0.01908	0.01813	0.01505	0.01921	0.20381	0.05180	0.30414	0.08616	0.06368	0.01947	0.02309	0.04768	0.00876	0.00666	0.00201	0.00795	0.06734	0.00549	0.00918
21	0.01532	0.07136	0.02068	0.01650	0.01722	0.08957	0.01375	0.01680	0.01093	0.01555	0.00866	0.01362	0.00845	0.01044	0.01849	0.00261	0.63461	0.00535	0.00287	0.00720
22	0.01431	0.01201	0.01502	0.01095	0.01637	0.00984	0.04293	0.04657	0.01437	0.04155	0.03177	0.01491	0.01120	0.00550	0.00570	0.00118	0.03175	0.00446	0.00408	0.66554
23	0.03301	0.01075	0.01716	0.32314	0.21118	0.01189	0.01439	0.01560	0.01326	0.01860	0.01786	0.18976	0.01743	0.00951	0.00664	0.00215	0.00673	0.00861	0.06489	0.00743
24	0.00829	0.00599	0.00780	0.00900	0.00956	0.00571	0.00607	0.01009	0.03622	0.01739	0.08535	0.66555	0.04262	0.04617	0.00902	0.00270	0.00383	0.01719	0.00602	0.00543
25	0.01514	0.01483	0.04681	0.05855	0.39183	0.01510	0.07113	0.04379	0.06234	0.02145	0.03570	0.04007	0.01333	0.00743	0.00824	0.00208	0.09547	0.00653	0.04103	0.00915
26	0.01246	0.01198	0.02095	0.69612	0.04360	0.01452	0.07595	0.01686	0.01312	0.01686	0.01162	0.01724	0.00871	0.00637	0.00656	0.00216	0.00880	0.00590	0.00290	0.00731
27	0.00764	0.00651	0.00658	0.00663	0.00875	0.00545	0.00495	0.00926	0.01465	0.01742	0.06444	0.08632	0.70651	0.01650	0.00766	0.00220	0.00329	0.01380	0.00600	0.00545
28	0.01581	0.01516	0.02589	0.07468	0.69904	0.01530	0.01974	0.01967	0.01463	0.02088	0.01212	0.01605	0.01016	0.00579	0.00640	0.00193	0.00772	0.00576	0.00318	0.01009
29	0.00951	0.00625	0.00700	0.00700	0.00707	0.00625	0.00394	0.00965	0.00958	0.01304	0.02039	0.04148	0.02318	0.73915	0.03164	0.00605	0.00612	0.00925	0.03943	0.00401
30	0.02414	0.03079	0.01831	0.01665	0.01998	0.74698	0.01248	0.02580	0.01831	0.01581	0.00999	0.01165	0.00832	0.00666	0.00583	0.00166	0.01165	0.00416	0.00333	0.00749
31	0.01429	0.01167	0.01364	0.00980	0.01550	0.00899	0.00786	0.03787	0.01409	0.04683	0.01210	0.01376	0.00984	0.00499	0.00490	0.00102	0.00488	0.00398	0.00405	0.75995
32	0.00807	0.00681	0.00702	0.00692	0.00910	0.00589	0.00520	0.01042	0.04021	0.01854	0.12265	0.05960	0.64563	0.01581	0.00760	0.00217	0.00332	0.01324	0.00612	0.00568
33	0.02417	0.02987	0.01839	0.01652	0.01998	0.69396	0.01247	0.07579	0.01919	0.01763	0.01039	0.01193	0.00852	0.00674	0.00587	0.00168	0.01132	0.00428	0.00356	0.00775
34	0.02066	0.01329	0.01699	0.03977	0.13517	0.04523	0.01223	0.08605	0.12573	0.27051	0.02204	0.02692	0.01728	0.00910	0.00732	0.00216	0.03322	0.10067	0.00603	0.00964
35	0.01646	0.01408	0.01483	0.01323	0.01695	0.01626	0.01032	0.06571	0.68893	0.02766	0.02580	0.02371	0.01932	0.00872	0.00657	0.00218	0.00521	0.00724	0.00657	0.01026
36	0.00787	0.00562	0.00750	0.00900	0.00937	0.00525	0.00600	0.00900	0.01237	0.01649	0.03561	0.76871	0.04274	0.02024	0.00825	0.00262	0.00375	0.01837	0.00600	0.00525
37	0.01016	0.00758	0.00983	0.01091	0.01233	0.00768	0.00877	0.01429	0.09674	0.01927	0.03503	0.28530	0.06585	0.01748	0.00838	0.00274	0.00505	0.37036	0.00604	0.00621
38	0.01604	0.01479	0.02297	0.11763	0.48447	0.01562	0.01747	0.06039	0.14165	0.02272	0.01479	0.01756	0.01178	0.00649	0.00644	0.00200	0.00730	0.00604	0.00394	0.00992
39	0.01637	0.01521	0.02470	0.09078	0.59615	0.01567	0.01871	0.07319	0.04530	0.02251	0.01295	0.01639	0.01057	0.00609	0.00641	0.00195	0.00760	0.00583	0.00357	0.01006
40	0.01442	0.01319	0.01906	0.12950	0.02179	0.01666	0.06114	0.01958	0.13599	0.04671	0.01439	0.04419	0.01240	0.01145	0.04459	0.00284	0.37383	0.00663	0.00387	0.00779
41	0.00787	0.00562	0.00750	0.00900	0.00937	0.00525	0.00600	0.00900	0.01237	0.01649	0.03561	0.76871	0.04274	0.02024	0.00825	0.00262	0.00375	0.01837	0.00600	0.00525
42	0.04919	0.01761	0.02016	0.12714	0.22386	0.19183	0.04959	0.07593	0.04065	0.02112	0.03424	0.04102	0.01406	0.00783	0.00652	0.00202	0.00833	0.05650	0.00399	0.00842
43	0.01515	0.05571	0.01673	0.01516	0.07044	0.17171	0.06674	0.03764	0.01457	0.04675	0.02141	0.14047	0.06735	0.08149	0.08872	0.00335	0.04352	0.03176	0.00430	0.00703
44	0.00832	0.00715	0.00725	0.00738	0.00925	0.02800	0.00542	0.01001	0.01482	0.01806	0.12214	0.16692	0.54002	0.01636	0.00767	0.00222	0.00358	0.01388	0.00602	0.00555
45	0.01721	0.00823	0.00965	0.00839	0.01110	0.00784	0.00658	0.06211	0.01630	0.22856	0.06993	0.05206	0.03830	0.00873	0.00562	0.00177	0.00401	0.00715	0.42875	0.00771
46	0.01561	0.04715	0.05997	0.01362	0.01699	0.16859	0.07112	0.03410	0.07294	0.06649	0.11948	0.10249	0.09127	0.01081	0.00746	0.00211	0.03397	0.05319	0.00508	0.00756
47	0.01547	0.07459	0.16043	0.13228	0.15726	0.05375	0.07998	0.06727	0.01556	0.03968	0.03557	0.01906	0.01257	0.00695	0.00624	0.00196	0.00792	0.03019	0.07464	0.00863
48	0.01786	0.02939	0.32164	0.01697	0.02285	0.35251	0.03750	0.02222	0.01625	0.01880	0.07341	0.01585	0.01289	0.00697	0.00617	0.00187	0.00999	0.00518	0.00340	0.00827
49	0.01460	0.01316	0.02204	0.26324	0.31242	0.01409	0.06684	0.01949	0.06011	0.04545	0.01577	0.02334	0.01340	0.00753	0.00679	0.00215	0.00778	0.07933	0.00378	0.00871
50	0.04700	0.11877	0.04260	0.06267	0.11679	0.03362	0.05492	0.06622	0.09734	0.15258	0.06792	0.01919	0.01540	0.00747	0.00689	0.00195	0.04469	0.00609	0.00490	0.03300
51	0.01377	0.05621	0.08039	0.01340	0.01679	0.01155	0.09627	0.05895	0.10741	0.07603	0.02447	0.25696	0.02443	0.05954	0.02780	0.00274	0.00649	0.05389	0.00525	0.00765
52	0.00840	0.00622	0.00775	0.00859	0.00918	0.00601	0.00582	0.00945	0.01214	0.01592	0.03629	0.47886	0.14229	0.16375	0.01333	0.00327	0.02936	0.03279	0.00549	0.00510
53	0.01527	0.01408	0.05987	0.02083	0.21544	0.01293	0.06864	0.10699	0.06470	0.04513	0.06577	0.02933	0.06007	0.00902	0.00686	0.00205	0.00665	0.10502	0.00483	0.08653

[dist]
# distance from previous block
# <min> <max>
0	1

[block]
# block no. 8 follows, 34 sequences, length 16
# corresponding to MSA columns:
# 356-371
name=unknown_I
#
# <colnr> <probs for GDERKNQSTAVLIFYWHMCP>
#	G	D	E	R	K	N	Q	S	T	A	V	L	I	F	Y	W	H	M	C	P
0	0.01897	0.02135	0.05491	0.08563	0.12280	0.30851	0.01382	0.04494	0.03541	0.04303	0.01178	0.01413	0.00947	0.00668	0.00698	0.00178	0.06250	0.00484	0.00363	0.12884
1	0.19843	0.09442	0.11796	0.05701	0.09043	0.14314	0.07492	0.09031	0.01574	0.02295	0.01169	0.01490	0.00942	0.00655	0.00569	0.00193	0.00817	0.02423	0.00369	0.00840
2	0.01511	0.01444	0.02442	0.12933	0.61088	0.01476	0.01888	0.01891	0.01449	0.02035	0.01459	0.01834	0.04410	0.00635	0.00646	0.00196	0.00759	0.00613	0.00329	0.00962
3	0.01107	0.00618	0.00942	0.06197	0.01134	0.00651	0.00677	0.00934	0.00896	0.01202	0.01192	0.02011	0.01159	0.02423	0.10493	0.66440	0.00714	0.00577	0.00288	0.00345
4	0.01893	0.06076	0.11998	0.01763	0.09150	0.10235	0.07481	0.17430	0.04730	0.09633	0.08888	0.01905	0.01595	0.00740	0.00638	0.00190	0.00762	0.00617	0.00489	0.03787
5	0.01487	0.10461	0.05780	0.08866	0.16308	0.04362	0.16470	0.05064	0.01460	0.01954	0.03012	0.07104	0.03115	0.00931	0.03299	0.00236	0.08199	0.00704	0.00360	0.00828
6	0.05378	0.01198	0.01856	0.31112	0.23456	0.01323	0.01515	0.05949	0.01496	0.02100	0.09232	0.09213	0.01814	0.00837	0.00662	0.00210	0.00699	0.00750	0.00401	0.00799
7	0.16851	0.18880	0.13516	0.01350	0.01867	0.08055	0.05990	0.04729	0.10501	0.02187	0.01503	0.05287	0.02906	0.00729	0.00553	0.00188	0.00712	0.00561	0.00398	0.03238
8	0.04650	0.01953	0.24749	0.09572	0.06950	0.01417	0.03652	0.11258	0.08226	0.09212	0.01755	0.06039	0.03138	0.00778	0.00638	0.00204	0.00740	0.00649	0.00451	0.03968
9	0.01012	0.00671	0.00839	0.00810	0.00906	0.00667	0.00554	0.01149	0.01244	0.05073	0.18811	0.04085	0.07708	0.37349	0.15857	0.00558	0.00736	0.00961	0.00491	0.00521
10	0.00817	0.00682	0.00716	0.00708	0.00918	0.00595	0.00530	0.01063	0.04329	0.01886	0.14576	0.08002	0.59772	0.01578	0.00761	0.00218	0.00333	0.01328	0.00616	0.00572
11	0.04621	0.06495	0.06217	0.04309	0.28588	0.15181	0.04023	0.13641	0.04217	0.04742	0.01294	0.01502	0.01013	0.00646	0.00613	0.00188	0.00826	0.00535	0.00401	0.00948
12	0.06166	0.08867	0.22832	0.01688	0.04534	0.10554	0.08306	0.07575	0.01497	0.02049	0.01433	0.01724	0.04557	0.02786	0.04129	0.00251	0.09307	0.00566	0.00349	0.00831
