[name]
unknown

[dist]
# distance from previous block
# <min> <max>
52	130

[block]
# block no. 0 follows, 32 sequences, length 17
# corresponding to MSA columns:
# 151-167
name=unknown_A
#
# <colnr> <probs for GDERKNQSTAVLIFYWHMCP>
#	G	D	E	R	K	N	Q	S	T	A	V	L	I	F	Y	W	H	M	C	P
0	0.01972	0.05219	0.05337	0.04744	0.18175	0.12616	0.16770	0.10485	0.01839	0.10046	0.05102	0.01831	0.01349	0.00699	0.00681	0.00202	0.00885	0.00643	0.00448	0.00958
1	0.07153	0.05701	0.01422	0.01211	0.04723	0.08860	0.00899	0.06106	0.04183	0.14363	0.23560	0.03326	0.10693	0.03948	0.00789	0.00220	0.00564	0.00861	0.00613	0.00805
2	0.02285	0.01756	0.01937	0.01514	0.02027	0.06012	0.04898	0.39734	0.13346	0.09348	0.01786	0.01774	0.01290	0.00775	0.00659	0.00196	0.00718	0.00615	0.00623	0.08707
3	0.01343	0.01007	0.01230	0.01093	0.01382	0.00996	0.04254	0.12057	0.06749	0.06139	0.06526	0.07898	0.29418	0.06061	0.02859	0.00281	0.00558	0.08796	0.00615	0.00737
4	0.02188	0.03334	0.06984	0.01499	0.01987	0.07257	0.05256	0.26227	0.09486	0.16706	0.02006	0.07904	0.01571	0.01033	0.03209	0.00240	0.00770	0.00729	0.00608	0.01006
5	0.01578	0.01299	0.01362	0.01130	0.01565	0.08372	0.00886	0.01972	0.07397	0.08690	0.01968	0.12177	0.01825	0.00908	0.00623	0.00168	0.00575	0.05931	0.00505	0.41071
6	0.15105	0.12430	0.14951	0.05938	0.04824	0.14311	0.01358	0.03544	0.05279	0.05964	0.01313	0.01584	0.01055	0.04854	0.00721	0.00214	0.00803	0.00501	0.00391	0.04860
7	0.01140	0.05059	0.00999	0.00858	0.00932	0.05255	0.00547	0.01265	0.04591	0.01435	0.02100	0.07811	0.02345	0.59774	0.02802	0.00552	0.00668	0.00948	0.00422	0.00495
8	0.04169	0.35407	0.08192	0.01549	0.06088	0.08034	0.03665	0.09474	0.09091	0.06419	0.01363	0.01456	0.01079	0.00667	0.00554	0.00178	0.00766	0.00492	0.00415	0.00942
9	0.01365	0.01176	0.01440	0.01129	0.01614	0.01010	0.03873	0.01917	0.13030	0.02222	0.01811	0.12129	0.01658	0.00796	0.00592	0.00151	0.00516	0.00689	0.00474	0.52411
10	0.00975	0.00655	0.00754	0.00754	0.00762	0.00663	0.00434	0.00990	0.00982	0.01318	0.02094	0.04278	0.02390	0.71827	0.07940	0.00678	0.00724	0.00959	0.00404	0.00419
11	0.01959	0.40611	0.02647	0.01352	0.01822	0.21596	0.01169	0.02528	0.16634	0.01862	0.01351	0.01422	0.01120	0.00679	0.00532	0.00170	0.00810	0.00465	0.00389	0.00882
12	0.14318	0.01750	0.01793	0.15145	0.11686	0.16847	0.01363	0.10528	0.05921	0.05813	0.01541	0.02070	0.01271	0.00796	0.00638	0.00211	0.00810	0.06177	0.00453	0.00868
13	0.02412	0.01733	0.01878	0.01480	0.01985	0.01911	0.01210	0.51441	0.16549	0.09434	0.01917	0.01842	0.01363	0.00828	0.00674	0.00207	0.00684	0.00640	0.00686	0.01125
14	0.01530	0.06261	0.02579	0.01936	0.02231	0.05187	0.23086	0.01912	0.05395	0.01829	0.01279	0.01862	0.01137	0.06611	0.04322	0.00310	0.30727	0.00675	0.00344	0.00788
15	0.02666	0.01386	0.01663	0.04139	0.01890	0.05523	0.01099	0.10144	0.08527	0.48614	0.02312	0.02113	0.01530	0.00837	0.00743	0.00211	0.04147	0.00654	0.00725	0.01078
16	0.06996	0.01484	0.01594	0.01289	0.01740	0.05425	0.01038	0.26266	0.07520	0.23783	0.04150	0.06627	0.04444	0.00922	0.00668	0.00206	0.00629	0.00734	0.00673	0.03813

[dist]
# distance from previous block
# <min> <max>
0	2

[block]
# block no. 1 follows, 32 sequences, length 43
# corresponding to MSA columns:
# 170-212
name=unknown_B
#
# <colnr> <probs for GDERKNQSTAVLIFYWHMCP>
#	G	D	E	R	K	N	Q	S	T	A	V	L	I	F	Y	W	H	M	C	P
0	0.01482	0.01375	0.05712	0.05160	0.06807	0.07691	0.01081	0.08132	0.09422	0.05624	0.21481	0.12243	0.06066	0.03714	0.00819	0.00232	0.00599	0.00979	0.00584	0.00801
1	0.01832	0.01896	0.15545	0.01768	0.04718	0.01594	0.11478	0.23862	0.10375	0.06481	0.04334	0.09494	0.01719	0.00898	0.00707	0.00218	0.00762	0.00788	0.00544	0.00987
2	0.02038	0.01164	0.01446	0.01287	0.01655	0.01176	0.01074	0.12309	0.12935	0.26305	0.02835	0.04118	0.02437	0.01207	0.00766	0.00246	0.00606	0.24746	0.00708	0.00941
3	0.09253	0.01501	0.01687	0.01422	0.01824	0.04549	0.05030	0.14429	0.28657	0.10139	0.02309	0.02492	0.04060	0.00926	0.00754	0.00225	0.04419	0.04742	0.00612	0.00972
4	0.01550	0.06600	0.30368	0.10112	0.03055	0.01645	0.22911	0.02188	0.04353	0.06130	0.01370	0.01656	0.01005	0.00656	0.00735	0.00217	0.03550	0.00615	0.00351	0.00933
5	0.01819	0.01574	0.02143	0.23558	0.18450	0.04650	0.04004	0.17118	0.12693	0.04915	0.01587	0.01826	0.01194	0.00724	0.00673	0.00211	0.00793	0.00626	0.00468	0.00972
6	0.01547	0.01346	0.01959	0.53360	0.03842	0.01619	0.01668	0.14489	0.09223	0.02296	0.01436	0.01834	0.01065	0.00722	0.00672	0.00220	0.00826	0.00615	0.00409	0.00853
7	0.01957	0.46598	0.02817	0.01303	0.01814	0.11095	0.01169	0.10958	0.12504	0.02114	0.01312	0.01383	0.01082	0.00670	0.00522	0.00168	0.00751	0.00461	0.00405	0.00918
8	0.01014	0.00710	0.00900	0.00850	0.01036	0.00658	0.00645	0.01288	0.01731	0.05695	0.46791	0.04941	0.19940	0.01814	0.08690	0.00308	0.00494	0.01179	0.00677	0.00639
9	0.01070	0.00759	0.01043	0.01181	0.01319	0.00759	0.01008	0.01345	0.01483	0.01931	0.03397	0.07225	0.03708	0.09930	0.01196	0.00346	0.00621	0.60488	0.00595	0.00595
10	0.02055	0.02318	0.02938	0.02247	0.02786	0.27583	0.35258	0.12215	0.01926	0.02270	0.01279	0.01566	0.00981	0.00646	0.00707	0.00203	0.01102	0.00636	0.00390	0.00894
11	0.00896	0.00710	0.01105	0.01129	0.01233	0.00663	0.07719	0.01059	0.01315	0.01758	0.03458	0.68373	0.04087	0.01945	0.00850	0.00268	0.00465	0.01793	0.00594	0.00582
12	0.01166	0.00583	0.00874	0.00874	0.00874	0.00583	0.00583	0.00874	0.00874	0.01166	0.01166	0.02040	0.01166	0.02331	0.02622	0.80478	0.00583	0.00583	0.00291	0.00291
13	0.02598	0.01804	0.01967	0.01508	0.02043	0.01969	0.01246	0.63151	0.03028	0.11252	0.01717	0.01680	0.01194	0.00808	0.00672	0.00202	0.00721	0.00611	0.00688	0.01141
14	0.00818	0.00584	0.00779	0.00934	0.00973	0.00545	0.00623	0.00934	0.01285	0.01713	0.03698	0.75981	0.04438	0.02102	0.00856	0.00273	0.00389	0.01908	0.00623	0.00545
15	0.00818	0.00584	0.00779	0.00934	0.00973	0.00545	0.00623	0.00934	0.01285	0.01713	0.03698	0.75981	0.04438	0.02102	0.00856	0.00273	0.00389	0.01908	0.00623	0.00545
16	0.01346	0.03471	0.72942	0.01912	0.02904	0.01558	0.02479	0.02125	0.01417	0.02125	0.01204	0.01417	0.00850	0.00637	0.00637	0.00212	0.00992	0.00496	0.00283	0.00992
17	0.03010	0.01142	0.01557	0.01194	0.01713	0.00986	0.00986	0.03270	0.01920	0.72698	0.02647	0.02284	0.01661	0.00830	0.00675	0.00208	0.00571	0.00675	0.00830	0.01142
18	0.01251	0.00625	0.00625	0.00625	0.00782	0.00625	0.00469	0.01563	0.01407	0.02502	0.02189	0.02502	0.01720	0.00782	0.00469	0.00156	0.00313	0.00625	0.80144	0.00625
19	0.00816	0.00591	0.00772	0.00917	0.00969	0.00546	0.00615	0.00936	0.01302	0.01720	0.03913	0.71160	0.09120	0.02074	0.00852	0.00269	0.00386	0.01873	0.00623	0.00546
20	0.01705	0.01582	0.02344	0.01901	0.04535	0.09287	0.24007	0.05293	0.03935	0.06421	0.01552	0.01904	0.01224	0.01071	0.06245	0.00278	0.11963	0.00667	0.13251	0.00835
21	0.02462	0.01708	0.01869	0.01467	0.01975	0.01866	0.01201	0.49907	0.14496	0.13047	0.01938	0.01851	0.01364	0.00827	0.00674	0.00207	0.00681	0.00640	0.00694	0.01128
22	0.28889	0.04765	0.01770	0.01784	0.12384	0.36116	0.01214	0.02325	0.01571	0.02185	0.01033	0.01233	0.00848	0.00650	0.00544	0.00188	0.00898	0.00431	0.00365	0.00806
23	0.01047	0.00867	0.01086	0.01092	0.01213	0.05678	0.00828	0.01259	0.01152	0.01570	0.01969	0.10693	0.01958	0.07357	0.57937	0.00911	0.01556	0.00841	0.00389	0.00597
24	0.01041	0.00786	0.01078	0.01270	0.06338	0.00781	0.00915	0.01317	0.03369	0.01902	0.06230	0.20308	0.08768	0.09290	0.05104	0.00357	0.00615	0.29338	0.00570	0.00622
25	0.01754	0.43466	0.11406	0.01747	0.12796	0.09774	0.01436	0.02067	0.01470	0.01803	0.03276	0.01357	0.01069	0.00620	0.00524	0.00164	0.00795	0.00448	0.00318	0.03710
26	0.01267	0.01193	0.02013	0.74806	0.04621	0.01491	0.01863	0.01714	0.01342	0.01714	0.01193	0.01789	0.00894	0.00671	0.00671	0.00224	0.00894	0.00596	0.00298	0.00745
27	0.02946	0.01245	0.01621	0.01243	0.01764	0.01139	0.01027	0.12596	0.02093	0.63128	0.02502	0.02190	0.01588	0.00827	0.00674	0.00207	0.00594	0.00665	0.00808	0.01142
28	0.00993	0.00683	0.00819	0.00870	0.02929	0.00688	0.00502	0.01029	0.01022	0.01372	0.02162	0.06570	0.02463	0.66428	0.06521	0.00636	0.00700	0.02755	0.00415	0.00445
29	0.02428	0.01812	0.02075	0.01807	0.09253	0.01999	0.01356	0.58302	0.02865	0.05856	0.01574	0.01629	0.01137	0.00800	0.00734	0.00205	0.03820	0.00605	0.00625	0.01116
30	0.00793	0.00680	0.00680	0.00680	0.00906	0.00566	0.00510	0.00963	0.01529	0.01813	0.06797	0.06457	0.71961	0.01699	0.00793	0.00227	0.00340	0.01416	0.00623	0.00566
31	0.00818	0.00584	0.00779	0.00934	0.00973	0.00545	0.00623	0.00934	0.01285	0.01713	0.03698	0.75981	0.04438	0.02102	0.00856	0.00273	0.00389	0.01908	0.00623	0.00545
32	0.03938	0.02021	0.15945	0.02965	0.29441	0.03749	0.23292	0.02189	0.01549	0.06441	0.01349	0.01670	0.01030	0.00613	0.00691	0.00210	0.00929	0.00633	0.00358	0.00987
33	0.02446	0.01801	0.01939	0.01507	0.02014	0.01988	0.01236	0.65816	0.03042	0.04076	0.01737	0.06113	0.01341	0.00884	0.00682	0.00206	0.00717	0.00683	0.00668	0.01105
34	0.00818	0.00584	0.00779	0.00934	0.00973	0.00545	0.00623	0.00934	0.01285	0.01713	0.03698	0.75981	0.04438	0.02102	0.00856	0.00273	0.00389	0.01908	0.00623	0.00545
35	0.00959	0.00719	0.01078	0.01078	0.01198	0.00839	0.00839	0.01198	0.01078	0.01558	0.01797	0.02636	0.01677	0.05032	0.73760	0.01078	0.01797	0.00719	0.00359	0.00599
36	0.07074	0.04446	0.23018	0.01470	0.01995	0.01376	0.03720	0.13201	0.04136	0.05378	0.02135	0.14451	0.02026	0.01106	0.00710	0.00234	0.00722	0.11430	0.00503	0.00868
37	0.01042	0.00889	0.00905	0.00883	0.01087	0.04894	0.00655	0.04692	0.03393	0.02132	0.20340	0.17572	0.35904	0.01572	0.00784	0.00227	0.00418	0.01341	0.00637	0.00631
38	0.07403	0.06851	0.04303	0.09918	0.30339	0.03675	0.03912	0.03882	0.01494	0.02196	0.01197	0.01512	0.00979	0.00591	0.00594	0.00176	0.00740	0.00516	0.00356	0.19366
39	0.02073	0.01836	0.09641	0.01483	0.02008	0.01752	0.01319	0.43667	0.05799	0.03457	0.05235	0.02124	0.01550	0.00867	0.00727	0.00205	0.03301	0.04476	0.00593	0.07887
40	0.01571	0.01639	0.02040	0.01758	0.01792	0.09132	0.01451	0.01720	0.01114	0.01618	0.00896	0.01443	0.00879	0.01127	0.02044	0.00282	0.67886	0.00572	0.00299	0.00738
41	0.06024	0.01265	0.02053	0.54616	0.15950	0.01484	0.01787	0.01868	0.01392	0.05473	0.01264	0.01752	0.00953	0.00664	0.00655	0.00218	0.00840	0.00587	0.00338	0.00819
42	0.01776	0.01448	0.02108	0.04148	0.18237	0.03165	0.08839	0.06677	0.01618	0.11612	0.01648	0.01857	0.04031	0.00715	0.00781	0.00186	0.07568	0.00604	0.00448	0.22534

[dist]
# distance from previous block
# <min> <max>
0	1

[block]
# block no. 2 follows, 32 sequences, length 16
# corresponding to MSA columns:
# 214-229
name=unknown_C
#
# <colnr> <probs for GDERKNQSTAVLIFYWHMCP>
#	G	D	E	R	K	N	Q	S	T	A	V	L	I	F	Y	W	H	M	C	P
0	0.01569	0.01277	0.01418	0.09288	0.01805	0.08786	0.01030	0.14293	0.04381	0.05587	0.01880	0.08104	0.01723	0.10897	0.24334	0.00539	0.01089	0.00776	0.00471	0.00753
1	0.00976	0.00651	0.00732	0.00732	0.00732	0.00651	0.00407	0.00976	0.00976	0.01301	0.02114	0.04391	0.02439	0.76419	0.03415	0.00651	0.00651	0.00976	0.00407	0.00407
2	0.00823	0.00689	0.00722	0.00738	0.00957	0.00588	0.00570	0.01008	0.01531	0.01833	0.06456	0.06574	0.64797	0.01716	0.00807	0.00235	0.00369	0.08391	0.00623	0.00572
3	0.01790	0.45229	0.13036	0.07362	0.02184	0.13272	0.01417	0.02178	0.04750	0.01736	0.01094	0.01271	0.00919	0.00625	0.00519	0.00168	0.00838	0.00428	0.00315	0.00867
4	0.01759	0.71101	0.08932	0.01208	0.01814	0.02569	0.01252	0.02018	0.01368	0.01621	0.00954	0.01103	0.00860	0.00579	0.00447	0.00149	0.00739	0.00369	0.00287	0.00871
5	0.00959	0.00719	0.01078	0.01078	0.01198	0.00839	0.00839	0.01198	0.01078	0.01558	0.01797	0.02636	0.01677	0.05032	0.73760	0.01078	0.01797	0.00719	0.00359	0.00599
6	0.02506	0.03198	0.01901	0.01729	0.02074	0.73725	0.01296	0.02679	0.01901	0.01642	0.01037	0.01210	0.00864	0.00691	0.00605	0.00173	0.01210	0.00432	0.00346	0.00778
7	0.01285	0.01225	0.07327	0.07492	0.14579	0.01119	0.01326	0.06686	0.01512	0.02060	0.02299	0.10698	0.02342	0.07035	0.10431	0.00387	0.00845	0.20127	0.00470	0.00754
8	0.00960	0.00713	0.01048	0.01048	0.01157	0.00822	0.00801	0.01179	0.01069	0.01535	0.01825	0.02791	0.01745	0.11325	0.67560	0.01041	0.01696	0.00742	0.00364	0.00582
9	0.00853	0.00599	0.00768	0.00889	0.00919	0.00569	0.00574	0.00944	0.01216	0.01621	0.03344	0.59973	0.03991	0.18720	0.01429	0.00357	0.00448	0.01699	0.00574	0.00514
10	0.01842	0.06013	0.04626	0.03844	0.03701	0.20449	0.01137	0.05936	0.07097	0.10569	0.02172	0.15772	0.02070	0.04667	0.00826	0.00238	0.00765	0.06944	0.00519	0.00811
11	0.01981	0.01452	0.02139	0.13790	0.26388	0.01563	0.01582	0.14294	0.01805	0.16243	0.01568	0.01809	0.01172	0.00896	0.03288	0.00244	0.07689	0.00617	0.00482	0.00997
12	0.00984	0.00750	0.00911	0.03411	0.01113	0.02646	0.00668	0.01145	0.01229	0.01655	0.06233	0.15249	0.11611	0.22266	0.22781	0.00589	0.00895	0.01073	0.04242	0.00548
13	0.02047	0.01103	0.01295	0.01061	0.01420	0.01099	0.00852	0.19241	0.02080	0.23679	0.13779	0.02631	0.02324	0.00900	0.00634	0.00192	0.00497	0.00732	0.23522	0.00909
14	0.01644	0.12693	0.26814	0.05547	0.12904	0.01751	0.08752	0.05306	0.07776	0.05628	0.01404	0.01613	0.01064	0.00678	0.00695	0.00206	0.03604	0.00567	0.00378	0.00974
15	0.03746	0.12301	0.10166	0.05695	0.08228	0.18963	0.04531	0.09593	0.04257	0.02154	0.01585	0.02082	0.03542	0.00820	0.00714	0.00205	0.04359	0.05786	0.00404	0.00869

[dist]
# distance from previous block
# <min> <max>
2	8

[block]
# block no. 3 follows, 32 sequences, length 37
# corresponding to MSA columns:
# 238-274
name=unknown_D
#
# <colnr> <probs for GDERKNQSTAVLIFYWHMCP>
#	G	D	E	R	K	N	Q	S	T	A	V	L	I	F	Y	W	H	M	C	P
0	0.01011	0.00823	0.00876	0.00873	0.01066	0.03203	0.00652	0.01381	0.08023	0.02139	0.20737	0.16067	0.30557	0.01526	0.00771	0.00227	0.00397	0.03570	0.05461	0.00637
1	0.08968	0.10505	0.07331	0.04766	0.17434	0.03035	0.07244	0.07952	0.01568	0.05225	0.01755	0.07090	0.04946	0.01084	0.05129	0.00261	0.03710	0.00699	0.00418	0.00879
2	0.01620	0.12365	0.22129	0.06218	0.08478	0.07876	0.06293	0.02104	0.03943	0.07237	0.03585	0.06855	0.03817	0.00801	0.00645	0.00200	0.00812	0.00672	0.00404	0.03946
3	0.00902	0.00648	0.00872	0.01012	0.01098	0.00618	0.00758	0.01087	0.01398	0.01848	0.06766	0.49861	0.06658	0.01981	0.00873	0.00279	0.00453	0.21689	0.00626	0.00572
4	0.01888	0.25237	0.08425	0.10764	0.06196	0.08294	0.07537	0.14685	0.01799	0.05000	0.01411	0.01600	0.02988	0.00687	0.00602	0.00188	0.00834	0.00545	0.00402	0.00919
5	0.01678	0.12822	0.13474	0.14259	0.16473	0.01664	0.13538	0.04415	0.01549	0.08649	0.01446	0.04517	0.01154	0.00694	0.00658	0.00205	0.00850	0.00639	0.00383	0.00933
6	0.01479	0.01379	0.02286	0.06722	0.53740	0.01381	0.01754	0.01845	0.01535	0.02150	0.06432	0.05261	0.06509	0.00839	0.00701	0.00211	0.00716	0.03715	0.00401	0.00947
7	0.00856	0.00613	0.00813	0.00908	0.00982	0.00571	0.00626	0.01030	0.01463	0.01996	0.23442	0.55430	0.04986	0.01891	0.00838	0.00255	0.00368	0.01707	0.00656	0.00571
8	0.01448	0.01337	0.07306	0.01368	0.03307	0.03218	0.06902	0.09335	0.10309	0.04517	0.02153	0.07651	0.02085	0.26481	0.04430	0.00404	0.00757	0.05757	0.00493	0.00745
9	0.01854	0.25969	0.08212	0.06757	0.15250	0.16868	0.03857	0.04819	0.04846	0.01937	0.01177	0.01409	0.00973	0.00654	0.00623	0.00184	0.02872	0.00494	0.00343	0.00902
10	0.01773	0.70923	0.03486	0.01243	0.01803	0.02592	0.04198	0.02002	0.01362	0.01605	0.00950	0.01122	0.00869	0.00594	0.00507	0.00152	0.03284	0.00386	0.00290	0.00859
11	0.00823	0.00598	0.00765	0.00895	0.00953	0.00553	0.00599	0.00940	0.01295	0.01702	0.03958	0.64413	0.11834	0.06046	0.00987	0.00288	0.00398	0.01803	0.00611	0.00540
12	0.01694	0.02098	0.14006	0.06731	0.10898	0.09559	0.22487	0.05802	0.12653	0.02258	0.01489	0.01749	0.01136	0.00691	0.00755	0.00216	0.03786	0.00648	0.00397	0.00944
13	0.04962	0.06557	0.05434	0.02081	0.19312	0.24031	0.01377	0.02312	0.08809	0.05169	0.04470	0.08043	0.02922	0.00849	0.00647	0.00199	0.00821	0.00687	0.00439	0.00878
14	0.01670	0.01569	0.01902	0.01772	0.08193	0.08757	0.04296	0.12127	0.07091	0.02340	0.12604	0.02254	0.01962	0.03823	0.01313	0.00251	0.26061	0.00713	0.00467	0.00834
15	0.00976	0.00651	0.00732	0.00732	0.00732	0.00651	0.00407	0.00976	0.00976	0.01301	0.02114	0.04391	0.02439	0.76419	0.03415	0.00651	0.00651	0.00976	0.00407	0.00407
16	0.01461	0.01290	0.01688	0.01780	0.18457	0.01154	0.01121	0.02012	0.11518	0.02287	0.04385	0.01903	0.03385	0.00650	0.00584	0.00150	0.00562	0.00559	0.00443	0.44611
17	0.01956	0.37651	0.12846	0.01445	0.04618	0.06386	0.01352	0.08215	0.03272	0.11392	0.01424	0.04204	0.01160	0.00711	0.00555	0.00178	0.00756	0.00523	0.00420	0.00937
18	0.01131	0.00773	0.00882	0.00823	0.01032	0.00735	0.00622	0.04073	0.05256	0.04834	0.31057	0.04579	0.22365	0.03911	0.00812	0.00221	0.00370	0.01090	0.14768	0.00665
19	0.01857	0.13513	0.15108	0.01765	0.02326	0.13623	0.12700	0.13491	0.07573	0.02348	0.01486	0.01893	0.01213	0.00767	0.00707	0.00206	0.03454	0.04627	0.00421	0.00922
20	0.00985	0.00744	0.01059	0.01038	0.01184	0.00807	0.00790	0.01204	0.01117	0.01610	0.01927	0.08917	0.01901	0.08713	0.56940	0.00899	0.01495	0.00809	0.00388	0.07473
21	0.02417	0.12491	0.02105	0.01655	0.02030	0.64754	0.01278	0.02595	0.01834	0.01634	0.01024	0.01193	0.00864	0.00677	0.00583	0.00169	0.01148	0.00423	0.00338	0.00788
22	0.01838	0.70136	0.06123	0.01180	0.01768	0.02528	0.01192	0.02077	0.01394	0.05197	0.01030	0.01151	0.00901	0.00589	0.00451	0.00149	0.00721	0.00380	0.00314	0.00880
23	0.01545	0.01467	0.02448	0.24910	0.48422	0.01568	0.01948	0.02038	0.05202	0.02084	0.01320	0.01744	0.01066	0.00636	0.00667	0.00208	0.00812	0.00606	0.00341	0.00969
24	0.01778	0.01495	0.01578	0.01387	0.01786	0.01720	0.01088	0.11745	0.62665	0.02982	0.02593	0.02394	0.01937	0.00897	0.00681	0.00224	0.00557	0.00740	0.00681	0.01072
25	0.01024	0.00650	0.00859	0.00933	0.01038	0.00597	0.00651	0.01184	0.01439	0.07940	0.13735	0.56563	0.07091	0.01870	0.00829	0.00256	0.00392	0.01681	0.00658	0.00610
26	0.02956	0.01230	0.01612	0.01236	0.01757	0.01117	0.01021	0.11226	0.02068	0.64534	0.02524	0.02204	0.01599	0.00827	0.00674	0.00207	0.00591	0.00666	0.00811	0.01142
27	0.00798	0.00680	0.00687	0.00685	0.00909	0.00569	0.00514	0.00972	0.01541	0.01840	0.08846	0.06412	0.69895	0.01689	0.00793	0.00226	0.00339	0.01410	0.00627	0.00569
28	0.00897	0.00641	0.00870	0.01025	0.01099	0.00614	0.00761	0.01072	0.01363	0.01802	0.03654	0.55366	0.04264	0.02027	0.00878	0.00283	0.00458	0.21738	0.00621	0.00567
29	0.00844	0.00671	0.00761	0.00786	0.00965	0.00588	0.00586	0.01041	0.01560	0.01974	0.18380	0.17710	0.44315	0.01713	0.00811	0.00236	0.00360	0.05474	0.00645	0.00579
30	0.01488	0.01510	0.02042	0.11937	0.02175	0.05322	0.01515	0.01678	0.01112	0.01630	0.00932	0.01501	0.00882	0.01082	0.01914	0.00278	0.61387	0.00581	0.00297	0.00738
31	0.01589	0.01685	0.02028	0.01853	0.06432	0.15394	0.07224	0.01802	0.01281	0.01683	0.01169	0.01759	0.01088	0.04514	0.13042	0.00397	0.35381	0.00612	0.00325	0.00744
32	0.02810	0.01304	0.01638	0.01273	0.01784	0.01247	0.01046	0.15630	0.08106	0.54015	0.02463	0.02178	0.01598	0.00833	0.00675	0.00208	0.00598	0.00669	0.00788	0.01135
33	0.00813	0.00600	0.00762	0.00893	0.00962	0.00549	0.00604	0.00939	0.01325	0.01729	0.04207	0.64569	0.15522	0.02036	0.00846	0.00265	0.00381	0.01827	0.00623	0.00549
34	0.01859	0.01688	0.02135	0.27226	0.18750	0.08914	0.01644	0.20992	0.05684	0.02573	0.01392	0.01691	0.01060	0.00707	0.00664	0.00207	0.00841	0.00591	0.00435	0.00947
35	0.01542	0.01199	0.01243	0.01132	0.01350	0.08259	0.00845	0.12400	0.03494	0.08179	0.05400	0.18924	0.09541	0.14102	0.05043	0.00344	0.04669	0.01053	0.00559	0.00723
36	0.07201	0.06645	0.04317	0.01424	0.03437	0.12031	0.01152	0.16353	0.09474	0.05388	0.08538	0.04716	0.01857	0.00919	0.00779	0.00208	0.07241	0.02689	0.02609	0.03021

[dist]
# distance from previous block
# <min> <max>
3	12

[block]
# block no. 4 follows, 32 sequences, length 11
# corresponding to MSA columns:
# 287-297
name=unknown_E
#
# <colnr> <probs for GDERKNQSTAVLIFYWHMCP>
#	G	D	E	R	K	N	Q	S	T	A	V	L	I	F	Y	W	H	M	C	P
0	0.03926	0.01311	0.04014	0.15505	0.22067	0.01329	0.03825	0.04551	0.03841	0.08236	0.02158	0.06921	0.07914	0.01205	0.05899	0.00282	0.03389	0.02313	0.00447	0.00865
1	0.07420	0.10099	0.12569	0.03492	0.08109	0.16240	0.05929	0.03792	0.06937	0.02136	0.03951	0.04301	0.03016	0.00747	0.00613	0.00189	0.00813	0.00599	0.00401	0.08647
2	0.01947	0.18638	0.02431	0.01616	0.01995	0.16815	0.07755	0.10009	0.06668	0.04827	0.01407	0.01611	0.02853	0.00822	0.00964	0.00209	0.17594	0.00563	0.00408	0.00870
3	0.00907	0.00651	0.00728	0.00752	0.00914	0.00584	0.00547	0.01116	0.01518	0.02063	0.16312	0.20358	0.33828	0.01565	0.00748	0.00221	0.00342	0.01345	0.14917	0.00584
4	0.01709	0.01890	0.08924	0.14269	0.17024	0.08697	0.15968	0.10364	0.05300	0.02291	0.01432	0.04166	0.01155	0.00725	0.00738	0.00215	0.03150	0.00665	0.00393	0.00926
5	0.01727	0.01396	0.01525	0.01490	0.06620	0.04824	0.01073	0.03045	0.46733	0.09423	0.05093	0.07483	0.04611	0.00993	0.00696	0.00223	0.00562	0.00839	0.00653	0.00990
6	0.00944	0.00677	0.00920	0.00943	0.01012	0.00734	0.00665	0.01086	0.01074	0.01496	0.02178	0.13873	0.02330	0.28158	0.39958	0.00820	0.01214	0.00976	0.00413	0.00528
7	0.00901	0.00635	0.00804	0.00906	0.00960	0.00610	0.00620	0.01014	0.01243	0.01640	0.03361	0.41661	0.07016	0.23881	0.01615	0.00387	0.00497	0.11174	0.00559	0.00516
8	0.01627	0.01761	0.12484	0.18765	0.22242	0.04024	0.06076	0.08245	0.04123	0.04772	0.01513	0.04638	0.01214	0.00728	0.00667	0.00210	0.00819	0.00651	0.04514	0.00928
9	0.01066	0.00755	0.01030	0.01162	0.01295	0.00755	0.00983	0.01330	0.01462	0.01905	0.03344	0.07107	0.03655	0.12689	0.01288	0.00359	0.00623	0.58018	0.00587	0.00587
10	0.09851	0.01866	0.01785	0.01541	0.05180	0.16233	0.01180	0.26174	0.05824	0.21130	0.01741	0.01704	0.01224	0.00768	0.00635	0.00199	0.00762	0.00573	0.00607	0.01022

[dist]
# distance from previous block
# <min> <max>
0	3

[block]
# block no. 5 follows, 32 sequences, length 21
# corresponding to MSA columns:
# 301-321
name=unknown_F
#
# <colnr> <probs for GDERKNQSTAVLIFYWHMCP>
#	G	D	E	R	K	N	Q	S	T	A	V	L	I	F	Y	W	H	M	C	P
0	0.09629	0.04544	0.01970	0.06042	0.12015	0.30586	0.01351	0.11673	0.05501	0.06218	0.01317	0.01482	0.01026	0.00717	0.00661	0.00194	0.03229	0.00515	0.00433	0.00897
1	0.58121	0.01559	0.01250	0.01075	0.01506	0.08828	0.00873	0.11329	0.01536	0.07024	0.01134	0.01241	0.00850	0.00666	0.00484	0.00203	0.00621	0.00421	0.00467	0.00812
2	0.01142	0.00985	0.01269	0.11806	0.05730	0.02480	0.00976	0.01543	0.07469	0.02021	0.14282	0.07642	0.19066	0.03753	0.07313	0.00309	0.05229	0.00988	0.02749	0.03249
3	0.04593	0.01370	0.02278	0.41420	0.33631	0.01536	0.01903	0.01873	0.01414	0.01971	0.01212	0.01706	0.00960	0.00637	0.00658	0.00212	0.00838	0.00588	0.00317	0.00881
4	0.16224	0.03869	0.13943	0.01906	0.10195	0.08276	0.08859	0.19846	0.01922	0.06821	0.01346	0.01502	0.00994	0.00681	0.00620	0.00203	0.00823	0.00545	0.00456	0.00968
5	0.00820	0.00670	0.00724	0.00733	0.00928	0.00574	0.00541	0.01007	0.01560	0.01938	0.16550	0.13752	0.54486	0.01692	0.00800	0.00229	0.00342	0.01438	0.00641	0.00574
6	0.00943	0.00646	0.00839	0.00945	0.01035	0.00625	0.00696	0.01136	0.01374	0.01903	0.07790	0.40462	0.05670	0.05525	0.04127	0.00315	0.00495	0.15113	0.09789	0.00571
7	0.02206	0.01928	0.06021	0.02294	0.20010	0.04141	0.05352	0.43316	0.02524	0.03405	0.01469	0.01612	0.01090	0.00727	0.00672	0.00202	0.00803	0.00602	0.00536	0.01089
8	0.01960	0.02259	0.01661	0.01511	0.01735	0.42814	0.01153	0.02135	0.01561	0.01675	0.01254	0.01719	0.01126	0.06244	0.08745	0.00319	0.14084	0.00541	0.06788	0.00715
9	0.01222	0.01005	0.01015	0.00991	0.01188	0.08588	0.00737	0.01534	0.05626	0.06255	0.25246	0.21469	0.17544	0.01492	0.00778	0.00228	0.00471	0.03298	0.00645	0.00669
10	0.01784	0.62189	0.10242	0.01384	0.04875	0.06533	0.01327	0.02061	0.01406	0.01662	0.00980	0.01143	0.00869	0.00588	0.00471	0.00154	0.00776	0.00387	0.00292	0.00878
11	0.00879	0.00683	0.00799	0.00770	0.00959	0.00603	0.00577	0.01129	0.01732	0.02294	0.42510	0.05664	0.35948	0.01520	0.00792	0.00218	0.00327	0.01305	0.00686	0.00603
12	0.00839	0.00593	0.00772	0.00907	0.00941	0.00559	0.00594	0.00940	0.01244	0.01658	0.03488	0.66471	0.04172	0.11974	0.01196	0.00323	0.00424	0.01784	0.00594	0.00527
13	0.01708	0.01498	0.01615	0.09317	0.02085	0.04201	0.01161	0.08111	0.53030	0.02724	0.02355	0.02266	0.01769	0.00851	0.00670	0.00218	0.00608	0.00702	0.00616	0.04494
14	0.00883	0.00664	0.00811	0.00813	0.00963	0.00599	0.00591	0.01113	0.01657	0.02228	0.39397	0.18524	0.23773	0.03857	0.00883	0.00240	0.00346	0.01390	0.00676	0.00592
15	0.02053	0.04373	0.10844	0.05539	0.05705	0.13903	0.19581	0.20378	0.02038	0.06985	0.01409	0.01610	0.01037	0.00682	0.00681	0.00204	0.00950	0.00609	0.00449	0.00969
16	0.01860	0.69998	0.03366	0.01202	0.01755	0.09243	0.01162	0.02071	0.01413	0.01585	0.00943	0.01089	0.00861	0.00585	0.00447	0.00146	0.00763	0.00366	0.00292	0.00853
17	0.00946	0.00692	0.00983	0.01000	0.01090	0.00772	0.00737	0.01129	0.01083	0.01529	0.02066	0.11124	0.02121	0.17460	0.53067	0.00912	0.01435	0.00897	0.00397	0.00559
18	0.01992	0.01992	0.11001	0.10764	0.21126	0.13068	0.04078	0.08215	0.05874	0.13048	0.01543	0.01719	0.01140	0.00697	0.00660	0.00204	0.00855	0.00587	0.00451	0.00985
19	0.01768	0.01281	0.01685	0.06379	0.11637	0.01318	0.03848	0.16829	0.09334	0.12158	0.02955	0.08511	0.15084	0.01043	0.00709	0.00216	0.00612	0.00893	0.02824	0.00917
20	0.00818	0.00584	0.00779	0.00934	0.00973	0.00545	0.00623	0.00934	0.01285	0.01713	0.03698	0.75981	0.04438	0.02102	0.00856	0.00273	0.00389	0.01908	0.00623	0.00545

[dist]
# distance from previous block
# <min> <max>
2	3

[block]
# block no. 6 follows, 32 sequences, length 27
# corresponding to MSA columns:
# 325-351
name=unknown_G
#
# <colnr> <probs for GDERKNQSTAVLIFYWHMCP>
#	G	D	E	R	K	N	Q	S	T	A	V	L	I	F	Y	W	H	M	C	P
0	0.00895	0.00639	0.00864	0.00979	0.01043	0.00635	0.00700	0.01046	0.01257	0.01687	0.03209	0.46934	0.03707	0.10485	0.12601	0.00445	0.00672	0.11097	0.00558	0.00549
1	0.13604	0.09769	0.06401	0.08999	0.32345	0.08570	0.04346	0.04592	0.01528	0.02225	0.01164	0.01472	0.00947	0.00623	0.00601	0.00196	0.00817	0.00524	0.00348	0.00929
2	0.01020	0.00701	0.00901	0.00954	0.01081	0.00672	0.00703	0.01303	0.04653	0.04558	0.21386	0.35001	0.06996	0.04605	0.00921	0.00267	0.00420	0.10390	0.02849	0.00620
3	0.00860	0.00677	0.00719	0.00708	0.00916	0.00584	0.00531	0.01071	0.01593	0.02042	0.19384	0.05856	0.53331	0.01561	0.00767	0.00218	0.00333	0.01313	0.06951	0.00584
4	0.01837	0.10036	0.16550	0.12772	0.15445	0.06358	0.04372	0.16323	0.03213	0.04849	0.01344	0.01573	0.01016	0.00676	0.00638	0.00200	0.00856	0.00556	0.00409	0.00976
5	0.04436	0.13518	0.04467	0.01100	0.01397	0.01160	0.03519	0.05583	0.01572	0.04413	0.17881	0.26723	0.03361	0.04084	0.00808	0.00232	0.00526	0.01129	0.00554	0.03538
6	0.01990	0.04867	0.01967	0.05120	0.10850	0.12914	0.01332	0.25962	0.09080	0.02739	0.01603	0.01943	0.01299	0.01256	0.08472	0.00298	0.03917	0.02949	0.00496	0.00945
7	0.01566	0.38791	0.19589	0.01565	0.02168	0.02080	0.09739	0.01948	0.01363	0.01784	0.01192	0.04470	0.01059	0.00864	0.03411	0.00221	0.06475	0.00539	0.00310	0.00864
8	0.00849	0.00646	0.00785	0.00852	0.00982	0.00582	0.00615	0.01030	0.01490	0.01935	0.16570	0.36013	0.27444	0.01824	0.00828	0.00249	0.00374	0.05719	0.00643	0.00572
9	0.01391	0.01193	0.01391	0.00994	0.01590	0.00894	0.00795	0.01690	0.01391	0.02186	0.01193	0.01391	0.00994	0.00497	0.00497	0.00099	0.00497	0.00398	0.00398	0.80521
10	0.05295	0.08555	0.20971	0.01492	0.04364	0.10666	0.01414	0.03525	0.08039	0.08978	0.04492	0.02082	0.06234	0.00980	0.04031	0.00234	0.00810	0.00611	0.00449	0.06776
11	0.02110	0.06015	0.09703	0.01386	0.01878	0.06836	0.01227	0.23212	0.09501	0.16233	0.09924	0.05191	0.01996	0.00899	0.00672	0.00205	0.00684	0.00718	0.00619	0.00991
12	0.00980	0.00776	0.00901	0.00912	0.01108	0.00744	0.00700	0.01409	0.10230	0.02146	0.19938	0.15173	0.30168	0.01604	0.00806	0.00241	0.00403	0.10461	0.00656	0.00647
13	0.01460	0.01316	0.02134	0.50623	0.18202	0.01546	0.01820	0.04206	0.03461	0.03887	0.01293	0.01778	0.00992	0.00692	0.00732	0.00220	0.03848	0.00603	0.00344	0.00844
14	0.01819	0.04372	0.07871	0.01500	0.05113	0.03808	0.03907	0.24907	0.04630	0.02844	0.03156	0.03474	0.03261	0.00735	0.00618	0.00172	0.00680	0.00595	0.00499	0.26037
15	0.00827	0.00620	0.00769	0.00874	0.00972	0.00563	0.00610	0.00974	0.01387	0.01795	0.07682	0.52069	0.22128	0.01954	0.00839	0.00259	0.00381	0.04111	0.00628	0.00557
16	0.01000	0.00682	0.00867	0.00871	0.01014	0.00626	0.00634	0.01224	0.01624	0.05480	0.35968	0.22891	0.13606	0.06546	0.00981	0.00261	0.00384	0.04056	0.00672	0.00611
17	0.01379	0.07242	0.28312	0.04381	0.07112	0.01409	0.07053	0.01933	0.04633	0.04597	0.08638	0.05483	0.07489	0.00929	0.00750	0.00219	0.03648	0.03497	0.00427	0.00869
18	0.08235	0.10407	0.05765	0.04609	0.16716	0.10528	0.04062	0.11115	0.05000	0.09007	0.04248	0.01711	0.01288	0.00729	0.00683	0.00199	0.03723	0.00574	0.00454	0.00945
19	0.01873	0.02214	0.14791	0.01779	0.06401	0.19843	0.06438	0.13254	0.06162	0.05003	0.04989	0.10746	0.01721	0.00907	0.00686	0.00209	0.00856	0.00753	0.00477	0.00899
20	0.07029	0.10510	0.09924	0.01381	0.01850	0.06075	0.06847	0.07077	0.08750	0.06548	0.04526	0.08377	0.07354	0.00973	0.00663	0.00208	0.00686	0.05084	0.00501	0.05637
21	0.04514	0.07591	0.04534	0.01376	0.04354	0.01326	0.05346	0.12052	0.03999	0.05367	0.07597	0.09130	0.09403	0.01062	0.00742	0.00209	0.03387	0.06433	0.00530	0.11050
22	0.01887	0.06164	0.03712	0.01535	0.04576	0.07634	0.05833	0.19532	0.11831	0.08253	0.06989	0.08102	0.01930	0.01201	0.05719	0.00266	0.00779	0.00766	0.00562	0.02730
23	0.04279	0.01716	0.07908	0.09312	0.04743	0.08446	0.01291	0.13343	0.12119	0.02479	0.01822	0.04027	0.04020	0.00831	0.00703	0.00198	0.03719	0.02996	0.00476	0.15572
24	0.05420	0.04242	0.16911	0.01840	0.09284	0.13080	0.04584	0.10856	0.14339	0.04770	0.04051	0.04608	0.01479	0.00794	0.00653	0.00207	0.00809	0.00645	0.00474	0.00952
25	0.04709	0.04383	0.07265	0.01497	0.03695	0.10983	0.06218	0.10243	0.14737	0.05422	0.05091	0.07647	0.01738	0.00851	0.00646	0.00196	0.00707	0.00708	0.03230	0.10033
26	0.04387	0.11992	0.07282	0.01462	0.08312	0.05903	0.01135	0.07132	0.04863	0.10967	0.15712	0.10654	0.05424	0.01024	0.00671	0.00205	0.00616	0.00853	0.00552	0.00854

[dist]
# distance from previous block
# <min> <max>
11	62

[block]
# block no. 7 follows, 32 sequences, length 39
# corresponding to MSA columns:
# 418-456
name=unknown_H
#
# <colnr> <probs for GDERKNQSTAVLIFYWHMCP>
#	G	D	E	R	K	N	Q	S	T	A	V	L	I	F	Y	W	H	M	C	P
0	0.01548	0.17071	0.30856	0.01844	0.11658	0.01668	0.01738	0.06086	0.01532	0.02178	0.02815	0.01473	0.01051	0.00621	0.00580	0.00176	0.00790	0.00488	0.00345	0.15480
1	0.01657	0.01605	0.02784	0.04055	0.68865	0.01599	0.05379	0.02064	0.01531	0.02190	0.01267	0.01668	0.01061	0.00596	0.00671	0.00201	0.00814	0.00607	0.00332	0.01055
2	0.05573	0.58308	0.03070	0.01255	0.01775	0.17138	0.01159	0.02145	0.01463	0.01657	0.00954	0.01104	0.00856	0.00600	0.00466	0.00152	0.00809	0.00374	0.00305	0.00838
3	0.02634	0.01088	0.01456	0.01149	0.01607	0.00966	0.00937	0.02982	0.05304	0.58705	0.13102	0.02706	0.02385	0.00916	0.00693	0.00209	0.00531	0.00760	0.00809	0.01061
4	0.04087	0.10354	0.14647	0.03911	0.04735	0.01544	0.01353	0.10787	0.12727	0.19384	0.08060	0.02111	0.01761	0.00804	0.00644	0.00204	0.00673	0.00645	0.00571	0.00998
5	0.01488	0.05954	0.34338	0.02590	0.25326	0.01597	0.07428	0.02139	0.05206	0.02185	0.04452	0.01729	0.01241	0.00663	0.00658	0.00207	0.00872	0.00592	0.00345	0.00990
6	0.00818	0.00584	0.00779	0.00934	0.00973	0.00545	0.00623	0.00934	0.01285	0.01713	0.03698	0.75981	0.04438	0.02102	0.00856	0.00273	0.00389	0.01908	0.00623	0.00545
7	0.01172	0.00952	0.01401	0.09575	0.16196	0.00964	0.01112	0.01524	0.05099	0.03722	0.12009	0.26454	0.09303	0.01395	0.00775	0.00239	0.00543	0.06282	0.00551	0.00734
8	0.02661	0.09841	0.01891	0.01292	0.01814	0.06199	0.01080	0.17890	0.02107	0.41444	0.02049	0.01886	0.01371	0.00771	0.00634	0.00192	0.00663	0.00595	0.00682	0.04940
9	0.00950	0.00686	0.00897	0.00844	0.01002	0.00633	0.00633	0.01266	0.01899	0.02691	0.71879	0.05012	0.06331	0.01372	0.00791	0.00211	0.00317	0.01213	0.00739	0.00633
10	0.10576	0.57310	0.05136	0.01308	0.04953	0.05168	0.01186	0.02092	0.03840	0.01827	0.01024	0.01171	0.00897	0.00599	0.00461	0.00159	0.00720	0.00391	0.00319	0.00863
11	0.01669	0.01441	0.01517	0.01365	0.01745	0.01669	0.01062	0.03565	0.71021	0.02807	0.02731	0.02503	0.02048	0.00910	0.00683	0.00228	0.00531	0.00759	0.00683	0.01062
12	0.00850	0.00652	0.00723	0.00755	0.00882	0.00585	0.00514	0.00973	0.01358	0.01705	0.07882	0.20863	0.37466	0.20072	0.01449	0.00340	0.00426	0.01405	0.00575	0.00526
13	0.76953	0.01399	0.01035	0.00928	0.01339	0.05367	0.00757	0.02010	0.01183	0.02937	0.00940	0.01096	0.00734	0.00627	0.00425	0.00206	0.00556	0.00367	0.00412	0.00729
14	0.01057	0.00755	0.01054	0.01208	0.01352	0.00752	0.01040	0.01349	0.01521	0.01981	0.03566	0.13778	0.03914	0.01876	0.00920	0.00306	0.00597	0.61744	0.00618	0.00611
15	0.01459	0.01388	0.02358	0.40431	0.37501	0.01541	0.01959	0.01882	0.01432	0.01947	0.01226	0.01727	0.00976	0.00635	0.00668	0.00212	0.00847	0.00597	0.00315	0.00900
16	0.01423	0.00833	0.01077	0.00953	0.01201	0.00780	0.00736	0.01841	0.06848	0.17045	0.52746	0.04274	0.05068	0.01228	0.00760	0.00212	0.00384	0.01071	0.00753	0.00768
17	0.00904	0.00684	0.00834	0.00796	0.00975	0.00614	0.00597	0.01178	0.01792	0.02436	0.52970	0.05432	0.25400	0.01467	0.00792	0.00216	0.00323	0.01272	0.00705	0.00614
18	0.01339	0.01266	0.02143	0.61833	0.17030	0.01510	0.01899	0.01778	0.01376	0.01802	0.01205	0.01765	0.00925	0.00657	0.00670	0.00219	0.00877	0.00597	0.00304	0.00804
19	0.01408	0.01398	0.01933	0.01666	0.01686	0.01923	0.01383	0.01557	0.01072	0.01632	0.01405	0.01910	0.07174	0.01221	0.02077	0.00288	0.68564	0.00661	0.00323	0.00719
20	0.02150	0.01529	0.01676	0.01393	0.01843	0.01688	0.01116	0.23909	0.39338	0.14220	0.02374	0.02195	0.01709	0.00866	0.00678	0.00216	0.00601	0.00698	0.00702	0.01099
21	0.00818	0.00584	0.00779	0.00934	0.00973	0.00545	0.00623	0.00934	0.01285	0.01713	0.03698	0.75981	0.04438	0.02102	0.00856	0.00273	0.00389	0.01908	0.00623	0.00545
22	0.00946	0.00776	0.01266	0.01223	0.01361	0.00729	0.11046	0.01133	0.01328	0.01775	0.03293	0.60483	0.03844	0.04118	0.00927	0.00278	0.00516	0.03787	0.00573	0.00597
23	0.81159	0.01298	0.00986	0.00882	0.01298	0.01505	0.00727	0.01972	0.01142	0.03010	0.00934	0.01090	0.00727	0.00623	0.00415	0.00208	0.00519	0.00363	0.00415	0.00727
24	0.00816	0.00588	0.00774	0.00923	0.00970	0.00546	0.00618	0.00936	0.01296	0.01717	0.03839	0.72823	0.07505	0.02084	0.00854	0.00270	0.00387	0.01885	0.00623	0.00546
25	0.02319	0.05409	0.06866	0.01534	0.02077	0.04163	0.01325	0.51726	0.11596	0.03704	0.01678	0.01675	0.01216	0.00793	0.00657	0.00202	0.00742	0.00600	0.00619	0.01097
26	0.00813	0.00600	0.00762	0.00890	0.00962	0.00549	0.00603	0.00939	0.01327	0.01730	0.04233	0.63990	0.16084	0.02033	0.00845	0.00265	0.00381	0.01823	0.00623	0.00549
27	0.07547	0.02121	0.01700	0.01490	0.01887	0.26973	0.01157	0.14425	0.30504	0.02654	0.01825	0.01802	0.01389	0.00796	0.00635	0.00203	0.00803	0.00591	0.00544	0.00953
28	0.01591	0.26691	0.30985	0.01665	0.07430	0.01818	0.01698	0.03826	0.01461	0.03607	0.01162	0.01345	0.00917	0.00602	0.00553	0.00172	0.00798	0.00451	0.00328	0.12901
29	0.01543	0.08951	0.31746	0.05049	0.14914	0.03339	0.08910	0.02198	0.06739	0.03874	0.03933	0.01716	0.01220	0.00683	0.00682	0.00208	0.02387	0.00587	0.00361	0.00960
30	0.01578	0.01794	0.03873	0.02780	0.03428	0.01713	0.66692	0.02125	0.01558	0.02125	0.01336	0.01794	0.01012	0.00593	0.00856	0.00229	0.04495	0.00783	0.00337	0.00897
31	0.01455	0.01423	0.02329	0.45739	0.26737	0.04096	0.04934	0.01882	0.01434	0.01888	0.01217	0.01727	0.00954	0.00643	0.00672	0.00214	0.00884	0.00600	0.00313	0.00858
32	0.01564	0.05514	0.42521	0.02456	0.19940	0.05175	0.06018	0.05157	0.01553	0.02193	0.01227	0.01485	0.00926	0.00631	0.00645	0.00205	0.00941	0.00534	0.00319	0.00996
33	0.01550	0.01633	0.04539	0.14217	0.22457	0.03706	0.28163	0.04600	0.01571	0.02121	0.01499	0.07996	0.01296	0.00736	0.00729	0.00219	0.00922	0.00776	0.00367	0.00901
34	0.00809	0.00659	0.00716	0.00748	0.00928	0.00566	0.00543	0.00976	0.01499	0.01847	0.10335	0.21972	0.52532	0.01768	0.00807	0.00236	0.00349	0.01513	0.00631	0.00566
35	0.02443	0.08461	0.02106	0.01735	0.09641	0.09360	0.01288	0.34092	0.04701	0.16980	0.01695	0.01690	0.01212	0.00759	0.00643	0.00195	0.00752	0.00583	0.00598	0.01067
36	0.10900	0.02262	0.17208	0.10708	0.14425	0.16331	0.06859	0.07169	0.01651	0.04594	0.01237	0.01495	0.00941	0.00657	0.00629	0.00203	0.00916	0.00533	0.00372	0.00910
37	0.00961	0.00673	0.00823	0.00850	0.00894	0.00686	0.00545	0.01096	0.03427	0.01536	0.05385	0.19866	0.02926	0.44566	0.12326	0.00594	0.00733	0.01148	0.00471	0.00495
38	0.01934	0.06081	0.01853	0.01707	0.09500	0.22133	0.01217	0.11987	0.01826	0.07001	0.05164	0.08623	0.07153	0.00994	0.00853	0.00210	0.09692	0.00751	0.00480	0.00843

[dist]
# distance from previous block
# <min> <max>
11	20

[block]
# block no. 8 follows, 32 sequences, length 91
# corresponding to MSA columns:
# 477-567
name=unknown_I
#
# <colnr> <probs for GDERKNQSTAVLIFYWHMCP>
#	G	D	E	R	K	N	Q	S	T	A	V	L	I	F	Y	W	H	M	C	P
0	0.01798	0.03762	0.08445	0.05102	0.34310	0.13219	0.06063	0.03885	0.07267	0.04603	0.01413	0.01693	0.01126	0.00821	0.03406	0.00233	0.00909	0.00589	0.00383	0.00973
1	0.11801	0.04772	0.01802	0.01430	0.01880	0.16755	0.01147	0.32245	0.11730	0.03121	0.01583	0.03629	0.01234	0.00792	0.00619	0.00197	0.00764	0.00581	0.00550	0.03370
2	0.00969	0.00700	0.00791	0.00774	0.00985	0.00604	0.00578	0.01168	0.01603	0.06483	0.19544	0.13635	0.46513	0.01622	0.00792	0.00227	0.00355	0.01382	0.00660	0.00614
3	0.02052	0.50144	0.02931	0.01358	0.01850	0.28408	0.01202	0.02252	0.01558	0.01602	0.00971	0.01125	0.00862	0.00617	0.00494	0.00154	0.00896	0.00385	0.00308	0.00831
4	0.00976	0.00651	0.00732	0.00732	0.00732	0.00651	0.00407	0.00976	0.00976	0.01301	0.02114	0.04391	0.02439	0.76419	0.03415	0.00651	0.00651	0.00976	0.00407	0.00407
5	0.00973	0.00662	0.00789	0.00789	0.00809	0.00682	0.00478	0.01013	0.00993	0.01343	0.02062	0.04101	0.02314	0.64629	0.15033	0.00721	0.00840	0.00933	0.00399	0.00438
6	0.03928	0.07901	0.59679	0.01918	0.02836	0.01639	0.08753	0.02115	0.01420	0.02121	0.01193	0.01422	0.00863	0.00626	0.00632	0.00209	0.00973	0.00511	0.00293	0.00967
7	0.00830	0.00684	0.00727	0.00746	0.00951	0.00589	0.00567	0.01010	0.01516	0.01835	0.07873	0.08810	0.59780	0.03817	0.00881	0.00247	0.00376	0.07576	0.00619	0.00568
8	0.01052	0.00805	0.01137	0.01100	0.01209	0.00946	0.00844	0.03519	0.01131	0.01619	0.01764	0.02742	0.01699	0.13854	0.56880	0.00935	0.07052	0.00739	0.00371	0.00602
9	0.01746	0.01783	0.02398	0.15289	0.41110	0.14209	0.04337	0.03892	0.01602	0.02081	0.01263	0.01643	0.01028	0.00639	0.00652	0.00198	0.00876	0.00577	0.03740	0.00937
10	0.02291	0.02006	0.02036	0.01697	0.04317	0.14639	0.05467	0.41053	0.11741	0.03321	0.01688	0.03694	0.01292	0.00813	0.00673	0.00203	0.00811	0.00641	0.00583	0.01033
11	0.00818	0.00584	0.00779	0.00934	0.00973	0.00545	0.00623	0.00934	0.01285	0.01713	0.03698	0.75981	0.04438	0.02102	0.00856	0.00273	0.00389	0.01908	0.00623	0.00545
12	0.01584	0.01744	0.10584	0.03029	0.42850	0.01504	0.04338	0.02205	0.10124	0.02258	0.01431	0.01704	0.01149	0.00626	0.00645	0.00191	0.00757	0.00585	0.00380	0.12313
13	0.01920	0.04221	0.01703	0.01440	0.01839	0.16178	0.01126	0.09758	0.46614	0.02657	0.02187	0.02084	0.01659	0.00835	0.00653	0.00208	0.00693	0.00656	0.00594	0.02975
14	0.01685	0.32432	0.21361	0.01494	0.05633	0.01839	0.01470	0.04409	0.01492	0.08085	0.01463	0.08162	0.01282	0.00757	0.00570	0.00181	0.00739	0.00587	0.00387	0.05970
15	0.01690	0.04572	0.41726	0.01987	0.11901	0.01470	0.01963	0.04815	0.03227	0.13277	0.05741	0.01825	0.01375	0.00717	0.00653	0.00208	0.00831	0.00587	0.00427	0.01007
16	0.01405	0.11819	0.62576	0.01857	0.02790	0.01689	0.04678	0.02113	0.01416	0.02063	0.01178	0.01391	0.00857	0.00628	0.00619	0.00205	0.00965	0.00490	0.00286	0.00974
17	0.01436	0.01399	0.02477	0.42773	0.27108	0.01549	0.09845	0.01880	0.01432	0.01925	0.01235	0.01748	0.00965	0.00634	0.00683	0.00216	0.00889	0.00620	0.00314	0.00870
18	0.01673	0.04028	0.26786	0.03937	0.13244	0.01534	0.12096	0.05433	0.08040	0.09461	0.03833	0.02010	0.01379	0.00732	0.00684	0.00214	0.00844	0.02651	0.00435	0.00986
19	0.02245	0.03926	0.03656	0.06097	0.14600	0.01235	0.03831	0.02663	0.06230	0.37843	0.02268	0.06798	0.01702	0.00872	0.00687	0.00214	0.00655	0.02824	0.00630	0.01024
