[name]
unknown

[dist]
# distance from previous block
# <min> <max>
0	0

[block]
# block no. 0 follows, 34 sequences, length 37
# corresponding to MSA columns:
# 0-36
name=unknown_A
#
# <colnr> <probs for GDERKNQSTAVLIFYWHMCP>
#	G	D	E	R	K	N	Q	S	T	A	V	L	I	F	Y	W	H	M	C	P
0	0.01041	0.00744	0.01041	0.01190	0.01339	0.00744	0.01041	0.01339	0.01487	0.01934	0.03421	0.07288	0.03719	0.01785	0.00892	0.00297	0.00595	0.68913	0.00595	0.00595
1	0.02456	0.01810	0.01939	0.01487	0.02004	0.02004	0.01228	0.71107	0.03038	0.04072	0.01551	0.01551	0.01099	0.00776	0.00646	0.00194	0.00711	0.00582	0.00646	0.01099
2	0.01241	0.01169	0.01975	0.71833	0.08196	0.01441	0.01805	0.01669	0.01302	0.01676	0.01152	0.01716	0.00870	0.00642	0.00646	0.00214	0.00856	0.00574	0.00289	0.00734
3	0.01414	0.01414	0.01979	0.01696	0.01696	0.01979	0.01414	0.01555	0.00990	0.01555	0.00848	0.01414	0.00848	0.01131	0.02120	0.00283	0.76110	0.00565	0.00283	0.00707
4	0.01525	0.01743	0.03813	0.02723	0.03377	0.01634	0.70915	0.02070	0.01525	0.02070	0.01307	0.01743	0.00980	0.00545	0.00763	0.00218	0.01089	0.00763	0.00327	0.00871
5	0.01115	0.00724	0.00862	0.00835	0.00918	0.00730	0.00546	0.05420	0.01187	0.05592	0.02350	0.14133	0.04431	0.48691	0.09233	0.00551	0.00686	0.01017	0.00461	0.00516
6	0.01727	0.77681	0.03386	0.01106	0.01658	0.02557	0.01106	0.01935	0.01313	0.01520	0.00898	0.01036	0.00829	0.00553	0.00415	0.00138	0.00691	0.00345	0.00276	0.00829
7	0.00787	0.00562	0.00750	0.00900	0.00937	0.00525	0.00600	0.00900	0.01237	0.01649	0.03561	0.76871	0.04274	0.02024	0.00825	0.00262	0.00375	0.01837	0.00600	0.00525
8	0.00901	0.00665	0.00845	0.00813	0.00975	0.00609	0.00619	0.01185	0.01757	0.02429	0.59088	0.05179	0.15557	0.01395	0.00770	0.00211	0.00326	0.05388	0.00688	0.00600
9	0.01020	0.00729	0.01015	0.01153	0.01296	0.00724	0.00993	0.01308	0.01492	0.01953	0.07212	0.11065	0.03879	0.01773	0.00882	0.00290	0.00567	0.61456	0.00602	0.00592
10	0.01204	0.00602	0.00602	0.00602	0.00753	0.00602	0.00452	0.01506	0.01355	0.02409	0.02108	0.02409	0.01656	0.00753	0.00452	0.00151	0.00301	0.00602	0.80879	0.00602
11	0.00940	0.00668	0.00907	0.01044	0.01139	0.00654	0.00826	0.01145	0.01351	0.01774	0.03358	0.32499	0.03809	0.08099	0.01065	0.00312	0.00517	0.38762	0.00580	0.00553
12	0.01651	0.01694	0.02379	0.16819	0.50019	0.12392	0.01839	0.02011	0.01492	0.01948	0.01171	0.01557	0.00965	0.00602	0.00632	0.00192	0.00844	0.00552	0.00316	0.00926
13	0.01339	0.01411	0.02849	0.02117	0.02623	0.01299	0.47320	0.01757	0.01440	0.01979	0.01797	0.18603	0.01719	0.00870	0.00745	0.00214	0.00861	0.00962	0.00394	0.09700
14	0.01445	0.01175	0.01471	0.01055	0.01629	0.00905	0.04210	0.01743	0.01380	0.06534	0.01243	0.01413	0.00998	0.00502	0.00503	0.00108	0.00513	0.00418	0.00406	0.72350
15	0.81856	0.01250	0.00950	0.00850	0.01250	0.01449	0.00700	0.01899	0.01100	0.02899	0.00900	0.01050	0.00700	0.00600	0.00400	0.00200	0.00500	0.00350	0.00400	0.00700
16	0.01623	0.01340	0.01430	0.01254	0.01613	0.01509	0.00983	0.13754	0.50148	0.02849	0.09377	0.02740	0.06621	0.00950	0.00672	0.00214	0.00512	0.00788	0.00657	0.00966
17	0.01640	0.01648	0.02140	0.01798	0.03782	0.10437	0.11400	0.10012	0.01420	0.01924	0.01119	0.01674	0.01017	0.06895	0.01618	0.00273	0.39481	0.00608	0.00348	0.00766
18	0.00964	0.00777	0.00863	0.00851	0.01046	0.00756	0.00631	0.01441	0.14233	0.02038	0.17324	0.14316	0.33283	0.05747	0.00897	0.00246	0.00386	0.02949	0.00619	0.00633
19	0.81856	0.01250	0.00950	0.00850	0.01250	0.01449	0.00700	0.01899	0.01100	0.02899	0.00900	0.01050	0.00700	0.00600	0.00400	0.00200	0.00500	0.00350	0.00400	0.00700
20	0.01011	0.00817	0.01216	0.15077	0.10740	0.00843	0.01007	0.01250	0.01344	0.01819	0.06700	0.37479	0.07425	0.01448	0.00747	0.00235	0.00517	0.05247	0.04441	0.00637
21	0.00810	0.00580	0.00770	0.00884	0.00942	0.00540	0.00602	0.00957	0.01343	0.01819	0.16016	0.63934	0.04601	0.01898	0.00813	0.00252	0.00362	0.01717	0.00620	0.00540
22	0.01204	0.00602	0.00602	0.00602	0.00753	0.00602	0.00452	0.01506	0.01355	0.02409	0.02108	0.02409	0.01656	0.00753	0.00452	0.00151	0.00301	0.00602	0.80879	0.00602
23	0.01513	0.29333	0.45147	0.01563	0.02353	0.01899	0.01873	0.05888	0.01440	0.01976	0.01090	0.01260	0.00838	0.00602	0.00546	0.00181	0.00849	0.00437	0.00295	0.00919
24	0.01521	0.01456	0.02482	0.18700	0.59135	0.01515	0.01944	0.01915	0.01434	0.02016	0.01202	0.01625	0.00990	0.00590	0.00641	0.00197	0.00787	0.00575	0.00313	0.00961
25	0.01204	0.00602	0.00602	0.00602	0.00753	0.00602	0.00452	0.01506	0.01355	0.02409	0.02108	0.02409	0.01656	0.00753	0.00452	0.00151	0.00301	0.00602	0.80879	0.00602
26	0.01727	0.77681	0.03386	0.01106	0.01658	0.02557	0.01106	0.01935	0.01313	0.01520	0.00898	0.01036	0.00829	0.00553	0.00415	0.00138	0.00691	0.00345	0.00276	0.00829
27	0.81856	0.01250	0.00950	0.00850	0.01250	0.01449	0.00700	0.01899	0.01100	0.02899	0.00900	0.01050	0.00700	0.00600	0.00400	0.00200	0.00500	0.00350	0.00400	0.00700
28	0.01431	0.01363	0.02318	0.35912	0.42634	0.01491	0.01899	0.01835	0.01391	0.01906	0.01186	0.01654	0.00951	0.00607	0.00642	0.00202	0.00809	0.00575	0.00305	0.00887
29	0.01204	0.00602	0.00602	0.00602	0.00753	0.00602	0.00452	0.01506	0.01355	0.02409	0.02108	0.02409	0.01656	0.00753	0.00452	0.00151	0.00301	0.00602	0.80879	0.00602
30	0.01340	0.01148	0.01340	0.00957	0.01531	0.00861	0.00766	0.01627	0.01340	0.02105	0.01148	0.01340	0.00957	0.00479	0.00479	0.00096	0.00479	0.00383	0.00383	0.81242
31	0.01006	0.00799	0.00865	0.00826	0.01049	0.00752	0.00622	0.09136	0.03983	0.02120	0.12329	0.15982	0.45085	0.01537	0.00756	0.00220	0.00382	0.01303	0.00619	0.00629
32	0.01204	0.00602	0.00602	0.00602	0.00753	0.00602	0.00452	0.01506	0.01355	0.02409	0.02108	0.02409	0.01656	0.00753	0.00452	0.00151	0.00301	0.00602	0.80879	0.00602
33	0.01727	0.77681	0.03386	0.01106	0.01658	0.02557	0.01106	0.01935	0.01313	0.01520	0.00898	0.01036	0.00829	0.00553	0.00415	0.00138	0.00691	0.00345	0.00276	0.00829
34	0.02403	0.01783	0.01909	0.01476	0.01983	0.01979	0.01215	0.66835	0.07397	0.03986	0.01619	0.01606	0.01154	0.00782	0.00647	0.00196	0.00698	0.00591	0.00647	0.01094
35	0.01267	0.08318	0.01562	0.01257	0.01447	0.10951	0.04188	0.01479	0.01197	0.01548	0.01568	0.06799	0.01516	0.05045	0.40411	0.00662	0.09102	0.00692	0.00348	0.00642
36	0.01044	0.01050	0.07221	0.00955	0.01204	0.04361	0.00805	0.01452	0.05701	0.02414	0.52439	0.04356	0.12034	0.01235	0.00735	0.00204	0.00417	0.01068	0.00641	0.00663

[dist]
# distance from previous block
# <min> <max>
0	14

[block]
# block no. 1 follows, 34 sequences, length 26
# corresponding to MSA columns:
# 51-76
name=unknown_B
#
# <colnr> <probs for GDERKNQSTAVLIFYWHMCP>
#	G	D	E	R	K	N	Q	S	T	A	V	L	I	F	Y	W	H	M	C	P
0	0.01346	0.06558	0.02041	0.58120	0.08231	0.05163	0.01672	0.01736	0.01334	0.01693	0.01128	0.01618	0.00873	0.00627	0.00617	0.00199	0.00837	0.00540	0.00296	0.05372
1	0.01408	0.01072	0.01329	0.01011	0.01501	0.00839	0.02511	0.01672	0.01377	0.08698	0.01639	0.12584	0.01507	0.00738	0.00553	0.00133	0.00485	0.00632	0.00452	0.59858
2	0.01313	0.01203	0.01888	0.11211	0.38615	0.01231	0.01460	0.01725	0.06286	0.01963	0.02381	0.12670	0.11473	0.02836	0.00749	0.00220	0.00643	0.00876	0.00418	0.00838
3	0.01880	0.01541	0.01841	0.13105	0.09539	0.05404	0.01316	0.35528	0.02191	0.02922	0.06351	0.01882	0.01428	0.01183	0.08045	0.00283	0.03519	0.00622	0.00503	0.00915
4	0.01546	0.01471	0.02438	0.09940	0.56230	0.01487	0.03659	0.02015	0.05505	0.02103	0.01289	0.01643	0.01058	0.00592	0.00633	0.00190	0.00750	0.00576	0.00341	0.06536
5	0.00914	0.00660	0.00864	0.00813	0.00965	0.00610	0.00610	0.01219	0.01829	0.02591	0.72921	0.04827	0.06097	0.01321	0.00762	0.00203	0.00305	0.01169	0.00711	0.00610
6	0.01273	0.01196	0.01983	0.65610	0.10947	0.01453	0.01779	0.01760	0.04379	0.01741	0.01219	0.01741	0.00925	0.00649	0.00646	0.00213	0.00837	0.00581	0.00306	0.00760
7	0.00786	0.00649	0.00690	0.00693	0.00890	0.00553	0.00515	0.00965	0.01505	0.01854	0.15398	0.10911	0.59119	0.01620	0.00768	0.00219	0.00328	0.01370	0.00615	0.00553
8	0.01204	0.00602	0.00602	0.00602	0.00753	0.00602	0.00452	0.01506	0.01355	0.02409	0.02108	0.02409	0.01656	0.00753	0.00452	0.00151	0.00301	0.00602	0.80879	0.00602
9	0.05073	0.39480	0.22329	0.01468	0.02113	0.02007	0.08017	0.02049	0.01365	0.06763	0.01120	0.01284	0.00889	0.00605	0.00568	0.00175	0.03046	0.00449	0.00322	0.00877
10	0.01867	0.02050	0.06334	0.02137	0.02685	0.14908	0.35208	0.16474	0.05069	0.02407	0.01340	0.01600	0.01011	0.00651	0.00737	0.00205	0.03368	0.00641	0.00405	0.00902
11	0.01204	0.00602	0.00602	0.00602	0.00753	0.00602	0.00452	0.01506	0.01355	0.02409	0.02108	0.02409	0.01656	0.00753	0.00452	0.00151	0.00301	0.00602	0.80879	0.00602
12	0.02617	0.01552	0.01779	0.01364	0.01875	0.01621	0.01127	0.46414	0.02606	0.29375	0.01914	0.01787	0.01281	0.00784	0.00648	0.00196	0.00652	0.00606	0.00702	0.01099
13	0.01063	0.00776	0.00998	0.00893	0.00983	0.00775	0.05327	0.05203	0.01159	0.01548	0.04979	0.03989	0.04736	0.61787	0.02769	0.00541	0.00640	0.00930	0.00422	0.00481
14	0.78779	0.01271	0.00988	0.00874	0.01279	0.01471	0.00720	0.04581	0.01175	0.02944	0.00925	0.01069	0.00715	0.00607	0.00409	0.00200	0.00508	0.00359	0.00409	0.00715
15	0.11496	0.01584	0.02030	0.13034	0.32029	0.10326	0.01524	0.05790	0.01582	0.12562	0.01353	0.01583	0.01026	0.00643	0.00607	0.00194	0.00763	0.00540	0.00413	0.00923
16	0.02089	0.01894	0.02493	0.01958	0.04584	0.12325	0.23803	0.28135	0.06999	0.06908	0.01513	0.01655	0.01108	0.00687	0.00676	0.00200	0.00878	0.00630	0.00497	0.00967
17	0.37003	0.01363	0.01432	0.01230	0.03702	0.05558	0.02946	0.05482	0.01498	0.26563	0.01508	0.01527	0.01056	0.00712	0.00639	0.00204	0.05681	0.00498	0.00529	0.00870
18	0.04957	0.01645	0.01870	0.02183	0.24400	0.12840	0.01357	0.08601	0.16767	0.02286	0.01822	0.02105	0.04617	0.00986	0.04085	0.00242	0.05104	0.02781	0.00448	0.00901
19	0.01990	0.01882	0.02164	0.10094	0.22346	0.16379	0.04513	0.25467	0.02045	0.02600	0.01298	0.01543	0.01009	0.00795	0.02848	0.00216	0.00881	0.00557	0.00431	0.00942
20	0.01204	0.00602	0.00602	0.00602	0.00753	0.00602	0.00452	0.01506	0.01355	0.02409	0.02108	0.02409	0.01656	0.00753	0.00452	0.00151	0.00301	0.00602	0.80879	0.00602
21	0.00771	0.00655	0.00665	0.00662	0.00877	0.00549	0.00497	0.00942	0.01490	0.01787	0.09793	0.06150	0.69726	0.01621	0.00764	0.00217	0.00326	0.01354	0.00605	0.00549
22	0.00848	0.00710	0.00745	0.00742	0.00953	0.00639	0.00553	0.01158	0.07537	0.01873	0.10127	0.11737	0.56930	0.01584	0.00760	0.00221	0.00346	0.01337	0.00612	0.00589
23	0.01204	0.00602	0.00602	0.00602	0.00753	0.00602	0.00452	0.01506	0.01355	0.02409	0.02108	0.02409	0.01656	0.00753	0.00452	0.00151	0.00301	0.00602	0.80879	0.00602
24	0.64431	0.01651	0.01143	0.01028	0.01414	0.17516	0.00820	0.02049	0.01260	0.02610	0.00921	0.01075	0.00729	0.00614	0.00440	0.00193	0.00646	0.00364	0.00385	0.00711
25	0.06458	0.01774	0.01866	0.01544	0.01934	0.18372	0.11181	0.21424	0.05504	0.05574	0.01834	0.13704	0.01660	0.00947	0.00672	0.00207	0.00784	0.03197	0.00512	0.00850

[dist]
# distance from previous block
# <min> <max>
0	1

[block]
# block no. 2 follows, 34 sequences, length 40
# corresponding to MSA columns:
# 78-117
name=unknown_C
#
# <colnr> <probs for GDERKNQSTAVLIFYWHMCP>
#	G	D	E	R	K	N	Q	S	T	A	V	L	I	F	Y	W	H	M	C	P
0	0.01516	0.01414	0.01357	0.01349	0.07025	0.17430	0.00946	0.01804	0.04414	0.06425	0.06659	0.15359	0.07529	0.01197	0.03439	0.00220	0.00674	0.04033	0.00487	0.16723
1	0.71366	0.01230	0.01023	0.00890	0.01303	0.01383	0.00733	0.02065	0.01199	0.12307	0.01119	0.01202	0.00819	0.00626	0.00433	0.00200	0.00506	0.00390	0.00453	0.00753
2	0.01296	0.01124	0.01330	0.01351	0.07913	0.03896	0.00947	0.04945	0.18786	0.02396	0.28219	0.05101	0.10908	0.01128	0.00838	0.00214	0.07307	0.00935	0.00592	0.00775
3	0.01948	0.01848	0.01695	0.01448	0.01757	0.20989	0.01147	0.20305	0.12337	0.04190	0.10899	0.02000	0.01786	0.00895	0.00899	0.00207	0.13638	0.00636	0.00515	0.00863
4	0.01484	0.24181	0.35593	0.01662	0.07094	0.01788	0.01730	0.02171	0.10666	0.01989	0.01281	0.01423	0.00995	0.00621	0.00557	0.00181	0.00784	0.00475	0.00333	0.04992
5	0.02899	0.01100	0.01499	0.01150	0.01649	0.00950	0.00950	0.03149	0.01849	0.73709	0.02549	0.02199	0.01599	0.00800	0.00650	0.00200	0.00550	0.00650	0.00800	0.01100
6	0.00968	0.00743	0.01020	0.01006	0.01066	0.00860	0.00737	0.01109	0.01031	0.01457	0.01949	0.12581	0.02075	0.24143	0.36598	0.00733	0.10110	0.00895	0.00384	0.00534
7	0.00924	0.00687	0.01011	0.01011	0.01117	0.00793	0.00774	0.01136	0.01030	0.01480	0.01756	0.02676	0.01675	0.10758	0.68902	0.01005	0.01641	0.00712	0.00350	0.00562
8	0.01204	0.00602	0.00602	0.00602	0.00753	0.00602	0.00452	0.01506	0.01355	0.02409	0.02108	0.02409	0.01656	0.00753	0.00452	0.00151	0.00301	0.00602	0.80879	0.00602
9	0.01232	0.00608	0.00882	0.00866	0.00910	0.00592	0.00589	0.01039	0.00961	0.07095	0.01480	0.08339	0.01474	0.05141	0.02261	0.64566	0.00547	0.00690	0.00354	0.00372
10	0.01335	0.09988	0.67637	0.01776	0.02695	0.01595	0.02273	0.02036	0.01360	0.01999	0.01136	0.01335	0.00819	0.00608	0.00596	0.00199	0.00931	0.00466	0.00273	0.00944
11	0.04005	0.00625	0.00614	0.00611	0.00770	0.00632	0.00460	0.01519	0.01346	0.02426	0.02066	0.02362	0.01623	0.00747	0.00450	0.00152	0.00308	0.00593	0.78085	0.00606
12	0.01255	0.00740	0.00805	0.00755	0.00914	0.00793	0.00585	0.04955	0.01431	0.02395	0.05073	0.02538	0.04766	0.00849	0.00637	0.00170	0.07100	0.00654	0.62952	0.00634
13	0.01386	0.01407	0.05275	0.41914	0.33814	0.01481	0.01900	0.01810	0.01372	0.01864	0.01178	0.01655	0.00929	0.00615	0.00642	0.00205	0.00825	0.00571	0.00301	0.00859
14	0.01279	0.00871	0.01216	0.01141	0.01336	0.00846	0.06077	0.10389	0.01557	0.09418	0.03023	0.53620	0.03333	0.01622	0.00779	0.00244	0.00491	0.01469	0.00606	0.00685
15	0.13849	0.03016	0.62571	0.01687	0.02555	0.01493	0.02124	0.02023	0.01323	0.02179	0.01119	0.01315	0.00800	0.00612	0.00581	0.00204	0.00884	0.00458	0.00293	0.00915
16	0.01569	0.01534	0.02472	0.16142	0.58482	0.04611	0.01920	0.01951	0.01456	0.02010	0.01195	0.01602	0.00988	0.00592	0.00638	0.00195	0.00800	0.00569	0.00315	0.00960
17	0.02202	0.19552	0.02219	0.01497	0.01902	0.35762	0.01222	0.19078	0.01952	0.02173	0.01101	0.01247	0.00898	0.00698	0.00663	0.00175	0.05966	0.00451	0.00393	0.00850
18	0.01373	0.01304	0.02214	0.46805	0.32191	0.01476	0.01870	0.01785	0.01364	0.01836	0.01175	0.01673	0.00927	0.00618	0.00643	0.00206	0.00824	0.00575	0.00300	0.00841
19	0.01721	0.73831	0.03347	0.01250	0.05279	0.02505	0.01150	0.01937	0.01321	0.01550	0.00914	0.01065	0.00839	0.00554	0.00426	0.00141	0.00695	0.00357	0.00279	0.00839
20	0.81856	0.01250	0.00950	0.00850	0.01250	0.01449	0.00700	0.01899	0.01100	0.02899	0.00900	0.01050	0.00700	0.00600	0.00400	0.00200	0.00500	0.00350	0.00400	0.00700
21	0.01204	0.00602	0.00602	0.00602	0.00753	0.00602	0.00452	0.01506	0.01355	0.02409	0.02108	0.02409	0.01656	0.00753	0.00452	0.00151	0.00301	0.00602	0.80879	0.00602
22	0.01340	0.01148	0.01340	0.00957	0.01531	0.00861	0.00766	0.01627	0.01340	0.02105	0.01148	0.01340	0.00957	0.00479	0.00479	0.00096	0.00479	0.00383	0.00383	0.81242
23	0.01384	0.01315	0.02233	0.44772	0.34140	0.01479	0.01876	0.01794	0.01369	0.01849	0.01177	0.01669	0.00931	0.00616	0.00643	0.00205	0.00821	0.00575	0.00301	0.00850
24	0.00787	0.00655	0.00687	0.00679	0.00887	0.00555	0.00509	0.00972	0.01527	0.01875	0.16687	0.06006	0.62778	0.01588	0.00763	0.00216	0.00324	0.01334	0.00617	0.00555
25	0.00858	0.00661	0.00793	0.00873	0.00988	0.00628	0.00611	0.01141	0.07539	0.01801	0.06808	0.50488	0.20810	0.01803	0.00793	0.00246	0.00373	0.01600	0.00609	0.00577
26	0.02414	0.03079	0.01831	0.01665	0.01998	0.74698	0.01248	0.02580	0.01831	0.01581	0.00999	0.01165	0.00832	0.00666	0.00583	0.00166	0.01165	0.00416	0.00333	0.00749
27	0.00892	0.00690	0.00825	0.00801	0.00977	0.00641	0.00599	0.01212	0.05157	0.02216	0.40378	0.09744	0.27347	0.01592	0.03809	0.00247	0.00386	0.01234	0.00650	0.00603
28	0.81856	0.01250	0.00950	0.00850	0.01250	0.01449	0.00700	0.01899	0.01100	0.02899	0.00900	0.01050	0.00700	0.00600	0.00400	0.00200	0.00500	0.00350	0.00400	0.00700
29	0.02453	0.01913	0.01930	0.01501	0.02003	0.07936	0.01230	0.65515	0.02939	0.03869	0.01506	0.01520	0.01077	0.00767	0.00641	0.00192	0.00748	0.00568	0.00621	0.01070
30	0.02414	0.03079	0.01831	0.01665	0.01998	0.74698	0.01248	0.02580	0.01831	0.01581	0.00999	0.01165	0.00832	0.00666	0.00583	0.00166	0.01165	0.00416	0.00333	0.00749
31	0.01455	0.01374	0.02256	0.31154	0.40492	0.01504	0.01824	0.01987	0.07790	0.01989	0.01318	0.01720	0.01047	0.00630	0.00644	0.00203	0.00780	0.00589	0.00338	0.00907
32	0.01215	0.00954	0.01094	0.01066	0.01288	0.01018	0.00804	0.02097	0.31309	0.03955	0.14246	0.24288	0.07886	0.01363	0.00740	0.00232	0.00434	0.04597	0.00646	0.00767
33	0.01719	0.64488	0.11499	0.01225	0.01811	0.06829	0.01263	0.01987	0.01350	0.01585	0.00935	0.01082	0.00828	0.00567	0.00448	0.00148	0.00751	0.00365	0.00279	0.00839
34	0.01378	0.01299	0.02139	0.47069	0.23979	0.01524	0.01803	0.03569	0.01365	0.01839	0.01154	0.01657	0.00913	0.00669	0.00765	0.00214	0.06971	0.00574	0.00306	0.00815
35	0.01294	0.01241	0.01748	0.01538	0.01561	0.01695	0.01264	0.01451	0.01010	0.01549	0.01134	0.04947	0.01143	0.01869	0.15715	0.00424	0.58792	0.00645	0.00309	0.00674
36	0.00936	0.00642	0.00784	0.00784	0.00811	0.00669	0.00490	0.00990	0.00963	0.01311	0.01964	0.03828	0.02175	0.60139	0.20204	0.00724	0.00888	0.00881	0.00381	0.00435
37	0.05568	0.15370	0.46173	0.01600	0.02350	0.07895	0.01867	0.05153	0.01453	0.02038	0.01204	0.04337	0.00968	0.00672	0.00577	0.00192	0.00872	0.00504	0.00315	0.00893
38	0.01625	0.01537	0.02210	0.14091	0.42104	0.06278	0.01686	0.07693	0.08151	0.02199	0.01467	0.05427	0.01243	0.00709	0.00648	0.00200	0.00760	0.00643	0.00388	0.00940
39	0.01578	0.01558	0.02539	0.14143	0.57156	0.04845	0.04847	0.01966	0.01464	0.02019	0.01200	0.01603	0.00990	0.00589	0.00643	0.00195	0.00813	0.00576	0.00316	0.00961

[dist]
# distance from previous block
# <min> <max>
0	10

# created by:
# /home/berkeley/.conda/envs/busco_data_prod/bin/msa2prfl.pl pipeline/OGs_align_augustus/4893/26633.fs
