[name]
unknown

[dist]
# distance from previous block
# <min> <max>
0	34

[block]
# block no. 0 follows, 33 sequences, length 27
# corresponding to MSA columns:
# 34-60
name=unknown_A
#
# <colnr> <probs for GDERKNQSTAVLIFYWHMCP>
#	G	D	E	R	K	N	Q	S	T	A	V	L	I	F	Y	W	H	M	C	P
0	0.00963	0.00734	0.00879	0.00929	0.01096	0.00686	0.00706	0.05232	0.01505	0.01932	0.04429	0.32782	0.26779	0.01763	0.00813	0.00251	0.00433	0.14712	0.00607	0.02771
1	0.00957	0.00638	0.00718	0.00718	0.00718	0.00638	0.00399	0.00957	0.00957	0.01276	0.02074	0.04308	0.02393	0.76864	0.03351	0.00638	0.00638	0.00957	0.00399	0.00399
2	0.00971	0.00670	0.00793	0.00783	0.00795	0.00700	0.00474	0.00999	0.00969	0.01311	0.02005	0.04048	0.02271	0.67398	0.10273	0.00668	0.03132	0.00921	0.00391	0.00428
3	0.01606	0.01540	0.02630	0.08351	0.68630	0.01558	0.02009	0.02000	0.01488	0.02122	0.01234	0.01637	0.01033	0.00591	0.00652	0.00197	0.00788	0.00586	0.00324	0.01024
4	0.02343	0.01739	0.01821	0.01409	0.01925	0.06026	0.01150	0.47748	0.05333	0.10008	0.01624	0.01621	0.01164	0.00746	0.00631	0.00183	0.00694	0.00566	0.00616	0.12652
5	0.01365	0.01170	0.01365	0.00975	0.01560	0.00878	0.00780	0.01658	0.01365	0.02145	0.01170	0.01365	0.00975	0.00488	0.00488	0.00098	0.00488	0.00390	0.00390	0.80888
6	0.00818	0.00654	0.00731	0.00742	0.00921	0.00568	0.00545	0.01010	0.01549	0.01965	0.21553	0.16649	0.46673	0.01652	0.00787	0.00226	0.00335	0.01416	0.00638	0.00568
7	0.01760	0.77260	0.03450	0.01126	0.01690	0.02605	0.01126	0.01971	0.01338	0.01549	0.00915	0.01056	0.00845	0.00563	0.00422	0.00141	0.00704	0.00352	0.00282	0.00845
8	0.00785	0.00667	0.00676	0.00674	0.00893	0.00559	0.00506	0.00958	0.01517	0.01817	0.09614	0.06272	0.69521	0.01653	0.00778	0.00222	0.00332	0.01380	0.00616	0.00559
9	0.01320	0.03405	0.73453	0.01876	0.02849	0.01529	0.02432	0.02085	0.01390	0.02085	0.01181	0.01390	0.00834	0.00625	0.00625	0.00208	0.00973	0.00486	0.00278	0.00973
10	0.00796	0.00668	0.00691	0.00685	0.00900	0.00563	0.00514	0.00979	0.01542	0.01877	0.14182	0.06174	0.64916	0.01631	0.00778	0.00221	0.00331	0.01367	0.00624	0.00563
11	0.01092	0.00848	0.01125	0.01121	0.01256	0.00875	0.03701	0.08471	0.05708	0.02019	0.03132	0.57505	0.03571	0.01753	0.00868	0.00256	0.03893	0.01563	0.00593	0.00650
12	0.00887	0.00609	0.00739	0.00808	0.00825	0.00591	0.00495	0.00939	0.01095	0.01460	0.02779	0.37008	0.03282	0.42951	0.02213	0.00470	0.00522	0.01372	0.00495	0.00460
13	0.01760	0.77260	0.03450	0.01126	0.01690	0.02605	0.01126	0.01971	0.01338	0.01549	0.00915	0.01056	0.00845	0.00563	0.00422	0.00141	0.00704	0.00352	0.00282	0.00845
14	0.62817	0.01617	0.01213	0.01146	0.04144	0.13849	0.00873	0.03995	0.01317	0.02729	0.00965	0.01125	0.00760	0.00627	0.00455	0.00197	0.00641	0.00383	0.00400	0.00746
15	0.01345	0.03235	0.66197	0.01970	0.02911	0.01543	0.09518	0.02087	0.01407	0.02087	0.01197	0.01430	0.00851	0.00618	0.00641	0.00210	0.00987	0.00517	0.00284	0.00964
16	0.01400	0.16836	0.60722	0.01740	0.02638	0.01725	0.02195	0.02064	0.01380	0.01987	0.01133	0.01329	0.00836	0.00614	0.00589	0.00196	0.00924	0.00462	0.00279	0.00950
17	0.02446	0.06386	0.02012	0.01471	0.01984	0.05268	0.01219	0.56426	0.05764	0.07996	0.01623	0.01608	0.01159	0.00777	0.00642	0.00194	0.00726	0.00581	0.00631	0.01084
18	0.01243	0.01170	0.01975	0.75282	0.04534	0.01463	0.01828	0.01682	0.01316	0.01682	0.01170	0.01755	0.00878	0.00658	0.00658	0.00219	0.00878	0.00585	0.00293	0.00731
19	0.01643	0.01611	0.02594	0.08230	0.65489	0.04800	0.01975	0.02027	0.01504	0.02098	0.01224	0.01617	0.01024	0.00595	0.00650	0.00196	0.00806	0.00579	0.00324	0.01012
20	0.01424	0.01425	0.02076	0.01750	0.01796	0.01932	0.05513	0.01600	0.01080	0.01664	0.04158	0.01619	0.01116	0.01125	0.02015	0.00280	0.67775	0.00616	0.00311	0.00726
21	0.00910	0.00672	0.00849	0.00805	0.00970	0.00612	0.00604	0.01200	0.01811	0.02516	0.62948	0.05122	0.15751	0.01392	0.00777	0.00209	0.00314	0.01219	0.00708	0.00612
22	0.01453	0.25750	0.52273	0.01649	0.02498	0.01854	0.02037	0.02050	0.01374	0.01923	0.01101	0.01289	0.00837	0.00607	0.00564	0.00188	0.00892	0.00446	0.00279	0.00934
23	0.00836	0.00653	0.00757	0.00765	0.00933	0.00575	0.00561	0.01044	0.01587	0.02062	0.29070	0.17488	0.38076	0.01621	0.00788	0.00224	0.00334	0.01400	0.00651	0.00575
24	0.01940	0.01361	0.01442	0.01141	0.01607	0.08750	0.00898	0.06868	0.04626	0.21080	0.01817	0.06359	0.01460	0.04194	0.00716	0.00180	0.00599	0.00611	0.00542	0.33811
25	0.02068	0.02103	0.01712	0.01572	0.05057	0.30996	0.01163	0.09772	0.22530	0.05423	0.04852	0.01847	0.01510	0.00773	0.00630	0.00188	0.00814	0.00586	0.00510	0.05894
26	0.10427	0.01689	0.01621	0.12706	0.02148	0.16771	0.01155	0.15882	0.06529	0.10718	0.08884	0.01943	0.01624	0.00781	0.00624	0.00195	0.00737	0.00602	0.00522	0.04444

[dist]
# distance from previous block
# <min> <max>
1	5

[block]
# block no. 1 follows, 33 sequences, length 50
# corresponding to MSA columns:
# 66-115
name=unknown_B
#
# <colnr> <probs for GDERKNQSTAVLIFYWHMCP>
#	G	D	E	R	K	N	Q	S	T	A	V	L	I	F	Y	W	H	M	C	P
0	0.02293	0.01468	0.01685	0.01440	0.04626	0.04527	0.01116	0.27306	0.10893	0.24319	0.02011	0.02004	0.01438	0.01331	0.10121	0.00312	0.00805	0.00640	0.00641	0.01024
1	0.01703	0.01568	0.02476	0.12792	0.55483	0.04377	0.01892	0.04810	0.01571	0.05140	0.01292	0.01652	0.01042	0.00617	0.00651	0.00198	0.00798	0.00583	0.00356	0.00999
2	0.01930	0.01555	0.01613	0.01369	0.01772	0.04589	0.01084	0.26202	0.37560	0.04786	0.05448	0.05325	0.01939	0.00917	0.00675	0.00213	0.00603	0.00745	0.00656	0.01019
3	0.00925	0.00690	0.00940	0.06998	0.01339	0.00688	0.00796	0.02934	0.01366	0.01799	0.03473	0.54227	0.06635	0.01858	0.00829	0.00266	0.00466	0.12606	0.00586	0.00579
4	0.05181	0.01461	0.02245	0.06351	0.46593	0.04002	0.04400	0.01989	0.05993	0.02129	0.04815	0.02053	0.01445	0.07514	0.00894	0.00239	0.00749	0.00651	0.00377	0.00919
5	0.01586	0.47968	0.31214	0.01424	0.02150	0.02178	0.01644	0.02016	0.01358	0.01761	0.01021	0.01188	0.00841	0.00588	0.00503	0.00168	0.00811	0.00405	0.00280	0.00896
6	0.01911	0.01603	0.02113	0.29509	0.09400	0.03984	0.04379	0.33617	0.02182	0.02881	0.01368	0.01646	0.01008	0.00709	0.00661	0.00206	0.00817	0.00592	0.00468	0.00946
7	0.00869	0.00628	0.00852	0.00940	0.01006	0.00639	0.00663	0.01014	0.01185	0.01605	0.02991	0.42490	0.05105	0.11334	0.22191	0.00536	0.00815	0.04085	0.00513	0.00538
8	0.01421	0.01168	0.01371	0.00982	0.01564	0.00881	0.00787	0.01712	0.01383	0.04655	0.01221	0.01396	0.00998	0.00499	0.00494	0.00101	0.00490	0.00400	0.00405	0.78071
9	0.00846	0.00612	0.00799	0.00873	0.00961	0.00566	0.00609	0.01031	0.01481	0.02017	0.27560	0.48050	0.08560	0.01794	0.00815	0.00244	0.00355	0.01611	0.00650	0.00566
10	0.00936	0.00691	0.00977	0.00975	0.01079	0.00773	0.00730	0.01132	0.01091	0.01540	0.04776	0.03125	0.04930	0.16799	0.56333	0.00919	0.01457	0.00796	0.00386	0.00556
11	0.01320	0.03405	0.73453	0.01876	0.02849	0.01529	0.02432	0.02085	0.01390	0.02085	0.01181	0.01390	0.00834	0.00625	0.00625	0.00208	0.00973	0.00486	0.00278	0.00973
12	0.01789	0.74213	0.03385	0.01150	0.01704	0.05549	0.01132	0.01998	0.01359	0.01551	0.00919	0.01061	0.00845	0.00568	0.00429	0.00142	0.00724	0.00355	0.00284	0.00841
13	0.81514	0.01273	0.00968	0.00866	0.01273	0.01477	0.00713	0.01935	0.01120	0.02954	0.00917	0.01069	0.00713	0.00611	0.00407	0.00204	0.00509	0.00356	0.00407	0.00713
14	0.01320	0.03405	0.73453	0.01876	0.02849	0.01529	0.02432	0.02085	0.01390	0.02085	0.01181	0.01390	0.00834	0.00625	0.00625	0.00208	0.00973	0.00486	0.00278	0.00973
15	0.02383	0.01785	0.01908	0.01490	0.01996	0.01986	0.01222	0.61281	0.12571	0.03956	0.01733	0.01702	0.01243	0.00805	0.00660	0.00201	0.00696	0.00614	0.00660	0.01109
16	0.00845	0.00635	0.00783	0.00818	0.00949	0.00573	0.00586	0.01048	0.01552	0.02070	0.30534	0.31078	0.22752	0.01688	0.00800	0.00233	0.00342	0.01488	0.00654	0.00573
17	0.12578	0.01708	0.01871	0.01618	0.07650	0.01879	0.01227	0.51594	0.04925	0.06227	0.01540	0.01571	0.01108	0.00755	0.00626	0.00199	0.00689	0.00569	0.00605	0.01059
18	0.81514	0.01273	0.00968	0.00866	0.01273	0.01477	0.00713	0.01935	0.01120	0.02954	0.00917	0.01069	0.00713	0.00611	0.00407	0.00204	0.00509	0.00356	0.00407	0.00713
19	0.01066	0.00949	0.00964	0.04791	0.01283	0.06894	0.00737	0.04536	0.01601	0.01968	0.12498	0.16925	0.36198	0.01527	0.00769	0.00227	0.00475	0.05390	0.00587	0.00617
20	0.01148	0.00722	0.00943	0.00860	0.01057	0.00657	0.00655	0.01447	0.01852	0.10370	0.62187	0.04678	0.08272	0.01300	0.00764	0.00207	0.00339	0.01140	0.00730	0.00674
21	0.01637	0.01414	0.01489	0.01340	0.01712	0.01637	0.01042	0.03498	0.71568	0.02754	0.02679	0.02456	0.02010	0.00893	0.00670	0.00223	0.00521	0.00744	0.00670	0.01042
22	0.00813	0.00590	0.00770	0.00901	0.00963	0.00547	0.00616	0.00946	0.01314	0.01740	0.06995	0.65691	0.09800	0.01992	0.00834	0.00262	0.00381	0.03685	0.00616	0.00542
23	0.01243	0.01170	0.01975	0.75282	0.04534	0.01463	0.01828	0.01682	0.01316	0.01682	0.01170	0.01755	0.00878	0.00658	0.00658	0.00219	0.00878	0.00585	0.00293	0.00731
24	0.00932	0.00673	0.00880	0.00828	0.00984	0.00621	0.00621	0.01242	0.01863	0.02640	0.72410	0.04918	0.06212	0.01346	0.00776	0.00207	0.00311	0.01191	0.00725	0.00621
25	0.01433	0.01363	0.02317	0.40323	0.38012	0.01512	0.01923	0.01848	0.01406	0.01912	0.01204	0.01693	0.00959	0.00623	0.00655	0.00208	0.00831	0.00586	0.00309	0.00884
26	0.01427	0.21328	0.56465	0.01694	0.02568	0.01790	0.02115	0.02057	0.01377	0.01955	0.01117	0.01309	0.00837	0.00610	0.00576	0.00192	0.00908	0.00454	0.00279	0.00942
27	0.77219	0.01304	0.01022	0.00901	0.01315	0.01508	0.00742	0.05666	0.01228	0.03019	0.00953	0.01097	0.00735	0.00621	0.00421	0.00203	0.00521	0.00369	0.00421	0.00735
28	0.01581	0.01515	0.02586	0.12879	0.64293	0.01552	0.01997	0.01978	0.01476	0.02093	0.01230	0.01645	0.01022	0.00595	0.00653	0.00198	0.00794	0.00586	0.00322	0.01004
29	0.01471	0.01380	0.02285	0.31536	0.40424	0.01496	0.01849	0.04261	0.01484	0.02022	0.01471	0.01891	0.04233	0.00671	0.00660	0.00206	0.00797	0.00623	0.00338	0.00902
30	0.00895	0.00653	0.00843	0.00846	0.00981	0.00601	0.00622	0.01150	0.01691	0.02339	0.49858	0.20650	0.11270	0.01543	0.00795	0.00224	0.00337	0.03418	0.00687	0.00596
31	0.01419	0.19951	0.57770	0.01708	0.02590	0.01770	0.02140	0.02059	0.01378	0.01965	0.01122	0.01315	0.00836	0.00612	0.00580	0.00193	0.00913	0.00456	0.00279	0.00944
32	0.01440	0.01440	0.02016	0.01728	0.01728	0.02016	0.01440	0.01584	0.01008	0.01584	0.00864	0.01440	0.00864	0.01152	0.02160	0.00288	0.75659	0.00576	0.00288	0.00720
33	0.01041	0.00709	0.00904	0.00981	0.01082	0.00688	0.00683	0.07277	0.01451	0.04770	0.03403	0.66723	0.03954	0.01898	0.00817	0.00259	0.00420	0.01708	0.00624	0.00611
34	0.81514	0.01273	0.00968	0.00866	0.01273	0.01477	0.00713	0.01935	0.01120	0.02954	0.00917	0.01069	0.00713	0.00611	0.00407	0.00204	0.00509	0.00356	0.00407	0.00713
35	0.00859	0.00670	0.00779	0.00752	0.00939	0.00590	0.00564	0.01102	0.01692	0.02233	0.41330	0.05588	0.37546	0.01498	0.00777	0.00214	0.00321	0.01285	0.00671	0.00590
36	0.01600	0.01534	0.02619	0.09438	0.67589	0.01556	0.02006	0.01995	0.01485	0.02115	0.01233	0.01639	0.01030	0.00592	0.00652	0.00197	0.00789	0.00586	0.00323	0.01019
37	0.00909	0.00672	0.00849	0.00804	0.00970	0.00612	0.00603	0.01199	0.01810	0.02513	0.62725	0.05126	0.15975	0.01393	0.00777	0.00209	0.00314	0.01220	0.00708	0.00612
38	0.02529	0.01769	0.01882	0.01463	0.01972	0.04829	0.01200	0.54617	0.05980	0.14337	0.01760	0.01703	0.01225	0.00794	0.00657	0.00199	0.00710	0.00603	0.00669	0.01102
39	0.00858	0.00629	0.00805	0.00847	0.00960	0.00576	0.00602	0.01067	0.01562	0.02126	0.35067	0.35708	0.13375	0.01691	0.00804	0.00235	0.00344	0.01506	0.00662	0.00576
40	0.00822	0.00669	0.00728	0.00714	0.00916	0.00575	0.00535	0.01031	0.01605	0.02027	0.25663	0.05926	0.53340	0.01574	0.00778	0.00218	0.00327	0.01332	0.00644	0.00575
41	0.81514	0.01273	0.00968	0.00866	0.01273	0.01477	0.00713	0.01935	0.01120	0.02954	0.00917	0.01069	0.00713	0.00611	0.00407	0.00204	0.00509	0.00356	0.00407	0.00713
42	0.02441	0.01785	0.01910	0.01471	0.01980	0.01973	0.01213	0.67235	0.03013	0.04067	0.01608	0.01623	0.01147	0.00789	0.00649	0.00195	0.00704	0.00594	0.04508	0.01095
43	0.00816	0.00668	0.00719	0.00706	0.00912	0.00572	0.00530	0.01018	0.01589	0.01989	0.22738	0.05989	0.56289	0.01589	0.00778	0.00219	0.00328	0.01341	0.00639	0.00572
44	0.01746	0.74849	0.05735	0.01151	0.01728	0.02570	0.01169	0.01975	0.01339	0.01566	0.00924	0.01067	0.00844	0.00565	0.00429	0.00143	0.00713	0.00356	0.00281	0.00849
45	0.01111	0.00851	0.01067	0.01148	0.01332	0.00879	0.00945	0.01677	0.15005	0.02064	0.03633	0.15886	0.09640	0.01660	0.00842	0.00276	0.00535	0.40152	0.00620	0.00676
46	0.01227	0.00942	0.01261	0.03515	0.01464	0.00929	0.06391	0.03452	0.13020	0.07073	0.19925	0.15310	0.20188	0.01324	0.00755	0.00224	0.00472	0.01167	0.00629	0.00732
47	0.06625	0.01629	0.02483	0.03561	0.60201	0.04406	0.01852	0.07310	0.01613	0.02333	0.01236	0.01574	0.01021	0.00607	0.00635	0.00195	0.00777	0.00567	0.00357	0.01018
48	0.08183	0.01403	0.01534	0.01282	0.01660	0.01554	0.01026	0.30737	0.17130	0.06399	0.10169	0.07214	0.02121	0.01097	0.03135	0.00241	0.02771	0.00769	0.00632	0.00945
49	0.12356	0.01883	0.01791	0.01504	0.01830	0.18899	0.02844	0.19231	0.04875	0.05771	0.04022	0.01590	0.01199	0.00847	0.00970	0.00215	0.18289	0.00556	0.00466	0.00861

[dist]
# distance from previous block
# <min> <max>
0	23

[block]
# block no. 2 follows, 33 sequences, length 82
# corresponding to MSA columns:
# 139-220
name=unknown_C
#
# <colnr> <probs for GDERKNQSTAVLIFYWHMCP>
#	G	D	E	R	K	N	Q	S	T	A	V	L	I	F	Y	W	H	M	C	P
0	0.05854	0.07015	0.01650	0.01258	0.01646	0.08954	0.01014	0.27428	0.10525	0.04763	0.14362	0.04909	0.05934	0.00952	0.00657	0.00199	0.00626	0.00755	0.00599	0.00897
1	0.01587	0.48228	0.30968	0.01421	0.02146	0.02182	0.01640	0.02016	0.01358	0.01760	0.01020	0.01187	0.00841	0.00588	0.00502	0.00167	0.00810	0.00405	0.00280	0.00895
2	0.11895	0.01107	0.01291	0.02916	0.01491	0.01121	0.00871	0.15615	0.01953	0.17673	0.26398	0.02953	0.04577	0.01114	0.03191	0.00230	0.00541	0.00800	0.00652	0.03609
3	0.01500	0.01467	0.02328	0.35076	0.39531	0.05010	0.01900	0.01902	0.01437	0.01920	0.01198	0.01663	0.00961	0.00622	0.00652	0.00205	0.00843	0.00578	0.00312	0.00893
4	0.01714	0.01724	0.02590	0.03802	0.65553	0.08965	0.01944	0.02082	0.01536	0.02096	0.01216	0.01584	0.01023	0.00596	0.00646	0.00193	0.00823	0.00570	0.00327	0.01014
5	0.01648	0.01685	0.02131	0.29455	0.26576	0.15286	0.01710	0.04372	0.03398	0.01952	0.01329	0.01890	0.01105	0.00705	0.00656	0.00205	0.00877	0.03814	0.00350	0.00857
6	0.01926	0.01566	0.01700	0.01350	0.01828	0.06443	0.04179	0.23067	0.19021	0.06228	0.01772	0.01796	0.01328	0.00723	0.00611	0.00177	0.00638	0.00581	0.04402	0.20668
7	0.00994	0.00684	0.00865	0.00828	0.01000	0.00619	0.00618	0.01258	0.01744	0.05906	0.51155	0.12302	0.16665	0.01445	0.00778	0.00216	0.00334	0.01266	0.00699	0.00626
8	0.01608	0.51752	0.27628	0.01385	0.02090	0.02233	0.01577	0.02011	0.01356	0.01734	0.01007	0.01171	0.00841	0.00585	0.00493	0.00164	0.00797	0.00398	0.00280	0.00889
9	0.01609	0.01768	0.08522	0.02198	0.02790	0.01622	0.40828	0.02582	0.23638	0.04694	0.01788	0.01976	0.01326	0.00676	0.00727	0.00221	0.00895	0.00740	0.00451	0.00951
10	0.00956	0.00644	0.00745	0.00745	0.00754	0.00653	0.00432	0.00975	0.00965	0.01296	0.02050	0.04173	0.02335	0.71206	0.08928	0.00671	0.00727	0.00938	0.00395	0.00414
11	0.00799	0.00585	0.00752	0.00885	0.00947	0.00537	0.00597	0.00920	0.01291	0.01693	0.04015	0.67529	0.13010	0.02012	0.00832	0.00262	0.00376	0.01810	0.00611	0.00537
12	0.01501	0.00993	0.01063	0.00947	0.01207	0.01070	0.00739	0.14680	0.14125	0.02795	0.07645	0.02492	0.01993	0.01029	0.03916	0.00219	0.00489	0.00682	0.41633	0.00783
13	0.00919	0.00731	0.01131	0.01134	0.01258	0.00688	0.08236	0.01099	0.01315	0.01744	0.03401	0.54906	0.06269	0.05236	0.00952	0.00282	0.00496	0.09058	0.00571	0.00576
14	0.02422	0.01908	0.01924	0.01513	0.02012	0.07683	0.01234	0.59269	0.09073	0.03826	0.01634	0.01627	0.01177	0.00791	0.00654	0.00198	0.00743	0.00593	0.00634	0.01085
15	0.01529	0.03783	0.01487	0.01239	0.01517	0.00985	0.06364	0.01800	0.01358	0.19334	0.02079	0.02872	0.01779	0.03091	0.40035	0.00670	0.01257	0.07575	0.00488	0.00755
16	0.01760	0.77260	0.03450	0.01126	0.01690	0.02605	0.01126	0.01971	0.01338	0.01549	0.00915	0.01056	0.00845	0.00563	0.00422	0.00141	0.00704	0.00352	0.00282	0.00845
17	0.00811	0.00586	0.00768	0.00897	0.00954	0.00543	0.00606	0.00944	0.01320	0.01761	0.09197	0.67167	0.08040	0.01986	0.00832	0.00260	0.00374	0.01793	0.00620	0.00543
18	0.01294	0.00678	0.00685	0.00661	0.00834	0.00689	0.00502	0.05173	0.01471	0.02544	0.02118	0.02408	0.01657	0.00768	0.00471	0.00156	0.00329	0.00612	0.76309	0.00640
19	0.01486	0.01249	0.01451	0.01057	0.01616	0.01037	0.00851	0.08829	0.01533	0.02335	0.01203	0.01390	0.00986	0.00541	0.00561	0.00114	0.03032	0.00417	0.00415	0.69896
20	0.02169	0.01265	0.01702	0.01288	0.01781	0.01171	0.05151	0.07776	0.01704	0.33374	0.01806	0.01798	0.01263	0.00726	0.00765	0.00179	0.08206	0.00567	0.00583	0.26724
21	0.78863	0.01344	0.03364	0.00899	0.01325	0.01479	0.00770	0.01940	0.01129	0.02925	0.00925	0.01080	0.00717	0.00612	0.00415	0.00204	0.00525	0.00361	0.00403	0.00722
22	0.01306	0.05974	0.65106	0.01766	0.02659	0.01498	0.02241	0.02014	0.01425	0.02108	0.06774	0.01655	0.01257	0.00680	0.00630	0.00206	0.00911	0.00537	0.00313	0.00940
23	0.00801	0.00576	0.00760	0.00907	0.00952	0.00536	0.00607	0.00918	0.01269	0.01684	0.03743	0.73792	0.06923	0.02048	0.00838	0.00266	0.00380	0.01853	0.00611	0.00536
24	0.01521	0.01533	0.02490	0.01917	0.02365	0.07697	0.33163	0.07332	0.04988	0.02371	0.18622	0.02969	0.02527	0.00896	0.00758	0.00219	0.00825	0.06503	0.00492	0.00815
25	0.01431	0.01595	0.07635	0.01740	0.01817	0.01978	0.01518	0.01624	0.01038	0.01624	0.00889	0.01436	0.00862	0.01111	0.02040	0.00282	0.69784	0.00569	0.00287	0.00740
26	0.02449	0.01713	0.01869	0.01456	0.01963	0.01875	0.01195	0.55187	0.11096	0.11580	0.01823	0.01757	0.01281	0.00805	0.00660	0.00201	0.00682	0.00618	0.00677	0.01110
27	0.01487	0.01693	0.05820	0.02700	0.11949	0.01539	0.52253	0.01998	0.01561	0.02138	0.06341	0.02112	0.03761	0.00653	0.00756	0.00217	0.00983	0.00792	0.00366	0.00881
28	0.02423	0.02066	0.01914	0.01536	0.02013	0.16389	0.01238	0.51504	0.08490	0.03528	0.01559	0.01574	0.01139	0.00776	0.00647	0.00194	0.00800	0.00572	0.00596	0.01042
29	0.00953	0.00657	0.00813	0.00813	0.00846	0.00690	0.00518	0.01018	0.00986	0.01347	0.01987	0.03826	0.02184	0.56743	0.23186	0.00756	0.00953	0.00887	0.00386	0.00452
30	0.01559	0.07327	0.01815	0.01435	0.08943	0.02990	0.03382	0.07517	0.03859	0.02271	0.01243	0.01431	0.01016	0.00549	0.00532	0.00129	0.00593	0.00450	0.00403	0.52557
31	0.00957	0.00638	0.00718	0.00718	0.00718	0.00638	0.00399	0.00957	0.00957	0.01276	0.02074	0.04308	0.02393	0.76864	0.03351	0.00638	0.00638	0.00957	0.00399	0.00399
32	0.01665	0.01613	0.01469	0.01481	0.05313	0.23016	0.01094	0.04255	0.04030	0.06187	0.03946	0.17705	0.04042	0.01262	0.00853	0.00232	0.06974	0.13622	0.00505	0.00734
33	0.00957	0.00638	0.00718	0.00718	0.00718	0.00638	0.00399	0.00957	0.00957	0.01276	0.02074	0.04308	0.02393	0.76864	0.03351	0.00638	0.00638	0.00957	0.00399	0.00399
34	0.01587	0.01521	0.02596	0.11792	0.65335	0.01553	0.01999	0.01984	0.01479	0.02100	0.01231	0.01643	0.01025	0.00594	0.00652	0.00198	0.00792	0.00586	0.00322	0.01009
35	0.01809	0.72032	0.03338	0.01167	0.01714	0.07656	0.01137	0.02018	0.01375	0.01553	0.00922	0.01065	0.00845	0.00571	0.00434	0.00143	0.00738	0.00357	0.00286	0.00839
36	0.00874	0.00633	0.00828	0.00880	0.00986	0.00587	0.00634	0.01092	0.01563	0.02143	0.35454	0.36482	0.08453	0.01701	0.00812	0.00239	0.00359	0.05038	0.00663	0.00579
37	0.04886	0.02329	0.26767	0.01557	0.02213	0.07486	0.01580	0.23723	0.05390	0.12559	0.01550	0.01589	0.01091	0.00715	0.00628	0.00198	0.00800	0.00543	0.00503	0.03893
38	0.01599	0.01522	0.02587	0.03892	0.68994	0.01522	0.01970	0.01986	0.01500	0.02141	0.01357	0.01935	0.01188	0.00652	0.00665	0.00201	0.00773	0.04158	0.00341	0.01020
39	0.01291	0.01260	0.02276	0.58903	0.04194	0.01467	0.14090	0.01744	0.01368	0.01772	0.01304	0.02017	0.01032	0.00692	0.00691	0.00224	0.00907	0.03701	0.00314	0.00754
40	0.00973	0.00739	0.01063	0.01046	0.01138	0.00866	0.00794	0.01166	0.01039	0.01493	0.01757	0.02784	0.01714	0.15829	0.58971	0.00947	0.06021	0.00737	0.00356	0.00567
41	0.01320	0.03405	0.73453	0.01876	0.02849	0.01529	0.02432	0.02085	0.01390	0.02085	0.01181	0.01390	0.00834	0.00625	0.00625	0.00208	0.00973	0.00486	0.00278	0.00973
42	0.02530	0.01801	0.01949	0.01494	0.02020	0.01977	0.01234	0.66531	0.03023	0.08283	0.01641	0.01620	0.01150	0.00792	0.00659	0.00198	0.00715	0.00597	0.00668	0.01120
43	0.00940	0.00705	0.01058	0.01058	0.01176	0.00823	0.00823	0.01176	0.01058	0.01528	0.01763	0.02586	0.01646	0.04937	0.74255	0.01058	0.01763	0.00705	0.00353	0.00588
44	0.01282	0.01181	0.01930	0.49354	0.16263	0.01376	0.01681	0.01744	0.04724	0.01826	0.01566	0.09522	0.01392	0.00830	0.00683	0.00222	0.00786	0.02501	0.00357	0.00779
45	0.81514	0.01273	0.00968	0.00866	0.01273	0.01477	0.00713	0.01935	0.01120	0.02954	0.00917	0.01069	0.00713	0.00611	0.00407	0.00204	0.00509	0.00356	0.00407	0.00713
46	0.01598	0.01520	0.02521	0.09711	0.61536	0.01562	0.01928	0.02109	0.06995	0.02159	0.01346	0.01705	0.01105	0.00617	0.00654	0.00200	0.00769	0.00599	0.00350	0.01017
47	0.02459	0.03138	0.01866	0.01696	0.02035	0.74221	0.01272	0.02629	0.01866	0.01611	0.01018	0.01187	0.00848	0.00678	0.00594	0.00170	0.01187	0.00424	0.00339	0.00763
48	0.00915	0.00672	0.00856	0.00810	0.00973	0.00614	0.00608	0.01209	0.01823	0.02544	0.65094	0.05075	0.13587	0.01382	0.00777	0.00209	0.00313	0.01213	0.00712	0.00614
49	0.01821	0.67102	0.05646	0.01191	0.01764	0.02511	0.01183	0.08962	0.01518	0.01832	0.00992	0.01121	0.00872	0.00588	0.00453	0.00149	0.00715	0.00381	0.00320	0.00877
50	0.00926	0.00673	0.00873	0.00823	0.00980	0.00619	0.00617	0.01232	0.01851	0.02610	0.70153	0.04966	0.08487	0.01357	0.00777	0.00208	0.00311	0.01197	0.00721	0.00619
51	0.02096	0.01560	0.01632	0.01382	0.01781	0.07254	0.01120	0.33248	0.12583	0.10774	0.02224	0.07642	0.01892	0.01035	0.00704	0.00220	0.00673	0.10572	0.00641	0.00966
52	0.00942	0.00700	0.01032	0.01032	0.01140	0.00809	0.00790	0.01159	0.01050	0.01509	0.01788	0.02720	0.01704	0.10531	0.68741	0.01025	0.01676	0.00725	0.00356	0.00573
53	0.01049	0.00717	0.01040	0.01023	0.01152	0.00809	0.00786	0.01271	0.01103	0.04989	0.01840	0.02687	0.01700	0.09674	0.62919	0.00953	0.01571	0.00718	0.03400	0.00601
54	0.00978	0.00688	0.00868	0.00814	0.00993	0.00623	0.00613	0.01263	0.01804	0.05015	0.58979	0.05058	0.17077	0.01380	0.00773	0.00209	0.00323	0.01205	0.00709	0.00628
55	0.01629	0.01564	0.02672	0.04041	0.72757	0.01564	0.02020	0.02020	0.01499	0.02151	0.01238	0.01629	0.01043	0.00587	0.00652	0.00196	0.00782	0.00587	0.00326	0.01043
56	0.00932	0.00673	0.00880	0.00828	0.00984	0.00621	0.00621	0.01242	0.01863	0.02640	0.72410	0.04918	0.06212	0.01346	0.00776	0.00207	0.00311	0.01191	0.00725	0.00621
57	0.01669	0.01409	0.01495	0.01327	0.01700	0.01616	0.01037	0.08656	0.62561	0.02858	0.06216	0.02515	0.02158	0.00909	0.00675	0.00220	0.00526	0.00756	0.00672	0.01026
58	0.00940	0.00678	0.00894	0.00871	0.01021	0.00632	0.00666	0.01243	0.01806	0.02537	0.62913	0.07747	0.05898	0.01420	0.00792	0.00219	0.00343	0.08054	0.00709	0.00617
59	0.01130	0.00824	0.01145	0.01094	0.01307	0.00776	0.06213	0.01423	0.04634	0.07148	0.03984	0.19898	0.21662	0.07350	0.01007	0.00282	0.00523	0.18366	0.00590	0.00643
60	0.01264	0.01191	0.02011	0.71526	0.08131	0.01468	0.01838	0.01700	0.01326	0.01707	0.01174	0.01749	0.00886	0.00654	0.00658	0.00218	0.00873	0.00585	0.00294	0.00748
61	0.01597	0.01531	0.02614	0.09989	0.67061	0.01556	0.02004	0.01992	0.01484	0.02112	0.01233	0.01640	0.01029	0.00593	0.00652	0.00198	0.00790	0.00586	0.00323	0.01017
62	0.15667	0.01719	0.01773	0.01394	0.01890	0.01919	0.01147	0.54454	0.07483	0.03853	0.01545	0.01555	0.01113	0.00767	0.00617	0.00200	0.00674	0.00564	0.00617	0.01046
63	0.01978	0.01313	0.01478	0.01276	0.01682	0.01424	0.01007	0.03351	0.50491	0.22179	0.02762	0.02499	0.03757	0.00892	0.00671	0.00218	0.00527	0.00739	0.00708	0.01051
64	0.01760	0.77260	0.03450	0.01126	0.01690	0.02605	0.01126	0.01971	0.01338	0.01549	0.00915	0.01056	0.00845	0.00563	0.00422	0.00141	0.00704	0.00352	0.00282	0.00845
65	0.00785	0.00667	0.00677	0.00675	0.00894	0.00559	0.00506	0.00959	0.01518	0.01820	0.09827	0.06268	0.69306	0.01652	0.00778	0.00222	0.00332	0.01380	0.00617	0.00559
66	0.01927	0.01368	0.01538	0.01245	0.01631	0.01460	0.01002	0.38404	0.06819	0.07465	0.26424	0.02837	0.02980	0.00992	0.00701	0.00203	0.00558	0.00815	0.00691	0.00941
67	0.01629	0.01564	0.02672	0.04041	0.72757	0.01564	0.02020	0.02020	0.01499	0.02151	0.01238	0.01629	0.01043	0.00587	0.00652	0.00196	0.00782	0.00587	0.00326	0.01043
68	0.01275	0.00936	0.01160	0.01165	0.03950	0.00978	0.00854	0.01748	0.13608	0.09338	0.05505	0.22471	0.20579	0.01452	0.00905	0.00241	0.08077	0.04423	0.00602	0.00732
69	0.01629	0.01564	0.02672	0.04041	0.72757	0.01564	0.02020	0.02020	0.01499	0.02151	0.01238	0.01629	0.01043	0.00587	0.00652	0.00196	0.00782	0.00587	0.00326	0.01043
70	0.01506	0.01429	0.02385	0.22779	0.49049	0.01484	0.01873	0.01902	0.01440	0.02025	0.01215	0.01642	0.00994	0.00598	0.00641	0.00194	0.00785	0.00571	0.00322	0.07168
71	0.00946	0.00634	0.00721	0.00732	0.00735	0.00631	0.00414	0.00954	0.00979	0.01305	0.02184	0.09399	0.02532	0.71584	0.03174	0.00612	0.00620	0.01022	0.00414	0.00408
72	0.01144	0.00572	0.00858	0.00858	0.00858	0.00572	0.00572	0.00858	0.00858	0.01144	0.01144	0.02001	0.01144	0.02287	0.02573	0.80846	0.00572	0.00572	0.00286	0.00286
73	0.01035	0.00652	0.00787	0.00753	0.00908	0.00619	0.00565	0.01344	0.01695	0.02575	0.47890	0.04058	0.04633	0.01144	0.00666	0.00188	0.00309	0.00989	0.28571	0.00619
74	0.01103	0.00931	0.01169	0.01142	0.01247	0.06158	0.00877	0.01270	0.01116	0.01525	0.01758	0.09818	0.01744	0.03743	0.48479	0.07111	0.09079	0.00780	0.00366	0.00585
75	0.00846	0.00637	0.00884	0.08483	0.01317	0.00630	0.00731	0.00996	0.01275	0.01684	0.03487	0.66326	0.06431	0.01905	0.00820	0.00261	0.00431	0.01723	0.00579	0.00555
76	0.00941	0.00703	0.01046	0.01046	0.01160	0.00817	0.00808	0.01168	0.01055	0.01520	0.01774	0.02646	0.01672	0.07421	0.71806	0.01044	0.01725	0.00714	0.00354	0.00581
77	0.08460	0.02412	0.01901	0.01997	0.14710	0.43378	0.01332	0.06968	0.01779	0.04460	0.01232	0.04036	0.01045	0.00731	0.00647	0.00187	0.02975	0.00524	0.00388	0.00837
78	0.01933	0.26094	0.02481	0.07142	0.07676	0.14560	0.03749	0.14466	0.09634	0.02252	0.01316	0.01461	0.01052	0.00667	0.00572	0.00177	0.00799	0.00503	0.00411	0.03056
79	0.01207	0.14799	0.08820	0.01071	0.01417	0.01104	0.03414	0.01487	0.01515	0.06042	0.17093	0.16259	0.18401	0.01282	0.00707	0.00213	0.00520	0.03401	0.00542	0.00706
80	0.01842	0.01523	0.05482	0.01594	0.09921	0.01430	0.01196	0.22849	0.11488	0.07712	0.03734	0.02132	0.03800	0.00781	0.00633	0.00183	0.00622	0.02887	0.00548	0.19641
81	0.07895	0.01403	0.07864	0.01584	0.11674	0.02707	0.01160	0.04497	0.11837	0.11375	0.04568	0.13891	0.01985	0.00954	0.00651	0.00203	0.00591	0.02484	0.00529	0.12147

[dist]
# distance from previous block
# <min> <max>
0	55

[block]
# block no. 3 follows, 33 sequences, length 68
# corresponding to MSA columns:
# 276-343
name=unknown_D
#
# <colnr> <probs for GDERKNQSTAVLIFYWHMCP>
#	G	D	E	R	K	N	Q	S	T	A	V	L	I	F	Y	W	H	M	C	P
0	0.16939	0.09607	0.04210	0.01478	0.08924	0.05323	0.01103	0.08189	0.01505	0.04251	0.05270	0.12503	0.03978	0.00968	0.00785	0.00209	0.09414	0.00740	0.00449	0.04154
1	0.01894	0.03976	0.05702	0.01535	0.06417	0.13468	0.03355	0.12409	0.10680	0.11619	0.04654	0.09397	0.04595	0.00911	0.00659	0.00198	0.00702	0.00751	0.00540	0.06537
2	0.11129	0.04215	0.06715	0.12149	0.02246	0.11710	0.01262	0.15822	0.09160	0.10393	0.01509	0.01609	0.01108	0.00704	0.00598	0.00191	0.00744	0.00532	0.00489	0.07715
3	0.02059	0.14570	0.04300	0.01622	0.08799	0.25962	0.01218	0.07539	0.03659	0.11351	0.07141	0.01994	0.05462	0.00788	0.00612	0.00183	0.00809	0.00596	0.00467	0.00870
4	0.05782	0.18865	0.34717	0.01478	0.04395	0.01548	0.01601	0.01819	0.01407	0.02028	0.10091	0.05154	0.04029	0.03579	0.00701	0.00211	0.00743	0.00643	0.00371	0.00837
5	0.08941	0.04147	0.05473	0.03534	0.06579	0.06924	0.01150	0.14528	0.06435	0.12115	0.01499	0.01574	0.01115	0.00660	0.00576	0.00170	0.00661	0.00509	0.00495	0.22915
6	0.01603	0.01540	0.02634	0.03847	0.66462	0.01553	0.03879	0.01989	0.01487	0.02128	0.01306	0.01822	0.01128	0.00643	0.00706	0.00202	0.02868	0.02856	0.00334	0.01015
7	0.01494	0.01191	0.01396	0.01005	0.01584	0.00924	0.00807	0.04212	0.01456	0.06164	0.01264	0.01421	0.01017	0.00517	0.00503	0.00107	0.00500	0.00412	0.00423	0.73601
8	0.00906	0.00670	0.00834	0.00794	0.00953	0.00610	0.00588	0.01175	0.01751	0.02415	0.57048	0.05137	0.17770	0.05374	0.00912	0.00232	0.00332	0.01214	0.00687	0.00598
9	0.01544	0.01477	0.02517	0.19841	0.57626	0.01542	0.01978	0.01945	0.01458	0.02047	0.01223	0.01657	0.01006	0.00602	0.00653	0.00201	0.00803	0.00586	0.00318	0.00974
10	0.00836	0.00619	0.00830	0.00959	0.00996	0.00613	0.00655	0.00952	0.01247	0.01675	0.03483	0.72490	0.04171	0.02015	0.00910	0.00268	0.04341	0.01803	0.00594	0.00544
11	0.01785	0.74605	0.03393	0.01147	0.01702	0.05170	0.01132	0.01995	0.01357	0.01551	0.00919	0.01061	0.00845	0.00567	0.00429	0.00142	0.00721	0.00355	0.00284	0.00842
12	0.00778	0.00667	0.00667	0.00667	0.00889	0.00556	0.00500	0.00945	0.01501	0.01778	0.06669	0.06336	0.72490	0.01667	0.00778	0.00222	0.00333	0.01389	0.00611	0.00556
13	0.81514	0.01273	0.00968	0.00866	0.01273	0.01477	0.00713	0.01935	0.01120	0.02954	0.00917	0.01069	0.00713	0.00611	0.00407	0.00204	0.00509	0.00356	0.00407	0.00713
14	0.00778	0.00667	0.00667	0.00667	0.00889	0.00556	0.00500	0.00945	0.01501	0.01778	0.06669	0.06336	0.72490	0.01667	0.00778	0.00222	0.00333	0.01389	0.00611	0.00556
15	0.01351	0.08508	0.68617	0.01825	0.02769	0.01603	0.02342	0.02077	0.01386	0.02048	0.01163	0.01367	0.00835	0.00621	0.00611	0.00204	0.00954	0.00477	0.00278	0.00964
16	0.02459	0.03138	0.01866	0.01696	0.02035	0.74221	0.01272	0.02629	0.01866	0.01611	0.01018	0.01187	0.00848	0.00678	0.00594	0.00170	0.01187	0.00424	0.00339	0.00763
17	0.01227	0.00614	0.00614	0.00614	0.00767	0.00614	0.00460	0.01534	0.01381	0.02454	0.02148	0.02454	0.01687	0.00767	0.00460	0.00153	0.00307	0.00614	0.80518	0.00614
18	0.00802	0.00573	0.00764	0.00917	0.00955	0.00535	0.00611	0.00917	0.01260	0.01681	0.03628	0.76434	0.04354	0.02062	0.00840	0.00267	0.00382	0.01872	0.00611	0.00535
19	0.01440	0.01440	0.02016	0.01728	0.01728	0.02016	0.01440	0.01584	0.01008	0.01584	0.00864	0.01440	0.00864	0.01152	0.02160	0.00288	0.75659	0.00576	0.00288	0.00720
20	0.00779	0.00662	0.00672	0.00680	0.00893	0.00555	0.00506	0.00943	0.01488	0.01773	0.06509	0.10022	0.68907	0.01688	0.00781	0.00225	0.00336	0.01415	0.00611	0.00555
21	0.01320	0.03405	0.73453	0.01876	0.02849	0.01529	0.02432	0.02085	0.01390	0.02085	0.01181	0.01390	0.00834	0.00625	0.00625	0.00208	0.00973	0.00486	0.00278	0.00973
22	0.00957	0.00638	0.00718	0.00718	0.00718	0.00638	0.00399	0.00957	0.00957	0.01276	0.02074	0.04308	0.02393	0.76864	0.03351	0.00638	0.00638	0.00957	0.00399	0.00399
23	0.01320	0.03405	0.73453	0.01876	0.02849	0.01529	0.02432	0.02085	0.01390	0.02085	0.01181	0.01390	0.00834	0.00625	0.00625	0.00208	0.00973	0.00486	0.00278	0.00973
24	0.00944	0.00691	0.00986	0.00986	0.01079	0.00784	0.00733	0.01129	0.01037	0.01475	0.01829	0.02950	0.01804	0.20126	0.59283	0.00969	0.01526	0.00759	0.00362	0.00548
25	0.05012	0.01618	0.01782	0.01387	0.01877	0.01744	0.01139	0.50908	0.04809	0.14852	0.06645	0.01925	0.01565	0.00830	0.00659	0.00200	0.00657	0.00642	0.00680	0.01070
26	0.01629	0.01564	0.02672	0.04041	0.72757	0.01564	0.02020	0.02020	0.01499	0.02151	0.01238	0.01629	0.01043	0.00587	0.00652	0.00196	0.00782	0.00587	0.00326	0.01043
27	0.02481	0.01706	0.01817	0.01414	0.01922	0.05743	0.01156	0.45519	0.06280	0.17918	0.01791	0.01727	0.01247	0.00777	0.00646	0.00193	0.00692	0.00594	0.00658	0.05719
28	0.01555	0.01695	0.05909	0.08733	0.09376	0.01585	0.48985	0.02056	0.01517	0.04916	0.01500	0.01891	0.03152	0.00633	0.00792	0.00220	0.03504	0.00741	0.00353	0.00885
29	0.00960	0.00716	0.01025	0.01015	0.01107	0.00826	0.00763	0.01148	0.01037	0.01483	0.01793	0.02874	0.01762	0.18385	0.58558	0.00954	0.03930	0.00749	0.00359	0.00556
30	0.06755	0.01721	0.01805	0.01437	0.01910	0.04215	0.01172	0.46897	0.13903	0.08791	0.01760	0.01726	0.01263	0.00805	0.00684	0.00204	0.02648	0.00603	0.00638	0.01062
31	0.00801	0.00576	0.00761	0.00909	0.00953	0.00535	0.00608	0.00918	0.01268	0.01684	0.03725	0.74201	0.06525	0.02050	0.00838	0.00266	0.00380	0.01856	0.00611	0.00535
32	0.01664	0.01630	0.02638	0.03942	0.69788	0.04615	0.01989	0.02046	0.01514	0.02128	0.01229	0.01611	0.01035	0.00590	0.00649	0.00194	0.00799	0.00580	0.00326	0.01031
33	0.01619	0.53580	0.25894	0.01367	0.02061	0.02260	0.01545	0.02008	0.01354	0.01721	0.01001	0.01163	0.00841	0.00583	0.00488	0.00163	0.00790	0.00395	0.00280	0.00886
34	0.00932	0.00673	0.00880	0.00828	0.00984	0.00621	0.00621	0.01242	0.01863	0.02640	0.72410	0.04918	0.06212	0.01346	0.00776	0.00207	0.00311	0.01191	0.00725	0.00621
35	0.00783	0.00667	0.00674	0.00672	0.00892	0.00558	0.00504	0.00955	0.01513	0.01807	0.08842	0.06289	0.70300	0.01657	0.00778	0.00222	0.00333	0.01383	0.00615	0.00558
36	0.00936	0.00676	0.00886	0.00840	0.00995	0.00625	0.00635	0.01246	0.01853	0.02619	0.70292	0.04995	0.06137	0.01360	0.00781	0.00210	0.00320	0.03253	0.00721	0.00621
37	0.81514	0.01273	0.00968	0.00866	0.01273	0.01477	0.00713	0.01935	0.01120	0.02954	0.00917	0.01069	0.00713	0.00611	0.00407	0.00204	0.00509	0.00356	0.00407	0.00713
38	0.01243	0.01170	0.01975	0.75282	0.04534	0.01463	0.01828	0.01682	0.01316	0.01682	0.01170	0.01755	0.00878	0.00658	0.00658	0.00219	0.00878	0.00585	0.00293	0.00731
39	0.00778	0.00667	0.00667	0.00667	0.00889	0.00556	0.00500	0.00945	0.01501	0.01778	0.06669	0.06336	0.72490	0.01667	0.00778	0.00222	0.00333	0.01389	0.00611	0.00556
40	0.00940	0.00705	0.01058	0.01058	0.01176	0.00823	0.00823	0.01176	0.01058	0.01528	0.01763	0.02586	0.01646	0.04937	0.74255	0.01058	0.01763	0.00705	0.00353	0.00588
41	0.00957	0.00638	0.00718	0.00718	0.00718	0.00638	0.00399	0.00957	0.00957	0.01276	0.02074	0.04308	0.02393	0.76864	0.03351	0.00638	0.00638	0.00957	0.00399	0.00399
42	0.00802	0.00573	0.00764	0.00917	0.00955	0.00535	0.00611	0.00917	0.01260	0.01681	0.03628	0.76434	0.04354	0.02062	0.00840	0.00267	0.00382	0.01872	0.00611	0.00535
43	0.00802	0.00573	0.00764	0.00917	0.00955	0.00535	0.00611	0.00917	0.01260	0.01681	0.03628	0.76434	0.04354	0.02062	0.00840	0.00267	0.00382	0.01872	0.00611	0.00535
44	0.01734	0.01462	0.01543	0.01359	0.01749	0.01682	0.01065	0.10965	0.63944	0.02909	0.02557	0.02359	0.01911	0.00882	0.00669	0.00220	0.00544	0.00727	0.00669	0.01051
45	0.01243	0.01170	0.01975	0.75282	0.04534	0.01463	0.01828	0.01682	0.01316	0.01682	0.01170	0.01755	0.00878	0.00658	0.00658	0.00219	0.00878	0.00585	0.00293	0.00731
46	0.00802	0.00573	0.00764	0.00917	0.00955	0.00535	0.00611	0.00917	0.01260	0.01681	0.03628	0.76434	0.04354	0.02062	0.00840	0.00267	0.00382	0.01872	0.00611	0.00535
47	0.01557	0.01491	0.02542	0.17321	0.60040	0.01545	0.01985	0.01957	0.01465	0.02063	0.01226	0.01653	0.01012	0.00600	0.00653	0.00200	0.00800	0.00586	0.00320	0.00985
48	0.00849	0.00670	0.00765	0.00741	0.00933	0.00586	0.00556	0.01082	0.01668	0.02176	0.36992	0.05682	0.41919	0.01519	0.00777	0.00215	0.00323	0.01298	0.00664	0.00586
49	0.01592	0.01526	0.02604	0.10989	0.66104	0.01554	0.02002	0.01987	0.01481	0.02105	0.01232	0.01642	0.01027	0.00594	0.00652	0.00198	0.00791	0.00586	0.00323	0.01012
50	0.01406	0.01390	0.01950	0.01682	0.01690	0.01934	0.01398	0.01556	0.01012	0.01580	0.00926	0.01519	0.00918	0.01414	0.07141	0.00341	0.70554	0.00585	0.00293	0.00711
51	0.01061	0.00758	0.01061	0.01212	0.01364	0.00758	0.01061	0.01364	0.01515	0.01970	0.03486	0.07426	0.03789	0.01819	0.00909	0.00303	0.00606	0.68326	0.00606	0.00606
52	0.01320	0.03405	0.73453	0.01876	0.02849	0.01529	0.02432	0.02085	0.01390	0.02085	0.01181	0.01390	0.00834	0.00625	0.00625	0.00208	0.00973	0.00486	0.00278	0.00973
53	0.00804	0.00590	0.00755	0.00878	0.00947	0.00541	0.00596	0.00934	0.01319	0.01733	0.06831	0.63673	0.14030	0.01978	0.00829	0.00259	0.00372	0.01776	0.00616	0.00541
54	0.02503	0.01844	0.01976	0.01515	0.02042	0.02042	0.01251	0.70562	0.03095	0.04149	0.01581	0.01581	0.01120	0.00790	0.00659	0.00198	0.00724	0.00593	0.00659	0.01120
55	0.00816	0.00593	0.00770	0.00884	0.00953	0.00547	0.00603	0.00959	0.01355	0.01806	0.12294	0.61526	0.10584	0.01940	0.00827	0.00256	0.00369	0.01746	0.00625	0.00547
56	0.00794	0.00668	0.00692	0.00706	0.00917	0.00565	0.00534	0.00966	0.01491	0.01784	0.06374	0.09336	0.66017	0.01692	0.00788	0.00228	0.00350	0.04930	0.00611	0.00558
57	0.01636	0.01444	0.01721	0.01870	0.15652	0.01623	0.01234	0.03208	0.57819	0.02636	0.02397	0.02294	0.01820	0.00833	0.00666	0.00218	0.00572	0.00713	0.00602	0.01042
58	0.01243	0.01170	0.01975	0.75282	0.04534	0.01463	0.01828	0.01682	0.01316	0.01682	0.01170	0.01755	0.00878	0.00658	0.00658	0.00219	0.00878	0.00585	0.00293	0.00731
59	0.01320	0.03405	0.73453	0.01876	0.02849	0.01529	0.02432	0.02085	0.01390	0.02085	0.01181	0.01390	0.00834	0.00625	0.00625	0.00208	0.00973	0.00486	0.00278	0.00973
60	0.02118	0.01653	0.01759	0.01437	0.01895	0.01862	0.01158	0.40735	0.33548	0.03529	0.02069	0.01970	0.01515	0.00836	0.00664	0.00209	0.00634	0.00660	0.00664	0.01085
61	0.02091	0.01357	0.01464	0.01173	0.01567	0.01459	0.00952	0.41211	0.02402	0.08866	0.01857	0.01937	0.01358	0.00784	0.00589	0.00183	0.00566	0.00605	0.28636	0.00942
62	0.77031	0.01234	0.00956	0.00869	0.01255	0.01425	0.00707	0.01879	0.01128	0.02883	0.01067	0.05255	0.00915	0.00692	0.00431	0.00207	0.00502	0.00441	0.00419	0.00703
63	0.00980	0.00771	0.00995	0.01046	0.01140	0.00820	0.00772	0.01298	0.07790	0.01902	0.10878	0.45632	0.06421	0.01747	0.00959	0.00260	0.08259	0.07119	0.00595	0.00617
64	0.01512	0.02267	0.27707	0.02532	0.16573	0.01655	0.22108	0.04781	0.01482	0.02128	0.01215	0.01564	0.00938	0.00667	0.00861	0.00219	0.09928	0.00606	0.00320	0.00937
65	0.05940	0.01304	0.01638	0.01239	0.01771	0.01176	0.07739	0.06682	0.12288	0.02405	0.01497	0.03541	0.01221	0.00625	0.00561	0.00146	0.00569	0.00534	0.00453	0.48671
66	0.05299	0.02251	0.01885	0.01669	0.05894	0.30123	0.01253	0.33008	0.02370	0.05745	0.03369	0.01532	0.01159	0.00745	0.00627	0.00187	0.00882	0.00538	0.00514	0.00947
67	0.02148	0.02477	0.02588	0.02048	0.02528	0.38565	0.25464	0.12092	0.01931	0.02146	0.01208	0.01449	0.00939	0.00651	0.00667	0.00192	0.01094	0.00572	0.00382	0.00857

[dist]
# distance from previous block
# <min> <max>
0	1

[block]
# block no. 4 follows, 33 sequences, length 72
# corresponding to MSA columns:
# 345-416
name=unknown_E
#
# <colnr> <probs for GDERKNQSTAVLIFYWHMCP>
#	G	D	E	R	K	N	Q	S	T	A	V	L	I	F	Y	W	H	M	C	P
0	0.00877	0.00647	0.00831	0.00957	0.01037	0.00625	0.00675	0.01118	0.05558	0.01779	0.03727	0.61277	0.07965	0.01946	0.00833	0.00266	0.00410	0.08283	0.00614	0.00574
1	0.01486	0.01125	0.01231	0.01077	0.01380	0.01184	0.00840	0.22360	0.13004	0.02810	0.14241	0.11636	0.17669	0.01221	0.00713	0.00213	0.00481	0.01024	0.05493	0.00813
2	0.01760	0.77260	0.03450	0.01126	0.01690	0.02605	0.01126	0.01971	0.01338	0.01549	0.00915	0.01056	0.00845	0.00563	0.00422	0.00141	0.00704	0.00352	0.00282	0.00845
3	0.02240	0.01793	0.01823	0.01473	0.01942	0.06292	0.01190	0.46302	0.23589	0.03576	0.01877	0.01820	0.01370	0.00814	0.00658	0.00204	0.00691	0.00628	0.00643	0.01075
4	0.01637	0.01414	0.01489	0.01340	0.01712	0.01637	0.01042	0.03498	0.71568	0.02754	0.02679	0.02456	0.02010	0.00893	0.00670	0.00223	0.00521	0.00744	0.00670	0.01042
5	0.02595	0.01392	0.01664	0.01294	0.01783	0.01401	0.01062	0.29471	0.05828	0.38598	0.06234	0.02148	0.01713	0.00840	0.00668	0.00202	0.00608	0.00670	0.00741	0.01087
6	0.00793	0.00667	0.00688	0.00683	0.00898	0.00562	0.00512	0.00974	0.01536	0.01862	0.13073	0.06197	0.66034	0.01636	0.00778	0.00221	0.00331	0.01370	0.00622	0.00562
7	0.01243	0.01170	0.01975	0.75282	0.04534	0.01463	0.01828	0.01682	0.01316	0.01682	0.01170	0.01755	0.00878	0.00658	0.00658	0.00219	0.00878	0.00585	0.00293	0.00731
8	0.00943	0.00696	0.01011	0.01011	0.01112	0.00797	0.00764	0.01145	0.01044	0.01493	0.01807	0.02826	0.01750	0.14940	0.64394	0.01000	0.01607	0.00740	0.00359	0.00562
9	0.04745	0.03314	0.70358	0.01833	0.02782	0.01527	0.02359	0.02078	0.01378	0.02122	0.01170	0.01376	0.00829	0.00625	0.00616	0.00208	0.00953	0.00481	0.00284	0.00962
