[name]
unknown

[dist]
# distance from previous block
# <min> <max>
37	161

[block]
# block no. 0 follows, 31 sequences, length 14
# corresponding to MSA columns:
# 251-264
name=unknown_A
#
# <colnr> <probs for GDERKNQSTAVLIFYWHMCP>
#	G	D	E	R	K	N	Q	S	T	A	V	L	I	F	Y	W	H	M	C	P
0	0.01342	0.01021	0.01108	0.01072	0.01287	0.07785	0.00787	0.01536	0.01499	0.09123	0.09239	0.36238	0.03358	0.03365	0.05416	0.00294	0.00609	0.03220	0.00588	0.11114
1	0.01549	0.01479	0.01683	0.01270	0.01795	0.08143	0.04700	0.01839	0.01442	0.02113	0.01177	0.01432	0.00990	0.00601	0.00713	0.00136	0.08239	0.00451	0.00386	0.59861
2	0.01618	0.01461	0.01548	0.01221	0.01674	0.08206	0.00969	0.09796	0.01672	0.02369	0.05799	0.05752	0.01545	0.00781	0.00756	0.00158	0.08215	0.00591	0.00457	0.45412
3	0.01586	0.01374	0.01495	0.08684	0.01942	0.08109	0.01013	0.06164	0.05202	0.05128	0.01795	0.11591	0.01653	0.00866	0.00628	0.00171	0.00630	0.03043	0.00479	0.38448
4	0.48093	0.01732	0.01360	0.04055	0.01663	0.17359	0.00987	0.02085	0.01372	0.02547	0.04661	0.01415	0.01094	0.00750	0.00684	0.00214	0.08312	0.00464	0.00408	0.00749
5	0.01415	0.01335	0.01320	0.01429	0.05887	0.15337	0.01037	0.03386	0.01591	0.01953	0.04134	0.21301	0.03013	0.06052	0.00967	0.00276	0.00700	0.23278	0.00536	0.05056
6	0.09625	0.01282	0.01576	0.01335	0.01692	0.04497	0.07337	0.09330	0.08731	0.09233	0.04633	0.05034	0.03259	0.06181	0.12648	0.00389	0.00862	0.05972	0.00538	0.05848
7	0.01049	0.00800	0.01118	0.01103	0.01242	0.00924	0.00846	0.01441	0.07869	0.01694	0.01948	0.02801	0.01802	0.09748	0.61204	0.00984	0.01623	0.00756	0.00402	0.00643
8	0.08102	0.01554	0.01441	0.01330	0.01668	0.13338	0.01068	0.09251	0.19980	0.02544	0.05309	0.03647	0.05157	0.01132	0.00723	0.00232	0.00682	0.17517	0.00584	0.04739
9	0.13930	0.01975	0.02078	0.01656	0.02140	0.21365	0.13334	0.11545	0.01942	0.18367	0.04044	0.01767	0.01309	0.00744	0.00655	0.00205	0.00871	0.00604	0.00533	0.00937
10	0.05109	0.01809	0.01893	0.01510	0.01977	0.20710	0.10105	0.02301	0.01683	0.14379	0.05195	0.04461	0.01498	0.00761	0.00685	0.00181	0.02974	0.00622	0.00485	0.21661
11	0.03802	0.01529	0.01833	0.01456	0.01919	0.10416	0.11837	0.04507	0.07500	0.05038	0.01791	0.09168	0.01618	0.04238	0.00781	0.00203	0.00719	0.02738	0.00472	0.28435
12	0.07616	0.01504	0.01444	0.01227	0.01635	0.15444	0.02570	0.02045	0.01631	0.11982	0.06146	0.07355	0.05106	0.00961	0.00655	0.00189	0.00668	0.07507	0.00525	0.23790
13	0.14178	0.01465	0.01448	0.01314	0.04793	0.11531	0.00997	0.03322	0.01556	0.08912	0.01734	0.04621	0.01555	0.00967	0.02588	0.00209	0.00691	0.09777	0.00482	0.27860

[dist]
# distance from previous block
# <min> <max>
10	51

[block]
# block no. 1 follows, 31 sequences, length 39
# corresponding to MSA columns:
# 319-357
name=unknown_B
#
# <colnr> <probs for GDERKNQSTAVLIFYWHMCP>
#	G	D	E	R	K	N	Q	S	T	A	V	L	I	F	Y	W	H	M	C	P
0	0.01773	0.04574	0.04749	0.07491	0.02343	0.05904	0.15620	0.02223	0.04754	0.13494	0.08516	0.02084	0.01691	0.00720	0.00663	0.00185	0.00747	0.00657	0.00491	0.21320
1	0.01606	0.04223	0.06363	0.05432	0.02135	0.04056	0.14048	0.01950	0.01525	0.10005	0.08406	0.02309	0.01763	0.08943	0.01030	0.00238	0.03744	0.00685	0.00456	0.21083
2	0.04907	0.06600	0.02425	0.09926	0.10432	0.04423	0.15932	0.07922	0.04217	0.04529	0.07712	0.01975	0.01550	0.00755	0.00787	0.00207	0.06109	0.00665	0.00438	0.08488
3	0.04956	0.02576	0.33070	0.04475	0.07397	0.04937	0.11106	0.16558	0.01860	0.02624	0.01388	0.03446	0.01059	0.00715	0.00677	0.00215	0.00933	0.00609	0.00403	0.00996
4	0.01721	0.07837	0.34872	0.02091	0.02873	0.08762	0.20766	0.06700	0.01670	0.04410	0.01309	0.01552	0.00962	0.00648	0.00680	0.00211	0.01023	0.00587	0.00355	0.00971
5	0.01675	0.01670	0.03014	0.02464	0.09987	0.05932	0.39392	0.04487	0.01661	0.06089	0.04279	0.02206	0.04110	0.01166	0.08375	0.00313	0.01086	0.00784	0.00414	0.00897
6	0.00999	0.00742	0.00936	0.00880	0.01058	0.00700	0.00662	0.01402	0.05737	0.02693	0.63386	0.05062	0.10363	0.01394	0.00801	0.00217	0.00336	0.01225	0.00742	0.00666
7	0.02556	0.03261	0.01939	0.01763	0.02115	0.73210	0.01322	0.02732	0.01939	0.01674	0.01058	0.01234	0.00881	0.00705	0.00617	0.00176	0.01234	0.00441	0.00353	0.00793
8	0.80789	0.01323	0.01006	0.00900	0.01323	0.01535	0.00741	0.02011	0.01164	0.03070	0.00953	0.01111	0.00741	0.00635	0.00423	0.00212	0.00529	0.00370	0.00423	0.00741
9	0.80789	0.01323	0.01006	0.00900	0.01323	0.01535	0.00741	0.02011	0.01164	0.03070	0.00953	0.01111	0.00741	0.00635	0.00423	0.00212	0.00529	0.00370	0.00423	0.00741
10	0.00968	0.00699	0.00914	0.00861	0.01022	0.00646	0.00646	0.01291	0.01937	0.02743	0.71328	0.05110	0.06455	0.01399	0.00807	0.00215	0.00323	0.01237	0.00753	0.00646
11	0.02274	0.02032	0.01884	0.11759	0.02354	0.19898	0.01309	0.36313	0.02457	0.03109	0.01492	0.01654	0.01115	0.00770	0.00647	0.00197	0.00854	0.00573	0.08346	0.00961
12	0.01491	0.05629	0.36352	0.02210	0.03010	0.01675	0.27435	0.02120	0.01485	0.02131	0.01258	0.01583	0.00941	0.00639	0.00773	0.00217	0.04743	0.00613	0.00318	0.05376
13	0.01236	0.01132	0.01067	0.01001	0.01161	0.12485	0.00726	0.01454	0.01694	0.02187	0.39240	0.04349	0.09250	0.16282	0.01357	0.00303	0.02803	0.01054	0.00598	0.00621
14	0.00834	0.00595	0.00794	0.00953	0.00992	0.00556	0.00635	0.00953	0.01310	0.01746	0.03771	0.75510	0.04525	0.02143	0.00873	0.00278	0.00397	0.01945	0.00635	0.00556
15	0.01829	0.76368	0.03585	0.01171	0.01756	0.02707	0.01171	0.02049	0.01390	0.01610	0.00951	0.01097	0.00878	0.00585	0.00439	0.00146	0.00732	0.00366	0.00293	0.00878
16	0.00977	0.00733	0.01100	0.01100	0.01222	0.00855	0.00855	0.01222	0.01100	0.01588	0.01833	0.02688	0.01710	0.05131	0.73245	0.01100	0.01833	0.00733	0.00367	0.00611
17	0.01841	0.57559	0.13637	0.01351	0.01974	0.10239	0.01389	0.02141	0.01458	0.01699	0.01004	0.01164	0.00877	0.00608	0.00490	0.00160	0.00828	0.00395	0.00299	0.00888
18	0.00832	0.00631	0.00768	0.00866	0.00972	0.00567	0.00599	0.00979	0.01420	0.01829	0.08174	0.50273	0.25666	0.01977	0.00850	0.00260	0.00377	0.01752	0.00641	0.00567
19	0.01900	0.30798	0.16011	0.01627	0.04112	0.09366	0.05817	0.11173	0.01746	0.04372	0.01318	0.01640	0.01088	0.00703	0.00591	0.00186	0.00853	0.03290	0.00390	0.03020
20	0.01078	0.00835	0.00939	0.00959	0.01136	0.03122	0.00718	0.03014	0.03740	0.04071	0.10054	0.23521	0.25778	0.04953	0.05562	0.00321	0.00549	0.08396	0.00619	0.00634
21	0.01092	0.00784	0.01088	0.01240	0.01400	0.00780	0.01082	0.01402	0.01574	0.02040	0.03740	0.07677	0.06337	0.01884	0.00940	0.00312	0.00620	0.64750	0.00630	0.00628
22	0.02451	0.01738	0.01892	0.01496	0.02006	0.01910	0.01221	0.47828	0.17980	0.11187	0.02008	0.01917	0.01425	0.00848	0.00687	0.00212	0.00688	0.00658	0.00704	0.01146
23	0.01583	0.20957	0.35192	0.02005	0.11008	0.01854	0.05326	0.06185	0.01555	0.02147	0.01337	0.05421	0.01121	0.00716	0.00623	0.00201	0.00876	0.00584	0.00342	0.00967
24	0.00991	0.00677	0.00815	0.00815	0.00839	0.00701	0.00501	0.01039	0.01015	0.01378	0.02092	0.04126	0.02335	0.62061	0.17169	0.00749	0.00893	0.00944	0.00405	0.00453
25	0.00931	0.00695	0.00849	0.00812	0.00979	0.00630	0.00599	0.01195	0.01779	0.02427	0.50878	0.05423	0.21926	0.06693	0.00994	0.00250	0.00352	0.01270	0.00701	0.00613
26	0.01173	0.00840	0.01051	0.01009	0.01220	0.00827	0.00794	0.01706	0.11305	0.05515	0.43744	0.05173	0.08722	0.01414	0.00811	0.00236	0.00419	0.12600	0.00721	0.00721
27	0.01662	0.02078	0.15303	0.06996	0.43732	0.06201	0.09852	0.02145	0.01559	0.02158	0.01269	0.01643	0.01018	0.00623	0.00684	0.00208	0.00919	0.00603	0.00330	0.01017
28	0.02236	0.02660	0.01786	0.01619	0.01924	0.52978	0.01222	0.05494	0.04516	0.01811	0.01283	0.01640	0.01114	0.05378	0.08036	0.00303	0.04307	0.00528	0.00384	0.00780
29	0.02916	0.01290	0.01651	0.01279	0.01801	0.01207	0.01052	0.12652	0.06513	0.58185	0.02556	0.02246	0.01644	0.00848	0.00688	0.00212	0.00604	0.00683	0.00814	0.01159
30	0.01107	0.00868	0.00998	0.00992	0.01110	0.05393	0.00729	0.01292	0.01203	0.01655	0.02249	0.03417	0.05822	0.21612	0.37620	0.00764	0.01231	0.03131	0.08232	0.00575
31	0.00935	0.00763	0.00827	0.00891	0.01007	0.03959	0.00616	0.01081	0.01443	0.01833	0.11149	0.39599	0.22822	0.08514	0.01071	0.00289	0.00438	0.01580	0.00614	0.00569
32	0.02190	0.01127	0.01375	0.01118	0.01530	0.01058	0.00900	0.14350	0.02069	0.34844	0.10163	0.05881	0.18122	0.01142	0.00733	0.00218	0.00527	0.00943	0.00753	0.00959
33	0.00995	0.00663	0.00746	0.00746	0.00746	0.00663	0.00415	0.00995	0.00995	0.01327	0.02156	0.04477	0.02487	0.75957	0.03482	0.00663	0.00663	0.00995	0.00415	0.00415
34	0.40565	0.19075	0.01874	0.04856	0.01776	0.15246	0.01031	0.04980	0.01458	0.02456	0.01014	0.01189	0.00825	0.00647	0.00487	0.00190	0.00737	0.00405	0.00385	0.00801
35	0.02266	0.01843	0.01777	0.01464	0.01911	0.17599	0.04186	0.16451	0.15985	0.15206	0.01940	0.01926	0.01414	0.00788	0.00650	0.00196	0.00755	0.00618	0.06967	0.06059
36	0.01816	0.24728	0.15842	0.01711	0.09043	0.13698	0.01468	0.08247	0.01638	0.02041	0.01251	0.01646	0.01089	0.08072	0.00859	0.00225	0.00860	0.00516	0.00360	0.04890
37	0.01561	0.17277	0.16041	0.01316	0.01768	0.01494	0.01277	0.04288	0.04176	0.09670	0.05290	0.08033	0.01827	0.05105	0.14422	0.00395	0.04036	0.00732	0.00453	0.00840
38	0.04056	0.04998	0.01931	0.04451	0.05866	0.08750	0.04849	0.23270	0.02159	0.12626	0.08800	0.06718	0.04343	0.00949	0.00742	0.00212	0.02972	0.00772	0.00587	0.00948

[dist]
# distance from previous block
# <min> <max>
1	18

[block]
# block no. 2 follows, 31 sequences, length 47
# corresponding to MSA columns:
# 376-422
name=unknown_C
#
# <colnr> <probs for GDERKNQSTAVLIFYWHMCP>
#	G	D	E	R	K	N	Q	S	T	A	V	L	I	F	Y	W	H	M	C	P
0	0.04921	0.12998	0.01989	0.05863	0.01991	0.09528	0.04245	0.10246	0.12918	0.09278	0.02111	0.04495	0.06517	0.00842	0.00634	0.00194	0.00704	0.00672	0.00522	0.09331
1	0.01964	0.13449	0.11970	0.01994	0.02620	0.07102	0.24200	0.15288	0.03579	0.06804	0.01425	0.01633	0.01066	0.00689	0.00728	0.00208	0.03246	0.00623	0.00435	0.00978
2	0.01494	0.01321	0.01299	0.01170	0.01470	0.08388	0.00901	0.07942	0.25422	0.02687	0.26169	0.03756	0.12839	0.01165	0.00740	0.00218	0.00528	0.00975	0.00672	0.00844
3	0.01300	0.05597	0.01286	0.01139	0.01370	0.01063	0.00909	0.06781	0.11612	0.04257	0.11092	0.22175	0.07062	0.01676	0.03423	0.00285	0.00567	0.17027	0.00635	0.00746
4	0.01672	0.36237	0.21347	0.01492	0.02122	0.06804	0.04013	0.02243	0.09295	0.01934	0.01431	0.06000	0.01245	0.00746	0.00577	0.00188	0.00812	0.00568	0.00365	0.00913
5	0.00846	0.00629	0.00789	0.00887	0.00982	0.00572	0.00613	0.01003	0.01444	0.01899	0.13307	0.51968	0.18643	0.01960	0.00851	0.00260	0.00377	0.01748	0.00651	0.00572
6	0.00995	0.00663	0.00746	0.00746	0.00746	0.00663	0.00415	0.00995	0.00995	0.01327	0.02156	0.04477	0.02487	0.75957	0.03482	0.00663	0.00663	0.00995	0.00415	0.00415
7	0.01524	0.01336	0.01418	0.01367	0.05304	0.06669	0.00982	0.09429	0.21639	0.02465	0.12152	0.05972	0.11716	0.09212	0.01119	0.00273	0.05067	0.00930	0.00593	0.00832
8	0.01803	0.01723	0.02683	0.03886	0.63145	0.04975	0.02002	0.07281	0.01702	0.02368	0.01303	0.01668	0.01080	0.00630	0.00675	0.00202	0.00828	0.00602	0.00366	0.01076
9	0.66345	0.01433	0.01199	0.01024	0.01471	0.01643	0.00844	0.14462	0.01543	0.03299	0.01080	0.01210	0.00819	0.00669	0.00472	0.00211	0.00571	0.00416	0.00472	0.00819
10	0.00912	0.00697	0.00836	0.00801	0.00987	0.00621	0.00601	0.01182	0.01803	0.02427	0.48535	0.05632	0.29446	0.01517	0.00807	0.00221	0.00331	0.01310	0.00711	0.00621
11	0.05576	0.01612	0.01747	0.01552	0.06111	0.04427	0.01164	0.39780	0.05232	0.03303	0.02162	0.07588	0.06591	0.04187	0.03534	0.00267	0.02815	0.00782	0.00598	0.00972
12	0.02601	0.01916	0.02053	0.01574	0.02122	0.02122	0.01300	0.69408	0.03217	0.04312	0.01643	0.01643	0.01163	0.00821	0.00684	0.00205	0.00753	0.00616	0.00684	0.01163
13	0.00968	0.00699	0.00914	0.00861	0.01022	0.00646	0.00646	0.01291	0.01937	0.02743	0.71328	0.05110	0.06455	0.01399	0.00807	0.00215	0.00323	0.01237	0.00753	0.00646
14	0.00834	0.00595	0.00794	0.00953	0.00992	0.00556	0.00635	0.00953	0.01310	0.01746	0.03771	0.75510	0.04525	0.02143	0.00873	0.00278	0.00397	0.01945	0.00635	0.00556
15	0.12168	0.02912	0.01834	0.01641	0.02018	0.58539	0.01249	0.08148	0.01949	0.02063	0.01093	0.01252	0.00887	0.00706	0.00599	0.00183	0.01108	0.00446	0.00389	0.00817
16	0.03012	0.01257	0.01645	0.01261	0.01793	0.01143	0.01042	0.11449	0.02113	0.63830	0.02569	0.02244	0.01628	0.00844	0.00688	0.00211	0.00603	0.00679	0.00827	0.01164
17	0.01702	0.01470	0.01547	0.01392	0.01779	0.01702	0.01083	0.03635	0.70453	0.02862	0.02785	0.02553	0.02088	0.00928	0.00696	0.00232	0.00541	0.00773	0.00696	0.01083
18	0.01292	0.01216	0.02052	0.74312	0.04712	0.01520	0.01900	0.01748	0.01368	0.01748	0.01216	0.01824	0.00912	0.00684	0.00684	0.00228	0.00912	0.00608	0.00304	0.00760
19	0.00834	0.00595	0.00794	0.00953	0.00992	0.00556	0.00635	0.00953	0.01310	0.01746	0.03771	0.75510	0.04525	0.02143	0.00873	0.00278	0.00397	0.01945	0.00635	0.00556
20	0.01419	0.01216	0.01419	0.01013	0.01621	0.00912	0.00811	0.01723	0.01419	0.02229	0.01216	0.01419	0.01013	0.00507	0.00507	0.00101	0.00507	0.00405	0.00405	0.80139
21	0.02639	0.01854	0.02015	0.01545	0.02091	0.02029	0.01276	0.63953	0.03113	0.09913	0.01730	0.01699	0.01207	0.00823	0.00685	0.00206	0.00739	0.00622	0.00698	0.01164
22	0.01438	0.00894	0.01128	0.00993	0.01249	0.00858	0.00769	0.05875	0.06437	0.13551	0.52110	0.04307	0.05119	0.01248	0.00774	0.00215	0.00403	0.01085	0.00760	0.00785
23	0.01845	0.01541	0.01628	0.01421	0.01834	0.01769	0.01118	0.14123	0.59732	0.03093	0.02602	0.02407	0.01941	0.00911	0.00694	0.00228	0.00575	0.00748	0.00694	0.01096
24	0.00828	0.00694	0.00720	0.00714	0.00936	0.00586	0.00535	0.01020	0.01606	0.01958	0.14821	0.06404	0.63452	0.01692	0.00808	0.00229	0.00344	0.01419	0.00650	0.00586
25	0.00992	0.00675	0.00803	0.00803	0.00823	0.00694	0.00486	0.01032	0.01012	0.01369	0.02103	0.04188	0.02362	0.64513	0.14754	0.00734	0.00852	0.00953	0.00407	0.00446
26	0.00974	0.00751	0.01141	0.01179	0.01302	0.00731	0.06040	0.01181	0.01365	0.01822	0.03321	0.45250	0.03794	0.04581	0.07719	0.00372	0.00651	0.16645	0.00580	0.00602
27	0.06468	0.01280	0.01629	0.01255	0.01782	0.01190	0.01036	0.12811	0.02104	0.59289	0.02469	0.02175	0.01575	0.00834	0.00676	0.00211	0.00604	0.00663	0.00804	0.01145
28	0.00828	0.00619	0.00770	0.00891	0.00976	0.00561	0.00608	0.00960	0.01369	0.01771	0.04520	0.59174	0.20377	0.02046	0.00858	0.00267	0.00385	0.01826	0.00635	0.00561
29	0.01803	0.70599	0.03470	0.01219	0.01759	0.02660	0.01196	0.02018	0.01364	0.01612	0.00947	0.01128	0.00880	0.00632	0.00578	0.00158	0.06432	0.00384	0.00293	0.00868
30	0.00948	0.00684	0.00940	0.00977	0.01050	0.00738	0.00694	0.01103	0.01122	0.01560	0.02364	0.20065	0.02559	0.22109	0.39012	0.00800	0.01207	0.01080	0.00441	0.00549
31	0.00834	0.00595	0.00794	0.00953	0.00992	0.00556	0.00635	0.00953	0.01310	0.01746	0.03771	0.75510	0.04525	0.02143	0.00873	0.00278	0.00397	0.01945	0.00635	0.00556
32	0.01717	0.01097	0.01267	0.03850	0.01453	0.01141	0.00837	0.19086	0.01844	0.11914	0.02680	0.05884	0.10392	0.21389	0.01487	0.00335	0.02626	0.00880	0.09340	0.00781
33	0.01693	0.01626	0.02777	0.04199	0.71689	0.01626	0.02100	0.02100	0.01558	0.02235	0.01287	0.01693	0.01084	0.00610	0.00677	0.00203	0.00813	0.00610	0.00339	0.01084
34	0.00977	0.00733	0.01100	0.01100	0.01222	0.00855	0.00855	0.01222	0.01100	0.01588	0.01833	0.02688	0.01710	0.05131	0.73245	0.01100	0.01833	0.00733	0.00367	0.00611
35	0.00851	0.00649	0.00782	0.00845	0.00974	0.00581	0.00597	0.01028	0.01517	0.01974	0.17908	0.38079	0.28030	0.01858	0.00838	0.00250	0.00365	0.01635	0.00658	0.00581
36	0.11990	0.24552	0.02387	0.04031	0.02000	0.12264	0.05357	0.12555	0.03506	0.10283	0.04037	0.01602	0.01250	0.00717	0.00580	0.00188	0.00778	0.00531	0.00471	0.00919
37	0.01514	0.01424	0.02400	0.16701	0.50683	0.01475	0.01883	0.01894	0.01492	0.02085	0.01579	0.10783	0.01475	0.00812	0.00703	0.00217	0.00780	0.00773	0.00369	0.00959
38	0.00972	0.05379	0.01010	0.00950	0.01080	0.00793	0.00675	0.01249	0.07046	0.01823	0.03931	0.49986	0.14674	0.05912	0.00964	0.00279	0.00436	0.01618	0.00607	0.00615
39	0.05372	0.07138	0.01705	0.01193	0.01705	0.04000	0.00977	0.06821	0.06823	0.06431	0.01388	0.01535	0.01108	0.00657	0.00683	0.00153	0.06702	0.00477	0.00455	0.44676
40	0.02042	0.07671	0.12182	0.01524	0.01956	0.25792	0.03179	0.02397	0.03715	0.11497	0.01525	0.01753	0.01192	0.03238	0.00853	0.00213	0.07691	0.00555	0.10165	0.00858
41	0.50201	0.07481	0.01452	0.04353	0.01667	0.10292	0.00939	0.02294	0.04271	0.09804	0.01233	0.01342	0.00931	0.00676	0.00498	0.00204	0.00654	0.00439	0.00454	0.00817
42	0.01198	0.04004	0.01129	0.00941	0.01174	0.00988	0.00712	0.09092	0.04276	0.02172	0.12114	0.07205	0.29136	0.15169	0.01324	0.00303	0.03796	0.01114	0.00579	0.03574
43	0.08300	0.11241	0.20283	0.06286	0.02541	0.04388	0.12877	0.04373	0.01514	0.09552	0.01314	0.01564	0.00991	0.00735	0.00858	0.00220	0.11089	0.00567	0.00387	0.00919
44	0.02532	0.01750	0.01998	0.01635	0.04877	0.01918	0.01293	0.50217	0.05289	0.14108	0.01781	0.01771	0.01257	0.00844	0.00782	0.00213	0.05302	0.00631	0.00671	0.01132
45	0.05858	0.00737	0.00770	0.00769	0.00994	0.00653	0.00573	0.01144	0.01531	0.04630	0.08596	0.15529	0.52493	0.01674	0.00789	0.00235	0.00373	0.01409	0.00635	0.00610
46	0.66140	0.05986	0.01294	0.07005	0.01662	0.01630	0.00886	0.04747	0.01279	0.02921	0.01002	0.01191	0.00781	0.00644	0.00457	0.00209	0.00583	0.00400	0.00416	0.00768

[dist]
# distance from previous block
# <min> <max>
0	3

[block]
# block no. 3 follows, 31 sequences, length 65
# corresponding to MSA columns:
# 426-490
name=unknown_D
#
# <colnr> <probs for GDERKNQSTAVLIFYWHMCP>
#	G	D	E	R	K	N	Q	S	T	A	V	L	I	F	Y	W	H	M	C	P
0	0.07383	0.25423	0.02490	0.01889	0.13430	0.27913	0.01342	0.02451	0.08070	0.01952	0.01217	0.01383	0.01017	0.00668	0.00566	0.00179	0.00896	0.00472	0.00369	0.00891
1	0.02286	0.01661	0.01782	0.01406	0.01880	0.01812	0.01144	0.52027	0.07094	0.05844	0.02281	0.02314	0.07885	0.03491	0.00785	0.00224	0.00677	0.00719	0.03631	0.01058
2	0.00922	0.00705	0.00850	0.00836	0.01023	0.00634	0.00642	0.01189	0.01764	0.02348	0.41238	0.05898	0.30174	0.01568	0.00820	0.00230	0.00360	0.07481	0.00698	0.00619
3	0.02393	0.10643	0.02305	0.01807	0.02215	0.59268	0.07665	0.02611	0.01852	0.01716	0.01077	0.01277	0.00896	0.00681	0.00616	0.00178	0.01175	0.00467	0.00346	0.00814
4	0.08396	0.00756	0.00855	0.00813	0.01020	0.00708	0.00616	0.01263	0.01748	0.02499	0.44941	0.05189	0.25887	0.01430	0.00771	0.00220	0.00349	0.01220	0.00686	0.00634
5	0.01031	0.00738	0.00792	0.00753	0.01008	0.00622	0.00574	0.01223	0.01622	0.08495	0.10877	0.06086	0.60501	0.01627	0.00797	0.00228	0.00367	0.01359	0.00663	0.00637
6	0.00977	0.00733	0.01100	0.01100	0.01222	0.00855	0.00855	0.01222	0.01100	0.01588	0.01833	0.02688	0.01710	0.05131	0.73245	0.01100	0.01833	0.00733	0.00367	0.00611
7	0.01615	0.01845	0.04037	0.02884	0.03576	0.01730	0.69204	0.02191	0.01615	0.02191	0.01384	0.01845	0.01038	0.00577	0.00807	0.00231	0.01153	0.00807	0.00346	0.00923
8	0.02493	0.03146	0.01933	0.01753	0.02094	0.68610	0.01321	0.02721	0.03949	0.01709	0.01103	0.01282	0.00918	0.00729	0.00676	0.00182	0.03764	0.00456	0.00361	0.00800
9	0.01385	0.01119	0.01255	0.01200	0.01454	0.01227	0.00898	0.06596	0.35570	0.02550	0.09479	0.28325	0.03294	0.01392	0.00768	0.00245	0.00484	0.01218	0.00679	0.00862
10	0.01119	0.00781	0.01052	0.01158	0.01337	0.00758	0.00993	0.01415	0.01611	0.04330	0.08794	0.07215	0.12678	0.01802	0.00909	0.00294	0.00570	0.51897	0.00646	0.00642
11	0.00865	0.00686	0.00778	0.00774	0.00964	0.00599	0.00573	0.01084	0.01664	0.02142	0.28472	0.12540	0.43120	0.01658	0.00814	0.00230	0.00343	0.01421	0.00675	0.00599
12	0.13016	0.01235	0.01544	0.01200	0.01717	0.01148	0.00991	0.07600	0.01941	0.58737	0.02404	0.02126	0.01536	0.00818	0.00654	0.00211	0.00587	0.00642	0.00782	0.01110
13	0.00968	0.00652	0.00754	0.00780	0.00786	0.00646	0.00451	0.00988	0.01046	0.01395	0.02420	0.16103	0.02821	0.63876	0.03055	0.00600	0.00620	0.01150	0.00451	0.00438
14	0.00916	0.00697	0.00842	0.00806	0.00990	0.00623	0.00604	0.01190	0.01813	0.02451	0.50303	0.05592	0.27663	0.01508	0.00807	0.00220	0.00331	0.01305	0.00715	0.00623
15	0.00831	0.00605	0.00784	0.00928	0.00986	0.00558	0.00624	0.00955	0.01333	0.01756	0.04067	0.69048	0.10796	0.02105	0.00867	0.00273	0.00392	0.01898	0.00635	0.00558
16	0.03070	0.01164	0.01588	0.01217	0.01746	0.01006	0.01006	0.03334	0.01958	0.72163	0.02699	0.02329	0.01694	0.00847	0.00688	0.00212	0.00582	0.00688	0.00847	0.01164
17	0.02556	0.03261	0.01939	0.01763	0.02115	0.73210	0.01322	0.02732	0.01939	0.01674	0.01058	0.01234	0.00881	0.00705	0.00617	0.00176	0.01234	0.00441	0.00353	0.00793
18	0.01693	0.01626	0.02777	0.04199	0.71689	0.01626	0.02100	0.02100	0.01558	0.02235	0.01287	0.01693	0.01084	0.00610	0.00677	0.00203	0.00813	0.00610	0.00339	0.01084
19	0.00995	0.00663	0.00746	0.00746	0.00746	0.00663	0.00415	0.00995	0.00995	0.01327	0.02156	0.04477	0.02487	0.75957	0.03482	0.00663	0.00663	0.00995	0.00415	0.00415
20	0.02556	0.03261	0.01939	0.01763	0.02115	0.73210	0.01322	0.02732	0.01939	0.01674	0.01058	0.01234	0.00881	0.00705	0.00617	0.00176	0.01234	0.00441	0.00353	0.00793
21	0.01829	0.76368	0.03585	0.01171	0.01756	0.02707	0.01171	0.02049	0.01390	0.01610	0.00951	0.01097	0.00878	0.00585	0.00439	0.00146	0.00732	0.00366	0.00293	0.00878
22	0.01829	0.76368	0.03585	0.01171	0.01756	0.02707	0.01171	0.02049	0.01390	0.01610	0.00951	0.01097	0.00878	0.00585	0.00439	0.00146	0.00732	0.00366	0.00293	0.00878
23	0.01693	0.01626	0.02777	0.04199	0.71689	0.01626	0.02100	0.02100	0.01558	0.02235	0.01287	0.01693	0.01084	0.00610	0.00677	0.00203	0.00813	0.00610	0.00339	0.01084
24	0.01702	0.01470	0.01547	0.01392	0.01779	0.01702	0.01083	0.03635	0.70453	0.02862	0.02785	0.02553	0.02088	0.00928	0.00696	0.00232	0.00541	0.00773	0.00696	0.01083
25	0.00995	0.00663	0.00746	0.00746	0.00746	0.00663	0.00415	0.00995	0.00995	0.01327	0.02156	0.04477	0.02487	0.75957	0.03482	0.00663	0.00663	0.00995	0.00415	0.00415
26	0.01702	0.01470	0.01547	0.01392	0.01779	0.01702	0.01083	0.03635	0.70453	0.02862	0.02785	0.02553	0.02088	0.00928	0.00696	0.00232	0.00541	0.00773	0.00696	0.01083
27	0.02556	0.03261	0.01939	0.01763	0.02115	0.73210	0.01322	0.02732	0.01939	0.01674	0.01058	0.01234	0.00881	0.00705	0.00617	0.00176	0.01234	0.00441	0.00353	0.00793
28	0.01862	0.01646	0.02519	0.11851	0.47214	0.01731	0.01886	0.18089	0.01930	0.02672	0.01363	0.01697	0.01082	0.00669	0.00680	0.00207	0.00810	0.00611	0.00417	0.01064
29	0.02601	0.01916	0.02053	0.01574	0.02122	0.02122	0.01300	0.69408	0.03217	0.04312	0.01643	0.01643	0.01163	0.00821	0.00684	0.00205	0.00753	0.00616	0.00684	0.01163
30	0.01188	0.00594	0.00891	0.00891	0.00891	0.00594	0.00594	0.00891	0.00891	0.01188	0.01188	0.02080	0.01188	0.02377	0.02674	0.80095	0.00594	0.00594	0.00297	0.00297
31	0.02517	0.01805	0.01955	0.01525	0.02051	0.01989	0.01251	0.56217	0.11862	0.08896	0.01865	0.01809	0.01321	0.00837	0.00686	0.00209	0.00713	0.00641	0.00697	0.01153
32	0.01595	0.04359	0.08006	0.02657	0.03294	0.01791	0.55863	0.02129	0.01538	0.02114	0.01310	0.01760	0.01008	0.00646	0.00935	0.00234	0.08764	0.00753	0.00336	0.00909
33	0.03070	0.01164	0.01588	0.01217	0.01746	0.01006	0.01006	0.03334	0.01958	0.72163	0.02699	0.02329	0.01694	0.00847	0.00688	0.00212	0.00582	0.00688	0.00847	0.01164
34	0.01786	0.01511	0.01594	0.01409	0.01811	0.01741	0.01103	0.09796	0.64155	0.02998	0.02678	0.02467	0.02002	0.00918	0.00695	0.00230	0.00561	0.00759	0.00695	0.01090
35	0.73465	0.01379	0.01104	0.00963	0.01398	0.01590	0.00793	0.08324	0.01357	0.03186	0.01017	0.01161	0.00780	0.00653	0.00448	0.00211	0.00550	0.00393	0.00448	0.00780
36	0.01025	0.00753	0.01001	0.01131	0.01290	0.00729	0.00955	0.01297	0.01547	0.01984	0.04223	0.13866	0.15957	0.01886	0.00914	0.00297	0.00558	0.49343	0.00631	0.00614
37	0.01649	0.21264	0.20979	0.01830	0.10212	0.04018	0.03938	0.09857	0.04146	0.02231	0.01636	0.12157	0.01509	0.00874	0.00641	0.00204	0.00792	0.00721	0.00410	0.00930
38	0.00859	0.00641	0.00779	0.00854	0.00972	0.00578	0.00599	0.01031	0.01484	0.01952	0.15110	0.42376	0.24414	0.01871	0.00833	0.00251	0.00369	0.01653	0.02799	0.00578
39	0.04376	0.08593	0.04255	0.03915	0.08130	0.10644	0.03408	0.24139	0.06414	0.08501	0.01804	0.07007	0.01504	0.00886	0.00673	0.00210	0.00778	0.03238	0.00544	0.00980
40	0.01204	0.00923	0.01039	0.00979	0.01207	0.00942	0.00735	0.06248	0.16256	0.02501	0.23319	0.13474	0.17892	0.03831	0.00850	0.00240	0.00423	0.01183	0.06014	0.00739
41	0.00833	0.00694	0.00727	0.00718	0.00939	0.00588	0.00539	0.01029	0.01616	0.01983	0.16656	0.06362	0.61601	0.01682	0.00808	0.00229	0.00343	0.01413	0.00653	0.00588
42	0.02556	0.03261	0.01939	0.01763	0.02115	0.73210	0.01322	0.02732	0.01939	0.01674	0.01058	0.01234	0.00881	0.00705	0.00617	0.00176	0.01234	0.00441	0.00353	0.00793
43	0.04167	0.19641	0.20400	0.01995	0.06150	0.04571	0.18439	0.04624	0.07325	0.04353	0.01380	0.01584	0.01058	0.00651	0.00639	0.00202	0.00903	0.00578	0.00378	0.00961
44	0.00970	0.00697	0.00956	0.00971	0.01045	0.00765	0.00691	0.01123	0.01085	0.01518	0.02119	0.10092	0.02227	0.27928	0.43736	0.00880	0.01317	0.00932	0.00407	0.00542
45	0.01372	0.03539	0.72412	0.01950	0.02961	0.01589	0.02528	0.02167	0.01444	0.02167	0.01228	0.01444	0.00867	0.00650	0.00650	0.00217	0.01011	0.00506	0.00289	0.01011
46	0.01387	0.01313	0.02223	0.57749	0.20534	0.01545	0.01947	0.01831	0.01413	0.01863	0.01233	0.01793	0.00953	0.00666	0.00682	0.00222	0.00889	0.00608	0.00312	0.00836
47	0.01756	0.21391	0.20119	0.03716	0.02462	0.11810	0.11407	0.04402	0.05897	0.02013	0.01237	0.01476	0.00987	0.00706	0.00769	0.00204	0.07853	0.00536	0.00347	0.00913
48	0.01188	0.00594	0.00891	0.00891	0.00891	0.00594	0.00594	0.00891	0.00891	0.01188	0.01188	0.02080	0.01188	0.02377	0.02674	0.80095	0.00594	0.00594	0.00297	0.00297
49	0.00834	0.00595	0.00794	0.00953	0.00992	0.00556	0.00635	0.00953	0.01310	0.01746	0.03771	0.75510	0.04525	0.02143	0.00873	0.00278	0.00397	0.01945	0.00635	0.00556
50	0.01997	0.06995	0.11353	0.10583	0.17849	0.12512	0.03776	0.04516	0.01674	0.15471	0.01529	0.01746	0.01144	0.00942	0.04743	0.00253	0.00931	0.00582	0.00437	0.00965
51	0.01425	0.00891	0.01074	0.00970	0.01249	0.00842	0.00756	0.01911	0.10963	0.15575	0.29494	0.04738	0.22177	0.01340	0.00775	0.00225	0.00419	0.03667	0.00727	0.00783
52	0.00973	0.00654	0.00753	0.00774	0.00779	0.00649	0.00444	0.00989	0.01037	0.01383	0.02373	0.14033	0.02761	0.66027	0.03131	0.00611	0.00627	0.01123	0.00444	0.00434
53	0.04772	0.21317	0.37672	0.01713	0.02466	0.14909	0.04022	0.02235	0.01516	0.01975	0.01123	0.01320	0.00873	0.00641	0.00588	0.00192	0.00969	0.00464	0.00308	0.00925
54	0.01188	0.00594	0.00891	0.00891	0.00891	0.00594	0.00594	0.00891	0.00891	0.01188	0.01188	0.02080	0.01188	0.02377	0.02674	0.80095	0.00594	0.00594	0.00297	0.00297
55	0.01526	0.08747	0.12601	0.31702	0.26125	0.01694	0.01969	0.04043	0.01501	0.02035	0.01229	0.01652	0.00966	0.00650	0.00654	0.00210	0.00872	0.00571	0.00324	0.00926
56	0.00832	0.00602	0.00787	0.00936	0.00988	0.00557	0.00628	0.00954	0.01326	0.01753	0.03970	0.71170	0.08737	0.02118	0.00869	0.00275	0.00394	0.01913	0.00635	0.00557
57	0.00989	0.00687	0.00865	0.00865	0.00907	0.00728	0.00563	0.01071	0.01030	0.01415	0.02047	0.03873	0.02225	0.52051	0.27029	0.00811	0.01058	0.00907	0.00398	0.00481
58	0.01768	0.55047	0.18474	0.01404	0.02083	0.02365	0.03919	0.02127	0.01431	0.04388	0.01092	0.01246	0.00912	0.00609	0.00507	0.00167	0.00802	0.00424	0.00314	0.00919
59	0.01912	0.61583	0.07234	0.01283	0.01876	0.06559	0.01267	0.08038	0.01585	0.01883	0.01034	0.01173	0.00903	0.00617	0.00483	0.00157	0.00777	0.00400	0.00330	0.00906
60	0.17464	0.03937	0.02259	0.09677	0.40005	0.09040	0.01670	0.02151	0.01509	0.04416	0.01223	0.01544	0.00991	0.00638	0.00614	0.00203	0.00800	0.00540	0.00368	0.00952
61	0.00995	0.00663	0.00746	0.00746	0.00746	0.00663	0.00415	0.00995	0.00995	0.01327	0.02156	0.04477	0.02487	0.75957	0.03482	0.00663	0.00663	0.00995	0.00415	0.00415
62	0.05686	0.06035	0.08282	0.01197	0.01567	0.01078	0.07304	0.03355	0.04066	0.04305	0.10120	0.14434	0.25218	0.01337	0.00750	0.00230	0.00560	0.03177	0.00562	0.00737
63	0.01494	0.01226	0.01282	0.01220	0.01439	0.09283	0.00917	0.12623	0.06107	0.04906	0.02548	0.30142	0.02625	0.02347	0.18031	0.00445	0.00909	0.01144	0.00559	0.00752
64	0.00980	0.00724	0.01052	0.01052	0.01158	0.00829	0.00796	0.01191	0.01085	0.01553	0.01876	0.02928	0.01815	0.14647	0.63872	0.01041	0.01675	0.00768	0.00373	0.00584

[dist]
# distance from previous block
# <min> <max>
0	1

[block]
# block no. 4 follows, 31 sequences, length 19
# corresponding to MSA columns:
# 492-510
name=unknown_E
#
# <colnr> <probs for GDERKNQSTAVLIFYWHMCP>
#	G	D	E	R	K	N	Q	S	T	A	V	L	I	F	Y	W	H	M	C	P
0	0.05342	0.35465	0.19071	0.01569	0.06296	0.02070	0.01517	0.08692	0.01647	0.10567	0.01312	0.01415	0.01007	0.00658	0.00555	0.00182	0.00777	0.00476	0.00404	0.00977
1	0.00971	0.00695	0.00939	0.00953	0.01022	0.00756	0.00669	0.01112	0.01079	0.01503	0.02125	0.09771	0.02251	0.31618	0.40529	0.00862	0.01265	0.00939	0.00408	0.00532
2	0.01597	0.01189	0.01579	0.13182	0.02080	0.04334	0.04976	0.08915	0.03628	0.11427	0.25364	0.08981	0.03317	0.01128	0.00802	0.00226	0.02926	0.02921	0.00615	0.00814
3	0.01709	0.08005	0.14941	0.02386	0.21556	0.07876	0.07383	0.02173	0.04622	0.05465	0.01416	0.01808	0.01164	0.04882	0.00974	0.00237	0.08651	0.00606	0.03216	0.00931
4	0.04824	0.01676	0.01761	0.01411	0.01905	0.08338	0.01143	0.26326	0.12877	0.29281	0.02140	0.01986	0.01466	0.00831	0.00674	0.00209	0.00696	0.00644	0.00708	0.01105
5	0.00989	0.00686	0.00862	0.00862	0.00902	0.00726	0.00559	0.01069	0.01029	0.01412	0.02050	0.03891	0.02233	0.52776	0.26315	0.00806	0.01046	0.00909	0.00399	0.00479
6	0.01709	0.07392	0.30295	0.05183	0.13052	0.11701	0.09062	0.05052	0.01614	0.03572	0.01283	0.01564	0.00986	0.00833	0.03584	0.00241	0.01019	0.00557	0.00344	0.00957
7	0.01482	0.01086	0.01545	0.01346	0.01628	0.01131	0.07869	0.04766	0.09306	0.10894	0.10891	0.09725	0.10345	0.01655	0.07492	0.00326	0.07156	0.09962	0.00600	0.00798
8	0.00993	0.00673	0.00794	0.00794	0.00811	0.00689	0.00474	0.01026	0.01009	0.01362	0.02112	0.04234	0.02382	0.66346	0.12949	0.00722	0.00822	0.00959	0.00408	0.00441
9	0.01371	0.04394	0.07840	0.01440	0.08309	0.01081	0.07977	0.04465	0.01644	0.02522	0.16677	0.02746	0.02481	0.00864	0.00624	0.00189	0.00550	0.00757	0.33293	0.00777
10	0.01473	0.03828	0.08380	0.11638	0.06228	0.04670	0.34096	0.01931	0.01514	0.02004	0.01702	0.10122	0.01557	0.04024	0.00880	0.00250	0.00963	0.03525	0.00380	0.00836
11	0.07063	0.09672	0.49762	0.01891	0.05828	0.10247	0.02121	0.02210	0.01485	0.02124	0.01167	0.01377	0.00871	0.00648	0.00613	0.00205	0.00971	0.00481	0.00308	0.00958
12	0.01581	0.01514	0.02603	0.13657	0.33312	0.01594	0.13703	0.05090	0.04916	0.02192	0.01423	0.01873	0.01160	0.01122	0.08141	0.00308	0.03826	0.00665	0.00369	0.00950
13	0.01408	0.01288	0.02046	0.25629	0.19344	0.01409	0.06593	0.02031	0.12206	0.02107	0.05641	0.06185	0.01844	0.06052	0.00912	0.00258	0.00764	0.02994	0.00437	0.00855
14	0.01593	0.01291	0.01654	0.14167	0.12476	0.06237	0.03134	0.06592	0.05518	0.06290	0.01987	0.12106	0.01780	0.04334	0.00793	0.00228	0.00675	0.00812	0.13830	0.04502
15	0.01803	0.05175	0.02149	0.01531	0.02098	0.03963	0.14456	0.12270	0.04838	0.07463	0.01574	0.04639	0.01268	0.00688	0.00630	0.00168	0.00711	0.00615	0.00482	0.33479
16	0.01924	0.01460	0.01886	0.07447	0.04934	0.07253	0.09275	0.12541	0.05684	0.15046	0.07225	0.07640	0.03700	0.03292	0.00861	0.00233	0.03706	0.00820	0.04170	0.00903
17	0.01563	0.01444	0.05281	0.01646	0.02129	0.01344	0.19113	0.04401	0.17598	0.06430	0.05606	0.02450	0.04801	0.01295	0.08980	0.00308	0.00851	0.00758	0.02945	0.11059
18	0.01771	0.01640	0.05420	0.01565	0.02054	0.07579	0.12405	0.09486	0.08009	0.08020	0.05909	0.02070	0.01583	0.03139	0.05225	0.00258	0.03674	0.00655	0.00493	0.19046

[dist]
# distance from previous block
# <min> <max>
15	77

[block]
# block no. 5 follows, 31 sequences, length 10
# corresponding to MSA columns:
# 591-600
name=unknown_F
#
# <colnr> <probs for GDERKNQSTAVLIFYWHMCP>
#	G	D	E	R	K	N	Q	S	T	A	V	L	I	F	Y	W	H	M	C	P
0	0.03735	0.09044	0.04127	0.01448	0.01937	0.10026	0.07998	0.17853	0.01991	0.08600	0.07506	0.03766	0.01681	0.02618	0.00709	0.00197	0.00739	0.00653	0.03254	0.12118
1	0.01779	0.01574	0.01791	0.03942	0.06532	0.10149	0.05849	0.22921	0.02002	0.02584	0.02191	0.02547	0.09610	0.05962	0.14084	0.00393	0.00982	0.00741	0.00495	0.03874
2	0.43027	0.06063	0.17287	0.01454	0.02041	0.07742	0.09328	0.02130	0.01357	0.02570	0.01073	0.01281	0.00823	0.00635	0.00536	0.00209	0.00780	0.00458	0.00372	0.00834
3	0.00992	0.00702	0.00935	0.00928	0.01025	0.00752	0.00669	0.01175	0.01204	0.01712	0.10577	0.03632	0.04859	0.25146	0.37590	0.00784	0.01174	0.00890	0.04696	0.00558
4	0.01568	0.01989	0.18549	0.10881	0.02959	0.01611	0.25614	0.08620	0.01636	0.02339	0.01415	0.01788	0.01070	0.00707	0.00821	0.00222	0.06878	0.00659	0.09777	0.00899
5	0.01788	0.01472	0.01553	0.01347	0.01749	0.01656	0.01062	0.17576	0.47488	0.03053	0.03041	0.02846	0.10323	0.01003	0.00707	0.00226	0.00564	0.00821	0.00686	0.01039
6	0.01675	0.01368	0.01556	0.01135	0.01730	0.01174	0.00917	0.16401	0.01809	0.02681	0.01308	0.01467	0.01046	0.00575	0.00545	0.00124	0.00560	0.00451	0.00466	0.63012
7	0.01711	0.01275	0.01419	0.04048	0.03581	0.07228	0.01000	0.08089	0.08598	0.12664	0.16380	0.09487	0.04460	0.01120	0.00725	0.00213	0.00589	0.06526	0.00628	0.10259
8	0.01311	0.01220	0.01748	0.01469	0.01725	0.04153	0.14460	0.01774	0.10205	0.01963	0.02702	0.11250	0.11633	0.10524	0.05907	0.00347	0.10685	0.00985	0.05213	0.00726
9	0.06393	0.01268	0.01668	0.01423	0.01793	0.01325	0.09276	0.10772	0.19351	0.08779	0.07574	0.10626	0.05371	0.01168	0.00756	0.00240	0.00620	0.10067	0.00635	0.00893

[dist]
# distance from previous block
# <min> <max>
0	40

[block]
# block no. 6 follows, 31 sequences, length 7
# corresponding to MSA columns:
# 641-647
name=unknown_G
#
# <colnr> <probs for GDERKNQSTAVLIFYWHMCP>
#	G	D	E	R	K	N	Q	S	T	A	V	L	I	F	Y	W	H	M	C	P
0	0.01189	0.00939	0.01107	0.01063	0.01191	0.04920	0.00778	0.06202	0.01268	0.01711	0.01875	0.03079	0.01863	0.26294	0.42516	0.00849	0.01362	0.00789	0.00404	0.00601
1	0.02494	0.01853	0.01996	0.01524	0.02077	0.02013	0.01256	0.63322	0.03055	0.04124	0.01604	0.01622	0.01150	0.00793	0.00668	0.00196	0.00731	0.00597	0.00659	0.08264
2	0.02601	0.01916	0.02053	0.01574	0.02122	0.02122	0.01300	0.69408	0.03217	0.04312	0.01643	0.01643	0.01163	0.00821	0.00684	0.00205	0.00753	0.00616	0.00684	0.01163
3	0.01453	0.01247	0.01434	0.01060	0.01641	0.01009	0.00844	0.01957	0.09864	0.02307	0.01408	0.01557	0.01145	0.00558	0.00530	0.00117	0.00511	0.00450	0.00441	0.70467
4	0.06497	0.01120	0.01226	0.01073	0.01342	0.01196	0.00821	0.20494	0.05274	0.02708	0.06172	0.05318	0.02139	0.17650	0.06515	0.00369	0.00671	0.03620	0.12462	0.03335
5	0.01454	0.10445	0.01721	0.03958	0.01622	0.07944	0.01076	0.07200	0.01380	0.01819	0.01496	0.02202	0.01395	0.08782	0.32296	0.00632	0.12842	0.00648	0.00374	0.00717
6	0.01671	0.04506	0.10413	0.01457	0.01890	0.01329	0.08773	0.09610	0.08754	0.11569	0.02020	0.06813	0.01690	0.05558	0.16781	0.00433	0.00975	0.00768	0.04114	0.00877

[dist]
# distance from previous block
# <min> <max>
39	115

[block]
# block no. 7 follows, 31 sequences, length 8
# corresponding to MSA columns:
# 789-796
name=unknown_H
#
# <colnr> <probs for GDERKNQSTAVLIFYWHMCP>
#	G	D	E	R	K	N	Q	S	T	A	V	L	I	F	Y	W	H	M	C	P
0	0.01663	0.01630	0.01791	0.01523	0.01848	0.14437	0.08324	0.07830	0.09999	0.02181	0.01971	0.13002	0.01899	0.05308	0.01043	0.00247	0.09126	0.04876	0.00485	0.10819
1	0.06674	0.07545	0.01971	0.01504	0.01884	0.18419	0.06638	0.02432	0.01623	0.22697	0.01714	0.04402	0.01343	0.01283	0.08249	0.00303	0.09297	0.00635	0.00503	0.00885
2	0.01712	0.09951	0.01940	0.08811	0.02084	0.05605	0.03648	0.14702	0.06541	0.02416	0.01572	0.06543	0.01379	0.04375	0.00821	0.00204	0.03817	0.00641	0.00461	0.22779
3	0.19461	0.01243	0.01250	0.01193	0.04137	0.05285	0.00868	0.06935	0.10224	0.05350	0.05626	0.02924	0.05602	0.15568	0.06525	0.00365	0.00705	0.03198	0.00517	0.03023
4	0.01164	0.00610	0.00915	0.00915	0.00929	0.00624	0.00624	0.00929	0.00915	0.01234	0.01261	0.02148	0.01247	0.02688	0.10656	0.71160	0.00734	0.00610	0.00305	0.00333
5	0.10325	0.02349	0.02027	0.02051	0.12632	0.35779	0.04110	0.02518	0.09458	0.02058	0.01273	0.01495	0.01043	0.00759	0.00807	0.00207	0.09325	0.00530	0.00390	0.00865
6	0.09862	0.05064	0.03580	0.01201	0.01524	0.04194	0.00992	0.14766	0.05707	0.05714	0.04873	0.12894	0.06128	0.07217	0.00948	0.00272	0.00625	0.13061	0.00582	0.00796
7	0.01773	0.24116	0.05640	0.01515	0.01979	0.16699	0.06683	0.02124	0.04329	0.01882	0.01428	0.02085	0.01306	0.00813	0.00738	0.00191	0.06834	0.08010	0.00379	0.11472

[dist]
# distance from previous block
# <min> <max>
3	29

[block]
# block no. 8 follows, 31 sequences, length 9
# corresponding to MSA columns:
# 826-834
name=unknown_I
#
# <colnr> <probs for GDERKNQSTAVLIFYWHMCP>
#	G	D	E	R	K	N	Q	S	T	A	V	L	I	F	Y	W	H	M	C	P
0	0.05656	0.01426	0.01809	0.09221	0.05955	0.08440	0.09679	0.10318	0.01708	0.04874	0.06357	0.14407	0.02101	0.08063	0.00970	0.00257	0.00740	0.00893	0.00492	0.06636
1	0.01553	0.08235	0.01550	0.05896	0.01628	0.01316	0.00916	0.18913	0.01775	0.02396	0.05153	0.08811	0.02095	0.22514	0.01471	0.00329	0.00649	0.02959	0.00505	0.11336
2	0.04870	0.14085	0.08116	0.01442	0.01884	0.19200	0.01263	0.12427	0.05405	0.05489	0.01582	0.02023	0.01331	0.01492	0.12230	0.00341	0.01028	0.04470	0.00450	0.00874
3	0.04464	0.11825	0.02460	0.12616	0.13990	0.19980	0.07924	0.06020	0.01657	0.02050	0.01167	0.01481	0.00955	0.00676	0.00709	0.00194	0.04868	0.00532	0.00357	0.06078
4	0.07109	0.01967	0.01744	0.01460	0.01875	0.24191	0.05096	0.10645	0.11948	0.04350	0.06056	0.01992	0.01583	0.04934	0.00793	0.00213	0.00811	0.00612	0.00498	0.12122
5	0.01220	0.01037	0.01340	0.01433	0.07895	0.05300	0.00991	0.01441	0.01208	0.01715	0.01748	0.04643	0.01675	0.11130	0.38427	0.00721	0.09929	0.00744	0.06740	0.00662
6	0.01157	0.01075	0.05738	0.01109	0.01300	0.04903	0.00896	0.01501	0.05294	0.01772	0.01990	0.06560	0.01888	0.13387	0.39845	0.00746	0.01288	0.00794	0.08107	0.00648
7	0.01603	0.01266	0.01136	0.00996	0.01285	0.11030	0.00755	0.08454	0.05727	0.02456	0.01887	0.02294	0.01555	0.07839	0.00818	0.00210	0.00562	0.00616	0.37134	0.12380
8	0.01001	0.00781	0.01108	0.05386	0.01359	0.00892	0.00852	0.01208	0.01157	0.01604	0.02391	0.07854	0.08467	0.12698	0.45229	0.00818	0.05295	0.00895	0.00408	0.00597

[dist]
# distance from previous block
# <min> <max>
0	6

# created by:
# /home/berkeley/.conda/envs/busco_data_prod/bin/msa2prfl.pl pipeline/OGs_align_augustus/4893/26748.fs
