[name]
unknown

[dist]
# distance from previous block
# <min> <max>
17	26

[block]
# block no. 0 follows, 33 sequences, length 28
# corresponding to MSA columns:
# 29-56
name=unknown_A
#
# <colnr> <probs for GDERKNQSTAVLIFYWHMCP>
#	G	D	E	R	K	N	Q	S	T	A	V	L	I	F	Y	W	H	M	C	P
0	0.03851	0.04624	0.01223	0.01035	0.01277	0.01044	0.00790	0.14353	0.03852	0.08521	0.09916	0.28307	0.05843	0.04896	0.03471	0.00271	0.00533	0.01144	0.04309	0.00740
1	0.01130	0.09673	0.01230	0.00987	0.01179	0.03749	0.00750	0.01437	0.07051	0.03782	0.11516	0.34817	0.12978	0.01652	0.03324	0.00258	0.01957	0.01305	0.00571	0.00654
2	0.01768	0.17795	0.13184	0.01766	0.05494	0.08307	0.12869	0.12914	0.11299	0.02336	0.01668	0.01789	0.04505	0.00716	0.00625	0.00194	0.00819	0.00601	0.00424	0.00929
3	0.05058	0.00993	0.01263	0.01282	0.08626	0.00959	0.00869	0.06088	0.06198	0.12326	0.08985	0.06514	0.14248	0.01295	0.01037	0.15436	0.00515	0.00836	0.00541	0.06933
4	0.01941	0.12943	0.21617	0.01902	0.10371	0.18864	0.03388	0.11253	0.03928	0.05900	0.01288	0.01435	0.00982	0.00663	0.00604	0.00188	0.00900	0.00503	0.00390	0.00941
5	0.01584	0.40212	0.19798	0.01428	0.02012	0.02089	0.03928	0.03734	0.01386	0.01834	0.03588	0.01372	0.01056	0.00677	0.00708	0.00179	0.09491	0.00464	0.00314	0.04148
6	0.00943	0.00801	0.04039	0.00859	0.01072	0.00639	0.00675	0.01173	0.01549	0.04161	0.24813	0.23047	0.27385	0.01551	0.00771	0.00223	0.00380	0.01349	0.00627	0.03942
7	0.01225	0.03683	0.01516	0.01259	0.01519	0.00978	0.11895	0.07429	0.03366	0.05055	0.09305	0.35725	0.11418	0.01465	0.00775	0.00235	0.00539	0.01334	0.00579	0.00701
8	0.03357	0.01616	0.04129	0.04519	0.06380	0.05686	0.21368	0.13099	0.03785	0.04582	0.01563	0.08044	0.01327	0.00765	0.00720	0.00197	0.03301	0.00710	0.00441	0.14411
9	0.00872	0.00651	0.00908	0.00961	0.01034	0.00627	0.03486	0.00998	0.01212	0.01618	0.03225	0.50842	0.06647	0.15312	0.08015	0.00401	0.00582	0.01538	0.00539	0.00531
10	0.01436	0.01576	0.08258	0.37461	0.18646	0.01549	0.15297	0.04240	0.01469	0.01983	0.01231	0.01697	0.00941	0.00625	0.00677	0.00213	0.00905	0.00615	0.00319	0.00861
11	0.01769	0.69568	0.07279	0.01196	0.01771	0.05996	0.01206	0.02009	0.01366	0.01582	0.00935	0.01081	0.00844	0.00572	0.00442	0.00146	0.00742	0.00363	0.00284	0.00848
12	0.04687	0.11953	0.26749	0.04752	0.02477	0.01667	0.13429	0.08758	0.01563	0.07623	0.01340	0.01625	0.01022	0.03059	0.03046	0.00243	0.04154	0.00566	0.00378	0.00908
13	0.01907	0.38228	0.02633	0.04698	0.05341	0.20579	0.01241	0.04330	0.09561	0.01816	0.01188	0.01335	0.00999	0.00660	0.00575	0.00170	0.03079	0.00451	0.00355	0.00856
14	0.63639	0.04092	0.01227	0.04054	0.01536	0.12475	0.00857	0.02031	0.01248	0.02652	0.00942	0.01115	0.00744	0.00622	0.00446	0.00197	0.00633	0.00376	0.00388	0.00726
15	0.00863	0.00680	0.00773	0.00788	0.00953	0.00617	0.00570	0.01118	0.04614	0.01967	0.20000	0.20921	0.37092	0.04926	0.00898	0.00247	0.00361	0.01403	0.00629	0.00580
16	0.00789	0.00667	0.00682	0.00678	0.00896	0.00560	0.00509	0.00966	0.01526	0.01839	0.11313	0.06235	0.67809	0.01645	0.00778	0.00221	0.00332	0.01375	0.00619	0.00560
17	0.01439	0.01754	0.17495	0.18475	0.10006	0.01526	0.01646	0.02163	0.15508	0.04585	0.01857	0.02080	0.05912	0.00836	0.00880	0.00225	0.11674	0.00651	0.00408	0.00880
18	0.00987	0.00685	0.00878	0.00830	0.00999	0.00624	0.00622	0.01272	0.01800	0.05193	0.59987	0.08374	0.12482	0.01392	0.00775	0.00211	0.00326	0.01223	0.00712	0.00630
19	0.01866	0.01704	0.01613	0.01482	0.03942	0.13108	0.01117	0.07085	0.51907	0.05313	0.02308	0.02173	0.01732	0.00841	0.00656	0.00212	0.00647	0.00677	0.00612	0.01005
20	0.01721	0.35829	0.25449	0.01511	0.02201	0.04131	0.06974	0.02141	0.01439	0.08409	0.01200	0.01343	0.00931	0.00606	0.00545	0.00174	0.00815	0.00460	0.00339	0.03781
21	0.05262	0.29831	0.25885	0.01402	0.02062	0.01873	0.01517	0.08848	0.01567	0.10256	0.01302	0.01428	0.00991	0.00848	0.04097	0.00223	0.00821	0.00473	0.00387	0.00927
22	0.02273	0.02856	0.01738	0.01597	0.01912	0.66012	0.01193	0.02439	0.01810	0.01624	0.01454	0.06221	0.04495	0.00814	0.00618	0.00178	0.01095	0.00562	0.00370	0.00739
23	0.00940	0.00705	0.01058	0.01058	0.01176	0.00823	0.00823	0.01176	0.01058	0.01528	0.01763	0.02586	0.01646	0.04937	0.74255	0.01058	0.01763	0.00705	0.00353	0.00588
24	0.04444	0.04179	0.24173	0.05245	0.10600	0.06901	0.11906	0.02036	0.01424	0.04560	0.01199	0.01488	0.00929	0.00657	0.00776	0.00200	0.08354	0.00537	0.00335	0.10058
25	0.01489	0.01405	0.10369	0.04370	0.08954	0.01178	0.11078	0.07879	0.03626	0.08608	0.02035	0.16443	0.01948	0.10098	0.01147	0.05181	0.00712	0.02222	0.00471	0.00787
26	0.00825	0.00595	0.00765	0.00874	0.00936	0.00553	0.00588	0.00956	0.01320	0.01758	0.10876	0.58401	0.09671	0.07359	0.01010	0.00284	0.00389	0.01698	0.00608	0.00535
27	0.09570	0.01741	0.01918	0.04422	0.11083	0.05778	0.01308	0.44925	0.02486	0.05008	0.01531	0.01779	0.01170	0.00780	0.00641	0.00202	0.00734	0.03343	0.00564	0.01018

[dist]
# distance from previous block
# <min> <max>
0	1

[block]
# block no. 1 follows, 33 sequences, length 18
# corresponding to MSA columns:
# 58-75
name=unknown_B
#
# <colnr> <probs for GDERKNQSTAVLIFYWHMCP>
#	G	D	E	R	K	N	Q	S	T	A	V	L	I	F	Y	W	H	M	C	P
0	0.05484	0.01514	0.02471	0.13351	0.21354	0.03823	0.19365	0.06926	0.04868	0.02195	0.01508	0.01883	0.03082	0.01004	0.06445	0.00277	0.02535	0.00659	0.00377	0.00881
1	0.70167	0.01270	0.01088	0.08011	0.01605	0.01483	0.00835	0.01983	0.04369	0.02823	0.01022	0.01199	0.00788	0.00629	0.00443	0.00206	0.00545	0.00396	0.00408	0.00730
2	0.01318	0.00850	0.01043	0.00927	0.01173	0.00785	0.00697	0.05134	0.04040	0.11583	0.30205	0.12479	0.09459	0.08489	0.00978	0.00246	0.00431	0.01072	0.00645	0.08447
3	0.04077	0.04462	0.16124	0.29516	0.10159	0.01404	0.01650	0.01827	0.01349	0.03640	0.01212	0.01623	0.00954	0.02637	0.00710	0.00202	0.02525	0.00526	0.00329	0.15074
4	0.20008	0.23783	0.24261	0.01390	0.02015	0.10979	0.01461	0.05652	0.01462	0.02179	0.01045	0.01206	0.00826	0.00620	0.00516	0.00183	0.00804	0.00416	0.00336	0.00858
5	0.01037	0.00902	0.05344	0.01050	0.01174	0.00861	0.03189	0.01168	0.01034	0.01449	0.01728	0.03042	0.01777	0.32106	0.29043	0.08412	0.05027	0.00774	0.00356	0.00526
6	0.01067	0.00823	0.01149	0.01099	0.01210	0.00972	0.00846	0.04594	0.01140	0.01629	0.01710	0.02658	0.01645	0.14000	0.54247	0.00886	0.08636	0.00721	0.00368	0.00601
7	0.06454	0.02012	0.01989	0.01606	0.02068	0.19061	0.07811	0.34041	0.07078	0.05825	0.01584	0.01814	0.01216	0.00784	0.00653	0.00200	0.00835	0.03464	0.00543	0.00964
8	0.01064	0.00716	0.00871	0.00823	0.01035	0.00637	0.00635	0.01316	0.01710	0.08599	0.37610	0.05357	0.30116	0.01446	0.00775	0.00218	0.00360	0.05388	0.00684	0.00641
9	0.00829	0.00594	0.00788	0.00898	0.00961	0.00553	0.00613	0.00985	0.01386	0.01881	0.17981	0.61510	0.04742	0.01913	0.00827	0.00255	0.00367	0.01729	0.00635	0.00553
10	0.00929	0.00662	0.00889	0.00909	0.00971	0.00714	0.00632	0.01058	0.01046	0.01451	0.02127	0.12898	0.02287	0.32211	0.37405	0.00793	0.01150	0.00955	0.00404	0.00508
11	0.00816	0.00651	0.00732	0.00749	0.00922	0.00566	0.00547	0.01005	0.01536	0.01950	0.20607	0.19011	0.45246	0.01670	0.00789	0.00227	0.00337	0.01435	0.00636	0.00566
12	0.01637	0.01414	0.01489	0.01340	0.01712	0.01637	0.01042	0.03498	0.71568	0.02754	0.02679	0.02456	0.02010	0.00893	0.00670	0.00223	0.00521	0.00744	0.00670	0.01042
13	0.01500	0.01123	0.01309	0.01240	0.01534	0.01195	0.01030	0.15850	0.17328	0.04517	0.03253	0.04880	0.10479	0.01361	0.00784	0.00252	0.00580	0.30333	0.00637	0.00815
14	0.09532	0.06285	0.01931	0.19061	0.03942	0.01812	0.01332	0.31064	0.06486	0.02909	0.01399	0.01617	0.01059	0.00875	0.02872	0.00232	0.05619	0.00565	0.00484	0.00923
15	0.20135	0.05503	0.04655	0.04912	0.11714	0.01566	0.09973	0.13571	0.04891	0.02672	0.05693	0.01694	0.01308	0.00678	0.00592	0.00192	0.00688	0.00568	0.00443	0.08551
16	0.01629	0.08719	0.05206	0.03528	0.04377	0.05213	0.01080	0.08379	0.17509	0.05683	0.07133	0.04872	0.04235	0.00818	0.00614	0.00179	0.00601	0.00666	0.00514	0.19045
17	0.02033	0.07411	0.01874	0.04247	0.01987	0.45827	0.03485	0.02353	0.06257	0.01799	0.04327	0.05174	0.01343	0.00758	0.00606	0.00174	0.00954	0.00558	0.00390	0.08443

[dist]
# distance from previous block
# <min> <max>
0	3

[block]
# block no. 2 follows, 33 sequences, length 27
# corresponding to MSA columns:
# 79-105
name=unknown_C
#
# <colnr> <probs for GDERKNQSTAVLIFYWHMCP>
#	G	D	E	R	K	N	Q	S	T	A	V	L	I	F	Y	W	H	M	C	P
0	0.15812	0.04424	0.07889	0.02052	0.13632	0.18568	0.11655	0.02132	0.01483	0.04310	0.01250	0.01699	0.01047	0.00726	0.00747	0.00208	0.07318	0.03844	0.00365	0.00838
1	0.58109	0.05175	0.05288	0.01000	0.01415	0.05690	0.00866	0.01965	0.03679	0.02692	0.05659	0.03618	0.01239	0.00713	0.00477	0.00202	0.00569	0.00479	0.00425	0.00737
2	0.01363	0.03313	0.14621	0.06659	0.07332	0.01156	0.10368	0.01761	0.01460	0.07582	0.06116	0.10483	0.05445	0.01215	0.04982	0.00263	0.00771	0.06712	0.00452	0.07946
3	0.03101	0.07094	0.05226	0.05713	0.10176	0.01187	0.04487	0.05220	0.03160	0.11310	0.15525	0.07113	0.09880	0.02735	0.04945	0.00264	0.00659	0.00866	0.00531	0.00808
4	0.01227	0.00614	0.00614	0.00614	0.00767	0.00614	0.00460	0.01534	0.01381	0.02454	0.02148	0.02454	0.01687	0.00767	0.00460	0.00153	0.00307	0.00614	0.80518	0.00614
5	0.05510	0.24662	0.17908	0.06225	0.07023	0.01746	0.10273	0.01976	0.01409	0.04076	0.03089	0.01479	0.01056	0.00605	0.00565	0.00176	0.00779	0.00502	0.00338	0.10603
6	0.00941	0.00709	0.00897	0.00986	0.01113	0.00696	0.00744	0.01268	0.07259	0.01900	0.07796	0.38036	0.13351	0.01913	0.03378	0.00290	0.00483	0.17025	0.00612	0.00603
7	0.01227	0.00614	0.00614	0.00614	0.00767	0.00614	0.00460	0.01534	0.01381	0.02454	0.02148	0.02454	0.01687	0.00767	0.00460	0.00153	0.00307	0.00614	0.80518	0.00614
8	0.09800	0.10645	0.07956	0.01423	0.03280	0.09304	0.03098	0.04305	0.01426	0.10075	0.01740	0.06587	0.05405	0.03430	0.03189	0.00255	0.16197	0.00664	0.00424	0.00797
9	0.08530	0.26393	0.21008	0.01435	0.03559	0.01764	0.04006	0.06274	0.01503	0.08933	0.01375	0.05511	0.01134	0.00700	0.00557	0.00182	0.00732	0.00539	0.00393	0.05471
10	0.00940	0.00635	0.00736	0.00747	0.00763	0.00627	0.00438	0.00977	0.01063	0.01430	0.08085	0.11465	0.02905	0.63204	0.02889	0.00566	0.00586	0.01067	0.00447	0.00431
11	0.01357	0.05132	0.57558	0.01858	0.02707	0.01518	0.08757	0.02061	0.04016	0.02039	0.01242	0.01495	0.00913	0.00729	0.00756	0.05178	0.00937	0.00525	0.00299	0.00921
12	0.04267	0.06475	0.15342	0.03084	0.10998	0.01316	0.01327	0.05279	0.04797	0.03669	0.01430	0.01626	0.02740	0.00771	0.03263	0.00191	0.00697	0.00502	0.00391	0.31834
13	0.01718	0.01664	0.01452	0.01299	0.01639	0.17275	0.01002	0.08675	0.34951	0.02490	0.09018	0.02828	0.11219	0.00979	0.00676	0.00208	0.00641	0.00785	0.00594	0.00887
14	0.01000	0.00663	0.00882	0.00898	0.00993	0.00663	0.00641	0.01125	0.01251	0.04156	0.12807	0.18002	0.07574	0.16764	0.18463	0.08511	0.00771	0.03803	0.00502	0.00534
15	0.01513	0.05420	0.07722	0.38251	0.05351	0.08875	0.05044	0.05215	0.01435	0.01840	0.01127	0.01577	0.00890	0.00727	0.00871	0.00219	0.12256	0.00558	0.00316	0.00793
16	0.06837	0.01636	0.04528	0.09192	0.38732	0.06129	0.04145	0.04954	0.08756	0.04651	0.01540	0.01792	0.02854	0.00674	0.00642	0.00202	0.00769	0.00604	0.00400	0.00963
17	0.01137	0.00741	0.00950	0.00869	0.01069	0.00687	0.00661	0.01490	0.04398	0.09166	0.59297	0.04665	0.09716	0.01300	0.00762	0.00208	0.00343	0.01137	0.00724	0.00679
18	0.02222	0.01366	0.01726	0.01352	0.01799	0.01393	0.05483	0.29432	0.04503	0.24306	0.14457	0.02441	0.02211	0.01014	0.02988	0.00230	0.00653	0.00740	0.00687	0.00998
19	0.05341	0.08949	0.03081	0.09854	0.12454	0.11463	0.03642	0.04101	0.06884	0.04003	0.03459	0.08959	0.01516	0.01002	0.00901	0.08215	0.04297	0.00689	0.00407	0.00782
20	0.02046	0.01197	0.01484	0.01223	0.01608	0.01200	0.03422	0.15566	0.13010	0.27130	0.05138	0.10813	0.06634	0.05368	0.00851	0.00239	0.00567	0.00882	0.00682	0.00940
21	0.01034	0.00746	0.00862	0.00861	0.01043	0.00702	0.00648	0.01329	0.06407	0.05373	0.11089	0.09873	0.31450	0.14054	0.01215	0.00304	0.00450	0.11356	0.00600	0.00604
22	0.03895	0.01201	0.01792	0.13083	0.12274	0.01377	0.05548	0.03618	0.08324	0.02006	0.03618	0.15482	0.01965	0.01247	0.03642	0.00272	0.14723	0.04722	0.00438	0.00774
23	0.05519	0.05715	0.06407	0.02155	0.16020	0.08352	0.11567	0.16272	0.04208	0.02443	0.01474	0.01726	0.03326	0.00893	0.03450	0.00238	0.08298	0.00607	0.00414	0.00917
24	0.01705	0.01824	0.03348	0.02449	0.03054	0.05843	0.52892	0.08856	0.08673	0.02341	0.01472	0.01791	0.01102	0.00618	0.00744	0.00217	0.01019	0.00736	0.00398	0.00918
25	0.01571	0.01014	0.03500	0.05860	0.01555	0.00962	0.00924	0.09036	0.01702	0.18317	0.16656	0.22723	0.03165	0.03833	0.03518	0.00269	0.02905	0.01086	0.00628	0.00777
26	0.01535	0.01300	0.01602	0.04822	0.01867	0.01127	0.04150	0.11391	0.03557	0.02418	0.01277	0.01464	0.01020	0.00553	0.00539	0.00127	0.00570	0.00456	0.00428	0.59798

[dist]
# distance from previous block
# <min> <max>
0	3

[block]
# block no. 3 follows, 33 sequences, length 36
# corresponding to MSA columns:
# 109-144
name=unknown_D
#
# <colnr> <probs for GDERKNQSTAVLIFYWHMCP>
#	G	D	E	R	K	N	Q	S	T	A	V	L	I	F	Y	W	H	M	C	P
0	0.03877	0.28379	0.02759	0.04105	0.04703	0.11487	0.12989	0.14195	0.01724	0.02160	0.01145	0.01385	0.00938	0.00714	0.00713	0.03505	0.03479	0.00510	0.00370	0.00863
1	0.01774	0.09021	0.02010	0.06373	0.05127	0.01450	0.09975	0.10877	0.09503	0.14428	0.05113	0.06595	0.06559	0.04538	0.00857	0.00231	0.03362	0.00788	0.00539	0.00883
2	0.01485	0.01776	0.11526	0.09753	0.22994	0.10643	0.03992	0.01843	0.01440	0.01921	0.01552	0.13375	0.01481	0.00861	0.00732	0.00203	0.04421	0.00742	0.00368	0.08891
3	0.01162	0.00858	0.00972	0.00897	0.01098	0.03320	0.00673	0.04742	0.03454	0.06160	0.35200	0.04476	0.18445	0.08862	0.06485	0.00314	0.00525	0.01077	0.00629	0.00651
4	0.01028	0.00797	0.01121	0.01092	0.01230	0.00792	0.05871	0.03791	0.05857	0.01906	0.08882	0.39923	0.03565	0.12448	0.04425	0.00343	0.00562	0.05194	0.00564	0.00609
5	0.00955	0.00644	0.00748	0.00746	0.00760	0.00650	0.00437	0.00984	0.01002	0.01350	0.04951	0.04216	0.02500	0.68844	0.08084	0.00649	0.00702	0.00950	0.00409	0.00421
6	0.00941	0.00649	0.00804	0.00816	0.00848	0.00675	0.00519	0.01007	0.01006	0.01369	0.02121	0.09580	0.02367	0.53497	0.20370	0.00711	0.00891	0.00968	0.00404	0.00455
7	0.01280	0.01428	0.11491	0.02000	0.22006	0.01159	0.03064	0.04738	0.06121	0.02180	0.08804	0.08903	0.17904	0.01108	0.00721	0.00219	0.00617	0.04940	0.00492	0.00825
8	0.01621	0.00897	0.01132	0.01002	0.01275	0.00840	0.00771	0.08856	0.01831	0.22358	0.24578	0.20003	0.09455	0.01327	0.00747	0.00220	0.00441	0.01150	0.00708	0.00788
9	0.01734	0.72906	0.07577	0.01171	0.01758	0.02541	0.01203	0.01978	0.01341	0.01580	0.00931	0.01076	0.00844	0.00567	0.00434	0.00145	0.00720	0.00360	0.00281	0.00852
10	0.01095	0.00747	0.00939	0.00885	0.01074	0.00705	0.00664	0.01483	0.06859	0.07296	0.50102	0.11962	0.10892	0.01376	0.00768	0.00215	0.00352	0.01208	0.00706	0.00672
11	0.04719	0.01874	0.06039	0.01501	0.01948	0.13731	0.04280	0.26887	0.04999	0.12483	0.01750	0.01836	0.03470	0.01086	0.05760	0.00262	0.05282	0.00607	0.00538	0.00947
12	0.01441	0.11676	0.34678	0.04039	0.10921	0.01541	0.03611	0.01934	0.01386	0.05341	0.03643	0.04601	0.01300	0.03575	0.03564	0.00252	0.04658	0.00606	0.00347	0.00887
13	0.01728	0.01893	0.01347	0.01253	0.01507	0.36344	0.00943	0.02026	0.04860	0.02042	0.20431	0.04753	0.06046	0.00987	0.00654	0.00189	0.00755	0.02465	0.09076	0.00702
14	0.01604	0.01350	0.01774	0.10498	0.08948	0.02858	0.03996	0.07138	0.04839	0.06419	0.01351	0.01574	0.01061	0.00618	0.00651	0.00158	0.04276	0.00507	0.00422	0.39958
15	0.04346	0.10186	0.02369	0.02166	0.19924	0.01705	0.10641	0.20989	0.04429	0.02643	0.04118	0.06398	0.04118	0.00815	0.00686	0.00202	0.02141	0.00714	0.00470	0.00940
16	0.00862	0.00613	0.00738	0.00806	0.00857	0.00580	0.00517	0.00946	0.01196	0.01571	0.05649	0.37700	0.12431	0.30417	0.01784	0.00401	0.00471	0.01440	0.00534	0.00489
17	0.00963	0.00676	0.00861	0.00828	0.00991	0.00615	0.00616	0.01232	0.01752	0.04690	0.54308	0.12810	0.14293	0.01448	0.00780	0.00215	0.00329	0.01273	0.00701	0.00619
18	0.01625	0.03796	0.10541	0.12423	0.38512	0.07536	0.10584	0.03418	0.01528	0.02059	0.01216	0.01586	0.00974	0.00607	0.00655	0.00200	0.00887	0.00580	0.00324	0.00949
19	0.01636	0.56401	0.23221	0.01338	0.02017	0.02301	0.01495	0.02003	0.01352	0.01700	0.00990	0.01150	0.00842	0.00581	0.00480	0.00160	0.00780	0.00390	0.00281	0.00881
20	0.00911	0.00655	0.00846	0.00957	0.01047	0.00628	0.00716	0.01076	0.01323	0.01723	0.03656	0.34180	0.11137	0.13972	0.01261	0.00334	0.00493	0.23969	0.00575	0.00539
21	0.25135	0.05102	0.02194	0.07596	0.17604	0.13153	0.12665	0.05354	0.01511	0.02327	0.01122	0.01401	0.00891	0.00617	0.00582	0.00198	0.00821	0.00515	0.00364	0.00848
22	0.00813	0.00593	0.00766	0.00882	0.00951	0.00546	0.00601	0.00953	0.01347	0.01788	0.10954	0.61890	0.11595	0.01949	0.00827	0.00257	0.00370	0.01752	0.00623	0.00546
23	0.01644	0.01616	0.04774	0.07736	0.20106	0.04574	0.09971	0.07270	0.26422	0.02462	0.05220	0.02079	0.01608	0.00753	0.00677	0.00211	0.00734	0.00685	0.00487	0.00971
24	0.02066	0.05650	0.01902	0.01794	0.11355	0.23499	0.01251	0.12221	0.21859	0.06572	0.01723	0.01820	0.01340	0.03189	0.00716	0.00208	0.00800	0.00589	0.00504	0.00943
25	0.00864	0.00670	0.00789	0.00778	0.00958	0.00595	0.00588	0.01102	0.01661	0.02184	0.36975	0.08435	0.35751	0.01540	0.00786	0.00221	0.00338	0.04514	0.00664	0.00588
26	0.01365	0.01170	0.01365	0.00975	0.01560	0.00878	0.00780	0.01658	0.01365	0.02145	0.01170	0.01365	0.00975	0.00488	0.00488	0.00098	0.00488	0.00390	0.00390	0.80888
27	0.01382	0.01345	0.01882	0.05194	0.01762	0.01849	0.01353	0.01525	0.01018	0.01558	0.01002	0.01748	0.01021	0.08845	0.02209	0.00320	0.64384	0.00615	0.00300	0.00688
28	0.01046	0.00649	0.00819	0.00873	0.00985	0.00618	0.00636	0.01251	0.01421	0.05170	0.14771	0.32931	0.03806	0.07181	0.00942	0.00264	0.00408	0.09179	0.16463	0.00589
29	0.00856	0.00616	0.00795	0.00860	0.00944	0.00572	0.00593	0.01030	0.01450	0.01975	0.26574	0.43877	0.08083	0.07385	0.01003	0.00273	0.00375	0.01553	0.00633	0.00554
30	0.03673	0.00718	0.00871	0.00812	0.01012	0.00654	0.00616	0.01311	0.01755	0.06608	0.50491	0.04966	0.21331	0.01366	0.00758	0.00210	0.00337	0.01179	0.00693	0.00638
31	0.00943	0.00695	0.01004	0.01004	0.01103	0.00794	0.00756	0.01141	0.01042	0.01488	0.01813	0.02860	0.01764	0.16352	0.63003	0.00991	0.01585	0.00745	0.00360	0.00558
32	0.01412	0.01258	0.01503	0.01092	0.01667	0.02855	0.04127	0.01765	0.03703	0.02150	0.01224	0.01416	0.01007	0.00509	0.00510	0.00109	0.00537	0.00421	0.00395	0.72340
33	0.01365	0.01170	0.01365	0.00975	0.01560	0.00878	0.00780	0.01658	0.01365	0.02145	0.01170	0.01365	0.00975	0.00488	0.00488	0.00098	0.00488	0.00390	0.00390	0.80888
34	0.11484	0.01322	0.01669	0.01393	0.04866	0.03078	0.08012	0.09259	0.03323	0.10601	0.02100	0.02199	0.10171	0.00906	0.02693	0.00208	0.04759	0.00643	0.00489	0.20825
35	0.01574	0.06156	0.10574	0.05140	0.08582	0.08659	0.04474	0.02199	0.13868	0.05384	0.07806	0.04816	0.01764	0.02301	0.00684	0.00195	0.00698	0.00660	0.00458	0.14008

[dist]
# distance from previous block
# <min> <max>
1	6

[block]
# block no. 4 follows, 33 sequences, length 19
# corresponding to MSA columns:
# 151-169
name=unknown_E
#
# <colnr> <probs for GDERKNQSTAVLIFYWHMCP>
#	G	D	E	R	K	N	Q	S	T	A	V	L	I	F	Y	W	H	M	C	P
0	0.01673	0.11976	0.31635	0.01883	0.06591	0.03826	0.10806	0.04845	0.10440	0.07858	0.01484	0.01617	0.01093	0.00663	0.00630	0.00201	0.00852	0.00562	0.00397	0.00969
1	0.01709	0.15199	0.08972	0.01611	0.06850	0.09964	0.06894	0.12436	0.03859	0.02296	0.05906	0.06451	0.01533	0.00762	0.00609	0.00178	0.00743	0.00629	0.00430	0.12970
2	0.00946	0.00644	0.00737	0.00737	0.00757	0.00645	0.00432	0.00970	0.00995	0.01321	0.02316	0.04315	0.06339	0.68023	0.07696	0.00641	0.00692	0.00966	0.00408	0.00420
3	0.06942	0.01814	0.08168	0.01800	0.11080	0.05754	0.03391	0.30296	0.02231	0.19509	0.01661	0.01678	0.01161	0.00732	0.00641	0.00199	0.00740	0.00581	0.00577	0.01046
4	0.01132	0.00576	0.00849	0.00849	0.00849	0.00576	0.00561	0.00864	0.00864	0.01152	0.01203	0.02149	0.01224	0.07071	0.02623	0.75701	0.00576	0.00596	0.00293	0.00293
5	0.04499	0.01545	0.01980	0.01913	0.15036	0.03863	0.04438	0.26659	0.02135	0.20389	0.01876	0.04332	0.03013	0.00820	0.00735	0.00206	0.04292	0.00666	0.00583	0.01020
6	0.01543	0.01528	0.07027	0.07373	0.16921	0.03310	0.01389	0.07690	0.21906	0.02376	0.08067	0.02404	0.01880	0.05187	0.00945	0.00242	0.06625	0.02193	0.00489	0.00904
7	0.04379	0.06213	0.01977	0.01574	0.05333	0.11367	0.01228	0.41494	0.06920	0.10601	0.01610	0.01612	0.01164	0.00757	0.00631	0.00193	0.00751	0.00567	0.00590	0.01038
8	0.04068	0.01387	0.03807	0.01526	0.02063	0.01208	0.19062	0.06578	0.01548	0.05515	0.03555	0.06442	0.01378	0.00695	0.00666	0.00168	0.02946	0.00643	0.00432	0.36315
9	0.00946	0.00633	0.00721	0.00733	0.00735	0.00631	0.00415	0.00954	0.00980	0.01306	0.02189	0.09628	0.02538	0.71347	0.03166	0.00611	0.00619	0.01025	0.00415	0.00409
10	0.00943	0.00697	0.01016	0.01016	0.01120	0.00800	0.00771	0.01149	0.01046	0.01497	0.01801	0.02797	0.01737	0.13727	0.65590	0.01007	0.01626	0.00736	0.00358	0.00565
11	0.01518	0.01998	0.14372	0.02676	0.07673	0.01652	0.52900	0.02079	0.01504	0.02087	0.01284	0.01694	0.00971	0.00592	0.00801	0.00221	0.04040	0.00712	0.00322	0.00904
12	0.00943	0.00694	0.01000	0.01000	0.01098	0.00792	0.00751	0.01139	0.01041	0.01485	0.01816	0.02879	0.01773	0.17151	0.62215	0.00987	0.01572	0.00748	0.00361	0.00556
13	0.01535	0.05823	0.30012	0.01967	0.09625	0.01510	0.11189	0.06006	0.01559	0.05746	0.06926	0.01786	0.01375	0.00705	0.00733	0.00201	0.05144	0.00599	0.00384	0.07177
14	0.00838	0.00623	0.00779	0.00869	0.00969	0.00571	0.00618	0.00999	0.01395	0.01825	0.12310	0.44632	0.19372	0.04368	0.00909	0.00266	0.00390	0.07099	0.00617	0.00551
15	0.01720	0.01435	0.01629	0.05299	0.08282	0.04730	0.01134	0.14493	0.28612	0.04790	0.11812	0.02377	0.02142	0.00851	0.00661	0.00200	0.00597	0.00710	0.00590	0.07936
16	0.01655	0.08495	0.12815	0.03796	0.05568	0.06678	0.01270	0.05937	0.01536	0.07078	0.02695	0.01504	0.01087	0.00633	0.00642	0.00158	0.04718	0.00477	0.00400	0.32857
17	0.07449	0.16967	0.24994	0.04004	0.09125	0.13033	0.06035	0.02125	0.01476	0.04626	0.01336	0.01526	0.03275	0.00655	0.00585	0.00189	0.00872	0.00509	0.00337	0.00883
18	0.04952	0.01982	0.06282	0.05889	0.02051	0.18984	0.01273	0.24518	0.05788	0.06694	0.03666	0.06441	0.01424	0.00870	0.00755	0.00206	0.06166	0.00647	0.00509	0.00902

[dist]
# distance from previous block
# <min> <max>
0	1

[block]
# block no. 5 follows, 33 sequences, length 22
# corresponding to MSA columns:
# 171-192
name=unknown_F
#
# <colnr> <probs for GDERKNQSTAVLIFYWHMCP>
#	G	D	E	R	K	N	Q	S	T	A	V	L	I	F	Y	W	H	M	C	P
0	0.01774	0.01067	0.04086	0.01069	0.01425	0.00938	0.00894	0.07376	0.05595	0.26301	0.23561	0.03845	0.12541	0.01146	0.00726	0.00215	0.00487	0.05395	0.00706	0.00854
1	0.10563	0.06065	0.12615	0.07263	0.24923	0.05070	0.06091	0.10218	0.03742	0.02413	0.04047	0.01645	0.01183	0.00664	0.00620	0.00199	0.00789	0.00567	0.00390	0.00933
2	0.01724	0.49783	0.09669	0.04422	0.04796	0.07555	0.05909	0.02115	0.05310	0.01736	0.01096	0.01272	0.00928	0.00600	0.00509	0.00164	0.00791	0.00438	0.00313	0.00868
3	0.01566	0.05086	0.01375	0.01052	0.01403	0.01043	0.00841	0.05504	0.05341	0.15066	0.20686	0.08622	0.05970	0.01027	0.00745	0.00189	0.04711	0.00848	0.00599	0.18325
4	0.00888	0.00646	0.00828	0.00922	0.01011	0.00616	0.00660	0.01094	0.03200	0.01850	0.12838	0.44523	0.09255	0.07962	0.01037	0.00290	0.00424	0.10788	0.00610	0.00560
5	0.01431	0.01339	0.02167	0.17054	0.11020	0.01612	0.09920	0.01717	0.01258	0.04580	0.01382	0.09322	0.01295	0.00990	0.01307	0.00249	0.31485	0.00741	0.00353	0.00779
6	0.00927	0.00630	0.00745	0.00773	0.00787	0.00629	0.00461	0.00961	0.01019	0.01366	0.02349	0.17714	0.02720	0.59027	0.06665	0.00591	0.00650	0.01115	0.00436	0.00434
7	0.37607	0.01159	0.01242	0.01039	0.01474	0.01176	0.00862	0.02494	0.01516	0.36286	0.01925	0.02144	0.01399	0.00806	0.00569	0.00212	0.00541	0.06033	0.00617	0.00898
8	0.02009	0.51212	0.02906	0.01309	0.01811	0.20842	0.01175	0.08612	0.01638	0.01810	0.01004	0.01139	0.00872	0.00614	0.00488	0.00154	0.00829	0.00393	0.00332	0.00850
9	0.00955	0.00649	0.00770	0.00770	0.00788	0.00667	0.00464	0.00991	0.00973	0.01315	0.02027	0.04044	0.02279	0.65849	0.14209	0.00703	0.00811	0.00919	0.00392	0.00428
10	0.00961	0.00633	0.00818	0.00914	0.01011	0.00582	0.00640	0.01098	0.01337	0.06433	0.03879	0.56889	0.12443	0.04132	0.00899	0.00271	0.00408	0.05459	0.00618	0.00576
11	0.18116	0.01314	0.01447	0.01155	0.01631	0.07027	0.00943	0.02915	0.01735	0.53790	0.02143	0.01928	0.01389	0.00764	0.00607	0.00201	0.00601	0.00584	0.00697	0.01012
12	0.01571	0.01673	0.06813	0.08960	0.52717	0.01571	0.12944	0.02013	0.01488	0.02106	0.01245	0.01648	0.01012	0.00589	0.00671	0.00202	0.00852	0.00611	0.00322	0.00991
13	0.00951	0.00782	0.00843	0.00827	0.01038	0.00747	0.00613	0.01407	0.13282	0.02011	0.13152	0.12793	0.42609	0.04890	0.00881	0.00244	0.00381	0.01289	0.00625	0.00636
14	0.00876	0.00617	0.00821	0.00938	0.01015	0.00584	0.00676	0.01055	0.01394	0.01896	0.13874	0.52611	0.04453	0.01872	0.00828	0.00260	0.00403	0.11840	0.03425	0.00561
15	0.14679	0.05380	0.04668	0.04061	0.07217	0.37245	0.04380	0.07017	0.01688	0.02076	0.01069	0.01289	0.00868	0.00683	0.00666	0.00190	0.05185	0.00466	0.00362	0.00814
16	0.00938	0.00731	0.00859	0.00816	0.01012	0.00682	0.00615	0.01327	0.07416	0.02364	0.44935	0.05187	0.27848	0.01416	0.00768	0.00213	0.00335	0.01220	0.00683	0.00634
17	0.01225	0.01093	0.04177	0.09794	0.01791	0.01197	0.03761	0.07140	0.01277	0.01784	0.01645	0.07686	0.01600	0.11634	0.25570	0.03726	0.13098	0.00766	0.00379	0.00658
18	0.00810	0.00650	0.00723	0.00743	0.00918	0.00563	0.00543	0.00992	0.01519	0.01912	0.17730	0.19359	0.47855	0.01685	0.00790	0.00228	0.00339	0.01445	0.00631	0.00563
19	0.06086	0.01945	0.11753	0.09800	0.11701	0.10281	0.18005	0.05027	0.11922	0.02217	0.01507	0.04146	0.01201	0.00706	0.00667	0.00210	0.00875	0.00652	0.00398	0.00899
20	0.00852	0.00661	0.00778	0.00789	0.00957	0.00587	0.00589	0.01070	0.01598	0.02084	0.29658	0.15691	0.35535	0.01615	0.00793	0.00227	0.00347	0.04939	0.00652	0.00579
21	0.01619	0.11620	0.15453	0.04468	0.06331	0.05769	0.05831	0.05945	0.05217	0.04247	0.01322	0.01599	0.01060	0.00660	0.00664	0.00176	0.04533	0.01875	0.00383	0.21229

[dist]
# distance from previous block
# <min> <max>
0	7

[block]
# block no. 6 follows, 33 sequences, length 30
# corresponding to MSA columns:
# 200-229
name=unknown_G
#
# <colnr> <probs for GDERKNQSTAVLIFYWHMCP>
#	G	D	E	R	K	N	Q	S	T	A	V	L	I	F	Y	W	H	M	C	P
0	0.09059	0.39764	0.07146	0.05864	0.06055	0.06258	0.01242	0.04888	0.01448	0.03394	0.01061	0.01240	0.00887	0.00593	0.00493	0.00160	0.00723	0.00413	0.00337	0.08974
1	0.00957	0.00638	0.00718	0.00718	0.00718	0.00638	0.00399	0.00957	0.00957	0.01276	0.02074	0.04308	0.02393	0.76864	0.03351	0.00638	0.00638	0.00957	0.00399	0.00399
2	0.01803	0.37146	0.16580	0.01696	0.07211	0.14700	0.05730	0.04754	0.01532	0.01841	0.01059	0.01249	0.00878	0.00605	0.00539	0.00170	0.00871	0.00443	0.00312	0.00883
3	0.01290	0.00959	0.01139	0.01126	0.03530	0.05340	0.00836	0.01644	0.06269	0.09394	0.17532	0.06413	0.11766	0.02429	0.24254	0.00485	0.00901	0.03440	0.00552	0.00701
4	0.04381	0.16400	0.02667	0.08495	0.04302	0.17486	0.19903	0.07900	0.05370	0.02108	0.03976	0.01623	0.01181	0.00663	0.00628	0.00191	0.00906	0.00582	0.00383	0.00854
5	0.01485	0.02512	0.42623	0.01953	0.11655	0.01466	0.01931	0.07582	0.07123	0.04463	0.09280	0.01937	0.01596	0.00740	0.00653	0.00207	0.00807	0.00612	0.00411	0.00965
6	0.00957	0.00638	0.00718	0.00718	0.00718	0.00638	0.00399	0.00957	0.00957	0.01276	0.02074	0.04308	0.02393	0.76864	0.03351	0.00638	0.00638	0.00957	0.00399	0.00399
7	0.01305	0.00788	0.00955	0.00906	0.01108	0.00732	0.00668	0.05331	0.01553	0.14084	0.10450	0.22122	0.20317	0.12633	0.01151	0.00292	0.00460	0.03853	0.00628	0.00664
8	0.01567	0.01232	0.01781	0.01587	0.06273	0.01282	0.11535	0.18481	0.05012	0.05442	0.02210	0.10331	0.05128	0.04296	0.15570	0.00401	0.00905	0.03365	0.02777	0.00824
9	0.01262	0.00870	0.01195	0.01114	0.01308	0.00974	0.00878	0.09766	0.01386	0.06554	0.04059	0.02516	0.01727	0.04048	0.58136	0.00870	0.01512	0.00704	0.00432	0.00688
10	0.00957	0.00638	0.00718	0.00718	0.00718	0.00638	0.00399	0.00957	0.00957	0.01276	0.02074	0.04308	0.02393	0.76864	0.03351	0.00638	0.00638	0.00957	0.00399	0.00399
11	0.04002	0.00825	0.00958	0.00858	0.01106	0.00779	0.00659	0.06146	0.01721	0.13204	0.24988	0.06063	0.19159	0.03959	0.00788	0.00219	0.00401	0.01013	0.12444	0.00707
12	0.18691	0.01025	0.01138	0.00965	0.01327	0.00998	0.00766	0.04718	0.03922	0.26162	0.10005	0.05223	0.15555	0.03940	0.00747	0.00224	0.00482	0.00830	0.00638	0.02645
13	0.01296	0.00837	0.00910	0.00829	0.00972	0.00867	0.00575	0.12911	0.01498	0.02189	0.06337	0.03344	0.02207	0.37182	0.01895	0.00396	0.00536	0.00810	0.23813	0.00597
14	0.01071	0.00843	0.00999	0.01015	0.01210	0.00857	0.00788	0.01675	0.17657	0.02195	0.17414	0.18033	0.16320	0.01530	0.00792	0.00245	0.00439	0.15584	0.00646	0.00687
15	0.04619	0.00973	0.01112	0.00997	0.01273	0.03689	0.00774	0.05217	0.04800	0.18351	0.25950	0.11919	0.12995	0.01263	0.00730	0.00217	0.00459	0.03214	0.00681	0.00767
16	0.06047	0.00774	0.00899	0.00841	0.01046	0.00725	0.00623	0.03276	0.01585	0.06966	0.28203	0.13352	0.17370	0.08920	0.00989	0.00254	0.00404	0.01140	0.02821	0.03766
17	0.00946	0.00640	0.00715	0.00715	0.00729	0.00633	0.00405	0.00957	0.00991	0.01307	0.02357	0.04433	0.06703	0.72241	0.03193	0.00613	0.00619	0.00984	0.00412	0.00409
18	0.01101	0.00789	0.00946	0.00892	0.01091	0.00759	0.00672	0.07800	0.01700	0.05013	0.26912	0.14472	0.23124	0.03922	0.07489	0.00308	0.00517	0.01211	0.00632	0.00649
19	0.04583	0.00785	0.00893	0.00830	0.01027	0.00745	0.00599	0.01480	0.05760	0.10627	0.17176	0.06429	0.23312	0.21241	0.01421	0.00327	0.00457	0.01078	0.00597	0.00632
20	0.00854	0.00622	0.00733	0.00789	0.00865	0.00578	0.00517	0.00956	0.01254	0.01629	0.07913	0.32556	0.19659	0.26144	0.01635	0.00373	0.00449	0.01423	0.00549	0.00501
21	0.01629	0.01564	0.02672	0.04041	0.72757	0.01564	0.02020	0.02020	0.01499	0.02151	0.01238	0.01629	0.01043	0.00587	0.00652	0.00196	0.00782	0.00587	0.00326	0.01043
22	0.01548	0.01481	0.02525	0.19044	0.58389	0.01543	0.01980	0.01949	0.01461	0.02052	0.01224	0.01656	0.01008	0.00602	0.00653	0.00201	0.00802	0.00586	0.00319	0.00977
23	0.04505	0.00971	0.01411	0.01777	0.21814	0.00934	0.02748	0.01406	0.01537	0.02148	0.22093	0.11243	0.19175	0.04334	0.00838	0.00231	0.00502	0.01075	0.00535	0.00721
24	0.00881	0.00700	0.00768	0.00752	0.00954	0.00629	0.00563	0.01175	0.05050	0.02087	0.24325	0.08154	0.45521	0.01520	0.00762	0.00217	0.00337	0.01290	0.03717	0.00599
25	0.00889	0.00636	0.00879	0.07109	0.01239	0.00634	0.00707	0.00998	0.01217	0.01614	0.03088	0.55118	0.03621	0.09334	0.01198	0.06007	0.00471	0.04179	0.00540	0.00523
26	0.01511	0.01185	0.01443	0.01143	0.05089	0.00919	0.00857	0.01805	0.01415	0.08075	0.01293	0.01451	0.01033	0.00520	0.00510	0.00111	0.00508	0.00422	0.00422	0.70287
27	0.01215	0.01121	0.01726	0.17884	0.16048	0.03894	0.07017	0.01507	0.01375	0.01804	0.02353	0.21449	0.06280	0.05060	0.03743	0.00284	0.00738	0.05353	0.00431	0.00716
28	0.00825	0.00659	0.00730	0.00731	0.00912	0.00573	0.00536	0.01016	0.01547	0.01963	0.22381	0.12336	0.47336	0.04430	0.00879	0.00238	0.00344	0.01369	0.00631	0.00564
29	0.03907	0.01689	0.06477	0.04962	0.14848	0.06614	0.01337	0.12226	0.20954	0.05559	0.01699	0.01778	0.01290	0.00707	0.00621	0.00189	0.00685	0.00579	0.00497	0.13382

[dist]
# distance from previous block
# <min> <max>
1	27

[block]
# block no. 7 follows, 33 sequences, length 78
# corresponding to MSA columns:
# 257-334
name=unknown_H
#
# <colnr> <probs for GDERKNQSTAVLIFYWHMCP>
#	G	D	E	R	K	N	Q	S	T	A	V	L	I	F	Y	W	H	M	C	P
0	0.01502	0.01414	0.02375	0.10276	0.57289	0.01441	0.01821	0.01870	0.01456	0.02056	0.03372	0.01987	0.03081	0.03631	0.03451	0.00247	0.00797	0.00642	0.00345	0.00949
1	0.12065	0.01211	0.01384	0.01204	0.04115	0.01220	0.00908	0.18224	0.04315	0.08575	0.01677	0.02081	0.03177	0.03894	0.01043	0.14368	0.00586	0.03042	0.00497	0.16415
2	0.01522	0.01443	0.02452	0.18366	0.50633	0.01501	0.04385	0.03487	0.01488	0.02074	0.01368	0.05786	0.01192	0.00686	0.00668	0.00205	0.00790	0.00664	0.00343	0.00947
3	0.00982	0.00672	0.00805	0.00808	0.00859	0.00673	0.00518	0.02813	0.01164	0.01565	0.08812	0.11483	0.05413	0.48241	0.07193	0.03528	0.00643	0.02892	0.00463	0.00471
4	0.06486	0.00815	0.00911	0.00832	0.00975	0.00812	0.00558	0.05790	0.01305	0.09585	0.06751	0.03884	0.07595	0.48325	0.02338	0.00476	0.00584	0.00909	0.00498	0.00571
5	0.09734	0.01092	0.01169	0.01050	0.01335	0.01168	0.00839	0.21691	0.04478	0.02822	0.05011	0.09483	0.05479	0.03209	0.00722	0.00223	0.00515	0.09868	0.19340	0.00771
6	0.16161	0.00792	0.00845	0.00872	0.01070	0.00797	0.00683	0.01368	0.01355	0.04008	0.03380	0.14182	0.17316	0.06725	0.00880	0.00262	0.00459	0.16359	0.11878	0.00606
7	0.00920	0.00643	0.00785	0.00834	0.00944	0.00607	0.00592	0.01145	0.02885	0.02015	0.20026	0.32219	0.12505	0.07492	0.00967	0.00263	0.00382	0.04015	0.10190	0.00570
8	0.01152	0.00683	0.00873	0.00892	0.01006	0.00637	0.00617	0.01283	0.01339	0.11274	0.09647	0.35711	0.06119	0.21429	0.01469	0.00350	0.00473	0.03862	0.00593	0.00589
9	0.02447	0.01586	0.01762	0.01369	0.01860	0.01691	0.01125	0.49127	0.04779	0.18135	0.02063	0.01980	0.04348	0.00835	0.00657	0.00199	0.00652	0.00647	0.03662	0.01074
10	0.00915	0.00653	0.00758	0.00798	0.00863	0.00627	0.00511	0.02809	0.01212	0.01577	0.03384	0.29026	0.15178	0.36438	0.01982	0.00429	0.00501	0.01332	0.00515	0.00491
11	0.29852	0.01041	0.01080	0.00972	0.01295	0.01082	0.00758	0.03869	0.05938	0.17941	0.05726	0.17046	0.06571	0.03176	0.00695	0.00231	0.00485	0.00878	0.00588	0.00776
12	0.03945	0.00703	0.00742	0.00722	0.00944	0.00617	0.00545	0.01138	0.01537	0.04772	0.14909	0.08050	0.52270	0.01522	0.00746	0.00217	0.00346	0.01275	0.04405	0.00595
13	0.00836	0.00648	0.00771	0.00854	0.00996	0.00583	0.00638	0.01007	0.01414	0.01775	0.04994	0.32461	0.35413	0.01840	0.00824	0.00253	0.00399	0.13130	0.00610	0.00557
14	0.00885	0.00630	0.00821	0.00937	0.01005	0.00602	0.00671	0.01032	0.01302	0.01723	0.06178	0.45491	0.06549	0.13190	0.01227	0.00327	0.00464	0.15851	0.00583	0.00534
15	0.01163	0.00907	0.01054	0.00945	0.01246	0.00815	0.00718	0.03447	0.08777	0.04158	0.10303	0.20085	0.18134	0.01284	0.00700	0.00199	0.00428	0.02951	0.00577	0.22108
16	0.04559	0.01829	0.01949	0.01498	0.02022	0.02027	0.01237	0.68776	0.03044	0.04118	0.01563	0.01567	0.01109	0.00786	0.00652	0.00198	0.00719	0.00587	0.00652	0.01109
17	0.00788	0.00658	0.00687	0.00699	0.00900	0.00557	0.00517	0.00957	0.01496	0.01813	0.09732	0.13010	0.62549	0.01689	0.00784	0.00226	0.00337	0.01426	0.00617	0.00557
18	0.01813	0.01427	0.01518	0.01314	0.01704	0.01618	0.01036	0.16134	0.51121	0.05192	0.02428	0.02282	0.01804	0.00862	0.00652	0.00213	0.00545	0.00703	0.06607	0.01027
19	0.81514	0.01273	0.00968	0.00866	0.01273	0.01477	0.00713	0.01935	0.01120	0.02954	0.00917	0.01069	0.00713	0.00611	0.00407	0.00204	0.00509	0.00356	0.00407	0.00713
20	0.00924	0.00680	0.00978	0.00998	0.01090	0.00762	0.00743	0.01115	0.01072	0.01518	0.02048	0.12550	0.02095	0.13367	0.55875	0.00902	0.01443	0.00890	0.00392	0.00558
21	0.01723	0.01705	0.02547	0.03640	0.60786	0.07917	0.01901	0.04447	0.01563	0.02147	0.01213	0.01580	0.01020	0.00628	0.00718	0.00198	0.04351	0.00572	0.00337	0.01006
22	0.00957	0.00638	0.00718	0.00718	0.00718	0.00638	0.00399	0.00957	0.00957	0.01276	0.02074	0.04308	0.02393	0.76864	0.03351	0.00638	0.00638	0.00957	0.00399	0.00399
23	0.01570	0.01343	0.01430	0.01291	0.01642	0.01540	0.01002	0.03281	0.64860	0.02743	0.09390	0.02693	0.02414	0.00937	0.00680	0.00222	0.00501	0.00787	0.00675	0.01002
24	0.01631	0.02180	0.23408	0.04950	0.07803	0.01608	0.34570	0.07826	0.01640	0.05888	0.01362	0.01662	0.00993	0.00614	0.00705	0.00213	0.00980	0.00653	0.00367	0.00948
25	0.00941	0.00719	0.00895	0.00982	0.01164	0.00672	0.00824	0.01187	0.01509	0.01889	0.04829	0.06966	0.32787	0.01755	0.00854	0.00269	0.00491	0.40073	0.00608	0.00585
26	0.02323	0.02891	0.01958	0.01946	0.09505	0.63122	0.01359	0.02515	0.01786	0.01667	0.01034	0.01246	0.00869	0.00691	0.00674	0.00178	0.04661	0.00448	0.00335	0.00791
27	0.24601	0.01700	0.03935	0.09640	0.02137	0.12438	0.06121	0.08753	0.01562	0.11101	0.01261	0.01467	0.00948	0.00738	0.00787	0.00213	0.10816	0.00516	0.00434	0.00833
28	0.00791	0.00667	0.00684	0.00680	0.00897	0.00561	0.00510	0.00969	0.01530	0.01849	0.12047	0.06220	0.67068	0.01641	0.00778	0.00221	0.00332	0.01373	0.00621	0.00561
29	0.01444	0.01182	0.01380	0.01000	0.01565	0.00926	0.00801	0.04937	0.01479	0.04109	0.03832	0.01528	0.01190	0.00542	0.00511	0.00109	0.00494	0.00436	0.00426	0.72109
30	0.00914	0.00620	0.00731	0.00773	0.00784	0.00609	0.00458	0.00946	0.01042	0.01389	0.02508	0.24422	0.02940	0.56004	0.02651	0.00535	0.00567	0.01212	0.00458	0.00437
31	0.00782	0.00652	0.00682	0.00707	0.00900	0.00552	0.00518	0.00940	0.01462	0.01763	0.06182	0.17553	0.61586	0.01731	0.00788	0.00230	0.00341	0.01467	0.00611	0.00552
32	0.02937	0.01148	0.01545	0.01184	0.01694	0.01008	0.00978	0.05743	0.01930	0.70614	0.02559	0.02216	0.01610	0.00814	0.00662	0.00203	0.00566	0.00659	0.00809	0.01120
33	0.01376	0.01344	0.02395	0.48789	0.20444	0.01514	0.11067	0.01819	0.01391	0.01850	0.01208	0.01728	0.00933	0.00627	0.00673	0.00214	0.00886	0.00611	0.00306	0.00826
34	0.05486	0.43337	0.02688	0.01351	0.01815	0.32168	0.01169	0.02242	0.01547	0.01635	0.00958	0.01111	0.00840	0.00613	0.00493	0.00155	0.00895	0.00382	0.00311	0.00805
35	0.16674	0.19302	0.16373	0.01581	0.09270	0.03406	0.02967	0.03724	0.01446	0.09960	0.01239	0.01377	0.00948	0.00615	0.00534	0.00178	0.00714	0.00459	0.00390	0.08843
36	0.01605	0.12376	0.22050	0.02764	0.33329	0.04421	0.06399	0.03694	0.01489	0.02061	0.01175	0.01473	0.00946	0.00616	0.00661	0.00195	0.02928	0.00534	0.00315	0.00969
37	0.62154	0.05535	0.01311	0.01149	0.04773	0.10425	0.00880	0.02018	0.01238	0.02648	0.00943	0.01118	0.00755	0.00627	0.00480	0.00198	0.02238	0.00380	0.00386	0.00742
38	0.04826	0.01910	0.10005	0.12570	0.12362	0.10001	0.25948	0.02133	0.01509	0.06604	0.01287	0.01631	0.00976	0.00645	0.00755	0.00212	0.04774	0.00620	0.00353	0.00881
39	0.00791	0.00667	0.00684	0.00680	0.00897	0.00561	0.00510	0.00969	0.01530	0.01849	0.12025	0.06220	0.67090	0.01641	0.00778	0.00221	0.00332	0.01373	0.00621	0.00561
40	0.01061	0.00758	0.01061	0.01212	0.01364	0.00758	0.01061	0.01364	0.01515	0.01970	0.03486	0.07426	0.03789	0.01819	0.00909	0.00303	0.00606	0.68326	0.00606	0.00606
41	0.00974	0.00662	0.00904	0.00904	0.00962	0.00720	0.00631	0.01051	0.00994	0.01383	0.01796	0.03151	0.01858	0.31447	0.38156	0.11604	0.01183	0.00782	0.00361	0.00477
42	0.00957	0.00638	0.00718	0.00718	0.00718	0.00638	0.00399	0.00957	0.00957	0.01276	0.02074	0.04308	0.02393	0.76864	0.03351	0.00638	0.00638	0.00957	0.00399	0.00399
43	0.02566	0.01742	0.01912	0.01466	0.01990	0.01889	0.01211	0.61024	0.02924	0.13930	0.01725	0.01674	0.01192	0.00794	0.00659	0.00198	0.00701	0.00603	0.00681	0.01120
44	0.81514	0.01273	0.00968	0.00866	0.01273	0.01477	0.00713	0.01935	0.01120	0.02954	0.00917	0.01069	0.00713	0.00611	0.00407	0.00204	0.00509	0.00356	0.00407	0.00713
45	0.70325	0.01354	0.01110	0.00958	0.01382	0.01557	0.00789	0.11654	0.01400	0.03123	0.01011	0.01142	0.00771	0.00636	0.00443	0.00203	0.00540	0.00390	0.00443	0.00771
46	0.01666	0.01271	0.01461	0.01341	0.01668	0.01391	0.01116	0.23781	0.20172	0.02862	0.02675	0.04291	0.02484	0.01254	0.00768	0.00249	0.00621	0.29408	0.00639	0.00881
47	0.50346	0.01437	0.01349	0.01147	0.01509	0.03590	0.00945	0.13049	0.01471	0.05644	0.01084	0.01262	0.00843	0.00739	0.00752	0.00216	0.12932	0.00445	0.00443	0.00797
48	0.01116	0.00590	0.00885	0.00885	0.00900	0.00605	0.00605	0.00900	0.00885	0.01195	0.01227	0.02080	0.01211	0.02643	0.12188	0.70144	0.00732	0.00590	0.00295	0.00326
49	0.01554	0.01776	0.03885	0.02775	0.03441	0.01665	0.70366	0.02109	0.01554	0.02109	0.01332	0.01776	0.00999	0.00555	0.00777	0.00222	0.01110	0.00777	0.00333	0.00888
50	0.00957	0.00638	0.00718	0.00718	0.00718	0.00638	0.00399	0.00957	0.00957	0.01276	0.02074	0.04308	0.02393	0.76864	0.03351	0.00638	0.00638	0.00957	0.00399	0.00399
51	0.81514	0.01273	0.00968	0.00866	0.01273	0.01477	0.00713	0.01935	0.01120	0.02954	0.00917	0.01069	0.00713	0.00611	0.00407	0.00204	0.00509	0.00356	0.00407	0.00713
52	0.00783	0.00664	0.00676	0.00680	0.00894	0.00557	0.00507	0.00952	0.01502	0.01799	0.08401	0.08745	0.68256	0.01672	0.00780	0.00223	0.00335	0.01401	0.00614	0.00557
