[name]
unknown

[dist]
# distance from previous block
# <min> <max>
0	1

[block]
# block no. 0 follows, 33 sequences, length 24
# corresponding to MSA columns:
# 1-24
name=unknown_A
#
# <colnr> <probs for GDERKNQSTAVLIFYWHMCP>
#	G	D	E	R	K	N	Q	S	T	A	V	L	I	F	Y	W	H	M	C	P
0	0.01061	0.00758	0.01061	0.01212	0.01364	0.00758	0.01061	0.01364	0.01515	0.01970	0.03486	0.07426	0.03789	0.01819	0.00909	0.00303	0.00606	0.68326	0.00606	0.00606
1	0.02020	0.01424	0.01646	0.06810	0.01982	0.01486	0.01099	0.21977	0.22258	0.14609	0.01959	0.01916	0.01416	0.00758	0.00630	0.00189	0.00605	0.00610	0.00610	0.15996
2	0.02098	0.41550	0.02692	0.01394	0.01856	0.34418	0.01196	0.04776	0.01637	0.01672	0.00985	0.01134	0.00856	0.00623	0.00507	0.00156	0.00920	0.00393	0.00321	0.00819
3	0.00902	0.00705	0.01015	0.05172	0.01303	0.00688	0.04066	0.01135	0.03816	0.01819	0.08982	0.58189	0.06079	0.01800	0.00814	0.00255	0.00443	0.01638	0.00591	0.00588
4	0.01637	0.01414	0.01489	0.01340	0.01712	0.01637	0.01042	0.03498	0.71568	0.02754	0.02679	0.02456	0.02010	0.00893	0.00670	0.00223	0.00521	0.00744	0.00670	0.01042
5	0.07293	0.04927	0.08303	0.06754	0.01980	0.03450	0.02596	0.08384	0.01554	0.05737	0.03749	0.01557	0.01152	0.00640	0.00631	0.00159	0.04319	0.00488	0.00419	0.35908
6	0.00947	0.00735	0.00980	0.01163	0.06803	0.00710	0.00748	0.01242	0.06249	0.01965	0.15400	0.47530	0.09596	0.01709	0.00797	0.00245	0.00408	0.01535	0.00612	0.00627
7	0.00957	0.00638	0.00718	0.00718	0.00718	0.00638	0.00399	0.00957	0.00957	0.01276	0.02074	0.04308	0.02393	0.76864	0.03351	0.00638	0.00638	0.00957	0.00399	0.00399
8	0.01507	0.01683	0.07020	0.26896	0.23450	0.05733	0.17804	0.01954	0.01450	0.01933	0.01209	0.01659	0.00948	0.00629	0.00728	0.00212	0.03386	0.00614	0.00313	0.00873
9	0.01769	0.01776	0.10413	0.09080	0.38533	0.04021	0.09103	0.05236	0.01604	0.10021	0.01394	0.01679	0.01063	0.00631	0.00662	0.00202	0.00833	0.00598	0.00388	0.00995
10	0.01109	0.00727	0.01026	0.01005	0.01163	0.00794	0.00787	0.01349	0.01195	0.06992	0.02261	0.02977	0.06664	0.03923	0.54550	0.00830	0.01404	0.03074	0.07539	0.00628
11	0.01083	0.00718	0.00927	0.00893	0.01065	0.00670	0.00670	0.01405	0.04205	0.07687	0.47969	0.17133	0.07953	0.01442	0.00780	0.00222	0.00360	0.03462	0.00701	0.00655
12	0.10562	0.01948	0.07512	0.01755	0.05565	0.14071	0.10084	0.15065	0.07071	0.10705	0.01467	0.01600	0.01091	0.00744	0.00774	0.00208	0.07804	0.00571	0.00475	0.00928
13	0.06860	0.00714	0.00769	0.00742	0.00953	0.00649	0.00561	0.01130	0.01608	0.02190	0.30932	0.05410	0.42241	0.01468	0.00750	0.00215	0.00338	0.01238	0.00639	0.00592
14	0.00830	0.00661	0.00696	0.00692	0.00860	0.00579	0.00488	0.00972	0.01413	0.01741	0.11178	0.05775	0.51672	0.18014	0.01338	0.00312	0.00398	0.01279	0.00575	0.00527
15	0.09154	0.13242	0.23327	0.01884	0.09735	0.03608	0.10797	0.06970	0.01548	0.06574	0.01414	0.06325	0.01167	0.00720	0.00616	0.00200	0.00812	0.00611	0.00387	0.00911
16	0.09694	0.07881	0.44616	0.01689	0.02448	0.07473	0.05212	0.04863	0.04328	0.02223	0.02966	0.01475	0.01023	0.00656	0.00601	0.00201	0.00887	0.00505	0.00341	0.00917
17	0.05530	0.16846	0.11552	0.01368	0.01879	0.10955	0.01255	0.13913	0.12744	0.09451	0.06851	0.01829	0.01543	0.00761	0.00599	0.00190	0.00724	0.00574	0.00504	0.00933
18	0.07409	0.05303	0.04012	0.16667	0.02377	0.11657	0.06044	0.12646	0.01671	0.02209	0.01744	0.07775	0.04775	0.01049	0.03634	0.00243	0.03859	0.03083	0.00424	0.03420
19	0.15722	0.12015	0.05742	0.08831	0.07423	0.09810	0.07208	0.02073	0.03458	0.07408	0.03641	0.04924	0.01285	0.00713	0.00581	0.00189	0.00737	0.00578	0.00408	0.07254
20	0.15314	0.05164	0.11143	0.05164	0.08711	0.07553	0.03153	0.04851	0.05730	0.08033	0.06255	0.05184	0.03851	0.00793	0.00606	0.00196	0.00686	0.00639	0.00457	0.06517
21	0.04279	0.09281	0.06416	0.04461	0.02084	0.11651	0.13509	0.03961	0.05789	0.09093	0.07002	0.04266	0.04220	0.03885	0.00802	0.00215	0.03041	0.00694	0.00455	0.04897
22	0.10102	0.09144	0.11285	0.03796	0.04686	0.05914	0.03149	0.04995	0.08463	0.07498	0.12992	0.02307	0.03685	0.03531	0.00712	0.00208	0.00655	0.00660	0.00485	0.05732
23	0.11296	0.05745	0.07918	0.06392	0.05444	0.08639	0.01194	0.13255	0.01712	0.08450	0.03740	0.12768	0.05799	0.00979	0.00702	0.00211	0.03658	0.00777	0.00492	0.00831

[dist]
# distance from previous block
# <min> <max>
0	17

[block]
# block no. 1 follows, 33 sequences, length 38
# corresponding to MSA columns:
# 43-80
name=unknown_B
#
# <colnr> <probs for GDERKNQSTAVLIFYWHMCP>
#	G	D	E	R	K	N	Q	S	T	A	V	L	I	F	Y	W	H	M	C	P
0	0.01758	0.08539	0.09444	0.03744	0.04902	0.06324	0.03567	0.17283	0.09277	0.04409	0.06980	0.03432	0.01575	0.00849	0.00789	0.02609	0.05664	0.00627	0.00479	0.07746
1	0.07922	0.04937	0.09279	0.07845	0.09477	0.01345	0.03698	0.06246	0.07036	0.07669	0.08151	0.10858	0.02069	0.01108	0.03130	0.00247	0.03956	0.03705	0.00488	0.00835
2	0.05425	0.03751	0.17982	0.03696	0.18911	0.07807	0.03909	0.09628	0.07760	0.02333	0.01939	0.02217	0.07888	0.00798	0.00651	0.00206	0.00781	0.02979	0.00422	0.00918
3	0.04156	0.01643	0.07547	0.11201	0.27617	0.04644	0.13918	0.01957	0.01434	0.03947	0.01298	0.01745	0.01060	0.03800	0.00847	0.00221	0.05059	0.00607	0.02775	0.04524
4	0.01029	0.01302	0.17039	0.01242	0.04359	0.00909	0.01080	0.01309	0.01177	0.01652	0.02199	0.14299	0.05264	0.20466	0.23143	0.00573	0.00998	0.00924	0.00398	0.00637
5	0.01482	0.01449	0.09951	0.16790	0.04795	0.01341	0.03215	0.11975	0.08523	0.05560	0.06792	0.07685	0.08179	0.01020	0.00767	0.00225	0.03787	0.05125	0.00504	0.00835
6	0.00895	0.00788	0.04107	0.00896	0.01061	0.00659	0.00685	0.01176	0.04661	0.01996	0.21237	0.34060	0.19645	0.03949	0.00869	0.00249	0.00394	0.01453	0.00621	0.00600
7	0.05387	0.06736	0.06229	0.10564	0.32839	0.11544	0.07618	0.07466	0.01626	0.02175	0.01198	0.01516	0.00962	0.00622	0.00629	0.00195	0.00864	0.00550	0.00349	0.00933
8	0.01760	0.77260	0.03450	0.01126	0.01690	0.02605	0.01126	0.01971	0.01338	0.01549	0.00915	0.01056	0.00845	0.00563	0.00422	0.00141	0.00704	0.00352	0.00282	0.00845
9	0.02194	0.01658	0.01777	0.01437	0.01905	0.01852	0.01163	0.43064	0.28718	0.06047	0.02028	0.01932	0.01471	0.00830	0.00663	0.00207	0.00642	0.00652	0.00668	0.01091
10	0.00957	0.00638	0.00718	0.00718	0.00718	0.00638	0.00399	0.00957	0.00957	0.01276	0.02074	0.04308	0.02393	0.76864	0.03351	0.00638	0.00638	0.00957	0.00399	0.00399
11	0.00853	0.00667	0.00778	0.00796	0.00971	0.00592	0.00603	0.01069	0.01579	0.02035	0.25024	0.14229	0.38625	0.01635	0.00798	0.00231	0.00359	0.07936	0.00644	0.00577
12	0.01609	0.01571	0.04608	0.05717	0.55826	0.01529	0.03684	0.04842	0.04439	0.02208	0.01339	0.01752	0.01121	0.03409	0.00749	0.00212	0.00771	0.00603	0.00356	0.03655
13	0.01320	0.03405	0.73453	0.01876	0.02849	0.01529	0.02432	0.02085	0.01390	0.02085	0.01181	0.01390	0.00834	0.00625	0.00625	0.00208	0.00973	0.00486	0.00278	0.00973
14	0.01412	0.00792	0.00811	0.00744	0.00952	0.00821	0.00575	0.11545	0.01629	0.02700	0.02065	0.02328	0.01605	0.00770	0.00489	0.00160	0.00367	0.00611	0.68936	0.00687
15	0.01519	0.01213	0.04879	0.07409	0.09910	0.01213	0.04248	0.09579	0.01527	0.09671	0.01876	0.11112	0.01688	0.04063	0.16129	0.00405	0.06244	0.00792	0.05725	0.00799
16	0.01577	0.28426	0.21169	0.04122	0.07812	0.01914	0.15239	0.05112	0.01509	0.02015	0.04378	0.01548	0.01145	0.00628	0.00596	0.00186	0.00847	0.00545	0.00332	0.00900
17	0.00811	0.00580	0.00772	0.00911	0.00957	0.00541	0.00612	0.00939	0.01302	0.01746	0.08348	0.71527	0.04482	0.02013	0.00836	0.00263	0.00377	0.01825	0.00619	0.00541
18	0.01073	0.00686	0.00927	0.01046	0.03302	0.00648	0.00716	0.01226	0.01343	0.08070	0.06093	0.48034	0.03791	0.10476	0.01114	0.00304	0.00464	0.09489	0.00600	0.00599
19	0.01585	0.03696	0.02554	0.15608	0.48899	0.05466	0.06058	0.01972	0.01472	0.02003	0.01229	0.01651	0.01016	0.00745	0.03093	0.00227	0.00870	0.00587	0.00321	0.00945
20	0.01335	0.01043	0.01333	0.01199	0.01308	0.01255	0.00929	0.07094	0.03912	0.04077	0.06155	0.11715	0.02101	0.14213	0.06128	0.00361	0.25703	0.00861	0.08604	0.00674
21	0.00964	0.00706	0.00837	0.00876	0.01031	0.00656	0.00634	0.03532	0.03762	0.04160	0.09253	0.38208	0.27559	0.01749	0.00799	0.00243	0.00389	0.03410	0.00629	0.00605
22	0.01113	0.00917	0.01127	0.13962	0.01709	0.03274	0.00896	0.05738	0.03615	0.01883	0.05327	0.20971	0.15790	0.11135	0.04111	0.00322	0.00617	0.06349	0.00517	0.00627
23	0.04840	0.05975	0.65574	0.01832	0.02756	0.01570	0.04406	0.02075	0.01381	0.02104	0.01165	0.01376	0.00834	0.00620	0.00613	0.00206	0.00947	0.00485	0.00285	0.00954
24	0.00831	0.00588	0.00771	0.00905	0.00944	0.00556	0.00605	0.00940	0.01235	0.01645	0.03438	0.65018	0.04098	0.10915	0.01141	0.00313	0.00422	0.04528	0.00586	0.00522
25	0.04118	0.01586	0.02314	0.32883	0.11002	0.11120	0.15286	0.01960	0.03769	0.01883	0.01334	0.05056	0.01106	0.00717	0.00718	0.00215	0.03132	0.00658	0.00341	0.00801
26	0.01529	0.01444	0.02396	0.12335	0.55695	0.01486	0.01859	0.01982	0.04667	0.02101	0.01577	0.02094	0.03599	0.00699	0.00669	0.00205	0.00759	0.03574	0.00359	0.00969
27	0.00902	0.00668	0.00842	0.00807	0.00968	0.00607	0.00602	0.01182	0.01781	0.02465	0.59235	0.08115	0.16533	0.01426	0.00779	0.00212	0.00317	0.01250	0.00702	0.00607
28	0.00921	0.00643	0.00808	0.00867	0.00993	0.00583	0.00622	0.01097	0.01463	0.04869	0.17091	0.41554	0.19739	0.01779	0.00810	0.00245	0.00374	0.04319	0.00641	0.00583
29	0.04945	0.04149	0.04263	0.15237	0.25777	0.10143	0.01520	0.05382	0.05902	0.05072	0.03563	0.05698	0.03983	0.00785	0.00647	0.00203	0.00762	0.00671	0.00415	0.00884
30	0.01930	0.01722	0.06811	0.01685	0.02198	0.01693	0.14866	0.36996	0.07496	0.03171	0.04314	0.04130	0.03646	0.00980	0.02973	0.00238	0.00795	0.02821	0.00559	0.00976
31	0.00948	0.00672	0.00788	0.00794	0.00973	0.00589	0.00582	0.01137	0.01537	0.06293	0.19068	0.23613	0.37313	0.01650	0.00786	0.00230	0.00355	0.01427	0.00647	0.00598
32	0.01495	0.02446	0.39499	0.04766	0.19792	0.01481	0.04081	0.02192	0.06871	0.05390	0.01424	0.01642	0.01057	0.00651	0.00635	0.00205	0.00843	0.00557	0.03999	0.00975
33	0.05154	0.01544	0.05028	0.01700	0.12741	0.04339	0.03577	0.13507	0.08838	0.04581	0.05805	0.01790	0.01432	0.00678	0.00600	0.00169	0.00640	0.00565	0.00477	0.26833
34	0.01690	0.06373	0.21123	0.07235	0.07067	0.09336	0.19347	0.07822	0.01636	0.04279	0.01265	0.01529	0.00953	0.00618	0.00647	0.00195	0.00928	0.00567	0.00359	0.07031
35	0.00940	0.00705	0.01058	0.01058	0.01176	0.00823	0.00823	0.01176	0.01058	0.01528	0.01763	0.02586	0.01646	0.04937	0.74255	0.01058	0.01763	0.00705	0.00353	0.00588
36	0.01238	0.01368	0.08733	0.07460	0.03925	0.06501	0.11021	0.01618	0.03622	0.01869	0.02397	0.20880	0.02497	0.03502	0.04879	0.00302	0.00792	0.16223	0.00466	0.00706
37	0.13163	0.15348	0.02053	0.01387	0.01858	0.19349	0.01149	0.29994	0.02170	0.05783	0.01280	0.01351	0.00972	0.00700	0.00567	0.00182	0.00796	0.00480	0.00488	0.00930

[dist]
# distance from previous block
# <min> <max>
0	3

[block]
# block no. 2 follows, 33 sequences, length 44
# corresponding to MSA columns:
# 84-127
name=unknown_C
#
# <colnr> <probs for GDERKNQSTAVLIFYWHMCP>
#	G	D	E	R	K	N	Q	S	T	A	V	L	I	F	Y	W	H	M	C	P
0	0.08161	0.32345	0.29570	0.01431	0.02124	0.04742	0.01590	0.05008	0.01468	0.06420	0.01153	0.01284	0.00890	0.00620	0.00530	0.00179	0.00801	0.00436	0.00342	0.00908
1	0.09976	0.03354	0.01379	0.03029	0.04328	0.03454	0.02474	0.10753	0.10256	0.02424	0.10511	0.17224	0.04655	0.05856	0.00836	0.00235	0.00551	0.00934	0.00542	0.07229
2	0.04669	0.31188	0.21568	0.01522	0.04137	0.16734	0.01500	0.04825	0.01548	0.01923	0.04060	0.01373	0.01081	0.00648	0.00542	0.00174	0.00854	0.00455	0.00332	0.00865
3	0.01015	0.00725	0.01005	0.01140	0.01277	0.00716	0.00963	0.01292	0.01508	0.01984	0.09067	0.16787	0.04063	0.01814	0.00889	0.00290	0.00551	0.53699	0.00616	0.00598
4	0.02035	0.07727	0.01865	0.01401	0.01858	0.01897	0.01143	0.33460	0.35184	0.03282	0.02044	0.01950	0.01516	0.00820	0.00645	0.00205	0.00627	0.00645	0.00633	0.01061
5	0.01415	0.24370	0.47517	0.01577	0.02366	0.01764	0.01912	0.01984	0.01413	0.01976	0.06853	0.01579	0.01271	0.00666	0.00579	0.00189	0.00842	0.00505	0.00315	0.00908
6	0.01754	0.09827	0.11803	0.14237	0.04382	0.04131	0.10857	0.08729	0.01682	0.13436	0.04826	0.04227	0.03637	0.00801	0.00664	0.00206	0.00784	0.02667	0.00463	0.00887
7	0.01344	0.10194	0.56983	0.01770	0.02620	0.01567	0.05952	0.02007	0.01432	0.02079	0.06912	0.01664	0.01278	0.00674	0.00627	0.00203	0.00901	0.00547	0.00317	0.00927
8	0.01623	0.01581	0.02770	0.03939	0.67164	0.01572	0.07536	0.02028	0.01503	0.02147	0.01246	0.01641	0.01039	0.00584	0.00662	0.00198	0.00809	0.00602	0.00326	0.01030
9	0.01807	0.72243	0.03343	0.01165	0.01713	0.07452	0.01136	0.02016	0.01373	0.01553	0.00922	0.01065	0.00845	0.00571	0.00434	0.00143	0.00737	0.00357	0.00286	0.00839
10	0.01648	0.50687	0.16756	0.07304	0.02159	0.05120	0.01455	0.01980	0.01353	0.01667	0.00989	0.01198	0.00846	0.00612	0.00561	0.00168	0.03952	0.00409	0.00284	0.00852
11	0.00953	0.00645	0.00736	0.00738	0.00760	0.00638	0.00437	0.00986	0.01046	0.01393	0.06215	0.04517	0.05195	0.67478	0.03034	0.00588	0.00608	0.03176	0.00432	0.00424
12	0.01760	0.77260	0.03450	0.01126	0.01690	0.02605	0.01126	0.01971	0.01338	0.01549	0.00915	0.01056	0.00845	0.00563	0.00422	0.00141	0.00704	0.00352	0.00282	0.00845
13	0.01538	0.01237	0.01367	0.01255	0.01581	0.01387	0.00988	0.02970	0.52375	0.05448	0.11531	0.03301	0.02718	0.01048	0.00709	0.00229	0.00505	0.08192	0.00676	0.00945
14	0.01350	0.08342	0.68774	0.01826	0.02772	0.01601	0.02345	0.02077	0.01386	0.02049	0.01164	0.01368	0.00835	0.00621	0.00612	0.00204	0.00955	0.00477	0.00278	0.00964
15	0.01322	0.00772	0.00923	0.00860	0.01018	0.00752	0.00608	0.05687	0.01457	0.11277	0.12372	0.12822	0.05159	0.26996	0.03634	0.00377	0.00530	0.01003	0.11805	0.00627
16	0.01299	0.01214	0.01979	0.64899	0.08535	0.01483	0.01777	0.01850	0.06997	0.01798	0.01296	0.01804	0.00979	0.00673	0.00659	0.00218	0.00843	0.00598	0.00325	0.00776
17	0.00802	0.00573	0.00764	0.00917	0.00955	0.00535	0.00611	0.00917	0.01260	0.01681	0.03628	0.76434	0.04354	0.02062	0.00840	0.00267	0.00382	0.01872	0.00611	0.00535
18	0.01431	0.01572	0.03333	0.07220	0.03171	0.01497	0.56355	0.01918	0.01498	0.02022	0.01636	0.12015	0.01451	0.00768	0.00778	0.00228	0.00995	0.00915	0.00368	0.00829
19	0.00854	0.00616	0.00734	0.00800	0.00863	0.00576	0.00519	0.00945	0.01220	0.01589	0.05662	0.36798	0.16450	0.27365	0.01679	0.00383	0.00458	0.01451	0.00542	0.00495
20	0.01543	0.01743	0.03700	0.02672	0.03272	0.01699	0.63574	0.02057	0.01500	0.02057	0.01286	0.01743	0.00986	0.00614	0.00913	0.00228	0.08456	0.00757	0.00329	0.00871
21	0.01577	0.01839	0.08699	0.05377	0.16576	0.01643	0.47287	0.04715	0.01582	0.02179	0.01307	0.01711	0.00995	0.00579	0.00733	0.00215	0.01014	0.00705	0.00339	0.00927
22	0.00940	0.00705	0.01058	0.01058	0.01176	0.00823	0.00823	0.01176	0.01058	0.01528	0.01763	0.02586	0.01646	0.04937	0.74255	0.01058	0.01763	0.00705	0.00353	0.00588
23	0.01005	0.00671	0.00795	0.00776	0.00903	0.00628	0.00544	0.01185	0.01449	0.04408	0.26409	0.07264	0.16069	0.24681	0.01548	0.00344	0.00436	0.03295	0.07038	0.00554
24	0.01551	0.06818	0.21772	0.02576	0.16069	0.01678	0.30425	0.04157	0.04487	0.02163	0.01313	0.01625	0.01000	0.00601	0.00684	0.00208	0.00951	0.00632	0.00338	0.00950
25	0.01629	0.01564	0.02672	0.04041	0.72757	0.01564	0.02020	0.02020	0.01499	0.02151	0.01238	0.01629	0.01043	0.00587	0.00652	0.00196	0.00782	0.00587	0.00326	0.01043
26	0.00907	0.00631	0.00794	0.00840	0.00873	0.00640	0.00540	0.00985	0.01067	0.01444	0.02488	0.25818	0.02851	0.41197	0.15441	0.00602	0.00765	0.01188	0.00455	0.00474
27	0.01532	0.01717	0.10378	0.14640	0.50775	0.01550	0.05868	0.01981	0.01462	0.02069	0.01227	0.01631	0.00992	0.00600	0.00657	0.00202	0.00836	0.00586	0.00316	0.00979
28	0.01228	0.01046	0.01716	0.01442	0.01643	0.01105	0.16321	0.03152	0.01271	0.03909	0.02087	0.18333	0.02202	0.20226	0.08294	0.00421	0.11318	0.03205	0.00435	0.00646
29	0.00826	0.00590	0.00791	0.00943	0.00992	0.00555	0.00652	0.00957	0.01284	0.01707	0.03615	0.70175	0.04303	0.02040	0.00847	0.00271	0.00402	0.07899	0.00611	0.00541
30	0.01352	0.03188	0.64185	0.01996	0.02928	0.01547	0.11483	0.02088	0.01412	0.02088	0.01201	0.01441	0.00856	0.00616	0.00646	0.00210	0.00991	0.00525	0.00285	0.00962
31	0.01810	0.04580	0.02519	0.10664	0.33845	0.13859	0.09450	0.08910	0.04029	0.02201	0.01274	0.01587	0.01020	0.00636	0.00650	0.00196	0.00880	0.00578	0.00368	0.00945
32	0.00940	0.00705	0.01058	0.01058	0.01176	0.00823	0.00823	0.01176	0.01058	0.01528	0.01763	0.02586	0.01646	0.04937	0.74255	0.01058	0.01763	0.00705	0.00353	0.00588
33	0.01320	0.03405	0.73453	0.01876	0.02849	0.01529	0.02432	0.02085	0.01390	0.02085	0.01181	0.01390	0.00834	0.00625	0.00625	0.00208	0.00973	0.00486	0.00278	0.00973
34	0.01571	0.03925	0.07129	0.08225	0.06074	0.11651	0.08544	0.02101	0.10694	0.06585	0.02194	0.11260	0.03874	0.01044	0.00755	0.00226	0.02918	0.09942	0.00475	0.00812
35	0.14548	0.09137	0.29012	0.02162	0.18114	0.01623	0.07449	0.02120	0.03670	0.04521	0.01234	0.01455	0.00940	0.00618	0.00592	0.00200	0.00813	0.00513	0.00345	0.00935
36	0.01243	0.01170	0.01975	0.75282	0.04534	0.01463	0.01828	0.01682	0.01316	0.01682	0.01170	0.01755	0.00878	0.00658	0.00658	0.00219	0.00878	0.00585	0.00293	0.00731
37	0.01549	0.01786	0.06481	0.05459	0.03228	0.01701	0.55091	0.04162	0.01526	0.02097	0.01276	0.01716	0.00976	0.00635	0.00914	0.00228	0.09240	0.00729	0.00334	0.00874
38	0.01888	0.04579	0.17457	0.06408	0.18786	0.07790	0.09616	0.13907	0.01809	0.09383	0.01396	0.01598	0.01032	0.00659	0.00651	0.00200	0.00866	0.00574	0.00419	0.00983
39	0.01008	0.00662	0.00870	0.00955	0.01053	0.00628	0.00678	0.01216	0.03554	0.06452	0.10110	0.53878	0.04161	0.04740	0.00920	0.00273	0.00419	0.07196	0.00629	0.00598
40	0.03559	0.00762	0.00879	0.03236	0.01144	0.00718	0.00673	0.04273	0.01651	0.02184	0.24772	0.08492	0.36377	0.01497	0.00771	0.00225	0.00394	0.07149	0.00629	0.00615
41	0.01819	0.10292	0.16631	0.01809	0.11004	0.08091	0.05817	0.07349	0.04051	0.13590	0.01930	0.08418	0.04648	0.00840	0.00649	0.00201	0.00765	0.00705	0.00467	0.00923
42	0.01474	0.04747	0.23084	0.10707	0.22617	0.01546	0.05858	0.03923	0.10230	0.02213	0.06010	0.01876	0.01411	0.00696	0.00654	0.00206	0.00800	0.00619	0.00384	0.00945
43	0.04098	0.04966	0.09257	0.06675	0.33982	0.03629	0.16557	0.04705	0.03309	0.02198	0.01297	0.01636	0.01029	0.00610	0.00653	0.00200	0.00851	0.00602	0.02797	0.00950

[dist]
# distance from previous block
# <min> <max>
7	26

[block]
# block no. 3 follows, 33 sequences, length 48
# corresponding to MSA columns:
# 156-203
name=unknown_D
#
# <colnr> <probs for GDERKNQSTAVLIFYWHMCP>
#	G	D	E	R	K	N	Q	S	T	A	V	L	I	F	Y	W	H	M	C	P
0	0.04579	0.15000	0.04109	0.01607	0.05916	0.07504	0.09651	0.18617	0.04906	0.06366	0.06850	0.03890	0.03698	0.00786	0.00628	0.00190	0.00730	0.00653	0.00491	0.03829
1	0.01673	0.19642	0.14406	0.03821	0.08899	0.08822	0.03533	0.03837	0.06813	0.05568	0.01693	0.02050	0.04782	0.00791	0.00698	0.00197	0.05157	0.04288	0.00396	0.02935
2	0.03960	0.13224	0.09807	0.05627	0.10946	0.05273	0.01385	0.07403	0.08063	0.05852	0.01942	0.02196	0.08163	0.00868	0.00821	0.00210	0.10363	0.02594	0.00430	0.00873
3	0.01089	0.00851	0.01114	0.01220	0.07377	0.00793	0.00829	0.04873	0.01527	0.02088	0.13514	0.28285	0.10237	0.03645	0.00834	0.00237	0.00468	0.09469	0.00571	0.10979
4	0.01852	0.05427	0.04567	0.01529	0.04303	0.03880	0.13481	0.08143	0.06964	0.20216	0.08315	0.02867	0.13669	0.00925	0.00695	0.00207	0.00665	0.00814	0.00581	0.00902
5	0.06125	0.13512	0.08784	0.04965	0.01708	0.06944	0.01095	0.11313	0.01593	0.02126	0.02175	0.30718	0.02314	0.01232	0.00675	0.00219	0.00641	0.02630	0.00483	0.00750
6	0.01034	0.00802	0.00911	0.00881	0.00924	0.03260	0.00583	0.01103	0.01086	0.01447	0.05834	0.05890	0.06154	0.50883	0.09395	0.00575	0.07396	0.00942	0.00417	0.00481
7	0.01465	0.01720	0.09360	0.01702	0.01876	0.08035	0.05174	0.01696	0.01152	0.01647	0.01056	0.01655	0.00997	0.05284	0.06338	0.00333	0.48881	0.00593	0.00304	0.00734
8	0.01784	0.12204	0.02461	0.10037	0.25621	0.09574	0.07420	0.06176	0.03556	0.06641	0.05245	0.01763	0.01323	0.00690	0.00672	0.00194	0.02728	0.00595	0.00400	0.00917
9	0.12030	0.01359	0.01424	0.01254	0.01628	0.01532	0.00993	0.11843	0.42380	0.06195	0.04447	0.02541	0.01940	0.03092	0.00727	0.00232	0.00550	0.04239	0.00632	0.00959
10	0.02111	0.02412	0.01684	0.05379	0.01954	0.49767	0.01176	0.02371	0.03857	0.05623	0.12952	0.01935	0.01812	0.00817	0.00686	0.00186	0.03493	0.00586	0.00434	0.00764
11	0.02235	0.07529	0.01956	0.01623	0.01939	0.54263	0.01260	0.06012	0.01776	0.01744	0.01192	0.01388	0.03033	0.00768	0.00793	0.00186	0.10697	0.00477	0.00354	0.00776
12	0.01501	0.06364	0.26237	0.09207	0.18484	0.03605	0.21110	0.02049	0.01463	0.02027	0.01216	0.01560	0.00931	0.00598	0.00664	0.00206	0.00952	0.00589	0.00307	0.00930
13	0.01065	0.00820	0.01019	0.00955	0.00958	0.00952	0.00645	0.01104	0.00972	0.01353	0.01794	0.03614	0.02028	0.57731	0.05235	0.00573	0.17468	0.00864	0.00373	0.00477
14	0.01243	0.01170	0.01975	0.75282	0.04534	0.01463	0.01828	0.01682	0.01316	0.01682	0.01170	0.01755	0.00878	0.00658	0.00658	0.00219	0.00878	0.00585	0.00293	0.00731
15	0.01464	0.01168	0.01299	0.03101	0.01522	0.07333	0.02816	0.13343	0.06512	0.06015	0.02897	0.34965	0.05280	0.01465	0.00765	0.00240	0.00582	0.07897	0.00594	0.00743
16	0.81514	0.01273	0.00968	0.00866	0.01273	0.01477	0.00713	0.01935	0.01120	0.02954	0.00917	0.01069	0.00713	0.00611	0.00407	0.00204	0.00509	0.00356	0.00407	0.00713
17	0.00876	0.00667	0.00806	0.00780	0.00952	0.00596	0.00582	0.01132	0.01720	0.02320	0.48189	0.08432	0.27589	0.01481	0.00780	0.00215	0.00321	0.01284	0.00683	0.00596
18	0.00801	0.00578	0.00759	0.00904	0.00952	0.00536	0.00605	0.00918	0.01273	0.01686	0.03783	0.72880	0.07809	0.02042	0.00837	0.00265	0.00379	0.01847	0.00611	0.00536
19	0.01566	0.01660	0.03051	0.23448	0.08527	0.05299	0.38812	0.05602	0.01579	0.02072	0.01276	0.01719	0.00966	0.00605	0.00719	0.00215	0.01004	0.00681	0.00338	0.00860
20	0.02224	0.01589	0.01693	0.01328	0.01779	0.01742	0.01087	0.56132	0.02741	0.03777	0.01823	0.01870	0.03186	0.00810	0.00626	0.00190	0.00638	0.00618	0.15137	0.01012
21	0.00813	0.00587	0.00770	0.00896	0.00954	0.00544	0.00606	0.00949	0.01329	0.01776	0.10261	0.66144	0.07984	0.01975	0.00831	0.00259	0.00373	0.01783	0.00622	0.00544
22	0.18876	0.02388	0.01690	0.01468	0.01866	0.39775	0.01142	0.18100	0.04646	0.02516	0.01189	0.01301	0.00926	0.00698	0.00573	0.00185	0.00915	0.00461	0.00439	0.00845
23	0.00897	0.00653	0.00864	0.00999	0.01101	0.00621	0.00768	0.01088	0.01384	0.01801	0.03928	0.42305	0.12064	0.01925	0.00859	0.00276	0.00461	0.26832	0.00609	0.00564
24	0.01078	0.00660	0.00858	0.00859	0.00937	0.00642	0.00593	0.04549	0.01174	0.01523	0.02712	0.15558	0.15792	0.04888	0.01854	0.43991	0.00503	0.00969	0.00429	0.00429
25	0.00791	0.00617	0.00718	0.00799	0.00924	0.00545	0.00559	0.00930	0.01373	0.01726	0.05056	0.43530	0.36337	0.01877	0.00811	0.00246	0.00359	0.01645	0.00611	0.00545
26	0.13078	0.01765	0.01823	0.01926	0.16565	0.13673	0.01292	0.20157	0.09991	0.05455	0.01628	0.02008	0.01319	0.00792	0.00631	0.00204	0.00745	0.05502	0.00505	0.00942
27	0.05894	0.01227	0.01520	0.01570	0.11832	0.01304	0.01072	0.15422	0.13596	0.08575	0.06853	0.05134	0.08802	0.01589	0.12273	0.00343	0.00761	0.00788	0.00562	0.00883
28	0.01068	0.00785	0.00900	0.00842	0.01062	0.00741	0.00635	0.01499	0.10362	0.06007	0.31183	0.04995	0.31133	0.04804	0.00874	0.00234	0.00374	0.01174	0.00664	0.00665
29	0.02329	0.01709	0.01835	0.01425	0.01893	0.01884	0.01156	0.62750	0.02855	0.03827	0.01636	0.01887	0.01263	0.09328	0.00961	0.00247	0.00715	0.00634	0.00629	0.01039
30	0.05802	0.07232	0.01930	0.01528	0.05578	0.05818	0.01195	0.42720	0.06195	0.05774	0.05758	0.01973	0.01520	0.00824	0.00643	0.00198	0.00697	0.03017	0.00593	0.01006
31	0.03877	0.08442	0.14782	0.12066	0.14792	0.04659	0.18426	0.02014	0.01464	0.05759	0.01432	0.06724	0.01198	0.00711	0.00663	0.00207	0.00871	0.00674	0.00360	0.00882
32	0.00904	0.00627	0.00722	0.00755	0.00788	0.00607	0.00456	0.00947	0.01084	0.01420	0.02926	0.20129	0.10685	0.52253	0.02519	0.00511	0.00549	0.01203	0.00469	0.00446
33	0.02142	0.01583	0.01715	0.01401	0.01848	0.01755	0.01127	0.39224	0.26905	0.07965	0.02134	0.05725	0.01628	0.00892	0.00672	0.00211	0.00625	0.00715	0.00670	0.01063
34	0.02021	0.01719	0.02124	0.04019	0.09682	0.06478	0.09885	0.29672	0.17692	0.04793	0.01796	0.04066	0.01380	0.00790	0.00676	0.00207	0.00754	0.00678	0.00556	0.01013
35	0.00972	0.00717	0.00945	0.01066	0.01217	0.00689	0.00892	0.01224	0.01481	0.01896	0.04146	0.15742	0.17729	0.01818	0.00874	0.00282	0.00523	0.46591	0.00608	0.00587
36	0.01554	0.01776	0.03885	0.02775	0.03441	0.01665	0.70366	0.02109	0.01554	0.02109	0.01332	0.01776	0.00999	0.00555	0.00777	0.00222	0.01110	0.00777	0.00333	0.00888
37	0.01501	0.01800	0.07894	0.11749	0.03541	0.01631	0.57685	0.02054	0.01514	0.02054	0.01303	0.01750	0.00974	0.00572	0.00753	0.00221	0.01073	0.00735	0.00325	0.00874
38	0.03559	0.08460	0.43359	0.04658	0.04576	0.01636	0.08382	0.02174	0.06521	0.04615	0.01312	0.01523	0.00970	0.00668	0.00706	0.00210	0.04858	0.00536	0.00337	0.00938
39	0.01243	0.01170	0.01975	0.75282	0.04534	0.01463	0.01828	0.01682	0.01316	0.01682	0.01170	0.01755	0.00878	0.00658	0.00658	0.00219	0.00878	0.00585	0.00293	0.00731
40	0.00812	0.00584	0.00773	0.00920	0.00970	0.00545	0.00626	0.00937	0.01280	0.01696	0.03733	0.70930	0.06815	0.02038	0.00841	0.00267	0.00390	0.04693	0.00611	0.00539
41	0.01825	0.06144	0.03428	0.05188	0.04170	0.01390	0.01078	0.20478	0.06749	0.14216	0.07947	0.08726	0.11062	0.01042	0.00737	0.00211	0.03263	0.00848	0.00603	0.00897
42	0.01542	0.01385	0.01887	0.28296	0.02833	0.07533	0.09359	0.11602	0.04324	0.04065	0.01777	0.11952	0.01625	0.06252	0.00887	0.00250	0.00798	0.02416	0.00440	0.00778
43	0.01517	0.01954	0.12715	0.05198	0.07086	0.01635	0.55648	0.02086	0.01522	0.02093	0.01302	0.01718	0.00976	0.00569	0.00747	0.00219	0.01067	0.00723	0.00324	0.00902
44	0.01465	0.03652	0.02209	0.49471	0.17311	0.08802	0.04235	0.01866	0.01416	0.01777	0.01166	0.01655	0.00910	0.00640	0.00648	0.00208	0.00893	0.00569	0.00305	0.00803
45	0.01526	0.02081	0.23082	0.03102	0.43568	0.01591	0.02046	0.02085	0.05111	0.02122	0.01270	0.01590	0.01020	0.00655	0.00755	0.00208	0.06297	0.00565	0.00327	0.00999
46	0.00913	0.00637	0.00772	0.00836	0.00882	0.00618	0.00553	0.00997	0.01157	0.01520	0.03042	0.25768	0.08265	0.40017	0.02120	0.00457	0.00538	0.09931	0.00503	0.00476
47	0.01630	0.25973	0.34600	0.01725	0.02455	0.11239	0.09722	0.02123	0.01454	0.01861	0.01096	0.01305	0.00858	0.00605	0.00576	0.00184	0.00933	0.00470	0.00293	0.00897

[dist]
# distance from previous block
# <min> <max>
19	48

[block]
# block no. 4 follows, 33 sequences, length 123
# corresponding to MSA columns:
# 254-376
name=unknown_E
#
# <colnr> <probs for GDERKNQSTAVLIFYWHMCP>
#	G	D	E	R	K	N	Q	S	T	A	V	L	I	F	Y	W	H	M	C	P
0	0.03883	0.01406	0.01892	0.01567	0.06356	0.03336	0.09412	0.09858	0.01613	0.09548	0.01434	0.04362	0.01170	0.00711	0.00769	0.00173	0.08925	0.00577	0.00450	0.32558
1	0.01843	0.01143	0.01413	0.01141	0.01567	0.03679	0.03173	0.02205	0.05764	0.25160	0.08217	0.05620	0.02112	0.03769	0.00750	0.00199	0.00556	0.06082	0.00596	0.25011
2	0.00937	0.00827	0.03649	0.00901	0.01123	0.00697	0.02785	0.01270	0.04013	0.02303	0.42275	0.08734	0.25193	0.01412	0.00771	0.00216	0.00377	0.01231	0.00655	0.00633
3	0.01411	0.05953	0.62931	0.01784	0.02680	0.01561	0.02229	0.02227	0.07000	0.04247	0.01333	0.01488	0.00952	0.00650	0.00622	0.00207	0.00914	0.00507	0.00325	0.00978
4	0.01896	0.04430	0.01723	0.01402	0.01811	0.03778	0.01122	0.21821	0.45961	0.03025	0.02208	0.02096	0.01653	0.00855	0.00702	0.00214	0.02959	0.00674	0.00631	0.01038
5	0.01462	0.01130	0.01270	0.01134	0.01450	0.01214	0.00878	0.02623	0.40452	0.07118	0.24627	0.03296	0.05477	0.01039	0.00699	0.00212	0.00450	0.00886	0.00684	0.03900
6	0.01488	0.01862	0.12189	0.02446	0.07086	0.01654	0.41709	0.02027	0.03700	0.02067	0.04131	0.01813	0.01201	0.00703	0.00965	0.00229	0.12797	0.00712	0.00345	0.00876
7	0.01506	0.31701	0.40210	0.01627	0.02389	0.01969	0.05312	0.02023	0.01363	0.01860	0.01074	0.01283	0.00848	0.00618	0.00614	0.00186	0.03772	0.00453	0.00283	0.00909
8	0.01320	0.03405	0.73453	0.01876	0.02849	0.01529	0.02432	0.02085	0.01390	0.02085	0.01181	0.01390	0.00834	0.00625	0.00625	0.00208	0.00973	0.00486	0.00278	0.00973
9	0.00932	0.00677	0.00826	0.00795	0.00972	0.00605	0.00594	0.01186	0.01717	0.04246	0.46365	0.09792	0.25923	0.01473	0.00778	0.00215	0.00329	0.01279	0.00686	0.00610
10	0.01543	0.01487	0.02544	0.18058	0.54362	0.01565	0.03994	0.01939	0.01445	0.02034	0.01213	0.01651	0.01002	0.00622	0.00716	0.00205	0.03747	0.00592	0.00318	0.00964
11	0.01537	0.01581	0.02690	0.06700	0.02634	0.05563	0.33106	0.02027	0.06879	0.04137	0.01660	0.06448	0.03579	0.00862	0.01055	0.00236	0.17316	0.00782	0.00388	0.00821
12	0.00941	0.00703	0.01045	0.01045	0.01158	0.00816	0.00807	0.01167	0.01054	0.01519	0.01775	0.02651	0.01674	0.07640	0.71591	0.01042	0.01721	0.00715	0.00354	0.00581
13	0.01437	0.03217	0.60798	0.01988	0.04885	0.07387	0.07024	0.02128	0.01443	0.02050	0.01180	0.01407	0.00853	0.00624	0.00634	0.00206	0.00994	0.00504	0.00288	0.00952
14	0.01434	0.22447	0.55404	0.01683	0.02550	0.01806	0.02096	0.02056	0.01376	0.01947	0.01113	0.01304	0.00837	0.00609	0.00573	0.00191	0.00904	0.00452	0.00279	0.00940
15	0.01677	0.01405	0.01490	0.01335	0.01711	0.01617	0.01040	0.03489	0.69451	0.04894	0.02677	0.02450	0.01998	0.00891	0.00670	0.00223	0.00522	0.00742	0.00674	0.01044
16	0.00916	0.00692	0.00865	0.00928	0.01092	0.00642	0.00745	0.01156	0.01551	0.02006	0.17815	0.13650	0.27012	0.01703	0.00833	0.00254	0.00436	0.26486	0.00631	0.00585
17	0.12528	0.01768	0.01943	0.01495	0.02014	0.01951	0.04643	0.58385	0.02766	0.03894	0.01483	0.01525	0.01062	0.00756	0.00632	0.00200	0.00716	0.00572	0.00610	0.01056
18	0.01473	0.01385	0.02372	0.08750	0.48363	0.01397	0.06649	0.01858	0.01492	0.02071	0.01776	0.02782	0.03435	0.00833	0.00709	0.00219	0.00770	0.12367	0.00380	0.00919
19	0.00802	0.00573	0.00764	0.00917	0.00955	0.00535	0.00611	0.00917	0.01260	0.01681	0.03628	0.76434	0.04354	0.02062	0.00840	0.00267	0.00382	0.01872	0.00611	0.00535
20	0.01984	0.01586	0.01683	0.01410	0.01844	0.01799	0.01126	0.30329	0.44174	0.03312	0.02240	0.02106	0.01654	0.00852	0.00665	0.00213	0.00602	0.00684	0.00665	0.01073
21	0.03809	0.01706	0.03495	0.02537	0.03155	0.01637	0.59431	0.04893	0.05108	0.02241	0.01483	0.02006	0.01157	0.00633	0.00762	0.00224	0.01028	0.03431	0.00376	0.00889
22	0.01351	0.03068	0.60050	0.02004	0.02907	0.01531	0.13866	0.02070	0.01428	0.02102	0.02829	0.01535	0.00984	0.00630	0.00654	0.00211	0.00981	0.00552	0.00297	0.00951
23	0.01554	0.01776	0.03885	0.02775	0.03441	0.01665	0.70366	0.02109	0.01554	0.02109	0.01332	0.01776	0.00999	0.00555	0.00777	0.00222	0.01110	0.00777	0.00333	0.00888
24	0.00813	0.00609	0.00754	0.00842	0.00942	0.00551	0.00584	0.00965	0.01398	0.01828	0.13203	0.49619	0.21754	0.01871	0.00816	0.00248	0.00361	0.01663	0.00626	0.00551
25	0.01554	0.01776	0.03885	0.02775	0.03441	0.01665	0.70366	0.02109	0.01554	0.02109	0.01332	0.01776	0.00999	0.00555	0.00777	0.00222	0.01110	0.00777	0.00333	0.00888
26	0.00917	0.00789	0.03656	0.00928	0.01106	0.00673	0.00737	0.01211	0.04179	0.02039	0.21190	0.25790	0.21493	0.01652	0.00804	0.00242	0.00412	0.10945	0.00628	0.00608
27	0.00802	0.00573	0.00764	0.00917	0.00955	0.00535	0.00611	0.00917	0.01260	0.01681	0.03628	0.76434	0.04354	0.02062	0.00840	0.00267	0.00382	0.01872	0.00611	0.00535
28	0.01579	0.02886	0.54890	0.01885	0.02756	0.01466	0.10427	0.02246	0.01480	0.12139	0.01400	0.01557	0.00966	0.00644	0.00649	0.00209	0.00931	0.00546	0.00360	0.00983
29	0.01671	0.03731	0.05163	0.01362	0.01769	0.03879	0.01117	0.06957	0.57490	0.02723	0.05089	0.02369	0.01992	0.00875	0.00662	0.00217	0.00573	0.00719	0.00630	0.01013
30	0.01342	0.07103	0.69948	0.01839	0.02791	0.01583	0.02367	0.02079	0.01387	0.02058	0.01168	0.01373	0.00834	0.00622	0.00615	0.00205	0.00959	0.00480	0.00278	0.00967
31	0.01440	0.01440	0.02016	0.01728	0.01728	0.02016	0.01440	0.01584	0.01008	0.01584	0.00864	0.01440	0.00864	0.01152	0.02160	0.00288	0.75659	0.00576	0.00288	0.00720
32	0.01584	0.09677	0.53597	0.01748	0.02592	0.04552	0.02092	0.12509	0.01663	0.02333	0.01212	0.01381	0.00879	0.00647	0.00611	0.00199	0.00920	0.00488	0.00339	0.00976
33	0.06403	0.05546	0.66715	0.01789	0.02714	0.01559	0.02283	0.02072	0.01371	0.02123	0.01156	0.01359	0.00827	0.00623	0.00605	0.00206	0.00935	0.00474	0.00286	0.00953
34	0.00817	0.00583	0.00780	0.00933	0.00978	0.00547	0.00636	0.00942	0.01275	0.01697	0.03620	0.72575	0.04323	0.02049	0.00844	0.00269	0.00394	0.05587	0.00611	0.00539
35	0.00800	0.00579	0.00757	0.00899	0.00950	0.00536	0.00603	0.00919	0.01277	0.01687	0.03838	0.71601	0.09052	0.02035	0.00836	0.00264	0.00379	0.01838	0.00611	0.00536
36	0.02418	0.02821	0.01861	0.01656	0.01991	0.60697	0.01264	0.05991	0.01866	0.06262	0.01134	0.01292	0.00912	0.00727	0.00716	0.00182	0.06570	0.00459	0.00382	0.00800
37	0.01453	0.05603	0.06083	0.01961	0.06208	0.01400	0.28076	0.01812	0.01435	0.06971	0.02169	0.11242	0.07855	0.03405	0.00979	0.00242	0.08940	0.02940	0.00424	0.00801
38	0.01629	0.01564	0.02672	0.04041	0.72757	0.01564	0.02020	0.02020	0.01499	0.02151	0.01238	0.01629	0.01043	0.00587	0.00652	0.00196	0.00782	0.00587	0.00326	0.01043
39	0.02093	0.14817	0.02103	0.01704	0.07544	0.38562	0.01264	0.06450	0.11316	0.01966	0.01410	0.01732	0.01195	0.00749	0.00601	0.00183	0.00926	0.04128	0.00407	0.00849
40	0.01515	0.11509	0.44266	0.02027	0.05490	0.01657	0.16504	0.02130	0.01447	0.05591	0.01255	0.01484	0.00918	0.00611	0.00636	0.00203	0.00942	0.00545	0.00319	0.00950
41	0.01458	0.02444	0.32409	0.02406	0.03198	0.01609	0.42512	0.02099	0.01487	0.02099	0.01270	0.01618	0.00931	0.00584	0.00715	0.00216	0.01054	0.00658	0.00310	0.00923
42	0.00802	0.00573	0.00764	0.00917	0.00955	0.00535	0.00611	0.00917	0.01260	0.01681	0.03628	0.76434	0.04354	0.02062	0.00840	0.00267	0.00382	0.01872	0.00611	0.00535
43	0.01630	0.02064	0.17802	0.05325	0.37031	0.07912	0.09429	0.02094	0.01519	0.04046	0.01340	0.01801	0.01094	0.00656	0.00665	0.00204	0.00885	0.03200	0.00341	0.00962
44	0.01797	0.01730	0.06023	0.05551	0.54178	0.06697	0.01872	0.04350	0.01597	0.07927	0.01339	0.01638	0.01064	0.00622	0.00648	0.00196	0.00803	0.00576	0.00374	0.01019
45	0.01184	0.00733	0.00938	0.00852	0.01065	0.00659	0.00651	0.01467	0.01815	0.12093	0.53641	0.04755	0.14963	0.01319	0.00761	0.00209	0.00348	0.01147	0.00721	0.00680
46	0.06357	0.04722	0.56145	0.01988	0.05450	0.01569	0.10566	0.02073	0.01396	0.02132	0.01179	0.01418	0.00855	0.00613	0.00627	0.00208	0.00947	0.00514	0.00295	0.00946
47	0.01771	0.01755	0.02089	0.05013	0.31662	0.17173	0.03425	0.02306	0.11504	0.04925	0.01727	0.04553	0.01506	0.00818	0.00675	0.00208	0.00808	0.06736	0.00430	0.00915
48	0.00789	0.00626	0.00709	0.00776	0.00918	0.00547	0.00548	0.00933	0.01396	0.01736	0.05346	0.36844	0.42836	0.01839	0.00805	0.00242	0.00355	0.01599	0.00611	0.00547
49	0.05473	0.02571	0.01868	0.07485	0.02206	0.46775	0.01289	0.20212	0.02113	0.02330	0.01172	0.01330	0.00916	0.00703	0.00608	0.00182	0.01015	0.00478	0.00421	0.00851
50	0.01606	0.04409	0.02651	0.09106	0.65104	0.01596	0.01973	0.01994	0.01480	0.02094	0.01221	0.01617	0.01023	0.00591	0.00644	0.00195	0.00786	0.00578	0.00322	0.01013
51	0.01724	0.01429	0.01517	0.01344	0.01729	0.01640	0.01051	0.07175	0.65751	0.04907	0.02617	0.02402	0.01949	0.00885	0.00669	0.00221	0.00533	0.00734	0.00674	0.01049
52	0.01006	0.00715	0.00812	0.00796	0.01024	0.00622	0.00624	0.01215	0.01577	0.07605	0.13958	0.05975	0.49995	0.01579	0.00785	0.00229	0.00384	0.09841	0.00641	0.00615
53	0.00909	0.00675	0.00861	0.00934	0.01058	0.00641	0.00699	0.01178	0.04125	0.02016	0.20339	0.34567	0.13555	0.01751	0.00823	0.00252	0.00406	0.13981	0.00639	0.00590
54	0.05637	0.48709	0.17715	0.01477	0.02129	0.02208	0.10200	0.02010	0.01365	0.01800	0.01023	0.01217	0.00856	0.00577	0.00508	0.00168	0.00801	0.00434	0.00294	0.00870
55	0.00809	0.00668	0.00709	0.00699	0.00908	0.00569	0.00524	0.01004	0.01573	0.01949	0.19711	0.06054	0.59341	0.01604	0.00778	0.00219	0.00329	0.01350	0.00634	0.00569
56	0.01611	0.00920	0.01171	0.01024	0.01310	0.00882	0.00811	0.05436	0.08060	0.21169	0.39685	0.04004	0.04219	0.01171	0.00740	0.00214	0.00436	0.05593	0.00732	0.00813
57	0.09349	0.01903	0.01851	0.01467	0.01956	0.09332	0.01195	0.54084	0.06432	0.03712	0.01524	0.01542	0.01104	0.00769	0.00631	0.00197	0.00742	0.00563	0.00605	0.01044
58	0.00801	0.00612	0.00736	0.00822	0.00933	0.00547	0.00572	0.00946	0.01382	0.01772	0.08791	0.47186	0.28772	0.01879	0.00814	0.00248	0.00360	0.01659	0.00618	0.00547
59	0.01554	0.01776	0.03885	0.02775	0.03441	0.01665	0.70366	0.02109	0.01554	0.02109	0.01332	0.01776	0.00999	0.00555	0.00777	0.00222	0.01110	0.00777	0.00333	0.00888
60	0.02300	0.02551	0.01921	0.01657	0.02026	0.45253	0.03215	0.17181	0.08540	0.02273	0.01292	0.01423	0.01019	0.00750	0.00722	0.00190	0.05876	0.00510	0.00435	0.00866
61	0.01378	0.13082	0.64280	0.01778	0.02697	0.01670	0.02261	0.02070	0.01383	0.02015	0.01147	0.01346	0.00835	0.00617	0.00599	0.00200	0.00938	0.00469	0.00278	0.00956
62	0.00793	0.00607	0.00728	0.00825	0.00931	0.00542	0.00570	0.00927	0.01349	0.01717	0.04746	0.50680	0.29387	0.01917	0.00817	0.00251	0.00364	0.01694	0.00611	0.00542
63	0.04991	0.01536	0.01757	0.01358	0.01869	0.01602	0.01120	0.40360	0.05262	0.30238	0.01989	0.01850	0.01336	0.00798	0.00653	0.00201	0.00648	0.00618	0.00711	0.01105
64	0.02136	0.01635	0.01723	0.01434	0.01871	0.08997	0.03725	0.16727	0.35140	0.15992	0.02224	0.02086	0.01604	0.00823	0.00662	0.00209	0.00659	0.00667	0.00648	0.01038
65	0.01577	0.01668	0.01996	0.01724	0.01769	0.11686	0.01418	0.01724	0.01123	0.01588	0.00885	0.01406	0.00862	0.01089	0.01951	0.00272	0.65686	0.00556	0.00295	0.00726
66	0.00802	0.00573	0.00764	0.00917	0.00955	0.00535	0.00611	0.00917	0.01260	0.01681	0.03628	0.76434	0.04354	0.02062	0.00840	0.00267	0.00382	0.01872	0.00611	0.00535
67	0.01585	0.01723	0.03482	0.02534	0.03130	0.01692	0.57493	0.04301	0.08712	0.02208	0.01452	0.01821	0.01098	0.00629	0.00837	0.00225	0.05044	0.00757	0.00375	0.00902
68	0.01510	0.01179	0.06747	0.01090	0.01431	0.01029	0.00926	0.12875	0.06912	0.11899	0.33750	0.05998	0.09620	0.01150	0.00726	0.00210	0.00480	0.00978	0.00674	0.00815
69	0.01554	0.01776	0.03885	0.02775	0.03441	0.01665	0.70366	0.02109	0.01554	0.02109	0.01332	0.01776	0.00999	0.00555	0.00777	0.00222	0.01110	0.00777	0.00333	0.00888
70	0.02174	0.01681	0.01791	0.01448	0.01917	0.01888	0.01172	0.45124	0.29067	0.03620	0.01997	0.01913	0.01457	0.00829	0.00663	0.00207	0.00647	0.00650	0.00663	0.01090
71	0.01545	0.01839	0.06582	0.02740	0.03418	0.01660	0.67732	0.02108	0.01547	0.02108	0.01326	0.01761	0.00992	0.00558	0.00771	0.00221	0.01105	0.00766	0.00331	0.00891
72	0.02425	0.07096	0.01964	0.01647	0.02017	0.63220	0.01262	0.09232	0.01957	0.01856	0.01067	0.01218	0.00874	0.00683	0.00591	0.00171	0.01115	0.00437	0.00367	0.00803
73	0.00778	0.00667	0.00667	0.00667	0.00889	0.00556	0.00500	0.00945	0.01501	0.01778	0.06669	0.06336	0.72490	0.01667	0.00778	0.00222	0.00333	0.01389	0.00611	0.00556
74	0.02224	0.04708	0.01779	0.01549	0.01874	0.54805	0.01172	0.07766	0.04152	0.01818	0.01231	0.01554	0.01061	0.06195	0.05097	0.00257	0.01111	0.00499	0.00379	0.00767
75	0.05068	0.01714	0.01604	0.01459	0.04393	0.15189	0.01094	0.20199	0.22099	0.05110	0.05800	0.09575	0.01926	0.00945	0.00664	0.00208	0.00684	0.00760	0.00583	0.00925
76	0.00885	0.00660	0.00840	0.00944	0.01070	0.00615	0.00727	0.01083	0.01434	0.01849	0.08096	0.33193	0.21227	0.01848	0.00843	0.00264	0.00437	0.22800	0.00616	0.00567
77	0.00827	0.00591	0.00793	0.00946	0.00995	0.00557	0.00655	0.00960	0.01285	0.01709	0.03614	0.69677	0.04299	0.02039	0.00847	0.00271	0.00404	0.08379	0.00611	0.00542
78	0.01786	0.68131	0.03225	0.01171	0.01698	0.08488	0.01127	0.01995	0.01371	0.01553	0.00957	0.01126	0.00876	0.00742	0.03299	0.00179	0.00785	0.00372	0.00289	0.00828
79	0.02459	0.02844	0.01863	0.01650	0.02007	0.60617	0.01259	0.09633	0.01967	0.05720	0.01156	0.01292	0.00919	0.00712	0.00652	0.00178	0.03400	0.00459	0.00396	0.00818
80	0.01592	0.01801	0.03263	0.02425	0.02929	0.08609	0.49673	0.02031	0.01475	0.01951	0.01251	0.01709	0.00996	0.00878	0.04652	0.00269	0.12626	0.00709	0.00328	0.00835
81	0.01662	0.56451	0.17284	0.01293	0.01923	0.02313	0.01381	0.02116	0.06949	0.01752	0.01109	0.01234	0.00936	0.00602	0.00483	0.00161	0.00743	0.00410	0.00312	0.00886
82	0.01699	0.58938	0.11278	0.01234	0.01813	0.05167	0.01258	0.02068	0.05512	0.01692	0.01235	0.01348	0.03160	0.00629	0.00478	0.00157	0.00732	0.00426	0.00317	0.00859
