[name]
unknown

[dist]
# distance from previous block
# <min> <max>
0	36

[block]
# block no. 0 follows, 33 sequences, length 18
# corresponding to MSA columns:
# 36-53
name=unknown_A
#
# <colnr> <probs for GDERKNQSTAVLIFYWHMCP>
#	G	D	E	R	K	N	Q	S	T	A	V	L	I	F	Y	W	H	M	C	P
0	0.00934	0.00712	0.00877	0.00913	0.01083	0.00669	0.00718	0.01240	0.04321	0.02108	0.24517	0.13899	0.24477	0.01628	0.00815	0.00244	0.00412	0.19182	0.00645	0.00605
1	0.00860	0.00622	0.00813	0.00866	0.00965	0.00575	0.00611	0.01066	0.01545	0.02121	0.35044	0.40956	0.08063	0.01720	0.00809	0.00238	0.00347	0.01542	0.00663	0.00575
2	0.00867	0.00669	0.00795	0.00797	0.00971	0.00597	0.00604	0.01101	0.01635	0.02149	0.33960	0.11544	0.33628	0.01575	0.00793	0.00226	0.00349	0.06496	0.00659	0.00586
3	0.02462	0.01824	0.01953	0.01507	0.02026	0.02023	0.01242	0.67450	0.06273	0.04084	0.01632	0.01621	0.01161	0.00795	0.00659	0.00199	0.00715	0.00600	0.00659	0.01116
4	0.01271	0.01198	0.02024	0.70227	0.09375	0.01470	0.01842	0.01706	0.01329	0.01715	0.01175	0.01746	0.00889	0.00653	0.00658	0.00218	0.00871	0.00585	0.00295	0.00753
5	0.00972	0.00690	0.00901	0.01007	0.01106	0.00677	0.00786	0.01160	0.01334	0.01739	0.03361	0.19028	0.07681	0.20004	0.01479	0.00373	0.00557	0.36049	0.00557	0.00540
6	0.01637	0.01414	0.01489	0.01340	0.01712	0.01637	0.01042	0.03498	0.71568	0.02754	0.02679	0.02456	0.02010	0.00893	0.00670	0.00223	0.00521	0.00744	0.00670	0.01042
7	0.01365	0.01170	0.01365	0.00975	0.01560	0.00878	0.00780	0.01658	0.01365	0.02145	0.01170	0.01365	0.00975	0.00488	0.00488	0.00098	0.00488	0.00390	0.00390	0.80888
8	0.01866	0.02017	0.02975	0.02242	0.02781	0.16184	0.39597	0.11546	0.07483	0.02322	0.01398	0.01677	0.01063	0.00657	0.00757	0.00210	0.03248	0.00673	0.00404	0.00902
9	0.02524	0.01810	0.01954	0.01498	0.02024	0.01991	0.01238	0.67365	0.03038	0.07428	0.01629	0.01612	0.01144	0.00791	0.00659	0.00198	0.00717	0.00596	0.00666	0.01120
10	0.02802	0.01089	0.01468	0.01136	0.01625	0.00939	0.00935	0.03050	0.01857	0.68228	0.02881	0.02526	0.06575	0.00874	0.00670	0.00205	0.00544	0.00713	0.00801	0.01081
11	0.01989	0.16048	0.04003	0.01440	0.01870	0.27781	0.01181	0.06988	0.24833	0.02169	0.01593	0.01619	0.01252	0.00726	0.00588	0.00182	0.00817	0.00528	0.00458	0.03934
12	0.01284	0.03079	0.64097	0.06941	0.02853	0.01465	0.02281	0.01987	0.01377	0.02032	0.01328	0.05924	0.01048	0.00714	0.00641	0.00213	0.00931	0.00577	0.00299	0.00930
13	0.02954	0.01120	0.01528	0.01171	0.01681	0.00968	0.00968	0.03208	0.01884	0.73213	0.02597	0.02241	0.01630	0.00815	0.00662	0.00204	0.00560	0.00662	0.00815	0.01120
14	0.01686	0.01438	0.01516	0.01350	0.01730	0.01660	0.01054	0.07284	0.67703	0.02833	0.02617	0.02407	0.01959	0.00887	0.00669	0.00222	0.00532	0.00736	0.00669	0.01046
15	0.00821	0.00599	0.00775	0.00893	0.00966	0.00553	0.00617	0.00966	0.01350	0.01788	0.10146	0.59918	0.11813	0.01946	0.00830	0.00258	0.00379	0.04214	0.00621	0.00547
16	0.01320	0.03405	0.73453	0.01876	0.02849	0.01529	0.02432	0.02085	0.01390	0.02085	0.01181	0.01390	0.00834	0.00625	0.00625	0.00208	0.00973	0.00486	0.00278	0.00973
17	0.02503	0.01844	0.01976	0.01515	0.02042	0.02042	0.01251	0.70562	0.03095	0.04149	0.01581	0.01581	0.01120	0.00790	0.00659	0.00198	0.00724	0.00593	0.00659	0.01120

[dist]
# distance from previous block
# <min> <max>
0	1

[block]
# block no. 1 follows, 33 sequences, length 153
# corresponding to MSA columns:
# 55-207
name=unknown_B
#
# <colnr> <probs for GDERKNQSTAVLIFYWHMCP>
#	G	D	E	R	K	N	Q	S	T	A	V	L	I	F	Y	W	H	M	C	P
0	0.75080	0.01358	0.01074	0.01031	0.04298	0.04321	0.00790	0.01966	0.01165	0.02868	0.00934	0.01097	0.00732	0.00613	0.00425	0.00202	0.00547	0.00369	0.00401	0.00729
1	0.02358	0.14769	0.04725	0.01482	0.03719	0.18732	0.01225	0.22880	0.02105	0.17070	0.01508	0.01523	0.01097	0.00710	0.00597	0.00180	0.00799	0.00516	0.00521	0.03483
2	0.01013	0.00725	0.00956	0.00936	0.01022	0.00797	0.00665	0.03993	0.01102	0.01534	0.01885	0.03257	0.01933	0.34561	0.41797	0.00848	0.01254	0.00805	0.00385	0.00532
3	0.01338	0.06332	0.70679	0.01847	0.02803	0.01572	0.02381	0.02080	0.01388	0.02064	0.01171	0.01377	0.00834	0.00623	0.00617	0.00206	0.00962	0.00481	0.00278	0.00968
4	0.00795	0.00672	0.00691	0.00700	0.00918	0.00568	0.00534	0.00970	0.01501	0.01790	0.06477	0.06401	0.68350	0.01676	0.00786	0.00227	0.00350	0.05423	0.00611	0.00559
5	0.01666	0.01731	0.01990	0.01710	0.01796	0.13296	0.01402	0.06072	0.01273	0.01749	0.00933	0.01410	0.00878	0.01056	0.01822	0.00264	0.59329	0.00553	0.00319	0.00752
6	0.00940	0.00705	0.01058	0.01058	0.01176	0.00823	0.00823	0.01176	0.01058	0.01528	0.01763	0.02586	0.01646	0.04937	0.74255	0.01058	0.01763	0.00705	0.00353	0.00588
7	0.00810	0.00645	0.00727	0.00756	0.00921	0.00562	0.00548	0.00988	0.01502	0.01899	0.16978	0.23452	0.44469	0.01711	0.00793	0.00231	0.00342	0.01475	0.00630	0.00562
8	0.01450	0.01404	0.02276	0.41847	0.34243	0.03810	0.01895	0.01860	0.01413	0.01884	0.01195	0.01682	0.00949	0.00628	0.00653	0.00207	0.00846	0.00581	0.00309	0.00868
9	0.01438	0.01529	0.07908	0.08397	0.19379	0.04187	0.13557	0.01815	0.01483	0.04288	0.10321	0.09546	0.01972	0.00892	0.00837	0.00216	0.07605	0.00805	0.00413	0.03411
10	0.07184	0.18143	0.04943	0.01689	0.02227	0.14663	0.16908	0.15588	0.01860	0.08811	0.01319	0.01464	0.00996	0.00654	0.00607	0.00187	0.00869	0.00541	0.00433	0.00914
11	0.04957	0.01140	0.01296	0.01143	0.01466	0.01197	0.00922	0.17187	0.14568	0.08756	0.18924	0.03851	0.09790	0.01166	0.00726	0.00223	0.00515	0.10664	0.00666	0.00845
12	0.00963	0.00684	0.00865	0.00813	0.00988	0.00621	0.00612	0.01250	0.01810	0.04392	0.60731	0.05058	0.15988	0.01380	0.00774	0.00209	0.00321	0.01206	0.00710	0.00625
13	0.01113	0.00713	0.00881	0.00833	0.01027	0.00655	0.00625	0.01340	0.01581	0.09881	0.28542	0.09018	0.23954	0.05976	0.07904	0.00318	0.00506	0.01152	0.03346	0.00636
14	0.00941	0.00702	0.01039	0.01039	0.01150	0.00812	0.00799	0.01163	0.01052	0.01514	0.01781	0.02683	0.01688	0.08995	0.70255	0.01034	0.01700	0.00720	0.00355	0.00577
15	0.00917	0.00641	0.00721	0.00728	0.00775	0.00618	0.00440	0.00968	0.01114	0.01458	0.06775	0.09002	0.14197	0.55924	0.02638	0.00524	0.00555	0.01096	0.00464	0.00445
16	0.01012	0.00691	0.00906	0.00842	0.01011	0.00635	0.00635	0.01320	0.01864	0.05437	0.69643	0.04811	0.06030	0.01325	0.00772	0.00207	0.00320	0.01170	0.00728	0.00641
17	0.00794	0.00668	0.00689	0.00683	0.00899	0.00562	0.00513	0.00975	0.01538	0.01867	0.13414	0.06190	0.65690	0.01634	0.00778	0.00221	0.00331	0.01369	0.00623	0.00562
18	0.01382	0.00702	0.00820	0.00755	0.00959	0.00665	0.00579	0.01683	0.01593	0.12422	0.22866	0.03149	0.03009	0.00944	0.00581	0.00176	0.00343	0.00790	0.45895	0.00687
19	0.01346	0.07661	0.69419	0.01833	0.02782	0.01591	0.02357	0.02078	0.01387	0.02054	0.01166	0.01371	0.00835	0.00622	0.00614	0.00205	0.00957	0.00479	0.00278	0.00966
20	0.01643	0.01383	0.02235	0.25928	0.25490	0.01475	0.07519	0.10057	0.01657	0.07593	0.01634	0.04190	0.03024	0.00751	0.00681	0.00212	0.00789	0.02418	0.00415	0.00906
21	0.70012	0.01544	0.01098	0.00987	0.01384	0.12061	0.00794	0.02036	0.01229	0.02758	0.00931	0.01087	0.00733	0.00621	0.00434	0.00199	0.00608	0.00366	0.00397	0.00720
22	0.00977	0.00723	0.01047	0.01036	0.01145	0.00843	0.00799	0.01199	0.01070	0.01571	0.01771	0.02636	0.01663	0.08693	0.63099	0.00951	0.04319	0.00710	0.05164	0.00583
23	0.01437	0.01229	0.01485	0.01067	0.01651	0.00971	0.03148	0.05643	0.01471	0.02259	0.01199	0.01391	0.00984	0.00507	0.00507	0.00107	0.00522	0.00415	0.00404	0.73601
24	0.01293	0.01195	0.01959	0.70629	0.04365	0.01468	0.01780	0.04205	0.01383	0.01785	0.01185	0.01739	0.00889	0.00659	0.00654	0.00215	0.00862	0.00580	0.00308	0.02849
25	0.02430	0.03042	0.01898	0.01777	0.04627	0.69423	0.01299	0.04616	0.01889	0.01706	0.01042	0.01215	0.00863	0.00678	0.00598	0.00171	0.01159	0.00435	0.00348	0.00784
26	0.00802	0.00573	0.00764	0.00917	0.00955	0.00535	0.00611	0.00917	0.01260	0.01681	0.03628	0.76434	0.04354	0.02062	0.00840	0.00267	0.00382	0.01872	0.00611	0.00535
27	0.02941	0.01141	0.01541	0.01181	0.01691	0.00999	0.00976	0.05149	0.01919	0.71224	0.02568	0.02222	0.01615	0.00814	0.00662	0.00204	0.00565	0.00660	0.00810	0.01120
28	0.00957	0.00638	0.00718	0.00718	0.00718	0.00638	0.00399	0.00957	0.00957	0.01276	0.02074	0.04308	0.02393	0.76864	0.03351	0.00638	0.00638	0.00957	0.00399	0.00399
29	0.02572	0.01733	0.01907	0.01462	0.01986	0.01876	0.01208	0.60195	0.02909	0.14779	0.01737	0.01682	0.01198	0.00794	0.00659	0.00199	0.00699	0.00603	0.00683	0.01120
30	0.00940	0.00705	0.01058	0.01058	0.01176	0.00823	0.00823	0.01176	0.01058	0.01528	0.01763	0.02586	0.01646	0.04937	0.74255	0.01058	0.01763	0.00705	0.00353	0.00588
31	0.00802	0.00573	0.00764	0.00917	0.00955	0.00535	0.00611	0.00917	0.01260	0.01681	0.03628	0.76434	0.04354	0.02062	0.00840	0.00267	0.00382	0.01872	0.00611	0.00535
32	0.11897	0.02157	0.01907	0.01845	0.11466	0.30551	0.03485	0.15017	0.01945	0.11642	0.01354	0.01461	0.01014	0.00692	0.00606	0.00188	0.00882	0.00511	0.00466	0.00911
33	0.01670	0.62189	0.17735	0.01279	0.01926	0.02385	0.01393	0.01994	0.01348	0.01658	0.00970	0.01124	0.00843	0.00576	0.00464	0.00155	0.00759	0.00379	0.00281	0.00871
34	0.00861	0.00670	0.00782	0.00754	0.00940	0.00591	0.00565	0.01105	0.01696	0.02242	0.42081	0.05572	0.36789	0.01494	0.00777	0.00214	0.00321	0.01282	0.00672	0.00591
35	0.02360	0.01397	0.02104	0.10456	0.02409	0.01399	0.13437	0.16140	0.01968	0.35899	0.01941	0.01942	0.01300	0.00756	0.00732	0.00210	0.03255	0.00656	0.00618	0.01019
36	0.01457	0.02015	0.17967	0.02395	0.03047	0.01586	0.47047	0.02013	0.01499	0.02090	0.04319	0.01984	0.01263	0.00678	0.00833	0.00225	0.05525	0.02840	0.00344	0.00875
37	0.01320	0.03405	0.73453	0.01876	0.02849	0.01529	0.02432	0.02085	0.01390	0.02085	0.01181	0.01390	0.00834	0.00625	0.00625	0.00208	0.00973	0.00486	0.00278	0.00973
38	0.00957	0.00638	0.00718	0.00718	0.00718	0.00638	0.00399	0.00957	0.00957	0.01276	0.02074	0.04308	0.02393	0.76864	0.03351	0.00638	0.00638	0.00957	0.00399	0.00399
39	0.01403	0.02832	0.48973	0.02192	0.03057	0.01577	0.26337	0.02093	0.01448	0.02093	0.01234	0.01526	0.00892	0.00601	0.00679	0.00213	0.01021	0.00589	0.00297	0.00943
40	0.01422	0.01415	0.01980	0.01705	0.01706	0.01973	0.01416	0.01565	0.01016	0.01587	0.00945	0.03644	0.00967	0.01179	0.02122	0.00287	0.73447	0.00614	0.00298	0.00715
41	0.02498	0.01965	0.01965	0.01532	0.02041	0.08802	0.01253	0.64200	0.02980	0.03911	0.01528	0.01544	0.01094	0.00780	0.00652	0.00195	0.00768	0.00577	0.00629	0.01086
42	0.00959	0.00722	0.01049	0.01040	0.01140	0.00840	0.00793	0.01163	0.01044	0.01500	0.01771	0.02753	0.01709	0.13337	0.63476	0.00983	0.04065	0.00731	0.00356	0.00570
43	0.46429	0.01363	0.03552	0.01055	0.01502	0.01419	0.00895	0.13023	0.01594	0.15757	0.01587	0.01627	0.03780	0.00855	0.02852	0.00231	0.00600	0.00505	0.00523	0.00850
44	0.07543	0.02461	0.01770	0.01571	0.01876	0.46630	0.01212	0.08189	0.01773	0.04755	0.01226	0.04919	0.01065	0.00822	0.00820	0.00197	0.11453	0.00534	0.00396	0.00787
45	0.01362	0.06115	0.63314	0.01943	0.02867	0.01585	0.09613	0.02083	0.01405	0.02066	0.01187	0.01418	0.00852	0.00616	0.00634	0.00207	0.00977	0.00512	0.00284	0.00959
46	0.01130	0.00839	0.01113	0.01061	0.01233	0.00920	0.00820	0.10543	0.01479	0.02057	0.11589	0.11131	0.04711	0.03470	0.43916	0.00713	0.01228	0.00907	0.00481	0.00657
47	0.15712	0.03338	0.01413	0.03603	0.01618	0.08078	0.00954	0.11552	0.09516	0.04771	0.06119	0.06720	0.04146	0.00973	0.00727	0.03155	0.02508	0.04299	0.00511	0.10288
48	0.01610	0.01544	0.02636	0.07692	0.69260	0.01559	0.02011	0.02003	0.01490	0.02127	0.01235	0.01636	0.01034	0.00590	0.00652	0.00197	0.00787	0.00586	0.00324	0.01027
49	0.01544	0.01194	0.01385	0.01062	0.01560	0.01033	0.00843	0.09168	0.07352	0.06678	0.06005	0.06062	0.01635	0.00717	0.00569	0.00141	0.00503	0.00592	0.00501	0.51455
50	0.02130	0.06593	0.01854	0.01481	0.01898	0.23072	0.01174	0.22116	0.27572	0.02741	0.01776	0.01753	0.01348	0.00781	0.00629	0.00195	0.00785	0.00584	0.00547	0.00970
51	0.00961	0.00735	0.00889	0.00845	0.01029	0.00697	0.00635	0.01376	0.08043	0.02448	0.50855	0.07399	0.18827	0.01393	0.00769	0.00214	0.00336	0.01213	0.00694	0.00643
52	0.01243	0.01170	0.01975	0.75282	0.04534	0.01463	0.01828	0.01682	0.01316	0.01682	0.01170	0.01755	0.00878	0.00658	0.00658	0.00219	0.00878	0.00585	0.00293	0.00731
53	0.01365	0.01170	0.01365	0.00975	0.01560	0.00878	0.00780	0.01658	0.01365	0.02145	0.01170	0.01365	0.00975	0.00488	0.00488	0.00098	0.00488	0.00390	0.00390	0.80888
54	0.00940	0.00705	0.01058	0.01058	0.01176	0.00823	0.00823	0.01176	0.01058	0.01528	0.01763	0.02586	0.01646	0.04937	0.74255	0.01058	0.01763	0.00705	0.00353	0.00588
55	0.02614	0.01441	0.09464	0.01436	0.02014	0.01110	0.09348	0.02958	0.01792	0.57214	0.02297	0.02095	0.01470	0.00764	0.00672	0.00206	0.00669	0.00657	0.00701	0.01077
56	0.00957	0.00638	0.00718	0.00718	0.00718	0.00638	0.00399	0.00957	0.00957	0.01276	0.02074	0.04308	0.02393	0.76864	0.03351	0.00638	0.00638	0.00957	0.00399	0.00399
57	0.01016	0.00692	0.00907	0.00843	0.01013	0.00636	0.00636	0.01325	0.01864	0.05597	0.69484	0.04805	0.06020	0.01324	0.00772	0.00207	0.00321	0.01168	0.00728	0.00642
58	0.02319	0.01958	0.01906	0.01612	0.04747	0.12876	0.01250	0.46500	0.14188	0.03456	0.01664	0.01668	0.01223	0.00782	0.00650	0.00198	0.00763	0.00592	0.00599	0.01050
59	0.00957	0.00638	0.00718	0.00718	0.00718	0.00638	0.00399	0.00957	0.00957	0.01276	0.02074	0.04308	0.02393	0.76864	0.03351	0.00638	0.00638	0.00957	0.00399	0.00399
60	0.01760	0.77260	0.03450	0.01126	0.01690	0.02605	0.01126	0.01971	0.01338	0.01549	0.00915	0.01056	0.00845	0.00563	0.00422	0.00141	0.00704	0.00352	0.00282	0.00845
61	0.05461	0.02743	0.01773	0.01600	0.01953	0.57254	0.01212	0.04968	0.13129	0.01932	0.01300	0.01400	0.01039	0.00714	0.00601	0.00181	0.01038	0.00479	0.00406	0.00818
62	0.00957	0.00638	0.00718	0.00718	0.00718	0.00638	0.00399	0.00957	0.00957	0.01276	0.02074	0.04308	0.02393	0.76864	0.03351	0.00638	0.00638	0.00957	0.00399	0.00399
63	0.00802	0.00573	0.00764	0.00917	0.00955	0.00535	0.00611	0.00917	0.01260	0.01681	0.03628	0.76434	0.04354	0.02062	0.00840	0.00267	0.00382	0.01872	0.00611	0.00535
64	0.01572	0.01903	0.07903	0.02631	0.03293	0.03952	0.61396	0.02178	0.04287	0.02117	0.01365	0.01761	0.01024	0.00576	0.00758	0.00220	0.01081	0.00747	0.00343	0.00895
65	0.01533	0.01439	0.02428	0.09106	0.59125	0.01461	0.01892	0.01917	0.01487	0.02094	0.01499	0.02326	0.01356	0.00738	0.00683	0.00210	0.00768	0.08615	0.00357	0.00967
66	0.01664	0.01427	0.01504	0.01345	0.01722	0.01650	0.01049	0.05576	0.69446	0.02797	0.02645	0.02429	0.01982	0.00890	0.00670	0.00222	0.00527	0.00740	0.00670	0.01044
67	0.01586	0.01519	0.02579	0.07071	0.67501	0.01528	0.01964	0.01972	0.01491	0.02118	0.01406	0.01782	0.03275	0.00624	0.00656	0.00197	0.00772	0.00612	0.00333	0.01014
68	0.01622	0.01686	0.05605	0.08203	0.60516	0.04397	0.04313	0.02029	0.01499	0.02097	0.01226	0.01615	0.01015	0.00595	0.00653	0.00197	0.00823	0.00582	0.00323	0.01005
69	0.01573	0.01034	0.01192	0.01062	0.01359	0.01039	0.00819	0.14508	0.11118	0.13750	0.08439	0.20407	0.18306	0.01336	0.00737	0.00224	0.00476	0.01139	0.00668	0.00814
70	0.00940	0.00705	0.01058	0.01058	0.01176	0.00823	0.00823	0.01176	0.01058	0.01528	0.01763	0.02586	0.01646	0.04937	0.74255	0.01058	0.01763	0.00705	0.00353	0.00588
71	0.02506	0.02158	0.01933	0.01551	0.02028	0.20802	0.01248	0.50742	0.02737	0.05674	0.01466	0.01499	0.01065	0.00762	0.00642	0.00190	0.00840	0.00551	0.00580	0.01027
72	0.01780	0.75175	0.03405	0.01142	0.01699	0.04619	0.01131	0.01990	0.01353	0.01551	0.00918	0.01060	0.00845	0.00566	0.00427	0.00142	0.00718	0.00354	0.00283	0.00843
73	0.01590	0.01524	0.02601	0.11281	0.65823	0.01554	0.02001	0.01986	0.01480	0.02103	0.01231	0.01642	0.01026	0.00594	0.00652	0.00198	0.00792	0.00586	0.00322	0.01011
74	0.01491	0.01423	0.02422	0.29572	0.48307	0.01528	0.01952	0.01899	0.01434	0.01983	0.01214	0.01674	0.00984	0.00612	0.00654	0.00204	0.00816	0.00586	0.00314	0.00931
75	0.00932	0.00673	0.00880	0.00828	0.00984	0.00621	0.00621	0.01242	0.01863	0.02640	0.72410	0.04918	0.06212	0.01346	0.00776	0.00207	0.00311	0.01191	0.00725	0.00621
76	0.01554	0.01776	0.03885	0.02775	0.03441	0.01665	0.70366	0.02109	0.01554	0.02109	0.01332	0.01776	0.00999	0.00555	0.00777	0.00222	0.01110	0.00777	0.00333	0.00888
77	0.22603	0.49348	0.02630	0.01121	0.01619	0.10163	0.01035	0.02034	0.01339	0.01921	0.00927	0.01074	0.00811	0.00588	0.00437	0.00160	0.00706	0.00361	0.00321	0.00802
78	0.02462	0.03060	0.01872	0.01685	0.02036	0.69889	0.01271	0.06706	0.01939	0.01764	0.01051	0.01211	0.00864	0.00685	0.00597	0.00171	0.01159	0.00434	0.00358	0.00785
79	0.00819	0.00585	0.00784	0.00936	0.00982	0.00550	0.00641	0.00947	0.01277	0.01700	0.03619	0.71823	0.04316	0.02046	0.00845	0.00270	0.00397	0.06312	0.00611	0.00539
80	0.01760	0.77260	0.03450	0.01126	0.01690	0.02605	0.01126	0.01971	0.01338	0.01549	0.00915	0.01056	0.00845	0.00563	0.00422	0.00141	0.00704	0.00352	0.00282	0.00845
81	0.01556	0.01769	0.03846	0.02815	0.05671	0.01662	0.68168	0.02106	0.01552	0.02110	0.01329	0.01771	0.01000	0.00556	0.00773	0.00221	0.01099	0.00771	0.00333	0.00893
82	0.00802	0.00573	0.00764	0.00917	0.00955	0.00535	0.00611	0.00917	0.01260	0.01681	0.03628	0.76434	0.04354	0.02062	0.00840	0.00267	0.00382	0.01872	0.00611	0.00535
83	0.02459	0.03138	0.01866	0.01696	0.02035	0.74221	0.01272	0.02629	0.01866	0.01611	0.01018	0.01187	0.00848	0.00678	0.00594	0.00170	0.01187	0.00424	0.00339	0.00763
84	0.01721	0.01900	0.03531	0.02563	0.03188	0.07959	0.57916	0.08582	0.01725	0.02257	0.01328	0.01707	0.00997	0.00588	0.00750	0.00215	0.01080	0.00729	0.00364	0.00899
85	0.01468	0.28248	0.49906	0.01624	0.02459	0.01891	0.01993	0.02047	0.01372	0.01905	0.01092	0.01278	0.00838	0.00605	0.00557	0.00186	0.00882	0.00441	0.00279	0.00930
86	0.00802	0.00573	0.00764	0.00917	0.00955	0.00535	0.00611	0.00917	0.01260	0.01681	0.03628	0.76434	0.04354	0.02062	0.00840	0.00267	0.00382	0.01872	0.00611	0.00535
87	0.01284	0.00994	0.01356	0.08442	0.06555	0.01068	0.01006	0.09003	0.01771	0.04541	0.35467	0.10372	0.03877	0.01210	0.00886	0.00222	0.07930	0.02691	0.00594	0.00732
88	0.81514	0.01273	0.00968	0.00866	0.01273	0.01477	0.00713	0.01935	0.01120	0.02954	0.00917	0.01069	0.00713	0.00611	0.00407	0.00204	0.00509	0.00356	0.00407	0.00713
89	0.00932	0.00673	0.00880	0.00828	0.00984	0.00621	0.00621	0.01242	0.01863	0.02640	0.72410	0.04918	0.06212	0.01346	0.00776	0.00207	0.00311	0.01191	0.00725	0.00621
90	0.01604	0.01547	0.02670	0.08275	0.66391	0.01561	0.04249	0.02003	0.01490	0.02121	0.01237	0.01642	0.01031	0.00590	0.00656	0.00198	0.00799	0.00593	0.00324	0.01019
91	0.01532	0.01927	0.10340	0.02691	0.03386	0.01652	0.64062	0.02107	0.01539	0.02107	0.01318	0.01740	0.00984	0.00561	0.00763	0.00221	0.01097	0.00750	0.00328	0.00896
92	0.00793	0.00667	0.00687	0.00682	0.00898	0.00562	0.00512	0.00973	0.01535	0.01861	0.12996	0.06199	0.66112	0.01636	0.00778	0.00221	0.00331	0.01370	0.00622	0.00562
93	0.01061	0.00758	0.01061	0.01212	0.01364	0.00758	0.01061	0.01364	0.01515	0.01970	0.03486	0.07426	0.03789	0.01819	0.00909	0.00303	0.00606	0.68326	0.00606	0.00606
94	0.02161	0.01674	0.01783	0.01446	0.01911	0.01882	0.01169	0.44070	0.30144	0.03598	0.02015	0.01926	0.01471	0.00831	0.00663	0.00208	0.00644	0.00653	0.00663	0.01089
95	0.01629	0.01564	0.02672	0.04041	0.72757	0.01564	0.02020	0.02020	0.01499	0.02151	0.01238	0.01629	0.01043	0.00587	0.00652	0.00196	0.00782	0.00587	0.00326	0.01043
96	0.02459	0.03138	0.01866	0.01696	0.02035	0.74221	0.01272	0.02629	0.01866	0.01611	0.01018	0.01187	0.00848	0.00678	0.00594	0.00170	0.01187	0.00424	0.00339	0.00763
97	0.00778	0.00667	0.00667	0.00667	0.00889	0.00556	0.00500	0.00945	0.01501	0.01778	0.06669	0.06336	0.72490	0.01667	0.00778	0.00222	0.00333	0.01389	0.00611	0.00556
98	0.01320	0.03405	0.73453	0.01876	0.02849	0.01529	0.02432	0.02085	0.01390	0.02085	0.01181	0.01390	0.00834	0.00625	0.00625	0.00208	0.00973	0.00486	0.00278	0.00973
99	0.01760	0.77260	0.03450	0.01126	0.01690	0.02605	0.01126	0.01971	0.01338	0.01549	0.00915	0.01056	0.00845	0.00563	0.00422	0.00141	0.00704	0.00352	0.00282	0.00845
100	0.00802	0.00573	0.00764	0.00917	0.00955	0.00535	0.00611	0.00917	0.01260	0.01681	0.03628	0.76434	0.04354	0.02062	0.00840	0.00267	0.00382	0.01872	0.00611	0.00535
101	0.00802	0.00573	0.00764	0.00917	0.00955	0.00535	0.00611	0.00917	0.01260	0.01681	0.03628	0.76434	0.04354	0.02062	0.00840	0.00267	0.00382	0.01872	0.00611	0.00535
102	0.00940	0.00705	0.01058	0.01058	0.01176	0.00823	0.00823	0.01176	0.01058	0.01528	0.01763	0.02586	0.01646	0.04937	0.74255	0.01058	0.01763	0.00705	0.00353	0.00588
103	0.01243	0.01170	0.01975	0.75282	0.04534	0.01463	0.01828	0.01682	0.01316	0.01682	0.01170	0.01755	0.00878	0.00658	0.00658	0.00219	0.00878	0.00585	0.00293	0.00731
104	0.81514	0.01273	0.00968	0.00866	0.01273	0.01477	0.00713	0.01935	0.01120	0.02954	0.00917	0.01069	0.00713	0.00611	0.00407	0.00204	0.00509	0.00356	0.00407	0.00713
105	0.01760	0.77260	0.03450	0.01126	0.01690	0.02605	0.01126	0.01971	0.01338	0.01549	0.00915	0.01056	0.00845	0.00563	0.00422	0.00141	0.00704	0.00352	0.00282	0.00845
106	0.02503	0.01844	0.01976	0.01515	0.02042	0.02042	0.01251	0.70562	0.03095	0.04149	0.01581	0.01581	0.01120	0.00790	0.00659	0.00198	0.00724	0.00593	0.00659	0.01120
107	0.00802	0.00573	0.00764	0.00917	0.00955	0.00535	0.00611	0.00917	0.01260	0.01681	0.03628	0.76434	0.04354	0.02062	0.00840	0.00267	0.00382	0.01872	0.00611	0.00535
108	0.01727	0.71744	0.08678	0.01182	0.01776	0.02525	0.01224	0.01980	0.01342	0.01589	0.00935	0.01081	0.00844	0.00568	0.00438	0.00146	0.00724	0.00362	0.00281	0.00854
109	0.01557	0.01490	0.02542	0.17372	0.59990	0.01545	0.01984	0.01957	0.01465	0.02063	0.01226	0.01653	0.01012	0.00600	0.00653	0.00200	0.00800	0.00586	0.00320	0.00985
110	0.01061	0.00758	0.01061	0.01212	0.01364	0.00758	0.01061	0.01364	0.01515	0.01970	0.03486	0.07426	0.03789	0.01819	0.00909	0.00303	0.00606	0.68326	0.00606	0.00606
111	0.02471	0.05004	0.02037	0.01498	0.02027	0.02065	0.01246	0.67688	0.03022	0.04040	0.01553	0.01559	0.01108	0.00781	0.00649	0.00195	0.00724	0.00583	0.00643	0.01108
112	0.01760	0.77260	0.03450	0.01126	0.01690	0.02605	0.01126	0.01971	0.01338	0.01549	0.00915	0.01056	0.00845	0.00563	0.00422	0.00141	0.00704	0.00352	0.00282	0.00845
113	0.00956	0.00686	0.00938	0.01085	0.01197	0.00668	0.00876	0.01184	0.01420	0.01856	0.03639	0.33075	0.06153	0.01905	0.00879	0.00287	0.00514	0.41495	0.00608	0.00578
114	0.02503	0.01844	0.01976	0.01515	0.02042	0.02042	0.01251	0.70562	0.03095	0.04149	0.01581	0.01581	0.01120	0.00790	0.00659	0.00198	0.00724	0.00593	0.00659	0.01120
115	0.02862	0.01319	0.01612	0.01247	0.01752	0.04206	0.01025	0.13796	0.02074	0.59331	0.02371	0.02093	0.01517	0.00805	0.00659	0.00201	0.00612	0.00641	0.00770	0.01105
116	0.02393	0.01841	0.01911	0.01500	0.02000	0.04809	0.01226	0.59552	0.11580	0.03876	0.01696	0.01674	0.01220	0.00799	0.00657	0.00200	0.00717	0.00605	0.00648	0.01096
117	0.00802	0.00573	0.00764	0.00917	0.00955	0.00535	0.00611	0.00917	0.01260	0.01681	0.03628	0.76434	0.04354	0.02062	0.00840	0.00267	0.00382	0.01872	0.00611	0.00535
118	0.01483	0.01414	0.02407	0.31104	0.46840	0.01526	0.01947	0.01892	0.01430	0.01973	0.01212	0.01677	0.00980	0.00614	0.00654	0.00205	0.00818	0.00586	0.00313	0.00924
119	0.01526	0.02534	0.40466	0.02062	0.02858	0.01482	0.24974	0.02149	0.01495	0.08637	0.01592	0.01805	0.03965	0.00663	0.00686	0.00213	0.00954	0.00638	0.00360	0.00941
120	0.02105	0.23386	0.02285	0.01382	0.01871	0.08200	0.01173	0.31139	0.16910	0.02899	0.01575	0.01582	0.01206	0.00738	0.00588	0.00184	0.00715	0.00542	0.00526	0.00995
121	0.02551	0.01767	0.01928	0.01478	0.02003	0.01927	0.01221	0.63392	0.02966	0.11501	0.01689	0.01651	0.01174	0.00793	0.00659	0.00198	0.00707	0.00600	0.00675	0.01120
122	0.01606	0.01541	0.02630	0.08317	0.68662	0.01558	0.02009	0.02000	0.01488	0.02123	0.01234	0.01637	0.01033	0.00591	0.00652	0.00197	0.00788	0.00586	0.00324	0.01024
123	0.01541	0.01474	0.02513	0.20341	0.57148	0.01541	0.01976	0.01943	0.01457	0.02044	0.01223	0.01658	0.01005	0.00603	0.00653	0.00201	0.00804	0.00586	0.00318	0.00972
124	0.00940	0.00705	0.01058	0.01058	0.01176	0.00823	0.00823	0.01176	0.01058	0.01528	0.01763	0.02586	0.01646	0.04937	0.74255	0.01058	0.01763	0.00705	0.00353	0.00588
125	0.01267	0.01194	0.02017	0.70896	0.08734	0.01469	0.01840	0.01703	0.01328	0.01711	0.01174	0.01747	0.00888	0.00654	0.00658	0.00218	0.00872	0.00585	0.00295	0.00750
126	0.01694	0.01545	0.02512	0.12105	0.50602	0.03859	0.05966	0.02143	0.04295	0.06848	0.01377	0.01713	0.01092	0.00624	0.00660	0.00201	0.00801	0.00604	0.00369	0.00992
127	0.02446	0.01821	0.01981	0.01587	0.04222	0.02013	0.01268	0.66182	0.05349	0.04040	0.01607	0.01612	0.01147	0.00787	0.00659	0.00198	0.00719	0.00598	0.00649	0.01115
128	0.02954	0.01120	0.01528	0.01171	0.01681	0.00968	0.00968	0.03208	0.01884	0.73213	0.02597	0.02241	0.01630	0.00815	0.00662	0.00204	0.00560	0.00662	0.00815	0.01120
129	0.01517	0.01701	0.03621	0.10421	0.03500	0.01655	0.60835	0.02046	0.01511	0.02046	0.01299	0.01763	0.00982	0.00586	0.00810	0.00224	0.03542	0.00750	0.00327	0.00866
130	0.01599	0.01551	0.02699	0.08671	0.64090	0.01564	0.06110	0.02003	0.01490	0.02117	0.01239	0.01646	0.01029	0.00589	0.00660	0.00199	0.00808	0.00598	0.00324	0.01013
131	0.00778	0.00667	0.00667	0.00667	0.00889	0.00556	0.00500	0.00945	0.01501	0.01778	0.06669	0.06336	0.72490	0.01667	0.00778	0.00222	0.00333	0.01389	0.00611	0.00556
132	0.02459	0.03138	0.01866	0.01696	0.02035	0.74221	0.01272	0.02629	0.01866	0.01611	0.01018	0.01187	0.00848	0.00678	0.00594	0.00170	0.01187	0.00424	0.00339	0.00763
133	0.00939	0.00628	0.00743	0.00765	0.00782	0.00623	0.00458	0.00952	0.01017	0.01353	0.02386	0.14713	0.04889	0.56546	0.05256	0.05399	0.00625	0.01073	0.00429	0.00424
134	0.01703	0.67755	0.12459	0.01223	0.01839	0.02466	0.01295	0.01986	0.01344	0.01618	0.00949	0.01099	0.00843	0.00571	0.00449	0.00150	0.00739	0.00369	0.00281	0.00861
135	0.00802	0.00573	0.00764	0.00917	0.00955	0.00535	0.00611	0.00917	0.01260	0.01681	0.03628	0.76434	0.04354	0.02062	0.00840	0.00267	0.00382	0.01872	0.00611	0.00535
136	0.00817	0.00587	0.00779	0.00926	0.00977	0.00549	0.00634	0.00944	0.01284	0.01701	0.03720	0.69982	0.06566	0.02035	0.00842	0.00268	0.00394	0.05844	0.00611	0.00540
137	0.00804	0.00648	0.00719	0.00770	0.00939	0.00564	0.00567	0.00966	0.01438	0.01766	0.05654	0.24832	0.49928	0.01781	0.00803	0.00240	0.00365	0.06052	0.00611	0.00554
138	0.02460	0.01821	0.01976	0.04015	0.02126	0.02022	0.01271	0.68227	0.03035	0.04065	0.01567	0.01586	0.01111	0.00786	0.00659	0.00198	0.00730	0.00592	0.00646	0.01106
139	0.01554	0.01776	0.03885	0.02775	0.03441	0.01665	0.70366	0.02109	0.01554	0.02109	0.01332	0.01776	0.00999	0.00555	0.00777	0.00222	0.01110	0.00777	0.00333	0.00888
140	0.00940	0.00705	0.01058	0.01058	0.01176	0.00823	0.00823	0.01176	0.01058	0.01528	0.01763	0.02586	0.01646	0.04937	0.74255	0.01058	0.01763	0.00705	0.00353	0.00588
141	0.07625	0.01139	0.01493	0.01159	0.01657	0.01021	0.00955	0.03142	0.04182	0.66626	0.02499	0.02178	0.01587	0.00805	0.00647	0.00204	0.00556	0.00646	0.00785	0.01093
142	0.01365	0.01170	0.01365	0.00975	0.01560	0.00878	0.00780	0.01658	0.01365	0.02145	0.01170	0.01365	0.00975	0.00488	0.00488	0.00098	0.00488	0.00390	0.00390	0.80888
143	0.00793	0.00666	0.00681	0.00678	0.00889	0.00562	0.00504	0.00963	0.01505	0.01814	0.10479	0.06183	0.66186	0.04126	0.00863	0.00235	0.00342	0.01363	0.00611	0.00555
144	0.02312	0.00979	0.01318	0.01059	0.01458	0.00857	0.00855	0.02581	0.01868	0.50960	0.22737	0.03124	0.04937	0.00991	0.00698	0.00205	0.00482	0.00834	0.00783	0.00961
145	0.00826	0.00650	0.00752	0.00806	0.00963	0.00575	0.00598	0.01003	0.01464	0.01842	0.11024	0.26353	0.40608	0.01768	0.00809	0.00242	0.00372	0.08164	0.00620	0.00560
146	0.00941	0.00707	0.00858	0.00824	0.00998	0.00651	0.00615	0.03841	0.01758	0.02385	0.46136	0.12660	0.22225	0.01479	0.00779	0.00217	0.00340	0.01288	0.00682	0.00615
147	0.12750	0.01160	0.01471	0.01143	0.01640	0.01062	0.00944	0.04990	0.01824	0.62451	0.02358	0.02075	0.01500	0.00789	0.00630	0.00204	0.00559	0.00622	0.00759	0.01069
148	0.00912	0.00619	0.00731	0.00776	0.00787	0.00608	0.00461	0.00946	0.01045	0.01394	0.02526	0.25266	0.02963	0.55129	0.02621	0.00530	0.00564	0.01223	0.00461	0.00438
149	0.00937	0.00656	0.00749	0.00767	0.00808	0.00645	0.00467	0.01036	0.03265	0.01467	0.04620	0.15739	0.09027	0.54096	0.02577	0.00519	0.00559	0.01139	0.00468	0.00460
150	0.04101	0.00682	0.00763	0.00772	0.00832	0.00683	0.00483	0.01109	0.03419	0.01596	0.06744	0.14270	0.06678	0.49702	0.02403	0.00491	0.00546	0.01081	0.03164	0.00480
151	0.00939	0.00664	0.00859	0.00823	0.00971	0.00616	0.00612	0.01238	0.01802	0.02573	0.64667	0.09101	0.05868	0.01359	0.00764	0.00208	0.00315	0.01202	0.04804	0.00616
152	0.05792	0.00676	0.00733	0.00727	0.00751	0.00689	0.00418	0.01016	0.00967	0.01377	0.02005	0.04114	0.02293	0.72287	0.03174	0.00612	0.00630	0.00921	0.00399	0.00418

[dist]
# distance from previous block
# <min> <max>
0	21

# created by:
# /home/berkeley/.conda/envs/busco_data_prod/bin/msa2prfl.pl pipeline/OGs_align_augustus/4893/26815.fs
