[name]
unknown

[dist]
# distance from previous block
# <min> <max>
0	36

[block]
# block no. 0 follows, 33 sequences, length 33
# corresponding to MSA columns:
# 36-68
name=unknown_A
#
# <colnr> <probs for GDERKNQSTAVLIFYWHMCP>
#	G	D	E	R	K	N	Q	S	T	A	V	L	I	F	Y	W	H	M	C	P
0	0.06790	0.01414	0.01851	0.09401	0.15000	0.05913	0.05896	0.14339	0.01818	0.10282	0.04939	0.06525	0.06276	0.00930	0.00686	0.00214	0.00705	0.05630	0.00513	0.00877
1	0.01817	0.01833	0.05764	0.04276	0.08135	0.14515	0.07839	0.16455	0.11705	0.02568	0.07020	0.03832	0.01640	0.00787	0.00653	0.00194	0.00767	0.00662	0.03731	0.05808
2	0.02031	0.01831	0.04550	0.04129	0.18023	0.11647	0.01408	0.24170	0.09563	0.06557	0.01559	0.01696	0.01185	0.00890	0.03711	0.00228	0.00816	0.00579	0.00499	0.04928
3	0.06361	0.03292	0.03560	0.01639	0.09358	0.13554	0.05473	0.16235	0.06964	0.02530	0.09476	0.06016	0.10863	0.00952	0.00671	0.00203	0.00702	0.00788	0.00516	0.00848
4	0.08756	0.02633	0.45798	0.04904	0.10333	0.01515	0.01999	0.04569	0.05197	0.02269	0.01257	0.01464	0.00929	0.00634	0.00606	0.00201	0.00846	0.00502	0.00336	0.05251
5	0.01547	0.01730	0.03494	0.12532	0.07255	0.04125	0.55134	0.02065	0.01530	0.02037	0.01294	0.01745	0.00980	0.00575	0.00748	0.00218	0.01064	0.00729	0.00327	0.00871
6	0.01006	0.00850	0.01300	0.01273	0.03861	0.00824	0.09970	0.01319	0.06392	0.01810	0.03310	0.42898	0.10709	0.06406	0.04570	0.00312	0.00581	0.01434	0.00543	0.00633
7	0.00796	0.00668	0.00692	0.00686	0.00900	0.00564	0.00515	0.00980	0.01544	0.01880	0.14455	0.06168	0.64641	0.01629	0.00778	0.00220	0.00331	0.01366	0.00625	0.00564
8	0.02382	0.01556	0.01861	0.01677	0.09785	0.01639	0.01228	0.39004	0.07505	0.20369	0.01950	0.04839	0.01429	0.00832	0.00667	0.00204	0.00663	0.00671	0.00658	0.01082
9	0.01227	0.00614	0.00614	0.00614	0.00767	0.00614	0.00460	0.01534	0.01381	0.02454	0.02148	0.02454	0.01687	0.00767	0.00460	0.00153	0.00307	0.00614	0.80518	0.00614
10	0.01365	0.01170	0.01365	0.00975	0.01560	0.00878	0.00780	0.01658	0.01365	0.02145	0.01170	0.01365	0.00975	0.00488	0.00488	0.00098	0.00488	0.00390	0.00390	0.80888
11	0.00861	0.00660	0.00788	0.00778	0.00945	0.00587	0.00575	0.01096	0.01663	0.02215	0.40510	0.13339	0.30510	0.01544	0.00784	0.00219	0.00327	0.01339	0.00670	0.00587
12	0.01227	0.00614	0.00614	0.00614	0.00767	0.00614	0.00460	0.01534	0.01381	0.02454	0.02148	0.02454	0.01687	0.00767	0.00460	0.00153	0.00307	0.00614	0.80518	0.00614
13	0.12572	0.09104	0.06376	0.01719	0.08426	0.30018	0.01321	0.18575	0.01951	0.02464	0.01160	0.01307	0.00912	0.00674	0.00577	0.00183	0.00895	0.00468	0.00414	0.00887
14	0.01624	0.01719	0.10257	0.17914	0.36650	0.03232	0.01835	0.10914	0.01651	0.02282	0.01298	0.01694	0.01038	0.02452	0.00710	0.00211	0.00811	0.00582	0.02177	0.00949
15	0.01584	0.01537	0.02528	0.15956	0.38515	0.03557	0.10975	0.05645	0.03323	0.02131	0.01357	0.04307	0.01141	0.00691	0.00737	0.00210	0.03861	0.00657	0.00356	0.00933
16	0.00861	0.00666	0.00785	0.00763	0.00942	0.00590	0.00569	0.01102	0.01684	0.02233	0.41578	0.08505	0.34324	0.01512	0.00780	0.00216	0.00323	0.01304	0.00672	0.00590
17	0.05406	0.01070	0.01427	0.01408	0.09786	0.00977	0.03401	0.05377	0.01478	0.09813	0.03502	0.21184	0.02136	0.06733	0.00854	0.00222	0.00547	0.00907	0.00506	0.23267
18	0.00940	0.00667	0.00885	0.00895	0.00954	0.00721	0.00617	0.01061	0.01025	0.01423	0.02019	0.07893	0.02151	0.37446	0.37538	0.00819	0.01167	0.00891	0.00390	0.00499
19	0.01808	0.01346	0.01486	0.01265	0.01602	0.03034	0.01020	0.35081	0.02247	0.05516	0.04484	0.11569	0.11147	0.03233	0.00864	0.00236	0.03936	0.08645	0.00618	0.00864
20	0.01821	0.01487	0.01822	0.06562	0.12609	0.05394	0.03882	0.18300	0.18441	0.07388	0.05380	0.06580	0.03768	0.00913	0.00687	0.00213	0.00671	0.02566	0.00566	0.00951
21	0.00781	0.00657	0.00678	0.00694	0.00896	0.00553	0.00512	0.00942	0.01474	0.01768	0.06333	0.14076	0.64966	0.01711	0.00785	0.00227	0.00339	0.01443	0.00611	0.00553
22	0.02459	0.03138	0.01866	0.01696	0.02035	0.74221	0.01272	0.02629	0.01866	0.01611	0.01018	0.01187	0.00848	0.00678	0.00594	0.00170	0.01187	0.00424	0.00339	0.00763
23	0.02212	0.17817	0.16393	0.01429	0.02048	0.01820	0.01397	0.27625	0.02119	0.18507	0.01587	0.01579	0.01118	0.00715	0.00603	0.00189	0.00733	0.00536	0.00538	0.01033
24	0.01440	0.01440	0.02016	0.01728	0.01728	0.02016	0.01440	0.01584	0.01008	0.01584	0.00864	0.01440	0.00864	0.01152	0.02160	0.00288	0.75659	0.00576	0.00288	0.00720
25	0.00808	0.00588	0.00763	0.00889	0.00951	0.00542	0.00602	0.00940	0.01321	0.01751	0.08348	0.65579	0.10529	0.01981	0.00831	0.00259	0.00373	0.01785	0.00618	0.00542
26	0.01798	0.73276	0.03365	0.01157	0.01708	0.06454	0.01134	0.02007	0.01366	0.01552	0.00921	0.01063	0.00845	0.00569	0.00432	0.00142	0.00730	0.00356	0.00285	0.00840
27	0.01500	0.01355	0.03676	0.07821	0.18344	0.03924	0.01253	0.07066	0.17985	0.04764	0.07198	0.05535	0.14816	0.00989	0.00692	0.00212	0.00611	0.00848	0.00531	0.00880
28	0.01241	0.00667	0.00704	0.00686	0.00829	0.00704	0.00524	0.01537	0.01356	0.02398	0.02065	0.02389	0.01634	0.00792	0.00570	0.00162	0.05181	0.00611	0.75328	0.00620
29	0.09482	0.01288	0.01422	0.01211	0.01624	0.01360	0.00971	0.08823	0.31600	0.14861	0.05194	0.02513	0.01918	0.00878	0.00642	0.00206	0.00538	0.05031	0.00636	0.09802
30	0.09145	0.03889	0.10959	0.01797	0.10646	0.06161	0.05359	0.14681	0.09262	0.10069	0.01812	0.01898	0.04965	0.00785	0.00732	0.00208	0.05581	0.00616	0.00489	0.00947
31	0.12830	0.05137	0.15588	0.17961	0.08026	0.09663	0.01564	0.09802	0.09119	0.02349	0.01322	0.01544	0.01003	0.00678	0.00601	0.00202	0.00809	0.00525	0.00394	0.00884
32	0.15058	0.03629	0.01869	0.02002	0.22019	0.08891	0.01258	0.13034	0.01705	0.05896	0.01284	0.01523	0.01028	0.02717	0.00645	0.00188	0.00698	0.00504	0.00430	0.15623

[dist]
# distance from previous block
# <min> <max>
4	20

[block]
# block no. 1 follows, 33 sequences, length 13
# corresponding to MSA columns:
# 102-114
name=unknown_B
#
# <colnr> <probs for GDERKNQSTAVLIFYWHMCP>
#	G	D	E	R	K	N	Q	S	T	A	V	L	I	F	Y	W	H	M	C	P
0	0.00882	0.00663	0.00824	0.00891	0.01007	0.00625	0.00636	0.01150	0.05278	0.01974	0.18979	0.42852	0.15726	0.01770	0.00810	0.00246	0.00375	0.04088	0.00639	0.00587
1	0.01889	0.01622	0.01959	0.05304	0.10983	0.04993	0.05564	0.24340	0.22831	0.02913	0.01839	0.02029	0.01422	0.00783	0.00662	0.00203	0.00703	0.02887	0.00548	0.06528
2	0.04731	0.11389	0.06128	0.01554	0.04612	0.07759	0.01291	0.40193	0.10479	0.03231	0.01523	0.01560	0.01135	0.00742	0.00615	0.00192	0.00745	0.00553	0.00545	0.01024
3	0.00862	0.00645	0.00797	0.00858	0.00978	0.00597	0.00625	0.01041	0.01428	0.01870	0.16059	0.30237	0.22706	0.07029	0.03601	0.00302	0.00448	0.08755	0.00606	0.00556
4	0.00901	0.00652	0.00821	0.00922	0.00997	0.00624	0.00627	0.04723	0.01361	0.01801	0.03645	0.63733	0.08779	0.05881	0.00957	0.00280	0.00411	0.01721	0.00603	0.00561
5	0.24920	0.05354	0.05668	0.07598	0.05287	0.11840	0.03208	0.16786	0.01781	0.07025	0.01333	0.01620	0.01038	0.00715	0.00577	0.00200	0.00752	0.02973	0.00456	0.00870
6	0.39435	0.01506	0.01444	0.08338	0.07794	0.09217	0.01061	0.08086	0.04031	0.02542	0.01181	0.01532	0.00978	0.05937	0.00790	0.00235	0.04217	0.00492	0.00408	0.00775
7	0.01763	0.01638	0.01978	0.09767	0.27406	0.13139	0.01429	0.07872	0.01640	0.05771	0.01464	0.01842	0.02747	0.05666	0.00799	0.00209	0.00776	0.00577	0.00399	0.13115
8	0.01581	0.01520	0.02229	0.33832	0.21087	0.06339	0.05567	0.08069	0.05162	0.02089	0.01283	0.01690	0.01003	0.00687	0.00745	0.00212	0.05081	0.00594	0.00358	0.00871
9	0.04693	0.01522	0.02375	0.13161	0.45881	0.03853	0.04274	0.04322	0.01539	0.05815	0.01291	0.01632	0.01029	0.00612	0.00638	0.00194	0.00780	0.00572	0.00365	0.05453
10	0.01345	0.01199	0.01932	0.31204	0.12970	0.01307	0.06337	0.01689	0.01364	0.04602	0.01755	0.10223	0.04718	0.00872	0.00795	0.00213	0.06803	0.00761	0.00381	0.09528
11	0.03862	0.04663	0.14149	0.06490	0.22507	0.05142	0.01524	0.03247	0.01470	0.06158	0.01587	0.02162	0.03037	0.05968	0.00812	0.00221	0.00747	0.04365	0.00388	0.11502
12	0.03547	0.15696	0.13822	0.12028	0.06341	0.05406	0.05692	0.12916	0.01675	0.02240	0.03691	0.06672	0.01350	0.00886	0.02805	0.00220	0.00816	0.00631	0.00397	0.03170

[dist]
# distance from previous block
# <min> <max>
13	66

[block]
# block no. 2 follows, 33 sequences, length 79
# corresponding to MSA columns:
# 199-277
name=unknown_C
#
# <colnr> <probs for GDERKNQSTAVLIFYWHMCP>
#	G	D	E	R	K	N	Q	S	T	A	V	L	I	F	Y	W	H	M	C	P
0	0.03355	0.03057	0.04345	0.01818	0.13930	0.06781	0.07763	0.07923	0.08055	0.06194	0.06753	0.02445	0.07574	0.00815	0.00651	0.00189	0.00678	0.02886	0.00484	0.14304
1	0.01596	0.12576	0.07522	0.01763	0.11921	0.05535	0.06895	0.02058	0.08218	0.07878	0.02055	0.08888	0.05950	0.00908	0.00721	0.00202	0.04303	0.03534	0.00449	0.07027
2	0.05996	0.07023	0.01598	0.03779	0.03885	0.14815	0.01020	0.12481	0.05342	0.02277	0.06162	0.10762	0.03818	0.01331	0.08018	0.00276	0.00795	0.00739	0.00474	0.09409
3	0.05233	0.08653	0.06335	0.01715	0.07170	0.08596	0.05170	0.23555	0.11975	0.02712	0.01559	0.04788	0.01266	0.00815	0.00768	0.00207	0.07428	0.00624	0.00486	0.00946
4	0.01691	0.08842	0.01565	0.05403	0.01685	0.16038	0.01001	0.08021	0.07456	0.08351	0.04584	0.14813	0.08453	0.03711	0.00776	0.00226	0.00680	0.05401	0.00529	0.00772
5	0.01646	0.38969	0.18900	0.01495	0.05016	0.06225	0.03191	0.04287	0.06090	0.01891	0.01493	0.01611	0.05283	0.00681	0.00543	0.00174	0.00773	0.00504	0.00345	0.00883
6	0.01452	0.06110	0.04895	0.03580	0.01868	0.08566	0.11081	0.08375	0.01497	0.01978	0.01659	0.07152	0.01546	0.06553	0.19424	0.00442	0.02721	0.02797	0.02150	0.06153
7	0.01458	0.12342	0.59777	0.01765	0.02650	0.03934	0.02189	0.04884	0.01468	0.02089	0.01160	0.01351	0.00847	0.00626	0.00601	0.00199	0.00937	0.00472	0.00296	0.00957
8	0.01132	0.00897	0.01153	0.01054	0.01271	0.00905	0.04499	0.08906	0.06670	0.02169	0.13478	0.18266	0.18695	0.06278	0.11193	0.00367	0.00656	0.01168	0.00574	0.00672
9	0.01550	0.01472	0.02310	0.37856	0.28141	0.06233	0.06025	0.01954	0.01455	0.04922	0.01255	0.01696	0.00973	0.00635	0.00659	0.00207	0.00865	0.00590	0.00332	0.00869
10	0.01371	0.01318	0.05948	0.07157	0.02188	0.03456	0.21092	0.01631	0.01294	0.04780	0.04435	0.03640	0.01422	0.01760	0.13264	0.16451	0.07044	0.00703	0.00361	0.00685
11	0.00817	0.00574	0.00759	0.00906	0.00948	0.00537	0.00606	0.00938	0.01265	0.01707	0.03578	0.73895	0.04263	0.02018	0.00827	0.00263	0.00379	0.01828	0.03354	0.00537
12	0.01476	0.01609	0.03363	0.05831	0.10962	0.01535	0.53016	0.01964	0.01509	0.02053	0.01539	0.09051	0.01326	0.00710	0.00764	0.00223	0.00992	0.00854	0.00358	0.00864
13	0.01591	0.01525	0.02602	0.11184	0.65917	0.01554	0.02001	0.01986	0.01481	0.02104	0.01231	0.01642	0.01026	0.00594	0.00652	0.00198	0.00792	0.00586	0.00323	0.01012
14	0.01100	0.00933	0.00901	0.00851	0.01105	0.05348	0.00653	0.04278	0.05539	0.04446	0.10594	0.05377	0.51543	0.01475	0.00755	0.00219	0.00429	0.03193	0.00615	0.00646
15	0.02199	0.01455	0.01857	0.01443	0.01918	0.01488	0.08569	0.34924	0.02352	0.19411	0.02524	0.04642	0.10026	0.00947	0.00700	0.00210	0.00668	0.03025	0.00650	0.00993
16	0.01463	0.01426	0.01975	0.01692	0.01718	0.01968	0.01407	0.04384	0.01095	0.01687	0.00931	0.01494	0.00907	0.01295	0.05092	0.00316	0.69532	0.00582	0.00306	0.00731
17	0.00893	0.00718	0.01141	0.01141	0.01255	0.00671	0.09036	0.01061	0.01296	0.01732	0.03351	0.67417	0.03949	0.01880	0.00833	0.00262	0.00470	0.01739	0.00578	0.00577
18	0.01365	0.01170	0.01365	0.00975	0.01560	0.00878	0.00780	0.01658	0.01365	0.02145	0.01170	0.01365	0.00975	0.00488	0.00488	0.00098	0.00488	0.00390	0.00390	0.80888
19	0.00802	0.00573	0.00764	0.00917	0.00955	0.00535	0.00611	0.00917	0.01260	0.01681	0.03628	0.76434	0.04354	0.02062	0.00840	0.00267	0.00382	0.01872	0.00611	0.00535
20	0.02503	0.01844	0.01976	0.01515	0.02042	0.02042	0.01251	0.70562	0.03095	0.04149	0.01581	0.01581	0.01120	0.00790	0.00659	0.00198	0.00724	0.00593	0.00659	0.01120
21	0.01320	0.03405	0.73453	0.01876	0.02849	0.01529	0.02432	0.02085	0.01390	0.02085	0.01181	0.01390	0.00834	0.00625	0.00625	0.00208	0.00973	0.00486	0.00278	0.00973
22	0.01600	0.01534	0.02619	0.09463	0.67565	0.01556	0.02006	0.01995	0.01485	0.02115	0.01233	0.01639	0.01030	0.00592	0.00652	0.00197	0.00789	0.00586	0.00323	0.01019
23	0.00817	0.00588	0.00777	0.00912	0.00967	0.00548	0.00622	0.00951	0.01313	0.01751	0.07940	0.67641	0.06665	0.01998	0.00836	0.00263	0.00383	0.03866	0.00618	0.00543
24	0.01243	0.01170	0.01975	0.75282	0.04534	0.01463	0.01828	0.01682	0.01316	0.01682	0.01170	0.01755	0.00878	0.00658	0.00658	0.00219	0.00878	0.00585	0.00293	0.00731
25	0.01365	0.01170	0.01365	0.00975	0.01560	0.00878	0.00780	0.01658	0.01365	0.02145	0.01170	0.01365	0.00975	0.00488	0.00488	0.00098	0.00488	0.00390	0.00390	0.80888
26	0.01552	0.01510	0.02600	0.14317	0.52138	0.01593	0.06666	0.01941	0.01436	0.02033	0.01204	0.01643	0.01001	0.00641	0.00783	0.00208	0.06858	0.00599	0.00318	0.00960
27	0.01671	0.12533	0.38661	0.01643	0.02360	0.09316	0.01811	0.09762	0.11821	0.02287	0.01391	0.01501	0.01039	0.00680	0.00606	0.00197	0.00868	0.00511	0.00383	0.00960
28	0.00804	0.00596	0.00753	0.00876	0.00953	0.00545	0.00602	0.00934	0.01314	0.01708	0.04219	0.60860	0.17649	0.01979	0.00830	0.00260	0.00379	0.03589	0.00611	0.00541
29	0.01627	0.01599	0.02106	0.39682	0.14174	0.11919	0.04469	0.10182	0.01646	0.02059	0.01291	0.03949	0.01041	0.00705	0.00659	0.00208	0.00883	0.00611	0.00360	0.00831
30	0.01529	0.38455	0.40231	0.01520	0.02299	0.02040	0.01813	0.02031	0.01365	0.01830	0.01055	0.01231	0.00839	0.00596	0.00529	0.00176	0.00845	0.00423	0.00280	0.00912
31	0.00940	0.00705	0.01058	0.01058	0.01176	0.00823	0.00823	0.01176	0.01058	0.01528	0.01763	0.02586	0.01646	0.04937	0.74255	0.01058	0.01763	0.00705	0.00353	0.00588
32	0.00909	0.00672	0.00848	0.00804	0.00969	0.00611	0.00603	0.01197	0.01809	0.02510	0.62470	0.05132	0.16233	0.01394	0.00777	0.00209	0.00314	0.01221	0.00708	0.00611
33	0.81514	0.01273	0.00968	0.00866	0.01273	0.01477	0.00713	0.01935	0.01120	0.02954	0.00917	0.01069	0.00713	0.00611	0.00407	0.00204	0.00509	0.00356	0.00407	0.00713
34	0.01554	0.01776	0.03885	0.02775	0.03441	0.01665	0.70366	0.02109	0.01554	0.02109	0.01332	0.01776	0.00999	0.00555	0.00777	0.00222	0.01110	0.00777	0.00333	0.00888
35	0.01532	0.01727	0.03697	0.06803	0.03429	0.01668	0.63573	0.02062	0.01517	0.02062	0.01303	0.01760	0.00986	0.00586	0.00829	0.00225	0.04281	0.00758	0.00329	0.00872
36	0.01440	0.01440	0.02016	0.01728	0.01728	0.02016	0.01440	0.01584	0.01008	0.01584	0.00864	0.01440	0.00864	0.01152	0.02160	0.00288	0.75659	0.00576	0.00288	0.00720
37	0.00781	0.00657	0.00678	0.00694	0.00896	0.00553	0.00512	0.00942	0.01474	0.01768	0.06335	0.14044	0.64998	0.01711	0.00785	0.00227	0.00339	0.01442	0.00611	0.00553
38	0.00812	0.00593	0.00766	0.00901	0.00967	0.00548	0.00619	0.00942	0.01302	0.01706	0.03989	0.64645	0.12556	0.02003	0.00836	0.00264	0.00387	0.05013	0.00611	0.00541
39	0.02498	0.01984	0.01964	0.01534	0.02041	0.09873	0.01254	0.63192	0.02962	0.03874	0.01519	0.01538	0.01090	0.00778	0.00652	0.00195	0.00775	0.00574	0.00624	0.01081
40	0.01656	0.01681	0.02999	0.16442	0.09053	0.04099	0.36961	0.11096	0.03487	0.02288	0.01340	0.01724	0.01013	0.00634	0.00750	0.00216	0.02605	0.00683	0.00375	0.00897
41	0.01443	0.11545	0.54065	0.01831	0.04791	0.01679	0.03926	0.04114	0.06651	0.02134	0.01279	0.01454	0.00941	0.00640	0.00611	0.00202	0.00899	0.00504	0.00321	0.00968
42	0.06977	0.02111	0.01896	0.01905	0.12742	0.26829	0.01316	0.16035	0.14694	0.02486	0.01451	0.01572	0.01137	0.00750	0.00710	0.00198	0.05262	0.00546	0.00462	0.00922
43	0.81514	0.01273	0.00968	0.00866	0.01273	0.01477	0.00713	0.01935	0.01120	0.02954	0.00917	0.01069	0.00713	0.00611	0.00407	0.00204	0.00509	0.00356	0.00407	0.00713
44	0.01497	0.01174	0.01286	0.01129	0.01462	0.01258	0.00881	0.09745	0.34305	0.04806	0.17213	0.03275	0.11107	0.01043	0.00688	0.00209	0.00470	0.00874	0.03273	0.04303
45	0.00802	0.00573	0.00764	0.00917	0.00955	0.00535	0.00611	0.00917	0.01260	0.01681	0.03628	0.76434	0.04354	0.02062	0.00840	0.00267	0.00382	0.01872	0.00611	0.00535
46	0.01236	0.00889	0.01095	0.01029	0.01177	0.03187	0.00763	0.07773	0.01286	0.05157	0.01852	0.02924	0.01784	0.24789	0.41215	0.00788	0.01268	0.00756	0.00416	0.00615
47	0.01570	0.01546	0.02433	0.06931	0.54277	0.06019	0.04729	0.01926	0.01490	0.02041	0.01484	0.09730	0.01380	0.00755	0.00674	0.00204	0.00783	0.00724	0.00356	0.00948
48	0.00941	0.00702	0.01039	0.01039	0.01150	0.00813	0.00799	0.01163	0.01052	0.01514	0.01781	0.02683	0.01688	0.08978	0.70272	0.01034	0.01700	0.00719	0.00355	0.00577
49	0.00818	0.00668	0.00723	0.00709	0.00914	0.00573	0.00532	0.01023	0.01596	0.02004	0.23879	0.05964	0.55139	0.01583	0.00778	0.00218	0.00327	0.01337	0.00641	0.00573
50	0.01639	0.01934	0.14489	0.10699	0.31418	0.04105	0.11354	0.08753	0.05010	0.02288	0.01329	0.01643	0.01031	0.00634	0.00665	0.00205	0.00865	0.00598	0.00365	0.00974
51	0.01476	0.02123	0.21168	0.02517	0.10589	0.03764	0.38545	0.02024	0.01495	0.02061	0.01438	0.06997	0.01198	0.00688	0.00724	0.00217	0.00990	0.00750	0.00338	0.00897
52	0.73377	0.04491	0.01124	0.00928	0.01337	0.06014	0.00764	0.01979	0.01175	0.02813	0.00923	0.01076	0.00727	0.00613	0.00420	0.00199	0.00559	0.00360	0.00398	0.00721
53	0.01421	0.01174	0.01435	0.01225	0.01572	0.01224	0.07021	0.09028	0.27900	0.04781	0.08068	0.05976	0.24091	0.01156	0.00724	0.00220	0.00519	0.00993	0.00627	0.00845
54	0.00786	0.00656	0.00685	0.00702	0.00900	0.00555	0.00517	0.00951	0.01483	0.01793	0.08356	0.14790	0.62157	0.01705	0.00786	0.00227	0.00339	0.01442	0.00615	0.00555
55	0.01365	0.01170	0.01365	0.00975	0.01560	0.00878	0.00780	0.01658	0.01365	0.02145	0.01170	0.01365	0.00975	0.00488	0.00488	0.00098	0.00488	0.00390	0.00390	0.80888
56	0.02503	0.01844	0.01976	0.01515	0.02042	0.02042	0.01251	0.70562	0.03095	0.04149	0.01581	0.01581	0.01120	0.00790	0.00659	0.00198	0.00724	0.00593	0.00659	0.01120
57	0.01061	0.00758	0.01061	0.01212	0.01364	0.00758	0.01061	0.01364	0.01515	0.01970	0.03486	0.07426	0.03789	0.01819	0.00909	0.00303	0.00606	0.68326	0.00606	0.00606
58	0.00783	0.00667	0.00674	0.00672	0.00892	0.00558	0.00504	0.00955	0.01513	0.01808	0.08908	0.06287	0.70233	0.01656	0.00778	0.00222	0.00333	0.01383	0.00615	0.00558
59	0.00802	0.00573	0.00764	0.00917	0.00955	0.00535	0.00611	0.00917	0.01260	0.01681	0.03628	0.76434	0.04354	0.02062	0.00840	0.00267	0.00382	0.01872	0.00611	0.00535
60	0.01144	0.00572	0.00858	0.00858	0.00858	0.00572	0.00572	0.00858	0.00858	0.01144	0.01144	0.02001	0.01144	0.02287	0.02573	0.80846	0.00572	0.00572	0.00286	0.00286
61	0.81514	0.01273	0.00968	0.00866	0.01273	0.01477	0.00713	0.01935	0.01120	0.02954	0.00917	0.01069	0.00713	0.00611	0.00407	0.00204	0.00509	0.00356	0.00407	0.00713
62	0.01365	0.01170	0.01365	0.00975	0.01560	0.00878	0.00780	0.01658	0.01365	0.02145	0.01170	0.01365	0.00975	0.00488	0.00488	0.00098	0.00488	0.00390	0.00390	0.80888
63	0.01365	0.01170	0.01365	0.00975	0.01560	0.00878	0.00780	0.01658	0.01365	0.02145	0.01170	0.01365	0.00975	0.00488	0.00488	0.00098	0.00488	0.00390	0.00390	0.80888
64	0.81514	0.01273	0.00968	0.00866	0.01273	0.01477	0.00713	0.01935	0.01120	0.02954	0.00917	0.01069	0.00713	0.00611	0.00407	0.00204	0.00509	0.00356	0.00407	0.00713
65	0.00932	0.00673	0.00880	0.00828	0.00984	0.00621	0.00621	0.01242	0.01863	0.02640	0.72410	0.04918	0.06212	0.01346	0.00776	0.00207	0.00311	0.01191	0.00725	0.00621
66	0.81514	0.01273	0.00968	0.00866	0.01273	0.01477	0.00713	0.01935	0.01120	0.02954	0.00917	0.01069	0.00713	0.00611	0.00407	0.00204	0.00509	0.00356	0.00407	0.00713
67	0.01629	0.01564	0.02672	0.04041	0.72757	0.01564	0.02020	0.02020	0.01499	0.02151	0.01238	0.01629	0.01043	0.00587	0.00652	0.00196	0.00782	0.00587	0.00326	0.01043
68	0.01637	0.01414	0.01489	0.01340	0.01712	0.01637	0.01042	0.03498	0.71568	0.02754	0.02679	0.02456	0.02010	0.00893	0.00670	0.00223	0.00521	0.00744	0.00670	0.01042
69	0.02278	0.01732	0.01849	0.01469	0.01956	0.01937	0.01197	0.53147	0.20876	0.03787	0.01866	0.01808	0.01351	0.00817	0.00662	0.00204	0.00672	0.00632	0.00662	0.01099
70	0.00802	0.00573	0.00764	0.00917	0.00955	0.00535	0.00611	0.00917	0.01260	0.01681	0.03628	0.76434	0.04354	0.02062	0.00840	0.00267	0.00382	0.01872	0.00611	0.00535
71	0.02954	0.01120	0.01528	0.01171	0.01681	0.00968	0.00968	0.03208	0.01884	0.73213	0.02597	0.02241	0.01630	0.00815	0.00662	0.00204	0.00560	0.00662	0.00815	0.01120
72	0.01260	0.01187	0.02004	0.72239	0.07448	0.01467	0.01836	0.01696	0.01324	0.01702	0.01173	0.01750	0.00885	0.00655	0.00658	0.00218	0.00873	0.00585	0.00294	0.00745
73	0.00801	0.00577	0.00759	0.00905	0.00952	0.00536	0.00606	0.00918	0.01272	0.01685	0.03775	0.73059	0.07635	0.02043	0.00837	0.00265	0.00380	0.01848	0.00611	0.00536
74	0.00816	0.00586	0.00767	0.00906	0.00955	0.00547	0.00611	0.00934	0.01267	0.01677	0.03704	0.67737	0.07533	0.05229	0.00947	0.00282	0.00398	0.03969	0.00602	0.00532
75	0.01745	0.01416	0.01513	0.01331	0.01716	0.01612	0.01044	0.09301	0.60399	0.05797	0.04846	0.02450	0.02052	0.00896	0.00672	0.00220	0.00534	0.00742	0.00677	0.01038
76	0.03680	0.01603	0.02529	0.05993	0.61083	0.03967	0.01905	0.04857	0.01545	0.02202	0.01222	0.01596	0.01020	0.00620	0.00696	0.00199	0.03359	0.00575	0.00340	0.01007
77	0.04308	0.01561	0.06497	0.01362	0.01807	0.01596	0.01142	0.10200	0.50235	0.10225	0.02400	0.02227	0.01757	0.00847	0.00657	0.00217	0.00577	0.00690	0.00649	0.01043
78	0.02010	0.00915	0.01206	0.00995	0.01350	0.00801	0.00795	0.02273	0.01832	0.40794	0.26773	0.03635	0.11584	0.01096	0.00715	0.00207	0.00449	0.00928	0.00760	0.00884

[dist]
# distance from previous block
# <min> <max>
0	13

[block]
# block no. 3 follows, 33 sequences, length 120
# corresponding to MSA columns:
# 291-410
name=unknown_D
#
# <colnr> <probs for GDERKNQSTAVLIFYWHMCP>
#	G	D	E	R	K	N	Q	S	T	A	V	L	I	F	Y	W	H	M	C	P
0	0.04830	0.01332	0.01376	0.01201	0.01508	0.06180	0.00940	0.19469	0.16567	0.02810	0.19258	0.08250	0.06893	0.01192	0.02619	0.00235	0.02990	0.00889	0.00620	0.00841
1	0.01737	0.01651	0.02099	0.08681	0.24334	0.09336	0.04883	0.09795	0.19455	0.02412	0.03578	0.02048	0.01469	0.00771	0.00711	0.00209	0.02899	0.02512	0.00465	0.00954
2	0.00941	0.00703	0.01047	0.01047	0.01161	0.00817	0.00809	0.01169	0.01055	0.01520	0.01773	0.02642	0.01670	0.07248	0.71977	0.01045	0.01727	0.00713	0.00354	0.00582
3	0.01342	0.01206	0.01579	0.01453	0.04371	0.05280	0.08054	0.01897	0.16535	0.01923	0.02100	0.09609	0.04375	0.06563	0.11529	0.05194	0.10874	0.00826	0.04561	0.00728
4	0.00903	0.00645	0.00880	0.01032	0.01114	0.00622	0.00786	0.01091	0.01360	0.01793	0.03573	0.49551	0.04134	0.01967	0.00867	0.00281	0.00469	0.27760	0.00609	0.00563
5	0.00854	0.00664	0.00776	0.00759	0.00939	0.00586	0.00565	0.01087	0.01663	0.02190	0.38318	0.09653	0.36515	0.01534	0.00781	0.00217	0.00325	0.01321	0.00666	0.00586
6	0.01358	0.03141	0.62173	0.02022	0.02945	0.01551	0.13447	0.02089	0.01416	0.02089	0.01206	0.01452	0.00861	0.00614	0.00650	0.00211	0.00995	0.00534	0.00287	0.00959
7	0.01606	0.01381	0.01462	0.01317	0.01680	0.01593	0.01023	0.03399	0.68487	0.02749	0.05761	0.02565	0.02195	0.00913	0.00675	0.00223	0.00512	0.00764	0.00672	0.01023
8	0.04971	0.01826	0.01944	0.01494	0.02018	0.02024	0.01234	0.68418	0.03034	0.04112	0.01560	0.01565	0.01107	0.00785	0.00651	0.00198	0.00718	0.00585	0.00651	0.01107
9	0.02954	0.01120	0.01528	0.01171	0.01681	0.00968	0.00968	0.03208	0.01884	0.73213	0.02597	0.02241	0.01630	0.00815	0.00662	0.00204	0.00560	0.00662	0.00815	0.01120
10	0.01637	0.01414	0.01489	0.01340	0.01712	0.01637	0.01042	0.03498	0.71568	0.02754	0.02679	0.02456	0.02010	0.00893	0.00670	0.00223	0.00521	0.00744	0.00670	0.01042
11	0.01598	0.01532	0.02615	0.09838	0.67205	0.01556	0.02005	0.01993	0.01484	0.02113	0.01233	0.01640	0.01029	0.00592	0.00652	0.00197	0.00790	0.00586	0.00323	0.01017
12	0.02691	0.01123	0.01476	0.01154	0.01630	0.01007	0.00946	0.05749	0.04992	0.61049	0.05336	0.02532	0.05434	0.00881	0.00672	0.00205	0.00544	0.00720	0.00788	0.01070
13	0.02322	0.02804	0.01806	0.01630	0.01981	0.59600	0.01233	0.05021	0.13655	0.01888	0.01316	0.01414	0.01053	0.00718	0.00609	0.00180	0.01060	0.00484	0.00405	0.00822
14	0.01998	0.01386	0.01538	0.01318	0.01733	0.01525	0.01043	0.09047	0.50604	0.18274	0.02570	0.02336	0.01852	0.00867	0.00667	0.00217	0.00547	0.00714	0.00701	0.01066
15	0.01613	0.01746	0.03556	0.02571	0.03202	0.01683	0.60089	0.05972	0.08211	0.02281	0.01472	0.01829	0.01100	0.00600	0.00760	0.00221	0.01034	0.00764	0.00382	0.00915
16	0.01329	0.03348	0.71004	0.01908	0.02870	0.01534	0.04824	0.02086	0.01396	0.02086	0.01187	0.01403	0.00840	0.00623	0.00631	0.00209	0.00978	0.00497	0.00280	0.00970
17	0.00802	0.00573	0.00764	0.00917	0.00955	0.00535	0.00611	0.00917	0.01260	0.01681	0.03628	0.76434	0.04354	0.02062	0.00840	0.00267	0.00382	0.01872	0.00611	0.00535
18	0.01259	0.01186	0.02003	0.72408	0.07286	0.01467	0.01836	0.01696	0.01324	0.01701	0.01173	0.01750	0.00884	0.00655	0.00658	0.00218	0.00874	0.00585	0.00294	0.00744
19	0.19864	0.01623	0.01732	0.01724	0.13232	0.06429	0.01192	0.26502	0.09210	0.05956	0.05131	0.01736	0.01372	0.00750	0.00604	0.00200	0.00667	0.00577	0.00538	0.00959
20	0.00803	0.00668	0.00702	0.00693	0.00905	0.00566	0.00520	0.00993	0.01560	0.01919	0.17424	0.06104	0.61647	0.01615	0.00778	0.00220	0.00330	0.01357	0.00630	0.00566
21	0.00957	0.00638	0.00718	0.00718	0.00718	0.00638	0.00399	0.00957	0.00957	0.01276	0.02074	0.04308	0.02393	0.76864	0.03351	0.00638	0.00638	0.00957	0.00399	0.00399
22	0.01473	0.29064	0.49133	0.01616	0.02446	0.01903	0.01979	0.02045	0.01372	0.01899	0.01089	0.01274	0.00838	0.00604	0.00555	0.00185	0.00880	0.00440	0.00279	0.00928
23	0.01839	0.04642	0.02423	0.08428	0.45478	0.21985	0.01765	0.02165	0.01583	0.01944	0.01160	0.01494	0.00969	0.00617	0.00628	0.00188	0.00900	0.00533	0.00326	0.00935
24	0.05401	0.01585	0.01793	0.01379	0.01896	0.01668	0.01139	0.45953	0.02627	0.26893	0.01893	0.01781	0.01274	0.00792	0.00651	0.00200	0.00663	0.00607	0.00701	0.01106
25	0.01599	0.01533	0.02617	0.09668	0.67368	0.01556	0.02005	0.01994	0.01485	0.02114	0.01233	0.01639	0.01030	0.00592	0.00652	0.00197	0.00790	0.00586	0.00323	0.01018
26	0.01815	0.01809	0.02333	0.14592	0.42844	0.16143	0.01774	0.04166	0.01607	0.04894	0.01248	0.01583	0.01004	0.00632	0.00642	0.00194	0.00868	0.00557	0.00353	0.00943
27	0.01399	0.16688	0.60863	0.01741	0.02641	0.01722	0.02197	0.02064	0.01381	0.01988	0.01134	0.01330	0.00836	0.00614	0.00589	0.00196	0.00925	0.00462	0.00279	0.00950
28	0.00952	0.00661	0.00833	0.00833	0.00872	0.00700	0.00542	0.01031	0.00991	0.01361	0.01969	0.03728	0.02141	0.52616	0.27254	0.00780	0.01018	0.00872	0.00383	0.00463
29	0.01705	0.01729	0.02540	0.09790	0.09650	0.10467	0.21678	0.04579	0.07876	0.04582	0.01341	0.01686	0.01062	0.00764	0.01017	0.00226	0.17428	0.00638	0.00378	0.00866
30	0.00802	0.00573	0.00764	0.00917	0.00955	0.00535	0.00611	0.00917	0.01260	0.01681	0.03628	0.76434	0.04354	0.02062	0.00840	0.00267	0.00382	0.01872	0.00611	0.00535
31	0.01637	0.01414	0.01489	0.01340	0.01712	0.01637	0.01042	0.03498	0.71568	0.02754	0.02679	0.02456	0.02010	0.00893	0.00670	0.00223	0.00521	0.00744	0.00670	0.01042
32	0.01562	0.01495	0.02550	0.16535	0.60792	0.01546	0.01987	0.01961	0.01467	0.02069	0.01226	0.01651	0.01014	0.00599	0.00653	0.00200	0.00799	0.00586	0.00320	0.00988
33	0.01243	0.01170	0.01975	0.75282	0.04534	0.01463	0.01828	0.01682	0.01316	0.01682	0.01170	0.01755	0.00878	0.00658	0.00658	0.00219	0.00878	0.00585	0.00293	0.00731
34	0.01114	0.00972	0.01534	0.45079	0.03155	0.01132	0.01415	0.01463	0.01363	0.01747	0.02376	0.12884	0.07447	0.01150	0.00741	0.00243	0.00717	0.14381	0.00421	0.00667
35	0.01458	0.01241	0.01326	0.01205	0.01533	0.01394	0.00932	0.02943	0.55263	0.02644	0.12589	0.03168	0.09408	0.01030	0.00695	0.00221	0.00474	0.00868	0.00672	0.00937
36	0.00916	0.00672	0.00858	0.00811	0.00974	0.00614	0.00608	0.01211	0.01825	0.02549	0.65480	0.05067	0.13198	0.01380	0.00777	0.00209	0.00313	0.01212	0.00713	0.00614
37	0.00810	0.00579	0.00771	0.00911	0.00957	0.00540	0.00612	0.00937	0.01299	0.01742	0.08026	0.71861	0.04473	0.02017	0.00836	0.00264	0.00377	0.01828	0.00618	0.00540
38	0.00957	0.00638	0.00718	0.00718	0.00718	0.00638	0.00399	0.00957	0.00957	0.01276	0.02074	0.04308	0.02393	0.76864	0.03351	0.00638	0.00638	0.00957	0.00399	0.00399
39	0.00796	0.00668	0.00691	0.00685	0.00900	0.00563	0.00514	0.00979	0.01542	0.01877	0.14179	0.06174	0.64919	0.01631	0.00778	0.00221	0.00331	0.01367	0.00624	0.00563
40	0.01760	0.77260	0.03450	0.01126	0.01690	0.02605	0.01126	0.01971	0.01338	0.01549	0.00915	0.01056	0.00845	0.00563	0.00422	0.00141	0.00704	0.00352	0.00282	0.00845
41	0.01320	0.03405	0.73453	0.01876	0.02849	0.01529	0.02432	0.02085	0.01390	0.02085	0.01181	0.01390	0.00834	0.00625	0.00625	0.00208	0.00973	0.00486	0.00278	0.00973
42	0.00779	0.00663	0.00671	0.00678	0.00892	0.00555	0.00505	0.00944	0.01490	0.01774	0.06535	0.09433	0.69479	0.01685	0.00781	0.00224	0.00336	0.01411	0.00611	0.00555
43	0.01440	0.01440	0.02016	0.01728	0.01728	0.02016	0.01440	0.01584	0.01008	0.01584	0.00864	0.01440	0.00864	0.01152	0.02160	0.00288	0.75659	0.00576	0.00288	0.00720
44	0.01243	0.01170	0.01975	0.75282	0.04534	0.01463	0.01828	0.01682	0.01316	0.01682	0.01170	0.01755	0.00878	0.00658	0.00658	0.00219	0.00878	0.00585	0.00293	0.00731
45	0.00957	0.00638	0.00718	0.00718	0.00718	0.00638	0.00399	0.00957	0.00957	0.01276	0.02074	0.04308	0.02393	0.76864	0.03351	0.00638	0.00638	0.00957	0.00399	0.00399
46	0.02461	0.03090	0.01870	0.01689	0.02035	0.71567	0.01271	0.05127	0.01911	0.01705	0.01038	0.01202	0.00858	0.00683	0.00596	0.00171	0.01170	0.00430	0.00351	0.00776
47	0.01629	0.01564	0.02672	0.04041	0.72757	0.01564	0.02020	0.02020	0.01499	0.02151	0.01238	0.01629	0.01043	0.00587	0.00652	0.00196	0.00782	0.00587	0.00326	0.01043
48	0.31961	0.01282	0.01288	0.01064	0.01478	0.03194	0.00863	0.13824	0.01779	0.18571	0.13302	0.02070	0.01913	0.00806	0.00576	0.00198	0.00541	0.00606	0.00591	0.04092
49	0.01554	0.01776	0.03885	0.02775	0.03441	0.01665	0.70366	0.02109	0.01554	0.02109	0.01332	0.01776	0.00999	0.00555	0.00777	0.00222	0.01110	0.00777	0.00333	0.00888
50	0.01554	0.01776	0.03885	0.02775	0.03441	0.01665	0.70366	0.02109	0.01554	0.02109	0.01332	0.01776	0.00999	0.00555	0.00777	0.00222	0.01110	0.00777	0.00333	0.00888
51	0.01760	0.77260	0.03450	0.01126	0.01690	0.02605	0.01126	0.01971	0.01338	0.01549	0.00915	0.01056	0.00845	0.00563	0.00422	0.00141	0.00704	0.00352	0.00282	0.00845
52	0.00834	0.00607	0.00789	0.00920	0.00979	0.00575	0.00622	0.01015	0.03614	0.01754	0.06215	0.69315	0.06332	0.01986	0.00830	0.00262	0.00383	0.01795	0.00617	0.00555
53	0.00802	0.00573	0.00764	0.00917	0.00955	0.00535	0.00611	0.00917	0.01260	0.01681	0.03628	0.76434	0.04354	0.02062	0.00840	0.00267	0.00382	0.01872	0.00611	0.00535
54	0.00802	0.00573	0.00764	0.00917	0.00955	0.00535	0.00611	0.00917	0.01260	0.01681	0.03628	0.76434	0.04354	0.02062	0.00840	0.00267	0.00382	0.01872	0.00611	0.00535
55	0.01365	0.01170	0.01365	0.00975	0.01560	0.00878	0.00780	0.01658	0.01365	0.02145	0.01170	0.01365	0.00975	0.00488	0.00488	0.00098	0.00488	0.00390	0.00390	0.80888
56	0.01353	0.01295	0.01802	0.01577	0.01619	0.01763	0.01299	0.01603	0.04642	0.01633	0.01134	0.01717	0.01076	0.01880	0.16204	0.00436	0.57327	0.00610	0.00320	0.00711
57	0.01073	0.00705	0.00903	0.00839	0.01028	0.00639	0.00634	0.01355	0.01801	0.08247	0.56451	0.07109	0.13976	0.01365	0.00769	0.00211	0.00336	0.01193	0.00714	0.00651
58	0.01320	0.03405	0.73453	0.01876	0.02849	0.01529	0.02432	0.02085	0.01390	0.02085	0.01181	0.01390	0.00834	0.00625	0.00625	0.00208	0.00973	0.00486	0.00278	0.00973
59	0.05594	0.02575	0.01795	0.01565	0.01955	0.49138	0.01205	0.13328	0.05611	0.09151	0.01342	0.01413	0.01022	0.00718	0.00607	0.00181	0.00992	0.00488	0.00456	0.00866
60	0.75586	0.01262	0.01010	0.00889	0.01304	0.01438	0.00732	0.02031	0.01178	0.08256	0.01043	0.01158	0.00782	0.00626	0.00427	0.00204	0.00513	0.00380	0.00438	0.00744
61	0.04344	0.65610	0.03146	0.01149	0.01689	0.02463	0.01109	0.04209	0.07765	0.01783	0.01096	0.01200	0.00955	0.00602	0.00452	0.00152	0.00682	0.00395	0.00332	0.00867
62	0.00824	0.00672	0.00724	0.00723	0.00923	0.00580	0.00545	0.01016	0.01542	0.01912	0.17192	0.06085	0.55499	0.04327	0.00877	0.00239	0.00355	0.04779	0.00622	0.00564
63	0.00874	0.00671	0.00799	0.00767	0.00948	0.00596	0.00575	0.01130	0.01726	0.02315	0.47577	0.05453	0.31247	0.01467	0.00777	0.00213	0.00319	0.01266	0.00682	0.00596
64	0.00802	0.00573	0.00764	0.00917	0.00955	0.00535	0.00611	0.00917	0.01260	0.01681	0.03628	0.76434	0.04354	0.02062	0.00840	0.00267	0.00382	0.01872	0.00611	0.00535
65	0.00787	0.00664	0.00681	0.00683	0.00896	0.00558	0.00510	0.00959	0.01511	0.01819	0.09945	0.08580	0.66833	0.01664	0.00780	0.00223	0.00334	0.01395	0.00617	0.00558
66	0.81514	0.01273	0.00968	0.00866	0.01273	0.01477	0.00713	0.01935	0.01120	0.02954	0.00917	0.01069	0.00713	0.00611	0.00407	0.00204	0.00509	0.00356	0.00407	0.00713
67	0.02954	0.01120	0.01528	0.01171	0.01681	0.00968	0.00968	0.03208	0.01884	0.73213	0.02597	0.02241	0.01630	0.00815	0.00662	0.00204	0.00560	0.00662	0.00815	0.01120
68	0.01637	0.01414	0.01489	0.01340	0.01712	0.01637	0.01042	0.03498	0.71568	0.02754	0.02679	0.02456	0.02010	0.00893	0.00670	0.00223	0.00521	0.00744	0.00670	0.01042
69	0.01637	0.01414	0.01489	0.01340	0.01712	0.01637	0.01042	0.03498	0.71568	0.02754	0.02679	0.02456	0.02010	0.00893	0.00670	0.00223	0.00521	0.00744	0.00670	0.01042
70	0.01320	0.03405	0.73453	0.01876	0.02849	0.01529	0.02432	0.02085	0.01390	0.02085	0.01181	0.01390	0.00834	0.00625	0.00625	0.00208	0.00973	0.00486	0.00278	0.00973
71	0.02459	0.03138	0.01866	0.01696	0.02035	0.74221	0.01272	0.02629	0.01866	0.01611	0.01018	0.01187	0.00848	0.00678	0.00594	0.00170	0.01187	0.00424	0.00339	0.00763
72	0.01365	0.01170	0.01365	0.00975	0.01560	0.00878	0.00780	0.01658	0.01365	0.02145	0.01170	0.01365	0.00975	0.00488	0.00488	0.00098	0.00488	0.00390	0.00390	0.80888
73	0.02503	0.01844	0.01976	0.01515	0.02042	0.02042	0.01251	0.70562	0.03095	0.04149	0.01581	0.01581	0.01120	0.00790	0.00659	0.00198	0.00724	0.00593	0.00659	0.01120
74	0.00957	0.00638	0.00718	0.00718	0.00718	0.00638	0.00399	0.00957	0.00957	0.01276	0.02074	0.04308	0.02393	0.76864	0.03351	0.00638	0.00638	0.00957	0.00399	0.00399
75	0.01587	0.01778	0.03817	0.02730	0.03391	0.01678	0.67914	0.04538	0.01609	0.02181	0.01341	0.01769	0.01003	0.00563	0.00773	0.00221	0.01096	0.00770	0.00345	0.00896
76	0.00814	0.00581	0.00777	0.00930	0.00973	0.00545	0.00631	0.00936	0.01272	0.01693	0.03622	0.73385	0.04329	0.02052	0.00843	0.00269	0.00392	0.04808	0.00611	0.00538
77	0.02459	0.03138	0.01866	0.01696	0.02035	0.74221	0.01272	0.02629	0.01866	0.01611	0.01018	0.01187	0.00848	0.00678	0.00594	0.00170	0.01187	0.00424	0.00339	0.00763
78	0.02459	0.03138	0.01866	0.01696	0.02035	0.74221	0.01272	0.02629	0.01866	0.01611	0.01018	0.01187	0.00848	0.00678	0.00594	0.00170	0.01187	0.00424	0.00339	0.00763
79	0.02954	0.01120	0.01528	0.01171	0.01681	0.00968	0.00968	0.03208	0.01884	0.73213	0.02597	0.02241	0.01630	0.00815	0.00662	0.00204	0.00560	0.00662	0.00815	0.01120
80	0.00802	0.00573	0.00764	0.00917	0.00955	0.00535	0.00611	0.00917	0.01260	0.01681	0.03628	0.76434	0.04354	0.02062	0.00840	0.00267	0.00382	0.01872	0.00611	0.00535
81	0.00819	0.00659	0.00737	0.00788	0.00963	0.00577	0.00594	0.00992	0.01452	0.01782	0.05635	0.21062	0.49642	0.01769	0.00808	0.00242	0.00378	0.09935	0.00611	0.00558
82	0.02503	0.01844	0.01976	0.01515	0.02042	0.02042	0.01251	0.70562	0.03095	0.04149	0.01581	0.01581	0.01120	0.00790	0.00659	0.00198	0.00724	0.00593	0.00659	0.01120
83	0.01243	0.01170	0.01975	0.75282	0.04534	0.01463	0.01828	0.01682	0.01316	0.01682	0.01170	0.01755	0.00878	0.00658	0.00658	0.00219	0.00878	0.00585	0.00293	0.00731
84	0.01227	0.00614	0.00614	0.00614	0.00767	0.00614	0.00460	0.01534	0.01381	0.02454	0.02148	0.02454	0.01687	0.00767	0.00460	0.00153	0.00307	0.00614	0.80518	0.00614
85	0.01470	0.01579	0.02752	0.02130	0.02462	0.04882	0.33707	0.01805	0.01330	0.01842	0.01389	0.09694	0.01304	0.00949	0.01299	0.00250	0.29225	0.00804	0.00346	0.00781
86	0.00872	0.00665	0.00804	0.00796	0.00963	0.00596	0.00595	0.01116	0.01672	0.02235	0.41263	0.12201	0.28341	0.01539	0.00788	0.00221	0.00336	0.03737	0.00671	0.00590
87	0.00957	0.00638	0.00718	0.00718	0.00718	0.00638	0.00399	0.00957	0.00957	0.01276	0.02074	0.04308	0.02393	0.76864	0.03351	0.00638	0.00638	0.00957	0.00399	0.00399
88	0.00932	0.00673	0.00880	0.00828	0.00984	0.00621	0.00621	0.01242	0.01863	0.02640	0.72410	0.04918	0.06212	0.01346	0.00776	0.00207	0.00311	0.01191	0.00725	0.00621
89	0.00802	0.00573	0.00764	0.00917	0.00955	0.00535	0.00611	0.00917	0.01260	0.01681	0.03628	0.76434	0.04354	0.02062	0.00840	0.00267	0.00382	0.01872	0.00611	0.00535
90	0.01603	0.02812	0.44653	0.05547	0.02642	0.10077	0.04173	0.05051	0.10386	0.04734	0.01422	0.01570	0.01031	0.00678	0.00636	0.00206	0.00916	0.00537	0.00371	0.00953
91	0.01622	0.01580	0.02752	0.03817	0.63258	0.01577	0.08867	0.02082	0.03991	0.02168	0.01299	0.01673	0.01073	0.00594	0.00665	0.00199	0.00806	0.00611	0.00339	0.01027
92	0.00802	0.00573	0.00764	0.00917	0.00955	0.00535	0.00611	0.00917	0.01260	0.01681	0.03628	0.76434	0.04354	0.02062	0.00840	0.00267	0.00382	0.01872	0.00611	0.00535
93	0.02268	0.02239	0.01889	0.01717	0.06615	0.29442	0.01271	0.27715	0.15247	0.02792	0.01548	0.01597	0.01176	0.00753	0.00635	0.00192	0.00867	0.00556	0.00517	0.00964
94	0.01492	0.06339	0.08450	0.01209	0.01580	0.05481	0.01047	0.06482	0.18866	0.06063	0.19476	0.09367	0.04512	0.01073	0.00690	0.00210	0.00565	0.03303	0.00590	0.03205
95	0.06281	0.07473	0.07004	0.01771	0.08634	0.33096	0.03180	0.05330	0.07994	0.11011	0.01417	0.01506	0.01076	0.00692	0.00603	0.00186	0.00907	0.00510	0.00435	0.00895
96	0.01320	0.03405	0.73453	0.01876	0.02849	0.01529	0.02432	0.02085	0.01390	0.02085	0.01181	0.01390	0.00834	0.00625	0.00625	0.00208	0.00973	0.00486	0.00278	0.00973
97	0.01191	0.00894	0.01080	0.01096	0.01295	0.00912	0.00871	0.10807	0.07410	0.02249	0.06020	0.25160	0.12635	0.01634	0.00814	0.00258	0.00507	0.23857	0.00625	0.00686
98	0.04547	0.00911	0.01093	0.01153	0.07796	0.03215	0.04287	0.01702	0.04175	0.02347	0.02140	0.02532	0.04063	0.00925	0.02789	0.00201	0.00492	0.02642	0.52300	0.00691
99	0.00899	0.00746	0.00941	0.11985	0.01514	0.00722	0.00795	0.01130	0.01475	0.01837	0.09432	0.12620	0.41244	0.01554	0.00784	0.00236	0.00456	0.10467	0.00570	0.00591
100	0.00926	0.00673	0.00873	0.00823	0.00980	0.00619	0.00617	0.01232	0.01851	0.02610	0.70122	0.04967	0.08518	0.01357	0.00777	0.00208	0.00311	0.01197	0.00721	0.00619
101	0.00801	0.00578	0.00759	0.00904	0.00951	0.00536	0.00605	0.00918	0.01273	0.01686	0.03785	0.72833	0.07854	0.02042	0.00837	0.00265	0.00379	0.01847	0.00611	0.00536
102	0.02160	0.01625	0.01718	0.01393	0.01835	0.04638	0.01133	0.44417	0.12240	0.07030	0.02133	0.02262	0.05463	0.01136	0.05075	0.00257	0.00742	0.03100	0.00632	0.01012
103	0.01243	0.01170	0.01975	0.75282	0.04534	0.01463	0.01828	0.01682	0.01316	0.01682	0.01170	0.01755	0.00878	0.00658	0.00658	0.00219	0.00878	0.00585	0.00293	0.00731
104	0.66271	0.01243	0.01076	0.00925	0.01352	0.01378	0.00762	0.02182	0.01269	0.16586	0.01243	0.01297	0.00891	0.00651	0.00457	0.00204	0.00519	0.00416	0.00486	0.00792
105	0.00844	0.00692	0.00747	0.00735	0.00942	0.00608	0.00550	0.01102	0.04061	0.02005	0.21300	0.08129	0.52808	0.01580	0.00776	0.00220	0.00336	0.01337	0.00639	0.00587
106	0.02832	0.01302	0.04424	0.01242	0.01772	0.01125	0.01061	0.11662	0.02018	0.61691	0.02413	0.02124	0.01534	0.00804	0.00660	0.00203	0.00597	0.00646	0.00774	0.01114
107	0.00927	0.00675	0.00895	0.01032	0.01123	0.00662	0.00776	0.01191	0.04953	0.01827	0.03534	0.50775	0.04055	0.01925	0.00853	0.00276	0.00460	0.22864	0.00613	0.00583
108	0.00802	0.00573	0.00764	0.00917	0.00955	0.00535	0.00611	0.00917	0.01260	0.01681	0.03628	0.76434	0.04354	0.02062	0.00840	0.00267	0.00382	0.01872	0.00611	0.00535
109	0.02459	0.03138	0.01866	0.01696	0.02035	0.74221	0.01272	0.02629	0.01866	0.01611	0.01018	0.01187	0.00848	0.00678	0.00594	0.00170	0.01187	0.00424	0.00339	0.00763
110	0.01596	0.01530	0.02612	0.10162	0.66895	0.01555	0.02004	0.01991	0.01483	0.02110	0.01232	0.01640	0.01029	0.00593	0.00652	0.00198	0.00790	0.00586	0.00323	0.01016
111	0.01124	0.00650	0.00718	0.00734	0.00863	0.00651	0.00529	0.03292	0.01355	0.02170	0.02567	0.17016	0.05041	0.07998	0.05021	0.00274	0.00447	0.00922	0.48037	0.00590
112	0.01243	0.01170	0.01975	0.75282	0.04534	0.01463	0.01828	0.01682	0.01316	0.01682	0.01170	0.01755	0.00878	0.00658	0.00658	0.00219	0.00878	0.00585	0.00293	0.00731
113	0.01698	0.01645	0.02264	0.12742	0.25073	0.08642	0.07188	0.10268	0.06980	0.02225	0.01413	0.04603	0.01189	0.00780	0.00857	0.00215	0.10265	0.00648	0.00396	0.00908
