[name]
unknown

[dist]
# distance from previous block
# <min> <max>
0	27

[block]
# block no. 0 follows, 33 sequences, length 88
# corresponding to MSA columns:
# 27-114
name=unknown_A
#
# <colnr> <probs for GDERKNQSTAVLIFYWHMCP>
#	G	D	E	R	K	N	Q	S	T	A	V	L	I	F	Y	W	H	M	C	P
0	0.01575	0.12126	0.01661	0.01274	0.01576	0.07227	0.03209	0.08253	0.01696	0.08184	0.05898	0.06174	0.02690	0.03420	0.00825	0.00252	0.00673	0.31988	0.00552	0.00748
1	0.04784	0.04042	0.03897	0.01367	0.01824	0.04015	0.03197	0.29569	0.12413	0.08732	0.05567	0.02295	0.05279	0.00874	0.00689	0.00202	0.02344	0.02773	0.00595	0.05542
2	0.00918	0.00733	0.00846	0.00916	0.01039	0.02825	0.00654	0.01124	0.03482	0.01792	0.07306	0.43779	0.17883	0.04049	0.02889	0.00281	0.00459	0.05631	0.00591	0.02803
3	0.01412	0.19303	0.40093	0.06130	0.04038	0.01687	0.01821	0.04097	0.03549	0.01996	0.01734	0.01880	0.08115	0.00731	0.00601	0.00195	0.00817	0.00567	0.00338	0.00896
4	0.01682	0.14813	0.30231	0.03376	0.04018	0.05820	0.04098	0.10165	0.03646	0.05334	0.01442	0.01598	0.03192	0.00707	0.00684	0.00196	0.04742	0.00533	0.00380	0.03344
5	0.01535	0.05297	0.08911	0.02265	0.02873	0.01512	0.48209	0.02027	0.01554	0.06354	0.05278	0.04377	0.05109	0.00720	0.00743	0.00217	0.00944	0.00812	0.00398	0.00865
6	0.00917	0.00770	0.00990	0.08453	0.03866	0.00763	0.00802	0.01130	0.01410	0.01781	0.06597	0.14929	0.38671	0.01826	0.06626	0.00301	0.02892	0.06135	0.00542	0.00601
7	0.01672	0.09176	0.14407	0.05299	0.04057	0.01291	0.06865	0.05350	0.03010	0.17572	0.04442	0.10960	0.08754	0.01090	0.02896	0.00235	0.00708	0.00830	0.00515	0.00869
8	0.02177	0.01593	0.05575	0.01477	0.01961	0.04667	0.08106	0.23632	0.10265	0.21442	0.02166	0.07013	0.03068	0.00875	0.00678	0.00208	0.00688	0.00738	0.02671	0.01000
9	0.01629	0.01564	0.02672	0.04041	0.72757	0.01564	0.02020	0.02020	0.01499	0.02151	0.01238	0.01629	0.01043	0.00587	0.00652	0.00196	0.00782	0.00587	0.00326	0.01043
10	0.01411	0.01477	0.04897	0.29830	0.17793	0.01503	0.21339	0.01940	0.05088	0.01969	0.01439	0.05712	0.01188	0.00700	0.00700	0.00218	0.00883	0.00713	0.00347	0.00853
11	0.01607	0.03759	0.06040	0.23910	0.28646	0.01573	0.13435	0.05429	0.01546	0.05797	0.01310	0.01692	0.01006	0.00625	0.00668	0.00206	0.00858	0.00611	0.00356	0.00925
12	0.01320	0.03405	0.73453	0.01876	0.02849	0.01529	0.02432	0.02085	0.01390	0.02085	0.01181	0.01390	0.00834	0.00625	0.00625	0.00208	0.00973	0.00486	0.00278	0.00973
13	0.00809	0.00576	0.00762	0.00908	0.00944	0.00539	0.00602	0.00918	0.01247	0.01663	0.03560	0.73247	0.04268	0.05367	0.00951	0.00284	0.00393	0.01831	0.00602	0.00529
14	0.01836	0.04176	0.24912	0.01875	0.02506	0.13950	0.18105	0.03852	0.01609	0.12910	0.01524	0.05328	0.01181	0.00733	0.00703	0.00207	0.02628	0.00643	0.00410	0.00912
15	0.02293	0.01237	0.01745	0.01374	0.01821	0.01214	0.07988	0.13463	0.05269	0.37941	0.02152	0.02165	0.01506	0.01575	0.14706	0.00368	0.00869	0.00675	0.00646	0.00991
16	0.00806	0.00576	0.00768	0.00914	0.00956	0.00538	0.00611	0.00928	0.01280	0.01712	0.05918	0.74054	0.04416	0.02039	0.00838	0.00265	0.00380	0.01849	0.00615	0.00538
17	0.01592	0.01565	0.02740	0.07962	0.48157	0.01584	0.14913	0.02165	0.08565	0.02174	0.01397	0.01748	0.01122	0.00616	0.00678	0.00205	0.00824	0.00639	0.00360	0.00994
18	0.01548	0.01521	0.02600	0.12420	0.39048	0.01624	0.12656	0.02070	0.07470	0.02073	0.01327	0.01719	0.01078	0.00680	0.00842	0.00215	0.09188	0.00629	0.00348	0.00943
19	0.00798	0.00668	0.00695	0.00688	0.00902	0.00564	0.00516	0.00984	0.01548	0.01891	0.15250	0.06151	0.63839	0.01625	0.00778	0.00220	0.00330	0.01363	0.00626	0.00564
20	0.01813	0.01554	0.01540	0.03797	0.01803	0.08783	0.01070	0.12097	0.44456	0.05062	0.05370	0.02292	0.01896	0.00862	0.00655	0.00210	0.00608	0.00698	0.04457	0.00978
21	0.11779	0.01677	0.08709	0.03538	0.04118	0.06549	0.01212	0.18229	0.06080	0.24582	0.01886	0.05696	0.01395	0.00815	0.00632	0.00205	0.00681	0.00640	0.00594	0.00982
22	0.00824	0.00608	0.00855	0.00971	0.01027	0.00568	0.02639	0.00951	0.01269	0.01693	0.03562	0.74264	0.04257	0.02019	0.00838	0.00266	0.00403	0.01840	0.00603	0.00545
23	0.01637	0.01414	0.01489	0.01340	0.01712	0.01637	0.01042	0.03498	0.71568	0.02754	0.02679	0.02456	0.02010	0.00893	0.00670	0.00223	0.00521	0.00744	0.00670	0.01042
24	0.01719	0.50056	0.17524	0.01442	0.03939	0.05736	0.03416	0.02111	0.03735	0.03405	0.01093	0.01241	0.00910	0.00599	0.00502	0.00164	0.00787	0.00422	0.00312	0.00887
25	0.10565	0.06585	0.08076	0.07654	0.04199	0.14970	0.03712	0.09681	0.21622	0.04148	0.01614	0.01692	0.01223	0.00727	0.00609	0.00201	0.00772	0.00563	0.00472	0.00916
26	0.00956	0.00700	0.00928	0.01057	0.01181	0.00681	0.00846	0.01219	0.03215	0.01869	0.03836	0.31475	0.10871	0.01866	0.00866	0.00280	0.00498	0.36460	0.00610	0.00587
27	0.01565	0.01498	0.02555	0.15983	0.61321	0.01547	0.01988	0.01964	0.01468	0.02072	0.01227	0.01650	0.01015	0.00599	0.00653	0.00200	0.00798	0.00586	0.00320	0.00991
28	0.01647	0.01167	0.01437	0.03659	0.01618	0.01206	0.03848	0.24261	0.04515	0.08834	0.15485	0.15500	0.09421	0.03326	0.00804	0.00229	0.00552	0.01023	0.00639	0.00830
29	0.01553	0.01939	0.09798	0.02613	0.03263	0.03716	0.59023	0.02095	0.01521	0.02066	0.01286	0.01709	0.00973	0.00595	0.00828	0.00223	0.04857	0.00732	0.00326	0.00883
30	0.00802	0.00573	0.00764	0.00917	0.00955	0.00535	0.00611	0.00917	0.01260	0.01681	0.03628	0.76434	0.04354	0.02062	0.00840	0.00267	0.00382	0.01872	0.00611	0.00535
31	0.04095	0.52768	0.10252	0.01235	0.01788	0.04591	0.01232	0.02148	0.09414	0.01821	0.02823	0.01485	0.01160	0.00658	0.00496	0.00165	0.00710	0.01946	0.00349	0.00864
32	0.06595	0.02566	0.43710	0.01828	0.04721	0.01471	0.08959	0.07001	0.01555	0.09109	0.01476	0.05484	0.01133	0.00722	0.00645	0.00211	0.00863	0.00609	0.00390	0.00952
33	0.00832	0.00594	0.00798	0.00951	0.01002	0.00561	0.00663	0.00969	0.01290	0.01714	0.03612	0.68434	0.04289	0.02034	0.00848	0.00272	0.00408	0.09575	0.00611	0.00543
34	0.02636	0.01764	0.01827	0.01429	0.01930	0.09585	0.01167	0.42546	0.02591	0.25003	0.01830	0.01740	0.01246	0.00786	0.00653	0.00196	0.00725	0.00596	0.00672	0.01081
35	0.08903	0.09235	0.15677	0.01422	0.08438	0.04448	0.01203	0.01626	0.01457	0.02095	0.13316	0.10234	0.12848	0.01050	0.00693	0.00207	0.02762	0.00859	0.02776	0.00753
36	0.01467	0.02257	0.25497	0.05750	0.03305	0.01613	0.46100	0.02082	0.01492	0.02082	0.01278	0.01655	0.00942	0.00582	0.00724	0.00218	0.01057	0.00678	0.00314	0.00907
37	0.00954	0.00711	0.00891	0.00840	0.01013	0.00668	0.00632	0.01332	0.05467	0.02564	0.62503	0.04924	0.12311	0.01353	0.00771	0.00209	0.00324	0.01186	0.00711	0.00637
38	0.05655	0.01502	0.04097	0.11537	0.18049	0.03579	0.06798	0.11819	0.06448	0.10091	0.03507	0.02060	0.05040	0.00780	0.00733	0.00209	0.04474	0.00659	0.02039	0.00923
39	0.05300	0.05825	0.16573	0.02567	0.16395	0.03750	0.31333	0.02050	0.01473	0.02090	0.01287	0.01748	0.01031	0.00636	0.00727	0.00212	0.03102	0.02665	0.00329	0.00907
40	0.00957	0.00711	0.00925	0.01039	0.01193	0.00679	0.00864	0.01202	0.01478	0.01885	0.04290	0.16190	0.20819	0.01813	0.00868	0.00278	0.00510	0.43106	0.00608	0.00584
41	0.10298	0.02410	0.27652	0.05625	0.04688	0.13737	0.03491	0.02009	0.01347	0.01956	0.01050	0.01371	0.00844	0.00765	0.00992	0.00222	0.19900	0.00501	0.00309	0.00833
42	0.04569	0.14540	0.09024	0.01658	0.06210	0.09973	0.04924	0.19057	0.11570	0.06008	0.01534	0.01700	0.01189	0.00742	0.00659	0.00196	0.03026	0.01989	0.00476	0.00956
43	0.02426	0.06810	0.01951	0.01658	0.02018	0.67109	0.01264	0.05893	0.01899	0.01731	0.01040	0.01200	0.00861	0.00678	0.00588	0.00170	0.01140	0.00429	0.00352	0.00785
44	0.10596	0.01233	0.01521	0.01183	0.01674	0.01172	0.00975	0.13331	0.01993	0.53563	0.04382	0.02105	0.01599	0.00807	0.00640	0.00203	0.00573	0.00637	0.00748	0.01065
45	0.01724	0.13915	0.33929	0.01579	0.02279	0.01667	0.03935	0.11045	0.07367	0.09702	0.03584	0.01817	0.01292	0.00730	0.00623	0.00200	0.00796	0.02405	0.00438	0.00970
46	0.02007	0.01590	0.01671	0.09926	0.02074	0.07382	0.01159	0.34480	0.12492	0.04730	0.03986	0.02024	0.03159	0.00817	0.00640	0.00198	0.00678	0.00642	0.09395	0.00950
47	0.00920	0.00672	0.00863	0.00816	0.00976	0.00616	0.00612	0.01219	0.01835	0.02573	0.67314	0.05027	0.11349	0.01371	0.00777	0.00208	0.00312	0.01206	0.00716	0.00616
48	0.04999	0.01600	0.01797	0.01565	0.07555	0.07686	0.01175	0.27894	0.02276	0.33762	0.01927	0.01823	0.01300	0.00770	0.00646	0.00198	0.00691	0.00601	0.00665	0.01071
49	0.04062	0.20570	0.14980	0.04116	0.04498	0.09656	0.19601	0.08964	0.01624	0.02117	0.01163	0.01417	0.00915	0.00629	0.00655	0.00192	0.03067	0.00539	0.00344	0.00892
50	0.00890	0.00661	0.00829	0.00809	0.00964	0.00600	0.00598	0.01154	0.01733	0.02381	0.53162	0.12970	0.17852	0.01481	0.00784	0.00216	0.00322	0.01300	0.00692	0.00600
51	0.01101	0.00814	0.01079	0.01187	0.01355	0.00834	0.01005	0.01565	0.09389	0.02070	0.06751	0.11757	0.03747	0.01709	0.00871	0.00287	0.00566	0.52643	0.00619	0.00651
52	0.02033	0.05800	0.07881	0.08494	0.13550	0.13095	0.08335	0.10454	0.01786	0.16312	0.01601	0.04956	0.01238	0.00741	0.00653	0.00199	0.00830	0.00632	0.00469	0.00941
53	0.01878	0.02247	0.01545	0.01418	0.01678	0.45716	0.01074	0.02049	0.01683	0.01696	0.05821	0.06049	0.15159	0.01016	0.00802	0.00198	0.08116	0.00734	0.00420	0.00701
54	0.01144	0.00572	0.00858	0.00858	0.00858	0.00572	0.00572	0.00858	0.00858	0.01144	0.01144	0.02001	0.01144	0.02287	0.02573	0.80846	0.00572	0.00572	0.00286	0.00286
55	0.01920	0.60328	0.03088	0.01257	0.01769	0.18965	0.01160	0.02121	0.01458	0.01563	0.00939	0.01086	0.00846	0.00590	0.00462	0.00147	0.00814	0.00368	0.00295	0.00826
56	0.02455	0.01953	0.01940	0.01524	0.02024	0.09301	0.01243	0.60332	0.06421	0.03823	0.01579	0.01585	0.01137	0.00784	0.00653	0.00196	0.00761	0.00583	0.00627	0.01080
57	0.00820	0.00669	0.00725	0.00711	0.00915	0.00574	0.00533	0.01026	0.01599	0.02013	0.24562	0.05950	0.54450	0.01580	0.00778	0.00218	0.00327	0.01335	0.00642	0.00574
58	0.01238	0.00967	0.01135	0.03665	0.01415	0.01010	0.00867	0.10508	0.14490	0.02342	0.09516	0.20297	0.16240	0.01461	0.00773	0.00241	0.00490	0.11986	0.00626	0.00733
59	0.01553	0.01759	0.05821	0.42019	0.12500	0.15179	0.08134	0.01963	0.01468	0.01788	0.01166	0.01616	0.00902	0.00642	0.00655	0.00207	0.00950	0.00568	0.00309	0.00803
60	0.02420	0.01822	0.01846	0.01464	0.01936	0.09709	0.01191	0.50868	0.02678	0.10630	0.01636	0.01684	0.01183	0.01109	0.06478	0.00263	0.00841	0.00590	0.00615	0.01039
61	0.00794	0.00668	0.00688	0.00683	0.00899	0.00562	0.00512	0.00975	0.01537	0.01865	0.13299	0.06193	0.65806	0.01635	0.00778	0.00221	0.00331	0.01369	0.00623	0.00562
62	0.02503	0.01844	0.01976	0.01515	0.02042	0.02042	0.01251	0.70562	0.03095	0.04149	0.01581	0.01581	0.01120	0.00790	0.00659	0.00198	0.00724	0.00593	0.00659	0.01120
63	0.01638	0.01760	0.08188	0.02461	0.03100	0.01529	0.55371	0.02155	0.01561	0.09120	0.01564	0.05589	0.01221	0.00662	0.00759	0.00222	0.01009	0.00802	0.00391	0.00899
64	0.02954	0.01120	0.01528	0.01171	0.01681	0.00968	0.00968	0.03208	0.01884	0.73213	0.02597	0.02241	0.01630	0.00815	0.00662	0.00204	0.00560	0.00662	0.00815	0.01120
65	0.28075	0.01647	0.01636	0.01300	0.01783	0.01847	0.01071	0.46464	0.04361	0.03723	0.01396	0.01439	0.01013	0.00735	0.00578	0.00200	0.00649	0.00520	0.00578	0.00986
66	0.00799	0.00585	0.00751	0.00883	0.00946	0.00538	0.00596	0.00920	0.01292	0.01694	0.04034	0.67080	0.13446	0.02010	0.00832	0.00261	0.00375	0.01807	0.00611	0.00538
67	0.40441	0.01555	0.01527	0.01335	0.05363	0.01745	0.01033	0.33993	0.02063	0.03470	0.01244	0.01337	0.00920	0.00694	0.00537	0.00200	0.00624	0.00479	0.00520	0.00920
68	0.00801	0.00578	0.00759	0.00904	0.00951	0.00536	0.00605	0.00918	0.01273	0.01686	0.03787	0.72775	0.07910	0.02042	0.00837	0.00265	0.00379	0.01846	0.00611	0.00536
69	0.00835	0.00626	0.00902	0.00999	0.01065	0.00585	0.03693	0.00969	0.01273	0.01699	0.03527	0.73136	0.04206	0.01996	0.00837	0.00265	0.00414	0.01823	0.00599	0.00550
70	0.01474	0.01605	0.03320	0.22210	0.06796	0.01606	0.49028	0.01991	0.01488	0.01997	0.01284	0.01764	0.00968	0.00584	0.00740	0.00220	0.01033	0.00717	0.00322	0.00853
71	0.00940	0.00705	0.01058	0.01058	0.01176	0.00823	0.00823	0.01176	0.01058	0.01528	0.01763	0.02586	0.01646	0.04937	0.74255	0.01058	0.01763	0.00705	0.00353	0.00588
72	0.10020	0.01281	0.01453	0.01201	0.01618	0.01340	0.00966	0.14592	0.20944	0.25721	0.11588	0.02426	0.02165	0.00883	0.00654	0.00208	0.00540	0.00713	0.00696	0.00992
73	0.01388	0.12657	0.60972	0.01828	0.02734	0.01672	0.05813	0.02072	0.01392	0.02018	0.01156	0.01368	0.00844	0.00614	0.00608	0.00201	0.00946	0.00485	0.00281	0.00952
74	0.30792	0.05630	0.01706	0.07050	0.07655	0.17685	0.01153	0.14688	0.01725	0.04665	0.01154	0.01319	0.00889	0.00664	0.00541	0.00192	0.00759	0.00459	0.00428	0.00845
75	0.01795	0.73525	0.03370	0.01155	0.01707	0.06214	0.01134	0.02004	0.01364	0.01552	0.00920	0.01063	0.00845	0.00569	0.00431	0.00142	0.00728	0.00356	0.00285	0.00841
76	0.00940	0.00705	0.01058	0.01058	0.01176	0.00823	0.00823	0.01176	0.01058	0.01528	0.01763	0.02586	0.01646	0.04937	0.74255	0.01058	0.01763	0.00705	0.00353	0.00588
77	0.01488	0.03045	0.57407	0.02080	0.09694	0.04722	0.04646	0.02157	0.01451	0.05480	0.01253	0.01459	0.00899	0.00631	0.00634	0.00206	0.00949	0.00512	0.00313	0.00975
78	0.01131	0.00849	0.01011	0.00918	0.01130	0.00840	0.00698	0.08374	0.07532	0.02665	0.50289	0.04518	0.12469	0.03644	0.00836	0.00223	0.00382	0.01109	0.00691	0.00691
79	0.73468	0.01343	0.01011	0.00908	0.01300	0.05286	0.00738	0.01939	0.01195	0.02868	0.04349	0.01260	0.00984	0.00650	0.00435	0.00202	0.00536	0.00400	0.00419	0.00711
80	0.01845	0.01470	0.09071	0.01524	0.07510	0.01241	0.04527	0.11263	0.09275	0.18829	0.13247	0.02481	0.04405	0.00846	0.00666	0.00195	0.00610	0.00721	0.00593	0.09681
81	0.01160	0.00621	0.00892	0.00882	0.00909	0.00631	0.00599	0.01016	0.04648	0.01300	0.04641	0.02165	0.01432	0.02168	0.02386	0.72714	0.00557	0.00611	0.00327	0.00342
82	0.03954	0.21071	0.04123	0.02067	0.19042	0.13739	0.04866	0.09047	0.03630	0.10474	0.01348	0.01489	0.01048	0.00651	0.00586	0.00181	0.00804	0.00516	0.00418	0.00946
83	0.04706	0.23636	0.08097	0.01610	0.04059	0.21489	0.08143	0.07747	0.05870	0.02049	0.01190	0.01352	0.00962	0.00634	0.00564	0.00172	0.00868	0.00476	0.00368	0.06007
84	0.08384	0.16097	0.20904	0.03871	0.10302	0.07753	0.01558	0.11612	0.05855	0.02325	0.01268	0.01479	0.01001	0.02375	0.00637	0.00198	0.00798	0.00499	0.00382	0.02703
85	0.02044	0.04100	0.09903	0.02060	0.16950	0.21221	0.01484	0.14847	0.06894	0.07175	0.01434	0.01579	0.01100	0.00809	0.02700	0.00213	0.00884	0.00540	0.00444	0.03619
86	0.03364	0.03901	0.12173	0.11070	0.13900	0.13344	0.07271	0.07509	0.06390	0.07863	0.05673	0.01823	0.01373	0.00713	0.00649	0.00200	0.00839	0.00604	0.00430	0.00912
87	0.06728	0.24684	0.06807	0.01562	0.07762	0.13649	0.01272	0.12308	0.01747	0.09559	0.02920	0.01457	0.01104	0.00683	0.00601	0.00177	0.02931	0.00487	0.00426	0.03136

[dist]
# distance from previous block
# <min> <max>
0	32

[block]
# block no. 1 follows, 33 sequences, length 20
# corresponding to MSA columns:
# 147-166
name=unknown_B
#
# <colnr> <probs for GDERKNQSTAVLIFYWHMCP>
#	G	D	E	R	K	N	Q	S	T	A	V	L	I	F	Y	W	H	M	C	P
0	0.04693	0.15301	0.15975	0.06261	0.13791	0.07852	0.05513	0.03697	0.01537	0.06866	0.06076	0.03324	0.01385	0.00700	0.00606	0.00188	0.00784	0.00579	0.00389	0.04485
1	0.01741	0.23376	0.19799	0.01632	0.04502	0.03539	0.08613	0.02285	0.08088	0.11107	0.01487	0.03307	0.01162	0.00703	0.00659	0.00192	0.03949	0.00561	0.00405	0.02892
2	0.07288	0.20756	0.05518	0.05498	0.22336	0.05728	0.06483	0.07199	0.05626	0.05708	0.01300	0.01504	0.01031	0.00634	0.00584	0.00187	0.00771	0.00526	0.00387	0.00937
3	0.06243	0.03989	0.22700	0.04104	0.02086	0.07157	0.04814	0.02188	0.15091	0.04266	0.06234	0.11509	0.01881	0.00934	0.00722	0.00218	0.03783	0.00769	0.00457	0.00854
4	0.06823	0.01040	0.04165	0.01030	0.01364	0.00908	0.00849	0.01789	0.09021	0.09198	0.17730	0.11701	0.07859	0.01162	0.00691	0.00207	0.00472	0.08130	0.00593	0.15268
5	0.01365	0.01170	0.01365	0.00975	0.01560	0.00878	0.00780	0.01658	0.01365	0.02145	0.01170	0.01365	0.00975	0.00488	0.00488	0.00098	0.00488	0.00390	0.00390	0.80888
6	0.00812	0.00577	0.00761	0.00904	0.00939	0.00542	0.00597	0.00919	0.01241	0.01654	0.03527	0.71705	0.04226	0.06967	0.01005	0.00292	0.00399	0.01812	0.00597	0.00526
7	0.01365	0.01170	0.01365	0.00975	0.01560	0.00878	0.00780	0.01658	0.01365	0.02145	0.01170	0.01365	0.00975	0.00488	0.00488	0.00098	0.00488	0.00390	0.00390	0.80888
8	0.01320	0.03405	0.73453	0.01876	0.02849	0.01529	0.02432	0.02085	0.01390	0.02085	0.01181	0.01390	0.00834	0.00625	0.00625	0.00208	0.00973	0.00486	0.00278	0.00973
9	0.10226	0.01376	0.01429	0.01267	0.01657	0.01560	0.00993	0.03242	0.58143	0.05732	0.02424	0.02253	0.01811	0.00843	0.00634	0.00215	0.00520	0.00684	0.00636	0.04355
10	0.00830	0.00593	0.00796	0.00948	0.00998	0.00558	0.00659	0.00964	0.01288	0.01711	0.03613	0.69080	0.04294	0.02036	0.00848	0.00271	0.00406	0.08953	0.00611	0.00542
11	0.00920	0.00672	0.00864	0.00816	0.00977	0.00616	0.00612	0.01221	0.01837	0.02577	0.67590	0.05022	0.11071	0.01369	0.00777	0.00208	0.00312	0.01205	0.00716	0.00616
12	0.01243	0.01170	0.01975	0.75282	0.04534	0.01463	0.01828	0.01682	0.01316	0.01682	0.01170	0.01755	0.00878	0.00658	0.00658	0.00219	0.00878	0.00585	0.00293	0.00731
13	0.00859	0.00676	0.00779	0.00770	0.00961	0.00596	0.00589	0.01092	0.01644	0.02129	0.32149	0.05861	0.41529	0.01553	0.00787	0.00222	0.00345	0.06220	0.00655	0.00585
14	0.01629	0.01588	0.02048	0.27483	0.23048	0.11162	0.01603	0.07711	0.04298	0.02090	0.01355	0.04450	0.01124	0.00700	0.00642	0.00197	0.00816	0.00604	0.00373	0.07078
15	0.01209	0.00801	0.01069	0.01109	0.05804	0.00748	0.00781	0.01532	0.03790	0.10377	0.40405	0.10354	0.12139	0.01347	0.00767	0.00219	0.00404	0.05765	0.00678	0.00703
16	0.05088	0.33603	0.04873	0.01211	0.01732	0.07373	0.01094	0.02465	0.10288	0.17723	0.01547	0.01541	0.01170	0.00667	0.00531	0.00169	0.00671	0.00483	0.00466	0.07304
17	0.11974	0.22699	0.19957	0.01649	0.05635	0.13283	0.06533	0.02225	0.06668	0.02032	0.01175	0.01346	0.00934	0.00628	0.00553	0.00185	0.00841	0.00469	0.00341	0.00874
18	0.01710	0.22202	0.21335	0.01639	0.04986	0.17917	0.03951	0.02249	0.09014	0.01888	0.01404	0.06316	0.01211	0.00740	0.00590	0.00187	0.00860	0.00570	0.00360	0.00871
19	0.01713	0.23166	0.25132	0.01622	0.04714	0.06745	0.06136	0.06450	0.01584	0.06694	0.04521	0.01547	0.01183	0.00654	0.00581	0.00180	0.00813	0.00513	0.00375	0.05676

[dist]
# distance from previous block
# <min> <max>
0	32

# created by:
# /home/berkeley/.conda/envs/busco_data_prod/bin/msa2prfl.pl pipeline/OGs_align_augustus/4893/26927.fs
