[name]
unknown

[dist]
# distance from previous block
# <min> <max>
0	23

[block]
# block no. 0 follows, 33 sequences, length 21
# corresponding to MSA columns:
# 23-43
name=unknown_A
#
# <colnr> <probs for GDERKNQSTAVLIFYWHMCP>
#	G	D	E	R	K	N	Q	S	T	A	V	L	I	F	Y	W	H	M	C	P
0	0.01892	0.06599	0.04171	0.05416	0.05616	0.07232	0.04059	0.22642	0.12660	0.06033	0.04281	0.02510	0.01703	0.00886	0.00673	0.00208	0.00719	0.08833	0.00545	0.03324
1	0.01632	0.04142	0.04442	0.15035	0.18273	0.05247	0.12708	0.05077	0.05726	0.05822	0.04298	0.01805	0.01278	0.00656	0.00648	0.00191	0.00790	0.00611	0.00404	0.11215
2	0.06557	0.11155	0.02598	0.07249	0.45189	0.01675	0.05442	0.04681	0.01504	0.02173	0.01189	0.01522	0.00985	0.00590	0.00607	0.00187	0.00761	0.00543	0.00340	0.05055
3	0.01123	0.00802	0.00982	0.00918	0.01122	0.00784	0.00693	0.01644	0.12501	0.06131	0.48297	0.09461	0.10320	0.01324	0.00759	0.00215	0.00362	0.01157	0.00704	0.00700
4	0.00879	0.00667	0.00827	0.00896	0.03133	0.00611	0.00603	0.01062	0.01477	0.01962	0.25005	0.25218	0.22543	0.10779	0.01104	0.00280	0.00391	0.01387	0.00611	0.00566
5	0.00809	0.00580	0.00758	0.00896	0.00940	0.00541	0.00596	0.00920	0.01255	0.01664	0.03672	0.69860	0.07025	0.05907	0.00967	0.00285	0.00393	0.01805	0.00600	0.00529
6	0.00870	0.00671	0.00794	0.00763	0.00946	0.00595	0.00573	0.01123	0.01718	0.02294	0.46032	0.05487	0.32805	0.01475	0.00777	0.00213	0.00320	0.01270	0.00679	0.00595
7	0.36706	0.01255	0.01330	0.01073	0.01540	0.01289	0.00885	0.09099	0.01671	0.36386	0.01777	0.01674	0.01187	0.00725	0.00552	0.00203	0.00554	0.00524	0.00625	0.00945
8	0.00793	0.00634	0.00710	0.00762	0.00916	0.00551	0.00544	0.00947	0.01431	0.01779	0.08290	0.31067	0.45676	0.01794	0.00800	0.00238	0.00350	0.01552	0.00616	0.00551
9	0.12626	0.01771	0.01847	0.01432	0.01943	0.01969	0.01182	0.61770	0.02842	0.03996	0.01495	0.01515	0.01067	0.00767	0.00626	0.00198	0.00697	0.00562	0.00626	0.01067
10	0.81514	0.01273	0.00968	0.00866	0.01273	0.01477	0.00713	0.01935	0.01120	0.02954	0.00917	0.01069	0.00713	0.00611	0.00407	0.00204	0.00509	0.00356	0.00407	0.00713
11	0.01227	0.00614	0.00614	0.00614	0.00767	0.00614	0.00460	0.01534	0.01381	0.02454	0.02148	0.02454	0.01687	0.00767	0.00460	0.00153	0.00307	0.00614	0.80518	0.00614
12	0.02503	0.01844	0.01976	0.01515	0.02042	0.02042	0.01251	0.70562	0.03095	0.04149	0.01581	0.01581	0.01120	0.00790	0.00659	0.00198	0.00724	0.00593	0.00659	0.01120
13	0.02503	0.01844	0.01976	0.01515	0.02042	0.02042	0.01251	0.70562	0.03095	0.04149	0.01581	0.01581	0.01120	0.00790	0.00659	0.00198	0.00724	0.00593	0.00659	0.01120
14	0.02382	0.01784	0.01908	0.01490	0.01996	0.01985	0.01222	0.61218	0.12636	0.03955	0.01734	0.01703	0.01244	0.00805	0.00660	0.00201	0.00696	0.00614	0.00660	0.01109
15	0.81514	0.01273	0.00968	0.00866	0.01273	0.01477	0.00713	0.01935	0.01120	0.02954	0.00917	0.01069	0.00713	0.00611	0.00407	0.00204	0.00509	0.00356	0.00407	0.00713
16	0.01629	0.01564	0.02672	0.04041	0.72757	0.01564	0.02020	0.02020	0.01499	0.02151	0.01238	0.01629	0.01043	0.00587	0.00652	0.00196	0.00782	0.00587	0.00326	0.01043
17	0.01751	0.01470	0.01552	0.01363	0.01755	0.01690	0.01069	0.12268	0.62614	0.02936	0.02536	0.02342	0.01893	0.00880	0.00668	0.00220	0.00548	0.00724	0.00668	0.01052
18	0.01658	0.01408	0.01483	0.01319	0.01695	0.01612	0.01030	0.08303	0.62987	0.02807	0.02800	0.02588	0.05509	0.00925	0.00675	0.00221	0.00526	0.00766	0.00666	0.01023
19	0.00831	0.00667	0.00748	0.00802	0.00957	0.00602	0.00573	0.01063	0.04947	0.01788	0.05233	0.34599	0.41262	0.01789	0.00798	0.00241	0.00363	0.01553	0.00614	0.00572
20	0.02873	0.01170	0.01549	0.01196	0.01700	0.01052	0.00985	0.06663	0.04995	0.66601	0.02549	0.02216	0.01620	0.00817	0.00662	0.00204	0.00567	0.00662	0.00800	0.01117

[dist]
# distance from previous block
# <min> <max>
4	8

[block]
# block no. 1 follows, 33 sequences, length 64
# corresponding to MSA columns:
# 52-115
name=unknown_B
#
# <colnr> <probs for GDERKNQSTAVLIFYWHMCP>
#	G	D	E	R	K	N	Q	S	T	A	V	L	I	F	Y	W	H	M	C	P
0	0.19307	0.13544	0.13459	0.05919	0.06181	0.14754	0.06333	0.09381	0.01603	0.02311	0.01110	0.01316	0.00868	0.00635	0.00559	0.00190	0.00836	0.00470	0.00366	0.00858
1	0.02530	0.01260	0.01535	0.01205	0.01667	0.01226	0.00985	0.22718	0.02168	0.42517	0.02516	0.05122	0.05140	0.00896	0.00662	0.00202	0.00576	0.00722	0.05311	0.01040
2	0.01321	0.00982	0.01102	0.01005	0.01283	0.01005	0.00773	0.04629	0.24215	0.07731	0.20669	0.07898	0.22209	0.01264	0.00733	0.00219	0.00422	0.01074	0.00675	0.00791
3	0.00807	0.00577	0.00768	0.00913	0.00956	0.00538	0.00611	0.00929	0.01283	0.01717	0.06220	0.73740	0.04424	0.02035	0.00838	0.00265	0.00379	0.01846	0.00615	0.00538
4	0.00810	0.00640	0.00731	0.00768	0.00924	0.00560	0.00553	0.00985	0.01488	0.01890	0.16491	0.27134	0.41226	0.01733	0.00796	0.00233	0.00344	0.01502	0.00630	0.00560
5	0.01403	0.01385	0.01945	0.01678	0.01687	0.01927	0.01394	0.01554	0.01012	0.01580	0.00931	0.01526	0.00923	0.01435	0.07555	0.00346	0.70129	0.00586	0.00293	0.00710
6	0.01397	0.02868	0.50514	0.02173	0.03044	0.01574	0.24832	0.02093	0.01444	0.02093	0.01231	0.01517	0.00888	0.00602	0.00675	0.00213	0.01018	0.00582	0.00296	0.00945
7	0.01760	0.77260	0.03450	0.01126	0.01690	0.02605	0.01126	0.01971	0.01338	0.01549	0.00915	0.01056	0.00845	0.00563	0.00422	0.00141	0.00704	0.00352	0.00282	0.00845
8	0.01760	0.77260	0.03450	0.01126	0.01690	0.02605	0.01126	0.01971	0.01338	0.01549	0.00915	0.01056	0.00845	0.00563	0.00422	0.00141	0.00704	0.00352	0.00282	0.00845
9	0.00957	0.00638	0.00718	0.00718	0.00718	0.00638	0.00399	0.00957	0.00957	0.01276	0.02074	0.04308	0.02393	0.76864	0.03351	0.00638	0.00638	0.00957	0.00399	0.00399
10	0.00944	0.00691	0.00987	0.00987	0.01080	0.00784	0.00734	0.01130	0.01037	0.01476	0.01828	0.02947	0.01802	0.19986	0.59420	0.00970	0.01528	0.00758	0.00362	0.00548
11	0.01572	0.01498	0.02548	0.06480	0.66537	0.01507	0.01940	0.01951	0.01480	0.02109	0.01360	0.05519	0.01209	0.00666	0.00662	0.00200	0.00765	0.00653	0.00339	0.01005
12	0.01395	0.01358	0.01872	0.01592	0.01657	0.01807	0.01318	0.01565	0.01105	0.01715	0.06246	0.01694	0.01275	0.01106	0.01903	0.00265	0.63118	0.00605	0.00330	0.08074
13	0.01760	0.77260	0.03450	0.01126	0.01690	0.02605	0.01126	0.01971	0.01338	0.01549	0.00915	0.01056	0.00845	0.00563	0.00422	0.00141	0.00704	0.00352	0.00282	0.00845
14	0.01897	0.20931	0.24353	0.01778	0.08616	0.17148	0.01641	0.07880	0.01659	0.06551	0.01210	0.01357	0.00933	0.00644	0.00577	0.00181	0.00888	0.00469	0.00362	0.00925
15	0.01519	0.16173	0.49079	0.01804	0.02643	0.01702	0.09759	0.02132	0.01428	0.06093	0.01233	0.01423	0.00900	0.00617	0.00609	0.00198	0.00917	0.00505	0.00316	0.00949
16	0.00836	0.00669	0.00747	0.00728	0.00925	0.00580	0.00546	0.01057	0.01637	0.02103	0.31455	0.05801	0.47501	0.01546	0.00777	0.00217	0.00325	0.01314	0.00654	0.00580
17	0.01365	0.01170	0.01365	0.00975	0.01560	0.00878	0.00780	0.01658	0.01365	0.02145	0.01170	0.01365	0.00975	0.00488	0.00488	0.00098	0.00488	0.00390	0.00390	0.80888
18	0.00883	0.00662	0.00799	0.00823	0.00950	0.00625	0.00596	0.01053	0.01380	0.01804	0.15698	0.14633	0.25603	0.16654	0.08855	0.00399	0.00565	0.06915	0.00562	0.00541
19	0.02048	0.46693	0.02796	0.01361	0.01832	0.32138	0.01186	0.02242	0.01555	0.01575	0.00957	0.01110	0.00846	0.00611	0.00493	0.00153	0.00903	0.00382	0.00305	0.00811
20	0.01669	0.10094	0.31053	0.01769	0.09651	0.01561	0.01694	0.09168	0.05491	0.07756	0.01391	0.01521	0.01034	0.00640	0.00595	0.00183	0.00770	0.00507	0.00402	0.13051
21	0.01533	0.01862	0.15124	0.05491	0.48944	0.01536	0.07127	0.02043	0.03650	0.02130	0.01435	0.01764	0.03098	0.00634	0.00661	0.00202	0.00822	0.00611	0.00336	0.00996
22	0.00995	0.00774	0.01149	0.10646	0.01555	0.00908	0.00904	0.01218	0.01075	0.01511	0.01711	0.02711	0.01640	0.15215	0.52134	0.00866	0.03331	0.00725	0.00350	0.00581
23	0.24078	0.03811	0.02232	0.01848	0.05661	0.21062	0.21071	0.02131	0.01491	0.02176	0.01236	0.01735	0.01045	0.00700	0.00656	0.00206	0.02995	0.04705	0.00369	0.00790
24	0.00820	0.00663	0.00729	0.00725	0.00918	0.00572	0.00539	0.01021	0.01581	0.01999	0.23807	0.10285	0.50821	0.01607	0.00781	0.00221	0.00330	0.01367	0.00641	0.00572
25	0.04680	0.01432	0.02441	0.15469	0.04530	0.01439	0.25617	0.10856	0.01708	0.12750	0.01666	0.07351	0.01325	0.00755	0.00696	0.00211	0.00820	0.00743	0.00464	0.05049
26	0.02176	0.27412	0.02351	0.01484	0.01887	0.48325	0.01203	0.02358	0.01673	0.01593	0.01068	0.03556	0.00959	0.00685	0.00545	0.00163	0.01003	0.00447	0.00329	0.00783
27	0.01144	0.00572	0.00858	0.00858	0.00858	0.00572	0.00572	0.00858	0.00858	0.01144	0.01144	0.02001	0.01144	0.02287	0.02573	0.80846	0.00572	0.00572	0.00286	0.00286
28	0.01727	0.71733	0.08688	0.01183	0.01776	0.02524	0.01224	0.01980	0.01342	0.01589	0.00935	0.01081	0.00844	0.00568	0.00438	0.00146	0.00724	0.00362	0.00281	0.00854
29	0.01818	0.03655	0.01368	0.01076	0.01429	0.01341	0.00870	0.31412	0.04975	0.05236	0.04802	0.02407	0.06890	0.00865	0.00594	0.00183	0.00518	0.00682	0.29009	0.00868
30	0.01621	0.01142	0.01374	0.01003	0.01559	0.00883	0.00806	0.01907	0.01473	0.14346	0.04159	0.01652	0.01289	0.00577	0.00529	0.00120	0.00493	0.00467	0.00476	0.64123
31	0.06864	0.18061	0.50049	0.03989	0.02529	0.01725	0.01991	0.02071	0.01373	0.04064	0.01150	0.01337	0.00852	0.00618	0.00572	0.00195	0.00872	0.00459	0.00303	0.00926
32	0.02930	0.01158	0.01551	0.01189	0.01699	0.01023	0.00982	0.06706	0.01947	0.69626	0.02544	0.02206	0.01603	0.00814	0.00662	0.00203	0.00569	0.00658	0.00807	0.01120
33	0.00801	0.00577	0.00760	0.00907	0.00952	0.00536	0.00607	0.00918	0.01270	0.01684	0.03750	0.73623	0.07086	0.02047	0.00838	0.00266	0.00380	0.01852	0.00611	0.00536
34	0.01779	0.61222	0.03272	0.01331	0.01850	0.08019	0.06338	0.02008	0.01374	0.01598	0.00951	0.01144	0.00858	0.00608	0.00569	0.00158	0.05394	0.00403	0.00290	0.00834
35	0.00919	0.00653	0.00796	0.00864	0.00937	0.00629	0.00606	0.01034	0.01225	0.01591	0.03388	0.22026	0.13010	0.32625	0.01876	0.00421	0.00529	0.15850	0.00523	0.00497
36	0.01755	0.25779	0.11797	0.01546	0.09417	0.03829	0.01300	0.04122	0.04893	0.09952	0.01400	0.03338	0.01131	0.00651	0.00548	0.00164	0.00687	0.00503	0.00407	0.16782
37	0.01604	0.00915	0.01289	0.01163	0.01417	0.00860	0.05394	0.07546	0.01612	0.22121	0.03011	0.44182	0.03088	0.01502	0.00770	0.00240	0.00510	0.01349	0.00654	0.00773
38	0.00945	0.00633	0.00722	0.00734	0.00737	0.00630	0.00416	0.00954	0.00982	0.01309	0.02200	0.10135	0.02552	0.70820	0.03148	0.00608	0.00618	0.01031	0.00416	0.00410
39	0.10611	0.04301	0.18236	0.11142	0.16207	0.01556	0.08546	0.06934	0.05856	0.04374	0.01449	0.01890	0.01152	0.00707	0.00639	0.00211	0.00800	0.04080	0.00393	0.00915
40	0.01630	0.01577	0.06131	0.20937	0.38235	0.01558	0.06280	0.07156	0.03242	0.04931	0.01337	0.01697	0.01040	0.00635	0.00661	0.00205	0.00817	0.00600	0.00368	0.00962
41	0.01320	0.03405	0.73453	0.01876	0.02849	0.01529	0.02432	0.02085	0.01390	0.02085	0.01181	0.01390	0.00834	0.00625	0.00625	0.00208	0.00973	0.00486	0.00278	0.00973
42	0.00802	0.00573	0.00764	0.00917	0.00955	0.00535	0.00611	0.00917	0.01260	0.01681	0.03628	0.76434	0.04354	0.02062	0.00840	0.00267	0.00382	0.01872	0.00611	0.00535
43	0.03745	0.50077	0.06944	0.01407	0.01976	0.03920	0.10620	0.05577	0.03553	0.01871	0.01306	0.01456	0.03783	0.00635	0.00519	0.00166	0.00761	0.00485	0.00337	0.00861
44	0.01719	0.01592	0.01732	0.01461	0.01740	0.12565	0.05487	0.18936	0.05415	0.02381	0.05903	0.06122	0.07119	0.03034	0.05132	0.02128	0.15490	0.00759	0.00483	0.00801
45	0.00778	0.00667	0.00667	0.00667	0.00889	0.00556	0.00500	0.00945	0.01501	0.01778	0.06669	0.06336	0.72490	0.01667	0.00778	0.00222	0.00333	0.01389	0.00611	0.00556
46	0.01548	0.01481	0.02525	0.19065	0.58369	0.01543	0.01980	0.01949	0.01460	0.02052	0.01224	0.01656	0.01008	0.00602	0.00653	0.00201	0.00802	0.00586	0.00319	0.00977
47	0.01867	0.01734	0.10936	0.11068	0.24027	0.03173	0.12150	0.06516	0.03636	0.16025	0.01559	0.01767	0.01133	0.00663	0.00670	0.00206	0.00821	0.00619	0.00443	0.00988
48	0.01661	0.04475	0.01560	0.01325	0.01691	0.03664	0.01037	0.06940	0.58698	0.02684	0.02560	0.06879	0.02026	0.00940	0.00668	0.00220	0.00550	0.00781	0.00641	0.00999
49	0.81514	0.01273	0.00968	0.00866	0.01273	0.01477	0.00713	0.01935	0.01120	0.02954	0.00917	0.01069	0.00713	0.00611	0.00407	0.00204	0.00509	0.00356	0.00407	0.00713
50	0.01680	0.03787	0.10301	0.12378	0.16155	0.07264	0.17906	0.12809	0.01753	0.02324	0.03426	0.04512	0.01253	0.00709	0.00681	0.00206	0.00885	0.00669	0.00393	0.00910
51	0.00892	0.00744	0.00808	0.00758	0.01021	0.00619	0.00585	0.01097	0.01514	0.01917	0.11449	0.05577	0.52357	0.01482	0.00745	0.00208	0.00370	0.05359	0.00590	0.11906
52	0.02269	0.04452	0.01939	0.03632	0.11242	0.01668	0.01263	0.32132	0.11132	0.18331	0.01863	0.01853	0.01330	0.00889	0.02775	0.00225	0.00704	0.00620	0.00617	0.01064
53	0.01849	0.01398	0.01634	0.01453	0.05002	0.05301	0.04990	0.11916	0.26485	0.13832	0.09071	0.04817	0.07394	0.00955	0.00691	0.00212	0.00599	0.00810	0.00637	0.00951
54	0.01523	0.04191	0.14908	0.08619	0.42448	0.01567	0.09014	0.02026	0.03134	0.02110	0.03363	0.01712	0.01159	0.00624	0.00658	0.00202	0.00833	0.00603	0.00334	0.00973
55	0.00837	0.00610	0.00801	0.00920	0.00992	0.00556	0.00622	0.00962	0.01267	0.01709	0.03477	0.71805	0.04146	0.01965	0.00819	0.00257	0.00388	0.01780	0.00597	0.05490
56	0.00835	0.00675	0.00746	0.00745	0.00947	0.00586	0.00570	0.01045	0.01586	0.01992	0.21642	0.06089	0.52013	0.01604	0.00788	0.00225	0.00349	0.06352	0.00637	0.00575
57	0.01452	0.01448	0.02057	0.01871	0.06109	0.01989	0.01476	0.01611	0.01038	0.01619	0.00887	0.01452	0.00875	0.01117	0.02067	0.00282	0.71041	0.00577	0.00290	0.00740
58	0.02459	0.03138	0.01866	0.01696	0.02035	0.74221	0.01272	0.02629	0.01866	0.01611	0.01018	0.01187	0.00848	0.00678	0.00594	0.00170	0.01187	0.00424	0.00339	0.00763
59	0.11186	0.26270	0.04348	0.01601	0.07154	0.35746	0.01251	0.02280	0.01572	0.01799	0.00995	0.01171	0.00846	0.00626	0.00523	0.00167	0.00920	0.00407	0.00326	0.00810
60	0.02459	0.03138	0.01866	0.01696	0.02035	0.74221	0.01272	0.02629	0.01866	0.01611	0.01018	0.01187	0.00848	0.00678	0.00594	0.00170	0.01187	0.00424	0.00339	0.00763
61	0.00999	0.00801	0.01046	0.00960	0.01097	0.00848	0.00744	0.01265	0.01677	0.02361	0.52622	0.04501	0.13153	0.01351	0.01009	0.00222	0.12964	0.01111	0.00638	0.00630
62	0.01729	0.72009	0.08427	0.01180	0.01772	0.02528	0.01219	0.01979	0.01341	0.01587	0.00934	0.01080	0.00844	0.00568	0.00437	0.00146	0.00723	0.00362	0.00281	0.00854
63	0.11274	0.55419	0.02890	0.01183	0.01701	0.10448	0.01102	0.06227	0.01478	0.01880	0.00967	0.01104	0.00846	0.00596	0.00454	0.00155	0.00736	0.00375	0.00326	0.00837

[dist]
# distance from previous block
# <min> <max>
5	7

[block]
# block no. 2 follows, 33 sequences, length 14
# corresponding to MSA columns:
# 124-137
name=unknown_C
#
# <colnr> <probs for GDERKNQSTAVLIFYWHMCP>
#	G	D	E	R	K	N	Q	S	T	A	V	L	I	F	Y	W	H	M	C	P
0	0.00805	0.00618	0.00737	0.00813	0.00932	0.00551	0.00569	0.00958	0.01408	0.01807	0.11148	0.42937	0.30665	0.01845	0.00811	0.00245	0.00357	0.01624	0.00622	0.00551
1	0.01843	0.25368	0.07483	0.04766	0.07871	0.07296	0.01322	0.18940	0.01825	0.02356	0.01405	0.01560	0.03934	0.00701	0.00625	0.00175	0.03633	0.00512	0.00407	0.07979
2	0.03841	0.17065	0.14328	0.03344	0.14591	0.01673	0.09378	0.04610	0.06560	0.06296	0.01379	0.01594	0.01080	0.00821	0.03971	0.00224	0.00817	0.00543	0.00384	0.07503
3	0.08502	0.10476	0.22597	0.01984	0.08476	0.05997	0.16617	0.05505	0.01561	0.07808	0.01362	0.01687	0.01050	0.00663	0.00631	0.00202	0.00874	0.02707	0.00381	0.00919
4	0.01369	0.07153	0.03681	0.01049	0.01292	0.04267	0.00816	0.06459	0.13984	0.03976	0.10420	0.03242	0.04762	0.26599	0.07783	0.00419	0.00707	0.00821	0.00502	0.00700
5	0.01023	0.00943	0.06402	0.01260	0.04794	0.00771	0.06830	0.01163	0.01254	0.01690	0.05434	0.35583	0.07609	0.04869	0.01252	0.16261	0.00550	0.01258	0.00480	0.00572
6	0.05181	0.09717	0.15340	0.04671	0.12130	0.15633	0.05989	0.02294	0.08622	0.05655	0.03755	0.01695	0.01253	0.00687	0.00608	0.00192	0.00825	0.00556	0.04310	0.00889
7	0.06515	0.05146	0.16773	0.04961	0.10565	0.05950	0.04154	0.13921	0.08123	0.09727	0.01586	0.04101	0.01219	0.00733	0.00628	0.00199	0.00763	0.00598	0.00468	0.03869
8	0.00795	0.00599	0.00737	0.00847	0.00936	0.00541	0.00580	0.00925	0.01328	0.01708	0.04480	0.56792	0.23447	0.01952	0.00823	0.00255	0.00368	0.01736	0.00611	0.00541
9	0.01553	0.01728	0.10783	0.18598	0.36307	0.04364	0.01845	0.05181	0.05921	0.02170	0.04258	0.01796	0.01252	0.00670	0.00654	0.00204	0.00803	0.00603	0.00367	0.00943
10	0.01756	0.04600	0.12609	0.10887	0.11053	0.04528	0.14317	0.07975	0.03880	0.11568	0.01745	0.02034	0.04201	0.00751	0.00730	0.00211	0.03537	0.02260	0.00437	0.00921
11	0.01602	0.01692	0.06146	0.06487	0.49576	0.04041	0.10969	0.02097	0.04931	0.02129	0.01365	0.01815	0.01130	0.00637	0.00673	0.00204	0.00835	0.02338	0.00347	0.00985
12	0.00976	0.00689	0.00887	0.00899	0.00991	0.00739	0.00638	0.01199	0.04016	0.01616	0.02340	0.12384	0.04853	0.24791	0.32224	0.00692	0.01031	0.00942	0.07545	0.00546
13	0.05154	0.12269	0.08231	0.07863	0.04855	0.08512	0.07057	0.11761	0.01761	0.17814	0.01683	0.01778	0.03664	0.00741	0.00686	0.00198	0.03983	0.00583	0.00480	0.00927

[dist]
# distance from previous block
# <min> <max>
3	12

[block]
# block no. 3 follows, 33 sequences, length 86
# corresponding to MSA columns:
# 150-235
name=unknown_D
#
# <colnr> <probs for GDERKNQSTAVLIFYWHMCP>
#	G	D	E	R	K	N	Q	S	T	A	V	L	I	F	Y	W	H	M	C	P
0	0.02115	0.14524	0.08170	0.01923	0.12520	0.20649	0.04156	0.16923	0.03777	0.07201	0.01331	0.01460	0.01023	0.00676	0.00605	0.00184	0.00869	0.00516	0.00432	0.00948
1	0.01158	0.00775	0.01098	0.03415	0.01283	0.00778	0.03137	0.02940	0.01400	0.08379	0.14586	0.19413	0.07035	0.08747	0.19934	0.02846	0.00815	0.01092	0.00536	0.00631
2	0.01546	0.01692	0.08787	0.05712	0.45872	0.01538	0.11395	0.02018	0.03326	0.02115	0.01341	0.01829	0.01120	0.00651	0.00719	0.00205	0.03248	0.02809	0.00341	0.03737
3	0.00844	0.00661	0.00764	0.00756	0.00934	0.00581	0.00560	0.01067	0.01631	0.02130	0.33843	0.11809	0.38933	0.01567	0.00783	0.00220	0.00328	0.01348	0.00659	0.00581
4	0.00918	0.00671	0.00854	0.00809	0.00966	0.00616	0.00602	0.01205	0.01799	0.02513	0.63831	0.05032	0.12374	0.03889	0.00862	0.00223	0.00324	0.01202	0.00703	0.00608
5	0.00809	0.00635	0.00715	0.00760	0.00903	0.00560	0.00535	0.00956	0.01405	0.01763	0.09526	0.28312	0.41238	0.07607	0.00997	0.00268	0.00371	0.01496	0.00602	0.00541
6	0.00932	0.00673	0.00880	0.00828	0.00984	0.00621	0.00621	0.01242	0.01863	0.02640	0.72410	0.04918	0.06212	0.01346	0.00776	0.00207	0.00311	0.01191	0.00725	0.00621
7	0.01710	0.68790	0.11478	0.01212	0.01823	0.02481	0.01276	0.01984	0.01344	0.01610	0.00946	0.01094	0.00844	0.00570	0.00446	0.00149	0.00735	0.00367	0.00281	0.00860
8	0.81514	0.01273	0.00968	0.00866	0.01273	0.01477	0.00713	0.01935	0.01120	0.02954	0.00917	0.01069	0.00713	0.00611	0.00407	0.00204	0.00509	0.00356	0.00407	0.00713
9	0.00957	0.00638	0.00718	0.00718	0.00718	0.00638	0.00399	0.00957	0.00957	0.01276	0.02074	0.04308	0.02393	0.76864	0.03351	0.00638	0.00638	0.00957	0.00399	0.00399
10	0.01032	0.00737	0.01028	0.01180	0.01319	0.00733	0.01011	0.01315	0.01487	0.01938	0.03501	0.15033	0.03851	0.01845	0.00902	0.00299	0.00581	0.61000	0.00607	0.00598
11	0.00850	0.00656	0.00788	0.00868	0.01013	0.00594	0.00658	0.01034	0.01438	0.01816	0.07199	0.29301	0.33705	0.01817	0.00826	0.00253	0.00406	0.15603	0.00614	0.00562
12	0.00943	0.00670	0.00894	0.00900	0.00961	0.00729	0.00624	0.01067	0.01021	0.01421	0.01976	0.06260	0.02088	0.37169	0.39487	0.00838	0.01203	0.00864	0.00384	0.00501
13	0.02095	0.02531	0.01919	0.01708	0.01926	0.48421	0.01332	0.02256	0.01559	0.01602	0.00963	0.01278	0.00854	0.00848	0.01153	0.00212	0.27797	0.00478	0.00321	0.00748
14	0.01999	0.44420	0.02848	0.01405	0.01887	0.22183	0.03928	0.08250	0.01636	0.01821	0.01017	0.01181	0.00877	0.00636	0.00568	0.00162	0.03586	0.00418	0.00333	0.00844
15	0.01655	0.13041	0.08992	0.01469	0.06615	0.01493	0.03357	0.06444	0.11151	0.06710	0.01455	0.01572	0.01136	0.00638	0.00611	0.00162	0.03006	0.00503	0.00435	0.29554
16	0.01608	0.06498	0.30367	0.09325	0.10934	0.04635	0.01782	0.11872	0.01694	0.04546	0.04849	0.03670	0.01314	0.00730	0.00633	0.00201	0.00816	0.00594	0.03005	0.00926
17	0.00815	0.00624	0.00748	0.00811	0.00936	0.00557	0.00572	0.00980	0.01447	0.01874	0.16039	0.39174	0.29452	0.01801	0.00807	0.00241	0.00353	0.01584	0.00630	0.00557
18	0.02078	0.01334	0.01668	0.11222	0.05282	0.01423	0.01185	0.19191	0.16206	0.21891	0.02170	0.05206	0.01661	0.03261	0.00761	0.00227	0.00641	0.02977	0.00628	0.00986
19	0.02163	0.06642	0.04304	0.07480	0.13878	0.06712	0.01385	0.29742	0.04312	0.11973	0.01580	0.01674	0.01154	0.00724	0.00631	0.00194	0.00743	0.00575	0.03122	0.01012
20	0.01502	0.01671	0.10563	0.10448	0.46326	0.03310	0.01848	0.01955	0.03508	0.02074	0.01469	0.07272	0.01294	0.00726	0.00657	0.00204	0.00772	0.00673	0.02785	0.00945
21	0.00948	0.00634	0.00721	0.00730	0.00732	0.00632	0.00411	0.00955	0.00975	0.01300	0.02164	0.08491	0.02507	0.72526	0.03205	0.00617	0.00623	0.01010	0.00411	0.00407
22	0.01811	0.71875	0.03335	0.01168	0.01715	0.07808	0.01137	0.02019	0.01376	0.01553	0.00923	0.01066	0.00845	0.00572	0.00435	0.00143	0.00739	0.00357	0.00286	0.00839
23	0.00908	0.00664	0.00813	0.03251	0.01075	0.00636	0.00633	0.01164	0.04552	0.01934	0.11356	0.41148	0.17627	0.01671	0.00767	0.00236	0.00379	0.01476	0.09124	0.00586
24	0.01611	0.01548	0.02452	0.20026	0.51473	0.04414	0.01915	0.04883	0.01540	0.02108	0.01229	0.01638	0.01001	0.00615	0.00651	0.00200	0.00817	0.00580	0.00333	0.00964
25	0.00804	0.00618	0.00737	0.00813	0.00932	0.00550	0.00569	0.00956	0.01406	0.01803	0.10917	0.43163	0.30673	0.01847	0.00811	0.00245	0.00357	0.01626	0.00621	0.00550
26	0.00836	0.00587	0.00754	0.00873	0.00903	0.00557	0.00565	0.00926	0.01194	0.01592	0.03290	0.60714	0.03927	0.18366	0.01387	0.00348	0.00438	0.01672	0.00565	0.00505
27	0.00847	0.00666	0.00752	0.00744	0.00923	0.00586	0.00550	0.01052	0.01579	0.02030	0.27653	0.08061	0.42779	0.06132	0.00938	0.00246	0.00353	0.02906	0.00635	0.00568
28	0.01255	0.01177	0.01960	0.73109	0.04451	0.01468	0.01805	0.01735	0.03380	0.01714	0.01214	0.01776	0.00911	0.00665	0.00659	0.00220	0.00867	0.00590	0.00304	0.00740
29	0.02826	0.01160	0.01535	0.01184	0.01679	0.01040	0.00975	0.08649	0.01983	0.64367	0.05655	0.02307	0.01794	0.00837	0.00667	0.00203	0.00562	0.00680	0.00798	0.01098
30	0.01455	0.01223	0.01413	0.01018	0.01598	0.00969	0.00817	0.07099	0.01502	0.02303	0.01203	0.01382	0.00986	0.00511	0.00501	0.00105	0.00506	0.00406	0.00411	0.74589
31	0.00940	0.00705	0.01058	0.01058	0.01176	0.00823	0.00823	0.01176	0.01058	0.01528	0.01763	0.02586	0.01646	0.04937	0.74255	0.01058	0.01763	0.00705	0.00353	0.00588
32	0.04458	0.07097	0.36417	0.01729	0.06862	0.04570	0.03307	0.06506	0.01599	0.13847	0.01596	0.01698	0.02926	0.00694	0.00615	0.00199	0.00814	0.00548	0.03561	0.00958
33	0.01284	0.01124	0.02907	0.01165	0.01473	0.01137	0.04800	0.04402	0.29160	0.02584	0.29014	0.03763	0.12191	0.01129	0.00728	0.00216	0.00469	0.00982	0.00655	0.00817
34	0.00819	0.00585	0.00784	0.00936	0.00982	0.00550	0.00641	0.00947	0.01277	0.01700	0.03619	0.71817	0.04316	0.02046	0.00845	0.00270	0.00397	0.06318	0.00611	0.00540
35	0.01659	0.01574	0.02649	0.03956	0.70384	0.01580	0.01995	0.04321	0.01553	0.02218	0.01250	0.01628	0.01045	0.00593	0.00652	0.00196	0.00780	0.00587	0.00337	0.01045
36	0.01837	0.01651	0.07754	0.13942	0.34488	0.03420	0.05980	0.07482	0.01659	0.13194	0.01460	0.01718	0.01091	0.00652	0.00659	0.00203	0.00803	0.00598	0.00419	0.00991
37	0.01243	0.01170	0.01975	0.75282	0.04534	0.01463	0.01828	0.01682	0.01316	0.01682	0.01170	0.01755	0.00878	0.00658	0.00658	0.00219	0.00878	0.00585	0.00293	0.00731
38	0.01243	0.01170	0.01975	0.75282	0.04534	0.01463	0.01828	0.01682	0.01316	0.01682	0.01170	0.01755	0.00878	0.00658	0.00658	0.00219	0.00878	0.00585	0.00293	0.00731
39	0.02677	0.03964	0.01677	0.01306	0.01753	0.16011	0.01058	0.05804	0.01858	0.48591	0.02093	0.01945	0.01399	0.00929	0.03181	0.00226	0.03261	0.00599	0.00661	0.01007
40	0.06195	0.01336	0.01597	0.01240	0.01742	0.04058	0.01019	0.15184	0.02068	0.55054	0.02282	0.02031	0.01469	0.00796	0.00648	0.00201	0.00612	0.00627	0.00751	0.01089
41	0.01243	0.01170	0.01975	0.75282	0.04534	0.01463	0.01828	0.01682	0.01316	0.01682	0.01170	0.01755	0.00878	0.00658	0.00658	0.00219	0.00878	0.00585	0.00293	0.00731
42	0.04696	0.04498	0.05019	0.01626	0.12014	0.03661	0.01184	0.16429	0.01834	0.13967	0.01540	0.03635	0.01189	0.00681	0.00589	0.00167	0.00642	0.00548	0.00501	0.25578
43	0.81514	0.01273	0.00968	0.00866	0.01273	0.01477	0.00713	0.01935	0.01120	0.02954	0.00917	0.01069	0.00713	0.00611	0.00407	0.00204	0.00509	0.00356	0.00407	0.00713
44	0.00940	0.00705	0.01058	0.01058	0.01176	0.00823	0.00823	0.01176	0.01058	0.01528	0.01763	0.02586	0.01646	0.04937	0.74255	0.01058	0.01763	0.00705	0.00353	0.00588
45	0.01559	0.01659	0.03305	0.07847	0.23239	0.01622	0.43206	0.02118	0.04673	0.02122	0.01355	0.01763	0.01049	0.00586	0.00729	0.00214	0.00974	0.00708	0.00343	0.00929
46	0.01637	0.01414	0.01489	0.01340	0.01712	0.01637	0.01042	0.03498	0.71568	0.02754	0.02679	0.02456	0.02010	0.00893	0.00670	0.00223	0.00521	0.00744	0.00670	0.01042
47	0.00878	0.00633	0.00815	0.00936	0.01002	0.00603	0.00636	0.04052	0.01351	0.01795	0.03633	0.70839	0.06373	0.01993	0.00830	0.00263	0.00396	0.01799	0.00613	0.00562
48	0.01663	0.60968	0.18892	0.01292	0.01945	0.02368	0.01415	0.01996	0.01349	0.01667	0.00974	0.01130	0.00842	0.00577	0.00467	0.00156	0.00763	0.00382	0.00281	0.00873
49	0.02475	0.01831	0.01960	0.01509	0.02031	0.02029	0.01245	0.68460	0.05242	0.04105	0.01615	0.01608	0.01147	0.00794	0.00659	0.00198	0.00718	0.00597	0.00659	0.01117
50	0.00953	0.00657	0.00814	0.00814	0.00847	0.00690	0.00518	0.01019	0.00986	0.01347	0.01987	0.03824	0.02183	0.56630	0.23297	0.00756	0.00955	0.00886	0.00386	0.00452
51	0.01144	0.00572	0.00858	0.00858	0.00858	0.00572	0.00572	0.00858	0.00858	0.01144	0.01144	0.02001	0.01144	0.02287	0.02573	0.80846	0.00572	0.00572	0.00286	0.00286
52	0.01002	0.00808	0.01140	0.01078	0.03999	0.00755	0.05339	0.01365	0.04310	0.02450	0.51696	0.04716	0.16193	0.01298	0.00768	0.00211	0.00394	0.01155	0.00662	0.00660
53	0.01760	0.77260	0.03450	0.01126	0.01690	0.02605	0.01126	0.01971	0.01338	0.01549	0.00915	0.01056	0.00845	0.00563	0.00422	0.00141	0.00704	0.00352	0.00282	0.00845
54	0.01365	0.01170	0.01365	0.00975	0.01560	0.00878	0.00780	0.01658	0.01365	0.02145	0.01170	0.01365	0.00975	0.00488	0.00488	0.00098	0.00488	0.00390	0.00390	0.80888
55	0.01365	0.01170	0.01365	0.00975	0.01560	0.00878	0.00780	0.01658	0.01365	0.02145	0.01170	0.01365	0.00975	0.00488	0.00488	0.00098	0.00488	0.00390	0.00390	0.80888
56	0.00945	0.00686	0.00958	0.00958	0.01041	0.00769	0.00698	0.01111	0.01028	0.01454	0.01855	0.03093	0.01866	0.26113	0.53380	0.00934	0.01432	0.00780	0.00366	0.00532
57	0.00940	0.00705	0.01058	0.01058	0.01176	0.00823	0.00823	0.01176	0.01058	0.01528	0.01763	0.02586	0.01646	0.04937	0.74255	0.01058	0.01763	0.00705	0.00353	0.00588
58	0.00957	0.00638	0.00718	0.00718	0.00718	0.00638	0.00399	0.00957	0.00957	0.01276	0.02074	0.04308	0.02393	0.76864	0.03351	0.00638	0.00638	0.00957	0.00399	0.00399
59	0.01760	0.77260	0.03450	0.01126	0.01690	0.02605	0.01126	0.01971	0.01338	0.01549	0.00915	0.01056	0.00845	0.00563	0.00422	0.00141	0.00704	0.00352	0.00282	0.00845
60	0.01418	0.05586	0.60423	0.02053	0.09051	0.01556	0.04509	0.02109	0.01418	0.04156	0.01224	0.01438	0.00882	0.00623	0.00627	0.00205	0.00939	0.00505	0.00300	0.00976
61	0.00957	0.00638	0.00718	0.00718	0.00718	0.00638	0.00399	0.00957	0.00957	0.01276	0.02074	0.04308	0.02393	0.76864	0.03351	0.00638	0.00638	0.00957	0.00399	0.00399
62	0.00932	0.00673	0.00880	0.00828	0.00984	0.00621	0.00621	0.01242	0.01863	0.02640	0.72410	0.04918	0.06212	0.01346	0.00776	0.00207	0.00311	0.01191	0.00725	0.00621
63	0.00940	0.00705	0.01058	0.01058	0.01176	0.00823	0.00823	0.01176	0.01058	0.01528	0.01763	0.02586	0.01646	0.04937	0.74255	0.01058	0.01763	0.00705	0.00353	0.00588
64	0.01598	0.04126	0.05824	0.07884	0.56676	0.01603	0.01925	0.03972	0.01496	0.02122	0.01230	0.01622	0.01027	0.00725	0.02506	0.00220	0.03545	0.00577	0.00329	0.00994
65	0.10830	0.01753	0.01813	0.01418	0.01920	0.04290	0.01165	0.53326	0.04927	0.09643	0.01612	0.01596	0.01138	0.00773	0.00631	0.00199	0.00697	0.00573	0.00635	0.01062
66	0.00940	0.00705	0.01058	0.01058	0.01176	0.00823	0.00823	0.01176	0.01058	0.01528	0.01763	0.02586	0.01646	0.04937	0.74255	0.01058	0.01763	0.00705	0.00353	0.00588
67	0.01763	0.01447	0.06510	0.29351	0.24372	0.01421	0.01706	0.04327	0.03923	0.16413	0.01544	0.01811	0.01123	0.00678	0.00655	0.00208	0.00774	0.00601	0.00431	0.00942
68	0.01692	0.11789	0.39949	0.06369	0.04806	0.06326	0.01892	0.02217	0.01467	0.12114	0.01328	0.01491	0.00961	0.00673	0.00676	0.00201	0.04244	0.00505	0.00362	0.00940
69	0.02223	0.01974	0.08816	0.01454	0.01935	0.15348	0.01252	0.25076	0.11728	0.14682	0.01782	0.01791	0.01289	0.00957	0.03951	0.00235	0.00815	0.00588	0.03118	0.00987
70	0.01440	0.01440	0.02016	0.01728	0.01728	0.02016	0.01440	0.01584	0.01008	0.01584	0.00864	0.01440	0.00864	0.01152	0.02160	0.00288	0.75659	0.00576	0.00288	0.00720
71	0.04575	0.01369	0.01896	0.11637	0.12423	0.02967	0.03804	0.12499	0.01894	0.37226	0.01935	0.01919	0.01304	0.00739	0.00655	0.00204	0.00691	0.00621	0.00612	0.01029
72	0.01544	0.01390	0.02170	0.10602	0.02343	0.01585	0.15228	0.10446	0.01478	0.04153	0.01300	0.01808	0.01095	0.04213	0.08581	0.00328	0.23393	0.00635	0.00379	0.07329
73	0.00830	0.00589	0.00780	0.00922	0.00966	0.00556	0.00626	0.00949	0.01256	0.01672	0.03513	0.66982	0.04183	0.07155	0.01016	0.00295	0.00414	0.06168	0.00596	0.00530
74	0.00957	0.00638	0.00718	0.00718	0.00718	0.00638	0.00399	0.00957	0.00957	0.01276	0.02074	0.04308	0.02393	0.76864	0.03351	0.00638	0.00638	0.00957	0.00399	0.00399
75	0.01150	0.01638	0.23323	0.06345	0.05946	0.01032	0.03517	0.01573	0.01532	0.04392	0.16878	0.06062	0.21753	0.01106	0.00714	0.00214	0.00620	0.00948	0.00492	0.00764
76	0.06786	0.20292	0.07337	0.01529	0.01959	0.45761	0.01294	0.02363	0.01638	0.01708	0.00995	0.01172	0.00839	0.00659	0.00595	0.00171	0.03373	0.00413	0.00324	0.00793
77	0.39086	0.06433	0.06169	0.02805	0.01709	0.21284	0.01050	0.05086	0.01481	0.05235	0.01104	0.01252	0.00856	0.00650	0.00501	0.00189	0.00747	0.00419	0.03163	0.00782
78	0.01844	0.68352	0.03259	0.01195	0.01731	0.11211	0.01144	0.02050	0.01401	0.01556	0.00928	0.01072	0.00845	0.00577	0.00443	0.00144	0.00762	0.00361	0.00289	0.00835
79	0.00922	0.00673	0.00866	0.00818	0.00977	0.00617	0.00613	0.01223	0.01840	0.02583	0.68098	0.05011	0.10559	0.01367	0.00777	0.00208	0.00312	0.01204	0.00717	0.00617
80	0.01320	0.03405	0.73453	0.01876	0.02849	0.01529	0.02432	0.02085	0.01390	0.02085	0.01181	0.01390	0.00834	0.00625	0.00625	0.00208	0.00973	0.00486	0.00278	0.00973
81	0.63662	0.09372	0.01362	0.01058	0.04193	0.01606	0.00841	0.04908	0.01270	0.05384	0.01019	0.01155	0.00791	0.00620	0.00439	0.00196	0.00552	0.00386	0.00416	0.00772
82	0.05079	0.03959	0.08478	0.09631	0.23984	0.01527	0.07601	0.10421	0.03801	0.07216	0.05228	0.05063	0.01473	0.00764	0.00702	0.00208	0.02818	0.00675	0.00438	0.00934
83	0.00821	0.00598	0.00772	0.00904	0.00970	0.00555	0.00624	0.00952	0.01297	0.01701	0.03923	0.61886	0.11985	0.03920	0.00902	0.00274	0.00398	0.06373	0.00605	0.00539
84	0.01549	0.21263	0.02224	0.09082	0.19859	0.08806	0.01308	0.01926	0.05810	0.01924	0.06291	0.10313	0.01769	0.00843	0.00609	0.00190	0.00696	0.00707	0.04002	0.00827
85	0.01806	0.01316	0.03920	0.07598	0.11566	0.01211	0.01194	0.06694	0.05548	0.18074	0.04436	0.01888	0.01411	0.00843	0.03128	0.00205	0.03596	0.00579	0.00506	0.24481

[dist]
# distance from previous block
# <min> <max>
0	5

[block]
# block no. 4 follows, 33 sequences, length 11
# corresponding to MSA columns:
# 241-251
name=unknown_E
#
# <colnr> <probs for GDERKNQSTAVLIFYWHMCP>
#	G	D	E	R	K	N	Q	S	T	A	V	L	I	F	Y	W	H	M	C	P
0	0.01931	0.16198	0.02099	0.01624	0.10733	0.10680	0.01177	0.17042	0.07592	0.06264	0.04431	0.01763	0.01369	0.03624	0.00693	0.00190	0.00710	0.00555	0.00473	0.10853
1	0.24479	0.22397	0.10679	0.01325	0.03836	0.06830	0.01200	0.04063	0.05734	0.02248	0.04832	0.01461	0.01175	0.00707	0.00638	0.00192	0.06526	0.00474	0.00381	0.00822
2	0.00912	0.00680	0.00751	0.00743	0.00950	0.00583	0.00553	0.01098	0.01544	0.05497	0.15376	0.13894	0.51836	0.01624	0.00779	0.00224	0.00347	0.01379	0.00638	0.00591
3	0.01402	0.03001	0.02155	0.04086	0.28017	0.01329	0.12156	0.04378	0.03970	0.01976	0.01834	0.06978	0.04317	0.14245	0.05220	0.00332	0.02597	0.00798	0.00393	0.00815
4	0.01535	0.34049	0.25418	0.05040	0.02119	0.01852	0.01512	0.04540	0.01449	0.04155	0.03837	0.08961	0.01416	0.00782	0.00570	0.00186	0.00749	0.00608	0.00361	0.00861
5	0.00917	0.00646	0.00775	0.00791	0.00843	0.00646	0.00507	0.00994	0.01096	0.01461	0.05001	0.12348	0.10385	0.46597	0.13660	0.00602	0.00739	0.01076	0.00450	0.00468
6	0.01230	0.08784	0.03874	0.01317	0.07898	0.08247	0.00967	0.01469	0.01470	0.01860	0.08302	0.14154	0.15856	0.04401	0.03662	0.00270	0.00633	0.11579	0.03356	0.00672
7	0.02459	0.03138	0.01866	0.01696	0.02035	0.74221	0.01272	0.02629	0.01866	0.01611	0.01018	0.01187	0.00848	0.00678	0.00594	0.00170	0.01187	0.00424	0.00339	0.00763
8	0.11767	0.51443	0.02784	0.01186	0.01697	0.08684	0.01093	0.07457	0.05171	0.01995	0.01069	0.01183	0.00911	0.00614	0.00467	0.00160	0.00714	0.00398	0.00352	0.00853
9	0.01834	0.59394	0.09231	0.01262	0.01843	0.06904	0.01259	0.08317	0.01536	0.01837	0.01006	0.01141	0.00869	0.00597	0.00472	0.00154	0.00759	0.00390	0.00319	0.00876
10	0.14640	0.22004	0.17585	0.01460	0.02002	0.09960	0.04290	0.04826	0.07644	0.02132	0.01179	0.01350	0.00943	0.00682	0.00667	0.00193	0.06752	0.00469	0.00359	0.00862

[dist]
# distance from previous block
# <min> <max>
0	1

[block]
# block no. 5 follows, 33 sequences, length 17
# corresponding to MSA columns:
# 253-269
name=unknown_F
#
# <colnr> <probs for GDERKNQSTAVLIFYWHMCP>
#	G	D	E	R	K	N	Q	S	T	A	V	L	I	F	Y	W	H	M	C	P
0	0.01734	0.21266	0.07634	0.01524	0.05459	0.05790	0.07947	0.10728	0.01650	0.05159	0.01385	0.06178	0.01191	0.00693	0.00575	0.00166	0.00722	0.00569	0.00408	0.19224
1	0.00787	0.00657	0.00686	0.00701	0.00900	0.00556	0.00517	0.00953	0.01489	0.01802	0.08941	0.13992	0.62366	0.01698	0.00785	0.00227	0.00338	0.01435	0.00616	0.00556
2	0.01731	0.04752	0.20694	0.09358	0.02523	0.09394	0.08957	0.08537	0.15464	0.06754	0.04205	0.01846	0.01362	0.00731	0.00654	0.00206	0.00830	0.00614	0.00453	0.00935
3	0.01601	0.17884	0.16628	0.03547	0.05723	0.05535	0.04278	0.03985	0.13267	0.04602	0.06265	0.01957	0.02956	0.00763	0.00660	0.00194	0.03525	0.00602	0.05140	0.00886
4	0.06410	0.01200	0.01466	0.01156	0.01611	0.01144	0.00941	0.14058	0.04929	0.39546	0.12489	0.02408	0.02138	0.00858	0.00653	0.00196	0.00542	0.00696	0.00718	0.06842
5	0.00813	0.00581	0.00773	0.00910	0.00957	0.00542	0.00612	0.00943	0.01309	0.01758	0.09170	0.70673	0.04504	0.02005	0.00835	0.00263	0.00376	0.01817	0.00620	0.00542
6	0.01656	0.07161	0.14402	0.03578	0.08309	0.09504	0.04297	0.13556	0.09483	0.02388	0.05590	0.06448	0.03562	0.01013	0.02945	0.00233	0.00795	0.03724	0.00467	0.00887
7	0.01420	0.00852	0.01271	0.01207	0.04559	0.00860	0.04841	0.06812	0.03604	0.05647	0.01330	0.01966	0.01186	0.01853	0.02049	0.58463	0.00623	0.00597	0.00364	0.00497
8	0.01075	0.00737	0.00917	0.00879	0.01063	0.00692	0.00655	0.01436	0.06553	0.07146	0.42264	0.16527	0.14648	0.01442	0.00772	0.00220	0.00357	0.01264	0.00692	0.00661
9	0.01491	0.00858	0.00986	0.00911	0.01140	0.00867	0.00690	0.06741	0.08596	0.12564	0.02665	0.14428	0.05680	0.05026	0.04502	0.00263	0.00499	0.00893	0.30465	0.00739
10	0.01741	0.37503	0.08872	0.01800	0.05829	0.11072	0.16435	0.02072	0.01444	0.01755	0.01054	0.01307	0.00889	0.00615	0.00648	0.00179	0.05136	0.00489	0.00302	0.00857
11	0.06023	0.01883	0.24366	0.08668	0.04188	0.01343	0.06509	0.05652	0.04785	0.09855	0.01902	0.08726	0.04381	0.01114	0.05143	0.00269	0.03159	0.00729	0.00438	0.00869
12	0.00802	0.00664	0.00703	0.00702	0.00906	0.00565	0.00523	0.00988	0.01544	0.01903	0.16390	0.09183	0.59582	0.01636	0.00781	0.00222	0.00332	0.01381	0.00628	0.00565
13	0.01313	0.00799	0.00985	0.00903	0.01125	0.00749	0.00686	0.06378	0.01778	0.12471	0.33272	0.15418	0.12863	0.01339	0.00738	0.00213	0.00389	0.01161	0.06716	0.00705
14	0.01977	0.11371	0.08584	0.02136	0.18792	0.12473	0.04996	0.17207	0.03722	0.06599	0.01433	0.01731	0.01145	0.02517	0.00692	0.00202	0.00825	0.02202	0.00438	0.00958
15	0.01616	0.01053	0.01301	0.04358	0.01521	0.01100	0.00898	0.14769	0.06331	0.13691	0.07401	0.19980	0.02529	0.09060	0.06085	0.00322	0.03220	0.00996	0.00594	0.03175
16	0.06527	0.00916	0.04888	0.04733	0.01366	0.00816	0.04840	0.01456	0.01372	0.04784	0.08112	0.24979	0.02705	0.04748	0.00779	0.00231	0.00480	0.01045	0.24576	0.00647

[dist]
# distance from previous block
# <min> <max>
0	16

# created by:
# /home/berkeley/.conda/envs/busco_data_prod/bin/msa2prfl.pl pipeline/OGs_align_augustus/4893/27064.fs
