[name]
unknown

[dist]
# distance from previous block
# <min> <max>
5	76

[block]
# block no. 0 follows, 34 sequences, length 8
# corresponding to MSA columns:
# 88-95
name=unknown_A
#
# <colnr> <probs for GDERKNQSTAVLIFYWHMCP>
#	G	D	E	R	K	N	Q	S	T	A	V	L	I	F	Y	W	H	M	C	P
0	0.03346	0.05921	0.05777	0.04686	0.10861	0.07504	0.15370	0.15581	0.04002	0.02330	0.01593	0.11776	0.01441	0.00864	0.00769	0.00211	0.05920	0.00755	0.00429	0.00864
1	0.10499	0.08145	0.05864	0.01689	0.04870	0.20662	0.11696	0.09939	0.04640	0.11953	0.01378	0.01497	0.01028	0.00676	0.00639	0.00191	0.02773	0.00532	0.00441	0.00886
2	0.02041	0.01619	0.01992	0.01807	0.09680	0.08348	0.08544	0.14424	0.21012	0.15624	0.01866	0.01884	0.01365	0.00776	0.00756	0.00208	0.05875	0.00637	0.00555	0.00987
3	0.09351	0.09136	0.01245	0.01045	0.01234	0.11016	0.00778	0.04293	0.01388	0.01854	0.02579	0.47752	0.02948	0.01488	0.00698	0.00227	0.00543	0.01283	0.00511	0.00629
4	0.54264	0.01506	0.11078	0.01309	0.09003	0.01381	0.01056	0.01860	0.01248	0.02669	0.08229	0.01531	0.01294	0.00672	0.00491	0.00200	0.00570	0.00474	0.00406	0.00760
5	0.01231	0.00774	0.00877	0.00815	0.00972	0.00750	0.00555	0.01488	0.08365	0.11364	0.03255	0.04250	0.19279	0.40915	0.02055	0.00429	0.00532	0.00982	0.00524	0.00589
6	0.01621	0.60899	0.09247	0.11310	0.02135	0.02314	0.01309	0.01906	0.01314	0.01583	0.00955	0.01158	0.00833	0.00571	0.00463	0.00154	0.00737	0.00388	0.00278	0.00825
7	0.01469	0.01226	0.01381	0.01162	0.01591	0.01208	0.00932	0.06183	0.29813	0.02431	0.02073	0.02589	0.01747	0.00832	0.00616	0.00178	0.00520	0.09846	0.00536	0.33666

[dist]
# distance from previous block
# <min> <max>
0	4

[block]
# block no. 1 follows, 34 sequences, length 6
# corresponding to MSA columns:
# 100-105
name=unknown_B
#
# <colnr> <probs for GDERKNQSTAVLIFYWHMCP>
#	G	D	E	R	K	N	Q	S	T	A	V	L	I	F	Y	W	H	M	C	P
0	0.01910	0.08023	0.15107	0.01522	0.01957	0.37873	0.01346	0.08402	0.01725	0.01900	0.01468	0.12941	0.01386	0.00868	0.00619	0.00189	0.00928	0.00657	0.00388	0.00790
1	0.01062	0.00935	0.01439	0.01156	0.01479	0.00825	0.13596	0.01380	0.01624	0.02247	0.35007	0.04002	0.18045	0.01112	0.00719	0.00192	0.00481	0.01012	0.00567	0.13121
2	0.01939	0.01505	0.01658	0.15071	0.02227	0.07499	0.01182	0.21901	0.19776	0.11027	0.01861	0.02062	0.01414	0.06964	0.00858	0.00238	0.00700	0.00641	0.00555	0.00923
3	0.02099	0.05459	0.01907	0.01545	0.01885	0.26766	0.01235	0.22445	0.11750	0.02455	0.01354	0.01491	0.01071	0.00808	0.00888	0.00202	0.14765	0.00532	0.00457	0.00885
4	0.01354	0.00999	0.01044	0.00920	0.01225	0.06673	0.00702	0.01563	0.01543	0.13014	0.11478	0.13930	0.25802	0.01233	0.00687	0.00193	0.00462	0.01039	0.00582	0.15558
5	0.01062	0.01019	0.00905	0.00887	0.01080	0.12033	0.00655	0.01257	0.01590	0.01931	0.22907	0.14866	0.34528	0.01456	0.00744	0.00212	0.00458	0.01231	0.00588	0.00591

[dist]
# distance from previous block
# <min> <max>
3	9

[block]
# block no. 2 follows, 34 sequences, length 72
# corresponding to MSA columns:
# 115-186
name=unknown_C
#
# <colnr> <probs for GDERKNQSTAVLIFYWHMCP>
#	G	D	E	R	K	N	Q	S	T	A	V	L	I	F	Y	W	H	M	C	P
0	0.01518	0.01138	0.01309	0.01069	0.01469	0.01082	0.00840	0.12729	0.12888	0.07102	0.13147	0.09174	0.05061	0.00924	0.00631	0.00174	0.00482	0.00778	0.00573	0.27910
1	0.02434	0.01737	0.01786	0.05052	0.02007	0.10954	0.01174	0.41234	0.02469	0.19283	0.01755	0.04214	0.01274	0.00803	0.00645	0.00195	0.00728	0.00618	0.00622	0.01016
2	0.01266	0.01221	0.02114	0.50894	0.14189	0.01390	0.08738	0.01677	0.01359	0.01770	0.01664	0.02114	0.07435	0.00715	0.00668	0.00212	0.00822	0.00665	0.00324	0.00763
3	0.00938	0.00675	0.00858	0.00953	0.01034	0.00659	0.00657	0.07262	0.01400	0.01869	0.03379	0.70045	0.03986	0.01911	0.00809	0.00256	0.00405	0.01723	0.00604	0.00577
4	0.01414	0.01414	0.01979	0.01696	0.01696	0.01979	0.01414	0.01555	0.00990	0.01555	0.00848	0.01414	0.00848	0.01131	0.02120	0.00283	0.76110	0.00565	0.00283	0.00707
5	0.01340	0.01148	0.01340	0.00957	0.01531	0.00861	0.00766	0.01627	0.01340	0.02105	0.01148	0.01340	0.00957	0.00479	0.00479	0.00096	0.00479	0.00383	0.00383	0.81242
6	0.00787	0.00562	0.00750	0.00900	0.00937	0.00525	0.00600	0.00900	0.01237	0.01649	0.03561	0.76871	0.04274	0.02024	0.00825	0.00262	0.00375	0.01837	0.00600	0.00525
7	0.02720	0.01063	0.01458	0.01140	0.01605	0.00937	0.00937	0.02968	0.01776	0.67165	0.02475	0.02230	0.01601	0.01166	0.07364	0.00276	0.00657	0.00654	0.00759	0.01052
8	0.79389	0.03603	0.01025	0.00858	0.01262	0.01484	0.00712	0.01900	0.01106	0.02857	0.00900	0.01049	0.00704	0.00598	0.00400	0.00198	0.00506	0.00350	0.00396	0.00704
9	0.00792	0.00566	0.00754	0.00896	0.00938	0.00528	0.00600	0.00912	0.01260	0.01686	0.06237	0.74092	0.04344	0.01997	0.00822	0.00260	0.00372	0.01811	0.00604	0.00528
10	0.01459	0.31421	0.47294	0.01564	0.02367	0.01899	0.01903	0.02004	0.01345	0.01848	0.01061	0.01240	0.00823	0.00591	0.00539	0.00180	0.00855	0.00428	0.00274	0.00907
11	0.01474	0.01417	0.02439	0.27141	0.48762	0.01506	0.04135	0.01878	0.01415	0.01961	0.01197	0.01644	0.00970	0.00597	0.00646	0.00200	0.00808	0.00581	0.00309	0.00920
12	0.81856	0.01250	0.00950	0.00850	0.01250	0.01449	0.00700	0.01899	0.01100	0.02899	0.00900	0.01050	0.00700	0.00600	0.00400	0.00200	0.00500	0.00350	0.00400	0.00700
13	0.00901	0.00660	0.00845	0.00799	0.00957	0.00604	0.00599	0.01193	0.01797	0.02514	0.66905	0.04953	0.12160	0.01350	0.00762	0.00205	0.00307	0.01186	0.00701	0.00604
14	0.01296	0.03342	0.73944	0.01842	0.02797	0.01501	0.02387	0.02046	0.01364	0.02046	0.01160	0.01364	0.00818	0.00614	0.00614	0.00205	0.00955	0.00477	0.00273	0.00955
15	0.00924	0.00690	0.01026	0.01026	0.01137	0.00801	0.00792	0.01146	0.01035	0.01491	0.01742	0.02601	0.01642	0.07516	0.72099	0.01023	0.01690	0.00701	0.00348	0.00570
16	0.00847	0.00605	0.00818	0.00968	0.01032	0.00576	0.00704	0.01003	0.01296	0.01716	0.03528	0.60483	0.04143	0.01968	0.00841	0.00271	0.00427	0.17634	0.00599	0.00541
17	0.01727	0.77681	0.03386	0.01106	0.01658	0.02557	0.01106	0.01935	0.01313	0.01520	0.00898	0.01036	0.00829	0.00553	0.00415	0.00138	0.00691	0.00345	0.00276	0.00829
18	0.00787	0.00562	0.00750	0.00900	0.00937	0.00525	0.00600	0.00900	0.01237	0.01649	0.03561	0.76871	0.04274	0.02024	0.00825	0.00262	0.00375	0.01837	0.00600	0.00525
19	0.01361	0.14517	0.63338	0.01731	0.02625	0.01659	0.02195	0.02029	0.01356	0.01967	0.01120	0.01315	0.00820	0.00605	0.00584	0.00195	0.00915	0.00458	0.00273	0.00936
20	0.01398	0.20984	0.57200	0.01667	0.02526	0.01751	0.02083	0.02020	0.01352	0.01921	0.01098	0.01286	0.00821	0.00599	0.00567	0.00189	0.00892	0.00446	0.00274	0.00925
21	0.01296	0.03342	0.73944	0.01842	0.02797	0.01501	0.02387	0.02046	0.01364	0.02046	0.01160	0.01364	0.00818	0.00614	0.00614	0.00205	0.00955	0.00477	0.00273	0.00955
22	0.01538	0.01706	0.03600	0.02946	0.15875	0.01616	0.58587	0.02054	0.01515	0.02077	0.01291	0.01717	0.00988	0.00550	0.00741	0.00213	0.01032	0.00729	0.00326	0.00899
23	0.00787	0.00562	0.00750	0.00900	0.00937	0.00525	0.00600	0.00900	0.01237	0.01649	0.03561	0.76871	0.04274	0.02024	0.00825	0.00262	0.00375	0.01837	0.00600	0.00525
24	0.02456	0.01810	0.01939	0.01487	0.02004	0.02004	0.01228	0.71107	0.03038	0.04072	0.01551	0.01551	0.01099	0.00776	0.00646	0.00194	0.00711	0.00582	0.00646	0.01099
25	0.01854	0.01517	0.01575	0.01356	0.01757	0.03754	0.01071	0.17842	0.53029	0.05313	0.02350	0.02185	0.01741	0.00847	0.00653	0.00212	0.00574	0.00687	0.00651	0.01034
26	0.00922	0.00663	0.00897	0.01011	0.01123	0.00639	0.00800	0.01150	0.01449	0.01924	0.14022	0.31829	0.06568	0.01796	0.00844	0.00268	0.00464	0.32446	0.00614	0.00570
27	0.01326	0.03136	0.64883	0.01956	0.02872	0.01518	0.11241	0.02049	0.01385	0.02049	0.01179	0.01413	0.00839	0.00605	0.00633	0.00206	0.00972	0.00514	0.00280	0.00944
28	0.81856	0.01250	0.00950	0.00850	0.01250	0.01449	0.00700	0.01899	0.01100	0.02899	0.00900	0.01050	0.00700	0.00600	0.00400	0.00200	0.00500	0.00350	0.00400	0.00700
29	0.05234	0.01790	0.01904	0.01464	0.01977	0.01984	0.01210	0.68686	0.02970	0.04031	0.01528	0.01534	0.01085	0.00769	0.00638	0.00194	0.00704	0.00574	0.00638	0.01085
30	0.01543	0.01756	0.03623	0.06217	0.05181	0.04178	0.63390	0.02065	0.01523	0.02034	0.01286	0.01718	0.00971	0.00555	0.00747	0.00215	0.01073	0.00737	0.00325	0.00864
31	0.70784	0.01328	0.01088	0.00939	0.01355	0.01527	0.00773	0.11551	0.01370	0.03063	0.00991	0.01120	0.00755	0.00624	0.00434	0.00199	0.00529	0.00382	0.00434	0.00755
32	0.00785	0.00571	0.00741	0.00877	0.00931	0.00527	0.00590	0.00902	0.01258	0.01658	0.03832	0.70468	0.10502	0.01989	0.00819	0.00258	0.00371	0.01794	0.00600	0.00527
33	0.00765	0.00650	0.00659	0.00667	0.00876	0.00544	0.00496	0.00926	0.01461	0.01741	0.06399	0.09681	0.69631	0.01655	0.00767	0.00220	0.00330	0.01387	0.00600	0.00544
34	0.01340	0.01148	0.01340	0.00957	0.01531	0.00861	0.00766	0.01627	0.01340	0.02105	0.01148	0.01340	0.00957	0.00479	0.00479	0.00096	0.00479	0.00383	0.00383	0.81242
35	0.02456	0.01810	0.01939	0.01487	0.02004	0.02004	0.01228	0.71107	0.03038	0.04072	0.01551	0.01551	0.01099	0.00776	0.00646	0.00194	0.00711	0.00582	0.00646	0.01099
36	0.01220	0.01148	0.01938	0.75739	0.04450	0.01436	0.01794	0.01651	0.01292	0.01651	0.01148	0.01723	0.00861	0.00646	0.00646	0.00215	0.00861	0.00574	0.00287	0.00718
37	0.81856	0.01250	0.00950	0.00850	0.01250	0.01449	0.00700	0.01899	0.01100	0.02899	0.00900	0.01050	0.00700	0.00600	0.00400	0.00200	0.00500	0.00350	0.00400	0.00700
38	0.01122	0.00561	0.00842	0.00842	0.00842	0.00561	0.00561	0.00842	0.00842	0.01122	0.01122	0.01964	0.01122	0.02245	0.02525	0.81201	0.00561	0.00561	0.00281	0.00281
39	0.04741	0.01471	0.01542	0.01334	0.01732	0.01684	0.01054	0.17484	0.55083	0.02996	0.02341	0.02181	0.01743	0.00845	0.00646	0.00213	0.00553	0.00685	0.00646	0.01027
40	0.01727	0.77681	0.03386	0.01106	0.01658	0.02557	0.01106	0.01935	0.01313	0.01520	0.00898	0.01036	0.00829	0.00553	0.00415	0.00138	0.00691	0.00345	0.00276	0.00829
41	0.01727	0.77681	0.03386	0.01106	0.01658	0.02557	0.01106	0.01935	0.01313	0.01520	0.00898	0.01036	0.00829	0.00553	0.00415	0.00138	0.00691	0.00345	0.00276	0.00829
42	0.00795	0.00568	0.00759	0.00909	0.00950	0.00532	0.00614	0.00914	0.01245	0.01659	0.03557	0.74613	0.04256	0.02017	0.00827	0.00264	0.00382	0.04013	0.00600	0.00527
43	0.01204	0.00602	0.00602	0.00602	0.00753	0.00602	0.00452	0.01506	0.01355	0.02409	0.02108	0.02409	0.01656	0.00753	0.00452	0.00151	0.00301	0.00602	0.80879	0.00602
44	0.00923	0.00692	0.01038	0.01038	0.01154	0.00808	0.00808	0.01154	0.01038	0.01500	0.01731	0.02538	0.01615	0.04846	0.74732	0.01038	0.01731	0.00692	0.00346	0.00577
45	0.81856	0.01250	0.00950	0.00850	0.01250	0.01449	0.00700	0.01899	0.01100	0.02899	0.00900	0.01050	0.00700	0.00600	0.00400	0.00200	0.00500	0.00350	0.00400	0.00700
46	0.01607	0.01388	0.01461	0.01315	0.01680	0.01607	0.01023	0.03433	0.72094	0.02703	0.02630	0.02411	0.01972	0.00877	0.00657	0.00219	0.00511	0.00731	0.00657	0.01023
47	0.81856	0.01250	0.00950	0.00850	0.01250	0.01449	0.00700	0.01899	0.01100	0.02899	0.00900	0.01050	0.00700	0.00600	0.00400	0.00200	0.00500	0.00350	0.00400	0.00700
48	0.02769	0.01221	0.01564	0.01208	0.01704	0.01140	0.00995	0.13379	0.05471	0.59761	0.02403	0.02112	0.01542	0.00800	0.00650	0.00200	0.00572	0.00644	0.00770	0.01096
49	0.00914	0.00660	0.00864	0.00813	0.00965	0.00610	0.00610	0.01219	0.01829	0.02591	0.72921	0.04827	0.06097	0.01321	0.00762	0.00203	0.00305	0.01169	0.00711	0.00610
50	0.00923	0.00692	0.01038	0.01038	0.01154	0.00808	0.00808	0.01154	0.01038	0.01500	0.01731	0.02538	0.01615	0.04846	0.74732	0.01038	0.01731	0.00692	0.00346	0.00577
51	0.00787	0.00562	0.00750	0.00900	0.00937	0.00525	0.00600	0.00900	0.01237	0.01649	0.03561	0.76871	0.04274	0.02024	0.00825	0.00262	0.00375	0.01837	0.00600	0.00525
52	0.00977	0.00771	0.00902	0.00935	0.01091	0.00774	0.00674	0.01496	0.16750	0.02015	0.12692	0.38986	0.16225	0.01617	0.00770	0.00238	0.00387	0.01428	0.00627	0.00647
53	0.76749	0.01240	0.00985	0.00869	0.01275	0.01417	0.00716	0.01980	0.01148	0.07479	0.01006	0.01124	0.00758	0.00613	0.00416	0.00200	0.00503	0.00369	0.00426	0.00726
54	0.00787	0.00562	0.00750	0.00900	0.00937	0.00525	0.00600	0.00900	0.01237	0.01649	0.03561	0.76871	0.04274	0.02024	0.00825	0.00262	0.00375	0.01837	0.00600	0.00525
55	0.79227	0.01268	0.00982	0.00871	0.01275	0.01468	0.00717	0.04191	0.01164	0.02938	0.00921	0.01066	0.00713	0.00606	0.00408	0.00200	0.00507	0.00358	0.00408	0.00713
56	0.00978	0.00710	0.00828	0.00855	0.00996	0.00675	0.00602	0.03725	0.05378	0.04145	0.06051	0.36049	0.24171	0.10471	0.01069	0.00283	0.00414	0.01426	0.00590	0.00586
57	0.81856	0.01250	0.00950	0.00850	0.01250	0.01449	0.00700	0.01899	0.01100	0.02899	0.00900	0.01050	0.00700	0.00600	0.00400	0.00200	0.00500	0.00350	0.00400	0.00700
58	0.81856	0.01250	0.00950	0.00850	0.01250	0.01449	0.00700	0.01899	0.01100	0.02899	0.00900	0.01050	0.00700	0.00600	0.00400	0.00200	0.00500	0.00350	0.00400	0.00700
59	0.01938	0.01173	0.01369	0.01130	0.01465	0.01203	0.00879	0.24495	0.06203	0.20118	0.11841	0.07037	0.02362	0.14460	0.01141	0.00279	0.00570	0.00823	0.00646	0.00869
60	0.01504	0.01112	0.01373	0.01219	0.01486	0.01246	0.00985	0.27167	0.01822	0.02495	0.01817	0.02602	0.01614	0.03056	0.40508	0.00657	0.01249	0.06834	0.00480	0.00773
61	0.81856	0.01250	0.00950	0.00850	0.01250	0.01449	0.00700	0.01899	0.01100	0.02899	0.00900	0.01050	0.00700	0.00600	0.00400	0.00200	0.00500	0.00350	0.00400	0.00700
62	0.00934	0.00638	0.00772	0.00815	0.00850	0.00631	0.00534	0.01009	0.01101	0.01465	0.04882	0.14893	0.02969	0.51837	0.02466	0.00507	0.00575	0.12205	0.00465	0.00451
63	0.00875	0.00641	0.00739	0.00781	0.00874	0.00601	0.00538	0.00982	0.01222	0.01555	0.03859	0.15823	0.25058	0.32650	0.01822	0.00402	0.00492	0.10085	0.00514	0.00486
64	0.01415	0.09469	0.41397	0.02052	0.02827	0.01663	0.24332	0.02020	0.01393	0.01982	0.01168	0.01459	0.00873	0.00611	0.00718	0.00207	0.04657	0.00562	0.00291	0.00904
65	0.81856	0.01250	0.00950	0.00850	0.01250	0.01449	0.00700	0.01899	0.01100	0.02899	0.00900	0.01050	0.00700	0.00600	0.00400	0.00200	0.00500	0.00350	0.00400	0.00700
66	0.00805	0.00582	0.00761	0.00872	0.00938	0.00539	0.00595	0.00949	0.01339	0.01796	0.14098	0.61974	0.08566	0.01897	0.00812	0.00251	0.00362	0.01709	0.00616	0.00539
67	0.01592	0.01547	0.02503	0.24220	0.33451	0.04805	0.11976	0.08191	0.01585	0.02126	0.01230	0.01632	0.00969	0.00614	0.00658	0.00202	0.00855	0.00596	0.00342	0.00907
68	0.02475	0.02729	0.01801	0.01587	0.01957	0.59358	0.01211	0.08858	0.01943	0.10367	0.01233	0.01323	0.00947	0.00692	0.00596	0.00173	0.01051	0.00459	0.00417	0.00822
69	0.00765	0.00650	0.00659	0.00667	0.00876	0.00544	0.00496	0.00926	0.01461	0.01741	0.06399	0.09681	0.69631	0.01655	0.00767	0.00220	0.00330	0.01387	0.00600	0.00544
70	0.01452	0.01337	0.01391	0.01041	0.01582	0.07595	0.00824	0.01815	0.05357	0.02092	0.01218	0.01384	0.01003	0.00518	0.00498	0.00109	0.00543	0.00405	0.00394	0.69444
71	0.01465	0.01168	0.01424	0.07764	0.01819	0.00958	0.00886	0.04083	0.01425	0.06639	0.01250	0.01436	0.00994	0.00524	0.00510	0.00116	0.00526	0.00424	0.00409	0.66178

[dist]
# distance from previous block
# <min> <max>
0	1

[block]
# block no. 3 follows, 34 sequences, length 93
# corresponding to MSA columns:
# 188-280
name=unknown_D
#
# <colnr> <probs for GDERKNQSTAVLIFYWHMCP>
#	G	D	E	R	K	N	Q	S	T	A	V	L	I	F	Y	W	H	M	C	P
0	0.05061	0.07608	0.01929	0.01694	0.04800	0.64763	0.01250	0.02493	0.01759	0.01644	0.00998	0.01171	0.00835	0.00653	0.00568	0.00167	0.01097	0.00416	0.00331	0.00763
1	0.02495	0.01573	0.01783	0.01378	0.01871	0.01675	0.01136	0.50290	0.02636	0.21771	0.01815	0.01765	0.01252	0.00981	0.04272	0.00237	0.00720	0.00605	0.00671	0.01073
2	0.01515	0.01255	0.01433	0.01048	0.01607	0.01056	0.00843	0.12051	0.03872	0.02418	0.01256	0.01406	0.01011	0.00536	0.00509	0.00114	0.00514	0.00424	0.00431	0.66702
3	0.79531	0.01245	0.00966	0.00859	0.01261	0.01435	0.00707	0.01936	0.01122	0.04985	0.00948	0.01083	0.00726	0.00606	0.00407	0.00200	0.00501	0.00359	0.00412	0.00712
4	0.01585	0.01520	0.02596	0.06723	0.70618	0.01531	0.01976	0.01970	0.01464	0.02093	0.01213	0.01604	0.01017	0.00578	0.00640	0.00193	0.00771	0.00576	0.00319	0.01012
5	0.00787	0.00562	0.00750	0.00900	0.00937	0.00525	0.00600	0.00900	0.01237	0.01649	0.03561	0.76871	0.04274	0.02024	0.00825	0.00262	0.00375	0.01837	0.00600	0.00525
6	0.01538	0.01706	0.03600	0.02945	0.15848	0.01616	0.58614	0.02054	0.01515	0.02077	0.01291	0.01717	0.00988	0.00550	0.00741	0.00213	0.01032	0.00729	0.00326	0.00899
7	0.00787	0.00562	0.00750	0.00900	0.00937	0.00525	0.00600	0.00900	0.01237	0.01649	0.03561	0.76871	0.04274	0.02024	0.00825	0.00262	0.00375	0.01837	0.00600	0.00525
8	0.02414	0.03079	0.01831	0.01665	0.01998	0.74698	0.01248	0.02580	0.01831	0.01581	0.00999	0.01165	0.00832	0.00666	0.00583	0.00166	0.01165	0.00416	0.00333	0.00749
9	0.01607	0.01388	0.01461	0.01315	0.01680	0.01607	0.01023	0.03433	0.72094	0.02703	0.02630	0.02411	0.01972	0.00877	0.00657	0.00219	0.00511	0.00731	0.00657	0.01023
10	0.00865	0.00659	0.00795	0.00761	0.00935	0.00589	0.00571	0.01123	0.01712	0.02313	0.51118	0.05284	0.28073	0.01425	0.00763	0.00208	0.00312	0.01233	0.00675	0.00589
11	0.00787	0.00562	0.00750	0.00900	0.00937	0.00525	0.00600	0.00900	0.01237	0.01649	0.03561	0.76871	0.04274	0.02024	0.00825	0.00262	0.00375	0.01837	0.00600	0.00525
12	0.02414	0.03079	0.01831	0.01665	0.01998	0.74698	0.01248	0.02580	0.01831	0.01581	0.00999	0.01165	0.00832	0.00666	0.00583	0.00166	0.01165	0.00416	0.00333	0.00749
13	0.01732	0.01576	0.01963	0.01638	0.01791	0.04328	0.01357	0.20698	0.01579	0.02247	0.01046	0.01443	0.00917	0.01018	0.01666	0.00255	0.52979	0.00565	0.00384	0.00816
14	0.00816	0.00659	0.00728	0.00716	0.00913	0.00570	0.00541	0.01026	0.01580	0.02005	0.26406	0.05829	0.51047	0.01546	0.00767	0.00216	0.00328	0.03109	0.00633	0.00566
15	0.01607	0.01388	0.01461	0.01315	0.01680	0.01607	0.01023	0.03433	0.72094	0.02703	0.02630	0.02411	0.01972	0.00877	0.00657	0.00219	0.00511	0.00731	0.00657	0.01023
16	0.01405	0.01337	0.02272	0.40691	0.38052	0.01484	0.01887	0.01813	0.01380	0.01876	0.01181	0.01662	0.00941	0.00612	0.00643	0.00204	0.00816	0.00575	0.00303	0.00867
17	0.01220	0.01148	0.01938	0.75739	0.04450	0.01436	0.01794	0.01651	0.01292	0.01651	0.01148	0.01723	0.00861	0.00646	0.00646	0.00215	0.00861	0.00574	0.00287	0.00718
18	0.81856	0.01250	0.00950	0.00850	0.01250	0.01449	0.00700	0.01899	0.01100	0.02899	0.00900	0.01050	0.00700	0.00600	0.00400	0.00200	0.00500	0.00350	0.00400	0.00700
19	0.01340	0.01148	0.01340	0.00957	0.01531	0.00861	0.00766	0.01627	0.01340	0.02105	0.01148	0.01340	0.00957	0.00479	0.00479	0.00096	0.00479	0.00383	0.00383	0.81242
20	0.00963	0.00665	0.00767	0.00753	0.00753	0.00693	0.00442	0.00970	0.00942	0.01268	0.01978	0.04091	0.02276	0.73566	0.03232	0.00610	0.04319	0.00921	0.00386	0.00407
21	0.00840	0.00601	0.00787	0.00905	0.00981	0.00562	0.00646	0.00971	0.01300	0.01705	0.06014	0.52816	0.12348	0.01933	0.00908	0.04220	0.00406	0.10942	0.00587	0.00528
22	0.81856	0.01250	0.00950	0.00850	0.01250	0.01449	0.00700	0.01899	0.01100	0.02899	0.00900	0.01050	0.00700	0.00600	0.00400	0.00200	0.00500	0.00350	0.00400	0.00700
23	0.02414	0.03079	0.01831	0.01665	0.01998	0.74698	0.01248	0.02580	0.01831	0.01581	0.00999	0.01165	0.00832	0.00666	0.00583	0.00166	0.01165	0.00416	0.00333	0.00749
24	0.02372	0.02721	0.01830	0.01607	0.01979	0.55627	0.01230	0.16313	0.06455	0.02149	0.01211	0.01320	0.00957	0.00701	0.00600	0.00175	0.01034	0.00469	0.00416	0.00836
25	0.02590	0.01040	0.01423	0.01156	0.01598	0.00915	0.00965	0.02847	0.01789	0.61758	0.02694	0.03047	0.01952	0.00964	0.00690	0.00216	0.00557	0.12016	0.00766	0.01016
26	0.81856	0.01250	0.00950	0.00850	0.01250	0.01449	0.00700	0.01899	0.01100	0.02899	0.00900	0.01050	0.00700	0.00600	0.00400	0.00200	0.00500	0.00350	0.00400	0.00700
27	0.00867	0.00659	0.00798	0.00763	0.00936	0.00589	0.00572	0.01127	0.01717	0.02325	0.52008	0.05265	0.27175	0.01420	0.00763	0.00208	0.00312	0.01230	0.00676	0.00589
28	0.00787	0.00562	0.00750	0.00900	0.00937	0.00525	0.00600	0.00900	0.01237	0.01649	0.03561	0.76871	0.04274	0.02024	0.00825	0.00262	0.00375	0.01837	0.00600	0.00525
29	0.02746	0.01134	0.01495	0.01169	0.01653	0.01027	0.00958	0.03183	0.10155	0.65313	0.02559	0.02224	0.01644	0.00809	0.00651	0.00202	0.00545	0.00659	0.00783	0.01091
30	0.00809	0.00578	0.00774	0.00924	0.00971	0.00543	0.00637	0.00937	0.01258	0.01673	0.03549	0.71031	0.04227	0.02004	0.00830	0.00265	0.00393	0.07466	0.00599	0.00531
31	0.07804	0.01424	0.01511	0.01294	0.01682	0.01600	0.01039	0.25380	0.34403	0.03111	0.07088	0.02516	0.01991	0.00914	0.00657	0.00213	0.00568	0.05204	0.00634	0.00967
32	0.00923	0.00692	0.01038	0.01038	0.01154	0.00808	0.00808	0.01154	0.01038	0.01500	0.01731	0.02538	0.01615	0.04846	0.74732	0.01038	0.01731	0.00692	0.00346	0.00577
33	0.02414	0.03079	0.01831	0.01665	0.01998	0.74698	0.01248	0.02580	0.01831	0.01581	0.00999	0.01165	0.00832	0.00666	0.00583	0.00166	0.01165	0.00416	0.00333	0.00749
34	0.00788	0.00598	0.00726	0.00816	0.00918	0.00537	0.00566	0.00928	0.01349	0.01739	0.08840	0.49837	0.26312	0.01857	0.00801	0.00245	0.00355	0.01644	0.00607	0.00537
35	0.00811	0.00656	0.00721	0.00705	0.00902	0.00566	0.00528	0.01019	0.01585	0.02012	0.27494	0.05779	0.51884	0.01537	0.00763	0.00213	0.00320	0.01302	0.00635	0.00566
36	0.02414	0.03079	0.01831	0.01665	0.01998	0.74698	0.01248	0.02580	0.01831	0.01581	0.00999	0.01165	0.00832	0.00666	0.00583	0.00166	0.01165	0.00416	0.00333	0.00749
37	0.02456	0.01810	0.01939	0.01487	0.02004	0.02004	0.01228	0.71107	0.03038	0.04072	0.01551	0.01551	0.01099	0.00776	0.00646	0.00194	0.00711	0.00582	0.00646	0.01099
38	0.02052	0.01590	0.01701	0.01387	0.01827	0.01782	0.01118	0.41564	0.29575	0.03471	0.05520	0.02045	0.01684	0.00842	0.00656	0.00204	0.00614	0.00668	0.00654	0.01045
39	0.00766	0.00644	0.00665	0.00682	0.00880	0.00543	0.00503	0.00924	0.01447	0.01735	0.06213	0.14082	0.65350	0.01680	0.00770	0.00223	0.00333	0.01416	0.00600	0.00543
40	0.01775	0.67670	0.07274	0.01170	0.01735	0.05057	0.01178	0.02013	0.01356	0.04438	0.00983	0.01106	0.00859	0.00570	0.00441	0.00145	0.00718	0.00368	0.00299	0.00844
41	0.13730	0.01445	0.01605	0.01265	0.01741	0.01525	0.01040	0.33422	0.06095	0.26766	0.01852	0.01766	0.01269	0.00867	0.02485	0.00219	0.00643	0.00582	0.00655	0.01025
42	0.00900	0.00615	0.00767	0.00803	0.00845	0.00606	0.00518	0.00967	0.01125	0.01518	0.09326	0.23772	0.05415	0.36329	0.08243	0.05534	0.00606	0.01175	0.00475	0.00462
43	0.01220	0.01148	0.01938	0.75739	0.04450	0.01436	0.01794	0.01651	0.01292	0.01651	0.01148	0.01723	0.00861	0.00646	0.00646	0.00215	0.00861	0.00574	0.00287	0.00718
44	0.81856	0.01250	0.00950	0.00850	0.01250	0.01449	0.00700	0.01899	0.01100	0.02899	0.00900	0.01050	0.00700	0.00600	0.00400	0.00200	0.00500	0.00350	0.00400	0.00700
45	0.01586	0.01522	0.02599	0.06478	0.70853	0.01532	0.01976	0.01971	0.01465	0.02095	0.01213	0.01604	0.01018	0.00578	0.00640	0.00193	0.00771	0.00576	0.00319	0.01013
46	0.01414	0.01414	0.01979	0.01696	0.01696	0.01979	0.01414	0.01555	0.00990	0.01555	0.00848	0.01414	0.00848	0.01131	0.02120	0.00283	0.76110	0.00565	0.00283	0.00707
47	0.01750	0.75229	0.03335	0.01124	0.01670	0.04928	0.01110	0.01956	0.01330	0.01522	0.00902	0.01041	0.00829	0.00557	0.00420	0.00139	0.00707	0.00348	0.00278	0.00827
48	0.01856	0.01257	0.01423	0.01203	0.01588	0.01335	0.00954	0.12956	0.33473	0.17061	0.12523	0.02695	0.04911	0.00927	0.00668	0.00206	0.00512	0.00769	0.00683	0.03000
49	0.02000	0.01044	0.01339	0.01080	0.01509	0.00913	0.00884	0.04655	0.03486	0.34609	0.11351	0.02915	0.02267	0.00907	0.00652	0.00187	0.00511	0.08719	0.00655	0.20319
50	0.71859	0.01480	0.01061	0.00952	0.01344	0.10667	0.00769	0.01985	0.01192	0.02733	0.00912	0.01064	0.00716	0.00608	0.00423	0.00196	0.00584	0.00358	0.00391	0.00706
51	0.02523	0.01703	0.01873	0.01436	0.01950	0.01845	0.01186	0.60876	0.02859	0.14556	0.01702	0.01649	0.01174	0.00779	0.00647	0.00195	0.00687	0.00592	0.00669	0.01099
52	0.00853	0.00661	0.00778	0.00758	0.00939	0.00586	0.00574	0.01094	0.01657	0.02189	0.40639	0.05544	0.35739	0.01480	0.00768	0.00214	0.00326	0.03964	0.00657	0.00581
53	0.14184	0.00911	0.01082	0.00941	0.01243	0.00878	0.00739	0.01977	0.04485	0.24370	0.30964	0.07296	0.06181	0.01081	0.00670	0.00206	0.00423	0.00908	0.00677	0.00783
54	0.02824	0.01219	0.01573	0.01206	0.01709	0.01127	0.00997	0.14585	0.02049	0.61991	0.02381	0.02090	0.01515	0.00796	0.00649	0.00199	0.00577	0.00638	0.00774	0.01099
55	0.81856	0.01250	0.00950	0.00850	0.01250	0.01449	0.00700	0.01899	0.01100	0.02899	0.00900	0.01050	0.00700	0.00600	0.00400	0.00200	0.00500	0.00350	0.00400	0.00700
56	0.13088	0.01119	0.01429	0.01111	0.01598	0.01014	0.00917	0.02988	0.01753	0.64571	0.02336	0.02051	0.01483	0.00774	0.00618	0.00200	0.00543	0.00611	0.00748	0.01048
57	0.00795	0.00582	0.00748	0.00862	0.00932	0.00535	0.00587	0.00931	0.01318	0.01743	0.09959	0.61854	0.12949	0.01915	0.00812	0.00252	0.00363	0.01720	0.00610	0.00535
58	0.01697	0.01356	0.01459	0.01286	0.01656	0.01535	0.01007	0.07988	0.58903	0.06837	0.06935	0.02490	0.02148	0.00893	0.00663	0.00215	0.00515	0.00743	0.00668	0.01007
59	0.81856	0.01250	0.00950	0.00850	0.01250	0.01449	0.00700	0.01899	0.01100	0.02899	0.00900	0.01050	0.00700	0.00600	0.00400	0.00200	0.00500	0.00350	0.00400	0.00700
60	0.02818	0.01118	0.01497	0.01160	0.01651	0.00991	0.00954	0.03167	0.06231	0.69280	0.02554	0.02212	0.01623	0.00805	0.00650	0.00201	0.00547	0.00655	0.00791	0.01095
61	0.00782	0.00614	0.00709	0.00773	0.00907	0.00540	0.00546	0.00931	0.01387	0.01749	0.08833	0.37731	0.38622	0.01793	0.00791	0.00237	0.00347	0.01565	0.00606	0.00540
62	0.00940	0.00626	0.00705	0.00705	0.00705	0.00626	0.00392	0.00940	0.00940	0.01253	0.02036	0.04228	0.02349	0.77292	0.03289	0.00626	0.00626	0.00940	0.00392	0.00392
63	0.01519	0.01454	0.02478	0.19087	0.58764	0.01514	0.01943	0.01913	0.01433	0.02014	0.01201	0.01625	0.00989	0.00591	0.00641	0.00197	0.00787	0.00575	0.00313	0.00959
64	0.02419	0.01774	0.01900	0.01460	0.01967	0.01962	0.01205	0.69047	0.02988	0.04023	0.01568	0.01577	0.01115	0.00775	0.00641	0.00193	0.00699	0.00582	0.03022	0.01084
65	0.02456	0.01810	0.01939	0.01487	0.02004	0.02004	0.01228	0.71107	0.03038	0.04072	0.01551	0.01551	0.01099	0.00776	0.00646	0.00194	0.00711	0.00582	0.00646	0.01099
66	0.01479	0.01413	0.02406	0.26717	0.51449	0.01504	0.01923	0.01878	0.01414	0.01965	0.01194	0.01638	0.00972	0.00598	0.00642	0.00199	0.00797	0.00575	0.00309	0.00927
67	0.81856	0.01250	0.00950	0.00850	0.01250	0.01449	0.00700	0.01899	0.01100	0.02899	0.00900	0.01050	0.00700	0.00600	0.00400	0.00200	0.00500	0.00350	0.00400	0.00700
68	0.00878	0.00653	0.00838	0.00894	0.01013	0.00581	0.00616	0.01026	0.01288	0.01774	0.08742	0.58241	0.03899	0.04336	0.00857	0.00247	0.00392	0.01553	0.00572	0.11599
69	0.01599	0.01535	0.02623	0.03966	0.73262	0.01535	0.01983	0.01983	0.01471	0.02111	0.01215	0.01599	0.01023	0.00576	0.00640	0.00192	0.00768	0.00576	0.00320	0.01023
70	0.01482	0.01226	0.01691	0.01214	0.01793	0.00974	0.10402	0.01802	0.01403	0.07471	0.01275	0.01460	0.01008	0.00512	0.00530	0.00120	0.00568	0.00455	0.00406	0.64206
71	0.01033	0.00741	0.01030	0.01175	0.01325	0.00738	0.01026	0.01327	0.01487	0.01928	0.03510	0.07258	0.05690	0.01781	0.00889	0.00295	0.00587	0.66991	0.00595	0.00594
72	0.42270	0.01107	0.01131	0.00963	0.01356	0.01153	0.00781	0.02225	0.01409	0.27957	0.05201	0.06418	0.01535	0.00925	0.02808	0.00230	0.00538	0.00600	0.00568	0.00823
73	0.00905	0.00688	0.00996	0.00996	0.01123	0.00778	0.00772	0.01129	0.01087	0.01527	0.02267	0.02948	0.09560	0.04489	0.66499	0.00947	0.01575	0.00767	0.00374	0.00573
74	0.02774	0.01300	0.01623	0.01245	0.01749	0.01247	0.01028	0.22306	0.02184	0.54079	0.02268	0.02017	0.01458	0.00793	0.00649	0.00198	0.00595	0.00631	0.00756	0.01099
75	0.07409	0.01775	0.01877	0.01447	0.01957	0.01969	0.01195	0.66790	0.02917	0.03999	0.01511	0.01520	0.01074	0.00765	0.00631	0.00194	0.00698	0.00567	0.00631	0.01074
76	0.43758	0.01178	0.01176	0.00980	0.01394	0.01241	0.00803	0.06542	0.01531	0.25319	0.08751	0.01826	0.01555	0.00747	0.00531	0.00200	0.00509	0.00542	0.00573	0.00842
77	0.01009	0.00759	0.00951	0.01034	0.01183	0.00758	0.00810	0.03459	0.08216	0.01943	0.03744	0.32331	0.12626	0.01737	0.00821	0.00264	0.00474	0.26659	0.00605	0.00619
78	0.01086	0.00810	0.01054	0.01114	0.01293	0.00826	0.00933	0.01590	0.11024	0.02198	0.20353	0.06032	0.04068	0.01550	0.00829	0.00264	0.00513	0.43177	0.00632	0.00656
79	0.02825	0.01085	0.01481	0.01151	0.01637	0.00941	0.00953	0.03077	0.01835	0.70840	0.02584	0.02403	0.01684	0.00839	0.00659	0.00204	0.00552	0.03379	0.00792	0.01079
80	0.35751	0.01108	0.01158	0.00992	0.01372	0.01147	0.00796	0.04726	0.03442	0.26879	0.05291	0.11273	0.01765	0.00896	0.00572	0.00208	0.00500	0.00698	0.00592	0.00833
81	0.02341	0.01025	0.01353	0.01088	0.01498	0.00929	0.00879	0.02738	0.07868	0.51587	0.18421	0.02810	0.02645	0.00924	0.00676	0.00202	0.00491	0.00774	0.00768	0.00983
82	0.02524	0.01012	0.01319	0.01042	0.01467	0.00904	0.00851	0.04634	0.01776	0.56571	0.02428	0.02227	0.01598	0.00789	0.00607	0.00189	0.00501	0.00638	0.17931	0.00993
83	0.22359	0.01137	0.01364	0.01076	0.01551	0.01073	0.00888	0.02841	0.01665	0.56257	0.02143	0.01916	0.01378	0.00750	0.00588	0.00200	0.00537	0.00576	0.00701	0.01001
84	0.21377	0.01018	0.01079	0.00990	0.01276	0.01073	0.00763	0.07490	0.10640	0.10429	0.10980	0.20822	0.07225	0.01176	0.00652	0.00219	0.00459	0.00981	0.00597	0.00755
85	0.01122	0.00561	0.00842	0.00842	0.00842	0.00561	0.00561	0.00842	0.00842	0.01122	0.01122	0.01964	0.01122	0.02245	0.02525	0.81201	0.00561	0.00561	0.00281	0.00281
86	0.06441	0.01019	0.01042	0.00894	0.01174	0.01092	0.00710	0.23320	0.01867	0.02959	0.01861	0.02059	0.01424	0.00751	0.00510	0.00167	0.00441	0.00581	0.50926	0.00764
87	0.60878	0.01211	0.01047	0.00922	0.01300	0.01361	0.00747	0.07729	0.01355	0.06944	0.05113	0.06388	0.01313	0.00759	0.00483	0.00204	0.00502	0.00529	0.00474	0.00740
88	0.01161	0.00705	0.00919	0.00899	0.01069	0.00647	0.00677	0.01387	0.01589	0.11887	0.32074	0.20679	0.09398	0.05892	0.00921	0.00251	0.00404	0.08143	0.00660	0.00639
89	0.01599	0.01535	0.02623	0.03966	0.73262	0.01535	0.01983	0.01983	0.01471	0.02111	0.01215	0.01599	0.01023	0.00576	0.00640	0.00192	0.00768	0.00576	0.00320	0.01023
90	0.04582	0.14028	0.04658	0.02462	0.32162	0.01837	0.01540	0.20205	0.05852	0.02573	0.01310	0.01510	0.01043	0.00659	0.00638	0.00188	0.02807	0.00538	0.00418	0.00990
91	0.03531	0.01246	0.01685	0.08384	0.13625	0.01332	0.04561	0.16297	0.11848	0.02557	0.12627	0.11519	0.02374	0.04523	0.00808	0.00230	0.00612	0.00863	0.00532	0.00843
92	0.00825	0.00621	0.00765	0.00806	0.00930	0.00560	0.00575	0.01018	0.01505	0.02003	0.28507	0.33354	0.22820	0.01678	0.00787	0.00230	0.00338	0.01481	0.00639	0.00560

[dist]
# distance from previous block
# <min> <max>
0	4

# created by:
# /home/berkeley/.conda/envs/busco_data_prod/bin/msa2prfl.pl pipeline/OGs_align_augustus/4893/27077.fs
