[name]
unknown

[dist]
# distance from previous block
# <min> <max>
0	2

[block]
# block no. 0 follows, 34 sequences, length 9
# corresponding to MSA columns:
# 2-10
name=unknown_A
#
# <colnr> <probs for GDERKNQSTAVLIFYWHMCP>
#	G	D	E	R	K	N	Q	S	T	A	V	L	I	F	Y	W	H	M	C	P
0	0.01116	0.00829	0.01097	0.01206	0.01384	0.00858	0.01039	0.01615	0.10797	0.02035	0.03317	0.06645	0.03488	0.01665	0.00861	0.00287	0.00584	0.59923	0.00603	0.00651
1	0.02693	0.01106	0.01478	0.01124	0.01634	0.00938	0.00925	0.02948	0.01782	0.64268	0.02364	0.02086	0.01515	0.00757	0.00627	0.00186	0.00540	0.00615	0.00745	0.11666
2	0.01688	0.01752	0.11921	0.18904	0.18203	0.03786	0.07403	0.11814	0.05259	0.06961	0.01382	0.01659	0.01038	0.00684	0.00725	0.00207	0.04704	0.00586	0.00400	0.00924
3	0.01829	0.01622	0.01604	0.04266	0.01879	0.08793	0.01113	0.15869	0.49662	0.02808	0.02213	0.02103	0.01656	0.00828	0.00648	0.00209	0.00626	0.00666	0.00609	0.00998
4	0.01249	0.01085	0.01790	0.01494	0.01771	0.03122	0.20563	0.01553	0.04010	0.05682	0.04690	0.35440	0.02683	0.01356	0.00896	0.03811	0.03578	0.01209	0.00497	0.03522
5	0.06991	0.05059	0.02285	0.08466	0.35594	0.13493	0.05218	0.02201	0.01537	0.11165	0.01316	0.01562	0.01022	0.00624	0.00613	0.00190	0.00809	0.00544	0.00384	0.00927
6	0.01553	0.45067	0.29771	0.01484	0.02193	0.02103	0.06038	0.01985	0.01346	0.01752	0.01022	0.01204	0.00835	0.00575	0.00511	0.00168	0.00815	0.00421	0.00278	0.00879
7	0.00818	0.00583	0.00733	0.00840	0.00883	0.00548	0.00548	0.00910	0.01192	0.01572	0.03459	0.56223	0.08969	0.17953	0.01343	0.00336	0.00425	0.01611	0.00556	0.00498
8	0.01606	0.04622	0.26346	0.05514	0.18142	0.09736	0.11159	0.04638	0.01530	0.04291	0.01407	0.01655	0.03469	0.00661	0.00672	0.00199	0.02527	0.00573	0.00340	0.00912

[dist]
# distance from previous block
# <min> <max>
0	1

[block]
# block no. 1 follows, 34 sequences, length 17
# corresponding to MSA columns:
# 12-28
name=unknown_B
#
# <colnr> <probs for GDERKNQSTAVLIFYWHMCP>
#	G	D	E	R	K	N	Q	S	T	A	V	L	I	F	Y	W	H	M	C	P
0	0.62830	0.07735	0.05457	0.01046	0.01494	0.06198	0.03372	0.01960	0.01194	0.02625	0.00935	0.01099	0.00735	0.00599	0.00438	0.00194	0.00605	0.00376	0.00376	0.00734
1	0.01122	0.00561	0.00842	0.00842	0.00842	0.00561	0.00561	0.00842	0.00842	0.01122	0.01122	0.01964	0.01122	0.02245	0.02525	0.81201	0.00561	0.00561	0.00281	0.00281
2	0.01335	0.02394	0.38753	0.02176	0.09660	0.01428	0.21072	0.01927	0.01438	0.02065	0.05438	0.06481	0.01403	0.00721	0.00679	0.00211	0.00900	0.00691	0.00338	0.00892
3	0.00787	0.00645	0.00694	0.00703	0.00892	0.00552	0.00519	0.00964	0.01496	0.01851	0.15299	0.13744	0.56342	0.01636	0.00770	0.00221	0.00329	0.01389	0.00615	0.00552
4	0.00927	0.00794	0.01113	0.01015	0.01212	0.00758	0.07142	0.01154	0.01488	0.01945	0.19747	0.16844	0.32046	0.01505	0.00866	0.00230	0.05224	0.04810	0.00579	0.00599
5	0.01230	0.01056	0.01482	0.01863	0.22965	0.01068	0.01103	0.01814	0.14889	0.02276	0.22733	0.09503	0.10895	0.01119	0.00715	0.00212	0.00502	0.03217	0.00558	0.00798
6	0.01528	0.01316	0.01668	0.14983	0.11196	0.01490	0.01275	0.08190	0.36952	0.02448	0.02194	0.06782	0.01809	0.00904	0.00674	0.00220	0.00619	0.04288	0.00541	0.00923
7	0.01727	0.77681	0.03386	0.01106	0.01658	0.02557	0.01106	0.01935	0.01313	0.01520	0.00898	0.01036	0.00829	0.00553	0.00415	0.00138	0.00691	0.00345	0.00276	0.00829
8	0.03463	0.02243	0.35994	0.07724	0.04470	0.03779	0.05905	0.05624	0.01492	0.08359	0.01675	0.13274	0.01458	0.00858	0.00658	0.00213	0.00807	0.00733	0.00401	0.00873
9	0.01857	0.07075	0.12408	0.04142	0.14499	0.24079	0.05472	0.10525	0.01691	0.02049	0.01195	0.01545	0.00993	0.05086	0.00837	0.00214	0.04590	0.00530	0.00356	0.00857
10	0.68714	0.05919	0.01266	0.00993	0.01408	0.06304	0.03563	0.01953	0.01177	0.02698	0.00922	0.01084	0.00727	0.00599	0.00427	0.00195	0.00578	0.00370	0.00385	0.00718
11	0.04342	0.07185	0.07969	0.05503	0.02212	0.41300	0.05747	0.08546	0.07530	0.02000	0.01212	0.01372	0.00955	0.00671	0.00596	0.00181	0.00986	0.00486	0.00378	0.00829
12	0.00959	0.00757	0.00867	0.00823	0.01045	0.00672	0.00612	0.05045	0.01555	0.02050	0.16948	0.21758	0.32312	0.01488	0.00738	0.00210	0.00374	0.01282	0.00598	0.09909
13	0.00789	0.00630	0.00707	0.00741	0.00902	0.00548	0.00535	0.00956	0.01453	0.01825	0.14031	0.25278	0.45927	0.01703	0.00780	0.00228	0.00337	0.01468	0.00614	0.00548
14	0.06699	0.26261	0.06047	0.01324	0.04623	0.07820	0.01130	0.09060	0.05876	0.09229	0.01336	0.01441	0.01051	0.00797	0.03485	0.00197	0.00725	0.00464	0.00420	0.12015
15	0.12021	0.25443	0.24312	0.01324	0.01901	0.05714	0.02961	0.01865	0.01365	0.01973	0.07106	0.01734	0.03704	0.00937	0.04936	0.00232	0.00800	0.00522	0.00346	0.00805
16	0.11783	0.21672	0.03838	0.01272	0.01701	0.15589	0.01075	0.12783	0.15131	0.02313	0.01421	0.01600	0.01163	0.05225	0.00701	0.00206	0.00728	0.00507	0.00438	0.00853

[dist]
# distance from previous block
# <min> <max>
8	16

[block]
# block no. 2 follows, 34 sequences, length 8
# corresponding to MSA columns:
# 45-52
name=unknown_C
#
# <colnr> <probs for GDERKNQSTAVLIFYWHMCP>
#	G	D	E	R	K	N	Q	S	T	A	V	L	I	F	Y	W	H	M	C	P
0	0.27795	0.04619	0.18108	0.01345	0.03989	0.06015	0.01264	0.07705	0.04334	0.12374	0.03659	0.01528	0.01138	0.00677	0.00547	0.00194	0.00678	0.00492	0.00454	0.03084
1	0.01686	0.05727	0.05617	0.12519	0.24714	0.08461	0.05253	0.07218	0.03119	0.07179	0.04109	0.04563	0.03499	0.00756	0.00684	0.00199	0.02745	0.00652	0.00410	0.00889
2	0.05649	0.05539	0.43948	0.01505	0.02202	0.01429	0.01740	0.02136	0.13952	0.02183	0.05156	0.02139	0.08136	0.00787	0.00623	0.00205	0.00752	0.00626	0.00399	0.00893
3	0.01318	0.01536	0.11186	0.09095	0.07217	0.06979	0.04135	0.01880	0.11931	0.01961	0.07686	0.07936	0.06623	0.01407	0.09132	0.00310	0.07672	0.00787	0.00432	0.00774
4	0.01142	0.00934	0.00990	0.00911	0.01138	0.04054	0.00701	0.04243	0.08869	0.04347	0.23855	0.04555	0.33001	0.01317	0.00797	0.00212	0.04266	0.01087	0.02912	0.00670
5	0.01529	0.08509	0.01642	0.05171	0.01635	0.07167	0.04117	0.11338	0.01504	0.05825	0.04094	0.02338	0.01568	0.14921	0.17809	0.00459	0.06413	0.00664	0.02579	0.00716
6	0.00784	0.00575	0.00737	0.00866	0.00928	0.00528	0.00585	0.00903	0.01269	0.01663	0.03972	0.67148	0.13731	0.01971	0.00816	0.00256	0.00368	0.01772	0.00600	0.00528
7	0.01383	0.01554	0.09698	0.08488	0.23534	0.01394	0.16222	0.01944	0.08198	0.02111	0.08820	0.05593	0.04074	0.00801	0.00738	0.00211	0.03199	0.00762	0.00406	0.00869

[dist]
# distance from previous block
# <min> <max>
5	8

[block]
# block no. 3 follows, 34 sequences, length 14
# corresponding to MSA columns:
# 61-74
name=unknown_D
#
# <colnr> <probs for GDERKNQSTAVLIFYWHMCP>
#	G	D	E	R	K	N	Q	S	T	A	V	L	I	F	Y	W	H	M	C	P
0	0.01386	0.01467	0.08279	0.11093	0.25528	0.01347	0.08602	0.04561	0.09134	0.02131	0.04140	0.06104	0.09374	0.00872	0.00687	0.00212	0.00712	0.03080	0.00426	0.00866
1	0.00838	0.00597	0.00721	0.00798	0.00846	0.00563	0.00511	0.00918	0.01164	0.01522	0.03428	0.41632	0.12919	0.28551	0.01687	0.00385	0.00457	0.01456	0.00526	0.00481
2	0.29840	0.01357	0.01513	0.05820	0.06862	0.01526	0.03563	0.15419	0.14944	0.02776	0.01501	0.01732	0.01185	0.04338	0.04795	0.00269	0.00679	0.00556	0.00478	0.00848
3	0.01257	0.01002	0.01420	0.29379	0.06679	0.01068	0.01132	0.03931	0.01372	0.01995	0.04913	0.02208	0.01472	0.08936	0.00868	0.00224	0.00620	0.00617	0.17013	0.13895
4	0.76409	0.01239	0.00988	0.00870	0.01277	0.01415	0.00717	0.01986	0.01151	0.07784	0.01013	0.01129	0.00762	0.00614	0.00417	0.00200	0.00503	0.00371	0.00427	0.00727
5	0.01701	0.54673	0.02800	0.01151	0.01644	0.02238	0.01069	0.06138	0.14791	0.01949	0.05259	0.01535	0.01353	0.00669	0.00493	0.00160	0.00637	0.00477	0.00394	0.00869
6	0.02066	0.01754	0.01660	0.01371	0.01776	0.12286	0.01085	0.38058	0.16782	0.03089	0.02027	0.02143	0.05642	0.06301	0.00835	0.00227	0.00707	0.00661	0.00582	0.00949
7	0.00814	0.00657	0.00724	0.00708	0.00904	0.00567	0.00531	0.01025	0.01592	0.02028	0.28741	0.05753	0.50627	0.01531	0.00763	0.00213	0.00320	0.01298	0.00637	0.00567
8	0.00926	0.00737	0.00951	0.01071	0.07653	0.00676	0.00710	0.01166	0.01588	0.02117	0.33123	0.09239	0.28495	0.04179	0.00853	0.00231	0.00386	0.04675	0.00612	0.00612
9	0.01205	0.00734	0.00924	0.00936	0.01114	0.00720	0.00759	0.01550	0.04255	0.07348	0.19243	0.04801	0.03481	0.03806	0.00801	0.00238	0.00446	0.25665	0.21329	0.00646
10	0.01545	0.03793	0.02286	0.17579	0.31699	0.10122	0.06404	0.01871	0.01392	0.01821	0.01202	0.01730	0.01037	0.05349	0.02664	0.00248	0.07518	0.00586	0.00316	0.00837
11	0.01741	0.39878	0.10157	0.01488	0.06902	0.18437	0.01285	0.02010	0.01472	0.01697	0.05087	0.04730	0.01288	0.00695	0.00527	0.00165	0.00796	0.00504	0.00330	0.00813
12	0.03951	0.08233	0.28246	0.01826	0.12656	0.01411	0.04008	0.03676	0.01461	0.10000	0.01304	0.01467	0.00973	0.00596	0.00577	0.00174	0.00747	0.00489	0.00376	0.17828
13	0.18449	0.01398	0.03585	0.04129	0.10675	0.04130	0.12618	0.08196	0.01585	0.10968	0.07176	0.02216	0.04955	0.06219	0.00814	0.00232	0.00690	0.00670	0.00472	0.00824

[dist]
# distance from previous block
# <min> <max>
0	19

[block]
# block no. 4 follows, 34 sequences, length 15
# corresponding to MSA columns:
# 94-108
name=unknown_E
#
# <colnr> <probs for GDERKNQSTAVLIFYWHMCP>
#	G	D	E	R	K	N	Q	S	T	A	V	L	I	F	Y	W	H	M	C	P
0	0.15943	0.21104	0.11880	0.01578	0.07436	0.18552	0.01339	0.05829	0.01482	0.02036	0.01013	0.01214	0.00837	0.00654	0.00641	0.00183	0.06690	0.00428	0.00335	0.00825
1	0.01786	0.20114	0.08562	0.04416	0.07533	0.01846	0.01297	0.19998	0.15949	0.02567	0.01494	0.01572	0.01155	0.00679	0.00573	0.00178	0.00676	0.00525	0.00461	0.08618
2	0.01127	0.08365	0.06875	0.01037	0.01238	0.06176	0.00848	0.01315	0.01188	0.01565	0.06151	0.11120	0.02161	0.20772	0.24750	0.02499	0.00996	0.00838	0.00393	0.00587
3	0.04820	0.01447	0.01563	0.01261	0.01660	0.01577	0.01008	0.41972	0.10756	0.06174	0.08719	0.02398	0.04369	0.08235	0.00909	0.00241	0.00613	0.00712	0.00625	0.00941
4	0.01072	0.00700	0.00881	0.00823	0.01002	0.00649	0.00614	0.01305	0.01593	0.08809	0.38888	0.04586	0.18524	0.09255	0.08129	0.00329	0.00502	0.01091	0.00630	0.00617
5	0.01047	0.00828	0.01215	0.08284	0.01509	0.01012	0.00953	0.01291	0.01086	0.01609	0.01587	0.02291	0.01440	0.03533	0.50390	0.00769	0.11889	0.00655	0.08002	0.00611
6	0.00961	0.00681	0.00923	0.01047	0.01147	0.00675	0.00836	0.01170	0.01337	0.01757	0.03214	0.23920	0.03603	0.12296	0.03473	0.00357	0.00580	0.40915	0.00561	0.00549
7	0.00788	0.00647	0.00694	0.00701	0.00892	0.00553	0.00518	0.00967	0.01501	0.01858	0.15795	0.12747	0.56844	0.01628	0.00769	0.00220	0.00329	0.01381	0.00616	0.00553
8	0.04649	0.01477	0.02159	0.01739	0.02004	0.04281	0.16805	0.08742	0.06896	0.02046	0.01300	0.01778	0.01119	0.04373	0.08397	0.00333	0.30107	0.00638	0.00375	0.00783
9	0.01452	0.30233	0.48422	0.01575	0.02385	0.01883	0.01924	0.02006	0.01346	0.01856	0.01065	0.01246	0.00822	0.00592	0.00542	0.00181	0.00859	0.00430	0.00274	0.00909
10	0.00775	0.00643	0.00679	0.00695	0.00886	0.00546	0.00512	0.00940	0.01463	0.01781	0.09918	0.15166	0.60436	0.01668	0.00771	0.00223	0.00332	0.01413	0.00606	0.00546
11	0.01257	0.01186	0.02004	0.68826	0.11078	0.01445	0.01813	0.01683	0.01309	0.01695	0.01155	0.01711	0.00877	0.00639	0.00645	0.00213	0.00852	0.00574	0.00290	0.00747
12	0.00851	0.00707	0.03709	0.00980	0.01079	0.00602	0.00744	0.01022	0.01293	0.01717	0.03535	0.59596	0.06197	0.01915	0.00826	0.00265	0.00435	0.13387	0.00586	0.00555
13	0.02267	0.02835	0.01719	0.01569	0.01869	0.67309	0.01163	0.02416	0.01742	0.01549	0.01102	0.01471	0.00984	0.08310	0.00853	0.00212	0.01111	0.00468	0.00339	0.00713
14	0.01754	0.01590	0.01535	0.01363	0.01737	0.08930	0.01061	0.08626	0.59699	0.02698	0.02383	0.02219	0.01791	0.00848	0.00649	0.00212	0.00592	0.00688	0.00624	0.01001

[dist]
# distance from previous block
# <min> <max>
0	1

[block]
# block no. 5 follows, 34 sequences, length 32
# corresponding to MSA columns:
# 110-141
name=unknown_F
#
# <colnr> <probs for GDERKNQSTAVLIFYWHMCP>
#	G	D	E	R	K	N	Q	S	T	A	V	L	I	F	Y	W	H	M	C	P
0	0.06320	0.02556	0.01797	0.01558	0.01945	0.47543	0.01204	0.21123	0.05837	0.02380	0.01230	0.01330	0.00958	0.00703	0.00595	0.00178	0.00975	0.00474	0.00438	0.00856
1	0.02230	0.02504	0.01881	0.01635	0.01941	0.46103	0.01276	0.16191	0.01913	0.02078	0.01081	0.01291	0.00889	0.00777	0.00890	0.00194	0.15449	0.00478	0.00386	0.00811
2	0.00906	0.00667	0.00874	0.00871	0.01005	0.00646	0.00636	0.01093	0.01351	0.01865	0.22406	0.19167	0.11478	0.06891	0.18998	0.03826	0.00709	0.01133	0.00531	0.04947
3	0.00883	0.00654	0.00824	0.00793	0.00949	0.00594	0.00590	0.01154	0.01737	0.02402	0.58317	0.09347	0.16534	0.01413	0.00766	0.00209	0.00313	0.01239	0.00687	0.00594
4	0.01296	0.03342	0.73944	0.01842	0.02797	0.01501	0.02387	0.02046	0.01364	0.02046	0.01160	0.01364	0.00818	0.00614	0.00614	0.00205	0.00955	0.00477	0.00273	0.00955
5	0.00810	0.00617	0.00749	0.00819	0.00940	0.00555	0.00587	0.00977	0.01415	0.01831	0.14481	0.38960	0.27895	0.01779	0.00798	0.00241	0.00360	0.05022	0.00616	0.00548
6	0.01086	0.00566	0.00827	0.00835	0.00848	0.00558	0.00559	0.00849	0.00896	0.01183	0.01536	0.06075	0.05087	0.02201	0.02344	0.72719	0.00539	0.00670	0.00314	0.00307
7	0.06472	0.01110	0.01348	0.01089	0.01503	0.01075	0.00883	0.08745	0.09644	0.42399	0.06272	0.02282	0.01810	0.00819	0.00617	0.00195	0.00510	0.00660	0.11592	0.00975
8	0.00927	0.00635	0.00772	0.00809	0.00839	0.00639	0.00522	0.00993	0.01047	0.01400	0.02373	0.14693	0.02707	0.53068	0.08277	0.00573	0.00674	0.08169	0.00439	0.00446
9	0.08851	0.05961	0.05813	0.01599	0.09658	0.10918	0.01193	0.11536	0.21226	0.06095	0.05317	0.05763	0.01669	0.00823	0.00619	0.00199	0.00669	0.00659	0.00518	0.00912
10	0.00909	0.00675	0.00991	0.01007	0.01108	0.00768	0.00764	0.01116	0.01054	0.01503	0.01941	0.10529	0.01936	0.08263	0.63208	0.00935	0.01530	0.00827	0.00375	0.00562
11	0.00839	0.00603	0.00832	0.05360	0.01143	0.00586	0.00669	0.00959	0.01251	0.01672	0.07168	0.64092	0.03993	0.01915	0.00907	0.04851	0.00411	0.01652	0.00569	0.00527
12	0.09655	0.10336	0.04641	0.34008	0.04797	0.05688	0.07908	0.06851	0.01464	0.02046	0.01192	0.01560	0.00920	0.00635	0.00588	0.00196	0.00798	0.00532	0.05401	0.00781
13	0.01287	0.01004	0.05552	0.07362	0.04461	0.00974	0.00957	0.07549	0.01185	0.01602	0.01444	0.02044	0.04975	0.01689	0.01876	0.48021	0.06571	0.00604	0.00334	0.00511
14	0.01243	0.08651	0.01234	0.00934	0.01085	0.01092	0.00671	0.09393	0.05225	0.01726	0.01832	0.03223	0.01905	0.45930	0.10891	0.00543	0.02634	0.00788	0.00416	0.00583
15	0.01472	0.11388	0.57929	0.01741	0.02580	0.10090	0.02116	0.02096	0.01413	0.01935	0.01113	0.01306	0.00821	0.00613	0.00589	0.00193	0.00951	0.00456	0.00280	0.00917
16	0.00812	0.00609	0.00741	0.00805	0.00912	0.00552	0.00560	0.00968	0.01394	0.01826	0.16898	0.40094	0.23703	0.05893	0.00931	0.00259	0.00363	0.01534	0.00609	0.00539
17	0.01784	0.32348	0.06480	0.01592	0.09105	0.24205	0.02687	0.02029	0.01513	0.01667	0.01642	0.01770	0.09258	0.00719	0.00548	0.00167	0.00825	0.00525	0.00337	0.00799
18	0.01629	0.01342	0.06949	0.01343	0.08466	0.00989	0.01035	0.01953	0.01442	0.14387	0.01396	0.01514	0.01063	0.00553	0.00533	0.00131	0.00554	0.00454	0.00440	0.53827
19	0.04055	0.04242	0.06590	0.14307	0.03131	0.01134	0.03764	0.05397	0.01459	0.04234	0.11865	0.14554	0.10159	0.06667	0.00967	0.00249	0.05103	0.00952	0.00476	0.00695
20	0.01589	0.04691	0.28552	0.01574	0.05698	0.05133	0.03648	0.05407	0.02883	0.12178	0.05745	0.10036	0.01708	0.02531	0.00820	0.05050	0.00743	0.00720	0.00444	0.00851
21	0.00985	0.00777	0.01162	0.03481	0.02946	0.00925	0.00898	0.01212	0.01050	0.01515	0.01645	0.02460	0.01544	0.06583	0.63116	0.00924	0.07157	0.00684	0.00340	0.00595
22	0.00893	0.00654	0.00901	0.00939	0.01026	0.00701	0.00687	0.01060	0.01106	0.01522	0.02500	0.18956	0.06278	0.15946	0.40219	0.00731	0.01138	0.03778	0.00431	0.00534
23	0.01686	0.01685	0.15478	0.10344	0.23950	0.01348	0.05067	0.07027	0.01598	0.14165	0.01877	0.06037	0.05281	0.00779	0.00661	0.00205	0.00742	0.00692	0.00443	0.00934
24	0.01811	0.05795	0.05985	0.04583	0.08974	0.02860	0.21974	0.08449	0.01618	0.16131	0.01611	0.03241	0.01258	0.05258	0.04786	0.00273	0.03377	0.00674	0.00449	0.00891
25	0.01067	0.00744	0.00840	0.03416	0.00998	0.00761	0.00552	0.04980	0.04844	0.01711	0.02610	0.09449	0.09740	0.43904	0.02133	0.00441	0.00545	0.00971	0.09768	0.00525
26	0.04401	0.16611	0.16310	0.01855	0.13869	0.15048	0.02842	0.01907	0.01413	0.01815	0.01435	0.12858	0.01387	0.00846	0.00680	0.00196	0.04691	0.00671	0.00349	0.00815
27	0.03899	0.01279	0.04492	0.01331	0.09230	0.01006	0.00971	0.04468	0.01411	0.02183	0.01296	0.05487	0.01137	0.00595	0.00525	0.00127	0.00534	0.00494	0.00395	0.59141
28	0.01557	0.22384	0.24384	0.01942	0.15616	0.01750	0.04108	0.05591	0.01474	0.04389	0.01565	0.01740	0.06336	0.00700	0.00646	0.00188	0.03827	0.00552	0.00347	0.00903
29	0.01284	0.00837	0.01122	0.01064	0.03582	0.00782	0.02873	0.01570	0.05179	0.11997	0.19584	0.18643	0.03322	0.15885	0.02525	0.00303	0.00506	0.01062	0.00578	0.07301
30	0.04016	0.01007	0.01088	0.01024	0.01222	0.06326	0.00768	0.06512	0.03448	0.08752	0.13847	0.23166	0.10589	0.05638	0.06286	0.00304	0.03648	0.01113	0.00572	0.00676
31	0.01668	0.11529	0.22234	0.01795	0.14068	0.05224	0.01514	0.04923	0.01536	0.11505	0.01806	0.04349	0.06445	0.00744	0.00604	0.00184	0.00728	0.00604	0.00415	0.08123

[dist]
# distance from previous block
# <min> <max>
2	11

[block]
# block no. 6 follows, 34 sequences, length 16
# corresponding to MSA columns:
# 153-168
name=unknown_G
#
# <colnr> <probs for GDERKNQSTAVLIFYWHMCP>
#	G	D	E	R	K	N	Q	S	T	A	V	L	I	F	Y	W	H	M	C	P
0	0.01558	0.29573	0.09312	0.03902	0.04718	0.04357	0.01151	0.07292	0.01548	0.05684	0.06144	0.09530	0.08721	0.00895	0.00587	0.00181	0.00642	0.00713	0.00430	0.03061
1	0.07480	0.15169	0.27444	0.01828	0.12728	0.02988	0.03800	0.06172	0.01464	0.06669	0.01288	0.01622	0.01037	0.06737	0.00790	0.00223	0.00790	0.00522	0.00358	0.00891
2	0.01306	0.04619	0.15061	0.01317	0.01674	0.01248	0.05378	0.10423	0.04096	0.01965	0.01607	0.02383	0.01466	0.17644	0.23790	0.00545	0.03691	0.00675	0.00386	0.00727
3	0.00961	0.06807	0.01079	0.00904	0.01041	0.00842	0.00681	0.01137	0.01184	0.01602	0.09473	0.09296	0.10206	0.17407	0.33781	0.00653	0.01033	0.00924	0.00434	0.00557
4	0.01790	0.02025	0.13464	0.11040	0.08886	0.18664	0.04491	0.04423	0.09628	0.09314	0.04259	0.04634	0.01405	0.00769	0.00674	0.00201	0.02399	0.00626	0.00434	0.00872
5	0.01826	0.14848	0.21757	0.07527	0.13106	0.08077	0.01620	0.02234	0.01511	0.16493	0.01476	0.01745	0.01123	0.00686	0.00602	0.00191	0.00798	0.03050	0.00406	0.00924
6	0.01326	0.01242	0.04023	0.09251	0.24649	0.01261	0.03262	0.06057	0.04025	0.02031	0.02228	0.18920	0.06045	0.01115	0.00827	0.00228	0.06668	0.05599	0.00442	0.00800
7	0.00896	0.00622	0.00738	0.00776	0.00812	0.00611	0.00487	0.00954	0.01070	0.01413	0.02756	0.20069	0.08379	0.48910	0.05918	0.00524	0.00601	0.03556	0.00458	0.00449
8	0.01813	0.05166	0.20048	0.01784	0.10354	0.04004	0.06246	0.07627	0.01651	0.18631	0.03928	0.03691	0.05501	0.00820	0.00716	0.00206	0.03901	0.02506	0.00482	0.00927
9	0.01655	0.07717	0.22348	0.02050	0.12631	0.12105	0.08831	0.09453	0.01602	0.02106	0.01323	0.06586	0.01137	0.00760	0.00752	0.00203	0.06885	0.00614	0.00358	0.00884
10	0.01389	0.11378	0.31963	0.01612	0.05749	0.04506	0.04111	0.03296	0.10134	0.02090	0.07505	0.05703	0.06195	0.00829	0.00633	0.00200	0.00748	0.00685	0.00406	0.00868
11	0.01281	0.00777	0.00917	0.00847	0.01059	0.00757	0.00645	0.04149	0.06978	0.09556	0.29010	0.09218	0.08043	0.01134	0.00658	0.00195	0.00365	0.00970	0.22748	0.00695
12	0.11695	0.24865	0.07863	0.01324	0.01748	0.23700	0.01179	0.04176	0.01499	0.01878	0.03513	0.01559	0.05072	0.00735	0.00651	0.00179	0.06752	0.00486	0.00352	0.00775
13	0.01650	0.08378	0.02521	0.10860	0.38909	0.01628	0.07190	0.10621	0.01628	0.02251	0.01224	0.01546	0.00989	0.00596	0.00618	0.00184	0.00766	0.00555	0.00359	0.07526
14	0.07119	0.08892	0.04198	0.01752	0.10479	0.32492	0.01285	0.11645	0.01792	0.03690	0.01343	0.01817	0.01157	0.00890	0.03145	0.00215	0.00924	0.05931	0.00403	0.00830
15	0.01311	0.03031	0.62577	0.07866	0.06009	0.01502	0.04786	0.02013	0.01369	0.02018	0.01166	0.01417	0.00837	0.00612	0.00623	0.00205	0.00944	0.00500	0.00278	0.00936

[dist]
# distance from previous block
# <min> <max>
0	1

[block]
# block no. 7 follows, 34 sequences, length 25
# corresponding to MSA columns:
# 170-194
name=unknown_H
#
# <colnr> <probs for GDERKNQSTAVLIFYWHMCP>
#	G	D	E	R	K	N	Q	S	T	A	V	L	I	F	Y	W	H	M	C	P
0	0.00808	0.00611	0.00803	0.05173	0.01129	0.00581	0.00651	0.00947	0.01277	0.01665	0.03893	0.61399	0.14915	0.01884	0.00805	0.00253	0.00395	0.01689	0.00582	0.00539
1	0.05086	0.00698	0.00917	0.00912	0.01011	0.00779	0.00666	0.01150	0.01030	0.01549	0.01794	0.02932	0.01777	0.24846	0.46915	0.00833	0.01282	0.00740	0.04551	0.00532
2	0.00811	0.00576	0.00739	0.00860	0.00898	0.00542	0.00563	0.00907	0.01198	0.01589	0.03420	0.62839	0.06329	0.14033	0.01216	0.00319	0.00413	0.01677	0.00567	0.00504
3	0.01675	0.01373	0.01461	0.01297	0.01670	0.01566	0.01014	0.06096	0.64351	0.05828	0.02687	0.02468	0.03816	0.00889	0.00660	0.00217	0.00516	0.00738	0.00662	0.01016
4	0.02173	0.00922	0.01250	0.01052	0.01403	0.00810	0.00828	0.02397	0.01703	0.48536	0.10939	0.20051	0.02749	0.01148	0.00704	0.00215	0.00480	0.00989	0.00742	0.00908
5	0.01399	0.02793	0.51532	0.02043	0.07393	0.01566	0.10205	0.04227	0.04465	0.02116	0.01238	0.01478	0.00911	0.00649	0.00723	0.00210	0.05261	0.00536	0.00311	0.00943
6	0.00984	0.00757	0.00950	0.00956	0.01106	0.00732	0.00691	0.05086	0.01381	0.01883	0.06548	0.47273	0.09598	0.01810	0.04493	0.00272	0.03767	0.01413	0.00557	0.09745
7	0.01993	0.01417	0.01600	0.01458	0.07653	0.04611	0.01065	0.31306	0.05820	0.12126	0.06688	0.02331	0.04742	0.05445	0.04477	0.00261	0.00686	0.00690	0.04706	0.00925
8	0.01296	0.03342	0.73944	0.01842	0.02797	0.01501	0.02387	0.02046	0.01364	0.02046	0.01160	0.01364	0.00818	0.00614	0.00614	0.00205	0.00955	0.00477	0.00273	0.00955
9	0.00784	0.00625	0.00703	0.00747	0.00901	0.00544	0.00536	0.00943	0.01427	0.01786	0.11215	0.28854	0.45190	0.01735	0.00783	0.00231	0.00341	0.01500	0.00609	0.00544
10	0.01343	0.01127	0.01840	0.01942	0.18153	0.01140	0.11199	0.07332	0.01366	0.01907	0.01504	0.05365	0.01381	0.05072	0.19302	0.13278	0.00976	0.00691	0.00367	0.04715
11	0.00785	0.00572	0.00740	0.00874	0.00931	0.00527	0.00589	0.00903	0.01261	0.01659	0.03868	0.69605	0.11341	0.01984	0.00818	0.00258	0.00370	0.01788	0.00600	0.00527
12	0.01695	0.01618	0.09142	0.07282	0.20105	0.03132	0.01477	0.17255	0.08469	0.05387	0.04768	0.02095	0.01485	0.03023	0.04470	0.00259	0.04200	0.02751	0.00464	0.00923
13	0.01909	0.44559	0.05626	0.01520	0.05437	0.24844	0.04248	0.02148	0.01493	0.01613	0.00973	0.01148	0.00846	0.00591	0.00501	0.00156	0.00870	0.00402	0.00298	0.00821
14	0.00873	0.00631	0.00713	0.00729	0.00800	0.00602	0.00463	0.00943	0.01127	0.01448	0.03459	0.12586	0.22469	0.44054	0.05966	0.00493	0.00571	0.01144	0.00471	0.00459
15	0.00912	0.00835	0.04262	0.03239	0.01222	0.00707	0.02444	0.01221	0.04264	0.02034	0.24349	0.19728	0.26896	0.01496	0.00766	0.00225	0.00412	0.03774	0.00603	0.00612
16	0.11733	0.13743	0.06659	0.08779	0.01989	0.01605	0.03841	0.19632	0.01775	0.10650	0.01476	0.01741	0.01143	0.06076	0.00754	0.00218	0.00675	0.00549	0.06098	0.00865
17	0.01110	0.00916	0.01319	0.03488	0.19335	0.00889	0.00987	0.02888	0.01492	0.02040	0.19369	0.15328	0.12170	0.09088	0.00996	0.00257	0.00511	0.04555	0.00521	0.02740
18	0.02499	0.01032	0.01370	0.01071	0.01526	0.00885	0.00875	0.02744	0.01785	0.59133	0.06515	0.02724	0.09420	0.00901	0.00660	0.00197	0.00510	0.00740	0.00755	0.04660
19	0.01832	0.03807	0.05576	0.08538	0.11415	0.30683	0.03687	0.02371	0.13464	0.01888	0.01524	0.01711	0.03701	0.00748	0.00730	0.00196	0.06352	0.00562	0.00384	0.00834
20	0.00866	0.00662	0.00784	0.00772	0.00940	0.00596	0.00581	0.01094	0.01603	0.02118	0.36645	0.05526	0.32138	0.06510	0.00940	0.00244	0.00357	0.06417	0.00637	0.00569
21	0.01153	0.00970	0.01179	0.05676	0.03218	0.05723	0.02677	0.05791	0.01538	0.02004	0.11208	0.19333	0.11116	0.01766	0.07960	0.00314	0.00666	0.14557	0.02508	0.00642
22	0.04602	0.30313	0.11073	0.01622	0.09257	0.13715	0.01358	0.11106	0.04554	0.02105	0.01145	0.01290	0.00931	0.00622	0.00531	0.00167	0.00787	0.00445	0.00362	0.04016
23	0.11394	0.01878	0.24743	0.02862	0.02056	0.01298	0.05798	0.06577	0.05598	0.12676	0.06204	0.02135	0.01546	0.02963	0.02344	0.00233	0.00733	0.03568	0.00467	0.04925
24	0.14187	0.09705	0.17321	0.05364	0.06741	0.03600	0.01433	0.23415	0.04906	0.03997	0.01402	0.01519	0.02321	0.00690	0.00578	0.00193	0.00733	0.00517	0.00445	0.00932

[dist]
# distance from previous block
# <min> <max>
0	14

[block]
# block no. 8 follows, 34 sequences, length 57
# corresponding to MSA columns:
# 210-266
name=unknown_I
#
# <colnr> <probs for GDERKNQSTAVLIFYWHMCP>
#	G	D	E	R	K	N	Q	S	T	A	V	L	I	F	Y	W	H	M	C	P
0	0.04635	0.21130	0.03477	0.01317	0.01717	0.13425	0.06869	0.04257	0.11581	0.02042	0.08880	0.08065	0.03935	0.00880	0.00608	0.00188	0.00691	0.02451	0.00450	0.03402
1	0.07933	0.06059	0.11923	0.01666	0.07886	0.05229	0.10908	0.02164	0.10937	0.07983	0.01747	0.04682	0.03701	0.00882	0.03414	0.00221	0.00752	0.00631	0.00433	0.10849
2	0.11051	0.11649	0.17246	0.01521	0.07707	0.07286	0.01340	0.05687	0.06217	0.02210	0.05127	0.01817	0.03260	0.00723	0.00617	0.00183	0.03098	0.02095	0.00396	0.10770
3	0.01593	0.08004	0.02218	0.17572	0.22062	0.12053	0.04911	0.02083	0.09155	0.01935	0.05145	0.01771	0.01308	0.00716	0.00745	0.00201	0.06720	0.00590	0.00367	0.00850
4	0.05857	0.36448	0.07358	0.01275	0.01764	0.05223	0.03414	0.04375	0.11875	0.04275	0.03336	0.01761	0.01311	0.00722	0.00585	0.00178	0.03081	0.03694	0.00401	0.03065
5	0.00972	0.00687	0.00865	0.00938	0.04699	0.00706	0.00548	0.01033	0.00985	0.01341	0.01939	0.03798	0.02152	0.60790	0.15335	0.00673	0.00822	0.00878	0.00380	0.00457
6	0.01023	0.00761	0.00936	0.00924	0.01038	0.00780	0.00671	0.05598	0.02560	0.01954	0.18140	0.20948	0.09880	0.19384	0.03147	0.00348	0.04424	0.06353	0.00556	0.00575
7	0.00950	0.00649	0.00823	0.00787	0.00935	0.00605	0.00587	0.01247	0.01741	0.02530	0.60477	0.07215	0.05412	0.01269	0.00721	0.00198	0.00307	0.01115	0.11826	0.00605
8	0.01517	0.08308	0.02251	0.43161	0.07286	0.06970	0.08266	0.08049	0.01519	0.01931	0.01185	0.01609	0.00914	0.00648	0.00653	0.00202	0.02167	0.00561	0.02010	0.00793
9	0.01143	0.00833	0.01075	0.01010	0.01162	0.00921	0.00761	0.11077	0.01322	0.01820	0.02005	0.02908	0.05523	0.18183	0.43838	0.03394	0.01255	0.00757	0.00409	0.00604
10	0.04205	0.00882	0.01097	0.00991	0.01290	0.00813	0.00799	0.04945	0.01669	0.26050	0.09470	0.10646	0.20105	0.01318	0.00736	0.00227	0.00473	0.12841	0.00671	0.00773
11	0.01235	0.00659	0.00678	0.00655	0.00816	0.00665	0.00491	0.04532	0.01436	0.02447	0.05542	0.02559	0.01875	0.03706	0.00584	0.00173	0.00332	0.00642	0.70356	0.00616
12	0.01469	0.11414	0.41817	0.01570	0.02245	0.08386	0.01769	0.07393	0.01506	0.02033	0.01441	0.09873	0.01267	0.00969	0.03875	0.00236	0.00893	0.00627	0.00349	0.00867
13	0.01568	0.01155	0.01396	0.01023	0.01557	0.00932	0.00826	0.01842	0.01395	0.12387	0.01334	0.01467	0.01044	0.00559	0.00589	0.00120	0.04421	0.00431	0.00438	0.65515
14	0.01923	0.18907	0.04218	0.01341	0.01792	0.11184	0.01139	0.23016	0.19444	0.02613	0.01844	0.04177	0.04061	0.00804	0.00598	0.00188	0.00697	0.00611	0.00511	0.00931
15	0.54006	0.01313	0.01172	0.00994	0.01407	0.01478	0.00815	0.14713	0.04643	0.07936	0.01274	0.01354	0.00942	0.00666	0.00476	0.00197	0.00532	0.00443	0.04829	0.00809
16	0.01642	0.11034	0.15109	0.01571	0.04900	0.08202	0.04960	0.09999	0.21597	0.02373	0.06169	0.04441	0.01712	0.00819	0.00635	0.00201	0.00721	0.02526	0.00480	0.00910
17	0.02132	0.02076	0.01888	0.01990	0.16902	0.30854	0.01311	0.13813	0.03659	0.08021	0.01355	0.01533	0.01058	0.00763	0.00730	0.03515	0.02963	0.00523	0.04041	0.00874
18	0.00916	0.00630	0.00746	0.00756	0.00787	0.00632	0.00463	0.00968	0.01033	0.01384	0.05045	0.10325	0.05754	0.57409	0.09979	0.00602	0.00689	0.01019	0.00426	0.00436
19	0.05822	0.00979	0.01238	0.08814	0.04780	0.03245	0.00900	0.03852	0.01746	0.16293	0.38019	0.03478	0.06117	0.01051	0.00694	0.00202	0.00482	0.00900	0.00632	0.00757
20	0.03196	0.06021	0.11154	0.07164	0.08364	0.02569	0.01242	0.03907	0.01459	0.11739	0.01405	0.03944	0.01118	0.00647	0.00601	0.00161	0.02558	0.00518	0.00417	0.31817
21	0.00795	0.00641	0.00683	0.00698	0.00866	0.00556	0.00499	0.00942	0.01404	0.01725	0.09335	0.14192	0.53230	0.10271	0.01058	0.00269	0.00366	0.01360	0.00582	0.00529
22	0.01953	0.40199	0.10385	0.01402	0.01915	0.29485	0.01300	0.03546	0.01547	0.01650	0.00977	0.01130	0.00834	0.00606	0.00504	0.00157	0.00898	0.00391	0.00304	0.00818
23	0.00818	0.00658	0.00728	0.00744	0.00917	0.00593	0.00553	0.00978	0.01365	0.01678	0.05263	0.08415	0.51092	0.10023	0.08357	0.00350	0.00518	0.05864	0.00552	0.00535
24	0.01569	0.06308	0.14867	0.08359	0.07078	0.12203	0.02856	0.01934	0.03015	0.05228	0.03126	0.01869	0.05501	0.00840	0.00973	0.00213	0.18770	0.00592	0.03900	0.00800
25	0.03855	0.13339	0.16179	0.08306	0.17666	0.06510	0.01537	0.04125	0.01460	0.06100	0.03408	0.07570	0.01381	0.02736	0.00722	0.00207	0.03031	0.00634	0.00376	0.00857
26	0.01152	0.01854	0.31907	0.01314	0.01836	0.01036	0.04766	0.01601	0.01451	0.04311	0.15634	0.05667	0.13540	0.07497	0.00904	0.00243	0.00659	0.00856	0.03020	0.00752
27	0.03859	0.01765	0.21073	0.12779	0.17793	0.01300	0.06344	0.04320	0.01456	0.02033	0.02293	0.06300	0.14217	0.00871	0.00667	0.00209	0.00742	0.00764	0.00384	0.00830
28	0.03132	0.09445	0.19130	0.11504	0.16582	0.09394	0.07197	0.02130	0.02944	0.07671	0.01275	0.01515	0.00969	0.00619	0.00607	0.00190	0.00845	0.00526	0.00352	0.03973
29	0.01543	0.01350	0.01573	0.01834	0.18610	0.11259	0.01152	0.07566	0.03536	0.05898	0.03769	0.12390	0.05079	0.04888	0.09055	0.00321	0.02106	0.05141	0.02147	0.00780
30	0.00956	0.00674	0.00838	0.00856	0.01022	0.00612	0.00655	0.01181	0.01566	0.05263	0.26899	0.18344	0.24992	0.01589	0.00789	0.00233	0.00380	0.11912	0.00644	0.00595
31	0.01454	0.01145	0.01816	0.12666	0.23282	0.01182	0.04868	0.04492	0.01481	0.09738	0.04372	0.20115	0.04185	0.01121	0.02107	0.00235	0.03515	0.00942	0.00468	0.00815
32	0.07107	0.13064	0.17695	0.10359	0.13237	0.10504	0.01577	0.07880	0.03966	0.02143	0.03412	0.01693	0.01164	0.00689	0.00592	0.00192	0.00805	0.02684	0.00366	0.00870
33	0.01356	0.01140	0.05015	0.04351	0.01694	0.01076	0.09179	0.12655	0.04661	0.03761	0.04649	0.17371	0.04557	0.04754	0.02763	0.09715	0.00650	0.07171	0.02781	0.00701
34	0.01642	0.14289	0.23779	0.01618	0.07176	0.05838	0.01519	0.08766	0.11120	0.04163	0.01470	0.01720	0.01165	0.00689	0.00587	0.00183	0.00750	0.03086	0.00407	0.10033
35	0.01444	0.01166	0.01462	0.01079	0.01598	0.00958	0.04431	0.05788	0.01437	0.05359	0.01320	0.01626	0.01103	0.04875	0.04292	0.00187	0.00596	0.00472	0.00413	0.60394
36	0.01529	0.01654	0.08964	0.11927	0.59104	0.01521	0.01998	0.01951	0.01441	0.02053	0.01203	0.01592	0.00987	0.00587	0.00638	0.00196	0.00795	0.00567	0.00312	0.00983
37	0.03215	0.04735	0.35565	0.03489	0.04924	0.04984	0.01685	0.08914	0.03289	0.10683	0.10610	0.01942	0.01651	0.00748	0.00631	0.00199	0.00773	0.00599	0.00444	0.00921
38	0.02104	0.01220	0.01452	0.01170	0.01552	0.01244	0.00937	0.27393	0.02118	0.25389	0.09472	0.02603	0.04881	0.07870	0.07296	0.00308	0.00683	0.00736	0.00652	0.00919
39	0.01333	0.01968	0.24697	0.01877	0.08554	0.05167	0.10617	0.01833	0.04831	0.01952	0.04140	0.14215	0.01791	0.00986	0.00871	0.00227	0.09937	0.03800	0.00390	0.00815
40	0.01508	0.08953	0.40981	0.07492	0.08292	0.01593	0.07413	0.04348	0.05658	0.05809	0.01325	0.01523	0.00970	0.00633	0.00619	0.00200	0.00866	0.00531	0.00344	0.00941
41	0.04455	0.00937	0.01281	0.04155	0.01393	0.01150	0.00945	0.04679	0.01121	0.01662	0.01482	0.02311	0.01415	0.11231	0.38885	0.03318	0.17955	0.00662	0.00349	0.00612
42	0.00821	0.00596	0.00757	0.00845	0.00914	0.00559	0.00572	0.00951	0.01284	0.01708	0.10961	0.49994	0.11986	0.10731	0.03891	0.00323	0.00442	0.01565	0.00578	0.00523
43	0.01641	0.01634	0.02433	0.09700	0.57298	0.08114	0.01851	0.02084	0.05161	0.02055	0.01264	0.01613	0.01042	0.00605	0.00636	0.00193	0.00798	0.00569	0.00336	0.00973
44	0.01659	0.23102	0.21240	0.10792	0.10157	0.09075	0.05271	0.07893	0.01550	0.01988	0.01117	0.01359	0.00882	0.00612	0.00573	0.00182	0.00858	0.00481	0.00321	0.00887
45	0.00891	0.00654	0.00819	0.04123	0.01114	0.00604	0.00648	0.01066	0.01407	0.04124	0.11113	0.37307	0.27253	0.01715	0.00788	0.00239	0.00389	0.04573	0.00603	0.00570
46	0.01729	0.01283	0.01413	0.01237	0.01584	0.01405	0.00965	0.18787	0.34202	0.08631	0.02723	0.15405	0.05610	0.01084	0.00689	0.00219	0.00529	0.00913	0.00654	0.00937
47	0.01350	0.00959	0.03831	0.04286	0.01370	0.00892	0.00821	0.07535	0.07119	0.10838	0.12498	0.19960	0.09440	0.07610	0.01100	0.07560	0.00503	0.01064	0.00576	0.00689
48	0.04217	0.03324	0.03512	0.01264	0.06158	0.05685	0.00963	0.06732	0.01510	0.02225	0.04781	0.01629	0.02851	0.00615	0.00577	0.00135	0.02846	0.00479	0.00408	0.50091
49	0.09324	0.01419	0.06871	0.04884	0.20702	0.01259	0.03206	0.05590	0.06164	0.02279	0.03535	0.04754	0.05966	0.00732	0.00598	0.00178	0.00620	0.00628	0.00418	0.20872
50	0.03306	0.01523	0.08385	0.01959	0.20054	0.04558	0.03191	0.10145	0.05573	0.07091	0.10367	0.09686	0.02031	0.00867	0.00654	0.00195	0.00647	0.00757	0.00489	0.08521
51	0.09321	0.04005	0.05785	0.14953	0.14988	0.03453	0.05486	0.04084	0.03095	0.06652	0.07620	0.05233	0.01573	0.00772	0.00700	0.00200	0.04614	0.00650	0.00416	0.06401
52	0.09903	0.03882	0.09531	0.09409	0.18948	0.10397	0.01459	0.08522	0.07422	0.06526	0.01430	0.03820	0.01139	0.00696	0.00601	0.00193	0.00752	0.00564	0.00418	0.04387
53	0.03315	0.04916	0.10897	0.05804	0.14023	0.09914	0.02802	0.12432	0.06669	0.02299	0.06937	0.03514	0.01554	0.04225	0.02463	0.00234	0.04014	0.00632	0.00427	0.02929
54	0.09139	0.08625	0.04969	0.04517	0.08458	0.10767	0.02540	0.12565	0.06379	0.09615	0.03265	0.06847	0.03817	0.01034	0.04466	0.00239	0.00757	0.00661	0.00480	0.00861
55	0.11057	0.01706	0.05074	0.15410	0.26059	0.12553	0.07659	0.02020	0.04159	0.02062	0.03285	0.01743	0.03130	0.00665	0.00621	0.00198	0.00814	0.00581	0.00356	0.00849
56	0.10113	0.01612	0.09119	0.09056	0.31196	0.01508	0.01583	0.14380	0.02971	0.03881	0.01554	0.05590	0.03171	0.00739	0.00627	0.00202	0.00714	0.00635	0.00418	0.00931

[dist]
# distance from previous block
# <min> <max>
105	266

[block]
# block no. 9 follows, 34 sequences, length 40
# corresponding to MSA columns:
# 602-641
name=unknown_J
#
# <colnr> <probs for GDERKNQSTAVLIFYWHMCP>
#	G	D	E	R	K	N	Q	S	T	A	V	L	I	F	Y	W	H	M	C	P
0	0.06572	0.01768	0.09575	0.08469	0.02109	0.11056	0.03644	0.17361	0.08027	0.06511	0.07103	0.04078	0.01573	0.00879	0.02415	0.00213	0.00752	0.00628	0.00491	0.06776
1	0.07029	0.03422	0.01838	0.01533	0.06361	0.01471	0.07747	0.19470	0.14436	0.13498	0.06446	0.02021	0.01621	0.00938	0.03844	0.00231	0.00680	0.00645	0.00569	0.06201
2	0.03661	0.03498	0.05849	0.06327	0.01992	0.12056	0.04814	0.21515	0.01928	0.09419	0.07085	0.01974	0.01536	0.01478	0.13608	0.00341	0.00947	0.00622	0.00492	0.00858
3	0.14914	0.01561	0.01437	0.04584	0.05863	0.16517	0.01008	0.10353	0.05953	0.05232	0.03930	0.09077	0.04648	0.03335	0.02882	0.00231	0.00712	0.00692	0.00472	0.06597
4	0.07966	0.01488	0.01661	0.01370	0.01763	0.06519	0.04785	0.18923	0.18211	0.14758	0.02055	0.04442	0.03649	0.01025	0.03770	0.00244	0.05176	0.00677	0.00581	0.00935
5	0.07202	0.01393	0.01443	0.01165	0.01610	0.05657	0.00929	0.17331	0.13695	0.09790	0.04654	0.03726	0.05333	0.00791	0.00597	0.00174	0.00568	0.00627	0.00556	0.22761
6	0.09135	0.01157	0.01333	0.01207	0.04536	0.03349	0.02927	0.12863	0.04754	0.05769	0.13001	0.09693	0.06186	0.06824	0.00852	0.00228	0.00546	0.03190	0.00543	0.11907
7	0.01098	0.00853	0.01079	0.01203	0.11029	0.00748	0.00773	0.01324	0.01515	0.06740	0.12215	0.07333	0.41026	0.01297	0.00712	0.00201	0.00418	0.01104	0.00565	0.08765
8	0.01347	0.01278	0.02168	0.51678	0.27519	0.01469	0.01858	0.01762	0.01352	0.01805	0.01171	0.01681	0.00916	0.00622	0.00644	0.00207	0.00830	0.00575	0.00298	0.00820
9	0.01721	0.01466	0.02415	0.11044	0.56213	0.01490	0.01832	0.05062	0.01557	0.08954	0.01350	0.01667	0.01065	0.00613	0.00642	0.00195	0.00754	0.00583	0.00376	0.01002
10	0.01014	0.00663	0.00811	0.00793	0.00854	0.00672	0.00512	0.01093	0.01070	0.04546	0.06457	0.03920	0.04830	0.52824	0.16675	0.00647	0.00806	0.00908	0.00427	0.00476
11	0.01552	0.01304	0.01377	0.01235	0.01566	0.01485	0.00948	0.06965	0.57904	0.02594	0.02678	0.02709	0.05046	0.08584	0.00926	0.00259	0.00526	0.00770	0.00628	0.00943
12	0.01599	0.01535	0.02623	0.03966	0.73262	0.01535	0.01983	0.01983	0.01471	0.02111	0.01215	0.01599	0.01023	0.00576	0.00640	0.00192	0.00768	0.00576	0.00320	0.01023
13	0.01552	0.01552	0.02292	0.21438	0.45866	0.08820	0.01802	0.01914	0.01453	0.01923	0.01279	0.04847	0.01105	0.00665	0.00644	0.00198	0.00814	0.00614	0.00325	0.00898
14	0.02414	0.03079	0.01831	0.01665	0.01998	0.74698	0.01248	0.02580	0.01831	0.01581	0.00999	0.01165	0.00832	0.00666	0.00583	0.00166	0.01165	0.00416	0.00333	0.00749
15	0.00925	0.00690	0.00864	0.00815	0.00984	0.00643	0.00613	0.01276	0.04671	0.02498	0.62357	0.04888	0.13667	0.01339	0.00758	0.00206	0.00316	0.01173	0.00696	0.00619
16	0.01914	0.04479	0.01432	0.01102	0.01457	0.03207	0.00886	0.18709	0.02078	0.22483	0.28985	0.03023	0.03159	0.03228	0.00757	0.00209	0.00521	0.00820	0.00681	0.00870
17	0.01220	0.01148	0.01938	0.75739	0.04450	0.01436	0.01794	0.01651	0.01292	0.01651	0.01148	0.01723	0.00861	0.00646	0.00646	0.00215	0.00861	0.00574	0.00287	0.00718
18	0.02875	0.01138	0.01523	0.01168	0.01668	0.01006	0.00965	0.06795	0.01913	0.69973	0.02496	0.02164	0.01573	0.00798	0.00650	0.00200	0.00558	0.00646	0.00791	0.01100
19	0.01583	0.01518	0.02593	0.07090	0.70267	0.01531	0.01975	0.01969	0.01463	0.02091	0.01212	0.01605	0.01016	0.00579	0.00640	0.00193	0.00772	0.00576	0.00318	0.01010
20	0.01599	0.01535	0.02623	0.03966	0.73262	0.01535	0.01983	0.01983	0.01471	0.02111	0.01215	0.01599	0.01023	0.00576	0.00640	0.00192	0.00768	0.00576	0.00320	0.01023
21	0.04880	0.01355	0.02126	0.02759	0.42823	0.01304	0.01535	0.02435	0.01606	0.30084	0.01725	0.01814	0.01237	0.00664	0.00635	0.00195	0.00673	0.00597	0.00510	0.01042
22	0.00923	0.00692	0.01038	0.01038	0.01154	0.00808	0.00808	0.01154	0.01038	0.01500	0.01731	0.02538	0.01615	0.04846	0.74732	0.01038	0.01731	0.00692	0.00346	0.00577
23	0.01607	0.01388	0.01461	0.01315	0.01680	0.01607	0.01023	0.03433	0.72094	0.02703	0.02630	0.02411	0.01972	0.00877	0.00657	0.00219	0.00511	0.00731	0.00657	0.01023
24	0.01513	0.01169	0.01376	0.00993	0.01559	0.00912	0.00799	0.04378	0.01447	0.08187	0.01281	0.01420	0.01016	0.00517	0.00499	0.00108	0.00493	0.00413	0.00428	0.71492
25	0.00940	0.00626	0.00705	0.00705	0.00705	0.00626	0.00392	0.00940	0.00940	0.01253	0.02036	0.04228	0.02349	0.77292	0.03289	0.00626	0.00626	0.00940	0.00392	0.00392
26	0.02456	0.01810	0.01939	0.01487	0.02004	0.02004	0.01228	0.71107	0.03038	0.04072	0.01551	0.01551	0.01099	0.00776	0.00646	0.00194	0.00711	0.00582	0.00646	0.01099
27	0.01599	0.01535	0.02623	0.03966	0.73262	0.01535	0.01983	0.01983	0.01471	0.02111	0.01215	0.01599	0.01023	0.00576	0.00640	0.00192	0.00768	0.00576	0.00320	0.01023
28	0.01195	0.01120	0.01916	0.57860	0.06880	0.01326	0.05807	0.01586	0.01306	0.01696	0.01495	0.12127	0.01348	0.00828	0.00678	0.00221	0.00804	0.00761	0.00334	0.00714
29	0.00932	0.00656	0.00852	0.00852	0.00903	0.00707	0.00576	0.01034	0.00983	0.01362	0.01901	0.03481	0.02025	0.45259	0.34878	0.00809	0.01115	0.00830	0.00371	0.00473
30	0.03714	0.01640	0.04493	0.14680	0.47157	0.06862	0.01806	0.05136	0.04425	0.02131	0.01252	0.01597	0.01012	0.00616	0.00631	0.00196	0.00797	0.00562	0.00345	0.00948
31	0.02174	0.06901	0.02041	0.13560	0.04703	0.12403	0.01339	0.43182	0.02417	0.03089	0.01352	0.01491	0.01002	0.00718	0.00622	0.00190	0.00801	0.00541	0.00508	0.00967
32	0.01040	0.00872	0.00969	0.00835	0.01160	0.00754	0.00644	0.01429	0.08544	0.02087	0.15670	0.04189	0.33811	0.01172	0.00670	0.00180	0.00386	0.00983	0.00561	0.24044
33	0.07225	0.11288	0.04431	0.02342	0.23799	0.08165	0.13081	0.08902	0.01664	0.11051	0.01346	0.01540	0.01026	0.00625	0.00612	0.00189	0.00802	0.00556	0.00412	0.00943
34	0.01844	0.52580	0.14075	0.01246	0.01853	0.02164	0.01293	0.05814	0.01480	0.10639	0.01178	0.01259	0.00937	0.00605	0.00487	0.00159	0.00716	0.00416	0.00360	0.00897
35	0.00769	0.00655	0.00662	0.00660	0.00876	0.00548	0.00495	0.00937	0.01485	0.01775	0.08850	0.06170	0.70677	0.01625	0.00764	0.00218	0.00326	0.01357	0.00604	0.00548
36	0.01340	0.01148	0.01340	0.00957	0.01531	0.00861	0.00766	0.01627	0.01340	0.02105	0.01148	0.01340	0.00957	0.00479	0.00479	0.00096	0.00479	0.00383	0.00383	0.81242
