[name]
unknown

[dist]
# distance from previous block
# <min> <max>
0	22

[block]
# block no. 0 follows, 34 sequences, length 16
# corresponding to MSA columns:
# 27-42
name=unknown_A
#
# <colnr> <probs for GDERKNQSTAVLIFYWHMCP>
#	G	D	E	R	K	N	Q	S	T	A	V	L	I	F	Y	W	H	M	C	P
0	0.03498	0.03663	0.01574	0.08135	0.13994	0.01131	0.04188	0.04185	0.01399	0.02025	0.07115	0.08202	0.05911	0.06294	0.00980	0.02984	0.05445	0.02928	0.09901	0.06448
1	0.13158	0.01208	0.01404	0.09559	0.03765	0.04623	0.02847	0.09203	0.01511	0.05072	0.04159	0.08542	0.01551	0.03200	0.06310	0.00256	0.00686	0.00657	0.03998	0.18292
2	0.03404	0.01192	0.01450	0.06677	0.07297	0.04324	0.02358	0.13221	0.06385	0.05936	0.09072	0.16163	0.09956	0.03931	0.00884	0.00234	0.05245	0.00963	0.00539	0.00773
3	0.01368	0.01062	0.01262	0.03439	0.01450	0.06010	0.03191	0.01649	0.05040	0.09466	0.09017	0.17885	0.06428	0.05186	0.03740	0.03381	0.04192	0.00935	0.00511	0.14787
4	0.06462	0.01216	0.01593	0.14204	0.05117	0.03070	0.06390	0.12463	0.06156	0.05943	0.04102	0.05729	0.09177	0.03685	0.03139	0.01827	0.00676	0.00753	0.04485	0.03813
5	0.06534	0.01089	0.01332	0.06772	0.04752	0.01137	0.00939	0.12936	0.03564	0.11281	0.02383	0.10532	0.09276	0.06365	0.04109	0.00268	0.04208	0.00814	0.05232	0.06477
6	0.03412	0.01207	0.01261	0.03078	0.04011	0.10773	0.00887	0.01657	0.06774	0.03687	0.06776	0.16063	0.04592	0.06522	0.04570	0.03323	0.07254	0.00869	0.03252	0.10032
7	0.24173	0.01357	0.01429	0.01211	0.01525	0.07455	0.06366	0.15344	0.01566	0.02474	0.01491	0.05834	0.01350	0.10963	0.08140	0.00337	0.03334	0.00640	0.04281	0.00731
8	0.01547	0.01298	0.01922	0.35480	0.16085	0.01460	0.01547	0.10058	0.09098	0.05585	0.01460	0.01798	0.01113	0.00872	0.04157	0.00242	0.00798	0.00593	0.00406	0.04481
9	0.01220	0.01148	0.01938	0.75739	0.04450	0.01436	0.01794	0.01651	0.01292	0.01651	0.01148	0.01723	0.00861	0.00646	0.00646	0.00215	0.00861	0.00574	0.00287	0.00718
10	0.04541	0.01381	0.01482	0.03621	0.01683	0.05806	0.01010	0.15187	0.21045	0.09465	0.01917	0.04367	0.01524	0.03965	0.04099	0.00253	0.06022	0.00655	0.05125	0.06852
11	0.00868	0.00605	0.00717	0.00773	0.00806	0.00582	0.00478	0.00924	0.01096	0.01443	0.02986	0.31533	0.09032	0.42788	0.02155	0.00456	0.00507	0.01311	0.00487	0.00454
12	0.01173	0.00767	0.00902	0.00862	0.00962	0.00776	0.00574	0.07113	0.04433	0.04753	0.04446	0.14314	0.04908	0.40113	0.02227	0.09109	0.00561	0.01000	0.00478	0.00530
13	0.33394	0.06682	0.01477	0.01163	0.01556	0.13736	0.00938	0.15457	0.08777	0.02726	0.01370	0.04288	0.01114	0.00731	0.00523	0.00191	0.00652	0.00512	0.03898	0.00815
14	0.01420	0.03397	0.01249	0.01073	0.01287	0.03487	0.03155	0.09652	0.07478	0.08265	0.05578	0.21102	0.06024	0.10108	0.01287	0.12678	0.00554	0.01008	0.00531	0.00666
15	0.10181	0.01542	0.04189	0.01302	0.01710	0.08236	0.03605	0.16637	0.11260	0.08846	0.04320	0.08019	0.03734	0.00881	0.00695	0.00198	0.04238	0.00696	0.00533	0.09180

[dist]
# distance from previous block
# <min> <max>
0	16

[block]
# block no. 1 follows, 34 sequences, length 13
# corresponding to MSA columns:
# 59-71
name=unknown_B
#
# <colnr> <probs for GDERKNQSTAVLIFYWHMCP>
#	G	D	E	R	K	N	Q	S	T	A	V	L	I	F	Y	W	H	M	C	P
0	0.01562	0.03753	0.03764	0.05278	0.14689	0.03450	0.05274	0.11849	0.20097	0.02415	0.03478	0.02583	0.10404	0.03163	0.00739	0.00215	0.00648	0.01974	0.00501	0.04163
1	0.08982	0.07436	0.04496	0.14385	0.30304	0.01629	0.01589	0.04660	0.05562	0.05472	0.01271	0.01573	0.01014	0.00679	0.00748	0.00204	0.08182	0.00545	0.00368	0.00902
2	0.01312	0.05236	0.27287	0.01418	0.01975	0.04729	0.05046	0.01896	0.07704	0.02149	0.16465	0.02400	0.05431	0.00831	0.00692	0.00192	0.03468	0.00683	0.00433	0.10652
3	0.01429	0.01583	0.03309	0.02414	0.02972	0.01514	0.57839	0.01907	0.01491	0.02007	0.01855	0.02374	0.07702	0.00729	0.00839	0.00225	0.04903	0.03728	0.00361	0.00821
4	0.01422	0.01650	0.12461	0.22475	0.15068	0.03729	0.01617	0.02186	0.18413	0.02057	0.03279	0.01975	0.03376	0.00767	0.00763	0.00214	0.06647	0.00629	0.00400	0.00872
5	0.00918	0.00672	0.00956	0.00962	0.01055	0.00751	0.00715	0.01105	0.01070	0.01518	0.05253	0.07293	0.02109	0.16924	0.54667	0.00883	0.01395	0.00824	0.00386	0.00544
6	0.01294	0.01060	0.01303	0.05178	0.07585	0.01127	0.00949	0.07757	0.22500	0.02475	0.22447	0.11049	0.10312	0.01151	0.00712	0.00214	0.00478	0.00998	0.00612	0.00798
7	0.00848	0.00655	0.00865	0.00955	0.01010	0.00672	0.00673	0.00973	0.01229	0.01644	0.03523	0.60162	0.10427	0.02020	0.03942	0.00292	0.07378	0.01628	0.00560	0.00546
8	0.01484	0.06901	0.01873	0.14959	0.20085	0.03516	0.01323	0.05229	0.08419	0.04458	0.11347	0.05873	0.01967	0.00831	0.00682	0.00197	0.02916	0.00710	0.03896	0.03331
9	0.01389	0.01305	0.02196	0.31504	0.39946	0.01412	0.01784	0.01784	0.01435	0.01977	0.07772	0.01943	0.01426	0.00671	0.00653	0.00202	0.00761	0.00630	0.00343	0.00867
10	0.01496	0.01263	0.01417	0.03295	0.06468	0.03201	0.01016	0.06913	0.40803	0.03744	0.05306	0.13757	0.06393	0.01070	0.00688	0.00220	0.00529	0.00916	0.00609	0.00897
11	0.00819	0.00656	0.00711	0.00726	0.00902	0.00575	0.00538	0.00983	0.01430	0.01763	0.10471	0.08599	0.51769	0.10246	0.01064	0.00272	0.00384	0.06973	0.00584	0.00536
12	0.01981	0.05998	0.04757	0.14376	0.06141	0.45066	0.03565	0.02241	0.01614	0.01647	0.01069	0.01360	0.00880	0.00815	0.03374	0.00213	0.03342	0.00476	0.00318	0.00766

[dist]
# distance from previous block
# <min> <max>
0	1

[block]
# block no. 2 follows, 34 sequences, length 33
# corresponding to MSA columns:
# 73-105
name=unknown_C
#
# <colnr> <probs for GDERKNQSTAVLIFYWHMCP>
#	G	D	E	R	K	N	Q	S	T	A	V	L	I	F	Y	W	H	M	C	P
0	0.08862	0.01234	0.03285	0.01147	0.01583	0.01177	0.00954	0.13222	0.08909	0.36583	0.10631	0.02327	0.02005	0.00843	0.00633	0.00199	0.00537	0.00678	0.04216	0.00975
1	0.01570	0.01516	0.04981	0.01622	0.10909	0.04645	0.04296	0.08119	0.12253	0.02320	0.01406	0.01568	0.01117	0.00620	0.00628	0.00156	0.03538	0.00508	0.00426	0.37804
2	0.01539	0.01086	0.01301	0.01003	0.01470	0.00907	0.00795	0.04881	0.04780	0.12506	0.10650	0.06284	0.01941	0.00751	0.00574	0.00144	0.00473	0.00628	0.00521	0.47768
3	0.01663	0.03435	0.09338	0.10316	0.09419	0.03189	0.09961	0.12289	0.07490	0.07785	0.01633	0.07170	0.01345	0.00923	0.03052	0.00233	0.05097	0.00685	0.00447	0.04532
4	0.01447	0.13562	0.16784	0.06696	0.07486	0.07970	0.11042	0.01942	0.06523	0.01875	0.01904	0.05452	0.08517	0.00923	0.02797	0.00224	0.02981	0.00685	0.00369	0.00821
5	0.01128	0.00742	0.00937	0.00873	0.01069	0.00696	0.00659	0.01500	0.06440	0.09319	0.49518	0.10979	0.10964	0.01331	0.00750	0.00211	0.00351	0.01166	0.00697	0.00672
6	0.00924	0.00688	0.01016	0.01016	0.01124	0.00796	0.00780	0.01139	0.01032	0.01483	0.01751	0.02651	0.01664	0.09684	0.69961	0.01011	0.01657	0.00709	0.00349	0.00565
7	0.05140	0.30723	0.11172	0.01547	0.05712	0.17796	0.04467	0.02184	0.01480	0.08145	0.01140	0.01289	0.00913	0.00624	0.00574	0.00170	0.02979	0.00442	0.00348	0.03155
8	0.01269	0.00742	0.00960	0.00859	0.01083	0.00666	0.00661	0.01549	0.01795	0.15777	0.52833	0.04482	0.12265	0.01257	0.00741	0.00204	0.00353	0.01092	0.00716	0.00694
9	0.00973	0.00679	0.00852	0.00798	0.00978	0.00612	0.00602	0.01249	0.01763	0.05544	0.57382	0.04973	0.18459	0.01357	0.00757	0.00206	0.00320	0.01182	0.00694	0.00619
10	0.02428	0.01714	0.01854	0.01428	0.01928	0.01879	0.01177	0.63975	0.02893	0.08187	0.01636	0.01628	0.01153	0.00776	0.00638	0.00192	0.00683	0.00587	0.04166	0.01077
11	0.01534	0.15223	0.41744	0.01857	0.02622	0.09997	0.14212	0.02093	0.01437	0.01911	0.01125	0.01355	0.00851	0.00597	0.00604	0.00192	0.00959	0.00499	0.00290	0.00896
12	0.00848	0.00658	0.00771	0.00743	0.00924	0.00581	0.00557	0.01091	0.01672	0.02218	0.43654	0.05440	0.35596	0.01460	0.00763	0.00210	0.00315	0.01255	0.00662	0.00581
13	0.03905	0.10062	0.02052	0.01512	0.05141	0.01884	0.01212	0.44809	0.02435	0.13200	0.01543	0.01567	0.01111	0.00765	0.00714	0.00195	0.05720	0.00559	0.00583	0.01032
14	0.01436	0.06696	0.06987	0.18038	0.27894	0.03204	0.14631	0.01839	0.01412	0.01906	0.01418	0.08946	0.01269	0.00729	0.00664	0.00205	0.00825	0.00708	0.00336	0.00859
15	0.00923	0.00692	0.01038	0.01038	0.01154	0.00808	0.00808	0.01154	0.01038	0.01500	0.01731	0.02538	0.01615	0.04846	0.74732	0.01038	0.01731	0.00692	0.00346	0.00577
16	0.01574	0.01728	0.10232	0.07099	0.32109	0.01613	0.13437	0.08224	0.03722	0.02194	0.01271	0.01631	0.01018	0.00773	0.02724	0.00231	0.08528	0.00604	0.00351	0.00936
17	0.01398	0.12827	0.45882	0.01970	0.12143	0.03340	0.01991	0.01950	0.01361	0.01931	0.01253	0.05670	0.01047	0.00703	0.00663	0.00200	0.03911	0.00553	0.00300	0.00908
18	0.00938	0.00634	0.00745	0.00745	0.00758	0.00648	0.00441	0.00965	0.00951	0.01282	0.01999	0.04026	0.02261	0.68625	0.11836	0.00676	0.00759	0.00910	0.00386	0.00414
19	0.00809	0.00660	0.00721	0.00737	0.00933	0.00572	0.00565	0.01000	0.01502	0.01851	0.13179	0.09278	0.55725	0.01635	0.00779	0.00227	0.00354	0.08305	0.00611	0.00556
20	0.01378	0.01206	0.01531	0.01405	0.12207	0.00962	0.00947	0.01680	0.01359	0.02106	0.01158	0.01378	0.00967	0.00493	0.00503	0.00110	0.00522	0.00412	0.00373	0.69303
21	0.00924	0.00688	0.01018	0.01018	0.01127	0.00797	0.00783	0.01141	0.01032	0.01485	0.01749	0.02640	0.01659	0.09203	0.70435	0.01014	0.01664	0.00707	0.00349	0.00566
22	0.01204	0.00602	0.00602	0.00602	0.00753	0.00602	0.00452	0.01506	0.01355	0.02409	0.02108	0.02409	0.01656	0.00753	0.00452	0.00151	0.00301	0.00602	0.80879	0.00602
23	0.01285	0.01220	0.05330	0.01640	0.15141	0.01172	0.01101	0.02134	0.26307	0.02354	0.18856	0.08987	0.09634	0.01070	0.00699	0.00213	0.00509	0.00935	0.00574	0.00840
24	0.04732	0.32771	0.42973	0.01509	0.02282	0.01918	0.01810	0.01996	0.01333	0.01872	0.01045	0.01221	0.00818	0.00589	0.00526	0.00178	0.00832	0.00420	0.00279	0.00895
25	0.02456	0.01810	0.01939	0.01487	0.02004	0.02004	0.01228	0.71107	0.03038	0.04072	0.01551	0.01551	0.01099	0.00776	0.00646	0.00194	0.00711	0.00582	0.00646	0.01099
26	0.00935	0.00637	0.00756	0.00751	0.00779	0.00644	0.00458	0.00991	0.01042	0.01417	0.09320	0.04112	0.02659	0.61815	0.10559	0.00626	0.00710	0.00937	0.00420	0.00434
27	0.00898	0.00660	0.00841	0.00795	0.00955	0.00603	0.00597	0.01187	0.01790	0.02497	0.65571	0.04981	0.13505	0.01356	0.00762	0.00205	0.00307	0.01190	0.00699	0.00603
28	0.06320	0.21658	0.04111	0.01453	0.01889	0.25706	0.04240	0.09142	0.04258	0.08542	0.01231	0.01351	0.00970	0.00688	0.00656	0.00180	0.05879	0.00470	0.00402	0.00852
29	0.04268	0.01749	0.16000	0.10294	0.39477	0.01423	0.04972	0.01892	0.01403	0.03437	0.01391	0.06670	0.01210	0.02212	0.00698	0.00212	0.00785	0.00651	0.00340	0.00917
30	0.01315	0.01221	0.01973	0.57157	0.11816	0.01474	0.01721	0.04835	0.01380	0.01811	0.01345	0.01840	0.03416	0.00708	0.00738	0.00216	0.05351	0.00602	0.00318	0.00763
31	0.01928	0.45275	0.02698	0.05550	0.01915	0.23854	0.01178	0.05756	0.01558	0.01702	0.01006	0.01174	0.00866	0.00608	0.00491	0.00154	0.00833	0.00398	0.02247	0.00808
32	0.01476	0.03037	0.11033	0.01450	0.08262	0.01211	0.02440	0.09682	0.06250	0.02288	0.01412	0.03582	0.01193	0.05054	0.00717	0.00176	0.00617	0.00535	0.00414	0.39170

[dist]
# distance from previous block
# <min> <max>
0	2

[block]
# block no. 3 follows, 34 sequences, length 29
# corresponding to MSA columns:
# 108-136
name=unknown_D
#
# <colnr> <probs for GDERKNQSTAVLIFYWHMCP>
#	G	D	E	R	K	N	Q	S	T	A	V	L	I	F	Y	W	H	M	C	P
0	0.04250	0.25649	0.04784	0.01402	0.03230	0.14209	0.01188	0.09814	0.19072	0.02182	0.01492	0.01660	0.01217	0.00742	0.00641	0.00186	0.04676	0.02289	0.00433	0.00885
1	0.31970	0.02086	0.03590	0.09078	0.05288	0.32277	0.01170	0.02159	0.01449	0.02119	0.00987	0.01212	0.00795	0.00646	0.00566	0.00189	0.02905	0.00421	0.00350	0.00745
2	0.01404	0.01306	0.01934	0.23617	0.29102	0.04997	0.01557	0.01858	0.07239	0.01949	0.05159	0.05183	0.01625	0.00882	0.00758	0.03936	0.00733	0.05557	0.00387	0.00817
3	0.01340	0.01148	0.01340	0.00957	0.01531	0.00861	0.00766	0.01627	0.01340	0.02105	0.01148	0.01340	0.00957	0.00479	0.00479	0.00096	0.00479	0.00383	0.00383	0.81242
4	0.01469	0.01324	0.05048	0.02866	0.05514	0.01343	0.01055	0.11163	0.33876	0.02630	0.13120	0.07669	0.08091	0.01030	0.00687	0.00214	0.00526	0.00874	0.00610	0.00892
5	0.01303	0.02101	0.35278	0.01688	0.06825	0.01212	0.07077	0.03700	0.01489	0.05670	0.06069	0.08656	0.11128	0.00960	0.00687	0.00215	0.00745	0.03929	0.00425	0.00840
6	0.07296	0.01108	0.01469	0.01133	0.01627	0.00978	0.00936	0.03079	0.01808	0.69766	0.02457	0.02135	0.01549	0.00789	0.00636	0.00200	0.00547	0.00633	0.00777	0.01077
7	0.78205	0.01275	0.00995	0.00879	0.01284	0.01475	0.00724	0.05082	0.01189	0.02953	0.00930	0.01073	0.00718	0.00608	0.00411	0.00200	0.00510	0.00361	0.00411	0.00718
8	0.00787	0.00562	0.00750	0.00900	0.00937	0.00525	0.00600	0.00900	0.01237	0.01649	0.03561	0.76871	0.04274	0.02024	0.00825	0.00262	0.00375	0.01837	0.00600	0.00525
9	0.01258	0.01172	0.01892	0.68529	0.04182	0.01452	0.01720	0.01824	0.08152	0.01753	0.01292	0.01789	0.00969	0.00668	0.00647	0.00216	0.00827	0.00589	0.00323	0.00747
10	0.00879	0.00659	0.00814	0.00775	0.00943	0.00594	0.00581	0.01150	0.01744	0.02390	0.57157	0.05157	0.21986	0.01396	0.00762	0.00207	0.00310	0.01215	0.00685	0.00594
11	0.73607	0.01300	0.01244	0.01042	0.01468	0.01468	0.07910	0.01917	0.01143	0.02814	0.00942	0.01121	0.00729	0.00594	0.00437	0.00202	0.00560	0.00392	0.00392	0.00717
12	0.00940	0.00626	0.00705	0.00705	0.00705	0.00626	0.00392	0.00940	0.00940	0.01253	0.02036	0.04228	0.02349	0.77292	0.03289	0.00626	0.00626	0.00940	0.00392	0.00392
13	0.01408	0.01439	0.02727	0.24638	0.20213	0.01508	0.27049	0.01840	0.01404	0.01910	0.01337	0.05664	0.01124	0.00686	0.00761	0.00216	0.04205	0.00710	0.00326	0.00836
14	0.01761	0.01963	0.05027	0.02385	0.05608	0.12294	0.43909	0.10742	0.01724	0.02223	0.01261	0.01602	0.00964	0.00625	0.00785	0.00209	0.05007	0.00664	0.00364	0.00882
15	0.00924	0.00689	0.01024	0.01024	0.01135	0.00800	0.00790	0.01145	0.01034	0.01489	0.01744	0.02610	0.01646	0.07920	0.71701	0.01021	0.01684	0.00703	0.00348	0.00569
16	0.01727	0.77681	0.03386	0.01106	0.01658	0.02557	0.01106	0.01935	0.01313	0.01520	0.00898	0.01036	0.00829	0.00553	0.00415	0.00138	0.00691	0.00345	0.00276	0.00829
17	0.01328	0.08871	0.68697	0.01787	0.02712	0.01579	0.02292	0.02038	0.01360	0.02007	0.01140	0.01340	0.00819	0.00609	0.00599	0.00200	0.00935	0.00468	0.00273	0.00946
18	0.01576	0.01657	0.10382	0.09589	0.28803	0.01530	0.05257	0.08921	0.16171	0.02393	0.03720	0.01877	0.01357	0.00695	0.00646	0.00202	0.00728	0.00625	0.02911	0.00960
19	0.00922	0.00627	0.00741	0.00753	0.00773	0.00629	0.00453	0.00966	0.01022	0.01379	0.05870	0.11177	0.02679	0.60860	0.08011	0.00598	0.00664	0.01021	0.00425	0.00429
20	0.01269	0.03484	0.04975	0.01019	0.01301	0.05370	0.00833	0.04791	0.11025	0.05879	0.27068	0.10803	0.17160	0.01239	0.00714	0.00209	0.00472	0.01052	0.00614	0.00724
21	0.01204	0.00602	0.00602	0.00602	0.00753	0.00602	0.00452	0.01506	0.01355	0.02409	0.02108	0.02409	0.01656	0.00753	0.00452	0.00151	0.00301	0.00602	0.80879	0.00602
22	0.01732	0.08733	0.11515	0.10592	0.24028	0.22376	0.05602	0.02092	0.01522	0.01834	0.01188	0.03684	0.01004	0.00654	0.00614	0.00188	0.00915	0.00546	0.00319	0.00862
23	0.00873	0.00659	0.00807	0.00770	0.00940	0.00592	0.00577	0.01140	0.01732	0.02361	0.54855	0.05205	0.24306	0.01407	0.00763	0.00207	0.00311	0.01222	0.00681	0.00592
24	0.01695	0.08981	0.12781	0.03790	0.07375	0.07262	0.15555	0.10463	0.13740	0.04338	0.03544	0.04665	0.01400	0.00739	0.00650	0.00201	0.00802	0.00660	0.00442	0.00916
25	0.01204	0.00602	0.00602	0.00602	0.00753	0.00602	0.00452	0.01506	0.01355	0.02409	0.02108	0.02409	0.01656	0.00753	0.00452	0.00151	0.00301	0.00602	0.80879	0.00602
26	0.01516	0.07466	0.10527	0.05433	0.20340	0.04108	0.10862	0.07359	0.07996	0.02207	0.05685	0.02348	0.08072	0.00791	0.00661	0.00201	0.00748	0.02373	0.00421	0.00886
27	0.01554	0.23505	0.22170	0.05776	0.12627	0.03665	0.10520	0.03821	0.03014	0.01949	0.01151	0.01394	0.00914	0.00589	0.00576	0.00180	0.00831	0.00498	0.00314	0.04951
28	0.01426	0.11843	0.07826	0.04855	0.14124	0.07028	0.02950	0.01869	0.08285	0.04100	0.07856	0.15067	0.04031	0.03121	0.00733	0.00217	0.00659	0.02762	0.00454	0.00794

[dist]
# distance from previous block
# <min> <max>
2	9

[block]
# block no. 4 follows, 34 sequences, length 30
# corresponding to MSA columns:
# 146-175
name=unknown_E
#
# <colnr> <probs for GDERKNQSTAVLIFYWHMCP>
#	G	D	E	R	K	N	Q	S	T	A	V	L	I	F	Y	W	H	M	C	P
0	0.01583	0.02857	0.04340	0.05732	0.12931	0.10932	0.08144	0.06758	0.09385	0.03366	0.15359	0.02321	0.03206	0.00863	0.00834	0.00208	0.09173	0.00711	0.00462	0.00834
1	0.01011	0.00770	0.01140	0.05317	0.08102	0.00845	0.00867	0.01205	0.01094	0.01550	0.01831	0.08132	0.01829	0.16589	0.41220	0.03132	0.01220	0.00796	0.02767	0.00583
2	0.01492	0.01270	0.01391	0.07079	0.04783	0.05474	0.01012	0.16174	0.17035	0.02527	0.10472	0.05247	0.17504	0.01101	0.00700	0.00213	0.00568	0.04559	0.00582	0.00817
3	0.00887	0.00659	0.00825	0.00784	0.00948	0.00598	0.00588	0.01165	0.01763	0.02435	0.60642	0.05084	0.18473	0.01379	0.00762	0.00206	0.00309	0.01205	0.00691	0.00598
4	0.01112	0.01333	0.14748	0.03154	0.05172	0.00968	0.03391	0.04245	0.05127	0.02315	0.31915	0.03873	0.17806	0.01130	0.00716	0.00207	0.00520	0.00976	0.00558	0.00733
5	0.02825	0.01116	0.01497	0.01159	0.01651	0.00988	0.00954	0.03165	0.05895	0.69620	0.02554	0.02211	0.01621	0.00804	0.00650	0.00201	0.00548	0.00654	0.00792	0.01095
6	0.01613	0.22495	0.42476	0.01619	0.02356	0.15217	0.01847	0.02116	0.01437	0.01825	0.01063	0.01243	0.00824	0.00608	0.00557	0.00180	0.00925	0.00432	0.00285	0.00885
7	0.02268	0.01673	0.01787	0.01402	0.01875	0.01856	0.01148	0.58308	0.10767	0.03794	0.01715	0.01712	0.01239	0.00785	0.00633	0.00194	0.00658	0.00600	0.06531	0.01054
8	0.00939	0.00711	0.00899	0.01015	0.06246	0.00641	0.00671	0.01138	0.01499	0.04470	0.19444	0.24441	0.32369	0.01566	0.00767	0.00224	0.00375	0.01366	0.00610	0.00608
9	0.02257	0.01782	0.07093	0.01451	0.01971	0.01800	0.01251	0.47679	0.15304	0.09945	0.01808	0.01751	0.01281	0.00784	0.00646	0.00200	0.00678	0.00607	0.00635	0.01075
10	0.01464	0.07166	0.05580	0.01665	0.01801	0.05856	0.04105	0.01662	0.01100	0.01595	0.00938	0.01440	0.00889	0.01204	0.05477	0.00298	0.56189	0.00551	0.00289	0.00730
11	0.02076	0.04943	0.01980	0.01630	0.01963	0.35122	0.04746	0.13243	0.10990	0.02137	0.01284	0.01455	0.01033	0.00780	0.00868	0.00199	0.13772	0.00524	0.00414	0.00841
12	0.00786	0.00567	0.00745	0.00887	0.00934	0.00526	0.00594	0.00901	0.01249	0.01654	0.03713	0.73279	0.07767	0.02005	0.00822	0.00260	0.00372	0.01813	0.00600	0.00526
13	0.00939	0.00628	0.00715	0.00715	0.00718	0.00632	0.00404	0.00946	0.00943	0.01260	0.02027	0.04177	0.02327	0.75108	0.05443	0.00639	0.00660	0.00932	0.00390	0.00397
14	0.01515	0.11318	0.13113	0.05479	0.09823	0.09206	0.07350	0.01892	0.03396	0.01764	0.01149	0.01537	0.00979	0.01158	0.08274	0.00295	0.20089	0.00545	0.00311	0.00809
15	0.09654	0.03659	0.04896	0.01185	0.04991	0.01111	0.00899	0.04628	0.14571	0.09597	0.10699	0.14165	0.06815	0.09156	0.00941	0.00257	0.00519	0.00925	0.00562	0.00771
16	0.00815	0.00570	0.00741	0.00872	0.00909	0.00537	0.00575	0.00924	0.01213	0.01638	0.03370	0.67600	0.04006	0.08981	0.01041	0.00292	0.00396	0.01712	0.03292	0.00515
17	0.01580	0.01418	0.01883	0.07083	0.05872	0.07496	0.10401	0.16936	0.01669	0.02246	0.01521	0.01941	0.02400	0.01893	0.21369	0.00438	0.08131	0.00634	0.04298	0.00793
18	0.13944	0.01409	0.01434	0.01218	0.01611	0.01593	0.00973	0.23542	0.32591	0.03116	0.01983	0.01944	0.01480	0.00790	0.00592	0.00201	0.00547	0.00614	0.09465	0.00951
19	0.01578	0.01682	0.08447	0.10669	0.37317	0.01597	0.12399	0.07088	0.05099	0.02198	0.01296	0.01643	0.01028	0.00638	0.00730	0.00205	0.04477	0.00604	0.00353	0.00953
20	0.01122	0.00561	0.00842	0.00842	0.00842	0.00561	0.00561	0.00842	0.00842	0.01122	0.01122	0.01964	0.01122	0.02245	0.02525	0.81201	0.00561	0.00561	0.00281	0.00281
21	0.01345	0.05248	0.01363	0.06583	0.01630	0.01303	0.00930	0.04015	0.37897	0.02318	0.06232	0.12488	0.11793	0.01107	0.00679	0.00217	0.00495	0.00939	0.02584	0.00834
22	0.00774	0.00652	0.00673	0.00686	0.00892	0.00551	0.00515	0.00940	0.01460	0.01747	0.06278	0.10119	0.66926	0.01663	0.00771	0.00223	0.00339	0.03645	0.00600	0.00546
23	0.01522	0.01377	0.03891	0.09374	0.14869	0.03546	0.04008	0.12634	0.14635	0.02479	0.11208	0.05488	0.02272	0.00962	0.00699	0.00217	0.00657	0.08776	0.00521	0.00866
24	0.01573	0.01242	0.01619	0.01224	0.03361	0.01028	0.06487	0.05615	0.03299	0.08904	0.01353	0.01497	0.01054	0.00542	0.00535	0.00126	0.00554	0.00462	0.00437	0.59089
25	0.01424	0.01419	0.01830	0.01594	0.01622	0.06003	0.01309	0.01574	0.01071	0.01605	0.01076	0.05795	0.01085	0.01137	0.01873	0.00268	0.63627	0.00632	0.04361	0.00693
26	0.01378	0.01135	0.01362	0.05282	0.01683	0.00925	0.00837	0.01756	0.05193	0.04527	0.04888	0.01624	0.01286	0.00563	0.00518	0.00118	0.00496	0.00461	0.00423	0.65545
27	0.06483	0.03719	0.08833	0.20723	0.04181	0.13419	0.03740	0.08588	0.13693	0.02173	0.01446	0.03485	0.01146	0.00748	0.00702	0.00207	0.04881	0.00585	0.00406	0.00842
28	0.01443	0.01496	0.01903	0.54381	0.07781	0.14679	0.01646	0.01816	0.01427	0.01712	0.04773	0.01772	0.01131	0.00680	0.00640	0.00205	0.00883	0.00576	0.00319	0.00736
29	0.04529	0.01229	0.01617	0.03204	0.16115	0.01148	0.01089	0.03798	0.04170	0.02126	0.01382	0.01650	0.02819	0.00917	0.06069	0.00212	0.04938	0.00502	0.00384	0.42101

[dist]
# distance from previous block
# <min> <max>
0	2

[block]
# block no. 5 follows, 34 sequences, length 46
# corresponding to MSA columns:
# 178-223
name=unknown_F
#
# <colnr> <probs for GDERKNQSTAVLIFYWHMCP>
#	G	D	E	R	K	N	Q	S	T	A	V	L	I	F	Y	W	H	M	C	P
0	0.02097	0.01132	0.01463	0.01182	0.01568	0.01109	0.03726	0.14966	0.03205	0.32601	0.07632	0.02862	0.07467	0.03114	0.02658	0.00238	0.02449	0.03935	0.05684	0.00914
1	0.02013	0.01519	0.01632	0.01347	0.01779	0.01689	0.01081	0.33172	0.33853	0.07364	0.02353	0.02217	0.05269	0.00867	0.00658	0.00207	0.00592	0.00693	0.00658	0.01036
2	0.01524	0.05088	0.20882	0.04027	0.06368	0.06578	0.23520	0.02094	0.05429	0.05142	0.04691	0.02285	0.01487	0.00756	0.00690	0.00212	0.00884	0.07086	0.00391	0.00867
3	0.01156	0.00716	0.00922	0.00852	0.01053	0.00647	0.00651	0.01428	0.01754	0.11829	0.50629	0.07622	0.13697	0.01333	0.00754	0.00210	0.00351	0.03033	0.00701	0.00663
4	0.01295	0.05121	0.62882	0.03968	0.05800	0.01480	0.02219	0.01978	0.01382	0.02032	0.03407	0.01594	0.02714	0.00657	0.00618	0.00203	0.00902	0.00523	0.00296	0.00928
5	0.00787	0.00562	0.00750	0.00900	0.00937	0.00525	0.00600	0.00900	0.01237	0.01649	0.03561	0.76871	0.04274	0.02024	0.00825	0.00262	0.00375	0.01837	0.00600	0.00525
6	0.01199	0.00971	0.03952	0.01004	0.01221	0.00934	0.00797	0.07797	0.08872	0.04133	0.09381	0.24706	0.15133	0.01360	0.00797	0.00222	0.05173	0.01148	0.10507	0.00694
7	0.00786	0.00566	0.00746	0.00889	0.00934	0.00526	0.00595	0.00901	0.01247	0.01654	0.03690	0.73815	0.07246	0.02008	0.00822	0.00260	0.00373	0.01816	0.00600	0.00526
8	0.01535	0.01537	0.06043	0.30789	0.22169	0.03991	0.06554	0.11319	0.01615	0.02155	0.01354	0.05548	0.01120	0.00709	0.00658	0.00207	0.00821	0.00644	0.00365	0.00867
9	0.00930	0.00634	0.00761	0.00768	0.00788	0.00651	0.00469	0.00972	0.00970	0.01311	0.02058	0.07354	0.02320	0.62020	0.14760	0.00676	0.00794	0.00942	0.00394	0.00428
10	0.01523	0.01687	0.06858	0.07830	0.34525	0.01582	0.29760	0.01986	0.01460	0.02043	0.01233	0.01646	0.00979	0.00588	0.00738	0.00208	0.03465	0.00645	0.00317	0.00928
11	0.00945	0.00633	0.00723	0.00731	0.00739	0.00633	0.00426	0.00961	0.00969	0.01289	0.02110	0.04392	0.02422	0.73247	0.03160	0.00609	0.00625	0.04581	0.00402	0.00402
12	0.01523	0.01503	0.02329	0.21631	0.43312	0.05380	0.01826	0.01877	0.01385	0.01898	0.01142	0.01585	0.00951	0.00667	0.00823	0.00208	0.10193	0.00566	0.00308	0.00893
13	0.02370	0.01752	0.01901	0.03804	0.02040	0.01943	0.01220	0.66730	0.02917	0.03908	0.01554	0.01640	0.01130	0.03156	0.00729	0.00208	0.00713	0.00593	0.00627	0.01065
14	0.01675	0.01232	0.01830	0.25831	0.11244	0.01310	0.04402	0.12911	0.01708	0.13151	0.05068	0.10211	0.01664	0.00855	0.00669	0.00207	0.00693	0.00755	0.00487	0.04097
15	0.00784	0.00575	0.00737	0.00866	0.00928	0.00528	0.00585	0.00904	0.01270	0.01663	0.03975	0.67080	0.13797	0.01971	0.00816	0.00256	0.00368	0.01771	0.00600	0.00528
16	0.00923	0.00692	0.01038	0.01038	0.01154	0.00808	0.00808	0.01154	0.01038	0.01500	0.01731	0.02538	0.01615	0.04846	0.74732	0.01038	0.01731	0.00692	0.00346	0.00577
17	0.02321	0.05864	0.02015	0.01685	0.02061	0.60521	0.06100	0.04298	0.03554	0.04146	0.01123	0.01276	0.00903	0.00665	0.00594	0.00172	0.01092	0.00457	0.00362	0.00788
18	0.05892	0.01887	0.01799	0.04447	0.02009	0.15344	0.01188	0.40899	0.05849	0.11933	0.01578	0.01585	0.01126	0.00750	0.00625	0.00192	0.00763	0.00556	0.00582	0.00997
19	0.00890	0.00649	0.00837	0.00812	0.00956	0.00596	0.00600	0.01164	0.01739	0.02429	0.60739	0.12877	0.10454	0.01420	0.00769	0.00211	0.00314	0.01256	0.00691	0.00596
20	0.02606	0.01569	0.01790	0.01372	0.01883	0.01646	0.01134	0.48043	0.02635	0.27706	0.01890	0.01771	0.01269	0.00784	0.00648	0.00196	0.00656	0.00605	0.00698	0.01099
21	0.08618	0.01543	0.01707	0.01373	0.01816	0.01683	0.02568	0.47893	0.05090	0.07288	0.01865	0.07519	0.01540	0.00924	0.00660	0.00208	0.00653	0.05449	0.00621	0.00982
22	0.00770	0.00629	0.00681	0.00723	0.00891	0.00540	0.00522	0.00920	0.01407	0.01718	0.05707	0.26069	0.53690	0.01745	0.00781	0.00231	0.00341	0.01497	0.00600	0.00540
23	0.00940	0.00626	0.00705	0.00705	0.00705	0.00626	0.00392	0.00940	0.00940	0.01253	0.02036	0.04228	0.02349	0.77292	0.03289	0.00626	0.00626	0.00940	0.00392	0.00392
24	0.25738	0.01143	0.01340	0.01063	0.01534	0.01094	0.00877	0.02787	0.01632	0.53227	0.02072	0.01867	0.01339	0.00742	0.00577	0.00200	0.00535	0.00563	0.00684	0.00984
25	0.01616	0.05122	0.02495	0.14147	0.42132	0.04609	0.06603	0.05712	0.04620	0.02100	0.01255	0.01610	0.01018	0.00631	0.00692	0.00198	0.03580	0.00578	0.00345	0.00939
26	0.05677	0.01786	0.01915	0.05015	0.10742	0.08224	0.01300	0.42848	0.10469	0.03300	0.01539	0.01607	0.01138	0.00740	0.00630	0.00195	0.00732	0.00573	0.00554	0.01016
27	0.01358	0.00752	0.01002	0.00918	0.01135	0.00682	0.00705	0.01625	0.01741	0.18741	0.44664	0.13804	0.04723	0.01314	0.00750	0.00214	0.00383	0.04068	0.00712	0.00710
28	0.01647	0.01299	0.01405	0.01257	0.01617	0.01456	0.00989	0.05867	0.55561	0.07823	0.02896	0.02881	0.06970	0.00967	0.00676	0.00221	0.00514	0.04318	0.00660	0.00976
29	0.01593	0.02541	0.36841	0.01989	0.05845	0.05420	0.14681	0.11062	0.09367	0.02360	0.01392	0.01573	0.01020	0.00651	0.00650	0.00205	0.00903	0.00572	0.00378	0.00958
30	0.00885	0.00677	0.00872	0.00943	0.01022	0.00683	0.00666	0.01119	0.05015	0.01837	0.13306	0.53830	0.08474	0.01787	0.00883	0.00250	0.04999	0.01578	0.00599	0.00575
31	0.01402	0.00772	0.01000	0.00879	0.01128	0.00689	0.00682	0.01676	0.01791	0.20624	0.46838	0.04327	0.13151	0.01227	0.00734	0.00204	0.00370	0.01060	0.00720	0.00727
32	0.00972	0.00702	0.00957	0.01096	0.01227	0.00687	0.00916	0.01224	0.01437	0.01865	0.03667	0.20838	0.08674	0.01821	0.00870	0.00285	0.00533	0.51053	0.00596	0.00578
33	0.05593	0.16002	0.02451	0.02605	0.36024	0.16830	0.01543	0.02124	0.01495	0.04831	0.01136	0.01396	0.00949	0.00623	0.00635	0.00181	0.03848	0.00492	0.00336	0.00906
34	0.02666	0.01220	0.01548	0.01198	0.01677	0.01150	0.00985	0.17436	0.02100	0.53956	0.07261	0.02246	0.01808	0.00831	0.00657	0.00199	0.00567	0.00672	0.00761	0.01065
35	0.00940	0.00626	0.00705	0.00705	0.00705	0.00626	0.00392	0.00940	0.00940	0.01253	0.02036	0.04228	0.02349	0.77292	0.03289	0.00626	0.00626	0.00940	0.00392	0.00392
36	0.01705	0.16434	0.38443	0.01553	0.02235	0.01642	0.01756	0.02187	0.01408	0.15999	0.01349	0.01474	0.00978	0.00698	0.00756	0.00200	0.09378	0.00497	0.00378	0.00932
37	0.01554	0.01459	0.02408	0.18933	0.53201	0.01536	0.01877	0.04764	0.04100	0.02115	0.01267	0.01653	0.01027	0.00610	0.00642	0.00198	0.00776	0.00581	0.00339	0.00962
38	0.01220	0.01148	0.01938	0.75739	0.04450	0.01436	0.01794	0.01651	0.01292	0.01651	0.01148	0.01723	0.00861	0.00646	0.00646	0.00215	0.00861	0.00574	0.00287	0.00718
39	0.01418	0.00814	0.00994	0.00870	0.01146	0.00729	0.00679	0.04453	0.01761	0.20009	0.29786	0.04518	0.27714	0.01277	0.00730	0.00207	0.00390	0.01083	0.00692	0.00729
40	0.00933	0.00760	0.03535	0.00884	0.00974	0.00721	0.00640	0.01067	0.01118	0.01536	0.08497	0.12655	0.05738	0.36041	0.19484	0.00600	0.02872	0.01002	0.00436	0.00507
41	0.01548	0.07694	0.16060	0.02004	0.02539	0.08360	0.28328	0.04049	0.03670	0.01971	0.01376	0.04965	0.01172	0.00763	0.00864	0.00217	0.10420	0.02812	0.00348	0.00840
42	0.00933	0.00725	0.01058	0.04914	0.01317	0.00701	0.05597	0.02568	0.01382	0.01865	0.09668	0.49090	0.08563	0.01668	0.00783	0.00243	0.00452	0.03794	0.04094	0.00586
43	0.05128	0.01392	0.05139	0.24423	0.26754	0.04319	0.04177	0.01758	0.01447	0.02005	0.08295	0.02414	0.04478	0.00786	0.00663	0.00208	0.00748	0.04676	0.00377	0.00814
44	0.01372	0.01289	0.02099	0.36865	0.23485	0.01458	0.04503	0.04943	0.01429	0.01915	0.01652	0.02059	0.07343	0.00750	0.00763	0.00213	0.06054	0.00652	0.00342	0.00813
45	0.07192	0.04783	0.08266	0.05185	0.15756	0.03728	0.13085	0.01731	0.01436	0.04686	0.06936	0.16524	0.04660	0.00982	0.00683	0.00213	0.00698	0.02231	0.00435	0.00789

[dist]
# distance from previous block
# <min> <max>
0	18

# created by:
# /home/berkeley/.conda/envs/busco_data_prod/bin/msa2prfl.pl pipeline/OGs_align_augustus/4893/27174.fs
