[name]
unknown

[dist]
# distance from previous block
# <min> <max>
12	36

[block]
# block no. 0 follows, 32 sequences, length 8
# corresponding to MSA columns:
# 40-47
name=unknown_A
#
# <colnr> <probs for GDERKNQSTAVLIFYWHMCP>
#	G	D	E	R	K	N	Q	S	T	A	V	L	I	F	Y	W	H	M	C	P
0	0.06918	0.01372	0.01586	0.10638	0.04427	0.08843	0.05477	0.08312	0.06590	0.06067	0.04428	0.10696	0.04622	0.04828	0.00801	0.00227	0.00676	0.00803	0.05613	0.07077
1	0.01478	0.01231	0.01526	0.12018	0.01986	0.08298	0.06269	0.01854	0.06610	0.07401	0.07601	0.06821	0.03797	0.06194	0.07020	0.04611	0.00772	0.00775	0.04170	0.09568
2	0.11545	0.01269	0.01466	0.06888	0.01815	0.05597	0.04671	0.10658	0.04010	0.07682	0.06131	0.08616	0.09190	0.01209	0.03159	0.00247	0.00669	0.07885	0.00543	0.06752
3	0.10797	0.01314	0.01605	0.17091	0.02243	0.08825	0.05852	0.02002	0.01493	0.16302	0.04317	0.09993	0.04703	0.06932	0.00942	0.00254	0.03256	0.00803	0.00498	0.00779
4	0.07616	0.00969	0.01200	0.06416	0.01539	0.00994	0.03376	0.01835	0.14165	0.07409	0.16625	0.09330	0.19020	0.01291	0.00828	0.04533	0.00488	0.01030	0.00603	0.00733
5	0.01200	0.01120	0.01824	0.64311	0.04095	0.01360	0.01672	0.01608	0.01368	0.01728	0.01986	0.02450	0.10956	0.00816	0.00688	0.00224	0.00816	0.00712	0.00344	0.00720
6	0.09705	0.01538	0.01645	0.01628	0.09712	0.09768	0.02856	0.16262	0.11243	0.02539	0.01763	0.05084	0.01555	0.09327	0.03523	0.02407	0.03183	0.02595	0.02820	0.00844
7	0.00893	0.00646	0.00725	0.00755	0.00828	0.00606	0.00477	0.00964	0.01196	0.01528	0.03779	0.18492	0.23099	0.40607	0.02168	0.00456	0.00511	0.01280	0.00511	0.00479

[dist]
# distance from previous block
# <min> <max>
1	3

[block]
# block no. 1 follows, 32 sequences, length 37
# corresponding to MSA columns:
# 51-87
name=unknown_B
#
# <colnr> <probs for GDERKNQSTAVLIFYWHMCP>
#	G	D	E	R	K	N	Q	S	T	A	V	L	I	F	Y	W	H	M	C	P
0	0.01625	0.15186	0.31832	0.02530	0.27069	0.03858	0.02018	0.02138	0.01479	0.04494	0.01224	0.01469	0.00955	0.00621	0.00612	0.00195	0.00868	0.00513	0.00322	0.00993
1	0.01439	0.04007	0.13263	0.37845	0.08597	0.01475	0.06130	0.04240	0.01516	0.04889	0.06929	0.01961	0.01384	0.00713	0.00671	0.00212	0.00837	0.00633	0.00373	0.02885
2	0.09255	0.01186	0.01506	0.10146	0.09876	0.03680	0.04464	0.01927	0.11754	0.05279	0.09355	0.03581	0.19761	0.01080	0.00705	0.00222	0.00595	0.04302	0.00535	0.00791
3	0.01824	0.01179	0.01436	0.01047	0.01623	0.00919	0.00846	0.02112	0.01533	0.21046	0.01582	0.01630	0.01172	0.00586	0.00544	0.00128	0.00517	0.00472	0.00513	0.59290
4	0.34412	0.01579	0.01557	0.01245	0.01731	0.01751	0.01028	0.36568	0.02231	0.09780	0.01429	0.01459	0.01019	0.00734	0.00568	0.00204	0.00635	0.00513	0.00582	0.00973
5	0.01391	0.01193	0.01391	0.00994	0.01590	0.00894	0.00795	0.01690	0.01391	0.02186	0.01193	0.01391	0.00994	0.00497	0.00497	0.00099	0.00497	0.00398	0.00398	0.80521
6	0.01365	0.01170	0.01360	0.00980	0.01560	0.00880	0.00782	0.01657	0.01397	0.02170	0.01441	0.01616	0.04139	0.00550	0.00510	0.00105	0.00490	0.00443	0.00408	0.76977
7	0.01611	0.01584	0.04590	0.05163	0.47217	0.01474	0.06479	0.04221	0.01550	0.02240	0.01263	0.01612	0.01038	0.00586	0.00639	0.00182	0.00767	0.00569	0.00354	0.16861
8	0.00818	0.00584	0.00779	0.00934	0.00973	0.00545	0.00623	0.00934	0.01285	0.01713	0.03698	0.75981	0.04438	0.02102	0.00856	0.00273	0.00389	0.01908	0.00623	0.00545
9	0.01617	0.01245	0.01516	0.01225	0.05804	0.01003	0.00912	0.05226	0.01536	0.08949	0.01355	0.01502	0.01068	0.00550	0.00532	0.00121	0.00534	0.00446	0.00448	0.64412
10	0.01508	0.04691	0.02472	0.32442	0.41965	0.01599	0.01941	0.01918	0.01446	0.01973	0.01220	0.01687	0.00986	0.00626	0.00657	0.00207	0.00833	0.00587	0.00317	0.00926
11	0.01418	0.10150	0.59770	0.01872	0.04784	0.01669	0.02251	0.02205	0.05882	0.02120	0.01278	0.01462	0.00934	0.00648	0.00622	0.00207	0.00931	0.00503	0.00311	0.00986
12	0.01462	0.22516	0.54916	0.01714	0.02597	0.01843	0.02134	0.02095	0.01403	0.01983	0.01134	0.01328	0.00853	0.00621	0.00584	0.00195	0.00920	0.00460	0.00284	0.00958
13	0.01584	0.01810	0.03959	0.02828	0.03507	0.01697	0.69796	0.02149	0.01584	0.02149	0.01357	0.01810	0.01018	0.00566	0.00792	0.00226	0.01131	0.00792	0.00339	0.00905
14	0.01380	0.07973	0.61857	0.01978	0.07261	0.01602	0.02313	0.02079	0.01417	0.02082	0.01263	0.03564	0.00968	0.00673	0.00632	0.00209	0.00944	0.00534	0.00297	0.00975
15	0.01346	0.03471	0.72942	0.01912	0.02904	0.01558	0.02479	0.02125	0.01417	0.02125	0.01204	0.01417	0.00850	0.00637	0.00637	0.00212	0.00992	0.00496	0.00283	0.00992
16	0.00976	0.00651	0.00732	0.00732	0.00732	0.00651	0.00407	0.00976	0.00976	0.01301	0.02114	0.04391	0.02439	0.76419	0.03415	0.00651	0.00651	0.00976	0.00407	0.00407
17	0.01346	0.03471	0.72942	0.01912	0.02904	0.01558	0.02479	0.02125	0.01417	0.02125	0.01204	0.01417	0.00850	0.00637	0.00637	0.00212	0.00992	0.00496	0.00283	0.00992
18	0.01356	0.01365	0.04305	0.56206	0.16206	0.01523	0.05933	0.01812	0.01390	0.01835	0.01215	0.01757	0.00930	0.00651	0.00676	0.00219	0.00894	0.00605	0.00306	0.00817
19	0.00818	0.00584	0.00779	0.00934	0.00973	0.00545	0.00623	0.00934	0.01285	0.01713	0.03698	0.75981	0.04438	0.02102	0.00856	0.00273	0.00389	0.01908	0.00623	0.00545
20	0.01584	0.01810	0.03959	0.02828	0.03507	0.01697	0.69796	0.02149	0.01584	0.02149	0.01357	0.01810	0.01018	0.00566	0.00792	0.00226	0.01131	0.00792	0.00339	0.00905
21	0.01530	0.01461	0.02488	0.27521	0.49849	0.01560	0.01994	0.01945	0.01466	0.02034	0.01239	0.01703	0.01007	0.00622	0.00666	0.00207	0.00829	0.00597	0.00321	0.00958
22	0.00875	0.00713	0.00789	0.00798	0.00992	0.00649	0.00590	0.01159	0.05622	0.01945	0.13383	0.16560	0.46367	0.01841	0.04391	0.00274	0.00428	0.01395	0.00627	0.00602
23	0.03010	0.01142	0.01557	0.01194	0.01713	0.00986	0.00986	0.03270	0.01920	0.72698	0.02647	0.02284	0.01661	0.00830	0.00675	0.00208	0.00571	0.00675	0.00830	0.01142
24	0.01951	0.02070	0.02483	0.01974	0.02417	0.22055	0.23237	0.13248	0.07894	0.02339	0.01570	0.04471	0.01316	0.00822	0.00818	0.00217	0.06212	0.03580	0.00443	0.00884
25	0.02518	0.01814	0.01958	0.01514	0.02040	0.01998	0.01247	0.62319	0.07447	0.07640	0.01736	0.01703	0.01226	0.00813	0.00672	0.00203	0.00716	0.00618	0.00680	0.01136
26	0.01526	0.01938	0.11417	0.02629	0.03317	0.01629	0.58964	0.02103	0.01581	0.02173	0.04815	0.01924	0.01261	0.00613	0.00775	0.00224	0.01076	0.00780	0.00353	0.00901
27	0.01856	0.14906	0.35932	0.01533	0.02255	0.05112	0.01718	0.02356	0.01585	0.19182	0.06036	0.01791	0.01401	0.00724	0.00620	0.00198	0.00811	0.00559	0.00449	0.00973
28	0.02654	0.01160	0.01494	0.01188	0.01666	0.01068	0.00968	0.03169	0.12935	0.56983	0.02927	0.02587	0.06234	0.00899	0.00684	0.00212	0.00550	0.00736	0.00794	0.01092
29	0.00793	0.00680	0.00680	0.00680	0.00906	0.00566	0.00510	0.00963	0.01529	0.01813	0.06797	0.06457	0.71961	0.01699	0.00793	0.00227	0.00340	0.01416	0.00623	0.00566
30	0.01740	0.51426	0.10299	0.09424	0.05793	0.07977	0.01421	0.02045	0.01417	0.01686	0.01014	0.01229	0.00874	0.00602	0.00504	0.00164	0.00808	0.00417	0.00295	0.00866
31	0.06994	0.02304	0.32100	0.01927	0.06662	0.01465	0.12576	0.05858	0.01644	0.19625	0.01590	0.01695	0.01095	0.00679	0.00660	0.00212	0.00856	0.00590	0.00458	0.01010
32	0.00984	0.00756	0.01127	0.01112	0.01226	0.00899	0.00870	0.01219	0.01076	0.01560	0.01752	0.02578	0.01638	0.04842	0.70220	0.01040	0.05428	0.00712	0.00356	0.00606
33	0.02506	0.03198	0.01901	0.01729	0.02074	0.73725	0.01296	0.02679	0.01901	0.01642	0.01037	0.01210	0.00864	0.00691	0.00605	0.00173	0.01210	0.00432	0.00346	0.00778
34	0.01880	0.01786	0.16712	0.23095	0.09570	0.03676	0.04710	0.04267	0.01630	0.21409	0.03622	0.01904	0.01277	0.00721	0.00671	0.00212	0.00816	0.00618	0.00471	0.00952
35	0.01635	0.02121	0.18808	0.10955	0.19423	0.05880	0.18137	0.08479	0.01663	0.02258	0.01352	0.03735	0.01076	0.00675	0.00692	0.00212	0.00940	0.00649	0.00360	0.00948
36	0.01107	0.00716	0.00843	0.00814	0.01003	0.00636	0.00590	0.01283	0.01530	0.10087	0.17216	0.15585	0.32239	0.11939	0.01151	0.00287	0.00413	0.01304	0.00638	0.00620

[dist]
# distance from previous block
# <min> <max>
2	11

[block]
# block no. 2 follows, 32 sequences, length 10
# corresponding to MSA columns:
# 99-108
name=unknown_C
#
# <colnr> <probs for GDERKNQSTAVLIFYWHMCP>
#	G	D	E	R	K	N	Q	S	T	A	V	L	I	F	Y	W	H	M	C	P
0	0.01653	0.01338	0.01451	0.01305	0.01640	0.01502	0.01007	0.15950	0.42413	0.02843	0.02726	0.18517	0.02398	0.01152	0.00719	0.00232	0.00540	0.00982	0.00667	0.00964
1	0.01474	0.01311	0.02087	0.11472	0.39902	0.01354	0.01626	0.06842	0.01581	0.02181	0.01922	0.16606	0.01911	0.01007	0.00722	0.00225	0.00712	0.05736	0.00431	0.00898
2	0.01346	0.03471	0.72942	0.01912	0.02904	0.01558	0.02479	0.02125	0.01417	0.02125	0.01204	0.01417	0.00850	0.00637	0.00637	0.00212	0.00992	0.00496	0.00283	0.00992
3	0.02640	0.01736	0.01925	0.01476	0.02009	0.01867	0.01219	0.56974	0.02914	0.17591	0.01813	0.01742	0.01243	0.00810	0.00672	0.00203	0.00706	0.00618	0.00702	0.01141
4	0.01194	0.00771	0.01145	0.01092	0.01267	0.00708	0.05858	0.01405	0.01519	0.11383	0.17569	0.45862	0.04206	0.01666	0.00814	0.00248	0.00454	0.01516	0.00653	0.00670
5	0.01950	0.02253	0.02176	0.16472	0.15285	0.35073	0.04431	0.02231	0.01608	0.01774	0.01103	0.01460	0.00914	0.00722	0.00826	0.00204	0.09838	0.00528	0.00328	0.00823
6	0.02331	0.01991	0.02138	0.02080	0.15759	0.11891	0.01438	0.44892	0.02585	0.03377	0.01436	0.01560	0.01078	0.00763	0.00718	0.00200	0.03579	0.00578	0.00546	0.01060
7	0.01884	0.01504	0.07605	0.01255	0.01811	0.01272	0.01087	0.09222	0.18432	0.16265	0.01888	0.01857	0.01380	0.00704	0.00605	0.00171	0.00585	0.00567	0.00568	0.31337
8	0.01044	0.00796	0.00898	0.00893	0.01076	0.00760	0.00656	0.09169	0.01614	0.02063	0.06940	0.25855	0.32103	0.08485	0.01041	0.00279	0.00442	0.04652	0.00613	0.00619
9	0.01050	0.00853	0.01231	0.01563	0.14953	0.00791	0.00924	0.01243	0.01345	0.01863	0.02926	0.52637	0.03371	0.01618	0.00776	0.00238	0.00482	0.01473	0.00539	0.10124

[dist]
# distance from previous block
# <min> <max>
0	1

[block]
# block no. 3 follows, 32 sequences, length 51
# corresponding to MSA columns:
# 110-160
name=unknown_D
#
# <colnr> <probs for GDERKNQSTAVLIFYWHMCP>
#	G	D	E	R	K	N	Q	S	T	A	V	L	I	F	Y	W	H	M	C	P
0	0.01681	0.01611	0.02765	0.06116	0.61786	0.01620	0.07212	0.05025	0.01597	0.02263	0.01283	0.01674	0.01058	0.00607	0.00675	0.00202	0.00823	0.00613	0.00346	0.01044
1	0.02339	0.06901	0.02067	0.01784	0.05589	0.48034	0.03862	0.07400	0.08352	0.05502	0.01332	0.01449	0.01049	0.00711	0.00620	0.00183	0.01030	0.00504	0.00420	0.00872
2	0.01705	0.60274	0.15630	0.01366	0.02018	0.02416	0.04833	0.02036	0.01384	0.01702	0.01001	0.01173	0.00867	0.00585	0.00485	0.00160	0.00786	0.00404	0.00289	0.00886
3	0.00819	0.00681	0.00715	0.00707	0.00922	0.00577	0.00530	0.01012	0.01590	0.01956	0.17418	0.06222	0.61251	0.01646	0.00793	0.00224	0.00336	0.01383	0.00642	0.00577
4	0.77159	0.01313	0.01074	0.01045	0.04866	0.01510	0.00794	0.01977	0.01161	0.02969	0.00951	0.01119	0.00744	0.00622	0.00428	0.00207	0.00533	0.00375	0.00411	0.00744
5	0.24841	0.01713	0.05315	0.05568	0.02061	0.04453	0.04174	0.29734	0.02125	0.11671	0.01465	0.01537	0.01041	0.00725	0.00600	0.00206	0.00713	0.00540	0.00550	0.00969
6	0.00965	0.00652	0.00729	0.00729	0.00742	0.00646	0.00412	0.00975	0.01007	0.01330	0.02381	0.04509	0.06399	0.72163	0.03266	0.00626	0.00633	0.01001	0.00419	0.00416
7	0.02492	0.01857	0.02016	0.01556	0.02063	0.02079	0.01286	0.66280	0.03039	0.04087	0.01571	0.01603	0.01127	0.00826	0.00754	0.00206	0.04785	0.00603	0.00651	0.01119
8	0.01391	0.01193	0.01391	0.00994	0.01590	0.00894	0.00795	0.01690	0.01391	0.02186	0.01193	0.01391	0.00994	0.00497	0.00497	0.00099	0.00497	0.00398	0.00398	0.80521
9	0.01370	0.07457	0.69169	0.01871	0.02840	0.01618	0.02407	0.02119	0.01414	0.02095	0.01189	0.01398	0.00851	0.00634	0.00626	0.00209	0.00977	0.00488	0.00284	0.00985
10	0.00974	0.00659	0.00777	0.00777	0.00792	0.00675	0.00462	0.01005	0.00989	0.01334	0.02073	0.04164	0.02341	0.67195	0.12505	0.00706	0.00799	0.00943	0.00400	0.00431
11	0.02056	0.01594	0.01830	0.05957	0.06621	0.01759	0.01268	0.41169	0.14140	0.03401	0.02187	0.02510	0.05338	0.00933	0.00700	0.00217	0.00685	0.05986	0.00622	0.01027
12	0.01658	0.01616	0.02639	0.09690	0.64455	0.04025	0.02018	0.02053	0.01526	0.02135	0.01249	0.01656	0.01043	0.00607	0.00663	0.00200	0.00819	0.00592	0.00330	0.01028
13	0.01669	0.01441	0.01517	0.01365	0.01745	0.01669	0.01062	0.03565	0.71021	0.02807	0.02731	0.02503	0.02048	0.00910	0.00683	0.00228	0.00531	0.00759	0.00683	0.01062
14	0.00799	0.00656	0.00705	0.00744	0.00923	0.00561	0.00538	0.00956	0.01468	0.01787	0.06014	0.24035	0.54890	0.01801	0.00809	0.00238	0.00352	0.01540	0.00623	0.00561
15	0.01391	0.01193	0.01391	0.00994	0.01590	0.00894	0.00795	0.01690	0.01391	0.02186	0.01193	0.01391	0.00994	0.00497	0.00497	0.00099	0.00497	0.00398	0.00398	0.80521
16	0.01346	0.03471	0.72942	0.01912	0.02904	0.01558	0.02479	0.02125	0.01417	0.02125	0.01204	0.01417	0.00850	0.00637	0.00637	0.00212	0.00992	0.00496	0.00283	0.00992
17	0.00976	0.00651	0.00732	0.00732	0.00732	0.00651	0.00407	0.00976	0.00976	0.01301	0.02114	0.04391	0.02439	0.76419	0.03415	0.00651	0.00651	0.00976	0.00407	0.00407
18	0.01397	0.03403	0.69936	0.01897	0.02869	0.01580	0.02428	0.05001	0.01490	0.02214	0.01221	0.01425	0.00862	0.00645	0.00639	0.00212	0.00981	0.00500	0.00300	0.00998
19	0.81159	0.01298	0.00986	0.00882	0.01298	0.01505	0.00727	0.01972	0.01142	0.03010	0.00934	0.01090	0.00727	0.00623	0.00415	0.00208	0.00519	0.00363	0.00415	0.00727
20	0.01814	0.64479	0.09352	0.01261	0.01853	0.08390	0.01275	0.02074	0.01412	0.01631	0.00965	0.01117	0.00860	0.00589	0.00463	0.00152	0.00782	0.00377	0.00292	0.00865
21	0.01175	0.00970	0.01383	0.03881	0.17001	0.00962	0.01021	0.01647	0.07882	0.02527	0.45429	0.04003	0.07130	0.01150	0.00750	0.00211	0.00461	0.01025	0.00625	0.00767
22	0.02506	0.03198	0.01901	0.01729	0.02074	0.73725	0.01296	0.02679	0.01901	0.01642	0.01037	0.01210	0.00864	0.00691	0.00605	0.00173	0.01210	0.00432	0.00346	0.00778
23	0.01391	0.01193	0.01391	0.00994	0.01590	0.00894	0.00795	0.01690	0.01391	0.02186	0.01193	0.01391	0.00994	0.00497	0.00497	0.00099	0.00497	0.00398	0.00398	0.80521
24	0.01522	0.01811	0.14434	0.03371	0.52482	0.01478	0.01966	0.01970	0.01537	0.02204	0.06713	0.02049	0.04083	0.00704	0.00674	0.00203	0.00777	0.00657	0.00365	0.01000
25	0.01669	0.01441	0.01517	0.01365	0.01745	0.01669	0.01062	0.03565	0.71021	0.02807	0.02731	0.02503	0.02048	0.00910	0.00683	0.00228	0.00531	0.00759	0.00683	0.01062
26	0.81159	0.01298	0.00986	0.00882	0.01298	0.01505	0.00727	0.01972	0.01142	0.03010	0.00934	0.01090	0.00727	0.00623	0.00415	0.00208	0.00519	0.00363	0.00415	0.00727
27	0.01346	0.03471	0.72942	0.01912	0.02904	0.01558	0.02479	0.02125	0.01417	0.02125	0.01204	0.01417	0.00850	0.00637	0.00637	0.00212	0.00992	0.00496	0.00283	0.00992
28	0.00958	0.00814	0.01056	0.10650	0.06516	0.00778	0.00829	0.01218	0.01601	0.02054	0.22523	0.05130	0.40614	0.01401	0.00767	0.00220	0.00439	0.01198	0.00590	0.00643
29	0.72048	0.01518	0.01092	0.00980	0.01388	0.09871	0.00793	0.02054	0.01230	0.02852	0.00946	0.01104	0.00743	0.00631	0.00437	0.00204	0.00599	0.00371	0.00407	0.00733
30	0.81159	0.01298	0.00986	0.00882	0.01298	0.01505	0.00727	0.01972	0.01142	0.03010	0.00934	0.01090	0.00727	0.00623	0.00415	0.00208	0.00519	0.00363	0.00415	0.00727
31	0.01391	0.01193	0.01391	0.00994	0.01590	0.00894	0.00795	0.01690	0.01391	0.02186	0.01193	0.01391	0.00994	0.00497	0.00497	0.00099	0.00497	0.00398	0.00398	0.80521
32	0.01634	0.01567	0.02676	0.08877	0.67681	0.01587	0.02046	0.02036	0.01515	0.02160	0.01257	0.01669	0.01052	0.00603	0.00665	0.00201	0.00804	0.00598	0.00330	0.01041
33	0.01584	0.01810	0.03959	0.02828	0.03507	0.01697	0.69796	0.02149	0.01584	0.02149	0.01357	0.01810	0.01018	0.00566	0.00792	0.00226	0.01131	0.00792	0.00339	0.00905
34	0.01794	0.76823	0.03516	0.01148	0.01722	0.02655	0.01148	0.02009	0.01363	0.01579	0.00933	0.01076	0.00861	0.00574	0.00431	0.00144	0.00718	0.00359	0.00287	0.00861
35	0.01391	0.01193	0.01391	0.00994	0.01590	0.00894	0.00795	0.01690	0.01391	0.02186	0.01193	0.01391	0.00994	0.00497	0.00497	0.00099	0.00497	0.00398	0.00398	0.80521
36	0.00816	0.00589	0.00773	0.00920	0.00969	0.00546	0.00616	0.00936	0.01299	0.01719	0.03875	0.72021	0.08284	0.02079	0.00853	0.00270	0.00386	0.01880	0.00623	0.00546
37	0.01314	0.01240	0.02096	0.66469	0.12596	0.01503	0.01887	0.01755	0.01364	0.01771	0.01201	0.01774	0.00914	0.00662	0.00670	0.00221	0.00883	0.00596	0.00302	0.00783
38	0.01373	0.01328	0.01873	0.01634	0.01656	0.01828	0.01350	0.01537	0.01037	0.01604	0.01052	0.01686	0.01030	0.01895	0.15566	0.00440	0.61484	0.00612	0.00306	0.00709
39	0.81159	0.01298	0.00986	0.00882	0.01298	0.01505	0.00727	0.01972	0.01142	0.03010	0.00934	0.01090	0.00727	0.00623	0.00415	0.00208	0.00519	0.00363	0.00415	0.00727
40	0.01794	0.76823	0.03516	0.01148	0.01722	0.02655	0.01148	0.02009	0.01363	0.01579	0.00933	0.01076	0.00861	0.00574	0.00431	0.00144	0.00718	0.00359	0.00287	0.00861
41	0.00978	0.00706	0.01060	0.01060	0.01168	0.00815	0.00815	0.01168	0.01060	0.01522	0.01739	0.02581	0.01631	0.04785	0.67241	0.08354	0.01686	0.00706	0.00353	0.00571
42	0.02551	0.01879	0.02014	0.01544	0.02081	0.02081	0.01275	0.69996	0.03155	0.04229	0.01611	0.01611	0.01141	0.00805	0.00671	0.00201	0.00738	0.00604	0.00671	0.01141
43	0.00973	0.00661	0.00786	0.00786	0.00805	0.00680	0.00474	0.01010	0.00992	0.01341	0.02065	0.04117	0.02321	0.65287	0.14384	0.00717	0.00829	0.00936	0.00399	0.00437
44	0.02506	0.03198	0.01901	0.01729	0.02074	0.73725	0.01296	0.02679	0.01901	0.01642	0.01037	0.01210	0.00864	0.00691	0.00605	0.00173	0.01210	0.00432	0.00346	0.00778
45	0.81159	0.01298	0.00986	0.00882	0.01298	0.01505	0.00727	0.01972	0.01142	0.03010	0.00934	0.01090	0.00727	0.00623	0.00415	0.00208	0.00519	0.00363	0.00415	0.00727
46	0.01267	0.01193	0.02013	0.74806	0.04621	0.01491	0.01863	0.01714	0.01342	0.01714	0.01193	0.01789	0.00894	0.00671	0.00671	0.00224	0.00894	0.00596	0.00298	0.00745
47	0.00966	0.00683	0.00882	0.00832	0.00990	0.00633	0.00624	0.01282	0.01873	0.02680	0.68092	0.04876	0.06081	0.01340	0.00774	0.00208	0.00316	0.01182	0.05054	0.00633
48	0.01669	0.01441	0.01517	0.01365	0.01745	0.01669	0.01062	0.03565	0.71021	0.02807	0.02731	0.02503	0.02048	0.00910	0.00683	0.00228	0.00531	0.00759	0.00683	0.01062
49	0.01794	0.76823	0.03516	0.01148	0.01722	0.02655	0.01148	0.02009	0.01363	0.01579	0.00933	0.01076	0.00861	0.00574	0.00431	0.00144	0.00718	0.00359	0.00287	0.00861
50	0.00976	0.00651	0.00732	0.00732	0.00732	0.00651	0.00407	0.00976	0.00976	0.01301	0.02114	0.04391	0.02439	0.76419	0.03415	0.00651	0.00651	0.00976	0.00407	0.00407

[dist]
# distance from previous block
# <min> <max>
0	0

# created by:
# /home/berkeley/.conda/envs/busco_data_prod/bin/msa2prfl.pl pipeline/OGs_align_augustus/4893/27227.fs
