[name]
unknown

[dist]
# distance from previous block
# <min> <max>
12	43

[block]
# block no. 0 follows, 34 sequences, length 29
# corresponding to MSA columns:
# 46-74
name=unknown_A
#
# <colnr> <probs for GDERKNQSTAVLIFYWHMCP>
#	G	D	E	R	K	N	Q	S	T	A	V	L	I	F	Y	W	H	M	C	P
0	0.05004	0.21552	0.25350	0.01566	0.02183	0.16069	0.06307	0.04743	0.04346	0.03172	0.03276	0.01421	0.01055	0.00644	0.00567	0.00181	0.00868	0.00484	0.00345	0.00867
1	0.08988	0.08889	0.15259	0.01491	0.02016	0.07222	0.09156	0.15827	0.01774	0.07926	0.03602	0.07100	0.03782	0.00842	0.00633	0.00202	0.00750	0.03205	0.00467	0.00869
2	0.08105	0.04930	0.18694	0.01295	0.01792	0.09674	0.01260	0.07233	0.01682	0.12199	0.14608	0.02545	0.03697	0.00874	0.00634	0.00197	0.00681	0.04988	0.00503	0.04408
3	0.01661	0.09761	0.13995	0.01405	0.01895	0.10210	0.04495	0.09148	0.17079	0.05179	0.04429	0.03807	0.07232	0.00858	0.00636	0.00197	0.00709	0.02943	0.00487	0.03874
4	0.01773	0.01600	0.01880	0.01473	0.01929	0.14821	0.13318	0.03786	0.08137	0.10976	0.08852	0.01949	0.01641	0.00711	0.00660	0.00173	0.02613	0.00611	0.00478	0.22618
5	0.11988	0.09992	0.04209	0.01130	0.01503	0.07023	0.00954	0.11992	0.05191	0.07852	0.09854	0.07438	0.09753	0.00992	0.00654	0.00199	0.02055	0.03521	0.00529	0.03171
6	0.02048	0.02417	0.04627	0.03964	0.01976	0.44097	0.01196	0.07697	0.08362	0.01976	0.01442	0.01559	0.03801	0.00704	0.00591	0.00169	0.00926	0.00499	0.00400	0.11548
7	0.08516	0.03786	0.01468	0.01243	0.01597	0.01367	0.01041	0.22610	0.11410	0.09140	0.05472	0.03633	0.02272	0.01114	0.00703	0.00230	0.00597	0.22324	0.00615	0.00864
8	0.00899	0.00609	0.00717	0.00757	0.00767	0.00599	0.00447	0.00929	0.01019	0.01359	0.02443	0.23600	0.02862	0.57220	0.02632	0.00529	0.00559	0.01179	0.00447	0.00427
9	0.01681	0.01808	0.15541	0.08647	0.05542	0.01510	0.21690	0.10877	0.04965	0.09674	0.01624	0.02129	0.01270	0.00759	0.00758	0.00218	0.04123	0.05838	0.00436	0.00910
10	0.01934	0.01800	0.01661	0.01437	0.01780	0.17077	0.01128	0.21910	0.26122	0.02669	0.01904	0.07751	0.01573	0.00917	0.00777	0.00210	0.07185	0.00696	0.00549	0.00920
11	0.00851	0.00644	0.00793	0.00845	0.00986	0.00586	0.00636	0.01056	0.01498	0.01959	0.21807	0.25800	0.26380	0.01689	0.00800	0.00239	0.00376	0.11866	0.00627	0.00563
12	0.01321	0.01044	0.06846	0.00981	0.01322	0.00808	0.00840	0.04391	0.01667	0.12580	0.26289	0.08813	0.15290	0.01172	0.00700	0.00198	0.00450	0.03202	0.00612	0.11476
13	0.01940	0.01164	0.01425	0.01051	0.01596	0.00949	0.00853	0.05598	0.01602	0.27232	0.01658	0.01651	0.01189	0.00606	0.00547	0.00137	0.00515	0.00486	0.00542	0.49261
14	0.01294	0.01520	0.11005	0.01291	0.01666	0.08508	0.06110	0.01994	0.19391	0.02067	0.05606	0.09423	0.20837	0.01161	0.00711	0.00219	0.00617	0.05282	0.00528	0.00769
15	0.01401	0.01249	0.01690	0.01210	0.01793	0.01002	0.10147	0.03956	0.01420	0.02165	0.01183	0.01401	0.00965	0.00497	0.00522	0.00115	0.00568	0.00440	0.00384	0.67894
16	0.00783	0.00643	0.00690	0.00705	0.00891	0.00550	0.00518	0.00955	0.01480	0.01825	0.13382	0.15500	0.56532	0.01654	0.00772	0.00222	0.00331	0.01406	0.00612	0.00550
17	0.01760	0.01636	0.02011	0.10596	0.28876	0.12682	0.01495	0.10285	0.07054	0.04551	0.01431	0.01715	0.01139	0.00951	0.05497	0.00249	0.02616	0.00575	0.03977	0.00904
18	0.00894	0.00660	0.00836	0.00792	0.00953	0.00601	0.00594	0.01180	0.01781	0.02478	0.64059	0.05012	0.15029	0.01363	0.00762	0.00205	0.00308	0.01195	0.00696	0.00601
19	0.02025	0.01603	0.01684	0.01396	0.01826	0.04435	0.01135	0.39328	0.23185	0.03297	0.02030	0.02375	0.01612	0.00896	0.00668	0.00208	0.00650	0.07642	0.00625	0.03380
20	0.01335	0.01218	0.01968	0.66638	0.07312	0.01485	0.01758	0.07197	0.01439	0.01864	0.01183	0.01704	0.00887	0.00653	0.00646	0.00213	0.00845	0.00575	0.00317	0.00762
21	0.01604	0.18562	0.24737	0.01554	0.04357	0.13046	0.03729	0.02106	0.07058	0.04517	0.01515	0.08691	0.01342	0.03627	0.00696	0.00207	0.00811	0.00625	0.00372	0.00844
22	0.01489	0.01761	0.06789	0.02322	0.02880	0.07289	0.50807	0.01965	0.01535	0.02018	0.04336	0.06259	0.01515	0.00748	0.00752	0.00220	0.00987	0.05138	0.00372	0.00819
23	0.02339	0.01855	0.01867	0.01478	0.01960	0.07740	0.01202	0.56614	0.12162	0.03691	0.01651	0.01635	0.01194	0.00780	0.00643	0.00195	0.00721	0.00588	0.00623	0.01061
24	0.10033	0.04408	0.01858	0.01590	0.04573	0.35762	0.01211	0.28102	0.02184	0.02658	0.01201	0.01311	0.00926	0.00694	0.00586	0.00180	0.00903	0.00476	0.00455	0.00888
25	0.67917	0.01426	0.01101	0.00965	0.01370	0.07302	0.00785	0.06404	0.01306	0.05158	0.01002	0.01128	0.00765	0.00623	0.00438	0.00197	0.00568	0.00380	0.00423	0.00742
26	0.01356	0.01048	0.01089	0.01002	0.01258	0.06727	0.00782	0.08327	0.06173	0.08261	0.21649	0.08152	0.22660	0.01311	0.00737	0.00216	0.00483	0.07425	0.00632	0.00712
27	0.12208	0.01239	0.01253	0.01137	0.01430	0.07023	0.00884	0.05620	0.18576	0.09759	0.06059	0.14409	0.06197	0.01229	0.03478	0.00247	0.03652	0.02369	0.00567	0.02664
28	0.07467	0.03312	0.01459	0.01200	0.01580	0.07196	0.00948	0.12651	0.24357	0.10432	0.06747	0.04675	0.03765	0.00918	0.00699	0.03366	0.00577	0.00686	0.00581	0.07385

[dist]
# distance from previous block
# <min> <max>
1	38

[block]
# block no. 1 follows, 34 sequences, length 20
# corresponding to MSA columns:
# 113-132
name=unknown_B
#
# <colnr> <probs for GDERKNQSTAVLIFYWHMCP>
#	G	D	E	R	K	N	Q	S	T	A	V	L	I	F	Y	W	H	M	C	P
0	0.03611	0.04953	0.02117	0.08686	0.19078	0.04588	0.04511	0.19990	0.03456	0.08387	0.01397	0.01634	0.01079	0.02063	0.00771	0.00201	0.06004	0.00566	0.00452	0.06454
1	0.12047	0.01358	0.01531	0.01216	0.01648	0.01425	0.00994	0.26814	0.04864	0.19538	0.09155	0.01990	0.01698	0.00813	0.00693	0.00194	0.04630	0.00617	0.00615	0.08159
2	0.00891	0.00702	0.00969	0.01084	0.04286	0.00666	0.03179	0.01125	0.04504	0.01797	0.07582	0.54319	0.12905	0.01766	0.00795	0.00247	0.00414	0.01594	0.00586	0.00589
3	0.01584	0.01627	0.03250	0.02375	0.02918	0.01612	0.52263	0.02107	0.04622	0.06020	0.01370	0.01741	0.01041	0.00648	0.00920	0.00221	0.10861	0.00715	0.00364	0.03741
4	0.01200	0.01043	0.01564	0.01368	0.01509	0.01265	0.06819	0.05224	0.01169	0.01688	0.01455	0.02219	0.01368	0.08490	0.38470	0.00677	0.22798	0.00674	0.00346	0.00654
5	0.02302	0.01605	0.01757	0.01396	0.01873	0.01757	0.01137	0.44539	0.20382	0.13367	0.01963	0.01859	0.01390	0.00805	0.00650	0.00201	0.00638	0.00629	0.00670	0.01080
6	0.00785	0.00570	0.00742	0.00879	0.00932	0.00527	0.00591	0.00902	0.01257	0.01657	0.03808	0.71031	0.09954	0.01992	0.00820	0.00259	0.00371	0.01798	0.00600	0.00527
7	0.15749	0.01405	0.01450	0.01183	0.01623	0.09223	0.00955	0.08602	0.07421	0.39263	0.05188	0.01975	0.01555	0.00779	0.00606	0.00197	0.00608	0.00598	0.00654	0.00967
8	0.13381	0.02377	0.01784	0.01629	0.05863	0.39673	0.01208	0.22069	0.02055	0.02506	0.01155	0.01284	0.00901	0.00683	0.00579	0.00180	0.00921	0.00463	0.00431	0.00858
9	0.00804	0.00569	0.00745	0.00878	0.00911	0.00536	0.00577	0.00904	0.01204	0.01605	0.03391	0.68765	0.04059	0.10423	0.01100	0.00303	0.00403	0.01737	0.00577	0.00510
10	0.02136	0.02389	0.01790	0.01547	0.01933	0.44537	0.03974	0.08011	0.13576	0.03579	0.02897	0.01541	0.01187	0.00706	0.00604	0.00175	0.00929	0.00514	0.00434	0.07542
11	0.00868	0.00659	0.00799	0.00764	0.00937	0.00590	0.00573	0.01129	0.01719	0.02331	0.52488	0.05255	0.26692	0.01418	0.00763	0.00208	0.00312	0.01229	0.00677	0.00590
12	0.00937	0.00636	0.00751	0.00751	0.00767	0.00652	0.00449	0.00969	0.00953	0.01287	0.01994	0.03994	0.02247	0.67261	0.13181	0.00683	0.00779	0.00905	0.00385	0.00417
13	0.01647	0.01926	0.03541	0.02578	0.03188	0.11654	0.61361	0.02140	0.01567	0.02003	0.01265	0.01664	0.00960	0.00561	0.00738	0.00211	0.01100	0.00715	0.00328	0.00855
14	0.01993	0.02263	0.02037	0.01729	0.02030	0.37030	0.08868	0.08072	0.06258	0.01913	0.01220	0.03467	0.01043	0.00820	0.00974	0.00207	0.18345	0.00562	0.00375	0.00794
15	0.00783	0.00578	0.00733	0.00857	0.00926	0.00528	0.00581	0.00905	0.01278	0.01666	0.04085	0.64471	0.16336	0.01956	0.00814	0.00255	0.00367	0.01754	0.00600	0.00528
16	0.01340	0.01148	0.01340	0.00957	0.01531	0.00861	0.00766	0.01627	0.01340	0.02105	0.01148	0.01340	0.00957	0.00479	0.00479	0.00096	0.00479	0.00383	0.00383	0.81242
17	0.01562	0.01502	0.02081	0.22817	0.32466	0.09003	0.01626	0.07289	0.01627	0.02144	0.10087	0.01984	0.01594	0.00712	0.00651	0.00197	0.00773	0.00633	0.00386	0.00866
18	0.12706	0.11373	0.39501	0.01582	0.02258	0.14772	0.01758	0.02086	0.01388	0.01998	0.01050	0.01250	0.00807	0.00638	0.00626	0.00193	0.04416	0.00438	0.00302	0.00857
19	0.02050	0.01596	0.01646	0.01377	0.01804	0.05613	0.01098	0.26195	0.38883	0.09306	0.02171	0.02035	0.01584	0.00825	0.00649	0.00206	0.00617	0.00656	0.00649	0.01040

[dist]
# distance from previous block
# <min> <max>
0	2

[block]
# block no. 2 follows, 34 sequences, length 72
# corresponding to MSA columns:
# 135-206
name=unknown_C
#
# <colnr> <probs for GDERKNQSTAVLIFYWHMCP>
#	G	D	E	R	K	N	Q	S	T	A	V	L	I	F	Y	W	H	M	C	P
0	0.02020	0.01394	0.01745	0.01757	0.14263	0.05011	0.03037	0.17584	0.08211	0.20413	0.04601	0.05751	0.05329	0.00921	0.00679	0.00207	0.00642	0.04879	0.00599	0.00956
1	0.01231	0.01092	0.01751	0.33281	0.05957	0.01240	0.06980	0.01555	0.01363	0.04816	0.05880	0.07651	0.13955	0.00994	0.00860	0.00224	0.09206	0.00843	0.00410	0.00711
2	0.81856	0.01250	0.00950	0.00850	0.01250	0.01449	0.00700	0.01899	0.01100	0.02899	0.00900	0.01050	0.00700	0.00600	0.00400	0.00200	0.00500	0.00350	0.00400	0.00700
3	0.00935	0.00677	0.00853	0.00806	0.00968	0.00631	0.00605	0.01270	0.03674	0.02523	0.63028	0.04759	0.10750	0.01308	0.00746	0.00202	0.00312	0.01147	0.04189	0.00616
4	0.01714	0.75375	0.05574	0.01128	0.01694	0.02524	0.01145	0.01938	0.01314	0.01536	0.00906	0.01047	0.00829	0.00555	0.00421	0.00140	0.00699	0.00350	0.00276	0.00833
5	0.05316	0.71068	0.03216	0.01110	0.01655	0.02484	0.01093	0.04869	0.01377	0.01690	0.00926	0.01059	0.00835	0.00564	0.00424	0.00143	0.00683	0.00356	0.00298	0.00835
6	0.00786	0.00565	0.00747	0.00892	0.00935	0.00525	0.00596	0.00901	0.01244	0.01652	0.03655	0.74653	0.06430	0.02012	0.00823	0.00261	0.00373	0.01822	0.00600	0.00525
7	0.01697	0.01431	0.01557	0.01442	0.04647	0.01634	0.01087	0.11480	0.59379	0.02827	0.02459	0.02378	0.01865	0.00871	0.00660	0.00217	0.00548	0.02157	0.00641	0.01023
8	0.01220	0.01148	0.01938	0.75739	0.04450	0.01436	0.01794	0.01651	0.01292	0.01651	0.01148	0.01723	0.00861	0.00646	0.00646	0.00215	0.00861	0.00574	0.00287	0.00718
9	0.01066	0.00776	0.01045	0.01168	0.01321	0.00789	0.00998	0.01447	0.06162	0.01947	0.03314	0.09137	0.03562	0.04937	0.00976	0.00305	0.00583	0.59263	0.00591	0.00613
10	0.01513	0.01826	0.15324	0.09609	0.54882	0.01521	0.02039	0.01966	0.01437	0.02061	0.01200	0.01568	0.00973	0.00588	0.00636	0.00196	0.00809	0.00558	0.00309	0.00986
11	0.01030	0.00736	0.01029	0.01178	0.01322	0.00734	0.01022	0.01320	0.01477	0.01922	0.03427	0.10241	0.03742	0.01795	0.00890	0.00296	0.00586	0.66066	0.00595	0.00592
12	0.08094	0.01219	0.01531	0.01182	0.01678	0.01146	0.00976	0.13573	0.01983	0.58222	0.02285	0.02022	0.01462	0.00783	0.00633	0.00199	0.00571	0.00619	0.00749	0.01073
13	0.00804	0.00592	0.00756	0.00873	0.00951	0.00545	0.00608	0.00944	0.01316	0.01723	0.07119	0.58137	0.15529	0.01916	0.00816	0.00255	0.00377	0.05599	0.00604	0.00536
14	0.00950	0.00778	0.00993	0.01050	0.01175	0.03855	0.03837	0.01138	0.01379	0.01776	0.06459	0.44832	0.10753	0.01779	0.00818	0.00257	0.00482	0.16537	0.00580	0.00571
15	0.02456	0.01810	0.01939	0.01487	0.02004	0.02004	0.01228	0.71107	0.03038	0.04072	0.01551	0.01551	0.01099	0.00776	0.00646	0.00194	0.00711	0.00582	0.00646	0.01099
16	0.64108	0.03577	0.04885	0.00995	0.01426	0.07908	0.00857	0.02001	0.03084	0.02674	0.00975	0.01120	0.00762	0.00609	0.00436	0.00193	0.00587	0.00373	0.00390	0.03039
17	0.00808	0.00647	0.00723	0.00723	0.00905	0.00561	0.00535	0.01006	0.01549	0.01973	0.24871	0.12803	0.47447	0.01586	0.00769	0.00218	0.00326	0.01356	0.00631	0.00561
18	0.01467	0.16344	0.01816	0.01074	0.01612	0.05713	0.02867	0.01766	0.02877	0.01954	0.01361	0.01516	0.04081	0.00565	0.00497	0.00120	0.00574	0.00438	0.00372	0.52984
19	0.01397	0.08797	0.58107	0.01706	0.02544	0.03725	0.02090	0.04048	0.05505	0.02079	0.01385	0.01538	0.02964	0.00660	0.00605	0.00199	0.00890	0.00508	0.00317	0.00935
20	0.01296	0.03342	0.73944	0.01842	0.02797	0.01501	0.02387	0.02046	0.01364	0.02046	0.01160	0.01364	0.00818	0.00614	0.00614	0.00205	0.00955	0.00477	0.00273	0.00955
21	0.00885	0.00675	0.00842	0.02936	0.01055	0.00620	0.00629	0.01150	0.01689	0.02283	0.48134	0.06635	0.24306	0.01423	0.00766	0.00213	0.00341	0.04166	0.00661	0.00593
22	0.01730	0.01728	0.02430	0.03228	0.50231	0.10455	0.05225	0.05055	0.09412	0.02191	0.01364	0.01642	0.01106	0.00627	0.00641	0.00193	0.00801	0.00583	0.00373	0.00985
23	0.01095	0.00571	0.00822	0.00822	0.00822	0.00571	0.00536	0.00856	0.00856	0.01142	0.01257	0.02297	0.01303	0.13276	0.02637	0.69357	0.00571	0.00617	0.00297	0.00297
24	0.06235	0.01303	0.01588	0.01231	0.01725	0.01273	0.01014	0.20745	0.05106	0.49476	0.02220	0.01989	0.01445	0.00788	0.00638	0.00199	0.00588	0.00622	0.00736	0.01078
25	0.00787	0.00562	0.00750	0.00900	0.00937	0.00525	0.00600	0.00900	0.01237	0.01649	0.03561	0.76871	0.04274	0.02024	0.00825	0.00262	0.00375	0.01837	0.00600	0.00525
26	0.01565	0.01500	0.02561	0.10459	0.67037	0.01526	0.01966	0.01953	0.01455	0.02069	0.01209	0.01610	0.01009	0.00582	0.00640	0.00194	0.00776	0.00576	0.00317	0.00996
27	0.01543	0.01478	0.02522	0.14516	0.63147	0.01521	0.01955	0.01934	0.01445	0.02043	0.01206	0.01617	0.01000	0.00586	0.00641	0.00195	0.00781	0.00575	0.00315	0.00979
28	0.00942	0.00686	0.01009	0.01009	0.01127	0.00794	0.00784	0.01177	0.01060	0.01561	0.01756	0.02530	0.01618	0.04573	0.69781	0.00979	0.01635	0.00686	0.05714	0.00579
29	0.00787	0.00562	0.00750	0.00900	0.00937	0.00525	0.00600	0.00900	0.01237	0.01649	0.03561	0.76871	0.04274	0.02024	0.00825	0.00262	0.00375	0.01837	0.00600	0.00525
30	0.02102	0.01181	0.01545	0.07338	0.06581	0.01189	0.01073	0.08854	0.14450	0.33244	0.13060	0.02503	0.02213	0.00864	0.00667	0.00204	0.00560	0.00727	0.00674	0.00975
31	0.00923	0.00692	0.01038	0.01038	0.01154	0.00808	0.00808	0.01154	0.01038	0.01500	0.01731	0.02538	0.01615	0.04846	0.74732	0.01038	0.01731	0.00692	0.00346	0.00577
32	0.02456	0.01810	0.01939	0.01487	0.02004	0.02004	0.01228	0.71107	0.03038	0.04072	0.01551	0.01551	0.01099	0.00776	0.00646	0.00194	0.00711	0.00582	0.00646	0.01099
33	0.02153	0.02652	0.01665	0.01518	0.01829	0.60704	0.01140	0.02404	0.04798	0.01743	0.08957	0.01812	0.04359	0.00784	0.00612	0.00175	0.01012	0.00548	0.00398	0.00738
34	0.01722	0.01678	0.02513	0.03616	0.62787	0.07444	0.01874	0.06639	0.01605	0.02199	0.01220	0.01561	0.01013	0.00596	0.00636	0.00190	0.00796	0.00563	0.00343	0.01006
35	0.02899	0.01100	0.01499	0.01150	0.01649	0.00950	0.00950	0.03149	0.01849	0.73709	0.02549	0.02199	0.01599	0.00800	0.00650	0.00200	0.00550	0.00650	0.00800	0.01100
36	0.01508	0.01199	0.01396	0.01009	0.01575	0.00958	0.00812	0.07285	0.01502	0.05866	0.01251	0.01400	0.01001	0.00519	0.00501	0.00109	0.00501	0.00412	0.00425	0.70772
37	0.00923	0.00692	0.01038	0.01038	0.01154	0.00808	0.00808	0.01154	0.01038	0.01500	0.01731	0.02538	0.01615	0.04846	0.74732	0.01038	0.01731	0.00692	0.00346	0.00577
38	0.00989	0.00711	0.00975	0.01089	0.01230	0.00697	0.00918	0.01266	0.01513	0.01997	0.13754	0.13481	0.06414	0.01734	0.00863	0.00278	0.00523	0.50366	0.00613	0.00589
39	0.00782	0.00649	0.00684	0.00688	0.00887	0.00551	0.00511	0.00958	0.01497	0.01833	0.13705	0.10773	0.61001	0.01627	0.00768	0.00219	0.00328	0.01374	0.00612	0.00551
40	0.05494	0.01832	0.01941	0.10365	0.07983	0.10161	0.01336	0.46783	0.02491	0.03299	0.01388	0.01511	0.01018	0.00725	0.00628	0.00193	0.00776	0.00552	0.00532	0.00992
41	0.00801	0.00568	0.00746	0.00882	0.00916	0.00534	0.00581	0.00903	0.01210	0.01613	0.03422	0.70237	0.04098	0.08898	0.01050	0.00296	0.00398	0.01755	0.00581	0.00513
42	0.01633	0.01597	0.02398	0.19909	0.44777	0.07425	0.04147	0.06566	0.01566	0.02093	0.01208	0.01594	0.00975	0.00611	0.00641	0.00196	0.00828	0.00569	0.00335	0.00932
43	0.01653	0.16400	0.23232	0.01572	0.04442	0.13373	0.01522	0.06224	0.12675	0.02084	0.01592	0.02111	0.01349	0.00790	0.00612	0.00198	0.00809	0.08079	0.00402	0.00880
44	0.01591	0.01734	0.01341	0.01374	0.03842	0.32511	0.00983	0.04055	0.01582	0.01741	0.02303	0.33378	0.02533	0.01330	0.00714	0.00220	0.00758	0.06871	0.00477	0.00663
45	0.01317	0.01168	0.01581	0.11756	0.11028	0.01074	0.01093	0.01612	0.01318	0.01970	0.01331	0.07499	0.01211	0.00682	0.00660	0.00150	0.05601	0.00563	0.00372	0.48013
46	0.01579	0.44725	0.14508	0.01297	0.01810	0.03551	0.01315	0.04947	0.01349	0.01723	0.01070	0.01331	0.00937	0.01146	0.09633	0.00274	0.07245	0.00440	0.00303	0.00819
47	0.00787	0.00562	0.00750	0.00900	0.00937	0.00525	0.00600	0.00900	0.01237	0.01649	0.03561	0.76871	0.04274	0.02024	0.00825	0.00262	0.00375	0.01837	0.00600	0.00525
48	0.00829	0.00603	0.00792	0.00893	0.00970	0.00551	0.00609	0.00972	0.01308	0.01777	0.11129	0.65083	0.04309	0.01869	0.00800	0.00247	0.00372	0.01690	0.00601	0.04595
49	0.01493	0.09204	0.03840	0.01135	0.01693	0.04367	0.03872	0.06349	0.01496	0.02167	0.03526	0.01448	0.01115	0.00549	0.00513	0.00122	0.00580	0.00439	0.00393	0.55700
50	0.00973	0.00778	0.00876	0.00919	0.01059	0.02867	0.00658	0.04990	0.04966	0.01882	0.06273	0.43889	0.20595	0.01863	0.03998	0.00275	0.00469	0.01483	0.00590	0.00598
51	0.00901	0.00625	0.00701	0.00714	0.00749	0.00606	0.00423	0.00934	0.01043	0.01358	0.02826	0.10565	0.12894	0.59909	0.02713	0.00536	0.00562	0.01077	0.00439	0.00425
52	0.01651	0.01568	0.01920	0.04337	0.31504	0.11954	0.01433	0.04057	0.14285	0.04377	0.04076	0.02560	0.06342	0.00846	0.00667	0.00205	0.00717	0.06142	0.00457	0.00902
53	0.01685	0.01581	0.01997	0.10402	0.17456	0.10154	0.07115	0.04184	0.17453	0.05356	0.01565	0.01736	0.01209	0.00658	0.00620	0.00183	0.00733	0.00577	0.00435	0.14900
54	0.00905	0.00621	0.00724	0.00758	0.00784	0.00608	0.00463	0.00948	0.01048	0.01383	0.02637	0.18029	0.06832	0.55789	0.02585	0.00521	0.00561	0.03919	0.00451	0.00434
55	0.00797	0.00646	0.00708	0.00713	0.00899	0.00556	0.00527	0.00984	0.01520	0.01908	0.19777	0.13556	0.51924	0.01614	0.00770	0.00220	0.00328	0.01375	0.00623	0.00556
56	0.01172	0.01097	0.05172	0.03644	0.01539	0.01044	0.05160	0.03636	0.19700	0.02287	0.21615	0.18855	0.08483	0.01252	0.00759	0.00223	0.01919	0.01102	0.00595	0.00746
57	0.04615	0.21080	0.03671	0.08385	0.04168	0.06762	0.05498	0.05379	0.05131	0.19531	0.01513	0.01583	0.01113	0.00652	0.00566	0.00175	0.00704	0.00515	0.00463	0.08497
58	0.01054	0.00704	0.00889	0.00973	0.01100	0.00701	0.00737	0.01397	0.07614	0.04296	0.03197	0.39500	0.03458	0.01636	0.00766	0.00249	0.00437	0.18266	0.12411	0.00617
59	0.01513	0.01553	0.14354	0.17291	0.21121	0.01265	0.04139	0.01936	0.01490	0.11443	0.07223	0.04627	0.01752	0.00830	0.00679	0.00213	0.00740	0.06531	0.00431	0.00870
60	0.01342	0.04053	0.12171	0.08228	0.03863	0.01084	0.01144	0.01710	0.01341	0.02034	0.01143	0.01376	0.00925	0.00519	0.00516	0.00127	0.00599	0.00419	0.00352	0.57051
61	0.00840	0.00766	0.04457	0.00881	0.01052	0.00635	0.00694	0.01039	0.01348	0.01757	0.09228	0.29937	0.28348	0.02173	0.11653	0.00354	0.00587	0.03128	0.00554	0.00569
62	0.00797	0.00630	0.00719	0.00752	0.00907	0.00551	0.00543	0.00971	0.01469	0.01869	0.17506	0.25941	0.41675	0.01690	0.00781	0.00228	0.00337	0.01463	0.00620	0.00551
63	0.08097	0.09024	0.34042	0.01829	0.10911	0.03989	0.04006	0.05448	0.01453	0.02174	0.01140	0.01350	0.00875	0.00590	0.00567	0.00179	0.00801	0.00466	0.00328	0.12730
64	0.09194	0.01698	0.02287	0.15905	0.18380	0.14729	0.16105	0.02049	0.04372	0.02003	0.01362	0.03144	0.01149	0.00699	0.00650	0.00205	0.00873	0.04010	0.00358	0.00825
65	0.00877	0.00601	0.00727	0.00786	0.00806	0.00585	0.00481	0.00931	0.01084	0.01449	0.04560	0.33546	0.03226	0.44886	0.02227	0.00468	0.00516	0.01308	0.00484	0.00451
66	0.01818	0.27899	0.06677	0.01570	0.08266	0.28230	0.01242	0.02074	0.01594	0.01786	0.11566	0.01711	0.01622	0.00712	0.00559	0.00167	0.00829	0.00521	0.00365	0.00793
67	0.13268	0.10090	0.08674	0.01643	0.08873	0.02972	0.10189	0.04982	0.06241	0.02113	0.01623	0.06014	0.01496	0.01013	0.00842	0.09190	0.00703	0.08902	0.00405	0.00766
68	0.01494	0.01243	0.01422	0.01040	0.01598	0.01039	0.00836	0.10563	0.04635	0.02382	0.01264	0.01413	0.01019	0.00534	0.00508	0.00114	0.00510	0.00423	0.00428	0.67535
69	0.00973	0.00741	0.00863	0.00871	0.01036	0.00705	0.00634	0.07629	0.02962	0.02076	0.15128	0.34536	0.26132	0.01651	0.00775	0.00232	0.00383	0.01442	0.00623	0.00609
70	0.04689	0.05074	0.01255	0.01032	0.01329	0.09987	0.00812	0.11736	0.04879	0.02271	0.12970	0.06635	0.23586	0.03158	0.00749	0.00213	0.00545	0.04316	0.00553	0.04211
71	0.11015	0.11617	0.09750	0.01360	0.03657	0.20774	0.03183	0.04824	0.01585	0.06670	0.05464	0.01817	0.04461	0.00727	0.00560	0.00177	0.00749	0.00543	0.08005	0.03062

[dist]
# distance from previous block
# <min> <max>
1	10

[block]
# block no. 3 follows, 34 sequences, length 48
# corresponding to MSA columns:
# 217-264
name=unknown_D
#
# <colnr> <probs for GDERKNQSTAVLIFYWHMCP>
#	G	D	E	R	K	N	Q	S	T	A	V	L	I	F	Y	W	H	M	C	P
0	0.02028	0.24198	0.02041	0.01235	0.04298	0.04725	0.01017	0.11040	0.01755	0.22816	0.04315	0.02280	0.08048	0.00820	0.00587	0.00180	0.00613	0.02532	0.02587	0.02887
1	0.01091	0.00835	0.01005	0.01089	0.03501	0.02844	0.00790	0.06336	0.01463	0.01911	0.07174	0.23371	0.08760	0.15848	0.01273	0.00324	0.00538	0.20704	0.00552	0.00592
2	0.01621	0.28268	0.16039	0.01282	0.01837	0.05968	0.01272	0.04736	0.05850	0.05545	0.01301	0.01484	0.01055	0.01091	0.08964	0.00260	0.00841	0.00468	0.00366	0.11751
3	0.01518	0.05320	0.01942	0.01908	0.17603	0.01336	0.09086	0.07023	0.10209	0.07478	0.08250	0.05035	0.11820	0.01125	0.04361	0.00248	0.03569	0.00814	0.00499	0.00856
4	0.00811	0.00583	0.00732	0.00839	0.00890	0.00545	0.00552	0.00910	0.01212	0.01592	0.03626	0.56686	0.11457	0.14894	0.01241	0.00320	0.00413	0.01631	0.00564	0.00504
5	0.01499	0.01925	0.11793	0.02623	0.03311	0.01619	0.63118	0.02067	0.01507	0.02067	0.01290	0.01700	0.00962	0.00553	0.00746	0.00216	0.01074	0.00730	0.00321	0.00881
6	0.01500	0.01356	0.01831	0.11449	0.15676	0.07564	0.07571	0.02107	0.14613	0.04978	0.02149	0.05238	0.03807	0.02831	0.00762	0.00230	0.00716	0.12047	0.02751	0.00822
7	0.70929	0.01162	0.00903	0.00816	0.01182	0.01335	0.00666	0.01846	0.01134	0.02833	0.01063	0.01234	0.00829	0.00621	0.00407	0.00193	0.00473	0.00384	0.11304	0.00687
8	0.00965	0.00712	0.00864	0.00926	0.01043	0.00689	0.00651	0.08547	0.01470	0.01928	0.03805	0.57716	0.14584	0.01828	0.00796	0.00248	0.00404	0.01627	0.00605	0.00591
9	0.02184	0.02638	0.01709	0.01554	0.01889	0.56818	0.01173	0.02691	0.16243	0.01818	0.01549	0.01617	0.03864	0.00747	0.00605	0.00179	0.00998	0.00517	0.00410	0.00797
10	0.06971	0.01421	0.01566	0.01257	0.01701	0.01522	0.01022	0.32133	0.15377	0.19848	0.01998	0.01912	0.01406	0.00788	0.00617	0.00196	0.00586	0.00614	0.08049	0.01016
11	0.00817	0.00622	0.00757	0.00838	0.00960	0.00563	0.00610	0.00983	0.01395	0.01790	0.10201	0.38604	0.28552	0.01805	0.00806	0.00246	0.00376	0.08919	0.00608	0.00547
12	0.00787	0.00562	0.00750	0.00900	0.00937	0.00525	0.00600	0.00900	0.01237	0.01649	0.03561	0.76871	0.04274	0.02024	0.00825	0.00262	0.00375	0.01837	0.00600	0.00525
13	0.00772	0.00645	0.00673	0.00687	0.00883	0.00546	0.00507	0.00936	0.01461	0.01768	0.08838	0.13855	0.62879	0.01666	0.00770	0.00222	0.00332	0.01407	0.00604	0.00546
14	0.00789	0.00570	0.00747	0.00883	0.00934	0.00528	0.00593	0.00909	0.01266	0.01679	0.05508	0.70767	0.08472	0.01983	0.00819	0.00258	0.00370	0.01791	0.00603	0.00528
15	0.01220	0.01148	0.01938	0.75739	0.04450	0.01436	0.01794	0.01651	0.01292	0.01651	0.01148	0.01723	0.00861	0.00646	0.00646	0.00215	0.00861	0.00574	0.00287	0.00718
16	0.02414	0.03079	0.01831	0.01665	0.01998	0.74698	0.01248	0.02580	0.01831	0.01581	0.00999	0.01165	0.00832	0.00666	0.00583	0.00166	0.01165	0.00416	0.00333	0.00749
17	0.00820	0.00586	0.00787	0.00937	0.00989	0.00553	0.00657	0.00956	0.01269	0.01686	0.03543	0.67926	0.04202	0.01994	0.00833	0.00267	0.00403	0.10459	0.00599	0.00534
18	0.02789	0.01119	0.01496	0.01153	0.01639	0.00993	0.00950	0.06785	0.01914	0.66811	0.05548	0.02278	0.01767	0.00821	0.00654	0.00200	0.00548	0.00669	0.00787	0.01078
19	0.01525	0.01743	0.03813	0.02723	0.03377	0.01634	0.70915	0.02070	0.01525	0.02070	0.01307	0.01743	0.00980	0.00545	0.00763	0.00218	0.01089	0.00763	0.00327	0.00871
20	0.01727	0.77681	0.03386	0.01106	0.01658	0.02557	0.01106	0.01935	0.01313	0.01520	0.00898	0.01036	0.00829	0.00553	0.00415	0.00138	0.00691	0.00345	0.00276	0.00829
21	0.01977	0.01421	0.01666	0.01374	0.01806	0.01521	0.03928	0.24357	0.27384	0.12622	0.02228	0.02510	0.01726	0.00890	0.00671	0.00210	0.00610	0.07373	0.00640	0.05085
22	0.01544	0.46022	0.33435	0.01419	0.02143	0.02107	0.01651	0.01982	0.01335	0.01744	0.01010	0.01176	0.00825	0.00579	0.00499	0.00166	0.00803	0.00402	0.00275	0.00883
23	0.02402	0.01901	0.01875	0.01471	0.01954	0.09863	0.01200	0.60912	0.02840	0.03736	0.01513	0.01543	0.01092	0.00763	0.00632	0.00189	0.00744	0.00565	0.03764	0.01041
24	0.01210	0.00978	0.01089	0.00994	0.01255	0.01025	0.00765	0.05504	0.26982	0.02532	0.30461	0.04081	0.18133	0.01199	0.00719	0.00212	0.00404	0.01022	0.00666	0.00769
25	0.01642	0.01725	0.03593	0.02577	0.03215	0.01637	0.63318	0.07184	0.01648	0.04749	0.01369	0.01745	0.01011	0.00571	0.00750	0.00215	0.01042	0.00745	0.00367	0.00896
26	0.00932	0.00672	0.00804	0.00769	0.00956	0.00595	0.00577	0.01172	0.01667	0.05136	0.41434	0.08382	0.31632	0.01452	0.00761	0.00211	0.00327	0.01252	0.00667	0.00601
27	0.00787	0.00562	0.00750	0.00900	0.00937	0.00525	0.00600	0.00900	0.01237	0.01649	0.03561	0.76871	0.04274	0.02024	0.00825	0.00262	0.00375	0.01837	0.00600	0.00525
28	0.01733	0.00863	0.01121	0.00950	0.01259	0.00775	0.00750	0.02050	0.04118	0.31589	0.34756	0.03820	0.11244	0.01127	0.00713	0.00204	0.00414	0.00963	0.00734	0.00817
29	0.01726	0.01406	0.01862	0.05102	0.21327	0.05666	0.04320	0.09539	0.14656	0.10027	0.04809	0.09445	0.01900	0.00914	0.00683	0.00211	0.00667	0.04296	0.00524	0.00918
30	0.01793	0.63927	0.03073	0.01176	0.01686	0.10337	0.01113	0.04219	0.01414	0.01609	0.00965	0.01129	0.00870	0.00748	0.03484	0.00180	0.00786	0.00375	0.00297	0.00819
31	0.01866	0.04281	0.15354	0.06029	0.10408	0.13382	0.03462	0.15052	0.05702	0.08670	0.03001	0.02008	0.03755	0.00771	0.00642	0.00198	0.00805	0.03233	0.00459	0.00919
32	0.01501	0.07464	0.26882	0.01378	0.01962	0.01412	0.01429	0.08356	0.13650	0.05891	0.03925	0.02042	0.04124	0.03436	0.06105	0.00266	0.00776	0.00606	0.00444	0.08353
33	0.00843	0.00668	0.00763	0.00785	0.00949	0.00607	0.00571	0.01105	0.05070	0.01937	0.18771	0.24544	0.37782	0.01638	0.00774	0.00227	0.00345	0.01419	0.00625	0.00577
34	0.01585	0.01529	0.02635	0.06177	0.69124	0.01535	0.03934	0.01975	0.01467	0.02095	0.01216	0.01607	0.01017	0.00577	0.00643	0.00193	0.00780	0.00581	0.00319	0.01010
35	0.05832	0.25453	0.08370	0.01605	0.06308	0.05866	0.07477	0.22912	0.01882	0.02500	0.01317	0.05252	0.01107	0.00711	0.00575	0.00182	0.00758	0.00560	0.00421	0.00910
36	0.00935	0.00625	0.00706	0.00710	0.00712	0.00623	0.00398	0.00938	0.00948	0.01264	0.02081	0.06357	0.02405	0.75087	0.03216	0.00616	0.00619	0.00966	0.00398	0.00395
37	0.00846	0.00674	0.00765	0.00791	0.00961	0.00612	0.00583	0.01108	0.05060	0.01906	0.15498	0.22566	0.40356	0.01648	0.00778	0.00230	0.00355	0.04068	0.00619	0.00576
38	0.00787	0.00562	0.00750	0.00900	0.00937	0.00525	0.00600	0.00900	0.01237	0.01649	0.03561	0.76871	0.04274	0.02024	0.00825	0.00262	0.00375	0.01837	0.00600	0.00525
39	0.01289	0.03301	0.01114	0.00960	0.01098	0.01032	0.00679	0.03896	0.13924	0.05865	0.02025	0.03273	0.01992	0.43642	0.05023	0.00475	0.06150	0.00808	0.02833	0.00619
40	0.00895	0.00663	0.00836	0.00801	0.00964	0.00604	0.00607	0.01176	0.01758	0.02428	0.59473	0.05147	0.16908	0.01390	0.00767	0.00209	0.00319	0.03766	0.00689	0.00599
41	0.00787	0.00562	0.00750	0.00900	0.00937	0.00525	0.00600	0.00900	0.01237	0.01649	0.03561	0.76871	0.04274	0.02024	0.00825	0.00262	0.00375	0.01837	0.00600	0.00525
42	0.01340	0.01784	0.17449	0.02104	0.08844	0.01377	0.27827	0.01924	0.06640	0.02084	0.06289	0.05336	0.07416	0.00845	0.00760	0.00219	0.03048	0.03470	0.00404	0.00842
43	0.01434	0.01340	0.04067	0.02522	0.36775	0.05340	0.01442	0.01742	0.04960	0.01881	0.01786	0.02649	0.04562	0.01125	0.01035	0.15614	0.00701	0.09862	0.00378	0.00786
44	0.01428	0.00780	0.00971	0.00882	0.01045	0.00780	0.00629	0.04266	0.01276	0.16393	0.02069	0.03163	0.01921	0.35448	0.16564	0.00550	0.00797	0.00778	0.09635	0.00625
45	0.01835	0.05598	0.26194	0.01939	0.07052	0.27369	0.09873	0.02345	0.05167	0.04837	0.01246	0.01429	0.00947	0.00640	0.00618	0.00190	0.00983	0.00511	0.00345	0.00881
46	0.01687	0.01437	0.06238	0.03888	0.10653	0.06997	0.01157	0.13706	0.08669	0.09340	0.02132	0.16378	0.01923	0.01005	0.00659	0.00207	0.00625	0.02749	0.09698	0.00852
47	0.01093	0.03455	0.01017	0.00904	0.01053	0.07121	0.00655	0.01329	0.04505	0.01893	0.25016	0.08957	0.15063	0.20556	0.01428	0.00315	0.03468	0.01052	0.00539	0.00579

[dist]
# distance from previous block
# <min> <max>
0	29

[block]
# block no. 4 follows, 34 sequences, length 227
# corresponding to MSA columns:
# 294-520
name=unknown_E
#
# <colnr> <probs for GDERKNQSTAVLIFYWHMCP>
#	G	D	E	R	K	N	Q	S	T	A	V	L	I	F	Y	W	H	M	C	P
0	0.01801	0.15853	0.09939	0.05889	0.17122	0.15287	0.01489	0.09502	0.03860	0.03925	0.01312	0.04870	0.01115	0.00727	0.00671	0.00189	0.04629	0.00558	0.00377	0.00885
1	0.01356	0.08292	0.01433	0.01250	0.06998	0.01124	0.00855	0.08153	0.01186	0.01596	0.01251	0.02064	0.01227	0.12091	0.02047	0.39681	0.07931	0.00596	0.00336	0.00532
2	0.01495	0.01508	0.08069	0.01951	0.05932	0.01309	0.30519	0.05922	0.04859	0.07024	0.10868	0.08307	0.02037	0.03580	0.00812	0.00225	0.00782	0.00844	0.00463	0.03493
3	0.00880	0.00678	0.00813	0.00836	0.00992	0.00629	0.00621	0.01171	0.05108	0.02058	0.26968	0.22667	0.26314	0.01599	0.00781	0.00230	0.00359	0.06068	0.00639	0.00589
4	0.00927	0.00665	0.00934	0.00940	0.01019	0.00741	0.00684	0.01078	0.01016	0.01432	0.01874	0.06358	0.01910	0.23240	0.50812	0.03330	0.01350	0.00804	0.00367	0.00518
5	0.01523	0.04220	0.29722	0.04060	0.02772	0.01553	0.27413	0.05962	0.01503	0.05664	0.01330	0.01705	0.01014	0.04510	0.00867	0.00232	0.04089	0.00624	0.00347	0.00891
6	0.11728	0.01786	0.08845	0.01601	0.05572	0.04006	0.05254	0.33116	0.02098	0.04630	0.01561	0.01682	0.04280	0.00774	0.00749	0.00202	0.07469	0.00578	0.00496	0.03574
7	0.02314	0.02913	0.01846	0.01668	0.01967	0.67422	0.01265	0.02478	0.01747	0.01579	0.00984	0.01190	0.00834	0.00712	0.00736	0.00178	0.08664	0.00431	0.00328	0.00745
8	0.02074	0.01212	0.01433	0.03925	0.01661	0.03577	0.00966	0.12032	0.14500	0.30055	0.08699	0.05851	0.02106	0.04136	0.04522	0.00265	0.00629	0.00760	0.00663	0.00935
9	0.02121	0.01572	0.01821	0.01407	0.01906	0.01649	0.04576	0.43334	0.09417	0.07925	0.01723	0.04430	0.01307	0.00776	0.00634	0.00185	0.00652	0.00626	0.00599	0.13341
10	0.01010	0.00716	0.00883	0.00869	0.00948	0.00754	0.00590	0.05498	0.01153	0.01564	0.02242	0.10678	0.05038	0.41014	0.23575	0.00667	0.00917	0.00948	0.00423	0.00510
11	0.01005	0.00643	0.00754	0.00750	0.00787	0.00629	0.00452	0.01050	0.01074	0.04425	0.07622	0.11214	0.02790	0.61007	0.02747	0.00541	0.00574	0.01032	0.00453	0.00451
12	0.02257	0.02678	0.01737	0.01578	0.01906	0.59044	0.01208	0.08850	0.01900	0.01867	0.01310	0.01823	0.01156	0.00786	0.00616	0.00181	0.01048	0.07069	0.02222	0.00764
13	0.01296	0.03342	0.73944	0.01842	0.02797	0.01501	0.02387	0.02046	0.01364	0.02046	0.01160	0.01364	0.00818	0.00614	0.00614	0.00205	0.00955	0.00477	0.00273	0.00955
14	0.00784	0.00575	0.00737	0.00867	0.00929	0.00528	0.00585	0.00903	0.01268	0.01662	0.03957	0.67493	0.13396	0.01973	0.00817	0.00257	0.00369	0.01774	0.00600	0.00528
15	0.00958	0.00775	0.00835	0.00836	0.01040	0.00752	0.00619	0.01445	0.15123	0.01970	0.07036	0.20024	0.39254	0.01517	0.00741	0.00224	0.00371	0.01296	0.04546	0.00638
16	0.01445	0.01499	0.01832	0.01589	0.01643	0.08878	0.01305	0.01591	0.01119	0.01577	0.01433	0.01870	0.08066	0.01136	0.01836	0.00265	0.61269	0.00631	0.00319	0.00695
17	0.00923	0.00692	0.01038	0.01038	0.01154	0.00808	0.00808	0.01154	0.01038	0.01500	0.01731	0.02538	0.01615	0.04846	0.74732	0.01038	0.01731	0.00692	0.00346	0.00577
18	0.01436	0.01093	0.01232	0.01093	0.01389	0.01170	0.00850	0.08647	0.31503	0.06204	0.29199	0.03466	0.07839	0.01078	0.00702	0.00210	0.00442	0.00917	0.00680	0.00849
19	0.00808	0.00600	0.00756	0.00855	0.00947	0.00549	0.00601	0.00959	0.01357	0.01777	0.11064	0.51651	0.18563	0.01862	0.00809	0.00249	0.00369	0.05069	0.00611	0.00541
20	0.01727	0.77681	0.03386	0.01106	0.01658	0.02557	0.01106	0.01935	0.01313	0.01520	0.00898	0.01036	0.00829	0.00553	0.00415	0.00138	0.00691	0.00345	0.00276	0.00829
21	0.00783	0.00579	0.00732	0.00855	0.00925	0.00529	0.00580	0.00905	0.01280	0.01667	0.04109	0.63913	0.16878	0.01953	0.00814	0.00254	0.00366	0.01750	0.00600	0.00529
22	0.01013	0.00729	0.01003	0.01131	0.01280	0.00720	0.00974	0.01300	0.01505	0.01966	0.08605	0.08757	0.07097	0.01750	0.00875	0.00286	0.00556	0.59256	0.00604	0.00592
23	0.01296	0.03342	0.73944	0.01842	0.02797	0.01501	0.02387	0.02046	0.01364	0.02046	0.01160	0.01364	0.00818	0.00614	0.00614	0.00205	0.00955	0.00477	0.00273	0.00955
24	0.07782	0.01109	0.01465	0.01131	0.01625	0.00981	0.00934	0.03072	0.01803	0.69330	0.02447	0.02128	0.01544	0.00787	0.00634	0.00200	0.00547	0.00631	0.00775	0.01075
25	0.00788	0.00659	0.00688	0.00691	0.00901	0.00559	0.00525	0.00968	0.01500	0.01817	0.11354	0.06164	0.64816	0.01620	0.00769	0.00221	0.00338	0.04461	0.00608	0.00553
26	0.02456	0.01810	0.01939	0.01487	0.02004	0.02004	0.01228	0.71107	0.03038	0.04072	0.01551	0.01551	0.01099	0.00776	0.00646	0.00194	0.00711	0.00582	0.00646	0.01099
27	0.02324	0.01744	0.01865	0.01460	0.01953	0.01942	0.01196	0.60595	0.13765	0.03859	0.01719	0.01685	0.01235	0.00791	0.00648	0.00198	0.00680	0.00605	0.00648	0.01087
28	0.00923	0.00692	0.01038	0.01038	0.01154	0.00808	0.00808	0.01154	0.01038	0.01500	0.01731	0.02538	0.01615	0.04846	0.74732	0.01038	0.01731	0.00692	0.00346	0.00577
29	0.00805	0.00657	0.00719	0.00751	0.00941	0.00570	0.00575	0.00985	0.01461	0.01782	0.07589	0.13343	0.55580	0.01686	0.00786	0.00232	0.00366	0.10018	0.00602	0.00551
30	0.02899	0.01100	0.01499	0.01150	0.01649	0.00950	0.00950	0.03149	0.01849	0.73709	0.02549	0.02199	0.01599	0.00800	0.00650	0.00200	0.00550	0.00650	0.00800	0.01100
31	0.01340	0.01148	0.01340	0.00957	0.01531	0.00861	0.00766	0.01627	0.01340	0.02105	0.01148	0.01340	0.00957	0.00479	0.00479	0.00096	0.00479	0.00383	0.00383	0.81242
32	0.02899	0.01100	0.01499	0.01150	0.01649	0.00950	0.00950	0.03149	0.01849	0.73709	0.02549	0.02199	0.01599	0.00800	0.00650	0.00200	0.00550	0.00650	0.00800	0.01100
33	0.06912	0.01347	0.02183	0.13384	0.48299	0.01400	0.01733	0.01837	0.01423	0.02074	0.01505	0.02406	0.01371	0.00763	0.00661	0.00211	0.00737	0.10495	0.00361	0.00896
34	0.01533	0.01456	0.02470	0.03716	0.67372	0.01453	0.01870	0.01895	0.01452	0.02073	0.01406	0.07729	0.01288	0.00694	0.00655	0.00198	0.00736	0.00678	0.00343	0.00983
35	0.05465	0.69208	0.03170	0.01131	0.01662	0.07294	0.01096	0.01976	0.01337	0.01588	0.00905	0.01046	0.00823	0.00562	0.00425	0.00143	0.00714	0.00350	0.00286	0.00818
36	0.01811	0.68585	0.03196	0.01174	0.01700	0.11353	0.01123	0.02013	0.01376	0.01528	0.00911	0.01052	0.00830	0.00567	0.00435	0.00142	0.00749	0.00354	0.00283	0.00819
37	0.01212	0.01036	0.01315	0.01188	0.05357	0.00920	0.00861	0.01445	0.01289	0.01930	0.01797	0.20970	0.01869	0.00978	0.00749	0.00167	0.07981	0.02380	0.00430	0.46126
38	0.00930	0.00665	0.00900	0.00900	0.00968	0.00733	0.00635	0.01065	0.00998	0.01398	0.01857	0.03238	0.01919	0.34829	0.45164	0.00868	0.01274	0.00795	0.00365	0.00500
39	0.00939	0.00629	0.00720	0.00720	0.00725	0.00635	0.00411	0.00949	0.00944	0.01264	0.02022	0.04151	0.02315	0.73976	0.06559	0.00645	0.00677	0.00928	0.00389	0.00400
40	0.01472	0.01595	0.03275	0.02808	0.17971	0.01512	0.49832	0.01945	0.01498	0.02044	0.01631	0.05379	0.04438	0.00669	0.00739	0.00214	0.00953	0.00800	0.00350	0.00873
41	0.02051	0.02084	0.01658	0.01532	0.04431	0.32108	0.01139	0.08192	0.28274	0.05577	0.01784	0.01784	0.01361	0.00760	0.00615	0.00190	0.00802	0.00572	0.04188	0.00899
42	0.00814	0.00582	0.00781	0.00931	0.00980	0.00548	0.00647	0.00947	0.01264	0.01680	0.03546	0.69424	0.04214	0.01999	0.00832	0.00266	0.00398	0.09015	0.00599	0.00532
43	0.00906	0.00640	0.00794	0.00783	0.00928	0.00589	0.00577	0.01165	0.01652	0.02330	0.47423	0.14789	0.14234	0.01404	0.00740	0.00208	0.00317	0.01231	0.08703	0.00589
44	0.02109	0.01697	0.04513	0.01685	0.08060	0.01769	0.03482	0.50643	0.05505	0.03468	0.01747	0.09127	0.01433	0.00874	0.00667	0.00203	0.00695	0.00715	0.00591	0.01019
45	0.00890	0.00684	0.00763	0.00775	0.00960	0.00612	0.00568	0.01141	0.04990	0.04035	0.11841	0.22260	0.44891	0.01634	0.00769	0.00227	0.00352	0.01402	0.00619	0.00587
46	0.00813	0.00573	0.00742	0.00866	0.00898	0.00542	0.00564	0.00906	0.01186	0.01582	0.03301	0.64487	0.03945	0.14856	0.01245	0.00324	0.00418	0.01684	0.00564	0.00502
47	0.08203	0.02270	0.01799	0.16308	0.07291	0.41731	0.01340	0.02395	0.09163	0.01854	0.01210	0.01429	0.00963	0.00673	0.00593	0.00186	0.00956	0.00487	0.00363	0.00787
48	0.01111	0.14657	0.01465	0.04828	0.03589	0.01115	0.00836	0.01293	0.01154	0.01551	0.06650	0.02762	0.03598	0.17745	0.31616	0.03273	0.01076	0.00714	0.00368	0.00599
49	0.01680	0.01424	0.01502	0.01330	0.01708	0.01641	0.01040	0.09211	0.66199	0.02820	0.02538	0.02337	0.01898	0.00868	0.00657	0.00217	0.00528	0.00718	0.00657	0.01029
50	0.01728	0.01779	0.02498	0.03602	0.62001	0.13095	0.01867	0.02077	0.01528	0.02027	0.01181	0.01531	0.00993	0.00590	0.00631	0.00188	0.00830	0.00550	0.00322	0.00980
51	0.01727	0.77681	0.03386	0.01106	0.01658	0.02557	0.01106	0.01935	0.01313	0.01520	0.00898	0.01036	0.00829	0.00553	0.00415	0.00138	0.00691	0.00345	0.00276	0.00829
52	0.01220	0.01148	0.01938	0.75739	0.04450	0.01436	0.01794	0.01651	0.01292	0.01651	0.01148	0.01723	0.00861	0.00646	0.00646	0.00215	0.00861	0.00574	0.00287	0.00718
53	0.01094	0.00764	0.01103	0.01065	0.01218	0.00870	0.00834	0.04478	0.01172	0.05275	0.01764	0.02476	0.01591	0.04454	0.67567	0.00957	0.01624	0.00685	0.00383	0.00627
54	0.01047	0.00792	0.01153	0.01169	0.01349	0.00781	0.06063	0.01327	0.01441	0.01935	0.03443	0.12569	0.11169	0.01580	0.00846	0.00264	0.02271	0.41593	0.08602	0.00607
55	0.00890	0.00659	0.00829	0.00787	0.00950	0.00599	0.00590	0.01171	0.01770	0.02452	0.62016	0.05055	0.17088	0.01373	0.00762	0.00206	0.00309	0.01201	0.00693	0.00599
56	0.00764	0.00655	0.00655	0.00655	0.00873	0.00545	0.00491	0.00927	0.01473	0.01745	0.06546	0.06218	0.73000	0.01636	0.00764	0.00218	0.00327	0.01364	0.00600	0.00545
57	0.02456	0.01810	0.01939	0.01487	0.02004	0.02004	0.01228	0.71107	0.03038	0.04072	0.01551	0.01551	0.01099	0.00776	0.00646	0.00194	0.00711	0.00582	0.00646	0.01099
58	0.00772	0.00647	0.00671	0.00681	0.00882	0.00546	0.00505	0.00937	0.01467	0.01771	0.08927	0.12000	0.64673	0.01656	0.00769	0.00221	0.00330	0.01395	0.00604	0.00546
59	0.00787	0.00562	0.00750	0.00900	0.00937	0.00525	0.00600	0.00900	0.01237	0.01649	0.03561	0.76871	0.04274	0.02024	0.00825	0.00262	0.00375	0.01837	0.00600	0.00525
60	0.01220	0.01148	0.01938	0.75739	0.04450	0.01436	0.01794	0.01651	0.01292	0.01651	0.01148	0.01723	0.00861	0.00646	0.00646	0.00215	0.00861	0.00574	0.00287	0.00718
61	0.02417	0.01772	0.01898	0.01459	0.01965	0.01960	0.01204	0.68953	0.02986	0.04021	0.01569	0.01578	0.01116	0.00775	0.00640	0.00193	0.00698	0.00582	0.03130	0.01083
62	0.00794	0.00567	0.00755	0.00895	0.00939	0.00529	0.00600	0.00916	0.01267	0.01696	0.07025	0.73273	0.04365	0.01989	0.00822	0.00259	0.00371	0.01803	0.00605	0.00529
63	0.02456	0.01810	0.01939	0.01487	0.02004	0.02004	0.01228	0.71107	0.03038	0.04072	0.01551	0.01551	0.01099	0.00776	0.00646	0.00194	0.00711	0.00582	0.00646	0.01099
64	0.01220	0.01148	0.01938	0.75739	0.04450	0.01436	0.01794	0.01651	0.01292	0.01651	0.01148	0.01723	0.00861	0.00646	0.00646	0.00215	0.00861	0.00574	0.00287	0.00718
65	0.00787	0.00562	0.00750	0.00900	0.00937	0.00525	0.00600	0.00900	0.01237	0.01649	0.03561	0.76871	0.04274	0.02024	0.00825	0.00262	0.00375	0.01837	0.00600	0.00525
66	0.00787	0.00562	0.00750	0.00900	0.00937	0.00525	0.00600	0.00900	0.01237	0.01649	0.03561	0.76871	0.04274	0.02024	0.00825	0.00262	0.00375	0.01837	0.00600	0.00525
67	0.00914	0.00660	0.00864	0.00813	0.00965	0.00610	0.00610	0.01219	0.01829	0.02591	0.72921	0.04827	0.06097	0.01321	0.00762	0.00203	0.00305	0.01169	0.00711	0.00610
