[name]
unknown

[dist]
# distance from previous block
# <min> <max>
0	13

[block]
# block no. 0 follows, 27 sequences, length 24
# corresponding to MSA columns:
# 13-36
name=unknown_A
#
# <colnr> <probs for GDERKNQSTAVLIFYWHMCP>
#	G	D	E	R	K	N	Q	S	T	A	V	L	I	F	Y	W	H	M	C	P
0	0.01196	0.00854	0.01196	0.01367	0.01538	0.00854	0.01196	0.01538	0.01709	0.02222	0.03931	0.08374	0.04272	0.02051	0.01025	0.00342	0.00684	0.64283	0.00684	0.00684
1	0.01956	0.33403	0.28558	0.01720	0.02479	0.16191	0.01860	0.02421	0.01651	0.01989	0.01169	0.01363	0.00949	0.00688	0.00602	0.00194	0.01018	0.00471	0.00329	0.00989
2	0.01074	0.00830	0.00989	0.00936	0.01153	0.00781	0.00706	0.01534	0.07741	0.02732	0.46953	0.05725	0.22936	0.01569	0.00866	0.00240	0.00378	0.01358	0.00778	0.00722
3	0.00935	0.00682	0.00881	0.00984	0.01077	0.00627	0.00680	0.01120	0.01601	0.02150	0.19063	0.51797	0.11459	0.02101	0.00925	0.00281	0.00407	0.01885	0.00718	0.00627
4	0.02470	0.06316	0.02364	0.02538	0.25534	0.07668	0.01572	0.08668	0.04217	0.24567	0.01971	0.02056	0.01436	0.01019	0.04057	0.00265	0.00871	0.00670	0.00595	0.01146
5	0.01838	0.01999	0.02219	0.22235	0.02948	0.18715	0.01705	0.02104	0.01471	0.01826	0.01116	0.01658	0.00974	0.01009	0.01519	0.00270	0.34616	0.00611	0.00340	0.00827
6	0.01307	0.00701	0.00701	0.00701	0.00886	0.00682	0.00526	0.01629	0.01577	0.02653	0.03192	0.03429	0.12038	0.01018	0.00573	0.00185	0.00351	0.00824	0.66345	0.00682
7	0.01598	0.01520	0.02581	0.41674	0.34032	0.01701	0.02159	0.02069	0.01577	0.02135	0.01354	0.01915	0.01074	0.00706	0.00739	0.00235	0.00941	0.00661	0.00347	0.00983
8	0.01011	0.00880	0.03844	0.00938	0.01166	0.00717	0.00747	0.01322	0.01919	0.02605	0.44403	0.10120	0.24317	0.01638	0.00873	0.00243	0.00394	0.01421	0.00751	0.00690
9	0.01061	0.00795	0.01193	0.01193	0.01326	0.00928	0.00928	0.01326	0.01193	0.01723	0.01988	0.02916	0.01856	0.05568	0.70968	0.01193	0.01988	0.00795	0.00398	0.00663
10	0.01786	0.01478	0.01734	0.01375	0.05084	0.01264	0.01043	0.13648	0.01900	0.02829	0.01407	0.01598	0.01133	0.00617	0.00594	0.00136	0.00614	0.00492	0.00491	0.60779
11	0.00903	0.00653	0.00854	0.01015	0.01072	0.00605	0.00681	0.01036	0.01439	0.01902	0.04317	0.69077	0.09114	0.02297	0.00943	0.00298	0.00427	0.02075	0.00689	0.00605
12	0.02729	0.16550	0.02488	0.01562	0.02161	0.02249	0.01335	0.44313	0.02886	0.13828	0.01802	0.01774	0.01286	0.00844	0.00689	0.00211	0.00785	0.00625	0.00683	0.01200
13	0.02183	0.02287	0.02580	0.11790	0.10031	0.22052	0.13153	0.12161	0.11476	0.02596	0.01620	0.01865	0.01246	0.00779	0.00746	0.00226	0.01044	0.00672	0.00478	0.01018
14	0.01077	0.00732	0.00869	0.00869	0.00890	0.00752	0.00524	0.01118	0.01097	0.01484	0.02284	0.04555	0.02568	0.63256	0.14253	0.00794	0.00918	0.01035	0.00442	0.00483
15	0.01149	0.00885	0.01151	0.01213	0.04473	0.00931	0.00858	0.01565	0.07505	0.02104	0.09083	0.07340	0.15112	0.07725	0.29738	0.00661	0.01100	0.01059	0.05631	0.00716
16	0.01920	0.03584	0.02322	0.21050	0.16769	0.05137	0.01742	0.05532	0.09732	0.08714	0.01637	0.01971	0.01272	0.00884	0.01049	0.00249	0.14290	0.00673	0.00466	0.01005
17	0.01943	0.01459	0.01677	0.01258	0.01873	0.01290	0.01013	0.12077	0.09064	0.09461	0.01732	0.01806	0.01323	0.00687	0.00620	0.00154	0.00602	0.00548	0.00567	0.50847
18	0.04258	0.01558	0.04276	0.07671	0.02187	0.04534	0.04138	0.07821	0.21321	0.08784	0.12499	0.02800	0.02469	0.01427	0.07245	0.00330	0.04237	0.00828	0.00630	0.00986
19	0.01780	0.01826	0.10265	0.09907	0.12960	0.03734	0.17467	0.02248	0.01670	0.09696	0.01811	0.07960	0.01518	0.01038	0.03798	0.00269	0.00967	0.00807	0.00457	0.09824
20	0.01591	0.01562	0.02213	0.01888	0.04588	0.07874	0.16781	0.02136	0.09823	0.02217	0.04503	0.02845	0.09073	0.01708	0.10809	0.02997	0.10310	0.00858	0.05371	0.00852
21	0.01770	0.03330	0.01568	0.01322	0.01626	0.03355	0.01022	0.21165	0.11170	0.02785	0.02190	0.05925	0.01973	0.15041	0.19527	0.00566	0.01055	0.00850	0.02876	0.00886
22	0.00959	0.00711	0.00814	0.00870	0.01020	0.00646	0.00614	0.01138	0.01541	0.02020	0.07330	0.28545	0.32146	0.06811	0.04087	0.00332	0.00483	0.01596	0.07719	0.00617
23	0.02145	0.16847	0.11179	0.02204	0.11956	0.19263	0.06140	0.08836	0.09965	0.02426	0.01496	0.01671	0.01185	0.00749	0.00677	0.00209	0.00988	0.00587	0.00438	0.01040

[dist]
# distance from previous block
# <min> <max>
2	29

[block]
# block no. 1 follows, 27 sequences, length 17
# corresponding to MSA columns:
# 66-82
name=unknown_B
#
# <colnr> <probs for GDERKNQSTAVLIFYWHMCP>
#	G	D	E	R	K	N	Q	S	T	A	V	L	I	F	Y	W	H	M	C	P
0	0.15673	0.01553	0.09104	0.08014	0.04500	0.01430	0.01266	0.05060	0.16118	0.02720	0.06265	0.15789	0.02384	0.01134	0.00723	0.00244	0.00648	0.00950	0.02644	0.03781
1	0.10280	0.06130	0.05170	0.07572	0.31463	0.04579	0.01783	0.08490	0.06897	0.02660	0.01460	0.01757	0.01173	0.00746	0.00756	0.00222	0.03926	0.00612	0.00437	0.03887
2	0.01838	0.03983	0.07988	0.02669	0.24844	0.05123	0.08565	0.07657	0.01794	0.02545	0.01423	0.01748	0.01148	0.00691	0.00747	0.00198	0.03460	0.00608	0.03759	0.19213
3	0.01310	0.00839	0.01057	0.01106	0.04813	0.00764	0.00766	0.01584	0.01804	0.09515	0.24235	0.15085	0.21057	0.01534	0.00818	0.00239	0.00426	0.01328	0.10966	0.00751
4	0.26981	0.01507	0.01738	0.10888	0.04656	0.01730	0.01273	0.12508	0.06303	0.11377	0.01621	0.01830	0.01218	0.01104	0.04625	0.00294	0.08226	0.00607	0.00544	0.00968
5	0.01323	0.01009	0.01321	0.10599	0.05040	0.01094	0.00941	0.07460	0.01485	0.02003	0.05769	0.10726	0.02620	0.37645	0.04888	0.00521	0.03345	0.01056	0.00494	0.00661
6	0.01047	0.00721	0.00901	0.00978	0.01115	0.00657	0.00701	0.01243	0.01617	0.04776	0.13262	0.41538	0.18454	0.02001	0.00904	0.00276	0.00427	0.05149	0.03579	0.00654
7	0.01624	0.01624	0.02274	0.01949	0.01949	0.02274	0.01624	0.01787	0.01137	0.01787	0.00975	0.01624	0.00975	0.01299	0.02436	0.00325	0.72552	0.00650	0.00325	0.00812
8	0.00936	0.00701	0.00869	0.00939	0.01067	0.00634	0.00662	0.01137	0.01665	0.02204	0.21846	0.39625	0.20993	0.02007	0.00912	0.00271	0.00396	0.01778	0.00723	0.00634
9	0.00931	0.00754	0.00827	0.00809	0.01036	0.00650	0.00607	0.01170	0.01820	0.02308	0.26642	0.06646	0.49668	0.01767	0.00877	0.00245	0.00368	0.01497	0.00729	0.00650
10	0.01524	0.03597	0.61375	0.02250	0.03301	0.01744	0.11188	0.02355	0.01592	0.02355	0.01355	0.01625	0.00965	0.00695	0.00728	0.00237	0.01118	0.00592	0.00322	0.01084
11	0.01698	0.01968	0.11098	0.09197	0.05112	0.06482	0.01693	0.05000	0.05046	0.02157	0.01315	0.01768	0.01116	0.01211	0.04925	0.00307	0.30714	0.00625	0.00386	0.08184
12	0.08490	0.23638	0.07635	0.01525	0.02112	0.06892	0.01377	0.21305	0.14717	0.03033	0.01657	0.01701	0.01279	0.00798	0.00635	0.00209	0.00803	0.00577	0.00539	0.01077
13	0.01062	0.00731	0.00869	0.00916	0.00960	0.00719	0.00595	0.01139	0.01248	0.01642	0.03077	0.14556	0.06772	0.50268	0.02853	0.00585	0.00658	0.10309	0.00528	0.00513
14	0.18802	0.01701	0.05739	0.17030	0.36125	0.01720	0.01899	0.02236	0.03592	0.02537	0.01348	0.01742	0.01078	0.00697	0.00675	0.00230	0.00837	0.00604	0.00390	0.01020
15	0.11490	0.01260	0.08219	0.01134	0.01493	0.00994	0.00973	0.01604	0.03105	0.02312	0.06634	0.19927	0.10705	0.07231	0.01009	0.00280	0.00578	0.06850	0.00567	0.13634
16	0.02168	0.01926	0.01778	0.01538	0.01942	0.14611	0.01200	0.26761	0.15648	0.03170	0.02559	0.12508	0.05585	0.01336	0.03559	0.00274	0.00836	0.00927	0.00654	0.01018

[dist]
# distance from previous block
# <min> <max>
0	1

[block]
# block no. 2 follows, 27 sequences, length 6
# corresponding to MSA columns:
# 84-89
name=unknown_C
#
# <colnr> <probs for GDERKNQSTAVLIFYWHMCP>
#	G	D	E	R	K	N	Q	S	T	A	V	L	I	F	Y	W	H	M	C	P
0	0.07130	0.03769	0.12437	0.06615	0.04269	0.07672	0.01438	0.05420	0.10513	0.17168	0.06873	0.04784	0.01918	0.00910	0.00712	0.00224	0.00770	0.00733	0.00597	0.06047
1	0.01311	0.00874	0.01239	0.01454	0.10808	0.00857	0.00858	0.01365	0.01341	0.04686	0.08666	0.10221	0.05348	0.22861	0.04672	0.20627	0.00688	0.01025	0.00491	0.00609
2	0.01615	0.01483	0.02338	0.13303	0.38605	0.01560	0.01816	0.02249	0.11127	0.02355	0.02081	0.14281	0.01946	0.01009	0.00775	0.00243	0.00778	0.00935	0.00473	0.01027
3	0.04938	0.01499	0.05199	0.17478	0.11843	0.01425	0.14825	0.02076	0.01624	0.07088	0.01993	0.09715	0.01787	0.00969	0.00776	0.00242	0.00854	0.05819	0.02991	0.06857
4	0.01949	0.03769	0.05378	0.18849	0.17207	0.04068	0.09434	0.10522	0.07731	0.07861	0.01796	0.05003	0.01420	0.00831	0.00755	0.00235	0.00900	0.00753	0.00495	0.01047
5	0.01015	0.00764	0.00934	0.01022	0.01144	0.00735	0.00724	0.01325	0.06604	0.02070	0.08882	0.42695	0.15586	0.07187	0.01123	0.00317	0.00466	0.06069	0.00686	0.00652

[dist]
# distance from previous block
# <min> <max>
6	15

[block]
# block no. 3 follows, 27 sequences, length 12
# corresponding to MSA columns:
# 105-116
name=unknown_D
#
# <colnr> <probs for GDERKNQSTAVLIFYWHMCP>
#	G	D	E	R	K	N	Q	S	T	A	V	L	I	F	Y	W	H	M	C	P
0	0.10727	0.12449	0.18247	0.02003	0.06014	0.11218	0.12364	0.06681	0.01777	0.02495	0.03197	0.01654	0.01175	0.00711	0.00667	0.00210	0.00964	0.00584	0.00405	0.06459
1	0.41233	0.01765	0.03754	0.01440	0.04845	0.05333	0.01145	0.17705	0.01976	0.12265	0.01492	0.01563	0.01078	0.00770	0.00595	0.00226	0.00709	0.00531	0.00574	0.01002
2	0.02345	0.01818	0.01867	0.01835	0.10376	0.13797	0.01260	0.16405	0.08050	0.15368	0.02141	0.05474	0.01750	0.09440	0.01084	0.00280	0.00813	0.00776	0.04096	0.01023
3	0.12619	0.00860	0.00925	0.00889	0.01134	0.00835	0.00680	0.01369	0.01717	0.02500	0.26503	0.05317	0.31647	0.01938	0.07586	0.00333	0.00553	0.01244	0.00670	0.00681
4	0.00924	0.00661	0.00879	0.01021	0.01081	0.00616	0.00691	0.01082	0.01511	0.02038	0.12653	0.64456	0.05187	0.02219	0.00938	0.00293	0.00420	0.02009	0.00706	0.00616
5	0.00921	0.00744	0.00819	0.00821	0.01035	0.00642	0.00608	0.01141	0.01763	0.02223	0.21609	0.13000	0.48402	0.01837	0.00884	0.00251	0.00375	0.01565	0.00719	0.00642
6	0.00926	0.00743	0.00808	0.00810	0.01013	0.00645	0.00589	0.01125	0.01700	0.02130	0.17941	0.11581	0.48091	0.07261	0.01100	0.00287	0.00401	0.01530	0.00694	0.00625
7	0.02102	0.63802	0.03624	0.01366	0.01963	0.13071	0.01295	0.02333	0.01597	0.01757	0.01049	0.01213	0.00953	0.00654	0.00505	0.00164	0.00875	0.00409	0.00327	0.00939
8	0.01165	0.00778	0.00882	0.00844	0.01079	0.00687	0.00637	0.01423	0.01805	0.07148	0.22966	0.08305	0.36227	0.01597	0.00823	0.00236	0.00385	0.01353	0.10960	0.00699
9	0.01397	0.01057	0.01213	0.01091	0.01373	0.01056	0.00848	0.14553	0.05185	0.03007	0.32007	0.08565	0.20555	0.01516	0.00853	0.00243	0.00476	0.03435	0.00757	0.00811
10	0.02914	0.01932	0.02137	0.01638	0.02229	0.02084	0.01353	0.55413	0.03244	0.16417	0.01989	0.01917	0.01366	0.00896	0.00743	0.00224	0.00784	0.00682	0.00774	0.01263
11	0.01519	0.01176	0.05944	0.01168	0.01492	0.01024	0.00996	0.05126	0.09527	0.09041	0.14295	0.09783	0.11458	0.01395	0.00802	0.00249	0.00537	0.10501	0.13124	0.00843

[dist]
# distance from previous block
# <min> <max>
0	1

[block]
# block no. 4 follows, 27 sequences, length 6
# corresponding to MSA columns:
# 118-123
name=unknown_E
#
# <colnr> <probs for GDERKNQSTAVLIFYWHMCP>
#	G	D	E	R	K	N	Q	S	T	A	V	L	I	F	Y	W	H	M	C	P
0	0.01274	0.00732	0.01122	0.10214	0.01514	0.00772	0.00832	0.01093	0.01070	0.01416	0.01515	0.07853	0.01537	0.02320	0.02466	0.62071	0.00673	0.00763	0.00352	0.00410
1	0.08070	0.04471	0.02235	0.12316	0.21558	0.10720	0.01613	0.11897	0.01934	0.02636	0.06204	0.06556	0.01732	0.00916	0.00793	0.00230	0.03918	0.00748	0.00476	0.00975
2	0.06733	0.13878	0.11411	0.14153	0.07719	0.04668	0.16290	0.04640	0.01665	0.02322	0.01313	0.01666	0.01029	0.00671	0.00683	0.00212	0.00958	0.00605	0.00376	0.09008
3	0.01564	0.01333	0.06391	0.01494	0.01786	0.01273	0.06752	0.02057	0.09828	0.09630	0.06413	0.14263	0.02600	0.08872	0.07461	0.03599	0.10131	0.03155	0.00566	0.00831
4	0.01509	0.01283	0.01343	0.01453	0.07236	0.09995	0.00973	0.06139	0.01824	0.06208	0.09053	0.30662	0.16100	0.01648	0.00848	0.00255	0.00609	0.01428	0.00649	0.00783
5	0.02008	0.14308	0.06894	0.08321	0.06447	0.08327	0.08767	0.11312	0.01941	0.07808	0.01991	0.05612	0.05480	0.00875	0.00706	0.00212	0.00868	0.00734	0.00492	0.06898

[dist]
# distance from previous block
# <min> <max>
0	37

[block]
# block no. 5 follows, 27 sequences, length 10
# corresponding to MSA columns:
# 161-170
name=unknown_F
#
# <colnr> <probs for GDERKNQSTAVLIFYWHMCP>
#	G	D	E	R	K	N	Q	S	T	A	V	L	I	F	Y	W	H	M	C	P
0	0.01842	0.03995	0.16329	0.08402	0.03912	0.08375	0.04930	0.11465	0.05669	0.06596	0.05005	0.05489	0.06450	0.03677	0.04338	0.00297	0.00931	0.00813	0.00521	0.00965
1	0.08590	0.11091	0.06912	0.04892	0.08049	0.09003	0.08998	0.11325	0.08406	0.02627	0.01803	0.09758	0.01597	0.00943	0.00759	0.00231	0.02758	0.00785	0.00492	0.00981
2	0.08654	0.08043	0.02088	0.04205	0.11638	0.06414	0.04753	0.04567	0.03950	0.07473	0.08890	0.02543	0.05034	0.01557	0.10306	0.00356	0.05529	0.00751	0.00505	0.02745
3	0.18215	0.08505	0.06027	0.13334	0.09161	0.06584	0.03913	0.11053	0.01801	0.02728	0.01300	0.01577	0.01018	0.00703	0.00629	0.00206	0.00830	0.00542	0.00436	0.11437
4	0.01303	0.01240	0.10356	0.01135	0.01485	0.00896	0.01017	0.01699	0.03602	0.09045	0.25183	0.11120	0.20695	0.01703	0.04114	0.00292	0.00585	0.03048	0.00690	0.00793
5	0.01632	0.01312	0.01505	0.01351	0.01499	0.07251	0.01042	0.01807	0.03247	0.08713	0.04668	0.03433	0.09683	0.15449	0.04034	0.07281	0.21856	0.03012	0.00499	0.00726
6	0.01153	0.00955	0.01602	0.01427	0.01648	0.01032	0.09773	0.01476	0.01365	0.01945	0.09018	0.03072	0.02303	0.04471	0.54066	0.00964	0.01715	0.00864	0.00439	0.00713
7	0.01152	0.00935	0.01478	0.01413	0.01636	0.00889	0.09782	0.01466	0.01692	0.02243	0.12703	0.24022	0.09237	0.01845	0.00954	0.00297	0.00626	0.26265	0.00662	0.00703
8	0.02492	0.02872	0.02050	0.08053	0.02481	0.46659	0.01442	0.08543	0.13806	0.02298	0.01549	0.01687	0.01217	0.00817	0.00697	0.00210	0.01130	0.00574	0.00475	0.00948
9	0.02625	0.08701	0.02249	0.01651	0.02177	0.16393	0.01348	0.42098	0.05456	0.03669	0.01667	0.01728	0.01244	0.00846	0.00693	0.00209	0.00889	0.00613	0.04625	0.01119

[dist]
# distance from previous block
# <min> <max>
0	2

[block]
# block no. 6 follows, 27 sequences, length 30
# corresponding to MSA columns:
# 173-202
name=unknown_G
#
# <colnr> <probs for GDERKNQSTAVLIFYWHMCP>
#	G	D	E	R	K	N	Q	S	T	A	V	L	I	F	Y	W	H	M	C	P
0	0.00983	0.00721	0.00832	0.00894	0.01059	0.00650	0.00657	0.01196	0.01624	0.02151	0.10201	0.27239	0.31414	0.01886	0.00869	0.00263	0.00412	0.06522	0.09791	0.00637
1	0.01287	0.00865	0.01041	0.01061	0.01229	0.00842	0.00765	0.08503	0.01732	0.05517	0.05744	0.41002	0.11584	0.06478	0.01059	0.00301	0.00496	0.03880	0.05903	0.00712
2	0.02232	0.02401	0.02525	0.05402	0.02657	0.25802	0.14810	0.10975	0.14839	0.02545	0.01657	0.01862	0.01287	0.00842	0.00885	0.00233	0.06884	0.00676	0.00492	0.00996
3	0.01041	0.00750	0.00874	0.00919	0.01018	0.00715	0.00640	0.01163	0.01379	0.01764	0.04065	0.10491	0.19801	0.37139	0.02329	0.00501	0.00608	0.13681	0.00571	0.00550
4	0.01943	0.22667	0.28771	0.01838	0.05771	0.02104	0.01881	0.09764	0.09607	0.06531	0.01596	0.01698	0.01200	0.00753	0.00656	0.00214	0.00884	0.00571	0.00453	0.01098
5	0.57385	0.01656	0.04709	0.01182	0.01696	0.01757	0.01020	0.12319	0.04823	0.05636	0.01320	0.01430	0.00985	0.00744	0.00539	0.00230	0.00640	0.00482	0.00525	0.00922
6	0.00913	0.00672	0.00837	0.00963	0.01042	0.00617	0.00647	0.01043	0.01446	0.01880	0.04599	0.55598	0.16785	0.07841	0.01156	0.00325	0.00443	0.01928	0.00670	0.00595
7	0.01063	0.00957	0.01124	0.01049	0.01292	0.04179	0.05142	0.01298	0.01737	0.02162	0.16261	0.17670	0.39819	0.01757	0.00879	0.00254	0.00488	0.01523	0.00674	0.00672
8	0.15401	0.02150	0.01879	0.01742	0.06334	0.27282	0.06280	0.04028	0.03424	0.07263	0.06315	0.02005	0.01605	0.00820	0.00659	0.00210	0.00898	0.00628	0.10183	0.00895
9	0.01079	0.00724	0.00829	0.00829	0.00836	0.00730	0.00474	0.01092	0.01085	0.01454	0.02321	0.04759	0.02656	0.70405	0.07224	0.00744	0.00785	0.01065	0.00447	0.00461
10	0.00939	0.00667	0.00884	0.01045	0.01095	0.00630	0.00713	0.01076	0.01422	0.01891	0.03965	0.63874	0.04716	0.06964	0.01138	0.00332	0.00469	0.06906	0.00673	0.00599
11	0.09383	0.01731	0.09621	0.01415	0.01918	0.04705	0.01263	0.16869	0.02200	0.18789	0.10932	0.07171	0.04643	0.01121	0.00761	0.00239	0.00703	0.04831	0.00691	0.01014
12	0.01610	0.01729	0.03533	0.11555	0.07892	0.01706	0.44247	0.02132	0.01654	0.02243	0.01758	0.10372	0.01552	0.00867	0.00915	0.00257	0.03667	0.00972	0.00404	0.00937
13	0.00913	0.00653	0.00869	0.01028	0.01079	0.00609	0.00690	0.01056	0.01463	0.01961	0.08061	0.69268	0.05038	0.02276	0.00943	0.00297	0.00426	0.02063	0.00697	0.00609
14	0.02265	0.02438	0.01778	0.01593	0.01939	0.41253	0.03487	0.02505	0.01890	0.07076	0.02055	0.02271	0.06755	0.01438	0.08946	0.00317	0.01167	0.00662	0.09329	0.00834
15	0.04067	0.20671	0.31333	0.01675	0.02451	0.01952	0.01854	0.02679	0.08972	0.13118	0.01683	0.01752	0.01231	0.00771	0.00699	0.00219	0.02753	0.00573	0.00465	0.01081
16	0.02628	0.07926	0.02241	0.01683	0.02185	0.17485	0.01369	0.33365	0.09040	0.08423	0.01747	0.01781	0.01296	0.00877	0.00794	0.00219	0.04574	0.00626	0.00622	0.01117
17	0.01539	0.01319	0.01539	0.01100	0.01759	0.00990	0.00880	0.01869	0.01539	0.02419	0.01319	0.01539	0.01100	0.00550	0.00550	0.00110	0.00550	0.00440	0.00440	0.78449
18	0.01677	0.06395	0.07992	0.03084	0.03799	0.01322	0.04327	0.06266	0.08539	0.10800	0.10931	0.06468	0.16085	0.01240	0.00792	0.00239	0.00648	0.05312	0.00641	0.03440
19	0.01715	0.17938	0.20662	0.01567	0.02156	0.06169	0.01589	0.02447	0.12711	0.04852	0.05358	0.05369	0.02076	0.01188	0.03250	0.00268	0.00865	0.08351	0.00502	0.00967
20	0.02940	0.01351	0.01711	0.01371	0.01904	0.01290	0.01113	0.03704	0.19464	0.52224	0.02953	0.02591	0.01951	0.00942	0.00749	0.00236	0.00620	0.00771	0.00876	0.01240
21	0.00913	0.00653	0.00869	0.01028	0.01079	0.00609	0.00690	0.01055	0.01462	0.01959	0.07930	0.69405	0.05034	0.02278	0.00943	0.00297	0.00426	0.02065	0.00697	0.00609
22	0.01893	0.01934	0.06991	0.25433	0.17463	0.06104	0.07563	0.14255	0.01948	0.02588	0.01406	0.01826	0.01085	0.00778	0.00853	0.00238	0.05545	0.00661	0.00421	0.01015
23	0.01680	0.01589	0.02318	0.52399	0.12773	0.06140	0.01987	0.08204	0.01741	0.02224	0.01362	0.01902	0.01037	0.00748	0.00737	0.00238	0.00982	0.00649	0.00377	0.00913
24	0.01453	0.01270	0.09735	0.13155	0.01988	0.01082	0.01133	0.05147	0.01621	0.02597	0.02036	0.02442	0.01591	0.01132	0.05178	0.00262	0.00681	0.00674	0.46031	0.00793
25	0.01490	0.01295	0.02337	0.03758	0.02315	0.01261	0.27894	0.02013	0.04774	0.02465	0.02333	0.08707	0.03969	0.01082	0.03024	0.00258	0.00811	0.00928	0.28453	0.00836
26	0.01635	0.04196	0.06049	0.08729	0.07897	0.03458	0.06324	0.11369	0.01882	0.02566	0.11435	0.09331	0.03971	0.05977	0.01079	0.00265	0.05433	0.00921	0.00525	0.06957
27	0.01601	0.09951	0.04712	0.11927	0.02417	0.01482	0.11190	0.05764	0.03800	0.06664	0.02954	0.03362	0.15780	0.09470	0.03013	0.00310	0.00816	0.00907	0.00507	0.03372
28	0.01958	0.21618	0.05987	0.07576	0.02430	0.14211	0.06916	0.07875	0.01847	0.02300	0.06701	0.01835	0.01505	0.00776	0.00714	0.00195	0.03488	0.00596	0.00429	0.11042
29	0.02312	0.01804	0.02014	0.06701	0.10817	0.10841	0.01384	0.18218	0.04012	0.14230	0.01842	0.02239	0.01462	0.09435	0.01184	0.00281	0.05238	0.00696	0.00574	0.04715

[dist]
# distance from previous block
# <min> <max>
0	9

[block]
# block no. 7 follows, 27 sequences, length 18
# corresponding to MSA columns:
# 212-229
name=unknown_H
#
# <colnr> <probs for GDERKNQSTAVLIFYWHMCP>
#	G	D	E	R	K	N	Q	S	T	A	V	L	I	F	Y	W	H	M	C	P
0	0.02201	0.15027	0.02970	0.05757	0.06028	0.17961	0.17063	0.10117	0.04545	0.05281	0.01465	0.01698	0.01141	0.00722	0.00701	0.00208	0.01019	0.00624	0.00448	0.05025
1	0.01682	0.01212	0.01919	0.07825	0.16354	0.01222	0.06603	0.01988	0.01574	0.12757	0.02453	0.09370	0.05012	0.11180	0.08305	0.00404	0.02701	0.03074	0.03487	0.00879
2	0.01743	0.01733	0.03111	0.08013	0.03168	0.01608	0.34748	0.07506	0.01806	0.02542	0.01451	0.01833	0.01118	0.00633	0.00749	0.00203	0.00968	0.00701	0.00423	0.25943
3	0.00903	0.00654	0.00853	0.01013	0.01071	0.00605	0.00680	0.01036	0.01441	0.01903	0.04341	0.68608	0.09567	0.02293	0.00942	0.00298	0.00427	0.02071	0.00689	0.00605
4	0.08052	0.10350	0.02361	0.08973	0.06100	0.01828	0.06197	0.16533	0.07596	0.21713	0.01971	0.01998	0.01393	0.00815	0.00702	0.00224	0.00779	0.00667	0.00631	0.01116
5	0.53951	0.01361	0.01229	0.01079	0.01511	0.01518	0.00869	0.02461	0.08368	0.12265	0.01525	0.01642	0.01141	0.00916	0.00739	0.06914	0.00590	0.00516	0.00542	0.00865
6	0.00912	0.00753	0.00800	0.00789	0.01024	0.00642	0.00591	0.01133	0.01774	0.02201	0.19864	0.06823	0.56513	0.01807	0.00877	0.00247	0.00371	0.01522	0.00715	0.00642
7	0.00959	0.00743	0.00857	0.00876	0.01054	0.00663	0.00642	0.01173	0.01708	0.02198	0.21654	0.15644	0.35712	0.07764	0.01133	0.00297	0.00423	0.05169	0.00701	0.00631
8	0.00890	0.00736	0.00781	0.00806	0.01020	0.00627	0.00591	0.01077	0.01670	0.02036	0.10032	0.17549	0.55760	0.01933	0.00888	0.00258	0.00383	0.01642	0.00696	0.00627
9	0.01985	0.74357	0.03890	0.01270	0.01905	0.02937	0.01270	0.02223	0.01508	0.01747	0.01032	0.01191	0.00953	0.00635	0.00476	0.00159	0.00794	0.00397	0.00318	0.00953
10	0.02773	0.03538	0.02104	0.01913	0.02295	0.70930	0.01434	0.02964	0.02104	0.01817	0.01148	0.01339	0.00956	0.00765	0.00669	0.00191	0.01339	0.00478	0.00383	0.00861
11	0.00907	0.00691	0.00836	0.00932	0.01055	0.00619	0.00648	0.01074	0.01567	0.02020	0.10544	0.45799	0.26408	0.02111	0.00918	0.00279	0.00406	0.01867	0.00700	0.00619
12	0.02822	0.02079	0.02228	0.01708	0.02302	0.02302	0.01411	0.66804	0.03490	0.04679	0.01782	0.01782	0.01262	0.00891	0.00743	0.00223	0.00817	0.00668	0.00743	0.01262
13	0.01461	0.00928	0.01296	0.01205	0.01384	0.01026	0.00931	0.01682	0.01346	0.12473	0.02378	0.03216	0.05293	0.13336	0.41546	0.00856	0.07555	0.00852	0.00496	0.00741
14	0.00980	0.00716	0.00969	0.01048	0.01132	0.00736	0.00741	0.01147	0.01317	0.01788	0.03351	0.35506	0.07778	0.11653	0.26797	0.00671	0.01028	0.01477	0.00556	0.00609
15	0.02135	0.01923	0.02111	0.09028	0.02486	0.16902	0.08721	0.10437	0.10565	0.09893	0.06126	0.02281	0.01762	0.01325	0.07696	0.00318	0.01026	0.00726	0.00558	0.03981
16	0.01803	0.07284	0.01942	0.01505	0.01744	0.01628	0.03701	0.04434	0.06143	0.12054	0.02021	0.03070	0.01856	0.14983	0.05392	0.00405	0.22470	0.06193	0.00517	0.00853
17	0.05259	0.32854	0.11891	0.01536	0.02185	0.02116	0.08203	0.06907	0.01647	0.02247	0.01323	0.01719	0.01149	0.06659	0.00848	0.00226	0.00835	0.00550	0.00388	0.11458

[dist]
# distance from previous block
# <min> <max>
2	11

[block]
# block no. 8 follows, 27 sequences, length 40
# corresponding to MSA columns:
# 241-280
name=unknown_I
#
# <colnr> <probs for GDERKNQSTAVLIFYWHMCP>
#	G	D	E	R	K	N	Q	S	T	A	V	L	I	F	Y	W	H	M	C	P
0	0.02347	0.09979	0.04909	0.02081	0.11494	0.05199	0.04120	0.27648	0.07372	0.08619	0.01847	0.02148	0.01440	0.00889	0.00790	0.00228	0.03477	0.03688	0.00594	0.01131
1	0.01183	0.00794	0.01050	0.01041	0.01167	0.00804	0.00734	0.01341	0.01279	0.05453	0.02575	0.18984	0.02747	0.25402	0.27004	0.00737	0.01099	0.01151	0.00509	0.04944
2	0.07154	0.12758	0.20123	0.02083	0.12416	0.10826	0.01766	0.11538	0.01920	0.04300	0.01643	0.01810	0.04159	0.00775	0.00665	0.00210	0.00913	0.00590	0.00439	0.03913
3	0.01596	0.01172	0.04678	0.01612	0.10812	0.01022	0.01101	0.02018	0.07354	0.14861	0.05851	0.26722	0.15088	0.01537	0.00838	0.00258	0.00564	0.01350	0.00679	0.00886
4	0.00904	0.00646	0.00861	0.01034	0.01077	0.00603	0.00689	0.01034	0.01421	0.01895	0.04092	0.73426	0.04910	0.02326	0.00948	0.00301	0.00431	0.02110	0.00689	0.00603
5	0.01521	0.01364	0.01621	0.13840	0.06010	0.08355	0.03492	0.07686	0.04304	0.02137	0.02498	0.19525	0.04443	0.18159	0.01497	0.00361	0.00784	0.01122	0.00517	0.00764
6	0.01864	0.01894	0.02691	0.14933	0.47490	0.10989	0.02073	0.02277	0.01728	0.02279	0.03810	0.01928	0.01329	0.00720	0.00732	0.00221	0.00941	0.00661	0.00380	0.01060
7	0.01448	0.00999	0.01199	0.01158	0.01422	0.00983	0.00918	0.08864	0.06141	0.07957	0.12300	0.17064	0.19162	0.01707	0.00889	0.00273	0.00534	0.15451	0.00732	0.00801
8	0.00912	0.00680	0.00828	0.00941	0.01035	0.00619	0.00637	0.01046	0.01464	0.01886	0.04845	0.50404	0.21507	0.08120	0.01163	0.00323	0.00440	0.01883	0.00669	0.00597
9	0.01642	0.05154	0.11266	0.37054	0.22373	0.01787	0.02136	0.05806	0.01669	0.02255	0.01356	0.01839	0.01049	0.00719	0.00723	0.00233	0.00955	0.00634	0.00361	0.00988
10	0.01662	0.01605	0.01933	0.04782	0.14473	0.11325	0.04974	0.04475	0.10412	0.02296	0.02555	0.22010	0.02591	0.01345	0.00892	0.00261	0.03689	0.07279	0.00550	0.00892
11	0.00915	0.00675	0.00857	0.00979	0.01068	0.00617	0.00670	0.01076	0.01534	0.02024	0.11292	0.55902	0.15325	0.02172	0.00929	0.00286	0.00414	0.01945	0.00702	0.00617
12	0.01526	0.01549	0.02865	0.45187	0.04451	0.01775	0.21014	0.02028	0.01530	0.02028	0.01341	0.01953	0.01028	0.00761	0.00942	0.00256	0.07825	0.00722	0.00343	0.00875
13	0.01932	0.04009	0.16649	0.05875	0.18353	0.03404	0.15101	0.04724	0.01780	0.12079	0.01836	0.07633	0.01495	0.00848	0.00769	0.00236	0.00941	0.00799	0.00474	0.01064
14	0.02015	0.01508	0.01732	0.05745	0.06824	0.04180	0.01206	0.09537	0.28746	0.12044	0.05645	0.02889	0.02188	0.11027	0.01171	0.00305	0.00697	0.00829	0.00670	0.01041
15	0.01085	0.00806	0.01099	0.01075	0.01141	0.00844	0.03276	0.01198	0.01209	0.01650	0.02578	0.19773	0.02900	0.38257	0.16310	0.00684	0.03834	0.01231	0.00486	0.00563
16	0.79154	0.01436	0.01091	0.00976	0.01436	0.01665	0.00804	0.02182	0.01263	0.03331	0.01034	0.01206	0.00804	0.00689	0.00459	0.00230	0.00574	0.00402	0.00459	0.00804
17	0.01543	0.00845	0.00862	0.00804	0.01024	0.00870	0.00618	0.08926	0.01771	0.02979	0.02351	0.02659	0.01832	0.00868	0.00544	0.00178	0.00398	0.00689	0.69484	0.00755
18	0.01481	0.00760	0.01060	0.00999	0.01123	0.00732	0.00714	0.01431	0.01358	0.10491	0.12424	0.03144	0.04926	0.04927	0.06409	0.43010	0.00663	0.00829	0.02967	0.00552
19	0.01032	0.00819	0.00956	0.00922	0.01143	0.00773	0.00698	0.01426	0.06517	0.02428	0.30212	0.05780	0.33456	0.02061	0.08127	0.00342	0.00548	0.01349	0.00713	0.00698
20	0.00978	0.00754	0.00893	0.00929	0.01112	0.00679	0.00705	0.01213	0.01732	0.02232	0.20824	0.15739	0.33441	0.04551	0.01016	0.00285	0.00437	0.11126	0.00710	0.00643
21	0.02138	0.01739	0.01843	0.01570	0.02041	0.01983	0.01246	0.22722	0.48686	0.03575	0.02651	0.02475	0.01966	0.00973	0.00752	0.00243	0.00656	0.00788	0.00752	0.01201
22	0.01508	0.01180	0.01470	0.01594	0.10778	0.01214	0.01042	0.02350	0.22254	0.06362	0.19733	0.04189	0.13635	0.08101	0.01086	0.00286	0.00552	0.01070	0.00687	0.00909
23	0.31313	0.01839	0.01804	0.01435	0.01979	0.02064	0.01184	0.42684	0.02659	0.04176	0.01503	0.01567	0.01091	0.00816	0.00637	0.00225	0.00726	0.00569	0.00637	0.01091
24	0.01030	0.00753	0.01069	0.01106	0.01201	0.00830	0.00811	0.01229	0.01226	0.01721	0.02487	0.18285	0.02626	0.14313	0.46693	0.00937	0.01480	0.01116	0.00467	0.00621
25	0.51942	0.05722	0.01435	0.01089	0.01603	0.04811	0.00898	0.04509	0.01456	0.03026	0.01127	0.01303	0.00899	0.00667	0.00500	0.00198	0.00626	0.00423	0.00454	0.17313
26	0.01183	0.01042	0.01056	0.01128	0.01291	0.07340	0.00819	0.01523	0.07453	0.02046	0.04433	0.40750	0.17816	0.01944	0.00896	0.00279	0.00540	0.07104	0.00666	0.00690
27	0.01730	0.09844	0.54169	0.01981	0.02962	0.01917	0.02415	0.11857	0.01846	0.02641	0.01372	0.01566	0.00989	0.00727	0.00690	0.00227	0.01029	0.00553	0.00377	0.01109
28	0.01072	0.00751	0.00969	0.00969	0.01025	0.00807	0.00649	0.01182	0.01127	0.01558	0.02193	0.04049	0.02348	0.45422	0.31786	0.00917	0.01249	0.00961	0.00428	0.00539
29	0.01292	0.01070	0.01408	0.01335	0.01489	0.03950	0.01053	0.05205	0.01355	0.01904	0.01831	0.02645	0.01688	0.04635	0.56548	0.01001	0.09699	0.00759	0.00409	0.00722
30	0.10672	0.10458	0.17660	0.02052	0.05075	0.25753	0.11017	0.04902	0.01814	0.02304	0.01247	0.01489	0.00979	0.00711	0.00669	0.00213	0.01095	0.00548	0.00381	0.00963
31	0.79154	0.01436	0.01091	0.00976	0.01436	0.01665	0.00804	0.02182	0.01263	0.03331	0.01034	0.01206	0.00804	0.00689	0.00459	0.00230	0.00574	0.00402	0.00459	0.00804
32	0.00971	0.00756	0.00882	0.00850	0.01060	0.00667	0.00638	0.01247	0.01913	0.02531	0.40697	0.06280	0.35474	0.01684	0.00876	0.00241	0.00362	0.01446	0.00758	0.00667
33	0.01513	0.07273	0.66842	0.02075	0.03149	0.01783	0.02671	0.02345	0.01564	0.02322	0.01318	0.01549	0.00941	0.00702	0.00694	0.00231	0.01082	0.00541	0.00314	0.01090
34	0.08879	0.02532	0.02212	0.01993	0.06159	0.33268	0.06102	0.12293	0.02069	0.05154	0.01435	0.04202	0.01197	0.00881	0.00878	0.00225	0.08477	0.00628	0.00469	0.00947
35	0.09646	0.01800	0.02047	0.01632	0.02159	0.01985	0.05939	0.35078	0.19664	0.05584	0.02072	0.02065	0.01514	0.00882	0.00718	0.00231	0.00739	0.00705	0.04388	0.01151
36	0.01202	0.00953	0.01260	0.01193	0.01354	0.00976	0.05526	0.01687	0.13292	0.01989	0.03148	0.26089	0.05814	0.26453	0.05277	0.00472	0.00691	0.01355	0.00583	0.00687
37	0.02056	0.01636	0.04379	0.04405	0.09469	0.04751	0.01304	0.15573	0.05152	0.11967	0.07098	0.02408	0.04243	0.01137	0.04748	0.00259	0.00790	0.00715	0.00597	0.17313
38	0.02019	0.13692	0.04505	0.01609	0.02094	0.01989	0.05464	0.16636	0.16871	0.05972	0.05126	0.04625	0.01806	0.00959	0.00899	0.00229	0.08672	0.00743	0.00584	0.05506
39	0.01773	0.01605	0.02409	0.11501	0.18912	0.04700	0.11721	0.08732	0.03976	0.04899	0.04639	0.08631	0.06046	0.00962	0.00777	0.00231	0.00836	0.00890	0.00505	0.06255

[dist]
# distance from previous block
# <min> <max>
1	16

[block]
# block no. 9 follows, 27 sequences, length 15
# corresponding to MSA columns:
# 297-311
name=unknown_J
#
# <colnr> <probs for GDERKNQSTAVLIFYWHMCP>
#	G	D	E	R	K	N	Q	S	T	A	V	L	I	F	Y	W	H	M	C	P
0	0.13863	0.01753	0.01655	0.01472	0.01905	0.07294	0.01153	0.07358	0.48640	0.03133	0.02494	0.02357	0.01878	0.00932	0.00702	0.00242	0.00658	0.00733	0.00680	0.01098
1	0.06386	0.12601	0.02373	0.30145	0.13260	0.01782	0.01664	0.02290	0.06780	0.07933	0.01589	0.01966	0.01236	0.01089	0.05669	0.00295	0.00927	0.00635	0.00430	0.00950
2	0.01135	0.00852	0.01067	0.06200	0.01430	0.00849	0.00800	0.06463	0.01686	0.02232	0.13212	0.34225	0.13805	0.11048	0.01257	0.00327	0.00520	0.01567	0.00655	0.00670
3	0.01476	0.11251	0.01732	0.01134	0.01657	0.01188	0.00929	0.01763	0.01530	0.02230	0.01912	0.13082	0.01915	0.00953	0.00638	0.00164	0.00576	0.05725	0.00481	0.49662
4	0.01563	0.04759	0.08584	0.01405	0.01785	0.01386	0.03248	0.12454	0.06051	0.04658	0.06033	0.16419	0.14387	0.01587	0.03489	0.00293	0.05721	0.04687	0.00613	0.00876
5	0.05824	0.02120	0.02050	0.01617	0.02176	0.12532	0.01312	0.41825	0.02876	0.12152	0.01765	0.01767	0.01257	0.00842	0.00707	0.00211	0.00844	0.00622	0.00676	0.06825
6	0.01108	0.00855	0.01241	0.01215	0.01323	0.01015	0.00935	0.01338	0.01177	0.01700	0.01942	0.03010	0.01871	0.12185	0.58598	0.01075	0.07549	0.00813	0.00397	0.00653
7	0.01151	0.00876	0.01049	0.01096	0.01256	0.00885	0.00812	0.01653	0.12523	0.02198	0.09952	0.24928	0.12041	0.12934	0.01350	0.00353	0.00534	0.13037	0.00674	0.00701
8	0.02503	0.02686	0.02389	0.02739	0.24621	0.38195	0.01690	0.07219	0.02064	0.06972	0.01399	0.01619	0.01112	0.00750	0.00702	0.00206	0.01101	0.00571	0.00440	0.01022
9	0.20966	0.17398	0.24003	0.01574	0.02285	0.08314	0.01651	0.08928	0.01745	0.05110	0.01284	0.01437	0.00976	0.00719	0.00600	0.00213	0.00883	0.00494	0.00422	0.00997
10	0.01420	0.01056	0.01301	0.01324	0.01583	0.01080	0.01124	0.11591	0.04658	0.02600	0.04154	0.06932	0.14369	0.01802	0.00947	0.00305	0.00650	0.41624	0.00697	0.00783
11	0.02052	0.68296	0.03737	0.01325	0.01939	0.08756	0.01284	0.02286	0.01559	0.01753	0.01042	0.01204	0.00953	0.00646	0.00493	0.00162	0.00841	0.00404	0.00323	0.00945
12	0.01498	0.00930	0.01108	0.01060	0.01321	0.00883	0.00818	0.06138	0.04382	0.12187	0.08566	0.20411	0.21095	0.01641	0.00842	0.00258	0.00490	0.07775	0.07799	0.00794
13	0.01001	0.00761	0.00923	0.00894	0.01094	0.00683	0.00678	0.01298	0.01951	0.02629	0.46137	0.06188	0.26970	0.01659	0.00883	0.00244	0.00373	0.04188	0.00770	0.00676
14	0.00979	0.00719	0.00928	0.01027	0.01149	0.00668	0.00757	0.01198	0.01650	0.02191	0.18112	0.39048	0.14406	0.02048	0.00935	0.00287	0.00448	0.12096	0.00715	0.00640

[dist]
# distance from previous block
# <min> <max>
0	35

# created by:
# /home/berkeley/.conda/envs/busco_data_prod/bin/msa2prfl.pl pipeline/OGs_align_augustus/4893/27298.fs
