[name]
unknown

[dist]
# distance from previous block
# <min> <max>
0	33

[block]
# block no. 0 follows, 30 sequences, length 52
# corresponding to MSA columns:
# 33-84
name=unknown_A
#
# <colnr> <probs for GDERKNQSTAVLIFYWHMCP>
#	G	D	E	R	K	N	Q	S	T	A	V	L	I	F	Y	W	H	M	C	P
0	0.02376	0.04500	0.02075	0.01709	0.06149	0.01997	0.01341	0.53017	0.05280	0.03876	0.01882	0.02344	0.01503	0.00935	0.00717	0.00220	0.00750	0.07563	0.00657	0.01111
1	0.10186	0.01846	0.01822	0.01467	0.01945	0.07557	0.01181	0.42888	0.10267	0.06459	0.01764	0.01893	0.01329	0.05246	0.00837	0.00239	0.00748	0.00633	0.00636	0.01059
2	0.01107	0.00719	0.00861	0.00876	0.01046	0.00640	0.00623	0.01267	0.01513	0.09212	0.09424	0.30584	0.28600	0.08903	0.01098	0.00292	0.00427	0.01517	0.00657	0.00633
3	0.02473	0.08948	0.02075	0.01478	0.02007	0.07579	0.01221	0.37110	0.09832	0.13091	0.01811	0.01773	0.01304	0.00802	0.00660	0.00199	0.00743	0.00605	0.00641	0.05647
4	0.01798	0.01678	0.02277	0.01738	0.02279	0.08898	0.19979	0.08533	0.08318	0.05861	0.01862	0.06123	0.03437	0.00780	0.00690	0.00191	0.00800	0.00725	0.00489	0.23544
5	0.16697	0.05123	0.11769	0.01502	0.02043	0.13173	0.03488	0.09123	0.15521	0.12321	0.01736	0.01747	0.01266	0.00766	0.00629	0.00212	0.00787	0.00575	0.00534	0.00987
6	0.01833	0.39697	0.17090	0.01457	0.02075	0.07577	0.01497	0.09248	0.01691	0.02106	0.01399	0.01974	0.01254	0.00786	0.00587	0.00191	0.00835	0.07401	0.00381	0.00921
7	0.01091	0.00668	0.00895	0.01000	0.01093	0.00615	0.00688	0.01228	0.01406	0.09145	0.03731	0.67360	0.04311	0.02047	0.00871	0.00276	0.00425	0.01849	0.00671	0.00632
8	0.10546	0.05798	0.02214	0.01591	0.02153	0.01740	0.10598	0.29357	0.02350	0.23912	0.01849	0.01827	0.01270	0.00778	0.00676	0.00212	0.00749	0.00638	0.00650	0.01092
9	0.02449	0.11311	0.02367	0.01868	0.08349	0.19663	0.05328	0.23485	0.03694	0.12486	0.01566	0.01637	0.01160	0.00750	0.00657	0.00197	0.00889	0.00577	0.00535	0.01033
10	0.00866	0.00618	0.00827	0.00989	0.01036	0.00580	0.00674	0.00998	0.01351	0.01799	0.03838	0.71256	0.04582	0.02172	0.00895	0.00286	0.00418	0.05596	0.00647	0.00571
11	0.01946	0.61101	0.03286	0.01286	0.01838	0.11205	0.01206	0.02304	0.06956	0.01752	0.01133	0.01255	0.00995	0.00640	0.00491	0.00160	0.00793	0.00416	0.00339	0.00902
12	0.01847	0.59577	0.15460	0.01335	0.02005	0.02476	0.01427	0.02176	0.01456	0.05207	0.01108	0.01243	0.00935	0.00622	0.00498	0.00165	0.00788	0.00414	0.00326	0.00934
13	0.20199	0.01699	0.01629	0.01406	0.04025	0.10936	0.01089	0.17483	0.07311	0.19080	0.01991	0.01949	0.04306	0.00818	0.00630	0.00209	0.00700	0.00608	0.00610	0.03322
14	0.02494	0.01921	0.02278	0.01736	0.02300	0.02097	0.08407	0.58026	0.06946	0.04085	0.01715	0.01751	0.01228	0.00818	0.00712	0.00214	0.00799	0.00658	0.00662	0.01156
15	0.01727	0.01658	0.02832	0.04283	0.71123	0.01658	0.02142	0.02142	0.01589	0.02280	0.01313	0.01727	0.01105	0.00622	0.00691	0.00207	0.00829	0.00622	0.00345	0.01105
16	0.01755	0.01732	0.02738	0.08291	0.63072	0.05860	0.02082	0.02158	0.01600	0.02216	0.01294	0.01707	0.01083	0.00632	0.00688	0.00207	0.00861	0.00611	0.00344	0.01068
17	0.01450	0.11356	0.64551	0.01904	0.02889	0.01743	0.02430	0.02197	0.01467	0.02149	0.01222	0.01435	0.00885	0.00656	0.00640	0.00213	0.01001	0.00500	0.00295	0.01017
18	0.00901	0.00721	0.00818	0.00864	0.01064	0.00638	0.00677	0.01112	0.01591	0.01962	0.08870	0.12194	0.48029	0.01820	0.00861	0.00258	0.00421	0.15945	0.00652	0.00602
19	0.02272	0.01145	0.01479	0.01282	0.01680	0.01101	0.01070	0.09719	0.05971	0.35553	0.06954	0.04124	0.02665	0.01217	0.00787	0.00248	0.00609	0.20369	0.00765	0.00988
20	0.04448	0.01792	0.01682	0.01463	0.01887	0.12826	0.01146	0.10126	0.42570	0.10793	0.02380	0.02228	0.01754	0.00882	0.00687	0.00222	0.00690	0.00697	0.00663	0.01066
21	0.01013	0.00682	0.00790	0.00790	0.00800	0.00692	0.00459	0.01033	0.01023	0.01374	0.02172	0.04421	0.02474	0.69862	0.09079	0.00712	0.00772	0.00993	0.00419	0.00439
22	0.00847	0.00622	0.00795	0.00934	0.01002	0.00570	0.00631	0.00976	0.01373	0.01796	0.04309	0.65206	0.14131	0.02126	0.00881	0.00277	0.00397	0.01910	0.00648	0.00570
23	0.01551	0.25269	0.48373	0.01792	0.02678	0.01970	0.05065	0.02175	0.01464	0.02040	0.01174	0.01385	0.00895	0.00640	0.00605	0.00200	0.00952	0.00486	0.00298	0.00987
24	0.18251	0.01533	0.01634	0.01312	0.01794	0.05683	0.02772	0.20080	0.04140	0.25925	0.04429	0.02211	0.05475	0.00870	0.00657	0.00214	0.00660	0.00671	0.00670	0.01018
25	0.01400	0.03610	0.71860	0.01989	0.03020	0.01621	0.02578	0.02210	0.01473	0.02210	0.01252	0.01473	0.00884	0.00663	0.00663	0.00221	0.01031	0.00516	0.00295	0.01031
26	0.02508	0.03138	0.01961	0.01777	0.02123	0.65368	0.01342	0.02792	0.05960	0.01778	0.01176	0.01350	0.00973	0.00755	0.00707	0.00189	0.04425	0.00477	0.00378	0.00824
27	0.02727	0.01836	0.02021	0.01549	0.02105	0.01988	0.01280	0.58660	0.03082	0.14814	0.01842	0.01784	0.01271	0.00842	0.00699	0.00210	0.00741	0.00640	0.00724	0.01187
28	0.01727	0.01658	0.02832	0.04283	0.71123	0.01658	0.02142	0.02142	0.01589	0.02280	0.01313	0.01727	0.01105	0.00622	0.00691	0.00207	0.00829	0.00622	0.00345	0.01105
29	0.01647	0.01882	0.04118	0.02941	0.03647	0.01765	0.68588	0.02235	0.01647	0.02235	0.01412	0.01882	0.01059	0.00588	0.00824	0.00235	0.01176	0.00824	0.00353	0.00941
30	0.01704	0.01635	0.02791	0.08180	0.67405	0.01652	0.02130	0.02122	0.01578	0.02252	0.01309	0.01735	0.01096	0.00626	0.00691	0.00209	0.00835	0.00622	0.00343	0.01087
31	0.00972	0.00718	0.00911	0.00876	0.01051	0.00657	0.00667	0.01278	0.01898	0.02624	0.57569	0.05586	0.15840	0.01505	0.00831	0.00228	0.00351	0.05048	0.00743	0.00647
32	0.01621	0.01831	0.03956	0.08604	0.03740	0.01748	0.63262	0.02199	0.01627	0.02199	0.01398	0.01881	0.01049	0.00597	0.00813	0.00235	0.01157	0.00807	0.00350	0.00928
33	0.01317	0.00968	0.01243	0.01310	0.01523	0.01006	0.01114	0.08698	0.07220	0.02379	0.03423	0.11095	0.03605	0.01751	0.00911	0.00300	0.00633	0.50117	0.00654	0.00732
34	0.02647	0.01870	0.02158	0.01642	0.02207	0.02022	0.05065	0.58169	0.03054	0.11364	0.01774	0.01761	0.01237	0.00826	0.00705	0.00212	0.00772	0.00647	0.00696	0.01173
35	0.00842	0.00708	0.00731	0.00725	0.00953	0.00596	0.00544	0.01035	0.01631	0.01981	0.13785	0.06557	0.64064	0.01731	0.00825	0.00234	0.00351	0.01451	0.00661	0.00596
36	0.01613	0.01670	0.02125	0.01829	0.01858	0.07774	0.01512	0.01768	0.01141	0.01682	0.00929	0.01505	0.00915	0.01181	0.02157	0.00295	0.68370	0.00598	0.00310	0.00767
37	0.01663	0.06007	0.03748	0.10328	0.06370	0.04383	0.52609	0.02196	0.01617	0.02137	0.01353	0.01808	0.01032	0.00606	0.00777	0.00227	0.01115	0.00755	0.00345	0.00923
38	0.01001	0.00671	0.00765	0.00779	0.00782	0.00667	0.00442	0.01011	0.01042	0.01389	0.02338	0.10537	0.02713	0.69265	0.03326	0.00643	0.00654	0.01097	0.00442	0.00435
39	0.01828	0.01692	0.01620	0.01460	0.01851	0.09216	0.01130	0.03611	0.62703	0.02791	0.02654	0.02462	0.02000	0.00923	0.00702	0.00231	0.00627	0.00753	0.00673	0.01073
40	0.02420	0.09155	0.09481	0.01770	0.02219	0.59594	0.01466	0.02670	0.01880	0.01756	0.01088	0.01270	0.00897	0.00703	0.00618	0.00182	0.01194	0.00450	0.00348	0.00839
41	0.01513	0.01223	0.01326	0.01210	0.01534	0.01318	0.00944	0.13074	0.29374	0.02729	0.05334	0.12068	0.18653	0.01337	0.00774	0.00242	0.00524	0.05243	0.00683	0.00896
42	0.01301	0.00650	0.00650	0.00650	0.00813	0.00650	0.00488	0.01626	0.01463	0.02602	0.02276	0.02602	0.01789	0.00813	0.00488	0.00163	0.00325	0.00650	0.79350	0.00650
43	0.01015	0.00677	0.00761	0.00761	0.00761	0.00677	0.00423	0.01015	0.01015	0.01353	0.02199	0.04567	0.02537	0.75476	0.03552	0.00677	0.00677	0.01015	0.00423	0.00423
44	0.01718	0.01713	0.02867	0.10202	0.55309	0.04564	0.09098	0.02146	0.01594	0.02208	0.01307	0.01736	0.01076	0.00629	0.00703	0.00211	0.00892	0.00636	0.00344	0.01047
45	0.01977	0.02340	0.07231	0.02869	0.22090	0.21888	0.23391	0.05661	0.01795	0.02204	0.01292	0.01626	0.01022	0.00652	0.00715	0.00209	0.01073	0.00632	0.00366	0.00968
46	0.01301	0.00650	0.00650	0.00650	0.00813	0.00650	0.00488	0.01626	0.01463	0.02602	0.02276	0.02602	0.01789	0.00813	0.00488	0.00163	0.00325	0.00650	0.79350	0.00650
47	0.01097	0.00749	0.00901	0.00841	0.01063	0.00661	0.00638	0.01363	0.01829	0.07975	0.40712	0.05565	0.30992	0.01513	0.00814	0.00225	0.00360	0.01298	0.00729	0.00674
48	0.03737	0.06117	0.06037	0.01504	0.02023	0.01781	0.03235	0.23325	0.19177	0.14454	0.01990	0.01953	0.01441	0.00838	0.00761	0.00215	0.04752	0.00647	0.00629	0.05384
49	0.02408	0.02067	0.02041	0.07397	0.02329	0.13878	0.01369	0.44436	0.04886	0.03471	0.01522	0.01635	0.01128	0.00823	0.00773	0.00210	0.05081	0.00596	0.00580	0.03371
50	0.01076	0.00740	0.00920	0.00859	0.01063	0.00664	0.00650	0.01366	0.01886	0.06662	0.51771	0.05397	0.21383	0.01473	0.00816	0.00223	0.00351	0.01278	0.00746	0.00674
51	0.06722	0.10662	0.02521	0.01843	0.02328	0.28051	0.14623	0.12588	0.08176	0.02403	0.01374	0.01551	0.01078	0.00724	0.00689	0.00202	0.02530	0.00572	0.00438	0.00925

[dist]
# distance from previous block
# <min> <max>
0	1

[block]
# block no. 1 follows, 30 sequences, length 34
# corresponding to MSA columns:
# 86-119
name=unknown_B
#
# <colnr> <probs for GDERKNQSTAVLIFYWHMCP>
#	G	D	E	R	K	N	Q	S	T	A	V	L	I	F	Y	W	H	M	C	P
0	0.06548	0.21936	0.02404	0.01535	0.02020	0.29531	0.01270	0.22179	0.02176	0.02565	0.01222	0.01339	0.00976	0.00718	0.00591	0.00182	0.00940	0.00479	0.00448	0.00941
1	0.18295	0.01356	0.01513	0.01161	0.01709	0.01279	0.00949	0.12621	0.01843	0.23841	0.01712	0.01700	0.01211	0.00698	0.00583	0.00177	0.00583	0.00527	0.00598	0.27643
2	0.05428	0.26746	0.12496	0.01521	0.02076	0.21436	0.01412	0.06786	0.11810	0.02171	0.01362	0.01464	0.01090	0.00709	0.00582	0.00188	0.00891	0.00492	0.00407	0.00935
3	0.00850	0.00607	0.00810	0.00972	0.01012	0.00567	0.00648	0.00972	0.01336	0.01781	0.03846	0.75020	0.04615	0.02186	0.00891	0.00283	0.00405	0.01984	0.00648	0.00567
4	0.02607	0.05978	0.02168	0.01598	0.02144	0.07578	0.01321	0.60222	0.03083	0.04046	0.01592	0.01614	0.01149	0.00816	0.00680	0.00204	0.00804	0.00601	0.00651	0.01142
5	0.02634	0.01785	0.01913	0.01487	0.02026	0.05542	0.01216	0.42857	0.06277	0.19226	0.01920	0.01845	0.01333	0.00823	0.00684	0.00204	0.00727	0.00630	0.00700	0.06169
6	0.01674	0.02125	0.10518	0.02789	0.03508	0.05508	0.58678	0.02262	0.01648	0.02205	0.01379	0.01810	0.01034	0.00602	0.00798	0.00231	0.01167	0.00774	0.00348	0.00943
7	0.01420	0.06822	0.68829	0.01954	0.02966	0.01671	0.02517	0.02205	0.01471	0.02185	0.01240	0.01458	0.00884	0.00660	0.00653	0.00218	0.01019	0.00509	0.00295	0.01025
8	0.01575	0.10554	0.55393	0.01926	0.02844	0.05559	0.05255	0.05110	0.01581	0.02223	0.01241	0.01454	0.00907	0.00664	0.00649	0.00212	0.01010	0.00517	0.00319	0.01009
9	0.03459	0.05181	0.08533	0.02303	0.02880	0.08503	0.39082	0.02230	0.06117	0.02159	0.01655	0.08968	0.01432	0.00811	0.00816	0.00232	0.03503	0.00838	0.00400	0.00897
10	0.01301	0.00650	0.00650	0.00650	0.00813	0.00650	0.00488	0.01626	0.01463	0.02602	0.02276	0.02602	0.01789	0.00813	0.00488	0.00163	0.00325	0.00650	0.79350	0.00650
11	0.00850	0.00607	0.00810	0.00972	0.01012	0.00567	0.00648	0.00972	0.01336	0.01781	0.03846	0.75020	0.04615	0.02186	0.00891	0.00283	0.00405	0.01984	0.00648	0.00567
12	0.02431	0.01966	0.02108	0.07569	0.16670	0.17355	0.01477	0.19570	0.03763	0.17662	0.01695	0.01781	0.01226	0.00764	0.00682	0.00206	0.00859	0.00606	0.00556	0.01053
13	0.10055	0.06807	0.01993	0.01652	0.02061	0.51497	0.01280	0.12606	0.02068	0.02246	0.01152	0.01302	0.00928	0.00724	0.00611	0.00186	0.01088	0.00465	0.00414	0.00865
14	0.01301	0.00650	0.00650	0.00650	0.00813	0.00650	0.00488	0.01626	0.01463	0.02602	0.02276	0.02602	0.01789	0.00813	0.00488	0.00163	0.00325	0.00650	0.79350	0.00650
15	0.00975	0.00708	0.00919	0.00877	0.01038	0.00651	0.00654	0.01288	0.01929	0.02715	0.65130	0.08875	0.08665	0.01477	0.00827	0.00223	0.00334	0.01307	0.00758	0.00651
16	0.02607	0.03326	0.01978	0.01798	0.02157	0.72674	0.01348	0.02787	0.01978	0.01708	0.01079	0.01258	0.00899	0.00719	0.00629	0.00180	0.01258	0.00449	0.00360	0.00809
17	0.01418	0.01392	0.02119	0.66106	0.07598	0.06088	0.01909	0.01863	0.01441	0.01800	0.01233	0.01816	0.00936	0.00696	0.00693	0.00228	0.00947	0.00609	0.00315	0.00792
18	0.01015	0.00677	0.00761	0.00761	0.00761	0.00677	0.00423	0.01015	0.01015	0.01353	0.02199	0.04567	0.02537	0.75476	0.03552	0.00677	0.00677	0.01015	0.00423	0.00423
19	0.00850	0.00607	0.00810	0.00972	0.01012	0.00567	0.00648	0.00972	0.01336	0.01781	0.03846	0.75020	0.04615	0.02186	0.00891	0.00283	0.00405	0.01984	0.00648	0.00567
20	0.01866	0.75896	0.03657	0.01194	0.01791	0.02761	0.01194	0.02090	0.01418	0.01642	0.00970	0.01119	0.00896	0.00597	0.00448	0.00149	0.00746	0.00373	0.00299	0.00896
21	0.01737	0.01407	0.01518	0.01359	0.01739	0.01595	0.01058	0.03462	0.59795	0.06489	0.09366	0.02843	0.02537	0.00989	0.00720	0.00234	0.00533	0.00830	0.00724	0.01066
22	0.02555	0.03088	0.02043	0.01938	0.06553	0.61368	0.01397	0.09093	0.02078	0.02003	0.01151	0.01328	0.00940	0.00724	0.00640	0.00184	0.01184	0.00478	0.00391	0.00864
23	0.00825	0.00707	0.00707	0.00707	0.00943	0.00589	0.00530	0.01001	0.01591	0.01885	0.07069	0.06716	0.70839	0.01767	0.00825	0.00236	0.00353	0.01473	0.00648	0.00589
24	0.01393	0.01304	0.02198	0.67011	0.04632	0.01588	0.05360	0.04704	0.01490	0.01919	0.01268	0.01854	0.00948	0.00698	0.00704	0.00232	0.00936	0.00631	0.00329	0.00802
25	0.00866	0.00700	0.00770	0.00771	0.00973	0.00604	0.00571	0.01074	0.01660	0.02095	0.22046	0.12440	0.49540	0.01723	0.00830	0.00236	0.00352	0.01468	0.00677	0.00604
26	0.01194	0.00759	0.00999	0.00913	0.01114	0.00694	0.00694	0.01517	0.01977	0.09415	0.64216	0.04940	0.06117	0.01372	0.00811	0.00219	0.00355	0.01208	0.00777	0.00709
27	0.01892	0.02019	0.02754	0.05932	0.47670	0.16687	0.08528	0.02275	0.01670	0.02138	0.01271	0.01648	0.01051	0.00642	0.00691	0.00205	0.00958	0.00605	0.00348	0.01015
28	0.69210	0.01508	0.01173	0.01027	0.01466	0.05328	0.00839	0.08217	0.01421	0.03173	0.01042	0.01190	0.00803	0.00669	0.00467	0.00213	0.00598	0.00405	0.00453	0.00798
29	0.00848	0.00617	0.00800	0.00946	0.01005	0.00569	0.00636	0.00975	0.01361	0.01791	0.04156	0.68452	0.10983	0.02146	0.00884	0.00279	0.00400	0.01935	0.00648	0.00569
30	0.01651	0.01872	0.04058	0.03004	0.06791	0.01760	0.65492	0.02231	0.01644	0.02237	0.01407	0.01875	0.01061	0.00590	0.00817	0.00234	0.01160	0.00814	0.00353	0.00949
31	0.17860	0.02400	0.01836	0.01568	0.01980	0.32461	0.01236	0.22910	0.02166	0.02815	0.01231	0.01379	0.00961	0.00774	0.00717	0.00204	0.05615	0.00501	0.00475	0.00912
32	0.01302	0.01011	0.01134	0.01067	0.01331	0.01022	0.00830	0.13188	0.09769	0.02553	0.12175	0.15791	0.26188	0.01552	0.00814	0.00246	0.00484	0.08103	0.00677	0.00763
33	0.01623	0.01774	0.03474	0.16149	0.11558	0.03970	0.44675	0.02144	0.01589	0.02125	0.01345	0.01831	0.01032	0.00633	0.00817	0.00232	0.03021	0.00745	0.00343	0.00921

[dist]
# distance from previous block
# <min> <max>
0	1

# created by:
# /home/berkeley/.conda/envs/busco_data_prod/bin/msa2prfl.pl pipeline/OGs_align_augustus/4893/27307.fs
