[name]
unknown

[dist]
# distance from previous block
# <min> <max>
0	2

[block]
# block no. 0 follows, 32 sequences, length 21
# corresponding to MSA columns:
# 2-22
name=unknown_A
#
# <colnr> <probs for GDERKNQSTAVLIFYWHMCP>
#	G	D	E	R	K	N	Q	S	T	A	V	L	I	F	Y	W	H	M	C	P
0	0.01343	0.01113	0.01238	0.01311	0.01515	0.08624	0.01119	0.06677	0.01703	0.02136	0.03140	0.06446	0.03339	0.01651	0.00873	0.00286	0.00690	0.55528	0.00593	0.00674
1	0.01966	0.01251	0.01504	0.01108	0.01676	0.01046	0.00899	0.09389	0.01726	0.22045	0.01642	0.01663	0.01195	0.00623	0.00565	0.00140	0.00543	0.00497	0.00547	0.49973
2	0.02378	0.01667	0.01861	0.01462	0.01921	0.01843	0.01195	0.50819	0.05494	0.11075	0.01751	0.01867	0.01292	0.04353	0.03173	0.00256	0.05249	0.00637	0.00644	0.01063
3	0.00810	0.00640	0.00722	0.00784	0.00927	0.00561	0.00552	0.00952	0.01410	0.01753	0.05371	0.34464	0.42102	0.04639	0.00916	0.00261	0.00371	0.01598	0.00615	0.00552
4	0.02436	0.01734	0.01879	0.01459	0.01952	0.01901	0.01189	0.58957	0.05184	0.07982	0.01745	0.01878	0.01294	0.06204	0.00868	0.00235	0.00715	0.00640	0.00662	0.01086
5	0.01584	0.01810	0.03959	0.02828	0.03507	0.01697	0.69796	0.02149	0.01584	0.02149	0.01357	0.01810	0.01018	0.00566	0.00792	0.00226	0.01131	0.00792	0.00339	0.00905
6	0.01502	0.01258	0.01451	0.01046	0.01637	0.01008	0.00841	0.08225	0.01560	0.02382	0.01233	0.01412	0.01008	0.00526	0.00514	0.00109	0.00520	0.00417	0.00424	0.72926
7	0.00976	0.00651	0.00732	0.00732	0.00732	0.00651	0.00407	0.00976	0.00976	0.01301	0.02114	0.04391	0.02439	0.76419	0.03415	0.00651	0.00651	0.00976	0.00407	0.00407
8	0.09918	0.01251	0.01836	0.50237	0.06159	0.01495	0.01591	0.02096	0.11220	0.05650	0.01460	0.01836	0.01085	0.00705	0.00645	0.00221	0.00783	0.00599	0.00393	0.00820
9	0.00829	0.00622	0.00770	0.00858	0.00960	0.00562	0.00596	0.00987	0.01430	0.01871	0.13763	0.48790	0.21720	0.01901	0.00832	0.00253	0.00367	0.01689	0.00639	0.00562
10	0.02545	0.01322	0.01600	0.01288	0.01767	0.01327	0.01044	0.11382	0.23195	0.43099	0.02548	0.02270	0.01717	0.00852	0.00677	0.00213	0.00579	0.00692	0.00766	0.01117
11	0.01649	0.01384	0.01413	0.01214	0.01557	0.10811	0.02961	0.07436	0.17018	0.08602	0.22974	0.03260	0.09559	0.01039	0.00704	0.00203	0.00576	0.00869	0.00631	0.06142
12	0.00847	0.00614	0.00800	0.00896	0.00976	0.00567	0.00618	0.01013	0.01444	0.01947	0.19751	0.54864	0.09367	0.01906	0.00837	0.00255	0.00369	0.01714	0.00650	0.00567
13	0.01391	0.01193	0.01391	0.00994	0.01590	0.00894	0.00795	0.01690	0.01391	0.02186	0.01193	0.01391	0.00994	0.00497	0.00497	0.00099	0.00497	0.00398	0.00398	0.80521
14	0.01479	0.01409	0.02396	0.36687	0.41082	0.01547	0.01969	0.01900	0.01442	0.01972	0.01230	0.01720	0.00985	0.00631	0.00667	0.00210	0.00842	0.00597	0.00316	0.00917
15	0.01045	0.01014	0.01685	0.01349	0.01696	0.00910	0.21237	0.01345	0.01570	0.01993	0.11256	0.08122	0.41377	0.01348	0.00795	0.00227	0.00576	0.01233	0.00549	0.00673
16	0.06037	0.01479	0.01695	0.01321	0.01825	0.01513	0.01081	0.33200	0.05553	0.27442	0.02035	0.04608	0.01455	0.00836	0.00655	0.00200	0.00630	0.00658	0.00693	0.07085
17	0.02381	0.01730	0.01989	0.01759	0.09455	0.01879	0.01304	0.51474	0.07367	0.08754	0.03895	0.01829	0.01391	0.00810	0.00675	0.00204	0.00706	0.00638	0.00649	0.01112
18	0.01018	0.00825	0.01161	0.01109	0.01309	0.00749	0.05867	0.01290	0.04887	0.01883	0.03040	0.53774	0.03464	0.01649	0.00781	0.00237	0.00471	0.01504	0.00566	0.14415
19	0.04585	0.01962	0.01781	0.01474	0.01894	0.17576	0.01174	0.36333	0.10849	0.03231	0.09052	0.01974	0.01724	0.00856	0.00697	0.00202	0.02427	0.00642	0.00592	0.00976
20	0.02139	0.08285	0.01973	0.01699	0.07205	0.46548	0.01230	0.02360	0.01718	0.01800	0.01081	0.01274	0.00908	0.00632	0.00572	0.00156	0.00982	0.00431	0.00352	0.18655

[dist]
# distance from previous block
# <min> <max>
7	14

[block]
# block no. 1 follows, 32 sequences, length 48
# corresponding to MSA columns:
# 37-84
name=unknown_B
#
# <colnr> <probs for GDERKNQSTAVLIFYWHMCP>
#	G	D	E	R	K	N	Q	S	T	A	V	L	I	F	Y	W	H	M	C	P
0	0.00866	0.00618	0.00750	0.00835	0.00886	0.00582	0.00537	0.00952	0.01216	0.01591	0.03584	0.43541	0.12580	0.26326	0.01684	0.00390	0.00468	0.01539	0.00552	0.00503
1	0.01888	0.05897	0.09042	0.01496	0.03865	0.13190	0.01248	0.15540	0.21527	0.05143	0.10462	0.02259	0.01994	0.02596	0.00726	0.00214	0.00722	0.00682	0.00560	0.00948
2	0.01515	0.01382	0.09375	0.01136	0.01683	0.00984	0.01005	0.04640	0.01497	0.09365	0.01678	0.10346	0.01484	0.00922	0.03369	0.00185	0.00607	0.00636	0.00465	0.47725
3	0.02133	0.14062	0.04371	0.01430	0.01883	0.18045	0.01191	0.25612	0.10970	0.04306	0.01699	0.01861	0.03163	0.05425	0.00790	0.00218	0.00803	0.00589	0.00511	0.00939
4	0.02280	0.01660	0.04541	0.01435	0.01932	0.01724	0.01198	0.32575	0.26324	0.15765	0.02165	0.02031	0.01535	0.00840	0.00675	0.00212	0.00647	0.00666	0.00688	0.01108
5	0.02506	0.03198	0.01901	0.01729	0.02074	0.73725	0.01296	0.02679	0.01901	0.01642	0.01037	0.01210	0.00864	0.00691	0.00605	0.00173	0.01210	0.00432	0.00346	0.00778
6	0.01701	0.01851	0.09655	0.06019	0.28422	0.09636	0.01644	0.08847	0.10842	0.02299	0.01524	0.01822	0.01226	0.01246	0.10022	0.00315	0.00956	0.00606	0.00410	0.00956
7	0.00833	0.00667	0.00744	0.00754	0.00938	0.00579	0.00555	0.01029	0.01580	0.02001	0.21374	0.16149	0.47075	0.01682	0.00802	0.00230	0.00342	0.01440	0.00650	0.00579
8	0.01809	0.12630	0.01838	0.01379	0.01757	0.17271	0.01093	0.02967	0.41033	0.02322	0.03779	0.05674	0.01839	0.00884	0.00641	0.00205	0.00692	0.00697	0.00551	0.00936
9	0.00849	0.00663	0.00770	0.00784	0.00951	0.00584	0.00573	0.01056	0.01601	0.02079	0.27395	0.19833	0.37119	0.01673	0.00805	0.00231	0.00342	0.01448	0.00661	0.00584
10	0.65744	0.01267	0.01099	0.00944	0.01380	0.01403	0.00778	0.02228	0.01295	0.16756	0.01272	0.01325	0.00911	0.00664	0.00466	0.00208	0.00529	0.00425	0.00497	0.00809
11	0.00829	0.00679	0.00719	0.00710	0.00913	0.00582	0.00525	0.01014	0.01562	0.01932	0.17391	0.06107	0.57339	0.05609	0.00932	0.00246	0.00352	0.01359	0.00631	0.00569
12	0.02551	0.01879	0.02014	0.01544	0.02081	0.02081	0.01275	0.69996	0.03155	0.04229	0.01611	0.01611	0.01141	0.00805	0.00671	0.00201	0.00738	0.00604	0.00671	0.01141
13	0.47431	0.01678	0.12403	0.01702	0.15567	0.01492	0.01277	0.02109	0.01318	0.07895	0.01168	0.01341	0.00881	0.00636	0.00518	0.00207	0.00650	0.00453	0.00410	0.00864
14	0.02097	0.01553	0.01788	0.01420	0.01841	0.01705	0.03791	0.48721	0.02538	0.03447	0.01695	0.02031	0.01345	0.07483	0.11426	0.00363	0.00880	0.00659	0.04247	0.00971
15	0.05698	0.01548	0.01776	0.01373	0.01893	0.01608	0.01132	0.38555	0.04815	0.31501	0.02036	0.01889	0.01363	0.00812	0.00663	0.00205	0.00656	0.00628	0.00726	0.01123
16	0.00819	0.00681	0.00716	0.00707	0.00922	0.00578	0.00531	0.01014	0.01592	0.01960	0.17728	0.06215	0.60939	0.01644	0.00793	0.00224	0.00336	0.01382	0.00642	0.00578
17	0.02593	0.01811	0.01972	0.01512	0.02047	0.01980	0.01249	0.63841	0.03041	0.10545	0.01707	0.01673	0.01189	0.00808	0.00672	0.00202	0.00723	0.00611	0.00686	0.01141
18	0.01599	0.01766	0.03707	0.03092	0.17561	0.01676	0.55945	0.02131	0.01572	0.02158	0.01338	0.01779	0.01027	0.00572	0.00766	0.00221	0.01063	0.00752	0.00338	0.00937
19	0.00962	0.00707	0.01019	0.01019	0.01118	0.00806	0.00764	0.01160	0.01061	0.01513	0.01852	0.02938	0.01809	0.17319	0.61653	0.01005	0.01600	0.00763	0.00368	0.00566
20	0.00884	0.00697	0.00801	0.00794	0.00979	0.00627	0.00588	0.01163	0.04080	0.02159	0.30213	0.14035	0.37364	0.01599	0.00796	0.00226	0.00344	0.01377	0.00668	0.00606
21	0.00856	0.00696	0.00762	0.00767	0.00962	0.00615	0.00567	0.01108	0.04006	0.02000	0.18478	0.14806	0.48685	0.01661	0.00797	0.00229	0.00348	0.01417	0.00647	0.00594
22	0.02410	0.03019	0.01891	0.01713	0.02041	0.66348	0.01294	0.02666	0.05238	0.01698	0.01112	0.01287	0.00923	0.00728	0.00695	0.00182	0.05151	0.00456	0.00359	0.00789
23	0.01391	0.01193	0.01391	0.00994	0.01590	0.00894	0.00795	0.01690	0.01391	0.02186	0.01193	0.01391	0.00994	0.00497	0.00497	0.00099	0.00497	0.00398	0.00398	0.80521
24	0.01669	0.01441	0.01517	0.01365	0.01745	0.01669	0.01062	0.03565	0.71021	0.02807	0.02731	0.02503	0.02048	0.00910	0.00683	0.00228	0.00531	0.00759	0.00683	0.01062
25	0.01391	0.01193	0.01391	0.00994	0.01590	0.00894	0.00795	0.01690	0.01391	0.02186	0.01193	0.01391	0.00994	0.00497	0.00497	0.00099	0.00497	0.00398	0.00398	0.80521
26	0.01710	0.01658	0.02628	0.07384	0.63392	0.04922	0.01989	0.04303	0.01589	0.02210	0.01260	0.01645	0.01048	0.00613	0.00662	0.00199	0.00819	0.00590	0.00342	0.01037
27	0.00910	0.00615	0.00822	0.00950	0.01015	0.00572	0.00652	0.01048	0.01344	0.04269	0.06792	0.67768	0.04407	0.02015	0.00849	0.00269	0.00400	0.04095	0.00635	0.00573
28	0.01067	0.00837	0.00961	0.00910	0.01126	0.00819	0.00686	0.04633	0.11618	0.02426	0.33128	0.11516	0.24830	0.01445	0.00777	0.00223	0.00380	0.01245	0.00682	0.00689
29	0.01294	0.01139	0.01405	0.01350	0.05105	0.07583	0.05717	0.05139	0.01296	0.01703	0.01823	0.06640	0.01873	0.29818	0.20623	0.00601	0.05034	0.00833	0.00400	0.00625
30	0.02404	0.10893	0.02106	0.01579	0.02022	0.36259	0.01261	0.27245	0.05478	0.02634	0.01313	0.01401	0.01020	0.00730	0.00613	0.00183	0.00951	0.00502	0.00474	0.00933
31	0.00942	0.00739	0.00937	0.01018	0.03999	0.00716	0.00702	0.01236	0.05198	0.01990	0.18211	0.23765	0.22310	0.03981	0.10763	0.00361	0.00583	0.01330	0.00597	0.00622
32	0.01786	0.01238	0.01472	0.01075	0.01652	0.01006	0.00869	0.07433	0.01631	0.15503	0.01497	0.01575	0.01130	0.00584	0.00544	0.00128	0.00530	0.00466	0.00500	0.59381
33	0.00793	0.00680	0.00680	0.00680	0.00906	0.00566	0.00510	0.00963	0.01529	0.01813	0.06797	0.06457	0.71961	0.01699	0.00793	0.00227	0.00340	0.01416	0.00623	0.00566
34	0.01499	0.01257	0.01449	0.01045	0.01636	0.01005	0.00840	0.08044	0.01555	0.02376	0.01232	0.01412	0.01008	0.00526	0.00513	0.00109	0.00519	0.00417	0.00423	0.73136
35	0.02551	0.01879	0.02014	0.01544	0.02081	0.02081	0.01275	0.69996	0.03155	0.04229	0.01611	0.01611	0.01141	0.00805	0.00671	0.00201	0.00738	0.00604	0.00671	0.01141
36	0.01773	0.01735	0.01535	0.01389	0.01751	0.15805	0.01070	0.03209	0.52549	0.02508	0.02680	0.02524	0.06682	0.00922	0.00675	0.00217	0.00652	0.00740	0.00612	0.00971
37	0.02108	0.02553	0.05372	0.01692	0.02043	0.44341	0.04971	0.07098	0.05415	0.01938	0.01429	0.08456	0.01293	0.00878	0.00790	0.00203	0.07570	0.00637	0.00404	0.00809
38	0.01152	0.01061	0.01004	0.00968	0.01193	0.09271	0.00734	0.01562	0.09405	0.02163	0.24182	0.08447	0.30022	0.01427	0.00768	0.00222	0.00473	0.04649	0.00630	0.00667
39	0.00992	0.00701	0.00879	0.00825	0.01009	0.00633	0.00622	0.01279	0.01829	0.04985	0.57020	0.05192	0.18696	0.01415	0.00788	0.00214	0.00330	0.01233	0.00720	0.00638
40	0.01778	0.01569	0.01617	0.01494	0.04260	0.05354	0.01125	0.08541	0.59894	0.02835	0.02508	0.02340	0.01884	0.00880	0.00677	0.00222	0.00591	0.00725	0.00652	0.01054
41	0.07340	0.01151	0.01526	0.01177	0.01690	0.01015	0.00972	0.03198	0.01877	0.68838	0.02552	0.02218	0.01609	0.00819	0.00660	0.00208	0.00568	0.00658	0.00807	0.01119
42	0.01236	0.00679	0.00703	0.00685	0.00820	0.00687	0.00485	0.04032	0.01373	0.02288	0.02150	0.02907	0.01865	0.18355	0.01161	0.00273	0.00407	0.00706	0.58593	0.00594
43	0.02040	0.43192	0.02784	0.01389	0.01855	0.24456	0.01214	0.06440	0.04073	0.01806	0.01067	0.01220	0.00922	0.00666	0.00594	0.00166	0.04496	0.00422	0.00343	0.00854
44	0.05696	0.04778	0.01313	0.01067	0.01352	0.07840	0.03212	0.01763	0.01773	0.12184	0.36303	0.04017	0.10455	0.01179	0.00727	0.00210	0.00513	0.04236	0.00644	0.00737
45	0.15481	0.06783	0.03230	0.01246	0.03378	0.01379	0.01005	0.12203	0.07636	0.26337	0.05047	0.07866	0.01808	0.02793	0.00701	0.00220	0.00586	0.00718	0.00630	0.00952
46	0.01453	0.04889	0.30937	0.03578	0.05566	0.03468	0.11604	0.02056	0.04917	0.04075	0.11496	0.02073	0.01763	0.00784	0.00786	0.00214	0.06114	0.00664	0.00400	0.03162
47	0.06697	0.02621	0.01287	0.01138	0.01381	0.04203	0.02579	0.11934	0.03517	0.03881	0.07687	0.13095	0.06898	0.08254	0.17625	0.00456	0.00867	0.04636	0.00528	0.00715

[dist]
# distance from previous block
# <min> <max>
7	54

[block]
# block no. 2 follows, 32 sequences, length 7
# corresponding to MSA columns:
# 140-146
name=unknown_C
#
# <colnr> <probs for GDERKNQSTAVLIFYWHMCP>
#	G	D	E	R	K	N	Q	S	T	A	V	L	I	F	Y	W	H	M	C	P
0	0.01909	0.01700	0.01663	0.01533	0.06251	0.13684	0.01128	0.23363	0.17142	0.02984	0.18734	0.02562	0.02540	0.00933	0.00691	0.00204	0.00675	0.00755	0.00613	0.00935
1	0.01391	0.01184	0.01280	0.01169	0.01317	0.08610	0.00878	0.09815	0.01396	0.01864	0.01691	0.02716	0.01650	0.23696	0.25989	0.00628	0.09979	0.00729	0.03370	0.00647
2	0.01630	0.01315	0.01435	0.01266	0.01560	0.01517	0.00977	0.11384	0.40336	0.02649	0.02297	0.02570	0.01861	0.11635	0.01177	0.00283	0.06783	0.00743	0.07669	0.00913
3	0.00814	0.00597	0.00765	0.00899	0.00964	0.00548	0.00607	0.00938	0.01318	0.01727	0.04127	0.66369	0.13773	0.02046	0.00848	0.00266	0.00382	0.01840	0.00623	0.00548
4	0.01922	0.02113	0.01881	0.01654	0.01858	0.30155	0.01312	0.07250	0.04593	0.01870	0.01160	0.01526	0.01016	0.01288	0.07748	0.00306	0.30651	0.00547	0.00366	0.00784
5	0.01293	0.00779	0.00947	0.00911	0.01101	0.00746	0.00676	0.06602	0.01680	0.09784	0.19754	0.26958	0.08206	0.01416	0.00729	0.00220	0.00399	0.01235	0.15872	0.00691
6	0.01814	0.07970	0.01507	0.01137	0.01486	0.07492	0.00908	0.13591	0.04087	0.16029	0.13455	0.12133	0.13296	0.01167	0.00705	0.00210	0.00570	0.00964	0.00637	0.00843

[dist]
# distance from previous block
# <min> <max>
1	34

[block]
# block no. 3 follows, 32 sequences, length 14
# corresponding to MSA columns:
# 181-194
name=unknown_D
#
# <colnr> <probs for GDERKNQSTAVLIFYWHMCP>
#	G	D	E	R	K	N	Q	S	T	A	V	L	I	F	Y	W	H	M	C	P
0	0.01465	0.01342	0.01412	0.01490	0.08960	0.13681	0.00992	0.01765	0.06334	0.04438	0.06297	0.06640	0.02059	0.19278	0.15028	0.00477	0.06404	0.00802	0.00439	0.00698
1	0.01772	0.01748	0.02676	0.03504	0.52019	0.07211	0.08620	0.06268	0.05377	0.02300	0.01354	0.01683	0.01100	0.00631	0.00674	0.00202	0.00844	0.00613	0.00373	0.01030
2	0.01076	0.00844	0.01197	0.01060	0.01294	0.00780	0.08580	0.01355	0.03902	0.05511	0.14211	0.15878	0.28749	0.08608	0.03622	0.00300	0.00534	0.01265	0.00590	0.00644
3	0.01788	0.01618	0.02252	0.05049	0.35335	0.06657	0.04676	0.09175	0.07102	0.05255	0.04877	0.01858	0.01398	0.00687	0.00657	0.00192	0.00753	0.00619	0.00441	0.09612
4	0.01099	0.00707	0.00894	0.00930	0.01070	0.00673	0.00685	0.01367	0.04009	0.06806	0.17622	0.31888	0.07822	0.05394	0.00922	0.00264	0.00421	0.08814	0.07983	0.00632
5	0.04556	0.19293	0.02668	0.02503	0.31102	0.01739	0.06713	0.04853	0.01565	0.08369	0.01309	0.01538	0.01048	0.00608	0.00593	0.00178	0.00739	0.00533	0.00390	0.09703
6	0.09196	0.26865	0.08657	0.01333	0.01861	0.01973	0.01245	0.15350	0.06213	0.13636	0.01471	0.01522	0.01106	0.00734	0.00675	0.00193	0.06013	0.00511	0.00484	0.00963
7	0.01640	0.01680	0.08775	0.09946	0.35689	0.01516	0.11449	0.04237	0.01554	0.05957	0.01403	0.03720	0.01140	0.00672	0.00713	0.00205	0.02615	0.00643	0.00375	0.06071
8	0.01246	0.00791	0.00976	0.00864	0.01128	0.00688	0.00665	0.01514	0.01765	0.12692	0.38996	0.04705	0.22493	0.01309	0.00751	0.00206	0.00374	0.01123	0.00695	0.07018
9	0.00962	0.00865	0.05198	0.00935	0.01157	0.00696	0.00788	0.01274	0.01739	0.02370	0.43600	0.05492	0.19156	0.01470	0.00804	0.00230	0.00409	0.11549	0.00669	0.00638
10	0.11707	0.05898	0.02045	0.05962	0.12821	0.22407	0.01373	0.20817	0.01986	0.02600	0.01211	0.01415	0.00957	0.00722	0.00700	0.00197	0.05325	0.00511	0.00433	0.00915
11	0.00894	0.00667	0.00744	0.00743	0.00925	0.00591	0.00550	0.01118	0.01600	0.02137	0.24687	0.11582	0.39009	0.01532	0.00760	0.00218	0.00334	0.01307	0.10012	0.00591
12	0.01425	0.01467	0.07072	0.09635	0.38416	0.01375	0.04793	0.01785	0.01412	0.01978	0.01639	0.06391	0.01569	0.09779	0.01073	0.00272	0.03169	0.05509	0.00370	0.00873
13	0.01211	0.00943	0.01042	0.00933	0.01201	0.00928	0.00722	0.13136	0.06897	0.02595	0.27493	0.04855	0.32711	0.01379	0.00764	0.00217	0.00414	0.01161	0.00674	0.00723

[dist]
# distance from previous block
# <min> <max>
2	7

[block]
# block no. 4 follows, 32 sequences, length 19
# corresponding to MSA columns:
# 203-221
name=unknown_E
#
# <colnr> <probs for GDERKNQSTAVLIFYWHMCP>
#	G	D	E	R	K	N	Q	S	T	A	V	L	I	F	Y	W	H	M	C	P
0	0.01647	0.01830	0.12315	0.07017	0.30580	0.04774	0.03397	0.10746	0.06743	0.02448	0.06754	0.02156	0.05078	0.00772	0.00679	0.00207	0.00773	0.00679	0.00436	0.00970
1	0.01639	0.01294	0.01610	0.07064	0.10645	0.06390	0.03731	0.05632	0.13883	0.10668	0.13443	0.10814	0.05339	0.01041	0.00710	0.00216	0.00613	0.00907	0.03496	0.00865
2	0.01016	0.00850	0.00905	0.00862	0.01110	0.00823	0.00655	0.01595	0.17007	0.02193	0.17724	0.05318	0.44530	0.01465	0.00768	0.00224	0.00378	0.01233	0.00657	0.00688
3	0.01050	0.00818	0.00978	0.00968	0.01168	0.00810	0.00752	0.01587	0.13325	0.02352	0.31150	0.10456	0.18334	0.01491	0.00800	0.00237	0.00411	0.11951	0.00678	0.00683
4	0.01466	0.00837	0.01071	0.00950	0.01209	0.00773	0.00734	0.01849	0.06180	0.19184	0.43560	0.06918	0.10019	0.01267	0.00759	0.00215	0.00395	0.01099	0.00744	0.00772
5	0.00919	0.00710	0.00843	0.00817	0.01001	0.00650	0.00610	0.01243	0.04785	0.02332	0.42162	0.10164	0.28280	0.01512	0.00792	0.00221	0.00339	0.01309	0.00689	0.00624
6	0.00828	0.00588	0.00775	0.00921	0.00957	0.00552	0.00608	0.00937	0.01264	0.01685	0.03592	0.71167	0.04303	0.07100	0.01028	0.00298	0.00407	0.01845	0.00608	0.00536
7	0.04978	0.04324	0.30339	0.13119	0.15821	0.01611	0.16216	0.02048	0.01447	0.02107	0.01226	0.01574	0.00925	0.00618	0.00664	0.00213	0.00943	0.00581	0.00312	0.00935
8	0.02185	0.16078	0.02047	0.01442	0.01843	0.35320	0.01157	0.14027	0.06610	0.02249	0.01360	0.01487	0.01087	0.00714	0.00574	0.00174	0.00892	0.00492	0.09404	0.00857
9	0.81159	0.01298	0.00986	0.00882	0.01298	0.01505	0.00727	0.01972	0.01142	0.03010	0.00934	0.01090	0.00727	0.00623	0.00415	0.00208	0.00519	0.00363	0.00415	0.00727
10	0.01045	0.00809	0.00994	0.01103	0.03172	0.00834	0.00742	0.01554	0.16728	0.01931	0.03268	0.50970	0.03627	0.08625	0.01048	0.00295	0.00456	0.01529	0.00608	0.00662
11	0.00843	0.00682	0.00749	0.00732	0.00937	0.00588	0.00549	0.01059	0.01647	0.02091	0.27442	0.05999	0.51143	0.01595	0.00793	0.00222	0.00332	0.01352	0.00660	0.00588
12	0.01521	0.01991	0.13947	0.02614	0.05587	0.01659	0.51215	0.02073	0.01514	0.02101	0.01374	0.03998	0.01091	0.00661	0.00852	0.00229	0.05571	0.00763	0.00337	0.00902
13	0.01263	0.01043	0.01372	0.01658	0.16875	0.01091	0.00969	0.01821	0.17322	0.01925	0.02493	0.08474	0.07040	0.27933	0.05486	0.00419	0.00675	0.00925	0.00482	0.00734
14	0.00963	0.00700	0.00983	0.00983	0.01070	0.00787	0.00720	0.01137	0.01050	0.01487	0.01884	0.03117	0.01886	0.24592	0.54485	0.00961	0.01483	0.00789	0.00372	0.00546
15	0.01806	0.59269	0.03288	0.01723	0.14683	0.06075	0.01323	0.02052	0.01421	0.01694	0.00999	0.01190	0.00898	0.00584	0.00482	0.00155	0.00757	0.00406	0.00298	0.00894
16	0.07009	0.06368	0.01241	0.01006	0.01170	0.01127	0.00740	0.10078	0.01352	0.01926	0.01957	0.11651	0.02077	0.32154	0.13121	0.00528	0.04539	0.00891	0.00446	0.00619
17	0.07486	0.06789	0.09860	0.04191	0.14893	0.07311	0.15885	0.13788	0.03180	0.02476	0.01699	0.01909	0.06097	0.00726	0.00662	0.00205	0.00849	0.00646	0.00418	0.00932
18	0.00865	0.00799	0.05978	0.00998	0.01114	0.00624	0.00757	0.01044	0.01338	0.01813	0.08414	0.65521	0.04316	0.01944	0.00836	0.00264	0.00427	0.01756	0.00607	0.00583

[dist]
# distance from previous block
# <min> <max>
0	1

[block]
# block no. 5 follows, 32 sequences, length 21
# corresponding to MSA columns:
# 223-243
name=unknown_F
#
# <colnr> <probs for GDERKNQSTAVLIFYWHMCP>
#	G	D	E	R	K	N	Q	S	T	A	V	L	I	F	Y	W	H	M	C	P
0	0.00912	0.00730	0.01109	0.01197	0.03960	0.00682	0.06347	0.01080	0.01335	0.01774	0.03613	0.62463	0.08425	0.01891	0.00839	0.00263	0.00463	0.01733	0.00588	0.00596
1	0.01123	0.01065	0.05076	0.01524	0.07635	0.00947	0.09342	0.03231	0.05760	0.02068	0.10430	0.42474	0.03521	0.01523	0.00798	0.00246	0.00556	0.01406	0.00563	0.00713
2	0.01804	0.01738	0.01806	0.01731	0.08498	0.16419	0.01241	0.15343	0.01673	0.02142	0.01351	0.02006	0.01248	0.13312	0.06084	0.00348	0.21426	0.00631	0.00405	0.00795
3	0.02293	0.01647	0.01797	0.01432	0.01909	0.01809	0.01164	0.45550	0.17946	0.09436	0.06356	0.02077	0.01710	0.00866	0.00682	0.00208	0.00652	0.00682	0.00691	0.01092
4	0.01132	0.00993	0.01228	0.01418	0.10551	0.05444	0.00912	0.01328	0.01380	0.01816	0.09650	0.19325	0.12694	0.10971	0.10642	0.00397	0.05311	0.03666	0.00497	0.00645
5	0.01890	0.45398	0.02974	0.01725	0.11870	0.11953	0.01332	0.06261	0.01542	0.01841	0.01031	0.01243	0.00909	0.00657	0.00648	0.00171	0.06907	0.00437	0.00326	0.00886
6	0.01103	0.00880	0.00974	0.00942	0.01177	0.00866	0.00721	0.07193	0.11361	0.02242	0.11607	0.15505	0.34966	0.01551	0.00786	0.00236	0.00425	0.06126	0.00647	0.00691
7	0.02123	0.01569	0.01713	0.01325	0.01841	0.03488	0.01080	0.37882	0.02378	0.08515	0.01694	0.04623	0.01346	0.00797	0.00634	0.00177	0.00649	0.02863	0.00589	0.24714
8	0.01043	0.05659	0.01253	0.01103	0.01233	0.00995	0.00870	0.01254	0.01133	0.01587	0.01966	0.08891	0.01982	0.08541	0.49487	0.00827	0.06250	0.04927	0.00391	0.00609
9	0.06261	0.15452	0.06907	0.05238	0.28598	0.08894	0.01606	0.07833	0.04278	0.02223	0.01225	0.01482	0.01004	0.00659	0.00658	0.00191	0.03707	0.00520	0.00368	0.02897
10	0.07065	0.37638	0.05446	0.01410	0.01894	0.32951	0.01238	0.02298	0.01582	0.01718	0.00988	0.01148	0.00854	0.00630	0.00513	0.00163	0.00927	0.00396	0.00320	0.00822
11	0.00875	0.00666	0.00805	0.00806	0.00966	0.00596	0.00591	0.01108	0.01669	0.02229	0.38387	0.18107	0.27542	0.01609	0.00803	0.00227	0.00337	0.01403	0.00680	0.00596
12	0.13352	0.01559	0.04063	0.09172	0.22988	0.05915	0.09740	0.06175	0.04226	0.02362	0.06024	0.05614	0.01552	0.00923	0.03297	0.00242	0.00807	0.00691	0.00418	0.00878
13	0.01166	0.01046	0.01488	0.01266	0.01463	0.05615	0.14033	0.01365	0.01331	0.01746	0.10984	0.10932	0.05345	0.30859	0.08026	0.00464	0.00798	0.01024	0.00457	0.00593
14	0.01290	0.00811	0.01021	0.00914	0.01148	0.00755	0.00703	0.04051	0.03835	0.12159	0.50969	0.04605	0.12496	0.01300	0.00768	0.00212	0.00375	0.01128	0.00735	0.00725
15	0.01569	0.02742	0.38347	0.02514	0.16667	0.08658	0.15688	0.02171	0.01519	0.02096	0.01230	0.01523	0.00927	0.00621	0.00670	0.00209	0.01002	0.00569	0.00310	0.00968
16	0.01197	0.00977	0.01281	0.01165	0.01205	0.01193	0.00865	0.01326	0.03682	0.01502	0.01577	0.02863	0.01667	0.32334	0.09700	0.07340	0.26502	0.00760	0.00363	0.02498
17	0.00928	0.00658	0.00718	0.00718	0.00777	0.00629	0.00433	0.00972	0.01119	0.01434	0.03329	0.04927	0.20472	0.57038	0.02735	0.00541	0.00570	0.01090	0.00463	0.00448
18	0.03291	0.12812	0.17537	0.01835	0.08258	0.04583	0.08132	0.05222	0.22104	0.02347	0.04184	0.01872	0.01449	0.00748	0.00680	0.00207	0.02707	0.00619	0.00449	0.00964
19	0.12351	0.11415	0.33273	0.01602	0.02297	0.13416	0.01721	0.12314	0.01712	0.02415	0.01171	0.01329	0.00881	0.00662	0.00584	0.00196	0.00895	0.00468	0.00369	0.00929
20	0.15232	0.08633	0.09306	0.05717	0.13789	0.17539	0.07082	0.06250	0.03072	0.02230	0.01162	0.01415	0.00929	0.00672	0.00670	0.00200	0.04349	0.00510	0.00365	0.00879

[dist]
# distance from previous block
# <min> <max>
0	5

[block]
# block no. 6 follows, 32 sequences, length 10
# corresponding to MSA columns:
# 249-258
name=unknown_G
#
# <colnr> <probs for GDERKNQSTAVLIFYWHMCP>
#	G	D	E	R	K	N	Q	S	T	A	V	L	I	F	Y	W	H	M	C	P
0	0.00969	0.00676	0.00859	0.00859	0.00903	0.00720	0.00565	0.01058	0.01013	0.01395	0.01998	0.03746	0.02159	0.50173	0.29278	0.00808	0.01072	0.00881	0.00389	0.00477
1	0.01632	0.00841	0.01134	0.01076	0.01328	0.00772	0.00864	0.01881	0.01667	0.25005	0.14814	0.16194	0.05648	0.03818	0.00885	0.00262	0.00508	0.20198	0.00702	0.00771
2	0.00900	0.00631	0.00742	0.00795	0.00835	0.00604	0.00493	0.00960	0.01147	0.01502	0.03205	0.29231	0.11243	0.42160	0.02230	0.00471	0.00524	0.01347	0.00506	0.00473
3	0.00906	0.00704	0.00828	0.00820	0.00996	0.00643	0.00606	0.01212	0.04809	0.02235	0.35185	0.15310	0.30149	0.01574	0.00796	0.00226	0.00345	0.01364	0.00677	0.00616
4	0.00848	0.00627	0.00784	0.00874	0.00967	0.00575	0.00608	0.01004	0.01409	0.01855	0.13440	0.46724	0.17694	0.05669	0.00967	0.00276	0.00391	0.04103	0.00627	0.00557
5	0.08073	0.01185	0.01246	0.01033	0.01382	0.01261	0.00831	0.26948	0.02075	0.09342	0.01919	0.02045	0.01425	0.00782	0.00557	0.00181	0.00508	0.00602	0.37735	0.00869
6	0.04889	0.22051	0.08728	0.01525	0.02106	0.08328	0.10484	0.08971	0.04371	0.12809	0.01441	0.01536	0.01082	0.00658	0.00589	0.00180	0.00787	0.00527	0.00449	0.08489
7	0.01093	0.00938	0.01175	0.01120	0.01295	0.04761	0.06738	0.05454	0.01484	0.01892	0.03675	0.42548	0.16115	0.07222	0.01003	0.00278	0.00531	0.01487	0.00570	0.00620
8	0.09090	0.04977	0.23162	0.01850	0.07664	0.03446	0.10079	0.17257	0.01826	0.02639	0.01628	0.01793	0.05388	0.00719	0.00638	0.00201	0.00818	0.00597	0.00423	0.05805
9	0.17551	0.25287	0.08992	0.01317	0.04356	0.07142	0.01166	0.07121	0.07640	0.02277	0.01875	0.01939	0.09296	0.00778	0.00552	0.00189	0.00685	0.00565	0.00421	0.00852

[dist]
# distance from previous block
# <min> <max>
0	7

[block]
# block no. 7 follows, 32 sequences, length 7
# corresponding to MSA columns:
# 266-272
name=unknown_H
#
# <colnr> <probs for GDERKNQSTAVLIFYWHMCP>
#	G	D	E	R	K	N	Q	S	T	A	V	L	I	F	Y	W	H	M	C	P
0	0.01814	0.01580	0.02569	0.03481	0.54173	0.01592	0.05216	0.06709	0.06503	0.07516	0.01493	0.01769	0.01178	0.00649	0.00673	0.00203	0.00775	0.00625	0.00416	0.01066
1	0.00832	0.00607	0.00787	0.00925	0.00992	0.00562	0.00639	0.00967	0.01329	0.01743	0.04039	0.63745	0.12039	0.02041	0.00854	0.00270	0.00398	0.06057	0.00623	0.00552
2	0.00930	0.00656	0.00857	0.00896	0.00945	0.00685	0.00603	0.01038	0.01087	0.01489	0.02410	0.21872	0.02694	0.34322	0.25784	0.00695	0.00960	0.01127	0.00446	0.00504
3	0.01507	0.12739	0.38197	0.02379	0.15533	0.01738	0.14442	0.02102	0.01460	0.02068	0.01206	0.01487	0.00921	0.00609	0.00642	0.00203	0.00944	0.00550	0.00303	0.00971
4	0.00868	0.00642	0.00817	0.00904	0.01014	0.00591	0.00656	0.01054	0.01477	0.01951	0.17248	0.41810	0.17273	0.01860	0.00840	0.00256	0.00392	0.09128	0.00644	0.00574
5	0.09343	0.04526	0.06915	0.05219	0.06833	0.14951	0.01232	0.11933	0.06835	0.05509	0.01547	0.05160	0.01300	0.04299	0.02429	0.00231	0.00790	0.00603	0.00457	0.09888
6	0.05584	0.12128	0.06829	0.01516	0.01944	0.17987	0.05376	0.08946	0.17548	0.02277	0.01692	0.06823	0.01436	0.00966	0.02820	0.00230	0.03897	0.00654	0.00462	0.00885

[dist]
# distance from previous block
# <min> <max>
1	9

[block]
# block no. 8 follows, 32 sequences, length 6
# corresponding to MSA columns:
# 282-287
name=unknown_I
#
# <colnr> <probs for GDERKNQSTAVLIFYWHMCP>
#	G	D	E	R	K	N	Q	S	T	A	V	L	I	F	Y	W	H	M	C	P
0	0.01556	0.01421	0.01939	0.02254	0.25191	0.04137	0.05749	0.08234	0.15977	0.02436	0.06927	0.03067	0.13750	0.00964	0.00714	0.00216	0.00661	0.03366	0.00521	0.00921
1	0.01346	0.03471	0.72942	0.01912	0.02904	0.01558	0.02479	0.02125	0.01417	0.02125	0.01204	0.01417	0.00850	0.00637	0.00637	0.00212	0.00992	0.00496	0.00283	0.00992
2	0.00818	0.00584	0.00779	0.00934	0.00973	0.00545	0.00623	0.00934	0.01285	0.01713	0.03698	0.75981	0.04438	0.02102	0.00856	0.00273	0.00389	0.01908	0.00623	0.00545
3	0.02198	0.01982	0.01949	0.17059	0.02589	0.17361	0.01387	0.35609	0.08063	0.03023	0.01491	0.01635	0.01104	0.00761	0.00658	0.00202	0.00856	0.00578	0.00523	0.00973
4	0.02275	0.01695	0.01765	0.01407	0.01854	0.05886	0.01132	0.47062	0.07147	0.07961	0.08382	0.02174	0.01784	0.05342	0.00842	0.00229	0.00697	0.00688	0.00654	0.01024
5	0.01434	0.01154	0.01289	0.05473	0.01604	0.01231	0.00914	0.15290	0.20843	0.02717	0.16631	0.03881	0.22426	0.01186	0.00732	0.00219	0.00499	0.00991	0.00651	0.00837

[dist]
# distance from previous block
# <min> <max>
6	8

[block]
# block no. 9 follows, 32 sequences, length 16
# corresponding to MSA columns:
# 297-312
name=unknown_J
#
# <colnr> <probs for GDERKNQSTAVLIFYWHMCP>
#	G	D	E	R	K	N	Q	S	T	A	V	L	I	F	Y	W	H	M	C	P
0	0.11723	0.21115	0.11246	0.01575	0.05846	0.18839	0.04612	0.03498	0.04322	0.01980	0.01229	0.01601	0.01065	0.07756	0.00822	0.00227	0.00855	0.00508	0.00356	0.00826
1	0.02348	0.01563	0.01813	0.01602	0.08426	0.01664	0.01190	0.43919	0.02568	0.13901	0.01814	0.01843	0.01294	0.00786	0.00642	0.00196	0.00658	0.00617	0.12096	0.01060
2	0.01552	0.06473	0.04710	0.03208	0.42183	0.01576	0.17698	0.01962	0.01520	0.02097	0.01758	0.04197	0.06574	0.00718	0.00694	0.00207	0.00828	0.00726	0.00360	0.00958
3	0.00861	0.00653	0.00745	0.00789	0.00910	0.00592	0.00547	0.00992	0.01358	0.01719	0.07685	0.23754	0.32867	0.18777	0.01411	0.00338	0.00435	0.04459	0.00579	0.00530
4	0.01255	0.00879	0.01142	0.08153	0.11329	0.00899	0.00861	0.04213	0.01462	0.02208	0.05651	0.03130	0.10060	0.11791	0.01001	0.00253	0.00505	0.00788	0.33740	0.00681
5	0.01170	0.00987	0.01647	0.01414	0.01656	0.01051	0.13879	0.05810	0.01320	0.01844	0.01861	0.08116	0.01761	0.06657	0.46693	0.00781	0.01447	0.00827	0.00398	0.00680
6	0.01378	0.01691	0.11228	0.02151	0.02648	0.01451	0.38965	0.01812	0.01411	0.01954	0.01698	0.12480	0.01605	0.08079	0.01165	0.00278	0.07917	0.00913	0.00375	0.00801
7	0.01321	0.06096	0.08131	0.01263	0.06701	0.01129	0.00920	0.10833	0.01417	0.01912	0.01964	0.10017	0.02087	0.40962	0.02124	0.00443	0.00686	0.00897	0.00438	0.00657
8	0.73662	0.01479	0.01073	0.00963	0.01372	0.08389	0.00781	0.02040	0.01214	0.02880	0.00944	0.01101	0.00740	0.00629	0.00433	0.00204	0.00585	0.00370	0.00409	0.00732
9	0.01644	0.01633	0.02489	0.10893	0.56528	0.07114	0.01905	0.02019	0.01538	0.02083	0.01506	0.01872	0.04472	0.00666	0.00667	0.00201	0.00817	0.00625	0.00344	0.00985
10	0.00828	0.00625	0.00755	0.00838	0.00943	0.00564	0.00578	0.00971	0.01393	0.01799	0.09859	0.45274	0.25514	0.05620	0.00959	0.00272	0.00381	0.01654	0.00621	0.00552
11	0.00959	0.00719	0.01078	0.01078	0.01198	0.00839	0.00839	0.01198	0.01078	0.01558	0.01797	0.02636	0.01677	0.05032	0.73760	0.01078	0.01797	0.00719	0.00359	0.00599
12	0.01425	0.01400	0.02531	0.30260	0.25462	0.01484	0.15894	0.01864	0.01485	0.02007	0.04417	0.02179	0.03372	0.00717	0.00709	0.00218	0.00865	0.02489	0.00354	0.00866
13	0.00869	0.00611	0.00790	0.00894	0.00929	0.00594	0.00584	0.00965	0.01190	0.01596	0.03150	0.52164	0.03718	0.21207	0.07102	0.00430	0.00564	0.01580	0.00548	0.00514
14	0.01588	0.08775	0.05261	0.07262	0.08777	0.17106	0.02521	0.03428	0.06333	0.01967	0.07706	0.02650	0.10975	0.05152	0.02431	0.00245	0.04175	0.00730	0.02136	0.00782
15	0.23357	0.09784	0.03920	0.01845	0.11850	0.18601	0.09871	0.02084	0.01475	0.02168	0.01325	0.08328	0.01209	0.00762	0.00592	0.00200	0.00820	0.00615	0.00380	0.00813

[dist]
# distance from previous block
# <min> <max>
0	2

[block]
# block no. 10 follows, 32 sequences, length 24
# corresponding to MSA columns:
# 315-338
name=unknown_K
#
# <colnr> <probs for GDERKNQSTAVLIFYWHMCP>
#	G	D	E	R	K	N	Q	S	T	A	V	L	I	F	Y	W	H	M	C	P
0	0.10516	0.10687	0.01924	0.01481	0.03637	0.24540	0.01164	0.19334	0.03924	0.04247	0.01340	0.01504	0.01062	0.00988	0.05050	0.00241	0.03276	0.00509	0.03695	0.00879
1	0.01641	0.06568	0.18388	0.04253	0.28675	0.04172	0.05850	0.07520	0.08047	0.02305	0.01666	0.01881	0.04639	0.00709	0.00658	0.00204	0.00821	0.00622	0.00392	0.00989
2	0.00901	0.00669	0.00792	0.00833	0.00953	0.00620	0.00598	0.01059	0.01402	0.01812	0.13241	0.17984	0.25415	0.19997	0.01462	0.00347	0.00459	0.10329	0.00585	0.00539
3	0.01405	0.14566	0.08825	0.01624	0.10946	0.01471	0.01243	0.07803	0.01442	0.01963	0.01781	0.12265	0.01784	0.08244	0.13587	0.00402	0.06332	0.03127	0.00408	0.00781
4	0.00991	0.00794	0.00899	0.00853	0.01072	0.00758	0.00646	0.01479	0.11881	0.02349	0.35137	0.05235	0.32534	0.01438	0.00776	0.00220	0.00358	0.01230	0.00683	0.00669
5	0.00976	0.00702	0.01028	0.01028	0.01127	0.00801	0.00776	0.01152	0.01053	0.01503	0.01783	0.02769	0.01717	0.12035	0.61430	0.06877	0.01592	0.00735	0.00359	0.00557
6	0.02251	0.10324	0.11710	0.01592	0.02184	0.05176	0.05756	0.35216	0.05733	0.11080	0.01611	0.01640	0.01154	0.00745	0.00646	0.00199	0.00788	0.00582	0.00559	0.01055
7	0.00823	0.00601	0.00775	0.00901	0.00968	0.00553	0.00611	0.00958	0.01349	0.01783	0.08159	0.63991	0.12035	0.02013	0.00845	0.00264	0.00379	0.01811	0.00630	0.00553
8	0.01480	0.01247	0.01417	0.01063	0.01611	0.01059	0.00848	0.06905	0.09923	0.02393	0.01690	0.01795	0.04688	0.00630	0.00547	0.00129	0.00511	0.00507	0.00463	0.61094
9	0.01690	0.01619	0.02511	0.01961	0.02339	0.03737	0.23778	0.13699	0.09323	0.02364	0.01464	0.01831	0.01180	0.01260	0.08529	0.00325	0.20396	0.00685	0.00424	0.00884
10	0.01045	0.00630	0.00729	0.00787	0.00871	0.00618	0.00545	0.01225	0.01278	0.01947	0.02716	0.24985	0.02850	0.19282	0.01319	0.00320	0.00438	0.06023	0.31842	0.00549
11	0.01682	0.01880	0.03266	0.04764	0.03077	0.09645	0.48086	0.02362	0.10890	0.02146	0.01481	0.01822	0.01130	0.00654	0.00810	0.00223	0.04065	0.00733	0.00383	0.00900
12	0.00944	0.01005	0.08854	0.01091	0.01251	0.00816	0.00894	0.01139	0.01292	0.01747	0.03443	0.50066	0.11335	0.04067	0.01040	0.00274	0.08051	0.01533	0.00545	0.00612
13	0.01308	0.01276	0.04282	0.01472	0.01833	0.03791	0.18044	0.09399	0.01760	0.02312	0.14882	0.16487	0.17797	0.01254	0.00777	0.00227	0.00644	0.01150	0.00555	0.00748
14	0.06495	0.04287	0.02590	0.01967	0.02336	0.07091	0.24441	0.07437	0.02979	0.04060	0.01290	0.03140	0.01080	0.00971	0.03398	0.00264	0.24288	0.00662	0.00382	0.00842
15	0.01744	0.01442	0.01508	0.01415	0.05970	0.06667	0.01038	0.16487	0.25773	0.05051	0.10137	0.02957	0.11443	0.00999	0.00690	0.00211	0.00583	0.00820	0.04135	0.00930
16	0.01021	0.00804	0.00878	0.00833	0.01073	0.00753	0.00633	0.01477	0.11568	0.04231	0.22076	0.05416	0.43805	0.01481	0.00773	0.00222	0.00368	0.01251	0.00666	0.00670
17	0.01710	0.03726	0.14601	0.05495	0.07763	0.05976	0.07541	0.12808	0.17959	0.02572	0.05880	0.01969	0.01547	0.00776	0.00717	0.00209	0.03150	0.00648	0.00482	0.04471
18	0.00820	0.00624	0.00750	0.00837	0.00946	0.00560	0.00579	0.00962	0.01392	0.01787	0.08250	0.46705	0.27521	0.03874	0.00898	0.00264	0.00375	0.01679	0.00623	0.00553
19	0.01476	0.01190	0.01400	0.01004	0.01597	0.00899	0.00805	0.01772	0.01419	0.05862	0.01268	0.01438	0.01029	0.00514	0.00506	0.00105	0.00501	0.00412	0.00420	0.76382
20	0.01032	0.00865	0.04706	0.01018	0.01138	0.00759	0.03112	0.01185	0.01198	0.01597	0.02555	0.10676	0.02850	0.43812	0.02305	0.00491	0.00655	0.19053	0.00472	0.00522
21	0.00840	0.00662	0.00758	0.00775	0.00946	0.00580	0.00566	0.01039	0.01581	0.02030	0.23754	0.19898	0.40807	0.01691	0.00805	0.00232	0.00343	0.01459	0.00654	0.00580
22	0.02001	0.07996	0.03806	0.05244	0.15281	0.12952	0.05125	0.23343	0.04156	0.02641	0.01395	0.01688	0.01123	0.04634	0.00779	0.00212	0.00829	0.00575	0.00453	0.05766
23	0.04195	0.21813	0.17443	0.02018	0.19089	0.03142	0.01570	0.02103	0.03893	0.06270	0.01489	0.04152	0.02763	0.00697	0.00586	0.00184	0.00747	0.00561	0.00377	0.06909

[dist]
# distance from previous block
# <min> <max>
0	5

[block]
# block no. 11 follows, 32 sequences, length 49
# corresponding to MSA columns:
# 344-392
name=unknown_L
#
# <colnr> <probs for GDERKNQSTAVLIFYWHMCP>
#	G	D	E	R	K	N	Q	S	T	A	V	L	I	F	Y	W	H	M	C	P
0	0.03819	0.28260	0.05068	0.02800	0.07201	0.01886	0.09704	0.10566	0.03304	0.16457	0.01530	0.01618	0.01141	0.00673	0.00588	0.00185	0.00738	0.00549	0.02944	0.00969
1	0.01264	0.01200	0.07612	0.01232	0.03170	0.02681	0.04360	0.06506	0.01716	0.04709	0.27081	0.14497	0.07211	0.01475	0.05616	0.00269	0.00615	0.01051	0.00581	0.07152
2	0.01064	0.00844	0.00961	0.00917	0.01135	0.00832	0.00691	0.04359	0.12773	0.02344	0.26915	0.12826	0.26984	0.01553	0.02529	0.00246	0.00420	0.01249	0.00666	0.00690
3	0.02415	0.01812	0.01937	0.01516	0.02029	0.02018	0.01243	0.59784	0.13588	0.04010	0.01783	0.01748	0.01281	0.00822	0.00673	0.00205	0.00706	0.00628	0.00673	0.01129
4	0.00929	0.00662	0.00786	0.00822	0.00890	0.00645	0.00547	0.01021	0.01175	0.01531	0.03262	0.15244	0.14894	0.40841	0.07525	0.00523	0.00640	0.07085	0.00491	0.00487
5	0.01807	0.01583	0.02506	0.02699	0.28668	0.03168	0.16113	0.04674	0.17983	0.09238	0.03464	0.02020	0.01468	0.00714	0.00699	0.00212	0.00780	0.00696	0.00485	0.01022
6	0.04022	0.01037	0.01217	0.00942	0.01398	0.00834	0.00743	0.01625	0.01539	0.05809	0.18285	0.02648	0.07475	0.00812	0.00594	0.00144	0.00447	0.00677	0.00516	0.49237
7	0.00894	0.00684	0.00819	0.00785	0.00968	0.00609	0.00589	0.01158	0.01767	0.02376	0.48552	0.05530	0.29854	0.01489	0.00792	0.00217	0.00325	0.01286	0.00697	0.00609
8	0.14647	0.08251	0.01910	0.01348	0.01866	0.01856	0.01130	0.42163	0.02477	0.15506	0.01624	0.01599	0.01142	0.00761	0.00611	0.00198	0.00674	0.00558	0.00625	0.01053
9	0.01751	0.14587	0.12046	0.01573	0.04979	0.09384	0.04450	0.11592	0.16145	0.02452	0.07498	0.02081	0.04017	0.00798	0.00634	0.00194	0.00741	0.00639	0.00484	0.03955
10	0.02510	0.03092	0.01910	0.01714	0.02075	0.67963	0.01295	0.08093	0.02002	0.01850	0.01083	0.01242	0.00887	0.00701	0.00610	0.00175	0.01172	0.00446	0.00372	0.00807
11	0.01287	0.01184	0.02021	0.63480	0.04209	0.01428	0.06277	0.01730	0.01364	0.01813	0.01291	0.01853	0.00975	0.00674	0.00661	0.00218	0.00859	0.00612	0.07319	0.00745
12	0.01148	0.00731	0.00909	0.00851	0.01061	0.00650	0.00642	0.01400	0.01747	0.10923	0.39774	0.11551	0.23147	0.01460	0.00784	0.00220	0.00361	0.01265	0.00708	0.00669
13	0.00908	0.00611	0.00780	0.00871	0.00951	0.00575	0.00602	0.01094	0.01427	0.02027	0.17310	0.50766	0.04422	0.01760	0.00786	0.00243	0.00363	0.01578	0.12351	0.00575
14	0.00859	0.00616	0.00812	0.00936	0.01001	0.00579	0.00652	0.01010	0.01363	0.01822	0.10413	0.57898	0.06677	0.04961	0.00956	0.00283	0.00411	0.07571	0.00625	0.00555
15	0.02040	0.01358	0.01528	0.01318	0.01736	0.01480	0.01041	0.03484	0.51895	0.22152	0.02708	0.02443	0.01941	0.00888	0.00681	0.00222	0.00542	0.00735	0.00724	0.01084
16	0.01405	0.00950	0.01070	0.00965	0.01209	0.03726	0.00739	0.08806	0.01887	0.10583	0.32854	0.11484	0.13377	0.01299	0.00742	0.00213	0.00436	0.01112	0.06411	0.00732
17	0.05244	0.39319	0.02601	0.01383	0.03953	0.23850	0.01158	0.02291	0.01569	0.07440	0.01175	0.01303	0.00970	0.00643	0.00512	0.00162	0.00829	0.00427	0.04322	0.00848
18	0.02510	0.03082	0.01911	0.01712	0.02075	0.67428	0.01295	0.08596	0.02012	0.01870	0.01088	0.01245	0.00889	0.00701	0.00611	0.00175	0.01169	0.00447	0.00374	0.00810
19	0.01375	0.01599	0.12432	0.03808	0.26042	0.01332	0.06317	0.01965	0.09508	0.02248	0.12488	0.02875	0.11593	0.00915	0.00742	0.00214	0.02369	0.00816	0.00463	0.00897
20	0.00976	0.00710	0.00776	0.00750	0.00981	0.00605	0.00565	0.01169	0.01593	0.07115	0.14545	0.09148	0.55459	0.01613	0.00787	0.00225	0.00356	0.01359	0.00653	0.00616
21	0.00966	0.00710	0.01020	0.01026	0.01128	0.00804	0.00776	0.01169	0.01080	0.01533	0.01920	0.03127	0.01892	0.16883	0.59050	0.00976	0.01558	0.03436	0.00378	0.00568
22	0.01019	0.00645	0.00864	0.00958	0.01051	0.00604	0.00665	0.01158	0.01335	0.07945	0.03582	0.62291	0.06258	0.02173	0.05706	0.00319	0.00498	0.01703	0.00624	0.00602
23	0.00833	0.00601	0.00789	0.00912	0.00974	0.00557	0.00619	0.00977	0.01371	0.01838	0.12282	0.64282	0.07488	0.01995	0.00846	0.00263	0.00378	0.01801	0.00637	0.00557
24	0.01872	0.68716	0.03338	0.01212	0.01761	0.10480	0.01164	0.02083	0.01423	0.01586	0.00944	0.01091	0.00861	0.00587	0.00450	0.00147	0.00772	0.00367	0.00293	0.00852
25	0.00851	0.00627	0.00802	0.00934	0.01000	0.00593	0.00633	0.01046	0.04211	0.01766	0.03885	0.67821	0.09288	0.02023	0.00845	0.00267	0.00392	0.01824	0.00625	0.00568
26	0.01114	0.00838	0.01120	0.01113	0.01218	0.00928	0.00839	0.02618	0.02887	0.05134	0.07437	0.36384	0.07368	0.02169	0.11273	0.00378	0.13193	0.02797	0.00550	0.00644
27	0.01221	0.01128	0.01573	0.01445	0.01468	0.01480	0.01151	0.01367	0.01111	0.01640	0.01832	0.24553	0.02050	0.01808	0.08240	0.00358	0.45504	0.01006	0.00401	0.00664
28	0.19611	0.02157	0.01692	0.07007	0.04200	0.32745	0.02773	0.11464	0.01803	0.02400	0.01213	0.01415	0.00954	0.00692	0.00572	0.00189	0.00882	0.00482	0.06936	0.00813
29	0.02705	0.01632	0.01861	0.01426	0.01957	0.01714	0.01178	0.47623	0.02741	0.27186	0.01958	0.01837	0.01315	0.00814	0.00672	0.00203	0.00682	0.00628	0.00725	0.01141
30	0.00972	0.00770	0.00886	0.00856	0.01058	0.00731	0.00641	0.01418	0.10340	0.02312	0.34433	0.10460	0.29653	0.01488	0.00783	0.00223	0.00357	0.01282	0.00681	0.00656
31	0.00812	0.00606	0.00756	0.00876	0.00958	0.00550	0.00597	0.00941	0.01340	0.01736	0.04405	0.60132	0.19831	0.02010	0.00842	0.00262	0.00378	0.01795	0.00623	0.00550
32	0.03549	0.01480	0.01596	0.01302	0.01685	0.03894	0.01027	0.36236	0.07350	0.10542	0.01878	0.02308	0.01524	0.14548	0.07698	0.00361	0.00796	0.00689	0.00599	0.00938
33	0.01465	0.02194	0.28837	0.01931	0.04699	0.01575	0.12725	0.06486	0.06598	0.02201	0.01571	0.02209	0.01315	0.01130	0.05792	0.00292	0.11187	0.06509	0.00385	0.00900
