[name]
unknown

[dist]
# distance from previous block
# <min> <max>
0	25

[block]
# block no. 0 follows, 31 sequences, length 12
# corresponding to MSA columns:
# 25-36
name=unknown_A
#
# <colnr> <probs for GDERKNQSTAVLIFYWHMCP>
#	G	D	E	R	K	N	Q	S	T	A	V	L	I	F	Y	W	H	M	C	P
0	0.00908	0.00657	0.00867	0.00971	0.01069	0.00617	0.00712	0.01107	0.01504	0.02016	0.18198	0.44567	0.08915	0.01917	0.00868	0.00268	0.00419	0.13173	0.00659	0.00589
1	0.01696	0.14226	0.07036	0.06974	0.20175	0.06497	0.27672	0.02140	0.01547	0.02033	0.01237	0.01613	0.00993	0.00620	0.00720	0.00207	0.02718	0.00628	0.00329	0.00938
2	0.01218	0.08344	0.01281	0.00997	0.01151	0.01072	0.00736	0.07426	0.01276	0.01725	0.01867	0.03209	0.01914	0.34962	0.29158	0.00734	0.01118	0.00799	0.00409	0.00603
3	0.00849	0.00669	0.00754	0.00784	0.00946	0.00588	0.00561	0.01024	0.01529	0.01936	0.15974	0.22626	0.41683	0.05753	0.00967	0.00263	0.00372	0.01507	0.00642	0.00574
4	0.01683	0.01102	0.01276	0.01122	0.01461	0.01130	0.00877	0.02608	0.28950	0.17460	0.20255	0.03721	0.13164	0.01144	0.00738	0.00223	0.00468	0.00967	0.00733	0.00919
5	0.00907	0.00676	0.00843	0.00845	0.00996	0.00612	0.00617	0.01156	0.01726	0.02348	0.43736	0.20276	0.19494	0.01625	0.00821	0.00232	0.00343	0.01429	0.00704	0.00612
6	0.00972	0.00682	0.00822	0.00820	0.00875	0.00695	0.00527	0.01053	0.01108	0.01487	0.05113	0.04329	0.09332	0.50715	0.17990	0.00697	0.00868	0.00993	0.00439	0.00481
7	0.01887	0.36222	0.02723	0.20741	0.02639	0.21878	0.01406	0.02158	0.01536	0.01664	0.01051	0.01328	0.00888	0.00645	0.00553	0.00176	0.00918	0.00451	0.00312	0.00823
8	0.01505	0.17080	0.01876	0.01047	0.01650	0.01291	0.00887	0.01791	0.01413	0.02099	0.01160	0.01351	0.00985	0.00523	0.00492	0.00111	0.00554	0.00397	0.00382	0.63408
9	0.06342	0.17471	0.06005	0.01693	0.09921	0.01909	0.01316	0.21839	0.12627	0.08748	0.01743	0.04504	0.01371	0.00797	0.00625	0.00201	0.00696	0.00624	0.00540	0.01027
10	0.01393	0.10478	0.12299	0.27799	0.06247	0.01459	0.04940	0.01789	0.01412	0.04827	0.04550	0.08725	0.01652	0.06831	0.02556	0.00273	0.00828	0.00758	0.00386	0.00798
11	0.02049	0.10597	0.01982	0.01410	0.01808	0.05733	0.01171	0.35967	0.02309	0.03093	0.05247	0.01903	0.01471	0.01373	0.09584	0.00312	0.07607	0.00624	0.04813	0.00948

[dist]
# distance from previous block
# <min> <max>
2	7

[block]
# block no. 1 follows, 31 sequences, length 13
# corresponding to MSA columns:
# 45-57
name=unknown_B
#
# <colnr> <probs for GDERKNQSTAVLIFYWHMCP>
#	G	D	E	R	K	N	Q	S	T	A	V	L	I	F	Y	W	H	M	C	P
0	0.01713	0.49906	0.18196	0.01355	0.01985	0.07007	0.01435	0.02062	0.01480	0.01822	0.06408	0.01489	0.01303	0.00670	0.00525	0.00169	0.00794	0.00468	0.00331	0.00883
1	0.01887	0.13246	0.05406	0.01221	0.01650	0.01419	0.01047	0.02652	0.21801	0.21027	0.10544	0.08917	0.04251	0.01018	0.00682	0.00214	0.00564	0.00844	0.00651	0.00959
2	0.01529	0.02829	0.04132	0.01366	0.04689	0.01338	0.01031	0.13918	0.05245	0.03682	0.06292	0.02677	0.01864	0.18593	0.07407	0.09480	0.11980	0.00748	0.00465	0.00734
3	0.06819	0.05102	0.11148	0.10938	0.36110	0.01495	0.01740	0.01979	0.01468	0.02248	0.01384	0.01747	0.01111	0.00654	0.00615	0.00199	0.00748	0.00573	0.12988	0.00934
4	0.07010	0.01927	0.11235	0.02618	0.13942	0.01673	0.35346	0.06460	0.05173	0.05655	0.01470	0.01771	0.01097	0.00640	0.00724	0.00221	0.00959	0.00692	0.00405	0.00981
5	0.00956	0.00687	0.00882	0.00988	0.01068	0.00663	0.00679	0.05446	0.01467	0.01966	0.07144	0.67020	0.04405	0.02018	0.00857	0.00270	0.00416	0.01821	0.00644	0.00600
6	0.00843	0.00612	0.00795	0.00923	0.00989	0.00565	0.00626	0.00983	0.01383	0.01839	0.09711	0.63799	0.10313	0.02046	0.00862	0.00269	0.00386	0.01843	0.00645	0.00565
7	0.00834	0.00595	0.00794	0.00953	0.00992	0.00556	0.00635	0.00953	0.01310	0.01746	0.03771	0.75510	0.04525	0.02143	0.00873	0.00278	0.00397	0.01945	0.00635	0.00556
8	0.01021	0.00775	0.01094	0.01071	0.01155	0.00906	0.00802	0.01202	0.01071	0.01532	0.01836	0.03012	0.01829	0.21280	0.51604	0.00937	0.07142	0.00784	0.00373	0.00576
9	0.01467	0.01452	0.02037	0.01756	0.01763	0.02023	0.01459	0.01622	0.01051	0.01643	0.00952	0.01566	0.00945	0.01427	0.06381	0.00346	0.70460	0.00607	0.00303	0.00740
10	0.02010	0.13981	0.18236	0.01635	0.02269	0.01863	0.07622	0.25669	0.03696	0.08184	0.01547	0.01679	0.01144	0.00951	0.04417	0.00247	0.00872	0.00584	0.02376	0.01019
11	0.00969	0.00652	0.00754	0.00779	0.00785	0.00646	0.00450	0.00988	0.01045	0.01393	0.02413	0.15797	0.02812	0.64194	0.03066	0.00602	0.00621	0.01146	0.00450	0.00437
12	0.27297	0.05646	0.11681	0.01722	0.05288	0.03751	0.14708	0.05882	0.10628	0.02649	0.03632	0.01678	0.01227	0.00697	0.00610	0.00214	0.00769	0.00582	0.00438	0.00902

[dist]
# distance from previous block
# <min> <max>
2	17

[block]
# block no. 2 follows, 31 sequences, length 25
# corresponding to MSA columns:
# 75-99
name=unknown_C
#
# <colnr> <probs for GDERKNQSTAVLIFYWHMCP>
#	G	D	E	R	K	N	Q	S	T	A	V	L	I	F	Y	W	H	M	C	P
0	0.12246	0.01735	0.16548	0.01275	0.01781	0.03806	0.01221	0.10070	0.04210	0.05347	0.11103	0.06568	0.07886	0.00985	0.00666	0.00208	0.00640	0.03270	0.00527	0.09906
1	0.01329	0.01049	0.01197	0.01088	0.01365	0.01071	0.00838	0.09881	0.12882	0.02364	0.04797	0.16325	0.15468	0.04396	0.03335	0.00270	0.03389	0.04448	0.03981	0.10527
2	0.02279	0.01792	0.01872	0.01479	0.01994	0.04426	0.01200	0.45756	0.16820	0.03681	0.01808	0.01790	0.01327	0.00803	0.00664	0.00198	0.00698	0.00618	0.00643	0.10150
3	0.01146	0.03173	0.01339	0.01234	0.01415	0.03353	0.07098	0.03748	0.08889	0.01988	0.03197	0.53632	0.03596	0.01728	0.00820	0.00259	0.00533	0.01571	0.00597	0.00685
4	0.02527	0.03143	0.02014	0.01789	0.02163	0.67085	0.03544	0.06263	0.01996	0.01832	0.01099	0.01276	0.00901	0.00707	0.00627	0.00180	0.01206	0.00462	0.00370	0.00817
5	0.01699	0.32348	0.33144	0.01580	0.02324	0.05650	0.03708	0.02182	0.01497	0.05664	0.03554	0.01477	0.01109	0.00661	0.00576	0.00187	0.00869	0.00490	0.00341	0.00940
6	0.01693	0.01626	0.02777	0.04199	0.71689	0.01626	0.02100	0.02100	0.01558	0.02235	0.01287	0.01693	0.01084	0.00610	0.00677	0.00203	0.00813	0.00610	0.00339	0.01084
7	0.00890	0.00920	0.08517	0.01041	0.01200	0.00669	0.00831	0.01086	0.01343	0.01799	0.03735	0.62316	0.09175	0.01951	0.00844	0.00268	0.00459	0.01752	0.00598	0.00606
8	0.15300	0.01733	0.01975	0.01541	0.02059	0.06357	0.08473	0.30928	0.05835	0.16499	0.01723	0.01728	0.01211	0.00767	0.00652	0.00210	0.00748	0.00607	0.00615	0.01041
9	0.01435	0.01509	0.04723	0.20498	0.16717	0.04180	0.17986	0.01927	0.05011	0.02027	0.02049	0.10561	0.06537	0.00898	0.00740	0.00227	0.00848	0.00868	0.00404	0.00853
10	0.00823	0.00678	0.00724	0.00746	0.00941	0.00579	0.00547	0.00998	0.01545	0.01891	0.10700	0.17490	0.56421	0.01776	0.00819	0.00237	0.00353	0.01510	0.00643	0.00579
11	0.80789	0.01323	0.01006	0.00900	0.01323	0.01535	0.00741	0.02011	0.01164	0.03070	0.00953	0.01111	0.00741	0.00635	0.00423	0.00212	0.00529	0.00370	0.00423	0.00741
12	0.00899	0.00711	0.00819	0.00834	0.01036	0.00631	0.00654	0.01133	0.01652	0.02096	0.21620	0.06437	0.43930	0.01682	0.00833	0.00242	0.00392	0.13135	0.00662	0.00603
13	0.00835	0.00689	0.00735	0.00748	0.00955	0.00589	0.00560	0.01022	0.01574	0.01926	0.12266	0.11868	0.58139	0.01741	0.00818	0.00236	0.00358	0.03713	0.00646	0.00584
14	0.01623	0.01822	0.03901	0.03026	0.10928	0.01719	0.61961	0.02182	0.01609	0.02196	0.01374	0.01829	0.01043	0.00580	0.00793	0.00228	0.01117	0.00786	0.00345	0.00940
15	0.56251	0.01303	0.01208	0.01014	0.01471	0.01412	0.00836	0.05042	0.01465	0.22183	0.01462	0.01468	0.01020	0.00701	0.00507	0.00211	0.00553	0.00468	0.00551	0.00874
16	0.00954	0.00752	0.00880	0.00931	0.01114	0.00707	0.00718	0.01289	0.06752	0.02002	0.09314	0.20823	0.33775	0.01770	0.00842	0.00258	0.00430	0.15416	0.00646	0.00627
17	0.01188	0.00594	0.00891	0.00891	0.00891	0.00594	0.00594	0.00891	0.00891	0.01188	0.01188	0.02080	0.01188	0.02377	0.02674	0.80095	0.00594	0.00594	0.00297	0.00297
18	0.02081	0.01813	0.02290	0.15746	0.02802	0.07060	0.11938	0.32957	0.10862	0.03118	0.01620	0.01792	0.01190	0.00762	0.00700	0.00215	0.00854	0.00651	0.00536	0.01012
19	0.00925	0.00637	0.00784	0.00864	0.00889	0.00619	0.00546	0.00993	0.01166	0.01552	0.02967	0.37523	0.03493	0.38591	0.02165	0.00470	0.00538	0.04263	0.00526	0.00489
20	0.02123	0.01577	0.01706	0.01420	0.01873	0.01752	0.01136	0.26840	0.38181	0.09877	0.02491	0.02325	0.03724	0.00906	0.00694	0.00221	0.00615	0.00729	0.00704	0.01105
21	0.07413	0.15536	0.13938	0.02028	0.09878	0.11308	0.10728	0.08865	0.01647	0.02232	0.01168	0.01438	0.00942	0.00710	0.00802	0.00207	0.09341	0.00536	0.00361	0.00921
22	0.02188	0.02227	0.13262	0.01614	0.02176	0.10054	0.01450	0.35609	0.18476	0.03327	0.01775	0.01776	0.01299	0.00805	0.00674	0.00210	0.00800	0.00615	0.00585	0.01078
23	0.02916	0.02837	0.00905	0.00846	0.00931	0.00805	0.00548	0.02815	0.04863	0.01686	0.02624	0.17311	0.05642	0.45833	0.02368	0.00490	0.00578	0.01120	0.04350	0.00532
24	0.17156	0.04016	0.06105	0.01371	0.01837	0.15082	0.01162	0.25215	0.02169	0.06600	0.08513	0.02006	0.04254	0.00840	0.00630	0.00202	0.00749	0.00619	0.00550	0.00922

[dist]
# distance from previous block
# <min> <max>
1	8

[block]
# block no. 3 follows, 31 sequences, length 9
# corresponding to MSA columns:
# 113-121
name=unknown_D
#
# <colnr> <probs for GDERKNQSTAVLIFYWHMCP>
#	G	D	E	R	K	N	Q	S	T	A	V	L	I	F	Y	W	H	M	C	P
0	0.07413	0.05311	0.08209	0.11227	0.15523	0.03085	0.03618	0.07633	0.12033	0.02445	0.05546	0.07327	0.02994	0.00869	0.00667	0.00215	0.00709	0.00744	0.03523	0.00908
1	0.04813	0.02181	0.35968	0.05415	0.02293	0.01280	0.03975	0.01815	0.01366	0.02099	0.04183	0.02018	0.01378	0.01811	0.18775	0.00433	0.01104	0.00612	0.07649	0.00834
2	0.01628	0.01445	0.01923	0.07057	0.31551	0.06650	0.01432	0.09483	0.01772	0.02441	0.07246	0.02547	0.08840	0.00847	0.00668	0.00200	0.00687	0.00735	0.11947	0.00901
3	0.01177	0.14276	0.01475	0.00994	0.01237	0.01190	0.00820	0.01469	0.03613	0.02161	0.27233	0.04277	0.21432	0.01295	0.00888	0.00218	0.08648	0.02998	0.03909	0.00692
4	0.01034	0.00867	0.01007	0.00936	0.01180	0.00833	0.02997	0.01553	0.13859	0.02181	0.17712	0.08061	0.38930	0.04678	0.00905	0.00249	0.00420	0.01265	0.00649	0.00684
5	0.05642	0.05872	0.53584	0.05868	0.02911	0.01661	0.07265	0.02107	0.01416	0.02147	0.01197	0.01466	0.00877	0.00670	0.00721	0.00219	0.04589	0.00526	0.00302	0.00958
6	0.00913	0.00676	0.00863	0.00993	0.01065	0.00661	0.00676	0.01200	0.07674	0.01849	0.03680	0.68795	0.04301	0.02032	0.00857	0.00274	0.00410	0.01837	0.00641	0.00604
7	0.12063	0.23220	0.28456	0.01545	0.02206	0.08363	0.01661	0.06632	0.01530	0.02196	0.01106	0.01302	0.00877	0.00681	0.00663	0.00197	0.05591	0.00457	0.00340	0.00913
8	0.04552	0.15473	0.05596	0.11859	0.05921	0.18873	0.07673	0.07135	0.01711	0.08972	0.01302	0.01527	0.01006	0.00709	0.00711	0.00200	0.04942	0.00539	0.00403	0.00899

[dist]
# distance from previous block
# <min> <max>
0	1

[block]
# block no. 4 follows, 31 sequences, length 21
# corresponding to MSA columns:
# 123-143
name=unknown_E
#
# <colnr> <probs for GDERKNQSTAVLIFYWHMCP>
#	G	D	E	R	K	N	Q	S	T	A	V	L	I	F	Y	W	H	M	C	P
0	0.06754	0.10866	0.30844	0.08375	0.08362	0.01585	0.01775	0.02099	0.05065	0.04692	0.01418	0.01701	0.01099	0.01145	0.08336	0.00301	0.00943	0.00548	0.03179	0.00915
1	0.01331	0.01082	0.01409	0.14753	0.05914	0.01158	0.01077	0.10505	0.09741	0.02521	0.21465	0.11481	0.12363	0.01219	0.00756	0.00227	0.00552	0.01056	0.00603	0.00790
2	0.00885	0.00685	0.00817	0.00884	0.01043	0.00617	0.00671	0.01083	0.01530	0.01939	0.11327	0.25177	0.34955	0.01842	0.00851	0.00258	0.00411	0.13793	0.00645	0.00588
3	0.00925	0.00661	0.00796	0.00853	0.00983	0.00617	0.00619	0.01120	0.01454	0.01973	0.11768	0.29078	0.22366	0.04902	0.05003	0.00308	0.00472	0.05516	0.10001	0.00583
4	0.01585	0.01078	0.01229	0.01088	0.01399	0.01120	0.00847	0.06183	0.24792	0.11559	0.23568	0.03609	0.09634	0.01115	0.00718	0.00216	0.00455	0.00942	0.07985	0.00879
5	0.00853	0.00680	0.00773	0.00788	0.00969	0.00601	0.00580	0.01051	0.01575	0.02002	0.19329	0.17333	0.44037	0.01888	0.04159	0.00275	0.00418	0.01451	0.00647	0.00589
6	0.01417	0.01920	0.20990	0.05672	0.28453	0.01409	0.05174	0.01974	0.05754	0.02127	0.01940	0.12155	0.04176	0.02867	0.00783	0.00234	0.00792	0.00827	0.00400	0.00933
7	0.00962	0.00689	0.00889	0.00855	0.00991	0.00642	0.00621	0.01238	0.01798	0.02531	0.59754	0.09559	0.05916	0.09252	0.01091	0.00266	0.00363	0.01257	0.00710	0.00616
8	0.01372	0.03539	0.72412	0.01950	0.02961	0.01589	0.02528	0.02167	0.01444	0.02167	0.01228	0.01444	0.00867	0.00650	0.00650	0.00217	0.01011	0.00506	0.00289	0.01011
9	0.14085	0.07344	0.07336	0.04279	0.08957	0.08794	0.03693	0.19895	0.01926	0.02794	0.01290	0.01473	0.00998	0.00671	0.00591	0.00186	0.00765	0.00511	0.02256	0.12155
10	0.08915	0.11903	0.08559	0.17372	0.10270	0.01878	0.08457	0.12708	0.01666	0.02382	0.01216	0.01552	0.00958	0.00720	0.00799	0.00216	0.08575	0.00565	0.00380	0.00911
11	0.01035	0.00763	0.00990	0.00962	0.01004	0.00859	0.00663	0.01132	0.01035	0.01445	0.01931	0.03595	0.02077	0.44975	0.27183	0.00779	0.07803	0.00869	0.00388	0.00512
12	0.00984	0.00673	0.00813	0.00821	0.00845	0.00693	0.00506	0.01034	0.01030	0.01395	0.02177	0.07681	0.02447	0.59342	0.16103	0.00724	0.00864	0.00994	0.00417	0.00457
13	0.00904	0.00687	0.00795	0.00843	0.01006	0.00621	0.00635	0.01098	0.01510	0.01935	0.10858	0.18341	0.36411	0.06374	0.00994	0.00275	0.00417	0.11838	0.03877	0.00580
14	0.02331	0.01350	0.01551	0.01266	0.01708	0.01406	0.01021	0.18913	0.20588	0.27329	0.02403	0.02257	0.01682	0.00855	0.00659	0.00208	0.00574	0.00687	0.12147	0.01066
15	0.00874	0.00637	0.00787	0.00877	0.00956	0.00591	0.00595	0.01004	0.01356	0.01778	0.08963	0.44884	0.15865	0.13941	0.01281	0.00329	0.00433	0.03697	0.00608	0.00546
16	0.20656	0.05969	0.01525	0.01127	0.01575	0.01448	0.00935	0.19119	0.01960	0.22493	0.01838	0.01837	0.01299	0.00766	0.00573	0.00197	0.00575	0.00567	0.14586	0.00955
17	0.00925	0.00684	0.00785	0.00770	0.00928	0.00619	0.00552	0.01133	0.01595	0.02136	0.29858	0.07886	0.29866	0.13402	0.01218	0.00292	0.00388	0.01267	0.05118	0.00580
18	0.04539	0.07892	0.16791	0.01576	0.02171	0.11593	0.04328	0.18479	0.06304	0.13560	0.01870	0.01887	0.04402	0.00788	0.00653	0.00204	0.00824	0.00609	0.00527	0.01004
19	0.03689	0.17346	0.03769	0.06278	0.05386	0.08962	0.01185	0.11060	0.09402	0.04904	0.05173	0.12134	0.01878	0.00941	0.00643	0.00200	0.00698	0.00761	0.00498	0.05091
20	0.09572	0.16108	0.06503	0.01343	0.01825	0.07720	0.04261	0.09536	0.09968	0.11618	0.01969	0.02027	0.05242	0.01024	0.04507	0.00245	0.00770	0.00614	0.04231	0.00918

[dist]
# distance from previous block
# <min> <max>
0	11

[block]
# block no. 5 follows, 31 sequences, length 29
# corresponding to MSA columns:
# 155-183
name=unknown_F
#
# <colnr> <probs for GDERKNQSTAVLIFYWHMCP>
#	G	D	E	R	K	N	Q	S	T	A	V	L	I	F	Y	W	H	M	C	P
0	0.03331	0.01684	0.07245	0.04295	0.06716	0.14398	0.01225	0.07494	0.01667	0.05260	0.04221	0.11524	0.04616	0.01395	0.06852	0.00289	0.03998	0.04499	0.02507	0.06782
1	0.04401	0.07393	0.08827	0.04120	0.05240	0.08216	0.07308	0.09593	0.05743	0.14798	0.07372	0.05102	0.04219	0.01034	0.03394	0.00243	0.00795	0.00734	0.00537	0.00930
2	0.05566	0.03805	0.01067	0.00911	0.01165	0.00944	0.00709	0.07277	0.04254	0.02244	0.14808	0.04634	0.33626	0.04837	0.10803	0.00358	0.00627	0.01097	0.00589	0.00678
3	0.07046	0.01305	0.01721	0.01259	0.01837	0.01098	0.09483	0.04782	0.01534	0.02405	0.05157	0.01667	0.01308	0.00588	0.00564	0.00136	0.00591	0.00510	0.00431	0.56577
4	0.01752	0.01420	0.05518	0.01359	0.01636	0.07103	0.04560	0.09056	0.01544	0.11441	0.01656	0.02199	0.01391	0.08822	0.08146	0.10464	0.12138	0.00660	0.08371	0.00762
5	0.01760	0.02060	0.12405	0.02112	0.02740	0.08011	0.30397	0.06766	0.06055	0.04923	0.01444	0.01712	0.01090	0.00665	0.00772	0.00207	0.04232	0.00651	0.00408	0.11591
6	0.01066	0.00857	0.01249	0.01436	0.10066	0.00934	0.00936	0.01271	0.01205	0.01682	0.02400	0.13619	0.07080	0.12685	0.35460	0.00704	0.05313	0.00971	0.00424	0.00643
7	0.00981	0.00707	0.00993	0.00993	0.01092	0.00776	0.00734	0.01155	0.01153	0.01619	0.07051	0.05028	0.04807	0.16659	0.48063	0.04980	0.01371	0.00862	0.00415	0.00561
8	0.01254	0.01128	0.04451	0.01244	0.04328	0.04957	0.00930	0.09464	0.01694	0.02222	0.11096	0.30795	0.09598	0.05748	0.00957	0.00271	0.00558	0.08011	0.00597	0.00698
9	0.11655	0.01408	0.01695	0.08786	0.07721	0.01509	0.01192	0.21674	0.08295	0.16490	0.07943	0.02156	0.01755	0.00832	0.00657	0.00211	0.00640	0.00669	0.03721	0.00992
10	0.01652	0.02064	0.12032	0.07872	0.02601	0.14394	0.17315	0.04552	0.01508	0.01951	0.01263	0.01715	0.01043	0.01358	0.10672	0.00347	0.15863	0.00626	0.00342	0.00831
11	0.00865	0.00618	0.00830	0.00988	0.01042	0.00583	0.00689	0.01007	0.01341	0.01781	0.03753	0.67619	0.04456	0.02114	0.00882	0.00282	0.00424	0.09527	0.00634	0.00564
12	0.01374	0.00947	0.01243	0.10949	0.04343	0.03720	0.00921	0.07225	0.01310	0.01768	0.01525	0.07180	0.01435	0.01830	0.04398	0.40740	0.00693	0.00696	0.07157	0.00544
13	0.01258	0.01203	0.01856	0.05730	0.04563	0.04557	0.13406	0.01512	0.01320	0.01788	0.02128	0.25718	0.02269	0.04227	0.11710	0.00395	0.14126	0.01096	0.00434	0.00703
14	0.01718	0.01065	0.01110	0.00950	0.01239	0.01133	0.00753	0.24240	0.02030	0.03139	0.02035	0.02247	0.01556	0.00805	0.00547	0.00175	0.00464	0.00630	0.53349	0.00813
15	0.00977	0.00733	0.01100	0.01100	0.01222	0.00855	0.00855	0.01222	0.01100	0.01588	0.01833	0.02688	0.01710	0.05131	0.73245	0.01100	0.01833	0.00733	0.00367	0.00611
16	0.01677	0.13147	0.05548	0.11136	0.18889	0.07217	0.14637	0.04022	0.01515	0.01994	0.01214	0.01620	0.01006	0.00879	0.03837	0.00250	0.09577	0.00598	0.00335	0.00902
17	0.01026	0.00720	0.00826	0.00820	0.00875	0.00729	0.00515	0.01184	0.04988	0.01559	0.06395	0.04556	0.06485	0.57635	0.06092	0.00597	0.00672	0.03371	0.00467	0.00490
18	0.01108	0.00752	0.00839	0.00805	0.00843	0.00766	0.00477	0.05829	0.01152	0.01537	0.02119	0.04277	0.02394	0.70648	0.03284	0.00631	0.00670	0.00968	0.00434	0.00467
19	0.01474	0.01119	0.01375	0.08649	0.08545	0.04243	0.01022	0.02034	0.12589	0.09698	0.20903	0.05383	0.12731	0.01112	0.00724	0.00216	0.00537	0.00953	0.05877	0.00818
20	0.00894	0.00644	0.00860	0.01011	0.01086	0.00610	0.00737	0.01060	0.01382	0.01820	0.03883	0.56808	0.07495	0.02066	0.00887	0.00284	0.00448	0.16818	0.00634	0.00574
21	0.01552	0.01716	0.05106	0.02544	0.12831	0.04633	0.31035	0.01944	0.01445	0.01998	0.01466	0.08933	0.01341	0.00896	0.01136	0.00245	0.19140	0.00814	0.00360	0.00865
22	0.01380	0.01290	0.01411	0.01282	0.01427	0.12657	0.03998	0.01573	0.01265	0.01692	0.01641	0.02554	0.01570	0.16850	0.25356	0.00596	0.13201	0.00708	0.08906	0.00641
23	0.73994	0.04049	0.01144	0.00954	0.01379	0.05269	0.00786	0.02050	0.01212	0.02947	0.00958	0.01117	0.00753	0.00637	0.00434	0.00208	0.00573	0.00374	0.00415	0.00748
24	0.01574	0.04999	0.08448	0.08278	0.11107	0.01437	0.03471	0.14965	0.04886	0.02455	0.01857	0.14347	0.01725	0.01263	0.06137	0.00274	0.00791	0.00816	0.00474	0.10698
25	0.01053	0.00680	0.00870	0.00918	0.00961	0.00678	0.00639	0.01085	0.01141	0.01508	0.02426	0.07806	0.02707	0.39385	0.02551	0.15646	0.00630	0.18401	0.00458	0.00455
26	0.09451	0.07142	0.02145	0.05211	0.14181	0.04568	0.04233	0.25529	0.05319	0.09612	0.01625	0.03197	0.01239	0.00762	0.00643	0.00204	0.00740	0.00616	0.02567	0.01017
27	0.05620	0.07972	0.06563	0.08632	0.06673	0.18252	0.01447	0.18060	0.09474	0.02550	0.01397	0.01577	0.01089	0.00773	0.00766	0.00208	0.07002	0.00553	0.00452	0.00941
28	0.00974	0.00672	0.00756	0.00754	0.00811	0.00657	0.00464	0.01040	0.01142	0.01523	0.04951	0.04672	0.14104	0.54343	0.06417	0.00578	0.00645	0.01048	0.03980	0.00469

[dist]
# distance from previous block
# <min> <max>
0	14

[block]
# block no. 6 follows, 31 sequences, length 31
# corresponding to MSA columns:
# 198-228
name=unknown_G
#
# <colnr> <probs for GDERKNQSTAVLIFYWHMCP>
#	G	D	E	R	K	N	Q	S	T	A	V	L	I	F	Y	W	H	M	C	P
0	0.09792	0.05381	0.04731	0.10017	0.13425	0.20414	0.01462	0.03999	0.11422	0.04547	0.01405	0.01620	0.01110	0.00754	0.00760	0.00210	0.07080	0.00552	0.00416	0.00902
1	0.01511	0.07126	0.23902	0.02606	0.26399	0.01588	0.08241	0.02127	0.06194	0.02210	0.04549	0.02229	0.03804	0.00767	0.00688	0.00215	0.00837	0.03644	0.00386	0.00977
2	0.00834	0.00595	0.00794	0.00953	0.00992	0.00556	0.00635	0.00953	0.01310	0.01746	0.03771	0.75510	0.04525	0.02143	0.00873	0.00278	0.00397	0.01945	0.00635	0.00556
3	0.01773	0.01467	0.01556	0.01368	0.01759	0.01675	0.01073	0.12090	0.56365	0.03037	0.05710	0.02549	0.02154	0.00931	0.00693	0.00225	0.00552	0.00769	0.03195	0.01060
4	0.12220	0.47517	0.02793	0.03596	0.01842	0.12629	0.01138	0.02163	0.01461	0.04293	0.01048	0.01200	0.00896	0.00618	0.00483	0.00162	0.00769	0.00398	0.00343	0.04430
5	0.01301	0.05078	0.01473	0.19433	0.04808	0.03571	0.01104	0.07698	0.01548	0.02075	0.02441	0.33509	0.02579	0.01328	0.00729	0.00233	0.00613	0.01168	0.08594	0.00717
6	0.00834	0.00595	0.00794	0.00953	0.00992	0.00556	0.00635	0.00953	0.01310	0.01746	0.03771	0.75510	0.04525	0.02143	0.00873	0.00278	0.00397	0.01945	0.00635	0.00556
7	0.02556	0.03261	0.01939	0.01763	0.02115	0.73210	0.01322	0.02732	0.01939	0.01674	0.01058	0.01234	0.00881	0.00705	0.00617	0.00176	0.01234	0.00441	0.00353	0.00793
8	0.01372	0.03539	0.72412	0.01950	0.02961	0.01589	0.02528	0.02167	0.01444	0.02167	0.01228	0.01444	0.00867	0.00650	0.00650	0.00217	0.01011	0.00506	0.00289	0.01011
9	0.01292	0.01192	0.01765	0.01515	0.01605	0.01497	0.06788	0.01480	0.01164	0.01713	0.06870	0.02531	0.01761	0.15028	0.13687	0.00481	0.37829	0.00758	0.00370	0.00674
10	0.00944	0.00667	0.00821	0.00851	0.00930	0.00635	0.00575	0.01092	0.01405	0.01902	0.22764	0.21345	0.08530	0.28852	0.01807	0.00400	0.00482	0.04874	0.00588	0.00535
11	0.00909	0.00694	0.00835	0.00806	0.00987	0.00619	0.00602	0.01174	0.01788	0.02405	0.47130	0.07742	0.28748	0.01536	0.00809	0.00223	0.00333	0.01330	0.00709	0.00619
12	0.07095	0.01263	0.01401	0.01096	0.01603	0.01140	0.00876	0.10048	0.08231	0.02554	0.01928	0.04725	0.05741	0.00775	0.00587	0.00156	0.00532	0.02796	0.00498	0.46955
13	0.00992	0.00676	0.00809	0.00809	0.00831	0.00698	0.00493	0.01035	0.01014	0.01373	0.02098	0.04157	0.02348	0.63286	0.15963	0.00741	0.00872	0.00948	0.00406	0.00450
14	0.01188	0.00594	0.00891	0.00891	0.00891	0.00594	0.00594	0.00891	0.00891	0.01188	0.01188	0.02080	0.01188	0.02377	0.02674	0.80095	0.00594	0.00594	0.00297	0.00297
15	0.02136	0.09748	0.02366	0.01867	0.05153	0.31790	0.11122	0.06969	0.04247	0.06067	0.01347	0.01586	0.01082	0.01041	0.05945	0.00262	0.05429	0.00562	0.00406	0.00874
16	0.01837	0.44847	0.19629	0.01465	0.02119	0.06684	0.03515	0.02202	0.01474	0.06720	0.01157	0.01309	0.00938	0.00644	0.00581	0.00176	0.02996	0.00446	0.00336	0.00922
17	0.00841	0.00669	0.00758	0.00807	0.00973	0.00586	0.00589	0.01017	0.01517	0.01898	0.10991	0.26850	0.43588	0.01834	0.00833	0.00247	0.00372	0.04407	0.00644	0.00579
18	0.01537	0.04791	0.01684	0.01562	0.06527	0.20573	0.05064	0.01777	0.01505	0.01807	0.07963	0.04282	0.04473	0.07805	0.20776	0.00485	0.02952	0.03303	0.00418	0.00713
19	0.00963	0.00692	0.00918	0.04016	0.01202	0.00681	0.00721	0.04661	0.01396	0.01859	0.03434	0.65182	0.04044	0.02023	0.00936	0.03873	0.00446	0.01757	0.00609	0.00585
20	0.01543	0.01576	0.01763	0.04722	0.24417	0.16802	0.01338	0.01828	0.01656	0.02040	0.09852	0.09226	0.11551	0.01121	0.00739	0.00221	0.00741	0.07581	0.00478	0.00806
21	0.01349	0.01142	0.01344	0.01006	0.01546	0.00870	0.00790	0.01631	0.01406	0.02172	0.01520	0.10237	0.01431	0.00701	0.00550	0.00122	0.00494	0.00589	0.00433	0.70667
22	0.01546	0.14399	0.43463	0.01708	0.02464	0.04859	0.01967	0.04616	0.06867	0.02134	0.01335	0.01549	0.01025	0.00953	0.04898	0.00259	0.04134	0.00523	0.00343	0.00958
23	0.01851	0.01357	0.01547	0.01347	0.01676	0.03623	0.01068	0.09080	0.29011	0.13909	0.04865	0.05628	0.04136	0.01441	0.08140	0.00320	0.08613	0.00799	0.00631	0.00959
24	0.00878	0.00672	0.00789	0.00854	0.00991	0.00608	0.00620	0.01041	0.01446	0.01831	0.08105	0.27422	0.32970	0.09297	0.01112	0.00298	0.00427	0.09457	0.00618	0.00564
25	0.01179	0.00850	0.01048	0.01067	0.03668	0.00863	0.00753	0.01600	0.12450	0.04415	0.09681	0.08733	0.19472	0.06052	0.11449	0.10973	0.00664	0.01028	0.03389	0.00663
26	0.01738	0.01477	0.01882	0.28915	0.08824	0.09959	0.01520	0.07128	0.01638	0.09648	0.01668	0.02423	0.01392	0.01210	0.06519	0.00298	0.05217	0.07267	0.00438	0.00841
27	0.01739	0.01685	0.02488	0.28473	0.18177	0.07702	0.12359	0.11663	0.04738	0.02328	0.01372	0.01755	0.01052	0.00683	0.00697	0.00216	0.00917	0.00634	0.00393	0.00929
28	0.42042	0.09119	0.01537	0.01157	0.01572	0.10663	0.00947	0.10178	0.06404	0.02773	0.01322	0.01666	0.01104	0.03841	0.00645	0.00224	0.00675	0.02858	0.00459	0.00818
29	0.00903	0.00648	0.00761	0.00808	0.00890	0.00602	0.00531	0.00984	0.01279	0.01648	0.06551	0.27120	0.22194	0.25685	0.01786	0.04675	0.00476	0.01403	0.00551	0.00506
30	0.01849	0.05340	0.11051	0.01457	0.01900	0.11136	0.04036	0.06706	0.14936	0.12987	0.02239	0.15154	0.01960	0.01255	0.04600	0.00268	0.00795	0.00860	0.00556	0.00915

[dist]
# distance from previous block
# <min> <max>
0	1

[block]
# block no. 7 follows, 31 sequences, length 15
# corresponding to MSA columns:
# 230-244
name=unknown_H
#
# <colnr> <probs for GDERKNQSTAVLIFYWHMCP>
#	G	D	E	R	K	N	Q	S	T	A	V	L	I	F	Y	W	H	M	C	P
0	0.09658	0.04311	0.01399	0.01119	0.01463	0.01270	0.00895	0.18686	0.04815	0.10767	0.20021	0.08759	0.06360	0.01267	0.03552	0.00249	0.00572	0.00907	0.03071	0.00858
1	0.01016	0.00739	0.00916	0.00989	0.03015	0.00718	0.00675	0.04527	0.01479	0.02011	0.10359	0.32443	0.15431	0.09236	0.06980	0.00354	0.00548	0.01394	0.06559	0.00611
2	0.06455	0.09188	0.01202	0.00923	0.01032	0.00916	0.00677	0.01150	0.01005	0.01446	0.01266	0.02049	0.01228	0.04699	0.07225	0.54402	0.00685	0.00579	0.03443	0.00431
3	0.01635	0.12812	0.06560	0.01290	0.01803	0.04405	0.01140	0.04713	0.01466	0.04173	0.01179	0.01414	0.00985	0.00675	0.00816	0.00160	0.13106	0.00457	0.00386	0.40826
4	0.10942	0.28616	0.10610	0.06119	0.08672	0.12985	0.04158	0.04966	0.01545	0.02055	0.01091	0.01322	0.00902	0.00651	0.00600	0.00187	0.02886	0.00465	0.00340	0.00887
5	0.18902	0.01128	0.01215	0.01172	0.03952	0.01239	0.00870	0.13682	0.03359	0.02614	0.02014	0.07695	0.01931	0.14172	0.01193	0.00302	0.03603	0.08207	0.12011	0.00741
6	0.01015	0.00690	0.00885	0.00882	0.00954	0.00737	0.00608	0.01159	0.01121	0.01614	0.04936	0.03590	0.02268	0.36784	0.31163	0.00770	0.01085	0.00864	0.08350	0.00526
7	0.01644	0.01553	0.02535	0.03632	0.59210	0.01498	0.01870	0.02032	0.01533	0.02234	0.01274	0.01644	0.01071	0.00591	0.00647	0.00185	0.00758	0.00573	0.00351	0.15163
8	0.01242	0.00956	0.01235	0.16718	0.03870	0.03838	0.00993	0.01573	0.01683	0.05093	0.29632	0.03997	0.09653	0.01154	0.00730	0.00216	0.00531	0.05128	0.11057	0.00701
9	0.05884	0.01265	0.01510	0.01190	0.01653	0.01240	0.00974	0.19441	0.02145	0.39960	0.02279	0.02146	0.01532	0.00823	0.00639	0.00201	0.00576	0.00648	0.14842	0.01053
10	0.01627	0.17163	0.38477	0.01968	0.02768	0.08994	0.15473	0.02205	0.01517	0.02015	0.01189	0.01437	0.00905	0.00628	0.00638	0.00202	0.01008	0.00533	0.00307	0.00946
11	0.00902	0.00631	0.00767	0.00846	0.00881	0.00604	0.00532	0.00973	0.01189	0.01570	0.03271	0.40109	0.07963	0.34272	0.02006	0.00443	0.00510	0.01499	0.00539	0.00496
12	0.04473	0.17149	0.19015	0.06565	0.06446	0.01728	0.11599	0.06244	0.01623	0.10543	0.01621	0.01787	0.03906	0.00698	0.00634	0.00199	0.00828	0.00593	0.00416	0.03932
13	0.01601	0.24754	0.04584	0.01340	0.01721	0.04646	0.05297	0.06711	0.07451	0.01967	0.01768	0.05309	0.04384	0.12944	0.01243	0.00274	0.08971	0.00695	0.00415	0.03926
14	0.08932	0.07872	0.08226	0.04603	0.06185	0.06201	0.04080	0.05962	0.05835	0.18474	0.01959	0.06425	0.01567	0.00862	0.00643	0.00210	0.00700	0.03163	0.07173	0.00927

[dist]
# distance from previous block
# <min> <max>
1	18

[block]
# block no. 8 follows, 31 sequences, length 34
# corresponding to MSA columns:
# 263-296
name=unknown_I
#
# <colnr> <probs for GDERKNQSTAVLIFYWHMCP>
#	G	D	E	R	K	N	Q	S	T	A	V	L	I	F	Y	W	H	M	C	P
0	0.01603	0.02099	0.23286	0.06920	0.16545	0.01548	0.05030	0.11108	0.08104	0.02519	0.04723	0.04635	0.01477	0.00769	0.00679	0.00209	0.00802	0.00668	0.00436	0.06840
1	0.02170	0.04314	0.08840	0.01671	0.05209	0.04048	0.06449	0.29998	0.06177	0.11186	0.01702	0.01795	0.01240	0.00836	0.00760	0.04049	0.00757	0.00615	0.04161	0.04024
2	0.01188	0.00594	0.00891	0.00891	0.00891	0.00594	0.00594	0.00891	0.00891	0.01188	0.01188	0.02080	0.01188	0.02377	0.02674	0.80095	0.00594	0.00594	0.00297	0.00297
3	0.01536	0.24355	0.43665	0.01846	0.02693	0.01930	0.10783	0.02136	0.01451	0.02009	0.01168	0.01396	0.00892	0.00622	0.00609	0.00198	0.00949	0.00504	0.00297	0.00961
4	0.02457	0.01742	0.01807	0.01463	0.01948	0.07487	0.01180	0.32060	0.20921	0.18392	0.02131	0.02003	0.01504	0.00846	0.00683	0.00212	0.00698	0.00660	0.00696	0.01112
5	0.01217	0.11027	0.01552	0.04004	0.04346	0.01162	0.02784	0.03600	0.04651	0.01971	0.07462	0.10388	0.12479	0.05687	0.13601	0.00408	0.00807	0.11639	0.00510	0.00705
6	0.00838	0.00665	0.00756	0.00813	0.00974	0.00583	0.00590	0.01006	0.01494	0.01865	0.08721	0.29745	0.42875	0.01862	0.00836	0.00250	0.00375	0.04537	0.00640	0.00576
7	0.01603	0.01619	0.01935	0.02542	0.32248	0.14050	0.01435	0.02050	0.08657	0.02071	0.02373	0.16488	0.07925	0.01055	0.00718	0.00218	0.00738	0.00929	0.00461	0.00885
8	0.01787	0.02124	0.05062	0.10102	0.06387	0.17860	0.40005	0.02246	0.01638	0.02013	0.01270	0.01677	0.00983	0.00639	0.00784	0.00219	0.03302	0.00680	0.00340	0.00881
9	0.02015	0.15847	0.07375	0.04426	0.11017	0.26804	0.15175	0.05729	0.01742	0.02004	0.01178	0.01442	0.00951	0.00647	0.00638	0.00191	0.01027	0.00540	0.00350	0.00902
10	0.00842	0.00686	0.00744	0.00746	0.00949	0.00589	0.00553	0.01039	0.01613	0.02014	0.19163	0.11820	0.53459	0.01701	0.00813	0.00232	0.00346	0.01444	0.00658	0.00589
11	0.00830	0.00609	0.00780	0.00916	0.00983	0.00559	0.00619	0.00957	0.01345	0.01761	0.04215	0.65809	0.13939	0.02086	0.00864	0.00271	0.00390	0.01874	0.00635	0.00559
12	0.00848	0.00609	0.00798	0.00930	0.00984	0.00567	0.00625	0.00980	0.01355	0.01811	0.08886	0.65648	0.06884	0.04404	0.00948	0.00284	0.00398	0.01845	0.00637	0.00559
13	0.02077	0.31828	0.08677	0.01641	0.02238	0.10990	0.12244	0.11036	0.01795	0.09451	0.01328	0.01462	0.01025	0.00662	0.00595	0.00184	0.00872	0.00524	0.00417	0.00952
14	0.01707	0.23277	0.16022	0.02057	0.14406	0.01934	0.08125	0.06673	0.10263	0.02254	0.01397	0.01578	0.01107	0.00655	0.00609	0.00190	0.00803	0.00548	0.00389	0.06008
15	0.01659	0.09845	0.41083	0.03485	0.08087	0.04090	0.02007	0.06605	0.09649	0.04959	0.01464	0.01608	0.01079	0.00694	0.00641	0.00209	0.00887	0.00546	0.00389	0.01015
16	0.05117	0.02357	0.01947	0.01609	0.02072	0.27854	0.01277	0.39072	0.06703	0.03228	0.01476	0.01531	0.01102	0.00779	0.00652	0.00197	0.00907	0.00554	0.00556	0.01010
17	0.00983	0.00711	0.00988	0.00988	0.01071	0.00794	0.00716	0.01150	0.01066	0.01505	0.01935	0.03254	0.01956	0.27547	0.51166	0.00961	0.01462	0.00816	0.00382	0.00549
18	0.00991	0.00730	0.00934	0.01007	0.01134	0.00679	0.00713	0.04287	0.01427	0.01934	0.03412	0.60514	0.03987	0.01906	0.00833	0.00260	0.00439	0.05858	0.00615	0.08340
19	0.65721	0.01564	0.01163	0.01032	0.01453	0.10797	0.00833	0.02188	0.01315	0.07265	0.01077	0.01204	0.00819	0.00658	0.00465	0.00207	0.00624	0.00400	0.00441	0.00775
20	0.00840	0.00659	0.00761	0.00810	0.00963	0.00579	0.00579	0.01015	0.01523	0.01938	0.14898	0.31245	0.38091	0.01834	0.00832	0.00246	0.00361	0.01595	0.00652	0.00579
21	0.01636	0.01596	0.02825	0.06048	0.57530	0.01588	0.10571	0.02061	0.01577	0.02239	0.04670	0.01881	0.01331	0.00646	0.00700	0.00208	0.00836	0.00665	0.00358	0.01032
22	0.01829	0.76368	0.03585	0.01171	0.01756	0.02707	0.01171	0.02049	0.01390	0.01610	0.00951	0.01097	0.00878	0.00585	0.00439	0.00146	0.00732	0.00366	0.00293	0.00878
23	0.00958	0.00711	0.00805	0.00794	0.01005	0.00618	0.00599	0.01170	0.01644	0.05193	0.20969	0.11378	0.46159	0.01654	0.00812	0.00233	0.00365	0.03642	0.00671	0.00619
24	0.01038	0.00629	0.00786	0.00883	0.00973	0.00595	0.00610	0.01214	0.01368	0.04822	0.03334	0.53886	0.03701	0.01747	0.00765	0.00245	0.00385	0.01560	0.20859	0.00601
25	0.00926	0.00689	0.00862	0.00837	0.01001	0.00625	0.00621	0.01202	0.01809	0.02485	0.53133	0.11723	0.18502	0.01528	0.00813	0.00224	0.00334	0.01340	0.00720	0.00625
26	0.00977	0.00733	0.01100	0.01100	0.01222	0.00855	0.00855	0.01222	0.01100	0.01588	0.01833	0.02688	0.01710	0.05131	0.73245	0.01100	0.01833	0.00733	0.00367	0.00611
27	0.01681	0.01779	0.02158	0.02093	0.10638	0.12747	0.01546	0.01867	0.01246	0.01725	0.00971	0.01482	0.00919	0.01049	0.01803	0.00269	0.54342	0.00576	0.00312	0.00797
28	0.00839	0.00605	0.00795	0.00936	0.00991	0.00561	0.00630	0.00971	0.01352	0.01800	0.07242	0.68870	0.07700	0.02088	0.00867	0.00273	0.00391	0.01887	0.00641	0.00561
29	0.01419	0.01216	0.01419	0.01013	0.01621	0.00912	0.00811	0.01723	0.01419	0.02229	0.01216	0.01419	0.01013	0.00507	0.00507	0.00101	0.00507	0.00405	0.00405	0.80139
30	0.01941	0.01773	0.02441	0.11750	0.26874	0.06967	0.08054	0.21023	0.04201	0.02731	0.01414	0.01691	0.01094	0.00688	0.00681	0.00204	0.00849	0.00614	0.00447	0.04563
31	0.05320	0.16633	0.02206	0.04421	0.04169	0.11878	0.08028	0.06677	0.09124	0.02198	0.04887	0.03889	0.01546	0.02932	0.05325	0.00263	0.02531	0.00641	0.03486	0.03846
32	0.09608	0.02116	0.05033	0.03858	0.07558	0.25762	0.03087	0.04702	0.16318	0.04937	0.01606	0.01768	0.01258	0.02653	0.00697	0.00209	0.00848	0.00569	0.02914	0.04498
33	0.04367	0.14078	0.04185	0.08225	0.14247	0.07027	0.06519	0.15108	0.04462	0.05605	0.04250	0.01771	0.01311	0.00853	0.02640	0.00226	0.03120	0.00601	0.00450	0.00954

[dist]
# distance from previous block
# <min> <max>
0	15

[block]
# block no. 9 follows, 31 sequences, length 33
# corresponding to MSA columns:
# 320-352
name=unknown_J
#
# <colnr> <probs for GDERKNQSTAVLIFYWHMCP>
#	G	D	E	R	K	N	Q	S	T	A	V	L	I	F	Y	W	H	M	C	P
0	0.43969	0.07496	0.01562	0.01216	0.01613	0.15460	0.00992	0.08795	0.01548	0.02702	0.03073	0.01330	0.00997	0.00726	0.00629	0.00206	0.06011	0.00449	0.00426	0.00801
1	0.01712	0.01409	0.01557	0.01496	0.06864	0.07595	0.01078	0.06334	0.23512	0.07977	0.02030	0.02281	0.01631	0.04634	0.17657	0.00426	0.00939	0.00674	0.00531	0.09661
2	0.01701	0.01535	0.02592	0.06886	0.57131	0.01526	0.04520	0.02102	0.01557	0.05187	0.01388	0.01761	0.01128	0.00626	0.00667	0.00200	0.00786	0.00614	0.03998	0.04094
3	0.01736	0.04337	0.16284	0.01981	0.11896	0.06391	0.04604	0.10049	0.24516	0.02552	0.01830	0.01954	0.01406	0.01088	0.06083	0.00280	0.00873	0.00643	0.00487	0.01010
4	0.00998	0.00751	0.01088	0.01078	0.01179	0.00874	0.00820	0.01207	0.01084	0.01556	0.01842	0.02882	0.01784	0.14351	0.61506	0.01013	0.04265	0.00763	0.00370	0.00590
5	0.80789	0.01323	0.01006	0.00900	0.01323	0.01535	0.00741	0.02011	0.01164	0.03070	0.00953	0.01111	0.00741	0.00635	0.00423	0.00212	0.00529	0.00370	0.00423	0.00741
6	0.00883	0.00620	0.00797	0.00919	0.00955	0.00591	0.00606	0.00983	0.01250	0.01664	0.03394	0.56195	0.04032	0.19038	0.01474	0.00368	0.00468	0.04654	0.00584	0.00527
7	0.00932	0.00692	0.00870	0.00849	0.01013	0.00630	0.00635	0.01211	0.01806	0.02478	0.52018	0.11154	0.18174	0.01535	0.00817	0.00226	0.00342	0.03276	0.00718	0.00625
8	0.01511	0.01433	0.04917	0.49895	0.05895	0.01587	0.07223	0.06057	0.06024	0.04702	0.01407	0.01854	0.01046	0.00716	0.00736	0.00227	0.02907	0.00634	0.00377	0.00852
9	0.02364	0.02785	0.01980	0.01748	0.02057	0.52154	0.01352	0.09893	0.01914	0.01960	0.01092	0.01328	0.00916	0.00809	0.00927	0.00202	0.14824	0.00489	0.00379	0.00826
10	0.00995	0.00663	0.00746	0.00746	0.00746	0.00663	0.00415	0.00995	0.00995	0.01327	0.02156	0.04477	0.02487	0.75957	0.03482	0.00663	0.00663	0.00995	0.00415	0.00415
11	0.02060	0.09140	0.01763	0.01290	0.01725	0.01669	0.01054	0.18545	0.29153	0.12661	0.02245	0.02158	0.01649	0.00840	0.00638	0.00205	0.00587	0.00665	0.10918	0.01034
12	0.01871	0.06844	0.01866	0.04180	0.01981	0.10491	0.03502	0.11301	0.13103	0.05621	0.01565	0.01661	0.01212	0.00673	0.00596	0.00164	0.00695	0.00531	0.00490	0.31656
13	0.01769	0.34381	0.21562	0.01647	0.02311	0.11270	0.08553	0.02301	0.06646	0.01919	0.01220	0.01393	0.00982	0.00643	0.00575	0.00184	0.00900	0.00488	0.00335	0.00922
14	0.00929	0.00647	0.00755	0.00801	0.00836	0.00623	0.00489	0.00981	0.01144	0.01501	0.03109	0.25281	0.10080	0.47020	0.02454	0.00508	0.00554	0.01316	0.00501	0.00472
15	0.04212	0.19213	0.24835	0.04389	0.13653	0.07160	0.01743	0.06720	0.01588	0.02145	0.01387	0.07398	0.01220	0.00766	0.00618	0.00200	0.00846	0.00609	0.00363	0.00933
16	0.02041	0.08010	0.01821	0.01364	0.01787	0.09023	0.01108	0.33133	0.10870	0.03040	0.02445	0.02574	0.11199	0.01052	0.00797	0.04754	0.00704	0.02744	0.00588	0.00943
17	0.00875	0.00644	0.00824	0.00943	0.01020	0.00608	0.00644	0.01083	0.04081	0.01867	0.08664	0.62450	0.09723	0.02012	0.00857	0.00268	0.00394	0.01811	0.00646	0.00584
18	0.05355	0.01373	0.01496	0.01128	0.01690	0.03936	0.00904	0.07712	0.06414	0.08317	0.01466	0.01571	0.01140	0.00604	0.00550	0.00136	0.00566	0.00472	0.00485	0.54686
19	0.01576	0.29398	0.11268	0.01688	0.04030	0.01934	0.14643	0.02051	0.05538	0.02049	0.09389	0.01935	0.01664	0.00761	0.00740	0.00198	0.06434	0.00628	0.03202	0.00875
20	0.00848	0.00640	0.00767	0.00847	0.00954	0.00578	0.00582	0.00990	0.01413	0.01821	0.09679	0.42694	0.26022	0.07593	0.01047	0.00288	0.00396	0.01659	0.00627	0.00559
21	0.02601	0.01916	0.02053	0.01574	0.02122	0.02122	0.01300	0.69408	0.03217	0.04312	0.01643	0.01643	0.01163	0.00821	0.00684	0.00205	0.00753	0.00616	0.00684	0.01163
22	0.02556	0.03261	0.01939	0.01763	0.02115	0.73210	0.01322	0.02732	0.01939	0.01674	0.01058	0.01234	0.00881	0.00705	0.00617	0.00176	0.01234	0.00441	0.00353	0.00793
23	0.01188	0.00594	0.00891	0.00891	0.00891	0.00594	0.00594	0.00891	0.00891	0.01188	0.01188	0.02080	0.01188	0.02377	0.02674	0.80095	0.00594	0.00594	0.00297	0.00297
24	0.00842	0.00666	0.00759	0.00796	0.00960	0.00582	0.00574	0.01024	0.01549	0.01966	0.16607	0.26464	0.41194	0.01798	0.00827	0.00242	0.00357	0.01556	0.00655	0.00582
25	0.01083	0.01164	0.09793	0.01309	0.01555	0.01043	0.04207	0.01402	0.01223	0.01770	0.06279	0.05333	0.01939	0.03762	0.48944	0.00811	0.06535	0.00779	0.00387	0.00682
26	0.09735	0.01607	0.01985	0.01702	0.01810	0.08344	0.03921	0.01778	0.01164	0.01813	0.00990	0.01515	0.00932	0.01298	0.05944	0.00323	0.53490	0.00577	0.00323	0.00750
27	0.00882	0.00664	0.00878	0.01063	0.03781	0.00617	0.00708	0.01034	0.01375	0.01802	0.04133	0.57621	0.14303	0.02004	0.00861	0.00271	0.00422	0.06372	0.00623	0.00585
28	0.01629	0.29585	0.02613	0.01521	0.01801	0.04862	0.04321	0.01881	0.03720	0.01693	0.01173	0.04373	0.01141	0.03853	0.01381	0.00245	0.32488	0.00589	0.00333	0.00798
29	0.02098	0.01480	0.01858	0.12668	0.05030	0.03673	0.03699	0.15988	0.17978	0.17876	0.02032	0.02078	0.01463	0.00909	0.02181	0.00236	0.03454	0.00671	0.03613	0.01014
30	0.01219	0.01010	0.01365	0.01310	0.04591	0.01014	0.05954	0.03760	0.14967	0.02475	0.26694	0.10283	0.13115	0.01350	0.00796	0.00236	0.00502	0.07939	0.00653	0.00767
31	0.01017	0.00772	0.01099	0.01078	0.01167	0.00903	0.00812	0.01206	0.01075	0.01540	0.01832	0.02960	0.01808	0.18906	0.54481	0.00957	0.06657	0.00776	0.00371	0.00581
32	0.39574	0.26188	0.07133	0.01124	0.01639	0.01944	0.01054	0.02229	0.09532	0.02499	0.01191	0.01303	0.00956	0.00655	0.00478	0.00193	0.00632	0.00427	0.00403	0.00847

[dist]
# distance from previous block
# <min> <max>
0	1

[block]
# block no. 10 follows, 31 sequences, length 23
# corresponding to MSA columns:
# 354-376
name=unknown_K
#
# <colnr> <probs for GDERKNQSTAVLIFYWHMCP>
#	G	D	E	R	K	N	Q	S	T	A	V	L	I	F	Y	W	H	M	C	P
0	0.01761	0.08548	0.17878	0.07203	0.05639	0.04010	0.01449	0.02458	0.14010	0.14634	0.10392	0.02372	0.01999	0.03752	0.00778	0.00228	0.00718	0.00693	0.00529	0.00947
1	0.00847	0.00647	0.00760	0.00827	0.00947	0.00580	0.00573	0.00993	0.01428	0.01826	0.09943	0.37446	0.30580	0.08060	0.01060	0.00287	0.00394	0.01617	0.00626	0.00559
2	0.02554	0.01893	0.02027	0.01565	0.02104	0.02100	0.01289	0.65955	0.06746	0.04236	0.01702	0.01690	0.01212	0.00827	0.00685	0.00207	0.00742	0.00624	0.00685	0.01159
3	0.02500	0.01928	0.01994	0.01537	0.02080	0.05743	0.01261	0.60294	0.03000	0.04001	0.01576	0.01603	0.01136	0.00789	0.00666	0.00195	0.00758	0.00589	0.00644	0.07705
4	0.01497	0.01497	0.02095	0.01796	0.01796	0.02095	0.01497	0.01646	0.01048	0.01646	0.00898	0.01497	0.00898	0.01197	0.02245	0.00299	0.74704	0.00599	0.00299	0.00748
5	0.11153	0.00808	0.00909	0.00855	0.01072	0.00788	0.00651	0.01417	0.04489	0.02619	0.47348	0.04779	0.17935	0.01346	0.00754	0.00218	0.00362	0.01148	0.00686	0.00662
