[name]
unknown

[dist]
# distance from previous block
# <min> <max>
0	27

[block]
# block no. 0 follows, 33 sequences, length 56
# corresponding to MSA columns:
# 33-88
name=unknown_A
#
# <colnr> <probs for GDERKNQSTAVLIFYWHMCP>
#	G	D	E	R	K	N	Q	S	T	A	V	L	I	F	Y	W	H	M	C	P
0	0.01560	0.03728	0.21684	0.03668	0.07308	0.10635	0.01444	0.02078	0.07237	0.09117	0.07368	0.10050	0.06419	0.00987	0.00682	0.00213	0.00734	0.03762	0.00478	0.00849
1	0.01722	0.20853	0.03589	0.03448	0.01772	0.06362	0.02868	0.18039	0.03763	0.04001	0.01881	0.13960	0.03917	0.01108	0.03775	0.00225	0.00718	0.00754	0.00476	0.06770
2	0.01602	0.03475	0.01665	0.03543	0.01778	0.06531	0.06296	0.12639	0.18659	0.03814	0.07645	0.04888	0.04920	0.05780	0.04417	0.00281	0.03624	0.04793	0.00542	0.03108
3	0.06382	0.13313	0.03717	0.05648	0.04420	0.04195	0.01039	0.11664	0.01619	0.04293	0.05691	0.08866	0.04378	0.08307	0.04051	0.00279	0.00691	0.06372	0.00473	0.04602
4	0.04458	0.32651	0.04359	0.04483	0.03826	0.09199	0.01159	0.08180	0.01545	0.02000	0.03166	0.03343	0.01154	0.00783	0.02327	0.00185	0.04051	0.00489	0.00366	0.12276
5	0.12768	0.26165	0.05358	0.01387	0.05047	0.11637	0.01159	0.08260	0.01553	0.04266	0.03881	0.01487	0.01145	0.02850	0.00718	0.00191	0.06143	0.00478	0.00386	0.05120
6	0.03824	0.24766	0.19603	0.03709	0.02124	0.01855	0.04229	0.05391	0.10236	0.02090	0.01283	0.01451	0.01021	0.00668	0.00667	0.00183	0.06111	0.00490	0.00366	0.09934
7	0.11002	0.05487	0.01844	0.01466	0.05176	0.06451	0.03873	0.16597	0.04802	0.12976	0.01459	0.01560	0.01095	0.00717	0.00727	0.00186	0.07649	0.00526	0.00499	0.15908
8	0.01464	0.04570	0.01729	0.01298	0.01653	0.01451	0.01071	0.04461	0.03372	0.02006	0.01105	0.01421	0.00964	0.00766	0.01129	0.00179	0.28885	0.00477	0.00366	0.41634
9	0.01760	0.77260	0.03450	0.01126	0.01690	0.02605	0.01126	0.01971	0.01338	0.01549	0.00915	0.01056	0.00845	0.00563	0.00422	0.00141	0.00704	0.00352	0.00282	0.00845
10	0.00950	0.00638	0.00735	0.00741	0.00748	0.00642	0.00427	0.00965	0.00975	0.01305	0.02129	0.07420	0.02448	0.70449	0.06305	0.00640	0.00676	0.00987	0.00406	0.00413
11	0.01260	0.01188	0.02005	0.72134	0.07548	0.01467	0.01837	0.01697	0.01324	0.01703	0.01173	0.01750	0.00885	0.00655	0.00658	0.00218	0.00873	0.00585	0.00294	0.00745
12	0.01558	0.01492	0.02544	0.17157	0.60196	0.01545	0.01985	0.01958	0.01465	0.02064	0.01226	0.01653	0.01012	0.00600	0.00653	0.00200	0.00800	0.00586	0.00320	0.00985
13	0.01365	0.01170	0.01365	0.00975	0.01560	0.00878	0.00780	0.01658	0.01365	0.02145	0.01170	0.01365	0.00975	0.00488	0.00488	0.00098	0.00488	0.00390	0.00390	0.80888
14	0.01889	0.01429	0.01549	0.01340	0.01746	0.01605	0.01057	0.11102	0.55656	0.11117	0.02545	0.02331	0.01864	0.00872	0.00668	0.00218	0.00549	0.00717	0.00685	0.01060
15	0.02502	0.01245	0.01532	0.01240	0.01705	0.01230	0.01003	0.05915	0.24938	0.47273	0.02585	0.02286	0.01735	0.00840	0.00664	0.00210	0.00554	0.00687	0.00761	0.01094
16	0.01305	0.01287	0.04826	0.29571	0.14558	0.01298	0.09910	0.01721	0.01432	0.01921	0.01803	0.03179	0.01678	0.00927	0.00728	0.00232	0.00806	0.18188	0.00388	0.04244
17	0.00916	0.00672	0.00858	0.00812	0.00974	0.00614	0.00609	0.01212	0.01826	0.02551	0.65655	0.05063	0.13022	0.01379	0.00777	0.00209	0.00313	0.01211	0.00713	0.00614
18	0.01481	0.00794	0.01056	0.00921	0.01173	0.00715	0.00715	0.01776	0.01869	0.21797	0.53459	0.04191	0.04968	0.01202	0.00745	0.00206	0.00378	0.01047	0.00749	0.00757
19	0.01719	0.01455	0.01535	0.01356	0.01743	0.01676	0.01062	0.09858	0.65075	0.02886	0.02575	0.02373	0.01925	0.00883	0.00669	0.00221	0.00540	0.00730	0.00669	0.01049
20	0.01896	0.01327	0.01477	0.01291	0.01681	0.01460	0.01013	0.04953	0.52361	0.17409	0.02677	0.05589	0.02010	0.00925	0.00675	0.00220	0.00528	0.00772	0.00697	0.01038
21	0.01554	0.01776	0.03885	0.02775	0.03441	0.01665	0.70366	0.02109	0.01554	0.02109	0.01332	0.01776	0.00999	0.00555	0.00777	0.00222	0.01110	0.00777	0.00333	0.00888
22	0.00829	0.00600	0.00787	0.00930	0.00979	0.00571	0.00625	0.01001	0.03547	0.01715	0.03598	0.74028	0.04278	0.02024	0.00835	0.00266	0.00386	0.01835	0.00613	0.00551
23	0.08729	0.00870	0.01031	0.01024	0.01215	0.00929	0.00769	0.01701	0.14140	0.06008	0.04715	0.24479	0.05514	0.05966	0.16522	0.00435	0.00742	0.03972	0.00551	0.00688
24	0.01004	0.00847	0.00891	0.00849	0.01099	0.00824	0.00646	0.01596	0.18408	0.02121	0.13920	0.05225	0.47250	0.01441	0.00752	0.00221	0.00376	0.01209	0.00640	0.00681
25	0.02954	0.01120	0.01528	0.01171	0.01681	0.00968	0.00968	0.03208	0.01884	0.73213	0.02597	0.02241	0.01630	0.00815	0.00662	0.00204	0.00560	0.00662	0.00815	0.01120
26	0.01883	0.01467	0.01565	0.01317	0.01717	0.01634	0.01048	0.31438	0.31270	0.03206	0.02505	0.06736	0.06245	0.00964	0.00674	0.00212	0.00578	0.00783	0.03762	0.00997
27	0.07172	0.00893	0.01038	0.00994	0.01206	0.00899	0.00737	0.10681	0.03679	0.10371	0.06196	0.37204	0.05330	0.03571	0.00797	0.00243	0.00458	0.01254	0.06563	0.00714
28	0.00813	0.00580	0.00776	0.00929	0.00971	0.00544	0.00629	0.00935	0.01271	0.01692	0.03623	0.73644	0.04331	0.02053	0.00843	0.00269	0.00391	0.04558	0.00611	0.00538
29	0.81514	0.01273	0.00968	0.00866	0.01273	0.01477	0.00713	0.01935	0.01120	0.02954	0.00917	0.01069	0.00713	0.00611	0.00407	0.00204	0.00509	0.00356	0.00407	0.00713
30	0.00804	0.00588	0.00749	0.00877	0.00939	0.00541	0.00590	0.00922	0.01284	0.01681	0.03995	0.64685	0.13568	0.04299	0.00909	0.00273	0.00383	0.01778	0.00605	0.00533
31	0.01102	0.00751	0.00836	0.00793	0.00842	0.00770	0.00479	0.07492	0.01158	0.01546	0.02028	0.04052	0.02274	0.69722	0.03098	0.00597	0.00646	0.00923	0.00423	0.00467
32	0.02954	0.01120	0.01528	0.01171	0.01681	0.00968	0.00968	0.03208	0.01884	0.73213	0.02597	0.02241	0.01630	0.00815	0.00662	0.00204	0.00560	0.00662	0.00815	0.01120
33	0.00897	0.00634	0.00780	0.00856	0.00899	0.00619	0.00550	0.01046	0.03901	0.01616	0.06051	0.43982	0.03626	0.29402	0.01751	0.00399	0.00478	0.01463	0.00541	0.00508
34	0.00829	0.00601	0.00756	0.00854	0.00920	0.00557	0.00572	0.00953	0.01306	0.01727	0.09813	0.52686	0.12787	0.11037	0.01132	0.00302	0.00401	0.01641	0.00595	0.00528
35	0.02342	0.01700	0.01840	0.01444	0.01935	0.01867	0.01188	0.57784	0.08017	0.06730	0.01966	0.02053	0.04070	0.00867	0.00673	0.00204	0.00683	0.02900	0.00662	0.01075
36	0.00957	0.00638	0.00718	0.00718	0.00718	0.00638	0.00399	0.00957	0.00957	0.01276	0.02074	0.04308	0.02393	0.76864	0.03351	0.00638	0.00638	0.00957	0.00399	0.00399
37	0.02468	0.01764	0.01902	0.01464	0.01974	0.01940	0.01207	0.65013	0.02976	0.06849	0.01645	0.01643	0.01163	0.00790	0.00651	0.00196	0.00701	0.00596	0.03960	0.01099
38	0.01007	0.00694	0.00854	0.00849	0.01024	0.00628	0.00644	0.01234	0.01608	0.06336	0.29788	0.13660	0.25168	0.04872	0.00906	0.00248	0.00388	0.08826	0.00655	0.00610
39	0.00813	0.00581	0.00777	0.00929	0.00972	0.00544	0.00630	0.00936	0.01271	0.01693	0.03622	0.73474	0.04330	0.02052	0.00843	0.00269	0.00392	0.04722	0.00611	0.00538
40	0.00802	0.00573	0.00764	0.00917	0.00955	0.00535	0.00611	0.00917	0.01260	0.01681	0.03628	0.76434	0.04354	0.02062	0.00840	0.00267	0.00382	0.01872	0.00611	0.00535
41	0.01555	0.01500	0.02592	0.17134	0.57367	0.01550	0.04748	0.01962	0.01468	0.02063	0.01230	0.01658	0.01011	0.00599	0.00658	0.00201	0.00813	0.00594	0.00320	0.00979
42	0.01586	0.01520	0.02594	0.12029	0.65107	0.01553	0.01999	0.01982	0.01479	0.02098	0.01231	0.01643	0.01024	0.00595	0.00652	0.00198	0.00793	0.00586	0.00322	0.01008
43	0.00922	0.00621	0.00811	0.00906	0.00949	0.00603	0.00625	0.00996	0.01180	0.01564	0.02930	0.37909	0.03401	0.22075	0.01704	0.08766	0.00508	0.12525	0.00520	0.00484
44	0.01365	0.01170	0.01365	0.00975	0.01560	0.00878	0.00780	0.01658	0.01365	0.02145	0.01170	0.01365	0.00975	0.00488	0.00488	0.00098	0.00488	0.00390	0.00390	0.80888
45	0.01418	0.01362	0.02350	0.42309	0.33004	0.01514	0.04927	0.01842	0.01403	0.01897	0.01206	0.01703	0.00952	0.00624	0.00661	0.00210	0.00848	0.00594	0.00308	0.00868
46	0.00802	0.00573	0.00764	0.00917	0.00955	0.00535	0.00611	0.00917	0.01260	0.01681	0.03628	0.76434	0.04354	0.02062	0.00840	0.00267	0.00382	0.01872	0.00611	0.00535
47	0.00940	0.00705	0.01058	0.01058	0.01176	0.00823	0.00823	0.01176	0.01058	0.01528	0.01763	0.02586	0.01646	0.04937	0.74255	0.01058	0.01763	0.00705	0.00353	0.00588
48	0.02924	0.01168	0.01557	0.01194	0.01704	0.01039	0.00986	0.07659	0.01964	0.68649	0.02530	0.02197	0.01596	0.00813	0.00662	0.00203	0.00571	0.00657	0.00804	0.01120
49	0.05213	0.01824	0.01941	0.01492	0.02015	0.02022	0.01233	0.68208	0.03028	0.04108	0.01558	0.01563	0.01106	0.00784	0.00650	0.00198	0.00717	0.00585	0.00650	0.01106
50	0.01243	0.01170	0.01975	0.75282	0.04534	0.01463	0.01828	0.01682	0.01316	0.01682	0.01170	0.01755	0.00878	0.00658	0.00658	0.00219	0.00878	0.00585	0.00293	0.00731
51	0.01431	0.01334	0.02231	0.23334	0.43392	0.01412	0.01810	0.01818	0.01450	0.01989	0.01645	0.02481	0.03468	0.00782	0.00687	0.00215	0.00775	0.08498	0.00358	0.00891
52	0.12819	0.00832	0.01050	0.01015	0.01180	0.00953	0.00782	0.04320	0.01146	0.01826	0.01664	0.02499	0.01564	0.11597	0.52821	0.00851	0.01417	0.00675	0.00379	0.00610
53	0.01520	0.01465	0.02531	0.23503	0.51209	0.01541	0.04788	0.01931	0.01451	0.02021	0.01223	0.01670	0.00996	0.00605	0.00659	0.00203	0.00822	0.00594	0.00317	0.00951
54	0.04417	0.35748	0.04297	0.01144	0.01587	0.06742	0.01028	0.06932	0.06793	0.05091	0.08065	0.05433	0.08535	0.00867	0.00569	0.00179	0.00635	0.00661	0.00454	0.00824
55	0.05675	0.19101	0.14836	0.01911	0.05544	0.09629	0.21737	0.03689	0.01507	0.02020	0.01146	0.01403	0.00908	0.00586	0.00600	0.00182	0.00897	0.00527	0.00329	0.07773

[dist]
# distance from previous block
# <min> <max>
0	3

[block]
# block no. 1 follows, 33 sequences, length 77
# corresponding to MSA columns:
# 92-168
name=unknown_B
#
# <colnr> <probs for GDERKNQSTAVLIFYWHMCP>
#	G	D	E	R	K	N	Q	S	T	A	V	L	I	F	Y	W	H	M	C	P
0	0.10903	0.04122	0.02008	0.34425	0.03140	0.15386	0.06284	0.10221	0.01644	0.04127	0.01204	0.01540	0.00910	0.00667	0.00618	0.00203	0.00878	0.00537	0.00375	0.00807
1	0.00801	0.00577	0.00760	0.00907	0.00952	0.00536	0.00607	0.00918	0.01270	0.01685	0.03751	0.73597	0.07111	0.02046	0.00838	0.00266	0.00380	0.01852	0.00611	0.00536
2	0.01365	0.01170	0.01365	0.00975	0.01560	0.00878	0.00780	0.01658	0.01365	0.02145	0.01170	0.01365	0.00975	0.00488	0.00488	0.00098	0.00488	0.00390	0.00390	0.80888
3	0.04917	0.08124	0.01934	0.01412	0.01896	0.01960	0.01165	0.44172	0.21459	0.03508	0.01799	0.01756	0.01324	0.00793	0.00633	0.00200	0.00660	0.00605	0.00621	0.01061
4	0.01144	0.00572	0.00858	0.00858	0.00858	0.00572	0.00572	0.00858	0.00858	0.01144	0.01144	0.02001	0.01144	0.02287	0.02573	0.80846	0.00572	0.00572	0.00286	0.00286
5	0.04328	0.40883	0.04624	0.01381	0.01860	0.31270	0.01213	0.04441	0.01601	0.01712	0.00985	0.01135	0.00851	0.00620	0.00504	0.00158	0.00900	0.00392	0.00320	0.00821
6	0.01510	0.08756	0.42577	0.03825	0.02771	0.01606	0.15649	0.04858	0.01502	0.04684	0.01256	0.01486	0.00917	0.00613	0.00635	0.00199	0.00924	0.00541	0.00331	0.05359
7	0.12361	0.06952	0.01966	0.03540	0.05961	0.19847	0.03434	0.25455	0.07338	0.04968	0.01388	0.01483	0.01050	0.00711	0.00599	0.00191	0.00810	0.00524	0.00489	0.00933
8	0.02135	0.01688	0.02066	0.02091	0.18817	0.01846	0.01404	0.44440	0.07642	0.03394	0.01624	0.04176	0.01267	0.00805	0.00718	0.00205	0.03410	0.00645	0.00565	0.01061
9	0.00812	0.00582	0.00779	0.00918	0.00964	0.00548	0.00619	0.00939	0.01279	0.01716	0.06455	0.70844	0.04337	0.02133	0.03406	0.00292	0.00427	0.01802	0.00607	0.00540
10	0.00957	0.00638	0.00718	0.00718	0.00718	0.00638	0.00399	0.00957	0.00957	0.01276	0.02074	0.04308	0.02393	0.76864	0.03351	0.00638	0.00638	0.00957	0.00399	0.00399
11	0.56669	0.04390	0.01274	0.01000	0.01444	0.01507	0.00833	0.10113	0.01480	0.14158	0.01260	0.01314	0.00911	0.00662	0.00478	0.00200	0.00550	0.00432	0.00496	0.00830
12	0.01144	0.00572	0.00858	0.00858	0.00858	0.00572	0.00572	0.00858	0.00858	0.01144	0.01144	0.02001	0.01144	0.02287	0.02573	0.80846	0.00572	0.00572	0.00286	0.00286
13	0.00902	0.00654	0.00789	0.00847	0.00994	0.00585	0.00621	0.01074	0.01448	0.04326	0.10359	0.34429	0.31012	0.01784	0.00811	0.00246	0.00383	0.07533	0.00627	0.00577
14	0.04345	0.01280	0.01421	0.01107	0.01613	0.01189	0.00883	0.09400	0.17987	0.04541	0.01821	0.01859	0.04134	0.00676	0.00562	0.00149	0.00517	0.00541	0.00506	0.45469
15	0.01012	0.00802	0.00974	0.00967	0.03443	0.03627	0.00691	0.01315	0.01840	0.02555	0.65105	0.04699	0.07855	0.01303	0.00765	0.00206	0.00363	0.01145	0.00692	0.00639
16	0.00822	0.00598	0.00775	0.00880	0.00954	0.00551	0.00603	0.00974	0.01384	0.01852	0.15549	0.58156	0.10657	0.01906	0.00824	0.00253	0.00366	0.01714	0.00630	0.00551
17	0.00943	0.00696	0.01012	0.01012	0.01114	0.00798	0.00765	0.01146	0.01044	0.01494	0.01806	0.02820	0.01747	0.14692	0.64639	0.01001	0.01611	0.00740	0.00359	0.00562
18	0.01514	0.01579	0.04840	0.30413	0.36089	0.05484	0.06784	0.01935	0.01451	0.01941	0.01206	0.01655	0.00960	0.00617	0.00659	0.00205	0.00870	0.00587	0.00313	0.00898
19	0.00778	0.00667	0.00667	0.00667	0.00889	0.00556	0.00500	0.00945	0.01501	0.01778	0.06669	0.06336	0.72490	0.01667	0.00778	0.00222	0.00333	0.01389	0.00611	0.00556
20	0.01903	0.14125	0.02136	0.19637	0.04972	0.20437	0.01373	0.12731	0.12296	0.02195	0.01381	0.01571	0.01077	0.00701	0.00605	0.00190	0.00849	0.00531	0.00416	0.00874
21	0.01709	0.68717	0.11547	0.01213	0.01824	0.02480	0.01277	0.01984	0.01344	0.01611	0.00946	0.01095	0.00844	0.00570	0.00446	0.00149	0.00735	0.00368	0.00281	0.00860
22	0.01766	0.12686	0.18464	0.01986	0.11384	0.04375	0.08864	0.16067	0.01783	0.04497	0.01438	0.01922	0.01183	0.00763	0.00729	0.00206	0.04963	0.05572	0.00411	0.00941
23	0.01530	0.01858	0.08310	0.02637	0.03273	0.01682	0.60735	0.02068	0.01502	0.02068	0.01287	0.01725	0.00978	0.00604	0.00871	0.00226	0.06696	0.00743	0.00326	0.00881
24	0.00898	0.00662	0.00839	0.00814	0.00967	0.00604	0.00603	0.01169	0.01754	0.02426	0.56479	0.12065	0.15355	0.01461	0.00783	0.00215	0.00321	0.01285	0.00698	0.00604
25	0.00805	0.00579	0.00764	0.00905	0.00953	0.00538	0.00607	0.00927	0.01286	0.01711	0.05635	0.71937	0.06859	0.02028	0.00836	0.00264	0.00378	0.01835	0.00614	0.00538
26	0.01345	0.07480	0.69591	0.01835	0.02785	0.01588	0.02360	0.02079	0.01387	0.02055	0.01167	0.01371	0.00835	0.00622	0.00614	0.00205	0.00958	0.00479	0.00278	0.00966
27	0.01044	0.00753	0.01041	0.01016	0.01144	0.00854	0.00775	0.04881	0.01176	0.01698	0.01813	0.02720	0.01705	0.12613	0.57643	0.00908	0.01489	0.00722	0.05411	0.00596
28	0.02938	0.01145	0.01543	0.01183	0.01693	0.01005	0.00977	0.05539	0.01926	0.70823	0.02562	0.02218	0.01612	0.00814	0.00662	0.00203	0.00566	0.00660	0.00809	0.01120
29	0.81514	0.01273	0.00968	0.00866	0.01273	0.01477	0.00713	0.01935	0.01120	0.02954	0.00917	0.01069	0.00713	0.00611	0.00407	0.00204	0.00509	0.00356	0.00407	0.00713
30	0.00802	0.00573	0.00764	0.00917	0.00955	0.00535	0.00611	0.00917	0.01260	0.01681	0.03628	0.76434	0.04354	0.02062	0.00840	0.00267	0.00382	0.01872	0.00611	0.00535
31	0.01760	0.77260	0.03450	0.01126	0.01690	0.02605	0.01126	0.01971	0.01338	0.01549	0.00915	0.01056	0.00845	0.00563	0.00422	0.00141	0.00704	0.00352	0.00282	0.00845
32	0.02954	0.01120	0.01528	0.01171	0.01681	0.00968	0.00968	0.03208	0.01884	0.73213	0.02597	0.02241	0.01630	0.00815	0.00662	0.00204	0.00560	0.00662	0.00815	0.01120
33	0.00953	0.00657	0.00813	0.00813	0.00846	0.00690	0.00518	0.01019	0.00986	0.01347	0.01987	0.03825	0.02184	0.56694	0.23234	0.00756	0.00954	0.00887	0.00386	0.00452
34	0.00932	0.00673	0.00880	0.00828	0.00984	0.00621	0.00621	0.01242	0.01863	0.02640	0.72410	0.04918	0.06212	0.01346	0.00776	0.00207	0.00311	0.01191	0.00725	0.00621
35	0.00940	0.00631	0.00723	0.00740	0.00744	0.00627	0.00422	0.00953	0.00991	0.01321	0.02245	0.12232	0.02609	0.68647	0.03075	0.00597	0.00610	0.01058	0.00422	0.00414
36	0.00801	0.00578	0.00759	0.00903	0.00951	0.00536	0.00605	0.00918	0.01274	0.01686	0.03796	0.72567	0.08113	0.02041	0.00837	0.00265	0.00379	0.01845	0.00611	0.00536
37	0.64586	0.01325	0.01127	0.03214	0.01461	0.01522	0.00813	0.11671	0.01418	0.03065	0.01069	0.01219	0.00815	0.00644	0.00453	0.00201	0.00543	0.00407	0.03679	0.00767
38	0.00957	0.00638	0.00718	0.00718	0.00718	0.00638	0.00399	0.00957	0.00957	0.01276	0.02074	0.04308	0.02393	0.76864	0.03351	0.00638	0.00638	0.00957	0.00399	0.00399
39	0.00957	0.00638	0.00718	0.00718	0.00718	0.00638	0.00399	0.00957	0.00957	0.01276	0.02074	0.04308	0.02393	0.76864	0.03351	0.00638	0.00638	0.00957	0.00399	0.00399
40	0.01629	0.01564	0.02672	0.04041	0.72757	0.01564	0.02020	0.02020	0.01499	0.02151	0.01238	0.01629	0.01043	0.00587	0.00652	0.00196	0.00782	0.00587	0.00326	0.01043
41	0.01050	0.00750	0.01049	0.01200	0.01347	0.00749	0.01042	0.01346	0.01505	0.01958	0.03492	0.10265	0.03812	0.01829	0.00906	0.00302	0.00597	0.65593	0.00606	0.00603
42	0.09406	0.00931	0.00927	0.00823	0.01078	0.00991	0.00647	0.15711	0.01706	0.02851	0.01910	0.02139	0.01475	0.00756	0.00496	0.00167	0.00412	0.00584	0.56262	0.00727
43	0.00778	0.00667	0.00667	0.00667	0.00889	0.00556	0.00500	0.00945	0.01501	0.01778	0.06669	0.06336	0.72490	0.01667	0.00778	0.00222	0.00333	0.01389	0.00611	0.00556
44	0.01618	0.01552	0.02651	0.06210	0.70680	0.01561	0.02015	0.02010	0.01493	0.02136	0.01236	0.01633	0.01038	0.00589	0.00652	0.00196	0.00785	0.00587	0.00325	0.01033
45	0.00813	0.00581	0.00757	0.00893	0.00935	0.00543	0.00592	0.00921	0.01247	0.01654	0.03621	0.68690	0.06594	0.07536	0.01022	0.00293	0.00399	0.01788	0.00596	0.00525
46	0.00809	0.00578	0.00770	0.00912	0.00956	0.00539	0.00612	0.00935	0.01294	0.01733	0.07423	0.72489	0.04457	0.02023	0.00837	0.00264	0.00378	0.01834	0.00617	0.00539
47	0.06999	0.01466	0.01688	0.01307	0.01801	0.01509	0.01073	0.35966	0.02402	0.33127	0.01990	0.01925	0.01356	0.03402	0.00739	0.00216	0.00640	0.00621	0.00702	0.01073
48	0.00959	0.00780	0.00846	0.00802	0.01032	0.00726	0.00609	0.03615	0.08345	0.02179	0.23475	0.05430	0.45848	0.01479	0.00763	0.00218	0.00359	0.01248	0.00648	0.00639
49	0.01071	0.00646	0.00764	0.00764	0.00863	0.00677	0.00540	0.01268	0.01170	0.01859	0.02023	0.03034	0.01883	0.24222	0.21173	0.00539	0.00796	0.00739	0.35426	0.00544
50	0.01395	0.00795	0.00814	0.00747	0.00958	0.00819	0.00577	0.11561	0.01635	0.02674	0.02248	0.02484	0.04470	0.00807	0.00502	0.00163	0.00369	0.00642	0.65656	0.00685
51	0.07568	0.00713	0.00794	0.00780	0.00890	0.00705	0.00525	0.01208	0.01248	0.04301	0.12936	0.08561	0.08697	0.38350	0.01992	0.00423	0.00512	0.03313	0.05959	0.00525
52	0.00934	0.00640	0.00707	0.00711	0.00756	0.00620	0.00425	0.00978	0.01075	0.01423	0.02894	0.06829	0.14144	0.58750	0.02720	0.00537	0.00565	0.01044	0.03809	0.00438
53	0.02540	0.01784	0.01939	0.01486	0.02012	0.01953	0.01228	0.65007	0.02995	0.09845	0.01664	0.01635	0.01162	0.00792	0.00659	0.00198	0.00711	0.00598	0.00671	0.01120
54	0.00901	0.00681	0.00829	0.00865	0.01023	0.00626	0.00670	0.01122	0.01540	0.02002	0.22024	0.11546	0.28538	0.06923	0.00995	0.00271	0.00420	0.17825	0.00624	0.00572
55	0.06920	0.00844	0.00851	0.00815	0.01026	0.00908	0.00616	0.01966	0.17527	0.02478	0.02241	0.05427	0.01831	0.04036	0.00642	0.00198	0.00387	0.00691	0.49889	0.00707
56	0.00845	0.00659	0.00767	0.00764	0.00936	0.00581	0.00564	0.01066	0.01625	0.02128	0.33854	0.13891	0.36804	0.01579	0.00785	0.00221	0.00330	0.01362	0.00659	0.00581
57	0.00778	0.00667	0.00667	0.00667	0.00889	0.00556	0.00500	0.00945	0.01501	0.01778	0.06669	0.06336	0.72490	0.01667	0.00778	0.00222	0.00333	0.01389	0.00611	0.00556
58	0.02503	0.01844	0.01976	0.01515	0.02042	0.02042	0.01251	0.70562	0.03095	0.04149	0.01581	0.01581	0.01120	0.00790	0.00659	0.00198	0.00724	0.00593	0.00659	0.01120
59	0.01365	0.01170	0.01365	0.00975	0.01560	0.00878	0.00780	0.01658	0.01365	0.02145	0.01170	0.01365	0.00975	0.00488	0.00488	0.00098	0.00488	0.00390	0.00390	0.80888
60	0.00816	0.00672	0.00720	0.00717	0.00925	0.00575	0.00544	0.01013	0.01564	0.01935	0.17893	0.06136	0.58216	0.01618	0.00783	0.00223	0.00341	0.04108	0.00631	0.00569
61	0.01243	0.01170	0.01975	0.75282	0.04534	0.01463	0.01828	0.01682	0.01316	0.01682	0.01170	0.01755	0.00878	0.00658	0.00658	0.00219	0.00878	0.00585	0.00293	0.00731
62	0.00942	0.00700	0.01030	0.01030	0.01138	0.00808	0.00788	0.01158	0.01050	0.01508	0.01789	0.02726	0.01706	0.10776	0.68499	0.01024	0.01672	0.00726	0.00356	0.00572
63	0.01472	0.01439	0.02036	0.01882	0.07298	0.01943	0.01460	0.03766	0.01114	0.01707	0.00945	0.01496	0.00911	0.01218	0.04311	0.00303	0.65057	0.00582	0.00305	0.00754
64	0.00942	0.00646	0.00785	0.00797	0.00821	0.00665	0.00494	0.00995	0.00999	0.01354	0.02135	0.09495	0.02404	0.57746	0.16374	0.00688	0.00828	0.00980	0.00406	0.00444
65	0.01637	0.01414	0.01489	0.01340	0.01712	0.01637	0.01042	0.03498	0.71568	0.02754	0.02679	0.02456	0.02010	0.00893	0.00670	0.00223	0.00521	0.00744	0.00670	0.01042
66	0.81514	0.01273	0.00968	0.00866	0.01273	0.01477	0.00713	0.01935	0.01120	0.02954	0.00917	0.01069	0.00713	0.00611	0.00407	0.00204	0.00509	0.00356	0.00407	0.00713
67	0.01441	0.01502	0.04724	0.40092	0.15328	0.05506	0.11822	0.03737	0.01449	0.01892	0.01241	0.01735	0.00969	0.00871	0.04726	0.00258	0.00961	0.00608	0.00320	0.00819
68	0.00921	0.00701	0.01012	0.01012	0.01142	0.00791	0.00785	0.01148	0.01110	0.01558	0.02340	0.03027	0.09974	0.04553	0.65618	0.00960	0.01595	0.00786	0.00383	0.00584
69	0.01760	0.77260	0.03450	0.01126	0.01690	0.02605	0.01126	0.01971	0.01338	0.01549	0.00915	0.01056	0.00845	0.00563	0.00422	0.00141	0.00704	0.00352	0.00282	0.00845
70	0.05041	0.74134	0.03348	0.01116	0.01673	0.02558	0.01109	0.01970	0.01329	0.01607	0.00915	0.01057	0.00839	0.00565	0.00422	0.00143	0.00696	0.00352	0.00287	0.00839
71	0.69476	0.08694	0.01256	0.00937	0.01355	0.05595	0.00784	0.01977	0.01182	0.02744	0.00922	0.01075	0.00733	0.00610	0.00419	0.00196	0.00565	0.00360	0.00392	0.00728
72	0.11631	0.11743	0.01987	0.01478	0.01905	0.36942	0.01183	0.21196	0.02052	0.02460	0.01148	0.01266	0.00907	0.00687	0.00569	0.00178	0.00920	0.00454	0.00428	0.00866
73	0.01723	0.60396	0.15475	0.01288	0.01909	0.06366	0.01360	0.02027	0.01376	0.01645	0.00967	0.01121	0.00843	0.00580	0.00467	0.00154	0.00777	0.00379	0.00284	0.00862
74	0.12924	0.36916	0.12753	0.01282	0.01811	0.12353	0.01253	0.02073	0.03899	0.01874	0.01095	0.01289	0.00927	0.00932	0.05959	0.00235	0.00857	0.00423	0.00326	0.00821
75	0.14908	0.23661	0.02181	0.01352	0.03776	0.13888	0.03198	0.11956	0.03519	0.04619	0.03746	0.01434	0.01134	0.00662	0.00532	0.00171	0.00728	0.00473	0.00421	0.07644
76	0.11020	0.26613	0.02123	0.01300	0.04003	0.11159	0.01067	0.07759	0.01568	0.07884	0.03881	0.04790	0.01427	0.01148	0.06902	0.00259	0.02862	0.02990	0.00427	0.00817

[dist]
# distance from previous block
# <min> <max>
1	28

[block]
# block no. 2 follows, 33 sequences, length 125
# corresponding to MSA columns:
# 197-321
name=unknown_C
#
# <colnr> <probs for GDERKNQSTAVLIFYWHMCP>
#	G	D	E	R	K	N	Q	S	T	A	V	L	I	F	Y	W	H	M	C	P
0	0.17348	0.27361	0.04520	0.01318	0.05038	0.06846	0.01098	0.12117	0.04074	0.02342	0.01338	0.07295	0.01198	0.00745	0.00529	0.00179	0.00671	0.00547	0.00414	0.05020
1	0.18793	0.21460	0.14047	0.01156	0.01660	0.04662	0.01144	0.04040	0.01433	0.02153	0.04531	0.02390	0.11519	0.00847	0.00562	0.00190	0.00647	0.04175	0.00408	0.04183
2	0.13391	0.09598	0.11736	0.01429	0.04374	0.14005	0.01243	0.02106	0.06849	0.02101	0.01175	0.01364	0.00955	0.00659	0.00675	0.00175	0.07377	0.00452	0.00368	0.19968
3	0.10502	0.23695	0.04824	0.01218	0.01641	0.03551	0.03483	0.07668	0.03827	0.02164	0.06581	0.02137	0.09668	0.00844	0.00734	0.00188	0.08798	0.00614	0.00422	0.07441
4	0.08327	0.04675	0.05384	0.01543	0.04196	0.08935	0.06711	0.23323	0.10134	0.05384	0.01647	0.06243	0.01332	0.00785	0.00627	0.00193	0.00724	0.00637	0.00515	0.08685
5	0.18457	0.01358	0.01492	0.01199	0.01648	0.05706	0.03232	0.12693	0.01773	0.26830	0.01946	0.01949	0.04253	0.01093	0.06530	0.00262	0.00712	0.00590	0.00581	0.07695
6	0.01365	0.01170	0.01365	0.00975	0.01560	0.00878	0.00780	0.01658	0.01365	0.02145	0.01170	0.01365	0.00975	0.00488	0.00488	0.00098	0.00488	0.00390	0.00390	0.80888
7	0.01320	0.03405	0.73453	0.01876	0.02849	0.01529	0.02432	0.02085	0.01390	0.02085	0.01181	0.01390	0.00834	0.00625	0.00625	0.00208	0.00973	0.00486	0.00278	0.00973
8	0.04520	0.01279	0.01620	0.24446	0.02562	0.04416	0.01268	0.02611	0.20179	0.21695	0.02112	0.02427	0.01583	0.00845	0.00669	0.00219	0.00677	0.05395	0.00564	0.00913
9	0.02345	0.01129	0.01460	0.01243	0.03918	0.01072	0.00958	0.05248	0.12792	0.45365	0.12081	0.02666	0.02305	0.03386	0.00767	0.00221	0.00536	0.00752	0.00744	0.01013
10	0.07640	0.02291	0.24639	0.10306	0.04937	0.15257	0.01615	0.06759	0.07009	0.02148	0.01410	0.01834	0.01142	0.03603	0.04221	0.00261	0.00922	0.02775	0.00378	0.00852
11	0.06290	0.00819	0.01016	0.03618	0.01284	0.00836	0.00803	0.07456	0.01611	0.02267	0.19855	0.27554	0.06447	0.01677	0.03419	0.00274	0.00508	0.13018	0.00608	0.00642
12	0.00941	0.00702	0.01042	0.01042	0.01154	0.00814	0.00803	0.01165	0.01053	0.01516	0.01778	0.02668	0.01681	0.08358	0.70883	0.01038	0.01710	0.00717	0.00355	0.00579
13	0.00802	0.00573	0.00764	0.00917	0.00955	0.00535	0.00611	0.00917	0.01260	0.01681	0.03628	0.76434	0.04354	0.02062	0.00840	0.00267	0.00382	0.01872	0.00611	0.00535
14	0.01172	0.00614	0.00890	0.00882	0.00901	0.00619	0.00596	0.03162	0.00951	0.01268	0.01276	0.05527	0.01295	0.02227	0.02427	0.74351	0.00568	0.00634	0.00314	0.00325
15	0.01050	0.00750	0.01048	0.01200	0.01347	0.00748	0.01042	0.01345	0.01505	0.01958	0.03492	0.10358	0.03813	0.01829	0.00906	0.00302	0.00597	0.65502	0.00606	0.00603
16	0.00940	0.00705	0.01058	0.01058	0.01176	0.00823	0.00823	0.01176	0.01058	0.01528	0.01763	0.02586	0.01646	0.04937	0.74255	0.01058	0.01763	0.00705	0.00353	0.00588
17	0.00922	0.00669	0.00869	0.00826	0.00979	0.00616	0.00617	0.01220	0.01829	0.02576	0.67661	0.07645	0.08331	0.01383	0.00779	0.00210	0.00314	0.01223	0.00717	0.00616
18	0.00831	0.00643	0.00758	0.00785	0.00936	0.00570	0.00567	0.01027	0.01543	0.02011	0.25658	0.25375	0.33573	0.01680	0.00795	0.00230	0.00340	0.01463	0.00645	0.00570
19	0.00957	0.00638	0.00718	0.00718	0.00718	0.00638	0.00399	0.00957	0.00957	0.01276	0.02074	0.04308	0.02393	0.76864	0.03351	0.00638	0.00638	0.00957	0.00399	0.00399
20	0.01637	0.01414	0.01489	0.01340	0.01712	0.01637	0.01042	0.03498	0.71568	0.02754	0.02679	0.02456	0.02010	0.00893	0.00670	0.00223	0.00521	0.00744	0.00670	0.01042
21	0.01200	0.00782	0.01068	0.01017	0.01166	0.00853	0.00765	0.03288	0.03082	0.08510	0.01930	0.02886	0.01798	0.19536	0.48129	0.00840	0.01347	0.00752	0.00424	0.00626
22	0.00947	0.00634	0.00721	0.00731	0.00734	0.00631	0.00413	0.00955	0.00978	0.01303	0.02178	0.09105	0.02524	0.71889	0.03184	0.00614	0.00621	0.01018	0.00413	0.00408
23	0.00957	0.00638	0.00718	0.00718	0.00718	0.00638	0.00399	0.00957	0.00957	0.01276	0.02074	0.04308	0.02393	0.76864	0.03351	0.00638	0.00638	0.00957	0.00399	0.00399
24	0.01637	0.01414	0.01489	0.01340	0.01712	0.01637	0.01042	0.03498	0.71568	0.02754	0.02679	0.02456	0.02010	0.00893	0.00670	0.00223	0.00521	0.00744	0.00670	0.01042
25	0.00941	0.00629	0.00734	0.00767	0.00784	0.00622	0.00461	0.00982	0.01045	0.01412	0.02407	0.17524	0.02774	0.58215	0.02716	0.00543	0.00579	0.03322	0.03102	0.00438
26	0.00804	0.00603	0.00747	0.00848	0.00940	0.00546	0.00584	0.00945	0.01360	0.01767	0.08783	0.54080	0.21771	0.01916	0.00820	0.00252	0.00365	0.01706	0.00618	0.00546
27	0.02652	0.01255	0.01569	0.01241	0.01726	0.01213	0.01013	0.10582	0.15413	0.52162	0.02503	0.02210	0.01647	0.00827	0.00663	0.00207	0.00570	0.00670	0.00770	0.01105
28	0.00788	0.00626	0.00709	0.00775	0.00918	0.00547	0.00548	0.00933	0.01396	0.01736	0.05349	0.36760	0.42917	0.01839	0.00805	0.00242	0.00354	0.01599	0.00611	0.00547
29	0.01404	0.01358	0.01915	0.11073	0.22994	0.06903	0.01466	0.01685	0.01270	0.01750	0.01286	0.01849	0.01145	0.01993	0.22431	0.00468	0.17299	0.00607	0.00322	0.00782
30	0.00977	0.00714	0.00949	0.01074	0.01190	0.00709	0.00843	0.01295	0.05770	0.01920	0.06427	0.37336	0.04030	0.01848	0.00858	0.00278	0.00490	0.32072	0.00617	0.00602
31	0.00988	0.00625	0.00829	0.00928	0.01015	0.00575	0.00638	0.01121	0.01336	0.07827	0.05261	0.65928	0.06576	0.01925	0.00821	0.00259	0.00394	0.01735	0.00631	0.00588
32	0.00966	0.00747	0.00898	0.00902	0.01085	0.00716	0.00696	0.01369	0.08484	0.02217	0.30126	0.12354	0.23496	0.01533	0.00793	0.00234	0.00390	0.11700	0.00659	0.00634
33	0.02076	0.01874	0.08505	0.06536	0.10881	0.09235	0.03375	0.26920	0.06837	0.10545	0.01859	0.01923	0.04870	0.00779	0.00659	0.00201	0.00772	0.00629	0.00532	0.00993
34	0.01524	0.01941	0.11399	0.02638	0.03312	0.01663	0.60377	0.02087	0.01516	0.02087	0.01298	0.01721	0.00976	0.00585	0.00812	0.00223	0.03889	0.00738	0.00325	0.00891
35	0.01637	0.01414	0.01489	0.01340	0.01712	0.01637	0.01042	0.03498	0.71568	0.02754	0.02679	0.02456	0.02010	0.00893	0.00670	0.00223	0.00521	0.00744	0.00670	0.01042
36	0.01547	0.01532	0.04426	0.13277	0.59493	0.01519	0.01960	0.01952	0.01484	0.02103	0.03588	0.01749	0.01187	0.00622	0.00656	0.00199	0.00784	0.00604	0.00333	0.00986
37	0.00973	0.03123	0.03356	0.01041	0.01166	0.00848	0.00807	0.01207	0.03332	0.01876	0.13632	0.42311	0.08405	0.01692	0.00950	0.00253	0.08620	0.05223	0.00574	0.00611
38	0.00940	0.00691	0.00882	0.00831	0.00996	0.00642	0.00624	0.01280	0.03558	0.02591	0.66755	0.04942	0.10079	0.01354	0.00774	0.00208	0.00317	0.01191	0.00717	0.00628
39	0.00932	0.00673	0.00880	0.00828	0.00984	0.00621	0.00621	0.01242	0.01863	0.02640	0.72410	0.04918	0.06212	0.01346	0.00776	0.00207	0.00311	0.01191	0.00725	0.00621
40	0.02125	0.15499	0.07201	0.05569	0.07383	0.30224	0.01402	0.17202	0.03498	0.02255	0.01195	0.01355	0.00947	0.00676	0.00590	0.00179	0.00927	0.00480	0.00398	0.00895
41	0.01669	0.01430	0.01506	0.01346	0.01724	0.01652	0.01050	0.05949	0.69066	0.02805	0.02639	0.02424	0.01977	0.00889	0.00669	0.00222	0.00528	0.00739	0.00669	0.01045
42	0.01243	0.01170	0.01975	0.75282	0.04534	0.01463	0.01828	0.01682	0.01316	0.01682	0.01170	0.01755	0.00878	0.00658	0.00658	0.00219	0.00878	0.00585	0.00293	0.00731
43	0.01554	0.01776	0.03885	0.02775	0.03441	0.01665	0.70366	0.02109	0.01554	0.02109	0.01332	0.01776	0.00999	0.00555	0.00777	0.00222	0.01110	0.00777	0.00333	0.00888
44	0.01961	0.01469	0.01978	0.11714	0.15815	0.06856	0.06289	0.09078	0.09063	0.18360	0.01946	0.02243	0.03094	0.00837	0.00732	0.02503	0.00740	0.03862	0.00521	0.00940
45	0.00961	0.00722	0.01043	0.01033	0.01130	0.00839	0.00784	0.01159	0.01042	0.01494	0.01776	0.02791	0.01725	0.15068	0.61585	0.00971	0.04218	0.00737	0.00357	0.00566
46	0.00802	0.00573	0.00764	0.00917	0.00955	0.00535	0.00611	0.00917	0.01260	0.01681	0.03628	0.76434	0.04354	0.02062	0.00840	0.00267	0.00382	0.01872	0.00611	0.00535
47	0.81514	0.01273	0.00968	0.00866	0.01273	0.01477	0.00713	0.01935	0.01120	0.02954	0.00917	0.01069	0.00713	0.00611	0.00407	0.00204	0.00509	0.00356	0.00407	0.00713
48	0.01457	0.01388	0.02360	0.35869	0.42277	0.01519	0.01935	0.01869	0.01417	0.01941	0.01208	0.01686	0.00969	0.00619	0.00655	0.00206	0.00825	0.00586	0.00311	0.00904
49	0.01523	0.01713	0.03709	0.02678	0.03312	0.01608	0.66061	0.02062	0.01551	0.02100	0.01466	0.02127	0.01172	0.00633	0.00785	0.00227	0.01079	0.04973	0.00350	0.00870
50	0.02412	0.03062	0.01870	0.04531	0.02131	0.71418	0.01293	0.02592	0.01844	0.01614	0.01023	0.01209	0.00849	0.00678	0.00596	0.00172	0.01175	0.00430	0.00337	0.00762
51	0.01755	0.01410	0.01508	0.01335	0.01721	0.01608	0.01045	0.05852	0.64553	0.07446	0.02635	0.02411	0.01953	0.00884	0.00669	0.00221	0.00531	0.00734	0.00679	0.01050
52	0.00831	0.00651	0.00752	0.00764	0.00931	0.00573	0.00559	0.01034	0.01571	0.02033	0.26934	0.18878	0.38864	0.01639	0.00789	0.00226	0.00335	0.01416	0.00647	0.00573
53	0.01777	0.01383	0.01493	0.01322	0.01709	0.01567	0.01034	0.03467	0.64189	0.10215	0.02671	0.02433	0.01969	0.00885	0.00669	0.00221	0.00525	0.00736	0.00685	0.01050
54	0.01760	0.77260	0.03450	0.01126	0.01690	0.02605	0.01126	0.01971	0.01338	0.01549	0.00915	0.01056	0.00845	0.00563	0.00422	0.00141	0.00704	0.00352	0.00282	0.00845
55	0.01271	0.01198	0.02024	0.70249	0.09354	0.01470	0.01842	0.01706	0.01329	0.01715	0.01175	0.01746	0.00889	0.00653	0.00658	0.00218	0.00871	0.00585	0.00295	0.00753
56	0.01637	0.01414	0.01489	0.01340	0.01712	0.01637	0.01042	0.03498	0.71568	0.02754	0.02679	0.02456	0.02010	0.00893	0.00670	0.00223	0.00521	0.00744	0.00670	0.01042
57	0.00778	0.00667	0.00667	0.00667	0.00889	0.00556	0.00500	0.00945	0.01501	0.01778	0.06669	0.06336	0.72490	0.01667	0.00778	0.00222	0.00333	0.01389	0.00611	0.00556
58	0.01222	0.01142	0.01917	0.71745	0.04364	0.01418	0.01770	0.01646	0.01314	0.01682	0.01287	0.05307	0.01043	0.00725	0.00667	0.00222	0.00854	0.00646	0.00308	0.00722
59	0.00799	0.00584	0.00752	0.00887	0.00947	0.00537	0.00598	0.00920	0.01289	0.01692	0.03994	0.67998	0.12554	0.02015	0.00833	0.00262	0.00376	0.01813	0.00611	0.00537
60	0.02148	0.01656	0.01773	0.01443	0.01902	0.01856	0.01170	0.44404	0.27511	0.03581	0.02034	0.02079	0.01522	0.00860	0.00671	0.00210	0.00648	0.02796	0.00661	0.01076
61	0.81514	0.01273	0.00968	0.00866	0.01273	0.01477	0.00713	0.01935	0.01120	0.02954	0.00917	0.01069	0.00713	0.00611	0.00407	0.00204	0.00509	0.00356	0.00407	0.00713
62	0.00787	0.00670	0.00679	0.00684	0.00904	0.00562	0.00518	0.00958	0.01501	0.01785	0.06568	0.06370	0.70310	0.01672	0.00782	0.00225	0.00342	0.03513	0.00611	0.00557
63	0.01365	0.01170	0.01365	0.00975	0.01560	0.00878	0.00780	0.01658	0.01365	0.02145	0.01170	0.01365	0.00975	0.00488	0.00488	0.00098	0.00488	0.00390	0.00390	0.80888
64	0.00887	0.00705	0.00813	0.00811	0.01021	0.00619	0.00636	0.01115	0.01580	0.02024	0.20940	0.05987	0.42479	0.01570	0.00788	0.00227	0.00382	0.12797	0.00627	0.03992
65	0.01373	0.03052	0.58685	0.02115	0.05645	0.01554	0.14175	0.02087	0.01422	0.02092	0.01210	0.01466	0.00871	0.00612	0.00653	0.00210	0.00989	0.00541	0.00289	0.00961
66	0.00817	0.00582	0.00773	0.00920	0.00961	0.00546	0.00619	0.00934	0.01258	0.01676	0.03567	0.71363	0.04263	0.04787	0.00934	0.00282	0.00399	0.04183	0.00603	0.00532
67	0.01243	0.01170	0.01975	0.75282	0.04534	0.01463	0.01828	0.01682	0.01316	0.01682	0.01170	0.01755	0.00878	0.00658	0.00658	0.00219	0.00878	0.00585	0.00293	0.00731
68	0.01878	0.50807	0.11298	0.01340	0.01909	0.15386	0.01313	0.06093	0.01541	0.01774	0.01004	0.01149	0.00860	0.00605	0.00491	0.00157	0.00824	0.00395	0.00314	0.00861
69	0.01639	0.01796	0.19933	0.01902	0.15229	0.01327	0.01543	0.09581	0.07278	0.10149	0.09208	0.02749	0.02015	0.00897	0.00688	0.00213	0.00699	0.09053	0.00509	0.03592
70	0.01710	0.08774	0.25817	0.04494	0.15202	0.08954	0.10710	0.02290	0.05964	0.07838	0.01382	0.01582	0.01036	0.00643	0.00636	0.00199	0.00890	0.00558	0.00369	0.00951
71	0.09315	0.03943	0.13835	0.01400	0.04584	0.01258	0.01260	0.05286	0.06419	0.39583	0.02108	0.02142	0.01464	0.00795	0.00636	0.00208	0.00645	0.03470	0.00628	0.01021
72	0.00802	0.00573	0.00764	0.00917	0.00955	0.00535	0.00611	0.00917	0.01260	0.01681	0.03628	0.76434	0.04354	0.02062	0.00840	0.00267	0.00382	0.01872	0.00611	0.00535
73	0.01627	0.01572	0.02718	0.03993	0.70159	0.01568	0.04582	0.02024	0.01501	0.02149	0.01242	0.01635	0.01041	0.00585	0.00656	0.00197	0.00794	0.00594	0.00326	0.01037
74	0.01787	0.01716	0.02078	0.09305	0.27043	0.14780	0.04141	0.04142	0.14367	0.06144	0.04713	0.02016	0.03355	0.00744	0.00659	0.00201	0.00784	0.00644	0.00449	0.00931
75	0.01320	0.01251	0.02101	0.59717	0.16619	0.01502	0.01848	0.01739	0.01337	0.01762	0.01171	0.01721	0.00907	0.00664	0.00715	0.00218	0.03741	0.00585	0.00298	0.00787
76	0.00801	0.00671	0.00699	0.00701	0.00916	0.00569	0.00533	0.00984	0.01527	0.01847	0.11171	0.06282	0.64896	0.01651	0.00784	0.00225	0.00343	0.04220	0.00619	0.00563
77	0.01320	0.03405	0.73453	0.01876	0.02849	0.01529	0.02432	0.02085	0.01390	0.02085	0.01181	0.01390	0.00834	0.00625	0.00625	0.00208	0.00973	0.00486	0.00278	0.00973
78	0.04650	0.08726	0.30170	0.02156	0.05142	0.01670	0.28574	0.04576	0.01522	0.04758	0.01275	0.01545	0.00941	0.00604	0.00662	0.00207	0.00955	0.00597	0.00340	0.00932
79	0.00802	0.00573	0.00764	0.00917	0.00955	0.00535	0.00611	0.00917	0.01260	0.01681	0.03628	0.76434	0.04354	0.02062	0.00840	0.00267	0.00382	0.01872	0.00611	0.00535
80	0.06442	0.02026	0.08352	0.03061	0.40138	0.15466	0.10899	0.02149	0.01545	0.02084	0.01185	0.01512	0.00963	0.00605	0.00641	0.00196	0.00903	0.00559	0.00330	0.00944
81	0.00778	0.00667	0.00667	0.00667	0.00889	0.00556	0.00500	0.00945	0.01501	0.01778	0.06669	0.06336	0.72490	0.01667	0.00778	0.00222	0.00333	0.01389	0.00611	0.00556
82	0.81514	0.01273	0.00968	0.00866	0.01273	0.01477	0.00713	0.01935	0.01120	0.02954	0.00917	0.01069	0.00713	0.00611	0.00407	0.00204	0.00509	0.00356	0.00407	0.00713
83	0.01719	0.01586	0.02483	0.03125	0.44780	0.01640	0.08235	0.09761	0.15203	0.02480	0.01563	0.01798	0.01234	0.00665	0.00668	0.00204	0.00757	0.00636	0.00429	0.01036
84	0.00932	0.00673	0.00880	0.00828	0.00984	0.00621	0.00621	0.01242	0.01863	0.02640	0.72410	0.04918	0.06212	0.01346	0.00776	0.00207	0.00311	0.01191	0.00725	0.00621
85	0.02584	0.01713	0.01895	0.01453	0.01976	0.01848	0.01200	0.58399	0.02877	0.16621	0.01764	0.01700	0.01212	0.00795	0.00659	0.00199	0.00695	0.00605	0.00687	0.01120
86	0.02413	0.01786	0.01913	0.01482	0.01985	0.01979	0.01215	0.65205	0.06285	0.03993	0.01648	0.01707	0.01202	0.03164	0.00743	0.00213	0.00712	0.00611	0.00651	0.01093
87	0.00808	0.00668	0.00709	0.00698	0.00908	0.00569	0.00524	0.01003	0.01571	0.01947	0.19516	0.06059	0.59538	0.01604	0.00778	0.00219	0.00329	0.01351	0.00633	0.00569
88	0.01731	0.01461	0.01542	0.01359	0.01748	0.01681	0.01065	0.10785	0.64128	0.02905	0.02560	0.02361	0.01913	0.00882	0.00669	0.00220	0.00543	0.00728	0.00669	0.01050
89	0.00778	0.00667	0.00667	0.00667	0.00889	0.00556	0.00500	0.00945	0.01501	0.01778	0.06669	0.06336	0.72490	0.01667	0.00778	0.00222	0.00333	0.01389	0.00611	0.00556
90	0.01227	0.00614	0.00614	0.00614	0.00767	0.00614	0.00460	0.01534	0.01381	0.02454	0.02148	0.02454	0.01687	0.00767	0.00460	0.00153	0.00307	0.00614	0.80518	0.00614
91	0.01243	0.01170	0.01975	0.75282	0.04534	0.01463	0.01828	0.01682	0.01316	0.01682	0.01170	0.01755	0.00878	0.00658	0.00658	0.00219	0.00878	0.00585	0.00293	0.00731
92	0.01320	0.03405	0.73453	0.01876	0.02849	0.01529	0.02432	0.02085	0.01390	0.02085	0.01181	0.01390	0.00834	0.00625	0.00625	0.00208	0.00973	0.00486	0.00278	0.00973
93	0.01144	0.00572	0.00858	0.00858	0.00858	0.00572	0.00572	0.00858	0.00858	0.01144	0.01144	0.02001	0.01144	0.02287	0.02573	0.80846	0.00572	0.00572	0.00286	0.00286
94	0.72752	0.01441	0.03362	0.00957	0.01384	0.04590	0.00811	0.04433	0.01232	0.02912	0.00953	0.01103	0.00737	0.00621	0.00431	0.00202	0.00561	0.00372	0.00409	0.00738
95	0.01591	0.01308	0.01529	0.04283	0.01773	0.01208	0.00953	0.16272	0.03852	0.02568	0.04678	0.01632	0.01277	0.00640	0.00621	0.00141	0.03740	0.00498	0.00463	0.50974
96	0.00802	0.00573	0.00764	0.00917	0.00955	0.00535	0.00611	0.00917	0.01260	0.01681	0.03628	0.76434	0.04354	0.02062	0.00840	0.00267	0.00382	0.01872	0.00611	0.00535
97	0.02459	0.03138	0.01866	0.01696	0.02035	0.74221	0.01272	0.02629	0.01866	0.01611	0.01018	0.01187	0.00848	0.00678	0.00594	0.00170	0.01187	0.00424	0.00339	0.00763
98	0.01619	0.01680	0.03720	0.37939	0.22818	0.13060	0.01772	0.06012	0.01561	0.01955	0.01189	0.01612	0.00932	0.00649	0.00645	0.00203	0.00893	0.00558	0.00330	0.00851
99	0.00808	0.00575	0.00762	0.00910	0.00946	0.00538	0.00604	0.00918	0.01250	0.01666	0.03573	0.73882	0.04285	0.04709	0.00929	0.00280	0.00391	0.01839	0.00604	0.00530
100	0.00970	0.00688	0.00831	0.00817	0.00845	0.00729	0.00519	0.01021	0.00999	0.01352	0.02163	0.03987	0.05181	0.58756	0.14337	0.00670	0.04370	0.00918	0.00395	0.00451
101	0.01405	0.01392	0.02060	0.10766	0.04363	0.01871	0.03999	0.01612	0.01083	0.01631	0.00969	0.01546	0.00910	0.01213	0.04942	0.00307	0.58316	0.00590	0.00294	0.00732
102	0.01019	0.00716	0.01001	0.00989	0.01105	0.00827	0.00765	0.01258	0.01117	0.01708	0.01810	0.02558	0.01641	0.05886	0.54590	0.00834	0.04583	0.00688	0.16309	0.00593
103	0.01243	0.01170	0.01975	0.75282	0.04534	0.01463	0.01828	0.01682	0.01316	0.01682	0.01170	0.01755	0.00878	0.00658	0.00658	0.00219	0.00878	0.00585	0.00293	0.00731
104	0.01675	0.07877	0.20997	0.02800	0.33101	0.06195	0.08009	0.07632	0.01616	0.02213	0.01222	0.01506	0.00964	0.00614	0.00636	0.00196	0.00875	0.00550	0.00339	0.00985
105	0.01531	0.01623	0.05526	0.05723	0.32124	0.09779	0.06422	0.04032	0.01535	0.02016	0.01913	0.11769	0.05355	0.00933	0.00753	0.00215	0.03586	0.03906	0.00398	0.00862
106	0.00879	0.00667	0.00809	0.00782	0.00953	0.00597	0.00583	0.01137	0.01726	0.02333	0.49193	0.08393	0.26594	0.01476	0.00780	0.00214	0.00321	0.01281	0.00685	0.00597
