[name]
unknown

[dist]
# distance from previous block
# <min> <max>
10	34

[block]
# block no. 0 follows, 34 sequences, length 81
# corresponding to MSA columns:
# 45-125
name=unknown_A
#
# <colnr> <probs for GDERKNQSTAVLIFYWHMCP>
#	G	D	E	R	K	N	Q	S	T	A	V	L	I	F	Y	W	H	M	C	P
0	0.04344	0.04467	0.02516	0.08392	0.39152	0.14053	0.10285	0.03992	0.02936	0.02052	0.01200	0.01529	0.00977	0.00604	0.00630	0.00191	0.00864	0.00559	0.00337	0.00920
1	0.09378	0.01625	0.01785	0.03261	0.11413	0.12180	0.04972	0.10598	0.06598	0.04845	0.01322	0.01482	0.01033	0.00614	0.00566	0.00163	0.00696	0.00494	0.00430	0.26547
2	0.25442	0.01756	0.01600	0.01289	0.01754	0.10426	0.01047	0.38382	0.02222	0.03308	0.01270	0.01346	0.00942	0.00692	0.00556	0.00186	0.00689	0.00482	0.00521	0.06089
3	0.01723	0.28768	0.14289	0.01516	0.02101	0.08469	0.12265	0.02124	0.03754	0.07863	0.01271	0.01493	0.01018	0.03294	0.00651	0.00186	0.00802	0.00501	0.00358	0.07552
4	0.00952	0.00700	0.00896	0.00840	0.01004	0.00664	0.00632	0.01339	0.05630	0.02597	0.69119	0.04696	0.05874	0.01297	0.00756	0.00204	0.00316	0.01145	0.00708	0.00632
5	0.00935	0.00674	0.00946	0.00946	0.01035	0.00758	0.00698	0.01112	0.01023	0.01466	0.01815	0.02941	0.01793	0.22153	0.55485	0.00915	0.01425	0.00749	0.02598	0.00533
6	0.00786	0.00568	0.00743	0.00884	0.00933	0.00526	0.00593	0.00901	0.01253	0.01656	0.03757	0.72234	0.08784	0.01999	0.00821	0.00260	0.00372	0.01806	0.00600	0.00526
7	0.38702	0.01168	0.01250	0.01014	0.01468	0.01176	0.00836	0.02582	0.01509	0.41601	0.01801	0.01678	0.01191	0.00709	0.00536	0.00200	0.00527	0.00514	0.00618	0.00918
8	0.00945	0.00658	0.00795	0.00816	0.00863	0.00664	0.00523	0.03257	0.01124	0.01510	0.03972	0.21787	0.04538	0.44946	0.10311	0.00549	0.00674	0.01136	0.00458	0.00476
9	0.00885	0.00659	0.00822	0.00781	0.00947	0.00597	0.00586	0.01161	0.01758	0.02423	0.59742	0.05103	0.19381	0.01384	0.00762	0.00206	0.00309	0.01207	0.00689	0.00597
10	0.01727	0.77681	0.03386	0.01106	0.01658	0.02557	0.01106	0.01935	0.01313	0.01520	0.00898	0.01036	0.00829	0.00553	0.00415	0.00138	0.00691	0.00345	0.00276	0.00829
11	0.02346	0.01256	0.01508	0.01236	0.01681	0.01276	0.00995	0.06941	0.30667	0.40877	0.02528	0.02251	0.01725	0.00830	0.00653	0.00207	0.00543	0.00679	0.00733	0.01068
12	0.02042	0.01187	0.01452	0.01083	0.01618	0.01004	0.00880	0.07615	0.03609	0.30226	0.01767	0.01721	0.01247	0.00638	0.00563	0.00147	0.00525	0.00512	0.00573	0.41592
13	0.00840	0.00654	0.00763	0.00742	0.00921	0.00577	0.00554	0.01073	0.01644	0.02166	0.39737	0.07844	0.37185	0.01491	0.00765	0.00212	0.00318	0.01281	0.00656	0.00577
14	0.01583	0.01519	0.02593	0.07024	0.70330	0.01531	0.01975	0.01969	0.01464	0.02091	0.01213	0.01604	0.01017	0.00579	0.00640	0.00193	0.00772	0.00576	0.00318	0.01010
15	0.01362	0.06792	0.58083	0.01806	0.02650	0.01495	0.07995	0.02016	0.01384	0.04309	0.01333	0.05491	0.01045	0.00687	0.00629	0.00205	0.00908	0.00574	0.00312	0.00923
16	0.06844	0.15748	0.05855	0.01340	0.01809	0.12168	0.01158	0.23477	0.11954	0.06355	0.05915	0.01719	0.01431	0.00749	0.00587	0.00185	0.00711	0.00556	0.00513	0.00927
17	0.01687	0.70639	0.10069	0.01175	0.01766	0.02457	0.01227	0.01945	0.01318	0.01570	0.00923	0.01068	0.00828	0.00559	0.00433	0.00144	0.00716	0.00358	0.00276	0.00841
18	0.01476	0.09377	0.57050	0.01723	0.02567	0.06354	0.02092	0.06215	0.01490	0.02096	0.01151	0.01334	0.00841	0.00618	0.00593	0.00193	0.00919	0.00466	0.00303	0.03142
19	0.00849	0.00645	0.00789	0.00806	0.00953	0.00574	0.00581	0.01053	0.01524	0.02044	0.30230	0.28733	0.22695	0.01603	0.00773	0.00223	0.00340	0.01410	0.00634	0.03542
20	0.04308	0.01353	0.01488	0.05083	0.01772	0.01522	0.01037	0.22109	0.34142	0.02923	0.07006	0.10306	0.02151	0.00981	0.00670	0.00215	0.00557	0.00817	0.00624	0.00937
21	0.00964	0.00794	0.00869	0.00817	0.01054	0.00748	0.00620	0.01441	0.13062	0.02147	0.23979	0.05035	0.40362	0.01383	0.00735	0.00210	0.00357	0.01171	0.00632	0.03620
22	0.01383	0.06969	0.62646	0.01800	0.02686	0.01583	0.04436	0.04866	0.03902	0.02124	0.01218	0.01404	0.00876	0.00624	0.00611	0.00202	0.00920	0.00493	0.00303	0.00954
23	0.01709	0.74514	0.06392	0.01137	0.01707	0.02512	0.01160	0.01940	0.01315	0.01543	0.00909	0.01050	0.00829	0.00555	0.00423	0.00141	0.00702	0.00351	0.00276	0.00835
24	0.01854	0.01511	0.01600	0.01365	0.01774	0.01722	0.01082	0.23109	0.52016	0.03101	0.02316	0.02161	0.01718	0.00847	0.00654	0.00212	0.00569	0.00687	0.00654	0.01045
25	0.00940	0.00626	0.00705	0.00705	0.00705	0.00626	0.00392	0.00940	0.00940	0.01253	0.02036	0.04228	0.02349	0.77292	0.03289	0.00626	0.00626	0.00940	0.00392	0.00392
26	0.00769	0.00655	0.00662	0.00660	0.00876	0.00548	0.00495	0.00937	0.01485	0.01775	0.08834	0.06170	0.70693	0.01626	0.00764	0.00218	0.00327	0.01357	0.00604	0.00548
27	0.81856	0.01250	0.00950	0.00850	0.01250	0.01449	0.00700	0.01899	0.01100	0.02899	0.00900	0.01050	0.00700	0.00600	0.00400	0.00200	0.00500	0.00350	0.00400	0.00700
28	0.78664	0.01272	0.00989	0.00875	0.01280	0.01472	0.00721	0.04682	0.01178	0.02946	0.00926	0.01070	0.00716	0.00607	0.00410	0.00200	0.00508	0.00359	0.00410	0.00716
29	0.01473	0.02817	0.52059	0.02126	0.13181	0.01563	0.03796	0.09028	0.03857	0.02282	0.01259	0.01461	0.00919	0.00631	0.00626	0.00202	0.00891	0.00518	0.00331	0.00980
30	0.01390	0.01147	0.01345	0.00963	0.01535	0.00864	0.00772	0.01676	0.01356	0.04426	0.01194	0.01368	0.00978	0.00489	0.00484	0.00099	0.00481	0.00391	0.00396	0.78645
31	0.01025	0.00815	0.01118	0.01379	0.15096	0.00765	0.00832	0.01289	0.01562	0.02167	0.28048	0.11540	0.21715	0.01272	0.00715	0.00206	0.00408	0.01115	0.08266	0.00665
32	0.01122	0.00561	0.00842	0.00842	0.00842	0.00561	0.00561	0.00842	0.00842	0.01122	0.01122	0.01964	0.01122	0.02245	0.02525	0.81201	0.00561	0.00561	0.00281	0.00281
33	0.00787	0.00562	0.00750	0.00900	0.00937	0.00525	0.00600	0.00900	0.01237	0.01649	0.03561	0.76871	0.04274	0.02024	0.00825	0.00262	0.00375	0.01837	0.00600	0.00525
34	0.01660	0.03536	0.01874	0.01534	0.01647	0.01739	0.01279	0.01831	0.01197	0.14427	0.05050	0.01727	0.01265	0.01066	0.01736	0.00260	0.56393	0.00607	0.00398	0.00775
35	0.01435	0.01647	0.15692	0.01165	0.01802	0.03586	0.01110	0.01808	0.01384	0.05126	0.01205	0.01375	0.00953	0.00525	0.00516	0.00124	0.00600	0.00414	0.00377	0.59155
36	0.03814	0.56514	0.16887	0.01277	0.01890	0.06909	0.01352	0.01996	0.01350	0.01663	0.00955	0.01108	0.00824	0.00573	0.00463	0.00154	0.00767	0.00376	0.00283	0.00845
37	0.02456	0.01810	0.01939	0.01487	0.02004	0.02004	0.01228	0.71107	0.03038	0.04072	0.01551	0.01551	0.01099	0.00776	0.00646	0.00194	0.00711	0.00582	0.00646	0.01099
38	0.01066	0.01109	0.07809	0.06744	0.13568	0.00912	0.02563	0.01382	0.01506	0.02044	0.20080	0.12369	0.19088	0.01215	0.00724	0.00213	0.00526	0.03558	0.00516	0.03007
39	0.01340	0.01148	0.01340	0.00957	0.01531	0.00861	0.00766	0.01627	0.01340	0.02105	0.01148	0.01340	0.00957	0.00479	0.00479	0.00096	0.00479	0.00383	0.00383	0.81242
40	0.01946	0.21019	0.02273	0.04007	0.09681	0.12908	0.02815	0.15062	0.01779	0.07081	0.01244	0.01384	0.00980	0.00621	0.00551	0.00160	0.00744	0.00470	0.00415	0.14859
41	0.01713	0.24687	0.25298	0.01592	0.07654	0.04099	0.01538	0.06867	0.01573	0.09835	0.06291	0.01625	0.01316	0.00672	0.00569	0.00179	0.00751	0.00516	0.00396	0.02828
42	0.01647	0.19910	0.36653	0.01769	0.07627	0.09539	0.01807	0.08332	0.03293	0.02081	0.01159	0.01329	0.00891	0.00624	0.00571	0.00184	0.00870	0.00464	0.00327	0.00924
43	0.00841	0.00607	0.00811	0.00949	0.01020	0.00577	0.00688	0.00996	0.01294	0.01707	0.03639	0.57201	0.07692	0.02033	0.02863	0.00288	0.00454	0.15206	0.00592	0.00541
44	0.00787	0.00562	0.00750	0.00900	0.00937	0.00525	0.00600	0.00900	0.01237	0.01649	0.03561	0.76871	0.04274	0.02024	0.00825	0.00262	0.00375	0.01837	0.00600	0.00525
45	0.01524	0.01761	0.10672	0.14510	0.30801	0.08118	0.06372	0.04829	0.01513	0.02009	0.01615	0.03962	0.05916	0.00734	0.00695	0.00203	0.02887	0.00650	0.00350	0.00879
46	0.01204	0.00602	0.00602	0.00602	0.00753	0.00602	0.00452	0.01506	0.01355	0.02409	0.02108	0.02409	0.01656	0.00753	0.00452	0.00151	0.00301	0.00602	0.80879	0.00602
47	0.63422	0.05862	0.01325	0.01221	0.08293	0.04487	0.00888	0.04351	0.01245	0.02730	0.00957	0.01124	0.00758	0.00603	0.00440	0.00194	0.00571	0.00382	0.00391	0.00755
48	0.02699	0.01429	0.01648	0.01284	0.01775	0.05276	0.01052	0.23475	0.04468	0.46669	0.02169	0.01956	0.01420	0.00788	0.00645	0.00197	0.00630	0.00619	0.00724	0.01078
49	0.01204	0.00602	0.00602	0.00602	0.00753	0.00602	0.00452	0.01506	0.01355	0.02409	0.02108	0.02409	0.01656	0.00753	0.00452	0.00151	0.00301	0.00602	0.80879	0.00602
50	0.01635	0.01638	0.02536	0.03533	0.58767	0.06731	0.03943	0.01983	0.01448	0.02015	0.01165	0.01554	0.00991	0.00638	0.00792	0.00200	0.08577	0.00569	0.00317	0.00967
51	0.04690	0.01788	0.01946	0.01775	0.10970	0.05824	0.01290	0.50383	0.08999	0.03529	0.01557	0.01599	0.01142	0.00748	0.00636	0.00195	0.00718	0.00578	0.00582	0.01051
52	0.03844	0.06201	0.01933	0.06283	0.12968	0.06869	0.03000	0.15496	0.09781	0.08877	0.04651	0.01864	0.02797	0.00752	0.00697	0.00191	0.04761	0.00598	0.00488	0.07948
53	0.01705	0.36667	0.15471	0.03547	0.08557	0.04242	0.01429	0.05946	0.10732	0.04135	0.01296	0.01412	0.01034	0.00634	0.00534	0.00173	0.00738	0.00471	0.00367	0.00912
54	0.01955	0.02286	0.03364	0.03551	0.01840	0.42522	0.01191	0.06402	0.01602	0.01700	0.01174	0.01692	0.01074	0.10880	0.03424	0.00276	0.13470	0.00534	0.00350	0.00716
55	0.01025	0.00731	0.01016	0.01160	0.01299	0.00729	0.00999	0.01304	0.01458	0.01898	0.03386	0.10774	0.03705	0.04100	0.00962	0.00306	0.00585	0.63389	0.00589	0.00585
56	0.01520	0.01430	0.02418	0.13001	0.59742	0.01467	0.01879	0.01904	0.01445	0.02056	0.01307	0.01825	0.01110	0.00629	0.00643	0.00197	0.00759	0.02778	0.02935	0.00957
57	0.00787	0.00562	0.00750	0.00900	0.00937	0.00525	0.00600	0.00900	0.01237	0.01649	0.03561	0.76871	0.04274	0.02024	0.00825	0.00262	0.00375	0.01837	0.00600	0.00525
58	0.00786	0.00566	0.00746	0.00891	0.00935	0.00526	0.00596	0.00901	0.01245	0.01653	0.03666	0.74388	0.06689	0.02011	0.00823	0.00261	0.00373	0.01820	0.00600	0.00526
59	0.00877	0.00606	0.00777	0.00864	0.00958	0.00553	0.00599	0.01023	0.01361	0.04432	0.11940	0.55886	0.14036	0.01844	0.00802	0.00247	0.00367	0.01650	0.00620	0.00559
60	0.01525	0.01743	0.03813	0.02723	0.03377	0.01634	0.70915	0.02070	0.01525	0.02070	0.01307	0.01743	0.00980	0.00545	0.00763	0.00218	0.01089	0.00763	0.00327	0.00871
61	0.02875	0.01138	0.01523	0.01168	0.01669	0.01007	0.00965	0.06825	0.01914	0.69942	0.02495	0.02164	0.01572	0.00798	0.00650	0.00200	0.00559	0.00646	0.00791	0.01100
62	0.00939	0.00631	0.00727	0.00727	0.00735	0.00639	0.00419	0.00954	0.00946	0.01269	0.02015	0.04115	0.02300	0.72434	0.08080	0.00654	0.00700	0.00923	0.00388	0.00404
63	0.02576	0.01302	0.01567	0.01215	0.01687	0.01289	0.00999	0.27065	0.02222	0.42035	0.02152	0.01990	0.01428	0.00787	0.00629	0.00193	0.00582	0.00621	0.08610	0.01050
64	0.01340	0.01148	0.01340	0.00957	0.01531	0.00861	0.00766	0.01627	0.01340	0.02105	0.01148	0.01340	0.00957	0.00479	0.00479	0.00096	0.00479	0.00383	0.00383	0.81242
65	0.00797	0.00578	0.00753	0.00873	0.00935	0.00534	0.00593	0.00931	0.01309	0.01742	0.10097	0.65009	0.09600	0.01931	0.00814	0.00254	0.00365	0.01741	0.00610	0.00534
66	0.01727	0.77681	0.03386	0.01106	0.01658	0.02557	0.01106	0.01935	0.01313	0.01520	0.00898	0.01036	0.00829	0.00553	0.00415	0.00138	0.00691	0.00345	0.00276	0.00829
67	0.01378	0.10956	0.09920	0.01138	0.01583	0.03788	0.01032	0.07419	0.05174	0.02078	0.02065	0.06668	0.08292	0.01294	0.08706	0.00265	0.00720	0.03176	0.03257	0.21092
68	0.03768	0.21486	0.49250	0.01648	0.02461	0.01749	0.04898	0.02049	0.01366	0.04128	0.01136	0.01316	0.00848	0.00601	0.00566	0.00189	0.00870	0.00459	0.00296	0.00917
69	0.01346	0.01433	0.02910	0.02176	0.02665	0.01364	0.48918	0.01830	0.03911	0.02013	0.03900	0.12615	0.05930	0.00901	0.00800	0.00228	0.02393	0.03467	0.00411	0.00790
70	0.01098	0.00765	0.00976	0.00976	0.01167	0.00739	0.00785	0.01495	0.07107	0.06203	0.32211	0.07272	0.12164	0.01459	0.00791	0.00238	0.00431	0.22810	0.00660	0.00655
71	0.05083	0.07049	0.40854	0.06730	0.04707	0.03553	0.06419	0.04818	0.05077	0.04430	0.01299	0.01519	0.00964	0.00814	0.03766	0.00236	0.00909	0.00522	0.00341	0.00909
72	0.01654	0.09051	0.25110	0.01700	0.10471	0.01465	0.01535	0.09175	0.06725	0.09655	0.01668	0.03623	0.03507	0.00710	0.00601	0.00184	0.00712	0.00575	0.00433	0.11446
73	0.00856	0.00661	0.00784	0.00785	0.00947	0.00599	0.00576	0.01117	0.03521	0.02120	0.34624	0.18230	0.29729	0.01549	0.00771	0.00220	0.00331	0.01347	0.00650	0.00583
74	0.01598	0.01371	0.02628	0.01949	0.02427	0.01317	0.40911	0.04074	0.01539	0.09772	0.01687	0.04543	0.01310	0.00697	0.00727	0.00204	0.03407	0.00740	0.18274	0.00825
75	0.06219	0.01779	0.15517	0.06536	0.06439	0.01457	0.18939	0.14263	0.01750	0.09008	0.05418	0.06660	0.01497	0.00771	0.00673	0.00209	0.00794	0.00713	0.00457	0.00901
76	0.01624	0.01649	0.05810	0.23107	0.29493	0.09187	0.01691	0.06562	0.06314	0.03735	0.01395	0.04080	0.01135	0.00692	0.00642	0.00201	0.00806	0.00607	0.00374	0.00896
77	0.01440	0.01375	0.01497	0.01684	0.14261	0.14047	0.01097	0.06793	0.01548	0.01991	0.06992	0.18065	0.06063	0.01458	0.06822	0.00283	0.07028	0.03132	0.03694	0.00729
78	0.43239	0.08459	0.01683	0.01523	0.11113	0.14116	0.03474	0.04184	0.03106	0.02448	0.01035	0.01214	0.00830	0.00614	0.00491	0.00189	0.00694	0.00422	0.00378	0.00789
79	0.00977	0.00757	0.00977	0.01123	0.08148	0.00698	0.00739	0.01230	0.03042	0.03963	0.20545	0.19344	0.29711	0.01503	0.00764	0.00224	0.00398	0.04620	0.00605	0.00632
80	0.01833	0.12099	0.04686	0.01946	0.12342	0.20390	0.10548	0.09881	0.07277	0.02145	0.04536	0.01801	0.04125	0.00729	0.00664	0.00189	0.02940	0.00595	0.00407	0.00868

[dist]
# distance from previous block
# <min> <max>
0	7

[block]
# block no. 1 follows, 34 sequences, length 38
# corresponding to MSA columns:
# 133-170
name=unknown_B
#
# <colnr> <probs for GDERKNQSTAVLIFYWHMCP>
#	G	D	E	R	K	N	Q	S	T	A	V	L	I	F	Y	W	H	M	C	P
0	0.03707	0.07782	0.04563	0.01302	0.03327	0.01261	0.01089	0.13488	0.06276	0.02287	0.02519	0.16553	0.02598	0.01344	0.00802	0.00245	0.03830	0.25733	0.00541	0.00752
1	0.01865	0.03282	0.11011	0.08084	0.13443	0.13215	0.01499	0.20446	0.06945	0.03978	0.01602	0.01863	0.03458	0.00770	0.00697	0.00201	0.03759	0.02511	0.00449	0.00924
2	0.04003	0.01230	0.01362	0.01290	0.03401	0.10193	0.00971	0.07164	0.01298	0.01784	0.01446	0.02147	0.01346	0.09634	0.30194	0.03997	0.14266	0.00627	0.02995	0.00651
3	0.00861	0.00672	0.00729	0.00710	0.00924	0.00580	0.00537	0.01051	0.01515	0.04190	0.15461	0.05723	0.58039	0.01713	0.04178	0.00253	0.00396	0.01282	0.00610	0.00574
4	0.02264	0.14217	0.02087	0.04716	0.02051	0.51251	0.01247	0.11223	0.01884	0.01894	0.01061	0.01219	0.00867	0.00662	0.00568	0.00168	0.01022	0.00433	0.00363	0.00805
5	0.02008	0.04562	0.03069	0.01120	0.01640	0.03832	0.00934	0.08887	0.03770	0.26324	0.01935	0.01887	0.04532	0.00693	0.00575	0.00156	0.00563	0.00549	0.00558	0.32404
6	0.01879	0.39631	0.11085	0.01479	0.02035	0.17928	0.06951	0.08637	0.01611	0.01880	0.01045	0.01208	0.00866	0.00605	0.00524	0.00164	0.00858	0.00432	0.00327	0.00855
7	0.05349	0.61155	0.02892	0.01101	0.01578	0.05283	0.01044	0.01847	0.01300	0.01592	0.01104	0.05091	0.01062	0.00964	0.06113	0.00217	0.00765	0.00452	0.00307	0.00785
8	0.01722	0.58989	0.10154	0.01203	0.01774	0.02283	0.01218	0.02155	0.08749	0.04787	0.01176	0.01263	0.00981	0.00603	0.00470	0.00156	0.00693	0.00412	0.00338	0.00874
9	0.01220	0.01148	0.01938	0.75739	0.04450	0.01436	0.01794	0.01651	0.01292	0.01651	0.01148	0.01723	0.00861	0.00646	0.00646	0.00215	0.00861	0.00574	0.00287	0.00718
10	0.00905	0.00660	0.00850	0.00803	0.00959	0.00606	0.00602	0.01201	0.01806	0.02537	0.68665	0.04916	0.10386	0.01341	0.00762	0.00204	0.00306	0.01181	0.00704	0.00606
11	0.00795	0.00580	0.00752	0.00885	0.00947	0.00537	0.00606	0.00922	0.01274	0.01672	0.03891	0.65948	0.11976	0.01970	0.00821	0.00259	0.00379	0.04656	0.00600	0.00530
12	0.00923	0.00692	0.01038	0.01038	0.01154	0.00808	0.00808	0.01154	0.01038	0.01500	0.01731	0.02538	0.01615	0.04846	0.74732	0.01038	0.01731	0.00692	0.00346	0.00577
13	0.00885	0.00659	0.00823	0.00782	0.00947	0.00597	0.00586	0.01162	0.01759	0.02425	0.59922	0.05099	0.19199	0.01383	0.00762	0.00206	0.00309	0.01207	0.00689	0.00597
14	0.00940	0.00626	0.00705	0.00705	0.00705	0.00626	0.00392	0.00940	0.00940	0.01253	0.02036	0.04228	0.02349	0.77292	0.03289	0.00626	0.00626	0.00940	0.00392	0.00392
15	0.00891	0.00660	0.00811	0.00862	0.01016	0.00613	0.00655	0.01074	0.01379	0.03649	0.06089	0.24365	0.32606	0.02115	0.09637	0.00339	0.00553	0.11542	0.00577	0.00567
16	0.01204	0.00602	0.00602	0.00602	0.00753	0.00602	0.00452	0.01506	0.01355	0.02409	0.02108	0.02409	0.01656	0.00753	0.00452	0.00151	0.00301	0.00602	0.80879	0.00602
17	0.01708	0.04251	0.01620	0.05191	0.01864	0.01668	0.01099	0.14007	0.52481	0.02798	0.02343	0.02346	0.01790	0.00866	0.00654	0.00214	0.00571	0.02910	0.00620	0.00998
18	0.01818	0.01783	0.03592	0.06048	0.46227	0.13332	0.04450	0.04213	0.03629	0.06763	0.01318	0.01597	0.01048	0.00622	0.00636	0.00191	0.00828	0.00565	0.00371	0.00967
19	0.01204	0.00602	0.00602	0.00602	0.00753	0.00602	0.00452	0.01506	0.01355	0.02409	0.02108	0.02409	0.01656	0.00753	0.00452	0.00151	0.00301	0.00602	0.80879	0.00602
20	0.05758	0.01463	0.02638	0.05200	0.08005	0.01344	0.34408	0.02016	0.01469	0.08474	0.01341	0.01630	0.01013	0.00559	0.00645	0.00181	0.00816	0.00609	0.00385	0.22048
21	0.08209	0.01190	0.01911	0.63213	0.09990	0.01445	0.01716	0.01700	0.01291	0.01797	0.01133	0.01654	0.00861	0.00636	0.00624	0.00212	0.00822	0.00555	0.00300	0.00742
22	0.01596	0.01560	0.02529	0.10435	0.64178	0.04396	0.01937	0.01976	0.01469	0.02048	0.01201	0.01593	0.01001	0.00586	0.00638	0.00193	0.00792	0.00569	0.00317	0.00985
23	0.27807	0.04475	0.01427	0.01171	0.02792	0.13182	0.00919	0.05254	0.01558	0.23199	0.01635	0.06903	0.01282	0.00770	0.00553	0.00191	0.00634	0.00571	0.00523	0.05153
24	0.21193	0.02428	0.01688	0.01622	0.06942	0.45942	0.01169	0.08157	0.01734	0.02142	0.01037	0.01202	0.00837	0.00653	0.00549	0.00179	0.00941	0.00426	0.00374	0.00787
25	0.08130	0.01752	0.01848	0.01434	0.01936	0.01947	0.01181	0.63272	0.05815	0.03930	0.01550	0.01552	0.01107	0.00767	0.00629	0.00195	0.00687	0.00571	0.00629	0.01067
26	0.00872	0.00659	0.00805	0.00769	0.00939	0.00592	0.00576	0.01138	0.01729	0.02355	0.54359	0.05216	0.24806	0.01409	0.00763	0.00207	0.00311	0.01223	0.00680	0.00592
27	0.01355	0.01314	0.01874	0.43408	0.17454	0.07644	0.01587	0.01725	0.01412	0.01818	0.04608	0.02108	0.05871	0.00732	0.00643	0.00203	0.00784	0.00639	0.04060	0.00760
28	0.01261	0.00686	0.00712	0.00678	0.00853	0.00695	0.00516	0.06035	0.01506	0.02533	0.08180	0.02561	0.02003	0.00803	0.00491	0.00158	0.00328	0.00650	0.68714	0.00635
29	0.00785	0.00647	0.00690	0.00696	0.00890	0.00552	0.00516	0.00963	0.01499	0.01848	0.15000	0.12131	0.58289	0.01628	0.00769	0.00220	0.00328	0.01379	0.00615	0.00552
30	0.01227	0.01338	0.08150	0.69364	0.04308	0.01441	0.01846	0.01685	0.01298	0.01685	0.01149	0.01692	0.00858	0.00643	0.00643	0.00214	0.00869	0.00566	0.00286	0.00738
31	0.74874	0.01199	0.00942	0.00847	0.01225	0.01377	0.00692	0.01841	0.01163	0.02872	0.07113	0.01375	0.01165	0.00662	0.00431	0.00200	0.00483	0.00420	0.00427	0.00692
32	0.00897	0.00650	0.00847	0.00818	0.00960	0.00599	0.00606	0.01179	0.01758	0.02472	0.64020	0.12370	0.07593	0.01402	0.00769	0.00210	0.00313	0.01243	0.00697	0.00599
33	0.01542	0.01414	0.02297	0.17355	0.48660	0.01484	0.01782	0.07804	0.01555	0.02158	0.01400	0.07032	0.01232	0.00711	0.00655	0.00202	0.00753	0.00667	0.00362	0.00935
34	0.01495	0.01429	0.02449	0.15096	0.56800	0.01470	0.03712	0.01877	0.01432	0.02013	0.01329	0.05527	0.01165	0.00661	0.00654	0.00200	0.00771	0.00646	0.00329	0.00945
35	0.04585	0.01936	0.01638	0.04693	0.06483	0.30166	0.01141	0.07776	0.03490	0.08361	0.01782	0.01906	0.07243	0.00796	0.00709	0.00186	0.06226	0.00575	0.05330	0.04976
36	0.01920	0.11434	0.05099	0.02221	0.23188	0.15892	0.02899	0.15538	0.09737	0.02375	0.01356	0.01516	0.01073	0.00661	0.00602	0.00183	0.00804	0.00531	0.00417	0.02556
37	0.04578	0.01803	0.04385	0.08844	0.04920	0.16065	0.01247	0.21167	0.11138	0.07293	0.04636	0.02000	0.01460	0.00791	0.00635	0.00196	0.00753	0.03503	0.00515	0.04074

[dist]
# distance from previous block
# <min> <max>
10	19

[block]
# block no. 2 follows, 34 sequences, length 9
# corresponding to MSA columns:
# 190-198
name=unknown_C
#
# <colnr> <probs for GDERKNQSTAVLIFYWHMCP>
#	G	D	E	R	K	N	Q	S	T	A	V	L	I	F	Y	W	H	M	C	P
0	0.03626	0.12758	0.01740	0.01195	0.01596	0.03450	0.00981	0.25788	0.09845	0.06314	0.09116	0.10233	0.04655	0.00954	0.00633	0.00192	0.00582	0.00770	0.00572	0.04999
1	0.01587	0.01452	0.12508	0.01579	0.07633	0.01105	0.08745	0.06156	0.01602	0.14918	0.08617	0.11519	0.02146	0.02675	0.00740	0.00212	0.00648	0.04785	0.00515	0.10858
2	0.33348	0.03971	0.17964	0.03409	0.02024	0.01520	0.08302	0.06498	0.07454	0.06109	0.01283	0.01421	0.00948	0.00639	0.00544	0.00200	0.00694	0.00489	0.00414	0.02767
3	0.01528	0.01453	0.02422	0.17431	0.55854	0.01521	0.01889	0.02008	0.05723	0.02060	0.01289	0.01672	0.01050	0.00607	0.00642	0.00198	0.00770	0.00585	0.00334	0.00965
4	0.01829	0.31247	0.16848	0.01764	0.11258	0.14804	0.01513	0.10041	0.01633	0.02006	0.01084	0.01256	0.00884	0.00613	0.00539	0.00170	0.00839	0.00441	0.00334	0.00896
5	0.01145	0.09610	0.01131	0.00815	0.00959	0.00949	0.00556	0.05681	0.01171	0.01545	0.02041	0.03606	0.05489	0.54998	0.02488	0.00489	0.00616	0.00834	0.00405	0.05473
6	0.01636	0.08395	0.07476	0.02379	0.16059	0.08431	0.27135	0.04742	0.09684	0.02112	0.01474	0.04879	0.01212	0.00677	0.00669	0.00202	0.00881	0.00676	0.00380	0.00902
7	0.00993	0.00834	0.00861	0.00841	0.01041	0.03863	0.00625	0.05434	0.03512	0.02043	0.17328	0.18295	0.38892	0.01535	0.00757	0.00220	0.00397	0.01309	0.00613	0.00609
8	0.02289	0.11583	0.05206	0.01594	0.01994	0.57539	0.01281	0.07777	0.01844	0.01787	0.01037	0.01189	0.00852	0.00659	0.00570	0.00167	0.01066	0.00424	0.00348	0.00794

[dist]
# distance from previous block
# <min> <max>
7	17

[block]
# block no. 3 follows, 34 sequences, length 6
# corresponding to MSA columns:
# 216-221
name=unknown_D
#
# <colnr> <probs for GDERKNQSTAVLIFYWHMCP>
#	G	D	E	R	K	N	Q	S	T	A	V	L	I	F	Y	W	H	M	C	P
0	0.01951	0.01501	0.03792	0.01541	0.04086	0.04500	0.07178	0.20907	0.05240	0.14883	0.06856	0.01980	0.01558	0.00978	0.03517	0.00237	0.11968	0.00646	0.03411	0.03271
1	0.02414	0.03079	0.01831	0.01665	0.01998	0.74698	0.01248	0.02580	0.01831	0.01581	0.00999	0.01165	0.00832	0.00666	0.00583	0.00166	0.01165	0.00416	0.00333	0.00749
2	0.01627	0.01214	0.01410	0.01062	0.01593	0.01045	0.00851	0.05848	0.12049	0.10886	0.01559	0.01614	0.01193	0.00593	0.00535	0.00132	0.00505	0.00477	0.00488	0.55319
3	0.00955	0.00644	0.00755	0.00777	0.00799	0.00644	0.00488	0.00999	0.01021	0.01354	0.02243	0.04685	0.02553	0.66027	0.02931	0.00577	0.00622	0.11081	0.00422	0.00422
4	0.13730	0.04944	0.05270	0.01270	0.01779	0.04449	0.01095	0.24853	0.02080	0.31477	0.01788	0.01692	0.01206	0.00738	0.00598	0.00194	0.00646	0.00554	0.00625	0.01010
5	0.14402	0.01770	0.01523	0.01284	0.01680	0.19319	0.01015	0.22265	0.06169	0.09105	0.06605	0.04183	0.03776	0.00824	0.00606	0.00191	0.00705	0.00618	0.00540	0.03422

[dist]
# distance from previous block
# <min> <max>
4	11

[block]
# block no. 4 follows, 34 sequences, length 8
# corresponding to MSA columns:
# 233-240
name=unknown_E
#
# <colnr> <probs for GDERKNQSTAVLIFYWHMCP>
#	G	D	E	R	K	N	Q	S	T	A	V	L	I	F	Y	W	H	M	C	P
0	0.08675	0.05282	0.12025	0.01298	0.01788	0.08555	0.01175	0.10905	0.11063	0.19418	0.05261	0.01863	0.01466	0.00820	0.00694	0.03977	0.00671	0.00577	0.00538	0.03949
1	0.02334	0.02831	0.01853	0.01652	0.01973	0.62335	0.01260	0.08456	0.01866	0.01796	0.01034	0.01219	0.00857	0.00714	0.00716	0.00179	0.07350	0.00443	0.00356	0.00776
2	0.01340	0.01148	0.01340	0.00957	0.01531	0.00861	0.00766	0.01627	0.01340	0.02105	0.01148	0.01340	0.00957	0.00479	0.00479	0.00096	0.00479	0.00383	0.00383	0.81242
3	0.00940	0.00626	0.00705	0.00705	0.00705	0.00626	0.00392	0.00940	0.00940	0.01253	0.02036	0.04228	0.02349	0.77292	0.03289	0.00626	0.00626	0.00940	0.00392	0.00392
4	0.14775	0.01671	0.08547	0.01301	0.01807	0.06460	0.01142	0.18442	0.09692	0.26973	0.01831	0.01743	0.01257	0.00744	0.00603	0.00199	0.00656	0.00564	0.00603	0.00991
5	0.01756	0.01495	0.01849	0.05433	0.11078	0.11015	0.09188	0.08906	0.08165	0.11445	0.11119	0.02551	0.08660	0.00855	0.00672	0.00197	0.00695	0.00744	0.00523	0.03655
6	0.07176	0.14315	0.04092	0.01316	0.04392	0.07333	0.01074	0.13267	0.08366	0.16702	0.07523	0.01861	0.01579	0.00740	0.00582	0.00179	0.00635	0.00570	0.00534	0.07762
7	0.04211	0.01429	0.05318	0.01726	0.13447	0.03779	0.03827	0.13979	0.06145	0.21236	0.05539	0.06890	0.05558	0.00909	0.00671	0.00207	0.00638	0.02969	0.00582	0.00940

[dist]
# distance from previous block
# <min> <max>
4	21

[block]
# block no. 5 follows, 34 sequences, length 24
# corresponding to MSA columns:
# 263-286
name=unknown_F
#
# <colnr> <probs for GDERKNQSTAVLIFYWHMCP>
#	G	D	E	R	K	N	Q	S	T	A	V	L	I	F	Y	W	H	M	C	P
0	0.06016	0.07321	0.15996	0.01846	0.11231	0.11410	0.08474	0.09062	0.01621	0.04099	0.03200	0.09299	0.01401	0.00781	0.00624	0.00193	0.00790	0.00662	0.00403	0.05570
1	0.04811	0.10545	0.07395	0.01710	0.12671	0.05778	0.01283	0.19217	0.10382	0.07327	0.06790	0.01821	0.01505	0.00732	0.00604	0.00185	0.00676	0.00582	0.00500	0.05486
2	0.06071	0.01923	0.12190	0.07650	0.06689	0.12245	0.13961	0.05902	0.11005	0.09883	0.03512	0.01763	0.01260	0.00689	0.00641	0.00200	0.00825	0.00601	0.00443	0.02547
3	0.01638	0.04430	0.22073	0.02209	0.21455	0.02931	0.05695	0.06549	0.06797	0.07594	0.03389	0.01680	0.01205	0.00648	0.00621	0.00188	0.00763	0.00563	0.00405	0.09169
4	0.01209	0.00921	0.04707	0.01039	0.01290	0.00779	0.02929	0.01563	0.06044	0.10812	0.18968	0.24465	0.11634	0.01420	0.00756	0.00228	0.00457	0.07225	0.00622	0.02933
5	0.02276	0.01880	0.02160	0.01899	0.10733	0.08112	0.06805	0.51471	0.02626	0.03465	0.01444	0.01539	0.01058	0.00724	0.00649	0.00193	0.00786	0.00581	0.00555	0.01042
6	0.01579	0.01077	0.01455	0.04044	0.04708	0.01019	0.04830	0.08471	0.05323	0.14952	0.05449	0.15536	0.07117	0.01086	0.00688	0.00204	0.00550	0.06507	0.00570	0.14835
7	0.01703	0.01568	0.02540	0.03666	0.64640	0.01592	0.01892	0.10347	0.01661	0.02348	0.01256	0.01593	0.01033	0.00600	0.00640	0.00192	0.00761	0.00576	0.00359	0.01033
8	0.02083	0.01230	0.01408	0.01198	0.01586	0.04256	0.00955	0.02944	0.28872	0.32453	0.10583	0.02734	0.02306	0.00921	0.00672	0.00210	0.00535	0.03367	0.00707	0.00980
9	0.02215	0.01080	0.01452	0.01191	0.01586	0.01012	0.03895	0.07028	0.08176	0.43335	0.02741	0.17321	0.03880	0.01062	0.00693	0.00215	0.00539	0.00915	0.00711	0.00953
10	0.01244	0.01195	0.02086	0.69993	0.04366	0.01451	0.07234	0.01684	0.01310	0.01684	0.01161	0.01724	0.00871	0.00638	0.00655	0.00216	0.00879	0.00589	0.00290	0.00730
11	0.01667	0.01557	0.02569	0.03771	0.67654	0.01572	0.01924	0.07423	0.01595	0.02265	0.01242	0.01595	0.01029	0.00591	0.00640	0.00192	0.00763	0.00576	0.00346	0.01029
12	0.00963	0.01239	0.16413	0.01230	0.01511	0.00823	0.05389	0.01256	0.01308	0.01798	0.04813	0.48182	0.03287	0.01677	0.02772	0.00269	0.00589	0.05327	0.00510	0.00645
13	0.01393	0.01383	0.01939	0.01669	0.01674	0.01930	0.01388	0.01538	0.00992	0.01553	0.00885	0.01461	0.00880	0.01287	0.05178	0.00315	0.72978	0.00571	0.00285	0.00701
14	0.01691	0.63234	0.14057	0.01241	0.01846	0.05428	0.01307	0.01979	0.01342	0.01603	0.00942	0.01092	0.00828	0.00567	0.00452	0.00149	0.00751	0.00369	0.00278	0.00845
15	0.02102	0.01583	0.07600	0.01712	0.10267	0.04071	0.05140	0.21762	0.04251	0.22308	0.01999	0.10843	0.01600	0.00883	0.00670	0.00206	0.00684	0.00752	0.00586	0.00981
16	0.01299	0.01399	0.06996	0.02459	0.24184	0.01237	0.21903	0.01672	0.01412	0.01953	0.02009	0.23817	0.02050	0.01039	0.00738	0.00225	0.00753	0.03632	0.00411	0.00812
17	0.01691	0.03444	0.02094	0.02475	0.35003	0.03542	0.03634	0.03917	0.04151	0.09762	0.01620	0.01806	0.04183	0.00640	0.00606	0.00171	0.00668	0.00574	0.00418	0.19600
18	0.01789	0.64932	0.03093	0.01177	0.01685	0.12086	0.01114	0.01992	0.01372	0.01528	0.00942	0.01109	0.00858	0.00726	0.03167	0.00175	0.00792	0.00368	0.00286	0.00809
19	0.01579	0.01514	0.02585	0.07862	0.69526	0.01530	0.01973	0.01965	0.01462	0.02086	0.01212	0.01606	0.01015	0.00580	0.00640	0.00193	0.00773	0.00576	0.00318	0.01007
20	0.01464	0.04922	0.27107	0.03482	0.17164	0.05589	0.05050	0.04927	0.07138	0.02157	0.05739	0.02044	0.06368	0.00739	0.00637	0.00196	0.00781	0.00629	0.00387	0.03481
21	0.00975	0.00701	0.00867	0.00845	0.00866	0.00768	0.00549	0.01028	0.00962	0.01322	0.01885	0.03697	0.02096	0.58059	0.16154	0.00674	0.06865	0.00865	0.00375	0.00450
22	0.01749	0.58661	0.12913	0.01273	0.01855	0.10911	0.01299	0.02026	0.01381	0.01600	0.00946	0.01097	0.00828	0.00575	0.00462	0.00151	0.00783	0.00372	0.00283	0.00837
23	0.08172	0.01793	0.12010	0.01909	0.15449	0.03186	0.02725	0.23809	0.09229	0.09486	0.01656	0.04871	0.01279	0.00761	0.00631	0.00201	0.00707	0.00623	0.00513	0.00989

[dist]
# distance from previous block
# <min> <max>
0	2

[block]
# block no. 6 follows, 34 sequences, length 16
# corresponding to MSA columns:
# 289-304
name=unknown_G
#
# <colnr> <probs for GDERKNQSTAVLIFYWHMCP>
#	G	D	E	R	K	N	Q	S	T	A	V	L	I	F	Y	W	H	M	C	P
0	0.11480	0.01327	0.08587	0.01126	0.01588	0.01127	0.01004	0.07829	0.06716	0.34762	0.03797	0.02044	0.01523	0.00767	0.00589	0.00194	0.00549	0.00603	0.13447	0.00942
1	0.00938	0.00634	0.00744	0.00744	0.00757	0.00648	0.00440	0.00965	0.00951	0.01282	0.02000	0.04031	0.02263	0.68819	0.11644	0.00675	0.00756	0.00911	0.00386	0.00413
2	0.01558	0.01363	0.02091	0.05480	0.41924	0.01266	0.01497	0.01903	0.01437	0.05618	0.01255	0.01542	0.01022	0.00555	0.00584	0.00159	0.00659	0.00512	0.00364	0.29210
3	0.44983	0.01608	0.01413	0.01168	0.01609	0.10013	0.03106	0.19105	0.01694	0.02957	0.01102	0.01229	0.00840	0.00641	0.00499	0.00188	0.00646	0.00430	0.00450	0.06318
4	0.00948	0.00698	0.00958	0.00946	0.01016	0.00790	0.00684	0.01094	0.01002	0.01415	0.01804	0.03092	0.01845	0.30339	0.46571	0.00863	0.04286	0.00775	0.00360	0.00516
5	0.00962	0.00673	0.00813	0.00862	0.00917	0.00667	0.00559	0.05717	0.01241	0.01656	0.02813	0.42610	0.03285	0.32101	0.01800	0.00404	0.00499	0.01391	0.00520	0.00511
6	0.00794	0.00567	0.00755	0.00895	0.00939	0.00529	0.00600	0.00916	0.01267	0.01696	0.07013	0.73286	0.04364	0.01989	0.00822	0.00259	0.00371	0.01804	0.00605	0.00529
7	0.00928	0.00673	0.00942	0.00942	0.01024	0.00755	0.00687	0.01092	0.01010	0.01428	0.01819	0.03027	0.01828	0.25814	0.54054	0.00919	0.01411	0.00764	0.00359	0.00523
8	0.00914	0.00660	0.00864	0.00813	0.00965	0.00610	0.00610	0.01219	0.01829	0.02591	0.72921	0.04827	0.06097	0.01321	0.00762	0.00203	0.00305	0.01169	0.00711	0.00610
9	0.01336	0.10198	0.67437	0.01774	0.02692	0.01598	0.02269	0.02036	0.01359	0.01998	0.01135	0.01334	0.00819	0.00608	0.00595	0.00198	0.00931	0.00465	0.00273	0.00943
10	0.04812	0.02866	0.56019	0.01913	0.04699	0.01473	0.10650	0.02006	0.01388	0.02105	0.03190	0.01501	0.00992	0.00620	0.00624	0.00203	0.00915	0.00527	0.00302	0.03199
11	0.01296	0.03342	0.73944	0.01842	0.02797	0.01501	0.02387	0.02046	0.01364	0.02046	0.01160	0.01364	0.00818	0.00614	0.00614	0.00205	0.00955	0.00477	0.00273	0.00955
12	0.02119	0.01594	0.01792	0.09408	0.02165	0.01789	0.01222	0.42572	0.21075	0.06681	0.01840	0.01827	0.01328	0.00790	0.00649	0.00203	0.00667	0.00623	0.00618	0.01038
13	0.00940	0.00626	0.00705	0.00705	0.00705	0.00626	0.00392	0.00940	0.00940	0.01253	0.02036	0.04228	0.02349	0.77292	0.03289	0.00626	0.00626	0.00940	0.00392	0.00392
14	0.01608	0.01584	0.02575	0.06927	0.56858	0.04405	0.07331	0.02097	0.06311	0.02106	0.01308	0.01655	0.01070	0.00601	0.00649	0.00196	0.00795	0.00595	0.00342	0.00986
15	0.05776	0.02824	0.01808	0.01626	0.01942	0.63203	0.01237	0.04894	0.01776	0.01724	0.01002	0.01194	0.00837	0.00704	0.00699	0.00178	0.07048	0.00431	0.00343	0.00756

[dist]
# distance from previous block
# <min> <max>
0	1

[block]
# block no. 7 follows, 34 sequences, length 23
# corresponding to MSA columns:
# 306-328
name=unknown_H
#
# <colnr> <probs for GDERKNQSTAVLIFYWHMCP>
#	G	D	E	R	K	N	Q	S	T	A	V	L	I	F	Y	W	H	M	C	P
0	0.01499	0.01395	0.02126	0.02832	0.43396	0.01436	0.03928	0.02238	0.19707	0.02241	0.04168	0.02347	0.08268	0.00775	0.00664	0.00203	0.00657	0.00714	0.00445	0.00961
1	0.01340	0.01148	0.01340	0.00957	0.01531	0.00861	0.00766	0.01627	0.01340	0.02105	0.01148	0.01340	0.00957	0.00479	0.00479	0.00096	0.00479	0.00383	0.00383	0.81242
2	0.01840	0.64037	0.07478	0.01156	0.01727	0.02301	0.01165	0.02086	0.01380	0.10127	0.01110	0.01195	0.00920	0.00586	0.00455	0.00150	0.00690	0.00390	0.00338	0.00869
3	0.01385	0.01366	0.01902	0.01636	0.01636	0.01897	0.01352	0.01518	0.00987	0.01537	0.00920	0.01585	0.00939	0.05757	0.02191	0.00304	0.71525	0.00588	0.00289	0.00688
4	0.00787	0.00562	0.00750	0.00900	0.00937	0.00525	0.00600	0.00900	0.01237	0.01649	0.03561	0.76871	0.04274	0.02024	0.00825	0.00262	0.00375	0.01837	0.00600	0.00525
5	0.01583	0.01581	0.02884	0.03693	0.57903	0.01557	0.17133	0.02002	0.01483	0.02102	0.01236	0.01631	0.01014	0.00569	0.00667	0.00198	0.00838	0.00617	0.00321	0.00990
6	0.00786	0.00567	0.00745	0.00887	0.00934	0.00526	0.00594	0.00901	0.01250	0.01655	0.03719	0.73130	0.07912	0.02004	0.00821	0.00260	0.00372	0.01812	0.00600	0.00526
7	0.01340	0.01148	0.01340	0.00957	0.01531	0.00861	0.00766	0.01627	0.01340	0.02105	0.01148	0.01340	0.00957	0.00479	0.00479	0.00096	0.00479	0.00383	0.00383	0.81242
8	0.01617	0.01699	0.06478	0.03753	0.66427	0.04606	0.01974	0.02012	0.01481	0.02085	0.01203	0.01568	0.01004	0.00582	0.00636	0.00192	0.00795	0.00564	0.00318	0.01008
9	0.02414	0.03079	0.01831	0.01665	0.01998	0.74698	0.01248	0.02580	0.01831	0.01581	0.00999	0.01165	0.00832	0.00666	0.00583	0.00166	0.01165	0.00416	0.00333	0.00749
10	0.00793	0.00572	0.00751	0.00883	0.00936	0.00530	0.00595	0.00918	0.01280	0.01704	0.07380	0.69591	0.07740	0.01968	0.00818	0.00257	0.00369	0.01778	0.00606	0.00530
11	0.01599	0.01535	0.02623	0.03966	0.73262	0.01535	0.01983	0.01983	0.01471	0.02111	0.01215	0.01599	0.01023	0.00576	0.00640	0.00192	0.00768	0.00576	0.00320	0.01023
12	0.00764	0.00655	0.00655	0.00655	0.00873	0.00545	0.00491	0.00927	0.01473	0.01745	0.06546	0.06218	0.73000	0.01636	0.00764	0.00218	0.00327	0.01364	0.00600	0.00545
13	0.01784	0.67603	0.05517	0.01187	0.01730	0.09934	0.01162	0.02005	0.01368	0.01544	0.00917	0.01060	0.00829	0.00566	0.00438	0.00143	0.00748	0.00357	0.00282	0.00825
14	0.01608	0.04017	0.05561	0.06119	0.61011	0.04465	0.03867	0.01999	0.01472	0.02052	0.01195	0.01563	0.00995	0.00582	0.00633	0.00191	0.00801	0.00563	0.00316	0.00989
15	0.01716	0.14590	0.27860	0.01524	0.02154	0.06979	0.01576	0.14071	0.18661	0.02428	0.01525	0.01580	0.01146	0.00698	0.00595	0.00193	0.00780	0.00530	0.00433	0.00961
16	0.02743	0.01105	0.01478	0.01143	0.01621	0.00978	0.00940	0.06351	0.01906	0.65499	0.07245	0.02345	0.01878	0.00834	0.00657	0.00200	0.00541	0.00681	0.00786	0.01067
17	0.00805	0.00573	0.00754	0.00881	0.00923	0.00537	0.00586	0.00922	0.01253	0.01679	0.07669	0.67526	0.04253	0.07130	0.00989	0.00284	0.00388	0.01735	0.00592	0.00521
18	0.01541	0.45583	0.33851	0.01423	0.02150	0.02101	0.01659	0.01983	0.01335	0.01747	0.01011	0.01178	0.00825	0.00579	0.00501	0.00167	0.00805	0.00402	0.00275	0.00883
19	0.00887	0.00598	0.00790	0.00893	0.00967	0.00552	0.00612	0.01028	0.01334	0.04721	0.11111	0.63701	0.06609	0.01885	0.00809	0.00252	0.00373	0.01700	0.00620	0.00558
20	0.04760	0.09080	0.01790	0.01328	0.01770	0.08677	0.01078	0.20987	0.29356	0.07677	0.01879	0.01815	0.01400	0.00763	0.00605	0.00191	0.00645	0.00587	0.00573	0.05039
21	0.28224	0.11052	0.08748	0.01095	0.01571	0.06416	0.00996	0.04246	0.01455	0.10617	0.07834	0.01761	0.03502	0.00711	0.00524	0.00180	0.00603	0.00516	0.00453	0.09493
22	0.06734	0.35169	0.28061	0.01406	0.02068	0.05807	0.01542	0.04465	0.05782	0.01959	0.01126	0.01263	0.00897	0.00611	0.00516	0.00174	0.00787	0.00428	0.00322	0.00883

[dist]
# distance from previous block
# <min> <max>
0	6

[block]
# block no. 8 follows, 34 sequences, length 56
# corresponding to MSA columns:
# 335-390
name=unknown_I
#
# <colnr> <probs for GDERKNQSTAVLIFYWHMCP>
#	G	D	E	R	K	N	Q	S	T	A	V	L	I	F	Y	W	H	M	C	P
0	0.01658	0.22520	0.33828	0.01491	0.02185	0.01806	0.01656	0.11565	0.07448	0.05625	0.03482	0.01532	0.01150	0.00671	0.00575	0.00186	0.00776	0.00506	0.00394	0.00943
1	0.01876	0.32722	0.14170	0.01340	0.01898	0.05834	0.01309	0.19465	0.01809	0.06275	0.01391	0.06635	0.01181	0.00742	0.00557	0.00177	0.00734	0.00552	0.00424	0.00907
2	0.01030	0.04128	0.00960	0.00927	0.01050	0.00678	0.00657	0.01165	0.01280	0.06945	0.03144	0.57472	0.03616	0.06478	0.00932	0.00268	0.00430	0.03591	0.00576	0.04675
3	0.12377	0.12388	0.43939	0.01596	0.04391	0.03293	0.01806	0.03965	0.01392	0.02130	0.01372	0.01653	0.03620	0.00684	0.00574	0.00197	0.00816	0.02603	0.00327	0.00879
4	0.04716	0.01817	0.09302	0.03060	0.47394	0.07049	0.01777	0.10079	0.01657	0.02311	0.01412	0.01683	0.03569	0.00649	0.00629	0.00193	0.00783	0.00575	0.00367	0.00976
5	0.04464	0.32146	0.02431	0.01453	0.03905	0.31579	0.01184	0.08625	0.05275	0.01898	0.01096	0.01222	0.00915	0.00638	0.00522	0.00162	0.00872	0.00422	0.00358	0.00833
6	0.01560	0.01378	0.01682	0.01296	0.03850	0.06422	0.07699	0.04079	0.01479	0.05765	0.01239	0.01424	0.00989	0.00527	0.00533	0.00124	0.00608	0.00448	0.00402	0.58496
7	0.00875	0.00671	0.00740	0.00728	0.00936	0.00578	0.00552	0.01072	0.01547	0.04333	0.18907	0.07917	0.53245	0.01565	0.00766	0.00219	0.00342	0.03800	0.00628	0.00578
8	0.01557	0.01638	0.07755	0.07472	0.60019	0.01532	0.01944	0.02059	0.05794	0.02118	0.01295	0.01638	0.01058	0.00601	0.00639	0.00196	0.00771	0.00578	0.00335	0.01002
9	0.00819	0.00585	0.00785	0.00929	0.00982	0.00551	0.00648	0.00958	0.01283	0.01710	0.05696	0.67033	0.04269	0.01976	0.00830	0.00264	0.00397	0.09147	0.00603	0.00535
10	0.01727	0.77681	0.03386	0.01106	0.01658	0.02557	0.01106	0.01935	0.01313	0.01520	0.00898	0.01036	0.00829	0.00553	0.00415	0.00138	0.00691	0.00345	0.00276	0.00829
11	0.01340	0.01148	0.01340	0.00957	0.01531	0.00861	0.00766	0.01627	0.01340	0.02105	0.01148	0.01340	0.00957	0.00479	0.00479	0.00096	0.00479	0.00383	0.00383	0.81242
12	0.01281	0.01247	0.01933	0.71976	0.04326	0.05157	0.01767	0.01698	0.01319	0.01647	0.01141	0.01694	0.00860	0.00647	0.00643	0.00213	0.00877	0.00566	0.00289	0.00719
13	0.01607	0.01388	0.01461	0.01315	0.01680	0.01607	0.01023	0.03433	0.72094	0.02703	0.02630	0.02411	0.01972	0.00877	0.00657	0.00219	0.00511	0.00731	0.00657	0.01023
14	0.01296	0.03342	0.73944	0.01842	0.02797	0.01501	0.02387	0.02046	0.01364	0.02046	0.01160	0.01364	0.00818	0.00614	0.00614	0.00205	0.00955	0.00477	0.00273	0.00955
15	0.01563	0.01498	0.02557	0.10857	0.66655	0.01526	0.01965	0.01951	0.01454	0.02067	0.01209	0.01611	0.01008	0.00582	0.00640	0.00194	0.00777	0.00576	0.00317	0.00994
16	0.00786	0.00568	0.00744	0.00884	0.00933	0.00526	0.00593	0.00901	0.01252	0.01656	0.03752	0.72361	0.08660	0.02000	0.00821	0.00260	0.00372	0.01807	0.00600	0.00526
17	0.02443	0.01725	0.01867	0.01436	0.01940	0.01890	0.01185	0.64484	0.02907	0.08446	0.01633	0.01621	0.01149	0.00776	0.00640	0.00193	0.00687	0.00587	0.03309	0.01082
18	0.01593	0.01553	0.02723	0.03861	0.67383	0.01544	0.07781	0.01990	0.01476	0.02107	0.01223	0.01611	0.01020	0.00573	0.00650	0.00194	0.00795	0.00591	0.00320	0.01011
19	0.00940	0.00626	0.00705	0.00705	0.00705	0.00626	0.00392	0.00940	0.00940	0.01253	0.02036	0.04228	0.02349	0.77292	0.03289	0.00626	0.00626	0.00940	0.00392	0.00392
20	0.00787	0.00562	0.00750	0.00900	0.00937	0.00525	0.00600	0.00900	0.01237	0.01649	0.03561	0.76871	0.04274	0.02024	0.00825	0.00262	0.00375	0.01837	0.00600	0.00525
21	0.01727	0.77681	0.03386	0.01106	0.01658	0.02557	0.01106	0.01935	0.01313	0.01520	0.00898	0.01036	0.00829	0.00553	0.00415	0.00138	0.00691	0.00345	0.00276	0.00829
22	0.01727	0.77681	0.03386	0.01106	0.01658	0.02557	0.01106	0.01935	0.01313	0.01520	0.00898	0.01036	0.00829	0.00553	0.00415	0.00138	0.00691	0.00345	0.00276	0.00829
23	0.01655	0.65218	0.15215	0.01229	0.01849	0.02380	0.01320	0.01953	0.01321	0.01608	0.00942	0.01091	0.00827	0.00563	0.00448	0.00149	0.00735	0.00368	0.00276	0.00850
24	0.01049	0.00810	0.00975	0.00908	0.01108	0.00812	0.00688	0.01660	0.16311	0.02567	0.54721	0.04405	0.08968	0.01247	0.00741	0.00207	0.00349	0.01089	0.00694	0.00691
25	0.00940	0.00626	0.00705	0.00705	0.00705	0.00626	0.00392	0.00940	0.00940	0.01253	0.02036	0.04228	0.02349	0.77292	0.03289	0.00626	0.00626	0.00940	0.00392	0.00392
