[name]
unknown

[dist]
# distance from previous block
# <min> <max>
0	33

[block]
# block no. 0 follows, 34 sequences, length 23
# corresponding to MSA columns:
# 33-55
name=unknown_A
#
# <colnr> <probs for GDERKNQSTAVLIFYWHMCP>
#	G	D	E	R	K	N	Q	S	T	A	V	L	I	F	Y	W	H	M	C	P
0	0.08801	0.00999	0.01281	0.01338	0.06724	0.01006	0.01022	0.05756	0.05766	0.15487	0.05976	0.06684	0.04918	0.01278	0.00745	0.00245	0.00564	0.30023	0.00607	0.00780
1	0.07814	0.01328	0.01590	0.01422	0.09347	0.01250	0.01019	0.18476	0.01803	0.11631	0.01502	0.04377	0.01186	0.00668	0.00565	0.00157	0.00572	0.00538	0.00501	0.34255
2	0.01326	0.01257	0.02130	0.55653	0.23707	0.01463	0.01847	0.01744	0.01342	0.01780	0.01167	0.01688	0.00907	0.00626	0.00644	0.00209	0.00835	0.00575	0.00296	0.00803
3	0.00817	0.00653	0.00731	0.00719	0.00907	0.00567	0.00536	0.01028	0.01588	0.02037	0.29587	0.08415	0.47052	0.01541	0.00765	0.00215	0.00321	0.01314	0.00639	0.00567
4	0.01386	0.01125	0.01253	0.01133	0.01419	0.01237	0.00873	0.07107	0.39734	0.02708	0.27099	0.06574	0.03455	0.01077	0.00701	0.00214	0.00447	0.00923	0.00673	0.00861
5	0.00914	0.00660	0.00864	0.00813	0.00965	0.00610	0.00610	0.01219	0.01829	0.02591	0.72921	0.04827	0.06097	0.01321	0.00762	0.00203	0.00305	0.01169	0.00711	0.00610
6	0.00787	0.00562	0.00750	0.00900	0.00937	0.00525	0.00600	0.00900	0.01237	0.01649	0.03561	0.76871	0.04274	0.02024	0.00825	0.00262	0.00375	0.01837	0.00600	0.00525
7	0.00764	0.00655	0.00655	0.00655	0.00873	0.00545	0.00491	0.00927	0.01473	0.01745	0.06546	0.06218	0.73000	0.01636	0.00764	0.00218	0.00327	0.01364	0.00600	0.00545
8	0.02456	0.01810	0.01939	0.01487	0.02004	0.02004	0.01228	0.71107	0.03038	0.04072	0.01551	0.01551	0.01099	0.00776	0.00646	0.00194	0.00711	0.00582	0.00646	0.01099
9	0.81856	0.01250	0.00950	0.00850	0.01250	0.01449	0.00700	0.01899	0.01100	0.02899	0.00900	0.01050	0.00700	0.00600	0.00400	0.00200	0.00500	0.00350	0.00400	0.00700
10	0.02456	0.01810	0.01939	0.01487	0.02004	0.02004	0.01228	0.71107	0.03038	0.04072	0.01551	0.01551	0.01099	0.00776	0.00646	0.00194	0.00711	0.00582	0.00646	0.01099
11	0.81856	0.01250	0.00950	0.00850	0.01250	0.01449	0.00700	0.01899	0.01100	0.02899	0.00900	0.01050	0.00700	0.00600	0.00400	0.00200	0.00500	0.00350	0.00400	0.00700
12	0.02456	0.01810	0.01939	0.01487	0.02004	0.02004	0.01228	0.71107	0.03038	0.04072	0.01551	0.01551	0.01099	0.00776	0.00646	0.00194	0.00711	0.00582	0.00646	0.01099
13	0.02414	0.03079	0.01831	0.01665	0.01998	0.74698	0.01248	0.02580	0.01831	0.01581	0.00999	0.01165	0.00832	0.00666	0.00583	0.00166	0.01165	0.00416	0.00333	0.00749
14	0.00787	0.00562	0.00750	0.00900	0.00937	0.00525	0.00600	0.00900	0.01237	0.01649	0.03561	0.76871	0.04274	0.02024	0.00825	0.00262	0.00375	0.01837	0.00600	0.00525
15	0.01525	0.01743	0.03813	0.02723	0.03377	0.01634	0.70915	0.02070	0.01525	0.02070	0.01307	0.01743	0.00980	0.00545	0.00763	0.00218	0.01089	0.00763	0.00327	0.00871
16	0.02847	0.01183	0.01551	0.01189	0.01691	0.01074	0.00982	0.11157	0.01989	0.65504	0.02432	0.02123	0.01540	0.00797	0.00649	0.00199	0.00569	0.00642	0.00782	0.01100
17	0.00787	0.00562	0.00750	0.00900	0.00937	0.00525	0.00600	0.00900	0.01237	0.01649	0.03561	0.76871	0.04274	0.02024	0.00825	0.00262	0.00375	0.01837	0.00600	0.00525
18	0.00767	0.00641	0.00668	0.00690	0.00882	0.00542	0.00507	0.00923	0.01439	0.01732	0.06114	0.16425	0.63071	0.01692	0.00772	0.00225	0.00334	0.01432	0.00600	0.00542
19	0.01787	0.71159	0.03250	0.01154	0.01688	0.08864	0.01118	0.01991	0.01358	0.01526	0.00907	0.01048	0.00829	0.00563	0.00429	0.00141	0.00732	0.00352	0.00281	0.00822
20	0.02899	0.01100	0.01499	0.01150	0.01649	0.00950	0.00950	0.03149	0.01849	0.73709	0.02549	0.02199	0.01599	0.00800	0.00650	0.00200	0.00550	0.00650	0.00800	0.01100
21	0.01506	0.01802	0.10344	0.07606	0.24762	0.01578	0.38632	0.02015	0.01478	0.02054	0.01254	0.01660	0.00970	0.00567	0.00703	0.00208	0.00963	0.00665	0.00317	0.00917
22	0.01957	0.04031	0.06426	0.08824	0.22682	0.03564	0.05154	0.11725	0.03864	0.19181	0.01839	0.01942	0.04424	0.00722	0.00646	0.00198	0.00727	0.00626	0.00494	0.00976

[dist]
# distance from previous block
# <min> <max>
3	8

[block]
# block no. 1 follows, 34 sequences, length 85
# corresponding to MSA columns:
# 64-148
name=unknown_B
#
# <colnr> <probs for GDERKNQSTAVLIFYWHMCP>
#	G	D	E	R	K	N	Q	S	T	A	V	L	I	F	Y	W	H	M	C	P
0	0.01491	0.17982	0.25614	0.05151	0.12311	0.01754	0.09006	0.04535	0.04197	0.01987	0.01391	0.01626	0.03767	0.00681	0.00702	0.00197	0.05831	0.00552	0.00329	0.00895
1	0.00792	0.00648	0.00673	0.00676	0.00858	0.00557	0.00487	0.00939	0.01411	0.01713	0.08413	0.08659	0.58915	0.11114	0.01082	0.00270	0.00366	0.01321	0.00578	0.00528
2	0.01162	0.00828	0.00979	0.00897	0.01111	0.00829	0.00686	0.04626	0.12755	0.04445	0.45661	0.04064	0.08541	0.01172	0.00705	0.00200	0.00362	0.01013	0.09261	0.00703
3	0.02016	0.01566	0.01911	0.15671	0.07059	0.04534	0.03180	0.36874	0.02260	0.07169	0.04539	0.01781	0.01290	0.00765	0.00699	0.00200	0.03522	0.00608	0.03408	0.00949
4	0.00914	0.00660	0.00864	0.00813	0.00965	0.00610	0.00610	0.01219	0.01829	0.02591	0.72921	0.04827	0.06097	0.01321	0.00762	0.00203	0.00305	0.01169	0.00711	0.00610
5	0.00793	0.00656	0.00695	0.00685	0.00891	0.00558	0.00514	0.00984	0.01542	0.01910	0.19490	0.05947	0.59952	0.01575	0.00763	0.00215	0.00323	0.01326	0.00622	0.00558
6	0.02456	0.01810	0.01939	0.01487	0.02004	0.02004	0.01228	0.71107	0.03038	0.04072	0.01551	0.01551	0.01099	0.00776	0.00646	0.00194	0.00711	0.00582	0.00646	0.01099
7	0.02456	0.01810	0.01939	0.01487	0.02004	0.02004	0.01228	0.71107	0.03038	0.04072	0.01551	0.01551	0.01099	0.00776	0.00646	0.00194	0.00711	0.00582	0.00646	0.01099
8	0.02456	0.01810	0.01939	0.01487	0.02004	0.02004	0.01228	0.71107	0.03038	0.04072	0.01551	0.01551	0.01099	0.00776	0.00646	0.00194	0.00711	0.00582	0.00646	0.01099
9	0.01701	0.01458	0.02444	0.03566	0.63396	0.01442	0.01828	0.02068	0.01522	0.09187	0.04131	0.01784	0.01277	0.00627	0.00645	0.00193	0.00728	0.00606	0.00382	0.01015
10	0.01754	0.01828	0.02473	0.03530	0.59755	0.15402	0.01844	0.02096	0.01539	0.02011	0.01174	0.01517	0.00987	0.00593	0.00629	0.00187	0.00843	0.00545	0.00322	0.00971
11	0.02899	0.01100	0.01499	0.01150	0.01649	0.00950	0.00950	0.03149	0.01849	0.73709	0.02549	0.02199	0.01599	0.00800	0.00650	0.00200	0.00550	0.00650	0.00800	0.01100
12	0.00924	0.00690	0.01028	0.01028	0.01139	0.00802	0.00794	0.01147	0.01035	0.01492	0.01741	0.02594	0.01639	0.07215	0.72395	0.01025	0.01695	0.00700	0.00348	0.00571
13	0.81856	0.01250	0.00950	0.00850	0.01250	0.01449	0.00700	0.01899	0.01100	0.02899	0.00900	0.01050	0.00700	0.00600	0.00400	0.00200	0.00500	0.00350	0.00400	0.00700
14	0.00786	0.00568	0.00744	0.00885	0.00933	0.00526	0.00593	0.00901	0.01251	0.01655	0.03735	0.72760	0.08272	0.02002	0.00821	0.00260	0.00372	0.01809	0.00600	0.00526
15	0.01456	0.01986	0.24380	0.01680	0.04942	0.01505	0.07408	0.02669	0.36044	0.02390	0.04757	0.02254	0.01709	0.00802	0.00664	0.00215	0.00704	0.02980	0.00496	0.00958
16	0.01220	0.01148	0.01938	0.75739	0.04450	0.01436	0.01794	0.01651	0.01292	0.01651	0.01148	0.01723	0.00861	0.00646	0.00646	0.00215	0.00861	0.00574	0.00287	0.00718
17	0.02887	0.01119	0.01512	0.01159	0.01659	0.00979	0.00957	0.05034	0.01882	0.71777	0.02521	0.02181	0.01586	0.00799	0.00650	0.00200	0.00554	0.00648	0.00795	0.01100
18	0.02287	0.01568	0.09706	0.01466	0.04683	0.03043	0.03065	0.13977	0.08256	0.35641	0.02197	0.02080	0.04116	0.00810	0.00714	0.00205	0.03888	0.00645	0.00631	0.01021
19	0.01861	0.12793	0.05514	0.05092	0.18498	0.20928	0.11116	0.02181	0.01572	0.07863	0.01474	0.01765	0.03612	0.00681	0.00620	0.00187	0.00880	0.02123	0.00371	0.00867
20	0.02308	0.01822	0.01645	0.01397	0.01724	0.27419	0.01106	0.02514	0.01696	0.29797	0.07668	0.01920	0.01580	0.00852	0.00883	0.00202	0.13466	0.00596	0.00539	0.00867
21	0.37209	0.06449	0.01550	0.01347	0.04956	0.27096	0.01018	0.04806	0.01463	0.02300	0.01004	0.01185	0.00816	0.00651	0.00554	0.00186	0.03735	0.00408	0.02514	0.00753
22	0.00769	0.00655	0.00662	0.00660	0.00876	0.00548	0.00495	0.00938	0.01486	0.01777	0.09004	0.06167	0.70521	0.01625	0.00764	0.00218	0.00326	0.01356	0.00604	0.00548
23	0.01416	0.01169	0.01421	0.01140	0.05709	0.00904	0.00844	0.01707	0.01367	0.04914	0.01207	0.01389	0.00986	0.00497	0.00495	0.00105	0.00498	0.00405	0.00395	0.73432
24	0.01750	0.01404	0.01500	0.01318	0.01703	0.01599	0.01034	0.08668	0.62566	0.07024	0.02541	0.02331	0.01882	0.00864	0.00656	0.00216	0.00529	0.00714	0.00665	0.01033
25	0.01493	0.01341	0.02137	0.12437	0.33215	0.01418	0.06330	0.02072	0.11687	0.04923	0.08847	0.02211	0.03659	0.00768	0.00742	0.00208	0.04485	0.00695	0.00429	0.00904
26	0.00881	0.00659	0.00817	0.00778	0.00945	0.00595	0.00583	0.01155	0.01750	0.02404	0.58201	0.05135	0.20933	0.01391	0.00762	0.00207	0.00310	0.01212	0.00687	0.00595
27	0.01397	0.01314	0.02043	0.01718	0.03677	0.01636	0.13299	0.01646	0.01167	0.01827	0.01186	0.01672	0.01035	0.00940	0.01517	0.00243	0.46184	0.00607	0.16169	0.00723
28	0.02456	0.01810	0.01939	0.01487	0.02004	0.02004	0.01228	0.71107	0.03038	0.04072	0.01551	0.01551	0.01099	0.00776	0.00646	0.00194	0.00711	0.00582	0.00646	0.01099
29	0.00787	0.00562	0.00750	0.00900	0.00937	0.00525	0.00600	0.00900	0.01237	0.01649	0.03561	0.76871	0.04274	0.02024	0.00825	0.00262	0.00375	0.01837	0.00600	0.00525
30	0.00925	0.00686	0.01004	0.01004	0.01108	0.00789	0.00765	0.01132	0.01028	0.01475	0.01762	0.02710	0.01690	0.12216	0.67464	0.00997	0.01618	0.00717	0.00351	0.00558
31	0.01690	0.01515	0.01868	0.01833	0.17095	0.06209	0.04161	0.14758	0.03622	0.02452	0.01274	0.01469	0.01018	0.00581	0.00568	0.00148	0.00657	0.00489	0.00420	0.38173
32	0.00942	0.00718	0.01063	0.01052	0.01159	0.00846	0.00816	0.01162	0.01033	0.01493	0.01708	0.02556	0.01612	0.07298	0.69385	0.00995	0.04547	0.00696	0.00345	0.00575
33	0.01730	0.01707	0.01542	0.01457	0.04502	0.17413	0.01078	0.03025	0.48773	0.02428	0.07504	0.02290	0.01997	0.00852	0.00648	0.00205	0.00648	0.00689	0.00578	0.00932
34	0.01605	0.01522	0.05168	0.12865	0.53245	0.01512	0.01880	0.01987	0.01438	0.06266	0.01262	0.01631	0.01019	0.00632	0.00726	0.00201	0.05157	0.00576	0.00340	0.00967
35	0.28058	0.28614	0.04255	0.01153	0.01622	0.03851	0.01043	0.12431	0.01528	0.06181	0.01092	0.01215	0.00869	0.00653	0.00567	0.00181	0.05032	0.00417	0.00402	0.00836
36	0.00780	0.00636	0.00690	0.00717	0.00893	0.00546	0.00522	0.00944	0.01451	0.01789	0.10915	0.20801	0.53683	0.01693	0.00776	0.00226	0.00335	0.01447	0.00608	0.00546
37	0.04084	0.06584	0.03786	0.01106	0.01647	0.01172	0.00941	0.10571	0.01694	0.22269	0.03360	0.01664	0.01262	0.00638	0.00551	0.00148	0.00552	0.00501	0.00529	0.36939
38	0.01596	0.01545	0.02679	0.03908	0.69974	0.01540	0.05226	0.01987	0.01474	0.02109	0.01220	0.01606	0.01021	0.00574	0.00645	0.00193	0.00783	0.00584	0.00320	0.01016
39	0.04367	0.29673	0.38382	0.01637	0.05330	0.01886	0.03614	0.02052	0.04061	0.01917	0.01120	0.01296	0.00875	0.00598	0.00542	0.00181	0.00823	0.00447	0.00297	0.00904
40	0.01713	0.60698	0.10120	0.03424	0.01926	0.07440	0.03385	0.01987	0.01360	0.01596	0.00950	0.01119	0.00834	0.00569	0.00463	0.00151	0.00767	0.00383	0.00282	0.00834
41	0.01456	0.01329	0.02066	0.09062	0.40586	0.01406	0.01563	0.03791	0.09111	0.02242	0.14282	0.02267	0.02018	0.00786	0.00751	0.00204	0.05047	0.00699	0.00430	0.00906
42	0.01632	0.01805	0.22175	0.01588	0.06704	0.03159	0.05446	0.05789	0.07048	0.15107	0.16833	0.02614	0.03955	0.00870	0.00676	0.00205	0.00677	0.02289	0.00531	0.00897
43	0.22529	0.01582	0.08569	0.01930	0.18352	0.04481	0.06607	0.02350	0.01499	0.23797	0.01528	0.01609	0.01083	0.00654	0.00586	0.00198	0.00693	0.00538	0.00481	0.00934
44	0.01234	0.01141	0.01911	0.70134	0.06854	0.01407	0.01749	0.01657	0.01301	0.01698	0.01189	0.01745	0.00899	0.00648	0.00638	0.00212	0.00836	0.00575	0.03449	0.00725
45	0.02207	0.01346	0.04928	0.03934	0.09521	0.01217	0.07626	0.09497	0.05273	0.36744	0.06342	0.02297	0.04426	0.00804	0.00668	0.00203	0.00641	0.00698	0.00631	0.00999
46	0.01478	0.04515	0.24663	0.07262	0.08624	0.07212	0.09690	0.03564	0.01469	0.06191	0.01815	0.12416	0.04501	0.00880	0.00706	0.00211	0.02807	0.00763	0.00390	0.00840
47	0.02732	0.01071	0.01431	0.01114	0.01583	0.00944	0.00914	0.03034	0.03984	0.66154	0.02518	0.02222	0.01615	0.00799	0.00635	0.00197	0.00530	0.00649	0.06816	0.01060
48	0.01220	0.01148	0.01938	0.75739	0.04450	0.01436	0.01794	0.01651	0.01292	0.01651	0.01148	0.01723	0.00861	0.00646	0.00646	0.00215	0.00861	0.00574	0.00287	0.00718
49	0.01370	0.01321	0.01569	0.11537	0.03869	0.10597	0.08271	0.07292	0.06926	0.02180	0.16756	0.03427	0.20139	0.01045	0.00703	0.00206	0.00640	0.00901	0.00516	0.00735
50	0.01564	0.01684	0.07801	0.19647	0.17298	0.04885	0.26070	0.04060	0.01530	0.05104	0.03196	0.01752	0.01109	0.00623	0.00684	0.00207	0.00911	0.00646	0.00353	0.00876
51	0.00938	0.00634	0.00743	0.00743	0.00757	0.00647	0.00440	0.00964	0.00951	0.01281	0.02001	0.04033	0.02264	0.68908	0.11557	0.00674	0.00754	0.00911	0.00386	0.00413
52	0.01336	0.10191	0.67444	0.01774	0.02692	0.01598	0.02269	0.02036	0.01359	0.01998	0.01135	0.01334	0.00819	0.00608	0.00596	0.00199	0.00931	0.00465	0.00273	0.00943
53	0.01497	0.05376	0.21516	0.03889	0.25174	0.06243	0.03731	0.01951	0.02981	0.05834	0.02164	0.02308	0.12995	0.00787	0.00644	0.00198	0.00762	0.00672	0.00385	0.00891
54	0.01667	0.67264	0.13273	0.01209	0.01818	0.02409	0.01285	0.01950	0.01320	0.01594	0.00935	0.01082	0.00828	0.00561	0.00443	0.00148	0.00728	0.00364	0.00276	0.00847
55	0.00787	0.00562	0.00750	0.00900	0.00937	0.00525	0.00600	0.00900	0.01237	0.01649	0.03561	0.76871	0.04274	0.02024	0.00825	0.00262	0.00375	0.01837	0.00600	0.00525
56	0.02829	0.01115	0.01492	0.01148	0.01638	0.00985	0.00947	0.06016	0.01886	0.68594	0.02493	0.02178	0.01580	0.00797	0.00644	0.00198	0.00549	0.00645	0.03182	0.01085
57	0.01603	0.06153	0.22982	0.04391	0.18480	0.01517	0.13049	0.07644	0.01581	0.06912	0.01536	0.01749	0.04071	0.00654	0.00639	0.00194	0.00820	0.00595	0.00378	0.05053
58	0.00974	0.00804	0.02964	0.01037	0.01217	0.00710	0.05950	0.01259	0.04174	0.03902	0.21321	0.38815	0.11190	0.01580	0.00781	0.00235	0.00431	0.01427	0.00607	0.00620
59	0.00835	0.00657	0.00754	0.00730	0.00917	0.00576	0.00547	0.01066	0.01642	0.02148	0.38133	0.05556	0.41161	0.01486	0.00763	0.00211	0.00317	0.01271	0.00653	0.00576
60	0.01055	0.00946	0.01001	0.02919	0.03425	0.10085	0.00787	0.01211	0.01363	0.01712	0.05755	0.55124	0.03679	0.01728	0.00786	0.00247	0.00513	0.06528	0.00553	0.00582
61	0.04216	0.06649	0.27473	0.05102	0.15700	0.04463	0.13656	0.06875	0.01546	0.04592	0.01294	0.03221	0.01008	0.00644	0.00634	0.00200	0.00874	0.00578	0.00350	0.00925
62	0.01592	0.49068	0.08747	0.01246	0.01729	0.04258	0.03657	0.04373	0.01356	0.01675	0.01205	0.05761	0.01153	0.04770	0.03555	0.00222	0.03996	0.00522	0.00321	0.00794
63	0.06155	0.01971	0.12204	0.02717	0.35905	0.09600	0.03568	0.13024	0.01740	0.05175	0.01274	0.01509	0.00990	0.00632	0.00622	0.00193	0.00814	0.00541	0.00389	0.00977
64	0.01340	0.01148	0.01340	0.00957	0.01531	0.00861	0.00766	0.01627	0.01340	0.02105	0.01148	0.01340	0.00957	0.00479	0.00479	0.00096	0.00479	0.00383	0.00383	0.81242
65	0.01727	0.77681	0.03386	0.01106	0.01658	0.02557	0.01106	0.01935	0.01313	0.01520	0.00898	0.01036	0.00829	0.00553	0.00415	0.00138	0.00691	0.00345	0.00276	0.00829
66	0.00802	0.00577	0.00761	0.00883	0.00939	0.00536	0.00598	0.00939	0.01315	0.01767	0.12088	0.66264	0.06275	0.01929	0.00816	0.00254	0.00365	0.01743	0.00613	0.00536
67	0.00844	0.00658	0.00766	0.00739	0.00922	0.00580	0.00554	0.01083	0.01663	0.02197	0.42024	0.05474	0.37239	0.01468	0.00763	0.00210	0.00315	0.01259	0.00659	0.00580
68	0.00898	0.00660	0.00841	0.00796	0.00955	0.00603	0.00597	0.01187	0.01790	0.02499	0.65664	0.04979	0.13411	0.01355	0.00762	0.00205	0.00307	0.01190	0.00699	0.00603
69	0.01204	0.00602	0.00602	0.00602	0.00753	0.00602	0.00452	0.01506	0.01355	0.02409	0.02108	0.02409	0.01656	0.00753	0.00452	0.00151	0.00301	0.00602	0.80879	0.00602
70	0.02899	0.01100	0.01499	0.01150	0.01649	0.00950	0.00950	0.03149	0.01849	0.73709	0.02549	0.02199	0.01599	0.00800	0.00650	0.00200	0.00550	0.00650	0.00800	0.01100
71	0.81856	0.01250	0.00950	0.00850	0.01250	0.01449	0.00700	0.01899	0.01100	0.02899	0.00900	0.01050	0.00700	0.00600	0.00400	0.00200	0.00500	0.00350	0.00400	0.00700
72	0.01122	0.00561	0.00842	0.00842	0.00842	0.00561	0.00561	0.00842	0.00842	0.01122	0.01122	0.01964	0.01122	0.02245	0.02525	0.81201	0.00561	0.00561	0.00281	0.00281
73	0.00787	0.00562	0.00750	0.00900	0.00937	0.00525	0.00600	0.00900	0.01237	0.01649	0.03561	0.76871	0.04274	0.02024	0.00825	0.00262	0.00375	0.01837	0.00600	0.00525
74	0.00787	0.00562	0.00750	0.00900	0.00937	0.00525	0.00600	0.00900	0.01237	0.01649	0.03561	0.76871	0.04274	0.02024	0.00825	0.00262	0.00375	0.01837	0.00600	0.00525
75	0.00772	0.00655	0.00667	0.00664	0.00878	0.00549	0.00498	0.00944	0.01493	0.01795	0.10407	0.06137	0.69107	0.01618	0.00764	0.00217	0.00326	0.01352	0.00606	0.00549
76	0.00787	0.00562	0.00750	0.00900	0.00937	0.00525	0.00600	0.00900	0.01237	0.01649	0.03561	0.76871	0.04274	0.02024	0.00825	0.00262	0.00375	0.01837	0.00600	0.00525
77	0.79160	0.01269	0.00983	0.00871	0.01275	0.01468	0.00718	0.04249	0.01165	0.02939	0.00922	0.01067	0.00713	0.00606	0.00408	0.00200	0.00507	0.00358	0.00408	0.00713
78	0.01649	0.01440	0.05979	0.01512	0.11162	0.01195	0.01115	0.12911	0.03430	0.06682	0.01342	0.01487	0.01044	0.00576	0.00549	0.00140	0.00587	0.00470	0.00442	0.46288
79	0.01742	0.17363	0.09559	0.04301	0.01951	0.10324	0.01246	0.05432	0.34833	0.03987	0.01829	0.01809	0.01398	0.00743	0.00593	0.00193	0.00694	0.00575	0.00490	0.00937
80	0.00950	0.00625	0.00701	0.00701	0.00707	0.00625	0.00394	0.00962	0.00956	0.01298	0.02039	0.04157	0.02322	0.74279	0.03177	0.00608	0.00614	0.00926	0.03560	0.00400
81	0.00787	0.00562	0.00750	0.00900	0.00937	0.00525	0.00600	0.00900	0.01237	0.01649	0.03561	0.76871	0.04274	0.02024	0.00825	0.00262	0.00375	0.01837	0.00600	0.00525
82	0.02030	0.03622	0.02375	0.04719	0.20984	0.05922	0.11394	0.28772	0.04731	0.06855	0.01463	0.01630	0.01093	0.00679	0.00652	0.00196	0.00794	0.00600	0.00485	0.01004
83	0.01551	0.06160	0.06043	0.24872	0.17787	0.12941	0.12752	0.01939	0.01464	0.01837	0.01372	0.01737	0.03596	0.00650	0.00638	0.00197	0.00888	0.00592	0.02164	0.00821
84	0.00895	0.00664	0.00796	0.00840	0.00980	0.00615	0.00600	0.01152	0.05359	0.03540	0.15605	0.37950	0.25217	0.01701	0.00783	0.00236	0.00361	0.01497	0.00626	0.00586

[dist]
# distance from previous block
# <min> <max>
0	1

[block]
# block no. 2 follows, 34 sequences, length 95
# corresponding to MSA columns:
# 150-244
name=unknown_C
#
# <colnr> <probs for GDERKNQSTAVLIFYWHMCP>
#	G	D	E	R	K	N	Q	S	T	A	V	L	I	F	Y	W	H	M	C	P
0	0.20883	0.08903	0.02136	0.13961	0.12903	0.15979	0.09320	0.02013	0.01394	0.02036	0.01051	0.01358	0.00851	0.00629	0.00630	0.00195	0.04144	0.00489	0.00331	0.00793
1	0.27889	0.08158	0.01812	0.03493	0.03726	0.06908	0.07612	0.17338	0.05110	0.02739	0.01262	0.01416	0.00971	0.00651	0.00535	0.00186	0.00674	0.00490	0.04560	0.04471
2	0.00886	0.00702	0.00804	0.00787	0.00973	0.00645	0.00586	0.01221	0.06661	0.02144	0.32521	0.11536	0.35198	0.01490	0.00761	0.00216	0.00336	0.01281	0.00649	0.00604
3	0.01387	0.01185	0.01415	0.03054	0.03632	0.00939	0.00845	0.04304	0.01407	0.02169	0.01166	0.01365	0.00962	0.00497	0.00494	0.00105	0.00506	0.00401	0.00389	0.73779
4	0.00770	0.00655	0.00663	0.00661	0.00876	0.00548	0.00496	0.00939	0.01487	0.01779	0.09171	0.06163	0.70353	0.01624	0.00764	0.00218	0.00326	0.01356	0.00604	0.00548
5	0.00768	0.00636	0.00673	0.00703	0.00885	0.00541	0.00512	0.00922	0.01427	0.01727	0.05960	0.20071	0.59524	0.01712	0.00776	0.00227	0.00337	0.01456	0.00600	0.00541
6	0.02414	0.03079	0.01831	0.01665	0.01998	0.74698	0.01248	0.02580	0.01831	0.01581	0.00999	0.01165	0.00832	0.00666	0.00583	0.00166	0.01165	0.00416	0.00333	0.00749
7	0.00787	0.00562	0.00750	0.00900	0.00937	0.00525	0.00600	0.00900	0.01237	0.01649	0.03561	0.76871	0.04274	0.02024	0.00825	0.00262	0.00375	0.01837	0.00600	0.00525
8	0.01414	0.01414	0.01979	0.01696	0.01696	0.01979	0.01414	0.01555	0.00990	0.01555	0.00848	0.01414	0.00848	0.01131	0.02120	0.00283	0.76110	0.00565	0.00283	0.00707
9	0.01340	0.01148	0.01340	0.00957	0.01531	0.00861	0.00766	0.01627	0.01340	0.02105	0.01148	0.01340	0.00957	0.00479	0.00479	0.00096	0.00479	0.00383	0.00383	0.81242
10	0.02899	0.01100	0.01499	0.01150	0.01649	0.00950	0.00950	0.03149	0.01849	0.73709	0.02549	0.02199	0.01599	0.00800	0.00650	0.00200	0.00550	0.00650	0.00800	0.01100
11	0.00787	0.00562	0.00750	0.00900	0.00937	0.00525	0.00600	0.00900	0.01237	0.01649	0.03561	0.76871	0.04274	0.02024	0.00825	0.00262	0.00375	0.01837	0.00600	0.00525
12	0.01340	0.01148	0.01340	0.00957	0.01531	0.00861	0.00766	0.01627	0.01340	0.02105	0.01148	0.01340	0.00957	0.00479	0.00479	0.00096	0.00479	0.00383	0.00383	0.81242
13	0.79007	0.01246	0.00985	0.03496	0.01363	0.01449	0.00738	0.01891	0.01106	0.02855	0.00908	0.01073	0.00705	0.00601	0.00409	0.00200	0.00513	0.00358	0.00396	0.00700
14	0.02438	0.01158	0.01782	0.01354	0.01836	0.01043	0.12596	0.02787	0.03701	0.51544	0.02293	0.02153	0.01513	0.00754	0.00646	0.00198	0.00610	0.00665	0.09926	0.01002
15	0.00940	0.00626	0.00705	0.00705	0.00705	0.00626	0.00392	0.00940	0.00940	0.01253	0.02036	0.04228	0.02349	0.77292	0.03289	0.00626	0.00626	0.00940	0.00392	0.00392
16	0.01727	0.77681	0.03386	0.01106	0.01658	0.02557	0.01106	0.01935	0.01313	0.01520	0.00898	0.01036	0.00829	0.00553	0.00415	0.00138	0.00691	0.00345	0.00276	0.00829
17	0.78761	0.01225	0.00936	0.00840	0.01230	0.01417	0.00690	0.01884	0.01109	0.02880	0.00946	0.01102	0.00736	0.00606	0.00402	0.00198	0.00492	0.00360	0.03488	0.00696
18	0.01607	0.01388	0.01461	0.01315	0.01680	0.01607	0.01023	0.03433	0.72094	0.02703	0.02630	0.02411	0.01972	0.00877	0.00657	0.00219	0.00511	0.00731	0.00657	0.01023
19	0.01607	0.01388	0.01461	0.01315	0.01680	0.01607	0.01023	0.03433	0.72094	0.02703	0.02630	0.02411	0.01972	0.00877	0.00657	0.00219	0.00511	0.00731	0.00657	0.01023
20	0.01414	0.01414	0.01979	0.01696	0.01696	0.01979	0.01414	0.01555	0.00990	0.01555	0.00848	0.01414	0.00848	0.01131	0.02120	0.00283	0.76110	0.00565	0.00283	0.00707
21	0.02899	0.01100	0.01499	0.01150	0.01649	0.00950	0.00950	0.03149	0.01849	0.73709	0.02549	0.02199	0.01599	0.00800	0.00650	0.00200	0.00550	0.00650	0.00800	0.01100
22	0.00764	0.00655	0.00655	0.00655	0.00873	0.00545	0.00491	0.00927	0.01473	0.01745	0.06546	0.06218	0.73000	0.01636	0.00764	0.00218	0.00327	0.01364	0.00600	0.00545
23	0.01306	0.03270	0.70782	0.01881	0.02823	0.01507	0.05478	0.02047	0.01371	0.02047	0.01166	0.01381	0.00826	0.00611	0.00621	0.00205	0.00961	0.00490	0.00275	0.00951
24	0.01008	0.00720	0.01004	0.01152	0.01287	0.00715	0.00984	0.01282	0.01455	0.01897	0.03439	0.16269	0.03790	0.01816	0.00884	0.00293	0.00567	0.60255	0.00596	0.00586
25	0.02899	0.01100	0.01499	0.01150	0.01649	0.00950	0.00950	0.03149	0.01849	0.73709	0.02549	0.02199	0.01599	0.00800	0.00650	0.00200	0.00550	0.00650	0.00800	0.01100
26	0.01122	0.00561	0.00842	0.00842	0.00842	0.00561	0.00561	0.00842	0.00842	0.01122	0.01122	0.01964	0.01122	0.02245	0.02525	0.81201	0.00561	0.00561	0.00281	0.00281
27	0.01763	0.02135	0.07702	0.07517	0.17813	0.24853	0.17311	0.02216	0.05611	0.01912	0.01329	0.04420	0.01105	0.00678	0.00656	0.00197	0.00958	0.00617	0.00350	0.00856
28	0.01619	0.01514	0.02587	0.05635	0.63976	0.01536	0.04360	0.01996	0.01461	0.04249	0.01243	0.01618	0.01028	0.00605	0.00703	0.00197	0.03755	0.00584	0.00332	0.01000
29	0.01484	0.00684	0.00750	0.00692	0.00901	0.00660	0.00534	0.01777	0.01437	0.14165	0.02181	0.02374	0.01647	0.00761	0.00484	0.00159	0.00342	0.00610	0.67675	0.00684
30	0.01588	0.01932	0.07035	0.02592	0.03234	0.07726	0.61789	0.02111	0.01543	0.02028	0.01274	0.01676	0.00960	0.00558	0.00740	0.00213	0.01089	0.00720	0.00325	0.00865
31	0.01541	0.28751	0.37980	0.03725	0.02428	0.03987	0.06009	0.05128	0.01443	0.01933	0.01091	0.01287	0.00846	0.00598	0.00556	0.00181	0.00864	0.00455	0.00296	0.00900
32	0.05222	0.24167	0.21788	0.01469	0.02072	0.01849	0.05977	0.08554	0.15840	0.02238	0.01496	0.04042	0.01202	0.00706	0.00575	0.00190	0.00735	0.00558	0.00406	0.00914
33	0.15922	0.03922	0.04136	0.02203	0.18638	0.25822	0.12238	0.05975	0.01613	0.02159	0.01112	0.01359	0.00891	0.00616	0.00592	0.00188	0.00903	0.00505	0.00355	0.00850
34	0.01614	0.01639	0.06746	0.05535	0.53300	0.03705	0.04575	0.02103	0.05811	0.04427	0.03391	0.01743	0.01221	0.00629	0.00646	0.00196	0.00770	0.00601	0.00364	0.00986
35	0.01460	0.01153	0.01355	0.00983	0.01545	0.00893	0.00787	0.01796	0.03759	0.07231	0.01298	0.01437	0.01037	0.00515	0.00497	0.00107	0.00485	0.00414	0.00422	0.72827
36	0.00807	0.00580	0.00748	0.00867	0.00915	0.00547	0.00577	0.00914	0.01213	0.01608	0.03527	0.61919	0.08414	0.10274	0.03568	0.00325	0.00445	0.01670	0.00569	0.00513
37	0.01204	0.01107	0.03838	0.05869	0.09020	0.01093	0.01002	0.01989	0.24171	0.02255	0.16459	0.05969	0.19547	0.01142	0.00709	0.00215	0.00491	0.02555	0.00579	0.00786
38	0.02881	0.01128	0.01517	0.01163	0.01663	0.00991	0.00961	0.05837	0.01896	0.70954	0.02510	0.02174	0.01580	0.00799	0.00650	0.00200	0.00556	0.00647	0.00794	0.01100
39	0.81856	0.01250	0.00950	0.00850	0.01250	0.01449	0.00700	0.01899	0.01100	0.02899	0.00900	0.01050	0.00700	0.00600	0.00400	0.00200	0.00500	0.00350	0.00400	0.00700
40	0.01204	0.00602	0.00602	0.00602	0.00753	0.00602	0.00452	0.01506	0.01355	0.02409	0.02108	0.02409	0.01656	0.00753	0.00452	0.00151	0.00301	0.00602	0.80879	0.00602
41	0.01041	0.00744	0.01041	0.01190	0.01339	0.00744	0.01041	0.01339	0.01487	0.01934	0.03421	0.07288	0.03719	0.01785	0.00892	0.00297	0.00595	0.68913	0.00595	0.00595
42	0.00914	0.00660	0.00864	0.00813	0.00965	0.00610	0.00610	0.01219	0.01829	0.02591	0.72921	0.04827	0.06097	0.01321	0.00762	0.00203	0.00305	0.01169	0.00711	0.00610
43	0.01414	0.01414	0.01979	0.01696	0.01696	0.01979	0.01414	0.01555	0.00990	0.01555	0.00848	0.01414	0.00848	0.01131	0.02120	0.00283	0.76110	0.00565	0.00283	0.00707
44	0.00929	0.00704	0.01049	0.01048	0.01157	0.00824	0.00813	0.01152	0.01046	0.01508	0.01792	0.05863	0.01716	0.04627	0.69614	0.00985	0.03498	0.00741	0.00356	0.00578
45	0.00906	0.00654	0.00856	0.00818	0.00964	0.00604	0.00609	0.01199	0.01792	0.02532	0.68539	0.09378	0.05981	0.01365	0.00766	0.00207	0.00309	0.01211	0.00704	0.00604
46	0.00775	0.00655	0.00670	0.00666	0.00880	0.00550	0.00500	0.00949	0.01499	0.01808	0.11475	0.06115	0.68031	0.01613	0.00764	0.00217	0.00326	0.01349	0.00608	0.00550
47	0.01342	0.03031	0.60550	0.02050	0.05209	0.01523	0.13166	0.02048	0.01393	0.02052	0.01185	0.01432	0.00851	0.00602	0.00638	0.00206	0.00970	0.00526	0.00283	0.00944
48	0.01348	0.03228	0.69655	0.01851	0.02783	0.01489	0.04550	0.02078	0.01383	0.04060	0.01203	0.01400	0.00846	0.00617	0.00620	0.00205	0.00948	0.00491	0.00289	0.00956
49	0.00914	0.00660	0.00864	0.00813	0.00965	0.00610	0.00610	0.01219	0.01829	0.02591	0.72921	0.04827	0.06097	0.01321	0.00762	0.00203	0.00305	0.01169	0.00711	0.00610
50	0.01727	0.77681	0.03386	0.01106	0.01658	0.02557	0.01106	0.01935	0.01313	0.01520	0.00898	0.01036	0.00829	0.00553	0.00415	0.00138	0.00691	0.00345	0.00276	0.00829
51	0.01417	0.01359	0.02341	0.37910	0.38192	0.01492	0.04344	0.01829	0.01388	0.01892	0.01187	0.01663	0.00945	0.00608	0.00647	0.00204	0.00823	0.00582	0.00305	0.00873
52	0.81856	0.01250	0.00950	0.00850	0.01250	0.01449	0.00700	0.01899	0.01100	0.02899	0.00900	0.01050	0.00700	0.00600	0.00400	0.00200	0.00500	0.00350	0.00400	0.00700
53	0.01390	0.02892	0.55956	0.02115	0.12160	0.01528	0.04522	0.03738	0.05723	0.02143	0.01271	0.01476	0.00928	0.00626	0.00626	0.00204	0.00902	0.00518	0.00313	0.00969
54	0.01373	0.01168	0.01358	0.00973	0.01545	0.00896	0.00780	0.03716	0.01391	0.02165	0.01161	0.01346	0.00961	0.00487	0.00484	0.00099	0.00486	0.00389	0.00391	0.78832
55	0.00814	0.00594	0.00766	0.00855	0.00937	0.00546	0.00591	0.00975	0.01395	0.01873	0.19611	0.53393	0.11613	0.01826	0.00804	0.00245	0.00354	0.01637	0.00625	0.00546
56	0.00865	0.00646	0.00804	0.00792	0.00942	0.00584	0.00583	0.01114	0.01672	0.02283	0.49391	0.15128	0.19846	0.01485	0.00771	0.00215	0.00319	0.01302	0.00672	0.00584
57	0.00844	0.00655	0.00769	0.00747	0.00924	0.00579	0.00557	0.01081	0.01653	0.02190	0.41596	0.07860	0.35255	0.01482	0.00765	0.00212	0.00317	0.01276	0.00659	0.00579
58	0.01582	0.01518	0.02593	0.07126	0.70232	0.01531	0.01975	0.01968	0.01463	0.02091	0.01212	0.01605	0.01016	0.00579	0.00640	0.00193	0.00772	0.00576	0.00318	0.01010
59	0.01377	0.02838	0.53372	0.02340	0.16639	0.01520	0.08774	0.02036	0.01400	0.02061	0.01184	0.01446	0.00874	0.00600	0.00633	0.00203	0.00931	0.00524	0.00287	0.00960
60	0.00790	0.00571	0.00748	0.00883	0.00934	0.00529	0.00594	0.00912	0.01270	0.01686	0.06056	0.70485	0.08195	0.01979	0.00819	0.00258	0.00370	0.01788	0.00604	0.00529
61	0.04041	0.02870	0.52824	0.01758	0.02539	0.07160	0.06277	0.02103	0.05535	0.02080	0.03358	0.04064	0.01160	0.00696	0.00627	0.00205	0.00901	0.00566	0.00331	0.00905
62	0.00766	0.00647	0.00663	0.00675	0.00878	0.00544	0.00500	0.00925	0.01453	0.01737	0.06293	0.12199	0.67182	0.01669	0.00769	0.00222	0.00331	0.01404	0.00600	0.00544
63	0.01043	0.00897	0.00963	0.00959	0.03143	0.04023	0.00694	0.01516	0.12411	0.02191	0.28937	0.07300	0.30783	0.01349	0.00738	0.00212	0.00399	0.01150	0.00628	0.00663
64	0.01340	0.01148	0.01340	0.00957	0.01531	0.00861	0.00766	0.01627	0.01340	0.02105	0.01148	0.01340	0.00957	0.00479	0.00479	0.00096	0.00479	0.00383	0.00383	0.81242
65	0.79444	0.01305	0.00976	0.00874	0.01272	0.03674	0.00716	0.01920	0.01122	0.02859	0.00903	0.01053	0.00704	0.00602	0.00405	0.00199	0.00520	0.00352	0.00398	0.00701
66	0.07446	0.04140	0.13320	0.02533	0.29276	0.04121	0.09785	0.04577	0.07824	0.08634	0.01434	0.01633	0.01090	0.00636	0.00627	0.00198	0.00782	0.00574	0.00402	0.00966
67	0.01320	0.07518	0.69981	0.01800	0.02733	0.01560	0.02315	0.02040	0.01361	0.02017	0.01145	0.01346	0.00819	0.00610	0.00603	0.00201	0.00940	0.00470	0.00273	0.00948
68	0.01797	0.01482	0.01568	0.01353	0.01753	0.01696	0.01069	0.18567	0.56652	0.03009	0.02389	0.02219	0.01777	0.00854	0.00655	0.00214	0.00556	0.00697	0.00655	0.01040
69	0.00787	0.00562	0.00750	0.00900	0.00937	0.00525	0.00600	0.00900	0.01237	0.01649	0.03561	0.76871	0.04274	0.02024	0.00825	0.00262	0.00375	0.01837	0.00600	0.00525
70	0.01461	0.18483	0.52299	0.01718	0.02554	0.01705	0.06289	0.02067	0.01382	0.04689	0.01168	0.01352	0.00861	0.00604	0.00583	0.00192	0.00893	0.00474	0.00297	0.00929
71	0.01423	0.05995	0.46024	0.01999	0.02808	0.01535	0.21560	0.02059	0.01440	0.04580	0.03655	0.01603	0.01070	0.00622	0.00653	0.00205	0.00945	0.00581	0.00322	0.00919
72	0.00923	0.00692	0.01038	0.01038	0.01154	0.00808	0.00808	0.01154	0.01038	0.01500	0.01731	0.02538	0.01615	0.04846	0.74732	0.01038	0.01731	0.00692	0.00346	0.00577
73	0.06467	0.03145	0.67229	0.01759	0.02665	0.01482	0.02239	0.02068	0.01361	0.04149	0.01183	0.01368	0.00833	0.00618	0.00601	0.00204	0.00914	0.00474	0.00296	0.00943
74	0.01763	0.01838	0.12778	0.02125	0.06040	0.03601	0.31441	0.04037	0.11685	0.13208	0.01646	0.01818	0.01192	0.00669	0.00736	0.00212	0.03150	0.00671	0.00445	0.00944
75	0.01220	0.01148	0.01938	0.75739	0.04450	0.01436	0.01794	0.01651	0.01292	0.01651	0.01148	0.01723	0.00861	0.00646	0.00646	0.00215	0.00861	0.00574	0.00287	0.00718
76	0.00910	0.00657	0.00860	0.00816	0.00964	0.00607	0.00609	0.01208	0.01808	0.02558	0.70455	0.07387	0.06032	0.01346	0.00764	0.00205	0.00307	0.01192	0.00707	0.00607
77	0.01414	0.01414	0.01979	0.01696	0.01696	0.01979	0.01414	0.01555	0.00990	0.01555	0.00848	0.01414	0.00848	0.01131	0.02120	0.00283	0.76110	0.00565	0.00283	0.00707
78	0.01993	0.11945	0.17919	0.04246	0.11031	0.01501	0.10050	0.05416	0.01621	0.25556	0.01622	0.01690	0.01135	0.00662	0.00623	0.00194	0.00767	0.00571	0.00475	0.00983
79	0.02244	0.01315	0.06288	0.01383	0.01871	0.01130	0.09280	0.02793	0.12178	0.42981	0.05086	0.04876	0.01855	0.00859	0.00679	0.00210	0.00619	0.02679	0.00674	0.01000
80	0.01296	0.03342	0.73944	0.01842	0.02797	0.01501	0.02387	0.02046	0.01364	0.02046	0.01160	0.01364	0.00818	0.00614	0.00614	0.00205	0.00955	0.00477	0.00273	0.00955
81	0.01414	0.01414	0.01979	0.01696	0.01696	0.01979	0.01414	0.01555	0.00990	0.01555	0.00848	0.01414	0.00848	0.01131	0.02120	0.00283	0.76110	0.00565	0.00283	0.00707
82	0.01111	0.00920	0.04149	0.03018	0.01221	0.02796	0.00744	0.03347	0.01722	0.06963	0.39069	0.04635	0.25249	0.01297	0.00737	0.00207	0.00408	0.01108	0.00640	0.00659
83	0.02805	0.01080	0.01462	0.01128	0.01615	0.00932	0.00929	0.03051	0.01833	0.70540	0.02725	0.02376	0.04743	0.00837	0.00655	0.00201	0.00540	0.00681	0.00791	0.01075
84	0.00764	0.00655	0.00655	0.00655	0.00873	0.00545	0.00491	0.00927	0.01473	0.01745	0.06546	0.06218	0.73000	0.01636	0.00764	0.00218	0.00327	0.01364	0.00600	0.00545
85	0.00914	0.00660	0.00864	0.00813	0.00965	0.00610	0.00610	0.01219	0.01829	0.02591	0.72921	0.04827	0.06097	0.01321	0.00762	0.00203	0.00305	0.01169	0.00711	0.00610
86	0.01335	0.10063	0.67565	0.01775	0.02694	0.01596	0.02271	0.02036	0.01360	0.01999	0.01136	0.01335	0.00819	0.00608	0.00596	0.00199	0.00931	0.00466	0.00273	0.00944
87	0.15064	0.01123	0.01415	0.01103	0.01588	0.01027	0.00911	0.02956	0.01734	0.62799	0.02295	0.02022	0.01461	0.00769	0.00611	0.00200	0.00542	0.00604	0.00738	0.01038
88	0.01409	0.01180	0.01290	0.01171	0.01476	0.01322	0.00904	0.02800	0.51983	0.02671	0.22748	0.03102	0.03153	0.01004	0.00687	0.00215	0.00452	0.00856	0.00673	0.00904
89	0.01169	0.00980	0.01606	0.06827	0.06487	0.00942	0.13899	0.01484	0.01537	0.06084	0.21229	0.05426	0.20161	0.01465	0.07519	0.00287	0.00674	0.01001	0.00525	0.00701
90	0.01615	0.01366	0.02281	0.05261	0.52010	0.01346	0.04135	0.01961	0.01492	0.09524	0.01846	0.06920	0.05827	0.00762	0.00665	0.00201	0.00705	0.00723	0.00405	0.00954
91	0.01992	0.00899	0.01187	0.00985	0.01333	0.00787	0.00784	0.02241	0.01772	0.41922	0.22907	0.06781	0.11408	0.01101	0.00703	0.00206	0.00447	0.00934	0.00742	0.00870
92	0.00795	0.00569	0.00744	0.00882	0.00922	0.00531	0.00585	0.00903	0.01227	0.01630	0.03561	0.70766	0.06135	0.06241	0.00961	0.00282	0.00388	0.01773	0.00588	0.00518
93	0.17789	0.08027	0.04743	0.04419	0.15028	0.03507	0.18269	0.05396	0.06355	0.03911	0.01499	0.03814	0.03111	0.00684	0.00611	0.00201	0.00756	0.00620	0.00398	0.00863
94	0.01767	0.03966	0.09326	0.01984	0.11621	0.11973	0.15979	0.05810	0.04799	0.10848	0.01732	0.11272	0.01492	0.00819	0.00669	0.00201	0.00807	0.00747	0.00447	0.03740

[dist]
# distance from previous block
# <min> <max>
0	5

# created by:
# /home/berkeley/.conda/envs/busco_data_prod/bin/msa2prfl.pl pipeline/OGs_align_augustus/4893/27453.fs
