[name]
unknown

[dist]
# distance from previous block
# <min> <max>
0	12

[block]
# block no. 0 follows, 33 sequences, length 8
# corresponding to MSA columns:
# 12-19
name=unknown_A
#
# <colnr> <probs for GDERKNQSTAVLIFYWHMCP>
#	G	D	E	R	K	N	Q	S	T	A	V	L	I	F	Y	W	H	M	C	P
0	0.07903	0.02159	0.16035	0.01571	0.02086	0.14724	0.04254	0.24969	0.02054	0.02737	0.01662	0.02430	0.01430	0.00888	0.00669	0.00214	0.00837	0.11993	0.00484	0.00899
1	0.02503	0.01844	0.01976	0.01515	0.02042	0.02042	0.01251	0.70562	0.03095	0.04149	0.01581	0.01581	0.01120	0.00790	0.00659	0.00198	0.00724	0.00593	0.00659	0.01120
2	0.00819	0.00594	0.00773	0.00886	0.00954	0.00548	0.00604	0.00964	0.01363	0.01823	0.13512	0.61192	0.09670	0.01933	0.00827	0.00256	0.00368	0.01740	0.00627	0.00548
3	0.01592	0.01507	0.02550	0.19081	0.50322	0.01575	0.05699	0.05841	0.01553	0.02161	0.01248	0.01662	0.01009	0.00612	0.00660	0.00202	0.00817	0.00597	0.00338	0.00972
4	0.02208	0.01647	0.05070	0.02298	0.20460	0.04522	0.13340	0.14465	0.01921	0.24750	0.01729	0.01810	0.01217	0.00694	0.00674	0.00202	0.00783	0.00634	0.00538	0.01039
5	0.01187	0.01059	0.10148	0.01042	0.01311	0.00771	0.00892	0.01502	0.03884	0.10895	0.16055	0.34606	0.11024	0.01511	0.00767	0.00235	0.00466	0.01330	0.00617	0.00699
6	0.01641	0.32118	0.26746	0.01720	0.02427	0.05130	0.14189	0.05300	0.01500	0.01955	0.01116	0.01329	0.00882	0.00598	0.00573	0.00182	0.00889	0.00489	0.00310	0.00905
7	0.01533	0.01494	0.02630	0.20411	0.50150	0.01551	0.08692	0.01951	0.01462	0.02038	0.01232	0.01673	0.01000	0.00600	0.00666	0.00204	0.00836	0.00605	0.00319	0.00955

[dist]
# distance from previous block
# <min> <max>
0	1

[block]
# block no. 1 follows, 33 sequences, length 48
# corresponding to MSA columns:
# 21-50,53-70
name=unknown_B
#
# <colnr> <probs for GDERKNQSTAVLIFYWHMCP>
#	G	D	E	R	K	N	Q	S	T	A	V	L	I	F	Y	W	H	M	C	P
0	0.01247	0.00929	0.01059	0.00947	0.01189	0.00927	0.00731	0.14226	0.01848	0.04720	0.21310	0.09710	0.30089	0.03889	0.00899	0.00233	0.03564	0.01153	0.00634	0.00697
1	0.07830	0.01194	0.01498	0.01167	0.01650	0.01116	0.00960	0.11872	0.01981	0.54544	0.05014	0.02315	0.04103	0.00847	0.00653	0.00204	0.00562	0.00677	0.00758	0.01056
2	0.01553	0.01464	0.02433	0.08034	0.43724	0.01464	0.09227	0.05421	0.03926	0.02223	0.03413	0.04196	0.03401	0.00700	0.00669	0.00198	0.00756	0.00679	0.00385	0.06134
3	0.01363	0.01292	0.02191	0.53161	0.25718	0.01494	0.01888	0.01787	0.01373	0.01828	0.01191	0.01716	0.00929	0.00636	0.00656	0.00212	0.00848	0.00586	0.00303	0.00828
4	0.01444	0.01375	0.02337	0.38235	0.40012	0.01515	0.01928	0.01858	0.01411	0.01926	0.01206	0.01690	0.00963	0.00621	0.00655	0.00207	0.00828	0.00586	0.00310	0.00893
5	0.01600	0.01845	0.03782	0.02720	0.03369	0.05342	0.66865	0.02135	0.01570	0.02084	0.01316	0.01746	0.00991	0.00561	0.00768	0.00219	0.01114	0.00759	0.00333	0.00882
6	0.01025	0.00775	0.00958	0.00899	0.01084	0.00762	0.00678	0.01546	0.11738	0.02609	0.59003	0.06465	0.07295	0.01309	0.00763	0.00211	0.00343	0.01150	0.00711	0.00677
7	0.00940	0.00705	0.01058	0.01058	0.01176	0.00823	0.00823	0.01176	0.01058	0.01528	0.01763	0.02586	0.01646	0.04937	0.74255	0.01058	0.01763	0.00705	0.00353	0.00588
8	0.01512	0.01434	0.02382	0.25656	0.47293	0.01538	0.01898	0.02013	0.05978	0.02046	0.01311	0.01721	0.01055	0.00628	0.00655	0.00205	0.00794	0.00596	0.00338	0.00947
9	0.01623	0.01178	0.01398	0.01028	0.01588	0.00939	0.00825	0.02008	0.05870	0.12944	0.01481	0.01566	0.01139	0.00563	0.00525	0.00122	0.00501	0.00454	0.00472	0.63776
10	0.00833	0.00662	0.00748	0.00741	0.00927	0.00577	0.00550	0.01045	0.01608	0.02068	0.29124	0.11075	0.44540	0.01586	0.00782	0.00220	0.00329	0.01357	0.00650	0.00577
11	0.00802	0.00573	0.00764	0.00917	0.00955	0.00535	0.00611	0.00917	0.01260	0.01681	0.03628	0.76434	0.04354	0.02062	0.00840	0.00267	0.00382	0.01872	0.00611	0.00535
12	0.04282	0.53781	0.10046	0.01315	0.01900	0.07019	0.03438	0.08116	0.01533	0.01897	0.01020	0.01167	0.00869	0.00598	0.00485	0.00159	0.00770	0.00405	0.00324	0.00874
13	0.02467	0.02912	0.01885	0.01664	0.02036	0.61639	0.01268	0.14471	0.02080	0.02054	0.01116	0.01256	0.00895	0.00698	0.00605	0.00174	0.01107	0.00453	0.00395	0.00825
14	0.01446	0.01168	0.01373	0.00985	0.01566	0.00882	0.00790	0.01737	0.01392	0.05784	0.01243	0.01410	0.01009	0.00504	0.00496	0.00103	0.00491	0.00404	0.00412	0.76804
15	0.00951	0.00662	0.00837	0.00837	0.00878	0.00703	0.00547	0.01034	0.00993	0.01365	0.01965	0.03705	0.02131	0.51665	0.28191	0.00785	0.01032	0.00869	0.00383	0.00465
16	0.01559	0.01253	0.01361	0.01223	0.01563	0.01401	0.00950	0.03027	0.54298	0.06300	0.13388	0.02993	0.05818	0.00993	0.00690	0.00220	0.00483	0.00837	0.00683	0.00960
17	0.02259	0.12121	0.02197	0.05029	0.02197	0.57379	0.05751	0.02471	0.01755	0.01639	0.01032	0.01235	0.00859	0.00655	0.00587	0.00172	0.01108	0.00445	0.00330	0.00780
18	0.01358	0.09672	0.67513	0.01813	0.02751	0.01620	0.02322	0.02075	0.01385	0.02039	0.01159	0.01362	0.00835	0.00620	0.00608	0.00203	0.00950	0.00475	0.00278	0.00962
19	0.24087	0.01441	0.07634	0.03862	0.01782	0.01316	0.01077	0.13306	0.01763	0.29404	0.01869	0.06674	0.01383	0.00816	0.00600	0.00208	0.00608	0.00630	0.00599	0.00943
20	0.04379	0.01806	0.06889	0.01957	0.08520	0.11120	0.08580	0.04792	0.01382	0.04497	0.01128	0.01515	0.00953	0.00883	0.01338	0.00238	0.35439	0.00570	0.03197	0.00817
21	0.01168	0.01012	0.01215	0.01195	0.01366	0.07410	0.05337	0.05882	0.01509	0.01934	0.05070	0.39252	0.05576	0.01877	0.05805	0.00307	0.00651	0.12241	0.00557	0.00636
22	0.01134	0.00575	0.00851	0.00851	0.00851	0.00575	0.00563	0.00863	0.00863	0.01150	0.01191	0.02118	0.01207	0.06066	0.02612	0.76781	0.00575	0.00591	0.00292	0.00292
23	0.01365	0.01170	0.01365	0.00975	0.01560	0.00878	0.00780	0.01658	0.01365	0.02145	0.01170	0.01365	0.00975	0.00488	0.00488	0.00098	0.00488	0.00390	0.00390	0.80888
24	0.01275	0.01214	0.01782	0.20495	0.02316	0.01608	0.01393	0.01502	0.01125	0.01617	0.01396	0.07942	0.03004	0.01454	0.08129	0.00336	0.41672	0.00717	0.00330	0.00692
25	0.00911	0.00669	0.00853	0.00813	0.00972	0.00611	0.00608	0.01199	0.01804	0.02513	0.62902	0.07439	0.13442	0.01405	0.00779	0.00211	0.00315	0.01235	0.00708	0.00611
26	0.01703	0.06056	0.16756	0.09780	0.14463	0.14170	0.08155	0.05914	0.06954	0.02073	0.01275	0.01549	0.01000	0.00692	0.00755	0.00205	0.06688	0.00556	0.00355	0.00903
27	0.01696	0.47888	0.24328	0.01407	0.02072	0.09222	0.01533	0.02069	0.01405	0.01716	0.01005	0.01169	0.00842	0.00593	0.00500	0.00164	0.00832	0.00399	0.00286	0.00875
28	0.01533	0.01712	0.03588	0.02582	0.03199	0.01633	0.61067	0.02043	0.01505	0.02077	0.01290	0.01726	0.00989	0.00589	0.00846	0.00218	0.05891	0.00737	0.00334	0.06440
29	0.07724	0.01489	0.02308	0.06740	0.10964	0.03155	0.19502	0.07985	0.01648	0.14289	0.01467	0.01673	0.01081	0.00640	0.00677	0.00191	0.02630	0.00595	0.00453	0.14792
30	0.00897	0.00688	0.00939	0.00955	0.01046	0.00665	0.03507	0.01046	0.01324	0.01777	0.13260	0.42271	0.10598	0.13719	0.01269	0.00312	0.03118	0.01491	0.00570	0.00549
31	0.00902	0.00672	0.00839	0.00797	0.00965	0.00609	0.00598	0.01185	0.01794	0.02474	0.59740	0.05191	0.18985	0.01408	0.00777	0.00210	0.00315	0.01229	0.00703	0.00609
32	0.01425	0.00764	0.01066	0.00974	0.01142	0.00726	0.02273	0.01531	0.04522	0.15165	0.15090	0.10647	0.04871	0.03481	0.01533	0.32275	0.00505	0.00888	0.00532	0.00591
33	0.01433	0.05447	0.53756	0.01973	0.02810	0.05290	0.12604	0.02090	0.01420	0.02024	0.01173	0.01430	0.00861	0.00639	0.00710	0.00210	0.04380	0.00527	0.00290	0.00934
34	0.00815	0.00583	0.00775	0.00908	0.00958	0.00543	0.00612	0.00948	0.01318	0.01773	0.10241	0.69559	0.04533	0.01994	0.00834	0.00262	0.00375	0.01806	0.00622	0.00543
35	0.00855	0.00629	0.00805	0.00893	0.00981	0.00591	0.00619	0.01073	0.03755	0.01923	0.18105	0.53700	0.09929	0.01844	0.00817	0.00250	0.00368	0.01655	0.00637	0.00571
36	0.01540	0.05748	0.11428	0.10468	0.19015	0.05829	0.28698	0.02011	0.01491	0.01993	0.01337	0.04925	0.01108	0.00656	0.00692	0.00209	0.00945	0.00684	0.00331	0.00892
37	0.04445	0.01870	0.06585	0.01705	0.09412	0.12149	0.01288	0.22010	0.20565	0.05153	0.05339	0.01938	0.01561	0.00792	0.00644	0.00201	0.00720	0.00626	0.02015	0.00982
38	0.01811	0.03745	0.01810	0.01607	0.06515	0.05387	0.01217	0.16562	0.22361	0.05707	0.04691	0.02000	0.01564	0.01121	0.04974	0.00268	0.16550	0.00652	0.00527	0.00931
39	0.00865	0.00666	0.00789	0.00767	0.00944	0.00591	0.00572	0.01109	0.01692	0.02254	0.43116	0.08470	0.32775	0.01505	0.00780	0.00216	0.00323	0.01299	0.00674	0.00591
40	0.00929	0.00708	0.00870	0.00968	0.01068	0.00706	0.00671	0.01316	0.12097	0.01851	0.03651	0.61156	0.07774	0.01861	0.00811	0.00258	0.00401	0.01671	0.00620	0.00614
41	0.02168	0.02219	0.06767	0.10411	0.07095	0.26599	0.01425	0.20747	0.07035	0.07083	0.01433	0.01561	0.01070	0.00720	0.00635	0.00193	0.00897	0.00542	0.00469	0.00931
42	0.01417	0.01298	0.02057	0.13521	0.38721	0.01280	0.01552	0.01785	0.01503	0.02155	0.12096	0.02102	0.01796	0.00695	0.00642	0.00183	0.00670	0.00643	0.00394	0.15489
43	0.00977	0.00604	0.00730	0.00792	0.00885	0.00582	0.00553	0.01140	0.01302	0.01930	0.06657	0.34063	0.07882	0.04270	0.03527	0.05684	0.00422	0.01239	0.26214	0.00546
44	0.04294	0.01390	0.02333	0.15212	0.30381	0.01412	0.11378	0.04510	0.01605	0.12036	0.07525	0.02018	0.01524	0.00699	0.00675	0.00206	0.00763	0.00668	0.00437	0.00934
45	0.04396	0.01376	0.01904	0.03771	0.01851	0.05722	0.08663	0.01720	0.01243	0.07250	0.01573	0.15216	0.01569	0.01167	0.01457	0.00259	0.38900	0.00825	0.00400	0.00738
46	0.01461	0.00797	0.01013	0.00974	0.01168	0.00742	0.00708	0.05083	0.01497	0.19987	0.03283	0.37723	0.08306	0.11353	0.01108	0.00293	0.00479	0.02691	0.00638	0.00699
47	0.01901	0.01519	0.05364	0.11410	0.04551	0.03767	0.15177	0.08025	0.05788	0.19173	0.01833	0.01955	0.03487	0.00719	0.00697	0.00198	0.02462	0.00644	0.00502	0.10827

[dist]
# distance from previous block
# <min> <max>
1	9

[block]
# block no. 2 follows, 33 sequences, length 18
# corresponding to MSA columns:
# 80-97
name=unknown_C
#
# <colnr> <probs for GDERKNQSTAVLIFYWHMCP>
#	G	D	E	R	K	N	Q	S	T	A	V	L	I	F	Y	W	H	M	C	P
0	0.01523	0.04656	0.04531	0.01063	0.01629	0.01043	0.00898	0.06044	0.01500	0.06642	0.01393	0.05064	0.01177	0.00612	0.00529	0.00125	0.00532	0.00494	0.00434	0.60107
1	0.01093	0.00769	0.03965	0.04508	0.01159	0.00683	0.00703	0.01122	0.01150	0.04694	0.07688	0.21138	0.02619	0.18912	0.01919	0.25357	0.00551	0.01031	0.00450	0.00488
2	0.04123	0.26965	0.22491	0.01601	0.06444	0.01904	0.03699	0.12311	0.04871	0.02286	0.01328	0.03330	0.01076	0.00680	0.00563	0.00184	0.00760	0.00522	0.03938	0.00922
3	0.01125	0.00742	0.00905	0.00863	0.01068	0.00674	0.00653	0.03600	0.01691	0.09369	0.30275	0.16487	0.24999	0.01499	0.00776	0.00224	0.00377	0.03345	0.00676	0.00654
4	0.01295	0.01034	0.03255	0.03243	0.01452	0.01072	0.00940	0.05641	0.11569	0.06844	0.09752	0.13654	0.11627	0.01920	0.13173	0.00374	0.07756	0.04105	0.00555	0.00739
5	0.01412	0.01045	0.01164	0.01060	0.01314	0.01126	0.00797	0.06450	0.29139	0.05794	0.12760	0.06839	0.06680	0.12561	0.03352	0.00304	0.00529	0.00909	0.05967	0.00799
6	0.40653	0.23012	0.08726	0.01121	0.01630	0.03917	0.01058	0.06264	0.04494	0.02500	0.01064	0.01193	0.00848	0.00624	0.00465	0.00186	0.00642	0.00401	0.00385	0.00816
7	0.00953	0.00655	0.00802	0.00802	0.00831	0.00684	0.00503	0.01011	0.00982	0.01338	0.01998	0.03884	0.02209	0.59149	0.20814	0.00742	0.00915	0.00895	0.00388	0.00445
8	0.02459	0.03138	0.01866	0.01696	0.02035	0.74221	0.01272	0.02629	0.01866	0.01611	0.01018	0.01187	0.00848	0.00678	0.00594	0.00170	0.01187	0.00424	0.00339	0.00763
9	0.01699	0.21248	0.31758	0.01811	0.09680	0.08732	0.01756	0.05877	0.01545	0.04672	0.01180	0.01354	0.00912	0.00620	0.00571	0.00181	0.00855	0.00465	0.00336	0.04749
10	0.00833	0.00669	0.00743	0.00724	0.00923	0.00579	0.00543	0.01051	0.01630	0.02085	0.30039	0.05832	0.48929	0.01553	0.00777	0.00217	0.00325	0.01319	0.00652	0.00579
11	0.01055	0.00808	0.00956	0.00929	0.01105	0.03942	0.00722	0.01334	0.01713	0.04181	0.45147	0.04993	0.12477	0.01687	0.06613	0.00288	0.00514	0.10255	0.00652	0.00629
12	0.07817	0.05115	0.16925	0.10781	0.09411	0.01632	0.10688	0.15508	0.04150	0.09551	0.01443	0.01627	0.01047	0.00673	0.00639	0.00205	0.00810	0.00578	0.00442	0.00960
13	0.01044	0.00844	0.01281	0.06854	0.04925	0.00915	0.05147	0.01254	0.01183	0.01653	0.02240	0.18717	0.04365	0.14758	0.23349	0.00550	0.05087	0.00998	0.04233	0.00605
14	0.00799	0.00583	0.00753	0.00890	0.00948	0.00537	0.00599	0.00920	0.01286	0.01691	0.03957	0.68862	0.11714	0.02020	0.00834	0.00262	0.00377	0.01819	0.00611	0.00537
15	0.08187	0.05175	0.07738	0.03214	0.02197	0.01733	0.13707	0.30172	0.08674	0.03075	0.04915	0.01820	0.01377	0.00743	0.00645	0.00202	0.00742	0.00632	0.04093	0.00960
16	0.24502	0.05377	0.08185	0.06352	0.05802	0.06977	0.03510	0.11947	0.03162	0.07509	0.01290	0.01458	0.00974	0.00683	0.00623	0.00197	0.03882	0.00496	0.02648	0.04426
17	0.08989	0.08869	0.05271	0.08402	0.08528	0.04708	0.03040	0.07379	0.10214	0.13456	0.03789	0.06403	0.01526	0.00794	0.00617	0.00197	0.00666	0.00652	0.00501	0.05998

[dist]
# distance from previous block
# <min> <max>
0	13

[block]
# block no. 3 follows, 33 sequences, length 13
# corresponding to MSA columns:
# 111-123
name=unknown_D
#
# <colnr> <probs for GDERKNQSTAVLIFYWHMCP>
#	G	D	E	R	K	N	Q	S	T	A	V	L	I	F	Y	W	H	M	C	P
0	0.03712	0.14916	0.14087	0.03736	0.08065	0.04238	0.01387	0.16396	0.04820	0.08481	0.01517	0.05252	0.01220	0.00734	0.00596	0.00184	0.00720	0.00577	0.00458	0.08904
1	0.10003	0.14048	0.18958	0.03608	0.03691	0.03381	0.04710	0.07917	0.05087	0.06539	0.01628	0.10403	0.01415	0.00822	0.00603	0.00199	0.00715	0.00667	0.02627	0.02977
2	0.01578	0.13550	0.21008	0.05280	0.12736	0.03581	0.01575	0.03791	0.06909	0.04287	0.01303	0.01497	0.01021	0.00633	0.00624	0.00177	0.03005	0.00496	0.00367	0.16583
3	0.01340	0.00909	0.04901	0.01009	0.01265	0.00763	0.00840	0.01647	0.01702	0.15717	0.39157	0.07538	0.04300	0.01649	0.08298	0.00305	0.00570	0.06700	0.00664	0.00725
4	0.00891	0.00629	0.00765	0.00832	0.00916	0.00599	0.00574	0.01026	0.01269	0.01701	0.06004	0.32127	0.15258	0.19637	0.04355	0.00372	0.00499	0.06310	0.05715	0.00522
5	0.00821	0.00586	0.00785	0.00938	0.00984	0.00551	0.00644	0.00949	0.01279	0.01702	0.03618	0.71440	0.04313	0.02045	0.00845	0.00270	0.00398	0.06681	0.00611	0.00540
6	0.00940	0.00638	0.00755	0.00770	0.00785	0.00645	0.00461	0.00974	0.00997	0.01341	0.02200	0.11360	0.02518	0.62517	0.09865	0.00641	0.00720	0.01025	0.00416	0.00431
7	0.01153	0.00722	0.00951	0.00866	0.01060	0.00659	0.00659	0.01457	0.01866	0.10362	0.64771	0.04625	0.05710	0.01288	0.00764	0.00207	0.00338	0.01133	0.00735	0.00676
8	0.01227	0.00614	0.00614	0.00614	0.00767	0.00614	0.00460	0.01534	0.01381	0.02454	0.02148	0.02454	0.01687	0.00767	0.00460	0.00153	0.00307	0.00614	0.80518	0.00614
9	0.02165	0.02607	0.01804	0.01704	0.05346	0.53647	0.01242	0.02504	0.07864	0.01815	0.05485	0.01564	0.01288	0.00752	0.00694	0.00182	0.05006	0.00513	0.00390	0.03429
10	0.01562	0.01405	0.02372	0.28634	0.45468	0.01499	0.01900	0.01963	0.01455	0.05586	0.01283	0.01704	0.01015	0.00623	0.00654	0.00204	0.00804	0.00590	0.00339	0.00939
11	0.01736	0.73137	0.07357	0.01168	0.01754	0.02545	0.01199	0.01978	0.01341	0.01579	0.00930	0.01075	0.00844	0.00567	0.00434	0.00145	0.00719	0.00360	0.00281	0.00852
12	0.06294	0.01449	0.01917	0.04925	0.02086	0.04868	0.13327	0.14097	0.06061	0.10067	0.03408	0.07542	0.01501	0.00779	0.00642	0.00187	0.00690	0.00688	0.00509	0.18962

[dist]
# distance from previous block
# <min> <max>
0	3

[block]
# block no. 4 follows, 33 sequences, length 14
# corresponding to MSA columns:
# 127-140
name=unknown_E
#
# <colnr> <probs for GDERKNQSTAVLIFYWHMCP>
#	G	D	E	R	K	N	Q	S	T	A	V	L	I	F	Y	W	H	M	C	P
0	0.01722	0.01304	0.01502	0.01101	0.01668	0.01122	0.00891	0.15843	0.01759	0.08123	0.01366	0.01478	0.01056	0.00575	0.00536	0.00126	0.00542	0.00453	0.00478	0.58357
1	0.14765	0.01532	0.04396	0.03515	0.05857	0.01547	0.01157	0.31850	0.02168	0.15698	0.01752	0.07289	0.01365	0.00832	0.00626	0.00203	0.00645	0.00654	0.00591	0.03558
2	0.00910	0.00672	0.00850	0.00806	0.00970	0.00612	0.00604	0.01200	0.01812	0.02519	0.63160	0.05117	0.15537	0.01391	0.00777	0.00209	0.00314	0.01219	0.00709	0.00612
3	0.00879	0.00640	0.00839	0.00966	0.01040	0.00618	0.00684	0.01110	0.04710	0.01819	0.07387	0.61014	0.04280	0.01938	0.00836	0.00266	0.00410	0.09372	0.00620	0.00572
4	0.00879	0.00639	0.00815	0.00916	0.00996	0.00604	0.00630	0.03757	0.01399	0.01863	0.09159	0.62650	0.09382	0.01926	0.00823	0.00257	0.00387	0.01731	0.00622	0.00567
5	0.01965	0.01782	0.08564	0.02186	0.02822	0.01572	0.40330	0.12948	0.01847	0.16758	0.01614	0.01809	0.01132	0.00649	0.00724	0.00213	0.00929	0.00702	0.00476	0.00977
6	0.01554	0.01776	0.03885	0.02775	0.03441	0.01665	0.70366	0.02109	0.01554	0.02109	0.01332	0.01776	0.00999	0.00555	0.00777	0.00222	0.01110	0.00777	0.00333	0.00888
7	0.00815	0.00659	0.00725	0.00728	0.00917	0.00569	0.00538	0.01009	0.01559	0.01964	0.21267	0.12903	0.50775	0.01633	0.00784	0.00223	0.00333	0.01392	0.00637	0.00569
8	0.01365	0.01170	0.01365	0.00975	0.01560	0.00878	0.00780	0.01658	0.01365	0.02145	0.01170	0.01365	0.00975	0.00488	0.00488	0.00098	0.00488	0.00390	0.00390	0.80888
9	0.00837	0.00651	0.00766	0.00836	0.00965	0.00596	0.00589	0.01060	0.04494	0.01818	0.08556	0.42707	0.30096	0.01822	0.00806	0.00245	0.00366	0.01602	0.00620	0.00570
10	0.01170	0.00681	0.00911	0.00977	0.01108	0.00626	0.00708	0.01327	0.01393	0.13151	0.03553	0.55567	0.06174	0.01826	0.00816	0.00259	0.00430	0.08042	0.00643	0.00636
11	0.02034	0.00970	0.01158	0.00966	0.01306	0.00936	0.00772	0.08076	0.05969	0.30873	0.05696	0.02415	0.01854	0.00823	0.00585	0.00184	0.00456	0.00667	0.33377	0.00884
12	0.01137	0.01203	0.09621	0.13211	0.02021	0.01137	0.03542	0.03742	0.01214	0.01713	0.01544	0.02283	0.01385	0.07308	0.40706	0.00699	0.05845	0.00666	0.00343	0.00680
13	0.01092	0.00862	0.01180	0.01161	0.01370	0.00861	0.04795	0.01592	0.10886	0.02192	0.18805	0.10831	0.10249	0.01524	0.00824	0.00257	0.00517	0.29704	0.00626	0.00674

[dist]
# distance from previous block
# <min> <max>
0	2

[block]
# block no. 5 follows, 33 sequences, length 18
# corresponding to MSA columns:
# 143-160
name=unknown_F
#
# <colnr> <probs for GDERKNQSTAVLIFYWHMCP>
#	G	D	E	R	K	N	Q	S	T	A	V	L	I	F	Y	W	H	M	C	P
0	0.11008	0.01030	0.01347	0.04055	0.10786	0.01161	0.01052	0.01650	0.05544	0.02119	0.03887	0.08155	0.04114	0.01460	0.07744	0.00308	0.10934	0.10742	0.12188	0.00716
1	0.01798	0.15401	0.15511	0.05273	0.12875	0.10723	0.04961	0.04260	0.10020	0.08377	0.03630	0.01695	0.01264	0.00689	0.00613	0.00192	0.00807	0.00560	0.00416	0.00934
2	0.00922	0.00673	0.00867	0.00818	0.00978	0.00617	0.00614	0.01224	0.01841	0.02588	0.68410	0.05004	0.10245	0.01365	0.00777	0.00208	0.00312	0.01203	0.00718	0.00617
3	0.01560	0.01279	0.01539	0.01640	0.12657	0.01392	0.01098	0.05095	0.40716	0.05248	0.09605	0.04722	0.06573	0.00958	0.00683	0.00215	0.00529	0.00821	0.02717	0.00952
4	0.00817	0.00589	0.00774	0.00894	0.00955	0.00546	0.00607	0.00958	0.01345	0.01802	0.12173	0.64496	0.07691	0.01957	0.00830	0.00258	0.00371	0.01766	0.00625	0.00546
5	0.00916	0.00672	0.00857	0.00811	0.00974	0.00614	0.00608	0.01211	0.01825	0.02549	0.65466	0.05067	0.13212	0.01380	0.00777	0.00209	0.00313	0.01212	0.00713	0.00614
6	0.01598	0.01663	0.03432	0.02456	0.03103	0.01525	0.57664	0.02104	0.01545	0.05651	0.01373	0.01744	0.01027	0.00559	0.00733	0.00205	0.01000	0.00720	0.00365	0.11534
7	0.00802	0.00573	0.00764	0.00917	0.00955	0.00535	0.00611	0.00917	0.01260	0.01681	0.03628	0.76434	0.04354	0.02062	0.00840	0.00267	0.00382	0.01872	0.00611	0.00535
8	0.01464	0.01167	0.01375	0.00987	0.01568	0.00883	0.00792	0.01754	0.01397	0.06569	0.01259	0.01420	0.01016	0.00508	0.00498	0.00104	0.00492	0.00407	0.00416	0.75922
9	0.01488	0.01372	0.02251	0.34963	0.31051	0.01515	0.04334	0.05518	0.04169	0.02083	0.01319	0.01750	0.01034	0.00646	0.00653	0.00207	0.00805	0.00600	0.03355	0.00888
10	0.59610	0.01438	0.01130	0.01003	0.01383	0.07913	0.00801	0.08808	0.01387	0.02832	0.01175	0.05250	0.01015	0.03220	0.00569	0.00218	0.00589	0.00487	0.00437	0.00738
11	0.02254	0.01429	0.01610	0.01288	0.01710	0.01517	0.01026	0.34349	0.12452	0.19990	0.02057	0.02273	0.01561	0.12165	0.01063	0.00269	0.00643	0.00686	0.00659	0.01001
12	0.01024	0.00726	0.00930	0.00975	0.01074	0.00729	0.00709	0.02991	0.01365	0.04681	0.06892	0.41153	0.10531	0.09975	0.01185	0.00301	0.05332	0.08261	0.00582	0.00585
13	0.02128	0.06597	0.04810	0.01555	0.04646	0.01389	0.11207	0.11475	0.06071	0.26278	0.01805	0.01804	0.01269	0.00686	0.00629	0.00183	0.00680	0.00594	0.00563	0.15632
14	0.01390	0.01186	0.01679	0.10594	0.09693	0.04778	0.07108	0.01797	0.06464	0.06947	0.10910	0.11886	0.07853	0.01152	0.00850	0.00232	0.06317	0.07887	0.00511	0.00766
15	0.00925	0.00676	0.00769	0.00795	0.00892	0.00641	0.00531	0.03286	0.01278	0.01639	0.03806	0.21865	0.23155	0.32166	0.01835	0.00403	0.00491	0.03813	0.00527	0.00508
16	0.01584	0.23342	0.05126	0.10813	0.11185	0.05105	0.16831	0.04525	0.03355	0.01967	0.04229	0.06310	0.01385	0.00725	0.00629	0.00194	0.00816	0.00660	0.00365	0.00853
17	0.04036	0.17353	0.20719	0.08781	0.08760	0.04452	0.01580	0.07082	0.04491	0.12215	0.01409	0.01540	0.01043	0.00659	0.00588	0.00189	0.00777	0.00512	0.00413	0.03399

[dist]
# distance from previous block
# <min> <max>
1	13

[block]
# block no. 6 follows, 33 sequences, length 11
# corresponding to MSA columns:
# 174-184
name=unknown_G
#
# <colnr> <probs for GDERKNQSTAVLIFYWHMCP>
#	G	D	E	R	K	N	Q	S	T	A	V	L	I	F	Y	W	H	M	C	P
0	0.04618	0.01125	0.04446	0.01165	0.04220	0.03127	0.00894	0.09960	0.01613	0.06496	0.08930	0.15855	0.06891	0.03303	0.05540	0.00272	0.03667	0.00924	0.12789	0.04164
1	0.01527	0.11791	0.02252	0.01941	0.14630	0.01748	0.05063	0.04749	0.01308	0.01876	0.01123	0.01641	0.01036	0.06222	0.01370	0.00243	0.29161	0.00561	0.00334	0.11423
2	0.01773	0.37054	0.08729	0.01380	0.01871	0.15435	0.04005	0.06970	0.01534	0.01815	0.01151	0.01408	0.00992	0.01269	0.11699	0.00298	0.00995	0.00465	0.00332	0.00823
3	0.81514	0.01273	0.00968	0.00866	0.01273	0.01477	0.00713	0.01935	0.01120	0.02954	0.00917	0.01069	0.00713	0.00611	0.00407	0.00204	0.00509	0.00356	0.00407	0.00713
4	0.00906	0.00644	0.00865	0.01005	0.01080	0.00622	0.00752	0.01078	0.01325	0.01749	0.03449	0.46059	0.03991	0.08192	0.01073	0.00311	0.00482	0.25275	0.00592	0.00549
5	0.00865	0.00591	0.00770	0.00906	0.00965	0.00559	0.00628	0.01014	0.01292	0.01783	0.03463	0.63683	0.04034	0.01909	0.00806	0.00258	0.00390	0.06567	0.08969	0.00548
6	0.00833	0.00595	0.00799	0.00952	0.01003	0.00561	0.00664	0.00970	0.01291	0.01715	0.03612	0.68257	0.04287	0.02034	0.00848	0.00272	0.00409	0.09746	0.00611	0.00543
7	0.01014	0.00703	0.00896	0.00900	0.01046	0.00665	0.00654	0.01341	0.05888	0.05469	0.37800	0.30198	0.07778	0.01563	0.00788	0.00230	0.00361	0.01390	0.00680	0.00636
8	0.01241	0.01120	0.01781	0.28185	0.06307	0.01192	0.07988	0.01554	0.01364	0.01869	0.09121	0.02439	0.06314	0.04245	0.00990	0.05141	0.05196	0.00707	0.00384	0.12862
9	0.14027	0.07697	0.07808	0.01113	0.01499	0.01218	0.06801	0.01984	0.09335	0.05297	0.06136	0.02240	0.04106	0.00777	0.00552	0.00187	0.00536	0.00632	0.27284	0.00772
10	0.06876	0.13097	0.01932	0.01493	0.03859	0.38810	0.01147	0.02351	0.07711	0.01873	0.03495	0.01571	0.03225	0.00726	0.00625	0.00175	0.03540	0.00497	0.00385	0.06613

[dist]
# distance from previous block
# <min> <max>
1	4

[block]
# block no. 7 follows, 33 sequences, length 12
# corresponding to MSA columns:
# 189-200
name=unknown_H
#
# <colnr> <probs for GDERKNQSTAVLIFYWHMCP>
#	G	D	E	R	K	N	Q	S	T	A	V	L	I	F	Y	W	H	M	C	P
0	0.01725	0.45130	0.02561	0.01184	0.01606	0.14145	0.01045	0.05019	0.01466	0.01675	0.01424	0.05279	0.03672	0.05557	0.05766	0.00250	0.00826	0.00546	0.00348	0.00774
1	0.05562	0.04925	0.05026	0.08932	0.09984	0.01403	0.14139	0.09767	0.01637	0.07284	0.01618	0.03952	0.02899	0.00716	0.00635	0.00189	0.00729	0.02603	0.02239	0.15761
2	0.01961	0.09606	0.02333	0.01963	0.11856	0.14001	0.10488	0.16153	0.06990	0.06110	0.01689	0.01835	0.04901	0.00771	0.00757	0.00200	0.06387	0.00619	0.00455	0.00924
3	0.00926	0.00630	0.00722	0.00744	0.00761	0.00619	0.00435	0.00951	0.01029	0.01361	0.02539	0.14762	0.06362	0.62178	0.02855	0.00563	0.00585	0.01111	0.00441	0.00427
4	0.06346	0.00919	0.01220	0.04442	0.01473	0.00891	0.02629	0.01964	0.06134	0.21428	0.28716	0.12221	0.03681	0.01184	0.00725	0.00219	0.00471	0.03870	0.00678	0.00789
5	0.01993	0.07711	0.04498	0.11484	0.12495	0.03687	0.06832	0.20436	0.10402	0.11445	0.01636	0.01754	0.01200	0.00714	0.00647	0.00201	0.00757	0.00605	0.00508	0.00994
6	0.01581	0.01535	0.02868	0.02486	0.14020	0.03637	0.38168	0.02069	0.04520	0.06917	0.01819	0.10999	0.01611	0.00831	0.00752	0.00224	0.00888	0.03774	0.00424	0.00877
7	0.00823	0.00655	0.00739	0.00746	0.00924	0.00571	0.00549	0.01022	0.01566	0.02000	0.24168	0.15724	0.44919	0.01635	0.00786	0.00224	0.00334	0.01402	0.00642	0.00571
8	0.01758	0.04930	0.10583	0.17751	0.13516	0.01425	0.06176	0.05072	0.01578	0.17362	0.05221	0.04482	0.01469	0.00782	0.00747	0.00212	0.04898	0.00668	0.00459	0.00911
9	0.01914	0.09619	0.07510	0.04140	0.12951	0.06012	0.10381	0.13817	0.11758	0.10073	0.01625	0.01758	0.01220	0.00848	0.03265	0.00229	0.00822	0.00606	0.00477	0.00976
10	0.01769	0.01822	0.02389	0.16732	0.22411	0.16811	0.13236	0.08107	0.01683	0.02133	0.01279	0.01630	0.01007	0.00643	0.00651	0.00197	0.00908	0.00586	0.05125	0.00879
11	0.00959	0.00713	0.00900	0.00857	0.01028	0.00671	0.00651	0.01333	0.05234	0.02543	0.60383	0.05028	0.11507	0.01372	0.00777	0.00213	0.00336	0.04153	0.00707	0.00636

[dist]
# distance from previous block
# <min> <max>
2	6

[block]
# block no. 8 follows, 33 sequences, length 6
# corresponding to MSA columns:
# 208-213
name=unknown_I
#
# <colnr> <probs for GDERKNQSTAVLIFYWHMCP>
#	G	D	E	R	K	N	Q	S	T	A	V	L	I	F	Y	W	H	M	C	P
0	0.05414	0.01189	0.01749	0.12405	0.02187	0.01254	0.12958	0.06243	0.15781	0.02219	0.02274	0.24766	0.02209	0.01116	0.00715	0.00227	0.00643	0.01024	0.00509	0.05120
1	0.05772	0.07584	0.04803	0.11036	0.12331	0.09287	0.12644	0.06458	0.05393	0.04754	0.01490	0.01740	0.03467	0.00700	0.00713	0.00199	0.04867	0.00593	0.00393	0.05776
2	0.01021	0.00821	0.01159	0.01053	0.01219	0.00782	0.08749	0.04724	0.01352	0.01760	0.03442	0.27064	0.17896	0.24099	0.01561	0.00360	0.00552	0.01299	0.00518	0.00571
3	0.01514	0.01216	0.01589	0.01142	0.01727	0.00951	0.06601	0.01825	0.01424	0.08082	0.01303	0.01473	0.01032	0.00521	0.00526	0.00117	0.00546	0.00445	0.00421	0.67548
4	0.01144	0.00572	0.00858	0.00858	0.00858	0.00572	0.00572	0.00858	0.00858	0.01144	0.01144	0.02001	0.01144	0.02287	0.02573	0.80846	0.00572	0.00572	0.00286	0.00286
5	0.00802	0.00573	0.00764	0.00917	0.00955	0.00535	0.00611	0.00917	0.01260	0.01681	0.03628	0.76434	0.04354	0.02062	0.00840	0.00267	0.00382	0.01872	0.00611	0.00535

[dist]
# distance from previous block
# <min> <max>
1	5

[block]
# block no. 9 follows, 33 sequences, length 14
# corresponding to MSA columns:
# 219-232
name=unknown_J
#
# <colnr> <probs for GDERKNQSTAVLIFYWHMCP>
#	G	D	E	R	K	N	Q	S	T	A	V	L	I	F	Y	W	H	M	C	P
0	0.00983	0.00739	0.01023	0.01002	0.01074	0.00854	0.00737	0.01138	0.01023	0.01454	0.01793	0.03037	0.01820	0.27017	0.46870	0.00870	0.06890	0.00774	0.00362	0.00539
1	0.01493	0.01678	0.11144	0.12408	0.18299	0.05564	0.08552	0.07613	0.06401	0.02215	0.06055	0.12080	0.01821	0.00890	0.00694	0.00214	0.00770	0.00808	0.00431	0.00870
2	0.01621	0.01704	0.15845	0.07551	0.09250	0.01251	0.01388	0.07183	0.01554	0.09351	0.01345	0.01534	0.01020	0.00612	0.00621	0.00163	0.02719	0.00492	0.00414	0.34383
3	0.02417	0.01376	0.01612	0.01302	0.01769	0.01424	0.01054	0.17951	0.25341	0.34743	0.02404	0.02169	0.01645	0.00836	0.00664	0.00209	0.00583	0.00674	0.00733	0.01094
4	0.01777	0.13112	0.02241	0.17346	0.11295	0.07776	0.05094	0.09969	0.06850	0.06269	0.01376	0.01596	0.01064	0.00651	0.00602	0.00182	0.00766	0.00539	0.00413	0.11080
5	0.00884	0.00688	0.00806	0.00795	0.00971	0.00625	0.00589	0.01175	0.04366	0.02193	0.35757	0.13641	0.32038	0.01538	0.00780	0.00221	0.00336	0.01330	0.00665	0.00602
6	0.15510	0.05560	0.02276	0.08352	0.44717	0.01582	0.01642	0.04692	0.01495	0.06371	0.01251	0.01544	0.00999	0.00616	0.00598	0.00196	0.00723	0.00539	0.00376	0.00959
7	0.00892	0.00661	0.00918	0.06442	0.01273	0.00655	0.00754	0.01094	0.01406	0.01902	0.17888	0.46190	0.04314	0.01917	0.04199	0.00291	0.00487	0.07542	0.00599	0.00576
8	0.00844	0.00618	0.00782	0.00846	0.00943	0.00568	0.00588	0.01017	0.01455	0.01954	0.24007	0.42359	0.14358	0.05347	0.00932	0.00261	0.00367	0.01562	0.00634	0.00556
9	0.01935	0.01419	0.02069	0.15061	0.30807	0.04695	0.01546	0.02362	0.05364	0.20842	0.01649	0.01820	0.01208	0.00674	0.00644	0.00196	0.00726	0.00595	0.00472	0.05914
10	0.01972	0.01581	0.01677	0.01407	0.01840	0.01794	0.01123	0.29467	0.45053	0.03294	0.02254	0.02117	0.01665	0.00853	0.00665	0.00213	0.00600	0.00686	0.00665	0.01072
11	0.01772	0.01908	0.16800	0.01468	0.01997	0.01660	0.01367	0.22493	0.31979	0.03009	0.06940	0.02150	0.01798	0.00839	0.00665	0.00212	0.00661	0.00677	0.00588	0.01020
12	0.01508	0.01007	0.01561	0.04275	0.05067	0.00958	0.09821	0.01890	0.04384	0.16890	0.22766	0.06192	0.07890	0.01172	0.00761	0.00227	0.00568	0.11650	0.00626	0.00790
13	0.06554	0.01300	0.01487	0.01175	0.03974	0.01151	0.00907	0.12111	0.05010	0.05263	0.01346	0.01474	0.01058	0.00576	0.00529	0.00132	0.00538	0.00452	0.00459	0.54505

[dist]
# distance from previous block
# <min> <max>
0	35

# created by:
# /home/berkeley/.conda/envs/busco_data_prod/bin/msa2prfl.pl pipeline/OGs_align_augustus/4893/27479.fs
