[name]
unknown

[dist]
# distance from previous block
# <min> <max>
0	233

[block]
# block no. 0 follows, 34 sequences, length 69
# corresponding to MSA columns:
# 235-303
name=unknown_A
#
# <colnr> <probs for GDERKNQSTAVLIFYWHMCP>
#	G	D	E	R	K	N	Q	S	T	A	V	L	I	F	Y	W	H	M	C	P
0	0.01599	0.12415	0.09392	0.01506	0.10092	0.01318	0.01199	0.06384	0.04313	0.10772	0.04706	0.06017	0.03842	0.00873	0.00623	0.00186	0.00615	0.08159	0.00479	0.15509
1	0.09226	0.21744	0.05421	0.01764	0.14202	0.07720	0.03983	0.08797	0.01652	0.17554	0.01405	0.01486	0.01048	0.00647	0.00561	0.00180	0.00724	0.00501	0.00449	0.00935
2	0.01583	0.07308	0.02553	0.14142	0.55259	0.04195	0.01863	0.01952	0.01446	0.01980	0.01174	0.01559	0.00978	0.00587	0.00622	0.00190	0.00790	0.00552	0.00312	0.00954
3	0.01220	0.01148	0.01938	0.75739	0.04450	0.01436	0.01794	0.01651	0.01292	0.01651	0.01148	0.01723	0.00861	0.00646	0.00646	0.00215	0.00861	0.00574	0.00287	0.00718
4	0.01794	0.66370	0.05720	0.01182	0.01738	0.05299	0.01166	0.07210	0.01466	0.01735	0.00961	0.01092	0.00849	0.00576	0.00446	0.00146	0.00720	0.00371	0.00307	0.00851
5	0.00943	0.00753	0.00856	0.00813	0.01021	0.00714	0.00615	0.01389	0.10902	0.02256	0.36262	0.05085	0.33209	0.01393	0.00749	0.00211	0.00341	0.01192	0.00658	0.00637
6	0.01431	0.01436	0.02661	0.04294	0.05001	0.01493	0.35487	0.07009	0.01494	0.02051	0.01693	0.14508	0.01613	0.00954	0.00985	0.00236	0.13280	0.03182	0.00397	0.00795
7	0.00771	0.00649	0.00668	0.00677	0.00880	0.00546	0.00503	0.00936	0.01470	0.01769	0.08730	0.10916	0.65977	0.01651	0.00768	0.00221	0.00330	0.01388	0.00604	0.00546
8	0.02456	0.01810	0.01939	0.01487	0.02004	0.02004	0.01228	0.71107	0.03038	0.04072	0.01551	0.01551	0.01099	0.00776	0.00646	0.00194	0.00711	0.00582	0.00646	0.01099
9	0.01599	0.01535	0.02623	0.03966	0.73262	0.01535	0.01983	0.01983	0.01471	0.02111	0.01215	0.01599	0.01023	0.00576	0.00640	0.00192	0.00768	0.00576	0.00320	0.01023
10	0.02772	0.01303	0.01626	0.01246	0.01751	0.01252	0.01030	0.22634	0.02190	0.53743	0.02263	0.02013	0.01456	0.00793	0.00649	0.00198	0.00596	0.00630	0.00756	0.01099
11	0.00803	0.00574	0.00768	0.00918	0.00963	0.00539	0.00628	0.00927	0.01253	0.01667	0.03552	0.72466	0.04238	0.02009	0.00829	0.00265	0.00389	0.06083	0.00599	0.00529
12	0.02514	0.01641	0.01825	0.01408	0.01915	0.01763	0.01160	0.53758	0.05759	0.18805	0.01810	0.01726	0.01243	0.00785	0.00648	0.00196	0.00668	0.00603	0.00679	0.01096
13	0.00923	0.00692	0.01038	0.01038	0.01154	0.00808	0.00808	0.01154	0.01038	0.01500	0.01731	0.02538	0.01615	0.04846	0.74732	0.01038	0.01731	0.00692	0.00346	0.00577
14	0.00786	0.00566	0.00746	0.00890	0.00935	0.00526	0.00596	0.00901	0.01246	0.01653	0.03678	0.74107	0.06962	0.02009	0.00822	0.00261	0.00373	0.01818	0.00600	0.00526
15	0.00787	0.00562	0.00750	0.00900	0.00937	0.00525	0.00600	0.00900	0.01237	0.01649	0.03561	0.76871	0.04274	0.02024	0.00825	0.00262	0.00375	0.01837	0.00600	0.00525
16	0.01220	0.01148	0.01938	0.75739	0.04450	0.01436	0.01794	0.01651	0.01292	0.01651	0.01148	0.01723	0.00861	0.00646	0.00646	0.00215	0.00861	0.00574	0.00287	0.00718
17	0.01414	0.01414	0.01979	0.01696	0.01696	0.01979	0.01414	0.01555	0.00990	0.01555	0.00848	0.01414	0.00848	0.01131	0.02120	0.00283	0.76110	0.00565	0.00283	0.00707
18	0.69179	0.01238	0.01056	0.00919	0.01315	0.01410	0.00758	0.02037	0.01186	0.11409	0.01097	0.01203	0.00814	0.00645	0.00497	0.00203	0.03448	0.00395	0.00444	0.00748
19	0.02899	0.01100	0.01499	0.01150	0.01649	0.00950	0.00950	0.03149	0.01849	0.73709	0.02549	0.02199	0.01599	0.00800	0.00650	0.00200	0.00550	0.00650	0.00800	0.01100
20	0.00970	0.00722	0.00998	0.00926	0.01112	0.00656	0.04609	0.01226	0.01636	0.04663	0.40209	0.17000	0.18267	0.01450	0.00772	0.00219	0.00381	0.02920	0.00649	0.00614
21	0.01610	0.01568	0.02571	0.06688	0.68368	0.03806	0.01953	0.01989	0.01475	0.02077	0.01206	0.01590	0.01011	0.00581	0.00638	0.00192	0.00784	0.00571	0.00319	0.01003
22	0.01296	0.03342	0.73944	0.01842	0.02797	0.01501	0.02387	0.02046	0.01364	0.02046	0.01160	0.01364	0.00818	0.00614	0.00614	0.00205	0.00955	0.00477	0.00273	0.00955
23	0.17712	0.01981	0.02065	0.04114	0.23725	0.24699	0.06808	0.05115	0.01562	0.02149	0.01091	0.01359	0.00889	0.00637	0.00638	0.00191	0.03573	0.00495	0.00352	0.00845
24	0.00787	0.00562	0.00750	0.00900	0.00937	0.00525	0.00600	0.00900	0.01237	0.01649	0.03561	0.76871	0.04274	0.02024	0.00825	0.00262	0.00375	0.01837	0.00600	0.00525
25	0.01542	0.03019	0.01456	0.01156	0.04132	0.01089	0.00882	0.07353	0.10530	0.07309	0.03910	0.04470	0.03166	0.00689	0.00559	0.00143	0.00509	0.00567	0.00486	0.47034
26	0.00783	0.00657	0.00677	0.00680	0.00887	0.00557	0.00511	0.00952	0.01471	0.01768	0.08675	0.06150	0.66272	0.03739	0.00838	0.00232	0.00344	0.03663	0.00598	0.00545
27	0.01734	0.73794	0.05205	0.01139	0.01697	0.04394	0.01143	0.01954	0.01328	0.01536	0.00908	0.01048	0.00829	0.00557	0.00424	0.00141	0.00710	0.00351	0.00278	0.00830
28	0.02139	0.01859	0.04129	0.01408	0.01839	0.15535	0.01152	0.36300	0.06625	0.07222	0.06229	0.04734	0.01582	0.00978	0.03274	0.00222	0.00776	0.00646	0.00569	0.02782
29	0.02248	0.21042	0.02205	0.01530	0.01916	0.57328	0.01214	0.02425	0.01706	0.01567	0.00975	0.01134	0.00832	0.00639	0.00542	0.00160	0.01051	0.00399	0.00319	0.00768
30	0.81856	0.01250	0.00950	0.00850	0.01250	0.01449	0.00700	0.01899	0.01100	0.02899	0.00900	0.01050	0.00700	0.00600	0.00400	0.00200	0.00500	0.00350	0.00400	0.00700
31	0.00924	0.00688	0.01015	0.01015	0.01123	0.00795	0.00779	0.01139	0.01032	0.01483	0.01752	0.02655	0.01666	0.09858	0.69789	0.01010	0.01654	0.00709	0.00349	0.00564
32	0.00909	0.00727	0.00822	0.00786	0.00989	0.00674	0.00593	0.01291	0.08332	0.02202	0.34873	0.05255	0.37329	0.01428	0.00753	0.00212	0.00335	0.01219	0.00654	0.00619
33	0.01525	0.03633	0.08853	0.01124	0.01658	0.01084	0.00992	0.10385	0.01576	0.07199	0.01590	0.10838	0.01415	0.00747	0.00566	0.00148	0.00555	0.00616	0.00457	0.45040
34	0.00856	0.00637	0.00796	0.00800	0.00940	0.00578	0.00584	0.01090	0.01626	0.02212	0.44160	0.21103	0.19159	0.01541	0.00776	0.00219	0.00325	0.01356	0.00664	0.00578
35	0.03780	0.19036	0.14920	0.01859	0.14859	0.01702	0.04748	0.12579	0.01681	0.09735	0.01507	0.01630	0.03563	0.00663	0.00582	0.00180	0.00729	0.00536	0.00417	0.05294
36	0.01641	0.09215	0.14676	0.07969	0.04966	0.01307	0.05356	0.06168	0.03819	0.16002	0.12892	0.09221	0.02192	0.00901	0.00659	0.00203	0.00658	0.00776	0.00515	0.00864
37	0.00806	0.00599	0.00753	0.00849	0.00941	0.00547	0.00594	0.00957	0.01362	0.01786	0.12001	0.51358	0.18947	0.01855	0.00807	0.00248	0.00365	0.04072	0.00612	0.00541
38	0.00787	0.00562	0.00750	0.00900	0.00937	0.00525	0.00600	0.00900	0.01237	0.01649	0.03561	0.76871	0.04274	0.02024	0.00825	0.00262	0.00375	0.01837	0.00600	0.00525
39	0.02039	0.01646	0.02076	0.07763	0.06941	0.11341	0.12803	0.12484	0.14382	0.17117	0.01829	0.03686	0.01356	0.00752	0.00664	0.00203	0.00774	0.00660	0.00533	0.00951
40	0.01447	0.01470	0.01974	0.01695	0.01707	0.04430	0.01408	0.01590	0.01018	0.01556	0.00853	0.01405	0.00848	0.01115	0.02069	0.00279	0.73584	0.00560	0.00284	0.00708
41	0.02326	0.02948	0.02026	0.01769	0.02133	0.67519	0.08094	0.02530	0.01801	0.01629	0.01029	0.01222	0.00847	0.00654	0.00600	0.00172	0.01158	0.00450	0.00332	0.00761
42	0.01220	0.01148	0.01938	0.75739	0.04450	0.01436	0.01794	0.01651	0.01292	0.01651	0.01148	0.01723	0.00861	0.00646	0.00646	0.00215	0.00861	0.00574	0.00287	0.00718
43	0.00786	0.00566	0.00746	0.00890	0.00935	0.00526	0.00595	0.00901	0.01247	0.01653	0.03683	0.73994	0.07072	0.02008	0.00822	0.00261	0.00373	0.01818	0.00600	0.00526
44	0.01599	0.01535	0.02623	0.03966	0.73262	0.01535	0.01983	0.01983	0.01471	0.02111	0.01215	0.01599	0.01023	0.00576	0.00640	0.00192	0.00768	0.00576	0.00320	0.01023
45	0.01924	0.01497	0.01587	0.01327	0.01737	0.01687	0.01060	0.31148	0.37800	0.03243	0.02142	0.02057	0.01586	0.00825	0.00636	0.00203	0.00576	0.00659	0.07288	0.01019
46	0.01250	0.01192	0.01706	0.01506	0.01542	0.01568	0.03722	0.01398	0.01062	0.01582	0.01521	0.17904	0.01672	0.04160	0.03970	0.00311	0.52051	0.00865	0.00359	0.00658
47	0.01552	0.01541	0.02514	0.13164	0.48300	0.04253	0.06817	0.01918	0.01410	0.01964	0.01163	0.01589	0.00972	0.00649	0.00815	0.00206	0.09353	0.00582	0.00312	0.00926
48	0.01497	0.00759	0.00825	0.00758	0.00983	0.00759	0.00585	0.01952	0.08882	0.12983	0.02228	0.02378	0.01681	0.00773	0.00503	0.00165	0.00360	0.00623	0.60585	0.00720
49	0.01755	0.01462	0.01544	0.01345	0.01737	0.01676	0.01059	0.15232	0.60055	0.02942	0.02442	0.02261	0.01820	0.00859	0.00656	0.00215	0.00546	0.00705	0.00656	0.01036
50	0.01015	0.00804	0.01121	0.11834	0.04160	0.00852	0.00879	0.03620	0.01424	0.01925	0.17830	0.31232	0.08497	0.03492	0.00968	0.03166	0.04792	0.01245	0.00535	0.00609
51	0.04399	0.16855	0.23877	0.01740	0.05174	0.03581	0.14304	0.05464	0.03938	0.02055	0.01315	0.04270	0.01100	0.03416	0.00694	0.00203	0.00819	0.00577	0.00347	0.05873
52	0.01680	0.69524	0.11128	0.01186	0.01783	0.02441	0.01246	0.01947	0.01319	0.01578	0.00927	0.01072	0.00828	0.00559	0.00436	0.00145	0.00720	0.00360	0.00276	0.00843
53	0.00799	0.00636	0.00718	0.00740	0.00905	0.00554	0.00539	0.00980	0.01494	0.01896	0.19339	0.21230	0.44577	0.01656	0.00777	0.00225	0.00333	0.01427	0.00622	0.00554
54	0.01368	0.06434	0.19145	0.04672	0.04728	0.01714	0.07547	0.01721	0.01228	0.01787	0.03698	0.01826	0.03346	0.00922	0.01318	0.00240	0.35049	0.02153	0.00317	0.00788
55	0.01285	0.01282	0.04873	0.64597	0.04093	0.01499	0.01770	0.04377	0.01342	0.01755	0.01143	0.01680	0.00868	0.00684	0.00749	0.00219	0.06172	0.00570	0.00300	0.00742
56	0.00814	0.00657	0.00724	0.00707	0.00904	0.00567	0.00531	0.01025	0.01592	0.02028	0.28701	0.05754	0.50668	0.01531	0.00763	0.00213	0.00320	0.01299	0.00637	0.00567
57	0.00914	0.00660	0.00864	0.00813	0.00965	0.00610	0.00610	0.01219	0.01829	0.02591	0.72921	0.04827	0.06097	0.01321	0.00762	0.00203	0.00305	0.01169	0.00711	0.00610
58	0.01937	0.07840	0.28032	0.04481	0.09096	0.03683	0.06543	0.02402	0.01555	0.25763	0.01611	0.01672	0.01111	0.00665	0.00624	0.00197	0.00795	0.00556	0.00459	0.00979
59	0.02032	0.05176	0.10238	0.01501	0.01926	0.37169	0.01274	0.11678	0.10852	0.02198	0.03949	0.01603	0.01252	0.00726	0.00597	0.00181	0.00895	0.00522	0.05389	0.00844
60	0.02415	0.03025	0.01836	0.01657	0.01998	0.71568	0.01248	0.05531	0.01883	0.01689	0.01023	0.01182	0.00844	0.00671	0.00585	0.00168	0.01146	0.00423	0.00346	0.00764
61	0.01781	0.53732	0.13096	0.01234	0.01820	0.04124	0.01268	0.04572	0.01457	0.07580	0.03335	0.01318	0.01064	0.00617	0.00486	0.00157	0.00718	0.00425	0.00347	0.00870
62	0.01599	0.01535	0.02623	0.03966	0.73262	0.01535	0.01983	0.01983	0.01471	0.02111	0.01215	0.01599	0.01023	0.00576	0.00640	0.00192	0.00768	0.00576	0.00320	0.01023
63	0.01565	0.01574	0.02904	0.06437	0.52491	0.01557	0.19822	0.01993	0.01478	0.02082	0.01237	0.01641	0.01006	0.00570	0.00672	0.00200	0.00855	0.00624	0.00320	0.00972
64	0.01220	0.01148	0.01938	0.75739	0.04450	0.01436	0.01794	0.01651	0.01292	0.01651	0.01148	0.01723	0.00861	0.00646	0.00646	0.00215	0.00861	0.00574	0.00287	0.00718
65	0.00940	0.00626	0.00705	0.00705	0.00705	0.00626	0.00392	0.00940	0.00940	0.01253	0.02036	0.04228	0.02349	0.77292	0.03289	0.00626	0.00626	0.00940	0.00392	0.00392
66	0.01522	0.01605	0.01940	0.01729	0.04273	0.12071	0.03163	0.01694	0.01190	0.01642	0.04175	0.01690	0.03324	0.01054	0.01715	0.00256	0.55316	0.00601	0.00321	0.00719
67	0.00826	0.00642	0.00750	0.00802	0.00951	0.00575	0.00596	0.01002	0.01432	0.01812	0.11892	0.23899	0.37713	0.04414	0.00885	0.00252	0.00382	0.10022	0.00603	0.00548
68	0.01536	0.07133	0.02490	0.09398	0.48910	0.04126	0.05522	0.01900	0.01476	0.02013	0.04395	0.01968	0.03194	0.00673	0.00643	0.00194	0.00766	0.02394	0.00346	0.00924

[dist]
# distance from previous block
# <min> <max>
0	10

[block]
# block no. 1 follows, 34 sequences, length 15
# corresponding to MSA columns:
# 314-328
name=unknown_B
#
# <colnr> <probs for GDERKNQSTAVLIFYWHMCP>
#	G	D	E	R	K	N	Q	S	T	A	V	L	I	F	Y	W	H	M	C	P
0	0.06348	0.15499	0.15992	0.01398	0.01920	0.06763	0.04463	0.05768	0.10795	0.09869	0.07116	0.01802	0.01495	0.00741	0.00660	0.00191	0.04297	0.00567	0.00453	0.03864
1	0.40896	0.05168	0.13673	0.01247	0.01778	0.06392	0.05125	0.04646	0.01379	0.09067	0.01160	0.01287	0.00860	0.00621	0.00505	0.00192	0.00675	0.00437	0.00409	0.04483
2	0.04493	0.01771	0.13722	0.02024	0.11554	0.04466	0.17512	0.04755	0.08645	0.04520	0.08741	0.02170	0.04824	0.00792	0.00795	0.00212	0.07005	0.00700	0.00428	0.00870
3	0.03889	0.10700	0.39977	0.01519	0.02179	0.05195	0.01712	0.04006	0.04940	0.05423	0.01530	0.06837	0.01298	0.00852	0.00695	0.03536	0.00803	0.03672	0.00372	0.00864
4	0.01097	0.00843	0.03359	0.01051	0.01196	0.00840	0.00828	0.03355	0.04868	0.03675	0.05770	0.20754	0.02627	0.05389	0.20005	0.07976	0.04120	0.08578	0.03066	0.00604
5	0.00791	0.00654	0.00695	0.00706	0.00906	0.00559	0.00533	0.00970	0.01490	0.01820	0.11759	0.09959	0.60433	0.01638	0.00773	0.00223	0.00341	0.04588	0.00609	0.00552
6	0.01539	0.00701	0.00780	0.00710	0.00930	0.00671	0.00550	0.01830	0.01453	0.16503	0.02195	0.02367	0.01645	0.00762	0.00491	0.00160	0.00350	0.00612	0.65050	0.00701
7	0.02899	0.01100	0.01499	0.01150	0.01649	0.00950	0.00950	0.03149	0.01849	0.73709	0.02549	0.02199	0.01599	0.00800	0.00650	0.00200	0.00550	0.00650	0.00800	0.01100
8	0.01486	0.01260	0.01356	0.01227	0.01555	0.01432	0.00950	0.03045	0.59759	0.02683	0.14970	0.02835	0.02696	0.00955	0.00676	0.00216	0.00475	0.00807	0.00667	0.00950
9	0.01525	0.01743	0.03813	0.02723	0.03377	0.01634	0.70915	0.02070	0.01525	0.02070	0.01307	0.01743	0.00980	0.00545	0.00763	0.00218	0.01089	0.00763	0.00327	0.00871
10	0.81856	0.01250	0.00950	0.00850	0.01250	0.01449	0.00700	0.01899	0.01100	0.02899	0.00900	0.01050	0.00700	0.00600	0.00400	0.00200	0.00500	0.00350	0.00400	0.00700
11	0.01414	0.01414	0.01979	0.01696	0.01696	0.01979	0.01414	0.01555	0.00990	0.01555	0.00848	0.01414	0.00848	0.01131	0.02120	0.00283	0.76110	0.00565	0.00283	0.00707
12	0.02341	0.01753	0.01874	0.01463	0.01960	0.01950	0.01200	0.61949	0.12383	0.03887	0.01697	0.01668	0.01217	0.00789	0.00648	0.00197	0.00684	0.00602	0.00648	0.01089
13	0.00795	0.00637	0.00715	0.00770	0.00932	0.00557	0.00570	0.00956	0.01408	0.01735	0.05434	0.26115	0.47629	0.01758	0.00792	0.00238	0.00364	0.07451	0.00600	0.00544
14	0.01827	0.06454	0.13970	0.08997	0.30038	0.04250	0.01690	0.05036	0.01573	0.15538	0.01435	0.01624	0.01066	0.00638	0.00617	0.00191	0.00765	0.00548	0.00413	0.03330

[dist]
# distance from previous block
# <min> <max>
0	1

[block]
# block no. 2 follows, 34 sequences, length 7
# corresponding to MSA columns:
# 330-336
name=unknown_C
#
# <colnr> <probs for GDERKNQSTAVLIFYWHMCP>
#	G	D	E	R	K	N	Q	S	T	A	V	L	I	F	Y	W	H	M	C	P
0	0.00818	0.00645	0.00739	0.00740	0.00913	0.00565	0.00546	0.01024	0.01565	0.02023	0.28944	0.14781	0.41244	0.01578	0.00771	0.00219	0.00326	0.01357	0.00638	0.00565
1	0.01838	0.01401	0.01863	0.01989	0.19056	0.07691	0.06203	0.02369	0.12647	0.18878	0.07931	0.08428	0.01978	0.00887	0.00733	0.00208	0.03668	0.00772	0.00541	0.00917
2	0.01340	0.01148	0.01340	0.00957	0.01531	0.00861	0.00766	0.01627	0.01340	0.02105	0.01148	0.01340	0.00957	0.00479	0.00479	0.00096	0.00479	0.00383	0.00383	0.81242
3	0.06084	0.30262	0.02349	0.01289	0.01782	0.07864	0.01120	0.25274	0.09292	0.06768	0.01400	0.01429	0.01076	0.00686	0.00543	0.00174	0.00699	0.00488	0.00480	0.00942
4	0.07026	0.22148	0.28522	0.01665	0.05639	0.07950	0.05886	0.06223	0.01515	0.06113	0.01175	0.01334	0.00895	0.00615	0.00559	0.00183	0.00836	0.00468	0.00345	0.00903
5	0.06418	0.16211	0.29476	0.01718	0.08040	0.05621	0.01663	0.09082	0.08907	0.02234	0.01273	0.01424	0.00981	0.00665	0.00631	0.00193	0.03682	0.00491	0.00366	0.00924
6	0.01103	0.00774	0.00952	0.00883	0.01073	0.00746	0.00663	0.05051	0.05967	0.05627	0.48502	0.10144	0.10475	0.04112	0.00843	0.00225	0.00368	0.01148	0.00679	0.00662

[dist]
# distance from previous block
# <min> <max>
6	12

[block]
# block no. 3 follows, 34 sequences, length 41
# corresponding to MSA columns:
# 349-389
name=unknown_D
#
# <colnr> <probs for GDERKNQSTAVLIFYWHMCP>
#	G	D	E	R	K	N	Q	S	T	A	V	L	I	F	Y	W	H	M	C	P
0	0.01505	0.07582	0.21267	0.02020	0.05136	0.01523	0.28225	0.03748	0.01521	0.05610	0.07957	0.01863	0.01434	0.00673	0.00721	0.00202	0.03555	0.00655	0.00377	0.04425
1	0.00806	0.00577	0.00756	0.00893	0.00939	0.00541	0.00603	0.00922	0.01238	0.01642	0.03563	0.67366	0.06372	0.06390	0.00969	0.00284	0.00397	0.04635	0.00587	0.00521
2	0.01413	0.04555	0.01460	0.00990	0.01561	0.00993	0.00804	0.05125	0.01424	0.02178	0.01158	0.01337	0.00959	0.00497	0.00484	0.00103	0.00500	0.00391	0.00391	0.73679
3	0.01869	0.09274	0.10060	0.01855	0.08497	0.04460	0.12051	0.18144	0.07415	0.07946	0.01444	0.01596	0.01088	0.00702	0.00744	0.00197	0.06733	0.00574	0.00451	0.04899
4	0.01601	0.01736	0.11572	0.04073	0.21892	0.07547	0.08487	0.02072	0.05162	0.06859	0.04019	0.01970	0.01359	0.00698	0.00664	0.00189	0.02284	0.03495	0.02383	0.11939
5	0.00786	0.00569	0.00743	0.00882	0.00933	0.00526	0.00592	0.00902	0.01254	0.01656	0.03775	0.71799	0.09207	0.01996	0.00820	0.00259	0.00371	0.01803	0.00600	0.00526
6	0.00815	0.00657	0.00725	0.00708	0.00904	0.00567	0.00531	0.01026	0.01593	0.02031	0.28956	0.05748	0.50411	0.01530	0.00763	0.00213	0.00320	0.01298	0.00638	0.00567
7	0.01414	0.01414	0.01979	0.01696	0.01696	0.01979	0.01414	0.01555	0.00990	0.01555	0.00848	0.01414	0.00848	0.01131	0.02120	0.00283	0.76110	0.00565	0.00283	0.00707
8	0.81856	0.01250	0.00950	0.00850	0.01250	0.01449	0.00700	0.01899	0.01100	0.02899	0.00900	0.01050	0.00700	0.00600	0.00400	0.00200	0.00500	0.00350	0.00400	0.00700
9	0.01607	0.01388	0.01461	0.01315	0.01680	0.01607	0.01023	0.03433	0.72094	0.02703	0.02630	0.02411	0.01972	0.00877	0.00657	0.00219	0.00511	0.00731	0.00657	0.01023
10	0.02283	0.02441	0.01795	0.01555	0.01943	0.42312	0.01203	0.21123	0.14533	0.02447	0.01434	0.01488	0.01105	0.00732	0.00613	0.00183	0.00928	0.00516	0.00474	0.00891
11	0.00855	0.00649	0.00782	0.00831	0.00961	0.00599	0.00603	0.01075	0.03315	0.01890	0.17824	0.29839	0.25278	0.05968	0.00934	0.00260	0.00382	0.06783	0.00611	0.00559
12	0.05340	0.06104	0.02334	0.12103	0.12459	0.08375	0.13775	0.15266	0.07923	0.04219	0.01380	0.01611	0.01056	0.00670	0.00672	0.00198	0.02820	0.00583	0.00423	0.02687
13	0.05090	0.02366	0.01918	0.03968	0.08961	0.37503	0.01309	0.26405	0.02176	0.02551	0.01214	0.01354	0.00940	0.00693	0.00606	0.00181	0.00936	0.00492	0.00442	0.00895
14	0.01418	0.00817	0.00977	0.00939	0.01144	0.00810	0.00699	0.05423	0.09019	0.13931	0.04602	0.32150	0.02811	0.01298	0.00673	0.00214	0.00416	0.01131	0.20805	0.00724
15	0.05692	0.00926	0.03714	0.05459	0.06197	0.00834	0.05970	0.01230	0.01354	0.01838	0.05569	0.24199	0.25552	0.05845	0.00889	0.00252	0.00512	0.02835	0.00511	0.00623
16	0.01219	0.00919	0.01335	0.01435	0.08827	0.02855	0.06520	0.03339	0.01429	0.08090	0.04674	0.47980	0.03278	0.01548	0.00774	0.00241	0.00526	0.03767	0.00562	0.00682
17	0.00764	0.00655	0.00655	0.00655	0.00873	0.00545	0.00491	0.00927	0.01473	0.01745	0.06546	0.06218	0.73000	0.01636	0.00764	0.00218	0.00327	0.01364	0.00600	0.00545
18	0.00796	0.00593	0.00730	0.00826	0.00911	0.00540	0.00563	0.00925	0.01308	0.01699	0.07726	0.52328	0.20770	0.05942	0.00939	0.00268	0.00373	0.01641	0.00594	0.00527
19	0.01444	0.04387	0.33901	0.02532	0.17762	0.01589	0.22892	0.02023	0.01423	0.02039	0.01200	0.01521	0.00912	0.00598	0.00701	0.00206	0.03054	0.00583	0.00299	0.00934
20	0.02320	0.01742	0.01863	0.01459	0.01952	0.01940	0.01195	0.60280	0.14087	0.03853	0.01724	0.01689	0.01239	0.00792	0.00648	0.00198	0.00679	0.00606	0.00648	0.01087
21	0.77932	0.01264	0.01031	0.01002	0.04770	0.01454	0.00762	0.01903	0.01118	0.02860	0.00915	0.01077	0.00716	0.00599	0.00412	0.00200	0.00513	0.00361	0.00396	0.00716
22	0.04832	0.01111	0.01511	0.01436	0.09118	0.01111	0.04769	0.12001	0.01661	0.20965	0.03679	0.02545	0.01689	0.13056	0.08048	0.00343	0.00720	0.02568	0.08006	0.00832
23	0.00774	0.00639	0.00680	0.00703	0.00888	0.00545	0.00514	0.00936	0.01449	0.01767	0.08972	0.17967	0.58562	0.01687	0.00774	0.00225	0.00334	0.01434	0.00605	0.00545
24	0.01767	0.01559	0.02392	0.03158	0.49831	0.01602	0.03763	0.19045	0.01849	0.02572	0.01422	0.05464	0.01208	0.00699	0.00654	0.00197	0.00743	0.00648	0.00415	0.01012
25	0.01460	0.01363	0.02224	0.29371	0.39078	0.01442	0.01767	0.03739	0.01436	0.01999	0.01194	0.01615	0.00960	0.00596	0.00625	0.00190	0.00770	0.00555	0.00324	0.09290
26	0.03432	0.00830	0.01251	0.03221	0.01530	0.00830	0.06834	0.01381	0.01444	0.01947	0.03092	0.13867	0.03333	0.01616	0.00842	0.00278	0.00609	0.50428	0.02617	0.00617
27	0.12173	0.04592	0.04635	0.21872	0.08354	0.11090	0.07340	0.18055	0.01780	0.02448	0.01201	0.01477	0.00912	0.00654	0.00606	0.00197	0.00828	0.00531	0.00396	0.00858
28	0.01220	0.01148	0.01938	0.75739	0.04450	0.01436	0.01794	0.01651	0.01292	0.01651	0.01148	0.01723	0.00861	0.00646	0.00646	0.00215	0.00861	0.00574	0.00287	0.00718
29	0.02353	0.02985	0.01791	0.01636	0.01958	0.71918	0.01224	0.02517	0.01809	0.01584	0.01095	0.04003	0.00961	0.00717	0.00592	0.00170	0.01136	0.00469	0.00343	0.00741
30	0.01418	0.01428	0.02057	0.01740	0.01768	0.01964	0.04383	0.01577	0.01012	0.01577	0.00868	0.01428	0.00854	0.01106	0.02062	0.00280	0.72905	0.00574	0.00285	0.00714
31	0.00845	0.00658	0.00768	0.00740	0.00923	0.00580	0.00555	0.01085	0.01665	0.02203	0.42458	0.05465	0.36801	0.01466	0.00763	0.00210	0.00315	0.01258	0.00660	0.00580
32	0.01414	0.01414	0.01979	0.01696	0.01696	0.01979	0.01414	0.01555	0.00990	0.01555	0.00848	0.01414	0.00848	0.01131	0.02120	0.00283	0.76110	0.00565	0.00283	0.00707
33	0.00800	0.00571	0.00764	0.00914	0.00957	0.00536	0.00621	0.00921	0.01249	0.01663	0.03554	0.73469	0.04246	0.02013	0.00828	0.00264	0.00386	0.05116	0.00600	0.00528
34	0.02530	0.01588	0.01789	0.01383	0.01886	0.01688	0.01139	0.48288	0.06734	0.23332	0.01891	0.01781	0.01289	0.00788	0.00648	0.00197	0.00655	0.00609	0.00690	0.01095
35	0.01481	0.01157	0.01445	0.04378	0.01690	0.01033	0.02943	0.03578	0.07385	0.08754	0.05243	0.02018	0.05786	0.00703	0.00643	0.00149	0.04301	0.00569	0.00469	0.46275
36	0.81856	0.01250	0.00950	0.00850	0.01250	0.01449	0.00700	0.01899	0.01100	0.02899	0.00900	0.01050	0.00700	0.00600	0.00400	0.00200	0.00500	0.00350	0.00400	0.00700
37	0.00875	0.00664	0.00813	0.00816	0.00983	0.00602	0.00628	0.01122	0.01634	0.02175	0.38164	0.09804	0.27382	0.01526	0.00783	0.00224	0.00355	0.10217	0.00653	0.00582
38	0.01335	0.01085	0.01200	0.01103	0.01377	0.01179	0.00844	0.07565	0.35589	0.02560	0.18700	0.13051	0.09346	0.01186	0.00711	0.00219	0.00446	0.01018	0.00656	0.00829
39	0.63654	0.05803	0.03862	0.01012	0.01388	0.01586	0.00879	0.01861	0.01107	0.02610	0.00902	0.01108	0.00731	0.00668	0.00636	0.00207	0.10513	0.00383	0.00373	0.00717
40	0.01533	0.01423	0.08325	0.09501	0.16810	0.01258	0.11771	0.07542	0.01679	0.09749	0.15018	0.04957	0.05838	0.00862	0.00693	0.00206	0.00693	0.00795	0.00487	0.00860

[dist]
# distance from previous block
# <min> <max>
1	11

[block]
# block no. 4 follows, 34 sequences, length 19
# corresponding to MSA columns:
# 401-419
name=unknown_E
#
# <colnr> <probs for GDERKNQSTAVLIFYWHMCP>
#	G	D	E	R	K	N	Q	S	T	A	V	L	I	F	Y	W	H	M	C	P
0	0.13139	0.07858	0.11077	0.01840	0.10031	0.09432	0.12855	0.07592	0.05810	0.10113	0.01410	0.01557	0.01052	0.00649	0.00597	0.00193	0.00787	0.00546	0.02558	0.00902
1	0.00896	0.00660	0.00838	0.00793	0.00954	0.00602	0.00595	0.01184	0.01785	0.02487	0.64778	0.04997	0.14304	0.01360	0.00762	0.00205	0.00308	0.01192	0.00698	0.00602
2	0.00822	0.00649	0.00741	0.00735	0.00913	0.00568	0.00545	0.01034	0.01585	0.02052	0.31023	0.11961	0.41970	0.01553	0.00768	0.00217	0.00323	0.01333	0.00641	0.00568
3	0.02456	0.01810	0.01939	0.01487	0.02004	0.02004	0.01228	0.71107	0.03038	0.04072	0.01551	0.01551	0.01099	0.00776	0.00646	0.00194	0.00711	0.00582	0.00646	0.01099
4	0.81856	0.01250	0.00950	0.00850	0.01250	0.01449	0.00700	0.01899	0.01100	0.02899	0.00900	0.01050	0.00700	0.00600	0.00400	0.00200	0.00500	0.00350	0.00400	0.00700
5	0.01032	0.00733	0.01011	0.01147	0.01283	0.00733	0.00984	0.01303	0.01439	0.01873	0.03298	0.07017	0.03597	0.08477	0.01105	0.00327	0.00598	0.62888	0.00577	0.00577
6	0.01220	0.01148	0.01938	0.75739	0.04450	0.01436	0.01794	0.01651	0.01292	0.01651	0.01148	0.01723	0.00861	0.00646	0.00646	0.00215	0.00861	0.00574	0.00287	0.00718
7	0.01795	0.01567	0.01673	0.03661	0.14534	0.14843	0.01187	0.13821	0.07532	0.08367	0.05826	0.05913	0.05835	0.01322	0.08921	0.00291	0.00832	0.00720	0.00500	0.00859
8	0.02376	0.01967	0.01881	0.01499	0.01975	0.13050	0.01213	0.54797	0.08839	0.03574	0.01561	0.01567	0.01134	0.00768	0.00638	0.00192	0.00763	0.00569	0.00600	0.01039
9	0.02385	0.01741	0.01863	0.01436	0.01933	0.01924	0.01184	0.67143	0.02942	0.03977	0.01583	0.01600	0.01131	0.00774	0.00635	0.00191	0.00688	0.00583	0.05216	0.01071
10	0.02025	0.02176	0.01902	0.04330	0.08367	0.34769	0.05219	0.07897	0.14478	0.03978	0.01495	0.01721	0.01194	0.00722	0.00624	0.00186	0.00893	0.02482	0.00435	0.05105
11	0.01057	0.00696	0.00886	0.00817	0.01009	0.00628	0.00620	0.01337	0.01778	0.08390	0.57234	0.04814	0.15624	0.01324	0.00753	0.00205	0.00329	0.01154	0.00702	0.00641
12	0.01070	0.00914	0.01281	0.01212	0.01260	0.01147	0.00941	0.01223	0.01053	0.01528	0.01826	0.17702	0.01962	0.09583	0.27200	0.00573	0.27644	0.00907	0.00380	0.00595
13	0.00764	0.00655	0.00655	0.00655	0.00873	0.00545	0.00491	0.00927	0.01473	0.01745	0.06546	0.06218	0.73000	0.01636	0.00764	0.00218	0.00327	0.01364	0.00600	0.00545
14	0.01021	0.00823	0.01174	0.01119	0.01196	0.01009	0.00866	0.01201	0.01015	0.01476	0.01603	0.02559	0.01570	0.14347	0.50567	0.00834	0.16003	0.00703	0.00340	0.00576
15	0.00788	0.00598	0.00727	0.00817	0.00919	0.00537	0.00566	0.00930	0.01351	0.01742	0.09094	0.49808	0.26080	0.01855	0.00801	0.00245	0.00355	0.01643	0.00607	0.00537
16	0.01754	0.07345	0.02348	0.05204	0.40442	0.20847	0.03388	0.02057	0.01542	0.01885	0.01392	0.04188	0.03444	0.00684	0.00622	0.00186	0.00850	0.00591	0.00338	0.00890
17	0.01250	0.01006	0.01368	0.17141	0.08146	0.01088	0.01078	0.06137	0.11471	0.02226	0.13068	0.17385	0.02685	0.01096	0.00686	0.00213	0.00544	0.02873	0.07806	0.02733
18	0.13798	0.15733	0.08235	0.05033	0.05769	0.03645	0.01271	0.15574	0.08163	0.04476	0.01420	0.01563	0.02770	0.00745	0.00729	0.00199	0.09044	0.00522	0.00430	0.00882

[dist]
# distance from previous block
# <min> <max>
0	2

[block]
# block no. 5 follows, 34 sequences, length 19
# corresponding to MSA columns:
# 422-440
name=unknown_F
#
# <colnr> <probs for GDERKNQSTAVLIFYWHMCP>
#	G	D	E	R	K	N	Q	S	T	A	V	L	I	F	Y	W	H	M	C	P
0	0.05714	0.07180	0.30839	0.01851	0.09840	0.05527	0.05683	0.09840	0.05392	0.02275	0.01440	0.07153	0.01204	0.00740	0.00619	0.00199	0.00807	0.00612	0.00381	0.02703
1	0.01071	0.00776	0.00897	0.00932	0.01061	0.03413	0.00666	0.01305	0.05190	0.06313	0.06429	0.36110	0.11877	0.11569	0.05191	0.00336	0.00534	0.05167	0.00570	0.00593
2	0.00882	0.00638	0.00789	0.00833	0.00925	0.00617	0.00584	0.01046	0.01361	0.01871	0.17426	0.36012	0.14337	0.08966	0.01060	0.00271	0.03272	0.01397	0.07168	0.00545
3	0.04547	0.26426	0.19850	0.01898	0.12336	0.05887	0.09011	0.05752	0.01482	0.01988	0.01207	0.04613	0.01031	0.00654	0.00571	0.00183	0.00814	0.00537	0.00329	0.00884
4	0.04204	0.09847	0.02413	0.11558	0.12756	0.07205	0.12969	0.08085	0.10341	0.02135	0.01318	0.01601	0.01051	0.00714	0.00827	0.00208	0.10937	0.00581	0.00381	0.00871
5	0.04971	0.00745	0.00847	0.00935	0.01042	0.03840	0.00660	0.01131	0.01299	0.04286	0.03460	0.55608	0.09621	0.01920	0.03706	0.00281	0.00479	0.04022	0.00575	0.00570
6	0.04172	0.01598	0.05159	0.05759	0.26396	0.03335	0.14834	0.04675	0.07504	0.05279	0.01361	0.01653	0.01072	0.00672	0.00800	0.00204	0.08628	0.00600	0.00383	0.05916
7	0.00820	0.00598	0.00774	0.00866	0.00950	0.00552	0.00606	0.00985	0.01394	0.01868	0.18513	0.52169	0.11590	0.01828	0.00808	0.00247	0.00363	0.03899	0.00623	0.00547
8	0.00992	0.00700	0.00875	0.00861	0.00939	0.00729	0.00587	0.04510	0.01210	0.01663	0.10961	0.10917	0.02759	0.38068	0.20816	0.00621	0.00847	0.00976	0.00453	0.00514
9	0.01511	0.01476	0.02365	0.27267	0.47724	0.04688	0.01890	0.01901	0.01428	0.01938	0.01184	0.01621	0.00962	0.00603	0.00639	0.00198	0.00815	0.00568	0.00310	0.00912
10	0.02456	0.01810	0.01939	0.01487	0.02004	0.02004	0.01228	0.71107	0.03038	0.04072	0.01551	0.01551	0.01099	0.00776	0.00646	0.00194	0.00711	0.00582	0.00646	0.01099
11	0.00880	0.00678	0.00948	0.04979	0.05910	0.00656	0.00776	0.01044	0.01293	0.01709	0.03522	0.57034	0.09602	0.01807	0.00803	0.00254	0.00438	0.06528	0.00565	0.00575
12	0.02414	0.03079	0.01831	0.01665	0.01998	0.74698	0.01248	0.02580	0.01831	0.01581	0.00999	0.01165	0.00832	0.00666	0.00583	0.00166	0.01165	0.00416	0.00333	0.00749
13	0.13876	0.21406	0.05678	0.01402	0.01843	0.37663	0.01187	0.06608	0.01647	0.01940	0.01002	0.01150	0.00828	0.00632	0.00519	0.00168	0.00910	0.00402	0.00345	0.00794
14	0.00914	0.00660	0.00864	0.00813	0.00965	0.00610	0.00610	0.01219	0.01829	0.02591	0.72921	0.04827	0.06097	0.01321	0.00762	0.00203	0.00305	0.01169	0.00711	0.00610
15	0.00913	0.00679	0.00955	0.00952	0.01061	0.00753	0.00716	0.01111	0.01099	0.01543	0.06053	0.03163	0.07075	0.14491	0.55418	0.00876	0.01398	0.00801	0.00391	0.00551
16	0.00787	0.00562	0.00750	0.00900	0.00937	0.00525	0.00600	0.00900	0.01237	0.01649	0.03561	0.76871	0.04274	0.02024	0.00825	0.00262	0.00375	0.01837	0.00600	0.00525
17	0.01849	0.01407	0.01510	0.01280	0.01670	0.01575	0.01017	0.23395	0.39864	0.05891	0.05456	0.02255	0.01859	0.00854	0.00642	0.00205	0.00546	0.00693	0.07037	0.00996
18	0.04203	0.01635	0.11907	0.01250	0.01830	0.01310	0.01143	0.21117	0.04119	0.08985	0.03979	0.01627	0.01240	0.00655	0.00573	0.00159	0.00613	0.00513	0.00498	0.32645

[dist]
# distance from previous block
# <min> <max>
0	1

[block]
# block no. 6 follows, 34 sequences, length 18
# corresponding to MSA columns:
# 442-459
name=unknown_G
#
# <colnr> <probs for GDERKNQSTAVLIFYWHMCP>
#	G	D	E	R	K	N	Q	S	T	A	V	L	I	F	Y	W	H	M	C	P
0	0.01821	0.58400	0.05044	0.01283	0.03531	0.08496	0.01182	0.07351	0.04448	0.01800	0.01044	0.01167	0.00902	0.00595	0.00468	0.00151	0.00734	0.00395	0.00326	0.00860
1	0.00788	0.00656	0.00689	0.00681	0.00888	0.00556	0.00510	0.00975	0.01531	0.01884	0.17425	0.05990	0.62033	0.01585	0.00763	0.00216	0.00324	0.01332	0.00618	0.00556
2	0.04595	0.04166	0.01548	0.01197	0.04755	0.07748	0.00910	0.07317	0.01516	0.02225	0.01152	0.01330	0.00946	0.00531	0.00503	0.00120	0.00580	0.00408	0.00393	0.58059
3	0.00992	0.00759	0.00939	0.01027	0.05150	0.00721	0.00691	0.03551	0.05161	0.03311	0.16781	0.28520	0.24060	0.04255	0.00855	0.00242	0.00401	0.01352	0.00605	0.00626
4	0.01936	0.12448	0.15022	0.01755	0.07710	0.05051	0.06153	0.27125	0.09823	0.04562	0.01469	0.01558	0.01096	0.00692	0.00615	0.00191	0.00775	0.00553	0.00474	0.00991
5	0.00957	0.06196	0.00996	0.00930	0.01025	0.02510	0.00669	0.01092	0.01231	0.01627	0.02939	0.47344	0.03399	0.11855	0.05512	0.00344	0.00546	0.07094	0.03189	0.00546
6	0.00879	0.00638	0.00696	0.00693	0.00775	0.00598	0.00437	0.00950	0.01167	0.01490	0.07242	0.04935	0.26544	0.47653	0.02300	0.00466	0.00508	0.01096	0.00479	0.00455
7	0.01386	0.14467	0.45170	0.01977	0.10277	0.01624	0.07653	0.01958	0.01374	0.01950	0.01275	0.05700	0.01054	0.00675	0.00610	0.00197	0.00871	0.00569	0.00302	0.00911
8	0.01546	0.01435	0.02204	0.06158	0.49810	0.03937	0.01656	0.05944	0.01508	0.02106	0.01482	0.08592	0.01372	0.03541	0.00799	0.00216	0.03408	0.00700	0.02672	0.00914
9	0.00873	0.00662	0.00807	0.00780	0.00953	0.00596	0.00591	0.01135	0.01705	0.02303	0.49545	0.05359	0.26578	0.01438	0.00768	0.00212	0.00324	0.04110	0.00672	0.00589
10	0.01133	0.01101	0.05993	0.01336	0.05594	0.00967	0.08887	0.01694	0.11148	0.02441	0.43216	0.03818	0.07802	0.01102	0.00732	0.00207	0.00491	0.00996	0.00604	0.00737
11	0.00801	0.00639	0.00710	0.00726	0.00895	0.00556	0.00527	0.00976	0.01480	0.01866	0.17894	0.17752	0.47118	0.04072	0.00855	0.00236	0.00341	0.01394	0.00613	0.00549
12	0.01301	0.01224	0.02061	0.41925	0.24617	0.01366	0.04013	0.01697	0.01390	0.01853	0.04027	0.02276	0.05055	0.00747	0.00669	0.00212	0.00782	0.03645	0.00343	0.00796
13	0.16876	0.01600	0.09823	0.03586	0.14525	0.05515	0.01259	0.04459	0.09410	0.09124	0.01591	0.06925	0.01311	0.00745	0.00585	0.00191	0.00648	0.00603	0.00452	0.10772
14	0.04905	0.01736	0.01753	0.01662	0.10622	0.14909	0.01177	0.22429	0.07452	0.06788	0.06722	0.01783	0.01466	0.00747	0.00658	0.00182	0.02979	0.00576	0.00510	0.10944
15	0.01484	0.06646	0.11171	0.10624	0.24523	0.03914	0.01525	0.05858	0.06185	0.04089	0.01884	0.13313	0.04262	0.00890	0.00655	0.00206	0.00707	0.00778	0.00416	0.00869
16	0.08140	0.04501	0.04835	0.04974	0.25311	0.15147	0.05977	0.07625	0.03435	0.04689	0.06824	0.01837	0.01423	0.00704	0.00624	0.00193	0.00792	0.01673	0.00410	0.00886
17	0.03676	0.12338	0.02005	0.01509	0.04928	0.10698	0.06454	0.16265	0.04499	0.11626	0.01852	0.11793	0.01651	0.00936	0.00695	0.00204	0.03236	0.04258	0.00510	0.00870

[dist]
# distance from previous block
# <min> <max>
2	13

[block]
# block no. 7 follows, 34 sequences, length 7
# corresponding to MSA columns:
# 473-479
name=unknown_H
#
# <colnr> <probs for GDERKNQSTAVLIFYWHMCP>
#	G	D	E	R	K	N	Q	S	T	A	V	L	I	F	Y	W	H	M	C	P
0	0.07049	0.14620	0.08861	0.03526	0.09170	0.09775	0.08425	0.06681	0.05821	0.09628	0.01387	0.01642	0.01099	0.04382	0.00805	0.00214	0.05084	0.00549	0.00408	0.00874
1	0.01529	0.08523	0.15259	0.04348	0.15350	0.04091	0.09489	0.03752	0.10762	0.05716	0.05005	0.06041	0.05696	0.00809	0.00653	0.00202	0.00737	0.00716	0.00432	0.00890
2	0.00934	0.00648	0.00828	0.00893	0.01001	0.00610	0.00627	0.01172	0.04607	0.04841	0.17356	0.50993	0.09535	0.01755	0.00793	0.00243	0.00371	0.01571	0.00633	0.00589
3	0.01251	0.01338	0.09149	0.13027	0.12651	0.01213	0.04453	0.01922	0.16486	0.02060	0.06108	0.11792	0.09688	0.02996	0.00765	0.00230	0.00634	0.02962	0.00477	0.00800
4	0.01547	0.06554	0.10543	0.10545	0.07509	0.07692	0.09849	0.07014	0.08868	0.05055	0.06455	0.08449	0.05381	0.00871	0.00666	0.00205	0.00745	0.00763	0.00451	0.00839
5	0.01056	0.01008	0.07875	0.05769	0.05215	0.00810	0.04335	0.01303	0.01346	0.05499	0.03221	0.43410	0.10545	0.01549	0.00769	0.00242	0.00526	0.04336	0.00533	0.00654
6	0.01111	0.00704	0.00908	0.00966	0.01083	0.00673	0.00679	0.06196	0.01426	0.08743	0.03319	0.64251	0.03787	0.01816	0.00795	0.00251	0.00416	0.01632	0.00622	0.00622

[dist]
# distance from previous block
# <min> <max>
0	2

[block]
# block no. 8 follows, 34 sequences, length 9
# corresponding to MSA columns:
# 482-490
name=unknown_I
#
# <colnr> <probs for GDERKNQSTAVLIFYWHMCP>
#	G	D	E	R	K	N	Q	S	T	A	V	L	I	F	Y	W	H	M	C	P
0	0.01711	0.11533	0.21151	0.05754	0.10150	0.07867	0.07080	0.09990	0.04080	0.05767	0.03407	0.01586	0.01128	0.00692	0.00705	0.00197	0.05359	0.00549	0.00385	0.00911
1	0.04580	0.10673	0.23786	0.08117	0.13583	0.16082	0.08183	0.04116	0.01516	0.01967	0.01123	0.01384	0.00877	0.00612	0.00600	0.00189	0.00920	0.00499	0.00314	0.00879
2	0.01415	0.01374	0.01565	0.10493	0.14088	0.14062	0.01202	0.04383	0.01430	0.01790	0.01916	0.16585	0.01986	0.08327	0.05343	0.00308	0.05398	0.07214	0.00416	0.00704
3	0.11323	0.04334	0.06486	0.08915	0.10793	0.26722	0.06561	0.05800	0.01559	0.02000	0.01070	0.01355	0.00868	0.00685	0.00751	0.00197	0.08934	0.00494	0.00341	0.00811
4	0.00810	0.00656	0.00719	0.00703	0.00901	0.00565	0.00528	0.01017	0.01583	0.02006	0.27017	0.05789	0.52366	0.01539	0.00763	0.00214	0.00320	0.01303	0.00634	0.00565
5	0.01424	0.01337	0.04798	0.01364	0.08441	0.01102	0.01022	0.04293	0.06017	0.02184	0.01251	0.01447	0.01023	0.00565	0.00603	0.00131	0.04477	0.00445	0.00394	0.57682
6	0.00957	0.00689	0.00916	0.00920	0.01013	0.00750	0.00681	0.01137	0.01148	0.01636	0.06096	0.09089	0.06536	0.18534	0.32931	0.00656	0.04158	0.04022	0.07588	0.00543
7	0.01282	0.02718	0.52885	0.01908	0.05253	0.01410	0.10704	0.01912	0.01349	0.01976	0.01333	0.04336	0.01075	0.03761	0.05062	0.00272	0.00977	0.00596	0.00302	0.00888
8	0.01053	0.00966	0.05328	0.01283	0.08964	0.00857	0.00914	0.01433	0.07087	0.01961	0.13257	0.11937	0.14922	0.09080	0.08021	0.00342	0.00619	0.08408	0.02908	0.00662

[dist]
# distance from previous block
# <min> <max>
0	23

# created by:
# /home/berkeley/.conda/envs/busco_data_prod/bin/msa2prfl.pl pipeline/OGs_align_augustus/4893/27569.fs
