[name]
unknown

[dist]
# distance from previous block
# <min> <max>
1	21

[block]
# block no. 0 follows, 33 sequences, length 76
# corresponding to MSA columns:
# 21-96
name=unknown_A
#
# <colnr> <probs for GDERKNQSTAVLIFYWHMCP>
#	G	D	E	R	K	N	Q	S	T	A	V	L	I	F	Y	W	H	M	C	P
0	0.01495	0.05725	0.11364	0.04025	0.05925	0.03415	0.09809	0.06780	0.09868	0.04121	0.07821	0.07193	0.04388	0.00868	0.00664	0.00197	0.00688	0.02650	0.00474	0.12530
1	0.09631	0.01882	0.17765	0.05707	0.07828	0.06858	0.01416	0.05633	0.12484	0.12915	0.06393	0.02031	0.03213	0.00773	0.00630	0.00203	0.00709	0.00619	0.00498	0.02812
2	0.06034	0.11844	0.11171	0.03505	0.06860	0.03978	0.05689	0.12318	0.08964	0.06330	0.03751	0.04045	0.03289	0.00794	0.00624	0.00195	0.00708	0.03031	0.00471	0.06398
3	0.08399	0.09491	0.12825	0.07191	0.21383	0.04621	0.04371	0.06362	0.01537	0.06467	0.01391	0.01891	0.01155	0.00739	0.00709	0.00207	0.04960	0.05006	0.00387	0.00908
4	0.01926	0.10730	0.13698	0.01480	0.04019	0.06451	0.03270	0.15627	0.05857	0.13519	0.08284	0.02091	0.01693	0.00789	0.00633	0.00192	0.00713	0.02582	0.00524	0.05923
5	0.10235	0.08630	0.04363	0.03908	0.12592	0.05746	0.08750	0.09799	0.01572	0.02271	0.01432	0.08248	0.01303	0.03631	0.00748	0.00205	0.02667	0.00648	0.00405	0.12847
6	0.01671	0.06337	0.07980	0.09500	0.17012	0.04032	0.11382	0.08682	0.13994	0.04097	0.01646	0.02061	0.01322	0.00756	0.00713	0.00212	0.02925	0.04304	0.00436	0.00939
7	0.01563	0.04879	0.12657	0.06312	0.14349	0.07799	0.10809	0.04038	0.08721	0.02129	0.01483	0.05687	0.01242	0.00700	0.00634	0.00188	0.00790	0.00626	0.00389	0.15007
8	0.01599	0.08882	0.14691	0.02312	0.24339	0.03554	0.06660	0.08028	0.06237	0.02255	0.01676	0.01868	0.05760	0.00691	0.00627	0.00188	0.00762	0.00602	0.00391	0.08876
9	0.01678	0.04299	0.24703	0.06742	0.08072	0.03435	0.08841	0.11122	0.08231	0.06529	0.01550	0.01859	0.01185	0.00711	0.00652	0.00203	0.00822	0.03132	0.00427	0.05807
10	0.01175	0.00804	0.00982	0.00897	0.01030	0.00785	0.02729	0.05007	0.03180	0.05569	0.04994	0.10924	0.07128	0.46366	0.02292	0.00467	0.00588	0.01014	0.00487	0.03584
11	0.08645	0.07852	0.14704	0.01498	0.07003	0.03820	0.07780	0.01704	0.01602	0.02338	0.31169	0.02953	0.04428	0.00933	0.00670	0.00201	0.00625	0.00809	0.00495	0.00773
12	0.01444	0.01520	0.08135	0.54669	0.03861	0.05458	0.01742	0.08764	0.01536	0.01992	0.01240	0.01700	0.00926	0.00674	0.00645	0.00211	0.00866	0.00570	0.03258	0.00789
13	0.06761	0.01143	0.01380	0.01042	0.01563	0.00933	0.02967	0.01643	0.01342	0.02149	0.01323	0.01769	0.01156	0.00864	0.05384	0.00183	0.00599	0.04120	0.00399	0.63281
14	0.01508	0.01287	0.03571	0.03261	0.09411	0.01112	0.01027	0.10110	0.03834	0.02264	0.01274	0.01552	0.01050	0.00798	0.00820	0.10937	0.00585	0.00480	0.00406	0.44714
15	0.01053	0.00745	0.00913	0.05887	0.01212	0.00734	0.00662	0.01309	0.05962	0.05642	0.09629	0.21840	0.17851	0.21884	0.01466	0.00343	0.00487	0.01235	0.00557	0.00589
16	0.01957	0.32235	0.07243	0.01361	0.01858	0.17331	0.01221	0.05036	0.16906	0.06688	0.01476	0.01510	0.01161	0.00689	0.00551	0.00176	0.00776	0.00491	0.00427	0.00908
17	0.01079	0.00754	0.00949	0.00921	0.01133	0.00647	0.00665	0.01263	0.01397	0.06726	0.09522	0.43855	0.08314	0.01546	0.00742	0.00218	0.00407	0.01375	0.00588	0.17899
18	0.05034	0.00760	0.00969	0.05848	0.01223	0.00792	0.00701	0.05676	0.01267	0.01794	0.06432	0.10958	0.08383	0.07850	0.05664	0.28820	0.00595	0.00860	0.05862	0.00512
19	0.11644	0.01653	0.02727	0.07701	0.16533	0.05540	0.30430	0.06588	0.03422	0.02338	0.04132	0.01756	0.01198	0.00638	0.00677	0.00209	0.00885	0.00658	0.00384	0.00887
20	0.01790	0.63112	0.03250	0.01520	0.10401	0.07206	0.01245	0.02021	0.01392	0.01627	0.00961	0.01135	0.00869	0.00574	0.00462	0.00149	0.00745	0.00385	0.00291	0.00864
21	0.06349	0.00699	0.00813	0.00848	0.00993	0.00660	0.00602	0.01228	0.01330	0.07541	0.03727	0.35720	0.17808	0.10757	0.01068	0.00288	0.00428	0.03335	0.05218	0.00588
22	0.01362	0.01244	0.02010	0.02792	0.42799	0.01231	0.03471	0.01749	0.04153	0.02114	0.08085	0.11382	0.08364	0.01007	0.00716	0.00216	0.00645	0.05339	0.00449	0.00873
23	0.01908	0.52841	0.06881	0.01392	0.04132	0.13836	0.02800	0.02159	0.01467	0.05785	0.01064	0.01199	0.00900	0.00600	0.00490	0.00156	0.00799	0.00406	0.00324	0.00862
24	0.38843	0.01100	0.01119	0.00954	0.01350	0.01126	0.00772	0.02201	0.01459	0.27270	0.04767	0.06240	0.08536	0.00892	0.00570	0.00209	0.00496	0.00678	0.00592	0.00827
25	0.00987	0.00688	0.00798	0.00780	0.00959	0.00611	0.00570	0.01172	0.01524	0.06559	0.21189	0.11974	0.35538	0.10815	0.01095	0.00275	0.00391	0.02862	0.00625	0.00588
26	0.01764	0.01919	0.03756	0.27532	0.17260	0.23375	0.01639	0.02140	0.03774	0.03831	0.01207	0.01566	0.00958	0.00694	0.00738	0.00204	0.05933	0.00541	0.00340	0.00830
27	0.00982	0.00742	0.01039	0.01018	0.01096	0.00862	0.00757	0.01148	0.01028	0.01466	0.01779	0.02955	0.01785	0.23586	0.50303	0.00891	0.06895	0.00762	0.00360	0.00548
28	0.00860	0.00633	0.00812	0.00891	0.00999	0.00585	0.00648	0.01054	0.01477	0.01968	0.21223	0.40006	0.15122	0.01796	0.00823	0.00250	0.00383	0.09264	0.00639	0.00568
29	0.00897	0.00673	0.00791	0.00843	0.00994	0.00617	0.00625	0.02843	0.01486	0.01933	0.10298	0.29747	0.31044	0.01721	0.00793	0.00241	0.00386	0.08693	0.04797	0.00577
30	0.00984	0.00625	0.00755	0.00765	0.00777	0.00628	0.00460	0.00963	0.00977	0.01324	0.02015	0.08573	0.02270	0.54752	0.05907	0.13633	0.00648	0.00935	0.02605	0.00403
31	0.02203	0.26815	0.02458	0.01541	0.01978	0.43573	0.03835	0.07004	0.01768	0.01782	0.01035	0.01194	0.00871	0.00644	0.00550	0.00164	0.00998	0.00426	0.00342	0.00818
32	0.01502	0.01289	0.01498	0.05601	0.04621	0.03201	0.00944	0.07768	0.03473	0.02305	0.01281	0.01482	0.01035	0.00555	0.00526	0.00125	0.00558	0.00446	0.03316	0.58473
33	0.01478	0.04732	0.30945	0.21827	0.08329	0.08314	0.03934	0.01990	0.01425	0.03913	0.01296	0.04613	0.01037	0.00710	0.00680	0.00209	0.02795	0.00583	0.00322	0.00866
34	0.12165	0.01092	0.01380	0.01088	0.01543	0.00996	0.00886	0.02866	0.01722	0.58060	0.02350	0.02222	0.01564	0.04929	0.00770	0.00225	0.00548	0.00640	0.03941	0.01012
35	0.07475	0.02540	0.01718	0.01536	0.01877	0.50082	0.01175	0.09018	0.06073	0.02016	0.01417	0.01564	0.03838	0.00922	0.03601	0.00219	0.03222	0.00510	0.00404	0.00794
36	0.04870	0.01008	0.01388	0.01419	0.08593	0.01052	0.00976	0.01855	0.01393	0.22766	0.02382	0.25079	0.02323	0.08465	0.01202	0.00277	0.12578	0.01029	0.00562	0.00783
37	0.00809	0.00662	0.00714	0.00715	0.00912	0.00567	0.00531	0.00999	0.01553	0.01935	0.18890	0.10873	0.55288	0.01634	0.00782	0.00223	0.00332	0.01385	0.00633	0.00567
38	0.00980	0.00713	0.00883	0.00879	0.01046	0.00670	0.00659	0.01316	0.05671	0.04055	0.37606	0.18220	0.17344	0.01527	0.00788	0.00228	0.00366	0.05744	0.00675	0.00629
39	0.03023	0.00736	0.00955	0.01067	0.01219	0.00724	0.00895	0.01276	0.01454	0.01927	0.03751	0.11041	0.13011	0.05839	0.00995	0.00301	0.00546	0.47791	0.02863	0.00587
40	0.01310	0.01116	0.01293	0.00944	0.01482	0.00847	0.00746	0.01583	0.01358	0.02086	0.01569	0.01811	0.05753	0.03625	0.00621	0.00127	0.00483	0.00479	0.00405	0.72361
41	0.00853	0.00637	0.00797	0.00874	0.00982	0.00590	0.00620	0.01064	0.03102	0.01920	0.17383	0.44887	0.17550	0.01812	0.00815	0.00248	0.00371	0.04289	0.00634	0.00570
42	0.00817	0.00588	0.00777	0.00916	0.00970	0.00548	0.00626	0.00949	0.01303	0.01733	0.06344	0.68069	0.07135	0.02009	0.00838	0.00265	0.00387	0.04571	0.00615	0.00542
43	0.00865	0.00640	0.00794	0.00851	0.00959	0.00583	0.00591	0.01020	0.01376	0.01836	0.15122	0.40999	0.15149	0.09840	0.01077	0.00284	0.00400	0.03252	0.00598	0.03763
44	0.01201	0.00719	0.00925	0.00948	0.01107	0.00665	0.00695	0.01414	0.03204	0.13093	0.09151	0.39252	0.11705	0.05616	0.00933	0.00269	0.00436	0.07379	0.00642	0.00648
45	0.03845	0.00735	0.00910	0.00902	0.01039	0.00707	0.00635	0.01430	0.03108	0.12617	0.04418	0.26172	0.04922	0.21628	0.01565	0.05812	0.00504	0.04683	0.03767	0.00600
46	0.01320	0.03405	0.73453	0.01876	0.02849	0.01529	0.02432	0.02085	0.01390	0.02085	0.01181	0.01390	0.00834	0.00625	0.00625	0.00208	0.00973	0.00486	0.00278	0.00973
47	0.02298	0.01554	0.01709	0.01348	0.01796	0.01677	0.01094	0.51383	0.02648	0.11378	0.01884	0.06751	0.01473	0.03585	0.00753	0.00216	0.00652	0.00699	0.06079	0.01021
48	0.01053	0.00710	0.00884	0.00884	0.01074	0.00642	0.00688	0.01290	0.01620	0.07774	0.26254	0.14136	0.25568	0.01571	0.00799	0.00236	0.00398	0.13127	0.00663	0.00628
49	0.01979	0.00915	0.01213	0.01074	0.01381	0.00834	0.00831	0.02273	0.05503	0.38723	0.05000	0.26760	0.02784	0.03784	0.00822	0.00244	0.00497	0.03800	0.00716	0.00866
50	0.00873	0.00599	0.00782	0.00906	0.00973	0.00566	0.00635	0.01034	0.01333	0.01842	0.08015	0.58902	0.04174	0.01871	0.00805	0.00255	0.00389	0.07205	0.08287	0.00554
51	0.01600	0.01656	0.06483	0.03770	0.64262	0.01592	0.02005	0.01995	0.01461	0.02110	0.01211	0.01604	0.01020	0.00626	0.00750	0.00202	0.05736	0.00580	0.00321	0.01018
52	0.01075	0.00679	0.00845	0.00840	0.00986	0.00627	0.00601	0.01192	0.01363	0.08463	0.11059	0.20390	0.23504	0.10282	0.06440	0.08772	0.00523	0.01225	0.00567	0.00568
53	0.00784	0.00667	0.00676	0.00674	0.00893	0.00558	0.00505	0.00957	0.01516	0.01814	0.09384	0.06277	0.69753	0.01654	0.00778	0.00222	0.00333	0.01381	0.00616	0.00558
54	0.00998	0.00859	0.01102	0.00986	0.01240	0.00812	0.06391	0.01462	0.11301	0.02134	0.20599	0.09001	0.37775	0.01416	0.00766	0.00221	0.00421	0.01230	0.00622	0.00665
55	0.01896	0.01403	0.02046	0.20057	0.26512	0.03270	0.01553	0.08340	0.06163	0.17292	0.01652	0.01905	0.01231	0.02926	0.00735	0.00217	0.00742	0.00620	0.00476	0.00965
56	0.01804	0.01809	0.01879	0.03935	0.19271	0.24412	0.03531	0.02050	0.01559	0.06847	0.05340	0.02331	0.01595	0.08985	0.02893	0.00271	0.05959	0.04325	0.00407	0.00798
57	0.00890	0.00671	0.00822	0.00785	0.00958	0.00603	0.00588	0.01162	0.01765	0.02407	0.54631	0.05301	0.24135	0.01433	0.00777	0.00211	0.00317	0.01244	0.00694	0.00603
58	0.02035	0.03645	0.01776	0.01310	0.03405	0.01140	0.06722	0.07944	0.01703	0.26545	0.01698	0.01712	0.01210	0.00634	0.00587	0.00156	0.00597	0.00535	0.00548	0.36097
59	0.00940	0.00705	0.01058	0.01058	0.01176	0.00823	0.00823	0.01176	0.01058	0.01528	0.01763	0.02586	0.01646	0.04937	0.74255	0.01058	0.01763	0.00705	0.00353	0.00588
60	0.01637	0.01414	0.01489	0.01340	0.01712	0.01637	0.01042	0.03498	0.71568	0.02754	0.02679	0.02456	0.02010	0.00893	0.00670	0.00223	0.00521	0.00744	0.00670	0.01042
61	0.01345	0.07553	0.69522	0.01834	0.02784	0.01589	0.02359	0.02078	0.01387	0.02055	0.01166	0.01371	0.00835	0.00622	0.00614	0.00205	0.00958	0.00479	0.00278	0.00966
62	0.00778	0.00667	0.00667	0.00667	0.00889	0.00556	0.00500	0.00945	0.01501	0.01778	0.06669	0.06336	0.72490	0.01667	0.00778	0.00222	0.00333	0.01389	0.00611	0.00556
63	0.01760	0.77260	0.03450	0.01126	0.01690	0.02605	0.01126	0.01971	0.01338	0.01549	0.00915	0.01056	0.00845	0.00563	0.00422	0.00141	0.00704	0.00352	0.00282	0.00845
64	0.00940	0.00705	0.01058	0.01058	0.01176	0.00823	0.00823	0.01176	0.01058	0.01528	0.01763	0.02586	0.01646	0.04937	0.74255	0.01058	0.01763	0.00705	0.00353	0.00588
65	0.01378	0.01749	0.17516	0.07088	0.27222	0.01371	0.06429	0.01974	0.09156	0.02082	0.01837	0.15771	0.01714	0.00909	0.00693	0.00218	0.00748	0.00837	0.00406	0.00902
66	0.02954	0.01120	0.01528	0.01171	0.01681	0.00968	0.00968	0.03208	0.01884	0.73213	0.02597	0.02241	0.01630	0.00815	0.00662	0.00204	0.00560	0.00662	0.00815	0.01120
67	0.00940	0.00705	0.01058	0.01058	0.01176	0.00823	0.00823	0.01176	0.01058	0.01528	0.01763	0.02586	0.01646	0.04937	0.74255	0.01058	0.01763	0.00705	0.00353	0.00588
68	0.01056	0.00754	0.01054	0.01197	0.01349	0.00752	0.01043	0.01359	0.01529	0.01997	0.06247	0.07325	0.03886	0.01800	0.00904	0.00299	0.00594	0.65637	0.00611	0.00607
69	0.01320	0.03405	0.73453	0.01876	0.02849	0.01529	0.02432	0.02085	0.01390	0.02085	0.01181	0.01390	0.00834	0.00625	0.00625	0.00208	0.00973	0.00486	0.00278	0.00973
70	0.01554	0.01776	0.03885	0.02775	0.03441	0.01665	0.70366	0.02109	0.01554	0.02109	0.01332	0.01776	0.00999	0.00555	0.00777	0.00222	0.01110	0.00777	0.00333	0.00888
71	0.00788	0.00667	0.00681	0.00678	0.00895	0.00560	0.00508	0.00965	0.01525	0.01836	0.11041	0.06241	0.68082	0.01646	0.00778	0.00221	0.00332	0.01376	0.00619	0.00560
72	0.01345	0.10104	0.32189	0.01332	0.01826	0.01214	0.01440	0.01580	0.01171	0.03961	0.01183	0.01645	0.00995	0.01342	0.01445	0.34989	0.00757	0.00514	0.00299	0.00668
73	0.01347	0.01025	0.01440	0.01366	0.01640	0.01055	0.07468	0.02034	0.18049	0.06415	0.04454	0.05350	0.04463	0.01411	0.00821	0.00267	0.00619	0.39399	0.00611	0.00765
74	0.00784	0.00667	0.00675	0.00673	0.00893	0.00558	0.00505	0.00956	0.01514	0.01811	0.09154	0.06282	0.69985	0.01655	0.00778	0.00222	0.00333	0.01382	0.00616	0.00558
75	0.01698	0.01835	0.04674	0.02351	0.19697	0.14937	0.15913	0.04258	0.13721	0.02187	0.05488	0.01960	0.01489	0.00992	0.05628	0.00260	0.00925	0.00662	0.00421	0.00904

[dist]
# distance from previous block
# <min> <max>
0	1

[block]
# block no. 1 follows, 33 sequences, length 30
# corresponding to MSA columns:
# 98-127
name=unknown_B
#
# <colnr> <probs for GDERKNQSTAVLIFYWHMCP>
#	G	D	E	R	K	N	Q	S	T	A	V	L	I	F	Y	W	H	M	C	P
0	0.01843	0.41742	0.11799	0.04765	0.02074	0.16088	0.03566	0.02140	0.01470	0.05111	0.01100	0.01281	0.00912	0.00739	0.02700	0.00191	0.00877	0.00433	0.00322	0.00847
1	0.62061	0.04832	0.01376	0.01369	0.11264	0.03501	0.00952	0.01956	0.01199	0.02698	0.00962	0.01162	0.00773	0.00625	0.00504	0.00202	0.03016	0.00397	0.00385	0.00766
2	0.04848	0.05455	0.40990	0.01704	0.02399	0.12845	0.06840	0.02036	0.01508	0.02059	0.06812	0.02019	0.03273	0.00759	0.00643	0.00205	0.00904	0.03483	0.00354	0.00865
3	0.01094	0.03356	0.01391	0.23302	0.05588	0.01052	0.01107	0.01478	0.07287	0.01763	0.02385	0.32453	0.02526	0.04413	0.07494	0.00327	0.00706	0.01141	0.00466	0.00671
4	0.02028	0.42491	0.02714	0.04944	0.01972	0.32595	0.01221	0.02233	0.01558	0.01581	0.00970	0.01145	0.00848	0.00616	0.00506	0.00157	0.00915	0.00393	0.00306	0.00805
5	0.00940	0.00705	0.01058	0.01058	0.01176	0.00823	0.00823	0.01176	0.01058	0.01528	0.01763	0.02586	0.01646	0.04937	0.74255	0.01058	0.01763	0.00705	0.00353	0.00588
6	0.02128	0.06785	0.01978	0.01678	0.09512	0.01816	0.01237	0.43802	0.08771	0.05329	0.01824	0.08878	0.01500	0.00886	0.00660	0.00203	0.00673	0.00715	0.00598	0.01029
7	0.01479	0.01931	0.15329	0.02363	0.15192	0.08295	0.24130	0.01912	0.01470	0.01965	0.01625	0.11760	0.01515	0.02928	0.00836	0.00231	0.03285	0.02541	0.00367	0.00846
8	0.00800	0.00668	0.00698	0.00690	0.00903	0.00565	0.00518	0.00988	0.01553	0.01904	0.16238	0.06129	0.62843	0.01620	0.00778	0.00220	0.00330	0.01360	0.00628	0.00565
9	0.01564	0.02187	0.29625	0.19163	0.11001	0.01575	0.01898	0.10351	0.09728	0.04432	0.01448	0.01674	0.01062	0.00685	0.00646	0.00210	0.00835	0.00569	0.00394	0.00954
10	0.81514	0.01273	0.00968	0.00866	0.01273	0.01477	0.00713	0.01935	0.01120	0.02954	0.00917	0.01069	0.00713	0.00611	0.00407	0.00204	0.00509	0.00356	0.00407	0.00713
11	0.74538	0.01271	0.00999	0.00885	0.01287	0.01466	0.00727	0.05046	0.01221	0.02987	0.00999	0.01151	0.00772	0.00626	0.00421	0.00201	0.00511	0.00378	0.03786	0.00727
12	0.01637	0.01414	0.01489	0.01340	0.01712	0.01637	0.01042	0.03498	0.71568	0.02754	0.02679	0.02456	0.02010	0.00893	0.00670	0.00223	0.00521	0.00744	0.00670	0.01042
13	0.81514	0.01273	0.00968	0.00866	0.01273	0.01477	0.00713	0.01935	0.01120	0.02954	0.00917	0.01069	0.00713	0.00611	0.00407	0.00204	0.00509	0.00356	0.00407	0.00713
14	0.01360	0.01170	0.01389	0.03896	0.01677	0.00901	0.00821	0.01659	0.01363	0.02127	0.01170	0.01380	0.00971	0.00494	0.00494	0.00102	0.00503	0.00398	0.00386	0.77737
15	0.00802	0.00573	0.00764	0.00917	0.00955	0.00535	0.00611	0.00917	0.01260	0.01681	0.03628	0.76434	0.04354	0.02062	0.00840	0.00267	0.00382	0.01872	0.00611	0.00535
16	0.00932	0.00673	0.00880	0.00828	0.00984	0.00621	0.00621	0.01242	0.01863	0.02640	0.72410	0.04918	0.06212	0.01346	0.00776	0.00207	0.00311	0.01191	0.00725	0.00621
17	0.00940	0.00705	0.01058	0.01058	0.01176	0.00823	0.00823	0.01176	0.01058	0.01528	0.01763	0.02586	0.01646	0.04937	0.74255	0.01058	0.01763	0.00705	0.00353	0.00588
18	0.01365	0.01170	0.01365	0.00975	0.01560	0.00878	0.00780	0.01658	0.01365	0.02145	0.01170	0.01365	0.00975	0.00488	0.00488	0.00098	0.00488	0.00390	0.00390	0.80888
19	0.09385	0.01133	0.01482	0.01146	0.01647	0.01009	0.00947	0.03104	0.01822	0.67461	0.02460	0.02145	0.01555	0.00798	0.00641	0.00204	0.00556	0.00637	0.00781	0.01087
20	0.81514	0.01273	0.00968	0.00866	0.01273	0.01477	0.00713	0.01935	0.01120	0.02954	0.00917	0.01069	0.00713	0.00611	0.00407	0.00204	0.00509	0.00356	0.00407	0.00713
21	0.01440	0.01440	0.02016	0.01728	0.01728	0.02016	0.01440	0.01584	0.01008	0.01584	0.00864	0.01440	0.00864	0.01152	0.02160	0.00288	0.75659	0.00576	0.00288	0.00720
22	0.00925	0.00673	0.00871	0.00821	0.00979	0.00618	0.00616	0.01230	0.01848	0.02603	0.69582	0.04979	0.09062	0.01360	0.00777	0.00208	0.00312	0.01199	0.00720	0.00618
23	0.00987	0.00628	0.00846	0.00923	0.00991	0.00601	0.00655	0.01054	0.01247	0.03527	0.07248	0.36364	0.05417	0.08835	0.01424	0.16769	0.00475	0.10967	0.00537	0.00503
24	0.00795	0.00642	0.00708	0.00745	0.00913	0.00555	0.00538	0.00958	0.01462	0.01813	0.10495	0.24924	0.49650	0.01750	0.00795	0.00233	0.00345	0.01504	0.00619	0.00555
25	0.00971	0.00738	0.01067	0.01050	0.01145	0.00866	0.00801	0.01170	0.01042	0.01497	0.01754	0.02753	0.01702	0.14449	0.60528	0.00957	0.05851	0.00732	0.00355	0.00570
26	0.01548	0.01520	0.02538	0.22575	0.48641	0.03675	0.06045	0.01955	0.01465	0.02010	0.01220	0.01658	0.00991	0.00606	0.00659	0.00203	0.00839	0.00593	0.00318	0.00944
27	0.01084	0.00687	0.00872	0.00899	0.01041	0.00634	0.00664	0.01237	0.01419	0.08362	0.12020	0.25703	0.17193	0.09476	0.01173	0.04944	0.00450	0.10955	0.00602	0.00585
28	0.01034	0.00737	0.01022	0.01169	0.01305	0.00733	0.00998	0.01310	0.01474	0.01921	0.03453	0.13660	0.03795	0.04292	0.00983	0.00311	0.00587	0.60025	0.00600	0.00593
29	0.01290	0.05591	0.23638	0.01488	0.01879	0.05687	0.01485	0.01663	0.01211	0.01717	0.01314	0.01826	0.01149	0.02369	0.28844	0.00541	0.16663	0.00578	0.00312	0.00756

[dist]
# distance from previous block
# <min> <max>
0	1

[block]
# block no. 2 follows, 33 sequences, length 6
# corresponding to MSA columns:
# 129-134
name=unknown_C
#
# <colnr> <probs for GDERKNQSTAVLIFYWHMCP>
#	G	D	E	R	K	N	Q	S	T	A	V	L	I	F	Y	W	H	M	C	P
0	0.03952	0.01067	0.01413	0.12188	0.09436	0.03795	0.01051	0.09060	0.03574	0.01844	0.01479	0.02026	0.03525	0.01740	0.07531	0.33962	0.00766	0.00609	0.00367	0.00615
1	0.01047	0.00676	0.00855	0.00877	0.01022	0.00615	0.00636	0.01231	0.01493	0.08460	0.19619	0.32759	0.16831	0.06219	0.00953	0.00264	0.00400	0.04796	0.00643	0.00607
2	0.01757	0.01473	0.01556	0.01364	0.01757	0.01693	0.01071	0.12747	0.62125	0.02946	0.02528	0.02335	0.01887	0.00879	0.00668	0.00220	0.00549	0.00723	0.00668	0.01053
3	0.01829	0.21714	0.24152	0.01623	0.02247	0.13803	0.05189	0.12773	0.04073	0.02196	0.01195	0.01359	0.00932	0.00669	0.00640	0.00187	0.03652	0.00486	0.00364	0.00917
4	0.67657	0.01326	0.01115	0.00957	0.01384	0.01505	0.00789	0.09536	0.01387	0.07738	0.01101	0.01203	0.00818	0.00644	0.00452	0.00203	0.00536	0.00403	0.00462	0.00784
5	0.00987	0.00975	0.08871	0.01154	0.01355	0.00753	0.01021	0.01273	0.01431	0.01919	0.07566	0.31648	0.03821	0.01747	0.00845	0.00274	0.00547	0.32614	0.00579	0.00621

[dist]
# distance from previous block
# <min> <max>
0	7

[block]
# block no. 3 follows, 33 sequences, length 75
# corresponding to MSA columns:
# 142-216
name=unknown_D
#
# <colnr> <probs for GDERKNQSTAVLIFYWHMCP>
#	G	D	E	R	K	N	Q	S	T	A	V	L	I	F	Y	W	H	M	C	P
0	0.01701	0.28406	0.31795	0.01636	0.02336	0.13619	0.05914	0.04066	0.01507	0.01885	0.01085	0.01272	0.00858	0.00613	0.00561	0.00180	0.00917	0.00451	0.00303	0.00894
1	0.01904	0.13957	0.02075	0.01629	0.04834	0.34579	0.01248	0.02072	0.01477	0.01603	0.01146	0.04808	0.01100	0.04873	0.01120	0.00225	0.19717	0.00551	0.00332	0.00748
2	0.00825	0.00641	0.00750	0.00781	0.00933	0.00567	0.00564	0.01014	0.01525	0.01974	0.22850	0.26183	0.35643	0.01698	0.00796	0.00231	0.00342	0.01477	0.00641	0.00567
3	0.03797	0.05017	0.21952	0.03742	0.13783	0.03965	0.01639	0.08712	0.01597	0.12270	0.01391	0.01588	0.01044	0.00835	0.02983	0.00227	0.08352	0.00539	0.00415	0.06152
4	0.01722	0.04760	0.12723	0.21921	0.05598	0.06760	0.06913	0.08248	0.01656	0.11845	0.04198	0.02116	0.01381	0.00880	0.02741	0.00234	0.00854	0.04141	0.00437	0.00873
5	0.72245	0.01255	0.01034	0.00902	0.01321	0.01417	0.00743	0.02085	0.01210	0.11243	0.01115	0.01208	0.00821	0.00635	0.00437	0.00204	0.00515	0.00393	0.00455	0.00761
6	0.01554	0.01776	0.03885	0.02775	0.03441	0.01665	0.70366	0.02109	0.01554	0.02109	0.01332	0.01776	0.00999	0.00555	0.00777	0.00222	0.01110	0.00777	0.00333	0.00888
7	0.04200	0.10831	0.01996	0.01507	0.04436	0.05632	0.12100	0.02132	0.13909	0.07451	0.11927	0.05756	0.07562	0.00977	0.00738	0.00212	0.03455	0.03833	0.00521	0.00825
8	0.01258	0.00754	0.00930	0.00894	0.01078	0.00702	0.00653	0.01493	0.04849	0.13613	0.13741	0.19616	0.17521	0.12748	0.01226	0.03490	0.00452	0.03718	0.00619	0.00645
9	0.00956	0.00644	0.00747	0.00747	0.00758	0.00654	0.00436	0.00976	0.00966	0.01298	0.02047	0.04159	0.02329	0.70640	0.09487	0.00675	0.00736	0.00936	0.00395	0.00415
10	0.04167	0.01230	0.01876	0.59190	0.03920	0.01496	0.01664	0.07588	0.05755	0.02010	0.01375	0.01971	0.01070	0.00725	0.00660	0.00220	0.00820	0.03122	0.00362	0.00778
11	0.00953	0.00684	0.00984	0.00980	0.01086	0.00760	0.00739	0.01122	0.01103	0.01555	0.06391	0.02986	0.05366	0.09658	0.54044	0.08477	0.01407	0.00775	0.00386	0.00546
12	0.00810	0.00576	0.00762	0.00907	0.00943	0.00540	0.00601	0.00919	0.01246	0.01661	0.03553	0.72925	0.04259	0.05701	0.00962	0.00285	0.00394	0.01827	0.00601	0.00528
13	0.00976	0.04005	0.01161	0.01061	0.01198	0.00900	0.00836	0.01210	0.01070	0.01529	0.01727	0.02520	0.01611	0.04749	0.71072	0.01018	0.01718	0.00690	0.00350	0.00599
14	0.00822	0.00610	0.00771	0.00885	0.00973	0.00559	0.00623	0.00969	0.01353	0.01762	0.07105	0.54165	0.18130	0.01935	0.00830	0.00258	0.00386	0.06701	0.00616	0.00548
15	0.07312	0.00768	0.00927	0.00897	0.01105	0.00714	0.00669	0.01485	0.01511	0.14826	0.16171	0.26516	0.16490	0.04485	0.00854	0.00248	0.00419	0.03288	0.00644	0.00670
16	0.01637	0.01414	0.01489	0.01340	0.01712	0.01637	0.01042	0.03498	0.71568	0.02754	0.02679	0.02456	0.02010	0.00893	0.00670	0.00223	0.00521	0.00744	0.00670	0.01042
17	0.00839	0.00599	0.00806	0.00959	0.01013	0.00567	0.00675	0.00980	0.01297	0.01722	0.03608	0.66586	0.04273	0.02028	0.00850	0.00272	0.00414	0.11356	0.00610	0.00545
18	0.01190	0.00734	0.00928	0.00926	0.01076	0.00697	0.00688	0.02950	0.01482	0.09798	0.15909	0.19549	0.08331	0.17373	0.01329	0.00325	0.00483	0.12710	0.02903	0.00616
19	0.04193	0.00762	0.00951	0.00992	0.01098	0.00792	0.00734	0.03587	0.01383	0.01908	0.08973	0.40202	0.11025	0.05664	0.01057	0.00277	0.06939	0.08299	0.00574	0.00588
20	0.01554	0.01776	0.03885	0.02775	0.03441	0.01665	0.70366	0.02109	0.01554	0.02109	0.01332	0.01776	0.00999	0.00555	0.00777	0.00222	0.01110	0.00777	0.00333	0.00888
21	0.00990	0.00687	0.00878	0.00946	0.01020	0.00688	0.00703	0.01139	0.01237	0.01638	0.05238	0.09303	0.03172	0.37024	0.04784	0.00483	0.00642	0.28418	0.00504	0.00505
22	0.11025	0.00828	0.00949	0.00924	0.01154	0.00814	0.00726	0.01589	0.05384	0.09313	0.18078	0.13504	0.15573	0.01363	0.00724	0.00229	0.00429	0.11407	0.05307	0.00680
23	0.01105	0.00693	0.00734	0.00732	0.00907	0.00681	0.00545	0.01496	0.07310	0.02285	0.09149	0.10444	0.16715	0.01131	0.00605	0.00189	0.00338	0.00949	0.43363	0.00631
24	0.00943	0.00694	0.00998	0.00998	0.01095	0.00790	0.00748	0.01137	0.01040	0.01484	0.01818	0.02889	0.01777	0.17586	0.61787	0.00984	0.01566	0.00750	0.00361	0.00555
25	0.04655	0.03329	0.01515	0.05842	0.04307	0.03988	0.05418	0.03841	0.01360	0.06075	0.08642	0.02438	0.01860	0.02939	0.38569	0.00644	0.02747	0.00701	0.00419	0.00708
26	0.01131	0.01203	0.07784	0.04394	0.08062	0.01006	0.13001	0.03476	0.01459	0.01934	0.03238	0.25587	0.16799	0.02835	0.00823	0.00244	0.00631	0.05189	0.00494	0.00709
27	0.00818	0.00588	0.00780	0.00927	0.00979	0.00550	0.00636	0.00947	0.01286	0.01703	0.03733	0.69309	0.06864	0.02032	0.00842	0.00268	0.00395	0.06192	0.00611	0.00540
28	0.07291	0.07507	0.04322	0.12991	0.07340	0.11411	0.18776	0.10577	0.01666	0.04348	0.01229	0.01536	0.00952	0.00678	0.00757	0.00207	0.06587	0.00579	0.00379	0.00868
29	0.00813	0.00612	0.00753	0.00837	0.00941	0.00552	0.00583	0.00968	0.01406	0.01836	0.13666	0.47957	0.22966	0.01860	0.00815	0.00247	0.00359	0.01650	0.00626	0.00552
30	0.01446	0.01216	0.01555	0.01199	0.04514	0.00950	0.04473	0.01755	0.01400	0.04836	0.01235	0.01430	0.01004	0.00507	0.00516	0.00112	0.00535	0.00428	0.00401	0.70488
31	0.04137	0.01225	0.01398	0.01013	0.01587	0.00986	0.00814	0.06917	0.01489	0.02325	0.01193	0.01372	0.00977	0.00515	0.00498	0.00109	0.00506	0.00404	0.00411	0.72124
32	0.07239	0.00648	0.00895	0.00872	0.00924	0.00657	0.00599	0.01040	0.00922	0.04386	0.01189	0.01942	0.01132	0.02098	0.02328	0.71332	0.00567	0.00560	0.00318	0.00354
33	0.01258	0.00643	0.00700	0.00687	0.00849	0.00652	0.00522	0.01554	0.01361	0.04992	0.02119	0.02462	0.01680	0.01261	0.09174	0.00262	0.00488	0.00626	0.68079	0.00630
34	0.01131	0.00752	0.00952	0.00883	0.01086	0.00696	0.00683	0.03688	0.01839	0.08018	0.52011	0.04936	0.13726	0.01356	0.00772	0.00215	0.00366	0.05515	0.00708	0.00668
35	0.01061	0.00705	0.00904	0.00836	0.01024	0.00639	0.00633	0.01352	0.01826	0.07647	0.60287	0.04877	0.13017	0.01342	0.00768	0.00208	0.00331	0.01174	0.00719	0.00650
36	0.00828	0.00586	0.00769	0.00906	0.00944	0.00554	0.00604	0.00937	0.01237	0.01647	0.03456	0.66251	0.04123	0.10118	0.01113	0.00309	0.00417	0.04092	0.00588	0.00523
37	0.08683	0.01158	0.01484	0.01155	0.01640	0.01060	0.00950	0.07469	0.01906	0.59978	0.05801	0.02240	0.01750	0.00824	0.00648	0.00203	0.00555	0.00660	0.00770	0.01066
38	0.01313	0.00767	0.00813	0.00752	0.00951	0.00778	0.00577	0.09465	0.01655	0.02650	0.12551	0.02876	0.05242	0.00892	0.00543	0.00169	0.00357	0.00728	0.56251	0.00671
39	0.00899	0.00609	0.00803	0.00926	0.00989	0.00570	0.00636	0.01024	0.01285	0.04073	0.03564	0.63676	0.05718	0.06464	0.00987	0.00289	0.00416	0.05916	0.00605	0.00551
40	0.02503	0.01844	0.01976	0.01515	0.02042	0.02042	0.01251	0.70562	0.03095	0.04149	0.01581	0.01581	0.01120	0.00790	0.00659	0.00198	0.00724	0.00593	0.00659	0.01120
41	0.01629	0.01564	0.02672	0.04041	0.72757	0.01564	0.02020	0.02020	0.01499	0.02151	0.01238	0.01629	0.01043	0.00587	0.00652	0.00196	0.00782	0.00587	0.00326	0.01043
42	0.01243	0.01170	0.01975	0.75282	0.04534	0.01463	0.01828	0.01682	0.01316	0.01682	0.01170	0.01755	0.00878	0.00658	0.00658	0.00219	0.00878	0.00585	0.00293	0.00731
43	0.00806	0.00581	0.00764	0.00901	0.00953	0.00539	0.00606	0.00931	0.01296	0.01723	0.06505	0.70187	0.07742	0.02015	0.00835	0.00263	0.00377	0.01821	0.00616	0.00539
44	0.01440	0.01440	0.02016	0.01728	0.01728	0.02016	0.01440	0.01584	0.01008	0.01584	0.00864	0.01440	0.00864	0.01152	0.02160	0.00288	0.75659	0.00576	0.00288	0.00720
45	0.02503	0.01844	0.01976	0.01515	0.02042	0.02042	0.01251	0.70562	0.03095	0.04149	0.01581	0.01581	0.01120	0.00790	0.00659	0.00198	0.00724	0.00593	0.00659	0.01120
46	0.00794	0.00668	0.00689	0.00683	0.00899	0.00562	0.00513	0.00975	0.01538	0.01867	0.13429	0.06190	0.65675	0.01634	0.00778	0.00221	0.00331	0.01369	0.00623	0.00562
47	0.00941	0.00702	0.01040	0.01040	0.01152	0.00813	0.00801	0.01164	0.01053	0.01515	0.01780	0.02676	0.01685	0.08696	0.70550	0.01036	0.01705	0.00719	0.00355	0.00578
48	0.00924	0.00673	0.00869	0.00820	0.00979	0.00618	0.00615	0.01227	0.01845	0.02595	0.68975	0.04992	0.09675	0.01363	0.00777	0.00208	0.00312	0.01201	0.00719	0.00618
49	0.00802	0.00573	0.00764	0.00917	0.00955	0.00535	0.00611	0.00917	0.01260	0.01681	0.03628	0.76434	0.04354	0.02062	0.00840	0.00267	0.00382	0.01872	0.00611	0.00535
50	0.01243	0.01170	0.01975	0.75282	0.04534	0.01463	0.01828	0.01682	0.01316	0.01682	0.01170	0.01755	0.00878	0.00658	0.00658	0.00219	0.00878	0.00585	0.00293	0.00731
51	0.00802	0.00573	0.00764	0.00917	0.00955	0.00535	0.00611	0.00917	0.01260	0.01681	0.03628	0.76434	0.04354	0.02062	0.00840	0.00267	0.00382	0.01872	0.00611	0.00535
52	0.00957	0.00638	0.00718	0.00718	0.00718	0.00638	0.00399	0.00957	0.00957	0.01276	0.02074	0.04308	0.02393	0.76864	0.03351	0.00638	0.00638	0.00957	0.00399	0.00399
53	0.02459	0.03138	0.01866	0.01696	0.02035	0.74221	0.01272	0.02629	0.01866	0.01611	0.01018	0.01187	0.00848	0.00678	0.00594	0.00170	0.01187	0.00424	0.00339	0.00763
54	0.01760	0.77260	0.03450	0.01126	0.01690	0.02605	0.01126	0.01971	0.01338	0.01549	0.00915	0.01056	0.00845	0.00563	0.00422	0.00141	0.00704	0.00352	0.00282	0.00845
55	0.06190	0.00714	0.00701	0.00673	0.00860	0.00736	0.00514	0.04917	0.01448	0.02567	0.02045	0.02327	0.01600	0.00759	0.00467	0.00159	0.00339	0.00597	0.71743	0.00644
56	0.00982	0.00629	0.00737	0.00737	0.00737	0.00629	0.00422	0.00944	0.00944	0.01259	0.01950	0.04000	0.02227	0.66919	0.03247	0.11334	0.00629	0.00906	0.00384	0.00384
57	0.01661	0.01564	0.07316	0.01377	0.01803	0.01604	0.01152	0.03373	0.63280	0.05336	0.02555	0.02362	0.01900	0.00869	0.00666	0.00221	0.00559	0.00720	0.00644	0.01039
58	0.01615	0.01391	0.01469	0.01324	0.01689	0.01605	0.01029	0.03427	0.69375	0.02750	0.04873	0.02534	0.02142	0.00907	0.00673	0.00223	0.00514	0.00758	0.00672	0.01029
59	0.00969	0.00629	0.00771	0.00824	0.00861	0.00606	0.00515	0.01030	0.01128	0.04336	0.02780	0.35995	0.03226	0.40870	0.02137	0.00457	0.00522	0.01348	0.00509	0.00488
60	0.00962	0.00649	0.00758	0.00765	0.00784	0.00651	0.00463	0.01001	0.01031	0.01382	0.04966	0.04461	0.02605	0.66681	0.05639	0.00616	0.00663	0.05070	0.00423	0.00427
61	0.01073	0.00747	0.01015	0.01105	0.01273	0.00726	0.00942	0.01366	0.01586	0.04118	0.15746	0.06761	0.09009	0.01696	0.00870	0.00278	0.00534	0.49903	0.00633	0.00620
62	0.01248	0.00932	0.01098	0.00979	0.01222	0.00936	0.00763	0.14280	0.05567	0.02805	0.45595	0.04425	0.12457	0.01273	0.00754	0.00211	0.00412	0.03622	0.00692	0.00728
63	0.01158	0.00773	0.00940	0.00936	0.01083	0.00765	0.00680	0.08445	0.02923	0.04245	0.12132	0.31702	0.08242	0.06041	0.01049	0.06374	0.00445	0.03932	0.07516	0.00619
64	0.01874	0.01401	0.01526	0.01309	0.01701	0.01561	0.01030	0.15160	0.46737	0.10296	0.05246	0.02446	0.01995	0.03724	0.00772	0.00232	0.00557	0.00735	0.00675	0.01023
65	0.00914	0.00669	0.00838	0.00797	0.00948	0.00614	0.00586	0.01178	0.01737	0.02408	0.57654	0.05052	0.14622	0.07923	0.00999	0.00246	0.00342	0.01197	0.00682	0.00593
66	0.00873	0.00628	0.00816	0.00913	0.00976	0.00610	0.00624	0.01058	0.03396	0.01762	0.10271	0.52605	0.04082	0.10947	0.04964	0.00346	0.00488	0.03507	0.00586	0.00547
67	0.15546	0.00828	0.00937	0.00956	0.01111	0.00867	0.00698	0.04615	0.01359	0.04442	0.05717	0.41667	0.04808	0.05489	0.00918	0.00265	0.03426	0.02911	0.02817	0.00623
68	0.01074	0.00668	0.00884	0.00957	0.01053	0.00638	0.00685	0.01216	0.01298	0.08341	0.03176	0.43959	0.03578	0.14762	0.04006	0.00360	0.00528	0.11657	0.00584	0.00579
69	0.00899	0.00709	0.00850	0.00889	0.01029	0.00683	0.00651	0.01178	0.05833	0.01931	0.14627	0.32653	0.26656	0.01712	0.00847	0.00243	0.02896	0.04496	0.00621	0.00596
70	0.01053	0.00833	0.01229	0.07619	0.05224	0.00827	0.05545	0.01347	0.04404	0.03577	0.08002	0.35835	0.11363	0.03307	0.03287	0.00274	0.00544	0.01328	0.03752	0.00648
71	0.18317	0.01317	0.01490	0.03935	0.01739	0.01360	0.00991	0.21483	0.02010	0.32151	0.01893	0.01821	0.01281	0.00758	0.00595	0.00199	0.00589	0.00575	0.06509	0.00987
72	0.09394	0.01291	0.01472	0.01194	0.01635	0.01333	0.00968	0.16632	0.16272	0.31709	0.02215	0.02068	0.01528	0.00803	0.00621	0.00202	0.00556	0.00633	0.08453	0.01019
73	0.01627	0.01509	0.02224	0.30452	0.33161	0.06525	0.01778	0.04650	0.04940	0.04860	0.01334	0.01709	0.01040	0.00652	0.00652	0.00205	0.00822	0.00586	0.00363	0.00912
74	0.01218	0.01020	0.01369	0.05260	0.07071	0.03696	0.05030	0.05016	0.01485	0.02043	0.10704	0.09650	0.11290	0.03887	0.11687	0.02154	0.03078	0.02520	0.07964	0.03858

[dist]
# distance from previous block
# <min> <max>
1	24

[block]
# block no. 4 follows, 33 sequences, length 63
# corresponding to MSA columns:
# 241-303
name=unknown_E
#
# <colnr> <probs for GDERKNQSTAVLIFYWHMCP>
#	G	D	E	R	K	N	Q	S	T	A	V	L	I	F	Y	W	H	M	C	P
0	0.03539	0.00834	0.01016	0.02802	0.01228	0.00790	0.00714	0.04609	0.01558	0.13936	0.14030	0.12042	0.16479	0.10713	0.03795	0.00298	0.00516	0.03727	0.03633	0.03743
1	0.00991	0.00680	0.00829	0.00861	0.00979	0.00635	0.00593	0.01157	0.04304	0.04533	0.05691	0.35207	0.16901	0.12932	0.01320	0.07111	0.00441	0.01371	0.00560	0.02905
2	0.01741	0.01042	0.01178	0.01010	0.01320	0.01069	0.00796	0.15392	0.10253	0.14605	0.11489	0.05431	0.05146	0.00953	0.00625	0.00193	0.00460	0.00785	0.25670	0.00844
3	0.01044	0.00766	0.00901	0.00924	0.01077	0.00760	0.00667	0.01475	0.12696	0.03897	0.10436	0.30437	0.15674	0.09323	0.01040	0.00281	0.00428	0.04526	0.03010	0.00636
4	0.01084	0.00738	0.00902	0.00898	0.01070	0.00691	0.00648	0.01396	0.06669	0.06705	0.17152	0.33197	0.12009	0.04786	0.00868	0.00244	0.00397	0.01341	0.04334	0.04870
5	0.17110	0.01103	0.01255	0.01027	0.01433	0.01076	0.00833	0.09680	0.01796	0.33340	0.08980	0.02788	0.12048	0.00943	0.00633	0.00204	0.00504	0.00748	0.03601	0.00899
6	0.02544	0.01727	0.01897	0.01460	0.01980	0.01875	0.01204	0.58932	0.04825	0.14122	0.01759	0.01701	0.01218	0.00797	0.00659	0.00199	0.00695	0.00607	0.00682	0.01118
7	0.01245	0.00760	0.00962	0.00936	0.01124	0.00707	0.00689	0.03644	0.03668	0.13094	0.22133	0.33536	0.11797	0.01560	0.00778	0.00233	0.00400	0.01376	0.00676	0.00684
8	0.01549	0.01120	0.01252	0.01115	0.01402	0.01202	0.00850	0.10752	0.28361	0.08103	0.13069	0.08957	0.05559	0.09606	0.00996	0.00264	0.00505	0.00921	0.03572	0.00847
9	0.00940	0.00705	0.01058	0.01058	0.01176	0.00823	0.00823	0.01176	0.01058	0.01528	0.01763	0.02586	0.01646	0.04937	0.74255	0.01058	0.01763	0.00705	0.00353	0.00588
10	0.10078	0.01734	0.01830	0.01428	0.01932	0.01921	0.01175	0.57051	0.07328	0.06527	0.01626	0.01613	0.01158	0.00781	0.00635	0.00200	0.00684	0.00582	0.00641	0.01075
11	0.01057	0.00715	0.00895	0.00916	0.01066	0.00676	0.00710	0.01263	0.01472	0.05665	0.17151	0.05737	0.17169	0.18862	0.01405	0.00340	0.00501	0.23229	0.00594	0.00579
12	0.02954	0.01120	0.01528	0.01171	0.01681	0.00968	0.00968	0.03208	0.01884	0.73213	0.02597	0.02241	0.01630	0.00815	0.00662	0.00204	0.00560	0.00662	0.00815	0.01120
13	0.00930	0.00703	0.00862	0.00816	0.00995	0.00650	0.00614	0.01275	0.04702	0.02468	0.55982	0.05106	0.19660	0.01393	0.00772	0.00211	0.00324	0.01213	0.00699	0.00625
14	0.02503	0.01844	0.01976	0.01515	0.02042	0.02042	0.01251	0.70562	0.03095	0.04149	0.01581	0.01581	0.01120	0.00790	0.00659	0.00198	0.00724	0.00593	0.00659	0.01120
15	0.00813	0.00668	0.00716	0.00704	0.00911	0.00571	0.00528	0.01013	0.01584	0.01977	0.21818	0.06009	0.57217	0.01593	0.00778	0.00219	0.00328	0.01344	0.00637	0.00571
16	0.01629	0.01564	0.02672	0.04041	0.72757	0.01564	0.02020	0.02020	0.01499	0.02151	0.01238	0.01629	0.01043	0.00587	0.00652	0.00196	0.00782	0.00587	0.00326	0.01043
17	0.01061	0.00758	0.01061	0.01212	0.01364	0.00758	0.01061	0.01364	0.01515	0.01970	0.03486	0.07426	0.03789	0.01819	0.00909	0.00303	0.00606	0.68326	0.00606	0.00606
18	0.02459	0.03138	0.01866	0.01696	0.02035	0.74221	0.01272	0.02629	0.01866	0.01611	0.01018	0.01187	0.00848	0.00678	0.00594	0.00170	0.01187	0.00424	0.00339	0.00763
19	0.05896	0.01138	0.01505	0.01167	0.01666	0.01015	0.00961	0.03172	0.04768	0.67587	0.02537	0.02205	0.01611	0.00810	0.00653	0.00205	0.00557	0.00654	0.00793	0.01102
20	0.00802	0.00573	0.00764	0.00917	0.00955	0.00535	0.00611	0.00917	0.01260	0.01681	0.03628	0.76434	0.04354	0.02062	0.00840	0.00267	0.00382	0.01872	0.00611	0.00535
21	0.00802	0.00573	0.00764	0.00917	0.00955	0.00535	0.00611	0.00917	0.01260	0.01681	0.03628	0.76434	0.04354	0.02062	0.00840	0.00267	0.00382	0.01872	0.00611	0.00535
22	0.00943	0.00694	0.01002	0.01002	0.01100	0.00793	0.00753	0.01140	0.01041	0.01487	0.01815	0.02870	0.01769	0.16772	0.62589	0.00989	0.01578	0.00747	0.00360	0.00557
23	0.00961	0.00623	0.00782	0.00852	0.00898	0.00594	0.00546	0.01038	0.01173	0.04841	0.02985	0.45364	0.03477	0.30662	0.01794	0.00406	0.00488	0.01465	0.00539	0.00510
24	0.01365	0.01170	0.01365	0.00975	0.01560	0.00878	0.00780	0.01658	0.01365	0.02145	0.01170	0.01365	0.00975	0.00488	0.00488	0.00098	0.00488	0.00390	0.00390	0.80888
25	0.47242	0.01234	0.01229	0.01012	0.01464	0.01295	0.00835	0.05041	0.01499	0.30973	0.01611	0.01555	0.01093	0.00699	0.00518	0.00203	0.00538	0.00487	0.00579	0.00891
26	0.00920	0.00681	0.00849	0.00845	0.00996	0.00637	0.00641	0.01161	0.01604	0.02165	0.37854	0.05412	0.19675	0.09733	0.04238	0.00307	0.00455	0.10615	0.00632	0.00580
27	0.01183	0.00729	0.00962	0.01019	0.01169	0.00692	0.00780	0.01418	0.03249	0.10845	0.06212	0.35479	0.06598	0.05989	0.00970	0.00285	0.00482	0.20671	0.00629	0.00639
28	0.00868	0.00669	0.00797	0.00818	0.00970	0.00611	0.00593	0.01131	0.04118	0.02077	0.27853	0.25952	0.27851	0.01644	0.00792	0.00230	0.00347	0.01438	0.00652	0.00590
29	0.10729	0.01599	0.01720	0.01348	0.01836	0.01735	0.01108	0.46457	0.06315	0.14728	0.01753	0.01713	0.01228	0.00780	0.00626	0.00199	0.00649	0.00588	0.03839	0.01053
30	0.00865	0.00673	0.00782	0.00807	0.00959	0.00615	0.00580	0.01117	0.04516	0.01977	0.20944	0.25861	0.31716	0.04442	0.00886	0.00247	0.00361	0.01437	0.00633	0.00580
31	0.00950	0.00669	0.00876	0.00876	0.00931	0.00724	0.00596	0.01059	0.01004	0.01394	0.01930	0.03508	0.02046	0.43426	0.36314	0.00833	0.01161	0.00840	0.00377	0.00487
32	0.00934	0.00787	0.01220	0.01212	0.03385	0.00734	0.09491	0.01137	0.01357	0.01776	0.03808	0.44362	0.17607	0.01850	0.03724	0.00283	0.00541	0.04630	0.00557	0.00604
33	0.00864	0.00696	0.00786	0.00879	0.00980	0.03260	0.00608	0.01003	0.01373	0.01751	0.07752	0.52653	0.21237	0.01877	0.00813	0.00250	0.00396	0.01664	0.00607	0.00553
34	0.01985	0.02230	0.08294	0.01556	0.01986	0.27458	0.04448	0.12806	0.21542	0.02398	0.01682	0.01814	0.01311	0.03556	0.00732	0.00211	0.00853	0.00588	0.03651	0.00900
35	0.11511	0.22313	0.20022	0.10075	0.06294	0.10391	0.06892	0.02053	0.01409	0.01953	0.01072	0.01322	0.00853	0.00610	0.00557	0.00187	0.00859	0.00466	0.00311	0.00852
36	0.64843	0.01320	0.01066	0.00943	0.01345	0.04087	0.00767	0.02149	0.06218	0.07843	0.01204	0.01299	0.00906	0.00653	0.00453	0.00202	0.00532	0.00416	0.02991	0.00764
37	0.01944	0.02016	0.02197	0.11118	0.08122	0.22651	0.10543	0.13956	0.10351	0.02297	0.01381	0.01614	0.01076	0.00737	0.00781	0.00206	0.07116	0.00584	0.00422	0.00889
38	0.00877	0.00641	0.00805	0.00905	0.00972	0.00619	0.00609	0.01097	0.05557	0.01750	0.06975	0.57191	0.06566	0.10803	0.01122	0.00304	0.00415	0.01642	0.00595	0.00555
39	0.01373	0.00796	0.00977	0.00921	0.01137	0.00738	0.00678	0.01669	0.06639	0.17910	0.11944	0.23487	0.17808	0.09579	0.01037	0.00273	0.00441	0.01238	0.00652	0.00703
40	0.01442	0.01411	0.04282	0.01511	0.09124	0.13042	0.03059	0.04921	0.06156	0.03833	0.09755	0.17553	0.05589	0.09980	0.01031	0.00269	0.00666	0.05134	0.00512	0.00729
41	0.01435	0.01110	0.01191	0.01093	0.01377	0.01215	0.00839	0.09319	0.33923	0.02603	0.05567	0.12607	0.09302	0.01109	0.00670	0.00214	0.00461	0.00936	0.14183	0.00847
42	0.04288	0.00706	0.00877	0.00909	0.01067	0.00656	0.00669	0.01289	0.01450	0.09580	0.12406	0.36623	0.15481	0.03935	0.00867	0.00257	0.00416	0.07271	0.00632	0.00621
43	0.13569	0.00811	0.00941	0.00935	0.01133	0.00817	0.00701	0.01519	0.04012	0.10430	0.04687	0.28288	0.09459	0.03370	0.06715	0.03326	0.00552	0.04256	0.03824	0.00654
44	0.01815	0.07071	0.01451	0.01134	0.01444	0.17015	0.00901	0.18281	0.01868	0.02541	0.01649	0.01879	0.01305	0.01056	0.06145	0.00235	0.00737	0.00555	0.32136	0.00782
45	0.13725	0.00779	0.00885	0.00879	0.01067	0.00760	0.00648	0.01381	0.01420	0.08995	0.15253	0.26615	0.12945	0.07882	0.00952	0.00268	0.00431	0.03886	0.00600	0.00629
46	0.06260	0.00852	0.01048	0.00969	0.01213	0.00806	0.00744	0.04644	0.01619	0.19579	0.16174	0.19020	0.10344	0.07054	0.00939	0.00260	0.00467	0.06622	0.00656	0.00728
47	0.04124	0.00803	0.00939	0.00936	0.01125	0.00794	0.00702	0.03465	0.09798	0.03866	0.20944	0.25391	0.17357	0.01534	0.00771	0.00235	0.00404	0.05506	0.00644	0.00662
48	0.01366	0.00882	0.01117	0.01110	0.01344	0.00863	0.00929	0.08216	0.01698	0.10447	0.06397	0.05831	0.14522	0.05036	0.00943	0.00280	0.00558	0.37133	0.00632	0.00699
49	0.01171	0.00858	0.03776	0.00880	0.01118	0.00729	0.00699	0.03308	0.03664	0.09121	0.21994	0.14179	0.24193	0.03643	0.00812	0.00228	0.00405	0.01177	0.07374	0.00672
