[name]
unknown

[dist]
# distance from previous block
# <min> <max>
1	42

[block]
# block no. 0 follows, 33 sequences, length 114
# corresponding to MSA columns:
# 49-162
name=unknown_A
#
# <colnr> <probs for GDERKNQSTAVLIFYWHMCP>
#	G	D	E	R	K	N	Q	S	T	A	V	L	I	F	Y	W	H	M	C	P
0	0.04030	0.01325	0.02010	0.18422	0.21358	0.01424	0.05843	0.10343	0.03789	0.04254	0.01678	0.08225	0.01483	0.00852	0.00724	0.00214	0.03288	0.04228	0.03318	0.03190
1	0.14951	0.06563	0.01981	0.04343	0.22076	0.03622	0.04843	0.01884	0.01384	0.02209	0.01134	0.01399	0.00936	0.00557	0.00541	0.00159	0.00657	0.00466	0.00360	0.29937
2	0.01618	0.01553	0.02652	0.06113	0.70773	0.01561	0.02015	0.02011	0.01494	0.02137	0.01236	0.01633	0.01038	0.00589	0.00652	0.00196	0.00785	0.00587	0.00325	0.01034
3	0.00909	0.00672	0.00848	0.00804	0.00969	0.00611	0.00603	0.01198	0.01809	0.02511	0.62586	0.05129	0.16116	0.01394	0.00777	0.00209	0.00314	0.01220	0.00708	0.00611
4	0.00786	0.00654	0.00687	0.00706	0.00901	0.00555	0.00519	0.00950	0.01478	0.01790	0.08154	0.16026	0.61109	0.01713	0.00787	0.00228	0.00340	0.01451	0.00615	0.00555
5	0.01003	0.00690	0.00897	0.00835	0.01007	0.00632	0.00630	0.01306	0.01851	0.05281	0.67396	0.04867	0.08428	0.01337	0.00772	0.00207	0.00321	0.01178	0.00724	0.00638
6	0.00807	0.00668	0.00707	0.00697	0.00907	0.00568	0.00523	0.01000	0.01568	0.01940	0.18978	0.06070	0.60081	0.01607	0.00778	0.00219	0.00329	0.01352	0.00633	0.00568
7	0.02801	0.01087	0.01479	0.01145	0.01628	0.00941	0.00941	0.03060	0.01883	0.67897	0.07856	0.02442	0.01975	0.00855	0.00671	0.00204	0.00541	0.00702	0.00808	0.01083
8	0.81514	0.01273	0.00968	0.00866	0.01273	0.01477	0.00713	0.01935	0.01120	0.02954	0.00917	0.01069	0.00713	0.00611	0.00407	0.00204	0.00509	0.00356	0.00407	0.00713
9	0.01637	0.01414	0.01489	0.01340	0.01712	0.01637	0.01042	0.03498	0.71568	0.02754	0.02679	0.02456	0.02010	0.00893	0.00670	0.00223	0.00521	0.00744	0.00670	0.01042
10	0.01637	0.01414	0.01489	0.01340	0.01712	0.01637	0.01042	0.03498	0.71568	0.02754	0.02679	0.02456	0.02010	0.00893	0.00670	0.00223	0.00521	0.00744	0.00670	0.01042
11	0.81514	0.01273	0.00968	0.00866	0.01273	0.01477	0.00713	0.01935	0.01120	0.02954	0.00917	0.01069	0.00713	0.00611	0.00407	0.00204	0.00509	0.00356	0.00407	0.00713
12	0.00932	0.00673	0.00880	0.00828	0.00984	0.00621	0.00621	0.01242	0.01863	0.02640	0.72410	0.04918	0.06212	0.01346	0.00776	0.00207	0.00311	0.01191	0.00725	0.00621
13	0.81514	0.01273	0.00968	0.00866	0.01273	0.01477	0.00713	0.01935	0.01120	0.02954	0.00917	0.01069	0.00713	0.00611	0.00407	0.00204	0.00509	0.00356	0.00407	0.00713
14	0.01629	0.01564	0.02672	0.04041	0.72757	0.01564	0.02020	0.02020	0.01499	0.02151	0.01238	0.01629	0.01043	0.00587	0.00652	0.00196	0.00782	0.00587	0.00326	0.01043
15	0.02503	0.01844	0.01976	0.01515	0.02042	0.02042	0.01251	0.70562	0.03095	0.04149	0.01581	0.01581	0.01120	0.00790	0.00659	0.00198	0.00724	0.00593	0.00659	0.01120
16	0.01561	0.13789	0.03708	0.02448	0.03076	0.01776	0.56923	0.02046	0.01509	0.02005	0.01344	0.04215	0.01089	0.00608	0.00722	0.00211	0.01020	0.00747	0.00334	0.00869
17	0.00802	0.00573	0.00764	0.00917	0.00955	0.00535	0.00611	0.00917	0.01260	0.01681	0.03628	0.76434	0.04354	0.02062	0.00840	0.00267	0.00382	0.01872	0.00611	0.00535
18	0.02573	0.01730	0.01905	0.01461	0.01985	0.01873	0.01207	0.59997	0.02905	0.14983	0.01740	0.01684	0.01200	0.00794	0.00659	0.00199	0.00699	0.00604	0.00683	0.01120
19	0.00810	0.00668	0.00711	0.00700	0.00909	0.00569	0.00525	0.01006	0.01575	0.01956	0.20228	0.06043	0.58820	0.01601	0.00778	0.00219	0.00329	0.01348	0.00635	0.00569
20	0.01467	0.02320	0.27825	0.02403	0.03137	0.01638	0.42878	0.02070	0.01465	0.02070	0.01253	0.01623	0.00934	0.00614	0.00805	0.00221	0.05393	0.00665	0.00311	0.00908
21	0.00797	0.00593	0.00744	0.00864	0.00941	0.00539	0.00588	0.00923	0.01311	0.01701	0.04265	0.61771	0.18607	0.01980	0.00827	0.00258	0.00372	0.01771	0.00611	0.00539
22	0.02954	0.01120	0.01528	0.01171	0.01681	0.00968	0.00968	0.03208	0.01884	0.73213	0.02597	0.02241	0.01630	0.00815	0.00662	0.00204	0.00560	0.00662	0.00815	0.01120
23	0.01836	0.01762	0.08637	0.02293	0.19816	0.03509	0.11855	0.15058	0.16086	0.07262	0.01762	0.04168	0.01366	0.00749	0.00678	0.00209	0.00768	0.00681	0.00496	0.01009
24	0.01450	0.01402	0.02335	0.30162	0.32796	0.01608	0.03963	0.01821	0.01347	0.01876	0.01151	0.01648	0.00949	0.00711	0.00921	0.00221	0.13876	0.00590	0.00307	0.00866
25	0.00951	0.00653	0.00790	0.00783	0.00822	0.00662	0.00492	0.01030	0.01103	0.01510	0.12203	0.04149	0.02838	0.55618	0.13154	0.00636	0.00752	0.00955	0.00439	0.00458
26	0.02408	0.04946	0.02003	0.01705	0.02084	0.61443	0.04095	0.09996	0.01973	0.01907	0.01089	0.01251	0.00884	0.00682	0.00604	0.00174	0.01121	0.00455	0.00372	0.00809
27	0.81514	0.01273	0.00968	0.00866	0.01273	0.01477	0.00713	0.01935	0.01120	0.02954	0.00917	0.01069	0.00713	0.00611	0.00407	0.00204	0.00509	0.00356	0.00407	0.00713
28	0.01320	0.03405	0.73453	0.01876	0.02849	0.01529	0.02432	0.02085	0.01390	0.02085	0.01181	0.01390	0.00834	0.00625	0.00625	0.00208	0.00973	0.00486	0.00278	0.00973
29	0.00887	0.00669	0.00793	0.00762	0.00941	0.00597	0.00571	0.01145	0.01713	0.02320	0.45880	0.05341	0.30135	0.01441	0.00765	0.00211	0.00319	0.01241	0.03673	0.00597
30	0.00783	0.00667	0.00674	0.00672	0.00892	0.00558	0.00504	0.00954	0.01512	0.01805	0.08709	0.06292	0.70434	0.01657	0.00778	0.00222	0.00333	0.01383	0.00615	0.00558
31	0.02459	0.03138	0.01866	0.01696	0.02035	0.74221	0.01272	0.02629	0.01866	0.01611	0.01018	0.01187	0.00848	0.00678	0.00594	0.00170	0.01187	0.00424	0.00339	0.00763
32	0.02537	0.01789	0.01942	0.01489	0.02014	0.01961	0.01230	0.65488	0.03004	0.09351	0.01657	0.01630	0.01158	0.00792	0.00659	0.00198	0.00712	0.00598	0.00670	0.01120
33	0.01760	0.77260	0.03450	0.01126	0.01690	0.02605	0.01126	0.01971	0.01338	0.01549	0.00915	0.01056	0.00845	0.00563	0.00422	0.00141	0.00704	0.00352	0.00282	0.00845
34	0.02545	0.01776	0.01933	0.01482	0.02007	0.01940	0.01224	0.64188	0.02981	0.10685	0.01677	0.01643	0.01168	0.00793	0.00659	0.00198	0.00709	0.00599	0.00673	0.01120
35	0.01050	0.00750	0.01049	0.01200	0.01347	0.00749	0.01042	0.01346	0.01505	0.01958	0.03491	0.10252	0.03812	0.01829	0.00906	0.00302	0.00597	0.65605	0.00606	0.00603
36	0.01554	0.01776	0.03885	0.02775	0.03441	0.01665	0.70366	0.02109	0.01554	0.02109	0.01332	0.01776	0.00999	0.00555	0.00777	0.00222	0.01110	0.00777	0.00333	0.00888
37	0.00956	0.00689	0.00914	0.00900	0.01055	0.00647	0.00704	0.01265	0.01798	0.02514	0.59496	0.05388	0.05758	0.01434	0.00801	0.00225	0.00366	0.13770	0.00702	0.00618
38	0.00940	0.00705	0.01058	0.01058	0.01176	0.00823	0.00823	0.01176	0.01058	0.01528	0.01763	0.02586	0.01646	0.04937	0.74255	0.01058	0.01763	0.00705	0.00353	0.00588
39	0.01550	0.01471	0.02495	0.15773	0.54770	0.01523	0.04103	0.01994	0.03488	0.02098	0.01300	0.01705	0.01062	0.00612	0.00651	0.00200	0.00786	0.00598	0.02850	0.00972
40	0.32633	0.40964	0.02373	0.01151	0.03742	0.04704	0.01007	0.01973	0.01269	0.02114	0.00928	0.01093	0.00801	0.00601	0.00473	0.00172	0.02504	0.00369	0.00334	0.00794
41	0.01058	0.00709	0.00816	0.00783	0.01004	0.00613	0.00589	0.01255	0.01585	0.10066	0.18234	0.13502	0.44267	0.01554	0.00772	0.00222	0.00360	0.01323	0.00656	0.00630
42	0.01365	0.01170	0.01365	0.00975	0.01560	0.00878	0.00780	0.01658	0.01365	0.02145	0.01170	0.01365	0.00975	0.00488	0.00488	0.00098	0.00488	0.00390	0.00390	0.80888
43	0.00831	0.00698	0.00725	0.00713	0.00934	0.00608	0.00536	0.01084	0.04412	0.01919	0.14175	0.06011	0.61871	0.01598	0.00773	0.00221	0.00338	0.01340	0.00627	0.00583
44	0.00795	0.00670	0.00690	0.00692	0.00909	0.00565	0.00524	0.00973	0.01520	0.01830	0.10016	0.06295	0.66890	0.01655	0.00782	0.00224	0.00341	0.03451	0.00617	0.00561
45	0.01734	0.01462	0.01543	0.01359	0.01749	0.01683	0.01065	0.11016	0.63892	0.02910	0.02556	0.02358	0.01910	0.00882	0.00669	0.00220	0.00544	0.00727	0.00669	0.01051
46	0.02459	0.03138	0.01866	0.01696	0.02035	0.74221	0.01272	0.02629	0.01866	0.01611	0.01018	0.01187	0.00848	0.00678	0.00594	0.00170	0.01187	0.00424	0.00339	0.00763
47	0.01629	0.01564	0.02672	0.04041	0.72757	0.01564	0.02020	0.02020	0.01499	0.02151	0.01238	0.01629	0.01043	0.00587	0.00652	0.00196	0.00782	0.00587	0.00326	0.01043
48	0.01440	0.01440	0.02016	0.01728	0.01728	0.02016	0.01440	0.01584	0.01008	0.01584	0.00864	0.01440	0.00864	0.01152	0.02160	0.00288	0.75659	0.00576	0.00288	0.00720
49	0.01365	0.01170	0.01365	0.00975	0.01560	0.00878	0.00780	0.01658	0.01365	0.02145	0.01170	0.01365	0.00975	0.00488	0.00488	0.00098	0.00488	0.00390	0.00390	0.80888
50	0.00848	0.00642	0.00779	0.00836	0.00967	0.00582	0.00609	0.01031	0.01472	0.01915	0.18182	0.30548	0.27214	0.04228	0.00896	0.00256	0.00380	0.07427	0.00626	0.00561
51	0.06192	0.05015	0.33996	0.01657	0.02349	0.03727	0.10209	0.03674	0.01532	0.12984	0.04222	0.05682	0.01373	0.00747	0.00642	0.00204	0.00818	0.00635	0.00423	0.03919
52	0.01365	0.03349	0.69091	0.01896	0.02840	0.03924	0.04354	0.02103	0.01410	0.02070	0.01180	0.01394	0.00839	0.00625	0.00629	0.00208	0.00984	0.00493	0.00282	0.00964
53	0.01243	0.01170	0.01975	0.75282	0.04534	0.01463	0.01828	0.01682	0.01316	0.01682	0.01170	0.01755	0.00878	0.00658	0.00658	0.00219	0.00878	0.00585	0.00293	0.00731
54	0.01613	0.02557	0.30186	0.09352	0.08843	0.20282	0.01802	0.02070	0.01494	0.01887	0.01310	0.01847	0.01095	0.03007	0.00778	0.00218	0.04012	0.04243	0.02563	0.00843
55	0.76523	0.01329	0.01027	0.03196	0.01398	0.03783	0.00765	0.01949	0.01150	0.02872	0.00928	0.01094	0.00722	0.00615	0.00421	0.00203	0.00542	0.00366	0.00402	0.00715
56	0.00820	0.00669	0.00725	0.00711	0.00915	0.00573	0.00533	0.01025	0.01599	0.02012	0.24470	0.05952	0.54544	0.01580	0.00778	0.00218	0.00327	0.01336	0.00642	0.00573
57	0.01558	0.01412	0.07346	0.05702	0.08240	0.01115	0.01129	0.06188	0.03237	0.07519	0.03782	0.01640	0.01226	0.00600	0.00561	0.00143	0.00591	0.00495	0.00436	0.47078
58	0.01440	0.01440	0.02016	0.01728	0.01728	0.02016	0.01440	0.01584	0.01008	0.01584	0.00864	0.01440	0.00864	0.01152	0.02160	0.00288	0.75659	0.00576	0.00288	0.00720
59	0.01440	0.01440	0.02016	0.01728	0.01728	0.02016	0.01440	0.01584	0.01008	0.01584	0.00864	0.01440	0.00864	0.01152	0.02160	0.00288	0.75659	0.00576	0.00288	0.00720
60	0.00895	0.00656	0.00839	0.00826	0.00969	0.00600	0.00607	0.01159	0.01728	0.02396	0.54478	0.16695	0.12710	0.01495	0.00787	0.00218	0.00325	0.01322	0.00695	0.00600
61	0.01024	0.00746	0.01010	0.01141	0.01302	0.00731	0.00988	0.01309	0.01514	0.01945	0.03900	0.07284	0.12724	0.01799	0.00892	0.00293	0.00571	0.59620	0.00607	0.00600
62	0.02327	0.17203	0.02166	0.01588	0.01970	0.60631	0.01244	0.02504	0.01765	0.01599	0.00998	0.01162	0.00847	0.00657	0.00561	0.00164	0.01096	0.00410	0.00328	0.00779
63	0.01347	0.01295	0.01806	0.01572	0.01585	0.01774	0.01287	0.01488	0.01009	0.01552	0.01061	0.01803	0.01076	0.07935	0.09883	0.00399	0.61522	0.00622	0.00304	0.00679
64	0.00910	0.00667	0.00853	0.00817	0.00973	0.00610	0.00609	0.01197	0.01797	0.02507	0.62474	0.08803	0.12496	0.01414	0.00780	0.00212	0.00317	0.01245	0.00708	0.00610
65	0.11632	0.45167	0.02556	0.01098	0.01633	0.04329	0.01008	0.03977	0.03346	0.01961	0.01041	0.01181	0.00896	0.00573	0.00453	0.00144	0.00645	0.00381	0.00344	0.17634
66	0.01144	0.00572	0.00858	0.00858	0.00858	0.00572	0.00572	0.00858	0.00858	0.01144	0.01144	0.02001	0.01144	0.02287	0.02573	0.80846	0.00572	0.00572	0.00286	0.00286
67	0.02010	0.23171	0.04495	0.01585	0.06420	0.09185	0.01285	0.24425	0.11716	0.02621	0.01411	0.01504	0.01110	0.00735	0.00681	0.00188	0.05505	0.00525	0.00466	0.00962
68	0.01386	0.09939	0.60455	0.01960	0.06433	0.01634	0.05161	0.02072	0.01398	0.02041	0.01167	0.01388	0.00853	0.00615	0.00615	0.00202	0.00944	0.00492	0.00283	0.00961
69	0.01335	0.05932	0.71058	0.01851	0.02810	0.01566	0.02388	0.02081	0.01388	0.02067	0.01172	0.01378	0.00834	0.00623	0.00619	0.00206	0.00964	0.00482	0.00278	0.00969
70	0.00940	0.00705	0.01058	0.01058	0.01176	0.00823	0.00823	0.01176	0.01058	0.01528	0.01763	0.02586	0.01646	0.04937	0.74255	0.01058	0.01763	0.00705	0.00353	0.00588
71	0.00978	0.03928	0.01107	0.01009	0.01127	0.00870	0.00771	0.01176	0.01054	0.01490	0.01775	0.02786	0.01727	0.15804	0.60243	0.00955	0.01546	0.00729	0.00357	0.00570
72	0.01004	0.00749	0.00893	0.00938	0.01080	0.00723	0.00675	0.09079	0.01539	0.02001	0.04087	0.49291	0.19697	0.01815	0.00807	0.00250	0.00418	0.03729	0.00617	0.00610
73	0.01440	0.01440	0.02016	0.01728	0.01728	0.02016	0.01440	0.01584	0.01008	0.01584	0.00864	0.01440	0.00864	0.01152	0.02160	0.00288	0.75659	0.00576	0.00288	0.00720
74	0.01295	0.01238	0.02139	0.64904	0.10775	0.01483	0.05439	0.01736	0.01346	0.01748	0.01185	0.01745	0.00899	0.00646	0.00664	0.00217	0.00881	0.00595	0.00298	0.00768
75	0.00957	0.00638	0.00718	0.00718	0.00718	0.00638	0.00399	0.00957	0.00957	0.01276	0.02074	0.04308	0.02393	0.76864	0.03351	0.00638	0.00638	0.00957	0.00399	0.00399
76	0.01320	0.03405	0.73453	0.01876	0.02849	0.01529	0.02432	0.02085	0.01390	0.02085	0.01181	0.01390	0.00834	0.00625	0.00625	0.00208	0.00973	0.00486	0.00278	0.00973
77	0.01652	0.04357	0.09868	0.06553	0.25342	0.08732	0.11416	0.05767	0.11222	0.02206	0.01710	0.01927	0.04862	0.00708	0.00663	0.00203	0.00829	0.00643	0.00399	0.00941
78	0.01376	0.12750	0.64596	0.01781	0.02703	0.01665	0.02267	0.02070	0.01383	0.02017	0.01148	0.01348	0.00835	0.00618	0.00600	0.00200	0.00939	0.00469	0.00278	0.00957
79	0.01335	0.00674	0.00698	0.00673	0.00855	0.00675	0.00511	0.01705	0.04371	0.06176	0.02194	0.02443	0.01698	0.00775	0.00480	0.00159	0.00329	0.00622	0.72969	0.00658
80	0.01035	0.04776	0.01065	0.04850	0.01293	0.05647	0.00771	0.01257	0.03450	0.01745	0.03885	0.33685	0.21251	0.03973	0.00857	0.00254	0.00501	0.08551	0.00554	0.00600
81	0.03931	0.04074	0.21299	0.04960	0.16748	0.11320	0.13906	0.06343	0.01634	0.04388	0.04259	0.01662	0.01175	0.00658	0.00653	0.00201	0.00909	0.00588	0.00369	0.00923
82	0.02463	0.01196	0.01507	0.03991	0.01748	0.01166	0.00997	0.10971	0.11351	0.45376	0.05353	0.02300	0.01789	0.00836	0.00655	0.00203	0.00560	0.00681	0.05814	0.01042
83	0.00778	0.00667	0.00667	0.00667	0.00889	0.00556	0.00500	0.00945	0.01501	0.01778	0.06669	0.06336	0.72490	0.01667	0.00778	0.00222	0.00333	0.01389	0.00611	0.00556
84	0.01634	0.20333	0.40344	0.01799	0.06454	0.06740	0.03914	0.05636	0.01523	0.04162	0.01179	0.01358	0.00893	0.00624	0.00585	0.00189	0.00893	0.00476	0.00323	0.00942
85	0.01719	0.70436	0.09918	0.01196	0.01797	0.02505	0.01247	0.01982	0.01342	0.01598	0.00940	0.01087	0.00844	0.00569	0.00441	0.00147	0.00729	0.00364	0.00281	0.00857
86	0.00779	0.00663	0.00671	0.00677	0.00892	0.00555	0.00505	0.00944	0.01491	0.01774	0.06545	0.09206	0.69700	0.01683	0.00781	0.00224	0.00335	0.01409	0.00611	0.00555
87	0.01342	0.01303	0.01817	0.01590	0.01603	0.01777	0.01305	0.01492	0.01081	0.01650	0.04924	0.10020	0.01535	0.01264	0.01940	0.00281	0.63280	0.00753	0.00347	0.00694
88	0.02090	0.01728	0.04897	0.15441	0.07460	0.01810	0.08075	0.41713	0.02404	0.05646	0.01477	0.01650	0.01065	0.00724	0.00668	0.00204	0.00797	0.00607	0.00528	0.01015
89	0.01255	0.01182	0.01996	0.73077	0.06646	0.01466	0.01834	0.01692	0.01322	0.01697	0.01172	0.01751	0.00883	0.00656	0.00658	0.00219	0.00875	0.00585	0.00294	0.00741
90	0.76281	0.03610	0.01074	0.00903	0.01313	0.04134	0.00745	0.01961	0.01154	0.02863	0.00920	0.01073	0.00722	0.00612	0.00415	0.00201	0.00540	0.00359	0.00401	0.00719
91	0.01629	0.01564	0.02672	0.04041	0.72757	0.01564	0.02020	0.02020	0.01499	0.02151	0.01238	0.01629	0.01043	0.00587	0.00652	0.00196	0.00782	0.00587	0.00326	0.01043
92	0.00917	0.00716	0.00842	0.00861	0.01026	0.00677	0.00633	0.01274	0.08192	0.02086	0.23391	0.25344	0.26396	0.01621	0.00789	0.00233	0.00367	0.03373	0.00648	0.00615
93	0.01689	0.01160	0.01398	0.01015	0.01585	0.00896	0.00818	0.01974	0.01471	0.16629	0.01461	0.01544	0.01108	0.00554	0.00523	0.00119	0.00502	0.00445	0.00477	0.64631
94	0.00792	0.00667	0.00686	0.00681	0.00898	0.00562	0.00511	0.00971	0.01533	0.01855	0.12518	0.06209	0.66594	0.01639	0.00778	0.00221	0.00331	0.01372	0.00621	0.00562
95	0.00824	0.00669	0.00730	0.00715	0.00917	0.00575	0.00536	0.01033	0.01609	0.02035	0.26259	0.05913	0.52740	0.01571	0.00778	0.00218	0.00327	0.01330	0.00645	0.00575
96	0.00932	0.00673	0.00880	0.00828	0.00984	0.00621	0.00621	0.01242	0.01863	0.02640	0.72410	0.04918	0.06212	0.01346	0.00776	0.00207	0.00311	0.01191	0.00725	0.00621
97	0.81514	0.01273	0.00968	0.00866	0.01273	0.01477	0.00713	0.01935	0.01120	0.02954	0.00917	0.01069	0.00713	0.00611	0.00407	0.00204	0.00509	0.00356	0.00407	0.00713
98	0.81514	0.01273	0.00968	0.00866	0.01273	0.01477	0.00713	0.01935	0.01120	0.02954	0.00917	0.01069	0.00713	0.00611	0.00407	0.00204	0.00509	0.00356	0.00407	0.00713
99	0.01637	0.01414	0.01489	0.01340	0.01712	0.01637	0.01042	0.03498	0.71568	0.02754	0.02679	0.02456	0.02010	0.00893	0.00670	0.00223	0.00521	0.00744	0.00670	0.01042
100	0.01440	0.01440	0.02016	0.01728	0.01728	0.02016	0.01440	0.01584	0.01008	0.01584	0.00864	0.01440	0.00864	0.01152	0.02160	0.00288	0.75659	0.00576	0.00288	0.00720
101	0.00940	0.00705	0.01058	0.01058	0.01176	0.00823	0.00823	0.01176	0.01058	0.01528	0.01763	0.02586	0.01646	0.04937	0.74255	0.01058	0.01763	0.00705	0.00353	0.00588
102	0.00940	0.00705	0.01058	0.01058	0.01176	0.00823	0.00823	0.01176	0.01058	0.01528	0.01763	0.02586	0.01646	0.04937	0.74255	0.01058	0.01763	0.00705	0.00353	0.00588
103	0.00802	0.00573	0.00764	0.00917	0.00955	0.00535	0.00611	0.00917	0.01260	0.01681	0.03628	0.76434	0.04354	0.02062	0.00840	0.00267	0.00382	0.01872	0.00611	0.00535
104	0.01554	0.01776	0.03885	0.02775	0.03441	0.01665	0.70366	0.02109	0.01554	0.02109	0.01332	0.01776	0.00999	0.00555	0.00777	0.00222	0.01110	0.00777	0.00333	0.00888
105	0.01411	0.00904	0.01032	0.00932	0.01193	0.00899	0.00708	0.02013	0.17914	0.13294	0.16582	0.03918	0.18302	0.08314	0.00944	0.00249	0.00434	0.00964	0.09234	0.00761
106	0.00802	0.00573	0.00764	0.00917	0.00955	0.00535	0.00611	0.00917	0.01260	0.01681	0.03628	0.76434	0.04354	0.02062	0.00840	0.00267	0.00382	0.01872	0.00611	0.00535
107	0.00936	0.00629	0.00724	0.00746	0.00751	0.00624	0.00429	0.00952	0.01000	0.01333	0.02292	0.14404	0.02668	0.66393	0.02999	0.00586	0.00602	0.01085	0.00429	0.00418
108	0.02296	0.09812	0.02196	0.01847	0.07051	0.51016	0.05687	0.06561	0.01844	0.04181	0.01129	0.01301	0.00913	0.00664	0.00599	0.00175	0.01060	0.00469	0.00367	0.00831
109	0.01629	0.01564	0.02672	0.04041	0.72757	0.01564	0.02020	0.02020	0.01499	0.02151	0.01238	0.01629	0.01043	0.00587	0.00652	0.00196	0.00782	0.00587	0.00326	0.01043
110	0.01402	0.01275	0.01857	0.37837	0.10308	0.03426	0.01525	0.08254	0.01485	0.01969	0.04150	0.02117	0.03905	0.04226	0.04807	0.00283	0.09382	0.00656	0.00368	0.00768
111	0.04028	0.00736	0.00873	0.00839	0.01037	0.00689	0.00642	0.01325	0.04311	0.04326	0.41282	0.07210	0.23535	0.01422	0.00765	0.00219	0.00358	0.05096	0.00672	0.00633
112	0.01707	0.19631	0.15638	0.01733	0.10684	0.14791	0.01443	0.02224	0.09175	0.03889	0.04361	0.04225	0.01439	0.00755	0.00598	0.00186	0.00790	0.02455	0.00396	0.03881
113	0.07572	0.06488	0.10944	0.01682	0.06117	0.01708	0.08837	0.17567	0.22575	0.04544	0.01913	0.01944	0.03644	0.00765	0.00641	0.00207	0.00707	0.00640	0.00521	0.00984

[dist]
# distance from previous block
# <min> <max>
0	15

[block]
# block no. 1 follows, 33 sequences, length 118
# corresponding to MSA columns:
# 178-295
name=unknown_B
#
# <colnr> <probs for GDERKNQSTAVLIFYWHMCP>
#	G	D	E	R	K	N	Q	S	T	A	V	L	I	F	Y	W	H	M	C	P
0	0.13830	0.01721	0.09118	0.04448	0.26751	0.04952	0.04192	0.12947	0.01746	0.04604	0.08126	0.01836	0.01483	0.00712	0.00628	0.00200	0.00733	0.00603	0.00439	0.00932
1	0.07237	0.03288	0.09660	0.01626	0.09448	0.06571	0.01265	0.11352	0.12859	0.04371	0.05970	0.08505	0.06404	0.00970	0.00792	0.00216	0.07326	0.00765	0.00501	0.00873
2	0.01294	0.01287	0.04966	0.60073	0.09072	0.01442	0.01773	0.04215	0.01403	0.01827	0.01439	0.03527	0.03506	0.00723	0.00665	0.00218	0.00839	0.00638	0.00326	0.00768
3	0.01649	0.04008	0.18307	0.02025	0.12911	0.03478	0.14078	0.05001	0.03563	0.10828	0.11007	0.02195	0.03299	0.00756	0.00675	0.00201	0.00774	0.00691	0.00460	0.04094
4	0.01003	0.00800	0.00966	0.00889	0.01152	0.00663	0.00653	0.01208	0.01402	0.01963	0.11254	0.32371	0.13590	0.01390	0.00705	0.00196	0.00402	0.01221	0.00550	0.27622
5	0.01870	0.01560	0.01593	0.01379	0.01774	0.05732	0.01087	0.17417	0.48129	0.04896	0.02312	0.02201	0.01730	0.01041	0.04012	0.00252	0.00659	0.00690	0.00639	0.01024
6	0.01612	0.09210	0.30471	0.03346	0.09860	0.01514	0.07137	0.06430	0.03665	0.09703	0.01832	0.05395	0.05379	0.00778	0.00648	0.00205	0.00798	0.00661	0.00416	0.00939
7	0.01683	0.10099	0.38373	0.03949	0.10446	0.01638	0.04349	0.08348	0.03643	0.09310	0.01386	0.01540	0.01005	0.00655	0.00622	0.00200	0.00850	0.00532	0.00385	0.00988
8	0.01431	0.02985	0.52791	0.02093	0.02960	0.04872	0.19374	0.02116	0.01453	0.02069	0.01212	0.01477	0.00876	0.00610	0.00662	0.00210	0.01017	0.00556	0.00295	0.00942
9	0.01603	0.01538	0.02336	0.15562	0.11984	0.07764	0.19508	0.08274	0.03655	0.04209	0.01674	0.12104	0.01495	0.00835	0.00701	0.00211	0.00833	0.00800	0.00420	0.04494
10	0.01723	0.08644	0.17437	0.07169	0.15884	0.07406	0.10490	0.06295	0.01634	0.08401	0.04655	0.01946	0.01347	0.00716	0.00655	0.00202	0.00845	0.03224	0.00404	0.00922
11	0.00799	0.00645	0.00705	0.00748	0.00913	0.00560	0.00541	0.00950	0.01419	0.01739	0.05626	0.24003	0.50496	0.04750	0.00900	0.00253	0.00366	0.03440	0.00603	0.00546
12	0.00808	0.00577	0.00769	0.00913	0.00956	0.00539	0.00612	0.00931	0.01288	0.01724	0.06759	0.73179	0.04439	0.02030	0.00837	0.00265	0.00379	0.01841	0.00616	0.00539
13	0.05451	0.28534	0.17616	0.01556	0.02125	0.22370	0.07119	0.02157	0.01493	0.01781	0.01073	0.01332	0.00902	0.03145	0.00639	0.00189	0.00919	0.00456	0.00311	0.00832
14	0.02412	0.07464	0.02081	0.01501	0.02005	0.05495	0.01249	0.60114	0.02842	0.03756	0.01482	0.01519	0.01078	0.00780	0.00685	0.00195	0.03101	0.00566	0.00604	0.01070
15	0.17825	0.02504	0.22634	0.04501	0.05234	0.24407	0.01529	0.03824	0.04463	0.05533	0.01217	0.01375	0.00918	0.00663	0.00579	0.00195	0.00892	0.00470	0.00376	0.00862
16	0.04209	0.50833	0.07222	0.01358	0.01895	0.18707	0.03968	0.02132	0.01463	0.01658	0.00971	0.01135	0.00847	0.00594	0.00487	0.00156	0.00840	0.00393	0.00300	0.00832
17	0.05802	0.01402	0.01722	0.04824	0.14151	0.03380	0.01141	0.12667	0.01702	0.08354	0.01347	0.01514	0.01043	0.00598	0.00564	0.00152	0.00620	0.00486	0.00451	0.38081
18	0.01683	0.23977	0.17079	0.04990	0.04498	0.11405	0.16782	0.04719	0.01520	0.01900	0.01175	0.01520	0.00968	0.04210	0.00729	0.00207	0.00919	0.00537	0.00322	0.00860
19	0.01312	0.01016	0.04464	0.03991	0.06333	0.00901	0.06241	0.03567	0.02826	0.11184	0.07409	0.36198	0.06730	0.01442	0.00771	0.00239	0.00544	0.03521	0.00581	0.00733
20	0.00895	0.00723	0.00889	0.07686	0.01285	0.00684	0.00688	0.01169	0.03145	0.02077	0.28343	0.12154	0.34895	0.01484	0.00770	0.00221	0.00385	0.01279	0.00622	0.00603
21	0.00962	0.00727	0.01056	0.01045	0.01144	0.00848	0.00798	0.01166	0.01044	0.01501	0.01764	0.02743	0.01703	0.13237	0.63069	0.00978	0.04558	0.00730	0.00356	0.00571
22	0.04359	0.19902	0.17983	0.01704	0.05841	0.21217	0.04962	0.07872	0.01684	0.06924	0.01209	0.01355	0.00934	0.00646	0.00578	0.00181	0.00902	0.00475	0.00372	0.00901
23	0.01771	0.01405	0.04479	0.01498	0.04774	0.01446	0.04394	0.04946	0.39645	0.13694	0.04532	0.05831	0.02029	0.00941	0.00743	0.00224	0.03345	0.02687	0.00630	0.00987
24	0.00802	0.00573	0.00764	0.00917	0.00955	0.00535	0.00611	0.00917	0.01260	0.01681	0.03628	0.76434	0.04354	0.02062	0.00840	0.00267	0.00382	0.01872	0.00611	0.00535
25	0.03455	0.01259	0.02175	0.08770	0.21022	0.01253	0.17533	0.01764	0.04018	0.02159	0.13119	0.04699	0.08968	0.00943	0.00731	0.00219	0.00713	0.05931	0.00456	0.00814
26	0.01592	0.04654	0.22528	0.02759	0.31829	0.04706	0.09144	0.06433	0.01608	0.02241	0.05239	0.01721	0.01260	0.00653	0.00655	0.00200	0.00855	0.00598	0.00356	0.00969
27	0.01050	0.00798	0.00952	0.00919	0.01058	0.02756	0.00703	0.01299	0.01513	0.02169	0.28377	0.10493	0.11987	0.01644	0.07496	0.00291	0.07649	0.03004	0.15230	0.00614
28	0.01760	0.77260	0.03450	0.01126	0.01690	0.02605	0.01126	0.01971	0.01338	0.01549	0.00915	0.01056	0.00845	0.00563	0.00422	0.00141	0.00704	0.00352	0.00282	0.00845
29	0.01467	0.01146	0.01353	0.01000	0.01541	0.00895	0.00795	0.03759	0.01444	0.06931	0.01447	0.06590	0.01255	0.00627	0.00529	0.00119	0.00492	0.00516	0.00442	0.67653
30	0.01439	0.15316	0.17914	0.05482	0.04288	0.01525	0.06482	0.08621	0.05609	0.02330	0.18528	0.02532	0.05497	0.00860	0.00652	0.00198	0.00687	0.00727	0.00466	0.00848
31	0.00785	0.00667	0.00677	0.00675	0.00894	0.00559	0.00506	0.00959	0.01518	0.01819	0.09777	0.06269	0.69356	0.01652	0.00778	0.00222	0.00332	0.01380	0.00617	0.00559
32	0.02954	0.01120	0.01528	0.01171	0.01681	0.00968	0.00968	0.03208	0.01884	0.73213	0.02597	0.02241	0.01630	0.00815	0.00662	0.00204	0.00560	0.00662	0.00815	0.01120
33	0.02117	0.06475	0.02243	0.01982	0.13541	0.11782	0.09711	0.21488	0.06955	0.10680	0.01596	0.01706	0.01187	0.00708	0.00639	0.00193	0.00790	0.00595	0.04630	0.00981
34	0.01555	0.01488	0.02538	0.17738	0.59641	0.01545	0.01983	0.01955	0.01464	0.02061	0.01225	0.01654	0.01011	0.00600	0.00653	0.00200	0.00800	0.00586	0.00319	0.00983
35	0.00945	0.00687	0.00964	0.00964	0.01049	0.00772	0.00706	0.01115	0.01030	0.01459	0.01849	0.03062	0.01852	0.24811	0.54664	0.00942	0.01452	0.00775	0.00365	0.00536
36	0.01440	0.01440	0.02016	0.01728	0.01728	0.02016	0.01440	0.01584	0.01008	0.01584	0.00864	0.01440	0.00864	0.01152	0.02160	0.00288	0.75659	0.00576	0.00288	0.00720
37	0.01337	0.01150	0.01349	0.03253	0.01619	0.00901	0.00805	0.01674	0.03458	0.02129	0.01515	0.01681	0.04904	0.00569	0.00514	0.00112	0.00492	0.00461	0.00407	0.71669
38	0.02431	0.03090	0.01870	0.01697	0.02027	0.72203	0.01277	0.02600	0.01842	0.01610	0.01013	0.01194	0.00848	0.00692	0.00637	0.00173	0.03269	0.00428	0.00338	0.00762
39	0.01760	0.77260	0.03450	0.01126	0.01690	0.02605	0.01126	0.01971	0.01338	0.01549	0.00915	0.01056	0.00845	0.00563	0.00422	0.00141	0.00704	0.00352	0.00282	0.00845
40	0.01558	0.04851	0.04267	0.01257	0.01617	0.04506	0.01026	0.06737	0.39400	0.04231	0.04712	0.04886	0.08075	0.01381	0.08220	0.00301	0.00689	0.00791	0.00588	0.00909
41	0.01261	0.01189	0.02008	0.71913	0.07760	0.01467	0.01837	0.01698	0.01325	0.01704	0.01173	0.01749	0.00885	0.00655	0.00658	0.00218	0.00873	0.00585	0.00294	0.00746
42	0.01243	0.01170	0.01975	0.75282	0.04534	0.01463	0.01828	0.01682	0.01316	0.01682	0.01170	0.01755	0.00878	0.00658	0.00658	0.00219	0.00878	0.00585	0.00293	0.00731
43	0.00919	0.00670	0.00864	0.00822	0.00977	0.00615	0.00614	0.01216	0.01825	0.02562	0.66625	0.07148	0.09903	0.01386	0.00778	0.00210	0.00314	0.01222	0.00715	0.00615
44	0.01402	0.01420	0.02637	0.31353	0.15787	0.01543	0.23030	0.01831	0.01396	0.01889	0.01321	0.05115	0.01101	0.00715	0.00816	0.00223	0.06567	0.00703	0.00325	0.00825
45	0.01243	0.01170	0.01975	0.75282	0.04534	0.01463	0.01828	0.01682	0.01316	0.01682	0.01170	0.01755	0.00878	0.00658	0.00658	0.00219	0.00878	0.00585	0.00293	0.00731
46	0.01049	0.00749	0.01047	0.01198	0.01345	0.00747	0.01040	0.01343	0.01503	0.01956	0.03492	0.10689	0.03815	0.01830	0.00906	0.00301	0.00596	0.65184	0.00606	0.00603
47	0.00802	0.00573	0.00764	0.00917	0.00955	0.00535	0.00611	0.00917	0.01260	0.01681	0.03628	0.76434	0.04354	0.02062	0.00840	0.00267	0.00382	0.01872	0.00611	0.00535
48	0.01320	0.03405	0.73453	0.01876	0.02849	0.01529	0.02432	0.02085	0.01390	0.02085	0.01181	0.01390	0.00834	0.00625	0.00625	0.00208	0.00973	0.00486	0.00278	0.00973
49	0.00778	0.00667	0.00667	0.00667	0.00889	0.00556	0.00500	0.00945	0.01501	0.01778	0.06669	0.06336	0.72490	0.01667	0.00778	0.00222	0.00333	0.01389	0.00611	0.00556
50	0.00945	0.00686	0.00960	0.00960	0.01044	0.00770	0.00701	0.01113	0.01029	0.01456	0.01853	0.03082	0.01861	0.25655	0.53832	0.00937	0.01439	0.00778	0.00366	0.00533
51	0.00942	0.00701	0.01035	0.01035	0.01144	0.00810	0.00794	0.01161	0.01051	0.01511	0.01785	0.02703	0.01697	0.09830	0.69432	0.01029	0.01687	0.00722	0.00356	0.00575
52	0.01503	0.01461	0.06180	0.06963	0.15700	0.01472	0.03781	0.02653	0.36953	0.02422	0.04346	0.04467	0.01900	0.00873	0.00679	0.00219	0.00632	0.03805	0.03039	0.00951
53	0.01722	0.01456	0.01536	0.01357	0.01744	0.01677	0.01062	0.10058	0.64870	0.02890	0.02572	0.02371	0.01923	0.00883	0.00669	0.00221	0.00541	0.00729	0.00669	0.01050
54	0.71720	0.01381	0.01141	0.01150	0.06852	0.04795	0.00840	0.01973	0.01184	0.02830	0.00946	0.01118	0.00745	0.00612	0.00435	0.00202	0.00561	0.00377	0.00398	0.00741
55	0.01500	0.01723	0.10582	0.04857	0.33658	0.01506	0.19026	0.02086	0.07401	0.02177	0.04669	0.02052	0.04321	0.00689	0.00693	0.00208	0.00827	0.00696	0.00380	0.00949
56	0.01554	0.01542	0.04450	0.16243	0.56798	0.01548	0.01968	0.02010	0.03659	0.02087	0.01270	0.01671	0.01039	0.00610	0.00653	0.00201	0.00796	0.00589	0.00330	0.00987
57	0.01424	0.01168	0.01371	0.00982	0.01565	0.00881	0.00787	0.01715	0.01384	0.04760	0.01223	0.01397	0.00999	0.00500	0.00494	0.00101	0.00490	0.00400	0.00406	0.77953
58	0.02503	0.01844	0.01976	0.01515	0.02042	0.02042	0.01251	0.70562	0.03095	0.04149	0.01581	0.01581	0.01120	0.00790	0.00659	0.00198	0.00724	0.00593	0.00659	0.01120
59	0.01539	0.16136	0.45429	0.03645	0.04385	0.04511	0.01927	0.02103	0.01460	0.06796	0.05170	0.01592	0.01195	0.00669	0.00600	0.00194	0.00861	0.00516	0.00344	0.00928
60	0.01776	0.01118	0.01313	0.01182	0.01511	0.01165	0.00921	0.04516	0.31036	0.21001	0.03017	0.17596	0.05236	0.01181	0.00718	0.00230	0.00506	0.04364	0.00690	0.00922
61	0.00955	0.00648	0.00767	0.00767	0.00784	0.00665	0.00460	0.00989	0.00972	0.01313	0.02030	0.04061	0.02286	0.66530	0.13538	0.00699	0.00800	0.00921	0.00392	0.00426
62	0.04808	0.04472	0.04069	0.01768	0.10817	0.11640	0.05928	0.11672	0.01914	0.33519	0.01832	0.01794	0.01257	0.00725	0.00641	0.00196	0.00751	0.00592	0.00586	0.01018
63	0.04159	0.06775	0.28373	0.02037	0.12558	0.09685	0.07628	0.02247	0.01534	0.12133	0.03428	0.01631	0.01147	0.00680	0.00678	0.00201	0.03222	0.00555	0.00390	0.00940
64	0.01554	0.01776	0.03885	0.02775	0.03441	0.01665	0.70366	0.02109	0.01554	0.02109	0.01332	0.01776	0.00999	0.00555	0.00777	0.00222	0.01110	0.00777	0.00333	0.00888
65	0.01675	0.14611	0.20334	0.05455	0.15136	0.06481	0.17686	0.04397	0.01542	0.04799	0.01240	0.01509	0.00954	0.00610	0.00634	0.00196	0.00912	0.00560	0.00338	0.00931
66	0.01428	0.01426	0.01380	0.01521	0.10599	0.16509	0.01000	0.01946	0.14607	0.02055	0.11262	0.19266	0.11890	0.01223	0.00716	0.00216	0.00615	0.01044	0.00541	0.00756
67	0.06231	0.01657	0.05097	0.01787	0.08018	0.01706	0.09962	0.21528	0.28375	0.05779	0.01922	0.01930	0.01420	0.00766	0.00662	0.00211	0.00694	0.00658	0.00570	0.01026
68	0.00822	0.00594	0.00785	0.00919	0.00976	0.00547	0.00617	0.00943	0.01264	0.01697	0.03541	0.73778	0.04235	0.02007	0.00828	0.00261	0.00386	0.01819	0.00603	0.03377
69	0.01407	0.01332	0.02241	0.34606	0.38536	0.01453	0.01840	0.01802	0.01414	0.01921	0.01487	0.03847	0.03889	0.00699	0.00665	0.00209	0.00795	0.00652	0.00330	0.00875
70	0.00946	0.00682	0.00941	0.00941	0.01018	0.00760	0.00677	0.01101	0.01023	0.01442	0.01870	0.03177	0.01902	0.29629	0.49914	0.00914	0.01377	0.00792	0.00369	0.00523
71	0.01824	0.66871	0.03214	0.01184	0.01723	0.10330	0.01132	0.02033	0.01396	0.01574	0.00934	0.01080	0.00849	0.00573	0.00443	0.00143	0.00750	0.00361	0.00291	0.03297
72	0.01745	0.01390	0.01492	0.01326	0.01709	0.01583	0.01036	0.03474	0.65858	0.08528	0.02673	0.02439	0.01978	0.00887	0.00669	0.00222	0.00524	0.00738	0.00682	0.01048
73	0.00801	0.00576	0.00761	0.00909	0.00953	0.00535	0.00608	0.00918	0.01268	0.01683	0.03720	0.74327	0.06403	0.02051	0.00838	0.00266	0.00380	0.01857	0.00611	0.00535
74	0.00957	0.00638	0.00718	0.00718	0.00718	0.00638	0.00399	0.00957	0.00957	0.01276	0.02074	0.04308	0.02393	0.76864	0.03351	0.00638	0.00638	0.00957	0.00399	0.00399
75	0.00855	0.00605	0.00792	0.00890	0.00930	0.00596	0.00591	0.00960	0.01165	0.01569	0.03031	0.50391	0.03554	0.19401	0.11041	0.00455	0.00621	0.01511	0.00529	0.00511
76	0.01146	0.00573	0.00850	0.00850	0.00855	0.00573	0.00568	0.00879	0.00874	0.01185	0.01175	0.02015	0.01161	0.02239	0.02507	0.78319	0.00563	0.00573	0.02799	0.00296
77	0.00824	0.00609	0.00740	0.00827	0.00931	0.00551	0.00575	0.00977	0.01380	0.01817	0.09905	0.48109	0.23338	0.01841	0.00802	0.00245	0.00360	0.01630	0.03990	0.00551
78	0.00958	0.00725	0.01065	0.01055	0.01160	0.00849	0.00812	0.01173	0.01049	0.01512	0.01756	0.02675	0.01675	0.10098	0.66649	0.01002	0.04136	0.00720	0.00354	0.00578
79	0.02503	0.01844	0.01976	0.01515	0.02042	0.02042	0.01251	0.70562	0.03095	0.04149	0.01581	0.01581	0.01120	0.00790	0.00659	0.00198	0.00724	0.00593	0.00659	0.01120
80	0.01775	0.32560	0.14526	0.06432	0.12129	0.09623	0.01516	0.02213	0.05560	0.06151	0.01237	0.01404	0.00989	0.00630	0.00551	0.00176	0.00803	0.00472	0.00349	0.00907
81	0.01350	0.01088	0.01321	0.03321	0.01592	0.00867	0.00824	0.01631	0.01373	0.04683	0.01541	0.07069	0.01408	0.00836	0.02998	0.00160	0.00544	0.04188	0.00429	0.62777
82	0.05050	0.13241	0.28842	0.01594	0.04653	0.04910	0.03874	0.08630	0.04927	0.08203	0.01799	0.04067	0.05888	0.00772	0.00616	0.00199	0.00782	0.00611	0.00422	0.00922
83	0.01597	0.01710	0.19123	0.01262	0.01859	0.01146	0.01238	0.05794	0.07718	0.11986	0.08448	0.02078	0.03690	0.00733	0.00606	0.00170	0.00611	0.00598	0.00497	0.29136
84	0.00802	0.00573	0.00764	0.00917	0.00955	0.00535	0.00611	0.00917	0.01260	0.01681	0.03628	0.76434	0.04354	0.02062	0.00840	0.00267	0.00382	0.01872	0.00611	0.00535
85	0.09343	0.23103	0.13659	0.01374	0.01854	0.26138	0.01268	0.02141	0.01481	0.03963	0.01163	0.01525	0.01015	0.08452	0.00819	0.00220	0.00880	0.00470	0.00341	0.00788
86	0.05107	0.01586	0.04869	0.04557	0.25832	0.03743	0.14583	0.08258	0.04382	0.05177	0.05379	0.04007	0.01447	0.00704	0.00663	0.00197	0.00768	0.00668	0.00427	0.07646
87	0.01243	0.01170	0.01975	0.75282	0.04534	0.01463	0.01828	0.01682	0.01316	0.01682	0.01170	0.01755	0.00878	0.00658	0.00658	0.00219	0.00878	0.00585	0.00293	0.00731
88	0.00802	0.00573	0.00764	0.00917	0.00955	0.00535	0.00611	0.00917	0.01260	0.01681	0.03628	0.76434	0.04354	0.02062	0.00840	0.00267	0.00382	0.01872	0.00611	0.00535
89	0.01760	0.77260	0.03450	0.01126	0.01690	0.02605	0.01126	0.01971	0.01338	0.01549	0.00915	0.01056	0.00845	0.00563	0.00422	0.00141	0.00704	0.00352	0.00282	0.00845
90	0.01966	0.35752	0.04911	0.03701	0.03897	0.08330	0.01220	0.12601	0.06941	0.08789	0.01417	0.03597	0.01155	0.00718	0.00585	0.00177	0.02376	0.00520	0.00434	0.00914
91	0.01243	0.01170	0.01975	0.75282	0.04534	0.01463	0.01828	0.01682	0.01316	0.01682	0.01170	0.01755	0.00878	0.00658	0.00658	0.00219	0.00878	0.00585	0.00293	0.00731
92	0.00932	0.00673	0.00880	0.00828	0.00984	0.00621	0.00621	0.01242	0.01863	0.02640	0.72410	0.04918	0.06212	0.01346	0.00776	0.00207	0.00311	0.01191	0.00725	0.00621
93	0.01760	0.77260	0.03450	0.01126	0.01690	0.02605	0.01126	0.01971	0.01338	0.01549	0.00915	0.01056	0.00845	0.00563	0.00422	0.00141	0.00704	0.00352	0.00282	0.00845
94	0.01681	0.09797	0.02382	0.02403	0.26942	0.05864	0.10560	0.04626	0.06335	0.06720	0.11134	0.02342	0.01924	0.00783	0.00670	0.00200	0.00736	0.03531	0.00455	0.00916
95	0.01061	0.00758	0.01061	0.01212	0.01364	0.00758	0.01061	0.01364	0.01515	0.01970	0.03486	0.07426	0.03789	0.01819	0.00909	0.00303	0.00606	0.68326	0.00606	0.00606
96	0.00867	0.00628	0.00831	0.00956	0.01041	0.00592	0.00702	0.01043	0.01383	0.01832	0.09726	0.50735	0.08925	0.01922	0.00846	0.00267	0.00421	0.16104	0.00620	0.00559
97	0.04416	0.13197	0.24555	0.02344	0.25134	0.07003	0.01802	0.02208	0.01499	0.09978	0.01299	0.01489	0.00989	0.00628	0.00599	0.00191	0.00826	0.00510	0.00363	0.00969
98	0.04280	0.01746	0.03502	0.09012	0.02103	0.16864	0.04157	0.18860	0.07344	0.07229	0.04012	0.09974	0.03541	0.00956	0.00678	0.00210	0.00765	0.03377	0.00527	0.00862
99	0.76150	0.04087	0.01090	0.00895	0.01312	0.01536	0.00745	0.04046	0.01189	0.02939	0.00937	0.01085	0.00730	0.00615	0.00416	0.00201	0.00523	0.00364	0.00410	0.00730
100	0.43220	0.01199	0.01241	0.01015	0.01472	0.01229	0.00837	0.02556	0.01493	0.37201	0.01736	0.01640	0.01160	0.00710	0.00532	0.00204	0.00534	0.00505	0.00606	0.00912
101	0.00915	0.00658	0.00890	0.01036	0.01132	0.00634	0.00804	0.01114	0.01383	0.01812	0.03697	0.43124	0.07040	0.01938	0.00868	0.00281	0.00478	0.31021	0.00609	0.00567
102	0.01730	0.12737	0.33181	0.01945	0.06760	0.04363	0.12888	0.07818	0.01620	0.08900	0.01333	0.01510	0.00974	0.00637	0.00629	0.00198	0.00895	0.00544	0.00374	0.00964
103	0.01339	0.06520	0.70501	0.01845	0.02800	0.01574	0.02377	0.02080	0.01388	0.02062	0.01170	0.01376	0.00834	0.00623	0.00617	0.00206	0.00962	0.00481	0.00278	0.00968
104	0.00779	0.00664	0.00670	0.00674	0.00891	0.00555	0.00503	0.00944	0.01493	0.01775	0.06578	0.08430	0.70455	0.01679	0.00780	0.00224	0.00335	0.01404	0.00611	0.00555
105	0.01738	0.05295	0.17860	0.04429	0.22101	0.20858	0.10000	0.02160	0.01569	0.01943	0.01286	0.01772	0.01077	0.00683	0.00651	0.00199	0.00960	0.04192	0.00332	0.00895
106	0.01448	0.02213	0.27040	0.02205	0.02890	0.01550	0.35381	0.04931	0.01535	0.02158	0.03523	0.06181	0.01298	0.00726	0.00779	0.00221	0.03933	0.00740	0.00355	0.00891
107	0.00802	0.00573	0.00764	0.00917	0.00955	0.00535	0.00611	0.00917	0.01260	0.01681	0.03628	0.76434	0.04354	0.02062	0.00840	0.00267	0.00382	0.01872	0.00611	0.00535
108	0.00975	0.00741	0.01064	0.01046	0.01137	0.00869	0.00794	0.01166	0.01039	0.01491	0.01757	0.02791	0.01717	0.16293	0.58261	0.00942	0.06260	0.00738	0.00356	0.00566
109	0.03823	0.11327	0.26081	0.07098	0.15544	0.08662	0.01778	0.07013	0.06498	0.04229	0.01311	0.01504	0.01001	0.00654	0.00606	0.00195	0.00846	0.00517	0.00367	0.00946
110	0.00987	0.00739	0.01058	0.01140	0.05341	0.00813	0.00786	0.01183	0.01091	0.01552	0.02000	0.03020	0.04568	0.18898	0.50531	0.00863	0.01379	0.00773	0.02702	0.00576
111	0.00963	0.00730	0.01064	0.01052	0.01153	0.00855	0.00806	0.01171	0.01046	0.01505	0.01757	0.02711	0.01688	0.11989	0.64105	0.00983	0.04767	0.00725	0.00355	0.00574
112	0.01613	0.01595	0.02486	0.15594	0.35864	0.06418	0.11461	0.04949	0.06290	0.02134	0.01430	0.04604	0.01192	0.00687	0.00676	0.00206	0.00837	0.00663	0.00370	0.00932
113	0.01786	0.09699	0.18320	0.05629	0.05429	0.07784	0.13300	0.10453	0.05039	0.08401	0.03584	0.01943	0.01318	0.00733	0.00657	0.00204	0.00852	0.03509	0.00433	0.00926
114	0.04235	0.02307	0.04404	0.02053	0.10586	0.33733	0.07377	0.05139	0.01597	0.01874	0.01059	0.01374	0.00896	0.00776	0.01006	0.00210	0.19697	0.00519	0.00338	0.00817
115	0.06689	0.04198	0.02068	0.04147	0.16099	0.30282	0.04624	0.09360	0.03620	0.02140	0.01343	0.01556	0.03092	0.00708	0.00682	0.00188	0.04312	0.00532	0.00387	0.03975
116	0.01022	0.00899	0.03785	0.03319	0.01206	0.04234	0.00769	0.01194	0.01149	0.01549	0.05027	0.13543	0.02360	0.26129	0.30156	0.00679	0.01072	0.00943	0.00414	0.00551
117	0.03893	0.05730	0.03689	0.01530	0.05724	0.04319	0.01188	0.18529	0.35922	0.02850	0.01966	0.01933	0.01489	0.00804	0.00692	0.00205	0.03547	0.00628	0.00570	0.04792

[dist]
# distance from previous block
# <min> <max>
0	2

[block]
# block no. 2 follows, 33 sequences, length 22
# corresponding to MSA columns:
# 298-319
name=unknown_C
#
# <colnr> <probs for GDERKNQSTAVLIFYWHMCP>
#	G	D	E	R	K	N	Q	S	T	A	V	L	I	F	Y	W	H	M	C	P
0	0.01666	0.06656	0.03394	0.02457	0.05002	0.08109	0.50761	0.04934	0.03697	0.02119	0.01399	0.04100	0.01120	0.00636	0.00729	0.00212	0.01025	0.00740	0.00362	0.00881
1	0.01245	0.07393	0.00903	0.00715	0.00900	0.00797	0.00569	0.01535	0.01382	0.02308	0.02196	0.05662	0.01873	0.00878	0.00505	0.00168	0.00367	0.05588	0.64387	0.00630
2	0.05661	0.03002	0.58328	0.01872	0.02707	0.01579	0.07052	0.02034	0.01353	0.02089	0.01150	0.01404	0.00842	0.00666	0.00760	0.00216	0.07555	0.00508	0.00290	0.00931
3	0.09313	0.02761	0.01761	0.01598	0.01912	0.60062	0.01214	0.02439	0.01711	0.01725	0.01031	0.01253	0.00871	0.00884	0.03817	0.00218	0.05901	0.00440	0.00343	0.00749
4	0.81514	0.01273	0.00968	0.00866	0.01273	0.01477	0.00713	0.01935	0.01120	0.02954	0.00917	0.01069	0.00713	0.00611	0.00407	0.00204	0.00509	0.00356	0.00407	0.00713
5	0.00889	0.00671	0.00821	0.00783	0.00957	0.00603	0.00588	0.01160	0.01763	0.02401	0.54183	0.05311	0.24587	0.01435	0.00777	0.00211	0.00317	0.01246	0.00693	0.00603
6	0.01135	0.00577	0.00866	0.00866	0.00871	0.00583	0.00583	0.00871	0.00866	0.01160	0.01170	0.02026	0.01165	0.02401	0.05643	0.77429	0.00623	0.00577	0.00289	0.00299
7	0.01554	0.01776	0.03885	0.02775	0.03441	0.01665	0.70366	0.02109	0.01554	0.02109	0.01332	0.01776	0.00999	0.00555	0.00777	0.00222	0.01110	0.00777	0.00333	0.00888
