[name]
unknown

[dist]
# distance from previous block
# <min> <max>
2	25

[block]
# block no. 0 follows, 31 sequences, length 32
# corresponding to MSA columns:
# 31-62
name=unknown_A
#
# <colnr> <probs for GDERKNQSTAVLIFYWHMCP>
#	G	D	E	R	K	N	Q	S	T	A	V	L	I	F	Y	W	H	M	C	P
0	0.04577	0.12067	0.05079	0.01422	0.03636	0.15001	0.01157	0.14769	0.07321	0.07029	0.05514	0.04459	0.01606	0.04058	0.00745	0.00207	0.00751	0.00628	0.00505	0.09470
1	0.06965	0.07557	0.04931	0.03182	0.04493	0.17601	0.01230	0.10856	0.03401	0.08644	0.04021	0.07847	0.03237	0.00929	0.00815	0.00209	0.08683	0.00687	0.00484	0.04228
2	0.05987	0.15714	0.13002	0.07655	0.10356	0.03472	0.03896	0.03690	0.11353	0.02149	0.01872	0.05080	0.06016	0.00853	0.00749	0.00213	0.05957	0.00674	0.00414	0.00898
3	0.01649	0.11270	0.11168	0.01907	0.13148	0.07059	0.05874	0.05147	0.03215	0.04321	0.06992	0.01959	0.01547	0.02626	0.05874	0.00263	0.03984	0.00613	0.00412	0.10973
4	0.03728	0.10715	0.14309	0.01433	0.04170	0.05746	0.01303	0.06675	0.07002	0.13068	0.14353	0.02705	0.02333	0.00919	0.00672	0.00206	0.00683	0.05153	0.00552	0.04274
5	0.04690	0.26405	0.06215	0.05415	0.06450	0.03850	0.17393	0.05067	0.06397	0.02128	0.01281	0.01526	0.01033	0.00640	0.00641	0.00189	0.02527	0.00553	0.00369	0.07231
6	0.05160	0.18108	0.14737	0.01728	0.04582	0.08108	0.07866	0.05906	0.05788	0.02119	0.01397	0.04817	0.01219	0.00827	0.00852	0.00213	0.11314	0.02172	0.00383	0.02704
7	0.02118	0.10314	0.04646	0.02041	0.16795	0.03308	0.06145	0.12758	0.04828	0.18428	0.01703	0.01805	0.01257	0.00870	0.03372	0.00227	0.00784	0.00602	0.00524	0.07476
8	0.15997	0.01572	0.01941	0.09209	0.21558	0.04611	0.01412	0.18878	0.01855	0.02782	0.01339	0.01631	0.01063	0.01036	0.06479	0.00272	0.00835	0.00557	0.00445	0.06528
9	0.01232	0.01087	0.01464	0.01327	0.01483	0.06964	0.06426	0.01420	0.01178	0.01595	0.01591	0.02410	0.01493	0.07256	0.43683	0.09070	0.08647	0.00700	0.00352	0.00622
10	0.01273	0.01175	0.01923	0.28640	0.20521	0.01258	0.04841	0.01634	0.01469	0.01931	0.02593	0.10167	0.13021	0.01058	0.00745	0.00233	0.00736	0.05567	0.00424	0.00792
11	0.01563	0.01824	0.13103	0.18158	0.44567	0.01601	0.02080	0.02102	0.04417	0.02151	0.01327	0.01719	0.01058	0.00644	0.00675	0.00212	0.00852	0.00600	0.00339	0.01006
12	0.01011	0.00772	0.01041	0.01012	0.01103	0.00868	0.00748	0.01181	0.01163	0.01625	0.07149	0.03556	0.07815	0.23303	0.37705	0.00784	0.07288	0.00885	0.00423	0.00569
13	0.01746	0.25186	0.32094	0.01727	0.02454	0.08978	0.06566	0.07601	0.01619	0.02109	0.01162	0.01365	0.00908	0.00661	0.00646	0.00194	0.03212	0.00490	0.00333	0.00948
14	0.01558	0.01020	0.01245	0.07068	0.01627	0.01021	0.00902	0.08082	0.09963	0.14927	0.15439	0.09132	0.21077	0.01285	0.00760	0.00228	0.00502	0.02663	0.00678	0.00822
15	0.01480	0.01474	0.02092	0.07763	0.02036	0.02048	0.01530	0.01655	0.01074	0.01655	0.00924	0.01524	0.00899	0.01155	0.02117	0.00293	0.68632	0.00599	0.00300	0.00749
16	0.01418	0.08365	0.56234	0.07815	0.03068	0.01674	0.07867	0.02127	0.01448	0.02095	0.01220	0.01484	0.00885	0.00642	0.00651	0.00214	0.00995	0.00529	0.00295	0.00974
17	0.58073	0.01363	0.01183	0.01009	0.01440	0.01538	0.00828	0.13044	0.01563	0.07119	0.01253	0.01368	0.00935	0.00689	0.00485	0.00207	0.00554	0.00447	0.06077	0.00826
18	0.00831	0.00700	0.00730	0.00739	0.00962	0.00599	0.00564	0.01015	0.01544	0.01850	0.06566	0.06511	0.65179	0.01860	0.03352	0.00266	0.00414	0.05109	0.00626	0.00582
19	0.01040	0.00717	0.00859	0.00869	0.01062	0.00636	0.00655	0.01248	0.01606	0.07323	0.17537	0.21207	0.33659	0.01708	0.00825	0.00244	0.00395	0.07104	0.00673	0.00634
20	0.00976	0.00674	0.00781	0.00776	0.00817	0.00668	0.00473	0.01034	0.01125	0.01504	0.08210	0.04573	0.08324	0.58840	0.07960	0.00622	0.00692	0.01033	0.00457	0.00461
21	0.01335	0.00708	0.00722	0.00701	0.00878	0.00718	0.00530	0.05385	0.01531	0.02623	0.02249	0.04889	0.01811	0.00843	0.00503	0.00166	0.00346	0.00679	0.72719	0.00665
22	0.00841	0.00694	0.00738	0.00727	0.00944	0.00591	0.00545	0.01045	0.01636	0.02030	0.20018	0.06285	0.58211	0.01665	0.00808	0.00228	0.00342	0.01402	0.00659	0.00591
23	0.01389	0.03419	0.67574	0.02016	0.03005	0.01599	0.07246	0.02168	0.01456	0.02168	0.01239	0.01473	0.00879	0.00645	0.00661	0.00218	0.01021	0.00527	0.00293	0.01005
24	0.00834	0.00595	0.00794	0.00953	0.00992	0.00556	0.00635	0.00953	0.01310	0.01746	0.03771	0.75510	0.04525	0.02143	0.00873	0.00278	0.00397	0.01945	0.00635	0.00556
25	0.02338	0.01786	0.01905	0.01521	0.02021	0.01999	0.01237	0.50154	0.22899	0.03887	0.01977	0.01909	0.01434	0.00853	0.00688	0.00213	0.00691	0.00662	0.00688	0.01140
26	0.04716	0.06343	0.20184	0.06695	0.05677	0.06428	0.01557	0.14726	0.01781	0.02515	0.01258	0.01469	0.00970	0.00663	0.00648	0.00182	0.02922	0.00499	0.00405	0.20359
27	0.13882	0.12989	0.05801	0.07365	0.02076	0.05754	0.01250	0.11754	0.15012	0.10653	0.01642	0.01708	0.01228	0.00777	0.00699	0.00210	0.05171	0.00563	0.00513	0.00954
28	0.01074	0.00771	0.01065	0.01201	0.01356	0.00762	0.01032	0.01378	0.01594	0.02088	0.09284	0.10019	0.05899	0.01855	0.00927	0.00303	0.00589	0.57534	0.00640	0.00627
29	0.00975	0.00685	0.00842	0.00842	0.00895	0.00711	0.00548	0.01058	0.01070	0.01443	0.02449	0.04139	0.07832	0.49863	0.23065	0.00752	0.00970	0.00957	0.00419	0.00483
30	0.01576	0.12921	0.23131	0.02282	0.13604	0.01719	0.17443	0.06767	0.01605	0.02211	0.01527	0.09245	0.01344	0.00785	0.00686	0.00213	0.00890	0.00729	0.00375	0.00946
31	0.01796	0.02167	0.22242	0.05207	0.05393	0.03797	0.01588	0.22574	0.05903	0.02870	0.05508	0.01799	0.01387	0.00739	0.00650	0.00193	0.00775	0.00587	0.00484	0.14342

[dist]
# distance from previous block
# <min> <max>
5	6

[block]
# block no. 1 follows, 31 sequences, length 38
# corresponding to MSA columns:
# 69-106
name=unknown_B
#
# <colnr> <probs for GDERKNQSTAVLIFYWHMCP>
#	G	D	E	R	K	N	Q	S	T	A	V	L	I	F	Y	W	H	M	C	P
0	0.01696	0.01670	0.02663	0.10709	0.57163	0.05235	0.04152	0.02153	0.03895	0.02180	0.01322	0.01717	0.01089	0.00631	0.00680	0.00206	0.00845	0.00613	0.00348	0.01033
1	0.01742	0.01231	0.01451	0.01308	0.05520	0.01230	0.00977	0.24001	0.02218	0.09361	0.18209	0.03669	0.16861	0.01141	0.00734	0.00210	0.00543	0.03065	0.00665	0.05863
2	0.01650	0.01938	0.05908	0.02621	0.03295	0.06245	0.56822	0.02185	0.01613	0.02161	0.01344	0.01757	0.01020	0.00581	0.00764	0.00216	0.01099	0.00740	0.00350	0.07692
3	0.00832	0.00601	0.00788	0.00937	0.00988	0.00557	0.00628	0.00954	0.01324	0.01752	0.03956	0.71466	0.08449	0.02119	0.00869	0.00275	0.00394	0.01916	0.00635	0.00557
4	0.01104	0.00873	0.05084	0.00978	0.01193	0.00693	0.00784	0.01335	0.01557	0.08437	0.15391	0.31935	0.20393	0.01699	0.00821	0.00249	0.00441	0.05715	0.00653	0.00663
5	0.01348	0.03372	0.68217	0.01886	0.02847	0.01534	0.02417	0.02115	0.01473	0.02200	0.05341	0.01660	0.01195	0.00694	0.00659	0.00217	0.00971	0.00548	0.00316	0.00990
6	0.00840	0.00702	0.00737	0.00750	0.00972	0.00599	0.00577	0.01031	0.01572	0.01893	0.08569	0.06644	0.63265	0.01737	0.00821	0.00238	0.00372	0.07458	0.00638	0.00584
7	0.00834	0.00595	0.00794	0.00953	0.00992	0.00556	0.00635	0.00953	0.01310	0.01746	0.03771	0.75510	0.04525	0.02143	0.00873	0.00278	0.00397	0.01945	0.00635	0.00556
8	0.01430	0.11604	0.53413	0.01754	0.02602	0.01681	0.02132	0.02226	0.07697	0.02128	0.01376	0.01585	0.01033	0.00956	0.05291	0.00267	0.00989	0.00528	0.00331	0.00977
9	0.02441	0.01690	0.01855	0.01475	0.01978	0.01848	0.01201	0.42781	0.20195	0.14041	0.02091	0.01977	0.01479	0.00852	0.00688	0.00213	0.00673	0.00667	0.00712	0.01143
10	0.00840	0.00605	0.00797	0.00938	0.00991	0.00562	0.00631	0.00973	0.01354	0.01806	0.07694	0.69021	0.07081	0.02086	0.00867	0.00273	0.00391	0.01887	0.00642	0.00562
11	0.04167	0.08219	0.04079	0.01719	0.12565	0.09301	0.01183	0.11823	0.01706	0.02241	0.02220	0.27459	0.02351	0.03223	0.00826	0.00240	0.02330	0.03037	0.00502	0.00809
12	0.01429	0.09938	0.57966	0.01853	0.02748	0.03503	0.04754	0.02118	0.01472	0.02114	0.03543	0.03073	0.01132	0.00698	0.00646	0.00211	0.00962	0.00556	0.00315	0.00969
13	0.00854	0.00610	0.00816	0.00967	0.01017	0.00572	0.00662	0.00991	0.01348	0.01800	0.06220	0.69128	0.04562	0.02102	0.00875	0.00278	0.00407	0.05590	0.00639	0.00563
14	0.01095	0.00779	0.01079	0.01226	0.01373	0.00779	0.01057	0.01390	0.01537	0.02000	0.03526	0.07504	0.03842	0.06755	0.01112	0.00338	0.00632	0.62743	0.00616	0.00616
15	0.02158	0.02151	0.16682	0.01863	0.08619	0.01884	0.01600	0.44880	0.02560	0.03500	0.01536	0.01673	0.01130	0.01043	0.05336	0.00265	0.00881	0.00600	0.00550	0.01089
16	0.01544	0.01910	0.09820	0.02651	0.03309	0.01661	0.56997	0.02098	0.01563	0.02145	0.01494	0.06120	0.01223	0.00696	0.00846	0.00235	0.03589	0.00840	0.00356	0.00903
17	0.00851	0.00609	0.00810	0.00940	0.00996	0.00568	0.00636	0.00997	0.01393	0.01879	0.12719	0.66185	0.04781	0.02045	0.00864	0.00270	0.00387	0.01851	0.00651	0.00568
18	0.01101	0.00740	0.00892	0.00830	0.01051	0.00653	0.00631	0.01361	0.01796	0.08771	0.40660	0.05413	0.30604	0.01474	0.00797	0.00221	0.00356	0.01265	0.00717	0.00667
19	0.01060	0.00747	0.00854	0.00840	0.01077	0.00652	0.00661	0.01279	0.01639	0.07853	0.13616	0.06224	0.48005	0.01643	0.00819	0.00240	0.00405	0.11076	0.00666	0.00642
20	0.01345	0.01075	0.01217	0.01118	0.01387	0.01150	0.00854	0.06647	0.29146	0.02752	0.29726	0.10406	0.07843	0.01261	0.00761	0.00228	0.00446	0.01089	0.00709	0.00841
21	0.01244	0.01136	0.01632	0.39037	0.05633	0.05226	0.01458	0.01583	0.01429	0.01811	0.02183	0.19287	0.02231	0.01211	0.00766	0.00250	0.00764	0.11979	0.00437	0.00706
22	0.01419	0.01216	0.01419	0.01013	0.01621	0.00912	0.00811	0.01723	0.01419	0.02229	0.01216	0.01419	0.01013	0.00507	0.00507	0.00101	0.00507	0.00405	0.00405	0.80139
23	0.34091	0.08192	0.01733	0.01310	0.01767	0.17740	0.01068	0.21750	0.01951	0.02998	0.01176	0.01292	0.00906	0.00701	0.00544	0.00197	0.00768	0.00457	0.00473	0.00887
24	0.01887	0.01529	0.01627	0.01415	0.01831	0.01744	0.01114	0.13881	0.57710	0.05374	0.02604	0.02403	0.01931	0.00909	0.00694	0.00227	0.00576	0.00746	0.00699	0.01098
25	0.35885	0.01554	0.07901	0.01199	0.01730	0.01439	0.01074	0.11857	0.01749	0.26933	0.01675	0.01635	0.01139	0.00735	0.00572	0.00211	0.00623	0.00526	0.00593	0.00970
26	0.00867	0.00689	0.00778	0.00768	0.00963	0.00600	0.00571	0.01090	0.01678	0.02160	0.29582	0.10170	0.44386	0.01639	0.00812	0.00228	0.00341	0.01400	0.00677	0.00600
27	0.73496	0.01260	0.00972	0.00876	0.01275	0.01452	0.00717	0.01973	0.01189	0.03022	0.01070	0.01243	0.00834	0.00650	0.00428	0.00207	0.00510	0.00395	0.07699	0.00731
28	0.01257	0.00639	0.00645	0.00645	0.00794	0.00639	0.00474	0.01555	0.01406	0.02470	0.02227	0.02677	0.01802	0.05733	0.00676	0.00193	0.00341	0.00661	0.74544	0.00623
29	0.00969	0.00722	0.01029	0.01029	0.01143	0.00813	0.00778	0.01178	0.01116	0.01572	0.02201	0.03164	0.06284	0.13852	0.59789	0.00989	0.01590	0.00812	0.00390	0.00584
30	0.00951	0.00658	0.00765	0.00785	0.00826	0.00637	0.00480	0.01014	0.01179	0.01567	0.09162	0.15982	0.09040	0.51093	0.02595	0.00524	0.00563	0.01206	0.00499	0.00472
31	0.01063	0.00828	0.01141	0.01095	0.01160	0.00985	0.00815	0.01215	0.01059	0.01515	0.01791	0.03069	0.01831	0.26839	0.40382	0.00839	0.12638	0.00795	0.00371	0.00570
32	0.01671	0.01849	0.02131	0.04430	0.02173	0.22606	0.14435	0.01951	0.01448	0.01747	0.01327	0.01850	0.01161	0.02074	0.22389	0.00483	0.14543	0.00633	0.00344	0.00755
33	0.01440	0.00866	0.00923	0.00849	0.01049	0.00940	0.00660	0.08032	0.06007	0.02675	0.02125	0.02397	0.01664	0.00834	0.00627	0.00178	0.05259	0.00642	0.62110	0.00722
34	0.11941	0.13071	0.08688	0.10189	0.04254	0.14591	0.01339	0.06429	0.06167	0.10863	0.01472	0.01680	0.01135	0.03221	0.02013	0.00229	0.00835	0.00538	0.00446	0.00896
35	0.01522	0.01483	0.01966	0.29836	0.09802	0.07965	0.01572	0.06196	0.01491	0.01940	0.01671	0.06126	0.05670	0.00961	0.01071	0.00240	0.18596	0.00721	0.00376	0.00796
36	0.01713	0.17922	0.16150	0.05912	0.09925	0.10948	0.01523	0.07685	0.01639	0.02118	0.01420	0.08200	0.01275	0.00775	0.00613	0.00187	0.00816	0.00615	0.00383	0.10184
37	0.15515	0.21771	0.10220	0.01484	0.04167	0.13518	0.01312	0.11918	0.08144	0.04094	0.01320	0.01422	0.01032	0.00693	0.00561	0.00190	0.00794	0.00483	0.00432	0.00929

[dist]
# distance from previous block
# <min> <max>
0	9

[block]
# block no. 2 follows, 31 sequences, length 33
# corresponding to MSA columns:
# 116-148
name=unknown_C
#
# <colnr> <probs for GDERKNQSTAVLIFYWHMCP>
#	G	D	E	R	K	N	Q	S	T	A	V	L	I	F	Y	W	H	M	C	P
0	0.02550	0.07795	0.01813	0.01304	0.01773	0.05743	0.01078	0.13462	0.06018	0.38890	0.07871	0.02261	0.01877	0.00875	0.00728	0.00208	0.03310	0.00681	0.00708	0.01055
1	0.05379	0.06434	0.11438	0.14000	0.36771	0.01558	0.01834	0.01946	0.01512	0.02176	0.06639	0.02045	0.03934	0.00725	0.00662	0.00207	0.00782	0.00645	0.00370	0.00944
2	0.08955	0.21883	0.11175	0.03811	0.06428	0.16516	0.09480	0.02230	0.04879	0.01985	0.01241	0.01548	0.01036	0.03534	0.02403	0.00229	0.00925	0.00525	0.00352	0.00866
3	0.61780	0.01538	0.01202	0.03447	0.01558	0.08787	0.00872	0.07164	0.01413	0.02962	0.01065	0.01234	0.00825	0.00663	0.00473	0.00206	0.00623	0.00413	0.02999	0.00775
4	0.00830	0.00694	0.00722	0.00715	0.00937	0.00586	0.00536	0.01022	0.01609	0.01966	0.15376	0.06391	0.62893	0.01689	0.00808	0.00229	0.00343	0.01417	0.00651	0.00586
5	0.00979	0.00725	0.01057	0.01057	0.01165	0.00832	0.00803	0.01195	0.01087	0.01557	0.01871	0.02901	0.01803	0.13574	0.64929	0.01048	0.01693	0.00764	0.00372	0.00587
6	0.01444	0.03375	0.66205	0.01900	0.02872	0.01599	0.02405	0.06026	0.01546	0.02292	0.01251	0.01455	0.00888	0.00655	0.00648	0.00213	0.00981	0.00509	0.00315	0.03421
7	0.00906	0.00631	0.00797	0.00884	0.00914	0.00619	0.00566	0.00988	0.01173	0.01573	0.03009	0.42917	0.03538	0.30795	0.07073	0.00485	0.00603	0.01492	0.00531	0.00505
8	0.00958	0.00680	0.00800	0.00848	0.00912	0.00656	0.00549	0.02787	0.01257	0.01644	0.03401	0.29691	0.12604	0.35887	0.02058	0.00447	0.00528	0.03246	0.00535	0.00512
9	0.01494	0.01280	0.01552	0.01115	0.01722	0.01012	0.03366	0.05638	0.01529	0.02348	0.01247	0.01447	0.01023	0.00527	0.00528	0.00112	0.00545	0.00432	0.00419	0.72664
10	0.00834	0.00595	0.00794	0.00953	0.00992	0.00556	0.00635	0.00953	0.01310	0.01746	0.03771	0.75510	0.04525	0.02143	0.00873	0.00278	0.00397	0.01945	0.00635	0.00556
11	0.01328	0.01411	0.09598	0.44928	0.05635	0.01382	0.01677	0.05786	0.01530	0.02067	0.06268	0.08685	0.01667	0.00872	0.00696	0.00225	0.00798	0.00762	0.03895	0.00790
12	0.01825	0.64569	0.03255	0.01223	0.01755	0.07930	0.01177	0.02049	0.01447	0.01651	0.01179	0.01653	0.01130	0.00702	0.00494	0.00162	0.00762	0.05862	0.00325	0.00851
13	0.00894	0.00685	0.00820	0.00810	0.00983	0.00610	0.00598	0.01139	0.01726	0.02301	0.39969	0.13790	0.29983	0.01607	0.00815	0.00228	0.00340	0.01395	0.00696	0.00610
14	0.02559	0.03163	0.01947	0.01749	0.02115	0.68041	0.01320	0.07580	0.02032	0.01866	0.01100	0.01263	0.00902	0.00713	0.00622	0.00178	0.01199	0.00453	0.00377	0.00820
15	0.01879	0.00904	0.01197	0.01014	0.01336	0.00812	0.00799	0.02146	0.01823	0.33063	0.28150	0.03839	0.09951	0.03907	0.05761	0.00290	0.00553	0.00973	0.00746	0.00857
16	0.05528	0.01538	0.03918	0.23961	0.22799	0.01607	0.13976	0.04349	0.04415	0.06474	0.01412	0.01792	0.01079	0.00684	0.00748	0.00221	0.03530	0.00643	0.00389	0.00936
17	0.05186	0.13665	0.02032	0.01600	0.07492	0.17035	0.01182	0.10181	0.09395	0.08253	0.01556	0.01885	0.01292	0.07878	0.01050	0.03066	0.05321	0.00586	0.00465	0.00880
18	0.01069	0.00773	0.01058	0.01202	0.01362	0.00762	0.01038	0.01365	0.01564	0.02020	0.03900	0.10040	0.09511	0.01886	0.00931	0.00307	0.00598	0.59361	0.00631	0.00623
19	0.01677	0.01615	0.02721	0.04002	0.65938	0.01664	0.02050	0.02062	0.01516	0.02187	0.01255	0.01677	0.01068	0.00658	0.00806	0.00211	0.06893	0.00609	0.00335	0.01056
20	0.01620	0.01550	0.02596	0.10438	0.55681	0.01585	0.04379	0.02129	0.06076	0.02214	0.01593	0.01950	0.03755	0.00678	0.00689	0.00209	0.00799	0.00658	0.00370	0.01028
21	0.00866	0.00630	0.00817	0.00908	0.00994	0.00581	0.00628	0.01042	0.01492	0.02012	0.21450	0.51687	0.10527	0.01918	0.00851	0.00258	0.00374	0.01721	0.00666	0.00581
22	0.02371	0.02235	0.01857	0.01561	0.01961	0.28508	0.01223	0.30290	0.04881	0.05601	0.01522	0.01761	0.01207	0.05562	0.03754	0.00262	0.03390	0.00586	0.00525	0.00941
23	0.01745	0.62642	0.03419	0.01418	0.04626	0.02452	0.06773	0.01995	0.01410	0.01691	0.01173	0.05735	0.01122	0.00681	0.00505	0.00164	0.00749	0.00508	0.00320	0.00870
24	0.00922	0.00685	0.00918	0.01109	0.03889	0.00662	0.00726	0.01137	0.04374	0.01815	0.03572	0.64485	0.04194	0.04245	0.00939	0.00286	0.00437	0.04388	0.00619	0.00599
25	0.00837	0.00606	0.00783	0.00923	0.00978	0.00561	0.00617	0.00957	0.01320	0.01740	0.03985	0.66996	0.10228	0.04769	0.00962	0.00288	0.00402	0.01867	0.00627	0.00552
26	0.01495	0.12604	0.51039	0.01728	0.02565	0.01700	0.02086	0.07600	0.01588	0.02268	0.04351	0.01638	0.01181	0.00908	0.04181	0.00250	0.00963	0.00540	0.00346	0.00971
27	0.04561	0.65560	0.03328	0.01206	0.01782	0.02603	0.01171	0.09551	0.01586	0.01960	0.01028	0.01159	0.00905	0.00613	0.00466	0.00155	0.00727	0.00394	0.00341	0.00905
28	0.00857	0.00661	0.00772	0.00813	0.00957	0.00588	0.00577	0.01034	0.01526	0.01967	0.18444	0.28513	0.33497	0.05428	0.00960	0.00264	0.00374	0.01543	0.00648	0.00576
29	0.01701	0.04609	0.12992	0.17876	0.17768	0.01742	0.15605	0.13271	0.03394	0.02450	0.01365	0.01706	0.01035	0.00666	0.00694	0.00215	0.00913	0.00630	0.00390	0.00977
30	0.01802	0.04297	0.06383	0.01689	0.04762	0.15150	0.05890	0.12617	0.10314	0.02345	0.01728	0.08160	0.01514	0.01306	0.07244	0.00298	0.09574	0.00724	0.03328	0.00876
31	0.39837	0.11608	0.09965	0.01700	0.13181	0.01716	0.03673	0.04337	0.01406	0.05404	0.01146	0.01335	0.00892	0.00639	0.00526	0.00203	0.00689	0.00461	0.00400	0.00883
32	0.01479	0.01359	0.02007	0.40492	0.16101	0.03468	0.01674	0.07105	0.06178	0.02109	0.01821	0.02214	0.06430	0.00953	0.03563	0.00255	0.00859	0.00684	0.00395	0.00853

[dist]
# distance from previous block
# <min> <max>
0	1

[block]
# block no. 3 follows, 31 sequences, length 11
# corresponding to MSA columns:
# 150-160
name=unknown_D
#
# <colnr> <probs for GDERKNQSTAVLIFYWHMCP>
#	G	D	E	R	K	N	Q	S	T	A	V	L	I	F	Y	W	H	M	C	P
0	0.01990	0.06085	0.01831	0.01539	0.04575	0.11073	0.01168	0.20708	0.30765	0.02882	0.02109	0.05446	0.01703	0.04074	0.00793	0.00232	0.00708	0.00721	0.00596	0.01002
1	0.00912	0.00687	0.00858	0.00916	0.01048	0.00609	0.00633	0.01063	0.01366	0.01842	0.06946	0.52489	0.11761	0.05229	0.00939	0.00267	0.00413	0.01632	0.00604	0.09788
2	0.01557	0.01782	0.19495	0.11998	0.11787	0.01338	0.06584	0.01995	0.01464	0.11331	0.01884	0.03927	0.04251	0.05367	0.07193	0.00326	0.03991	0.02425	0.00421	0.00884
3	0.01724	0.21157	0.27743	0.02022	0.10054	0.01888	0.10112	0.05239	0.05563	0.06243	0.01378	0.01558	0.01046	0.00655	0.00626	0.00199	0.00873	0.00550	0.00376	0.00994
4	0.01194	0.01658	0.23653	0.01355	0.01773	0.01064	0.04122	0.01570	0.01272	0.04356	0.02029	0.06975	0.04460	0.16501	0.24362	0.00587	0.01135	0.00811	0.00394	0.00729
5	0.00938	0.00656	0.00747	0.00775	0.00817	0.00631	0.00470	0.00985	0.01135	0.01479	0.03152	0.17493	0.13069	0.51753	0.02619	0.00530	0.00569	0.01231	0.00487	0.00464
6	0.01753	0.01680	0.02069	0.01919	0.13481	0.11980	0.09698	0.04642	0.01637	0.04707	0.01364	0.01712	0.01123	0.00626	0.00615	0.00160	0.00762	0.02436	0.00412	0.37224
7	0.00956	0.00681	0.00850	0.00863	0.00927	0.00702	0.00575	0.01057	0.01113	0.01495	0.02703	0.10244	0.09727	0.40761	0.23686	0.00714	0.00954	0.01046	0.00443	0.00502
8	0.02101	0.37773	0.07743	0.01526	0.02108	0.12426	0.08832	0.05522	0.01669	0.12417	0.01328	0.01434	0.01031	0.00656	0.00569	0.00177	0.00849	0.00495	0.00408	0.00936
9	0.05851	0.09056	0.12771	0.01616	0.03625	0.14156	0.08925	0.07125	0.01680	0.04140	0.04241	0.02066	0.07104	0.00989	0.04082	0.00236	0.02713	0.00631	0.00421	0.08571
10	0.05243	0.10511	0.08683	0.06353	0.09884	0.01676	0.03963	0.13455	0.13359	0.05456	0.02036	0.02116	0.06774	0.00795	0.00643	0.00201	0.00704	0.00650	0.00497	0.07001

[dist]
# distance from previous block
# <min> <max>
0	6

[block]
# block no. 4 follows, 31 sequences, length 18
# corresponding to MSA columns:
# 167-184
name=unknown_E
#
# <colnr> <probs for GDERKNQSTAVLIFYWHMCP>
#	G	D	E	R	K	N	Q	S	T	A	V	L	I	F	Y	W	H	M	C	P
0	0.01635	0.06621	0.02409	0.14515	0.29781	0.11473	0.06578	0.01974	0.01534	0.01954	0.01702	0.06606	0.05362	0.00821	0.00753	0.00212	0.04097	0.00718	0.00367	0.00887
1	0.09959	0.01404	0.02085	0.13550	0.07309	0.01439	0.12715	0.03752	0.07041	0.05989	0.03066	0.01780	0.01223	0.00697	0.00747	0.00198	0.05904	0.00599	0.00430	0.20111
2	0.04440	0.01274	0.01353	0.01209	0.01540	0.04107	0.00953	0.10939	0.25651	0.06993	0.17171	0.05192	0.09215	0.01157	0.00736	0.00228	0.00538	0.05728	0.00681	0.00894
3	0.01792	0.01725	0.08272	0.03163	0.04199	0.05074	0.01217	0.20591	0.07740	0.02772	0.01570	0.04159	0.01269	0.00879	0.03191	0.00203	0.00724	0.00581	0.00495	0.30384
4	0.00852	0.00609	0.00815	0.00974	0.01022	0.00572	0.00667	0.00985	0.01328	0.01767	0.03760	0.70811	0.04484	0.02126	0.00878	0.00280	0.00413	0.06460	0.00635	0.00561
5	0.05450	0.09104	0.47079	0.01740	0.02580	0.01774	0.02040	0.15962	0.01803	0.04395	0.01314	0.01463	0.00944	0.00684	0.00630	0.00208	0.00901	0.00515	0.00391	0.01022
6	0.01870	0.10319	0.02037	0.05114	0.12368	0.01671	0.01256	0.20827	0.11733	0.05582	0.09514	0.03831	0.01914	0.00837	0.00658	0.00196	0.00651	0.00691	0.00557	0.08375
7	0.01031	0.00680	0.00885	0.00929	0.01059	0.00622	0.00668	0.01233	0.01574	0.06818	0.24494	0.41112	0.10709	0.01786	0.00837	0.00251	0.00390	0.03609	0.00685	0.00628
8	0.00950	0.00644	0.00759	0.00803	0.00814	0.00634	0.00476	0.00983	0.01082	0.01443	0.02602	0.24118	0.03051	0.55547	0.02761	0.00557	0.00590	0.01258	0.00476	0.00454
9	0.09209	0.01613	0.10058	0.01357	0.01797	0.05046	0.04298	0.07287	0.20110	0.07189	0.07953	0.05870	0.10298	0.01047	0.00704	0.00226	0.00638	0.03817	0.00588	0.00896
10	0.01117	0.00873	0.01234	0.01393	0.09760	0.00861	0.03485	0.04229	0.01404	0.01896	0.07458	0.26201	0.06843	0.22545	0.04823	0.00403	0.00633	0.03683	0.00524	0.00635
11	0.00940	0.00738	0.00876	0.00900	0.01083	0.00695	0.00688	0.01253	0.05343	0.02064	0.17473	0.15761	0.32519	0.01940	0.05850	0.00306	0.00499	0.09806	0.00641	0.00624
12	0.05029	0.01355	0.02579	0.16540	0.06753	0.01365	0.30935	0.01764	0.01461	0.02030	0.01953	0.21180	0.01919	0.01015	0.00775	0.00240	0.00859	0.01036	0.00417	0.00794
13	0.05619	0.26787	0.32938	0.01565	0.02242	0.06891	0.01740	0.02058	0.01413	0.01940	0.01230	0.05366	0.01068	0.00750	0.00685	0.00200	0.05755	0.00534	0.00321	0.00897
14	0.01614	0.01852	0.09402	0.05561	0.16874	0.01682	0.32788	0.02455	0.15952	0.02321	0.01636	0.01925	0.01246	0.00668	0.00739	0.00224	0.00935	0.00725	0.00411	0.00990
15	0.01009	0.00663	0.00775	0.00785	0.00816	0.00673	0.00480	0.01073	0.01069	0.01498	0.02237	0.08812	0.02473	0.56688	0.10091	0.00634	0.00731	0.00997	0.08032	0.00465
16	0.08977	0.01135	0.01344	0.01236	0.01486	0.03564	0.05354	0.12096	0.08324	0.02472	0.07304	0.37825	0.03179	0.01475	0.00766	0.00245	0.00552	0.01302	0.00607	0.00757
17	0.06848	0.01764	0.09884	0.12128	0.09045	0.06568	0.19440	0.05434	0.01637	0.04728	0.04794	0.06734	0.01662	0.00861	0.00726	0.00227	0.00878	0.05343	0.00430	0.00869

[dist]
# distance from previous block
# <min> <max>
3	5

[block]
# block no. 5 follows, 31 sequences, length 53
# corresponding to MSA columns:
# 190-230,232-243
name=unknown_F
#
# <colnr> <probs for GDERKNQSTAVLIFYWHMCP>
#	G	D	E	R	K	N	Q	S	T	A	V	L	I	F	Y	W	H	M	C	P
0	0.40930	0.24135	0.05146	0.01123	0.01610	0.05886	0.01021	0.02037	0.01298	0.02400	0.00983	0.01164	0.00819	0.00642	0.00534	0.00188	0.03899	0.00391	0.00367	0.05427
1	0.09584	0.01948	0.10812	0.04791	0.07023	0.01711	0.44408	0.07017	0.01656	0.02419	0.01332	0.01705	0.00998	0.00613	0.00732	0.00224	0.01020	0.00700	0.00370	0.00935
2	0.01667	0.01631	0.02348	0.16092	0.44054	0.09777	0.01812	0.01980	0.01496	0.01971	0.01237	0.01705	0.01041	0.00824	0.00886	0.08798	0.00856	0.00588	0.00330	0.00908
3	0.05279	0.01594	0.07013	0.02377	0.21221	0.01414	0.14901	0.06438	0.02936	0.12991	0.01931	0.05459	0.04002	0.00799	0.00700	0.00211	0.00773	0.02476	0.00483	0.07002
4	0.00955	0.00679	0.00904	0.00936	0.00995	0.00723	0.00644	0.01082	0.01101	0.01520	0.02340	0.17821	0.02565	0.31500	0.32325	0.00770	0.01102	0.01073	0.00438	0.00525
5	0.02041	0.02442	0.09937	0.09491	0.02400	0.30303	0.01478	0.09521	0.16733	0.02264	0.01518	0.01664	0.01174	0.00786	0.00749	0.00209	0.05366	0.00566	0.00445	0.00912
6	0.02308	0.02466	0.01772	0.01551	0.01907	0.43259	0.01190	0.14359	0.02055	0.06089	0.01890	0.02053	0.08242	0.03814	0.00833	0.00213	0.04073	0.00617	0.00468	0.00841
7	0.01609	0.01551	0.02679	0.18381	0.55417	0.01608	0.04694	0.02032	0.01521	0.02134	0.01276	0.01726	0.01047	0.00623	0.00684	0.00209	0.00846	0.00617	0.00332	0.01012
8	0.01691	0.01551	0.02503	0.22357	0.46110	0.01654	0.01956	0.09695	0.01697	0.02344	0.01309	0.01722	0.01048	0.00653	0.00680	0.00210	0.00832	0.00610	0.00369	0.01008
9	0.00992	0.00732	0.00845	0.00808	0.01022	0.00651	0.00609	0.01272	0.03416	0.05182	0.33121	0.07517	0.38245	0.01549	0.00802	0.00225	0.00353	0.01324	0.00694	0.00642
10	0.00975	0.00666	0.00740	0.00740	0.00765	0.00654	0.00426	0.00993	0.01056	0.01383	0.02669	0.04704	0.09901	0.67972	0.03195	0.00617	0.00629	0.01043	0.00438	0.00432
11	0.00840	0.00602	0.00797	0.00945	0.00990	0.00566	0.00632	0.00960	0.01303	0.01735	0.03759	0.70557	0.05934	0.04013	0.02567	0.00305	0.00435	0.01883	0.00624	0.00554
12	0.00975	0.00666	0.00740	0.00740	0.00765	0.00654	0.00426	0.00993	0.01056	0.01383	0.02669	0.04704	0.09901	0.67972	0.03195	0.00617	0.00629	0.01043	0.00438	0.00432
13	0.01702	0.01470	0.01547	0.01392	0.01779	0.01702	0.01083	0.03635	0.70453	0.02862	0.02785	0.02553	0.02088	0.00928	0.00696	0.00232	0.00541	0.00773	0.00696	0.01083
14	0.02097	0.54935	0.03078	0.01273	0.01820	0.11344	0.01179	0.06039	0.01622	0.09358	0.01191	0.01277	0.00982	0.00642	0.00502	0.00160	0.00780	0.00424	0.00382	0.00914
15	0.02268	0.08816	0.02028	0.09952	0.02325	0.55656	0.01338	0.02484	0.01819	0.01709	0.02971	0.01523	0.02815	0.00736	0.00620	0.00182	0.01111	0.00499	0.00359	0.00787
16	0.01829	0.76368	0.03585	0.01171	0.01756	0.02707	0.01171	0.02049	0.01390	0.01610	0.00951	0.01097	0.00878	0.00585	0.00439	0.00146	0.00732	0.00366	0.00293	0.00878
17	0.01867	0.01458	0.01971	0.03778	0.23909	0.01528	0.01449	0.24443	0.04112	0.05789	0.02207	0.07762	0.03702	0.01045	0.00742	0.00230	0.00707	0.11757	0.00561	0.00983
18	0.01419	0.01216	0.01419	0.01013	0.01621	0.00912	0.00811	0.01723	0.01419	0.02229	0.01216	0.01419	0.01013	0.00507	0.00507	0.00101	0.00507	0.00405	0.00405	0.80139
19	0.01936	0.01479	0.01986	0.03470	0.10220	0.06049	0.09755	0.07529	0.03577	0.17331	0.02273	0.02338	0.09240	0.00814	0.00718	0.00193	0.02822	0.00699	0.00532	0.17041
20	0.01444	0.08114	0.59034	0.01815	0.02704	0.05776	0.02243	0.02134	0.01502	0.02140	0.05858	0.01653	0.01240	0.00699	0.00645	0.00210	0.00960	0.00541	0.00324	0.00965
21	0.02079	0.01462	0.06332	0.01529	0.07643	0.01365	0.01181	0.23477	0.02090	0.19451	0.04199	0.02515	0.05514	0.06726	0.08693	0.00337	0.00796	0.00730	0.02910	0.00971
22	0.01791	0.02157	0.14949	0.01792	0.04052	0.14553	0.11533	0.13131	0.07808	0.02352	0.01669	0.03997	0.01447	0.11279	0.01119	0.00278	0.02442	0.02323	0.00445	0.00882
23	0.01921	0.57209	0.05499	0.01396	0.01973	0.10835	0.05757	0.05198	0.01554	0.01796	0.01032	0.01199	0.00902	0.00611	0.00502	0.00160	0.00828	0.00420	0.00321	0.00888
24	0.01784	0.01314	0.01704	0.01613	0.09041	0.04361	0.05586	0.05940	0.11998	0.15452	0.11394	0.09603	0.05726	0.01026	0.00764	0.00214	0.02918	0.00885	0.00608	0.08069
25	0.05240	0.26877	0.33776	0.08521	0.02572	0.05540	0.01826	0.02153	0.01451	0.04591	0.01171	0.01375	0.00901	0.00642	0.00574	0.00192	0.00884	0.00467	0.00322	0.00926
26	0.02230	0.05246	0.07103	0.01424	0.04398	0.01390	0.01179	0.16496	0.08895	0.28064	0.06353	0.10090	0.02078	0.00984	0.00699	0.00216	0.00627	0.00816	0.00680	0.01031
27	0.01377	0.01298	0.02094	0.30713	0.15603	0.01420	0.08822	0.01996	0.10926	0.02104	0.06095	0.02680	0.10223	0.00863	0.00720	0.00224	0.00766	0.00792	0.00435	0.00851
28	0.01953	0.06469	0.02286	0.05030	0.12721	0.01610	0.11510	0.19045	0.06930	0.11520	0.02120	0.09671	0.04198	0.00913	0.00711	0.00217	0.00739	0.00816	0.00554	0.00989
29	0.01312	0.01223	0.02033	0.55928	0.14456	0.01441	0.01793	0.01741	0.01442	0.01892	0.06110	0.02209	0.04075	0.00761	0.00696	0.00224	0.00836	0.00683	0.00352	0.00794
30	0.00848	0.00615	0.00776	0.00896	0.00957	0.00570	0.00596	0.00961	0.01309	0.01715	0.04010	0.58863	0.13045	0.10030	0.01145	0.00313	0.00419	0.01777	0.00611	0.00543
31	0.01504	0.01386	0.02261	0.48741	0.23827	0.01595	0.01913	0.06837	0.01559	0.02077	0.01268	0.01773	0.00980	0.00673	0.00682	0.00219	0.00872	0.00609	0.00342	0.00883
32	0.06905	0.01624	0.02222	0.24192	0.30093	0.09307	0.01755	0.03751	0.01505	0.02073	0.01221	0.01666	0.01000	0.00862	0.03497	0.00249	0.06263	0.00579	0.00343	0.00893
33	0.01097	0.00780	0.00942	0.00945	0.01131	0.00743	0.00701	0.01493	0.09014	0.06262	0.21433	0.26606	0.20083	0.01642	0.00815	0.00244	0.00403	0.04303	0.00684	0.00679
34	0.01106	0.00816	0.00975	0.00922	0.01126	0.00793	0.00689	0.01608	0.11683	0.04702	0.41259	0.09557	0.16423	0.04192	0.00891	0.00241	0.00384	0.01226	0.00707	0.00699
35	0.01872	0.44030	0.02770	0.01459	0.06387	0.19524	0.01190	0.02091	0.01565	0.01719	0.03314	0.01829	0.08251	0.00753	0.00545	0.00168	0.00810	0.00532	0.00357	0.00835
36	0.01963	0.68278	0.03370	0.01176	0.01755	0.02524	0.01153	0.02187	0.01451	0.09199	0.01139	0.01230	0.00966	0.00613	0.00466	0.00153	0.00716	0.00400	0.00352	0.00909
37	0.00878	0.00639	0.00837	0.00979	0.01059	0.00598	0.00704	0.01037	0.01382	0.01809	0.04072	0.56571	0.11354	0.02057	0.00879	0.00279	0.00432	0.13227	0.00634	0.00571
38	0.01748	0.25420	0.02119	0.01278	0.01629	0.17862	0.01047	0.04607	0.09368	0.01828	0.01521	0.02028	0.01381	0.11019	0.13965	0.00402	0.01013	0.00584	0.00395	0.00786
39	0.01720	0.58952	0.20044	0.01357	0.02044	0.02440	0.01495	0.02077	0.01403	0.01743	0.01017	0.01180	0.00875	0.00601	0.00489	0.00163	0.00798	0.00399	0.00292	0.00910
40	0.01977	0.14423	0.02016	0.05822	0.01985	0.27750	0.01203	0.11607	0.04676	0.02090	0.01390	0.01687	0.01163	0.01617	0.15452	0.00369	0.01136	0.00541	0.02267	0.00828
41	0.01420	0.01191	0.04598	0.01601	0.10317	0.01225	0.01137	0.08811	0.01440	0.04923	0.01833	0.02958	0.01754	0.18151	0.22148	0.00576	0.09595	0.05142	0.00434	0.00746
42	0.00912	0.00703	0.00757	0.00739	0.00942	0.00609	0.00541	0.01093	0.01568	0.03754	0.16459	0.06015	0.51952	0.09641	0.01093	0.00275	0.00383	0.01343	0.00636	0.00586
43	0.04952	0.02832	0.01952	0.01704	0.02085	0.54469	0.03784	0.12575	0.02052	0.02117	0.01202	0.01456	0.00995	0.04011	0.00753	0.00205	0.01111	0.00502	0.00407	0.00835
44	0.00975	0.00666	0.00740	0.00740	0.00765	0.00654	0.00426	0.00993	0.01056	0.01383	0.02669	0.04704	0.09901	0.67972	0.03195	0.00617	0.00629	0.01043	0.00438	0.00432
45	0.01588	0.01162	0.01331	0.01178	0.01491	0.01240	0.00914	0.10173	0.28133	0.08207	0.28025	0.07630	0.03707	0.01154	0.00745	0.00224	0.00480	0.00988	0.00724	0.00906
46	0.01707	0.01542	0.01550	0.01348	0.01773	0.06309	0.01049	0.03226	0.53299	0.02668	0.02383	0.02258	0.01812	0.00836	0.00656	0.00204	0.00581	0.00684	0.00620	0.15494
47	0.00995	0.00663	0.00746	0.00746	0.00746	0.00663	0.00415	0.00995	0.00995	0.01327	0.02156	0.04477	0.02487	0.75957	0.03482	0.00663	0.00663	0.00995	0.00415	0.00415
48	0.00995	0.00663	0.00746	0.00746	0.00746	0.00663	0.00415	0.00995	0.00995	0.01327	0.02156	0.04477	0.02487	0.75957	0.03482	0.00663	0.00663	0.00995	0.00415	0.00415
49	0.00810	0.00688	0.00698	0.00707	0.00928	0.00576	0.00526	0.00980	0.01546	0.01843	0.06765	0.10203	0.67899	0.01754	0.00812	0.00233	0.00349	0.01470	0.00635	0.00576
50	0.51695	0.01564	0.01402	0.01331	0.05620	0.07453	0.01005	0.06604	0.05248	0.02826	0.01123	0.01313	0.00893	0.00729	0.00682	0.00218	0.08597	0.00453	0.00432	0.00813
51	0.01993	0.01538	0.01948	0.06889	0.15182	0.01686	0.01378	0.27498	0.15047	0.06924	0.01844	0.02006	0.01404	0.01339	0.09873	0.00325	0.00862	0.00663	0.00565	0.01036
52	0.03749	0.04795	0.21258	0.02148	0.15863	0.03766	0.08940	0.06050	0.01647	0.07662	0.03277	0.01864	0.03784	0.00697	0.00653	0.00195	0.00814	0.00607	0.00416	0.11817

[dist]
# distance from previous block
# <min> <max>
0	3

[block]
# block no. 6 follows, 31 sequences, length 18
# corresponding to MSA columns:
# 247-264
name=unknown_G
#
# <colnr> <probs for GDERKNQSTAVLIFYWHMCP>
#	G	D	E	R	K	N	Q	S	T	A	V	L	I	F	Y	W	H	M	C	P
0	0.01770	0.05582	0.02309	0.16297	0.34421	0.03551	0.01686	0.05901	0.01640	0.09571	0.01779	0.04266	0.04865	0.00782	0.00716	0.00211	0.02575	0.00684	0.00427	0.00966
1	0.01578	0.01415	0.01642	0.01201	0.01796	0.05015	0.04762	0.06690	0.01588	0.02347	0.01248	0.01449	0.01018	0.00544	0.00543	0.00120	0.00601	0.00445	0.00419	0.65580
2	0.00995	0.00663	0.00746	0.00746	0.00746	0.00663	0.00415	0.00995	0.00995	0.01327	0.02156	0.04477	0.02487	0.75957	0.03482	0.00663	0.00663	0.00995	0.00415	0.00415
3	0.01978	0.54167	0.03156	0.01548	0.07530	0.18160	0.01280	0.02203	0.01525	0.01675	0.01002	0.01176	0.00895	0.00614	0.00498	0.00158	0.00849	0.00402	0.00310	0.00876
4	0.01898	0.29688	0.11840	0.01537	0.02124	0.17788	0.06142	0.05407	0.05216	0.01998	0.01198	0.01363	0.00980	0.00640	0.00564	0.00170	0.00875	0.00469	0.00361	0.09743
5	0.04596	0.01909	0.13480	0.04253	0.03895	0.01707	0.01429	0.25866	0.18927	0.13885	0.01969	0.01929	0.01397	0.00807	0.00674	0.00216	0.00718	0.00639	0.00616	0.01089
6	0.01032	0.00713	0.00812	0.00814	0.00848	0.00723	0.00493	0.01172	0.05178	0.01503	0.04452	0.07789	0.02726	0.63474	0.03034	0.00595	0.00632	0.03077	0.00459	0.00475
7	0.00978	0.00729	0.01079	0.01079	0.01193	0.00844	0.00829	0.01208	0.01093	0.01573	0.01852	0.02794	0.01756	0.09333	0.69106	0.01074	0.01763	0.00749	0.00369	0.00599
8	0.02660	0.01869	0.01945	0.01523	0.02031	0.08516	0.01246	0.47013	0.02761	0.18346	0.01788	0.01745	0.01241	0.00828	0.00729	0.00207	0.03146	0.00614	0.00675	0.01116
9	0.01829	0.60166	0.09199	0.01488	0.06794	0.07200	0.01360	0.02107	0.01443	0.01705	0.01005	0.01177	0.00892	0.00600	0.00485	0.00158	0.00794	0.00400	0.00300	0.00898
10	0.00851	0.00688	0.00756	0.00753	0.00954	0.00593	0.00560	0.01059	0.01639	0.02070	0.23150	0.10771	0.50413	0.01675	0.00812	0.00230	0.00344	0.01424	0.00665	0.00593
11	0.00834	0.00595	0.00794	0.00953	0.00992	0.00556	0.00635	0.00953	0.01310	0.01746	0.03771	0.75510	0.04525	0.02143	0.00873	0.00278	0.00397	0.01945	0.00635	0.00556
12	0.01541	0.01504	0.02661	0.29091	0.40047	0.01600	0.09635	0.01984	0.01496	0.02056	0.01273	0.01757	0.01017	0.00632	0.00694	0.00215	0.00887	0.00631	0.00327	0.00950
13	0.01064	0.00835	0.00919	0.00970	0.01058	0.05707	0.00652	0.01128	0.01256	0.01633	0.02818	0.44185	0.03279	0.14749	0.01501	0.09996	0.00533	0.01409	0.00521	0.05785
14	0.50849	0.06739	0.01380	0.05064	0.01638	0.08225	0.00907	0.04502	0.01364	0.02675	0.01204	0.06123	0.01055	0.00740	0.00501	0.00203	0.00629	0.00505	0.00424	0.05273
15	0.02393	0.01626	0.01837	0.11366	0.02302	0.05569	0.01259	0.34025	0.05271	0.19932	0.02154	0.02128	0.05272	0.00859	0.00689	0.00211	0.00728	0.00676	0.00651	0.01052
16	0.03612	0.06937	0.02409	0.19622	0.19897	0.08506	0.06418	0.08113	0.05449	0.03789	0.01335	0.01676	0.01058	0.00728	0.00803	0.00215	0.07524	0.00595	0.00389	0.00924
17	0.01660	0.05594	0.01720	0.01706	0.13916	0.05260	0.01136	0.06495	0.14285	0.08275	0.10866	0.05440	0.08105	0.01265	0.05787	0.00267	0.00695	0.00816	0.00560	0.06151

[dist]
# distance from previous block
# <min> <max>
0	43

[block]
# block no. 7 follows, 31 sequences, length 92
# corresponding to MSA columns:
# 308-399
name=unknown_H
#
# <colnr> <probs for GDERKNQSTAVLIFYWHMCP>
#	G	D	E	R	K	N	Q	S	T	A	V	L	I	F	Y	W	H	M	C	P
0	0.09664	0.04569	0.01654	0.01675	0.12624	0.11076	0.01119	0.12330	0.01696	0.02293	0.02246	0.08749	0.10812	0.01373	0.04746	0.08043	0.03294	0.00787	0.00463	0.00786
1	0.01712	0.02755	0.01900	0.03675	0.02012	0.01476	0.09766	0.21861	0.10922	0.02772	0.02051	0.09200	0.03790	0.01335	0.08023	0.00292	0.00801	0.00788	0.00538	0.14331
2	0.01525	0.08600	0.33358	0.07582	0.05757	0.05638	0.04069	0.04096	0.01501	0.05035	0.01508	0.06281	0.01261	0.01284	0.09256	0.00317	0.01021	0.00641	0.00365	0.00903
3	0.01264	0.00840	0.01053	0.00985	0.01114	0.00896	0.00699	0.07879	0.01306	0.05785	0.02017	0.03412	0.02024	0.37992	0.28983	0.00755	0.01102	0.00843	0.00448	0.00604
4	0.01685	0.42611	0.08157	0.01265	0.01721	0.02124	0.01203	0.05797	0.04798	0.01849	0.01211	0.01549	0.01080	0.04091	0.01005	0.07882	0.07923	0.00491	0.02739	0.00819
5	0.66366	0.01354	0.01205	0.03320	0.04758	0.01537	0.00882	0.05432	0.01336	0.07023	0.01111	0.01256	0.00838	0.00657	0.00471	0.00211	0.00568	0.00419	0.00453	0.00803
6	0.01375	0.01166	0.01370	0.00999	0.01564	0.00886	0.00795	0.01681	0.01468	0.02279	0.07956	0.01774	0.01536	0.00592	0.00536	0.00112	0.00489	0.00485	0.00439	0.72497
7	0.02447	0.06202	0.02008	0.01605	0.02037	0.36761	0.01267	0.29605	0.02429	0.02800	0.05327	0.01615	0.01316	0.00786	0.00646	0.00189	0.00962	0.00554	0.00507	0.00939
8	0.01556	0.01325	0.01417	0.01289	0.01628	0.01511	0.00993	0.03160	0.57475	0.02665	0.05295	0.02968	0.06221	0.04684	0.04440	0.00295	0.00593	0.00836	0.00665	0.00984
9	0.01796	0.01679	0.05556	0.05173	0.31261	0.06075	0.07089	0.02414	0.11837	0.09311	0.01758	0.05475	0.01427	0.00758	0.00687	0.00208	0.00778	0.00696	0.00460	0.05562
10	0.01419	0.01216	0.01419	0.01013	0.01621	0.00912	0.00811	0.01723	0.01419	0.02229	0.01216	0.01419	0.01013	0.00507	0.00507	0.00101	0.00507	0.00405	0.00405	0.80139
11	0.00810	0.00687	0.00699	0.00708	0.00928	0.00576	0.00526	0.00980	0.01545	0.01842	0.06749	0.10545	0.67568	0.01756	0.00812	0.00234	0.00349	0.01473	0.00635	0.00576
12	0.05489	0.08790	0.10169	0.01537	0.02075	0.12157	0.03528	0.28664	0.07746	0.02945	0.01506	0.01698	0.01173	0.04473	0.00772	0.00218	0.00819	0.00572	0.00507	0.05164
13	0.05116	0.01057	0.01374	0.01094	0.01538	0.00924	0.00887	0.02676	0.01867	0.49047	0.14083	0.03056	0.08339	0.00988	0.00700	0.00208	0.00514	0.00817	0.00777	0.04939
14	0.02276	0.01910	0.02176	0.06410	0.19689	0.10489	0.01514	0.34490	0.05390	0.06578	0.01559	0.01689	0.01161	0.00752	0.00675	0.00204	0.00818	0.00603	0.00544	0.01072
15	0.01369	0.11311	0.07552	0.01182	0.01493	0.03391	0.01030	0.04758	0.03674	0.05318	0.02152	0.05976	0.06849	0.04503	0.31447	0.04911	0.01169	0.00758	0.00429	0.00729
16	0.00829	0.00685	0.00730	0.00761	0.00962	0.00587	0.00569	0.01003	0.01527	0.01846	0.06314	0.15944	0.58514	0.01797	0.00825	0.00242	0.00370	0.05283	0.00635	0.00578
17	0.01648	0.01580	0.02696	0.12031	0.64208	0.01614	0.02077	0.02060	0.01537	0.02181	0.01279	0.01708	0.01065	0.00618	0.00678	0.00206	0.00824	0.00609	0.00335	0.01048
18	0.09057	0.01796	0.04892	0.01504	0.02014	0.04010	0.03289	0.44762	0.02605	0.09249	0.01824	0.05590	0.01441	0.00904	0.00684	0.00215	0.00735	0.03750	0.00633	0.01047
19	0.01438	0.01365	0.02316	0.48825	0.29059	0.01558	0.01973	0.01876	0.01437	0.01925	0.01242	0.01776	0.00974	0.00657	0.00682	0.00219	0.00876	0.00609	0.00317	0.00878
20	0.01246	0.00762	0.00951	0.00879	0.01108	0.00676	0.00668	0.01502	0.01784	0.13420	0.37180	0.11066	0.23203	0.01465	0.00794	0.00224	0.00377	0.01267	0.00726	0.00702
21	0.00974	0.00782	0.01016	0.04586	0.05732	0.03086	0.00801	0.01124	0.01336	0.01758	0.03333	0.61835	0.03928	0.05094	0.00955	0.00284	0.00487	0.01706	0.00582	0.00601
22	0.01343	0.01310	0.02308	0.61798	0.04431	0.01574	0.10499	0.01800	0.01385	0.01800	0.01223	0.01812	0.00927	0.00694	0.00772	0.00232	0.04370	0.00633	0.00309	0.00780
23	0.04348	0.01543	0.02496	0.13559	0.53157	0.01615	0.01926	0.02197	0.08230	0.02257	0.01411	0.01775	0.01146	0.00652	0.00671	0.00210	0.00790	0.00617	0.00372	0.01027
24	0.01659	0.01634	0.02919	0.08070	0.57879	0.01635	0.11870	0.02093	0.01555	0.02201	0.01297	0.01723	0.01067	0.00609	0.00697	0.00209	0.00868	0.00638	0.00338	0.01041
25	0.01372	0.03539	0.72412	0.01950	0.02961	0.01589	0.02528	0.02167	0.01444	0.02167	0.01228	0.01444	0.00867	0.00650	0.00650	0.00217	0.01011	0.00506	0.00289	0.01011
26	0.07654	0.00743	0.00769	0.00756	0.00981	0.00672	0.00569	0.01130	0.01590	0.02127	0.19224	0.09023	0.49224	0.01591	0.00778	0.00228	0.00360	0.01334	0.00641	0.00604
27	0.01741	0.01764	0.02579	0.13416	0.54367	0.10091	0.01980	0.02127	0.01577	0.02103	0.01250	0.01657	0.01036	0.00631	0.00671	0.00203	0.00876	0.00589	0.00336	0.01005
28	0.01326	0.01251	0.02114	0.68341	0.10416	0.01529	0.01917	0.01778	0.01384	0.01789	0.01222	0.01813	0.00927	0.00678	0.00683	0.00226	0.00904	0.00608	0.00307	0.00788
29	0.00948	0.00763	0.00835	0.00828	0.01023	0.00712	0.00604	0.01311	0.08839	0.02045	0.16151	0.13438	0.40221	0.07961	0.01031	0.00271	0.00396	0.01357	0.00642	0.00626
