[name]
unknown

[dist]
# distance from previous block
# <min> <max>
54	97

[block]
# block no. 0 follows, 31 sequences, length 9
# corresponding to MSA columns:
# 114-122
name=unknown_A
#
# <colnr> <probs for GDERKNQSTAVLIFYWHMCP>
#	G	D	E	R	K	N	Q	S	T	A	V	L	I	F	Y	W	H	M	C	P
0	0.02407	0.01759	0.01908	0.01486	0.02015	0.01909	0.01216	0.51486	0.12255	0.07519	0.01821	0.01786	0.01307	0.00812	0.00672	0.00201	0.00695	0.00625	0.00672	0.07448
1	0.00991	0.00677	0.00816	0.00816	0.00840	0.00701	0.00502	0.01040	0.01016	0.01378	0.02092	0.04123	0.02334	0.61957	0.17272	0.00749	0.00894	0.00943	0.00405	0.00453
2	0.01869	0.11566	0.35437	0.01693	0.02423	0.10888	0.05162	0.02386	0.01627	0.14332	0.05131	0.01744	0.01318	0.00720	0.00643	0.00203	0.00902	0.00566	0.00423	0.00970
3	0.01490	0.17997	0.51342	0.01892	0.02784	0.01829	0.09312	0.02146	0.01452	0.02057	0.01189	0.01417	0.00887	0.00629	0.00624	0.00204	0.00970	0.00509	0.00296	0.00975
4	0.02403	0.01314	0.01814	0.01858	0.16497	0.01266	0.01234	0.10934	0.05469	0.37361	0.10409	0.02451	0.02084	0.00863	0.00700	0.00211	0.00619	0.00732	0.00701	0.01082
5	0.00995	0.00663	0.00746	0.00746	0.00746	0.00663	0.00415	0.00995	0.00995	0.01327	0.02156	0.04477	0.02487	0.75957	0.03482	0.00663	0.00663	0.00995	0.00415	0.00415
6	0.01419	0.01216	0.01419	0.01013	0.01621	0.00912	0.00811	0.01723	0.01419	0.02229	0.01216	0.01419	0.01013	0.00507	0.00507	0.00101	0.00507	0.00405	0.00405	0.80139
7	0.01592	0.01254	0.01483	0.01303	0.01656	0.01358	0.04360	0.02875	0.43335	0.08195	0.12006	0.07007	0.08402	0.01095	0.00734	0.00230	0.00523	0.00945	0.00690	0.00955
8	0.01455	0.16678	0.59995	0.01809	0.02744	0.01791	0.02283	0.02145	0.01435	0.02066	0.01178	0.01382	0.00869	0.00638	0.00612	0.00204	0.00961	0.00480	0.00290	0.00987

[dist]
# distance from previous block
# <min> <max>
3	10

[block]
# block no. 1 follows, 31 sequences, length 44
# corresponding to MSA columns:
# 133-176
name=unknown_B
#
# <colnr> <probs for GDERKNQSTAVLIFYWHMCP>
#	G	D	E	R	K	N	Q	S	T	A	V	L	I	F	Y	W	H	M	C	P
0	0.01482	0.01395	0.02352	0.28829	0.41744	0.01499	0.01902	0.01890	0.01496	0.02062	0.04390	0.05121	0.01405	0.00737	0.00694	0.00216	0.00809	0.00695	0.00357	0.00927
1	0.01025	0.00622	0.00811	0.00847	0.00867	0.00608	0.00540	0.00944	0.01052	0.01392	0.02369	0.19745	0.05709	0.26871	0.02447	0.31676	0.00561	0.01075	0.00429	0.00408
2	0.02556	0.03261	0.01939	0.01763	0.02115	0.73210	0.01322	0.02732	0.01939	0.01674	0.01058	0.01234	0.00881	0.00705	0.00617	0.00176	0.01234	0.00441	0.00353	0.00793
3	0.01829	0.76368	0.03585	0.01171	0.01756	0.02707	0.01171	0.02049	0.01390	0.01610	0.00951	0.01097	0.00878	0.00585	0.00439	0.00146	0.00732	0.00366	0.00293	0.00878
4	0.01179	0.00597	0.00884	0.00884	0.00884	0.00597	0.00586	0.00896	0.00896	0.01195	0.01234	0.02193	0.01250	0.05866	0.02712	0.76328	0.00597	0.00613	0.00303	0.00303
5	0.01419	0.01216	0.01419	0.01013	0.01621	0.00912	0.00811	0.01723	0.01419	0.02229	0.01216	0.01419	0.01013	0.00507	0.00507	0.00101	0.00507	0.00405	0.00405	0.80139
6	0.00995	0.00663	0.00746	0.00746	0.00746	0.00663	0.00415	0.00995	0.00995	0.01327	0.02156	0.04477	0.02487	0.75957	0.03482	0.00663	0.00663	0.00995	0.00415	0.00415
7	0.01473	0.01271	0.01328	0.01213	0.01560	0.01414	0.00939	0.02956	0.52818	0.02602	0.03846	0.03584	0.19833	0.01134	0.00725	0.00232	0.00492	0.00945	0.00681	0.00954
8	0.00818	0.00689	0.00709	0.00712	0.00932	0.00580	0.00531	0.00997	0.01569	0.01891	0.10156	0.09328	0.65290	0.01732	0.00811	0.00232	0.00347	0.01454	0.00641	0.00580
9	0.00928	0.00654	0.00760	0.00794	0.00848	0.00624	0.00496	0.01001	0.01211	0.01590	0.07529	0.21518	0.13459	0.42962	0.02306	0.00481	0.00533	0.01300	0.00520	0.00486
10	0.00995	0.00663	0.00746	0.00746	0.00746	0.00663	0.00415	0.00995	0.00995	0.01327	0.02156	0.04477	0.02487	0.75957	0.03482	0.00663	0.00663	0.00995	0.00415	0.00415
11	0.04363	0.00675	0.00815	0.00898	0.01020	0.00624	0.00628	0.01109	0.01413	0.04469	0.07511	0.50831	0.19339	0.01903	0.00829	0.00259	0.00395	0.01685	0.00639	0.00595
12	0.07016	0.00821	0.01017	0.00978	0.01210	0.00764	0.00727	0.01788	0.01516	0.22403	0.03283	0.37412	0.06984	0.01496	0.00743	0.00239	0.00449	0.01304	0.09098	0.00755
13	0.01735	0.01242	0.01343	0.01194	0.01540	0.01373	0.00932	0.05743	0.43159	0.09159	0.05860	0.02616	0.02149	0.00910	0.00653	0.00212	0.00495	0.00752	0.17957	0.00976
14	0.00971	0.00682	0.00882	0.00858	0.01004	0.00634	0.00634	0.01268	0.01826	0.02606	0.58497	0.13795	0.05917	0.01454	0.00795	0.00220	0.00332	0.01288	0.05704	0.00634
15	0.17922	0.00846	0.00862	0.00818	0.01037	0.00864	0.00610	0.01656	0.01353	0.09317	0.02458	0.06953	0.06696	0.15667	0.01139	0.00292	0.00475	0.03501	0.26874	0.00660
16	0.46563	0.01253	0.01262	0.01040	0.01510	0.01302	0.00857	0.02594	0.01514	0.33497	0.01722	0.01647	0.01160	0.00728	0.00540	0.00212	0.00553	0.00510	0.00610	0.00927
17	0.00995	0.00663	0.00746	0.00746	0.00746	0.00663	0.00415	0.00995	0.00995	0.01327	0.02156	0.04477	0.02487	0.75957	0.03482	0.00663	0.00663	0.00995	0.00415	0.00415
18	0.00868	0.00729	0.00758	0.00745	0.00974	0.00636	0.00560	0.01138	0.04689	0.02003	0.14617	0.06224	0.60369	0.01656	0.00803	0.00229	0.00352	0.01389	0.00652	0.00608
19	0.02025	0.00933	0.01253	0.01040	0.01386	0.00827	0.00827	0.02318	0.01947	0.37651	0.36817	0.03712	0.04061	0.01121	0.00747	0.00213	0.00453	0.00961	0.00800	0.00906
20	0.00850	0.00682	0.00759	0.00766	0.00956	0.00591	0.00565	0.01053	0.01619	0.02052	0.22087	0.14844	0.47364	0.01703	0.00816	0.00233	0.00347	0.01457	0.00664	0.00591
21	0.03045	0.01203	0.01612	0.01236	0.01766	0.01064	0.01021	0.06776	0.02024	0.68628	0.02644	0.02293	0.01666	0.00845	0.00688	0.00211	0.00591	0.00684	0.00838	0.01164
22	0.11334	0.01442	0.01618	0.01282	0.01746	0.01506	0.01048	0.32484	0.02429	0.22332	0.13443	0.02345	0.02140	0.00903	0.00676	0.00209	0.00610	0.00711	0.00710	0.01030
23	0.00818	0.00656	0.00731	0.00791	0.00950	0.00569	0.00563	0.00971	0.01465	0.01810	0.05736	0.32632	0.46135	0.01888	0.00833	0.00249	0.00366	0.01633	0.00635	0.00569
24	0.01702	0.01470	0.01547	0.01392	0.01779	0.01702	0.01083	0.03635	0.70453	0.02862	0.02785	0.02553	0.02088	0.00928	0.00696	0.00232	0.00541	0.00773	0.00696	0.01083
25	0.00848	0.00601	0.00790	0.00935	0.00971	0.00565	0.00616	0.00956	0.01282	0.01710	0.03630	0.69336	0.04348	0.08559	0.01100	0.00311	0.00420	0.01862	0.00616	0.00543
26	0.01292	0.01216	0.02052	0.74312	0.04712	0.01520	0.01900	0.01748	0.01368	0.01748	0.01216	0.01824	0.00912	0.00684	0.00684	0.00228	0.00912	0.00608	0.00304	0.00760
27	0.21629	0.01361	0.01535	0.01220	0.01709	0.01392	0.01005	0.18634	0.02025	0.35998	0.01985	0.01888	0.01338	0.00992	0.04053	0.00252	0.00669	0.00596	0.00683	0.01036
28	0.01188	0.00594	0.00891	0.00891	0.00891	0.00594	0.00594	0.00891	0.00891	0.01188	0.01188	0.02080	0.01188	0.02377	0.02674	0.80095	0.00594	0.00594	0.00297	0.00297
29	0.02814	0.01485	0.01775	0.01371	0.01901	0.01492	0.01129	0.30222	0.05707	0.41291	0.02273	0.02060	0.01497	0.00840	0.00687	0.00210	0.00650	0.00663	0.00774	0.01160
30	0.01636	0.05151	0.03308	0.04704	0.07186	0.07573	0.43280	0.02077	0.01543	0.02029	0.01424	0.06266	0.01218	0.00754	0.00917	0.00231	0.08687	0.00788	0.00355	0.00874
31	0.01941	0.01933	0.01683	0.01498	0.01855	0.20393	0.01161	0.07702	0.41004	0.02581	0.05406	0.02211	0.01853	0.00899	0.00762	0.00218	0.04649	0.00688	0.00587	0.00974
32	0.01170	0.03275	0.01301	0.01161	0.01346	0.01062	0.00922	0.06844	0.01291	0.01835	0.01736	0.02467	0.01587	0.04341	0.60073	0.00934	0.04166	0.00696	0.00389	0.03403
33	0.05114	0.01908	0.01965	0.01552	0.02043	0.06578	0.01270	0.52877	0.07535	0.05822	0.01652	0.01673	0.01196	0.00836	0.00755	0.00211	0.04668	0.00609	0.00640	0.01098
34	0.02350	0.01813	0.02526	0.01896	0.02467	0.04923	0.20922	0.33455	0.05390	0.14526	0.01763	0.01834	0.01241	0.00754	0.00718	0.00214	0.00853	0.00682	0.00599	0.01074
35	0.01865	0.01917	0.01819	0.05425	0.02112	0.20405	0.05844	0.03095	0.41036	0.02440	0.05220	0.02234	0.01833	0.00854	0.00687	0.00216	0.00775	0.00700	0.00564	0.00959
36	0.80789	0.01323	0.01006	0.00900	0.01323	0.01535	0.00741	0.02011	0.01164	0.03070	0.00953	0.01111	0.00741	0.00635	0.00423	0.00212	0.00529	0.00370	0.00423	0.00741
37	0.02500	0.01824	0.02005	0.01561	0.02061	0.02039	0.01287	0.57727	0.06555	0.07583	0.01706	0.01716	0.01221	0.00855	0.00795	0.00214	0.05927	0.00627	0.00666	0.01130
38	0.77974	0.01344	0.01043	0.00924	0.01352	0.01556	0.00761	0.04438	0.01238	0.03114	0.00977	0.01131	0.00756	0.00642	0.00433	0.00211	0.00537	0.00379	0.00433	0.00756
39	0.00830	0.00694	0.00723	0.00716	0.00937	0.00587	0.00537	0.01023	0.01610	0.01969	0.15592	0.06386	0.62675	0.01688	0.00808	0.00229	0.00343	0.01416	0.00651	0.00587
40	0.00977	0.00733	0.01100	0.01100	0.01222	0.00855	0.00855	0.01222	0.01100	0.01588	0.01833	0.02688	0.01710	0.05131	0.73245	0.01100	0.01833	0.00733	0.00367	0.00611
41	0.09951	0.28340	0.02367	0.01394	0.01839	0.22458	0.01173	0.06015	0.13784	0.02137	0.01339	0.01436	0.01094	0.00718	0.00609	0.00185	0.03379	0.00481	0.00415	0.00887
42	0.40066	0.08085	0.04010	0.01203	0.01708	0.01794	0.01041	0.24289	0.01925	0.08201	0.01312	0.01382	0.00963	0.00707	0.00537	0.00204	0.00640	0.00478	0.00523	0.00931
43	0.06431	0.10009	0.01899	0.01375	0.01793	0.07688	0.05454	0.11678	0.16865	0.11778	0.09278	0.02339	0.01983	0.03668	0.04537	0.00268	0.00744	0.00700	0.00580	0.00933

[dist]
# distance from previous block
# <min> <max>
0	1

[block]
# block no. 2 follows, 31 sequences, length 139
# corresponding to MSA columns:
# 178-316
name=unknown_C
#
# <colnr> <probs for GDERKNQSTAVLIFYWHMCP>
#	G	D	E	R	K	N	Q	S	T	A	V	L	I	F	Y	W	H	M	C	P
0	0.01733	0.01485	0.01564	0.01399	0.01791	0.01716	0.01090	0.05900	0.68138	0.02912	0.02745	0.02521	0.02057	0.00925	0.00696	0.00231	0.00549	0.00768	0.00696	0.01086
1	0.67254	0.05572	0.01259	0.00998	0.01400	0.01628	0.00835	0.02029	0.01195	0.05251	0.01008	0.01184	0.00794	0.00685	0.00580	0.00215	0.06527	0.00400	0.00421	0.00764
2	0.01740	0.01489	0.01568	0.01400	0.01794	0.01720	0.01092	0.06432	0.67594	0.02924	0.02736	0.02514	0.02049	0.00924	0.00696	0.00231	0.00550	0.00767	0.00696	0.01086
3	0.00930	0.00687	0.00899	0.00995	0.01112	0.00622	0.00708	0.01092	0.01352	0.01835	0.03467	0.59421	0.04063	0.01930	0.00840	0.00262	0.00436	0.09234	0.00609	0.09505
4	0.02387	0.17455	0.02247	0.01635	0.02034	0.57209	0.01285	0.02627	0.03995	0.01699	0.01091	0.01249	0.00919	0.00689	0.00585	0.00172	0.01114	0.00437	0.00352	0.00819
5	0.01863	0.01494	0.01597	0.01399	0.01809	0.01701	0.01099	0.09775	0.60273	0.06930	0.02673	0.02455	0.01979	0.00914	0.00695	0.00228	0.00564	0.00754	0.00704	0.01095
6	0.02556	0.03261	0.01939	0.01763	0.02115	0.73210	0.01322	0.02732	0.01939	0.01674	0.01058	0.01234	0.00881	0.00705	0.00617	0.00176	0.01234	0.00441	0.00353	0.00793
7	0.02573	0.01663	0.01855	0.01435	0.01937	0.01776	0.01170	0.50357	0.02782	0.18169	0.01902	0.02006	0.01377	0.06680	0.00903	0.00242	0.00710	0.00660	0.00697	0.01105
8	0.02818	0.01109	0.01507	0.01175	0.01660	0.00962	0.00962	0.03089	0.01956	0.63845	0.10922	0.02662	0.02264	0.00913	0.00702	0.00212	0.00551	0.00754	0.00836	0.01102
9	0.00823	0.00694	0.00712	0.00708	0.00933	0.00583	0.00531	0.01009	0.01592	0.01926	0.12563	0.06455	0.65730	0.01703	0.00808	0.00230	0.00344	0.01426	0.00646	0.00583
10	0.00893	0.00638	0.00862	0.01021	0.01087	0.00607	0.00739	0.01056	0.01369	0.01813	0.03738	0.60446	0.04394	0.02087	0.00889	0.00286	0.00449	0.16419	0.00634	0.00572
11	0.00834	0.00595	0.00794	0.00953	0.00992	0.00556	0.00635	0.00953	0.01310	0.01746	0.03771	0.75510	0.04525	0.02143	0.00873	0.00278	0.00397	0.01945	0.00635	0.00556
12	0.01149	0.00739	0.00932	0.00873	0.01077	0.00663	0.00658	0.01419	0.01813	0.09864	0.45712	0.10789	0.18774	0.01467	0.00800	0.00223	0.00361	0.01277	0.00730	0.00680
13	0.00958	0.00668	0.00756	0.00758	0.00808	0.00644	0.00461	0.01019	0.01178	0.01552	0.09341	0.08016	0.12880	0.55034	0.02732	0.00542	0.00574	0.01125	0.00488	0.00466
14	0.02289	0.01458	0.01671	0.01328	0.01777	0.01529	0.01079	0.36261	0.06475	0.18565	0.17400	0.02612	0.02505	0.00961	0.00713	0.00210	0.00608	0.00778	0.00735	0.01044
15	0.03259	0.00740	0.00784	0.00746	0.00946	0.00745	0.00568	0.01790	0.05772	0.06334	0.09838	0.02785	0.02263	0.00870	0.00538	0.00174	0.00352	0.00708	0.60091	0.00697
16	0.12001	0.00808	0.00893	0.00849	0.01085	0.00767	0.00653	0.01392	0.01666	0.06319	0.31007	0.08135	0.26740	0.01424	0.00756	0.00226	0.00388	0.03567	0.00664	0.00661
17	0.00939	0.00757	0.00814	0.00789	0.01013	0.00675	0.00593	0.04914	0.01699	0.02130	0.17120	0.10787	0.52038	0.01654	0.00806	0.00230	0.00369	0.01397	0.00658	0.00621
18	0.09061	0.01203	0.01559	0.01205	0.01727	0.01086	0.00996	0.05570	0.01941	0.64420	0.02527	0.02210	0.01601	0.00829	0.00667	0.00211	0.00584	0.00661	0.00808	0.01132
19	0.00876	0.00639	0.00808	0.00907	0.00992	0.00593	0.00631	0.01026	0.01400	0.01845	0.10913	0.47274	0.14408	0.08592	0.01095	0.00302	0.00421	0.06091	0.00627	0.00560
20	0.04013	0.00803	0.00971	0.00887	0.01097	0.00762	0.00660	0.01612	0.04632	0.11165	0.38135	0.04460	0.11103	0.12007	0.01145	0.00279	0.00423	0.01079	0.04078	0.00692
21	0.00944	0.00648	0.00756	0.00796	0.00818	0.00631	0.00476	0.00983	0.01105	0.01461	0.02818	0.22679	0.06623	0.53262	0.02677	0.00542	0.00579	0.01260	0.00482	0.00459
22	0.07186	0.01614	0.01828	0.01408	0.01942	0.01690	0.01163	0.41986	0.02651	0.28490	0.01981	0.01858	0.01329	0.00820	0.00671	0.00208	0.00679	0.00628	0.00728	0.01140
23	0.03861	0.00806	0.00942	0.00934	0.01103	0.00803	0.00690	0.01490	0.10106	0.02250	0.26767	0.13452	0.13957	0.12537	0.01196	0.00302	0.00447	0.07068	0.00642	0.00647
24	0.00887	0.00640	0.00785	0.00855	0.00945	0.00592	0.00581	0.01038	0.01414	0.01891	0.15161	0.40027	0.15785	0.12425	0.01212	0.00311	0.00412	0.01570	0.02911	0.00556
25	0.80789	0.01323	0.01006	0.00900	0.01323	0.01535	0.00741	0.02011	0.01164	0.03070	0.00953	0.01111	0.00741	0.00635	0.00423	0.00212	0.00529	0.00370	0.00423	0.00741
26	0.00852	0.00638	0.00754	0.00835	0.00930	0.00581	0.00562	0.00969	0.01337	0.01709	0.04510	0.41694	0.25522	0.14304	0.01287	0.00327	0.00425	0.01627	0.00598	0.00539
27	0.01046	0.00827	0.00945	0.00904	0.01111	0.00810	0.00673	0.01582	0.13991	0.02361	0.32118	0.08990	0.24777	0.05669	0.00942	0.00252	0.00392	0.01242	0.00682	0.00685
28	0.00915	0.00672	0.00853	0.00976	0.01042	0.00657	0.00658	0.01177	0.06996	0.01813	0.03590	0.65105	0.04198	0.06600	0.01020	0.00298	0.00425	0.01790	0.00626	0.00590
29	0.01723	0.00811	0.00993	0.00900	0.01164	0.00760	0.00720	0.02026	0.01661	0.22127	0.11093	0.03401	0.02572	0.01012	0.00632	0.00199	0.00429	0.08390	0.38602	0.00786
30	0.11317	0.01242	0.01867	0.56842	0.03943	0.01518	0.01662	0.05590	0.01432	0.02050	0.01242	0.01773	0.00950	0.00937	0.04752	0.00274	0.00907	0.00586	0.00344	0.00772
31	0.01260	0.00815	0.01131	0.01269	0.05244	0.00786	0.00943	0.01499	0.01499	0.10081	0.03531	0.23149	0.09330	0.03925	0.06569	0.00350	0.00646	0.26672	0.00614	0.00688
32	0.01185	0.00840	0.01055	0.01000	0.01108	0.00925	0.00714	0.07287	0.03046	0.01765	0.01916	0.03235	0.01930	0.32661	0.28357	0.05649	0.03126	0.00814	0.02808	0.00579
33	0.01454	0.01248	0.01435	0.01061	0.01641	0.01011	0.00845	0.01963	0.10075	0.02309	0.01413	0.01561	0.01148	0.00560	0.00530	0.00118	0.00511	0.00451	0.00442	0.70225
34	0.01652	0.01544	0.02556	0.21043	0.51148	0.01631	0.02002	0.06170	0.01614	0.02245	0.01292	0.01722	0.01047	0.00641	0.00679	0.00209	0.00833	0.00610	0.00352	0.01010
35	0.01153	0.00791	0.01132	0.01032	0.01140	0.00775	0.06537	0.01240	0.01181	0.04698	0.05158	0.08440	0.02547	0.43790	0.06287	0.07661	0.00724	0.04734	0.00455	0.00523
36	0.00995	0.00663	0.00746	0.00746	0.00746	0.00663	0.00415	0.00995	0.00995	0.01327	0.02156	0.04477	0.02487	0.75957	0.03482	0.00663	0.00663	0.00995	0.00415	0.00415
37	0.00809	0.00693	0.00693	0.00693	0.00924	0.00578	0.00520	0.00982	0.01559	0.01848	0.06931	0.06584	0.71411	0.01733	0.00809	0.00231	0.00347	0.01444	0.00635	0.00578
38	0.00928	0.00720	0.00974	0.00972	0.01127	0.00766	0.00749	0.01155	0.01268	0.01713	0.06286	0.03918	0.22066	0.03988	0.49196	0.00810	0.01338	0.00960	0.00461	0.00603
39	0.01904	0.00852	0.01031	0.00906	0.01196	0.00797	0.00706	0.02231	0.03694	0.28099	0.02577	0.09871	0.02023	0.00956	0.00602	0.00193	0.00430	0.00793	0.40304	0.00837
40	0.77325	0.01316	0.01031	0.00914	0.01342	0.01511	0.00753	0.02070	0.01200	0.06149	0.01030	0.01166	0.00783	0.00645	0.00435	0.00212	0.00532	0.00385	0.00442	0.00760
41	0.01021	0.00759	0.00989	0.01095	0.01271	0.00727	0.00930	0.01302	0.01593	0.02041	0.08623	0.07275	0.20828	0.01821	0.00903	0.00288	0.00541	0.46739	0.00639	0.00618
42	0.00921	0.00764	0.00815	0.00807	0.01029	0.00698	0.00602	0.01286	0.08592	0.02049	0.13931	0.12068	0.50700	0.01647	0.00803	0.00233	0.00368	0.01395	0.00656	0.00635
43	0.00926	0.00666	0.00832	0.00847	0.00952	0.00621	0.00587	0.01122	0.01562	0.02139	0.35284	0.22664	0.10855	0.16263	0.01349	0.00320	0.00410	0.01384	0.00647	0.00572
44	0.02556	0.03261	0.01939	0.01763	0.02115	0.73210	0.01322	0.02732	0.01939	0.01674	0.01058	0.01234	0.00881	0.00705	0.00617	0.00176	0.01234	0.00441	0.00353	0.00793
45	0.00861	0.00713	0.00759	0.00774	0.00978	0.00628	0.00570	0.01113	0.04613	0.01928	0.09912	0.16969	0.54302	0.01741	0.00813	0.00237	0.00362	0.01480	0.00645	0.00601
46	0.00939	0.00677	0.00833	0.00853	0.01005	0.00608	0.00617	0.01154	0.01632	0.04109	0.29881	0.27894	0.23856	0.01714	0.00825	0.00239	0.00360	0.01505	0.00685	0.00612
47	0.02683	0.01368	0.01669	0.01304	0.01801	0.01348	0.01068	0.22825	0.06217	0.42463	0.07927	0.02362	0.01943	0.00888	0.00697	0.00211	0.00610	0.00716	0.00782	0.01118
48	0.56913	0.01324	0.01179	0.01001	0.01438	0.01470	0.00823	0.09274	0.01510	0.13083	0.01348	0.01423	0.00979	0.00694	0.00492	0.00208	0.00548	0.00457	0.04994	0.00840
49	0.00834	0.00595	0.00794	0.00953	0.00992	0.00556	0.00635	0.00953	0.01310	0.01746	0.03771	0.75510	0.04525	0.02143	0.00873	0.00278	0.00397	0.01945	0.00635	0.00556
50	0.59076	0.01255	0.01125	0.00962	0.01398	0.01371	0.00791	0.02302	0.01362	0.19188	0.01418	0.01460	0.01009	0.00692	0.00488	0.00209	0.00532	0.00457	0.04070	0.00835
51	0.01835	0.01480	0.01581	0.01394	0.01798	0.01688	0.01092	0.07679	0.62415	0.06884	0.02709	0.02484	0.02009	0.00917	0.00695	0.00229	0.00557	0.00759	0.00704	0.01092
52	0.02952	0.01236	0.01618	0.01253	0.01775	0.01127	0.01031	0.08026	0.06276	0.63085	0.02630	0.02294	0.01680	0.00850	0.00688	0.00212	0.00592	0.00688	0.00826	0.01159
53	0.00845	0.00698	0.00744	0.00743	0.00961	0.00597	0.00564	0.01047	0.01616	0.01990	0.16313	0.06417	0.58781	0.01690	0.00814	0.00232	0.00356	0.04348	0.00653	0.00590
54	0.01535	0.00929	0.01222	0.01233	0.01492	0.00916	0.01048	0.02004	0.08972	0.15876	0.03540	0.06047	0.07129	0.01574	0.00860	0.00281	0.00595	0.43286	0.00680	0.00780
55	0.00978	0.00730	0.01084	0.01084	0.01200	0.00847	0.00835	0.01212	0.01095	0.01576	0.01847	0.02768	0.01745	0.08298	0.70126	0.01080	0.01780	0.00745	0.00369	0.00602
56	0.00960	0.00678	0.00899	0.01030	0.01106	0.00659	0.00769	0.01130	0.01353	0.01785	0.03438	0.38399	0.03958	0.14760	0.01349	0.00358	0.00528	0.25687	0.00595	0.00559
57	0.02554	0.01583	0.01806	0.01402	0.01903	0.01663	0.01151	0.44277	0.02740	0.22515	0.09337	0.02197	0.01870	0.00890	0.00698	0.00208	0.00661	0.00702	0.00736	0.01109
58	0.00900	0.00643	0.00871	0.01029	0.01098	0.00613	0.00751	0.01068	0.01376	0.01821	0.03734	0.58653	0.04379	0.02080	0.00891	0.00287	0.00455	0.18142	0.00634	0.00574
59	0.06356	0.01392	0.02220	0.37124	0.24968	0.01639	0.01831	0.01859	0.01367	0.01966	0.01175	0.01691	0.00953	0.00734	0.00898	0.00230	0.11826	0.00592	0.00321	0.00858
60	0.01019	0.00795	0.01180	0.01156	0.01268	0.00955	0.00907	0.01256	0.01095	0.01593	0.01757	0.02592	0.01645	0.04814	0.67517	0.01035	0.07712	0.00722	0.00361	0.00622
61	0.01167	0.00608	0.00912	0.00912	0.00924	0.00620	0.00620	0.00924	0.00912	0.01228	0.01252	0.02140	0.01240	0.02651	0.09701	0.72229	0.00717	0.00608	0.00304	0.00328
62	0.02601	0.01916	0.02053	0.01574	0.02122	0.02122	0.01300	0.69408	0.03217	0.04312	0.01643	0.01643	0.01163	0.00821	0.00684	0.00205	0.00753	0.00616	0.00684	0.01163
63	0.15676	0.01207	0.01490	0.01175	0.01679	0.01131	0.00967	0.03135	0.05699	0.56971	0.02419	0.02143	0.01560	0.00817	0.00645	0.00213	0.00571	0.00641	0.00769	0.01091
64	0.72658	0.01306	0.01066	0.00933	0.01367	0.01479	0.00769	0.02149	0.01247	0.10298	0.01135	0.01239	0.00841	0.00657	0.00451	0.00212	0.00535	0.00404	0.00468	0.00785
65	0.00809	0.00693	0.00693	0.00693	0.00924	0.00578	0.00520	0.00982	0.01559	0.01848	0.06931	0.06584	0.71411	0.01733	0.00809	0.00231	0.00347	0.01444	0.00635	0.00578
66	0.01023	0.00734	0.00919	0.00862	0.01050	0.00677	0.00650	0.01371	0.03947	0.04449	0.58133	0.05173	0.15599	0.01418	0.00801	0.00218	0.00340	0.01239	0.00737	0.00663
67	0.00995	0.00663	0.00746	0.00746	0.00746	0.00663	0.00415	0.00995	0.00995	0.01327	0.02156	0.04477	0.02487	0.75957	0.03482	0.00663	0.00663	0.00995	0.00415	0.00415
68	0.00845	0.00607	0.00804	0.00957	0.01009	0.00567	0.00652	0.00974	0.01331	0.01764	0.03878	0.69997	0.06916	0.02117	0.00874	0.00278	0.00405	0.04830	0.00635	0.00560
69	0.01108	0.00735	0.00911	0.00853	0.01060	0.00656	0.00644	0.01377	0.01811	0.08669	0.45226	0.08397	0.23037	0.01471	0.00800	0.00222	0.00356	0.01274	0.00725	0.00670
70	0.00988	0.00660	0.00748	0.00755	0.00757	0.00658	0.00424	0.00993	0.01009	0.01345	0.02228	0.07653	0.02578	0.72656	0.03365	0.00646	0.00651	0.01037	0.00424	0.00421
71	0.01734	0.01486	0.01565	0.01399	0.01791	0.01717	0.01091	0.06010	0.68025	0.02914	0.02743	0.02520	0.02055	0.00924	0.00696	0.00231	0.00549	0.00768	0.00696	0.01086
72	0.03270	0.00712	0.00880	0.00903	0.01023	0.00671	0.00618	0.01321	0.01366	0.10117	0.08030	0.36967	0.06613	0.19805	0.01453	0.00351	0.00477	0.01405	0.03409	0.00608
73	0.00924	0.00684	0.00809	0.00872	0.00986	0.00639	0.00629	0.01066	0.01355	0.01722	0.04312	0.19838	0.25486	0.22612	0.01597	0.00378	0.00502	0.14478	0.00572	0.00538
74	0.01666	0.01332	0.01431	0.01287	0.01644	0.01506	0.01000	0.03277	0.56772	0.05802	0.08817	0.02769	0.02436	0.00957	0.00691	0.00225	0.00509	0.00802	0.06061	0.01017
75	0.02812	0.01109	0.01496	0.01166	0.01655	0.00959	0.00956	0.03075	0.01934	0.63904	0.07175	0.02741	0.05927	0.00931	0.00702	0.00213	0.00553	0.00765	0.00829	0.01099
76	0.01098	0.00621	0.00854	0.00867	0.00887	0.00620	0.00570	0.00970	0.01023	0.01394	0.04815	0.09544	0.02045	0.17995	0.05560	0.46699	0.00624	0.00840	0.02589	0.00384
77	0.01228	0.00642	0.00656	0.00656	0.00789	0.00642	0.00468	0.01493	0.01361	0.02345	0.02219	0.02874	0.01877	0.13429	0.00983	0.00244	0.00377	0.00698	0.66420	0.00600
78	0.00980	0.00723	0.01051	0.01051	0.01156	0.00829	0.00795	0.01190	0.01085	0.01552	0.01877	0.02934	0.01817	0.14876	0.63646	0.01039	0.01672	0.00769	0.00373	0.00584
79	0.01176	0.00602	0.00903	0.00903	0.00910	0.00609	0.00609	0.00910	0.00903	0.01211	0.01225	0.02114	0.01218	0.02533	0.06678	0.75613	0.00664	0.00602	0.00301	0.00315
80	0.41628	0.01326	0.01322	0.05730	0.01685	0.01494	0.02660	0.15353	0.03542	0.03038	0.01438	0.04819	0.01171	0.00815	0.00598	0.02434	0.00588	0.00562	0.08991	0.00809
81	0.01102	0.00787	0.01102	0.01260	0.01417	0.00787	0.01102	0.01417	0.01575	0.02047	0.03622	0.07717	0.03937	0.01890	0.00945	0.00315	0.00630	0.67084	0.00630	0.00630
82	0.01292	0.01216	0.02052	0.74312	0.04712	0.01520	0.01900	0.01748	0.01368	0.01748	0.01216	0.01824	0.00912	0.00684	0.00684	0.00228	0.00912	0.00608	0.00304	0.00760
83	0.02267	0.01764	0.02046	0.01706	0.04972	0.02034	0.01351	0.49978	0.02619	0.03570	0.01491	0.01667	0.01135	0.01095	0.04508	0.00267	0.15280	0.00618	0.00579	0.01052
84	0.01292	0.01216	0.02052	0.74312	0.04712	0.01520	0.01900	0.01748	0.01368	0.01748	0.01216	0.01824	0.00912	0.00684	0.00684	0.00228	0.00912	0.00608	0.00304	0.00760
85	0.00809	0.00693	0.00693	0.00693	0.00924	0.00578	0.00520	0.00982	0.01559	0.01848	0.06931	0.06584	0.71411	0.01733	0.00809	0.00231	0.00347	0.01444	0.00635	0.00578
86	0.01419	0.01216	0.01419	0.01013	0.01621	0.00912	0.00811	0.01723	0.01419	0.02229	0.01216	0.01419	0.01013	0.00507	0.00507	0.00101	0.00507	0.00405	0.00405	0.80139
87	0.00887	0.00618	0.00778	0.00884	0.00910	0.00591	0.00562	0.00967	0.01205	0.01607	0.03234	0.51899	0.03848	0.26678	0.01740	0.00406	0.00485	0.01629	0.00562	0.00509
88	0.02474	0.01784	0.01931	0.01517	0.02034	0.01968	0.01241	0.53088	0.15047	0.08840	0.01920	0.01852	0.01365	0.00842	0.00687	0.00211	0.00703	0.00649	0.00698	0.01149
89	0.00959	0.00699	0.00901	0.00851	0.01016	0.00642	0.00638	0.01273	0.01914	0.02691	0.67522	0.05198	0.10294	0.01418	0.00807	0.00216	0.00324	0.01249	0.00746	0.00642
90	0.02725	0.01189	0.01494	0.01185	0.01661	0.03178	0.00965	0.03089	0.06181	0.57543	0.04549	0.02626	0.05751	0.00909	0.00688	0.00211	0.00570	0.00740	0.03660	0.01083
91	0.00862	0.00689	0.00771	0.00764	0.00960	0.00598	0.00568	0.01081	0.01667	0.02134	0.27722	0.10359	0.46114	0.01649	0.00812	0.00229	0.00342	0.01407	0.00674	0.00598
92	0.00849	0.00606	0.00811	0.00970	0.01016	0.00569	0.00662	0.00979	0.01325	0.01764	0.03762	0.71663	0.04492	0.02129	0.00877	0.00280	0.00410	0.05641	0.00635	0.00560
93	0.01625	0.01550	0.02610	0.15991	0.57801	0.01610	0.02029	0.02095	0.04016	0.02175	0.01329	0.01746	0.01091	0.00634	0.00679	0.00208	0.00820	0.00615	0.00346	0.01029
94	0.01502	0.01257	0.01344	0.01210	0.01548	0.01388	0.00939	0.06914	0.44927	0.02762	0.13066	0.03543	0.14453	0.01125	0.00730	0.00228	0.00491	0.00943	0.00693	0.00940
95	0.00942	0.00698	0.00879	0.00834	0.01006	0.00635	0.00625	0.01241	0.01876	0.02599	0.60920	0.05349	0.16953	0.01453	0.00807	0.00218	0.00327	0.01271	0.00734	0.00635
96	0.00969	0.00727	0.00916	0.00949	0.01128	0.00674	0.00765	0.01247	0.01708	0.02257	0.30369	0.06405	0.23819	0.01658	0.00854	0.00253	0.00433	0.23566	0.00678	0.00621
97	0.01917	0.56631	0.07119	0.01282	0.01870	0.02479	0.01256	0.14294	0.01724	0.02137	0.01169	0.03241	0.01029	0.00674	0.00507	0.00165	0.00742	0.00462	0.00373	0.00929
98	0.12324	0.00958	0.01182	0.01001	0.01337	0.00900	0.00795	0.02162	0.01843	0.29148	0.35958	0.03525	0.03891	0.01088	0.00711	0.00213	0.00449	0.00914	0.00745	0.00855
99	0.01085	0.00795	0.01068	0.01199	0.01371	0.00788	0.01036	0.01427	0.03390	0.02046	0.03975	0.07453	0.11530	0.01847	0.00923	0.00303	0.00596	0.57901	0.00632	0.00636
100	0.01671	0.01593	0.02666	0.08019	0.63938	0.01624	0.02031	0.02166	0.05440	0.02243	0.01367	0.01749	0.01131	0.00632	0.00679	0.00206	0.00803	0.00619	0.00357	0.01065
101	0.01780	0.06173	0.02539	0.09036	0.41017	0.03545	0.05769	0.06370	0.01682	0.07199	0.03966	0.04965	0.01433	0.00738	0.00683	0.00207	0.00793	0.00687	0.00419	0.00999
102	0.01212	0.00817	0.01009	0.00965	0.01062	0.00947	0.00736	0.01439	0.01261	0.02055	0.02050	0.09182	0.01902	0.08779	0.10828	0.00371	0.15141	0.00796	0.38819	0.00627
103	0.01419	0.01216	0.01419	0.01013	0.01621	0.00912	0.00811	0.01723	0.01419	0.02229	0.01216	0.01419	0.01013	0.00507	0.00507	0.00101	0.00507	0.00405	0.00405	0.80139
104	0.01615	0.01845	0.04037	0.02884	0.03576	0.01730	0.69204	0.02191	0.01615	0.02191	0.01384	0.01845	0.01038	0.00577	0.00807	0.00231	0.01153	0.00807	0.00346	0.00923
105	0.01550	0.01338	0.01402	0.01273	0.01634	0.01511	0.00987	0.03184	0.58739	0.02690	0.03489	0.03238	0.13875	0.01065	0.00715	0.00232	0.00508	0.00887	0.00686	0.00997
106	0.00991	0.00635	0.00846	0.00909	0.00954	0.00624	0.00618	0.00993	0.01147	0.01521	0.02765	0.27733	0.06739	0.16962	0.06657	0.22894	0.00612	0.05458	0.00478	0.00465
107	0.00968	0.00690	0.00787	0.00800	0.00943	0.00630	0.00554	0.01094	0.01359	0.04695	0.04651	0.18283	0.34448	0.21093	0.05598	0.00399	0.00531	0.01347	0.00572	0.00559
108	0.00970	0.00731	0.00900	0.00852	0.01036	0.00678	0.00641	0.01333	0.04780	0.02582	0.56426	0.05276	0.18361	0.01441	0.00803	0.00219	0.00336	0.01256	0.00729	0.00651
109	0.08547	0.01822	0.02033	0.01577	0.02107	0.02012	0.05072	0.53809	0.09661	0.03951	0.01688	0.01703	0.01216	0.00804	0.00672	0.00210	0.00737	0.00623	0.00646	0.01109
110	0.01016	0.00725	0.00887	0.00947	0.01023	0.00719	0.00633	0.05285	0.03456	0.01872	0.06087	0.47289	0.03798	0.21160	0.01531	0.00369	0.00489	0.01551	0.00588	0.00576
111	0.00924	0.00677	0.00797	0.00836	0.00983	0.00607	0.00598	0.01091	0.01487	0.03714	0.13085	0.27253	0.31931	0.08702	0.01079	0.00287	0.00407	0.04325	0.00634	0.00581
112	0.80789	0.01323	0.01006	0.00900	0.01323	0.01535	0.00741	0.02011	0.01164	0.03070	0.00953	0.01111	0.00741	0.00635	0.00423	0.00212	0.00529	0.00370	0.00423	0.00741
113	0.08197	0.01494	0.01596	0.01362	0.01798	0.01668	0.01083	0.14686	0.44555	0.12264	0.02436	0.02256	0.01774	0.00876	0.00672	0.00223	0.00582	0.00704	0.00693	0.01081
114	0.00821	0.00666	0.00728	0.00770	0.00946	0.00574	0.00556	0.00984	0.01503	0.01849	0.08114	0.25492	0.50947	0.01835	0.00826	0.00243	0.00360	0.01575	0.00639	0.00574
115	0.05916	0.00747	0.00889	0.00836	0.01031	0.00696	0.00629	0.01316	0.01790	0.04186	0.51002	0.05063	0.18347	0.03559	0.00858	0.00231	0.00356	0.01203	0.00703	0.00644
116	0.29830	0.01248	0.01379	0.01121	0.01587	0.01254	0.00917	0.08072	0.01748	0.38773	0.02069	0.05987	0.01481	0.00845	0.00606	0.00215	0.00567	0.00643	0.00675	0.00983
117	0.23850	0.01586	0.01607	0.01317	0.01790	0.01770	0.01071	0.29773	0.18738	0.09097	0.01814	0.01771	0.01313	0.00798	0.00616	0.00214	0.00627	0.00592	0.00629	0.01028
118	0.05215	0.01139	0.01517	0.01175	0.01680	0.01000	0.00968	0.03197	0.01905	0.66215	0.02622	0.02306	0.01669	0.00838	0.00668	0.00209	0.00566	0.00676	0.05312	0.01122
119	0.00995	0.00663	0.00746	0.00746	0.00746	0.00663	0.00415	0.00995	0.00995	0.01327	0.02156	0.04477	0.02487	0.75957	0.03482	0.00663	0.00663	0.00995	0.00415	0.00415
120	0.24072	0.01503	0.01597	0.01272	0.01770	0.01603	0.01046	0.27249	0.06432	0.24074	0.01839	0.01758	0.01263	0.00785	0.00615	0.00211	0.00628	0.00580	0.00662	0.01043
121	0.01075	0.00726	0.00889	0.00883	0.01004	0.00696	0.00624	0.01292	0.03371	0.04980	0.23251	0.11553	0.10105	0.27973	0.01768	0.00392	0.00500	0.07734	0.00602	0.00582
122	0.00830	0.00609	0.00780	0.00917	0.00983	0.00559	0.00619	0.00957	0.01344	0.01760	0.04205	0.66038	0.13717	0.02087	0.00864	0.00271	0.00390	0.01876	0.00635	0.00559
123	0.00995	0.00663	0.00746	0.00746	0.00746	0.00663	0.00415	0.00995	0.00995	0.01327	0.02156	0.04477	0.02487	0.75957	0.03482	0.00663	0.00663	0.00995	0.00415	0.00415
124	0.02601	0.01916	0.02053	0.01574	0.02122	0.02122	0.01300	0.69408	0.03217	0.04312	0.01643	0.01643	0.01163	0.00821	0.00684	0.00205	0.00753	0.00616	0.00684	0.01163
125	0.02370	0.01114	0.01448	0.01208	0.01619	0.01043	0.00986	0.08129	0.05645	0.43071	0.10123	0.07373	0.02612	0.01107	0.00742	0.00229	0.00561	0.08836	0.00777	0.01005
126	0.00968	0.00699	0.00914	0.00861	0.01022	0.00646	0.00646	0.01291	0.01937	0.02743	0.71328	0.05110	0.06455	0.01399	0.00807	0.00215	0.00323	0.01237	0.00753	0.00646
127	0.00850	0.00684	0.00758	0.00763	0.00956	0.00592	0.00563	0.01054	0.01624	0.02056	0.22343	0.13778	0.48185	0.01696	0.00815	0.00232	0.00346	0.01448	0.00664	0.00592
128	0.01058	0.00719	0.00943	0.00876	0.01053	0.00661	0.00661	0.01378	0.01937	0.05695	0.68410	0.04992	0.06253	0.01375	0.00802	0.00215	0.00334	0.01214	0.00757	0.00668
129	0.03043	0.01207	0.01614	0.01237	0.01768	0.01069	0.01022	0.07068	0.02029	0.68329	0.02639	0.02290	0.01664	0.00845	0.00688	0.00211	0.00592	0.00684	0.00838	0.01164
130	0.01702	0.01470	0.01547	0.01392	0.01779	0.01702	0.01083	0.03635	0.70453	0.02862	0.02785	0.02553	0.02088	0.00928	0.00696	0.00232	0.00541	0.00773	0.00696	0.01083
131	0.00977	0.00733	0.01100	0.01100	0.01222	0.00855	0.00855	0.01222	0.01100	0.01588	0.01833	0.02688	0.01710	0.05131	0.73245	0.01100	0.01833	0.00733	0.00367	0.00611
132	0.00911	0.00725	0.00836	0.00887	0.01092	0.00650	0.00718	0.01136	0.01574	0.01937	0.07389	0.06929	0.47175	0.01777	0.00854	0.00259	0.00441	0.23477	0.00636	0.00597
133	0.01693	0.01626	0.02777	0.04199	0.71689	0.01626	0.02100	0.02100	0.01558	0.02235	0.01287	0.01693	0.01084	0.00610	0.00677	0.00203	0.00813	0.00610	0.00339	0.01084
134	0.00979	0.00728	0.01075	0.01075	0.01188	0.00842	0.00824	0.01206	0.01092	0.01570	0.01855	0.02814	0.01765	0.10121	0.68330	0.01069	0.01750	0.00751	0.00370	0.00597
135	0.01763	0.70475	0.03391	0.01165	0.01714	0.02563	0.01146	0.01984	0.01367	0.01608	0.01020	0.01221	0.00943	0.00939	0.06111	0.00221	0.00817	0.00394	0.00298	0.00857
136	0.01508	0.09297	0.01710	0.01105	0.01664	0.03789	0.00910	0.01789	0.01412	0.02107	0.01162	0.01383	0.00987	0.00565	0.00611	0.00121	0.05138	0.00414	0.00385	0.63943
137	0.04741	0.03937	0.05623	0.02981	0.38620	0.06265	0.04081	0.17553	0.04892	0.02708	0.01397	0.01647	0.01103	0.00678	0.00664	0.00203	0.00822	0.00594	0.00433	0.01057
138	0.05629	0.08983	0.03796	0.01405	0.01949	0.05929	0.01188	0.35241	0.07289	0.07674	0.01586	0.01613	0.01171	0.00741	0.00619	0.00185	0.00712	0.00552	0.00575	0.13164

[dist]
# distance from previous block
# <min> <max>
0	1

[block]
# block no. 3 follows, 31 sequences, length 107
# corresponding to MSA columns:
# 318-424
name=unknown_D
#
# <colnr> <probs for GDERKNQSTAVLIFYWHMCP>
#	G	D	E	R	K	N	Q	S	T	A	V	L	I	F	Y	W	H	M	C	P
0	0.07481	0.07171	0.05511	0.01569	0.02023	0.36352	0.01284	0.13508	0.08464	0.08169	0.01445	0.01508	0.01097	0.00742	0.00619	0.00192	0.00949	0.00515	0.00477	0.00924
1	0.02470	0.03132	0.02130	0.01864	0.02248	0.66710	0.07495	0.02683	0.01909	0.01721	0.01087	0.01289	0.00896	0.00693	0.00634	0.00181	0.01226	0.00474	0.00352	0.00805
2	0.29283	0.01504	0.05488	0.01142	0.01692	0.01384	0.00986	0.13725	0.01688	0.08568	0.01320	0.01426	0.00992	0.00642	0.00532	0.00173	0.00592	0.00459	0.00489	0.27914
3	0.71124	0.08142	0.01259	0.00934	0.01376	0.01624	0.00788	0.02057	0.01210	0.05146	0.01008	0.01149	0.00784	0.00637	0.00433	0.00206	0.00549	0.00380	0.00425	0.00767
4	0.01275	0.00638	0.00638	0.00638	0.00797	0.00638	0.00478	0.01594	0.01435	0.02551	0.02232	0.02551	0.01754	0.00797	0.00478	0.00159	0.00319	0.00638	0.79755	0.00638
5	0.02114	0.33545	0.02874	0.01779	0.08393	0.19273	0.06023	0.14359	0.01881	0.02209	0.01162	0.01334	0.00960	0.00658	0.00573	0.00175	0.00892	0.00481	0.00385	0.00931
6	0.01207	0.00930	0.01109	0.01015	0.01245	0.00954	0.00775	0.04570	0.18172	0.02834	0.52349	0.04367	0.05212	0.01264	0.00776	0.00219	0.00392	0.01103	0.00737	0.00770
7	0.16290	0.01878	0.01827	0.01448	0.01955	0.08209	0.01184	0.47082	0.02656	0.08658	0.01545	0.01562	0.01102	0.00780	0.00633	0.00204	0.00744	0.00563	0.00621	0.01057
8	0.73567	0.01525	0.07499	0.00995	0.01472	0.01540	0.00903	0.02025	0.01190	0.02987	0.00978	0.01142	0.00752	0.00636	0.00444	0.00212	0.00573	0.00383	0.00411	0.00765
9	0.73559	0.01261	0.00972	0.00876	0.01275	0.01453	0.00717	0.01973	0.01189	0.03022	0.01069	0.01242	0.00833	0.00650	0.00428	0.00207	0.00510	0.00395	0.07637	0.00732
10	0.25190	0.04109	0.01795	0.01396	0.01848	0.05737	0.01153	0.38018	0.02298	0.03484	0.01322	0.01436	0.00993	0.00788	0.00739	0.00212	0.07437	0.00526	0.00544	0.00974
11	0.01295	0.00716	0.00770	0.00743	0.00888	0.00770	0.00571	0.01599	0.01400	0.02468	0.02111	0.02455	0.01676	0.00833	0.00639	0.00172	0.07083	0.00634	0.72529	0.00648
12	0.02572	0.01902	0.02037	0.01568	0.02111	0.02108	0.01293	0.67285	0.05387	0.04265	0.01679	0.01672	0.01193	0.00825	0.00685	0.00206	0.00746	0.00621	0.00685	0.01161
13	0.01809	0.02018	0.02283	0.07819	0.08595	0.23348	0.10344	0.02133	0.03684	0.01823	0.01186	0.01611	0.01015	0.01099	0.05467	0.00284	0.23728	0.00594	0.00342	0.00818
14	0.12030	0.01647	0.01806	0.01400	0.01928	0.01757	0.01156	0.43963	0.02641	0.22056	0.01839	0.01760	0.01253	0.00806	0.00654	0.00208	0.00681	0.00606	0.00696	0.01113
15	0.01694	0.01620	0.02735	0.04103	0.69301	0.01628	0.02065	0.02152	0.03911	0.02256	0.01338	0.01723	0.01118	0.00620	0.00678	0.00204	0.00803	0.00615	0.00351	0.01084
16	0.00912	0.00689	0.00974	0.01248	0.07433	0.00653	0.00768	0.01057	0.01332	0.01791	0.03544	0.68785	0.04211	0.02004	0.00855	0.00271	0.00435	0.01823	0.00608	0.00604
17	0.00848	0.00695	0.00747	0.00734	0.00948	0.00594	0.00550	0.01057	0.01651	0.02067	0.22653	0.06224	0.55552	0.01651	0.00808	0.00227	0.00341	0.01393	0.00664	0.00594
18	0.80789	0.01323	0.01006	0.00900	0.01323	0.01535	0.00741	0.02011	0.01164	0.03070	0.00953	0.01111	0.00741	0.00635	0.00423	0.00212	0.00529	0.00370	0.00423	0.00741
19	0.00940	0.00751	0.00855	0.00876	0.01065	0.00700	0.00655	0.01296	0.07834	0.02076	0.15936	0.20324	0.36310	0.01702	0.00821	0.00244	0.00390	0.05934	0.00659	0.00633
20	0.00834	0.00595	0.00794	0.00953	0.00992	0.00556	0.00635	0.00953	0.01310	0.01746	0.03771	0.75510	0.04525	0.02143	0.00873	0.00278	0.00397	0.01945	0.00635	0.00556
21	0.00963	0.00698	0.00900	0.00850	0.01009	0.00643	0.00633	0.01269	0.01889	0.02659	0.66389	0.05148	0.08918	0.03959	0.00898	0.00231	0.00335	0.01237	0.00737	0.00635
22	0.01101	0.00688	0.00903	0.00931	0.01052	0.00636	0.00654	0.01288	0.01541	0.08675	0.24769	0.40309	0.04688	0.08182	0.01061	0.00285	0.00414	0.01521	0.00673	0.00629
23	0.00941	0.00689	0.00883	0.00854	0.01010	0.00631	0.00633	0.01231	0.01843	0.02568	0.59090	0.11895	0.12180	0.01499	0.00813	0.00223	0.00332	0.01323	0.00731	0.00631
24	0.00995	0.00663	0.00746	0.00746	0.00746	0.00663	0.00415	0.00995	0.00995	0.01327	0.02156	0.04477	0.02487	0.75957	0.03482	0.00663	0.00663	0.00995	0.00415	0.00415
25	0.00995	0.00663	0.00746	0.00746	0.00746	0.00663	0.00415	0.00995	0.00995	0.01327	0.02156	0.04477	0.02487	0.75957	0.03482	0.00663	0.00663	0.00995	0.00415	0.00415
26	0.01354	0.00714	0.00722	0.00693	0.00876	0.00726	0.00527	0.05620	0.01541	0.02655	0.02197	0.02497	0.01719	0.00799	0.00490	0.00162	0.00345	0.00636	0.75060	0.00669
27	0.80789	0.01323	0.01006	0.00900	0.01323	0.01535	0.00741	0.02011	0.01164	0.03070	0.00953	0.01111	0.00741	0.00635	0.00423	0.00212	0.00529	0.00370	0.00423	0.00741
28	0.00980	0.00722	0.01043	0.01043	0.01145	0.00824	0.00785	0.01185	0.01083	0.01546	0.01884	0.02975	0.01835	0.16486	0.62061	0.01030	0.01645	0.00775	0.00374	0.00579
29	0.00977	0.00733	0.01100	0.01100	0.01222	0.00855	0.00855	0.01222	0.01100	0.01588	0.01833	0.02688	0.01710	0.05131	0.73245	0.01100	0.01833	0.00733	0.00367	0.00611
30	0.00809	0.00693	0.00693	0.00693	0.00924	0.00578	0.00520	0.00982	0.01559	0.01848	0.06931	0.06584	0.71411	0.01733	0.00809	0.00231	0.00347	0.01444	0.00635	0.00578
31	0.02544	0.01791	0.01949	0.01518	0.02045	0.01963	0.01246	0.55308	0.10822	0.10859	0.01878	0.01815	0.01322	0.00836	0.00686	0.00209	0.00712	0.00641	0.00702	0.01154
32	0.01372	0.03539	0.72412	0.01950	0.02961	0.01589	0.02528	0.02167	0.01444	0.02167	0.01228	0.01444	0.00867	0.00650	0.00650	0.00217	0.01011	0.00506	0.00289	0.01011
33	0.00968	0.00699	0.00914	0.00861	0.01022	0.00646	0.00646	0.01291	0.01937	0.02743	0.71328	0.05110	0.06455	0.01399	0.00807	0.00215	0.00323	0.01237	0.00753	0.00646
34	0.00811	0.00684	0.00702	0.00717	0.00930	0.00576	0.00530	0.00979	0.01537	0.01839	0.06643	0.12852	0.65329	0.01770	0.00814	0.00235	0.00351	0.01489	0.00635	0.00576
35	0.01368	0.01294	0.02189	0.61039	0.17392	0.01540	0.01938	0.01815	0.01404	0.01840	0.01229	0.01799	0.00944	0.00670	0.00683	0.00223	0.00893	0.00608	0.00311	0.00821
36	0.02556	0.03261	0.01939	0.01763	0.02115	0.73210	0.01322	0.02732	0.01939	0.01674	0.01058	0.01234	0.00881	0.00705	0.00617	0.00176	0.01234	0.00441	0.00353	0.00793
37	0.00982	0.00695	0.00892	0.00843	0.01006	0.00643	0.00632	0.01300	0.01896	0.02707	0.65402	0.05000	0.08016	0.01372	0.00787	0.00212	0.00323	0.01208	0.05440	0.00643
38	0.00833	0.00699	0.00727	0.00735	0.00959	0.00593	0.00561	0.01021	0.01575	0.01896	0.09292	0.06596	0.64632	0.01729	0.00817	0.00236	0.00363	0.05512	0.00640	0.00584
39	0.01497	0.01497	0.02095	0.01796	0.01796	0.02095	0.01497	0.01646	0.01048	0.01646	0.00898	0.01497	0.00898	0.01197	0.02245	0.00299	0.74704	0.00599	0.00299	0.00748
40	0.01241	0.00690	0.00748	0.00728	0.00898	0.00684	0.00553	0.03384	0.01596	0.02628	0.17219	0.03213	0.02812	0.00956	0.00567	0.00177	0.00340	0.02469	0.58446	0.00654
41	0.01664	0.01399	0.01498	0.01336	0.01704	0.01593	0.01041	0.07456	0.57468	0.02938	0.11489	0.02823	0.02590	0.00982	0.00710	0.00228	0.00527	0.00823	0.00703	0.01032
42	0.00924	0.00698	0.00853	0.00814	0.00995	0.00627	0.00610	0.01205	0.01831	0.02494	0.53349	0.05522	0.24590	0.01492	0.00807	0.00220	0.00329	0.01295	0.00720	0.00627
43	0.02643	0.01848	0.02011	0.01542	0.02088	0.02020	0.01274	0.63410	0.03102	0.10470	0.01738	0.01705	0.01212	0.00824	0.00685	0.00206	0.00737	0.00622	0.00699	0.01164
44	0.80789	0.01323	0.01006	0.00900	0.01323	0.01535	0.00741	0.02011	0.01164	0.03070	0.00953	0.01111	0.00741	0.00635	0.00423	0.00212	0.00529	0.00370	0.00423	0.00741
45	0.00876	0.00696	0.00787	0.00764	0.00965	0.00606	0.00573	0.01112	0.01719	0.02226	0.34142	0.05961	0.43964	0.01592	0.00808	0.00224	0.00336	0.01357	0.00685	0.00606
