[name]
unknown

[dist]
# distance from previous block
# <min> <max>
0	17

[block]
# block no. 0 follows, 31 sequences, length 41
# corresponding to MSA columns:
# 17-57
name=unknown_A
#
# <colnr> <probs for GDERKNQSTAVLIFYWHMCP>
#	G	D	E	R	K	N	Q	S	T	A	V	L	I	F	Y	W	H	M	C	P
0	0.12300	0.01484	0.04790	0.08771	0.14521	0.01488	0.01361	0.10257	0.10140	0.02583	0.01684	0.02312	0.01433	0.00831	0.00710	0.00211	0.03630	0.07691	0.00471	0.13332
1	0.38234	0.03538	0.06826	0.03580	0.01815	0.06832	0.01099	0.13888	0.03770	0.05079	0.01319	0.01563	0.01029	0.00719	0.00547	0.00203	0.00677	0.02478	0.00473	0.06332
2	0.01647	0.04736	0.01976	0.37443	0.07641	0.10863	0.01531	0.10705	0.01641	0.02034	0.01320	0.01915	0.01095	0.06936	0.01008	0.04863	0.00880	0.00608	0.00371	0.00788
3	0.01253	0.09062	0.01313	0.00992	0.01240	0.06428	0.00783	0.01480	0.01598	0.04001	0.24426	0.06067	0.17850	0.01679	0.08062	0.02873	0.02875	0.00989	0.02959	0.04069
4	0.06375	0.12127	0.07029	0.08927	0.12745	0.06470	0.22268	0.08337	0.03170	0.02311	0.01314	0.01626	0.01025	0.00644	0.00661	0.00205	0.00914	0.00610	0.02310	0.00930
5	0.01798	0.11098	0.06240	0.01916	0.09587	0.13642	0.08635	0.05321	0.19060	0.02299	0.06884	0.02006	0.01659	0.00811	0.00775	0.00210	0.06001	0.00655	0.00467	0.00935
6	0.00829	0.00613	0.00775	0.00905	0.00980	0.00560	0.00614	0.00958	0.01356	0.01765	0.04353	0.62807	0.16852	0.02068	0.00861	0.00269	0.00388	0.01853	0.00635	0.00560
7	0.02027	0.12965	0.02017	0.01439	0.01893	0.08362	0.01173	0.20123	0.36792	0.02938	0.02063	0.01984	0.01563	0.00830	0.00648	0.00207	0.00686	0.00642	0.00602	0.01047
8	0.05131	0.13782	0.15811	0.06386	0.15679	0.01680	0.07168	0.02351	0.08839	0.09949	0.03786	0.01811	0.01327	0.00699	0.00637	0.00203	0.00782	0.00598	0.00433	0.02947
9	0.05199	0.19118	0.20310	0.01724	0.08335	0.04202	0.01571	0.14719	0.06998	0.02526	0.01347	0.01485	0.01045	0.00673	0.00591	0.00186	0.00787	0.00507	0.00417	0.08261
10	0.01613	0.02109	0.13937	0.02789	0.10031	0.04153	0.47491	0.02174	0.01571	0.02151	0.01319	0.01735	0.01006	0.00622	0.00826	0.00227	0.04249	0.00722	0.00335	0.00940
11	0.01407	0.03312	0.63678	0.02144	0.06974	0.01601	0.07096	0.02164	0.01463	0.02172	0.01242	0.01486	0.00891	0.00643	0.00662	0.00217	0.01009	0.00532	0.00296	0.01009
12	0.01146	0.00914	0.01328	0.08008	0.08726	0.00912	0.03853	0.01499	0.06001	0.04166	0.13476	0.29664	0.10997	0.04992	0.00922	0.00262	0.00530	0.01318	0.00580	0.00706
13	0.01471	0.01086	0.01515	0.03631	0.11451	0.01176	0.01101	0.01850	0.05831	0.10803	0.19795	0.03284	0.10083	0.01429	0.06482	0.00295	0.13305	0.00885	0.03720	0.00809
14	0.00832	0.00601	0.00788	0.00937	0.00988	0.00557	0.00628	0.00954	0.01324	0.01752	0.03955	0.71490	0.08426	0.02119	0.00869	0.00275	0.00394	0.01916	0.00635	0.00557
15	0.01693	0.01626	0.02777	0.04199	0.71689	0.01626	0.02100	0.02100	0.01558	0.02235	0.01287	0.01693	0.01084	0.00610	0.00677	0.00203	0.00813	0.00610	0.00339	0.01084
16	0.01606	0.01819	0.03890	0.02801	0.03441	0.01758	0.64078	0.02150	0.01572	0.02150	0.01347	0.01819	0.01027	0.00624	0.00916	0.00236	0.06723	0.00792	0.00342	0.00910
17	0.01012	0.00711	0.00890	0.00846	0.01029	0.00641	0.00634	0.01291	0.01826	0.05275	0.51824	0.09181	0.19314	0.01485	0.00806	0.00222	0.00342	0.01296	0.00726	0.00647
18	0.01188	0.00594	0.00891	0.00891	0.00891	0.00594	0.00594	0.00891	0.00891	0.01188	0.01188	0.02080	0.01188	0.02377	0.02674	0.80095	0.00594	0.00594	0.00297	0.00297
19	0.02240	0.01308	0.01536	0.01296	0.01732	0.01364	0.01031	0.03405	0.38818	0.31784	0.05794	0.02573	0.02118	0.00915	0.00698	0.00223	0.00549	0.00758	0.00762	0.01097
20	0.01447	0.01345	0.01694	0.01505	0.01618	0.06238	0.01220	0.06682	0.01290	0.01827	0.01329	0.01955	0.01234	0.02671	0.29708	0.00596	0.35911	0.00642	0.00358	0.00729
21	0.00848	0.00611	0.00807	0.00958	0.01014	0.00570	0.00657	0.00981	0.01337	0.01769	0.03911	0.68306	0.07644	0.02109	0.00874	0.00278	0.00408	0.05721	0.00635	0.00561
22	0.00949	0.00644	0.00760	0.00804	0.00816	0.00633	0.00477	0.00983	0.01084	0.01445	0.02611	0.24515	0.03062	0.55135	0.02746	0.00555	0.00588	0.01263	0.00477	0.00454
23	0.01603	0.01691	0.02803	0.02342	0.07734	0.04406	0.25686	0.02030	0.05368	0.01957	0.01217	0.01688	0.01031	0.00898	0.01466	0.00259	0.35941	0.00679	0.00344	0.00857
24	0.01137	0.00875	0.01104	0.01065	0.01116	0.00993	0.00752	0.05192	0.01230	0.01694	0.02320	0.23169	0.02632	0.33341	0.06540	0.00490	0.14168	0.01145	0.00467	0.00571
25	0.01188	0.00594	0.00891	0.00891	0.00891	0.00594	0.00594	0.00891	0.00891	0.01188	0.01188	0.02080	0.01188	0.02377	0.02674	0.80095	0.00594	0.00594	0.00297	0.00297
26	0.57872	0.05924	0.01704	0.01420	0.06208	0.04128	0.09886	0.02068	0.01289	0.02765	0.01035	0.01249	0.00815	0.00625	0.00498	0.00209	0.00666	0.00446	0.00398	0.00797
27	0.01038	0.00921	0.00906	0.00866	0.01086	0.06148	0.00651	0.01339	0.04479	0.02219	0.31000	0.05453	0.38414	0.01495	0.00789	0.00221	0.00412	0.01262	0.00661	0.00640
28	0.01558	0.08161	0.14208	0.01309	0.01966	0.01300	0.03580	0.04596	0.01507	0.04603	0.01259	0.01452	0.01002	0.00585	0.00600	0.00144	0.02803	0.00457	0.00396	0.48514
29	0.00962	0.00699	0.00905	0.00854	0.01018	0.00643	0.00640	0.01278	0.01921	0.02706	0.68635	0.05172	0.09171	0.01413	0.00807	0.00216	0.00324	0.01246	0.00748	0.00643
30	0.01988	0.53989	0.03184	0.01474	0.04347	0.19260	0.03548	0.02216	0.01533	0.01666	0.01003	0.01176	0.00891	0.00614	0.00502	0.00158	0.00867	0.00407	0.00310	0.00867
31	0.47912	0.07085	0.01438	0.01091	0.01525	0.01684	0.00902	0.16063	0.05678	0.03134	0.03316	0.04925	0.01257	0.00780	0.00527	0.00210	0.00580	0.00543	0.00503	0.00848
32	0.01899	0.04585	0.22342	0.04334	0.06416	0.01831	0.01664	0.25163	0.19238	0.03034	0.01750	0.01804	0.01286	0.00774	0.00669	0.00214	0.00783	0.00615	0.00527	0.01072
33	0.01902	0.01875	0.07923	0.05597	0.23238	0.10353	0.08719	0.06027	0.01682	0.11022	0.01736	0.01971	0.05060	0.00794	0.00863	0.00218	0.08970	0.00657	0.00432	0.00961
34	0.01672	0.00856	0.01111	0.00965	0.01259	0.00757	0.00752	0.01942	0.01858	0.26805	0.34577	0.07678	0.14384	0.01291	0.00769	0.00219	0.00420	0.01110	0.00763	0.00812
35	0.00976	0.00704	0.00937	0.00923	0.00982	0.00687	0.03748	0.01068	0.01186	0.01599	0.07802	0.24291	0.03271	0.44225	0.04210	0.00512	0.00616	0.01264	0.00498	0.00501
36	0.01987	0.01782	0.04344	0.09359	0.13590	0.09587	0.05427	0.11980	0.14400	0.09924	0.01697	0.01851	0.01277	0.00789	0.00815	0.00217	0.07155	0.00633	0.00502	0.02685
37	0.09760	0.12714	0.06867	0.01904	0.14642	0.06551	0.01390	0.12700	0.04988	0.07589	0.01571	0.07153	0.01341	0.00849	0.00761	0.00211	0.06954	0.00646	0.00465	0.00945
38	0.01784	0.06203	0.07906	0.10762	0.07716	0.12773	0.09460	0.07489	0.04130	0.07319	0.02099	0.02276	0.09436	0.00965	0.03229	0.00235	0.00880	0.00690	0.00447	0.04202
39	0.09566	0.03688	0.13047	0.06630	0.07753	0.03405	0.12350	0.14944	0.01828	0.09713	0.01542	0.04732	0.01201	0.00766	0.00723	0.00215	0.03421	0.00650	0.00468	0.03361
40	0.13629	0.06291	0.01543	0.01444	0.09197	0.05483	0.01003	0.06884	0.08398	0.06165	0.10864	0.14365	0.06379	0.01084	0.00670	0.00213	0.00577	0.00902	0.00556	0.04354

[dist]
# distance from previous block
# <min> <max>
0	25

[block]
# block no. 1 follows, 31 sequences, length 21
# corresponding to MSA columns:
# 101-121
name=unknown_B
#
# <colnr> <probs for GDERKNQSTAVLIFYWHMCP>
#	G	D	E	R	K	N	Q	S	T	A	V	L	I	F	Y	W	H	M	C	P
0	0.06145	0.03518	0.04337	0.01518	0.06534	0.03878	0.01177	0.28437	0.08145	0.07756	0.11156	0.02338	0.04553	0.00880	0.00670	0.00201	0.00650	0.00703	0.00611	0.06793
1	0.02221	0.05079	0.09549	0.01869	0.11099	0.03955	0.01461	0.36464	0.06449	0.08644	0.05138	0.01872	0.01460	0.00799	0.00675	0.00205	0.00755	0.00633	0.00588	0.01083
2	0.12327	0.07726	0.10124	0.01755	0.11098	0.01620	0.03743	0.09050	0.09059	0.06021	0.01445	0.01601	0.01118	0.00696	0.00685	0.00192	0.04870	0.00536	0.00450	0.15883
3	0.12728	0.09354	0.02316	0.02257	0.22544	0.12166	0.07485	0.02280	0.01578	0.10098	0.01333	0.01539	0.01043	0.00637	0.00603	0.00186	0.00797	0.00530	0.00413	0.10112
4	0.14102	0.01679	0.05812	0.03055	0.44356	0.01623	0.01735	0.10072	0.01695	0.04874	0.01317	0.01595	0.01046	0.00645	0.00632	0.00202	0.00753	0.00563	0.00409	0.03833
5	0.01729	0.01599	0.02587	0.09322	0.56663	0.01626	0.01948	0.08101	0.01685	0.02383	0.01310	0.01685	0.01074	0.00629	0.00670	0.00200	0.00800	0.00600	0.00370	0.05019
6	0.01851	0.01564	0.02486	0.03485	0.54781	0.01564	0.01838	0.08950	0.01759	0.08296	0.01760	0.02018	0.05113	0.00714	0.00686	0.00206	0.00761	0.00664	0.00433	0.01070
7	0.12702	0.01491	0.01921	0.06203	0.24350	0.03007	0.01394	0.17579	0.04102	0.06059	0.01754	0.11321	0.01552	0.00888	0.00666	0.00214	0.00693	0.00754	0.00505	0.02845
8	0.20574	0.01435	0.01688	0.01847	0.16298	0.01558	0.01215	0.20124	0.08652	0.02978	0.01904	0.11800	0.01731	0.00976	0.00661	0.00224	0.00638	0.04226	0.00542	0.00929
9	0.21130	0.01708	0.01968	0.02013	0.17846	0.01867	0.01349	0.37858	0.02345	0.03539	0.01396	0.01527	0.01044	0.00728	0.00620	0.00206	0.00713	0.00556	0.00543	0.01044
10	0.00913	0.00609	0.00810	0.00912	0.00957	0.00575	0.00609	0.00964	0.01260	0.01680	0.07049	0.51152	0.06724	0.07019	0.01356	0.14306	0.00443	0.01585	0.00568	0.00507
11	0.00996	0.00655	0.00757	0.00767	0.00770	0.00653	0.00438	0.00986	0.01009	0.01345	0.02202	0.08785	0.02541	0.67185	0.03273	0.05124	0.00643	0.01032	0.00422	0.00417
12	0.61396	0.04297	0.01325	0.01063	0.01488	0.01701	0.00885	0.12353	0.01482	0.03126	0.01056	0.01214	0.00820	0.00693	0.00564	0.00213	0.04640	0.00421	0.00452	0.00812
13	0.04679	0.01517	0.02319	0.23729	0.41356	0.05271	0.01834	0.01954	0.01470	0.02038	0.01300	0.01872	0.01106	0.05744	0.00856	0.00240	0.00842	0.00617	0.00338	0.00917
14	0.06459	0.00833	0.01128	0.07023	0.08837	0.00853	0.00864	0.01239	0.01248	0.01766	0.02647	0.28508	0.05410	0.18640	0.01551	0.06838	0.00578	0.04501	0.00485	0.00592
15	0.07574	0.01488	0.02347	0.20546	0.12002	0.01627	0.14984	0.14961	0.01751	0.02480	0.01440	0.03977	0.01171	0.01115	0.06938	0.00298	0.03315	0.00682	0.00415	0.00892
16	0.14651	0.04572	0.08537	0.04587	0.15444	0.01690	0.01436	0.20850	0.05756	0.11904	0.01573	0.01668	0.01149	0.00723	0.00626	0.00206	0.00719	0.00569	0.00526	0.02816
17	0.16876	0.01671	0.01660	0.01370	0.01823	0.07706	0.01122	0.32736	0.04169	0.12206	0.01808	0.02180	0.01412	0.01036	0.03376	0.00248	0.00755	0.06247	0.00613	0.00986
18	0.06239	0.09686	0.01918	0.01391	0.01843	0.04469	0.01146	0.31542	0.16327	0.05996	0.01811	0.01885	0.01379	0.01340	0.09655	0.00315	0.00840	0.00620	0.00586	0.01012
19	0.14438	0.04034	0.01795	0.01694	0.10269	0.08222	0.01206	0.22964	0.04862	0.02841	0.01804	0.08454	0.04032	0.01100	0.03548	0.00252	0.06350	0.00713	0.00511	0.00911
20	0.19094	0.01676	0.01672	0.01381	0.01823	0.10022	0.03920	0.15462	0.15425	0.10611	0.04185	0.01849	0.01446	0.00796	0.00675	0.00208	0.03158	0.00599	0.00569	0.05429

[dist]
# distance from previous block
# <min> <max>
16	44

[block]
# block no. 2 follows, 31 sequences, length 51
# corresponding to MSA columns:
# 181-231
name=unknown_C
#
# <colnr> <probs for GDERKNQSTAVLIFYWHMCP>
#	G	D	E	R	K	N	Q	S	T	A	V	L	I	F	Y	W	H	M	C	P
0	0.01822	0.05352	0.11933	0.05667	0.29578	0.03146	0.01670	0.03776	0.01602	0.15096	0.01769	0.08217	0.01479	0.01046	0.04600	0.00259	0.00825	0.00717	0.00458	0.00988
1	0.18643	0.21520	0.16828	0.01426	0.01984	0.11627	0.01398	0.05206	0.07497	0.02274	0.01210	0.01363	0.00966	0.00699	0.00634	0.00197	0.04795	0.00465	0.00380	0.00888
2	0.00909	0.00686	0.00973	0.01032	0.01138	0.00640	0.03650	0.01098	0.01458	0.01958	0.14965	0.52278	0.07920	0.01913	0.00862	0.00266	0.00432	0.06588	0.00642	0.00593
3	0.01722	0.47196	0.15915	0.01689	0.09391	0.02252	0.03721	0.03678	0.01470	0.01892	0.01081	0.01277	0.00916	0.00601	0.00524	0.00167	0.00794	0.00439	0.00314	0.04960
4	0.05467	0.01251	0.01512	0.01234	0.05415	0.01045	0.00926	0.05371	0.01606	0.13211	0.03996	0.01705	0.01314	0.00619	0.00560	0.00138	0.00542	0.00499	0.00497	0.53093
5	0.07638	0.03571	0.19055	0.02598	0.25187	0.01634	0.10758	0.06351	0.06728	0.07714	0.01493	0.01708	0.01122	0.00670	0.00667	0.00212	0.00841	0.00607	0.00419	0.01026
6	0.01763	0.08820	0.21889	0.06857	0.02226	0.01491	0.01509	0.04240	0.10989	0.16124	0.05117	0.05781	0.04703	0.00908	0.00752	0.00219	0.04413	0.00724	0.00520	0.00954
7	0.01586	0.01158	0.01306	0.01170	0.01498	0.01223	0.00923	0.09385	0.27461	0.09140	0.15227	0.05660	0.14072	0.01221	0.00754	0.00232	0.00501	0.05886	0.00702	0.00896
8	0.01592	0.01926	0.16303	0.23104	0.14948	0.01635	0.14095	0.10586	0.01704	0.02332	0.01416	0.01955	0.01113	0.00713	0.00709	0.00223	0.00926	0.03404	0.00377	0.00939
9	0.01781	0.17268	0.17651	0.02371	0.21513	0.11228	0.06755	0.05440	0.01628	0.02136	0.01252	0.01515	0.01006	0.00644	0.00615	0.00191	0.00890	0.00533	0.04628	0.00956
10	0.04458	0.05416	0.22267	0.01832	0.05410	0.14752	0.10724	0.02089	0.04559	0.02077	0.05200	0.09661	0.04671	0.00913	0.00735	0.00217	0.02984	0.00770	0.00408	0.00858
11	0.00982	0.00658	0.00750	0.00763	0.00766	0.00655	0.00432	0.00991	0.01020	0.01361	0.02287	0.10250	0.02653	0.69957	0.03270	0.00632	0.00642	0.01072	0.00432	0.00426
12	0.01188	0.00594	0.00891	0.00891	0.00891	0.00594	0.00594	0.00891	0.00891	0.01188	0.01188	0.02080	0.01188	0.02377	0.02674	0.80095	0.00594	0.00594	0.00297	0.00297
13	0.01841	0.20184	0.16281	0.03362	0.05329	0.14617	0.06617	0.07126	0.04495	0.02058	0.01196	0.01441	0.00972	0.00736	0.00828	0.00204	0.10926	0.00522	0.00355	0.00911
14	0.01257	0.11094	0.01474	0.01247	0.01483	0.01143	0.01084	0.01739	0.09645	0.02068	0.03170	0.09874	0.03337	0.01614	0.00843	0.00280	0.00621	0.46723	0.00592	0.00713
15	0.00830	0.00611	0.00778	0.00911	0.00981	0.00559	0.00617	0.00957	0.01350	0.01763	0.04274	0.64523	0.15187	0.02078	0.00863	0.00270	0.00389	0.01865	0.00635	0.00559
16	0.01434	0.01402	0.02180	0.57468	0.16919	0.05412	0.01906	0.01866	0.01434	0.01834	0.01220	0.01768	0.00942	0.00671	0.00679	0.00221	0.00911	0.00599	0.00313	0.00821
17	0.01361	0.01198	0.01148	0.01105	0.01314	0.10701	0.00823	0.01974	0.17097	0.02347	0.23060	0.15186	0.03675	0.05216	0.00883	0.00246	0.00536	0.03461	0.07934	0.00736
18	0.01659	0.49314	0.29152	0.01460	0.02204	0.02292	0.01675	0.02092	0.01410	0.01817	0.01054	0.01226	0.00874	0.00609	0.00517	0.00172	0.00835	0.00418	0.00291	0.00927
19	0.01521	0.01346	0.05203	0.01286	0.01655	0.01337	0.01069	0.13543	0.14742	0.02436	0.01806	0.02205	0.01511	0.05289	0.23627	0.00497	0.04711	0.00654	0.00485	0.15077
20	0.01396	0.01190	0.01393	0.01006	0.01591	0.00898	0.00802	0.01701	0.01445	0.02255	0.04779	0.01606	0.01290	0.00552	0.00522	0.00107	0.00497	0.00448	0.00423	0.76100
21	0.01829	0.76368	0.03585	0.01171	0.01756	0.02707	0.01171	0.02049	0.01390	0.01610	0.00951	0.01097	0.00878	0.00585	0.00439	0.00146	0.00732	0.00366	0.00293	0.00878
22	0.02519	0.02309	0.01777	0.01519	0.01931	0.36346	0.01182	0.15898	0.05927	0.15589	0.01663	0.01690	0.01221	0.00774	0.00638	0.00190	0.00911	0.00555	0.06422	0.00940
23	0.01247	0.01042	0.01349	0.01272	0.01435	0.01174	0.03395	0.03593	0.17125	0.02142	0.08333	0.29383	0.03187	0.05536	0.01186	0.00285	0.12466	0.04529	0.00583	0.00740
24	0.00825	0.00648	0.00747	0.00818	0.00959	0.00570	0.00577	0.00978	0.01457	0.01831	0.07579	0.38249	0.38516	0.01911	0.00838	0.00252	0.00369	0.01668	0.00639	0.00570
25	0.00873	0.00602	0.00818	0.00954	0.00994	0.00574	0.00642	0.00960	0.01261	0.01687	0.03436	0.65093	0.04076	0.02314	0.04654	0.07688	0.00487	0.01760	0.00590	0.00535
26	0.01390	0.01316	0.02228	0.57257	0.21004	0.01546	0.01949	0.01834	0.01414	0.01866	0.01233	0.01792	0.00954	0.00666	0.00682	0.00222	0.00888	0.00608	0.00312	0.00839
27	0.00995	0.00663	0.00746	0.00746	0.00746	0.00663	0.00415	0.00995	0.00995	0.01327	0.02156	0.04477	0.02487	0.75957	0.03482	0.00663	0.00663	0.00995	0.00415	0.00415
28	0.01260	0.00828	0.00962	0.00917	0.01141	0.00777	0.00687	0.08043	0.01728	0.08849	0.12564	0.24219	0.26447	0.01563	0.00778	0.00232	0.00418	0.01344	0.06546	0.00697
29	0.01413	0.01281	0.02052	0.67597	0.04473	0.01576	0.01845	0.07994	0.01539	0.01985	0.01255	0.01807	0.00935	0.00697	0.00684	0.00226	0.00897	0.00609	0.00339	0.00797
30	0.03070	0.01164	0.01588	0.01217	0.01746	0.01006	0.01006	0.03334	0.01958	0.72163	0.02699	0.02329	0.01694	0.00847	0.00688	0.00212	0.00582	0.00688	0.00847	0.01164
31	0.01292	0.01216	0.02052	0.74312	0.04712	0.01520	0.01900	0.01748	0.01368	0.01748	0.01216	0.01824	0.00912	0.00684	0.00684	0.00228	0.00912	0.00608	0.00304	0.00760
32	0.01693	0.01626	0.02777	0.04199	0.71689	0.01626	0.02100	0.02100	0.01558	0.02235	0.01287	0.01693	0.01084	0.00610	0.00677	0.00203	0.00813	0.00610	0.00339	0.01084
33	0.01146	0.00613	0.00878	0.00878	0.00884	0.00619	0.00577	0.00925	0.00919	0.01231	0.01382	0.02509	0.01431	0.14768	0.06333	0.62921	0.00668	0.00668	0.00320	0.00332
34	0.02011	0.29912	0.02667	0.01811	0.09428	0.27123	0.01380	0.02224	0.01541	0.01706	0.01015	0.01278	0.00905	0.00735	0.00837	0.00189	0.13612	0.00458	0.00320	0.00848
35	0.01847	0.01496	0.05334	0.01323	0.01758	0.01505	0.01100	0.15293	0.34875	0.10293	0.06504	0.02934	0.10693	0.01009	0.00710	0.00223	0.00575	0.00828	0.00683	0.01017
36	0.08222	0.41366	0.04848	0.01355	0.01883	0.13569	0.01233	0.14546	0.01789	0.02248	0.01102	0.01240	0.00920	0.00668	0.00560	0.00173	0.02553	0.00434	0.00384	0.00907
37	0.01712	0.01777	0.05625	0.05957	0.63393	0.05258	0.02072	0.02125	0.01567	0.02190	0.01271	0.01663	0.01059	0.00618	0.00673	0.00203	0.00845	0.00597	0.00336	0.01057
38	0.02472	0.01279	0.01562	0.01270	0.01732	0.01272	0.01025	0.08425	0.22329	0.41207	0.07735	0.02548	0.02122	0.00910	0.00699	0.00217	0.00564	0.00748	0.00783	0.01102
39	0.01129	0.00831	0.01003	0.01043	0.01244	0.00816	0.00822	0.01592	0.11344	0.05003	0.06861	0.20433	0.22322	0.01701	0.00841	0.00264	0.00478	0.20929	0.00655	0.00687
40	0.10218	0.01512	0.01769	0.17346	0.08455	0.06488	0.01314	0.18147	0.04433	0.11521	0.02058	0.02196	0.07399	0.00974	0.03032	0.00242	0.00772	0.00668	0.00528	0.00926
41	0.01102	0.00787	0.01102	0.01260	0.01417	0.00787	0.01102	0.01417	0.01575	0.02047	0.03622	0.07717	0.03937	0.01890	0.00945	0.00315	0.00630	0.67084	0.00630	0.00630
42	0.00854	0.00646	0.00783	0.00868	0.00983	0.00584	0.00612	0.01011	0.01439	0.01852	0.09747	0.42084	0.26336	0.04622	0.00945	0.00274	0.00396	0.04760	0.00636	0.00568
43	0.13350	0.01206	0.01484	0.01170	0.01651	0.01139	0.00960	0.08704	0.01958	0.50131	0.09064	0.02375	0.01983	0.00870	0.00663	0.00211	0.00565	0.00692	0.00766	0.01056
44	0.01626	0.01696	0.05021	0.13817	0.05912	0.07567	0.01591	0.07184	0.01388	0.01928	0.01080	0.01580	0.00949	0.01093	0.03429	0.00283	0.42117	0.00589	0.00338	0.00811
45	0.02089	0.11798	0.02031	0.01437	0.01917	0.02011	0.01184	0.30504	0.33413	0.03289	0.02066	0.01981	0.01544	0.00838	0.00656	0.00209	0.00654	0.00653	0.00637	0.01088
46	0.00896	0.00643	0.00821	0.00940	0.01008	0.00608	0.00656	0.01029	0.01320	0.01732	0.03781	0.47926	0.10287	0.13969	0.01298	0.00341	0.00469	0.11132	0.00599	0.00546
47	0.01433	0.01577	0.07377	0.19714	0.12586	0.04698	0.07512	0.01786	0.01334	0.01832	0.01412	0.01978	0.03077	0.03521	0.08836	0.00344	0.19188	0.00657	0.00332	0.00806
48	0.01130	0.00615	0.00847	0.00847	0.00847	0.00615	0.00540	0.00923	0.00923	0.01230	0.01482	0.02807	0.01583	0.24707	0.02919	0.55989	0.00615	0.00716	0.00333	0.00333
49	0.01269	0.01180	0.01981	0.68879	0.04453	0.01471	0.01822	0.01709	0.01348	0.01736	0.01262	0.01888	0.00971	0.01014	0.06069	0.00293	0.00980	0.00617	0.00309	0.00749
50	0.01355	0.06757	0.07062	0.01536	0.10922	0.01124	0.01101	0.07780	0.01697	0.05348	0.17068	0.29291	0.03476	0.01367	0.00757	0.00230	0.00551	0.01207	0.00581	0.00788

[dist]
# distance from previous block
# <min> <max>
1	3

[block]
# block no. 3 follows, 31 sequences, length 16
# corresponding to MSA columns:
# 235-250
name=unknown_D
#
# <colnr> <probs for GDERKNQSTAVLIFYWHMCP>
#	G	D	E	R	K	N	Q	S	T	A	V	L	I	F	Y	W	H	M	C	P
0	0.01723	0.05608	0.02397	0.10108	0.14525	0.14358	0.11100	0.02208	0.08538	0.01996	0.01412	0.04326	0.01206	0.00806	0.00927	0.00218	0.12799	0.00649	0.00380	0.04717
1	0.01326	0.00981	0.01149	0.00951	0.01339	0.00830	0.00739	0.01705	0.06354	0.08276	0.16315	0.06732	0.18703	0.01092	0.00679	0.00180	0.00438	0.00923	0.00593	0.30693
2	0.01929	0.36200	0.13839	0.01462	0.02012	0.24901	0.01399	0.02233	0.01612	0.01797	0.05884	0.01473	0.01262	0.00690	0.00555	0.00172	0.00908	0.00472	0.00343	0.00856
3	0.01866	0.20330	0.30914	0.01891	0.09470	0.01780	0.04797	0.04376	0.01596	0.14623	0.01450	0.01568	0.01056	0.00667	0.00617	0.00198	0.00845	0.00532	0.00409	0.01015
4	0.00823	0.00674	0.00726	0.00754	0.00943	0.00578	0.00550	0.00995	0.01534	0.01884	0.10290	0.19866	0.54428	0.01792	0.00821	0.00239	0.00355	0.01528	0.00643	0.00578
5	0.00832	0.00662	0.00748	0.00794	0.00956	0.00577	0.00570	0.01003	0.01516	0.01904	0.12283	0.28757	0.43322	0.01833	0.00829	0.00245	0.00360	0.01586	0.00647	0.00577
6	0.01953	0.04955	0.01828	0.13186	0.05974	0.39619	0.01315	0.02185	0.01669	0.01739	0.01501	0.04440	0.01409	0.07032	0.00891	0.00239	0.00998	0.05940	0.02378	0.00751
7	0.48969	0.04230	0.01614	0.07820	0.14018	0.01653	0.01166	0.04350	0.01323	0.02701	0.01054	0.01319	0.00846	0.00678	0.00625	0.00215	0.05744	0.00457	0.00394	0.00823
8	0.80789	0.01323	0.01006	0.00900	0.01323	0.01535	0.00741	0.02011	0.01164	0.03070	0.00953	0.01111	0.00741	0.00635	0.00423	0.00212	0.00529	0.00370	0.00423	0.00741
9	0.01372	0.03539	0.72412	0.01950	0.02961	0.01589	0.02528	0.02167	0.01444	0.02167	0.01228	0.01444	0.00867	0.00650	0.00650	0.00217	0.01011	0.00506	0.00289	0.01011
10	0.01584	0.00976	0.01423	0.24744	0.02396	0.01047	0.01148	0.01945	0.03814	0.17979	0.04936	0.16029	0.02174	0.01433	0.07097	0.00303	0.00727	0.00920	0.08529	0.00795
11	0.15876	0.08514	0.05347	0.01428	0.06794	0.01405	0.01139	0.05603	0.05024	0.33763	0.01954	0.01917	0.01363	0.01057	0.05622	0.00267	0.00718	0.00592	0.00609	0.01009
12	0.02044	0.00946	0.01233	0.01044	0.01402	0.00833	0.00838	0.02296	0.01813	0.38561	0.15744	0.04121	0.15458	0.04077	0.00859	0.00242	0.00500	0.06341	0.00757	0.00893
13	0.01000	0.00761	0.01114	0.01064	0.01182	0.00821	0.04002	0.01185	0.01125	0.01563	0.02213	0.05817	0.05361	0.24063	0.44649	0.00868	0.01358	0.00884	0.00401	0.00569
14	0.01635	0.06666	0.22008	0.07403	0.38581	0.01658	0.05441	0.02143	0.01522	0.04672	0.01302	0.01627	0.01021	0.00631	0.00663	0.00207	0.00877	0.00579	0.00339	0.01027
15	0.02080	0.16120	0.12158	0.02015	0.12068	0.27415	0.03374	0.02399	0.01647	0.07628	0.01227	0.01428	0.00980	0.00704	0.00721	0.00193	0.06064	0.00501	0.00368	0.00911

[dist]
# distance from previous block
# <min> <max>
0	2

[block]
# block no. 4 follows, 31 sequences, length 20
# corresponding to MSA columns:
# 253-272
name=unknown_E
#
# <colnr> <probs for GDERKNQSTAVLIFYWHMCP>
#	G	D	E	R	K	N	Q	S	T	A	V	L	I	F	Y	W	H	M	C	P
0	0.16953	0.14206	0.06096	0.02407	0.27517	0.17962	0.01537	0.02221	0.01536	0.02162	0.01114	0.01368	0.00928	0.00634	0.00575	0.00190	0.00851	0.00481	0.00348	0.00915
1	0.01467	0.08828	0.38928	0.04889	0.19748	0.01637	0.05955	0.02057	0.01482	0.02105	0.01568	0.01819	0.05148	0.00696	0.00659	0.00209	0.00904	0.00596	0.00326	0.00978
2	0.01737	0.01874	0.16199	0.02207	0.17752	0.01459	0.08887	0.04103	0.13275	0.10185	0.04184	0.01961	0.01457	0.00714	0.00673	0.00202	0.00759	0.00643	0.00478	0.11249
3	0.80789	0.01323	0.01006	0.00900	0.01323	0.01535	0.00741	0.02011	0.01164	0.03070	0.00953	0.01111	0.00741	0.00635	0.00423	0.00212	0.00529	0.00370	0.00423	0.00741
4	0.00913	0.00661	0.00848	0.00890	0.00997	0.00634	0.00631	0.01107	0.01461	0.01999	0.22343	0.30190	0.12349	0.08441	0.10750	0.00394	0.00583	0.01412	0.02815	0.00581
5	0.00888	0.00710	0.00803	0.00819	0.01025	0.00625	0.00641	0.01113	0.01634	0.02052	0.18679	0.06491	0.47780	0.01695	0.00831	0.00242	0.00389	0.12325	0.00657	0.00599
6	0.01570	0.01468	0.02470	0.03682	0.59958	0.01465	0.01891	0.01943	0.01536	0.02176	0.01689	0.08961	0.01613	0.00846	0.00715	0.00218	0.00761	0.05649	0.00388	0.01001
7	0.02433	0.03076	0.02213	0.01909	0.02306	0.63870	0.10192	0.02661	0.01896	0.01742	0.01100	0.01314	0.00902	0.00688	0.00642	0.00183	0.01223	0.00489	0.00352	0.00810
8	0.00861	0.00627	0.00765	0.00862	0.00931	0.00581	0.00570	0.00967	0.01296	0.01683	0.04058	0.48310	0.16937	0.16609	0.01375	0.00345	0.00440	0.01662	0.00592	0.00532
9	0.01518	0.03285	0.57263	0.02147	0.07997	0.08218	0.05784	0.02215	0.01507	0.02127	0.01224	0.01464	0.00893	0.00648	0.00657	0.00213	0.01024	0.00523	0.00301	0.00992
10	0.00970	0.00789	0.01270	0.01233	0.01380	0.00740	0.10076	0.01181	0.01417	0.01903	0.08429	0.55264	0.04147	0.01855	0.00865	0.00269	0.00512	0.06478	0.00604	0.00618
11	0.09209	0.01652	0.03189	0.07476	0.03115	0.01621	0.47248	0.05866	0.01644	0.04870	0.01448	0.01826	0.01078	0.00627	0.00730	0.00222	0.00980	0.00726	0.05577	0.00897
12	0.01694	0.01612	0.02674	0.03964	0.65828	0.01632	0.02014	0.02228	0.07334	0.02288	0.01412	0.01765	0.01168	0.00636	0.00679	0.00206	0.00790	0.00623	0.00369	0.01084
13	0.02810	0.01175	0.01549	0.01219	0.01714	0.01065	0.00996	0.03265	0.09638	0.60887	0.06173	0.02494	0.01978	0.00884	0.00695	0.00214	0.00564	0.00725	0.00825	0.01129
14	0.01261	0.00980	0.01133	0.01033	0.01270	0.01022	0.00781	0.05920	0.20783	0.02720	0.40157	0.04218	0.07525	0.06990	0.00975	0.00254	0.00436	0.01063	0.00702	0.00776
15	0.00875	0.00715	0.00822	0.00829	0.00998	0.00661	0.00614	0.01062	0.01547	0.01969	0.16874	0.19996	0.43365	0.01732	0.00894	0.00241	0.04107	0.01467	0.00638	0.00593
16	0.01452	0.01276	0.01742	0.12417	0.02116	0.03356	0.06751	0.08514	0.03321	0.02145	0.07939	0.02489	0.01808	0.12725	0.05501	0.00337	0.13432	0.00726	0.02302	0.09648
17	0.62248	0.01379	0.01080	0.00967	0.01366	0.05523	0.00782	0.02160	0.05399	0.05338	0.01236	0.01367	0.00947	0.00678	0.00464	0.00207	0.00554	0.00432	0.07102	0.00770
18	0.01255	0.01038	0.01515	0.20032	0.07303	0.01211	0.01179	0.05472	0.01297	0.01776	0.01630	0.02697	0.01562	0.21488	0.20985	0.00577	0.07189	0.00742	0.00374	0.00677
19	0.01798	0.67623	0.03340	0.01175	0.01750	0.02545	0.01145	0.02125	0.05519	0.01720	0.01076	0.01203	0.00958	0.00601	0.00458	0.00149	0.00707	0.00392	0.00323	0.05393

[dist]
# distance from previous block
# <min> <max>
0	2

[block]
# block no. 5 follows, 31 sequences, length 43
# corresponding to MSA columns:
# 275-317
name=unknown_F
#
# <colnr> <probs for GDERKNQSTAVLIFYWHMCP>
#	G	D	E	R	K	N	Q	S	T	A	V	L	I	F	Y	W	H	M	C	P
0	0.01585	0.01568	0.01899	0.06835	0.28313	0.14116	0.01442	0.04373	0.01643	0.02091	0.06078	0.19092	0.02302	0.01107	0.00734	0.00224	0.00758	0.04538	0.00460	0.00843
1	0.07991	0.17172	0.04864	0.02354	0.23598	0.07459	0.09837	0.04353	0.01581	0.04496	0.01623	0.06215	0.04072	0.00766	0.00636	0.00200	0.00802	0.00666	0.00395	0.00921
2	0.48188	0.01586	0.04979	0.03802	0.01740	0.07687	0.03138	0.06068	0.01463	0.05125	0.01406	0.02019	0.01199	0.00804	0.00557	0.00222	0.00675	0.08092	0.00457	0.00792
3	0.01366	0.01261	0.01877	0.53393	0.03766	0.04390	0.01651	0.01756	0.01360	0.01832	0.01297	0.01850	0.01014	0.00761	0.00846	0.00226	0.09835	0.00604	0.10169	0.00745
4	0.01419	0.01216	0.01419	0.01013	0.01621	0.00912	0.00811	0.01723	0.01419	0.02229	0.01216	0.01419	0.01013	0.00507	0.00507	0.00101	0.00507	0.00405	0.00405	0.80139
5	0.00885	0.00677	0.00795	0.00810	0.00955	0.00620	0.00577	0.01066	0.01499	0.01951	0.20243	0.17235	0.31552	0.11659	0.06075	0.00351	0.00492	0.01373	0.00615	0.00570
6	0.00896	0.00692	0.00820	0.00810	0.00991	0.00615	0.00606	0.01142	0.01724	0.02280	0.37797	0.10939	0.33081	0.01605	0.00816	0.00229	0.00347	0.03305	0.00692	0.00610
7	0.00922	0.00648	0.00882	0.00961	0.01038	0.00642	0.00682	0.01061	0.01314	0.01784	0.10954	0.39220	0.06274	0.05633	0.15303	0.06736	0.00704	0.04126	0.00560	0.00555
8	0.01230	0.00751	0.00972	0.00885	0.01093	0.00686	0.00675	0.01541	0.01899	0.10982	0.57220	0.04689	0.07816	0.01311	0.00775	0.00212	0.00354	0.01146	0.05057	0.00705
9	0.01292	0.01216	0.02052	0.74312	0.04712	0.01520	0.01900	0.01748	0.01368	0.01748	0.01216	0.01824	0.00912	0.00684	0.00684	0.00228	0.00912	0.00608	0.00304	0.00760
10	0.01620	0.01188	0.01421	0.01034	0.01613	0.00914	0.00830	0.01920	0.01512	0.11564	0.04280	0.01691	0.01326	0.00588	0.00543	0.00121	0.00509	0.00477	0.00478	0.66371
11	0.01509	0.01442	0.02427	0.34310	0.38999	0.01606	0.01981	0.01923	0.01448	0.01993	0.01235	0.01739	0.01000	0.00674	0.00765	0.00219	0.04874	0.00608	0.00322	0.00926
12	0.00957	0.00719	0.01005	0.01237	0.07661	0.00703	0.00759	0.01103	0.01289	0.01750	0.05530	0.48771	0.03711	0.13592	0.07527	0.00399	0.00599	0.01542	0.00554	0.00592
13	0.01497	0.01497	0.02095	0.01796	0.01796	0.02095	0.01497	0.01646	0.01048	0.01646	0.00898	0.01497	0.00898	0.01197	0.02245	0.00299	0.74704	0.00599	0.00299	0.00748
14	0.01450	0.01376	0.01685	0.01501	0.01587	0.07231	0.01200	0.05234	0.01259	0.01763	0.01422	0.06474	0.01426	0.07597	0.17436	0.00484	0.39069	0.00728	0.00368	0.00708
15	0.02521	0.01698	0.01892	0.01440	0.01993	0.01776	0.01186	0.49443	0.02769	0.15279	0.01761	0.01726	0.01231	0.00784	0.00661	0.00193	0.00692	0.00600	0.00674	0.11681
16	0.02331	0.03960	0.02112	0.07560	0.08884	0.12042	0.01415	0.35157	0.02395	0.08926	0.01499	0.01634	0.01110	0.00801	0.00798	0.00210	0.07005	0.00588	0.00545	0.01029
17	0.01726	0.63027	0.10369	0.01257	0.01851	0.02442	0.01303	0.02011	0.01410	0.01701	0.01190	0.01654	0.01118	0.00695	0.00500	0.00167	0.00752	0.05637	0.00319	0.00872
18	0.01615	0.01845	0.04037	0.02884	0.03576	0.01730	0.69204	0.02191	0.01615	0.02191	0.01384	0.01845	0.01038	0.00577	0.00807	0.00231	0.01153	0.00807	0.00346	0.00923
19	0.01910	0.01589	0.01789	0.01719	0.08949	0.01792	0.01237	0.18777	0.47828	0.03136	0.02367	0.02254	0.01771	0.00871	0.00691	0.00223	0.00618	0.00720	0.00657	0.01102
20	0.01372	0.03539	0.72412	0.01950	0.02961	0.01589	0.02528	0.02167	0.01444	0.02167	0.01228	0.01444	0.00867	0.00650	0.00650	0.00217	0.01011	0.00506	0.00289	0.01011
21	0.01945	0.11323	0.24372	0.01921	0.05150	0.01616	0.16290	0.02538	0.05637	0.19982	0.01696	0.01788	0.01195	0.00691	0.00671	0.00210	0.00863	0.00620	0.00469	0.01022
22	0.01446	0.15247	0.61347	0.01825	0.02767	0.01769	0.02310	0.02148	0.01436	0.02077	0.01183	0.01389	0.00868	0.00640	0.00616	0.00205	0.00966	0.00483	0.00289	0.00990
23	0.00936	0.00710	0.00879	0.00964	0.01100	0.00673	0.00720	0.01219	0.05119	0.01977	0.10594	0.36132	0.20325	0.01866	0.00856	0.00266	0.00430	0.13974	0.00648	0.00611
24	0.01551	0.02700	0.40544	0.02592	0.19597	0.01661	0.11099	0.05680	0.01575	0.02282	0.01274	0.01570	0.00958	0.00658	0.00731	0.00217	0.03386	0.00579	0.00330	0.01016
25	0.01549	0.08384	0.15178	0.08701	0.38424	0.01656	0.03847	0.01992	0.01465	0.02066	0.01337	0.04128	0.01147	0.00876	0.03682	0.00246	0.03390	0.00625	0.00333	0.00974
26	0.01110	0.00809	0.01085	0.01048	0.01172	0.00906	0.00779	0.06537	0.01240	0.01737	0.01899	0.03058	0.01864	0.22702	0.49886	0.00919	0.01452	0.00790	0.00404	0.00605
27	0.02456	0.01372	0.01574	0.01241	0.01693	0.01408	0.01014	0.31743	0.02387	0.26700	0.02132	0.02080	0.01476	0.00824	0.00639	0.00197	0.00596	0.00645	0.18779	0.01044
28	0.00841	0.00621	0.00788	0.00901	0.00984	0.00567	0.00617	0.00988	0.01408	0.01853	0.10386	0.57606	0.15920	0.02007	0.00856	0.00264	0.00382	0.01797	0.00646	0.00567
29	0.00831	0.00605	0.00784	0.00926	0.00985	0.00558	0.00623	0.00956	0.01335	0.01757	0.04091	0.68520	0.11308	0.02102	0.00867	0.00273	0.00392	0.01894	0.00635	0.00558
30	0.00904	0.00697	0.00825	0.00793	0.00982	0.00618	0.00595	0.01166	0.01784	0.02380	0.45217	0.05708	0.32792	0.01534	0.00808	0.00222	0.00332	0.01321	0.00705	0.00618
31	0.00809	0.00693	0.00693	0.00693	0.00924	0.00578	0.00520	0.00982	0.01559	0.01848	0.06931	0.06584	0.71411	0.01733	0.00809	0.00231	0.00347	0.01444	0.00635	0.00578
32	0.01372	0.03539	0.72412	0.01950	0.02961	0.01589	0.02528	0.02167	0.01444	0.02167	0.01228	0.01444	0.00867	0.00650	0.00650	0.00217	0.01011	0.00506	0.00289	0.01011
33	0.01418	0.01491	0.02973	0.02231	0.02740	0.01419	0.45470	0.01992	0.07001	0.02180	0.05677	0.14563	0.05587	0.00966	0.00810	0.00238	0.00896	0.01048	0.00457	0.00843
34	0.02812	0.01398	0.01710	0.01331	0.01851	0.01375	0.01093	0.21303	0.08828	0.47135	0.02420	0.02164	0.01587	0.00848	0.00688	0.00212	0.00625	0.00677	0.00788	0.01156
35	0.01365	0.01291	0.02184	0.61502	0.16949	0.01539	0.01936	0.01812	0.01403	0.01837	0.01229	0.01800	0.00943	0.00670	0.00683	0.00223	0.00894	0.00608	0.00310	0.00819
36	0.00857	0.00612	0.00821	0.00979	0.01029	0.00576	0.00676	0.00993	0.01333	0.01773	0.03758	0.69594	0.04474	0.02121	0.00879	0.00281	0.00417	0.07630	0.00635	0.00562
37	0.00980	0.00665	0.00786	0.00798	0.00814	0.00674	0.00477	0.01015	0.01030	0.01386	0.02250	0.09892	0.02569	0.62958	0.10352	0.00677	0.00761	0.01043	0.00427	0.00446
38	0.00952	0.00670	0.00874	0.00987	0.01056	0.00650	0.00715	0.01107	0.01336	0.01773	0.06093	0.36941	0.03961	0.19322	0.01501	0.00376	0.00522	0.20030	0.00587	0.00547
39	0.01615	0.01553	0.02472	0.21812	0.47180	0.03560	0.01947	0.02148	0.06948	0.02145	0.01381	0.01782	0.01113	0.00656	0.00679	0.00211	0.00828	0.00617	0.00358	0.00993
40	0.01554	0.11887	0.45886	0.01816	0.05005	0.03682	0.02030	0.06057	0.08549	0.02264	0.01466	0.04242	0.01151	0.00735	0.00639	0.00210	0.00892	0.00577	0.00369	0.00991
41	0.12179	0.04309	0.01669	0.01247	0.01762	0.09562	0.03515	0.05736	0.06976	0.02396	0.01296	0.01465	0.01047	0.00626	0.00601	0.00154	0.03156	0.00465	0.00430	0.41411
42	0.01597	0.01178	0.01464	0.04209	0.01643	0.04125	0.02838	0.08791	0.07920	0.10613	0.23772	0.03064	0.03026	0.01686	0.11876	0.00355	0.07411	0.00849	0.02763	0.00819

[dist]
# distance from previous block
# <min> <max>
0	3

[block]
# block no. 6 follows, 31 sequences, length 92
# corresponding to MSA columns:
# 321-412
name=unknown_G
#
# <colnr> <probs for GDERKNQSTAVLIFYWHMCP>
#	G	D	E	R	K	N	Q	S	T	A	V	L	I	F	Y	W	H	M	C	P
0	0.02523	0.01215	0.01506	0.01211	0.01680	0.01156	0.00982	0.07688	0.14213	0.46699	0.03147	0.02829	0.10056	0.00965	0.00704	0.00217	0.00559	0.00789	0.00783	0.01080
1	0.01943	0.01589	0.01683	0.01441	0.01871	0.01814	0.01141	0.21282	0.52414	0.03251	0.02478	0.02308	0.01840	0.00899	0.00693	0.00225	0.00598	0.00731	0.00693	0.01105
2	0.00809	0.00693	0.00693	0.00693	0.00924	0.00578	0.00520	0.00982	0.01559	0.01848	0.06931	0.06584	0.71411	0.01733	0.00809	0.00231	0.00347	0.01444	0.00635	0.00578
3	0.00848	0.00611	0.00793	0.00921	0.00979	0.00568	0.00619	0.00979	0.01353	0.01800	0.08331	0.63295	0.08854	0.05367	0.00981	0.00288	0.00401	0.01824	0.00633	0.00557
4	0.00995	0.00663	0.00746	0.00746	0.00746	0.00663	0.00415	0.00995	0.00995	0.01327	0.02156	0.04477	0.02487	0.75957	0.03482	0.00663	0.00663	0.00995	0.00415	0.00415
5	0.01829	0.76368	0.03585	0.01171	0.01756	0.02707	0.01171	0.02049	0.01390	0.01610	0.00951	0.01097	0.00878	0.00585	0.00439	0.00146	0.00732	0.00366	0.00293	0.00878
6	0.00865	0.00618	0.00831	0.00989	0.01043	0.00583	0.00691	0.01008	0.01341	0.01782	0.03753	0.67454	0.04455	0.02113	0.00882	0.00282	0.00425	0.09685	0.00634	0.00565
7	0.05567	0.01797	0.01767	0.01501	0.01935	0.10093	0.02980	0.20580	0.40026	0.03094	0.02167	0.02079	0.01619	0.00852	0.00675	0.00218	0.00693	0.00677	0.00632	0.01051
8	0.55738	0.25132	0.01824	0.00986	0.01460	0.01907	0.00877	0.02023	0.01236	0.02606	0.00952	0.01107	0.00784	0.00619	0.00428	0.00191	0.00593	0.00369	0.00382	0.00784
9	0.00995	0.00663	0.00746	0.00746	0.00746	0.00663	0.00415	0.00995	0.00995	0.01327	0.02156	0.04477	0.02487	0.75957	0.03482	0.00663	0.00663	0.00995	0.00415	0.00415
10	0.02490	0.01861	0.01991	0.01552	0.02079	0.02070	0.01274	0.61293	0.11512	0.04133	0.01783	0.01755	0.01278	0.00834	0.00686	0.00209	0.00727	0.00635	0.00686	0.01154
11	0.01013	0.00724	0.01000	0.01158	0.01277	0.00711	0.00948	0.01263	0.01487	0.01948	0.03672	0.30179	0.04132	0.01974	0.00921	0.00303	0.00553	0.45502	0.00632	0.00605
12	0.02658	0.01825	0.01997	0.01531	0.02076	0.01986	0.01265	0.61391	0.03064	0.12544	0.01771	0.01726	0.01228	0.00824	0.00685	0.00206	0.00732	0.00625	0.00704	0.01164
13	0.02556	0.03261	0.01939	0.01763	0.02115	0.73210	0.01322	0.02732	0.01939	0.01674	0.01058	0.01234	0.00881	0.00705	0.00617	0.00176	0.01234	0.00441	0.00353	0.00793
14	0.01102	0.00787	0.01102	0.01260	0.01417	0.00787	0.01102	0.01417	0.01575	0.02047	0.03622	0.07717	0.03937	0.01890	0.00945	0.00315	0.00630	0.67084	0.00630	0.00630
15	0.01810	0.73299	0.06485	0.01203	0.01807	0.02660	0.01228	0.02054	0.01392	0.01633	0.00963	0.01112	0.00877	0.00588	0.00448	0.00149	0.00743	0.00372	0.00292	0.00884
16	0.00977	0.00733	0.01100	0.01100	0.01222	0.00855	0.00855	0.01222	0.01100	0.01588	0.01833	0.02688	0.01710	0.05131	0.73245	0.01100	0.01833	0.00733	0.00367	0.00611
17	0.11336	0.01379	0.01675	0.01339	0.01832	0.01403	0.03923	0.11521	0.18490	0.36240	0.02335	0.02139	0.01587	0.00828	0.00665	0.00217	0.00612	0.00669	0.00721	0.01087
18	0.01419	0.01216	0.01419	0.01013	0.01621	0.00912	0.00811	0.01723	0.01419	0.02229	0.01216	0.01419	0.01013	0.00507	0.00507	0.00101	0.00507	0.00405	0.00405	0.80139
19	0.00961	0.00699	0.00905	0.00853	0.01018	0.00642	0.00640	0.01277	0.01920	0.02703	0.68450	0.05176	0.09358	0.01414	0.00807	0.00216	0.00324	0.01246	0.00748	0.00642
20	0.01683	0.01654	0.02942	0.04027	0.62792	0.01639	0.10865	0.02112	0.01565	0.02229	0.01300	0.01713	0.01078	0.00605	0.00694	0.00207	0.00857	0.00635	0.00340	0.01063
21	0.01005	0.00702	0.00861	0.00853	0.00879	0.00746	0.00541	0.01063	0.01019	0.01392	0.02050	0.04004	0.02273	0.58452	0.18596	0.00748	0.03022	0.00927	0.00401	0.00467
22	0.00832	0.00600	0.00790	0.00941	0.00989	0.00557	0.00630	0.00954	0.01321	0.01751	0.03906	0.72558	0.07389	0.02126	0.00870	0.00276	0.00395	0.01923	0.00635	0.00557
23	0.00809	0.00693	0.00693	0.00693	0.00924	0.00578	0.00520	0.00982	0.01559	0.01848	0.06931	0.06584	0.71411	0.01733	0.00809	0.00231	0.00347	0.01444	0.00635	0.00578
24	0.02082	0.01738	0.01800	0.01636	0.06103	0.07475	0.01223	0.22428	0.38791	0.05866	0.02225	0.02125	0.01650	0.00857	0.00685	0.00217	0.00675	0.00688	0.00650	0.01086
25	0.01247	0.00641	0.00641	0.00641	0.00805	0.00634	0.00481	0.01557	0.01442	0.02508	0.02514	0.02793	0.05938	0.00853	0.00498	0.00164	0.00320	0.00686	0.75001	0.00634
26	0.00995	0.00663	0.00746	0.00746	0.00746	0.00663	0.00415	0.00995	0.00995	0.01327	0.02156	0.04477	0.02487	0.75957	0.03482	0.00663	0.00663	0.00995	0.00415	0.00415
27	0.01372	0.03539	0.72412	0.01950	0.02961	0.01589	0.02528	0.02167	0.01444	0.02167	0.01228	0.01444	0.00867	0.00650	0.00650	0.00217	0.01011	0.00506	0.00289	0.01011
28	0.03070	0.01164	0.01588	0.01217	0.01746	0.01006	0.01006	0.03334	0.01958	0.72163	0.02699	0.02329	0.01694	0.00847	0.00688	0.00212	0.00582	0.00688	0.00847	0.01164
29	0.01500	0.01507	0.02153	0.01828	0.01849	0.02085	0.03505	0.01663	0.01065	0.01663	0.00912	0.01507	0.00902	0.01179	0.02203	0.00297	0.72523	0.00605	0.00301	0.00754
30	0.00977	0.00733	0.01100	0.01100	0.01222	0.00855	0.00855	0.01222	0.01100	0.01588	0.01833	0.02688	0.01710	0.05131	0.73245	0.01100	0.01833	0.00733	0.00367	0.00611
31	0.01419	0.01216	0.01419	0.01013	0.01621	0.00912	0.00811	0.01723	0.01419	0.02229	0.01216	0.01419	0.01013	0.00507	0.00507	0.00101	0.00507	0.00405	0.00405	0.80139
32	0.01372	0.03539	0.72412	0.01950	0.02961	0.01589	0.02528	0.02167	0.01444	0.02167	0.01228	0.01444	0.00867	0.00650	0.00650	0.00217	0.01011	0.00506	0.00289	0.01011
33	0.01888	0.01297	0.01337	0.01118	0.01454	0.03681	0.00894	0.31731	0.02223	0.03246	0.01908	0.02112	0.01460	0.01065	0.04946	0.00237	0.00632	0.00627	0.37269	0.00875
34	0.00834	0.00595	0.00794	0.00953	0.00992	0.00556	0.00635	0.00953	0.01310	0.01746	0.03771	0.75510	0.04525	0.02143	0.00873	0.00278	0.00397	0.01945	0.00635	0.00556
35	0.69070	0.01359	0.01159	0.01094	0.04343	0.01558	0.00843	0.06880	0.01328	0.03074	0.01047	0.01228	0.00819	0.00800	0.02927	0.00241	0.00602	0.00411	0.00437	0.00782
36	0.01655	0.01562	0.02115	0.02196	0.16254	0.06133	0.01527	0.01875	0.01270	0.04847	0.01149	0.01623	0.01023	0.01006	0.01645	0.00260	0.47139	0.00598	0.05294	0.00832
37	0.00871	0.00622	0.00837	0.00995	0.01052	0.00588	0.00700	0.01017	0.01347	0.01788	0.03750	0.66063	0.04443	0.02108	0.00883	0.00283	0.00429	0.11022	0.00634	0.00566
38	0.00941	0.00654	0.00765	0.00800	0.00835	0.00638	0.00490	0.00993	0.01122	0.01479	0.02957	0.20321	0.09490	0.49894	0.05261	0.00553	0.00618	0.01238	0.00483	0.00469
39	0.00822	0.00694	0.00711	0.00707	0.00932	0.00583	0.00530	0.01007	0.01590	0.01921	0.12170	0.06464	0.66127	0.01705	0.00808	0.00230	0.00345	0.01427	0.00645	0.00583
40	0.01497	0.01497	0.02095	0.01796	0.01796	0.02095	0.01497	0.01646	0.01048	0.01646	0.00898	0.01497	0.00898	0.01197	0.02245	0.00299	0.74704	0.00599	0.00299	0.00748
41	0.01799	0.01826	0.02674	0.03901	0.63166	0.10395	0.02004	0.02177	0.01604	0.02166	0.01259	0.01637	0.01059	0.00621	0.00670	0.00200	0.00864	0.00589	0.00340	0.01048
