[name]
unknown

[dist]
# distance from previous block
# <min> <max>
0	9

[block]
# block no. 0 follows, 33 sequences, length 116
# corresponding to MSA columns:
# 9-124
name=unknown_A
#
# <colnr> <probs for GDERKNQSTAVLIFYWHMCP>
#	G	D	E	R	K	N	Q	S	T	A	V	L	I	F	Y	W	H	M	C	P
0	0.04222	0.04895	0.01525	0.01160	0.01614	0.06942	0.00946	0.07405	0.06954	0.21980	0.05727	0.02440	0.03581	0.00829	0.00620	0.00179	0.00590	0.05679	0.00580	0.22133
1	0.01973	0.06400	0.23024	0.05105	0.10633	0.07056	0.01644	0.17365	0.01903	0.13827	0.03773	0.01692	0.01226	0.00713	0.00634	0.00198	0.00805	0.00565	0.00473	0.00992
2	0.00825	0.00676	0.00753	0.00756	0.00956	0.00605	0.00577	0.01018	0.01473	0.01826	0.11378	0.05772	0.54618	0.02077	0.10444	0.00334	0.00532	0.04224	0.00587	0.00568
3	0.01760	0.77260	0.03450	0.01126	0.01690	0.02605	0.01126	0.01971	0.01338	0.01549	0.00915	0.01056	0.00845	0.00563	0.00422	0.00141	0.00704	0.00352	0.00282	0.00845
4	0.00862	0.00670	0.00783	0.00755	0.00941	0.00591	0.00566	0.01107	0.01699	0.02249	0.42582	0.05561	0.36284	0.01492	0.00777	0.00214	0.00321	0.01281	0.00673	0.00591
5	0.01837	0.69052	0.03274	0.01190	0.01728	0.10535	0.01143	0.02044	0.01396	0.01556	0.00927	0.01071	0.00845	0.00576	0.00441	0.00144	0.00758	0.00360	0.00288	0.00836
6	0.11864	0.03125	0.63923	0.01743	0.02642	0.01522	0.02206	0.02065	0.01354	0.02199	0.01147	0.01348	0.00818	0.00624	0.00597	0.00208	0.00912	0.00469	0.00295	0.00939
7	0.02954	0.01120	0.01528	0.01171	0.01681	0.00968	0.00968	0.03208	0.01884	0.73213	0.02597	0.02241	0.01630	0.00815	0.00662	0.00204	0.00560	0.00662	0.00815	0.01120
8	0.01760	0.77260	0.03450	0.01126	0.01690	0.02605	0.01126	0.01971	0.01338	0.01549	0.00915	0.01056	0.00845	0.00563	0.00422	0.00141	0.00704	0.00352	0.00282	0.00845
9	0.00873	0.00671	0.00799	0.00767	0.00948	0.00596	0.00575	0.01129	0.01726	0.02313	0.47475	0.05455	0.31350	0.01468	0.00777	0.00213	0.00319	0.01266	0.00682	0.00596
10	0.00812	0.00594	0.00756	0.00873	0.00937	0.00552	0.00588	0.00930	0.01269	0.01664	0.03901	0.60071	0.13627	0.06834	0.03019	0.00306	0.00430	0.01714	0.00591	0.00530
11	0.00902	0.00672	0.00839	0.00797	0.00965	0.00608	0.00598	0.01185	0.01793	0.02473	0.59668	0.05192	0.19058	0.01408	0.00777	0.00210	0.00315	0.01229	0.00703	0.00608
12	0.00834	0.00598	0.00807	0.00926	0.00974	0.00587	0.00630	0.00960	0.01209	0.01630	0.03234	0.60113	0.03800	0.07421	0.12527	0.00416	0.00616	0.01629	0.00557	0.00534
13	0.02119	0.01636	0.01896	0.11864	0.05431	0.01834	0.01306	0.46794	0.11225	0.03428	0.01665	0.01824	0.01244	0.03794	0.00766	0.00221	0.00720	0.00625	0.00584	0.01024
14	0.01650	0.19769	0.08215	0.06567	0.05398	0.04224	0.36972	0.05653	0.01566	0.02042	0.01213	0.01543	0.00947	0.00585	0.00659	0.00198	0.00961	0.00617	0.00332	0.00888
15	0.47774	0.03813	0.04134	0.01630	0.14618	0.10527	0.01124	0.05648	0.01402	0.02632	0.01033	0.01225	0.00820	0.00623	0.00497	0.00196	0.00677	0.00424	0.00389	0.00814
16	0.00811	0.00579	0.00774	0.00927	0.00969	0.00543	0.00627	0.00933	0.01269	0.01691	0.03623	0.73978	0.04334	0.02054	0.00843	0.00269	0.00390	0.04237	0.00611	0.00537
17	0.01500	0.12356	0.34012	0.02517	0.22258	0.01701	0.12421	0.02056	0.01438	0.02036	0.01185	0.01471	0.00918	0.00596	0.00629	0.00198	0.00905	0.00541	0.00300	0.00963
18	0.01628	0.01635	0.02705	0.10359	0.54744	0.05372	0.09853	0.02031	0.01508	0.02074	0.01231	0.01635	0.01012	0.00594	0.00664	0.00199	0.00850	0.00600	0.00324	0.00981
19	0.01488	0.00969	0.01144	0.01038	0.01286	0.00989	0.00782	0.08644	0.15292	0.12377	0.17933	0.17620	0.05261	0.08464	0.00976	0.00260	0.00473	0.01070	0.03153	0.00782
20	0.06530	0.10498	0.02044	0.01481	0.01952	0.21251	0.01209	0.39551	0.04265	0.03087	0.01351	0.01414	0.01019	0.00729	0.00602	0.00185	0.00829	0.00513	0.00519	0.00971
21	0.01498	0.01661	0.12390	0.26578	0.23597	0.01506	0.07659	0.04083	0.01465	0.05016	0.01356	0.04414	0.01096	0.00708	0.00735	0.00215	0.04145	0.00638	0.00349	0.00890
22	0.00809	0.00588	0.00763	0.00888	0.00951	0.00543	0.00602	0.00942	0.01324	0.01757	0.08732	0.65206	0.10512	0.01977	0.00830	0.00259	0.00373	0.01781	0.00619	0.00543
23	0.01747	0.01363	0.01483	0.01292	0.01660	0.01534	0.01014	0.14395	0.46006	0.06602	0.02542	0.02513	0.04335	0.03990	0.06215	0.00295	0.00647	0.00742	0.00640	0.00985
24	0.05559	0.01224	0.01422	0.05921	0.01639	0.07689	0.04037	0.06518	0.06320	0.01960	0.03606	0.13982	0.02098	0.13463	0.08136	0.00377	0.10243	0.04668	0.00455	0.00683
25	0.04965	0.17872	0.24779	0.05181	0.05739	0.04005	0.20143	0.02029	0.01427	0.02007	0.01203	0.01487	0.00932	0.00602	0.00608	0.00194	0.00893	0.00544	0.04512	0.00879
26	0.00810	0.00674	0.00711	0.00719	0.00931	0.00575	0.00550	0.00997	0.01527	0.01854	0.11100	0.06316	0.62702	0.01656	0.00788	0.00227	0.00352	0.06328	0.00619	0.00564
27	0.02308	0.05219	0.05670	0.01713	0.03894	0.56370	0.01332	0.07645	0.06296	0.01908	0.01175	0.01314	0.00946	0.00691	0.00601	0.00177	0.01074	0.00462	0.00378	0.00828
28	0.06541	0.05542	0.07720	0.02987	0.44463	0.01485	0.06397	0.01914	0.01514	0.02231	0.11226	0.02019	0.01721	0.00695	0.00648	0.00198	0.00731	0.00650	0.00382	0.00936
29	0.02503	0.01844	0.01976	0.01515	0.02042	0.02042	0.01251	0.70562	0.03095	0.04149	0.01581	0.01581	0.01120	0.00790	0.00659	0.00198	0.00724	0.00593	0.00659	0.01120
30	0.00802	0.00573	0.00764	0.00917	0.00955	0.00535	0.00611	0.00917	0.01260	0.01681	0.03628	0.76434	0.04354	0.02062	0.00840	0.00267	0.00382	0.01872	0.00611	0.00535
31	0.04675	0.01644	0.05251	0.13926	0.24225	0.03523	0.05141	0.19763	0.05571	0.05474	0.03444	0.01763	0.01229	0.00700	0.00655	0.00203	0.00772	0.00609	0.00457	0.00975
32	0.05429	0.01846	0.02389	0.04834	0.38873	0.13189	0.05749	0.13457	0.01790	0.02402	0.01240	0.01533	0.00998	0.00651	0.00680	0.00197	0.02824	0.00563	0.00385	0.00971
33	0.00784	0.00667	0.00675	0.00673	0.00893	0.00558	0.00505	0.00956	0.01514	0.01810	0.09085	0.06284	0.70055	0.01655	0.00778	0.00222	0.00333	0.01382	0.00615	0.00558
34	0.13786	0.01356	0.01521	0.01234	0.01679	0.01419	0.01012	0.24647	0.08784	0.25548	0.06730	0.02329	0.01787	0.00873	0.00645	0.00209	0.00588	0.04187	0.00675	0.00994
35	0.01723	0.03609	0.04602	0.12440	0.14531	0.01522	0.07496	0.15233	0.10880	0.07473	0.03547	0.03678	0.01478	0.03997	0.04635	0.00269	0.00793	0.00685	0.00483	0.00925
36	0.01655	0.01413	0.01493	0.01334	0.01707	0.01628	0.01040	0.06281	0.66825	0.02810	0.04474	0.02484	0.02083	0.00901	0.00672	0.00222	0.00524	0.00750	0.00671	0.01034
37	0.02053	0.01621	0.01722	0.01424	0.01870	0.01831	0.01142	0.35694	0.38696	0.03424	0.02152	0.02036	0.01582	0.00844	0.00664	0.00211	0.00619	0.00672	0.00664	0.01079
38	0.10249	0.06139	0.01804	0.01361	0.01830	0.14225	0.01111	0.32986	0.02300	0.15816	0.01782	0.01756	0.04179	0.00782	0.00615	0.00192	0.00735	0.00573	0.00583	0.00978
39	0.01616	0.01844	0.05882	0.02597	0.13187	0.07349	0.37767	0.02157	0.06273	0.02046	0.01314	0.01692	0.01037	0.00679	0.00925	0.00223	0.11495	0.00679	0.00347	0.00891
40	0.02509	0.01661	0.01831	0.01411	0.01916	0.01792	0.01164	0.55956	0.02808	0.15330	0.01776	0.01734	0.01233	0.00793	0.00649	0.00196	0.00676	0.00605	0.04867	0.01093
41	0.04652	0.01902	0.01892	0.01496	0.01988	0.08372	0.01218	0.56292	0.09383	0.03759	0.01616	0.01614	0.01168	0.00785	0.00647	0.00198	0.00740	0.00585	0.00624	0.01069
42	0.01591	0.07344	0.11165	0.16930	0.18533	0.03274	0.23717	0.02062	0.01485	0.05703	0.01291	0.01653	0.00984	0.00607	0.00672	0.00206	0.00920	0.00618	0.00339	0.00907
43	0.00890	0.00643	0.00824	0.00940	0.01010	0.00614	0.00641	0.04570	0.01364	0.01813	0.03619	0.70246	0.06383	0.01983	0.00829	0.00262	0.00398	0.01789	0.00614	0.00566
44	0.00949	0.00635	0.00720	0.00728	0.00730	0.00633	0.00410	0.00955	0.00973	0.01298	0.02156	0.08091	0.02496	0.72941	0.03219	0.00619	0.00625	0.01005	0.00410	0.00406
45	0.05028	0.01351	0.01632	0.05324	0.04897	0.01479	0.03638	0.04857	0.43086	0.15330	0.04539	0.02319	0.01859	0.00841	0.00664	0.00216	0.00578	0.00710	0.00640	0.01010
46	0.01365	0.01170	0.01365	0.00975	0.01560	0.00878	0.00780	0.01658	0.01365	0.02145	0.01170	0.01365	0.00975	0.00488	0.00488	0.00098	0.00488	0.00390	0.00390	0.80888
47	0.00868	0.00729	0.00736	0.00711	0.00950	0.00634	0.00540	0.04596	0.01584	0.01903	0.06402	0.06086	0.68747	0.01621	0.00772	0.00221	0.00354	0.01348	0.00614	0.00585
48	0.00836	0.00627	0.00780	0.00867	0.00978	0.00571	0.00623	0.01006	0.01424	0.01856	0.13331	0.42851	0.22235	0.01845	0.00822	0.00251	0.00380	0.07536	0.00625	0.00558
49	0.02115	0.01959	0.12826	0.01844	0.09960	0.05479	0.04423	0.27745	0.12342	0.12001	0.01732	0.01757	0.01243	0.00745	0.00657	0.00203	0.00759	0.00606	0.00555	0.01049
50	0.01687	0.01349	0.01984	0.42895	0.11211	0.01549	0.01621	0.14627	0.06137	0.08315	0.01469	0.01794	0.01075	0.00703	0.00659	0.00212	0.00789	0.00603	0.00432	0.00890
51	0.02461	0.03070	0.01871	0.01686	0.02036	0.70441	0.01271	0.06187	0.01930	0.01744	0.01047	0.01208	0.00862	0.00684	0.00597	0.00171	0.01163	0.00433	0.00356	0.00782
52	0.02125	0.02416	0.01922	0.01670	0.02032	0.45795	0.08817	0.02570	0.11417	0.05580	0.01596	0.08139	0.01376	0.00824	0.00650	0.00193	0.00982	0.00648	0.00433	0.00814
53	0.01156	0.01157	0.06443	0.20200	0.06116	0.01079	0.08931	0.01541	0.01515	0.02053	0.17861	0.10450	0.02998	0.01157	0.00763	0.00236	0.00677	0.14467	0.00487	0.00713
54	0.00802	0.00573	0.00764	0.00917	0.00955	0.00535	0.00611	0.00917	0.01260	0.01681	0.03628	0.76434	0.04354	0.02062	0.00840	0.00267	0.00382	0.01872	0.00611	0.00535
55	0.12483	0.01675	0.01583	0.01499	0.07505	0.14815	0.01087	0.14749	0.14942	0.10212	0.05554	0.02223	0.07186	0.00849	0.00631	0.00201	0.00679	0.00659	0.00558	0.00910
56	0.01302	0.01091	0.01184	0.01087	0.01378	0.01184	0.00836	0.02462	0.41236	0.02540	0.20438	0.03795	0.16451	0.01151	0.00716	0.00219	0.00434	0.00976	0.00672	0.00847
57	0.00819	0.00585	0.00783	0.00936	0.00982	0.00549	0.00641	0.00946	0.01277	0.01700	0.03619	0.71894	0.04317	0.02046	0.00845	0.00270	0.00397	0.06244	0.00611	0.00539
58	0.01565	0.01745	0.03705	0.02962	0.13679	0.01650	0.60271	0.02096	0.01546	0.02115	0.01318	0.01754	0.01005	0.00560	0.00758	0.00218	0.01061	0.00749	0.00332	0.00911
59	0.01284	0.01208	0.02068	0.52603	0.14898	0.01417	0.04771	0.01698	0.01327	0.01758	0.01254	0.01828	0.00994	0.01116	0.08812	0.00309	0.00971	0.00607	0.00306	0.00772
60	0.02459	0.03138	0.01866	0.01696	0.02035	0.74221	0.01272	0.02629	0.01866	0.01611	0.01018	0.01187	0.00848	0.00678	0.00594	0.00170	0.01187	0.00424	0.00339	0.00763
61	0.00778	0.00667	0.00667	0.00667	0.00889	0.00556	0.00500	0.00945	0.01501	0.01778	0.06669	0.06336	0.72490	0.01667	0.00778	0.00222	0.00333	0.01389	0.00611	0.00556
62	0.01338	0.06343	0.70668	0.01847	0.02803	0.01572	0.02380	0.02080	0.01388	0.02064	0.01171	0.01377	0.00834	0.00623	0.00617	0.00206	0.00962	0.00481	0.00278	0.00968
63	0.06610	0.01796	0.01902	0.01473	0.01987	0.01995	0.01214	0.64121	0.05893	0.04027	0.01592	0.01591	0.01136	0.00785	0.00646	0.00199	0.00705	0.00587	0.00646	0.01095
64	0.02024	0.01522	0.01651	0.01362	0.01790	0.01689	0.01092	0.32939	0.31350	0.06990	0.08535	0.02282	0.01979	0.00885	0.00674	0.00209	0.00594	0.00714	0.00677	0.01042
65	0.00810	0.00584	0.00753	0.00885	0.00935	0.00543	0.00589	0.00921	0.01260	0.01663	0.03770	0.66383	0.09585	0.06743	0.00994	0.00287	0.00394	0.01776	0.00598	0.00528
66	0.02185	0.20668	0.09069	0.01579	0.02031	0.50374	0.01348	0.02422	0.01696	0.01642	0.01009	0.01176	0.00846	0.00646	0.00556	0.00167	0.01053	0.00413	0.00320	0.00802
67	0.02580	0.01720	0.01899	0.01456	0.01980	0.01858	0.01203	0.59034	0.02888	0.15970	0.01755	0.01694	0.01207	0.00794	0.00659	0.00199	0.00696	0.00605	0.00685	0.01120
68	0.00912	0.00672	0.00852	0.00807	0.00971	0.00613	0.00605	0.01203	0.01816	0.02527	0.63767	0.05104	0.14926	0.01388	0.00777	0.00209	0.00314	0.01217	0.00710	0.00613
69	0.02755	0.01440	0.01725	0.01323	0.01840	0.01441	0.01093	0.32920	0.02418	0.42747	0.02149	0.01950	0.01405	0.00804	0.00661	0.00201	0.00633	0.00631	0.00746	0.01120
70	0.02503	0.01844	0.01976	0.01515	0.02042	0.02042	0.01251	0.70562	0.03095	0.04149	0.01581	0.01581	0.01120	0.00790	0.00659	0.00198	0.00724	0.00593	0.00659	0.01120
71	0.00881	0.00671	0.00809	0.00775	0.00952	0.00599	0.00581	0.01144	0.01743	0.02354	0.50614	0.05388	0.28186	0.01452	0.00777	0.00212	0.00318	0.01256	0.00687	0.00599
72	0.01629	0.01564	0.02672	0.04041	0.72757	0.01564	0.02020	0.02020	0.01499	0.02151	0.01238	0.01629	0.01043	0.00587	0.00652	0.00196	0.00782	0.00587	0.00326	0.01043
73	0.01743	0.74329	0.06227	0.01156	0.01736	0.02562	0.01178	0.01976	0.01340	0.01570	0.00926	0.01069	0.00844	0.00566	0.00430	0.00143	0.00715	0.00357	0.00281	0.00850
74	0.00809	0.00578	0.00770	0.00912	0.00956	0.00539	0.00612	0.00934	0.01292	0.01731	0.07231	0.72689	0.04451	0.02025	0.00837	0.00264	0.00378	0.01836	0.00617	0.00539
75	0.02954	0.01120	0.01528	0.01171	0.01681	0.00968	0.00968	0.03208	0.01884	0.73213	0.02597	0.02241	0.01630	0.00815	0.00662	0.00204	0.00560	0.00662	0.00815	0.01120
76	0.02386	0.02783	0.01876	0.01705	0.03867	0.56524	0.01272	0.12708	0.06966	0.02081	0.01224	0.01347	0.00975	0.00708	0.00610	0.00178	0.01061	0.00476	0.00409	0.00843
77	0.01511	0.35436	0.43093	0.01551	0.02346	0.01996	0.01866	0.02036	0.01367	0.01852	0.01066	0.01245	0.00839	0.00598	0.00537	0.00179	0.00856	0.00428	0.00280	0.00917
78	0.02954	0.01120	0.01528	0.01171	0.01681	0.00968	0.00968	0.03208	0.01884	0.73213	0.02597	0.02241	0.01630	0.00815	0.00662	0.00204	0.00560	0.00662	0.00815	0.01120
79	0.02503	0.01844	0.01976	0.01515	0.02042	0.02042	0.01251	0.70562	0.03095	0.04149	0.01581	0.01581	0.01120	0.00790	0.00659	0.00198	0.00724	0.00593	0.00659	0.01120
80	0.01597	0.01531	0.02614	0.09987	0.67063	0.01556	0.02004	0.01992	0.01484	0.02112	0.01233	0.01640	0.01029	0.00593	0.00652	0.00198	0.00790	0.00586	0.00323	0.01017
81	0.01231	0.01133	0.01616	0.01448	0.01497	0.01517	0.01182	0.01413	0.01029	0.01561	0.01240	0.01920	0.01191	0.02736	0.32317	0.00610	0.44749	0.00630	0.00315	0.00665
82	0.01320	0.03405	0.73453	0.01876	0.02849	0.01529	0.02432	0.02085	0.01390	0.02085	0.01181	0.01390	0.00834	0.00625	0.00625	0.00208	0.00973	0.00486	0.00278	0.00973
83	0.00849	0.00677	0.00769	0.00800	0.00978	0.00605	0.00602	0.01078	0.03106	0.01916	0.14413	0.18352	0.43651	0.01691	0.00799	0.00236	0.00370	0.07905	0.00627	0.00577
84	0.00830	0.00665	0.00743	0.00746	0.00935	0.00578	0.00559	0.01035	0.01578	0.02002	0.23407	0.10970	0.48015	0.01617	0.00787	0.00224	0.00341	0.03754	0.00641	0.00573
85	0.00802	0.00573	0.00764	0.00917	0.00955	0.00535	0.00611	0.00917	0.01260	0.01681	0.03628	0.76434	0.04354	0.02062	0.00840	0.00267	0.00382	0.01872	0.00611	0.00535
86	0.01535	0.01950	0.20552	0.13870	0.04920	0.01566	0.11283	0.10784	0.17120	0.02408	0.01852	0.03553	0.04084	0.00771	0.00677	0.00215	0.00802	0.00682	0.00444	0.00931
87	0.01585	0.01647	0.03189	0.05448	0.40215	0.01606	0.32243	0.02050	0.01518	0.02119	0.01278	0.01698	0.01019	0.00575	0.00707	0.00208	0.00930	0.00671	0.00328	0.00966
88	0.48588	0.07925	0.06047	0.03272	0.07912	0.01619	0.01062	0.09351	0.01418	0.02770	0.01051	0.01224	0.00820	0.00621	0.00481	0.00193	0.00611	0.00418	0.00405	0.04212
89	0.00804	0.00660	0.00692	0.00698	0.00886	0.00570	0.00507	0.00959	0.01439	0.01748	0.08030	0.09694	0.58841	0.08702	0.02608	0.00281	0.00394	0.01354	0.00590	0.00543
90	0.08556	0.05221	0.10148	0.09401	0.11922	0.10304	0.02926	0.14214	0.04014	0.11922	0.01432	0.01586	0.01058	0.00708	0.00678	0.00201	0.03766	0.00546	0.00456	0.00941
91	0.01585	0.02252	0.24232	0.02761	0.24490	0.04682	0.21329	0.04856	0.03397	0.02192	0.01290	0.01600	0.00988	0.00609	0.00677	0.00207	0.00940	0.00608	0.00336	0.00969
92	0.00978	0.00688	0.00868	0.00832	0.01008	0.00625	0.00632	0.01252	0.01756	0.05003	0.51637	0.08046	0.18183	0.01437	0.00781	0.00217	0.00341	0.04395	0.00697	0.00623
93	0.81514	0.01273	0.00968	0.00866	0.01273	0.01477	0.00713	0.01935	0.01120	0.02954	0.00917	0.01069	0.00713	0.00611	0.00407	0.00204	0.00509	0.00356	0.00407	0.00713
94	0.00800	0.00579	0.00757	0.00900	0.00950	0.00536	0.00604	0.00919	0.01276	0.01687	0.03831	0.71765	0.08893	0.02036	0.00836	0.00264	0.00379	0.01839	0.00611	0.00536
95	0.01554	0.01488	0.02536	0.17894	0.59490	0.01544	0.01983	0.01955	0.01463	0.02060	0.01225	0.01654	0.01011	0.00600	0.00653	0.00200	0.00801	0.00586	0.00319	0.00982
96	0.01684	0.01609	0.02628	0.02242	0.12860	0.06254	0.28112	0.02071	0.01509	0.07791	0.01327	0.01628	0.01031	0.00612	0.00758	0.00187	0.05878	0.00606	0.00382	0.20830
97	0.00945	0.00688	0.00970	0.00970	0.01058	0.00775	0.00713	0.01119	0.01032	0.01463	0.01844	0.03031	0.01839	0.23497	0.55959	0.00950	0.01473	0.00770	0.00365	0.00539
98	0.00995	0.00856	0.00875	0.00837	0.01097	0.00829	0.00637	0.01591	0.19227	0.02025	0.05660	0.05354	0.54659	0.01471	0.00751	0.00223	0.00381	0.01226	0.00626	0.00679
99	0.01644	0.01765	0.02950	0.06893	0.31312	0.09606	0.28672	0.02074	0.01566	0.02069	0.04078	0.01775	0.01201	0.00618	0.00700	0.00205	0.00942	0.00667	0.00344	0.00918
100	0.02108	0.01120	0.04186	0.01128	0.01529	0.00982	0.00934	0.02617	0.12026	0.39891	0.16012	0.07803	0.04664	0.01026	0.00699	0.00212	0.00505	0.00868	0.00736	0.00953
101	0.00810	0.00660	0.00720	0.00746	0.00934	0.00570	0.00558	0.00989	0.01498	0.01845	0.11325	0.15753	0.53951	0.01704	0.00794	0.00232	0.00354	0.05376	0.00620	0.00561
102	0.01348	0.01267	0.01801	0.04738	0.01708	0.01726	0.01309	0.01477	0.01014	0.01543	0.01006	0.01636	0.00980	0.01671	0.10496	0.07500	0.57227	0.00591	0.00296	0.00667
103	0.01595	0.01529	0.02610	0.10355	0.66711	0.01555	0.02003	0.01990	0.01483	0.02109	0.01232	0.01641	0.01028	0.00593	0.00652	0.00198	0.00791	0.00586	0.00323	0.01015
104	0.00823	0.00601	0.00774	0.00873	0.00953	0.00553	0.00601	0.00978	0.01395	0.01863	0.16270	0.55878	0.12231	0.01891	0.00822	0.00252	0.00364	0.01696	0.00631	0.00553
105	0.01654	0.58706	0.11467	0.07844	0.02151	0.02338	0.04319	0.01965	0.01351	0.01647	0.00987	0.01188	0.00853	0.00578	0.00482	0.00159	0.00768	0.00407	0.00284	0.00852
106	0.01822	0.70703	0.03310	0.01177	0.01720	0.08940	0.01139	0.02029	0.01384	0.01554	0.00924	0.01068	0.00845	0.00573	0.00438	0.00143	0.00747	0.00358	0.00287	0.00838
107	0.00936	0.00718	0.00887	0.00971	0.01154	0.00668	0.00813	0.01179	0.01509	0.01885	0.04894	0.06944	0.34174	0.01752	0.00851	0.00267	0.00486	0.38721	0.00608	0.00584
108	0.01135	0.00847	0.01322	0.01247	0.01440	0.00817	0.09904	0.01447	0.05069	0.06621	0.05013	0.42696	0.03469	0.01778	0.03740	0.00290	0.00583	0.11338	0.00583	0.00662
109	0.01505	0.35362	0.37109	0.01551	0.02296	0.01972	0.04497	0.01997	0.01359	0.01829	0.01097	0.01311	0.00880	0.00781	0.03711	0.00216	0.00895	0.00449	0.00285	0.00897
110	0.01875	0.59284	0.03063	0.01201	0.01739	0.02423	0.01139	0.15527	0.01675	0.02063	0.01081	0.01221	0.00931	0.00782	0.03399	0.00188	0.00750	0.00414	0.00359	0.00889
111	0.00848	0.00663	0.00780	0.00853	0.01012	0.00595	0.00654	0.01031	0.01442	0.01796	0.05171	0.24695	0.39517	0.01803	0.00823	0.00252	0.00407	0.16483	0.00610	0.00562
112	0.01744	0.11859	0.06306	0.14270	0.27440	0.14596	0.07730	0.04806	0.01576	0.01974	0.01165	0.01494	0.00944	0.00619	0.00622	0.00191	0.00895	0.00538	0.00328	0.00903
113	0.03544	0.01931	0.20061	0.01386	0.01903	0.05595	0.01336	0.19859	0.06942	0.09105	0.04811	0.02355	0.06224	0.07735	0.04059	0.00279	0.00775	0.00682	0.00515	0.00903
114	0.25929	0.05261	0.02164	0.10113	0.13606	0.11249	0.13144	0.07235	0.01535	0.02386	0.01131	0.01410	0.00888	0.00623	0.00582	0.00199	0.00812	0.00517	0.00373	0.00841
115	0.05556	0.02066	0.02256	0.02207	0.16513	0.21978	0.11053	0.17651	0.09708	0.02542	0.01412	0.01582	0.01092	0.00688	0.00646	0.00196	0.00887	0.00577	0.00446	0.00946

[dist]
# distance from previous block
# <min> <max>
1	5

[block]
# block no. 1 follows, 33 sequences, length 72
# corresponding to MSA columns:
# 130-201
name=unknown_B
#
# <colnr> <probs for GDERKNQSTAVLIFYWHMCP>
#	G	D	E	R	K	N	Q	S	T	A	V	L	I	F	Y	W	H	M	C	P
0	0.01729	0.16507	0.20292	0.02116	0.14974	0.07851	0.09616	0.10155	0.03209	0.02218	0.01224	0.01442	0.00960	0.00622	0.00605	0.00186	0.00861	0.00521	0.00357	0.04554
1	0.02269	0.02443	0.01798	0.01571	0.01958	0.41212	0.01212	0.17321	0.19051	0.02430	0.01541	0.01579	0.01188	0.00754	0.00626	0.00189	0.00927	0.00538	0.00488	0.00907
2	0.02605	0.01467	0.01815	0.01397	0.01899	0.04722	0.05714	0.24331	0.02243	0.40181	0.05187	0.02070	0.01591	0.00807	0.00671	0.00202	0.00667	0.00660	0.00707	0.01066
3	0.01417	0.19626	0.58078	0.01712	0.02595	0.01765	0.02146	0.02060	0.01378	0.01967	0.01123	0.01317	0.00836	0.00612	0.00581	0.00194	0.00914	0.00457	0.00279	0.00945
4	0.00957	0.00638	0.00718	0.00718	0.00718	0.00638	0.00399	0.00957	0.00957	0.01276	0.02074	0.04308	0.02393	0.76864	0.03351	0.00638	0.00638	0.00957	0.00399	0.00399
5	0.01670	0.01569	0.05206	0.10869	0.04937	0.05386	0.09212	0.04436	0.12529	0.08746	0.01506	0.01802	0.01183	0.01041	0.04436	0.00273	0.23287	0.00630	0.00423	0.00862
6	0.81514	0.01273	0.00968	0.00866	0.01273	0.01477	0.00713	0.01935	0.01120	0.02954	0.00917	0.01069	0.00713	0.00611	0.00407	0.00204	0.00509	0.00356	0.00407	0.00713
7	0.00851	0.00680	0.00768	0.00774	0.00971	0.00597	0.00599	0.01070	0.01592	0.02014	0.22473	0.06121	0.47652	0.01607	0.00794	0.00229	0.00362	0.09630	0.00639	0.00578
8	0.00975	0.00778	0.01165	0.13665	0.04796	0.00794	0.02466	0.01226	0.01459	0.01981	0.21600	0.36972	0.04025	0.01524	0.00785	0.00240	0.00489	0.03866	0.00569	0.00624
9	0.01723	0.01540	0.01567	0.01467	0.04942	0.06756	0.01092	0.08830	0.54122	0.02712	0.02611	0.02456	0.05448	0.00895	0.00668	0.00216	0.00587	0.00735	0.00627	0.01004
10	0.01430	0.01426	0.02014	0.05526	0.01873	0.01988	0.01460	0.01589	0.01024	0.01589	0.00880	0.01457	0.00865	0.01127	0.02083	0.00285	0.71798	0.00577	0.00288	0.00721
11	0.00816	0.00583	0.00779	0.00932	0.00976	0.00546	0.00635	0.00940	0.01274	0.01696	0.03621	0.72834	0.04325	0.02050	0.00844	0.00269	0.00394	0.05339	0.00611	0.00538
12	0.04772	0.02099	0.22057	0.08604	0.14129	0.03582	0.01703	0.17611	0.10528	0.06252	0.01523	0.01664	0.01119	0.00703	0.00639	0.00205	0.00788	0.00570	0.00455	0.00996
13	0.06071	0.17525	0.41396	0.01855	0.07205	0.04475	0.06290	0.04304	0.01455	0.02084	0.01134	0.01345	0.00864	0.00613	0.00584	0.00193	0.00890	0.00479	0.00307	0.00929
14	0.00843	0.00608	0.00803	0.00925	0.00997	0.00569	0.00653	0.01002	0.01369	0.01828	0.11922	0.57717	0.07664	0.01934	0.00837	0.00262	0.00394	0.08497	0.00624	0.00553
15	0.00862	0.00712	0.00762	0.00752	0.00963	0.00636	0.00562	0.01161	0.06125	0.01985	0.17524	0.09497	0.52967	0.01582	0.00774	0.00222	0.00344	0.01338	0.00635	0.00598
16	0.04476	0.03891	0.02074	0.18926	0.26067	0.01417	0.04696	0.01954	0.06172	0.05762	0.05840	0.02399	0.01625	0.04113	0.00836	0.00233	0.03183	0.05068	0.00413	0.00858
17	0.01766	0.16346	0.03859	0.04055	0.06146	0.05358	0.06862	0.22713	0.03858	0.02611	0.09588	0.03863	0.06354	0.00962	0.02622	0.00216	0.00734	0.00703	0.00496	0.00887
18	0.21686	0.01705	0.01731	0.01357	0.01855	0.01904	0.01121	0.53900	0.02616	0.03859	0.01419	0.01456	0.01021	0.00747	0.00598	0.00199	0.00672	0.00535	0.00598	0.01021
19	0.01355	0.06027	0.66746	0.01975	0.06875	0.01571	0.02360	0.02077	0.01394	0.02069	0.01175	0.01392	0.00846	0.00621	0.00619	0.00205	0.00952	0.00487	0.00281	0.00972
20	0.03857	0.08072	0.05217	0.08916	0.14538	0.15212	0.01373	0.02570	0.17083	0.11996	0.03619	0.01844	0.01394	0.00732	0.00624	0.00197	0.00761	0.00588	0.00476	0.00932
21	0.01947	0.02547	0.16653	0.02153	0.09427	0.26601	0.15828	0.10870	0.03722	0.02210	0.01252	0.01476	0.00961	0.00653	0.00654	0.00196	0.01013	0.00555	0.00373	0.00910
22	0.00802	0.00573	0.00764	0.00917	0.00955	0.00535	0.00611	0.00917	0.01260	0.01681	0.03628	0.76434	0.04354	0.02062	0.00840	0.00267	0.00382	0.01872	0.00611	0.00535
23	0.01438	0.01540	0.05876	0.31285	0.23057	0.01567	0.18533	0.01894	0.01415	0.01930	0.01215	0.01695	0.00950	0.00633	0.00750	0.00216	0.04200	0.00627	0.00311	0.00866
24	0.01367	0.00992	0.01125	0.01084	0.03224	0.03054	0.00801	0.08440	0.09008	0.09492	0.12042	0.16580	0.22972	0.01509	0.03463	0.00255	0.00517	0.02696	0.00631	0.00746
25	0.00958	0.00828	0.04342	0.01095	0.01251	0.00855	0.00896	0.01217	0.01073	0.01553	0.01737	0.02532	0.01609	0.04742	0.70915	0.01019	0.01728	0.00695	0.00349	0.00605
26	0.00944	0.00635	0.00729	0.00739	0.00749	0.00629	0.00426	0.00967	0.01023	0.01371	0.05445	0.10022	0.02724	0.67480	0.03034	0.00589	0.00603	0.01040	0.00431	0.00420
27	0.06909	0.01122	0.01186	0.01052	0.01361	0.04248	0.00825	0.09020	0.13865	0.11286	0.19447	0.06082	0.16650	0.01167	0.00705	0.00214	0.00487	0.02919	0.00652	0.00803
28	0.07830	0.01779	0.01855	0.01612	0.06656	0.14309	0.04300	0.25562	0.03808	0.20386	0.01697	0.01767	0.01225	0.03356	0.00729	0.00211	0.00764	0.00588	0.00578	0.00987
29	0.00905	0.00748	0.00890	0.01001	0.05654	0.00687	0.00669	0.01188	0.05561	0.01927	0.12247	0.21911	0.40996	0.01610	0.00778	0.00229	0.00383	0.01390	0.00608	0.00618
30	0.00808	0.00583	0.00766	0.00900	0.00953	0.00540	0.00607	0.00936	0.01305	0.01739	0.07610	0.69277	0.07529	0.02005	0.00834	0.00262	0.00376	0.01812	0.00617	0.00540
31	0.06604	0.05318	0.01908	0.11699	0.05509	0.47842	0.01331	0.04674	0.05706	0.01866	0.01151	0.01358	0.00928	0.00679	0.00595	0.00182	0.01018	0.00470	0.00363	0.00799
32	0.01805	0.01479	0.01952	0.09619	0.16965	0.01605	0.03595	0.27630	0.11755	0.02895	0.03734	0.08875	0.01697	0.00898	0.00688	0.00213	0.00691	0.02401	0.00538	0.00965
33	0.00839	0.00732	0.00724	0.00730	0.00943	0.02528	0.00550	0.01012	0.01510	0.01801	0.08149	0.09357	0.63071	0.01655	0.00781	0.00225	0.00368	0.03853	0.00607	0.00564
34	0.01524	0.01940	0.17145	0.07103	0.30394	0.01530	0.18568	0.03521	0.01504	0.02144	0.01248	0.01601	0.00976	0.00587	0.00664	0.00198	0.00880	0.00596	0.00329	0.07550
35	0.01442	0.04598	0.01465	0.00989	0.01570	0.00959	0.00803	0.01730	0.01383	0.04768	0.01212	0.01384	0.00994	0.00503	0.00491	0.00103	0.00500	0.00398	0.00401	0.74307
36	0.00957	0.00638	0.00718	0.00718	0.00718	0.00638	0.00399	0.00957	0.00957	0.01276	0.02074	0.04308	0.02393	0.76864	0.03351	0.00638	0.00638	0.00957	0.00399	0.00399
37	0.01760	0.77260	0.03450	0.01126	0.01690	0.02605	0.01126	0.01971	0.01338	0.01549	0.00915	0.01056	0.00845	0.00563	0.00422	0.00141	0.00704	0.00352	0.00282	0.00845
38	0.01365	0.01170	0.01365	0.00975	0.01560	0.00878	0.00780	0.01658	0.01365	0.02145	0.01170	0.01365	0.00975	0.00488	0.00488	0.00098	0.00488	0.00390	0.00390	0.80888
39	0.01532	0.01730	0.03757	0.02704	0.03347	0.01624	0.67243	0.02075	0.01552	0.02103	0.01429	0.02030	0.01125	0.00612	0.00783	0.00226	0.01087	0.03821	0.00345	0.00875
40	0.00813	0.00671	0.00716	0.00711	0.00919	0.00573	0.00537	0.01009	0.01565	0.01935	0.18126	0.06118	0.58883	0.01615	0.00782	0.00222	0.00337	0.03268	0.00631	0.00569
41	0.01806	0.02022	0.01474	0.01393	0.01633	0.40054	0.01073	0.02018	0.01570	0.01710	0.01571	0.02344	0.01445	0.01819	0.17794	0.00393	0.03177	0.08204	0.07809	0.00690
42	0.00916	0.00696	0.00869	0.00964	0.01125	0.00649	0.00783	0.01140	0.01471	0.01855	0.04699	0.17408	0.29598	0.01799	0.00850	0.00267	0.00470	0.33256	0.00609	0.00577
43	0.02216	0.05287	0.11016	0.01640	0.02085	0.49244	0.01382	0.06190	0.09405	0.03614	0.01282	0.01392	0.01005	0.00700	0.00605	0.00182	0.01033	0.00479	0.00393	0.00850
44	0.01691	0.01644	0.02616	0.03865	0.67604	0.04932	0.01965	0.03878	0.01559	0.02179	0.01237	0.01608	0.01036	0.00596	0.00649	0.00194	0.00799	0.00579	0.00335	0.01032
45	0.01608	0.01557	0.02704	0.07186	0.66066	0.01565	0.05578	0.02010	0.01494	0.02127	0.01240	0.01643	0.01033	0.00588	0.00659	0.00198	0.00803	0.00596	0.00325	0.01021
46	0.01010	0.00882	0.01243	0.01106	0.01372	0.00824	0.09822	0.01398	0.07076	0.02040	0.14093	0.08005	0.36146	0.01452	0.00790	0.00233	0.00488	0.10773	0.00594	0.00653
47	0.01577	0.01367	0.01583	0.01164	0.01731	0.05776	0.04895	0.05411	0.01522	0.05337	0.01254	0.01427	0.01004	0.00534	0.00528	0.00119	0.00585	0.00437	0.00416	0.63332
48	0.00957	0.00638	0.00718	0.00718	0.00718	0.00638	0.00399	0.00957	0.00957	0.01276	0.02074	0.04308	0.02393	0.76864	0.03351	0.00638	0.00638	0.00957	0.00399	0.00399
49	0.01365	0.01170	0.01365	0.00975	0.01560	0.00878	0.00780	0.01658	0.01365	0.02145	0.01170	0.01365	0.00975	0.00488	0.00488	0.00098	0.00488	0.00390	0.00390	0.80888
50	0.00941	0.00701	0.01038	0.01038	0.01149	0.00812	0.00798	0.01163	0.01052	0.01514	0.01781	0.02686	0.01689	0.09124	0.70128	0.01034	0.01698	0.00720	0.00355	0.00577
51	0.00942	0.00697	0.01017	0.01017	0.01120	0.00801	0.00772	0.01149	0.01046	0.01498	0.01801	0.02794	0.01736	0.13609	0.65707	0.01007	0.01628	0.00736	0.00358	0.00565
52	0.07029	0.09372	0.26857	0.03760	0.04194	0.08445	0.05447	0.08823	0.05682	0.04887	0.03309	0.01644	0.01171	0.00960	0.05417	0.00254	0.00904	0.00547	0.00395	0.00903
53	0.01753	0.72845	0.03336	0.01139	0.01691	0.02549	0.01122	0.02060	0.05425	0.01619	0.01018	0.01138	0.00913	0.00582	0.00437	0.00146	0.00693	0.00375	0.00304	0.00856
54	0.01521	0.14619	0.39022	0.01943	0.02719	0.05799	0.18381	0.02156	0.04064	0.02004	0.01222	0.01458	0.00920	0.00612	0.00629	0.00199	0.00958	0.00541	0.00310	0.00923
55	0.01538	0.30213	0.05105	0.01832	0.02354	0.01916	0.29522	0.01893	0.01374	0.01787	0.01254	0.03383	0.01103	0.03744	0.05747	0.00267	0.05208	0.00625	0.00320	0.00818
56	0.00811	0.00609	0.00755	0.00867	0.00961	0.00553	0.00608	0.00950	0.01339	0.01723	0.04430	0.53738	0.22477	0.01943	0.00828	0.00257	0.00382	0.05611	0.00611	0.00544
57	0.09514	0.01617	0.01590	0.01339	0.01701	0.17260	0.05017	0.12557	0.01860	0.16510	0.08464	0.09690	0.05620	0.00977	0.00713	0.00207	0.03175	0.00782	0.00563	0.00843
58	0.01525	0.14047	0.45538	0.01889	0.05694	0.01649	0.09720	0.02122	0.01449	0.06695	0.02933	0.01533	0.01042	0.00636	0.00619	0.00199	0.00897	0.00531	0.00333	0.00949
59	0.00891	0.00643	0.00861	0.01003	0.01093	0.00614	0.00761	0.01074	0.01365	0.01788	0.03777	0.47808	0.08605	0.01952	0.00860	0.00277	0.00457	0.25000	0.00609	0.00561
60	0.02245	0.01423	0.01615	0.01310	0.01754	0.01506	0.01057	0.29322	0.19040	0.22097	0.04307	0.05593	0.03840	0.00920	0.00677	0.00210	0.00593	0.00745	0.00701	0.01044
61	0.01572	0.05689	0.05083	0.01119	0.01415	0.07923	0.00911	0.09907	0.04193	0.09780	0.04322	0.13675	0.13119	0.01474	0.02979	0.14072	0.00633	0.00901	0.00519	0.00714
62	0.00780	0.00660	0.00674	0.00685	0.00894	0.00554	0.00508	0.00943	0.01483	0.01771	0.06447	0.11464	0.67505	0.01696	0.00783	0.00226	0.00337	0.01425	0.00611	0.00554
63	0.00830	0.00598	0.00765	0.00868	0.00930	0.00556	0.00583	0.00959	0.01317	0.01755	0.11356	0.55961	0.09709	0.09247	0.01073	0.00293	0.00395	0.01669	0.00603	0.00533
64	0.01947	0.60991	0.03089	0.01206	0.01741	0.09886	0.01137	0.05290	0.01510	0.06485	0.01069	0.01173	0.00911	0.00603	0.00467	0.00151	0.00745	0.00391	0.00341	0.00868
65	0.00940	0.00705	0.01058	0.01058	0.01176	0.00823	0.00823	0.01176	0.01058	0.01528	0.01763	0.02586	0.01646	0.04937	0.74255	0.01058	0.01763	0.00705	0.00353	0.00588
66	0.00957	0.00638	0.00718	0.00718	0.00718	0.00638	0.00399	0.00957	0.00957	0.01276	0.02074	0.04308	0.02393	0.76864	0.03351	0.00638	0.00638	0.00957	0.00399	0.00399
67	0.15667	0.01668	0.15853	0.01398	0.01730	0.03252	0.01311	0.05665	0.01262	0.02060	0.01281	0.03697	0.01150	0.04191	0.16286	0.00419	0.21415	0.00590	0.00356	0.00751
68	0.09333	0.07312	0.01851	0.01591	0.05126	0.42147	0.01187	0.08276	0.06531	0.05239	0.04479	0.01523	0.01223	0.00721	0.00590	0.00181	0.00925	0.00502	0.00429	0.00835
69	0.04841	0.02054	0.01893	0.01657	0.05188	0.22238	0.03604	0.29624	0.12303	0.04852	0.01632	0.01822	0.01262	0.00789	0.00647	0.00198	0.00826	0.03070	0.00538	0.00964
70	0.11257	0.04412	0.14303	0.01406	0.01946	0.04197	0.01303	0.31959	0.08716	0.03129	0.05452	0.01780	0.01396	0.02470	0.00676	0.00207	0.00706	0.00582	0.00529	0.03574
71	0.05272	0.07656	0.25761	0.13135	0.04623	0.03720	0.09278	0.11990	0.04248	0.02345	0.03228	0.03297	0.01167	0.00703	0.00637	0.00205	0.00850	0.00594	0.00385	0.00906

[dist]
# distance from previous block
# <min> <max>
1	5

[block]
# block no. 2 follows, 33 sequences, length 30
# corresponding to MSA columns:
# 207-236
name=unknown_C
#
# <colnr> <probs for GDERKNQSTAVLIFYWHMCP>
#	G	D	E	R	K	N	Q	S	T	A	V	L	I	F	Y	W	H	M	C	P
0	0.03404	0.03057	0.01654	0.05310	0.01856	0.09197	0.04642	0.14638	0.11070	0.06730	0.01919	0.09424	0.02925	0.06064	0.00859	0.00223	0.02271	0.00734	0.00512	0.13511
1	0.00907	0.00742	0.00814	0.00814	0.01025	0.00685	0.00622	0.01265	0.08284	0.01999	0.14728	0.09950	0.46980	0.01585	0.00782	0.00230	0.00374	0.06967	0.00632	0.00614
2	0.01416	0.06517	0.19939	0.01804	0.02373	0.01508	0.21972	0.04505	0.10606	0.02209	0.07757	0.05100	0.06515	0.00848	0.00759	0.00216	0.03876	0.00778	0.00432	0.00869
3	0.01686	0.36474	0.18328	0.06409	0.09368	0.02011	0.01536	0.05834	0.03979	0.04630	0.01193	0.01365	0.00955	0.00617	0.00538	0.00173	0.00765	0.00460	0.00344	0.03336
4	0.00998	0.00911	0.05806	0.00897	0.01148	0.00722	0.00750	0.04124	0.01659	0.03658	0.25955	0.11880	0.32622	0.01486	0.00772	0.00224	0.00410	0.04706	0.00630	0.00641
5	0.00893	0.00621	0.00753	0.00799	0.00841	0.00597	0.00505	0.00979	0.01199	0.01610	0.11753	0.29611	0.06195	0.38334	0.02051	0.00438	0.00496	0.01322	0.00522	0.00480
6	0.01108	0.00802	0.00925	0.00875	0.01111	0.00756	0.00678	0.01549	0.10511	0.07244	0.25710	0.05198	0.33516	0.01421	0.00765	0.00222	0.00385	0.05877	0.00667	0.00681
7	0.11615	0.09353	0.02502	0.08325	0.20962	0.07496	0.13937	0.07912	0.01597	0.05715	0.01242	0.01523	0.00974	0.00643	0.00672	0.00200	0.03487	0.00560	0.00382	0.00905
8	0.04515	0.02753	0.37664	0.02008	0.02755	0.13467	0.19625	0.02230	0.01525	0.05514	0.01253	0.01486	0.00913	0.00625	0.00653	0.00205	0.01007	0.00555	0.00333	0.00914
9	0.01265	0.01212	0.02108	0.70210	0.04458	0.01477	0.06622	0.01712	0.01333	0.01712	0.01181	0.01757	0.00886	0.00651	0.00666	0.00220	0.00894	0.00598	0.00295	0.00742
10	0.15024	0.01600	0.01600	0.01289	0.01729	0.04301	0.01049	0.43112	0.06560	0.03528	0.05419	0.01907	0.03554	0.00818	0.00614	0.00198	0.00635	0.00614	0.05488	0.00962
11	0.04876	0.18006	0.18346	0.08168	0.08889	0.01827	0.21813	0.06699	0.01536	0.02128	0.01190	0.01483	0.00921	0.00602	0.00625	0.00197	0.00896	0.00562	0.00332	0.00906
12	0.01038	0.00829	0.01251	0.01466	0.10537	0.00808	0.04631	0.01288	0.04335	0.01817	0.03098	0.43854	0.05965	0.01707	0.00917	0.05179	0.00517	0.09587	0.00541	0.00636
13	0.00815	0.00673	0.00718	0.00719	0.00928	0.00576	0.00547	0.01008	0.01551	0.01908	0.15568	0.06199	0.59632	0.01631	0.00785	0.00225	0.00345	0.04979	0.00627	0.00568
14	0.01068	0.00804	0.01036	0.01044	0.01198	0.00788	0.02937	0.10149	0.01574	0.02082	0.06052	0.49919	0.10928	0.01765	0.00810	0.00252	0.00457	0.05892	0.00612	0.00633
15	0.04811	0.01690	0.02529	0.05283	0.50449	0.08924	0.07464	0.02159	0.01548	0.06963	0.01302	0.01620	0.01043	0.00612	0.00648	0.00197	0.00827	0.00582	0.00363	0.00986
16	0.02086	0.01442	0.01530	0.01220	0.01625	0.01575	0.00993	0.47991	0.02535	0.03595	0.01766	0.01866	0.01305	0.00783	0.00594	0.00183	0.00588	0.00600	0.26772	0.00954
17	0.00953	0.00680	0.00937	0.01089	0.01193	0.00664	0.00873	0.01177	0.01409	0.01849	0.03545	0.36311	0.04025	0.01921	0.00880	0.00288	0.00512	0.40510	0.00608	0.00576
18	0.11083	0.01183	0.01499	0.01162	0.01662	0.01090	0.00959	0.07432	0.01883	0.61450	0.02357	0.02076	0.01501	0.00792	0.00635	0.00203	0.00566	0.00626	0.00762	0.01078
19	0.01057	0.00719	0.00813	0.00784	0.00822	0.00737	0.00471	0.05468	0.01100	0.01473	0.02030	0.04061	0.02280	0.68991	0.06088	0.00627	0.00690	0.00923	0.00414	0.00453
20	0.00816	0.00583	0.00780	0.00933	0.00977	0.00547	0.00635	0.00941	0.01274	0.01696	0.03621	0.72705	0.04324	0.02049	0.00844	0.00269	0.00394	0.05463	0.00611	0.00539
21	0.01294	0.03219	0.68497	0.01805	0.02722	0.01467	0.02309	0.02027	0.01422	0.02123	0.06045	0.01631	0.01201	0.00675	0.00636	0.00208	0.00928	0.00535	0.00308	0.00949
22	0.01436	0.01297	0.01397	0.01022	0.01591	0.05621	0.00812	0.01720	0.01397	0.02111	0.01160	0.01354	0.00967	0.00500	0.00494	0.00102	0.00533	0.00392	0.00387	0.75707
23	0.00957	0.00638	0.00718	0.00718	0.00718	0.00638	0.00399	0.00957	0.00957	0.01276	0.02074	0.04308	0.02393	0.76864	0.03351	0.00638	0.00638	0.00957	0.00399	0.00399
24	0.02283	0.01196	0.01464	0.01196	0.01621	0.01186	0.00962	0.08733	0.20335	0.38808	0.12403	0.02620	0.02334	0.00908	0.00680	0.00209	0.00529	0.00753	0.00751	0.01029
25	0.01629	0.01564	0.02672	0.04041	0.72757	0.01564	0.02020	0.02020	0.01499	0.02151	0.01238	0.01629	0.01043	0.00587	0.00652	0.00196	0.00782	0.00587	0.00326	0.01043
26	0.01460	0.01940	0.16843	0.09208	0.14809	0.01574	0.34018	0.01989	0.01450	0.02028	0.01279	0.01703	0.00990	0.00816	0.04344	0.00258	0.03416	0.00662	0.00317	0.00896
27	0.00934	0.00691	0.00777	0.00743	0.00958	0.00597	0.00562	0.01151	0.01636	0.05539	0.27592	0.05680	0.47740	0.01522	0.00772	0.00216	0.00337	0.01290	0.00658	0.00604
28	0.01711	0.01431	0.01465	0.01279	0.01669	0.05877	0.01005	0.07407	0.44352	0.06486	0.03934	0.02623	0.05340	0.00909	0.00662	0.00207	0.00564	0.03271	0.00624	0.09185
29	0.08881	0.09592	0.01940	0.01476	0.04749	0.05255	0.03738	0.19969	0.20262	0.14686	0.01861	0.01812	0.01353	0.00759	0.00617	0.00199	0.00663	0.00597	0.00585	0.01007

[dist]
# distance from previous block
# <min> <max>
0	2

[block]
# block no. 3 follows, 33 sequences, length 94
# corresponding to MSA columns:
# 239-332
name=unknown_D
#
# <colnr> <probs for GDERKNQSTAVLIFYWHMCP>
#	G	D	E	R	K	N	Q	S	T	A	V	L	I	F	Y	W	H	M	C	P
0	0.08576	0.04114	0.13553	0.01599	0.05213	0.14585	0.01385	0.27147	0.03315	0.09352	0.03938	0.01620	0.01222	0.00737	0.00620	0.00195	0.00799	0.00550	0.00511	0.00970
1	0.06809	0.04527	0.06979	0.05599	0.33195	0.03393	0.01558	0.10351	0.01647	0.02400	0.03335	0.01596	0.01139	0.00626	0.00601	0.00179	0.00718	0.00537	0.00389	0.14422
2	0.11442	0.02818	0.01773	0.01587	0.01949	0.59915	0.01207	0.08237	0.01884	0.01976	0.01053	0.01207	0.00855	0.00680	0.00578	0.00176	0.01071	0.00430	0.00374	0.00787
3	0.02011	0.03252	0.01456	0.01194	0.03608	0.00993	0.03328	0.02426	0.08012	0.36167	0.19554	0.03243	0.09843	0.01011	0.00699	0.00207	0.00504	0.00862	0.00713	0.00919
4	0.01455	0.01243	0.01494	0.01200	0.05568	0.01020	0.00897	0.06117	0.01475	0.02260	0.01192	0.01396	0.00985	0.00530	0.00551	0.00114	0.02462	0.00419	0.00401	0.69221
5	0.00941	0.00702	0.01039	0.01039	0.01150	0.00813	0.00799	0.01163	0.01052	0.01514	0.01781	0.02682	0.01688	0.08951	0.70299	0.01035	0.01701	0.00719	0.00355	0.00577
6	0.01476	0.02594	0.42938	0.08474	0.03025	0.01530	0.18821	0.02182	0.04614	0.06054	0.01364	0.01612	0.00975	0.00634	0.00669	0.00213	0.00955	0.00587	0.00340	0.00942
7	0.01584	0.01530	0.02647	0.11735	0.62447	0.01557	0.04851	0.01987	0.01481	0.02098	0.01235	0.01649	0.01023	0.00593	0.00658	0.00199	0.00806	0.00594	0.00323	0.01002
8	0.68516	0.04356	0.04649	0.00979	0.01424	0.03431	0.00854	0.05457	0.01262	0.02884	0.00966	0.01114	0.00748	0.00621	0.00436	0.00200	0.00568	0.00376	0.00407	0.00753
9	0.02472	0.01829	0.01959	0.01509	0.02030	0.02027	0.01244	0.68197	0.05510	0.04100	0.01619	0.01611	0.01151	0.00794	0.00659	0.00198	0.00717	0.00598	0.00659	0.01117
10	0.05517	0.01913	0.01929	0.01503	0.02012	0.07096	0.01232	0.63163	0.02933	0.03925	0.01516	0.01533	0.01085	0.00776	0.00644	0.00196	0.00749	0.00572	0.00627	0.01079
11	0.78496	0.01295	0.01006	0.00891	0.01302	0.01498	0.00734	0.04556	0.01196	0.02999	0.00942	0.01089	0.00728	0.00618	0.00417	0.00203	0.00517	0.00366	0.00417	0.00728
12	0.00959	0.00684	0.00890	0.00975	0.01081	0.00663	0.00755	0.01160	0.01403	0.01856	0.12493	0.18647	0.08352	0.16822	0.01360	0.00346	0.00516	0.29904	0.00581	0.00551
13	0.01503	0.01620	0.01220	0.01190	0.01412	0.28231	0.00884	0.04495	0.01636	0.01797	0.03294	0.24254	0.19404	0.01381	0.00729	0.00219	0.00699	0.04867	0.00511	0.00654
14	0.07747	0.02128	0.01823	0.01478	0.01947	0.23106	0.01181	0.40127	0.02454	0.03153	0.01335	0.01412	0.01000	0.00720	0.00608	0.00181	0.00826	0.00510	0.00525	0.07738
15	0.00940	0.00705	0.01058	0.01058	0.01176	0.00823	0.00823	0.01176	0.01058	0.01528	0.01763	0.02586	0.01646	0.04937	0.74255	0.01058	0.01763	0.00705	0.00353	0.00588
16	0.01885	0.01619	0.01596	0.01391	0.01788	0.08044	0.01091	0.13426	0.52769	0.05347	0.02367	0.02206	0.01761	0.00856	0.00661	0.00214	0.00611	0.00691	0.00644	0.01032
17	0.01366	0.08839	0.64334	0.01870	0.02796	0.01617	0.06125	0.02078	0.01395	0.02046	0.01170	0.01386	0.00844	0.00617	0.00619	0.00204	0.00960	0.00493	0.00281	0.00959
18	0.02954	0.01120	0.01528	0.01171	0.01681	0.00968	0.00968	0.03208	0.01884	0.73213	0.02597	0.02241	0.01630	0.00815	0.00662	0.00204	0.00560	0.00662	0.00815	0.01120
19	0.00843	0.00606	0.00789	0.00905	0.00970	0.00568	0.00627	0.00985	0.01324	0.01762	0.09469	0.55749	0.08237	0.07237	0.01014	0.00289	0.00409	0.07073	0.00605	0.00539
20	0.00912	0.00677	0.00841	0.00921	0.01024	0.00649	0.00642	0.03720	0.04379	0.01923	0.10454	0.55722	0.11960	0.01851	0.00813	0.00252	0.00389	0.01656	0.00626	0.00589
