[name]
unknown

[dist]
# distance from previous block
# <min> <max>
0	1

[block]
# block no. 0 follows, 32 sequences, length 11
# corresponding to MSA columns:
# 1-11
name=unknown_A
#
# <colnr> <probs for GDERKNQSTAVLIFYWHMCP>
#	G	D	E	R	K	N	Q	S	T	A	V	L	I	F	Y	W	H	M	C	P
0	0.19930	0.01170	0.01351	0.01159	0.01576	0.01183	0.00955	0.02743	0.13167	0.34764	0.02417	0.02860	0.01852	0.00953	0.00657	0.00226	0.00560	0.10839	0.00681	0.00956
1	0.00803	0.00675	0.00697	0.00702	0.00915	0.00569	0.00523	0.00978	0.01537	0.01857	0.10283	0.10058	0.64705	0.01702	0.00796	0.00228	0.00341	0.01431	0.00630	0.00569
2	0.00994	0.00771	0.01146	0.01126	0.01237	0.00923	0.00882	0.01227	0.01075	0.01562	0.01734	0.02555	0.01622	0.04764	0.68788	0.01024	0.06896	0.00710	0.00355	0.00608
3	0.02551	0.01879	0.02014	0.01544	0.02081	0.02081	0.01275	0.69996	0.03155	0.04229	0.01611	0.01611	0.01141	0.00805	0.00671	0.00201	0.00738	0.00604	0.00671	0.01141
4	0.00956	0.00642	0.00738	0.00757	0.00762	0.00637	0.00434	0.00971	0.01014	0.01352	0.02311	0.13305	0.02688	0.67165	0.03097	0.00603	0.00618	0.01092	0.00434	0.00424
5	0.01166	0.00583	0.00874	0.00874	0.00874	0.00583	0.00583	0.00874	0.00874	0.01166	0.01166	0.02040	0.01166	0.02331	0.02622	0.80478	0.00583	0.00583	0.00291	0.00291
6	0.00804	0.00680	0.00694	0.00691	0.00913	0.00571	0.00518	0.00983	0.01554	0.01872	0.11200	0.06360	0.67521	0.01677	0.00793	0.00226	0.00338	0.01402	0.00631	0.00571
7	0.00976	0.00651	0.00732	0.00732	0.00732	0.00651	0.00407	0.00976	0.00976	0.01301	0.02114	0.04391	0.02439	0.76419	0.03415	0.00651	0.00651	0.00976	0.00407	0.00407
8	0.01794	0.76823	0.03516	0.01148	0.01722	0.02655	0.01148	0.02009	0.01363	0.01579	0.00933	0.01076	0.00861	0.00574	0.00431	0.00144	0.00718	0.00359	0.00287	0.00861
9	0.01407	0.01335	0.02265	0.49665	0.28669	0.01528	0.01933	0.01837	0.01408	0.01884	0.01217	0.01743	0.00954	0.00645	0.00669	0.00215	0.00860	0.00597	0.00310	0.00858
10	0.01468	0.01468	0.02055	0.01762	0.01762	0.02055	0.01468	0.01615	0.01028	0.01615	0.00881	0.01468	0.00881	0.01174	0.02202	0.00294	0.75191	0.00587	0.00294	0.00734

[dist]
# distance from previous block
# <min> <max>
0	1

[block]
# block no. 1 follows, 32 sequences, length 14
# corresponding to MSA columns:
# 13-26
name=unknown_B
#
# <colnr> <probs for GDERKNQSTAVLIFYWHMCP>
#	G	D	E	R	K	N	Q	S	T	A	V	L	I	F	Y	W	H	M	C	P
0	0.02506	0.03198	0.01901	0.01729	0.02074	0.73725	0.01296	0.02679	0.01901	0.01642	0.01037	0.01210	0.00864	0.00691	0.00605	0.00173	0.01210	0.00432	0.00346	0.00778
1	0.01251	0.00625	0.00625	0.00625	0.00782	0.00625	0.00469	0.01563	0.01407	0.02502	0.02189	0.02502	0.01720	0.00782	0.00469	0.00156	0.00313	0.00625	0.80144	0.00625
2	0.00805	0.00676	0.00699	0.00703	0.00916	0.00570	0.00524	0.00983	0.01545	0.01870	0.11248	0.09469	0.64309	0.01694	0.00796	0.00228	0.00340	0.01424	0.00631	0.00570
3	0.00975	0.00654	0.00751	0.00751	0.00758	0.00661	0.00431	0.00988	0.00982	0.01316	0.02096	0.04292	0.02396	0.72374	0.07401	0.00675	0.00715	0.00961	0.00404	0.00417
4	0.01884	0.59882	0.07661	0.01294	0.01856	0.14436	0.01257	0.02128	0.01456	0.01624	0.00967	0.01120	0.00861	0.00598	0.00473	0.00153	0.00817	0.00380	0.00297	0.00856
5	0.01352	0.01279	0.02165	0.59651	0.19117	0.01513	0.01905	0.01788	0.01382	0.01817	0.01208	0.01761	0.00931	0.00655	0.00669	0.00218	0.00874	0.00597	0.00305	0.00813
6	0.01346	0.03471	0.72942	0.01912	0.02904	0.01558	0.02479	0.02125	0.01417	0.02125	0.01204	0.01417	0.00850	0.00637	0.00637	0.00212	0.00992	0.00496	0.00283	0.00992
7	0.01131	0.00605	0.00908	0.00908	0.00928	0.00625	0.00625	0.00928	0.00908	0.01231	0.01271	0.02139	0.01251	0.02782	0.14494	0.67227	0.00785	0.00605	0.00303	0.00343
8	0.01669	0.01441	0.01517	0.01365	0.01745	0.01669	0.01062	0.03565	0.71021	0.02807	0.02731	0.02503	0.02048	0.00910	0.00683	0.00228	0.00531	0.00759	0.00683	0.01062
9	0.00829	0.00610	0.00778	0.00887	0.00967	0.00558	0.00607	0.00977	0.01391	0.01840	0.11970	0.57629	0.14577	0.01959	0.00840	0.00259	0.00374	0.01756	0.00636	0.00558
10	0.01963	0.01562	0.01734	0.01726	0.12521	0.13272	0.02968	0.06893	0.06176	0.16773	0.05422	0.09122	0.03511	0.00888	0.00665	0.00193	0.00690	0.00748	0.00547	0.12626
11	0.02450	0.01692	0.02066	0.01602	0.02098	0.06249	0.09044	0.30638	0.07172	0.23175	0.01882	0.01856	0.01308	0.00804	0.00763	0.00211	0.04641	0.00645	0.00639	0.01064
12	0.02273	0.12006	0.07269	0.01757	0.04595	0.35750	0.04636	0.19457	0.02087	0.02363	0.01203	0.01353	0.00947	0.00692	0.00613	0.00183	0.00996	0.00494	0.00415	0.00911
13	0.02129	0.01697	0.01886	0.01489	0.01981	0.06268	0.05091	0.30513	0.17224	0.08084	0.01791	0.01800	0.01319	0.00772	0.00693	0.00194	0.02781	0.00611	0.00593	0.13084

[dist]
# distance from previous block
# <min> <max>
0	7

[block]
# block no. 2 follows, 32 sequences, length 31
# corresponding to MSA columns:
# 34-64
name=unknown_C
#
# <colnr> <probs for GDERKNQSTAVLIFYWHMCP>
#	G	D	E	R	K	N	Q	S	T	A	V	L	I	F	Y	W	H	M	C	P
0	0.67149	0.01357	0.01128	0.00964	0.01405	0.01531	0.00793	0.09644	0.01385	0.03095	0.01027	0.01168	0.00791	0.00635	0.00449	0.00200	0.00542	0.00393	0.00443	0.05898
1	0.01399	0.01200	0.01262	0.01156	0.01483	0.01322	0.00893	0.02754	0.48987	0.02534	0.07196	0.03688	0.21032	0.01145	0.00718	0.00227	0.00469	0.00957	0.00669	0.00908
2	0.01108	0.00900	0.01011	0.00969	0.01204	0.00913	0.00740	0.01824	0.21713	0.02364	0.24588	0.09172	0.24910	0.01406	0.00771	0.00229	0.00405	0.04367	0.00674	0.00731
3	0.02506	0.03198	0.01901	0.01729	0.02074	0.73725	0.01296	0.02679	0.01901	0.01642	0.01037	0.01210	0.00864	0.00691	0.00605	0.00173	0.01210	0.00432	0.00346	0.00778
4	0.02578	0.01836	0.01987	0.01523	0.02059	0.02016	0.01258	0.66042	0.03082	0.08286	0.01672	0.01651	0.01172	0.00807	0.00671	0.00202	0.00728	0.00608	0.00681	0.01141
5	0.01637	0.01570	0.02680	0.08423	0.68116	0.01588	0.02047	0.02038	0.01516	0.02163	0.01258	0.01668	0.01053	0.00602	0.00665	0.00201	0.00803	0.00598	0.00330	0.01044
6	0.01494	0.01864	0.11316	0.02461	0.03098	0.01576	0.51567	0.02129	0.05997	0.02150	0.01638	0.08464	0.01372	0.00734	0.00773	0.00229	0.01010	0.00856	0.00381	0.00893
7	0.02249	0.02755	0.02223	0.01883	0.02291	0.52868	0.13413	0.02685	0.09605	0.01863	0.01284	0.01462	0.01024	0.00694	0.00647	0.00188	0.01120	0.00533	0.00382	0.00832
8	0.01511	0.15037	0.45352	0.01955	0.02800	0.01784	0.15519	0.04642	0.01506	0.02119	0.01205	0.01446	0.00896	0.00619	0.00636	0.00204	0.00965	0.00536	0.00309	0.00959
9	0.01748	0.27286	0.35051	0.01589	0.02341	0.04552	0.01787	0.14138	0.01724	0.02301	0.01181	0.01332	0.00906	0.00648	0.00574	0.00186	0.00864	0.00468	0.00356	0.00968
10	0.01528	0.08988	0.01734	0.14300	0.02170	0.01625	0.01162	0.02823	0.44212	0.02442	0.07128	0.02554	0.04703	0.00895	0.00667	0.00217	0.00593	0.00745	0.00576	0.00937
11	0.19375	0.01247	0.01482	0.01163	0.01662	0.01202	0.00960	0.09518	0.01878	0.51374	0.02186	0.01967	0.01414	0.00784	0.00620	0.00207	0.00576	0.00602	0.00728	0.01055
12	0.01661	0.01594	0.02724	0.04119	0.72233	0.01594	0.02059	0.02059	0.01528	0.02192	0.01262	0.01661	0.01063	0.00598	0.00664	0.00199	0.00797	0.00598	0.00332	0.01063
13	0.00818	0.00584	0.00779	0.00934	0.00973	0.00545	0.00623	0.00934	0.01285	0.01713	0.03698	0.75981	0.04438	0.02102	0.00856	0.00273	0.00389	0.01908	0.00623	0.00545
14	0.00811	0.00610	0.00752	0.00866	0.00955	0.00551	0.00593	0.00942	0.01350	0.01740	0.04529	0.57345	0.22538	0.01994	0.00839	0.00260	0.00376	0.01776	0.00623	0.00551
15	0.00960	0.00714	0.01052	0.01052	0.01163	0.00825	0.00806	0.01181	0.01071	0.01538	0.01821	0.02768	0.01735	0.10422	0.68449	0.01046	0.01711	0.00738	0.00363	0.00585
16	0.81159	0.01298	0.00986	0.00882	0.01298	0.01505	0.00727	0.01972	0.01142	0.03010	0.00934	0.01090	0.00727	0.00623	0.00415	0.00208	0.00519	0.00363	0.00415	0.00727
17	0.01034	0.00747	0.01020	0.01151	0.01303	0.00733	0.00981	0.01320	0.01546	0.02013	0.07841	0.12299	0.08860	0.01832	0.00904	0.00295	0.00564	0.54321	0.00626	0.00610
18	0.00827	0.00675	0.00730	0.00729	0.00930	0.00579	0.00542	0.01024	0.01591	0.01987	0.20010	0.10393	0.54336	0.01656	0.00797	0.00226	0.00338	0.01404	0.00647	0.00579
19	0.01059	0.00811	0.01044	0.00992	0.01019	0.00942	0.00691	0.01139	0.01008	0.01414	0.01825	0.03481	0.01993	0.47126	0.18922	0.00683	0.14120	0.00849	0.00376	0.00508
20	0.02551	0.01879	0.02014	0.01544	0.02081	0.02081	0.01275	0.69996	0.03155	0.04229	0.01611	0.01611	0.01141	0.00805	0.00671	0.00201	0.00738	0.00604	0.00671	0.01141
21	0.00818	0.00584	0.00779	0.00934	0.00973	0.00545	0.00623	0.00934	0.01285	0.01713	0.03698	0.75981	0.04438	0.02102	0.00856	0.00273	0.00389	0.01908	0.00623	0.00545
22	0.01419	0.01417	0.02419	0.50058	0.15311	0.03902	0.12181	0.01868	0.01427	0.01855	0.01224	0.01752	0.00939	0.00644	0.00686	0.00218	0.00925	0.00621	0.00311	0.00822
23	0.02550	0.01870	0.01966	0.01524	0.02048	0.04674	0.01252	0.61366	0.05129	0.08262	0.01687	0.01665	0.01190	0.00806	0.00669	0.00201	0.00739	0.00607	0.00669	0.01125
24	0.00889	0.00703	0.00813	0.00840	0.01038	0.00627	0.00667	0.01118	0.01599	0.02014	0.17565	0.06464	0.44216	0.01678	0.00824	0.00243	0.00402	0.17067	0.00642	0.00590
25	0.02022	0.01545	0.01653	0.01386	0.01817	0.01736	0.01106	0.27221	0.40348	0.06332	0.02300	0.02175	0.01691	0.00863	0.00668	0.00214	0.00596	0.00693	0.04562	0.01072
26	0.04580	0.04202	0.02589	0.14197	0.04801	0.05925	0.28455	0.02166	0.11621	0.02162	0.06156	0.06797	0.01684	0.00795	0.00718	0.00220	0.00862	0.00794	0.00428	0.00849
27	0.01620	0.01571	0.02732	0.10460	0.62023	0.01591	0.06055	0.02033	0.01514	0.02146	0.01261	0.01681	0.01045	0.00603	0.00672	0.00203	0.00826	0.00609	0.00329	0.01025
28	0.00840	0.00631	0.00784	0.00893	0.00996	0.00575	0.00637	0.00995	0.01392	0.01795	0.06377	0.48832	0.22524	0.01950	0.00844	0.00262	0.00396	0.08091	0.00626	0.00560
29	0.12464	0.01597	0.01756	0.01362	0.01879	0.01698	0.01125	0.42556	0.02553	0.23548	0.01821	0.01737	0.01237	0.00790	0.00640	0.00204	0.00663	0.00594	0.00685	0.01090
30	0.05651	0.06338	0.02105	0.05447	0.14690	0.09517	0.02778	0.24257	0.02025	0.02757	0.01291	0.01489	0.01012	0.00678	0.00655	0.00181	0.03061	0.00525	0.00455	0.15086

[dist]
# distance from previous block
# <min> <max>
0	8

[block]
# block no. 3 follows, 32 sequences, length 44
# corresponding to MSA columns:
# 73-116
name=unknown_D
#
# <colnr> <probs for GDERKNQSTAVLIFYWHMCP>
#	G	D	E	R	K	N	Q	S	T	A	V	L	I	F	Y	W	H	M	C	P
0	0.15918	0.04095	0.01991	0.02067	0.20074	0.03948	0.04754	0.10660	0.10590	0.08834	0.01573	0.01828	0.01243	0.04816	0.00848	0.00233	0.04504	0.00601	0.00479	0.00944
1	0.02508	0.03153	0.01905	0.01722	0.02075	0.71276	0.01296	0.04980	0.01944	0.01731	0.01057	0.01224	0.00874	0.00695	0.00607	0.00174	0.01194	0.00438	0.00357	0.00790
2	0.01660	0.18562	0.28778	0.06146	0.02390	0.08468	0.01700	0.07301	0.10387	0.02173	0.01482	0.01837	0.01195	0.00745	0.00616	0.00201	0.00849	0.04195	0.00388	0.00928
3	0.00850	0.00670	0.00769	0.00779	0.00956	0.00588	0.00577	0.01060	0.01606	0.02067	0.25864	0.16001	0.40938	0.01662	0.00805	0.00230	0.00346	0.02988	0.00658	0.00585
4	0.01420	0.01339	0.02270	0.53305	0.17794	0.01550	0.05950	0.04816	0.01473	0.01946	0.01235	0.01757	0.00946	0.00656	0.00677	0.00218	0.00883	0.00609	0.00324	0.00835
5	0.02066	0.01602	0.01701	0.01406	0.01848	0.01803	0.01129	0.35222	0.34384	0.03469	0.02163	0.02076	0.01595	0.00852	0.00664	0.00211	0.00617	0.00677	0.05442	0.01074
6	0.00796	0.00670	0.00690	0.00706	0.00913	0.00564	0.00521	0.00960	0.01504	0.01802	0.06480	0.13577	0.65046	0.01741	0.00800	0.00231	0.00345	0.01466	0.00623	0.00564
7	0.02468	0.01597	0.01788	0.01416	0.01913	0.01714	0.01155	0.38375	0.18100	0.21035	0.02122	0.01980	0.01475	0.00835	0.00675	0.00209	0.00650	0.00657	0.00714	0.01124
8	0.01576	0.01351	0.01436	0.01313	0.01668	0.01543	0.01027	0.03264	0.62283	0.02694	0.03048	0.03067	0.06757	0.01019	0.00705	0.00232	0.00524	0.04817	0.00675	0.01003
9	0.76936	0.01289	0.01017	0.00899	0.01320	0.01477	0.00741	0.02043	0.01184	0.06776	0.01027	0.01155	0.00777	0.00634	0.00429	0.00208	0.00522	0.00380	0.00438	0.00749
10	0.01694	0.01673	0.02643	0.07089	0.65048	0.05915	0.02005	0.02081	0.01542	0.02138	0.01246	0.01639	0.01044	0.00607	0.00661	0.00199	0.00826	0.00588	0.00331	0.01032
11	0.00980	0.00701	0.00991	0.00991	0.01093	0.00793	0.00742	0.01183	0.01081	0.01573	0.01876	0.02927	0.01810	0.16949	0.57183	0.00948	0.01509	0.00757	0.05346	0.00568
12	0.01251	0.01171	0.01970	0.72232	0.04494	0.01458	0.01820	0.01687	0.01340	0.01714	0.01280	0.04375	0.01018	0.00721	0.00677	0.00225	0.00877	0.00642	0.00309	0.00738
13	0.01085	0.00731	0.00853	0.00795	0.01027	0.00635	0.00606	0.01319	0.01709	0.09590	0.30682	0.05479	0.40048	0.01486	0.00780	0.00219	0.00355	0.01262	0.00688	0.00652
14	0.01468	0.01468	0.02055	0.01762	0.01762	0.02055	0.01468	0.01615	0.01028	0.01615	0.00881	0.01468	0.00881	0.01174	0.02202	0.00294	0.75191	0.00587	0.00294	0.00734
15	0.01593	0.01044	0.01212	0.01103	0.01407	0.01069	0.00846	0.02436	0.27734	0.16655	0.10424	0.16127	0.12998	0.01264	0.00738	0.00230	0.00465	0.01084	0.00699	0.00873
16	0.00923	0.00677	0.00931	0.00991	0.01056	0.00723	0.00710	0.01075	0.01159	0.01596	0.02648	0.32766	0.02964	0.14851	0.28700	0.00637	0.03151	0.03411	0.00480	0.00551
17	0.01343	0.01040	0.05542	0.01112	0.05439	0.00933	0.03022	0.04352	0.07345	0.02357	0.02025	0.02560	0.01688	0.11585	0.00950	0.00241	0.00500	0.00674	0.43880	0.03413
18	0.01669	0.01441	0.01517	0.01365	0.01745	0.01669	0.01062	0.03565	0.71021	0.02807	0.02731	0.02503	0.02048	0.00910	0.00683	0.00228	0.00531	0.00759	0.00683	0.01062
19	0.02815	0.01136	0.01516	0.01172	0.01678	0.00990	0.00963	0.03128	0.04222	0.64782	0.02750	0.02415	0.04333	0.00853	0.00672	0.00205	0.00558	0.00695	0.00800	0.04318
20	0.02255	0.01733	0.01847	0.01484	0.01968	0.01943	0.01204	0.47715	0.25918	0.03752	0.01987	0.01910	0.01445	0.00841	0.00675	0.00210	0.00669	0.00656	0.00675	0.01115
21	0.69899	0.01570	0.01117	0.01004	0.01409	0.11844	0.00808	0.02074	0.01251	0.02815	0.00949	0.01107	0.00746	0.00633	0.00442	0.00203	0.00618	0.00373	0.00405	0.00734
22	0.00838	0.00600	0.00785	0.00919	0.00969	0.00561	0.00619	0.00961	0.01299	0.01727	0.05640	0.65145	0.06635	0.06697	0.01014	0.00294	0.00409	0.03734	0.00613	0.00542
23	0.01234	0.00690	0.01048	0.03934	0.01143	0.00707	0.02548	0.03583	0.00999	0.01331	0.01189	0.02007	0.01150	0.02158	0.02419	0.71987	0.00616	0.00590	0.00307	0.00359
24	0.00939	0.00650	0.00727	0.00737	0.00772	0.00632	0.00435	0.00971	0.01075	0.01401	0.02886	0.09261	0.12520	0.60974	0.02876	0.00566	0.00589	0.01098	0.00451	0.00438
25	0.01038	0.00707	0.00886	0.00837	0.01025	0.00636	0.00629	0.01308	0.01786	0.06816	0.49845	0.09400	0.19667	0.01450	0.00788	0.00218	0.00342	0.01264	0.00713	0.00646
26	0.00814	0.00598	0.00764	0.00898	0.00964	0.00548	0.00607	0.00938	0.01320	0.01727	0.04142	0.66028	0.14104	0.02044	0.00847	0.00266	0.00382	0.01837	0.00623	0.00548
27	0.00931	0.00672	0.00833	0.00919	0.00985	0.00660	0.00621	0.01150	0.05621	0.01729	0.05520	0.44614	0.05644	0.20967	0.01500	0.00365	0.00475	0.05668	0.00575	0.00550
28	0.02196	0.01703	0.01814	0.01472	0.01946	0.01915	0.01189	0.43245	0.30484	0.03656	0.02062	0.01970	0.01506	0.00848	0.00676	0.00212	0.00655	0.00666	0.00676	0.01109
29	0.01794	0.76823	0.03516	0.01148	0.01722	0.02655	0.01148	0.02009	0.01363	0.01579	0.00933	0.01076	0.00861	0.00574	0.00431	0.00144	0.00718	0.00359	0.00287	0.00861
30	0.00916	0.00633	0.00779	0.00833	0.00862	0.00624	0.00523	0.00988	0.01135	0.01529	0.05784	0.30119	0.03284	0.41567	0.07004	0.00523	0.00617	0.01305	0.00496	0.00479
31	0.01664	0.01612	0.02505	0.05961	0.52344	0.04494	0.04872	0.02269	0.11475	0.02220	0.01484	0.01833	0.01218	0.02280	0.00730	0.00214	0.00791	0.00631	0.00384	0.01019
32	0.01545	0.01702	0.03441	0.04603	0.03134	0.01721	0.52284	0.02019	0.01466	0.02040	0.01258	0.01728	0.00988	0.00677	0.01034	0.00233	0.14685	0.00731	0.00332	0.04376
33	0.01611	0.06535	0.10567	0.02343	0.05927	0.01731	0.38054	0.04188	0.01505	0.04478	0.01328	0.01791	0.01061	0.04020	0.01057	0.00245	0.11625	0.00694	0.00354	0.00888
34	0.02124	0.21180	0.12490	0.01520	0.02077	0.17129	0.01405	0.26726	0.02122	0.02628	0.01268	0.01400	0.00989	0.00844	0.03090	0.00212	0.00904	0.00495	0.00440	0.00955
35	0.00907	0.00669	0.00962	0.01016	0.01108	0.00724	0.00752	0.01106	0.01189	0.01664	0.05617	0.29191	0.02881	0.03812	0.44208	0.00749	0.01223	0.01170	0.00471	0.00581
36	0.04401	0.01526	0.01746	0.01434	0.01811	0.01737	0.01165	0.34057	0.12750	0.09342	0.01878	0.06027	0.01495	0.01208	0.05456	0.00278	0.11391	0.00705	0.00603	0.00991
37	0.01527	0.06841	0.20440	0.02420	0.06051	0.01764	0.37336	0.02062	0.01455	0.02041	0.01228	0.01618	0.00952	0.00663	0.00908	0.00225	0.10586	0.00658	0.00316	0.00908
38	0.01000	0.00768	0.01008	0.07395	0.01354	0.00757	0.00755	0.01395	0.05588	0.02504	0.54075	0.07416	0.10752	0.01338	0.00777	0.00217	0.00384	0.01177	0.00683	0.00658
39	0.00818	0.00584	0.00779	0.00934	0.00973	0.00545	0.00623	0.00934	0.01285	0.01713	0.03698	0.75981	0.04438	0.02102	0.00856	0.00273	0.00389	0.01908	0.00623	0.00545
40	0.01611	0.12557	0.04943	0.12232	0.03131	0.06331	0.38205	0.02051	0.01481	0.01924	0.01204	0.01622	0.00952	0.00650	0.00845	0.00217	0.08214	0.00654	0.00321	0.00854
41	0.01188	0.01043	0.01563	0.05592	0.07826	0.01300	0.01189	0.01426	0.01118	0.01639	0.01446	0.02159	0.01345	0.03262	0.42166	0.00722	0.23331	0.00663	0.00334	0.00688
42	0.00804	0.00653	0.00714	0.00757	0.00928	0.00562	0.00545	0.00963	0.01470	0.01809	0.07769	0.26156	0.50922	0.01804	0.00811	0.00239	0.00353	0.01550	0.00626	0.00562
43	0.00992	0.00768	0.01143	0.01123	0.01235	0.00919	0.00880	0.01226	0.01075	0.01561	0.01737	0.02559	0.01625	0.04779	0.69052	0.01027	0.06626	0.00710	0.00355	0.00608

[dist]
# distance from previous block
# <min> <max>
0	1

[block]
# block no. 4 follows, 32 sequences, length 22
# corresponding to MSA columns:
# 118-139
name=unknown_E
#
# <colnr> <probs for GDERKNQSTAVLIFYWHMCP>
#	G	D	E	R	K	N	Q	S	T	A	V	L	I	F	Y	W	H	M	C	P
0	0.01563	0.06230	0.31182	0.01781	0.02267	0.07763	0.01845	0.04662	0.01361	0.01929	0.01058	0.01412	0.00876	0.00870	0.01279	0.00239	0.31983	0.00526	0.00308	0.00866
1	0.00807	0.00669	0.00707	0.00722	0.00921	0.00568	0.00532	0.00981	0.01525	0.01861	0.10933	0.14759	0.59253	0.01725	0.00801	0.00231	0.00344	0.01461	0.00631	0.00568
2	0.00961	0.00710	0.01033	0.01033	0.01137	0.00814	0.00782	0.01169	0.01065	0.01524	0.01839	0.02868	0.01778	0.14473	0.64457	0.01022	0.01646	0.00753	0.00366	0.00574
3	0.00928	0.00673	0.00875	0.00849	0.00996	0.00620	0.00628	0.01215	0.01812	0.02542	0.61350	0.13639	0.08412	0.01472	0.00799	0.00219	0.00326	0.01304	0.00721	0.00620
4	0.01593	0.01512	0.02507	0.13568	0.56384	0.01546	0.01926	0.02052	0.04270	0.02151	0.01308	0.01698	0.01075	0.00615	0.00657	0.00198	0.00784	0.00593	0.00345	0.05218
5	0.01118	0.00848	0.01135	0.01095	0.01250	0.00970	0.00837	0.05055	0.08442	0.01800	0.01919	0.02761	0.01772	0.12240	0.54563	0.00897	0.01484	0.00745	0.00415	0.00655
6	0.00904	0.00684	0.00833	0.00796	0.00974	0.00614	0.00597	0.01178	0.01791	0.02434	0.52840	0.05435	0.25531	0.01468	0.00792	0.00216	0.00323	0.01273	0.00705	0.00614
7	0.02038	0.01272	0.01485	0.01225	0.01620	0.01319	0.00980	0.19951	0.17187	0.20813	0.21331	0.02904	0.02888	0.00989	0.00707	0.00211	0.00536	0.00822	0.00732	0.00985
8	0.01589	0.01786	0.05613	0.09542	0.02107	0.15953	0.01427	0.03160	0.01321	0.01716	0.01252	0.07622	0.01213	0.01250	0.04939	0.00292	0.37465	0.00668	0.00342	0.00744
9	0.02506	0.03198	0.01901	0.01729	0.02074	0.73725	0.01296	0.02679	0.01901	0.01642	0.01037	0.01210	0.00864	0.00691	0.00605	0.00173	0.01210	0.00432	0.00346	0.00778
10	0.00972	0.00645	0.00901	0.00994	0.01066	0.00642	0.00736	0.01053	0.01226	0.01632	0.02941	0.31953	0.05667	0.02475	0.10921	0.19036	0.00667	0.15453	0.00510	0.00509
11	0.00831	0.00598	0.00766	0.00894	0.00944	0.00557	0.00592	0.00941	0.01275	0.01681	0.03798	0.63287	0.09783	0.09325	0.01101	0.00306	0.00411	0.01776	0.00602	0.00533
12	0.02286	0.01687	0.01944	0.01760	0.10419	0.01826	0.01282	0.52284	0.02730	0.05912	0.01862	0.04974	0.03374	0.00862	0.00675	0.00203	0.00699	0.00685	0.03465	0.01071
13	0.01555	0.01187	0.01408	0.01014	0.01603	0.00904	0.00814	0.01849	0.01445	0.09314	0.01340	0.01482	0.01061	0.00531	0.00515	0.00110	0.00504	0.00426	0.00441	0.72497
14	0.01102	0.00851	0.01078	0.00991	0.01199	0.00869	0.02285	0.08801	0.01589	0.02126	0.15783	0.04133	0.22435	0.07673	0.25439	0.00535	0.00908	0.01012	0.00540	0.00650
15	0.01794	0.76823	0.03516	0.01148	0.01722	0.02655	0.01148	0.02009	0.01363	0.01579	0.00933	0.01076	0.00861	0.00574	0.00431	0.00144	0.00718	0.00359	0.00287	0.00861
16	0.00941	0.00639	0.00755	0.00788	0.00800	0.00635	0.00469	0.00975	0.01045	0.01398	0.02440	0.19561	0.02837	0.57977	0.05459	0.00586	0.00637	0.01165	0.00451	0.00443
17	0.02606	0.01157	0.01615	0.04214	0.07607	0.01056	0.01083	0.02959	0.04802	0.55443	0.08161	0.02447	0.01982	0.00853	0.00684	0.00209	0.00579	0.00713	0.00755	0.01075
18	0.01394	0.11604	0.53067	0.01899	0.05970	0.01628	0.05546	0.02029	0.01403	0.02021	0.01292	0.03702	0.01038	0.03712	0.00741	0.00224	0.00926	0.00560	0.00304	0.00939
19	0.02417	0.05175	0.01991	0.01734	0.05732	0.39678	0.01295	0.21012	0.06745	0.05848	0.01390	0.01474	0.01066	0.00734	0.00628	0.00186	0.00967	0.00518	0.00477	0.00931
20	0.01634	0.05494	0.47045	0.01862	0.05880	0.01526	0.04917	0.04986	0.03390	0.10132	0.01421	0.01565	0.01011	0.00657	0.00636	0.00202	0.00879	0.00534	0.00383	0.05848
21	0.08942	0.14378	0.09253	0.01536	0.04041	0.18948	0.01320	0.21763	0.02029	0.06542	0.01296	0.01395	0.00986	0.00691	0.00584	0.00183	0.00836	0.00487	0.00458	0.04332

[dist]
# distance from previous block
# <min> <max>
0	4

[block]
# block no. 5 follows, 32 sequences, length 22
# corresponding to MSA columns:
# 144-165
name=unknown_F
#
# <colnr> <probs for GDERKNQSTAVLIFYWHMCP>
#	G	D	E	R	K	N	Q	S	T	A	V	L	I	F	Y	W	H	M	C	P
0	0.61530	0.07432	0.01226	0.00935	0.01342	0.01478	0.00775	0.02003	0.01238	0.08729	0.01302	0.07200	0.01115	0.00755	0.00474	0.00208	0.00529	0.00513	0.00457	0.00759
1	0.08117	0.01698	0.03402	0.06896	0.14761	0.01653	0.49123	0.02096	0.01525	0.02203	0.01298	0.01725	0.00995	0.00582	0.00733	0.00220	0.01012	0.00714	0.00342	0.00908
2	0.61393	0.01836	0.18806	0.01137	0.01695	0.01518	0.01161	0.02010	0.01210	0.02791	0.01001	0.01171	0.00757	0.00626	0.00470	0.00209	0.00636	0.00396	0.00383	0.00792
3	0.01463	0.01138	0.01224	0.01090	0.01342	0.01238	0.00802	0.13325	0.26194	0.02428	0.05727	0.03491	0.08998	0.26711	0.01627	0.00367	0.00578	0.00891	0.00583	0.00785
4	0.01544	0.07726	0.02264	0.46508	0.19411	0.01572	0.01775	0.01945	0.01433	0.07643	0.01306	0.01740	0.00993	0.00659	0.00649	0.00210	0.00831	0.00583	0.00349	0.00860
5	0.01630	0.01563	0.02667	0.09696	0.66898	0.01586	0.02044	0.02032	0.01513	0.02154	0.01257	0.01671	0.01050	0.00604	0.00665	0.00201	0.00805	0.00598	0.00329	0.01038
6	0.00793	0.00680	0.00680	0.00680	0.00906	0.00566	0.00510	0.00963	0.01529	0.01813	0.06797	0.06457	0.71961	0.01699	0.00793	0.00227	0.00340	0.01416	0.00623	0.00566
7	0.01892	0.01785	0.01799	0.08949	0.02196	0.15862	0.04356	0.06104	0.37968	0.06057	0.02056	0.02055	0.01547	0.00828	0.00725	0.00216	0.03425	0.00662	0.00555	0.00963
8	0.02514	0.02980	0.01920	0.01698	0.02075	0.61869	0.01293	0.13819	0.02109	0.02070	0.01132	0.01276	0.00910	0.00710	0.00616	0.00178	0.01132	0.00461	0.00400	0.00838
9	0.01375	0.01268	0.01966	0.46872	0.13148	0.01421	0.01648	0.01910	0.07100	0.01948	0.01329	0.01764	0.01029	0.00652	0.00642	0.00200	0.00785	0.00577	0.00351	0.14017
10	0.02185	0.02326	0.02038	0.06264	0.04666	0.34534	0.04481	0.19060	0.02016	0.02323	0.01229	0.01482	0.00988	0.00961	0.04160	0.00241	0.09225	0.00537	0.00418	0.00869
11	0.00976	0.00651	0.00732	0.00732	0.00732	0.00651	0.00407	0.00976	0.00976	0.01301	0.02114	0.04391	0.02439	0.76419	0.03415	0.00651	0.00651	0.00976	0.00407	0.00407
12	0.00841	0.00696	0.00791	0.00873	0.03664	0.00606	0.00600	0.01018	0.01503	0.01861	0.09945	0.20186	0.51623	0.01718	0.00801	0.00234	0.00366	0.01471	0.00619	0.00585
13	0.01880	0.06017	0.02321	0.13105	0.20862	0.10479	0.07821	0.12303	0.03618	0.07381	0.01572	0.06786	0.01311	0.00776	0.00672	0.00206	0.00828	0.00682	0.00443	0.00936
14	0.02580	0.01405	0.01646	0.05363	0.01918	0.05962	0.01089	0.17241	0.03724	0.42057	0.08038	0.02276	0.01855	0.00854	0.00679	0.00206	0.00644	0.00687	0.00724	0.01052
15	0.00884	0.00636	0.00839	0.00889	0.00988	0.00590	0.00628	0.01102	0.01596	0.02208	0.38239	0.40028	0.05397	0.01732	0.00823	0.00241	0.00352	0.01556	0.00682	0.00590
16	0.01512	0.23179	0.49553	0.01732	0.02579	0.04187	0.04405	0.02112	0.01424	0.01963	0.01131	0.01332	0.00859	0.00620	0.00586	0.00193	0.00930	0.00467	0.00288	0.00947
17	0.01976	0.04278	0.04748	0.04880	0.02446	0.03510	0.20593	0.20936	0.04988	0.11079	0.01721	0.06581	0.01365	0.00837	0.00830	0.00221	0.06797	0.00739	0.00514	0.00960
18	0.00967	0.00665	0.00800	0.00783	0.00839	0.00654	0.00498	0.01078	0.01274	0.01755	0.24292	0.04508	0.03643	0.49279	0.05800	0.00530	0.00597	0.01040	0.00510	0.00487
19	0.00818	0.00584	0.00779	0.00934	0.00973	0.00545	0.00623	0.00934	0.01285	0.01713	0.03698	0.75981	0.04438	0.02102	0.00856	0.00273	0.00389	0.01908	0.00623	0.00545
20	0.17880	0.01309	0.04179	0.01192	0.01613	0.01284	0.05826	0.13965	0.05167	0.15873	0.04278	0.02020	0.01502	0.00769	0.00582	0.00196	0.00571	0.00612	0.20295	0.00886
21	0.01249	0.01042	0.01240	0.00979	0.01437	0.00808	0.00752	0.01502	0.01365	0.02069	0.01813	0.19863	0.01847	0.00894	0.00586	0.00142	0.00470	0.00771	0.00453	0.60715

[dist]
# distance from previous block
# <min> <max>
0	5

# created by:
# /home/berkeley/.conda/envs/busco_data_prod/bin/msa2prfl.pl pipeline/OGs_align_augustus/4893/276.fs
