[name]
unknown

[dist]
# distance from previous block
# <min> <max>
0	7

[block]
# block no. 0 follows, 34 sequences, length 108
# corresponding to MSA columns:
# 7-114
name=unknown_A
#
# <colnr> <probs for GDERKNQSTAVLIFYWHMCP>
#	G	D	E	R	K	N	Q	S	T	A	V	L	I	F	Y	W	H	M	C	P
0	0.01069	0.00783	0.01119	0.01327	0.04897	0.00783	0.01088	0.01371	0.01487	0.01942	0.03312	0.07007	0.03585	0.01725	0.00880	0.00292	0.00604	0.65532	0.00581	0.00616
1	0.02273	0.01635	0.01762	0.01369	0.01849	0.01775	0.01125	0.59237	0.02789	0.07235	0.02206	0.02149	0.09840	0.00881	0.00661	0.00197	0.00657	0.00680	0.00648	0.01032
2	0.00940	0.00626	0.00705	0.00705	0.00705	0.00626	0.00392	0.00940	0.00940	0.01253	0.02036	0.04228	0.02349	0.77292	0.03289	0.00626	0.00626	0.00940	0.00392	0.00392
3	0.01495	0.05283	0.04517	0.36685	0.29334	0.06063	0.01799	0.03813	0.01444	0.01890	0.01163	0.01593	0.00923	0.00619	0.00627	0.00199	0.00836	0.00551	0.00311	0.00856
4	0.02714	0.01083	0.01457	0.01135	0.01603	0.00952	0.00930	0.05174	0.01866	0.65481	0.06033	0.04856	0.01897	0.00867	0.00661	0.00202	0.00537	0.00714	0.00784	0.01056
5	0.01597	0.01209	0.01307	0.01148	0.01463	0.03319	0.00895	0.11793	0.31097	0.07411	0.21235	0.04893	0.02943	0.00994	0.00673	0.00206	0.00487	0.00835	0.05615	0.00881
6	0.00779	0.00653	0.00666	0.00664	0.00868	0.00552	0.00491	0.00941	0.01462	0.01758	0.09250	0.06058	0.66529	0.05390	0.00889	0.00238	0.00341	0.01334	0.00595	0.00541
7	0.01930	0.08044	0.04482	0.07985	0.02123	0.13883	0.02956	0.23304	0.20165	0.02698	0.04777	0.01824	0.01444	0.00766	0.00627	0.00195	0.00747	0.00599	0.00517	0.00933
8	0.08876	0.20484	0.07968	0.01481	0.04263	0.18357	0.01264	0.21145	0.06148	0.02484	0.01236	0.01335	0.00967	0.00668	0.00553	0.00177	0.00800	0.00468	0.00425	0.00902
9	0.01824	0.01320	0.01537	0.04090	0.01763	0.03637	0.03452	0.15831	0.15006	0.14324	0.02276	0.05508	0.06880	0.03247	0.00718	0.00200	0.00590	0.00708	0.00574	0.16517
10	0.08187	0.04920	0.44086	0.01706	0.02430	0.10170	0.06944	0.02025	0.01391	0.02024	0.01185	0.03640	0.00935	0.00665	0.00646	0.00198	0.03334	0.00517	0.00310	0.04687
11	0.01699	0.01909	0.06532	0.17017	0.32695	0.17289	0.03868	0.04205	0.01536	0.01938	0.01149	0.01510	0.00932	0.00642	0.00701	0.00197	0.04435	0.00541	0.00322	0.00884
12	0.01448	0.01552	0.02873	0.02193	0.02529	0.01751	0.36948	0.01795	0.01272	0.01822	0.01180	0.04272	0.01038	0.00863	0.01379	0.00249	0.35022	0.00712	0.00317	0.00785
13	0.04855	0.01793	0.01651	0.01407	0.01777	0.22892	0.05707	0.08322	0.18505	0.12582	0.02065	0.04539	0.04629	0.05422	0.00799	0.00224	0.00759	0.00679	0.00530	0.00863
14	0.01031	0.00719	0.00840	0.00831	0.01025	0.00658	0.00614	0.01327	0.06341	0.07914	0.16717	0.23298	0.33157	0.01558	0.00762	0.00225	0.00367	0.01347	0.00640	0.00630
15	0.01122	0.00561	0.00842	0.00842	0.00842	0.00561	0.00561	0.00842	0.00842	0.01122	0.01122	0.01964	0.01122	0.02245	0.02525	0.81201	0.00561	0.00561	0.00281	0.00281
16	0.08799	0.01067	0.01315	0.12583	0.01746	0.01218	0.00948	0.13980	0.01453	0.05051	0.01596	0.02484	0.01476	0.23581	0.11584	0.00445	0.06702	0.00681	0.02607	0.00683
17	0.01321	0.01252	0.02120	0.56612	0.22788	0.01462	0.01845	0.01739	0.01340	0.01773	0.01166	0.01690	0.00905	0.00627	0.00644	0.00209	0.00836	0.00575	0.00296	0.00799
18	0.08458	0.01151	0.01286	0.01107	0.01457	0.01213	0.00874	0.10333	0.23608	0.17791	0.12875	0.06119	0.04315	0.00959	0.00647	0.00206	0.00487	0.00791	0.05424	0.00898
19	0.00813	0.00631	0.00739	0.00765	0.00916	0.00558	0.00554	0.01002	0.01510	0.01959	0.24492	0.24783	0.35662	0.01651	0.00780	0.00226	0.00334	0.01436	0.00631	0.00558
20	0.01628	0.01535	0.01877	0.01572	0.01844	0.14386	0.11771	0.08416	0.01493	0.06145	0.01491	0.05348	0.01313	0.01999	0.21920	0.00452	0.14987	0.00671	0.00397	0.00755
21	0.01591	0.01201	0.01223	0.01097	0.01385	0.09887	0.00852	0.02201	0.17865	0.14733	0.24144	0.03458	0.09630	0.01266	0.04360	0.00247	0.00580	0.02843	0.00637	0.00799
22	0.00787	0.00562	0.00750	0.00900	0.00937	0.00525	0.00600	0.00900	0.01237	0.01649	0.03561	0.76871	0.04274	0.02024	0.00825	0.00262	0.00375	0.01837	0.00600	0.00525
23	0.04608	0.01682	0.01822	0.01421	0.01908	0.01854	0.01168	0.58722	0.06264	0.07936	0.01653	0.01661	0.01183	0.00957	0.03909	0.00233	0.00731	0.00591	0.00636	0.01061
24	0.01813	0.01573	0.01792	0.01491	0.01909	0.04903	0.07483	0.19117	0.44048	0.02880	0.02155	0.02096	0.01614	0.00938	0.02988	0.00237	0.00678	0.00683	0.00600	0.01001
25	0.00787	0.00629	0.00705	0.00742	0.00901	0.00547	0.00535	0.00953	0.01447	0.01814	0.13237	0.25954	0.46057	0.01710	0.00781	0.00229	0.00338	0.01475	0.00613	0.00547
26	0.01880	0.12597	0.02209	0.06716	0.02122	0.25589	0.07092	0.10926	0.01641	0.01929	0.01113	0.01422	0.00936	0.01020	0.05858	0.00254	0.15031	0.00514	0.00353	0.00794
27	0.01432	0.13736	0.43136	0.01912	0.08963	0.01637	0.07304	0.03759	0.03526	0.02066	0.03516	0.01514	0.01068	0.00627	0.00601	0.00192	0.00855	0.00519	0.00320	0.03317
28	0.01693	0.35579	0.15222	0.01797	0.12550	0.09925	0.04541	0.03923	0.03634	0.01864	0.03043	0.01380	0.01048	0.00615	0.00539	0.00170	0.00802	0.00469	0.00324	0.00880
29	0.00780	0.00651	0.00680	0.00682	0.00885	0.00551	0.00508	0.00956	0.01499	0.01829	0.13315	0.09163	0.63039	0.01621	0.00766	0.00219	0.00327	0.01364	0.00612	0.00551
30	0.01578	0.01531	0.02012	0.16377	0.33977	0.11706	0.01550	0.04909	0.01504	0.01965	0.01397	0.02075	0.01233	0.07703	0.00877	0.00235	0.00796	0.03407	0.04333	0.00834
31	0.00871	0.00625	0.00707	0.00742	0.00836	0.00581	0.00496	0.00983	0.01238	0.01624	0.06101	0.20206	0.24809	0.28517	0.01657	0.00370	0.00449	0.03216	0.05479	0.00493
32	0.01696	0.01432	0.01511	0.01333	0.01714	0.01648	0.01044	0.10485	0.64899	0.02846	0.02517	0.02321	0.01881	0.00866	0.00656	0.00217	0.00532	0.00715	0.00656	0.01031
33	0.00791	0.00649	0.00698	0.00700	0.00893	0.00555	0.00519	0.00976	0.01517	0.01884	0.17768	0.11107	0.56480	0.01610	0.00768	0.00219	0.00327	0.01364	0.00619	0.00555
34	0.01711	0.01422	0.01515	0.01335	0.01714	0.01627	0.01055	0.13723	0.58173	0.02877	0.02502	0.02508	0.01920	0.00904	0.00667	0.00219	0.00546	0.03915	0.00653	0.01014
35	0.01883	0.12661	0.09945	0.01705	0.06934	0.07017	0.07592	0.24505	0.06631	0.02636	0.01342	0.01483	0.01032	0.00673	0.00646	0.00182	0.03136	0.00531	0.00444	0.09023
36	0.01996	0.08257	0.07422	0.13173	0.07083	0.25493	0.03790	0.10630	0.06466	0.07640	0.01346	0.01513	0.01021	0.00677	0.00609	0.00187	0.00890	0.00521	0.00411	0.00876
37	0.13543	0.12212	0.44444	0.01621	0.05366	0.01605	0.01809	0.04610	0.01366	0.02149	0.01148	0.01434	0.00897	0.04402	0.00691	0.00215	0.00819	0.00473	0.00315	0.00881
38	0.00804	0.00601	0.00733	0.00813	0.00908	0.00545	0.00559	0.00943	0.01344	0.01749	0.11518	0.45910	0.22779	0.06487	0.00954	0.00267	0.00370	0.01585	0.00599	0.00531
39	0.00817	0.00680	0.00720	0.00738	0.00938	0.00599	0.00553	0.01054	0.04562	0.01785	0.05874	0.14408	0.58498	0.01656	0.00772	0.00227	0.00354	0.04596	0.00602	0.00566
40	0.01466	0.00796	0.00990	0.00911	0.01167	0.00713	0.00692	0.01727	0.04480	0.23564	0.11882	0.22654	0.23538	0.01416	0.00740	0.00222	0.00412	0.01221	0.00675	0.00734
41	0.04151	0.00929	0.01143	0.01022	0.01179	0.00993	0.00751	0.18341	0.04508	0.01979	0.01287	0.01851	0.01140	0.01768	0.01909	0.54969	0.00594	0.00567	0.00391	0.00529
42	0.02509	0.01629	0.01745	0.01375	0.01859	0.06517	0.01121	0.38289	0.09455	0.25775	0.01937	0.01816	0.01326	0.00786	0.00644	0.00196	0.00671	0.00607	0.00675	0.01068
43	0.01065	0.00745	0.00964	0.01032	0.01209	0.00719	0.00853	0.01380	0.04418	0.05362	0.09756	0.13384	0.16795	0.01658	0.00829	0.00263	0.00493	0.37834	0.00618	0.00621
44	0.02302	0.06018	0.01907	0.01644	0.01958	0.65680	0.01256	0.02468	0.01740	0.01577	0.00982	0.01181	0.00833	0.00700	0.00703	0.00175	0.07373	0.00426	0.00326	0.00749
45	0.04837	0.05402	0.09908	0.01477	0.01989	0.12686	0.01303	0.35934	0.05777	0.07237	0.01451	0.01503	0.01063	0.00735	0.00661	0.00190	0.03344	0.00532	0.00523	0.03448
46	0.01788	0.01393	0.01500	0.01313	0.01702	0.01577	0.01031	0.08470	0.60556	0.09247	0.02542	0.02327	0.01873	0.00862	0.00656	0.00216	0.00530	0.00712	0.00670	0.01035
47	0.05390	0.57787	0.10066	0.01144	0.01674	0.02183	0.01160	0.01840	0.01279	0.01632	0.01086	0.03580	0.01018	0.03437	0.04221	0.00213	0.00748	0.00442	0.00299	0.00799
48	0.01647	0.01408	0.01484	0.01323	0.01696	0.01626	0.01032	0.06644	0.68818	0.02768	0.02579	0.02370	0.01931	0.00872	0.00657	0.00218	0.00521	0.00723	0.00657	0.01026
49	0.02014	0.01472	0.01595	0.01329	0.01752	0.01636	0.01063	0.26401	0.38602	0.10465	0.02234	0.02096	0.01624	0.00830	0.00645	0.00206	0.00575	0.00667	0.03755	0.01040
50	0.00978	0.00694	0.00900	0.01006	0.01119	0.00679	0.00774	0.04557	0.01430	0.01909	0.03474	0.42129	0.06803	0.01801	0.00819	0.00264	0.00463	0.25210	0.04409	0.00582
51	0.04027	0.00991	0.01085	0.00931	0.01214	0.01045	0.00740	0.19877	0.01805	0.09314	0.01933	0.02137	0.01473	0.01130	0.07262	0.00248	0.00567	0.00602	0.42839	0.00779
52	0.01543	0.01719	0.05312	0.03102	0.26007	0.01598	0.46737	0.02041	0.01503	0.02082	0.01273	0.01686	0.00990	0.00557	0.00719	0.00209	0.00981	0.00694	0.00323	0.00923
53	0.01231	0.00735	0.00900	0.00827	0.01061	0.00645	0.00631	0.01458	0.01653	0.15920	0.29199	0.10818	0.29656	0.01395	0.00746	0.00213	0.00366	0.01196	0.00678	0.00674
54	0.01351	0.01214	0.01790	0.41027	0.09949	0.01442	0.01497	0.04076	0.14426	0.01976	0.01687	0.02080	0.03932	0.02882	0.00805	0.00226	0.05142	0.00644	0.03058	0.00795
55	0.00922	0.00625	0.00737	0.00753	0.00766	0.00631	0.00448	0.00953	0.00979	0.01315	0.02170	0.11677	0.02489	0.63409	0.08968	0.00623	0.00692	0.01013	0.00409	0.00421
56	0.01746	0.04869	0.18559	0.04342	0.11964	0.04956	0.06758	0.15301	0.01752	0.08182	0.01470	0.04854	0.01167	0.00829	0.02891	0.00215	0.00811	0.00599	0.00428	0.08306
57	0.01696	0.01349	0.02143	0.23858	0.34172	0.01440	0.01672	0.06920	0.01561	0.11833	0.01469	0.04205	0.01163	0.00705	0.00693	0.00205	0.02957	0.00627	0.00407	0.00926
58	0.10157	0.07730	0.10261	0.01716	0.05674	0.05007	0.10765	0.29774	0.07738	0.02942	0.01404	0.01520	0.01045	0.00685	0.00613	0.00195	0.00773	0.00557	0.00479	0.00965
59	0.00933	0.00628	0.00703	0.00703	0.00711	0.00623	0.00395	0.00939	0.00960	0.01272	0.02209	0.04305	0.05067	0.74381	0.03192	0.00611	0.00615	0.00956	0.00400	0.00397
60	0.00940	0.00626	0.00705	0.00705	0.00705	0.00626	0.00392	0.00940	0.00940	0.01253	0.02036	0.04228	0.02349	0.77292	0.03289	0.00626	0.00626	0.00940	0.00392	0.00392
61	0.01622	0.33602	0.28305	0.01495	0.02176	0.01999	0.04648	0.08654	0.07993	0.02082	0.01230	0.01359	0.00962	0.00625	0.00545	0.00178	0.00788	0.00469	0.00347	0.00919
62	0.03037	0.13565	0.43160	0.01656	0.02422	0.01681	0.05948	0.11821	0.01619	0.04642	0.01411	0.01553	0.03356	0.00665	0.00601	0.00195	0.00847	0.00524	0.00360	0.00938
63	0.00922	0.00655	0.00873	0.00882	0.00942	0.00710	0.00611	0.01043	0.01008	0.01401	0.01984	0.08100	0.02111	0.36564	0.38483	0.00807	0.01157	0.00875	0.00383	0.00492
64	0.01411	0.06878	0.42792	0.01573	0.02229	0.03505	0.01786	0.07044	0.04429	0.02128	0.04040	0.01850	0.04132	0.03238	0.00836	0.00219	0.07645	0.00574	0.02815	0.00875
65	0.00938	0.00632	0.00730	0.00730	0.00739	0.00640	0.00424	0.00956	0.00947	0.01272	0.02012	0.04098	0.02292	0.71698	0.08805	0.00658	0.00712	0.00921	0.00388	0.00406
66	0.01657	0.08063	0.15261	0.13408	0.25083	0.10350	0.04672	0.07684	0.01571	0.02062	0.01164	0.01475	0.00923	0.00635	0.00666	0.00195	0.03365	0.00529	0.00331	0.00907
67	0.01340	0.01148	0.01340	0.00957	0.01531	0.00861	0.00766	0.01627	0.01340	0.02105	0.01148	0.01340	0.00957	0.00479	0.00479	0.00096	0.00479	0.00383	0.00383	0.81242
68	0.07853	0.01597	0.08586	0.06852	0.11299	0.06748	0.05707	0.03435	0.01268	0.01872	0.01164	0.01632	0.01008	0.01523	0.14335	0.00373	0.23086	0.00567	0.00323	0.00771
69	0.03451	0.20539	0.37548	0.01753	0.08746	0.06791	0.01785	0.01963	0.01385	0.01890	0.01286	0.05623	0.01117	0.00713	0.00582	0.00191	0.00836	0.02613	0.00313	0.00876
70	0.00873	0.00744	0.00762	0.00742	0.00975	0.00677	0.00561	0.01245	0.10051	0.01902	0.09220	0.05691	0.61214	0.01529	0.00751	0.00218	0.00349	0.01278	0.00612	0.00606
71	0.00929	0.00705	0.00860	0.00814	0.00992	0.00660	0.00612	0.01302	0.06191	0.02432	0.55480	0.04947	0.18947	0.01355	0.00756	0.00207	0.00322	0.01179	0.00686	0.00623
72	0.00940	0.00626	0.00705	0.00705	0.00705	0.00626	0.00392	0.00940	0.00940	0.01253	0.02036	0.04228	0.02349	0.77292	0.03289	0.00626	0.00626	0.00940	0.00392	0.00392
73	0.81856	0.01250	0.00950	0.00850	0.01250	0.01449	0.00700	0.01899	0.01100	0.02899	0.00900	0.01050	0.00700	0.00600	0.00400	0.00200	0.00500	0.00350	0.00400	0.00700
74	0.01362	0.09319	0.64326	0.01736	0.02624	0.01549	0.02197	0.02043	0.01385	0.03838	0.03120	0.01452	0.00982	0.00633	0.00602	0.00199	0.00905	0.00490	0.00298	0.00939
75	0.01921	0.15563	0.23682	0.01526	0.02142	0.11757	0.01531	0.21339	0.07711	0.04828	0.01367	0.01445	0.01020	0.00683	0.00589	0.00186	0.00821	0.00501	0.00434	0.00955
76	0.81856	0.01250	0.00950	0.00850	0.01250	0.01449	0.00700	0.01899	0.01100	0.02899	0.00900	0.01050	0.00700	0.00600	0.00400	0.00200	0.00500	0.00350	0.00400	0.00700
77	0.00852	0.00642	0.00881	0.00910	0.01022	0.00592	0.02926	0.01047	0.01464	0.01985	0.26835	0.44328	0.10670	0.01708	0.00797	0.00237	0.00371	0.01538	0.00628	0.00566
78	0.01528	0.01734	0.03761	0.02778	0.06433	0.01630	0.67901	0.02066	0.01523	0.02072	0.01303	0.01737	0.00982	0.00546	0.00757	0.00217	0.01075	0.00754	0.00326	0.00878
79	0.01166	0.01073	0.01624	0.06645	0.01825	0.02976	0.15713	0.03456	0.06775	0.02211	0.25732	0.06139	0.18023	0.01142	0.00744	0.00214	0.00575	0.02708	0.00553	0.00704
80	0.01020	0.00839	0.03503	0.00921	0.03014	0.00726	0.00701	0.01305	0.03619	0.05633	0.30075	0.04842	0.31839	0.05920	0.00935	0.00237	0.02490	0.01137	0.00612	0.00633
81	0.01572	0.04427	0.13458	0.03878	0.11543	0.03404	0.07886	0.02644	0.32618	0.04365	0.01874	0.01947	0.01424	0.00858	0.03043	0.00232	0.00742	0.00635	0.00476	0.02974
82	0.01727	0.77681	0.03386	0.01106	0.01658	0.02557	0.01106	0.01935	0.01313	0.01520	0.00898	0.01036	0.00829	0.00553	0.00415	0.00138	0.00691	0.00345	0.00276	0.00829
83	0.04098	0.01121	0.01577	0.05238	0.01767	0.01134	0.10561	0.11040	0.08107	0.11578	0.12282	0.12784	0.02440	0.03108	0.00749	0.00218	0.00576	0.00886	0.07942	0.02795
84	0.01547	0.03453	0.05187	0.16515	0.10423	0.05875	0.13257	0.08526	0.01517	0.04025	0.01520	0.01892	0.04569	0.01103	0.07063	0.00284	0.11419	0.00638	0.00368	0.00818
85	0.48925	0.08191	0.01412	0.03099	0.07181	0.01413	0.02843	0.01830	0.01220	0.05843	0.01385	0.11556	0.01281	0.00798	0.00507	0.00203	0.00550	0.00603	0.00424	0.00738
86	0.03561	0.03225	0.09886	0.03644	0.09291	0.17150	0.09481	0.02036	0.08797	0.02047	0.12879	0.02337	0.05968	0.00878	0.00768	0.02675	0.03462	0.00696	0.00428	0.00793
87	0.01590	0.34115	0.04436	0.01337	0.01782	0.05635	0.09511	0.09649	0.01607	0.02036	0.10047	0.08675	0.01867	0.01002	0.03856	0.00216	0.00744	0.00682	0.00413	0.00799
88	0.01394	0.01391	0.02059	0.01816	0.05318	0.01824	0.06906	0.01625	0.02861	0.01659	0.01222	0.01717	0.04073	0.01180	0.03946	0.00291	0.59048	0.00624	0.00313	0.00733
89	0.04808	0.01390	0.02238	0.12621	0.41027	0.01465	0.05916	0.02062	0.11190	0.02098	0.01414	0.01769	0.01147	0.00877	0.03953	0.03355	0.00787	0.00604	0.00366	0.00912
90	0.00835	0.00622	0.00785	0.00902	0.00985	0.00588	0.00630	0.01041	0.04383	0.01726	0.03917	0.59841	0.13473	0.01907	0.00813	0.00257	0.00388	0.05752	0.00602	0.00554
91	0.00923	0.00692	0.01038	0.01038	0.01154	0.00808	0.00808	0.01154	0.01038	0.01500	0.01731	0.02538	0.01615	0.04846	0.74732	0.01038	0.01731	0.00692	0.00346	0.00577
92	0.02456	0.01810	0.01939	0.01487	0.02004	0.02004	0.01228	0.71107	0.03038	0.04072	0.01551	0.01551	0.01099	0.00776	0.00646	0.00194	0.00711	0.00582	0.00646	0.01099
93	0.00917	0.00620	0.00709	0.00726	0.00737	0.00612	0.00419	0.00935	0.00990	0.01313	0.02344	0.12762	0.04620	0.66319	0.02928	0.00572	0.00588	0.01057	0.00422	0.00412
94	0.01490	0.01793	0.12408	0.08777	0.23441	0.04713	0.21413	0.04084	0.01512	0.02073	0.04707	0.05467	0.01358	0.00712	0.00730	0.00209	0.03179	0.00698	0.00355	0.00882
95	0.00984	0.00744	0.00830	0.00798	0.01023	0.00680	0.00613	0.01332	0.07600	0.05380	0.20737	0.05450	0.44987	0.01470	0.00756	0.00218	0.00362	0.04769	0.00639	0.00629
96	0.02336	0.05590	0.01919	0.01705	0.04040	0.64725	0.01269	0.05334	0.01825	0.01696	0.01020	0.01197	0.00849	0.00678	0.00629	0.00171	0.03472	0.00430	0.00342	0.00773
97	0.65641	0.01219	0.01063	0.00911	0.01332	0.01347	0.00751	0.02156	0.01254	0.17441	0.01238	0.01286	0.00885	0.00641	0.00451	0.00200	0.00510	0.00411	0.00482	0.00782
98	0.01570	0.01512	0.02379	0.22730	0.49022	0.04728	0.01870	0.04773	0.01504	0.02047	0.01202	0.01611	0.00975	0.00606	0.00639	0.00197	0.00807	0.00569	0.00325	0.00934
99	0.01334	0.01256	0.01821	0.01562	0.01652	0.01631	0.05448	0.04768	0.01170	0.01736	0.03556	0.06521	0.01381	0.01749	0.13723	0.00394	0.48551	0.00699	0.00347	0.00699
100	0.00787	0.00562	0.00750	0.00900	0.00937	0.00525	0.00600	0.00900	0.01237	0.01649	0.03561	0.76871	0.04274	0.02024	0.00825	0.00262	0.00375	0.01837	0.00600	0.00525
101	0.10302	0.01589	0.03785	0.01324	0.01769	0.05072	0.01088	0.21503	0.30879	0.12807	0.02026	0.01917	0.01464	0.00792	0.00622	0.00205	0.00614	0.00617	0.00620	0.01006
102	0.01210	0.01011	0.01102	0.01054	0.01315	0.01083	0.00809	0.02204	0.36288	0.02269	0.08063	0.12963	0.21040	0.01300	0.00727	0.00228	0.00440	0.05475	0.00635	0.00785
103	0.00809	0.00629	0.00739	0.00795	0.00937	0.00559	0.00580	0.00981	0.01436	0.01830	0.13589	0.30882	0.36060	0.01743	0.00793	0.00237	0.00359	0.05883	0.00614	0.00549
104	0.02134	0.01536	0.01661	0.01314	0.01722	0.01682	0.01045	0.52337	0.05434	0.05585	0.01722	0.02137	0.01398	0.15941	0.01170	0.00281	0.00681	0.00661	0.00601	0.00956
105	0.01315	0.01232	0.02073	0.43349	0.28603	0.01387	0.01752	0.01700	0.01351	0.01814	0.01393	0.08569	0.01232	0.00747	0.00660	0.00211	0.00783	0.00691	0.00327	0.00809
106	0.01566	0.01513	0.02428	0.03582	0.63753	0.04264	0.01826	0.01934	0.01519	0.02135	0.07918	0.01885	0.01491	0.00649	0.00649	0.00192	0.00740	0.00625	0.00357	0.00974
107	0.01518	0.01295	0.01647	0.01224	0.01768	0.01132	0.07288	0.11562	0.05748	0.02408	0.01394	0.01698	0.01145	0.00600	0.00555	0.00136	0.00574	0.03103	0.00439	0.54767

[dist]
# distance from previous block
# <min> <max>
1	3

[block]
# block no. 1 follows, 34 sequences, length 68
# corresponding to MSA columns:
# 118-185
name=unknown_B
#
# <colnr> <probs for GDERKNQSTAVLIFYWHMCP>
#	G	D	E	R	K	N	Q	S	T	A	V	L	I	F	Y	W	H	M	C	P
0	0.07689	0.68672	0.06341	0.01119	0.01678	0.02427	0.01132	0.01937	0.01299	0.01646	0.00910	0.01052	0.00819	0.00559	0.00422	0.00146	0.00688	0.00352	0.00285	0.00825
1	0.07848	0.04630	0.05397	0.01352	0.01770	0.17474	0.04307	0.09973	0.16368	0.05066	0.10380	0.02120	0.03692	0.00802	0.00617	0.00189	0.00702	0.00634	0.00508	0.06172
2	0.00825	0.00678	0.00729	0.00722	0.00924	0.00596	0.00539	0.01075	0.04168	0.01937	0.18839	0.09477	0.54085	0.01568	0.00763	0.00218	0.00332	0.01328	0.00623	0.00574
3	0.01672	0.01720	0.04498	0.10240	0.43709	0.09266	0.04800	0.05049	0.08651	0.02148	0.01345	0.01644	0.01078	0.00630	0.00641	0.00196	0.00810	0.00580	0.00364	0.00959
4	0.01603	0.04102	0.25374	0.05373	0.16173	0.08335	0.04298	0.11303	0.05473	0.02278	0.03169	0.06809	0.01333	0.00759	0.00643	0.00201	0.00820	0.00641	0.00394	0.00917
5	0.00976	0.00685	0.00837	0.00834	0.00895	0.00712	0.00550	0.03912	0.01103	0.01490	0.02281	0.11772	0.04979	0.46165	0.19425	0.00649	0.00848	0.00982	0.00422	0.00485
6	0.01696	0.01491	0.05436	0.01415	0.04378	0.03241	0.01136	0.19068	0.29009	0.04388	0.08667	0.02779	0.05557	0.00966	0.00727	0.00215	0.02999	0.05296	0.00603	0.00934
7	0.00776	0.00604	0.00706	0.00788	0.00908	0.00534	0.00550	0.00912	0.01345	0.01693	0.04922	0.44662	0.35604	0.01847	0.00797	0.00242	0.00353	0.01621	0.00600	0.00534
8	0.02170	0.01197	0.01479	0.01275	0.04238	0.01187	0.00985	0.15842	0.11206	0.33216	0.10696	0.04821	0.05160	0.00952	0.00679	0.00206	0.00542	0.02466	0.00704	0.00978
9	0.00780	0.00650	0.00681	0.00684	0.00886	0.00551	0.00509	0.00955	0.01495	0.01825	0.13045	0.09984	0.62483	0.01626	0.00767	0.00219	0.00328	0.01370	0.00611	0.00551
10	0.02109	0.27655	0.02357	0.01482	0.01862	0.45145	0.01214	0.02287	0.01594	0.01559	0.00954	0.01142	0.00833	0.00665	0.00647	0.00166	0.06844	0.00404	0.00310	0.00772
11	0.02414	0.03079	0.01831	0.01665	0.01998	0.74698	0.01248	0.02580	0.01831	0.01581	0.00999	0.01165	0.00832	0.00666	0.00583	0.00166	0.01165	0.00416	0.00333	0.00749
12	0.09908	0.01386	0.01425	0.01242	0.01620	0.01582	0.00981	0.15049	0.47106	0.02941	0.02222	0.02120	0.01664	0.00821	0.00613	0.00207	0.00529	0.00655	0.06958	0.00970
13	0.02053	0.07683	0.01756	0.01377	0.04784	0.01563	0.01073	0.19024	0.26110	0.18152	0.02238	0.02111	0.04166	0.00808	0.00629	0.00196	0.00584	0.00649	0.00626	0.04420
14	0.05594	0.01680	0.01497	0.01329	0.01693	0.16326	0.01031	0.07815	0.39805	0.07560	0.02292	0.04920	0.03881	0.00875	0.00639	0.00206	0.00650	0.00694	0.00585	0.00930
15	0.01295	0.00629	0.00650	0.00632	0.00801	0.00621	0.00478	0.01594	0.01382	0.06233	0.02131	0.02398	0.01653	0.00755	0.00462	0.00153	0.00314	0.00605	0.76584	0.00629
16	0.01585	0.01294	0.01472	0.01074	0.01635	0.01113	0.00867	0.16911	0.01713	0.02538	0.01237	0.01386	0.00988	0.00544	0.00515	0.00117	0.00530	0.00427	0.00441	0.63612
17	0.01400	0.21352	0.56851	0.01663	0.02521	0.01756	0.02077	0.02019	0.01352	0.01919	0.01096	0.01285	0.00821	0.00599	0.00566	0.00189	0.00891	0.00445	0.00274	0.00924
18	0.02057	0.01421	0.01534	0.01262	0.01672	0.03640	0.01007	0.26592	0.22194	0.16383	0.04235	0.02477	0.07325	0.04249	0.00777	0.00223	0.00593	0.00725	0.00656	0.00980
19	0.00804	0.00582	0.00751	0.00873	0.00931	0.00541	0.00592	0.00927	0.01268	0.01674	0.05893	0.62441	0.10370	0.05971	0.00951	0.00277	0.00388	0.03650	0.00592	0.00524
20	0.01991	0.01033	0.01275	0.01080	0.01453	0.00990	0.00867	0.02587	0.17383	0.36088	0.10538	0.03382	0.12886	0.01047	0.00693	0.00212	0.00485	0.04369	0.00719	0.00923
21	0.02390	0.05599	0.01884	0.01646	0.01986	0.72262	0.01244	0.02558	0.01814	0.01579	0.00995	0.01161	0.00832	0.00662	0.00577	0.00166	0.01149	0.00414	0.00331	0.00752
22	0.01302	0.01245	0.02145	0.59528	0.16832	0.01462	0.04902	0.01729	0.01335	0.01753	0.01168	0.01701	0.00896	0.00629	0.00650	0.00211	0.00855	0.00583	0.00295	0.00780
23	0.00795	0.00566	0.00747	0.00889	0.00925	0.00530	0.00589	0.00902	0.01221	0.01628	0.03479	0.72951	0.04170	0.06085	0.00958	0.00282	0.00388	0.01788	0.00589	0.00518
24	0.00975	0.00881	0.01434	0.01266	0.01478	0.00844	0.15172	0.01197	0.01350	0.01764	0.03700	0.37360	0.20763	0.01565	0.00868	0.00244	0.04579	0.03419	0.00526	0.00614
25	0.00839	0.00653	0.00761	0.00744	0.00921	0.00576	0.00554	0.01069	0.01636	0.02155	0.38927	0.08818	0.37029	0.01500	0.00766	0.00213	0.00318	0.01290	0.00655	0.00576
26	0.03840	0.03104	0.04550	0.13756	0.12114	0.01565	0.02879	0.09235	0.12383	0.04150	0.06847	0.01972	0.01521	0.01008	0.04173	0.00255	0.14716	0.00639	0.00437	0.00855
27	0.00861	0.00674	0.00790	0.00807	0.00993	0.00603	0.00635	0.01091	0.01573	0.02015	0.24053	0.06055	0.40647	0.01580	0.00789	0.00230	0.00375	0.15026	0.00629	0.00573
28	0.01318	0.05509	0.39464	0.05294	0.08029	0.01501	0.04465	0.01926	0.04966	0.01929	0.01286	0.01620	0.01015	0.01246	0.10918	0.00324	0.07465	0.00545	0.00310	0.00871
29	0.01301	0.01024	0.01224	0.01236	0.01477	0.01114	0.01021	0.04723	0.28775	0.02297	0.03052	0.08287	0.02972	0.01408	0.00790	0.00262	0.00557	0.37083	0.00621	0.00776
30	0.01542	0.14842	0.53292	0.01667	0.02491	0.05046	0.02016	0.03850	0.01449	0.06353	0.01205	0.01359	0.00875	0.00622	0.00584	0.00192	0.00892	0.00467	0.00318	0.00938
31	0.02441	0.01894	0.01901	0.01488	0.01983	0.08735	0.01215	0.60604	0.04940	0.05957	0.01563	0.01561	0.01115	0.00769	0.00641	0.00192	0.00742	0.00573	0.00622	0.01064
32	0.00948	0.00644	0.00842	0.00949	0.01029	0.00614	0.00662	0.03935	0.01348	0.04438	0.03433	0.67349	0.04013	0.01914	0.00814	0.00259	0.00407	0.05220	0.00609	0.00574
33	0.00822	0.00656	0.00747	0.00796	0.00970	0.00580	0.00611	0.01007	0.01450	0.01795	0.07989	0.17841	0.47003	0.01714	0.00796	0.00239	0.00382	0.13447	0.00603	0.00553
34	0.01356	0.01118	0.01312	0.04347	0.03247	0.04493	0.03510	0.09553	0.15306	0.02488	0.21661	0.07811	0.07806	0.01117	0.00700	0.00211	0.00519	0.05565	0.07117	0.00763
35	0.01599	0.01535	0.02623	0.03966	0.73262	0.01535	0.01983	0.01983	0.01471	0.02111	0.01215	0.01599	0.01023	0.00576	0.00640	0.00192	0.00768	0.00576	0.00320	0.01023
36	0.01348	0.08930	0.62815	0.01857	0.02756	0.01593	0.07861	0.02040	0.01373	0.02008	0.01151	0.01370	0.00832	0.00604	0.00611	0.00201	0.00946	0.00490	0.00277	0.00938
37	0.00973	0.00751	0.01078	0.01051	0.01138	0.00893	0.00803	0.01160	0.01019	0.01468	0.01692	0.02685	0.01652	0.15395	0.57021	0.00904	0.08691	0.00717	0.00347	0.00561
38	0.02106	0.01521	0.01875	0.01465	0.01920	0.03814	0.09797	0.32558	0.10817	0.13287	0.05676	0.02012	0.01572	0.00786	0.00650	0.00197	0.00667	0.00660	0.07640	0.00981
39	0.01301	0.01038	0.01239	0.00937	0.01413	0.00807	0.00739	0.01582	0.01437	0.04832	0.13494	0.05282	0.01999	0.00701	0.00548	0.00125	0.00447	0.00590	0.00464	0.61023
40	0.06432	0.01784	0.02620	0.02018	0.02467	0.15684	0.35710	0.02046	0.03410	0.03863	0.01665	0.07316	0.04555	0.00791	0.00808	0.00215	0.06679	0.00759	0.00383	0.00794
41	0.00895	0.00630	0.00696	0.00702	0.00752	0.00604	0.00422	0.00935	0.01069	0.01378	0.03086	0.07853	0.17836	0.57492	0.02630	0.00521	0.00550	0.01071	0.00446	0.00431
42	0.01606	0.13896	0.09767	0.01628	0.02122	0.10322	0.18074	0.04720	0.11207	0.03880	0.12546	0.02202	0.03654	0.00774	0.00649	0.00194	0.00776	0.00689	0.00448	0.00845
43	0.01388	0.01177	0.01366	0.00980	0.01552	0.00910	0.00785	0.04609	0.01413	0.02190	0.01166	0.01349	0.00963	0.00491	0.00486	0.00100	0.00488	0.00391	0.00394	0.77803
44	0.00873	0.00733	0.00854	0.00821	0.01033	0.00665	0.02806	0.01184	0.06753	0.01923	0.14160	0.14470	0.48281	0.01553	0.00763	0.00222	0.00368	0.01332	0.00610	0.00597
45	0.01531	0.01852	0.14700	0.05199	0.51896	0.01538	0.09830	0.01995	0.01455	0.02084	0.01215	0.01579	0.00980	0.00580	0.00649	0.00198	0.00838	0.00580	0.00312	0.00987
46	0.01134	0.00856	0.01168	0.01101	0.01256	0.00991	0.00860	0.09925	0.01282	0.01811	0.01692	0.02466	0.01562	0.08202	0.58782	0.00882	0.04322	0.00687	0.00384	0.00637
47	0.01559	0.53686	0.08051	0.01119	0.01624	0.04801	0.01104	0.01852	0.03276	0.01700	0.07205	0.01911	0.08371	0.00737	0.00504	0.00159	0.00657	0.00533	0.00355	0.00795
48	0.01424	0.01268	0.01708	0.01237	0.01794	0.01064	0.09609	0.05284	0.01437	0.02180	0.01177	0.01404	0.00963	0.00529	0.00591	0.00124	0.03723	0.00448	0.00385	0.63651
49	0.00821	0.00701	0.00776	0.00841	0.04637	0.00603	0.00579	0.01009	0.01506	0.01843	0.12439	0.05849	0.63047	0.01552	0.00757	0.00215	0.00348	0.01305	0.00596	0.00576
50	0.00862	0.00683	0.00826	0.04645	0.01117	0.00625	0.00633	0.01101	0.01604	0.02097	0.33775	0.08087	0.36158	0.01473	0.00764	0.00216	0.00357	0.03764	0.00630	0.00582
51	0.00782	0.00637	0.00692	0.00716	0.00893	0.00547	0.00523	0.00948	0.01459	0.01802	0.11895	0.19777	0.53715	0.01683	0.00775	0.00225	0.00334	0.01438	0.00610	0.00547
52	0.02046	0.39687	0.04916	0.01365	0.01857	0.24942	0.01211	0.13396	0.01757	0.01971	0.01044	0.01171	0.00874	0.00626	0.00511	0.00158	0.00851	0.00410	0.00354	0.00852
53	0.00786	0.00566	0.00746	0.00889	0.00934	0.00526	0.00595	0.00901	0.01247	0.01654	0.03692	0.73767	0.07293	0.02007	0.00822	0.00260	0.00373	0.01816	0.00600	0.00526
54	0.01554	0.01537	0.02560	0.17015	0.52447	0.04238	0.07331	0.01951	0.01456	0.02003	0.01202	0.01617	0.00983	0.00590	0.00648	0.00197	0.00825	0.00584	0.00315	0.00945
55	0.00923	0.00692	0.01038	0.01038	0.01154	0.00808	0.00808	0.01154	0.01038	0.01500	0.01731	0.02538	0.01615	0.04846	0.74732	0.01038	0.01731	0.00692	0.00346	0.00577
56	0.01599	0.01535	0.02623	0.03966	0.73262	0.01535	0.01983	0.01983	0.01471	0.02111	0.01215	0.01599	0.01023	0.00576	0.00640	0.00192	0.00768	0.00576	0.00320	0.01023
57	0.01430	0.01363	0.02413	0.33842	0.26189	0.01473	0.13317	0.04130	0.01423	0.01922	0.01209	0.01693	0.00956	0.00697	0.00765	0.04577	0.00848	0.00606	0.00316	0.00831
58	0.01542	0.04691	0.02408	0.24628	0.45991	0.05890	0.01848	0.01920	0.01434	0.01921	0.01170	0.01586	0.00957	0.00601	0.00629	0.00195	0.00815	0.00556	0.00309	0.00910
59	0.00940	0.00626	0.00705	0.00705	0.00705	0.00626	0.00392	0.00940	0.00940	0.01253	0.02036	0.04228	0.02349	0.77292	0.03289	0.00626	0.00626	0.00940	0.00392	0.00392
60	0.00793	0.00567	0.00755	0.00896	0.00938	0.00529	0.00600	0.00914	0.01263	0.01691	0.06645	0.73667	0.04355	0.01993	0.00822	0.00260	0.00372	0.01807	0.00605	0.00529
61	0.01849	0.49576	0.09672	0.01295	0.01849	0.10403	0.01256	0.10750	0.04545	0.01946	0.01088	0.01204	0.00910	0.00613	0.00492	0.00158	0.00764	0.00412	0.00345	0.00874
62	0.01013	0.00780	0.03605	0.00862	0.01061	0.00656	0.00688	0.01328	0.01802	0.05708	0.65218	0.04621	0.07619	0.01281	0.00752	0.00204	0.00341	0.01125	0.00696	0.00642
63	0.00928	0.00672	0.00938	0.00938	0.01019	0.00753	0.00683	0.01089	0.01009	0.01426	0.01822	0.03046	0.01836	0.26625	0.53254	0.00915	0.01399	0.00767	0.00360	0.00521
64	0.56290	0.01431	0.01244	0.01219	0.07140	0.07474	0.00890	0.06647	0.01372	0.07016	0.01114	0.01249	0.00847	0.00632	0.00467	0.00195	0.00587	0.00415	0.02995	0.00777
65	0.10522	0.01721	0.01594	0.04445	0.01868	0.14666	0.01091	0.17113	0.26174	0.09511	0.01823	0.01789	0.01344	0.00762	0.00609	0.00197	0.00686	0.00580	0.00561	0.02945
66	0.04352	0.01637	0.05486	0.01630	0.09184	0.03538	0.01239	0.30291	0.13877	0.16830	0.01851	0.01870	0.01338	0.03033	0.00717	0.00212	0.00669	0.00614	0.00603	0.01030
67	0.02032	0.01512	0.08203	0.03802	0.05191	0.05980	0.04223	0.10937	0.04423	0.25637	0.02105	0.02292	0.04081	0.00805	0.00636	0.00194	0.00659	0.04159	0.06828	0.06302

[dist]
# distance from previous block
# <min> <max>
1	6

[block]
# block no. 2 follows, 34 sequences, length 33
# corresponding to MSA columns:
# 192-224
name=unknown_C
#
# <colnr> <probs for GDERKNQSTAVLIFYWHMCP>
#	G	D	E	R	K	N	Q	S	T	A	V	L	I	F	Y	W	H	M	C	P
0	0.14109	0.09146	0.19865	0.03153	0.02088	0.09653	0.07955	0.05978	0.05910	0.04709	0.01534	0.08384	0.01328	0.00798	0.00606	0.00203	0.00775	0.02563	0.00407	0.00836
1	0.04205	0.04356	0.35179	0.10411	0.12918	0.04486	0.05237	0.06389	0.01497	0.04422	0.01243	0.01514	0.00932	0.00790	0.03502	0.00233	0.00912	0.00527	0.00334	0.00913
2	0.01597	0.01392	0.02094	0.06552	0.08631	0.01393	0.15700	0.13031	0.08825	0.04128	0.01775	0.02330	0.03065	0.00780	0.00706	0.00196	0.02856	0.07264	0.00462	0.17224
3	0.00898	0.00608	0.00784	0.00881	0.00965	0.00561	0.00608	0.01029	0.01303	0.04858	0.05978	0.57731	0.11640	0.05497	0.00928	0.00271	0.00395	0.03913	0.00602	0.00551
4	0.01709	0.70838	0.03424	0.01251	0.01813	0.02474	0.07397	0.01947	0.01332	0.01570	0.00935	0.01100	0.00843	0.00552	0.00446	0.00145	0.00727	0.00383	0.00281	0.00833
5	0.01369	0.01158	0.01353	0.00981	0.01536	0.00905	0.00785	0.04366	0.01396	0.02162	0.01185	0.01391	0.00986	0.00647	0.03145	0.00133	0.00533	0.00402	0.00392	0.75174
6	0.01558	0.04002	0.02242	0.34713	0.32632	0.06587	0.01771	0.01935	0.01431	0.05279	0.01224	0.01632	0.00961	0.00622	0.00631	0.00199	0.00823	0.00560	0.00328	0.00869
7	0.00785	0.00571	0.00741	0.00878	0.00931	0.00527	0.00590	0.00902	0.01258	0.01658	0.03830	0.70504	0.10467	0.01989	0.00819	0.00258	0.00371	0.01794	0.00600	0.00527
8	0.01007	0.05919	0.01230	0.04187	0.01335	0.00853	0.05174	0.03679	0.01510	0.01987	0.18755	0.29523	0.17245	0.01492	0.00756	0.00226	0.00457	0.03471	0.00573	0.00621
9	0.04133	0.19454	0.25786	0.01821	0.06707	0.01694	0.14364	0.02219	0.03936	0.11925	0.01367	0.01516	0.01009	0.00619	0.00597	0.00191	0.00822	0.00535	0.00377	0.00930
10	0.00859	0.00656	0.00772	0.00772	0.00937	0.00603	0.00578	0.01069	0.01485	0.01956	0.23431	0.08635	0.35312	0.05217	0.08718	0.00322	0.00495	0.03902	0.03718	0.00563
11	0.00940	0.00625	0.00721	0.00731	0.00746	0.00628	0.00430	0.00972	0.00982	0.01342	0.02125	0.08929	0.02410	0.65214	0.06721	0.00603	0.00653	0.00972	0.03838	0.00419
12	0.07234	0.01612	0.05564	0.16081	0.13251	0.11240	0.07669	0.04287	0.06594	0.07525	0.02058	0.02225	0.10331	0.00784	0.00645	0.00203	0.00766	0.00669	0.00427	0.00834
13	0.03894	0.08613	0.13860	0.03237	0.06454	0.14470	0.06654	0.09188	0.08192	0.06200	0.11208	0.01978	0.01745	0.00758	0.00628	0.00192	0.00777	0.00620	0.00457	0.00875
14	0.01392	0.00878	0.01039	0.00943	0.01193	0.00860	0.00716	0.03827	0.13715	0.14598	0.21041	0.11362	0.15783	0.05836	0.00870	0.00238	0.00425	0.01056	0.03485	0.00745
15	0.01514	0.09610	0.28773	0.15907	0.05296	0.04539	0.16536	0.04702	0.01480	0.03898	0.01211	0.01509	0.00901	0.00611	0.00634	0.00201	0.00922	0.00553	0.00320	0.00884
16	0.01688	0.04421	0.08804	0.16079	0.20182	0.07326	0.09170	0.06639	0.03347	0.06841	0.01292	0.01603	0.00999	0.00685	0.00784	0.00206	0.08095	0.00575	0.00369	0.00895
17	0.01396	0.14797	0.53015	0.01850	0.02699	0.01685	0.11805	0.02032	0.01379	0.01967	0.01139	0.01366	0.00843	0.00595	0.00603	0.00196	0.00932	0.00497	0.00281	0.00923
18	0.00796	0.00569	0.00757	0.00894	0.00939	0.00531	0.00600	0.00921	0.01277	0.01713	0.08208	0.72044	0.04396	0.01977	0.00821	0.00258	0.00370	0.01792	0.00607	0.00531
19	0.01994	0.09218	0.13395	0.06577	0.02348	0.04665	0.09881	0.22676	0.08128	0.12385	0.01579	0.01655	0.01133	0.00700	0.00632	0.00196	0.00782	0.00580	0.00499	0.00977
20	0.04550	0.05145	0.13928	0.06279	0.05340	0.15015	0.09982	0.06468	0.17141	0.03682	0.01555	0.03421	0.01218	0.00730	0.00670	0.00202	0.02759	0.00601	0.00424	0.00891
21	0.02496	0.10027	0.04950	0.01296	0.01821	0.01539	0.01126	0.26150	0.05022	0.35940	0.01968	0.01821	0.01324	0.00759	0.00621	0.00192	0.00636	0.00588	0.00661	0.01060
22	0.00911	0.00708	0.00992	0.01227	0.08284	0.00686	0.00801	0.01093	0.01300	0.01726	0.03497	0.43694	0.12511	0.02105	0.08811	0.00338	0.00582	0.09599	0.00544	0.00592
23	0.00938	0.00632	0.00735	0.00735	0.00745	0.00643	0.00429	0.00959	0.00949	0.01275	0.02008	0.04076	0.02283	0.70764	0.09727	0.00664	0.00726	0.00917	0.00387	0.00408
24	0.02117	0.05466	0.01915	0.01784	0.08322	0.46744	0.01281	0.06786	0.07020	0.01863	0.01196	0.01399	0.00990	0.00907	0.04240	0.00223	0.06081	0.00485	0.00371	0.00809
25	0.07047	0.20050	0.19446	0.05141	0.07170	0.04572	0.05371	0.06624	0.01501	0.02102	0.04234	0.01655	0.03948	0.00663	0.00564	0.00177	0.00748	0.00524	0.00358	0.08103
26	0.13808	0.18565	0.22182	0.01415	0.02001	0.14263	0.03081	0.06869	0.01539	0.05166	0.01384	0.01502	0.04314	0.00674	0.00548	0.00183	0.00805	0.00483	0.00368	0.00849
27	0.01176	0.00993	0.01067	0.01041	0.03514	0.03543	0.00752	0.07302	0.12694	0.02176	0.11205	0.15241	0.28250	0.02951	0.00775	0.00221	0.00451	0.01131	0.00590	0.04927
28	0.01468	0.07293	0.22006	0.03312	0.08965	0.03495	0.01406	0.03375	0.04506	0.09897	0.06867	0.07088	0.08354	0.03099	0.03206	0.00245	0.00720	0.03402	0.00459	0.00835
29	0.05913	0.07119	0.01841	0.01526	0.06574	0.14052	0.01159	0.28048	0.08463	0.06982	0.01722	0.01902	0.03420	0.00866	0.02153	0.00207	0.00750	0.02965	0.00525	0.03815
30	0.09758	0.11105	0.12432	0.01486	0.04250	0.08833	0.06080	0.09678	0.04968	0.05369	0.03220	0.06859	0.05402	0.00971	0.03067	0.00227	0.04365	0.00663	0.00433	0.00832
31	0.01672	0.07531	0.01758	0.01495	0.08071	0.13886	0.03176	0.12746	0.03235	0.03968	0.08691	0.04195	0.11742	0.00906	0.00718	0.00186	0.05004	0.00716	0.00476	0.09827
32	0.01532	0.04512	0.02214	0.32511	0.20619	0.10262	0.06277	0.02022	0.06974	0.01880	0.01264	0.01639	0.00996	0.00632	0.00630	0.00196	0.00840	0.00564	0.00336	0.04101

[dist]
# distance from previous block
# <min> <max>
1	8

[block]
# block no. 3 follows, 34 sequences, length 26
# corresponding to MSA columns:
# 233-258
name=unknown_D
#
# <colnr> <probs for GDERKNQSTAVLIFYWHMCP>
#	G	D	E	R	K	N	Q	S	T	A	V	L	I	F	Y	W	H	M	C	P
0	0.01477	0.01940	0.17595	0.05355	0.14087	0.07416	0.14763	0.01992	0.04819	0.02064	0.06399	0.01771	0.01342	0.00665	0.00701	0.00190	0.03940	0.00599	0.00363	0.12523
1	0.00916	0.04953	0.00942	0.00939	0.01016	0.03896	0.00650	0.01032	0.01258	0.01627	0.03253	0.67054	0.03871	0.04252	0.00869	0.00263	0.00435	0.01664	0.00564	0.00547
2	0.01642	0.03245	0.05114	0.08915	0.02098	0.01570	0.04848	0.07997	0.45478	0.05685	0.02251	0.04828	0.01728	0.00846	0.00659	0.00215	0.00614	0.00721	0.00579	0.00967
3	0.01648	0.05602	0.08368	0.01178	0.01636	0.01215	0.01052	0.17571	0.01850	0.10295	0.08784	0.05880	0.07022	0.00958	0.00649	0.00189	0.00577	0.07751	0.00549	0.17225
4	0.02035	0.10266	0.24779	0.01414	0.02026	0.06097	0.01456	0.07956	0.01715	0.26868	0.04560	0.02016	0.01448	0.00767	0.00623	0.00197	0.00739	0.03558	0.00520	0.00960
5	0.01748	0.58098	0.08434	0.01257	0.01784	0.06205	0.01240	0.05786	0.01415	0.01707	0.00956	0.01125	0.00845	0.00620	0.00582	0.00159	0.06510	0.00389	0.00300	0.00840
6	0.01296	0.03342	0.73944	0.01842	0.02797	0.01501	0.02387	0.02046	0.01364	0.02046	0.01160	0.01364	0.00818	0.00614	0.00614	0.00205	0.00955	0.00477	0.00273	0.00955
7	0.00764	0.00655	0.00655	0.00655	0.00873	0.00545	0.00491	0.00927	0.01473	0.01745	0.06546	0.06218	0.73000	0.01636	0.00764	0.00218	0.00327	0.01364	0.00600	0.00545
8	0.02414	0.03079	0.01831	0.01665	0.01998	0.74698	0.01248	0.02580	0.01831	0.01581	0.00999	0.01165	0.00832	0.00666	0.00583	0.00166	0.01165	0.00416	0.00333	0.00749
9	0.00932	0.00669	0.00914	0.00926	0.01001	0.00733	0.00669	0.01082	0.01034	0.01442	0.01982	0.05446	0.02062	0.29924	0.43619	0.00832	0.01244	0.04595	0.00383	0.00512
10	0.00800	0.00630	0.00716	0.00758	0.00908	0.00554	0.00547	0.00961	0.01423	0.01791	0.12091	0.26469	0.42037	0.04272	0.00870	0.00246	0.00357	0.03425	0.00604	0.00542
11	0.01760	0.01200	0.01192	0.01004	0.01309	0.04660	0.00798	0.29254	0.02047	0.03032	0.01834	0.02009	0.01395	0.00758	0.00535	0.00169	0.00505	0.00585	0.45146	0.00807
12	0.01152	0.00628	0.00685	0.00709	0.00845	0.00628	0.00543	0.01423	0.01336	0.02218	0.02318	0.03393	0.02065	0.08396	0.00801	0.00221	0.00381	0.11921	0.59757	0.00580
13	0.02111	0.28016	0.02370	0.01471	0.01862	0.42086	0.01212	0.05127	0.01645	0.01662	0.00977	0.01156	0.00843	0.00666	0.00641	0.00167	0.06467	0.00410	0.00323	0.00787
14	0.04507	0.01516	0.02592	0.07259	0.02605	0.01589	0.32104	0.18036	0.01749	0.02427	0.01451	0.05077	0.01193	0.01155	0.08406	0.00302	0.06049	0.00719	0.00413	0.00851
15	0.07528	0.01238	0.01532	0.01268	0.01649	0.01285	0.07063	0.15818	0.16989	0.13742	0.05644	0.10978	0.10394	0.01033	0.00680	0.00214	0.00561	0.00882	0.00619	0.00884
16	0.00779	0.00593	0.00718	0.00819	0.00916	0.00532	0.00564	0.00909	0.01315	0.01681	0.04543	0.53626	0.26885	0.01897	0.00805	0.00248	0.00359	0.01681	0.00600	0.00532
17	0.00847	0.00584	0.00743	0.00830	0.00895	0.00541	0.00559	0.00898	0.01200	0.01557	0.03654	0.46193	0.17168	0.06535	0.01243	0.13647	0.00411	0.01479	0.00535	0.00480
18	0.01480	0.01386	0.02303	0.33979	0.41025	0.01515	0.01868	0.05093	0.01470	0.02010	0.01203	0.01649	0.00959	0.00615	0.00643	0.00202	0.00804	0.00575	0.00321	0.00899
19	0.02414	0.03079	0.01831	0.01665	0.01998	0.74698	0.01248	0.02580	0.01831	0.01581	0.00999	0.01165	0.00832	0.00666	0.00583	0.00166	0.01165	0.00416	0.00333	0.00749
20	0.01075	0.00666	0.00768	0.00739	0.00801	0.00644	0.00451	0.01119	0.01086	0.06891	0.05225	0.04254	0.08011	0.62476	0.02788	0.00545	0.00584	0.00960	0.00452	0.00466
21	0.00806	0.00630	0.00731	0.00760	0.00913	0.00555	0.00549	0.00989	0.01492	0.01920	0.21494	0.25392	0.38129	0.01669	0.00780	0.00227	0.00335	0.01448	0.00626	0.00555
22	0.01673	0.53658	0.22256	0.01306	0.01964	0.02188	0.01442	0.02029	0.01355	0.05467	0.01056	0.01186	0.00867	0.00582	0.00481	0.00159	0.00755	0.00397	0.00303	0.00877
23	0.02165	0.04560	0.01790	0.01522	0.01867	0.41985	0.01177	0.17032	0.08222	0.02213	0.01448	0.07159	0.01254	0.00828	0.00680	0.00188	0.04041	0.00592	0.00445	0.00831
24	0.01232	0.00634	0.00663	0.00647	0.00819	0.00620	0.00490	0.01515	0.01380	0.05667	0.02550	0.02775	0.08618	0.00972	0.02858	0.00188	0.00361	0.00682	0.66711	0.00619
25	0.02053	0.02351	0.01794	0.01599	0.01929	0.44183	0.04486	0.06047	0.14193	0.01963	0.01559	0.02041	0.01336	0.00833	0.00706	0.00198	0.04305	0.07191	0.00429	0.00804

[dist]
# distance from previous block
# <min> <max>
2	3

[block]
# block no. 4 follows, 34 sequences, length 24
# corresponding to MSA columns:
# 262-285
name=unknown_E
#
# <colnr> <probs for GDERKNQSTAVLIFYWHMCP>
#	G	D	E	R	K	N	Q	S	T	A	V	L	I	F	Y	W	H	M	C	P
0	0.01391	0.01176	0.01254	0.01144	0.01446	0.01313	0.00875	0.02743	0.51770	0.02482	0.10288	0.03235	0.10987	0.05938	0.00851	0.00244	0.00475	0.00865	0.00639	0.00882
1	0.01468	0.25145	0.38995	0.04880	0.09712	0.01822	0.01871	0.02059	0.04855	0.01912	0.01160	0.01357	0.00902	0.00606	0.00561	0.00185	0.00831	0.00465	0.00298	0.00918
