[name]
unknown

[dist]
# distance from previous block
# <min> <max>
0	36

[block]
# block no. 0 follows, 29 sequences, length 21
# corresponding to MSA columns:
# 47-67
name=unknown_A
#
# <colnr> <probs for GDERKNQSTAVLIFYWHMCP>
#	G	D	E	R	K	N	Q	S	T	A	V	L	I	F	Y	W	H	M	C	P
0	0.05848	0.01243	0.01682	0.04281	0.07189	0.01298	0.06089	0.10033	0.01734	0.07479	0.05727	0.05694	0.16374	0.08586	0.01209	0.00284	0.08206	0.03075	0.00549	0.03420
1	0.16143	0.01384	0.01726	0.08462	0.02095	0.02770	0.08213	0.15373	0.04542	0.06526	0.03716	0.09801	0.06751	0.06070	0.00914	0.00267	0.00706	0.03119	0.00561	0.00862
2	0.07646	0.01546	0.01509	0.01298	0.01623	0.12268	0.03256	0.12111	0.07837	0.06310	0.03233	0.08450	0.01925	0.17116	0.01406	0.03412	0.00743	0.00813	0.00534	0.06962
3	0.08439	0.01575	0.01655	0.01488	0.03378	0.15455	0.07773	0.04609	0.03973	0.06837	0.02336	0.17559	0.04858	0.07403	0.06121	0.00331	0.00857	0.00972	0.00516	0.03864
4	0.12108	0.01468	0.01416	0.01364	0.03448	0.11171	0.01027	0.09624	0.06859	0.02509	0.07815	0.17620	0.07970	0.01327	0.00865	0.00246	0.05962	0.05825	0.00576	0.00799
5	0.07978	0.01393	0.01738	0.01443	0.01818	0.05184	0.09538	0.14413	0.04140	0.10103	0.06049	0.16316	0.02412	0.06631	0.00963	0.00267	0.00695	0.03128	0.02197	0.03592
6	0.01276	0.01155	0.01786	0.23819	0.14289	0.02697	0.04411	0.01632	0.01605	0.02135	0.14897	0.14326	0.08456	0.01199	0.00789	0.00241	0.00696	0.03304	0.00505	0.00782
7	0.01345	0.01266	0.02136	0.73264	0.04904	0.01582	0.01978	0.01819	0.01424	0.01819	0.01266	0.01898	0.00949	0.00712	0.00712	0.00237	0.00949	0.00633	0.00316	0.00791
8	0.01486	0.01319	0.01283	0.01206	0.01365	0.13408	0.00885	0.07050	0.01461	0.01858	0.01866	0.06083	0.01857	0.21016	0.24260	0.05048	0.03930	0.00808	0.03161	0.00651
9	0.01661	0.02060	0.09508	0.02924	0.03671	0.01789	0.62780	0.02279	0.01667	0.02279	0.01428	0.01888	0.01066	0.00606	0.00827	0.00239	0.01189	0.00815	0.00355	0.00968
10	0.02512	0.01852	0.02022	0.01581	0.02100	0.02056	0.01300	0.60428	0.03093	0.04160	0.01732	0.01835	0.01277	0.01373	0.08970	0.00321	0.00913	0.00655	0.00674	0.01144
11	0.02528	0.01906	0.02036	0.01602	0.02140	0.02125	0.01310	0.55868	0.15929	0.04200	0.01937	0.01890	0.01395	0.00876	0.00715	0.00219	0.00742	0.00672	0.00715	0.01195
12	0.01011	0.00695	0.00845	0.00857	0.00897	0.00697	0.00539	0.01096	0.01213	0.01652	0.11231	0.12617	0.03283	0.49457	0.10380	0.00633	0.00744	0.01153	0.00498	0.00502
13	0.02196	0.01889	0.01778	0.01533	0.01973	0.12894	0.01204	0.15940	0.41035	0.08126	0.02381	0.02242	0.01761	0.00902	0.00709	0.00225	0.00722	0.00712	0.00677	0.01102
14	0.01023	0.00701	0.00851	0.00860	0.00887	0.00723	0.00533	0.01079	0.01075	0.01458	0.02271	0.08141	0.02548	0.57416	0.16817	0.00757	0.00912	0.01037	0.00434	0.00479
15	0.01354	0.01089	0.01437	0.01247	0.01557	0.01030	0.06082	0.09514	0.05385	0.02354	0.05000	0.32337	0.02968	0.06865	0.00984	0.00260	0.00571	0.01244	0.00581	0.18138
16	0.02420	0.03031	0.07262	0.10086	0.02581	0.51757	0.01538	0.09126	0.02042	0.02061	0.01193	0.01414	0.00949	0.00739	0.00660	0.00196	0.01179	0.00502	0.00390	0.00877
17	0.02537	0.02574	0.01898	0.01656	0.02061	0.41808	0.01278	0.13375	0.07487	0.10283	0.01598	0.01705	0.01226	0.01131	0.05979	0.00269	0.01115	0.00568	0.00511	0.00942
18	0.01863	0.01669	0.02803	0.10361	0.09437	0.01770	0.23838	0.09931	0.06788	0.07639	0.01572	0.01898	0.01196	0.00784	0.00984	0.00237	0.11506	0.00712	0.00457	0.04556
19	0.02149	0.01811	0.01905	0.01805	0.09843	0.09406	0.01298	0.33999	0.08235	0.03354	0.07453	0.02756	0.08203	0.01004	0.00737	0.00220	0.00748	0.03407	0.00632	0.01032
20	0.01147	0.00868	0.01080	0.01098	0.01220	0.00900	0.00793	0.08841	0.01632	0.02194	0.08872	0.47799	0.08976	0.04303	0.01073	0.00287	0.05974	0.01629	0.00643	0.00671

[dist]
# distance from previous block
# <min> <max>
3	6

[block]
# block no. 1 follows, 29 sequences, length 18
# corresponding to MSA columns:
# 74-91
name=unknown_B
#
# <colnr> <probs for GDERKNQSTAVLIFYWHMCP>
#	G	D	E	R	K	N	Q	S	T	A	V	L	I	F	Y	W	H	M	C	P
0	0.11574	0.01652	0.02659	0.03940	0.61861	0.01680	0.02008	0.02174	0.01570	0.02435	0.01296	0.01686	0.01083	0.00638	0.00672	0.00213	0.00809	0.00603	0.00364	0.01083
1	0.02013	0.11743	0.03288	0.02536	0.11351	0.13490	0.29397	0.11073	0.01903	0.02397	0.01335	0.01657	0.01051	0.00679	0.00765	0.00214	0.03067	0.00659	0.00398	0.00981
2	0.02171	0.08868	0.11826	0.02115	0.13324	0.06212	0.05985	0.23826	0.02245	0.09253	0.05951	0.01922	0.01504	0.00789	0.00695	0.00210	0.00842	0.00651	0.00536	0.01074
3	0.01727	0.01612	0.02664	0.20258	0.50705	0.01700	0.02082	0.06465	0.01690	0.02351	0.01347	0.01791	0.01092	0.00667	0.00707	0.00218	0.00866	0.00635	0.00368	0.01055
4	0.01480	0.01419	0.02439	0.40812	0.19779	0.01588	0.09300	0.02030	0.05600	0.02060	0.01550	0.05984	0.01291	0.00782	0.00736	0.00235	0.00900	0.00745	0.00374	0.00898
5	0.01769	0.01759	0.06801	0.10401	0.43428	0.01685	0.05308	0.10520	0.01843	0.02579	0.05785	0.01989	0.01463	0.00724	0.00720	0.00217	0.00846	0.00681	0.00420	0.01063
6	0.13723	0.01911	0.05192	0.01955	0.14261	0.12827	0.01365	0.17505	0.04050	0.08249	0.05885	0.06566	0.01705	0.00890	0.00679	0.00217	0.00781	0.00707	0.00547	0.00985
7	0.01826	0.01596	0.02316	0.23196	0.30556	0.05177	0.01807	0.08821	0.05028	0.06533	0.01635	0.05441	0.01340	0.00793	0.00716	0.00223	0.00842	0.00707	0.00444	0.01002
8	0.01816	0.04591	0.02577	0.19332	0.33538	0.03996	0.04703	0.06235	0.04941	0.05682	0.01456	0.01823	0.01147	0.00724	0.00781	0.00222	0.04373	0.00639	0.00407	0.01018
9	0.05175	0.05251	0.08406	0.02058	0.16803	0.01617	0.01461	0.17754	0.07770	0.12697	0.02096	0.12037	0.01784	0.00977	0.00713	0.00226	0.00715	0.00825	0.00584	0.01051
10	0.06909	0.05322	0.05644	0.02076	0.15433	0.08704	0.04618	0.11770	0.01912	0.13836	0.07027	0.02134	0.01668	0.03976	0.00921	0.00238	0.05619	0.00676	0.00528	0.00990
11	0.01779	0.08564	0.01772	0.05336	0.01853	0.06087	0.03718	0.10415	0.09671	0.08021	0.02108	0.09701	0.01829	0.03181	0.09498	0.00334	0.00832	0.00796	0.09628	0.04879
12	0.06624	0.01766	0.09528	0.03746	0.12648	0.03837	0.05870	0.05877	0.16753	0.08634	0.01841	0.02033	0.01415	0.01247	0.07929	0.00317	0.04402	0.00664	0.00505	0.04365
13	0.05687	0.03412	0.04012	0.01723	0.08477	0.09230	0.05599	0.07501	0.04997	0.07195	0.07165	0.10442	0.09430	0.03535	0.00994	0.00250	0.08030	0.00921	0.00536	0.00865
14	0.01761	0.14920	0.10359	0.09065	0.05884	0.05284	0.12326	0.06590	0.18063	0.02434	0.05060	0.02029	0.01563	0.00776	0.00690	0.00217	0.00846	0.00676	0.00470	0.00989
15	0.08084	0.18308	0.09370	0.01854	0.06417	0.01999	0.12462	0.12547	0.13824	0.02705	0.04526	0.01880	0.01460	0.00757	0.00659	0.00211	0.00801	0.00641	0.00485	0.01010
16	0.06686	0.07433	0.09123	0.05284	0.06356	0.07395	0.01412	0.16525	0.08112	0.05007	0.05903	0.01898	0.01513	0.00818	0.00765	0.00208	0.05591	0.00614	0.00509	0.08846
17	0.05609	0.01807	0.06386	0.02171	0.16985	0.06904	0.05703	0.12659	0.07385	0.04317	0.06461	0.04261	0.01682	0.00836	0.00771	0.00211	0.04282	0.00697	0.00501	0.10374

[dist]
# distance from previous block
# <min> <max>
9	84

[block]
# block no. 2 follows, 29 sequences, length 47
# corresponding to MSA columns:
# 176-222
name=unknown_C
#
# <colnr> <probs for GDERKNQSTAVLIFYWHMCP>
#	G	D	E	R	K	N	Q	S	T	A	V	L	I	F	Y	W	H	M	C	P
0	0.01577	0.01932	0.17341	0.08999	0.11899	0.04386	0.05181	0.12535	0.01829	0.02451	0.02453	0.15189	0.08984	0.01097	0.00756	0.00235	0.00801	0.00954	0.00484	0.00917
1	0.07720	0.04065	0.01533	0.01587	0.12151	0.01186	0.01068	0.04657	0.04767	0.05211	0.22408	0.06175	0.10653	0.01223	0.00809	0.00230	0.03010	0.06842	0.00608	0.04098
2	0.01718	0.01687	0.05484	0.09079	0.07855	0.12191	0.02777	0.07182	0.04227	0.05368	0.02112	0.08774	0.04138	0.09515	0.01180	0.00285	0.05869	0.05458	0.00483	0.04618
3	0.11345	0.04281	0.01817	0.05401	0.01978	0.08717	0.06475	0.09008	0.01778	0.11159	0.07213	0.13650	0.02184	0.01097	0.00843	0.00233	0.06446	0.02492	0.00555	0.03328
4	0.12638	0.01466	0.02102	0.16976	0.09895	0.01571	0.10409	0.08379	0.11155	0.02636	0.05333	0.04910	0.01625	0.00816	0.00692	0.00222	0.00759	0.00725	0.00485	0.07208
5	0.07859	0.03913	0.02105	0.12259	0.31089	0.01443	0.01558	0.02039	0.04797	0.05949	0.05795	0.08117	0.01794	0.00964	0.00820	0.04842	0.00719	0.00768	0.00450	0.02718
6	0.01723	0.01700	0.02578	0.18404	0.36957	0.06940	0.07145	0.04932	0.01681	0.02246	0.01571	0.01965	0.03953	0.00709	0.00710	0.00214	0.00892	0.00664	0.00378	0.04639
7	0.01667	0.01710	0.06682	0.11086	0.44362	0.01630	0.06952	0.04822	0.03997	0.02339	0.01590	0.07010	0.01388	0.00777	0.00730	0.00224	0.00852	0.00749	0.00396	0.01039
8	0.01562	0.01408	0.02079	0.24183	0.22461	0.03383	0.01661	0.06656	0.03380	0.02357	0.10253	0.02765	0.02045	0.00915	0.00791	0.00230	0.03072	0.06165	0.00458	0.04177
9	0.01418	0.01028	0.01501	0.18352	0.02230	0.01184	0.01188	0.04339	0.01427	0.09169	0.02179	0.09178	0.04638	0.05169	0.27135	0.00593	0.07185	0.00866	0.00465	0.00755
10	0.01852	0.50924	0.03303	0.11220	0.12148	0.06415	0.01467	0.02139	0.01501	0.01792	0.01083	0.01339	0.00950	0.00633	0.00537	0.00174	0.00828	0.00455	0.00317	0.00923
11	0.01008	0.00738	0.01051	0.01065	0.01162	0.00828	0.00788	0.01205	0.01143	0.01617	0.02137	0.09145	0.02173	0.17733	0.53731	0.00990	0.01561	0.00918	0.00414	0.00594
12	0.02407	0.01809	0.02001	0.01559	0.02070	0.01991	0.01282	0.53787	0.02898	0.03935	0.01652	0.01774	0.01232	0.01222	0.06762	0.00287	0.04371	0.00632	0.00641	0.07690
13	0.01689	0.01052	0.01347	0.05223	0.01556	0.01104	0.00910	0.13936	0.07006	0.06270	0.01557	0.02087	0.01314	0.01761	0.01881	0.45122	0.00658	0.00635	0.00458	0.04435
14	0.00900	0.00640	0.00850	0.01006	0.01056	0.00605	0.00689	0.01034	0.01368	0.01820	0.03819	0.65087	0.04541	0.06219	0.01065	0.00315	0.00449	0.07311	0.00648	0.00577
15	0.01477	0.01266	0.01477	0.01055	0.01687	0.00949	0.00844	0.01793	0.01477	0.02320	0.01266	0.01477	0.01055	0.00527	0.00527	0.00105	0.00527	0.00422	0.00422	0.79328
16	0.01551	0.01434	0.02358	0.39574	0.29566	0.01604	0.01955	0.05131	0.01624	0.02198	0.05113	0.02026	0.01348	0.00730	0.00716	0.00226	0.00868	0.00670	0.00375	0.00933
17	0.01468	0.00831	0.01089	0.00966	0.01220	0.00748	0.00745	0.01782	0.01998	0.17433	0.52141	0.04784	0.09251	0.01352	0.00813	0.00224	0.00395	0.01177	0.00798	0.00784
18	0.01525	0.07690	0.07299	0.01169	0.01821	0.01209	0.01035	0.01971	0.05312	0.02298	0.01336	0.01517	0.01094	0.00571	0.00545	0.00127	0.00591	0.00449	0.00419	0.62020
19	0.02333	0.01819	0.02126	0.01743	0.05932	0.01921	0.04415	0.45564	0.08021	0.03793	0.01697	0.01758	0.01250	0.00786	0.00689	0.00199	0.00747	0.00627	0.00630	0.13951
20	0.01642	0.01412	0.01498	0.01349	0.01736	0.01581	0.01044	0.03332	0.57129	0.02808	0.03196	0.05925	0.07702	0.01061	0.00731	0.00236	0.00539	0.00890	0.00700	0.05488
21	0.05641	0.02075	0.13278	0.07825	0.05358	0.05585	0.04796	0.21154	0.08370	0.10168	0.01671	0.01808	0.01219	0.00823	0.00834	0.00229	0.06951	0.00632	0.00535	0.01050
22	0.08434	0.05484	0.02140	0.01753	0.01967	0.21959	0.04931	0.02081	0.01414	0.01864	0.01091	0.01578	0.01001	0.03005	0.04592	0.00302	0.34692	0.00573	0.00346	0.00793
23	0.00930	0.00699	0.00858	0.00966	0.01070	0.00659	0.00675	0.01160	0.04592	0.01889	0.04447	0.49619	0.17785	0.05974	0.01037	0.00301	0.00439	0.05644	0.00651	0.00605
24	0.01806	0.12570	0.05906	0.12333	0.31536	0.14221	0.01787	0.02163	0.01616	0.02022	0.01419	0.06802	0.01281	0.00775	0.00672	0.00208	0.00904	0.00661	0.00363	0.00955
25	0.01590	0.01445	0.05871	0.17085	0.02673	0.01424	0.09634	0.01944	0.01464	0.09352	0.01738	0.11280	0.01557	0.00980	0.01025	0.00232	0.14500	0.00804	0.00444	0.14959
26	0.05932	0.04816	0.10051	0.23979	0.10299	0.07367	0.05405	0.07161	0.03019	0.02254	0.01953	0.06032	0.07012	0.00877	0.00705	0.00226	0.00863	0.00746	0.00418	0.00886
27	0.01874	0.51480	0.15833	0.01519	0.02202	0.05763	0.05504	0.05033	0.01580	0.01941	0.01105	0.01285	0.00935	0.00637	0.00539	0.00175	0.00866	0.00450	0.00328	0.00950
28	0.00987	0.00735	0.00918	0.00977	0.01133	0.00685	0.00758	0.01225	0.01637	0.02141	0.19606	0.16440	0.22135	0.07073	0.01092	0.00302	0.00473	0.20395	0.00671	0.00618
29	0.02267	0.01969	0.01898	0.07911	0.02236	0.16953	0.01325	0.26358	0.07649	0.06744	0.01760	0.02069	0.01373	0.00904	0.00830	0.00221	0.06951	0.03334	0.06263	0.00985
30	0.01764	0.01538	0.01550	0.01419	0.01767	0.07449	0.01112	0.10477	0.38910	0.02848	0.06504	0.09215	0.02641	0.01181	0.00768	0.00246	0.00635	0.08307	0.00683	0.00986
31	0.02056	0.14197	0.14984	0.02275	0.14899	0.11837	0.07290	0.17098	0.04143	0.02628	0.01379	0.01579	0.01071	0.00709	0.00665	0.00204	0.00937	0.00574	0.00430	0.01042
32	0.01233	0.00767	0.01003	0.00977	0.01168	0.00701	0.00738	0.01503	0.01817	0.10582	0.37982	0.20520	0.10407	0.01622	0.00851	0.00247	0.00410	0.06013	0.00750	0.00709
33	0.00877	0.00623	0.00824	0.00980	0.01019	0.00584	0.00649	0.00994	0.01346	0.01794	0.03834	0.70760	0.04596	0.06136	0.01055	0.00311	0.00428	0.01971	0.00649	0.00570
34	0.01006	0.00747	0.01096	0.01109	0.01222	0.00852	0.00843	0.01234	0.01156	0.01650	0.02097	0.08921	0.02074	0.09272	0.62056	0.01045	0.01709	0.00885	0.00408	0.00619
35	0.02703	0.02112	0.02127	0.01655	0.02208	0.08068	0.01355	0.62684	0.03236	0.04258	0.01659	0.01674	0.01186	0.00845	0.00706	0.00211	0.00826	0.00626	0.00683	0.01179
36	0.75381	0.01367	0.01083	0.00956	0.01404	0.01564	0.00788	0.02176	0.01262	0.07278	0.01101	0.01233	0.00831	0.00674	0.00457	0.00220	0.00554	0.00405	0.00467	0.00798
37	0.01017	0.00763	0.01144	0.01144	0.01272	0.00890	0.00890	0.01272	0.01144	0.01653	0.01907	0.02797	0.01780	0.05340	0.72153	0.01144	0.01907	0.00763	0.00381	0.00636
38	0.01345	0.01266	0.02136	0.73264	0.04904	0.01582	0.01978	0.01819	0.01424	0.01819	0.01266	0.01898	0.00949	0.00712	0.00712	0.00237	0.00949	0.00633	0.00316	0.00791
39	0.01477	0.01266	0.01477	0.01055	0.01687	0.00949	0.00844	0.01793	0.01477	0.02320	0.01266	0.01477	0.01055	0.00527	0.00527	0.00105	0.00527	0.00422	0.00422	0.79328
40	0.00913	0.00662	0.00842	0.00957	0.01036	0.00618	0.00663	0.01059	0.01419	0.01867	0.07701	0.49367	0.12744	0.09810	0.01190	0.00325	0.00452	0.07154	0.00643	0.00577
41	0.01435	0.01010	0.01130	0.01005	0.01159	0.01062	0.00687	0.17233	0.01666	0.02244	0.06965	0.03932	0.02524	0.49442	0.05102	0.00558	0.00730	0.00949	0.00523	0.00644
42	0.00928	0.00703	0.00842	0.00900	0.01042	0.00640	0.00657	0.01118	0.01560	0.02014	0.15215	0.25610	0.27996	0.08457	0.01127	0.00302	0.00436	0.09196	0.00659	0.00597
43	0.07592	0.23365	0.02402	0.05661	0.09280	0.25730	0.01306	0.02246	0.01657	0.01941	0.01617	0.01796	0.06749	0.00759	0.00595	0.00183	0.00896	0.00545	0.00378	0.05302
44	0.01686	0.06698	0.01881	0.05282	0.01987	0.05272	0.06591	0.07386	0.01690	0.06003	0.04829	0.06389	0.01685	0.06375	0.00862	0.00208	0.00689	0.00685	0.00480	0.33322
45	0.06334	0.07095	0.17276	0.02642	0.26155	0.07105	0.05715	0.02445	0.04891	0.09762	0.01518	0.01740	0.01159	0.00791	0.02173	0.00233	0.00905	0.00598	0.00421	0.01043
46	0.11252	0.17784	0.18610	0.04515	0.03976	0.06935	0.01563	0.09995	0.01738	0.08616	0.01344	0.01501	0.01020	0.00722	0.00674	0.00203	0.03962	0.00511	0.00431	0.04649

[dist]
# distance from previous block
# <min> <max>
2	22

[block]
# block no. 3 follows, 29 sequences, length 11
# corresponding to MSA columns:
# 245-255
name=unknown_D
#
# <colnr> <probs for GDERKNQSTAVLIFYWHMCP>
#	G	D	E	R	K	N	Q	S	T	A	V	L	I	F	Y	W	H	M	C	P
0	0.07109	0.02108	0.02040	0.01679	0.03937	0.12127	0.01326	0.48554	0.05685	0.05973	0.01655	0.01680	0.01198	0.00826	0.00687	0.00211	0.00829	0.00609	0.00643	0.01125
1	0.01812	0.01587	0.01921	0.02112	0.17255	0.01773	0.01374	0.06342	0.51112	0.02901	0.02495	0.02413	0.01896	0.00887	0.00720	0.00234	0.00637	0.00759	0.00641	0.01131
2	0.00940	0.00680	0.00888	0.01028	0.01114	0.00643	0.00749	0.01109	0.01433	0.01875	0.04103	0.48638	0.10658	0.06352	0.01077	0.00317	0.00480	0.16680	0.00646	0.00590
3	0.01031	0.00763	0.01119	0.01135	0.01257	0.00869	0.00883	0.01275	0.01185	0.01681	0.02114	0.03442	0.02064	0.09905	0.60357	0.01032	0.01699	0.07154	0.00412	0.00623
4	0.01486	0.08552	0.59959	0.02068	0.03056	0.01750	0.08936	0.02249	0.01517	0.02217	0.01274	0.01519	0.00920	0.00664	0.00677	0.00222	0.01046	0.00547	0.00307	0.01034
5	0.01007	0.00694	0.00798	0.00800	0.00843	0.00675	0.00484	0.01073	0.01231	0.01644	0.11768	0.08645	0.08678	0.55448	0.02886	0.00571	0.00602	0.01159	0.00509	0.00485
6	0.02857	0.01327	0.01679	0.01322	0.01827	0.01258	0.01077	0.17588	0.02262	0.49426	0.02675	0.09376	0.01931	0.01009	0.00734	0.00226	0.00626	0.00828	0.00822	0.01149
7	0.01110	0.00793	0.01105	0.01269	0.01416	0.00788	0.01083	0.01411	0.01602	0.02089	0.03791	0.16877	0.04179	0.02002	0.00974	0.00323	0.00623	0.57263	0.00656	0.00645
8	0.01911	0.11483	0.02841	0.10009	0.42767	0.04264	0.05064	0.02298	0.01637	0.08946	0.01427	0.01749	0.01135	0.00665	0.00678	0.00207	0.00853	0.00612	0.00396	0.01057
9	0.00937	0.00687	0.00888	0.00986	0.01084	0.00621	0.00667	0.01073	0.01357	0.01844	0.03572	0.63562	0.04235	0.05962	0.01017	0.00293	0.00439	0.01813	0.00625	0.08339
10	0.01702	0.18296	0.44957	0.01884	0.02738	0.11275	0.05320	0.02309	0.01569	0.02069	0.01203	0.01420	0.00915	0.00667	0.00635	0.00206	0.01031	0.00502	0.00313	0.00989

[dist]
# distance from previous block
# <min> <max>
6	18

[block]
# block no. 4 follows, 29 sequences, length 37
# corresponding to MSA columns:
# 274-310
name=unknown_E
#
# <colnr> <probs for GDERKNQSTAVLIFYWHMCP>
#	G	D	E	R	K	N	Q	S	T	A	V	L	I	F	Y	W	H	M	C	P
0	0.02262	0.01977	0.02050	0.10834	0.06701	0.11810	0.01437	0.32254	0.17428	0.03297	0.01809	0.01887	0.01345	0.00831	0.00705	0.00218	0.00830	0.00650	0.00594	0.01080
1	0.02549	0.01989	0.02046	0.01577	0.02142	0.06380	0.01290	0.55736	0.03029	0.04044	0.01616	0.01654	0.01173	0.00806	0.00685	0.00198	0.00782	0.00602	0.00654	0.11047
2	0.02922	0.01146	0.01542	0.01205	0.01686	0.01002	0.00969	0.03163	0.01912	0.62236	0.02738	0.02706	0.01867	0.10234	0.01083	0.00280	0.00617	0.00756	0.00825	0.01113
3	0.02050	0.01552	0.01681	0.01452	0.01893	0.01745	0.01147	0.11874	0.53344	0.10849	0.02738	0.02511	0.02006	0.00942	0.00722	0.00236	0.00596	0.00774	0.00741	0.01147
4	0.70076	0.01363	0.01184	0.10066	0.01822	0.01595	0.00923	0.02059	0.01239	0.03021	0.01026	0.01250	0.00794	0.00667	0.00475	0.00222	0.00601	0.00417	0.00425	0.00774
5	0.01263	0.01001	0.01480	0.05796	0.01772	0.01014	0.08270	0.04009	0.09430	0.04311	0.08482	0.37306	0.03674	0.01636	0.00857	0.00269	0.00586	0.07460	0.00632	0.00753
6	0.01419	0.03232	0.58206	0.01939	0.02804	0.01659	0.02374	0.02130	0.01483	0.02224	0.05502	0.01747	0.01266	0.00797	0.00896	0.00236	0.10174	0.00586	0.00332	0.00994
7	0.01245	0.10296	0.01481	0.01290	0.06902	0.01157	0.00878	0.01601	0.08014	0.01912	0.07908	0.12042	0.06736	0.22316	0.10481	0.00473	0.00771	0.03294	0.00507	0.00697
8	0.01092	0.00837	0.01144	0.01105	0.01171	0.00982	0.00811	0.01243	0.01099	0.01564	0.01904	0.03303	0.01961	0.29584	0.38973	0.00878	0.10533	0.00842	0.00390	0.00581
9	0.13605	0.11254	0.02076	0.16756	0.02538	0.05971	0.01325	0.20279	0.07626	0.05278	0.01491	0.01660	0.01125	0.00747	0.00625	0.00206	0.00771	0.00560	0.00504	0.05601
10	0.01651	0.03371	0.62496	0.01933	0.02922	0.01577	0.02431	0.02408	0.01571	0.10936	0.01471	0.01620	0.01011	0.00702	0.00682	0.00225	0.00996	0.00550	0.00374	0.01072
11	0.01237	0.00618	0.00928	0.00928	0.00928	0.00618	0.00618	0.00928	0.00928	0.01237	0.01237	0.02165	0.01237	0.02474	0.02783	0.79283	0.00618	0.00618	0.00309	0.00309
12	0.01764	0.55615	0.13354	0.10430	0.02398	0.02492	0.01520	0.02111	0.01452	0.01778	0.01067	0.01290	0.00917	0.00632	0.00521	0.00174	0.00827	0.00434	0.00306	0.00918
13	0.07603	0.05276	0.02010	0.01788	0.04623	0.48813	0.01335	0.09557	0.01993	0.02144	0.01206	0.01431	0.00998	0.01021	0.04904	0.00250	0.03279	0.00500	0.00405	0.00865
14	0.00948	0.00726	0.00869	0.00833	0.01027	0.00646	0.00625	0.01227	0.01874	0.02519	0.47411	0.05873	0.29675	0.01581	0.00840	0.00230	0.00345	0.01365	0.00740	0.00646
15	0.01477	0.01266	0.01477	0.01055	0.01687	0.00949	0.00844	0.01793	0.01477	0.02320	0.01266	0.01477	0.01055	0.00527	0.00527	0.00105	0.00527	0.00422	0.00422	0.79328
16	0.11557	0.01603	0.04504	0.01447	0.01904	0.03713	0.05258	0.21306	0.11524	0.07489	0.04584	0.07354	0.05133	0.01198	0.03797	0.00267	0.00741	0.02708	0.00615	0.03298
17	0.01921	0.21664	0.23412	0.01684	0.02316	0.02196	0.01737	0.20007	0.01921	0.02619	0.01263	0.01474	0.00994	0.00801	0.00903	0.00217	0.12905	0.00535	0.00415	0.01014
18	0.01058	0.00803	0.00987	0.00974	0.01148	0.00783	0.00716	0.01543	0.10318	0.02553	0.41114	0.21229	0.10847	0.01603	0.00842	0.00243	0.00385	0.01416	0.00738	0.00702
19	0.01134	0.00922	0.01406	0.03648	0.01599	0.00849	0.10591	0.01412	0.01652	0.05100	0.15458	0.20396	0.26108	0.01596	0.00854	0.00252	0.00539	0.05151	0.00635	0.00697
20	0.01730	0.01724	0.02627	0.21670	0.48235	0.07456	0.02066	0.02146	0.01604	0.02149	0.01301	0.01758	0.01065	0.00662	0.00702	0.00216	0.00908	0.00620	0.00344	0.01017
21	0.02082	0.14946	0.02696	0.06457	0.31336	0.23557	0.01723	0.05209	0.01778	0.02102	0.01218	0.01513	0.01021	0.00674	0.00643	0.00194	0.00969	0.00537	0.00362	0.00984
22	0.00868	0.00620	0.00826	0.00991	0.01033	0.00578	0.00661	0.00991	0.01363	0.01818	0.03925	0.74510	0.04710	0.02231	0.00909	0.00289	0.00413	0.02024	0.00661	0.00578
23	0.01708	0.01637	0.02792	0.13305	0.62022	0.01678	0.02158	0.02138	0.01596	0.02261	0.01330	0.01780	0.01105	0.00644	0.00706	0.00215	0.00859	0.00634	0.00348	0.01084
24	0.01477	0.01266	0.01477	0.01055	0.01687	0.00949	0.00844	0.01793	0.01477	0.02320	0.01266	0.01477	0.01055	0.00527	0.00527	0.00105	0.00527	0.00422	0.00422	0.79328
25	0.01026	0.00693	0.00812	0.00820	0.00833	0.00703	0.00483	0.01054	0.01061	0.01426	0.02294	0.07840	0.02618	0.65281	0.09605	0.00712	0.00786	0.01059	0.00438	0.00457
26	0.01450	0.04243	0.04436	0.01661	0.01976	0.05628	0.14273	0.01902	0.05927	0.02335	0.25932	0.03177	0.05434	0.01121	0.01133	0.00243	0.16868	0.00921	0.00529	0.00810
27	0.01801	0.01310	0.01591	0.01247	0.04489	0.01054	0.00952	0.05235	0.01655	0.12575	0.01518	0.01639	0.01170	0.00600	0.00571	0.00132	0.00564	0.00484	0.00501	0.60913
28	0.01477	0.01266	0.01477	0.01055	0.01687	0.00949	0.00844	0.01793	0.01477	0.02320	0.01266	0.01477	0.01055	0.00527	0.00527	0.00105	0.00527	0.00422	0.00422	0.79328
29	0.03975	0.01875	0.10461	0.01930	0.11432	0.04885	0.04633	0.19347	0.04876	0.13118	0.10372	0.02256	0.01938	0.00848	0.00711	0.00213	0.00758	0.00709	0.00593	0.05070
30	0.01599	0.02061	0.20325	0.01795	0.07741	0.05611	0.05198	0.09732	0.04347	0.02540	0.10275	0.04854	0.03774	0.03821	0.00835	0.00233	0.00788	0.03867	0.00492	0.10114
31	0.04979	0.01915	0.13605	0.03701	0.11644	0.11964	0.01388	0.03983	0.03621	0.04116	0.05367	0.03063	0.16020	0.05277	0.02992	0.00269	0.00809	0.00813	0.00475	0.03999
32	0.05541	0.11450	0.08046	0.01912	0.11254	0.16999	0.01449	0.14767	0.06181	0.07578	0.01687	0.06981	0.01411	0.00855	0.00665	0.00208	0.00856	0.00665	0.00501	0.00995
33	0.01520	0.01352	0.03437	0.04166	0.09899	0.06260	0.01186	0.07263	0.04967	0.04080	0.10252	0.10617	0.04472	0.10703	0.03692	0.00335	0.06805	0.07653	0.00541	0.00798
34	0.06715	0.15849	0.08313	0.01583	0.04392	0.13089	0.03041	0.05806	0.14487	0.09791	0.05766	0.02208	0.01723	0.00851	0.00658	0.00210	0.00791	0.03226	0.00528	0.00974
35	0.06919	0.03956	0.06287	0.02091	0.13313	0.16316	0.07310	0.04493	0.08601	0.07057	0.03473	0.04553	0.04135	0.00868	0.00790	0.00219	0.05224	0.00702	0.00476	0.03215
36	0.02015	0.18814	0.09035	0.04236	0.04190	0.16536	0.01364	0.06178	0.10994	0.07603	0.08287	0.02010	0.01748	0.00810	0.00645	0.00197	0.00822	0.00617	0.00494	0.03405

[dist]
# distance from previous block
# <min> <max>
0	21

[block]
# block no. 5 follows, 29 sequences, length 10
# corresponding to MSA columns:
# 332-341
name=unknown_F
#
# <colnr> <probs for GDERKNQSTAVLIFYWHMCP>
#	G	D	E	R	K	N	Q	S	T	A	V	L	I	F	Y	W	H	M	C	P
0	0.03886	0.11413	0.02259	0.03703	0.14990	0.12443	0.04246	0.05007	0.01766	0.13954	0.06255	0.07284	0.01852	0.00937	0.00792	0.00218	0.05128	0.02410	0.00511	0.00945
1	0.13509	0.02036	0.20946	0.01797	0.07704	0.01554	0.04415	0.06842	0.14935	0.06044	0.02020	0.07373	0.01700	0.00941	0.00701	0.00238	0.00759	0.04983	0.00517	0.00986
2	0.02061	0.06806	0.09244	0.01580	0.05040	0.01433	0.05229	0.15976	0.02013	0.19993	0.02604	0.16925	0.05700	0.01131	0.00746	0.00231	0.00695	0.00969	0.00632	0.00993
3	0.05851	0.00989	0.01303	0.08607	0.05136	0.02881	0.03432	0.01530	0.05168	0.02188	0.15340	0.30805	0.06198	0.04477	0.00926	0.00272	0.00560	0.03039	0.00595	0.00704
4	0.06083	0.07106	0.04287	0.07019	0.24623	0.09646	0.06119	0.08145	0.04319	0.05194	0.01625	0.06888	0.01399	0.00976	0.03300	0.00250	0.00892	0.00707	0.00443	0.00978
5	0.01902	0.01785	0.06637	0.02372	0.22394	0.10708	0.05431	0.08239	0.01818	0.10025	0.04499	0.12509	0.01971	0.05393	0.00913	0.00252	0.00815	0.00874	0.00509	0.00953
6	0.01347	0.07545	0.10267	0.01555	0.06518	0.01269	0.05152	0.07154	0.06420	0.02236	0.03082	0.32465	0.09208	0.01452	0.00789	0.00247	0.00634	0.01285	0.00556	0.00819
7	0.01539	0.01427	0.02242	0.14777	0.21156	0.01533	0.07568	0.04351	0.06613	0.02279	0.06550	0.02330	0.04249	0.01114	0.05132	0.00280	0.08264	0.00734	0.00433	0.07430
8	0.02001	0.02174	0.15713	0.09085	0.12834	0.09417	0.14431	0.07166	0.01840	0.12921	0.04318	0.01943	0.01362	0.00741	0.00727	0.00221	0.00950	0.00673	0.00467	0.01017
9	0.01901	0.02499	0.28573	0.06820	0.07832	0.09009	0.11485	0.02450	0.01687	0.13980	0.01697	0.02131	0.01287	0.00783	0.00726	0.00228	0.00976	0.04487	0.00442	0.01007

[dist]
# distance from previous block
# <min> <max>
5	12

[block]
# block no. 6 follows, 29 sequences, length 18
# corresponding to MSA columns:
# 354-371
name=unknown_G
#
# <colnr> <probs for GDERKNQSTAVLIFYWHMCP>
#	G	D	E	R	K	N	Q	S	T	A	V	L	I	F	Y	W	H	M	C	P
0	0.02148	0.14489	0.02636	0.11104	0.13359	0.34948	0.07248	0.02448	0.01760	0.01879	0.01170	0.01467	0.00968	0.00684	0.00647	0.00194	0.01081	0.00528	0.00348	0.00895
1	0.08550	0.01493	0.02208	0.33210	0.21721	0.01664	0.01771	0.11534	0.01762	0.05333	0.01389	0.01781	0.01056	0.00709	0.00682	0.00221	0.00838	0.00611	0.00420	0.03048
2	0.09427	0.01649	0.02379	0.11448	0.37151	0.01753	0.01775	0.15747	0.04191	0.05511	0.01483	0.01766	0.01150	0.00712	0.00683	0.00217	0.00798	0.00621	0.00464	0.01074
3	0.09990	0.01763	0.02381	0.25315	0.31233	0.11213	0.03902	0.02153	0.01572	0.02177	0.01250	0.01681	0.01004	0.00674	0.00675	0.00218	0.00918	0.00590	0.00353	0.00938
4	0.68772	0.01422	0.01311	0.01429	0.11306	0.01611	0.00974	0.02106	0.01271	0.03070	0.01041	0.01244	0.00822	0.00657	0.00479	0.00219	0.00593	0.00421	0.00428	0.00822
5	0.01789	0.01547	0.02050	0.53228	0.04094	0.11083	0.01762	0.02195	0.01593	0.11745	0.01465	0.01890	0.01062	0.00739	0.00703	0.00228	0.00945	0.00621	0.00404	0.00856
6	0.01872	0.01714	0.02755	0.07003	0.58394	0.01757	0.02063	0.11128	0.01847	0.02598	0.01386	0.01761	0.01131	0.00668	0.00706	0.00213	0.00842	0.00635	0.00400	0.01124
7	0.01683	0.01588	0.02572	0.17200	0.48608	0.01682	0.02002	0.02332	0.10766	0.02318	0.01537	0.01910	0.01236	0.00694	0.00709	0.00221	0.00827	0.00657	0.00396	0.01063
8	0.01583	0.01413	0.01994	0.11733	0.02467	0.01256	0.10159	0.07154	0.01646	0.02416	0.01325	0.01616	0.01055	0.00590	0.00611	0.00151	0.00700	0.00526	0.00422	0.51184
9	0.06269	0.01201	0.01186	0.11359	0.01753	0.10534	0.00915	0.01535	0.01712	0.02203	0.21364	0.07798	0.26824	0.01358	0.00773	0.00229	0.00579	0.01133	0.00590	0.00687
10	0.01088	0.00850	0.00983	0.00957	0.01151	0.00839	0.00701	0.01627	0.13654	0.02394	0.28889	0.14746	0.19772	0.07846	0.01068	0.00280	0.00423	0.01332	0.00698	0.00703
11	0.08138	0.01387	0.01583	0.13453	0.02233	0.01506	0.01152	0.11251	0.24393	0.02764	0.02656	0.02678	0.10803	0.00934	0.00685	0.00216	0.00625	0.00759	0.00578	0.12208
12	0.00951	0.00724	0.01027	0.11358	0.01592	0.00732	0.00851	0.01147	0.01441	0.01927	0.10518	0.56799	0.04381	0.01931	0.00873	0.00275	0.00482	0.01747	0.00624	0.00619
13	0.01132	0.00827	0.01015	0.01076	0.01213	0.00816	0.00775	0.10144	0.01672	0.02209	0.03896	0.54766	0.09804	0.01991	0.00881	0.00277	0.00474	0.05694	0.00668	0.00671
14	0.01664	0.08655	0.03218	0.07084	0.16456	0.01965	0.26399	0.02065	0.01470	0.02050	0.01229	0.01715	0.01026	0.00791	0.01177	0.00245	0.20838	0.00684	0.00337	0.00930
15	0.01312	0.01121	0.01668	0.02177	0.22499	0.01166	0.01310	0.01727	0.07281	0.02121	0.02827	0.29737	0.03048	0.01525	0.00935	0.00270	0.05287	0.12620	0.00549	0.00820
16	0.01611	0.03139	0.02502	0.14852	0.47513	0.03100	0.01921	0.02007	0.01594	0.02200	0.04263	0.06763	0.01638	0.00827	0.00727	0.00223	0.00816	0.02918	0.00393	0.00994
17	0.01707	0.01915	0.12587	0.11934	0.51261	0.01655	0.02192	0.02190	0.01594	0.04235	0.01364	0.01760	0.01093	0.00657	0.00702	0.00217	0.00881	0.00621	0.00356	0.01080

[dist]
# distance from previous block
# <min> <max>
0	9

# created by:
# /home/berkeley/.conda/envs/busco_data_prod/bin/msa2prfl.pl pipeline/OGs_align_augustus/4893/27882.fs
