[name]
unknown

[dist]
# distance from previous block
# <min> <max>
31	91

[block]
# block no. 0 follows, 34 sequences, length 7
# corresponding to MSA columns:
# 136-142
name=unknown_A
#
# <colnr> <probs for GDERKNQSTAVLIFYWHMCP>
#	G	D	E	R	K	N	Q	S	T	A	V	L	I	F	Y	W	H	M	C	P
0	0.10264	0.10023	0.01864	0.01544	0.10499	0.03638	0.04743	0.15335	0.03725	0.09659	0.05690	0.04465	0.08006	0.00820	0.00607	0.00187	0.00620	0.00671	0.00505	0.07136
1	0.10932	0.13126	0.11551	0.01226	0.01701	0.07137	0.01131	0.13135	0.01668	0.10511	0.01829	0.05454	0.05114	0.05140	0.00738	0.00214	0.00677	0.03197	0.00470	0.05045
2	0.06706	0.15637	0.04563	0.01184	0.01555	0.14144	0.00994	0.11192	0.03731	0.06890	0.07385	0.08845	0.07280	0.03870	0.03089	0.00233	0.00706	0.00733	0.00482	0.00782
3	0.07709	0.03746	0.15162	0.04753	0.03961	0.08153	0.01334	0.11624	0.01651	0.09690	0.04941	0.04933	0.04225	0.01056	0.03695	0.00245	0.07579	0.04243	0.00462	0.00837
4	0.01802	0.06592	0.09414	0.01443	0.05393	0.11236	0.01204	0.14094	0.01780	0.10838	0.04585	0.04335	0.06024	0.01038	0.03660	0.00226	0.03445	0.04510	0.00489	0.07890
5	0.23140	0.07061	0.10891	0.01405	0.01874	0.07521	0.09017	0.05406	0.04583	0.06634	0.01353	0.04483	0.01107	0.00935	0.04529	0.00243	0.05034	0.00555	0.00407	0.03820
6	0.01750	0.01202	0.01533	0.01237	0.01616	0.05178	0.07678	0.08361	0.01715	0.20498	0.09508	0.10378	0.11319	0.01022	0.00734	0.00198	0.03450	0.00870	0.00585	0.11169

[dist]
# distance from previous block
# <min> <max>
0	2

[block]
# block no. 1 follows, 34 sequences, length 13
# corresponding to MSA columns:
# 145-157
name=unknown_B
#
# <colnr> <probs for GDERKNQSTAVLIFYWHMCP>
#	G	D	E	R	K	N	Q	S	T	A	V	L	I	F	Y	W	H	M	C	P
0	0.07286	0.10164	0.09715	0.01329	0.01822	0.08620	0.03001	0.20372	0.01835	0.02522	0.02985	0.05490	0.03554	0.00791	0.00627	0.00180	0.02537	0.02439	0.00452	0.14277
1	0.03356	0.05943	0.04298	0.01526	0.07248	0.09162	0.09119	0.09057	0.03474	0.06708	0.07010	0.05424	0.11996	0.00874	0.00641	0.00185	0.00666	0.00746	0.00479	0.12088
2	0.12841	0.01416	0.08265	0.03196	0.01903	0.02739	0.11292	0.06478	0.04272	0.18126	0.03975	0.10160	0.05528	0.00923	0.00657	0.00210	0.00651	0.03143	0.00533	0.03693
3	0.03624	0.01749	0.12207	0.01697	0.06801	0.08549	0.09488	0.07764	0.04508	0.18676	0.09512	0.02235	0.01780	0.00823	0.00752	0.00208	0.05175	0.03028	0.00517	0.00906
4	0.01423	0.01304	0.07150	0.04812	0.07936	0.01188	0.05210	0.05731	0.08121	0.06888	0.05726	0.10710	0.01930	0.03041	0.06429	0.00278	0.05777	0.03339	0.00471	0.12536
5	0.59812	0.01382	0.01143	0.00984	0.01399	0.06926	0.00801	0.04530	0.01348	0.14783	0.01208	0.01269	0.00875	0.00645	0.00464	0.00197	0.00566	0.00413	0.00471	0.00785
6	0.01481	0.01656	0.03539	0.13369	0.03533	0.01605	0.60838	0.02009	0.01491	0.02009	0.01284	0.01740	0.00963	0.00559	0.00746	0.00217	0.01056	0.00735	0.00321	0.00849
7	0.01022	0.01000	0.06716	0.01239	0.06137	0.00809	0.06100	0.01369	0.01706	0.02396	0.50981	0.06498	0.09060	0.01201	0.00745	0.00206	0.00448	0.01079	0.00613	0.00677
8	0.00814	0.00590	0.00769	0.00864	0.00939	0.00545	0.00595	0.00972	0.01384	0.01864	0.19122	0.56168	0.09296	0.01842	0.00807	0.00246	0.00356	0.01657	0.00624	0.00545
9	0.01340	0.01148	0.01340	0.00957	0.01531	0.00861	0.00766	0.01627	0.01340	0.02105	0.01148	0.01340	0.00957	0.00479	0.00479	0.00096	0.00479	0.00383	0.00383	0.81242
10	0.01509	0.21183	0.26696	0.01679	0.07696	0.01695	0.05842	0.04234	0.06770	0.02044	0.01229	0.01405	0.00966	0.00594	0.00557	0.00171	0.00763	0.00476	0.00340	0.14152
11	0.01509	0.01695	0.03545	0.02574	0.03132	0.01684	0.60782	0.01995	0.01447	0.01995	0.01240	0.01695	0.00961	0.00630	0.00961	0.00227	0.12027	0.00734	0.00320	0.00847
12	0.01429	0.01278	0.01732	0.01262	0.01829	0.01073	0.11030	0.04470	0.06736	0.02220	0.01298	0.01487	0.01042	0.00529	0.00540	0.00127	0.00579	0.00472	0.00405	0.60461

[dist]
# distance from previous block
# <min> <max>
0	1

[block]
# block no. 2 follows, 34 sequences, length 63
# corresponding to MSA columns:
# 159-221
name=unknown_C
#
# <colnr> <probs for GDERKNQSTAVLIFYWHMCP>
#	G	D	E	R	K	N	Q	S	T	A	V	L	I	F	Y	W	H	M	C	P
0	0.06032	0.38230	0.21294	0.01437	0.03620	0.10742	0.01456	0.04746	0.03723	0.01888	0.01066	0.01215	0.00871	0.00604	0.00508	0.00168	0.00803	0.00415	0.00316	0.00866
1	0.00822	0.00601	0.00775	0.00862	0.00949	0.00553	0.00604	0.00990	0.01406	0.01883	0.19666	0.50439	0.12261	0.01814	0.00806	0.00245	0.00361	0.03790	0.00625	0.00549
2	0.01561	0.01496	0.02554	0.11155	0.66369	0.01525	0.01964	0.01950	0.01453	0.02065	0.01209	0.01612	0.01007	0.00583	0.00640	0.00194	0.00777	0.00576	0.00317	0.00993
3	0.00829	0.00652	0.00717	0.00704	0.00874	0.00574	0.00508	0.01007	0.01492	0.01901	0.23604	0.05565	0.45144	0.12279	0.01121	0.00272	0.00364	0.01252	0.00600	0.00541
4	0.00816	0.00677	0.00798	0.00774	0.00972	0.00587	0.02649	0.01009	0.01508	0.01891	0.17615	0.14423	0.50796	0.01596	0.00771	0.00221	0.00352	0.01369	0.00611	0.00564
5	0.01420	0.01509	0.04325	0.40141	0.05615	0.08459	0.04067	0.01816	0.03819	0.01700	0.01120	0.01602	0.00903	0.00772	0.01015	0.00227	0.19864	0.00566	0.00306	0.00752
6	0.01243	0.01180	0.01943	0.66925	0.04122	0.01500	0.01749	0.01639	0.01256	0.01639	0.01113	0.01686	0.00860	0.00704	0.00822	0.00223	0.09819	0.00573	0.00287	0.00716
7	0.01473	0.03759	0.04839	0.11562	0.20977	0.01555	0.38081	0.01944	0.01481	0.02020	0.03281	0.01862	0.02801	0.00613	0.00704	0.00208	0.00927	0.00699	0.00334	0.00878
8	0.00786	0.00652	0.00687	0.00686	0.00888	0.00554	0.00512	0.00967	0.01513	0.01859	0.15658	0.08705	0.61093	0.01607	0.00766	0.00218	0.00326	0.01354	0.00615	0.00554
9	0.02219	0.05106	0.01843	0.01488	0.01912	0.31656	0.01174	0.26251	0.12600	0.02635	0.01436	0.01488	0.01100	0.00719	0.00603	0.00178	0.00853	0.00515	0.00490	0.05733
10	0.68632	0.01460	0.01090	0.00969	0.01365	0.08946	0.00784	0.04491	0.03258	0.02801	0.00982	0.01118	0.00764	0.00621	0.00435	0.00197	0.00576	0.00376	0.00409	0.00728
11	0.00943	0.00708	0.01019	0.01009	0.01102	0.00821	0.00764	0.01134	0.01021	0.01463	0.01747	0.02765	0.01704	0.16136	0.60866	0.00946	0.04221	0.00727	0.00351	0.00552
12	0.00914	0.00660	0.00864	0.00813	0.00965	0.00610	0.00610	0.01219	0.01829	0.02591	0.72921	0.04827	0.06097	0.01321	0.00762	0.00203	0.00305	0.01169	0.00711	0.00610
13	0.81856	0.01250	0.00950	0.00850	0.01250	0.01449	0.00700	0.01899	0.01100	0.02899	0.00900	0.01050	0.00700	0.00600	0.00400	0.00200	0.00500	0.00350	0.00400	0.00700
14	0.00940	0.00626	0.00705	0.00705	0.00705	0.00626	0.00392	0.00940	0.00940	0.01253	0.02036	0.04228	0.02349	0.77292	0.03289	0.00626	0.00626	0.00940	0.00392	0.00392
15	0.02899	0.01100	0.01499	0.01150	0.01649	0.00950	0.00950	0.03149	0.01849	0.73709	0.02549	0.02199	0.01599	0.00800	0.00650	0.00200	0.00550	0.00650	0.00800	0.01100
16	0.02414	0.03079	0.01831	0.01665	0.01998	0.74698	0.01248	0.02580	0.01831	0.01581	0.00999	0.01165	0.00832	0.00666	0.00583	0.00166	0.01165	0.00416	0.00333	0.00749
17	0.00787	0.00562	0.00750	0.00900	0.00937	0.00525	0.00600	0.00900	0.01237	0.01649	0.03561	0.76871	0.04274	0.02024	0.00825	0.00262	0.00375	0.01837	0.00600	0.00525
18	0.01340	0.01148	0.01340	0.00957	0.01531	0.00861	0.00766	0.01627	0.01340	0.02105	0.01148	0.01340	0.00957	0.00479	0.00479	0.00096	0.00479	0.00383	0.00383	0.81242
19	0.01599	0.01535	0.02623	0.03966	0.73262	0.01535	0.01983	0.01983	0.01471	0.02111	0.01215	0.01599	0.01023	0.00576	0.00640	0.00192	0.00768	0.00576	0.00320	0.01023
20	0.01525	0.01743	0.03813	0.02723	0.03377	0.01634	0.70915	0.02070	0.01525	0.02070	0.01307	0.01743	0.00980	0.00545	0.00763	0.00218	0.01089	0.00763	0.00327	0.00871
21	0.01122	0.00561	0.00842	0.00842	0.00842	0.00561	0.00561	0.00842	0.00842	0.01122	0.01122	0.01964	0.01122	0.02245	0.02525	0.81201	0.00561	0.00561	0.00281	0.00281
22	0.01405	0.01401	0.01977	0.05130	0.01824	0.01954	0.01431	0.01559	0.01004	0.01559	0.00862	0.01428	0.00849	0.01108	0.02052	0.00280	0.72620	0.00566	0.00283	0.00707
23	0.01220	0.01148	0.01938	0.75739	0.04450	0.01436	0.01794	0.01651	0.01292	0.01651	0.01148	0.01723	0.00861	0.00646	0.00646	0.00215	0.00861	0.00574	0.00287	0.00718
24	0.01554	0.01490	0.02542	0.12439	0.65139	0.01523	0.01961	0.01944	0.01450	0.02057	0.01207	0.01614	0.01004	0.00584	0.00640	0.00195	0.00779	0.00576	0.00316	0.00987
25	0.02456	0.01810	0.01939	0.01487	0.02004	0.02004	0.01228	0.71107	0.03038	0.04072	0.01551	0.01551	0.01099	0.00776	0.00646	0.00194	0.00711	0.00582	0.00646	0.01099
26	0.00796	0.00685	0.00716	0.00703	0.00910	0.00606	0.00533	0.00964	0.01467	0.01770	0.08866	0.05971	0.67521	0.01604	0.00818	0.00220	0.03381	0.01324	0.00591	0.00554
27	0.01330	0.01282	0.02237	0.53830	0.20004	0.01473	0.07139	0.01758	0.01351	0.01788	0.01176	0.01696	0.00907	0.00622	0.00653	0.00210	0.00858	0.00589	0.00298	0.00799
28	0.01565	0.01676	0.02094	0.44745	0.14384	0.18327	0.04484	0.01933	0.01453	0.01722	0.01131	0.01576	0.00884	0.00636	0.00635	0.00201	0.00926	0.00546	0.00304	0.00778
29	0.81856	0.01250	0.00950	0.00850	0.01250	0.01449	0.00700	0.01899	0.01100	0.02899	0.00900	0.01050	0.00700	0.00600	0.00400	0.00200	0.00500	0.00350	0.00400	0.00700
30	0.00940	0.00626	0.00705	0.00705	0.00705	0.00626	0.00392	0.00940	0.00940	0.01253	0.02036	0.04228	0.02349	0.77292	0.03289	0.00626	0.00626	0.00940	0.00392	0.00392
31	0.02271	0.02419	0.01789	0.01551	0.01939	0.41434	0.01200	0.20960	0.15552	0.02457	0.01457	0.01505	0.01121	0.00735	0.00614	0.00184	0.00920	0.00520	0.00478	0.00894
32	0.00851	0.00589	0.00731	0.00818	0.00840	0.00567	0.00513	0.00916	0.01113	0.01483	0.02923	0.46455	0.03468	0.33539	0.01856	0.00415	0.00480	0.01461	0.00513	0.00469
33	0.02414	0.03079	0.01831	0.01665	0.01998	0.74698	0.01248	0.02580	0.01831	0.01581	0.00999	0.01165	0.00832	0.00666	0.00583	0.00166	0.01165	0.00416	0.00333	0.00749
34	0.00794	0.00579	0.00748	0.00867	0.00932	0.00533	0.00589	0.00926	0.01305	0.01727	0.08847	0.64060	0.11851	0.01932	0.00814	0.00253	0.00365	0.01738	0.00608	0.00533
35	0.00801	0.00572	0.00765	0.00915	0.00959	0.00537	0.00624	0.00923	0.01251	0.01665	0.03554	0.73109	0.04244	0.02011	0.00828	0.00264	0.00387	0.05463	0.00600	0.00529
36	0.01176	0.00608	0.00628	0.00623	0.00774	0.00603	0.00467	0.01477	0.01402	0.02427	0.09093	0.02647	0.02094	0.00809	0.00482	0.00156	0.00301	0.00658	0.72971	0.00603
37	0.00914	0.00660	0.00864	0.00813	0.00965	0.00610	0.00610	0.01219	0.01829	0.02591	0.72921	0.04827	0.06097	0.01321	0.00762	0.00203	0.00305	0.01169	0.00711	0.00610
38	0.63867	0.01376	0.01174	0.00994	0.01420	0.01575	0.00819	0.17579	0.01539	0.03165	0.01047	0.01163	0.00790	0.00640	0.00456	0.00199	0.00548	0.00402	0.00456	0.00790
39	0.01701	0.01588	0.05466	0.05165	0.13720	0.01501	0.30147	0.09898	0.04934	0.08847	0.01510	0.01803	0.01138	0.00933	0.06096	0.00265	0.00935	0.00667	0.00420	0.03267
40	0.04142	0.01735	0.02037	0.10515	0.26349	0.13949	0.01484	0.13969	0.06635	0.08195	0.01423	0.01612	0.01087	0.00669	0.00622	0.00190	0.00784	0.00554	0.00440	0.03611
41	0.79089	0.01244	0.00969	0.00860	0.01264	0.01432	0.00709	0.01943	0.01126	0.05380	0.00957	0.01090	0.00731	0.00607	0.00409	0.00200	0.00502	0.00360	0.00414	0.00714
42	0.00798	0.00587	0.00743	0.00863	0.00934	0.00540	0.00592	0.00923	0.01277	0.01664	0.04012	0.59819	0.15849	0.04403	0.00897	0.00268	0.00384	0.04328	0.00593	0.00527
43	0.81856	0.01250	0.00950	0.00850	0.01250	0.01449	0.00700	0.01899	0.01100	0.02899	0.00900	0.01050	0.00700	0.00600	0.00400	0.00200	0.00500	0.00350	0.00400	0.00700
44	0.01599	0.01535	0.02623	0.03966	0.73262	0.01535	0.01983	0.01983	0.01471	0.02111	0.01215	0.01599	0.01023	0.00576	0.00640	0.00192	0.00768	0.00576	0.00320	0.01023
45	0.02076	0.01621	0.01725	0.01410	0.01859	0.01826	0.01136	0.40764	0.34001	0.03458	0.02035	0.01937	0.01491	0.00821	0.00651	0.00205	0.00621	0.00648	0.00651	0.01065
46	0.01607	0.01388	0.01461	0.01315	0.01680	0.01607	0.01023	0.03433	0.72094	0.02703	0.02630	0.02411	0.01972	0.00877	0.00657	0.00219	0.00511	0.00731	0.00657	0.01023
47	0.00787	0.00562	0.00750	0.00900	0.00937	0.00525	0.00600	0.00900	0.01237	0.01649	0.03561	0.76871	0.04274	0.02024	0.00825	0.00262	0.00375	0.01837	0.00600	0.00525
48	0.00820	0.00668	0.00733	0.00748	0.00949	0.00581	0.00582	0.01018	0.01515	0.01867	0.13574	0.06213	0.55646	0.01622	0.00782	0.00228	0.00363	0.10919	0.00612	0.00560
49	0.02271	0.05868	0.02006	0.01968	0.12088	0.61417	0.01347	0.02469	0.01759	0.01654	0.01025	0.01222	0.00859	0.00648	0.00584	0.00169	0.01090	0.00436	0.00329	0.00791
50	0.01812	0.01490	0.01576	0.01356	0.01758	0.01703	0.01072	0.19739	0.55455	0.03033	0.02370	0.02204	0.01762	0.00852	0.00655	0.00213	0.00559	0.00695	0.00655	0.01041
51	0.00787	0.00562	0.00750	0.00900	0.00937	0.00525	0.00600	0.00900	0.01237	0.01649	0.03561	0.76871	0.04274	0.02024	0.00825	0.00262	0.00375	0.01837	0.00600	0.00525
52	0.00940	0.00626	0.00705	0.00705	0.00705	0.00626	0.00392	0.00940	0.00940	0.01253	0.02036	0.04228	0.02349	0.77292	0.03289	0.00626	0.00626	0.00940	0.00392	0.00392
53	0.06100	0.02953	0.01794	0.01621	0.01963	0.68892	0.01222	0.04819	0.01837	0.01725	0.01012	0.01173	0.00835	0.00666	0.00576	0.00169	0.01119	0.00419	0.00346	0.00758
54	0.01620	0.01893	0.11646	0.18627	0.26824	0.09885	0.08402	0.06605	0.04415	0.02091	0.01257	0.01589	0.00979	0.00629	0.00644	0.00199	0.00874	0.00569	0.00344	0.00907
55	0.01805	0.27471	0.21421	0.01471	0.02061	0.22634	0.01468	0.04274	0.04213	0.01830	0.01095	0.01244	0.00886	0.00616	0.00535	0.00166	0.00878	0.00424	0.00323	0.05185
56	0.00957	0.11526	0.01098	0.00843	0.00970	0.00842	0.00602	0.01061	0.01204	0.01542	0.03215	0.37125	0.13125	0.21320	0.01398	0.00333	0.00478	0.01324	0.00500	0.00536
57	0.01431	0.12036	0.06925	0.01215	0.01556	0.09418	0.03262	0.06770	0.01452	0.05145	0.02185	0.02497	0.11421	0.02387	0.28855	0.00510	0.01116	0.00685	0.00408	0.00727
58	0.01761	0.25867	0.20629	0.01468	0.04740	0.05705	0.01433	0.08746	0.04858	0.08885	0.01519	0.01703	0.03054	0.00696	0.00565	0.00178	0.00745	0.02402	0.00406	0.04640
59	0.07421	0.04341	0.03810	0.01414	0.05614	0.06974	0.06099	0.09418	0.07607	0.13913	0.06400	0.13236	0.06464	0.00986	0.00659	0.00204	0.00621	0.00839	0.00549	0.03431
60	0.07291	0.14362	0.06947	0.03088	0.05181	0.14845	0.01233	0.15030	0.08082	0.10852	0.01611	0.01662	0.03465	0.00735	0.00625	0.00188	0.02888	0.00537	0.00472	0.00908
61	0.04456	0.05202	0.07040	0.01529	0.05260	0.14835	0.06545	0.06506	0.06981	0.14500	0.04701	0.12691	0.01907	0.00956	0.00665	0.00207	0.00726	0.03931	0.00516	0.00848
62	0.06769	0.06678	0.04932	0.04163	0.04031	0.12490	0.02703	0.05890	0.06640	0.11151	0.15447	0.07799	0.03995	0.00924	0.00640	0.00195	0.00640	0.00759	0.00527	0.03627

[dist]
# distance from previous block
# <min> <max>
9	50

[block]
# block no. 3 follows, 34 sequences, length 43
# corresponding to MSA columns:
# 287-329
name=unknown_D
#
# <colnr> <probs for GDERKNQSTAVLIFYWHMCP>
#	G	D	E	R	K	N	Q	S	T	A	V	L	I	F	Y	W	H	M	C	P
0	0.06614	0.06178	0.17861	0.04367	0.04231	0.18323	0.09066	0.09581	0.03921	0.08114	0.01560	0.01687	0.04265	0.00702	0.00617	0.00193	0.00867	0.00560	0.00413	0.00881
1	0.10118	0.08983	0.21908	0.08143	0.04076	0.12650	0.14303	0.02102	0.01460	0.06203	0.01355	0.01572	0.03057	0.00646	0.00606	0.00196	0.00885	0.00542	0.00349	0.00848
2	0.05702	0.13909	0.26435	0.06344	0.04893	0.01661	0.03779	0.12143	0.04640	0.10240	0.01385	0.01504	0.01009	0.00653	0.00587	0.00190	0.00771	0.00512	0.00416	0.03227
3	0.03334	0.06753	0.31345	0.01964	0.09405	0.04881	0.12180	0.06816	0.03945	0.04735	0.03912	0.01612	0.01147	0.00644	0.00625	0.00194	0.00849	0.00559	0.00370	0.04730
4	0.13935	0.13004	0.13308	0.01352	0.01870	0.12429	0.01256	0.15226	0.06293	0.04181	0.02896	0.01442	0.01082	0.00684	0.00594	0.00182	0.02832	0.00482	0.00428	0.06524
5	0.08494	0.09497	0.03543	0.01416	0.03917	0.05653	0.11457	0.04172	0.06046	0.02175	0.15791	0.16156	0.02697	0.01072	0.00711	0.00212	0.02350	0.03406	0.00493	0.00740
6	0.07482	0.07024	0.10738	0.08363	0.15929	0.07069	0.09920	0.05688	0.08131	0.02153	0.03076	0.01625	0.01133	0.00701	0.00765	0.00205	0.08179	0.00571	0.00371	0.00876
7	0.01864	0.04805	0.07304	0.01393	0.01825	0.15471	0.01190	0.16629	0.05396	0.05893	0.03937	0.01608	0.01224	0.00861	0.02878	0.00205	0.09973	0.00528	0.00450	0.16567
8	0.06627	0.04503	0.06669	0.05174	0.26833	0.12415	0.01501	0.13278	0.04335	0.06815	0.01443	0.04966	0.01181	0.00718	0.00618	0.00193	0.00774	0.00593	0.00428	0.00935
9	0.00897	0.00656	0.00842	0.00803	0.00956	0.00601	0.00599	0.01183	0.01777	0.02485	0.64744	0.07618	0.11677	0.01374	0.00765	0.00207	0.00309	0.01210	0.00698	0.00601
10	0.01586	0.01518	0.02566	0.08544	0.60808	0.01567	0.04247	0.03861	0.01481	0.02106	0.01205	0.01602	0.01005	0.00612	0.00717	0.00199	0.04484	0.00582	0.00325	0.00984
11	0.00777	0.00659	0.00674	0.00681	0.00896	0.00555	0.00518	0.00947	0.01473	0.01755	0.06392	0.06271	0.69596	0.01644	0.00770	0.00222	0.00340	0.04682	0.00600	0.00548
12	0.01578	0.07286	0.34879	0.02520	0.27426	0.11300	0.02014	0.02088	0.01461	0.01975	0.01142	0.01400	0.00893	0.00604	0.00606	0.00191	0.00901	0.00496	0.00298	0.00944
13	0.01787	0.01409	0.01570	0.01431	0.05202	0.01572	0.01075	0.17695	0.44451	0.06187	0.08472	0.02388	0.02082	0.00876	0.00663	0.00210	0.00551	0.00726	0.00650	0.01006
14	0.01238	0.00987	0.01470	0.01449	0.08429	0.01019	0.06921	0.06198	0.01526	0.05331	0.15714	0.08770	0.11813	0.01982	0.16917	0.00398	0.05641	0.02975	0.00507	0.00712
15	0.01972	0.01876	0.12593	0.01466	0.01987	0.01767	0.01316	0.37351	0.24772	0.03259	0.01849	0.01865	0.01367	0.02707	0.00711	0.00214	0.00682	0.00623	0.00587	0.01035
16	0.01844	0.01363	0.01621	0.05435	0.08192	0.01504	0.01147	0.06765	0.46849	0.14382	0.02356	0.02222	0.01722	0.00820	0.00653	0.00212	0.00569	0.00687	0.00631	0.01024
17	0.01300	0.01468	0.13222	0.01433	0.07380	0.01235	0.01172	0.02293	0.30828	0.02386	0.16721	0.06415	0.09379	0.01022	0.00687	0.00213	0.00540	0.00875	0.00570	0.00861
18	0.00766	0.00647	0.00662	0.00675	0.00878	0.00544	0.00500	0.00925	0.01453	0.01738	0.06300	0.12040	0.67337	0.01668	0.00769	0.00222	0.00331	0.01403	0.00600	0.00544
19	0.01268	0.03202	0.70122	0.01780	0.02696	0.01451	0.02288	0.01988	0.01370	0.02031	0.01440	0.01617	0.04583	0.00667	0.00622	0.00205	0.00922	0.00524	0.00290	0.00934
20	0.01296	0.03342	0.73944	0.01842	0.02797	0.01501	0.02387	0.02046	0.01364	0.02046	0.01160	0.01364	0.00818	0.00614	0.00614	0.00205	0.00955	0.00477	0.00273	0.00955
21	0.02414	0.03079	0.01831	0.01665	0.01998	0.74698	0.01248	0.02580	0.01831	0.01581	0.00999	0.01165	0.00832	0.00666	0.00583	0.00166	0.01165	0.00416	0.00333	0.00749
22	0.81856	0.01250	0.00950	0.00850	0.01250	0.01449	0.00700	0.01899	0.01100	0.02899	0.00900	0.01050	0.00700	0.00600	0.00400	0.00200	0.00500	0.00350	0.00400	0.00700
23	0.00914	0.00660	0.00864	0.00813	0.00965	0.00610	0.00610	0.01219	0.01829	0.02591	0.72921	0.04827	0.06097	0.01321	0.00762	0.00203	0.00305	0.01169	0.00711	0.00610
24	0.01750	0.01569	0.04776	0.06174	0.27290	0.07958	0.03780	0.10046	0.05483	0.09463	0.10628	0.02235	0.04412	0.00782	0.00661	0.00197	0.00710	0.00684	0.00480	0.00922
25	0.00787	0.00562	0.00750	0.00900	0.00937	0.00525	0.00600	0.00900	0.01237	0.01649	0.03561	0.76871	0.04274	0.02024	0.00825	0.00262	0.00375	0.01837	0.00600	0.00525
26	0.01764	0.01781	0.02330	0.08542	0.38793	0.15372	0.06523	0.02286	0.09809	0.04458	0.01386	0.01652	0.01102	0.00639	0.00640	0.00194	0.00835	0.00579	0.00376	0.00940
27	0.00787	0.00562	0.00750	0.00900	0.00937	0.00525	0.00600	0.00900	0.01237	0.01649	0.03561	0.76871	0.04274	0.02024	0.00825	0.00262	0.00375	0.01837	0.00600	0.00525
28	0.01902	0.01947	0.01572	0.01411	0.01764	0.26318	0.01085	0.06187	0.42174	0.02374	0.02006	0.01949	0.01533	0.00795	0.00623	0.00197	0.00733	0.00612	0.03899	0.00916
29	0.00900	0.00656	0.00845	0.00805	0.00958	0.00602	0.00601	0.01188	0.01783	0.02500	0.65928	0.07558	0.10518	0.01368	0.00764	0.00206	0.00309	0.01206	0.00700	0.00602
30	0.00856	0.00658	0.00783	0.00751	0.00929	0.00585	0.00564	0.01106	0.01691	0.02263	0.47168	0.05367	0.32055	0.01443	0.00763	0.00209	0.00314	0.01244	0.00668	0.00585
31	0.01711	0.74798	0.06122	0.01134	0.01703	0.02516	0.01155	0.01939	0.01315	0.01541	0.00908	0.01049	0.00829	0.00555	0.00422	0.00141	0.00701	0.00351	0.00276	0.00834
32	0.02150	0.01267	0.01477	0.01245	0.01667	0.01331	0.00992	0.03314	0.42581	0.32536	0.02596	0.02322	0.01816	0.00844	0.00654	0.00211	0.00528	0.00697	0.00717	0.01055
33	0.04561	0.01407	0.09488	0.01102	0.01678	0.01017	0.00989	0.01788	0.01352	0.07140	0.01224	0.01395	0.00971	0.00553	0.00583	0.00128	0.04253	0.00420	0.00396	0.59554
34	0.78742	0.01330	0.03772	0.00888	0.01309	0.01451	0.00765	0.01905	0.01110	0.02866	0.00910	0.01062	0.00704	0.00600	0.00408	0.00200	0.00517	0.00355	0.00395	0.00710
35	0.00939	0.00631	0.00727	0.00727	0.00735	0.00639	0.00419	0.00954	0.00946	0.01269	0.02015	0.04115	0.02300	0.72455	0.08059	0.00654	0.00700	0.00923	0.00388	0.00404
36	0.79000	0.01244	0.00970	0.00861	0.01264	0.01431	0.00709	0.01945	0.01127	0.05461	0.00959	0.01091	0.00732	0.00607	0.00409	0.00200	0.00502	0.00361	0.00414	0.00714
37	0.01761	0.74219	0.03320	0.01123	0.01674	0.02531	0.01111	0.05091	0.01392	0.01637	0.00928	0.01060	0.00841	0.00563	0.00425	0.00141	0.00692	0.00356	0.00293	0.00841
38	0.05244	0.01181	0.01445	0.01151	0.01534	0.01179	0.00916	0.17122	0.01864	0.39252	0.02101	0.02367	0.01567	0.15281	0.01207	0.00283	0.04045	0.00675	0.00652	0.00933
39	0.00767	0.00641	0.00669	0.00691	0.00882	0.00542	0.00507	0.00923	0.01437	0.01731	0.06096	0.16852	0.62656	0.01695	0.00773	0.00225	0.00334	0.01435	0.00600	0.00542
40	0.01906	0.58268	0.02981	0.01251	0.01747	0.21330	0.01143	0.02103	0.01448	0.01536	0.00924	0.01070	0.00830	0.00582	0.00458	0.00146	0.00814	0.00364	0.00291	0.00808
41	0.02416	0.03013	0.01837	0.01655	0.01998	0.70907	0.01247	0.06154	0.01894	0.01711	0.01028	0.01185	0.00846	0.00672	0.00586	0.00168	0.01142	0.00425	0.00349	0.00767
42	0.01845	0.12992	0.01846	0.01319	0.01742	0.04437	0.01075	0.14583	0.44689	0.05303	0.02125	0.02006	0.01598	0.00800	0.00616	0.00200	0.00597	0.00633	0.00592	0.00999

[dist]
# distance from previous block
# <min> <max>
0	1

[block]
# block no. 4 follows, 34 sequences, length 28
# corresponding to MSA columns:
# 331-358
name=unknown_E
#
# <colnr> <probs for GDERKNQSTAVLIFYWHMCP>
#	G	D	E	R	K	N	Q	S	T	A	V	L	I	F	Y	W	H	M	C	P
0	0.08307	0.40915	0.09863	0.01401	0.03967	0.22493	0.01269	0.02125	0.01450	0.01719	0.00962	0.01123	0.00824	0.00595	0.00487	0.00159	0.00837	0.00386	0.00303	0.00815
1	0.05182	0.01561	0.01717	0.01333	0.01823	0.03931	0.01096	0.42125	0.02492	0.26764	0.01857	0.01762	0.01259	0.00773	0.00631	0.00194	0.00653	0.00592	0.03196	0.01059
2	0.01122	0.00561	0.00842	0.00842	0.00842	0.00561	0.00561	0.00842	0.00842	0.01122	0.01122	0.01964	0.01122	0.02245	0.02525	0.81201	0.00561	0.00561	0.00281	0.00281
3	0.01584	0.06354	0.13940	0.04530	0.33520	0.11296	0.04303	0.02051	0.04803	0.02028	0.05910	0.01868	0.03623	0.00688	0.00632	0.00192	0.00806	0.00602	0.00360	0.00909
4	0.01340	0.01148	0.01340	0.00957	0.01531	0.00861	0.00766	0.01627	0.01340	0.02105	0.01148	0.01340	0.00957	0.00479	0.00479	0.00096	0.00479	0.00383	0.00383	0.81242
5	0.00780	0.00655	0.00677	0.00672	0.00883	0.00552	0.00504	0.00959	0.01512	0.01838	0.13780	0.06067	0.65708	0.01602	0.00763	0.00217	0.00325	0.01342	0.00612	0.00552
6	0.00926	0.00667	0.00814	0.00782	0.00958	0.00596	0.00584	0.01175	0.01685	0.04626	0.46191	0.09656	0.26071	0.01443	0.00763	0.00211	0.00324	0.01252	0.00674	0.00601
7	0.01705	0.31334	0.04735	0.13607	0.22170	0.05373	0.01513	0.08850	0.01552	0.01978	0.01103	0.01367	0.00915	0.00603	0.00550	0.00174	0.00770	0.00476	0.00330	0.00893
8	0.01296	0.03342	0.73944	0.01842	0.02797	0.01501	0.02387	0.02046	0.01364	0.02046	0.01160	0.01364	0.00818	0.00614	0.00614	0.00205	0.00955	0.00477	0.00273	0.00955
9	0.00808	0.00664	0.00716	0.00723	0.00927	0.00572	0.00556	0.01001	0.01517	0.01865	0.14302	0.06149	0.58452	0.01612	0.00775	0.00224	0.00349	0.07616	0.00613	0.00558
10	0.02198	0.26575	0.02321	0.01489	0.01891	0.51977	0.01203	0.02377	0.01668	0.01562	0.00967	0.01125	0.00831	0.00630	0.00530	0.00158	0.01016	0.00394	0.00315	0.00774
11	0.01903	0.01513	0.01773	0.11226	0.04798	0.04038	0.01243	0.39692	0.02215	0.02961	0.01557	0.05561	0.01291	0.03425	0.08690	0.00307	0.05731	0.00660	0.00512	0.00905
12	0.01220	0.01148	0.01938	0.75739	0.04450	0.01436	0.01794	0.01651	0.01292	0.01651	0.01148	0.01723	0.00861	0.00646	0.00646	0.00215	0.00861	0.00574	0.00287	0.00718
13	0.00939	0.00630	0.00725	0.00725	0.00732	0.00637	0.00417	0.00953	0.00946	0.01268	0.02017	0.04126	0.02305	0.72920	0.07601	0.00651	0.00693	0.00925	0.00389	0.00403
14	0.01727	0.77681	0.03386	0.01106	0.01658	0.02557	0.01106	0.01935	0.01313	0.01520	0.00898	0.01036	0.00829	0.00553	0.00415	0.00138	0.00691	0.00345	0.00276	0.00829
15	0.01518	0.01722	0.03698	0.02659	0.03272	0.01656	0.66578	0.02038	0.01492	0.02038	0.01279	0.01722	0.00972	0.00581	0.00847	0.00222	0.05770	0.00750	0.00324	0.00861
16	0.00923	0.00692	0.01038	0.01038	0.01154	0.00808	0.00808	0.01154	0.01038	0.01500	0.01731	0.02538	0.01615	0.04846	0.74732	0.01038	0.01731	0.00692	0.00346	0.00577
17	0.00787	0.00562	0.00750	0.00900	0.00937	0.00525	0.00600	0.00900	0.01237	0.01649	0.03561	0.76871	0.04274	0.02024	0.00825	0.00262	0.00375	0.01837	0.00600	0.00525
18	0.01691	0.71407	0.09341	0.01168	0.01754	0.02468	0.01214	0.01944	0.01317	0.01565	0.00920	0.01064	0.00828	0.00558	0.00431	0.00144	0.00713	0.00357	0.00276	0.00840
19	0.02537	0.01316	0.01867	0.01417	0.01922	0.01259	0.09874	0.17679	0.02029	0.46138	0.02137	0.02016	0.01413	0.00951	0.04115	0.00240	0.00708	0.00651	0.00685	0.01046
20	0.01296	0.03342	0.73944	0.01842	0.02797	0.01501	0.02387	0.02046	0.01364	0.02046	0.01160	0.01364	0.00818	0.00614	0.00614	0.00205	0.00955	0.00477	0.00273	0.00955
21	0.02414	0.03079	0.01831	0.01665	0.01998	0.74698	0.01248	0.02580	0.01831	0.01581	0.00999	0.01165	0.00832	0.00666	0.00583	0.00166	0.01165	0.00416	0.00333	0.00749
22	0.01451	0.01384	0.02355	0.32010	0.46375	0.01496	0.01909	0.01853	0.01401	0.01931	0.01189	0.01647	0.00960	0.00603	0.00642	0.00201	0.00804	0.00575	0.00307	0.00904
23	0.00779	0.00649	0.00680	0.00686	0.00886	0.00550	0.00509	0.00952	0.01489	0.01816	0.12383	0.11035	0.62096	0.01635	0.00768	0.00220	0.00329	0.01379	0.00610	0.00550
24	0.02181	0.16000	0.04831	0.01653	0.02083	0.49480	0.07143	0.05988	0.01761	0.01759	0.01042	0.01219	0.00858	0.00640	0.00573	0.00169	0.01044	0.00444	0.00337	0.00799
25	0.01220	0.01148	0.01938	0.75739	0.04450	0.01436	0.01794	0.01651	0.01292	0.01651	0.01148	0.01723	0.00861	0.00646	0.00646	0.00215	0.00861	0.00574	0.00287	0.00718
26	0.05027	0.01730	0.01767	0.03559	0.01937	0.10750	0.02989	0.26212	0.25421	0.05361	0.01779	0.01791	0.01329	0.00807	0.00748	0.00207	0.06447	0.00608	0.00561	0.00969
27	0.01723	0.01326	0.01467	0.01382	0.06000	0.05302	0.01007	0.21991	0.14738	0.07253	0.11068	0.13060	0.02492	0.04942	0.00827	0.00233	0.00587	0.03127	0.00608	0.00867

[dist]
# distance from previous block
# <min> <max>
0	11

[block]
# block no. 5 follows, 34 sequences, length 84
# corresponding to MSA columns:
# 370-453
name=unknown_F
#
# <colnr> <probs for GDERKNQSTAVLIFYWHMCP>
#	G	D	E	R	K	N	Q	S	T	A	V	L	I	F	Y	W	H	M	C	P
0	0.01070	0.01355	0.12395	0.01029	0.01342	0.07840	0.00925	0.01359	0.03402	0.01762	0.04312	0.10568	0.39991	0.05106	0.00915	0.00238	0.04154	0.01098	0.00499	0.00641
1	0.01609	0.20898	0.32394	0.04158	0.04381	0.13089	0.10884	0.02091	0.01446	0.01840	0.01092	0.01322	0.00851	0.00598	0.00582	0.00184	0.00934	0.00479	0.00292	0.00876
2	0.01727	0.77681	0.03386	0.01106	0.01658	0.02557	0.01106	0.01935	0.01313	0.01520	0.00898	0.01036	0.00829	0.00553	0.00415	0.00138	0.00691	0.00345	0.00276	0.00829
3	0.02112	0.04946	0.01884	0.01882	0.11102	0.52797	0.01310	0.02364	0.03493	0.01716	0.01337	0.01938	0.01211	0.00782	0.00621	0.00185	0.01018	0.08158	0.00367	0.00777
4	0.01220	0.01148	0.01938	0.75739	0.04450	0.01436	0.01794	0.01651	0.01292	0.01651	0.01148	0.01723	0.00861	0.00646	0.00646	0.00215	0.00861	0.00574	0.00287	0.00718
5	0.00782	0.00655	0.00680	0.00674	0.00884	0.00553	0.00505	0.00962	0.01516	0.01847	0.14522	0.06051	0.64959	0.01598	0.00763	0.00216	0.00325	0.01340	0.00613	0.00553
6	0.01414	0.01414	0.01979	0.01696	0.01696	0.01979	0.01414	0.01555	0.00990	0.01555	0.00848	0.01414	0.00848	0.01131	0.02120	0.00283	0.76110	0.00565	0.00283	0.00707
7	0.02825	0.01083	0.01476	0.01137	0.01624	0.00937	0.00937	0.03077	0.01849	0.71046	0.05185	0.02298	0.01768	0.00819	0.00654	0.00200	0.00541	0.00669	0.00796	0.01081
8	0.01204	0.00602	0.00602	0.00602	0.00753	0.00602	0.00452	0.01506	0.01355	0.02409	0.02108	0.02409	0.01656	0.00753	0.00452	0.00151	0.00301	0.00602	0.80879	0.00602
9	0.00793	0.00567	0.00755	0.00896	0.00938	0.00529	0.00600	0.00914	0.01263	0.01691	0.06601	0.73713	0.04353	0.01993	0.00822	0.00260	0.00372	0.01808	0.00605	0.00529
10	0.00923	0.00692	0.01038	0.01038	0.01154	0.00808	0.00808	0.01154	0.01038	0.01500	0.01731	0.02538	0.01615	0.04846	0.74732	0.01038	0.01731	0.00692	0.00346	0.00577
11	0.00934	0.00624	0.00706	0.00712	0.00713	0.00623	0.00399	0.00938	0.00950	0.01267	0.02091	0.06865	0.02419	0.74560	0.03199	0.00613	0.00617	0.00972	0.00399	0.00396
12	0.00772	0.00655	0.00666	0.00663	0.00878	0.00549	0.00497	0.00943	0.01492	0.01790	0.10062	0.06145	0.69455	0.01620	0.00764	0.00217	0.00326	0.01353	0.00606	0.00549
13	0.01296	0.03342	0.73944	0.01842	0.02797	0.01501	0.02387	0.02046	0.01364	0.02046	0.01160	0.01364	0.00818	0.00614	0.00614	0.00205	0.00955	0.00477	0.00273	0.00955
14	0.01340	0.01148	0.01340	0.00957	0.01531	0.00861	0.00766	0.01627	0.01340	0.02105	0.01148	0.01340	0.00957	0.00479	0.00479	0.00096	0.00479	0.00383	0.00383	0.81242
15	0.01644	0.01406	0.01482	0.01322	0.01694	0.01625	0.01032	0.06400	0.69068	0.02763	0.02583	0.02373	0.01934	0.00872	0.00657	0.00218	0.00520	0.00724	0.00657	0.01026
16	0.50625	0.01296	0.01185	0.00996	0.01426	0.05186	0.00814	0.02363	0.01395	0.27037	0.01469	0.01449	0.01014	0.00672	0.00495	0.00198	0.00552	0.00456	0.00533	0.00839
17	0.01414	0.01414	0.01979	0.01696	0.01696	0.01979	0.01414	0.01555	0.00990	0.01555	0.00848	0.01414	0.00848	0.01131	0.02120	0.00283	0.76110	0.00565	0.00283	0.00707
18	0.08141	0.00938	0.00993	0.00929	0.01095	0.04430	0.00684	0.09285	0.01339	0.02008	0.01755	0.04553	0.01658	0.19658	0.19432	0.05672	0.00850	0.00700	0.15281	0.00597
19	0.00787	0.00562	0.00750	0.00900	0.00937	0.00525	0.00600	0.00900	0.01237	0.01649	0.03561	0.76871	0.04274	0.02024	0.00825	0.00262	0.00375	0.01837	0.00600	0.00525
20	0.01663	0.01539	0.02446	0.03495	0.60226	0.01577	0.01823	0.07202	0.09300	0.02319	0.01394	0.01684	0.01133	0.00623	0.00642	0.00195	0.00735	0.00593	0.00381	0.01029
21	0.01615	0.04585	0.03875	0.01081	0.01658	0.00996	0.03174	0.01916	0.01428	0.13701	0.01370	0.01480	0.01052	0.00540	0.00517	0.00122	0.00535	0.00440	0.00440	0.59474
22	0.00786	0.00568	0.00744	0.00884	0.00933	0.00526	0.00593	0.00901	0.01252	0.01656	0.03752	0.72354	0.08667	0.01999	0.00821	0.00260	0.00372	0.01807	0.00600	0.00526
23	0.01727	0.77681	0.03386	0.01106	0.01658	0.02557	0.01106	0.01935	0.01313	0.01520	0.00898	0.01036	0.00829	0.00553	0.00415	0.00138	0.00691	0.00345	0.00276	0.00829
24	0.00795	0.00577	0.00751	0.00874	0.00934	0.00533	0.00592	0.00927	0.01302	0.01731	0.09248	0.65709	0.09763	0.01939	0.00815	0.00254	0.00366	0.01747	0.00609	0.00533
25	0.03458	0.02814	0.53688	0.04116	0.13356	0.01512	0.04694	0.02084	0.04477	0.02097	0.01231	0.01460	0.00904	0.00618	0.00620	0.00204	0.00898	0.00513	0.00302	0.00952
26	0.00940	0.00626	0.00705	0.00705	0.00705	0.00626	0.00392	0.00940	0.00940	0.01253	0.02036	0.04228	0.02349	0.77292	0.03289	0.00626	0.00626	0.00940	0.00392	0.00392
27	0.01176	0.00627	0.00680	0.00706	0.00856	0.00627	0.00556	0.01476	0.01378	0.02325	0.02340	0.03272	0.02021	0.00935	0.00530	0.00177	0.00353	0.12685	0.66678	0.00601
28	0.01699	0.01644	0.05928	0.08016	0.38552	0.01601	0.10677	0.16443	0.01781	0.02466	0.01376	0.04337	0.01131	0.00673	0.00663	0.00200	0.00798	0.00642	0.00395	0.00977
29	0.01701	0.01399	0.02531	0.05982	0.09004	0.01360	0.30544	0.08529	0.01690	0.13025	0.04220	0.06442	0.01713	0.00847	0.00734	0.00221	0.00816	0.07885	0.00481	0.00877
30	0.00869	0.00659	0.00801	0.00766	0.00938	0.00591	0.00574	0.01132	0.01723	0.02339	0.53116	0.05242	0.26059	0.01415	0.00763	0.00208	0.00312	0.01227	0.00678	0.00591
31	0.01365	0.01342	0.01885	0.01631	0.01642	0.01862	0.01353	0.01515	0.00994	0.01550	0.00936	0.01526	0.00925	0.01501	0.09352	0.00358	0.68702	0.00578	0.00289	0.00694
32	0.01556	0.12282	0.37209	0.01945	0.08204	0.01733	0.09628	0.10198	0.04952	0.02241	0.01254	0.01457	0.00943	0.00642	0.00657	0.00198	0.03079	0.00527	0.00346	0.00948
33	0.01599	0.01535	0.02623	0.03966	0.73262	0.01535	0.01983	0.01983	0.01471	0.02111	0.01215	0.01599	0.01023	0.00576	0.00640	0.00192	0.00768	0.00576	0.00320	0.01023
34	0.01204	0.00602	0.00602	0.00602	0.00753	0.00602	0.00452	0.01506	0.01355	0.02409	0.02108	0.02409	0.01656	0.00753	0.00452	0.00151	0.00301	0.00602	0.80879	0.00602
35	0.02414	0.03079	0.01831	0.01665	0.01998	0.74698	0.01248	0.02580	0.01831	0.01581	0.00999	0.01165	0.00832	0.00666	0.00583	0.00166	0.01165	0.00416	0.00333	0.00749
36	0.00787	0.00562	0.00750	0.00900	0.00937	0.00525	0.00600	0.00900	0.01237	0.01649	0.03561	0.76871	0.04274	0.02024	0.00825	0.00262	0.00375	0.01837	0.00600	0.00525
37	0.00764	0.00655	0.00655	0.00655	0.00873	0.00545	0.00491	0.00927	0.01473	0.01745	0.06546	0.06218	0.73000	0.01636	0.00764	0.00218	0.00327	0.01364	0.00600	0.00545
38	0.01340	0.01148	0.01340	0.00957	0.01531	0.00861	0.00766	0.01627	0.01340	0.02105	0.01148	0.01340	0.00957	0.00479	0.00479	0.00096	0.00479	0.00383	0.00383	0.81242
39	0.00864	0.00656	0.00796	0.00767	0.00936	0.00587	0.00573	0.01120	0.01702	0.02303	0.50472	0.07490	0.26496	0.01439	0.00765	0.00210	0.00314	0.01249	0.00674	0.00587
40	0.00769	0.00655	0.00661	0.00660	0.00876	0.00548	0.00495	0.00937	0.01484	0.01773	0.08683	0.06173	0.70845	0.01626	0.00764	0.00218	0.00327	0.01357	0.00604	0.00548
41	0.02822	0.01224	0.01576	0.01208	0.01711	0.01134	0.00998	0.15005	0.02057	0.61560	0.02375	0.02086	0.01512	0.00796	0.00649	0.00199	0.00578	0.00638	0.00773	0.01099
42	0.01599	0.01535	0.02623	0.03966	0.73262	0.01535	0.01983	0.01983	0.01471	0.02111	0.01215	0.01599	0.01023	0.00576	0.00640	0.00192	0.00768	0.00576	0.00320	0.01023
43	0.02456	0.01810	0.01939	0.01487	0.02004	0.02004	0.01228	0.71107	0.03038	0.04072	0.01551	0.01551	0.01099	0.00776	0.00646	0.00194	0.00711	0.00582	0.00646	0.01099
44	0.01727	0.77681	0.03386	0.01106	0.01658	0.02557	0.01106	0.01935	0.01313	0.01520	0.00898	0.01036	0.00829	0.00553	0.00415	0.00138	0.00691	0.00345	0.00276	0.00829
45	0.00764	0.00655	0.00655	0.00655	0.00873	0.00545	0.00491	0.00927	0.01473	0.01745	0.06546	0.06218	0.73000	0.01636	0.00764	0.00218	0.00327	0.01364	0.00600	0.00545
46	0.00800	0.00571	0.00764	0.00914	0.00957	0.00536	0.00622	0.00921	0.01249	0.01663	0.03554	0.73435	0.04246	0.02012	0.00828	0.00264	0.00386	0.05149	0.00600	0.00528
47	0.01604	0.05012	0.01536	0.01291	0.01655	0.01614	0.01013	0.05771	0.62625	0.02646	0.02553	0.05989	0.01999	0.00914	0.00654	0.00216	0.00521	0.00761	0.00636	0.00992
48	0.01648	0.63977	0.16393	0.01241	0.01868	0.02362	0.01342	0.01955	0.01322	0.01617	0.00946	0.01097	0.00827	0.00564	0.00451	0.00150	0.00740	0.00370	0.00276	0.00852
49	0.01402	0.12460	0.61829	0.01743	0.02619	0.05131	0.02175	0.02058	0.01380	0.01959	0.01120	0.01314	0.00820	0.00609	0.00588	0.00195	0.00933	0.00458	0.00276	0.00930
50	0.01296	0.03342	0.73944	0.01842	0.02797	0.01501	0.02387	0.02046	0.01364	0.02046	0.01160	0.01364	0.00818	0.00614	0.00614	0.00205	0.00955	0.00477	0.00273	0.00955
51	0.00764	0.00655	0.00655	0.00655	0.00873	0.00545	0.00491	0.00927	0.01473	0.01745	0.06546	0.06218	0.73000	0.01636	0.00764	0.00218	0.00327	0.01364	0.00600	0.00545
52	0.01309	0.03759	0.24100	0.01275	0.01718	0.03067	0.01267	0.01886	0.11216	0.07497	0.07914	0.21457	0.04808	0.04782	0.00815	0.00239	0.00625	0.00974	0.00503	0.00789
53	0.01545	0.01610	0.08939	0.01483	0.04033	0.09443	0.06367	0.11992	0.07837	0.04246	0.11450	0.10966	0.08235	0.01052	0.00826	0.00215	0.07578	0.00865	0.00510	0.00807
54	0.00940	0.00626	0.00705	0.00705	0.00705	0.00626	0.00392	0.00940	0.00940	0.01253	0.02036	0.04228	0.02349	0.77292	0.03289	0.00626	0.00626	0.00940	0.00392	0.00392
55	0.01599	0.01535	0.02623	0.03966	0.73262	0.01535	0.01983	0.01983	0.01471	0.02111	0.01215	0.01599	0.01023	0.00576	0.00640	0.00192	0.00768	0.00576	0.00320	0.01023
56	0.01709	0.01476	0.06434	0.09657	0.13506	0.06741	0.06761	0.08260	0.05082	0.12663	0.01937	0.08965	0.04582	0.00991	0.00843	0.07627	0.00720	0.00742	0.00467	0.00837
57	0.01475	0.01222	0.01648	0.31958	0.04694	0.01419	0.01330	0.04192	0.29108	0.06042	0.08392	0.02294	0.01825	0.00808	0.00661	0.00214	0.00651	0.00694	0.00508	0.00865
58	0.00764	0.00655	0.00655	0.00655	0.00873	0.00545	0.00491	0.00927	0.01473	0.01745	0.06546	0.06218	0.73000	0.01636	0.00764	0.00218	0.00327	0.01364	0.00600	0.00545
59	0.01427	0.01324	0.01863	0.27180	0.21028	0.06024	0.01542	0.04470	0.07663	0.01998	0.01794	0.05430	0.01641	0.00907	0.00692	0.00222	0.00755	0.12818	0.00411	0.00811
60	0.08630	0.01818	0.02197	0.11906	0.30913	0.16884	0.04900	0.08897	0.01635	0.02184	0.01161	0.01474	0.00935	0.00641	0.00661	0.00194	0.03190	0.00532	0.00357	0.00890
61	0.01525	0.01743	0.03813	0.02723	0.03377	0.01634	0.70915	0.02070	0.01525	0.02070	0.01307	0.01743	0.00980	0.00545	0.00763	0.00218	0.01089	0.00763	0.00327	0.00871
62	0.00801	0.00573	0.00741	0.00869	0.00912	0.00536	0.00574	0.00905	0.01220	0.01616	0.03563	0.66429	0.07483	0.09210	0.01058	0.00295	0.00397	0.01728	0.00580	0.00513
63	0.01483	0.23280	0.20302	0.04153	0.02026	0.01597	0.06271	0.05287	0.04042	0.06169	0.02162	0.07990	0.10900	0.00869	0.00611	0.00193	0.00705	0.00714	0.00411	0.00834
64	0.01472	0.17673	0.40375	0.01947	0.04747	0.03802	0.17185	0.02042	0.01406	0.01936	0.01137	0.01384	0.00863	0.00587	0.00607	0.00193	0.00933	0.00515	0.00289	0.00908
65	0.02309	0.01668	0.11872	0.05850	0.04431	0.04860	0.01335	0.13583	0.01851	0.36160	0.01846	0.01813	0.01245	0.00776	0.00768	0.00206	0.07248	0.00589	0.00588	0.01003
66	0.27408	0.02257	0.01776	0.01698	0.08394	0.39257	0.06445	0.02271	0.01543	0.02084	0.01011	0.01212	0.00819	0.00627	0.00544	0.00183	0.00912	0.00436	0.00352	0.00768
67	0.00832	0.00657	0.00749	0.00726	0.00915	0.00574	0.00545	0.01059	0.01634	0.02127	0.36499	0.05590	0.42808	0.01494	0.00763	0.00211	0.00317	0.01276	0.00650	0.00574
68	0.01562	0.02270	0.23432	0.02211	0.10047	0.10742	0.21765	0.02189	0.08140	0.02044	0.03173	0.01666	0.01137	0.00675	0.00767	0.00209	0.06119	0.00610	0.00349	0.00893
69	0.00857	0.00631	0.00801	0.00905	0.00974	0.00617	0.00615	0.01078	0.05745	0.01683	0.03442	0.59355	0.07241	0.07986	0.04539	0.00323	0.00466	0.01617	0.00575	0.00550
70	0.00940	0.00626	0.00705	0.00705	0.00705	0.00626	0.00392	0.00940	0.00940	0.01253	0.02036	0.04228	0.02349	0.77292	0.03289	0.00626	0.00626	0.00940	0.00392	0.00392
71	0.01451	0.02153	0.25962	0.08195	0.24156	0.01547	0.23089	0.02005	0.01440	0.02044	0.01220	0.01576	0.00932	0.00584	0.00669	0.00206	0.00933	0.00601	0.00304	0.00933
72	0.01340	0.01148	0.01340	0.00957	0.01531	0.00861	0.00766	0.01627	0.01340	0.02105	0.01148	0.01340	0.00957	0.00479	0.00479	0.00096	0.00479	0.00383	0.00383	0.81242
73	0.01340	0.01148	0.01340	0.00957	0.01531	0.00861	0.00766	0.01627	0.01340	0.02105	0.01148	0.01340	0.00957	0.00479	0.00479	0.00096	0.00479	0.00383	0.00383	0.81242
74	0.01282	0.01281	0.02061	0.03305	0.02053	0.03209	0.25174	0.01867	0.12881	0.02092	0.11222	0.03309	0.19990	0.01013	0.00835	0.00220	0.06022	0.00930	0.00491	0.00764
75	0.00923	0.00692	0.01038	0.01038	0.01154	0.00808	0.00808	0.01154	0.01038	0.01500	0.01731	0.02538	0.01615	0.04846	0.74732	0.01038	0.01731	0.00692	0.00346	0.00577
76	0.04048	0.01369	0.03756	0.04135	0.16911	0.01337	0.03767	0.19493	0.01906	0.19636	0.03931	0.10686	0.01726	0.03400	0.00754	0.00219	0.00650	0.00769	0.00563	0.00945
77	0.01081	0.00958	0.00960	0.01034	0.01150	0.10181	0.00755	0.01293	0.03710	0.01748	0.06529	0.41862	0.06640	0.06404	0.00947	0.00272	0.00529	0.12810	0.00559	0.00579
78	0.01647	0.71100	0.03161	0.01088	0.01597	0.02383	0.01062	0.01846	0.01306	0.01531	0.01126	0.07507	0.01123	0.00678	0.00450	0.00149	0.00664	0.00473	0.00304	0.00803
79	0.08565	0.71159	0.03178	0.01084	0.01623	0.02462	0.01071	0.01932	0.01295	0.01638	0.00898	0.01038	0.00818	0.00557	0.00413	0.00143	0.00675	0.00346	0.00287	0.00818
80	0.03992	0.16585	0.16355	0.01925	0.16624	0.07980	0.03303	0.07865	0.01618	0.07609	0.05082	0.01720	0.03150	0.00685	0.00590	0.00182	0.00760	0.00549	0.00399	0.03027
81	0.01377	0.17319	0.60679	0.01703	0.02583	0.01699	0.02146	0.02025	0.01355	0.01947	0.01110	0.01303	0.00821	0.00602	0.00576	0.00192	0.00905	0.00453	0.00274	0.00931
