[name]
unknown

[dist]
# distance from previous block
# <min> <max>
0	27

[block]
# block no. 0 follows, 34 sequences, length 79
# corresponding to MSA columns:
# 27-105
name=unknown_A
#
# <colnr> <probs for GDERKNQSTAVLIFYWHMCP>
#	G	D	E	R	K	N	Q	S	T	A	V	L	I	F	Y	W	H	M	C	P
0	0.04359	0.00813	0.01130	0.01126	0.02909	0.00766	0.04183	0.01499	0.01447	0.13603	0.05511	0.28093	0.12604	0.01621	0.02866	0.00268	0.00528	0.15399	0.00600	0.00675
1	0.06983	0.01856	0.02097	0.14683	0.27342	0.20905	0.03659	0.04788	0.04619	0.02045	0.01200	0.01496	0.00965	0.00629	0.00608	0.00188	0.00856	0.00523	0.00353	0.04207
2	0.01533	0.01203	0.01399	0.01022	0.01579	0.00979	0.00821	0.06874	0.04216	0.06921	0.01326	0.01452	0.01048	0.00536	0.00509	0.00114	0.00501	0.00428	0.00440	0.67098
3	0.00867	0.00612	0.00763	0.00851	0.00946	0.00559	0.00591	0.00999	0.01311	0.03759	0.05716	0.50052	0.19013	0.06778	0.00968	0.00275	0.00393	0.04410	0.00594	0.00542
4	0.01220	0.01148	0.01938	0.75739	0.04450	0.01436	0.01794	0.01651	0.01292	0.01651	0.01148	0.01723	0.00861	0.00646	0.00646	0.00215	0.00861	0.00574	0.00287	0.00718
5	0.00798	0.00570	0.00762	0.00912	0.00954	0.00534	0.00618	0.00918	0.01247	0.01661	0.03555	0.74007	0.04251	0.02014	0.00827	0.00264	0.00384	0.04597	0.00600	0.00528
6	0.00801	0.00573	0.00762	0.00890	0.00940	0.00534	0.00601	0.00935	0.01302	0.01753	0.11191	0.68945	0.04474	0.01947	0.00818	0.00256	0.00367	0.01763	0.00612	0.00534
7	0.00797	0.00578	0.00736	0.00857	0.00911	0.00535	0.00571	0.00906	0.01238	0.01627	0.03758	0.63221	0.11552	0.08203	0.01022	0.00288	0.00391	0.01711	0.00583	0.00516
8	0.00787	0.00562	0.00750	0.00900	0.00937	0.00525	0.00600	0.00900	0.01237	0.01649	0.03561	0.76871	0.04274	0.02024	0.00825	0.00262	0.00375	0.01837	0.00600	0.00525
9	0.78009	0.01277	0.00998	0.00881	0.01286	0.01476	0.00725	0.05253	0.01194	0.02956	0.00931	0.01074	0.00719	0.00608	0.00412	0.00200	0.00510	0.00361	0.00412	0.00719
10	0.02642	0.01085	0.01461	0.01124	0.01613	0.00934	0.00924	0.02895	0.01757	0.62795	0.02364	0.02127	0.01534	0.00963	0.04222	0.00230	0.00600	0.00624	0.00735	0.09374
11	0.01340	0.01148	0.01340	0.00957	0.01531	0.00861	0.00766	0.01627	0.01340	0.02105	0.01148	0.01340	0.00957	0.00479	0.00479	0.00096	0.00479	0.00383	0.00383	0.81242
12	0.81856	0.01250	0.00950	0.00850	0.01250	0.01449	0.00700	0.01899	0.01100	0.02899	0.00900	0.01050	0.00700	0.00600	0.00400	0.00200	0.00500	0.00350	0.00400	0.00700
13	0.02583	0.01607	0.01814	0.01391	0.01903	0.01703	0.01149	0.51722	0.02699	0.23936	0.01836	0.01736	0.01242	0.00783	0.00647	0.00196	0.00665	0.00601	0.00690	0.01099
14	0.81856	0.01250	0.00950	0.00850	0.01250	0.01449	0.00700	0.01899	0.01100	0.02899	0.00900	0.01050	0.00700	0.00600	0.00400	0.00200	0.00500	0.00350	0.00400	0.00700
15	0.01599	0.01535	0.02623	0.03966	0.73262	0.01535	0.01983	0.01983	0.01471	0.02111	0.01215	0.01599	0.01023	0.00576	0.00640	0.00192	0.00768	0.00576	0.00320	0.01023
16	0.81856	0.01250	0.00950	0.00850	0.01250	0.01449	0.00700	0.01899	0.01100	0.02899	0.00900	0.01050	0.00700	0.00600	0.00400	0.00200	0.00500	0.00350	0.00400	0.00700
17	0.01607	0.01388	0.01461	0.01315	0.01680	0.01607	0.01023	0.03433	0.72094	0.02703	0.02630	0.02411	0.01972	0.00877	0.00657	0.00219	0.00511	0.00731	0.00657	0.01023
18	0.01409	0.01566	0.03333	0.02425	0.02995	0.01464	0.60030	0.01891	0.01496	0.02011	0.01850	0.08766	0.05964	0.00748	0.00768	0.00222	0.00976	0.00898	0.00369	0.00819
19	0.01577	0.01336	0.01423	0.01288	0.01640	0.01526	0.01012	0.06472	0.61233	0.02680	0.02791	0.02844	0.04991	0.00962	0.00677	0.00223	0.00519	0.05176	0.00650	0.00979
20	0.04951	0.01696	0.01970	0.01909	0.15590	0.04011	0.01321	0.43958	0.06951	0.08771	0.01592	0.01636	0.01156	0.00736	0.00636	0.00195	0.00704	0.00582	0.00578	0.01055
21	0.01351	0.01282	0.02175	0.50925	0.28240	0.01470	0.01860	0.01766	0.01354	0.01810	0.01172	0.01680	0.00917	0.00622	0.00644	0.00207	0.00829	0.00575	0.00298	0.00823
22	0.00787	0.00562	0.00750	0.00900	0.00937	0.00525	0.00600	0.00900	0.01237	0.01649	0.03561	0.76871	0.04274	0.02024	0.00825	0.00262	0.00375	0.01837	0.00600	0.00525
23	0.00873	0.00672	0.00938	0.03635	0.06605	0.00644	0.00756	0.01029	0.01286	0.01705	0.03533	0.59937	0.09380	0.01826	0.00803	0.00253	0.00427	0.04556	0.00568	0.00574
24	0.01750	0.01700	0.05369	0.06119	0.43944	0.06987	0.09128	0.04493	0.04725	0.07443	0.01377	0.01657	0.01077	0.00620	0.00649	0.00196	0.00813	0.00592	0.00380	0.00980
25	0.01394	0.01364	0.08656	0.20557	0.09288	0.01273	0.10257	0.03581	0.01473	0.07873	0.10239	0.11810	0.02027	0.00935	0.00802	0.00220	0.06194	0.00830	0.00437	0.00791
26	0.00894	0.00632	0.00728	0.00749	0.00809	0.00605	0.00479	0.00970	0.01152	0.01505	0.07688	0.13108	0.15335	0.46708	0.02280	0.00469	0.00522	0.04426	0.00483	0.00458
27	0.07328	0.03125	0.01507	0.01159	0.04990	0.01035	0.02701	0.03807	0.01385	0.02209	0.01144	0.01340	0.00943	0.00505	0.00491	0.00115	0.00522	0.00405	0.00385	0.64904
28	0.06982	0.01955	0.07261	0.01986	0.04306	0.14494	0.24516	0.07294	0.07402	0.04230	0.01309	0.01573	0.01015	0.00713	0.00874	0.00213	0.12027	0.00603	0.00387	0.00860
29	0.00813	0.00609	0.00747	0.00821	0.00925	0.00553	0.00575	0.00968	0.01381	0.01805	0.14593	0.42429	0.22652	0.05061	0.00907	0.00259	0.00369	0.03385	0.00607	0.00539
30	0.05087	0.05157	0.04343	0.02239	0.16481	0.15010	0.17736	0.11357	0.02996	0.02218	0.01343	0.04937	0.01142	0.02251	0.00778	0.00209	0.04821	0.00636	0.00386	0.00872
31	0.02343	0.01557	0.01794	0.04484	0.01970	0.01700	0.01177	0.46107	0.04958	0.17382	0.01747	0.01758	0.01232	0.00991	0.04301	0.00242	0.03984	0.00605	0.00632	0.01038
32	0.00831	0.00655	0.00750	0.00731	0.00916	0.00573	0.00546	0.01056	0.01625	0.02119	0.35971	0.07398	0.41515	0.01506	0.00765	0.00213	0.00319	0.01289	0.00649	0.00573
33	0.02526	0.01698	0.01870	0.01434	0.01948	0.01838	0.01184	0.60436	0.02851	0.15007	0.01708	0.01653	0.01177	0.00779	0.00647	0.00195	0.00686	0.00592	0.00670	0.01099
34	0.02421	0.01793	0.01920	0.01480	0.01990	0.01987	0.01220	0.68333	0.05868	0.04016	0.01595	0.01587	0.01135	0.00780	0.00647	0.00195	0.00703	0.00588	0.00647	0.01096
35	0.81856	0.01250	0.00950	0.00850	0.01250	0.01449	0.00700	0.01899	0.01100	0.02899	0.00900	0.01050	0.00700	0.00600	0.00400	0.00200	0.00500	0.00350	0.00400	0.00700
36	0.01709	0.74471	0.06433	0.01137	0.01708	0.02511	0.01161	0.01940	0.01315	0.01543	0.00910	0.01051	0.00829	0.00555	0.00423	0.00141	0.00702	0.00351	0.00276	0.00835
37	0.00800	0.00598	0.00747	0.00852	0.00943	0.00544	0.00597	0.00942	0.01330	0.01725	0.07110	0.53501	0.20729	0.01891	0.00811	0.00251	0.00372	0.05116	0.00604	0.00537
38	0.00787	0.00562	0.00750	0.00900	0.00937	0.00525	0.00600	0.00900	0.01237	0.01649	0.03561	0.76871	0.04274	0.02024	0.00825	0.00262	0.00375	0.01837	0.00600	0.00525
39	0.01220	0.01148	0.01938	0.75739	0.04450	0.01436	0.01794	0.01651	0.01292	0.01651	0.01148	0.01723	0.00861	0.00646	0.00646	0.00215	0.00861	0.00574	0.00287	0.00718
40	0.01471	0.01647	0.06328	0.13401	0.16091	0.01560	0.41150	0.01960	0.01454	0.02011	0.01272	0.01708	0.00981	0.00591	0.00746	0.00212	0.03095	0.00678	0.02778	0.00868
41	0.01449	0.02524	0.36185	0.02238	0.02996	0.04392	0.34042	0.02060	0.01444	0.02022	0.01211	0.01534	0.00895	0.00602	0.00734	0.00212	0.03650	0.00610	0.00300	0.00900
42	0.00790	0.00656	0.00693	0.00699	0.00903	0.00559	0.00528	0.00971	0.01500	0.01831	0.12618	0.08134	0.61864	0.01624	0.00771	0.00221	0.00338	0.04138	0.00610	0.00553
43	0.01833	0.03621	0.06030	0.06965	0.23889	0.04680	0.19872	0.06367	0.04809	0.13238	0.01505	0.01726	0.01115	0.00637	0.00666	0.00201	0.00834	0.00626	0.00426	0.00961
44	0.01863	0.08437	0.12074	0.07191	0.08543	0.05730	0.05509	0.13189	0.01736	0.15127	0.01819	0.05613	0.04710	0.00813	0.00716	0.00202	0.04683	0.00659	0.00473	0.00910
45	0.24820	0.01961	0.17336	0.05481	0.23559	0.08657	0.01578	0.02034	0.01365	0.04051	0.01112	0.01363	0.00870	0.00623	0.00598	0.00198	0.02706	0.00475	0.00344	0.00868
46	0.01890	0.01529	0.01620	0.01372	0.01788	0.01739	0.01091	0.25986	0.49081	0.03159	0.02270	0.02124	0.01681	0.00843	0.00654	0.00211	0.00578	0.00681	0.00654	0.01048
47	0.03871	0.03540	0.11964	0.04539	0.17532	0.01342	0.06711	0.05981	0.05591	0.02233	0.01342	0.01684	0.01092	0.00615	0.00589	0.00168	0.00692	0.02598	0.00382	0.27534
48	0.00799	0.00577	0.00745	0.00867	0.00921	0.00535	0.00580	0.00917	0.01263	0.01673	0.06547	0.64538	0.09470	0.06116	0.00953	0.00277	0.00382	0.01724	0.00593	0.00523
49	0.81856	0.01250	0.00950	0.00850	0.01250	0.01449	0.00700	0.01899	0.01100	0.02899	0.00900	0.01050	0.00700	0.00600	0.00400	0.00200	0.00500	0.00350	0.00400	0.00700
50	0.01445	0.01403	0.04643	0.11669	0.13553	0.01377	0.18710	0.11967	0.01693	0.02291	0.08399	0.08114	0.08137	0.00895	0.00745	0.00213	0.02632	0.00840	0.00445	0.00828
51	0.01111	0.01316	0.12261	0.01559	0.08260	0.01004	0.11120	0.03033	0.04147	0.01949	0.04861	0.26581	0.17539	0.01297	0.00742	0.00227	0.00601	0.01177	0.00492	0.00723
52	0.02810	0.01080	0.01471	0.01134	0.01619	0.00934	0.00934	0.03062	0.01848	0.70511	0.05714	0.02317	0.01802	0.00823	0.00655	0.00200	0.00539	0.00673	0.00796	0.01078
53	0.02476	0.01451	0.03379	0.01302	0.01782	0.01437	0.01083	0.34548	0.03709	0.32849	0.02084	0.05301	0.01498	0.03111	0.00734	0.00213	0.00628	0.00678	0.00692	0.01047
54	0.04251	0.01734	0.07070	0.03983	0.19405	0.03794	0.11567	0.20904	0.09229	0.09234	0.01567	0.01704	0.01156	0.00684	0.00652	0.00201	0.00771	0.00609	0.00486	0.00999
55	0.00957	0.00731	0.01058	0.01039	0.01133	0.00861	0.00795	0.01153	0.01023	0.01473	0.01712	0.02676	0.01657	0.13652	0.61096	0.00938	0.06422	0.00715	0.00348	0.00562
56	0.00779	0.00658	0.00676	0.00681	0.00894	0.00555	0.00517	0.00952	0.01483	0.01777	0.08294	0.06223	0.68269	0.01634	0.00769	0.00221	0.00338	0.04127	0.00603	0.00549
57	0.04526	0.01653	0.12306	0.01480	0.04379	0.01433	0.03269	0.23605	0.03890	0.21723	0.03256	0.05535	0.01494	0.04244	0.00831	0.00225	0.03933	0.00674	0.00576	0.00968
58	0.01570	0.03887	0.14473	0.14129	0.13576	0.03612	0.30358	0.02068	0.01478	0.06628	0.01306	0.01652	0.00974	0.00597	0.00680	0.00207	0.00941	0.00631	0.00340	0.00893
59	0.81856	0.01250	0.00950	0.00850	0.01250	0.01449	0.00700	0.01899	0.01100	0.02899	0.00900	0.01050	0.00700	0.00600	0.00400	0.00200	0.00500	0.00350	0.00400	0.00700
60	0.01537	0.01713	0.13380	0.09619	0.36947	0.01441	0.09759	0.03820	0.01494	0.05486	0.01471	0.05456	0.01250	0.00711	0.00668	0.00206	0.00805	0.02936	0.00365	0.00935
61	0.00787	0.00562	0.00750	0.00900	0.00937	0.00525	0.00600	0.00900	0.01237	0.01649	0.03561	0.76871	0.04274	0.02024	0.00825	0.00262	0.00375	0.01837	0.00600	0.00525
62	0.00800	0.00598	0.00744	0.00830	0.00926	0.00542	0.00576	0.00951	0.01376	0.01805	0.14042	0.50175	0.20614	0.01834	0.00802	0.00244	0.00354	0.01632	0.00616	0.00542
63	0.01340	0.01148	0.01340	0.00957	0.01531	0.00861	0.00766	0.01627	0.01340	0.02105	0.01148	0.01340	0.00957	0.00479	0.00479	0.00096	0.00479	0.00383	0.00383	0.81242
64	0.01727	0.77681	0.03386	0.01106	0.01658	0.02557	0.01106	0.01935	0.01313	0.01520	0.00898	0.01036	0.00829	0.00553	0.00415	0.00138	0.00691	0.00345	0.00276	0.00829
65	0.05548	0.23239	0.18533	0.01543	0.06727	0.09569	0.01423	0.07497	0.01619	0.14957	0.02767	0.01486	0.01098	0.00659	0.00559	0.00179	0.00767	0.00488	0.00421	0.00921
66	0.00822	0.00592	0.00760	0.00868	0.00930	0.00553	0.00592	0.00951	0.01282	0.01701	0.08711	0.55237	0.09834	0.09390	0.01063	0.00292	0.00401	0.04910	0.00587	0.00523
67	0.00814	0.00662	0.00724	0.00724	0.00924	0.00572	0.00554	0.01015	0.01546	0.01930	0.19738	0.06013	0.54572	0.01583	0.00772	0.00221	0.00342	0.06109	0.00622	0.00562
68	0.01709	0.04573	0.01564	0.01280	0.01670	0.01629	0.01019	0.17155	0.48214	0.02847	0.02703	0.02533	0.08419	0.00914	0.00655	0.00210	0.00543	0.00743	0.00634	0.00986
69	0.12031	0.07685	0.07495	0.21058	0.16822	0.03778	0.05282	0.14247	0.01650	0.02375	0.01187	0.01484	0.00915	0.00635	0.00597	0.00197	0.00784	0.00527	0.00374	0.00880
70	0.00958	0.00621	0.00820	0.00889	0.00979	0.00575	0.00615	0.01114	0.01387	0.06507	0.17940	0.53681	0.04395	0.05183	0.00911	0.00262	0.00383	0.01580	0.00627	0.00574
71	0.00833	0.00634	0.00766	0.00782	0.00928	0.00567	0.00568	0.01042	0.01562	0.02075	0.33535	0.23374	0.27786	0.01602	0.00778	0.00223	0.00330	0.01401	0.00646	0.00567
72	0.03302	0.01020	0.01268	0.01229	0.04509	0.01072	0.04175	0.02007	0.23579	0.04464	0.08883	0.10298	0.15199	0.03855	0.00837	0.00238	0.02494	0.06345	0.04464	0.00762
73	0.10576	0.15899	0.01895	0.04395	0.04250	0.14385	0.01072	0.13714	0.09586	0.07529	0.01478	0.01763	0.01210	0.08610	0.00840	0.00228	0.00729	0.00542	0.00456	0.00845
74	0.01394	0.02043	0.24310	0.12785	0.08222	0.05445	0.04899	0.01810	0.01259	0.01787	0.01096	0.01523	0.00903	0.01012	0.05236	0.00275	0.24349	0.00548	0.00291	0.00813
75	0.00791	0.00572	0.00748	0.00880	0.00934	0.00529	0.00593	0.00914	0.01275	0.01692	0.06421	0.69502	0.08818	0.01972	0.00818	0.00257	0.00369	0.01780	0.00604	0.00529
76	0.07256	0.06795	0.02031	0.01781	0.12676	0.04553	0.07180	0.23837	0.01971	0.14166	0.01686	0.06809	0.01371	0.04086	0.00747	0.00215	0.00703	0.00669	0.00525	0.00940
77	0.01831	0.03330	0.08494	0.08924	0.09919	0.09822	0.08648	0.13525	0.14687	0.08016	0.05074	0.01888	0.01436	0.00733	0.00651	0.00201	0.00775	0.00627	0.00485	0.00935
78	0.01513	0.01382	0.03696	0.18998	0.07589	0.08862	0.04125	0.06751	0.06711	0.06638	0.02069	0.14559	0.04487	0.03639	0.00769	0.00225	0.00709	0.02563	0.00461	0.04255

[dist]
# distance from previous block
# <min> <max>
0	8

[block]
# block no. 1 follows, 34 sequences, length 87
# corresponding to MSA columns:
# 114-200
name=unknown_B
#
# <colnr> <probs for GDERKNQSTAVLIFYWHMCP>
#	G	D	E	R	K	N	Q	S	T	A	V	L	I	F	Y	W	H	M	C	P
0	0.07218	0.05909	0.08310	0.04477	0.23837	0.10462	0.09999	0.11400	0.03916	0.04896	0.01292	0.01517	0.01001	0.00631	0.00616	0.00191	0.00822	0.00548	0.00393	0.02563
1	0.05994	0.05704	0.01690	0.03904	0.01799	0.01431	0.01046	0.24021	0.06786	0.32629	0.06737	0.02052	0.01658	0.00804	0.00632	0.00197	0.00598	0.00635	0.00670	0.01014
2	0.02094	0.01651	0.01915	0.01597	0.05012	0.03853	0.05844	0.38318	0.18994	0.06077	0.01818	0.01890	0.01353	0.00780	0.00652	0.00198	0.00686	0.01996	0.00598	0.04675
3	0.01113	0.00564	0.00835	0.00835	0.00835	0.00564	0.00553	0.00847	0.00847	0.01129	0.01168	0.02078	0.01184	0.06012	0.02564	0.77156	0.00564	0.00580	0.00286	0.00286
4	0.00789	0.00579	0.00740	0.00861	0.00929	0.00531	0.00584	0.00916	0.01294	0.01699	0.06617	0.63883	0.14327	0.01941	0.00813	0.00254	0.00365	0.01743	0.00604	0.00531
5	0.00787	0.00562	0.00750	0.00900	0.00937	0.00525	0.00600	0.00900	0.01237	0.01649	0.03561	0.76871	0.04274	0.02024	0.00825	0.00262	0.00375	0.01837	0.00600	0.00525
6	0.01727	0.77681	0.03386	0.01106	0.01658	0.02557	0.01106	0.01935	0.01313	0.01520	0.00898	0.01036	0.00829	0.00553	0.00415	0.00138	0.00691	0.00345	0.00276	0.00829
7	0.81856	0.01250	0.00950	0.00850	0.01250	0.01449	0.00700	0.01899	0.01100	0.02899	0.00900	0.01050	0.00700	0.00600	0.00400	0.00200	0.00500	0.00350	0.00400	0.00700
8	0.00940	0.00626	0.00705	0.00705	0.00705	0.00626	0.00392	0.00940	0.00940	0.01253	0.02036	0.04228	0.02349	0.77292	0.03289	0.00626	0.00626	0.00940	0.00392	0.00392
9	0.01340	0.01148	0.01340	0.00957	0.01531	0.00861	0.00766	0.01627	0.01340	0.02105	0.01148	0.01340	0.00957	0.00479	0.00479	0.00096	0.00479	0.00383	0.00383	0.81242
10	0.01220	0.01148	0.01938	0.75739	0.04450	0.01436	0.01794	0.01651	0.01292	0.01651	0.01148	0.01723	0.00861	0.00646	0.00646	0.00215	0.00861	0.00574	0.00287	0.00718
11	0.01698	0.01578	0.01503	0.01354	0.01716	0.09815	0.01048	0.03338	0.64204	0.02577	0.02447	0.02271	0.01844	0.00853	0.00649	0.00213	0.00585	0.00695	0.00621	0.00992
12	0.01079	0.03059	0.02962	0.00943	0.01168	0.00832	0.02505	0.03136	0.08817	0.04188	0.22031	0.17407	0.20369	0.05726	0.00881	0.00240	0.00428	0.01184	0.02388	0.00657
13	0.15242	0.06708	0.09100	0.05660	0.05413	0.07313	0.01173	0.06671	0.10345	0.09169	0.02112	0.02155	0.10337	0.00820	0.00647	0.00199	0.03359	0.00623	0.00471	0.02483
14	0.01525	0.01743	0.03813	0.02723	0.03377	0.01634	0.70915	0.02070	0.01525	0.02070	0.01307	0.01743	0.00980	0.00545	0.00763	0.00218	0.01089	0.00763	0.00327	0.00871
15	0.08612	0.01110	0.01460	0.01128	0.01620	0.00986	0.00932	0.03058	0.01795	0.68586	0.02430	0.02116	0.01534	0.00785	0.00632	0.00200	0.00546	0.00628	0.00771	0.01071
16	0.03175	0.01668	0.13345	0.09747	0.20458	0.01413	0.12233	0.09355	0.03596	0.02213	0.01944	0.06173	0.08117	0.02820	0.00743	0.00219	0.00769	0.00742	0.00401	0.00870
17	0.01976	0.01450	0.06382	0.01365	0.04377	0.05443	0.01126	0.18928	0.01977	0.21596	0.08062	0.03015	0.09160	0.01008	0.00751	0.00212	0.03848	0.07810	0.00611	0.00902
18	0.00803	0.00569	0.00745	0.00879	0.00913	0.00535	0.00578	0.00904	0.01206	0.01608	0.03401	0.69259	0.04072	0.09911	0.01083	0.00301	0.00401	0.01743	0.00578	0.00511
19	0.04031	0.43430	0.05180	0.11699	0.04273	0.03932	0.05956	0.09010	0.01505	0.01913	0.01046	0.01272	0.00873	0.00611	0.00559	0.00170	0.02921	0.00448	0.00325	0.00845
20	0.08661	0.02021	0.12765	0.07393	0.08848	0.11381	0.06993	0.21657	0.03542	0.06633	0.01347	0.01515	0.00996	0.00689	0.00660	0.00199	0.02779	0.00545	0.00445	0.00932
21	0.01653	0.07333	0.07712	0.01475	0.08591	0.01259	0.03106	0.03697	0.15619	0.16182	0.06208	0.08493	0.04187	0.01224	0.06478	0.00269	0.00674	0.00773	0.04188	0.00881
22	0.00787	0.00562	0.00750	0.00900	0.00937	0.00525	0.00600	0.00900	0.01237	0.01649	0.03561	0.76871	0.04274	0.02024	0.00825	0.00262	0.00375	0.01837	0.00600	0.00525
23	0.09503	0.06414	0.04247	0.06772	0.15020	0.07804	0.02974	0.15676	0.06472	0.04531	0.06318	0.06563	0.01600	0.00893	0.02268	0.00216	0.00722	0.00663	0.00468	0.00877
24	0.01480	0.01538	0.08928	0.07150	0.20984	0.01300	0.11556	0.03728	0.04736	0.04228	0.06115	0.01808	0.01371	0.00629	0.00623	0.00176	0.00712	0.00592	0.00395	0.21949
25	0.01458	0.01284	0.01464	0.06315	0.01652	0.10778	0.01069	0.05376	0.01363	0.06587	0.03794	0.14650	0.01834	0.03849	0.15716	0.00405	0.20466	0.00821	0.00426	0.00693
26	0.12802	0.23670	0.04643	0.03417	0.07026	0.25737	0.04219	0.03659	0.01493	0.01872	0.00997	0.01212	0.00841	0.00642	0.00619	0.00177	0.05413	0.00432	0.00326	0.00801
27	0.02162	0.01217	0.01722	0.05784	0.07841	0.01200	0.05806	0.06832	0.12067	0.35489	0.04097	0.02498	0.01752	0.00843	0.00671	0.00209	0.00616	0.05238	0.02973	0.00984
28	0.07779	0.16897	0.03770	0.01422	0.05492	0.13364	0.01145	0.16140	0.03257	0.12312	0.01464	0.01683	0.01150	0.00709	0.00568	0.00176	0.00721	0.03400	0.00475	0.08077
29	0.00794	0.00574	0.00751	0.00880	0.00935	0.00531	0.00594	0.00921	0.01287	0.01712	0.07960	0.68434	0.08320	0.01959	0.00817	0.00256	0.00368	0.01769	0.00607	0.00531
30	0.02180	0.05667	0.01815	0.01528	0.01901	0.43598	0.01181	0.11288	0.20214	0.02180	0.01487	0.01531	0.01161	0.00729	0.00603	0.00182	0.00919	0.00515	0.00454	0.00867
31	0.01026	0.00838	0.00975	0.01119	0.03392	0.05615	0.00787	0.03643	0.01393	0.01796	0.03219	0.54555	0.03730	0.01801	0.00808	0.00257	0.00491	0.13393	0.00574	0.00588
32	0.00914	0.00660	0.00864	0.00813	0.00965	0.00610	0.00610	0.01219	0.01829	0.02591	0.72921	0.04827	0.06097	0.01321	0.00762	0.00203	0.00305	0.01169	0.00711	0.00610
33	0.00954	0.00674	0.00846	0.00794	0.00971	0.00609	0.00599	0.01230	0.01761	0.04884	0.57776	0.05002	0.18758	0.01363	0.00759	0.00206	0.00318	0.01188	0.00693	0.00614
34	0.01308	0.05464	0.71931	0.01821	0.02764	0.01531	0.02351	0.02043	0.01363	0.02031	0.01152	0.01355	0.00819	0.00612	0.00608	0.00203	0.00947	0.00474	0.00273	0.00951
35	0.00795	0.00572	0.00754	0.00885	0.00937	0.00531	0.00597	0.00922	0.01285	0.01716	0.08334	0.69564	0.06786	0.01963	0.00818	0.00257	0.00368	0.01775	0.00607	0.00531
36	0.05453	0.51798	0.02898	0.03916	0.10852	0.07172	0.01220	0.02056	0.01394	0.06526	0.01065	0.01218	0.00901	0.00585	0.00477	0.00156	0.00721	0.00408	0.00327	0.00857
37	0.00914	0.00660	0.00864	0.00813	0.00965	0.00610	0.00610	0.01219	0.01829	0.02591	0.72921	0.04827	0.06097	0.01321	0.00762	0.00203	0.00305	0.01169	0.00711	0.00610
38	0.01340	0.01148	0.01340	0.00957	0.01531	0.00861	0.00766	0.01627	0.01340	0.02105	0.01148	0.01340	0.00957	0.00479	0.00479	0.00096	0.00479	0.00383	0.00383	0.81242
39	0.01398	0.10284	0.47738	0.01936	0.07293	0.01667	0.06690	0.02038	0.04015	0.01977	0.01173	0.01417	0.00891	0.00660	0.00752	0.00206	0.08142	0.00508	0.00295	0.00920
40	0.02146	0.13929	0.13443	0.01450	0.02033	0.01942	0.01363	0.45391	0.02423	0.05736	0.01435	0.01483	0.01043	0.00715	0.00600	0.00186	0.00731	0.00531	0.02396	0.01022
41	0.01142	0.00778	0.01014	0.05881	0.01298	0.00754	0.00737	0.01537	0.06249	0.08705	0.52711	0.04334	0.09884	0.01224	0.00738	0.00206	0.00378	0.01069	0.00679	0.00682
42	0.00765	0.00650	0.00659	0.00666	0.00876	0.00545	0.00496	0.00926	0.01462	0.01741	0.06410	0.09421	0.69884	0.01654	0.00766	0.00220	0.00329	0.01385	0.00600	0.00545
43	0.00802	0.00573	0.00766	0.00916	0.00960	0.00537	0.00625	0.00925	0.01251	0.01666	0.03553	0.72886	0.04242	0.02011	0.00829	0.00264	0.00387	0.05678	0.00600	0.00529
44	0.13025	0.11280	0.39900	0.01699	0.06807	0.06517	0.01791	0.06030	0.01468	0.04250	0.01148	0.01318	0.00855	0.00620	0.00563	0.00192	0.00836	0.00457	0.00335	0.00907
45	0.01220	0.01148	0.01938	0.75739	0.04450	0.01436	0.01794	0.01651	0.01292	0.01651	0.01148	0.01723	0.00861	0.00646	0.00646	0.00215	0.00861	0.00574	0.00287	0.00718
46	0.00765	0.00648	0.00661	0.00671	0.00877	0.00544	0.00498	0.00925	0.01457	0.01739	0.06346	0.10950	0.68397	0.01662	0.00768	0.00221	0.00330	0.01395	0.00600	0.00544
47	0.01470	0.04844	0.54732	0.01833	0.02675	0.01499	0.09885	0.04498	0.01485	0.06920	0.03332	0.01560	0.01050	0.00643	0.00633	0.00204	0.00909	0.00541	0.00340	0.00947
48	0.02120	0.02721	0.12372	0.01878	0.09198	0.44451	0.01470	0.09473	0.06582	0.02031	0.01210	0.01361	0.00953	0.00675	0.00604	0.00181	0.01005	0.00479	0.00377	0.00860
49	0.01220	0.01148	0.01938	0.75739	0.04450	0.01436	0.01794	0.01651	0.01292	0.01651	0.01148	0.01723	0.00861	0.00646	0.00646	0.00215	0.00861	0.00574	0.00287	0.00718
50	0.00938	0.00672	0.00962	0.00962	0.01048	0.00758	0.00712	0.01094	0.01008	0.01430	0.01756	0.02836	0.01731	0.18871	0.56620	0.05548	0.01448	0.00733	0.00351	0.00524
51	0.00880	0.00659	0.00815	0.00776	0.00944	0.00595	0.00582	0.01152	0.01746	0.02395	0.57536	0.05149	0.21603	0.01394	0.00762	0.00207	0.00310	0.01214	0.00685	0.00595
52	0.01414	0.01414	0.01979	0.01696	0.01696	0.01979	0.01414	0.01555	0.00990	0.01555	0.00848	0.01414	0.00848	0.01131	0.02120	0.00283	0.76110	0.00565	0.00283	0.00707
53	0.00921	0.00930	0.08087	0.00906	0.01149	0.00683	0.00769	0.01211	0.01596	0.02200	0.38686	0.16551	0.17682	0.01391	0.00746	0.00211	0.00393	0.01214	0.00614	0.04060
54	0.03713	0.01228	0.01534	0.01175	0.03700	0.01015	0.04028	0.06397	0.01509	0.09540	0.01320	0.01459	0.01028	0.00540	0.00522	0.00124	0.00538	0.00445	0.00439	0.59747
55	0.02456	0.01810	0.01939	0.01487	0.02004	0.02004	0.01228	0.71107	0.03038	0.04072	0.01551	0.01551	0.01099	0.00776	0.00646	0.00194	0.00711	0.00582	0.00646	0.01099
56	0.81856	0.01250	0.00950	0.00850	0.01250	0.01449	0.00700	0.01899	0.01100	0.02899	0.00900	0.01050	0.00700	0.00600	0.00400	0.00200	0.00500	0.00350	0.00400	0.00700
57	0.01220	0.01148	0.01938	0.75739	0.04450	0.01436	0.01794	0.01651	0.01292	0.01651	0.01148	0.01723	0.00861	0.00646	0.00646	0.00215	0.00861	0.00574	0.00287	0.00718
58	0.00969	0.00750	0.00894	0.00842	0.01035	0.00720	0.00636	0.01433	0.10483	0.02427	0.50250	0.04819	0.19634	0.01332	0.00749	0.00208	0.00335	0.01155	0.00681	0.00647
59	0.00923	0.00692	0.01038	0.01038	0.01154	0.00808	0.00808	0.01154	0.01038	0.01500	0.01731	0.02538	0.01615	0.04846	0.74732	0.01038	0.01731	0.00692	0.00346	0.00577
60	0.02414	0.03079	0.01831	0.01665	0.01998	0.74698	0.01248	0.02580	0.01831	0.01581	0.00999	0.01165	0.00832	0.00666	0.00583	0.00166	0.01165	0.00416	0.00333	0.00749
61	0.00997	0.05047	0.00977	0.00944	0.01049	0.00713	0.00667	0.03581	0.01334	0.04995	0.03291	0.66440	0.03841	0.01840	0.00787	0.00250	0.00413	0.01653	0.00592	0.00589
62	0.01697	0.09539	0.08405	0.02065	0.07344	0.01777	0.26448	0.13548	0.15436	0.02447	0.01530	0.01719	0.01163	0.00674	0.00711	0.00205	0.03272	0.00643	0.00432	0.00945
63	0.00924	0.00690	0.01026	0.01026	0.01137	0.00801	0.00792	0.01146	0.01035	0.01491	0.01742	0.02602	0.01643	0.07585	0.72031	0.01023	0.01689	0.00702	0.00348	0.00570
64	0.02355	0.02891	0.01897	0.01827	0.07339	0.65052	0.01302	0.06459	0.01873	0.01764	0.01047	0.01220	0.00862	0.00665	0.00591	0.00170	0.01109	0.00438	0.00350	0.00790
65	0.01433	0.01168	0.01421	0.01139	0.05645	0.00904	0.00845	0.01724	0.01373	0.05701	0.01223	0.01398	0.00993	0.00500	0.00496	0.00106	0.00499	0.00407	0.00400	0.72625
66	0.01340	0.01148	0.01340	0.00957	0.01531	0.00861	0.00766	0.01627	0.01340	0.02105	0.01148	0.01340	0.00957	0.00479	0.00479	0.00096	0.00479	0.00383	0.00383	0.81242
67	0.01545	0.01559	0.05740	0.08950	0.62713	0.01496	0.01937	0.01946	0.01450	0.02084	0.01237	0.01624	0.01023	0.00588	0.00633	0.00193	0.00768	0.00572	0.02958	0.00984
68	0.01000	0.00915	0.05829	0.00922	0.01155	0.00766	0.00763	0.01479	0.08921	0.02505	0.56136	0.04448	0.10162	0.01251	0.00742	0.00206	0.00371	0.01092	0.00668	0.00670
69	0.01598	0.04342	0.01440	0.03671	0.01620	0.00953	0.00833	0.01867	0.01411	0.14593	0.01475	0.03533	0.01192	0.03072	0.00612	0.00142	0.00516	0.00490	0.00454	0.56188
70	0.81856	0.01250	0.00950	0.00850	0.01250	0.01449	0.00700	0.01899	0.01100	0.02899	0.00900	0.01050	0.00700	0.00600	0.00400	0.00200	0.00500	0.00350	0.00400	0.00700
71	0.01214	0.01090	0.01734	0.13867	0.32489	0.01112	0.01362	0.01507	0.01402	0.01909	0.07103	0.17982	0.09957	0.03466	0.00784	0.00227	0.00617	0.00974	0.00432	0.00773
72	0.01727	0.77681	0.03386	0.01106	0.01658	0.02557	0.01106	0.01935	0.01313	0.01520	0.00898	0.01036	0.00829	0.00553	0.00415	0.00138	0.00691	0.00345	0.00276	0.00829
73	0.01727	0.77681	0.03386	0.01106	0.01658	0.02557	0.01106	0.01935	0.01313	0.01520	0.00898	0.01036	0.00829	0.00553	0.00415	0.00138	0.00691	0.00345	0.00276	0.00829
74	0.00828	0.00647	0.00751	0.00747	0.00918	0.00569	0.00552	0.01044	0.01592	0.02081	0.33386	0.13622	0.37850	0.01551	0.00770	0.00217	0.00323	0.01337	0.00646	0.00569
75	0.01607	0.01388	0.01461	0.01315	0.01680	0.01607	0.01023	0.03433	0.72094	0.02703	0.02630	0.02411	0.01972	0.00877	0.00657	0.00219	0.00511	0.00731	0.00657	0.01023
76	0.79856	0.01257	0.00991	0.00927	0.03045	0.01452	0.00732	0.01901	0.01109	0.02879	0.00908	0.01063	0.00708	0.00599	0.00406	0.00200	0.00506	0.00356	0.00398	0.00708
77	0.01325	0.08321	0.69219	0.01792	0.02720	0.01571	0.02301	0.02039	0.01361	0.02011	0.01142	0.01342	0.00819	0.00610	0.00601	0.00200	0.00937	0.00469	0.00273	0.00946
78	0.01335	0.01148	0.01365	0.04149	0.01656	0.00886	0.00810	0.01628	0.01338	0.02086	0.01148	0.01356	0.00953	0.00486	0.00486	0.00101	0.00495	0.00391	0.00379	0.77805
79	0.00787	0.00562	0.00750	0.00900	0.00937	0.00525	0.00600	0.00900	0.01237	0.01649	0.03561	0.76871	0.04274	0.02024	0.00825	0.00262	0.00375	0.01837	0.00600	0.00525
80	0.01601	0.01316	0.03981	0.01211	0.01568	0.01362	0.00986	0.17113	0.31201	0.04965	0.23988	0.02928	0.03004	0.00980	0.00686	0.00208	0.00507	0.00822	0.00662	0.00912
81	0.01563	0.01498	0.02557	0.10854	0.66658	0.01526	0.01965	0.01951	0.01454	0.02067	0.01209	0.01611	0.01008	0.00582	0.00640	0.00194	0.00777	0.00576	0.00317	0.00994
82	0.01220	0.01148	0.01938	0.75739	0.04450	0.01436	0.01794	0.01651	0.01292	0.01651	0.01148	0.01723	0.00861	0.00646	0.00646	0.00215	0.00861	0.00574	0.00287	0.00718
83	0.01701	0.01278	0.01452	0.01143	0.01580	0.01241	0.00913	0.28718	0.02074	0.04733	0.11511	0.09716	0.02081	0.00879	0.00623	0.00169	0.00537	0.00726	0.00564	0.28360
84	0.01727	0.77681	0.03386	0.01106	0.01658	0.02557	0.01106	0.01935	0.01313	0.01520	0.00898	0.01036	0.00829	0.00553	0.00415	0.00138	0.00691	0.00345	0.00276	0.00829
85	0.01727	0.77681	0.03386	0.01106	0.01658	0.02557	0.01106	0.01935	0.01313	0.01520	0.00898	0.01036	0.00829	0.00553	0.00415	0.00138	0.00691	0.00345	0.00276	0.00829
86	0.01920	0.01901	0.01614	0.01430	0.01802	0.21898	0.01107	0.10288	0.45393	0.02536	0.02065	0.01976	0.01565	0.00808	0.00636	0.00202	0.00713	0.00628	0.00566	0.00955

[dist]
# distance from previous block
# <min> <max>
0	1

[block]
# block no. 2 follows, 34 sequences, length 50
# corresponding to MSA columns:
# 202-251
name=unknown_C
#
# <colnr> <probs for GDERKNQSTAVLIFYWHMCP>
#	G	D	E	R	K	N	Q	S	T	A	V	L	I	F	Y	W	H	M	C	P
0	0.01892	0.01339	0.11675	0.03518	0.05076	0.00986	0.01122	0.02260	0.03229	0.32601	0.12329	0.05588	0.06792	0.00909	0.00660	0.00196	0.00564	0.00765	0.00614	0.07883
1	0.05930	0.02658	0.50842	0.01708	0.02482	0.01409	0.06229	0.02104	0.01400	0.10818	0.01426	0.05022	0.01081	0.00715	0.00677	0.00210	0.03426	0.00576	0.00363	0.00925
2	0.01164	0.00779	0.00985	0.00898	0.01104	0.00750	0.00685	0.01633	0.09621	0.08791	0.59006	0.04330	0.05248	0.01226	0.00741	0.00205	0.00349	0.01075	0.00713	0.00698
3	0.00910	0.00634	0.00723	0.00736	0.00782	0.00614	0.00457	0.00966	0.01094	0.01432	0.05749	0.08799	0.12609	0.55701	0.02577	0.00515	0.00555	0.04253	0.00455	0.00439
4	0.10577	0.01356	0.02150	0.02263	0.23314	0.01371	0.15646	0.06970	0.05449	0.06207	0.04921	0.06300	0.04481	0.01018	0.04899	0.00254	0.00768	0.00739	0.00445	0.00873
5	0.01626	0.01635	0.05263	0.12111	0.52676	0.05881	0.01860	0.02081	0.04795	0.03979	0.01295	0.01633	0.01045	0.00611	0.00637	0.00195	0.00792	0.00571	0.00344	0.00970
6	0.01220	0.01148	0.01938	0.75739	0.04450	0.01436	0.01794	0.01651	0.01292	0.01651	0.01148	0.01723	0.00861	0.00646	0.00646	0.00215	0.00861	0.00574	0.00287	0.00718
7	0.00809	0.00584	0.00771	0.00911	0.00970	0.00546	0.00633	0.00941	0.01274	0.01681	0.03730	0.66208	0.08414	0.01979	0.00827	0.00263	0.00392	0.07933	0.00599	0.00532
8	0.01751	0.20474	0.16774	0.04322	0.17147	0.07768	0.11125	0.02156	0.01483	0.09292	0.01258	0.01466	0.00969	0.00606	0.00593	0.00184	0.00843	0.00521	0.00351	0.00918
9	0.01575	0.15464	0.35231	0.01906	0.05494	0.09297	0.13450	0.03715	0.04304	0.01988	0.01193	0.01407	0.00910	0.00610	0.00605	0.00191	0.00923	0.00513	0.00315	0.00907
10	0.00951	0.00733	0.01092	0.01076	0.01185	0.00874	0.00842	0.01177	0.01036	0.01503	0.01681	0.02475	0.01572	0.04635	0.70611	0.00996	0.05952	0.00685	0.00343	0.00584
11	0.01855	0.05978	0.02137	0.11460	0.21532	0.17803	0.01505	0.04988	0.03303	0.08111	0.01243	0.01526	0.00996	0.00735	0.00875	0.00204	0.13972	0.00536	0.00373	0.00868
12	0.01605	0.01856	0.16128	0.10342	0.22711	0.04688	0.11152	0.03875	0.07772	0.07246	0.05132	0.01847	0.01341	0.00676	0.00658	0.00203	0.00812	0.00625	0.00401	0.00930
13	0.01488	0.01262	0.01403	0.01365	0.04524	0.01430	0.01017	0.02948	0.55974	0.02489	0.02647	0.05236	0.02200	0.05206	0.00831	0.00250	0.00533	0.07647	0.00621	0.00930
14	0.01341	0.00980	0.01049	0.01013	0.01222	0.07986	0.00773	0.01638	0.04926	0.12039	0.22749	0.20925	0.10531	0.01406	0.00753	0.00225	0.00484	0.08643	0.00635	0.00684
15	0.23128	0.04601	0.10876	0.01537	0.10773	0.01427	0.01208	0.05753	0.12934	0.14440	0.01806	0.04024	0.03342	0.00757	0.00578	0.00202	0.00612	0.00592	0.00501	0.00908
16	0.01340	0.01148	0.01340	0.00957	0.01531	0.00861	0.00766	0.01627	0.01340	0.02105	0.01148	0.01340	0.00957	0.00479	0.00479	0.00096	0.00479	0.00383	0.00383	0.81242
17	0.00786	0.00565	0.00746	0.00891	0.00935	0.00526	0.00596	0.00901	0.01245	0.01653	0.03663	0.74460	0.06619	0.02011	0.00823	0.00261	0.00373	0.01821	0.00600	0.00526
18	0.01474	0.01408	0.02397	0.27616	0.50588	0.01502	0.01921	0.01874	0.01412	0.01959	0.01193	0.01640	0.00970	0.00599	0.00642	0.00200	0.00798	0.00575	0.00309	0.00923
19	0.01503	0.08126	0.44045	0.02158	0.11881	0.05622	0.11574	0.02092	0.01435	0.03926	0.01197	0.01435	0.00890	0.00603	0.00623	0.00198	0.00931	0.00521	0.00304	0.00936
20	0.01016	0.00797	0.01087	0.01037	0.01091	0.00951	0.00767	0.01149	0.00995	0.01422	0.01682	0.02939	0.01740	0.29936	0.36439	0.00758	0.14551	0.00758	0.00351	0.00534
21	0.00923	0.00692	0.01038	0.01038	0.01154	0.00808	0.00808	0.01154	0.01038	0.01500	0.01731	0.02538	0.01615	0.04846	0.74732	0.01038	0.01731	0.00692	0.00346	0.00577
22	0.06590	0.04611	0.08070	0.03092	0.15717	0.05379	0.04371	0.06274	0.05448	0.25624	0.01939	0.03634	0.03122	0.00773	0.00635	0.00200	0.00691	0.02336	0.00532	0.00960
23	0.01741	0.14095	0.11602	0.08036	0.21978	0.08767	0.08941	0.06993	0.01592	0.06114	0.01306	0.01660	0.01048	0.00650	0.00617	0.00191	0.00837	0.02552	0.00365	0.00914
24	0.01537	0.01492	0.05607	0.10896	0.22671	0.01418	0.20059	0.08661	0.01607	0.05159	0.01822	0.09547	0.04928	0.00806	0.00698	0.00211	0.00796	0.00792	0.00410	0.00881
25	0.72514	0.03589	0.01211	0.00988	0.01405	0.03722	0.04713	0.01931	0.01152	0.02771	0.00926	0.01092	0.00724	0.00597	0.00426	0.00198	0.00559	0.00375	0.00390	0.00715
26	0.00782	0.00637	0.00692	0.00716	0.00894	0.00547	0.00523	0.00949	0.01460	0.01804	0.12004	0.19656	0.53726	0.01682	0.00775	0.00225	0.00334	0.01437	0.00610	0.00547
27	0.00798	0.00567	0.00747	0.00886	0.00921	0.00532	0.00585	0.00902	0.01216	0.01622	0.03455	0.71834	0.04140	0.07243	0.00996	0.00288	0.00392	0.01775	0.00585	0.00516
28	0.03572	0.01538	0.03676	0.13210	0.14477	0.01703	0.04943	0.19897	0.11126	0.04993	0.01462	0.01693	0.01122	0.00773	0.00881	0.00216	0.12728	0.00600	0.00455	0.00932
29	0.01569	0.01330	0.01557	0.03244	0.06612	0.01496	0.02681	0.03058	0.55901	0.04373	0.07074	0.02597	0.02162	0.00893	0.00671	0.00218	0.00540	0.02426	0.00624	0.00977
30	0.00872	0.00650	0.00811	0.00790	0.00944	0.00589	0.00585	0.01130	0.01701	0.02332	0.53045	0.12074	0.19189	0.01452	0.00768	0.00212	0.00316	0.01272	0.00678	0.00589
31	0.02157	0.01619	0.01829	0.06691	0.02048	0.01832	0.01220	0.54235	0.02586	0.03515	0.01510	0.01643	0.01117	0.00961	0.03833	0.00235	0.06255	0.00586	0.05135	0.00993
32	0.81856	0.01250	0.00950	0.00850	0.01250	0.01449	0.00700	0.01899	0.01100	0.02899	0.00900	0.01050	0.00700	0.00600	0.00400	0.00200	0.00500	0.00350	0.00400	0.00700
33	0.01490	0.29512	0.39863	0.01568	0.04045	0.03428	0.01776	0.02022	0.02854	0.01868	0.01095	0.01270	0.00860	0.00590	0.00536	0.00174	0.00824	0.00432	0.00291	0.05501
34	0.01711	0.01439	0.01519	0.01336	0.01720	0.01656	0.01048	0.11690	0.63669	0.02870	0.02498	0.02306	0.01866	0.00864	0.00656	0.00216	0.00536	0.00712	0.00656	0.01032
35	0.02456	0.01810	0.01939	0.01487	0.02004	0.02004	0.01228	0.71107	0.03038	0.04072	0.01551	0.01551	0.01099	0.00776	0.00646	0.00194	0.00711	0.00582	0.00646	0.01099
36	0.01756	0.74569	0.03321	0.01129	0.01673	0.05566	0.01112	0.01962	0.01334	0.01523	0.00902	0.01042	0.00829	0.00558	0.00422	0.00139	0.00711	0.00348	0.00279	0.00826
37	0.00820	0.00802	0.04727	0.00743	0.00983	0.00610	0.00606	0.01027	0.01489	0.01849	0.14596	0.05684	0.57286	0.04878	0.00867	0.00234	0.00372	0.01271	0.00587	0.00570
38	0.00807	0.00685	0.00700	0.00691	0.00911	0.00593	0.00520	0.01047	0.04410	0.01833	0.10180	0.05981	0.66240	0.01587	0.00759	0.00217	0.00334	0.01326	0.00609	0.00569
39	0.01027	0.00724	0.00848	0.00825	0.00884	0.00764	0.00528	0.03250	0.05799	0.01476	0.02011	0.03745	0.02164	0.57839	0.14887	0.00654	0.00804	0.00874	0.00410	0.00486
40	0.01340	0.01148	0.01340	0.00957	0.01531	0.00861	0.00766	0.01627	0.01340	0.02105	0.01148	0.01340	0.00957	0.00479	0.00479	0.00096	0.00479	0.00383	0.00383	0.81242
41	0.01499	0.01532	0.02899	0.03218	0.40667	0.01484	0.27705	0.01921	0.01482	0.02059	0.01597	0.04979	0.04523	0.00674	0.00699	0.00206	0.00851	0.00735	0.00347	0.00923
42	0.00797	0.00576	0.00754	0.00879	0.00936	0.00533	0.00595	0.00929	0.01301	0.01735	0.09650	0.66820	0.08220	0.01943	0.00816	0.00255	0.00366	0.01754	0.00609	0.00533
43	0.01039	0.01177	0.15237	0.01108	0.03033	0.00788	0.00971	0.01331	0.01367	0.04013	0.13155	0.31440	0.05332	0.06566	0.02717	0.00270	0.00535	0.01186	0.08083	0.00651
44	0.04326	0.12787	0.11938	0.06138	0.11185	0.09436	0.09729	0.12129	0.03223	0.11009	0.01379	0.01533	0.01025	0.00651	0.00608	0.00190	0.00819	0.00541	0.00423	0.00932
45	0.00991	0.00763	0.02630	0.01024	0.01145	0.00712	0.02378	0.01228	0.04436	0.05158	0.07143	0.56099	0.05402	0.01758	0.00853	0.00253	0.03546	0.03283	0.00591	0.00606
46	0.00813	0.00640	0.00734	0.00746	0.00912	0.00561	0.00546	0.01010	0.01537	0.01981	0.25882	0.18560	0.40555	0.01612	0.00774	0.00222	0.00329	0.01391	0.00633	0.00561
47	0.01442	0.07931	0.21553	0.01692	0.05063	0.10872	0.10462	0.01989	0.08402	0.01965	0.05594	0.14623	0.01845	0.00925	0.00702	0.00209	0.02706	0.00798	0.00408	0.00818
48	0.01796	0.08313	0.09913	0.08929	0.18874	0.05614	0.08625	0.16975	0.01803	0.06473	0.01452	0.05705	0.01184	0.00722	0.00640	0.00197	0.00797	0.00631	0.00423	0.00934
49	0.03963	0.04055	0.11100	0.08449	0.23527	0.05587	0.08377	0.04817	0.01453	0.05344	0.01319	0.04670	0.01111	0.00846	0.02686	0.00231	0.10613	0.00617	0.00357	0.00878

[dist]
# distance from previous block
# <min> <max>
0	25

# created by:
# /home/berkeley/.conda/envs/busco_data_prod/bin/msa2prfl.pl pipeline/OGs_align_augustus/4893/27981.fs
