[name]
unknown

[dist]
# distance from previous block
# <min> <max>
0	1

[block]
# block no. 0 follows, 30 sequences, length 62
# corresponding to MSA columns:
# 1-62
name=unknown_A
#
# <colnr> <probs for GDERKNQSTAVLIFYWHMCP>
#	G	D	E	R	K	N	Q	S	T	A	V	L	I	F	Y	W	H	M	C	P
0	0.01246	0.00895	0.01201	0.01311	0.01503	0.00911	0.01141	0.06792	0.01739	0.02272	0.03534	0.07380	0.03791	0.01841	0.00943	0.00312	0.00653	0.61203	0.00647	0.00686
1	0.02653	0.01955	0.02094	0.01606	0.02164	0.02164	0.01326	0.68796	0.03281	0.04398	0.01675	0.01675	0.01187	0.00838	0.00698	0.00209	0.00768	0.00628	0.00698	0.01187
2	0.01845	0.01516	0.01612	0.01425	0.01835	0.01737	0.01116	0.07807	0.63170	0.05530	0.02763	0.02537	0.02056	0.00937	0.00709	0.00234	0.00567	0.00776	0.00715	0.01113
3	0.01095	0.00711	0.00918	0.00926	0.01082	0.00646	0.00671	0.01322	0.01687	0.08038	0.32205	0.32327	0.12296	0.01712	0.00839	0.00246	0.00383	0.01519	0.00716	0.00659
4	0.02607	0.03326	0.01978	0.01798	0.02157	0.72674	0.01348	0.02787	0.01978	0.01708	0.01079	0.01258	0.00899	0.00719	0.00629	0.00180	0.01258	0.00449	0.00360	0.00809
5	0.00981	0.00713	0.00924	0.00871	0.01039	0.00656	0.00654	0.01305	0.01961	0.02764	0.68342	0.05270	0.09019	0.01440	0.00823	0.00220	0.00330	0.01270	0.00764	0.00656
6	0.00876	0.00618	0.00802	0.00939	0.00973	0.00584	0.00613	0.00978	0.01286	0.01715	0.03590	0.64068	0.04292	0.13579	0.01304	0.00345	0.00447	0.01833	0.00613	0.00544
7	0.01339	0.01261	0.02130	0.70278	0.08165	0.01556	0.01948	0.01801	0.01405	0.01808	0.01244	0.01854	0.00939	0.00694	0.00697	0.00231	0.00925	0.00620	0.00312	0.00792
8	0.00997	0.00748	0.01121	0.01121	0.01246	0.00872	0.00872	0.01246	0.01121	0.01620	0.01869	0.02741	0.01745	0.05234	0.72710	0.01121	0.01869	0.00748	0.00374	0.00623
9	0.02414	0.01836	0.01960	0.01557	0.02073	0.02053	0.01269	0.51864	0.20601	0.04013	0.01978	0.01917	0.01432	0.00866	0.00701	0.00217	0.00712	0.00670	0.00701	0.01165
10	0.05469	0.01152	0.01532	0.01193	0.01686	0.01015	0.00969	0.03168	0.01893	0.63809	0.02651	0.02509	0.01760	0.06779	0.00919	0.00252	0.00599	0.00716	0.00815	0.01113
11	0.00873	0.00625	0.00830	0.00956	0.01017	0.00582	0.00650	0.01028	0.01441	0.01948	0.14840	0.63550	0.04939	0.02061	0.00880	0.00273	0.00392	0.01865	0.00668	0.00582
12	0.50592	0.01250	0.01202	0.01025	0.01466	0.01329	0.00835	0.02415	0.01456	0.24973	0.01725	0.06237	0.01313	0.00815	0.00548	0.00220	0.00549	0.00584	0.00584	0.00882
13	0.00953	0.00636	0.00838	0.00966	0.01023	0.00594	0.00645	0.01071	0.01337	0.04500	0.03672	0.66564	0.04337	0.07952	0.01094	0.00312	0.00434	0.01856	0.00638	0.00580
14	0.80405	0.01350	0.01026	0.00918	0.01350	0.01565	0.00756	0.02051	0.01188	0.03131	0.00972	0.01134	0.00756	0.00648	0.00432	0.00216	0.00540	0.00378	0.00432	0.00756
15	0.00966	0.00668	0.00855	0.00924	0.01039	0.00609	0.00649	0.01150	0.01545	0.04721	0.19804	0.46568	0.14101	0.01901	0.00859	0.00259	0.00387	0.01696	0.00684	0.00615
16	0.01402	0.00774	0.00997	0.00925	0.01094	0.00717	0.00658	0.01557	0.01566	0.15295	0.25354	0.11882	0.05943	0.20607	0.01663	0.06641	0.00500	0.01124	0.00644	0.00658
17	0.01424	0.00789	0.01001	0.00907	0.01095	0.00741	0.00659	0.01648	0.01641	0.15300	0.30893	0.04191	0.03980	0.21665	0.04540	0.00377	0.00538	0.01019	0.06901	0.00692
18	0.80405	0.01350	0.01026	0.00918	0.01350	0.01565	0.00756	0.02051	0.01188	0.03131	0.00972	0.01134	0.00756	0.00648	0.00432	0.00216	0.00540	0.00378	0.00432	0.00756
19	0.00927	0.00656	0.00826	0.00893	0.00950	0.00637	0.00589	0.01043	0.01293	0.01739	0.10042	0.36233	0.07273	0.25821	0.07434	0.00467	0.00598	0.01477	0.00566	0.00535
20	0.01601	0.01540	0.02656	0.25232	0.48617	0.01629	0.04516	0.02037	0.01533	0.02128	0.01294	0.01773	0.01051	0.00643	0.00698	0.00216	0.00872	0.00629	0.00335	0.01000
21	0.02181	0.02496	0.01773	0.01615	0.01968	0.42684	0.01227	0.02980	0.25154	0.02116	0.01745	0.01837	0.01388	0.01155	0.06378	0.00274	0.01065	0.00589	0.00481	0.00895
22	0.01866	0.75896	0.03657	0.01194	0.01791	0.02761	0.01194	0.02090	0.01418	0.01642	0.00970	0.01119	0.00896	0.00597	0.00448	0.00149	0.00746	0.00373	0.00299	0.00896
23	0.01013	0.00703	0.00972	0.06760	0.01338	0.00705	0.00794	0.01112	0.01289	0.01693	0.03116	0.34540	0.06191	0.10400	0.01499	0.13754	0.00550	0.12498	0.00536	0.00536
24	0.14926	0.01564	0.01645	0.01499	0.07203	0.04172	0.01103	0.32085	0.02306	0.05900	0.04543	0.02628	0.12347	0.04079	0.00795	0.00234	0.00664	0.00752	0.00603	0.00953
25	0.00865	0.00613	0.00805	0.00953	0.00990	0.00577	0.00628	0.00975	0.01308	0.01743	0.03700	0.68765	0.04431	0.08693	0.01127	0.00318	0.00429	0.01898	0.00628	0.00554
26	0.01616	0.01575	0.02775	0.21646	0.47659	0.01642	0.08758	0.02061	0.01546	0.02150	0.01304	0.01776	0.01057	0.00638	0.00706	0.00216	0.00889	0.00642	0.00337	0.01006
27	0.08131	0.01648	0.01839	0.07383	0.08477	0.04383	0.01271	0.36028	0.04153	0.06055	0.01689	0.01821	0.01246	0.00788	0.00645	0.00205	0.00712	0.00612	0.11893	0.01021
28	0.02261	0.08170	0.16935	0.01726	0.02366	0.09208	0.11087	0.10320	0.01936	0.23579	0.04334	0.01918	0.01417	0.00763	0.00687	0.00210	0.00863	0.00639	0.00548	0.01035
29	0.03131	0.01188	0.01619	0.01242	0.01781	0.01026	0.01026	0.03401	0.01997	0.71606	0.02753	0.02375	0.01727	0.00864	0.00702	0.00216	0.00594	0.00702	0.00864	0.01188
30	0.02293	0.01650	0.04188	0.04249	0.26465	0.01617	0.04704	0.18372	0.05551	0.20992	0.01855	0.01933	0.01327	0.00754	0.00702	0.00214	0.00763	0.00659	0.00582	0.01129
31	0.01692	0.10498	0.08093	0.09892	0.39422	0.01830	0.07556	0.04265	0.01570	0.02181	0.01257	0.01648	0.01035	0.00671	0.00772	0.00212	0.05452	0.00601	0.00342	0.01012
32	0.01660	0.01842	0.07264	0.08942	0.38414	0.07256	0.13735	0.02093	0.01587	0.02143	0.01503	0.07529	0.01331	0.00756	0.00724	0.00219	0.00912	0.00745	0.00366	0.00979
33	0.01931	0.05225	0.21091	0.02207	0.09129	0.01597	0.19667	0.06524	0.01732	0.16508	0.01711	0.04555	0.01285	0.00761	0.00762	0.00223	0.02892	0.00705	0.00470	0.01025
34	0.01592	0.03078	0.53827	0.02253	0.10665	0.01587	0.06896	0.02299	0.01540	0.07770	0.01390	0.01602	0.00988	0.00669	0.00680	0.00220	0.00983	0.00563	0.00350	0.01046
35	0.01696	0.02651	0.32683	0.02382	0.04990	0.04397	0.29315	0.06828	0.01707	0.04575	0.01389	0.01682	0.01010	0.00652	0.00732	0.00224	0.01062	0.00655	0.00368	0.01004
36	0.01909	0.04959	0.16603	0.07671	0.23449	0.15343	0.01839	0.03715	0.01657	0.08068	0.01427	0.03869	0.01153	0.00757	0.00753	0.00213	0.04639	0.00606	0.00393	0.00977
37	0.02108	0.03742	0.19033	0.05248	0.15234	0.01470	0.10434	0.02644	0.04163	0.26127	0.01851	0.01933	0.01285	0.00725	0.00700	0.00218	0.00834	0.00650	0.00523	0.01076
38	0.01034	0.00815	0.01273	0.04856	0.01490	0.00896	0.05073	0.01270	0.01189	0.01663	0.02139	0.13645	0.02173	0.11637	0.46568	0.00849	0.01434	0.00959	0.00415	0.00621
39	0.02102	0.10419	0.15482	0.01985	0.02637	0.10333	0.21620	0.06619	0.01789	0.16230	0.01569	0.01726	0.01129	0.00704	0.00730	0.00213	0.02626	0.00631	0.00460	0.00997
40	0.01937	0.09685	0.17649	0.07203	0.16354	0.01650	0.09259	0.02459	0.04239	0.17525	0.01633	0.01805	0.01188	0.00718	0.00739	0.00216	0.03633	0.00619	0.00455	0.01032
41	0.01631	0.02029	0.14029	0.06041	0.33000	0.01688	0.26846	0.02174	0.01585	0.02234	0.01337	0.01750	0.01047	0.00619	0.00736	0.00221	0.00993	0.00680	0.00339	0.01021
42	0.00920	0.00689	0.00970	0.01037	0.01139	0.00643	0.03227	0.01109	0.01487	0.02002	0.15835	0.53311	0.07308	0.01959	0.00878	0.00271	0.00432	0.05522	0.00658	0.00602
43	0.01773	0.05549	0.08461	0.07963	0.41754	0.01675	0.12890	0.02230	0.01598	0.07335	0.01409	0.01758	0.01104	0.00641	0.00699	0.00212	0.00887	0.00639	0.00376	0.01047
44	0.00850	0.00607	0.00810	0.00972	0.01012	0.00567	0.00648	0.00972	0.01336	0.01781	0.03846	0.75020	0.04615	0.02186	0.00891	0.00283	0.00405	0.01984	0.00648	0.00567
45	0.00929	0.00711	0.00851	0.00816	0.01006	0.00633	0.00612	0.01203	0.01836	0.02467	0.47668	0.05758	0.29877	0.01550	0.00824	0.00225	0.00338	0.01338	0.00725	0.00633
46	0.03558	0.07960	0.47186	0.04976	0.05307	0.07004	0.04972	0.02305	0.01545	0.06973	0.01326	0.01531	0.00959	0.00673	0.00652	0.00213	0.00982	0.00532	0.00348	0.00998
47	0.01510	0.05728	0.46973	0.02477	0.13585	0.01694	0.13838	0.02199	0.01519	0.02204	0.01278	0.01570	0.00949	0.00641	0.00687	0.00219	0.01014	0.00580	0.00313	0.01022
48	0.03131	0.01188	0.01619	0.01242	0.01781	0.01026	0.01026	0.03401	0.01997	0.71606	0.02753	0.02375	0.01727	0.00864	0.00702	0.00216	0.00594	0.00702	0.00864	0.01188
49	0.01658	0.01587	0.02707	0.16059	0.59888	0.01640	0.02107	0.02081	0.01556	0.02196	0.01300	0.01750	0.01076	0.00635	0.00692	0.00212	0.00846	0.00621	0.00339	0.01049
50	0.04811	0.01253	0.01839	0.09978	0.12837	0.01225	0.03774	0.02675	0.06413	0.34980	0.05200	0.08058	0.01945	0.00924	0.00716	0.00224	0.00659	0.00805	0.00656	0.01028
51	0.01537	0.03417	0.66285	0.01930	0.02922	0.01573	0.02455	0.02304	0.01515	0.07718	0.01371	0.01545	0.00951	0.00679	0.00666	0.00221	0.00997	0.00530	0.00340	0.01044
52	0.01020	0.00730	0.01085	0.01085	0.01191	0.00836	0.00826	0.01201	0.01095	0.01566	0.01812	0.02747	0.01719	0.07704	0.62538	0.09463	0.01688	0.00743	0.00368	0.00581
53	0.06110	0.01391	0.01728	0.01506	0.06709	0.03828	0.01135	0.08448	0.07451	0.50491	0.02437	0.02200	0.01602	0.00837	0.00687	0.00215	0.00643	0.00675	0.00765	0.01143
54	0.01712	0.01604	0.02666	0.08787	0.60383	0.01634	0.02029	0.05448	0.01652	0.02334	0.01424	0.04556	0.01233	0.00698	0.00699	0.00212	0.00817	0.00674	0.00373	0.01066
55	0.04089	0.00919	0.06500	0.01071	0.01222	0.00742	0.00827	0.03312	0.01404	0.01953	0.03457	0.63891	0.04056	0.01961	0.00848	0.00273	0.00472	0.01760	0.00613	0.00631
56	0.01686	0.01762	0.02456	0.04833	0.07264	0.10199	0.13854	0.04462	0.01419	0.01931	0.01165	0.01681	0.01025	0.01260	0.06706	0.00324	0.36154	0.00643	0.00343	0.00832
57	0.05225	0.01518	0.03936	0.01274	0.01852	0.04812	0.03667	0.10874	0.01816	0.13063	0.04191	0.01758	0.01350	0.00670	0.00599	0.00156	0.00635	0.00538	0.00524	0.41542
58	0.01662	0.01275	0.01625	0.01577	0.11963	0.01156	0.01066	0.07376	0.07179	0.08616	0.12353	0.02450	0.04654	0.00808	0.00647	0.00170	0.00558	0.00685	0.00552	0.33627
59	0.04164	0.01738	0.11807	0.02496	0.25713	0.01453	0.07022	0.04465	0.07851	0.10777	0.08573	0.02365	0.01859	0.00807	0.00708	0.00216	0.00754	0.02719	0.00502	0.04011
60	0.01748	0.04488	0.04247	0.02189	0.19628	0.07519	0.05681	0.11491	0.12977	0.02689	0.15381	0.02639	0.04465	0.00904	0.00718	0.00213	0.00724	0.00787	0.00544	0.00967
61	0.07339	0.01713	0.11382	0.02185	0.20522	0.01443	0.04314	0.08917	0.06482	0.06863	0.09014	0.04871	0.01876	0.00821	0.00680	0.00207	0.00708	0.00713	0.00502	0.09451

[dist]
# distance from previous block
# <min> <max>
0	7

[block]
# block no. 1 follows, 30 sequences, length 26
# corresponding to MSA columns:
# 70-95
name=unknown_B
#
# <colnr> <probs for GDERKNQSTAVLIFYWHMCP>
#	G	D	E	R	K	N	Q	S	T	A	V	L	I	F	Y	W	H	M	C	P
0	0.10637	0.07815	0.07352	0.03884	0.09495	0.01874	0.01392	0.29368	0.09117	0.07225	0.04011	0.01823	0.01389	0.00790	0.00651	0.00210	0.00726	0.00613	0.00570	0.01058
1	0.07897	0.01849	0.05691	0.01478	0.01906	0.13523	0.03676	0.13216	0.20736	0.07830	0.05804	0.09386	0.02015	0.00982	0.00699	0.00222	0.00732	0.00799	0.00599	0.00960
2	0.04970	0.01710	0.10392	0.02022	0.16019	0.01508	0.02868	0.08158	0.18856	0.18673	0.04036	0.02281	0.03671	0.00837	0.00696	0.00221	0.00694	0.00707	0.00602	0.01078
3	0.01937	0.08432	0.11954	0.02731	0.25730	0.12051	0.11415	0.08938	0.04147	0.04051	0.01380	0.01638	0.01080	0.00673	0.00679	0.00206	0.00939	0.00599	0.00398	0.01022
4	0.00938	0.00693	0.00815	0.00809	0.00939	0.00636	0.00561	0.01122	0.01563	0.02082	0.29586	0.11510	0.22967	0.20933	0.01542	0.00349	0.00433	0.01318	0.00635	0.00570
5	0.02219	0.32116	0.02798	0.01737	0.05491	0.37698	0.04725	0.02449	0.01718	0.01736	0.01064	0.01258	0.00916	0.00659	0.00570	0.00172	0.01029	0.00446	0.00334	0.00865
6	0.00912	0.00617	0.00813	0.00934	0.00965	0.00587	0.00611	0.00972	0.01245	0.01660	0.03334	0.57197	0.03961	0.12942	0.01469	0.08519	0.00465	0.01700	0.00579	0.00519
7	0.01506	0.20159	0.56245	0.01807	0.02739	0.01882	0.02261	0.02182	0.01461	0.02080	0.01188	0.01392	0.00887	0.00648	0.00614	0.00205	0.00966	0.00483	0.00296	0.01000
8	0.01866	0.75896	0.03657	0.01194	0.01791	0.02761	0.01194	0.02090	0.01418	0.01642	0.00970	0.01119	0.00896	0.00597	0.00448	0.00149	0.00746	0.00373	0.00299	0.00896
9	0.01447	0.01240	0.01447	0.01034	0.01654	0.00930	0.00827	0.01757	0.01447	0.02274	0.01240	0.01447	0.01034	0.00517	0.00517	0.00103	0.00517	0.00413	0.00413	0.79742
10	0.02537	0.03048	0.02053	0.02038	0.09529	0.61741	0.01418	0.02746	0.01937	0.05013	0.01181	0.01360	0.00959	0.00715	0.00639	0.00184	0.01182	0.00480	0.00381	0.00858
11	0.00900	0.00652	0.00824	0.00925	0.01004	0.00609	0.00639	0.01046	0.01403	0.01853	0.10128	0.46385	0.12658	0.11528	0.01226	0.00325	0.00443	0.06257	0.00629	0.00565
12	0.01866	0.75896	0.03657	0.01194	0.01791	0.02761	0.01194	0.02090	0.01418	0.01642	0.00970	0.01119	0.00896	0.00597	0.00448	0.00149	0.00746	0.00373	0.00299	0.00896
13	0.00998	0.00705	0.00891	0.00891	0.00950	0.00744	0.00595	0.01099	0.01086	0.01481	0.02349	0.04012	0.06059	0.45415	0.28944	0.00816	0.01099	0.00942	0.00417	0.00506
14	0.34584	0.01602	0.10076	0.01224	0.01782	0.01393	0.01126	0.06888	0.01683	0.30649	0.01768	0.01710	0.01190	0.00749	0.00586	0.00216	0.00637	0.00541	0.00606	0.00991
15	0.02356	0.01724	0.09619	0.04350	0.21845	0.01483	0.04912	0.12231	0.01976	0.29495	0.01921	0.01956	0.01328	0.00752	0.00700	0.00214	0.00770	0.00652	0.00592	0.01124
16	0.01400	0.00799	0.01070	0.00978	0.01201	0.00737	0.00746	0.01689	0.01849	0.16284	0.45074	0.11871	0.05054	0.01675	0.06091	0.00292	0.00503	0.01189	0.00745	0.00751
17	0.00825	0.00707	0.00707	0.00707	0.00943	0.00589	0.00530	0.01001	0.01591	0.01885	0.07069	0.06716	0.70839	0.01767	0.00825	0.00236	0.00353	0.01473	0.00648	0.00589
18	0.01005	0.06384	0.06056	0.01093	0.01266	0.00836	0.00883	0.01218	0.01421	0.01896	0.07147	0.52267	0.04115	0.01888	0.00847	0.00270	0.00499	0.09667	0.00603	0.00638
19	0.24909	0.02169	0.02158	0.01972	0.09274	0.24990	0.13030	0.06888	0.04180	0.02497	0.01234	0.01456	0.00970	0.00682	0.00620	0.00207	0.00933	0.00536	0.00413	0.00883
20	0.02786	0.01176	0.01546	0.01213	0.01692	0.01063	0.00984	0.06774	0.04014	0.56792	0.07664	0.02675	0.02112	0.05128	0.00872	0.00242	0.00588	0.00759	0.00818	0.01103
21	0.00968	0.00705	0.00911	0.00875	0.01035	0.00648	0.00650	0.01274	0.01907	0.02673	0.62279	0.10429	0.10028	0.01501	0.00828	0.00225	0.00336	0.01327	0.00753	0.00648
22	0.07609	0.34198	0.25956	0.01485	0.02190	0.06012	0.01618	0.02318	0.04039	0.06907	0.01266	0.01390	0.00986	0.00661	0.00556	0.00188	0.00837	0.00464	0.00365	0.00954
23	0.05472	0.01761	0.01933	0.01501	0.02040	0.01905	0.01235	0.49865	0.07684	0.16502	0.01929	0.01849	0.01337	0.00843	0.00690	0.00213	0.00713	0.00644	0.00720	0.01166
24	0.00916	0.00701	0.01016	0.01092	0.01192	0.00655	0.04523	0.01083	0.01391	0.01838	0.03895	0.61286	0.08454	0.02049	0.00889	0.00281	0.00464	0.07050	0.00631	0.00595
25	0.01741	0.05784	0.02906	0.07357	0.56877	0.01739	0.06719	0.04431	0.01632	0.02290	0.01310	0.01709	0.01085	0.00629	0.00687	0.00207	0.00852	0.00622	0.00354	0.01069

[dist]
# distance from previous block
# <min> <max>
0	4

# created by:
# /home/berkeley/.conda/envs/busco_data_prod/bin/msa2prfl.pl pipeline/OGs_align_augustus/4893/2804.fs
