[name]
unknown

[dist]
# distance from previous block
# <min> <max>
0	0

[block]
# block no. 0 follows, 33 sequences, length 50
# corresponding to MSA columns:
# 0-49
name=unknown_A
#
# <colnr> <probs for GDERKNQSTAVLIFYWHMCP>
#	G	D	E	R	K	N	Q	S	T	A	V	L	I	F	Y	W	H	M	C	P
0	0.01061	0.00758	0.01061	0.01212	0.01364	0.00758	0.01061	0.01364	0.01515	0.01970	0.03486	0.07426	0.03789	0.01819	0.00909	0.00303	0.00606	0.68326	0.00606	0.00606
1	0.01362	0.10425	0.66799	0.01805	0.02739	0.01631	0.02308	0.02074	0.01385	0.02034	0.01156	0.01358	0.00835	0.00620	0.00606	0.00202	0.00947	0.00474	0.00278	0.00961
2	0.01782	0.01438	0.01534	0.01347	0.01740	0.01640	0.01057	0.09526	0.61870	0.06448	0.02576	0.02366	0.01910	0.00880	0.00668	0.00220	0.00541	0.00726	0.00676	0.01053
3	0.00780	0.00659	0.00675	0.00687	0.00895	0.00554	0.00509	0.00942	0.01481	0.01770	0.06420	0.12084	0.66903	0.01700	0.00783	0.00226	0.00337	0.01429	0.00611	0.00554
4	0.01760	0.77260	0.03450	0.01126	0.01690	0.02605	0.01126	0.01971	0.01338	0.01549	0.00915	0.01056	0.00845	0.00563	0.00422	0.00141	0.00704	0.00352	0.00282	0.00845
5	0.00847	0.00670	0.00763	0.00740	0.00932	0.00585	0.00555	0.01079	0.01664	0.02167	0.36332	0.05696	0.42584	0.01522	0.00777	0.00215	0.00323	0.01300	0.00662	0.00585
6	0.01529	0.01728	0.03710	0.02674	0.03290	0.01654	0.65096	0.02052	0.01519	0.02071	0.01367	0.03664	0.01078	0.00624	0.00849	0.00226	0.04867	0.00795	0.00338	0.00870
7	0.02469	0.02839	0.01891	0.01654	0.02037	0.57583	0.01267	0.18288	0.02149	0.02196	0.01147	0.01278	0.00911	0.00704	0.00609	0.00176	0.01081	0.00463	0.00413	0.00845
8	0.01367	0.01296	0.02198	0.52473	0.26377	0.01495	0.01890	0.01790	0.01375	0.01832	0.01192	0.01715	0.00930	0.00635	0.00656	0.00212	0.00847	0.00586	0.00303	0.00831
9	0.02501	0.01728	0.01882	0.01448	0.01960	0.01884	0.01194	0.61399	0.02913	0.10910	0.01702	0.01678	0.01191	0.00792	0.00652	0.00197	0.00693	0.00600	0.03577	0.01101
10	0.00957	0.00638	0.00718	0.00718	0.00718	0.00638	0.00399	0.00957	0.00957	0.01276	0.02074	0.04308	0.02393	0.76864	0.03351	0.00638	0.00638	0.00957	0.00399	0.00399
11	0.00932	0.00673	0.00880	0.00828	0.00984	0.00621	0.00621	0.01242	0.01863	0.02640	0.72410	0.04918	0.06212	0.01346	0.00776	0.00207	0.00311	0.01191	0.00725	0.00621
12	0.00915	0.00669	0.00859	0.00819	0.00975	0.00613	0.00611	0.01208	0.01814	0.02539	0.64856	0.07554	0.11313	0.01396	0.00779	0.00210	0.00315	0.01230	0.00712	0.00613
13	0.01243	0.01170	0.01975	0.75282	0.04534	0.01463	0.01828	0.01682	0.01316	0.01682	0.01170	0.01755	0.00878	0.00658	0.00658	0.00219	0.00878	0.00585	0.00293	0.00731
14	0.01144	0.00572	0.00858	0.00858	0.00858	0.00572	0.00572	0.00858	0.00858	0.01144	0.01144	0.02001	0.01144	0.02287	0.02573	0.80846	0.00572	0.00572	0.00286	0.00286
15	0.00911	0.00690	0.00977	0.00949	0.01089	0.00639	0.03964	0.01159	0.01623	0.02248	0.42625	0.30311	0.07157	0.01572	0.00799	0.00230	0.00375	0.01419	0.00662	0.00601
16	0.07815	0.01645	0.06558	0.12232	0.52862	0.03579	0.01898	0.01994	0.01451	0.02138	0.01195	0.01575	0.00979	0.00602	0.00630	0.00199	0.00795	0.00558	0.00326	0.00967
17	0.09171	0.00703	0.00753	0.00723	0.00902	0.00703	0.00548	0.01460	0.01543	0.02577	0.29447	0.03277	0.03355	0.00977	0.00578	0.00179	0.00329	0.00813	0.41334	0.00627
18	0.09462	0.01507	0.01916	0.05886	0.10168	0.03399	0.07941	0.28874	0.02081	0.05138	0.01920	0.02178	0.06733	0.01040	0.04709	0.00252	0.00776	0.02400	0.02703	0.00918
19	0.01514	0.01466	0.02525	0.20064	0.24332	0.01562	0.16274	0.05785	0.01515	0.02106	0.03712	0.01770	0.01158	0.00685	0.00824	0.00211	0.08214	0.00636	0.00352	0.05293
20	0.69428	0.04212	0.01166	0.00966	0.01377	0.07765	0.00792	0.04094	0.01252	0.02824	0.00946	0.01095	0.00742	0.00621	0.00432	0.00198	0.00581	0.00369	0.00405	0.00734
21	0.01736	0.73191	0.07307	0.01168	0.01754	0.02546	0.01198	0.01978	0.01341	0.01578	0.00930	0.01074	0.00844	0.00567	0.00434	0.00145	0.00719	0.00359	0.00281	0.00852
22	0.01362	0.01205	0.04073	0.01248	0.04247	0.01216	0.00958	0.06100	0.32652	0.02674	0.27697	0.03478	0.08172	0.01080	0.00712	0.00214	0.00472	0.00923	0.00656	0.00860
23	0.00823	0.00669	0.00730	0.00715	0.00917	0.00575	0.00536	0.01033	0.01608	0.02033	0.26080	0.05917	0.52920	0.01572	0.00778	0.00218	0.00327	0.01331	0.00645	0.00575
24	0.02165	0.04643	0.07385	0.01499	0.01941	0.28410	0.01249	0.24157	0.08096	0.04613	0.01666	0.01820	0.03907	0.04625	0.00767	0.00212	0.00872	0.00579	0.00490	0.00903
25	0.00944	0.00691	0.00984	0.00984	0.01075	0.00782	0.00730	0.01128	0.01036	0.01473	0.01831	0.02964	0.01810	0.20701	0.58715	0.00966	0.01517	0.00761	0.00363	0.00546
26	0.01524	0.01718	0.03703	0.09667	0.03545	0.01646	0.63851	0.02068	0.01531	0.02068	0.01316	0.01774	0.00987	0.00565	0.00766	0.00222	0.01088	0.00759	0.00329	0.00873
27	0.00842	0.00631	0.00782	0.00826	0.00949	0.00570	0.00588	0.01039	0.01532	0.02045	0.28795	0.34372	0.21193	0.01714	0.00803	0.00235	0.00345	0.01515	0.00652	0.00570
28	0.01607	0.01541	0.02631	0.08194	0.68780	0.01558	0.02009	0.02001	0.01488	0.02123	0.01234	0.01637	0.01033	0.00591	0.00652	0.00197	0.00788	0.00586	0.00324	0.01025
29	0.01365	0.01170	0.01365	0.00975	0.01560	0.00878	0.00780	0.01658	0.01365	0.02145	0.01170	0.01365	0.00975	0.00488	0.00488	0.00098	0.00488	0.00390	0.00390	0.80888
30	0.00802	0.00573	0.00764	0.00917	0.00955	0.00535	0.00611	0.00917	0.01260	0.01681	0.03628	0.76434	0.04354	0.02062	0.00840	0.00267	0.00382	0.01872	0.00611	0.00535
31	0.01629	0.01564	0.02672	0.04041	0.72757	0.01564	0.02020	0.02020	0.01499	0.02151	0.01238	0.01629	0.01043	0.00587	0.00652	0.00196	0.00782	0.00587	0.00326	0.01043
32	0.01533	0.01466	0.02498	0.21803	0.55748	0.01539	0.01973	0.01936	0.01453	0.02034	0.01221	0.01661	0.01002	0.00604	0.00653	0.00201	0.00806	0.00586	0.00318	0.00965
33	0.02503	0.01844	0.01976	0.01515	0.02042	0.02042	0.01251	0.70562	0.03095	0.04149	0.01581	0.01581	0.01120	0.00790	0.00659	0.00198	0.00724	0.00593	0.00659	0.01120
34	0.00818	0.00663	0.00726	0.00721	0.00917	0.00571	0.00537	0.01018	0.01579	0.01991	0.23115	0.09839	0.51987	0.01608	0.00781	0.00221	0.00330	0.01366	0.00640	0.00571
35	0.17600	0.11666	0.35767	0.01696	0.07699	0.01612	0.04211	0.01989	0.01334	0.02212	0.01160	0.01386	0.00889	0.00631	0.00589	0.00197	0.02547	0.00472	0.05465	0.00878
36	0.01119	0.00676	0.00844	0.00860	0.00974	0.00626	0.00585	0.01239	0.01323	0.10526	0.08405	0.34407	0.10950	0.22613	0.01505	0.00353	0.00465	0.01366	0.00586	0.00578
37	0.66239	0.01487	0.06723	0.01010	0.01475	0.01519	0.00902	0.08161	0.01338	0.04697	0.01038	0.01169	0.00781	0.00633	0.00453	0.00204	0.00566	0.00395	0.00430	0.00780
38	0.00784	0.00667	0.00675	0.00673	0.00893	0.00558	0.00505	0.00956	0.01515	0.01812	0.09214	0.06281	0.69924	0.01655	0.00778	0.00222	0.00333	0.01382	0.00616	0.00558
39	0.00940	0.00705	0.01058	0.01058	0.01176	0.00823	0.00823	0.01176	0.01058	0.01528	0.01763	0.02586	0.01646	0.04937	0.74255	0.01058	0.01763	0.00705	0.00353	0.00588
40	0.01550	0.01483	0.02528	0.18746	0.58675	0.01543	0.01981	0.01951	0.01461	0.02054	0.01224	0.01655	0.01009	0.00601	0.00653	0.00200	0.00802	0.00586	0.00319	0.00978
41	0.01484	0.01416	0.02409	0.30881	0.47054	0.01526	0.01948	0.01893	0.01430	0.01974	0.01213	0.01677	0.00981	0.00614	0.00654	0.00205	0.00818	0.00586	0.00313	0.00925
42	0.01127	0.00977	0.01472	0.01247	0.01515	0.00916	0.10931	0.01360	0.01331	0.01886	0.07177	0.27848	0.02714	0.08446	0.01080	0.00253	0.06121	0.03095	0.00481	0.20024
43	0.05412	0.04999	0.02201	0.08504	0.39773	0.01574	0.01614	0.02304	0.18184	0.02258	0.01670	0.02102	0.01387	0.00733	0.00648	0.00208	0.00701	0.04334	0.00423	0.00969
44	0.11984	0.06675	0.05791	0.01392	0.01847	0.10545	0.02699	0.21247	0.21836	0.02841	0.01853	0.03691	0.03174	0.00809	0.00616	0.00202	0.00698	0.00621	0.00536	0.00943
45	0.04451	0.04385	0.01668	0.01314	0.01740	0.07551	0.01061	0.35517	0.15623	0.03132	0.02589	0.02511	0.13716	0.00940	0.00660	0.00203	0.00647	0.00731	0.00605	0.00955
46	0.03834	0.01350	0.01218	0.01109	0.01371	0.16234	0.00845	0.08202	0.01823	0.06310	0.25589	0.13133	0.09398	0.01207	0.00712	0.00206	0.00579	0.02742	0.00594	0.03546
47	0.06263	0.39019	0.04976	0.01251	0.01710	0.12993	0.01130	0.05333	0.07583	0.01928	0.03847	0.01594	0.03245	0.00873	0.03457	0.00206	0.02890	0.00493	0.00377	0.00830
48	0.14152	0.25254	0.08575	0.03466	0.01792	0.03564	0.01122	0.05290	0.08692	0.07001	0.01578	0.01648	0.04395	0.00686	0.00527	0.00174	0.00645	0.00500	0.00425	0.10513
49	0.04068	0.09023	0.02308	0.01737	0.03933	0.14206	0.12348	0.14311	0.08059	0.10460	0.01467	0.01617	0.01117	0.00766	0.00854	0.00207	0.11550	0.00584	0.00466	0.00919

[dist]
# distance from previous block
# <min> <max>
0	24

[block]
# block no. 1 follows, 33 sequences, length 18
# corresponding to MSA columns:
# 74-91
name=unknown_B
#
# <colnr> <probs for GDERKNQSTAVLIFYWHMCP>
#	G	D	E	R	K	N	Q	S	T	A	V	L	I	F	Y	W	H	M	C	P
0	0.05584	0.01966	0.09315	0.01407	0.01855	0.19448	0.01211	0.07900	0.19239	0.08699	0.02007	0.02309	0.03580	0.00851	0.00642	0.00201	0.00753	0.05991	0.00519	0.06523
1	0.08752	0.01354	0.01553	0.01190	0.01700	0.01295	0.03547	0.17443	0.09411	0.04252	0.03466	0.01704	0.01290	0.02271	0.00623	0.00165	0.00570	0.00527	0.00499	0.38389
2	0.05184	0.01639	0.02019	0.01593	0.02061	0.08498	0.13267	0.22427	0.10658	0.16685	0.01954	0.07713	0.01522	0.00849	0.00680	0.00209	0.00744	0.00733	0.00589	0.00974
3	0.00868	0.00656	0.00801	0.00794	0.00952	0.00589	0.00584	0.01107	0.01669	0.02247	0.43077	0.15848	0.25314	0.01545	0.00786	0.00220	0.00328	0.01349	0.00675	0.00589
4	0.01539	0.01597	0.02028	0.07725	0.08156	0.09774	0.01486	0.01730	0.01174	0.01646	0.00995	0.03013	0.00952	0.01031	0.01712	0.00261	0.53539	0.00588	0.00304	0.00750
5	0.00797	0.00652	0.00719	0.00748	0.00927	0.00575	0.00549	0.00960	0.01417	0.01738	0.05666	0.19279	0.53419	0.02027	0.07192	0.00304	0.00467	0.01421	0.00589	0.00555
6	0.10915	0.01567	0.12958	0.01250	0.01787	0.01242	0.01167	0.13810	0.01886	0.33804	0.04415	0.02337	0.08247	0.00855	0.00642	0.00205	0.00619	0.00674	0.00636	0.00984
7	0.01959	0.01616	0.03805	0.01314	0.01851	0.08301	0.03563	0.18030	0.07436	0.11512	0.01555	0.01610	0.01157	0.00655	0.00588	0.00159	0.00658	0.00519	0.00517	0.33195
8	0.01842	0.68575	0.03264	0.01193	0.01730	0.10996	0.01143	0.02048	0.01400	0.01556	0.00927	0.01071	0.00845	0.00577	0.00442	0.00144	0.00761	0.00360	0.00288	0.00835
9	0.01812	0.07246	0.01510	0.01161	0.01544	0.01335	0.00933	0.02814	0.34463	0.19918	0.10503	0.02932	0.09042	0.00971	0.00670	0.00210	0.00504	0.00803	0.00675	0.00953
10	0.01662	0.01438	0.02301	0.16703	0.41371	0.01511	0.03673	0.02283	0.12296	0.07860	0.01559	0.01834	0.01207	0.00665	0.00660	0.00206	0.00751	0.00622	0.00412	0.00986
11	0.02125	0.08873	0.01813	0.01322	0.01749	0.13109	0.01079	0.06518	0.11239	0.21609	0.01709	0.01717	0.01259	0.00761	0.00763	0.00186	0.08854	0.00547	0.00531	0.14240
12	0.01367	0.00965	0.01093	0.01066	0.01235	0.06576	0.00794	0.01534	0.01460	0.13987	0.07430	0.37964	0.10834	0.01569	0.00896	0.00243	0.07030	0.02675	0.00603	0.00678
13	0.00866	0.00626	0.00846	0.00963	0.01042	0.00606	0.00701	0.01040	0.01337	0.01791	0.08957	0.50527	0.06209	0.02231	0.07887	0.00343	0.00543	0.12333	0.00595	0.00559
14	0.02047	0.32754	0.02346	0.01234	0.01699	0.10967	0.01073	0.11633	0.04963	0.14003	0.09603	0.01849	0.01683	0.00755	0.00568	0.00174	0.00690	0.00560	0.00498	0.00901
15	0.01092	0.01243	0.12763	0.01414	0.08277	0.00950	0.01120	0.01394	0.01212	0.01749	0.01891	0.14587	0.01897	0.08873	0.29239	0.00568	0.01080	0.00839	0.00389	0.09423
16	0.01813	0.01089	0.01320	0.01185	0.03488	0.01078	0.00872	0.02502	0.22569	0.23840	0.02475	0.10623	0.02084	0.13115	0.01097	0.00276	0.00541	0.00838	0.00628	0.08567
17	0.01612	0.22330	0.02044	0.13074	0.02074	0.09814	0.01143	0.07554	0.14822	0.02046	0.02146	0.08654	0.08275	0.00910	0.00616	0.00196	0.00689	0.00724	0.00454	0.00822

[dist]
# distance from previous block
# <min> <max>
2	68

[block]
# block no. 2 follows, 33 sequences, length 38
# corresponding to MSA columns:
# 170-207
name=unknown_C
#
# <colnr> <probs for GDERKNQSTAVLIFYWHMCP>
#	G	D	E	R	K	N	Q	S	T	A	V	L	I	F	Y	W	H	M	C	P
0	0.07999	0.01467	0.02694	0.02204	0.09152	0.01417	0.36485	0.06218	0.01618	0.07957	0.04876	0.09608	0.03545	0.00816	0.00726	0.00219	0.00833	0.00851	0.00450	0.00865
1	0.02261	0.08798	0.01931	0.01392	0.01868	0.04024	0.01148	0.40780	0.14040	0.10780	0.01879	0.04989	0.01428	0.00840	0.00644	0.00199	0.00670	0.00653	0.00630	0.01045
2	0.01507	0.01536	0.02839	0.06357	0.15261	0.01465	0.34543	0.02077	0.07091	0.02146	0.01465	0.01938	0.01178	0.00627	0.00695	0.00199	0.00867	0.03119	0.00376	0.14714
3	0.01639	0.13340	0.34481	0.01695	0.02409	0.11694	0.07244	0.05561	0.05775	0.02092	0.01242	0.01417	0.00947	0.00632	0.00598	0.00186	0.00897	0.00495	0.00343	0.07314
4	0.05951	0.00895	0.01030	0.01007	0.03863	0.00849	0.00726	0.04135	0.07174	0.05179	0.16790	0.14222	0.25675	0.01318	0.00715	0.00210	0.00417	0.01122	0.00604	0.08117
5	0.01621	0.01633	0.13891	0.01211	0.01850	0.01137	0.01137	0.10132	0.01619	0.08053	0.01335	0.01465	0.01020	0.00574	0.00546	0.00137	0.00606	0.00453	0.00437	0.51145
6	0.00807	0.00576	0.00768	0.00913	0.00956	0.00538	0.00611	0.00928	0.01282	0.01715	0.06094	0.73871	0.04421	0.02037	0.00838	0.00265	0.00379	0.01847	0.00615	0.00538
7	0.01539	0.09860	0.02671	0.28928	0.07353	0.04019	0.19945	0.06023	0.01494	0.01960	0.01185	0.01612	0.00931	0.00659	0.00777	0.00209	0.06879	0.00600	0.00330	0.03027
8	0.01524	0.25001	0.22837	0.01709	0.10134	0.01806	0.01559	0.02259	0.15689	0.02088	0.05007	0.01957	0.01487	0.00741	0.00595	0.00193	0.00730	0.03361	0.00400	0.00924
9	0.01417	0.01348	0.02289	0.43210	0.35247	0.01508	0.01915	0.01834	0.01399	0.01893	0.01201	0.01699	0.00952	0.00626	0.00655	0.00209	0.00835	0.00586	0.00308	0.00872
10	0.00802	0.00573	0.00764	0.00917	0.00955	0.00535	0.00611	0.00917	0.01260	0.01681	0.03628	0.76434	0.04354	0.02062	0.00840	0.00267	0.00382	0.01872	0.00611	0.00535
11	0.01790	0.14421	0.04431	0.01234	0.01674	0.01499	0.03632	0.09327	0.20212	0.14814	0.08195	0.02741	0.11393	0.00930	0.00650	0.00201	0.00577	0.00761	0.00597	0.00922
12	0.05521	0.03486	0.02446	0.01915	0.06569	0.01397	0.25115	0.06005	0.05759	0.29316	0.01944	0.02122	0.01387	0.00734	0.00693	0.00212	0.00774	0.03054	0.00563	0.00988
13	0.02293	0.01871	0.06514	0.01689	0.02256	0.01880	0.11104	0.50418	0.05108	0.07734	0.01619	0.01666	0.01146	0.00752	0.00674	0.00203	0.00777	0.00622	0.00599	0.01075
14	0.75108	0.01443	0.06758	0.00946	0.01399	0.01481	0.00850	0.01947	0.01142	0.02884	0.00938	0.01095	0.00723	0.00612	0.00425	0.00204	0.00546	0.00367	0.00397	0.00734
15	0.00915	0.00625	0.00751	0.00792	0.00809	0.00622	0.00481	0.00960	0.01044	0.01400	0.02470	0.23457	0.02872	0.52559	0.06956	0.00565	0.00638	0.01186	0.00453	0.00447
16	0.01529	0.01527	0.08334	0.01621	0.09323	0.01493	0.01228	0.04427	0.46872	0.02596	0.07980	0.06079	0.02226	0.00926	0.00680	0.00219	0.00573	0.00791	0.00597	0.00979
17	0.01105	0.00963	0.01606	0.07689	0.14995	0.00954	0.09023	0.01367	0.01370	0.01848	0.02707	0.40782	0.03014	0.01476	0.00790	0.00249	0.00603	0.08265	0.00500	0.00693
18	0.00932	0.00673	0.00880	0.00828	0.00984	0.00621	0.00621	0.01242	0.01863	0.02640	0.72410	0.04918	0.06212	0.01346	0.00776	0.00207	0.00311	0.01191	0.00725	0.00621
19	0.01650	0.01588	0.05980	0.03028	0.42615	0.01496	0.09291	0.07870	0.04934	0.05031	0.01769	0.05590	0.04647	0.00749	0.00681	0.00206	0.00761	0.00715	0.00415	0.00984
20	0.01529	0.01182	0.01293	0.10313	0.01644	0.11211	0.00920	0.10889	0.01367	0.01693	0.01190	0.01798	0.01066	0.01651	0.01792	0.48319	0.00717	0.00556	0.00346	0.00524
21	0.00944	0.00783	0.00868	0.00878	0.01040	0.04228	0.00657	0.01162	0.01552	0.02013	0.26019	0.17177	0.26004	0.01901	0.07721	0.00306	0.00526	0.05023	0.00609	0.00589
22	0.81514	0.01273	0.00968	0.00866	0.01273	0.01477	0.00713	0.01935	0.01120	0.02954	0.00917	0.01069	0.00713	0.00611	0.00407	0.00204	0.00509	0.00356	0.00407	0.00713
23	0.01707	0.01734	0.01806	0.04198	0.01890	0.16277	0.03377	0.06787	0.18070	0.02120	0.05503	0.02022	0.03960	0.00964	0.01174	0.00232	0.26248	0.00655	0.00450	0.00826
24	0.00849	0.00662	0.00771	0.00759	0.00937	0.00584	0.00564	0.01076	0.01645	0.02158	0.36022	0.11297	0.37210	0.01554	0.00782	0.00219	0.00327	0.01338	0.00662	0.00584
25	0.04726	0.03529	0.07919	0.04311	0.02310	0.05138	0.15567	0.20769	0.01920	0.09540	0.01445	0.01631	0.01071	0.00831	0.03363	0.00223	0.03162	0.00584	0.00471	0.11489
26	0.71197	0.01444	0.01073	0.00955	0.01360	0.08324	0.00775	0.02047	0.01218	0.05381	0.00987	0.01123	0.00759	0.00625	0.00434	0.00200	0.00575	0.00374	0.00416	0.00733
27	0.02405	0.09003	0.01997	0.01643	0.02008	0.65410	0.01259	0.05484	0.01876	0.01715	0.01034	0.01194	0.00859	0.00674	0.00583	0.00168	0.01129	0.00425	0.00348	0.00785
28	0.01515	0.10050	0.25378	0.01982	0.16153	0.07463	0.01646	0.02178	0.11829	0.02098	0.07117	0.02002	0.01575	0.05310	0.00790	0.00224	0.00784	0.00610	0.00394	0.00904
29	0.01001	0.00768	0.00997	0.05661	0.01363	0.00785	0.00848	0.01368	0.08001	0.01883	0.05431	0.26811	0.12012	0.05769	0.03286	0.00309	0.00545	0.21966	0.00579	0.00616
30	0.01189	0.01140	0.05900	0.01309	0.03437	0.01074	0.06413	0.03346	0.12251	0.02308	0.27970	0.03499	0.07200	0.01735	0.12665	0.00355	0.04414	0.02494	0.00555	0.00747
31	0.01691	0.02097	0.19733	0.02335	0.03049	0.01591	0.43682	0.06490	0.01643	0.08941	0.01432	0.01718	0.01028	0.00611	0.00723	0.00216	0.01002	0.00687	0.00386	0.00944
32	0.67280	0.06100	0.07979	0.00996	0.01465	0.03257	0.00913	0.01968	0.01176	0.02755	0.00944	0.01102	0.00735	0.00611	0.00433	0.00200	0.00581	0.00370	0.00386	0.00747
33	0.01752	0.08060	0.03393	0.01257	0.01622	0.06819	0.01024	0.22130	0.14153	0.04974	0.14488	0.12833	0.02594	0.01055	0.00681	0.00207	0.00601	0.00871	0.00605	0.00882
34	0.00834	0.00617	0.00754	0.00839	0.00929	0.00567	0.00578	0.00965	0.01324	0.01717	0.07771	0.43637	0.20775	0.11232	0.01137	0.00301	0.00408	0.04495	0.00590	0.00531
35	0.01528	0.16908	0.28788	0.01861	0.06645	0.01734	0.11476	0.05519	0.08946	0.02151	0.01517	0.01999	0.01247	0.00733	0.00638	0.00205	0.00839	0.05963	0.00376	0.00925
36	0.01582	0.01066	0.01177	0.01021	0.01296	0.06702	0.00794	0.08258	0.01968	0.16142	0.43825	0.03855	0.07310	0.01153	0.00729	0.00203	0.00468	0.00981	0.00700	0.00772
37	0.01497	0.16446	0.13774	0.08428	0.26653	0.01653	0.01661	0.02045	0.08071	0.02059	0.05726	0.02121	0.01528	0.00744	0.00628	0.00199	0.00742	0.04727	0.00381	0.00915

[dist]
# distance from previous block
# <min> <max>
0	12

[block]
# block no. 3 follows, 33 sequences, length 32
# corresponding to MSA columns:
# 220-251
name=unknown_D
#
# <colnr> <probs for GDERKNQSTAVLIFYWHMCP>
#	G	D	E	R	K	N	Q	S	T	A	V	L	I	F	Y	W	H	M	C	P
0	0.01694	0.14033	0.29323	0.01884	0.10427	0.12405	0.01739	0.05450	0.12785	0.02141	0.01381	0.01516	0.01063	0.00670	0.00601	0.00193	0.00858	0.00514	0.00373	0.00948
1	0.01738	0.60449	0.09311	0.01224	0.01786	0.05429	0.01227	0.05057	0.01440	0.01722	0.01107	0.04835	0.01030	0.00658	0.00479	0.00157	0.00733	0.00453	0.00317	0.00850
2	0.12105	0.00856	0.01025	0.00978	0.01153	0.00959	0.00745	0.07065	0.01259	0.01994	0.01781	0.05363	0.01686	0.13563	0.38823	0.00701	0.01167	0.00720	0.07435	0.00623
3	0.00940	0.00705	0.01058	0.01058	0.01176	0.00823	0.00823	0.01176	0.01058	0.01528	0.01763	0.02586	0.01646	0.04937	0.74255	0.01058	0.01763	0.00705	0.00353	0.00588
4	0.00942	0.00698	0.01019	0.01019	0.01123	0.00802	0.00774	0.01150	0.01046	0.01499	0.01799	0.02786	0.01732	0.13264	0.66047	0.01009	0.01633	0.00735	0.00358	0.00566
5	0.02702	0.01068	0.01428	0.01113	0.01589	0.00920	0.00913	0.02946	0.01840	0.64944	0.03069	0.02715	0.09832	0.00913	0.00675	0.00206	0.00534	0.00746	0.00791	0.01055
6	0.00957	0.00638	0.00718	0.00718	0.00718	0.00638	0.00399	0.00957	0.00957	0.01276	0.02074	0.04308	0.02393	0.76864	0.03351	0.00638	0.00638	0.00957	0.00399	0.00399
7	0.00834	0.00669	0.00744	0.00725	0.00923	0.00579	0.00544	0.01052	0.01632	0.02089	0.30403	0.05824	0.48563	0.01551	0.00777	0.00217	0.00325	0.01318	0.00652	0.00579
8	0.00818	0.00588	0.00750	0.00872	0.00922	0.00548	0.00577	0.00924	0.01246	0.01642	0.03707	0.62116	0.09929	0.10688	0.01126	0.00306	0.00407	0.01725	0.00587	0.00521
9	0.01841	0.68680	0.03266	0.01192	0.01730	0.10895	0.01143	0.02047	0.01399	0.01556	0.00927	0.01071	0.00845	0.00577	0.00442	0.00144	0.00760	0.00360	0.00288	0.00835
10	0.02459	0.03138	0.01866	0.01696	0.02035	0.74221	0.01272	0.02629	0.01866	0.01611	0.01018	0.01187	0.00848	0.00678	0.00594	0.00170	0.01187	0.00424	0.00339	0.00763
11	0.01718	0.01454	0.01534	0.01356	0.01743	0.01675	0.01061	0.09742	0.65193	0.02884	0.02577	0.02375	0.01927	0.00884	0.00669	0.00221	0.00540	0.00730	0.00669	0.01049
12	0.02164	0.01302	0.01531	0.01257	0.01661	0.01352	0.01009	0.28014	0.08295	0.23947	0.02427	0.10787	0.04513	0.01341	0.06959	0.00284	0.00692	0.00815	0.00673	0.00978
13	0.02541	0.01782	0.01938	0.01485	0.02011	0.01950	0.01227	0.64820	0.02992	0.10036	0.01667	0.01637	0.01163	0.00792	0.00659	0.00198	0.00710	0.00599	0.00672	0.01120
14	0.01629	0.01564	0.02672	0.04041	0.72757	0.01564	0.02020	0.02020	0.01499	0.02151	0.01238	0.01629	0.01043	0.00587	0.00652	0.00196	0.00782	0.00587	0.00326	0.01043
15	0.02168	0.02536	0.01994	0.01796	0.04807	0.46701	0.07311	0.04991	0.17212	0.02011	0.01438	0.01548	0.01133	0.00715	0.00631	0.00188	0.01003	0.00537	0.00421	0.00858
16	0.01733	0.00905	0.01151	0.00983	0.01297	0.00832	0.00774	0.02142	0.07944	0.28967	0.32551	0.03864	0.11800	0.01145	0.00724	0.00209	0.00425	0.00977	0.00740	0.00837
17	0.01596	0.01530	0.02611	0.10261	0.66800	0.01555	0.02004	0.01991	0.01483	0.02110	0.01232	0.01640	0.01028	0.00593	0.00652	0.00198	0.00790	0.00586	0.00323	0.01016
18	0.01615	0.01550	0.02647	0.06653	0.70255	0.01560	0.02013	0.02008	0.01492	0.02134	0.01236	0.01634	0.01037	0.00589	0.00652	0.00196	0.00786	0.00587	0.00325	0.01031
19	0.01615	0.01550	0.02646	0.06692	0.70218	0.01560	0.02013	0.02008	0.01492	0.02133	0.01236	0.01634	0.01037	0.00589	0.00652	0.00196	0.00786	0.00587	0.00325	0.01031
20	0.00908	0.00703	0.00769	0.00746	0.00950	0.00637	0.00561	0.01218	0.05230	0.02148	0.25863	0.05367	0.42667	0.01451	0.00744	0.00212	0.00334	0.01228	0.07658	0.00606
21	0.00802	0.00573	0.00764	0.00917	0.00955	0.00535	0.00611	0.00917	0.01260	0.01681	0.03628	0.76434	0.04354	0.02062	0.00840	0.00267	0.00382	0.01872	0.00611	0.00535
22	0.00935	0.00633	0.00741	0.00762	0.00773	0.00633	0.00449	0.00963	0.01004	0.01344	0.02271	0.14081	0.02624	0.63090	0.06508	0.00608	0.00659	0.01070	0.00426	0.00427
23	0.10763	0.02463	0.01868	0.01756	0.07885	0.41142	0.01270	0.20663	0.02085	0.02477	0.01176	0.01317	0.00923	0.00693	0.00596	0.00183	0.00958	0.00476	0.00431	0.00877
24	0.02173	0.00956	0.01286	0.01074	0.01448	0.00845	0.00878	0.02442	0.01818	0.45604	0.18567	0.03644	0.06405	0.01092	0.00722	0.00217	0.00498	0.08649	0.00760	0.00921
25	0.06349	0.01869	0.09493	0.01703	0.08313	0.01787	0.01383	0.45682	0.02528	0.11991	0.01597	0.01618	0.01123	0.00749	0.00642	0.00200	0.00725	0.00577	0.00595	0.01077
26	0.01272	0.01009	0.01031	0.00967	0.01184	0.08483	0.00726	0.01620	0.06398	0.08288	0.35363	0.12645	0.15778	0.01336	0.00748	0.00213	0.00451	0.01147	0.00656	0.00686
27	0.01181	0.01108	0.01586	0.04413	0.14305	0.04279	0.08998	0.01532	0.03924	0.02110	0.20342	0.07547	0.23661	0.01178	0.00742	0.00214	0.00566	0.01055	0.00533	0.00728
28	0.04301	0.06344	0.02012	0.11282	0.03926	0.17530	0.04405	0.11673	0.09079	0.02209	0.01291	0.01532	0.01033	0.00756	0.00853	0.00201	0.12755	0.00537	0.00407	0.07876
29	0.12320	0.17079	0.02262	0.01601	0.07231	0.04097	0.10985	0.07592	0.04718	0.02320	0.09435	0.01818	0.01575	0.00731	0.00690	0.00188	0.05760	0.00587	0.00422	0.08590
30	0.12986	0.22937	0.04362	0.05147	0.10019	0.05453	0.01189	0.04838	0.03208	0.14893	0.05621	0.01681	0.01354	0.00691	0.00555	0.00181	0.00669	0.00524	0.00456	0.03237
31	0.01616	0.11184	0.09681	0.01657	0.10004	0.09970	0.03912	0.06868	0.04744	0.03782	0.06894	0.04144	0.04605	0.04930	0.00843	0.00212	0.04423	0.00657	0.00427	0.09447

[dist]
# distance from previous block
# <min> <max>
2	110

[block]
# block no. 4 follows, 33 sequences, length 115
# corresponding to MSA columns:
# 363-477
name=unknown_E
#
# <colnr> <probs for GDERKNQSTAVLIFYWHMCP>
#	G	D	E	R	K	N	Q	S	T	A	V	L	I	F	Y	W	H	M	C	P
0	0.07002	0.01284	0.01553	0.11183	0.01995	0.03893	0.03740	0.17629	0.01802	0.10850	0.04217	0.12421	0.01800	0.06151	0.00837	0.00229	0.00644	0.00783	0.00529	0.11459
1	0.03957	0.01429	0.01630	0.01471	0.06966	0.06049	0.03664	0.18606	0.11524	0.02751	0.13682	0.05164	0.02182	0.00972	0.02670	0.00210	0.00642	0.00721	0.00548	0.15162
2	0.01863	0.04377	0.01908	0.03475	0.03910	0.04082	0.05869	0.25004	0.11414	0.06044	0.01854	0.08749	0.01598	0.03119	0.00929	0.00230	0.09457	0.02601	0.00538	0.02977
3	0.01585	0.01347	0.01677	0.11989	0.04301	0.05072	0.04643	0.13613	0.11650	0.04395	0.01959	0.07721	0.04201	0.01358	0.09492	0.00303	0.02441	0.00731	0.00485	0.11036
4	0.01840	0.01842	0.06681	0.03889	0.06639	0.07078	0.21462	0.21567	0.09703	0.02713	0.03101	0.03544	0.01315	0.00726	0.00685	0.00203	0.00842	0.00677	0.00476	0.05017
5	0.04855	0.01701	0.02408	0.19216	0.11553	0.09562	0.16532	0.14200	0.01768	0.05666	0.01310	0.01631	0.00992	0.00686	0.00751	0.00210	0.05057	0.00605	0.00404	0.00893
6	0.01948	0.34897	0.07464	0.01375	0.04505	0.02014	0.01224	0.18886	0.05132	0.09078	0.01643	0.03931	0.03755	0.00750	0.00563	0.00178	0.00685	0.00561	0.00466	0.00944
7	0.06625	0.14799	0.14783	0.01557	0.02103	0.03736	0.11207	0.09551	0.10883	0.04794	0.01881	0.02383	0.04131	0.00832	0.00645	0.00209	0.00760	0.07775	0.00455	0.00892
8	0.01078	0.09134	0.01177	0.00940	0.01139	0.00838	0.00713	0.01274	0.01445	0.04669	0.17403	0.38770	0.06036	0.01535	0.00742	0.00223	0.00426	0.03890	0.00586	0.07983
9	0.00928	0.00689	0.00861	0.00911	0.00962	0.00708	0.00614	0.01091	0.03955	0.01653	0.06856	0.40740	0.06178	0.24119	0.01657	0.00372	0.05220	0.01418	0.00536	0.00532
10	0.01502	0.09620	0.01946	0.38762	0.03093	0.01583	0.01430	0.13482	0.06530	0.02232	0.07126	0.02201	0.01557	0.03421	0.00743	0.00223	0.00746	0.02568	0.00427	0.00807
11	0.00899	0.00648	0.00851	0.00850	0.00976	0.00600	0.00619	0.01161	0.01713	0.02400	0.55221	0.22790	0.05747	0.01525	0.00792	0.00222	0.00328	0.01361	0.00696	0.00600
12	0.39090	0.06985	0.04591	0.02189	0.29476	0.01611	0.01337	0.03906	0.01351	0.02537	0.01072	0.01315	0.00868	0.00604	0.00520	0.00196	0.00654	0.00458	0.00368	0.00873
13	0.01644	0.01882	0.03308	0.10667	0.05300	0.11688	0.49367	0.02117	0.01554	0.01979	0.01255	0.01679	0.00962	0.00601	0.00773	0.00216	0.03132	0.00696	0.00328	0.00853
14	0.72803	0.01336	0.01079	0.00937	0.01358	0.01539	0.00772	0.09501	0.01338	0.03085	0.00990	0.01126	0.00758	0.00631	0.00435	0.00203	0.00533	0.00383	0.00435	0.00758
15	0.01268	0.01195	0.02019	0.70774	0.08850	0.01469	0.01840	0.01703	0.01328	0.01712	0.01174	0.01747	0.00888	0.00654	0.00658	0.00218	0.00872	0.00585	0.00295	0.00751
16	0.05992	0.00730	0.00942	0.00935	0.01101	0.00789	0.00725	0.01158	0.01187	0.01689	0.03097	0.03550	0.21617	0.03739	0.48809	0.00768	0.01280	0.00877	0.00429	0.00587
17	0.00817	0.00588	0.00751	0.00875	0.00924	0.00548	0.00579	0.00923	0.01246	0.01644	0.03700	0.62885	0.09578	0.10278	0.01112	0.00305	0.00406	0.01732	0.00588	0.00521
18	0.01546	0.01832	0.06301	0.02743	0.03420	0.01660	0.68007	0.02108	0.01548	0.02108	0.01327	0.01762	0.00993	0.00557	0.00772	0.00222	0.01105	0.00767	0.00331	0.00891
19	0.81514	0.01273	0.00968	0.00866	0.01273	0.01477	0.00713	0.01935	0.01120	0.02954	0.00917	0.01069	0.00713	0.00611	0.00407	0.00204	0.00509	0.00356	0.00407	0.00713
20	0.00942	0.00699	0.01025	0.01025	0.01131	0.00805	0.00782	0.01154	0.01048	0.01504	0.01794	0.02754	0.01718	0.11925	0.67366	0.01017	0.01654	0.00730	0.00357	0.00569
21	0.00827	0.00594	0.00789	0.00930	0.00986	0.00556	0.00644	0.00965	0.01310	0.01743	0.06395	0.66434	0.06163	0.02005	0.00842	0.00267	0.00395	0.06997	0.00615	0.00544
22	0.00985	0.00706	0.00893	0.00973	0.01060	0.00699	0.00681	0.07066	0.01402	0.01872	0.03238	0.56753	0.03771	0.08961	0.03333	0.00322	0.00492	0.05626	0.00587	0.00579
23	0.01629	0.01564	0.02672	0.04041	0.72757	0.01564	0.02020	0.02020	0.01499	0.02151	0.01238	0.01629	0.01043	0.00587	0.00652	0.00196	0.00782	0.00587	0.00326	0.01043
24	0.01615	0.01549	0.02646	0.06747	0.70165	0.01560	0.02013	0.02008	0.01492	0.02133	0.01236	0.01634	0.01037	0.00589	0.00652	0.00196	0.00786	0.00587	0.00325	0.01031
25	0.01286	0.01214	0.02051	0.67427	0.12056	0.01474	0.01849	0.01719	0.01337	0.01734	0.01178	0.01741	0.00896	0.00650	0.00657	0.00217	0.00867	0.00585	0.00296	0.00766
26	0.01243	0.01170	0.01975	0.75282	0.04534	0.01463	0.01828	0.01682	0.01316	0.01682	0.01170	0.01755	0.00878	0.00658	0.00658	0.00219	0.00878	0.00585	0.00293	0.00731
27	0.01629	0.01564	0.02672	0.04041	0.72757	0.01564	0.02020	0.02020	0.01499	0.02151	0.01238	0.01629	0.01043	0.00587	0.00652	0.00196	0.00782	0.00587	0.00326	0.01043
28	0.01459	0.01391	0.02365	0.35411	0.42716	0.01519	0.01936	0.01871	0.01419	0.01944	0.01208	0.01685	0.00970	0.00618	0.00655	0.00206	0.00824	0.00586	0.00311	0.00906
29	0.00846	0.00633	0.00850	0.00973	0.01008	0.00637	0.00668	0.00963	0.01243	0.01674	0.03438	0.71265	0.04114	0.02000	0.00931	0.00269	0.05571	0.01782	0.00589	0.00548
30	0.01554	0.01776	0.03885	0.02775	0.03441	0.01665	0.70366	0.02109	0.01554	0.02109	0.01332	0.01776	0.00999	0.00555	0.00777	0.00222	0.01110	0.00777	0.00333	0.00888
31	0.81514	0.01273	0.00968	0.00866	0.01273	0.01477	0.00713	0.01935	0.01120	0.02954	0.00917	0.01069	0.00713	0.00611	0.00407	0.00204	0.00509	0.00356	0.00407	0.00713
32	0.00957	0.00638	0.00718	0.00718	0.00718	0.00638	0.00399	0.00957	0.00957	0.01276	0.02074	0.04308	0.02393	0.76864	0.03351	0.00638	0.00638	0.00957	0.00399	0.00399
33	0.01606	0.01490	0.02252	0.08041	0.45769	0.01580	0.01700	0.02462	0.23523	0.02309	0.01687	0.01898	0.01336	0.00688	0.00658	0.00206	0.00706	0.00636	0.00432	0.01021
34	0.01551	0.01484	0.02530	0.18584	0.58830	0.01543	0.01981	0.01951	0.01462	0.02055	0.01224	0.01655	0.01009	0.00601	0.00653	0.00200	0.00802	0.00586	0.00319	0.00979
35	0.01243	0.01170	0.01975	0.75282	0.04534	0.01463	0.01828	0.01682	0.01316	0.01682	0.01170	0.01755	0.00878	0.00658	0.00658	0.00219	0.00878	0.00585	0.00293	0.00731
36	0.00957	0.00638	0.00718	0.00718	0.00718	0.00638	0.00399	0.00957	0.00957	0.01276	0.02074	0.04308	0.02393	0.76864	0.03351	0.00638	0.00638	0.00957	0.00399	0.00399
37	0.00957	0.00638	0.00718	0.00718	0.00718	0.00638	0.00399	0.00957	0.00957	0.01276	0.02074	0.04308	0.02393	0.76864	0.03351	0.00638	0.00638	0.00957	0.00399	0.00399
38	0.01874	0.01592	0.02089	0.02450	0.29723	0.01721	0.01485	0.21507	0.25052	0.02904	0.01809	0.01889	0.01383	0.00744	0.00660	0.00205	0.00680	0.00640	0.00532	0.01064
39	0.00802	0.00573	0.00764	0.00917	0.00955	0.00535	0.00611	0.00917	0.01260	0.01681	0.03628	0.76434	0.04354	0.02062	0.00840	0.00267	0.00382	0.01872	0.00611	0.00535
40	0.01760	0.77260	0.03450	0.01126	0.01690	0.02605	0.01126	0.01971	0.01338	0.01549	0.00915	0.01056	0.00845	0.00563	0.00422	0.00141	0.00704	0.00352	0.00282	0.00845
41	0.00908	0.00641	0.00775	0.00802	0.00852	0.00641	0.00516	0.00984	0.01086	0.01443	0.02802	0.16828	0.10342	0.43899	0.14097	0.00596	0.00742	0.01124	0.00452	0.00470
42	0.01510	0.01443	0.02457	0.25989	0.51739	0.01533	0.01961	0.01916	0.01443	0.02006	0.01217	0.01668	0.00992	0.00609	0.00654	0.00203	0.00812	0.00586	0.00316	0.00947
43	0.00942	0.00701	0.01037	0.01037	0.01147	0.00811	0.00796	0.01162	0.01052	0.01512	0.01783	0.02695	0.01693	0.09488	0.69769	0.01031	0.01692	0.00721	0.00356	0.00576
44	0.64194	0.01393	0.01284	0.01373	0.11558	0.03521	0.00941	0.05190	0.01288	0.02858	0.00997	0.01177	0.00783	0.00618	0.00459	0.00201	0.00577	0.00402	0.00406	0.00781
45	0.01679	0.01301	0.01402	0.01248	0.01618	0.01449	0.00975	0.03187	0.56607	0.09963	0.03111	0.02862	0.09741	0.00970	0.00681	0.00221	0.00504	0.00807	0.00678	0.00997
46	0.00814	0.00578	0.00760	0.00901	0.00936	0.00543	0.00595	0.00920	0.01237	0.01649	0.03508	0.70828	0.04202	0.07876	0.01035	0.00296	0.00402	0.01800	0.00595	0.00524
47	0.02396	0.01761	0.01889	0.01460	0.01950	0.01945	0.01193	0.65764	0.02948	0.03951	0.01615	0.01769	0.01207	0.06034	0.00844	0.00228	0.00718	0.00618	0.00641	0.01070
48	0.00940	0.00705	0.01058	0.01058	0.01176	0.00823	0.00823	0.01176	0.01058	0.01528	0.01763	0.02586	0.01646	0.04937	0.74255	0.01058	0.01763	0.00705	0.00353	0.00588
49	0.00940	0.00705	0.01058	0.01058	0.01176	0.00823	0.00823	0.01176	0.01058	0.01528	0.01763	0.02586	0.01646	0.04937	0.74255	0.01058	0.01763	0.00705	0.00353	0.00588
50	0.00843	0.00606	0.00808	0.00949	0.01014	0.00571	0.00674	0.00993	0.01325	0.01756	0.05838	0.61747	0.06617	0.01991	0.00846	0.00269	0.00411	0.11580	0.00614	0.00549
51	0.02465	0.02951	0.01881	0.01670	0.02036	0.63831	0.01269	0.12407	0.02043	0.01976	0.01099	0.01244	0.00887	0.00695	0.00603	0.00174	0.01121	0.00448	0.00385	0.00814
52	0.01691	0.29921	0.35176	0.01553	0.02283	0.07136	0.01748	0.09632	0.01593	0.02085	0.01118	0.01276	0.00870	0.00625	0.00553	0.00180	0.00864	0.00445	0.00326	0.00928
53	0.01421	0.01380	0.02096	0.11814	0.12627	0.01778	0.03660	0.01639	0.01134	0.01679	0.01010	0.01573	0.00928	0.01130	0.03670	0.03345	0.47475	0.00588	0.00297	0.00755
54	0.02406	0.02909	0.01836	0.01640	0.01996	0.63705	0.01243	0.10060	0.01988	0.01897	0.01276	0.01409	0.03366	0.00725	0.00607	0.00175	0.01107	0.00476	0.00384	0.00795
55	0.01788	0.01900	0.03008	0.03899	0.02862	0.12007	0.41594	0.11684	0.01787	0.02317	0.01300	0.01619	0.00989	0.00600	0.00700	0.00197	0.00993	0.00654	0.00385	0.09719
56	0.01445	0.01133	0.01278	0.01158	0.01455	0.01237	0.00903	0.05183	0.39110	0.05178	0.26799	0.03500	0.03500	0.01087	0.00717	0.00220	0.00461	0.04065	0.00690	0.00882
57	0.01219	0.00694	0.00813	0.11330	0.01306	0.00736	0.00654	0.01533	0.01355	0.02298	0.02005	0.02425	0.01598	0.03674	0.00600	0.00181	0.00401	0.00623	0.65932	0.00622
58	0.01243	0.01170	0.01975	0.75282	0.04534	0.01463	0.01828	0.01682	0.01316	0.01682	0.01170	0.01755	0.00878	0.00658	0.00658	0.00219	0.00878	0.00585	0.00293	0.00731
59	0.81514	0.01273	0.00968	0.00866	0.01273	0.01477	0.00713	0.01935	0.01120	0.02954	0.00917	0.01069	0.00713	0.00611	0.00407	0.00204	0.00509	0.00356	0.00407	0.00713
60	0.01320	0.03405	0.73453	0.01876	0.02849	0.01529	0.02432	0.02085	0.01390	0.02085	0.01181	0.01390	0.00834	0.00625	0.00625	0.00208	0.00973	0.00486	0.00278	0.00973
61	0.00803	0.00670	0.00703	0.00715	0.00925	0.00571	0.00544	0.00983	0.01509	0.01822	0.08959	0.08275	0.63574	0.01675	0.00788	0.00228	0.00352	0.05726	0.00615	0.00561
62	0.00927	0.00669	0.00878	0.00845	0.00993	0.00619	0.00633	0.01224	0.01814	0.02558	0.65907	0.09681	0.06020	0.01407	0.00784	0.00214	0.00324	0.03175	0.00714	0.00615
63	0.00794	0.00668	0.00689	0.00683	0.00899	0.00562	0.00512	0.00975	0.01537	0.01866	0.13353	0.06191	0.65751	0.01635	0.00778	0.00221	0.00331	0.01369	0.00623	0.00562
64	0.07953	0.01859	0.01742	0.01497	0.05466	0.16776	0.01134	0.25587	0.04708	0.02786	0.01311	0.01437	0.01018	0.00682	0.00630	0.00171	0.03072	0.00493	0.00477	0.21203
65	0.00800	0.00579	0.00757	0.00899	0.00950	0.00536	0.00603	0.00919	0.01277	0.01687	0.03838	0.71602	0.09051	0.02035	0.00836	0.00264	0.00379	0.01838	0.00611	0.00536
66	0.02601	0.01686	0.01878	0.01440	0.01963	0.01807	0.01189	0.55868	0.02831	0.19216	0.01802	0.01725	0.01231	0.00796	0.00659	0.00199	0.00689	0.00608	0.00693	0.01120
67	0.01792	0.01479	0.01563	0.01352	0.01752	0.01684	0.01067	0.17907	0.54104	0.03019	0.02593	0.02414	0.04487	0.00900	0.00672	0.00218	0.00558	0.00736	0.00665	0.01040
68	0.00922	0.00673	0.00867	0.00818	0.00978	0.00617	0.00614	0.01224	0.01841	0.02585	0.68251	0.05007	0.10405	0.01366	0.00777	0.00208	0.00312	0.01203	0.00718	0.00617
69	0.02503	0.01844	0.01976	0.01515	0.02042	0.02042	0.01251	0.70562	0.03095	0.04149	0.01581	0.01581	0.01120	0.00790	0.00659	0.00198	0.00724	0.00593	0.00659	0.01120
70	0.02954	0.01120	0.01528	0.01171	0.01681	0.00968	0.00968	0.03208	0.01884	0.73213	0.02597	0.02241	0.01630	0.00815	0.00662	0.00204	0.00560	0.00662	0.00815	0.01120
71	0.02464	0.03003	0.01877	0.01677	0.02036	0.66689	0.01270	0.09717	0.01994	0.01876	0.01076	0.01228	0.00876	0.00690	0.00600	0.00173	0.01139	0.00442	0.00373	0.00800
72	0.01588	0.01522	0.02597	0.11685	0.65436	0.01553	0.02000	0.01984	0.01479	0.02100	0.01231	0.01643	0.01025	0.00594	0.00652	0.00198	0.00792	0.00586	0.00322	0.01009
73	0.01512	0.01444	0.02526	0.08555	0.50057	0.01453	0.09405	0.01912	0.01494	0.02087	0.01565	0.02484	0.01419	0.00764	0.00703	0.00216	0.00800	0.10299	0.00364	0.00941
74	0.01755	0.44805	0.05251	0.01249	0.01763	0.02213	0.01155	0.07141	0.24277	0.02137	0.01543	0.01559	0.01242	0.00688	0.00526	0.00174	0.00656	0.00501	0.00433	0.00932
75	0.01404	0.01334	0.02264	0.45706	0.32857	0.01505	0.01908	0.01823	0.01392	0.01877	0.01198	0.01703	0.00946	0.00628	0.00656	0.00209	0.00838	0.00586	0.00306	0.00861
76	0.00808	0.00593	0.00761	0.00893	0.00961	0.00546	0.00612	0.00937	0.01303	0.01704	0.04040	0.64317	0.13679	0.01999	0.00834	0.00262	0.00383	0.04216	0.00611	0.00540
77	0.00778	0.00667	0.00667	0.00667	0.00889	0.00556	0.00500	0.00945	0.01501	0.01778	0.06669	0.06336	0.72490	0.01667	0.00778	0.00222	0.00333	0.01389	0.00611	0.00556
78	0.00805	0.00668	0.00704	0.00695	0.00906	0.00567	0.00521	0.00997	0.01564	0.01930	0.18235	0.06086	0.60830	0.01611	0.00778	0.00220	0.00329	0.01354	0.00631	0.00567
79	0.00789	0.00667	0.00681	0.00678	0.00896	0.00560	0.00508	0.00965	0.01525	0.01837	0.11144	0.06239	0.67978	0.01645	0.00778	0.00221	0.00332	0.01376	0.00619	0.00560
80	0.01760	0.77260	0.03450	0.01126	0.01690	0.02605	0.01126	0.01971	0.01338	0.01549	0.00915	0.01056	0.00845	0.00563	0.00422	0.00141	0.00704	0.00352	0.00282	0.00845
81	0.02503	0.01844	0.01976	0.01515	0.02042	0.02042	0.01251	0.70562	0.03095	0.04149	0.01581	0.01581	0.01120	0.00790	0.00659	0.00198	0.00724	0.00593	0.00659	0.01120
82	0.81514	0.01273	0.00968	0.00866	0.01273	0.01477	0.00713	0.01935	0.01120	0.02954	0.00917	0.01069	0.00713	0.00611	0.00407	0.00204	0.00509	0.00356	0.00407	0.00713
83	0.01056	0.00754	0.01054	0.01197	0.01349	0.00752	0.01044	0.01359	0.01529	0.01996	0.06190	0.07328	0.03884	0.01800	0.00904	0.00299	0.00595	0.65692	0.00611	0.00607
84	0.01320	0.03405	0.73453	0.01876	0.02849	0.01529	0.02432	0.02085	0.01390	0.02085	0.01181	0.01390	0.00834	0.00625	0.00625	0.00208	0.00973	0.00486	0.00278	0.00973
85	0.00806	0.00651	0.00717	0.00736	0.00915	0.00562	0.00538	0.00986	0.01515	0.01895	0.16345	0.18353	0.50305	0.01686	0.00789	0.00228	0.00338	0.01443	0.00629	0.00562
86	0.01144	0.00572	0.00858	0.00858	0.00858	0.00572	0.00572	0.00858	0.00858	0.01144	0.01144	0.02001	0.01144	0.02287	0.02573	0.80846	0.00572	0.00572	0.00286	0.00286
87	0.01872	0.00911	0.01190	0.00993	0.01316	0.00823	0.00784	0.04599	0.01872	0.33678	0.33833	0.03666	0.07005	0.03456	0.00802	0.00219	0.00447	0.00938	0.00747	0.00849
88	0.00818	0.00585	0.00783	0.00935	0.00981	0.00549	0.00640	0.00945	0.01277	0.01699	0.03619	0.72068	0.04318	0.02047	0.00845	0.00270	0.00396	0.06076	0.00611	0.00539
89	0.01629	0.01564	0.02672	0.04041	0.72757	0.01564	0.02020	0.02020	0.01499	0.02151	0.01238	0.01629	0.01043	0.00587	0.00652	0.00196	0.00782	0.00587	0.00326	0.01043
90	0.07231	0.01184	0.01519	0.01182	0.01679	0.01091	0.00973	0.06820	0.05691	0.61716	0.02453	0.02151	0.01571	0.00806	0.00648	0.00204	0.00564	0.00646	0.00776	0.01093
91	0.01596	0.01463	0.02203	0.24279	0.28576	0.03562	0.04176	0.04323	0.13141	0.04342	0.01490	0.01806	0.01160	0.00700	0.00731	0.00212	0.04299	0.00617	0.00398	0.00927
92	0.01864	0.58855	0.05464	0.01234	0.01789	0.05570	0.01189	0.10740	0.04516	0.01949	0.01086	0.01198	0.00928	0.00613	0.00477	0.00155	0.00729	0.00406	0.00348	0.00889
93	0.01480	0.06930	0.18967	0.01671	0.09429	0.01430	0.03375	0.04854	0.19294	0.04526	0.07822	0.07754	0.04132	0.00887	0.00659	0.00206	0.00660	0.00756	0.00493	0.04677
94	0.05618	0.07000	0.12085	0.03860	0.13370	0.07733	0.03718	0.09477	0.06555	0.13381	0.01887	0.06770	0.04053	0.00817	0.00641	0.00202	0.00737	0.00677	0.00485	0.00934
95	0.04275	0.10264	0.11832	0.01400	0.01895	0.10930	0.01263	0.18128	0.14306	0.09217	0.01802	0.06701	0.01440	0.00828	0.00622	0.00198	0.00725	0.00643	0.02584	0.00946
96	0.01144	0.00572	0.00858	0.00858	0.00858	0.00572	0.00572	0.00858	0.00858	0.01144	0.01144	0.02001	0.01144	0.02287	0.02573	0.80846	0.00572	0.00572	0.00286	0.00286
97	0.01702	0.02147	0.18016	0.02227	0.07552	0.06599	0.27412	0.13329	0.05360	0.02411	0.01447	0.04145	0.01137	0.00702	0.00736	0.00213	0.02850	0.00677	0.00400	0.00938
98	0.01603	0.01700	0.11951	0.01622	0.06635	0.05033	0.04535	0.09579	0.21650	0.05156	0.06278	0.07065	0.06724	0.00966	0.00797	0.00220	0.06254	0.00792	0.00530	0.00909
