[name]
unknown

[dist]
# distance from previous block
# <min> <max>
3	61

[block]
# block no. 0 follows, 32 sequences, length 33
# corresponding to MSA columns:
# 61-93
name=unknown_A
#
# <colnr> <probs for GDERKNQSTAVLIFYWHMCP>
#	G	D	E	R	K	N	Q	S	T	A	V	L	I	F	Y	W	H	M	C	P
0	0.01038	0.00765	0.00906	0.00930	0.01077	0.00744	0.00670	0.06468	0.04853	0.01971	0.06624	0.33984	0.21194	0.05253	0.01082	0.06936	0.00444	0.03865	0.00596	0.00601
1	0.30301	0.00956	0.00991	0.00929	0.01183	0.01002	0.00703	0.03562	0.01349	0.10126	0.07307	0.17994	0.05376	0.03768	0.00981	0.10893	0.00493	0.00894	0.00530	0.00663
2	0.00980	0.00685	0.00885	0.00910	0.01043	0.00682	0.00664	0.01163	0.01267	0.03687	0.03285	0.24685	0.14842	0.07861	0.25504	0.00546	0.00874	0.01187	0.06579	0.02670
3	0.03567	0.00979	0.01202	0.01068	0.01354	0.00945	0.00814	0.11928	0.01773	0.24634	0.04836	0.28274	0.05206	0.05444	0.00880	0.00252	0.00508	0.01144	0.04366	0.00825
4	0.04406	0.00705	0.00778	0.00785	0.00982	0.00628	0.00579	0.01131	0.01529	0.04631	0.15107	0.20431	0.42616	0.01657	0.00785	0.00232	0.00363	0.01416	0.00638	0.00600
5	0.62809	0.01313	0.01139	0.00981	0.01414	0.01474	0.00805	0.05520	0.05162	0.12153	0.01289	0.01348	0.00941	0.00675	0.00476	0.00208	0.00537	0.00437	0.00496	0.00819
6	0.04819	0.00658	0.00813	0.00907	0.01012	0.00618	0.00629	0.01121	0.01350	0.05119	0.05408	0.58211	0.10910	0.01877	0.00808	0.00257	0.00395	0.01674	0.02826	0.00588
7	0.00905	0.00651	0.00774	0.00819	0.00908	0.00609	0.00558	0.01010	0.01295	0.01677	0.08798	0.22471	0.20727	0.25709	0.01730	0.03581	0.00480	0.06243	0.00549	0.00508
8	0.00947	0.00733	0.00876	0.00867	0.01000	0.00717	0.00627	0.01192	0.04158	0.02001	0.24033	0.15615	0.23259	0.14246	0.01314	0.00306	0.04090	0.02830	0.00606	0.00584
9	0.06509	0.01204	0.01476	0.01168	0.01629	0.01152	0.00954	0.13452	0.04281	0.45704	0.05932	0.02427	0.04365	0.00874	0.00659	0.00205	0.00556	0.00701	0.05712	0.01040
10	0.00875	0.00649	0.00803	0.00896	0.00987	0.00610	0.00621	0.01071	0.03624	0.01806	0.08377	0.47955	0.15743	0.08329	0.01059	0.00294	0.00414	0.04711	0.00613	0.00563
11	0.08999	0.02291	0.25263	0.02260	0.03002	0.01665	0.36933	0.07295	0.01610	0.02380	0.01289	0.01604	0.00947	0.00612	0.00699	0.00218	0.01000	0.00644	0.00354	0.00934
12	0.01407	0.01189	0.01408	0.01066	0.01581	0.00985	0.00856	0.04939	0.01460	0.02225	0.01435	0.05512	0.01305	0.00690	0.00628	0.00132	0.04185	0.03612	0.00427	0.64957
13	0.02609	0.01785	0.01955	0.01499	0.02034	0.01941	0.01238	0.61481	0.02997	0.12967	0.01743	0.01697	0.01207	0.00809	0.00672	0.00202	0.00717	0.00613	0.00692	0.01141
14	0.00959	0.00719	0.01078	0.01078	0.01198	0.00839	0.00839	0.01198	0.01078	0.01558	0.01797	0.02636	0.01677	0.05032	0.73760	0.01078	0.01797	0.00719	0.00359	0.00599
15	0.00824	0.00677	0.00726	0.00722	0.00928	0.00579	0.00538	0.01021	0.01591	0.01979	0.19313	0.08951	0.56520	0.01652	0.00795	0.00225	0.00337	0.01396	0.00646	0.00579
16	0.01468	0.01468	0.02055	0.01762	0.01762	0.02055	0.01468	0.01615	0.01028	0.01615	0.00881	0.01468	0.00881	0.01174	0.02202	0.00294	0.75191	0.00587	0.00294	0.00734
17	0.01391	0.01193	0.01391	0.00994	0.01590	0.00894	0.00795	0.01690	0.01391	0.02186	0.01193	0.01391	0.00994	0.00497	0.00497	0.00099	0.00497	0.00398	0.00398	0.80521
18	0.01794	0.76823	0.03516	0.01148	0.01722	0.02655	0.01148	0.02009	0.01363	0.01579	0.00933	0.01076	0.00861	0.00574	0.00431	0.00144	0.00718	0.00359	0.00287	0.00861
19	0.01346	0.03471	0.72942	0.01912	0.02904	0.01558	0.02479	0.02125	0.01417	0.02125	0.01204	0.01417	0.00850	0.00637	0.00637	0.00212	0.00992	0.00496	0.00283	0.00992
20	0.01443	0.01444	0.02151	0.01800	0.01867	0.01929	0.07774	0.01627	0.01079	0.01651	0.01002	0.01647	0.00978	0.04017	0.04541	0.00327	0.63060	0.00625	0.00304	0.00733
21	0.00988	0.00665	0.00774	0.00792	0.00811	0.00665	0.00487	0.01025	0.01044	0.01386	0.02286	0.04772	0.02610	0.67487	0.03117	0.00610	0.00647	0.08970	0.00432	0.00432
22	0.01584	0.01810	0.03959	0.02828	0.03507	0.01697	0.69796	0.02149	0.01584	0.02149	0.01357	0.01810	0.01018	0.00566	0.00792	0.00226	0.01131	0.00792	0.00339	0.00905
23	0.05844	0.01647	0.01738	0.01381	0.01847	0.01828	0.01127	0.50317	0.11408	0.03787	0.01791	0.01807	0.01306	0.00808	0.00637	0.00200	0.00651	0.00615	0.10213	0.01050
24	0.00831	0.00615	0.00779	0.00889	0.00975	0.00563	0.00616	0.00980	0.01387	0.01819	0.09804	0.55532	0.16934	0.01962	0.00842	0.00260	0.00381	0.03641	0.00632	0.00558
25	0.01411	0.03368	0.65952	0.01954	0.02899	0.04834	0.06107	0.02151	0.01448	0.02104	0.01205	0.01429	0.00860	0.00636	0.00644	0.00211	0.01009	0.00509	0.00289	0.00977
26	0.00904	0.00726	0.00826	0.00804	0.01030	0.00628	0.00624	0.01134	0.01612	0.02073	0.21880	0.05899	0.43506	0.01558	0.00788	0.00224	0.00376	0.08906	0.00636	0.05866
27	0.00854	0.00624	0.00811	0.00939	0.01020	0.00580	0.00669	0.01011	0.01374	0.01806	0.07125	0.56025	0.12230	0.01991	0.00855	0.00269	0.00409	0.10218	0.00627	0.00561
28	0.01876	0.01084	0.01384	0.01192	0.01525	0.01070	0.02716	0.13667	0.05149	0.22437	0.14435	0.09114	0.02949	0.03852	0.00839	0.00243	0.00555	0.11171	0.03870	0.00873
29	0.04386	0.04378	0.02198	0.01798	0.05291	0.03778	0.20119	0.04926	0.05649	0.02154	0.05471	0.02982	0.06967	0.01244	0.04941	0.02170	0.09306	0.08802	0.02651	0.00789
30	0.01412	0.01273	0.02153	0.26551	0.20030	0.01373	0.09951	0.01817	0.03770	0.04417	0.01857	0.08190	0.05241	0.02853	0.00894	0.02683	0.03535	0.00790	0.00390	0.00818
31	0.00926	0.00648	0.00751	0.00770	0.00834	0.00623	0.00489	0.00972	0.01141	0.01474	0.03327	0.13144	0.18921	0.41654	0.05845	0.05796	0.00597	0.01152	0.00473	0.00462
32	0.06283	0.01135	0.01308	0.03094	0.01484	0.05073	0.04234	0.06947	0.13143	0.02107	0.02129	0.08617	0.02043	0.17046	0.10693	0.04098	0.00798	0.05515	0.03553	0.00699

[dist]
# distance from previous block
# <min> <max>
0	7

[block]
# block no. 1 follows, 32 sequences, length 32
# corresponding to MSA columns:
# 101-132
name=unknown_B
#
# <colnr> <probs for GDERKNQSTAVLIFYWHMCP>
#	G	D	E	R	K	N	Q	S	T	A	V	L	I	F	Y	W	H	M	C	P
0	0.43961	0.04013	0.03727	0.01455	0.06838	0.11105	0.03435	0.12021	0.01591	0.02814	0.01092	0.01268	0.00852	0.00668	0.00563	0.00203	0.02687	0.00449	0.00424	0.00837
1	0.01332	0.00900	0.01046	0.00951	0.01221	0.00871	0.00734	0.06595	0.08741	0.11243	0.16332	0.09107	0.29999	0.01649	0.05930	0.00283	0.00520	0.01143	0.00661	0.00744
2	0.03918	0.01776	0.02349	0.10087	0.42058	0.11147	0.01758	0.08893	0.05428	0.02315	0.01321	0.01634	0.01068	0.00670	0.00692	0.00203	0.02737	0.00579	0.00384	0.00985
3	0.66393	0.01320	0.01152	0.03003	0.04118	0.01501	0.00843	0.06275	0.01323	0.05033	0.01221	0.01357	0.02913	0.00673	0.00466	0.00208	0.00550	0.00434	0.00444	0.00773
4	0.01646	0.01425	0.04362	0.01307	0.01678	0.01516	0.01052	0.10154	0.46573	0.04271	0.02591	0.02671	0.04546	0.07354	0.05525	0.00312	0.00655	0.00770	0.00623	0.00968
5	0.01047	0.00772	0.00865	0.00819	0.01054	0.00702	0.00621	0.01405	0.07468	0.06566	0.23287	0.07232	0.42688	0.01503	0.00778	0.00223	0.00365	0.01273	0.00672	0.00661
6	0.01661	0.01200	0.01425	0.01048	0.01619	0.00957	0.00842	0.02053	0.05836	0.13208	0.01516	0.01600	0.01164	0.00575	0.00536	0.00124	0.00511	0.00463	0.00483	0.63179
7	0.01166	0.00583	0.00874	0.00874	0.00874	0.00583	0.00583	0.00874	0.00874	0.01166	0.01166	0.02040	0.01166	0.02331	0.02622	0.80478	0.00583	0.00583	0.00291	0.00291
8	0.01346	0.03471	0.72942	0.01912	0.02904	0.01558	0.02479	0.02125	0.01417	0.02125	0.01204	0.01417	0.00850	0.00637	0.00637	0.00212	0.00992	0.00496	0.00283	0.00992
9	0.00975	0.00653	0.00745	0.00745	0.00749	0.00657	0.00423	0.00984	0.00980	0.01311	0.02102	0.04326	0.02411	0.73774	0.06022	0.00666	0.00693	0.00966	0.00405	0.00414
10	0.01551	0.14354	0.19264	0.01836	0.06489	0.09732	0.11658	0.02073	0.06633	0.01966	0.01696	0.11570	0.01577	0.00899	0.00715	0.00213	0.03055	0.03468	0.00391	0.00861
11	0.05172	0.01490	0.01652	0.01273	0.01790	0.06187	0.04231	0.18085	0.03441	0.06526	0.01551	0.06226	0.01288	0.00721	0.00593	0.00159	0.00632	0.00585	0.00501	0.37897
12	0.09484	0.01918	0.20478	0.01874	0.08347	0.02780	0.12938	0.05268	0.07117	0.04756	0.05101	0.06173	0.02916	0.01065	0.04606	0.00266	0.00847	0.02735	0.00441	0.00889
13	0.01954	0.04242	0.01776	0.01613	0.04651	0.39906	0.01188	0.02205	0.04578	0.01701	0.01269	0.01734	0.01145	0.07952	0.07400	0.00308	0.10443	0.00543	0.00361	0.05031
14	0.10417	0.01384	0.04510	0.01198	0.01719	0.03197	0.01018	0.10454	0.01870	0.40531	0.02036	0.01909	0.01364	0.00748	0.00612	0.00189	0.00600	0.00582	0.03912	0.11750
15	0.02794	0.01280	0.01604	0.01239	0.01740	0.01217	0.01021	0.18583	0.02174	0.52478	0.02379	0.02142	0.01545	0.00822	0.00661	0.00203	0.00593	0.00655	0.05762	0.01109
16	0.01267	0.01193	0.02013	0.74806	0.04621	0.01491	0.01863	0.01714	0.01342	0.01714	0.01193	0.01789	0.00894	0.00671	0.00671	0.00224	0.00894	0.00596	0.00298	0.00745
17	0.02551	0.01879	0.02014	0.01544	0.02081	0.02081	0.01275	0.69996	0.03155	0.04229	0.01611	0.01611	0.01141	0.00805	0.00671	0.00201	0.00738	0.00604	0.00671	0.01141
18	0.00949	0.00684	0.00857	0.00865	0.00946	0.00706	0.00600	0.01069	0.01122	0.01499	0.02778	0.04291	0.12520	0.37989	0.25959	0.00710	0.00979	0.04540	0.00434	0.00505
19	0.09347	0.00882	0.01021	0.00932	0.01180	0.00868	0.00708	0.01788	0.08966	0.12387	0.31214	0.08579	0.11903	0.06194	0.00903	0.00247	0.00425	0.01056	0.00671	0.00731
20	0.01328	0.01139	0.01316	0.00961	0.01518	0.00860	0.00765	0.01613	0.01406	0.02147	0.01783	0.01925	0.08471	0.00624	0.00528	0.00113	0.00480	0.00505	0.00421	0.72097
21	0.00816	0.00590	0.00772	0.00918	0.00969	0.00546	0.00616	0.00936	0.01300	0.01719	0.03894	0.71588	0.08705	0.02077	0.00852	0.00270	0.00386	0.01876	0.00623	0.00546
22	0.00999	0.00747	0.01106	0.05762	0.04350	0.00819	0.00869	0.01183	0.01150	0.01595	0.02163	0.17314	0.02259	0.09695	0.38500	0.05853	0.01202	0.03436	0.00416	0.00582
23	0.00907	0.00640	0.00819	0.00921	0.01024	0.00588	0.00657	0.01067	0.01405	0.03802	0.08200	0.51292	0.16060	0.01931	0.00843	0.00263	0.00403	0.07966	0.00635	0.00577
24	0.05172	0.01147	0.01153	0.01086	0.01246	0.10531	0.00800	0.01612	0.05018	0.05690	0.08689	0.07044	0.04861	0.18850	0.11950	0.06180	0.05518	0.02357	0.00471	0.00626
25	0.00966	0.00722	0.01079	0.01088	0.01210	0.00834	0.00854	0.01210	0.01108	0.01587	0.01910	0.02952	0.01817	0.04829	0.69091	0.01029	0.01722	0.05013	0.00376	0.00600
26	0.56111	0.01251	0.01108	0.00975	0.01365	0.01407	0.00787	0.04153	0.08654	0.08492	0.05100	0.01605	0.01275	0.00797	0.00597	0.04031	0.00523	0.00493	0.00496	0.00782
27	0.01366	0.01145	0.01344	0.00979	0.01527	0.00871	0.00772	0.01626	0.01352	0.02107	0.01223	0.01525	0.01052	0.03191	0.00698	0.03945	0.00506	0.00426	0.00393	0.73950
28	0.01219	0.00720	0.00925	0.00940	0.01111	0.00651	0.00691	0.01401	0.01510	0.13775	0.11543	0.37207	0.15495	0.03906	0.00888	0.00261	0.00427	0.06008	0.00664	0.00660
29	0.00929	0.00649	0.00797	0.00825	0.00874	0.00644	0.00531	0.01022	0.01174	0.01587	0.09876	0.19973	0.06122	0.41032	0.10560	0.00554	0.00677	0.01193	0.00492	0.00489
30	0.01216	0.00936	0.01359	0.01459	0.10176	0.00977	0.04175	0.03356	0.07636	0.02009	0.10833	0.08059	0.02391	0.08553	0.19364	0.08923	0.00877	0.00856	0.06161	0.00682
31	0.03249	0.00688	0.00813	0.00839	0.00979	0.00632	0.00587	0.01165	0.01413	0.06377	0.11919	0.31198	0.22781	0.12822	0.01187	0.00303	0.00421	0.01432	0.00611	0.00584

[dist]
# distance from previous block
# <min> <max>
4	11

[block]
# block no. 2 follows, 32 sequences, length 26
# corresponding to MSA columns:
# 144-169
name=unknown_C
#
# <colnr> <probs for GDERKNQSTAVLIFYWHMCP>
#	G	D	E	R	K	N	Q	S	T	A	V	L	I	F	Y	W	H	M	C	P
0	0.10099	0.16023	0.02193	0.07532	0.06023	0.26724	0.02750	0.11933	0.05341	0.02252	0.01210	0.01384	0.00969	0.00677	0.00578	0.00183	0.00884	0.00482	0.00401	0.02360
1	0.05242	0.01253	0.01438	0.01050	0.01627	0.01031	0.00846	0.07704	0.01568	0.07189	0.01316	0.01457	0.01040	0.00552	0.00520	0.00120	0.00524	0.00433	0.00451	0.64638
2	0.01178	0.00825	0.01060	0.08226	0.01474	0.00820	0.00818	0.04868	0.03713	0.07280	0.14054	0.26239	0.15675	0.05379	0.00925	0.00262	0.00482	0.05436	0.00617	0.00670
3	0.11044	0.01091	0.04960	0.00999	0.01260	0.03189	0.00802	0.03346	0.08836	0.04151	0.17863	0.14212	0.14504	0.05204	0.00961	0.04767	0.00493	0.01054	0.00578	0.00686
4	0.00957	0.00725	0.00903	0.00884	0.01087	0.00638	0.03171	0.01152	0.01523	0.05150	0.10969	0.22623	0.41274	0.01693	0.00809	0.00239	0.00403	0.04562	0.00631	0.00608
5	0.00844	0.00606	0.00793	0.00932	0.00987	0.00569	0.00638	0.00971	0.01299	0.01717	0.03761	0.63446	0.07783	0.06160	0.00999	0.00294	0.00418	0.06628	0.00611	0.00544
6	0.11726	0.00988	0.01382	0.10790	0.01818	0.01131	0.04763	0.03903	0.04489	0.01941	0.01634	0.02325	0.01451	0.06991	0.40899	0.00712	0.01318	0.00671	0.00386	0.00682
7	0.05120	0.00773	0.00897	0.00934	0.01082	0.00763	0.00669	0.08079	0.01541	0.02154	0.07184	0.46545	0.12822	0.01711	0.00776	0.00245	0.00416	0.01506	0.06157	0.00628
8	0.01234	0.00856	0.01062	0.01008	0.01228	0.00843	0.00794	0.06917	0.05392	0.06794	0.31005	0.09437	0.13119	0.01637	0.04831	0.00280	0.00514	0.11667	0.00674	0.00709
9	0.01267	0.01193	0.02013	0.74806	0.04621	0.01491	0.01863	0.01714	0.01342	0.01714	0.01193	0.01789	0.00894	0.00671	0.00671	0.00224	0.00894	0.00596	0.00298	0.00745
10	0.00858	0.00626	0.00779	0.00871	0.00950	0.00580	0.00596	0.00992	0.01343	0.01763	0.09297	0.45821	0.15596	0.12181	0.01196	0.00314	0.00422	0.04675	0.00602	0.00540
11	0.01399	0.01513	0.03145	0.02317	0.02857	0.01439	0.51242	0.01870	0.01494	0.02016	0.01987	0.02422	0.08380	0.01425	0.12930	0.00368	0.01161	0.00844	0.00372	0.00819
12	0.07319	0.02709	0.01814	0.01635	0.01967	0.55375	0.02924	0.02557	0.06977	0.01832	0.01296	0.05160	0.01132	0.00791	0.00678	0.00190	0.03926	0.00543	0.00388	0.00786
13	0.00994	0.00735	0.01011	0.01014	0.01129	0.00809	0.00756	0.03778	0.01197	0.01664	0.02346	0.13060	0.05733	0.13018	0.48610	0.00838	0.01349	0.00945	0.00427	0.00587
14	0.03047	0.00731	0.00883	0.00924	0.01065	0.00697	0.00668	0.04625	0.01506	0.04175	0.11407	0.38405	0.16383	0.06537	0.00980	0.00277	0.00431	0.06028	0.00625	0.00608
15	0.01261	0.00899	0.01068	0.01034	0.01253	0.00892	0.00796	0.11086	0.05644	0.05645	0.13292	0.25449	0.17201	0.01580	0.00800	0.00244	0.00465	0.10021	0.00658	0.00712
16	0.00971	0.00704	0.00928	0.00928	0.01010	0.00765	0.00655	0.01149	0.02653	0.01501	0.02209	0.05134	0.05198	0.32623	0.39700	0.00836	0.01223	0.00878	0.00403	0.00532
17	0.00976	0.00767	0.00898	0.00929	0.01095	0.00749	0.00678	0.01425	0.12365	0.02089	0.16218	0.31867	0.21977	0.01676	0.00804	0.00244	0.00393	0.03549	0.00652	0.00649
18	0.01376	0.00800	0.00969	0.00924	0.01136	0.00743	0.00683	0.05882	0.01580	0.14790	0.05837	0.28426	0.19185	0.04338	0.00920	0.03027	0.00441	0.01283	0.06967	0.00691
19	0.01285	0.00890	0.01025	0.00957	0.01197	0.00888	0.00734	0.05507	0.13039	0.07058	0.22441	0.11083	0.17297	0.01316	0.00735	0.00219	0.00414	0.03583	0.09590	0.00741
20	0.03412	0.00964	0.01123	0.01038	0.01260	0.01033	0.00792	0.12556	0.08717	0.04418	0.04245	0.10997	0.05707	0.07818	0.15282	0.04115	0.00763	0.02546	0.12492	0.00721
21	0.01598	0.01529	0.02173	0.15618	0.28846	0.07067	0.03739	0.07372	0.01543	0.02067	0.01447	0.01960	0.02953	0.04896	0.06064	0.00298	0.08956	0.00639	0.00364	0.00871
22	0.01021	0.00732	0.00932	0.00931	0.01025	0.00756	0.00658	0.04278	0.01315	0.01779	0.10395	0.20594	0.09497	0.18979	0.14703	0.07127	0.03073	0.01152	0.00505	0.00548
23	0.01973	0.01053	0.01281	0.01075	0.01428	0.01018	0.00848	0.09236	0.08924	0.29488	0.12446	0.04868	0.10725	0.05339	0.02926	0.00260	0.00544	0.00880	0.04789	0.00900
24	0.00927	0.00686	0.00834	0.00901	0.01015	0.00646	0.00636	0.04171	0.01453	0.01897	0.08505	0.43611	0.19006	0.07687	0.01033	0.00287	0.00422	0.05091	0.00615	0.00576
25	0.01577	0.01739	0.10573	0.07700	0.14548	0.06833	0.11505	0.02075	0.05135	0.04612	0.05284	0.01851	0.01375	0.00662	0.00639	0.00183	0.00774	0.00602	0.03479	0.18853

[dist]
# distance from previous block
# <min> <max>
1	14

[block]
# block no. 3 follows, 32 sequences, length 45
# corresponding to MSA columns:
# 184-228
name=unknown_D
#
# <colnr> <probs for GDERKNQSTAVLIFYWHMCP>
#	G	D	E	R	K	N	Q	S	T	A	V	L	I	F	Y	W	H	M	C	P
0	0.04887	0.01322	0.02118	0.32072	0.10100	0.01447	0.10856	0.09421	0.01664	0.06196	0.08814	0.02192	0.01620	0.03503	0.00789	0.00232	0.00796	0.00698	0.00434	0.00840
1	0.02072	0.04358	0.02074	0.06162	0.13304	0.04103	0.03531	0.27075	0.11183	0.09317	0.01710	0.01882	0.01298	0.03110	0.02599	0.00243	0.03786	0.00634	0.00545	0.01014
2	0.01403	0.01243	0.05774	0.08697	0.18776	0.01132	0.04183	0.04914	0.01559	0.06630	0.02870	0.08668	0.14541	0.01219	0.00855	0.04702	0.00664	0.10885	0.00488	0.00796
3	0.04697	0.01198	0.01593	0.01546	0.11267	0.01143	0.01073	0.04951	0.09166	0.41968	0.02487	0.02415	0.04171	0.03896	0.00771	0.00224	0.00582	0.00698	0.05122	0.01031
4	0.04777	0.12014	0.11667	0.02076	0.20466	0.09648	0.01467	0.03815	0.04281	0.07852	0.01549	0.06495	0.01345	0.03180	0.03125	0.03496	0.00810	0.00636	0.00408	0.00891
5	0.05274	0.00736	0.00852	0.00847	0.00936	0.00740	0.00562	0.03164	0.01207	0.03927	0.04841	0.13940	0.06555	0.42768	0.05493	0.02762	0.00627	0.03768	0.00484	0.00518
6	0.00878	0.00627	0.00803	0.00883	0.00939	0.00612	0.00590	0.00993	0.01223	0.01639	0.06105	0.42238	0.07611	0.20772	0.10469	0.00460	0.00621	0.01473	0.00542	0.00522
7	0.00855	0.00673	0.00772	0.00810	0.00980	0.00597	0.00607	0.01045	0.01518	0.01912	0.13881	0.18692	0.42012	0.03887	0.00894	0.00254	0.00386	0.09020	0.00631	0.00572
8	0.01759	0.01157	0.01466	0.05311	0.01726	0.01186	0.03835	0.22139	0.01987	0.13494	0.02785	0.25456	0.06620	0.01279	0.00740	0.00229	0.00581	0.02966	0.04436	0.00849
9	0.01786	0.01499	0.01583	0.01389	0.01789	0.01724	0.01090	0.12367	0.62030	0.02995	0.02583	0.02385	0.01928	0.00896	0.00681	0.00224	0.00558	0.00738	0.00681	0.01073
10	0.02478	0.01843	0.01973	0.01529	0.02053	0.02047	0.01258	0.64507	0.08763	0.04111	0.01704	0.01685	0.01216	0.00814	0.00672	0.00204	0.00721	0.00617	0.00672	0.01135
11	0.00959	0.00716	0.01063	0.01063	0.01178	0.00830	0.00820	0.01188	0.01074	0.01546	0.01811	0.02714	0.01711	0.08187	0.70652	0.01059	0.01747	0.00730	0.00362	0.00591
12	0.00899	0.00681	0.00829	0.00798	0.00973	0.00611	0.00596	0.01166	0.01770	0.02399	0.50400	0.07600	0.25845	0.01492	0.00794	0.00218	0.00326	0.01295	0.00701	0.00611
13	0.03742	0.01305	0.01429	0.01256	0.01618	0.01446	0.00980	0.06808	0.46792	0.10257	0.11609	0.02785	0.02495	0.03465	0.00780	0.00235	0.00523	0.00798	0.00689	0.00989
14	0.19240	0.00902	0.01017	0.00944	0.01107	0.00977	0.00687	0.07668	0.04013	0.01976	0.01292	0.01924	0.01174	0.04975	0.01837	0.45811	0.00576	0.00561	0.02802	0.00514
15	0.05666	0.01308	0.01406	0.01193	0.01566	0.01429	0.00949	0.20314	0.25277	0.08898	0.08282	0.02402	0.02029	0.00879	0.00636	0.00203	0.00529	0.00707	0.15372	0.00955
16	0.00968	0.00710	0.00963	0.00970	0.01034	0.00789	0.00690	0.01107	0.01067	0.01491	0.02103	0.12269	0.02248	0.29031	0.37578	0.00799	0.04299	0.00949	0.00405	0.00532
17	0.01523	0.01710	0.03698	0.02671	0.03298	0.01609	0.63867	0.02055	0.01550	0.02106	0.01486	0.05382	0.01206	0.00809	0.03575	0.00261	0.01121	0.00842	0.00354	0.00876
18	0.02288	0.01633	0.01768	0.01415	0.01888	0.01800	0.01149	0.43784	0.19922	0.09333	0.02011	0.01943	0.01446	0.00832	0.00662	0.00206	0.00647	0.00650	0.05534	0.01090
19	0.01468	0.01468	0.02055	0.01762	0.01762	0.02055	0.01468	0.01615	0.01028	0.01615	0.00881	0.01468	0.00881	0.01174	0.02202	0.00294	0.75191	0.00587	0.00294	0.00734
20	0.02026	0.01619	0.01718	0.01438	0.01881	0.01836	0.01149	0.30491	0.43514	0.03383	0.02277	0.02142	0.01681	0.00868	0.00678	0.00217	0.00615	0.00696	0.00678	0.01094
21	0.00976	0.00651	0.00732	0.00732	0.00732	0.00651	0.00407	0.00976	0.00976	0.01301	0.02114	0.04391	0.02439	0.76419	0.03415	0.00651	0.00651	0.00976	0.00407	0.00407
22	0.02551	0.01879	0.02014	0.01544	0.02081	0.02081	0.01275	0.69996	0.03155	0.04229	0.01611	0.01611	0.01141	0.00805	0.00671	0.00201	0.00738	0.00604	0.00671	0.01141
23	0.02506	0.03198	0.01901	0.01729	0.02074	0.73725	0.01296	0.02679	0.01901	0.01642	0.01037	0.01210	0.00864	0.00691	0.00605	0.00173	0.01210	0.00432	0.00346	0.00778
24	0.02551	0.01879	0.02014	0.01544	0.02081	0.02081	0.01275	0.69996	0.03155	0.04229	0.01611	0.01611	0.01141	0.00805	0.00671	0.00201	0.00738	0.00604	0.00671	0.01141
25	0.00946	0.00769	0.00853	0.00894	0.01042	0.02838	0.00643	0.01226	0.05841	0.01960	0.15226	0.32513	0.25309	0.03917	0.00885	0.00255	0.00410	0.03240	0.00630	0.00603
26	0.01346	0.03471	0.72942	0.01912	0.02904	0.01558	0.02479	0.02125	0.01417	0.02125	0.01204	0.01417	0.00850	0.00637	0.00637	0.00212	0.00992	0.00496	0.00283	0.00992
27	0.01767	0.01444	0.01538	0.01364	0.01756	0.01652	0.01067	0.06082	0.65137	0.06197	0.02684	0.02459	0.01995	0.00903	0.00682	0.00226	0.00541	0.00749	0.00689	0.01069
28	0.00916	0.00710	0.00759	0.00807	0.00956	0.02627	0.00577	0.01094	0.01463	0.01917	0.09662	0.30984	0.32309	0.01684	0.00772	0.00232	0.00377	0.01458	0.10120	0.00576
29	0.00983	0.00682	0.00801	0.00822	0.00999	0.00597	0.00597	0.01156	0.01512	0.07153	0.12059	0.29839	0.36877	0.01739	0.00806	0.00239	0.00372	0.01509	0.00650	0.00609
30	0.00999	0.00630	0.00843	0.00956	0.01034	0.00581	0.00653	0.01127	0.01337	0.07579	0.03611	0.69891	0.04208	0.01997	0.00841	0.00267	0.00404	0.01806	0.00640	0.00594
31	0.00887	0.00665	0.00947	0.01029	0.01121	0.00624	0.03477	0.01061	0.01383	0.01846	0.09313	0.57691	0.06385	0.01941	0.00854	0.00268	0.00437	0.08875	0.00620	0.00575
32	0.04413	0.00901	0.01097	0.01026	0.01281	0.00874	0.00787	0.03835	0.09233	0.17704	0.10437	0.21651	0.13170	0.01461	0.00843	0.03782	0.00469	0.05607	0.00666	0.00763
33	0.01398	0.00940	0.01161	0.01038	0.01277	0.00960	0.00800	0.03754	0.14463	0.11356	0.42082	0.05901	0.04449	0.03330	0.00887	0.00231	0.03448	0.01034	0.00708	0.00783
34	0.00855	0.00627	0.00807	0.00926	0.00997	0.00591	0.00632	0.01051	0.03673	0.01836	0.09481	0.63602	0.08464	0.01979	0.00842	0.00263	0.00385	0.01783	0.00634	0.00571
35	0.08867	0.01591	0.01661	0.01338	0.01793	0.04818	0.01078	0.34060	0.12060	0.16103	0.02054	0.02092	0.03433	0.05024	0.00805	0.00231	0.00665	0.00655	0.00650	0.01023
36	0.00968	0.00755	0.00875	0.00952	0.01066	0.03044	0.00678	0.01243	0.05624	0.01964	0.13202	0.46514	0.10975	0.01784	0.00812	0.00251	0.00418	0.04741	0.03529	0.00604
37	0.00987	0.00681	0.00914	0.00967	0.01048	0.00714	0.00713	0.01147	0.01181	0.01639	0.02490	0.15061	0.02676	0.21643	0.25122	0.03301	0.00955	0.13341	0.04881	0.00537
38	0.01721	0.02570	0.28714	0.02045	0.04966	0.12636	0.16485	0.09338	0.05986	0.02323	0.03591	0.01681	0.01175	0.00703	0.00725	0.00211	0.03196	0.00606	0.00386	0.00944
39	0.01496	0.11113	0.07880	0.03628	0.11089	0.05115	0.01197	0.05581	0.04465	0.06303	0.15277	0.05072	0.09870	0.01359	0.07390	0.00282	0.00741	0.00815	0.00503	0.00824
40	0.01001	0.00821	0.01039	0.01041	0.01189	0.03889	0.04945	0.01202	0.01456	0.01919	0.11551	0.38120	0.13851	0.03827	0.00882	0.00259	0.00478	0.06921	0.05010	0.00597
41	0.00937	0.00697	0.00822	0.00843	0.01018	0.00629	0.00626	0.01183	0.03399	0.04049	0.19891	0.22618	0.33480	0.01688	0.00810	0.00239	0.00375	0.05433	0.00656	0.00609
42	0.04208	0.08919	0.03959	0.13433	0.02263	0.07311	0.08080	0.08049	0.01626	0.07992	0.03782	0.08992	0.01592	0.01072	0.04694	0.00246	0.00793	0.00716	0.05887	0.06387
43	0.01642	0.24527	0.16508	0.09197	0.10714	0.08435	0.01593	0.04213	0.04388	0.01926	0.01324	0.05960	0.01164	0.00758	0.00683	0.00196	0.04965	0.00577	0.00348	0.00883
44	0.10444	0.03880	0.06029	0.06251	0.13875	0.06450	0.01324	0.15482	0.01825	0.05405	0.07429	0.04346	0.01644	0.00820	0.00681	0.00200	0.02884	0.02514	0.00480	0.08037

[dist]
# distance from previous block
# <min> <max>
0	10

[block]
# block no. 4 follows, 32 sequences, length 40
# corresponding to MSA columns:
# 239-278
name=unknown_E
#
# <colnr> <probs for GDERKNQSTAVLIFYWHMCP>
#	G	D	E	R	K	N	Q	S	T	A	V	L	I	F	Y	W	H	M	C	P
0	0.03929	0.01972	0.06883	0.11280	0.09845	0.20469	0.04408	0.04320	0.06047	0.10683	0.01462	0.01679	0.01117	0.00896	0.03855	0.00236	0.03907	0.00561	0.00427	0.06023
1	0.10200	0.01806	0.04156	0.01761	0.06277	0.14025	0.05094	0.07410	0.04524	0.08747	0.01310	0.01590	0.01054	0.01024	0.03945	0.00264	0.24969	0.00568	0.00418	0.00857
2	0.01056	0.00743	0.00971	0.00966	0.01076	0.00802	0.00707	0.03466	0.03478	0.01775	0.06215	0.09151	0.02419	0.20618	0.32644	0.02825	0.01074	0.03583	0.05851	0.00578
3	0.01546	0.01208	0.01880	0.21248	0.17181	0.01279	0.05118	0.04871	0.06784	0.09925	0.02151	0.15683	0.04040	0.01032	0.00767	0.02360	0.00698	0.00896	0.00482	0.00851
4	0.01492	0.01479	0.05522	0.01717	0.11247	0.07951	0.06585	0.04989	0.15274	0.04511	0.04979	0.15342	0.13776	0.01146	0.00730	0.00223	0.00651	0.01004	0.00541	0.00842
5	0.02315	0.01734	0.01808	0.01435	0.01896	0.04605	0.01165	0.56856	0.02829	0.03802	0.01798	0.07571	0.01435	0.00902	0.00668	0.00203	0.00697	0.00703	0.06536	0.01042
6	0.10672	0.00837	0.00928	0.00864	0.01101	0.00804	0.00655	0.03586	0.01575	0.10659	0.17358	0.09552	0.22619	0.08910	0.00989	0.00264	0.00439	0.03254	0.04262	0.00672
7	0.06042	0.00779	0.00915	0.00923	0.01078	0.00762	0.00661	0.06600	0.01506	0.04363	0.10747	0.35939	0.14507	0.06025	0.01045	0.05070	0.00442	0.01384	0.00600	0.00613
8	0.01064	0.00806	0.01049	0.01065	0.01210	0.00812	0.02580	0.03555	0.06972	0.03734	0.06642	0.45032	0.11989	0.01757	0.00882	0.00259	0.03669	0.05658	0.00617	0.00649
9	0.72567	0.01310	0.01067	0.00931	0.01358	0.01492	0.00767	0.04797	0.01277	0.07904	0.01081	0.01194	0.00808	0.00645	0.00444	0.00207	0.00531	0.00395	0.00454	0.00772
10	0.03505	0.00814	0.00932	0.00894	0.01049	0.00819	0.00637	0.01503	0.08096	0.07140	0.08121	0.08582	0.14945	0.29828	0.01793	0.00391	0.02411	0.04803	0.03122	0.00614
11	0.01157	0.00723	0.00934	0.00984	0.01117	0.00688	0.00702	0.01419	0.05706	0.10272	0.08349	0.50137	0.05467	0.05006	0.00931	0.00274	0.00434	0.04399	0.00650	0.00652
12	0.00825	0.00679	0.00712	0.00718	0.00919	0.00583	0.00533	0.00995	0.01507	0.01830	0.09839	0.08040	0.59555	0.06736	0.00976	0.00258	0.00371	0.03750	0.00615	0.00561
13	0.02484	0.01492	0.01722	0.01366	0.01849	0.01559	0.01119	0.34024	0.11341	0.27077	0.04869	0.02278	0.01721	0.00883	0.00687	0.00211	0.00635	0.02859	0.00727	0.01095
14	0.00859	0.00631	0.00760	0.00824	0.00911	0.00582	0.00554	0.00987	0.01345	0.01760	0.11712	0.37419	0.19622	0.17267	0.01363	0.00333	0.00424	0.01526	0.00591	0.00531
15	0.77775	0.01323	0.01030	0.00911	0.01331	0.01530	0.00750	0.04901	0.01229	0.03063	0.00963	0.01112	0.00745	0.00631	0.00426	0.00207	0.00528	0.00374	0.00426	0.00745
16	0.01034	0.00807	0.00905	0.00876	0.01086	0.00789	0.00656	0.01566	0.14182	0.02304	0.25802	0.11699	0.27561	0.01431	0.00757	0.00222	0.00370	0.01228	0.06049	0.00679
17	0.00976	0.00651	0.00732	0.00732	0.00732	0.00651	0.00407	0.00976	0.00976	0.01301	0.02114	0.04391	0.02439	0.76419	0.03415	0.00651	0.00651	0.00976	0.00407	0.00407
18	0.02440	0.03058	0.01871	0.01700	0.02048	0.68000	0.01278	0.02750	0.07394	0.01735	0.01172	0.01313	0.00958	0.00709	0.00611	0.00177	0.01156	0.00458	0.00373	0.00800
19	0.01267	0.01193	0.02013	0.74806	0.04621	0.01491	0.01863	0.01714	0.01342	0.01714	0.01193	0.01789	0.00894	0.00671	0.00671	0.00224	0.00894	0.00596	0.00298	0.00745
20	0.00898	0.00702	0.00826	0.00848	0.01041	0.00630	0.00672	0.01136	0.01625	0.02076	0.22264	0.06352	0.39998	0.01653	0.00823	0.00242	0.00398	0.16569	0.00651	0.00595
21	0.01739	0.01476	0.01557	0.01380	0.01772	0.01702	0.01079	0.08844	0.65628	0.02920	0.02642	0.02432	0.01976	0.00902	0.00682	0.00226	0.00548	0.00746	0.00682	0.01068
22	0.00975	0.00653	0.00747	0.00747	0.00752	0.00659	0.00425	0.00985	0.00980	0.01312	0.02100	0.04315	0.02407	0.73339	0.06451	0.00669	0.00700	0.00965	0.00405	0.00415
23	0.06590	0.01145	0.01327	0.00992	0.01529	0.00915	0.00793	0.01836	0.01445	0.10815	0.01747	0.04078	0.05165	0.00663	0.00541	0.00132	0.00495	0.00533	0.00471	0.58787
24	0.25885	0.01177	0.01345	0.01080	0.01545	0.01145	0.00887	0.04877	0.01714	0.44621	0.04711	0.02174	0.04358	0.00822	0.00607	0.00208	0.00543	0.00629	0.00691	0.00978
25	0.00974	0.00658	0.00769	0.00769	0.00782	0.00671	0.00453	0.01000	0.00987	0.01329	0.02080	0.04201	0.02357	0.68711	0.11011	0.00697	0.00774	0.00948	0.00401	0.00427
26	0.00813	0.00660	0.00724	0.00767	0.00943	0.00570	0.00561	0.00979	0.01479	0.01818	0.07639	0.23608	0.51142	0.01796	0.00813	0.00240	0.00361	0.03894	0.00626	0.00565
27	0.03559	0.00723	0.00914	0.00926	0.01067	0.00676	0.00654	0.01382	0.01409	0.12732	0.10618	0.37418	0.06646	0.14665	0.01252	0.00319	0.00463	0.03324	0.00623	0.00631
28	0.00843	0.00596	0.00777	0.00904	0.00942	0.00562	0.00595	0.00951	0.01266	0.01693	0.05888	0.64039	0.04241	0.11881	0.01192	0.00320	0.00421	0.01760	0.00598	0.00530
29	0.01391	0.01193	0.01391	0.00994	0.01590	0.00894	0.00795	0.01690	0.01391	0.02186	0.01193	0.01391	0.00994	0.00497	0.00497	0.00099	0.00497	0.00398	0.00398	0.80521
30	0.06185	0.01246	0.01357	0.01135	0.01474	0.01326	0.00893	0.31299	0.02160	0.08722	0.04227	0.10914	0.01929	0.06787	0.00853	0.00236	0.00564	0.00802	0.17021	0.00870
31	0.00826	0.00628	0.00745	0.00823	0.00934	0.00564	0.00567	0.00964	0.01384	0.01770	0.08104	0.42235	0.29046	0.06950	0.01003	0.00278	0.00385	0.01631	0.00614	0.00548
32	0.01315	0.01055	0.01481	0.04226	0.07448	0.01041	0.06384	0.08441	0.04673	0.04593	0.15022	0.12011	0.14707	0.03787	0.06023	0.00290	0.00642	0.01034	0.00560	0.05266
33	0.01170	0.00818	0.01020	0.00992	0.01189	0.00796	0.00748	0.01651	0.11459	0.06918	0.31493	0.22634	0.06336	0.01473	0.00786	0.00233	0.00410	0.06006	0.00685	0.03184
34	0.00949	0.00639	0.00740	0.00767	0.00773	0.00632	0.00444	0.00969	0.01029	0.01372	0.02387	0.16721	0.02784	0.63619	0.02974	0.00585	0.00606	0.01136	0.00444	0.00430
35	0.03598	0.00806	0.01169	0.04270	0.02900	0.00842	0.04610	0.01223	0.03281	0.01594	0.04756	0.10564	0.04288	0.16503	0.09620	0.25697	0.02483	0.00877	0.00404	0.00515
36	0.01611	0.01626	0.02642	0.12176	0.39731	0.05687	0.12332	0.02046	0.03432	0.02049	0.01286	0.01715	0.01058	0.00804	0.03180	0.00241	0.06476	0.00626	0.00338	0.00943
37	0.00991	0.00664	0.00802	0.00798	0.00845	0.00683	0.00510	0.01085	0.01101	0.01549	0.07604	0.03969	0.02552	0.51385	0.16201	0.00659	0.00814	0.00920	0.06391	0.00477
38	0.00950	0.00698	0.01004	0.01016	0.01112	0.00788	0.00758	0.01144	0.01080	0.01532	0.01995	0.08722	0.02009	0.15305	0.57615	0.00951	0.01517	0.00851	0.00387	0.00566
39	0.01366	0.01149	0.01452	0.24269	0.02380	0.06826	0.02874	0.03872	0.04518	0.06096	0.04987	0.16772	0.11687	0.01219	0.00788	0.02722	0.00662	0.03066	0.02578	0.00715

[dist]
# distance from previous block
# <min> <max>
0	2

[block]
# block no. 5 follows, 32 sequences, length 7
# corresponding to MSA columns:
# 281-287
name=unknown_F
#
# <colnr> <probs for GDERKNQSTAVLIFYWHMCP>
#	G	D	E	R	K	N	Q	S	T	A	V	L	I	F	Y	W	H	M	C	P
0	0.07008	0.01417	0.01801	0.15772	0.13686	0.04198	0.01351	0.13389	0.09099	0.07847	0.04923	0.02237	0.05914	0.01010	0.03651	0.00249	0.04363	0.00682	0.00498	0.00904
1	0.01772	0.01802	0.02230	0.01998	0.07477	0.12212	0.06854	0.10195	0.01495	0.02025	0.01060	0.01491	0.00935	0.00968	0.01556	0.00252	0.43911	0.00584	0.00354	0.00829
2	0.01266	0.00791	0.01210	0.04492	0.04955	0.00770	0.04715	0.01247	0.01180	0.06478	0.04226	0.07472	0.09605	0.06687	0.01870	0.40689	0.00596	0.00825	0.00414	0.00512
3	0.07572	0.01323	0.01814	0.16573	0.18441	0.06323	0.06258	0.03517	0.01455	0.01984	0.02261	0.07086	0.11475	0.09904	0.01009	0.00267	0.00739	0.00822	0.00410	0.00764
4	0.07308	0.01813	0.01980	0.01547	0.02031	0.08608	0.06520	0.39595	0.02382	0.03260	0.01413	0.01563	0.01069	0.00916	0.03647	0.00229	0.04670	0.00566	0.00534	0.10349
5	0.00906	0.00641	0.00814	0.00907	0.00969	0.00613	0.00628	0.01036	0.01293	0.01715	0.07822	0.38867	0.07191	0.21765	0.01540	0.00372	0.00486	0.11336	0.00572	0.00526
6	0.01536	0.00914	0.01124	0.01033	0.01279	0.00889	0.00788	0.09178	0.04902	0.16143	0.16156	0.22335	0.07947	0.05082	0.00892	0.00252	0.00475	0.04762	0.03546	0.00768

[dist]
# distance from previous block
# <min> <max>
0	3

[block]
# block no. 6 follows, 32 sequences, length 23
# corresponding to MSA columns:
# 291-313
name=unknown_G
#
# <colnr> <probs for GDERKNQSTAVLIFYWHMCP>
#	G	D	E	R	K	N	Q	S	T	A	V	L	I	F	Y	W	H	M	C	P
0	0.01081	0.00758	0.00948	0.00925	0.01087	0.00733	0.00679	0.06129	0.01678	0.04593	0.30297	0.24512	0.11795	0.05184	0.06176	0.00311	0.00500	0.01322	0.00650	0.00642
1	0.01114	0.00747	0.00894	0.00919	0.01052	0.00730	0.00645	0.04386	0.05662	0.05274	0.07568	0.38648	0.09575	0.11176	0.01111	0.00294	0.00440	0.01403	0.07736	0.00628
2	0.03992	0.00887	0.01039	0.00972	0.01217	0.00860	0.00738	0.06334	0.06771	0.12804	0.12290	0.20904	0.18530	0.04253	0.00856	0.00247	0.00451	0.03475	0.02646	0.00734
3	0.09911	0.00916	0.00990	0.00947	0.01159	0.00941	0.00695	0.06469	0.09446	0.04847	0.06886	0.18540	0.16499	0.15562	0.01237	0.00313	0.00494	0.02892	0.00583	0.00674
4	0.02260	0.01577	0.01720	0.01370	0.01823	0.01719	0.01109	0.44635	0.12724	0.09966	0.04443	0.02094	0.01596	0.03944	0.00777	0.00222	0.00647	0.00672	0.05652	0.01049
5	0.01263	0.00864	0.00970	0.00912	0.01075	0.00871	0.00645	0.09201	0.05303	0.05138	0.03105	0.09374	0.14140	0.34357	0.01918	0.00414	0.00562	0.05033	0.04237	0.00620
6	0.01333	0.00912	0.01084	0.01039	0.01252	0.00919	0.00768	0.07815	0.12605	0.08850	0.12519	0.32640	0.09627	0.04317	0.00877	0.00255	0.00456	0.01324	0.00663	0.00744
7	0.01045	0.00705	0.00819	0.00832	0.00974	0.00672	0.00587	0.01320	0.05590	0.04617	0.12768	0.24070	0.17949	0.13004	0.01157	0.00292	0.00414	0.01283	0.11299	0.00604
8	0.01994	0.01426	0.01563	0.01293	0.01694	0.01557	0.01031	0.29770	0.23321	0.08784	0.10306	0.02485	0.02146	0.03470	0.00769	0.00223	0.00582	0.00742	0.05844	0.00999
9	0.02263	0.01507	0.01643	0.01302	0.01751	0.01622	0.01062	0.43954	0.06647	0.11744	0.02093	0.02078	0.04034	0.00844	0.00642	0.00197	0.00619	0.00656	0.14316	0.01026
10	0.06737	0.00908	0.01088	0.00984	0.01247	0.00891	0.00754	0.05888	0.03608	0.20355	0.07322	0.16317	0.05431	0.07102	0.04914	0.00297	0.00554	0.02584	0.12247	0.00773
11	0.01345	0.00813	0.00994	0.00939	0.01149	0.00765	0.00692	0.03805	0.05651	0.14202	0.13822	0.22429	0.17873	0.07426	0.01069	0.03991	0.00449	0.01245	0.00648	0.00693
12	0.01079	0.00733	0.00789	0.00769	0.00885	0.00726	0.00512	0.04081	0.04150	0.01837	0.03159	0.07222	0.16571	0.37274	0.01980	0.00417	0.00510	0.01013	0.15748	0.00545
13	0.00986	0.00712	0.00805	0.00764	0.00989	0.00615	0.00579	0.01208	0.01670	0.06694	0.26844	0.05735	0.46904	0.01541	0.00785	0.00220	0.00348	0.01305	0.00673	0.00625
14	0.01148	0.00876	0.03723	0.01121	0.01294	0.00816	0.05563	0.03368	0.01283	0.04673	0.02372	0.26233	0.02483	0.08348	0.18831	0.09221	0.00857	0.01093	0.06088	0.00609
15	0.01019	0.00741	0.00819	0.00795	0.00971	0.00687	0.00563	0.01280	0.06126	0.05131	0.11979	0.09193	0.35726	0.20335	0.01441	0.00333	0.00442	0.01232	0.00595	0.00592
16	0.01794	0.76823	0.03516	0.01148	0.01722	0.02655	0.01148	0.02009	0.01363	0.01579	0.00933	0.01076	0.00861	0.00574	0.00431	0.00144	0.00718	0.00359	0.00287	0.00861
17	0.01801	0.01507	0.01592	0.01392	0.01795	0.01731	0.01094	0.13508	0.60864	0.03020	0.02563	0.02370	0.01912	0.00895	0.00681	0.00224	0.00562	0.00735	0.00681	0.01074
18	0.01403	0.01186	0.01824	0.12185	0.18555	0.02700	0.06102	0.04209	0.01479	0.05912	0.04649	0.11814	0.06558	0.04039	0.11721	0.00364	0.03177	0.00885	0.00445	0.00794
19	0.01096	0.00738	0.00900	0.00927	0.01094	0.00686	0.00696	0.03484	0.01506	0.07207	0.07112	0.26703	0.23728	0.08572	0.01061	0.00290	0.00459	0.12496	0.00624	0.00619
20	0.00962	0.00704	0.01001	0.01001	0.01093	0.00796	0.00742	0.01148	0.01055	0.01500	0.01868	0.03030	0.01849	0.21059	0.57967	0.00982	0.01540	0.00777	0.00370	0.00556
21	0.19994	0.04849	0.08674	0.03853	0.06332	0.15353	0.18119	0.05612	0.01548	0.02284	0.01137	0.01424	0.00897	0.00672	0.00733	0.00210	0.06555	0.00542	0.00363	0.00850
22	0.04887	0.04863	0.01801	0.01385	0.01847	0.07004	0.01125	0.39216	0.12186	0.05523	0.01798	0.04516	0.01387	0.00830	0.00638	0.00197	0.00683	0.00638	0.04888	0.04590

[dist]
# distance from previous block
# <min> <max>
1	9

[block]
# block no. 7 follows, 32 sequences, length 49
# corresponding to MSA columns:
# 325-373
name=unknown_H
#
# <colnr> <probs for GDERKNQSTAVLIFYWHMCP>
#	G	D	E	R	K	N	Q	S	T	A	V	L	I	F	Y	W	H	M	C	P
0	0.11258	0.04395	0.17207	0.07975	0.06861	0.04084	0.04946	0.09441	0.13094	0.02448	0.01663	0.01847	0.03687	0.00890	0.02799	0.00240	0.05215	0.00603	0.00431	0.00913
1	0.01013	0.00620	0.00865	0.00899	0.00941	0.00628	0.00615	0.00962	0.01044	0.01403	0.02212	0.18731	0.05548	0.11040	0.15257	0.35649	0.00759	0.00981	0.00405	0.00429
2	0.01088	0.00804	0.00926	0.00877	0.01082	0.00789	0.00662	0.03771	0.10321	0.02496	0.35309	0.08698	0.18442	0.01335	0.00739	0.00213	0.00366	0.01148	0.10251	0.00683
3	0.00825	0.00673	0.00716	0.00719	0.00913	0.00578	0.00527	0.01001	0.01533	0.01892	0.14768	0.10187	0.55753	0.05782	0.00940	0.00251	0.00357	0.01394	0.00626	0.00565
4	0.02608	0.01232	0.01545	0.01245	0.01722	0.01191	0.01009	0.03359	0.22668	0.51713	0.02672	0.02350	0.01777	0.00854	0.00677	0.00214	0.00559	0.00700	0.00786	0.01118
5	0.01438	0.01220	0.01416	0.01016	0.01610	0.00942	0.00814	0.04414	0.01462	0.02268	0.01209	0.01400	0.01000	0.00509	0.00504	0.00103	0.00507	0.00406	0.00408	0.77355
6	0.00906	0.00594	0.00807	0.00922	0.00963	0.00562	0.00626	0.00937	0.01208	0.01601	0.03225	0.54119	0.06120	0.02131	0.01261	0.18658	0.00440	0.03881	0.00547	0.00490
7	0.02383	0.02986	0.01949	0.06726	0.05647	0.65402	0.01371	0.02585	0.01846	0.01674	0.01058	0.01271	0.00876	0.00686	0.00612	0.00178	0.01169	0.00451	0.00342	0.00790
8	0.02506	0.03198	0.01901	0.01729	0.02074	0.73725	0.01296	0.02679	0.01901	0.01642	0.01037	0.01210	0.00864	0.00691	0.00605	0.00173	0.01210	0.00432	0.00346	0.00778
9	0.00834	0.00597	0.00778	0.00908	0.00955	0.00557	0.00604	0.00954	0.01300	0.01734	0.06988	0.65297	0.06483	0.07333	0.01033	0.00295	0.00403	0.01792	0.00613	0.00540
10	0.01159	0.01009	0.01623	0.11220	0.21578	0.01019	0.03952	0.01436	0.01433	0.01951	0.07969	0.33669	0.04752	0.01364	0.00772	0.00239	0.00596	0.03023	0.00498	0.00740
11	0.00959	0.00719	0.01078	0.01078	0.01198	0.00839	0.00839	0.01198	0.01078	0.01558	0.01797	0.02636	0.01677	0.05032	0.73760	0.01078	0.01797	0.00719	0.00359	0.00599
12	0.02506	0.03198	0.01901	0.01729	0.02074	0.73725	0.01296	0.02679	0.01901	0.01642	0.01037	0.01210	0.00864	0.00691	0.00605	0.00173	0.01210	0.00432	0.00346	0.00778
13	0.00908	0.00658	0.00840	0.00950	0.01027	0.00634	0.00671	0.01108	0.03680	0.01778	0.05861	0.48146	0.07849	0.11473	0.01182	0.00320	0.00456	0.11300	0.00600	0.00560
14	0.01996	0.36847	0.02745	0.01787	0.12359	0.24975	0.01325	0.04572	0.01611	0.01782	0.01070	0.01281	0.00932	0.00784	0.03180	0.00197	0.00926	0.00439	0.00328	0.00865
15	0.01349	0.01628	0.20973	0.01361	0.04524	0.01086	0.01280	0.05828	0.05465	0.07237	0.33117	0.05747	0.05469	0.01077	0.00725	0.00213	0.00578	0.00923	0.00589	0.00831
16	0.02169	0.14121	0.04348	0.01918	0.09278	0.06124	0.11389	0.30166	0.04195	0.07617	0.01486	0.01600	0.01107	0.00705	0.00645	0.00195	0.00815	0.00587	0.00508	0.01026
17	0.02506	0.03198	0.01901	0.01729	0.02074	0.73725	0.01296	0.02679	0.01901	0.01642	0.01037	0.01210	0.00864	0.00691	0.00605	0.00173	0.01210	0.00432	0.00346	0.00778
18	0.00816	0.00590	0.00773	0.00919	0.00969	0.00546	0.00616	0.00936	0.01299	0.01719	0.03881	0.71871	0.08429	0.02078	0.00853	0.00270	0.00386	0.01878	0.00623	0.00546
19	0.02353	0.01538	0.08730	0.01683	0.04692	0.01274	0.13859	0.09360	0.01893	0.38998	0.04059	0.05049	0.01632	0.00818	0.00703	0.00213	0.00724	0.00734	0.00644	0.01043
20	0.01318	0.03242	0.08677	0.02166	0.15446	0.01251	0.19655	0.03503	0.01515	0.02081	0.05497	0.25283	0.02446	0.01155	0.00767	0.00234	0.00743	0.03750	0.00459	0.00811
21	0.01468	0.01468	0.02055	0.01762	0.01762	0.02055	0.01468	0.01615	0.01028	0.01615	0.00881	0.01468	0.00881	0.01174	0.02202	0.00294	0.75191	0.00587	0.00294	0.00734
22	0.81159	0.01298	0.00986	0.00882	0.01298	0.01505	0.00727	0.01972	0.01142	0.03010	0.00934	0.01090	0.00727	0.00623	0.00415	0.00208	0.00519	0.00363	0.00415	0.00727
23	0.00824	0.00597	0.00779	0.00911	0.00970	0.00552	0.00616	0.00956	0.01338	0.01777	0.07937	0.66975	0.09229	0.02031	0.00848	0.00266	0.00382	0.01832	0.00630	0.00552
24	0.01468	0.01468	0.02055	0.01762	0.01762	0.02055	0.01468	0.01615	0.01028	0.01615	0.00881	0.01468	0.00881	0.01174	0.02202	0.00294	0.75191	0.00587	0.00294	0.00734
25	0.01718	0.01269	0.01485	0.01083	0.01663	0.01047	0.00875	0.10059	0.01664	0.10613	0.01412	0.01521	0.01089	0.00573	0.00538	0.00124	0.00534	0.00454	0.00481	0.61797
26	0.01260	0.01136	0.01886	0.59552	0.08519	0.01366	0.01689	0.01621	0.01319	0.01698	0.01466	0.02031	0.04378	0.00874	0.00862	0.07847	0.00832	0.00635	0.00315	0.00714
