[name]
unknown

[dist]
# distance from previous block
# <min> <max>
0	16

[block]
# block no. 0 follows, 28 sequences, length 7
# corresponding to MSA columns:
# 16-22
name=unknown_A
#
# <colnr> <probs for GDERKNQSTAVLIFYWHMCP>
#	G	D	E	R	K	N	Q	S	T	A	V	L	I	F	Y	W	H	M	C	P
0	0.01557	0.01428	0.02303	0.25208	0.32808	0.01548	0.01879	0.02125	0.07181	0.02274	0.05330	0.02799	0.01810	0.00891	0.00761	0.00240	0.00825	0.07630	0.00436	0.00966
1	0.01682	0.01678	0.02344	0.38552	0.23480	0.09196	0.01936	0.02262	0.07699	0.02109	0.01448	0.01900	0.01133	0.00730	0.00718	0.00229	0.00939	0.00643	0.00377	0.00944
2	0.01018	0.00828	0.01055	0.01256	0.08455	0.00758	0.00806	0.01233	0.01611	0.02070	0.12331	0.19344	0.33861	0.06492	0.01052	0.00286	0.00471	0.05768	0.00639	0.00667
3	0.01805	0.01479	0.01687	0.01455	0.04826	0.01465	0.01092	0.15799	0.20609	0.02963	0.02100	0.08511	0.01771	0.00895	0.00677	0.00191	0.00606	0.00744	0.00597	0.30729
4	0.01331	0.01113	0.01240	0.11352	0.01809	0.06771	0.00954	0.05196	0.01775	0.05164	0.14315	0.21701	0.21388	0.01548	0.00827	0.00247	0.00577	0.01332	0.00632	0.00728
5	0.17754	0.08148	0.15343	0.01592	0.02217	0.11871	0.03635	0.16890	0.05531	0.02925	0.01387	0.01523	0.01054	0.00733	0.00624	0.00207	0.00860	0.00531	0.00473	0.06702
6	0.05669	0.04619	0.02288	0.01747	0.02201	0.08406	0.14694	0.19512	0.02151	0.07358	0.08927	0.08195	0.02094	0.01242	0.04789	0.00283	0.03447	0.00853	0.00571	0.00953

[dist]
# distance from previous block
# <min> <max>
0	7

[block]
# block no. 1 follows, 28 sequences, length 51
# corresponding to MSA columns:
# 30-80
name=unknown_B
#
# <colnr> <probs for GDERKNQSTAVLIFYWHMCP>
#	G	D	E	R	K	N	Q	S	T	A	V	L	I	F	Y	W	H	M	C	P
0	0.04737	0.04209	0.01434	0.01180	0.01484	0.01124	0.02952	0.01819	0.09449	0.04082	0.13078	0.20437	0.05393	0.04618	0.00983	0.00248	0.04987	0.01113	0.00593	0.16080
1	0.01913	0.01843	0.15101	0.10418	0.18312	0.01451	0.03749	0.04647	0.04736	0.16118	0.01933	0.06382	0.01547	0.03974	0.00854	0.00246	0.00813	0.00750	0.00511	0.04703
2	0.01661	0.01414	0.01883	0.09518	0.15164	0.05020	0.04279	0.06062	0.06785	0.06046	0.07550	0.10582	0.06767	0.01031	0.00740	0.00218	0.00697	0.00908	0.02556	0.11117
3	0.01482	0.01263	0.01479	0.01068	0.01689	0.00954	0.00852	0.01806	0.01537	0.02398	0.04915	0.01716	0.01384	0.00589	0.00555	0.00114	0.00528	0.00478	0.00450	0.74745
4	0.01678	0.01558	0.02557	0.10027	0.51356	0.01596	0.01960	0.04066	0.03855	0.02353	0.01747	0.10671	0.01620	0.00872	0.00747	0.00229	0.00808	0.00827	0.00419	0.01054
5	0.00911	0.00710	0.00827	0.00858	0.01029	0.00627	0.00621	0.01122	0.01692	0.02186	0.22912	0.24595	0.35585	0.01864	0.00877	0.00254	0.00376	0.01619	0.00708	0.00627
6	0.00883	0.00732	0.00760	0.00760	0.00982	0.00623	0.00560	0.01067	0.01647	0.02002	0.11613	0.08630	0.59603	0.05682	0.01012	0.00270	0.00386	0.01507	0.00672	0.00609
7	0.01808	0.01561	0.01644	0.01479	0.01890	0.01808	0.01151	0.03863	0.68606	0.03041	0.02959	0.02712	0.02219	0.00986	0.00740	0.00247	0.00575	0.00822	0.00740	0.01151
8	0.01049	0.00701	0.00795	0.00803	0.00805	0.00699	0.00451	0.01055	0.01073	0.01430	0.02371	0.08011	0.02744	0.71061	0.03569	0.00685	0.00691	0.01105	0.00451	0.00447
9	0.01943	0.74891	0.03809	0.01244	0.01866	0.02876	0.01244	0.02177	0.01477	0.01710	0.01011	0.01166	0.00933	0.00622	0.00466	0.00155	0.00777	0.00389	0.00311	0.00933
10	0.03261	0.01237	0.01687	0.01293	0.01856	0.01068	0.01068	0.03543	0.02081	0.70423	0.02868	0.02474	0.01799	0.00900	0.00731	0.00225	0.00619	0.00731	0.00900	0.01237
11	0.01038	0.00779	0.01168	0.01168	0.01298	0.00909	0.00909	0.01298	0.01168	0.01687	0.01947	0.02856	0.01817	0.05452	0.71573	0.01168	0.01947	0.00779	0.00389	0.00649
12	0.02715	0.03464	0.02060	0.01873	0.02247	0.71536	0.01404	0.02903	0.02060	0.01779	0.01124	0.01311	0.00936	0.00749	0.00655	0.00187	0.01311	0.00468	0.00375	0.00843
13	0.01808	0.01561	0.01644	0.01479	0.01890	0.01808	0.01151	0.03863	0.68606	0.03041	0.02959	0.02712	0.02219	0.00986	0.00740	0.00247	0.00575	0.00822	0.00740	0.01151
14	0.00886	0.00633	0.00843	0.01012	0.01054	0.00590	0.00675	0.01012	0.01392	0.01856	0.04006	0.73979	0.04808	0.02277	0.00928	0.00295	0.00422	0.02066	0.00675	0.00590
15	0.01038	0.00779	0.01168	0.01168	0.01298	0.00909	0.00909	0.01298	0.01168	0.01687	0.01947	0.02856	0.01817	0.05452	0.71573	0.01168	0.01947	0.00779	0.00389	0.00649
16	0.02602	0.01373	0.01612	0.01286	0.01759	0.01383	0.01046	0.21473	0.07579	0.31987	0.02449	0.02334	0.01685	0.00888	0.00684	0.00213	0.00608	0.00705	0.17223	0.01112
17	0.01812	0.01524	0.01613	0.01411	0.01838	0.01703	0.01106	0.10682	0.51446	0.03079	0.03143	0.02938	0.08322	0.01029	0.00739	0.00236	0.00579	0.00848	0.00716	0.05238
18	0.01771	0.01560	0.01895	0.02096	0.16510	0.01740	0.01362	0.03399	0.51183	0.02892	0.05616	0.02638	0.02198	0.00936	0.00741	0.00239	0.00627	0.00807	0.00661	0.01130
19	0.01011	0.00782	0.01058	0.03500	0.05463	0.00767	0.00835	0.01286	0.05450	0.01964	0.03874	0.59440	0.07747	0.02028	0.00894	0.00283	0.00473	0.01832	0.00648	0.00667
20	0.01507	0.01292	0.01507	0.01077	0.01723	0.00969	0.00861	0.01830	0.01507	0.02369	0.01292	0.01507	0.01077	0.00538	0.00538	0.00108	0.00538	0.00431	0.00431	0.78898
21	0.01012	0.00742	0.00948	0.00897	0.01076	0.00679	0.00672	0.01339	0.02017	0.02820	0.63305	0.05587	0.13149	0.01522	0.00858	0.00230	0.00345	0.01337	0.00788	0.00679
22	0.01127	0.00810	0.01106	0.01258	0.01412	0.00800	0.01068	0.01423	0.01624	0.02106	0.03981	0.13164	0.07641	0.05106	0.01105	0.00343	0.00635	0.53978	0.00660	0.00650
23	0.01472	0.06160	0.56464	0.02055	0.03013	0.01678	0.08911	0.02233	0.01588	0.02325	0.06195	0.01841	0.01365	0.00737	0.00710	0.00229	0.01025	0.00619	0.00348	0.01032
24	0.01716	0.01961	0.04289	0.03064	0.03799	0.01838	0.67279	0.02328	0.01716	0.02328	0.01471	0.01961	0.01103	0.00613	0.00858	0.00245	0.01225	0.00858	0.00368	0.00980
25	0.01038	0.00779	0.01168	0.01168	0.01298	0.00909	0.00909	0.01298	0.01168	0.01687	0.01947	0.02856	0.01817	0.05452	0.71573	0.01168	0.01947	0.00779	0.00389	0.00649
26	0.02077	0.01283	0.01375	0.01135	0.01504	0.01361	0.00912	0.29194	0.02352	0.08336	0.02146	0.02292	0.01598	0.00861	0.00615	0.00194	0.00551	0.00672	0.40592	0.00950
27	0.01297	0.01096	0.01238	0.07199	0.06454	0.07202	0.00958	0.01514	0.01611	0.06036	0.04366	0.28363	0.25024	0.01662	0.00839	0.00256	0.00579	0.02976	0.00609	0.00720
28	0.01084	0.00893	0.04099	0.00944	0.01182	0.00729	0.00762	0.01417	0.01957	0.04781	0.52284	0.05468	0.18665	0.01501	0.00846	0.00232	0.00389	0.01304	0.00757	0.00706
29	0.54202	0.01350	0.01274	0.01068	0.01555	0.01444	0.00881	0.02604	0.01518	0.25600	0.01629	0.01611	0.01124	0.00750	0.00543	0.00225	0.00581	0.00506	0.00599	0.00937
30	0.01911	0.01760	0.05506	0.11486	0.26806	0.01777	0.08879	0.16016	0.01971	0.05042	0.01630	0.06144	0.01361	0.00849	0.00855	0.00235	0.05498	0.00754	0.00467	0.01052
31	0.01799	0.01646	0.02770	0.06767	0.61595	0.01646	0.02100	0.02216	0.01665	0.05080	0.01695	0.02066	0.04256	0.00715	0.00727	0.00219	0.00835	0.00691	0.00394	0.01118
32	0.01054	0.00769	0.01119	0.01119	0.01241	0.00884	0.00857	0.01299	0.01176	0.01714	0.01991	0.02985	0.01878	0.10184	0.63502	0.01090	0.01785	0.00794	0.03923	0.00635
33	0.68512	0.01702	0.01211	0.01088	0.01527	0.11703	0.00876	0.02247	0.01356	0.03048	0.01028	0.01200	0.00809	0.00685	0.00479	0.00219	0.00670	0.00404	0.00439	0.00795
34	0.00891	0.00734	0.00784	0.00780	0.01004	0.00626	0.00582	0.01102	0.01720	0.02134	0.18628	0.09340	0.55573	0.01793	0.00861	0.00244	0.00366	0.01515	0.00698	0.00626
35	0.01784	0.12403	0.10265	0.02564	0.26517	0.12970	0.01701	0.02211	0.04228	0.02118	0.02180	0.02378	0.10974	0.00876	0.00758	0.00214	0.03778	0.00704	0.00408	0.00970
36	0.04808	0.01346	0.05238	0.01338	0.01792	0.01213	0.03880	0.02864	0.16575	0.28716	0.20574	0.03203	0.03138	0.01045	0.00760	0.00232	0.00583	0.00891	0.00768	0.01035
37	0.02222	0.32604	0.02764	0.01566	0.04109	0.20842	0.01296	0.12459	0.03766	0.02297	0.01248	0.01391	0.01037	0.00696	0.00580	0.00173	0.00895	0.00475	0.00418	0.09162
38	0.01944	0.01306	0.01562	0.01167	0.01743	0.01097	0.00941	0.09099	0.01879	0.16233	0.08360	0.02111	0.01806	0.00739	0.00628	0.00155	0.00563	0.00601	0.00592	0.47476
39	0.01795	0.02370	0.21129	0.04445	0.15399	0.05435	0.17923	0.11152	0.01889	0.02575	0.01632	0.03996	0.01353	0.00814	0.00766	0.00236	0.01003	0.04632	0.00425	0.01031
40	0.01542	0.02462	0.30659	0.06501	0.08739	0.01636	0.14844	0.02414	0.11567	0.02457	0.08293	0.02222	0.01755	0.00796	0.00752	0.00235	0.00934	0.00735	0.00437	0.01020
41	0.00886	0.00633	0.00843	0.01012	0.01054	0.00590	0.00675	0.01012	0.01392	0.01856	0.04006	0.73979	0.04808	0.02277	0.00928	0.00295	0.00422	0.02066	0.00675	0.00590
42	0.02059	0.01669	0.01742	0.01571	0.03944	0.05917	0.01195	0.11471	0.45520	0.08701	0.06178	0.02606	0.02200	0.00967	0.00738	0.00236	0.00647	0.00793	0.00721	0.01125
43	0.01958	0.05150	0.12961	0.04678	0.19974	0.04866	0.09385	0.11209	0.01899	0.08556	0.01745	0.04446	0.01448	0.00868	0.00808	0.00233	0.03672	0.04623	0.00475	0.01045
44	0.02017	0.02160	0.02244	0.32234	0.14744	0.27264	0.01788	0.02375	0.01737	0.04836	0.01310	0.01707	0.01023	0.00729	0.00700	0.00217	0.01062	0.00585	0.00373	0.00896
45	0.01057	0.00705	0.00793	0.00793	0.00793	0.00705	0.00440	0.01057	0.01057	0.01409	0.02290	0.04757	0.02643	0.74454	0.03700	0.00705	0.00705	0.01057	0.00440	0.00440
46	0.01548	0.01322	0.01596	0.05435	0.01927	0.01129	0.00989	0.05292	0.01610	0.02448	0.04506	0.01735	0.01344	0.00651	0.00673	0.00138	0.04422	0.00508	0.00451	0.62275
47	0.04515	0.01731	0.06299	0.02524	0.24060	0.01696	0.04270	0.10665	0.07262	0.04689	0.03439	0.01929	0.01387	0.00945	0.03036	0.00250	0.09660	0.00653	0.00471	0.10518
48	0.01137	0.00858	0.01048	0.01065	0.04108	0.00826	0.00754	0.01620	0.08446	0.02694	0.41003	0.05051	0.18215	0.01409	0.00806	0.00227	0.00393	0.01219	0.08386	0.00736
49	0.01048	0.00709	0.00807	0.00807	0.00824	0.00710	0.00466	0.01067	0.01088	0.01446	0.02495	0.04768	0.05512	0.68193	0.06635	0.00706	0.00746	0.01065	0.00448	0.00457
50	0.05715	0.01958	0.02715	0.03453	0.43802	0.08950	0.05824	0.13902	0.01994	0.02745	0.01399	0.01720	0.01124	0.00697	0.00710	0.00216	0.00905	0.00631	0.00431	0.01108

[dist]
# distance from previous block
# <min> <max>
0	5

[block]
# block no. 2 follows, 28 sequences, length 94
# corresponding to MSA columns:
# 86-179
name=unknown_C
#
# <colnr> <probs for GDERKNQSTAVLIFYWHMCP>
#	G	D	E	R	K	N	Q	S	T	A	V	L	I	F	Y	W	H	M	C	P
0	0.01266	0.01125	0.01600	0.01463	0.01544	0.01459	0.01183	0.01479	0.01170	0.01728	0.01803	0.02528	0.04983	0.03469	0.38181	0.00755	0.32423	0.00757	0.00374	0.00710
1	0.01561	0.01352	0.01675	0.01201	0.01849	0.01058	0.04343	0.04092	0.01583	0.02442	0.01317	0.01539	0.01083	0.00554	0.00561	0.00119	0.00583	0.00461	0.00437	0.72189
2	0.02315	0.02772	0.02210	0.04768	0.02421	0.47310	0.09600	0.04765	0.05444	0.02016	0.01565	0.08446	0.01405	0.00893	0.00716	0.00211	0.01146	0.00701	0.00431	0.00863
3	0.01045	0.00782	0.01168	0.01177	0.01309	0.00905	0.00922	0.01309	0.01195	0.01713	0.02046	0.03134	0.01941	0.05272	0.67892	0.01125	0.01880	0.04130	0.00404	0.00650
4	0.75607	0.01397	0.01101	0.00974	0.01429	0.01601	0.00802	0.02210	0.01281	0.06764	0.01109	0.01248	0.00840	0.00686	0.00465	0.00225	0.00565	0.00411	0.00473	0.00811
5	0.01777	0.01704	0.02910	0.08021	0.66534	0.01721	0.02220	0.02211	0.01645	0.02348	0.01363	0.01806	0.01142	0.00652	0.00720	0.00217	0.00869	0.00648	0.00358	0.01133
6	0.01538	0.01488	0.01721	0.04167	0.06509	0.10585	0.01246	0.01894	0.06874	0.01844	0.01637	0.02453	0.01538	0.12305	0.20879	0.00570	0.20857	0.00727	0.00400	0.00768
7	0.02129	0.04187	0.01921	0.01622	0.04701	0.01941	0.01240	0.27800	0.34518	0.03452	0.02324	0.02384	0.01785	0.05568	0.00912	0.00260	0.00688	0.00751	0.00686	0.01131
8	0.57235	0.04397	0.01421	0.01201	0.01627	0.17472	0.00966	0.02299	0.01427	0.02828	0.01036	0.01222	0.00831	0.00708	0.00555	0.00217	0.02912	0.00418	0.00424	0.00805
9	0.00893	0.00727	0.00777	0.00798	0.01001	0.00628	0.00586	0.01071	0.01609	0.01965	0.09204	0.13816	0.53607	0.06474	0.01051	0.00282	0.00405	0.03835	0.00665	0.00605
10	0.04230	0.04421	0.02027	0.01823	0.08766	0.04408	0.01332	0.24195	0.31613	0.06100	0.02218	0.02153	0.01648	0.00883	0.00713	0.00227	0.00711	0.00707	0.00668	0.01154
11	0.02694	0.01255	0.01629	0.01223	0.01813	0.01036	0.01001	0.02989	0.01895	0.48425	0.02358	0.02162	0.01566	0.00783	0.00669	0.00187	0.00593	0.00634	0.00748	0.26340
12	0.01805	0.10300	0.23409	0.07568	0.12742	0.10719	0.01871	0.07727	0.06088	0.02405	0.05060	0.02006	0.03614	0.00799	0.00689	0.00216	0.00918	0.00637	0.00425	0.01004
13	0.01661	0.16180	0.29091	0.02354	0.03195	0.01975	0.30800	0.02290	0.01604	0.02204	0.01323	0.01653	0.01003	0.00644	0.00722	0.00223	0.01086	0.00650	0.00334	0.01007
14	0.01263	0.00631	0.00947	0.00947	0.00947	0.00631	0.00631	0.00947	0.00947	0.01263	0.01263	0.02210	0.01263	0.02525	0.02841	0.78851	0.00631	0.00631	0.00316	0.00316
15	0.01263	0.00631	0.00947	0.00947	0.00947	0.00631	0.00631	0.00947	0.00947	0.01263	0.01263	0.02210	0.01263	0.02525	0.02841	0.78851	0.00631	0.00631	0.00316	0.00316
16	0.18365	0.01988	0.12940	0.04110	0.02345	0.01765	0.07525	0.23390	0.04475	0.10461	0.01668	0.01772	0.01191	0.00779	0.00667	0.00224	0.00793	0.00615	0.03873	0.01052
17	0.01141	0.00948	0.01214	0.05848	0.07657	0.02902	0.00944	0.03045	0.01526	0.02005	0.03903	0.24870	0.20699	0.02361	0.13900	0.00422	0.00796	0.01327	0.03793	0.00700
18	0.00904	0.00645	0.00864	0.01033	0.01083	0.00606	0.00706	0.01043	0.01409	0.01876	0.03996	0.69845	0.04768	0.02260	0.00933	0.00298	0.00437	0.06024	0.00674	0.00595
19	0.00859	0.00736	0.00736	0.00736	0.00982	0.00614	0.00552	0.01043	0.01657	0.01964	0.07364	0.06996	0.69624	0.01841	0.00859	0.00245	0.00368	0.01534	0.00675	0.00614
20	0.01686	0.01506	0.02251	0.31982	0.10160	0.01718	0.06736	0.12061	0.10656	0.02550	0.04239	0.02311	0.04178	0.00861	0.00817	0.00240	0.03874	0.00746	0.00477	0.00953
21	0.05389	0.15970	0.22192	0.04235	0.02580	0.24865	0.05896	0.04454	0.01769	0.04501	0.01258	0.01460	0.00976	0.00706	0.00643	0.00203	0.01059	0.00516	0.00374	0.00956
22	0.01004	0.00740	0.00945	0.00943	0.01111	0.00681	0.00715	0.01300	0.01890	0.02591	0.46973	0.13291	0.15270	0.01675	0.00880	0.00249	0.00388	0.07936	0.00756	0.00664
23	0.01057	0.00705	0.00793	0.00793	0.00793	0.00705	0.00440	0.01057	0.01057	0.01409	0.02290	0.04757	0.02643	0.74454	0.03700	0.00705	0.00705	0.01057	0.00440	0.00440
24	0.02085	0.01661	0.04752	0.05241	0.28314	0.04411	0.10567	0.02478	0.01752	0.19420	0.03575	0.06618	0.01651	0.00859	0.00809	0.00231	0.03196	0.00792	0.00524	0.01064
25	0.01552	0.01318	0.01531	0.01098	0.01741	0.01014	0.00880	0.04146	0.01575	0.02447	0.01308	0.01516	0.01082	0.00550	0.00545	0.00112	0.00548	0.00439	0.00441	0.76159
26	0.01430	0.01347	0.01284	0.01211	0.01436	0.12050	0.00922	0.01813	0.08573	0.04289	0.08325	0.15113	0.25391	0.01659	0.03488	0.00283	0.08828	0.01208	0.00600	0.00748
27	0.01788	0.12260	0.23795	0.02316	0.13918	0.07145	0.09049	0.05092	0.04392	0.04088	0.01546	0.01986	0.01253	0.00998	0.04396	0.00269	0.01018	0.03276	0.00398	0.01016
28	0.01120	0.00829	0.00993	0.00944	0.01169	0.00766	0.00706	0.01523	0.06936	0.04728	0.35293	0.14069	0.21737	0.01579	0.00840	0.00237	0.00394	0.01372	0.00735	0.04027
29	0.01744	0.01432	0.01634	0.01189	0.01823	0.01211	0.00959	0.14211	0.01867	0.02786	0.01377	0.01552	0.01107	0.00601	0.00574	0.00128	0.00588	0.00473	0.00487	0.64256
30	0.01891	0.17126	0.10007	0.05222	0.12482	0.15610	0.11984	0.04216	0.01751	0.02157	0.04332	0.01926	0.04018	0.00750	0.00680	0.00203	0.00963	0.00637	0.00391	0.03653
31	0.05043	0.07534	0.42102	0.02218	0.12193	0.04133	0.02202	0.06520	0.01715	0.07673	0.01425	0.01612	0.01036	0.00709	0.00675	0.00221	0.00960	0.00557	0.00395	0.01079
32	0.01133	0.00814	0.01122	0.01270	0.01432	0.00804	0.01087	0.01450	0.01679	0.02194	0.08114	0.12146	0.06746	0.01986	0.00985	0.00322	0.00622	0.54752	0.00678	0.00663
33	0.00942	0.00735	0.00854	0.00834	0.01035	0.00647	0.00622	0.01200	0.01838	0.02416	0.37088	0.09085	0.36723	0.01689	0.00861	0.00239	0.00358	0.01451	0.00735	0.00647
34	0.02077	0.22168	0.17319	0.03703	0.02390	0.14049	0.03965	0.13153	0.03744	0.04849	0.04930	0.01726	0.01361	0.00767	0.00649	0.00202	0.00925	0.00574	0.00450	0.00999
35	0.01703	0.15449	0.50288	0.01871	0.02775	0.04381	0.02258	0.02361	0.01564	0.06446	0.01335	0.01526	0.00980	0.00714	0.00713	0.00219	0.03502	0.00525	0.00348	0.01043
36	0.00859	0.00736	0.00736	0.00736	0.00982	0.00614	0.00552	0.01043	0.01657	0.01964	0.07364	0.06996	0.69624	0.01841	0.00859	0.00245	0.00368	0.01534	0.00675	0.00614
37	0.00886	0.00633	0.00843	0.01012	0.01054	0.00590	0.00675	0.01012	0.01392	0.01856	0.04006	0.73979	0.04808	0.02277	0.00928	0.00295	0.00422	0.02066	0.00675	0.00590
38	0.01528	0.06190	0.10950	0.09379	0.07544	0.01486	0.04211	0.04167	0.07728	0.05167	0.06847	0.12559	0.04324	0.01203	0.00921	0.00254	0.06976	0.07152	0.00523	0.00890
39	0.01300	0.01183	0.01947	0.59375	0.04276	0.01436	0.01770	0.01744	0.01523	0.01986	0.09776	0.06975	0.01932	0.00918	0.00756	0.00244	0.00858	0.00818	0.00404	0.00779
40	0.01055	0.00707	0.00804	0.00801	0.00811	0.00704	0.00456	0.01077	0.01120	0.01505	0.06547	0.04799	0.02910	0.69835	0.03520	0.00675	0.00682	0.01073	0.00463	0.00456
41	0.06442	0.12458	0.48709	0.01919	0.05544	0.01784	0.02202	0.03798	0.01551	0.02317	0.01433	0.06067	0.01178	0.00784	0.00664	0.00223	0.00947	0.00613	0.00352	0.01015
42	0.66543	0.01462	0.01199	0.01056	0.01510	0.01689	0.00863	0.06427	0.08491	0.03321	0.01264	0.01378	0.00967	0.00720	0.00498	0.00227	0.00579	0.00455	0.00498	0.00854
43	0.01586	0.05674	0.06297	0.06234	0.11281	0.06713	0.01220	0.07250	0.04382	0.02153	0.01855	0.04872	0.01766	0.22316	0.05460	0.00404	0.00853	0.00782	0.05346	0.03558
44	0.13942	0.15656	0.22269	0.01967	0.05429	0.04322	0.14922	0.02315	0.01574	0.06160	0.01425	0.01823	0.01130	0.00725	0.00661	0.00221	0.00928	0.03165	0.00395	0.00973
45	0.08009	0.01382	0.01731	0.01336	0.01894	0.01303	0.01103	0.14175	0.02251	0.55134	0.02562	0.02270	0.01641	0.00881	0.00713	0.00224	0.00645	0.00697	0.00842	0.01208
46	0.01041	0.00769	0.01121	0.01121	0.01234	0.00883	0.00850	0.01268	0.01154	0.01652	0.01990	0.03096	0.01921	0.14157	0.63011	0.01110	0.01790	0.00814	0.00396	0.00623
47	0.01697	0.01385	0.04444	0.04377	0.04008	0.03004	0.02826	0.04782	0.23724	0.09948	0.07696	0.03488	0.08991	0.14866	0.01313	0.00325	0.00657	0.00923	0.00632	0.00914
48	0.01252	0.00795	0.01030	0.00941	0.01159	0.00721	0.00716	0.01576	0.02030	0.09975	0.57835	0.05235	0.11027	0.01451	0.00844	0.00229	0.00374	0.01269	0.00801	0.00739
49	0.01102	0.00866	0.01303	0.01235	0.01394	0.00984	0.02902	0.01360	0.01192	0.01726	0.01879	0.02800	0.01764	0.07817	0.60816	0.01042	0.04679	0.00772	0.00390	0.03976
50	0.01577	0.04313	0.01740	0.01187	0.01834	0.01126	0.03674	0.04118	0.01580	0.02416	0.01304	0.01521	0.01077	0.00556	0.00555	0.00119	0.00586	0.00455	0.00433	0.69829
51	0.01943	0.74891	0.03809	0.01244	0.01866	0.02876	0.01244	0.02177	0.01477	0.01710	0.01011	0.01166	0.00933	0.00622	0.00466	0.00155	0.00777	0.00389	0.00311	0.00933
52	0.01034	0.00709	0.00914	0.00960	0.01092	0.00648	0.00683	0.01252	0.01690	0.05121	0.28131	0.39124	0.12144	0.01887	0.00887	0.00263	0.00396	0.01682	0.00730	0.00655
53	0.00989	0.00794	0.01064	0.05966	0.06194	0.00755	0.00841	0.01197	0.01551	0.02020	0.10582	0.38729	0.22899	0.01861	0.00874	0.00266	0.00467	0.01651	0.00640	0.00660
54	0.01732	0.16141	0.41677	0.06503	0.04623	0.03551	0.02157	0.04008	0.01600	0.06473	0.01343	0.01563	0.00997	0.00723	0.00728	0.00219	0.04035	0.00538	0.00360	0.01030
55	0.00998	0.00680	0.00810	0.00868	0.00882	0.00666	0.00521	0.01042	0.01172	0.01562	0.02878	0.28452	0.03384	0.49747	0.02751	0.00565	0.00608	0.01403	0.00521	0.00492
56	0.00893	0.00647	0.00844	0.00987	0.01051	0.00598	0.00667	0.01037	0.01452	0.01930	0.08386	0.65022	0.09406	0.02197	0.00919	0.00288	0.00413	0.01982	0.00683	0.00598
57	0.01798	0.05282	0.15485	0.05747	0.36516	0.06066	0.09463	0.03952	0.04392	0.02355	0.01408	0.01752	0.01120	0.00679	0.00717	0.00220	0.00957	0.00636	0.00373	0.01080
58	0.06473	0.05496	0.14731	0.04045	0.05985	0.05028	0.01436	0.08624	0.06162	0.02417	0.04383	0.09266	0.03977	0.04218	0.09097	0.00363	0.03444	0.03485	0.00487	0.00883
59	0.01069	0.00747	0.00896	0.00904	0.01097	0.00668	0.00676	0.01305	0.01733	0.05717	0.23339	0.19614	0.29529	0.01758	0.00863	0.00253	0.00402	0.05396	0.03366	0.00666
60	0.01686	0.01612	0.02746	0.22559	0.52706	0.01697	0.02175	0.02132	0.01602	0.02238	0.01347	0.01836	0.01103	0.00669	0.00722	0.00223	0.00892	0.00647	0.00350	0.01060
61	0.09603	0.01993	0.14318	0.04420	0.10020	0.01671	0.11819	0.15350	0.03906	0.11452	0.01838	0.05088	0.01445	0.00855	0.00732	0.00234	0.00854	0.02813	0.00535	0.01053
62	0.04954	0.01852	0.07780	0.21010	0.35349	0.06448	0.04812	0.02159	0.01609	0.02225	0.01416	0.02019	0.01178	0.00732	0.00721	0.00228	0.00932	0.03217	0.00364	0.00996
63	0.01347	0.01175	0.01657	0.06335	0.01785	0.01505	0.01235	0.03794	0.01250	0.01813	0.01598	0.02618	0.01557	0.09908	0.27748	0.00660	0.29992	0.02920	0.00383	0.00719
64	0.01507	0.01292	0.01507	0.01077	0.01723	0.00969	0.00861	0.01830	0.01507	0.02369	0.01292	0.01507	0.01077	0.00538	0.00538	0.00108	0.00538	0.00431	0.00431	0.78898
65	0.04627	0.37312	0.21149	0.01597	0.02277	0.18013	0.01649	0.02373	0.01616	0.01936	0.01114	0.01297	0.00925	0.00671	0.00568	0.00185	0.00970	0.00446	0.00329	0.00945
66	0.01168	0.00871	0.01009	0.00943	0.01189	0.00827	0.00717	0.01681	0.10811	0.05455	0.35926	0.05493	0.28124	0.01519	0.00837	0.00237	0.00395	0.01301	0.00752	0.00746
67	0.00996	0.00779	0.00862	0.00826	0.01054	0.00694	0.00623	0.03343	0.01846	0.02399	0.28182	0.06144	0.43696	0.01654	0.00842	0.00236	0.00373	0.01401	0.03389	0.00661
68	0.00908	0.00672	0.00837	0.00950	0.01042	0.00616	0.00655	0.01056	0.01465	0.01907	0.07334	0.50153	0.18239	0.06679	0.01088	0.00309	0.00435	0.04395	0.00665	0.00593
69	0.68341	0.01381	0.01160	0.01006	0.01472	0.01548	0.00829	0.02344	0.01361	0.13158	0.01286	0.01371	0.00936	0.00708	0.00491	0.00225	0.00571	0.00443	0.00516	0.00854
70	0.00919	0.00739	0.00820	0.00799	0.01019	0.00639	0.00599	0.01159	0.01798	0.02300	0.29338	0.06442	0.47440	0.01716	0.00858	0.00240	0.00359	0.01457	0.00719	0.00639
71	0.00987	0.00750	0.00835	0.00815	0.01042	0.00647	0.00610	0.01212	0.01759	0.04591	0.22720	0.09936	0.48035	0.01741	0.00858	0.00243	0.00373	0.01478	0.00714	0.00652
72	0.02763	0.02036	0.02182	0.01672	0.02254	0.02254	0.01382	0.67496	0.03418	0.04581	0.01745	0.01745	0.01236	0.00873	0.00727	0.00218	0.00800	0.00654	0.00727	0.01236
73	0.02715	0.03464	0.02060	0.01873	0.02247	0.71536	0.01404	0.02903	0.02060	0.01779	0.01124	0.01311	0.00936	0.00749	0.00655	0.00187	0.01311	0.00468	0.00375	0.00843
74	0.01899	0.01541	0.01646	0.01468	0.01888	0.01762	0.01145	0.03842	0.64425	0.07276	0.02953	0.02697	0.02193	0.00981	0.00739	0.00245	0.00578	0.00816	0.00750	0.01156
75	0.01943	0.74891	0.03809	0.01244	0.01866	0.02876	0.01244	0.02177	0.01477	0.01710	0.01011	0.01166	0.00933	0.00622	0.00466	0.00155	0.00777	0.00389	0.00311	0.00933
76	0.01520	0.01303	0.01513	0.01093	0.01730	0.01004	0.00873	0.01915	0.04292	0.02397	0.01361	0.01557	0.01124	0.00557	0.00547	0.00113	0.00540	0.00447	0.00443	0.75671
77	0.01104	0.05502	0.01115	0.00998	0.03606	0.00864	0.00728	0.01355	0.03270	0.04887	0.07502	0.11006	0.47352	0.01911	0.05271	0.00299	0.00530	0.01366	0.00637	0.00695
78	0.01329	0.00807	0.01035	0.01017	0.01209	0.00763	0.00797	0.01614	0.01764	0.09520	0.27732	0.05533	0.07121	0.10651	0.01202	0.00310	0.00502	0.17613	0.08776	0.00705
79	0.06078	0.03352	0.01300	0.01275	0.04076	0.03414	0.00937	0.01436	0.01259	0.01827	0.02132	0.07173	0.04210	0.07100	0.50033	0.00900	0.01559	0.00842	0.00418	0.00681
80	0.01712	0.09518	0.09638	0.02771	0.31795	0.01785	0.01752	0.02600	0.20241	0.02452	0.02203	0.02338	0.06395	0.00831	0.00706	0.00222	0.00760	0.00722	0.00478	0.01081
81	0.00900	0.00644	0.00857	0.01002	0.01058	0.00600	0.00676	0.01049	0.01460	0.01965	0.10763	0.66911	0.05019	0.02196	0.00921	0.00288	0.00414	0.01989	0.00688	0.00600
82	0.00892	0.00662	0.00835	0.00969	0.01058	0.00605	0.00670	0.01039	0.01458	0.01891	0.04687	0.57547	0.18041	0.02177	0.00917	0.00287	0.00421	0.04570	0.00675	0.00598
83	0.04829	0.02044	0.14562	0.10145	0.43536	0.01716	0.08230	0.02213	0.01604	0.02345	0.01345	0.01757	0.01076	0.00660	0.00717	0.00224	0.00931	0.00638	0.00352	0.01076
84	0.02657	0.03219	0.02214	0.01927	0.02346	0.59836	0.05572	0.09661	0.02181	0.02109	0.01211	0.01398	0.00978	0.00753	0.00676	0.00194	0.01252	0.00512	0.00411	0.00893
85	0.00905	0.00686	0.00823	0.00914	0.01034	0.00620	0.00640	0.01061	0.01501	0.01922	0.07756	0.41157	0.26828	0.06621	0.01079	0.00303	0.00428	0.04462	0.00665	0.00596
86	0.62841	0.04015	0.06693	0.01422	0.08802	0.01686	0.01100	0.02161	0.01312	0.03043	0.01072	0.01273	0.00841	0.00671	0.00497	0.00222	0.00640	0.00431	0.00425	0.00852
87	0.00884	0.00641	0.00835	0.00991	0.01049	0.00592	0.00665	0.01015	0.01412	0.01864	0.04262	0.68872	0.09750	0.02244	0.00923	0.00291	0.00418	0.02026	0.00675	0.00592
88	0.01376	0.09072	0.07752	0.01713	0.10177	0.03768	0.03526	0.01714	0.03642	0.01877	0.01977	0.10989	0.01982	0.14294	0.20044	0.00557	0.03457	0.00887	0.00421	0.00777
89	0.01707	0.11917	0.23278	0.02491	0.21885	0.03763	0.04151	0.04204	0.03999	0.02354	0.03719	0.01750	0.01274	0.00694	0.00665	0.00201	0.00873	0.00586	0.00386	0.10102
90	0.01139	0.00861	0.01145	0.01124	0.01261	0.00976	0.00836	0.01566	0.09594	0.01796	0.02150	0.03257	0.02050	0.20122	0.47717	0.00950	0.01501	0.00846	0.00445	0.00666
91	0.01057	0.00705	0.00793	0.00793	0.00793	0.00705	0.00440	0.01057	0.01057	0.01409	0.02290	0.04757	0.02643	0.74454	0.03700	0.00705	0.00705	0.01057	0.00440	0.00440
92	0.04593	0.25199	0.18763	0.02185	0.16301	0.02020	0.04541	0.03920	0.04478	0.07389	0.03224	0.01707	0.01261	0.00710	0.00635	0.00204	0.00844	0.00572	0.00413	0.01041
93	0.29199	0.15821	0.02000	0.01315	0.01821	0.14286	0.01096	0.12540	0.04171	0.02820	0.01241	0.01374	0.00989	0.00707	0.00551	0.00194	0.00771	0.00465	0.00462	0.08177

[dist]
# distance from previous block
# <min> <max>
0	1

[block]
# block no. 3 follows, 28 sequences, length 33
# corresponding to MSA columns:
# 181-213
name=unknown_D
#
# <colnr> <probs for GDERKNQSTAVLIFYWHMCP>
#	G	D	E	R	K	N	Q	S	T	A	V	L	I	F	Y	W	H	M	C	P
0	0.02066	0.04848	0.02042	0.01784	0.04153	0.27019	0.01371	0.06537	0.01677	0.04357	0.01323	0.01802	0.01173	0.04498	0.09729	0.00368	0.23405	0.00605	0.00401	0.00842
1	0.00965	0.00798	0.00854	0.00837	0.01074	0.00719	0.00628	0.01322	0.06930	0.02220	0.18395	0.08702	0.50527	0.01724	0.00852	0.00244	0.00381	0.01457	0.00703	0.00668
2	0.01040	0.00774	0.01143	0.01143	0.01265	0.00895	0.00878	0.01282	0.01161	0.01669	0.01970	0.02981	0.01872	0.10004	0.67096	0.01138	0.01865	0.00797	0.00393	0.00635
3	0.00899	0.00638	0.00840	0.00995	0.01034	0.00599	0.00657	0.01016	0.01366	0.01821	0.03873	0.68594	0.04639	0.07893	0.01143	0.00327	0.00444	0.01988	0.00657	0.00579
4	0.02763	0.02036	0.02182	0.01672	0.02254	0.02254	0.01382	0.67496	0.03418	0.04581	0.01745	0.01745	0.01236	0.00873	0.00727	0.00218	0.00800	0.00654	0.00727	0.01236
5	0.01038	0.00779	0.01168	0.01168	0.01298	0.00909	0.00909	0.01298	0.01168	0.01687	0.01947	0.02856	0.01817	0.05452	0.71573	0.01168	0.01947	0.00779	0.00389	0.00649
6	0.01872	0.56638	0.18049	0.01448	0.02156	0.05534	0.01559	0.02234	0.01514	0.01840	0.01078	0.01251	0.00930	0.00642	0.00522	0.00173	0.00864	0.00424	0.00313	0.00959
7	0.00979	0.00732	0.00920	0.01029	0.01128	0.00709	0.00711	0.01301	0.07497	0.02059	0.09739	0.57563	0.08761	0.02067	0.00901	0.00282	0.00425	0.01857	0.00691	0.00650
8	0.12698	0.27777	0.32003	0.01614	0.02385	0.08193	0.01813	0.02288	0.01519	0.02188	0.01147	0.01339	0.00908	0.00670	0.00577	0.00200	0.00921	0.00460	0.00334	0.00965
9	0.01000	0.00701	0.00873	0.00934	0.01060	0.00637	0.00653	0.01180	0.01585	0.04453	0.17499	0.40487	0.18507	0.05656	0.01034	0.00290	0.00416	0.01709	0.00695	0.00629
10	0.02206	0.01648	0.02260	0.02655	0.29592	0.01702	0.01580	0.23489	0.04420	0.11520	0.01999	0.02298	0.03672	0.06547	0.00961	0.00258	0.00774	0.00727	0.00575	0.01116
11	0.01799	0.01727	0.02950	0.04462	0.69919	0.01727	0.02231	0.02231	0.01655	0.02375	0.01367	0.01799	0.01151	0.00648	0.00720	0.00216	0.00864	0.00648	0.00360	0.01151
12	0.01507	0.01292	0.01507	0.01077	0.01723	0.00969	0.00861	0.01830	0.01507	0.02369	0.01292	0.01507	0.01077	0.00538	0.00538	0.00108	0.00538	0.00431	0.00431	0.78898
13	0.07649	0.44099	0.05298	0.01420	0.02000	0.13239	0.01308	0.13257	0.01878	0.02332	0.01161	0.01299	0.00974	0.00690	0.00546	0.00178	0.00858	0.00451	0.00400	0.00964
14	0.04341	0.01436	0.02164	0.14599	0.18570	0.01418	0.07099	0.04877	0.04445	0.05170	0.06723	0.02269	0.04097	0.00773	0.00698	0.00202	0.00746	0.00698	0.00471	0.19206
15	0.01905	0.05386	0.26284	0.09318	0.20930	0.01582	0.02051	0.02443	0.01670	0.15661	0.01729	0.02111	0.01306	0.00779	0.00714	0.00228	0.00887	0.03482	0.00456	0.01077
16	0.00949	0.00731	0.00820	0.00853	0.01012	0.00660	0.00617	0.01111	0.01519	0.01900	0.08435	0.13382	0.37981	0.17809	0.01505	0.00361	0.00480	0.08664	0.00629	0.00583
17	0.01056	0.00708	0.00812	0.00812	0.00819	0.00715	0.00464	0.01069	0.01063	0.01424	0.02273	0.04660	0.02601	0.70941	0.07155	0.00728	0.00768	0.01043	0.00438	0.00451
18	0.01904	0.25437	0.18228	0.01924	0.02591	0.13647	0.15249	0.02343	0.01629	0.03682	0.01271	0.01547	0.01023	0.00873	0.03523	0.00242	0.03020	0.00563	0.00350	0.00952
19	0.01402	0.01040	0.01403	0.04304	0.01565	0.03090	0.01031	0.01617	0.01279	0.08313	0.01943	0.05536	0.01830	0.12401	0.37076	0.00778	0.13416	0.00821	0.00441	0.00714
20	0.02216	0.01002	0.01331	0.01100	0.01481	0.00885	0.00877	0.02520	0.02037	0.38571	0.29755	0.03819	0.06083	0.01164	0.00778	0.00225	0.00489	0.00990	0.03702	0.00975
21	0.00929	0.00671	0.00837	0.00928	0.01004	0.00625	0.00620	0.01067	0.01447	0.01919	0.12014	0.45479	0.12700	0.14599	0.01390	0.00352	0.00455	0.01736	0.00649	0.00579
22	0.02005	0.19817	0.17584	0.04562	0.10340	0.08652	0.08386	0.10267	0.04247	0.05442	0.01422	0.01622	0.01095	0.00710	0.00663	0.00207	0.00942	0.00577	0.00420	0.01038
23	0.01978	0.63010	0.03630	0.01392	0.01979	0.05458	0.04092	0.04570	0.01564	0.01846	0.01059	0.01246	0.00952	0.00665	0.00587	0.00170	0.04101	0.00433	0.00331	0.00936
24	0.00926	0.00740	0.00835	0.00859	0.01066	0.00649	0.00656	0.01149	0.01704	0.02139	0.17149	0.12467	0.46125	0.01837	0.00881	0.00257	0.00403	0.08833	0.00695	0.00630
25	0.01217	0.00765	0.00937	0.00905	0.01102	0.00692	0.00667	0.01464	0.01767	0.09214	0.29062	0.17099	0.19680	0.04844	0.00956	0.00260	0.00406	0.01374	0.06892	0.00697
26	0.06852	0.04341	0.05196	0.08043	0.37590	0.07785	0.01870	0.10215	0.01821	0.02546	0.01356	0.01717	0.01107	0.00870	0.03058	0.00249	0.03321	0.00608	0.00405	0.01050
27	0.01574	0.01489	0.02482	0.40368	0.32435	0.01672	0.02068	0.02110	0.04696	0.02133	0.01402	0.01915	0.01105	0.00705	0.00724	0.00231	0.00906	0.00655	0.00358	0.00970
28	0.01787	0.01934	0.01853	0.08808	0.02146	0.24656	0.02998	0.02024	0.01537	0.01839	0.04258	0.02128	0.01473	0.05483	0.13726	0.00426	0.18421	0.00664	0.03074	0.00764
29	0.01600	0.04670	0.01653	0.03687	0.01851	0.04311	0.00945	0.04033	0.01574	0.02329	0.01327	0.01636	0.01128	0.03518	0.00680	0.00146	0.00615	0.00471	0.00429	0.63399
30	0.10818	0.08151	0.06961	0.06269	0.05701	0.14706	0.01411	0.07625	0.07174	0.04327	0.01627	0.07467	0.01427	0.01093	0.03191	0.00262	0.09730	0.00689	0.00460	0.00911
31	0.01133	0.00848	0.01225	0.01207	0.01377	0.00799	0.06348	0.04251	0.01574	0.04491	0.04011	0.52457	0.11289	0.01967	0.00901	0.00281	0.00517	0.03983	0.00659	0.00681
32	0.04893	0.01099	0.01218	0.01401	0.08696	0.06972	0.00900	0.01570	0.01582	0.06391	0.06141	0.31461	0.15664	0.04214	0.00913	0.00267	0.00560	0.01390	0.03939	0.00730

[dist]
# distance from previous block
# <min> <max>
6	11

[block]
# block no. 4 follows, 28 sequences, length 41
# corresponding to MSA columns:
# 226-266
name=unknown_E
#
# <colnr> <probs for GDERKNQSTAVLIFYWHMCP>
#	G	D	E	R	K	N	Q	S	T	A	V	L	I	F	Y	W	H	M	C	P
0	0.08911	0.01677	0.02539	0.12803	0.18600	0.01741	0.13184	0.15155	0.04395	0.05375	0.01525	0.01816	0.01157	0.00713	0.00709	0.00219	0.00857	0.00655	0.00476	0.07493
1	0.01528	0.04202	0.03604	0.09479	0.07189	0.01609	0.03671	0.08396	0.01520	0.02132	0.01803	0.12077	0.01810	0.11044	0.03433	0.00346	0.21341	0.00893	0.03119	0.00804
2	0.01318	0.00727	0.00758	0.00739	0.00908	0.00723	0.00543	0.03449	0.01586	0.02627	0.08133	0.03290	0.05418	0.07687	0.00852	0.00228	0.00387	0.00803	0.59155	0.00669
3	0.01235	0.00641	0.00926	0.00926	0.00926	0.00641	0.00606	0.00962	0.00962	0.01282	0.01401	0.02554	0.01449	0.12240	0.02957	0.68297	0.00641	0.00689	0.00333	0.00333
4	0.01590	0.01590	0.02226	0.01908	0.01908	0.02226	0.01590	0.01749	0.01113	0.01749	0.00954	0.01590	0.00954	0.01272	0.02385	0.00318	0.73123	0.00636	0.00318	0.00795
5	0.00921	0.00736	0.00797	0.00782	0.01005	0.00635	0.00586	0.01153	0.01759	0.02243	0.23801	0.06430	0.50535	0.01712	0.00847	0.00238	0.00360	0.01446	0.03375	0.00635
6	0.79588	0.01406	0.01068	0.00956	0.01406	0.01631	0.00787	0.02137	0.01237	0.03261	0.01012	0.01181	0.00787	0.00675	0.00450	0.00225	0.00562	0.00394	0.00450	0.00787
7	0.01943	0.74891	0.03809	0.01244	0.01866	0.02876	0.01244	0.02177	0.01477	0.01710	0.01011	0.01166	0.00933	0.00622	0.00466	0.00155	0.00777	0.00389	0.00311	0.00933
8	0.01458	0.03760	0.70688	0.02072	0.03146	0.01688	0.02686	0.02302	0.01535	0.02302	0.01304	0.01535	0.00921	0.00691	0.00691	0.00230	0.01074	0.00537	0.00307	0.01074
9	0.01523	0.04339	0.21168	0.01702	0.07780	0.01214	0.03137	0.01941	0.01574	0.09588	0.05035	0.20127	0.02459	0.04498	0.00893	0.00256	0.00728	0.03478	0.00520	0.08039
10	0.01755	0.01568	0.04144	0.02687	0.30316	0.03391	0.01621	0.04613	0.06277	0.07675	0.02522	0.05618	0.10235	0.01060	0.00975	0.00244	0.10147	0.03658	0.00502	0.00993
11	0.02564	0.03162	0.02100	0.02057	0.07881	0.59922	0.01453	0.02926	0.07534	0.01933	0.01296	0.01468	0.01060	0.00760	0.00668	0.00195	0.01213	0.00512	0.00404	0.00894
12	0.01943	0.74891	0.03809	0.01244	0.01866	0.02876	0.01244	0.02177	0.01477	0.01710	0.01011	0.01166	0.00933	0.00622	0.00466	0.00155	0.00777	0.00389	0.00311	0.00933
13	0.01007	0.00714	0.00960	0.01112	0.01197	0.00692	0.00836	0.01198	0.01465	0.01933	0.03791	0.43390	0.04379	0.08788	0.01210	0.00347	0.00539	0.25184	0.00651	0.00606
14	0.07826	0.02003	0.23079	0.07055	0.06915	0.01408	0.08565	0.01935	0.04012	0.02254	0.02389	0.15517	0.06982	0.01135	0.00820	0.00252	0.03290	0.03227	0.00454	0.00882
15	0.61522	0.01366	0.01215	0.01036	0.01512	0.01498	0.00854	0.02469	0.01437	0.19158	0.01451	0.01487	0.01027	0.00728	0.00516	0.00225	0.00576	0.00473	0.00556	0.00894
16	0.02971	0.01372	0.01745	0.01328	0.01904	0.01248	0.01094	0.13644	0.02227	0.51662	0.02498	0.02241	0.01622	0.00852	0.00707	0.00210	0.00638	0.00683	0.00816	0.10537
17	0.01692	0.02079	0.21372	0.01999	0.04907	0.01515	0.16681	0.07902	0.01747	0.07595	0.05517	0.04946	0.01721	0.04496	0.05600	0.00318	0.04269	0.00790	0.03898	0.00956
18	0.02305	0.06753	0.02333	0.02134	0.13348	0.17429	0.09067	0.02665	0.03794	0.20736	0.02070	0.08673	0.01713	0.00933	0.00735	0.00223	0.00881	0.02645	0.00557	0.01004
19	0.02953	0.01338	0.01708	0.01332	0.01861	0.01256	0.01092	0.13427	0.05042	0.52149	0.07783	0.02595	0.02114	0.00944	0.00740	0.00225	0.00624	0.00767	0.00858	0.01191
20	0.76566	0.04266	0.01175	0.00967	0.01424	0.01679	0.00805	0.02138	0.01246	0.03201	0.01012	0.01180	0.00793	0.00673	0.00450	0.00222	0.00571	0.00393	0.00444	0.00793
21	0.01203	0.00645	0.00926	0.00931	0.00961	0.00631	0.00629	0.00977	0.01075	0.01420	0.04978	0.05723	0.07337	0.02411	0.02507	0.65510	0.00588	0.00797	0.00382	0.00369
22	0.02453	0.02844	0.01922	0.01719	0.02100	0.49723	0.01307	0.08817	0.11172	0.02303	0.07270	0.01892	0.01643	0.00855	0.00691	0.00202	0.01082	0.00605	0.00492	0.00907
23	0.56078	0.01514	0.01357	0.01135	0.01623	0.01695	0.00936	0.15342	0.01763	0.10710	0.01357	0.01432	0.00985	0.00738	0.00535	0.00224	0.00616	0.00482	0.00553	0.00925
24	0.00940	0.00740	0.00849	0.00821	0.01032	0.00648	0.00616	0.01200	0.01848	0.02418	0.37056	0.06248	0.39649	0.01671	0.00858	0.00237	0.00356	0.01429	0.00735	0.00648
25	0.00886	0.00633	0.00843	0.01012	0.01054	0.00590	0.00675	0.01012	0.01392	0.01856	0.04006	0.73979	0.04808	0.02277	0.00928	0.00295	0.00422	0.02066	0.00675	0.00590
26	0.00903	0.00708	0.00817	0.00854	0.01025	0.00622	0.00616	0.01104	0.01665	0.02134	0.19576	0.26009	0.37597	0.01892	0.00879	0.00256	0.00378	0.01641	0.00701	0.00622
27	0.02014	0.68349	0.03649	0.01301	0.01901	0.09164	0.01259	0.02243	0.01530	0.01717	0.01021	0.01179	0.00933	0.00634	0.00484	0.00158	0.00826	0.00396	0.00317	0.00925
28	0.01373	0.01292	0.02180	0.72707	0.05006	0.01615	0.02019	0.01857	0.01453	0.01857	0.01292	0.01938	0.00969	0.00727	0.00727	0.00242	0.00969	0.00646	0.00323	0.00807
29	0.01841	0.01622	0.01486	0.01337	0.01634	0.14545	0.01013	0.11235	0.14786	0.05545	0.07950	0.11584	0.06966	0.07907	0.01079	0.00276	0.03183	0.00974	0.04170	0.00869
30	0.02403	0.32337	0.02767	0.01618	0.02093	0.43782	0.01340	0.02609	0.01824	0.01751	0.01078	0.01252	0.00935	0.00698	0.00579	0.00174	0.01095	0.00436	0.00349	0.00879
31	0.01765	0.01705	0.05662	0.11753	0.44842	0.01671	0.01983	0.09863	0.01812	0.02526	0.01642	0.08408	0.01464	0.00835	0.00739	0.00227	0.00838	0.00773	0.00426	0.01066
32	0.01416	0.01246	0.01362	0.01255	0.01470	0.09355	0.00959	0.05925	0.01438	0.01920	0.01784	0.02674	0.01681	0.12846	0.40753	0.00802	0.04106	0.00733	0.00418	0.07856
33	0.65378	0.01471	0.01350	0.01373	0.08226	0.01692	0.00989	0.04765	0.01361	0.03161	0.01074	0.01283	0.00849	0.00706	0.00573	0.00228	0.03794	0.00440	0.00446	0.00842
34	0.01112	0.00898	0.01248	0.01201	0.01298	0.01068	0.00923	0.01309	0.01199	0.01695	0.02409	0.06472	0.08120	0.13079	0.41346	0.00839	0.13803	0.00917	0.00423	0.00642
35	0.01118	0.00791	0.00944	0.00983	0.01068	0.00784	0.00651	0.07118	0.01469	0.01951	0.03324	0.40036	0.06324	0.27808	0.01893	0.00432	0.00555	0.01557	0.00596	0.00597
36	0.02604	0.16700	0.02421	0.01579	0.02126	0.13961	0.01321	0.35457	0.04989	0.09511	0.01640	0.01657	0.01211	0.00808	0.00664	0.00202	0.00857	0.00583	0.00601	0.01106
37	0.11946	0.05947	0.26570	0.03468	0.06504	0.14710	0.01761	0.04834	0.03976	0.02394	0.01650	0.01958	0.04202	0.00798	0.00659	0.00216	0.00926	0.02568	0.00407	0.04507
38	0.02010	0.01740	0.04755	0.01446	0.01942	0.04221	0.01194	0.27609	0.18589	0.03292	0.02547	0.07701	0.07086	0.01023	0.00725	0.00217	0.00678	0.00827	0.00650	0.11749
39	0.05721	0.01230	0.04480	0.03854	0.07761	0.01179	0.01015	0.08460	0.07755	0.04942	0.09699	0.08694	0.08118	0.22105	0.01599	0.00370	0.00646	0.01010	0.00571	0.00792
40	0.06860	0.09049	0.11814	0.01812	0.05616	0.04551	0.09853	0.16029	0.03880	0.07772	0.07874	0.04681	0.01808	0.00859	0.00704	0.00216	0.00812	0.00726	0.00537	0.04548

[dist]
# distance from previous block
# <min> <max>
0	12

[block]
# block no. 5 follows, 28 sequences, length 16
# corresponding to MSA columns:
# 279-294
name=unknown_F
#
# <colnr> <probs for GDERKNQSTAVLIFYWHMCP>
#	G	D	E	R	K	N	Q	S	T	A	V	L	I	F	Y	W	H	M	C	P
0	0.01875	0.20743	0.10224	0.01866	0.07899	0.04826	0.08012	0.06386	0.07246	0.07687	0.01876	0.11335	0.01679	0.00955	0.00770	0.00222	0.04151	0.00792	0.00480	0.00977
1	0.00884	0.00639	0.00837	0.00995	0.01050	0.00592	0.00667	0.01014	0.01408	0.01862	0.04216	0.69805	0.08847	0.02250	0.00924	0.00292	0.00418	0.02033	0.00675	0.00592
2	0.02242	0.04461	0.02007	0.01575	0.02027	0.07658	0.03254	0.37933	0.08960	0.03426	0.01913	0.05034	0.01562	0.03867	0.10347	0.00363	0.00968	0.00740	0.00616	0.01046
3	0.01253	0.00919	0.01243	0.07884	0.01678	0.00919	0.02957	0.01657	0.06937	0.07279	0.11882	0.19513	0.19128	0.01920	0.06707	0.00335	0.00647	0.05752	0.00645	0.00743
4	0.01819	0.51147	0.06347	0.10340	0.08020	0.02510	0.04272	0.02139	0.01488	0.01836	0.01104	0.01377	0.00963	0.00663	0.00614	0.00184	0.03445	0.00476	0.00319	0.00939
5	0.01777	0.01704	0.02910	0.08065	0.66492	0.01721	0.02220	0.02211	0.01645	0.02347	0.01363	0.01806	0.01142	0.00652	0.00720	0.00217	0.00869	0.00648	0.00358	0.01133
6	0.01068	0.00954	0.00916	0.00899	0.01108	0.06507	0.00660	0.01278	0.01739	0.02150	0.21987	0.11040	0.39699	0.05555	0.00998	0.00265	0.00462	0.01405	0.00669	0.00640
7	0.01747	0.49622	0.06604	0.01279	0.01776	0.05458	0.01217	0.01996	0.01481	0.01821	0.01555	0.12348	0.01571	0.00922	0.00639	0.00190	0.03747	0.00680	0.04481	0.00865
8	0.05899	0.02396	0.02208	0.01852	0.02256	0.29512	0.08344	0.10460	0.12064	0.05558	0.01562	0.01728	0.01218	0.00860	0.00928	0.00227	0.10861	0.00616	0.00490	0.00959
9	0.02178	0.06662	0.08639	0.01793	0.02184	0.35479	0.01507	0.02763	0.13852	0.02048	0.01435	0.01631	0.01170	0.00878	0.00990	0.00225	0.14665	0.00566	0.00420	0.00916
