[name]
unknown

[dist]
# distance from previous block
# <min> <max>
0	30

[block]
# block no. 0 follows, 32 sequences, length 10
# corresponding to MSA columns:
# 30-39
name=unknown_A
#
# <colnr> <probs for GDERKNQSTAVLIFYWHMCP>
#	G	D	E	R	K	N	Q	S	T	A	V	L	I	F	Y	W	H	M	C	P
0	0.01935	0.01422	0.01637	0.04479	0.04307	0.01533	0.01104	0.37069	0.05338	0.04973	0.04553	0.02823	0.01845	0.13842	0.01163	0.00287	0.00684	0.06885	0.00592	0.03531
1	0.01182	0.00878	0.01072	0.01113	0.03831	0.00877	0.00773	0.12851	0.01687	0.02250	0.10843	0.36033	0.11013	0.08757	0.01049	0.00283	0.00484	0.03744	0.00612	0.00668
2	0.01486	0.01071	0.01471	0.08363	0.10690	0.01012	0.01044	0.04654	0.03552	0.10090	0.10382	0.15309	0.02368	0.01083	0.00788	0.04761	0.00556	0.00869	0.00523	0.19929
3	0.01235	0.01144	0.01650	0.01534	0.08667	0.03873	0.11748	0.01607	0.03840	0.02254	0.24723	0.06663	0.15143	0.01091	0.00730	0.00201	0.00568	0.00991	0.00545	0.11794
4	0.01633	0.01436	0.05703	0.12614	0.15325	0.01299	0.01348	0.11982	0.01694	0.06386	0.01582	0.08468	0.01362	0.00762	0.00631	0.00180	0.00669	0.00656	0.00451	0.25820
5	0.09426	0.03968	0.01490	0.03871	0.03308	0.08299	0.00987	0.10125	0.20516	0.02448	0.04925	0.05527	0.01841	0.09868	0.04965	0.00302	0.00710	0.00717	0.00519	0.06189
6	0.01170	0.00754	0.00951	0.00960	0.01146	0.00698	0.00710	0.01423	0.04416	0.10557	0.06616	0.36861	0.16430	0.01882	0.05035	0.00293	0.00504	0.05067	0.00631	0.03896
7	0.06508	0.01748	0.11232	0.07383	0.20113	0.05501	0.04839	0.04638	0.05179	0.11358	0.01577	0.04600	0.01245	0.00714	0.00639	0.00196	0.00755	0.00616	0.00443	0.10715
8	0.05437	0.13611	0.16320	0.01517	0.02051	0.05279	0.08879	0.04156	0.05736	0.12973	0.04834	0.08359	0.03278	0.00878	0.00710	0.00209	0.03678	0.00723	0.00476	0.00896
9	0.01172	0.00681	0.00832	0.00862	0.01012	0.00623	0.00614	0.01344	0.01413	0.10828	0.03754	0.39087	0.14875	0.05089	0.00875	0.00254	0.00403	0.01406	0.14244	0.00631

[dist]
# distance from previous block
# <min> <max>
0	1

[block]
# block no. 1 follows, 32 sequences, length 29
# corresponding to MSA columns:
# 41-69
name=unknown_B
#
# <colnr> <probs for GDERKNQSTAVLIFYWHMCP>
#	G	D	E	R	K	N	Q	S	T	A	V	L	I	F	Y	W	H	M	C	P
0	0.01841	0.01542	0.06665	0.07283	0.25857	0.01446	0.08786	0.06190	0.04248	0.15770	0.08082	0.02115	0.01664	0.00771	0.00771	0.00213	0.04591	0.00689	0.00491	0.00984
1	0.00868	0.00669	0.00737	0.00738	0.00926	0.00585	0.00547	0.01080	0.01589	0.02070	0.22024	0.11897	0.44708	0.01585	0.00773	0.00221	0.00336	0.01350	0.06711	0.00585
2	0.01691	0.01698	0.02525	0.08865	0.47741	0.08232	0.05724	0.02172	0.06219	0.02125	0.01326	0.01681	0.01088	0.00647	0.00714	0.00203	0.03277	0.00599	0.00355	0.03117
3	0.01320	0.01140	0.01607	0.02895	0.03812	0.01340	0.05670	0.05079	0.05426	0.01895	0.06117	0.03182	0.02044	0.20861	0.06299	0.00412	0.22847	0.06938	0.00431	0.00687
4	0.01498	0.01243	0.01324	0.06117	0.01579	0.07842	0.00915	0.14217	0.08688	0.02110	0.01832	0.02772	0.01712	0.24992	0.18088	0.02183	0.00981	0.00743	0.00458	0.00707
5	0.00985	0.00710	0.01037	0.01037	0.01160	0.00819	0.00805	0.01232	0.01109	0.01645	0.01833	0.02624	0.01681	0.04641	0.67015	0.00994	0.01661	0.00710	0.07702	0.00602
6	0.65941	0.01332	0.01228	0.06316	0.05982	0.01543	0.00927	0.04115	0.01241	0.02870	0.00993	0.01201	0.00777	0.00645	0.00505	0.00210	0.02596	0.00408	0.00407	0.00762
7	0.01378	0.01021	0.01338	0.21847	0.02095	0.01136	0.00990	0.12476	0.01466	0.04152	0.01780	0.03090	0.01746	0.38409	0.03987	0.00454	0.00762	0.00792	0.00431	0.00650
8	0.01520	0.01524	0.02287	0.24066	0.23156	0.06988	0.10615	0.02088	0.09481	0.02039	0.01915	0.02222	0.07630	0.00760	0.00692	0.00214	0.00829	0.00704	0.00391	0.00881
9	0.01063	0.00789	0.01065	0.01033	0.01180	0.00867	0.00787	0.06400	0.01342	0.01868	0.08655	0.07324	0.06335	0.09762	0.47444	0.00802	0.01324	0.00884	0.00452	0.00623
10	0.01153	0.01047	0.03371	0.01078	0.01247	0.07456	0.00817	0.06466	0.01594	0.02057	0.11887	0.44118	0.07835	0.01697	0.00804	0.00248	0.00513	0.05365	0.00604	0.00643
11	0.01185	0.00921	0.01167	0.01242	0.05417	0.00961	0.00872	0.07469	0.07930	0.02116	0.07330	0.30028	0.12660	0.01634	0.01002	0.05706	0.04746	0.06350	0.00581	0.00683
12	0.02409	0.13617	0.02147	0.01623	0.02025	0.54969	0.01273	0.10613	0.01974	0.01942	0.01091	0.01239	0.00897	0.00688	0.00588	0.00172	0.01083	0.00442	0.00376	0.00833
13	0.01469	0.01293	0.03103	0.07909	0.01991	0.01058	0.03496	0.03989	0.03741	0.03824	0.01296	0.01507	0.01037	0.00549	0.00542	0.00128	0.00578	0.00457	0.00412	0.61622
14	0.01784	0.13456	0.05980	0.05741	0.17963	0.10536	0.06629	0.02333	0.11103	0.08117	0.02998	0.05176	0.03729	0.00787	0.00647	0.00200	0.00779	0.00673	0.00443	0.00925
15	0.01030	0.00718	0.00905	0.00938	0.03380	0.00647	0.00657	0.01234	0.01613	0.06145	0.29620	0.16993	0.26308	0.01592	0.00886	0.04369	0.00381	0.01311	0.00651	0.00623
16	0.01166	0.01039	0.01312	0.01216	0.01304	0.03829	0.00952	0.01334	0.01174	0.01639	0.02369	0.07483	0.12135	0.09410	0.22129	0.00528	0.26159	0.00863	0.03331	0.00626
17	0.01625	0.17122	0.31478	0.04889	0.11171	0.09242	0.06792	0.02223	0.05634	0.02004	0.01243	0.01467	0.00965	0.00638	0.00612	0.00196	0.00916	0.00516	0.00325	0.00941
18	0.01727	0.01584	0.05196	0.10644	0.30468	0.03716	0.12508	0.02271	0.07951	0.10214	0.01693	0.06065	0.01375	0.00746	0.00696	0.00214	0.00808	0.00718	0.00434	0.00971
19	0.01224	0.00768	0.00858	0.00786	0.01065	0.00650	0.00607	0.01419	0.01623	0.15391	0.09364	0.05586	0.55152	0.01517	0.00770	0.00222	0.00383	0.01264	0.00669	0.00680
20	0.00951	0.00660	0.00828	0.00848	0.00884	0.00686	0.00547	0.01029	0.01042	0.01420	0.02232	0.13004	0.02493	0.48341	0.21479	0.00714	0.00917	0.01027	0.00422	0.00474
21	0.01863	0.35992	0.08933	0.01648	0.08460	0.12725	0.01379	0.06229	0.10527	0.02005	0.01272	0.01408	0.01049	0.00676	0.00602	0.00178	0.03286	0.00477	0.00373	0.00917
22	0.01585	0.01517	0.02587	0.17736	0.59208	0.01574	0.02022	0.01993	0.01492	0.02100	0.01249	0.01685	0.01030	0.00612	0.00666	0.00204	0.00816	0.00598	0.00326	0.01002
23	0.00853	0.00605	0.00790	0.00931	0.00994	0.00567	0.00645	0.00995	0.01323	0.01772	0.03807	0.63898	0.08181	0.02009	0.00843	0.00268	0.00401	0.06844	0.03719	0.00555
24	0.06041	0.14290	0.05282	0.08307	0.20232	0.15866	0.08355	0.03546	0.01607	0.08507	0.01283	0.01519	0.01003	0.00643	0.00615	0.00191	0.00878	0.00536	0.00380	0.00920
25	0.00828	0.00605	0.00771	0.00889	0.00957	0.00557	0.00601	0.00958	0.01341	0.01767	0.07943	0.60247	0.13320	0.04677	0.00936	0.00277	0.00388	0.01770	0.00622	0.00548
26	0.01577	0.05074	0.30213	0.04825	0.07006	0.01658	0.10814	0.07307	0.06276	0.03853	0.01351	0.01598	0.01022	0.00706	0.00811	0.00212	0.08529	0.00573	0.00372	0.06221
27	0.01804	0.09495	0.09211	0.04077	0.35964	0.01761	0.06961	0.11974	0.05597	0.04663	0.01404	0.01651	0.01101	0.00652	0.00650	0.00199	0.00804	0.00591	0.00407	0.01032
28	0.01599	0.01467	0.01811	0.01596	0.04168	0.05253	0.09205	0.06571	0.36164	0.02506	0.06143	0.04305	0.04612	0.01224	0.05815	0.00285	0.04983	0.00797	0.00567	0.00928

[dist]
# distance from previous block
# <min> <max>
1	6

[block]
# block no. 2 follows, 32 sequences, length 45
# corresponding to MSA columns:
# 76-120
name=unknown_C
#
# <colnr> <probs for GDERKNQSTAVLIFYWHMCP>
#	G	D	E	R	K	N	Q	S	T	A	V	L	I	F	Y	W	H	M	C	P
0	0.01660	0.12548	0.13939	0.13432	0.31902	0.04236	0.01861	0.06671	0.03609	0.02161	0.01255	0.01563	0.01002	0.00638	0.00627	0.00197	0.00834	0.00547	0.00346	0.00971
1	0.00912	0.00645	0.00849	0.00947	0.01021	0.00620	0.00662	0.01110	0.03957	0.01882	0.14167	0.51542	0.04362	0.03704	0.01013	0.05191	0.00416	0.05818	0.00617	0.00564
2	0.01643	0.05072	0.03140	0.03586	0.47865	0.01674	0.22885	0.02085	0.01538	0.02151	0.01277	0.01680	0.01040	0.00587	0.00693	0.00205	0.00896	0.00647	0.00332	0.01005
3	0.00925	0.00685	0.00862	0.00818	0.00987	0.00623	0.00613	0.01218	0.01840	0.02551	0.61528	0.05242	0.16769	0.01424	0.00792	0.00214	0.00320	0.01246	0.00720	0.00623
4	0.00850	0.00617	0.00806	0.00919	0.00996	0.00572	0.00641	0.01012	0.01411	0.01887	0.14410	0.56389	0.09499	0.01948	0.00846	0.00262	0.00387	0.05345	0.00640	0.00564
5	0.01718	0.64394	0.15279	0.01278	0.01922	0.02469	0.01374	0.02029	0.01372	0.01671	0.00979	0.01134	0.00859	0.00585	0.00466	0.00155	0.00764	0.00382	0.00286	0.00883
6	0.00845	0.00614	0.00804	0.00946	0.01015	0.00573	0.00665	0.00989	0.01336	0.01755	0.03955	0.62095	0.10324	0.02038	0.00859	0.00273	0.00411	0.09327	0.00622	0.00555
7	0.01043	0.00854	0.01123	0.01114	0.01246	0.04803	0.00864	0.01279	0.01123	0.01562	0.01756	0.02558	0.01633	0.04796	0.69781	0.01029	0.01765	0.00703	0.00359	0.00609
8	0.01760	0.01316	0.01523	0.01115	0.01693	0.01124	0.00903	0.14561	0.01770	0.09219	0.01408	0.01516	0.01084	0.00586	0.00546	0.00129	0.00549	0.00462	0.00489	0.58247
9	0.77053	0.01289	0.01016	0.00899	0.01319	0.01478	0.00740	0.02041	0.01183	0.06671	0.01024	0.01153	0.00776	0.00634	0.00429	0.00208	0.00522	0.00380	0.00437	0.00748
10	0.01346	0.01135	0.01325	0.01002	0.01512	0.00920	0.00793	0.01785	0.07455	0.02318	0.12342	0.02051	0.01916	0.00669	0.00559	0.00128	0.00472	0.00556	0.00475	0.61240
11	0.35235	0.01300	0.01330	0.01100	0.01535	0.01380	0.00896	0.15833	0.01784	0.23108	0.01787	0.06730	0.01361	0.00825	0.00573	0.00209	0.00563	0.00614	0.02925	0.00913
12	0.01230	0.01199	0.02234	0.01749	0.02140	0.01126	0.30890	0.01667	0.03630	0.02211	0.19427	0.09298	0.11659	0.01147	0.00806	0.00234	0.00715	0.07360	0.00528	0.00748
13	0.05875	0.01671	0.02999	0.02240	0.02708	0.01782	0.38502	0.08371	0.01552	0.02251	0.01225	0.01644	0.00977	0.00750	0.01121	0.00235	0.20657	0.00680	0.00365	0.04395
14	0.02567	0.01769	0.01939	0.01484	0.02021	0.01912	0.01225	0.59817	0.02950	0.12279	0.01720	0.01683	0.01198	0.00798	0.00666	0.00199	0.00710	0.00606	0.00681	0.03777
15	0.02056	0.01004	0.01354	0.01244	0.05210	0.00930	0.00921	0.02404	0.05883	0.38102	0.10279	0.10426	0.08282	0.01443	0.06996	0.00292	0.00621	0.00924	0.00706	0.00924
16	0.01008	0.00737	0.00854	0.00847	0.01064	0.00662	0.00661	0.01280	0.03577	0.05766	0.18986	0.07952	0.41317	0.01599	0.00805	0.00236	0.00394	0.10964	0.00658	0.00631
17	0.00943	0.00637	0.00741	0.00773	0.00781	0.00629	0.00451	0.00967	0.01039	0.01385	0.02437	0.18990	0.02847	0.61264	0.02893	0.00573	0.00597	0.01166	0.00451	0.00435
18	0.01598	0.01714	0.01519	0.01412	0.01605	0.26235	0.01095	0.01882	0.04726	0.01655	0.01453	0.01975	0.01304	0.02799	0.35049	0.00616	0.11696	0.00603	0.00361	0.00702
19	0.02169	0.10389	0.17005	0.01780	0.04238	0.49555	0.01552	0.02480	0.01736	0.01753	0.01069	0.01253	0.00867	0.00666	0.00597	0.00179	0.01104	0.00443	0.00327	0.00839
20	0.01262	0.01221	0.04085	0.44303	0.15312	0.01329	0.01670	0.01665	0.01414	0.01875	0.05413	0.05557	0.04679	0.00983	0.02725	0.00249	0.00815	0.04296	0.00373	0.00774
21	0.00949	0.00683	0.00947	0.00964	0.01055	0.00741	0.00703	0.01136	0.01168	0.01654	0.08265	0.13157	0.02602	0.17274	0.42785	0.00792	0.01230	0.00969	0.02367	0.00560
22	0.01683	0.01617	0.02483	0.10925	0.36495	0.05818	0.09682	0.06835	0.03580	0.02242	0.01349	0.01724	0.01088	0.00682	0.00773	0.00208	0.06015	0.00617	0.05234	0.00949
23	0.01384	0.01162	0.01350	0.00974	0.01546	0.00880	0.00777	0.01683	0.01392	0.02204	0.01247	0.01452	0.01033	0.00512	0.00495	0.00102	0.00487	0.00410	0.04735	0.76175
24	0.06649	0.01668	0.05223	0.08202	0.32662	0.03653	0.15643	0.04161	0.04965	0.08489	0.01451	0.01738	0.01110	0.00644	0.00675	0.00209	0.00840	0.00629	0.00405	0.00985
25	0.01533	0.01659	0.03155	0.02585	0.10825	0.04790	0.45735	0.02070	0.05249	0.02106	0.01729	0.12073	0.01545	0.00806	0.00772	0.00227	0.00962	0.00906	0.00396	0.00876
26	0.01290	0.01191	0.01870	0.01585	0.01733	0.01474	0.10635	0.01540	0.01151	0.01737	0.01365	0.02000	0.01241	0.02401	0.26747	0.00547	0.33708	0.00664	0.06420	0.00702
27	0.05956	0.00913	0.01061	0.00969	0.01206	0.00913	0.00737	0.08618	0.06790	0.06921	0.34371	0.12874	0.10995	0.03649	0.00831	0.00233	0.00424	0.01133	0.00679	0.00729
28	0.00848	0.00610	0.00810	0.00955	0.01016	0.00572	0.00667	0.00993	0.01338	0.01775	0.05760	0.64452	0.06675	0.02042	0.00860	0.00273	0.00409	0.08764	0.00626	0.00556
29	0.01033	0.00745	0.01008	0.01137	0.01283	0.00732	0.00962	0.01304	0.01509	0.01957	0.05517	0.11475	0.09453	0.05437	0.01028	0.00314	0.00575	0.53319	0.00612	0.00599
30	0.01450	0.20582	0.56747	0.01734	0.02628	0.01814	0.02169	0.02098	0.01404	0.01998	0.01141	0.01337	0.00853	0.00623	0.00589	0.00196	0.00928	0.00464	0.00284	0.00961
31	0.02205	0.08440	0.02042	0.03283	0.07648	0.10247	0.01245	0.34557	0.04383	0.06210	0.01501	0.01589	0.01126	0.00723	0.00617	0.00182	0.00746	0.00548	0.03272	0.09437
32	0.01343	0.01270	0.02149	0.61252	0.17586	0.01511	0.01901	0.01781	0.01377	0.01806	0.01206	0.01764	0.00927	0.00657	0.00670	0.00219	0.00876	0.00597	0.00305	0.00806
33	0.01688	0.01244	0.01526	0.07297	0.03864	0.01160	0.01009	0.13729	0.04326	0.09706	0.01819	0.11883	0.01596	0.00839	0.00621	0.00170	0.00574	0.00706	0.00521	0.35722
34	0.02089	0.25990	0.02708	0.01733	0.08238	0.01955	0.10363	0.20517	0.01992	0.12375	0.04657	0.01716	0.01335	0.00709	0.00615	0.00187	0.00747	0.00586	0.00498	0.00989
35	0.00957	0.00653	0.00782	0.00798	0.00818	0.00664	0.00486	0.01001	0.01021	0.01377	0.02236	0.11558	0.02546	0.59367	0.12386	0.00668	0.00774	0.01038	0.00423	0.00446
36	0.05685	0.00950	0.01236	0.01110	0.01353	0.00974	0.02804	0.01935	0.09691	0.16402	0.17079	0.15824	0.03124	0.06542	0.08522	0.00345	0.04010	0.01021	0.00621	0.00770
37	0.01737	0.04796	0.15109	0.08282	0.37031	0.05569	0.03830	0.07696	0.03303	0.04357	0.01329	0.01619	0.01040	0.00645	0.00653	0.00202	0.00850	0.00574	0.00371	0.01008
38	0.01191	0.00998	0.01262	0.01161	0.01247	0.03556	0.02468	0.01328	0.01245	0.03770	0.08379	0.15684	0.08269	0.21565	0.04587	0.00393	0.20782	0.01044	0.00466	0.00605
39	0.01038	0.00776	0.00943	0.00943	0.01107	0.02904	0.02601	0.01176	0.01385	0.05485	0.04248	0.30559	0.27871	0.02078	0.07374	0.06407	0.00566	0.01382	0.00569	0.00587
40	0.03332	0.07203	0.13234	0.08363	0.19230	0.04725	0.11157	0.12470	0.03658	0.02382	0.01555	0.01811	0.04230	0.00716	0.00707	0.00207	0.03050	0.00623	0.00396	0.00951
41	0.02041	0.09503	0.07639	0.07894	0.05645	0.13644	0.14137	0.09888	0.04400	0.13795	0.03864	0.01786	0.01290	0.00712	0.00661	0.00200	0.00873	0.00614	0.00470	0.00941
42	0.01558	0.01954	0.12507	0.03923	0.04918	0.17382	0.04657	0.02019	0.08033	0.01911	0.05116	0.07002	0.04060	0.04502	0.06150	0.00302	0.12072	0.00738	0.00408	0.00789
43	0.00884	0.00652	0.00845	0.00901	0.00988	0.00656	0.00632	0.01026	0.01207	0.01609	0.03346	0.29818	0.14218	0.16033	0.23406	0.00576	0.00854	0.01303	0.00505	0.00540
44	0.01782	0.09880	0.18223	0.01901	0.12285	0.01666	0.04644	0.11540	0.14783	0.08080	0.03149	0.01943	0.03344	0.00751	0.00646	0.00202	0.00741	0.00625	0.00485	0.03330

[dist]
# distance from previous block
# <min> <max>
0	5

[block]
# block no. 3 follows, 32 sequences, length 22
# corresponding to MSA columns:
# 126-147
name=unknown_D
#
# <colnr> <probs for GDERKNQSTAVLIFYWHMCP>
#	G	D	E	R	K	N	Q	S	T	A	V	L	I	F	Y	W	H	M	C	P
0	0.07968	0.09416	0.12438	0.01622	0.06118	0.11957	0.03902	0.11753	0.05343	0.04968	0.01702	0.06814	0.03971	0.00840	0.00704	0.00202	0.04529	0.00648	0.00446	0.04659
1	0.12688	0.04677	0.01902	0.01428	0.01933	0.04302	0.03681	0.42535	0.06055	0.03482	0.01496	0.01573	0.01112	0.00861	0.02711	0.00218	0.00739	0.00558	0.00568	0.07481
2	0.07450	0.01568	0.03529	0.01366	0.04218	0.06359	0.01083	0.14663	0.06301	0.10188	0.01481	0.01582	0.01125	0.00689	0.00681	0.00170	0.05409	0.00511	0.00499	0.31131
3	0.00893	0.00654	0.00788	0.00864	0.00958	0.00613	0.00609	0.01023	0.01305	0.01676	0.04039	0.29264	0.20763	0.21388	0.01520	0.00365	0.00480	0.11706	0.00566	0.00525
4	0.04261	0.04183	0.16329	0.02357	0.13151	0.01540	0.28169	0.04245	0.03965	0.02285	0.07784	0.02190	0.04956	0.00732	0.00711	0.00214	0.00877	0.00738	0.00400	0.00911
5	0.00971	0.00819	0.00951	0.04468	0.01256	0.04365	0.00765	0.01143	0.01405	0.01785	0.06063	0.42289	0.18644	0.01796	0.00876	0.00258	0.03243	0.07732	0.00584	0.00587
6	0.01230	0.00919	0.01189	0.01111	0.01287	0.01024	0.00858	0.08811	0.04748	0.03922	0.08740	0.10274	0.06848	0.07233	0.32850	0.00627	0.06221	0.00921	0.00497	0.00688
7	0.01684	0.04668	0.15541	0.08085	0.24942	0.10493	0.03697	0.02206	0.06129	0.04076	0.01327	0.01594	0.01047	0.00657	0.00683	0.00195	0.03270	0.00548	0.00363	0.08794
8	0.04195	0.01486	0.05112	0.13155	0.38863	0.01502	0.05864	0.01846	0.01414	0.02040	0.01492	0.10241	0.01391	0.00835	0.00825	0.00222	0.07505	0.00748	0.00359	0.00905
9	0.01887	0.57811	0.06179	0.01307	0.01837	0.15093	0.01244	0.02117	0.01448	0.01615	0.00961	0.01130	0.00862	0.00620	0.00538	0.00157	0.03663	0.00386	0.00297	0.00847
10	0.01391	0.01193	0.01391	0.00994	0.01590	0.00894	0.00795	0.01690	0.01391	0.02186	0.01193	0.01391	0.00994	0.00497	0.00497	0.00099	0.00497	0.00398	0.00398	0.80521
11	0.00959	0.00719	0.01078	0.01078	0.01198	0.00839	0.00839	0.01198	0.01078	0.01558	0.01797	0.02636	0.01677	0.05032	0.73760	0.01078	0.01797	0.00719	0.00359	0.00599
12	0.01588	0.33944	0.17043	0.01684	0.09632	0.06455	0.01497	0.01932	0.01416	0.01804	0.01435	0.07788	0.01381	0.00838	0.00662	0.00195	0.04301	0.05204	0.00345	0.00856
13	0.01166	0.00583	0.00874	0.00874	0.00874	0.00583	0.00583	0.00874	0.00874	0.01166	0.01166	0.02040	0.01166	0.02331	0.02622	0.80478	0.00583	0.00583	0.00291	0.00291
14	0.01786	0.05109	0.34239	0.01983	0.08092	0.01790	0.06033	0.23085	0.03933	0.02763	0.01366	0.01541	0.01003	0.00707	0.00712	0.00210	0.03640	0.00561	0.00422	0.01026
15	0.02416	0.01754	0.01894	0.01490	0.01997	0.01938	0.01218	0.53696	0.15598	0.08118	0.01880	0.01816	0.01340	0.00826	0.00674	0.00207	0.00690	0.00637	0.00683	0.01127
16	0.00965	0.00695	0.00957	0.00957	0.01035	0.00773	0.00688	0.01120	0.01042	0.01468	0.01908	0.03250	0.01944	0.30002	0.49155	0.00929	0.01396	0.00809	0.00376	0.00532
17	0.01347	0.01098	0.01193	0.01101	0.01387	0.01173	0.00842	0.08911	0.30182	0.02538	0.11051	0.14406	0.19411	0.01312	0.00745	0.00230	0.00463	0.01117	0.00665	0.00831
18	0.01913	0.28821	0.16276	0.01604	0.05532	0.10067	0.01493	0.17813	0.01867	0.02361	0.01325	0.01694	0.01112	0.00730	0.00587	0.00186	0.00828	0.04448	0.00404	0.00938
19	0.00860	0.00626	0.00821	0.00961	0.01038	0.00586	0.00691	0.01015	0.01353	0.01773	0.03973	0.57527	0.10862	0.02021	0.00862	0.00274	0.00424	0.13151	0.00622	0.00560
20	0.00930	0.00784	0.00820	0.00805	0.01045	0.00724	0.00617	0.01340	0.10642	0.01998	0.09500	0.05920	0.56032	0.01587	0.00785	0.00230	0.00377	0.04590	0.00637	0.00637
21	0.01735	0.42408	0.24081	0.01599	0.05795	0.10498	0.01611	0.02124	0.01450	0.01782	0.01043	0.01224	0.00869	0.00608	0.00525	0.00170	0.00861	0.00421	0.00295	0.00901

[dist]
# distance from previous block
# <min> <max>
0	1

[block]
# block no. 4 follows, 32 sequences, length 96
# corresponding to MSA columns:
# 150-245
name=unknown_E
#
# <colnr> <probs for GDERKNQSTAVLIFYWHMCP>
#	G	D	E	R	K	N	Q	S	T	A	V	L	I	F	Y	W	H	M	C	P
0	0.01642	0.23063	0.30312	0.01788	0.04594	0.04053	0.07831	0.07001	0.04366	0.02107	0.01208	0.01422	0.00947	0.00676	0.00712	0.00199	0.06291	0.00511	0.00338	0.00939
1	0.01571	0.01600	0.05483	0.17452	0.54585	0.01576	0.03962	0.01999	0.01489	0.02097	0.01249	0.01679	0.01021	0.00612	0.00668	0.00205	0.00833	0.00599	0.00324	0.00995
2	0.01131	0.00895	0.01289	0.03502	0.07787	0.00844	0.05724	0.01457	0.04157	0.05641	0.22500	0.16869	0.22773	0.01397	0.00778	0.00227	0.00475	0.01242	0.00611	0.00702
3	0.00898	0.00634	0.00766	0.00839	0.00889	0.00606	0.00547	0.00983	0.01197	0.01568	0.03362	0.33901	0.11020	0.33454	0.01935	0.00429	0.00508	0.05440	0.00531	0.00493
4	0.01295	0.01046	0.01468	0.01243	0.01545	0.01046	0.09671	0.03840	0.16875	0.05034	0.36245	0.04054	0.09587	0.01173	0.00764	0.00220	0.00499	0.02944	0.00664	0.00787
5	0.01365	0.01163	0.01362	0.00985	0.01556	0.00879	0.00786	0.01665	0.01421	0.02216	0.05356	0.01605	0.01308	0.00548	0.00514	0.00106	0.00486	0.00446	0.00418	0.75816
6	0.01770	0.04896	0.40136	0.01888	0.08352	0.01638	0.01933	0.18186	0.01876	0.07738	0.01620	0.01732	0.03769	0.00727	0.00650	0.00207	0.00851	0.00575	0.00432	0.01023
7	0.01384	0.01263	0.01842	0.02357	0.30800	0.03239	0.03135	0.01866	0.08596	0.02259	0.18216	0.03286	0.09151	0.03854	0.00869	0.00232	0.02792	0.03505	0.00501	0.00854
8	0.01625	0.01760	0.06163	0.02731	0.09638	0.01593	0.53921	0.02155	0.01582	0.05442	0.01487	0.01984	0.01145	0.00626	0.00764	0.00223	0.01032	0.02627	0.02586	0.00918
9	0.09119	0.08085	0.01864	0.01401	0.04599	0.06895	0.01102	0.26150	0.05629	0.07613	0.01462	0.01529	0.01102	0.00685	0.00581	0.00172	0.00673	0.00512	0.00523	0.20304
10	0.03369	0.01092	0.01632	0.42151	0.03139	0.01288	0.01399	0.06872	0.01433	0.01930	0.01777	0.16823	0.01720	0.04041	0.04249	0.00286	0.03017	0.00870	0.00405	0.02505
11	0.01805	0.44608	0.15851	0.01398	0.01995	0.12962	0.01406	0.02290	0.08587	0.01814	0.01183	0.01305	0.00981	0.00638	0.00521	0.00169	0.00822	0.00436	0.00336	0.00893
12	0.01624	0.01449	0.02145	0.03770	0.04886	0.01807	0.08248	0.07619	0.01391	0.06277	0.04464	0.01793	0.01258	0.01190	0.04582	0.00296	0.45349	0.00650	0.00388	0.00814
13	0.00819	0.00675	0.00719	0.00720	0.00925	0.00576	0.00535	0.01009	0.01573	0.01944	0.16799	0.10146	0.57897	0.01671	0.00796	0.00227	0.00339	0.01412	0.00641	0.00576
14	0.01900	0.02188	0.01991	0.01748	0.01892	0.31865	0.01397	0.02058	0.01391	0.01626	0.00946	0.01361	0.00874	0.00974	0.01538	0.00243	0.44420	0.00523	0.00315	0.00752
15	0.01965	0.51331	0.02987	0.01438	0.05095	0.18378	0.01224	0.04408	0.04490	0.01758	0.01069	0.01211	0.00930	0.00623	0.00499	0.00158	0.00824	0.00411	0.00331	0.00869
16	0.01838	0.05642	0.20393	0.06546	0.22239	0.01784	0.03731	0.23119	0.03545	0.02762	0.01372	0.01586	0.01035	0.00681	0.00653	0.00203	0.00834	0.00572	0.00429	0.01037
17	0.00970	0.00648	0.00734	0.00740	0.00741	0.00646	0.00415	0.00974	0.00988	0.01317	0.02176	0.07182	0.02517	0.73521	0.03315	0.00636	0.00640	0.01012	0.00415	0.00412
18	0.00838	0.00602	0.00797	0.00934	0.00984	0.00570	0.00634	0.00963	0.01278	0.01701	0.03638	0.65424	0.06329	0.05246	0.04354	0.00325	0.00471	0.03767	0.00602	0.00545
19	0.01087	0.00789	0.00919	0.00867	0.01083	0.00752	0.00656	0.01545	0.10254	0.05288	0.35297	0.07658	0.24566	0.01388	0.00760	0.00217	0.00363	0.01193	0.04635	0.00684
20	0.01128	0.00809	0.01025	0.01067	0.01257	0.00797	0.00865	0.01566	0.08973	0.04964	0.16815	0.13681	0.13124	0.01628	0.00840	0.00263	0.00488	0.29378	0.00657	0.00674
21	0.28549	0.01193	0.01371	0.01092	0.01577	0.01156	0.00901	0.02846	0.01666	0.49925	0.02087	0.01894	0.01356	0.00763	0.00590	0.00208	0.00554	0.00573	0.00695	0.01006
22	0.02464	0.03127	0.01908	0.01730	0.02061	0.70768	0.01304	0.02635	0.01865	0.01641	0.01031	0.01221	0.00865	0.00711	0.00671	0.00178	0.04262	0.00439	0.00344	0.00776
23	0.00846	0.00606	0.00804	0.00915	0.00980	0.00564	0.00625	0.01006	0.01418	0.01925	0.18482	0.60593	0.04848	0.01944	0.00842	0.00259	0.00374	0.01757	0.00648	0.00564
24	0.01697	0.01455	0.01533	0.01371	0.01755	0.01682	0.01069	0.05658	0.68883	0.02852	0.02696	0.02475	0.02020	0.00907	0.00682	0.00227	0.00538	0.00754	0.00682	0.01065
25	0.21795	0.16851	0.14186	0.01432	0.01956	0.27651	0.01328	0.04190	0.01561	0.02128	0.01036	0.01201	0.00835	0.00646	0.00532	0.00184	0.00892	0.00417	0.00350	0.00828
26	0.01625	0.01587	0.09229	0.07357	0.30754	0.01433	0.01663	0.06868	0.05056	0.06282	0.01754	0.04767	0.01542	0.00860	0.00749	0.00217	0.03548	0.08445	0.00440	0.05823
27	0.17174	0.01567	0.01796	0.09254	0.20452	0.09370	0.01323	0.11214	0.01729	0.08407	0.01976	0.02118	0.09276	0.00796	0.00627	0.00205	0.00718	0.00637	0.00468	0.00895
28	0.30558	0.01622	0.03598	0.01412	0.01753	0.06805	0.04395	0.14226	0.01570	0.02644	0.01190	0.01578	0.00996	0.01013	0.04040	0.00265	0.18663	0.02432	0.00424	0.00814
29	0.01346	0.03471	0.72942	0.01912	0.02904	0.01558	0.02479	0.02125	0.01417	0.02125	0.01204	0.01417	0.00850	0.00637	0.00637	0.00212	0.00992	0.00496	0.00283	0.00992
30	0.55568	0.01442	0.01716	0.01357	0.01841	0.01567	0.15523	0.06866	0.01409	0.05630	0.01139	0.01327	0.00855	0.00632	0.00524	0.00211	0.00667	0.00484	0.00433	0.00810
31	0.00818	0.00584	0.00779	0.00934	0.00973	0.00545	0.00623	0.00934	0.01285	0.01713	0.03698	0.75981	0.04438	0.02102	0.00856	0.00273	0.00389	0.01908	0.00623	0.00545
32	0.00892	0.00661	0.00833	0.00877	0.00980	0.00648	0.00622	0.01047	0.01289	0.01706	0.08608	0.24038	0.18023	0.16683	0.16892	0.00503	0.00733	0.03887	0.00534	0.00544
33	0.01059	0.00762	0.01050	0.01182	0.01340	0.00753	0.01022	0.01363	0.01572	0.02053	0.08988	0.07324	0.06929	0.01810	0.00911	0.00298	0.00583	0.59761	0.00627	0.00617
34	0.01584	0.01810	0.03959	0.02828	0.03507	0.01697	0.69796	0.02149	0.01584	0.02149	0.01357	0.01810	0.01018	0.00566	0.00792	0.00226	0.01131	0.00792	0.00339	0.00905
35	0.01121	0.00612	0.00918	0.00918	0.00943	0.00637	0.00637	0.00943	0.00918	0.01249	0.01300	0.02167	0.01275	0.02908	0.17811	0.63525	0.00842	0.00612	0.00306	0.00357
36	0.00885	0.00627	0.00827	0.00923	0.00975	0.00618	0.00629	0.01011	0.01235	0.01666	0.06015	0.46256	0.03743	0.17162	0.10663	0.00449	0.00628	0.04605	0.00551	0.00532
37	0.02341	0.02020	0.02255	0.01782	0.02262	0.22045	0.15834	0.13648	0.06973	0.19012	0.01695	0.01758	0.01215	0.00747	0.00730	0.00205	0.03352	0.00623	0.00534	0.00969
38	0.01251	0.00625	0.00625	0.00625	0.00782	0.00625	0.00469	0.01563	0.01407	0.02502	0.02189	0.02502	0.01720	0.00782	0.00469	0.00156	0.00313	0.00625	0.80144	0.00625
39	0.00852	0.00680	0.00766	0.00779	0.00970	0.00595	0.00590	0.01060	0.01592	0.02014	0.20754	0.11988	0.46650	0.01672	0.00808	0.00233	0.00360	0.06406	0.00648	0.00583
40	0.67344	0.01270	0.01087	0.00937	0.01371	0.01413	0.00773	0.02202	0.01280	0.15330	0.01237	0.01301	0.00892	0.00660	0.00461	0.00208	0.00528	0.00418	0.00489	0.00800
41	0.02248	0.02768	0.01931	0.01713	0.02047	0.57652	0.05069	0.02521	0.04664	0.01757	0.04036	0.01523	0.01179	0.00925	0.03783	0.00223	0.04290	0.00516	0.00374	0.00781
42	0.11098	0.01399	0.02327	0.31547	0.21657	0.01532	0.12413	0.01956	0.03491	0.02121	0.01281	0.01716	0.00997	0.00640	0.00652	0.00214	0.00833	0.00605	0.02665	0.00858
43	0.02506	0.03198	0.01901	0.01729	0.02074	0.73725	0.01296	0.02679	0.01901	0.01642	0.01037	0.01210	0.00864	0.00691	0.00605	0.00173	0.01210	0.00432	0.00346	0.00778
44	0.01166	0.00583	0.00874	0.00874	0.00874	0.00583	0.00583	0.00874	0.00874	0.01166	0.01166	0.02040	0.01166	0.02331	0.02622	0.80478	0.00583	0.00583	0.00291	0.00291
45	0.00841	0.00619	0.00794	0.00924	0.01006	0.00572	0.00652	0.00986	0.01352	0.01760	0.04189	0.57523	0.15390	0.02011	0.00853	0.00269	0.00405	0.08676	0.00622	0.00556
46	0.01429	0.01515	0.03156	0.02354	0.02878	0.01445	0.50966	0.01903	0.01499	0.02032	0.01713	0.02737	0.01508	0.04709	0.08298	0.00342	0.01112	0.09207	0.00380	0.00815
47	0.01343	0.01279	0.02193	0.60731	0.15839	0.01515	0.04076	0.01786	0.01380	0.01808	0.01209	0.01768	0.00926	0.00655	0.00674	0.00220	0.00886	0.00603	0.00305	0.00803
48	0.00974	0.00659	0.00775	0.00775	0.00790	0.00674	0.00460	0.01003	0.00989	0.01333	0.02075	0.04173	0.02345	0.67551	0.12153	0.00704	0.00793	0.00944	0.00401	0.00430
49	0.81159	0.01298	0.00986	0.00882	0.01298	0.01505	0.00727	0.01972	0.01142	0.03010	0.00934	0.01090	0.00727	0.00623	0.00415	0.00208	0.00519	0.00363	0.00415	0.00727
50	0.01191	0.01089	0.01616	0.36285	0.09949	0.04198	0.01390	0.01499	0.01356	0.01754	0.02096	0.27983	0.02185	0.01300	0.02919	0.00262	0.00747	0.01056	0.00420	0.00704
51	0.01027	0.00743	0.00953	0.00885	0.01061	0.00704	0.00673	0.04468	0.01950	0.02747	0.67107	0.04910	0.06035	0.01356	0.00789	0.00213	0.00343	0.02646	0.00733	0.00656
52	0.01584	0.01510	0.02546	0.15432	0.57985	0.01545	0.01969	0.01986	0.01491	0.02114	0.01248	0.01669	0.01032	0.00605	0.00658	0.00199	0.00799	0.00588	0.00330	0.04710
53	0.01057	0.00761	0.01049	0.01195	0.01349	0.00753	0.01034	0.01351	0.01536	0.01988	0.03742	0.09661	0.07757	0.01853	0.00917	0.00303	0.00595	0.61869	0.00618	0.00613
54	0.00822	0.00587	0.00783	0.00931	0.00974	0.00548	0.00623	0.00946	0.01306	0.01747	0.06070	0.73513	0.04504	0.02077	0.00854	0.00270	0.00387	0.01883	0.00627	0.00548
55	0.00876	0.00633	0.00805	0.00862	0.00953	0.00587	0.00595	0.01053	0.01482	0.02011	0.26887	0.38762	0.10653	0.09340	0.01088	0.00286	0.00387	0.01536	0.00640	0.00563
56	0.01166	0.00583	0.00874	0.00874	0.00874	0.00583	0.00583	0.00874	0.00874	0.01166	0.01166	0.02040	0.01166	0.02331	0.02622	0.80478	0.00583	0.00583	0.00291	0.00291
57	0.00940	0.00689	0.00892	0.00910	0.01061	0.00641	0.00702	0.01214	0.01715	0.02341	0.43164	0.14352	0.13200	0.01590	0.00825	0.00239	0.00385	0.13841	0.00688	0.00612
58	0.04178	0.01250	0.01624	0.03861	0.01859	0.01008	0.06857	0.01740	0.01398	0.02195	0.01198	0.01432	0.00983	0.00514	0.00526	0.00119	0.00568	0.00438	0.00389	0.67863
59	0.01698	0.01651	0.08623	0.01670	0.02146	0.01572	0.14560	0.11996	0.27340	0.05674	0.08630	0.04750	0.02033	0.00892	0.00770	0.00224	0.03439	0.00790	0.00573	0.00970
60	0.01995	0.01565	0.01969	0.01614	0.04586	0.01653	0.09342	0.29644	0.18589	0.06063	0.02041	0.02063	0.03652	0.00798	0.00667	0.00201	0.00677	0.00677	0.05041	0.07161
61	0.01844	0.01443	0.01555	0.01356	0.01756	0.01630	0.01066	0.10638	0.56341	0.08268	0.04713	0.02467	0.02052	0.00907	0.00684	0.00223	0.00550	0.00749	0.00694	0.01064
62	0.03010	0.01142	0.01557	0.01194	0.01713	0.00986	0.00986	0.03270	0.01920	0.72698	0.02647	0.02284	0.01661	0.00830	0.00675	0.00208	0.00571	0.00675	0.00830	0.01142
63	0.01381	0.00959	0.01270	0.12111	0.05727	0.00951	0.00958	0.06990	0.01744	0.11579	0.18405	0.09204	0.23543	0.01256	0.00746	0.00220	0.00509	0.01077	0.00614	0.00756
64	0.01661	0.01594	0.02724	0.04119	0.72233	0.01594	0.02059	0.02059	0.01528	0.02192	0.01262	0.01661	0.01063	0.00598	0.00664	0.00199	0.00797	0.00598	0.00332	0.01063
65	0.00816	0.00591	0.00772	0.00917	0.00969	0.00546	0.00615	0.00936	0.01301	0.01720	0.03911	0.71197	0.09085	0.02074	0.00852	0.00269	0.00386	0.01874	0.00623	0.00546
66	0.00845	0.00600	0.00793	0.00936	0.00979	0.00567	0.00633	0.00965	0.01276	0.01698	0.03567	0.66373	0.04249	0.07850	0.01059	0.00304	0.00423	0.05738	0.00606	0.00539
67	0.05166	0.01246	0.01603	0.01232	0.01751	0.01149	0.01018	0.12261	0.02065	0.61456	0.02458	0.02159	0.01564	0.00821	0.00667	0.00207	0.00592	0.00656	0.00797	0.01130
68	0.01439	0.04774	0.04107	0.13819	0.15402	0.01210	0.01264	0.03831	0.01521	0.04281	0.08236	0.06651	0.01763	0.00769	0.00620	0.00175	0.00624	0.00667	0.03538	0.25308
69	0.01468	0.01129	0.01334	0.03458	0.01581	0.00971	0.00826	0.07059	0.03524	0.05584	0.04086	0.07443	0.01641	0.06600	0.00792	0.00182	0.00525	0.00637	0.02975	0.48186
70	0.49124	0.03939	0.01431	0.01210	0.03862	0.01689	0.00957	0.17987	0.04354	0.03122	0.01197	0.01344	0.00924	0.00821	0.02659	0.00233	0.03366	0.00461	0.00473	0.00849
71	0.01928	0.19189	0.02078	0.01421	0.04626	0.07377	0.01132	0.20224	0.11914	0.05506	0.01835	0.02463	0.01594	0.08355	0.00908	0.00244	0.00715	0.07060	0.00519	0.00910
72	0.04447	0.01503	0.02365	0.06787	0.28635	0.03776	0.11520	0.01958	0.05316	0.02090	0.04487	0.04122	0.04438	0.00847	0.00973	0.00227	0.14519	0.00717	0.00385	0.00886
73	0.07919	0.07210	0.01719	0.01391	0.04242	0.04187	0.02910	0.20355	0.03906	0.11391	0.02272	0.18059	0.04218	0.01118	0.00751	0.00222	0.03776	0.02893	0.00579	0.00882
74	0.01276	0.01204	0.02014	0.71721	0.04501	0.01515	0.01847	0.01710	0.01328	0.01710	0.01179	0.01775	0.00894	0.00692	0.00736	0.00227	0.04032	0.00596	0.00298	0.00745
75	0.02565	0.01906	0.01933	0.01523	0.02009	0.10494	0.01243	0.48586	0.02718	0.14227	0.01666	0.01659	0.01175	0.00813	0.00735	0.00203	0.04235	0.00593	0.00639	0.01079
76	0.01560	0.01492	0.02542	0.22196	0.54942	0.01568	0.02009	0.01971	0.01480	0.02070	0.01244	0.01693	0.01020	0.00617	0.00666	0.00206	0.00822	0.00597	0.00323	0.00982
77	0.01268	0.00648	0.00681	0.00681	0.00848	0.00637	0.00517	0.01565	0.01429	0.04736	0.02490	0.05746	0.04570	0.00911	0.00521	0.00171	0.00337	0.03239	0.68367	0.00637
78	0.02482	0.01845	0.01975	0.01530	0.02055	0.02049	0.01259	0.64845	0.08417	0.04118	0.01698	0.01680	0.01211	0.00814	0.00672	0.00203	0.00722	0.00616	0.00672	0.01135
79	0.00889	0.00649	0.00836	0.00863	0.00984	0.00596	0.00619	0.01121	0.01647	0.02266	0.41913	0.30668	0.11129	0.01662	0.00815	0.00234	0.00345	0.01480	0.00687	0.00596
80	0.00931	0.00679	0.00857	0.00859	0.01012	0.00631	0.00648	0.01195	0.01682	0.02318	0.41648	0.13526	0.16678	0.01681	0.03878	0.00263	0.00415	0.06535	0.03956	0.00609
81	0.04593	0.01248	0.01596	0.26173	0.02614	0.01437	0.01275	0.07672	0.24700	0.06696	0.02088	0.05442	0.01669	0.00887	0.00670	0.00223	0.00655	0.03539	0.05941	0.00883
82	0.01392	0.10977	0.65838	0.01834	0.02783	0.01671	0.02343	0.02113	0.01411	0.02069	0.01176	0.01382	0.00851	0.00631	0.00616	0.00205	0.00964	0.00482	0.00284	0.00978
83	0.04380	0.01159	0.01489	0.01207	0.01667	0.01086	0.00982	0.03126	0.13352	0.54022	0.02699	0.05413	0.01898	0.00928	0.00687	0.00217	0.00558	0.03273	0.00780	0.01076
84	0.01113	0.00690	0.00823	0.00803	0.00869	0.00672	0.00504	0.01178	0.01156	0.06988	0.07034	0.09758	0.05059	0.54511	0.05611	0.00561	0.00639	0.01044	0.00483	0.00502
85	0.01832	0.01482	0.01579	0.01380	0.01784	0.01690	0.01085	0.11584	0.59899	0.05930	0.02592	0.02386	0.01922	0.00894	0.00681	0.00224	0.00558	0.00736	0.00688	0.01075
86	0.01870	0.36116	0.15904	0.01543	0.04464	0.22847	0.01446	0.02183	0.01541	0.01730	0.01264	0.01418	0.03763	0.00666	0.00543	0.00170	0.00898	0.00457	0.00319	0.00857
87	0.01721	0.01455	0.01534	0.01357	0.01746	0.01667	0.01062	0.09879	0.61848	0.02907	0.02776	0.02566	0.04599	0.00930	0.00686	0.00225	0.00544	0.00769	0.00679	0.01051
88	0.01783	0.01878	0.02437	0.12691	0.46474	0.16870	0.01854	0.02132	0.01568	0.01996	0.01194	0.01576	0.00993	0.00645	0.00699	0.00200	0.03167	0.00562	0.00329	0.00951
89	0.00816	0.00591	0.00772	0.00917	0.00969	0.00546	0.00615	0.00936	0.01302	0.01720	0.03913	0.71156	0.09124	0.02074	0.00852	0.00269	0.00386	0.01873	0.00623	0.00546
90	0.00871	0.00677	0.00791	0.00775	0.00957	0.00598	0.00577	0.01109	0.01694	0.02233	0.38229	0.09990	0.35961	0.01565	0.00796	0.00222	0.00332	0.01348	0.00679	0.00598
91	0.03010	0.01142	0.01557	0.01194	0.01713	0.00986	0.00986	0.03270	0.01920	0.72698	0.02647	0.02284	0.01661	0.00830	0.00675	0.00208	0.00571	0.00675	0.00830	0.01142
92	0.01254	0.00963	0.01081	0.01041	0.01289	0.01001	0.00782	0.02055	0.26898	0.06124	0.06030	0.21123	0.21592	0.01586	0.03771	0.00272	0.00494	0.01217	0.00649	0.00778
93	0.02173	0.01617	0.01768	0.01454	0.01905	0.01789	0.01193	0.44085	0.18546	0.05536	0.02145	0.02595	0.01711	0.00964	0.00707	0.00221	0.00671	0.09194	0.00672	0.01056
94	0.01874	0.23305	0.15717	0.01745	0.04283	0.21433	0.08491	0.04494	0.03543	0.01916	0.01143	0.01352	0.00929	0.00657	0.00652	0.00184	0.04080	0.00485	0.00336	0.03381
95	0.15248	0.08377	0.10259	0.01378	0.01890	0.08570	0.03714	0.12358	0.10823	0.12703	0.04653	0.01933	0.03716	0.00785	0.00612	0.00202	0.00709	0.00602	0.00531	0.00936

[dist]
# distance from previous block
# <min> <max>
0	5

[block]
# block no. 5 follows, 32 sequences, length 22
# corresponding to MSA columns:
# 251-261,269-279
name=unknown_F
#
# <colnr> <probs for GDERKNQSTAVLIFYWHMCP>
#	G	D	E	R	K	N	Q	S	T	A	V	L	I	F	Y	W	H	M	C	P
0	0.09660	0.12715	0.30746	0.04267	0.02337	0.09191	0.01693	0.08764	0.04057	0.06780	0.01299	0.01444	0.00965	0.00686	0.00632	0.00200	0.02743	0.00494	0.00390	0.00936
1	0.01305	0.03924	0.03787	0.01302	0.07071	0.05111	0.00932	0.10147	0.01688	0.02228	0.09933	0.25234	0.12913	0.03907	0.00833	0.00240	0.00546	0.03590	0.04592	0.00718
2	0.01892	0.04565	0.09283	0.02972	0.39779	0.03714	0.04673	0.12505	0.04234	0.07736	0.01450	0.01678	0.01119	0.00662	0.00659	0.00201	0.00804	0.00595	0.00427	0.01052
3	0.06607	0.03387	0.04940	0.02216	0.21416	0.04427	0.09636	0.08858	0.01631	0.04431	0.01953	0.17394	0.01906	0.01169	0.03408	0.00255	0.00773	0.04265	0.00462	0.00866
4	0.00965	0.00655	0.00743	0.00743	0.00761	0.00653	0.00430	0.00984	0.01011	0.01340	0.02366	0.04437	0.06344	0.69293	0.06121	0.00644	0.00679	0.00990	0.00417	0.00423
5	0.06913	0.38537	0.02583	0.01318	0.01757	0.15023	0.01153	0.10724	0.01644	0.02031	0.01220	0.06222	0.01130	0.00775	0.00654	0.00180	0.06390	0.00525	0.00378	0.00843
6	0.01879	0.07164	0.15472	0.02100	0.17276	0.03630	0.04470	0.20238	0.01937	0.05357	0.01362	0.01538	0.01035	0.00654	0.00623	0.00184	0.00783	0.00540	0.00440	0.13318
7	0.09061	0.16129	0.04819	0.04696	0.10996	0.07879	0.04859	0.13361	0.05290	0.02452	0.06877	0.02045	0.05885	0.00794	0.00644	0.00196	0.02047	0.00629	0.00452	0.00889
8	0.01051	0.00863	0.04516	0.00938	0.01133	0.00743	0.00749	0.03850	0.03927	0.02284	0.22748	0.24505	0.11550	0.01478	0.00753	0.00228	0.00413	0.05033	0.12588	0.00650
9	0.00854	0.00618	0.00773	0.00878	0.00954	0.00572	0.00602	0.00964	0.01300	0.01687	0.04048	0.49572	0.17228	0.08950	0.01155	0.03417	0.00423	0.04887	0.00590	0.00530
10	0.01767	0.16028	0.29966	0.02004	0.13492	0.03272	0.01823	0.07607	0.03435	0.08780	0.01352	0.01517	0.01018	0.00685	0.00687	0.00200	0.04467	0.00523	0.00386	0.00990
11	0.04058	0.02190	0.24387	0.05749	0.29126	0.04292	0.05394	0.05116	0.01602	0.09695	0.01389	0.01628	0.01036	0.00649	0.00655	0.00206	0.00860	0.00571	0.00386	0.01010
12	0.01742	0.04807	0.01771	0.01454	0.01671	0.14612	0.03110	0.13672	0.01608	0.02062	0.01409	0.02170	0.01314	0.09011	0.03886	0.07624	0.20672	0.04000	0.02670	0.00736
13	0.01989	0.34924	0.05358	0.07154	0.02204	0.14762	0.05188	0.11560	0.01727	0.04784	0.01164	0.01345	0.00943	0.00669	0.00618	0.00178	0.03692	0.00475	0.00376	0.00890
14	0.01391	0.01193	0.01391	0.00994	0.01590	0.00894	0.00795	0.01690	0.01391	0.02186	0.01193	0.01391	0.00994	0.00497	0.00497	0.00099	0.00497	0.00398	0.00398	0.80521
15	0.00858	0.00661	0.00775	0.00790	0.00945	0.00588	0.00570	0.01058	0.01578	0.02062	0.27602	0.20377	0.33092	0.04861	0.00918	0.00249	0.00356	0.01432	0.00652	0.00577
16	0.00928	0.00790	0.03871	0.00902	0.01082	0.00654	0.00719	0.01138	0.01523	0.02003	0.21792	0.16482	0.25653	0.04444	0.01022	0.05152	0.00433	0.10220	0.00609	0.00582
17	0.00916	0.00653	0.00725	0.00738	0.00814	0.00616	0.00466	0.00993	0.01202	0.01562	0.06094	0.11829	0.21924	0.44077	0.02278	0.00469	0.00519	0.01187	0.02459	0.00478
18	0.03759	0.21290	0.11247	0.01580	0.06732	0.01844	0.04250	0.20011	0.01867	0.02582	0.01243	0.01400	0.00980	0.00629	0.00565	0.00167	0.00728	0.00484	0.00421	0.18222
19	0.05146	0.11798	0.12515	0.01614	0.02155	0.19587	0.08131	0.11217	0.01818	0.12776	0.01438	0.01578	0.01077	0.00954	0.05081	0.00246	0.00960	0.00541	0.00447	0.00921
20	0.04810	0.10601	0.10020	0.02184	0.16989	0.01745	0.11050	0.12756	0.07120	0.11373	0.01547	0.01696	0.01155	0.00700	0.00698	0.00205	0.03276	0.00600	0.00466	0.01008
21	0.01813	0.47170	0.09604	0.01732	0.12647	0.04448	0.01423	0.07901	0.04083	0.01996	0.01134	0.01299	0.00958	0.00619	0.00520	0.00167	0.00765	0.00446	0.00342	0.00933

[dist]
# distance from previous block
# <min> <max>
0	18

[block]
# block no. 6 follows, 32 sequences, length 57
# corresponding to MSA columns:
# 299-355
name=unknown_G
#
# <colnr> <probs for GDERKNQSTAVLIFYWHMCP>
#	G	D	E	R	K	N	Q	S	T	A	V	L	I	F	Y	W	H	M	C	P
0	0.05503	0.15906	0.04855	0.02200	0.24684	0.07074	0.01423	0.09352	0.08748	0.05084	0.01480	0.01744	0.01207	0.04156	0.00725	0.00210	0.00740	0.00564	0.03394	0.00950
1	0.12759	0.17219	0.01948	0.01183	0.01717	0.06549	0.01000	0.16149	0.01773	0.05179	0.01234	0.01351	0.00976	0.00620	0.00522	0.00154	0.00647	0.00440	0.00447	0.28130
2	0.00852	0.00685	0.00787	0.00809	0.00995	0.00620	0.00616	0.01049	0.01486	0.01862	0.10961	0.11850	0.46864	0.02116	0.09496	0.00337	0.00539	0.06898	0.00601	0.00578
3	0.02495	0.01278	0.01531	0.01208	0.01662	0.01268	0.00987	0.22562	0.04775	0.37277	0.04959	0.02231	0.01712	0.00840	0.00649	0.00199	0.00572	0.00671	0.12078	0.01045
4	0.00818	0.00584	0.00779	0.00934	0.00973	0.00545	0.00623	0.00934	0.01285	0.01713	0.03698	0.75981	0.04438	0.02102	0.00856	0.00273	0.00389	0.01908	0.00623	0.00545
5	0.00863	0.00626	0.00817	0.00905	0.00994	0.00580	0.00637	0.01047	0.01481	0.02004	0.22923	0.49252	0.09046	0.01864	0.00837	0.00254	0.00375	0.04266	0.00655	0.00574
6	0.01346	0.03471	0.72942	0.01912	0.02904	0.01558	0.02479	0.02125	0.01417	0.02125	0.01204	0.01417	0.00850	0.00637	0.00637	0.00212	0.00992	0.00496	0.00283	0.00992
7	0.00891	0.00691	0.00806	0.00804	0.00987	0.00617	0.00613	0.01122	0.01641	0.02133	0.30094	0.05955	0.37216	0.05029	0.00928	0.00249	0.00376	0.08606	0.00655	0.00589
8	0.01985	0.22951	0.02144	0.01400	0.01783	0.33260	0.01130	0.02460	0.13295	0.01859	0.01551	0.07424	0.01382	0.00812	0.00585	0.00181	0.00859	0.00592	0.03523	0.00824
9	0.01391	0.01193	0.01391	0.00994	0.01590	0.00894	0.00795	0.01690	0.01391	0.02186	0.01193	0.01391	0.00994	0.00497	0.00497	0.00099	0.00497	0.00398	0.00398	0.80521
