[name]
unknown

[dist]
# distance from previous block
# <min> <max>
0	2

[block]
# block no. 0 follows, 33 sequences, length 56
# corresponding to MSA columns:
# 2-57
name=unknown_A
#
# <colnr> <probs for GDERKNQSTAVLIFYWHMCP>
#	G	D	E	R	K	N	Q	S	T	A	V	L	I	F	Y	W	H	M	C	P
0	0.04791	0.00796	0.01076	0.01195	0.01373	0.00799	0.01041	0.01465	0.01513	0.04914	0.03333	0.06926	0.03561	0.01723	0.00876	0.00295	0.00600	0.62486	0.00606	0.00632
1	0.00848	0.00636	0.00724	0.00757	0.00865	0.00580	0.00509	0.00967	0.01319	0.01686	0.10279	0.22936	0.30128	0.23024	0.01522	0.00350	0.00430	0.01369	0.00561	0.00512
2	0.00800	0.00582	0.00755	0.00893	0.00949	0.00537	0.00601	0.00919	0.01283	0.01690	0.03911	0.69910	0.10696	0.02026	0.00834	0.00263	0.00377	0.01827	0.00611	0.00537
3	0.01540	0.02084	0.16242	0.04609	0.08664	0.04098	0.48634	0.02104	0.01524	0.02079	0.01282	0.01674	0.00964	0.00577	0.00730	0.00216	0.01056	0.00693	0.00322	0.00907
4	0.01078	0.00663	0.00861	0.00909	0.01040	0.00601	0.00644	0.01240	0.01438	0.10549	0.12388	0.50774	0.11742	0.01778	0.00804	0.00247	0.00390	0.01586	0.00650	0.00619
5	0.00833	0.00617	0.00778	0.00847	0.00951	0.00562	0.00594	0.01011	0.01469	0.01961	0.23031	0.44085	0.17256	0.01794	0.00811	0.00243	0.00354	0.01597	0.00642	0.00562
6	0.02568	0.01739	0.01911	0.01465	0.01989	0.01885	0.01210	0.60770	0.02919	0.14190	0.01728	0.01677	0.01194	0.00794	0.00659	0.00198	0.00701	0.00603	0.00681	0.01120
7	0.00933	0.00697	0.00991	0.01001	0.01132	0.00754	0.00780	0.01177	0.01269	0.01774	0.14032	0.06658	0.07414	0.03738	0.47860	0.00764	0.01271	0.06702	0.00464	0.00591
8	0.01680	0.00822	0.01070	0.00945	0.01215	0.00733	0.00724	0.01910	0.01678	0.29221	0.22478	0.15755	0.09711	0.04697	0.00848	0.00235	0.00434	0.01086	0.03977	0.00781
9	0.81514	0.01273	0.00968	0.00866	0.01273	0.01477	0.00713	0.01935	0.01120	0.02954	0.00917	0.01069	0.00713	0.00611	0.00407	0.00204	0.00509	0.00356	0.00407	0.00713
10	0.02022	0.01517	0.01577	0.01353	0.01766	0.05824	0.01068	0.11625	0.46918	0.15157	0.02433	0.02237	0.01766	0.00854	0.00663	0.00214	0.00592	0.00693	0.00674	0.01049
11	0.01039	0.00696	0.00825	0.00788	0.00990	0.00616	0.00592	0.01272	0.01650	0.07940	0.31717	0.10709	0.31975	0.01459	0.00757	0.00215	0.00345	0.01252	0.04534	0.00628
12	0.01001	0.00708	0.00863	0.00911	0.00986	0.00701	0.00609	0.07145	0.01357	0.01816	0.05113	0.47290	0.03571	0.22965	0.01528	0.00364	0.00482	0.01480	0.00559	0.00551
13	0.81514	0.01273	0.00968	0.00866	0.01273	0.01477	0.00713	0.01935	0.01120	0.02954	0.00917	0.01069	0.00713	0.00611	0.00407	0.00204	0.00509	0.00356	0.00407	0.00713
14	0.00957	0.00638	0.00718	0.00718	0.00718	0.00638	0.00399	0.00957	0.00957	0.01276	0.02074	0.04308	0.02393	0.76864	0.03351	0.00638	0.00638	0.00957	0.00399	0.00399
15	0.00842	0.00615	0.00768	0.00840	0.00943	0.00561	0.00588	0.01018	0.01448	0.01947	0.20055	0.44416	0.17282	0.01780	0.00801	0.00241	0.00354	0.01582	0.03359	0.00561
16	0.00957	0.00638	0.00718	0.00718	0.00718	0.00638	0.00399	0.00957	0.00957	0.01276	0.02074	0.04308	0.02393	0.76864	0.03351	0.00638	0.00638	0.00957	0.00399	0.00399
17	0.00801	0.00577	0.00759	0.00905	0.00952	0.00536	0.00606	0.00918	0.01271	0.01685	0.03768	0.73217	0.07481	0.02044	0.00837	0.00265	0.00380	0.01849	0.00611	0.00536
18	0.01637	0.01414	0.01489	0.01340	0.01712	0.01637	0.01042	0.03498	0.71568	0.02754	0.02679	0.02456	0.02010	0.00893	0.00670	0.00223	0.00521	0.00744	0.00670	0.01042
19	0.00802	0.00573	0.00764	0.00917	0.00955	0.00535	0.00611	0.00917	0.01260	0.01681	0.03628	0.76434	0.04354	0.02062	0.00840	0.00267	0.00382	0.01872	0.00611	0.00535
20	0.02415	0.01703	0.01837	0.01421	0.01914	0.01867	0.01169	0.61363	0.02889	0.07341	0.01679	0.01688	0.01193	0.00789	0.00642	0.00194	0.00681	0.00598	0.07543	0.01076
21	0.00830	0.00712	0.00717	0.00708	0.00939	0.00622	0.00533	0.01100	0.05761	0.01838	0.06426	0.06100	0.68205	0.01620	0.00771	0.00222	0.00345	0.01350	0.00615	0.00585
22	0.02954	0.01120	0.01528	0.01171	0.01681	0.00968	0.00968	0.03208	0.01884	0.73213	0.02597	0.02241	0.01630	0.00815	0.00662	0.00204	0.00560	0.00662	0.00815	0.01120
23	0.02572	0.01733	0.01907	0.01462	0.01986	0.01877	0.01208	0.60227	0.02909	0.14747	0.01737	0.01682	0.01198	0.00794	0.00659	0.00199	0.00699	0.00603	0.00683	0.01120
24	0.77718	0.01266	0.00995	0.00881	0.01293	0.01452	0.00725	0.01997	0.01157	0.06349	0.00998	0.01126	0.00757	0.00621	0.00420	0.00204	0.00512	0.00371	0.00427	0.00733
25	0.00802	0.00573	0.00764	0.00917	0.00955	0.00535	0.00611	0.00917	0.01260	0.01681	0.03628	0.76434	0.04354	0.02062	0.00840	0.00267	0.00382	0.01872	0.00611	0.00535
26	0.00940	0.00705	0.01058	0.01058	0.01176	0.00823	0.00823	0.01176	0.01058	0.01528	0.01763	0.02586	0.01646	0.04937	0.74255	0.01058	0.01763	0.00705	0.00353	0.00588
27	0.00940	0.00705	0.01058	0.01058	0.01176	0.00823	0.00823	0.01176	0.01058	0.01528	0.01763	0.02586	0.01646	0.04937	0.74255	0.01058	0.01763	0.00705	0.00353	0.00588
28	0.00800	0.00651	0.00709	0.00731	0.00912	0.00560	0.00534	0.00974	0.01499	0.01861	0.13741	0.18779	0.52555	0.01701	0.00789	0.00229	0.00340	0.01453	0.00624	0.00560
29	0.02503	0.01844	0.01976	0.01515	0.02042	0.02042	0.01251	0.70562	0.03095	0.04149	0.01581	0.01581	0.01120	0.00790	0.00659	0.00198	0.00724	0.00593	0.00659	0.01120
30	0.01320	0.03405	0.73453	0.01876	0.02849	0.01529	0.02432	0.02085	0.01390	0.02085	0.01181	0.01390	0.00834	0.00625	0.00625	0.00208	0.00973	0.00486	0.00278	0.00973
31	0.00809	0.00613	0.00747	0.00830	0.00938	0.00551	0.00578	0.00962	0.01402	0.01818	0.12269	0.46767	0.25615	0.01860	0.00814	0.00247	0.00359	0.01646	0.00624	0.00551
32	0.00925	0.00673	0.00871	0.00822	0.00980	0.00618	0.00616	0.01230	0.01849	0.02605	0.69722	0.04976	0.08921	0.01359	0.00777	0.00208	0.00312	0.01199	0.00720	0.00618
33	0.01320	0.03405	0.73453	0.01876	0.02849	0.01529	0.02432	0.02085	0.01390	0.02085	0.01181	0.01390	0.00834	0.00625	0.00625	0.00208	0.00973	0.00486	0.00278	0.00973
34	0.01320	0.03405	0.73453	0.01876	0.02849	0.01529	0.02432	0.02085	0.01390	0.02085	0.01181	0.01390	0.00834	0.00625	0.00625	0.00208	0.00973	0.00486	0.00278	0.00973
35	0.01316	0.01267	0.01863	0.01608	0.01672	0.01689	0.04804	0.01505	0.01049	0.01597	0.01122	0.01755	0.01074	0.02105	0.20809	0.00485	0.52661	0.00620	0.00307	0.00694
36	0.01955	0.01553	0.01647	0.01383	0.01807	0.01759	0.01103	0.29064	0.43135	0.03277	0.02242	0.02121	0.01659	0.00850	0.00659	0.00211	0.00592	0.00682	0.03242	0.01058
37	0.05435	0.03192	0.65301	0.01882	0.02807	0.01535	0.06685	0.02079	0.01387	0.02131	0.01177	0.01398	0.00838	0.00620	0.00624	0.00209	0.00958	0.00498	0.00288	0.00954
38	0.01583	0.01209	0.01415	0.01037	0.01602	0.00979	0.00833	0.05079	0.05084	0.09040	0.01402	0.01514	0.01097	0.00553	0.00521	0.00119	0.00507	0.00443	0.00457	0.65525
39	0.01682	0.01436	0.01513	0.01349	0.01729	0.01658	0.01053	0.06927	0.68067	0.02825	0.02623	0.02411	0.01964	0.00888	0.00669	0.00222	0.00531	0.00737	0.00669	0.01046
40	0.01379	0.01308	0.02220	0.50263	0.28493	0.01498	0.01896	0.01801	0.01381	0.01847	0.01194	0.01711	0.00936	0.00633	0.00656	0.00211	0.00844	0.00586	0.00304	0.00841
41	0.01243	0.01170	0.01975	0.75282	0.04534	0.01463	0.01828	0.01682	0.01316	0.01682	0.01170	0.01755	0.00878	0.00658	0.00658	0.00219	0.00878	0.00585	0.00293	0.00731
42	0.00931	0.00637	0.00726	0.00735	0.00762	0.00623	0.00434	0.00967	0.01066	0.01412	0.05941	0.10053	0.08034	0.61755	0.02838	0.00557	0.00580	0.01072	0.00447	0.00432
43	0.00801	0.00576	0.00761	0.00909	0.00953	0.00535	0.00608	0.00918	0.01268	0.01684	0.03724	0.74235	0.06492	0.02050	0.00838	0.00266	0.00380	0.01856	0.00611	0.00535
44	0.01732	0.01546	0.01574	0.01461	0.04323	0.07884	0.01099	0.10117	0.49166	0.02662	0.02282	0.02237	0.01747	0.01236	0.07642	0.00294	0.00727	0.00691	0.00597	0.00983
45	0.01307	0.01236	0.02091	0.63433	0.15880	0.01480	0.01860	0.01738	0.01347	0.01760	0.01181	0.01734	0.00905	0.00646	0.00657	0.00215	0.00862	0.00585	0.00298	0.00783
46	0.02651	0.01188	0.01519	0.01210	0.01688	0.01121	0.00985	0.03275	0.17886	0.57034	0.02616	0.02290	0.01717	0.00833	0.00664	0.00208	0.00551	0.00681	0.00782	0.01102
47	0.00778	0.00667	0.00667	0.00667	0.00889	0.00556	0.00500	0.00945	0.01501	0.01778	0.06669	0.06336	0.72490	0.01667	0.00778	0.00222	0.00333	0.01389	0.00611	0.00556
48	0.01024	0.00707	0.01056	0.01044	0.01165	0.00806	0.00806	0.01214	0.01068	0.03830	0.01737	0.02525	0.01602	0.04575	0.65686	0.07900	0.01622	0.00692	0.00362	0.00579
49	0.24659	0.01268	0.01329	0.01127	0.01530	0.01369	0.00905	0.09623	0.21114	0.18424	0.10110	0.02209	0.01952	0.00837	0.00605	0.00209	0.00523	0.00652	0.00632	0.00925
50	0.00802	0.00659	0.00706	0.00713	0.00909	0.00563	0.00528	0.00984	0.01529	0.01889	0.15549	0.12743	0.56828	0.01660	0.00784	0.00224	0.00335	0.01407	0.00627	0.00563
51	0.00869	0.00909	0.06995	0.00831	0.01102	0.00663	0.00721	0.01121	0.01557	0.01971	0.17890	0.05716	0.50412	0.01528	0.00772	0.00223	0.00400	0.05110	0.00603	0.00606
52	0.19892	0.00933	0.01031	0.00924	0.01220	0.00917	0.00716	0.03669	0.01554	0.19507	0.14225	0.14455	0.13534	0.03630	0.00754	0.00231	0.00453	0.00983	0.00627	0.00746
53	0.00956	0.00773	0.00867	0.00888	0.01070	0.00753	0.00647	0.01428	0.14393	0.01986	0.09507	0.29546	0.31456	0.01637	0.00779	0.00237	0.00383	0.01421	0.00630	0.00643
54	0.00987	0.00791	0.01121	0.01110	0.01174	0.00889	0.02859	0.01131	0.01148	0.01593	0.02493	0.34167	0.02824	0.13858	0.16354	0.00488	0.12905	0.03075	0.00466	0.00567
55	0.01136	0.00759	0.00936	0.00886	0.01080	0.00715	0.00661	0.01509	0.07351	0.08883	0.38656	0.14515	0.15011	0.03866	0.00850	0.00233	0.00375	0.01221	0.00685	0.00673

[dist]
# distance from previous block
# <min> <max>
0	1

[block]
# block no. 1 follows, 33 sequences, length 60
# corresponding to MSA columns:
# 59-118
name=unknown_B
#
# <colnr> <probs for GDERKNQSTAVLIFYWHMCP>
#	G	D	E	R	K	N	Q	S	T	A	V	L	I	F	Y	W	H	M	C	P
0	0.00837	0.00576	0.00751	0.00891	0.00939	0.00541	0.00599	0.00968	0.01270	0.01745	0.03505	0.70273	0.04132	0.01955	0.00809	0.00258	0.00376	0.01767	0.07266	0.00541
1	0.00877	0.00604	0.00805	0.00900	0.00968	0.00567	0.00629	0.00987	0.01332	0.01785	0.13985	0.48705	0.07906	0.01944	0.01039	0.09933	0.00404	0.05516	0.00589	0.00523
2	0.00894	0.00657	0.00803	0.00842	0.00987	0.00581	0.00598	0.01067	0.01446	0.03548	0.15681	0.39940	0.23278	0.01731	0.00792	0.00235	0.00366	0.01527	0.00624	0.04405
3	0.00893	0.00611	0.00737	0.00800	0.00816	0.00595	0.00487	0.00940	0.01083	0.01444	0.02718	0.34198	0.03206	0.45866	0.02310	0.00485	0.00532	0.01336	0.00487	0.00455
4	0.01760	0.77260	0.03450	0.01126	0.01690	0.02605	0.01126	0.01971	0.01338	0.01549	0.00915	0.01056	0.00845	0.00563	0.00422	0.00141	0.00704	0.00352	0.00282	0.00845
5	0.37966	0.01497	0.01715	0.05500	0.14914	0.01655	0.03593	0.20982	0.01763	0.03043	0.01188	0.01374	0.00905	0.00657	0.00548	0.00202	0.00659	0.00491	0.00454	0.00894
6	0.00944	0.00633	0.00722	0.00735	0.00738	0.00630	0.00417	0.00954	0.00983	0.01310	0.02204	0.10315	0.02557	0.70635	0.03142	0.00607	0.00617	0.01033	0.00417	0.00410
7	0.01460	0.01226	0.01416	0.01020	0.01600	0.00975	0.00819	0.07396	0.01509	0.02312	0.01204	0.01383	0.00987	0.00513	0.00502	0.00106	0.00507	0.00407	0.00412	0.74245
8	0.00930	0.00643	0.00734	0.00729	0.00792	0.00614	0.00456	0.00976	0.01158	0.01512	0.10089	0.04634	0.17745	0.47558	0.02481	0.06454	0.00535	0.01045	0.00469	0.00447
9	0.01472	0.01365	0.02276	0.03378	0.57538	0.01360	0.01726	0.01805	0.01441	0.02039	0.01652	0.10893	0.01614	0.05095	0.00835	0.00233	0.00720	0.03252	0.00374	0.00930
10	0.00874	0.00659	0.00930	0.01188	0.07190	0.00624	0.00733	0.01013	0.01281	0.01721	0.03421	0.69938	0.04067	0.01934	0.00824	0.00261	0.00417	0.01760	0.00586	0.00579
11	0.01916	0.01553	0.01645	0.01396	0.01818	0.01768	0.01109	0.25095	0.49518	0.03203	0.02326	0.02174	0.01723	0.00860	0.00666	0.00215	0.00587	0.00695	0.00666	0.01067
12	0.01007	0.00685	0.00818	0.00840	0.00984	0.00637	0.00601	0.03694	0.01502	0.04667	0.15218	0.33131	0.19653	0.04993	0.00879	0.00248	0.00383	0.01400	0.08061	0.00598
13	0.00937	0.00634	0.00720	0.00733	0.00744	0.00626	0.00421	0.00953	0.01004	0.01330	0.02384	0.10394	0.05314	0.67676	0.03040	0.00591	0.00605	0.01050	0.00425	0.00416
14	0.02607	0.01677	0.01872	0.01435	0.01958	0.01794	0.01186	0.55013	0.02816	0.20093	0.01815	0.01733	0.01237	0.00796	0.00659	0.00199	0.00687	0.00609	0.00695	0.01120
15	0.00803	0.00673	0.00702	0.00709	0.00924	0.00572	0.00542	0.00986	0.01519	0.01832	0.09605	0.06337	0.64962	0.01662	0.00786	0.00227	0.00350	0.05632	0.00616	0.00562
16	0.10018	0.00952	0.01185	0.00993	0.01345	0.00872	0.00786	0.02250	0.01697	0.38190	0.17352	0.07584	0.08945	0.03886	0.00781	0.00226	0.00475	0.00889	0.00709	0.00864
17	0.02314	0.01692	0.01807	0.01414	0.01893	0.01872	0.01159	0.58861	0.08007	0.03880	0.01717	0.01731	0.01241	0.00796	0.00640	0.00195	0.00669	0.00606	0.08442	0.01065
18	0.01278	0.01215	0.01565	0.01418	0.01494	0.06291	0.01145	0.01466	0.01088	0.01560	0.01288	0.01951	0.01223	0.02863	0.35240	0.00635	0.36670	0.00625	0.00321	0.00662
19	0.03428	0.00709	0.00874	0.00855	0.01020	0.00657	0.00626	0.01305	0.01553	0.08717	0.29505	0.19645	0.15089	0.09577	0.01049	0.00271	0.00403	0.03456	0.00644	0.00618
20	0.00854	0.00654	0.00782	0.00783	0.00944	0.00583	0.00575	0.01079	0.01631	0.02166	0.36949	0.17110	0.30344	0.01581	0.00787	0.00223	0.00331	0.01375	0.00664	0.00583
21	0.00963	0.00738	0.01101	0.01088	0.01200	0.00876	0.00851	0.01194	0.01056	0.01531	0.01723	0.02535	0.01611	0.04768	0.71025	0.01024	0.05074	0.00700	0.00350	0.00594
22	0.01048	0.00751	0.01129	0.07231	0.01451	0.00788	0.03534	0.01248	0.01220	0.05637	0.02521	0.32460	0.02705	0.08171	0.26319	0.00557	0.00957	0.01185	0.00481	0.00606
23	0.01478	0.01802	0.09333	0.15792	0.03589	0.01617	0.52333	0.02030	0.01497	0.02030	0.01290	0.01740	0.00963	0.00579	0.00743	0.00220	0.01057	0.00718	0.00321	0.00867
24	0.02459	0.03138	0.01866	0.01696	0.02035	0.74221	0.01272	0.02629	0.01866	0.01611	0.01018	0.01187	0.00848	0.00678	0.00594	0.00170	0.01187	0.00424	0.00339	0.00763
25	0.00832	0.00595	0.00799	0.00951	0.01003	0.00561	0.00664	0.00969	0.01290	0.01714	0.03612	0.68359	0.04288	0.02034	0.00848	0.00272	0.00408	0.09648	0.00611	0.00543
26	0.01586	0.01572	0.04333	0.10614	0.64708	0.01554	0.02013	0.01991	0.01479	0.02106	0.01231	0.01635	0.01022	0.00594	0.00652	0.00198	0.00796	0.00584	0.00322	0.01012
27	0.05057	0.01488	0.02117	0.10999	0.18161	0.01694	0.07092	0.09002	0.20874	0.02397	0.01596	0.01826	0.01251	0.00787	0.00896	0.00223	0.12521	0.00635	0.00447	0.00935
28	0.00957	0.00638	0.00718	0.00718	0.00718	0.00638	0.00399	0.00957	0.00957	0.01276	0.02074	0.04308	0.02393	0.76864	0.03351	0.00638	0.00638	0.00957	0.00399	0.00399
29	0.01365	0.01170	0.01365	0.00975	0.01560	0.00878	0.00780	0.01658	0.01365	0.02145	0.01170	0.01365	0.00975	0.00488	0.00488	0.00098	0.00488	0.00390	0.00390	0.80888
30	0.00945	0.00657	0.00792	0.00792	0.00842	0.00664	0.00510	0.01027	0.01099	0.01481	0.08208	0.04306	0.06956	0.52353	0.14072	0.00633	0.00768	0.02991	0.00438	0.00463
31	0.00805	0.00668	0.00704	0.00695	0.00905	0.00567	0.00521	0.00996	0.01563	0.01927	0.17989	0.06091	0.61078	0.01612	0.00778	0.00220	0.00330	0.01355	0.00631	0.00567
32	0.02465	0.01824	0.01976	0.03743	0.02117	0.02024	0.01269	0.68482	0.03042	0.04074	0.01568	0.01586	0.01112	0.00786	0.00659	0.00198	0.00729	0.00592	0.00648	0.01108
33	0.00809	0.00576	0.00762	0.00908	0.00945	0.00539	0.00602	0.00918	0.01247	0.01663	0.03562	0.73344	0.04270	0.05267	0.00948	0.00283	0.00393	0.01832	0.00602	0.00529
34	0.04982	0.01509	0.01582	0.01362	0.01772	0.01726	0.01078	0.19109	0.52795	0.03088	0.02353	0.02197	0.01751	0.00858	0.00657	0.00217	0.00568	0.00694	0.00657	0.01047
35	0.09679	0.08543	0.01994	0.01450	0.01940	0.13324	0.01194	0.47689	0.02569	0.03417	0.01374	0.01427	0.01016	0.00737	0.00605	0.00189	0.00775	0.00524	0.00553	0.01003
36	0.01281	0.01085	0.01269	0.00940	0.01456	0.00830	0.00745	0.01568	0.01427	0.02175	0.09159	0.02062	0.06079	0.00655	0.00537	0.00117	0.00459	0.00539	0.00440	0.67178
37	0.01590	0.01324	0.01384	0.01240	0.01589	0.03166	0.00972	0.08525	0.47165	0.04368	0.06277	0.03178	0.11655	0.01039	0.00696	0.00222	0.00523	0.03488	0.00657	0.00942
38	0.00946	0.00633	0.00721	0.00733	0.00736	0.00631	0.00415	0.00954	0.00980	0.01306	0.02190	0.09658	0.02539	0.71316	0.03165	0.00611	0.00619	0.01025	0.00415	0.00409
39	0.00824	0.00631	0.00760	0.00837	0.00963	0.00567	0.00604	0.00991	0.01426	0.01828	0.11158	0.38321	0.30090	0.01829	0.00816	0.00247	0.00374	0.06556	0.00621	0.00556
40	0.04028	0.00871	0.01080	0.01008	0.01251	0.00829	0.00757	0.07934	0.01617	0.22306	0.03055	0.37875	0.05342	0.01430	0.00727	0.00230	0.00459	0.01248	0.07187	0.00766
41	0.02464	0.01825	0.01954	0.01507	0.02027	0.02023	0.01242	0.67557	0.06163	0.04086	0.01630	0.01620	0.01159	0.00795	0.00659	0.00199	0.00715	0.00600	0.00659	0.01116
42	0.01376	0.00738	0.00774	0.00723	0.00921	0.00748	0.00554	0.06244	0.03218	0.05350	0.05494	0.02505	0.01871	0.00801	0.00501	0.00163	0.00350	0.00645	0.66346	0.00678
43	0.01100	0.00703	0.00858	0.00809	0.01004	0.00632	0.00607	0.01347	0.01677	0.09159	0.37621	0.09800	0.22301	0.03143	0.00809	0.00221	0.00353	0.01194	0.06020	0.00641
44	0.03267	0.00675	0.00785	0.00817	0.00957	0.00660	0.00589	0.01433	0.03834	0.06188	0.07238	0.33300	0.03065	0.01345	0.00656	0.00211	0.00365	0.01173	0.32815	0.00628
45	0.00962	0.00705	0.00906	0.00850	0.01015	0.00665	0.00639	0.01339	0.04850	0.02645	0.69422	0.04812	0.06032	0.01326	0.00772	0.00208	0.00320	0.01171	0.00722	0.00639
46	0.04983	0.00743	0.00923	0.00876	0.01071	0.00687	0.00652	0.01446	0.01631	0.12459	0.34670	0.19522	0.12095	0.04199	0.00851	0.00237	0.00385	0.01232	0.00674	0.00664
47	0.00888	0.00631	0.00792	0.00880	0.00992	0.00574	0.00628	0.01045	0.01393	0.03947	0.08826	0.48226	0.20366	0.01868	0.00821	0.00253	0.00387	0.06291	0.00624	0.00568
48	0.02459	0.03138	0.01866	0.01696	0.02035	0.74221	0.01272	0.02629	0.01866	0.01611	0.01018	0.01187	0.00848	0.00678	0.00594	0.00170	0.01187	0.00424	0.00339	0.00763
49	0.01440	0.01440	0.02016	0.01728	0.01728	0.02016	0.01440	0.01584	0.01008	0.01584	0.00864	0.01440	0.00864	0.01152	0.02160	0.00288	0.75659	0.00576	0.00288	0.00720
50	0.00942	0.00700	0.01030	0.01030	0.01137	0.00808	0.00788	0.01157	0.01050	0.01507	0.01789	0.02730	0.01708	0.10927	0.68350	0.01023	0.01670	0.00726	0.00357	0.00572
51	0.00865	0.00599	0.00745	0.00836	0.00859	0.00577	0.00525	0.00933	0.01138	0.01517	0.02999	0.47243	0.03561	0.32337	0.01856	0.00417	0.00486	0.01502	0.00525	0.00480
52	0.01144	0.00572	0.00858	0.00858	0.00858	0.00572	0.00572	0.00858	0.00858	0.01144	0.01144	0.02001	0.01144	0.02287	0.02573	0.80846	0.00572	0.00572	0.00286	0.00286
53	0.00936	0.00629	0.00724	0.00745	0.00751	0.00624	0.00428	0.00952	0.00999	0.01332	0.02288	0.14248	0.02664	0.66555	0.03005	0.00587	0.00603	0.01083	0.00428	0.00418
54	0.01511	0.01505	0.02744	0.22574	0.40092	0.01559	0.16425	0.01950	0.01462	0.02018	0.01240	0.01694	0.00990	0.00599	0.00680	0.00207	0.00877	0.00626	0.00319	0.00928
55	0.01142	0.00998	0.01430	0.01314	0.01380	0.01295	0.01054	0.01331	0.01034	0.01541	0.01414	0.02193	0.01361	0.06228	0.42511	0.00732	0.31415	0.00663	0.00329	0.00634
56	0.00957	0.00638	0.00718	0.00718	0.00718	0.00638	0.00399	0.00957	0.00957	0.01276	0.02074	0.04308	0.02393	0.76864	0.03351	0.00638	0.00638	0.00957	0.00399	0.00399
57	0.02463	0.03030	0.01875	0.01681	0.02036	0.68210	0.01270	0.08286	0.01968	0.01823	0.01064	0.01220	0.00871	0.00688	0.00599	0.00172	0.01149	0.00438	0.00366	0.00793
58	0.01934	0.37660	0.07810	0.01663	0.09657	0.20056	0.01351	0.02246	0.03678	0.05128	0.01129	0.01284	0.00940	0.00634	0.00561	0.00168	0.02455	0.00437	0.00338	0.00872
59	0.01588	0.01431	0.01342	0.01204	0.01487	0.14285	0.00927	0.04980	0.23004	0.05856	0.27875	0.03187	0.05709	0.01047	0.00743	0.00208	0.02828	0.00857	0.00623	0.00818

[dist]
# distance from previous block
# <min> <max>
0	1

[block]
# block no. 2 follows, 33 sequences, length 55
# corresponding to MSA columns:
# 120-174
name=unknown_C
#
# <colnr> <probs for GDERKNQSTAVLIFYWHMCP>
#	G	D	E	R	K	N	Q	S	T	A	V	L	I	F	Y	W	H	M	C	P
0	0.01481	0.22522	0.48888	0.01652	0.02470	0.01770	0.03821	0.02066	0.01410	0.04180	0.03263	0.01444	0.01025	0.00634	0.00582	0.00191	0.00874	0.00485	0.00310	0.00931
1	0.00828	0.00669	0.00736	0.00719	0.00920	0.00577	0.00539	0.01041	0.01618	0.02057	0.27906	0.05878	0.51080	0.01563	0.00778	0.00217	0.00326	0.01325	0.00648	0.00577
2	0.01432	0.01209	0.01401	0.01007	0.01588	0.00946	0.00808	0.05686	0.01466	0.02262	0.01194	0.01378	0.00984	0.00505	0.00498	0.00103	0.00501	0.00402	0.00406	0.76225
3	0.01291	0.01088	0.01284	0.00958	0.01470	0.00833	0.00755	0.01575	0.01406	0.02165	0.08029	0.06089	0.01666	0.00661	0.00535	0.00118	0.00465	0.00552	0.00435	0.68625
4	0.01525	0.01719	0.03705	0.09609	0.03544	0.01646	0.63906	0.02069	0.01531	0.02069	0.01317	0.01774	0.00987	0.00565	0.00766	0.00222	0.01088	0.00759	0.00329	0.00873
5	0.01047	0.00712	0.00810	0.00783	0.00821	0.00730	0.00472	0.05039	0.01088	0.01458	0.02028	0.04053	0.02278	0.68437	0.07116	0.00636	0.00706	0.00922	0.00412	0.00451
6	0.01322	0.01245	0.02082	0.50851	0.21161	0.01456	0.01795	0.01720	0.01348	0.01795	0.01312	0.05844	0.01110	0.00736	0.00721	0.00219	0.03513	0.00656	0.00318	0.00797
7	0.01040	0.00743	0.00965	0.00956	0.01056	0.00796	0.00696	0.04948	0.01230	0.01693	0.06217	0.06053	0.02443	0.30424	0.30752	0.00711	0.01057	0.07230	0.00440	0.00550
8	0.01863	0.66516	0.03225	0.01202	0.01740	0.10183	0.01147	0.04659	0.01461	0.01655	0.00951	0.01090	0.00856	0.00584	0.00450	0.00146	0.00756	0.00369	0.00302	0.00847
9	0.01372	0.01193	0.01461	0.01044	0.01632	0.00908	0.03436	0.01675	0.01372	0.02144	0.01176	0.01381	0.00976	0.00490	0.00499	0.00102	0.00511	0.00405	0.00388	0.77835
10	0.06085	0.02660	0.01771	0.01595	0.01935	0.54311	0.01224	0.08386	0.05763	0.01976	0.01286	0.01639	0.01093	0.00774	0.00658	0.00187	0.03244	0.04214	0.00402	0.00797
11	0.00940	0.00705	0.01058	0.01058	0.01176	0.00823	0.00823	0.01176	0.01058	0.01528	0.01763	0.02586	0.01646	0.04937	0.74255	0.01058	0.01763	0.00705	0.00353	0.00588
12	0.00874	0.00719	0.00865	0.07774	0.01283	0.00667	0.00688	0.01107	0.01564	0.01981	0.21425	0.07278	0.44689	0.01514	0.00775	0.00224	0.00396	0.04981	0.00608	0.00590
13	0.01568	0.01164	0.01386	0.01000	0.01575	0.00889	0.00804	0.01855	0.01431	0.11212	0.01352	0.01477	0.01059	0.00529	0.00510	0.00111	0.00497	0.00425	0.00444	0.70712
14	0.01373	0.01363	0.04786	0.32289	0.18674	0.01334	0.05422	0.01780	0.01391	0.01947	0.01267	0.01798	0.01034	0.00630	0.00628	0.00187	0.00770	0.02674	0.00335	0.20317
15	0.01304	0.01233	0.02085	0.63987	0.15351	0.01479	0.01859	0.01736	0.01345	0.01756	0.01181	0.01735	0.00904	0.00647	0.00657	0.00216	0.00862	0.00585	0.00298	0.00781
16	0.01277	0.01205	0.02036	0.68967	0.10582	0.01472	0.01845	0.01712	0.01333	0.01724	0.01176	0.01744	0.00892	0.00652	0.00658	0.00217	0.00869	0.00585	0.00295	0.00759
17	0.02830	0.01148	0.01524	0.01187	0.01683	0.01031	0.00975	0.03236	0.08452	0.66572	0.02605	0.02261	0.01665	0.00822	0.00663	0.00206	0.00556	0.00670	0.00801	0.01113
18	0.02186	0.01763	0.01793	0.01462	0.01922	0.06095	0.01177	0.42279	0.27866	0.03495	0.01946	0.01875	0.01427	0.00821	0.00659	0.00205	0.00678	0.00638	0.00644	0.01071
19	0.00943	0.00632	0.00722	0.00737	0.00740	0.00628	0.00419	0.00954	0.00986	0.01315	0.02221	0.11106	0.02578	0.69813	0.03114	0.00603	0.00614	0.01044	0.00419	0.00412
20	0.02472	0.01342	0.01603	0.01274	0.01742	0.01358	0.01037	0.21179	0.15042	0.37619	0.06422	0.02260	0.01831	0.00854	0.00669	0.00206	0.00582	0.00690	0.00741	0.01077
21	0.01346	0.03228	0.65887	0.01974	0.02914	0.01544	0.09821	0.02087	0.01408	0.02087	0.01198	0.01432	0.00852	0.00618	0.00642	0.00210	0.00988	0.00518	0.00284	0.00964
22	0.00932	0.00673	0.00880	0.00828	0.00984	0.00621	0.00621	0.01242	0.01863	0.02640	0.72410	0.04918	0.06212	0.01346	0.00776	0.00207	0.00311	0.01191	0.00725	0.00621
23	0.02617	0.01283	0.01582	0.01254	0.01738	0.01257	0.01023	0.12694	0.16551	0.48890	0.02472	0.02193	0.01637	0.00828	0.00663	0.00207	0.00575	0.00669	0.00763	0.01104
24	0.02473	0.01829	0.01959	0.01509	0.02030	0.02028	0.01244	0.68236	0.05470	0.04101	0.01619	0.01611	0.01150	0.00794	0.00659	0.00198	0.00717	0.00598	0.00659	0.01117
25	0.00957	0.00638	0.00718	0.00718	0.00718	0.00638	0.00399	0.00957	0.00957	0.01276	0.02074	0.04308	0.02393	0.76864	0.03351	0.00638	0.00638	0.00957	0.00399	0.00399
26	0.00957	0.00638	0.00718	0.00718	0.00718	0.00638	0.00399	0.00957	0.00957	0.01276	0.02074	0.04308	0.02393	0.76864	0.03351	0.00638	0.00638	0.00957	0.00399	0.00399
27	0.51176	0.01186	0.01132	0.00952	0.01379	0.01261	0.00783	0.02332	0.01386	0.26070	0.01539	0.01532	0.01069	0.00687	0.00494	0.00201	0.00515	0.00471	0.04992	0.00842
28	0.00800	0.00648	0.00697	0.00723	0.00896	0.00560	0.00521	0.00954	0.01443	0.01773	0.08919	0.19016	0.53010	0.05902	0.00932	0.00253	0.00358	0.01445	0.00605	0.00546
29	0.01227	0.00614	0.00614	0.00614	0.00767	0.00614	0.00460	0.01534	0.01381	0.02454	0.02148	0.02454	0.01687	0.00767	0.00460	0.00153	0.00307	0.00614	0.80518	0.00614
30	0.00876	0.00671	0.00803	0.00770	0.00949	0.00597	0.00577	0.01135	0.01732	0.02328	0.48588	0.05431	0.30228	0.01462	0.00777	0.00213	0.00319	0.01263	0.00684	0.00597
31	0.01144	0.00572	0.00858	0.00858	0.00858	0.00572	0.00572	0.00858	0.00858	0.01144	0.01144	0.02001	0.01144	0.02287	0.02573	0.80846	0.00572	0.00572	0.00286	0.00286
32	0.00957	0.00638	0.00718	0.00718	0.00718	0.00638	0.00399	0.00957	0.00957	0.01276	0.02074	0.04308	0.02393	0.76864	0.03351	0.00638	0.00638	0.00957	0.00399	0.00399
33	0.00819	0.00671	0.00724	0.00719	0.00925	0.00576	0.00545	0.01020	0.01575	0.01960	0.19897	0.06087	0.56571	0.01607	0.00782	0.00222	0.00339	0.03754	0.00634	0.00571
34	0.01365	0.01170	0.01365	0.00975	0.01560	0.00878	0.00780	0.01658	0.01365	0.02145	0.01170	0.01365	0.00975	0.00488	0.00488	0.00098	0.00488	0.00390	0.00390	0.80888
35	0.00957	0.00638	0.00718	0.00718	0.00718	0.00638	0.00399	0.00957	0.00957	0.01276	0.02074	0.04308	0.02393	0.76864	0.03351	0.00638	0.00638	0.00957	0.00399	0.00399
36	0.02891	0.01222	0.01590	0.01219	0.01731	0.01118	0.01007	0.12632	0.02054	0.63551	0.02455	0.02148	0.01558	0.00811	0.00662	0.00203	0.00583	0.00652	0.00793	0.01120
37	0.00802	0.00573	0.00764	0.00917	0.00955	0.00535	0.00611	0.00917	0.01260	0.01681	0.03628	0.76434	0.04354	0.02062	0.00840	0.00267	0.00382	0.01872	0.00611	0.00535
38	0.00957	0.00638	0.00718	0.00718	0.00718	0.00638	0.00399	0.00957	0.00957	0.01276	0.02074	0.04308	0.02393	0.76864	0.03351	0.00638	0.00638	0.00957	0.00399	0.00399
39	0.00932	0.00673	0.00880	0.00828	0.00984	0.00621	0.00621	0.01242	0.01863	0.02640	0.72410	0.04918	0.06212	0.01346	0.00776	0.00207	0.00311	0.01191	0.00725	0.00621
40	0.02503	0.01844	0.01976	0.01515	0.02042	0.02042	0.01251	0.70562	0.03095	0.04149	0.01581	0.01581	0.01120	0.00790	0.00659	0.00198	0.00724	0.00593	0.00659	0.01120
41	0.00802	0.00573	0.00764	0.00917	0.00955	0.00535	0.00611	0.00917	0.01260	0.01681	0.03628	0.76434	0.04354	0.02062	0.00840	0.00267	0.00382	0.01872	0.00611	0.00535
42	0.02503	0.01844	0.01976	0.01515	0.02042	0.02042	0.01251	0.70562	0.03095	0.04149	0.01581	0.01581	0.01120	0.00790	0.00659	0.00198	0.00724	0.00593	0.00659	0.01120
43	0.02954	0.01120	0.01528	0.01171	0.01681	0.00968	0.00968	0.03208	0.01884	0.73213	0.02597	0.02241	0.01630	0.00815	0.00662	0.00204	0.00560	0.00662	0.00815	0.01120
44	0.74452	0.01324	0.01058	0.00924	0.01342	0.01527	0.00761	0.08069	0.01297	0.03061	0.00976	0.01115	0.00749	0.00627	0.00430	0.00203	0.00528	0.00378	0.00430	0.00749
45	0.01712	0.69184	0.11104	0.01208	0.01816	0.02487	0.01269	0.01984	0.01343	0.01607	0.00944	0.01093	0.00844	0.00570	0.00445	0.00148	0.00733	0.00367	0.00281	0.00859
46	0.01508	0.01610	0.01346	0.01283	0.01478	0.28202	0.00974	0.01709	0.01355	0.01549	0.01497	0.02132	0.01378	0.06190	0.43969	0.00710	0.01504	0.00610	0.00349	0.00646
47	0.00977	0.00682	0.00882	0.00855	0.01017	0.00626	0.00646	0.01255	0.01758	0.04637	0.54297	0.11557	0.11509	0.01450	0.00787	0.00219	0.00344	0.05178	0.00700	0.00622
48	0.00802	0.00573	0.00764	0.00917	0.00955	0.00535	0.00611	0.00917	0.01260	0.01681	0.03628	0.76434	0.04354	0.02062	0.00840	0.00267	0.00382	0.01872	0.00611	0.00535
49	0.01453	0.01167	0.01374	0.00986	0.01567	0.00883	0.00790	0.01744	0.01394	0.06093	0.01249	0.01414	0.01011	0.00506	0.00497	0.00103	0.00492	0.00405	0.00414	0.76457
50	0.01633	0.01413	0.01616	0.01419	0.01801	0.01604	0.04902	0.05946	0.60878	0.02727	0.02608	0.02674	0.02022	0.00924	0.00689	0.00227	0.00567	0.04691	0.00647	0.01011
51	0.02094	0.01386	0.01586	0.01335	0.01744	0.01522	0.01068	0.11363	0.40310	0.22300	0.02427	0.02237	0.01736	0.00873	0.00747	0.00218	0.04616	0.00694	0.00688	0.01056
52	0.04168	0.01403	0.03552	0.03480	0.01738	0.06468	0.02922	0.12705	0.19709	0.07710	0.07441	0.03411	0.07346	0.03170	0.00784	0.00236	0.00630	0.11670	0.00597	0.00861
53	0.18369	0.09869	0.26397	0.01525	0.04306	0.01638	0.03427	0.10801	0.05169	0.08520	0.01351	0.01457	0.00988	0.00660	0.00570	0.00197	0.00745	0.00496	0.00424	0.03092
54	0.12052	0.09972	0.05039	0.03929	0.16725	0.04004	0.12742	0.03508	0.02979	0.06357	0.04133	0.04414	0.07980	0.00813	0.00641	0.00204	0.00724	0.02503	0.00429	0.00853

[dist]
# distance from previous block
# <min> <max>
5	21

[block]
# block no. 3 follows, 33 sequences, length 33
# corresponding to MSA columns:
# 202-234
name=unknown_D
#
# <colnr> <probs for GDERKNQSTAVLIFYWHMCP>
#	G	D	E	R	K	N	Q	S	T	A	V	L	I	F	Y	W	H	M	C	P
0	0.07798	0.01305	0.01990	0.30609	0.22667	0.01442	0.01609	0.05937	0.01526	0.10471	0.01484	0.02026	0.01177	0.00738	0.00689	0.00215	0.02629	0.04400	0.00411	0.00878
1	0.00926	0.00667	0.00835	0.00895	0.00973	0.00652	0.00614	0.01164	0.05386	0.01852	0.16581	0.37704	0.04095	0.19112	0.01402	0.00341	0.00448	0.05213	0.00587	0.00554
2	0.05007	0.01251	0.01979	0.54933	0.12269	0.01511	0.01728	0.01860	0.06348	0.01869	0.01262	0.01746	0.00970	0.00685	0.00710	0.00219	0.03949	0.00586	0.00329	0.00790
3	0.08852	0.01455	0.02162	0.34974	0.32065	0.05711	0.01772	0.01899	0.01405	0.01987	0.01166	0.01608	0.00928	0.00626	0.00629	0.00205	0.00822	0.00555	0.00319	0.00859
4	0.01396	0.01326	0.02251	0.47039	0.31580	0.01503	0.01904	0.01816	0.01389	0.01868	0.01197	0.01705	0.00943	0.00630	0.00656	0.00210	0.00840	0.00586	0.00306	0.00855
5	0.02590	0.01312	0.01537	0.01245	0.01709	0.05373	0.01004	0.03249	0.19637	0.51123	0.02527	0.02235	0.01681	0.00827	0.00660	0.00207	0.00586	0.00669	0.00750	0.01080
6	0.01320	0.01027	0.01255	0.01245	0.06774	0.01047	0.00887	0.13567	0.09436	0.02742	0.36092	0.04103	0.12636	0.01202	0.00741	0.00212	0.00457	0.03823	0.00658	0.00776
7	0.64396	0.01452	0.01181	0.01014	0.01439	0.04682	0.00830	0.13900	0.01496	0.03104	0.01036	0.01163	0.00789	0.00645	0.00459	0.00201	0.00576	0.00400	0.00448	0.00786
8	0.00802	0.00573	0.00764	0.00917	0.00955	0.00535	0.00611	0.00917	0.01260	0.01681	0.03628	0.76434	0.04354	0.02062	0.00840	0.00267	0.00382	0.01872	0.00611	0.00535
9	0.01809	0.00859	0.01152	0.00990	0.01288	0.00764	0.00773	0.02072	0.01802	0.33685	0.33508	0.12137	0.03971	0.01196	0.00733	0.00213	0.00429	0.01037	0.00751	0.00831
10	0.01327	0.01255	0.02125	0.59888	0.19275	0.01485	0.01870	0.01755	0.01356	0.01783	0.01185	0.01728	0.00913	0.00643	0.00657	0.00214	0.00857	0.00585	0.00300	0.00799
11	0.00937	0.00684	0.00888	0.00867	0.01027	0.00634	0.00671	0.01236	0.01789	0.02484	0.58083	0.05364	0.10987	0.01434	0.00794	0.00221	0.00352	0.10232	0.00700	0.00614
12	0.01126	0.00709	0.00919	0.00861	0.01040	0.00646	0.00643	0.01391	0.01751	0.09974	0.51629	0.12148	0.09137	0.04011	0.00861	0.00229	0.00357	0.01208	0.00705	0.00654
13	0.00778	0.00667	0.00667	0.00667	0.00889	0.00556	0.00500	0.00945	0.01501	0.01778	0.06669	0.06336	0.72490	0.01667	0.00778	0.00222	0.00333	0.01389	0.00611	0.00556
14	0.02175	0.29596	0.02437	0.01493	0.01901	0.46211	0.01226	0.02359	0.01648	0.01588	0.00976	0.01149	0.00847	0.00653	0.00584	0.00163	0.03481	0.00403	0.00317	0.00791
15	0.13326	0.01823	0.01743	0.04550	0.03735	0.13730	0.01177	0.36727	0.02290	0.06375	0.01430	0.01560	0.01070	0.01056	0.06278	0.00261	0.00851	0.00543	0.00531	0.00945
16	0.00856	0.00656	0.00784	0.00781	0.00944	0.00584	0.00575	0.01085	0.01642	0.02181	0.38011	0.15710	0.30674	0.01569	0.00786	0.00221	0.00329	0.01362	0.00666	0.00584
17	0.01243	0.01170	0.01975	0.75282	0.04534	0.01463	0.01828	0.01682	0.01316	0.01682	0.01170	0.01755	0.00878	0.00658	0.00658	0.00219	0.00878	0.00585	0.00293	0.00731
18	0.12373	0.16805	0.19765	0.06424	0.14906	0.01781	0.06859	0.08319	0.01538	0.03755	0.01181	0.01411	0.00915	0.00620	0.00578	0.00193	0.00797	0.00502	0.00356	0.00921
19	0.01153	0.00990	0.01355	0.02983	0.01487	0.03624	0.04613	0.01602	0.10212	0.01716	0.01780	0.02465	0.01599	0.06785	0.49328	0.00792	0.05750	0.00705	0.00389	0.00672
20	0.00862	0.00652	0.00716	0.00720	0.00843	0.00592	0.00485	0.00983	0.01334	0.01695	0.12614	0.09759	0.35380	0.28553	0.01702	0.00372	0.00443	0.01241	0.00549	0.00506
21	0.01361	0.01278	0.05922	0.06570	0.01793	0.05405	0.04285	0.08292	0.01399	0.04278	0.01684	0.07161	0.01548	0.05347	0.32918	0.00602	0.08304	0.00733	0.00401	0.00718
22	0.01983	0.11324	0.02047	0.01553	0.05854	0.01803	0.03609	0.38116	0.08121	0.03119	0.01955	0.07645	0.03036	0.00939	0.00668	0.00207	0.00680	0.05798	0.00572	0.00972
23	0.01097	0.00749	0.00874	0.00840	0.01021	0.00711	0.00617	0.04246	0.04782	0.05350	0.20282	0.14346	0.23738	0.06575	0.01024	0.04906	0.00403	0.01176	0.06644	0.00619
24	0.08176	0.00970	0.01227	0.01063	0.01402	0.00909	0.00830	0.02362	0.06362	0.38316	0.08648	0.21856	0.02687	0.01177	0.00699	0.00222	0.00486	0.01006	0.00713	0.00888
25	0.06485	0.01419	0.02287	0.40962	0.08993	0.03957	0.14239	0.05810	0.01514	0.06184	0.01291	0.01706	0.00959	0.00648	0.00662	0.00213	0.00873	0.00606	0.00362	0.00829
26	0.06494	0.00881	0.02787	0.00953	0.01160	0.00830	0.00742	0.07179	0.03676	0.02454	0.33447	0.22001	0.09670	0.01435	0.00755	0.00226	0.00412	0.03591	0.00644	0.00664
27	0.06475	0.00835	0.00827	0.00822	0.00885	0.05221	0.00519	0.01150	0.01112	0.01535	0.06051	0.09344	0.02580	0.55342	0.02590	0.00520	0.00625	0.02662	0.00435	0.00470
28	0.71232	0.01301	0.01098	0.05927	0.01541	0.01511	0.00821	0.06144	0.01255	0.02941	0.00975	0.01147	0.00749	0.00625	0.00440	0.00204	0.00547	0.00386	0.00415	0.00739
29	0.00934	0.00735	0.01008	0.10481	0.01452	0.00792	0.00793	0.01132	0.01194	0.01578	0.03020	0.09310	0.18329	0.14946	0.30663	0.00627	0.01030	0.00979	0.00432	0.00564
30	0.06966	0.08985	0.17643	0.19227	0.16643	0.03067	0.09767	0.02041	0.01430	0.06386	0.01248	0.01561	0.00946	0.00623	0.00624	0.00202	0.00852	0.00551	0.00340	0.00896
31	0.12408	0.06890	0.01422	0.14938	0.05094	0.01201	0.00990	0.05488	0.03911	0.04840	0.12861	0.03379	0.22022	0.01046	0.00656	0.00207	0.00542	0.00858	0.00513	0.00733
32	0.01765	0.21533	0.10664	0.03263	0.04981	0.07622	0.05365	0.12156	0.01681	0.05196	0.01479	0.05242	0.01304	0.00809	0.00695	0.00194	0.04999	0.05134	0.00413	0.05503

[dist]
# distance from previous block
# <min> <max>
5	11

# created by:
# /home/berkeley/.conda/envs/busco_data_prod/bin/msa2prfl.pl pipeline/OGs_align_augustus/4893/28264.fs
