[name]
unknown

[dist]
# distance from previous block
# <min> <max>
0	21

[block]
# block no. 0 follows, 30 sequences, length 14
# corresponding to MSA columns:
# 23-36
name=unknown_A
#
# <colnr> <probs for GDERKNQSTAVLIFYWHMCP>
#	G	D	E	R	K	N	Q	S	T	A	V	L	I	F	Y	W	H	M	C	P
0	0.09062	0.01182	0.06640	0.06290	0.01617	0.03030	0.00975	0.03686	0.01633	0.09441	0.20046	0.15048	0.05847	0.08662	0.01030	0.00279	0.00574	0.03621	0.00599	0.00739
1	0.01041	0.00854	0.01030	0.01119	0.06511	0.00807	0.00750	0.01446	0.08306	0.02259	0.24657	0.08368	0.34060	0.04576	0.00919	0.00249	0.00418	0.01281	0.00657	0.00692
2	0.01882	0.07388	0.06412	0.03480	0.49765	0.14877	0.01950	0.02261	0.01642	0.02125	0.01242	0.01583	0.01040	0.00640	0.00661	0.00199	0.00913	0.00566	0.00342	0.01032
3	0.01865	0.01446	0.01844	0.11031	0.08371	0.04515	0.04043	0.15766	0.07699	0.10251	0.10732	0.02487	0.03979	0.01122	0.04818	0.00260	0.00769	0.00742	0.00571	0.07687
4	0.01588	0.03142	0.57339	0.01832	0.02746	0.01561	0.02253	0.07406	0.01658	0.07332	0.01725	0.01853	0.04963	0.00754	0.00678	0.00221	0.00941	0.00592	0.00387	0.01029
5	0.01840	0.01430	0.04373	0.01275	0.01869	0.01173	0.04385	0.11586	0.01794	0.12383	0.01641	0.04866	0.01307	0.00694	0.00606	0.00154	0.00612	0.00579	0.00521	0.46914
6	0.22372	0.09714	0.12232	0.01476	0.01997	0.15439	0.01350	0.13930	0.04774	0.04378	0.01278	0.01418	0.00984	0.00744	0.00680	0.00208	0.05162	0.00495	0.00446	0.00922
7	0.02102	0.01696	0.01820	0.01666	0.07254	0.07869	0.01229	0.23108	0.19730	0.08665	0.04426	0.04267	0.04418	0.00940	0.00782	0.00218	0.04379	0.00741	0.00626	0.04063
8	0.05113	0.14021	0.18152	0.01847	0.11366	0.07206	0.01562	0.04981	0.08039	0.09884	0.01778	0.01919	0.03727	0.01094	0.06122	0.00274	0.00891	0.00599	0.00449	0.00974
9	0.01533	0.06106	0.14425	0.01369	0.01872	0.04166	0.03315	0.08017	0.11098	0.02469	0.08177	0.06630	0.07315	0.00955	0.00718	0.00202	0.02788	0.00780	0.05015	0.13050
10	0.01804	0.07847	0.09802	0.04296	0.06850	0.10274	0.01267	0.04841	0.06807	0.12450	0.13208	0.02893	0.10462	0.00969	0.00695	0.00207	0.00701	0.00789	0.00558	0.03278
11	0.01592	0.01282	0.01401	0.04890	0.01690	0.08950	0.02913	0.06752	0.10245	0.08793	0.08331	0.23905	0.05627	0.04035	0.00876	0.00254	0.00626	0.03988	0.00616	0.03235
12	0.05775	0.01516	0.09227	0.01669	0.07051	0.01345	0.07917	0.11640	0.07323	0.05590	0.07371	0.10022	0.04339	0.01669	0.11909	0.00364	0.00883	0.00869	0.00529	0.02992
13	0.02017	0.01590	0.01527	0.01315	0.01675	0.14323	0.01022	0.16683	0.04117	0.12529	0.05908	0.11077	0.02141	0.05128	0.04919	0.00284	0.00780	0.02937	0.02437	0.07591

[dist]
# distance from previous block
# <min> <max>
10	25

[block]
# block no. 1 follows, 30 sequences, length 8
# corresponding to MSA columns:
# 62-69
name=unknown_B
#
# <colnr> <probs for GDERKNQSTAVLIFYWHMCP>
#	G	D	E	R	K	N	Q	S	T	A	V	L	I	F	Y	W	H	M	C	P
0	0.10859	0.01475	0.03940	0.04847	0.04299	0.06739	0.05593	0.08614	0.06456	0.05204	0.07437	0.05648	0.14776	0.02996	0.00851	0.00233	0.04168	0.00860	0.00535	0.04468
1	0.02045	0.07377	0.07316	0.05157	0.05831	0.12694	0.05242	0.21190	0.04741	0.04878	0.04672	0.02021	0.01470	0.00820	0.00720	0.00205	0.02938	0.02941	0.02469	0.05273
2	0.14221	0.08252	0.04569	0.06828	0.07447	0.09526	0.09975	0.08578	0.01671	0.05168	0.01267	0.01519	0.00995	0.00690	0.00715	0.00198	0.05369	0.00539	0.00415	0.12058
3	0.12586	0.01788	0.01799	0.05940	0.06969	0.14139	0.01256	0.16016	0.04625	0.10319	0.01646	0.06507	0.01351	0.00883	0.00797	0.00217	0.07316	0.00655	0.00522	0.04668
4	0.02017	0.07330	0.03831	0.03997	0.09149	0.14118	0.06148	0.14861	0.03747	0.07534	0.03823	0.02084	0.05344	0.00858	0.00738	0.03012	0.00806	0.00650	0.03371	0.06584
5	0.02154	0.21137	0.05106	0.01736	0.07095	0.26937	0.01369	0.05694	0.01726	0.06972	0.01248	0.01452	0.01025	0.00897	0.03395	0.00222	0.07174	0.00496	0.00392	0.03776
6	0.02492	0.02211	0.02126	0.01864	0.07242	0.18025	0.01406	0.44110	0.02701	0.03437	0.01459	0.01574	0.01096	0.00823	0.00797	0.00210	0.06209	0.00586	0.00567	0.01065
7	0.01374	0.01315	0.02085	0.54775	0.07508	0.04038	0.04781	0.01802	0.01447	0.01859	0.01486	0.05567	0.01269	0.00812	0.00715	0.00231	0.00893	0.03817	0.00351	0.03874

[dist]
# distance from previous block
# <min> <max>
12	21

[block]
# block no. 2 follows, 30 sequences, length 18
# corresponding to MSA columns:
# 92-109
name=unknown_C
#
# <colnr> <probs for GDERKNQSTAVLIFYWHMCP>
#	G	D	E	R	K	N	Q	S	T	A	V	L	I	F	Y	W	H	M	C	P
0	0.01814	0.07603	0.14640	0.02438	0.23363	0.09497	0.05500	0.06540	0.05314	0.06028	0.02038	0.02192	0.08388	0.00799	0.00685	0.00209	0.00845	0.00679	0.00436	0.00990
1	0.03701	0.30007	0.19498	0.04667	0.07067	0.12689	0.01637	0.05253	0.05664	0.02071	0.01231	0.01411	0.00992	0.00670	0.00580	0.00188	0.00889	0.00482	0.00356	0.00947
2	0.03730	0.04931	0.02100	0.04557	0.10463	0.11400	0.09525	0.10262	0.07465	0.08566	0.02219	0.13529	0.04057	0.01030	0.00730	0.00225	0.00787	0.02976	0.00532	0.00916
3	0.01766	0.10198	0.02663	0.12431	0.29175	0.10080	0.08694	0.04031	0.03618	0.02130	0.01379	0.03996	0.01170	0.00697	0.00669	0.00202	0.00880	0.00632	0.00372	0.05219
4	0.01701	0.01639	0.02237	0.11918	0.36875	0.08635	0.01709	0.06077	0.06622	0.02274	0.01898	0.07638	0.04317	0.00875	0.00715	0.00220	0.00805	0.02448	0.00432	0.00966
5	0.01737	0.04504	0.02576	0.06412	0.06358	0.13532	0.24330	0.04053	0.01672	0.04575	0.05440	0.02331	0.04778	0.05798	0.03050	0.00269	0.02731	0.00750	0.00421	0.04683
6	0.01839	0.10608	0.02321	0.02287	0.22502	0.07949	0.06764	0.04721	0.07915	0.09440	0.02290	0.08954	0.07544	0.00930	0.00700	0.00213	0.00753	0.00815	0.00496	0.00958
7	0.00920	0.00675	0.00842	0.00912	0.01003	0.00632	0.00615	0.01043	0.01293	0.01721	0.03638	0.43731	0.11897	0.16713	0.06860	0.00410	0.00569	0.01560	0.00571	0.04394
8	0.01936	0.01999	0.18511	0.01746	0.07632	0.01592	0.01529	0.26701	0.05470	0.08103	0.08043	0.09630	0.02027	0.00978	0.00721	0.00222	0.00736	0.00810	0.00587	0.01028
9	0.02068	0.09685	0.08484	0.02339	0.13319	0.09786	0.18723	0.13756	0.04506	0.08333	0.01512	0.01710	0.01135	0.00694	0.00694	0.00209	0.00933	0.00634	0.00457	0.01023
10	0.01161	0.00904	0.00968	0.00948	0.01035	0.05044	0.00632	0.04454	0.01259	0.01637	0.02427	0.10439	0.05664	0.43922	0.15933	0.00651	0.00901	0.01023	0.00455	0.00542
11	0.00905	0.00643	0.00821	0.00942	0.00995	0.00610	0.00637	0.01022	0.01308	0.01727	0.03676	0.51448	0.07724	0.16898	0.01429	0.00363	0.00477	0.07228	0.00602	0.00545
12	0.01008	0.00869	0.01421	0.01310	0.01511	0.00804	0.13209	0.01235	0.01448	0.01898	0.03896	0.47231	0.14352	0.01811	0.00872	0.00269	0.00552	0.05069	0.00593	0.00643
13	0.05352	0.01962	0.02054	0.02177	0.18947	0.15716	0.01420	0.24728	0.04950	0.07047	0.03882	0.02032	0.04975	0.00826	0.00683	0.00206	0.00817	0.00655	0.00544	0.01025
14	0.01833	0.01385	0.01757	0.01354	0.01904	0.01285	0.06667	0.04919	0.20962	0.12620	0.01943	0.01954	0.01452	0.00706	0.00631	0.00172	0.00602	0.00604	0.00568	0.36682
15	0.23235	0.13434	0.06531	0.01326	0.01821	0.09571	0.01166	0.14193	0.05497	0.06060	0.04713	0.01626	0.01298	0.00761	0.00629	0.00201	0.03102	0.00528	0.00489	0.03819
16	0.06216	0.01855	0.04707	0.03559	0.08736	0.18068	0.09430	0.04512	0.06718	0.02243	0.06054	0.12237	0.04470	0.00977	0.00705	0.00212	0.00812	0.00843	0.00475	0.07170
17	0.10078	0.05627	0.01273	0.01059	0.01331	0.10069	0.00821	0.01777	0.04411	0.06534	0.26246	0.10193	0.12026	0.01429	0.03900	0.00258	0.00598	0.01026	0.00612	0.00733

[dist]
# distance from previous block
# <min> <max>
46	100

[block]
# block no. 3 follows, 30 sequences, length 6
# corresponding to MSA columns:
# 234-239
name=unknown_D
#
# <colnr> <probs for GDERKNQSTAVLIFYWHMCP>
#	G	D	E	R	K	N	Q	S	T	A	V	L	I	F	Y	W	H	M	C	P
0	0.06423	0.01790	0.08949	0.02736	0.33714	0.05964	0.01676	0.05019	0.10074	0.05802	0.01819	0.09674	0.01589	0.00863	0.00694	0.00220	0.00765	0.00758	0.00464	0.01008
1	0.06762	0.05663	0.11813	0.05310	0.14374	0.05820	0.05841	0.09150	0.04503	0.07752	0.04752	0.01823	0.01363	0.00741	0.00720	0.00205	0.03746	0.00605	0.00457	0.08599
2	0.01333	0.03978	0.01225	0.01027	0.01317	0.01026	0.00800	0.05959	0.12194	0.06249	0.22179	0.08815	0.19800	0.01584	0.05380	0.00279	0.00540	0.01108	0.00662	0.04545
3	0.07154	0.07567	0.02038	0.06614	0.07583	0.23347	0.03369	0.09259	0.05682	0.08061	0.01755	0.04745	0.04045	0.00841	0.00703	0.00205	0.03136	0.00641	0.00474	0.02781
4	0.08462	0.04166	0.09061	0.01364	0.03468	0.09927	0.01148	0.06648	0.15392	0.05131	0.05502	0.06318	0.13233	0.01021	0.00680	0.00213	0.00665	0.00817	0.00551	0.06234
5	0.11269	0.10401	0.06370	0.01500	0.05869	0.01612	0.03726	0.17741	0.06410	0.05518	0.05035	0.12404	0.01979	0.06095	0.00868	0.00250	0.00675	0.00829	0.00543	0.00906

[dist]
# distance from previous block
# <min> <max>
2	27

[block]
# block no. 4 follows, 30 sequences, length 27
# corresponding to MSA columns:
# 270-296
name=unknown_E
#
# <colnr> <probs for GDERKNQSTAVLIFYWHMCP>
#	G	D	E	R	K	N	Q	S	T	A	V	L	I	F	Y	W	H	M	C	P
0	0.01726	0.05231	0.03917	0.06188	0.12678	0.08601	0.07966	0.13036	0.03902	0.02427	0.04500	0.08008	0.03481	0.06115	0.00907	0.00244	0.00791	0.03070	0.00479	0.06735
1	0.01669	0.04550	0.16068	0.04558	0.18510	0.04471	0.07029	0.05910	0.07505	0.04838	0.04135	0.02202	0.06472	0.00782	0.00685	0.00205	0.00799	0.00682	0.00445	0.08484
2	0.07279	0.03981	0.05188	0.11974	0.11707	0.06764	0.01361	0.09247	0.12274	0.02481	0.05442	0.06380	0.04724	0.01083	0.03674	0.00253	0.00772	0.00749	0.00493	0.04175
3	0.01641	0.04247	0.06691	0.03445	0.04810	0.07158	0.08253	0.10937	0.08018	0.05117	0.09898	0.08252	0.10565	0.01238	0.03741	0.00258	0.00756	0.00911	0.03192	0.00871
4	0.03602	0.09708	0.18915	0.04355	0.04575	0.03903	0.15063	0.05365	0.03682	0.06111	0.01779	0.04274	0.04246	0.00790	0.00727	0.00213	0.03307	0.00684	0.04928	0.03775
5	0.01765	0.02169	0.21978	0.01999	0.12564	0.07071	0.03989	0.07588	0.07422	0.08454	0.02267	0.02367	0.09481	0.00874	0.00761	0.00219	0.03875	0.00708	0.03472	0.00976
6	0.01544	0.01257	0.01737	0.04418	0.04779	0.01120	0.08623	0.08128	0.01715	0.06521	0.04924	0.07104	0.12077	0.00914	0.00675	0.00180	0.00612	0.00803	0.00516	0.32355
7	0.01524	0.01150	0.01434	0.07112	0.04082	0.01088	0.00972	0.05092	0.05877	0.07171	0.04670	0.08549	0.04478	0.03494	0.00808	0.00198	0.03752	0.00750	0.07060	0.30741
8	0.01595	0.08825	0.21817	0.09041	0.23142	0.04358	0.03923	0.04517	0.04197	0.02228	0.04348	0.05966	0.01469	0.00784	0.00681	0.00214	0.00856	0.00680	0.00386	0.00973
9	0.02303	0.18202	0.02323	0.01711	0.05948	0.33906	0.01309	0.10993	0.07070	0.05076	0.01375	0.01509	0.01104	0.00887	0.03189	0.00218	0.01004	0.00512	0.00436	0.00924
10	0.01414	0.01205	0.01412	0.01030	0.01618	0.00910	0.00817	0.01714	0.01441	0.02247	0.01385	0.05524	0.01232	0.00609	0.00538	0.00113	0.00511	0.00500	0.00426	0.75354
11	0.68653	0.05542	0.01156	0.00938	0.01344	0.01543	0.00771	0.01955	0.01214	0.02923	0.01234	0.07878	0.01116	0.00785	0.00475	0.00218	0.00539	0.00524	0.00444	0.00746
12	0.05031	0.03467	0.08060	0.01655	0.10730	0.06014	0.01247	0.10606	0.01803	0.06304	0.07946	0.04445	0.01706	0.00767	0.00630	0.00175	0.00674	0.00627	0.00491	0.27621
13	0.00992	0.00724	0.01022	0.01028	0.01126	0.00803	0.00759	0.01191	0.01169	0.01655	0.06591	0.07262	0.02376	0.18374	0.50632	0.00930	0.01456	0.00902	0.00425	0.00584
14	0.01632	0.01969	0.14988	0.05623	0.14757	0.04603	0.21032	0.04392	0.01613	0.04828	0.01707	0.05524	0.03412	0.03889	0.00879	0.00239	0.02447	0.00753	0.00400	0.05314
15	0.01615	0.05731	0.07253	0.02339	0.27696	0.03199	0.01471	0.01981	0.01535	0.04513	0.01615	0.03835	0.04064	0.00687	0.00621	0.00170	0.00696	0.00595	0.00403	0.29981
16	0.01024	0.00817	0.00972	0.00939	0.01154	0.00765	0.02823	0.04064	0.05708	0.02160	0.11916	0.22623	0.35855	0.01671	0.00815	0.00242	0.00418	0.01446	0.03928	0.00660
17	0.01652	0.09921	0.09436	0.06281	0.22019	0.03955	0.03193	0.06014	0.15047	0.02383	0.05249	0.06307	0.03821	0.00868	0.00689	0.00215	0.00748	0.00750	0.00472	0.00979
18	0.01813	0.01871	0.09177	0.07443	0.16710	0.11795	0.03761	0.11351	0.01809	0.05026	0.01767	0.10904	0.01569	0.00920	0.00752	0.00217	0.03604	0.00769	0.07826	0.00916
19	0.04087	0.05105	0.01257	0.08279	0.04160	0.00964	0.00909	0.01363	0.03809	0.01878	0.04881	0.37067	0.03240	0.08164	0.08341	0.00381	0.00682	0.04247	0.00534	0.00653
20	0.00860	0.00619	0.00817	0.00972	0.01026	0.00577	0.00661	0.00991	0.01357	0.01798	0.03981	0.69497	0.07473	0.02158	0.00891	0.00283	0.00412	0.04411	0.00648	0.00571
21	0.01208	0.01060	0.01231	0.01185	0.01297	0.07998	0.00893	0.01393	0.01180	0.01583	0.01766	0.02835	0.01737	0.17972	0.45723	0.00867	0.08326	0.00757	0.00375	0.00616
22	0.01523	0.20747	0.52342	0.01846	0.02758	0.01899	0.05434	0.02182	0.01468	0.02076	0.01193	0.01409	0.00895	0.00644	0.00619	0.00205	0.00970	0.00497	0.00298	0.00995
23	0.01611	0.01293	0.01790	0.11073	0.09798	0.01330	0.05497	0.15478	0.04069	0.05053	0.07037	0.08794	0.08667	0.05292	0.03297	0.00272	0.00719	0.00892	0.00538	0.07498
24	0.01915	0.13985	0.12873	0.03830	0.02248	0.18029	0.06806	0.07693	0.01720	0.04985	0.01411	0.04783	0.01206	0.03602	0.00812	0.00212	0.03972	0.00599	0.00405	0.08913
25	0.06842	0.12812	0.02068	0.01842	0.14376	0.13503	0.01251	0.07789	0.08414	0.06637	0.06804	0.06262	0.04405	0.00888	0.00652	0.00201	0.00736	0.00712	0.00504	0.03303
26	0.01863	0.10437	0.13854	0.01855	0.12299	0.04586	0.01476	0.12459	0.09591	0.08988	0.02188	0.07997	0.05954	0.00920	0.00681	0.00212	0.00738	0.00756	0.00521	0.02627

[dist]
# distance from previous block
# <min> <max>
1	12

[block]
# block no. 5 follows, 30 sequences, length 9
# corresponding to MSA columns:
# 309-317
name=unknown_F
#
# <colnr> <probs for GDERKNQSTAVLIFYWHMCP>
#	G	D	E	R	K	N	Q	S	T	A	V	L	I	F	Y	W	H	M	C	P
0	0.03897	0.04752	0.05826	0.01390	0.05053	0.07413	0.01086	0.03669	0.01382	0.01878	0.02022	0.11297	0.02013	0.05807	0.34250	0.00662	0.01279	0.05183	0.00427	0.00712
1	0.07163	0.10282	0.12804	0.02042	0.12954	0.05462	0.06523	0.16023	0.07168	0.10564	0.01593	0.01701	0.01178	0.00726	0.00654	0.00208	0.00819	0.00592	0.00498	0.01047
2	0.01899	0.17279	0.25603	0.01700	0.02400	0.04826	0.05089	0.20024	0.01956	0.02644	0.01294	0.01470	0.00988	0.00712	0.00703	0.00199	0.04302	0.00528	0.00417	0.05966
3	0.00938	0.00696	0.00886	0.00956	0.01094	0.00644	0.00724	0.01168	0.01616	0.02140	0.22562	0.28395	0.18675	0.01842	0.00874	0.00264	0.00422	0.14813	0.00679	0.00612
4	0.00975	0.00660	0.00773	0.00812	0.00822	0.00650	0.00478	0.01004	0.01093	0.01457	0.02600	0.21740	0.03044	0.57611	0.02903	0.00581	0.00610	0.01251	0.00478	0.00458
5	0.07144	0.01706	0.10799	0.08682	0.05268	0.01434	0.12712	0.05547	0.05523	0.05980	0.04074	0.01824	0.01306	0.00694	0.00704	0.00195	0.03148	0.00607	0.00442	0.22211
6	0.14025	0.19065	0.14544	0.03721	0.02250	0.07641	0.07944	0.05503	0.01604	0.09843	0.01319	0.01482	0.01001	0.00684	0.00640	0.00198	0.03028	0.00513	0.00416	0.04578
7	0.01476	0.09203	0.01353	0.01061	0.01312	0.07704	0.00813	0.01675	0.01635	0.12086	0.13737	0.29017	0.13227	0.01506	0.00770	0.00233	0.00531	0.01293	0.00632	0.00733
8	0.05434	0.07645	0.32815	0.01713	0.04417	0.04462	0.06590	0.02130	0.07597	0.02275	0.08031	0.02498	0.09731	0.00874	0.00684	0.00218	0.00817	0.00723	0.00429	0.00917

[dist]
# distance from previous block
# <min> <max>
0	3

[block]
# block no. 6 follows, 30 sequences, length 84
# corresponding to MSA columns:
# 321-404
name=unknown_G
#
# <colnr> <probs for GDERKNQSTAVLIFYWHMCP>
#	G	D	E	R	K	N	Q	S	T	A	V	L	I	F	Y	W	H	M	C	P
0	0.01539	0.27716	0.42082	0.01618	0.02404	0.01909	0.01923	0.02045	0.01401	0.01923	0.01153	0.01416	0.00919	0.00809	0.00787	0.07772	0.00895	0.00476	0.00297	0.00916
1	0.01374	0.01356	0.04428	0.20786	0.19425	0.01325	0.08847	0.01812	0.03855	0.02055	0.02026	0.16676	0.03805	0.00989	0.00735	0.00225	0.00762	0.00925	0.00424	0.08170
2	0.01929	0.09824	0.20902	0.02272	0.16674	0.05855	0.06003	0.08836	0.06619	0.09598	0.01534	0.01699	0.01150	0.00723	0.00721	0.00212	0.03375	0.00592	0.00441	0.01042
3	0.01291	0.01363	0.14425	0.01206	0.01520	0.00998	0.03377	0.03804	0.01331	0.06544	0.02265	0.05434	0.05773	0.30657	0.16443	0.00583	0.00975	0.00879	0.00445	0.00688
4	0.03502	0.00684	0.00737	0.00738	0.00882	0.00698	0.00539	0.01496	0.01390	0.02362	0.05109	0.05775	0.02148	0.09460	0.07818	0.00320	0.00522	0.00770	0.54427	0.00623
5	0.01484	0.01180	0.01782	0.10376	0.09387	0.01240	0.07904	0.03911	0.03777	0.08632	0.12164	0.05421	0.13869	0.04207	0.01033	0.00252	0.08343	0.00942	0.03280	0.00815
6	0.03424	0.23428	0.18036	0.11121	0.08438	0.02002	0.08984	0.10127	0.01704	0.04651	0.01288	0.01534	0.00993	0.00664	0.00626	0.00201	0.00879	0.00547	0.00379	0.00974
7	0.01560	0.01093	0.01425	0.01211	0.01501	0.04443	0.07293	0.04685	0.03542	0.14115	0.25650	0.10714	0.09441	0.08866	0.01071	0.00273	0.00571	0.01107	0.00663	0.00778
8	0.04651	0.01316	0.01643	0.01279	0.01782	0.01258	0.01050	0.17936	0.02266	0.47770	0.09395	0.02476	0.02077	0.00910	0.00707	0.00215	0.00605	0.00734	0.00806	0.01123
9	0.01952	0.10186	0.12267	0.06666	0.11736	0.10047	0.10070	0.12115	0.05759	0.06876	0.01589	0.04814	0.01271	0.00769	0.00682	0.00211	0.00891	0.00659	0.00452	0.00990
10	0.01321	0.00911	0.01245	0.01385	0.07934	0.00942	0.00943	0.08628	0.01486	0.02048	0.02300	0.14228	0.02369	0.05743	0.09320	0.19549	0.00745	0.12511	0.05749	0.00641
11	0.05958	0.18651	0.02204	0.01384	0.01906	0.08355	0.01162	0.23523	0.14518	0.02912	0.01580	0.01623	0.01225	0.00740	0.00600	0.00184	0.00723	0.00542	0.00528	0.11682
12	0.00896	0.00642	0.00827	0.00957	0.01017	0.00605	0.00657	0.01025	0.01338	0.01763	0.03842	0.54940	0.08820	0.11482	0.01233	0.00334	0.00459	0.07989	0.00619	0.00557
13	0.01637	0.13793	0.18324	0.04697	0.07458	0.06321	0.07931	0.07936	0.03918	0.02269	0.03867	0.05955	0.04956	0.00891	0.00686	0.00213	0.00833	0.04355	0.00431	0.03528
14	0.01596	0.13683	0.32357	0.02201	0.10263	0.01838	0.13319	0.02405	0.11365	0.02239	0.01472	0.01680	0.01119	0.00677	0.00668	0.00213	0.00922	0.00598	0.00371	0.01014
15	0.01212	0.00606	0.00909	0.00909	0.00909	0.00606	0.00606	0.00909	0.00909	0.01212	0.01212	0.02121	0.01212	0.02424	0.02727	0.79697	0.00606	0.00606	0.00303	0.00303
16	0.01190	0.00939	0.01024	0.00962	0.01236	0.00923	0.00745	0.04080	0.16272	0.04341	0.16105	0.05351	0.38015	0.01486	0.00799	0.00236	0.00427	0.04431	0.00689	0.00751
17	0.04568	0.08282	0.18101	0.01916	0.08459	0.12915	0.07447	0.05397	0.04849	0.11855	0.01745	0.06450	0.01430	0.00836	0.00681	0.00215	0.00878	0.02543	0.00468	0.00966
18	0.01543	0.01559	0.09588	0.05597	0.16155	0.03578	0.06548	0.04629	0.05441	0.04559	0.01892	0.02800	0.01675	0.07917	0.07936	0.00353	0.03018	0.07199	0.07147	0.00864
19	0.76079	0.01383	0.01085	0.00956	0.01395	0.01599	0.00787	0.05765	0.01304	0.03201	0.01011	0.01164	0.00780	0.00658	0.00447	0.00216	0.00553	0.00392	0.00447	0.00780
20	0.01564	0.05466	0.29233	0.02518	0.03341	0.01751	0.41417	0.02220	0.01573	0.02202	0.01335	0.01700	0.00987	0.00616	0.00749	0.00227	0.01106	0.00691	0.00329	0.00973
21	0.01606	0.07400	0.35986	0.02225	0.12479	0.10445	0.07694	0.02172	0.01588	0.02126	0.03522	0.02040	0.03236	0.00764	0.00686	0.00215	0.00968	0.03538	0.00355	0.00957
22	0.00932	0.00771	0.00825	0.00899	0.01033	0.03596	0.00633	0.01077	0.01455	0.01806	0.04916	0.38594	0.30675	0.06057	0.01005	0.00283	0.00443	0.03797	0.00623	0.00580
23	0.01185	0.01082	0.01379	0.01299	0.01510	0.07703	0.09688	0.01422	0.01522	0.01939	0.03614	0.34658	0.13080	0.01660	0.00835	0.00259	0.00611	0.10903	0.04991	0.00658
24	0.01893	0.15213	0.13015	0.05411	0.16867	0.18647	0.09346	0.05030	0.01694	0.02068	0.01299	0.03996	0.01098	0.00708	0.00652	0.00200	0.00973	0.00592	0.00357	0.00940
25	0.01686	0.04914	0.43512	0.04014	0.09465	0.01604	0.09450	0.02380	0.03717	0.10461	0.01495	0.01685	0.01065	0.00683	0.00684	0.00219	0.00950	0.00589	0.00387	0.01039
26	0.01629	0.01765	0.02745	0.02164	0.02475	0.09257	0.26166	0.01955	0.01383	0.01881	0.01215	0.01756	0.01053	0.01352	0.08886	0.00351	0.32126	0.00686	0.00336	0.00819
27	0.01423	0.01467	0.06054	0.17611	0.05070	0.01510	0.14022	0.02114	0.14739	0.02080	0.01901	0.09233	0.01699	0.07177	0.03084	0.00305	0.08378	0.00852	0.00440	0.00842
28	0.01793	0.05375	0.16223	0.06656	0.04801	0.05387	0.17344	0.05280	0.05058	0.11606	0.02104	0.04511	0.05326	0.00871	0.00734	0.00227	0.00880	0.04395	0.00479	0.00949
29	0.00873	0.00661	0.00839	0.00945	0.01027	0.00627	0.00655	0.01015	0.01402	0.01839	0.07033	0.56593	0.17386	0.02043	0.00922	0.00272	0.02836	0.01811	0.00641	0.00581
30	0.01046	0.00803	0.00994	0.01031	0.01210	0.00800	0.00810	0.01451	0.08114	0.02104	0.13451	0.12899	0.19923	0.05255	0.08817	0.00377	0.00632	0.18998	0.00630	0.00657
31	0.19700	0.01569	0.04361	0.01972	0.15800	0.05386	0.08580	0.07128	0.01692	0.11202	0.04520	0.02087	0.04344	0.00904	0.02730	0.00238	0.00757	0.00653	0.05453	0.00923
32	0.01535	0.02261	0.24248	0.23618	0.15925	0.05120	0.13191	0.02105	0.01525	0.02077	0.01278	0.01690	0.00967	0.00656	0.00703	0.00222	0.01000	0.00613	0.00321	0.00944
33	0.00910	0.00672	0.00865	0.00991	0.01097	0.00626	0.00733	0.01092	0.01460	0.01896	0.06203	0.45842	0.16484	0.02032	0.00893	0.00281	0.00447	0.16235	0.00650	0.00590
34	0.00938	0.00716	0.00864	0.00841	0.01030	0.00642	0.00640	0.01214	0.01820	0.02439	0.44690	0.05888	0.28946	0.01574	0.00832	0.00231	0.00355	0.04988	0.00719	0.00633
35	0.01777	0.01792	0.09955	0.10193	0.24476	0.01562	0.23511	0.02265	0.01620	0.11035	0.01597	0.04226	0.01243	0.00704	0.00740	0.00224	0.00929	0.00731	0.00415	0.01004
36	0.02043	0.01950	0.12885	0.02142	0.15487	0.10487	0.05715	0.02495	0.05023	0.19734	0.01939	0.08883	0.01576	0.00904	0.00810	0.00225	0.05436	0.00755	0.00516	0.00993
37	0.01318	0.01240	0.02093	0.73798	0.04806	0.01550	0.01938	0.01783	0.01395	0.01783	0.01240	0.01860	0.00930	0.00698	0.00698	0.00233	0.00930	0.00620	0.00310	0.00775
38	0.01160	0.00775	0.00884	0.00866	0.01120	0.00672	0.00678	0.01364	0.01630	0.10800	0.05894	0.10142	0.49529	0.01697	0.00831	0.00247	0.00425	0.09940	0.00675	0.00671
39	0.04262	0.06412	0.39809	0.07351	0.18177	0.05637	0.04425	0.02187	0.01515	0.02173	0.01237	0.01529	0.00939	0.00653	0.00657	0.00213	0.00966	0.00541	0.00317	0.00999
40	0.00856	0.00616	0.00802	0.00948	0.00998	0.00573	0.00632	0.00975	0.01337	0.01769	0.03957	0.68282	0.08214	0.05219	0.00998	0.00297	0.00413	0.01915	0.00638	0.00562
41	0.02653	0.01955	0.02094	0.01606	0.02164	0.02164	0.01326	0.68796	0.03281	0.04398	0.01675	0.01675	0.01187	0.00838	0.00698	0.00209	0.00768	0.00628	0.00698	0.01187
42	0.04764	0.01137	0.05749	0.01290	0.01468	0.01202	0.01080	0.01491	0.01231	0.04576	0.04171	0.08873	0.04757	0.05000	0.32261	0.00648	0.18336	0.00844	0.00424	0.00699
43	0.01703	0.01686	0.02777	0.13615	0.54756	0.04684	0.06348	0.02126	0.01583	0.02184	0.01299	0.01735	0.01070	0.00634	0.00698	0.00211	0.00884	0.00627	0.00342	0.01037
44	0.01010	0.00674	0.00763	0.00768	0.00769	0.00673	0.00430	0.01013	0.01025	0.01366	0.02250	0.06776	0.02602	0.73177	0.03468	0.00664	0.00668	0.01045	0.00430	0.00427
45	0.01578	0.01997	0.13655	0.13913	0.18601	0.04657	0.27107	0.02102	0.01567	0.02127	0.01444	0.05346	0.01190	0.00708	0.00745	0.00226	0.01004	0.00741	0.00350	0.00942
46	0.09931	0.00905	0.01028	0.00933	0.01202	0.00874	0.00720	0.04489	0.03955	0.09987	0.33093	0.07495	0.20045	0.01353	0.00762	0.00225	0.00415	0.01143	0.00704	0.00742
47	0.00842	0.00698	0.00738	0.00747	0.00958	0.00594	0.00553	0.01028	0.01603	0.01961	0.12743	0.12847	0.58734	0.01774	0.00831	0.00239	0.00356	0.01500	0.00659	0.00594
48	0.01600	0.01343	0.01428	0.01291	0.01653	0.01497	0.01012	0.08124	0.47765	0.02808	0.05024	0.03577	0.14325	0.01142	0.00745	0.00238	0.00534	0.04212	0.00696	0.00987
49	0.01991	0.17563	0.12744	0.04457	0.08555	0.10497	0.07795	0.16643	0.08577	0.02564	0.01438	0.01601	0.01112	0.00712	0.00645	0.00201	0.00888	0.00571	0.00440	0.01006
50	0.01162	0.00779	0.00948	0.00916	0.01123	0.00716	0.00682	0.01493	0.05544	0.08950	0.29145	0.19754	0.22942	0.01597	0.00820	0.00238	0.00389	0.01390	0.00716	0.00696
51	0.00859	0.00709	0.00757	0.00767	0.00984	0.00607	0.00581	0.01056	0.01618	0.01982	0.12993	0.09551	0.57958	0.01761	0.00835	0.00241	0.00369	0.05114	0.00659	0.00598
52	0.02551	0.03209	0.01952	0.01773	0.02135	0.68118	0.01333	0.02846	0.06338	0.01786	0.01192	0.01345	0.00978	0.00734	0.00634	0.00183	0.01213	0.00471	0.00382	0.00828
53	0.01797	0.36257	0.23285	0.01766	0.04759	0.02158	0.09903	0.05267	0.01582	0.05463	0.01238	0.01424	0.00974	0.00640	0.00589	0.00189	0.00878	0.00506	0.00352	0.00975
54	0.01442	0.01441	0.02082	0.66872	0.04551	0.08392	0.01881	0.01879	0.01451	0.01776	0.01225	0.01803	0.00927	0.00700	0.00691	0.00227	0.00962	0.00604	0.00315	0.00778
55	0.02900	0.01167	0.01544	0.01201	0.01693	0.01039	0.00979	0.06179	0.01977	0.61120	0.02649	0.02466	0.01747	0.04617	0.00833	0.00236	0.00591	0.00711	0.05232	0.01119
56	0.01718	0.23014	0.25322	0.03901	0.02392	0.04826	0.06209	0.08584	0.01679	0.04372	0.01578	0.06833	0.01386	0.00841	0.00650	0.00209	0.00864	0.04282	0.00403	0.00937
57	0.02444	0.01033	0.01400	0.01152	0.01563	0.00920	0.00924	0.02696	0.01826	0.49980	0.07320	0.09756	0.06157	0.01496	0.07661	0.00311	0.00668	0.00907	0.00778	0.01007
58	0.00890	0.00671	0.00976	0.01071	0.01145	0.00627	0.04069	0.01035	0.01352	0.01804	0.03724	0.71337	0.04436	0.02106	0.00887	0.00281	0.00444	0.01925	0.00633	0.00586
59	0.01789	0.02184	0.12598	0.01475	0.01879	0.26322	0.01306	0.04255	0.04499	0.04371	0.06797	0.06529	0.07936	0.01112	0.00727	0.00223	0.00851	0.10467	0.03871	0.00809
60	0.03746	0.07732	0.22946	0.05711	0.19760	0.03691	0.11425	0.02256	0.01582	0.08710	0.01518	0.01970	0.01197	0.00721	0.00690	0.00218	0.00910	0.03828	0.00393	0.00997
61	0.01597	0.01807	0.05836	0.10497	0.06287	0.01770	0.46027	0.02189	0.04677	0.02159	0.01396	0.01855	0.01075	0.00688	0.00950	0.00241	0.08912	0.00758	0.00357	0.00921
62	0.68377	0.01694	0.11810	0.01081	0.01604	0.01574	0.01033	0.02075	0.01231	0.02991	0.01014	0.01185	0.00775	0.00650	0.00467	0.00217	0.00615	0.00399	0.00411	0.00798
63	0.01698	0.10503	0.10006	0.04382	0.17118	0.09437	0.14158	0.02188	0.05673	0.04366	0.01863	0.10111	0.03696	0.00870	0.00706	0.00217	0.00869	0.00794	0.00419	0.00926
64	0.01273	0.01181	0.01741	0.07587	0.03836	0.04375	0.12773	0.04871	0.01619	0.02120	0.10293	0.25569	0.12898	0.01409	0.00897	0.00248	0.04773	0.01263	0.00543	0.00731
65	0.00885	0.00644	0.00806	0.00910	0.00986	0.00598	0.00618	0.01019	0.01382	0.01816	0.08313	0.49391	0.14221	0.11418	0.01219	0.00324	0.00435	0.03831	0.00627	0.00560
66	0.04457	0.55972	0.10936	0.06045	0.02221	0.02455	0.05647	0.02091	0.01429	0.01801	0.01046	0.01254	0.00902	0.00612	0.00511	0.00170	0.00809	0.00433	0.00307	0.00901
67	0.16465	0.05368	0.25317	0.04781	0.08685	0.04884	0.07830	0.05106	0.03834	0.06667	0.01450	0.04073	0.01132	0.00732	0.00641	0.00218	0.00854	0.00598	0.00412	0.00955
68	0.01727	0.01658	0.02832	0.04283	0.71123	0.01658	0.02142	0.02142	0.01589	0.02280	0.01313	0.01727	0.01105	0.00622	0.00691	0.00207	0.00829	0.00622	0.00345	0.01105
69	0.00863	0.00630	0.00814	0.00947	0.01019	0.00581	0.00649	0.01008	0.01407	0.01858	0.07916	0.61741	0.11932	0.02091	0.00882	0.00276	0.00402	0.03753	0.00654	0.00577
70	0.01656	0.02049	0.17892	0.10791	0.27118	0.05699	0.03989	0.05481	0.03617	0.04540	0.01987	0.02224	0.08312	0.00791	0.00701	0.00217	0.00854	0.00690	0.00408	0.00982
71	0.01580	0.01540	0.02717	0.27706	0.41549	0.01633	0.09059	0.02030	0.01529	0.02107	0.01299	0.01789	0.01041	0.00644	0.00707	0.00219	0.00900	0.00642	0.00334	0.00976
72	0.00870	0.00709	0.00769	0.00754	0.00970	0.00608	0.00566	0.01088	0.01697	0.02137	0.24630	0.06301	0.53121	0.01673	0.00824	0.00231	0.00347	0.01415	0.00681	0.00608
73	0.01677	0.01875	0.08337	0.03678	0.44153	0.01690	0.23791	0.02177	0.01599	0.02260	0.01340	0.01759	0.01074	0.00614	0.00732	0.00217	0.00957	0.00680	0.00344	0.01046
74	0.01992	0.25372	0.07382	0.01569	0.04909	0.11237	0.01338	0.16539	0.09562	0.02546	0.07154	0.01825	0.01576	0.00799	0.00674	0.00195	0.03301	0.00586	0.00478	0.00964
75	0.00844	0.00632	0.00785	0.00907	0.00995	0.00572	0.00619	0.00979	0.01398	0.01807	0.04629	0.58419	0.20711	0.02084	0.00875	0.00272	0.00392	0.01860	0.00648	0.00572
76	0.59523	0.01349	0.01212	0.01025	0.01487	0.01483	0.00845	0.06054	0.01478	0.17872	0.01392	0.01430	0.00988	0.00705	0.00504	0.00216	0.00564	0.00461	0.00539	0.00872
77	0.01997	0.05438	0.06859	0.07498	0.35457	0.26747	0.01837	0.02349	0.01699	0.02016	0.01207	0.01529	0.00999	0.00662	0.00658	0.00198	0.00996	0.00544	0.00343	0.00967
78	0.01605	0.07207	0.57874	0.01920	0.02828	0.12407	0.02323	0.02291	0.01547	0.02106	0.01212	0.01423	0.00887	0.00668	0.00647	0.00211	0.01051	0.00498	0.00305	0.00991
79	0.00842	0.00712	0.00730	0.00739	0.00971	0.00601	0.00563	0.01026	0.01591	0.01897	0.06880	0.06781	0.67095	0.01776	0.00833	0.00240	0.00370	0.05113	0.00648	0.00592
80	0.00850	0.00607	0.00810	0.00972	0.01012	0.00567	0.00648	0.00972	0.01336	0.01781	0.03846	0.75020	0.04615	0.02186	0.00891	0.00283	0.00405	0.01984	0.00648	0.00567
81	0.02086	0.32753	0.07267	0.05565	0.02191	0.28704	0.01409	0.04513	0.01669	0.01805	0.01064	0.01280	0.00909	0.00700	0.00668	0.00182	0.05586	0.00448	0.00335	0.00867
82	0.00950	0.00761	0.00829	0.00836	0.01046	0.00683	0.00624	0.04799	0.01655	0.02057	0.09162	0.19483	0.48799	0.01785	0.00835	0.00246	0.00395	0.03775	0.00656	0.00623
83	0.00835	0.00668	0.00747	0.00809	0.00969	0.00581	0.00576	0.00990	0.01492	0.01845	0.05826	0.33060	0.45298	0.01929	0.00850	0.00254	0.00373	0.01670	0.00648	0.00581

[dist]
# distance from previous block
# <min> <max>
0	0

# created by:
# /home/berkeley/.conda/envs/busco_data_prod/bin/msa2prfl.pl pipeline/OGs_align_augustus/4893/28365.fs
