[name]
unknown

[dist]
# distance from previous block
# <min> <max>
0	0

[block]
# block no. 0 follows, 32 sequences, length 70
# corresponding to MSA columns:
# 0-41,79-106
name=unknown_A
#
# <colnr> <probs for GDERKNQSTAVLIFYWHMCP>
#	G	D	E	R	K	N	Q	S	T	A	V	L	I	F	Y	W	H	M	C	P
0	0.01081	0.00772	0.01081	0.01236	0.01390	0.00772	0.01081	0.01390	0.01545	0.02008	0.03553	0.07569	0.03862	0.01854	0.00927	0.00309	0.00618	0.67717	0.00618	0.00618
1	0.02551	0.01879	0.02014	0.01544	0.02081	0.02081	0.01275	0.69996	0.03155	0.04229	0.01611	0.01611	0.01141	0.00805	0.00671	0.00201	0.00738	0.00604	0.00671	0.01141
2	0.00841	0.00675	0.00752	0.00762	0.00952	0.00587	0.00570	0.01043	0.01587	0.02003	0.20632	0.13088	0.48285	0.01673	0.00804	0.00231	0.00350	0.03936	0.00648	0.00581
3	0.01939	0.01572	0.01621	0.01401	0.01815	0.04693	0.01104	0.14992	0.52164	0.07307	0.02462	0.02282	0.01818	0.00878	0.00677	0.00220	0.00598	0.00713	0.00676	0.01069
4	0.02551	0.01879	0.02014	0.01544	0.02081	0.02081	0.01275	0.69996	0.03155	0.04229	0.01611	0.01611	0.01141	0.00805	0.00671	0.00201	0.00738	0.00604	0.00671	0.01141
5	0.01346	0.03471	0.72942	0.01912	0.02904	0.01558	0.02479	0.02125	0.01417	0.02125	0.01204	0.01417	0.00850	0.00637	0.00637	0.00212	0.00992	0.00496	0.00283	0.00992
6	0.01346	0.03471	0.72942	0.01912	0.02904	0.01558	0.02479	0.02125	0.01417	0.02125	0.01204	0.01417	0.00850	0.00637	0.00637	0.00212	0.00992	0.00496	0.00283	0.00992
7	0.00844	0.00604	0.00802	0.00916	0.00979	0.00563	0.00625	0.01001	0.01408	0.01909	0.17342	0.61779	0.04817	0.01956	0.00843	0.00260	0.00375	0.01769	0.00646	0.00563
8	0.02506	0.03198	0.01901	0.01729	0.02074	0.73725	0.01296	0.02679	0.01901	0.01642	0.01037	0.01210	0.00864	0.00691	0.00605	0.00173	0.01210	0.00432	0.00346	0.00778
9	0.00959	0.00719	0.01078	0.01078	0.01198	0.00839	0.00839	0.01198	0.01078	0.01558	0.01797	0.02636	0.01677	0.05032	0.73760	0.01078	0.01797	0.00719	0.00359	0.00599
10	0.00855	0.00610	0.00821	0.00977	0.01032	0.00577	0.00687	0.00998	0.01321	0.01754	0.03678	0.66351	0.04357	0.02067	0.00866	0.00278	0.00421	0.11171	0.00622	0.00555
11	0.00807	0.00680	0.00699	0.00695	0.00915	0.00572	0.00521	0.00990	0.01563	0.01892	0.12686	0.06327	0.66023	0.01670	0.00793	0.00225	0.00338	0.01398	0.00634	0.00572
12	0.01166	0.00583	0.00874	0.00874	0.00874	0.00583	0.00583	0.00874	0.00874	0.01166	0.01166	0.02040	0.01166	0.02331	0.02622	0.80478	0.00583	0.00583	0.00291	0.00291
13	0.01267	0.01193	0.02013	0.74806	0.04621	0.01491	0.01863	0.01714	0.01342	0.01714	0.01193	0.01789	0.00894	0.00671	0.00671	0.00224	0.00894	0.00596	0.00298	0.00745
14	0.00959	0.00719	0.01078	0.01078	0.01198	0.00839	0.00839	0.01198	0.01078	0.01558	0.01797	0.02636	0.01677	0.05032	0.73760	0.01078	0.01797	0.00719	0.00359	0.00599
15	0.00906	0.00604	0.00763	0.00881	0.00937	0.00576	0.00597	0.01047	0.01282	0.01798	0.03317	0.55654	0.03825	0.09258	0.01056	0.00294	0.00413	0.04129	0.12118	0.00546
16	0.01584	0.01810	0.03959	0.02828	0.03507	0.01697	0.69796	0.02149	0.01584	0.02149	0.01357	0.01810	0.01018	0.00566	0.00792	0.00226	0.01131	0.00792	0.00339	0.00905
17	0.01346	0.03471	0.72942	0.01912	0.02904	0.01558	0.02479	0.02125	0.01417	0.02125	0.01204	0.01417	0.00850	0.00637	0.00637	0.00212	0.00992	0.00496	0.00283	0.00992
18	0.04857	0.01369	0.01485	0.01309	0.01683	0.05598	0.01073	0.16617	0.16151	0.16736	0.02501	0.03421	0.02108	0.01081	0.00717	0.00232	0.00635	0.17525	0.03967	0.00936
19	0.81159	0.01298	0.00986	0.00882	0.01298	0.01505	0.00727	0.01972	0.01142	0.03010	0.00934	0.01090	0.00727	0.00623	0.00415	0.00208	0.00519	0.00363	0.00415	0.00727
20	0.01768	0.01883	0.02313	0.02433	0.20802	0.16947	0.06879	0.04159	0.01455	0.01891	0.01110	0.01576	0.00987	0.02905	0.01329	0.00244	0.29552	0.00584	0.00334	0.00849
21	0.01417	0.03330	0.68038	0.01914	0.02878	0.01541	0.04566	0.02169	0.01441	0.04803	0.01264	0.01462	0.00886	0.00643	0.00644	0.00213	0.00980	0.00512	0.00306	0.00995
22	0.00914	0.00659	0.00865	0.00868	0.00995	0.00610	0.00630	0.01178	0.01736	0.02430	0.53711	0.23923	0.05827	0.01566	0.00809	0.00227	0.00336	0.01398	0.00708	0.00610
23	0.02445	0.01787	0.01925	0.01504	0.02018	0.01978	0.01233	0.57898	0.12672	0.06833	0.01811	0.01764	0.01290	0.00821	0.00673	0.00205	0.00702	0.00629	0.00679	0.01130
24	0.02994	0.01168	0.01574	0.01206	0.01726	0.01025	0.00997	0.05665	0.01965	0.70240	0.02610	0.02260	0.01642	0.00830	0.00675	0.00207	0.00577	0.00672	0.00825	0.01142
25	0.00928	0.00612	0.00818	0.00947	0.01011	0.00567	0.00641	0.01052	0.01317	0.05301	0.03645	0.72256	0.04298	0.02038	0.00847	0.00269	0.00398	0.01845	0.00633	0.00575
26	0.02997	0.01163	0.01570	0.01204	0.01724	0.01018	0.00995	0.05211	0.01956	0.70706	0.02617	0.02264	0.01646	0.00830	0.00675	0.00207	0.00576	0.00673	0.00826	0.01142
27	0.00883	0.00631	0.00854	0.01010	0.01078	0.00602	0.00738	0.01048	0.01350	0.01787	0.03662	0.58866	0.04294	0.02040	0.00874	0.00282	0.00446	0.18371	0.00622	0.00563
28	0.01574	0.01878	0.06785	0.02791	0.03482	0.01691	0.67039	0.02148	0.01577	0.02148	0.01351	0.01794	0.01011	0.00569	0.00786	0.00226	0.01126	0.00780	0.00337	0.00909
29	0.01481	0.25580	0.52017	0.01682	0.02548	0.01889	0.02078	0.02090	0.01401	0.01960	0.01122	0.01314	0.00853	0.00618	0.00575	0.00192	0.00909	0.00455	0.00284	0.00952
30	0.01378	0.08756	0.67940	0.01857	0.02819	0.01637	0.02383	0.02117	0.01413	0.02086	0.01185	0.01392	0.00851	0.00633	0.00623	0.00208	0.00972	0.00486	0.00284	0.00982
31	0.01726	0.01470	0.01550	0.01377	0.01767	0.01696	0.01076	0.07893	0.66600	0.02899	0.02658	0.02445	0.01989	0.00904	0.00682	0.00226	0.00545	0.00749	0.00682	0.01067
32	0.01282	0.01208	0.02039	0.72124	0.07187	0.01495	0.01871	0.01727	0.01349	0.01732	0.01195	0.01784	0.00901	0.00668	0.00671	0.00223	0.00891	0.00596	0.00299	0.00757
33	0.00946	0.00683	0.00893	0.00847	0.01002	0.00631	0.00633	0.01257	0.01881	0.02662	0.69885	0.07088	0.06276	0.01393	0.00793	0.00213	0.00319	0.01234	0.00735	0.00631
34	0.00845	0.00617	0.00842	0.01038	0.03298	0.00579	0.00670	0.00971	0.01293	0.01728	0.03619	0.73556	0.04328	0.02053	0.00850	0.00270	0.00403	0.01865	0.00613	0.00562
35	0.01389	0.10618	0.66177	0.01838	0.02789	0.01665	0.02349	0.02114	0.01411	0.02072	0.01178	0.01383	0.00851	0.00631	0.00617	0.00206	0.00965	0.00482	0.00284	0.00979
36	0.00976	0.00651	0.00732	0.00732	0.00732	0.00651	0.00407	0.00976	0.00976	0.01301	0.02114	0.04391	0.02439	0.76419	0.03415	0.00651	0.00651	0.00976	0.00407	0.00407
37	0.01694	0.60497	0.18968	0.01318	0.01985	0.02411	0.01444	0.02035	0.01375	0.01700	0.00993	0.01152	0.00859	0.00588	0.00477	0.00159	0.00779	0.00389	0.00286	0.00890
38	0.01616	0.02490	0.31948	0.09060	0.07070	0.06363	0.11999	0.09198	0.05148	0.02284	0.01318	0.01590	0.00985	0.00694	0.00762	0.00217	0.05366	0.00581	0.00361	0.00949
39	0.01509	0.01477	0.02487	0.23095	0.38808	0.03550	0.08956	0.01915	0.01481	0.02011	0.01437	0.05628	0.01259	0.00730	0.00695	0.00215	0.00845	0.02642	0.00347	0.00912
40	0.00964	0.00698	0.00972	0.00972	0.01054	0.00781	0.00706	0.01130	0.01047	0.01479	0.01895	0.03177	0.01912	0.27028	0.52085	0.00947	0.01444	0.00798	0.00374	0.00540
41	0.18134	0.01602	0.02297	0.03222	0.51205	0.03927	0.01714	0.06072	0.01556	0.02463	0.01208	0.01526	0.00992	0.00618	0.00611	0.00200	0.00750	0.00545	0.00370	0.00989
42	0.01427	0.02784	0.46759	0.08861	0.09128	0.03692	0.06535	0.02049	0.01406	0.02031	0.01181	0.01497	0.00887	0.00687	0.00806	0.00220	0.08278	0.00540	0.00295	0.00938
43	0.01489	0.05989	0.04097	0.01622	0.01720	0.06254	0.01360	0.01704	0.03144	0.01659	0.01197	0.06762	0.01215	0.03852	0.01860	0.00284	0.54047	0.00673	0.00334	0.00736
44	0.00810	0.00679	0.00695	0.00692	0.00905	0.00574	0.00513	0.00981	0.01528	0.01843	0.10424	0.06288	0.65256	0.04748	0.00901	0.00243	0.00351	0.01386	0.00621	0.00564
45	0.01391	0.01193	0.01391	0.00994	0.01590	0.00894	0.00795	0.01690	0.01391	0.02186	0.01193	0.01391	0.00994	0.00497	0.00497	0.00099	0.00497	0.00398	0.00398	0.80521
46	0.00853	0.00657	0.00772	0.00828	0.00969	0.00590	0.00602	0.01025	0.01462	0.01864	0.12388	0.27989	0.33705	0.06214	0.00979	0.00271	0.00395	0.07252	0.00622	0.00562
47	0.81159	0.01298	0.00986	0.00882	0.01298	0.01505	0.00727	0.01972	0.01142	0.03010	0.00934	0.01090	0.00727	0.00623	0.00415	0.00208	0.00519	0.00363	0.00415	0.00727
48	0.01877	0.01436	0.01712	0.01435	0.01857	0.01580	0.06396	0.10647	0.46445	0.10353	0.02458	0.02327	0.01806	0.00855	0.00676	0.00218	0.00592	0.00727	0.05562	0.01040
49	0.00818	0.00584	0.00779	0.00934	0.00973	0.00545	0.00623	0.00934	0.01285	0.01713	0.03698	0.75981	0.04438	0.02102	0.00856	0.00273	0.00389	0.01908	0.00623	0.00545
50	0.00950	0.00686	0.00897	0.00844	0.01002	0.00633	0.00633	0.01266	0.01899	0.02691	0.71879	0.05012	0.06331	0.01372	0.00791	0.00211	0.00317	0.01213	0.00739	0.00633
51	0.02206	0.16361	0.04491	0.01799	0.05274	0.45777	0.05563	0.04514	0.01755	0.01780	0.01064	0.01272	0.00891	0.00680	0.00656	0.00179	0.04106	0.00462	0.00340	0.00830
52	0.00857	0.00604	0.00786	0.00916	0.00955	0.00574	0.00611	0.00964	0.01247	0.01660	0.03431	0.60791	0.04081	0.14268	0.01279	0.00336	0.00444	0.05081	0.00587	0.00526
53	0.00925	0.00678	0.00867	0.00833	0.00991	0.00620	0.00620	0.01213	0.01821	0.02536	0.60710	0.09877	0.12898	0.01454	0.00796	0.00217	0.00324	0.01280	0.00719	0.00620
54	0.01573	0.01789	0.03892	0.05300	0.03545	0.01690	0.67464	0.02134	0.01575	0.02134	0.01352	0.01809	0.01014	0.00569	0.00788	0.00226	0.01123	0.00785	0.00338	0.00899
55	0.01565	0.01497	0.02551	0.21316	0.55784	0.01569	0.02012	0.01975	0.01483	0.02076	0.01245	0.01692	0.01022	0.00616	0.00666	0.00205	0.00821	0.00597	0.00324	0.00986
56	0.81159	0.01298	0.00986	0.00882	0.01298	0.01505	0.00727	0.01972	0.01142	0.03010	0.00934	0.01090	0.00727	0.00623	0.00415	0.00208	0.00519	0.00363	0.00415	0.00727
57	0.00794	0.00676	0.00684	0.00690	0.00909	0.00566	0.00514	0.00962	0.01519	0.01808	0.06668	0.09348	0.69154	0.01716	0.00796	0.00228	0.00342	0.01437	0.00623	0.00566
58	0.00818	0.00584	0.00779	0.00934	0.00973	0.00545	0.00623	0.00934	0.01285	0.01713	0.03698	0.75981	0.04438	0.02102	0.00856	0.00273	0.00389	0.01908	0.00623	0.00545
59	0.00960	0.00711	0.01041	0.01041	0.01147	0.00818	0.00792	0.01174	0.01067	0.01530	0.01832	0.02827	0.01760	0.12794	0.66111	0.01032	0.01673	0.00747	0.00365	0.00578
60	0.01668	0.01349	0.01418	0.01267	0.01624	0.01541	0.00988	0.07900	0.55840	0.02860	0.02571	0.02441	0.01936	0.00884	0.00650	0.00215	0.00513	0.00728	0.12606	0.01002
61	0.01346	0.03471	0.72942	0.01912	0.02904	0.01558	0.02479	0.02125	0.01417	0.02125	0.01204	0.01417	0.00850	0.00637	0.00637	0.00212	0.00992	0.00496	0.00283	0.00992
62	0.02414	0.01699	0.01828	0.01419	0.01910	0.01861	0.01167	0.59051	0.02895	0.06833	0.01723	0.01745	0.01232	0.00804	0.00647	0.00196	0.00680	0.00610	0.10207	0.01079
63	0.01432	0.14478	0.57027	0.01868	0.02772	0.01736	0.07522	0.02109	0.01422	0.02044	0.01175	0.01396	0.00865	0.00622	0.00618	0.00203	0.00961	0.00498	0.00288	0.00965
64	0.00837	0.00592	0.00773	0.00909	0.00943	0.00558	0.00596	0.00939	0.01246	0.01661	0.03500	0.67026	0.04188	0.11398	0.01176	0.00320	0.00422	0.01791	0.00596	0.00528
65	0.00855	0.00611	0.00822	0.00977	0.01033	0.00577	0.00688	0.00999	0.01322	0.01755	0.03678	0.66245	0.04356	0.02067	0.00866	0.00278	0.00422	0.11273	0.00622	0.00555
66	0.01054	0.00733	0.00940	0.00873	0.01056	0.00684	0.00660	0.01424	0.04514	0.05462	0.64393	0.04854	0.08095	0.01343	0.00783	0.00212	0.00336	0.01181	0.00736	0.00668
67	0.10455	0.18047	0.10968	0.15970	0.11841	0.01753	0.04602	0.04590	0.01461	0.05671	0.01206	0.01480	0.00945	0.00643	0.00624	0.00193	0.02890	0.00507	0.00360	0.05794
68	0.04934	0.01350	0.01436	0.01255	0.01556	0.10316	0.00994	0.12511	0.01612	0.08151	0.01614	0.02034	0.01352	0.02688	0.33855	0.00590	0.04205	0.00610	0.00450	0.08486
69	0.01910	0.27211	0.07588	0.01688	0.09897	0.22438	0.01324	0.02234	0.03767	0.05431	0.06780	0.04062	0.01504	0.00750	0.00584	0.00179	0.00832	0.00563	0.00395	0.00862

[dist]
# distance from previous block
# <min> <max>
7	21

[block]
# block no. 1 follows, 32 sequences, length 25
# corresponding to MSA columns:
# 128-152
name=unknown_B
#
# <colnr> <probs for GDERKNQSTAVLIFYWHMCP>
#	G	D	E	R	K	N	Q	S	T	A	V	L	I	F	Y	W	H	M	C	P
0	0.01599	0.02145	0.23800	0.07163	0.11949	0.03332	0.11487	0.03818	0.13474	0.04978	0.01539	0.01752	0.01157	0.00706	0.00752	0.00214	0.04798	0.00612	0.00404	0.04320
1	0.01449	0.01379	0.01722	0.07969	0.01883	0.06686	0.01272	0.04720	0.06124	0.01911	0.06980	0.03968	0.01672	0.01644	0.11391	0.00371	0.35435	0.02279	0.00401	0.00745
2	0.01100	0.05988	0.01136	0.00973	0.01097	0.00926	0.00705	0.05782	0.01248	0.01689	0.02222	0.18256	0.02404	0.26847	0.25946	0.00649	0.00989	0.01016	0.00445	0.00580
3	0.12468	0.05346	0.06327	0.04556	0.11255	0.08895	0.01302	0.14188	0.08517	0.15339	0.01824	0.01858	0.03719	0.00762	0.00623	0.00202	0.00722	0.00592	0.00531	0.00974
4	0.01598	0.07654	0.23383	0.15530	0.16082	0.01714	0.12180	0.09838	0.01645	0.02269	0.01263	0.01586	0.00957	0.00640	0.00660	0.00208	0.00910	0.00580	0.00348	0.00955
5	0.01875	0.39916	0.02675	0.01569	0.08892	0.22113	0.01217	0.02102	0.01575	0.01746	0.06151	0.01692	0.04539	0.00716	0.00544	0.00166	0.00818	0.00511	0.00355	0.00829
6	0.00976	0.00651	0.00732	0.00732	0.00732	0.00651	0.00407	0.00976	0.00976	0.01301	0.02114	0.04391	0.02439	0.76419	0.03415	0.00651	0.00651	0.00976	0.00407	0.00407
7	0.02416	0.02893	0.01868	0.01673	0.02038	0.59781	0.01268	0.08284	0.09759	0.01984	0.01274	0.01388	0.01020	0.00725	0.00619	0.00181	0.01095	0.00483	0.00410	0.00839
8	0.00818	0.00584	0.00779	0.00934	0.00973	0.00545	0.00623	0.00934	0.01285	0.01713	0.03698	0.75981	0.04438	0.02102	0.00856	0.00273	0.00389	0.01908	0.00623	0.00545
9	0.01557	0.00822	0.01084	0.00941	0.01210	0.00735	0.00733	0.01850	0.01889	0.23520	0.48393	0.04262	0.07812	0.01225	0.00757	0.00211	0.00393	0.01062	0.00761	0.00782
10	0.01827	0.05072	0.03327	0.02432	0.02992	0.20502	0.46460	0.02260	0.01635	0.01973	0.01238	0.01611	0.00966	0.00624	0.00788	0.00212	0.04207	0.00673	0.00337	0.00863
11	0.03010	0.01142	0.01557	0.01194	0.01713	0.00986	0.00986	0.03270	0.01920	0.72698	0.02647	0.02284	0.01661	0.00830	0.00675	0.00208	0.00571	0.00675	0.00830	0.01142
12	0.00818	0.00584	0.00779	0.00934	0.00973	0.00545	0.00623	0.00934	0.01285	0.01713	0.03698	0.75981	0.04438	0.02102	0.00856	0.00273	0.00389	0.01908	0.00623	0.00545
13	0.01472	0.02453	0.33727	0.07620	0.15859	0.01603	0.23360	0.02092	0.01484	0.02117	0.01262	0.01609	0.00944	0.00610	0.00693	0.00215	0.00993	0.00614	0.00311	0.00961
14	0.00859	0.00672	0.00778	0.00774	0.00952	0.00591	0.00572	0.01082	0.01651	0.02155	0.32638	0.13588	0.38066	0.01612	0.00799	0.00225	0.00336	0.01389	0.00670	0.00591
15	0.01833	0.49605	0.13752	0.01448	0.02053	0.14219	0.04980	0.02145	0.01472	0.01702	0.01013	0.01188	0.00868	0.00603	0.00510	0.00163	0.00862	0.00414	0.00299	0.00869
16	0.01776	0.01614	0.07797	0.11022	0.42642	0.01493	0.01818	0.07037	0.01651	0.10568	0.01555	0.05286	0.01266	0.00723	0.00674	0.00208	0.00772	0.00662	0.00422	0.01013
17	0.07908	0.10574	0.29206	0.02228	0.11171	0.01690	0.20207	0.02152	0.01471	0.05406	0.01268	0.01529	0.00950	0.00614	0.00644	0.00206	0.00919	0.00571	0.00340	0.00949
18	0.01630	0.05587	0.05882	0.22879	0.36484	0.03726	0.01856	0.06730	0.04791	0.02178	0.01308	0.01676	0.01041	0.00650	0.00652	0.00204	0.00825	0.00583	0.00358	0.00959
19	0.09298	0.00815	0.00952	0.00906	0.01051	0.00877	0.00665	0.01395	0.04747	0.02094	0.20848	0.03637	0.05957	0.20383	0.13670	0.00466	0.04267	0.00896	0.06472	0.00604
20	0.01391	0.01193	0.01391	0.00994	0.01590	0.00894	0.00795	0.01690	0.01391	0.02186	0.01193	0.01391	0.00994	0.00497	0.00497	0.00099	0.00497	0.00398	0.00398	0.80521
21	0.01582	0.09347	0.45350	0.01759	0.02533	0.07542	0.06563	0.02164	0.01513	0.07209	0.04072	0.04689	0.01280	0.00734	0.00645	0.00206	0.00914	0.00598	0.00364	0.00935
22	0.00860	0.00714	0.00854	0.08381	0.01310	0.00663	0.00682	0.01060	0.01493	0.01856	0.11044	0.19428	0.45982	0.01645	0.00793	0.00234	0.00405	0.01411	0.00599	0.00586
23	0.01484	0.01422	0.12761	0.09465	0.05421	0.01153	0.01281	0.09358	0.01784	0.09862	0.22231	0.10603	0.03085	0.01113	0.00770	0.00224	0.02466	0.04119	0.00571	0.00826
24	0.11086	0.01702	0.07700	0.01358	0.01875	0.05675	0.01189	0.24831	0.04603	0.25105	0.02070	0.02126	0.03621	0.00842	0.00651	0.00209	0.00686	0.03011	0.00638	0.01022

[dist]
# distance from previous block
# <min> <max>
0	1

[block]
# block no. 2 follows, 32 sequences, length 16
# corresponding to MSA columns:
# 154-169
name=unknown_C
#
# <colnr> <probs for GDERKNQSTAVLIFYWHMCP>
#	G	D	E	R	K	N	Q	S	T	A	V	L	I	F	Y	W	H	M	C	P
0	0.04373	0.07072	0.17957	0.06419	0.19245	0.08182	0.04973	0.04431	0.13748	0.02273	0.03894	0.01783	0.01317	0.00705	0.00643	0.00205	0.00820	0.00595	0.00407	0.00958
1	0.67621	0.01351	0.01304	0.01108	0.01501	0.01573	0.05735	0.01950	0.01162	0.02811	0.00959	0.01179	0.00763	0.00673	0.00618	0.00217	0.07920	0.00416	0.00398	0.00740
2	0.01317	0.01244	0.02103	0.65766	0.13268	0.01504	0.01888	0.01758	0.01365	0.01775	0.01201	0.01773	0.00916	0.00662	0.00670	0.00221	0.00882	0.00597	0.00302	0.00786
3	0.00976	0.00651	0.00732	0.00732	0.00732	0.00651	0.00407	0.00976	0.00976	0.01301	0.02114	0.04391	0.02439	0.76419	0.03415	0.00651	0.00651	0.00976	0.00407	0.00407
4	0.02395	0.01760	0.18823	0.01378	0.01992	0.01228	0.01351	0.09272	0.04151	0.42772	0.02436	0.02252	0.05395	0.00833	0.00672	0.00210	0.00674	0.00669	0.00666	0.01070
5	0.00818	0.00584	0.00779	0.00934	0.00973	0.00545	0.00623	0.00934	0.01285	0.01713	0.03698	0.75981	0.04438	0.02102	0.00856	0.00273	0.00389	0.01908	0.00623	0.00545
6	0.01829	0.02491	0.41423	0.01886	0.07514	0.01376	0.05919	0.02407	0.01592	0.21704	0.04221	0.01830	0.01302	0.00711	0.00664	0.00211	0.00844	0.00597	0.00458	0.01020
7	0.06961	0.12977	0.02197	0.03966	0.05428	0.29170	0.03366	0.04580	0.05378	0.01909	0.01120	0.01381	0.00948	0.00782	0.00931	0.00205	0.17023	0.00498	0.00358	0.00822
8	0.01702	0.34753	0.28039	0.01507	0.02167	0.13769	0.01625	0.02108	0.01467	0.01792	0.01182	0.04869	0.01032	0.00690	0.00554	0.00179	0.00880	0.00495	0.00312	0.00879
9	0.05738	0.06692	0.11197	0.04924	0.02039	0.04456	0.01298	0.28255	0.07070	0.02950	0.06216	0.02096	0.01581	0.03605	0.02431	0.00236	0.00747	0.02618	0.00524	0.05329
10	0.04299	0.05160	0.34946	0.05302	0.07363	0.01396	0.03672	0.04548	0.01518	0.06237	0.03785	0.04763	0.05870	0.02680	0.00728	0.00222	0.00798	0.02952	0.00404	0.03355
11	0.01895	0.06879	0.22622	0.01624	0.04752	0.10431	0.01539	0.15770	0.06845	0.09142	0.04382	0.01919	0.03240	0.01014	0.04772	0.00250	0.00873	0.00605	0.00481	0.00962
12	0.03456	0.08233	0.13933	0.08653	0.09476	0.07736	0.01465	0.15181	0.03284	0.05179	0.05529	0.07938	0.01604	0.00838	0.00648	0.00200	0.00761	0.00683	0.00463	0.04741
13	0.04801	0.08548	0.08952	0.03899	0.14937	0.04157	0.03709	0.08081	0.08775	0.08570	0.05392	0.03970	0.03168	0.00975	0.03155	0.00234	0.00747	0.03527	0.00485	0.03918
14	0.04903	0.07857	0.06602	0.03617	0.04424	0.09503	0.08134	0.08500	0.08843	0.10122	0.03335	0.08791	0.01655	0.00865	0.00656	0.00201	0.00736	0.02430	0.00501	0.08326
15	0.09574	0.12260	0.20214	0.01848	0.09217	0.06122	0.07338	0.05583	0.03924	0.05410	0.01542	0.01837	0.03727	0.00759	0.00728	0.00209	0.05947	0.02462	0.00392	0.00907

[dist]
# distance from previous block
# <min> <max>
6	76

[block]
# block no. 3 follows, 32 sequences, length 18
# corresponding to MSA columns:
# 246-263
name=unknown_D
#
# <colnr> <probs for GDERKNQSTAVLIFYWHMCP>
#	G	D	E	R	K	N	Q	S	T	A	V	L	I	F	Y	W	H	M	C	P
0	0.06017	0.10951	0.05743	0.01302	0.03786	0.07113	0.01057	0.11071	0.08207	0.04656	0.08433	0.12749	0.03823	0.06494	0.00874	0.00246	0.00644	0.05494	0.00532	0.00807
1	0.07480	0.09095	0.07962	0.01700	0.06550	0.15439	0.03722	0.28156	0.02191	0.07130	0.01381	0.01480	0.01029	0.00707	0.00615	0.00190	0.00832	0.00528	0.00494	0.03318
2	0.15513	0.07318	0.05952	0.01217	0.01677	0.05161	0.01047	0.19123	0.04013	0.09605	0.04103	0.08131	0.06694	0.00912	0.00619	0.00199	0.00628	0.00710	0.00547	0.06830
3	0.02006	0.19238	0.09613	0.01603	0.02174	0.15146	0.08587	0.19380	0.04360	0.02476	0.01283	0.01427	0.01002	0.00664	0.00598	0.00178	0.00857	0.00512	0.00424	0.08471
4	0.19768	0.04131	0.03964	0.05861	0.03427	0.11440	0.01106	0.20398	0.01929	0.02808	0.09185	0.09583	0.01884	0.00920	0.00628	0.00207	0.00690	0.00717	0.00515	0.00839
5	0.01185	0.00927	0.00939	0.00891	0.00982	0.06001	0.00582	0.05928	0.01287	0.01664	0.06966	0.03966	0.05210	0.52376	0.07889	0.00569	0.00745	0.00926	0.00449	0.00520
6	0.00938	0.00698	0.00778	0.00749	0.00953	0.00607	0.00556	0.01140	0.01609	0.04865	0.24230	0.05750	0.46282	0.06716	0.00968	0.00251	0.00364	0.01300	0.00648	0.00597
7	0.01634	0.12155	0.02662	0.06410	0.51820	0.01665	0.01787	0.01998	0.01482	0.02084	0.01205	0.01555	0.01020	0.00587	0.00614	0.00182	0.00758	0.00543	0.00331	0.09509
8	0.01623	0.01594	0.06686	0.01504	0.01937	0.01631	0.06098	0.05674	0.47084	0.02617	0.02329	0.02276	0.03216	0.00871	0.00788	0.00221	0.06075	0.00713	0.00581	0.06482
9	0.00860	0.00604	0.00800	0.00934	0.00991	0.00566	0.00645	0.00965	0.01290	0.01701	0.03718	0.60831	0.08847	0.02073	0.00986	0.06145	0.00416	0.06497	0.00598	0.00533
10	0.01769	0.01651	0.02448	0.10762	0.33948	0.04595	0.06935	0.13471	0.03793	0.02419	0.01315	0.01658	0.01055	0.00705	0.00820	0.00210	0.08131	0.00605	0.00395	0.03313
11	0.01411	0.07666	0.47771	0.01923	0.07688	0.01524	0.06762	0.02040	0.01430	0.02129	0.01276	0.01521	0.00955	0.00626	0.00614	0.00196	0.00882	0.00518	0.06411	0.06659
12	0.01069	0.00921	0.03294	0.05957	0.01397	0.00882	0.00822	0.04464	0.07306	0.02154	0.19839	0.21027	0.18323	0.05991	0.00982	0.00260	0.02791	0.01255	0.00601	0.00665
13	0.01245	0.00926	0.01355	0.01282	0.03601	0.00979	0.06240	0.03747	0.04407	0.05747	0.04783	0.13224	0.02338	0.14480	0.23477	0.00561	0.04184	0.03594	0.03154	0.00676
14	0.01572	0.01840	0.13816	0.09101	0.32916	0.01605	0.06524	0.02421	0.18768	0.02290	0.01618	0.01852	0.01256	0.00686	0.00674	0.00212	0.00794	0.00634	0.00409	0.01013
15	0.00875	0.00635	0.00773	0.00855	0.00931	0.00594	0.00580	0.00992	0.01292	0.01682	0.06117	0.38324	0.16514	0.20354	0.01480	0.00358	0.00458	0.06092	0.00573	0.00523
16	0.10883	0.21782	0.02289	0.01661	0.11983	0.10705	0.03270	0.05757	0.01563	0.05197	0.01175	0.01352	0.00959	0.00604	0.00534	0.00161	0.00726	0.00452	0.00386	0.18561
17	0.01663	0.04402	0.13832	0.07096	0.11573	0.07892	0.12745	0.02357	0.13210	0.05880	0.05323	0.01929	0.01456	0.00724	0.00702	0.00205	0.02399	0.00643	0.00432	0.05537

[dist]
# distance from previous block
# <min> <max>
0	1

[block]
# block no. 4 follows, 32 sequences, length 18
# corresponding to MSA columns:
# 265-282
name=unknown_E
#
# <colnr> <probs for GDERKNQSTAVLIFYWHMCP>
#	G	D	E	R	K	N	Q	S	T	A	V	L	I	F	Y	W	H	M	C	P
0	0.12244	0.01148	0.01177	0.01017	0.01367	0.01184	0.00815	0.20870	0.04466	0.04884	0.06308	0.04080	0.33059	0.01240	0.00705	0.00219	0.00500	0.03305	0.00621	0.00790
1	0.01415	0.00967	0.01101	0.01005	0.01213	0.05173	0.00749	0.05054	0.03498	0.11863	0.31329	0.10207	0.03902	0.12012	0.07180	0.00347	0.00607	0.01039	0.00635	0.00705
2	0.01588	0.01300	0.01346	0.01184	0.01476	0.07201	0.00920	0.18414	0.13413	0.02861	0.26732	0.07625	0.03357	0.01346	0.05095	0.00262	0.00621	0.00919	0.03511	0.00831
3	0.01981	0.01296	0.01418	0.01177	0.01543	0.01388	0.00939	0.32665	0.07772	0.09298	0.02156	0.09132	0.01741	0.00934	0.00632	0.00198	0.00552	0.00754	0.23495	0.00930
4	0.01640	0.05379	0.11101	0.10112	0.07496	0.01674	0.21668	0.12009	0.08997	0.02433	0.01679	0.01934	0.03495	0.00725	0.00733	0.00214	0.03112	0.00677	0.03993	0.00928
5	0.01166	0.00583	0.00874	0.00874	0.00874	0.00583	0.00583	0.00874	0.00874	0.01166	0.01166	0.02040	0.01166	0.02331	0.02622	0.80478	0.00583	0.00583	0.00291	0.00291
6	0.02439	0.02896	0.01928	0.01706	0.02053	0.58892	0.01306	0.11748	0.02010	0.01992	0.01104	0.01283	0.00903	0.00741	0.00728	0.00185	0.06411	0.00467	0.00386	0.00824
7	0.01428	0.01233	0.01466	0.01175	0.04976	0.00995	0.00879	0.01869	0.07418	0.02240	0.01329	0.01500	0.01088	0.00537	0.00521	0.00115	0.00514	0.00438	0.00419	0.69857
8	0.01450	0.01261	0.01835	0.06710	0.21948	0.01332	0.04116	0.07128	0.13730	0.02490	0.19499	0.08459	0.02811	0.01001	0.00768	0.00219	0.02926	0.00891	0.00540	0.00883
9	0.04997	0.10758	0.09891	0.03664	0.02049	0.16879	0.08722	0.10250	0.01682	0.02111	0.01822	0.07016	0.06281	0.05559	0.03409	0.00260	0.02721	0.00709	0.00414	0.00806
10	0.08391	0.11737	0.15463	0.03172	0.05220	0.01620	0.03627	0.16348	0.01788	0.04946	0.03344	0.01546	0.01137	0.00657	0.00581	0.00176	0.00713	0.00511	0.00438	0.18584
11	0.06004	0.07779	0.03878	0.03762	0.01737	0.12560	0.01103	0.14969	0.03780	0.04476	0.02120	0.20975	0.04386	0.01157	0.00830	0.00223	0.08038	0.00913	0.00505	0.00805
12	0.01052	0.00761	0.00913	0.00926	0.01121	0.00715	0.00715	0.01400	0.06864	0.05572	0.17582	0.17828	0.27565	0.01629	0.00812	0.00245	0.00417	0.12574	0.00659	0.00650
13	0.00861	0.00642	0.00865	0.00940	0.01019	0.00597	0.02670	0.00994	0.01316	0.01741	0.07138	0.55807	0.10956	0.09767	0.01113	0.00303	0.00430	0.01693	0.00597	0.00548
14	0.02657	0.01100	0.01441	0.01131	0.01588	0.00990	0.00925	0.06952	0.01939	0.56411	0.07226	0.02451	0.01952	0.00860	0.00661	0.00202	0.00536	0.00702	0.09223	0.01053
15	0.01189	0.00871	0.01088	0.01027	0.01178	0.00961	0.00782	0.07245	0.04114	0.02055	0.07791	0.10725	0.09352	0.06808	0.19785	0.05025	0.07588	0.00926	0.10844	0.00644
16	0.74224	0.01245	0.00978	0.00879	0.01272	0.01430	0.00719	0.01911	0.01207	0.02983	0.07068	0.01429	0.01211	0.00688	0.00448	0.00208	0.00502	0.00437	0.00443	0.00719
17	0.23791	0.04406	0.26513	0.04104	0.02240	0.01550	0.08491	0.04717	0.01400	0.02364	0.01552	0.04279	0.05235	0.00783	0.00710	0.00219	0.05824	0.00603	0.00376	0.00843

[dist]
# distance from previous block
# <min> <max>
0	1

[block]
# block no. 5 follows, 32 sequences, length 11
# corresponding to MSA columns:
# 284-294
name=unknown_F
#
# <colnr> <probs for GDERKNQSTAVLIFYWHMCP>
#	G	D	E	R	K	N	Q	S	T	A	V	L	I	F	Y	W	H	M	C	P
0	0.01864	0.01706	0.07140	0.15213	0.22505	0.03927	0.08583	0.12366	0.05323	0.10055	0.01514	0.01764	0.01129	0.00704	0.00727	0.00212	0.03215	0.00622	0.00445	0.00987
1	0.07166	0.37214	0.06698	0.01438	0.01937	0.18501	0.04142	0.05677	0.04060	0.01924	0.01086	0.01258	0.00917	0.00664	0.00614	0.00176	0.04886	0.00441	0.00345	0.00857
2	0.02350	0.01607	0.01764	0.01394	0.01861	0.01740	0.01135	0.51178	0.04912	0.10909	0.01952	0.07494	0.01515	0.00910	0.00673	0.00205	0.00659	0.00718	0.05966	0.01059
3	0.01478	0.01208	0.01874	0.03777	0.01964	0.01196	0.17147	0.04808	0.14902	0.08107	0.23058	0.06949	0.05577	0.01024	0.00746	0.00217	0.00616	0.00954	0.00602	0.03796
4	0.07876	0.01074	0.01408	0.01126	0.01573	0.00959	0.00914	0.02849	0.01818	0.57181	0.07974	0.08090	0.02174	0.00956	0.00681	0.00213	0.00534	0.00791	0.00780	0.01029
5	0.01806	0.01429	0.02177	0.18051	0.26354	0.01520	0.04973	0.04894	0.16501	0.12724	0.01784	0.01967	0.01327	0.00721	0.00678	0.00213	0.00742	0.00653	0.00486	0.01001
6	0.00831	0.00652	0.00752	0.00789	0.00945	0.00573	0.00568	0.01012	0.01526	0.01951	0.18363	0.27439	0.38695	0.01760	0.00812	0.00238	0.00350	0.01527	0.00645	0.00573
7	0.04741	0.00913	0.01125	0.06647	0.01491	0.00912	0.00826	0.01851	0.10222	0.14033	0.19002	0.09916	0.18885	0.01472	0.04700	0.00269	0.00531	0.01060	0.00643	0.00760
8	0.01567	0.01616	0.07620	0.05585	0.13732	0.05191	0.03052	0.06962	0.24045	0.02353	0.02273	0.07326	0.06303	0.01093	0.03373	0.00254	0.05446	0.00786	0.00501	0.00922
9	0.00927	0.00676	0.00831	0.00843	0.00939	0.00673	0.00587	0.01064	0.01235	0.01639	0.09145	0.08915	0.17075	0.30880	0.18168	0.00584	0.00798	0.04011	0.00491	0.00520
10	0.01856	0.20477	0.10463	0.04624	0.08711	0.13639	0.03929	0.11348	0.03727	0.04486	0.05206	0.01909	0.05328	0.00761	0.00615	0.00188	0.00810	0.00593	0.00426	0.00903

[dist]
# distance from previous block
# <min> <max>
1	10

[block]
# block no. 6 follows, 32 sequences, length 13
# corresponding to MSA columns:
# 305-317
name=unknown_G
#
# <colnr> <probs for GDERKNQSTAVLIFYWHMCP>
#	G	D	E	R	K	N	Q	S	T	A	V	L	I	F	Y	W	H	M	C	P
0	0.04746	0.04828	0.01273	0.01097	0.01269	0.03517	0.04419	0.01489	0.07434	0.04548	0.06564	0.25374	0.02561	0.01696	0.01325	0.25179	0.00556	0.01042	0.00489	0.00593
1	0.01753	0.06129	0.09892	0.03302	0.04484	0.09172	0.01246	0.08858	0.24882	0.07259	0.04083	0.06457	0.07707	0.00947	0.00674	0.00212	0.00679	0.00770	0.00557	0.00936
2	0.01162	0.05953	0.07435	0.01236	0.04390	0.05559	0.04846	0.01499	0.03408	0.02112	0.22989	0.11379	0.22860	0.01292	0.00743	0.00216	0.00541	0.01115	0.00561	0.00704
3	0.03405	0.03861	0.05084	0.03799	0.17122	0.03130	0.05826	0.08035	0.08051	0.06227	0.09475	0.10142	0.10945	0.01029	0.00708	0.00215	0.00644	0.00904	0.00527	0.00873
4	0.01642	0.06165	0.24628	0.01870	0.07088	0.08871	0.10477	0.11578	0.03563	0.02414	0.09460	0.02180	0.05509	0.00799	0.00677	0.00205	0.00846	0.00680	0.00434	0.00916
5	0.01743	0.01925	0.15661	0.01867	0.10977	0.03770	0.05240	0.16303	0.19414	0.04478	0.02344	0.02361	0.09193	0.00857	0.00685	0.00213	0.00730	0.00719	0.00527	0.00994
6	0.01270	0.00859	0.01176	0.01126	0.03335	0.00900	0.02265	0.01477	0.03368	0.08161	0.18080	0.09187	0.07677	0.08714	0.06525	0.10420	0.08789	0.00956	0.05075	0.00641
7	0.01521	0.07065	0.30821	0.01925	0.11359	0.01537	0.05632	0.12275	0.01757	0.02440	0.08168	0.02312	0.08640	0.00823	0.00671	0.00207	0.00791	0.00691	0.00428	0.00935
8	0.01037	0.00635	0.00787	0.00863	0.00962	0.00594	0.00595	0.01195	0.01341	0.06066	0.03447	0.48993	0.07862	0.06453	0.00931	0.00268	0.00399	0.01505	0.15477	0.00588
9	0.01431	0.01568	0.09149	0.31576	0.12033	0.01473	0.12297	0.04367	0.04432	0.02110	0.04974	0.01895	0.01278	0.00678	0.00677	0.00207	0.00842	0.00638	0.00369	0.08006
10	0.01397	0.10793	0.02020	0.01542	0.01621	0.01871	0.01283	0.01548	0.01114	0.01627	0.01371	0.14215	0.01489	0.01258	0.01748	0.00271	0.52979	0.00785	0.00349	0.00718
11	0.01774	0.01366	0.01560	0.01146	0.01723	0.01204	0.00928	0.19301	0.01872	0.06431	0.01377	0.01495	0.01067	0.00594	0.00551	0.00131	0.00563	0.00465	0.00491	0.55963
12	0.01229	0.01043	0.01036	0.00949	0.01131	0.06646	0.00666	0.05294	0.04290	0.01789	0.02966	0.08019	0.16758	0.32762	0.01893	0.00391	0.03349	0.00977	0.00481	0.08330

[dist]
# distance from previous block
# <min> <max>
2	9

[block]
# block no. 7 follows, 32 sequences, length 31
# corresponding to MSA columns:
# 327-343,346-359
name=unknown_H
#
# <colnr> <probs for GDERKNQSTAVLIFYWHMCP>
#	G	D	E	R	K	N	Q	S	T	A	V	L	I	F	Y	W	H	M	C	P
0	0.09217	0.04440	0.11159	0.05866	0.11200	0.01477	0.04639	0.04234	0.19016	0.09306	0.05060	0.02451	0.03467	0.00849	0.00665	0.00218	0.00681	0.04596	0.00518	0.00941
1	0.01939	0.01942	0.10335	0.01737	0.05754	0.05820	0.06030	0.23846	0.27464	0.03010	0.01893	0.01902	0.01406	0.00782	0.00671	0.00209	0.00742	0.00645	0.00564	0.03308
2	0.02301	0.03087	0.11771	0.01727	0.02172	0.56858	0.01447	0.05393	0.05631	0.01878	0.01176	0.01325	0.00938	0.00700	0.00616	0.00183	0.01124	0.00466	0.00369	0.00838
3	0.08370	0.02296	0.30993	0.02058	0.09191	0.01503	0.16032	0.05836	0.01536	0.02348	0.01339	0.01700	0.01034	0.00651	0.00644	0.00204	0.00869	0.02237	0.03605	0.07553
4	0.00902	0.00676	0.00836	0.00813	0.00978	0.00610	0.00603	0.01168	0.01763	0.02406	0.51101	0.11133	0.21528	0.01508	0.00797	0.00220	0.00328	0.01317	0.00702	0.00610
5	0.01708	0.01416	0.01492	0.01304	0.01691	0.01592	0.01025	0.15250	0.49175	0.02928	0.03086	0.02885	0.11485	0.01000	0.00696	0.00223	0.00542	0.00821	0.00672	0.01008
6	0.01490	0.00856	0.00908	0.00821	0.01053	0.00885	0.00637	0.10519	0.05584	0.05468	0.06712	0.02543	0.01963	0.00832	0.00536	0.00172	0.00390	0.00670	0.57225	0.00737
7	0.00845	0.00616	0.00799	0.00921	0.00998	0.00571	0.00644	0.00997	0.01380	0.01826	0.09690	0.57755	0.11819	0.01980	0.00849	0.00265	0.00394	0.06459	0.00632	0.00560
8	0.02032	0.02148	0.28158	0.01521	0.02171	0.01455	0.01578	0.18076	0.05846	0.20181	0.04396	0.01907	0.01409	0.00859	0.00770	0.04559	0.00755	0.00612	0.00549	0.01016
9	0.01166	0.00583	0.00874	0.00874	0.00874	0.00583	0.00583	0.00874	0.00874	0.01166	0.01166	0.02040	0.01166	0.02331	0.02622	0.80478	0.00583	0.00583	0.00291	0.00291
10	0.02541	0.01707	0.01873	0.01444	0.01957	0.01848	0.01190	0.56947	0.02886	0.13588	0.01786	0.01754	0.01245	0.00808	0.00660	0.00200	0.00691	0.00615	0.05146	0.01112
11	0.01367	0.01220	0.01489	0.01157	0.01598	0.02477	0.02241	0.01626	0.01334	0.02031	0.01391	0.08391	0.01309	0.00844	0.02230	0.00168	0.11922	0.00582	0.00400	0.56225
12	0.05790	0.36418	0.05582	0.01428	0.03640	0.20612	0.01234	0.04327	0.09062	0.04377	0.01252	0.01351	0.01024	0.00661	0.00532	0.00171	0.00824	0.00451	0.00382	0.00883
13	0.81159	0.01298	0.00986	0.00882	0.01298	0.01505	0.00727	0.01972	0.01142	0.03010	0.00934	0.01090	0.00727	0.00623	0.00415	0.00208	0.00519	0.00363	0.00415	0.00727
14	0.01608	0.06203	0.25173	0.07647	0.07171	0.12775	0.17491	0.02108	0.01516	0.01969	0.01318	0.01851	0.01079	0.00722	0.00759	0.00216	0.04828	0.04353	0.00330	0.00884
15	0.01765	0.03354	0.06787	0.01586	0.03278	0.01541	0.08856	0.31123	0.02143	0.02893	0.02102	0.18897	0.02013	0.01263	0.03214	0.00258	0.02783	0.04685	0.00557	0.00902
16	0.00833	0.00644	0.00760	0.00810	0.00951	0.00571	0.00577	0.01011	0.01506	0.01944	0.18194	0.33097	0.33114	0.01792	0.00817	0.00241	0.00354	0.01567	0.00645	0.00571
17	0.01555	0.00807	0.01057	0.00957	0.01210	0.00718	0.00729	0.01794	0.01732	0.24498	0.28198	0.19841	0.11384	0.01395	0.00769	0.00225	0.00415	0.01217	0.00730	0.00767
18	0.01610	0.01316	0.01410	0.01257	0.01603	0.01486	0.00979	0.08423	0.51212	0.02884	0.12444	0.02789	0.02564	0.00959	0.00683	0.00218	0.00503	0.00802	0.05877	0.00979
19	0.72756	0.01281	0.01048	0.00916	0.01342	0.01449	0.00755	0.02112	0.01226	0.10504	0.01118	0.01218	0.00827	0.00645	0.00443	0.00208	0.00525	0.00397	0.00460	0.00771
20	0.01238	0.00847	0.01050	0.00982	0.01203	0.00832	0.00756	0.01787	0.12968	0.08613	0.43832	0.08574	0.07645	0.01336	0.00776	0.00224	0.00398	0.05482	0.00718	0.00737
21	0.01434	0.03102	0.60494	0.05846	0.02923	0.01540	0.04929	0.02211	0.04293	0.05106	0.01333	0.01533	0.00942	0.00656	0.00649	0.00214	0.00955	0.00531	0.00326	0.00984
22	0.02468	0.02783	0.02042	0.01741	0.02154	0.51350	0.05003	0.20006	0.02207	0.02337	0.01202	0.01346	0.00944	0.00714	0.00632	0.00183	0.01084	0.00496	0.00429	0.00878
23	0.81159	0.01298	0.00986	0.00882	0.01298	0.01505	0.00727	0.01972	0.01142	0.03010	0.00934	0.01090	0.00727	0.00623	0.00415	0.00208	0.00519	0.00363	0.00415	0.00727
24	0.01445	0.07235	0.64726	0.01861	0.02789	0.06326	0.02333	0.02155	0.01446	0.02065	0.01179	0.01386	0.00851	0.00638	0.00625	0.00206	0.00992	0.00485	0.00288	0.00971
25	0.00854	0.00621	0.00807	0.00903	0.00988	0.00574	0.00631	0.01027	0.01452	0.01952	0.19325	0.51889	0.10486	0.01896	0.00839	0.00256	0.00376	0.03906	0.00649	0.00569
26	0.01246	0.01160	0.01940	0.69978	0.04385	0.01435	0.01783	0.01685	0.01378	0.01778	0.05807	0.01999	0.01249	0.00717	0.00679	0.00223	0.00857	0.00637	0.00327	0.00738
27	0.00821	0.00594	0.00776	0.00913	0.00970	0.00550	0.00616	0.00949	0.01324	0.01756	0.06472	0.68555	0.09132	0.02047	0.00850	0.00267	0.00383	0.01848	0.00627	0.00550
28	0.01166	0.00583	0.00874	0.00874	0.00874	0.00583	0.00583	0.00874	0.00874	0.01166	0.01166	0.02040	0.01166	0.02331	0.02622	0.80478	0.00583	0.00583	0.00291	0.00291
29	0.02327	0.05648	0.01925	0.01587	0.01998	0.38511	0.01240	0.20083	0.15463	0.02526	0.01505	0.01555	0.01162	0.00758	0.00630	0.00189	0.00938	0.00536	0.00491	0.00929
30	0.01815	0.03229	0.02071	0.04696	0.28992	0.03271	0.05242	0.03791	0.03456	0.17108	0.10383	0.02675	0.07225	0.00862	0.00697	0.00208	0.00678	0.02120	0.00529	0.00952

[dist]
# distance from previous block
# <min> <max>
0	1

[block]
# block no. 8 follows, 32 sequences, length 44
# corresponding to MSA columns:
# 372-415
name=unknown_I
#
# <colnr> <probs for GDERKNQSTAVLIFYWHMCP>
#	G	D	E	R	K	N	Q	S	T	A	V	L	I	F	Y	W	H	M	C	P
0	0.01753	0.19323	0.26349	0.01701	0.02370	0.09390	0.09607	0.06225	0.08262	0.04937	0.03063	0.01600	0.01168	0.00681	0.00617	0.00195	0.00878	0.00548	0.00390	0.00942
1	0.75892	0.01425	0.01047	0.00939	0.01350	0.06341	0.00765	0.02020	0.01193	0.02919	0.00941	0.01098	0.00736	0.00627	0.00428	0.00205	0.00565	0.00368	0.00411	0.00730
2	0.01803	0.01489	0.02387	0.07908	0.36274	0.01546	0.07289	0.09792	0.01694	0.09954	0.01596	0.06865	0.01341	0.00794	0.00801	0.00216	0.06113	0.00713	0.00440	0.00986
3	0.00818	0.00584	0.00779	0.00934	0.00973	0.00545	0.00623	0.00934	0.01285	0.01713	0.03698	0.75981	0.04438	0.02102	0.00856	0.00273	0.00389	0.01908	0.00623	0.00545
4	0.01524	0.01660	0.05262	0.02649	0.12465	0.01538	0.46611	0.02093	0.04852	0.02184	0.01599	0.06212	0.01316	0.00693	0.00747	0.00220	0.00955	0.00810	0.05714	0.00897
5	0.02506	0.03198	0.01901	0.01729	0.02074	0.73725	0.01296	0.02679	0.01901	0.01642	0.01037	0.01210	0.00864	0.00691	0.00605	0.00173	0.01210	0.00432	0.00346	0.00778
6	0.00894	0.00684	0.00820	0.00786	0.00968	0.00609	0.00589	0.01158	0.01768	0.02378	0.48704	0.05527	0.29702	0.01488	0.00792	0.00217	0.00325	0.01286	0.00697	0.00609
7	0.00890	0.00614	0.00757	0.00842	0.00863	0.00593	0.00524	0.00953	0.01144	0.01525	0.02977	0.43398	0.03528	0.35926	0.02021	0.00445	0.00508	0.01483	0.00524	0.00482
8	0.02253	0.09202	0.08363	0.01688	0.02160	0.40720	0.04465	0.14280	0.06644	0.02228	0.01270	0.01400	0.00997	0.00705	0.00618	0.00185	0.01017	0.00499	0.00414	0.00892
9	0.01116	0.00800	0.00958	0.00922	0.00986	0.00857	0.00614	0.07018	0.01220	0.01654	0.02182	0.13395	0.02430	0.48382	0.10068	0.00586	0.04818	0.01020	0.00447	0.00527
10	0.01468	0.01468	0.02055	0.01762	0.01762	0.02055	0.01468	0.01615	0.01028	0.01615	0.00881	0.01468	0.00881	0.01174	0.02202	0.00294	0.75191	0.00587	0.00294	0.00734
11	0.04972	0.01263	0.02076	0.55550	0.17466	0.01490	0.01826	0.01783	0.01375	0.01875	0.01265	0.01906	0.01008	0.00690	0.00666	0.00221	0.00850	0.02598	0.00320	0.00802
12	0.02328	0.01494	0.01657	0.01311	0.01766	0.01596	0.01070	0.41106	0.07499	0.16041	0.04148	0.02032	0.01546	0.00832	0.00647	0.00198	0.00618	0.00650	0.12417	0.01044
13	0.01717	0.01134	0.01344	0.01003	0.01524	0.00921	0.00805	0.04559	0.01558	0.15368	0.01610	0.01713	0.01220	0.00608	0.00533	0.00131	0.00495	0.00487	0.11092	0.52178
14	0.00825	0.00681	0.00724	0.00713	0.00926	0.00580	0.00535	0.01025	0.01605	0.01993	0.20157	0.06161	0.58489	0.01632	0.00793	0.00223	0.00335	0.01375	0.00647	0.00580
15	0.00993	0.00770	0.00917	0.00893	0.01077	0.00744	0.00663	0.01460	0.10923	0.02380	0.39123	0.15649	0.18894	0.01487	0.00787	0.00226	0.00361	0.01299	0.00690	0.00663
16	0.02207	0.01228	0.01409	0.01154	0.01557	0.01262	0.00929	0.18365	0.13926	0.26183	0.02299	0.02223	0.01622	0.00825	0.00621	0.00196	0.00534	0.00660	0.21808	0.00991
17	0.01022	0.00730	0.00853	0.00853	0.01074	0.00647	0.00678	0.01248	0.01612	0.06672	0.15322	0.06202	0.43615	0.01626	0.00813	0.00240	0.00409	0.15105	0.00653	0.00625
18	0.01710	0.01727	0.06883	0.03685	0.59639	0.01649	0.01998	0.07802	0.01641	0.02340	0.01275	0.01635	0.01050	0.00638	0.00717	0.00204	0.03404	0.00592	0.00357	0.01054
19	0.01166	0.00583	0.00874	0.00874	0.00874	0.00583	0.00583	0.00874	0.00874	0.01166	0.01166	0.02040	0.01166	0.02331	0.02622	0.80478	0.00583	0.00583	0.00291	0.00291
20	0.02516	0.02922	0.01925	0.01690	0.02076	0.58740	0.01292	0.16760	0.02164	0.02183	0.01157	0.01294	0.00922	0.00715	0.00619	0.00179	0.01111	0.00468	0.00414	0.00854
21	0.01724	0.04114	0.10928	0.02141	0.15685	0.01577	0.12453	0.16557	0.04228	0.04567	0.01892	0.04740	0.06254	0.00803	0.00728	0.00205	0.03088	0.00709	0.00460	0.07146
22	0.05388	0.57440	0.02952	0.01163	0.01673	0.06671	0.01091	0.04391	0.03886	0.01799	0.01400	0.03981	0.04418	0.00709	0.00490	0.00162	0.00703	0.00490	0.00351	0.00842
23	0.16281	0.03694	0.05874	0.01433	0.01924	0.11279	0.04976	0.29682	0.02174	0.07355	0.01473	0.01570	0.01082	0.00729	0.00599	0.00196	0.00751	0.00543	0.07439	0.00946
24	0.01607	0.01378	0.01573	0.04032	0.01819	0.03943	0.04321	0.08828	0.37425	0.04143	0.02935	0.07152	0.09959	0.01077	0.00773	0.00231	0.03355	0.03907	0.00616	0.00924
25	0.01378	0.01341	0.01892	0.03979	0.01756	0.01840	0.01375	0.01540	0.01059	0.01620	0.01150	0.06493	0.01180	0.01528	0.07776	0.00353	0.62026	0.00685	0.00321	0.00711
26	0.00930	0.00650	0.00750	0.00763	0.00814	0.00625	0.00472	0.01002	0.01188	0.01573	0.10778	0.13532	0.11862	0.49404	0.02474	0.00501	0.00542	0.01173	0.00498	0.00469
27	0.00825	0.00628	0.00752	0.00831	0.00945	0.00563	0.00577	0.00974	0.01413	0.01818	0.10513	0.43360	0.28249	0.04177	0.00907	0.00263	0.00374	0.01648	0.00626	0.00556
28	0.02091	0.01651	0.01755	0.01451	0.01906	0.01866	0.01164	0.35373	0.38526	0.03488	0.02195	0.02076	0.01614	0.00860	0.00677	0.00215	0.00630	0.00685	0.00677	0.01100
