[name]
unknown

[dist]
# distance from previous block
# <min> <max>
0	52

[block]
# block no. 0 follows, 33 sequences, length 102
# corresponding to MSA columns:
# 52-153
name=unknown_A
#
# <colnr> <probs for GDERKNQSTAVLIFYWHMCP>
#	G	D	E	R	K	N	Q	S	T	A	V	L	I	F	Y	W	H	M	C	P
0	0.00985	0.00701	0.00960	0.01102	0.01214	0.00691	0.00899	0.01219	0.01412	0.01849	0.03435	0.25610	0.03851	0.06613	0.01045	0.00315	0.00548	0.46381	0.00594	0.00574
1	0.01676	0.18902	0.29960	0.08911	0.02533	0.04065	0.03832	0.15971	0.01742	0.02326	0.01366	0.01544	0.03033	0.00679	0.00599	0.00192	0.00846	0.00522	0.00371	0.00929
2	0.01179	0.00890	0.01367	0.01197	0.01402	0.00960	0.10034	0.03791	0.01300	0.01984	0.01879	0.06797	0.01676	0.02596	0.31733	0.00559	0.04990	0.00747	0.24261	0.00657
3	0.01135	0.00578	0.00838	0.00838	0.00844	0.00578	0.00555	0.00894	0.00887	0.01210	0.01250	0.02177	0.01252	0.07280	0.02534	0.71887	0.00565	0.00600	0.03791	0.00308
4	0.01519	0.01562	0.02096	0.05215	0.10627	0.08196	0.04142	0.01730	0.01181	0.01677	0.01009	0.01537	0.00938	0.01225	0.06066	0.00307	0.49327	0.00580	0.00303	0.00763
5	0.01162	0.05455	0.01235	0.01019	0.01173	0.01036	0.00767	0.05916	0.01195	0.01665	0.01706	0.02850	0.01718	0.28039	0.31411	0.00690	0.06202	0.00732	0.00383	0.05645
6	0.01234	0.00756	0.00963	0.00875	0.01105	0.00674	0.00674	0.01506	0.01762	0.13406	0.44349	0.07148	0.15844	0.01328	0.00756	0.00211	0.00370	0.03194	0.00703	0.03144
7	0.01450	0.03082	0.62111	0.01964	0.07487	0.01501	0.02274	0.02191	0.03575	0.06399	0.01316	0.01490	0.00932	0.00642	0.00631	0.00208	0.00921	0.00512	0.00326	0.00989
8	0.01397	0.01176	0.01253	0.01145	0.01459	0.01304	0.00884	0.02741	0.49347	0.02573	0.12238	0.03399	0.13939	0.01073	0.00695	0.00219	0.00458	0.00902	0.02900	0.00898
9	0.01921	0.01539	0.01645	0.01543	0.06581	0.05975	0.01135	0.10083	0.47911	0.10660	0.02361	0.02211	0.01742	0.00840	0.00662	0.00213	0.00604	0.00690	0.00642	0.01042
10	0.09117	0.01727	0.05961	0.04693	0.04332	0.06003	0.01238	0.29156	0.10930	0.15715	0.01746	0.01733	0.01237	0.00756	0.00629	0.00200	0.00696	0.00582	0.00591	0.02959
11	0.02503	0.01844	0.01976	0.01515	0.02042	0.02042	0.01251	0.70562	0.03095	0.04149	0.01581	0.01581	0.01120	0.00790	0.00659	0.00198	0.00724	0.00593	0.00659	0.01120
12	0.78873	0.01268	0.00986	0.00876	0.01287	0.01460	0.00722	0.01978	0.01146	0.05316	0.00973	0.01109	0.00744	0.00618	0.00416	0.00204	0.00511	0.00367	0.00421	0.00727
13	0.01488	0.01644	0.03438	0.16962	0.03589	0.01639	0.54251	0.02005	0.01486	0.02005	0.01282	0.01759	0.00970	0.00598	0.00807	0.00224	0.03947	0.00731	0.00323	0.00851
14	0.01365	0.01170	0.01365	0.00975	0.01560	0.00878	0.00780	0.01658	0.01365	0.02145	0.01170	0.01365	0.00975	0.00488	0.00488	0.00098	0.00488	0.00390	0.00390	0.80888
15	0.00851	0.00670	0.00772	0.00806	0.00963	0.00608	0.00581	0.01100	0.04542	0.01944	0.17313	0.28520	0.35549	0.01703	0.00793	0.00234	0.00353	0.01481	0.00634	0.00582
16	0.00802	0.00573	0.00764	0.00917	0.00955	0.00535	0.00611	0.00917	0.01260	0.01681	0.03628	0.76434	0.04354	0.02062	0.00840	0.00267	0.00382	0.01872	0.00611	0.00535
17	0.01329	0.01216	0.01975	0.70277	0.04365	0.01502	0.01789	0.06355	0.01437	0.01849	0.01198	0.01743	0.00894	0.00667	0.00658	0.00218	0.00867	0.00586	0.00317	0.00758
18	0.06187	0.05695	0.61965	0.01851	0.02755	0.01572	0.06893	0.02074	0.01383	0.02121	0.01167	0.01385	0.00838	0.00618	0.00616	0.00207	0.00945	0.00494	0.00290	0.00947
19	0.21310	0.02589	0.01644	0.01476	0.01843	0.52315	0.01128	0.04585	0.01727	0.04297	0.01061	0.01205	0.00849	0.00670	0.00553	0.00180	0.00991	0.00421	0.00381	0.00774
20	0.01320	0.03405	0.73453	0.01876	0.02849	0.01529	0.02432	0.02085	0.01390	0.02085	0.01181	0.01390	0.00834	0.00625	0.00625	0.00208	0.00973	0.00486	0.00278	0.00973
21	0.01595	0.01589	0.02588	0.12975	0.47703	0.04760	0.08363	0.02015	0.03062	0.02037	0.01236	0.01647	0.01018	0.00642	0.00765	0.00207	0.05917	0.00600	0.00328	0.00953
22	0.01710	0.72642	0.03295	0.01108	0.01647	0.02485	0.01096	0.01927	0.01369	0.01615	0.05226	0.01289	0.01168	0.00610	0.00444	0.00145	0.00680	0.00403	0.00308	0.00831
23	0.00793	0.00667	0.00687	0.00682	0.00898	0.00562	0.00512	0.00973	0.01535	0.01860	0.12886	0.06202	0.66222	0.01637	0.00778	0.00221	0.00331	0.01371	0.00622	0.00562
24	0.00873	0.00634	0.00846	0.00912	0.00982	0.00649	0.00637	0.01011	0.01158	0.01568	0.02953	0.34962	0.07748	0.15836	0.25448	0.00588	0.00878	0.01298	0.00490	0.00530
25	0.00842	0.00671	0.00758	0.00756	0.00948	0.00587	0.00574	0.01059	0.01605	0.02050	0.26502	0.08205	0.46008	0.01590	0.00787	0.00224	0.00344	0.05265	0.00646	0.00578
26	0.01531	0.37162	0.32048	0.01499	0.02209	0.01971	0.05793	0.01997	0.01375	0.01864	0.01133	0.01331	0.00907	0.00602	0.00530	0.00174	0.00812	0.00451	0.05727	0.00884
27	0.01494	0.13731	0.03094	0.02091	0.02535	0.01798	0.36535	0.01869	0.01346	0.01840	0.01212	0.01678	0.01017	0.01175	0.09225	0.00317	0.17257	0.00657	0.00317	0.00811
28	0.02045	0.06838	0.01922	0.01566	0.06031	0.10801	0.04656	0.27514	0.02188	0.08897	0.07592	0.02436	0.01798	0.00877	0.00664	0.00199	0.00725	0.07233	0.03224	0.02795
29	0.00923	0.00673	0.00867	0.00819	0.00978	0.00617	0.00614	0.01225	0.01842	0.02589	0.68522	0.05001	0.10131	0.01365	0.00777	0.00208	0.00312	0.01202	0.00718	0.00617
30	0.81514	0.01273	0.00968	0.00866	0.01273	0.01477	0.00713	0.01935	0.01120	0.02954	0.00917	0.01069	0.00713	0.00611	0.00407	0.00204	0.00509	0.00356	0.00407	0.00713
31	0.00844	0.00577	0.00749	0.00887	0.00936	0.00543	0.00596	0.00978	0.01272	0.01757	0.03481	0.69090	0.04089	0.01934	0.00803	0.00256	0.00374	0.01747	0.08543	0.00543
32	0.00940	0.00705	0.01058	0.01058	0.01176	0.00823	0.00823	0.01176	0.01058	0.01528	0.01763	0.02586	0.01646	0.04937	0.74255	0.01058	0.01763	0.00705	0.00353	0.00588
33	0.01564	0.08846	0.07271	0.01825	0.02096	0.05470	0.12782	0.04788	0.01289	0.01813	0.01030	0.01480	0.00913	0.01024	0.03423	0.00269	0.42432	0.00579	0.00315	0.00793
34	0.69902	0.05160	0.01176	0.00960	0.01368	0.08639	0.00788	0.02005	0.01204	0.02754	0.00926	0.01080	0.00733	0.00615	0.00426	0.00197	0.00585	0.00363	0.00395	0.00724
35	0.01629	0.01564	0.02672	0.04041	0.72757	0.01564	0.02020	0.02020	0.01499	0.02151	0.01238	0.01629	0.01043	0.00587	0.00652	0.00196	0.00782	0.00587	0.00326	0.01043
36	0.01880	0.01822	0.13082	0.05036	0.02054	0.03974	0.01332	0.33252	0.06362	0.05387	0.02135	0.09610	0.06652	0.00967	0.00730	0.00213	0.03239	0.00770	0.00555	0.00947
37	0.01519	0.01451	0.02472	0.24439	0.53223	0.01535	0.01965	0.01924	0.01447	0.02017	0.01219	0.01665	0.00995	0.00607	0.00654	0.00202	0.00809	0.00586	0.00316	0.00954
38	0.00849	0.00719	0.00859	0.00806	0.01034	0.00623	0.03586	0.01063	0.01569	0.01954	0.18124	0.05920	0.55128	0.01566	0.00782	0.00222	0.00373	0.03619	0.00619	0.00584
39	0.00989	0.03670	0.10310	0.03447	0.03728	0.00845	0.00958	0.01277	0.03478	0.01825	0.05085	0.47909	0.08057	0.01599	0.00763	0.00240	0.00500	0.01424	0.00535	0.03361
40	0.17533	0.12430	0.02072	0.01523	0.01927	0.33294	0.06736	0.06944	0.04005	0.02112	0.01095	0.01278	0.00892	0.00681	0.00642	0.00187	0.05009	0.00460	0.00374	0.00806
41	0.01410	0.01314	0.02210	0.40795	0.33890	0.01465	0.01845	0.01821	0.01399	0.01923	0.01247	0.01735	0.00989	0.00632	0.00646	0.00206	0.00808	0.00587	0.04218	0.00860
42	0.01554	0.01776	0.03885	0.02775	0.03441	0.01665	0.70366	0.02109	0.01554	0.02109	0.01332	0.01776	0.00999	0.00555	0.00777	0.00222	0.01110	0.00777	0.00333	0.00888
43	0.01877	0.05117	0.02323	0.12193	0.34449	0.13641	0.01667	0.14321	0.03960	0.02349	0.01284	0.01564	0.01024	0.00656	0.00635	0.00193	0.00839	0.00555	0.00392	0.00962
44	0.81514	0.01273	0.00968	0.00866	0.01273	0.01477	0.00713	0.01935	0.01120	0.02954	0.00917	0.01069	0.00713	0.00611	0.00407	0.00204	0.00509	0.00356	0.00407	0.00713
45	0.01243	0.01170	0.01975	0.75282	0.04534	0.01463	0.01828	0.01682	0.01316	0.01682	0.01170	0.01755	0.00878	0.00658	0.00658	0.00219	0.00878	0.00585	0.00293	0.00731
46	0.00890	0.00650	0.00741	0.00744	0.00912	0.00582	0.00548	0.01115	0.01570	0.02132	0.26795	0.14483	0.32927	0.01496	0.00743	0.00214	0.00329	0.01285	0.11262	0.00582
47	0.00951	0.00662	0.00840	0.00840	0.00883	0.00705	0.00552	0.01036	0.00994	0.01367	0.01962	0.03688	0.02124	0.50972	0.28874	0.00789	0.01043	0.00867	0.00382	0.00467
48	0.00802	0.00573	0.00764	0.00917	0.00955	0.00535	0.00611	0.00917	0.01260	0.01681	0.03628	0.76434	0.04354	0.02062	0.00840	0.00267	0.00382	0.01872	0.00611	0.00535
49	0.01637	0.01414	0.01489	0.01340	0.01712	0.01637	0.01042	0.03498	0.71568	0.02754	0.02679	0.02456	0.02010	0.00893	0.00670	0.00223	0.00521	0.00744	0.00670	0.01042
50	0.02384	0.01899	0.02051	0.01591	0.02103	0.06889	0.05406	0.57330	0.07509	0.03760	0.01601	0.01624	0.01154	0.00775	0.00662	0.00199	0.00765	0.00603	0.00618	0.01076
51	0.01554	0.01776	0.03885	0.02775	0.03441	0.01665	0.70366	0.02109	0.01554	0.02109	0.01332	0.01776	0.00999	0.00555	0.00777	0.00222	0.01110	0.00777	0.00333	0.00888
52	0.01243	0.01170	0.01975	0.75282	0.04534	0.01463	0.01828	0.01682	0.01316	0.01682	0.01170	0.01755	0.00878	0.00658	0.00658	0.00219	0.00878	0.00585	0.00293	0.00731
53	0.00802	0.00650	0.00699	0.00721	0.00895	0.00561	0.00520	0.00958	0.01449	0.01783	0.09772	0.17879	0.52921	0.06249	0.00944	0.00254	0.00359	0.01432	0.00605	0.00547
54	0.00792	0.00667	0.00686	0.00681	0.00898	0.00562	0.00511	0.00971	0.01533	0.01854	0.12469	0.06211	0.66642	0.01639	0.00778	0.00221	0.00331	0.01372	0.00621	0.00562
55	0.00940	0.00705	0.01058	0.01058	0.01176	0.00823	0.00823	0.01176	0.01058	0.01528	0.01763	0.02586	0.01646	0.04937	0.74255	0.01058	0.01763	0.00705	0.00353	0.00588
56	0.00886	0.00674	0.00817	0.00789	0.00966	0.00605	0.00597	0.01150	0.01733	0.02336	0.48628	0.05466	0.27725	0.01467	0.00782	0.00215	0.00328	0.03555	0.00684	0.00599
57	0.01760	0.77260	0.03450	0.01126	0.01690	0.02605	0.01126	0.01971	0.01338	0.01549	0.00915	0.01056	0.00845	0.00563	0.00422	0.00141	0.00704	0.00352	0.00282	0.00845
58	0.01856	0.54222	0.07482	0.01310	0.01833	0.14425	0.01252	0.04193	0.01467	0.01675	0.00967	0.01134	0.00854	0.00622	0.00556	0.00159	0.04456	0.00391	0.00303	0.00842
59	0.01487	0.01337	0.08579	0.01536	0.09271	0.03418	0.03452	0.05198	0.11131	0.10917	0.06776	0.25232	0.06419	0.01229	0.00728	0.00226	0.00585	0.01083	0.00571	0.00828
60	0.01798	0.08704	0.06096	0.04135	0.24439	0.12564	0.05237	0.08777	0.01666	0.06601	0.01623	0.05130	0.03448	0.05963	0.00826	0.00224	0.00806	0.00657	0.00411	0.00893
61	0.01459	0.01256	0.01452	0.01081	0.01596	0.03244	0.00869	0.01732	0.01361	0.04439	0.01182	0.01397	0.00982	0.00572	0.00668	0.00123	0.08193	0.00419	0.00392	0.67584
62	0.01564	0.01230	0.01438	0.01448	0.08431	0.01323	0.01015	0.06977	0.36708	0.07414	0.08378	0.07411	0.11709	0.01059	0.00700	0.00219	0.00513	0.00901	0.00638	0.00925
63	0.08909	0.01760	0.07172	0.04570	0.35067	0.08749	0.09327	0.04979	0.01537	0.02185	0.01356	0.03669	0.01173	0.02693	0.02188	0.00231	0.00849	0.02315	0.00363	0.00909
64	0.01892	0.02805	0.23048	0.01628	0.02124	0.39558	0.01529	0.03797	0.01644	0.01833	0.01265	0.03729	0.01058	0.01094	0.07244	0.00264	0.01110	0.00523	0.03049	0.00806
65	0.02444	0.01815	0.01943	0.01503	0.02019	0.02014	0.01237	0.66012	0.07741	0.04054	0.01655	0.01640	0.01180	0.00797	0.00659	0.00199	0.00711	0.00603	0.00659	0.01114
66	0.00863	0.00641	0.00805	0.00826	0.00957	0.00582	0.00596	0.01087	0.01610	0.02184	0.38997	0.27289	0.17886	0.01627	0.00796	0.00229	0.00337	0.01438	0.00669	0.00582
67	0.12702	0.01133	0.01243	0.01034	0.01376	0.01182	0.00819	0.19254	0.01824	0.18496	0.01910	0.02214	0.01477	0.09486	0.04849	0.00285	0.00611	0.00628	0.18636	0.00842
68	0.00801	0.00591	0.00751	0.00874	0.00945	0.00540	0.00593	0.00929	0.01313	0.01719	0.05723	0.63375	0.15473	0.01982	0.00829	0.00259	0.00372	0.01777	0.00614	0.00540
69	0.01377	0.12869	0.64483	0.01780	0.02701	0.01667	0.02265	0.02070	0.01383	0.02016	0.01147	0.01347	0.00835	0.00617	0.00599	0.00200	0.00938	0.00469	0.00278	0.00957
70	0.00907	0.00735	0.00833	0.00966	0.01023	0.05178	0.00653	0.01025	0.01299	0.01676	0.03464	0.71692	0.04133	0.01975	0.00825	0.00261	0.00433	0.01780	0.00594	0.00549
71	0.04517	0.54161	0.07226	0.01254	0.01792	0.11613	0.01207	0.05690	0.01486	0.01774	0.01008	0.01172	0.00881	0.00741	0.02928	0.00184	0.00812	0.00394	0.00315	0.00844
72	0.06100	0.55453	0.07794	0.01261	0.01806	0.14788	0.01218	0.02090	0.01420	0.01671	0.00951	0.01102	0.00838	0.00590	0.00465	0.00154	0.00795	0.00374	0.00298	0.00832
73	0.00811	0.00662	0.00716	0.00715	0.00912	0.00568	0.00531	0.01003	0.01560	0.01947	0.19819	0.10319	0.54894	0.01626	0.00782	0.00222	0.00332	0.01378	0.00634	0.00568
74	0.09727	0.09386	0.24689	0.01813	0.13111	0.01473	0.01583	0.03959	0.03911	0.15510	0.01657	0.05541	0.01318	0.00769	0.00616	0.00204	0.00730	0.02606	0.00449	0.00946
75	0.02046	0.06651	0.04008	0.03579	0.11517	0.06443	0.04526	0.36084	0.02232	0.02971	0.01375	0.01585	0.01066	0.01006	0.05235	0.00254	0.07378	0.00577	0.00486	0.00979
76	0.01041	0.00685	0.00847	0.00840	0.01014	0.00610	0.00616	0.01249	0.01590	0.08738	0.27504	0.25524	0.24091	0.01592	0.00784	0.00228	0.00361	0.01392	0.00668	0.00625
77	0.01550	0.24417	0.33760	0.06807	0.02658	0.06627	0.11502	0.02063	0.01424	0.01874	0.01114	0.01359	0.00864	0.00603	0.00588	0.00189	0.00922	0.00491	0.00292	0.00893
78	0.00942	0.00699	0.01028	0.01028	0.01136	0.00807	0.00786	0.01157	0.01049	0.01506	0.01790	0.02736	0.01711	0.11203	0.68079	0.01021	0.01665	0.00727	0.00357	0.00571
79	0.02377	0.02014	0.02137	0.01662	0.02171	0.12515	0.08145	0.51955	0.04675	0.03536	0.01504	0.01567	0.01093	0.00753	0.00661	0.00197	0.00825	0.00591	0.00580	0.01042
80	0.05900	0.01724	0.01860	0.01426	0.01951	0.01864	0.01176	0.58277	0.02809	0.08697	0.01593	0.01589	0.01127	0.00764	0.00636	0.00191	0.00688	0.00573	0.00640	0.06514
81	0.20309	0.01551	0.02039	0.10524	0.32629	0.03543	0.01522	0.15771	0.01722	0.02674	0.01219	0.01492	0.00959	0.00643	0.00596	0.00200	0.00728	0.00530	0.00408	0.00940
82	0.00957	0.00638	0.00718	0.00718	0.00718	0.00638	0.00399	0.00957	0.00957	0.01276	0.02074	0.04308	0.02393	0.76864	0.03351	0.00638	0.00638	0.00957	0.00399	0.00399
83	0.00802	0.00573	0.00764	0.00917	0.00955	0.00535	0.00611	0.00917	0.01260	0.01681	0.03628	0.76434	0.04354	0.02062	0.00840	0.00267	0.00382	0.01872	0.00611	0.00535
84	0.01529	0.01445	0.02366	0.22488	0.47452	0.01545	0.01868	0.02085	0.08720	0.02090	0.01370	0.01748	0.01100	0.00637	0.00655	0.00205	0.00780	0.00603	0.00353	0.00961
85	0.01322	0.01251	0.02118	0.60672	0.18525	0.01483	0.01868	0.01751	0.01354	0.01778	0.01184	0.01729	0.00911	0.00643	0.00657	0.00214	0.00858	0.00585	0.00299	0.00795
86	0.02520	0.01816	0.01958	0.01501	0.02028	0.02000	0.01240	0.67957	0.03048	0.06820	0.01620	0.01606	0.01139	0.00791	0.00659	0.00198	0.00718	0.00595	0.00665	0.01120
87	0.02503	0.01200	0.01522	0.01165	0.01682	0.01068	0.00953	0.07476	0.06637	0.48940	0.02238	0.02029	0.01485	0.00751	0.00626	0.00183	0.00554	0.00606	0.00706	0.17677
88	0.01372	0.01302	0.02208	0.51458	0.27348	0.01497	0.01893	0.01795	0.01377	0.01839	0.01193	0.01713	0.00933	0.00634	0.00656	0.00211	0.00846	0.00586	0.00304	0.00835
89	0.00889	0.00675	0.00832	0.00926	0.01042	0.00644	0.00671	0.01162	0.06181	0.01840	0.06426	0.46558	0.18179	0.01849	0.00822	0.00257	0.00405	0.09439	0.00618	0.00585
90	0.00974	0.00785	0.00831	0.00777	0.01019	0.00714	0.00594	0.07904	0.01718	0.02154	0.16846	0.05633	0.54635	0.01528	0.00766	0.00217	0.00369	0.01278	0.00634	0.00622
91	0.00810	0.00617	0.00745	0.00822	0.00936	0.00552	0.00575	0.00965	0.01414	0.01829	0.12920	0.44230	0.27524	0.01843	0.00812	0.00245	0.00357	0.01627	0.00625	0.00552
92	0.00957	0.00638	0.00718	0.00718	0.00718	0.00638	0.00399	0.00957	0.00957	0.01276	0.02074	0.04308	0.02393	0.76864	0.03351	0.00638	0.00638	0.00957	0.00399	0.00399
93	0.00850	0.00609	0.00765	0.00856	0.00917	0.00572	0.00574	0.00970	0.01283	0.01703	0.09658	0.47330	0.10259	0.16820	0.01330	0.00333	0.00429	0.03644	0.00579	0.00519
94	0.01623	0.03865	0.02380	0.11309	0.48813	0.04008	0.01770	0.06623	0.03723	0.02184	0.01441	0.06647	0.01269	0.00719	0.00657	0.00201	0.00765	0.00665	0.00373	0.00964
95	0.05495	0.27649	0.06972	0.05858	0.14038	0.04940	0.03244	0.03387	0.03075	0.01983	0.03413	0.03980	0.01213	0.00660	0.00549	0.00169	0.00711	0.00525	0.00356	0.11784
96	0.10219	0.01550	0.03946	0.04519	0.01809	0.11014	0.02993	0.13767	0.04068	0.08315	0.03534	0.09735	0.01661	0.02571	0.02991	0.00235	0.03040	0.02912	0.00501	0.10622
97	0.09490	0.11839	0.05997	0.01715	0.10308	0.09675	0.02757	0.27541	0.02091	0.05231	0.03751	0.01550	0.01176	0.00703	0.00595	0.00186	0.00753	0.00534	0.00482	0.03625
98	0.06933	0.07098	0.01790	0.01496	0.06575	0.08107	0.05040	0.12307	0.15184	0.06299	0.04236	0.07129	0.04104	0.02924	0.03158	0.00238	0.00698	0.00722	0.00519	0.05441
99	0.01758	0.07440	0.05112	0.14490	0.08233	0.10923	0.03300	0.16067	0.04210	0.04193	0.04132	0.04439	0.05997	0.00852	0.00755	0.00206	0.05912	0.00672	0.00449	0.00863
100	0.01798	0.20068	0.08509	0.01751	0.11744	0.07466	0.04993	0.11221	0.03185	0.05905	0.03764	0.03952	0.01292	0.00696	0.00587	0.00174	0.00738	0.00563	0.00420	0.11174
101	0.07880	0.09489	0.04647	0.01408	0.05989	0.05584	0.05162	0.05536	0.01552	0.10467	0.08500	0.13091	0.04039	0.01223	0.05149	0.00254	0.03092	0.00814	0.00494	0.05629

[dist]
# distance from previous block
# <min> <max>
1	17

[block]
# block no. 1 follows, 33 sequences, length 23
# corresponding to MSA columns:
# 171-193
name=unknown_B
#
# <colnr> <probs for GDERKNQSTAVLIFYWHMCP>
#	G	D	E	R	K	N	Q	S	T	A	V	L	I	F	Y	W	H	M	C	P
0	0.07205	0.06524	0.05181	0.02250	0.24630	0.05145	0.04737	0.08097	0.07745	0.09027	0.01723	0.05928	0.01469	0.00823	0.00686	0.00209	0.02483	0.04738	0.00463	0.00936
1	0.01637	0.04907	0.13270	0.07345	0.08745	0.06077	0.03046	0.13105	0.07670	0.05462	0.07863	0.06715	0.05882	0.00897	0.00699	0.00206	0.02370	0.00743	0.00487	0.02874
2	0.01634	0.11905	0.13925	0.08127	0.06452	0.01533	0.08650	0.13409	0.01760	0.07519	0.06721	0.05473	0.08353	0.00862	0.00661	0.00203	0.00728	0.00738	0.00468	0.00883
3	0.07728	0.13503	0.07033	0.01360	0.03376	0.17876	0.03929	0.04272	0.08017	0.02171	0.15395	0.02515	0.08455	0.00885	0.00625	0.00191	0.00711	0.00699	0.00469	0.00790
4	0.10011	0.01496	0.10634	0.01210	0.01552	0.06711	0.02662	0.05147	0.10261	0.02309	0.15345	0.02863	0.07705	0.06922	0.04016	0.00278	0.05157	0.00771	0.04199	0.00752
5	0.01484	0.01304	0.01593	0.01830	0.18497	0.04981	0.01146	0.08563	0.19597	0.02509	0.17485	0.08030	0.08118	0.01036	0.00704	0.00211	0.00567	0.00899	0.00573	0.00873
6	0.02057	0.01596	0.01710	0.01399	0.01840	0.01786	0.01126	0.39709	0.29578	0.03502	0.06944	0.02153	0.01820	0.00869	0.00671	0.00208	0.00617	0.00693	0.00668	0.01055
7	0.01678	0.04836	0.07570	0.04598	0.07390	0.04316	0.09621	0.13172	0.26924	0.02566	0.02149	0.05899	0.04610	0.00855	0.00676	0.00213	0.00709	0.00744	0.00523	0.00953
8	0.01144	0.00572	0.00858	0.00858	0.00858	0.00572	0.00572	0.00858	0.00858	0.01144	0.01144	0.02001	0.01144	0.02287	0.02573	0.80846	0.00572	0.00572	0.00286	0.00286
9	0.01292	0.01107	0.01198	0.01166	0.04911	0.06290	0.00836	0.07593	0.10609	0.02495	0.33091	0.07370	0.13756	0.01199	0.00725	0.00206	0.00475	0.01024	0.00628	0.04030
10	0.01227	0.00614	0.00614	0.00614	0.00767	0.00614	0.00460	0.01534	0.01381	0.02454	0.02148	0.02454	0.01687	0.00767	0.00460	0.00153	0.00307	0.00614	0.80518	0.00614
11	0.01533	0.01165	0.01382	0.00996	0.01573	0.00887	0.00800	0.01821	0.01420	0.09651	0.01321	0.01458	0.01044	0.00522	0.00506	0.00109	0.00495	0.00419	0.00435	0.72464
12	0.00787	0.00665	0.00670	0.00670	0.00880	0.00560	0.00495	0.00945	0.01472	0.01752	0.06428	0.06229	0.68809	0.05616	0.00913	0.00244	0.00349	0.01367	0.00600	0.00548
13	0.01227	0.00614	0.00614	0.00614	0.00767	0.00614	0.00460	0.01534	0.01381	0.02454	0.02148	0.02454	0.01687	0.00767	0.00460	0.00153	0.00307	0.00614	0.80518	0.00614
14	0.10681	0.04117	0.01468	0.01300	0.01588	0.01061	0.07419	0.01803	0.04849	0.09396	0.02709	0.05037	0.02703	0.03699	0.00858	0.00274	0.00638	0.39118	0.00562	0.00722
15	0.01484	0.03600	0.04104	0.01089	0.01352	0.01064	0.00894	0.11374	0.01789	0.10863	0.28147	0.03781	0.03457	0.12351	0.01203	0.00280	0.05009	0.06807	0.00609	0.00744
16	0.01673	0.08005	0.13426	0.01757	0.08218	0.01693	0.06425	0.08389	0.30816	0.04605	0.03996	0.02005	0.01565	0.00785	0.00708	0.00211	0.03573	0.00651	0.00511	0.00988
17	0.02459	0.03138	0.01866	0.01696	0.02035	0.74221	0.01272	0.02629	0.01866	0.01611	0.01018	0.01187	0.00848	0.00678	0.00594	0.00170	0.01187	0.00424	0.00339	0.00763
18	0.01364	0.02936	0.57452	0.05026	0.05654	0.01503	0.02178	0.04760	0.04832	0.02168	0.01551	0.01726	0.04565	0.00698	0.00639	0.00209	0.00897	0.00557	0.00331	0.00953
19	0.01664	0.01313	0.01465	0.01351	0.03963	0.03152	0.01027	0.16549	0.29269	0.05451	0.06682	0.06522	0.05194	0.01453	0.08697	0.00310	0.00700	0.03707	0.00614	0.00914
20	0.01656	0.06133	0.17332	0.05080	0.06480	0.20252	0.05174	0.06176	0.03890	0.01992	0.01752	0.08766	0.05049	0.01021	0.03816	0.00235	0.00907	0.00688	0.00392	0.03208
21	0.55840	0.01370	0.04158	0.01068	0.01493	0.01452	0.02824	0.07503	0.04073	0.05901	0.01276	0.01572	0.01015	0.00918	0.04365	0.00253	0.00635	0.03051	0.00453	0.00781
22	0.01536	0.07017	0.25683	0.02007	0.15862	0.01607	0.01693	0.09621	0.10862	0.02335	0.03601	0.02060	0.06891	0.00801	0.00739	0.00208	0.05473	0.00638	0.00419	0.00946

[dist]
# distance from previous block
# <min> <max>
3	9

[block]
# block no. 2 follows, 33 sequences, length 27
# corresponding to MSA columns:
# 204-230
name=unknown_C
#
# <colnr> <probs for GDERKNQSTAVLIFYWHMCP>
#	G	D	E	R	K	N	Q	S	T	A	V	L	I	F	Y	W	H	M	C	P
0	0.01559	0.01753	0.10865	0.06078	0.04256	0.09954	0.04287	0.08300	0.06742	0.02241	0.05643	0.01995	0.05029	0.00871	0.02860	0.00204	0.03862	0.00600	0.00429	0.22471
1	0.04984	0.04992	0.01448	0.03071	0.03060	0.01143	0.03267	0.13326	0.03042	0.05950	0.04660	0.17619	0.07114	0.01241	0.00713	0.00222	0.00563	0.13362	0.02271	0.07950
2	0.01215	0.00994	0.01170	0.00924	0.01332	0.00788	0.00692	0.01433	0.01282	0.01933	0.01681	0.12901	0.01707	0.13352	0.01013	0.00212	0.00497	0.00702	0.00424	0.55749
3	0.01401	0.01000	0.01163	0.03397	0.01408	0.02248	0.00775	0.05344	0.03976	0.11149	0.20963	0.03609	0.19233	0.01064	0.00674	0.00183	0.00455	0.00893	0.00600	0.20465
4	0.01227	0.00614	0.00614	0.00614	0.00767	0.00614	0.00460	0.01534	0.01381	0.02454	0.02148	0.02454	0.01687	0.00767	0.00460	0.00153	0.00307	0.00614	0.80518	0.00614
5	0.05250	0.04516	0.11344	0.01208	0.01631	0.04346	0.04164	0.08076	0.03649	0.13000	0.10979	0.07129	0.17229	0.03615	0.00776	0.00224	0.00603	0.00893	0.00561	0.00808
6	0.02353	0.02797	0.01809	0.01613	0.01971	0.59124	0.01225	0.10662	0.05146	0.01972	0.01408	0.01518	0.04088	0.00745	0.00613	0.00178	0.01065	0.00501	0.00404	0.00809
7	0.01227	0.00614	0.00614	0.00614	0.00767	0.00614	0.00460	0.01534	0.01381	0.02454	0.02148	0.02454	0.01687	0.00767	0.00460	0.00153	0.00307	0.00614	0.80518	0.00614
8	0.81514	0.01273	0.00968	0.00866	0.01273	0.01477	0.00713	0.01935	0.01120	0.02954	0.00917	0.01069	0.00713	0.00611	0.00407	0.00204	0.00509	0.00356	0.00407	0.00713
9	0.00859	0.00670	0.00779	0.00752	0.00939	0.00590	0.00564	0.01101	0.01692	0.02232	0.41281	0.05589	0.37596	0.01498	0.00777	0.00214	0.00321	0.01285	0.00671	0.00590
10	0.01595	0.01316	0.04744	0.03735	0.01740	0.01119	0.00971	0.09884	0.08867	0.08117	0.09457	0.01984	0.01726	0.00698	0.00585	0.00152	0.00540	0.00572	0.00512	0.41685
11	0.02084	0.01027	0.01337	0.01066	0.01504	0.00864	0.00858	0.02344	0.01683	0.38958	0.09638	0.08628	0.02253	0.00930	0.00654	0.00186	0.00503	0.03480	0.00672	0.21329
12	0.01695	0.66612	0.06983	0.01239	0.01813	0.02425	0.04746	0.01956	0.01372	0.01647	0.03701	0.01259	0.01059	0.00596	0.00465	0.00151	0.00724	0.00413	0.00301	0.00845
13	0.00993	0.00737	0.01028	0.04461	0.04369	0.00807	0.00742	0.01144	0.01047	0.01456	0.01845	0.03242	0.01903	0.35323	0.37202	0.00801	0.01197	0.00802	0.00368	0.00534
14	0.01665	0.19988	0.38526	0.01654	0.02402	0.06380	0.04064	0.11006	0.04467	0.02227	0.01227	0.01381	0.00927	0.00644	0.00588	0.00190	0.00879	0.00485	0.00349	0.00949
15	0.01097	0.00799	0.01052	0.01157	0.01310	0.00811	0.00952	0.04926	0.05142	0.02047	0.03383	0.24971	0.03708	0.01782	0.00866	0.00284	0.00549	0.43915	0.00613	0.00636
16	0.01245	0.00932	0.01018	0.00937	0.01216	0.00925	0.00720	0.03781	0.20297	0.07825	0.12445	0.07157	0.36243	0.01347	0.00739	0.00220	0.00411	0.01132	0.00657	0.00752
17	0.01805	0.01650	0.07991	0.05260	0.36462	0.01527	0.06020	0.09779	0.07505	0.10085	0.01628	0.01976	0.01276	0.00710	0.00671	0.00207	0.00762	0.03219	0.00450	0.01017
18	0.02058	0.32166	0.08058	0.01568	0.06087	0.15042	0.01341	0.21956	0.01954	0.02389	0.01165	0.01290	0.00936	0.00656	0.00550	0.00171	0.00821	0.00458	0.00403	0.00931
19	0.02255	0.01682	0.01814	0.01436	0.01905	0.01859	0.01169	0.56899	0.10149	0.03807	0.04749	0.05817	0.01598	0.00892	0.00674	0.00204	0.00667	0.00702	0.00660	0.01059
20	0.00854	0.00686	0.00767	0.00786	0.00963	0.00619	0.00574	0.01122	0.05252	0.01944	0.16106	0.22006	0.42634	0.01666	0.00786	0.00230	0.00351	0.01434	0.00632	0.00587
21	0.02024	0.01831	0.01833	0.01920	0.15929	0.19590	0.01273	0.14209	0.13768	0.08964	0.10166	0.02101	0.01845	0.00808	0.00657	0.00196	0.00752	0.00653	0.00537	0.00943
22	0.01206	0.00922	0.01081	0.03581	0.01299	0.00956	0.00762	0.06166	0.10677	0.04396	0.08023	0.07760	0.21800	0.12505	0.07998	0.00356	0.03636	0.00999	0.02061	0.03816
23	0.01811	0.01546	0.01933	0.01941	0.16139	0.04147	0.04713	0.24656	0.12951	0.02867	0.07325	0.02303	0.06737	0.00858	0.00736	0.00204	0.03785	0.00712	0.00541	0.04093
24	0.04905	0.04545	0.04071	0.03230	0.07138	0.14196	0.01167	0.12477	0.05401	0.09333	0.07573	0.05021	0.05449	0.01173	0.05022	0.00256	0.04253	0.03430	0.00512	0.00847
25	0.01858	0.04144	0.09612	0.01351	0.01828	0.09854	0.03398	0.11451	0.12708	0.13056	0.12114	0.02332	0.03973	0.00839	0.00650	0.00192	0.00668	0.00682	0.00563	0.08727
26	0.01693	0.14706	0.07809	0.01847	0.14733	0.05609	0.05007	0.09367	0.08984	0.05949	0.05459	0.02293	0.08558	0.02431	0.00730	0.00206	0.02581	0.00678	0.00461	0.00900

[dist]
# distance from previous block
# <min> <max>
0	15

[block]
# block no. 3 follows, 33 sequences, length 34
# corresponding to MSA columns:
# 246-279
name=unknown_D
#
# <colnr> <probs for GDERKNQSTAVLIFYWHMCP>
#	G	D	E	R	K	N	Q	S	T	A	V	L	I	F	Y	W	H	M	C	P
0	0.12330	0.04446	0.06743	0.03721	0.06138	0.04854	0.13757	0.14723	0.16215	0.06484	0.03105	0.01793	0.01310	0.00720	0.00638	0.00207	0.00750	0.00619	0.00498	0.00948
1	0.08599	0.11759	0.16073	0.01694	0.08019	0.09201	0.05742	0.10405	0.07688	0.02375	0.06667	0.05867	0.01580	0.00789	0.00620	0.00198	0.00762	0.00641	0.00435	0.00886
2	0.03519	0.05803	0.04941	0.05848	0.13258	0.06837	0.04790	0.10273	0.07612	0.11148	0.03975	0.07394	0.01557	0.00825	0.00705	0.00200	0.03650	0.00687	0.00489	0.06490
3	0.10057	0.11260	0.11958	0.05043	0.04143	0.15115	0.05725	0.08900	0.01682	0.11756	0.01425	0.04338	0.01120	0.00713	0.00595	0.00189	0.00809	0.00554	0.00435	0.04182
4	0.07176	0.06637	0.27715	0.01876	0.13057	0.01438	0.04116	0.04669	0.05350	0.04509	0.07560	0.04100	0.04191	0.00828	0.00649	0.00209	0.00742	0.03860	0.00423	0.00896
5	0.02020	0.02385	0.01581	0.01445	0.01744	0.49803	0.01086	0.04933	0.04371	0.01906	0.11228	0.05774	0.07166	0.00921	0.00649	0.00186	0.00924	0.00687	0.00449	0.00742
6	0.01507	0.01566	0.14952	0.01409	0.04322	0.01201	0.05543	0.08858	0.11053	0.09252	0.13911	0.03109	0.14760	0.00984	0.00693	0.00206	0.00607	0.00839	0.00561	0.04666
7	0.01227	0.00614	0.00614	0.00614	0.00767	0.00614	0.00460	0.01534	0.01381	0.02454	0.02148	0.02454	0.01687	0.00767	0.00460	0.00153	0.00307	0.00614	0.80518	0.00614
8	0.01542	0.01254	0.01559	0.01125	0.01707	0.01017	0.04626	0.07199	0.01537	0.05738	0.01280	0.01447	0.01019	0.00531	0.00525	0.00117	0.00544	0.00440	0.00429	0.66363
9	0.02586	0.01213	0.01524	0.01200	0.01667	0.01158	0.00980	0.13340	0.08224	0.49775	0.07103	0.02344	0.01893	0.00852	0.00664	0.00203	0.00558	0.00693	0.02954	0.01066
10	0.01227	0.00614	0.00614	0.00614	0.00767	0.00614	0.00460	0.01534	0.01381	0.02454	0.02148	0.02454	0.01687	0.00767	0.00460	0.00153	0.00307	0.00614	0.80518	0.00614
11	0.01637	0.01414	0.01489	0.01340	0.01712	0.01637	0.01042	0.03498	0.71568	0.02754	0.02679	0.02456	0.02010	0.00893	0.00670	0.00223	0.00521	0.00744	0.00670	0.01042
12	0.00957	0.00641	0.00734	0.00734	0.00740	0.00647	0.00419	0.00968	0.00962	0.01289	0.02059	0.04225	0.02357	0.73386	0.06780	0.00659	0.00693	0.00945	0.00397	0.00408
13	0.01018	0.06552	0.00996	0.00833	0.01043	0.00748	0.00639	0.01204	0.01498	0.06075	0.13178	0.22312	0.35710	0.01593	0.00764	0.00227	0.00395	0.03987	0.00612	0.00616
14	0.02459	0.03138	0.01866	0.01696	0.02035	0.74221	0.01272	0.02629	0.01866	0.01611	0.01018	0.01187	0.00848	0.00678	0.00594	0.00170	0.01187	0.00424	0.00339	0.00763
15	0.01508	0.01557	0.02001	0.07028	0.01955	0.07764	0.01455	0.01675	0.01099	0.01594	0.00899	0.01443	0.00864	0.01079	0.01927	0.00274	0.64299	0.00565	0.00292	0.00724
16	0.01385	0.01126	0.01377	0.01152	0.05366	0.00924	0.00844	0.04494	0.01470	0.03961	0.06834	0.04736	0.01597	0.02891	0.03251	0.00174	0.00547	0.00562	0.00441	0.56867
17	0.01639	0.04670	0.08158	0.02001	0.02527	0.01616	0.31939	0.17748	0.01805	0.02454	0.01612	0.09420	0.01395	0.01098	0.05914	0.00278	0.03618	0.00796	0.00431	0.00883
18	0.00860	0.00657	0.00802	0.00890	0.01030	0.00600	0.00678	0.01046	0.01432	0.01815	0.06647	0.30464	0.30652	0.01830	0.00831	0.00257	0.00416	0.17916	0.00613	0.00563
19	0.13357	0.01540	0.01760	0.20597	0.11422	0.08176	0.01350	0.11786	0.16033	0.02488	0.01691	0.01870	0.03690	0.00747	0.00622	0.00207	0.00726	0.00600	0.00458	0.00883
20	0.02263	0.02781	0.01724	0.01565	0.01884	0.62344	0.01170	0.05027	0.01838	0.01702	0.01487	0.01728	0.05893	0.04911	0.00759	0.00200	0.01080	0.00526	0.00374	0.00743
21	0.01227	0.00614	0.00614	0.00614	0.00767	0.00614	0.00460	0.01534	0.01381	0.02454	0.02148	0.02454	0.01687	0.00767	0.00460	0.00153	0.00307	0.00614	0.80518	0.00614
22	0.01320	0.03405	0.73453	0.01876	0.02849	0.01529	0.02432	0.02085	0.01390	0.02085	0.01181	0.01390	0.00834	0.00625	0.00625	0.00208	0.00973	0.00486	0.00278	0.00973
23	0.00838	0.00677	0.00755	0.00786	0.00980	0.00593	0.00611	0.01035	0.01514	0.01865	0.10548	0.10798	0.51931	0.01695	0.00804	0.00238	0.00381	0.12764	0.00618	0.00568
24	0.01227	0.00614	0.00614	0.00614	0.00767	0.00614	0.00460	0.01534	0.01381	0.02454	0.02148	0.02454	0.01687	0.00767	0.00460	0.00153	0.00307	0.00614	0.80518	0.00614
25	0.81514	0.01273	0.00968	0.00866	0.01273	0.01477	0.00713	0.01935	0.01120	0.02954	0.00917	0.01069	0.00713	0.00611	0.00407	0.00204	0.00509	0.00356	0.00407	0.00713
26	0.06091	0.01311	0.01482	0.04328	0.01738	0.01510	0.01046	0.02971	0.44796	0.11181	0.02297	0.02276	0.01732	0.02912	0.00863	0.00234	0.07857	0.00691	0.03729	0.00956
27	0.01275	0.01203	0.02032	0.69365	0.10200	0.01471	0.01844	0.01710	0.01332	0.01721	0.01176	0.01745	0.00891	0.00652	0.00658	0.00217	0.00870	0.00585	0.00295	0.00757
28	0.00801	0.00576	0.00760	0.00908	0.00953	0.00535	0.00607	0.00918	0.01269	0.01684	0.03736	0.73964	0.06756	0.02049	0.00838	0.00266	0.00380	0.01855	0.00611	0.00535
29	0.01516	0.01323	0.01526	0.01361	0.09130	0.05249	0.00953	0.04888	0.01502	0.04085	0.01469	0.03716	0.03355	0.00614	0.00543	0.00128	0.00564	0.00503	0.00417	0.57157
30	0.01866	0.02019	0.01898	0.05270	0.08357	0.28792	0.05858	0.07526	0.09415	0.02088	0.03953	0.04571	0.04797	0.00832	0.00743	0.00197	0.05535	0.00649	0.00431	0.05203
31	0.05442	0.01575	0.10645	0.05595	0.04666	0.01378	0.07280	0.16219	0.05650	0.18606	0.03654	0.05191	0.01670	0.01012	0.03050	0.00244	0.00743	0.05872	0.00562	0.00945
32	0.01855	0.04587	0.02175	0.04406	0.24357	0.11457	0.05742	0.15418	0.01833	0.05169	0.01651	0.02052	0.03773	0.00907	0.03074	0.00228	0.03525	0.03585	0.03286	0.00918
33	0.04641	0.03597	0.01644	0.10071	0.14578	0.01211	0.02991	0.07995	0.04504	0.08759	0.04839	0.05782	0.17294	0.03349	0.00765	0.00222	0.00605	0.02974	0.00512	0.03668

[dist]
# distance from previous block
# <min> <max>
6	45

[block]
# block no. 4 follows, 33 sequences, length 31
# corresponding to MSA columns:
# 327-357
name=unknown_E
#
# <colnr> <probs for GDERKNQSTAVLIFYWHMCP>
#	G	D	E	R	K	N	Q	S	T	A	V	L	I	F	Y	W	H	M	C	P
0	0.18983	0.06271	0.09130	0.07959	0.06847	0.04446	0.02737	0.10638	0.05382	0.08601	0.01747	0.06390	0.04286	0.00801	0.00598	0.00202	0.00677	0.00634	0.00468	0.03204
1	0.04854	0.11681	0.19112	0.04913	0.09541	0.04089	0.04666	0.10872	0.07585	0.04689	0.03318	0.01750	0.01242	0.00697	0.00610	0.00191	0.00764	0.02001	0.00420	0.07004
2	0.01619	0.01435	0.07220	0.01475	0.09309	0.03761	0.01113	0.04458	0.14920	0.10803	0.08893	0.02445	0.07467	0.00818	0.00632	0.00180	0.00576	0.00683	0.00535	0.21658
3	0.01651	0.05637	0.13974	0.04469	0.02117	0.09592	0.10406	0.07401	0.01633	0.07939	0.04186	0.07546	0.03821	0.02443	0.00699	0.00199	0.00760	0.00699	0.03720	0.11108
4	0.00953	0.00657	0.00815	0.00815	0.00849	0.00691	0.00520	0.01020	0.00986	0.01349	0.01985	0.03815	0.02179	0.56278	0.23644	0.00758	0.00960	0.00885	0.00386	0.00453
5	0.04748	0.00735	0.00881	0.00819	0.01025	0.00674	0.00617	0.01359	0.01687	0.08766	0.41869	0.06727	0.21451	0.04704	0.00865	0.00231	0.00364	0.01161	0.00673	0.00643
6	0.01554	0.01776	0.03885	0.02775	0.03441	0.01665	0.70366	0.02109	0.01554	0.02109	0.01332	0.01776	0.00999	0.00555	0.00777	0.00222	0.01110	0.00777	0.00333	0.00888
7	0.00830	0.00606	0.00761	0.00851	0.00927	0.00559	0.00577	0.00968	0.01346	0.01783	0.13005	0.50253	0.14087	0.08941	0.01059	0.00288	0.00390	0.01627	0.00606	0.00536
8	0.02503	0.01844	0.01976	0.01515	0.02042	0.02042	0.01251	0.70562	0.03095	0.04149	0.01581	0.01581	0.01120	0.00790	0.00659	0.00198	0.00724	0.00593	0.00659	0.01120
9	0.00957	0.00638	0.00718	0.00718	0.00718	0.00638	0.00399	0.00957	0.00957	0.01276	0.02074	0.04308	0.02393	0.76864	0.03351	0.00638	0.00638	0.00957	0.00399	0.00399
10	0.01253	0.01184	0.01977	0.71569	0.04393	0.01491	0.01809	0.01677	0.01301	0.01677	0.01155	0.01739	0.00877	0.00683	0.00734	0.00223	0.04652	0.00585	0.00292	0.00731
11	0.01566	0.01613	0.05197	0.09462	0.52918	0.06021	0.01853	0.01941	0.01488	0.02040	0.01443	0.06469	0.01310	0.00734	0.00668	0.00205	0.00792	0.02982	0.00349	0.00950
12	0.04656	0.05017	0.01969	0.01465	0.01977	0.02015	0.01213	0.60021	0.08729	0.03886	0.01626	0.01617	0.01171	0.00784	0.00642	0.00197	0.00700	0.00588	0.00636	0.01090
13	0.01760	0.77260	0.03450	0.01126	0.01690	0.02605	0.01126	0.01971	0.01338	0.01549	0.00915	0.01056	0.00845	0.00563	0.00422	0.00141	0.00704	0.00352	0.00282	0.00845
14	0.81514	0.01273	0.00968	0.00866	0.01273	0.01477	0.00713	0.01935	0.01120	0.02954	0.00917	0.01069	0.00713	0.00611	0.00407	0.00204	0.00509	0.00356	0.00407	0.00713
15	0.01405	0.01069	0.01328	0.01190	0.01474	0.01106	0.04373	0.12664	0.15605	0.05270	0.14786	0.16101	0.10591	0.01317	0.00759	0.00232	0.00516	0.08780	0.00642	0.00792
16	0.00817	0.00590	0.00776	0.00912	0.00970	0.00549	0.00624	0.00951	0.01310	0.01741	0.06911	0.66823	0.07855	0.02000	0.00837	0.00264	0.00385	0.04526	0.00616	0.00543
17	0.00930	0.00627	0.00726	0.00753	0.00760	0.00620	0.00437	0.00950	0.01011	0.01348	0.02350	0.17090	0.02741	0.63607	0.02906	0.00573	0.00593	0.01119	0.00437	0.00423
18	0.06442	0.01261	0.01423	0.01194	0.01525	0.01372	0.00934	0.26708	0.10195	0.10424	0.01873	0.02338	0.01544	0.13808	0.12364	0.03692	0.00808	0.00680	0.00559	0.00855
19	0.01519	0.05179	0.17609	0.02585	0.06320	0.01672	0.51035	0.02094	0.01510	0.02083	0.01281	0.01663	0.00962	0.00571	0.00727	0.00215	0.01052	0.00693	0.00320	0.00910
20	0.02693	0.01221	0.01551	0.01224	0.01711	0.01158	0.01000	0.07835	0.14166	0.56186	0.02543	0.02234	0.01661	0.00827	0.00663	0.00207	0.00564	0.00672	0.00779	0.01107
21	0.01299	0.00999	0.01129	0.01088	0.01331	0.01059	0.00820	0.04430	0.29533	0.05420	0.06360	0.26474	0.12543	0.01406	0.00749	0.00237	0.00454	0.03228	0.00650	0.00792
22	0.01713	0.02361	0.37483	0.01682	0.04616	0.01437	0.04553	0.12287	0.04242	0.11615	0.04310	0.01808	0.01308	0.00718	0.00637	0.00203	0.00789	0.00586	0.06678	0.00973
23	0.04072	0.01715	0.09635	0.08512	0.48843	0.04082	0.01880	0.02081	0.01503	0.06936	0.01376	0.01812	0.01122	0.00656	0.00649	0.00202	0.00794	0.02782	0.00364	0.00984
24	0.01654	0.01213	0.04669	0.01361	0.01731	0.01119	0.10094	0.06879	0.13081	0.17280	0.11114	0.17904	0.04288	0.01158	0.00738	0.00226	0.00585	0.03418	0.00629	0.00860
25	0.00808	0.00596	0.00757	0.00869	0.00946	0.00545	0.00594	0.00946	0.01345	0.01769	0.09321	0.59488	0.15720	0.01943	0.00825	0.00255	0.00369	0.01741	0.00620	0.00545
26	0.01534	0.12772	0.40225	0.04451	0.07068	0.08018	0.09757	0.02160	0.04320	0.01993	0.01213	0.01442	0.00918	0.00623	0.00617	0.00198	0.00938	0.00516	0.00310	0.00927
27	0.01862	0.38322	0.07930	0.01496	0.06649	0.15292	0.01279	0.10267	0.01672	0.01971	0.01486	0.01601	0.06247	0.00700	0.00539	0.00168	0.00792	0.00498	0.00365	0.00864
28	0.01018	0.00777	0.01129	0.08654	0.01503	0.00747	0.05873	0.01193	0.01342	0.04854	0.03765	0.32877	0.21772	0.06360	0.01033	0.04112	0.00507	0.01354	0.00538	0.00592
29	0.01547	0.01726	0.14149	0.15215	0.24701	0.03521	0.04062	0.06796	0.01578	0.05395	0.03809	0.08422	0.01464	0.00785	0.00666	0.00205	0.00777	0.00702	0.00400	0.04080
30	0.01726	0.05349	0.02250	0.21575	0.24455	0.06320	0.04647	0.08568	0.04133	0.07122	0.01543	0.01831	0.03461	0.00712	0.00704	0.00204	0.03476	0.00610	0.00403	0.00911

[dist]
# distance from previous block
# <min> <max>
0	13

[block]
# block no. 5 follows, 33 sequences, length 13
# corresponding to MSA columns:
# 371-383
name=unknown_F
#
# <colnr> <probs for GDERKNQSTAVLIFYWHMCP>
#	G	D	E	R	K	N	Q	S	T	A	V	L	I	F	Y	W	H	M	C	P
0	0.03866	0.01677	0.02539	0.05158	0.30849	0.05430	0.15572	0.16085	0.03700	0.02550	0.03468	0.01838	0.02836	0.00684	0.00676	0.00203	0.00824	0.00652	0.00424	0.00971
1	0.03937	0.09440	0.03861	0.01630	0.06009	0.15031	0.04011	0.03640	0.17259	0.02037	0.01644	0.04582	0.03012	0.00934	0.02113	0.00225	0.15422	0.00627	0.00423	0.04164
2	0.01031	0.00823	0.01061	0.01201	0.08996	0.00775	0.00791	0.04911	0.01667	0.02215	0.25985	0.15287	0.26544	0.01463	0.00773	0.00224	0.00417	0.04560	0.00618	0.00660
3	0.00954	0.00658	0.00835	0.00841	0.00889	0.00698	0.00558	0.01052	0.01020	0.01421	0.02033	0.06634	0.02190	0.46060	0.27882	0.00753	0.01009	0.00896	0.03141	0.00478
4	0.02459	0.03138	0.01866	0.01696	0.02035	0.74221	0.01272	0.02629	0.01866	0.01611	0.01018	0.01187	0.00848	0.00678	0.00594	0.00170	0.01187	0.00424	0.00339	0.00763
5	0.01532	0.01636	0.06687	0.11144	0.31513	0.01519	0.25979	0.01991	0.01502	0.03825	0.01577	0.01943	0.04736	0.00647	0.00702	0.00210	0.00889	0.00692	0.00349	0.00926
6	0.28032	0.15598	0.01885	0.01414	0.04413	0.35103	0.01093	0.02263	0.01516	0.02058	0.00975	0.01142	0.00811	0.00633	0.00505	0.00177	0.00866	0.00395	0.00351	0.00772
7	0.01117	0.00759	0.00951	0.00928	0.01104	0.00731	0.00685	0.01530	0.09410	0.07676	0.35566	0.25600	0.08406	0.01484	0.00775	0.00227	0.00375	0.01312	0.00686	0.00677
8	0.01305	0.01036	0.01513	0.01315	0.03551	0.01017	0.11021	0.01936	0.15525	0.07439	0.32380	0.05457	0.11464	0.01133	0.00745	0.00215	0.00505	0.01025	0.00636	0.00782
9	0.02022	0.01860	0.11572	0.01590	0.05497	0.01716	0.01351	0.37324	0.14117	0.05028	0.01752	0.04026	0.01329	0.00792	0.00648	0.00198	0.00694	0.00629	0.00574	0.07284
10	0.01036	0.00860	0.01142	0.06976	0.09254	0.00842	0.00863	0.01429	0.06496	0.02256	0.34101	0.04567	0.25116	0.01274	0.00746	0.00213	0.00429	0.01106	0.00608	0.00686
11	0.02233	0.08101	0.07525	0.01618	0.02039	0.50447	0.01325	0.07340	0.09618	0.01946	0.01247	0.01362	0.00994	0.00698	0.00597	0.00179	0.01030	0.00471	0.00389	0.00841
12	0.56774	0.09976	0.05216	0.01252	0.07028	0.06648	0.00989	0.02002	0.01240	0.02597	0.00962	0.01136	0.00769	0.00609	0.00452	0.00194	0.00623	0.00385	0.00376	0.00770

[dist]
# distance from previous block
# <min> <max>
0	19

[block]
# block no. 6 follows, 33 sequences, length 59
# corresponding to MSA columns:
# 403-461
name=unknown_G
#
# <colnr> <probs for GDERKNQSTAVLIFYWHMCP>
#	G	D	E	R	K	N	Q	S	T	A	V	L	I	F	Y	W	H	M	C	P
0	0.03138	0.16404	0.28889	0.01772	0.07834	0.13023	0.03953	0.05293	0.01559	0.02055	0.03680	0.01456	0.01074	0.00640	0.00583	0.00181	0.00867	0.00490	0.00338	0.06771
1	0.00917	0.00642	0.00803	0.00884	0.00994	0.00590	0.00633	0.01068	0.01363	0.04244	0.06762	0.42464	0.19221	0.07600	0.01017	0.00285	0.00419	0.08928	0.00606	0.00561
2	0.01265	0.01086	0.03416	0.01116	0.04493	0.02951	0.00830	0.01580	0.03994	0.04959	0.12826	0.12114	0.07187	0.05849	0.03244	0.00228	0.00541	0.00850	0.00503	0.30968
3	0.01094	0.03036	0.11667	0.01220	0.03864	0.00930	0.03414	0.03812	0.01366	0.01870	0.06736	0.21808	0.08448	0.14637	0.07071	0.00363	0.00686	0.03307	0.00476	0.04195
