[name]
unknown

[dist]
# distance from previous block
# <min> <max>
0	58

[block]
# block no. 0 follows, 34 sequences, length 29
# corresponding to MSA columns:
# 58-86
name=unknown_A
#
# <colnr> <probs for GDERKNQSTAVLIFYWHMCP>
#	G	D	E	R	K	N	Q	S	T	A	V	L	I	F	Y	W	H	M	C	P
0	0.01109	0.00795	0.01084	0.01204	0.01371	0.00804	0.01050	0.04681	0.01562	0.02036	0.03332	0.07014	0.03593	0.01737	0.00881	0.00293	0.00601	0.65639	0.00597	0.00619
1	0.55436	0.01348	0.03513	0.04586	0.01560	0.01490	0.00888	0.02273	0.18740	0.02763	0.01350	0.01430	0.01027	0.00671	0.00483	0.00206	0.00535	0.00459	0.00454	0.00789
2	0.00923	0.00692	0.01038	0.01038	0.01154	0.00808	0.00808	0.01154	0.01038	0.01500	0.01731	0.02538	0.01615	0.04846	0.74732	0.01038	0.01731	0.00692	0.00346	0.00577
3	0.01607	0.01388	0.01461	0.01315	0.01680	0.01607	0.01023	0.03433	0.72094	0.02703	0.02630	0.02411	0.01972	0.00877	0.00657	0.00219	0.00511	0.00731	0.00657	0.01023
4	0.00787	0.00562	0.00750	0.00900	0.00937	0.00525	0.00600	0.00900	0.01237	0.01649	0.03561	0.76871	0.04274	0.02024	0.00825	0.00262	0.00375	0.01837	0.00600	0.00525
5	0.02049	0.01195	0.01411	0.01206	0.01597	0.01241	0.00953	0.03083	0.37079	0.31091	0.04670	0.07490	0.02098	0.00937	0.00669	0.00214	0.00512	0.00786	0.00712	0.01008
6	0.00787	0.00659	0.00680	0.00689	0.00896	0.00560	0.00521	0.00953	0.01456	0.01741	0.06204	0.06218	0.66398	0.04162	0.00856	0.00237	0.00354	0.05495	0.00593	0.00543
7	0.00800	0.00587	0.00751	0.00855	0.00932	0.00538	0.00586	0.00943	0.01342	0.01778	0.12495	0.58311	0.13939	0.01885	0.00809	0.00249	0.00360	0.01690	0.00614	0.00538
8	0.81856	0.01250	0.00950	0.00850	0.01250	0.01449	0.00700	0.01899	0.01100	0.02899	0.00900	0.01050	0.00700	0.00600	0.00400	0.00200	0.00500	0.00350	0.00400	0.00700
9	0.01320	0.00636	0.00664	0.00640	0.00814	0.00626	0.00486	0.01618	0.01389	0.07287	0.02138	0.02395	0.01652	0.00756	0.00465	0.00154	0.00318	0.00605	0.75400	0.00636
10	0.81856	0.01250	0.00950	0.00850	0.01250	0.01449	0.00700	0.01899	0.01100	0.02899	0.00900	0.01050	0.00700	0.00600	0.00400	0.00200	0.00500	0.00350	0.00400	0.00700
11	0.00941	0.00688	0.00886	0.00832	0.00992	0.00648	0.00625	0.01304	0.04501	0.02595	0.70248	0.04735	0.05940	0.01304	0.00758	0.00204	0.00313	0.01152	0.00709	0.00625
12	0.01041	0.00744	0.01041	0.01190	0.01339	0.00744	0.01041	0.01339	0.01487	0.01934	0.03421	0.07288	0.03719	0.01785	0.00892	0.00297	0.00595	0.68913	0.00595	0.00595
13	0.81856	0.01250	0.00950	0.00850	0.01250	0.01449	0.00700	0.01899	0.01100	0.02899	0.00900	0.01050	0.00700	0.00600	0.00400	0.00200	0.00500	0.00350	0.00400	0.00700
14	0.01577	0.01747	0.03709	0.02655	0.03301	0.01654	0.67057	0.05892	0.01609	0.02181	0.01321	0.01732	0.00987	0.00557	0.00756	0.00217	0.01068	0.00753	0.00344	0.00884
15	0.02899	0.01100	0.01499	0.01150	0.01649	0.00950	0.00950	0.03149	0.01849	0.73709	0.02549	0.02199	0.01599	0.00800	0.00650	0.00200	0.00550	0.00650	0.00800	0.01100
16	0.00832	0.00621	0.00773	0.00811	0.00934	0.00563	0.00579	0.01031	0.01521	0.02040	0.31395	0.32963	0.20245	0.01663	0.00787	0.00229	0.00337	0.01470	0.00644	0.00563
17	0.00787	0.00562	0.00750	0.00900	0.00937	0.00525	0.00600	0.00900	0.01237	0.01649	0.03561	0.76871	0.04274	0.02024	0.00825	0.00262	0.00375	0.01837	0.00600	0.00525
18	0.02456	0.01810	0.01939	0.01487	0.02004	0.02004	0.01228	0.71107	0.03038	0.04072	0.01551	0.01551	0.01099	0.00776	0.00646	0.00194	0.00711	0.00582	0.00646	0.01099
19	0.02879	0.01132	0.01519	0.01165	0.01665	0.00997	0.00962	0.06206	0.01903	0.70577	0.02504	0.02170	0.01577	0.00799	0.00650	0.00200	0.00557	0.00647	0.00793	0.01100
20	0.00774	0.00655	0.00669	0.00665	0.00879	0.00550	0.00499	0.00947	0.01497	0.01803	0.11087	0.06123	0.68422	0.01615	0.00764	0.00217	0.00326	0.01350	0.00608	0.00550
21	0.00923	0.00692	0.01038	0.01038	0.01154	0.00808	0.00808	0.01154	0.01038	0.01500	0.01731	0.02538	0.01615	0.04846	0.74732	0.01038	0.01731	0.00692	0.00346	0.00577
22	0.02297	0.02784	0.01952	0.01990	0.12390	0.60005	0.01354	0.06287	0.01845	0.01796	0.01061	0.01250	0.00875	0.00659	0.00594	0.00172	0.01082	0.00449	0.00348	0.00808
23	0.02899	0.01100	0.01499	0.01150	0.01649	0.00950	0.00950	0.03149	0.01849	0.73709	0.02549	0.02199	0.01599	0.00800	0.00650	0.00200	0.00550	0.00650	0.00800	0.01100
24	0.01345	0.01252	0.04120	0.01057	0.01648	0.00914	0.03478	0.01659	0.01348	0.02102	0.01155	0.01356	0.00953	0.00486	0.00494	0.00104	0.00519	0.00401	0.00377	0.75233
25	0.01647	0.01408	0.02299	0.06510	0.52102	0.01449	0.01727	0.02034	0.03487	0.08811	0.03526	0.04120	0.01336	0.00714	0.00752	0.00203	0.05873	0.00643	0.00391	0.00967
26	0.02436	0.01043	0.01373	0.01075	0.01517	0.00916	0.00876	0.04954	0.01825	0.53730	0.11294	0.02465	0.02112	0.00841	0.00642	0.00191	0.00506	0.00693	0.05189	0.06322
27	0.01971	0.13336	0.13197	0.01334	0.01871	0.03867	0.01245	0.10959	0.19311	0.18649	0.03589	0.01864	0.01453	0.00745	0.00604	0.00190	0.00655	0.00583	0.00551	0.04024
28	0.03933	0.33529	0.11960	0.01319	0.01892	0.03881	0.01274	0.20250	0.07541	0.02427	0.01262	0.01348	0.00996	0.00646	0.00529	0.00168	0.00711	0.00460	0.00415	0.05460

[dist]
# distance from previous block
# <min> <max>
0	1

[block]
# block no. 1 follows, 34 sequences, length 31
# corresponding to MSA columns:
# 88-118
name=unknown_B
#
# <colnr> <probs for GDERKNQSTAVLIFYWHMCP>
#	G	D	E	R	K	N	Q	S	T	A	V	L	I	F	Y	W	H	M	C	P
0	0.01682	0.08892	0.43041	0.01707	0.05304	0.04471	0.01857	0.07912	0.04798	0.10714	0.02767	0.01567	0.01097	0.00670	0.00609	0.00196	0.00833	0.00522	0.00397	0.00965
1	0.01457	0.01272	0.05984	0.04918	0.04900	0.03861	0.01020	0.05665	0.20350	0.09313	0.08482	0.11204	0.16634	0.01126	0.00697	0.00215	0.00540	0.00954	0.00586	0.00823
2	0.02012	0.01450	0.08865	0.09595	0.24089	0.01236	0.04259	0.02374	0.01586	0.30993	0.01870	0.05795	0.01390	0.00752	0.00657	0.00203	0.00699	0.00670	0.00521	0.00985
3	0.01879	0.06820	0.12157	0.01811	0.11645	0.03202	0.05450	0.14976	0.06337	0.14607	0.01860	0.04971	0.04255	0.00819	0.00751	0.00205	0.06150	0.00662	0.00496	0.00949
4	0.00976	0.00784	0.01203	0.05928	0.01415	0.00814	0.07387	0.01150	0.01170	0.01581	0.02455	0.30191	0.02743	0.20935	0.11877	0.00458	0.03243	0.04681	0.00455	0.00554
5	0.00924	0.00688	0.01017	0.01017	0.01125	0.00796	0.00781	0.01140	0.01032	0.01484	0.01750	0.02648	0.01663	0.09534	0.70109	0.01012	0.01659	0.00708	0.00349	0.00565
6	0.01340	0.01148	0.01340	0.00957	0.01531	0.00861	0.00766	0.01627	0.01340	0.02105	0.01148	0.01340	0.00957	0.00479	0.00479	0.00096	0.00479	0.00383	0.00383	0.81242
7	0.02335	0.01853	0.07081	0.01526	0.02071	0.01871	0.03683	0.56613	0.05652	0.08308	0.01624	0.01622	0.01143	0.00762	0.00649	0.00197	0.00723	0.00591	0.00619	0.01078
8	0.01569	0.01506	0.02503	0.07242	0.56143	0.01561	0.05242	0.02098	0.08521	0.02121	0.01343	0.01686	0.01101	0.00631	0.00709	0.00201	0.03886	0.00600	0.00351	0.00987
9	0.00764	0.00655	0.00655	0.00655	0.00873	0.00545	0.00491	0.00927	0.01473	0.01745	0.06546	0.06218	0.73000	0.01636	0.00764	0.00218	0.00327	0.01364	0.00600	0.00545
10	0.00777	0.00655	0.00673	0.00668	0.00881	0.00551	0.00501	0.00953	0.01504	0.01819	0.12343	0.06097	0.67156	0.01609	0.00764	0.00217	0.00325	0.01347	0.00610	0.00551
11	0.02163	0.01264	0.01478	0.01244	0.01667	0.01324	0.00991	0.03311	0.41864	0.33260	0.02595	0.02320	0.01812	0.00844	0.00654	0.00211	0.00528	0.00696	0.00719	0.01056
12	0.01251	0.00686	0.00704	0.00672	0.00850	0.00691	0.00511	0.05969	0.01493	0.02495	0.05757	0.02647	0.05112	0.00823	0.00494	0.00159	0.00329	0.00664	0.68063	0.00632
13	0.02414	0.03079	0.01831	0.01665	0.01998	0.74698	0.01248	0.02580	0.01831	0.01581	0.00999	0.01165	0.00832	0.00666	0.00583	0.00166	0.01165	0.00416	0.00333	0.00749
14	0.07434	0.07024	0.04328	0.01563	0.01789	0.18064	0.02953	0.06031	0.01359	0.01831	0.01010	0.01394	0.00900	0.01138	0.06066	0.00280	0.35244	0.00513	0.00329	0.00751
15	0.02020	0.38319	0.02568	0.01296	0.01791	0.10761	0.01143	0.25153	0.04361	0.02457	0.03665	0.01401	0.01140	0.00678	0.00532	0.00165	0.00734	0.00474	0.00435	0.00909
16	0.01882	0.10790	0.24735	0.01718	0.08630	0.02871	0.06477	0.02320	0.01558	0.23774	0.05091	0.01794	0.01352	0.00686	0.00617	0.00191	0.00750	0.00573	0.00468	0.03726
17	0.03875	0.01786	0.16644	0.03485	0.02122	0.03500	0.08306	0.13184	0.04541	0.14422	0.01685	0.06947	0.01324	0.00753	0.00628	0.00188	0.00713	0.00639	0.00489	0.14771
18	0.09991	0.01631	0.01750	0.01369	0.01860	0.01784	0.01126	0.50342	0.08281	0.12785	0.01705	0.01656	0.01196	0.00770	0.00624	0.00197	0.00654	0.00580	0.00644	0.01055
19	0.02596	0.01179	0.01543	0.01278	0.04313	0.01099	0.00999	0.10080	0.06196	0.54837	0.07011	0.02294	0.01843	0.00828	0.00657	0.00200	0.00556	0.00679	0.00751	0.01060
20	0.06724	0.06883	0.12872	0.02416	0.24435	0.09660	0.12824	0.04323	0.01550	0.04066	0.04757	0.01823	0.01284	0.00674	0.00634	0.00196	0.00833	0.02780	0.00369	0.00896
21	0.04252	0.01582	0.05182	0.02225	0.09289	0.03321	0.36031	0.07653	0.01626	0.09231	0.01714	0.11694	0.01474	0.00795	0.00717	0.00215	0.00858	0.00830	0.00436	0.00875
22	0.00907	0.00660	0.00854	0.00805	0.00961	0.00607	0.00604	0.01205	0.01812	0.02550	0.69699	0.04894	0.09344	0.01336	0.00762	0.00204	0.00306	0.01178	0.00706	0.00607
23	0.01527	0.05486	0.17508	0.01584	0.04943	0.04400	0.06604	0.02584	0.31455	0.04615	0.10554	0.02270	0.01996	0.00809	0.00653	0.00206	0.00673	0.00691	0.00514	0.00928
24	0.01660	0.29612	0.16804	0.02122	0.19905	0.04360	0.07207	0.02106	0.04057	0.04738	0.01195	0.01400	0.00961	0.00596	0.00562	0.00177	0.00798	0.00491	0.00328	0.00921
25	0.00815	0.00582	0.00782	0.00932	0.00982	0.00549	0.00649	0.00948	0.01265	0.01681	0.03546	0.69150	0.04212	0.01998	0.00832	0.00266	0.00399	0.09279	0.00599	0.00533
26	0.00838	0.00650	0.00763	0.00752	0.00923	0.00575	0.00557	0.01065	0.01624	0.02143	0.38161	0.11582	0.35008	0.01518	0.00768	0.00215	0.00321	0.01310	0.00653	0.00575
27	0.01820	0.02023	0.14837	0.06396	0.28711	0.09862	0.08034	0.10558	0.01710	0.07892	0.01332	0.01570	0.01008	0.00635	0.00642	0.00196	0.00855	0.00564	0.00390	0.00966
28	0.35570	0.01556	0.06145	0.01273	0.03855	0.01612	0.01053	0.18677	0.17601	0.04525	0.01505	0.01537	0.01118	0.00708	0.00543	0.00203	0.00592	0.00512	0.00514	0.00902
29	0.00928	0.00640	0.00792	0.00823	0.00858	0.00653	0.00539	0.01004	0.01039	0.01399	0.02292	0.12790	0.02585	0.50476	0.13829	0.00618	0.00765	0.07090	0.00427	0.00454
30	0.46386	0.10653	0.08606	0.01318	0.08267	0.01592	0.01072	0.06386	0.01327	0.02600	0.01013	0.01182	0.00800	0.00597	0.00466	0.00185	0.00604	0.00400	0.00380	0.06167

[dist]
# distance from previous block
# <min> <max>
0	1

[block]
# block no. 2 follows, 34 sequences, length 17
# corresponding to MSA columns:
# 120-136
name=unknown_C
#
# <colnr> <probs for GDERKNQSTAVLIFYWHMCP>
#	G	D	E	R	K	N	Q	S	T	A	V	L	I	F	Y	W	H	M	C	P
0	0.01675	0.11279	0.22889	0.01902	0.15810	0.01552	0.01586	0.10148	0.05881	0.08441	0.06205	0.01756	0.01391	0.00688	0.00605	0.00186	0.00722	0.00562	0.00431	0.06291
1	0.02456	0.01810	0.01939	0.01487	0.02004	0.02004	0.01228	0.71107	0.03038	0.04072	0.01551	0.01551	0.01099	0.00776	0.00646	0.00194	0.00711	0.00582	0.00646	0.01099
2	0.01491	0.01144	0.01355	0.00976	0.01543	0.00870	0.00784	0.01775	0.01389	0.09066	0.01285	0.01423	0.01019	0.00510	0.00495	0.00106	0.00485	0.00409	0.00423	0.73452
3	0.02347	0.02968	0.01841	0.01667	0.01977	0.69819	0.01260	0.02511	0.01775	0.01580	0.00989	0.01182	0.00833	0.00697	0.00686	0.00174	0.06193	0.00426	0.00330	0.00746
4	0.56407	0.04950	0.04262	0.00919	0.01326	0.01346	0.00797	0.01941	0.01268	0.09164	0.07879	0.01578	0.01339	0.00690	0.00469	0.00195	0.00507	0.00470	0.03752	0.00741
5	0.00930	0.00763	0.00785	0.00740	0.00984	0.00686	0.00566	0.07537	0.01637	0.02005	0.09310	0.05712	0.62982	0.01540	0.00753	0.00215	0.00362	0.01281	0.00610	0.00601
6	0.01429	0.02204	0.33444	0.03068	0.06693	0.01455	0.04321	0.07152	0.18895	0.02395	0.08853	0.02140	0.03526	0.00782	0.00653	0.00208	0.00740	0.00657	0.00451	0.00934
7	0.00902	0.00660	0.00847	0.00800	0.00958	0.00604	0.00600	0.01195	0.01800	0.02522	0.67505	0.04940	0.11555	0.01347	0.00762	0.00204	0.00307	0.01184	0.00702	0.00604
8	0.01529	0.09578	0.40745	0.01796	0.07390	0.01630	0.03636	0.12080	0.06388	0.02373	0.05697	0.01670	0.01280	0.00688	0.00618	0.00197	0.00816	0.00554	0.00385	0.00950
9	0.01836	0.01267	0.01380	0.01133	0.01494	0.01358	0.00912	0.35709	0.05652	0.06226	0.06045	0.02506	0.08986	0.01104	0.04449	0.00233	0.00600	0.00713	0.17514	0.00881
10	0.01624	0.01411	0.06516	0.01282	0.01662	0.01420	0.01057	0.05557	0.49124	0.08567	0.02543	0.09354	0.02057	0.03881	0.00770	0.00235	0.00545	0.00812	0.00626	0.00956
11	0.01292	0.00894	0.01144	0.01055	0.01236	0.00986	0.00805	0.04662	0.10709	0.08581	0.05782	0.02916	0.04838	0.14892	0.31088	0.02198	0.04996	0.00771	0.00475	0.00680
12	0.40366	0.16307	0.06629	0.01410	0.09748	0.05600	0.01105	0.05652	0.01371	0.05188	0.01056	0.01208	0.00832	0.00609	0.00477	0.00185	0.00646	0.00411	0.00383	0.00818
13	0.01564	0.18024	0.07771	0.06775	0.09628	0.11429	0.11615	0.01880	0.01398	0.01778	0.01284	0.06800	0.01175	0.02954	0.00771	0.00198	0.05655	0.00606	0.00333	0.08362
14	0.02282	0.08233	0.02127	0.01725	0.02103	0.62726	0.07786	0.02486	0.01766	0.01623	0.01021	0.01210	0.00846	0.00646	0.00588	0.00169	0.01125	0.00444	0.00328	0.00766
15	0.01550	0.05398	0.11796	0.02967	0.05347	0.06929	0.07658	0.08808	0.03324	0.06956	0.17683	0.05644	0.03914	0.00872	0.00657	0.00190	0.00669	0.00752	0.00496	0.08389
16	0.03531	0.10664	0.18196	0.17909	0.10411	0.01603	0.03723	0.11972	0.01660	0.09979	0.03433	0.01652	0.01132	0.00671	0.00613	0.00196	0.00779	0.00553	0.00410	0.00914

[dist]
# distance from previous block
# <min> <max>
0	2

[block]
# block no. 3 follows, 34 sequences, length 23
# corresponding to MSA columns:
# 139-161
name=unknown_D
#
# <colnr> <probs for GDERKNQSTAVLIFYWHMCP>
#	G	D	E	R	K	N	Q	S	T	A	V	L	I	F	Y	W	H	M	C	P
0	0.04404	0.03573	0.12348	0.02492	0.31373	0.05130	0.04968	0.07584	0.01628	0.08440	0.05996	0.06166	0.01533	0.00752	0.00646	0.00198	0.00743	0.00668	0.00425	0.00934
1	0.04538	0.06930	0.40445	0.08317	0.10795	0.01583	0.14408	0.01998	0.01386	0.02027	0.01166	0.01457	0.00870	0.00596	0.00626	0.00202	0.00917	0.00535	0.00294	0.00911
2	0.02652	0.01238	0.01555	0.01192	0.01689	0.01158	0.00982	0.17481	0.02055	0.52079	0.02234	0.02013	0.01454	0.00773	0.00632	0.00190	0.00572	0.00617	0.03284	0.06151
3	0.01816	0.15005	0.10911	0.05268	0.15917	0.04656	0.11247	0.16382	0.05704	0.04988	0.01352	0.01540	0.01035	0.00644	0.00616	0.00190	0.00807	0.00557	0.00410	0.00955
4	0.00905	0.00660	0.00850	0.00802	0.00959	0.00605	0.00602	0.01200	0.01805	0.02535	0.68534	0.04918	0.10518	0.01342	0.00762	0.00204	0.00306	0.01181	0.00704	0.00605
5	0.00859	0.00658	0.00787	0.00755	0.00931	0.00586	0.00566	0.01113	0.01699	0.02282	0.48662	0.05335	0.30548	0.01436	0.00763	0.00209	0.00313	0.01240	0.00671	0.00586
6	0.00828	0.00636	0.00730	0.00744	0.00887	0.00568	0.00528	0.00998	0.01456	0.01882	0.22273	0.18047	0.35294	0.10919	0.01084	0.00272	0.00367	0.01345	0.00603	0.00539
7	0.00803	0.00574	0.00764	0.00889	0.00941	0.00535	0.00601	0.00939	0.01309	0.01764	0.11997	0.68109	0.04495	0.01939	0.00817	0.00255	0.00366	0.01756	0.00613	0.00535
8	0.55956	0.01200	0.01130	0.00948	0.01381	0.01286	0.00782	0.02309	0.01346	0.26127	0.01441	0.01427	0.00995	0.00665	0.00482	0.00200	0.00516	0.00448	0.00531	0.00831
9	0.01436	0.01212	0.01313	0.01211	0.01515	0.01371	0.00928	0.02895	0.56076	0.02573	0.10909	0.10936	0.02707	0.01055	0.00688	0.00222	0.00472	0.00904	0.00657	0.00920
10	0.01599	0.01535	0.02623	0.03966	0.73262	0.01535	0.01983	0.01983	0.01471	0.02111	0.01215	0.01599	0.01023	0.00576	0.00640	0.00192	0.00768	0.00576	0.00320	0.01023
11	0.01340	0.01148	0.01340	0.00957	0.01531	0.00861	0.00766	0.01627	0.01340	0.02105	0.01148	0.01340	0.00957	0.00479	0.00479	0.00096	0.00479	0.00383	0.00383	0.81242
12	0.00953	0.00690	0.00906	0.00894	0.00944	0.00765	0.00618	0.01060	0.00985	0.01374	0.01851	0.03367	0.01963	0.42295	0.34464	0.00791	0.04411	0.00815	0.00367	0.00486
13	0.00900	0.00742	0.01150	0.01094	0.01251	0.00701	0.09159	0.01102	0.01337	0.01783	0.09792	0.43279	0.13381	0.02031	0.08785	0.00329	0.00595	0.01456	0.00549	0.00583
14	0.01523	0.00787	0.01050	0.00929	0.01177	0.00706	0.00715	0.01787	0.01763	0.24821	0.42376	0.12763	0.04462	0.01243	0.00734	0.00209	0.00390	0.01087	0.00726	0.00753
15	0.01395	0.03094	0.60034	0.02016	0.06288	0.05669	0.08449	0.02076	0.01410	0.02025	0.01166	0.01398	0.00844	0.00609	0.00627	0.00203	0.00970	0.00504	0.00283	0.00939
16	0.01583	0.04930	0.22054	0.02020	0.11390	0.01415	0.16699	0.04359	0.03078	0.08251	0.01419	0.01740	0.01093	0.00631	0.00632	0.00187	0.00805	0.02627	0.00385	0.14701
17	0.00965	0.00712	0.00910	0.00860	0.01026	0.00680	0.00652	0.01370	0.06460	0.02575	0.65792	0.04755	0.05739	0.01308	0.00760	0.00208	0.00329	0.03561	0.00704	0.00636
18	0.00842	0.00602	0.00813	0.00963	0.01024	0.00572	0.00696	0.00995	0.01291	0.01711	0.03531	0.61771	0.04153	0.01972	0.00839	0.00270	0.00423	0.16393	0.00599	0.00540
19	0.01838	0.12302	0.11136	0.11604	0.13143	0.20517	0.07572	0.10585	0.01703	0.02066	0.01151	0.01407	0.00908	0.00631	0.00604	0.00185	0.00915	0.00509	0.00348	0.00875
20	0.25871	0.13785	0.14944	0.01625	0.08519	0.01687	0.08592	0.09485	0.01484	0.02454	0.01103	0.01298	0.00858	0.00599	0.00532	0.00186	0.00719	0.00463	0.00369	0.05428
21	0.00878	0.00647	0.00823	0.00820	0.00961	0.00609	0.00607	0.01119	0.01566	0.02160	0.39898	0.15765	0.16900	0.01896	0.09759	0.00315	0.00493	0.01231	0.02973	0.00581
22	0.09138	0.03753	0.05317	0.09160	0.27343	0.05180	0.07417	0.08558	0.01582	0.03882	0.01525	0.01774	0.05051	0.00664	0.00613	0.00189	0.00747	0.00583	0.00385	0.07136

[dist]
# distance from previous block
# <min> <max>
1	4

[block]
# block no. 4 follows, 34 sequences, length 20
# corresponding to MSA columns:
# 166-185
name=unknown_E
#
# <colnr> <probs for GDERKNQSTAVLIFYWHMCP>
#	G	D	E	R	K	N	Q	S	T	A	V	L	I	F	Y	W	H	M	C	P
0	0.19336	0.03296	0.15704	0.01844	0.12387	0.06106	0.06968	0.10913	0.05974	0.05384	0.01317	0.01503	0.01001	0.00793	0.02995	0.00227	0.02419	0.00525	0.00411	0.00898
1	0.27899	0.13996	0.11247	0.01258	0.01762	0.11998	0.01160	0.09703	0.06878	0.06777	0.01248	0.01332	0.00948	0.00655	0.00517	0.00187	0.00711	0.00447	0.00424	0.00853
2	0.01612	0.01531	0.02590	0.07581	0.55758	0.01536	0.07911	0.06137	0.01555	0.02200	0.01237	0.01604	0.01012	0.00585	0.00644	0.00191	0.00785	0.00584	0.00341	0.04607
3	0.00916	0.00763	0.01171	0.01135	0.01255	0.00754	0.08374	0.01091	0.01295	0.01738	0.06457	0.55011	0.08674	0.01740	0.00902	0.00253	0.05772	0.01565	0.00553	0.00581
4	0.00813	0.00605	0.00759	0.00841	0.00940	0.00551	0.00591	0.00976	0.01401	0.01849	0.16852	0.47036	0.18900	0.01808	0.00802	0.00243	0.00358	0.03506	0.00620	0.00547
5	0.00775	0.00652	0.00673	0.00675	0.00882	0.00549	0.00503	0.00947	0.01490	0.01803	0.11192	0.08642	0.65754	0.01628	0.00766	0.00219	0.00327	0.01367	0.00608	0.00549
6	0.02456	0.01810	0.01939	0.01487	0.02004	0.02004	0.01228	0.71107	0.03038	0.04072	0.01551	0.01551	0.01099	0.00776	0.00646	0.00194	0.00711	0.00582	0.00646	0.01099
7	0.00783	0.00577	0.00734	0.00860	0.00927	0.00528	0.00582	0.00904	0.01275	0.01665	0.04043	0.65476	0.15357	0.01962	0.00815	0.00255	0.00367	0.01761	0.00600	0.00528
8	0.02478	0.00999	0.01343	0.01062	0.01485	0.00874	0.00865	0.02740	0.01816	0.57992	0.13788	0.02633	0.02323	0.00880	0.00656	0.00197	0.00495	0.00730	0.05651	0.00991
9	0.02805	0.01121	0.01497	0.01162	0.01652	0.00998	0.00955	0.03170	0.06968	0.68535	0.02555	0.02215	0.01627	0.00805	0.00650	0.00201	0.00547	0.00656	0.00789	0.01094
10	0.81856	0.01250	0.00950	0.00850	0.01250	0.01449	0.00700	0.01899	0.01100	0.02899	0.00900	0.01050	0.00700	0.00600	0.00400	0.00200	0.00500	0.00350	0.00400	0.00700
11	0.01087	0.00574	0.00834	0.00830	0.00853	0.00564	0.00561	0.00876	0.00953	0.01271	0.07046	0.02415	0.05335	0.02140	0.02293	0.70538	0.00529	0.00652	0.00331	0.00320
12	0.01652	0.01408	0.01515	0.04456	0.01820	0.01628	0.01070	0.08204	0.64173	0.02757	0.02490	0.02320	0.01863	0.00860	0.00656	0.00217	0.00540	0.00713	0.00641	0.01015
13	0.00789	0.00637	0.00686	0.00710	0.00877	0.00551	0.00509	0.00939	0.01412	0.01738	0.09225	0.18357	0.52272	0.07201	0.00958	0.00255	0.00356	0.01405	0.00591	0.00534
14	0.14225	0.17396	0.30529	0.01458	0.02131	0.04262	0.01580	0.17032	0.01692	0.02500	0.01147	0.01284	0.00864	0.00636	0.00547	0.00187	0.00786	0.00452	0.00377	0.00915
15	0.04581	0.01625	0.03329	0.02564	0.08074	0.01552	0.55719	0.04400	0.01537	0.02144	0.01458	0.07174	0.01217	0.00665	0.00740	0.00218	0.00978	0.00805	0.00360	0.00859
16	0.00804	0.00581	0.00733	0.00848	0.00900	0.00540	0.00561	0.00908	0.01225	0.01609	0.03693	0.59757	0.11575	0.11672	0.01135	0.00304	0.00402	0.01669	0.00573	0.00510
17	0.09043	0.01722	0.07396	0.04119	0.02342	0.05447	0.21978	0.17413	0.08840	0.06974	0.04431	0.01822	0.01325	0.00702	0.00652	0.00203	0.00791	0.00642	0.03249	0.00910
18	0.04469	0.07489	0.06722	0.01798	0.06629	0.06937	0.17014	0.07145	0.01610	0.17916	0.01636	0.06228	0.01301	0.00932	0.03592	0.00238	0.06319	0.00672	0.00464	0.00891
19	0.01014	0.00833	0.01311	0.04866	0.01475	0.00974	0.05127	0.01257	0.01072	0.01536	0.01619	0.02432	0.01510	0.07130	0.57848	0.00871	0.07492	0.00691	0.00339	0.00604

[dist]
# distance from previous block
# <min> <max>
0	3

[block]
# block no. 5 follows, 34 sequences, length 158
# corresponding to MSA columns:
# 189-346
name=unknown_F
#
# <colnr> <probs for GDERKNQSTAVLIFYWHMCP>
#	G	D	E	R	K	N	Q	S	T	A	V	L	I	F	Y	W	H	M	C	P
0	0.03872	0.01381	0.01489	0.01261	0.01640	0.01544	0.01000	0.24280	0.33631	0.06600	0.02137	0.02166	0.01618	0.03693	0.04676	0.00263	0.00629	0.00666	0.06488	0.00966
1	0.03737	0.04188	0.07162	0.05442	0.16683	0.03267	0.03225	0.12006	0.04396	0.07123	0.01348	0.01534	0.01042	0.00631	0.00635	0.00171	0.03281	0.00514	0.00424	0.23191
2	0.01613	0.01445	0.01833	0.08831	0.20735	0.08450	0.03070	0.09638	0.11039	0.03919	0.03557	0.03859	0.01460	0.01310	0.10901	0.00311	0.00863	0.00648	0.03194	0.03324
3	0.00966	0.00698	0.00881	0.00821	0.00990	0.00654	0.00619	0.03638	0.01836	0.02584	0.64312	0.04735	0.10038	0.01307	0.00750	0.00202	0.00320	0.01145	0.02881	0.00622
4	0.02211	0.01550	0.01680	0.01329	0.01777	0.01695	0.01084	0.49775	0.09811	0.08340	0.04269	0.01888	0.01455	0.00804	0.00631	0.00193	0.00622	0.00624	0.09242	0.01021
5	0.01220	0.01148	0.01938	0.75739	0.04450	0.01436	0.01794	0.01651	0.01292	0.01651	0.01148	0.01723	0.00861	0.00646	0.00646	0.00215	0.00861	0.00574	0.00287	0.00718
6	0.00886	0.00659	0.00824	0.00783	0.00948	0.00598	0.00587	0.01165	0.01762	0.02433	0.60476	0.05087	0.18641	0.01380	0.00762	0.00206	0.00309	0.01205	0.00690	0.00598
7	0.01041	0.00744	0.01041	0.01190	0.01339	0.00744	0.01041	0.01339	0.01487	0.01934	0.03421	0.07288	0.03719	0.01785	0.00892	0.00297	0.00595	0.68913	0.00595	0.00595
8	0.01607	0.01388	0.01461	0.01315	0.01680	0.01607	0.01023	0.03433	0.72094	0.02703	0.02630	0.02411	0.01972	0.00877	0.00657	0.00219	0.00511	0.00731	0.00657	0.01023
9	0.02414	0.03079	0.01831	0.01665	0.01998	0.74698	0.01248	0.02580	0.01831	0.01581	0.00999	0.01165	0.00832	0.00666	0.00583	0.00166	0.01165	0.00416	0.00333	0.00749
10	0.01607	0.01388	0.01461	0.01315	0.01680	0.01607	0.01023	0.03433	0.72094	0.02703	0.02630	0.02411	0.01972	0.00877	0.00657	0.00219	0.00511	0.00731	0.00657	0.01023
11	0.01340	0.01148	0.01340	0.00957	0.01531	0.00861	0.00766	0.01627	0.01340	0.02105	0.01148	0.01340	0.00957	0.00479	0.00479	0.00096	0.00479	0.00383	0.00383	0.81242
12	0.02899	0.01100	0.01499	0.01150	0.01649	0.00950	0.00950	0.03149	0.01849	0.73709	0.02549	0.02199	0.01599	0.00800	0.00650	0.00200	0.00550	0.00650	0.00800	0.01100
13	0.01585	0.01520	0.02596	0.06734	0.70608	0.01531	0.01976	0.01970	0.01464	0.02093	0.01213	0.01604	0.01017	0.00578	0.00640	0.00193	0.00771	0.00576	0.00319	0.01012
14	0.00928	0.00671	0.00929	0.00929	0.01007	0.00748	0.00672	0.01084	0.01006	0.01419	0.01830	0.03091	0.01855	0.28523	0.51382	0.00904	0.01370	0.00773	0.00361	0.00516
15	0.81856	0.01250	0.00950	0.00850	0.01250	0.01449	0.00700	0.01899	0.01100	0.02899	0.00900	0.01050	0.00700	0.00600	0.00400	0.00200	0.00500	0.00350	0.00400	0.00700
16	0.00942	0.00673	0.00980	0.00980	0.01071	0.00764	0.00735	0.01100	0.01009	0.01437	0.01716	0.02698	0.01663	0.13577	0.59672	0.07902	0.01493	0.00712	0.00346	0.00528
17	0.81856	0.01250	0.00950	0.00850	0.01250	0.01449	0.00700	0.01899	0.01100	0.02899	0.00900	0.01050	0.00700	0.00600	0.00400	0.00200	0.00500	0.00350	0.00400	0.00700
18	0.01469	0.00889	0.00979	0.00913	0.01154	0.00932	0.00727	0.07915	0.13241	0.07284	0.02355	0.02989	0.01939	0.00920	0.00576	0.00189	0.00428	0.09979	0.44376	0.00747
19	0.02899	0.01100	0.01499	0.01150	0.01649	0.00950	0.00950	0.03149	0.01849	0.73709	0.02549	0.02199	0.01599	0.00800	0.00650	0.00200	0.00550	0.00650	0.00800	0.01100
20	0.01033	0.00689	0.00887	0.00821	0.01003	0.00627	0.00622	0.01322	0.01799	0.07252	0.62342	0.04775	0.11737	0.01314	0.00755	0.00204	0.00323	0.01151	0.00707	0.00637
21	0.00858	0.00649	0.00792	0.00776	0.00936	0.00582	0.00574	0.01102	0.01665	0.02250	0.46617	0.12609	0.25262	0.01484	0.00769	0.00214	0.00318	0.01293	0.00668	0.00582
22	0.02474	0.01614	0.01787	0.01377	0.01872	0.01734	0.01135	0.54769	0.02728	0.17000	0.01767	0.01717	0.01222	0.00779	0.00637	0.00193	0.00659	0.00596	0.04868	0.01073
23	0.01396	0.01398	0.01838	0.01601	0.01635	0.05613	0.01319	0.01552	0.01040	0.01549	0.00981	0.01560	0.00956	0.01633	0.12331	0.00384	0.61652	0.00576	0.00294	0.00691
24	0.02494	0.01749	0.01901	0.01458	0.01973	0.01913	0.01204	0.65288	0.02936	0.10035	0.01637	0.01607	0.01142	0.00778	0.00647	0.00194	0.00697	0.00588	0.00660	0.01099
25	0.01998	0.05630	0.10501	0.01307	0.01854	0.03053	0.01176	0.16846	0.15068	0.18057	0.01798	0.01753	0.01289	0.00709	0.00599	0.00179	0.00633	0.00557	0.00559	0.16431
26	0.03847	0.15119	0.15224	0.03515	0.02135	0.07930	0.06877	0.10140	0.03426	0.21293	0.01549	0.01594	0.01102	0.00691	0.00639	0.00191	0.02767	0.00538	0.00478	0.00946
27	0.01006	0.00747	0.00903	0.00848	0.01033	0.00728	0.00641	0.01488	0.10538	0.02518	0.53688	0.04493	0.11250	0.01257	0.00729	0.00203	0.00332	0.01095	0.05848	0.00655
28	0.01972	0.03798	0.05611	0.01503	0.04331	0.11723	0.01208	0.27757	0.23166	0.02937	0.05156	0.01882	0.01533	0.00785	0.00632	0.00194	0.00700	0.00612	0.00559	0.03942
29	0.01862	0.07932	0.24344	0.01754	0.08280	0.08619	0.03972	0.13669	0.06006	0.11010	0.01591	0.01670	0.02876	0.00696	0.00616	0.00191	0.00799	0.00553	0.00445	0.03115
30	0.01642	0.15912	0.24043	0.01582	0.03840	0.05420	0.03396	0.06174	0.04101	0.07470	0.01302	0.01601	0.01050	0.04467	0.02972	0.00245	0.13018	0.00532	0.00366	0.00866
31	0.01605	0.12041	0.21767	0.04015	0.02844	0.11737	0.32744	0.02106	0.01492	0.01916	0.01170	0.01474	0.00895	0.00583	0.00651	0.00197	0.01008	0.00582	0.00306	0.00867
32	0.01497	0.01431	0.02439	0.23255	0.54769	0.01508	0.01932	0.01894	0.01423	0.01987	0.01197	0.01632	0.00980	0.00595	0.00641	0.00198	0.00793	0.00575	0.00311	0.00941
33	0.01751	0.01570	0.09062	0.01862	0.11259	0.03246	0.13211	0.07595	0.08460	0.14156	0.01831	0.04907	0.01488	0.03657	0.00763	0.00215	0.00726	0.04232	0.00489	0.09518
34	0.00887	0.00692	0.00928	0.09955	0.01399	0.00701	0.00758	0.01146	0.05328	0.01742	0.05169	0.54839	0.10545	0.01737	0.00786	0.00248	0.00435	0.01558	0.00568	0.00581
35	0.01053	0.00763	0.00964	0.00886	0.01070	0.00735	0.00680	0.07253	0.01920	0.02692	0.63966	0.04643	0.05570	0.01293	0.00757	0.00206	0.00352	0.03845	0.00701	0.00651
36	0.02097	0.03690	0.02231	0.04176	0.18720	0.13447	0.07403	0.30987	0.02186	0.04628	0.01377	0.01548	0.01043	0.00683	0.00634	0.00189	0.00818	0.00566	0.02601	0.00976
37	0.01372	0.02628	0.44244	0.07076	0.03113	0.01544	0.26683	0.02028	0.01416	0.02028	0.01211	0.01523	0.00879	0.00591	0.00669	0.00210	0.00996	0.00585	0.00293	0.00909
38	0.00786	0.00566	0.00746	0.00890	0.00935	0.00526	0.00595	0.00901	0.01247	0.01653	0.03681	0.74026	0.07040	0.02009	0.00822	0.00261	0.00373	0.01818	0.00600	0.00526
39	0.00833	0.00653	0.00727	0.00711	0.00881	0.00576	0.00516	0.01021	0.01517	0.01949	0.26812	0.05530	0.43058	0.11109	0.01083	0.00265	0.00358	0.01249	0.00609	0.00546
40	0.22458	0.07402	0.01959	0.06545	0.02073	0.01833	0.07135	0.37438	0.02161	0.03238	0.01287	0.01413	0.00950	0.00685	0.00576	0.00195	0.00699	0.00520	0.00503	0.00931
41	0.01461	0.01530	0.02427	0.04805	0.02227	0.03850	0.18625	0.01714	0.01157	0.01687	0.00977	0.01500	0.00881	0.00954	0.01686	0.00261	0.52602	0.00611	0.00295	0.00749
42	0.00875	0.00641	0.00821	0.00814	0.00951	0.00587	0.00596	0.01129	0.01680	0.02326	0.52985	0.18876	0.12338	0.01488	0.00774	0.00216	0.00321	0.01317	0.00679	0.00587
43	0.81856	0.01250	0.00950	0.00850	0.01250	0.01449	0.00700	0.01899	0.01100	0.02899	0.00900	0.01050	0.00700	0.00600	0.00400	0.00200	0.00500	0.00350	0.00400	0.00700
44	0.01467	0.03351	0.01852	0.02306	0.31079	0.01358	0.01338	0.07243	0.17067	0.02297	0.04648	0.13873	0.04726	0.00992	0.00685	0.00213	0.00605	0.03506	0.00495	0.00898
45	0.01105	0.00632	0.00747	0.00745	0.00885	0.00664	0.00567	0.01385	0.01284	0.02145	0.05695	0.02574	0.01876	0.02015	0.22837	0.00421	0.00732	0.00659	0.52437	0.00595
46	0.00831	0.00649	0.00753	0.00744	0.00918	0.00571	0.00552	0.01051	0.01605	0.02101	0.34884	0.11845	0.38115	0.01535	0.00768	0.00216	0.00322	0.01321	0.00648	0.00571
47	0.01286	0.03238	0.71009	0.01815	0.02738	0.01470	0.02333	0.02018	0.01369	0.02042	0.01251	0.01603	0.00935	0.00661	0.00625	0.00208	0.00940	0.03233	0.00286	0.00940
48	0.00787	0.00562	0.00750	0.00900	0.00937	0.00525	0.00600	0.00900	0.01237	0.01649	0.03561	0.76871	0.04274	0.02024	0.00825	0.00262	0.00375	0.01837	0.00600	0.00525
49	0.01340	0.01148	0.01340	0.00957	0.01531	0.00861	0.00766	0.01627	0.01340	0.02105	0.01148	0.01340	0.00957	0.00479	0.00479	0.00096	0.00479	0.00383	0.00383	0.81242
50	0.01296	0.03342	0.73944	0.01842	0.02797	0.01501	0.02387	0.02046	0.01364	0.02046	0.01160	0.01364	0.00818	0.00614	0.00614	0.00205	0.00955	0.00477	0.00273	0.00955
51	0.01556	0.01491	0.02544	0.12232	0.65337	0.01524	0.01961	0.01945	0.01451	0.02058	0.01208	0.01613	0.01005	0.00584	0.00640	0.00195	0.00778	0.00576	0.00316	0.00988
52	0.02414	0.03079	0.01831	0.01665	0.01998	0.74698	0.01248	0.02580	0.01831	0.01581	0.00999	0.01165	0.00832	0.00666	0.00583	0.00166	0.01165	0.00416	0.00333	0.00749
53	0.01041	0.00744	0.01041	0.01190	0.01339	0.00744	0.01041	0.01339	0.01487	0.01934	0.03421	0.07288	0.03719	0.01785	0.00892	0.00297	0.00595	0.68913	0.00595	0.00595
54	0.01727	0.77681	0.03386	0.01106	0.01658	0.02557	0.01106	0.01935	0.01313	0.01520	0.00898	0.01036	0.00829	0.00553	0.00415	0.00138	0.00691	0.00345	0.00276	0.00829
55	0.02899	0.01100	0.01499	0.01150	0.01649	0.00950	0.00950	0.03149	0.01849	0.73709	0.02549	0.02199	0.01599	0.00800	0.00650	0.00200	0.00550	0.00650	0.00800	0.01100
56	0.02899	0.01100	0.01499	0.01150	0.01649	0.00950	0.00950	0.03149	0.01849	0.73709	0.02549	0.02199	0.01599	0.00800	0.00650	0.00200	0.00550	0.00650	0.00800	0.01100
57	0.01607	0.01388	0.01461	0.01315	0.01680	0.01607	0.01023	0.03433	0.72094	0.02703	0.02630	0.02411	0.01972	0.00877	0.00657	0.00219	0.00511	0.00731	0.00657	0.01023
58	0.02821	0.01224	0.01577	0.01209	0.01712	0.01135	0.00999	0.15080	0.02058	0.61483	0.02374	0.02085	0.01512	0.00795	0.00649	0.00199	0.00578	0.00638	0.00773	0.01099
59	0.00787	0.00562	0.00750	0.00900	0.00937	0.00525	0.00600	0.00900	0.01237	0.01649	0.03561	0.76871	0.04274	0.02024	0.00825	0.00262	0.00375	0.01837	0.00600	0.00525
60	0.00904	0.00660	0.00850	0.00802	0.00959	0.00605	0.00602	0.01200	0.01805	0.02535	0.68501	0.04919	0.10552	0.01342	0.00762	0.00204	0.00306	0.01182	0.00704	0.00605
61	0.81856	0.01250	0.00950	0.00850	0.01250	0.01449	0.00700	0.01899	0.01100	0.02899	0.00900	0.01050	0.00700	0.00600	0.00400	0.00200	0.00500	0.00350	0.00400	0.00700
62	0.02456	0.01810	0.01939	0.01487	0.02004	0.02004	0.01228	0.71107	0.03038	0.04072	0.01551	0.01551	0.01099	0.00776	0.00646	0.00194	0.00711	0.00582	0.00646	0.01099
63	0.81856	0.01250	0.00950	0.00850	0.01250	0.01449	0.00700	0.01899	0.01100	0.02899	0.00900	0.01050	0.00700	0.00600	0.00400	0.00200	0.00500	0.00350	0.00400	0.00700
64	0.01340	0.01148	0.01340	0.00957	0.01531	0.00861	0.00766	0.01627	0.01340	0.02105	0.01148	0.01340	0.00957	0.00479	0.00479	0.00096	0.00479	0.00383	0.00383	0.81242
65	0.02899	0.01100	0.01499	0.01150	0.01649	0.00950	0.00950	0.03149	0.01849	0.73709	0.02549	0.02199	0.01599	0.00800	0.00650	0.00200	0.00550	0.00650	0.00800	0.01100
66	0.00938	0.00633	0.00738	0.00738	0.00749	0.00644	0.00433	0.00961	0.00949	0.01277	0.02006	0.04061	0.02276	0.70099	0.10383	0.00667	0.00736	0.00915	0.00387	0.00410
67	0.01278	0.00741	0.00980	0.00875	0.01091	0.00672	0.00672	0.01573	0.01833	0.15622	0.60027	0.04345	0.05273	0.01225	0.00742	0.00203	0.00350	0.01073	0.00727	0.00699
68	0.00787	0.00562	0.00750	0.00900	0.00937	0.00525	0.00600	0.00900	0.01237	0.01649	0.03561	0.76871	0.04274	0.02024	0.00825	0.00262	0.00375	0.01837	0.00600	0.00525
69	0.00787	0.00562	0.00750	0.00900	0.00937	0.00525	0.00600	0.00900	0.01237	0.01649	0.03561	0.76871	0.04274	0.02024	0.00825	0.00262	0.00375	0.01837	0.00600	0.00525
70	0.01032	0.00730	0.01014	0.01146	0.01290	0.00725	0.00989	0.01298	0.01464	0.01904	0.05062	0.06941	0.06060	0.01791	0.00962	0.04125	0.00577	0.61727	0.00583	0.00579
71	0.00810	0.00605	0.00760	0.00875	0.00967	0.00555	0.00624	0.00956	0.01321	0.01704	0.04253	0.52233	0.20497	0.01905	0.00818	0.00256	0.00389	0.09335	0.00599	0.00538
72	0.01296	0.03342	0.73944	0.01842	0.02797	0.01501	0.02387	0.02046	0.01364	0.02046	0.01160	0.01364	0.00818	0.00614	0.00614	0.00205	0.00955	0.00477	0.00273	0.00955
73	0.06690	0.01743	0.01864	0.01435	0.01945	0.01919	0.01186	0.63886	0.02873	0.07649	0.01569	0.01559	0.01104	0.00768	0.00633	0.00195	0.00691	0.00573	0.00641	0.01078
74	0.00901	0.00644	0.00880	0.01030	0.01117	0.00623	0.00798	0.01096	0.01349	0.01777	0.03498	0.45697	0.04025	0.01917	0.00855	0.00278	0.00473	0.31887	0.00598	0.00556
75	0.01084	0.00793	0.01073	0.01199	0.01365	0.00810	0.01040	0.01498	0.06873	0.01992	0.03361	0.06916	0.03585	0.01716	0.00875	0.00292	0.00589	0.63712	0.00600	0.00628
76	0.01296	0.03342	0.73944	0.01842	0.02797	0.01501	0.02387	0.02046	0.01364	0.02046	0.01160	0.01364	0.00818	0.00614	0.00614	0.00205	0.00955	0.00477	0.00273	0.00955
77	0.09408	0.01597	0.01752	0.01354	0.01857	0.01712	0.01118	0.49440	0.02596	0.20056	0.01726	0.01658	0.01180	0.00766	0.00626	0.00196	0.00656	0.00577	0.00661	0.01065
78	0.81856	0.01250	0.00950	0.00850	0.01250	0.01449	0.00700	0.01899	0.01100	0.02899	0.00900	0.01050	0.00700	0.00600	0.00400	0.00200	0.00500	0.00350	0.00400	0.00700
79	0.00779	0.00633	0.00691	0.00723	0.00894	0.00545	0.00524	0.00940	0.01441	0.01779	0.10263	0.22754	0.52370	0.01707	0.00778	0.00228	0.00337	0.01462	0.00607	0.00545
80	0.01578	0.01541	0.02713	0.06491	0.63917	0.01541	0.08691	0.01979	0.01470	0.02090	0.01222	0.01618	0.01013	0.00575	0.00652	0.00195	0.00802	0.00594	0.00319	0.00997
81	0.00981	0.00701	0.00972	0.01121	0.01244	0.00692	0.00937	0.01235	0.01428	0.01866	0.03454	0.23779	0.03850	0.01842	0.00876	0.00289	0.00543	0.53016	0.00596	0.00578
82	0.81856	0.01250	0.00950	0.00850	0.01250	0.01449	0.00700	0.01899	0.01100	0.02899	0.00900	0.01050	0.00700	0.00600	0.00400	0.00200	0.00500	0.00350	0.00400	0.00700
83	0.00764	0.00655	0.00655	0.00655	0.00873	0.00545	0.00491	0.00927	0.01473	0.01745	0.06546	0.06218	0.73000	0.01636	0.00764	0.00218	0.00327	0.01364	0.00600	0.00545
84	0.01340	0.01148	0.01340	0.00957	0.01531	0.00861	0.00766	0.01627	0.01340	0.02105	0.01148	0.01340	0.00957	0.00479	0.00479	0.00096	0.00479	0.00383	0.00383	0.81242
85	0.00798	0.00570	0.00759	0.00897	0.00936	0.00539	0.00600	0.00911	0.01218	0.01628	0.03433	0.71266	0.04099	0.05033	0.03707	0.00306	0.00436	0.01759	0.00582	0.00522
86	0.01570	0.06805	0.08869	0.09323	0.46801	0.04110	0.09292	0.01987	0.01455	0.02005	0.01186	0.01552	0.00968	0.00583	0.00634	0.00193	0.00834	0.00566	0.00311	0.00954
87	0.01290	0.03029	0.63171	0.01847	0.02723	0.01452	0.08041	0.01993	0.01409	0.02085	0.05951	0.01627	0.01184	0.00655	0.00636	0.00206	0.00923	0.00547	0.00307	0.00925
88	0.02456	0.01810	0.01939	0.01487	0.02004	0.02004	0.01228	0.71107	0.03038	0.04072	0.01551	0.01551	0.01099	0.00776	0.00646	0.00194	0.00711	0.00582	0.00646	0.01099
89	0.01283	0.01185	0.01956	0.37470	0.26772	0.01320	0.01639	0.01678	0.03015	0.01829	0.01610	0.14296	0.01514	0.00859	0.00674	0.00215	0.00740	0.00790	0.00359	0.00795
90	0.01364	0.02615	0.45640	0.09953	0.08794	0.01524	0.14633	0.02046	0.03554	0.02034	0.01235	0.01522	0.00904	0.00610	0.00648	0.00208	0.00940	0.00555	0.00300	0.00922
91	0.01213	0.00612	0.00639	0.00642	0.00793	0.00605	0.00478	0.01497	0.01358	0.04238	0.02245	0.08826	0.01880	0.00864	0.00489	0.00162	0.00314	0.00710	0.71826	0.00609
92	0.02813	0.01177	0.01540	0.01187	0.01684	0.01072	0.00979	0.09602	0.04369	0.64674	0.02457	0.02145	0.01565	0.00800	0.00650	0.00200	0.00564	0.00646	0.00780	0.01097
93	0.01196	0.00742	0.00936	0.00951	0.01145	0.00687	0.00737	0.01457	0.04204	0.12837	0.07654	0.27028	0.20418	0.01612	0.00788	0.00245	0.00438	0.15630	0.00637	0.00656
94	0.01616	0.01593	0.02601	0.05508	0.60528	0.04388	0.06644	0.02072	0.04830	0.02104	0.01279	0.01634	0.01054	0.00593	0.00647	0.00195	0.00795	0.00590	0.00336	0.00994
95	0.00914	0.00660	0.00864	0.00813	0.00965	0.00610	0.00610	0.01219	0.01829	0.02591	0.72921	0.04827	0.06097	0.01321	0.00762	0.00203	0.00305	0.01169	0.00711	0.00610
96	0.00824	0.00593	0.00788	0.00922	0.00986	0.00557	0.00651	0.00971	0.01306	0.01734	0.06949	0.61864	0.07057	0.01945	0.00828	0.00262	0.00397	0.10220	0.00604	0.00538
97	0.01306	0.03280	0.71484	0.01915	0.05227	0.01502	0.02373	0.02044	0.01368	0.02048	0.01161	0.01372	0.00826	0.00613	0.00615	0.00204	0.00948	0.00481	0.00274	0.00957
98	0.81856	0.01250	0.00950	0.00850	0.01250	0.01449	0.00700	0.01899	0.01100	0.02899	0.00900	0.01050	0.00700	0.00600	0.00400	0.00200	0.00500	0.00350	0.00400	0.00700
99	0.01607	0.01388	0.01461	0.01315	0.01680	0.01607	0.01023	0.03433	0.72094	0.02703	0.02630	0.02411	0.01972	0.00877	0.00657	0.00219	0.00511	0.00731	0.00657	0.01023
100	0.02251	0.01067	0.01356	0.01093	0.01496	0.01000	0.00883	0.08532	0.07281	0.43761	0.16939	0.02804	0.04304	0.00930	0.00670	0.00201	0.00498	0.00773	0.03198	0.00964
101	0.01604	0.01519	0.02553	0.08660	0.66221	0.01545	0.01944	0.04345	0.01513	0.02148	0.01223	0.01606	0.01015	0.00587	0.00640	0.00194	0.00772	0.00576	0.00329	0.01006
102	0.01041	0.00744	0.01041	0.01190	0.01339	0.00744	0.01041	0.01339	0.01487	0.01934	0.03421	0.07288	0.03719	0.01785	0.00892	0.00297	0.00595	0.68913	0.00595	0.00595
103	0.01175	0.00706	0.00935	0.00876	0.01058	0.00643	0.00656	0.01439	0.01730	0.12552	0.50926	0.16894	0.05142	0.01368	0.00757	0.00213	0.00352	0.01210	0.00705	0.00665
104	0.04578	0.03039	0.64721	0.01730	0.02602	0.01431	0.02179	0.02029	0.01366	0.04849	0.01317	0.04961	0.01008	0.00687	0.00617	0.00207	0.00893	0.00543	0.00314	0.00930
105	0.01390	0.01691	0.20371	0.04723	0.25813	0.01191	0.01589	0.01793	0.01447	0.08145	0.02458	0.10202	0.12893	0.00955	0.00679	0.00211	0.00686	0.02471	0.00428	0.00864
106	0.02026	0.01596	0.01697	0.01400	0.01840	0.01803	0.01124	0.36792	0.38054	0.03378	0.02098	0.01987	0.01542	0.00827	0.00652	0.00207	0.00610	0.00657	0.00652	0.01060
107	0.75034	0.04881	0.01128	0.00979	0.03984	0.01505	0.00767	0.01904	0.01124	0.02804	0.00912	0.01070	0.00718	0.00597	0.00410	0.00197	0.00519	0.00358	0.00391	0.00718
108	0.01799	0.05831	0.19589	0.01660	0.02251	0.01447	0.14977	0.10163	0.08146	0.16391	0.03519	0.04852	0.01533	0.00801	0.00672	0.00209	0.00765	0.03951	0.00503	0.00942
109	0.01517	0.01430	0.01964	0.01669	0.01714	0.01953	0.01390	0.05879	0.01138	0.03626	0.00937	0.01443	0.00884	0.01100	0.01991	0.00275	0.69461	0.00569	0.00319	0.00741
110	0.01340	0.01148	0.01340	0.00957	0.01531	0.00861	0.00766	0.01627	0.01340	0.02105	0.01148	0.01340	0.00957	0.00479	0.00479	0.00096	0.00479	0.00383	0.00383	0.81242
111	0.16219	0.01620	0.01701	0.01334	0.01822	0.01781	0.01098	0.49014	0.05715	0.11011	0.01591	0.01570	0.01121	0.00752	0.00605	0.00197	0.00649	0.00555	0.00620	0.01026
112	0.01337	0.00825	0.02934	0.00923	0.01168	0.00708	0.00742	0.01642	0.01808	0.17157	0.54009	0.04286	0.04946	0.01212	0.00740	0.00206	0.00383	0.03541	0.00714	0.00719
113	0.00787	0.00562	0.00750	0.00900	0.00937	0.00525	0.00600	0.00900	0.01237	0.01649	0.03561	0.76871	0.04274	0.02024	0.00825	0.00262	0.00375	0.01837	0.00600	0.00525
114	0.01599	0.01535	0.02623	0.03966	0.73262	0.01535	0.01983	0.01983	0.01471	0.02111	0.01215	0.01599	0.01023	0.00576	0.00640	0.00192	0.00768	0.00576	0.00320	0.01023
115	0.01414	0.01414	0.01979	0.01696	0.01696	0.01979	0.01414	0.01555	0.00990	0.01555	0.00848	0.01414	0.00848	0.01131	0.02120	0.00283	0.76110	0.00565	0.00283	0.00707
