[name]
unknown

[dist]
# distance from previous block
# <min> <max>
0	320

[block]
# block no. 0 follows, 34 sequences, length 30
# corresponding to MSA columns:
# 320-349
name=unknown_A
#
# <colnr> <probs for GDERKNQSTAVLIFYWHMCP>
#	G	D	E	R	K	N	Q	S	T	A	V	L	I	F	Y	W	H	M	C	P
0	0.01638	0.12962	0.04229	0.07651	0.01747	0.10935	0.01020	0.03515	0.01552	0.12396	0.09567	0.02888	0.07289	0.07432	0.00855	0.00225	0.00660	0.06062	0.00484	0.06891
1	0.03333	0.01024	0.01207	0.01039	0.01327	0.03374	0.00817	0.05475	0.08946	0.20608	0.34452	0.03485	0.07034	0.01088	0.00757	0.00206	0.03429	0.00907	0.00684	0.00807
2	0.06490	0.01141	0.01461	0.01144	0.01628	0.01041	0.00936	0.03044	0.09461	0.58967	0.02409	0.02124	0.01565	0.00782	0.00630	0.00197	0.00540	0.00631	0.00744	0.05067
3	0.00972	0.00724	0.00914	0.00867	0.01039	0.00696	0.00660	0.01398	0.07615	0.02538	0.61312	0.04796	0.08097	0.01318	0.00760	0.00210	0.00337	0.04408	0.00697	0.00641
4	0.01765	0.73572	0.03300	0.01136	0.01677	0.06531	0.01113	0.01970	0.01341	0.01524	0.00904	0.01044	0.00829	0.00559	0.00424	0.00140	0.00717	0.00349	0.00280	0.00825
5	0.01621	0.01197	0.01409	0.01024	0.01584	0.00966	0.00826	0.07521	0.01541	0.10988	0.01352	0.01462	0.01047	0.00542	0.00513	0.00116	0.00506	0.00432	0.00455	0.64897
6	0.00914	0.00660	0.00864	0.00813	0.00965	0.00610	0.00610	0.01219	0.01829	0.02591	0.72921	0.04827	0.06097	0.01321	0.00762	0.00203	0.00305	0.01169	0.00711	0.00610
7	0.01742	0.01358	0.01465	0.01298	0.01677	0.01539	0.01015	0.03404	0.64770	0.10107	0.02621	0.02389	0.01934	0.00869	0.00657	0.00217	0.00515	0.00722	0.00672	0.01031
8	0.00786	0.00655	0.00686	0.00678	0.00886	0.00555	0.00509	0.00971	0.01526	0.01871	0.16408	0.06012	0.63059	0.01590	0.00763	0.00216	0.00324	0.01335	0.00617	0.00555
9	0.00892	0.00660	0.00833	0.00790	0.00952	0.00600	0.00592	0.01177	0.01777	0.02468	0.63233	0.05030	0.15861	0.01367	0.00762	0.00205	0.00308	0.01197	0.00695	0.00600
10	0.00928	0.00684	0.00724	0.00704	0.00935	0.00575	0.00531	0.01095	0.01490	0.07229	0.06097	0.09313	0.64246	0.01591	0.00758	0.00219	0.00347	0.01332	0.00615	0.00587
11	0.01599	0.01535	0.02623	0.03966	0.73262	0.01535	0.01983	0.01983	0.01471	0.02111	0.01215	0.01599	0.01023	0.00576	0.00640	0.00192	0.00768	0.00576	0.00320	0.01023
12	0.01296	0.03342	0.73944	0.01842	0.02797	0.01501	0.02387	0.02046	0.01364	0.02046	0.01160	0.01364	0.00818	0.00614	0.00614	0.00205	0.00955	0.00477	0.00273	0.00955
13	0.01204	0.00602	0.00602	0.00602	0.00753	0.00602	0.00452	0.01506	0.01355	0.02409	0.02108	0.02409	0.01656	0.00753	0.00452	0.00151	0.00301	0.00602	0.80879	0.00602
14	0.00784	0.00655	0.00685	0.00690	0.00896	0.00556	0.00520	0.00962	0.01494	0.01813	0.11433	0.08002	0.63956	0.01627	0.00769	0.00221	0.00335	0.03443	0.00608	0.00551
15	0.02074	0.02180	0.01746	0.01622	0.05431	0.32956	0.01197	0.12742	0.28544	0.02390	0.01706	0.01713	0.01311	0.00757	0.00623	0.00192	0.00833	0.00567	0.00500	0.00917
16	0.00798	0.00577	0.00758	0.00899	0.00953	0.00537	0.00615	0.00922	0.01263	0.01669	0.03733	0.69304	0.08349	0.01990	0.00824	0.00261	0.00383	0.05037	0.00600	0.00529
17	0.02490	0.01756	0.01906	0.01461	0.01977	0.01923	0.01207	0.65925	0.02947	0.09383	0.01627	0.01601	0.01137	0.00777	0.00647	0.00194	0.00699	0.00587	0.00658	0.01099
18	0.01662	0.01415	0.01492	0.01326	0.01701	0.01633	0.01036	0.07790	0.67649	0.02791	0.02560	0.02355	0.01916	0.00870	0.00657	0.00218	0.00524	0.00721	0.00657	0.01028
19	0.02857	0.01168	0.01542	0.01182	0.01683	0.01051	0.00976	0.09657	0.01963	0.67041	0.02454	0.02137	0.01552	0.00797	0.00649	0.00199	0.00565	0.00643	0.00785	0.01100
20	0.01019	0.00737	0.01010	0.01147	0.01301	0.00728	0.00997	0.01305	0.01486	0.01918	0.03673	0.07202	0.09313	0.01773	0.00882	0.00291	0.00573	0.63458	0.00595	0.00591
21	0.01220	0.01148	0.01938	0.75739	0.04450	0.01436	0.01794	0.01651	0.01292	0.01651	0.01148	0.01723	0.00861	0.00646	0.00646	0.00215	0.00861	0.00574	0.00287	0.00718
22	0.01599	0.01535	0.02623	0.03966	0.73262	0.01535	0.01983	0.01983	0.01471	0.02111	0.01215	0.01599	0.01023	0.00576	0.00640	0.00192	0.00768	0.00576	0.00320	0.01023
23	0.00924	0.00687	0.01012	0.01012	0.01118	0.00793	0.00774	0.01137	0.01030	0.01480	0.01755	0.02675	0.01674	0.10682	0.68976	0.01005	0.01642	0.00712	0.00350	0.00562
24	0.02349	0.01667	0.01813	0.01424	0.01913	0.01833	0.01165	0.52667	0.15101	0.10499	0.01837	0.01765	0.01301	0.00796	0.00649	0.00199	0.00660	0.00614	0.00663	0.01085
25	0.01620	0.01615	0.02449	0.12103	0.54121	0.07585	0.03492	0.02065	0.04881	0.02040	0.01260	0.01620	0.01033	0.00605	0.00639	0.00194	0.00807	0.00574	0.00333	0.00961
26	0.00894	0.00646	0.00857	0.00883	0.00955	0.00684	0.00618	0.01027	0.01070	0.01463	0.02464	0.16155	0.07052	0.27239	0.34282	0.00719	0.01051	0.01013	0.00421	0.00507
27	0.01840	0.01475	0.01774	0.05836	0.02041	0.01645	0.06438	0.17812	0.43383	0.07188	0.02204	0.02121	0.01620	0.00811	0.00662	0.00212	0.00621	0.00687	0.00617	0.01014
28	0.02322	0.01678	0.01823	0.01412	0.01893	0.01838	0.01160	0.62312	0.02885	0.06085	0.08417	0.01885	0.01593	0.00829	0.00658	0.00195	0.00667	0.00640	0.00657	0.01052
29	0.01525	0.01743	0.03813	0.02723	0.03377	0.01634	0.70915	0.02070	0.01525	0.02070	0.01307	0.01743	0.00980	0.00545	0.00763	0.00218	0.01089	0.00763	0.00327	0.00871

[dist]
# distance from previous block
# <min> <max>
0	1

[block]
# block no. 1 follows, 34 sequences, length 8
# corresponding to MSA columns:
# 351-358
name=unknown_B
#
# <colnr> <probs for GDERKNQSTAVLIFYWHMCP>
#	G	D	E	R	K	N	Q	S	T	A	V	L	I	F	Y	W	H	M	C	P
0	0.02224	0.01665	0.01791	0.01422	0.01885	0.01846	0.01156	0.56955	0.12354	0.03716	0.01839	0.06926	0.01440	0.00877	0.00660	0.00202	0.00660	0.00690	0.00645	0.01048
1	0.71457	0.01323	0.01079	0.00933	0.01348	0.01522	0.00769	0.10963	0.01353	0.03053	0.00985	0.01115	0.00752	0.00623	0.00432	0.00199	0.00527	0.00380	0.00432	0.00752
2	0.00932	0.00672	0.00888	0.00864	0.01016	0.00628	0.00669	0.01236	0.01782	0.02501	0.63412	0.05163	0.05771	0.01384	0.00780	0.00216	0.00345	0.10437	0.00695	0.00608
3	0.02649	0.01150	0.01496	0.01161	0.01630	0.01055	0.00953	0.11863	0.02003	0.57723	0.09213	0.02368	0.01968	0.00847	0.00660	0.00199	0.00547	0.00691	0.00771	0.01052
4	0.02701	0.01056	0.01436	0.01116	0.01581	0.00916	0.00916	0.02956	0.01847	0.66605	0.09579	0.02462	0.02049	0.00852	0.00661	0.00200	0.00525	0.00702	0.00791	0.01051
5	0.00784	0.00575	0.00737	0.00866	0.00928	0.00528	0.00585	0.00903	0.01269	0.01663	0.03970	0.67204	0.13677	0.01971	0.00816	0.00256	0.00368	0.01772	0.00600	0.00528
6	0.00787	0.00562	0.00750	0.00900	0.00937	0.00525	0.00600	0.00900	0.01237	0.01649	0.03561	0.76871	0.04274	0.02024	0.00825	0.00262	0.00375	0.01837	0.00600	0.00525
7	0.40022	0.01344	0.01289	0.01091	0.01493	0.01496	0.00882	0.22148	0.06496	0.07779	0.01581	0.08937	0.01318	0.00825	0.00548	0.00206	0.00553	0.00611	0.00535	0.00847

[dist]
# distance from previous block
# <min> <max>
8	57

[block]
# block no. 2 follows, 34 sequences, length 8
# corresponding to MSA columns:
# 419-426
name=unknown_C
#
# <colnr> <probs for GDERKNQSTAVLIFYWHMCP>
#	G	D	E	R	K	N	Q	S	T	A	V	L	I	F	Y	W	H	M	C	P
0	0.02369	0.01337	0.01867	0.01442	0.01878	0.01363	0.08365	0.16977	0.01949	0.38575	0.05352	0.02036	0.01545	0.00837	0.00863	0.00212	0.10729	0.00661	0.00645	0.01000
1	0.05409	0.23295	0.02195	0.01600	0.11145	0.01746	0.01188	0.06075	0.02857	0.10347	0.02948	0.09860	0.01471	0.00903	0.00889	0.00205	0.15942	0.00661	0.00425	0.00838
2	0.01606	0.01313	0.01337	0.06095	0.01634	0.09918	0.00935	0.09008	0.20853	0.08139	0.10489	0.10888	0.02435	0.11214	0.01029	0.00266	0.00611	0.00863	0.00569	0.00796
3	0.01529	0.09455	0.01339	0.00970	0.01197	0.01165	0.00714	0.10950	0.08803	0.10306	0.01967	0.03089	0.01886	0.41610	0.02033	0.00422	0.00624	0.00770	0.00488	0.00684
4	0.02319	0.01893	0.01899	0.02030	0.19285	0.24767	0.01316	0.06038	0.06455	0.25032	0.01684	0.01704	0.01213	0.00706	0.00626	0.00188	0.00805	0.00559	0.00516	0.00964
5	0.01806	0.02027	0.01751	0.01526	0.01770	0.31070	0.01203	0.02142	0.08415	0.01750	0.01302	0.01557	0.03272	0.00858	0.01120	0.00206	0.27144	0.00526	0.00362	0.10192
6	0.01317	0.00959	0.01360	0.01698	0.18771	0.00937	0.01012	0.01696	0.08794	0.10330	0.03067	0.34950	0.09720	0.01368	0.00735	0.00229	0.00501	0.01227	0.00561	0.00768
7	0.02129	0.01681	0.01922	0.01486	0.01991	0.12757	0.10377	0.17746	0.06606	0.17717	0.01632	0.01667	0.01176	0.00677	0.00618	0.00175	0.00736	0.00563	0.00533	0.17810

[dist]
# distance from previous block
# <min> <max>
0	1

[block]
# block no. 3 follows, 34 sequences, length 95
# corresponding to MSA columns:
# 428-522
name=unknown_D
#
# <colnr> <probs for GDERKNQSTAVLIFYWHMCP>
#	G	D	E	R	K	N	Q	S	T	A	V	L	I	F	Y	W	H	M	C	P
0	0.02094	0.06121	0.01812	0.06997	0.02026	0.34006	0.01193	0.16205	0.07079	0.05261	0.01738	0.01824	0.06757	0.00794	0.00665	0.00187	0.03376	0.00571	0.00453	0.00839
1	0.01600	0.01479	0.02427	0.10131	0.57962	0.01520	0.01860	0.07074	0.01573	0.02206	0.01350	0.01904	0.01155	0.00660	0.00654	0.00200	0.00763	0.04147	0.00356	0.00979
2	0.01760	0.01924	0.02149	0.07444	0.07774	0.23218	0.12018	0.03793	0.10435	0.01915	0.01289	0.01582	0.01049	0.00848	0.02710	0.00227	0.14914	0.00570	0.00369	0.04013
3	0.02255	0.02786	0.01959	0.03927	0.13298	0.61283	0.01378	0.02462	0.01760	0.01667	0.01037	0.01248	0.00863	0.00651	0.00593	0.00172	0.01095	0.00445	0.00330	0.00792
4	0.01727	0.77681	0.03386	0.01106	0.01658	0.02557	0.01106	0.01935	0.01313	0.01520	0.00898	0.01036	0.00829	0.00553	0.00415	0.00138	0.00691	0.00345	0.00276	0.00829
5	0.01340	0.01148	0.01340	0.00957	0.01531	0.00861	0.00766	0.01627	0.01340	0.02105	0.01148	0.01340	0.00957	0.00479	0.00479	0.00096	0.00479	0.00383	0.00383	0.81242
6	0.00832	0.00589	0.00754	0.00851	0.00895	0.00563	0.00560	0.00936	0.01202	0.01609	0.06855	0.52224	0.05919	0.18474	0.04290	0.00368	0.00478	0.01547	0.00550	0.00503
7	0.00816	0.00600	0.00838	0.00941	0.01003	0.00560	0.02430	0.00954	0.01289	0.01731	0.08675	0.69543	0.04324	0.01933	0.00818	0.00257	0.00388	0.01759	0.00601	0.00540
8	0.02525	0.01700	0.01871	0.01435	0.01949	0.01841	0.01185	0.60622	0.02855	0.14817	0.01705	0.01651	0.01176	0.00779	0.00647	0.00195	0.00686	0.00592	0.00670	0.01099
9	0.81856	0.01250	0.00950	0.00850	0.01250	0.01449	0.00700	0.01899	0.01100	0.02899	0.00900	0.01050	0.00700	0.00600	0.00400	0.00200	0.00500	0.00350	0.00400	0.00700
10	0.00901	0.00610	0.00716	0.00754	0.00763	0.00601	0.00444	0.00930	0.01014	0.01352	0.02418	0.22418	0.02831	0.58445	0.02672	0.00535	0.00563	0.01164	0.00444	0.00425
11	0.00788	0.00648	0.00693	0.00698	0.00892	0.00553	0.00517	0.00969	0.01507	0.01864	0.16177	0.11644	0.57573	0.01620	0.00768	0.00219	0.00328	0.01372	0.00617	0.00553
12	0.01525	0.01743	0.03813	0.02723	0.03377	0.01634	0.70915	0.02070	0.01525	0.02070	0.01307	0.01743	0.00980	0.00545	0.00763	0.00218	0.01089	0.00763	0.00327	0.00871
13	0.00787	0.00562	0.00750	0.00900	0.00937	0.00525	0.00600	0.00900	0.01237	0.01649	0.03561	0.76871	0.04274	0.02024	0.00825	0.00262	0.00375	0.01837	0.00600	0.00525
14	0.01236	0.01165	0.01967	0.72673	0.07390	0.01440	0.01802	0.01665	0.01300	0.01671	0.01151	0.01717	0.00868	0.00643	0.00646	0.00214	0.00857	0.00574	0.00289	0.00731
15	0.00842	0.00629	0.00839	0.00949	0.00982	0.00639	0.00650	0.00951	0.01203	0.01622	0.03279	0.67447	0.03917	0.05891	0.01050	0.00283	0.06036	0.01695	0.00565	0.00531
16	0.01021	0.00737	0.01012	0.01150	0.01304	0.00729	0.01000	0.01308	0.01486	0.01920	0.03654	0.07209	0.08885	0.01774	0.00883	0.00292	0.00575	0.63875	0.00595	0.00591
17	0.00787	0.00562	0.00750	0.00900	0.00937	0.00525	0.00600	0.00900	0.01237	0.01649	0.03561	0.76871	0.04274	0.02024	0.00825	0.00262	0.00375	0.01837	0.00600	0.00525
18	0.02384	0.06267	0.01897	0.01641	0.01983	0.71616	0.01242	0.02553	0.01809	0.01579	0.00994	0.01160	0.00832	0.00661	0.00575	0.00165	0.01145	0.00413	0.00331	0.00752
19	0.01828	0.01946	0.02342	0.03103	0.46617	0.21094	0.01721	0.04197	0.01578	0.01986	0.01140	0.01468	0.00961	0.00648	0.00738	0.00192	0.06650	0.00533	0.00330	0.00928
20	0.01036	0.00723	0.01039	0.06730	0.06797	0.00704	0.00820	0.01210	0.01327	0.06790	0.06041	0.57221	0.03658	0.01695	0.00782	0.00247	0.00451	0.01534	0.00574	0.00621
21	0.01749	0.16930	0.07089	0.09625	0.21293	0.10480	0.08175	0.09471	0.05321	0.02117	0.01235	0.01485	0.00987	0.00625	0.00601	0.00185	0.00832	0.00531	0.00360	0.00911
22	0.06052	0.03708	0.01800	0.04545	0.01978	0.14188	0.01175	0.38829	0.13332	0.03170	0.03784	0.01692	0.01309	0.00770	0.00623	0.00193	0.00740	0.00578	0.00561	0.00971
23	0.00787	0.00562	0.00750	0.00900	0.00937	0.00525	0.00600	0.00900	0.01237	0.01649	0.03561	0.76871	0.04274	0.02024	0.00825	0.00262	0.00375	0.01837	0.00600	0.00525
24	0.01636	0.30915	0.31434	0.01525	0.02170	0.11146	0.01665	0.03782	0.01419	0.01807	0.01029	0.01225	0.00833	0.00639	0.00646	0.00180	0.06360	0.00429	0.00292	0.00868
25	0.07415	0.40341	0.12033	0.01373	0.03684	0.13923	0.01288	0.05677	0.03613	0.01879	0.01064	0.01221	0.00892	0.00709	0.02308	0.00185	0.00812	0.00413	0.00327	0.00842
26	0.00840	0.00687	0.00745	0.00725	0.00932	0.00608	0.00546	0.01112	0.04534	0.02016	0.24469	0.05679	0.51787	0.01519	0.00759	0.00214	0.00329	0.01284	0.00633	0.00583
27	0.01727	0.77681	0.03386	0.01106	0.01658	0.02557	0.01106	0.01935	0.01313	0.01520	0.00898	0.01036	0.00829	0.00553	0.00415	0.00138	0.00691	0.00345	0.00276	0.00829
28	0.02442	0.01668	0.01834	0.01419	0.01914	0.01808	0.01167	0.59565	0.02812	0.12778	0.01762	0.04794	0.01295	0.00831	0.00654	0.00198	0.00677	0.00643	0.00664	0.01075
29	0.00787	0.00562	0.00750	0.00900	0.00937	0.00525	0.00600	0.00900	0.01237	0.01649	0.03561	0.76871	0.04274	0.02024	0.00825	0.00262	0.00375	0.01837	0.00600	0.00525
30	0.01607	0.01388	0.01461	0.01315	0.01680	0.01607	0.01023	0.03433	0.72094	0.02703	0.02630	0.02411	0.01972	0.00877	0.00657	0.00219	0.00511	0.00731	0.00657	0.01023
31	0.00828	0.00605	0.00779	0.00846	0.00941	0.00556	0.00593	0.01011	0.01461	0.01979	0.27469	0.45498	0.11547	0.01747	0.00797	0.00238	0.00346	0.01563	0.00638	0.00556
32	0.00816	0.00577	0.00742	0.00855	0.00912	0.00535	0.00574	0.00901	0.01226	0.01606	0.03709	0.58911	0.13028	0.05148	0.01047	0.06308	0.00393	0.01642	0.00567	0.00504
33	0.01525	0.01743	0.03813	0.02723	0.03377	0.01634	0.70915	0.02070	0.01525	0.02070	0.01307	0.01743	0.00980	0.00545	0.00763	0.00218	0.01089	0.00763	0.00327	0.00871
34	0.01340	0.01148	0.01340	0.00957	0.01531	0.00861	0.00766	0.01627	0.01340	0.02105	0.01148	0.01340	0.00957	0.00479	0.00479	0.00096	0.00479	0.00383	0.00383	0.81242
35	0.00940	0.00626	0.00705	0.00705	0.00705	0.00626	0.00392	0.00940	0.00940	0.01253	0.02036	0.04228	0.02349	0.77292	0.03289	0.00626	0.00626	0.00940	0.00392	0.00392
36	0.00787	0.00562	0.00750	0.00900	0.00937	0.00525	0.00600	0.00900	0.01237	0.01649	0.03561	0.76871	0.04274	0.02024	0.00825	0.00262	0.00375	0.01837	0.00600	0.00525
37	0.00802	0.00584	0.00756	0.00865	0.00935	0.00538	0.00591	0.00945	0.01339	0.01785	0.13203	0.60659	0.10823	0.01894	0.00811	0.00250	0.00361	0.01703	0.00615	0.00538
38	0.00970	0.00713	0.00866	0.00821	0.01006	0.00664	0.00617	0.01330	0.06197	0.04198	0.48672	0.07784	0.20976	0.01379	0.00755	0.00210	0.00332	0.01199	0.00680	0.00630
39	0.00809	0.00653	0.00720	0.00711	0.00903	0.00564	0.00530	0.01013	0.01569	0.01992	0.26077	0.08611	0.50465	0.01558	0.00766	0.00216	0.00323	0.01325	0.00633	0.00564
40	0.02270	0.01651	0.01911	0.06418	0.07418	0.01812	0.01280	0.49832	0.09064	0.09195	0.01679	0.01697	0.01198	0.00764	0.00647	0.00198	0.00694	0.00600	0.00612	0.01062
41	0.01658	0.01377	0.01463	0.01308	0.01679	0.01581	0.01020	0.03422	0.69306	0.05522	0.02627	0.02402	0.01958	0.00874	0.00657	0.00218	0.00513	0.00727	0.00663	0.01026
42	0.20705	0.01527	0.01566	0.01230	0.01717	0.03984	0.01009	0.33490	0.02161	0.15792	0.01516	0.01515	0.01071	0.00704	0.00570	0.00185	0.00624	0.00514	0.00578	0.09542
43	0.02237	0.01713	0.01909	0.01654	0.07627	0.01896	0.01252	0.53572	0.15183	0.03672	0.01716	0.01708	0.01248	0.00778	0.00648	0.00198	0.00680	0.00608	0.00622	0.01079
44	0.00952	0.00790	0.00849	0.00811	0.01041	0.00754	0.00615	0.01452	0.14470	0.02112	0.20866	0.05207	0.44852	0.01426	0.00744	0.00215	0.00356	0.01204	0.00636	0.00647
45	0.02456	0.01810	0.01939	0.01487	0.02004	0.02004	0.01228	0.71107	0.03038	0.04072	0.01551	0.01551	0.01099	0.00776	0.00646	0.00194	0.00711	0.00582	0.00646	0.01099
46	0.71333	0.01253	0.01019	0.00902	0.01305	0.01436	0.00739	0.02087	0.06798	0.06584	0.01124	0.01218	0.00848	0.00632	0.00433	0.00201	0.00503	0.00396	0.00441	0.00746
47	0.00923	0.00692	0.01038	0.01038	0.01154	0.00808	0.00808	0.01154	0.01038	0.01500	0.01731	0.02538	0.01615	0.04846	0.74732	0.01038	0.01731	0.00692	0.00346	0.00577
48	0.00764	0.00655	0.00655	0.00655	0.00873	0.00545	0.00491	0.00927	0.01473	0.01745	0.06546	0.06218	0.73000	0.01636	0.00764	0.00218	0.00327	0.01364	0.00600	0.00545
49	0.01607	0.01388	0.01461	0.01315	0.01680	0.01607	0.01023	0.03433	0.72094	0.02703	0.02630	0.02411	0.01972	0.00877	0.00657	0.00219	0.00511	0.00731	0.00657	0.01023
50	0.02363	0.01720	0.01839	0.01421	0.01910	0.01899	0.01170	0.65916	0.02912	0.03948	0.01593	0.01615	0.01140	0.00774	0.00632	0.00191	0.00680	0.00583	0.06630	0.01062
51	0.00797	0.00573	0.00759	0.00904	0.00952	0.00535	0.00615	0.00919	0.01255	0.01664	0.03648	0.71750	0.06391	0.02002	0.00826	0.00263	0.00383	0.04637	0.00600	0.00528
52	0.02899	0.01100	0.01499	0.01150	0.01649	0.00950	0.00950	0.03149	0.01849	0.73709	0.02549	0.02199	0.01599	0.00800	0.00650	0.00200	0.00550	0.00650	0.00800	0.01100
53	0.00787	0.00562	0.00750	0.00900	0.00937	0.00525	0.00600	0.00900	0.01237	0.01649	0.03561	0.76871	0.04274	0.02024	0.00825	0.00262	0.00375	0.01837	0.00600	0.00525
54	0.01733	0.65676	0.09930	0.01212	0.01788	0.07293	0.01236	0.01989	0.01352	0.01574	0.00930	0.01076	0.00828	0.00566	0.00445	0.00146	0.00748	0.00363	0.00280	0.00836
55	0.02489	0.01757	0.01906	0.01462	0.01977	0.01925	0.01207	0.66039	0.02949	0.09266	0.01626	0.01600	0.01136	0.00777	0.00647	0.00194	0.00699	0.00587	0.00658	0.01099
56	0.00793	0.00575	0.00749	0.00876	0.00934	0.00531	0.00592	0.00920	0.01288	0.01709	0.07657	0.67546	0.09534	0.01956	0.00817	0.00256	0.00367	0.01764	0.00606	0.00531
57	0.01564	0.01670	0.03300	0.05531	0.03050	0.01709	0.51652	0.07118	0.01542	0.02119	0.01245	0.01675	0.00963	0.00660	0.00967	0.00226	0.13103	0.00709	0.00342	0.00856
58	0.01542	0.01477	0.02520	0.14705	0.62966	0.01520	0.01955	0.01933	0.01444	0.02042	0.01205	0.01618	0.00999	0.00586	0.00641	0.00195	0.00782	0.00575	0.00315	0.00978
59	0.00922	0.00627	0.00702	0.00707	0.00725	0.00617	0.00405	0.00937	0.00989	0.01302	0.02422	0.06640	0.07713	0.69269	0.03022	0.00584	0.00596	0.00999	0.00414	0.00407
60	0.00875	0.00631	0.00757	0.00790	0.00851	0.00609	0.00516	0.00974	0.01218	0.01617	0.12094	0.26467	0.13258	0.32820	0.01848	0.00399	0.01974	0.01291	0.00522	0.00487
61	0.01977	0.01487	0.01582	0.10574	0.02060	0.09535	0.01131	0.04690	0.37069	0.19425	0.02220	0.02116	0.01598	0.00804	0.00646	0.00208	0.00641	0.00653	0.00609	0.00975
62	0.00934	0.00672	0.00854	0.00927	0.00999	0.00679	0.00645	0.02846	0.04242	0.01673	0.02921	0.41845	0.03334	0.19182	0.09224	0.00426	0.00608	0.06918	0.00529	0.00542
63	0.07681	0.11050	0.02143	0.01646	0.02045	0.52054	0.08083	0.04689	0.01733	0.01796	0.01030	0.01213	0.00846	0.00640	0.00571	0.00172	0.01045	0.00444	0.00341	0.00778
64	0.00801	0.00654	0.00708	0.00699	0.00897	0.00560	0.00522	0.00997	0.01553	0.01947	0.22515	0.07718	0.55038	0.01570	0.00765	0.00216	0.00323	0.01329	0.00627	0.00560
65	0.00790	0.00650	0.00691	0.00691	0.00886	0.00555	0.00511	0.00968	0.01501	0.01852	0.15854	0.09492	0.58391	0.03275	0.00822	0.00227	0.00333	0.01350	0.00611	0.00550
66	0.02252	0.06913	0.01925	0.01580	0.01935	0.47597	0.01234	0.14370	0.06717	0.02083	0.01188	0.01328	0.00957	0.00727	0.00704	0.00182	0.06604	0.00473	0.00402	0.00830
67	0.01508	0.07893	0.48586	0.01987	0.10576	0.01596	0.04344	0.08553	0.01539	0.03930	0.01243	0.01481	0.00926	0.02280	0.00670	0.00207	0.00880	0.00513	0.00331	0.00956
68	0.08023	0.04979	0.03432	0.03334	0.03692	0.12625	0.01224	0.32761	0.05182	0.02878	0.01389	0.03319	0.01103	0.00804	0.00793	0.00202	0.10226	0.00563	0.02560	0.00912
69	0.02256	0.01660	0.01805	0.01432	0.01895	0.01826	0.01180	0.61877	0.02820	0.03775	0.01805	0.05945	0.01474	0.00921	0.00675	0.00206	0.00684	0.06094	0.00640	0.01029
70	0.01464	0.07374	0.02210	0.08175	0.38880	0.01383	0.04133	0.03455	0.01461	0.03814	0.03787	0.14332	0.01708	0.00851	0.00655	0.00199	0.00682	0.00788	0.00396	0.04254
71	0.02414	0.03079	0.01831	0.01665	0.01998	0.74698	0.01248	0.02580	0.01831	0.01581	0.00999	0.01165	0.00832	0.00666	0.00583	0.00166	0.01165	0.00416	0.00333	0.00749
72	0.01165	0.01007	0.01412	0.01286	0.01359	0.01294	0.01027	0.03408	0.01072	0.01580	0.01400	0.02197	0.01354	0.09026	0.38019	0.00681	0.31093	0.00658	0.00334	0.00629
73	0.00964	0.00776	0.00994	0.04623	0.05589	0.00742	0.00738	0.01321	0.05512	0.02268	0.41273	0.04763	0.25382	0.01313	0.00744	0.00208	0.00378	0.01138	0.00630	0.00644
74	0.15235	0.01047	0.01177	0.00994	0.01358	0.03375	0.00792	0.02243	0.03347	0.34406	0.12916	0.06789	0.11630	0.01013	0.00647	0.00205	0.00487	0.00825	0.00665	0.00846
75	0.02793	0.01273	0.01524	0.01199	0.01679	0.06863	0.00977	0.03118	0.05519	0.64249	0.02430	0.02128	0.01558	0.00793	0.00645	0.00198	0.00597	0.00635	0.00755	0.01068
76	0.00941	0.00718	0.01003	0.00981	0.01086	0.00811	0.00744	0.01140	0.01135	0.01602	0.09572	0.03189	0.06950	0.13630	0.48424	0.00798	0.05498	0.00813	0.00404	0.00561
77	0.01234	0.01167	0.01941	0.70534	0.04257	0.01474	0.01768	0.01644	0.01271	0.01644	0.01127	0.01701	0.00860	0.00680	0.00750	0.00220	0.06151	0.00574	0.00287	0.00717
78	0.04170	0.02763	0.51679	0.01903	0.02740	0.01470	0.14726	0.02152	0.01432	0.09016	0.01312	0.01504	0.00920	0.00619	0.00637	0.00206	0.00925	0.00542	0.00338	0.00945
79	0.01591	0.01043	0.01205	0.01087	0.01394	0.01078	0.00838	0.02472	0.31009	0.17660	0.09497	0.14066	0.11971	0.01169	0.00704	0.00220	0.00457	0.00999	0.00677	0.00866
80	0.01017	0.00688	0.00869	0.00808	0.00994	0.00621	0.00611	0.01294	0.01770	0.07023	0.57137	0.04893	0.17153	0.01341	0.00755	0.00206	0.00324	0.01168	0.00698	0.00630
81	0.02244	0.02636	0.04672	0.01696	0.04989	0.53847	0.01287	0.04183	0.01746	0.07059	0.01175	0.01363	0.00946	0.00914	0.04544	0.00224	0.04843	0.00469	0.00371	0.00793
82	0.02750	0.01338	0.01647	0.01263	0.01768	0.01303	0.01043	0.25952	0.02248	0.50343	0.02214	0.01982	0.01431	0.00792	0.00649	0.00198	0.00604	0.00627	0.00748	0.01099
83	0.00797	0.00570	0.00759	0.00893	0.00939	0.00532	0.00601	0.00925	0.01284	0.01724	0.09090	0.71127	0.04419	0.01968	0.00820	0.00258	0.00369	0.01784	0.00609	0.00532
84	0.01567	0.01323	0.01398	0.01259	0.01615	0.01509	0.00979	0.03228	0.64995	0.04112	0.02940	0.02710	0.07627	0.00936	0.00666	0.00219	0.00497	0.00779	0.00656	0.00986
85	0.01493	0.01546	0.01967	0.01694	0.01720	0.07776	0.01400	0.01637	0.01057	0.01557	0.00860	0.01394	0.00847	0.01094	0.01998	0.00273	0.70135	0.00554	0.00287	0.00710
86	0.01204	0.00602	0.00602	0.00602	0.00753	0.00602	0.00452	0.01506	0.01355	0.02409	0.02108	0.02409	0.01656	0.00753	0.00452	0.00151	0.00301	0.00602	0.80879	0.00602
87	0.01328	0.01258	0.02132	0.55410	0.23941	0.01464	0.01848	0.01745	0.01343	0.01781	0.01167	0.01688	0.00907	0.00626	0.00644	0.00209	0.00835	0.00575	0.00296	0.00804
88	0.00993	0.00687	0.00765	0.00753	0.00782	0.00705	0.00442	0.01138	0.06612	0.01368	0.02083	0.04083	0.02319	0.71201	0.03079	0.00594	0.00617	0.00923	0.00413	0.00442
89	0.01385	0.14622	0.57694	0.01689	0.02538	0.01671	0.02089	0.02133	0.06631	0.02014	0.01229	0.01392	0.00906	0.00624	0.00586	0.00195	0.00881	0.00476	0.00302	0.00941
90	0.56415	0.01400	0.01174	0.04126	0.01529	0.07241	0.00838	0.04781	0.03030	0.06859	0.01101	0.01229	0.00836	0.00623	0.00461	0.00190	0.00578	0.00403	0.00428	0.06758
91	0.02287	0.01744	0.02021	0.01545	0.02056	0.01902	0.06746	0.60820	0.04672	0.03777	0.01774	0.01789	0.04184	0.00797	0.00661	0.00198	0.00720	0.00633	0.00619	0.01055
92	0.01493	0.06577	0.41985	0.02153	0.08427	0.01632	0.18464	0.07733	0.01546	0.02196	0.01218	0.01471	0.00897	0.00605	0.00643	0.00202	0.00938	0.00555	0.00320	0.00946
93	0.01444	0.01714	0.07085	0.02434	0.03018	0.01567	0.56390	0.01938	0.01471	0.02003	0.01682	0.02055	0.06703	0.00680	0.00859	0.00222	0.06775	0.00780	0.00342	0.00837
94	0.01268	0.01075	0.01449	0.01287	0.01563	0.01117	0.09702	0.07423	0.22411	0.02252	0.04869	0.27672	0.09627	0.01332	0.00749	0.00234	0.00536	0.04076	0.00589	0.00769

[dist]
# distance from previous block
# <min> <max>
0	12

[block]
# block no. 4 follows, 34 sequences, length 14
# corresponding to MSA columns:
# 535-548
name=unknown_E
#
# <colnr> <probs for GDERKNQSTAVLIFYWHMCP>
#	G	D	E	R	K	N	Q	S	T	A	V	L	I	F	Y	W	H	M	C	P
0	0.02131	0.01573	0.01687	0.01339	0.01795	0.01717	0.01091	0.50538	0.11533	0.05960	0.02410	0.02325	0.11133	0.00908	0.00664	0.00201	0.00627	0.00711	0.00647	0.01013
1	0.01727	0.77681	0.03386	0.01106	0.01658	0.02557	0.01106	0.01935	0.01313	0.01520	0.00898	0.01036	0.00829	0.00553	0.00415	0.00138	0.00691	0.00345	0.00276	0.00829
2	0.01673	0.68260	0.12328	0.01199	0.01803	0.02423	0.01268	0.01949	0.01319	0.01587	0.00931	0.01078	0.00828	0.00561	0.00440	0.00147	0.00724	0.00362	0.00276	0.00845
3	0.02305	0.01580	0.01740	0.01385	0.01859	0.01724	0.01128	0.41918	0.21106	0.15279	0.02002	0.01886	0.01413	0.00806	0.00650	0.00202	0.00631	0.00632	0.00675	0.01079
4	0.00869	0.00659	0.00801	0.00766	0.00938	0.00590	0.00574	0.01132	0.01722	0.02338	0.53060	0.05243	0.26115	0.01415	0.00763	0.00208	0.00312	0.01227	0.00678	0.00590
5	0.00787	0.00562	0.00750	0.00900	0.00937	0.00525	0.00600	0.00900	0.01237	0.01649	0.03561	0.76871	0.04274	0.02024	0.00825	0.00262	0.00375	0.01837	0.00600	0.00525
6	0.00811	0.00581	0.00728	0.00841	0.00905	0.00538	0.00564	0.00930	0.01253	0.01665	0.03808	0.59119	0.13505	0.07202	0.00975	0.00277	0.00383	0.01660	0.03734	0.00521
7	0.01499	0.01433	0.02442	0.22950	0.55061	0.01509	0.01933	0.01895	0.01424	0.01989	0.01198	0.01632	0.00981	0.00594	0.00641	0.00198	0.00792	0.00575	0.00311	0.00943
8	0.00875	0.00659	0.00808	0.00771	0.00941	0.00593	0.00578	0.01142	0.01735	0.02367	0.55364	0.05195	0.23793	0.01404	0.00762	0.00207	0.00311	0.01220	0.00682	0.00593
9	0.00857	0.00616	0.00812	0.00852	0.00953	0.00571	0.00605	0.01074	0.01560	0.02163	0.41358	0.37611	0.05267	0.01641	0.00791	0.00230	0.00337	0.01473	0.00661	0.00571
10	0.01494	0.01349	0.01222	0.01118	0.01359	0.14927	0.00844	0.16432	0.01844	0.02288	0.13091	0.16015	0.13148	0.07915	0.00941	0.00248	0.00611	0.03899	0.00557	0.00698
11	0.00878	0.00645	0.00804	0.00899	0.00988	0.00611	0.00620	0.04858	0.01371	0.01799	0.03859	0.62894	0.13563	0.01901	0.00806	0.00252	0.00387	0.01701	0.00602	0.00560
12	0.00841	0.00634	0.00785	0.00892	0.00980	0.00604	0.00613	0.01082	0.06244	0.01738	0.03944	0.61043	0.14426	0.01886	0.00804	0.00253	0.00377	0.01688	0.00604	0.00563
13	0.01685	0.05493	0.21065	0.10716	0.02541	0.15216	0.10245	0.11529	0.01678	0.02173	0.01316	0.03616	0.01042	0.00700	0.00657	0.00196	0.02705	0.00571	0.06009	0.00849

[dist]
# distance from previous block
# <min> <max>
0	1

[block]
# block no. 5 follows, 34 sequences, length 62
# corresponding to MSA columns:
# 550-611
name=unknown_F
#
# <colnr> <probs for GDERKNQSTAVLIFYWHMCP>
#	G	D	E	R	K	N	Q	S	T	A	V	L	I	F	Y	W	H	M	C	P
0	0.01836	0.06080	0.01704	0.01461	0.06490	0.05516	0.01087	0.19316	0.31332	0.06070	0.02328	0.02333	0.06552	0.04072	0.00753	0.00220	0.00616	0.00694	0.00583	0.00958
1	0.00810	0.00637	0.00733	0.00760	0.00921	0.00561	0.00557	0.00998	0.01500	0.01919	0.20691	0.21904	0.40574	0.01657	0.00781	0.00227	0.00340	0.03248	0.00625	0.00557
2	0.00930	0.00722	0.00800	0.00775	0.00979	0.00673	0.00588	0.01304	0.08067	0.02156	0.26720	0.05163	0.38143	0.01403	0.00733	0.00210	0.00342	0.02872	0.06806	0.00615
3	0.02034	0.11114	0.02199	0.01839	0.10428	0.28212	0.07810	0.05305	0.01699	0.10498	0.06701	0.01690	0.01373	0.00730	0.00708	0.00186	0.05646	0.00561	0.00419	0.00847
4	0.02456	0.01810	0.01939	0.01487	0.02004	0.02004	0.01228	0.71107	0.03038	0.04072	0.01551	0.01551	0.01099	0.00776	0.00646	0.00194	0.00711	0.00582	0.00646	0.01099
5	0.01462	0.01603	0.09468	0.06683	0.08849	0.03368	0.15340	0.05124	0.03388	0.02142	0.01320	0.03939	0.01085	0.00606	0.00603	0.00164	0.00731	0.00566	0.00373	0.33187
6	0.02910	0.01000	0.01268	0.02523	0.01342	0.02972	0.00933	0.06208	0.01284	0.01880	0.04849	0.08160	0.01856	0.06423	0.24649	0.00511	0.19010	0.02948	0.08630	0.00644
7	0.57010	0.01263	0.01085	0.00936	0.01312	0.01435	0.00755	0.14009	0.01447	0.02959	0.01172	0.01448	0.00947	0.06025	0.00649	0.00226	0.00533	0.00448	0.05598	0.00742
8	0.01769	0.34673	0.13560	0.01396	0.01910	0.13423	0.02985	0.07178	0.01542	0.03652	0.02851	0.01503	0.03765	0.00705	0.00655	0.00176	0.06583	0.00486	0.00349	0.00839
9	0.00999	0.00719	0.00852	0.00849	0.00997	0.00705	0.00621	0.05995	0.01515	0.02086	0.16663	0.25684	0.19039	0.04565	0.04121	0.00272	0.02003	0.01256	0.10463	0.00596
10	0.00793	0.00587	0.00741	0.00849	0.00928	0.00535	0.00581	0.00929	0.01325	0.01739	0.09429	0.58539	0.16863	0.01900	0.00809	0.00250	0.00361	0.01700	0.00608	0.00535
11	0.02384	0.01774	0.01898	0.01472	0.01976	0.01970	0.01211	0.65352	0.08911	0.03956	0.01643	0.01624	0.01173	0.00784	0.00647	0.00196	0.00694	0.00594	0.00647	0.01092
12	0.01795	0.70336	0.03233	0.01161	0.01692	0.09660	0.01120	0.01998	0.01364	0.01526	0.00908	0.01049	0.00829	0.00564	0.00431	0.00141	0.00738	0.00352	0.00282	0.00821
13	0.02408	0.01751	0.01886	0.01461	0.01966	0.01934	0.01202	0.63370	0.08297	0.06569	0.01671	0.01642	0.01185	0.00784	0.00647	0.00196	0.00690	0.00596	0.00653	0.01093
14	0.07325	0.00920	0.00875	0.00847	0.01078	0.05905	0.00636	0.01434	0.05154	0.06539	0.06814	0.15641	0.36602	0.01388	0.00700	0.00214	0.00428	0.01158	0.05708	0.00635
15	0.00967	0.00701	0.00925	0.00987	0.01134	0.00674	0.00809	0.01235	0.01559	0.02080	0.25668	0.06207	0.11206	0.06460	0.00992	0.00281	0.00479	0.36437	0.00619	0.00582
16	0.02964	0.00876	0.01177	0.01134	0.01261	0.03093	0.00896	0.02908	0.01116	0.01613	0.01638	0.02445	0.01534	0.04072	0.59802	0.00878	0.09249	0.02382	0.00354	0.00611
17	0.04185	0.54039	0.23411	0.01307	0.01969	0.02220	0.01458	0.01965	0.01321	0.01714	0.00973	0.01130	0.00822	0.00572	0.00471	0.00159	0.00760	0.00383	0.00279	0.00861
18	0.01128	0.00715	0.00904	0.00833	0.01040	0.00642	0.00640	0.01398	0.01751	0.11002	0.49286	0.04855	0.18735	0.01334	0.00753	0.00208	0.00347	0.03077	0.00697	0.00656
19	0.00798	0.00594	0.00744	0.00837	0.00927	0.00540	0.00578	0.00946	0.01362	0.01789	0.12987	0.52943	0.18888	0.01854	0.00804	0.00246	0.00356	0.01653	0.00614	0.00540
20	0.01531	0.01718	0.03648	0.02624	0.03258	0.01632	0.66008	0.02165	0.06479	0.02114	0.01400	0.01790	0.01050	0.00568	0.00755	0.00218	0.01049	0.00760	0.00350	0.00882
21	0.01548	0.01336	0.01404	0.01269	0.01623	0.01533	0.00985	0.03257	0.67137	0.02636	0.02905	0.02678	0.06959	0.00930	0.00665	0.00219	0.00498	0.00775	0.00653	0.00989
22	0.01030	0.00852	0.00868	0.00834	0.01041	0.05375	0.00625	0.01311	0.04717	0.04526	0.26586	0.10575	0.36395	0.01442	0.00748	0.00213	0.00393	0.01225	0.00627	0.00617
23	0.00944	0.00677	0.00927	0.01072	0.01184	0.00661	0.00870	0.01172	0.01399	0.01828	0.03560	0.31795	0.05905	0.01865	0.00865	0.00283	0.00510	0.43318	0.00597	0.00569
24	0.02411	0.01787	0.01914	0.01477	0.01986	0.01983	0.01217	0.67490	0.06729	0.03999	0.01609	0.01597	0.01146	0.00781	0.00647	0.00195	0.00700	0.00590	0.00647	0.01095
25	0.00803	0.00583	0.00761	0.00885	0.00948	0.00540	0.00607	0.00939	0.01305	0.01733	0.08655	0.63980	0.09660	0.01937	0.00818	0.00256	0.00374	0.04074	0.00607	0.00535
26	0.02899	0.01100	0.01499	0.01150	0.01649	0.00950	0.00950	0.03149	0.01849	0.73709	0.02549	0.02199	0.01599	0.00800	0.00650	0.00200	0.00550	0.00650	0.00800	0.01100
27	0.01204	0.00602	0.00602	0.00602	0.00753	0.00602	0.00452	0.01506	0.01355	0.02409	0.02108	0.02409	0.01656	0.00753	0.00452	0.00151	0.00301	0.00602	0.80879	0.00602
28	0.02414	0.03079	0.01831	0.01665	0.01998	0.74698	0.01248	0.02580	0.01831	0.01581	0.00999	0.01165	0.00832	0.00666	0.00583	0.00166	0.01165	0.00416	0.00333	0.00749
29	0.01714	0.01749	0.02396	0.05224	0.55202	0.12652	0.01793	0.02177	0.06945	0.02064	0.01289	0.01599	0.01063	0.00614	0.00633	0.00191	0.00811	0.00563	0.00347	0.00974
30	0.01321	0.01251	0.02120	0.56661	0.22742	0.01462	0.01845	0.01739	0.01340	0.01773	0.01166	0.01690	0.00904	0.00627	0.00644	0.00209	0.00836	0.00575	0.00296	0.00799
31	0.01247	0.01176	0.01986	0.70701	0.09281	0.01443	0.01808	0.01674	0.01305	0.01683	0.01153	0.01714	0.00873	0.00641	0.00646	0.00214	0.00855	0.00574	0.00289	0.00739
32	0.02210	0.01575	0.01717	0.01385	0.01847	0.01736	0.01122	0.39016	0.27258	0.12007	0.02052	0.01933	0.01468	0.00814	0.00651	0.00204	0.00621	0.00642	0.00669	0.01072
33	0.01378	0.17457	0.60547	0.01702	0.02580	0.01701	0.02144	0.02025	0.01354	0.01946	0.01110	0.01302	0.00821	0.00602	0.00576	0.00192	0.00905	0.00452	0.00274	0.00931
34	0.00906	0.00654	0.00856	0.00818	0.00963	0.00604	0.00609	0.01199	0.01791	0.02531	0.68478	0.09441	0.05980	0.01366	0.00766	0.00207	0.00309	0.01211	0.00704	0.00604
35	0.00787	0.00562	0.00750	0.00900	0.00937	0.00525	0.00600	0.00900	0.01237	0.01649	0.03561	0.76871	0.04274	0.02024	0.00825	0.00262	0.00375	0.01837	0.00600	0.00525
36	0.01237	0.01165	0.01968	0.72575	0.07484	0.01440	0.01803	0.01666	0.01300	0.01671	0.01151	0.01717	0.00868	0.00643	0.00646	0.00214	0.00857	0.00574	0.00289	0.00731
37	0.04662	0.01573	0.02267	0.20788	0.44872	0.09142	0.01778	0.01939	0.01452	0.01967	0.01284	0.01665	0.02560	0.00627	0.00629	0.00196	0.00812	0.00568	0.00323	0.00898
38	0.05775	0.01312	0.01527	0.01209	0.01684	0.06264	0.00984	0.07436	0.07290	0.56008	0.02319	0.02057	0.01508	0.00787	0.00636	0.00199	0.00598	0.00624	0.00731	0.01054
39	0.02871	0.01145	0.01528	0.01171	0.01672	0.01017	0.00968	0.07502	0.01925	0.69249	0.02485	0.02158	0.01567	0.00798	0.00650	0.00200	0.00560	0.00645	0.00790	0.01100
40	0.01319	0.03185	0.67039	0.01928	0.02854	0.01514	0.09134	0.02049	0.01380	0.02049	0.01174	0.01401	0.00834	0.00607	0.00629	0.00206	0.00968	0.00506	0.00278	0.00947
41	0.01864	0.01425	0.05346	0.01309	0.01695	0.03458	0.01117	0.26340	0.09747	0.11644	0.02413	0.06155	0.03827	0.03831	0.00807	0.00240	0.00643	0.16630	0.00614	0.00894
42	0.01933	0.01509	0.01552	0.01316	0.01721	0.05480	0.01044	0.20693	0.38840	0.09678	0.02531	0.02369	0.06636	0.00885	0.00657	0.00208	0.00589	0.00712	0.00647	0.01002
43	0.01063	0.00783	0.01044	0.01163	0.01328	0.00793	0.00998	0.01465	0.06902	0.01974	0.03531	0.08860	0.07304	0.01714	0.00866	0.00286	0.00568	0.58134	0.00600	0.00623
44	0.01056	0.00815	0.00952	0.00950	0.01149	0.00804	0.00744	0.06225	0.08345	0.02134	0.14006	0.13824	0.25526	0.04155	0.00869	0.00252	0.00445	0.16492	0.00616	0.00642
45	0.08477	0.01536	0.01670	0.01305	0.01768	0.01651	0.01064	0.47770	0.02507	0.15318	0.01856	0.01940	0.03503	0.05695	0.00801	0.00224	0.00650	0.00623	0.00635	0.01006
46	0.00807	0.00656	0.00716	0.00715	0.00911	0.00566	0.00539	0.01004	0.01543	0.01932	0.20743	0.08228	0.53874	0.01586	0.00770	0.00219	0.00333	0.03673	0.00624	0.00560
47	0.01607	0.01388	0.01461	0.01315	0.01680	0.01607	0.01023	0.03433	0.72094	0.02703	0.02630	0.02411	0.01972	0.00877	0.00657	0.00219	0.00511	0.00731	0.00657	0.01023
48	0.01134	0.00718	0.00916	0.00868	0.01059	0.00664	0.00652	0.01414	0.03392	0.11012	0.37828	0.15522	0.15308	0.01590	0.04709	0.00259	0.00430	0.01201	0.00667	0.00656
49	0.01544	0.01609	0.05866	0.09138	0.57219	0.03598	0.04485	0.01940	0.01465	0.02042	0.01410	0.01768	0.03763	0.00625	0.00647	0.00196	0.00790	0.00604	0.00327	0.00965
50	0.00788	0.00631	0.00704	0.00737	0.00901	0.00548	0.00533	0.00955	0.01455	0.01823	0.13800	0.24283	0.47176	0.01698	0.00779	0.00228	0.00337	0.01462	0.00613	0.00548
51	0.00932	0.00623	0.00707	0.00714	0.00716	0.00622	0.00401	0.00938	0.00954	0.01272	0.02108	0.07655	0.02440	0.73742	0.03172	0.00609	0.00615	0.00982	0.00401	0.00398
52	0.05799	0.08260	0.01957	0.01516	0.06394	0.02894	0.03823	0.27863	0.02096	0.23093	0.01698	0.01730	0.01211	0.00999	0.05357	0.00247	0.02912	0.00580	0.00578	0.00993
53	0.01497	0.01370	0.02254	0.17763	0.49736	0.01430	0.01762	0.04034	0.01476	0.02094	0.01433	0.01816	0.03095	0.00640	0.00630	0.00194	0.00736	0.00600	0.06518	0.00919
54	0.00802	0.00579	0.00763	0.00905	0.00959	0.00540	0.00622	0.00929	0.01266	0.01673	0.03712	0.68637	0.07912	0.01988	0.00826	0.00262	0.00386	0.06108	0.00599	0.00530
55	0.01569	0.05807	0.07190	0.25343	0.29969	0.11364	0.03740	0.01955	0.01447	0.01861	0.01146	0.01530	0.00921	0.00607	0.00619	0.00192	0.00860	0.00535	0.00308	0.03036
56	0.01644	0.20829	0.03725	0.03066	0.04894	0.06924	0.07006	0.05127	0.10482	0.05336	0.02884	0.01744	0.01273	0.01193	0.08953	0.00286	0.09741	0.00568	0.03495	0.00830
57	0.01047	0.00851	0.00872	0.00888	0.01064	0.06289	0.00666	0.01225	0.01474	0.04961	0.10804	0.20195	0.31532	0.05639	0.00908	0.00253	0.00458	0.09702	0.00587	0.00585
58	0.01548	0.14404	0.44962	0.03926	0.11271	0.03371	0.01985	0.02108	0.01416	0.07455	0.01229	0.01411	0.00907	0.00616	0.00589	0.00192	0.00862	0.00484	0.00321	0.00944
59	0.01740	0.01236	0.01490	0.01222	0.05406	0.01092	0.00916	0.14122	0.01721	0.12715	0.04227	0.01782	0.01340	0.04154	0.00682	0.00162	0.00546	0.00523	0.00499	0.44425
60	0.01675	0.01482	0.04881	0.01474	0.06700	0.02946	0.01123	0.19618	0.31654	0.02863	0.10892	0.04869	0.05096	0.00935	0.00672	0.00209	0.00575	0.00779	0.00609	0.00948
61	0.01781	0.22060	0.10483	0.01585	0.07488	0.21749	0.01308	0.03954	0.10010	0.01891	0.01331	0.03836	0.01130	0.00802	0.02673	0.00196	0.00842	0.00511	0.00369	0.06001

[dist]
# distance from previous block
# <min> <max>
0	2

[block]
# block no. 6 follows, 34 sequences, length 32
# corresponding to MSA columns:
# 614-645
name=unknown_G
#
# <colnr> <probs for GDERKNQSTAVLIFYWHMCP>
#	G	D	E	R	K	N	Q	S	T	A	V	L	I	F	Y	W	H	M	C	P
0	0.07052	0.01586	0.01726	0.04328	0.04216	0.10852	0.05949	0.16415	0.19036	0.09687	0.04758	0.02081	0.03552	0.01015	0.04635	0.00247	0.00753	0.00652	0.00547	0.00914
1	0.06767	0.01825	0.11185	0.02348	0.05670	0.01639	0.43740	0.02084	0.05948	0.02108	0.01295	0.01656	0.00995	0.00642	0.00858	0.00221	0.09138	0.00672	0.00342	0.00868
2	0.01283	0.01191	0.01899	0.02632	0.42467	0.01152	0.03362	0.01602	0.01518	0.02071	0.11725	0.03267	0.21227	0.00957	0.00692	0.00201	0.00599	0.00870	0.00446	0.00837
3	0.00924	0.00690	0.01025	0.01025	0.01135	0.00800	0.00790	0.01145	0.01034	0.01490	0.01743	0.02608	0.01646	0.07840	0.71779	0.01021	0.01685	0.00703	0.00348	0.00569
4	0.00774	0.00655	0.00668	0.00665	0.00879	0.00550	0.00499	0.00946	0.01496	0.01801	0.10902	0.06127	0.68609	0.01616	0.00764	0.00217	0.00326	0.01351	0.00607	0.00550
5	0.02380	0.07012	0.01922	0.01622	0.01980	0.65713	0.01239	0.07350	0.01888	0.01753	0.01032	0.01185	0.00851	0.00667	0.00578	0.00167	0.01108	0.00424	0.00352	0.00778
6	0.01727	0.77681	0.03386	0.01106	0.01658	0.02557	0.01106	0.01935	0.01313	0.01520	0.00898	0.01036	0.00829	0.00553	0.00415	0.00138	0.00691	0.00345	0.00276	0.00829
7	0.01319	0.03184	0.67024	0.01929	0.02854	0.01514	0.09149	0.02049	0.01380	0.02049	0.01174	0.01402	0.00834	0.00607	0.00629	0.00206	0.00968	0.00506	0.00278	0.00947
8	0.11778	0.19684	0.02119	0.01285	0.01795	0.01960	0.01107	0.39385	0.02274	0.10563	0.01422	0.01437	0.01039	0.00704	0.00562	0.00182	0.00664	0.00505	0.00545	0.00987
9	0.00906	0.00670	0.00916	0.00920	0.01018	0.00732	0.00676	0.01075	0.01066	0.01474	0.02343	0.05554	0.09093	0.20749	0.48901	0.00839	0.01299	0.00851	0.00390	0.00530
10	0.02506	0.01554	0.01759	0.01368	0.01865	0.01647	0.01124	0.43931	0.09516	0.24919	0.01959	0.01832	0.01336	0.00793	0.00648	0.00198	0.00643	0.00617	0.00694	0.01092
11	0.01855	0.02006	0.02143	0.05477	0.35297	0.25684	0.01574	0.02408	0.13277	0.02017	0.01376	0.01595	0.01111	0.00658	0.00624	0.00189	0.00860	0.00549	0.00379	0.00921
12	0.02187	0.22165	0.02272	0.01651	0.08067	0.36368	0.01240	0.06482	0.03722	0.08371	0.01211	0.01322	0.00966	0.00653	0.00556	0.00167	0.00905	0.00452	0.00387	0.00854
13	0.01409	0.01256	0.07477	0.03903	0.01514	0.06988	0.00949	0.01912	0.10924	0.11529	0.28814	0.08805	0.09615	0.01133	0.00706	0.00208	0.00519	0.00965	0.00612	0.00761
14	0.00787	0.00562	0.00750	0.00900	0.00937	0.00525	0.00600	0.00900	0.01237	0.01649	0.03561	0.76871	0.04274	0.02024	0.00825	0.00262	0.00375	0.01837	0.00600	0.00525
15	0.01634	0.01657	0.02523	0.03344	0.52443	0.08669	0.08791	0.02062	0.04332	0.02064	0.01464	0.01882	0.03078	0.00655	0.00657	0.00197	0.00812	0.02429	0.00350	0.00957
16	0.07152	0.44905	0.13737	0.01225	0.01819	0.02019	0.01254	0.04810	0.01467	0.14398	0.01252	0.01311	0.00964	0.00617	0.00494	0.00165	0.00695	0.00428	0.00390	0.00898
