[name]
unknown

[dist]
# distance from previous block
# <min> <max>
0	0

[block]
# block no. 0 follows, 34 sequences, length 91
# corresponding to MSA columns:
# 0-90
name=unknown_A
#
# <colnr> <probs for GDERKNQSTAVLIFYWHMCP>
#	G	D	E	R	K	N	Q	S	T	A	V	L	I	F	Y	W	H	M	C	P
0	0.01041	0.00744	0.01041	0.01190	0.01339	0.00744	0.01041	0.01339	0.01487	0.01934	0.03421	0.07288	0.03719	0.01785	0.00892	0.00297	0.00595	0.68913	0.00595	0.00595
1	0.05230	0.01432	0.01679	0.01289	0.01796	0.01448	0.01064	0.34302	0.02357	0.37327	0.01996	0.01839	0.01321	0.00773	0.00635	0.00194	0.00620	0.00601	0.00704	0.03391
2	0.01492	0.00999	0.01184	0.01044	0.01332	0.01026	0.00812	0.04423	0.24477	0.13743	0.35404	0.03571	0.05598	0.01087	0.00707	0.00208	0.00423	0.00933	0.00703	0.00833
3	0.01615	0.01327	0.01483	0.01131	0.01654	0.01232	0.00907	0.15908	0.15153	0.02614	0.01511	0.01586	0.01179	0.00614	0.00546	0.00139	0.00531	0.00489	0.00488	0.49891
4	0.76216	0.01273	0.01001	0.00888	0.01290	0.01473	0.00729	0.04195	0.03882	0.02929	0.00987	0.01118	0.00761	0.00616	0.00418	0.00200	0.00507	0.00372	0.00418	0.00725
5	0.00925	0.00685	0.01000	0.01000	0.01101	0.00787	0.00759	0.01129	0.01027	0.01471	0.01766	0.02735	0.01701	0.13289	0.66405	0.00990	0.01602	0.00721	0.00351	0.00555
6	0.00923	0.00692	0.01038	0.01038	0.01154	0.00808	0.00808	0.01154	0.01038	0.01500	0.01731	0.02538	0.01615	0.04846	0.74732	0.01038	0.01731	0.00692	0.00346	0.00577
7	0.01296	0.03342	0.73944	0.01842	0.02797	0.01501	0.02387	0.02046	0.01364	0.02046	0.01160	0.01364	0.00818	0.00614	0.00614	0.00205	0.00955	0.00477	0.00273	0.00955
8	0.00787	0.00562	0.00750	0.00900	0.00937	0.00525	0.00600	0.00900	0.01237	0.01649	0.03561	0.76871	0.04274	0.02024	0.00825	0.00262	0.00375	0.01837	0.00600	0.00525
9	0.00923	0.00692	0.01038	0.01038	0.01154	0.00808	0.00808	0.01154	0.01038	0.01500	0.01731	0.02538	0.01615	0.04846	0.74732	0.01038	0.01731	0.00692	0.00346	0.00577
10	0.01220	0.01148	0.01938	0.75739	0.04450	0.01436	0.01794	0.01651	0.01292	0.01651	0.01148	0.01723	0.00861	0.00646	0.00646	0.00215	0.00861	0.00574	0.00287	0.00718
11	0.01220	0.01148	0.01938	0.75739	0.04450	0.01436	0.01794	0.01651	0.01292	0.01651	0.01148	0.01723	0.00861	0.00646	0.00646	0.00215	0.00861	0.00574	0.00287	0.00718
12	0.02456	0.01810	0.01939	0.01487	0.02004	0.02004	0.01228	0.71107	0.03038	0.04072	0.01551	0.01551	0.01099	0.00776	0.00646	0.00194	0.00711	0.00582	0.00646	0.01099
13	0.01607	0.01388	0.01461	0.01315	0.01680	0.01607	0.01023	0.03433	0.72094	0.02703	0.02630	0.02411	0.01972	0.00877	0.00657	0.00219	0.00511	0.00731	0.00657	0.01023
14	0.00834	0.00643	0.00761	0.00763	0.00924	0.00570	0.00560	0.01051	0.01593	0.02102	0.35273	0.16673	0.32808	0.01558	0.00773	0.00219	0.00325	0.01352	0.00649	0.00570
15	0.81856	0.01250	0.00950	0.00850	0.01250	0.01449	0.00700	0.01899	0.01100	0.02899	0.00900	0.01050	0.00700	0.00600	0.00400	0.00200	0.00500	0.00350	0.00400	0.00700
16	0.02425	0.02286	0.01695	0.01463	0.01845	0.43286	0.01131	0.09331	0.04112	0.19401	0.05573	0.01700	0.01379	0.00753	0.00618	0.00181	0.00903	0.00541	0.00508	0.00869
17	0.02164	0.01482	0.01616	0.01301	0.01737	0.01617	0.01054	0.38816	0.18808	0.12030	0.01990	0.01932	0.01429	0.00799	0.00626	0.00195	0.00596	0.00627	0.10156	0.01022
18	0.00787	0.00562	0.00750	0.00900	0.00937	0.00525	0.00600	0.00900	0.01237	0.01649	0.03561	0.76871	0.04274	0.02024	0.00825	0.00262	0.00375	0.01837	0.00600	0.00525
19	0.00943	0.00680	0.00904	0.00899	0.01051	0.00640	0.00708	0.01247	0.01751	0.02441	0.57025	0.05390	0.05553	0.01427	0.00792	0.00225	0.00371	0.16663	0.00685	0.00606
20	0.01727	0.77681	0.03386	0.01106	0.01658	0.02557	0.01106	0.01935	0.01313	0.01520	0.00898	0.01036	0.00829	0.00553	0.00415	0.00138	0.00691	0.00345	0.00276	0.00829
21	0.02785	0.01282	0.01612	0.01236	0.01740	0.01221	0.01021	0.20615	0.02155	0.55812	0.02293	0.02033	0.01471	0.00794	0.00649	0.00198	0.00591	0.00632	0.00760	0.01099
22	0.00787	0.00562	0.00750	0.00900	0.00937	0.00525	0.00600	0.00900	0.01237	0.01649	0.03561	0.76871	0.04274	0.02024	0.00825	0.00262	0.00375	0.01837	0.00600	0.00525
23	0.01727	0.77681	0.03386	0.01106	0.01658	0.02557	0.01106	0.01935	0.01313	0.01520	0.00898	0.01036	0.00829	0.00553	0.00415	0.00138	0.00691	0.00345	0.00276	0.00829
24	0.01666	0.01375	0.01463	0.01307	0.01679	0.01577	0.01019	0.03420	0.68881	0.05951	0.02626	0.02401	0.01955	0.00873	0.00657	0.00218	0.00513	0.00727	0.00664	0.01026
25	0.00800	0.00571	0.00764	0.00914	0.00957	0.00536	0.00622	0.00922	0.01250	0.01664	0.03554	0.73408	0.04246	0.02012	0.00828	0.00264	0.00386	0.05174	0.00600	0.00528
26	0.00764	0.00655	0.00655	0.00655	0.00873	0.00545	0.00491	0.00927	0.01473	0.01745	0.06546	0.06218	0.73000	0.01636	0.00764	0.00218	0.00327	0.01364	0.00600	0.00545
27	0.02456	0.01810	0.01939	0.01487	0.02004	0.02004	0.01228	0.71107	0.03038	0.04072	0.01551	0.01551	0.01099	0.00776	0.00646	0.00194	0.00711	0.00582	0.00646	0.01099
28	0.01698	0.72680	0.08132	0.01155	0.01735	0.02486	0.01192	0.01942	0.01316	0.01556	0.00916	0.01059	0.00828	0.00557	0.00428	0.00143	0.00709	0.00354	0.00276	0.00838
29	0.81856	0.01250	0.00950	0.00850	0.01250	0.01449	0.00700	0.01899	0.01100	0.02899	0.00900	0.01050	0.00700	0.00600	0.00400	0.00200	0.00500	0.00350	0.00400	0.00700
30	0.01220	0.01148	0.01938	0.75739	0.04450	0.01436	0.01794	0.01651	0.01292	0.01651	0.01148	0.01723	0.00861	0.00646	0.00646	0.00215	0.00861	0.00574	0.00287	0.00718
31	0.00777	0.00659	0.00674	0.00681	0.00896	0.00555	0.00518	0.00948	0.01473	0.01755	0.06391	0.06271	0.69563	0.01644	0.00770	0.00222	0.00341	0.04714	0.00600	0.00548
32	0.01296	0.03342	0.73944	0.01842	0.02797	0.01501	0.02387	0.02046	0.01364	0.02046	0.01160	0.01364	0.00818	0.00614	0.00614	0.00205	0.00955	0.00477	0.00273	0.00955
33	0.02899	0.01100	0.01499	0.01150	0.01649	0.00950	0.00950	0.03149	0.01849	0.73709	0.02549	0.02199	0.01599	0.00800	0.00650	0.00200	0.00550	0.00650	0.00800	0.01100
34	0.02456	0.01810	0.01939	0.01487	0.02004	0.02004	0.01228	0.71107	0.03038	0.04072	0.01551	0.01551	0.01099	0.00776	0.00646	0.00194	0.00711	0.00582	0.00646	0.01099
35	0.00787	0.00562	0.00750	0.00900	0.00937	0.00525	0.00600	0.00900	0.01237	0.01649	0.03561	0.76871	0.04274	0.02024	0.00825	0.00262	0.00375	0.01837	0.00600	0.00525
36	0.02899	0.01100	0.01499	0.01150	0.01649	0.00950	0.00950	0.03149	0.01849	0.73709	0.02549	0.02199	0.01599	0.00800	0.00650	0.00200	0.00550	0.00650	0.00800	0.01100
37	0.01032	0.00741	0.01028	0.01172	0.01323	0.00737	0.01022	0.01325	0.01487	0.01927	0.03527	0.07252	0.06076	0.01780	0.00888	0.00295	0.00586	0.66615	0.00595	0.00593
38	0.01298	0.01212	0.01954	0.60794	0.10845	0.01464	0.01730	0.01874	0.08888	0.01808	0.01314	0.01784	0.00996	0.00664	0.00647	0.00213	0.00815	0.00591	0.00330	0.00780
39	0.00898	0.00660	0.00841	0.00796	0.00955	0.00603	0.00597	0.01188	0.01791	0.02501	0.65816	0.04975	0.13258	0.01355	0.00762	0.00205	0.00307	0.01189	0.00699	0.00603
40	0.00787	0.00562	0.00750	0.00900	0.00937	0.00525	0.00600	0.00900	0.01237	0.01649	0.03561	0.76871	0.04274	0.02024	0.00825	0.00262	0.00375	0.01837	0.00600	0.00525
41	0.06247	0.10751	0.62346	0.01707	0.02587	0.01605	0.02155	0.02026	0.01343	0.02045	0.01117	0.01312	0.00812	0.00607	0.00581	0.00198	0.00900	0.00456	0.00281	0.00927
42	0.01736	0.01382	0.01481	0.01309	0.01690	0.01572	0.01025	0.05871	0.64281	0.08114	0.02585	0.02363	0.01912	0.00867	0.00656	0.00217	0.00522	0.00719	0.00668	0.01031
43	0.00940	0.00626	0.00705	0.00705	0.00705	0.00626	0.00392	0.00940	0.00940	0.01253	0.02036	0.04228	0.02349	0.77292	0.03289	0.00626	0.00626	0.00940	0.00392	0.00392
44	0.01727	0.77681	0.03386	0.01106	0.01658	0.02557	0.01106	0.01935	0.01313	0.01520	0.00898	0.01036	0.00829	0.00553	0.00415	0.00138	0.00691	0.00345	0.00276	0.00829
45	0.01428	0.01360	0.02313	0.36439	0.42129	0.01490	0.01898	0.01833	0.01390	0.01903	0.01185	0.01655	0.00950	0.00608	0.00643	0.00203	0.00810	0.00575	0.00305	0.00885
46	0.00926	0.00658	0.00854	0.00805	0.00957	0.00609	0.00604	0.01230	0.01811	0.02584	0.70194	0.04733	0.05926	0.01299	0.00750	0.00201	0.00305	0.01147	0.03798	0.00609
47	0.00998	0.00682	0.00875	0.00814	0.00990	0.00620	0.00615	0.01286	0.01795	0.06035	0.62907	0.04833	0.12449	0.01326	0.00757	0.00205	0.00319	0.01162	0.00705	0.00628
48	0.02729	0.01372	0.01668	0.01279	0.01785	0.01354	0.01057	0.29231	0.02306	0.46982	0.02166	0.01951	0.01407	0.00790	0.00648	0.00198	0.00612	0.00624	0.00741	0.01099
49	0.01342	0.11299	0.66392	0.01763	0.02675	0.01614	0.02250	0.02034	0.01359	0.01990	0.01132	0.01329	0.00820	0.00607	0.00593	0.00198	0.00927	0.00463	0.00273	0.00941
50	0.01861	0.01470	0.01534	0.01320	0.01717	0.03975	0.01042	0.15828	0.48679	0.08547	0.02521	0.02340	0.04478	0.00874	0.00656	0.00211	0.00566	0.00711	0.00654	0.01016
51	0.00787	0.00562	0.00750	0.00900	0.00937	0.00525	0.00600	0.00900	0.01237	0.01649	0.03561	0.76871	0.04274	0.02024	0.00825	0.00262	0.00375	0.01837	0.00600	0.00525
52	0.01411	0.01343	0.02282	0.39656	0.39045	0.01486	0.01889	0.01818	0.01382	0.01882	0.01182	0.01661	0.00943	0.00611	0.00643	0.00204	0.00814	0.00575	0.00304	0.00871
53	0.01667	0.67290	0.13248	0.01208	0.01817	0.02409	0.01285	0.01950	0.01320	0.01594	0.00935	0.01082	0.00828	0.00561	0.00442	0.00147	0.00728	0.00364	0.00276	0.00847
54	0.01962	0.02187	0.02268	0.06389	0.33700	0.32341	0.04282	0.05590	0.01692	0.01959	0.01141	0.01426	0.00937	0.00626	0.00621	0.00183	0.00949	0.00516	0.00340	0.00891
55	0.01705	0.01366	0.01464	0.01302	0.01678	0.01558	0.01017	0.03412	0.66793	0.08062	0.02624	0.02395	0.01944	0.00871	0.00657	0.00218	0.00514	0.00724	0.00668	0.01029
56	0.07474	0.01734	0.06284	0.02200	0.02807	0.01624	0.44702	0.12842	0.04282	0.07378	0.01442	0.01702	0.01049	0.00617	0.00700	0.00211	0.00925	0.00683	0.00423	0.00919
57	0.02515	0.01615	0.01807	0.01396	0.01900	0.01728	0.01150	0.50967	0.06615	0.20754	0.01852	0.01755	0.01268	0.00787	0.00648	0.00197	0.00661	0.00606	0.00684	0.01095
58	0.01580	0.01516	0.02589	0.07526	0.69849	0.01530	0.01974	0.01967	0.01462	0.02088	0.01212	0.01605	0.01015	0.00579	0.00640	0.00193	0.00772	0.00576	0.00318	0.01008
59	0.00795	0.00568	0.00759	0.00908	0.00949	0.00531	0.00613	0.00913	0.01245	0.01658	0.03557	0.74758	0.04257	0.02017	0.00827	0.00263	0.00382	0.03873	0.00600	0.00527
60	0.01748	0.01459	0.01503	0.01329	0.01708	0.04252	0.01039	0.07167	0.62201	0.06260	0.02506	0.02307	0.01864	0.00860	0.00654	0.00215	0.00548	0.00707	0.00652	0.01021
61	0.00924	0.00647	0.00802	0.00771	0.00863	0.00616	0.00524	0.01110	0.01481	0.02068	0.45205	0.04593	0.04631	0.31026	0.01750	0.00369	0.00431	0.01079	0.00586	0.00524
62	0.01599	0.01535	0.02623	0.03966	0.73262	0.01535	0.01983	0.01983	0.01471	0.02111	0.01215	0.01599	0.01023	0.00576	0.00640	0.00192	0.00768	0.00576	0.00320	0.01023
63	0.81856	0.01250	0.00950	0.00850	0.01250	0.01449	0.00700	0.01899	0.01100	0.02899	0.00900	0.01050	0.00700	0.00600	0.00400	0.00200	0.00500	0.00350	0.00400	0.00700
64	0.01862	0.07565	0.01925	0.01585	0.01783	0.36037	0.01258	0.02018	0.01424	0.01571	0.01109	0.06451	0.01075	0.00933	0.01189	0.00216	0.30381	0.00567	0.00328	0.00723
65	0.00787	0.00562	0.00750	0.00900	0.00937	0.00525	0.00600	0.00900	0.01237	0.01649	0.03561	0.76871	0.04274	0.02024	0.00825	0.00262	0.00375	0.01837	0.00600	0.00525
66	0.01713	0.74193	0.03322	0.01133	0.01660	0.02530	0.01120	0.01917	0.01298	0.01522	0.00896	0.01054	0.00830	0.00579	0.00493	0.00145	0.04141	0.00356	0.00277	0.00824
67	0.01607	0.01388	0.01461	0.01315	0.01680	0.01607	0.01023	0.03433	0.72094	0.02703	0.02630	0.02411	0.01972	0.00877	0.00657	0.00219	0.00511	0.00731	0.00657	0.01023
68	0.00923	0.00692	0.01038	0.01038	0.01154	0.00808	0.00808	0.01154	0.01038	0.01500	0.01731	0.02538	0.01615	0.04846	0.74732	0.01038	0.01731	0.00692	0.00346	0.00577
69	0.50327	0.01210	0.01336	0.30132	0.02501	0.01444	0.01128	0.01802	0.01175	0.02411	0.00997	0.01313	0.00763	0.00618	0.00496	0.00206	0.00641	0.00438	0.00356	0.00707
70	0.00940	0.00626	0.00705	0.00705	0.00705	0.00626	0.00392	0.00940	0.00940	0.01253	0.02036	0.04228	0.02349	0.77292	0.03289	0.00626	0.00626	0.00940	0.00392	0.00392
71	0.01204	0.00602	0.00602	0.00602	0.00753	0.00602	0.00452	0.01506	0.01355	0.02409	0.02108	0.02409	0.01656	0.00753	0.00452	0.00151	0.00301	0.00602	0.80879	0.00602
72	0.01727	0.77681	0.03386	0.01106	0.01658	0.02557	0.01106	0.01935	0.01313	0.01520	0.00898	0.01036	0.00829	0.00553	0.00415	0.00138	0.00691	0.00345	0.00276	0.00829
73	0.01727	0.77681	0.03386	0.01106	0.01658	0.02557	0.01106	0.01935	0.01313	0.01520	0.00898	0.01036	0.00829	0.00553	0.00415	0.00138	0.00691	0.00345	0.00276	0.00829
74	0.00914	0.00660	0.00864	0.00813	0.00965	0.00610	0.00610	0.01219	0.01829	0.02591	0.72921	0.04827	0.06097	0.01321	0.00762	0.00203	0.00305	0.01169	0.00711	0.00610
75	0.01122	0.00561	0.00842	0.00842	0.00842	0.00561	0.00561	0.00842	0.00842	0.01122	0.01122	0.01964	0.01122	0.02245	0.02525	0.81201	0.00561	0.00561	0.00281	0.00281
76	0.01607	0.01388	0.01461	0.01315	0.01680	0.01607	0.01023	0.03433	0.72094	0.02703	0.02630	0.02411	0.01972	0.00877	0.00657	0.00219	0.00511	0.00731	0.00657	0.01023
77	0.00940	0.00626	0.00705	0.00705	0.00705	0.00626	0.00392	0.00940	0.00940	0.01253	0.02036	0.04228	0.02349	0.77292	0.03289	0.00626	0.00626	0.00940	0.00392	0.00392
78	0.00764	0.00655	0.00655	0.00655	0.00873	0.00545	0.00491	0.00927	0.01473	0.01745	0.06546	0.06218	0.73000	0.01636	0.00764	0.00218	0.00327	0.01364	0.00600	0.00545
79	0.00861	0.00658	0.00790	0.00757	0.00933	0.00587	0.00568	0.01116	0.01703	0.02293	0.49515	0.05317	0.29689	0.01432	0.00763	0.00208	0.00313	0.01237	0.00672	0.00587
80	0.01585	0.01618	0.05885	0.03869	0.70039	0.01534	0.02001	0.01986	0.01466	0.02108	0.01213	0.01588	0.01014	0.00577	0.00638	0.00192	0.00776	0.00571	0.00318	0.01020
81	0.02117	0.28503	0.02429	0.01645	0.07388	0.41955	0.01256	0.04528	0.01665	0.01682	0.00999	0.01167	0.00855	0.00624	0.00531	0.00160	0.00957	0.00410	0.00323	0.00809
82	0.01204	0.00602	0.00602	0.00602	0.00753	0.00602	0.00452	0.01506	0.01355	0.02409	0.02108	0.02409	0.01656	0.00753	0.00452	0.00151	0.00301	0.00602	0.80879	0.00602
83	0.01672	0.01647	0.02871	0.02413	0.12723	0.03963	0.37321	0.15812	0.01809	0.02420	0.01682	0.07164	0.03831	0.00744	0.00720	0.00211	0.00892	0.00786	0.00419	0.00898
84	0.00914	0.00660	0.00864	0.00813	0.00965	0.00610	0.00610	0.01219	0.01829	0.02591	0.72921	0.04827	0.06097	0.01321	0.00762	0.00203	0.00305	0.01169	0.00711	0.00610
85	0.01734	0.01699	0.01833	0.02085	0.21009	0.13296	0.01317	0.02906	0.41819	0.02364	0.01988	0.01993	0.01534	0.00762	0.00641	0.00203	0.00685	0.00638	0.00515	0.00979
86	0.00871	0.00627	0.00824	0.00843	0.00956	0.00580	0.00606	0.01109	0.01625	0.02266	0.48973	0.29701	0.05467	0.01564	0.00784	0.00224	0.00329	0.01399	0.00673	0.00580
87	0.01436	0.27432	0.51079	0.01603	0.02428	0.01843	0.01972	0.02010	0.01348	0.01876	0.01075	0.01258	0.00822	0.00594	0.00549	0.00183	0.00869	0.00435	0.00274	0.00914
88	0.38020	0.10199	0.02178	0.01521	0.02013	0.07691	0.20766	0.06760	0.01438	0.02480	0.01068	0.01289	0.00832	0.00596	0.00536	0.00195	0.00758	0.00488	0.00377	0.00795
89	0.01822	0.01728	0.01800	0.01451	0.01890	0.15510	0.08501	0.18100	0.15678	0.02590	0.06851	0.02044	0.04307	0.00772	0.00634	0.00181	0.00717	0.00637	0.00513	0.14274
90	0.04522	0.13326	0.10415	0.01466	0.04455	0.01732	0.01290	0.22473	0.01841	0.09932	0.01390	0.03362	0.01092	0.00763	0.00790	0.00192	0.11061	0.00542	0.00465	0.08889

[dist]
# distance from previous block
# <min> <max>
0	17

[block]
# block no. 1 follows, 34 sequences, length 18
# corresponding to MSA columns:
# 108-125
name=unknown_B
#
# <colnr> <probs for GDERKNQSTAVLIFYWHMCP>
#	G	D	E	R	K	N	Q	S	T	A	V	L	I	F	Y	W	H	M	C	P
0	0.05651	0.05840	0.04744	0.01750	0.04359	0.09413	0.16988	0.21439	0.05074	0.14030	0.01546	0.01635	0.01114	0.00681	0.00638	0.00194	0.00804	0.00591	0.00506	0.03003
1	0.13593	0.02203	0.20568	0.02048	0.02667	0.09910	0.31673	0.02069	0.01428	0.02105	0.01150	0.01461	0.00874	0.00615	0.00723	0.00209	0.04959	0.00580	0.00323	0.00844
2	0.02076	0.10681	0.02100	0.01544	0.01988	0.21650	0.06583	0.22268	0.19762	0.02606	0.01579	0.01619	0.01206	0.00728	0.00615	0.00188	0.00811	0.00561	0.00497	0.00936
3	0.01653	0.01672	0.09187	0.01318	0.01727	0.09111	0.01128	0.09877	0.34238	0.04976	0.12126	0.02595	0.05746	0.00913	0.00663	0.00206	0.00612	0.00744	0.00590	0.00916
4	0.00831	0.00632	0.00726	0.00747	0.00875	0.00569	0.00520	0.00984	0.01401	0.01811	0.18771	0.20156	0.32319	0.15287	0.01231	0.00298	0.00386	0.01345	0.00585	0.00527
5	0.01844	0.01489	0.01794	0.01825	0.15598	0.06612	0.03557	0.16743	0.16057	0.09667	0.10208	0.02303	0.04260	0.00823	0.00657	0.00196	0.00641	0.00697	0.00562	0.04468
6	0.00998	0.00644	0.00789	0.00752	0.00904	0.00608	0.00564	0.01302	0.01693	0.02539	0.52578	0.04132	0.04821	0.01158	0.00673	0.00188	0.00304	0.01006	0.23741	0.00608
7	0.01682	0.69856	0.10813	0.01183	0.01778	0.02445	0.01240	0.01947	0.01318	0.01576	0.00926	0.01071	0.00828	0.00559	0.00436	0.00145	0.00719	0.00359	0.00276	0.00842
8	0.01531	0.01466	0.02499	0.16902	0.60860	0.01517	0.01949	0.01923	0.01439	0.02028	0.01203	0.01621	0.00994	0.00588	0.00641	0.00196	0.00784	0.00575	0.00314	0.00968
9	0.00802	0.00574	0.00763	0.00889	0.00941	0.00535	0.00601	0.00938	0.01308	0.01762	0.11853	0.68258	0.04491	0.01940	0.00817	0.00255	0.00366	0.01757	0.00613	0.00535
10	0.01276	0.01225	0.01950	0.54469	0.03659	0.01592	0.01685	0.01623	0.01205	0.01623	0.01062	0.01634	0.00858	0.00785	0.01070	0.00235	0.22478	0.00572	0.00286	0.00715
11	0.00764	0.00655	0.00655	0.00655	0.00873	0.00545	0.00491	0.00927	0.01473	0.01745	0.06546	0.06218	0.73000	0.01636	0.00764	0.00218	0.00327	0.01364	0.00600	0.00545
12	0.00914	0.00660	0.00864	0.00813	0.00965	0.00610	0.00610	0.01219	0.01829	0.02591	0.72921	0.04827	0.06097	0.01321	0.00762	0.00203	0.00305	0.01169	0.00711	0.00610
13	0.02899	0.01100	0.01499	0.01150	0.01649	0.00950	0.00950	0.03149	0.01849	0.73709	0.02549	0.02199	0.01599	0.00800	0.00650	0.00200	0.00550	0.00650	0.00800	0.01100
14	0.01204	0.00602	0.00602	0.00602	0.00753	0.00602	0.00452	0.01506	0.01355	0.02409	0.02108	0.02409	0.01656	0.00753	0.00452	0.00151	0.00301	0.00602	0.80879	0.00602
15	0.02414	0.03079	0.01831	0.01665	0.01998	0.74698	0.01248	0.02580	0.01831	0.01581	0.00999	0.01165	0.00832	0.00666	0.00583	0.00166	0.01165	0.00416	0.00333	0.00749
16	0.02509	0.01724	0.01886	0.01446	0.01961	0.01877	0.01195	0.62933	0.02895	0.12448	0.01671	0.01629	0.01159	0.00779	0.00647	0.00195	0.00692	0.00590	0.00665	0.01099
17	0.01579	0.01515	0.02586	0.07804	0.69582	0.01530	0.01973	0.01965	0.01462	0.02086	0.01212	0.01606	0.01015	0.00579	0.00640	0.00193	0.00773	0.00576	0.00318	0.01007

[dist]
# distance from previous block
# <min> <max>
0	5

# created by:
# /home/berkeley/.conda/envs/busco_data_prod/bin/msa2prfl.pl pipeline/OGs_align_augustus/4893/284.fs
