[name]
unknown

[dist]
# distance from previous block
# <min> <max>
0	3

[block]
# block no. 0 follows, 33 sequences, length 48
# corresponding to MSA columns:
# 3-50
name=unknown_A
#
# <colnr> <probs for GDERKNQSTAVLIFYWHMCP>
#	G	D	E	R	K	N	Q	S	T	A	V	L	I	F	Y	W	H	M	C	P
0	0.01655	0.17226	0.18204	0.01930	0.02584	0.01807	0.26120	0.07665	0.07965	0.04266	0.01455	0.01766	0.01130	0.00664	0.00654	0.00203	0.00885	0.02502	0.00389	0.00929
1	0.11929	0.19790	0.43686	0.01637	0.04957	0.01754	0.01860	0.02065	0.01359	0.03824	0.01123	0.01302	0.00848	0.00613	0.00553	0.00192	0.00834	0.00447	0.00311	0.00916
2	0.01682	0.14360	0.11350	0.04435	0.16077	0.05817	0.23907	0.02235	0.06836	0.05010	0.01361	0.01621	0.01054	0.00617	0.00650	0.00198	0.00894	0.00604	0.00362	0.00931
3	0.00842	0.00681	0.00751	0.00749	0.00942	0.00601	0.00555	0.01087	0.03591	0.02001	0.21852	0.12732	0.48074	0.01607	0.00781	0.00223	0.00338	0.01371	0.00640	0.00583
4	0.07696	0.35291	0.04754	0.01346	0.01825	0.20340	0.01194	0.10067	0.01673	0.05621	0.01109	0.01237	0.00908	0.00660	0.00581	0.00170	0.03864	0.00427	0.00376	0.00859
5	0.01852	0.07383	0.10833	0.01681	0.02173	0.21614	0.11553	0.08876	0.17343	0.02302	0.06549	0.01873	0.01532	0.00751	0.00649	0.00197	0.00863	0.00620	0.00457	0.00898
6	0.00951	0.00636	0.00720	0.00726	0.00728	0.00634	0.00408	0.00956	0.00970	0.01293	0.02139	0.07330	0.02476	0.73730	0.03246	0.00623	0.00628	0.00996	0.00408	0.00405
7	0.01076	0.00886	0.01429	0.01359	0.01586	0.00851	0.11968	0.01382	0.01498	0.01956	0.05337	0.14761	0.10427	0.01619	0.00863	0.00275	0.00623	0.40898	0.00567	0.00638
8	0.09480	0.01220	0.01465	0.01183	0.01633	0.03534	0.00975	0.09340	0.01902	0.48787	0.05520	0.02602	0.01865	0.00899	0.00663	0.00211	0.00585	0.06402	0.00727	0.01007
9	0.00792	0.00667	0.00686	0.00681	0.00898	0.00562	0.00511	0.00971	0.01533	0.01855	0.12482	0.06210	0.66630	0.01639	0.00778	0.00221	0.00331	0.01372	0.00621	0.00562
10	0.01548	0.01240	0.01299	0.01182	0.01507	0.01415	0.00916	0.03072	0.56328	0.02689	0.02564	0.02456	0.01940	0.00866	0.00624	0.00208	0.00474	0.00716	0.18007	0.00949
11	0.47497	0.08935	0.01526	0.01091	0.01552	0.01727	0.00919	0.21626	0.01741	0.06322	0.01182	0.01267	0.00884	0.00667	0.00492	0.00196	0.00592	0.00437	0.00485	0.00861
12	0.02288	0.01180	0.01440	0.01173	0.01593	0.01167	0.00945	0.10118	0.17079	0.38401	0.10564	0.02539	0.02191	0.00888	0.00665	0.00205	0.00526	0.00731	0.05290	0.01017
13	0.08111	0.21944	0.32261	0.01523	0.02240	0.01775	0.04531	0.07129	0.01548	0.11241	0.01307	0.01416	0.00956	0.00641	0.00569	0.00190	0.00801	0.00483	0.00387	0.00945
14	0.02201	0.28290	0.02407	0.01473	0.01909	0.40392	0.01214	0.09282	0.03798	0.01879	0.01087	0.01218	0.00907	0.00656	0.00544	0.00164	0.00956	0.00426	0.00361	0.00835
15	0.10227	0.09384	0.06082	0.01296	0.01813	0.05223	0.01130	0.18646	0.08734	0.25980	0.01822	0.01740	0.01270	0.00743	0.00602	0.00193	0.00659	0.00561	0.00601	0.03294
16	0.04242	0.19543	0.37285	0.01628	0.02369	0.07247	0.05682	0.02234	0.01475	0.10604	0.01281	0.01415	0.00940	0.00634	0.00584	0.00190	0.00872	0.00485	0.00356	0.00933
17	0.00845	0.00618	0.00800	0.00906	0.00995	0.00573	0.00647	0.01013	0.01399	0.01855	0.13382	0.50739	0.12831	0.01890	0.00831	0.00257	0.00390	0.08847	0.00626	0.00557
18	0.02914	0.01184	0.01567	0.01202	0.01712	0.01063	0.00993	0.09164	0.01991	0.67106	0.02507	0.02182	0.01585	0.00813	0.00662	0.00203	0.00575	0.00656	0.00801	0.01120
19	0.01585	0.01687	0.05746	0.24731	0.17548	0.07688	0.13628	0.04589	0.12052	0.02112	0.01441	0.01767	0.01106	0.00666	0.00672	0.00210	0.00870	0.00625	0.00379	0.00897
20	0.01561	0.01737	0.03241	0.02417	0.02871	0.05015	0.46877	0.01977	0.01406	0.01931	0.01179	0.01650	0.00952	0.00737	0.01178	0.00239	0.23175	0.00702	0.00320	0.00833
21	0.00956	0.00642	0.00737	0.00737	0.00744	0.00649	0.00423	0.00970	0.00963	0.01291	0.02057	0.04212	0.02351	0.72830	0.07327	0.00662	0.00701	0.00943	0.00396	0.00409
22	0.00794	0.00620	0.00721	0.00797	0.00925	0.00547	0.00559	0.00938	0.01388	0.01749	0.06664	0.41735	0.36505	0.01860	0.00809	0.00245	0.00357	0.01628	0.00614	0.00547
23	0.01444	0.24213	0.53730	0.01665	0.02523	0.01832	0.02064	0.02053	0.01375	0.01934	0.01106	0.01296	0.00837	0.00608	0.00568	0.00189	0.00897	0.00449	0.00279	0.00937
24	0.01061	0.00758	0.01061	0.01212	0.01364	0.00758	0.01061	0.01364	0.01515	0.01970	0.03486	0.07426	0.03789	0.01819	0.00909	0.00303	0.00606	0.68326	0.00606	0.00606
25	0.02954	0.01120	0.01528	0.01171	0.01681	0.00968	0.00968	0.03208	0.01884	0.73213	0.02597	0.02241	0.01630	0.00815	0.00662	0.00204	0.00560	0.00662	0.00815	0.01120
26	0.57228	0.20234	0.01635	0.00978	0.01420	0.05895	0.00847	0.01984	0.01217	0.02529	0.00922	0.01073	0.00753	0.00603	0.00422	0.00186	0.00596	0.00359	0.00372	0.00749
27	0.75500	0.01327	0.00995	0.00894	0.01285	0.04407	0.00725	0.01929	0.01145	0.02841	0.00961	0.01187	0.00777	0.03262	0.00517	0.00217	0.00541	0.00380	0.00404	0.00704
28	0.02204	0.30219	0.02444	0.01488	0.01909	0.48055	0.01219	0.02389	0.01673	0.01588	0.00980	0.01139	0.00847	0.00636	0.00531	0.00159	0.01011	0.00398	0.00318	0.00793
29	0.00831	0.00598	0.00791	0.00915	0.00980	0.00558	0.00635	0.00981	0.01353	0.01812	0.11683	0.61850	0.06775	0.01952	0.00835	0.00261	0.00385	0.05629	0.00624	0.00550
30	0.01578	0.29128	0.39810	0.01643	0.02407	0.07786	0.05183	0.02090	0.01418	0.01860	0.01082	0.01276	0.00847	0.00605	0.00559	0.00182	0.00903	0.00449	0.00287	0.00907
31	0.01547	0.01329	0.01405	0.01271	0.01623	0.01517	0.00986	0.03221	0.63569	0.02686	0.06447	0.02829	0.06736	0.00966	0.00682	0.00222	0.00498	0.00808	0.00669	0.00990
32	0.02954	0.01120	0.01528	0.01171	0.01681	0.00968	0.00968	0.03208	0.01884	0.73213	0.02597	0.02241	0.01630	0.00815	0.00662	0.00204	0.00560	0.00662	0.00815	0.01120
33	0.00779	0.00662	0.00672	0.00681	0.00893	0.00555	0.00506	0.00943	0.01487	0.01773	0.06499	0.10267	0.68669	0.01689	0.00782	0.00225	0.00336	0.01416	0.00611	0.00555
34	0.02548	0.01772	0.01931	0.01480	0.02005	0.01934	0.01223	0.63826	0.02974	0.11056	0.01682	0.01647	0.01171	0.00793	0.00659	0.00198	0.00708	0.00600	0.00674	0.01120
35	0.00801	0.00578	0.00759	0.00904	0.00952	0.00536	0.00606	0.00918	0.01273	0.01685	0.03782	0.72904	0.07786	0.02043	0.00837	0.00265	0.00379	0.01847	0.00611	0.00536
36	0.00952	0.00658	0.00817	0.00817	0.00851	0.00692	0.00522	0.01021	0.00987	0.01349	0.01984	0.03809	0.02177	0.56008	0.23910	0.00760	0.00964	0.00884	0.00385	0.00454
37	0.00957	0.00638	0.00718	0.00718	0.00718	0.00638	0.00399	0.00957	0.00957	0.01276	0.02074	0.04308	0.02393	0.76864	0.03351	0.00638	0.00638	0.00957	0.00399	0.00399
38	0.01320	0.03405	0.73453	0.01876	0.02849	0.01529	0.02432	0.02085	0.01390	0.02085	0.01181	0.01390	0.00834	0.00625	0.00625	0.00208	0.00973	0.00486	0.00278	0.00973
39	0.01657	0.01801	0.01984	0.01721	0.01794	0.17368	0.01405	0.01806	0.01190	0.01590	0.00897	0.01386	0.00861	0.01051	0.01827	0.00263	0.59826	0.00544	0.00299	0.00729
40	0.81514	0.01273	0.00968	0.00866	0.01273	0.01477	0.00713	0.01935	0.01120	0.02954	0.00917	0.01069	0.00713	0.00611	0.00407	0.00204	0.00509	0.00356	0.00407	0.00713
41	0.70609	0.01258	0.01031	0.00904	0.01311	0.01429	0.00742	0.04414	0.01267	0.06978	0.04256	0.01328	0.01027	0.00662	0.00447	0.00204	0.00511	0.00420	0.00454	0.00746
42	0.06724	0.05439	0.14741	0.01659	0.04536	0.37094	0.01427	0.07954	0.01795	0.09084	0.01250	0.01367	0.00946	0.00676	0.00594	0.00182	0.00963	0.00471	0.00403	0.02695
43	0.07975	0.01374	0.01593	0.11236	0.02068	0.04318	0.01109	0.18907	0.06920	0.23272	0.05905	0.04641	0.01653	0.00829	0.00643	0.00201	0.00637	0.00666	0.00611	0.05442
44	0.01396	0.01373	0.02701	0.02057	0.02523	0.01299	0.42147	0.01890	0.05486	0.04926	0.02330	0.17406	0.05908	0.01014	0.00786	0.00235	0.00839	0.04427	0.00457	0.00802
45	0.01373	0.00801	0.01020	0.01003	0.01207	0.00747	0.00731	0.01689	0.07852	0.17444	0.03333	0.47117	0.06246	0.01595	0.00767	0.00240	0.00436	0.01417	0.00651	0.04329
46	0.09848	0.01866	0.01966	0.07137	0.08285	0.16652	0.06315	0.19854	0.06202	0.02608	0.01316	0.01506	0.01019	0.00698	0.00680	0.00191	0.04160	0.00536	0.00446	0.08713
47	0.07960	0.04593	0.04172	0.05142	0.03829	0.17262	0.05028	0.18451	0.09889	0.14792	0.01632	0.01667	0.01181	0.00732	0.00625	0.00197	0.00795	0.00566	0.00531	0.00957

[dist]
# distance from previous block
# <min> <max>
1	33

[block]
# block no. 1 follows, 33 sequences, length 17
# corresponding to MSA columns:
# 84-100
name=unknown_B
#
# <colnr> <probs for GDERKNQSTAVLIFYWHMCP>
#	G	D	E	R	K	N	Q	S	T	A	V	L	I	F	Y	W	H	M	C	P
0	0.09253	0.01547	0.04557	0.02897	0.01733	0.11131	0.01058	0.09829	0.11562	0.23022	0.06082	0.04465	0.01814	0.03468	0.02746	0.00244	0.00694	0.02384	0.00599	0.00912
1	0.04980	0.08943	0.06691	0.03357	0.01997	0.16316	0.06983	0.11983	0.10518	0.04124	0.08773	0.01938	0.01645	0.00934	0.03412	0.00227	0.03140	0.00616	0.00469	0.02954
2	0.06647	0.10057	0.03607	0.03322	0.01946	0.18278	0.01180	0.21887	0.04484	0.19872	0.01610	0.01598	0.01148	0.00733	0.00605	0.00189	0.00779	0.00535	0.00551	0.00971
3	0.01921	0.51229	0.02869	0.01252	0.01773	0.15463	0.01137	0.08025	0.01589	0.01833	0.01012	0.01150	0.00880	0.00598	0.00479	0.00148	0.00777	0.00389	0.00333	0.07145
4	0.04194	0.05558	0.22301	0.01279	0.01885	0.01214	0.01308	0.06238	0.01634	0.18158	0.07408	0.02260	0.07687	0.00795	0.00618	0.00184	0.00643	0.00636	0.00509	0.15492
5	0.01458	0.17020	0.37893	0.01736	0.04965	0.05147	0.07014	0.01964	0.01413	0.03380	0.01474	0.10859	0.01318	0.00795	0.00625	0.00201	0.00852	0.00662	0.00341	0.00882
6	0.00883	0.00655	0.00830	0.00899	0.01014	0.00592	0.00631	0.01035	0.01329	0.01786	0.08083	0.50034	0.10440	0.06359	0.00956	0.00269	0.00411	0.05690	0.00586	0.07519
7	0.02782	0.01199	0.01561	0.01191	0.01708	0.01071	0.00982	0.10043	0.01968	0.60477	0.02380	0.02104	0.01525	0.00786	0.00648	0.00195	0.00571	0.00633	0.00765	0.07409
8	0.11298	0.02310	0.30047	0.02124	0.10678	0.04408	0.16330	0.02152	0.01445	0.07769	0.01278	0.01522	0.00943	0.00645	0.00706	0.00211	0.04296	0.00559	0.00356	0.00923
9	0.01610	0.01762	0.07891	0.26396	0.06835	0.07894	0.19563	0.10389	0.04435	0.02186	0.01394	0.04127	0.01100	0.00698	0.00687	0.00213	0.00918	0.00663	0.00378	0.00862
10	0.01325	0.00981	0.01147	0.01111	0.01307	0.01027	0.00817	0.19854	0.07280	0.02429	0.03003	0.50485	0.03300	0.01628	0.00778	0.00245	0.00485	0.01439	0.00628	0.00732
11	0.01542	0.01741	0.03692	0.02667	0.03264	0.01701	0.63247	0.02055	0.01497	0.02055	0.01284	0.01741	0.00985	0.00617	0.00920	0.00229	0.08810	0.00756	0.00328	0.00871
12	0.03141	0.04069	0.06418	0.12277	0.05563	0.14880	0.08636	0.01775	0.01380	0.04811	0.01649	0.08161	0.01600	0.21258	0.01382	0.00321	0.00832	0.00762	0.00385	0.00701
13	0.01563	0.09195	0.43332	0.01723	0.02479	0.01656	0.07125	0.14460	0.01674	0.02353	0.01313	0.01654	0.01022	0.06636	0.00840	0.00235	0.00888	0.00553	0.00361	0.00937
14	0.02195	0.01459	0.11388	0.01350	0.01920	0.01060	0.06577	0.02546	0.01663	0.40164	0.02112	0.04648	0.01520	0.00786	0.00649	0.00192	0.00642	0.02945	0.00613	0.15572
15	0.01314	0.01312	0.09080	0.01467	0.01805	0.04617	0.12529	0.01655	0.01279	0.07337	0.01661	0.02233	0.01415	0.03235	0.45107	0.00721	0.01451	0.00677	0.00377	0.00728
16	0.03720	0.01594	0.04218	0.07409	0.04960	0.05130	0.26935	0.05865	0.01549	0.02167	0.01497	0.01797	0.04445	0.00647	0.00711	0.00185	0.03786	0.00626	0.00377	0.22383

[dist]
# distance from previous block
# <min> <max>
2	13

[block]
# block no. 2 follows, 33 sequences, length 14
# corresponding to MSA columns:
# 114-127
name=unknown_C
#
# <colnr> <probs for GDERKNQSTAVLIFYWHMCP>
#	G	D	E	R	K	N	Q	S	T	A	V	L	I	F	Y	W	H	M	C	P
0	0.11451	0.06363	0.03298	0.01234	0.01582	0.10354	0.04007	0.06542	0.05849	0.11073	0.01691	0.02239	0.01442	0.11192	0.14285	0.00406	0.00911	0.02226	0.00462	0.03393
1	0.00913	0.00681	0.00906	0.00892	0.01040	0.00674	0.00680	0.01174	0.01540	0.02132	0.37387	0.07141	0.13808	0.02498	0.22555	0.00467	0.00758	0.03565	0.00590	0.00599
2	0.01243	0.01170	0.01975	0.75282	0.04534	0.01463	0.01828	0.01682	0.01316	0.01682	0.01170	0.01755	0.00878	0.00658	0.00658	0.00219	0.00878	0.00585	0.00293	0.00731
3	0.02117	0.01158	0.01446	0.01082	0.01623	0.00953	0.00879	0.02461	0.04692	0.35261	0.01901	0.01821	0.01325	0.00658	0.00577	0.00152	0.00523	0.00532	0.00600	0.40240
4	0.01365	0.01170	0.01365	0.00975	0.01560	0.00878	0.00780	0.01658	0.01365	0.02145	0.01170	0.01365	0.00975	0.00488	0.00488	0.00098	0.00488	0.00390	0.00390	0.80888
5	0.01668	0.66090	0.06195	0.01168	0.01705	0.02365	0.01175	0.01913	0.01359	0.01616	0.01196	0.01737	0.01153	0.00697	0.00482	0.00161	0.00705	0.07475	0.00315	0.00825
6	0.01386	0.02405	0.35879	0.02051	0.02819	0.01456	0.27251	0.01997	0.01478	0.02135	0.05763	0.01754	0.01251	0.00631	0.00677	0.00202	0.00933	0.00629	0.00338	0.08964
7	0.02745	0.01070	0.01443	0.01124	0.01580	0.00933	0.00908	0.02973	0.01787	0.65681	0.02542	0.02457	0.01710	0.08777	0.00944	0.00249	0.00568	0.00693	0.00771	0.01045
8	0.01214	0.01139	0.01893	0.70639	0.04307	0.01406	0.01746	0.01636	0.01328	0.01688	0.01512	0.02040	0.05333	0.00721	0.00666	0.00220	0.00844	0.00635	0.00312	0.00720
9	0.01441	0.01461	0.02210	0.05881	0.02062	0.01949	0.08678	0.01645	0.01082	0.01645	0.00930	0.01493	0.00879	0.01063	0.01933	0.00277	0.63743	0.00598	0.00293	0.00738
10	0.01320	0.03405	0.73453	0.01876	0.02849	0.01529	0.02432	0.02085	0.01390	0.02085	0.01181	0.01390	0.00834	0.00625	0.00625	0.00208	0.00973	0.00486	0.00278	0.00973
11	0.01524	0.01287	0.01718	0.01435	0.01809	0.01379	0.11536	0.02758	0.41787	0.05849	0.18373	0.02904	0.02796	0.00941	0.00710	0.00218	0.00565	0.00847	0.00638	0.00926
12	0.00802	0.00573	0.00764	0.00917	0.00955	0.00535	0.00611	0.00917	0.01260	0.01681	0.03628	0.76434	0.04354	0.02062	0.00840	0.00267	0.00382	0.01872	0.00611	0.00535
13	0.01752	0.01058	0.01278	0.01099	0.01429	0.01069	0.00864	0.05031	0.22509	0.22044	0.30062	0.03333	0.03526	0.01046	0.00709	0.00211	0.00456	0.00892	0.00731	0.00901

[dist]
# distance from previous block
# <min> <max>
0	3

[block]
# block no. 3 follows, 33 sequences, length 7
# corresponding to MSA columns:
# 131-137
name=unknown_D
#
# <colnr> <probs for GDERKNQSTAVLIFYWHMCP>
#	G	D	E	R	K	N	Q	S	T	A	V	L	I	F	Y	W	H	M	C	P
0	0.01482	0.27521	0.46458	0.01600	0.02405	0.01888	0.01926	0.02127	0.05304	0.01947	0.01178	0.01340	0.00903	0.00620	0.00561	0.00187	0.00859	0.00457	0.00301	0.00935
1	0.01726	0.01595	0.01889	0.01581	0.02003	0.05984	0.11176	0.07234	0.53137	0.02675	0.02319	0.02229	0.01740	0.00825	0.00680	0.00218	0.00659	0.00721	0.00600	0.01008
2	0.01823	0.01706	0.02038	0.01639	0.01949	0.09163	0.06556	0.20033	0.01743	0.02389	0.01150	0.01467	0.00957	0.00865	0.01253	0.00219	0.31553	0.00553	0.00410	0.12532
3	0.22522	0.00999	0.01033	0.00917	0.01183	0.01052	0.00708	0.11487	0.01737	0.02758	0.32127	0.03449	0.08127	0.08136	0.00902	0.00246	0.00456	0.00874	0.00593	0.00693
4	0.12688	0.00724	0.00759	0.00759	0.00822	0.00750	0.00465	0.01096	0.01011	0.01560	0.02057	0.10859	0.02339	0.58462	0.02677	0.00539	0.00594	0.00959	0.00421	0.00458
5	0.01404	0.01216	0.01524	0.01121	0.01660	0.01001	0.04478	0.04734	0.01434	0.02190	0.01294	0.04728	0.01128	0.00601	0.00592	0.00124	0.03487	0.00492	0.00405	0.66387
6	0.46401	0.01316	0.01178	0.01032	0.01428	0.01494	0.00832	0.10347	0.17419	0.02940	0.01935	0.01939	0.07775	0.00795	0.00532	0.00209	0.00521	0.00569	0.00516	0.00821

[dist]
# distance from previous block
# <min> <max>
0	1

[block]
# block no. 4 follows, 33 sequences, length 14
# corresponding to MSA columns:
# 139-152
name=unknown_E
#
# <colnr> <probs for GDERKNQSTAVLIFYWHMCP>
#	G	D	E	R	K	N	Q	S	T	A	V	L	I	F	Y	W	H	M	C	P
0	0.01701	0.01402	0.01766	0.05101	0.01985	0.01531	0.08547	0.16199	0.33981	0.04858	0.10560	0.02611	0.04965	0.00906	0.00695	0.00215	0.00612	0.00786	0.00621	0.00959
1	0.00946	0.00682	0.00940	0.00940	0.01017	0.00759	0.00676	0.01100	0.01023	0.01441	0.01871	0.03181	0.01904	0.29801	0.49744	0.00913	0.01374	0.00792	0.00369	0.00522
2	0.68058	0.01252	0.01074	0.04064	0.01458	0.01407	0.00784	0.02013	0.01201	0.08466	0.01073	0.01206	0.00805	0.00624	0.00442	0.00199	0.00528	0.00392	0.00434	0.04518
3	0.81514	0.01273	0.00968	0.00866	0.01273	0.01477	0.00713	0.01935	0.01120	0.02954	0.00917	0.01069	0.00713	0.00611	0.00407	0.00204	0.00509	0.00356	0.00407	0.00713
4	0.00846	0.00674	0.00783	0.00767	0.00956	0.00611	0.00579	0.01065	0.01550	0.02003	0.25712	0.05412	0.43201	0.02006	0.10560	0.00329	0.00517	0.01239	0.00611	0.00580
5	0.81514	0.01273	0.00968	0.00866	0.01273	0.01477	0.00713	0.01935	0.01120	0.02954	0.00917	0.01069	0.00713	0.00611	0.00407	0.00204	0.00509	0.00356	0.00407	0.00713
6	0.81514	0.01273	0.00968	0.00866	0.01273	0.01477	0.00713	0.01935	0.01120	0.02954	0.00917	0.01069	0.00713	0.00611	0.00407	0.00204	0.00509	0.00356	0.00407	0.00713
7	0.05685	0.01437	0.01868	0.13778	0.02354	0.01541	0.06923	0.31003	0.02185	0.08697	0.06826	0.02369	0.01674	0.00854	0.00678	0.00209	0.00708	0.06210	0.00560	0.04439
8	0.00954	0.00653	0.00793	0.00793	0.00819	0.00679	0.00492	0.01005	0.00980	0.01332	0.02006	0.03928	0.02228	0.60997	0.18992	0.00731	0.00886	0.00902	0.00389	0.00441
9	0.15648	0.02347	0.27302	0.01863	0.02541	0.09426	0.20555	0.02227	0.01485	0.08692	0.01288	0.01496	0.00932	0.00627	0.00629	0.00207	0.00915	0.00553	0.00371	0.00895
10	0.01425	0.01232	0.01469	0.01088	0.01602	0.01064	0.00879	0.04769	0.01402	0.02170	0.01153	0.01384	0.00969	0.00579	0.00692	0.00124	0.09318	0.00421	0.00390	0.67870
11	0.00802	0.00573	0.00764	0.00917	0.00955	0.00535	0.00611	0.00917	0.01260	0.01681	0.03628	0.76434	0.04354	0.02062	0.00840	0.00267	0.00382	0.01872	0.00611	0.00535
12	0.01451	0.01375	0.01939	0.49430	0.03585	0.05207	0.01640	0.06600	0.06776	0.01915	0.01258	0.01719	0.00977	0.00763	0.00890	0.00226	0.12528	0.00588	0.00348	0.00782
13	0.20386	0.01618	0.02019	0.25999	0.02870	0.11642	0.11915	0.05363	0.01443	0.02150	0.01106	0.01481	0.00864	0.00687	0.00749	0.00215	0.07832	0.00538	0.00350	0.00774

[dist]
# distance from previous block
# <min> <max>
0	5

[block]
# block no. 5 follows, 33 sequences, length 21
# corresponding to MSA columns:
# 158-178
name=unknown_F
#
# <colnr> <probs for GDERKNQSTAVLIFYWHMCP>
#	G	D	E	R	K	N	Q	S	T	A	V	L	I	F	Y	W	H	M	C	P
0	0.01790	0.00916	0.01180	0.00985	0.01313	0.00824	0.00780	0.05236	0.01885	0.30018	0.34559	0.03733	0.09428	0.01115	0.00718	0.00203	0.00434	0.00950	0.00738	0.03197
1	0.03970	0.06674	0.02142	0.33618	0.03166	0.23069	0.06302	0.07776	0.01631	0.01921	0.01139	0.01503	0.00891	0.00674	0.00667	0.00200	0.02994	0.00530	0.00342	0.00790
2	0.12482	0.62776	0.03033	0.01114	0.01654	0.02422	0.01078	0.05886	0.01409	0.01886	0.00953	0.01088	0.00843	0.00583	0.00434	0.00152	0.00679	0.00366	0.00320	0.00843
3	0.01036	0.00750	0.01026	0.01164	0.01322	0.00740	0.01011	0.01327	0.01514	0.01953	0.03768	0.07329	0.09874	0.01805	0.00898	0.00296	0.00582	0.62397	0.00607	0.00602
4	0.00955	0.00648	0.00768	0.00768	0.00785	0.00665	0.00461	0.00989	0.00972	0.01313	0.02029	0.04058	0.02285	0.66396	0.13670	0.00699	0.00802	0.00921	0.00392	0.00426
5	0.01730	0.72265	0.08184	0.01177	0.01768	0.02532	0.01215	0.01979	0.01341	0.01585	0.00933	0.01079	0.00844	0.00567	0.00436	0.00145	0.00722	0.00361	0.00281	0.00853
6	0.01673	0.18525	0.30751	0.04718	0.02398	0.08520	0.03932	0.09273	0.06096	0.02141	0.01234	0.01419	0.00952	0.00680	0.00678	0.00196	0.05046	0.00498	0.00352	0.00919
7	0.06556	0.01745	0.06635	0.06688	0.02147	0.01792	0.01286	0.40487	0.15521	0.07793	0.01757	0.01757	0.01259	0.00781	0.00645	0.00205	0.00692	0.00605	0.00605	0.01045
8	0.01411	0.01165	0.01860	0.60671	0.03948	0.01400	0.01651	0.01931	0.06434	0.08118	0.04033	0.01965	0.01222	0.00714	0.00664	0.00218	0.00803	0.00626	0.00382	0.00784
9	0.01444	0.01217	0.01408	0.01013	0.01594	0.00958	0.00813	0.06444	0.01485	0.02284	0.01199	0.01380	0.00985	0.00509	0.00499	0.00104	0.00504	0.00404	0.00409	0.75347
10	0.01728	0.01811	0.18295	0.08969	0.02357	0.03341	0.08233	0.09359	0.08714	0.13824	0.09935	0.04013	0.01848	0.00812	0.00674	0.00207	0.00735	0.00701	0.00516	0.03928
11	0.73055	0.01334	0.01076	0.00935	0.01355	0.01537	0.00771	0.09282	0.01332	0.03082	0.00988	0.01124	0.00756	0.00630	0.00434	0.00203	0.00532	0.00382	0.00434	0.00756
12	0.00858	0.00670	0.00778	0.00751	0.00938	0.00590	0.00563	0.01099	0.01689	0.02226	0.40808	0.05599	0.38072	0.01500	0.00777	0.00214	0.00322	0.01286	0.00670	0.00590
13	0.00957	0.00638	0.00718	0.00718	0.00718	0.00638	0.00399	0.00957	0.00957	0.01276	0.02074	0.04308	0.02393	0.76864	0.03351	0.00638	0.00638	0.00957	0.00399	0.00399
14	0.02459	0.03138	0.01866	0.01696	0.02035	0.74221	0.01272	0.02629	0.01866	0.01611	0.01018	0.01187	0.00848	0.00678	0.00594	0.00170	0.01187	0.00424	0.00339	0.00763
15	0.01554	0.01776	0.03885	0.02775	0.03441	0.01665	0.70366	0.02109	0.01554	0.02109	0.01332	0.01776	0.00999	0.00555	0.00777	0.00222	0.01110	0.00777	0.00333	0.00888
16	0.01318	0.01302	0.02300	0.54762	0.04032	0.01559	0.13292	0.01743	0.01321	0.01743	0.01163	0.01723	0.00896	0.00697	0.00849	0.00228	0.09402	0.00616	0.00299	0.00756
17	0.00949	0.00782	0.03944	0.00972	0.01083	0.00683	0.00722	0.04194	0.01334	0.01777	0.03278	0.49709	0.06056	0.13688	0.01222	0.00322	0.00482	0.07671	0.00565	0.00566
18	0.05930	0.27914	0.21628	0.01450	0.02078	0.07228	0.05375	0.03705	0.04060	0.01971	0.01164	0.01363	0.00943	0.00801	0.03900	0.00211	0.00846	0.00458	0.00332	0.08642
19	0.04375	0.26745	0.09663	0.01327	0.01832	0.10458	0.01220	0.15219	0.09481	0.04440	0.03290	0.01759	0.03362	0.03342	0.00662	0.00196	0.00739	0.00545	0.00447	0.00897
20	0.01696	0.36500	0.09359	0.07669	0.02004	0.07814	0.01257	0.02146	0.08492	0.06330	0.04080	0.04721	0.01388	0.00868	0.02912	0.00206	0.00763	0.00557	0.00392	0.00848

[dist]
# distance from previous block
# <min> <max>
8	33

[block]
# block no. 6 follows, 33 sequences, length 34
# corresponding to MSA columns:
# 213-246
name=unknown_G
#
# <colnr> <probs for GDERKNQSTAVLIFYWHMCP>
#	G	D	E	R	K	N	Q	S	T	A	V	L	I	F	Y	W	H	M	C	P
0	0.01854	0.43292	0.15346	0.01433	0.02037	0.12074	0.03681	0.09760	0.01623	0.01961	0.01064	0.01215	0.00879	0.00615	0.00519	0.00166	0.00833	0.00426	0.00333	0.00888
1	0.01843	0.27406	0.09236	0.03967	0.01867	0.12427	0.01214	0.06331	0.03959	0.10074	0.01421	0.01700	0.01168	0.05181	0.09232	0.00301	0.00905	0.00521	0.00403	0.00843
2	0.01576	0.33002	0.23180	0.07421	0.02320	0.03547	0.03837	0.04332	0.01421	0.01883	0.01074	0.01297	0.00872	0.00613	0.00593	0.00173	0.03505	0.00445	0.00308	0.08599
3	0.04477	0.29107	0.08070	0.04068	0.02017	0.06265	0.07635	0.10759	0.01644	0.07347	0.01492	0.09258	0.01320	0.00782	0.00583	0.00184	0.00744	0.00629	0.00419	0.03200
4	0.01559	0.16192	0.27918	0.09387	0.02465	0.01602	0.05849	0.06896	0.01526	0.06953	0.01498	0.08592	0.01268	0.00768	0.00619	0.00197	0.00794	0.00636	0.00385	0.04898
5	0.01037	0.00854	0.01354	0.01236	0.01381	0.00984	0.06691	0.01274	0.01088	0.01564	0.01671	0.02541	0.01577	0.09363	0.56776	0.00891	0.08039	0.00718	0.00349	0.00611
6	0.01299	0.03256	0.69480	0.01819	0.02747	0.01479	0.02333	0.02039	0.01416	0.02115	0.05080	0.01583	0.01128	0.00665	0.00634	0.00208	0.00937	0.00525	0.00302	0.00954
7	0.00932	0.00693	0.01022	0.01032	0.01138	0.00795	0.00788	0.01148	0.01066	0.01525	0.01900	0.07452	0.01859	0.08352	0.65954	0.00986	0.01618	0.00793	0.00372	0.00575
8	0.01236	0.00901	0.04954	0.00944	0.01197	0.00744	0.00777	0.01607	0.03790	0.11784	0.57488	0.04308	0.05204	0.01225	0.00750	0.00207	0.00385	0.01071	0.00710	0.00717
9	0.01320	0.03405	0.73453	0.01876	0.02849	0.01529	0.02432	0.02085	0.01390	0.02085	0.01181	0.01390	0.00834	0.00625	0.00625	0.00208	0.00973	0.00486	0.00278	0.00973
10	0.01343	0.03256	0.67624	0.01892	0.02828	0.01539	0.05222	0.02143	0.04239	0.02113	0.01248	0.01449	0.00888	0.00633	0.00634	0.00210	0.00960	0.00509	0.00296	0.00972
11	0.01673	0.04438	0.01590	0.01212	0.01702	0.06559	0.00967	0.09851	0.24797	0.02503	0.01693	0.01725	0.01319	0.00671	0.00571	0.00157	0.00583	0.00530	0.00504	0.36957
12	0.01118	0.00767	0.00974	0.00895	0.01091	0.00734	0.00680	0.01565	0.08119	0.06958	0.61891	0.04533	0.05555	0.01273	0.00760	0.00208	0.00345	0.01118	0.00725	0.00689
13	0.00919	0.00691	0.00863	0.00873	0.01046	0.00635	0.00690	0.01189	0.01683	0.02248	0.38358	0.05889	0.23859	0.01544	0.00808	0.00234	0.00385	0.16820	0.00666	0.00600
14	0.01342	0.07041	0.70007	0.01839	0.02792	0.01582	0.02368	0.02079	0.01387	0.02058	0.01168	0.01373	0.00834	0.00622	0.00615	0.00205	0.00960	0.00480	0.00278	0.00967
15	0.00808	0.00616	0.00743	0.00822	0.00936	0.00551	0.00574	0.00961	0.01407	0.01817	0.12039	0.44828	0.27824	0.01851	0.00812	0.00246	0.00358	0.01634	0.00623	0.00551
16	0.05679	0.68890	0.03208	0.01127	0.01671	0.02490	0.01101	0.02063	0.05614	0.01692	0.01023	0.01142	0.00909	0.00586	0.00437	0.00149	0.00683	0.00376	0.00312	0.00850
17	0.01549	0.41875	0.36990	0.01486	0.02245	0.02089	0.01752	0.02026	0.01363	0.01806	0.01043	0.01216	0.00840	0.00593	0.00520	0.00173	0.00833	0.00416	0.00280	0.00906
18	0.01752	0.67805	0.09402	0.01215	0.01804	0.05512	0.01245	0.02009	0.01364	0.01598	0.00942	0.01090	0.00844	0.00573	0.00447	0.00148	0.00747	0.00367	0.00284	0.00852
19	0.81514	0.01273	0.00968	0.00866	0.01273	0.01477	0.00713	0.01935	0.01120	0.02954	0.00917	0.01069	0.00713	0.00611	0.00407	0.00204	0.00509	0.00356	0.00407	0.00713
20	0.06092	0.02818	0.18802	0.01722	0.02251	0.40373	0.05992	0.04470	0.03876	0.05851	0.01226	0.01376	0.00934	0.00672	0.00612	0.00188	0.01029	0.00486	0.00373	0.00857
21	0.00935	0.00672	0.00824	0.00832	0.00997	0.00604	0.00622	0.01160	0.01610	0.04508	0.31673	0.19533	0.26090	0.01600	0.00794	0.00230	0.00359	0.05696	0.00663	0.00600
22	0.01380	0.01335	0.02224	0.43794	0.13475	0.01578	0.08247	0.01890	0.06428	0.01854	0.01266	0.01751	0.00993	0.00717	0.00858	0.00225	0.10233	0.00614	0.00328	0.00811
23	0.01320	0.03405	0.73453	0.01876	0.02849	0.01529	0.02432	0.02085	0.01390	0.02085	0.01181	0.01390	0.00834	0.00625	0.00625	0.00208	0.00973	0.00486	0.00278	0.00973
24	0.01214	0.00951	0.01280	0.04050	0.01446	0.01109	0.00943	0.09770	0.03844	0.02021	0.09822	0.02644	0.02041	0.05763	0.42142	0.00706	0.08392	0.00740	0.00437	0.00684
25	0.01593	0.01400	0.01581	0.05577	0.07569	0.03669	0.01142	0.05330	0.50057	0.02600	0.06847	0.02448	0.02059	0.01051	0.03884	0.00254	0.00629	0.00735	0.00601	0.00973
26	0.01550	0.01639	0.07678	0.14435	0.57608	0.01547	0.02022	0.01975	0.01464	0.02077	0.01224	0.01631	0.01003	0.00600	0.00651	0.00200	0.00810	0.00579	0.00317	0.00992
27	0.00901	0.00623	0.00842	0.00960	0.01034	0.00593	0.00702	0.01030	0.01322	0.01754	0.07886	0.46638	0.06482	0.01972	0.01026	0.08500	0.00444	0.16174	0.00584	0.00531
28	0.00922	0.00673	0.00867	0.00818	0.00978	0.00617	0.00614	0.01224	0.01841	0.02587	0.68397	0.05004	0.10257	0.01365	0.00777	0.00208	0.00312	0.01203	0.00718	0.00617
29	0.01338	0.01256	0.02075	0.53532	0.19133	0.01436	0.01782	0.01754	0.01360	0.01823	0.01185	0.01695	0.00922	0.00628	0.00642	0.00204	0.00824	0.00569	0.00308	0.07536
30	0.01432	0.01363	0.02316	0.40412	0.37926	0.01512	0.01922	0.01848	0.01406	0.01911	0.01203	0.01694	0.00958	0.00623	0.00655	0.00208	0.00831	0.00586	0.00309	0.00884
31	0.01330	0.01128	0.01309	0.01009	0.01507	0.00922	0.00790	0.01776	0.09153	0.02159	0.01622	0.10165	0.01481	0.00715	0.00549	0.00131	0.00479	0.00601	0.00447	0.62728
32	0.01497	0.01429	0.02434	0.28407	0.49423	0.01529	0.01955	0.01905	0.01437	0.01990	0.01215	0.01672	0.00986	0.00611	0.00654	0.00204	0.00815	0.00586	0.00314	0.00936
33	0.04411	0.01828	0.07402	0.01385	0.01819	0.18419	0.03912	0.06786	0.09895	0.14735	0.01762	0.04402	0.01413	0.05965	0.04428	0.00260	0.00819	0.00626	0.00499	0.09235

[dist]
# distance from previous block
# <min> <max>
0	1

[block]
# block no. 7 follows, 33 sequences, length 32
# corresponding to MSA columns:
# 248-279
name=unknown_H
#
# <colnr> <probs for GDERKNQSTAVLIFYWHMCP>
#	G	D	E	R	K	N	Q	S	T	A	V	L	I	F	Y	W	H	M	C	P
0	0.00952	0.00813	0.03911	0.01082	0.03343	0.00705	0.00845	0.01190	0.01441	0.01905	0.12046	0.22735	0.15808	0.05758	0.03756	0.00308	0.00536	0.21688	0.00580	0.00599
1	0.02115	0.01652	0.01758	0.01436	0.01894	0.01861	0.01158	0.40550	0.33738	0.03525	0.02072	0.01972	0.01518	0.00836	0.00664	0.00209	0.00633	0.00661	0.00664	0.01085
2	0.01583	0.01517	0.02589	0.12521	0.64636	0.01552	0.01998	0.01980	0.01477	0.02095	0.01230	0.01644	0.01023	0.00595	0.00653	0.00198	0.00793	0.00586	0.00322	0.01006
3	0.01411	0.03149	0.63562	0.01937	0.02860	0.01519	0.09139	0.02133	0.01427	0.05015	0.01255	0.01463	0.00883	0.00626	0.00642	0.00210	0.00970	0.00523	0.00306	0.00971
4	0.01479	0.02409	0.34823	0.10853	0.03135	0.01574	0.24382	0.04335	0.04857	0.03819	0.01347	0.01636	0.00977	0.00629	0.00683	0.00214	0.00967	0.00613	0.00341	0.00928
5	0.01386	0.01302	0.02196	0.42355	0.31507	0.01460	0.01858	0.01797	0.01401	0.01886	0.01340	0.02054	0.01122	0.00701	0.00671	0.00215	0.00823	0.04753	0.00325	0.00848
6	0.00834	0.00595	0.00800	0.00953	0.01005	0.00562	0.00666	0.00971	0.01292	0.01716	0.03611	0.68001	0.04285	0.02033	0.00849	0.00272	0.00409	0.09992	0.00611	0.00543
7	0.02710	0.01262	0.05537	0.01327	0.04466	0.01036	0.01094	0.03051	0.04033	0.62035	0.02498	0.02343	0.01644	0.00830	0.00668	0.00207	0.00592	0.02822	0.00755	0.01090
8	0.01028	0.00925	0.03356	0.09800	0.04595	0.03801	0.00988	0.01259	0.01377	0.01780	0.03216	0.39588	0.07680	0.01657	0.00806	0.00258	0.00554	0.16173	0.00539	0.00619
9	0.00818	0.00584	0.00782	0.00935	0.00980	0.00548	0.00639	0.00944	0.01276	0.01698	0.03620	0.72189	0.04319	0.02047	0.00845	0.00270	0.00396	0.05960	0.00611	0.00539
10	0.00957	0.00638	0.00718	0.00718	0.00718	0.00638	0.00399	0.00957	0.00957	0.01276	0.02074	0.04308	0.02393	0.76864	0.03351	0.00638	0.00638	0.00957	0.00399	0.00399
11	0.01343	0.01272	0.02155	0.56901	0.22136	0.01489	0.01878	0.01769	0.01363	0.01803	0.01188	0.01723	0.00920	0.00640	0.00657	0.00213	0.00853	0.00585	0.00301	0.00812
12	0.01365	0.01170	0.01365	0.00975	0.01560	0.00878	0.00780	0.01658	0.01365	0.02145	0.01170	0.01365	0.00975	0.00488	0.00488	0.00098	0.00488	0.00390	0.00390	0.80888
13	0.01365	0.01170	0.01365	0.00975	0.01560	0.00878	0.00780	0.01658	0.01365	0.02145	0.01170	0.01365	0.00975	0.00488	0.00488	0.00098	0.00488	0.00390	0.00390	0.80888
14	0.00957	0.00638	0.00718	0.00718	0.00718	0.00638	0.00399	0.00957	0.00957	0.01276	0.02074	0.04308	0.02393	0.76864	0.03351	0.00638	0.00638	0.00957	0.00399	0.00399
15	0.01809	0.51135	0.11843	0.01494	0.06988	0.04602	0.01372	0.10361	0.01586	0.01977	0.01056	0.01207	0.00891	0.00604	0.00498	0.00161	0.00761	0.00417	0.00332	0.00906
16	0.00888	0.00676	0.00835	0.00917	0.01069	0.00623	0.00721	0.01098	0.01475	0.01878	0.09372	0.22715	0.29443	0.01787	0.00836	0.00259	0.00434	0.23785	0.00617	0.00572
17	0.01013	0.00742	0.00994	0.01119	0.01283	0.00723	0.00965	0.01292	0.01513	0.01937	0.04029	0.07240	0.15522	0.01793	0.00887	0.00289	0.00560	0.56894	0.00607	0.00598
18	0.02452	0.01612	0.01794	0.01410	0.01906	0.01738	0.01153	0.44315	0.14627	0.18975	0.01992	0.01875	0.01384	0.00813	0.00661	0.00203	0.00654	0.00634	0.00695	0.01106
19	0.01618	0.01568	0.02554	0.06866	0.64826	0.03898	0.01951	0.02001	0.01504	0.02106	0.01315	0.01843	0.01135	0.00640	0.00660	0.00200	0.00793	0.03183	0.00336	0.01004
20	0.00909	0.00708	0.00953	0.09227	0.01390	0.00712	0.00761	0.01165	0.03180	0.01924	0.18985	0.33795	0.14359	0.01886	0.06657	0.00304	0.00528	0.01381	0.00582	0.00596
21	0.04342	0.45346	0.02751	0.01303	0.01803	0.16966	0.01160	0.12874	0.04388	0.02055	0.01107	0.01218	0.00929	0.00636	0.00503	0.00160	0.00793	0.00419	0.00371	0.00875
22	0.00811	0.00577	0.00761	0.00906	0.00942	0.00540	0.00599	0.00919	0.01244	0.01658	0.03542	0.72442	0.04246	0.06203	0.00979	0.00288	0.00396	0.01821	0.00599	0.00527
23	0.01740	0.50456	0.20120	0.01370	0.02011	0.08516	0.01458	0.04431	0.01457	0.01773	0.01011	0.01166	0.00852	0.00596	0.00494	0.00162	0.00811	0.00399	0.00299	0.00878
24	0.23345	0.07671	0.04798	0.09707	0.02059	0.01670	0.02941	0.13840	0.08337	0.11055	0.01444	0.01568	0.01070	0.00739	0.00701	0.00209	0.06943	0.00530	0.00483	0.00891
25	0.02954	0.01120	0.01528	0.01171	0.01681	0.00968	0.00968	0.03208	0.01884	0.73213	0.02597	0.02241	0.01630	0.00815	0.00662	0.00204	0.00560	0.00662	0.00815	0.01120
26	0.01534	0.01467	0.02499	0.21689	0.55857	0.01539	0.01973	0.01937	0.01454	0.02035	0.01221	0.01661	0.01002	0.00604	0.00653	0.00201	0.00806	0.00586	0.00318	0.00966
27	0.01487	0.01313	0.06144	0.05581	0.02013	0.03220	0.14997	0.09826	0.01677	0.09236	0.06641	0.26050	0.04446	0.01219	0.00755	0.00231	0.00675	0.03163	0.00542	0.00785
28	0.01624	0.01508	0.02441	0.16040	0.52303	0.01584	0.01882	0.06838	0.05236	0.02241	0.01326	0.01691	0.01070	0.00629	0.00654	0.00201	0.00781	0.00595	0.00361	0.00994
29	0.14315	0.01142	0.01447	0.01127	0.01622	0.01041	0.00931	0.03024	0.01774	0.63052	0.02354	0.02071	0.01497	0.00785	0.00625	0.00204	0.00553	0.00618	0.00756	0.01061
30	0.01277	0.01178	0.01915	0.58644	0.09670	0.01415	0.01707	0.01788	0.05689	0.01848	0.05278	0.02126	0.01339	0.00738	0.00672	0.00219	0.00809	0.02570	0.00351	0.00766
31	0.01537	0.05172	0.22507	0.11903	0.30301	0.01522	0.01902	0.04259	0.03114	0.05030	0.03697	0.01820	0.02994	0.00680	0.00644	0.00202	0.00802	0.00595	0.00365	0.00955

[dist]
# distance from previous block
# <min> <max>
0	2

[block]
# block no. 8 follows, 33 sequences, length 61
# corresponding to MSA columns:
# 282-342
name=unknown_I
#
# <colnr> <probs for GDERKNQSTAVLIFYWHMCP>
#	G	D	E	R	K	N	Q	S	T	A	V	L	I	F	Y	W	H	M	C	P
0	0.01604	0.01516	0.02534	0.15399	0.53302	0.01576	0.04580	0.05170	0.03897	0.02185	0.01295	0.01681	0.01050	0.00617	0.00659	0.00201	0.00799	0.00599	0.00348	0.00989
1	0.01894	0.02078	0.02630	0.02775	0.27779	0.23372	0.18459	0.06431	0.01721	0.02096	0.01293	0.01727	0.01072	0.00661	0.00674	0.00198	0.00974	0.02892	0.00362	0.00911
2	0.01615	0.01549	0.02645	0.06767	0.70146	0.01560	0.02013	0.02007	0.01492	0.02133	0.01236	0.01634	0.01036	0.00589	0.00652	0.00196	0.00786	0.00587	0.00325	0.01031
3	0.01144	0.00572	0.00858	0.00858	0.00858	0.00572	0.00572	0.00858	0.00858	0.01144	0.01144	0.02001	0.01144	0.02287	0.02573	0.80846	0.00572	0.00572	0.00286	0.00286
4	0.00812	0.00666	0.00719	0.00734	0.00931	0.00572	0.00553	0.00997	0.01520	0.01869	0.12907	0.11584	0.56633	0.01674	0.00790	0.00229	0.00351	0.05275	0.00622	0.00564
5	0.01044	0.00745	0.01041	0.01193	0.01337	0.00743	0.01031	0.01334	0.01498	0.01951	0.03495	0.12037	0.03827	0.01835	0.00905	0.00301	0.00591	0.63886	0.00607	0.00601
6	0.00788	0.00667	0.00681	0.00678	0.00895	0.00560	0.00508	0.00965	0.01525	0.01836	0.11036	0.06241	0.68088	0.01646	0.00778	0.00221	0.00332	0.01376	0.00619	0.00560
7	0.02459	0.03138	0.01866	0.01696	0.02035	0.74221	0.01272	0.02629	0.01866	0.01611	0.01018	0.01187	0.00848	0.00678	0.00594	0.00170	0.01187	0.00424	0.00339	0.00763
8	0.00787	0.00667	0.00679	0.00676	0.00895	0.00560	0.00507	0.00962	0.01522	0.01829	0.10518	0.06253	0.68610	0.01648	0.00778	0.00221	0.00332	0.01378	0.00618	0.00560
9	0.01554	0.01776	0.03885	0.02775	0.03441	0.01665	0.70366	0.02109	0.01554	0.02109	0.01332	0.01776	0.00999	0.00555	0.00777	0.00222	0.01110	0.00777	0.00333	0.00888
10	0.01902	0.47627	0.02585	0.01085	0.01571	0.01962	0.01006	0.02234	0.05718	0.15575	0.03704	0.01635	0.01322	0.00677	0.00499	0.00161	0.00612	0.00489	0.08757	0.00879
11	0.01954	0.01373	0.01510	0.01234	0.01614	0.03861	0.00989	0.31825	0.07553	0.11476	0.25911	0.02846	0.02972	0.00986	0.00698	0.00202	0.00565	0.00810	0.00689	0.00932
12	0.50511	0.28319	0.04282	0.00992	0.01474	0.01879	0.00917	0.01953	0.01207	0.02426	0.00925	0.01075	0.00764	0.00595	0.00420	0.00182	0.00594	0.00359	0.00358	0.00768
13	0.00808	0.00668	0.00708	0.00698	0.00908	0.00568	0.00524	0.01003	0.01571	0.01946	0.19434	0.06060	0.59621	0.01605	0.00778	0.00219	0.00329	0.01351	0.00633	0.00568
14	0.00957	0.00638	0.00718	0.00718	0.00718	0.00638	0.00399	0.00957	0.00957	0.01276	0.02074	0.04308	0.02393	0.76864	0.03351	0.00638	0.00638	0.00957	0.00399	0.00399
15	0.01554	0.01776	0.03885	0.02775	0.03441	0.01665	0.70366	0.02109	0.01554	0.02109	0.01332	0.01776	0.00999	0.00555	0.00777	0.00222	0.01110	0.00777	0.00333	0.00888
16	0.01227	0.00614	0.00614	0.00614	0.00767	0.00614	0.00460	0.01534	0.01381	0.02454	0.02148	0.02454	0.01687	0.00767	0.00460	0.00153	0.00307	0.00614	0.80518	0.00614
17	0.01554	0.01776	0.03885	0.02775	0.03441	0.01665	0.70366	0.02109	0.01554	0.02109	0.01332	0.01776	0.00999	0.00555	0.00777	0.00222	0.01110	0.00777	0.00333	0.00888
18	0.02275	0.01120	0.03623	0.01263	0.01689	0.00968	0.04205	0.02613	0.03755	0.46336	0.04670	0.05410	0.02262	0.01068	0.00729	0.00229	0.00595	0.15511	0.00719	0.00961
19	0.00801	0.00576	0.00760	0.00907	0.00952	0.00535	0.00607	0.00918	0.01269	0.01684	0.03740	0.73855	0.06861	0.02048	0.00838	0.00266	0.00380	0.01854	0.00611	0.00535
20	0.02459	0.03138	0.01866	0.01696	0.02035	0.74221	0.01272	0.02629	0.01866	0.01611	0.01018	0.01187	0.00848	0.00678	0.00594	0.00170	0.01187	0.00424	0.00339	0.00763
21	0.01243	0.01170	0.01975	0.75282	0.04534	0.01463	0.01828	0.01682	0.01316	0.01682	0.01170	0.01755	0.00878	0.00658	0.00658	0.00219	0.00878	0.00585	0.00293	0.00731
22	0.01760	0.77260	0.03450	0.01126	0.01690	0.02605	0.01126	0.01971	0.01338	0.01549	0.00915	0.01056	0.00845	0.00563	0.00422	0.00141	0.00704	0.00352	0.00282	0.00845
23	0.00817	0.00593	0.00771	0.00887	0.00954	0.00547	0.00604	0.00961	0.01356	0.01811	0.12674	0.62004	0.09707	0.01941	0.00827	0.00256	0.00369	0.01748	0.00626	0.00547
24	0.01144	0.00572	0.00858	0.00858	0.00858	0.00572	0.00572	0.00858	0.00858	0.01144	0.01144	0.02001	0.01144	0.02287	0.02573	0.80846	0.00572	0.00572	0.00286	0.00286
25	0.02554	0.01762	0.01925	0.01476	0.02001	0.01920	0.01219	0.62928	0.02958	0.11977	0.01696	0.01655	0.01177	0.00793	0.00659	0.00198	0.00706	0.00601	0.00676	0.01120
26	0.02166	0.13361	0.04199	0.01504	0.01932	0.14456	0.01271	0.35589	0.02236	0.02845	0.01292	0.01486	0.01025	0.02905	0.00884	0.00209	0.10685	0.00533	0.00480	0.00940
27	0.01733	0.01412	0.02288	0.17238	0.43971	0.01436	0.01748	0.03848	0.01546	0.11374	0.01407	0.01716	0.01085	0.00629	0.00644	0.00195	0.00752	0.00584	0.00396	0.05998
28	0.07404	0.24553	0.15745	0.06923	0.05955	0.10014	0.06213	0.02057	0.01442	0.04800	0.01280	0.01475	0.02811	0.00633	0.00556	0.00177	0.00809	0.00487	0.00341	0.06322
29	0.00909	0.00666	0.00853	0.00819	0.00973	0.00609	0.00609	0.01193	0.01790	0.02497	0.61766	0.09808	0.12205	0.01423	0.00781	0.00212	0.00317	0.01254	0.00707	0.00609
30	0.01649	0.01515	0.02570	0.09772	0.64396	0.01533	0.01964	0.02039	0.01499	0.04877	0.01286	0.01663	0.01052	0.00601	0.00653	0.00198	0.00781	0.00589	0.00342	0.01020
31	0.01617	0.01394	0.02178	0.26496	0.31844	0.01538	0.01721	0.04697	0.09494	0.06845	0.01467	0.01795	0.01133	0.00694	0.00726	0.00211	0.04209	0.00609	0.00397	0.00935
32	0.00818	0.00599	0.00739	0.00843	0.00911	0.00552	0.00562	0.00927	0.01267	0.01646	0.04004	0.53668	0.17073	0.11755	0.01156	0.00307	0.00406	0.01660	0.00583	0.00521
33	0.00825	0.00666	0.00734	0.00723	0.00919	0.00575	0.00540	0.01033	0.01603	0.02034	0.26337	0.07932	0.50607	0.01582	0.00779	0.00219	0.00328	0.01344	0.00645	0.00575
34	0.01579	0.01513	0.02581	0.13309	0.63881	0.01551	0.01995	0.01976	0.01475	0.02090	0.01229	0.01646	0.01021	0.00596	0.00653	0.00199	0.00795	0.00586	0.00322	0.01002
35	0.01655	0.05917	0.10723	0.05073	0.25929	0.01623	0.15265	0.10641	0.04144	0.02358	0.01317	0.01599	0.01030	0.00612	0.00645	0.00191	0.00820	0.00585	0.00379	0.09494
36	0.02377	0.02929	0.01918	0.01809	0.05633	0.64256	0.01316	0.05679	0.01869	0.01754	0.01049	0.01238	0.00871	0.00698	0.00663	0.00177	0.04176	0.00446	0.00351	0.00792
37	0.00957	0.00638	0.00718	0.00718	0.00718	0.00638	0.00399	0.00957	0.00957	0.01276	0.02074	0.04308	0.02393	0.76864	0.03351	0.00638	0.00638	0.00957	0.00399	0.00399
38	0.00845	0.00666	0.00762	0.00746	0.00932	0.00583	0.00557	0.01072	0.01647	0.02146	0.34859	0.08453	0.41299	0.01544	0.00780	0.00217	0.00325	0.01323	0.00660	0.00583
39	0.00957	0.00638	0.00718	0.00718	0.00718	0.00638	0.00399	0.00957	0.00957	0.01276	0.02074	0.04308	0.02393	0.76864	0.03351	0.00638	0.00638	0.00957	0.00399	0.00399
40	0.00802	0.00573	0.00764	0.00917	0.00955	0.00535	0.00611	0.00917	0.01260	0.01681	0.03628	0.76434	0.04354	0.02062	0.00840	0.00267	0.00382	0.01872	0.00611	0.00535
41	0.01554	0.01776	0.03885	0.02775	0.03441	0.01665	0.70366	0.02109	0.01554	0.02109	0.01332	0.01776	0.00999	0.00555	0.00777	0.00222	0.01110	0.00777	0.00333	0.00888
42	0.00940	0.00705	0.01058	0.01058	0.01176	0.00823	0.00823	0.01176	0.01058	0.01528	0.01763	0.02586	0.01646	0.04937	0.74255	0.01058	0.01763	0.00705	0.00353	0.00588
43	0.01554	0.01776	0.03885	0.02775	0.03441	0.01665	0.70366	0.02109	0.01554	0.02109	0.01332	0.01776	0.00999	0.00555	0.00777	0.00222	0.01110	0.00777	0.00333	0.00888
