[name]
unknown

[dist]
# distance from previous block
# <min> <max>
0	2

[block]
# block no. 0 follows, 33 sequences, length 85
# corresponding to MSA columns:
# 2-86
name=unknown_A
#
# <colnr> <probs for GDERKNQSTAVLIFYWHMCP>
#	G	D	E	R	K	N	Q	S	T	A	V	L	I	F	Y	W	H	M	C	P
0	0.01075	0.00783	0.01096	0.01231	0.01377	0.00803	0.01075	0.01372	0.01497	0.01956	0.03390	0.07208	0.03682	0.01794	0.00955	0.00303	0.03333	0.65865	0.00595	0.00610
1	0.02440	0.01783	0.01908	0.01470	0.01979	0.01971	0.01212	0.67150	0.03010	0.04065	0.01609	0.01624	0.01148	0.00789	0.00649	0.00195	0.00704	0.00594	0.04607	0.01095
2	0.01742	0.05469	0.04553	0.08713	0.40389	0.07197	0.06537	0.10847	0.01704	0.02282	0.01322	0.03844	0.01107	0.00668	0.00651	0.00197	0.00825	0.00613	0.00373	0.00969
3	0.00949	0.00670	0.00881	0.00881	0.00937	0.00727	0.00602	0.01062	0.01006	0.01397	0.01925	0.03482	0.02035	0.42375	0.37349	0.00840	0.01178	0.00837	0.00377	0.00489
4	0.01594	0.01451	0.02074	0.07622	0.34227	0.01585	0.01552	0.04065	0.28280	0.02352	0.01798	0.01981	0.01419	0.00892	0.03401	0.00243	0.03355	0.00651	0.00462	0.00995
5	0.01144	0.00572	0.00858	0.00858	0.00858	0.00572	0.00572	0.00858	0.00858	0.01144	0.01144	0.02001	0.01144	0.02287	0.02573	0.80846	0.00572	0.00572	0.00286	0.00286
6	0.01727	0.01640	0.02245	0.27042	0.31425	0.09036	0.01756	0.13071	0.01734	0.02264	0.01249	0.01618	0.00980	0.00653	0.00649	0.00201	0.00846	0.00570	0.00370	0.00923
7	0.01733	0.71575	0.05215	0.01176	0.01722	0.02548	0.01176	0.01955	0.01323	0.01565	0.00920	0.01084	0.00846	0.00594	0.00514	0.00150	0.04417	0.00367	0.00282	0.00842
8	0.00801	0.00578	0.00759	0.00904	0.00952	0.00536	0.00606	0.00918	0.01272	0.01685	0.03779	0.72969	0.07723	0.02043	0.00837	0.00265	0.00380	0.01848	0.00611	0.00536
9	0.00857	0.00680	0.00777	0.00820	0.00976	0.00624	0.00588	0.01127	0.05988	0.01885	0.11355	0.32400	0.36070	0.01736	0.00794	0.00238	0.00362	0.01511	0.00626	0.00585
10	0.01680	0.19891	0.03211	0.02395	0.15275	0.04504	0.31470	0.02128	0.03967	0.04569	0.01374	0.04100	0.01135	0.00639	0.00656	0.00197	0.00891	0.00658	0.00358	0.00903
11	0.00795	0.00599	0.00737	0.00846	0.00936	0.00541	0.00580	0.00925	0.01328	0.01708	0.04486	0.56675	0.23560	0.01951	0.00823	0.00255	0.00368	0.01736	0.00611	0.00541
12	0.11566	0.02667	0.01817	0.01805	0.08759	0.54454	0.01266	0.02540	0.05825	0.01887	0.01124	0.01290	0.00919	0.00674	0.00582	0.00179	0.01030	0.00451	0.00365	0.00801
13	0.02406	0.04883	0.01978	0.01480	0.01984	0.07040	0.01220	0.60519	0.02881	0.03781	0.01704	0.01709	0.03741	0.00806	0.00649	0.00194	0.00741	0.00601	0.00620	0.01063
14	0.01724	0.04188	0.02237	0.02689	0.39076	0.01406	0.03252	0.06928	0.01618	0.08110	0.03114	0.01679	0.01200	0.00614	0.00613	0.00172	0.00685	0.00558	0.00413	0.19724
15	0.01942	0.16516	0.12022	0.05121	0.02115	0.12660	0.01375	0.15593	0.15494	0.05809	0.01531	0.01601	0.01164	0.00735	0.00656	0.00194	0.03522	0.00539	0.00464	0.00945
16	0.01674	0.11153	0.13600	0.04876	0.32202	0.05180	0.03806	0.02144	0.04817	0.07125	0.01496	0.04270	0.01254	0.00715	0.00636	0.00199	0.00788	0.02728	0.00382	0.00954
17	0.02705	0.01389	0.01678	0.01301	0.01806	0.01383	0.01070	0.26299	0.07294	0.44506	0.02255	0.02030	0.01482	0.00812	0.00661	0.00203	0.00614	0.00644	0.00751	0.01114
18	0.01003	0.00784	0.01124	0.01089	0.01175	0.00940	0.00835	0.01193	0.01037	0.01498	0.01700	0.02702	0.01662	0.15114	0.55039	0.00903	0.10547	0.00727	0.00352	0.00576
19	0.01211	0.05618	0.14459	0.01488	0.08723	0.02942	0.01192	0.05631	0.03640	0.01986	0.02665	0.38031	0.04991	0.01401	0.00736	0.00234	0.00598	0.03210	0.00501	0.00743
20	0.02503	0.01844	0.01976	0.01515	0.02042	0.02042	0.01251	0.70562	0.03095	0.04149	0.01581	0.01581	0.01120	0.00790	0.00659	0.00198	0.00724	0.00593	0.00659	0.01120
21	0.01453	0.01350	0.03901	0.03368	0.01737	0.03638	0.00909	0.04964	0.01464	0.02204	0.01184	0.01382	0.00969	0.00519	0.00510	0.00112	0.00553	0.00410	0.00394	0.68977
22	0.00802	0.00573	0.00764	0.00917	0.00955	0.00535	0.00611	0.00917	0.01260	0.01681	0.03628	0.76434	0.04354	0.02062	0.00840	0.00267	0.00382	0.01872	0.00611	0.00535
23	0.02638	0.01515	0.01752	0.01348	0.01855	0.01567	0.01112	0.41514	0.02557	0.31452	0.02003	0.01872	0.01341	0.00799	0.00653	0.00198	0.00645	0.00621	0.03457	0.01103
24	0.01164	0.00625	0.00658	0.00649	0.00806	0.00613	0.00487	0.01466	0.01461	0.02458	0.13400	0.02989	0.05068	0.00892	0.00522	0.00164	0.00308	0.00734	0.64924	0.00613
25	0.00826	0.00640	0.00758	0.00824	0.00964	0.00571	0.00602	0.00999	0.01446	0.01841	0.11552	0.32871	0.34378	0.01799	0.00813	0.00245	0.00373	0.07319	0.00622	0.00558
26	0.04970	0.01066	0.01356	0.01071	0.01508	0.00975	0.00876	0.06699	0.01831	0.53137	0.02399	0.02210	0.01584	0.00798	0.00614	0.00193	0.00518	0.00639	0.16547	0.01008
27	0.01440	0.01440	0.02016	0.01728	0.01728	0.02016	0.01440	0.01584	0.01008	0.01584	0.00864	0.01440	0.00864	0.01152	0.02160	0.00288	0.75659	0.00576	0.00288	0.00720
28	0.00788	0.00667	0.00681	0.00677	0.00895	0.00560	0.00508	0.00964	0.01524	0.01834	0.10885	0.06245	0.68240	0.01647	0.00778	0.00221	0.00332	0.01377	0.00619	0.00560
29	0.01760	0.77260	0.03450	0.01126	0.01690	0.02605	0.01126	0.01971	0.01338	0.01549	0.00915	0.01056	0.00845	0.00563	0.00422	0.00141	0.00704	0.00352	0.00282	0.00845
30	0.01199	0.00741	0.00974	0.00928	0.01130	0.00681	0.00731	0.01483	0.01759	0.11540	0.44439	0.07553	0.10155	0.01406	0.00786	0.00226	0.00397	0.12493	0.00704	0.00675
31	0.02459	0.03138	0.01866	0.01696	0.02035	0.74221	0.01272	0.02629	0.01866	0.01611	0.01018	0.01187	0.00848	0.00678	0.00594	0.00170	0.01187	0.00424	0.00339	0.00763
32	0.02757	0.01120	0.01469	0.01140	0.01616	0.01005	0.00938	0.07545	0.01916	0.61765	0.02486	0.02217	0.01601	0.00809	0.00642	0.00198	0.00547	0.00653	0.08504	0.01071
33	0.00957	0.00638	0.00718	0.00718	0.00718	0.00638	0.00399	0.00957	0.00957	0.01276	0.02074	0.04308	0.02393	0.76864	0.03351	0.00638	0.00638	0.00957	0.00399	0.00399
34	0.00955	0.00649	0.00774	0.00774	0.00793	0.00668	0.00468	0.00993	0.00974	0.01318	0.02023	0.04027	0.02271	0.65112	0.14936	0.00707	0.00822	0.00916	0.00391	0.00430
35	0.02954	0.01120	0.01528	0.01171	0.01681	0.00968	0.00968	0.03208	0.01884	0.73213	0.02597	0.02241	0.01630	0.00815	0.00662	0.00204	0.00560	0.00662	0.00815	0.01120
36	0.01554	0.01776	0.03885	0.02775	0.03441	0.01665	0.70366	0.02109	0.01554	0.02109	0.01332	0.01776	0.00999	0.00555	0.00777	0.00222	0.01110	0.00777	0.00333	0.00888
37	0.01207	0.00734	0.00968	0.00875	0.01078	0.00668	0.00668	0.01510	0.01866	0.12240	0.62913	0.04553	0.05588	0.01274	0.00761	0.00207	0.00345	0.01119	0.00737	0.00689
38	0.01320	0.03405	0.73453	0.01876	0.02849	0.01529	0.02432	0.02085	0.01390	0.02085	0.01181	0.01390	0.00834	0.00625	0.00625	0.00208	0.00973	0.00486	0.00278	0.00973
39	0.01682	0.01765	0.05883	0.02591	0.03252	0.01593	0.61489	0.02214	0.01581	0.08977	0.01449	0.01808	0.01055	0.00582	0.00761	0.00220	0.01052	0.00757	0.00378	0.00913
40	0.00866	0.00678	0.00790	0.00783	0.00972	0.00601	0.00602	0.01104	0.01647	0.02140	0.32568	0.05875	0.39491	0.01554	0.00790	0.00224	0.00350	0.07722	0.00656	0.00587
41	0.01243	0.01170	0.01975	0.75282	0.04534	0.01463	0.01828	0.01682	0.01316	0.01682	0.01170	0.01755	0.00878	0.00658	0.00658	0.00219	0.00878	0.00585	0.00293	0.00731
42	0.01227	0.00614	0.00614	0.00614	0.00767	0.00614	0.00460	0.01534	0.01381	0.02454	0.02148	0.02454	0.01687	0.00767	0.00460	0.00153	0.00307	0.00614	0.80518	0.00614
43	0.64793	0.03247	0.01251	0.01145	0.04888	0.03827	0.00881	0.01925	0.01156	0.02695	0.00930	0.01139	0.00752	0.00667	0.00608	0.00209	0.08372	0.00393	0.00386	0.00735
44	0.00921	0.00681	0.00993	0.01015	0.01113	0.00768	0.00764	0.01123	0.01081	0.01534	0.02058	0.13565	0.02093	0.09199	0.58834	0.00914	0.01487	0.00893	0.00394	0.00568
45	0.10274	0.01649	0.01673	0.01383	0.01830	0.03882	0.01112	0.34590	0.30402	0.03392	0.01938	0.01869	0.01428	0.00810	0.00635	0.00208	0.00634	0.00625	0.00628	0.01036
46	0.01408	0.01318	0.02202	0.26362	0.41310	0.01403	0.01767	0.01799	0.01479	0.02041	0.08791	0.02155	0.03696	0.00721	0.00671	0.00205	0.00750	0.00673	0.00365	0.00885
47	0.01666	0.61425	0.18459	0.01287	0.01938	0.02374	0.01406	0.01996	0.01349	0.01664	0.00972	0.01128	0.00842	0.00577	0.00466	0.00155	0.00762	0.00381	0.00281	0.00872
48	0.01775	0.70925	0.07083	0.01167	0.01751	0.02496	0.01190	0.02017	0.01358	0.03870	0.00983	0.01112	0.00869	0.00575	0.00441	0.00146	0.00714	0.00369	0.00298	0.00860
49	0.01365	0.01170	0.01365	0.00975	0.01560	0.00878	0.00780	0.01658	0.01365	0.02145	0.01170	0.01365	0.00975	0.00488	0.00488	0.00098	0.00488	0.00390	0.00390	0.80888
50	0.00926	0.00673	0.00872	0.00822	0.00980	0.00619	0.00617	0.01232	0.01850	0.02609	0.70022	0.04969	0.08619	0.01358	0.00777	0.00208	0.00311	0.01198	0.00721	0.00619
51	0.00924	0.00673	0.00869	0.00820	0.00979	0.00618	0.00615	0.01228	0.01846	0.02597	0.69160	0.04988	0.09488	0.01362	0.00777	0.00208	0.00312	0.01200	0.00719	0.00618
52	0.01411	0.00668	0.00711	0.00673	0.00864	0.00651	0.00514	0.01712	0.01434	0.09987	0.02195	0.02432	0.01681	0.00772	0.00482	0.00159	0.00334	0.00619	0.72034	0.00668
53	0.00932	0.00673	0.00880	0.00828	0.00984	0.00621	0.00621	0.01242	0.01863	0.02640	0.72410	0.04918	0.06212	0.01346	0.00776	0.00207	0.00311	0.01191	0.00725	0.00621
54	0.01554	0.01776	0.03885	0.02775	0.03441	0.01665	0.70366	0.02109	0.01554	0.02109	0.01332	0.01776	0.00999	0.00555	0.00777	0.00222	0.01110	0.00777	0.00333	0.00888
55	0.01144	0.00572	0.00858	0.00858	0.00858	0.00572	0.00572	0.00858	0.00858	0.01144	0.01144	0.02001	0.01144	0.02287	0.02573	0.80846	0.00572	0.00572	0.00286	0.00286
56	0.02292	0.02473	0.02018	0.01769	0.04666	0.40428	0.05884	0.20152	0.09568	0.02439	0.01368	0.01479	0.01059	0.00718	0.00633	0.00187	0.00977	0.00531	0.00456	0.00903
57	0.02470	0.01828	0.01958	0.01508	0.02029	0.02027	0.01244	0.68071	0.05639	0.04097	0.01621	0.01613	0.01153	0.00794	0.00659	0.00199	0.00717	0.00598	0.00659	0.01117
58	0.00796	0.00661	0.00697	0.00701	0.00904	0.00561	0.00521	0.00975	0.01524	0.01866	0.13621	0.10863	0.60726	0.01659	0.00782	0.00224	0.00334	0.01400	0.00624	0.00561
59	0.00795	0.00657	0.00698	0.00709	0.00905	0.00560	0.00524	0.00971	0.01510	0.01851	0.12696	0.13661	0.58835	0.01678	0.00785	0.00226	0.00336	0.01422	0.00622	0.00560
60	0.02954	0.01120	0.01528	0.01171	0.01681	0.00968	0.00968	0.03208	0.01884	0.73213	0.02597	0.02241	0.01630	0.00815	0.00662	0.00204	0.00560	0.00662	0.00815	0.01120
61	0.00906	0.00672	0.00844	0.00801	0.00968	0.00610	0.00601	0.01192	0.01802	0.02495	0.61335	0.05156	0.17377	0.01400	0.00777	0.00210	0.00314	0.01224	0.00706	0.00610
62	0.02503	0.01844	0.01976	0.01515	0.02042	0.02042	0.01251	0.70562	0.03095	0.04149	0.01581	0.01581	0.01120	0.00790	0.00659	0.00198	0.00724	0.00593	0.00659	0.01120
63	0.00940	0.00705	0.01058	0.01058	0.01176	0.00823	0.00823	0.01176	0.01058	0.01528	0.01763	0.02586	0.01646	0.04937	0.74255	0.01058	0.01763	0.00705	0.00353	0.00588
64	0.02954	0.01120	0.01528	0.01171	0.01681	0.00968	0.00968	0.03208	0.01884	0.73213	0.02597	0.02241	0.01630	0.00815	0.00662	0.00204	0.00560	0.00662	0.00815	0.01120
65	0.02830	0.01084	0.01462	0.01131	0.01615	0.00942	0.00931	0.03088	0.01848	0.68141	0.02565	0.02256	0.01634	0.00811	0.00648	0.00200	0.00542	0.00659	0.06529	0.01084
66	0.01269	0.01196	0.02021	0.70523	0.09091	0.01469	0.01841	0.01705	0.01329	0.01713	0.01175	0.01747	0.00889	0.00653	0.00658	0.00218	0.00871	0.00585	0.00295	0.00752
67	0.01644	0.01632	0.04665	0.03858	0.66094	0.01581	0.04583	0.04070	0.01546	0.02207	0.01250	0.01627	0.01038	0.00593	0.00656	0.00197	0.00798	0.00591	0.00335	0.01037
68	0.01017	0.00812	0.01183	0.01140	0.01233	0.00992	0.00892	0.01225	0.01045	0.01523	0.01645	0.02509	0.01570	0.08340	0.59498	0.00919	0.12813	0.00700	0.00346	0.00597
69	0.60735	0.06498	0.01304	0.01047	0.01451	0.15981	0.00850	0.02075	0.01282	0.02598	0.00937	0.01092	0.00748	0.00621	0.00445	0.00193	0.00656	0.00370	0.00386	0.00731
70	0.00784	0.00667	0.00675	0.00673	0.00893	0.00558	0.00505	0.00957	0.01515	0.01813	0.09278	0.06279	0.69860	0.01655	0.00778	0.00222	0.00333	0.01382	0.00616	0.00558
71	0.02179	0.01689	0.01834	0.01540	0.04302	0.01888	0.01206	0.45482	0.26301	0.03608	0.01942	0.01880	0.01419	0.00818	0.00662	0.00206	0.00657	0.00644	0.00651	0.01091
72	0.01243	0.01170	0.01975	0.75282	0.04534	0.01463	0.01828	0.01682	0.01316	0.01682	0.01170	0.01755	0.00878	0.00658	0.00658	0.00219	0.00878	0.00585	0.00293	0.00731
73	0.01026	0.00733	0.01021	0.01173	0.01310	0.00728	0.01001	0.01304	0.01482	0.01932	0.03505	0.16606	0.03864	0.01851	0.00900	0.00298	0.00576	0.59486	0.00607	0.00597
74	0.01664	0.59180	0.10761	0.01223	0.01779	0.04610	0.01247	0.01934	0.01371	0.01654	0.03513	0.01405	0.03279	0.00656	0.00536	0.00159	0.03447	0.00438	0.00308	0.00835
75	0.02057	0.01667	0.01722	0.01431	0.01872	0.04256	0.01144	0.33829	0.38232	0.03347	0.02126	0.02017	0.01568	0.00839	0.00662	0.00210	0.00635	0.00665	0.00654	0.01068
76	0.00817	0.00668	0.00720	0.00707	0.00913	0.00572	0.00530	0.01019	0.01591	0.01994	0.23140	0.05980	0.55884	0.01587	0.00778	0.00218	0.00328	0.01340	0.00640	0.00572
77	0.04416	0.01514	0.06559	0.02008	0.04815	0.01402	0.32783	0.02022	0.06674	0.07134	0.01866	0.05338	0.03583	0.08722	0.01095	0.00270	0.05486	0.03062	0.00425	0.00825
78	0.01780	0.31745	0.25027	0.01570	0.02246	0.07039	0.05979	0.13429	0.01695	0.02187	0.01142	0.01302	0.00897	0.00628	0.00559	0.00179	0.00851	0.00466	0.00350	0.00928
79	0.02954	0.01120	0.01528	0.01171	0.01681	0.00968	0.00968	0.03208	0.01884	0.73213	0.02597	0.02241	0.01630	0.00815	0.00662	0.00204	0.00560	0.00662	0.00815	0.01120
80	0.00919	0.00660	0.00890	0.01032	0.01126	0.00636	0.00799	0.01116	0.01374	0.01801	0.03646	0.41387	0.06758	0.03893	0.00934	0.00291	0.00485	0.31086	0.00603	0.00563
81	0.01588	0.01802	0.11624	0.03730	0.61884	0.01563	0.04110	0.02031	0.01487	0.02141	0.01234	0.01604	0.01015	0.00591	0.00652	0.00198	0.00816	0.00580	0.00320	0.01029
82	0.01629	0.01564	0.02672	0.04041	0.72757	0.01564	0.02020	0.02020	0.01499	0.02151	0.01238	0.01629	0.01043	0.00587	0.00652	0.00196	0.00782	0.00587	0.00326	0.01043
83	0.01558	0.00972	0.01009	0.00890	0.01150	0.01039	0.00697	0.17502	0.08553	0.02871	0.02069	0.02255	0.01589	0.00785	0.00526	0.00170	0.00423	0.00621	0.54551	0.00771
84	0.04660	0.45437	0.06125	0.01346	0.03969	0.04625	0.03380	0.08204	0.01516	0.01975	0.01045	0.01214	0.00892	0.00600	0.00533	0.00155	0.02800	0.00414	0.00339	0.10771

[dist]
# distance from previous block
# <min> <max>
0	1

[block]
# block no. 1 follows, 33 sequences, length 91
# corresponding to MSA columns:
# 88-178
name=unknown_B
#
# <colnr> <probs for GDERKNQSTAVLIFYWHMCP>
#	G	D	E	R	K	N	Q	S	T	A	V	L	I	F	Y	W	H	M	C	P
0	0.01877	0.05957	0.02239	0.02590	0.32075	0.20103	0.01549	0.06542	0.08945	0.02135	0.01333	0.01578	0.01092	0.00700	0.00733	0.00195	0.06360	0.00550	0.02515	0.00931
1	0.00798	0.00591	0.00746	0.00870	0.00943	0.00539	0.00590	0.00922	0.01305	0.01699	0.04199	0.63274	0.17145	0.01988	0.00829	0.00259	0.00373	0.01781	0.00611	0.00539
2	0.00830	0.00702	0.00770	0.00816	0.03636	0.00602	0.00573	0.01023	0.01547	0.01902	0.14808	0.05976	0.61357	0.01585	0.00773	0.00219	0.00348	0.01334	0.00615	0.00583
3	0.01365	0.01170	0.01365	0.00975	0.01560	0.00878	0.00780	0.01658	0.01365	0.02145	0.01170	0.01365	0.00975	0.00488	0.00488	0.00098	0.00488	0.00390	0.00390	0.80888
4	0.00799	0.00668	0.00697	0.00689	0.00902	0.00565	0.00517	0.00986	0.01551	0.01898	0.15811	0.06138	0.63274	0.01623	0.00778	0.00220	0.00330	0.01362	0.00627	0.00565
5	0.01440	0.01440	0.02016	0.01728	0.01728	0.02016	0.01440	0.01584	0.01008	0.01584	0.00864	0.01440	0.00864	0.01152	0.02160	0.00288	0.75659	0.00576	0.00288	0.00720
6	0.01627	0.01405	0.01484	0.01326	0.01706	0.01609	0.01032	0.03428	0.68906	0.02731	0.02622	0.02415	0.01970	0.00878	0.00663	0.00219	0.00520	0.00731	0.00659	0.04069
7	0.02954	0.01120	0.01528	0.01171	0.01681	0.00968	0.00968	0.03208	0.01884	0.73213	0.02597	0.02241	0.01630	0.00815	0.00662	0.00204	0.00560	0.00662	0.00815	0.01120
8	0.00927	0.00670	0.00876	0.00831	0.00983	0.00618	0.00621	0.01231	0.01843	0.02607	0.70065	0.07355	0.06148	0.01370	0.00779	0.00209	0.00313	0.01214	0.00721	0.00618
9	0.00956	0.00643	0.00742	0.00742	0.00750	0.00651	0.00429	0.00973	0.00964	0.01294	0.02052	0.04187	0.02341	0.71787	0.08355	0.00668	0.00718	0.00940	0.00396	0.00412
10	0.01469	0.01401	0.02383	0.33587	0.44462	0.01522	0.01941	0.01880	0.01423	0.01956	0.01210	0.01682	0.00974	0.00616	0.00654	0.00205	0.00822	0.00586	0.00312	0.00914
11	0.01548	0.01474	0.02494	0.11009	0.61658	0.01500	0.01927	0.01934	0.01481	0.02087	0.01465	0.01952	0.03342	0.00662	0.00664	0.00202	0.00773	0.02506	0.00339	0.00984
12	0.81514	0.01273	0.00968	0.00866	0.01273	0.01477	0.00713	0.01935	0.01120	0.02954	0.00917	0.01069	0.00713	0.00611	0.00407	0.00204	0.00509	0.00356	0.00407	0.00713
13	0.01320	0.03405	0.73453	0.01876	0.02849	0.01529	0.02432	0.02085	0.01390	0.02085	0.01181	0.01390	0.00834	0.00625	0.00625	0.00208	0.00973	0.00486	0.00278	0.00973
14	0.01878	0.64946	0.03196	0.01208	0.01747	0.09402	0.01149	0.06798	0.01510	0.01735	0.00971	0.01105	0.00864	0.00590	0.00455	0.00147	0.00752	0.00376	0.00313	0.00856
15	0.00968	0.00645	0.00784	0.00784	0.00803	0.00664	0.00481	0.00986	0.00967	0.01309	0.01959	0.03865	0.02184	0.59870	0.14943	0.06278	0.00818	0.00889	0.00383	0.00422
16	0.01144	0.00572	0.00858	0.00858	0.00858	0.00572	0.00572	0.00858	0.00858	0.01144	0.01144	0.02001	0.01144	0.02287	0.02573	0.80846	0.00572	0.00572	0.00286	0.00286
17	0.01560	0.01751	0.03718	0.02675	0.03321	0.01663	0.65551	0.02205	0.06417	0.02154	0.01425	0.01823	0.01069	0.00578	0.00769	0.00222	0.01069	0.00775	0.00356	0.00899
18	0.00940	0.00705	0.01058	0.01058	0.01176	0.00823	0.00823	0.01176	0.01058	0.01528	0.01763	0.02586	0.01646	0.04937	0.74255	0.01058	0.01763	0.00705	0.00353	0.00588
19	0.01384	0.01360	0.01945	0.09575	0.01991	0.01874	0.01439	0.01566	0.01045	0.01591	0.00959	0.01554	0.00920	0.01362	0.07007	0.00334	0.62501	0.00586	0.00293	0.00712
20	0.01760	0.77260	0.03450	0.01126	0.01690	0.02605	0.01126	0.01971	0.01338	0.01549	0.00915	0.01056	0.00845	0.00563	0.00422	0.00141	0.00704	0.00352	0.00282	0.00845
21	0.70785	0.11495	0.01301	0.00901	0.01329	0.01629	0.00769	0.01940	0.01150	0.02765	0.00916	0.01068	0.00731	0.00605	0.00409	0.00195	0.00535	0.00356	0.00390	0.00731
22	0.01126	0.00635	0.00774	0.00774	0.00894	0.00669	0.00576	0.01329	0.01210	0.01990	0.01910	0.02493	0.01629	0.04495	0.21928	0.10477	0.00767	0.00645	0.45118	0.00559
23	0.81514	0.01273	0.00968	0.00866	0.01273	0.01477	0.00713	0.01935	0.01120	0.02954	0.00917	0.01069	0.00713	0.00611	0.00407	0.00204	0.00509	0.00356	0.00407	0.00713
24	0.02165	0.01640	0.01822	0.01479	0.04606	0.01727	0.01167	0.51225	0.02625	0.03570	0.01719	0.01891	0.03419	0.00791	0.00640	0.00184	0.00668	0.02871	0.00595	0.15194
25	0.01144	0.00572	0.00858	0.00858	0.00858	0.00572	0.00572	0.00858	0.00858	0.01144	0.01144	0.02001	0.01144	0.02287	0.02573	0.80846	0.00572	0.00572	0.00286	0.00286
26	0.01686	0.01825	0.01475	0.01374	0.01599	0.31485	0.01074	0.04003	0.01709	0.01974	0.17844	0.03158	0.02607	0.01354	0.05917	0.00273	0.08139	0.11327	0.00476	0.00701
27	0.01581	0.01836	0.12680	0.05190	0.21311	0.03978	0.14369	0.05862	0.13128	0.02289	0.01682	0.01894	0.03705	0.00685	0.00665	0.00200	0.00803	0.00642	0.00409	0.07092
28	0.01657	0.59985	0.19824	0.01302	0.01961	0.02353	0.01432	0.01998	0.01350	0.01674	0.00977	0.01134	0.00842	0.00578	0.00470	0.00157	0.00767	0.00383	0.00281	0.00875
29	0.01562	0.01840	0.18881	0.05985	0.21822	0.01313	0.03255	0.04130	0.01497	0.06657	0.01299	0.01536	0.01002	0.00588	0.00598	0.00170	0.00731	0.00510	0.00375	0.26248
30	0.02156	0.23246	0.11177	0.01569	0.06557	0.04684	0.01370	0.25790	0.02060	0.13157	0.01451	0.01495	0.01067	0.00692	0.00585	0.00183	0.00746	0.00515	0.00495	0.01006
31	0.01604	0.01538	0.02626	0.08753	0.68244	0.01557	0.02008	0.01998	0.01487	0.02120	0.01234	0.01638	0.01032	0.00591	0.00652	0.00197	0.00788	0.00586	0.00324	0.01022
32	0.01528	0.01652	0.03364	0.11583	0.16957	0.01632	0.46828	0.02025	0.01498	0.02050	0.01280	0.01734	0.00989	0.00592	0.00782	0.00219	0.03356	0.00711	0.00325	0.00894
33	0.00797	0.00593	0.00743	0.00863	0.00941	0.00539	0.00587	0.00923	0.01312	0.01701	0.04277	0.61479	0.18891	0.01978	0.00827	0.00258	0.00372	0.01769	0.00611	0.00539
34	0.04434	0.08864	0.01813	0.03763	0.01828	0.03255	0.01067	0.22027	0.08647	0.02677	0.01435	0.03291	0.01162	0.00725	0.00690	0.00171	0.06303	0.00535	0.00479	0.26836
35	0.01535	0.01186	0.01356	0.01035	0.01514	0.02715	0.00824	0.09359	0.01707	0.07240	0.16048	0.02179	0.02116	0.00725	0.00581	0.00140	0.00499	0.00597	0.00516	0.48128
36	0.01717	0.05369	0.42113	0.01648	0.02384	0.08559	0.01845	0.07795	0.08761	0.09178	0.01624	0.01697	0.02963	0.00715	0.00630	0.00203	0.00861	0.00552	0.00415	0.00970
37	0.01552	0.09513	0.09062	0.01825	0.11651	0.18826	0.08941	0.01847	0.01506	0.01798	0.02171	0.11456	0.10289	0.03413	0.03084	0.00241	0.00848	0.00810	0.00395	0.00774
38	0.01051	0.00850	0.01196	0.01134	0.01203	0.01042	0.00871	0.01220	0.01027	0.01490	0.01633	0.02685	0.01628	0.18508	0.44600	0.00809	0.17401	0.00728	0.00348	0.00578
39	0.01629	0.01564	0.02672	0.04041	0.72757	0.01564	0.02020	0.02020	0.01499	0.02151	0.01238	0.01629	0.01043	0.00587	0.00652	0.00196	0.00782	0.00587	0.00326	0.01043
40	0.00920	0.00672	0.00863	0.00815	0.00976	0.00616	0.00612	0.01219	0.01835	0.02572	0.67188	0.05030	0.11476	0.01371	0.00777	0.00208	0.00312	0.01206	0.00716	0.00616
41	0.02625	0.01648	0.01854	0.01422	0.01944	0.01750	0.01174	0.52283	0.02767	0.22892	0.01856	0.01760	0.01258	0.00797	0.00660	0.00199	0.00680	0.00612	0.00701	0.01120
42	0.00802	0.00573	0.00764	0.00917	0.00955	0.00535	0.00611	0.00917	0.01260	0.01681	0.03628	0.76434	0.04354	0.02062	0.00840	0.00267	0.00382	0.01872	0.00611	0.00535
43	0.01646	0.47868	0.23380	0.01365	0.02017	0.07272	0.01489	0.02011	0.01396	0.01716	0.01217	0.01362	0.03558	0.00631	0.00506	0.00165	0.00801	0.00435	0.00297	0.00865
44	0.01365	0.01170	0.01365	0.00975	0.01560	0.00878	0.00780	0.01658	0.01365	0.02145	0.01170	0.01365	0.00975	0.00488	0.00488	0.00098	0.00488	0.00390	0.00390	0.80888
45	0.00940	0.00705	0.01058	0.01058	0.01176	0.00823	0.00823	0.01176	0.01058	0.01528	0.01763	0.02586	0.01646	0.04937	0.74255	0.01058	0.01763	0.00705	0.00353	0.00588
46	0.01243	0.01170	0.01975	0.75282	0.04534	0.01463	0.01828	0.01682	0.01316	0.01682	0.01170	0.01755	0.00878	0.00658	0.00658	0.00219	0.00878	0.00585	0.00293	0.00731
47	0.01243	0.01170	0.01975	0.75282	0.04534	0.01463	0.01828	0.01682	0.01316	0.01682	0.01170	0.01755	0.00878	0.00658	0.00658	0.00219	0.00878	0.00585	0.00293	0.00731
48	0.01320	0.03405	0.73453	0.01876	0.02849	0.01529	0.02432	0.02085	0.01390	0.02085	0.01181	0.01390	0.00834	0.00625	0.00625	0.00208	0.00973	0.00486	0.00278	0.00973
49	0.14082	0.01760	0.01828	0.01420	0.01929	0.01959	0.01172	0.60505	0.02806	0.03974	0.01483	0.01506	0.01060	0.00764	0.00622	0.00198	0.00693	0.00558	0.00622	0.01060
50	0.01243	0.01170	0.01975	0.75282	0.04534	0.01463	0.01828	0.01682	0.01316	0.01682	0.01170	0.01755	0.00878	0.00658	0.00658	0.00219	0.00878	0.00585	0.00293	0.00731
51	0.01629	0.01564	0.02672	0.04041	0.72757	0.01564	0.02020	0.02020	0.01499	0.02151	0.01238	0.01629	0.01043	0.00587	0.00652	0.00196	0.00782	0.00587	0.00326	0.01043
52	0.01069	0.00698	0.00825	0.00815	0.01015	0.00609	0.00602	0.01252	0.01533	0.10542	0.14224	0.23960	0.37172	0.01624	0.00780	0.00230	0.00371	0.01400	0.00651	0.00628
53	0.00985	0.00672	0.00804	0.00844	0.00927	0.00642	0.00558	0.03502	0.01274	0.04014	0.03389	0.36979	0.12569	0.27805	0.01688	0.00385	0.00482	0.01405	0.00546	0.00531
54	0.01622	0.01585	0.02571	0.11115	0.63182	0.04343	0.01972	0.02010	0.01495	0.02083	0.01223	0.01625	0.01019	0.00597	0.00650	0.00197	0.00807	0.00580	0.00323	0.01001
55	0.00797	0.00657	0.00702	0.00727	0.00919	0.00562	0.00540	0.00967	0.01482	0.01805	0.08640	0.15967	0.58166	0.01715	0.00791	0.00231	0.00349	0.03811	0.00615	0.00557
56	0.00943	0.00644	0.00734	0.00744	0.00770	0.00633	0.00445	0.00980	0.01053	0.01393	0.04690	0.07018	0.07269	0.64120	0.02922	0.00572	0.00598	0.03604	0.00438	0.00429
57	0.01586	0.01601	0.02604	0.09295	0.27747	0.04437	0.17961	0.02202	0.12023	0.02097	0.01416	0.01759	0.01133	0.00707	0.00875	0.00219	0.10390	0.00648	0.00372	0.00926
58	0.01655	0.10196	0.35782	0.02216	0.16286	0.08430	0.05246	0.08678	0.01621	0.02199	0.01196	0.01421	0.00912	0.00629	0.00618	0.00195	0.00911	0.00511	0.00332	0.00964
59	0.01276	0.01077	0.08518	0.06023	0.01525	0.00973	0.01001	0.01432	0.01148	0.08213	0.03558	0.02481	0.01579	0.13757	0.21089	0.16970	0.07704	0.00684	0.00382	0.00609
60	0.01254	0.00703	0.00759	0.00728	0.00894	0.00726	0.00550	0.05773	0.01453	0.02417	0.04744	0.02595	0.01853	0.04836	0.08131	0.00273	0.00497	0.00660	0.60521	0.00633
61	0.01705	0.69519	0.03227	0.01114	0.01663	0.02428	0.01093	0.01922	0.01330	0.01588	0.00962	0.01131	0.00882	0.00713	0.03038	0.00170	0.00727	0.00367	0.00291	0.06130
62	0.00982	0.00783	0.00970	0.05629	0.01296	0.03016	0.00775	0.03549	0.01408	0.01844	0.07389	0.51496	0.08396	0.01779	0.00847	0.00255	0.02459	0.05954	0.00582	0.00591
63	0.01237	0.00740	0.00978	0.00880	0.01089	0.00673	0.00673	0.01539	0.01867	0.13292	0.61872	0.04514	0.05520	0.01266	0.00759	0.00207	0.00348	0.01111	0.00738	0.00697
64	0.01320	0.03405	0.73453	0.01876	0.02849	0.01529	0.02432	0.02085	0.01390	0.02085	0.01181	0.01390	0.00834	0.00625	0.00625	0.00208	0.00973	0.00486	0.00278	0.00973
65	0.01531	0.01462	0.02461	0.10866	0.60920	0.01483	0.01894	0.01911	0.01481	0.02078	0.01615	0.01974	0.06069	0.00670	0.00661	0.00200	0.00760	0.00643	0.00343	0.00978
66	0.11385	0.01137	0.01468	0.01138	0.01637	0.01022	0.00940	0.03072	0.01802	0.65673	0.02417	0.02115	0.01531	0.00793	0.00635	0.00204	0.00555	0.00629	0.00771	0.01077
67	0.02503	0.01844	0.01976	0.01515	0.02042	0.02042	0.01251	0.70562	0.03095	0.04149	0.01581	0.01581	0.01120	0.00790	0.00659	0.00198	0.00724	0.00593	0.00659	0.01120
68	0.00958	0.00716	0.00875	0.00819	0.01003	0.00661	0.00619	0.03832	0.01831	0.02509	0.55306	0.05100	0.20525	0.01395	0.00772	0.00210	0.00331	0.01211	0.00697	0.00626
69	0.01760	0.77260	0.03450	0.01126	0.01690	0.02605	0.01126	0.01971	0.01338	0.01549	0.00915	0.01056	0.00845	0.00563	0.00422	0.00141	0.00704	0.00352	0.00282	0.00845
70	0.01320	0.03405	0.73453	0.01876	0.02849	0.01529	0.02432	0.02085	0.01390	0.02085	0.01181	0.01390	0.00834	0.00625	0.00625	0.00208	0.00973	0.00486	0.00278	0.00973
71	0.06825	0.00761	0.00952	0.00866	0.01075	0.00717	0.00663	0.01491	0.01813	0.09843	0.60260	0.04374	0.05357	0.01240	0.00739	0.00206	0.00350	0.01078	0.00711	0.00678
72	0.00957	0.00638	0.00718	0.00718	0.00718	0.00638	0.00399	0.00957	0.00957	0.01276	0.02074	0.04308	0.02393	0.76864	0.03351	0.00638	0.00638	0.00957	0.00399	0.00399
73	0.00827	0.00599	0.00784	0.00899	0.00970	0.00556	0.00622	0.00978	0.01366	0.01824	0.12860	0.59664	0.09207	0.01932	0.00830	0.00258	0.00378	0.04269	0.00626	0.00550
74	0.01744	0.74585	0.05985	0.01154	0.01732	0.02566	0.01174	0.01975	0.01340	0.01568	0.00925	0.01068	0.00844	0.00565	0.00430	0.00143	0.00714	0.00357	0.00281	0.00849
75	0.00833	0.00606	0.00783	0.00913	0.00982	0.00565	0.00639	0.00969	0.01303	0.01707	0.03894	0.58485	0.11831	0.04839	0.00936	0.00280	0.00410	0.08883	0.00603	0.00540
76	0.69697	0.01301	0.01083	0.00936	0.01360	0.01476	0.00771	0.06880	0.01320	0.08619	0.01097	0.01199	0.00814	0.00640	0.00445	0.00203	0.00528	0.00397	0.00457	0.00774
77	0.01270	0.01182	0.01949	0.63592	0.08502	0.01408	0.01747	0.01692	0.01337	0.01751	0.01247	0.01899	0.00986	0.00679	0.00654	0.00212	0.00837	0.02696	0.00311	0.06049
78	0.01103	0.01010	0.01191	0.01356	0.08473	0.07867	0.03282	0.01341	0.03916	0.01813	0.05175	0.45176	0.12509	0.01613	0.00779	0.00240	0.00523	0.01441	0.00551	0.00644
79	0.01202	0.00645	0.00716	0.00696	0.00859	0.00625	0.00523	0.01501	0.01510	0.05002	0.19115	0.05719	0.02870	0.00955	0.00557	0.00172	0.00319	0.00800	0.55583	0.00631
80	0.00923	0.00624	0.00728	0.00762	0.00771	0.00615	0.00446	0.00948	0.01025	0.01367	0.02421	0.20402	0.02831	0.60173	0.02791	0.00555	0.00581	0.01161	0.00446	0.00429
81	0.01695	0.01956	0.12421	0.08085	0.04433	0.10344	0.27045	0.06807	0.01608	0.06520	0.01383	0.01733	0.01058	0.01085	0.08198	0.00297	0.03445	0.00640	0.00376	0.00870
82	0.06884	0.08741	0.04787	0.08966	0.19095	0.01564	0.08213	0.10353	0.05513	0.04589	0.01666	0.02369	0.01423	0.00800	0.00653	0.00210	0.00736	0.09030	0.03511	0.00896
83	0.00801	0.00576	0.00761	0.00908	0.00953	0.00535	0.00607	0.00918	0.01268	0.01684	0.03730	0.74103	0.06620	0.02049	0.00838	0.00266	0.00380	0.01855	0.00611	0.00535
84	0.00918	0.00657	0.00887	0.01029	0.01120	0.00635	0.00793	0.01111	0.01365	0.01792	0.03593	0.42086	0.05942	0.04818	0.00965	0.00296	0.00487	0.30346	0.00601	0.00561
85	0.05280	0.00839	0.03095	0.00900	0.01018	0.00803	0.00642	0.03455	0.05595	0.01770	0.04292	0.18469	0.02765	0.39061	0.02039	0.00440	0.00566	0.05783	0.02636	0.00550
86	0.11967	0.41411	0.07021	0.01265	0.01806	0.03974	0.03773	0.11510	0.03446	0.02196	0.01180	0.03550	0.01014	0.00660	0.00505	0.00170	0.00706	0.00470	0.00376	0.02997
87	0.01622	0.30358	0.30247	0.01675	0.05825	0.03888	0.04308	0.06619	0.01500	0.02007	0.01106	0.01301	0.00880	0.00617	0.00588	0.00179	0.02542	0.00457	0.00315	0.03966
88	0.01683	0.17103	0.22141	0.01662	0.04885	0.06979	0.06993	0.13142	0.06075	0.02336	0.05725	0.01828	0.03412	0.00823	0.02256	0.00211	0.00830	0.00589	0.00413	0.00915
89	0.06346	0.01088	0.09803	0.01006	0.01275	0.00866	0.00873	0.03419	0.01355	0.01973	0.09534	0.13468	0.13511	0.08957	0.17494	0.00443	0.00794	0.00977	0.03514	0.03305
90	0.01560	0.07415	0.24418	0.01631	0.06193	0.03377	0.05403	0.08506	0.09063	0.06647	0.04573	0.06615	0.07014	0.03763	0.00764	0.00224	0.00739	0.00739	0.00462	0.00896

[dist]
# distance from previous block
# <min> <max>
0	13

[block]
# block no. 2 follows, 33 sequences, length 28
# corresponding to MSA columns:
# 192-219
name=unknown_C
#
# <colnr> <probs for GDERKNQSTAVLIFYWHMCP>
#	G	D	E	R	K	N	Q	S	T	A	V	L	I	F	Y	W	H	M	C	P
0	0.18136	0.12202	0.10866	0.01318	0.01816	0.04543	0.05826	0.06104	0.07235	0.12222	0.03617	0.02042	0.07619	0.00795	0.00634	0.00201	0.02864	0.00610	0.00481	0.00869
1	0.03518	0.00815	0.03381	0.00958	0.03087	0.00736	0.00660	0.03593	0.01264	0.01708	0.03176	0.25386	0.13587	0.30642	0.01768	0.00396	0.00530	0.03745	0.00505	0.00545
2	0.07971	0.07353	0.06436	0.09090	0.14425	0.07186	0.15353	0.11823	0.04328	0.04469	0.04332	0.01718	0.01234	0.00675	0.00643	0.00201	0.00828	0.00606	0.00417	0.00912
3	0.03439	0.08651	0.14141	0.03635	0.01935	0.05470	0.03810	0.09259	0.08655	0.08357	0.03868	0.08236	0.05338	0.01038	0.03043	0.00229	0.00725	0.02842	0.00489	0.06838
4	0.00829	0.00646	0.00762	0.00840	0.00984	0.00578	0.00625	0.00997	0.01415	0.01771	0.05075	0.32248	0.37168	0.01835	0.00821	0.00251	0.00392	0.11596	0.00610	0.00556
5	0.01335	0.01335	0.02473	0.54524	0.07081	0.01517	0.18678	0.01801	0.01382	0.01806	0.01213	0.01755	0.00914	0.00630	0.00687	0.00219	0.00931	0.00632	0.00304	0.00783
6	0.04009	0.19069	0.32618	0.05823	0.04655	0.07509	0.04302	0.02223	0.04137	0.07924	0.01285	0.01445	0.00961	0.00640	0.00585	0.00191	0.00859	0.00492	0.00352	0.00921
7	0.01156	0.00957	0.01433	0.03839	0.09800	0.00935	0.07334	0.01548	0.06718	0.03907	0.07953	0.18933	0.16769	0.01415	0.00787	0.00243	0.00556	0.14451	0.00558	0.00710
8	0.00957	0.00638	0.00718	0.00718	0.00718	0.00638	0.00399	0.00957	0.00957	0.01276	0.02074	0.04308	0.02393	0.76864	0.03351	0.00638	0.00638	0.00957	0.00399	0.00399
9	0.01235	0.01121	0.03526	0.09094	0.18913	0.01047	0.07432	0.01564	0.01562	0.04740	0.18680	0.03671	0.20042	0.03524	0.00811	0.00225	0.00595	0.00952	0.00503	0.00762
10	0.11590	0.18279	0.12631	0.04555	0.02119	0.23370	0.04819	0.02294	0.05889	0.04188	0.01178	0.01350	0.00936	0.00666	0.00617	0.00187	0.03672	0.00467	0.00358	0.00837
11	0.74790	0.01452	0.07045	0.00950	0.01405	0.01481	0.00857	0.01948	0.01143	0.02881	0.00939	0.01096	0.00723	0.00612	0.00426	0.00204	0.00548	0.00367	0.00397	0.00735
12	0.04075	0.15930	0.18123	0.05957	0.07907	0.13195	0.08497	0.09680	0.04262	0.02186	0.01247	0.01459	0.00971	0.00646	0.00597	0.00189	0.00874	0.00516	0.02788	0.00900
13	0.00940	0.00705	0.01058	0.01058	0.01176	0.00823	0.00823	0.01176	0.01058	0.01528	0.01763	0.02586	0.01646	0.04937	0.74255	0.01058	0.01763	0.00705	0.00353	0.00588
14	0.01868	0.42495	0.09275	0.01536	0.04458	0.13129	0.05359	0.08559	0.01594	0.01907	0.01051	0.01232	0.00887	0.00630	0.00582	0.00169	0.03627	0.00439	0.00330	0.00875
15	0.07634	0.00696	0.00817	0.00897	0.01014	0.00676	0.00628	0.03604	0.01373	0.01928	0.06301	0.54950	0.13455	0.01812	0.00786	0.00251	0.00396	0.01605	0.00600	0.00578
16	0.01893	0.45557	0.05514	0.03598	0.06738	0.20806	0.03875	0.02145	0.01493	0.01649	0.00995	0.01186	0.00865	0.00599	0.00509	0.00160	0.00863	0.00413	0.00301	0.00840
17	0.01995	0.29023	0.12033	0.01430	0.02016	0.02001	0.04371	0.22672	0.04558	0.09061	0.01478	0.01672	0.01150	0.00718	0.00584	0.00185	0.00740	0.02871	0.00471	0.00970
18	0.01384	0.01217	0.01421	0.03644	0.04444	0.07886	0.00998	0.01710	0.06641	0.04386	0.01583	0.02287	0.01452	0.13368	0.22099	0.00509	0.13065	0.00649	0.00391	0.10866
19	0.00802	0.00573	0.00764	0.00917	0.00955	0.00535	0.00611	0.00917	0.01260	0.01681	0.03628	0.76434	0.04354	0.02062	0.00840	0.00267	0.00382	0.01872	0.00611	0.00535
20	0.01365	0.01170	0.01365	0.00975	0.01560	0.00878	0.00780	0.01658	0.01365	0.02145	0.01170	0.01365	0.00975	0.00488	0.00488	0.00098	0.00488	0.00390	0.00390	0.80888
21	0.01727	0.01408	0.06314	0.01376	0.04509	0.01182	0.05186	0.11958	0.05238	0.12220	0.06538	0.04022	0.01658	0.00750	0.00618	0.00169	0.00602	0.02431	0.00523	0.31570
22	0.00863	0.00641	0.00804	0.00826	0.00957	0.00582	0.00595	0.01086	0.01609	0.02182	0.38814	0.27372	0.17990	0.01628	0.00797	0.00229	0.00337	0.01439	0.00668	0.00582
23	0.01365	0.01170	0.01365	0.00975	0.01560	0.00878	0.00780	0.01658	0.01365	0.02145	0.01170	0.01365	0.00975	0.00488	0.00488	0.00098	0.00488	0.00390	0.00390	0.80888
24	0.07429	0.18986	0.27026	0.08504	0.04975	0.01763	0.03729	0.06961	0.06148	0.04719	0.01346	0.03286	0.01056	0.00681	0.00585	0.00195	0.00791	0.00533	0.00373	0.00912
25	0.01647	0.10527	0.27638	0.03725	0.14677	0.09488	0.01755	0.05996	0.03762	0.04547	0.01485	0.01690	0.03724	0.00855	0.03340	0.00228	0.03080	0.00550	0.00362	0.00921
26	0.00864	0.00664	0.00878	0.01022	0.03719	0.00637	0.00680	0.01014	0.01346	0.01791	0.09725	0.54907	0.13880	0.01857	0.00866	0.00254	0.03077	0.01650	0.00598	0.00571
27	0.01755	0.03624	0.02524	0.05532	0.49470	0.07838	0.04360	0.07747	0.04240	0.02242	0.01282	0.01607	0.01051	0.00641	0.00696	0.00198	0.03253	0.00580	0.00364	0.00994

[dist]
# distance from previous block
# <min> <max>
4	6

[block]
# block no. 3 follows, 33 sequences, length 6
# corresponding to MSA columns:
# 227-232
name=unknown_D
#
# <colnr> <probs for GDERKNQSTAVLIFYWHMCP>
#	G	D	E	R	K	N	Q	S	T	A	V	L	I	F	Y	W	H	M	C	P
0	0.72268	0.01261	0.01013	0.00878	0.01306	0.01408	0.00721	0.01903	0.01149	0.02860	0.00946	0.01104	0.00743	0.00597	0.00417	0.00191	0.00507	0.00360	0.00405	0.09962
1	0.10755	0.17236	0.08832	0.01209	0.01565	0.16465	0.01060	0.01770	0.01378	0.01790	0.01928	0.09197	0.07663	0.10090	0.00990	0.00251	0.04056	0.02669	0.00391	0.00705
2	0.01071	0.14181	0.01318	0.00901	0.01125	0.00994	0.00715	0.01385	0.04699	0.02203	0.38432	0.16275	0.11599	0.01341	0.00720	0.00208	0.00403	0.01158	0.00613	0.00658
3	0.00935	0.00672	0.00919	0.00931	0.01003	0.00737	0.00662	0.01081	0.01040	0.01455	0.02019	0.09135	0.02118	0.29062	0.44314	0.00852	0.01271	0.00885	0.00389	0.00520
4	0.12674	0.05920	0.01873	0.01551	0.01943	0.47115	0.04709	0.02583	0.05824	0.08106	0.01251	0.01362	0.00974	0.00683	0.00581	0.00182	0.00979	0.00470	0.00406	0.00814
5	0.08653	0.03732	0.06895	0.01154	0.01697	0.01242	0.01009	0.10862	0.03902	0.09979	0.01589	0.01675	0.03714	0.00664	0.00601	0.00156	0.03029	0.00503	0.00474	0.38471

[dist]
# distance from previous block
# <min> <max>
4	10

[block]
# block no. 4 follows, 33 sequences, length 110
# corresponding to MSA columns:
# 243-352
name=unknown_E
#
# <colnr> <probs for GDERKNQSTAVLIFYWHMCP>
#	G	D	E	R	K	N	Q	S	T	A	V	L	I	F	Y	W	H	M	C	P
0	0.00841	0.00654	0.00706	0.00715	0.00855	0.00588	0.00491	0.00962	0.01325	0.01645	0.06950	0.10322	0.43557	0.23582	0.03645	0.00370	0.00466	0.01271	0.00546	0.00512
1	0.01575	0.10064	0.30032	0.01897	0.07453	0.05546	0.10259	0.02365	0.14722	0.04562	0.01588	0.04327	0.01247	0.00719	0.00641	0.00205	0.00839	0.00617	0.00396	0.00945
2	0.01760	0.77260	0.03450	0.01126	0.01690	0.02605	0.01126	0.01971	0.01338	0.01549	0.00915	0.01056	0.00845	0.00563	0.00422	0.00141	0.00704	0.00352	0.00282	0.00845
3	0.01144	0.00572	0.00858	0.00858	0.00858	0.00572	0.00572	0.00858	0.00858	0.01144	0.01144	0.02001	0.01144	0.02287	0.02573	0.80846	0.00572	0.00572	0.00286	0.00286
4	0.01788	0.74432	0.03394	0.01141	0.01703	0.02584	0.01131	0.04543	0.01404	0.01646	0.00940	0.01076	0.00855	0.00572	0.00431	0.00143	0.00705	0.00361	0.00296	0.00855
5	0.01760	0.77260	0.03450	0.01126	0.01690	0.02605	0.01126	0.01971	0.01338	0.01549	0.00915	0.01056	0.00845	0.00563	0.00422	0.00141	0.00704	0.00352	0.00282	0.00845
6	0.00914	0.00669	0.00858	0.00817	0.00974	0.00613	0.00610	0.01206	0.01812	0.02534	0.64481	0.07446	0.11809	0.01397	0.00779	0.00210	0.00315	0.01230	0.00711	0.00613
7	0.00796	0.00637	0.00704	0.00750	0.00906	0.00554	0.00534	0.00945	0.01418	0.01755	0.07393	0.27791	0.47343	0.04311	0.00884	0.00250	0.00358	0.01518	0.00607	0.00546
8	0.00936	0.00642	0.00767	0.00813	0.00846	0.00631	0.00522	0.00999	0.01099	0.01452	0.02686	0.17813	0.05322	0.51550	0.02509	0.00516	0.00577	0.09396	0.00470	0.00454
9	0.02139	0.00883	0.01120	0.00933	0.01268	0.00800	0.00742	0.02388	0.01626	0.40436	0.02393	0.04591	0.01716	0.00896	0.00668	0.03533	0.00456	0.00677	0.31865	0.00870
10	0.00799	0.00585	0.00751	0.00884	0.00946	0.00537	0.00597	0.00920	0.01292	0.01693	0.04026	0.67280	0.13252	0.02011	0.00832	0.00261	0.00376	0.01809	0.00611	0.00537
11	0.51134	0.01214	0.01184	0.00984	0.01431	0.01280	0.00811	0.02428	0.01416	0.30124	0.01567	0.01522	0.01067	0.00690	0.00506	0.00204	0.00529	0.00475	0.00565	0.00871
12	0.02517	0.01821	0.01961	0.01504	0.02030	0.02007	0.01242	0.68392	0.03056	0.06374	0.01613	0.01602	0.01136	0.00791	0.00659	0.00198	0.00719	0.00595	0.00664	0.01120
13	0.01462	0.03991	0.02508	0.17587	0.10199	0.08304	0.23628	0.01834	0.01465	0.01864	0.02003	0.02331	0.11645	0.00810	0.00831	0.00217	0.07422	0.00744	0.00360	0.00794
14	0.01238	0.01015	0.02956	0.03361	0.04352	0.03203	0.00840	0.07385	0.03536	0.06816	0.05936	0.14131	0.34453	0.01564	0.03800	0.00259	0.00541	0.03329	0.00583	0.00701
15	0.01784	0.01253	0.01407	0.01232	0.01591	0.01363	0.00978	0.10265	0.38302	0.12943	0.10393	0.02914	0.02423	0.00972	0.00683	0.00217	0.00519	0.04949	0.04844	0.00965
16	0.04368	0.08609	0.02573	0.02081	0.10570	0.10323	0.25871	0.04264	0.01549	0.04612	0.03958	0.07666	0.01533	0.05432	0.03456	0.00260	0.00901	0.00755	0.00399	0.00821
17	0.07571	0.02128	0.27807	0.02130	0.17692	0.01509	0.03773	0.07010	0.05624	0.07027	0.01521	0.06173	0.01235	0.00772	0.00728	0.00214	0.05096	0.00632	0.00407	0.00949
18	0.00829	0.00657	0.00749	0.00775	0.00948	0.00577	0.00577	0.01023	0.01529	0.01939	0.18659	0.18548	0.43468	0.01684	0.00797	0.00232	0.00354	0.05455	0.00633	0.00568
19	0.01243	0.01170	0.01975	0.75282	0.04534	0.01463	0.01828	0.01682	0.01316	0.01682	0.01170	0.01755	0.00878	0.00658	0.00658	0.00219	0.00878	0.00585	0.00293	0.00731
20	0.01801	0.30846	0.05061	0.04329	0.13268	0.09061	0.13416	0.08072	0.04520	0.02042	0.01195	0.01419	0.00976	0.00615	0.00581	0.00179	0.00841	0.00518	0.00352	0.00908
21	0.01464	0.14566	0.19191	0.01682	0.02237	0.01652	0.16503	0.03668	0.10329	0.02119	0.05630	0.02016	0.03939	0.00882	0.02898	0.00230	0.05754	0.00652	0.03719	0.00867
22	0.00815	0.00689	0.00707	0.00698	0.00920	0.00592	0.00525	0.01042	0.03598	0.01869	0.11295	0.06119	0.65624	0.01621	0.00775	0.00221	0.00337	0.01356	0.00621	0.00575
23	0.01522	0.11588	0.28333	0.08897	0.16485	0.01661	0.06893	0.07999	0.01551	0.02144	0.01403	0.01718	0.03200	0.02995	0.00711	0.00212	0.00851	0.00572	0.00341	0.00925
24	0.01727	0.42214	0.09101	0.01690	0.10331	0.03827	0.06414	0.02139	0.05862	0.04853	0.01226	0.01398	0.01010	0.00628	0.00574	0.00172	0.02874	0.00476	0.02590	0.00895
25	0.01834	0.01567	0.01523	0.01303	0.01657	0.14070	0.02954	0.18751	0.13112	0.07634	0.13841	0.05265	0.09789	0.01032	0.00697	0.00207	0.00650	0.02639	0.00609	0.00866
26	0.00806	0.00576	0.00767	0.00914	0.00956	0.00537	0.00611	0.00926	0.01278	0.01709	0.05645	0.74337	0.04409	0.02041	0.00838	0.00266	0.00380	0.01852	0.00614	0.00537
