[name]
unknown

[dist]
# distance from previous block
# <min> <max>
0	17

[block]
# block no. 0 follows, 32 sequences, length 38
# corresponding to MSA columns:
# 17-54
name=unknown_A
#
# <colnr> <probs for GDERKNQSTAVLIFYWHMCP>
#	G	D	E	R	K	N	Q	S	T	A	V	L	I	F	Y	W	H	M	C	P
0	0.04370	0.03851	0.07738	0.01598	0.05652	0.01102	0.10224	0.01711	0.03446	0.04785	0.05441	0.12479	0.02879	0.01362	0.00804	0.00260	0.00686	0.30331	0.00533	0.00750
1	0.04711	0.32206	0.05078	0.01458	0.04540	0.04394	0.01258	0.21113	0.06228	0.02520	0.01268	0.01395	0.01024	0.00708	0.00663	0.00181	0.05987	0.00487	0.00432	0.04348
2	0.01523	0.04539	0.20008	0.01506	0.04639	0.04169	0.01395	0.06879	0.15063	0.03994	0.02200	0.05041	0.07009	0.05128	0.00891	0.00236	0.04259	0.03365	0.00474	0.07684
3	0.00911	0.00684	0.00844	0.00804	0.00979	0.00617	0.00603	0.01192	0.01809	0.02477	0.56021	0.05364	0.22323	0.01452	0.00792	0.00215	0.00322	0.01263	0.00710	0.00617
4	0.01590	0.01378	0.01614	0.03426	0.12756	0.03936	0.01157	0.10703	0.30006	0.02623	0.08475	0.04854	0.09566	0.01149	0.03518	0.00250	0.00637	0.00837	0.00590	0.00934
5	0.00818	0.00584	0.00779	0.00934	0.00973	0.00545	0.00623	0.00934	0.01285	0.01713	0.03698	0.75981	0.04438	0.02102	0.00856	0.00273	0.00389	0.01908	0.00623	0.00545
6	0.00882	0.00683	0.00803	0.00773	0.00961	0.00604	0.00580	0.01135	0.01739	0.02311	0.43710	0.05638	0.34737	0.01514	0.00792	0.00218	0.00327	0.01301	0.00689	0.00604
7	0.11768	0.01682	0.01814	0.01405	0.01925	0.01822	0.01161	0.50363	0.02704	0.16120	0.01714	0.01669	0.01184	0.00789	0.00642	0.00203	0.00683	0.00589	0.00669	0.01093
8	0.08900	0.01919	0.09834	0.05820	0.22151	0.03498	0.01610	0.32538	0.02212	0.03133	0.01375	0.01558	0.01033	0.00703	0.00642	0.00203	0.00782	0.00565	0.00485	0.01039
9	0.04876	0.56252	0.03084	0.01289	0.01818	0.10802	0.03806	0.02219	0.07138	0.01763	0.01109	0.01238	0.00960	0.00617	0.00485	0.00159	0.00768	0.00417	0.00333	0.00864
10	0.29784	0.13802	0.02089	0.01614	0.07149	0.22545	0.07386	0.04800	0.01542	0.02298	0.01053	0.01251	0.00855	0.00635	0.00535	0.00188	0.00835	0.00448	0.00372	0.00820
11	0.03550	0.09085	0.07584	0.03237	0.15619	0.01477	0.04631	0.11230	0.07398	0.04982	0.13173	0.04710	0.07049	0.00932	0.00682	0.00208	0.00654	0.02381	0.00517	0.00901
12	0.01467	0.02857	0.50911	0.02179	0.14043	0.01559	0.02195	0.06428	0.04223	0.02321	0.04578	0.01677	0.01203	0.00686	0.00653	0.00210	0.00895	0.00563	0.00352	0.00999
13	0.01080	0.00862	0.01148	0.07059	0.01365	0.01002	0.00831	0.01240	0.01174	0.01644	0.07779	0.03473	0.08273	0.27614	0.15420	0.00537	0.14499	0.00870	0.03559	0.00571
14	0.01648	0.02273	0.31518	0.01821	0.07777	0.01505	0.04374	0.07036	0.17173	0.08037	0.04978	0.01941	0.01486	0.00746	0.00661	0.00209	0.00773	0.00624	0.00475	0.04945
15	0.00850	0.00670	0.00767	0.00767	0.00948	0.00587	0.00566	0.01065	0.01628	0.02105	0.28974	0.14247	0.41173	0.01634	0.00800	0.00227	0.00338	0.01405	0.00663	0.00587
16	0.04186	0.01697	0.01834	0.01507	0.05168	0.04274	0.01171	0.44977	0.02554	0.06685	0.01736	0.01769	0.03908	0.00769	0.00637	0.00184	0.00687	0.00591	0.00595	0.15072
17	0.01309	0.01341	0.04720	0.41437	0.14837	0.04845	0.01639	0.01694	0.01403	0.01806	0.01915	0.04887	0.08583	0.01103	0.05470	0.00275	0.00880	0.00725	0.00355	0.00774
18	0.01515	0.09143	0.55238	0.01940	0.05491	0.01702	0.04939	0.08364	0.01583	0.02278	0.01228	0.01432	0.00893	0.00643	0.00631	0.00206	0.00944	0.00511	0.00324	0.00994
19	0.02362	0.01218	0.01462	0.06008	0.01773	0.06650	0.00988	0.04235	0.01888	0.44629	0.15361	0.02848	0.05660	0.00949	0.00696	0.00207	0.00589	0.00783	0.00727	0.00967
20	0.02822	0.01103	0.01483	0.01150	0.01644	0.00951	0.00946	0.03074	0.01887	0.66680	0.02999	0.02638	0.07629	0.00904	0.00685	0.00209	0.00551	0.00738	0.00813	0.01093
21	0.01285	0.00950	0.01144	0.01132	0.01359	0.00963	0.00922	0.15494	0.01850	0.02419	0.07061	0.17574	0.15473	0.01627	0.00832	0.00261	0.00541	0.27769	0.00637	0.00706
22	0.00937	0.00781	0.01171	0.01083	0.01273	0.00712	0.09040	0.01169	0.01527	0.02025	0.20527	0.33248	0.20636	0.01643	0.00818	0.00241	0.00451	0.01487	0.00616	0.00615
23	0.02551	0.01879	0.02014	0.01544	0.02081	0.02081	0.01275	0.69996	0.03155	0.04229	0.01611	0.01611	0.01141	0.00805	0.00671	0.00201	0.00738	0.00604	0.00671	0.01141
24	0.01580	0.01431	0.04912	0.01196	0.01804	0.01145	0.03655	0.12548	0.01679	0.02506	0.01266	0.01444	0.01011	0.00555	0.00543	0.00126	0.00583	0.00450	0.00433	0.61132
25	0.01441	0.01197	0.01326	0.01224	0.01529	0.01336	0.00955	0.02812	0.48047	0.02714	0.20254	0.03539	0.03274	0.01102	0.00730	0.00230	0.00484	0.06196	0.00692	0.00918
26	0.00818	0.00584	0.00779	0.00934	0.00973	0.00545	0.00623	0.00934	0.01285	0.01713	0.03698	0.75981	0.04438	0.02102	0.00856	0.00273	0.00389	0.01908	0.00623	0.00545
27	0.01734	0.01612	0.05672	0.10346	0.50104	0.01567	0.01887	0.04936	0.06508	0.06916	0.01462	0.01761	0.01149	0.00652	0.00666	0.00205	0.00779	0.00610	0.00398	0.01037
28	0.08304	0.01436	0.01773	0.10970	0.09593	0.03979	0.01256	0.15201	0.08644	0.27221	0.03598	0.01987	0.01453	0.00781	0.00654	0.00208	0.00676	0.00632	0.00615	0.01018
29	0.01046	0.00755	0.01018	0.01146	0.01297	0.00744	0.00978	0.01320	0.01503	0.01939	0.03765	0.07237	0.10346	0.07109	0.01090	0.00325	0.00593	0.56589	0.00603	0.00598
30	0.00905	0.00627	0.00796	0.00895	0.00992	0.00570	0.00617	0.01045	0.01378	0.04584	0.06889	0.57755	0.16562	0.01951	0.00835	0.00259	0.00385	0.01743	0.00636	0.00576
31	0.01827	0.12747	0.30712	0.01927	0.07429	0.05159	0.07102	0.20535	0.01924	0.02606	0.01286	0.01461	0.00959	0.00668	0.00631	0.00198	0.00893	0.00534	0.00400	0.01003
32	0.38115	0.01604	0.01546	0.04824	0.01826	0.04569	0.01069	0.28337	0.01953	0.03268	0.01209	0.01357	0.00912	0.00738	0.00661	0.00211	0.05927	0.00486	0.00498	0.00891
33	0.01797	0.01469	0.01679	0.01454	0.07959	0.04083	0.01058	0.18438	0.05047	0.05165	0.01466	0.03032	0.01171	0.00651	0.00580	0.00149	0.00611	0.00523	0.00489	0.43178
34	0.01084	0.00831	0.00814	0.00802	0.00827	0.05816	0.00469	0.01096	0.01041	0.01325	0.02038	0.04166	0.02328	0.71066	0.03217	0.00617	0.00690	0.00937	0.00402	0.00433
35	0.01545	0.01270	0.07822	0.04529	0.17213	0.01057	0.03976	0.01870	0.01559	0.15614	0.04270	0.14993	0.12030	0.01190	0.00748	0.00231	0.00630	0.08057	0.00548	0.00847
36	0.01440	0.11206	0.55241	0.02147	0.12771	0.01683	0.02273	0.02103	0.01427	0.02075	0.01183	0.01415	0.00882	0.00625	0.00619	0.00203	0.00934	0.00496	0.00291	0.00988
37	0.08740	0.04622	0.06893	0.02103	0.15813	0.14161	0.07023	0.17925	0.06862	0.07295	0.01463	0.01600	0.01103	0.00700	0.00637	0.00200	0.00835	0.00568	0.00473	0.00984

[dist]
# distance from previous block
# <min> <max>
0	2

[block]
# block no. 1 follows, 32 sequences, length 30
# corresponding to MSA columns:
# 57-86
name=unknown_B
#
# <colnr> <probs for GDERKNQSTAVLIFYWHMCP>
#	G	D	E	R	K	N	Q	S	T	A	V	L	I	F	Y	W	H	M	C	P
0	0.37825	0.12689	0.01657	0.06595	0.01751	0.06817	0.00993	0.04534	0.01387	0.06745	0.01303	0.01465	0.03302	0.00707	0.00602	0.00196	0.05180	0.00465	0.00416	0.05371
1	0.01499	0.01759	0.13700	0.24085	0.24694	0.01585	0.04702	0.05313	0.05715	0.02133	0.01483	0.01843	0.03093	0.00716	0.00754	0.00217	0.04805	0.00622	0.00359	0.00923
2	0.00835	0.00681	0.00739	0.00724	0.00932	0.00585	0.00543	0.01045	0.01630	0.02051	0.24432	0.06066	0.54178	0.01611	0.00793	0.00222	0.00334	0.01361	0.00654	0.00585
3	0.01518	0.10423	0.38481	0.06261	0.06767	0.04651	0.01904	0.04229	0.11573	0.02212	0.04644	0.01738	0.01300	0.00711	0.00633	0.00205	0.00849	0.00565	0.00380	0.00956
4	0.00818	0.00584	0.00779	0.00934	0.00973	0.00545	0.00623	0.00934	0.01285	0.01713	0.03698	0.75981	0.04438	0.02102	0.00856	0.00273	0.00389	0.01908	0.00623	0.00545
5	0.01693	0.01519	0.03874	0.01851	0.16408	0.04219	0.01245	0.09926	0.13236	0.04658	0.01664	0.05358	0.01378	0.00744	0.00667	0.00177	0.02929	0.00616	0.00479	0.27357
6	0.06840	0.17054	0.19115	0.01746	0.04838	0.12007	0.09165	0.05712	0.13072	0.02226	0.01402	0.01542	0.01085	0.00675	0.00605	0.00196	0.00858	0.00537	0.00394	0.00931
7	0.00922	0.00719	0.00799	0.00807	0.00966	0.00678	0.00587	0.01144	0.04540	0.01725	0.04708	0.05595	0.38712	0.21876	0.06134	0.00403	0.00553	0.08027	0.00551	0.00554
8	0.05890	0.29155	0.27100	0.01497	0.02198	0.02075	0.01619	0.18699	0.01809	0.02491	0.01193	0.01326	0.00919	0.00655	0.00560	0.00185	0.00808	0.00467	0.00386	0.00968
9	0.21491	0.01543	0.01586	0.01252	0.01755	0.01643	0.01023	0.32228	0.08487	0.06271	0.01515	0.01553	0.01118	0.00716	0.00578	0.00187	0.00615	0.00525	0.00567	0.15344
10	0.01648	0.13649	0.12400	0.06745	0.08863	0.07888	0.05954	0.06114	0.01492	0.02013	0.01140	0.01463	0.00946	0.00807	0.02430	0.00216	0.14159	0.00520	0.00340	0.11211
11	0.01055	0.00742	0.00895	0.00844	0.01054	0.00676	0.00645	0.01378	0.04311	0.06654	0.41764	0.05306	0.27118	0.01444	0.00785	0.00220	0.00357	0.03392	0.00701	0.00658
12	0.00827	0.00602	0.00779	0.00901	0.00969	0.00555	0.00613	0.00967	0.01363	0.01809	0.10047	0.62878	0.11220	0.01998	0.00844	0.00263	0.00378	0.01798	0.00633	0.00555
13	0.02008	0.12365	0.18332	0.06293	0.06297	0.01659	0.12296	0.10961	0.01778	0.19165	0.01590	0.01699	0.01123	0.00685	0.00650	0.00202	0.00827	0.00591	0.00476	0.01004
14	0.01587	0.01504	0.02547	0.03820	0.65627	0.01500	0.01926	0.01965	0.01525	0.02179	0.03656	0.06296	0.01436	0.00714	0.00680	0.00204	0.00757	0.00697	0.00363	0.01018
15	0.01159	0.00758	0.00955	0.00875	0.01087	0.00697	0.00667	0.01507	0.04347	0.09550	0.53519	0.04849	0.14751	0.01346	0.00776	0.00213	0.00353	0.01171	0.00730	0.00690
16	0.01238	0.00750	0.00915	0.00834	0.01068	0.00667	0.00639	0.01501	0.01757	0.13199	0.36754	0.04877	0.25519	0.01352	0.00753	0.00212	0.00363	0.01155	0.05756	0.00691
17	0.01474	0.12822	0.59747	0.01804	0.02703	0.06096	0.02237	0.02144	0.01439	0.02026	0.01159	0.01361	0.00852	0.00633	0.00609	0.00201	0.00970	0.00474	0.00288	0.00962
18	0.00959	0.00716	0.01065	0.01065	0.01180	0.00831	0.00822	0.01189	0.01074	0.01548	0.01810	0.02705	0.01708	0.07850	0.70984	0.01061	0.01752	0.00729	0.00361	0.00591
19	0.00859	0.00614	0.00827	0.00982	0.01039	0.00581	0.00695	0.01007	0.01326	0.01760	0.03675	0.65140	0.04347	0.02063	0.00868	0.00278	0.00426	0.12336	0.00622	0.00557
20	0.01786	0.03205	0.40489	0.01939	0.02667	0.27476	0.08841	0.02326	0.01608	0.01954	0.01160	0.01382	0.00872	0.00650	0.00641	0.00200	0.01084	0.00503	0.00311	0.00906
21	0.00972	0.00733	0.01065	0.01062	0.01162	0.00850	0.00809	0.01178	0.01077	0.01543	0.01892	0.06522	0.01864	0.11733	0.60486	0.00966	0.04329	0.00800	0.00375	0.00582
22	0.01758	0.01755	0.01893	0.04344	0.23708	0.20354	0.01383	0.05251	0.01648	0.04243	0.04901	0.13896	0.01831	0.00972	0.00793	0.00211	0.06259	0.00800	0.03159	0.00841
23	0.08926	0.01035	0.05625	0.01183	0.01413	0.00937	0.07932	0.03675	0.01303	0.01952	0.02360	0.28345	0.02533	0.13009	0.12248	0.00428	0.00777	0.01125	0.04556	0.00640
24	0.01575	0.05172	0.09187	0.13691	0.44572	0.01636	0.07867	0.02073	0.03865	0.02107	0.01290	0.01672	0.01040	0.00619	0.00664	0.00205	0.00845	0.00600	0.00333	0.00988
25	0.01096	0.00884	0.01130	0.01105	0.01258	0.04216	0.00855	0.04766	0.01255	0.01718	0.02092	0.06276	0.05212	0.04310	0.59517	0.00911	0.01576	0.00792	0.00401	0.00631
26	0.03245	0.01384	0.02334	0.09254	0.27821	0.01410	0.14337	0.05849	0.01594	0.03550	0.05552	0.09485	0.06709	0.00902	0.00774	0.00220	0.03416	0.00849	0.00431	0.00883
27	0.10327	0.35520	0.06770	0.12283	0.03707	0.07143	0.01304	0.03637	0.02895	0.04453	0.01149	0.01417	0.00960	0.02748	0.00655	0.00194	0.03187	0.00463	0.00348	0.00840
28	0.01698	0.01516	0.14497	0.03653	0.07404	0.01131	0.05727	0.04922	0.03275	0.18679	0.19510	0.02879	0.05517	0.00925	0.00696	0.00208	0.00628	0.00803	0.05437	0.00897
29	0.16568	0.31929	0.05250	0.01208	0.01740	0.07185	0.01102	0.07863	0.03588	0.11106	0.01292	0.01360	0.01002	0.00650	0.00511	0.00173	0.00692	0.00445	0.00433	0.05902

[dist]
# distance from previous block
# <min> <max>
0	8

[block]
# block no. 2 follows, 32 sequences, length 27
# corresponding to MSA columns:
# 95-121
name=unknown_C
#
# <colnr> <probs for GDERKNQSTAVLIFYWHMCP>
#	G	D	E	R	K	N	Q	S	T	A	V	L	I	F	Y	W	H	M	C	P
0	0.01732	0.26827	0.21273	0.01676	0.05164	0.03843	0.07015	0.07294	0.10397	0.04110	0.01388	0.01516	0.01077	0.00658	0.00587	0.00187	0.00806	0.00520	0.00391	0.03539
1	0.05665	0.26661	0.07508	0.04442	0.08130	0.08818	0.04621	0.05350	0.05289	0.05713	0.03478	0.05623	0.04461	0.00790	0.00594	0.00189	0.00749	0.00626	0.00417	0.00875
2	0.01463	0.14561	0.41887	0.01652	0.02406	0.01629	0.05741	0.02159	0.07209	0.04408	0.06450	0.01949	0.04151	0.00744	0.00635	0.00204	0.00832	0.00604	0.00383	0.00935
3	0.01711	0.43903	0.19408	0.01486	0.05654	0.02112	0.01475	0.02162	0.05030	0.05228	0.01203	0.01336	0.00976	0.00615	0.00520	0.00167	0.00757	0.00441	0.00341	0.05475
4	0.00851	0.00673	0.00729	0.00724	0.00897	0.00591	0.00518	0.01018	0.01499	0.01882	0.17417	0.07769	0.47371	0.13680	0.01217	0.00293	0.00387	0.01323	0.00609	0.00552
5	0.01509	0.01453	0.08855	0.01120	0.01752	0.01014	0.00998	0.04462	0.01488	0.05621	0.01279	0.01445	0.01016	0.00539	0.00527	0.00120	0.00561	0.00429	0.00417	0.65394
6	0.01525	0.07774	0.52347	0.01964	0.02823	0.09140	0.10973	0.02179	0.01485	0.02044	0.01190	0.01425	0.00874	0.00630	0.00641	0.00206	0.01015	0.00519	0.00297	0.00950
7	0.00976	0.00651	0.00732	0.00732	0.00732	0.00651	0.00407	0.00976	0.00976	0.01301	0.02114	0.04391	0.02439	0.76419	0.03415	0.00651	0.00651	0.00976	0.00407	0.00407
8	0.01702	0.17221	0.36645	0.01784	0.05710	0.18656	0.01850	0.02194	0.01546	0.01934	0.04077	0.01465	0.01095	0.00667	0.00598	0.00189	0.00953	0.00490	0.00320	0.00905
9	0.00859	0.00678	0.00774	0.00760	0.00949	0.00593	0.00566	0.01087	0.01671	0.02171	0.33570	0.09175	0.41594	0.01583	0.00795	0.00222	0.00333	0.01356	0.00671	0.00593
10	0.01490	0.01251	0.01445	0.01041	0.01632	0.00996	0.00836	0.07523	0.01542	0.02361	0.01228	0.01410	0.01006	0.00523	0.00512	0.00108	0.00518	0.00415	0.00421	0.73742
11	0.01652	0.01406	0.01515	0.01286	0.01727	0.01505	0.01010	0.06905	0.50298	0.02738	0.02295	0.02183	0.01741	0.00804	0.00637	0.00195	0.00535	0.00662	0.00613	0.20291
12	0.01378	0.08787	0.67910	0.01857	0.02818	0.01638	0.02383	0.02117	0.01413	0.02085	0.01184	0.01392	0.00851	0.00633	0.00622	0.00207	0.00972	0.00486	0.00284	0.00982
13	0.00965	0.00711	0.00934	0.01059	0.01201	0.00681	0.00866	0.01203	0.01482	0.01903	0.04216	0.22948	0.17223	0.01880	0.00885	0.00285	0.00512	0.39835	0.00620	0.00591
14	0.02623	0.01763	0.01942	0.01489	0.02023	0.01908	0.01230	0.59479	0.02960	0.15021	0.01774	0.01717	0.01223	0.00809	0.00672	0.00202	0.00712	0.00615	0.00696	0.01141
15	0.00825	0.00589	0.00785	0.00929	0.00975	0.00550	0.00623	0.00952	0.01318	0.01765	0.07344	0.72187	0.04539	0.02063	0.00853	0.00269	0.00385	0.01870	0.00629	0.00550
16	0.01442	0.17274	0.56513	0.01811	0.02709	0.01772	0.05437	0.02104	0.01415	0.02023	0.01160	0.01371	0.00860	0.00622	0.00606	0.00200	0.00946	0.00484	0.00287	0.00963
17	0.00831	0.00595	0.00791	0.00925	0.00976	0.00554	0.00624	0.00969	0.01348	0.01814	0.10780	0.68610	0.04635	0.02026	0.00850	0.00266	0.00382	0.01835	0.00635	0.00554
18	0.00818	0.00584	0.00779	0.00934	0.00973	0.00545	0.00623	0.00934	0.01285	0.01713	0.03698	0.75981	0.04438	0.02102	0.00856	0.00273	0.00389	0.01908	0.00623	0.00545
19	0.00830	0.00599	0.00789	0.00936	0.00992	0.00558	0.00641	0.00960	0.01313	0.01734	0.03867	0.68353	0.08263	0.02066	0.00857	0.00272	0.00399	0.05398	0.00623	0.00550
20	0.02468	0.01023	0.01376	0.01096	0.01524	0.00892	0.00889	0.02736	0.01899	0.54453	0.17927	0.03054	0.05625	0.00985	0.00705	0.00209	0.00506	0.00823	0.00802	0.01007
21	0.03010	0.01142	0.01557	0.01194	0.01713	0.00986	0.00986	0.03270	0.01920	0.72698	0.02647	0.02284	0.01661	0.00830	0.00675	0.00208	0.00571	0.00675	0.00830	0.01142
22	0.01794	0.76823	0.03516	0.01148	0.01722	0.02655	0.01148	0.02009	0.01363	0.01579	0.00933	0.01076	0.00861	0.00574	0.00431	0.00144	0.00718	0.00359	0.00287	0.00861
23	0.00959	0.00719	0.01078	0.01078	0.01198	0.00839	0.00839	0.01198	0.01078	0.01558	0.01797	0.02636	0.01677	0.05032	0.73760	0.01078	0.01797	0.00719	0.00359	0.00599
24	0.00818	0.00584	0.00779	0.00934	0.00973	0.00545	0.00623	0.00934	0.01285	0.01713	0.03698	0.75981	0.04438	0.02102	0.00856	0.00273	0.00389	0.01908	0.00623	0.00545
25	0.15865	0.02611	0.02045	0.01733	0.02147	0.47664	0.11036	0.05611	0.01784	0.02070	0.01092	0.01294	0.00876	0.00667	0.00602	0.00188	0.01058	0.00480	0.00372	0.00804
26	0.00819	0.00677	0.00718	0.00715	0.00924	0.00576	0.00534	0.01011	0.01581	0.01951	0.17181	0.08640	0.59035	0.01661	0.00795	0.00226	0.00338	0.01401	0.00642	0.00576

[dist]
# distance from previous block
# <min> <max>
0	0

# created by:
# /home/berkeley/.conda/envs/busco_data_prod/bin/msa2prfl.pl pipeline/OGs_align_augustus/4893/28531.fs
