[name]
unknown

[dist]
# distance from previous block
# <min> <max>
2	98

[block]
# block no. 0 follows, 34 sequences, length 48
# corresponding to MSA columns:
# 116-163
name=unknown_A
#
# <colnr> <probs for GDERKNQSTAVLIFYWHMCP>
#	G	D	E	R	K	N	Q	S	T	A	V	L	I	F	Y	W	H	M	C	P
0	0.06502	0.05844	0.05665	0.01610	0.06168	0.03927	0.10086	0.07703	0.13907	0.07301	0.07544	0.04283	0.04034	0.01028	0.03834	0.00246	0.08264	0.00708	0.00486	0.00859
1	0.03436	0.07897	0.09629	0.01558	0.09618	0.05990	0.03822	0.07217	0.07158	0.03791	0.06896	0.07628	0.04393	0.03424	0.00719	0.00203	0.00655	0.03551	0.00457	0.11959
2	0.01829	0.04131	0.06026	0.04146	0.03173	0.04756	0.03272	0.09709	0.14585	0.18174	0.09885	0.02535	0.06313	0.03328	0.00789	0.00216	0.03138	0.00725	0.00580	0.02690
3	0.04354	0.10006	0.04051	0.06037	0.12069	0.03876	0.01232	0.16038	0.05816	0.12382	0.05463	0.05161	0.01641	0.00974	0.03438	0.00227	0.00701	0.03149	0.00511	0.02873
4	0.08281	0.04826	0.09768	0.01547	0.06977	0.08635	0.03864	0.12934	0.06696	0.11144	0.08256	0.04261	0.01679	0.00906	0.02551	0.00218	0.02984	0.00641	0.00501	0.03331
5	0.01644	0.04491	0.05577	0.01502	0.09993	0.04260	0.01118	0.06276	0.13232	0.11862	0.07915	0.05176	0.05351	0.00915	0.00651	0.00194	0.00590	0.06255	0.00541	0.12459
6	0.01527	0.01144	0.01412	0.01025	0.01579	0.00886	0.02687	0.01817	0.01424	0.11094	0.03508	0.01564	0.01194	0.00546	0.00516	0.00115	0.00499	0.00450	0.00444	0.66568
7	0.01369	0.01112	0.01303	0.00946	0.01489	0.00847	0.00755	0.01656	0.01371	0.04307	0.03451	0.01513	0.01161	0.00524	0.00492	0.00104	0.00469	0.00423	0.03309	0.73399
8	0.01539	0.01850	0.22426	0.01498	0.07358	0.01196	0.01375	0.05245	0.05121	0.08019	0.01365	0.01501	0.01033	0.00585	0.00561	0.00154	0.00656	0.00474	0.00407	0.37637
9	0.00772	0.00622	0.00688	0.00740	0.00895	0.00538	0.00529	0.00918	0.01391	0.01712	0.05505	0.30844	0.49045	0.01772	0.00785	0.00234	0.00344	0.01529	0.00600	0.00538
10	0.01348	0.01173	0.01443	0.01030	0.01608	0.00893	0.03680	0.01645	0.01348	0.02104	0.01155	0.01357	0.00958	0.00481	0.00490	0.00101	0.00504	0.00399	0.00380	0.77903
11	0.01461	0.01492	0.01972	0.01695	0.01711	0.05402	0.01406	0.01603	0.01029	0.01556	0.00855	0.01402	0.00847	0.01109	0.02048	0.00277	0.72582	0.00558	0.00285	0.00709
12	0.00914	0.00660	0.00864	0.00813	0.00965	0.00610	0.00610	0.01219	0.01829	0.02591	0.72921	0.04827	0.06097	0.01321	0.00762	0.00203	0.00305	0.01169	0.00711	0.00610
13	0.01458	0.08348	0.56678	0.01835	0.02699	0.01553	0.09386	0.02115	0.01410	0.06818	0.01250	0.01436	0.00889	0.00615	0.00618	0.00201	0.00923	0.00509	0.00314	0.00947
14	0.00858	0.00676	0.00748	0.00748	0.00917	0.00612	0.00548	0.01079	0.03659	0.01853	0.16756	0.08138	0.42648	0.12771	0.01143	0.00282	0.00390	0.05033	0.00590	0.00551
15	0.02414	0.03079	0.01831	0.01665	0.01998	0.74698	0.01248	0.02580	0.01831	0.01581	0.00999	0.01165	0.00832	0.00666	0.00583	0.00166	0.01165	0.00416	0.00333	0.00749
16	0.01525	0.01743	0.03813	0.02723	0.03377	0.01634	0.70915	0.02070	0.01525	0.02070	0.01307	0.01743	0.00980	0.00545	0.00763	0.00218	0.01089	0.00763	0.00327	0.00871
17	0.01026	0.00897	0.05805	0.00983	0.01183	0.00756	0.00789	0.01444	0.08930	0.04313	0.29131	0.30464	0.06581	0.01491	0.00765	0.00230	0.00413	0.03512	0.00631	0.00658
18	0.01704	0.01364	0.01535	0.01130	0.01685	0.01234	0.00917	0.24308	0.01894	0.02747	0.01280	0.01409	0.01003	0.00576	0.00533	0.00128	0.00554	0.00448	0.00469	0.55080
19	0.00800	0.00574	0.00756	0.00897	0.00944	0.00537	0.00607	0.00918	0.01246	0.01653	0.03614	0.69896	0.06492	0.04054	0.00892	0.00272	0.00388	0.04341	0.00594	0.00525
20	0.02594	0.01442	0.01696	0.01306	0.01811	0.01462	0.01076	0.34561	0.05264	0.36399	0.02048	0.01882	0.01364	0.00782	0.00643	0.00195	0.00621	0.00613	0.00710	0.03531
21	0.00915	0.00677	0.00926	0.01091	0.04054	0.00654	0.00768	0.01148	0.03114	0.01885	0.12789	0.46565	0.04204	0.01787	0.00820	0.00258	0.00434	0.16721	0.00604	0.00585
22	0.00882	0.00669	0.00799	0.00824	0.00968	0.00615	0.00594	0.03873	0.01543	0.02031	0.23026	0.32412	0.26065	0.01663	0.00782	0.00230	0.00355	0.01458	0.00632	0.00578
23	0.00807	0.00651	0.00722	0.00748	0.00930	0.00566	0.00563	0.00991	0.01485	0.01846	0.13589	0.15193	0.50805	0.01662	0.00782	0.00229	0.00353	0.06911	0.00612	0.00554
24	0.01220	0.01148	0.01938	0.75739	0.04450	0.01436	0.01794	0.01651	0.01292	0.01651	0.01148	0.01723	0.00861	0.00646	0.00646	0.00215	0.00861	0.00574	0.00287	0.00718
25	0.02414	0.03079	0.01831	0.01665	0.01998	0.74698	0.01248	0.02580	0.01831	0.01581	0.00999	0.01165	0.00832	0.00666	0.00583	0.00166	0.01165	0.00416	0.00333	0.00749
26	0.00786	0.00569	0.00743	0.00882	0.00933	0.00526	0.00592	0.00902	0.01254	0.01656	0.03772	0.71891	0.09118	0.01997	0.00820	0.00259	0.00372	0.01804	0.00600	0.00526
27	0.01607	0.01388	0.01461	0.01315	0.01680	0.01607	0.01023	0.03433	0.72094	0.02703	0.02630	0.02411	0.01972	0.00877	0.00657	0.00219	0.00511	0.00731	0.00657	0.01023
28	0.00917	0.00685	0.00854	0.00807	0.00977	0.00635	0.00607	0.01254	0.04273	0.02468	0.60484	0.04949	0.15969	0.01352	0.00759	0.00206	0.00316	0.01182	0.00693	0.00615
29	0.00935	0.00645	0.00800	0.00800	0.00833	0.00678	0.00510	0.01001	0.00968	0.01323	0.01949	0.03745	0.02139	0.56578	0.23716	0.00744	0.00942	0.00869	0.00379	0.00445
30	0.01979	0.01402	0.01544	0.01312	0.01726	0.01550	0.01042	0.14164	0.48206	0.15946	0.02443	0.02235	0.01765	0.00846	0.00654	0.00212	0.00550	0.00692	0.00682	0.01049
31	0.01147	0.00735	0.00895	0.00867	0.01095	0.00656	0.00693	0.01380	0.01604	0.11843	0.19683	0.05587	0.34457	0.01484	0.00774	0.00229	0.00408	0.15166	0.00650	0.00646
32	0.01597	0.01536	0.02613	0.03817	0.68088	0.01541	0.04151	0.02045	0.04369	0.02134	0.01276	0.01637	0.01061	0.00587	0.00644	0.00194	0.00767	0.00588	0.00334	0.01019
33	0.01296	0.03342	0.73944	0.01842	0.02797	0.01501	0.02387	0.02046	0.01364	0.02046	0.01160	0.01364	0.00818	0.00614	0.00614	0.00205	0.00955	0.00477	0.00273	0.00955
34	0.00783	0.00618	0.00706	0.00762	0.00904	0.00541	0.00542	0.00935	0.01401	0.01761	0.09560	0.34264	0.41396	0.01771	0.00788	0.00235	0.00345	0.01540	0.00607	0.00541
35	0.02325	0.01579	0.01749	0.01368	0.01841	0.01705	0.01120	0.50501	0.07793	0.13756	0.07906	0.01988	0.01663	0.00833	0.00658	0.00197	0.00639	0.00653	0.00675	0.01051
36	0.01499	0.01702	0.03706	0.02660	0.03292	0.01595	0.68463	0.02029	0.01515	0.02055	0.01386	0.04363	0.01095	0.00596	0.00765	0.00219	0.01064	0.00800	0.00336	0.00859
37	0.00931	0.00659	0.00871	0.00871	0.00929	0.00717	0.00599	0.01046	0.00989	0.01376	0.01884	0.03386	0.01983	0.41186	0.38895	0.00832	0.01177	0.00816	0.00369	0.00484
38	0.00993	0.00705	0.00949	0.01070	0.01186	0.00699	0.00880	0.01222	0.01377	0.01793	0.03309	0.13343	0.05635	0.13764	0.01262	0.00344	0.00571	0.49783	0.00563	0.00555
39	0.01599	0.01535	0.02623	0.03966	0.73262	0.01535	0.01983	0.01983	0.01471	0.02111	0.01215	0.01599	0.01023	0.00576	0.00640	0.00192	0.00768	0.00576	0.00320	0.01023
40	0.01487	0.01261	0.01362	0.01267	0.01585	0.01439	0.00986	0.03033	0.59939	0.02545	0.02779	0.09604	0.02323	0.01055	0.00692	0.00229	0.00506	0.06320	0.00647	0.00943
41	0.02391	0.02907	0.01829	0.01637	0.01988	0.65570	0.01239	0.08973	0.04228	0.01849	0.01103	0.01242	0.00894	0.00683	0.00591	0.00171	0.01102	0.00442	0.00373	0.00790
42	0.00968	0.00899	0.05187	0.00922	0.01108	0.03721	0.00735	0.01250	0.01669	0.02297	0.49348	0.19336	0.07287	0.01407	0.00759	0.00214	0.00394	0.01240	0.00643	0.00616
43	0.04407	0.01474	0.01932	0.05063	0.01821	0.05358	0.01397	0.01620	0.01047	0.01610	0.00871	0.01403	0.00843	0.01067	0.01917	0.00271	0.66349	0.00551	0.00290	0.00709
44	0.01661	0.01556	0.06033	0.03822	0.01832	0.06651	0.03377	0.19049	0.21849	0.02762	0.14393	0.02665	0.04549	0.00919	0.00672	0.00203	0.00624	0.02953	0.00580	0.03849
45	0.17206	0.04975	0.01869	0.01521	0.01928	0.30009	0.08844	0.06435	0.16886	0.02267	0.01394	0.01494	0.01085	0.00687	0.00581	0.00190	0.00845	0.00517	0.00431	0.00835
46	0.09734	0.01527	0.04547	0.01584	0.02088	0.07151	0.21345	0.01998	0.07282	0.03668	0.01764	0.02220	0.05049	0.00728	0.00631	0.00185	0.00736	0.05646	0.00419	0.21696
47	0.05216	0.22031	0.06479	0.01688	0.08487	0.14588	0.07211	0.10276	0.06197	0.06774	0.01298	0.01425	0.01014	0.00639	0.00565	0.00175	0.00795	0.00495	0.00405	0.04241

[dist]
# distance from previous block
# <min> <max>
0	15

[block]
# block no. 1 follows, 34 sequences, length 100
# corresponding to MSA columns:
# 179-278
name=unknown_B
#
# <colnr> <probs for GDERKNQSTAVLIFYWHMCP>
#	G	D	E	R	K	N	Q	S	T	A	V	L	I	F	Y	W	H	M	C	P
0	0.07661	0.01641	0.01661	0.01388	0.04402	0.09196	0.01073	0.27863	0.10031	0.09021	0.01554	0.01583	0.01150	0.00693	0.00587	0.00173	0.00659	0.00527	0.00541	0.18597
1	0.02106	0.01547	0.01671	0.01343	0.01762	0.01706	0.01073	0.47106	0.15090	0.05748	0.01884	0.04000	0.01494	0.09325	0.00947	0.00248	0.00652	0.00683	0.00624	0.00992
2	0.03857	0.01347	0.09375	0.01228	0.01647	0.01156	0.01093	0.05924	0.18991	0.19674	0.07956	0.05107	0.04273	0.01024	0.00687	0.00218	0.00566	0.11075	0.00622	0.04181
3	0.01476	0.01409	0.02399	0.27375	0.50819	0.01503	0.01921	0.01875	0.01413	0.01961	0.01194	0.01639	0.00971	0.00599	0.00642	0.00200	0.00798	0.00575	0.00309	0.00924
4	0.01599	0.01535	0.02623	0.03966	0.73262	0.01535	0.01983	0.01983	0.01471	0.02111	0.01215	0.01599	0.01023	0.00576	0.00640	0.00192	0.00768	0.00576	0.00320	0.01023
5	0.01019	0.00734	0.00894	0.00929	0.01089	0.00710	0.00702	0.01368	0.08469	0.04854	0.11907	0.25998	0.18956	0.05893	0.00932	0.00266	0.00431	0.13615	0.00614	0.00617
6	0.06574	0.02034	0.14191	0.22150	0.06990	0.16525	0.03670	0.08283	0.03389	0.06388	0.01263	0.01523	0.00945	0.00674	0.00654	0.00200	0.02793	0.00527	0.00376	0.00851
7	0.00923	0.00619	0.00710	0.00726	0.00731	0.00615	0.00415	0.00935	0.00973	0.01297	0.02205	0.12295	0.02563	0.68934	0.03015	0.00586	0.00598	0.01039	0.00415	0.00406
8	0.00792	0.00566	0.00754	0.00897	0.00938	0.00528	0.00600	0.00911	0.01257	0.01682	0.05934	0.74407	0.04336	0.02000	0.00823	0.00260	0.00372	0.01814	0.00604	0.00528
9	0.01678	0.01889	0.02993	0.07070	0.17589	0.14899	0.36001	0.02091	0.01526	0.01936	0.01197	0.01589	0.00948	0.00612	0.00773	0.00207	0.05181	0.00639	0.00322	0.00862
10	0.00830	0.00593	0.00798	0.00948	0.01004	0.00561	0.00673	0.00973	0.01279	0.01697	0.03538	0.65287	0.04181	0.01984	0.00836	0.00268	0.00412	0.13004	0.00599	0.00536
11	0.00798	0.00653	0.00704	0.00698	0.00895	0.00559	0.00521	0.00991	0.01543	0.01928	0.21062	0.08306	0.55937	0.01580	0.00765	0.00216	0.00324	0.01337	0.00625	0.00559
12	0.00780	0.00645	0.00684	0.00696	0.00888	0.00549	0.00514	0.00951	0.01479	0.01813	0.12327	0.13936	0.59206	0.01650	0.00770	0.00222	0.00330	0.01398	0.00610	0.00549
13	0.00936	0.00641	0.00779	0.00779	0.00805	0.00667	0.00485	0.00988	0.00962	0.01308	0.01968	0.03850	0.02185	0.61081	0.19275	0.00719	0.00874	0.00884	0.00381	0.00433
14	0.00801	0.00576	0.00761	0.00895	0.00948	0.00537	0.00609	0.00931	0.01286	0.01714	0.07567	0.68398	0.06689	0.01965	0.00821	0.00259	0.00376	0.03728	0.00606	0.00532
15	0.01220	0.01148	0.01938	0.75739	0.04450	0.01436	0.01794	0.01651	0.01292	0.01651	0.01148	0.01723	0.00861	0.00646	0.00646	0.00215	0.00861	0.00574	0.00287	0.00718
16	0.02329	0.02902	0.01792	0.01628	0.01964	0.67024	0.01225	0.02670	0.09209	0.01699	0.01170	0.01296	0.00952	0.00688	0.00590	0.00172	0.01097	0.00449	0.00367	0.00778
17	0.01525	0.01743	0.03813	0.02723	0.03377	0.01634	0.70915	0.02070	0.01525	0.02070	0.01307	0.01743	0.00980	0.00545	0.00763	0.00218	0.01089	0.00763	0.00327	0.00871
18	0.00939	0.00631	0.00726	0.00726	0.00734	0.00638	0.00418	0.00953	0.00946	0.01269	0.02016	0.04120	0.02302	0.72643	0.07874	0.00653	0.00697	0.00924	0.00389	0.00403
19	0.00787	0.00562	0.00750	0.00900	0.00937	0.00525	0.00600	0.00900	0.01237	0.01649	0.03561	0.76871	0.04274	0.02024	0.00825	0.00262	0.00375	0.01837	0.00600	0.00525
20	0.01529	0.01463	0.02495	0.17351	0.60429	0.01517	0.01948	0.01921	0.01438	0.02025	0.01203	0.01622	0.00993	0.00589	0.00641	0.00196	0.00785	0.00575	0.00314	0.00966
21	0.00796	0.00589	0.00746	0.00859	0.00938	0.00539	0.00593	0.00931	0.01313	0.01717	0.07189	0.58814	0.16862	0.01915	0.00813	0.00253	0.00369	0.03625	0.00605	0.00534
22	0.00923	0.00692	0.01038	0.01038	0.01154	0.00808	0.00808	0.01154	0.01038	0.01500	0.01731	0.02538	0.01615	0.04846	0.74732	0.01038	0.01731	0.00692	0.00346	0.00577
23	0.00914	0.00660	0.00864	0.00813	0.00965	0.00610	0.00610	0.01219	0.01829	0.02591	0.72921	0.04827	0.06097	0.01321	0.00762	0.00203	0.00305	0.01169	0.00711	0.00610
24	0.00787	0.00562	0.00750	0.00900	0.00937	0.00525	0.00600	0.00900	0.01237	0.01649	0.03561	0.76871	0.04274	0.02024	0.00825	0.00262	0.00375	0.01837	0.00600	0.00525
25	0.00842	0.00655	0.00765	0.00744	0.00922	0.00578	0.00556	0.01077	0.01648	0.02177	0.40574	0.07817	0.36351	0.01487	0.00765	0.00212	0.00317	0.01279	0.00657	0.00578
26	0.01599	0.01535	0.02623	0.03966	0.73262	0.01535	0.01983	0.01983	0.01471	0.02111	0.01215	0.01599	0.01023	0.00576	0.00640	0.00192	0.00768	0.00576	0.00320	0.01023
27	0.01122	0.00561	0.00842	0.00842	0.00842	0.00561	0.00561	0.00842	0.00842	0.01122	0.01122	0.01964	0.01122	0.02245	0.02525	0.81201	0.00561	0.00561	0.00281	0.00281
28	0.01713	0.00857	0.00969	0.00850	0.01124	0.00852	0.00667	0.04688	0.09473	0.20075	0.02255	0.02326	0.01657	0.00779	0.00531	0.00172	0.00401	0.00628	0.49194	0.00790
29	0.01364	0.01295	0.02197	0.48600	0.30470	0.01473	0.01866	0.01776	0.01360	0.01825	0.01174	0.01676	0.00923	0.00619	0.00644	0.00206	0.00826	0.00575	0.00299	0.00833
30	0.01607	0.01388	0.01461	0.01315	0.01680	0.01607	0.01023	0.03433	0.72094	0.02703	0.02630	0.02411	0.01972	0.00877	0.00657	0.00219	0.00511	0.00731	0.00657	0.01023
31	0.00767	0.00640	0.00670	0.00694	0.00883	0.00542	0.00508	0.00923	0.01435	0.01730	0.06070	0.17471	0.62053	0.01698	0.00773	0.00225	0.00335	0.01439	0.00600	0.00542
32	0.01567	0.01502	0.02564	0.10099	0.67382	0.01527	0.01967	0.01955	0.01456	0.02072	0.01210	0.01610	0.01010	0.00582	0.00640	0.00194	0.00776	0.00576	0.00317	0.00997
33	0.03998	0.04320	0.04917	0.04045	0.02471	0.35124	0.24627	0.04017	0.01655	0.01892	0.01162	0.01442	0.00920	0.00636	0.00672	0.00189	0.02939	0.00551	0.03623	0.00799
34	0.02414	0.03079	0.01831	0.01665	0.01998	0.74698	0.01248	0.02580	0.01831	0.01581	0.00999	0.01165	0.00832	0.00666	0.00583	0.00166	0.01165	0.00416	0.00333	0.00749
35	0.02414	0.03079	0.01831	0.01665	0.01998	0.74698	0.01248	0.02580	0.01831	0.01581	0.00999	0.01165	0.00832	0.00666	0.00583	0.00166	0.01165	0.00416	0.00333	0.00749
36	0.00940	0.00626	0.00705	0.00705	0.00705	0.00626	0.00392	0.00940	0.00940	0.01253	0.02036	0.04228	0.02349	0.77292	0.03289	0.00626	0.00626	0.00940	0.00392	0.00392
37	0.01749	0.01918	0.01934	0.01678	0.01797	0.23280	0.01358	0.04695	0.01320	0.01665	0.00921	0.01346	0.00854	0.00980	0.01610	0.00245	0.51080	0.00522	0.00312	0.00735
38	0.01489	0.01170	0.01257	0.01127	0.01437	0.03256	0.00886	0.09552	0.30197	0.06432	0.16555	0.03636	0.13800	0.01116	0.00705	0.00216	0.00490	0.05178	0.00652	0.00847
39	0.00927	0.00665	0.00908	0.01053	0.01157	0.00646	0.00840	0.01143	0.01382	0.01809	0.03568	0.36451	0.05908	0.01881	0.00860	0.00281	0.00495	0.38864	0.00597	0.00564
40	0.00764	0.00655	0.00655	0.00655	0.00873	0.00545	0.00491	0.00927	0.01473	0.01745	0.06546	0.06218	0.73000	0.01636	0.00764	0.00218	0.00327	0.01364	0.00600	0.00545
41	0.01727	0.77681	0.03386	0.01106	0.01658	0.02557	0.01106	0.01935	0.01313	0.01520	0.00898	0.01036	0.00829	0.00553	0.00415	0.00138	0.00691	0.00345	0.00276	0.00829
42	0.00791	0.00566	0.00753	0.00897	0.00938	0.00528	0.00600	0.00910	0.01256	0.01680	0.05833	0.74511	0.04333	0.02001	0.00823	0.00260	0.00373	0.01815	0.00603	0.00528
43	0.00787	0.00562	0.00750	0.00900	0.00937	0.00525	0.00600	0.00900	0.01237	0.01649	0.03561	0.76871	0.04274	0.02024	0.00825	0.00262	0.00375	0.01837	0.00600	0.00525
44	0.02383	0.06401	0.01900	0.01640	0.01982	0.71486	0.01242	0.02551	0.01808	0.01579	0.00994	0.01159	0.00832	0.00661	0.00575	0.00165	0.01144	0.00413	0.00330	0.00753
45	0.01122	0.00561	0.00842	0.00842	0.00842	0.00561	0.00561	0.00842	0.00842	0.01122	0.01122	0.01964	0.01122	0.02245	0.02525	0.81201	0.00561	0.00561	0.00281	0.00281
46	0.00940	0.00626	0.00705	0.00705	0.00705	0.00626	0.00392	0.00940	0.00940	0.01253	0.02036	0.04228	0.02349	0.77292	0.03289	0.00626	0.00626	0.00940	0.00392	0.00392
47	0.01220	0.01148	0.01938	0.75739	0.04450	0.01436	0.01794	0.01651	0.01292	0.01651	0.01148	0.01723	0.00861	0.00646	0.00646	0.00215	0.00861	0.00574	0.00287	0.00718
48	0.22510	0.01379	0.01237	0.01115	0.01448	0.09022	0.00877	0.10156	0.18995	0.02591	0.06772	0.06172	0.10418	0.00982	0.00618	0.00210	0.00562	0.03596	0.00546	0.00794
49	0.01928	0.01423	0.01550	0.01323	0.01733	0.01589	0.01049	0.15215	0.50643	0.12434	0.02431	0.02232	0.01770	0.00849	0.00654	0.00212	0.00551	0.00694	0.00675	0.01046
50	0.02386	0.03022	0.01818	0.01653	0.01987	0.72210	0.01241	0.02609	0.04223	0.01620	0.01054	0.01208	0.00871	0.00673	0.00585	0.00168	0.01143	0.00427	0.00344	0.00758
51	0.01253	0.00796	0.01058	0.01093	0.01296	0.00774	0.00915	0.01611	0.05379	0.10858	0.12981	0.09549	0.07834	0.01555	0.00821	0.00262	0.00518	0.40131	0.00640	0.00676
52	0.04999	0.01497	0.01724	0.01414	0.01811	0.09070	0.10741	0.14541	0.19329	0.06789	0.06236	0.04750	0.12372	0.00943	0.00677	0.00207	0.00656	0.00803	0.00566	0.00871
53	0.00914	0.00660	0.00864	0.00813	0.00965	0.00610	0.00610	0.01219	0.01829	0.02591	0.72921	0.04827	0.06097	0.01321	0.00762	0.00203	0.00305	0.01169	0.00711	0.00610
54	0.02387	0.03029	0.01857	0.01741	0.04349	0.72284	0.01273	0.02560	0.01819	0.01599	0.01006	0.01180	0.00839	0.00663	0.00584	0.00167	0.01152	0.00421	0.00332	0.00758
55	0.05122	0.02904	0.01811	0.01621	0.01973	0.65712	0.01228	0.08677	0.01914	0.01849	0.01045	0.01196	0.00852	0.00673	0.00582	0.00170	0.01102	0.00429	0.00363	0.00779
56	0.01204	0.00602	0.00602	0.00602	0.00753	0.00602	0.00452	0.01506	0.01355	0.02409	0.02108	0.02409	0.01656	0.00753	0.00452	0.00151	0.00301	0.00602	0.80879	0.00602
57	0.00860	0.00725	0.00755	0.00757	0.00970	0.00661	0.00563	0.01202	0.09287	0.01840	0.05754	0.14233	0.56905	0.01598	0.00759	0.00224	0.00353	0.01350	0.00606	0.00596
58	0.01061	0.00578	0.00836	0.00863	0.00888	0.00568	0.00595	0.00886	0.00960	0.01267	0.01808	0.11453	0.04872	0.02161	0.02135	0.62547	0.00531	0.05297	0.00354	0.00342
59	0.02763	0.01118	0.01490	0.01159	0.01636	0.00996	0.00950	0.07444	0.01895	0.65514	0.02536	0.05967	0.01703	0.00861	0.00658	0.00203	0.00551	0.00706	0.00780	0.01070
60	0.00798	0.00573	0.00760	0.00905	0.00953	0.00535	0.00616	0.00920	0.01255	0.01665	0.03644	0.71655	0.06309	0.02002	0.00826	0.00263	0.00383	0.04809	0.00600	0.00529
61	0.01574	0.01509	0.02577	0.08760	0.68665	0.01529	0.01970	0.01961	0.01459	0.02080	0.01211	0.01607	0.01013	0.00580	0.00640	0.00193	0.00774	0.00576	0.00318	0.01003
62	0.11374	0.11008	0.02098	0.01492	0.01962	0.21210	0.08847	0.16500	0.01902	0.15533	0.01408	0.01470	0.01029	0.00678	0.00587	0.00184	0.00818	0.00515	0.00483	0.00903
63	0.02068	0.01979	0.01651	0.01414	0.01798	0.25296	0.01117	0.28813	0.10677	0.02714	0.02167	0.02388	0.09258	0.00908	0.00655	0.00197	0.00785	0.04692	0.00538	0.00885
64	0.00999	0.00727	0.00900	0.00948	0.01064	0.00712	0.00670	0.09321	0.01530	0.02048	0.11144	0.56304	0.07603	0.01778	0.00793	0.00245	0.00405	0.01589	0.00618	0.00604
65	0.12850	0.07274	0.06650	0.01239	0.01670	0.07624	0.01058	0.02741	0.30484	0.13537	0.04979	0.02106	0.03474	0.00804	0.00600	0.00201	0.00602	0.00627	0.00562	0.00919
66	0.12703	0.01658	0.01662	0.01337	0.01801	0.07371	0.01086	0.35976	0.11938	0.15379	0.01741	0.01684	0.01231	0.00762	0.00612	0.00197	0.00664	0.00571	0.00618	0.01010
67	0.01060	0.00766	0.01055	0.01194	0.01350	0.00773	0.01041	0.01410	0.03880	0.01960	0.03394	0.07123	0.03659	0.01754	0.00884	0.00295	0.00592	0.66602	0.00597	0.00609
68	0.02323	0.01336	0.01511	0.01250	0.01682	0.05006	0.01000	0.07363	0.27459	0.38071	0.02463	0.04078	0.01733	0.00850	0.00653	0.00206	0.00573	0.00693	0.00710	0.01039
69	0.20695	0.05703	0.01691	0.01454	0.01811	0.54871	0.01116	0.02397	0.01641	0.01883	0.00972	0.01133	0.00802	0.00646	0.00534	0.00173	0.00992	0.00398	0.00346	0.00741
70	0.02899	0.01100	0.01499	0.01150	0.01649	0.00950	0.00950	0.03149	0.01849	0.73709	0.02549	0.02199	0.01599	0.00800	0.00650	0.00200	0.00550	0.00650	0.00800	0.01100
71	0.01599	0.01535	0.02623	0.03966	0.73262	0.01535	0.01983	0.01983	0.01471	0.02111	0.01215	0.01599	0.01023	0.00576	0.00640	0.00192	0.00768	0.00576	0.00320	0.01023
72	0.00787	0.00562	0.00750	0.00900	0.00937	0.00525	0.00600	0.00900	0.01237	0.01649	0.03561	0.76871	0.04274	0.02024	0.00825	0.00262	0.00375	0.01837	0.00600	0.00525
73	0.01340	0.01148	0.01340	0.00957	0.01531	0.00861	0.00766	0.01627	0.01340	0.02105	0.01148	0.01340	0.00957	0.00479	0.00479	0.00096	0.00479	0.00383	0.00383	0.81242
74	0.02390	0.05631	0.01884	0.01645	0.01986	0.72231	0.01244	0.02558	0.01813	0.01579	0.00995	0.01161	0.00832	0.00662	0.00577	0.00165	0.01149	0.00414	0.00331	0.00752
75	0.01452	0.00926	0.01162	0.00931	0.01306	0.00768	0.00733	0.01740	0.01651	0.16037	0.32815	0.03030	0.03329	0.00909	0.00635	0.00163	0.00416	0.00778	0.00606	0.30612
76	0.01727	0.77681	0.03386	0.01106	0.01658	0.02557	0.01106	0.01935	0.01313	0.01520	0.00898	0.01036	0.00829	0.00553	0.00415	0.00138	0.00691	0.00345	0.00276	0.00829
77	0.00787	0.00562	0.00750	0.00900	0.00937	0.00525	0.00600	0.00900	0.01237	0.01649	0.03561	0.76871	0.04274	0.02024	0.00825	0.00262	0.00375	0.01837	0.00600	0.00525
78	0.01129	0.00755	0.00903	0.00825	0.01052	0.00688	0.00632	0.03340	0.03552	0.09705	0.39050	0.04878	0.28337	0.01348	0.00745	0.00208	0.00355	0.01154	0.00679	0.00663
79	0.01660	0.01414	0.01491	0.01326	0.01700	0.01632	0.01035	0.07639	0.67803	0.02788	0.02563	0.02357	0.01918	0.00870	0.00657	0.00218	0.00524	0.00721	0.00657	0.01027
80	0.02827	0.01215	0.01571	0.01204	0.01707	0.01121	0.00995	0.14163	0.02042	0.62423	0.02387	0.02094	0.01518	0.00796	0.00649	0.00199	0.00576	0.00639	0.00775	0.01099
81	0.00787	0.00562	0.00750	0.00900	0.00937	0.00525	0.00600	0.00900	0.01237	0.01649	0.03561	0.76871	0.04274	0.02024	0.00825	0.00262	0.00375	0.01837	0.00600	0.00525
82	0.01296	0.03342	0.73944	0.01842	0.02797	0.01501	0.02387	0.02046	0.01364	0.02046	0.01160	0.01364	0.00818	0.00614	0.00614	0.00205	0.00955	0.00477	0.00273	0.00955
83	0.00914	0.00660	0.00864	0.00813	0.00965	0.00610	0.00610	0.01219	0.01829	0.02591	0.72921	0.04827	0.06097	0.01321	0.00762	0.00203	0.00305	0.01169	0.00711	0.00610
84	0.00787	0.00562	0.00750	0.00900	0.00937	0.00525	0.00600	0.00900	0.01237	0.01649	0.03561	0.76871	0.04274	0.02024	0.00825	0.00262	0.00375	0.01837	0.00600	0.00525
85	0.02047	0.01523	0.01685	0.01401	0.01819	0.01675	0.01165	0.48416	0.09427	0.03446	0.02088	0.02957	0.01788	0.01018	0.00704	0.00220	0.00665	0.16345	0.00636	0.00975
86	0.00787	0.00562	0.00750	0.00900	0.00937	0.00525	0.00600	0.00900	0.01237	0.01649	0.03561	0.76871	0.04274	0.02024	0.00825	0.00262	0.00375	0.01837	0.00600	0.00525
87	0.81856	0.01250	0.00950	0.00850	0.01250	0.01449	0.00700	0.01899	0.01100	0.02899	0.00900	0.01050	0.00700	0.00600	0.00400	0.00200	0.00500	0.00350	0.00400	0.00700
88	0.01240	0.01168	0.01973	0.72077	0.07961	0.01441	0.01804	0.01668	0.01301	0.01674	0.01152	0.01716	0.00870	0.00642	0.00646	0.00214	0.00857	0.00574	0.00289	0.00733
89	0.01388	0.01192	0.01362	0.01022	0.01558	0.00996	0.00812	0.01953	0.14093	0.02213	0.01415	0.01533	0.01140	0.00550	0.00511	0.00118	0.00484	0.00445	0.00432	0.66783
90	0.02355	0.09486	0.01965	0.01617	0.01968	0.68503	0.01236	0.02525	0.01787	0.01576	0.00990	0.01154	0.00832	0.00656	0.00568	0.00164	0.01124	0.00410	0.00328	0.00756
91	0.00795	0.00566	0.00747	0.00890	0.00925	0.00530	0.00589	0.00902	0.01222	0.01629	0.03483	0.73164	0.04175	0.05865	0.00950	0.00281	0.00388	0.01791	0.00589	0.00518
92	0.01449	0.01231	0.01486	0.01071	0.01643	0.00995	0.03389	0.08025	0.01503	0.02285	0.01191	0.01374	0.00971	0.00508	0.00504	0.00109	0.00522	0.00415	0.00405	0.70924
93	0.01748	0.01480	0.01546	0.03235	0.01792	0.04139	0.01077	0.15912	0.50917	0.02869	0.04394	0.02397	0.01910	0.00883	0.00662	0.00214	0.00577	0.02617	0.00635	0.00996
94	0.01410	0.01416	0.01854	0.01609	0.01635	0.05552	0.01322	0.01555	0.01034	0.01541	0.00966	0.01589	0.00960	0.04188	0.07533	0.00346	0.63928	0.00581	0.00294	0.00688
95	0.18360	0.08986	0.01876	0.01527	0.04444	0.37078	0.04965	0.07481	0.01650	0.02063	0.01093	0.01373	0.00923	0.04780	0.00694	0.00201	0.00905	0.00462	0.00368	0.00770
96	0.00943	0.00658	0.00757	0.00774	0.00810	0.00662	0.00472	0.01066	0.04640	0.01415	0.02467	0.15716	0.05216	0.56722	0.04561	0.00544	0.00599	0.01081	0.00445	0.00455
97	0.01589	0.01599	0.02051	0.11483	0.32913	0.13468	0.03358	0.03756	0.06793	0.02045	0.05816	0.09040	0.01661	0.00810	0.00661	0.00201	0.00767	0.00723	0.00402	0.00866
98	0.00873	0.00685	0.00986	0.01087	0.03739	0.00638	0.04250	0.01045	0.01335	0.01768	0.07616	0.53998	0.12229	0.01797	0.00808	0.00251	0.00428	0.05314	0.00582	0.00572
99	0.06784	0.01931	0.01786	0.01454	0.01907	0.14619	0.01168	0.44095	0.14074	0.03345	0.01595	0.01597	0.01173	0.00763	0.00623	0.00194	0.00746	0.00564	0.00579	0.01003

[dist]
# distance from previous block
# <min> <max>
4	19

[block]
# block no. 2 follows, 34 sequences, length 34
# corresponding to MSA columns:
# 298-331
name=unknown_C
#
# <colnr> <probs for GDERKNQSTAVLIFYWHMCP>
#	G	D	E	R	K	N	Q	S	T	A	V	L	I	F	Y	W	H	M	C	P
0	0.03994	0.06125	0.01652	0.01493	0.06308	0.08973	0.05849	0.05347	0.07101	0.07812	0.06053	0.05962	0.02449	0.02893	0.00785	0.00241	0.00679	0.24984	0.00530	0.00769
1	0.01616	0.01340	0.06467	0.01242	0.03479	0.05002	0.00992	0.16604	0.06254	0.10591	0.06920	0.20298	0.08431	0.03472	0.00774	0.00223	0.00573	0.00987	0.00583	0.04151
2	0.01493	0.01490	0.06937	0.09483	0.35435	0.01415	0.01584	0.06232	0.11705	0.02279	0.06665	0.04148	0.03471	0.00757	0.00652	0.00198	0.00682	0.00681	0.00427	0.04265
3	0.00820	0.00657	0.00732	0.00713	0.00907	0.00569	0.00535	0.01036	0.01605	0.02060	0.31206	0.05701	0.48143	0.01519	0.00763	0.00213	0.00319	0.01291	0.00641	0.00569
4	0.01340	0.01148	0.01340	0.00957	0.01531	0.00861	0.00766	0.01627	0.01340	0.02105	0.01148	0.01340	0.00957	0.00479	0.00479	0.00096	0.00479	0.00383	0.00383	0.81242
5	0.01716	0.01431	0.03702	0.01290	0.04621	0.04872	0.01005	0.16583	0.10340	0.07617	0.01976	0.05675	0.05951	0.00782	0.00599	0.00166	0.00582	0.00634	0.00518	0.29940
6	0.08934	0.10211	0.06875	0.05094	0.45081	0.05161	0.01712	0.05747	0.01510	0.02180	0.01154	0.01452	0.00950	0.00595	0.00589	0.00187	0.00765	0.00516	0.00337	0.00950
7	0.00804	0.00575	0.00765	0.00888	0.00941	0.00536	0.00601	0.00941	0.01314	0.01772	0.12600	0.67482	0.04511	0.01933	0.00817	0.00255	0.00366	0.01750	0.00614	0.00536
8	0.00864	0.00669	0.00716	0.00701	0.00916	0.00568	0.00527	0.01047	0.01524	0.04558	0.14681	0.08272	0.59543	0.01578	0.00761	0.00217	0.00334	0.01328	0.00622	0.00574
9	0.00796	0.00574	0.00757	0.00900	0.00950	0.00535	0.00612	0.00919	0.01258	0.01666	0.03698	0.70675	0.07538	0.01996	0.00825	0.00262	0.00382	0.04529	0.00600	0.00529
10	0.01587	0.01585	0.02671	0.14200	0.37489	0.04361	0.16549	0.05253	0.01515	0.02072	0.01210	0.01618	0.00975	0.00627	0.00755	0.00206	0.05468	0.00609	0.00330	0.00919
11	0.01336	0.01246	0.02038	0.45249	0.24058	0.01423	0.01724	0.01837	0.06008	0.01913	0.05816	0.01929	0.01313	0.00683	0.00652	0.00208	0.00776	0.00623	0.00348	0.00820
12	0.00794	0.00570	0.00743	0.00879	0.00922	0.00531	0.00584	0.00903	0.01231	0.01632	0.03604	0.70099	0.07021	0.05989	0.00952	0.00280	0.00386	0.01770	0.00589	0.00519
13	0.01436	0.01413	0.02248	0.31583	0.30655	0.04988	0.05347	0.01812	0.01366	0.01833	0.01189	0.01675	0.00971	0.00881	0.04891	0.00254	0.05730	0.00583	0.00307	0.00837
14	0.01754	0.74763	0.03325	0.01127	0.01672	0.05379	0.01111	0.01960	0.01333	0.01523	0.00902	0.01042	0.00829	0.00557	0.00421	0.00139	0.00710	0.00348	0.00279	0.00826
15	0.00836	0.00597	0.00806	0.00956	0.01015	0.00567	0.00685	0.00985	0.01286	0.01704	0.03534	0.63395	0.04166	0.01978	0.00838	0.00269	0.00417	0.14827	0.00599	0.00538
16	0.02414	0.03079	0.01831	0.01665	0.01998	0.74698	0.01248	0.02580	0.01831	0.01581	0.00999	0.01165	0.00832	0.00666	0.00583	0.00166	0.01165	0.00416	0.00333	0.00749
17	0.01003	0.00804	0.00914	0.00945	0.01110	0.00819	0.00679	0.01577	0.19994	0.01937	0.03970	0.38118	0.19838	0.04116	0.00848	0.00253	0.00408	0.01403	0.00608	0.00657
18	0.03816	0.01008	0.01037	0.00943	0.01210	0.05012	0.00731	0.06448	0.09413	0.11071	0.11049	0.07965	0.17761	0.01125	0.00655	0.00201	0.00455	0.02799	0.16564	0.00737
19	0.00937	0.00752	0.00860	0.00881	0.01017	0.04128	0.00648	0.01161	0.01589	0.02118	0.36356	0.25897	0.13968	0.01564	0.00780	0.00226	0.00387	0.05509	0.00639	0.00582
20	0.02311	0.01702	0.01859	0.04241	0.02028	0.01886	0.01216	0.63394	0.02854	0.03840	0.01630	0.01818	0.01214	0.00811	0.00650	0.00197	0.00699	0.03348	0.03253	0.01048
21	0.00832	0.00672	0.00743	0.00746	0.00932	0.00597	0.00551	0.01083	0.04196	0.01957	0.20694	0.14746	0.46783	0.01587	0.00767	0.00221	0.00335	0.01357	0.00627	0.00575
22	0.01599	0.01535	0.02623	0.03966	0.73262	0.01535	0.01983	0.01983	0.01471	0.02111	0.01215	0.01599	0.01023	0.00576	0.00640	0.00192	0.00768	0.00576	0.00320	0.01023
23	0.00824	0.00664	0.00742	0.00772	0.00961	0.00582	0.00598	0.01019	0.01492	0.01845	0.11756	0.10833	0.51301	0.01658	0.00788	0.00233	0.00372	0.12393	0.00609	0.00558
24	0.02607	0.01446	0.01701	0.01314	0.01808	0.01475	0.01081	0.37807	0.02438	0.35880	0.02071	0.04192	0.01427	0.00826	0.00653	0.00199	0.00627	0.00652	0.00715	0.01081
25	0.00962	0.00655	0.00865	0.00965	0.01053	0.00630	0.00694	0.03872	0.01368	0.03813	0.05517	0.57878	0.03960	0.01892	0.00870	0.02631	0.00426	0.10781	0.00601	0.00569
26	0.01038	0.00732	0.00981	0.01076	0.01244	0.00708	0.00918	0.01317	0.01529	0.03862	0.10764	0.06759	0.13633	0.01692	0.00855	0.00274	0.00527	0.50874	0.00613	0.00603
27	0.01705	0.36762	0.26928	0.01458	0.02106	0.13506	0.01563	0.03923	0.03355	0.01806	0.01066	0.01218	0.00864	0.00606	0.00521	0.00169	0.00851	0.00418	0.00304	0.00871
28	0.00824	0.00625	0.00749	0.00792	0.00918	0.00563	0.00564	0.00998	0.01448	0.01892	0.21164	0.29986	0.27746	0.05987	0.00930	0.00255	0.00361	0.03036	0.00615	0.00546
29	0.01340	0.01148	0.01340	0.00957	0.01531	0.00861	0.00766	0.01627	0.01340	0.02105	0.01148	0.01340	0.00957	0.00479	0.00479	0.00096	0.00479	0.00383	0.00383	0.81242
30	0.01768	0.14087	0.13189	0.03832	0.14656	0.01565	0.01408	0.10616	0.05736	0.10393	0.01416	0.01537	0.01073	0.00629	0.00573	0.00171	0.00687	0.00506	0.00430	0.15728
31	0.01548	0.01871	0.12266	0.02371	0.03047	0.01534	0.51978	0.03771	0.01536	0.04498	0.01322	0.01670	0.00981	0.00562	0.00712	0.00204	0.00990	0.00684	0.00349	0.08105
32	0.00926	0.00630	0.00753	0.00797	0.00822	0.00623	0.00506	0.00981	0.01057	0.01404	0.02467	0.17121	0.02847	0.55175	0.02574	0.00524	0.00579	0.09325	0.00452	0.00439
33	0.04193	0.03737	0.04456	0.11732	0.10071	0.23864	0.05976	0.07085	0.01567	0.03841	0.01113	0.01431	0.00905	0.00747	0.00925	0.00208	0.16462	0.00524	0.00349	0.00816

[dist]
# distance from previous block
# <min> <max>
0	1

[block]
# block no. 3 follows, 34 sequences, length 41
# corresponding to MSA columns:
# 333-373
name=unknown_D
#
# <colnr> <probs for GDERKNQSTAVLIFYWHMCP>
#	G	D	E	R	K	N	Q	S	T	A	V	L	I	F	Y	W	H	M	C	P
0	0.02032	0.13553	0.02170	0.01639	0.03871	0.37018	0.06823	0.07064	0.06863	0.01920	0.01219	0.01403	0.00994	0.00696	0.00681	0.00180	0.06047	0.00492	0.04523	0.00812
1	0.00923	0.00692	0.01038	0.01038	0.01154	0.00808	0.00808	0.01154	0.01038	0.01500	0.01731	0.02538	0.01615	0.04846	0.74732	0.01038	0.01731	0.00692	0.00346	0.00577
2	0.01631	0.01614	0.07481	0.12562	0.02240	0.07134	0.05247	0.18847	0.10786	0.02416	0.03448	0.02136	0.04486	0.04478	0.07910	0.00306	0.05315	0.00662	0.00460	0.00842
3	0.00824	0.00653	0.00706	0.00693	0.00884	0.00567	0.00514	0.01021	0.01533	0.01957	0.22419	0.05653	0.51051	0.04654	0.00856	0.00229	0.00333	0.01270	0.03626	0.00557
4	0.01728	0.01531	0.02380	0.12510	0.53480	0.05601	0.01815	0.02092	0.01507	0.09188	0.01328	0.01650	0.01050	0.00612	0.00638	0.00194	0.00780	0.00574	0.00365	0.00977
5	0.02075	0.39889	0.02598	0.01389	0.01830	0.39102	0.01178	0.02262	0.01575	0.01551	0.00949	0.01102	0.00831	0.00610	0.00500	0.00153	0.00931	0.00381	0.00305	0.00789
6	0.81856	0.01250	0.00950	0.00850	0.01250	0.01449	0.00700	0.01899	0.01100	0.02899	0.00900	0.01050	0.00700	0.00600	0.00400	0.00200	0.00500	0.00350	0.00400	0.00700
7	0.01240	0.01169	0.01974	0.71954	0.08079	0.01441	0.01804	0.01668	0.01301	0.01675	0.01152	0.01716	0.00870	0.00642	0.00646	0.00214	0.00856	0.00574	0.00289	0.00734
8	0.00810	0.00646	0.00725	0.00727	0.00907	0.00562	0.00537	0.01008	0.01549	0.01978	0.25277	0.13692	0.46126	0.01589	0.00770	0.00219	0.00326	0.01360	0.00632	0.00562
9	0.01049	0.00820	0.01081	0.01041	0.01204	0.00927	0.00805	0.03290	0.10360	0.01798	0.06207	0.02995	0.08401	0.06365	0.48083	0.00757	0.02947	0.00788	0.00438	0.00643
10	0.00824	0.00642	0.00681	0.00686	0.00826	0.00572	0.00468	0.00939	0.01307	0.01613	0.07045	0.08586	0.45894	0.25310	0.01556	0.00347	0.00422	0.01245	0.00538	0.00498
11	0.01453	0.01222	0.01469	0.07920	0.06689	0.01376	0.01062	0.07164	0.36601	0.02506	0.14769	0.02770	0.02481	0.06446	0.00905	0.00244	0.02687	0.00785	0.00581	0.00873
12	0.01002	0.00680	0.00892	0.00828	0.00995	0.00625	0.00625	0.01304	0.01830	0.05711	0.69834	0.04711	0.05899	0.01298	0.00757	0.00203	0.00316	0.01146	0.00715	0.00631
13	0.01582	0.05840	0.19391	0.01740	0.10884	0.03351	0.05758	0.04090	0.08949	0.08497	0.01579	0.04546	0.01284	0.04454	0.00739	0.00203	0.00718	0.00601	0.00420	0.15373
14	0.08516	0.24292	0.09150	0.01405	0.01893	0.31401	0.01247	0.07731	0.01650	0.01941	0.01029	0.01177	0.00847	0.00622	0.00522	0.00163	0.00884	0.00408	0.00344	0.04777
15	0.01319	0.03199	0.68058	0.01979	0.06452	0.01507	0.04521	0.02044	0.01375	0.02050	0.01167	0.01388	0.00834	0.00610	0.00620	0.00204	0.00949	0.00491	0.00277	0.00956
16	0.00938	0.00632	0.00731	0.00731	0.00740	0.00641	0.00424	0.00957	0.00947	0.01272	0.02012	0.04095	0.02291	0.71583	0.08919	0.00659	0.00713	0.00920	0.00388	0.00406
17	0.01306	0.03274	0.70934	0.01879	0.02821	0.01506	0.05329	0.02047	0.01371	0.02047	0.01166	0.01380	0.00825	0.00611	0.00620	0.00205	0.00961	0.00490	0.00275	0.00951
18	0.00786	0.00642	0.00695	0.00710	0.00894	0.00551	0.00522	0.00960	0.01484	0.01839	0.14555	0.16304	0.54506	0.01653	0.00772	0.00223	0.00331	0.01408	0.00614	0.00551
19	0.01572	0.01749	0.06113	0.02485	0.03113	0.01605	0.59310	0.07405	0.01628	0.02242	0.01362	0.01748	0.01018	0.00576	0.00732	0.00212	0.01014	0.00730	0.04507	0.00878
20	0.00787	0.00562	0.00750	0.00900	0.00937	0.00525	0.00600	0.00900	0.01237	0.01649	0.03561	0.76871	0.04274	0.02024	0.00825	0.00262	0.00375	0.01837	0.00600	0.00525
21	0.02572	0.01625	0.01824	0.01399	0.01911	0.01729	0.01156	0.53390	0.02728	0.22227	0.01811	0.01720	0.01229	0.00782	0.00647	0.00195	0.00669	0.00599	0.00686	0.01099
22	0.01607	0.01388	0.01461	0.01315	0.01680	0.01607	0.01023	0.03433	0.72094	0.02703	0.02630	0.02411	0.01972	0.00877	0.00657	0.00219	0.00511	0.00731	0.00657	0.01023
23	0.00952	0.00795	0.00846	0.00809	0.01043	0.00759	0.00614	0.01457	0.14973	0.02082	0.17938	0.05239	0.47253	0.01434	0.00743	0.00216	0.00358	0.01208	0.00631	0.00648
24	0.01824	0.67234	0.03168	0.01184	0.01706	0.12659	0.01126	0.02025	0.01385	0.01529	0.00912	0.01055	0.00830	0.00569	0.00438	0.00142	0.00757	0.00355	0.00284	0.00818
25	0.01384	0.01301	0.02315	0.30707	0.03174	0.01431	0.22915	0.06476	0.01454	0.02006	0.01352	0.01834	0.01053	0.00991	0.06579	0.00277	0.04902	0.00645	0.08438	0.00768
26	0.01671	0.07798	0.05940	0.11787	0.05610	0.08588	0.14852	0.06576	0.01465	0.05962	0.01194	0.01555	0.00959	0.00872	0.03044	0.00241	0.20129	0.00578	0.00352	0.00825
27	0.02476	0.01700	0.01882	0.01449	0.01945	0.01862	0.01198	0.59406	0.02802	0.13302	0.01659	0.01633	0.01156	0.00792	0.00702	0.00198	0.03510	0.00590	0.00653	0.01084
28	0.01396	0.01250	0.01366	0.00994	0.01556	0.04755	0.00791	0.01677	0.01366	0.02078	0.01141	0.01331	0.00950	0.00488	0.00484	0.00099	0.00515	0.00385	0.00380	0.76997
29	0.00821	0.00581	0.00759	0.00888	0.00926	0.00550	0.00594	0.00928	0.01209	0.01609	0.03343	0.63211	0.03978	0.12444	0.01170	0.00315	0.00421	0.05175	0.00571	0.00510
30	0.00940	0.00626	0.00705	0.00705	0.00705	0.00626	0.00392	0.00940	0.00940	0.01253	0.02036	0.04228	0.02349	0.77292	0.03289	0.00626	0.00626	0.00940	0.00392	0.00392
31	0.00940	0.00626	0.00705	0.00705	0.00705	0.00626	0.00392	0.00940	0.00940	0.01253	0.02036	0.04228	0.02349	0.77292	0.03289	0.00626	0.00626	0.00940	0.00392	0.00392
32	0.00914	0.00660	0.00864	0.00813	0.00965	0.00610	0.00610	0.01219	0.01829	0.02591	0.72921	0.04827	0.06097	0.01321	0.00762	0.00203	0.00305	0.01169	0.00711	0.00610
33	0.01791	0.67446	0.03178	0.01183	0.01696	0.10242	0.01130	0.01992	0.01359	0.01528	0.00908	0.01061	0.00830	0.00582	0.00483	0.00146	0.02986	0.00360	0.00283	0.00817
34	0.00932	0.00621	0.00816	0.00908	0.00998	0.00576	0.00642	0.01085	0.01352	0.05479	0.10507	0.54388	0.08029	0.04000	0.00882	0.00264	0.00399	0.06943	0.00615	0.00566
35	0.01777	0.04250	0.02366	0.07213	0.39831	0.19416	0.04986	0.02243	0.07913	0.01988	0.01281	0.01563	0.01045	0.00627	0.00627	0.00189	0.00860	0.00552	0.00351	0.00925
36	0.00845	0.00587	0.00733	0.00826	0.00849	0.00563	0.00521	0.00915	0.01124	0.01499	0.02983	0.49329	0.03544	0.30561	0.01759	0.00400	0.00470	0.01497	0.00521	0.00474
37	0.00858	0.00675	0.00795	0.00927	0.00982	0.03779	0.00625	0.00974	0.01269	0.01649	0.03527	0.71708	0.05915	0.01955	0.00812	0.00257	0.00408	0.01762	0.00588	0.00535
38	0.00915	0.00616	0.00712	0.00736	0.00742	0.00610	0.00425	0.00933	0.00987	0.01316	0.02279	0.15791	0.02655	0.65312	0.02897	0.00568	0.00586	0.01082	0.00425	0.00413
39	0.02035	0.04191	0.01751	0.07802	0.04658	0.35686	0.01198	0.09174	0.07967	0.05808	0.03641	0.01731	0.01272	0.04094	0.00769	0.00204	0.03220	0.00548	0.03442	0.00809
40	0.03977	0.15434	0.20295	0.01643	0.07608	0.12773	0.01472	0.08035	0.11853	0.02128	0.01389	0.01597	0.01113	0.02903	0.04883	0.00246	0.00863	0.00519	0.00385	0.00886

[dist]
# distance from previous block
# <min> <max>
0	57

[block]
# block no. 4 follows, 34 sequences, length 20
# corresponding to MSA columns:
# 431-450
name=unknown_E
#
# <colnr> <probs for GDERKNQSTAVLIFYWHMCP>
#	G	D	E	R	K	N	Q	S	T	A	V	L	I	F	Y	W	H	M	C	P
0	0.05394	0.06532	0.01752	0.11143	0.11563	0.15332	0.01208	0.09652	0.03193	0.05396	0.01656	0.06967	0.02707	0.05987	0.07111	0.00295	0.00851	0.02050	0.00422	0.00788
1	0.00965	0.00701	0.00849	0.00910	0.00996	0.00695	0.00617	0.05628	0.04768	0.01788	0.03224	0.51267	0.06624	0.16287	0.01274	0.00324	0.00450	0.01508	0.00566	0.00562
2	0.01350	0.01099	0.01320	0.00996	0.01479	0.00894	0.00791	0.01617	0.01358	0.04945	0.04850	0.06492	0.01445	0.00670	0.00614	0.00127	0.04725	0.00537	0.00424	0.64268
3	0.00832	0.00605	0.00781	0.00889	0.00962	0.00556	0.00605	0.00954	0.01242	0.01660	0.03471	0.62921	0.07005	0.06850	0.00969	0.00277	0.00402	0.03984	0.00575	0.04460
4	0.02387	0.06019	0.01892	0.01643	0.01984	0.71855	0.01243	0.02555	0.01811	0.01579	0.00995	0.01160	0.00832	0.00661	0.00576	0.00165	0.01147	0.00413	0.00331	0.00752
5	0.01543	0.01443	0.02305	0.03327	0.56742	0.01475	0.01732	0.02137	0.12681	0.02172	0.01607	0.07078	0.01405	0.00726	0.00656	0.00201	0.00699	0.00690	0.00393	0.00988
6	0.01395	0.01101	0.01472	0.04717	0.01713	0.01059	0.06621	0.03796	0.14246	0.07151	0.02207	0.10098	0.04939	0.03531	0.06916	0.00270	0.00661	0.03907	0.00499	0.23701
7	0.01423	0.01389	0.02158	0.42893	0.29575	0.05628	0.01811	0.01817	0.01394	0.01825	0.01231	0.01808	0.01003	0.00654	0.00647	0.00206	0.00836	0.02561	0.00311	0.00829
8	0.00828	0.00616	0.00753	0.00842	0.00930	0.00574	0.00578	0.00991	0.02933	0.01690	0.05970	0.48234	0.19147	0.09452	0.01055	0.00288	0.00398	0.03607	0.00583	0.00532
9	0.01459	0.03114	0.66558	0.01771	0.02680	0.01444	0.02241	0.02159	0.01414	0.09353	0.01301	0.01449	0.00898	0.00633	0.00618	0.00204	0.00914	0.00495	0.00327	0.00970
10	0.01482	0.01401	0.02370	0.10084	0.59722	0.01423	0.01825	0.01843	0.01431	0.02023	0.01449	0.09285	0.01340	0.00730	0.00659	0.00201	0.00736	0.00704	0.00345	0.00945
11	0.00883	0.00683	0.00878	0.00902	0.01014	0.00678	0.00668	0.01079	0.01450	0.01959	0.25228	0.30482	0.17184	0.01758	0.03421	0.00266	0.05784	0.04508	0.00603	0.00573
12	0.00791	0.00656	0.00692	0.00683	0.00889	0.00557	0.00512	0.00980	0.01537	0.01898	0.18538	0.05967	0.60911	0.01579	0.00763	0.00215	0.00323	0.01328	0.00620	0.00557
13	0.02414	0.03079	0.01831	0.01665	0.01998	0.74698	0.01248	0.02580	0.01831	0.01581	0.00999	0.01165	0.00832	0.00666	0.00583	0.00166	0.01165	0.00416	0.00333	0.00749
