[name]
unknown

[dist]
# distance from previous block
# <min> <max>
17	68

[block]
# block no. 0 follows, 33 sequences, length 50
# corresponding to MSA columns:
# 76-125
name=unknown_A
#
# <colnr> <probs for GDERKNQSTAVLIFYWHMCP>
#	G	D	E	R	K	N	Q	S	T	A	V	L	I	F	Y	W	H	M	C	P
0	0.04763	0.30518	0.09161	0.04308	0.02044	0.06796	0.06438	0.09197	0.04131	0.04457	0.01314	0.04506	0.01108	0.00682	0.00553	0.00173	0.00749	0.00527	0.00389	0.08185
1	0.04238	0.01001	0.01273	0.04039	0.06131	0.00998	0.03754	0.06344	0.06102	0.04953	0.09494	0.10301	0.30828	0.01277	0.00780	0.00219	0.03360	0.01078	0.00566	0.03264
2	0.04208	0.20828	0.23693	0.01868	0.07758	0.04215	0.12024	0.08437	0.04345	0.02178	0.01306	0.03918	0.01064	0.00671	0.00604	0.00193	0.00844	0.00565	0.00359	0.00920
3	0.04831	0.04720	0.08901	0.04945	0.08382	0.05309	0.03732	0.09902	0.08631	0.14376	0.02150	0.12840	0.03900	0.03488	0.00758	0.00226	0.00679	0.00809	0.00529	0.00891
4	0.01197	0.03954	0.09672	0.00945	0.01326	0.00866	0.00856	0.03823	0.01574	0.08690	0.08105	0.06770	0.41118	0.01298	0.00711	0.00206	0.00471	0.01076	0.00569	0.06773
5	0.04331	0.02092	0.12657	0.04343	0.11701	0.20954	0.06273	0.06993	0.01745	0.06512	0.09495	0.02179	0.06275	0.00802	0.00657	0.00197	0.00838	0.00659	0.00441	0.00857
6	0.01584	0.03892	0.09093	0.08139	0.31399	0.01446	0.07133	0.07648	0.01649	0.05779	0.09733	0.03741	0.01736	0.00885	0.03082	0.00231	0.00783	0.00693	0.00424	0.00929
7	0.01466	0.07521	0.01870	0.01667	0.10015	0.07473	0.07939	0.06367	0.09670	0.02177	0.10372	0.09227	0.10675	0.01083	0.00801	0.00217	0.05517	0.04641	0.00502	0.00799
8	0.00916	0.00635	0.00731	0.00752	0.00785	0.00621	0.00454	0.00958	0.01062	0.01395	0.02777	0.14398	0.10261	0.55886	0.05192	0.00557	0.00609	0.01121	0.00450	0.00441
9	0.00935	0.00662	0.00839	0.00903	0.00965	0.00659	0.00606	0.04019	0.01262	0.01700	0.05161	0.44829	0.03494	0.21516	0.08900	0.00438	0.00600	0.01440	0.00536	0.00534
10	0.02008	0.01945	0.13046	0.07758	0.09085	0.06440	0.06444	0.26291	0.02083	0.10278	0.01688	0.01815	0.03954	0.00761	0.00714	0.00205	0.03389	0.00616	0.00497	0.00982
11	0.01359	0.01286	0.02180	0.55106	0.06768	0.01471	0.09764	0.04765	0.01433	0.01894	0.01210	0.01715	0.00916	0.00636	0.00659	0.00209	0.00865	0.00593	0.00322	0.06847
12	0.01797	0.18976	0.01916	0.01242	0.01670	0.01734	0.01030	0.03004	0.43635	0.11308	0.02420	0.02261	0.04541	0.00838	0.00616	0.00202	0.00561	0.00669	0.00596	0.00986
13	0.15001	0.01690	0.02151	0.05146	0.39951	0.08987	0.01587	0.10368	0.04734	0.02480	0.01265	0.01526	0.01015	0.00640	0.00607	0.00196	0.00763	0.00540	0.00395	0.00959
14	0.31061	0.26109	0.12981	0.01341	0.01902	0.01841	0.09871	0.01955	0.01277	0.02204	0.01016	0.01233	0.00824	0.00647	0.00564	0.02883	0.00719	0.00435	0.00334	0.00802
15	0.00807	0.00595	0.00756	0.00871	0.00946	0.00544	0.00594	0.00942	0.01338	0.01759	0.08582	0.60503	0.15449	0.01952	0.00826	0.00256	0.00370	0.01750	0.00619	0.00544
16	0.01233	0.05745	0.53740	0.01613	0.02365	0.01351	0.01957	0.01846	0.01427	0.02080	0.09666	0.10578	0.01867	0.00874	0.00660	0.00212	0.00816	0.00724	0.00369	0.00876
17	0.01387	0.01200	0.01407	0.01038	0.01579	0.00986	0.00831	0.01776	0.05987	0.02157	0.01254	0.01441	0.01038	0.00549	0.00586	0.00116	0.04354	0.00423	0.00403	0.71489
18	0.18751	0.17305	0.21130	0.01268	0.01853	0.05249	0.01311	0.06413	0.01486	0.04817	0.01784	0.01867	0.09285	0.00746	0.00551	0.00188	0.00702	0.00543	0.00398	0.04352
19	0.01128	0.01028	0.06461	0.01000	0.01253	0.00872	0.00831	0.09401	0.03860	0.02326	0.23928	0.14531	0.18080	0.06847	0.00951	0.00255	0.00473	0.05486	0.00611	0.00677
20	0.01344	0.06126	0.53124	0.04109	0.05423	0.01523	0.04385	0.02091	0.06390	0.02080	0.01646	0.01812	0.05669	0.00708	0.00637	0.00208	0.00881	0.00575	0.00332	0.00937
21	0.00870	0.00690	0.00795	0.00772	0.00973	0.00596	0.00573	0.01086	0.01580	0.02073	0.27477	0.14497	0.37322	0.01534	0.00766	0.00215	0.00342	0.01320	0.00634	0.05884
22	0.01603	0.01542	0.02605	0.06366	0.65689	0.01591	0.01975	0.01980	0.01460	0.02097	0.01211	0.01621	0.01025	0.00626	0.00752	0.00202	0.05734	0.00586	0.00322	0.01011
23	0.04366	0.05796	0.16031	0.07361	0.04173	0.01645	0.15358	0.19205	0.04001	0.02609	0.01335	0.01550	0.01000	0.00639	0.00632	0.00190	0.00815	0.00564	0.00419	0.12311
24	0.00887	0.00651	0.00816	0.00877	0.00973	0.00609	0.00600	0.01084	0.03518	0.01850	0.14991	0.46424	0.08742	0.10590	0.01102	0.00290	0.00405	0.01531	0.00599	0.03462
25	0.01849	0.05445	0.05192	0.10288	0.06640	0.03831	0.08383	0.16045	0.01824	0.11039	0.02845	0.01691	0.01177	0.00734	0.01929	0.00193	0.00747	0.00564	0.00469	0.19116
26	0.01471	0.09189	0.21502	0.13342	0.07868	0.01681	0.31463	0.02020	0.01452	0.01989	0.01223	0.01595	0.00926	0.00592	0.00678	0.00209	0.00980	0.00620	0.00307	0.00893
27	0.00826	0.00699	0.00717	0.00707	0.00931	0.00606	0.00532	0.01074	0.04461	0.01884	0.11479	0.06066	0.64522	0.01611	0.00773	0.00221	0.00340	0.01347	0.00622	0.00581
28	0.03273	0.01575	0.08691	0.11932	0.25243	0.01462	0.14947	0.03989	0.04272	0.02053	0.01492	0.01890	0.03536	0.00942	0.03328	0.06345	0.03171	0.00646	0.00351	0.00862
29	0.01965	0.01923	0.13994	0.11813	0.12407	0.08181	0.07395	0.14255	0.01830	0.15035	0.01526	0.01708	0.01101	0.00819	0.02931	0.00229	0.00872	0.00589	0.00462	0.00964
30	0.15860	0.07349	0.45629	0.01712	0.02491	0.06401	0.07644	0.02089	0.01383	0.02179	0.01119	0.01331	0.00828	0.00617	0.00584	0.00202	0.00899	0.00475	0.00310	0.00897
31	0.01262	0.00969	0.01269	0.01131	0.01320	0.01013	0.05980	0.12037	0.07098	0.02066	0.05046	0.17845	0.02517	0.26813	0.10229	0.00463	0.00745	0.01033	0.00506	0.00657
32	0.04727	0.04057	0.04233	0.11956	0.09395	0.18776	0.04686	0.04475	0.01514	0.01886	0.01773	0.05325	0.06001	0.01310	0.08361	0.00299	0.05943	0.04138	0.00383	0.00762
33	0.01525	0.08548	0.22426	0.03712	0.19267	0.01552	0.06084	0.09709	0.03232	0.02256	0.01660	0.07714	0.01497	0.00851	0.00672	0.00213	0.00793	0.06969	0.00402	0.00919
34	0.01264	0.01183	0.01950	0.71480	0.04389	0.01472	0.01788	0.01775	0.04928	0.01737	0.01248	0.01791	0.00936	0.00670	0.00659	0.00220	0.00859	0.00593	0.00312	0.00747
35	0.01099	0.00711	0.00965	0.00938	0.01041	0.00764	0.00674	0.01247	0.01083	0.06860	0.01944	0.03210	0.01927	0.31774	0.41920	0.00835	0.01248	0.00797	0.00405	0.00557
36	0.05675	0.05868	0.07294	0.09152	0.06301	0.17936	0.01231	0.04511	0.04175	0.06212	0.01675	0.10534	0.01536	0.04718	0.10024	0.00329	0.00926	0.00710	0.00418	0.00776
37	0.02133	0.11088	0.06433	0.01721	0.09042	0.14351	0.07072	0.07291	0.01762	0.22453	0.03915	0.06695	0.01518	0.00800	0.00642	0.00195	0.00775	0.00664	0.00515	0.00933
38	0.01442	0.01529	0.05691	0.54166	0.03899	0.08034	0.04743	0.04422	0.06088	0.01875	0.01279	0.01726	0.00962	0.00674	0.00657	0.00214	0.00891	0.00585	0.00336	0.00788
39	0.00932	0.00696	0.00999	0.00998	0.01113	0.00784	0.00761	0.01146	0.01107	0.01565	0.04789	0.03045	0.06180	0.10521	0.61151	0.00940	0.01528	0.00786	0.00386	0.00572
40	0.01233	0.00930	0.00978	0.00941	0.01135	0.05588	0.00688	0.06741	0.01592	0.07377	0.11371	0.24559	0.22391	0.08514	0.02659	0.00283	0.00509	0.01266	0.00599	0.00644
41	0.01522	0.03894	0.08866	0.08309	0.13939	0.06663	0.13485	0.01899	0.01572	0.07443	0.13042	0.02521	0.07324	0.00854	0.00730	0.02103	0.00751	0.00747	0.00443	0.03893
42	0.01365	0.01170	0.01365	0.00975	0.01560	0.00878	0.00780	0.01658	0.01365	0.02145	0.01170	0.01365	0.00975	0.00488	0.00488	0.00098	0.00488	0.00390	0.00390	0.80888
43	0.02461	0.01804	0.01931	0.01485	0.02000	0.01995	0.01225	0.68302	0.03039	0.04093	0.01599	0.01609	0.01138	0.00790	0.00652	0.00196	0.00711	0.00593	0.03273	0.01103
44	0.01503	0.01654	0.07910	0.25735	0.24733	0.08617	0.04096	0.04638	0.01540	0.02008	0.04246	0.04707	0.04267	0.00758	0.00668	0.00207	0.00825	0.00673	0.00364	0.00853
45	0.01716	0.16880	0.10339	0.06048	0.10703	0.01632	0.07273	0.07752	0.08712	0.09972	0.06766	0.02085	0.03164	0.03290	0.00719	0.00210	0.00717	0.00643	0.00463	0.00915
46	0.01144	0.00572	0.00858	0.00858	0.00858	0.00572	0.00572	0.00858	0.00858	0.01144	0.01144	0.02001	0.01144	0.02287	0.02573	0.80846	0.00572	0.00572	0.00286	0.00286
47	0.01007	0.00691	0.00872	0.00874	0.00969	0.00728	0.00619	0.03243	0.01197	0.01712	0.04580	0.11770	0.05120	0.25466	0.27556	0.00640	0.00946	0.00943	0.10524	0.00544
48	0.01722	0.05700	0.11668	0.07913	0.23905	0.04507	0.12867	0.07756	0.03856	0.07604	0.02641	0.03112	0.02357	0.00694	0.00664	0.00203	0.00828	0.00642	0.00408	0.00953
49	0.01875	0.03350	0.02211	0.05035	0.17108	0.07523	0.08758	0.11625	0.07637	0.10131	0.01547	0.03110	0.01225	0.00946	0.03628	0.00247	0.12022	0.00637	0.00455	0.00931

[dist]
# distance from previous block
# <min> <max>
10	55

[block]
# block no. 1 follows, 33 sequences, length 12
# corresponding to MSA columns:
# 181-192
name=unknown_B
#
# <colnr> <probs for GDERKNQSTAVLIFYWHMCP>
#	G	D	E	R	K	N	Q	S	T	A	V	L	I	F	Y	W	H	M	C	P
0	0.07411	0.06915	0.03775	0.04535	0.20369	0.05678	0.05617	0.13102	0.03676	0.04575	0.01734	0.04017	0.05443	0.03228	0.00712	0.00205	0.00719	0.00642	0.00439	0.07206
1	0.01687	0.05596	0.06119	0.07084	0.13739	0.06829	0.05383	0.09977	0.06347	0.05993	0.01629	0.05019	0.01376	0.02342	0.03185	0.00233	0.03085	0.02649	0.03670	0.08059
2	0.01882	0.04085	0.04074	0.04718	0.23219	0.14318	0.03755	0.09659	0.05642	0.08616	0.01601	0.06586	0.01340	0.00902	0.03097	0.00223	0.00824	0.00651	0.00447	0.04361
3	0.12091	0.03732	0.10116	0.05573	0.08682	0.13868	0.08984	0.07662	0.01612	0.07114	0.01740	0.01992	0.06851	0.03966	0.00788	0.00221	0.03128	0.00620	0.00418	0.00841
4	0.05205	0.06374	0.07750	0.06547	0.05481	0.12115	0.04883	0.07616	0.12800	0.04796	0.04602	0.03969	0.01446	0.00764	0.00673	0.00192	0.03410	0.00609	0.00453	0.10316
5	0.01096	0.00727	0.00912	0.00920	0.01018	0.00738	0.00649	0.01267	0.03489	0.06529	0.02829	0.19223	0.07470	0.31502	0.09701	0.00492	0.02842	0.07533	0.00506	0.00558
6	0.01524	0.03690	0.09764	0.08518	0.06774	0.03694	0.06483	0.09702	0.14972	0.02227	0.01723	0.07048	0.01483	0.03403	0.07251	0.00307	0.09420	0.00718	0.00440	0.00860
7	0.00919	0.00648	0.00752	0.00777	0.00833	0.00630	0.00500	0.00988	0.01120	0.01457	0.03073	0.11844	0.14318	0.48838	0.05579	0.00528	0.00609	0.05659	0.00467	0.00460
8	0.01648	0.17324	0.04698	0.06818	0.09372	0.13410	0.11146	0.02119	0.09264	0.01867	0.01554	0.05571	0.02977	0.02961	0.00817	0.00213	0.06386	0.00649	0.00375	0.00831
9	0.01455	0.01041	0.01290	0.01106	0.04419	0.00880	0.00824	0.01793	0.04530	0.11768	0.08409	0.05126	0.09077	0.01123	0.05841	0.00218	0.00567	0.00699	0.00515	0.39319
10	0.12847	0.03816	0.07876	0.03870	0.04814	0.08830	0.04239	0.16986	0.08104	0.09497	0.05936	0.04029	0.01517	0.00811	0.00691	0.00206	0.03878	0.00630	0.00513	0.00911
11	0.01887	0.18279	0.12008	0.09371	0.05371	0.01710	0.15034	0.06759	0.04534	0.16477	0.01528	0.01669	0.01110	0.00660	0.00627	0.00196	0.00805	0.00582	0.00443	0.00948

[dist]
# distance from previous block
# <min> <max>
2	3

[block]
# block no. 2 follows, 33 sequences, length 12
# corresponding to MSA columns:
# 196-207
name=unknown_C
#
# <colnr> <probs for GDERKNQSTAVLIFYWHMCP>
#	G	D	E	R	K	N	Q	S	T	A	V	L	I	F	Y	W	H	M	C	P
0	0.03922	0.05772	0.03779	0.10634	0.10419	0.10963	0.01359	0.22998	0.16306	0.02728	0.01723	0.01822	0.03163	0.00761	0.00636	0.00200	0.00756	0.00601	0.00501	0.00959
1	0.01500	0.01281	0.01560	0.01464	0.10482	0.01189	0.01012	0.06386	0.17356	0.02443	0.06630	0.01911	0.01600	0.00672	0.00580	0.00152	0.00534	0.00564	0.00486	0.42199
2	0.00814	0.00578	0.00760	0.00901	0.00936	0.00543	0.00595	0.00920	0.01237	0.01649	0.03508	0.70830	0.04202	0.07874	0.01035	0.00296	0.00402	0.01800	0.00595	0.00524
3	0.03798	0.06119	0.02300	0.06070	0.12597	0.21236	0.13585	0.06934	0.06096	0.04555	0.01566	0.02184	0.01333	0.00781	0.00669	0.00205	0.00897	0.07791	0.00419	0.00865
4	0.00958	0.00756	0.00924	0.06596	0.01292	0.00707	0.00713	0.01251	0.03260	0.02114	0.24884	0.08375	0.29701	0.01391	0.00746	0.00215	0.00403	0.05956	0.04314	0.05443
5	0.73198	0.01262	0.01072	0.08575	0.01611	0.01475	0.00829	0.01909	0.01141	0.02822	0.00943	0.01140	0.00730	0.00616	0.00433	0.00205	0.00547	0.00380	0.00396	0.00715
6	0.01760	0.77260	0.03450	0.01126	0.01690	0.02605	0.01126	0.01971	0.01338	0.01549	0.00915	0.01056	0.00845	0.00563	0.00422	0.00141	0.00704	0.00352	0.00282	0.00845
7	0.00831	0.00615	0.00773	0.00870	0.00963	0.00565	0.00612	0.00984	0.01376	0.01803	0.11087	0.48792	0.18120	0.04049	0.00898	0.00265	0.00386	0.05845	0.00616	0.00548
8	0.01195	0.00707	0.00880	0.00810	0.01005	0.00652	0.00617	0.01492	0.01745	0.09867	0.46951	0.04197	0.08277	0.01186	0.00698	0.00196	0.00337	0.01025	0.17494	0.00668
9	0.00821	0.00599	0.00773	0.00876	0.00953	0.00551	0.00601	0.00973	0.01383	0.01847	0.15143	0.57527	0.11716	0.01905	0.00823	0.00253	0.00365	0.01711	0.00630	0.00551
10	0.00860	0.00640	0.00808	0.00928	0.01004	0.00615	0.00634	0.01103	0.06296	0.01764	0.03785	0.65989	0.09207	0.01950	0.00824	0.00261	0.00388	0.01756	0.00615	0.00572
11	0.06640	0.05019	0.02132	0.22390	0.26038	0.01615	0.01579	0.11228	0.08556	0.02372	0.01369	0.01663	0.01070	0.00659	0.00621	0.00198	0.00738	0.00567	0.00402	0.05143

[dist]
# distance from previous block
# <min> <max>
0	1

[block]
# block no. 3 follows, 33 sequences, length 47
# corresponding to MSA columns:
# 209-255
name=unknown_D
#
# <colnr> <probs for GDERKNQSTAVLIFYWHMCP>
#	G	D	E	R	K	N	Q	S	T	A	V	L	I	F	Y	W	H	M	C	P
0	0.01788	0.10733	0.01968	0.12983	0.03471	0.13036	0.02814	0.10231	0.06546	0.06946	0.04169	0.05425	0.01446	0.00954	0.02618	0.00227	0.10263	0.00642	0.02909	0.00831
1	0.01612	0.04582	0.01507	0.01093	0.01584	0.01138	0.00879	0.05864	0.09508	0.09547	0.01607	0.04511	0.01324	0.02629	0.00681	0.00158	0.03254	0.00546	0.00481	0.47496
2	0.08177	0.05429	0.01771	0.01469	0.04889	0.12020	0.01121	0.29855	0.06531	0.05630	0.01581	0.03509	0.01302	0.07532	0.03377	0.00265	0.03500	0.00615	0.00520	0.00908
3	0.01510	0.02874	0.45347	0.02224	0.08258	0.08852	0.17422	0.02140	0.01482	0.02048	0.01203	0.01474	0.00888	0.00612	0.00658	0.00207	0.01010	0.00553	0.00300	0.00938
4	0.00811	0.00576	0.00761	0.00906	0.00942	0.00540	0.00600	0.00919	0.01244	0.01658	0.03543	0.72491	0.04247	0.06152	0.00978	0.00288	0.00396	0.01822	0.00600	0.00527
5	0.01700	0.01007	0.01188	0.01033	0.01320	0.01020	0.00807	0.16956	0.04062	0.15241	0.14368	0.13936	0.02742	0.01240	0.03464	0.00235	0.00518	0.00916	0.17430	0.00816
6	0.01035	0.00741	0.01025	0.01137	0.01289	0.00731	0.00974	0.01340	0.01584	0.02102	0.17061	0.06932	0.04266	0.01725	0.00883	0.00284	0.00548	0.55103	0.00630	0.00609
7	0.01227	0.00614	0.00614	0.00614	0.00767	0.00614	0.00460	0.01534	0.01381	0.02454	0.02148	0.02454	0.01687	0.00767	0.00460	0.00153	0.00307	0.00614	0.80518	0.00614
8	0.00908	0.00672	0.00847	0.00803	0.00969	0.00611	0.00603	0.01196	0.01808	0.02507	0.62277	0.05136	0.16427	0.01395	0.00777	0.00209	0.00314	0.01221	0.00707	0.00611
9	0.10304	0.23425	0.22620	0.01650	0.07391	0.04069	0.04182	0.08480	0.01579	0.08762	0.01251	0.01384	0.00946	0.00635	0.00558	0.00186	0.00784	0.00477	0.00385	0.00932
10	0.00998	0.00809	0.01118	0.01073	0.01254	0.00787	0.06020	0.01415	0.09916	0.02079	0.18731	0.33811	0.12950	0.01587	0.00796	0.00241	0.00444	0.04701	0.00621	0.00648
11	0.01365	0.01170	0.01365	0.00975	0.01560	0.00878	0.00780	0.01658	0.01365	0.02145	0.01170	0.01365	0.00975	0.00488	0.00488	0.00098	0.00488	0.00390	0.00390	0.80888
12	0.01858	0.04196	0.10901	0.01637	0.02134	0.03191	0.09860	0.24440	0.15757	0.04830	0.04541	0.02128	0.01546	0.00845	0.00783	0.00216	0.05977	0.03653	0.00534	0.00971
13	0.02191	0.23053	0.08588	0.01444	0.02013	0.04570	0.01320	0.43217	0.02416	0.03160	0.01342	0.01405	0.01009	0.00709	0.00588	0.00182	0.00756	0.00511	0.00510	0.01018
14	0.01616	0.01313	0.07636	0.01185	0.01572	0.01190	0.01010	0.05597	0.27783	0.14439	0.13298	0.07170	0.11212	0.01077	0.00702	0.00217	0.00515	0.00907	0.00657	0.00903
15	0.01543	0.03874	0.13714	0.08326	0.10646	0.01186	0.01440	0.02023	0.05873	0.13581	0.02346	0.07426	0.02168	0.01115	0.00733	0.00238	0.00693	0.21713	0.00516	0.00847
16	0.01830	0.69801	0.03290	0.01184	0.01724	0.09812	0.01141	0.02037	0.01391	0.01555	0.00926	0.01069	0.00845	0.00575	0.00440	0.00144	0.00753	0.00359	0.00287	0.00837
17	0.12271	0.01178	0.01330	0.00982	0.01535	0.00968	0.00792	0.01869	0.01391	0.10225	0.01296	0.01424	0.01013	0.00541	0.00496	0.00124	0.00499	0.00416	0.00440	0.61210
18	0.01370	0.01238	0.01975	0.67858	0.04283	0.01521	0.01770	0.08613	0.01495	0.01930	0.01211	0.01738	0.00902	0.00671	0.00658	0.00217	0.00862	0.00586	0.00329	0.00770
19	0.00944	0.00691	0.00985	0.00985	0.01078	0.00783	0.00732	0.01129	0.01036	0.01474	0.01830	0.02954	0.01806	0.20312	0.59099	0.00968	0.01523	0.00759	0.00363	0.00547
20	0.01934	0.01342	0.01486	0.01287	0.01686	0.01477	0.01015	0.05921	0.51934	0.17641	0.02603	0.02377	0.01885	0.00869	0.00661	0.00216	0.00530	0.00717	0.03374	0.01047
21	0.00957	0.00638	0.00718	0.00718	0.00718	0.00638	0.00399	0.00957	0.00957	0.01276	0.02074	0.04308	0.02393	0.76864	0.03351	0.00638	0.00638	0.00957	0.00399	0.00399
22	0.02322	0.01033	0.01339	0.01082	0.01499	0.00930	0.00874	0.02709	0.07701	0.49626	0.12422	0.03088	0.10415	0.00990	0.00691	0.00208	0.00497	0.00823	0.00767	0.00982
23	0.08085	0.01647	0.01758	0.01806	0.13815	0.09774	0.01226	0.14633	0.26465	0.08593	0.01943	0.04219	0.01502	0.00808	0.00641	0.00206	0.00674	0.00654	0.00562	0.00990
24	0.04496	0.01099	0.01410	0.04053	0.03779	0.01089	0.04294	0.10575	0.07996	0.13615	0.22310	0.03404	0.13497	0.01049	0.00700	0.00205	0.00514	0.00896	0.00634	0.04386
25	0.01848	0.60441	0.03107	0.01298	0.04009	0.07810	0.01169	0.06417	0.05332	0.01802	0.01071	0.01194	0.00932	0.00605	0.00471	0.00153	0.00734	0.00401	0.00332	0.00873
26	0.81514	0.01273	0.00968	0.00866	0.01273	0.01477	0.00713	0.01935	0.01120	0.02954	0.00917	0.01069	0.00713	0.00611	0.00407	0.00204	0.00509	0.00356	0.00407	0.00713
27	0.01941	0.08748	0.06332	0.01719	0.08737	0.07043	0.03107	0.12694	0.22799	0.10301	0.01789	0.01824	0.01346	0.00793	0.00777	0.00208	0.07724	0.00608	0.00523	0.00985
28	0.00857	0.00641	0.00804	0.00889	0.01009	0.00589	0.00658	0.01043	0.01448	0.01888	0.14074	0.37266	0.21809	0.01821	0.00827	0.00253	0.00396	0.12536	0.00626	0.00564
29	0.01131	0.00891	0.01238	0.06292	0.15414	0.00882	0.00935	0.02710	0.01528	0.02149	0.19048	0.06081	0.17425	0.05653	0.03670	0.00260	0.00530	0.00964	0.12510	0.00690
30	0.00953	0.00657	0.00812	0.00812	0.00845	0.00689	0.00516	0.01018	0.00985	0.01346	0.01988	0.03831	0.02186	0.56954	0.22978	0.00754	0.00950	0.00888	0.00386	0.00451
31	0.22135	0.01482	0.05809	0.01295	0.04069	0.03975	0.01070	0.12672	0.03777	0.31578	0.04527	0.01851	0.01417	0.00759	0.00598	0.00202	0.00616	0.00577	0.00617	0.00973
32	0.01557	0.03462	0.01473	0.04636	0.01710	0.04135	0.01044	0.10690	0.29979	0.02474	0.05710	0.03091	0.02152	0.01270	0.03666	0.06276	0.00647	0.11701	0.00569	0.03758
33	0.01510	0.01355	0.02284	0.37822	0.36786	0.01487	0.01877	0.01918	0.01431	0.05414	0.01272	0.01719	0.00993	0.00632	0.00655	0.00207	0.00817	0.00590	0.00334	0.00898
34	0.02277	0.02303	0.05238	0.01637	0.02090	0.27281	0.04366	0.33631	0.05213	0.02860	0.01382	0.01503	0.01050	0.00868	0.02806	0.00218	0.03291	0.00546	0.00495	0.00946
35	0.04908	0.04229	0.01718	0.11832	0.02119	0.07064	0.03714	0.17266	0.01840	0.09473	0.02026	0.05579	0.01853	0.02905	0.00840	0.00241	0.04148	0.16898	0.00524	0.00824
36	0.00899	0.00672	0.00834	0.00794	0.00963	0.00607	0.00595	0.01179	0.01786	0.02456	0.58366	0.05220	0.20370	0.01415	0.00777	0.00210	0.00315	0.01233	0.00700	0.00607
37	0.01197	0.01034	0.01416	0.07009	0.04397	0.03347	0.05801	0.05350	0.04597	0.02018	0.07692	0.32417	0.05170	0.01429	0.00863	0.00242	0.05491	0.06627	0.00532	0.03371
38	0.00815	0.00590	0.00773	0.00906	0.00966	0.00548	0.00619	0.00948	0.01312	0.01741	0.06964	0.66207	0.08943	0.01995	0.00836	0.00263	0.00383	0.04034	0.00616	0.00542
39	0.01264	0.01192	0.02013	0.71387	0.08264	0.01468	0.01839	0.01701	0.01326	0.01708	0.01174	0.01748	0.00887	0.00654	0.00658	0.00218	0.00872	0.00585	0.00294	0.00748
40	0.00854	0.00673	0.00751	0.00777	0.00948	0.00599	0.00584	0.01029	0.01453	0.01807	0.10544	0.09580	0.45654	0.10731	0.01110	0.00285	0.00410	0.11070	0.00594	0.00548
41	0.01340	0.01144	0.01338	0.00972	0.01533	0.00862	0.00773	0.01625	0.01360	0.02125	0.01279	0.04698	0.01125	0.00557	0.00503	0.00105	0.00483	0.00456	0.00400	0.77321
42	0.07734	0.01494	0.01614	0.07981	0.04052	0.12274	0.02471	0.12295	0.04440	0.02145	0.01487	0.04731	0.01329	0.05886	0.16744	0.00420	0.11082	0.00649	0.00412	0.00762
43	0.01516	0.05106	0.03233	0.07571	0.13304	0.04783	0.06415	0.08173	0.04670	0.06316	0.02367	0.08417	0.10165	0.13751	0.01134	0.00281	0.00695	0.00849	0.00466	0.00787
44	0.01034	0.00891	0.01064	0.01073	0.01133	0.04465	0.00779	0.01158	0.01239	0.01649	0.05574	0.39915	0.07917	0.10834	0.03264	0.00326	0.15258	0.01347	0.00507	0.00572
45	0.03655	0.03394	0.04531	0.04838	0.10133	0.04277	0.01146	0.11177	0.01620	0.02365	0.01207	0.01423	0.00975	0.00584	0.00588	0.00144	0.02609	0.00458	0.00403	0.44472
46	0.06106	0.01860	0.12763	0.09066	0.16828	0.10089	0.03826	0.02404	0.13985	0.09607	0.04325	0.01955	0.02828	0.00739	0.00644	0.00205	0.00768	0.00620	0.00454	0.00928

[dist]
# distance from previous block
# <min> <max>
0	5

[block]
# block no. 4 follows, 33 sequences, length 12
# corresponding to MSA columns:
# 261-272
name=unknown_E
#
# <colnr> <probs for GDERKNQSTAVLIFYWHMCP>
#	G	D	E	R	K	N	Q	S	T	A	V	L	I	F	Y	W	H	M	C	P
0	0.04230	0.10650	0.06028	0.07004	0.02035	0.12192	0.04008	0.08306	0.05047	0.09131	0.03746	0.07477	0.01456	0.00905	0.00915	0.00215	0.14711	0.00663	0.00444	0.00837
1	0.04834	0.22502	0.04749	0.08825	0.05681	0.04779	0.03479	0.11433	0.02933	0.03498	0.01309	0.01608	0.01082	0.01381	0.13375	0.00328	0.00927	0.00520	0.00384	0.06372
2	0.00809	0.00589	0.00748	0.00871	0.00931	0.00544	0.00583	0.00923	0.01271	0.01666	0.03920	0.62522	0.13074	0.06997	0.01000	0.00286	0.00393	0.01748	0.00597	0.00528
3	0.00842	0.00630	0.00746	0.00792	0.00928	0.00565	0.00566	0.01027	0.01482	0.01959	0.19330	0.32095	0.29340	0.01702	0.00785	0.00233	0.00345	0.01489	0.04579	0.00565
4	0.01518	0.01349	0.02411	0.10713	0.14784	0.01354	0.23817	0.03596	0.03151	0.07732	0.05763	0.05449	0.05126	0.04546	0.00906	0.00241	0.03335	0.02930	0.00438	0.00841
5	0.01498	0.01712	0.09640	0.26053	0.16283	0.08374	0.04957	0.01984	0.04858	0.01966	0.01251	0.01601	0.00981	0.00618	0.00622	0.00187	0.00821	0.00540	0.00340	0.15715
6	0.01350	0.03229	0.66667	0.02084	0.09551	0.01532	0.02393	0.02079	0.01400	0.02091	0.01187	0.01413	0.00854	0.00622	0.00628	0.00207	0.00955	0.00496	0.00283	0.00980
7	0.06432	0.01331	0.03443	0.01325	0.05749	0.05098	0.01006	0.11423	0.05955	0.14287	0.02130	0.05322	0.05643	0.04961	0.07822	0.00295	0.00725	0.02811	0.00532	0.13713
8	0.01607	0.10380	0.10292	0.03982	0.14074	0.03964	0.06574	0.05189	0.09104	0.04061	0.01443	0.04230	0.01197	0.00725	0.00744	0.00190	0.07283	0.00589	0.00398	0.13972
9	0.01548	0.01312	0.01907	0.01601	0.01741	0.01664	0.05858	0.04815	0.01266	0.08638	0.04230	0.01856	0.01295	0.01615	0.12143	0.00379	0.46339	0.00643	0.00386	0.00765
10	0.42172	0.03801	0.09111	0.03164	0.08351	0.01424	0.04658	0.02011	0.02981	0.07236	0.01339	0.06162	0.01114	0.00716	0.00532	0.00204	0.00624	0.00547	0.00422	0.03430
11	0.01120	0.03840	0.09988	0.01100	0.01295	0.04541	0.00924	0.01323	0.01183	0.01609	0.06549	0.10045	0.02235	0.27504	0.17615	0.00545	0.06714	0.00872	0.00401	0.00596

[dist]
# distance from previous block
# <min> <max>
0	4

[block]
# block no. 5 follows, 33 sequences, length 54
# corresponding to MSA columns:
# 277-330
name=unknown_F
#
# <colnr> <probs for GDERKNQSTAVLIFYWHMCP>
#	G	D	E	R	K	N	Q	S	T	A	V	L	I	F	Y	W	H	M	C	P
0	0.75879	0.01406	0.01032	0.00925	0.01327	0.06662	0.00753	0.01985	0.01173	0.02858	0.00924	0.01078	0.00723	0.00616	0.00421	0.00201	0.00558	0.00361	0.00403	0.00717
1	0.01569	0.01328	0.01542	0.06732	0.06425	0.01511	0.01120	0.07015	0.48445	0.02627	0.04801	0.05232	0.02026	0.01049	0.03247	0.00248	0.00601	0.00767	0.02752	0.00963
2	0.00936	0.00748	0.00939	0.01018	0.06083	0.00687	0.00688	0.01230	0.03578	0.02230	0.36877	0.09935	0.29726	0.01444	0.00770	0.00216	0.00363	0.01253	0.00646	0.00633
3	0.01588	0.01676	0.07682	0.07457	0.64356	0.01557	0.02040	0.02008	0.01482	0.02123	0.01231	0.01619	0.01020	0.00593	0.00650	0.00198	0.00800	0.00579	0.00321	0.01022
4	0.05505	0.12890	0.02056	0.01566	0.01959	0.53566	0.01228	0.10169	0.01904	0.01942	0.01063	0.01209	0.00873	0.00673	0.00571	0.00170	0.01043	0.00431	0.00370	0.00812
5	0.01969	0.12228	0.04427	0.04822	0.08020	0.16321	0.02621	0.21579	0.09674	0.02501	0.01575	0.01824	0.02694	0.05964	0.00803	0.00219	0.00805	0.00584	0.00463	0.00908
6	0.01659	0.01190	0.01589	0.09125	0.08130	0.01159	0.04076	0.10014	0.06812	0.14271	0.02865	0.05211	0.16929	0.00946	0.00670	0.00196	0.00587	0.00807	0.00551	0.13212
7	0.05914	0.27833	0.05958	0.01541	0.06561	0.19077	0.02785	0.11380	0.03604	0.02114	0.01531	0.01643	0.06030	0.00716	0.00559	0.00175	0.00808	0.00518	0.00390	0.00861
8	0.01356	0.05531	0.26345	0.08743	0.12006	0.03876	0.11765	0.01858	0.01509	0.02075	0.11449	0.02330	0.06731	0.00786	0.00675	0.00206	0.00816	0.00705	0.00382	0.00856
9	0.01594	0.01365	0.01499	0.01420	0.04765	0.01542	0.01051	0.05178	0.59075	0.02672	0.02600	0.07630	0.02073	0.00946	0.00675	0.00220	0.00527	0.00801	0.00641	0.03725
10	0.01091	0.00967	0.02956	0.00957	0.01121	0.06025	0.00706	0.02464	0.01247	0.01640	0.04748	0.11671	0.09567	0.26072	0.19665	0.00551	0.00884	0.00952	0.00440	0.06276
11	0.00951	0.00737	0.00843	0.00845	0.01033	0.00681	0.00635	0.05979	0.01625	0.02086	0.16703	0.21183	0.36675	0.01646	0.00791	0.00233	0.00386	0.05729	0.00634	0.00606
12	0.00857	0.00642	0.00802	0.00910	0.00996	0.00611	0.00625	0.01098	0.05853	0.01793	0.06173	0.60491	0.12868	0.01914	0.00819	0.00257	0.00382	0.01716	0.00619	0.00573
13	0.01411	0.01197	0.01390	0.00997	0.01579	0.00924	0.00799	0.04418	0.01434	0.02225	0.01187	0.01374	0.00981	0.00500	0.00494	0.00102	0.00497	0.00398	0.00401	0.77693
14	0.01114	0.00935	0.01062	0.01001	0.01194	0.03705	0.00762	0.01650	0.14227	0.02288	0.33648	0.08780	0.13912	0.01629	0.07119	0.00292	0.04291	0.01081	0.00623	0.00690
15	0.01191	0.00763	0.00943	0.00922	0.01111	0.00714	0.00679	0.04059	0.04409	0.10845	0.20030	0.32086	0.16543	0.01574	0.00778	0.00233	0.00397	0.01382	0.00667	0.00673
16	0.02351	0.01082	0.01406	0.01114	0.01566	0.00959	0.00900	0.02745	0.07581	0.48343	0.10278	0.04976	0.02187	0.00883	0.00660	0.00195	0.00514	0.00736	0.00734	0.10791
17	0.01322	0.01297	0.01968	0.70527	0.04373	0.06164	0.01792	0.01743	0.01352	0.01677	0.01160	0.01718	0.00876	0.00659	0.00654	0.00216	0.00898	0.00575	0.00296	0.00733
18	0.01476	0.01610	0.03100	0.16595	0.06851	0.04864	0.44674	0.01945	0.01495	0.01970	0.01475	0.08040	0.01254	0.00709	0.00745	0.00222	0.00991	0.00807	0.00349	0.00830
19	0.01001	0.00850	0.01102	0.01125	0.01256	0.04392	0.05056	0.01191	0.01386	0.01791	0.05743	0.44763	0.09901	0.01767	0.00874	0.00261	0.03089	0.13288	0.00572	0.00592
20	0.01016	0.00685	0.00842	0.00828	0.00984	0.00633	0.00599	0.01203	0.01478	0.07000	0.22612	0.16730	0.23134	0.11631	0.07317	0.00349	0.00512	0.01250	0.00607	0.00592
21	0.01599	0.01257	0.01361	0.01206	0.01557	0.01386	0.00942	0.07450	0.46902	0.07072	0.10330	0.03111	0.10920	0.01022	0.00693	0.00219	0.00492	0.00854	0.00677	0.00949
22	0.02372	0.01833	0.01939	0.08126	0.02243	0.06688	0.01289	0.55767	0.05045	0.05739	0.01572	0.01618	0.01124	0.00775	0.00655	0.00199	0.00757	0.00588	0.00610	0.01059
23	0.04809	0.01389	0.07787	0.05417	0.04090	0.07461	0.01059	0.01792	0.06747	0.04314	0.01737	0.09137	0.01591	0.06155	0.14953	0.00377	0.00871	0.00696	0.01986	0.17631
24	0.09807	0.00876	0.01038	0.01038	0.03623	0.00866	0.00754	0.04997	0.03470	0.05300	0.17813	0.19407	0.14018	0.01611	0.06010	0.00280	0.00528	0.03285	0.00586	0.04695
25	0.01435	0.01127	0.01308	0.01056	0.01492	0.01005	0.00823	0.06137	0.12569	0.05374	0.06269	0.13156	0.02010	0.00875	0.00606	0.00161	0.00484	0.00743	0.00523	0.42846
26	0.03260	0.01486	0.04721	0.01356	0.01718	0.04600	0.05160	0.23447	0.06216	0.11967	0.01794	0.02370	0.01507	0.19013	0.03577	0.00337	0.05384	0.00695	0.00532	0.00860
27	0.01499	0.05581	0.22617	0.19778	0.05855	0.04793	0.17278	0.04024	0.08207	0.02071	0.01350	0.01657	0.01011	0.00646	0.00663	0.00210	0.00920	0.00598	0.00347	0.00894
28	0.00789	0.00662	0.00680	0.00685	0.00891	0.00559	0.00506	0.00954	0.01488	0.01790	0.08671	0.09292	0.65310	0.03738	0.00851	0.00235	0.00343	0.01392	0.00609	0.00553
29	0.02281	0.01920	0.01817	0.01489	0.01944	0.13587	0.01192	0.40074	0.20864	0.05281	0.01806	0.01765	0.01324	0.00800	0.00651	0.00200	0.00741	0.00607	0.00614	0.01042
30	0.01647	0.06246	0.05395	0.11254	0.37390	0.03672	0.11023	0.06664	0.03759	0.02173	0.01271	0.01623	0.01022	0.00636	0.00706	0.00202	0.03414	0.00594	0.00351	0.00959
31	0.01719	0.05256	0.09387	0.03454	0.06233	0.03717	0.05422	0.11929	0.01733	0.14869	0.02532	0.14838	0.09276	0.03126	0.00759	0.00223	0.00653	0.00896	0.03124	0.00855
32	0.02954	0.01120	0.01528	0.01171	0.01681	0.00968	0.00968	0.03208	0.01884	0.73213	0.02597	0.02241	0.01630	0.00815	0.00662	0.00204	0.00560	0.00662	0.00815	0.01120
33	0.01482	0.01017	0.01156	0.01133	0.03901	0.08489	0.00782	0.04596	0.03571	0.06741	0.10019	0.02270	0.01790	0.01719	0.01786	0.47345	0.00617	0.00645	0.00414	0.00528
34	0.01755	0.09256	0.13369	0.10098	0.09765	0.11494	0.08396	0.07524	0.04963	0.07196	0.01430	0.01763	0.01132	0.04678	0.04155	0.00258	0.00908	0.00582	0.00396	0.00883
35	0.01554	0.12241	0.07221	0.08516	0.14428	0.03757	0.26924	0.01969	0.01474	0.04441	0.01499	0.08529	0.01306	0.00731	0.00677	0.00206	0.00869	0.00735	0.02056	0.00866
36	0.00869	0.00634	0.00873	0.04392	0.01193	0.00617	0.00748	0.01032	0.01309	0.01733	0.03490	0.60619	0.04093	0.01954	0.00844	0.00272	0.00445	0.13733	0.00596	0.00557
37	0.01617	0.01352	0.01451	0.01074	0.01633	0.06187	0.00858	0.06375	0.01547	0.06648	0.01275	0.01421	0.01016	0.00541	0.00517	0.00116	0.00558	0.00423	0.00430	0.64960
38	0.01034	0.01023	0.08140	0.00955	0.01212	0.00804	0.00804	0.05557	0.04501	0.02141	0.17146	0.20184	0.24800	0.04849	0.00869	0.00243	0.00449	0.01243	0.03391	0.00656
39	0.01190	0.01012	0.01030	0.00958	0.01199	0.06068	0.00728	0.01772	0.16336	0.03967	0.32008	0.04488	0.24122	0.01285	0.00739	0.00212	0.00429	0.01088	0.00655	0.00712
40	0.01086	0.00871	0.01085	0.01224	0.07422	0.00878	0.00819	0.01631	0.15760	0.02122	0.12392	0.27370	0.15685	0.01473	0.00758	0.00234	0.00435	0.04367	0.03683	0.00704
41	0.01751	0.01508	0.02537	0.05868	0.63607	0.01501	0.01909	0.02129	0.01532	0.09260	0.01372	0.01694	0.01097	0.00612	0.00653	0.00197	0.00763	0.00594	0.00374	0.01041
42	0.01647	0.01612	0.02612	0.06772	0.67218	0.04471	0.01983	0.02031	0.01506	0.02111	0.01227	0.01617	0.01028	0.00593	0.00650	0.00195	0.00802	0.00580	0.00325	0.01019
43	0.00811	0.00579	0.00774	0.00927	0.00969	0.00543	0.00627	0.00932	0.01269	0.01691	0.03623	0.74020	0.04334	0.02054	0.00843	0.00269	0.00390	0.04197	0.00611	0.00537
44	0.01385	0.02992	0.56710	0.02236	0.10943	0.01550	0.10804	0.02080	0.01423	0.02095	0.01207	0.01465	0.00878	0.00612	0.00647	0.00209	0.00968	0.00534	0.00290	0.00970
45	0.00846	0.00632	0.00901	0.00982	0.01057	0.00589	0.03407	0.00999	0.01336	0.01799	0.10804	0.65886	0.04416	0.01926	0.00831	0.00259	0.00404	0.01756	0.00612	0.00558
46	0.00797	0.00594	0.00743	0.00862	0.00940	0.00539	0.00587	0.00923	0.01313	0.01702	0.04298	0.61005	0.19351	0.01975	0.00827	0.00257	0.00371	0.01765	0.00611	0.00539
47	0.01533	0.01541	0.02007	0.01718	0.01756	0.05636	0.01424	0.04372	0.01134	0.01687	0.00900	0.01433	0.00873	0.01114	0.02022	0.00279	0.68955	0.00569	0.00305	0.00738
48	0.01243	0.01170	0.01975	0.75282	0.04534	0.01463	0.01828	0.01682	0.01316	0.01682	0.01170	0.01755	0.00878	0.00658	0.00658	0.00219	0.00878	0.00585	0.00293	0.00731
49	0.01325	0.01099	0.01401	0.07229	0.01639	0.03712	0.01030	0.11692	0.01403	0.01927	0.01633	0.05535	0.01547	0.10181	0.33254	0.00634	0.12951	0.00725	0.00399	0.00685
50	0.00855	0.00625	0.00792	0.00908	0.00983	0.00587	0.00619	0.03203	0.01348	0.01773	0.03911	0.65923	0.12080	0.01975	0.00827	0.00260	0.00388	0.01774	0.00613	0.00556
51	0.01668	0.01845	0.03542	0.05491	0.03293	0.06372	0.58258	0.07004	0.01674	0.02205	0.01323	0.01723	0.00993	0.00584	0.00752	0.00217	0.01078	0.00733	0.00355	0.00890
52	0.01955	0.20138	0.09464	0.06482	0.12100	0.18965	0.01458	0.12788	0.01778	0.04557	0.01277	0.03838	0.01059	0.00699	0.00589	0.00182	0.00854	0.00528	0.00389	0.00901
53	0.20701	0.04810	0.01458	0.01152	0.01485	0.05051	0.00925	0.12853	0.01527	0.07334	0.01399	0.01846	0.01196	0.09370	0.10540	0.00353	0.08297	0.00553	0.00445	0.08705

[dist]
# distance from previous block
# <min> <max>
0	3

[block]
# block no. 6 follows, 33 sequences, length 21
# corresponding to MSA columns:
# 334-354
name=unknown_G
#
# <colnr> <probs for GDERKNQSTAVLIFYWHMCP>
#	G	D	E	R	K	N	Q	S	T	A	V	L	I	F	Y	W	H	M	C	P
0	0.01245	0.00914	0.01442	0.01438	0.08644	0.00920	0.08051	0.03981	0.04254	0.01763	0.08990	0.02549	0.05723	0.01968	0.09449	0.36233	0.00741	0.00727	0.00396	0.00573
1	0.01680	0.01817	0.05615	0.02261	0.02834	0.06813	0.44141	0.07622	0.01658	0.04299	0.01537	0.01856	0.03868	0.00671	0.00815	0.00212	0.05664	0.00712	0.00384	0.05542
2	0.00842	0.00657	0.00747	0.00747	0.00913	0.00580	0.00542	0.01036	0.01551	0.02003	0.26664	0.12933	0.39663	0.07008	0.00969	0.00252	0.00353	0.01345	0.00632	0.00563
3	0.01888	0.01573	0.01670	0.01270	0.01789	0.05987	0.01029	0.29044	0.02066	0.02880	0.01309	0.01443	0.01019	0.00651	0.00642	0.00151	0.04201	0.00481	0.00489	0.40419
4	0.00932	0.00643	0.00751	0.00779	0.00813	0.00633	0.00486	0.00984	0.01072	0.01413	0.02684	0.12854	0.08008	0.55665	0.04744	0.00555	0.00616	0.05472	0.00451	0.00445
5	0.00981	0.00720	0.00877	0.00871	0.00952	0.00733	0.00603	0.01187	0.04294	0.01814	0.20160	0.12774	0.07634	0.33566	0.01948	0.00409	0.04071	0.05337	0.00536	0.00535
6	0.01750	0.06130	0.02721	0.02871	0.33261	0.06654	0.16198	0.08492	0.07922	0.02284	0.01369	0.01658	0.01095	0.00655	0.00727	0.00203	0.04034	0.00616	0.00385	0.00973
7	0.00802	0.00573	0.00764	0.00917	0.00955	0.00535	0.00611	0.00917	0.01260	0.01681	0.03628	0.76434	0.04354	0.02062	0.00840	0.00267	0.00382	0.01872	0.00611	0.00535
8	0.01026	0.00709	0.00850	0.00798	0.00976	0.00668	0.00603	0.04035	0.01782	0.02558	0.48909	0.04537	0.13724	0.01264	0.00717	0.00199	0.00329	0.01092	0.14591	0.00631
9	0.06569	0.07464	0.17817	0.06482	0.07051	0.15667	0.10361	0.04769	0.01523	0.02012	0.01341	0.05829	0.01173	0.00784	0.00748	0.00209	0.06282	0.02728	0.00354	0.00837
10	0.00958	0.00657	0.00853	0.00956	0.01073	0.00610	0.00714	0.01132	0.01389	0.05077	0.04054	0.45157	0.15460	0.01882	0.00838	0.00265	0.00435	0.17288	0.00619	0.00582
11	0.01004	0.00685	0.00846	0.00796	0.00977	0.00622	0.00601	0.01286	0.01763	0.05177	0.52614	0.04884	0.17611	0.01340	0.00749	0.00206	0.00324	0.01163	0.06726	0.00628
12	0.01770	0.09699	0.13579	0.02118	0.07008	0.04785	0.27086	0.09177	0.06634	0.07297	0.01517	0.01829	0.01161	0.00675	0.00678	0.00206	0.00897	0.02523	0.00418	0.00944
13	0.01779	0.01730	0.03935	0.11994	0.16232	0.15275	0.04048	0.11881	0.04110	0.05612	0.03935	0.08624	0.04225	0.00876	0.00713	0.00207	0.02767	0.00734	0.00453	0.00868
14	0.00984	0.00819	0.00878	0.00958	0.01064	0.05887	0.00667	0.03552	0.01424	0.01814	0.06415	0.56379	0.13015	0.01838	0.00805	0.00250	0.00443	0.01632	0.00598	0.00578
15	0.01735	0.41618	0.18986	0.01406	0.01993	0.15054	0.01446	0.02071	0.01457	0.01713	0.01179	0.01613	0.01054	0.00688	0.00534	0.00173	0.00845	0.05278	0.00314	0.00842
16	0.00950	0.00910	0.04203	0.00987	0.01123	0.05884	0.00740	0.01113	0.01357	0.01720	0.03815	0.53913	0.14939	0.01824	0.00805	0.00252	0.00467	0.03847	0.00576	0.00577
17	0.01875	0.11264	0.05090	0.03943	0.09777	0.14313	0.05943	0.16385	0.06869	0.02408	0.01490	0.01923	0.01243	0.00744	0.00625	0.00187	0.00801	0.05395	0.00441	0.09285
18	0.05305	0.04568	0.07696	0.10014	0.24117	0.05221	0.06339	0.07764	0.05260	0.02192	0.01424	0.06645	0.01238	0.00791	0.00805	0.00214	0.08469	0.00659	0.00384	0.00897
19	0.05758	0.03227	0.03528	0.01093	0.01470	0.06252	0.00898	0.06764	0.01730	0.31363	0.07434	0.05402	0.05887	0.03960	0.03377	0.00245	0.00611	0.00745	0.09381	0.00872
20	0.03945	0.04246	0.03700	0.09982	0.03677	0.06314	0.01072	0.06723	0.17152	0.05000	0.06423	0.10222	0.09493	0.00996	0.00661	0.00204	0.00602	0.00830	0.00529	0.08228

[dist]
# distance from previous block
# <min> <max>
3	32

[block]
# block no. 7 follows, 33 sequences, length 47
# corresponding to MSA columns:
# 392-438
name=unknown_H
#
# <colnr> <probs for GDERKNQSTAVLIFYWHMCP>
#	G	D	E	R	K	N	Q	S	T	A	V	L	I	F	Y	W	H	M	C	P
0	0.09846	0.10159	0.11026	0.01651	0.10165	0.10075	0.03289	0.03923	0.08878	0.08846	0.08751	0.04648	0.01758	0.00936	0.03086	0.00226	0.00749	0.00646	0.00466	0.00873
1	0.01817	0.06742	0.04069	0.01363	0.04788	0.04717	0.01083	0.23504	0.07038	0.06178	0.09055	0.03859	0.03832	0.00940	0.02769	0.00204	0.00655	0.00659	0.00544	0.16186
2	0.01593	0.03222	0.01605	0.07651	0.03658	0.10377	0.03116	0.08873	0.08265	0.04204	0.01868	0.07484	0.03885	0.02919	0.05488	0.00247	0.00747	0.02641	0.00463	0.21692
3	0.05695	0.04604	0.07444	0.06119	0.12223	0.06997	0.05012	0.21624	0.09894	0.04258	0.06529	0.01976	0.03170	0.00775	0.00648	0.00201	0.00739	0.00639	0.00502	0.00950
4	0.01726	0.01734	0.07382	0.06730	0.10851	0.09464	0.06309	0.15369	0.07488	0.04029	0.01955	0.02156	0.07830	0.02779	0.02491	0.00227	0.02170	0.00660	0.00460	0.08191
5	0.00852	0.00662	0.00781	0.00815	0.00979	0.00591	0.00615	0.01058	0.01542	0.01982	0.20891	0.19038	0.36502	0.01684	0.00805	0.00237	0.00370	0.09388	0.00637	0.00573
6	0.01953	0.42720	0.07431	0.01396	0.01886	0.23336	0.01279	0.05512	0.01562	0.01732	0.00992	0.01164	0.00860	0.00646	0.00598	0.00165	0.05209	0.00407	0.00317	0.00836
7	0.02459	0.01361	0.01550	0.01217	0.01680	0.04004	0.00992	0.24579	0.02188	0.35354	0.02314	0.02177	0.04903	0.00827	0.00638	0.00193	0.00599	0.00652	0.08276	0.04038
8	0.02520	0.01451	0.01690	0.01312	0.01814	0.01476	0.01076	0.32877	0.07536	0.32078	0.02206	0.02043	0.03464	0.00819	0.00656	0.00198	0.00620	0.00646	0.00709	0.04808
9	0.01415	0.01302	0.03085	0.06685	0.01735	0.07143	0.03259	0.02363	0.30867	0.02341	0.10764	0.13520	0.02587	0.01056	0.00682	0.00216	0.00564	0.00909	0.08687	0.00821
10	0.01139	0.00725	0.00891	0.00886	0.00984	0.00737	0.00599	0.01361	0.06074	0.07304	0.02458	0.19514	0.02599	0.35608	0.12460	0.00533	0.00716	0.01069	0.03773	0.00567
11	0.00817	0.00596	0.00770	0.00879	0.00952	0.00549	0.00601	0.00964	0.01368	0.01822	0.13371	0.59372	0.11666	0.01923	0.00825	0.00254	0.00367	0.01728	0.00627	0.00549
12	0.02838	0.01306	0.01643	0.01259	0.01773	0.01243	0.01040	0.20498	0.02195	0.55485	0.02336	0.02071	0.01499	0.00809	0.00661	0.00202	0.00602	0.00644	0.00775	0.01120
13	0.01445	0.01191	0.01293	0.01176	0.01484	0.01336	0.00908	0.02846	0.50880	0.02709	0.19296	0.03044	0.02994	0.00994	0.00683	0.00215	0.00458	0.00843	0.05287	0.00917
14	0.00942	0.00701	0.01037	0.01037	0.01147	0.00811	0.00797	0.01162	0.01052	0.01513	0.01783	0.02693	0.01692	0.09407	0.69849	0.01032	0.01693	0.00721	0.00356	0.00576
15	0.01134	0.00573	0.00845	0.00851	0.00858	0.00572	0.00569	0.00884	0.00892	0.01211	0.01273	0.04809	0.01284	0.02223	0.02431	0.74886	0.00555	0.00622	0.03219	0.00307
16	0.17819	0.01226	0.01469	0.01150	0.01642	0.01179	0.00949	0.10136	0.01868	0.52524	0.02170	0.01948	0.01401	0.00774	0.00613	0.00203	0.00568	0.00597	0.00721	0.01043
17	0.00813	0.00646	0.00730	0.00755	0.00922	0.00563	0.00549	0.00995	0.01514	0.01920	0.18514	0.22268	0.44091	0.01697	0.00792	0.00230	0.00340	0.01463	0.00633	0.00563
18	0.01165	0.01169	0.08601	0.09975	0.12249	0.00975	0.03263	0.01497	0.01506	0.04616	0.15582	0.17470	0.12090	0.01252	0.00747	0.00227	0.00581	0.05785	0.00519	0.00731
19	0.01634	0.02256	0.26311	0.02065	0.02706	0.06251	0.26772	0.02146	0.01489	0.09208	0.01443	0.04805	0.01128	0.00734	0.00837	0.00220	0.08049	0.00673	0.00372	0.00901
20	0.01501	0.01692	0.03666	0.02645	0.03267	0.01586	0.65481	0.02025	0.01533	0.02079	0.01493	0.07004	0.01234	0.00661	0.00781	0.00225	0.01059	0.00854	0.00352	0.00863
21	0.01620	0.01781	0.03751	0.02686	0.03343	0.01691	0.65526	0.06902	0.01662	0.02252	0.01349	0.01762	0.01007	0.00571	0.00769	0.00220	0.01083	0.00764	0.00356	0.00904
22	0.14372	0.04945	0.26503	0.04163	0.09154	0.05744	0.14342	0.03708	0.01453	0.02203	0.01449	0.04072	0.03677	0.00699	0.00626	0.00207	0.00856	0.00605	0.00351	0.00872
23	0.01765	0.11017	0.01788	0.01312	0.01636	0.07584	0.01052	0.20309	0.16206	0.02472	0.01800	0.06459	0.01590	0.09823	0.05235	0.00305	0.07587	0.00702	0.00504	0.00856
24	0.01830	0.02120	0.02133	0.01777	0.02057	0.32893	0.14745	0.02050	0.01480	0.01659	0.01195	0.01783	0.01094	0.10399	0.03069	0.00286	0.17767	0.00601	0.00334	0.00728
