[name]
unknown

[dist]
# distance from previous block
# <min> <max>
0	9

[block]
# block no. 0 follows, 33 sequences, length 76
# corresponding to MSA columns:
# 9-84
name=unknown_A
#
# <colnr> <probs for GDERKNQSTAVLIFYWHMCP>
#	G	D	E	R	K	N	Q	S	T	A	V	L	I	F	Y	W	H	M	C	P
0	0.01061	0.00758	0.01061	0.01212	0.01364	0.00758	0.01061	0.01364	0.01515	0.01970	0.03486	0.07426	0.03789	0.01819	0.00909	0.00303	0.00606	0.68326	0.00606	0.00606
1	0.01992	0.01492	0.01623	0.01348	0.01769	0.01655	0.01079	0.29252	0.33930	0.07881	0.08811	0.02335	0.02035	0.00891	0.00675	0.00211	0.00583	0.00722	0.00680	0.01038
2	0.01588	0.05186	0.03109	0.05716	0.09099	0.06424	0.37652	0.01987	0.01422	0.01914	0.01169	0.01613	0.00949	0.00709	0.01054	0.00228	0.18353	0.00663	0.00318	0.00846
3	0.00784	0.00643	0.00692	0.00731	0.00906	0.00550	0.00529	0.00938	0.01439	0.01753	0.05889	0.24323	0.55006	0.01769	0.00794	0.00234	0.00346	0.01513	0.00611	0.00550
4	0.01617	0.04256	0.02669	0.07096	0.67188	0.01597	0.01980	0.02004	0.01485	0.02108	0.01224	0.01614	0.01028	0.00589	0.00644	0.00195	0.00784	0.00578	0.00323	0.01022
5	0.00940	0.00705	0.01058	0.01058	0.01176	0.00823	0.00823	0.01176	0.01058	0.01528	0.01763	0.02586	0.01646	0.04937	0.74255	0.01058	0.01763	0.00705	0.00353	0.00588
6	0.00961	0.00687	0.00917	0.01046	0.01143	0.00672	0.00803	0.03176	0.01407	0.01857	0.03461	0.44389	0.03970	0.04286	0.00942	0.00291	0.00490	0.28322	0.00604	0.00576
7	0.00807	0.00605	0.00750	0.00857	0.00949	0.00549	0.00594	0.00946	0.01348	0.01744	0.06582	0.54229	0.22061	0.01931	0.00824	0.00255	0.00373	0.03438	0.00615	0.00545
8	0.00819	0.00585	0.00783	0.00936	0.00981	0.00549	0.00640	0.00946	0.01277	0.01699	0.03619	0.71942	0.04317	0.02047	0.00845	0.00270	0.00397	0.06198	0.00611	0.00539
9	0.01347	0.00805	0.00985	0.00896	0.01138	0.00741	0.00679	0.01687	0.06551	0.16689	0.28043	0.10347	0.20757	0.05262	0.00885	0.00239	0.00405	0.01143	0.00686	0.00718
10	0.02503	0.01844	0.01976	0.01515	0.02042	0.02042	0.01251	0.70562	0.03095	0.04149	0.01581	0.01581	0.01120	0.00790	0.00659	0.00198	0.00724	0.00593	0.00659	0.01120
11	0.01260	0.01188	0.02005	0.72122	0.07560	0.01467	0.01837	0.01697	0.01324	0.01703	0.01173	0.01750	0.00885	0.00655	0.00658	0.00218	0.00873	0.00585	0.00294	0.00745
12	0.01554	0.01776	0.03885	0.02775	0.03441	0.01665	0.70366	0.02109	0.01554	0.02109	0.01332	0.01776	0.00999	0.00555	0.00777	0.00222	0.01110	0.00777	0.00333	0.00888
13	0.81514	0.01273	0.00968	0.00866	0.01273	0.01477	0.00713	0.01935	0.01120	0.02954	0.00917	0.01069	0.00713	0.00611	0.00407	0.00204	0.00509	0.00356	0.00407	0.00713
14	0.01629	0.01564	0.02672	0.04041	0.72757	0.01564	0.02020	0.02020	0.01499	0.02151	0.01238	0.01629	0.01043	0.00587	0.00652	0.00196	0.00782	0.00587	0.00326	0.01043
15	0.00926	0.00741	0.00836	0.00807	0.01012	0.00690	0.00606	0.01318	0.08740	0.02207	0.31562	0.08111	0.37075	0.01480	0.00769	0.00218	0.00346	0.01266	0.00661	0.00630
16	0.01243	0.01170	0.01975	0.75282	0.04534	0.01463	0.01828	0.01682	0.01316	0.01682	0.01170	0.01755	0.00878	0.00658	0.00658	0.00219	0.00878	0.00585	0.00293	0.00731
17	0.00802	0.00573	0.00764	0.00917	0.00955	0.00535	0.00611	0.00917	0.01260	0.01681	0.03628	0.76434	0.04354	0.02062	0.00840	0.00267	0.00382	0.01872	0.00611	0.00535
18	0.01218	0.00996	0.01433	0.01525	0.10112	0.00976	0.06352	0.03374	0.07528	0.03852	0.11104	0.05064	0.19371	0.01356	0.00790	0.00243	0.00565	0.22831	0.00577	0.00733
19	0.01470	0.01417	0.02458	0.32553	0.41657	0.01529	0.05622	0.01889	0.01429	0.01960	0.01216	0.01688	0.00974	0.00614	0.00661	0.00207	0.00838	0.00596	0.00313	0.00909
20	0.01144	0.00572	0.00858	0.00858	0.00858	0.00572	0.00572	0.00858	0.00858	0.01144	0.01144	0.02001	0.01144	0.02287	0.02573	0.80846	0.00572	0.00572	0.00286	0.00286
21	0.00944	0.00691	0.00987	0.00987	0.01080	0.00784	0.00734	0.01130	0.01037	0.01476	0.01828	0.02946	0.01802	0.19950	0.59456	0.00970	0.01529	0.00758	0.00362	0.00548
22	0.01706	0.03599	0.04259	0.08040	0.02098	0.01497	0.08455	0.10115	0.20620	0.10369	0.04843	0.02328	0.05233	0.01001	0.03126	0.00244	0.07439	0.00716	0.03404	0.00908
23	0.01879	0.01230	0.01460	0.01107	0.01633	0.01072	0.00891	0.09544	0.07099	0.19820	0.01761	0.04131	0.01341	0.00683	0.00574	0.00150	0.00530	0.00554	0.00552	0.43988
24	0.00907	0.00658	0.00900	0.00967	0.01051	0.00686	0.00710	0.01075	0.01181	0.01604	0.02804	0.27182	0.05627	0.13906	0.28762	0.00620	0.00963	0.09368	0.00483	0.00545
25	0.02082	0.15547	0.05781	0.01375	0.01895	0.01899	0.01201	0.30724	0.19222	0.08004	0.01762	0.01726	0.01302	0.00755	0.00610	0.00191	0.00663	0.00577	0.00573	0.04111
26	0.02102	0.01422	0.04557	0.01434	0.01961	0.03971	0.11792	0.06646	0.05606	0.30092	0.02137	0.04464	0.03990	0.00774	0.00653	0.00189	0.00665	0.00678	0.00588	0.16280
27	0.07559	0.01614	0.02382	0.06023	0.52674	0.04402	0.01779	0.09390	0.03683	0.02402	0.01282	0.01595	0.01041	0.00625	0.00633	0.00197	0.00768	0.00569	0.00377	0.01005
28	0.01477	0.07762	0.52983	0.01856	0.02702	0.01550	0.10276	0.02126	0.01428	0.06986	0.01302	0.01517	0.00939	0.00782	0.03298	0.00236	0.00972	0.00532	0.00325	0.00951
29	0.01615	0.01648	0.05903	0.03942	0.69566	0.01563	0.02039	0.02023	0.01494	0.02148	0.01236	0.01618	0.01033	0.00588	0.00651	0.00196	0.00791	0.00582	0.00324	0.01040
30	0.02206	0.01754	0.04132	0.01535	0.01993	0.12215	0.07374	0.13287	0.21816	0.20875	0.02012	0.01949	0.01436	0.00796	0.00717	0.00208	0.03447	0.00642	0.00601	0.01005
31	0.01517	0.01439	0.02456	0.03584	0.60982	0.01430	0.03993	0.01876	0.01469	0.02087	0.01560	0.11618	0.01483	0.00783	0.00681	0.00206	0.00739	0.00764	0.00364	0.00970
32	0.00801	0.00671	0.00698	0.00702	0.00917	0.00569	0.00533	0.00982	0.01524	0.01841	0.10627	0.06297	0.65217	0.01654	0.00784	0.00225	0.00344	0.04433	0.00618	0.00562
33	0.00933	0.00648	0.00765	0.00797	0.00947	0.00586	0.00582	0.01135	0.01494	0.03803	0.17598	0.26587	0.26806	0.01599	0.00759	0.00227	0.00355	0.03522	0.10275	0.00585
34	0.01597	0.01599	0.02262	0.33324	0.33579	0.10300	0.01826	0.04142	0.01518	0.01954	0.01194	0.01627	0.00953	0.00634	0.00648	0.00202	0.00869	0.00567	0.00324	0.00882
35	0.01672	0.25992	0.39543	0.01594	0.02338	0.11581	0.01818	0.02166	0.01457	0.04614	0.01132	0.01293	0.00870	0.00621	0.00560	0.00182	0.00903	0.00444	0.00308	0.00911
36	0.00824	0.00594	0.00781	0.00892	0.00958	0.00551	0.00609	0.00976	0.01377	0.01855	0.16009	0.61069	0.07222	0.01920	0.00827	0.00255	0.00367	0.01732	0.00631	0.00551
37	0.01764	0.01389	0.01500	0.01312	0.01705	0.01559	0.01029	0.07086	0.58423	0.08398	0.04359	0.02422	0.02008	0.00881	0.00666	0.00216	0.00529	0.00731	0.00674	0.03349
38	0.01841	0.01313	0.01564	0.01211	0.01726	0.01232	0.02954	0.09921	0.19046	0.14989	0.01844	0.01825	0.01363	0.00681	0.00590	0.00162	0.00553	0.00559	0.00562	0.36065
39	0.01352	0.01188	0.01202	0.01158	0.01410	0.06235	0.00871	0.04267	0.33363	0.02256	0.03324	0.24840	0.11306	0.01342	0.00734	0.00234	0.00512	0.02983	0.00620	0.00803
40	0.00896	0.00703	0.00814	0.00781	0.00975	0.00638	0.00587	0.01213	0.04797	0.02271	0.40754	0.05425	0.34822	0.01465	0.00772	0.00214	0.00330	0.01257	0.00673	0.00611
41	0.00802	0.00573	0.00764	0.00917	0.00955	0.00535	0.00611	0.00917	0.01260	0.01681	0.03628	0.76434	0.04354	0.02062	0.00840	0.00267	0.00382	0.01872	0.00611	0.00535
42	0.05639	0.01518	0.01743	0.01346	0.01857	0.01574	0.01110	0.38827	0.04479	0.31996	0.01998	0.01853	0.01336	0.00796	0.00651	0.00201	0.00644	0.00616	0.00713	0.01102
43	0.01243	0.01170	0.01975	0.75282	0.04534	0.01463	0.01828	0.01682	0.01316	0.01682	0.01170	0.01755	0.00878	0.00658	0.00658	0.00219	0.00878	0.00585	0.00293	0.00731
44	0.01629	0.01564	0.02672	0.04041	0.72757	0.01564	0.02020	0.02020	0.01499	0.02151	0.01238	0.01629	0.01043	0.00587	0.00652	0.00196	0.00782	0.00587	0.00326	0.01043
45	0.01883	0.01216	0.01491	0.01210	0.04372	0.01054	0.00925	0.09091	0.04188	0.20856	0.01777	0.05831	0.01387	0.00709	0.00583	0.00153	0.00537	0.00584	0.00548	0.41605
46	0.01597	0.01532	0.02614	0.09945	0.67103	0.01556	0.02004	0.01992	0.01484	0.02112	0.01233	0.01640	0.01029	0.00593	0.00652	0.00198	0.00790	0.00586	0.00323	0.01017
47	0.01061	0.00758	0.01061	0.01212	0.01364	0.00758	0.01061	0.01364	0.01515	0.01970	0.03486	0.07426	0.03789	0.01819	0.00909	0.00303	0.00606	0.68326	0.00606	0.00606
48	0.01227	0.00614	0.00614	0.00614	0.00767	0.00614	0.00460	0.01534	0.01381	0.02454	0.02148	0.02454	0.01687	0.00767	0.00460	0.00153	0.00307	0.00614	0.80518	0.00614
49	0.02459	0.03138	0.01866	0.01696	0.02035	0.74221	0.01272	0.02629	0.01866	0.01611	0.01018	0.01187	0.00848	0.00678	0.00594	0.00170	0.01187	0.00424	0.00339	0.00763
50	0.00778	0.00667	0.00667	0.00667	0.00889	0.00556	0.00500	0.00945	0.01501	0.01778	0.06669	0.06336	0.72490	0.01667	0.00778	0.00222	0.00333	0.01389	0.00611	0.00556
51	0.00837	0.00623	0.00779	0.00837	0.00950	0.00566	0.00591	0.01023	0.01496	0.01997	0.25459	0.39775	0.19138	0.01759	0.00808	0.00239	0.00350	0.01561	0.00646	0.00566
52	0.01351	0.08548	0.68578	0.01824	0.02769	0.01604	0.02341	0.02077	0.01386	0.02048	0.01163	0.01367	0.00835	0.00621	0.00611	0.00204	0.00954	0.00477	0.00278	0.00964
53	0.00941	0.00703	0.01045	0.01045	0.01158	0.00816	0.00807	0.01167	0.01054	0.01519	0.01775	0.02652	0.01675	0.07704	0.71528	0.01042	0.01720	0.00715	0.00354	0.00581
54	0.08174	0.01817	0.02526	0.01907	0.02423	0.07375	0.25766	0.30297	0.02149	0.02964	0.01383	0.01602	0.01031	0.00700	0.00738	0.00207	0.04288	0.00627	0.03082	0.00944
55	0.01760	0.77260	0.03450	0.01126	0.01690	0.02605	0.01126	0.01971	0.01338	0.01549	0.00915	0.01056	0.00845	0.00563	0.00422	0.00141	0.00704	0.00352	0.00282	0.00845
56	0.01435	0.03610	0.02030	0.01691	0.01711	0.01999	0.01413	0.01584	0.01019	0.01582	0.00892	0.01463	0.00886	0.01245	0.04207	0.00306	0.71343	0.00573	0.00290	0.00720
57	0.01605	0.01540	0.02629	0.08487	0.68499	0.01558	0.02008	0.01999	0.01488	0.02121	0.01234	0.01637	0.01032	0.00591	0.00652	0.00197	0.00788	0.00586	0.00324	0.01023
58	0.00919	0.00672	0.00863	0.00815	0.00976	0.00616	0.00611	0.01218	0.01834	0.02570	0.67047	0.05033	0.11618	0.01372	0.00777	0.00208	0.00312	0.01207	0.00715	0.00616
59	0.01026	0.00695	0.00904	0.00839	0.01014	0.00636	0.00634	0.01329	0.01851	0.06104	0.66473	0.04838	0.08483	0.01332	0.00771	0.00207	0.00324	0.01172	0.00725	0.00643
60	0.00940	0.00705	0.01058	0.01058	0.01176	0.00823	0.00823	0.01176	0.01058	0.01528	0.01763	0.02586	0.01646	0.04937	0.74255	0.01058	0.01763	0.00705	0.00353	0.00588
61	0.01439	0.01369	0.02327	0.39248	0.39041	0.01514	0.01925	0.01853	0.01409	0.01919	0.01205	0.01692	0.00961	0.00622	0.00655	0.00207	0.00829	0.00586	0.00309	0.00889
62	0.01270	0.01198	0.02023	0.70306	0.09299	0.01470	0.01842	0.01706	0.01329	0.01715	0.01175	0.01746	0.00889	0.00653	0.00658	0.00218	0.00871	0.00585	0.00295	0.00753
63	0.00940	0.00705	0.01058	0.01058	0.01176	0.00823	0.00823	0.01176	0.01058	0.01528	0.01763	0.02586	0.01646	0.04937	0.74255	0.01058	0.01763	0.00705	0.00353	0.00588
64	0.02954	0.01120	0.01528	0.01171	0.01681	0.00968	0.00968	0.03208	0.01884	0.73213	0.02597	0.02241	0.01630	0.00815	0.00662	0.00204	0.00560	0.00662	0.00815	0.01120
65	0.02503	0.01844	0.01976	0.01515	0.02042	0.02042	0.01251	0.70562	0.03095	0.04149	0.01581	0.01581	0.01120	0.00790	0.00659	0.00198	0.00724	0.00593	0.00659	0.01120
66	0.00802	0.00573	0.00764	0.00917	0.00955	0.00535	0.00611	0.00917	0.01260	0.01681	0.03628	0.76434	0.04354	0.02062	0.00840	0.00267	0.00382	0.01872	0.00611	0.00535
67	0.00944	0.00692	0.00988	0.00988	0.01081	0.00785	0.00735	0.01131	0.01037	0.01476	0.01827	0.02941	0.01800	0.19766	0.59637	0.00971	0.01531	0.00757	0.00362	0.00549
68	0.00957	0.00638	0.00718	0.00718	0.00718	0.00638	0.00399	0.00957	0.00957	0.01276	0.02074	0.04308	0.02393	0.76864	0.03351	0.00638	0.00638	0.00957	0.00399	0.00399
69	0.00813	0.00668	0.00715	0.00704	0.00911	0.00571	0.00528	0.01012	0.01583	0.01974	0.21612	0.06013	0.57425	0.01594	0.00778	0.00219	0.00328	0.01344	0.00637	0.00571
70	0.01341	0.00676	0.00749	0.00705	0.00897	0.00648	0.00537	0.01638	0.01509	0.09636	0.12956	0.02950	0.05033	0.00893	0.00540	0.00169	0.00334	0.00735	0.57391	0.00664
71	0.81514	0.01273	0.00968	0.00866	0.01273	0.01477	0.00713	0.01935	0.01120	0.02954	0.00917	0.01069	0.00713	0.00611	0.00407	0.00204	0.00509	0.00356	0.00407	0.00713
72	0.00801	0.00668	0.00699	0.00691	0.00903	0.00566	0.00518	0.00989	0.01555	0.01907	0.16470	0.06124	0.62609	0.01619	0.00778	0.00220	0.00330	0.01360	0.00628	0.00566
73	0.01913	0.09337	0.01826	0.01386	0.01807	0.07722	0.01121	0.19620	0.40095	0.02858	0.02118	0.02133	0.01628	0.00842	0.00642	0.00206	0.00646	0.02494	0.00599	0.01006
74	0.01665	0.01367	0.01631	0.01236	0.01753	0.05037	0.06246	0.12271	0.01701	0.07196	0.01645	0.06849	0.03091	0.00711	0.00585	0.00148	0.00603	0.00600	0.00474	0.45189
75	0.05991	0.35929	0.31040	0.01471	0.02165	0.09629	0.01640	0.02084	0.01402	0.01845	0.01032	0.01204	0.00834	0.00603	0.00520	0.00174	0.00851	0.00413	0.00293	0.00880

[dist]
# distance from previous block
# <min> <max>
0	1

[block]
# block no. 1 follows, 33 sequences, length 79
# corresponding to MSA columns:
# 86-164
name=unknown_B
#
# <colnr> <probs for GDERKNQSTAVLIFYWHMCP>
#	G	D	E	R	K	N	Q	S	T	A	V	L	I	F	Y	W	H	M	C	P
0	0.01852	0.67810	0.03260	0.01181	0.01734	0.04975	0.01143	0.08308	0.01517	0.01790	0.00980	0.01109	0.00870	0.00588	0.00450	0.00147	0.00722	0.00377	0.00318	0.00867
1	0.02459	0.03138	0.01866	0.01696	0.02035	0.74221	0.01272	0.02629	0.01866	0.01611	0.01018	0.01187	0.00848	0.00678	0.00594	0.00170	0.01187	0.00424	0.00339	0.00763
2	0.01320	0.03405	0.73453	0.01876	0.02849	0.01529	0.02432	0.02085	0.01390	0.02085	0.01181	0.01390	0.00834	0.00625	0.00625	0.00208	0.00973	0.00486	0.00278	0.00973
3	0.00802	0.00573	0.00764	0.00917	0.00955	0.00535	0.00611	0.00917	0.01260	0.01681	0.03628	0.76434	0.04354	0.02062	0.00840	0.00267	0.00382	0.01872	0.00611	0.00535
4	0.00802	0.00573	0.00764	0.00917	0.00955	0.00535	0.00611	0.00917	0.01260	0.01681	0.03628	0.76434	0.04354	0.02062	0.00840	0.00267	0.00382	0.01872	0.00611	0.00535
5	0.01591	0.01353	0.01421	0.01284	0.01641	0.01555	0.00997	0.03325	0.66049	0.02709	0.02778	0.02577	0.04190	0.00911	0.00663	0.00220	0.00505	0.00758	0.04463	0.01007
6	0.00802	0.00573	0.00764	0.00917	0.00955	0.00535	0.00611	0.00917	0.01260	0.01681	0.03628	0.76434	0.04354	0.02062	0.00840	0.00267	0.00382	0.01872	0.00611	0.00535
7	0.01341	0.06915	0.70126	0.01841	0.02794	0.01580	0.02370	0.02079	0.01387	0.02059	0.01169	0.01374	0.00834	0.00622	0.00616	0.00205	0.00960	0.00480	0.00278	0.00967
8	0.00816	0.00655	0.00729	0.00739	0.00920	0.00567	0.00543	0.01007	0.01547	0.01956	0.20894	0.16213	0.47795	0.01653	0.00787	0.00225	0.00335	0.01415	0.00637	0.00567
9	0.00790	0.00667	0.00683	0.00679	0.00897	0.00561	0.00510	0.00968	0.01529	0.01845	0.11765	0.06226	0.67352	0.01642	0.00778	0.00221	0.00332	0.01374	0.00620	0.00561
10	0.01440	0.01440	0.02016	0.01728	0.01728	0.02016	0.01440	0.01584	0.01008	0.01584	0.00864	0.01440	0.00864	0.01152	0.02160	0.00288	0.75659	0.00576	0.00288	0.00720
11	0.01261	0.01188	0.02006	0.72062	0.07618	0.01467	0.01837	0.01697	0.01325	0.01703	0.01173	0.01749	0.00885	0.00655	0.00658	0.00218	0.00873	0.00585	0.00294	0.00745
12	0.00948	0.00674	0.00900	0.00900	0.00963	0.00737	0.00626	0.01074	0.01011	0.01411	0.01908	0.03388	0.01994	0.38411	0.41257	0.00863	0.01240	0.00823	0.00374	0.00500
13	0.00932	0.00673	0.00880	0.00828	0.00984	0.00621	0.00621	0.01242	0.01863	0.02640	0.72410	0.04918	0.06212	0.01346	0.00776	0.00207	0.00311	0.01191	0.00725	0.00621
14	0.01320	0.03405	0.73453	0.01876	0.02849	0.01529	0.02432	0.02085	0.01390	0.02085	0.01181	0.01390	0.00834	0.00625	0.00625	0.00208	0.00973	0.00486	0.00278	0.00973
15	0.01839	0.01352	0.01477	0.01291	0.01684	0.01501	0.01015	0.05777	0.55157	0.13827	0.02797	0.02556	0.04919	0.00910	0.00673	0.00219	0.00527	0.00753	0.00690	0.01036
16	0.01051	0.00751	0.01050	0.01202	0.01349	0.00750	0.01044	0.01348	0.01506	0.01960	0.03491	0.09962	0.03810	0.01828	0.00907	0.00302	0.00598	0.65884	0.00606	0.00604
17	0.01760	0.77260	0.03450	0.01126	0.01690	0.02605	0.01126	0.01971	0.01338	0.01549	0.00915	0.01056	0.00845	0.00563	0.00422	0.00141	0.00704	0.00352	0.00282	0.00845
18	0.01821	0.01470	0.01831	0.14968	0.04318	0.01652	0.04384	0.22345	0.28314	0.05185	0.05298	0.02132	0.01661	0.00816	0.00674	0.00213	0.00670	0.00687	0.00580	0.00983
19	0.00940	0.00705	0.01058	0.01058	0.01176	0.00823	0.00823	0.01176	0.01058	0.01528	0.01763	0.02586	0.01646	0.04937	0.74255	0.01058	0.01763	0.00705	0.00353	0.00588
20	0.00957	0.00638	0.00718	0.00718	0.00718	0.00638	0.00399	0.00957	0.00957	0.01276	0.02074	0.04308	0.02393	0.76864	0.03351	0.00638	0.00638	0.00957	0.00399	0.00399
21	0.65491	0.06090	0.03621	0.01005	0.01433	0.09451	0.00856	0.02018	0.01223	0.02695	0.00936	0.01092	0.00740	0.00616	0.00436	0.00196	0.00610	0.00368	0.00388	0.00735
22	0.02459	0.03138	0.01866	0.01696	0.02035	0.74221	0.01272	0.02629	0.01866	0.01611	0.01018	0.01187	0.00848	0.00678	0.00594	0.00170	0.01187	0.00424	0.00339	0.00763
23	0.00932	0.00673	0.00880	0.00828	0.00984	0.00621	0.00621	0.01242	0.01863	0.02640	0.72410	0.04918	0.06212	0.01346	0.00776	0.00207	0.00311	0.01191	0.00725	0.00621
24	0.01227	0.00614	0.00614	0.00614	0.00767	0.00614	0.00460	0.01534	0.01381	0.02454	0.02148	0.02454	0.01687	0.00767	0.00460	0.00153	0.00307	0.00614	0.80518	0.00614
25	0.01320	0.03405	0.73453	0.01876	0.02849	0.01529	0.02432	0.02085	0.01390	0.02085	0.01181	0.01390	0.00834	0.00625	0.00625	0.00208	0.00973	0.00486	0.00278	0.00973
26	0.00802	0.00573	0.00764	0.00917	0.00955	0.00535	0.00611	0.00917	0.01260	0.01681	0.03628	0.76434	0.04354	0.02062	0.00840	0.00267	0.00382	0.01872	0.00611	0.00535
27	0.01760	0.77260	0.03450	0.01126	0.01690	0.02605	0.01126	0.01971	0.01338	0.01549	0.00915	0.01056	0.00845	0.00563	0.00422	0.00141	0.00704	0.00352	0.00282	0.00845
28	0.00778	0.00667	0.00667	0.00667	0.00889	0.00556	0.00500	0.00945	0.01501	0.01778	0.06669	0.06336	0.72490	0.01667	0.00778	0.00222	0.00333	0.01389	0.00611	0.00556
29	0.00778	0.00667	0.00667	0.00667	0.00889	0.00556	0.00500	0.00945	0.01501	0.01778	0.06669	0.06336	0.72490	0.01667	0.00778	0.00222	0.00333	0.01389	0.00611	0.00556
30	0.00957	0.00641	0.00733	0.00733	0.00739	0.00647	0.00418	0.00967	0.00962	0.01288	0.02060	0.04230	0.02360	0.73613	0.06555	0.00657	0.00689	0.00946	0.00397	0.00407
31	0.02368	0.02986	0.01879	0.01699	0.02008	0.67790	0.01287	0.02536	0.01789	0.01609	0.01004	0.01210	0.00849	0.00721	0.00733	0.00180	0.07820	0.00438	0.00335	0.00759
32	0.00957	0.00638	0.00718	0.00718	0.00718	0.00638	0.00399	0.00957	0.00957	0.01276	0.02074	0.04308	0.02393	0.76864	0.03351	0.00638	0.00638	0.00957	0.00399	0.00399
33	0.02161	0.06195	0.06273	0.01463	0.01941	0.09181	0.01245	0.29527	0.20589	0.09387	0.01817	0.01784	0.01330	0.00797	0.00690	0.00202	0.03206	0.00601	0.00586	0.01025
34	0.01561	0.01489	0.02532	0.12723	0.62175	0.01523	0.01954	0.01955	0.01488	0.02108	0.03387	0.01744	0.01179	0.00618	0.00656	0.00199	0.00780	0.00605	0.00334	0.00992
35	0.02702	0.01065	0.01447	0.01129	0.01594	0.00924	0.00924	0.02964	0.01882	0.64427	0.11289	0.02574	0.02200	0.00881	0.00676	0.00204	0.00529	0.00728	0.00804	0.01058
36	0.00940	0.00705	0.01058	0.01058	0.01176	0.00823	0.00823	0.01176	0.01058	0.01528	0.01763	0.02586	0.01646	0.04937	0.74255	0.01058	0.01763	0.00705	0.00353	0.00588
37	0.01895	0.52446	0.07356	0.01313	0.01846	0.13699	0.01250	0.07834	0.01561	0.01811	0.01002	0.01153	0.00868	0.00622	0.00534	0.00159	0.03069	0.00399	0.00322	0.00859
38	0.00778	0.00667	0.00667	0.00667	0.00889	0.00556	0.00500	0.00945	0.01501	0.01778	0.06669	0.06336	0.72490	0.01667	0.00778	0.00222	0.00333	0.01389	0.00611	0.00556
39	0.00802	0.00573	0.00764	0.00917	0.00955	0.00535	0.00611	0.00917	0.01260	0.01681	0.03628	0.76434	0.04354	0.02062	0.00840	0.00267	0.00382	0.01872	0.00611	0.00535
40	0.02203	0.30339	0.02447	0.01487	0.01908	0.47939	0.01219	0.02387	0.01672	0.01588	0.00980	0.01139	0.00847	0.00636	0.00531	0.00159	0.01010	0.00398	0.00318	0.00793
41	0.01334	0.05728	0.71251	0.01853	0.02813	0.01563	0.02391	0.02081	0.01388	0.02068	0.01173	0.01379	0.00834	0.00623	0.00619	0.00206	0.00964	0.00482	0.00278	0.00969
42	0.00963	0.00700	0.00939	0.01056	0.01191	0.00676	0.00864	0.01212	0.01490	0.01949	0.10193	0.22097	0.11284	0.01812	0.00868	0.00278	0.00502	0.40720	0.00619	0.00587
43	0.00833	0.00667	0.00749	0.00784	0.00949	0.00596	0.00566	0.01062	0.04042	0.01877	0.12623	0.27190	0.42269	0.01724	0.00793	0.00234	0.00353	0.01490	0.00626	0.00574
44	0.01025	0.00746	0.01011	0.01144	0.01304	0.00732	0.00990	0.01311	0.01514	0.01946	0.03886	0.07289	0.12437	0.01800	0.00893	0.00293	0.00572	0.59900	0.00607	0.00600
45	0.01227	0.00614	0.00614	0.00614	0.00767	0.00614	0.00460	0.01534	0.01381	0.02454	0.02148	0.02454	0.01687	0.00767	0.00460	0.00153	0.00307	0.00614	0.80518	0.00614
46	0.01760	0.77260	0.03450	0.01126	0.01690	0.02605	0.01126	0.01971	0.01338	0.01549	0.00915	0.01056	0.00845	0.00563	0.00422	0.00141	0.00704	0.00352	0.00282	0.00845
47	0.81514	0.01273	0.00968	0.00866	0.01273	0.01477	0.00713	0.01935	0.01120	0.02954	0.00917	0.01069	0.00713	0.00611	0.00407	0.00204	0.00509	0.00356	0.00407	0.00713
48	0.02563	0.01747	0.01916	0.01469	0.01993	0.01898	0.01213	0.61543	0.02933	0.13397	0.01717	0.01669	0.01188	0.00794	0.00659	0.00198	0.00702	0.00602	0.00679	0.01120
49	0.00859	0.00657	0.00769	0.00830	0.00967	0.00597	0.00613	0.01019	0.01387	0.01746	0.06421	0.22732	0.34240	0.11224	0.01138	0.00299	0.00429	0.12945	0.00586	0.00541
50	0.02245	0.01076	0.01359	0.01113	0.01524	0.01011	0.00894	0.02801	0.14908	0.44275	0.12581	0.02994	0.08288	0.00974	0.00689	0.00209	0.00499	0.00811	0.00758	0.00989
51	0.01320	0.03405	0.73453	0.01876	0.02849	0.01529	0.02432	0.02085	0.01390	0.02085	0.01181	0.01390	0.00834	0.00625	0.00625	0.00208	0.00973	0.00486	0.00278	0.00973
52	0.02171	0.01679	0.01789	0.01448	0.01915	0.01887	0.01171	0.44884	0.29312	0.03615	0.02001	0.01916	0.01460	0.00830	0.00663	0.00207	0.00647	0.00651	0.00663	0.01090
53	0.04670	0.01841	0.01945	0.03721	0.02095	0.03885	0.01254	0.64806	0.02955	0.03975	0.01535	0.01561	0.01094	0.00778	0.00650	0.00198	0.00735	0.00581	0.00632	0.01087
54	0.01591	0.01525	0.02603	0.11058	0.66037	0.01554	0.02001	0.01987	0.01481	0.02105	0.01232	0.01642	0.01027	0.00594	0.00652	0.00198	0.00791	0.00586	0.00323	0.01012
55	0.01721	0.05811	0.04273	0.07625	0.32421	0.01630	0.04536	0.04419	0.15558	0.07964	0.01602	0.01806	0.01244	0.00713	0.00748	0.00208	0.05680	0.00616	0.00436	0.00989
56	0.01616	0.15311	0.42116	0.01628	0.02376	0.06589	0.01857	0.11005	0.03920	0.02279	0.04446	0.01539	0.01155	0.00681	0.00602	0.00194	0.00866	0.00514	0.00365	0.00943
57	0.00863	0.00670	0.00785	0.00756	0.00941	0.00592	0.00567	0.01109	0.01701	0.02255	0.43036	0.05551	0.35826	0.01489	0.00777	0.00214	0.00321	0.01279	0.00674	0.00592
58	0.00799	0.00585	0.00752	0.00885	0.00947	0.00537	0.00597	0.00920	0.01291	0.01693	0.04013	0.67558	0.12981	0.02012	0.00832	0.00262	0.00376	0.01810	0.00611	0.00537
59	0.01600	0.01653	0.02362	0.06987	0.25353	0.10230	0.11467	0.02007	0.05576	0.01912	0.01279	0.01744	0.01094	0.03318	0.04566	0.00274	0.16758	0.00619	0.00343	0.00858
60	0.01839	0.05195	0.01865	0.01527	0.01792	0.18505	0.03128	0.04816	0.15090	0.07330	0.03511	0.01902	0.03467	0.01020	0.02840	0.00244	0.24023	0.00620	0.00451	0.00837
61	0.00916	0.00685	0.00858	0.00851	0.01021	0.00627	0.00662	0.01192	0.01724	0.02333	0.46201	0.05643	0.21362	0.01495	0.00798	0.00226	0.00362	0.11761	0.00680	0.00603
62	0.04590	0.01419	0.05839	0.04983	0.08305	0.01373	0.04550	0.06322	0.13361	0.27094	0.02085	0.02350	0.01558	0.00870	0.00808	0.00222	0.07313	0.05393	0.00587	0.00979
63	0.01813	0.01396	0.03760	0.01279	0.01652	0.03656	0.01046	0.13091	0.28360	0.13026	0.13483	0.02819	0.04957	0.00983	0.00753	0.00216	0.03755	0.02355	0.00655	0.00947
64	0.01061	0.00758	0.01061	0.01212	0.01364	0.00758	0.01061	0.01364	0.01515	0.01970	0.03486	0.07426	0.03789	0.01819	0.00909	0.00303	0.00606	0.68326	0.00606	0.00606
65	0.01760	0.77260	0.03450	0.01126	0.01690	0.02605	0.01126	0.01971	0.01338	0.01549	0.00915	0.01056	0.00845	0.00563	0.00422	0.00141	0.00704	0.00352	0.00282	0.00845
66	0.05998	0.01384	0.01651	0.03676	0.01865	0.01456	0.03355	0.20080	0.20448	0.24851	0.04491	0.02250	0.03780	0.00848	0.00662	0.00209	0.00603	0.00691	0.00676	0.01028
67	0.00915	0.00685	0.00872	0.00965	0.01112	0.00642	0.00771	0.01139	0.01482	0.01906	0.09836	0.22172	0.23164	0.01793	0.00847	0.00265	0.00458	0.29779	0.00618	0.00578
68	0.01347	0.09460	0.62297	0.01791	0.02684	0.01582	0.04170	0.02038	0.01412	0.02065	0.04383	0.01532	0.01083	0.00651	0.00619	0.00203	0.00924	0.00515	0.00300	0.00944
69	0.10230	0.08285	0.01898	0.01426	0.01868	0.14686	0.01161	0.32411	0.14001	0.03046	0.01521	0.01559	0.01149	0.00762	0.00651	0.00196	0.03105	0.00544	0.00535	0.00967
70	0.02285	0.02567	0.01896	0.01713	0.04236	0.46718	0.01290	0.14894	0.07347	0.02174	0.01240	0.01393	0.00994	0.00755	0.00755	0.00190	0.07783	0.00498	0.00417	0.00854
71	0.01747	0.75102	0.05495	0.01148	0.01724	0.02573	0.01165	0.01975	0.01339	0.01565	0.00923	0.01066	0.00845	0.00565	0.00428	0.00143	0.00712	0.00356	0.00282	0.00849
72	0.02162	0.14650	0.02197	0.01781	0.07902	0.42853	0.01318	0.07015	0.04072	0.01854	0.01099	0.01295	0.00922	0.00709	0.00717	0.00181	0.07625	0.00462	0.00357	0.00830
73	0.00806	0.00576	0.00768	0.00914	0.00956	0.00537	0.00611	0.00927	0.01279	0.01711	0.05797	0.74179	0.04413	0.02040	0.00838	0.00265	0.00380	0.01850	0.00615	0.00537
74	0.01698	0.43867	0.26506	0.01444	0.02116	0.10815	0.01578	0.02088	0.01418	0.01734	0.01016	0.01183	0.00842	0.00598	0.00510	0.00167	0.00851	0.00405	0.00287	0.00878
75	0.01315	0.01279	0.02273	0.60183	0.10115	0.01497	0.10472	0.01764	0.01362	0.01775	0.01196	0.01747	0.00907	0.00639	0.00673	0.00218	0.00899	0.00609	0.00300	0.00777
76	0.01047	0.00699	0.00912	0.00844	0.01022	0.00640	0.00638	0.01350	0.01854	0.06780	0.66396	0.04800	0.07851	0.01324	0.00770	0.00207	0.00326	0.01165	0.00727	0.00649
77	0.00809	0.00576	0.00762	0.00908	0.00945	0.00539	0.00602	0.00918	0.01248	0.01663	0.03562	0.73363	0.04271	0.05248	0.00947	0.00283	0.00393	0.01833	0.00602	0.00529
78	0.04807	0.01762	0.01895	0.01461	0.01972	0.01937	0.01205	0.63623	0.02949	0.07010	0.03694	0.01692	0.01280	0.00802	0.00655	0.00198	0.00699	0.00606	0.00660	0.01093

[dist]
# distance from previous block
# <min> <max>
0	0

# created by:
# /home/berkeley/.conda/envs/busco_data_prod/bin/msa2prfl.pl pipeline/OGs_align_augustus/4893/28588.fs
