[name]
unknown

[dist]
# distance from previous block
# <min> <max>
0	77

[block]
# block no. 0 follows, 32 sequences, length 15
# corresponding to MSA columns:
# 80-94
name=unknown_A
#
# <colnr> <probs for GDERKNQSTAVLIFYWHMCP>
#	G	D	E	R	K	N	Q	S	T	A	V	L	I	F	Y	W	H	M	C	P
0	0.01642	0.03317	0.01911	0.10723	0.02210	0.08868	0.11707	0.15432	0.05708	0.02357	0.04771	0.07184	0.01902	0.11498	0.01090	0.00279	0.00785	0.05210	0.02610	0.00797
1	0.02958	0.01100	0.01482	0.09618	0.14820	0.04369	0.01143	0.02856	0.01434	0.03607	0.06543	0.21963	0.04382	0.01464	0.05793	0.00285	0.06506	0.01008	0.07932	0.00735
2	0.06454	0.01225	0.01815	0.19194	0.02468	0.01319	0.09764	0.06038	0.04790	0.13346	0.08204	0.02776	0.11940	0.00947	0.00820	0.00224	0.06532	0.00798	0.00518	0.00829
3	0.04638	0.01487	0.01481	0.01268	0.01602	0.10800	0.02577	0.14389	0.16166	0.09651	0.03931	0.07193	0.01920	0.15304	0.01190	0.00291	0.00682	0.00779	0.00567	0.04082
4	0.01392	0.01302	0.01308	0.09974	0.03561	0.12274	0.00974	0.07154	0.06380	0.02241	0.18027	0.05421	0.19596	0.01315	0.03678	0.00246	0.00652	0.00953	0.02825	0.00730
5	0.01227	0.01071	0.01721	0.58504	0.03770	0.01304	0.01549	0.01604	0.01299	0.01730	0.01402	0.02194	0.01170	0.10623	0.01013	0.00274	0.00811	0.00649	0.07394	0.00690
6	0.17913	0.01502	0.01567	0.03068	0.01812	0.01635	0.01045	0.24262	0.21570	0.06028	0.01768	0.01761	0.01310	0.00756	0.00600	0.00197	0.00601	0.00575	0.00585	0.11445
7	0.00845	0.00661	0.00765	0.00783	0.00949	0.00582	0.00571	0.01047	0.01587	0.02053	0.25505	0.20809	0.38075	0.01687	0.00806	0.00232	0.00343	0.01460	0.00657	0.00582
8	0.01659	0.01585	0.02632	0.03744	0.61224	0.01607	0.04656	0.02239	0.09670	0.02262	0.01438	0.01765	0.01176	0.00633	0.00672	0.00204	0.00779	0.00624	0.00373	0.01056
9	0.01845	0.01402	0.01522	0.01343	0.01741	0.01579	0.01052	0.03527	0.61951	0.11981	0.02720	0.02475	0.01997	0.00900	0.00682	0.00225	0.00536	0.00748	0.00702	0.01073
10	0.00993	0.00838	0.01000	0.01226	0.06641	0.05396	0.00775	0.01138	0.01354	0.01750	0.03462	0.62380	0.06748	0.01875	0.00822	0.00258	0.00473	0.01688	0.00582	0.00602
11	0.01477	0.01386	0.02022	0.01959	0.10977	0.01755	0.04036	0.06063	0.01258	0.01860	0.01176	0.01804	0.01104	0.04884	0.11672	0.00395	0.44421	0.00633	0.00339	0.00777
12	0.01644	0.01386	0.01458	0.01294	0.01669	0.01566	0.01011	0.10041	0.54936	0.02822	0.03150	0.02931	0.11132	0.01003	0.00696	0.00225	0.00527	0.00829	0.00674	0.01005
13	0.01582	0.01175	0.01446	0.03840	0.01692	0.01018	0.00903	0.01942	0.04535	0.11454	0.06984	0.01862	0.01536	0.00678	0.00669	0.00145	0.05375	0.00534	0.00483	0.52147
14	0.01104	0.00769	0.00913	0.00848	0.01073	0.00706	0.00646	0.01468	0.06337	0.07888	0.38838	0.05144	0.28909	0.01415	0.00776	0.00217	0.00359	0.01213	0.00701	0.00678

[dist]
# distance from previous block
# <min> <max>
3	5

[block]
# block no. 1 follows, 32 sequences, length 25
# corresponding to MSA columns:
# 100-124
name=unknown_B
#
# <colnr> <probs for GDERKNQSTAVLIFYWHMCP>
#	G	D	E	R	K	N	Q	S	T	A	V	L	I	F	Y	W	H	M	C	P
0	0.01919	0.24870	0.07053	0.05365	0.02013	0.15138	0.03680	0.06876	0.04543	0.08378	0.01395	0.01749	0.01171	0.08316	0.00941	0.00233	0.04556	0.00546	0.00405	0.00851
1	0.01455	0.02654	0.01312	0.01140	0.01396	0.03089	0.05094	0.03874	0.01533	0.14682	0.06966	0.38050	0.03163	0.04622	0.00870	0.00247	0.00529	0.01284	0.00607	0.07432
2	0.01764	0.01661	0.10674	0.01932	0.14512	0.01467	0.06038	0.11624	0.16061	0.09281	0.02129	0.02258	0.05585	0.03131	0.00778	0.00221	0.01946	0.00693	0.03892	0.04354
3	0.09525	0.03755	0.01385	0.01174	0.01494	0.01422	0.00930	0.05361	0.34254	0.04028	0.11504	0.02794	0.06684	0.01117	0.03150	0.00247	0.04559	0.00780	0.04952	0.00883
4	0.01316	0.01260	0.02197	0.45583	0.16001	0.01418	0.09111	0.01729	0.01403	0.01849	0.01636	0.08240	0.03783	0.00805	0.00703	0.00224	0.00840	0.00759	0.00348	0.00795
5	0.01671	0.08139	0.09294	0.08134	0.04930	0.11440	0.20931	0.08826	0.04291	0.02197	0.03662	0.05202	0.06659	0.00809	0.00694	0.00209	0.00889	0.00741	0.00416	0.00866
6	0.07166	0.15266	0.06076	0.01471	0.01969	0.11955	0.08369	0.06404	0.01622	0.11549	0.01558	0.01688	0.04025	0.00730	0.00717	0.00186	0.06697	0.00548	0.00435	0.11568
7	0.00940	0.00721	0.00933	0.01002	0.01063	0.00752	0.00714	0.01103	0.02680	0.01727	0.05174	0.46702	0.08522	0.11116	0.01304	0.00318	0.07958	0.06139	0.00567	0.00566
8	0.08987	0.00750	0.00877	0.00967	0.01099	0.00753	0.00700	0.01290	0.06767	0.01967	0.03629	0.49484	0.10330	0.01798	0.00799	0.00262	0.00430	0.07892	0.00606	0.00613
9	0.02019	0.03367	0.07643	0.03739	0.07037	0.04846	0.06731	0.30936	0.05895	0.05532	0.01537	0.01792	0.01189	0.03964	0.03051	0.00257	0.08348	0.00625	0.00509	0.00983
10	0.24554	0.05865	0.12030	0.01819	0.12270	0.04805	0.01440	0.04426	0.01351	0.04614	0.01093	0.01380	0.00892	0.00776	0.00968	0.00224	0.19777	0.00496	0.00366	0.00854
11	0.00815	0.00666	0.00719	0.00737	0.00927	0.00571	0.00541	0.00993	0.01535	0.01898	0.13779	0.16714	0.54330	0.01722	0.00802	0.00232	0.00345	0.01467	0.00636	0.00571
12	0.08143	0.01624	0.08868	0.10966	0.27115	0.01482	0.04500	0.05761	0.07828	0.03862	0.01634	0.01875	0.04097	0.00692	0.00638	0.00199	0.00737	0.00608	0.00410	0.08960
13	0.01045	0.03999	0.01238	0.05833	0.05239	0.00857	0.03105	0.01280	0.05057	0.01793	0.05792	0.47244	0.03389	0.01743	0.00980	0.08320	0.00506	0.01427	0.00538	0.00617
14	0.00871	0.00584	0.00793	0.00925	0.00958	0.00551	0.00617	0.00925	0.01221	0.01628	0.03305	0.64510	0.03930	0.02138	0.01130	0.12715	0.00419	0.01702	0.00571	0.00506
15	0.01928	0.52071	0.12422	0.01313	0.01914	0.09438	0.01324	0.02218	0.01480	0.08810	0.01152	0.01257	0.00940	0.00620	0.00500	0.00162	0.00789	0.00416	0.00347	0.00898
16	0.01769	0.09703	0.05715	0.07576	0.30454	0.10644	0.05878	0.04316	0.01563	0.05844	0.01370	0.01856	0.01166	0.08257	0.00917	0.00240	0.00848	0.00602	0.00371	0.00912
17	0.01011	0.00815	0.01108	0.00964	0.01229	0.00717	0.07533	0.01265	0.01655	0.05108	0.24241	0.05409	0.43514	0.01457	0.00787	0.00221	0.00423	0.01265	0.00636	0.00644
18	0.00854	0.00634	0.00802	0.00908	0.01010	0.00583	0.00653	0.01020	0.01417	0.01849	0.09956	0.47540	0.18806	0.01928	0.00846	0.00262	0.00399	0.09337	0.00632	0.00565
19	0.02017	0.02299	0.06156	0.05484	0.02057	0.35738	0.01291	0.11258	0.06883	0.02187	0.01777	0.03938	0.02853	0.00912	0.00667	0.00205	0.00924	0.08701	0.03832	0.00823
20	0.02224	0.01744	0.04947	0.07777	0.02230	0.03839	0.04172	0.44441	0.02510	0.08661	0.01660	0.01945	0.01264	0.08380	0.00949	0.00250	0.00771	0.00645	0.00585	0.01007
21	0.06413	0.01403	0.01544	0.01251	0.01685	0.01487	0.01013	0.30377	0.12417	0.16161	0.07144	0.02578	0.08745	0.00941	0.00672	0.00208	0.00582	0.00749	0.03632	0.00997
22	0.02397	0.01631	0.01814	0.01435	0.01921	0.01775	0.01173	0.45959	0.12445	0.14435	0.01941	0.01906	0.01384	0.01090	0.05265	0.00261	0.00750	0.00644	0.00678	0.01096
23	0.01332	0.03959	0.01572	0.01374	0.01499	0.09845	0.01103	0.01533	0.01169	0.01586	0.01386	0.02042	0.01300	0.03139	0.39844	0.00690	0.24989	0.00631	0.00334	0.00672
24	0.02195	0.16328	0.04370	0.01574	0.01983	0.39235	0.01291	0.09555	0.08814	0.02030	0.01243	0.01380	0.01012	0.00732	0.00689	0.00185	0.05643	0.00481	0.00397	0.00863

[dist]
# distance from previous block
# <min> <max>
0	2

[block]
# block no. 2 follows, 32 sequences, length 36
# corresponding to MSA columns:
# 127-162
name=unknown_C
#
# <colnr> <probs for GDERKNQSTAVLIFYWHMCP>
#	G	D	E	R	K	N	Q	S	T	A	V	L	I	F	Y	W	H	M	C	P
0	0.00860	0.00620	0.00820	0.00946	0.01019	0.00580	0.00669	0.01021	0.01391	0.01857	0.11329	0.57814	0.07435	0.01978	0.00854	0.00268	0.00404	0.08937	0.00635	0.00564
1	0.00908	0.07927	0.01028	0.00920	0.01036	0.00751	0.00658	0.01042	0.01326	0.01714	0.03856	0.59276	0.13323	0.01900	0.00807	0.00254	0.00414	0.01691	0.00591	0.00578
2	0.01205	0.08176	0.01451	0.01146	0.01330	0.01167	0.02503	0.05651	0.01249	0.01762	0.01679	0.02499	0.01576	0.11298	0.44581	0.00771	0.06571	0.00692	0.04036	0.00656
3	0.04941	0.01749	0.15868	0.01858	0.11873	0.01411	0.05813	0.06023	0.17478	0.10550	0.08699	0.04184	0.02006	0.00877	0.00691	0.00219	0.00693	0.03562	0.00539	0.00966
4	0.27188	0.01510	0.01470	0.01287	0.04514	0.05643	0.00981	0.15768	0.11574	0.02880	0.01405	0.01520	0.01089	0.00737	0.00619	0.02980	0.00613	0.00496	0.00489	0.17236
5	0.01630	0.01775	0.09475	0.03906	0.65568	0.01591	0.02100	0.02066	0.01517	0.02186	0.01257	0.01637	0.01042	0.00602	0.00662	0.00201	0.00816	0.00588	0.00327	0.01056
6	0.00945	0.00706	0.01050	0.01065	0.01177	0.00810	0.00818	0.01173	0.01098	0.01573	0.01980	0.09688	0.01943	0.04751	0.66750	0.01001	0.01662	0.00833	0.00385	0.00594
7	0.01665	0.09090	0.02329	0.13846	0.34272	0.13396	0.01645	0.02005	0.01581	0.02010	0.08046	0.02064	0.01582	0.00737	0.00653	0.00198	0.00820	0.02795	0.00373	0.00892
8	0.01906	0.01656	0.02030	0.20369	0.15152	0.08186	0.01524	0.18441	0.13155	0.05824	0.01595	0.01799	0.01202	0.00755	0.00720	0.00212	0.03409	0.00613	0.00484	0.00968
9	0.01287	0.01098	0.01545	0.11160	0.15552	0.01181	0.01181	0.04868	0.10783	0.02202	0.13086	0.14953	0.07506	0.03516	0.03954	0.00276	0.03540	0.01001	0.00522	0.00789
10	0.01395	0.01146	0.01366	0.01008	0.01556	0.00892	0.00805	0.01686	0.01376	0.04096	0.01291	0.01536	0.01078	0.00942	0.07546	0.00197	0.00624	0.00436	0.00406	0.70619
11	0.01486	0.01637	0.06065	0.09518	0.09334	0.01545	0.40377	0.03375	0.05032	0.02112	0.01526	0.04498	0.01241	0.01087	0.07772	0.00306	0.01072	0.00770	0.00368	0.00878
12	0.01043	0.08017	0.01090	0.00879	0.01030	0.00858	0.00634	0.04069	0.01441	0.01894	0.15342	0.25756	0.13648	0.19653	0.01405	0.00331	0.00479	0.01285	0.00561	0.00586
13	0.00840	0.00665	0.00743	0.00755	0.00926	0.00582	0.00547	0.01024	0.01541	0.01955	0.19924	0.16183	0.44138	0.05985	0.00953	0.00254	0.00360	0.01419	0.00635	0.00568
14	0.06621	0.01748	0.01798	0.01457	0.01932	0.04004	0.01179	0.43424	0.24307	0.03640	0.01908	0.01851	0.01395	0.00825	0.00659	0.00209	0.00675	0.00634	0.00651	0.01083
15	0.18781	0.01699	0.01765	0.01379	0.01889	0.01873	0.01139	0.50528	0.02639	0.09577	0.01556	0.01559	0.01098	0.00770	0.00619	0.00203	0.00679	0.00560	0.00632	0.01056
16	0.01664	0.08685	0.05101	0.17241	0.19931	0.07618	0.19175	0.02123	0.03532	0.03936	0.01289	0.01661	0.01014	0.00647	0.00727	0.00209	0.03583	0.00615	0.00345	0.00904
17	0.01871	0.63729	0.06272	0.01259	0.01820	0.12213	0.01225	0.02105	0.01438	0.01611	0.00959	0.01109	0.00861	0.00593	0.00463	0.00150	0.00796	0.00375	0.00295	0.00855
18	0.01798	0.01425	0.01638	0.01391	0.01758	0.04543	0.03308	0.13422	0.28055	0.08609	0.02061	0.02167	0.01590	0.01626	0.14371	0.00374	0.05143	0.00676	0.00569	0.05478
19	0.05599	0.01051	0.01044	0.01007	0.01225	0.07829	0.00768	0.01658	0.10347	0.02340	0.30672	0.11257	0.15068	0.01364	0.00755	0.00225	0.00473	0.05996	0.00638	0.00686
20	0.01414	0.01525	0.05291	0.45586	0.10303	0.05335	0.14360	0.01868	0.01443	0.01855	0.01417	0.01898	0.03404	0.00680	0.00692	0.00219	0.00931	0.00648	0.00322	0.00810
21	0.00947	0.00674	0.00873	0.00964	0.01056	0.00647	0.00695	0.03438	0.01433	0.01906	0.10358	0.46738	0.08056	0.05073	0.01027	0.03412	0.00443	0.11075	0.00613	0.00570
22	0.11697	0.12965	0.09788	0.04921	0.05857	0.07620	0.27893	0.02197	0.05475	0.02144	0.01260	0.01550	0.00983	0.00628	0.00671	0.00206	0.02315	0.00594	0.00353	0.00881
23	0.01651	0.01699	0.01847	0.01853	0.10934	0.17942	0.04060	0.03905	0.08049	0.01869	0.01450	0.02004	0.01298	0.07863	0.14415	0.00413	0.16945	0.00634	0.00381	0.00785
24	0.00978	0.00684	0.00869	0.00848	0.01009	0.00621	0.00626	0.01238	0.01744	0.04865	0.48747	0.17026	0.15187	0.01522	0.00798	0.00223	0.00341	0.01340	0.00706	0.00627
25	0.01030	0.00745	0.00874	0.00864	0.01072	0.00680	0.00662	0.01338	0.05137	0.06015	0.22111	0.12527	0.34758	0.01583	0.00800	0.00234	0.00389	0.07871	0.00666	0.00643
26	0.01511	0.04953	0.02465	0.33792	0.26862	0.05570	0.08357	0.01919	0.01449	0.01901	0.01235	0.01716	0.00990	0.00803	0.03518	0.00243	0.00929	0.00600	0.00318	0.00869
27	0.06064	0.13953	0.39875	0.05896	0.02567	0.16742	0.01905	0.02191	0.01490	0.01969	0.01114	0.01327	0.00850	0.00640	0.00590	0.00194	0.00965	0.00461	0.00305	0.00899
28	0.00960	0.00701	0.00919	0.00941	0.00985	0.00759	0.00645	0.01066	0.01084	0.01494	0.02343	0.21374	0.02624	0.33260	0.22920	0.00660	0.05202	0.01109	0.00440	0.00515
29	0.01023	0.00735	0.00914	0.00974	0.01111	0.00711	0.00710	0.03183	0.06322	0.04068	0.11247	0.44254	0.12651	0.01795	0.00825	0.00256	0.00421	0.07517	0.00646	0.00634
30	0.01635	0.35584	0.11460	0.04939	0.08742	0.04815	0.01380	0.02234	0.13420	0.01943	0.01746	0.01846	0.06200	0.00732	0.00566	0.00183	0.00728	0.00558	0.00386	0.00902
31	0.07350	0.06963	0.03888	0.08230	0.02261	0.06978	0.01319	0.48380	0.02607	0.03508	0.01433	0.01525	0.01046	0.00754	0.00633	0.00198	0.00777	0.00557	0.00562	0.01030
32	0.01012	0.00817	0.01017	0.01055	0.01171	0.03930	0.03636	0.03989	0.01424	0.01850	0.05395	0.57307	0.08456	0.01879	0.00886	0.02874	0.00473	0.01644	0.00593	0.00592
33	0.01564	0.01922	0.13867	0.02361	0.02992	0.01594	0.44818	0.02197	0.06340	0.05120	0.01597	0.06068	0.01281	0.00728	0.00824	0.00229	0.04404	0.00795	0.00390	0.00910
34	0.01134	0.01010	0.02944	0.05651	0.10959	0.00961	0.07324	0.01489	0.04340	0.02049	0.13910	0.21079	0.08121	0.05699	0.00945	0.00267	0.00589	0.10280	0.00541	0.00705
35	0.01978	0.29486	0.07806	0.04946	0.05464	0.10247	0.09038	0.11593	0.04197	0.07302	0.01320	0.01468	0.01027	0.00659	0.00587	0.00183	0.00837	0.00518	0.00408	0.00936

[dist]
# distance from previous block
# <min> <max>
0	13

[block]
# block no. 3 follows, 32 sequences, length 20
# corresponding to MSA columns:
# 176-195
name=unknown_D
#
# <colnr> <probs for GDERKNQSTAVLIFYWHMCP>
#	G	D	E	R	K	N	Q	S	T	A	V	L	I	F	Y	W	H	M	C	P
0	0.01786	0.06148	0.09391	0.12033	0.21363	0.05413	0.07713	0.06171	0.07659	0.08874	0.01498	0.01722	0.01135	0.00667	0.00650	0.00199	0.00811	0.00592	0.00422	0.05753
1	0.01926	0.04958	0.13449	0.10865	0.05865	0.05993	0.06796	0.23776	0.10826	0.05154	0.02835	0.01771	0.01249	0.00742	0.00665	0.00207	0.00819	0.00613	0.00495	0.00995
2	0.01661	0.01647	0.02554	0.12079	0.56333	0.06348	0.01958	0.02038	0.01507	0.02072	0.01221	0.01637	0.01021	0.00640	0.00736	0.00205	0.04438	0.00586	0.00327	0.00991
3	0.00816	0.00590	0.00772	0.00918	0.00969	0.00546	0.00615	0.00936	0.01301	0.01719	0.03902	0.71409	0.08878	0.02076	0.00852	0.00269	0.00386	0.01875	0.00623	0.00546
4	0.61672	0.01436	0.04733	0.01024	0.01490	0.01495	0.00889	0.07704	0.01411	0.11141	0.01202	0.01287	0.00875	0.00663	0.00477	0.00207	0.00567	0.00426	0.00478	0.00822
5	0.01531	0.01467	0.02462	0.14102	0.48516	0.01509	0.05835	0.02016	0.05550	0.02125	0.01773	0.02110	0.06600	0.00711	0.00684	0.00208	0.00780	0.00682	0.00371	0.00968
6	0.00846	0.00668	0.00762	0.00767	0.00946	0.00585	0.00564	0.01055	0.01612	0.02076	0.26911	0.15648	0.41874	0.01652	0.00801	0.00228	0.00339	0.01420	0.00660	0.00585
7	0.69844	0.01299	0.01065	0.00940	0.01360	0.01484	0.00770	0.02181	0.06622	0.07577	0.01187	0.01278	0.00891	0.00659	0.00453	0.00209	0.00523	0.00415	0.00463	0.00780
8	0.00817	0.00588	0.00775	0.00924	0.00970	0.00546	0.00618	0.00935	0.01295	0.01717	0.03824	0.73154	0.07184	0.02086	0.00854	0.00271	0.00387	0.01888	0.00623	0.00546
9	0.01646	0.05843	0.14772	0.02493	0.03184	0.08753	0.49016	0.02190	0.01577	0.02068	0.01281	0.01653	0.00969	0.00590	0.00731	0.00215	0.01097	0.00688	0.00328	0.00904
10	0.00835	0.00594	0.00785	0.00932	0.00972	0.00558	0.00624	0.00951	0.01274	0.01698	0.03601	0.69672	0.04303	0.06465	0.01009	0.00296	0.00412	0.03872	0.00610	0.00539
11	0.00963	0.00649	0.00752	0.00764	0.00773	0.00651	0.00444	0.00983	0.01005	0.01345	0.02222	0.09869	0.02559	0.67271	0.06542	0.00641	0.00684	0.01036	0.00421	0.00426
12	0.01002	0.00743	0.00990	0.06746	0.01399	0.00756	0.00850	0.01328	0.05821	0.01945	0.06120	0.38659	0.06272	0.01733	0.00822	0.00264	0.00486	0.18255	0.05189	0.00621
13	0.05430	0.44978	0.21376	0.01576	0.05521	0.03979	0.04953	0.02064	0.01399	0.01848	0.01043	0.01234	0.00870	0.00596	0.00517	0.00172	0.00816	0.00430	0.00298	0.00899
14	0.01189	0.00663	0.00678	0.00670	0.00843	0.00654	0.00504	0.01537	0.03796	0.02435	0.06850	0.03150	0.10923	0.00937	0.00536	0.00171	0.00324	0.00765	0.62742	0.00633
15	0.01916	0.01869	0.01747	0.01529	0.01757	0.23273	0.01208	0.04500	0.08910	0.08734	0.01701	0.01993	0.04793	0.04078	0.03748	0.00276	0.26090	0.00630	0.00439	0.00809
16	0.06348	0.11839	0.10723	0.16230	0.12335	0.10588	0.10454	0.07342	0.01610	0.02144	0.01189	0.01498	0.00933	0.00635	0.00621	0.00196	0.00891	0.00539	0.00350	0.03535
17	0.32743	0.19175	0.03595	0.07106	0.01863	0.08892	0.01085	0.06741	0.01494	0.06508	0.01241	0.01575	0.01019	0.00705	0.00520	0.00195	0.00698	0.03610	0.00417	0.00818
18	0.02028	0.02567	0.08045	0.04878	0.11122	0.41772	0.01498	0.02345	0.03749	0.01802	0.01363	0.01679	0.03349	0.00789	0.00803	0.00201	0.08920	0.01908	0.00356	0.00825
19	0.00950	0.00730	0.00912	0.00998	0.04536	0.00678	0.00667	0.02949	0.01568	0.02082	0.23923	0.24981	0.23276	0.07443	0.01004	0.00266	0.00405	0.01398	0.00626	0.00607

[dist]
# distance from previous block
# <min> <max>
0	1

[block]
# block no. 4 follows, 32 sequences, length 23
# corresponding to MSA columns:
# 197-219
name=unknown_E
#
# <colnr> <probs for GDERKNQSTAVLIFYWHMCP>
#	G	D	E	R	K	N	Q	S	T	A	V	L	I	F	Y	W	H	M	C	P
0	0.04357	0.01466	0.01527	0.01333	0.01687	0.04134	0.01049	0.17240	0.36637	0.02865	0.04183	0.07386	0.06960	0.01031	0.00775	0.00226	0.04727	0.00825	0.00631	0.00960
1	0.01566	0.01205	0.01482	0.01108	0.01636	0.01000	0.03228	0.07920	0.01630	0.07790	0.06694	0.05456	0.01624	0.00697	0.00576	0.00138	0.00528	0.00586	0.00490	0.54646
2	0.01026	0.00803	0.00929	0.00991	0.01119	0.02635	0.00712	0.01394	0.11064	0.01894	0.06493	0.40942	0.12265	0.04101	0.00997	0.04734	0.00456	0.06225	0.00603	0.00616
3	0.17346	0.01536	0.01654	0.01301	0.01790	0.01643	0.01071	0.38187	0.02425	0.19504	0.05631	0.01856	0.01470	0.00808	0.00631	0.00205	0.00636	0.00609	0.00663	0.01035
4	0.04005	0.01397	0.01500	0.01289	0.01702	0.01533	0.01018	0.11628	0.45520	0.08909	0.02747	0.02563	0.06970	0.00918	0.00671	0.00215	0.00544	0.00749	0.00666	0.05456
5	0.04920	0.01449	0.01611	0.01372	0.01724	0.01651	0.01093	0.25100	0.25199	0.05973	0.02193	0.10970	0.01837	0.01031	0.00846	0.00228	0.08533	0.00807	0.02493	0.00971
6	0.00818	0.00584	0.00779	0.00934	0.00973	0.00545	0.00623	0.00934	0.01285	0.01713	0.03698	0.75981	0.04438	0.02102	0.00856	0.00273	0.00389	0.01908	0.00623	0.00545
7	0.02097	0.01437	0.01606	0.01339	0.01761	0.01559	0.01068	0.24149	0.29793	0.15538	0.06266	0.06339	0.02063	0.00954	0.00693	0.00217	0.00584	0.00783	0.00705	0.01049
8	0.01500	0.01112	0.01350	0.12760	0.01864	0.03231	0.01010	0.13838	0.04176	0.06282	0.09781	0.15798	0.05730	0.01283	0.03336	0.00249	0.03891	0.00951	0.11086	0.00772
9	0.10450	0.01614	0.04009	0.01300	0.01710	0.11196	0.01081	0.19582	0.04646	0.15034	0.02353	0.02806	0.07754	0.02747	0.03433	0.00256	0.00740	0.07804	0.00587	0.00898
10	0.00845	0.00611	0.00805	0.00949	0.01014	0.00572	0.00665	0.00986	0.01331	0.01752	0.03904	0.63485	0.09214	0.02046	0.00860	0.00273	0.00411	0.09100	0.00622	0.00555
11	0.01075	0.00691	0.00917	0.01005	0.01121	0.00653	0.00752	0.01254	0.01412	0.07284	0.06161	0.40510	0.06830	0.07900	0.01063	0.00304	0.00481	0.19359	0.00624	0.00604
12	0.08268	0.07998	0.31785	0.05756	0.07721	0.03290	0.10090	0.07448	0.03307	0.06241	0.01329	0.01535	0.00976	0.00653	0.00631	0.00207	0.00880	0.00547	0.00377	0.00959
13	0.04505	0.01713	0.12107	0.09214	0.02467	0.04415	0.16320	0.04248	0.10583	0.07166	0.02165	0.02361	0.08907	0.01115	0.05605	0.00279	0.04778	0.00733	0.00450	0.00868
14	0.00948	0.00714	0.01022	0.01026	0.01155	0.00795	0.00795	0.01181	0.01179	0.01651	0.05991	0.03365	0.08470	0.06524	0.58182	0.00911	0.01504	0.03578	0.00415	0.00593
15	0.02016	0.02221	0.01655	0.08254	0.04318	0.42533	0.01180	0.02214	0.01669	0.06371	0.01731	0.05789	0.04989	0.07349	0.04608	0.00275	0.01021	0.00656	0.00408	0.00745
16	0.01483	0.01448	0.02583	0.25402	0.37408	0.01520	0.11998	0.01906	0.01466	0.02013	0.01388	0.05784	0.01189	0.00698	0.00696	0.00215	0.00854	0.00698	0.00339	0.00914
17	0.01455	0.01370	0.01298	0.01212	0.01410	0.17081	0.00932	0.06481	0.01477	0.01888	0.04453	0.02481	0.04166	0.05724	0.35354	0.00628	0.04419	0.00688	0.06805	0.00678
18	0.01499	0.03622	0.01522	0.01176	0.05254	0.01022	0.00876	0.04331	0.01461	0.04781	0.01308	0.01600	0.01102	0.04678	0.00676	0.00144	0.00540	0.00456	0.00417	0.63534
19	0.01766	0.08880	0.11152	0.01528	0.03708	0.08854	0.01329	0.16170	0.12538	0.02464	0.01642	0.04567	0.01358	0.01213	0.07050	0.00284	0.09432	0.00632	0.04529	0.00903
20	0.01431	0.01610	0.11136	0.16836	0.23414	0.03668	0.03574	0.04449	0.04103	0.02119	0.06636	0.04977	0.05291	0.04945	0.00834	0.00234	0.00765	0.00739	0.00405	0.02832
21	0.01628	0.19273	0.37675	0.01749	0.05085	0.01813	0.04729	0.08687	0.04167	0.04254	0.03972	0.01586	0.01171	0.00678	0.00611	0.00196	0.00850	0.00534	0.00373	0.00969
22	0.09901	0.01186	0.01250	0.01162	0.01474	0.01321	0.00910	0.02619	0.40904	0.02598	0.10224	0.03531	0.09070	0.03576	0.00789	0.00245	0.00502	0.07228	0.00639	0.00871

[dist]
# distance from previous block
# <min> <max>
0	1

[block]
# block no. 5 follows, 32 sequences, length 39
# corresponding to MSA columns:
# 221-259
name=unknown_F
#
# <colnr> <probs for GDERKNQSTAVLIFYWHMCP>
#	G	D	E	R	K	N	Q	S	T	A	V	L	I	F	Y	W	H	M	C	P
0	0.00967	0.00686	0.00870	0.00923	0.01051	0.00647	0.00667	0.03084	0.01501	0.03954	0.15611	0.41057	0.15553	0.01996	0.05018	0.00298	0.00475	0.04405	0.00634	0.00604
1	0.04066	0.04998	0.23585	0.01946	0.09802	0.10714	0.09092	0.03521	0.06845	0.04474	0.04087	0.02093	0.01424	0.03675	0.00766	0.00223	0.00863	0.03826	0.00404	0.03595
2	0.51464	0.05583	0.04075	0.02931	0.01554	0.01470	0.00940	0.02104	0.01304	0.12709	0.01375	0.01753	0.01100	0.00760	0.00580	0.00215	0.03748	0.05069	0.00468	0.00797
3	0.00884	0.00707	0.00793	0.00822	0.01008	0.00640	0.00622	0.01137	0.04218	0.01914	0.10913	0.15475	0.44311	0.04361	0.00906	0.00256	0.00397	0.09420	0.00626	0.00589
4	0.03081	0.01611	0.11634	0.06787	0.11614	0.06455	0.08065	0.01840	0.07659	0.02005	0.02483	0.19355	0.09140	0.01126	0.00789	0.00230	0.03885	0.00987	0.00453	0.00803
5	0.08590	0.06121	0.06553	0.06529	0.01925	0.06040	0.05889	0.08059	0.09012	0.03625	0.02454	0.16571	0.06320	0.01154	0.00707	0.00230	0.00676	0.08235	0.00514	0.00796
6	0.26907	0.01585	0.08216	0.01250	0.01777	0.01473	0.01113	0.17032	0.05788	0.25863	0.01763	0.01700	0.01205	0.00747	0.00590	0.00208	0.00628	0.00551	0.00608	0.00994
7	0.00835	0.00616	0.00772	0.00884	0.00965	0.00565	0.00608	0.00969	0.01346	0.01755	0.06463	0.54337	0.17320	0.05604	0.00969	0.00281	0.00398	0.04148	0.00616	0.00548
8	0.01691	0.14399	0.13568	0.21058	0.14642	0.06724	0.01698	0.04291	0.07740	0.05936	0.01383	0.01635	0.01061	0.00673	0.00621	0.00200	0.00831	0.00549	0.00378	0.00922
9	0.01408	0.03733	0.07959	0.04857	0.27276	0.01422	0.07158	0.01893	0.06512	0.02058	0.04446	0.08308	0.01761	0.01358	0.08865	0.00318	0.05778	0.03609	0.00404	0.00876
10	0.01295	0.00765	0.00968	0.00879	0.01113	0.00681	0.00672	0.01560	0.01794	0.15553	0.41697	0.08261	0.19398	0.01376	0.00773	0.00217	0.00373	0.01190	0.00725	0.00710
11	0.01339	0.01318	0.02379	0.53834	0.04147	0.01518	0.16417	0.01859	0.04017	0.01844	0.01308	0.01852	0.00993	0.00817	0.03378	0.00256	0.00965	0.00649	0.00324	0.00786
12	0.05015	0.08822	0.14750	0.07079	0.07327	0.05106	0.03857	0.10581	0.12509	0.07284	0.06243	0.02134	0.04819	0.00802	0.00648	0.00206	0.00737	0.00654	0.00490	0.00939
13	0.01001	0.00725	0.00865	0.00849	0.00904	0.00765	0.00554	0.01134	0.03692	0.01460	0.02460	0.04096	0.08508	0.51752	0.15164	0.00657	0.03550	0.00949	0.00424	0.00491
14	0.00815	0.00595	0.00767	0.00904	0.00965	0.00548	0.00609	0.00938	0.01314	0.01725	0.04066	0.67729	0.12452	0.02054	0.00849	0.00267	0.00383	0.01849	0.00623	0.00548
15	0.01817	0.07317	0.14467	0.09001	0.13468	0.05000	0.08468	0.04493	0.01621	0.15201	0.04367	0.04136	0.01475	0.00792	0.00727	0.00212	0.03388	0.02658	0.00454	0.00937
16	0.05211	0.10129	0.23900	0.04022	0.10716	0.06584	0.10146	0.07333	0.01649	0.09105	0.01554	0.01724	0.03591	0.00692	0.00639	0.00202	0.00865	0.00582	0.00402	0.00953
17	0.02311	0.02826	0.02093	0.04438	0.07627	0.56914	0.05239	0.04538	0.01841	0.01792	0.01089	0.01319	0.00898	0.00698	0.00683	0.00185	0.03863	0.00482	0.00351	0.00815
18	0.01515	0.01439	0.02428	0.21108	0.51267	0.01506	0.01917	0.01915	0.01494	0.02079	0.03580	0.01951	0.03509	0.00675	0.00674	0.00206	0.00791	0.00643	0.00346	0.00956
19	0.00858	0.00671	0.00747	0.00745	0.00912	0.00593	0.00535	0.01038	0.01532	0.01956	0.22109	0.10594	0.41943	0.11442	0.01141	0.00281	0.00378	0.01342	0.00623	0.00561
20	0.01340	0.01140	0.01447	0.03679	0.01631	0.03517	0.06035	0.09688	0.07050	0.02283	0.10452	0.11231	0.13130	0.04829	0.00994	0.00258	0.05602	0.11572	0.00564	0.03559
21	0.01079	0.00829	0.00907	0.00894	0.01081	0.03766	0.00658	0.03883	0.01658	0.05164	0.22871	0.24559	0.26934	0.01607	0.00792	0.00231	0.00410	0.01391	0.00653	0.00635
22	0.01849	0.07654	0.09313	0.04755	0.16797	0.13560	0.12918	0.12308	0.06569	0.02355	0.01596	0.01803	0.04075	0.00711	0.00664	0.00201	0.00890	0.00622	0.00413	0.00948
23	0.08048	0.18070	0.09675	0.01789	0.11144	0.04836	0.01434	0.31860	0.02180	0.02987	0.01305	0.01428	0.00999	0.00693	0.00593	0.00189	0.00770	0.00515	0.00473	0.01010
24	0.01632	0.01573	0.04822	0.13235	0.13401	0.05686	0.08241	0.06601	0.01594	0.04529	0.01287	0.01572	0.01010	0.00596	0.00609	0.00166	0.00751	0.00528	0.00391	0.31774
25	0.01911	0.09652	0.13003	0.05070	0.20282	0.07565	0.04210	0.10323	0.01713	0.10594	0.01410	0.01677	0.01097	0.03011	0.00819	0.00216	0.05487	0.00572	0.00420	0.00968
26	0.01777	0.34551	0.23920	0.01627	0.02315	0.07855	0.09296	0.04475	0.01534	0.05228	0.01173	0.01346	0.00923	0.00621	0.00566	0.00181	0.00879	0.00477	0.00335	0.00921
27	0.00818	0.00681	0.00715	0.00706	0.00922	0.00577	0.00530	0.01012	0.01589	0.01954	0.17278	0.06225	0.61392	0.01647	0.00793	0.00224	0.00336	0.01383	0.00642	0.00577
28	0.05462	0.53481	0.06984	0.03959	0.01922	0.08209	0.03530	0.02009	0.01416	0.01734	0.02577	0.03894	0.01103	0.00664	0.00500	0.00165	0.00765	0.00469	0.00321	0.00837
29	0.02156	0.01297	0.04963	0.04177	0.01904	0.01169	0.05511	0.09541	0.06972	0.33727	0.06725	0.03118	0.07430	0.00996	0.00720	0.00222	0.00626	0.07089	0.00684	0.00975
30	0.00830	0.00596	0.00778	0.00909	0.00960	0.00555	0.00608	0.00954	0.01311	0.01745	0.07072	0.66184	0.07348	0.05526	0.00970	0.00285	0.00396	0.01809	0.00618	0.00544
31	0.00908	0.00684	0.00839	0.00801	0.00977	0.00615	0.00601	0.01186	0.01802	0.02459	0.54669	0.05394	0.23686	0.01458	0.00792	0.00215	0.00323	0.01267	0.00708	0.00615
32	0.07708	0.37672	0.12141	0.01703	0.09906	0.07070	0.03326	0.06902	0.01530	0.02037	0.01071	0.01271	0.00898	0.00636	0.00591	0.00178	0.03679	0.00447	0.00334	0.00902
33	0.01765	0.01836	0.04767	0.13476	0.31698	0.09925	0.12491	0.09187	0.01702	0.02244	0.01263	0.01632	0.01004	0.00657	0.00732	0.00208	0.03491	0.00606	0.00363	0.00954
34	0.00890	0.00668	0.00952	0.01022	0.01106	0.00629	0.03998	0.01041	0.01319	0.01755	0.05614	0.57471	0.06010	0.08028	0.01063	0.00301	0.00460	0.06520	0.00595	0.00560
35	0.05581	0.01097	0.01245	0.01077	0.01413	0.01141	0.00850	0.09302	0.17700	0.19212	0.06840	0.06032	0.02103	0.01050	0.02862	0.00229	0.00526	0.00756	0.20083	0.00900
36	0.01589	0.01364	0.01434	0.01253	0.01520	0.10232	0.03594	0.12130	0.06363	0.05198	0.02589	0.07214	0.10986	0.15367	0.03723	0.00330	0.05941	0.04899	0.00516	0.03758
37	0.01989	0.16781	0.04174	0.01426	0.01861	0.06406	0.01217	0.26243	0.15934	0.02814	0.01663	0.03933	0.01334	0.00843	0.00768	0.00203	0.07888	0.00611	0.02943	0.00970
38	0.01791	0.02069	0.13732	0.08344	0.09618	0.12968	0.10744	0.11493	0.01779	0.04887	0.03887	0.04144	0.01296	0.00745	0.00714	0.00201	0.03138	0.00633	0.00418	0.07402

[dist]
# distance from previous block
# <min> <max>
0	1

[block]
# block no. 6 follows, 32 sequences, length 49
# corresponding to MSA columns:
# 261-309
name=unknown_G
#
# <colnr> <probs for GDERKNQSTAVLIFYWHMCP>
#	G	D	E	R	K	N	Q	S	T	A	V	L	I	F	Y	W	H	M	C	P
0	0.01530	0.05111	0.11757	0.07164	0.26938	0.01413	0.08209	0.04633	0.01579	0.05812	0.04892	0.07932	0.06791	0.00858	0.00689	0.00210	0.00749	0.00784	0.02037	0.00912
1	0.01916	0.54842	0.08745	0.01324	0.01894	0.13431	0.01286	0.06475	0.01565	0.01802	0.01014	0.01158	0.00879	0.00612	0.00489	0.00157	0.00816	0.00397	0.00320	0.00877
2	0.05406	0.01422	0.05051	0.03492	0.01733	0.02825	0.01068	0.22308	0.01964	0.19813	0.02107	0.05236	0.04136	0.11633	0.01151	0.00276	0.05428	0.00735	0.03313	0.00905
3	0.01744	0.10767	0.25390	0.03207	0.06339	0.01550	0.09544	0.07043	0.03694	0.12987	0.09536	0.02030	0.01686	0.00753	0.00661	0.00204	0.00791	0.00646	0.00467	0.00960
4	0.01591	0.01186	0.01301	0.01154	0.01491	0.01263	0.00898	0.10709	0.31473	0.08850	0.08761	0.08590	0.17537	0.01180	0.00725	0.00224	0.00492	0.00990	0.00681	0.00903
5	0.01109	0.00819	0.00942	0.00898	0.01126	0.00776	0.00688	0.04259	0.07954	0.05537	0.23989	0.10773	0.31977	0.01498	0.00784	0.00228	0.00397	0.04893	0.00672	0.00681
6	0.01669	0.01610	0.02569	0.13018	0.44088	0.04247	0.08643	0.06445	0.05073	0.02256	0.01476	0.01824	0.02701	0.00662	0.00680	0.00206	0.00831	0.00638	0.00375	0.00988
7	0.01577	0.05212	0.07442	0.22408	0.26824	0.06918	0.13907	0.02017	0.01497	0.01990	0.01249	0.01667	0.00988	0.00625	0.00667	0.00206	0.00910	0.00602	0.02390	0.00903
8	0.01206	0.00747	0.00955	0.00868	0.01085	0.00671	0.00663	0.01494	0.01849	0.12044	0.53082	0.04852	0.15199	0.01346	0.00776	0.00213	0.00354	0.01170	0.00734	0.00692
9	0.00844	0.00603	0.00809	0.00964	0.01015	0.00568	0.00668	0.00979	0.01310	0.01742	0.03684	0.69199	0.04381	0.02078	0.00863	0.00276	0.00412	0.08432	0.00622	0.00552
10	0.05593	0.05735	0.13745	0.11520	0.25250	0.01534	0.08591	0.03755	0.01528	0.08420	0.03276	0.01784	0.01202	0.00868	0.04145	0.00248	0.00869	0.00606	0.00387	0.00944
11	0.02082	0.01643	0.13297	0.01497	0.04126	0.01269	0.06308	0.11612	0.04763	0.27678	0.02532	0.02447	0.09912	0.00853	0.00678	0.00204	0.00675	0.00715	0.00604	0.07106
12	0.00827	0.00621	0.00767	0.00858	0.00959	0.00561	0.00595	0.00981	0.01421	0.01855	0.12603	0.49656	0.22035	0.01912	0.00832	0.00253	0.00368	0.01699	0.00637	0.00561
13	0.01931	0.51896	0.09385	0.01361	0.01916	0.20223	0.01305	0.02186	0.01502	0.01644	0.00983	0.01140	0.00861	0.00609	0.00493	0.00157	0.00865	0.00389	0.00301	0.00852
14	0.00959	0.00719	0.01078	0.01078	0.01198	0.00839	0.00839	0.01198	0.01078	0.01558	0.01797	0.02636	0.01677	0.05032	0.73760	0.01078	0.01797	0.00719	0.00359	0.00599
15	0.01719	0.06094	0.15230	0.04963	0.39286	0.12160	0.06832	0.02156	0.01553	0.02053	0.01207	0.01535	0.00978	0.00617	0.00648	0.00197	0.00914	0.00557	0.00323	0.00979
16	0.00840	0.00617	0.00797	0.00917	0.00994	0.00561	0.00621	0.00968	0.01308	0.01740	0.03831	0.67543	0.09468	0.02004	0.00837	0.00262	0.00390	0.01807	0.00613	0.03882
17	0.01350	0.01046	0.01238	0.01158	0.03169	0.04009	0.00834	0.05910	0.05050	0.05055	0.10755	0.06633	0.02397	0.20869	0.12451	0.02388	0.07136	0.00843	0.00485	0.07224
18	0.02494	0.01851	0.01982	0.01532	0.02059	0.02054	0.01262	0.65741	0.07501	0.04138	0.01683	0.01668	0.01199	0.00812	0.00672	0.00203	0.00725	0.00614	0.00672	0.01136
19	0.01811	0.58207	0.03034	0.01205	0.01737	0.10706	0.01131	0.02033	0.01436	0.01659	0.01078	0.01391	0.00999	0.00634	0.00478	0.00150	0.00751	0.03180	0.00318	0.08063
20	0.01757	0.66568	0.07602	0.01211	0.01796	0.02512	0.01223	0.02135	0.06704	0.01706	0.01087	0.01206	0.00951	0.00604	0.00463	0.00154	0.00720	0.00398	0.00317	0.00884
21	0.01205	0.00910	0.01037	0.01003	0.03018	0.00879	0.00750	0.06771	0.09720	0.05805	0.17190	0.06535	0.36294	0.01425	0.00770	0.00226	0.00427	0.04655	0.00657	0.00723
22	0.00928	0.00685	0.00867	0.00822	0.00989	0.00624	0.00616	0.01225	0.01849	0.02571	0.62987	0.05210	0.15299	0.01417	0.00792	0.00213	0.00320	0.01241	0.00723	0.00624
23	0.01231	0.01153	0.01910	0.69126	0.04337	0.01420	0.01760	0.01657	0.01356	0.01722	0.01622	0.02147	0.06340	0.00750	0.00680	0.00224	0.00852	0.00659	0.00323	0.00732
24	0.01069	0.00710	0.00899	0.00838	0.01008	0.00651	0.00618	0.01332	0.01760	0.06930	0.53128	0.04909	0.12059	0.09872	0.01081	0.00262	0.00373	0.01172	0.00696	0.00633
25	0.01277	0.00894	0.01235	0.01070	0.01335	0.00846	0.05999	0.01737	0.08740	0.10402	0.40313	0.07357	0.13529	0.01276	0.00770	0.00218	0.00435	0.01130	0.00693	0.00742
26	0.01552	0.01556	0.02294	0.38467	0.32208	0.08683	0.01888	0.01952	0.01474	0.01904	0.01206	0.01679	0.00961	0.00643	0.00662	0.00209	0.00886	0.00581	0.00317	0.00879
27	0.78092	0.01320	0.01026	0.00908	0.01328	0.01528	0.00748	0.04626	0.01220	0.03058	0.00961	0.01110	0.00743	0.00630	0.00425	0.00207	0.00528	0.00373	0.00425	0.00743
28	0.01874	0.02032	0.02373	0.15467	0.24682	0.23431	0.08734	0.04942	0.06128	0.02056	0.01299	0.01615	0.01035	0.00664	0.00662	0.00200	0.00955	0.00578	0.00367	0.00907
29	0.01498	0.01395	0.02123	0.30607	0.25092	0.01601	0.01712	0.02251	0.17721	0.02115	0.01555	0.01895	0.01217	0.00736	0.00770	0.00221	0.05537	0.00634	0.00399	0.00919
30	0.01382	0.01155	0.01382	0.11565	0.01931	0.01307	0.01077	0.02496	0.37084	0.02366	0.07989	0.03680	0.04464	0.07154	0.00952	0.00273	0.00584	0.11715	0.00599	0.00846
31	0.01406	0.08963	0.18009	0.03163	0.01936	0.01447	0.05720	0.08475	0.07477	0.02081	0.01892	0.05093	0.04579	0.12925	0.10162	0.00388	0.04331	0.00734	0.00416	0.00804
32	0.01794	0.76823	0.03516	0.01148	0.01722	0.02655	0.01148	0.02009	0.01363	0.01579	0.00933	0.01076	0.00861	0.00574	0.00431	0.00144	0.00718	0.00359	0.00287	0.00861
33	0.01533	0.09325	0.45289	0.01661	0.02418	0.04259	0.01920	0.10391	0.03672	0.02353	0.05918	0.05363	0.01451	0.00782	0.00644	0.00207	0.00858	0.00618	0.00391	0.00948
34	0.00860	0.00674	0.00781	0.00807	0.00969	0.00604	0.00585	0.01094	0.03273	0.02027	0.21941	0.25060	0.35493	0.01709	0.00807	0.00235	0.00352	0.01484	0.00653	0.00589
35	0.01654	0.30750	0.28817	0.01606	0.03789	0.01977	0.05045	0.05738	0.06848	0.04017	0.01423	0.01552	0.02712	0.00670	0.00577	0.00188	0.00815	0.00514	0.00363	0.00947
36	0.01062	0.00775	0.00961	0.00997	0.04333	0.00720	0.00692	0.01382	0.05273	0.05715	0.31486	0.13061	0.24873	0.04562	0.00890	0.00241	0.00392	0.01264	0.00660	0.00661
37	0.02444	0.01768	0.01909	0.01489	0.01996	0.01950	0.01219	0.58011	0.10322	0.07406	0.01794	0.01803	0.01293	0.02519	0.00734	0.00215	0.00706	0.00633	0.00674	0.01116
38	0.01683	0.11259	0.06139	0.05355	0.48499	0.04995	0.08418	0.02083	0.01519	0.02069	0.01215	0.01573	0.01010	0.00600	0.00643	0.00195	0.00849	0.00574	0.00325	0.00997
39	0.81159	0.01298	0.00986	0.00882	0.01298	0.01505	0.00727	0.01972	0.01142	0.03010	0.00934	0.01090	0.00727	0.00623	0.00415	0.00208	0.00519	0.00363	0.00415	0.00727
40	0.01153	0.00595	0.00880	0.00880	0.00895	0.00604	0.00598	0.00927	0.00912	0.01251	0.01256	0.02104	0.01228	0.02474	0.07984	0.71080	0.00665	0.00595	0.03591	0.00329
41	0.01596	0.01573	0.02640	0.19193	0.50251	0.03773	0.07184	0.02011	0.01503	0.02069	0.01248	0.01686	0.01017	0.00614	0.00674	0.00206	0.00856	0.00607	0.00326	0.00974
42	0.00999	0.00707	0.00925	0.00915	0.00961	0.00770	0.00626	0.01082	0.01057	0.01467	0.05004	0.06521	0.02292	0.39043	0.25311	0.05846	0.04680	0.00899	0.00402	0.00492
43	0.01516	0.01200	0.01495	0.03259	0.01709	0.01069	0.04037	0.06527	0.07823	0.05720	0.01626	0.04101	0.01367	0.04800	0.03915	0.00212	0.00616	0.00580	0.03387	0.45042
44	0.05872	0.04220	0.01553	0.01229	0.01645	0.10162	0.00987	0.09864	0.12625	0.28681	0.06903	0.02224	0.01822	0.00837	0.00635	0.00199	0.00622	0.00657	0.08295	0.00971
45	0.77055	0.01328	0.01040	0.00917	0.01339	0.01535	0.00755	0.05523	0.01247	0.03074	0.00970	0.01117	0.00748	0.00632	0.00429	0.00207	0.00530	0.00376	0.00429	0.00748
46	0.00936	0.00734	0.00827	0.00802	0.01004	0.00664	0.00600	0.04657	0.01703	0.02199	0.26248	0.13026	0.40993	0.01594	0.00793	0.00225	0.00359	0.01363	0.00661	0.00615
47	0.00987	0.00745	0.00895	0.00917	0.01092	0.00679	0.00678	0.03944	0.01445	0.01885	0.04099	0.31931	0.23352	0.04307	0.00976	0.03974	0.00444	0.09314	0.00581	0.07754
48	0.05315	0.45071	0.07426	0.01372	0.01917	0.08210	0.06455	0.04945	0.03287	0.04454	0.01141	0.01320	0.00954	0.00709	0.00625	0.04360	0.00783	0.00451	0.00348	0.00857

[dist]
# distance from previous block
# <min> <max>
0	1

[block]
# block no. 7 follows, 32 sequences, length 19
# corresponding to MSA columns:
# 311-329
name=unknown_H
#
# <colnr> <probs for GDERKNQSTAVLIFYWHMCP>
#	G	D	E	R	K	N	Q	S	T	A	V	L	I	F	Y	W	H	M	C	P
0	0.02457	0.08862	0.02049	0.01652	0.02047	0.56361	0.01281	0.13608	0.02063	0.02059	0.01122	0.01265	0.00909	0.00701	0.00602	0.00175	0.01094	0.00454	0.00394	0.00844
1	0.01447	0.16236	0.55645	0.01938	0.07718	0.01754	0.02215	0.02100	0.01415	0.02034	0.01161	0.01374	0.00867	0.00623	0.00603	0.00199	0.00929	0.00479	0.00288	0.00974
2	0.02267	0.01272	0.01787	0.01505	0.07444	0.01116	0.06011	0.06608	0.01776	0.36428	0.02000	0.03681	0.01416	0.00729	0.00637	0.00179	0.00615	0.00625	0.00620	0.23287
3	0.00959	0.00719	0.01078	0.01078	0.01198	0.00839	0.00839	0.01198	0.01078	0.01558	0.01797	0.02636	0.01677	0.05032	0.73760	0.01078	0.01797	0.00719	0.00359	0.00599
4	0.00970	0.00708	0.00893	0.00994	0.01081	0.00697	0.00686	0.05519	0.04712	0.01927	0.03518	0.67694	0.04112	0.01962	0.00836	0.00266	0.00419	0.01769	0.00629	0.00608
5	0.01286	0.01212	0.02047	0.71406	0.07874	0.01496	0.01873	0.01731	0.01351	0.01737	0.01196	0.01783	0.00903	0.00667	0.00671	0.00222	0.00890	0.00596	0.00300	0.00761
6	0.02551	0.01879	0.02014	0.01544	0.02081	0.02081	0.01275	0.69996	0.03155	0.04229	0.01611	0.01611	0.01141	0.00805	0.00671	0.00201	0.00738	0.00604	0.00671	0.01141
7	0.00816	0.00610	0.00759	0.00872	0.00959	0.00553	0.00597	0.00952	0.01362	0.01768	0.06640	0.57507	0.20196	0.01985	0.00840	0.00260	0.00375	0.01771	0.00627	0.00553
8	0.06702	0.20865	0.23445	0.06422	0.02490	0.07002	0.13562	0.02012	0.01410	0.01923	0.01206	0.01627	0.01005	0.06666	0.00820	0.00230	0.00900	0.00545	0.00318	0.00849
9	0.00813	0.00625	0.00745	0.00833	0.00949	0.00557	0.00580	0.00959	0.01404	0.01791	0.07659	0.46398	0.30446	0.01918	0.00829	0.00252	0.00367	0.01691	0.00628	0.00557
10	0.01426	0.08171	0.01715	0.01309	0.07223	0.01197	0.00973	0.01704	0.01375	0.02061	0.01437	0.01653	0.04652	0.00634	0.00670	0.00135	0.07110	0.00479	0.00385	0.55692
11	0.01727	0.02042	0.10964	0.02768	0.28738	0.11978	0.14106	0.04061	0.09609	0.02239	0.04163	0.01820	0.01321	0.00681	0.00683	0.00206	0.00890	0.00640	0.00394	0.00970
12	0.01892	0.02083	0.02457	0.09888	0.39810	0.24772	0.05303	0.02231	0.01633	0.01969	0.01188	0.01536	0.00981	0.00633	0.00652	0.00194	0.00956	0.00554	0.00334	0.00933
13	0.01747	0.01757	0.02640	0.03875	0.65093	0.08936	0.01982	0.02122	0.01566	0.02136	0.01239	0.01615	0.01043	0.00607	0.00658	0.00197	0.00839	0.00581	0.00334	0.01034
14	0.00829	0.00592	0.00772	0.00910	0.00952	0.00554	0.00602	0.00939	0.01268	0.01683	0.03672	0.68025	0.06453	0.08024	0.01059	0.00301	0.00409	0.01817	0.00606	0.00535
15	0.00926	0.00681	0.00867	0.00829	0.00990	0.00622	0.00618	0.01218	0.01832	0.02550	0.61609	0.07989	0.13892	0.01439	0.00794	0.00215	0.00322	0.01265	0.00721	0.00622
16	0.02309	0.06613	0.02001	0.01475	0.01976	0.02014	0.01219	0.52524	0.14347	0.03744	0.01760	0.01755	0.01290	0.00928	0.02735	0.00227	0.00732	0.00617	0.00639	0.01094
17	0.00960	0.00717	0.00810	0.00786	0.00974	0.00649	0.00574	0.01219	0.04272	0.04218	0.23833	0.08952	0.37828	0.09940	0.01081	0.00271	0.00385	0.01286	0.00639	0.00603
18	0.07891	0.19771	0.07965	0.01690	0.07272	0.26719	0.01368	0.15649	0.01902	0.02316	0.01149	0.01300	0.00922	0.00670	0.00571	0.00179	0.00904	0.00462	0.00395	0.00904

[dist]
# distance from previous block
# <min> <max>
0	2

[block]
# block no. 8 follows, 32 sequences, length 72
# corresponding to MSA columns:
# 332-403
name=unknown_I
#
# <colnr> <probs for GDERKNQSTAVLIFYWHMCP>
#	G	D	E	R	K	N	Q	S	T	A	V	L	I	F	Y	W	H	M	C	P
0	0.06144	0.13556	0.09743	0.04226	0.13184	0.03756	0.04439	0.05356	0.01509	0.02200	0.01173	0.01408	0.00954	0.00578	0.00555	0.00158	0.00710	0.00468	0.00365	0.29519
1	0.01553	0.00962	0.01192	0.01149	0.01404	0.00969	0.00940	0.11103	0.05086	0.12371	0.04766	0.14929	0.04653	0.01429	0.00780	0.00251	0.00545	0.26254	0.08891	0.00774
2	0.00841	0.00610	0.00763	0.00883	0.00966	0.00560	0.00610	0.00983	0.01344	0.01777	0.04200	0.57497	0.16818	0.01959	0.00829	0.00260	0.00384	0.03923	0.04237	0.00555
3	0.01129	0.00751	0.00971	0.00892	0.01085	0.00703	0.00677	0.01509	0.04854	0.07754	0.63923	0.04708	0.05811	0.01313	0.00778	0.00211	0.00344	0.01155	0.00743	0.00688
4	0.00818	0.00584	0.00779	0.00934	0.00973	0.00545	0.00623	0.00934	0.01285	0.01713	0.03698	0.75981	0.04438	0.02102	0.00856	0.00273	0.00389	0.01908	0.00623	0.00545
