[name]
unknown

[dist]
# distance from previous block
# <min> <max>
0	2

[block]
# block no. 0 follows, 34 sequences, length 63
# corresponding to MSA columns:
# 2-64
name=unknown_A
#
# <colnr> <probs for GDERKNQSTAVLIFYWHMCP>
#	G	D	E	R	K	N	Q	S	T	A	V	L	I	F	Y	W	H	M	C	P
0	0.02241	0.01605	0.01769	0.01415	0.01870	0.01753	0.01171	0.57258	0.02735	0.06588	0.01893	0.04967	0.01554	0.00945	0.00683	0.00209	0.00678	0.09004	0.00645	0.01017
1	0.08739	0.01707	0.01817	0.01410	0.01911	0.01882	0.01162	0.59069	0.05349	0.08102	0.01599	0.01582	0.01129	0.00767	0.00627	0.00196	0.00677	0.00573	0.00636	0.01064
2	0.01340	0.01148	0.01340	0.00957	0.01531	0.00861	0.00766	0.01627	0.01340	0.02105	0.01148	0.01340	0.00957	0.00479	0.00479	0.00096	0.00479	0.00383	0.00383	0.81242
3	0.00808	0.00656	0.00717	0.00702	0.00900	0.00565	0.00526	0.01014	0.01579	0.01997	0.26262	0.05805	0.53126	0.01543	0.00763	0.00214	0.00321	0.01306	0.00633	0.00565
4	0.00790	0.00650	0.00694	0.00694	0.00891	0.00555	0.00516	0.00974	0.01518	0.01879	0.17247	0.09855	0.58290	0.01606	0.00767	0.00218	0.00326	0.01358	0.00618	0.00555
5	0.81856	0.01250	0.00950	0.00850	0.01250	0.01449	0.00700	0.01899	0.01100	0.02899	0.00900	0.01050	0.00700	0.00600	0.00400	0.00200	0.00500	0.00350	0.00400	0.00700
6	0.00764	0.00655	0.00655	0.00655	0.00873	0.00545	0.00491	0.00927	0.01473	0.01745	0.06546	0.06218	0.73000	0.01636	0.00764	0.00218	0.00327	0.01364	0.00600	0.00545
7	0.02362	0.01373	0.01613	0.01299	0.01749	0.01440	0.01055	0.20367	0.22961	0.33032	0.02273	0.02076	0.01563	0.00826	0.00692	0.00206	0.02688	0.00654	0.00704	0.01066
8	0.00933	0.00627	0.00703	0.00703	0.00711	0.00623	0.00395	0.00939	0.00960	0.01272	0.02209	0.04305	0.05062	0.74387	0.03192	0.00611	0.00615	0.00956	0.00400	0.00397
9	0.81856	0.01250	0.00950	0.00850	0.01250	0.01449	0.00700	0.01899	0.01100	0.02899	0.00900	0.01050	0.00700	0.00600	0.00400	0.00200	0.00500	0.00350	0.00400	0.00700
10	0.02414	0.03079	0.01831	0.01665	0.01998	0.74698	0.01248	0.02580	0.01831	0.01581	0.00999	0.01165	0.00832	0.00666	0.00583	0.00166	0.01165	0.00416	0.00333	0.00749
11	0.01607	0.01388	0.01461	0.01315	0.01680	0.01607	0.01023	0.03433	0.72094	0.02703	0.02630	0.02411	0.01972	0.00877	0.00657	0.00219	0.00511	0.00731	0.00657	0.01023
12	0.02201	0.01683	0.01795	0.01435	0.01906	0.01884	0.01166	0.50757	0.23804	0.03660	0.01876	0.01810	0.01362	0.00806	0.00650	0.00202	0.00651	0.00626	0.00650	0.01076
13	0.02456	0.01810	0.01939	0.01487	0.02004	0.02004	0.01228	0.71107	0.03038	0.04072	0.01551	0.01551	0.01099	0.00776	0.00646	0.00194	0.00711	0.00582	0.00646	0.01099
14	0.02456	0.01810	0.01939	0.01487	0.02004	0.02004	0.01228	0.71107	0.03038	0.04072	0.01551	0.01551	0.01099	0.00776	0.00646	0.00194	0.00711	0.00582	0.00646	0.01099
15	0.00764	0.00655	0.00655	0.00655	0.00873	0.00545	0.00491	0.00927	0.01473	0.01745	0.06546	0.06218	0.73000	0.01636	0.00764	0.00218	0.00327	0.01364	0.00600	0.00545
16	0.02899	0.01100	0.01499	0.01150	0.01649	0.00950	0.00950	0.03149	0.01849	0.73709	0.02549	0.02199	0.01599	0.00800	0.00650	0.00200	0.00550	0.00650	0.00800	0.01100
17	0.00923	0.00692	0.01038	0.01038	0.01154	0.00808	0.00808	0.01154	0.01038	0.01500	0.01731	0.02538	0.01615	0.04846	0.74732	0.01038	0.01731	0.00692	0.00346	0.00577
18	0.00823	0.00657	0.00737	0.00717	0.00909	0.00571	0.00538	0.01043	0.01613	0.02079	0.32734	0.05669	0.46602	0.01512	0.00763	0.00212	0.00318	0.01287	0.00644	0.00571
19	0.02414	0.03079	0.01831	0.01665	0.01998	0.74698	0.01248	0.02580	0.01831	0.01581	0.00999	0.01165	0.00832	0.00666	0.00583	0.00166	0.01165	0.00416	0.00333	0.00749
20	0.01320	0.01127	0.01318	0.00955	0.01509	0.00849	0.00760	0.01600	0.01336	0.02089	0.01237	0.04114	0.01079	0.00535	0.00491	0.00102	0.00475	0.00436	0.00391	0.78278
21	0.01599	0.01535	0.02623	0.03966	0.73262	0.01535	0.01983	0.01983	0.01471	0.02111	0.01215	0.01599	0.01023	0.00576	0.00640	0.00192	0.00768	0.00576	0.00320	0.01023
22	0.02274	0.05084	0.02033	0.01933	0.09694	0.62086	0.03808	0.02479	0.01766	0.01654	0.01030	0.01229	0.00858	0.00648	0.00590	0.00170	0.01106	0.00444	0.00330	0.00785
23	0.01727	0.77681	0.03386	0.01106	0.01658	0.02557	0.01106	0.01935	0.01313	0.01520	0.00898	0.01036	0.00829	0.00553	0.00415	0.00138	0.00691	0.00345	0.00276	0.00829
24	0.00914	0.00660	0.00864	0.00813	0.00965	0.00610	0.00610	0.01219	0.01829	0.02591	0.72921	0.04827	0.06097	0.01321	0.00762	0.00203	0.00305	0.01169	0.00711	0.00610
25	0.01727	0.77681	0.03386	0.01106	0.01658	0.02557	0.01106	0.01935	0.01313	0.01520	0.00898	0.01036	0.00829	0.00553	0.00415	0.00138	0.00691	0.00345	0.00276	0.00829
26	0.00914	0.00660	0.00864	0.00813	0.00965	0.00610	0.00610	0.01219	0.01829	0.02591	0.72921	0.04827	0.06097	0.01321	0.00762	0.00203	0.00305	0.01169	0.00711	0.00610
27	0.00764	0.00655	0.00655	0.00655	0.00873	0.00545	0.00491	0.00927	0.01473	0.01745	0.06546	0.06218	0.73000	0.01636	0.00764	0.00218	0.00327	0.01364	0.00600	0.00545
28	0.02899	0.01100	0.01499	0.01150	0.01649	0.00950	0.00950	0.03149	0.01849	0.73709	0.02549	0.02199	0.01599	0.00800	0.00650	0.00200	0.00550	0.00650	0.00800	0.01100
29	0.02414	0.03079	0.01831	0.01665	0.01998	0.74698	0.01248	0.02580	0.01831	0.01581	0.00999	0.01165	0.00832	0.00666	0.00583	0.00166	0.01165	0.00416	0.00333	0.00749
30	0.01363	0.01221	0.01644	0.01174	0.01758	0.00956	0.09382	0.01681	0.01363	0.02101	0.01168	0.01389	0.00960	0.00487	0.00513	0.00111	0.00554	0.00429	0.00376	0.71371
31	0.01727	0.77681	0.03386	0.01106	0.01658	0.02557	0.01106	0.01935	0.01313	0.01520	0.00898	0.01036	0.00829	0.00553	0.00415	0.00138	0.00691	0.00345	0.00276	0.00829
32	0.81856	0.01250	0.00950	0.00850	0.01250	0.01449	0.00700	0.01899	0.01100	0.02899	0.00900	0.01050	0.00700	0.00600	0.00400	0.00200	0.00500	0.00350	0.00400	0.00700
33	0.01296	0.03342	0.73944	0.01842	0.02797	0.01501	0.02387	0.02046	0.01364	0.02046	0.01160	0.01364	0.00818	0.00614	0.00614	0.00205	0.00955	0.00477	0.00273	0.00955
34	0.01220	0.01148	0.01938	0.75739	0.04450	0.01436	0.01794	0.01651	0.01292	0.01651	0.01148	0.01723	0.00861	0.00646	0.00646	0.00215	0.00861	0.00574	0.00287	0.00718
35	0.02476	0.01427	0.01651	0.01296	0.01772	0.01480	0.01061	0.33034	0.10961	0.31418	0.02102	0.01949	0.01427	0.00797	0.00641	0.00198	0.00606	0.00628	0.04008	0.01069
36	0.00764	0.00655	0.00655	0.00655	0.00873	0.00545	0.00491	0.00927	0.01473	0.01745	0.06546	0.06218	0.73000	0.01636	0.00764	0.00218	0.00327	0.01364	0.00600	0.00545
37	0.01340	0.01148	0.01340	0.00957	0.01531	0.00861	0.00766	0.01627	0.01340	0.02105	0.01148	0.01340	0.00957	0.00479	0.00479	0.00096	0.00479	0.00383	0.00383	0.81242
38	0.02421	0.01792	0.01919	0.01480	0.01990	0.01987	0.01220	0.68324	0.05878	0.04016	0.01596	0.01587	0.01135	0.00780	0.00647	0.00195	0.00703	0.00588	0.00647	0.01096
39	0.01216	0.00710	0.00909	0.00827	0.01024	0.00653	0.00632	0.01513	0.01764	0.11874	0.53576	0.04137	0.04872	0.01171	0.00703	0.00195	0.00336	0.01020	0.12196	0.00673
40	0.00786	0.00566	0.00746	0.00891	0.00935	0.00526	0.00596	0.00901	0.01246	0.01653	0.03673	0.74225	0.06847	0.02010	0.00822	0.00261	0.00373	0.01819	0.00600	0.00526
41	0.02456	0.01810	0.01939	0.01487	0.02004	0.02004	0.01228	0.71107	0.03038	0.04072	0.01551	0.01551	0.01099	0.00776	0.00646	0.00194	0.00711	0.00582	0.00646	0.01099
42	0.00923	0.00692	0.01038	0.01038	0.01154	0.00808	0.00808	0.01154	0.01038	0.01500	0.01731	0.02538	0.01615	0.04846	0.74732	0.01038	0.01731	0.00692	0.00346	0.00577
43	0.00914	0.00660	0.00864	0.00813	0.00965	0.00610	0.00610	0.01219	0.01829	0.02591	0.72921	0.04827	0.06097	0.01321	0.00762	0.00203	0.00305	0.01169	0.00711	0.00610
44	0.81856	0.01250	0.00950	0.00850	0.01250	0.01449	0.00700	0.01899	0.01100	0.02899	0.00900	0.01050	0.00700	0.00600	0.00400	0.00200	0.00500	0.00350	0.00400	0.00700
45	0.01619	0.12043	0.49958	0.01670	0.02468	0.07059	0.01970	0.07843	0.01559	0.06246	0.01229	0.01373	0.00889	0.00634	0.00592	0.00193	0.00895	0.00476	0.00339	0.00945
46	0.01727	0.77681	0.03386	0.01106	0.01658	0.02557	0.01106	0.01935	0.01313	0.01520	0.00898	0.01036	0.00829	0.00553	0.00415	0.00138	0.00691	0.00345	0.00276	0.00829
47	0.01296	0.03342	0.73944	0.01842	0.02797	0.01501	0.02387	0.02046	0.01364	0.02046	0.01160	0.01364	0.00818	0.00614	0.00614	0.00205	0.00955	0.00477	0.00273	0.00955
48	0.00923	0.00692	0.01038	0.01038	0.01154	0.00808	0.00808	0.01154	0.01038	0.01500	0.01731	0.02538	0.01615	0.04846	0.74732	0.01038	0.01731	0.00692	0.00346	0.00577
49	0.01414	0.01414	0.01979	0.01696	0.01696	0.01979	0.01414	0.01555	0.00990	0.01555	0.00848	0.01414	0.00848	0.01131	0.02120	0.00283	0.76110	0.00565	0.00283	0.00707
50	0.81856	0.01250	0.00950	0.00850	0.01250	0.01449	0.00700	0.01899	0.01100	0.02899	0.00900	0.01050	0.00700	0.00600	0.00400	0.00200	0.00500	0.00350	0.00400	0.00700
51	0.81856	0.01250	0.00950	0.00850	0.01250	0.01449	0.00700	0.01899	0.01100	0.02899	0.00900	0.01050	0.00700	0.00600	0.00400	0.00200	0.00500	0.00350	0.00400	0.00700
52	0.01525	0.01743	0.03813	0.02723	0.03377	0.01634	0.70915	0.02070	0.01525	0.02070	0.01307	0.01743	0.00980	0.00545	0.00763	0.00218	0.01089	0.00763	0.00327	0.00871
53	0.02899	0.01100	0.01499	0.01150	0.01649	0.00950	0.00950	0.03149	0.01849	0.73709	0.02549	0.02199	0.01599	0.00800	0.00650	0.00200	0.00550	0.00650	0.00800	0.01100
54	0.00799	0.00569	0.00751	0.00886	0.00925	0.00533	0.00589	0.00911	0.01238	0.01656	0.05545	0.70759	0.04223	0.06111	0.00957	0.00281	0.00387	0.01768	0.00592	0.00520
55	0.01525	0.01743	0.03813	0.02723	0.03377	0.01634	0.70915	0.02070	0.01525	0.02070	0.01307	0.01743	0.00980	0.00545	0.00763	0.00218	0.01089	0.00763	0.00327	0.00871
56	0.01525	0.01743	0.03813	0.02723	0.03377	0.01634	0.70915	0.02070	0.01525	0.02070	0.01307	0.01743	0.00980	0.00545	0.00763	0.00218	0.01089	0.00763	0.00327	0.00871
57	0.00786	0.00566	0.00746	0.00891	0.00935	0.00526	0.00596	0.00901	0.01245	0.01653	0.03666	0.74398	0.06679	0.02011	0.00823	0.00261	0.00373	0.01820	0.00600	0.00526
58	0.00847	0.00655	0.00771	0.00749	0.00925	0.00580	0.00559	0.01085	0.01659	0.02202	0.42562	0.07788	0.34334	0.01478	0.00765	0.00212	0.00317	0.01273	0.00661	0.00580
59	0.01220	0.01148	0.01938	0.75739	0.04450	0.01436	0.01794	0.01651	0.01292	0.01651	0.01148	0.01723	0.00861	0.00646	0.00646	0.00215	0.00861	0.00574	0.00287	0.00718
60	0.02382	0.03020	0.01861	0.01753	0.04730	0.71893	0.01277	0.02557	0.01817	0.01602	0.01007	0.01182	0.00840	0.00662	0.00585	0.00167	0.01150	0.00422	0.00332	0.00760
61	0.01686	0.01263	0.01460	0.01078	0.01627	0.01089	0.00870	0.13449	0.04386	0.09339	0.01407	0.01499	0.01081	0.00574	0.00530	0.00127	0.00525	0.00455	0.00477	0.57075
62	0.01716	0.01582	0.02285	0.03141	0.50644	0.06024	0.01689	0.06956	0.09962	0.04331	0.01521	0.04569	0.01270	0.00693	0.00646	0.00197	0.00737	0.00635	0.00408	0.00995

[dist]
# distance from previous block
# <min> <max>
0	1

[block]
# block no. 1 follows, 34 sequences, length 41
# corresponding to MSA columns:
# 66-106
name=unknown_B
#
# <colnr> <probs for GDERKNQSTAVLIFYWHMCP>
#	G	D	E	R	K	N	Q	S	T	A	V	L	I	F	Y	W	H	M	C	P
0	0.02345	0.02935	0.01800	0.01635	0.01970	0.68470	0.01229	0.02653	0.07818	0.01677	0.01138	0.01271	0.00929	0.00684	0.00589	0.00171	0.01109	0.00443	0.00361	0.00772
1	0.01537	0.01318	0.01400	0.01280	0.01617	0.01515	0.00987	0.03218	0.66057	0.02613	0.02709	0.08755	0.02168	0.00974	0.00672	0.00223	0.00500	0.00825	0.00653	0.00980
2	0.00764	0.00655	0.00655	0.00655	0.00873	0.00545	0.00491	0.00927	0.01473	0.01745	0.06546	0.06218	0.73000	0.01636	0.00764	0.00218	0.00327	0.01364	0.00600	0.00545
3	0.00816	0.00657	0.00727	0.00709	0.00905	0.00568	0.00532	0.01028	0.01596	0.02038	0.29488	0.05737	0.49875	0.01527	0.00763	0.00213	0.00320	0.01296	0.00638	0.00568
4	0.02414	0.03079	0.01831	0.01665	0.01998	0.74698	0.01248	0.02580	0.01831	0.01581	0.00999	0.01165	0.00832	0.00666	0.00583	0.00166	0.01165	0.00416	0.00333	0.00749
5	0.00940	0.00626	0.00705	0.00705	0.00705	0.00626	0.00392	0.00940	0.00940	0.01253	0.02036	0.04228	0.02349	0.77292	0.03289	0.00626	0.00626	0.00940	0.00392	0.00392
6	0.01220	0.01148	0.01938	0.75739	0.04450	0.01436	0.01794	0.01651	0.01292	0.01651	0.01148	0.01723	0.00861	0.00646	0.00646	0.00215	0.00861	0.00574	0.00287	0.00718
7	0.01727	0.77681	0.03386	0.01106	0.01658	0.02557	0.01106	0.01935	0.01313	0.01520	0.00898	0.01036	0.00829	0.00553	0.00415	0.00138	0.00691	0.00345	0.00276	0.00829
8	0.00926	0.00624	0.00722	0.00734	0.00742	0.00625	0.00426	0.00945	0.00969	0.01296	0.02152	0.10281	0.02482	0.68060	0.05932	0.00612	0.00649	0.01005	0.00407	0.00410
9	0.00775	0.00640	0.00681	0.00702	0.00888	0.00546	0.00515	0.00938	0.01453	0.01774	0.09548	0.17545	0.58399	0.01682	0.00773	0.00225	0.00334	0.01430	0.00606	0.00546
10	0.81856	0.01250	0.00950	0.00850	0.01250	0.01449	0.00700	0.01899	0.01100	0.02899	0.00900	0.01050	0.00700	0.00600	0.00400	0.00200	0.00500	0.00350	0.00400	0.00700
11	0.00795	0.00568	0.00757	0.00894	0.00939	0.00530	0.00600	0.00920	0.01274	0.01708	0.07870	0.72396	0.04387	0.01981	0.00821	0.00259	0.00371	0.01795	0.00607	0.00530
12	0.01613	0.01360	0.01523	0.01193	0.04127	0.03526	0.00918	0.15910	0.01708	0.02492	0.01228	0.01386	0.00984	0.00549	0.00522	0.00121	0.00559	0.00431	0.00433	0.59415
13	0.00936	0.00639	0.00769	0.00769	0.00791	0.00661	0.00471	0.00981	0.00959	0.01300	0.01977	0.03904	0.02208	0.63392	0.16996	0.00705	0.00838	0.00892	0.00383	0.00427
14	0.04387	0.15749	0.06038	0.01315	0.01849	0.03902	0.01166	0.28386	0.02151	0.26204	0.01703	0.01634	0.01179	0.00726	0.00595	0.00185	0.00676	0.00544	0.00592	0.01021
15	0.01428	0.08079	0.41359	0.02320	0.13535	0.01614	0.18509	0.02034	0.01415	0.02023	0.01184	0.01466	0.00889	0.00587	0.00639	0.00201	0.00939	0.00550	0.00293	0.00936
16	0.01592	0.00716	0.00808	0.00727	0.00958	0.00682	0.00566	0.01882	0.01468	0.18723	0.02209	0.02361	0.01643	0.00764	0.00497	0.00162	0.00358	0.00613	0.62556	0.00716
17	0.01727	0.77681	0.03386	0.01106	0.01658	0.02557	0.01106	0.01935	0.01313	0.01520	0.00898	0.01036	0.00829	0.00553	0.00415	0.00138	0.00691	0.00345	0.00276	0.00829
18	0.08153	0.00829	0.01012	0.00906	0.01168	0.00776	0.00700	0.01756	0.03493	0.20435	0.32704	0.11408	0.11652	0.01225	0.00707	0.00210	0.00398	0.01049	0.00682	0.00736
19	0.02330	0.01815	0.01863	0.01471	0.01956	0.05761	0.01199	0.57600	0.13087	0.03741	0.01680	0.01657	0.01213	0.00785	0.00645	0.00196	0.00706	0.00595	0.00632	0.01069
20	0.01385	0.01317	0.02237	0.44438	0.34459	0.01479	0.01877	0.01796	0.01370	0.01852	0.01178	0.01669	0.00932	0.00615	0.00643	0.00205	0.00820	0.00575	0.00301	0.00851
21	0.01290	0.00685	0.00694	0.00663	0.00838	0.00698	0.00505	0.06274	0.01470	0.02523	0.02070	0.02350	0.01618	0.00754	0.00465	0.00154	0.00329	0.00601	0.75382	0.00636
22	0.02386	0.01636	0.14814	0.01340	0.01908	0.01267	0.01257	0.11571	0.10790	0.42812	0.02179	0.01991	0.01440	0.00772	0.00644	0.00202	0.00639	0.00620	0.00666	0.01063
23	0.07852	0.03861	0.01581	0.01321	0.01708	0.23744	0.01039	0.08532	0.18278	0.16132	0.02043	0.01994	0.05229	0.00916	0.02748	0.00217	0.00764	0.00602	0.00544	0.00893
24	0.76137	0.01290	0.01021	0.00896	0.01304	0.01489	0.00738	0.06885	0.01239	0.02983	0.00947	0.01086	0.00729	0.00612	0.00418	0.00199	0.00515	0.00367	0.00418	0.00729
25	0.02883	0.01126	0.01516	0.01162	0.01662	0.00989	0.00960	0.05654	0.01893	0.71142	0.02512	0.02175	0.01581	0.00799	0.00650	0.00200	0.00556	0.00647	0.00794	0.01100
26	0.01356	0.01199	0.01551	0.01108	0.01689	0.00927	0.06743	0.01665	0.01356	0.02102	0.01162	0.01374	0.00959	0.00484	0.00503	0.00106	0.00531	0.00415	0.00378	0.74394
27	0.01856	0.00853	0.01142	0.00994	0.01292	0.00755	0.00771	0.02083	0.01686	0.37349	0.19546	0.20662	0.05756	0.01242	0.00722	0.00216	0.00443	0.01078	0.00725	0.00829
28	0.00903	0.00651	0.00821	0.00784	0.00937	0.00593	0.00582	0.01130	0.01675	0.02301	0.53865	0.04854	0.18714	0.01461	0.00913	0.07108	0.00331	0.01155	0.00653	0.00569
29	0.01405	0.20701	0.49188	0.01607	0.02383	0.03566	0.01940	0.01973	0.01375	0.01900	0.01286	0.01786	0.01068	0.00701	0.00590	0.00196	0.00867	0.06276	0.00303	0.00889
30	0.00950	0.00745	0.00829	0.00793	0.01000	0.00685	0.00597	0.06982	0.01676	0.02158	0.23381	0.12891	0.41922	0.01520	0.00760	0.00217	0.00359	0.01295	0.00633	0.00607
31	0.04442	0.66532	0.05215	0.01151	0.01707	0.02442	0.01139	0.07831	0.01454	0.01799	0.00962	0.01090	0.00848	0.00575	0.00440	0.00147	0.00694	0.00370	0.00312	0.00851
32	0.81856	0.01250	0.00950	0.00850	0.01250	0.01449	0.00700	0.01899	0.01100	0.02899	0.00900	0.01050	0.00700	0.00600	0.00400	0.00200	0.00500	0.00350	0.00400	0.00700
33	0.01599	0.01535	0.02623	0.03966	0.73262	0.01535	0.01983	0.01983	0.01471	0.02111	0.01215	0.01599	0.01023	0.00576	0.00640	0.00192	0.00768	0.00576	0.00320	0.01023
34	0.01839	0.00898	0.01188	0.00976	0.01319	0.00783	0.00775	0.02118	0.01797	0.34420	0.35402	0.03358	0.03653	0.01017	0.00688	0.00193	0.00429	0.00871	0.00724	0.07552
35	0.81856	0.01250	0.00950	0.00850	0.01250	0.01449	0.00700	0.01899	0.01100	0.02899	0.00900	0.01050	0.00700	0.00600	0.00400	0.00200	0.00500	0.00350	0.00400	0.00700
36	0.00940	0.00626	0.00705	0.00705	0.00705	0.00626	0.00392	0.00940	0.00940	0.01253	0.02036	0.04228	0.02349	0.77292	0.03289	0.00626	0.00626	0.00940	0.00392	0.00392
37	0.01195	0.00721	0.00939	0.00857	0.01060	0.00652	0.00652	0.01472	0.01777	0.13149	0.54288	0.08307	0.09802	0.01301	0.00749	0.00207	0.00347	0.01139	0.00711	0.00674
38	0.00797	0.00656	0.00701	0.00689	0.00893	0.00560	0.00517	0.00992	0.01551	0.01932	0.21191	0.05911	0.58238	0.01567	0.00763	0.00215	0.00322	0.01321	0.00625	0.00560
39	0.02216	0.01590	0.01783	0.01633	0.09293	0.05815	0.01190	0.30389	0.16918	0.16633	0.04455	0.01954	0.01532	0.00794	0.00649	0.00199	0.00656	0.00636	0.00628	0.01038
40	0.01234	0.01163	0.01964	0.73042	0.07036	0.01439	0.01802	0.01663	0.01299	0.01668	0.01151	0.01718	0.00867	0.00643	0.00646	0.00214	0.00858	0.00574	0.00288	0.00729

[dist]
# distance from previous block
# <min> <max>
3	4

[block]
# block no. 2 follows, 34 sequences, length 358
# corresponding to MSA columns:
# 111-468
name=unknown_C
#
# <colnr> <probs for GDERKNQSTAVLIFYWHMCP>
#	G	D	E	R	K	N	Q	S	T	A	V	L	I	F	Y	W	H	M	C	P
0	0.01334	0.04444	0.46256	0.02049	0.07499	0.01471	0.16209	0.01958	0.01435	0.02066	0.05678	0.01815	0.03512	0.00671	0.00655	0.00205	0.00904	0.00610	0.00324	0.00905
1	0.01296	0.03342	0.73944	0.01842	0.02797	0.01501	0.02387	0.02046	0.01364	0.02046	0.01160	0.01364	0.00818	0.00614	0.00614	0.00205	0.00955	0.00477	0.00273	0.00955
2	0.01583	0.01628	0.03941	0.14650	0.36146	0.07352	0.07597	0.02163	0.11028	0.02045	0.01369	0.01693	0.01095	0.00658	0.00716	0.00204	0.04253	0.00597	0.00359	0.00924
3	0.00782	0.00603	0.00716	0.00799	0.00912	0.00536	0.00557	0.00922	0.01352	0.01722	0.07246	0.46109	0.31741	0.01844	0.00798	0.00243	0.00353	0.01624	0.00604	0.00536
4	0.01625	0.01383	0.01464	0.01306	0.01671	0.01591	0.01018	0.06782	0.66069	0.02768	0.05104	0.02454	0.02076	0.00887	0.00661	0.00217	0.00514	0.00739	0.00659	0.01012
5	0.00910	0.00660	0.00857	0.00808	0.00962	0.00608	0.00606	0.01210	0.01818	0.02565	0.70887	0.04869	0.08147	0.01331	0.00762	0.00204	0.00306	0.01175	0.00708	0.00608
6	0.04373	0.75157	0.03305	0.01097	0.01645	0.02520	0.01092	0.01934	0.01306	0.01566	0.00898	0.01037	0.00825	0.00554	0.00414	0.00140	0.00685	0.00346	0.00280	0.00825
7	0.01296	0.03342	0.73944	0.01842	0.02797	0.01501	0.02387	0.02046	0.01364	0.02046	0.01160	0.01364	0.00818	0.00614	0.00614	0.00205	0.00955	0.00477	0.00273	0.00955
8	0.00914	0.00660	0.00864	0.00813	0.00965	0.00610	0.00610	0.01219	0.01829	0.02591	0.72921	0.04827	0.06097	0.01321	0.00762	0.00203	0.00305	0.01169	0.00711	0.00610
9	0.00928	0.00684	0.00870	0.00819	0.00983	0.00638	0.00616	0.01273	0.04126	0.02540	0.66291	0.04837	0.10303	0.01327	0.00759	0.00205	0.00313	0.01167	0.00702	0.00619
10	0.02356	0.01668	0.01812	0.01414	0.01896	0.01829	0.01155	0.56442	0.09492	0.09607	0.01755	0.01784	0.01269	0.03557	0.00743	0.00212	0.00675	0.00615	0.00651	0.01066
11	0.01220	0.01148	0.01938	0.75739	0.04450	0.01436	0.01794	0.01651	0.01292	0.01651	0.01148	0.01723	0.00861	0.00646	0.00646	0.00215	0.00861	0.00574	0.00287	0.00718
12	0.01414	0.01414	0.01979	0.01696	0.01696	0.01979	0.01414	0.01555	0.00990	0.01555	0.00848	0.01414	0.00848	0.01131	0.02120	0.00283	0.76110	0.00565	0.00283	0.00707
13	0.00787	0.00562	0.00750	0.00900	0.00937	0.00525	0.00600	0.00900	0.01237	0.01649	0.03561	0.76871	0.04274	0.02024	0.00825	0.00262	0.00375	0.01837	0.00600	0.00525
14	0.01991	0.02350	0.02015	0.18061	0.17041	0.44042	0.01515	0.02259	0.01642	0.01704	0.01075	0.01373	0.00877	0.00643	0.00608	0.00182	0.01019	0.00483	0.00320	0.00798
15	0.01578	0.01689	0.02230	0.38423	0.18338	0.16850	0.08011	0.01954	0.01464	0.01771	0.01146	0.01581	0.00900	0.00626	0.00642	0.00200	0.00926	0.00558	0.00307	0.00803
16	0.00787	0.00562	0.00750	0.00900	0.00937	0.00525	0.00600	0.00900	0.01237	0.01649	0.03561	0.76871	0.04274	0.02024	0.00825	0.00262	0.00375	0.01837	0.00600	0.00525
17	0.01575	0.01511	0.02579	0.08540	0.68877	0.01529	0.01971	0.01962	0.01460	0.02082	0.01211	0.01607	0.01013	0.00580	0.00640	0.00193	0.00774	0.00576	0.00318	0.01004
18	0.01018	0.04473	0.08305	0.03049	0.01330	0.00851	0.00881	0.06352	0.01390	0.01865	0.02984	0.58196	0.03441	0.01686	0.00767	0.00245	0.00486	0.01505	0.00547	0.00630
19	0.02899	0.01100	0.01499	0.01150	0.01649	0.00950	0.00950	0.03149	0.01849	0.73709	0.02549	0.02199	0.01599	0.00800	0.00650	0.00200	0.00550	0.00650	0.00800	0.01100
20	0.02848	0.01111	0.01498	0.01156	0.01651	0.00975	0.00953	0.03160	0.04596	0.70933	0.02552	0.02207	0.01614	0.00803	0.00650	0.00201	0.00548	0.00653	0.00794	0.01097
21	0.01305	0.03280	0.71202	0.01876	0.02819	0.01506	0.05067	0.02047	0.01370	0.02047	0.01165	0.01379	0.00825	0.00611	0.00620	0.00205	0.00960	0.00489	0.00275	0.00952
22	0.01727	0.77681	0.03386	0.01106	0.01658	0.02557	0.01106	0.01935	0.01313	0.01520	0.00898	0.01036	0.00829	0.00553	0.00415	0.00138	0.00691	0.00345	0.00276	0.00829
23	0.00923	0.00692	0.01038	0.01038	0.01154	0.00808	0.00808	0.01154	0.01038	0.01500	0.01731	0.02538	0.01615	0.04846	0.74732	0.01038	0.01731	0.00692	0.00346	0.00577
24	0.00807	0.00684	0.00700	0.00691	0.00911	0.00591	0.00520	0.01045	0.04259	0.01841	0.10953	0.05974	0.65626	0.01585	0.00759	0.00217	0.00333	0.01325	0.00610	0.00569
25	0.81856	0.01250	0.00950	0.00850	0.01250	0.01449	0.00700	0.01899	0.01100	0.02899	0.00900	0.01050	0.00700	0.00600	0.00400	0.00200	0.00500	0.00350	0.00400	0.00700
26	0.01820	0.01814	0.06633	0.02148	0.02746	0.01743	0.38383	0.24391	0.08635	0.02772	0.01502	0.01724	0.01103	0.00654	0.00708	0.00210	0.00906	0.00687	0.00458	0.00963
27	0.01752	0.01548	0.03976	0.02377	0.28358	0.01600	0.03952	0.11137	0.30021	0.05583	0.01882	0.01943	0.01431	0.00730	0.00652	0.00205	0.00665	0.00646	0.00515	0.01028
28	0.00818	0.00647	0.00736	0.00735	0.00911	0.00565	0.00543	0.01024	0.01570	0.02024	0.28929	0.13217	0.42849	0.01570	0.00770	0.00218	0.00325	0.01347	0.00638	0.00565
29	0.02200	0.01897	0.07918	0.04304	0.14304	0.06040	0.01454	0.43179	0.02433	0.07691	0.01479	0.01568	0.01071	0.00719	0.00639	0.00194	0.00762	0.00567	0.00540	0.01042
30	0.01483	0.10448	0.28302	0.02520	0.18898	0.01664	0.23455	0.02027	0.01433	0.02012	0.01190	0.01500	0.00917	0.00577	0.00644	0.00199	0.00926	0.00574	0.00301	0.00931
31	0.02006	0.01126	0.01348	0.01133	0.01517	0.01130	0.00901	0.04893	0.25918	0.31947	0.12644	0.02919	0.07698	0.00961	0.00676	0.00208	0.00491	0.00801	0.00719	0.00963
32	0.00906	0.00660	0.00851	0.00804	0.00960	0.00606	0.00603	0.01202	0.01808	0.02542	0.69035	0.04908	0.10014	0.01339	0.00762	0.00204	0.00306	0.01180	0.00705	0.00606
33	0.00786	0.00588	0.00730	0.00838	0.00922	0.00532	0.00574	0.00916	0.01313	0.01702	0.06456	0.57544	0.20934	0.01909	0.00808	0.00250	0.00361	0.01702	0.00603	0.00532
34	0.01831	0.01440	0.01544	0.01333	0.01732	0.01632	0.01052	0.14748	0.56065	0.07446	0.02444	0.02253	0.01802	0.00855	0.00655	0.00214	0.00547	0.00700	0.00665	0.01040
35	0.00935	0.00667	0.00840	0.00797	0.00966	0.00604	0.00598	0.01207	0.01749	0.04212	0.57455	0.07371	0.17417	0.01385	0.00762	0.00208	0.00317	0.01211	0.00691	0.00608
36	0.01371	0.01167	0.01357	0.00972	0.01545	0.00894	0.00779	0.03584	0.01388	0.02161	0.01160	0.01346	0.00961	0.00487	0.00483	0.00098	0.00485	0.00388	0.00390	0.78985
37	0.01598	0.01371	0.01443	0.01294	0.01658	0.01577	0.01008	0.05242	0.67388	0.02704	0.02753	0.02535	0.04725	0.00903	0.00661	0.00218	0.00510	0.00751	0.00655	0.01006
38	0.02252	0.14173	0.02047	0.01540	0.01923	0.52725	0.01208	0.07770	0.07119	0.01846	0.01148	0.01269	0.00938	0.00673	0.00568	0.00168	0.01010	0.00442	0.00373	0.00808
39	0.00940	0.00626	0.00705	0.00705	0.00705	0.00626	0.00392	0.00940	0.00940	0.01253	0.02036	0.04228	0.02349	0.77292	0.03289	0.00626	0.00626	0.00940	0.00392	0.00392
40	0.01859	0.01476	0.01545	0.01333	0.01723	0.03938	0.01050	0.17696	0.47414	0.07436	0.02385	0.05576	0.01831	0.00896	0.00660	0.00213	0.00571	0.00734	0.00651	0.01012
41	0.04518	0.35721	0.22320	0.01319	0.01946	0.01889	0.01408	0.04171	0.05470	0.11076	0.03655	0.01492	0.01165	0.00653	0.00531	0.00175	0.00717	0.00476	0.00393	0.00905
42	0.01729	0.04449	0.32549	0.01581	0.06595	0.03572	0.01586	0.02207	0.01597	0.21408	0.14143	0.02196	0.01971	0.00786	0.00644	0.00199	0.00718	0.00646	0.00497	0.00927
43	0.01525	0.01743	0.03813	0.02723	0.03377	0.01634	0.70915	0.02070	0.01525	0.02070	0.01307	0.01743	0.00980	0.00545	0.00763	0.00218	0.01089	0.00763	0.00327	0.00871
44	0.01588	0.01524	0.02602	0.06108	0.71208	0.01532	0.01977	0.01973	0.01466	0.02097	0.01213	0.01603	0.01019	0.00578	0.00640	0.00193	0.00770	0.00576	0.00319	0.01014
45	0.03808	0.25456	0.09239	0.01566	0.09454	0.04446	0.01282	0.12348	0.08515	0.11409	0.03109	0.03926	0.01318	0.00724	0.00572	0.00182	0.00687	0.00561	0.00463	0.00935
46	0.02899	0.01100	0.01499	0.01150	0.01649	0.00950	0.00950	0.03149	0.01849	0.73709	0.02549	0.02199	0.01599	0.00800	0.00650	0.00200	0.00550	0.00650	0.00800	0.01100
47	0.00799	0.00571	0.00763	0.00913	0.00956	0.00535	0.00620	0.00920	0.01249	0.01662	0.03555	0.73692	0.04248	0.02013	0.00828	0.00264	0.00385	0.04901	0.00600	0.00528
48	0.06683	0.01425	0.04139	0.15150	0.36269	0.01452	0.01613	0.06123	0.06850	0.06575	0.01591	0.01863	0.03591	0.00809	0.02953	0.00227	0.00751	0.00606	0.00403	0.00928
49	0.02352	0.03874	0.13400	0.01523	0.07162	0.03516	0.03272	0.02743	0.03685	0.45975	0.04411	0.02031	0.01524	0.00753	0.00641	0.00198	0.00662	0.00622	0.00628	0.01026
50	0.02689	0.01295	0.01598	0.01235	0.01726	0.01257	0.01017	0.22246	0.04328	0.50017	0.02259	0.02029	0.01471	0.00794	0.00644	0.00198	0.00587	0.00632	0.02895	0.01084
51	0.02899	0.01100	0.01499	0.01150	0.01649	0.00950	0.00950	0.03149	0.01849	0.73709	0.02549	0.02199	0.01599	0.00800	0.00650	0.00200	0.00550	0.00650	0.00800	0.01100
52	0.06424	0.03660	0.04208	0.01803	0.14185	0.01518	0.03381	0.25906	0.02110	0.27620	0.01768	0.01744	0.01219	0.00722	0.00630	0.00195	0.00673	0.00588	0.00599	0.01047
53	0.01700	0.01644	0.04815	0.05548	0.51783	0.05956	0.05851	0.04175	0.01569	0.06184	0.03657	0.01716	0.01200	0.00626	0.00648	0.00194	0.00790	0.00598	0.00369	0.00979
54	0.01338	0.00803	0.00988	0.00872	0.01122	0.00738	0.00676	0.05609	0.01812	0.15247	0.39610	0.04383	0.19187	0.01245	0.00725	0.00204	0.00377	0.01065	0.03286	0.00712
55	0.74722	0.05950	0.03152	0.00893	0.01318	0.01518	0.00772	0.01906	0.01120	0.02791	0.00907	0.01058	0.00711	0.00597	0.00407	0.00196	0.00524	0.00353	0.00389	0.00715
56	0.00793	0.00565	0.00748	0.00892	0.00928	0.00529	0.00592	0.00901	0.01225	0.01634	0.03502	0.74030	0.04198	0.04967	0.00921	0.00277	0.00385	0.01802	0.00592	0.00520
57	0.01633	0.02522	0.29605	0.02662	0.29464	0.15288	0.05598	0.02124	0.01501	0.01985	0.01158	0.01436	0.00907	0.00606	0.00626	0.00193	0.00930	0.00518	0.00305	0.00938
58	0.00802	0.00656	0.00708	0.00695	0.00896	0.00562	0.00521	0.01002	0.01564	0.01962	0.23560	0.05862	0.55850	0.01556	0.00763	0.00214	0.00322	0.01314	0.00629	0.00562
59	0.00866	0.00659	0.00797	0.00762	0.00936	0.00589	0.00572	0.01126	0.01715	0.02321	0.51725	0.05271	0.27461	0.01422	0.00763	0.00208	0.00312	0.01231	0.00676	0.00589
60	0.01472	0.01648	0.03556	0.02563	0.03166	0.01555	0.64671	0.01982	0.01479	0.02012	0.01354	0.01865	0.01059	0.03147	0.05148	0.00278	0.01112	0.00764	0.00330	0.00840
61	0.00942	0.00649	0.00754	0.00767	0.00802	0.00647	0.00469	0.02618	0.01070	0.01421	0.02489	0.15832	0.06265	0.56163	0.05963	0.00555	0.00623	0.01086	0.00440	0.00446
62	0.00778	0.00655	0.00675	0.00670	0.00882	0.00552	0.00503	0.00956	0.01508	0.01829	0.13073	0.06081	0.66420	0.01605	0.00763	0.00217	0.00325	0.01344	0.00611	0.00552
63	0.02347	0.02929	0.01798	0.01630	0.01959	0.68978	0.01228	0.04726	0.01834	0.01658	0.01050	0.01240	0.00877	0.00860	0.03972	0.00207	0.01176	0.00434	0.00344	0.00752
64	0.01296	0.03342	0.73944	0.01842	0.02797	0.01501	0.02387	0.02046	0.01364	0.02046	0.01160	0.01364	0.00818	0.00614	0.00614	0.00205	0.00955	0.00477	0.00273	0.00955
65	0.01340	0.01148	0.01340	0.00957	0.01531	0.00861	0.00766	0.01627	0.01340	0.02105	0.01148	0.01340	0.00957	0.00479	0.00479	0.00096	0.00479	0.00383	0.00383	0.81242
66	0.02456	0.01810	0.01939	0.01487	0.02004	0.02004	0.01228	0.71107	0.03038	0.04072	0.01551	0.01551	0.01099	0.00776	0.00646	0.00194	0.00711	0.00582	0.00646	0.01099
67	0.02758	0.01326	0.01639	0.01257	0.01762	0.01285	0.01038	0.24773	0.02228	0.51551	0.02232	0.01993	0.01440	0.00792	0.00649	0.00198	0.00601	0.00628	0.00751	0.01099
68	0.02799	0.01260	0.01599	0.01226	0.01729	0.01187	0.01012	0.18457	0.02117	0.58023	0.02324	0.02053	0.01487	0.00794	0.00649	0.00199	0.00586	0.00634	0.00765	0.01099
69	0.00787	0.00562	0.00750	0.00900	0.00937	0.00525	0.00600	0.00900	0.01237	0.01649	0.03561	0.76871	0.04274	0.02024	0.00825	0.00262	0.00375	0.01837	0.00600	0.00525
70	0.00787	0.00562	0.00750	0.00900	0.00937	0.00525	0.00600	0.00900	0.01237	0.01649	0.03561	0.76871	0.04274	0.02024	0.00825	0.00262	0.00375	0.01837	0.00600	0.00525
71	0.02886	0.01121	0.01513	0.01160	0.01660	0.00982	0.00958	0.05209	0.01885	0.71598	0.02519	0.02180	0.01584	0.00799	0.00650	0.00200	0.00555	0.00648	0.00795	0.01100
72	0.01414	0.01414	0.01979	0.01696	0.01696	0.01979	0.01414	0.01555	0.00990	0.01555	0.00848	0.01414	0.00848	0.01131	0.02120	0.00283	0.76110	0.00565	0.00283	0.00707
73	0.01276	0.00849	0.01025	0.00934	0.01170	0.00826	0.00714	0.05272	0.10331	0.10767	0.36123	0.11292	0.14263	0.01292	0.00737	0.00212	0.00390	0.01118	0.00685	0.00725
74	0.01354	0.03162	0.64458	0.01853	0.02715	0.04397	0.04430	0.02037	0.01364	0.01998	0.01139	0.01371	0.00826	0.00646	0.00711	0.00208	0.05635	0.00489	0.00277	0.00929
75	0.01754	0.04129	0.09400	0.02383	0.10104	0.01540	0.39807	0.06280	0.01628	0.12420	0.01514	0.03394	0.01134	0.00637	0.00704	0.00209	0.00916	0.00702	0.00412	0.00932
76	0.00937	0.00637	0.00756	0.00756	0.00774	0.00654	0.00456	0.00973	0.00955	0.01291	0.01989	0.03968	0.02236	0.66142	0.14284	0.00690	0.00796	0.00902	0.00385	0.00420
77	0.01417	0.01240	0.01409	0.01076	0.03458	0.03207	0.00828	0.03940	0.01414	0.02154	0.01159	0.01348	0.00960	0.00497	0.00491	0.00104	0.00515	0.00395	0.00388	0.74001
78	0.01040	0.00782	0.00826	0.00820	0.00887	0.03267	0.00517	0.03103	0.05289	0.01516	0.02524	0.14315	0.07015	0.52562	0.02458	0.00497	0.00586	0.01053	0.00455	0.00489
79	0.05231	0.22719	0.30990	0.02003	0.16237	0.06828	0.01786	0.02022	0.01383	0.01914	0.01070	0.01296	0.00858	0.00605	0.00590	0.00183	0.02635	0.00454	0.00293	0.00903
80	0.01656	0.15805	0.09242	0.04898	0.38327	0.06647	0.06446	0.04173	0.01493	0.01994	0.01144	0.01453	0.00947	0.00600	0.00635	0.00186	0.02571	0.00526	0.00317	0.00939
81	0.01727	0.77681	0.03386	0.01106	0.01658	0.02557	0.01106	0.01935	0.01313	0.01520	0.00898	0.01036	0.00829	0.00553	0.00415	0.00138	0.00691	0.00345	0.00276	0.00829
82	0.01349	0.00848	0.01219	0.01034	0.01292	0.00792	0.06918	0.03518	0.01761	0.13105	0.42170	0.03820	0.04150	0.01096	0.00704	0.00200	0.00431	0.03147	0.11728	0.00717
83	0.02414	0.03079	0.01831	0.01665	0.01998	0.74698	0.01248	0.02580	0.01831	0.01581	0.00999	0.01165	0.00832	0.00666	0.00583	0.00166	0.01165	0.00416	0.00333	0.00749
84	0.00910	0.00661	0.00863	0.00816	0.00969	0.00615	0.00613	0.01208	0.01791	0.02527	0.68398	0.04790	0.08017	0.01453	0.03322	0.00233	0.00355	0.01158	0.00695	0.00607
85	0.00914	0.00660	0.00864	0.00813	0.00965	0.00610	0.00610	0.01219	0.01829	0.02591	0.72921	0.04827	0.06097	0.01321	0.00762	0.00203	0.00305	0.01169	0.00711	0.00610
86	0.00907	0.00660	0.00853	0.00805	0.00961	0.00607	0.00604	0.01205	0.01812	0.02550	0.69683	0.04894	0.09360	0.01336	0.00762	0.00204	0.00306	0.01178	0.00706	0.00607
87	0.02899	0.01100	0.01499	0.01150	0.01649	0.00950	0.00950	0.03149	0.01849	0.73709	0.02549	0.02199	0.01599	0.00800	0.00650	0.00200	0.00550	0.00650	0.00800	0.01100
88	0.01727	0.77681	0.03386	0.01106	0.01658	0.02557	0.01106	0.01935	0.01313	0.01520	0.00898	0.01036	0.00829	0.00553	0.00415	0.00138	0.00691	0.00345	0.00276	0.00829
89	0.00940	0.00626	0.00705	0.00705	0.00705	0.00626	0.00392	0.00940	0.00940	0.01253	0.02036	0.04228	0.02349	0.77292	0.03289	0.00626	0.00626	0.00940	0.00392	0.00392
90	0.81856	0.01250	0.00950	0.00850	0.01250	0.01449	0.00700	0.01899	0.01100	0.02899	0.00900	0.01050	0.00700	0.00600	0.00400	0.00200	0.00500	0.00350	0.00400	0.00700
91	0.78998	0.01244	0.00970	0.00861	0.01264	0.01431	0.00709	0.01945	0.01127	0.05462	0.00959	0.01091	0.00732	0.00607	0.00409	0.00200	0.00502	0.00361	0.00414	0.00714
92	0.01049	0.00808	0.00961	0.00889	0.01095	0.00798	0.00676	0.03815	0.12451	0.02541	0.50835	0.04544	0.14481	0.01279	0.00743	0.00207	0.00353	0.01110	0.00686	0.00679
93	0.01220	0.01148	0.01938	0.75739	0.04450	0.01436	0.01794	0.01651	0.01292	0.01651	0.01148	0.01723	0.00861	0.00646	0.00646	0.00215	0.00861	0.00574	0.00287	0.00718
94	0.02456	0.01810	0.01939	0.01487	0.02004	0.02004	0.01228	0.71107	0.03038	0.04072	0.01551	0.01551	0.01099	0.00776	0.00646	0.00194	0.00711	0.00582	0.00646	0.01099
95	0.01727	0.77681	0.03386	0.01106	0.01658	0.02557	0.01106	0.01935	0.01313	0.01520	0.00898	0.01036	0.00829	0.00553	0.00415	0.00138	0.00691	0.00345	0.00276	0.00829
96	0.02876	0.01137	0.01522	0.01167	0.01668	0.01004	0.00964	0.06680	0.01911	0.70091	0.02497	0.02166	0.01573	0.00798	0.00650	0.00200	0.00558	0.00646	0.00792	0.01100
97	0.02899	0.01100	0.01499	0.01150	0.01649	0.00950	0.00950	0.03149	0.01849	0.73709	0.02549	0.02199	0.01599	0.00800	0.00650	0.00200	0.00550	0.00650	0.00800	0.01100
98	0.00914	0.00660	0.00864	0.00813	0.00965	0.00610	0.00610	0.01219	0.01829	0.02591	0.72921	0.04827	0.06097	0.01321	0.00762	0.00203	0.00305	0.01169	0.00711	0.00610
99	0.00795	0.00655	0.00692	0.00683	0.00884	0.00559	0.00509	0.00978	0.01519	0.01877	0.17835	0.05923	0.59513	0.03703	0.00834	0.00227	0.00332	0.01318	0.00613	0.00552
100	0.02899	0.01100	0.01499	0.01150	0.01649	0.00950	0.00950	0.03149	0.01849	0.73709	0.02549	0.02199	0.01599	0.00800	0.00650	0.00200	0.00550	0.00650	0.00800	0.01100
101	0.00899	0.00672	0.00772	0.00739	0.00938	0.00586	0.00557	0.01126	0.01638	0.04485	0.34954	0.05487	0.41875	0.01473	0.00759	0.00211	0.00325	0.01256	0.00654	0.00591
102	0.01220	0.01148	0.01938	0.75739	0.04450	0.01436	0.01794	0.01651	0.01292	0.01651	0.01148	0.01723	0.00861	0.00646	0.00646	0.00215	0.00861	0.00574	0.00287	0.00718
103	0.09358	0.02878	0.01758	0.01588	0.01932	0.65917	0.01200	0.04764	0.01807	0.01778	0.01008	0.01168	0.00829	0.00664	0.00569	0.00170	0.01092	0.00416	0.00349	0.00756
104	0.81856	0.01250	0.00950	0.00850	0.01250	0.01449	0.00700	0.01899	0.01100	0.02899	0.00900	0.01050	0.00700	0.00600	0.00400	0.00200	0.00500	0.00350	0.00400	0.00700
105	0.00811	0.00662	0.00721	0.00723	0.00925	0.00572	0.00554	0.01010	0.01536	0.01908	0.17943	0.06056	0.55956	0.01592	0.00773	0.00222	0.00344	0.06511	0.00619	0.00561
106	0.00936	0.00640	0.00772	0.00772	0.00796	0.00663	0.00476	0.00983	0.00960	0.01303	0.01974	0.03886	0.02201	0.62626	0.17752	0.00710	0.00850	0.00890	0.00382	0.00429
107	0.01607	0.01388	0.01461	0.01315	0.01680	0.01607	0.01023	0.03433	0.72094	0.02703	0.02630	0.02411	0.01972	0.00877	0.00657	0.00219	0.00511	0.00731	0.00657	0.01023
108	0.00787	0.00621	0.00710	0.00761	0.00906	0.00544	0.00543	0.00946	0.01420	0.01793	0.11946	0.32338	0.40897	0.01750	0.00786	0.00233	0.00343	0.01520	0.00611	0.00544
109	0.00787	0.00562	0.00750	0.00900	0.00937	0.00525	0.00600	0.00900	0.01237	0.01649	0.03561	0.76871	0.04274	0.02024	0.00825	0.00262	0.00375	0.01837	0.00600	0.00525
110	0.02846	0.01185	0.01552	0.01190	0.01692	0.01076	0.00983	0.11280	0.01992	0.65378	0.02430	0.02122	0.01540	0.00797	0.00649	0.00199	0.00569	0.00642	0.00781	0.01100
111	0.01690	0.01429	0.01508	0.01332	0.01712	0.01646	0.01043	0.10016	0.65377	0.02836	0.02525	0.02327	0.01887	0.00867	0.00656	0.00217	0.00531	0.00716	0.00656	0.01030
112	0.01957	0.01754	0.20318	0.01827	0.15007	0.01239	0.01483	0.06094	0.03995	0.27958	0.08176	0.02129	0.01698	0.02585	0.00712	0.00210	0.00681	0.00644	0.00545	0.00985
113	0.01396	0.01388	0.01945	0.01673	0.01677	0.01937	0.01392	0.01541	0.00991	0.01553	0.00880	0.01454	0.00876	0.01265	0.04733	0.00310	0.73434	0.00570	0.00285	0.00702
114	0.01773	0.72692	0.03282	0.01143	0.01681	0.07381	0.01115	0.01978	0.01348	0.01524	0.00905	0.01045	0.00829	0.00560	0.00426	0.00140	0.00723	0.00350	0.00280	0.00824
115	0.02013	0.01414	0.01571	0.01358	0.03565	0.07683	0.02973	0.15686	0.16785	0.20003	0.02167	0.09295	0.01752	0.04415	0.03200	0.00249	0.00670	0.00754	0.00606	0.03841
116	0.01942	0.01960	0.02028	0.02331	0.25574	0.23113	0.01447	0.07976	0.15464	0.04670	0.01477	0.01635	0.01167	0.00720	0.00722	0.00196	0.05655	0.00561	0.00430	0.00931
117	0.00787	0.00562	0.00750	0.00900	0.00937	0.00525	0.00600	0.00900	0.01237	0.01649	0.03561	0.76871	0.04274	0.02024	0.00825	0.00262	0.00375	0.01837	0.00600	0.00525
118	0.81856	0.01250	0.00950	0.00850	0.01250	0.01449	0.00700	0.01899	0.01100	0.02899	0.00900	0.01050	0.00700	0.00600	0.00400	0.00200	0.00500	0.00350	0.00400	0.00700
119	0.81856	0.01250	0.00950	0.00850	0.01250	0.01449	0.00700	0.01899	0.01100	0.02899	0.00900	0.01050	0.00700	0.00600	0.00400	0.00200	0.00500	0.00350	0.00400	0.00700
120	0.01701	0.56269	0.10465	0.01200	0.01747	0.07230	0.01207	0.01972	0.01411	0.03881	0.06652	0.01414	0.01266	0.00635	0.00482	0.00154	0.00717	0.00438	0.00330	0.00828
121	0.02185	0.05057	0.04351	0.03960	0.01965	0.52740	0.01216	0.04215	0.01754	0.06752	0.01386	0.08835	0.01238	0.00808	0.00611	0.00181	0.00998	0.00584	0.00395	0.00770
122	0.00787	0.00562	0.00750	0.00900	0.00937	0.00525	0.00600	0.00900	0.01237	0.01649	0.03561	0.76871	0.04274	0.02024	0.00825	0.00262	0.00375	0.01837	0.00600	0.00525
123	0.01727	0.77681	0.03386	0.01106	0.01658	0.02557	0.01106	0.01935	0.01313	0.01520	0.00898	0.01036	0.00829	0.00553	0.00415	0.00138	0.00691	0.00345	0.00276	0.00829
124	0.02108	0.08909	0.12351	0.01426	0.01958	0.07723	0.05394	0.02833	0.19370	0.28188	0.02005	0.01906	0.01405	0.00742	0.00625	0.00198	0.00697	0.00603	0.00570	0.00990
125	0.01593	0.02926	0.60499	0.01713	0.02584	0.01398	0.02120	0.02251	0.01454	0.15347	0.01417	0.01519	0.00963	0.00648	0.00621	0.00204	0.00880	0.00509	0.00371	0.00982
126	0.00787	0.00562	0.00750	0.00900	0.00937	0.00525	0.00600	0.00900	0.01237	0.01649	0.03561	0.76871	0.04274	0.02024	0.00825	0.00262	0.00375	0.01837	0.00600	0.00525
127	0.00827	0.00657	0.00742	0.00721	0.00912	0.00572	0.00541	0.01050	0.01622	0.02100	0.34408	0.05634	0.44916	0.01504	0.00763	0.00212	0.00318	0.01282	0.00647	0.00572
128	0.01334	0.09950	0.67673	0.01776	0.02695	0.01594	0.02273	0.02036	0.01360	0.01999	0.01136	0.01335	0.00819	0.00608	0.00596	0.00199	0.00931	0.00466	0.00273	0.00944
129	0.00930	0.00665	0.00900	0.00900	0.00967	0.00732	0.00635	0.01065	0.00997	0.01397	0.01857	0.03240	0.01920	0.34938	0.45057	0.00867	0.01272	0.00795	0.00365	0.00500
130	0.00938	0.00633	0.00740	0.00740	0.00752	0.00646	0.00436	0.00962	0.00950	0.01279	0.02004	0.04050	0.02271	0.69628	0.10847	0.00670	0.00743	0.00913	0.00387	0.00411
131	0.02834	0.01085	0.01479	0.01139	0.01627	0.00938	0.00938	0.03085	0.01849	0.71367	0.04866	0.02286	0.01748	0.00817	0.00653	0.00200	0.00542	0.00667	0.00797	0.01083
132	0.01832	0.06108	0.02505	0.03171	0.50419	0.05657	0.03560	0.10239	0.01691	0.06724	0.01310	0.01578	0.01045	0.00616	0.00628	0.00189	0.00773	0.00564	0.00386	0.01006
133	0.01666	0.67069	0.13459	0.01211	0.01821	0.02406	0.01289	0.01951	0.01320	0.01595	0.00936	0.01083	0.00828	0.00562	0.00443	0.00148	0.00729	0.00364	0.00276	0.00847
134	0.00940	0.00626	0.00705	0.00705	0.00705	0.00626	0.00392	0.00940	0.00940	0.01253	0.02036	0.04228	0.02349	0.77292	0.03289	0.00626	0.00626	0.00940	0.00392	0.00392
135	0.01403	0.02593	0.41101	0.02255	0.03068	0.01563	0.34480	0.02057	0.01440	0.02057	0.01229	0.01542	0.00894	0.00581	0.00683	0.00211	0.01018	0.00611	0.00298	0.00916
