[name]
unknown

[dist]
# distance from previous block
# <min> <max>
3	21

[block]
# block no. 0 follows, 33 sequences, length 37
# corresponding to MSA columns:
# 21-57
name=unknown_A
#
# <colnr> <probs for GDERKNQSTAVLIFYWHMCP>
#	G	D	E	R	K	N	Q	S	T	A	V	L	I	F	Y	W	H	M	C	P
0	0.01245	0.00696	0.00885	0.00893	0.01041	0.00642	0.00638	0.01413	0.01410	0.13962	0.08744	0.36607	0.07206	0.10422	0.01060	0.00282	0.00432	0.03049	0.08737	0.00636
1	0.20866	0.00998	0.01074	0.00945	0.01238	0.01021	0.00728	0.06927	0.03919	0.15053	0.17117	0.07585	0.08165	0.10424	0.00977	0.00264	0.00487	0.00864	0.00601	0.00745
2	0.01963	0.01504	0.01618	0.01372	0.01795	0.01692	0.01091	0.20919	0.48459	0.08476	0.02387	0.02212	0.01749	0.00860	0.00666	0.00215	0.00577	0.00699	0.00678	0.01068
3	0.01255	0.00752	0.00923	0.00892	0.01058	0.00714	0.00640	0.03526	0.03639	0.11822	0.16069	0.25613	0.08879	0.13835	0.01172	0.00293	0.00441	0.01224	0.06604	0.00650
4	0.06282	0.00727	0.00842	0.00845	0.01010	0.00693	0.00610	0.01276	0.04155	0.05201	0.21320	0.25479	0.19801	0.07583	0.00968	0.00263	0.00395	0.01320	0.00621	0.00608
5	0.01030	0.00713	0.00832	0.00806	0.01001	0.00645	0.00598	0.01299	0.04163	0.07055	0.24757	0.14275	0.32265	0.04125	0.00853	0.00235	0.00366	0.01280	0.03076	0.00626
6	0.25780	0.01085	0.01176	0.01001	0.01368	0.01102	0.00801	0.07100	0.03568	0.23862	0.14698	0.07110	0.06797	0.00978	0.00624	0.00209	0.00486	0.00781	0.00636	0.00836
7	0.09042	0.00883	0.01056	0.01104	0.05327	0.00867	0.00760	0.04265	0.05291	0.06445	0.14255	0.27022	0.12953	0.03700	0.00804	0.00237	0.00444	0.01203	0.00595	0.03747
8	0.01031	0.00666	0.00855	0.00863	0.00989	0.00614	0.00610	0.01221	0.01519	0.07389	0.30100	0.30519	0.08795	0.10437	0.01093	0.00280	0.00395	0.01381	0.00645	0.00597
9	0.07242	0.01039	0.01183	0.01065	0.01337	0.01076	0.00818	0.16318	0.07816	0.09051	0.17008	0.23274	0.05109	0.01278	0.00714	0.00221	0.00474	0.01095	0.03094	0.00789
10	0.10640	0.01608	0.01741	0.01367	0.01863	0.01744	0.01122	0.44356	0.09419	0.16730	0.01810	0.01737	0.01260	0.00787	0.00634	0.00202	0.00652	0.00596	0.00663	0.01070
11	0.05209	0.00673	0.00834	0.00892	0.01020	0.00633	0.00640	0.01164	0.01434	0.05476	0.16661	0.44737	0.12243	0.01735	0.00792	0.00246	0.00387	0.03998	0.00631	0.00594
12	0.00941	0.00702	0.01041	0.01041	0.01152	0.00813	0.00801	0.01164	0.01053	0.01515	0.01779	0.02675	0.01684	0.08641	0.70604	0.01036	0.01705	0.00718	0.00355	0.00578
13	0.07831	0.00845	0.00973	0.00974	0.01159	0.00852	0.00715	0.06569	0.06582	0.06457	0.05694	0.38075	0.10836	0.05638	0.00896	0.00264	0.00454	0.03915	0.00607	0.00667
14	0.00882	0.00679	0.00804	0.00825	0.00974	0.00628	0.00594	0.01160	0.05134	0.02051	0.25735	0.25724	0.26681	0.04002	0.00871	0.00244	0.00360	0.01419	0.00643	0.00590
15	0.00881	0.00667	0.00813	0.00784	0.00955	0.00598	0.00585	0.01142	0.01733	0.02348	0.50341	0.08232	0.25575	0.01469	0.00780	0.00214	0.00320	0.01276	0.00687	0.00598
16	0.00956	0.00728	0.01070	0.03090	0.05201	0.00790	0.00831	0.01149	0.01146	0.01592	0.02361	0.19183	0.05648	0.05947	0.43545	0.03534	0.01231	0.00992	0.00419	0.00587
17	0.00939	0.00612	0.00805	0.00916	0.00988	0.00566	0.00621	0.01059	0.01295	0.06035	0.03609	0.66765	0.06424	0.04838	0.00923	0.00276	0.00401	0.01746	0.00615	0.00566
18	0.00850	0.00593	0.00750	0.00855	0.00881	0.00567	0.00545	0.00929	0.01166	0.01555	0.03144	0.53961	0.03743	0.25370	0.01623	0.00383	0.00462	0.01587	0.00545	0.00492
19	0.02503	0.01844	0.01976	0.01515	0.02042	0.02042	0.01251	0.70562	0.03095	0.04149	0.01581	0.01581	0.01120	0.00790	0.00659	0.00198	0.00724	0.00593	0.00659	0.01120
20	0.01622	0.01742	0.01990	0.01723	0.01783	0.14872	0.01410	0.01770	0.01161	0.01589	0.00891	0.01395	0.00861	0.01068	0.01881	0.00267	0.62399	0.00549	0.00297	0.00728
21	0.02085	0.01965	0.01757	0.01636	0.06722	0.22642	0.01195	0.18710	0.24363	0.04572	0.01748	0.01794	0.01336	0.00867	0.00757	0.05010	0.00784	0.00593	0.00529	0.00937
22	0.01365	0.01170	0.01365	0.00975	0.01560	0.00878	0.00780	0.01658	0.01365	0.02145	0.01170	0.01365	0.00975	0.00488	0.00488	0.00098	0.00488	0.00390	0.00390	0.80888
23	0.01243	0.01170	0.01975	0.75282	0.04534	0.01463	0.01828	0.01682	0.01316	0.01682	0.01170	0.01755	0.00878	0.00658	0.00658	0.00219	0.00878	0.00585	0.00293	0.00731
24	0.01602	0.04987	0.11029	0.08033	0.21748	0.01400	0.14069	0.02021	0.01480	0.09106	0.01480	0.05590	0.01211	0.00676	0.00648	0.00191	0.00781	0.00645	0.00390	0.12911
25	0.01885	0.01210	0.01453	0.01081	0.01630	0.01012	0.00874	0.06371	0.05228	0.21851	0.01665	0.01675	0.01217	0.00617	0.00555	0.00139	0.00524	0.00495	0.00538	0.49979
26	0.00966	0.00692	0.00877	0.00881	0.00920	0.00744	0.00591	0.01058	0.01069	0.01485	0.04516	0.14884	0.02558	0.41588	0.17086	0.00617	0.05460	0.01023	0.02493	0.00491
27	0.01779	0.06526	0.04803	0.01201	0.03464	0.01189	0.00991	0.10796	0.01671	0.14163	0.01572	0.05390	0.01263	0.00676	0.00563	0.00147	0.00568	0.00544	0.00493	0.42200
28	0.01406	0.03385	0.68100	0.01863	0.02788	0.06964	0.02346	0.02126	0.01425	0.02049	0.01169	0.01375	0.00835	0.00629	0.00623	0.00206	0.00989	0.00482	0.00283	0.00957
29	0.01320	0.03405	0.73453	0.01876	0.02849	0.01529	0.02432	0.02085	0.01390	0.02085	0.01181	0.01390	0.00834	0.00625	0.00625	0.00208	0.00973	0.00486	0.00278	0.00973
30	0.00861	0.05254	0.00928	0.00929	0.01000	0.00661	0.00643	0.00981	0.01265	0.01673	0.03463	0.71833	0.04140	0.01971	0.00815	0.00260	0.00402	0.01779	0.00591	0.00554
31	0.01483	0.01838	0.15627	0.05116	0.15454	0.01509	0.22096	0.03971	0.13435	0.02280	0.06461	0.04535	0.01617	0.00746	0.00703	0.00215	0.00827	0.00737	0.00422	0.00928
32	0.01001	0.00737	0.01040	0.01023	0.01138	0.00840	0.00774	0.03700	0.01118	0.01586	0.01804	0.02812	0.01740	0.15752	0.60731	0.00962	0.01554	0.00740	0.00371	0.00579
33	0.01378	0.01347	0.04217	0.17522	0.07362	0.01401	0.12749	0.04451	0.17270	0.02137	0.02366	0.04909	0.09701	0.01078	0.03573	0.00258	0.03606	0.03381	0.00459	0.00833
34	0.01808	0.01387	0.01506	0.01311	0.01699	0.01555	0.01031	0.10375	0.53608	0.09482	0.06813	0.02494	0.02137	0.00903	0.00674	0.00218	0.00533	0.00748	0.00686	0.01032
35	0.01406	0.01126	0.01059	0.00955	0.01223	0.09545	0.00730	0.07658	0.04419	0.08051	0.15121	0.04231	0.30676	0.04105	0.00806	0.00221	0.00501	0.01015	0.06446	0.00704
36	0.19325	0.34495	0.02340	0.04594	0.06063	0.12279	0.01108	0.04602	0.01451	0.02022	0.01338	0.01486	0.05214	0.00672	0.00499	0.00173	0.00721	0.00460	0.00355	0.00804

[dist]
# distance from previous block
# <min> <max>
3	6

[block]
# block no. 1 follows, 33 sequences, length 10
# corresponding to MSA columns:
# 64-73
name=unknown_B
#
# <colnr> <probs for GDERKNQSTAVLIFYWHMCP>
#	G	D	E	R	K	N	Q	S	T	A	V	L	I	F	Y	W	H	M	C	P
0	0.01058	0.01285	0.13815	0.05275	0.03409	0.00981	0.01086	0.01452	0.04737	0.02051	0.20386	0.10709	0.19946	0.04147	0.00944	0.00240	0.06204	0.01054	0.00526	0.00695
1	0.01168	0.00995	0.07100	0.01079	0.04150	0.00780	0.00853	0.01507	0.04125	0.09346	0.28666	0.15530	0.19400	0.01367	0.00754	0.00220	0.00435	0.01187	0.00635	0.00705
2	0.01664	0.01507	0.02040	0.20929	0.14413	0.04370	0.04703	0.13134	0.17849	0.02405	0.01592	0.01850	0.01231	0.00880	0.02957	0.00241	0.06238	0.00629	0.00448	0.00920
3	0.27507	0.01511	0.08128	0.10532	0.13768	0.01519	0.05355	0.01919	0.05132	0.02254	0.01220	0.01661	0.01022	0.06051	0.00946	0.00247	0.09516	0.00547	0.00364	0.00800
4	0.01767	0.18014	0.06561	0.06333	0.16954	0.03426	0.13024	0.02169	0.03353	0.11833	0.01459	0.03675	0.01160	0.00658	0.00615	0.00186	0.00775	0.00593	0.00403	0.07041
5	0.00819	0.00586	0.00779	0.00905	0.00959	0.00546	0.00612	0.00959	0.01338	0.01804	0.12473	0.67238	0.04593	0.01970	0.00832	0.00260	0.00373	0.01784	0.00626	0.00546
6	0.01430	0.06645	0.04962	0.01330	0.07857	0.01166	0.01011	0.04692	0.06912	0.02292	0.09975	0.01894	0.01689	0.00656	0.00560	0.00142	0.00542	0.00542	0.00445	0.45257
7	0.01963	0.04653	0.01802	0.06812	0.08057	0.20279	0.01226	0.15941	0.10522	0.06307	0.01807	0.04690	0.03738	0.00995	0.03683	0.00232	0.02423	0.00642	0.03345	0.00884
8	0.03725	0.00828	0.01008	0.03746	0.01239	0.00832	0.00731	0.05148	0.07929	0.02528	0.44379	0.12858	0.09849	0.01334	0.00752	0.00217	0.00390	0.01164	0.00668	0.00677
9	0.08158	0.04294	0.05021	0.01673	0.11267	0.11793	0.01215	0.11767	0.12548	0.02458	0.04504	0.07430	0.01805	0.00916	0.00649	0.00204	0.00694	0.06873	0.00495	0.06236

[dist]
# distance from previous block
# <min> <max>
0	10

[block]
# block no. 2 follows, 33 sequences, length 59
# corresponding to MSA columns:
# 84-142
name=unknown_C
#
# <colnr> <probs for GDERKNQSTAVLIFYWHMCP>
#	G	D	E	R	K	N	Q	S	T	A	V	L	I	F	Y	W	H	M	C	P
0	0.04255	0.23050	0.12031	0.01349	0.01848	0.08342	0.03164	0.10009	0.10483	0.04967	0.05465	0.06940	0.03761	0.00838	0.00601	0.00191	0.00710	0.00658	0.00460	0.00877
1	0.07435	0.42182	0.19204	0.01538	0.06560	0.02105	0.03729	0.04674	0.01436	0.04206	0.01090	0.01252	0.00886	0.00599	0.00511	0.00171	0.00766	0.00431	0.00326	0.00898
2	0.28483	0.39050	0.10238	0.01233	0.04023	0.04119	0.01165	0.01992	0.01291	0.02101	0.00958	0.01120	0.00806	0.00590	0.00452	0.00172	0.00685	0.00378	0.00327	0.00819
3	0.00794	0.00668	0.00688	0.00683	0.00899	0.00562	0.00512	0.00975	0.01537	0.01865	0.13283	0.06193	0.65822	0.01635	0.00778	0.00221	0.00331	0.01369	0.00623	0.00562
4	0.01007	0.01604	0.26406	0.01181	0.01586	0.00907	0.01210	0.01359	0.01352	0.01854	0.07485	0.24318	0.15305	0.10192	0.01043	0.00278	0.00607	0.01145	0.00476	0.00683
5	0.00800	0.00583	0.00754	0.00891	0.00948	0.00537	0.00600	0.00920	0.01285	0.01691	0.03940	0.69240	0.11347	0.02022	0.00834	0.00263	0.00377	0.01822	0.00611	0.00537
6	0.02503	0.01844	0.01976	0.01515	0.02042	0.02042	0.01251	0.70562	0.03095	0.04149	0.01581	0.01581	0.01120	0.00790	0.00659	0.00198	0.00724	0.00593	0.00659	0.01120
7	0.00932	0.00673	0.00880	0.00828	0.00984	0.00621	0.00621	0.01242	0.01863	0.02640	0.72410	0.04918	0.06212	0.01346	0.00776	0.00207	0.00311	0.01191	0.00725	0.00621
8	0.00919	0.00670	0.00865	0.00822	0.00977	0.00615	0.00614	0.01216	0.01826	0.02564	0.66773	0.07090	0.09810	0.01385	0.00778	0.00210	0.00314	0.01221	0.00715	0.00615
9	0.00884	0.00671	0.00814	0.00778	0.00954	0.00601	0.00583	0.01150	0.01750	0.02372	0.51932	0.05359	0.26857	0.01446	0.00777	0.00212	0.00318	0.01253	0.00689	0.00601
10	0.01365	0.01170	0.01365	0.00975	0.01560	0.00878	0.00780	0.01658	0.01365	0.02145	0.01170	0.01365	0.00975	0.00488	0.00488	0.00098	0.00488	0.00390	0.00390	0.80888
11	0.02522	0.01813	0.01957	0.01500	0.02026	0.01996	0.01239	0.67707	0.03044	0.07077	0.01624	0.01609	0.01141	0.00791	0.00659	0.00198	0.00717	0.00596	0.00665	0.01120
12	0.00940	0.00705	0.01058	0.01058	0.01176	0.00823	0.00823	0.01176	0.01058	0.01528	0.01763	0.02586	0.01646	0.04937	0.74255	0.01058	0.01763	0.00705	0.00353	0.00588
13	0.02459	0.03138	0.01866	0.01696	0.02035	0.74221	0.01272	0.02629	0.01866	0.01611	0.01018	0.01187	0.00848	0.00678	0.00594	0.00170	0.01187	0.00424	0.00339	0.00763
14	0.01320	0.03405	0.73453	0.01876	0.02849	0.01529	0.02432	0.02085	0.01390	0.02085	0.01181	0.01390	0.00834	0.00625	0.00625	0.00208	0.00973	0.00486	0.00278	0.00973
15	0.01543	0.01325	0.01402	0.01268	0.01619	0.01512	0.00984	0.03210	0.63238	0.02683	0.06619	0.02844	0.06915	0.00968	0.00683	0.00222	0.00497	0.00811	0.00669	0.00988
16	0.37830	0.04793	0.03897	0.01581	0.12549	0.06115	0.01130	0.12513	0.01625	0.10521	0.01265	0.01378	0.00943	0.00659	0.00530	0.00197	0.00655	0.00469	0.00464	0.00887
17	0.01243	0.01170	0.01975	0.75282	0.04534	0.01463	0.01828	0.01682	0.01316	0.01682	0.01170	0.01755	0.00878	0.00658	0.00658	0.00219	0.00878	0.00585	0.00293	0.00731
18	0.00778	0.00667	0.00667	0.00667	0.00889	0.00556	0.00500	0.00945	0.01501	0.01778	0.06669	0.06336	0.72490	0.01667	0.00778	0.00222	0.00333	0.01389	0.00611	0.00556
19	0.03791	0.01154	0.07957	0.01492	0.10624	0.01009	0.01052	0.08048	0.01449	0.02033	0.02587	0.42254	0.02890	0.06175	0.00976	0.00268	0.03734	0.01289	0.00514	0.00704
20	0.01300	0.00956	0.01197	0.03520	0.05832	0.00958	0.00858	0.11008	0.06116	0.05938	0.26917	0.16346	0.13786	0.01315	0.00748	0.00219	0.00456	0.01143	0.00642	0.00746
21	0.01061	0.00758	0.01061	0.01212	0.01364	0.00758	0.01061	0.01364	0.01515	0.01970	0.03486	0.07426	0.03789	0.01819	0.00909	0.00303	0.00606	0.68326	0.00606	0.00606
22	0.00802	0.00573	0.00764	0.00917	0.00955	0.00535	0.00611	0.00917	0.01260	0.01681	0.03628	0.76434	0.04354	0.02062	0.00840	0.00267	0.00382	0.01872	0.00611	0.00535
23	0.01752	0.04975	0.10874	0.03890	0.10290	0.03935	0.05491	0.07474	0.34428	0.06894	0.01996	0.01995	0.01489	0.00765	0.00654	0.00210	0.00698	0.00649	0.00532	0.01009
24	0.01546	0.41261	0.37571	0.01492	0.02255	0.02080	0.01763	0.02027	0.01363	0.01810	0.01045	0.01219	0.00840	0.00594	0.00521	0.00174	0.00835	0.00418	0.00280	0.00907
25	0.02780	0.01183	0.01540	0.01204	0.01698	0.01088	0.00987	0.05827	0.10217	0.62184	0.02568	0.02241	0.01655	0.00823	0.00663	0.00206	0.00562	0.00669	0.00792	0.01111
26	0.00801	0.00668	0.00699	0.00691	0.00904	0.00566	0.00519	0.00990	0.01556	0.01910	0.16691	0.06119	0.62386	0.01618	0.00778	0.00220	0.00330	0.01359	0.00629	0.00566
27	0.04339	0.04934	0.29031	0.02274	0.20359	0.14821	0.01854	0.08144	0.01659	0.02227	0.03549	0.01527	0.01090	0.00661	0.00621	0.00195	0.00896	0.00525	0.00354	0.00941
28	0.01009	0.00766	0.01027	0.00990	0.01044	0.00885	0.00714	0.01136	0.01036	0.01466	0.04129	0.03248	0.02016	0.34633	0.33109	0.00758	0.10319	0.00812	0.00377	0.00526
29	0.00802	0.00573	0.00764	0.00917	0.00955	0.00535	0.00611	0.00917	0.01260	0.01681	0.03628	0.76434	0.04354	0.02062	0.00840	0.00267	0.00382	0.01872	0.00611	0.00535
30	0.01580	0.07083	0.11188	0.16446	0.15200	0.08531	0.26475	0.02050	0.01495	0.01947	0.01209	0.01597	0.00939	0.00600	0.00674	0.00205	0.00973	0.00612	0.00315	0.00880
31	0.04037	0.04469	0.17153	0.02559	0.31637	0.06103	0.01741	0.09116	0.03820	0.06848	0.03495	0.01784	0.02942	0.00693	0.00637	0.00198	0.00785	0.00588	0.00411	0.00984
32	0.01862	0.01915	0.11223	0.04407	0.23179	0.08316	0.04531	0.17120	0.03606	0.06284	0.05604	0.01795	0.01360	0.00742	0.00745	0.00204	0.05076	0.00611	0.00449	0.00970
33	0.01034	0.00744	0.00998	0.01046	0.01161	0.00778	0.00820	0.01229	0.01296	0.03882	0.03140	0.17191	0.09763	0.12208	0.14536	0.00466	0.05215	0.23391	0.00522	0.00581
34	0.16148	0.01556	0.10019	0.01488	0.08193	0.01295	0.03280	0.06033	0.03820	0.10783	0.01367	0.01506	0.01034	0.00632	0.00614	0.00172	0.03502	0.00488	0.00444	0.27627
35	0.16685	0.10294	0.03694	0.03644	0.04675	0.27498	0.03220	0.12141	0.04041	0.02302	0.01141	0.01319	0.00914	0.00695	0.00653	0.00190	0.05188	0.00470	0.00396	0.00839
36	0.01487	0.01445	0.02535	0.28942	0.42644	0.01537	0.08027	0.01909	0.01440	0.01982	0.01223	0.01687	0.00981	0.00609	0.00665	0.00206	0.00845	0.00603	0.00315	0.00920
37	0.01144	0.00572	0.00858	0.00858	0.00858	0.00572	0.00572	0.00858	0.00858	0.01144	0.01144	0.02001	0.01144	0.02287	0.02573	0.80846	0.00572	0.00572	0.00286	0.00286
38	0.01320	0.03405	0.73453	0.01876	0.02849	0.01529	0.02432	0.02085	0.01390	0.02085	0.01181	0.01390	0.00834	0.00625	0.00625	0.00208	0.00973	0.00486	0.00278	0.00973
39	0.00779	0.00663	0.00671	0.00677	0.00892	0.00555	0.00504	0.00944	0.01491	0.01775	0.06552	0.09030	0.69871	0.01682	0.00780	0.00224	0.00335	0.01408	0.00611	0.00555
40	0.00829	0.00626	0.00767	0.00823	0.00944	0.00563	0.00582	0.01010	0.01486	0.01960	0.22530	0.37894	0.24067	0.01763	0.00806	0.00239	0.00350	0.01557	0.00641	0.00563
41	0.00795	0.00668	0.00691	0.00685	0.00900	0.00563	0.00514	0.00978	0.01541	0.01874	0.13980	0.06178	0.65119	0.01632	0.00778	0.00221	0.00331	0.01367	0.00624	0.00563
42	0.00932	0.00673	0.00880	0.00828	0.00984	0.00621	0.00621	0.01242	0.01863	0.02640	0.72410	0.04918	0.06212	0.01346	0.00776	0.00207	0.00311	0.01191	0.00725	0.00621
43	0.01760	0.77260	0.03450	0.01126	0.01690	0.02605	0.01126	0.01971	0.01338	0.01549	0.00915	0.01056	0.00845	0.00563	0.00422	0.00141	0.00704	0.00352	0.00282	0.00845
44	0.01760	0.77260	0.03450	0.01126	0.01690	0.02605	0.01126	0.01971	0.01338	0.01549	0.00915	0.01056	0.00845	0.00563	0.00422	0.00141	0.00704	0.00352	0.00282	0.00845
45	0.81514	0.01273	0.00968	0.00866	0.01273	0.01477	0.00713	0.01935	0.01120	0.02954	0.00917	0.01069	0.00713	0.00611	0.00407	0.00204	0.00509	0.00356	0.00407	0.00713
46	0.02503	0.01844	0.01976	0.01515	0.02042	0.02042	0.01251	0.70562	0.03095	0.04149	0.01581	0.01581	0.01120	0.00790	0.00659	0.00198	0.00724	0.00593	0.00659	0.01120
47	0.01882	0.01568	0.02223	0.16498	0.16187	0.01708	0.08598	0.25271	0.12019	0.04983	0.01597	0.01789	0.01188	0.00717	0.00671	0.00208	0.00771	0.00633	0.00496	0.00994
48	0.01760	0.77260	0.03450	0.01126	0.01690	0.02605	0.01126	0.01971	0.01338	0.01549	0.00915	0.01056	0.00845	0.00563	0.00422	0.00141	0.00704	0.00352	0.00282	0.00845
49	0.65514	0.06033	0.01243	0.01000	0.01407	0.11927	0.00817	0.02036	0.01240	0.02679	0.00931	0.01085	0.00740	0.00618	0.00435	0.00195	0.00618	0.00366	0.00390	0.00728
50	0.01637	0.01414	0.01489	0.01340	0.01712	0.01637	0.01042	0.03498	0.71568	0.02754	0.02679	0.02456	0.02010	0.00893	0.00670	0.00223	0.00521	0.00744	0.00670	0.01042
51	0.02330	0.01613	0.01771	0.01413	0.01894	0.01764	0.01149	0.41531	0.22035	0.14320	0.02043	0.01926	0.01446	0.00823	0.00662	0.00206	0.00642	0.00646	0.00686	0.01098
52	0.01536	0.17417	0.42795	0.01862	0.04949	0.04111	0.09775	0.02159	0.03731	0.03985	0.01232	0.01429	0.00923	0.00620	0.00605	0.00195	0.00910	0.00508	0.00316	0.00940
53	0.00945	0.00686	0.00962	0.00962	0.01046	0.00771	0.00703	0.01114	0.01030	0.01457	0.01851	0.03074	0.01857	0.25297	0.54185	0.00939	0.01445	0.00777	0.00366	0.00534
54	0.01217	0.00616	0.00623	0.00621	0.00774	0.00614	0.00466	0.01524	0.01397	0.02461	0.04584	0.02540	0.01844	0.00787	0.00471	0.00155	0.00307	0.00634	0.77751	0.00614
55	0.00811	0.00579	0.00774	0.00926	0.00968	0.00542	0.00626	0.00931	0.01269	0.01690	0.03624	0.74161	0.04336	0.02054	0.00843	0.00269	0.00389	0.04061	0.00611	0.00537
56	0.01635	0.14603	0.17798	0.02958	0.41921	0.06034	0.01915	0.02062	0.01471	0.02005	0.01160	0.01457	0.00954	0.00596	0.00605	0.00188	0.00834	0.00517	0.00309	0.00979
57	0.00826	0.00624	0.00838	0.00927	0.01008	0.00574	0.02601	0.00957	0.01292	0.01691	0.03937	0.61526	0.13908	0.04812	0.00925	0.00274	0.00406	0.01736	0.00595	0.00543
58	0.02479	0.01263	0.01509	0.01183	0.01636	0.01247	0.00969	0.24542	0.02187	0.38184	0.02361	0.02215	0.04173	0.00833	0.00637	0.00195	0.00568	0.00661	0.12133	0.01026

[dist]
# distance from previous block
# <min> <max>
0	1

[block]
# block no. 3 follows, 33 sequences, length 59
# corresponding to MSA columns:
# 144-202
name=unknown_D
#
# <colnr> <probs for GDERKNQSTAVLIFYWHMCP>
#	G	D	E	R	K	N	Q	S	T	A	V	L	I	F	Y	W	H	M	C	P
0	0.03688	0.12095	0.36505	0.06547	0.10348	0.06612	0.07435	0.05591	0.01516	0.02099	0.01168	0.01415	0.00886	0.00621	0.00611	0.00197	0.00913	0.00508	0.00316	0.00929
1	0.01570	0.04067	0.14456	0.02353	0.20149	0.07281	0.10776	0.02194	0.11394	0.02110	0.05424	0.01836	0.01388	0.00761	0.00872	0.00215	0.11225	0.00631	0.00385	0.00914
2	0.00948	0.00637	0.00731	0.00739	0.00745	0.00638	0.00424	0.00962	0.00977	0.01307	0.02152	0.08284	0.02480	0.70509	0.05357	0.00630	0.00658	0.01001	0.00409	0.00412
3	0.01729	0.01826	0.02595	0.05383	0.44439	0.13658	0.09634	0.02080	0.01514	0.01989	0.01175	0.01559	0.00984	0.00654	0.00799	0.00204	0.07935	0.00580	0.00324	0.00939
4	0.00810	0.00576	0.00762	0.00907	0.00943	0.00540	0.00601	0.00919	0.01245	0.01661	0.03551	0.72863	0.04257	0.05766	0.00965	0.00286	0.00395	0.01826	0.00601	0.00528
5	0.01666	0.10841	0.10563	0.04435	0.21679	0.12240	0.13733	0.02158	0.06034	0.02018	0.04781	0.01710	0.01268	0.00675	0.00695	0.00198	0.03448	0.00597	0.00358	0.00903
6	0.01793	0.06754	0.03679	0.05494	0.05909	0.08905	0.01099	0.04316	0.05005	0.14723	0.01561	0.01740	0.01208	0.01205	0.10258	0.00278	0.00818	0.00530	0.00458	0.24267
7	0.40076	0.08206	0.14786	0.05589	0.05723	0.08236	0.01284	0.02002	0.01282	0.02371	0.01004	0.01225	0.00793	0.00644	0.00580	0.00201	0.04429	0.00422	0.00350	0.00796
8	0.01492	0.02124	0.19485	0.04793	0.03341	0.01628	0.52977	0.02090	0.01510	0.02090	0.01293	0.01688	0.00958	0.00574	0.00739	0.00219	0.01072	0.00706	0.00319	0.00902
9	0.00861	0.00602	0.00767	0.00876	0.00909	0.00577	0.00575	0.00953	0.01187	0.01580	0.03173	0.51809	0.03758	0.23591	0.01567	0.00376	0.00468	0.05319	0.00550	0.00500
10	0.01285	0.01213	0.02050	0.67544	0.11944	0.01474	0.01849	0.01719	0.01336	0.01733	0.01178	0.01741	0.00896	0.00650	0.00657	0.00217	0.00867	0.00585	0.00296	0.00765
11	0.00915	0.00672	0.00857	0.00811	0.00973	0.00614	0.00608	0.01210	0.01824	0.02547	0.65318	0.05071	0.13361	0.01381	0.00777	0.00209	0.00313	0.01212	0.00712	0.00614
12	0.00845	0.00655	0.00770	0.00772	0.00938	0.00579	0.00567	0.01063	0.01613	0.02118	0.33269	0.16565	0.34689	0.01596	0.00787	0.00223	0.00332	0.01382	0.00658	0.00579
13	0.01625	0.01545	0.02527	0.03688	0.63203	0.01584	0.01900	0.02167	0.08987	0.02200	0.01382	0.01713	0.01141	0.00635	0.00695	0.00201	0.02808	0.00603	0.00362	0.01034
14	0.00884	0.00608	0.00740	0.00811	0.00829	0.00590	0.00499	0.00938	0.01100	0.01467	0.02805	0.38229	0.03316	0.41685	0.02170	0.00464	0.00518	0.01387	0.00499	0.00463
15	0.03798	0.01475	0.09176	0.01357	0.03717	0.01330	0.03435	0.18345	0.13871	0.08572	0.07043	0.08417	0.09621	0.03618	0.00776	0.00227	0.00601	0.00850	0.02879	0.00892
16	0.01537	0.02017	0.18513	0.03179	0.38028	0.01596	0.18949	0.02042	0.01473	0.02108	0.01237	0.01607	0.00980	0.00605	0.00725	0.00208	0.03290	0.00611	0.00316	0.00979
17	0.02459	0.03138	0.01866	0.01696	0.02035	0.74221	0.01272	0.02629	0.01866	0.01611	0.01018	0.01187	0.00848	0.00678	0.00594	0.00170	0.01187	0.00424	0.00339	0.00763
18	0.01243	0.01170	0.01975	0.75282	0.04534	0.01463	0.01828	0.01682	0.01316	0.01682	0.01170	0.01755	0.00878	0.00658	0.00658	0.00219	0.00878	0.00585	0.00293	0.00731
19	0.81514	0.01273	0.00968	0.00866	0.01273	0.01477	0.00713	0.01935	0.01120	0.02954	0.00917	0.01069	0.00713	0.00611	0.00407	0.00204	0.00509	0.00356	0.00407	0.00713
20	0.01629	0.01564	0.02672	0.04041	0.72757	0.01564	0.02020	0.02020	0.01499	0.02151	0.01238	0.01629	0.01043	0.00587	0.00652	0.00196	0.00782	0.00587	0.00326	0.01043
21	0.81514	0.01273	0.00968	0.00866	0.01273	0.01477	0.00713	0.01935	0.01120	0.02954	0.00917	0.01069	0.00713	0.00611	0.00407	0.00204	0.00509	0.00356	0.00407	0.00713
22	0.81514	0.01273	0.00968	0.00866	0.01273	0.01477	0.00713	0.01935	0.01120	0.02954	0.00917	0.01069	0.00713	0.00611	0.00407	0.00204	0.00509	0.00356	0.00407	0.00713
23	0.02954	0.01120	0.01528	0.01171	0.01681	0.00968	0.00968	0.03208	0.01884	0.73213	0.02597	0.02241	0.01630	0.00815	0.00662	0.00204	0.00560	0.00662	0.00815	0.01120
24	0.00932	0.00673	0.00880	0.00828	0.00984	0.00621	0.00621	0.01242	0.01863	0.02640	0.72410	0.04918	0.06212	0.01346	0.00776	0.00207	0.00311	0.01191	0.00725	0.00621
25	0.01288	0.01216	0.02055	0.67060	0.12407	0.01474	0.01850	0.01721	0.01337	0.01736	0.01178	0.01741	0.00897	0.00650	0.00657	0.00217	0.00867	0.00585	0.00296	0.00767
26	0.01486	0.01719	0.07350	0.02224	0.02594	0.01822	0.33544	0.01859	0.01286	0.01859	0.01101	0.01593	0.00925	0.00842	0.01421	0.00252	0.36335	0.00664	0.00308	0.00814
27	0.81514	0.01273	0.00968	0.00866	0.01273	0.01477	0.00713	0.01935	0.01120	0.02954	0.00917	0.01069	0.00713	0.00611	0.00407	0.00204	0.00509	0.00356	0.00407	0.00713
28	0.00948	0.00671	0.00902	0.01034	0.01122	0.00657	0.00802	0.01139	0.01344	0.01768	0.03355	0.33456	0.03822	0.11775	0.01204	0.00333	0.00524	0.34011	0.00581	0.00552
29	0.00810	0.00584	0.00769	0.00914	0.00965	0.00543	0.00621	0.00933	0.01281	0.01695	0.03774	0.70635	0.07709	0.02035	0.00840	0.00266	0.00387	0.04090	0.00611	0.00538
30	0.01411	0.01399	0.01981	0.06298	0.01885	0.01942	0.01444	0.01577	0.01029	0.01589	0.00914	0.01499	0.00891	0.01249	0.04499	0.00310	0.68497	0.00581	0.00291	0.00716
31	0.00949	0.00724	0.00790	0.00750	0.00978	0.00636	0.00570	0.03448	0.01649	0.04637	0.21038	0.05710	0.52702	0.01535	0.00769	0.00217	0.00350	0.01292	0.00646	0.00610
32	0.01258	0.01303	0.05645	0.69112	0.04412	0.01473	0.04191	0.01717	0.01328	0.01717	0.01176	0.01737	0.00880	0.00653	0.00661	0.00219	0.00890	0.00587	0.00293	0.00749
33	0.81514	0.01273	0.00968	0.00866	0.01273	0.01477	0.00713	0.01935	0.01120	0.02954	0.00917	0.01069	0.00713	0.00611	0.00407	0.00204	0.00509	0.00356	0.00407	0.00713
34	0.01631	0.01813	0.11953	0.09821	0.45520	0.03486	0.04415	0.04068	0.05068	0.03934	0.01338	0.01658	0.01059	0.00626	0.00653	0.00201	0.00818	0.00586	0.00356	0.00996
35	0.00960	0.00727	0.01064	0.01053	0.01156	0.00851	0.00809	0.01172	0.01047	0.01508	0.01757	0.02693	0.01682	0.11049	0.65423	0.00993	0.04401	0.00722	0.00354	0.00576
36	0.61433	0.01220	0.01056	0.00933	0.01328	0.01368	0.00758	0.02127	0.06211	0.10691	0.03966	0.03989	0.01233	0.00730	0.00483	0.00207	0.00504	0.00500	0.00490	0.00772
37	0.00802	0.00573	0.00764	0.00917	0.00955	0.00535	0.00611	0.00917	0.01260	0.01681	0.03628	0.76434	0.04354	0.02062	0.00840	0.00267	0.00382	0.01872	0.00611	0.00535
38	0.00957	0.00638	0.00718	0.00718	0.00718	0.00638	0.00399	0.00957	0.00957	0.01276	0.02074	0.04308	0.02393	0.76864	0.03351	0.00638	0.00638	0.00957	0.00399	0.00399
39	0.02887	0.01106	0.01506	0.01160	0.01657	0.00956	0.00956	0.03143	0.01884	0.70876	0.04909	0.02329	0.01781	0.00832	0.00666	0.00204	0.00552	0.00680	0.00812	0.01104
40	0.01760	0.77260	0.03450	0.01126	0.01690	0.02605	0.01126	0.01971	0.01338	0.01549	0.00915	0.01056	0.00845	0.00563	0.00422	0.00141	0.00704	0.00352	0.00282	0.00845
41	0.02954	0.01120	0.01528	0.01171	0.01681	0.00968	0.00968	0.03208	0.01884	0.73213	0.02597	0.02241	0.01630	0.00815	0.00662	0.00204	0.00560	0.00662	0.00815	0.01120
42	0.01760	0.77260	0.03450	0.01126	0.01690	0.02605	0.01126	0.01971	0.01338	0.01549	0.00915	0.01056	0.00845	0.00563	0.00422	0.00141	0.00704	0.00352	0.00282	0.00845
43	0.81514	0.01273	0.00968	0.00866	0.01273	0.01477	0.00713	0.01935	0.01120	0.02954	0.00917	0.01069	0.00713	0.00611	0.00407	0.00204	0.00509	0.00356	0.00407	0.00713
44	0.02954	0.01120	0.01528	0.01171	0.01681	0.00968	0.00968	0.03208	0.01884	0.73213	0.02597	0.02241	0.01630	0.00815	0.00662	0.00204	0.00560	0.00662	0.00815	0.01120
45	0.02503	0.01844	0.01976	0.01515	0.02042	0.02042	0.01251	0.70562	0.03095	0.04149	0.01581	0.01581	0.01120	0.00790	0.00659	0.00198	0.00724	0.00593	0.00659	0.01120
46	0.01662	0.01689	0.02530	0.09572	0.53607	0.09652	0.05327	0.02033	0.01521	0.02036	0.01281	0.03740	0.01100	0.00643	0.00657	0.00198	0.00840	0.00615	0.00333	0.00963
47	0.00957	0.00638	0.00718	0.00718	0.00718	0.00638	0.00399	0.00957	0.00957	0.01276	0.02074	0.04308	0.02393	0.76864	0.03351	0.00638	0.00638	0.00957	0.00399	0.00399
48	0.02582	0.01755	0.01892	0.01459	0.01977	0.04092	0.01201	0.56386	0.02840	0.16441	0.01745	0.01687	0.01202	0.00791	0.00657	0.00198	0.00709	0.00600	0.00677	0.01109
49	0.01776	0.69799	0.06842	0.01183	0.01765	0.02523	0.01197	0.05436	0.01429	0.01707	0.00962	0.01099	0.00858	0.00578	0.00444	0.00147	0.00718	0.00371	0.00300	0.00865
50	0.01114	0.00729	0.00930	0.00857	0.01044	0.00679	0.00649	0.03335	0.01845	0.07211	0.58096	0.06858	0.07486	0.01299	0.00752	0.00206	0.00341	0.01138	0.04768	0.00663
51	0.01812	0.06488	0.34148	0.01817	0.04715	0.03700	0.07595	0.18814	0.05337	0.07164	0.01439	0.01561	0.01034	0.00682	0.00640	0.00202	0.00861	0.00555	0.00432	0.01004
52	0.01646	0.01555	0.02438	0.07695	0.58436	0.05468	0.01851	0.02007	0.01507	0.04343	0.01408	0.06081	0.01238	0.00691	0.00660	0.00200	0.00779	0.00656	0.00357	0.00982
53	0.00802	0.00573	0.00764	0.00917	0.00955	0.00535	0.00611	0.00917	0.01260	0.01681	0.03628	0.76434	0.04354	0.02062	0.00840	0.00267	0.00382	0.01872	0.00611	0.00535
54	0.00805	0.00618	0.00740	0.00828	0.00944	0.00553	0.00584	0.00952	0.01378	0.01754	0.06629	0.45149	0.30633	0.01883	0.00817	0.00250	0.00369	0.03953	0.00614	0.00548
55	0.08079	0.12658	0.26196	0.05731	0.04696	0.05305	0.08923	0.05345	0.03605	0.11403	0.01379	0.01527	0.01004	0.00651	0.00605	0.00198	0.00835	0.00529	0.00398	0.00932
56	0.02504	0.01834	0.05450	0.01623	0.07128	0.12173	0.01268	0.27461	0.04093	0.26999	0.01828	0.01765	0.01257	0.00762	0.00648	0.00197	0.00748	0.00590	0.00622	0.01053
57	0.00982	0.00752	0.00842	0.00836	0.01050	0.00694	0.00637	0.01334	0.08135	0.04625	0.13677	0.13046	0.42833	0.01576	0.00780	0.00231	0.00382	0.06320	0.00638	0.00632
58	0.01605	0.01786	0.10660	0.09305	0.44579	0.01596	0.12340	0.06167	0.01577	0.02220	0.01261	0.01632	0.01004	0.00604	0.00669	0.00203	0.00857	0.00604	0.00339	0.00991

[dist]
# distance from previous block
# <min> <max>
2	15

[block]
# block no. 4 follows, 33 sequences, length 131
# corresponding to MSA columns:
# 218-348
name=unknown_E
#
# <colnr> <probs for GDERKNQSTAVLIFYWHMCP>
#	G	D	E	R	K	N	Q	S	T	A	V	L	I	F	Y	W	H	M	C	P
0	0.03523	0.03542	0.04495	0.04349	0.30022	0.07003	0.03483	0.04379	0.01502	0.06374	0.01523	0.06493	0.01339	0.03148	0.05435	0.00261	0.02999	0.00656	0.03147	0.06329
1	0.17769	0.01211	0.01367	0.01041	0.01565	0.01085	0.00848	0.05836	0.01563	0.23599	0.01567	0.01579	0.01126	0.00626	0.00533	0.00156	0.00526	0.00475	0.00534	0.36994
2	0.02597	0.01334	0.03624	0.01231	0.01702	0.06023	0.01030	0.07043	0.04108	0.52478	0.07283	0.02476	0.01928	0.00873	0.00673	0.00205	0.00608	0.03008	0.00739	0.01037
3	0.00912	0.00679	0.00856	0.00848	0.01012	0.00622	0.00652	0.01186	0.01724	0.02346	0.47855	0.08235	0.19116	0.01498	0.00796	0.00225	0.00355	0.09798	0.00683	0.00603
4	0.02704	0.01170	0.01515	0.01176	0.01653	0.01075	0.00966	0.11902	0.02027	0.57140	0.07153	0.02341	0.01873	0.00846	0.00663	0.00202	0.00557	0.00687	0.03282	0.01071
5	0.00782	0.00652	0.00682	0.00706	0.00899	0.00552	0.00518	0.00940	0.01463	0.01763	0.06193	0.17304	0.61828	0.01729	0.00788	0.00229	0.00341	0.01465	0.00611	0.00552
6	0.81514	0.01273	0.00968	0.00866	0.01273	0.01477	0.00713	0.01935	0.01120	0.02954	0.00917	0.01069	0.00713	0.00611	0.00407	0.00204	0.00509	0.00356	0.00407	0.00713
7	0.02503	0.01844	0.01976	0.01515	0.02042	0.02042	0.01251	0.70562	0.03095	0.04149	0.01581	0.01581	0.01120	0.00790	0.00659	0.00198	0.00724	0.00593	0.00659	0.01120
8	0.01243	0.01170	0.01975	0.75282	0.04534	0.01463	0.01828	0.01682	0.01316	0.01682	0.01170	0.01755	0.00878	0.00658	0.00658	0.00219	0.00878	0.00585	0.00293	0.00731
9	0.02908	0.01194	0.01574	0.01206	0.01717	0.01077	0.00997	0.10097	0.02008	0.66150	0.02493	0.02173	0.01577	0.00812	0.00662	0.00203	0.00577	0.00655	0.00799	0.01120
10	0.01423	0.01414	0.01983	0.01705	0.01709	0.01974	0.01419	0.01570	0.01010	0.01582	0.00896	0.01481	0.00892	0.01286	0.04700	0.00315	0.73056	0.00581	0.00290	0.00715
11	0.01061	0.00758	0.01061	0.01212	0.01364	0.00758	0.01061	0.01364	0.01515	0.01970	0.03486	0.07426	0.03789	0.01819	0.00909	0.00303	0.00606	0.68326	0.00606	0.00606
12	0.00923	0.00669	0.00870	0.00827	0.00980	0.00616	0.00617	0.01223	0.01833	0.02583	0.68234	0.07405	0.07984	0.01379	0.00779	0.00210	0.00314	0.01219	0.00718	0.00616
13	0.02380	0.05629	0.01982	0.01827	0.06835	0.63570	0.01317	0.05522	0.01875	0.01756	0.01053	0.01230	0.00873	0.00673	0.00594	0.00172	0.01122	0.00440	0.00350	0.00801
14	0.01708	0.01449	0.01528	0.01354	0.01739	0.01670	0.01059	0.08951	0.66001	0.02867	0.02590	0.02385	0.01937	0.00885	0.00669	0.00221	0.00538	0.00732	0.00669	0.01048
15	0.01544	0.40883	0.37930	0.01496	0.02261	0.02075	0.01770	0.02027	0.01363	0.01813	0.01046	0.01220	0.00839	0.00594	0.00522	0.00174	0.00836	0.00418	0.00280	0.00908
16	0.02954	0.01120	0.01528	0.01171	0.01681	0.00968	0.00968	0.03208	0.01884	0.73213	0.02597	0.02241	0.01630	0.00815	0.00662	0.00204	0.00560	0.00662	0.00815	0.01120
17	0.00932	0.00673	0.00880	0.00828	0.00984	0.00621	0.00621	0.01242	0.01863	0.02640	0.72410	0.04918	0.06212	0.01346	0.00776	0.00207	0.00311	0.01191	0.00725	0.00621
18	0.00875	0.00671	0.00801	0.00768	0.00948	0.00597	0.00576	0.01132	0.01729	0.02320	0.47986	0.05444	0.30835	0.01465	0.00777	0.00213	0.00319	0.01264	0.00683	0.00597
19	0.01620	0.01619	0.04768	0.03977	0.70687	0.01563	0.02033	0.02022	0.01496	0.02149	0.01237	0.01622	0.01037	0.00588	0.00651	0.00196	0.00788	0.00584	0.00324	0.01041
20	0.01243	0.01170	0.01975	0.75282	0.04534	0.01463	0.01828	0.01682	0.01316	0.01682	0.01170	0.01755	0.00878	0.00658	0.00658	0.00219	0.00878	0.00585	0.00293	0.00731
21	0.02389	0.01788	0.01912	0.01492	0.01998	0.01989	0.01224	0.61785	0.12057	0.03966	0.01724	0.01695	0.01236	0.00804	0.00660	0.00201	0.00698	0.00613	0.00660	0.01109
22	0.00937	0.00650	0.00762	0.00792	0.00839	0.00634	0.00511	0.01007	0.01127	0.01481	0.04769	0.11693	0.09510	0.51858	0.02515	0.00513	0.00572	0.08900	0.00472	0.00457
23	0.00803	0.00655	0.00710	0.00723	0.00911	0.00562	0.00532	0.00982	0.01519	0.01885	0.15410	0.15546	0.54122	0.01676	0.00786	0.00226	0.00337	0.01426	0.00627	0.00562
24	0.01243	0.01170	0.01975	0.75282	0.04534	0.01463	0.01828	0.01682	0.01316	0.01682	0.01170	0.01755	0.00878	0.00658	0.00658	0.00219	0.00878	0.00585	0.00293	0.00731
25	0.02459	0.03138	0.01866	0.01696	0.02035	0.74221	0.01272	0.02629	0.01866	0.01611	0.01018	0.01187	0.00848	0.00678	0.00594	0.00170	0.01187	0.00424	0.00339	0.00763
26	0.01036	0.00651	0.00718	0.00739	0.00827	0.00646	0.00489	0.01244	0.03995	0.01837	0.02713	0.16333	0.07352	0.29984	0.01656	0.00365	0.00456	0.01023	0.27405	0.00531
27	0.00829	0.00592	0.00794	0.00947	0.00997	0.00558	0.00657	0.00962	0.01286	0.01710	0.03614	0.69376	0.04296	0.02038	0.00847	0.00271	0.00405	0.08668	0.00611	0.00542
28	0.01061	0.00758	0.01061	0.01212	0.01364	0.00758	0.01061	0.01364	0.01515	0.01970	0.03486	0.07426	0.03789	0.01819	0.00909	0.00303	0.00606	0.68326	0.00606	0.00606
29	0.00940	0.00705	0.01058	0.01058	0.01176	0.00823	0.00823	0.01176	0.01058	0.01528	0.01763	0.02586	0.01646	0.04937	0.74255	0.01058	0.01763	0.00705	0.00353	0.00588
30	0.71021	0.01322	0.01085	0.00939	0.01362	0.01511	0.00774	0.08508	0.01337	0.05734	0.01044	0.01162	0.00786	0.00636	0.00441	0.00203	0.00532	0.00391	0.00447	0.00767
31	0.00873	0.00603	0.00743	0.00826	0.00847	0.00582	0.00515	0.00935	0.01123	0.01497	0.02922	0.43633	0.03462	0.36080	0.01982	0.00436	0.00498	0.01456	0.00515	0.00473
32	0.01440	0.01440	0.02016	0.01728	0.01728	0.02016	0.01440	0.01584	0.01008	0.01584	0.00864	0.01440	0.00864	0.01152	0.02160	0.00288	0.75659	0.00576	0.00288	0.00720
33	0.10392	0.01293	0.01407	0.01247	0.01632	0.01426	0.00994	0.03111	0.45454	0.15998	0.02538	0.02653	0.01937	0.00920	0.00659	0.00224	0.00534	0.05931	0.00664	0.00988
34	0.00809	0.00576	0.00762	0.00908	0.00945	0.00539	0.00602	0.00918	0.01247	0.01663	0.03561	0.73294	0.04269	0.05319	0.00950	0.00284	0.00393	0.01832	0.00602	0.00529
35	0.00932	0.00673	0.00880	0.00828	0.00984	0.00621	0.00621	0.01242	0.01863	0.02640	0.72410	0.04918	0.06212	0.01346	0.00776	0.00207	0.00311	0.01191	0.00725	0.00621
36	0.00964	0.00660	0.00859	0.00859	0.00905	0.00705	0.00575	0.01035	0.00989	0.01365	0.01890	0.03482	0.02018	0.43855	0.30771	0.06328	0.01070	0.00833	0.00373	0.00464
37	0.00870	0.00687	0.00787	0.00774	0.00960	0.00617	0.00576	0.01148	0.04038	0.02143	0.32191	0.11467	0.38277	0.01547	0.00779	0.00220	0.00335	0.01329	0.00658	0.00597
38	0.00957	0.00638	0.00718	0.00718	0.00718	0.00638	0.00399	0.00957	0.00957	0.01276	0.02074	0.04308	0.02393	0.76864	0.03351	0.00638	0.00638	0.00957	0.00399	0.00399
39	0.81514	0.01273	0.00968	0.00866	0.01273	0.01477	0.00713	0.01935	0.01120	0.02954	0.00917	0.01069	0.00713	0.00611	0.00407	0.00204	0.00509	0.00356	0.00407	0.00713
40	0.00789	0.00667	0.00682	0.00679	0.00896	0.00561	0.00509	0.00967	0.01527	0.01841	0.11478	0.06232	0.67642	0.01644	0.00778	0.00221	0.00332	0.01375	0.00620	0.00561
41	0.01285	0.01221	0.02010	0.62894	0.07150	0.01537	0.01788	0.01684	0.01285	0.01690	0.01134	0.01710	0.00883	0.00717	0.00848	0.00227	0.10314	0.00584	0.00293	0.00743
42	0.02410	0.01795	0.01925	0.01487	0.02005	0.01980	0.01223	0.63980	0.07703	0.03995	0.01643	0.01634	0.01176	0.00788	0.00654	0.00196	0.00704	0.00597	0.00651	0.03452
43	0.00785	0.00667	0.00676	0.00674	0.00893	0.00559	0.00505	0.00958	0.01516	0.01816	0.09519	0.06274	0.69616	0.01653	0.00778	0.00222	0.00332	0.01381	0.00616	0.00559
44	0.09878	0.04371	0.02360	0.09499	0.47835	0.11014	0.01741	0.02060	0.01486	0.02101	0.01159	0.01505	0.00962	0.00606	0.00612	0.00193	0.00812	0.00534	0.00331	0.00939
45	0.01760	0.77260	0.03450	0.01126	0.01690	0.02605	0.01126	0.01971	0.01338	0.01549	0.00915	0.01056	0.00845	0.00563	0.00422	0.00141	0.00704	0.00352	0.00282	0.00845
46	0.01637	0.01414	0.01489	0.01340	0.01712	0.01637	0.01042	0.03498	0.71568	0.02754	0.02679	0.02456	0.02010	0.00893	0.00670	0.00223	0.00521	0.00744	0.00670	0.01042
47	0.01554	0.01776	0.03885	0.02775	0.03441	0.01665	0.70366	0.02109	0.01554	0.02109	0.01332	0.01776	0.00999	0.00555	0.00777	0.00222	0.01110	0.00777	0.00333	0.00888
48	0.01227	0.00614	0.00614	0.00614	0.00767	0.00614	0.00460	0.01534	0.01381	0.02454	0.02148	0.02454	0.01687	0.00767	0.00460	0.00153	0.00307	0.00614	0.80518	0.00614
49	0.81514	0.01273	0.00968	0.00866	0.01273	0.01477	0.00713	0.01935	0.01120	0.02954	0.00917	0.01069	0.00713	0.00611	0.00407	0.00204	0.00509	0.00356	0.00407	0.00713
50	0.00957	0.00638	0.00718	0.00718	0.00718	0.00638	0.00399	0.00957	0.00957	0.01276	0.02074	0.04308	0.02393	0.76864	0.03351	0.00638	0.00638	0.00957	0.00399	0.00399
51	0.01629	0.01564	0.02672	0.04041	0.72757	0.01564	0.02020	0.02020	0.01499	0.02151	0.01238	0.01629	0.01043	0.00587	0.00652	0.00196	0.00782	0.00587	0.00326	0.01043
52	0.00823	0.00588	0.00787	0.00935	0.00984	0.00552	0.00642	0.00956	0.01294	0.01726	0.05461	0.69764	0.04365	0.02026	0.00843	0.00268	0.00395	0.06433	0.00614	0.00542
53	0.00957	0.00638	0.00718	0.00718	0.00718	0.00638	0.00399	0.00957	0.00957	0.01276	0.02074	0.04308	0.02393	0.76864	0.03351	0.00638	0.00638	0.00957	0.00399	0.00399
54	0.02315	0.15854	0.02127	0.01587	0.01966	0.59759	0.01240	0.02541	0.03817	0.01634	0.01049	0.01202	0.00881	0.00665	0.00566	0.00166	0.01084	0.00421	0.00339	0.00785
55	0.01312	0.01240	0.02098	0.62635	0.16645	0.01481	0.01862	0.01742	0.01349	0.01765	0.01182	0.01733	0.00907	0.00645	0.00657	0.00215	0.00861	0.00585	0.00298	0.00787
56	0.01695	0.04005	0.14665	0.02247	0.18865	0.05760	0.13899	0.03930	0.01582	0.09030	0.04451	0.01731	0.01255	0.00637	0.00640	0.00185	0.00806	0.00590	0.00402	0.13625
57	0.02920	0.01175	0.01561	0.01197	0.01708	0.01048	0.00989	0.08257	0.01975	0.68037	0.02521	0.02191	0.01591	0.00813	0.00662	0.00203	0.00572	0.00657	0.00803	0.01120
58	0.00937	0.00697	0.00750	0.00721	0.00952	0.00591	0.00546	0.01129	0.01573	0.06450	0.15190	0.05885	0.59118	0.01570	0.00770	0.00219	0.00345	0.01316	0.00639	0.00601
59	0.01473	0.14358	0.06050	0.08299	0.08468	0.08775	0.05902	0.01815	0.03348	0.04012	0.09797	0.12659	0.03991	0.00968	0.00711	0.00203	0.03670	0.00816	0.03906	0.00776
60	0.01745	0.06349	0.22228	0.05113	0.04120	0.08259	0.14014	0.03977	0.03988	0.13288	0.01713	0.09219	0.01403	0.00804	0.00670	0.00209	0.00847	0.00712	0.00438	0.00906
61	0.00778	0.00667	0.00667	0.00667	0.00889	0.00556	0.00500	0.00945	0.01501	0.01778	0.06669	0.06336	0.72490	0.01667	0.00778	0.00222	0.00333	0.01389	0.00611	0.00556
62	0.00943	0.00639	0.00731	0.00737	0.00752	0.00638	0.00428	0.00963	0.00997	0.01324	0.02324	0.07196	0.05495	0.67889	0.05830	0.00621	0.00657	0.01003	0.00415	0.00418
63	0.01365	0.01170	0.01365	0.00975	0.01560	0.00878	0.00780	0.01658	0.01365	0.02145	0.01170	0.01365	0.00975	0.00488	0.00488	0.00098	0.00488	0.00390	0.00390	0.80888
64	0.01136	0.00940	0.01232	0.01278	0.05766	0.04141	0.00902	0.03454	0.01164	0.01615	0.01683	0.02647	0.01630	0.16260	0.47160	0.00814	0.06480	0.00716	0.00363	0.00618
65	0.00827	0.00591	0.00791	0.00935	0.00986	0.00555	0.00645	0.00964	0.01305	0.01743	0.06600	0.68244	0.04393	0.02013	0.00843	0.00267	0.00395	0.06743	0.00616	0.00544
66	0.01440	0.01440	0.02016	0.01728	0.01728	0.02016	0.01440	0.01584	0.01008	0.01584	0.00864	0.01440	0.00864	0.01152	0.02160	0.00288	0.75659	0.00576	0.00288	0.00720
67	0.01637	0.01414	0.01489	0.01340	0.01712	0.01637	0.01042	0.03498	0.71568	0.02754	0.02679	0.02456	0.02010	0.00893	0.00670	0.00223	0.00521	0.00744	0.00670	0.01042
68	0.01320	0.03405	0.73453	0.01876	0.02849	0.01529	0.02432	0.02085	0.01390	0.02085	0.01181	0.01390	0.00834	0.00625	0.00625	0.00208	0.00973	0.00486	0.00278	0.00973
69	0.81514	0.01273	0.00968	0.00866	0.01273	0.01477	0.00713	0.01935	0.01120	0.02954	0.00917	0.01069	0.00713	0.00611	0.00407	0.00204	0.00509	0.00356	0.00407	0.00713
70	0.01144	0.00572	0.00858	0.00858	0.00858	0.00572	0.00572	0.00858	0.00858	0.01144	0.01144	0.02001	0.01144	0.02287	0.02573	0.80846	0.00572	0.00572	0.00286	0.00286
71	0.00778	0.00667	0.00667	0.00667	0.00889	0.00556	0.00500	0.00945	0.01501	0.01778	0.06669	0.06336	0.72490	0.01667	0.00778	0.00222	0.00333	0.01389	0.00611	0.00556
