[name]
unknown

[dist]
# distance from previous block
# <min> <max>
0	95

[block]
# block no. 0 follows, 34 sequences, length 37
# corresponding to MSA columns:
# 111-147
name=unknown_A
#
# <colnr> <probs for GDERKNQSTAVLIFYWHMCP>
#	G	D	E	R	K	N	Q	S	T	A	V	L	I	F	Y	W	H	M	C	P
0	0.01496	0.01124	0.03377	0.00989	0.01475	0.00859	0.00804	0.01757	0.01369	0.12050	0.01549	0.02064	0.01329	0.09990	0.00868	0.00187	0.00525	0.03362	0.00448	0.54377
1	0.01610	0.01688	0.10249	0.02581	0.31282	0.01429	0.10931	0.07643	0.03707	0.04362	0.01317	0.01577	0.01033	0.00588	0.00622	0.00178	0.00753	0.00558	0.00379	0.17512
2	0.00806	0.00587	0.00760	0.00862	0.00936	0.00541	0.00591	0.00956	0.01358	0.01816	0.15437	0.58144	0.11080	0.01870	0.00808	0.00248	0.00359	0.01680	0.00618	0.00541
3	0.00842	0.00654	0.00766	0.00746	0.00923	0.00577	0.00556	0.01076	0.01645	0.02175	0.40438	0.08525	0.35771	0.01491	0.00765	0.00212	0.00318	0.01284	0.00657	0.00577
4	0.01138	0.00616	0.00662	0.00650	0.00801	0.00604	0.00488	0.01440	0.01464	0.02451	0.18324	0.02963	0.02673	0.00883	0.00523	0.00163	0.00302	0.00732	0.62521	0.00604
5	0.00787	0.00562	0.00750	0.00900	0.00937	0.00525	0.00600	0.00900	0.01237	0.01649	0.03561	0.76871	0.04274	0.02024	0.00825	0.00262	0.00375	0.01837	0.00600	0.00525
6	0.65355	0.01117	0.00879	0.00799	0.01148	0.01276	0.00649	0.01819	0.01152	0.02799	0.01147	0.01328	0.00895	0.00631	0.00410	0.00190	0.00459	0.00402	0.16866	0.00680
7	0.02414	0.03079	0.01831	0.01665	0.01998	0.74698	0.01248	0.02580	0.01831	0.01581	0.00999	0.01165	0.00832	0.00666	0.00583	0.00166	0.01165	0.00416	0.00333	0.00749
8	0.01340	0.01148	0.01340	0.00957	0.01531	0.00861	0.00766	0.01627	0.01340	0.02105	0.01148	0.01340	0.00957	0.00479	0.00479	0.00096	0.00479	0.00383	0.00383	0.81242
9	0.00787	0.00562	0.00750	0.00900	0.00937	0.00525	0.00600	0.00900	0.01237	0.01649	0.03561	0.76871	0.04274	0.02024	0.00825	0.00262	0.00375	0.01837	0.00600	0.00525
10	0.00787	0.00562	0.00750	0.00900	0.00937	0.00525	0.00600	0.00900	0.01237	0.01649	0.03561	0.76871	0.04274	0.02024	0.00825	0.00262	0.00375	0.01837	0.00600	0.00525
11	0.01727	0.77681	0.03386	0.01106	0.01658	0.02557	0.01106	0.01935	0.01313	0.01520	0.00898	0.01036	0.00829	0.00553	0.00415	0.00138	0.00691	0.00345	0.00276	0.00829
12	0.00821	0.00643	0.00746	0.00767	0.00911	0.00596	0.00552	0.00974	0.01323	0.01676	0.08155	0.16532	0.39219	0.11160	0.12588	0.00401	0.00588	0.01274	0.00541	0.00532
13	0.01578	0.01747	0.03706	0.02653	0.03299	0.01655	0.66950	0.05998	0.01611	0.02184	0.01321	0.01732	0.00987	0.00558	0.00756	0.00217	0.01068	0.00752	0.00345	0.00884
14	0.02538	0.01071	0.01413	0.01113	0.01559	0.00959	0.00908	0.05229	0.04553	0.58136	0.10416	0.02620	0.04681	0.00890	0.00666	0.00201	0.00519	0.00734	0.00772	0.01023
15	0.01658	0.23377	0.04788	0.01287	0.01728	0.04416	0.01106	0.02922	0.46679	0.02300	0.02021	0.01934	0.01561	0.00767	0.00584	0.00194	0.00602	0.00600	0.00522	0.00955
16	0.00985	0.00735	0.00925	0.00864	0.01038	0.00711	0.00652	0.01445	0.08999	0.02602	0.65748	0.04580	0.05676	0.01276	0.00751	0.00205	0.00326	0.01124	0.00706	0.00652
17	0.01705	0.15002	0.12352	0.01562	0.04072	0.07691	0.05800	0.07726	0.32513	0.02357	0.01785	0.01795	0.01364	0.00729	0.00609	0.00196	0.00718	0.00589	0.00479	0.00953
18	0.01772	0.12054	0.08913	0.01349	0.04853	0.01288	0.04729	0.05547	0.01543	0.17432	0.01569	0.05375	0.01244	0.00672	0.00567	0.00158	0.00620	0.00556	0.00465	0.29292
19	0.01652	0.12875	0.48167	0.01636	0.02436	0.01671	0.01931	0.12238	0.01641	0.08007	0.01293	0.01415	0.00923	0.00644	0.00595	0.00194	0.00851	0.00489	0.00370	0.00971
20	0.00923	0.00692	0.01038	0.01038	0.01154	0.00808	0.00808	0.01154	0.01038	0.01500	0.01731	0.02538	0.01615	0.04846	0.74732	0.01038	0.01731	0.00692	0.00346	0.00577
21	0.00787	0.00562	0.00750	0.00900	0.00937	0.00525	0.00600	0.00900	0.01237	0.01649	0.03561	0.76871	0.04274	0.02024	0.00825	0.00262	0.00375	0.01837	0.00600	0.00525
22	0.02215	0.05081	0.20456	0.01787	0.13263	0.03509	0.01499	0.02611	0.01641	0.38626	0.01862	0.01808	0.01251	0.00702	0.00627	0.00196	0.00714	0.00573	0.00551	0.01028
23	0.01585	0.01577	0.02577	0.13246	0.55536	0.05241	0.06869	0.01976	0.01470	0.02020	0.01202	0.01604	0.00989	0.00587	0.00646	0.00196	0.00823	0.00581	0.00317	0.00958
24	0.00923	0.00692	0.01038	0.01038	0.01154	0.00808	0.00808	0.01154	0.01038	0.01500	0.01731	0.02538	0.01615	0.04846	0.74732	0.01038	0.01731	0.00692	0.00346	0.00577
25	0.12673	0.11785	0.07645	0.01386	0.01886	0.15911	0.01212	0.27348	0.04120	0.08150	0.01351	0.01404	0.01001	0.00695	0.00570	0.00184	0.00770	0.00490	0.00488	0.00931
26	0.00787	0.00562	0.00750	0.00900	0.00937	0.00525	0.00600	0.00900	0.01237	0.01649	0.03561	0.76871	0.04274	0.02024	0.00825	0.00262	0.00375	0.01837	0.00600	0.00525
27	0.01642	0.01616	0.02581	0.03845	0.69528	0.05368	0.01945	0.02014	0.01490	0.02083	0.01204	0.01576	0.01013	0.00580	0.00637	0.00191	0.00788	0.00567	0.00321	0.01009
28	0.02470	0.05158	0.05230	0.01276	0.01813	0.01398	0.01103	0.25617	0.02150	0.36742	0.01937	0.01805	0.01297	0.00741	0.00619	0.00185	0.00623	0.00579	0.00658	0.08598
29	0.02359	0.09058	0.01956	0.01620	0.01970	0.68917	0.01237	0.02528	0.01790	0.01576	0.00991	0.01155	0.00832	0.00657	0.00569	0.00164	0.01127	0.00410	0.00328	0.00755
30	0.01727	0.77681	0.03386	0.01106	0.01658	0.02557	0.01106	0.01935	0.01313	0.01520	0.00898	0.01036	0.00829	0.00553	0.00415	0.00138	0.00691	0.00345	0.00276	0.00829
31	0.02899	0.01100	0.01499	0.01150	0.01649	0.00950	0.00950	0.03149	0.01849	0.73709	0.02549	0.02199	0.01599	0.00800	0.00650	0.00200	0.00550	0.00650	0.00800	0.01100
32	0.00791	0.00656	0.00693	0.00683	0.00890	0.00557	0.00512	0.00980	0.01537	0.01899	0.18609	0.05965	0.60840	0.01579	0.00763	0.00215	0.00323	0.01328	0.00620	0.00557
33	0.00787	0.00562	0.00750	0.00900	0.00937	0.00525	0.00600	0.00900	0.01237	0.01649	0.03561	0.76871	0.04274	0.02024	0.00825	0.00262	0.00375	0.01837	0.00600	0.00525
34	0.00892	0.00649	0.00840	0.00815	0.00957	0.00596	0.00602	0.01167	0.01741	0.02437	0.61372	0.13396	0.09276	0.01420	0.00770	0.00211	0.00314	0.01257	0.00692	0.00596
35	0.01622	0.59467	0.20674	0.01286	0.01937	0.02298	0.01420	0.01962	0.01325	0.01649	0.00962	0.01117	0.00827	0.00568	0.00463	0.00154	0.00756	0.00378	0.00276	0.00860
36	0.02704	0.05053	0.01695	0.01227	0.01729	0.01135	0.03510	0.05910	0.05540	0.60812	0.02383	0.02108	0.01536	0.00781	0.00642	0.00198	0.00581	0.00640	0.00742	0.01074

[dist]
# distance from previous block
# <min> <max>
1	4

[block]
# block no. 1 follows, 34 sequences, length 37
# corresponding to MSA columns:
# 152-188
name=unknown_B
#
# <colnr> <probs for GDERKNQSTAVLIFYWHMCP>
#	G	D	E	R	K	N	Q	S	T	A	V	L	I	F	Y	W	H	M	C	P
0	0.01628	0.61372	0.12390	0.01327	0.05131	0.02290	0.01292	0.01910	0.01324	0.01621	0.01054	0.04160	0.00976	0.00621	0.00467	0.00154	0.00716	0.00433	0.00291	0.00842
1	0.07163	0.03243	0.07127	0.01450	0.08773	0.04118	0.02761	0.05328	0.01544	0.16574	0.01431	0.01526	0.01064	0.00596	0.00551	0.00153	0.00617	0.00479	0.00460	0.35044
2	0.01448	0.01379	0.02327	0.25119	0.49443	0.01459	0.01857	0.01835	0.01418	0.01957	0.01445	0.01852	0.04347	0.00646	0.00647	0.00200	0.00775	0.00612	0.00323	0.00910
3	0.00994	0.00708	0.00977	0.01119	0.01242	0.00701	0.00937	0.01246	0.01420	0.01855	0.03382	0.18904	0.03750	0.05270	0.00990	0.00307	0.00559	0.54480	0.00587	0.00574
4	0.02453	0.01454	0.01837	0.01949	0.20228	0.09010	0.01260	0.04796	0.04209	0.43000	0.02012	0.01922	0.01367	0.00729	0.00640	0.00195	0.00675	0.00607	0.00616	0.01040
5	0.00764	0.00655	0.00655	0.00655	0.00873	0.00545	0.00491	0.00927	0.01473	0.01745	0.06546	0.06218	0.73000	0.01636	0.00764	0.00218	0.00327	0.01364	0.00600	0.00545
6	0.00936	0.00643	0.00788	0.00788	0.00816	0.00672	0.00495	0.00993	0.00964	0.01314	0.01960	0.03808	0.02166	0.59264	0.21067	0.00729	0.00901	0.00878	0.00380	0.00438
7	0.01628	0.53979	0.23396	0.01334	0.01994	0.04735	0.01475	0.01989	0.01345	0.01672	0.00976	0.01134	0.00826	0.00574	0.00477	0.00158	0.00782	0.00385	0.00277	0.00862
8	0.01313	0.06221	0.71212	0.01813	0.02752	0.01541	0.02338	0.02042	0.01362	0.02026	0.01149	0.01351	0.00819	0.00612	0.00606	0.00202	0.00945	0.00472	0.00273	0.00950
9	0.00825	0.00614	0.00774	0.00867	0.00970	0.00563	0.00625	0.00992	0.01387	0.01814	0.12488	0.45177	0.19477	0.01829	0.00811	0.00249	0.00380	0.08996	0.00613	0.00547
10	0.01165	0.00697	0.00910	0.00911	0.01077	0.00624	0.00657	0.01346	0.01463	0.13107	0.16529	0.44066	0.08067	0.01607	0.00766	0.00231	0.00391	0.01432	0.00642	0.04314
11	0.12985	0.04305	0.18334	0.01856	0.05884	0.08284	0.17761	0.06845	0.08282	0.07283	0.01400	0.01563	0.01034	0.00645	0.00620	0.00201	0.00839	0.00565	0.00409	0.00906
12	0.01043	0.00788	0.01084	0.03765	0.06417	0.00832	0.00851	0.01215	0.01200	0.01619	0.04125	0.07137	0.02641	0.31574	0.08498	0.00479	0.04264	0.21467	0.00450	0.00552
13	0.04227	0.15866	0.07534	0.01212	0.05461	0.01290	0.01021	0.01747	0.01335	0.02018	0.01097	0.01288	0.00916	0.00513	0.00483	0.00121	0.00573	0.00392	0.00351	0.52555
14	0.18488	0.41582	0.12683	0.01228	0.01778	0.11456	0.01221	0.02026	0.01342	0.01891	0.00949	0.01102	0.00801	0.00586	0.00461	0.00164	0.00749	0.00374	0.00309	0.00810
15	0.01168	0.00802	0.01006	0.00921	0.01129	0.00783	0.00709	0.03519	0.09402	0.07335	0.56276	0.04389	0.05133	0.01240	0.00745	0.00208	0.00365	0.03465	0.00705	0.00700
16	0.01526	0.01463	0.02478	0.06105	0.59118	0.01504	0.04018	0.01896	0.01458	0.02087	0.05861	0.01806	0.01335	0.00663	0.00751	0.00200	0.05809	0.00619	0.00342	0.00960
17	0.00904	0.00627	0.00783	0.00815	0.00847	0.00643	0.00522	0.00976	0.01023	0.01387	0.02293	0.19123	0.02601	0.46458	0.17601	0.00636	0.00803	0.01077	0.00426	0.00458
18	0.00885	0.00659	0.00822	0.00781	0.00947	0.00597	0.00586	0.01161	0.01758	0.02423	0.59754	0.05103	0.19368	0.01384	0.00762	0.00206	0.00309	0.01207	0.00689	0.00597
19	0.02899	0.01100	0.01499	0.01150	0.01649	0.00950	0.00950	0.03149	0.01849	0.73709	0.02549	0.02199	0.01599	0.00800	0.00650	0.00200	0.00550	0.00650	0.00800	0.01100
20	0.81856	0.01250	0.00950	0.00850	0.01250	0.01449	0.00700	0.01899	0.01100	0.02899	0.00900	0.01050	0.00700	0.00600	0.00400	0.00200	0.00500	0.00350	0.00400	0.00700
21	0.81856	0.01250	0.00950	0.00850	0.01250	0.01449	0.00700	0.01899	0.01100	0.02899	0.00900	0.01050	0.00700	0.00600	0.00400	0.00200	0.00500	0.00350	0.00400	0.00700
22	0.02899	0.01100	0.01499	0.01150	0.01649	0.00950	0.00950	0.03149	0.01849	0.73709	0.02549	0.02199	0.01599	0.00800	0.00650	0.00200	0.00550	0.00650	0.00800	0.01100
23	0.17194	0.01127	0.01400	0.01095	0.01577	0.01040	0.00904	0.02923	0.01714	0.60889	0.02250	0.01991	0.01437	0.00764	0.00605	0.00200	0.00541	0.00595	0.00727	0.01027
24	0.01525	0.01743	0.03813	0.02723	0.03377	0.01634	0.70915	0.02070	0.01525	0.02070	0.01307	0.01743	0.00980	0.00545	0.00763	0.00218	0.01089	0.00763	0.00327	0.00871
25	0.02414	0.03079	0.01831	0.01665	0.01998	0.74698	0.01248	0.02580	0.01831	0.01581	0.00999	0.01165	0.00832	0.00666	0.00583	0.00166	0.01165	0.00416	0.00333	0.00749
26	0.01759	0.01464	0.01547	0.01346	0.01738	0.01678	0.01060	0.15571	0.59709	0.02948	0.02436	0.02257	0.01816	0.00859	0.00655	0.00215	0.00547	0.00704	0.00655	0.01036
27	0.02899	0.01100	0.01499	0.01150	0.01649	0.00950	0.00950	0.03149	0.01849	0.73709	0.02549	0.02199	0.01599	0.00800	0.00650	0.00200	0.00550	0.00650	0.00800	0.01100
28	0.01220	0.01148	0.01938	0.75739	0.04450	0.01436	0.01794	0.01651	0.01292	0.01651	0.01148	0.01723	0.00861	0.00646	0.00646	0.00215	0.00861	0.00574	0.00287	0.00718
29	0.81856	0.01250	0.00950	0.00850	0.01250	0.01449	0.00700	0.01899	0.01100	0.02899	0.00900	0.01050	0.00700	0.00600	0.00400	0.00200	0.00500	0.00350	0.00400	0.00700
30	0.02593	0.01070	0.01423	0.01112	0.01566	0.00948	0.00910	0.05967	0.01889	0.60449	0.10305	0.02586	0.04379	0.00883	0.00666	0.00201	0.00523	0.00726	0.00777	0.01028
31	0.02899	0.01100	0.01499	0.01150	0.01649	0.00950	0.00950	0.03149	0.01849	0.73709	0.02549	0.02199	0.01599	0.00800	0.00650	0.00200	0.00550	0.00650	0.00800	0.01100
32	0.00923	0.00692	0.01038	0.01038	0.01154	0.00808	0.00808	0.01154	0.01038	0.01500	0.01731	0.02538	0.01615	0.04846	0.74732	0.01038	0.01731	0.00692	0.00346	0.00577
33	0.00897	0.00664	0.00834	0.00806	0.00965	0.00607	0.00609	0.01168	0.01719	0.02364	0.54988	0.05202	0.17405	0.03688	0.00846	0.00224	0.00336	0.05411	0.00675	0.00591
34	0.00787	0.00562	0.00750	0.00900	0.00937	0.00525	0.00600	0.00900	0.01237	0.01649	0.03561	0.76871	0.04274	0.02024	0.00825	0.00262	0.00375	0.01837	0.00600	0.00525
35	0.81856	0.01250	0.00950	0.00850	0.01250	0.01449	0.00700	0.01899	0.01100	0.02899	0.00900	0.01050	0.00700	0.00600	0.00400	0.00200	0.00500	0.00350	0.00400	0.00700
36	0.01675	0.01566	0.10469	0.10600	0.30655	0.01325	0.01597	0.05301	0.01559	0.11977	0.04167	0.01751	0.01250	0.00642	0.00620	0.00183	0.00706	0.00569	0.00416	0.12971

[dist]
# distance from previous block
# <min> <max>
0	3

[block]
# block no. 2 follows, 34 sequences, length 153
# corresponding to MSA columns:
# 192-344
name=unknown_C
#
# <colnr> <probs for GDERKNQSTAVLIFYWHMCP>
#	G	D	E	R	K	N	Q	S	T	A	V	L	I	F	Y	W	H	M	C	P
0	0.53364	0.13704	0.01600	0.01148	0.03396	0.11661	0.03254	0.02006	0.01258	0.02450	0.00935	0.01101	0.00757	0.00599	0.00446	0.00186	0.00648	0.00378	0.00366	0.00742
1	0.01533	0.01727	0.05342	0.02964	0.19863	0.01617	0.50741	0.02034	0.01492	0.02064	0.01268	0.01689	0.00982	0.00571	0.00769	0.00213	0.03197	0.00705	0.00322	0.00905
2	0.00914	0.00660	0.00864	0.00813	0.00965	0.00610	0.00610	0.01219	0.01829	0.02591	0.72921	0.04827	0.06097	0.01321	0.00762	0.00203	0.00305	0.01169	0.00711	0.00610
3	0.47721	0.01144	0.01103	0.00939	0.01328	0.01222	0.00765	0.04641	0.01461	0.19687	0.12425	0.01923	0.01760	0.00765	0.00524	0.00200	0.00489	0.00556	0.00552	0.00795
4	0.00923	0.00692	0.01038	0.01038	0.01154	0.00808	0.00808	0.01154	0.01038	0.01500	0.01731	0.02538	0.01615	0.04846	0.74732	0.01038	0.01731	0.00692	0.00346	0.00577
5	0.00940	0.00626	0.00705	0.00705	0.00705	0.00626	0.00392	0.00940	0.00940	0.01253	0.02036	0.04228	0.02349	0.77292	0.03289	0.00626	0.00626	0.00940	0.00392	0.00392
6	0.81856	0.01250	0.00950	0.00850	0.01250	0.01449	0.00700	0.01899	0.01100	0.02899	0.00900	0.01050	0.00700	0.00600	0.00400	0.00200	0.00500	0.00350	0.00400	0.00700
7	0.02200	0.01563	0.01666	0.01306	0.01748	0.01717	0.01069	0.56870	0.02694	0.03732	0.01665	0.01727	0.01213	0.00771	0.00607	0.00185	0.00627	0.00586	0.17059	0.00997
8	0.00914	0.00660	0.00864	0.00813	0.00965	0.00610	0.00610	0.01219	0.01829	0.02591	0.72921	0.04827	0.06097	0.01321	0.00762	0.00203	0.00305	0.01169	0.00711	0.00610
9	0.81856	0.01250	0.00950	0.00850	0.01250	0.01449	0.00700	0.01899	0.01100	0.02899	0.00900	0.01050	0.00700	0.00600	0.00400	0.00200	0.00500	0.00350	0.00400	0.00700
10	0.01565	0.09152	0.23094	0.10051	0.20979	0.09783	0.12357	0.02042	0.01456	0.01926	0.01153	0.01467	0.00903	0.00597	0.00625	0.00194	0.00917	0.00537	0.00302	0.00901
11	0.01727	0.77681	0.03386	0.01106	0.01658	0.02557	0.01106	0.01935	0.01313	0.01520	0.00898	0.01036	0.00829	0.00553	0.00415	0.00138	0.00691	0.00345	0.00276	0.00829
12	0.01566	0.01519	0.02630	0.03551	0.58289	0.01517	0.09942	0.02049	0.05567	0.02158	0.03950	0.01782	0.01260	0.00617	0.00660	0.00197	0.00773	0.00628	0.00355	0.00990
13	0.00932	0.00655	0.00850	0.00850	0.00900	0.00705	0.00573	0.01033	0.00983	0.01360	0.01903	0.03493	0.02030	0.45755	0.34389	0.00806	0.01107	0.00832	0.00372	0.00472
14	0.02546	0.01666	0.01850	0.01418	0.01932	0.01790	0.01172	0.57347	0.02797	0.18172	0.01753	0.01682	0.01200	0.00781	0.00647	0.00195	0.00678	0.00596	0.00677	0.01099
15	0.01903	0.10487	0.36656	0.01634	0.04616	0.01435	0.04569	0.02405	0.01533	0.26180	0.01608	0.01634	0.01097	0.00666	0.00611	0.00196	0.00789	0.00536	0.00455	0.00989
16	0.01472	0.01419	0.02307	0.17762	0.48093	0.03819	0.03580	0.01839	0.01431	0.01961	0.01434	0.07677	0.01304	0.00734	0.00663	0.00204	0.00773	0.02284	0.00343	0.00901
17	0.00787	0.00562	0.00750	0.00900	0.00937	0.00525	0.00600	0.00900	0.01237	0.01649	0.03561	0.76871	0.04274	0.02024	0.00825	0.00262	0.00375	0.01837	0.00600	0.00525
18	0.01172	0.00759	0.01069	0.01069	0.01222	0.00719	0.04204	0.04787	0.01430	0.10256	0.03220	0.55975	0.03599	0.01728	0.00797	0.00252	0.00462	0.06023	0.00612	0.00643
19	0.02171	0.02067	0.14444	0.01937	0.11831	0.15099	0.07908	0.11536	0.01838	0.22409	0.01593	0.01654	0.01121	0.00686	0.00640	0.00194	0.00835	0.00568	0.00493	0.00978
20	0.01414	0.03126	0.66461	0.01876	0.05374	0.01465	0.02277	0.02117	0.01400	0.06795	0.01254	0.01428	0.00878	0.00625	0.00617	0.00204	0.00921	0.00493	0.00309	0.00967
21	0.02414	0.03079	0.01831	0.01665	0.01998	0.74698	0.01248	0.02580	0.01831	0.01581	0.00999	0.01165	0.00832	0.00666	0.00583	0.00166	0.01165	0.00416	0.00333	0.00749
22	0.01581	0.15733	0.38607	0.01897	0.10674	0.03689	0.04036	0.02216	0.06689	0.07033	0.01328	0.01478	0.00991	0.00631	0.00592	0.00192	0.00836	0.00504	0.00348	0.00948
23	0.02425	0.04153	0.01906	0.01957	0.21621	0.01253	0.01261	0.06504	0.04171	0.44829	0.02064	0.01960	0.01395	0.00729	0.00638	0.00196	0.00623	0.00617	0.00633	0.01066
24	0.02899	0.01100	0.01499	0.01150	0.01649	0.00950	0.00950	0.03149	0.01849	0.73709	0.02549	0.02199	0.01599	0.00800	0.00650	0.00200	0.00550	0.00650	0.00800	0.01100
25	0.81856	0.01250	0.00950	0.00850	0.01250	0.01449	0.00700	0.01899	0.01100	0.02899	0.00900	0.01050	0.00700	0.00600	0.00400	0.00200	0.00500	0.00350	0.00400	0.00700
26	0.00905	0.00657	0.00853	0.00809	0.00961	0.00605	0.00605	0.01200	0.01799	0.02533	0.68525	0.06903	0.08510	0.01352	0.00764	0.00205	0.00308	0.01195	0.00704	0.00605
27	0.01271	0.01003	0.01348	0.03468	0.11533	0.01000	0.03126	0.06250	0.10189	0.05723	0.18245	0.13003	0.18784	0.01217	0.00724	0.00214	0.00488	0.01067	0.00587	0.00760
28	0.02374	0.01769	0.01893	0.01470	0.01972	0.01965	0.01208	0.64561	0.09718	0.03940	0.01656	0.01634	0.01183	0.00785	0.00647	0.00196	0.00692	0.00596	0.00647	0.01091
29	0.00903	0.00657	0.00914	0.00997	0.01078	0.00648	0.02332	0.01065	0.01239	0.01652	0.03055	0.39625	0.03497	0.13641	0.08834	0.00405	0.00623	0.17767	0.00535	0.00535
30	0.00923	0.00692	0.01038	0.01038	0.01154	0.00808	0.00808	0.01154	0.01038	0.01500	0.01731	0.02538	0.01615	0.04846	0.74732	0.01038	0.01731	0.00692	0.00346	0.00577
31	0.01525	0.01743	0.03813	0.02723	0.03377	0.01634	0.70915	0.02070	0.01525	0.02070	0.01307	0.01743	0.00980	0.00545	0.00763	0.00218	0.01089	0.00763	0.00327	0.00871
32	0.00970	0.00931	0.07177	0.00938	0.01166	0.00733	0.02564	0.01311	0.03331	0.02320	0.50189	0.04438	0.10337	0.09572	0.01024	0.00252	0.00423	0.01079	0.00619	0.00627
33	0.01490	0.01939	0.15680	0.02394	0.03056	0.01548	0.51519	0.02031	0.01489	0.04287	0.01553	0.01892	0.04348	0.00633	0.00773	0.00217	0.03201	0.00732	0.00344	0.00873
34	0.01675	0.01931	0.13301	0.02103	0.20875	0.10221	0.03332	0.09763	0.05411	0.02285	0.01278	0.01483	0.01008	0.00604	0.00591	0.00168	0.00757	0.00504	0.00385	0.22326
35	0.01800	0.43935	0.13981	0.01554	0.09060	0.03995	0.01391	0.06395	0.03186	0.07537	0.01185	0.01304	0.00952	0.00609	0.00511	0.00165	0.00738	0.00439	0.00355	0.00909
36	0.00926	0.00698	0.00800	0.00764	0.00960	0.00633	0.00578	0.01127	0.01533	0.05076	0.23070	0.05333	0.45361	0.04014	0.03918	0.00262	0.02529	0.01219	0.00612	0.00587
37	0.65689	0.01338	0.01135	0.00967	0.01390	0.01524	0.00797	0.13502	0.01451	0.05704	0.01069	0.01176	0.00800	0.00637	0.00450	0.00199	0.00537	0.00400	0.00456	0.00781
38	0.01607	0.01388	0.01461	0.01315	0.01680	0.01607	0.01023	0.03433	0.72094	0.02703	0.02630	0.02411	0.01972	0.00877	0.00657	0.00219	0.00511	0.00731	0.00657	0.01023
39	0.81856	0.01250	0.00950	0.00850	0.01250	0.01449	0.00700	0.01899	0.01100	0.02899	0.00900	0.01050	0.00700	0.00600	0.00400	0.00200	0.00500	0.00350	0.00400	0.00700
40	0.01599	0.01535	0.02623	0.03966	0.73262	0.01535	0.01983	0.01983	0.01471	0.02111	0.01215	0.01599	0.01023	0.00576	0.00640	0.00192	0.00768	0.00576	0.00320	0.01023
41	0.01204	0.00602	0.00602	0.00602	0.00753	0.00602	0.00452	0.01506	0.01355	0.02409	0.02108	0.02409	0.01656	0.00753	0.00452	0.00151	0.00301	0.00602	0.80879	0.00602
42	0.02899	0.01100	0.01499	0.01150	0.01649	0.00950	0.00950	0.03149	0.01849	0.73709	0.02549	0.02199	0.01599	0.00800	0.00650	0.00200	0.00550	0.00650	0.00800	0.01100
43	0.02768	0.01071	0.01457	0.01127	0.01604	0.00927	0.00927	0.03021	0.01848	0.68999	0.07210	0.02373	0.01897	0.00834	0.00657	0.00200	0.00534	0.00684	0.00794	0.01067
44	0.00825	0.00589	0.00793	0.00943	0.00997	0.00557	0.00666	0.00965	0.01274	0.01692	0.03540	0.66487	0.04191	0.01989	0.00835	0.00268	0.00408	0.11846	0.00599	0.00535
45	0.00764	0.00655	0.00655	0.00655	0.00873	0.00545	0.00491	0.00927	0.01473	0.01745	0.06546	0.06218	0.73000	0.01636	0.00764	0.00218	0.00327	0.01364	0.00600	0.00545
46	0.01674	0.01528	0.01492	0.01344	0.01707	0.07673	0.01041	0.03363	0.66263	0.02610	0.02494	0.02307	0.01878	0.00859	0.00651	0.00215	0.00566	0.00704	0.00631	0.01000
47	0.73591	0.03969	0.01094	0.00915	0.01316	0.06603	0.00752	0.01948	0.01158	0.02760	0.00907	0.01057	0.00713	0.00603	0.00413	0.00195	0.00553	0.00354	0.00391	0.00708
48	0.01393	0.01379	0.01923	0.01653	0.01653	0.01920	0.01369	0.01528	0.00987	0.01542	0.00900	0.01537	0.00914	0.04456	0.02171	0.00298	0.72814	0.00582	0.00287	0.00693
49	0.01924	0.42669	0.02594	0.01314	0.01747	0.30090	0.01136	0.02118	0.01489	0.01542	0.01006	0.01211	0.00896	0.00952	0.06647	0.00224	0.00959	0.00401	0.00304	0.00778
50	0.01220	0.01148	0.01938	0.75739	0.04450	0.01436	0.01794	0.01651	0.01292	0.01651	0.01148	0.01723	0.00861	0.00646	0.00646	0.00215	0.00861	0.00574	0.00287	0.00718
51	0.02456	0.01810	0.01939	0.01487	0.02004	0.02004	0.01228	0.71107	0.03038	0.04072	0.01551	0.01551	0.01099	0.00776	0.00646	0.00194	0.00711	0.00582	0.00646	0.01099
52	0.00825	0.00589	0.00793	0.00943	0.00997	0.00557	0.00666	0.00965	0.01274	0.01692	0.03540	0.66487	0.04191	0.01989	0.00835	0.00268	0.00408	0.11846	0.00599	0.00535
53	0.00914	0.00660	0.00864	0.00813	0.00965	0.00610	0.00610	0.01219	0.01829	0.02591	0.72921	0.04827	0.06097	0.01321	0.00762	0.00203	0.00305	0.01169	0.00711	0.00610
54	0.01607	0.01388	0.01461	0.01315	0.01680	0.01607	0.01023	0.03433	0.72094	0.02703	0.02630	0.02411	0.01972	0.00877	0.00657	0.00219	0.00511	0.00731	0.00657	0.01023
55	0.01727	0.77681	0.03386	0.01106	0.01658	0.02557	0.01106	0.01935	0.01313	0.01520	0.00898	0.01036	0.00829	0.00553	0.00415	0.00138	0.00691	0.00345	0.00276	0.00829
56	0.00787	0.00562	0.00750	0.00900	0.00937	0.00525	0.00600	0.00900	0.01237	0.01649	0.03561	0.76871	0.04274	0.02024	0.00825	0.00262	0.00375	0.01837	0.00600	0.00525
57	0.73018	0.01264	0.01030	0.00898	0.01310	0.01440	0.00740	0.05006	0.01235	0.07767	0.01040	0.01150	0.00778	0.00621	0.00428	0.00200	0.00512	0.00380	0.00438	0.00744
58	0.02899	0.01100	0.01499	0.01150	0.01649	0.00950	0.00950	0.03149	0.01849	0.73709	0.02549	0.02199	0.01599	0.00800	0.00650	0.00200	0.00550	0.00650	0.00800	0.01100
59	0.02899	0.01100	0.01499	0.01150	0.01649	0.00950	0.00950	0.03149	0.01849	0.73709	0.02549	0.02199	0.01599	0.00800	0.00650	0.00200	0.00550	0.00650	0.00800	0.01100
60	0.02414	0.03079	0.01831	0.01665	0.01998	0.74698	0.01248	0.02580	0.01831	0.01581	0.00999	0.01165	0.00832	0.00666	0.00583	0.00166	0.01165	0.00416	0.00333	0.00749
61	0.01348	0.01255	0.01709	0.01489	0.01521	0.01679	0.01205	0.04690	0.01093	0.01636	0.01200	0.05136	0.01244	0.11091	0.06160	0.00363	0.55505	0.00677	0.00331	0.00670
62	0.00940	0.00626	0.00705	0.00705	0.00705	0.00626	0.00392	0.00940	0.00940	0.01253	0.02036	0.04228	0.02349	0.77292	0.03289	0.00626	0.00626	0.00940	0.00392	0.00392
63	0.01604	0.01445	0.01909	0.02338	0.29298	0.01579	0.01393	0.02874	0.44846	0.02475	0.02084	0.02098	0.01606	0.00761	0.00651	0.00209	0.00610	0.00671	0.00527	0.01023
64	0.01463	0.01145	0.01352	0.00972	0.01541	0.00868	0.00780	0.01747	0.01380	0.07747	0.01259	0.01408	0.01008	0.00504	0.00492	0.00104	0.00484	0.00404	0.00416	0.74928
65	0.01612	0.42917	0.31775	0.01417	0.02129	0.02065	0.01623	0.04284	0.01406	0.03944	0.01074	0.01220	0.00856	0.00592	0.00510	0.00169	0.00794	0.00415	0.00303	0.00897
66	0.01417	0.01423	0.02033	0.01727	0.01746	0.01969	0.03462	0.01570	0.01005	0.01570	0.00862	0.01423	0.00852	0.01114	0.02080	0.00281	0.73898	0.00571	0.00284	0.00712
67	0.00786	0.00569	0.00743	0.00882	0.00932	0.00526	0.00592	0.00902	0.01254	0.01656	0.03778	0.71744	0.09260	0.01996	0.00820	0.00259	0.00371	0.01803	0.00600	0.00526
68	0.01686	0.68930	0.09602	0.01177	0.01760	0.02436	0.01217	0.01987	0.03307	0.01600	0.00970	0.01104	0.00860	0.00567	0.00439	0.00146	0.00709	0.00368	0.00287	0.00846
69	0.01839	0.01496	0.02303	0.11009	0.49091	0.05270	0.01736	0.02191	0.01540	0.15088	0.01440	0.01699	0.01101	0.00629	0.00639	0.00195	0.00759	0.00581	0.00405	0.00990
70	0.01490	0.01541	0.01968	0.01694	0.01719	0.07539	0.01401	0.01633	0.01054	0.01557	0.00860	0.01395	0.00847	0.01095	0.02003	0.00274	0.70380	0.00554	0.00287	0.00710
71	0.01122	0.00561	0.00842	0.00842	0.00842	0.00561	0.00561	0.00842	0.00842	0.01122	0.01122	0.01964	0.01122	0.02245	0.02525	0.81201	0.00561	0.00561	0.00281	0.00281
72	0.01889	0.49225	0.09822	0.01290	0.01865	0.04648	0.01265	0.19137	0.01763	0.02207	0.01089	0.01200	0.00895	0.00618	0.00497	0.00159	0.00737	0.00419	0.00370	0.00906
73	0.01160	0.00874	0.01348	0.01284	0.05839	0.00840	0.08573	0.01418	0.01537	0.07295	0.30621	0.18064	0.06271	0.07925	0.01029	0.00256	0.03275	0.01143	0.00581	0.00666
74	0.00907	0.00660	0.00854	0.00805	0.00961	0.00607	0.00604	0.01206	0.01812	0.02551	0.69805	0.04892	0.09237	0.01336	0.00762	0.00204	0.00306	0.01178	0.00706	0.00607
75	0.01344	0.03039	0.62163	0.01910	0.05613	0.01516	0.04494	0.02170	0.07764	0.02109	0.01300	0.01481	0.00936	0.00634	0.00624	0.00206	0.00912	0.00514	0.00311	0.00961
76	0.07756	0.01755	0.01936	0.01643	0.06120	0.18602	0.09662	0.09848	0.01858	0.31748	0.01739	0.01720	0.01197	0.00708	0.00630	0.00193	0.00787	0.00577	0.00561	0.00958
77	0.02899	0.01100	0.01499	0.01150	0.01649	0.00950	0.00950	0.03149	0.01849	0.73709	0.02549	0.02199	0.01599	0.00800	0.00650	0.00200	0.00550	0.00650	0.00800	0.01100
78	0.01662	0.06315	0.08370	0.03360	0.54776	0.03685	0.03535	0.06706	0.01571	0.02188	0.01211	0.01534	0.00994	0.00593	0.00626	0.00190	0.00793	0.00554	0.00336	0.01000
79	0.00829	0.00595	0.00783	0.00918	0.00977	0.00561	0.00644	0.00963	0.01265	0.01671	0.03589	0.60319	0.07093	0.06080	0.00966	0.00285	0.00417	0.10931	0.00588	0.00528
80	0.00940	0.00626	0.00705	0.00705	0.00705	0.00626	0.00392	0.00940	0.00940	0.01253	0.02036	0.04228	0.02349	0.77292	0.03289	0.00626	0.00626	0.00940	0.00392	0.00392
81	0.00923	0.00692	0.01038	0.01038	0.01154	0.00808	0.00808	0.01154	0.01038	0.01500	0.01731	0.02538	0.01615	0.04846	0.74732	0.01038	0.01731	0.00692	0.00346	0.00577
82	0.00843	0.00658	0.00764	0.00738	0.00921	0.00579	0.00553	0.01080	0.01659	0.02189	0.41323	0.05489	0.37946	0.01471	0.00763	0.00210	0.00316	0.01261	0.00658	0.00579
83	0.78129	0.01276	0.00996	0.00880	0.01285	0.01476	0.00725	0.05148	0.01191	0.02954	0.00930	0.01073	0.00718	0.00608	0.00411	0.00200	0.00510	0.00361	0.00411	0.00718
84	0.81856	0.01250	0.00950	0.00850	0.01250	0.01449	0.00700	0.01899	0.01100	0.02899	0.00900	0.01050	0.00700	0.00600	0.00400	0.00200	0.00500	0.00350	0.00400	0.00700
85	0.00940	0.00626	0.00705	0.00705	0.00705	0.00626	0.00392	0.00940	0.00940	0.01253	0.02036	0.04228	0.02349	0.77292	0.03289	0.00626	0.00626	0.00940	0.00392	0.00392
86	0.01414	0.01414	0.01979	0.01696	0.01696	0.01979	0.01414	0.01555	0.00990	0.01555	0.00848	0.01414	0.00848	0.01131	0.02120	0.00283	0.76110	0.00565	0.00283	0.00707
87	0.00787	0.00562	0.00750	0.00900	0.00937	0.00525	0.00600	0.00900	0.01237	0.01649	0.03561	0.76871	0.04274	0.02024	0.00825	0.00262	0.00375	0.01837	0.00600	0.00525
88	0.01607	0.01388	0.01461	0.01315	0.01680	0.01607	0.01023	0.03433	0.72094	0.02703	0.02630	0.02411	0.01972	0.00877	0.00657	0.00219	0.00511	0.00731	0.00657	0.01023
89	0.00914	0.00660	0.00864	0.00813	0.00965	0.00610	0.00610	0.01219	0.01829	0.02591	0.72921	0.04827	0.06097	0.01321	0.00762	0.00203	0.00305	0.01169	0.00711	0.00610
90	0.02409	0.01764	0.01889	0.01453	0.01957	0.01951	0.01199	0.68486	0.02975	0.04010	0.01572	0.01584	0.01120	0.00775	0.00639	0.00192	0.00696	0.00583	0.03668	0.01080
91	0.01398	0.01194	0.01425	0.01120	0.04918	0.00940	0.00842	0.04501	0.01416	0.02187	0.01168	0.01361	0.00966	0.00495	0.00493	0.00104	0.00502	0.00400	0.00391	0.74181
92	0.01509	0.25844	0.48800	0.01583	0.02392	0.01794	0.01924	0.02068	0.01373	0.05525	0.01151	0.01307	0.00861	0.00605	0.00555	0.00184	0.00854	0.00446	0.00301	0.00924
93	0.05853	0.01136	0.01498	0.01153	0.01650	0.01015	0.00952	0.06069	0.01873	0.68002	0.02443	0.02128	0.01544	0.00791	0.00640	0.00200	0.00555	0.00636	0.00778	0.01085
94	0.00771	0.00655	0.00664	0.00662	0.00877	0.00548	0.00496	0.00941	0.01489	0.01785	0.09661	0.06153	0.69859	0.01622	0.00764	0.00217	0.00326	0.01355	0.00605	0.00548
95	0.00880	0.00649	0.00799	0.00778	0.00935	0.00588	0.00577	0.01138	0.01685	0.02320	0.50100	0.11031	0.20574	0.01430	0.00757	0.00210	0.00315	0.01248	0.03396	0.00588
96	0.01573	0.01503	0.02561	0.03865	0.70890	0.01502	0.01938	0.01947	0.01464	0.02096	0.01292	0.04067	0.01130	0.00623	0.00646	0.00194	0.00755	0.00617	0.00329	0.01007
97	0.00786	0.00565	0.00747	0.00892	0.00935	0.00525	0.00596	0.00901	0.01245	0.01653	0.03659	0.74558	0.06523	0.02012	0.00823	0.00261	0.00373	0.01821	0.00600	0.00525
98	0.75279	0.01276	0.01019	0.00893	0.01302	0.01466	0.00736	0.05736	0.01227	0.04950	0.00982	0.01109	0.00747	0.00615	0.00420	0.00200	0.00513	0.00371	0.00425	0.00733
99	0.01559	0.01736	0.09433	0.03569	0.55473	0.01548	0.13117	0.02003	0.01470	0.02098	0.01225	0.01601	0.00998	0.00574	0.00657	0.00197	0.00837	0.00597	0.00317	0.00993
100	0.01399	0.01392	0.01950	0.01676	0.01680	0.01943	0.01395	0.01543	0.00991	0.01553	0.00875	0.01448	0.00872	0.01244	0.04335	0.00306	0.73841	0.00569	0.00285	0.00703
101	0.02899	0.01100	0.01499	0.01150	0.01649	0.00950	0.00950	0.03149	0.01849	0.73709	0.02549	0.02199	0.01599	0.00800	0.00650	0.00200	0.00550	0.00650	0.00800	0.01100
102	0.01559	0.01648	0.03270	0.03290	0.35249	0.01589	0.39477	0.02030	0.01501	0.02089	0.01265	0.01677	0.01000	0.00559	0.00706	0.00206	0.00943	0.00677	0.00324	0.00941
103	0.01474	0.05038	0.59649	0.01862	0.04490	0.01488	0.06077	0.02143	0.01419	0.08552	0.01289	0.01458	0.00904	0.00624	0.00621	0.00203	0.00914	0.00508	0.00325	0.00962
104	0.01861	0.01937	0.04632	0.01578	0.05432	0.21350	0.01205	0.04793	0.40578	0.04184	0.01966	0.01928	0.01498	0.00798	0.00684	0.00204	0.03289	0.00616	0.00528	0.00939
105	0.63706	0.01535	0.01180	0.03129	0.03661	0.12093	0.00862	0.03710	0.01270	0.02679	0.00947	0.01114	0.00743	0.00614	0.00447	0.00195	0.00620	0.00378	0.00391	0.00727
106	0.01599	0.01535	0.02623	0.03966	0.73262	0.01535	0.01983	0.01983	0.01471	0.02111	0.01215	0.01599	0.01023	0.00576	0.00640	0.00192	0.00768	0.00576	0.00320	0.01023
107	0.01348	0.01174	0.01448	0.01034	0.01612	0.00895	0.03828	0.01646	0.01348	0.02104	0.01155	0.01357	0.00958	0.00481	0.00491	0.00101	0.00505	0.00399	0.00380	0.77733
108	0.00912	0.00616	0.00718	0.00743	0.00754	0.00608	0.00435	0.00942	0.01021	0.01367	0.04625	0.17070	0.02811	0.61520	0.02771	0.00548	0.00571	0.01105	0.00439	0.00422
109	0.00932	0.00672	0.00825	0.00779	0.00960	0.00602	0.00587	0.01196	0.01732	0.04455	0.52645	0.05131	0.24311	0.01392	0.00759	0.00207	0.00318	0.01207	0.00683	0.00607
110	0.00823	0.00590	0.00789	0.00935	0.00992	0.00556	0.00660	0.00962	0.01278	0.01692	0.03612	0.65369	0.05814	0.01981	0.00833	0.00266	0.00405	0.11308	0.00599	0.00535
111	0.02414	0.03079	0.01831	0.01665	0.01998	0.74698	0.01248	0.02580	0.01831	0.01581	0.00999	0.01165	0.00832	0.00666	0.00583	0.00166	0.01165	0.00416	0.00333	0.00749
112	0.00828	0.00579	0.00738	0.00848	0.00875	0.00552	0.00544	0.00910	0.01158	0.01544	0.03155	0.57506	0.03761	0.22089	0.01482	0.00359	0.00442	0.01598	0.00544	0.00489
113	0.02456	0.01810	0.01939	0.01487	0.02004	0.02004	0.01228	0.71107	0.03038	0.04072	0.01551	0.01551	0.01099	0.00776	0.00646	0.00194	0.00711	0.00582	0.00646	0.01099
114	0.02899	0.01100	0.01499	0.01150	0.01649	0.00950	0.00950	0.03149	0.01849	0.73709	0.02549	0.02199	0.01599	0.00800	0.00650	0.00200	0.00550	0.00650	0.00800	0.01100
115	0.01340	0.01148	0.01340	0.00957	0.01531	0.00861	0.00766	0.01627	0.01340	0.02105	0.01148	0.01340	0.00957	0.00479	0.00479	0.00096	0.00479	0.00383	0.00383	0.81242
116	0.00943	0.00631	0.00717	0.00723	0.00728	0.00631	0.00415	0.00954	0.00960	0.01278	0.02087	0.04341	0.02400	0.74510	0.03200	0.00614	0.00625	0.03444	0.00399	0.00399
117	0.00764	0.00655	0.00655	0.00655	0.00873	0.00545	0.00491	0.00927	0.01473	0.01745	0.06546	0.06218	0.73000	0.01636	0.00764	0.00218	0.00327	0.01364	0.00600	0.00545
118	0.01314	0.01121	0.01312	0.00954	0.01503	0.00846	0.00758	0.01593	0.01335	0.02084	0.01262	0.04885	0.01113	0.00551	0.00495	0.00104	0.00474	0.00451	0.00393	0.77453
119	0.01581	0.01616	0.03310	0.02413	0.02954	0.01593	0.54627	0.02045	0.01490	0.06897	0.04030	0.01848	0.01198	0.00666	0.00928	0.00224	0.10609	0.00745	0.00368	0.00856
120	0.00935	0.00632	0.00731	0.00723	0.00748	0.00624	0.00428	0.00986	0.01087	0.01474	0.13763	0.04327	0.02969	0.64724	0.02871	0.00556	0.00573	0.00977	0.00444	0.00428
121	0.00940	0.00626	0.00705	0.00705	0.00705	0.00626	0.00392	0.00940	0.00940	0.01253	0.02036	0.04228	0.02349	0.77292	0.03289	0.00626	0.00626	0.00940	0.00392	0.00392
122	0.01579	0.01518	0.02574	0.06192	0.68095	0.01550	0.01953	0.01955	0.01446	0.02073	0.01198	0.01596	0.01011	0.00601	0.00701	0.00196	0.03869	0.00575	0.00317	0.01001
123	0.04355	0.33947	0.02556	0.01328	0.01856	0.03967	0.04398	0.26352	0.02002	0.11454	0.01354	0.01398	0.01023	0.00665	0.00545	0.00172	0.00706	0.00488	0.00478	0.00954
124	0.02643	0.01120	0.01575	0.01197	0.01699	0.00964	0.04208	0.02911	0.01791	0.62168	0.04587	0.02189	0.01658	0.00777	0.00644	0.00192	0.00562	0.00649	0.00740	0.07725
125	0.00797	0.00570	0.00759	0.00893	0.00939	0.00531	0.00601	0.00924	0.01283	0.01722	0.08933	0.71291	0.04415	0.01970	0.00820	0.00258	0.00369	0.01785	0.00608	0.00531
126	0.01533	0.02530	0.46041	0.01981	0.12063	0.01383	0.03857	0.02169	0.03699	0.11269	0.06096	0.01773	0.01333	0.00685	0.00637	0.00203	0.00825	0.00574	0.00389	0.00960
127	0.01456	0.05428	0.13825	0.14801	0.09650	0.01615	0.39725	0.01982	0.01447	0.01974	0.01231	0.01637	0.00933	0.00575	0.00694	0.00209	0.00984	0.00652	0.00309	0.00870
128	0.01143	0.00737	0.00940	0.00860	0.01055	0.00696	0.00655	0.01529	0.05789	0.08843	0.59152	0.04336	0.05242	0.01221	0.00731	0.00201	0.00338	0.01069	0.04787	0.00676
129	0.00787	0.00562	0.00750	0.00900	0.00937	0.00525	0.00600	0.00900	0.01237	0.01649	0.03561	0.76871	0.04274	0.02024	0.00825	0.00262	0.00375	0.01837	0.00600	0.00525
130	0.01340	0.01148	0.01340	0.00957	0.01531	0.00861	0.00766	0.01627	0.01340	0.02105	0.01148	0.01340	0.00957	0.00479	0.00479	0.00096	0.00479	0.00383	0.00383	0.81242
131	0.00933	0.00689	0.01024	0.01024	0.01140	0.00801	0.00796	0.01166	0.01049	0.01531	0.01743	0.02534	0.01617	0.04707	0.72213	0.01008	0.01682	0.00689	0.03077	0.00578
132	0.02064	0.01257	0.01456	0.01237	0.01645	0.01330	0.00982	0.03255	0.43713	0.29064	0.04900	0.02411	0.01969	0.00863	0.00658	0.00211	0.00519	0.00715	0.00712	0.01038
133	0.01631	0.01437	0.01472	0.01325	0.01689	0.03739	0.01029	0.03409	0.70045	0.02670	0.02582	0.02374	0.01939	0.00870	0.00655	0.00218	0.00530	0.00721	0.00648	0.01015
134	0.01033	0.00855	0.01157	0.01096	0.01206	0.01003	0.00874	0.01242	0.01250	0.01758	0.12220	0.03645	0.13581	0.04788	0.24632	0.00510	0.18950	0.07020	0.02577	0.00604
135	0.00871	0.00659	0.00803	0.00767	0.00938	0.00591	0.00575	0.01135	0.01726	0.02346	0.53700	0.05230	0.25470	0.01412	0.00763	0.00208	0.00311	0.01225	0.00679	0.00591
136	0.00776	0.00655	0.00671	0.00667	0.00880	0.00551	0.00500	0.00951	0.01501	0.01813	0.11833	0.06107	0.67670	0.01611	0.00764	0.00217	0.00325	0.01348	0.00609	0.00551
137	0.17744	0.01154	0.01412	0.01106	0.01587	0.01083	0.00913	0.05418	0.01752	0.57816	0.02202	0.01959	0.01412	0.00761	0.00603	0.00200	0.00546	0.00591	0.00719	0.01024
138	0.02414	0.03079	0.01831	0.01665	0.01998	0.74698	0.01248	0.02580	0.01831	0.01581	0.00999	0.01165	0.00832	0.00666	0.00583	0.00166	0.01165	0.00416	0.00333	0.00749
139	0.01296	0.03342	0.73944	0.01842	0.02797	0.01501	0.02387	0.02046	0.01364	0.02046	0.01160	0.01364	0.00818	0.00614	0.00614	0.00205	0.00955	0.00477	0.00273	0.00955
140	0.02390	0.01736	0.01872	0.01455	0.01956	0.01918	0.01195	0.61327	0.09938	0.06975	0.01703	0.01666	0.01209	0.00787	0.00648	0.00197	0.00684	0.00600	0.00654	0.01091
141	0.01296	0.03342	0.73944	0.01842	0.02797	0.01501	0.02387	0.02046	0.01364	0.02046	0.01160	0.01364	0.00818	0.00614	0.00614	0.00205	0.00955	0.00477	0.00273	0.00955
142	0.02899	0.01100	0.01499	0.01150	0.01649	0.00950	0.00950	0.03149	0.01849	0.73709	0.02549	0.02199	0.01599	0.00800	0.00650	0.00200	0.00550	0.00650	0.00800	0.01100
143	0.02377	0.01777	0.22609	0.01415	0.02053	0.01138	0.04244	0.02785	0.01695	0.49975	0.02095	0.01938	0.01347	0.00735	0.00644	0.00202	0.00690	0.00604	0.00627	0.01048
144	0.02709	0.01404	0.01688	0.01294	0.01802	0.01402	0.01069	0.32319	0.02360	0.43818	0.02121	0.01921	0.01385	0.00789	0.00648	0.00197	0.00619	0.00621	0.00734	0.01099
145	0.00926	0.00681	0.00982	0.00982	0.01078	0.00777	0.00737	0.01118	0.01022	0.01458	0.01782	0.02824	0.01739	0.17083	0.62664	0.00969	0.01544	0.00734	0.00354	0.00546
146	0.02576	0.01005	0.01328	0.01045	0.01479	0.00883	0.00855	0.02836	0.01755	0.60120	0.02465	0.02239	0.01610	0.00791	0.00612	0.00191	0.00502	0.00641	0.16062	0.01005
147	0.01360	0.12789	0.62848	0.01810	0.04706	0.01637	0.02212	0.02030	0.01361	0.01981	0.01128	0.01329	0.00826	0.00605	0.00589	0.00196	0.00916	0.00463	0.00275	0.00941
148	0.05606	0.01532	0.01743	0.01341	0.01847	0.01602	0.01108	0.43960	0.02536	0.29176	0.01887	0.01766	0.01265	0.00778	0.00638	0.00196	0.00645	0.00598	0.00692	0.01084
149	0.00939	0.00629	0.00716	0.00716	0.00720	0.00633	0.00406	0.00947	0.00943	0.01261	0.02026	0.04171	0.02324	0.74836	0.05711	0.00640	0.00664	0.00931	0.00390	0.00398
150	0.62081	0.01435	0.04605	0.01282	0.04576	0.01498	0.09816	0.04278	0.01247	0.02763	0.00998	0.01192	0.00768	0.00598	0.00474	0.00202	0.00613	0.00425	0.00390	0.00760
151	0.00807	0.00578	0.00768	0.00886	0.00942	0.00538	0.00601	0.00950	0.01330	0.01797	0.14404	0.65608	0.04559	0.01914	0.00815	0.00253	0.00364	0.01732	0.00617	0.00538
152	0.03795	0.23760	0.10052	0.01499	0.08292	0.01768	0.01255	0.10051	0.14435	0.04710	0.01440	0.01519	0.01127	0.00644	0.00545	0.00168	0.00654	0.00494	0.00429	0.13366

[dist]
# distance from previous block
# <min> <max>
0	2

[block]
# block no. 3 follows, 34 sequences, length 17
# corresponding to MSA columns:
# 347-363
name=unknown_D
#
# <colnr> <probs for GDERKNQSTAVLIFYWHMCP>
#	G	D	E	R	K	N	Q	S	T	A	V	L	I	F	Y	W	H	M	C	P
0	0.02070	0.35411	0.08397	0.01444	0.08221	0.01786	0.01232	0.04037	0.01550	0.25353	0.01513	0.01517	0.01109	0.00644	0.00536	0.00169	0.00667	0.00484	0.00464	0.03395
1	0.01796	0.01734	0.02221	0.07816	0.32577	0.12380	0.04401	0.09722	0.09032	0.03802	0.01373	0.01626	0.01090	0.00681	0.00722	0.00197	0.05155	0.00573	0.00400	0.02704
2	0.01557	0.28187	0.16676	0.07097	0.05369	0.01898	0.01426	0.02437	0.24897	0.02056	0.01560	0.01637	0.01219	0.00681	0.00563	0.00187	0.00700	0.00528	0.00405	0.00919
3	0.01727	0.77681	0.03386	0.01106	0.01658	0.02557	0.01106	0.01935	0.01313	0.01520	0.00898	0.01036	0.00829	0.00553	0.00415	0.00138	0.00691	0.00345	0.00276	0.00829
4	0.00787	0.00562	0.00750	0.00900	0.00937	0.00525	0.00600	0.00900	0.01237	0.01649	0.03561	0.76871	0.04274	0.02024	0.00825	0.00262	0.00375	0.01837	0.00600	0.00525
5	0.01397	0.01826	0.28824	0.01437	0.03725	0.01089	0.04725	0.01908	0.03389	0.12296	0.26435	0.05374	0.02926	0.00937	0.00687	0.00206	0.00642	0.00812	0.00524	0.00840
6	0.05305	0.01334	0.01605	0.01250	0.01741	0.01324	0.01028	0.22823	0.07794	0.45477	0.02211	0.01990	0.01454	0.00792	0.00641	0.00200	0.00592	0.00627	0.00731	0.01080
7	0.00772	0.00655	0.00666	0.00663	0.00878	0.00549	0.00497	0.00943	0.01492	0.01791	0.10112	0.06144	0.69405	0.01619	0.00764	0.00217	0.00326	0.01353	0.00606	0.00549
8	0.06823	0.01107	0.01472	0.01135	0.01630	0.00975	0.00937	0.03087	0.01812	0.70190	0.02467	0.02142	0.01555	0.00790	0.00637	0.00200	0.00547	0.00635	0.00780	0.01080
9	0.01651	0.01572	0.02717	0.07204	0.52443	0.03513	0.13709	0.02053	0.01499	0.05477	0.01285	0.01647	0.01030	0.00587	0.00660	0.00197	0.00828	0.00607	0.00343	0.00978
10	0.01599	0.01655	0.10780	0.08747	0.04081	0.01759	0.05805	0.07769	0.01352	0.07546	0.01146	0.01535	0.00939	0.00916	0.01435	0.00246	0.40935	0.00576	0.00357	0.00821
