[name]
unknown

[dist]
# distance from previous block
# <min> <max>
17	60

[block]
# block no. 0 follows, 33 sequences, length 55
# corresponding to MSA columns:
# 65-119
name=unknown_A
#
# <colnr> <probs for GDERKNQSTAVLIFYWHMCP>
#	G	D	E	R	K	N	Q	S	T	A	V	L	I	F	Y	W	H	M	C	P
0	0.14509	0.01588	0.01713	0.01755	0.13309	0.09721	0.01202	0.10588	0.13992	0.06813	0.01591	0.03990	0.01284	0.00912	0.02846	0.00230	0.07887	0.00597	0.00480	0.04989
1	0.08043	0.02154	0.01761	0.01628	0.06180	0.30502	0.01200	0.20403	0.10885	0.02583	0.03638	0.01651	0.01273	0.00946	0.04089	0.00231	0.00906	0.00551	0.00482	0.00893
2	0.01719	0.01273	0.01323	0.01131	0.01483	0.09687	0.00890	0.09101	0.03736	0.14532	0.10769	0.07713	0.06528	0.01317	0.06567	0.00259	0.00675	0.03961	0.02404	0.14934
3	0.01119	0.00761	0.00913	0.00835	0.01068	0.00685	0.00638	0.01444	0.04745	0.09133	0.39140	0.04913	0.27076	0.01355	0.00753	0.00209	0.00356	0.01162	0.00684	0.03011
4	0.01563	0.01239	0.01916	0.43372	0.13080	0.01408	0.01597	0.07869	0.03549	0.09523	0.01599	0.07573	0.01302	0.00792	0.00672	0.00216	0.00769	0.00698	0.00419	0.00843
5	0.05703	0.19548	0.16240	0.01917	0.02516	0.08895	0.25604	0.02054	0.01441	0.01928	0.01181	0.03173	0.00974	0.00657	0.00716	0.00200	0.05498	0.00582	0.00319	0.00854
6	0.00947	0.00645	0.00772	0.00794	0.00816	0.00652	0.00492	0.00995	0.01023	0.01373	0.02260	0.10919	0.02574	0.59392	0.09681	0.00627	0.00719	0.04457	0.00425	0.00440
7	0.01151	0.01242	0.07829	0.08446	0.01927	0.05232	0.09237	0.01470	0.01238	0.01673	0.01817	0.06160	0.03714	0.05188	0.39862	0.00676	0.01353	0.00755	0.00360	0.00672
8	0.00826	0.00660	0.00732	0.00739	0.00920	0.00575	0.00546	0.01015	0.01534	0.01935	0.19894	0.12617	0.47916	0.04456	0.00883	0.00241	0.00351	0.02970	0.00627	0.00563
9	0.01523	0.16179	0.25026	0.01657	0.08464	0.05306	0.03041	0.02113	0.08807	0.05415	0.08336	0.02240	0.07571	0.00802	0.00625	0.00195	0.00738	0.00650	0.00423	0.00889
10	0.00879	0.00712	0.01048	0.01038	0.01176	0.00653	0.07290	0.01051	0.01352	0.01769	0.06691	0.51027	0.17349	0.03597	0.00879	0.00261	0.00446	0.01623	0.00584	0.00573
11	0.07670	0.39877	0.11753	0.01540	0.08452	0.06576	0.01352	0.02047	0.01382	0.04904	0.01066	0.01247	0.00893	0.00626	0.00592	0.00170	0.05051	0.00424	0.00326	0.04054
12	0.01602	0.24097	0.46718	0.01596	0.02409	0.01780	0.01922	0.02161	0.01423	0.08770	0.01242	0.01377	0.00914	0.00626	0.00571	0.00189	0.00857	0.00465	0.00331	0.00951
13	0.01512	0.01140	0.01353	0.01002	0.01531	0.00904	0.00800	0.04494	0.01518	0.08885	0.06892	0.03516	0.01528	0.00634	0.00541	0.00124	0.00488	0.00521	0.00472	0.62146
14	0.01429	0.01425	0.02014	0.05952	0.01889	0.01985	0.01463	0.01590	0.01026	0.01590	0.00882	0.01458	0.00865	0.01124	0.02074	0.00284	0.71364	0.00577	0.00288	0.00721
15	0.04746	0.01334	0.02048	0.39442	0.18596	0.01543	0.01679	0.07195	0.03551	0.06412	0.01317	0.01716	0.01004	0.00701	0.00750	0.00216	0.05930	0.00586	0.00375	0.00860
16	0.00896	0.00708	0.00812	0.00792	0.00983	0.00647	0.00591	0.01222	0.05908	0.02188	0.33440	0.10459	0.35931	0.01515	0.00775	0.00219	0.00339	0.01302	0.00662	0.00611
17	0.01104	0.00619	0.00925	0.03633	0.01039	0.00650	0.00651	0.00946	0.00913	0.01234	0.01295	0.02207	0.01281	0.06473	0.14410	0.60562	0.00784	0.00614	0.00303	0.00358
18	0.01577	0.01511	0.02578	0.13639	0.63566	0.01550	0.01995	0.01975	0.01474	0.02088	0.01229	0.01646	0.01021	0.00596	0.00653	0.00199	0.00795	0.00586	0.00321	0.01001
19	0.01381	0.01184	0.01372	0.00996	0.01569	0.00921	0.00795	0.01763	0.05397	0.02180	0.01257	0.01428	0.01034	0.00511	0.00498	0.00105	0.00489	0.00410	0.00406	0.76303
20	0.16033	0.11053	0.03630	0.08890	0.05484	0.30976	0.03744	0.03630	0.03532	0.05636	0.01166	0.01351	0.00918	0.00656	0.00564	0.00185	0.00895	0.00466	0.00377	0.00816
21	0.01418	0.19788	0.57924	0.01710	0.02592	0.01768	0.02143	0.02060	0.01378	0.01966	0.01122	0.01316	0.00836	0.00612	0.00580	0.00193	0.00913	0.00457	0.00279	0.00945
22	0.01184	0.00993	0.01134	0.01078	0.01238	0.05325	0.00823	0.02728	0.10048	0.01883	0.09264	0.03301	0.07678	0.12258	0.26717	0.00567	0.06296	0.03252	0.03582	0.00651
23	0.00821	0.00653	0.00737	0.00749	0.00924	0.00569	0.00549	0.01016	0.01554	0.01982	0.22971	0.17579	0.44266	0.01651	0.00788	0.00226	0.00336	0.01418	0.00640	0.00569
24	0.01866	0.01617	0.07828	0.01345	0.03365	0.05623	0.01118	0.26561	0.12574	0.06476	0.05605	0.02368	0.05036	0.05488	0.00806	0.00224	0.00642	0.00692	0.09847	0.00918
25	0.81514	0.01273	0.00968	0.00866	0.01273	0.01477	0.00713	0.01935	0.01120	0.02954	0.00917	0.01069	0.00713	0.00611	0.00407	0.00204	0.00509	0.00356	0.00407	0.00713
26	0.01463	0.02798	0.45985	0.02112	0.05475	0.04996	0.17756	0.02223	0.06885	0.02122	0.01326	0.01560	0.00971	0.00631	0.00663	0.00210	0.00972	0.00574	0.00326	0.00952
27	0.01575	0.00887	0.01108	0.00982	0.01264	0.00836	0.00760	0.02033	0.10780	0.22834	0.28302	0.11025	0.12404	0.01244	0.00736	0.00216	0.00420	0.01072	0.00718	0.00803
28	0.01046	0.00851	0.01005	0.01017	0.03978	0.02790	0.00721	0.01490	0.09323	0.02407	0.45239	0.09004	0.15920	0.01343	0.00759	0.00213	0.00385	0.01170	0.00667	0.00672
29	0.00809	0.00589	0.00763	0.00886	0.00951	0.00543	0.00601	0.00943	0.01328	0.01761	0.09006	0.64434	0.11015	0.01972	0.00830	0.00259	0.00372	0.01775	0.00620	0.00543
30	0.01485	0.15410	0.16196	0.10747	0.06317	0.04438	0.04019	0.05727	0.09585	0.02221	0.15266	0.02218	0.02062	0.00796	0.00635	0.00197	0.00721	0.00662	0.00440	0.00859
31	0.00793	0.00609	0.00727	0.00821	0.00930	0.00543	0.00569	0.00927	0.01352	0.01718	0.04789	0.49686	0.30354	0.01912	0.00817	0.00250	0.00363	0.01688	0.00611	0.00543
32	0.01627	0.01509	0.02443	0.17467	0.47535	0.01592	0.03753	0.07839	0.05624	0.02262	0.01339	0.01701	0.01072	0.00634	0.00658	0.00203	0.00790	0.00601	0.00367	0.00984
33	0.01570	0.01636	0.06543	0.23591	0.37741	0.03571	0.07729	0.05890	0.01548	0.02112	0.01237	0.01648	0.00980	0.00620	0.00661	0.00205	0.00855	0.00592	0.00334	0.00935
34	0.01761	0.55669	0.05607	0.01184	0.01751	0.06658	0.01139	0.04941	0.01452	0.01772	0.00997	0.01144	0.00875	0.00571	0.00460	0.00141	0.00713	0.00377	0.00317	0.12469
35	0.01028	0.00738	0.00895	0.00892	0.01070	0.00697	0.00665	0.01391	0.07761	0.05512	0.27751	0.22434	0.20409	0.01552	0.00784	0.00231	0.00378	0.04503	0.00665	0.00645
36	0.01561	0.01391	0.08363	0.04229	0.06789	0.01237	0.01146	0.04868	0.22850	0.10295	0.06519	0.04762	0.08533	0.01102	0.04131	0.00242	0.00629	0.00765	0.00558	0.10028
37	0.05414	0.09235	0.01963	0.01617	0.01977	0.65488	0.01239	0.02548	0.01793	0.01657	0.01005	0.01172	0.00843	0.00666	0.00572	0.00169	0.01121	0.00415	0.00337	0.00768
38	0.00891	0.00664	0.00828	0.00803	0.00962	0.00601	0.00596	0.01157	0.01744	0.02393	0.53884	0.10770	0.19345	0.01466	0.00782	0.00215	0.00321	0.01283	0.00693	0.00601
39	0.02469	0.01312	0.01636	0.11588	0.02098	0.04656	0.01123	0.15079	0.01946	0.41661	0.02025	0.01984	0.01357	0.00896	0.00806	0.06445	0.00665	0.00620	0.00650	0.00984
40	0.00824	0.00637	0.00752	0.00790	0.00934	0.00565	0.00567	0.01009	0.01510	0.01958	0.21824	0.29265	0.33568	0.01719	0.00798	0.00234	0.00344	0.01501	0.00639	0.00565
41	0.01478	0.05021	0.04216	0.37610	0.23583	0.03820	0.01759	0.03962	0.06265	0.01974	0.01353	0.01857	0.01086	0.00685	0.00650	0.00209	0.00818	0.02444	0.00348	0.00864
42	0.00839	0.00594	0.00781	0.00916	0.00958	0.00563	0.00620	0.00955	0.01244	0.01655	0.03439	0.63004	0.04086	0.10663	0.01135	0.00313	0.00428	0.06696	0.00586	0.00524
43	0.05272	0.01473	0.01628	0.03572	0.01823	0.01593	0.01077	0.39879	0.09439	0.10483	0.07197	0.05026	0.06714	0.00939	0.00673	0.00207	0.00614	0.00750	0.00654	0.00988
44	0.00869	0.00650	0.00867	0.00976	0.01013	0.00663	0.00676	0.00985	0.01230	0.01657	0.03315	0.64112	0.03947	0.06547	0.01098	0.00293	0.06231	0.03756	0.00573	0.00543
45	0.01013	0.00930	0.06212	0.00865	0.01123	0.00739	0.00728	0.05162	0.01681	0.02284	0.27180	0.08174	0.30933	0.01364	0.00731	0.00210	0.00395	0.01158	0.08473	0.00645
46	0.46008	0.01319	0.01113	0.00966	0.01336	0.04818	0.00780	0.14191	0.01567	0.02995	0.01310	0.01470	0.01006	0.00681	0.00473	0.00190	0.00535	0.00458	0.18016	0.00766
47	0.01447	0.03108	0.57066	0.01987	0.04969	0.06939	0.08148	0.02181	0.04234	0.02080	0.01244	0.01458	0.00903	0.00633	0.00639	0.00207	0.00977	0.00520	0.00304	0.00955
48	0.00885	0.00642	0.00764	0.00796	0.00935	0.00585	0.00578	0.01088	0.01504	0.02033	0.22919	0.23759	0.24877	0.04652	0.00876	0.00244	0.00362	0.04268	0.07664	0.00569
49	0.01574	0.01564	0.02568	0.20208	0.48377	0.04973	0.07231	0.01978	0.01479	0.02014	0.01219	0.01649	0.00992	0.00605	0.00660	0.00202	0.00849	0.00593	0.00319	0.00946
50	0.01016	0.00747	0.00931	0.00889	0.01057	0.00717	0.00662	0.05459	0.03734	0.02520	0.50498	0.16833	0.09538	0.01440	0.00777	0.00218	0.00355	0.01269	0.00693	0.00645
51	0.01485	0.01435	0.02482	0.21886	0.44497	0.01523	0.06962	0.01879	0.01427	0.01987	0.01308	0.04640	0.01122	0.00684	0.00731	0.00210	0.03844	0.00651	0.00328	0.00919
52	0.09485	0.01342	0.01396	0.01224	0.01581	0.06285	0.00971	0.13040	0.18350	0.12026	0.04212	0.09379	0.02012	0.01242	0.05152	0.00265	0.00664	0.05803	0.00597	0.04970
53	0.38951	0.01286	0.01285	0.09903	0.05421	0.04287	0.00963	0.08454	0.01436	0.02597	0.01570	0.08746	0.03884	0.00814	0.00543	0.00203	0.00587	0.00617	0.03614	0.04840
54	0.15622	0.01810	0.01551	0.01423	0.05032	0.21018	0.01063	0.12058	0.12845	0.10316	0.04705	0.02048	0.06127	0.00819	0.00613	0.00198	0.00723	0.00615	0.00533	0.00882

[dist]
# distance from previous block
# <min> <max>
1	10

[block]
# block no. 1 follows, 33 sequences, length 19
# corresponding to MSA columns:
# 130-148
name=unknown_B
#
# <colnr> <probs for GDERKNQSTAVLIFYWHMCP>
#	G	D	E	R	K	N	Q	S	T	A	V	L	I	F	Y	W	H	M	C	P
0	0.06756	0.01695	0.07471	0.12033	0.03740	0.09522	0.01293	0.18020	0.11193	0.04507	0.01826	0.12626	0.01602	0.00945	0.00721	0.00216	0.03700	0.00759	0.00501	0.00874
1	0.01632	0.01502	0.02408	0.09765	0.47076	0.01559	0.04923	0.07880	0.07737	0.02318	0.01523	0.02057	0.01278	0.00708	0.00675	0.00208	0.00768	0.04596	0.00398	0.00988
2	0.01438	0.01157	0.01655	0.27996	0.13951	0.03842	0.01327	0.04490	0.01469	0.07696	0.04788	0.07184	0.04902	0.08739	0.03350	0.00282	0.00745	0.00773	0.03456	0.00762
3	0.09468	0.01466	0.04976	0.07460	0.03925	0.01455	0.08402	0.20967	0.08588	0.04248	0.09755	0.02408	0.07657	0.00852	0.00659	0.00203	0.00654	0.00720	0.00536	0.05601
4	0.04501	0.06473	0.38470	0.09588	0.02453	0.05945	0.01753	0.01885	0.03245	0.01993	0.03907	0.06461	0.08925	0.00852	0.00642	0.00209	0.00809	0.00686	0.00367	0.00837
5	0.01490	0.05922	0.05389	0.18988	0.21290	0.01555	0.07144	0.02267	0.18709	0.02181	0.04195	0.01982	0.01433	0.00711	0.00650	0.00206	0.00734	0.00645	0.03599	0.00912
6	0.00867	0.00624	0.00790	0.00883	0.00943	0.00597	0.00589	0.01043	0.03616	0.01751	0.10387	0.53254	0.05953	0.13999	0.01231	0.00318	0.00419	0.01605	0.00590	0.00539
7	0.00921	0.00660	0.00788	0.00835	0.00899	0.00649	0.00549	0.01077	0.04015	0.01582	0.04683	0.27248	0.10202	0.35278	0.04636	0.00455	0.00554	0.03953	0.00512	0.00504
8	0.01561	0.02869	0.45450	0.01857	0.05627	0.12750	0.03728	0.04642	0.01513	0.02088	0.01227	0.01464	0.00922	0.00677	0.00705	0.00203	0.05340	0.00507	0.05963	0.00907
9	0.01549	0.01527	0.02281	0.23091	0.42197	0.07739	0.01825	0.01927	0.01482	0.01961	0.01383	0.02097	0.01204	0.00714	0.00669	0.00209	0.00829	0.06078	0.00341	0.00898
10	0.02300	0.01842	0.05246	0.01548	0.02074	0.04479	0.05315	0.49838	0.07110	0.07990	0.01850	0.01843	0.03837	0.00806	0.00667	0.00201	0.00738	0.00636	0.00619	0.01060
11	0.01889	0.01513	0.01611	0.01461	0.04409	0.04372	0.01107	0.11677	0.51845	0.08939	0.02420	0.02251	0.01787	0.00854	0.00664	0.00215	0.00584	0.00700	0.00656	0.01048
12	0.01101	0.03696	0.01044	0.00934	0.01088	0.00902	0.00678	0.03703	0.11172	0.01934	0.13589	0.11561	0.08710	0.24993	0.09130	0.00438	0.00640	0.03535	0.00534	0.00618
13	0.00805	0.00613	0.00742	0.00825	0.00935	0.00549	0.00575	0.00955	0.01393	0.01797	0.10651	0.46713	0.27337	0.01868	0.00814	0.00247	0.00359	0.01651	0.00621	0.00549
14	0.01040	0.00771	0.01088	0.01059	0.01193	0.00884	0.00815	0.05503	0.01177	0.01672	0.01777	0.02663	0.01674	0.10524	0.63883	0.00970	0.01607	0.00719	0.00376	0.00606
15	0.81514	0.01273	0.00968	0.00866	0.01273	0.01477	0.00713	0.01935	0.01120	0.02954	0.00917	0.01069	0.00713	0.00611	0.00407	0.00204	0.00509	0.00356	0.00407	0.00713
16	0.08834	0.17550	0.17390	0.07137	0.07791	0.04824	0.07522	0.10111	0.01590	0.02233	0.03854	0.01674	0.01178	0.04770	0.00737	0.00215	0.00803	0.00549	0.00371	0.00868
17	0.06621	0.23398	0.24620	0.01702	0.07886	0.10751	0.04892	0.02035	0.01438	0.01927	0.01327	0.01510	0.04072	0.00647	0.00561	0.00179	0.00834	0.00491	0.00322	0.04787
18	0.08150	0.03030	0.11498	0.02895	0.01893	0.01284	0.09702	0.06322	0.01451	0.07882	0.04891	0.07710	0.01751	0.01746	0.14935	0.01941	0.07318	0.04379	0.00442	0.00779

[dist]
# distance from previous block
# <min> <max>
1	47

[block]
# block no. 2 follows, 33 sequences, length 19
# corresponding to MSA columns:
# 196-214
name=unknown_C
#
# <colnr> <probs for GDERKNQSTAVLIFYWHMCP>
#	G	D	E	R	K	N	Q	S	T	A	V	L	I	F	Y	W	H	M	C	P
0	0.06262	0.00855	0.01022	0.00959	0.01169	0.00846	0.00723	0.01393	0.06025	0.02085	0.17599	0.20234	0.10228	0.03295	0.02626	0.03540	0.04926	0.03100	0.00549	0.12564
1	0.02054	0.02422	0.01655	0.01527	0.01793	0.50071	0.01146	0.06250	0.01759	0.01775	0.01579	0.16727	0.01587	0.01001	0.00750	0.00199	0.05819	0.00742	0.00411	0.00735
2	0.65101	0.06935	0.01280	0.00998	0.01382	0.05755	0.00830	0.01951	0.01170	0.02671	0.00918	0.01103	0.00742	0.00653	0.00552	0.00204	0.06268	0.00377	0.00385	0.00726
3	0.00802	0.00573	0.00764	0.00917	0.00955	0.00535	0.00611	0.00917	0.01260	0.01681	0.03628	0.76434	0.04354	0.02062	0.00840	0.00267	0.00382	0.01872	0.00611	0.00535
4	0.01836	0.01513	0.01601	0.01380	0.01788	0.01730	0.01090	0.18920	0.55822	0.03075	0.02427	0.02255	0.01805	0.00869	0.00667	0.00217	0.00568	0.00709	0.00667	0.01060
5	0.07710	0.01547	0.02562	0.10797	0.47064	0.01594	0.09821	0.06989	0.01574	0.02304	0.01243	0.01613	0.01001	0.00607	0.00649	0.00202	0.00805	0.00592	0.00354	0.00973
6	0.81514	0.01273	0.00968	0.00866	0.01273	0.01477	0.00713	0.01935	0.01120	0.02954	0.00917	0.01069	0.00713	0.00611	0.00407	0.00204	0.00509	0.00356	0.00407	0.00713
7	0.01363	0.13341	0.41498	0.01666	0.02398	0.01571	0.08666	0.02025	0.05949	0.02084	0.07722	0.02030	0.05389	0.00747	0.00636	0.00202	0.00826	0.00624	0.00366	0.00897
8	0.01440	0.01440	0.02016	0.01728	0.01728	0.02016	0.01440	0.01584	0.01008	0.01584	0.00864	0.01440	0.00864	0.01152	0.02160	0.00288	0.75659	0.00576	0.00288	0.00720
9	0.01321	0.01232	0.02044	0.38830	0.27830	0.01372	0.01709	0.01712	0.01411	0.01900	0.05601	0.02188	0.05368	0.00905	0.03677	0.00245	0.00817	0.00671	0.00350	0.00818
10	0.00957	0.00638	0.00718	0.00718	0.00718	0.00638	0.00399	0.00957	0.00957	0.01276	0.02074	0.04308	0.02393	0.76864	0.03351	0.00638	0.00638	0.00957	0.00399	0.00399
11	0.01365	0.01170	0.01365	0.00975	0.01560	0.00878	0.00780	0.01658	0.01365	0.02145	0.01170	0.01365	0.00975	0.00488	0.00488	0.00098	0.00488	0.00390	0.00390	0.80888
12	0.00957	0.00638	0.00718	0.00718	0.00718	0.00638	0.00399	0.00957	0.00957	0.01276	0.02074	0.04308	0.02393	0.76864	0.03351	0.00638	0.00638	0.00957	0.00399	0.00399
13	0.01629	0.01499	0.02134	0.41033	0.20127	0.05917	0.01739	0.13934	0.01705	0.02223	0.01249	0.01661	0.00958	0.00666	0.00653	0.00207	0.00846	0.00577	0.00368	0.00875
14	0.00921	0.00652	0.00769	0.00829	0.00968	0.00605	0.00623	0.01121	0.01420	0.01914	0.08398	0.22072	0.25645	0.05928	0.00916	0.00260	0.00406	0.13488	0.12501	0.00564
15	0.01595	0.01465	0.02335	0.17738	0.46150	0.01553	0.01819	0.07035	0.06654	0.02240	0.01440	0.01932	0.01190	0.00685	0.00665	0.00207	0.00771	0.03178	0.00379	0.00970
16	0.00828	0.00651	0.00748	0.00762	0.00930	0.00571	0.00557	0.01027	0.01561	0.02013	0.25419	0.19401	0.39893	0.01649	0.00790	0.00226	0.00336	0.01424	0.00645	0.00571
17	0.01444	0.01319	0.01426	0.03824	0.01708	0.06469	0.00857	0.01732	0.01401	0.02087	0.01159	0.01366	0.00962	0.00508	0.00502	0.00108	0.00555	0.00400	0.00383	0.71790
18	0.08045	0.01682	0.01932	0.09611	0.10188	0.07475	0.03579	0.31394	0.07273	0.03008	0.03475	0.01915	0.01328	0.00795	0.00691	0.00207	0.02757	0.03173	0.00518	0.00953

[dist]
# distance from previous block
# <min> <max>
0	4

[block]
# block no. 3 follows, 33 sequences, length 26
# corresponding to MSA columns:
# 219-244
name=unknown_D
#
# <colnr> <probs for GDERKNQSTAVLIFYWHMCP>
#	G	D	E	R	K	N	Q	S	T	A	V	L	I	F	Y	W	H	M	C	P
0	0.01554	0.01512	0.02457	0.23088	0.52037	0.04006	0.01943	0.01950	0.01462	0.02007	0.01212	0.01648	0.00992	0.00609	0.00651	0.00201	0.00821	0.00581	0.00317	0.00950
1	0.09676	0.02046	0.02080	0.02624	0.34096	0.27854	0.01517	0.02182	0.01595	0.02047	0.03821	0.01555	0.01147	0.00667	0.00639	0.00188	0.02466	0.00528	0.02397	0.00876
2	0.00964	0.00744	0.00872	0.00874	0.01065	0.00684	0.00663	0.05191	0.01601	0.02082	0.16682	0.21799	0.30926	0.01626	0.00790	0.00233	0.00399	0.08847	0.00626	0.03333
3	0.01011	0.00722	0.00893	0.00882	0.00950	0.00764	0.00600	0.03669	0.01172	0.01613	0.05433	0.13551	0.04934	0.38515	0.16660	0.00594	0.03753	0.01017	0.02753	0.00516
4	0.02306	0.01854	0.01858	0.01491	0.01967	0.07887	0.01206	0.50008	0.18276	0.03629	0.01780	0.01744	0.01296	0.00804	0.00656	0.00201	0.00717	0.00613	0.00635	0.01073
5	0.02405	0.01972	0.07854	0.01544	0.02108	0.01999	0.01348	0.64931	0.02955	0.03979	0.01548	0.01565	0.01096	0.00777	0.00656	0.00198	0.00745	0.00584	0.00627	0.01108
6	0.00779	0.00662	0.00672	0.00679	0.00892	0.00555	0.00506	0.00943	0.01489	0.01774	0.06520	0.09780	0.69142	0.01687	0.00781	0.00225	0.00336	0.01413	0.00611	0.00555
7	0.01722	0.14811	0.08101	0.05622	0.40893	0.07122	0.01740	0.04272	0.01556	0.04113	0.03234	0.01593	0.01138	0.00630	0.00610	0.00187	0.00796	0.00546	0.00350	0.00963
8	0.00957	0.00638	0.00718	0.00718	0.00718	0.00638	0.00399	0.00957	0.00957	0.01276	0.02074	0.04308	0.02393	0.76864	0.03351	0.00638	0.00638	0.00957	0.00399	0.00399
9	0.01364	0.03145	0.63440	0.02183	0.12739	0.01534	0.02374	0.02076	0.01405	0.02094	0.01189	0.01424	0.00863	0.00620	0.00629	0.00207	0.00946	0.00501	0.00285	0.00983
10	0.01336	0.01265	0.02142	0.58133	0.20957	0.01487	0.01875	0.01763	0.01360	0.01795	0.01187	0.01725	0.00917	0.00641	0.00657	0.00214	0.00855	0.00585	0.00301	0.00806
11	0.81514	0.01273	0.00968	0.00866	0.01273	0.01477	0.00713	0.01935	0.01120	0.02954	0.00917	0.01069	0.00713	0.00611	0.00407	0.00204	0.00509	0.00356	0.00407	0.00713
12	0.02449	0.01792	0.02015	0.01709	0.07843	0.01959	0.01303	0.62197	0.02915	0.06782	0.01594	0.01611	0.01134	0.00775	0.00658	0.00198	0.00723	0.00595	0.00638	0.01113
13	0.00918	0.00815	0.00794	0.00770	0.00982	0.04942	0.00578	0.01123	0.01618	0.01995	0.23648	0.05657	0.50786	0.01524	0.00767	0.00215	0.00378	0.01280	0.00625	0.00585
14	0.04053	0.08866	0.12088	0.10314	0.04959	0.03169	0.01420	0.26238	0.10015	0.05478	0.01558	0.01686	0.01159	0.00844	0.02682	0.00222	0.00768	0.00568	0.02949	0.00967
15	0.00991	0.00780	0.01155	0.01126	0.01232	0.00944	0.00886	0.01217	0.01053	0.01534	0.01672	0.02470	0.01566	0.04553	0.66926	0.00980	0.09275	0.00692	0.00346	0.00601
16	0.01344	0.03362	0.01255	0.03632	0.03485	0.01036	0.00836	0.08993	0.01337	0.05911	0.01741	0.02678	0.01634	0.21213	0.24050	0.07197	0.03935	0.00713	0.05009	0.00639
17	0.00841	0.00623	0.00791	0.00881	0.00982	0.00572	0.00630	0.01014	0.01427	0.01884	0.15718	0.45754	0.17104	0.01849	0.00824	0.00252	0.00380	0.07284	0.00630	0.00559
18	0.06056	0.01617	0.07147	0.13618	0.09676	0.01545	0.31182	0.03366	0.06546	0.02136	0.01550	0.02085	0.02481	0.02184	0.00804	0.00230	0.03193	0.03352	0.00373	0.00858
19	0.06380	0.00889	0.00939	0.00824	0.01089	0.00910	0.00649	0.11552	0.01670	0.11327	0.02049	0.02222	0.01542	0.00767	0.00510	0.00169	0.00409	0.00601	0.54749	0.00753
20	0.01649	0.04061	0.10373	0.01461	0.01915	0.01522	0.08192	0.15283	0.25631	0.04158	0.08781	0.02468	0.01998	0.08423	0.00943	0.00253	0.00671	0.00738	0.00555	0.00923
21	0.00833	0.00607	0.00763	0.00850	0.00926	0.00560	0.00576	0.00972	0.01350	0.01793	0.13842	0.49336	0.13730	0.09350	0.01072	0.00289	0.00391	0.01616	0.00606	0.00537
22	0.01471	0.02680	0.45766	0.02137	0.12788	0.01611	0.03638	0.07629	0.01519	0.02223	0.03050	0.01547	0.01035	0.00710	0.00813	0.00215	0.09338	0.00545	0.00330	0.00956
23	0.02039	0.01530	0.01613	0.03381	0.01821	0.07124	0.01063	0.27015	0.13258	0.11919	0.04816	0.08042	0.01752	0.00887	0.00654	0.00195	0.00637	0.00716	0.00610	0.10928
24	0.01086	0.00803	0.01117	0.08083	0.01511	0.00787	0.03876	0.02926	0.03416	0.06106	0.06435	0.37142	0.16515	0.01606	0.00791	0.00246	0.00487	0.05837	0.00588	0.00644
25	0.18423	0.08570	0.03999	0.01527	0.05007	0.15726	0.09081	0.09125	0.03790	0.02369	0.04223	0.04189	0.03284	0.00738	0.00585	0.00187	0.00758	0.00585	0.00425	0.07408

[dist]
# distance from previous block
# <min> <max>
1	22

[block]
# block no. 4 follows, 33 sequences, length 21
# corresponding to MSA columns:
# 267-287
name=unknown_E
#
# <colnr> <probs for GDERKNQSTAVLIFYWHMCP>
#	G	D	E	R	K	N	Q	S	T	A	V	L	I	F	Y	W	H	M	C	P
0	0.01302	0.01167	0.03018	0.02722	0.01500	0.03366	0.00845	0.03448	0.12319	0.02251	0.11558	0.06372	0.09940	0.01013	0.02481	0.00190	0.00524	0.00761	0.02581	0.32643
1	0.01020	0.00946	0.06068	0.00964	0.01209	0.00763	0.00801	0.05635	0.01632	0.02185	0.21836	0.20782	0.21751	0.01507	0.00772	0.00228	0.00438	0.06986	0.00611	0.03867
2	0.02330	0.01427	0.01704	0.01332	0.01803	0.01467	0.03447	0.33733	0.06247	0.25259	0.06431	0.02427	0.07531	0.00900	0.00681	0.00204	0.00619	0.00729	0.00697	0.01032
3	0.01529	0.01478	0.05604	0.06190	0.18607	0.05031	0.03901	0.09288	0.08021	0.02241	0.05183	0.02420	0.05614	0.08779	0.01076	0.00254	0.07580	0.00709	0.05657	0.00837
4	0.01198	0.00653	0.00725	0.04923	0.01012	0.00671	0.00563	0.01510	0.01396	0.02387	0.06592	0.02578	0.01930	0.00954	0.03254	0.00194	0.00394	0.00652	0.67793	0.00620
5	0.01649	0.06066	0.31321	0.11432	0.11430	0.01620	0.07344	0.10655	0.03399	0.06865	0.01364	0.01585	0.00995	0.00656	0.00642	0.00205	0.00866	0.00559	0.00382	0.00967
6	0.01642	0.01664	0.05434	0.11933	0.19575	0.05277	0.19319	0.07214	0.06112	0.04519	0.01683	0.01970	0.05019	0.00727	0.00772	0.00213	0.04938	0.00680	0.00399	0.00909
7	0.06368	0.09340	0.08907	0.08709	0.10208	0.06858	0.04623	0.09350	0.01543	0.03864	0.01245	0.01596	0.01020	0.02803	0.03588	0.04851	0.03814	0.00528	0.00375	0.10409
8	0.00912	0.00650	0.00758	0.00761	0.00829	0.00634	0.00489	0.00999	0.01161	0.01531	0.08991	0.08175	0.15793	0.45658	0.09439	0.00546	0.00650	0.01079	0.00472	0.00472
9	0.02012	0.01779	0.05822	0.01698	0.02186	0.06327	0.14674	0.31284	0.03467	0.07161	0.01653	0.06753	0.01341	0.02676	0.00831	0.00219	0.04937	0.00706	0.00525	0.03949
10	0.00879	0.00650	0.00821	0.00822	0.00963	0.00592	0.00600	0.01125	0.01675	0.02296	0.47116	0.20771	0.16149	0.01553	0.00791	0.00223	0.00330	0.01370	0.00682	0.00592
11	0.00889	0.00677	0.00852	0.00952	0.02964	0.00625	0.00680	0.01083	0.01460	0.01904	0.15683	0.27303	0.24046	0.05886	0.00956	0.00269	0.00417	0.12171	0.00610	0.00573
12	0.01038	0.00724	0.00978	0.05631	0.01242	0.00690	0.00714	0.01355	0.01829	0.05591	0.64848	0.04600	0.05673	0.01279	0.00764	0.00208	0.00358	0.01129	0.00701	0.00650
13	0.01365	0.01170	0.01365	0.00975	0.01560	0.00878	0.00780	0.01658	0.01365	0.02145	0.01170	0.01365	0.00975	0.00488	0.00488	0.00098	0.00488	0.00390	0.00390	0.80888
14	0.00852	0.00632	0.00808	0.02702	0.01036	0.00591	0.00624	0.01023	0.01417	0.01885	0.18674	0.42481	0.15265	0.06093	0.00958	0.00268	0.00391	0.03129	0.00615	0.00555
15	0.01823	0.73227	0.03348	0.01129	0.01689	0.02518	0.01118	0.02037	0.01367	0.05345	0.01004	0.01119	0.00886	0.00577	0.00435	0.00144	0.00696	0.00368	0.00310	0.00859
16	0.00932	0.00673	0.00880	0.00828	0.00984	0.00621	0.00621	0.01242	0.01863	0.02640	0.72410	0.04918	0.06212	0.01346	0.00776	0.00207	0.00311	0.01191	0.00725	0.00621
17	0.10347	0.05631	0.04390	0.01435	0.01932	0.01732	0.05594	0.34212	0.09484	0.11026	0.01686	0.01735	0.01228	0.01019	0.05357	0.00256	0.00762	0.00594	0.00577	0.01001
18	0.01442	0.01570	0.07142	0.14518	0.08083	0.08577	0.08044	0.01909	0.06150	0.02014	0.05233	0.05501	0.01534	0.00871	0.02541	0.00211	0.02710	0.02322	0.00398	0.19230
19	0.00873	0.00616	0.00856	0.00953	0.01017	0.00618	0.00676	0.01007	0.01226	0.01668	0.06454	0.48056	0.03578	0.02714	0.18351	0.05635	0.00726	0.03904	0.00534	0.00538
20	0.01639	0.01526	0.06139	0.04866	0.01882	0.06608	0.01033	0.08660	0.01602	0.06205	0.01279	0.01442	0.01002	0.00567	0.00540	0.00132	0.00619	0.00444	0.00424	0.53391

[dist]
# distance from previous block
# <min> <max>
0	1

[block]
# block no. 5 follows, 33 sequences, length 18
# corresponding to MSA columns:
# 289-306
name=unknown_F
#
# <colnr> <probs for GDERKNQSTAVLIFYWHMCP>
#	G	D	E	R	K	N	Q	S	T	A	V	L	I	F	Y	W	H	M	C	P
0	0.01694	0.12708	0.07161	0.02776	0.37239	0.06866	0.06298	0.07711	0.01632	0.02158	0.01595	0.01842	0.06095	0.00684	0.00631	0.00190	0.00797	0.00605	0.00366	0.00951
1	0.07871	0.01289	0.04317	0.01256	0.01771	0.01081	0.08474	0.01946	0.01436	0.14167	0.01670	0.05466	0.03203	0.00711	0.00657	0.00163	0.04358	0.00591	0.00465	0.39107
2	0.01460	0.01542	0.05780	0.20664	0.31479	0.07618	0.01650	0.01892	0.04022	0.02028	0.08609	0.02297	0.06608	0.00777	0.00669	0.00204	0.00763	0.00689	0.00388	0.00862
3	0.01512	0.01340	0.01484	0.01505	0.09373	0.05003	0.01043	0.05252	0.37020	0.02553	0.13796	0.02935	0.08425	0.00962	0.00681	0.00207	0.00540	0.00813	0.00605	0.04952
4	0.01611	0.01545	0.02638	0.07500	0.69445	0.01559	0.02011	0.02004	0.01490	0.02128	0.01235	0.01635	0.01035	0.00590	0.00652	0.00197	0.00787	0.00586	0.00324	0.01028
5	0.01604	0.01387	0.01606	0.07394	0.07962	0.01575	0.01167	0.07076	0.51609	0.02641	0.02618	0.02518	0.06142	0.00890	0.00673	0.00219	0.00572	0.00749	0.00606	0.00992
6	0.00922	0.00678	0.00866	0.00835	0.00999	0.00623	0.00637	0.01214	0.01793	0.02484	0.59270	0.05274	0.14333	0.01420	0.00786	0.00216	0.00335	0.06001	0.00702	0.00612
7	0.00911	0.00663	0.00857	0.00828	0.00976	0.00609	0.00614	0.01195	0.01785	0.02501	0.62228	0.11996	0.09503	0.01433	0.00783	0.00214	0.00319	0.01268	0.00708	0.00609
8	0.00802	0.00573	0.00764	0.00917	0.00955	0.00535	0.00611	0.00917	0.01260	0.01681	0.03628	0.76434	0.04354	0.02062	0.00840	0.00267	0.00382	0.01872	0.00611	0.00535
9	0.01643	0.01909	0.03687	0.02669	0.03303	0.08771	0.63599	0.02160	0.01584	0.02060	0.01301	0.01718	0.00984	0.00567	0.00759	0.00217	0.01117	0.00742	0.00334	0.00876
10	0.02503	0.01844	0.01976	0.01515	0.02042	0.02042	0.01251	0.70562	0.03095	0.04149	0.01581	0.01581	0.01120	0.00790	0.00659	0.00198	0.00724	0.00593	0.00659	0.01120
11	0.02010	0.01344	0.01446	0.01164	0.01604	0.08216	0.00917	0.05843	0.09741	0.24647	0.01901	0.02043	0.01437	0.06388	0.05084	0.00252	0.00680	0.00589	0.00564	0.24130
12	0.05332	0.01575	0.01795	0.01428	0.01869	0.07676	0.07015	0.25651	0.09754	0.18441	0.05425	0.02146	0.01626	0.06221	0.00853	0.00234	0.00703	0.00673	0.00614	0.00969
13	0.07340	0.01210	0.01470	0.01480	0.08518	0.01249	0.01093	0.17656	0.07158	0.06500	0.03831	0.07331	0.04966	0.01146	0.00716	0.00227	0.00598	0.20020	0.00579	0.06913
14	0.01475	0.01264	0.01225	0.01128	0.01371	0.12706	0.00855	0.10613	0.04165	0.05107	0.25295	0.20433	0.03642	0.01282	0.00732	0.00214	0.00557	0.03484	0.00612	0.03841
15	0.01566	0.01340	0.01979	0.23213	0.16126	0.03720	0.06193	0.05950	0.05069	0.07153	0.01719	0.02168	0.03886	0.00957	0.04517	0.00245	0.00808	0.03280	0.00419	0.09692
16	0.06779	0.01648	0.01967	0.01771	0.07981	0.10731	0.09781	0.18937	0.04491	0.04718	0.01722	0.08651	0.01539	0.00926	0.00799	0.00215	0.06892	0.05530	0.00489	0.04434
17	0.04041	0.01216	0.01619	0.10213	0.05880	0.03598	0.04297	0.01876	0.08640	0.06791	0.12566	0.04489	0.07078	0.01072	0.02801	0.00236	0.13518	0.00767	0.00482	0.08821

[dist]
# distance from previous block
# <min> <max>
0	27

[block]
# block no. 6 follows, 33 sequences, length 7
# corresponding to MSA columns:
# 334-340
name=unknown_G
#
# <colnr> <probs for GDERKNQSTAVLIFYWHMCP>
#	G	D	E	R	K	N	Q	S	T	A	V	L	I	F	Y	W	H	M	C	P
0	0.03965	0.01527	0.08187	0.01732	0.11629	0.04208	0.03447	0.12350	0.05121	0.17600	0.02138	0.08193	0.04609	0.01202	0.05631	0.00271	0.04045	0.02686	0.00539	0.00921
1	0.01804	0.08254	0.01632	0.01208	0.01590	0.05213	0.00969	0.25568	0.08331	0.06517	0.08999	0.10945	0.06203	0.03588	0.00754	0.00212	0.00599	0.00830	0.00589	0.06194
2	0.18221	0.06345	0.26976	0.01402	0.01992	0.04718	0.01458	0.03926	0.09677	0.05023	0.01368	0.01584	0.01064	0.03926	0.00757	0.00218	0.04418	0.00507	0.00397	0.06022
3	0.01656	0.25951	0.16887	0.01775	0.02354	0.06583	0.17129	0.04565	0.05092	0.01945	0.01178	0.01427	0.00950	0.00671	0.00766	0.00197	0.09129	0.00533	0.00331	0.00881
4	0.12212	0.39464	0.09008	0.03742	0.01880	0.08292	0.01214	0.04893	0.01496	0.10670	0.01189	0.01289	0.00935	0.00628	0.00500	0.00170	0.00734	0.00426	0.00383	0.00873
5	0.17389	0.01405	0.05320	0.01186	0.01620	0.01394	0.01005	0.15619	0.17010	0.16324	0.07937	0.02130	0.01788	0.00819	0.00608	0.00204	0.00557	0.00640	0.06107	0.00939
6	0.07864	0.01696	0.01815	0.01422	0.01922	0.01868	0.01167	0.52720	0.10561	0.09642	0.01743	0.01699	0.01234	0.00792	0.00643	0.00201	0.00673	0.00599	0.00656	0.01083

[dist]
# distance from previous block
# <min> <max>
0	1

[block]
# block no. 7 follows, 33 sequences, length 11
# corresponding to MSA columns:
# 342-352
name=unknown_H
#
# <colnr> <probs for GDERKNQSTAVLIFYWHMCP>
#	G	D	E	R	K	N	Q	S	T	A	V	L	I	F	Y	W	H	M	C	P
0	0.05732	0.01595	0.07021	0.01333	0.01753	0.01592	0.01126	0.35839	0.13178	0.03118	0.01953	0.07362	0.01684	0.10414	0.01003	0.00266	0.00663	0.02857	0.00582	0.00930
1	0.07216	0.00946	0.01085	0.01221	0.07198	0.05392	0.00793	0.01288	0.01214	0.01698	0.02404	0.20300	0.05032	0.24203	0.09823	0.00451	0.02917	0.05783	0.00452	0.00583
2	0.01733	0.01462	0.01542	0.01359	0.01748	0.01682	0.01065	0.10906	0.64004	0.02908	0.02558	0.02359	0.01911	0.00882	0.00669	0.00220	0.00543	0.00728	0.00669	0.01051
3	0.01530	0.01493	0.02545	0.17169	0.39295	0.01602	0.10548	0.02043	0.06806	0.02053	0.01316	0.01719	0.01064	0.00668	0.00799	0.00214	0.07234	0.00622	0.00344	0.00936
4	0.01327	0.01013	0.01508	0.21954	0.11867	0.01084	0.01238	0.01732	0.06783	0.08207	0.02478	0.19774	0.04848	0.04915	0.00864	0.00256	0.00635	0.08271	0.00496	0.00751
5	0.01703	0.01443	0.01586	0.07691	0.01992	0.01669	0.01133	0.11069	0.57664	0.02823	0.02424	0.02295	0.01810	0.00861	0.00668	0.00220	0.00575	0.00713	0.00636	0.01024
6	0.09927	0.01983	0.01865	0.09278	0.08344	0.26972	0.05833	0.07145	0.08651	0.03887	0.01734	0.01888	0.06471	0.00772	0.00662	0.00199	0.02534	0.00598	0.00426	0.00833
7	0.19724	0.05769	0.01959	0.03694	0.14339	0.10861	0.04239	0.16369	0.04689	0.05277	0.01293	0.01459	0.00999	0.00675	0.00614	0.00193	0.02515	0.00512	0.00446	0.04374
8	0.02209	0.01810	0.07270	0.01470	0.01973	0.01822	0.01264	0.56993	0.02745	0.03696	0.01796	0.10549	0.01486	0.00930	0.00678	0.00207	0.00702	0.00738	0.00624	0.01038
9	0.02031	0.01802	0.01720	0.03359	0.06383	0.17704	0.01207	0.20090	0.19053	0.07097	0.02004	0.05385	0.01661	0.00917	0.00676	0.00210	0.00750	0.06449	0.00564	0.00939
10	0.04111	0.06924	0.01917	0.01469	0.01872	0.17034	0.09641	0.09547	0.13351	0.05426	0.07246	0.02183	0.04703	0.01157	0.06947	0.00267	0.00853	0.00666	0.00491	0.04197

[dist]
# distance from previous block
# <min> <max>
5	54

[block]
# block no. 8 follows, 33 sequences, length 54
# corresponding to MSA columns:
# 422-475
name=unknown_I
#
# <colnr> <probs for GDERKNQSTAVLIFYWHMCP>
#	G	D	E	R	K	N	Q	S	T	A	V	L	I	F	Y	W	H	M	C	P
0	0.06655	0.12123	0.01848	0.01294	0.01718	0.15796	0.03682	0.14805	0.03978	0.08372	0.07160	0.05045	0.06430	0.00849	0.00613	0.00184	0.00703	0.00663	0.00507	0.07575
1	0.06124	0.01492	0.01622	0.01456	0.05260	0.12781	0.06121	0.10542	0.06387	0.13419	0.05954	0.14008	0.02010	0.00966	0.00662	0.00202	0.00667	0.00819	0.04536	0.04972
2	0.04323	0.09516	0.03676	0.01259	0.01712	0.08081	0.02773	0.18486	0.07670	0.07584	0.07199	0.04433	0.07362	0.00857	0.00622	0.00183	0.00640	0.00681	0.00536	0.12407
3	0.01874	0.22721	0.12163	0.01454	0.01968	0.19810	0.03349	0.11504	0.06094	0.02108	0.01436	0.03859	0.02638	0.02704	0.00650	0.00190	0.00837	0.00545	0.00397	0.03700
4	0.01624	0.01578	0.02751	0.03958	0.68241	0.01571	0.06473	0.02026	0.01503	0.02148	0.01244	0.01639	0.01040	0.00585	0.00660	0.00197	0.00803	0.00599	0.00326	0.01033
5	0.01615	0.01394	0.01516	0.01434	0.04319	0.01601	0.01079	0.03361	0.66278	0.02701	0.02657	0.02618	0.02043	0.00918	0.00678	0.00225	0.00534	0.03349	0.00655	0.01025
6	0.00932	0.00673	0.00880	0.00828	0.00984	0.00621	0.00621	0.01242	0.01863	0.02640	0.72410	0.04918	0.06212	0.01346	0.00776	0.00207	0.00311	0.01191	0.00725	0.00621
7	0.01683	0.01495	0.02005	0.04724	0.18979	0.03747	0.07392	0.06285	0.34073	0.04641	0.04644	0.02297	0.01755	0.00807	0.00681	0.00214	0.00674	0.02373	0.00539	0.00989
8	0.00793	0.00667	0.00688	0.00683	0.00898	0.00562	0.00512	0.00974	0.01536	0.01862	0.13037	0.06198	0.66070	0.01636	0.00778	0.00221	0.00331	0.01370	0.00622	0.00562
9	0.02418	0.06852	0.02044	0.01498	0.02006	0.08223	0.01237	0.57782	0.05442	0.03711	0.01530	0.01546	0.01112	0.00770	0.00638	0.00192	0.00755	0.00568	0.00607	0.01068
10	0.01070	0.00704	0.00924	0.00852	0.01031	0.00645	0.00645	0.01377	0.01865	0.07473	0.67629	0.04734	0.05898	0.01309	0.00769	0.00207	0.00328	0.01154	0.00731	0.00655
11	0.04274	0.39309	0.07748	0.06157	0.02043	0.15095	0.01286	0.08814	0.06117	0.01978	0.01147	0.01290	0.00944	0.00639	0.00521	0.00169	0.00805	0.00438	0.00358	0.00867
12	0.00809	0.00627	0.00739	0.00811	0.00941	0.00557	0.00578	0.00966	0.01416	0.01801	0.09864	0.38773	0.34008	0.01832	0.00811	0.00245	0.00363	0.03688	0.00619	0.00552
13	0.05584	0.01250	0.01420	0.01038	0.01605	0.01043	0.00837	0.09530	0.01567	0.04970	0.01255	0.01406	0.01002	0.00540	0.00509	0.00118	0.00518	0.00421	0.00437	0.64950
14	0.01708	0.01760	0.10459	0.08848	0.09595	0.06081	0.11500	0.07490	0.01525	0.08494	0.01332	0.01668	0.01040	0.00890	0.02831	0.00245	0.19469	0.00601	0.03593	0.00871
15	0.02409	0.01583	0.01769	0.01393	0.01871	0.01698	0.01136	0.47953	0.07418	0.17229	0.01999	0.07136	0.01511	0.00893	0.00673	0.00206	0.00654	0.00708	0.00686	0.01072
16	0.81514	0.01273	0.00968	0.00866	0.01273	0.01477	0.00713	0.01935	0.01120	0.02954	0.00917	0.01069	0.00713	0.00611	0.00407	0.00204	0.00509	0.00356	0.00407	0.00713
17	0.00949	0.00671	0.00885	0.00885	0.00943	0.00729	0.00607	0.01065	0.01007	0.01400	0.01922	0.03462	0.02026	0.41534	0.38179	0.00844	0.01191	0.00834	0.00376	0.00492
18	0.01359	0.00912	0.01106	0.01018	0.01263	0.00924	0.00806	0.03612	0.13710	0.10674	0.28566	0.04314	0.11427	0.01247	0.00783	0.00222	0.02777	0.09238	0.05287	0.00757
19	0.00879	0.00744	0.00950	0.00892	0.01117	0.00655	0.05128	0.01103	0.01550	0.01946	0.16062	0.09446	0.47876	0.01579	0.00793	0.00230	0.00408	0.07443	0.00610	0.00591
20	0.81514	0.01273	0.00968	0.00866	0.01273	0.01477	0.00713	0.01935	0.01120	0.02954	0.00917	0.01069	0.00713	0.00611	0.00407	0.00204	0.00509	0.00356	0.00407	0.00713
21	0.01380	0.13456	0.63927	0.01774	0.02691	0.01675	0.02255	0.02069	0.01383	0.02012	0.01145	0.01344	0.00835	0.00617	0.00598	0.00199	0.00936	0.00468	0.00278	0.00955
22	0.01150	0.03419	0.04002	0.01021	0.01285	0.01009	0.00820	0.04193	0.19024	0.02246	0.16990	0.14514	0.19960	0.01575	0.05525	0.00277	0.00527	0.01119	0.00609	0.00734
23	0.00789	0.00667	0.00682	0.00678	0.00896	0.00560	0.00509	0.00966	0.01526	0.01840	0.11334	0.06235	0.67787	0.01644	0.00778	0.00221	0.00332	0.01375	0.00619	0.00560
24	0.01412	0.01226	0.01542	0.04859	0.04345	0.00995	0.03095	0.03956	0.01430	0.02187	0.01191	0.01414	0.00978	0.00512	0.00517	0.00114	0.00545	0.00426	0.00390	0.68865
25	0.00845	0.00661	0.00766	0.00759	0.00935	0.00581	0.00562	0.01068	0.01632	0.02134	0.34227	0.12381	0.37956	0.01569	0.00783	0.00220	0.00328	0.01351	0.00659	0.00581
26	0.01672	0.09637	0.02644	0.05243	0.34815	0.07054	0.11204	0.02243	0.11158	0.02081	0.01379	0.01666	0.01121	0.00660	0.00719	0.00201	0.04584	0.00598	0.00368	0.00953
27	0.00873	0.00657	0.00808	0.00798	0.00955	0.00592	0.00588	0.01119	0.01684	0.02280	0.45569	0.15209	0.23397	0.01530	0.00786	0.00219	0.00326	0.01337	0.00679	0.00592
28	0.02046	0.04929	0.04200	0.07375	0.08689	0.21825	0.02930	0.15823	0.01831	0.07492	0.01295	0.01577	0.01033	0.03083	0.00955	0.00218	0.12849	0.00550	0.00423	0.00879
29	0.00836	0.00645	0.00763	0.00785	0.00938	0.00572	0.00569	0.01037	0.01559	0.02040	0.27805	0.23993	0.32766	0.01662	0.00794	0.00229	0.00338	0.01448	0.00649	0.00572
30	0.01757	0.17284	0.08599	0.02214	0.11134	0.04525	0.26457	0.08844	0.06646	0.04225	0.01368	0.01602	0.01056	0.00625	0.00648	0.00196	0.00885	0.00608	0.00387	0.00940
31	0.01440	0.01440	0.02016	0.01728	0.01728	0.02016	0.01440	0.01584	0.01008	0.01584	0.00864	0.01440	0.00864	0.01152	0.02160	0.00288	0.75659	0.00576	0.00288	0.00720
32	0.00940	0.00705	0.01058	0.01058	0.01176	0.00823	0.00823	0.01176	0.01058	0.01528	0.01763	0.02586	0.01646	0.04937	0.74255	0.01058	0.01763	0.00705	0.00353	0.00588
33	0.01563	0.01496	0.02552	0.16354	0.60966	0.01547	0.01987	0.01962	0.01467	0.02070	0.01227	0.01651	0.01014	0.00599	0.00653	0.00200	0.00799	0.00586	0.00320	0.00989
34	0.01551	0.05354	0.41144	0.01655	0.02411	0.07857	0.04569	0.03799	0.01482	0.04820	0.01216	0.01410	0.00908	0.00627	0.00646	0.00184	0.03236	0.00482	0.00338	0.16312
35	0.00961	0.00676	0.00911	0.00911	0.00987	0.00744	0.00649	0.01113	0.01037	0.01482	0.01897	0.03213	0.01923	0.31168	0.44477	0.00858	0.01276	0.00793	0.04404	0.00520
36	0.04059	0.01191	0.01387	0.05439	0.01608	0.04089	0.00985	0.18241	0.03429	0.04553	0.01674	0.02209	0.01425	0.07866	0.24446	0.00509	0.06683	0.00649	0.08795	0.00762
37	0.01612	0.01490	0.01967	0.03915	0.01825	0.05506	0.01404	0.01776	0.01134	0.07604	0.01027	0.01504	0.00928	0.01085	0.01911	0.00273	0.63373	0.00576	0.00335	0.00756
38	0.01922	0.01434	0.01615	0.01212	0.01753	0.01362	0.00984	0.30616	0.02119	0.07246	0.01494	0.03524	0.01166	0.00676	0.00579	0.00150	0.00588	0.00531	0.00534	0.40493
39	0.02807	0.01151	0.01527	0.01194	0.01685	0.01035	0.00985	0.05551	0.05691	0.64730	0.02593	0.02391	0.01699	0.00849	0.00670	0.00208	0.00565	0.02772	0.00795	0.01100
40	0.78600	0.01294	0.01005	0.00890	0.01301	0.01498	0.00733	0.04467	0.01193	0.02998	0.00941	0.01088	0.00728	0.00618	0.00417	0.00203	0.00517	0.00365	0.00417	0.00728
41	0.00823	0.00604	0.00773	0.00867	0.00952	0.00554	0.00598	0.00981	0.01405	0.01873	0.16927	0.53848	0.13618	0.01876	0.00820	0.00250	0.00362	0.01681	0.00632	0.00554
42	0.00879	0.00746	0.00767	0.00748	0.00982	0.00674	0.00565	0.01233	0.08900	0.01937	0.10527	0.05835	0.60758	0.01565	0.00767	0.00221	0.00352	0.01309	0.00625	0.00611
43	0.01986	0.01022	0.01280	0.01082	0.01442	0.00975	0.00856	0.02562	0.15776	0.34990	0.18578	0.06887	0.07532	0.01068	0.00706	0.00213	0.00473	0.00906	0.00742	0.00926
44	0.01637	0.01414	0.01489	0.01340	0.01712	0.01637	0.01042	0.03498	0.71568	0.02754	0.02679	0.02456	0.02010	0.00893	0.00670	0.00223	0.00521	0.00744	0.00670	0.01042
45	0.00802	0.00573	0.00764	0.00917	0.00955	0.00535	0.00611	0.00917	0.01260	0.01681	0.03628	0.76434	0.04354	0.02062	0.00840	0.00267	0.00382	0.01872	0.00611	0.00535
46	0.01161	0.00802	0.01002	0.00908	0.01117	0.00772	0.00694	0.04922	0.06269	0.06588	0.58741	0.04493	0.07410	0.01270	0.00758	0.00208	0.00359	0.01110	0.00720	0.00698
47	0.01243	0.01170	0.01975	0.75282	0.04534	0.01463	0.01828	0.01682	0.01316	0.01682	0.01170	0.01755	0.00878	0.00658	0.00658	0.00219	0.00878	0.00585	0.00293	0.00731
48	0.00788	0.00667	0.00681	0.00677	0.00895	0.00560	0.00508	0.00964	0.01524	0.01835	0.10952	0.06243	0.68172	0.01646	0.00778	0.00221	0.00332	0.01376	0.00619	0.00560
49	0.01278	0.00663	0.00668	0.00650	0.00818	0.00671	0.00492	0.04299	0.01449	0.02522	0.02125	0.02419	0.01665	0.00768	0.00468	0.00155	0.00324	0.00613	0.77320	0.00634
50	0.01268	0.01196	0.02020	0.70640	0.08979	0.01469	0.01841	0.01704	0.01328	0.01713	0.01175	0.01747	0.00888	0.00654	0.00658	0.00218	0.00871	0.00585	0.00295	0.00752
51	0.00929	0.00676	0.00876	0.00834	0.00992	0.00623	0.00631	0.01232	0.01833	0.02573	0.66622	0.05079	0.09460	0.01379	0.00781	0.00211	0.00322	0.03616	0.00715	0.00617
52	0.35266	0.03449	0.07638	0.01358	0.04355	0.12804	0.01131	0.06979	0.01489	0.09355	0.01179	0.01326	0.00898	0.00696	0.00659	0.00201	0.07133	0.00453	0.00426	0.03205
53	0.31237	0.09919	0.01792	0.01299	0.01754	0.12492	0.03622	0.21459	0.06062	0.02897	0.01240	0.01339	0.00950	0.00681	0.00537	0.00192	0.00714	0.00472	0.00468	0.00875

[dist]
# distance from previous block
# <min> <max>
1	6

[block]
# block no. 9 follows, 33 sequences, length 22
# corresponding to MSA columns:
# 484-505
name=unknown_J
#
# <colnr> <probs for GDERKNQSTAVLIFYWHMCP>
#	G	D	E	R	K	N	Q	S	T	A	V	L	I	F	Y	W	H	M	C	P
