[name]
unknown

[dist]
# distance from previous block
# <min> <max>
0	2

[block]
# block no. 0 follows, 31 sequences, length 135
# corresponding to MSA columns:
# 2-136
name=unknown_A
#
# <colnr> <probs for GDERKNQSTAVLIFYWHMCP>
#	G	D	E	R	K	N	Q	S	T	A	V	L	I	F	Y	W	H	M	C	P
0	0.18858	0.00886	0.01046	0.01145	0.01349	0.00928	0.00970	0.01498	0.01454	0.02242	0.03043	0.13814	0.03290	0.01638	0.00821	0.00288	0.00581	0.44919	0.00584	0.00646
1	0.00834	0.00595	0.00794	0.00953	0.00992	0.00556	0.00635	0.00953	0.01310	0.01746	0.03771	0.75510	0.04525	0.02143	0.00873	0.00278	0.00397	0.01945	0.00635	0.00556
2	0.02601	0.01916	0.02053	0.01574	0.02122	0.02122	0.01300	0.69408	0.03217	0.04312	0.01643	0.01643	0.01163	0.00821	0.00684	0.00205	0.00753	0.00616	0.00684	0.01163
3	0.00863	0.00701	0.00768	0.00769	0.00980	0.00607	0.00588	0.01077	0.01637	0.02045	0.19819	0.06366	0.53232	0.01676	0.00818	0.00234	0.00362	0.06203	0.00659	0.00595
4	0.01399	0.03350	0.64778	0.02054	0.03030	0.01605	0.09972	0.02169	0.01463	0.02169	0.01245	0.01489	0.00886	0.00642	0.00668	0.00218	0.01027	0.00539	0.00295	0.01001
5	0.01603	0.01810	0.03837	0.02772	0.03393	0.01768	0.62248	0.02135	0.01557	0.02135	0.01334	0.01810	0.01024	0.00640	0.00955	0.00238	0.08710	0.00786	0.00341	0.00905
6	0.01439	0.01366	0.02317	0.48689	0.29189	0.01559	0.01973	0.01876	0.01437	0.01926	0.01242	0.01776	0.00975	0.00657	0.00682	0.00219	0.00876	0.00609	0.00317	0.00878
7	0.00977	0.00733	0.01100	0.01100	0.01222	0.00855	0.00855	0.01222	0.01100	0.01588	0.01833	0.02688	0.01710	0.05131	0.73245	0.01100	0.01833	0.00733	0.00367	0.00611
8	0.02558	0.03180	0.01946	0.01751	0.02115	0.68944	0.01321	0.06733	0.02015	0.01833	0.01093	0.01258	0.00898	0.00712	0.00621	0.00178	0.01205	0.00451	0.00372	0.00815
9	0.00809	0.00693	0.00693	0.00693	0.00924	0.00578	0.00520	0.00982	0.01559	0.01848	0.06931	0.06584	0.71411	0.01733	0.00809	0.00231	0.00347	0.01444	0.00635	0.00578
10	0.01209	0.00646	0.00646	0.00646	0.00815	0.00629	0.00484	0.01507	0.01452	0.02451	0.02900	0.03124	0.11663	0.00930	0.00525	0.00170	0.00323	0.00752	0.68499	0.00629
11	0.00834	0.00595	0.00794	0.00953	0.00992	0.00556	0.00635	0.00953	0.01310	0.01746	0.03771	0.75510	0.04525	0.02143	0.00873	0.00278	0.00397	0.01945	0.00635	0.00556
12	0.01075	0.00779	0.01065	0.01208	0.01372	0.00768	0.01049	0.01377	0.01573	0.02029	0.03928	0.07612	0.10174	0.01875	0.00932	0.00307	0.00604	0.61017	0.00630	0.00625
13	0.03026	0.01234	0.01631	0.01250	0.01781	0.01109	0.01033	0.09441	0.02074	0.65891	0.02601	0.02265	0.01645	0.00844	0.00688	0.00211	0.00598	0.00681	0.00832	0.01164
14	0.01372	0.03539	0.72412	0.01950	0.02961	0.01589	0.02528	0.02167	0.01444	0.02167	0.01228	0.01444	0.00867	0.00650	0.00650	0.00217	0.01011	0.00506	0.00289	0.01011
15	0.01429	0.01349	0.02252	0.50378	0.24818	0.01559	0.01929	0.01926	0.04050	0.01937	0.01297	0.01812	0.01009	0.00671	0.00682	0.00221	0.00868	0.00615	0.00329	0.00870
16	0.01449	0.01426	0.02003	0.01732	0.01743	0.01981	0.01437	0.01607	0.01053	0.01641	0.00984	0.01607	0.00973	0.01561	0.08808	0.00373	0.67969	0.00611	0.00306	0.00736
17	0.01419	0.01216	0.01419	0.01013	0.01621	0.00912	0.00811	0.01723	0.01419	0.02229	0.01216	0.01419	0.01013	0.00507	0.00507	0.00101	0.00507	0.00405	0.00405	0.80139
18	0.01697	0.01699	0.02562	0.17255	0.52571	0.08222	0.01990	0.02091	0.01557	0.02091	0.01252	0.01676	0.01032	0.00632	0.00673	0.00205	0.00870	0.00594	0.00333	0.00996
19	0.01188	0.00594	0.00891	0.00891	0.00891	0.00594	0.00594	0.00891	0.00891	0.01188	0.01188	0.02080	0.01188	0.02377	0.02674	0.80095	0.00594	0.00594	0.00297	0.00297
20	0.01701	0.01483	0.01656	0.01641	0.07973	0.01695	0.01173	0.03499	0.64348	0.02806	0.02652	0.02476	0.01999	0.00900	0.00694	0.00229	0.00565	0.00759	0.00664	0.01083
21	0.01615	0.01845	0.04037	0.02884	0.03576	0.01730	0.69204	0.02191	0.01615	0.02191	0.01384	0.01845	0.01038	0.00577	0.00807	0.00231	0.01153	0.00807	0.00346	0.00923
22	0.01296	0.00814	0.01112	0.01108	0.01282	0.00777	0.03340	0.01624	0.07815	0.12984	0.03420	0.54413	0.03720	0.01767	0.00825	0.00261	0.00468	0.01595	0.00663	0.00714
23	0.01453	0.12697	0.57289	0.01937	0.02864	0.01745	0.08517	0.02154	0.01453	0.02098	0.01207	0.01437	0.00884	0.00635	0.00638	0.00209	0.00988	0.00516	0.00295	0.00986
24	0.00834	0.00595	0.00794	0.00953	0.00992	0.00556	0.00635	0.00953	0.01310	0.01746	0.03771	0.75510	0.04525	0.02143	0.00873	0.00278	0.00397	0.01945	0.00635	0.00556
25	0.03070	0.01164	0.01588	0.01217	0.01746	0.01006	0.01006	0.03334	0.01958	0.72163	0.02699	0.02329	0.01694	0.00847	0.00688	0.00212	0.00582	0.00688	0.00847	0.01164
26	0.01515	0.01500	0.02721	0.32522	0.31431	0.01602	0.14788	0.01974	0.01491	0.02028	0.01276	0.01775	0.01005	0.00634	0.00705	0.00219	0.00918	0.00647	0.00326	0.00921
27	0.01188	0.00594	0.00891	0.00891	0.00891	0.00594	0.00594	0.00891	0.00891	0.01188	0.01188	0.02080	0.01188	0.02377	0.02674	0.80095	0.00594	0.00594	0.00297	0.00297
28	0.03070	0.01164	0.01588	0.01217	0.01746	0.01006	0.01006	0.03334	0.01958	0.72163	0.02699	0.02329	0.01694	0.00847	0.00688	0.00212	0.00582	0.00688	0.00847	0.01164
29	0.00977	0.00733	0.01100	0.01100	0.01222	0.00855	0.00855	0.01222	0.01100	0.01588	0.01833	0.02688	0.01710	0.05131	0.73245	0.01100	0.01833	0.00733	0.00367	0.00611
30	0.01424	0.07847	0.61492	0.01993	0.02947	0.01671	0.08970	0.02162	0.01458	0.02135	0.01226	0.01462	0.00884	0.00639	0.00652	0.00214	0.01008	0.00527	0.00295	0.00994
31	0.01848	0.01263	0.01431	0.01252	0.01629	0.01358	0.00982	0.03128	0.43377	0.17380	0.13236	0.03028	0.05028	0.01009	0.00715	0.00225	0.00510	0.00848	0.00734	0.01017
32	0.00974	0.00682	0.00880	0.00894	0.00943	0.00723	0.00596	0.01074	0.01062	0.01461	0.02187	0.10389	0.02392	0.43251	0.28736	0.00787	0.01066	0.00987	0.00417	0.00499
33	0.01604	0.01813	0.03857	0.02783	0.03411	0.01764	0.62946	0.02141	0.01562	0.02141	0.01339	0.01813	0.01025	0.00634	0.00940	0.00237	0.07952	0.00788	0.00342	0.00907
34	0.00840	0.00600	0.00802	0.00960	0.01003	0.00562	0.00647	0.00964	0.01317	0.01754	0.03767	0.73802	0.04510	0.02137	0.00875	0.00279	0.00403	0.03586	0.00635	0.00558
35	0.01653	0.05916	0.01663	0.01122	0.01718	0.01236	0.00919	0.13741	0.01736	0.02561	0.01275	0.01439	0.01032	0.00567	0.00534	0.00123	0.00564	0.00440	0.00448	0.61313
36	0.01936	0.01698	0.02546	0.03412	0.50961	0.01760	0.01855	0.20134	0.04107	0.02809	0.01428	0.01706	0.01136	0.00676	0.00680	0.00205	0.00788	0.00616	0.00442	0.01105
37	0.01051	0.00823	0.01051	0.07726	0.08189	0.00789	0.00815	0.01326	0.01589	0.02165	0.16808	0.04691	0.33931	0.01301	0.00726	0.00212	0.00434	0.01106	0.14602	0.00667
38	0.01419	0.01216	0.01419	0.01013	0.01621	0.00912	0.00811	0.01723	0.01419	0.02229	0.01216	0.01419	0.01013	0.00507	0.00507	0.00101	0.00507	0.00405	0.00405	0.80139
39	0.02601	0.01916	0.02053	0.01574	0.02122	0.02122	0.01300	0.69408	0.03217	0.04312	0.01643	0.01643	0.01163	0.00821	0.00684	0.00205	0.00753	0.00616	0.00684	0.01163
40	0.01615	0.01845	0.04037	0.02884	0.03576	0.01730	0.69204	0.02191	0.01615	0.02191	0.01384	0.01845	0.01038	0.00577	0.00807	0.00231	0.01153	0.00807	0.00346	0.00923
41	0.80789	0.01323	0.01006	0.00900	0.01323	0.01535	0.00741	0.02011	0.01164	0.03070	0.00953	0.01111	0.00741	0.00635	0.00423	0.00212	0.00529	0.00370	0.00423	0.00741
42	0.01828	0.01441	0.01551	0.01376	0.01776	0.01637	0.01076	0.03608	0.64122	0.09267	0.02777	0.02532	0.02052	0.00921	0.00695	0.00230	0.00545	0.00766	0.00710	0.01090
43	0.00826	0.00694	0.00718	0.00712	0.00935	0.00585	0.00534	0.01016	0.01601	0.01948	0.14114	0.06420	0.64166	0.01695	0.00808	0.00229	0.00344	0.01421	0.00648	0.00585
44	0.02601	0.01916	0.02053	0.01574	0.02122	0.02122	0.01300	0.69408	0.03217	0.04312	0.01643	0.01643	0.01163	0.00821	0.00684	0.00205	0.00753	0.00616	0.00684	0.01163
45	0.01292	0.01216	0.02052	0.74312	0.04712	0.01520	0.01900	0.01748	0.01368	0.01748	0.01216	0.01824	0.00912	0.00684	0.00684	0.00228	0.00912	0.00608	0.00304	0.00760
46	0.00865	0.00623	0.00825	0.00966	0.01031	0.00583	0.00674	0.01016	0.01380	0.01836	0.07774	0.62564	0.07123	0.02061	0.00874	0.00276	0.00412	0.07906	0.00641	0.00569
47	0.00834	0.00595	0.00794	0.00953	0.00992	0.00556	0.00635	0.00953	0.01310	0.01746	0.03771	0.75510	0.04525	0.02143	0.00873	0.00278	0.00397	0.01945	0.00635	0.00556
48	0.03000	0.01204	0.01603	0.01237	0.01762	0.01074	0.01019	0.05807	0.04607	0.67002	0.02663	0.02312	0.01689	0.00849	0.00688	0.00212	0.00587	0.00689	0.00835	0.01161
49	0.01576	0.01506	0.02566	0.24613	0.52188	0.01595	0.02042	0.01997	0.01503	0.02093	0.01266	0.01731	0.01034	0.00631	0.00679	0.00210	0.00842	0.00609	0.00329	0.00989
50	0.01669	0.01618	0.02814	0.07591	0.64448	0.01626	0.05960	0.02088	0.01552	0.02208	0.01289	0.01708	0.01073	0.00611	0.00685	0.00206	0.00837	0.00621	0.00337	0.01058
51	0.02273	0.21589	0.08895	0.01464	0.02054	0.02114	0.01344	0.36590	0.06116	0.08763	0.01569	0.01585	0.01153	0.00751	0.00618	0.00193	0.00746	0.00554	0.00558	0.01070
52	0.01174	0.01170	0.08029	0.01070	0.01370	0.00998	0.00906	0.01907	0.19208	0.02485	0.32701	0.04266	0.13843	0.06707	0.00959	0.00255	0.00474	0.01060	0.00651	0.00766
53	0.00979	0.00706	0.00972	0.00976	0.01055	0.00782	0.00700	0.01138	0.01070	0.01504	0.01994	0.05249	0.02049	0.29033	0.47680	0.00930	0.01398	0.00854	0.00390	0.00543
54	0.01087	0.00777	0.01085	0.01243	0.01394	0.00774	0.01076	0.01391	0.01560	0.02031	0.03631	0.11513	0.03970	0.01904	0.00941	0.00313	0.00617	0.63436	0.00630	0.00626
55	0.02493	0.03141	0.02000	0.01941	0.07204	0.67974	0.01379	0.02686	0.01911	0.01715	0.01074	0.01267	0.00896	0.00698	0.00621	0.00178	0.01203	0.00453	0.00351	0.00814
56	0.01899	0.01316	0.01386	0.01160	0.01521	0.01442	0.00927	0.29952	0.14626	0.03334	0.02088	0.02176	0.01570	0.00831	0.00603	0.00191	0.00538	0.00653	0.32852	0.00935
57	0.01678	0.01610	0.02749	0.06892	0.69117	0.01621	0.02092	0.02086	0.01551	0.02216	0.01284	0.01698	0.01077	0.00612	0.00678	0.00204	0.00817	0.00610	0.00337	0.01071
58	0.04644	0.18941	0.49689	0.01688	0.02550	0.01785	0.02056	0.02221	0.01460	0.07201	0.01265	0.01422	0.00925	0.00650	0.00599	0.00201	0.00901	0.00484	0.00336	0.00983
59	0.01644	0.01704	0.02036	0.01759	0.01824	0.11088	0.01444	0.03774	0.01227	0.01727	0.00976	0.01513	0.00935	0.01275	0.04719	0.00312	0.60378	0.00584	0.00320	0.00761
60	0.01372	0.03539	0.72412	0.01950	0.02961	0.01589	0.02528	0.02167	0.01444	0.02167	0.01228	0.01444	0.00867	0.00650	0.00650	0.00217	0.01011	0.00506	0.00289	0.01011
61	0.01655	0.01587	0.02708	0.10855	0.65331	0.01616	0.02081	0.02066	0.01540	0.02189	0.01280	0.01706	0.01067	0.00617	0.00678	0.00206	0.00822	0.00609	0.00335	0.01053
62	0.08752	0.42359	0.06766	0.01255	0.01825	0.02201	0.01198	0.14348	0.01764	0.09544	0.01310	0.01387	0.01027	0.00669	0.00521	0.00174	0.00707	0.00461	0.02783	0.00948
63	0.02853	0.01264	0.01616	0.01250	0.01757	0.01179	0.01028	0.14914	0.02165	0.55416	0.05105	0.02319	0.01782	0.00862	0.00686	0.00209	0.00595	0.00695	0.03178	0.01129
64	0.02362	0.02957	0.01809	0.01650	0.01992	0.63833	0.01239	0.02604	0.04456	0.01735	0.01665	0.01777	0.07445	0.00808	0.00638	0.00183	0.01126	0.00546	0.00391	0.00784
65	0.01264	0.01186	0.01974	0.70066	0.04493	0.01466	0.01820	0.01704	0.01379	0.01754	0.01546	0.02099	0.04979	0.00744	0.00691	0.00228	0.00879	0.00656	0.00323	0.00749
66	0.00841	0.00630	0.00782	0.00881	0.00979	0.00570	0.00608	0.00994	0.01435	0.01874	0.11487	0.51629	0.20866	0.01968	0.00851	0.00260	0.00377	0.01751	0.00647	0.00570
67	0.01292	0.01216	0.02052	0.74312	0.04712	0.01520	0.01900	0.01748	0.01368	0.01748	0.01216	0.01824	0.00912	0.00684	0.00684	0.00228	0.00912	0.00608	0.00304	0.00760
68	0.01735	0.01721	0.02509	0.10563	0.51903	0.08239	0.01909	0.02273	0.08275	0.02197	0.01404	0.01747	0.01146	0.00657	0.00674	0.00206	0.00835	0.00610	0.00371	0.01025
69	0.01444	0.01298	0.01761	0.01258	0.01877	0.01019	0.09758	0.01784	0.01444	0.02224	0.01238	0.01474	0.01017	0.00516	0.00546	0.00118	0.00591	0.00458	0.00398	0.69775
70	0.02347	0.02948	0.01798	0.01644	0.01978	0.64330	0.01234	0.02525	0.01879	0.01688	0.01624	0.01772	0.07425	0.00933	0.02810	0.00209	0.01170	0.00542	0.00379	0.00768
71	0.02556	0.03261	0.01939	0.01763	0.02115	0.73210	0.01322	0.02732	0.01939	0.01674	0.01058	0.01234	0.00881	0.00705	0.00617	0.00176	0.01234	0.00441	0.00353	0.00793
72	0.00979	0.00677	0.00873	0.00947	0.01051	0.00635	0.00668	0.02641	0.01506	0.04106	0.16626	0.49542	0.08503	0.04183	0.00931	0.00273	0.00411	0.04187	0.00658	0.00604
73	0.00834	0.00595	0.00794	0.00953	0.00992	0.00556	0.00635	0.00953	0.01310	0.01746	0.03771	0.75510	0.04525	0.02143	0.00873	0.00278	0.00397	0.01945	0.00635	0.00556
74	0.00968	0.00699	0.00914	0.00861	0.01022	0.00646	0.00646	0.01291	0.01937	0.02743	0.71328	0.05110	0.06455	0.01399	0.00807	0.00215	0.00323	0.01237	0.00753	0.00646
75	0.01336	0.01290	0.02201	0.61990	0.04343	0.01592	0.06784	0.01770	0.01355	0.01770	0.01197	0.01794	0.00920	0.00726	0.00846	0.00235	0.08152	0.00622	0.00307	0.00771
76	0.01379	0.01294	0.02179	0.47827	0.24627	0.01481	0.01868	0.01796	0.01421	0.01895	0.01424	0.07163	0.01227	0.00768	0.00696	0.00224	0.00844	0.00706	0.00339	0.00843
77	0.00833	0.00694	0.00726	0.00718	0.00939	0.00588	0.00539	0.01028	0.01616	0.01983	0.16597	0.06363	0.61661	0.01683	0.00808	0.00229	0.00343	0.01413	0.00653	0.00588
78	0.00833	0.00599	0.00790	0.00943	0.00990	0.00557	0.00631	0.00954	0.01319	0.01750	0.03888	0.72943	0.07016	0.02128	0.00871	0.00276	0.00395	0.01926	0.00635	0.00557
79	0.01596	0.01809	0.03922	0.07004	0.03641	0.01718	0.65322	0.02166	0.01601	0.02166	0.01374	0.01844	0.01031	0.00583	0.00800	0.00231	0.01139	0.00796	0.00344	0.00913
80	0.01372	0.03539	0.72412	0.01950	0.02961	0.01589	0.02528	0.02167	0.01444	0.02167	0.01228	0.01444	0.00867	0.00650	0.00650	0.00217	0.01011	0.00506	0.00289	0.01011
81	0.01188	0.00594	0.00891	0.00891	0.00891	0.00594	0.00594	0.00891	0.00891	0.01188	0.01188	0.02080	0.01188	0.02377	0.02674	0.80095	0.00594	0.00594	0.00297	0.00297
82	0.00992	0.00754	0.00857	0.00815	0.01037	0.00681	0.00617	0.01327	0.05580	0.04437	0.32312	0.05638	0.39406	0.01527	0.00798	0.00224	0.00355	0.01300	0.00692	0.00651
83	0.02596	0.02045	0.02042	0.01592	0.02121	0.08923	0.01302	0.63028	0.03094	0.04059	0.01587	0.01603	0.01136	0.00810	0.00678	0.00203	0.00799	0.00599	0.00653	0.01128
84	0.01615	0.01845	0.04037	0.02884	0.03576	0.01730	0.69204	0.02191	0.01615	0.02191	0.01384	0.01845	0.01038	0.00577	0.00807	0.00231	0.01153	0.00807	0.00346	0.00923
85	0.02601	0.01916	0.02053	0.01574	0.02122	0.02122	0.01300	0.69408	0.03217	0.04312	0.01643	0.01643	0.01163	0.00821	0.00684	0.00205	0.00753	0.00616	0.00684	0.01163
86	0.00857	0.00665	0.00711	0.00748	0.00928	0.00578	0.00543	0.01032	0.01490	0.01890	0.05767	0.22129	0.49526	0.01741	0.00793	0.00235	0.00356	0.01485	0.07948	0.00578
87	0.01188	0.00594	0.00891	0.00891	0.00891	0.00594	0.00594	0.00891	0.00891	0.01188	0.01188	0.02080	0.01188	0.02377	0.02674	0.80095	0.00594	0.00594	0.00297	0.00297
88	0.02556	0.03261	0.01939	0.01763	0.02115	0.73210	0.01322	0.02732	0.01939	0.01674	0.01058	0.01234	0.00881	0.00705	0.00617	0.00176	0.01234	0.00441	0.00353	0.00793
89	0.70615	0.01459	0.01132	0.05074	0.01571	0.06777	0.00848	0.02049	0.01232	0.02893	0.00975	0.01160	0.00761	0.00643	0.00452	0.00210	0.00602	0.00389	0.00412	0.00746
90	0.00811	0.00684	0.00702	0.00717	0.00930	0.00576	0.00530	0.00979	0.01536	0.01839	0.06639	0.12955	0.65229	0.01771	0.00815	0.00235	0.00351	0.01490	0.00635	0.00576
91	0.01419	0.01216	0.01419	0.01013	0.01621	0.00912	0.00811	0.01723	0.01419	0.02229	0.01216	0.01419	0.01013	0.00507	0.00507	0.00101	0.00507	0.00405	0.00405	0.80139
92	0.00870	0.00702	0.00779	0.00777	0.00985	0.00610	0.00594	0.01092	0.01656	0.02089	0.22968	0.06294	0.50055	0.01660	0.00818	0.00233	0.00361	0.06193	0.00665	0.00599
93	0.01920	0.01704	0.01657	0.01456	0.01858	0.09099	0.01145	0.14705	0.49257	0.02956	0.02444	0.02459	0.01877	0.00924	0.00696	0.00225	0.00652	0.03259	0.00656	0.01049
94	0.01949	0.01484	0.01642	0.01324	0.01776	0.01537	0.01054	0.37249	0.07391	0.03277	0.02041	0.15719	0.01839	0.01014	0.00684	0.00199	0.00618	0.00836	0.00617	0.17752
95	0.01391	0.01201	0.01432	0.01067	0.01598	0.00978	0.00851	0.01673	0.01385	0.02159	0.01340	0.05698	0.01207	0.00652	0.00655	0.00126	0.05928	0.00508	0.00411	0.69741
96	0.00819	0.00693	0.00708	0.00704	0.00931	0.00582	0.00528	0.01003	0.01585	0.01908	0.11243	0.06485	0.67062	0.01710	0.00808	0.00230	0.00345	0.01430	0.00643	0.00582
97	0.00845	0.00680	0.00757	0.00799	0.00980	0.00592	0.00594	0.01026	0.01531	0.01895	0.09893	0.20981	0.48602	0.01810	0.00832	0.00246	0.00376	0.06337	0.00642	0.00581
98	0.01615	0.01845	0.04037	0.02884	0.03576	0.01730	0.69204	0.02191	0.01615	0.02191	0.01384	0.01845	0.01038	0.00577	0.00807	0.00231	0.01153	0.00807	0.00346	0.00923
99	0.01694	0.54341	0.14927	0.06687	0.02177	0.02397	0.01470	0.02023	0.01378	0.01715	0.01014	0.01232	0.00880	0.00639	0.00596	0.00173	0.05059	0.00420	0.00293	0.00884
100	0.01702	0.01470	0.01547	0.01392	0.01779	0.01702	0.01083	0.03635	0.70453	0.02862	0.02785	0.02553	0.02088	0.00928	0.00696	0.00232	0.00541	0.00773	0.00696	0.01083
101	0.03070	0.01164	0.01588	0.01217	0.01746	0.01006	0.01006	0.03334	0.01958	0.72163	0.02699	0.02329	0.01694	0.00847	0.00688	0.00212	0.00582	0.00688	0.00847	0.01164
102	0.01613	0.01799	0.03774	0.02923	0.09737	0.01748	0.57907	0.02142	0.01567	0.02154	0.01339	0.01805	0.01032	0.00626	0.00904	0.00233	0.06656	0.00773	0.00342	0.00924
103	0.02743	0.01688	0.01912	0.01466	0.02008	0.01782	0.01211	0.49314	0.02834	0.24946	0.01964	0.01851	0.01325	0.00829	0.00685	0.00207	0.00701	0.00638	0.00734	0.01164
104	0.00905	0.00697	0.00827	0.00794	0.00983	0.00619	0.00596	0.01168	0.01787	0.02388	0.45762	0.05695	0.32243	0.01531	0.00808	0.00221	0.00332	0.01319	0.00706	0.00619
105	0.01188	0.00594	0.00891	0.00891	0.00891	0.00594	0.00594	0.00891	0.00891	0.01188	0.01188	0.02080	0.01188	0.02377	0.02674	0.80095	0.00594	0.00594	0.00297	0.00297
106	0.01486	0.01519	0.02000	0.01721	0.01825	0.08364	0.06427	0.01681	0.01199	0.01690	0.01283	0.07070	0.01280	0.01696	0.11296	0.00387	0.47286	0.00716	0.00341	0.00733
107	0.01374	0.01464	0.07336	0.55677	0.17330	0.01545	0.01984	0.01846	0.01410	0.01871	0.01230	0.01771	0.00941	0.00667	0.00680	0.00222	0.00900	0.00601	0.00309	0.00840
108	0.00811	0.00684	0.00702	0.00717	0.00930	0.00576	0.00530	0.00979	0.01536	0.01839	0.06639	0.12955	0.65229	0.01771	0.00815	0.00235	0.00351	0.01490	0.00635	0.00576
109	0.01419	0.01216	0.01419	0.01013	0.01621	0.00912	0.00811	0.01723	0.01419	0.02229	0.01216	0.01419	0.01013	0.00507	0.00507	0.00101	0.00507	0.00405	0.00405	0.80139
110	0.02554	0.08251	0.01817	0.01233	0.01785	0.01330	0.01032	0.13906	0.02010	0.40673	0.02072	0.01923	0.01397	0.00752	0.00629	0.00183	0.00610	0.00591	0.00682	0.16571
111	0.01420	0.03093	0.58658	0.07323	0.07265	0.01538	0.02349	0.02131	0.01465	0.04231	0.01446	0.01668	0.03025	0.00688	0.00660	0.00217	0.00959	0.00553	0.00320	0.00989
112	0.01226	0.01064	0.01473	0.01360	0.01410	0.01358	0.01086	0.01391	0.01116	0.01622	0.01705	0.03131	0.01778	0.16425	0.19566	0.00565	0.33669	0.09039	0.00379	0.00637
113	0.01292	0.01216	0.02052	0.74312	0.04712	0.01520	0.01900	0.01748	0.01368	0.01748	0.01216	0.01824	0.00912	0.00684	0.00684	0.00228	0.00912	0.00608	0.00304	0.00760
114	0.01372	0.03539	0.72412	0.01950	0.02961	0.01589	0.02528	0.02167	0.01444	0.02167	0.01228	0.01444	0.00867	0.00650	0.00650	0.00217	0.01011	0.00506	0.00289	0.01011
115	0.76215	0.01333	0.01068	0.00951	0.01350	0.01567	0.00785	0.01990	0.01158	0.02987	0.00949	0.01134	0.00750	0.00668	0.00528	0.00217	0.04808	0.00384	0.00416	0.00741
116	0.02289	0.09673	0.02112	0.01898	0.08826	0.54395	0.01350	0.02496	0.01789	0.01717	0.01127	0.01372	0.00961	0.01008	0.05919	0.00244	0.01190	0.00472	0.00347	0.00816
117	0.80789	0.01323	0.01006	0.00900	0.01323	0.01535	0.00741	0.02011	0.01164	0.03070	0.00953	0.01111	0.00741	0.00635	0.00423	0.00212	0.00529	0.00370	0.00423	0.00741
118	0.02430	0.01789	0.01912	0.01482	0.01995	0.01965	0.01219	0.62396	0.03043	0.04079	0.02047	0.02031	0.06319	0.00887	0.00687	0.00206	0.00710	0.00677	0.03021	0.01105
119	0.00983	0.00658	0.00750	0.00761	0.00764	0.00655	0.00431	0.00992	0.01018	0.01357	0.02274	0.09673	0.02636	0.70557	0.03291	0.00635	0.00644	0.01064	0.00431	0.00425
120	0.02517	0.01975	0.01999	0.01572	0.02090	0.07284	0.01282	0.58633	0.09152	0.03989	0.01702	0.01694	0.01226	0.00822	0.00681	0.00206	0.00769	0.00617	0.00661	0.01129
121	0.01320	0.00969	0.01363	0.01261	0.01418	0.01162	0.01005	0.01673	0.06242	0.08215	0.01808	0.02423	0.01585	0.03695	0.48017	0.00805	0.15186	0.00707	0.00423	0.00722
122	0.01641	0.01572	0.02682	0.13372	0.62926	0.01612	0.02074	0.02054	0.01533	0.02171	0.01278	0.01710	0.01061	0.00619	0.00678	0.00206	0.00826	0.00609	0.00334	0.01041
123	0.01188	0.00594	0.00891	0.00891	0.00891	0.00594	0.00594	0.00891	0.00891	0.01188	0.01188	0.02080	0.01188	0.02377	0.02674	0.80095	0.00594	0.00594	0.00297	0.00297
124	0.00824	0.00694	0.00715	0.00709	0.00934	0.00584	0.00532	0.01012	0.01596	0.01936	0.13233	0.06440	0.65054	0.01700	0.00808	0.00229	0.00344	0.01424	0.00647	0.00584
125	0.02215	0.01895	0.01695	0.01440	0.01863	0.18338	0.01133	0.20082	0.22517	0.11197	0.02460	0.02356	0.07928	0.00913	0.00684	0.00210	0.00745	0.00707	0.00625	0.00999
126	0.02192	0.02640	0.01898	0.01708	0.01976	0.49982	0.01316	0.02468	0.05655	0.01732	0.01171	0.01452	0.01004	0.01086	0.05318	0.00260	0.16480	0.00510	0.00362	0.00790
127	0.01001	0.00652	0.00742	0.00762	0.00782	0.00647	0.00448	0.01045	0.01075	0.01492	0.02365	0.13201	0.02675	0.59759	0.02878	0.00568	0.00598	0.01081	0.07776	0.00453
128	0.00831	0.00604	0.00785	0.00929	0.00986	0.00558	0.00624	0.00955	0.01333	0.01756	0.04063	0.69139	0.10707	0.02105	0.00867	0.00274	0.00392	0.01899	0.00635	0.00558
129	0.02677	0.01830	0.01924	0.01501	0.02025	0.07054	0.01228	0.47495	0.04850	0.19546	0.01875	0.01796	0.01291	0.00822	0.00681	0.00205	0.00743	0.00624	0.00697	0.01134
130	0.01617	0.01542	0.02592	0.17434	0.56258	0.01608	0.02023	0.02092	0.04167	0.02166	0.01331	0.01751	0.01090	0.00636	0.00679	0.00209	0.00821	0.00616	0.00346	0.01022
131	0.01093	0.00785	0.01090	0.01243	0.01402	0.00781	0.01085	0.01404	0.01574	0.02041	0.03723	0.07683	0.06000	0.01885	0.00941	0.00312	0.00621	0.65077	0.00630	0.00628
132	0.13753	0.57948	0.03037	0.01188	0.01726	0.09431	0.01121	0.02110	0.01410	0.01835	0.00962	0.01113	0.00858	0.00604	0.00454	0.00159	0.00750	0.00374	0.00318	0.00849
133	0.00879	0.00664	0.00812	0.00842	0.00984	0.00597	0.00606	0.01093	0.01626	0.02165	0.31062	0.28304	0.24404	0.01735	0.00829	0.00240	0.00354	0.01525	0.00681	0.00597
134	0.02514	0.09654	0.02105	0.01649	0.02072	0.48663	0.01293	0.17504	0.02173	0.04434	0.01228	0.01346	0.00969	0.00724	0.00618	0.00181	0.01060	0.00480	0.00436	0.00895

[dist]
# distance from previous block
# <min> <max>
0	3

[block]
# block no. 1 follows, 31 sequences, length 27
# corresponding to MSA columns:
# 140-166
name=unknown_B
#
# <colnr> <probs for GDERKNQSTAVLIFYWHMCP>
#	G	D	E	R	K	N	Q	S	T	A	V	L	I	F	Y	W	H	M	C	P
0	0.00896	0.00667	0.00851	0.00945	0.01060	0.00606	0.00676	0.01064	0.01416	0.01877	0.08156	0.50804	0.13805	0.01930	0.00849	0.00262	0.00415	0.08414	0.00630	0.04677
1	0.01681	0.54038	0.17473	0.01279	0.01911	0.02276	0.01383	0.02029	0.01406	0.01815	0.01132	0.01310	0.00960	0.00619	0.00486	0.00162	0.00749	0.00421	0.07987	0.00882
2	0.07676	0.09622	0.30157	0.06520	0.02590	0.04865	0.08009	0.03795	0.01471	0.06679	0.01246	0.01508	0.00943	0.00734	0.00855	0.00221	0.11291	0.00541	0.00356	0.00920
3	0.09151	0.13419	0.50530	0.01910	0.07854	0.01744	0.02131	0.02130	0.01418	0.02181	0.01167	0.01382	0.00873	0.00636	0.00600	0.00205	0.00910	0.00481	0.00306	0.00972
4	0.01047	0.00811	0.01122	0.01339	0.07991	0.00774	0.00895	0.01323	0.03844	0.01998	0.08433	0.42553	0.03911	0.01740	0.00833	0.00260	0.00489	0.14193	0.00601	0.05845
5	0.01275	0.01068	0.01293	0.03658	0.01584	0.00849	0.00808	0.01540	0.01391	0.02097	0.01824	0.19076	0.01846	0.00903	0.00600	0.00148	0.00495	0.00779	0.00456	0.58309
6	0.01693	0.01626	0.02777	0.04199	0.71689	0.01626	0.02100	0.02100	0.01558	0.02235	0.01287	0.01693	0.01084	0.00610	0.00677	0.00203	0.00813	0.00610	0.00339	0.01084
7	0.01670	0.01335	0.01626	0.01311	0.01745	0.01357	0.02985	0.02481	0.23810	0.09163	0.01998	0.02051	0.03489	0.00812	0.00848	0.00190	0.10972	0.00622	0.00533	0.31002
8	0.01496	0.01262	0.01460	0.01050	0.01654	0.00991	0.00843	0.06144	0.01536	0.02365	0.01244	0.01433	0.01023	0.00527	0.00518	0.00108	0.00523	0.00419	0.00424	0.74980
9	0.01693	0.01626	0.02777	0.04199	0.71689	0.01626	0.02100	0.02100	0.01558	0.02235	0.01287	0.01693	0.01084	0.00610	0.00677	0.00203	0.00813	0.00610	0.00339	0.01084
10	0.00926	0.00698	0.00856	0.00816	0.00996	0.00627	0.00612	0.01209	0.01837	0.02506	0.54249	0.05501	0.23682	0.01487	0.00807	0.00219	0.00329	0.01292	0.00722	0.00627
11	0.01188	0.00594	0.00891	0.00891	0.00891	0.00594	0.00594	0.00891	0.00891	0.01188	0.01188	0.02080	0.01188	0.02377	0.02674	0.80095	0.00594	0.00594	0.00297	0.00297
12	0.01683	0.01539	0.01522	0.01387	0.01733	0.08507	0.01074	0.03209	0.54067	0.02568	0.02483	0.02444	0.01918	0.01498	0.10889	0.00349	0.00790	0.00736	0.00617	0.00988
13	0.00995	0.00663	0.00746	0.00746	0.00746	0.00663	0.00415	0.00995	0.00995	0.01327	0.02156	0.04477	0.02487	0.75957	0.03482	0.00663	0.00663	0.00995	0.00415	0.00415
14	0.01436	0.13779	0.62735	0.01840	0.02792	0.01746	0.02337	0.02150	0.01437	0.02088	0.01189	0.01396	0.00868	0.00641	0.00620	0.00207	0.00972	0.00486	0.00289	0.00992
15	0.01392	0.06708	0.69416	0.01916	0.02909	0.01638	0.02469	0.02161	0.01442	0.02142	0.01216	0.01429	0.00867	0.00647	0.00641	0.00214	0.00999	0.00499	0.00289	0.01005
16	0.01292	0.01216	0.02052	0.74312	0.04712	0.01520	0.01900	0.01748	0.01368	0.01748	0.01216	0.01824	0.00912	0.00684	0.00684	0.00228	0.00912	0.00608	0.00304	0.00760
17	0.09509	0.11166	0.03520	0.01425	0.01832	0.13120	0.01190	0.16485	0.10200	0.08040	0.01556	0.01703	0.01216	0.01204	0.07523	0.00290	0.08034	0.00565	0.00497	0.00925
18	0.09341	0.03845	0.12667	0.01322	0.01786	0.01236	0.05573	0.06691	0.06086	0.14172	0.11989	0.09671	0.08356	0.01175	0.02841	0.00247	0.00659	0.00888	0.00582	0.00873
19	0.00832	0.00603	0.00786	0.00933	0.00987	0.00557	0.00626	0.00955	0.01329	0.01754	0.04011	0.70274	0.09606	0.02112	0.00868	0.00274	0.00393	0.01907	0.00635	0.00557
20	0.01693	0.01626	0.02777	0.04199	0.71689	0.01626	0.02100	0.02100	0.01558	0.02235	0.01287	0.01693	0.01084	0.00610	0.00677	0.00203	0.00813	0.00610	0.00339	0.01084
21	0.01739	0.09088	0.25097	0.06555	0.09511	0.01678	0.17243	0.07322	0.01684	0.09002	0.03604	0.01765	0.01207	0.00681	0.00682	0.00211	0.00910	0.00627	0.00406	0.00985
22	0.00966	0.00682	0.00881	0.00922	0.01000	0.00694	0.00651	0.01079	0.01185	0.01580	0.02947	0.15633	0.10399	0.26257	0.20311	0.05438	0.00877	0.07504	0.00476	0.00519
23	0.00894	0.00636	0.00761	0.00835	0.00886	0.00601	0.00532	0.00973	0.01221	0.01595	0.03578	0.37783	0.13125	0.31218	0.01894	0.00423	0.00495	0.01500	0.00548	0.00503
24	0.07521	0.01459	0.06931	0.03806	0.01883	0.01297	0.01137	0.17853	0.02094	0.34006	0.06130	0.02563	0.08417	0.00921	0.00685	0.00213	0.00626	0.00736	0.00695	0.01027
25	0.01748	0.09043	0.02788	0.10103	0.30064	0.10480	0.13431	0.02227	0.05902	0.02060	0.01311	0.01664	0.01068	0.00670	0.00749	0.00208	0.04568	0.00609	0.00354	0.00951
26	0.00943	0.00763	0.00978	0.01136	0.07819	0.00693	0.00733	0.01168	0.01607	0.02107	0.23259	0.21066	0.31966	0.01624	0.00810	0.00234	0.00396	0.01418	0.00639	0.00640

[dist]
# distance from previous block
# <min> <max>
2	4

[block]
# block no. 2 follows, 31 sequences, length 25
# corresponding to MSA columns:
# 171-195
name=unknown_C
#
# <colnr> <probs for GDERKNQSTAVLIFYWHMCP>
#	G	D	E	R	K	N	Q	S	T	A	V	L	I	F	Y	W	H	M	C	P
0	0.01792	0.09050	0.06616	0.09089	0.31851	0.15466	0.06520	0.02239	0.04706	0.02028	0.01293	0.01625	0.01059	0.00783	0.02838	0.00226	0.00948	0.00573	0.00349	0.00951
1	0.02049	0.54471	0.03104	0.01331	0.01863	0.17843	0.01214	0.07761	0.01659	0.01847	0.01031	0.01172	0.00902	0.00631	0.00498	0.00158	0.00842	0.00403	0.00338	0.00883
2	0.00833	0.00626	0.00773	0.00881	0.00976	0.00565	0.00605	0.00976	0.01403	0.01818	0.07657	0.54347	0.22052	0.02003	0.00853	0.00263	0.00380	0.01782	0.00640	0.00565
3	0.00995	0.00663	0.00746	0.00746	0.00746	0.00663	0.00415	0.00995	0.00995	0.01327	0.02156	0.04477	0.02487	0.75957	0.03482	0.00663	0.00663	0.00995	0.00415	0.00415
4	0.01702	0.01470	0.01547	0.01392	0.01779	0.01702	0.01083	0.03635	0.70453	0.02862	0.02785	0.02553	0.02088	0.00928	0.00696	0.00232	0.00541	0.00773	0.00696	0.01083
5	0.00847	0.00613	0.00801	0.00927	0.00992	0.00567	0.00630	0.00992	0.01393	0.01862	0.11417	0.63751	0.08602	0.02037	0.00862	0.00268	0.00386	0.01838	0.00648	0.00567
6	0.01871	0.72145	0.03490	0.01205	0.01777	0.06779	0.01179	0.02088	0.01422	0.01613	0.00957	0.01105	0.00878	0.00592	0.00449	0.00148	0.00761	0.00370	0.00296	0.00873
7	0.01372	0.03539	0.72412	0.01950	0.02961	0.01589	0.02528	0.02167	0.01444	0.02167	0.01228	0.01444	0.00867	0.00650	0.00650	0.00217	0.01011	0.00506	0.00289	0.01011
8	0.01891	0.01427	0.01553	0.01368	0.01775	0.01605	0.01072	0.03594	0.60976	0.12450	0.02773	0.02522	0.02034	0.00917	0.00695	0.00229	0.00547	0.00762	0.00717	0.01094
9	0.00977	0.00656	0.00751	0.00769	0.00773	0.00651	0.00439	0.00990	0.01030	0.01373	0.02334	0.12325	0.02712	0.67802	0.03194	0.00621	0.00634	0.01100	0.00439	0.00430
10	0.00833	0.00599	0.00790	0.00942	0.00990	0.00557	0.00630	0.00954	0.01320	0.01751	0.03897	0.72745	0.07208	0.02127	0.00871	0.00276	0.00395	0.01925	0.00635	0.00557
11	0.03005	0.01268	0.01652	0.01267	0.01798	0.01160	0.01046	0.12476	0.02132	0.62775	0.02553	0.02234	0.01620	0.00843	0.00687	0.00211	0.00606	0.00678	0.00824	0.01164
12	0.00977	0.00733	0.01100	0.01100	0.01222	0.00855	0.00855	0.01222	0.01100	0.01588	0.01833	0.02688	0.01710	0.05131	0.73245	0.01100	0.01833	0.00733	0.00367	0.00611
13	0.02475	0.11337	0.02121	0.01697	0.02075	0.65421	0.01305	0.02656	0.01878	0.01667	0.01046	0.01219	0.00881	0.00692	0.00597	0.00173	0.01178	0.00432	0.00346	0.00802
14	0.00834	0.00595	0.00794	0.00953	0.00992	0.00556	0.00635	0.00953	0.01310	0.01746	0.03771	0.75510	0.04525	0.02143	0.00873	0.00278	0.00397	0.01945	0.00635	0.00556
15	0.01419	0.01216	0.01419	0.01013	0.01621	0.00912	0.00811	0.01723	0.01419	0.02229	0.01216	0.01419	0.01013	0.00507	0.00507	0.00101	0.00507	0.00405	0.00405	0.80139
16	0.00866	0.00618	0.00831	0.00989	0.01043	0.00583	0.00691	0.01008	0.01342	0.01782	0.03753	0.67404	0.04455	0.02113	0.00882	0.00282	0.00425	0.09734	0.00634	0.00565
17	0.01750	0.65519	0.03163	0.01094	0.01619	0.02411	0.01071	0.01983	0.01396	0.01744	0.01135	0.01306	0.01003	0.00616	0.00445	0.00148	0.00672	0.00405	0.11676	0.00844
18	0.01169	0.01025	0.01149	0.01128	0.01260	0.09480	0.00848	0.01370	0.01185	0.01561	0.01786	0.02770	0.01722	0.14748	0.54567	0.00927	0.01593	0.00736	0.00372	0.00605
19	0.04972	0.04642	0.12229	0.01373	0.01976	0.01359	0.01279	0.13947	0.02043	0.45776	0.02186	0.02000	0.01423	0.00797	0.00664	0.00209	0.00678	0.00627	0.00703	0.01118
20	0.01615	0.01845	0.04037	0.02884	0.03576	0.01730	0.69204	0.02191	0.01615	0.02191	0.01384	0.01845	0.01038	0.00577	0.00807	0.00231	0.01153	0.00807	0.00346	0.00923
21	0.00977	0.00733	0.01100	0.01100	0.01222	0.00855	0.00855	0.01222	0.01100	0.01588	0.01833	0.02688	0.01710	0.05131	0.73245	0.01100	0.01833	0.00733	0.00367	0.00611
22	0.01423	0.11585	0.64808	0.01864	0.02828	0.01712	0.02378	0.02154	0.01438	0.02105	0.01197	0.01406	0.00868	0.00643	0.00627	0.00209	0.00980	0.00490	0.00289	0.00996
23	0.02113	0.01443	0.01770	0.01764	0.12287	0.01525	0.01220	0.11928	0.31362	0.19810	0.02575	0.02431	0.04861	0.00883	0.00695	0.00219	0.00611	0.00738	0.00675	0.01091
24	0.07276	0.01845	0.01818	0.01469	0.01931	0.09401	0.01182	0.47868	0.02691	0.06468	0.01816	0.09755	0.01501	0.00944	0.00682	0.00211	0.00744	0.00732	0.00634	0.01031

[dist]
# distance from previous block
# <min> <max>
0	1

[block]
# block no. 3 follows, 31 sequences, length 46
# corresponding to MSA columns:
# 197-242
name=unknown_D
#
# <colnr> <probs for GDERKNQSTAVLIFYWHMCP>
#	G	D	E	R	K	N	Q	S	T	A	V	L	I	F	Y	W	H	M	C	P
0	0.09661	0.10829	0.02528	0.07984	0.08630	0.03547	0.15946	0.18632	0.01871	0.02656	0.01360	0.01655	0.01064	0.00882	0.03772	0.00244	0.03388	0.00602	0.03821	0.00925
1	0.00931	0.00828	0.00802	0.00789	0.01014	0.04302	0.00596	0.01131	0.01638	0.01983	0.16502	0.06114	0.55899	0.01633	0.00802	0.00228	0.00396	0.03173	0.00639	0.00601
2	0.01614	0.01749	0.03619	0.14198	0.03682	0.01717	0.55013	0.05553	0.01657	0.02229	0.01370	0.01832	0.01024	0.00606	0.00781	0.00229	0.01094	0.00766	0.00357	0.00909
3	0.01485	0.01370	0.02206	0.49119	0.21062	0.01589	0.01875	0.05696	0.05045	0.02069	0.01337	0.01819	0.01029	0.00686	0.00683	0.00221	0.00860	0.00617	0.00354	0.00879
4	0.01435	0.05109	0.02201	0.45668	0.20233	0.01523	0.01797	0.01851	0.01465	0.03623	0.04860	0.02147	0.01358	0.00745	0.00686	0.00220	0.00831	0.03045	0.00359	0.00843
5	0.00853	0.00690	0.00763	0.00791	0.00986	0.00600	0.00598	0.01046	0.01566	0.01938	0.12368	0.15052	0.50994	0.01766	0.00828	0.00243	0.00376	0.07311	0.00646	0.00586
6	0.04150	0.10589	0.63219	0.01838	0.02787	0.01696	0.02333	0.02150	0.01429	0.02143	0.01191	0.01399	0.00863	0.00643	0.00622	0.00210	0.00967	0.00487	0.00294	0.00989
7	0.00952	0.00699	0.00892	0.00844	0.01012	0.00639	0.00633	0.01259	0.01898	0.02652	0.64731	0.05261	0.13109	0.01433	0.00807	0.00217	0.00325	0.01258	0.00741	0.00639
8	0.01784	0.00875	0.01126	0.00986	0.01296	0.00766	0.00765	0.02017	0.01764	0.31204	0.17952	0.15295	0.18622	0.01360	0.00768	0.00227	0.00447	0.01166	0.00747	0.00832
9	0.01758	0.01498	0.01579	0.01404	0.01801	0.01728	0.01097	0.07770	0.66226	0.02953	0.02713	0.02495	0.02030	0.00921	0.00695	0.00230	0.00555	0.00764	0.00695	0.01088
10	0.00968	0.00699	0.00914	0.00861	0.01022	0.00646	0.00646	0.01291	0.01937	0.02743	0.71328	0.05110	0.06455	0.01399	0.00807	0.00215	0.00323	0.01237	0.00753	0.00646
11	0.01102	0.00787	0.01102	0.01260	0.01417	0.00787	0.01102	0.01417	0.01575	0.02047	0.03622	0.07717	0.03937	0.01890	0.00945	0.00315	0.00630	0.67084	0.00630	0.00630
12	0.00834	0.00595	0.00794	0.00953	0.00992	0.00556	0.00635	0.00953	0.01310	0.01746	0.03771	0.75510	0.04525	0.02143	0.00873	0.00278	0.00397	0.01945	0.00635	0.00556
13	0.01275	0.00638	0.00638	0.00638	0.00797	0.00638	0.00478	0.01594	0.01435	0.02551	0.02232	0.02551	0.01754	0.00797	0.00478	0.00159	0.00319	0.00638	0.79755	0.00638
14	0.02616	0.01428	0.01677	0.01312	0.01797	0.01450	0.01074	0.32377	0.02444	0.33107	0.02223	0.04536	0.01561	0.00875	0.00673	0.00206	0.00627	0.00694	0.08230	0.01093
15	0.02556	0.03261	0.01939	0.01763	0.02115	0.73210	0.01322	0.02732	0.01939	0.01674	0.01058	0.01234	0.00881	0.00705	0.00617	0.00176	0.01234	0.00441	0.00353	0.00793
16	0.00881	0.00630	0.00845	0.00984	0.01050	0.00594	0.00697	0.01044	0.01401	0.01876	0.09914	0.60299	0.04625	0.02043	0.00876	0.00277	0.00420	0.10326	0.00645	0.00574
17	0.01816	0.49402	0.11470	0.01452	0.04700	0.05217	0.01372	0.05226	0.09842	0.01973	0.01254	0.01368	0.01043	0.00651	0.00523	0.00171	0.00767	0.00455	0.00362	0.00936
18	0.80789	0.01323	0.01006	0.00900	0.01323	0.01535	0.00741	0.02011	0.01164	0.03070	0.00953	0.01111	0.00741	0.00635	0.00423	0.00212	0.00529	0.00370	0.00423	0.00741
19	0.02359	0.01796	0.01917	0.01525	0.02029	0.02009	0.01242	0.51723	0.21295	0.03922	0.01950	0.01887	0.01412	0.00850	0.00688	0.00213	0.00696	0.00658	0.00688	0.01142
20	0.01372	0.03539	0.72412	0.01950	0.02961	0.01589	0.02528	0.02167	0.01444	0.02167	0.01228	0.01444	0.00867	0.00650	0.00650	0.00217	0.01011	0.00506	0.00289	0.01011
21	0.01693	0.01626	0.02777	0.04199	0.71689	0.01626	0.02100	0.02100	0.01558	0.02235	0.01287	0.01693	0.01084	0.00610	0.00677	0.00203	0.00813	0.00610	0.00339	0.01084
22	0.00992	0.00717	0.00939	0.01061	0.01170	0.00696	0.00804	0.04002	0.01488	0.01956	0.03812	0.47167	0.07976	0.01984	0.00884	0.00284	0.00482	0.22344	0.00636	0.00606
23	0.02005	0.05805	0.02286	0.02592	0.27931	0.31297	0.01588	0.02278	0.01661	0.01917	0.01237	0.01694	0.01089	0.00744	0.00773	0.00197	0.07019	0.03247	0.00354	0.04288
24	0.01419	0.01216	0.01419	0.01013	0.01621	0.00912	0.00811	0.01723	0.01419	0.02229	0.01216	0.01419	0.01013	0.00507	0.00507	0.00101	0.00507	0.00405	0.00405	0.80139
25	0.00899	0.00641	0.00849	0.00957	0.01031	0.00605	0.00676	0.01073	0.01445	0.01953	0.17024	0.50206	0.04729	0.06075	0.01013	0.00291	0.00423	0.08892	0.00646	0.00574
26	0.00959	0.00699	0.00902	0.00851	0.01017	0.00642	0.00639	0.01274	0.01916	0.02694	0.67745	0.05192	0.10069	0.01417	0.00807	0.00216	0.00324	0.01249	0.00747	0.00642
27	0.00903	0.00697	0.00824	0.00792	0.00982	0.00618	0.00594	0.01165	0.01783	0.02379	0.45119	0.05710	0.32891	0.01535	0.00808	0.00222	0.00332	0.01321	0.00705	0.00618
28	0.80789	0.01323	0.01006	0.00900	0.01323	0.01535	0.00741	0.02011	0.01164	0.03070	0.00953	0.01111	0.00741	0.00635	0.00423	0.00212	0.00529	0.00370	0.00423	0.00741
29	0.01505	0.01433	0.02436	0.37152	0.40210	0.01576	0.02006	0.01934	0.01469	0.02006	0.01254	0.01755	0.01003	0.00645	0.00680	0.00215	0.00859	0.00609	0.00322	0.00932
30	0.00978	0.00730	0.01085	0.01085	0.01202	0.00847	0.00836	0.01212	0.01095	0.01577	0.01846	0.02764	0.01743	0.08133	0.70289	0.01081	0.01783	0.00744	0.00369	0.00603
31	0.01847	0.14237	0.31940	0.01967	0.07109	0.24322	0.05095	0.02324	0.01608	0.01933	0.01144	0.01361	0.00896	0.00651	0.00617	0.00193	0.01033	0.00485	0.00316	0.00923
32	0.02575	0.02677	0.01988	0.01681	0.02118	0.42363	0.01313	0.31664	0.02493	0.02819	0.01311	0.01411	0.01004	0.00755	0.00646	0.00189	0.01025	0.00517	0.00497	0.00954
33	0.00977	0.00733	0.01100	0.01100	0.01222	0.00855	0.00855	0.01222	0.01100	0.01588	0.01833	0.02688	0.01710	0.05131	0.73245	0.01100	0.01833	0.00733	0.00367	0.00611
34	0.01769	0.01727	0.02303	0.17786	0.21786	0.12963	0.09465	0.05912	0.05200	0.05109	0.01753	0.05455	0.04142	0.00794	0.00701	0.00214	0.00875	0.00715	0.00420	0.00912
35	0.02462	0.01901	0.02006	0.04971	0.02214	0.04976	0.01311	0.57987	0.08718	0.03962	0.01694	0.01711	0.01218	0.00819	0.00683	0.00207	0.00762	0.00622	0.00654	0.01123
36	0.00995	0.00663	0.00746	0.00746	0.00746	0.00663	0.00415	0.00995	0.00995	0.01327	0.02156	0.04477	0.02487	0.75957	0.03482	0.00663	0.00663	0.00995	0.00415	0.00415
37	0.01359	0.01284	0.02172	0.62660	0.15843	0.01538	0.01933	0.01806	0.01400	0.01829	0.01228	0.01802	0.00941	0.00672	0.00683	0.00224	0.00896	0.00608	0.00310	0.00814
38	0.02522	0.02950	0.01939	0.01713	0.02100	0.57906	0.01307	0.13929	0.05421	0.02172	0.01238	0.01365	0.00986	0.00735	0.00632	0.00184	0.01120	0.00486	0.00424	0.00869
39	0.01173	0.00971	0.01408	0.01286	0.01402	0.01177	0.03309	0.03797	0.01170	0.01688	0.01647	0.02582	0.01586	0.12641	0.44174	0.00810	0.17428	0.00734	0.00369	0.00647
40	0.01008	0.00679	0.00790	0.00810	0.00829	0.00679	0.00499	0.01047	0.01066	0.01416	0.02337	0.04877	0.02666	0.66814	0.03169	0.00620	0.00659	0.09152	0.00441	0.00441
41	0.05191	0.01250	0.01528	0.04318	0.04546	0.01045	0.00951	0.04056	0.01552	0.13495	0.01457	0.01586	0.01113	0.00588	0.00552	0.00136	0.00557	0.00472	0.00478	0.55129
42	0.01886	0.28020	0.17963	0.01622	0.05067	0.20635	0.01515	0.04075	0.01598	0.01917	0.01141	0.01339	0.00939	0.00660	0.00596	0.00176	0.02681	0.00453	0.04043	0.03674
43	0.01575	0.30510	0.36185	0.01628	0.02392	0.05020	0.05261	0.02082	0.01460	0.01921	0.01442	0.01612	0.04805	0.00685	0.00587	0.00190	0.00886	0.00518	0.00315	0.00923
44	0.14478	0.01455	0.01459	0.01130	0.01649	0.07145	0.00904	0.04864	0.03569	0.02402	0.01211	0.01401	0.00992	0.00603	0.00599	0.00143	0.04122	0.00432	0.00420	0.51023
45	0.01858	0.01797	0.03893	0.01713	0.07468	0.11977	0.03136	0.16533	0.13822	0.02612	0.04268	0.03817	0.05106	0.00907	0.00868	0.00211	0.09868	0.00691	0.00513	0.08941

[dist]
# distance from previous block
# <min> <max>
2	34

[block]
# block no. 4 follows, 31 sequences, length 114
# corresponding to MSA columns:
# 277-390
name=unknown_E
#
# <colnr> <probs for GDERKNQSTAVLIFYWHMCP>
#	G	D	E	R	K	N	Q	S	T	A	V	L	I	F	Y	W	H	M	C	P
0	0.06639	0.01223	0.01447	0.01239	0.01559	0.04068	0.06316	0.08349	0.14191	0.04778	0.20713	0.06581	0.15364	0.01182	0.00788	0.00225	0.02899	0.01000	0.00629	0.00811
1	0.08321	0.01988	0.02014	0.01586	0.02086	0.10559	0.03589	0.49206	0.02732	0.06274	0.01525	0.01582	0.01104	0.00800	0.00717	0.00207	0.03454	0.00585	0.00606	0.01065
2	0.04230	0.18302	0.10958	0.02194	0.02867	0.04915	0.38097	0.02195	0.01551	0.04156	0.01279	0.01592	0.00987	0.00600	0.00677	0.00204	0.00994	0.00634	0.00348	0.03220
3	0.02342	0.01502	0.01706	0.01377	0.01830	0.01592	0.01110	0.36596	0.10716	0.19013	0.04813	0.10260	0.01962	0.01008	0.00712	0.00218	0.00634	0.00822	0.00719	0.01067
