[name]
unknown

[dist]
# distance from previous block
# <min> <max>
0	4

[block]
# block no. 0 follows, 33 sequences, length 20
# corresponding to MSA columns:
# 4-23
name=unknown_A
#
# <colnr> <probs for GDERKNQSTAVLIFYWHMCP>
#	G	D	E	R	K	N	Q	S	T	A	V	L	I	F	Y	W	H	M	C	P
0	0.01116	0.00783	0.01051	0.01159	0.01322	0.00788	0.00994	0.04298	0.01576	0.02106	0.05973	0.09898	0.03660	0.01701	0.00862	0.00284	0.00571	0.55547	0.05686	0.00626
1	0.00957	0.00638	0.00718	0.00718	0.00718	0.00638	0.00399	0.00957	0.00957	0.01276	0.02074	0.04308	0.02393	0.76864	0.03351	0.00638	0.00638	0.00957	0.00399	0.00399
2	0.01760	0.77260	0.03450	0.01126	0.01690	0.02605	0.01126	0.01971	0.01338	0.01549	0.00915	0.01056	0.00845	0.00563	0.00422	0.00141	0.00704	0.00352	0.00282	0.00845
3	0.01365	0.01170	0.01365	0.00975	0.01560	0.00878	0.00780	0.01658	0.01365	0.02145	0.01170	0.01365	0.00975	0.00488	0.00488	0.00098	0.00488	0.00390	0.00390	0.80888
4	0.00802	0.00573	0.00764	0.00917	0.00955	0.00535	0.00611	0.00917	0.01260	0.01681	0.03628	0.76434	0.04354	0.02062	0.00840	0.00267	0.00382	0.01872	0.00611	0.00535
5	0.01726	0.71572	0.08841	0.01184	0.01779	0.02522	0.01227	0.01980	0.01342	0.01590	0.00936	0.01082	0.00844	0.00568	0.00438	0.00146	0.00725	0.00362	0.00281	0.00855
6	0.00874	0.00606	0.00759	0.00853	0.00881	0.00585	0.00549	0.00952	0.01154	0.01537	0.03020	0.45474	0.03570	0.31013	0.01815	0.00413	0.00491	0.04440	0.00529	0.00485
7	0.00901	0.00676	0.00913	0.00928	0.01040	0.00722	0.00686	0.01079	0.01142	0.01552	0.02858	0.10573	0.14608	0.14070	0.44301	0.00775	0.01220	0.00974	0.00430	0.00551
8	0.02016	0.09750	0.09104	0.01451	0.01975	0.01914	0.01286	0.34009	0.25749	0.03202	0.01840	0.01801	0.01361	0.00785	0.00634	0.00201	0.00679	0.00608	0.00585	0.01050
9	0.12981	0.01259	0.01424	0.01117	0.01578	0.01228	0.00904	0.13543	0.04919	0.19308	0.03773	0.01835	0.01375	0.02694	0.00697	0.00185	0.03281	0.00552	0.03093	0.24253
10	0.01770	0.25008	0.19050	0.01461	0.03882	0.04790	0.04148	0.06386	0.01620	0.11319	0.08409	0.01774	0.01516	0.00703	0.00583	0.00178	0.00736	0.00551	0.00430	0.05686
11	0.04522	0.05318	0.28781	0.01881	0.09802	0.03642	0.06620	0.09228	0.01626	0.05354	0.05784	0.01692	0.01283	0.00698	0.00695	0.00197	0.04205	0.00565	0.00395	0.07710
12	0.01697	0.04040	0.06069	0.04629	0.06567	0.17882	0.10525	0.02059	0.03365	0.08092	0.09720	0.02403	0.08863	0.00816	0.00655	0.00187	0.00773	0.00697	0.00455	0.10504
13	0.05837	0.06405	0.04221	0.09560	0.08127	0.05824	0.08244	0.13341	0.08574	0.02487	0.08502	0.02104	0.04319	0.00766	0.00636	0.00192	0.00708	0.00652	0.00468	0.09033
14	0.01301	0.03567	0.10288	0.07444	0.06615	0.01182	0.03101	0.08860	0.03443	0.02247	0.14189	0.08584	0.10472	0.04176	0.02938	0.00247	0.02799	0.00874	0.00491	0.07184
15	0.01537	0.05157	0.16882	0.01243	0.01742	0.03094	0.01185	0.10917	0.05703	0.06327	0.07112	0.04338	0.04025	0.06779	0.03507	0.00247	0.00686	0.00670	0.03678	0.15169
16	0.07083	0.08804	0.07719	0.01386	0.04077	0.09742	0.01163	0.09206	0.10111	0.06657	0.03671	0.01785	0.03049	0.00868	0.02889	0.00208	0.05203	0.00552	0.00459	0.15367
17	0.04776	0.01756	0.12654	0.10707	0.04201	0.09116	0.04906	0.08965	0.07393	0.04329	0.07254	0.06819	0.03998	0.00957	0.00847	0.03313	0.06014	0.00725	0.00451	0.00820
18	0.04861	0.06797	0.04463	0.05957	0.03861	0.01140	0.07978	0.03944	0.05424	0.06748	0.08879	0.11420	0.17037	0.01093	0.00681	0.00208	0.00566	0.00949	0.04636	0.03358
19	0.01550	0.11664	0.12752	0.03860	0.04269	0.03817	0.05491	0.10976	0.05735	0.05116	0.10888	0.07600	0.05268	0.05352	0.00854	0.00230	0.02478	0.00784	0.00483	0.00834

[dist]
# distance from previous block
# <min> <max>
8	31

[block]
# block no. 1 follows, 33 sequences, length 48
# corresponding to MSA columns:
# 62-109
name=unknown_B
#
# <colnr> <probs for GDERKNQSTAVLIFYWHMCP>
#	G	D	E	R	K	N	Q	S	T	A	V	L	I	F	Y	W	H	M	C	P
0	0.04615	0.06049	0.03462	0.01403	0.04201	0.15179	0.05372	0.07374	0.08104	0.03458	0.12625	0.12692	0.03775	0.03447	0.02827	0.00240	0.00716	0.00854	0.00505	0.03101
1	0.01542	0.17177	0.15959	0.01628	0.06481	0.07194	0.08393	0.02082	0.09380	0.04595	0.07017	0.06931	0.04277	0.03652	0.00737	0.00214	0.00748	0.00718	0.00427	0.00849
2	0.08795	0.21895	0.07536	0.01317	0.05659	0.01546	0.02555	0.02058	0.08854	0.09274	0.08572	0.02206	0.04306	0.04063	0.05415	0.00258	0.00692	0.00626	0.00460	0.03913
3	0.01546	0.19510	0.21704	0.01339	0.01885	0.06058	0.01362	0.04253	0.09714	0.04298	0.05652	0.01978	0.02953	0.03685	0.05508	0.00257	0.00798	0.00581	0.02985	0.03933
4	0.01647	0.24249	0.21544	0.01613	0.07434	0.03173	0.03655	0.06481	0.04192	0.06455	0.01527	0.01845	0.03354	0.07580	0.00861	0.00228	0.02334	0.00563	0.00381	0.00885
5	0.04069	0.12120	0.27782	0.04132	0.02178	0.11649	0.02966	0.04446	0.01522	0.02042	0.06229	0.01782	0.03955	0.00755	0.00654	0.02651	0.00810	0.00545	0.00362	0.09353
6	0.06175	0.20195	0.19083	0.01441	0.04012	0.03745	0.01391	0.18796	0.01783	0.02458	0.01479	0.03962	0.03381	0.03103	0.00660	0.00196	0.00738	0.00555	0.00416	0.06431
7	0.05006	0.34896	0.17995	0.01291	0.01864	0.04758	0.01331	0.05844	0.01518	0.06466	0.05863	0.01717	0.03363	0.00922	0.04394	0.00221	0.00786	0.00519	0.00385	0.00861
8	0.01677	0.34874	0.13617	0.01367	0.01910	0.03827	0.04169	0.12476	0.03633	0.02138	0.04138	0.04149	0.01327	0.01069	0.06727	0.00250	0.00835	0.00556	0.00389	0.00871
9	0.06843	0.29098	0.25561	0.01364	0.01967	0.04798	0.01476	0.04039	0.01454	0.01986	0.04118	0.03930	0.03923	0.00804	0.00577	0.00191	0.00756	0.05912	0.00365	0.00838
10	0.01681	0.39204	0.04587	0.01194	0.01620	0.06831	0.01081	0.06003	0.05596	0.04574	0.01752	0.10663	0.03462	0.00897	0.00612	0.00184	0.03034	0.03247	0.02960	0.00816
11	0.13820	0.01308	0.04212	0.01240	0.04202	0.01305	0.00976	0.20463	0.06894	0.08756	0.09334	0.07104	0.10389	0.03425	0.03463	0.00254	0.00604	0.00814	0.00586	0.00851
12	0.01187	0.00997	0.01171	0.00938	0.01329	0.00839	0.00730	0.01425	0.01364	0.02008	0.05001	0.08533	0.14278	0.03321	0.00773	0.00168	0.05183	0.00753	0.02999	0.47002
13	0.00828	0.00657	0.00739	0.00768	0.00937	0.00578	0.00568	0.01007	0.01485	0.01864	0.14155	0.17870	0.45077	0.04834	0.00904	0.00251	0.00370	0.05935	0.00617	0.00557
14	0.01713	0.33544	0.07065	0.01653	0.02219	0.02049	0.18881	0.10082	0.08484	0.02142	0.01332	0.01538	0.01072	0.00853	0.04448	0.00228	0.00863	0.00553	0.00380	0.00901
15	0.01188	0.00999	0.01051	0.00957	0.01180	0.07578	0.00730	0.01513	0.04501	0.04758	0.41709	0.04234	0.15507	0.01345	0.02847	0.00227	0.02721	0.01037	0.00629	0.05289
16	0.00827	0.00606	0.00783	0.00914	0.00990	0.00562	0.00644	0.00969	0.01322	0.01726	0.04038	0.59157	0.13809	0.01981	0.00839	0.00265	0.00399	0.09014	0.00611	0.00545
17	0.01760	0.77260	0.03450	0.01126	0.01690	0.02605	0.01126	0.01971	0.01338	0.01549	0.00915	0.01056	0.00845	0.00563	0.00422	0.00141	0.00704	0.00352	0.00282	0.00845
18	0.00802	0.00573	0.00764	0.00917	0.00955	0.00535	0.00611	0.00917	0.01260	0.01681	0.03628	0.76434	0.04354	0.02062	0.00840	0.00267	0.00382	0.01872	0.00611	0.00535
19	0.01365	0.01170	0.01365	0.00975	0.01560	0.00878	0.00780	0.01658	0.01365	0.02145	0.01170	0.01365	0.00975	0.00488	0.00488	0.00098	0.00488	0.00390	0.00390	0.80888
20	0.01730	0.01234	0.01432	0.01178	0.01532	0.01287	0.00945	0.25940	0.01974	0.07509	0.04678	0.05273	0.06439	0.04035	0.07755	0.00290	0.05410	0.02554	0.06185	0.12617
21	0.01104	0.00745	0.00907	0.00828	0.01061	0.00651	0.00628	0.01359	0.01671	0.08196	0.36567	0.09450	0.21518	0.01330	0.00734	0.00203	0.00358	0.01148	0.03621	0.07922
22	0.01682	0.01511	0.02510	0.12769	0.07661	0.04296	0.24848	0.07096	0.03414	0.08804	0.01510	0.01965	0.01186	0.00989	0.05483	0.00270	0.07007	0.02684	0.00413	0.03902
23	0.00970	0.00766	0.01030	0.01027	0.01157	0.00853	0.00790	0.01255	0.04852	0.01663	0.02860	0.11283	0.14000	0.05807	0.40832	0.00701	0.05686	0.03419	0.00448	0.00603
24	0.02885	0.01136	0.01526	0.01180	0.01682	0.01003	0.00971	0.03223	0.05528	0.69529	0.02602	0.02252	0.01649	0.00819	0.00662	0.00205	0.00558	0.00666	0.00807	0.01116
25	0.01802	0.12256	0.01978	0.01583	0.10573	0.06976	0.01143	0.12470	0.14261	0.04605	0.01506	0.01595	0.01182	0.00653	0.00570	0.00162	0.00650	0.00514	0.00466	0.25056
26	0.01689	0.01298	0.03535	0.01101	0.01656	0.01062	0.00911	0.10008	0.04289	0.11309	0.01534	0.03957	0.01218	0.00634	0.00552	0.00136	0.00536	0.00512	0.00489	0.53574
27	0.01698	0.10718	0.14556	0.01946	0.10532	0.11932	0.12057	0.06478	0.06487	0.04201	0.08808	0.02102	0.01673	0.00762	0.00656	0.00199	0.00831	0.03048	0.00425	0.00892
28	0.01215	0.00760	0.00974	0.00889	0.01104	0.00701	0.00684	0.01559	0.04234	0.11930	0.52844	0.04677	0.11242	0.01302	0.00762	0.00211	0.00362	0.03133	0.00721	0.00696
29	0.00856	0.00684	0.00757	0.00759	0.00948	0.00604	0.00560	0.02814	0.01575	0.01992	0.18777	0.16698	0.47358	0.01643	0.00784	0.00226	0.00347	0.01404	0.00634	0.00580
30	0.00834	0.00730	0.04572	0.00962	0.01060	0.00599	0.00710	0.00989	0.01269	0.01700	0.03550	0.66885	0.06776	0.02082	0.03648	0.00293	0.00464	0.01735	0.00584	0.00561
31	0.04727	0.00999	0.01076	0.00957	0.01255	0.01053	0.00749	0.05097	0.21922	0.13306	0.02468	0.02478	0.04334	0.00839	0.00569	0.00188	0.00433	0.00677	0.36038	0.00837
32	0.01081	0.00807	0.00960	0.00900	0.01115	0.00786	0.00689	0.01608	0.12911	0.04693	0.43464	0.04809	0.18812	0.01337	0.00760	0.00216	0.00366	0.03303	0.00692	0.00690
33	0.00802	0.00573	0.00764	0.00917	0.00955	0.00535	0.00611	0.00917	0.01260	0.01681	0.03628	0.76434	0.04354	0.02062	0.00840	0.00267	0.00382	0.01872	0.00611	0.00535
34	0.03601	0.00886	0.01248	0.08046	0.08108	0.00904	0.03565	0.04121	0.01418	0.01937	0.04552	0.33964	0.15587	0.01569	0.02784	0.00259	0.02439	0.01287	0.03066	0.00657
35	0.00802	0.00573	0.00764	0.00917	0.00955	0.00535	0.00611	0.00917	0.01260	0.01681	0.03628	0.76434	0.04354	0.02062	0.00840	0.00267	0.00382	0.01872	0.00611	0.00535
36	0.00802	0.00573	0.00764	0.00917	0.00955	0.00535	0.00611	0.00917	0.01260	0.01681	0.03628	0.76434	0.04354	0.02062	0.00840	0.00267	0.00382	0.01872	0.00611	0.00535
37	0.05604	0.01420	0.02561	0.36816	0.14614	0.01543	0.21427	0.01936	0.03916	0.01983	0.01268	0.01731	0.00970	0.00623	0.00679	0.00216	0.00897	0.00634	0.00329	0.00835
38	0.01405	0.01194	0.01387	0.00994	0.01577	0.00919	0.00797	0.04082	0.01426	0.02216	0.01185	0.01373	0.00980	0.00498	0.00494	0.00101	0.00496	0.00397	0.00399	0.78081
39	0.04655	0.23877	0.08257	0.04074	0.01963	0.10980	0.01239	0.10241	0.08130	0.18126	0.01574	0.01580	0.01155	0.00700	0.00573	0.00183	0.00742	0.00514	0.00491	0.00948
40	0.01703	0.06711	0.04408	0.06931	0.07268	0.05052	0.03681	0.04638	0.22767	0.12027	0.08379	0.02664	0.09139	0.00900	0.00667	0.00207	0.00626	0.00757	0.00564	0.00911
41	0.07007	0.04512	0.06499	0.02503	0.03156	0.01694	0.57844	0.04562	0.01566	0.02219	0.01292	0.01679	0.00971	0.00570	0.00729	0.00216	0.01035	0.00714	0.00346	0.00886
42	0.00899	0.00660	0.00843	0.00822	0.00970	0.00603	0.00607	0.01170	0.01749	0.02428	0.56767	0.13975	0.13117	0.01470	0.00785	0.00216	0.00322	0.01297	0.00698	0.00603
43	0.02459	0.03138	0.01866	0.01696	0.02035	0.74221	0.01272	0.02629	0.01866	0.01611	0.01018	0.01187	0.00848	0.00678	0.00594	0.00170	0.01187	0.00424	0.00339	0.00763
44	0.00957	0.00638	0.00718	0.00718	0.00718	0.00638	0.00399	0.00957	0.00957	0.01276	0.02074	0.04308	0.02393	0.76864	0.03351	0.00638	0.00638	0.00957	0.00399	0.00399
45	0.04583	0.04216	0.03911	0.02071	0.15639	0.19805	0.08688	0.14039	0.01887	0.07581	0.05830	0.01752	0.01361	0.00728	0.00684	0.00194	0.03017	0.00594	0.02510	0.00910
46	0.06947	0.09077	0.06938	0.06227	0.08773	0.13033	0.06333	0.16921	0.05772	0.04555	0.03108	0.01630	0.01177	0.00716	0.00661	0.00195	0.03210	0.00559	0.03260	0.00908
47	0.06579	0.14390	0.15547	0.04163	0.03574	0.06938	0.05281	0.11923	0.07917	0.04515	0.03963	0.07115	0.03702	0.00826	0.00621	0.00199	0.00744	0.00667	0.00450	0.00885

[dist]
# distance from previous block
# <min> <max>
2	15

[block]
# block no. 2 follows, 33 sequences, length 20
# corresponding to MSA columns:
# 125-144
name=unknown_C
#
# <colnr> <probs for GDERKNQSTAVLIFYWHMCP>
#	G	D	E	R	K	N	Q	S	T	A	V	L	I	F	Y	W	H	M	C	P
0	0.01210	0.02926	0.01062	0.00937	0.01181	0.00884	0.00734	0.09703	0.03726	0.05650	0.16069	0.09390	0.29052	0.04305	0.03900	0.00273	0.00501	0.07192	0.00620	0.00683
1	0.04304	0.05286	0.00968	0.03379	0.01106	0.00846	0.00635	0.03454	0.01453	0.07669	0.02633	0.09112	0.09472	0.00960	0.00551	0.00179	0.00398	0.00784	0.46135	0.00674
2	0.01584	0.08406	0.15273	0.06408	0.17387	0.03763	0.04723	0.08577	0.05980	0.05154	0.02128	0.04344	0.09278	0.00852	0.00662	0.00206	0.00745	0.03191	0.00435	0.00904
3	0.01609	0.05297	0.28238	0.06456	0.10025	0.03403	0.05970	0.11387	0.01664	0.06325	0.01596	0.10104	0.01361	0.00812	0.00658	0.00207	0.00812	0.00695	0.00413	0.02969
4	0.01638	0.05254	0.05358	0.08222	0.52301	0.01670	0.01889	0.06213	0.01537	0.02169	0.01209	0.01583	0.01005	0.00647	0.00755	0.00202	0.06450	0.00571	0.00337	0.00990
5	0.25418	0.12739	0.17927	0.01402	0.01938	0.10448	0.04016	0.06476	0.04046	0.02350	0.01140	0.01319	0.00892	0.00668	0.00615	0.00196	0.04747	0.00457	0.02365	0.00839
6	0.00908	0.00772	0.00806	0.00825	0.00999	0.04112	0.00611	0.01099	0.01543	0.01933	0.18872	0.20231	0.38519	0.01643	0.00788	0.00230	0.00393	0.04521	0.00621	0.00577
7	0.01920	0.09675	0.08570	0.01447	0.03795	0.01638	0.03311	0.20693	0.16363	0.09191	0.01702	0.01716	0.01262	0.00707	0.00606	0.00181	0.00659	0.00564	0.00533	0.15467
8	0.07801	0.04875	0.15263	0.03915	0.06599	0.03449	0.03268	0.05362	0.11707	0.04063	0.04310	0.05172	0.01454	0.00734	0.00599	0.00182	0.00666	0.00603	0.00442	0.19538
9	0.01642	0.23743	0.25252	0.01502	0.04132	0.07760	0.01522	0.06026	0.07318	0.02090	0.01281	0.01428	0.01009	0.00635	0.00551	0.00173	0.00780	0.00469	0.03821	0.08868
10	0.01021	0.00803	0.01203	0.01219	0.03608	0.00804	0.06773	0.01321	0.04585	0.01855	0.05322	0.31886	0.05090	0.05105	0.13756	0.00405	0.00732	0.08475	0.05411	0.00626
11	0.01009	0.00761	0.01195	0.03272	0.01391	0.00724	0.08151	0.01211	0.01366	0.04579	0.05968	0.53987	0.03809	0.01761	0.00825	0.00260	0.00500	0.08037	0.00584	0.00611
12	0.01663	0.20846	0.15513	0.03968	0.14597	0.11688	0.11074	0.03578	0.01501	0.01901	0.01230	0.03594	0.01044	0.00847	0.04035	0.00227	0.00933	0.00557	0.00325	0.00880
13	0.01726	0.05884	0.30428	0.07892	0.04666	0.04836	0.06449	0.07952	0.04664	0.12241	0.01693	0.04078	0.03063	0.00746	0.00649	0.00206	0.00831	0.00620	0.00431	0.00945
14	0.01231	0.00879	0.01031	0.01010	0.01221	0.00891	0.00747	0.01873	0.20932	0.08243	0.12107	0.30961	0.13265	0.01488	0.00761	0.00236	0.00420	0.01304	0.00659	0.00739
15	0.00903	0.00647	0.00817	0.00853	0.00983	0.00599	0.00631	0.01136	0.01577	0.02170	0.32792	0.26042	0.14257	0.01606	0.00788	0.00232	0.00361	0.07412	0.05611	0.00585
16	0.05173	0.09892	0.14002	0.04011	0.09883	0.16816	0.11255	0.08292	0.03215	0.03465	0.01207	0.01452	0.00949	0.00683	0.00743	0.00200	0.06973	0.00535	0.00363	0.00891
17	0.01065	0.00621	0.00922	0.00922	0.00963	0.00662	0.00652	0.00973	0.00932	0.01284	0.01400	0.02305	0.01373	0.06438	0.27653	0.49499	0.00991	0.00635	0.00314	0.00396
18	0.01036	0.00851	0.01084	0.01074	0.01197	0.05359	0.00821	0.01250	0.01101	0.01516	0.01739	0.02620	0.01649	0.09698	0.64736	0.00974	0.01649	0.00706	0.00355	0.00585
19	0.04389	0.01504	0.04096	0.05866	0.20804	0.06581	0.05413	0.05373	0.16558	0.04443	0.04835	0.06678	0.08816	0.00900	0.00679	0.00211	0.00681	0.00788	0.00490	0.00896

[dist]
# distance from previous block
# <min> <max>
0	3

[block]
# block no. 3 follows, 33 sequences, length 20
# corresponding to MSA columns:
# 148-167
name=unknown_D
#
# <colnr> <probs for GDERKNQSTAVLIFYWHMCP>
#	G	D	E	R	K	N	Q	S	T	A	V	L	I	F	Y	W	H	M	C	P
0	0.26248	0.01441	0.01408	0.01185	0.04115	0.07978	0.02415	0.06964	0.01480	0.02478	0.01346	0.01502	0.03911	0.00621	0.00510	0.00156	0.00595	0.00456	0.00416	0.34776
1	0.02199	0.02654	0.01847	0.01657	0.01936	0.54497	0.01272	0.04562	0.03756	0.01716	0.01092	0.01342	0.00929	0.00959	0.04175	0.00232	0.13580	0.00477	0.00351	0.00768
2	0.04521	0.01691	0.05447	0.01830	0.13003	0.06932	0.03542	0.22893	0.06973	0.10504	0.06949	0.01989	0.02770	0.00794	0.00705	0.00199	0.03389	0.00639	0.00541	0.04691
3	0.04656	0.04829	0.03846	0.22811	0.11046	0.05814	0.01384	0.12181	0.01643	0.02214	0.05826	0.11446	0.01726	0.01095	0.04025	0.00251	0.03216	0.00762	0.00428	0.00803
4	0.00879	0.00604	0.00791	0.00903	0.00976	0.00556	0.00617	0.01016	0.01340	0.04046	0.08907	0.64515	0.08500	0.01945	0.00826	0.00258	0.00379	0.01753	0.00626	0.00561
5	0.02070	0.17960	0.02148	0.04588	0.01980	0.37057	0.03421	0.08724	0.04906	0.01915	0.01241	0.01526	0.01052	0.05251	0.00738	0.00200	0.00936	0.00496	0.02989	0.00802
6	0.02071	0.01807	0.01721	0.01453	0.01879	0.11563	0.01151	0.28436	0.36600	0.03121	0.02045	0.01958	0.01521	0.00826	0.00655	0.00206	0.00687	0.00645	0.00621	0.01033
7	0.05086	0.01262	0.11078	0.01474	0.10503	0.00999	0.01108	0.01743	0.05026	0.11001	0.07583	0.17634	0.06249	0.08513	0.06446	0.00324	0.00672	0.02015	0.00518	0.00768
8	0.01705	0.13871	0.19482	0.01925	0.07789	0.01760	0.15216	0.17765	0.01807	0.02467	0.01400	0.05588	0.01150	0.00709	0.00639	0.00195	0.00831	0.00627	0.00404	0.04669
9	0.01654	0.04925	0.07998	0.03193	0.44546	0.01669	0.10532	0.06612	0.05791	0.02264	0.01329	0.01646	0.01071	0.00635	0.00707	0.00202	0.03257	0.00603	0.00363	0.01004
10	0.00798	0.00622	0.00725	0.00795	0.00926	0.00549	0.00560	0.00948	0.01406	0.01780	0.08905	0.39800	0.36164	0.01838	0.00808	0.00243	0.00355	0.01609	0.00618	0.00549
11	0.01224	0.00636	0.00687	0.00688	0.00841	0.00619	0.00506	0.01491	0.01391	0.05596	0.04237	0.12146	0.04227	0.03316	0.00624	0.00189	0.00339	0.00824	0.59800	0.00619
12	0.01878	0.01741	0.05285	0.08639	0.04904	0.10179	0.01273	0.18413	0.28063	0.05087	0.03958	0.04305	0.01641	0.00843	0.00662	0.00209	0.00705	0.00682	0.00563	0.00969
13	0.01559	0.01506	0.02375	0.21195	0.49523	0.05112	0.01870	0.01947	0.01468	0.02022	0.01249	0.01673	0.01020	0.00616	0.00642	0.00198	0.00806	0.00579	0.03705	0.00935
14	0.00807	0.00659	0.00716	0.00738	0.00927	0.00568	0.00550	0.00987	0.01504	0.01854	0.12274	0.15424	0.54484	0.01695	0.00792	0.00230	0.00349	0.04261	0.00622	0.00561
15	0.01349	0.01163	0.01398	0.01057	0.01560	0.00966	0.00858	0.01629	0.01346	0.02084	0.01316	0.01824	0.01175	0.00644	0.00663	0.00129	0.06951	0.05472	0.00397	0.68018
16	0.01530	0.01373	0.07001	0.09456	0.03971	0.01268	0.12602	0.13042	0.04625	0.07431	0.06581	0.14624	0.04771	0.01097	0.00742	0.00229	0.00698	0.07599	0.00531	0.00829
17	0.00909	0.00711	0.00845	0.00957	0.01041	0.02870	0.00667	0.01130	0.04820	0.01781	0.05811	0.60816	0.08330	0.01904	0.00822	0.00259	0.00419	0.04726	0.00609	0.00574
18	0.07720	0.01147	0.01461	0.09015	0.07820	0.02642	0.01060	0.08645	0.05152	0.19271	0.07702	0.15979	0.02239	0.01202	0.03781	0.00250	0.00631	0.00879	0.00582	0.02820
19	0.10289	0.01494	0.01632	0.01372	0.01717	0.07673	0.05783	0.19879	0.13427	0.04695	0.05043	0.08862	0.01814	0.05738	0.03300	0.00269	0.04851	0.00762	0.00541	0.00857

[dist]
# distance from previous block
# <min> <max>
1	6

[block]
# block no. 4 follows, 33 sequences, length 18
# corresponding to MSA columns:
# 174-191
name=unknown_E
#
# <colnr> <probs for GDERKNQSTAVLIFYWHMCP>
#	G	D	E	R	K	N	Q	S	T	A	V	L	I	F	Y	W	H	M	C	P
0	0.14481	0.05844	0.10340	0.06776	0.26219	0.06154	0.01553	0.05279	0.01491	0.02267	0.05062	0.01618	0.01208	0.00686	0.00686	0.00198	0.05277	0.00540	0.00368	0.03953
1	0.06076	0.07773	0.27271	0.01793	0.10393	0.04356	0.04972	0.06363	0.01523	0.03915	0.03989	0.01708	0.01207	0.04764	0.00746	0.00209	0.00788	0.00544	0.00372	0.11240
2	0.01576	0.14319	0.18505	0.01645	0.07772	0.01580	0.04157	0.13798	0.06092	0.03825	0.01889	0.16857	0.01780	0.00977	0.00659	0.00210	0.00710	0.02298	0.00462	0.00890
3	0.00849	0.00612	0.00815	0.00960	0.01028	0.00578	0.00690	0.01002	0.01320	0.01740	0.03750	0.60090	0.07562	0.01998	0.00850	0.00272	0.00422	0.14305	0.00610	0.00549
4	0.00809	0.00585	0.00766	0.00896	0.00953	0.00542	0.00605	0.00940	0.01315	0.01751	0.08457	0.67501	0.08462	0.01991	0.00832	0.00261	0.00374	0.01797	0.00619	0.00542
5	0.16819	0.01945	0.01773	0.06296	0.07860	0.25296	0.04542	0.08046	0.06169	0.06353	0.04127	0.01597	0.01209	0.00699	0.00593	0.00189	0.00819	0.00529	0.00440	0.04698
6	0.00941	0.00701	0.01037	0.01037	0.01148	0.00812	0.00797	0.01162	0.01052	0.01513	0.01782	0.02690	0.01691	0.09288	0.69966	0.01033	0.01695	0.00721	0.00355	0.00576
7	0.00943	0.00695	0.01007	0.01007	0.01107	0.00795	0.00760	0.01143	0.01043	0.01491	0.01810	0.02843	0.01757	0.15657	0.63688	0.00995	0.01596	0.00743	0.00360	0.00560
8	0.01633	0.01462	0.01465	0.01334	0.01683	0.05810	0.01028	0.03284	0.63056	0.02619	0.02642	0.07051	0.02090	0.00954	0.00676	0.00223	0.00551	0.00797	0.00647	0.00994
9	0.02312	0.01929	0.01847	0.01496	0.01956	0.12573	0.01202	0.48249	0.13109	0.03486	0.01728	0.04078	0.01318	0.00830	0.00657	0.00200	0.00751	0.00632	0.00612	0.01036
10	0.00952	0.00686	0.00808	0.00778	0.00973	0.00603	0.00583	0.01182	0.01661	0.05628	0.34803	0.10045	0.35875	0.01512	0.00776	0.00218	0.00338	0.01299	0.00670	0.00610
11	0.00806	0.00582	0.00764	0.00899	0.00953	0.00540	0.00606	0.00932	0.01300	0.01728	0.06811	0.69503	0.08122	0.02010	0.00834	0.00262	0.00376	0.01816	0.00616	0.00540
12	0.01923	0.01505	0.02321	0.13093	0.32261	0.01577	0.05805	0.15221	0.01819	0.12829	0.01484	0.01729	0.01110	0.00689	0.00721	0.00206	0.03640	0.00610	0.00455	0.01003
13	0.01381	0.01307	0.01930	0.11508	0.26988	0.04938	0.01480	0.01668	0.01273	0.01770	0.01328	0.01956	0.01198	0.05147	0.20129	0.00456	0.13804	0.00624	0.00326	0.00789
14	0.00976	0.00679	0.00947	0.00954	0.01061	0.00761	0.00719	0.01192	0.01103	0.01641	0.01940	0.06341	0.01859	0.11427	0.53123	0.00849	0.01377	0.00775	0.11707	0.00570
15	0.01722	0.10090	0.40717	0.01735	0.02493	0.07045	0.04881	0.17008	0.03936	0.02467	0.01282	0.01433	0.00941	0.00664	0.00619	0.00198	0.00901	0.00512	0.00380	0.00975
16	0.01799	0.09276	0.05382	0.12235	0.14510	0.14408	0.07230	0.13134	0.04822	0.02301	0.05823	0.01878	0.01394	0.00731	0.00645	0.00196	0.00840	0.02088	0.00418	0.00891
17	0.01849	0.02982	0.04600	0.06840	0.03680	0.10835	0.03234	0.20350	0.03556	0.06810	0.06155	0.03729	0.03842	0.03929	0.00905	0.00220	0.08070	0.00672	0.03383	0.04358

[dist]
# distance from previous block
# <min> <max>
0	13

[block]
# block no. 5 follows, 33 sequences, length 67
# corresponding to MSA columns:
# 205-271
name=unknown_F
#
# <colnr> <probs for GDERKNQSTAVLIFYWHMCP>
#	G	D	E	R	K	N	Q	S	T	A	V	L	I	F	Y	W	H	M	C	P
0	0.01706	0.19761	0.17747	0.01748	0.06954	0.09267	0.09704	0.04090	0.08663	0.05606	0.04937	0.01777	0.01356	0.03093	0.00695	0.00204	0.00819	0.00578	0.00398	0.00898
1	0.01499	0.14476	0.19171	0.11541	0.04671	0.03949	0.22618	0.04334	0.01489	0.01979	0.01383	0.07345	0.01181	0.00716	0.00660	0.00205	0.00905	0.00678	0.00340	0.00861
2	0.00877	0.00664	0.00736	0.00752	0.00940	0.00572	0.00551	0.01046	0.01490	0.04503	0.10804	0.21304	0.50039	0.01697	0.00787	0.00230	0.00351	0.01452	0.00627	0.00577
3	0.00908	0.00669	0.00835	0.00906	0.01016	0.00630	0.00643	0.04296	0.01481	0.01962	0.13926	0.49367	0.14733	0.01830	0.00816	0.00250	0.00389	0.04134	0.00630	0.00581
4	0.01639	0.01629	0.05140	0.07206	0.56067	0.01591	0.05762	0.05498	0.04900	0.02251	0.01324	0.01672	0.01074	0.00615	0.00659	0.00200	0.00797	0.00601	0.00356	0.01020
5	0.01405	0.02698	0.46006	0.02005	0.02788	0.01568	0.18188	0.04783	0.01478	0.02126	0.01473	0.01727	0.04293	0.00700	0.00771	0.00217	0.05919	0.00608	0.00323	0.00922
6	0.01737	0.00905	0.01170	0.01028	0.01315	0.00847	0.00794	0.04457	0.06493	0.27940	0.26479	0.17816	0.03732	0.01246	0.00737	0.00219	0.00443	0.01084	0.00729	0.00830
7	0.02440	0.01689	0.01852	0.01438	0.01939	0.01839	0.01182	0.55927	0.07291	0.11942	0.04426	0.01838	0.01426	0.00821	0.00664	0.00200	0.00677	0.00633	0.00680	0.01096
8	0.01170	0.00888	0.01206	0.01278	0.04699	0.00891	0.03474	0.11436	0.01602	0.02139	0.03098	0.46226	0.03486	0.01702	0.00815	0.00258	0.00521	0.13845	0.00593	0.00672
9	0.01243	0.01170	0.01975	0.75282	0.04534	0.01463	0.01828	0.01682	0.01316	0.01682	0.01170	0.01755	0.00878	0.00658	0.00658	0.00219	0.00878	0.00585	0.00293	0.00731
10	0.00793	0.00667	0.00688	0.00683	0.00898	0.00562	0.00512	0.00974	0.01536	0.01863	0.13103	0.06197	0.66003	0.01636	0.00778	0.00221	0.00331	0.01370	0.00622	0.00562
11	0.02601	0.01687	0.01878	0.01440	0.01963	0.01808	0.01190	0.55926	0.02832	0.19156	0.01801	0.01724	0.01230	0.00796	0.00659	0.00199	0.00689	0.00608	0.00693	0.01120
12	0.01320	0.03405	0.73453	0.01876	0.02849	0.01529	0.02432	0.02085	0.01390	0.02085	0.01181	0.01390	0.00834	0.00625	0.00625	0.00208	0.00973	0.00486	0.00278	0.00973
13	0.01862	0.01944	0.01843	0.15866	0.09324	0.28580	0.03797	0.09953	0.01765	0.02088	0.01479	0.05360	0.01277	0.00795	0.00637	0.00195	0.00884	0.03346	0.08206	0.00798
14	0.01227	0.00614	0.00614	0.00614	0.00767	0.00614	0.00460	0.01534	0.01381	0.02454	0.02148	0.02454	0.01687	0.00767	0.00460	0.00153	0.00307	0.00614	0.80518	0.00614
15	0.81514	0.01273	0.00968	0.00866	0.01273	0.01477	0.00713	0.01935	0.01120	0.02954	0.00917	0.01069	0.00713	0.00611	0.00407	0.00204	0.00509	0.00356	0.00407	0.00713
16	0.01243	0.01170	0.01975	0.75282	0.04534	0.01463	0.01828	0.01682	0.01316	0.01682	0.01170	0.01755	0.00878	0.00658	0.00658	0.00219	0.00878	0.00585	0.00293	0.00731
17	0.01839	0.01606	0.01596	0.01394	0.01789	0.06774	0.01093	0.14626	0.55276	0.02907	0.02380	0.02221	0.01780	0.00861	0.00663	0.00215	0.00601	0.00697	0.00645	0.01035
18	0.02954	0.01120	0.01528	0.01171	0.01681	0.00968	0.00968	0.03208	0.01884	0.73213	0.02597	0.02241	0.01630	0.00815	0.00662	0.00204	0.00560	0.00662	0.00815	0.01120
19	0.01439	0.01535	0.03152	0.02320	0.02860	0.01449	0.53021	0.04246	0.01556	0.02088	0.01956	0.08035	0.05903	0.03865	0.00886	0.00244	0.00956	0.03275	0.00395	0.00819
20	0.01365	0.01170	0.01365	0.00975	0.01560	0.00878	0.00780	0.01658	0.01365	0.02145	0.01170	0.01365	0.00975	0.00488	0.00488	0.00098	0.00488	0.00390	0.00390	0.80888
21	0.02626	0.01573	0.01799	0.01387	0.01901	0.01648	0.01143	0.44207	0.05434	0.28341	0.01982	0.01848	0.01335	0.00803	0.00660	0.00201	0.00659	0.00623	0.00714	0.01117
22	0.01055	0.00806	0.01065	0.01219	0.04177	0.00797	0.00974	0.01424	0.05784	0.01978	0.03967	0.09139	0.16903	0.01691	0.00856	0.00277	0.00547	0.46102	0.00600	0.00638
23	0.01611	0.01355	0.01565	0.01396	0.03440	0.01523	0.03303	0.13341	0.40722	0.02707	0.04352	0.02681	0.08586	0.01257	0.06286	0.00283	0.03255	0.00781	0.00607	0.00947
24	0.01243	0.01170	0.01975	0.75282	0.04534	0.01463	0.01828	0.01682	0.01316	0.01682	0.01170	0.01755	0.00878	0.00658	0.00658	0.00219	0.00878	0.00585	0.00293	0.00731
25	0.01379	0.17479	0.11761	0.04701	0.10644	0.01560	0.11177	0.01799	0.03435	0.01953	0.10293	0.05083	0.01837	0.01292	0.09508	0.00303	0.03898	0.00697	0.00383	0.00817
26	0.00957	0.00638	0.00718	0.00718	0.00718	0.00638	0.00399	0.00957	0.00957	0.01276	0.02074	0.04308	0.02393	0.76864	0.03351	0.00638	0.00638	0.00957	0.00399	0.00399
27	0.01525	0.01717	0.10735	0.08078	0.15956	0.05068	0.13483	0.04933	0.13768	0.02205	0.01745	0.08850	0.01491	0.00825	0.00736	0.00216	0.03458	0.00749	0.03567	0.00895
28	0.00876	0.00639	0.00758	0.00793	0.00887	0.00594	0.00538	0.01008	0.01338	0.01758	0.15917	0.23183	0.19843	0.24717	0.01585	0.00361	0.00444	0.03679	0.00566	0.00516
29	0.01696	0.28812	0.20490	0.05619	0.12484	0.12581	0.05770	0.02097	0.01463	0.01818	0.01081	0.01319	0.00882	0.00603	0.00564	0.00179	0.00886	0.00467	0.00299	0.00890
30	0.25591	0.02215	0.01535	0.03986	0.03837	0.39614	0.01088	0.04010	0.01591	0.02130	0.01101	0.01315	0.00896	0.00835	0.03528	0.00218	0.00932	0.00440	0.04389	0.00750
31	0.00825	0.00593	0.00786	0.00921	0.00980	0.00554	0.00636	0.00964	0.01319	0.01756	0.07614	0.65589	0.06823	0.01993	0.00839	0.00265	0.00390	0.05991	0.00617	0.00545
32	0.01732	0.11239	0.12902	0.03707	0.04812	0.07366	0.16147	0.08206	0.05381	0.06973	0.03249	0.04682	0.01309	0.00735	0.00701	0.00198	0.03635	0.00639	0.00420	0.05968
33	0.04568	0.01734	0.02077	0.10120	0.20901	0.12772	0.03891	0.07372	0.16270	0.02249	0.01471	0.01707	0.01169	0.00757	0.00829	0.00213	0.09975	0.00592	0.00419	0.00916
34	0.01686	0.04388	0.06005	0.01268	0.03831	0.04198	0.01039	0.12588	0.12297	0.09331	0.10541	0.02664	0.07142	0.00892	0.00640	0.00188	0.00575	0.02839	0.04605	0.13282
35	0.00805	0.00668	0.00704	0.00695	0.00906	0.00567	0.00521	0.00997	0.01564	0.01928	0.18100	0.06089	0.60965	0.01611	0.00778	0.00220	0.00329	0.01355	0.00631	0.00567
36	0.01542	0.01788	0.13484	0.04400	0.27668	0.03341	0.09477	0.06287	0.04032	0.02282	0.06166	0.02005	0.01464	0.00696	0.00659	0.00194	0.00777	0.02828	0.00395	0.10513
37	0.00798	0.00589	0.00748	0.00875	0.00944	0.00538	0.00592	0.00921	0.01301	0.01697	0.04140	0.64649	0.15809	0.01996	0.00830	0.00260	0.00374	0.01790	0.00611	0.00538
38	0.01151	0.00999	0.01399	0.01280	0.01329	0.01288	0.01009	0.01309	0.01021	0.01509	0.01442	0.02398	0.01446	0.15381	0.32463	0.00668	0.32270	0.00694	0.00334	0.00611
39	0.01320	0.03405	0.73453	0.01876	0.02849	0.01529	0.02432	0.02085	0.01390	0.02085	0.01181	0.01390	0.00834	0.00625	0.00625	0.00208	0.00973	0.00486	0.00278	0.00973
40	0.01365	0.01170	0.01365	0.00975	0.01560	0.00878	0.00780	0.01658	0.01365	0.02145	0.01170	0.01365	0.00975	0.00488	0.00488	0.00098	0.00488	0.00390	0.00390	0.80888
41	0.02676	0.01566	0.01803	0.01383	0.01903	0.01628	0.01142	0.44642	0.02629	0.30728	0.01972	0.01835	0.01316	0.00800	0.00660	0.00200	0.00661	0.00619	0.00719	0.01120
42	0.00812	0.00580	0.00776	0.00929	0.00971	0.00544	0.00629	0.00935	0.01271	0.01692	0.03623	0.73656	0.04331	0.02053	0.00843	0.00269	0.00391	0.04547	0.00611	0.00538
43	0.01637	0.01414	0.01489	0.01340	0.01712	0.01637	0.01042	0.03498	0.71568	0.02754	0.02679	0.02456	0.02010	0.00893	0.00670	0.00223	0.00521	0.00744	0.00670	0.01042
44	0.02762	0.01681	0.01686	0.01348	0.01825	0.16387	0.01087	0.16330	0.02118	0.44769	0.02069	0.01892	0.01367	0.00782	0.00647	0.00195	0.00723	0.00599	0.00685	0.01046
45	0.01760	0.77260	0.03450	0.01126	0.01690	0.02605	0.01126	0.01971	0.01338	0.01549	0.00915	0.01056	0.00845	0.00563	0.00422	0.00141	0.00704	0.00352	0.00282	0.00845
46	0.02459	0.03138	0.01866	0.01696	0.02035	0.74221	0.01272	0.02629	0.01866	0.01611	0.01018	0.01187	0.00848	0.00678	0.00594	0.00170	0.01187	0.00424	0.00339	0.00763
47	0.00802	0.00573	0.00764	0.00917	0.00955	0.00535	0.00611	0.00917	0.01260	0.01681	0.03628	0.76434	0.04354	0.02062	0.00840	0.00267	0.00382	0.01872	0.00611	0.00535
48	0.81514	0.01273	0.00968	0.00866	0.01273	0.01477	0.00713	0.01935	0.01120	0.02954	0.00917	0.01069	0.00713	0.00611	0.00407	0.00204	0.00509	0.00356	0.00407	0.00713
49	0.01049	0.00616	0.00879	0.00911	0.00922	0.00632	0.00618	0.00914	0.00988	0.01329	0.01905	0.24153	0.02134	0.05194	0.02071	0.49852	0.04088	0.00973	0.00387	0.00385
50	0.01629	0.01564	0.02672	0.04041	0.72757	0.01564	0.02020	0.02020	0.01499	0.02151	0.01238	0.01629	0.01043	0.00587	0.00652	0.00196	0.00782	0.00587	0.00326	0.01043
51	0.01637	0.01414	0.01489	0.01340	0.01712	0.01637	0.01042	0.03498	0.71568	0.02754	0.02679	0.02456	0.02010	0.00893	0.00670	0.00223	0.00521	0.00744	0.00670	0.01042
52	0.01144	0.00572	0.00858	0.00858	0.00858	0.00572	0.00572	0.00858	0.00858	0.01144	0.01144	0.02001	0.01144	0.02287	0.02573	0.80846	0.00572	0.00572	0.00286	0.00286
53	0.81514	0.01273	0.00968	0.00866	0.01273	0.01477	0.00713	0.01935	0.01120	0.02954	0.00917	0.01069	0.00713	0.00611	0.00407	0.00204	0.00509	0.00356	0.00407	0.00713
54	0.05764	0.01566	0.01778	0.01368	0.01884	0.01640	0.01130	0.44093	0.02590	0.28480	0.01913	0.01794	0.01284	0.00792	0.00650	0.00200	0.00658	0.00608	0.00704	0.01104
55	0.02521	0.01815	0.01958	0.01501	0.02027	0.01998	0.01240	0.67843	0.03046	0.06937	0.01622	0.01607	0.01140	0.00791	0.00659	0.00198	0.00718	0.00596	0.00665	0.01120
56	0.00842	0.00593	0.00767	0.00890	0.00926	0.00564	0.00589	0.00942	0.01213	0.01615	0.03325	0.59818	0.03955	0.16404	0.01325	0.00340	0.00440	0.04372	0.00570	0.00512
57	0.00839	0.00665	0.00755	0.00753	0.00939	0.00582	0.00564	0.01053	0.01605	0.02062	0.28114	0.10623	0.43998	0.01592	0.00786	0.00223	0.00337	0.03286	0.00649	0.00577
58	0.00802	0.00573	0.00764	0.00917	0.00955	0.00535	0.00611	0.00917	0.01260	0.01681	0.03628	0.76434	0.04354	0.02062	0.00840	0.00267	0.00382	0.01872	0.00611	0.00535
59	0.05172	0.01690	0.01859	0.01429	0.01949	0.01823	0.01181	0.55750	0.02805	0.16995	0.01749	0.01687	0.01201	0.00789	0.00651	0.00199	0.00687	0.00598	0.00679	0.01106
60	0.01557	0.01942	0.10556	0.13549	0.07429	0.07629	0.40508	0.02059	0.01502	0.01983	0.01242	0.01662	0.00948	0.00613	0.00775	0.00217	0.03975	0.00669	0.00319	0.00865
61	0.01294	0.01253	0.03717	0.13769	0.31651	0.01237	0.04271	0.01691	0.04247	0.01958	0.02492	0.11445	0.13284	0.01128	0.03464	0.00247	0.00719	0.00889	0.00416	0.00828
62	0.00844	0.00620	0.00793	0.00868	0.00968	0.00569	0.00614	0.01026	0.01469	0.01970	0.23063	0.44500	0.14329	0.01801	0.00816	0.00246	0.00363	0.03935	0.00642	0.00564
63	0.01101	0.00741	0.00866	0.00803	0.01015	0.00684	0.00613	0.01342	0.01574	0.06962	0.23682	0.07054	0.27911	0.01299	0.00757	0.00203	0.03304	0.01087	0.14553	0.04448
64	0.06702	0.16570	0.11822	0.10150	0.02491	0.22708	0.10683	0.04476	0.04907	0.01956	0.01171	0.01399	0.00925	0.00640	0.00592	0.00188	0.00933	0.00501	0.00344	0.00841
65	0.01441	0.06332	0.01585	0.09646	0.07764	0.13380	0.01085	0.05224	0.04308	0.01845	0.03965	0.08000	0.10927	0.09182	0.08729	0.00340	0.04292	0.00813	0.00429	0.00714
66	0.01142	0.04110	0.04562	0.01041	0.01260	0.04544	0.00815	0.03775	0.03659	0.01897	0.08847	0.30234	0.07451	0.09135	0.04025	0.00296	0.03249	0.01174	0.00518	0.08268

[dist]
# distance from previous block
# <min> <max>
0	16

[block]
# block no. 6 follows, 33 sequences, length 24
# corresponding to MSA columns:
# 288-311
name=unknown_G
#
# <colnr> <probs for GDERKNQSTAVLIFYWHMCP>
#	G	D	E	R	K	N	Q	S	T	A	V	L	I	F	Y	W	H	M	C	P
0	0.09902	0.03642	0.04076	0.08830	0.22055	0.04473	0.04020	0.12393	0.04286	0.07494	0.01453	0.03663	0.01178	0.02876	0.00779	0.00216	0.04550	0.00605	0.00437	0.03072
1	0.07673	0.04039	0.01993	0.08016	0.22810	0.06922	0.04733	0.04296	0.01497	0.04784	0.01613	0.01866	0.05815	0.00711	0.00693	0.00186	0.05122	0.00585	0.03265	0.13381
2	0.01042	0.01013	0.06165	0.03340	0.11488	0.00844	0.00977	0.01333	0.03593	0.01904	0.07599	0.36082	0.11571	0.03487	0.00820	0.00239	0.00501	0.01294	0.00527	0.06177
3	0.01412	0.01382	0.02153	0.52373	0.22470	0.05481	0.01849	0.01824	0.01395	0.01802	0.01180	0.01691	0.00920	0.00640	0.00653	0.00210	0.00869	0.00577	0.00304	0.00816
4	0.00937	0.00699	0.00873	0.00825	0.00997	0.00650	0.00620	0.01284	0.04370	0.02527	0.60885	0.05021	0.15098	0.01373	0.00773	0.00210	0.00321	0.01201	0.00707	0.00628
5	0.00802	0.00573	0.00764	0.00917	0.00955	0.00535	0.00611	0.00917	0.01260	0.01681	0.03628	0.76434	0.04354	0.02062	0.00840	0.00267	0.00382	0.01872	0.00611	0.00535
6	0.01320	0.03405	0.73453	0.01876	0.02849	0.01529	0.02432	0.02085	0.01390	0.02085	0.01181	0.01390	0.00834	0.00625	0.00625	0.00208	0.00973	0.00486	0.00278	0.00973
7	0.00802	0.00573	0.00764	0.00917	0.00955	0.00535	0.00611	0.00917	0.01260	0.01681	0.03628	0.76434	0.04354	0.02062	0.00840	0.00267	0.00382	0.01872	0.00611	0.00535
8	0.81514	0.01273	0.00968	0.00866	0.01273	0.01477	0.00713	0.01935	0.01120	0.02954	0.00917	0.01069	0.00713	0.00611	0.00407	0.00204	0.00509	0.00356	0.00407	0.00713
9	0.02737	0.01469	0.01743	0.01337	0.01854	0.01485	0.01104	0.35630	0.02467	0.39969	0.02108	0.01923	0.01384	0.00803	0.00660	0.00201	0.00639	0.00629	0.00740	0.01120
10	0.81514	0.01273	0.00968	0.00866	0.01273	0.01477	0.00713	0.01935	0.01120	0.02954	0.00917	0.01069	0.00713	0.00611	0.00407	0.00204	0.00509	0.00356	0.00407	0.00713
11	0.01637	0.01414	0.01489	0.01340	0.01712	0.01637	0.01042	0.03498	0.71568	0.02754	0.02679	0.02456	0.02010	0.00893	0.00670	0.00223	0.00521	0.00744	0.00670	0.01042
12	0.81514	0.01273	0.00968	0.00866	0.01273	0.01477	0.00713	0.01935	0.01120	0.02954	0.00917	0.01069	0.00713	0.00611	0.00407	0.00204	0.00509	0.00356	0.00407	0.00713
13	0.00802	0.00573	0.00764	0.00917	0.00955	0.00535	0.00611	0.00917	0.01260	0.01681	0.03628	0.76434	0.04354	0.02062	0.00840	0.00267	0.00382	0.01872	0.00611	0.00535
14	0.01309	0.00756	0.01001	0.00892	0.01113	0.00686	0.00686	0.01609	0.01867	0.15797	0.59394	0.04419	0.05357	0.01247	0.00755	0.00206	0.00357	0.01092	0.00741	0.00714
15	0.81514	0.01273	0.00968	0.00866	0.01273	0.01477	0.00713	0.01935	0.01120	0.02954	0.00917	0.01069	0.00713	0.00611	0.00407	0.00204	0.00509	0.00356	0.00407	0.00713
16	0.00803	0.00663	0.00710	0.00740	0.00935	0.00569	0.00558	0.00974	0.01473	0.01782	0.06049	0.14924	0.58810	0.01727	0.00796	0.00234	0.00361	0.06725	0.00611	0.00557
17	0.02603	0.01541	0.01771	0.01373	0.01882	0.01611	0.01129	0.40294	0.07965	0.29734	0.02044	0.01894	0.01378	0.00807	0.00661	0.00202	0.00648	0.00630	0.00718	0.01114
18	0.01035	0.00611	0.00890	0.00908	0.00947	0.00633	0.00633	0.00962	0.01002	0.01371	0.04505	0.11855	0.01927	0.05733	0.19803	0.44769	0.00830	0.00810	0.00366	0.00409
19	0.04432	0.01031	0.01311	0.01092	0.01471	0.00953	0.00862	0.06402	0.04574	0.44122	0.02934	0.15473	0.06971	0.04226	0.00805	0.00234	0.00523	0.00926	0.00722	0.00935
20	0.01529	0.01003	0.01333	0.01278	0.05929	0.00991	0.05268	0.11061	0.03660	0.11125	0.02846	0.18850	0.09057	0.01166	0.00682	0.00212	0.00514	0.03772	0.18946	0.00779
21	0.01856	0.01545	0.02440	0.03384	0.55452	0.01560	0.01797	0.09683	0.04214	0.09428	0.01462	0.01714	0.01144	0.00642	0.00654	0.00198	0.00744	0.00600	0.00423	0.01059
22	0.01242	0.00923	0.01139	0.01097	0.01139	0.05518	0.00798	0.01212	0.03733	0.01405	0.01561	0.14356	0.01646	0.01889	0.02009	0.44560	0.14161	0.00788	0.00359	0.00465
23	0.01383	0.01265	0.04616	0.12019	0.20734	0.01235	0.03808	0.09071	0.03982	0.02282	0.08006	0.10676	0.08938	0.01011	0.00698	0.00214	0.00640	0.03406	0.05193	0.00822

[dist]
# distance from previous block
# <min> <max>
1	14

[block]
# block no. 7 follows, 33 sequences, length 25
# corresponding to MSA columns:
# 326-350
name=unknown_H
#
# <colnr> <probs for GDERKNQSTAVLIFYWHMCP>
#	G	D	E	R	K	N	Q	S	T	A	V	L	I	F	Y	W	H	M	C	P
0	0.01402	0.05851	0.01337	0.01090	0.01392	0.01188	0.00882	0.09293	0.15428	0.05864	0.03546	0.05871	0.22381	0.03547	0.03474	0.00265	0.03599	0.09385	0.00581	0.03626
1	0.01606	0.07294	0.37379	0.01812	0.02544	0.04752	0.12323	0.06952	0.08850	0.05407	0.03811	0.01698	0.01217	0.00685	0.00648	0.00205	0.00882	0.00585	0.00395	0.00955
2	0.00895	0.00687	0.00813	0.00861	0.01025	0.00629	0.00673	0.01097	0.01474	0.01862	0.11255	0.09834	0.35750	0.08998	0.01070	0.00287	0.00444	0.21186	0.00600	0.00561
3	0.00972	0.00720	0.00879	0.00855	0.00903	0.00775	0.00572	0.01046	0.01045	0.01407	0.02478	0.04013	0.10656	0.48743	0.15491	0.00633	0.06991	0.00934	0.00407	0.00478
4	0.00847	0.00605	0.00798	0.00895	0.00963	0.00566	0.00616	0.01010	0.01400	0.01903	0.20233	0.54021	0.04702	0.05188	0.00938	0.00270	0.00382	0.03482	0.00629	0.00552
5	0.01637	0.01414	0.01489	0.01340	0.01712	0.01637	0.01042	0.03498	0.71568	0.02754	0.02679	0.02456	0.02010	0.00893	0.00670	0.00223	0.00521	0.00744	0.00670	0.01042
6	0.01760	0.77260	0.03450	0.01126	0.01690	0.02605	0.01126	0.01971	0.01338	0.01549	0.00915	0.01056	0.00845	0.00563	0.00422	0.00141	0.00704	0.00352	0.00282	0.00845
7	0.00802	0.00573	0.00764	0.00917	0.00955	0.00535	0.00611	0.00917	0.01260	0.01681	0.03628	0.76434	0.04354	0.02062	0.00840	0.00267	0.00382	0.01872	0.00611	0.00535
8	0.01362	0.01338	0.06796	0.01043	0.01657	0.00927	0.00905	0.01690	0.01367	0.02141	0.01171	0.01367	0.00964	0.00498	0.00498	0.00106	0.00524	0.00397	0.00382	0.74868
9	0.01361	0.13002	0.61054	0.01732	0.02615	0.01631	0.02181	0.02033	0.01404	0.02039	0.04276	0.01501	0.01072	0.00649	0.00605	0.00200	0.00908	0.00500	0.00298	0.00941
10	0.00778	0.00667	0.00667	0.00667	0.00889	0.00556	0.00500	0.00945	0.01501	0.01778	0.06669	0.06336	0.72490	0.01667	0.00778	0.00222	0.00333	0.01389	0.00611	0.00556
11	0.00948	0.00703	0.00889	0.00850	0.01012	0.00662	0.00634	0.01314	0.05283	0.02524	0.59974	0.09952	0.09977	0.01394	0.00776	0.00213	0.00328	0.01229	0.00707	0.00632
12	0.04163	0.05505	0.07372	0.01205	0.01753	0.04930	0.01046	0.06498	0.14971	0.07359	0.01557	0.01617	0.01196	0.00636	0.00556	0.00153	0.00600	0.00496	0.00474	0.37914
13	0.02459	0.03138	0.01866	0.01696	0.02035	0.74221	0.01272	0.02629	0.01866	0.01611	0.01018	0.01187	0.00848	0.00678	0.00594	0.00170	0.01187	0.00424	0.00339	0.00763
14	0.00802	0.00573	0.00764	0.00917	0.00955	0.00535	0.00611	0.00917	0.01260	0.01681	0.03628	0.76434	0.04354	0.02062	0.00840	0.00267	0.00382	0.01872	0.00611	0.00535
15	0.01621	0.01545	0.05158	0.18634	0.33946	0.01530	0.14808	0.02045	0.01478	0.07762	0.01334	0.01717	0.01032	0.00639	0.00738	0.00211	0.03886	0.00624	0.00356	0.00938
