[name]
unknown

[dist]
# distance from previous block
# <min> <max>
0	31

[block]
# block no. 0 follows, 33 sequences, length 112
# corresponding to MSA columns:
# 31-142
name=unknown_A
#
# <colnr> <probs for GDERKNQSTAVLIFYWHMCP>
#	G	D	E	R	K	N	Q	S	T	A	V	L	I	F	Y	W	H	M	C	P
0	0.01430	0.01036	0.01295	0.01290	0.01537	0.01087	0.01110	0.19085	0.01920	0.02528	0.02998	0.05929	0.03105	0.01555	0.00845	0.00276	0.00636	0.50980	0.00620	0.00738
1	0.02598	0.01845	0.01862	0.01461	0.01960	0.10876	0.01190	0.46954	0.02670	0.19280	0.01737	0.01679	0.01200	0.00782	0.00651	0.00195	0.00746	0.00587	0.00653	0.01075
2	0.69175	0.01564	0.01108	0.00995	0.01392	0.12830	0.00800	0.02043	0.01237	0.02744	0.00932	0.01088	0.00734	0.00622	0.00436	0.00198	0.00615	0.00367	0.00397	0.00721
3	0.00842	0.00688	0.00750	0.00769	0.00959	0.00612	0.00570	0.01092	0.04588	0.01888	0.11778	0.17718	0.50096	0.01674	0.00787	0.00231	0.00356	0.03397	0.00624	0.00581
4	0.78950	0.01292	0.01000	0.00887	0.01298	0.01495	0.00730	0.04162	0.01184	0.02992	0.00938	0.01086	0.00726	0.00617	0.00416	0.00204	0.00516	0.00364	0.00416	0.00726
5	0.01320	0.03405	0.73453	0.01876	0.02849	0.01529	0.02432	0.02085	0.01390	0.02085	0.01181	0.01390	0.00834	0.00625	0.00625	0.00208	0.00973	0.00486	0.00278	0.00973
6	0.02503	0.01844	0.01976	0.01515	0.02042	0.02042	0.01251	0.70562	0.03095	0.04149	0.01581	0.01581	0.01120	0.00790	0.00659	0.00198	0.00724	0.00593	0.00659	0.01120
7	0.01243	0.01170	0.01975	0.75282	0.04534	0.01463	0.01828	0.01682	0.01316	0.01682	0.01170	0.01755	0.00878	0.00658	0.00658	0.00219	0.00878	0.00585	0.00293	0.00731
8	0.01979	0.01584	0.01681	0.01409	0.01842	0.01797	0.01125	0.29978	0.44532	0.03305	0.02246	0.02110	0.01658	0.00853	0.00665	0.00213	0.00601	0.00684	0.00665	0.01073
9	0.01362	0.10337	0.66883	0.01806	0.02740	0.01630	0.02310	0.02074	0.01385	0.02035	0.01156	0.01359	0.00835	0.00620	0.00606	0.00202	0.00948	0.00474	0.00278	0.00961
10	0.00802	0.00573	0.00764	0.00917	0.00955	0.00535	0.00611	0.00917	0.01260	0.01681	0.03628	0.76434	0.04354	0.02062	0.00840	0.00267	0.00382	0.01872	0.00611	0.00535
11	0.00801	0.00576	0.00760	0.00908	0.00953	0.00535	0.00607	0.00918	0.01269	0.01684	0.03737	0.73926	0.06792	0.02048	0.00838	0.00266	0.00380	0.01854	0.00611	0.00535
12	0.15281	0.02132	0.01618	0.01410	0.01800	0.32287	0.01097	0.13345	0.10872	0.08974	0.01540	0.04114	0.01212	0.00773	0.00598	0.00193	0.00832	0.00553	0.00497	0.00872
13	0.01144	0.00572	0.00858	0.00858	0.00858	0.00572	0.00572	0.00858	0.00858	0.01144	0.01144	0.02001	0.01144	0.02287	0.02573	0.80846	0.00572	0.00572	0.00286	0.00286
14	0.00813	0.00581	0.00774	0.00909	0.00957	0.00542	0.00612	0.00944	0.01311	0.01760	0.09360	0.70475	0.04509	0.02003	0.00835	0.00262	0.00376	0.01815	0.00621	0.00542
15	0.02436	0.05571	0.01918	0.01677	0.02024	0.71869	0.01267	0.02607	0.01848	0.01609	0.01014	0.01183	0.00848	0.00675	0.00588	0.00169	0.01171	0.00422	0.00337	0.00766
16	0.12620	0.40727	0.21387	0.01355	0.01998	0.04531	0.03383	0.02056	0.01361	0.03853	0.01046	0.01203	0.00850	0.00597	0.00496	0.00172	0.00772	0.00411	0.00316	0.00866
17	0.00800	0.00579	0.00757	0.00900	0.00950	0.00536	0.00604	0.00919	0.01277	0.01687	0.03835	0.71674	0.08981	0.02036	0.00836	0.00264	0.00379	0.01839	0.00611	0.00536
18	0.00802	0.00573	0.00764	0.00917	0.00955	0.00535	0.00611	0.00917	0.01260	0.01681	0.03628	0.76434	0.04354	0.02062	0.00840	0.00267	0.00382	0.01872	0.00611	0.00535
19	0.01632	0.01723	0.02512	0.18676	0.25383	0.12959	0.15346	0.02011	0.01489	0.01927	0.01215	0.01634	0.00979	0.00656	0.00767	0.00207	0.06133	0.00599	0.03289	0.00862
20	0.00802	0.00573	0.00764	0.00917	0.00955	0.00535	0.00611	0.00917	0.01260	0.01681	0.03628	0.76434	0.04354	0.02062	0.00840	0.00267	0.00382	0.01872	0.00611	0.00535
21	0.02330	0.17021	0.02169	0.01580	0.01970	0.57289	0.01244	0.05760	0.01825	0.01721	0.01025	0.01181	0.00860	0.00662	0.00565	0.00166	0.01074	0.00419	0.00344	0.00796
22	0.00950	0.00698	0.01021	0.01018	0.01134	0.00799	0.00783	0.01180	0.01102	0.01599	0.05174	0.02770	0.01899	0.07814	0.65340	0.00971	0.01599	0.00737	0.02831	0.00582
23	0.03850	0.01423	0.02112	0.12723	0.34656	0.01540	0.01603	0.02414	0.18909	0.07933	0.01670	0.01877	0.01290	0.00719	0.00724	0.00211	0.04293	0.00625	0.00447	0.00982
24	0.01598	0.01532	0.02616	0.09825	0.67218	0.01556	0.02005	0.01993	0.01484	0.02113	0.01233	0.01640	0.01029	0.00592	0.00652	0.00197	0.00790	0.00586	0.00323	0.01017
25	0.00858	0.00670	0.00778	0.00751	0.00938	0.00590	0.00563	0.01100	0.01689	0.02227	0.40887	0.05598	0.37992	0.01500	0.00777	0.00214	0.00322	0.01286	0.00670	0.00590
26	0.01320	0.03405	0.73453	0.01876	0.02849	0.01529	0.02432	0.02085	0.01390	0.02085	0.01181	0.01390	0.00834	0.00625	0.00625	0.00208	0.00973	0.00486	0.00278	0.00973
27	0.01404	0.02825	0.48664	0.02196	0.03060	0.01577	0.26639	0.02093	0.01448	0.02093	0.01235	0.01527	0.00893	0.00600	0.00679	0.00213	0.01022	0.00590	0.00298	0.00943
28	0.01227	0.00614	0.00614	0.00614	0.00767	0.00614	0.00460	0.01534	0.01381	0.02454	0.02148	0.02454	0.01687	0.00767	0.00460	0.00153	0.00307	0.00614	0.80518	0.00614
29	0.81514	0.01273	0.00968	0.00866	0.01273	0.01477	0.00713	0.01935	0.01120	0.02954	0.00917	0.01069	0.00713	0.00611	0.00407	0.00204	0.00509	0.00356	0.00407	0.00713
30	0.01725	0.01497	0.01532	0.01364	0.01742	0.04336	0.01069	0.09024	0.61446	0.02808	0.02547	0.02464	0.01938	0.00901	0.00672	0.00221	0.00565	0.02466	0.00655	0.01027
31	0.81514	0.01273	0.00968	0.00866	0.01273	0.01477	0.00713	0.01935	0.01120	0.02954	0.00917	0.01069	0.00713	0.00611	0.00407	0.00204	0.00509	0.00356	0.00407	0.00713
32	0.02954	0.01120	0.01528	0.01171	0.01681	0.00968	0.00968	0.03208	0.01884	0.73213	0.02597	0.02241	0.01630	0.00815	0.00662	0.00204	0.00560	0.00662	0.00815	0.01120
33	0.02857	0.01099	0.01497	0.01155	0.01647	0.00951	0.00951	0.03114	0.01883	0.69832	0.05942	0.02369	0.01849	0.00840	0.00668	0.00204	0.00548	0.00687	0.00810	0.01096
34	0.00940	0.00705	0.01058	0.01058	0.01176	0.00823	0.00823	0.01176	0.01058	0.01528	0.01763	0.02586	0.01646	0.04937	0.74255	0.01058	0.01763	0.00705	0.00353	0.00588
35	0.01227	0.00614	0.00614	0.00614	0.00767	0.00614	0.00460	0.01534	0.01381	0.02454	0.02148	0.02454	0.01687	0.00767	0.00460	0.00153	0.00307	0.00614	0.80518	0.00614
36	0.01554	0.01776	0.03885	0.02775	0.03441	0.01665	0.70366	0.02109	0.01554	0.02109	0.01332	0.01776	0.00999	0.00555	0.00777	0.00222	0.01110	0.00777	0.00333	0.00888
37	0.00778	0.00667	0.00667	0.00667	0.00889	0.00556	0.00500	0.00945	0.01501	0.01778	0.06669	0.06336	0.72490	0.01667	0.00778	0.00222	0.00333	0.01389	0.00611	0.00556
38	0.01034	0.00741	0.01019	0.01149	0.01295	0.00733	0.00984	0.01319	0.01512	0.01976	0.07849	0.09179	0.05787	0.04155	0.00972	0.00304	0.00575	0.58212	0.00607	0.00597
39	0.01760	0.77260	0.03450	0.01126	0.01690	0.02605	0.01126	0.01971	0.01338	0.01549	0.00915	0.01056	0.00845	0.00563	0.00422	0.00141	0.00704	0.00352	0.00282	0.00845
40	0.02503	0.01844	0.01976	0.01515	0.02042	0.02042	0.01251	0.70562	0.03095	0.04149	0.01581	0.01581	0.01120	0.00790	0.00659	0.00198	0.00724	0.00593	0.00659	0.01120
41	0.00787	0.00667	0.00680	0.00677	0.00895	0.00560	0.00508	0.00963	0.01523	0.01831	0.10684	0.06249	0.68442	0.01648	0.00778	0.00221	0.00332	0.01377	0.00618	0.00560
42	0.00942	0.00700	0.01030	0.01030	0.01138	0.00808	0.00788	0.01158	0.01050	0.01508	0.01789	0.02726	0.01706	0.10777	0.68498	0.01024	0.01672	0.00726	0.00356	0.00572
43	0.53919	0.01305	0.01192	0.05647	0.03848	0.06044	0.02821	0.01844	0.01249	0.02594	0.03275	0.08257	0.01277	0.00776	0.00506	0.00207	0.00577	0.00567	0.03385	0.00710
44	0.01760	0.77260	0.03450	0.01126	0.01690	0.02605	0.01126	0.01971	0.01338	0.01549	0.00915	0.01056	0.00845	0.00563	0.00422	0.00141	0.00704	0.00352	0.00282	0.00845
45	0.00845	0.00624	0.00791	0.00845	0.00955	0.00569	0.00597	0.01039	0.01518	0.02045	0.29103	0.39225	0.15942	0.01739	0.00807	0.00238	0.00348	0.01547	0.00652	0.00569
46	0.01365	0.01170	0.01365	0.00975	0.01560	0.00878	0.00780	0.01658	0.01365	0.02145	0.01170	0.01365	0.00975	0.00488	0.00488	0.00098	0.00488	0.00390	0.00390	0.80888
47	0.01061	0.00758	0.01061	0.01212	0.01364	0.00758	0.01061	0.01364	0.01515	0.01970	0.03486	0.07426	0.03789	0.01819	0.00909	0.00303	0.00606	0.68326	0.00606	0.00606
48	0.01704	0.01875	0.01958	0.01698	0.01803	0.20809	0.01377	0.01859	0.01242	0.01608	0.00913	0.01372	0.00863	0.01009	0.01703	0.00252	0.54033	0.00531	0.00304	0.03086
49	0.01243	0.01170	0.01975	0.75282	0.04534	0.01463	0.01828	0.01682	0.01316	0.01682	0.01170	0.01755	0.00878	0.00658	0.00658	0.00219	0.00878	0.00585	0.00293	0.00731
50	0.00932	0.00673	0.00880	0.00828	0.00984	0.00621	0.00621	0.01242	0.01863	0.02640	0.72410	0.04918	0.06212	0.01346	0.00776	0.00207	0.00311	0.01191	0.00725	0.00621
51	0.01670	0.01675	0.02526	0.10850	0.59286	0.08475	0.01930	0.02045	0.01516	0.02053	0.01211	0.01600	0.01008	0.00602	0.00647	0.00195	0.00830	0.00571	0.00324	0.00985
52	0.00957	0.00638	0.00718	0.00718	0.00718	0.00638	0.00399	0.00957	0.00957	0.01276	0.02074	0.04308	0.02393	0.76864	0.03351	0.00638	0.00638	0.00957	0.00399	0.00399
53	0.02131	0.25579	0.02317	0.01476	0.01868	0.41559	0.01207	0.04733	0.03733	0.01736	0.01078	0.01248	0.00915	0.00682	0.00629	0.00169	0.05129	0.00431	0.02578	0.00802
54	0.05581	0.01195	0.01527	0.01189	0.01676	0.01111	0.00977	0.10472	0.04352	0.57619	0.05511	0.02252	0.01756	0.00831	0.00658	0.00204	0.00564	0.00670	0.00774	0.01081
55	0.12047	0.01415	0.01574	0.10119	0.04206	0.01623	0.01145	0.11006	0.41946	0.04746	0.02096	0.02059	0.01562	0.00805	0.00632	0.00216	0.00595	0.00650	0.00583	0.00974
56	0.02704	0.01184	0.01626	0.01254	0.01743	0.01074	0.04035	0.09428	0.01963	0.58570	0.04951	0.04768	0.01808	0.00862	0.00677	0.00206	0.00585	0.00720	0.00769	0.01072
57	0.01337	0.06154	0.70847	0.01848	0.02806	0.01569	0.02384	0.02081	0.01388	0.02065	0.01172	0.01377	0.00834	0.00623	0.00618	0.00206	0.00963	0.00481	0.00278	0.00968
58	0.00940	0.00705	0.01058	0.01058	0.01176	0.00823	0.00823	0.01176	0.01058	0.01528	0.01763	0.02586	0.01646	0.04937	0.74255	0.01058	0.01763	0.00705	0.00353	0.00588
59	0.01382	0.13767	0.63632	0.01771	0.02687	0.01680	0.02249	0.02069	0.01383	0.02010	0.01144	0.01343	0.00835	0.00617	0.00597	0.00199	0.00935	0.00468	0.00278	0.00955
60	0.01194	0.00896	0.01016	0.00959	0.01072	0.03599	0.00672	0.09322	0.01288	0.01720	0.01928	0.03468	0.02012	0.42430	0.23040	0.00679	0.00988	0.02739	0.00420	0.00557
61	0.01218	0.01206	0.02307	0.01812	0.02150	0.01192	0.32820	0.01543	0.01335	0.01819	0.02134	0.19105	0.04491	0.08772	0.10057	0.00378	0.05505	0.01042	0.00412	0.00703
62	0.01596	0.01366	0.01443	0.01282	0.01659	0.01542	0.01000	0.05718	0.60943	0.02709	0.02856	0.02652	0.06950	0.00927	0.00669	0.00217	0.00514	0.00769	0.00653	0.04536
63	0.02459	0.03138	0.01866	0.01696	0.02035	0.74221	0.01272	0.02629	0.01866	0.01611	0.01018	0.01187	0.00848	0.00678	0.00594	0.00170	0.01187	0.00424	0.00339	0.00763
64	0.00945	0.00686	0.00959	0.00959	0.01043	0.00769	0.00700	0.01112	0.01029	0.01455	0.01853	0.03085	0.01863	0.25789	0.53699	0.00936	0.01437	0.00778	0.00366	0.00533
65	0.01629	0.01564	0.02672	0.04041	0.72757	0.01564	0.02020	0.02020	0.01499	0.02151	0.01238	0.01629	0.01043	0.00587	0.00652	0.00196	0.00782	0.00587	0.00326	0.01043
66	0.00800	0.00668	0.00698	0.00690	0.00903	0.00565	0.00518	0.00988	0.01553	0.01903	0.16178	0.06131	0.62903	0.01621	0.00778	0.00220	0.00330	0.01361	0.00628	0.00565
67	0.00802	0.00573	0.00764	0.00917	0.00955	0.00535	0.00611	0.00917	0.01260	0.01681	0.03628	0.76434	0.04354	0.02062	0.00840	0.00267	0.00382	0.01872	0.00611	0.00535
68	0.01554	0.01776	0.03885	0.02775	0.03441	0.01665	0.70366	0.02109	0.01554	0.02109	0.01332	0.01776	0.00999	0.00555	0.00777	0.00222	0.01110	0.00777	0.00333	0.00888
69	0.05330	0.01824	0.01940	0.01491	0.02014	0.02021	0.01232	0.68107	0.03025	0.04106	0.01557	0.01562	0.01105	0.00784	0.00650	0.00198	0.00717	0.00584	0.00650	0.01105
70	0.01542	0.00926	0.00914	0.00820	0.01054	0.03598	0.00637	0.12878	0.01696	0.05205	0.02029	0.02257	0.01562	0.00769	0.00505	0.00163	0.00417	0.00605	0.61703	0.00720
71	0.00952	0.00636	0.00720	0.00725	0.00726	0.00635	0.00406	0.00956	0.00968	0.01291	0.02128	0.06823	0.02462	0.74255	0.03263	0.00625	0.00629	0.00989	0.00406	0.00404
72	0.02090	0.01444	0.01662	0.01379	0.01819	0.01570	0.03102	0.16345	0.41065	0.18397	0.02410	0.02220	0.01725	0.00846	0.00669	0.00214	0.00586	0.00698	0.00689	0.01070
73	0.01458	0.01389	0.02362	0.35667	0.42471	0.01519	0.01935	0.01870	0.01418	0.01943	0.01208	0.01685	0.00969	0.00618	0.00655	0.00206	0.00824	0.00586	0.00311	0.00905
74	0.01440	0.01440	0.02016	0.01728	0.01728	0.02016	0.01440	0.01584	0.01008	0.01584	0.00864	0.01440	0.00864	0.01152	0.02160	0.00288	0.75659	0.00576	0.00288	0.00720
75	0.11953	0.01597	0.02140	0.14803	0.19993	0.09579	0.06983	0.02010	0.01388	0.06337	0.01176	0.01541	0.00947	0.00737	0.00930	0.00219	0.15911	0.00557	0.00355	0.00844
76	0.00786	0.00657	0.00685	0.00699	0.00900	0.00556	0.00516	0.00952	0.01488	0.01798	0.08670	0.13818	0.62821	0.01698	0.00785	0.00227	0.00338	0.01434	0.00615	0.00556
77	0.01335	0.05910	0.71079	0.01851	0.02810	0.01565	0.02388	0.02081	0.01388	0.02067	0.01172	0.01379	0.00834	0.00623	0.00619	0.00206	0.00964	0.00482	0.00278	0.00969
78	0.01629	0.01564	0.02672	0.04041	0.72757	0.01564	0.02020	0.02020	0.01499	0.02151	0.01238	0.01629	0.01043	0.00587	0.00652	0.00196	0.00782	0.00587	0.00326	0.01043
79	0.01641	0.01386	0.01459	0.01294	0.01668	0.01576	0.01012	0.09651	0.58594	0.02797	0.02942	0.02730	0.08414	0.00955	0.00679	0.00221	0.00523	0.00789	0.00663	0.01005
80	0.00904	0.00672	0.00842	0.00799	0.00967	0.00609	0.00600	0.01189	0.01799	0.02486	0.60677	0.05171	0.18041	0.01403	0.00777	0.00210	0.00315	0.01226	0.00704	0.00609
81	0.00964	0.00745	0.00984	0.01014	0.01110	0.02910	0.00753	0.01148	0.01126	0.01546	0.02204	0.17412	0.02317	0.12641	0.46729	0.00801	0.01302	0.03314	0.00417	0.00561
82	0.00932	0.00673	0.00880	0.00828	0.00984	0.00621	0.00621	0.01242	0.01863	0.02640	0.72410	0.04918	0.06212	0.01346	0.00776	0.00207	0.00311	0.01191	0.00725	0.00621
83	0.01484	0.30968	0.47327	0.01596	0.02417	0.01930	0.01945	0.02042	0.01370	0.01885	0.01082	0.01265	0.00838	0.00602	0.00550	0.00183	0.00873	0.00436	0.00279	0.00925
84	0.01482	0.01414	0.02406	0.31265	0.46686	0.01525	0.01947	0.01891	0.01429	0.01972	0.01212	0.01677	0.00980	0.00614	0.00654	0.00205	0.00819	0.00586	0.00313	0.00924
85	0.00814	0.00582	0.00778	0.00931	0.00974	0.00545	0.00633	0.00938	0.01273	0.01694	0.03622	0.73128	0.04327	0.02051	0.00844	0.00269	0.00393	0.05056	0.00611	0.00538
86	0.00865	0.00675	0.00787	0.00774	0.00962	0.00598	0.00590	0.01105	0.01663	0.02175	0.35774	0.05774	0.38498	0.01534	0.00786	0.00221	0.00341	0.05628	0.00662	0.00588
87	0.01469	0.01401	0.02383	0.33539	0.44509	0.01522	0.01941	0.01880	0.01423	0.01957	0.01210	0.01681	0.00974	0.00616	0.00654	0.00205	0.00822	0.00586	0.00312	0.00914
88	0.01227	0.00614	0.00614	0.00614	0.00767	0.00614	0.00460	0.01534	0.01381	0.02454	0.02148	0.02454	0.01687	0.00767	0.00460	0.00153	0.00307	0.00614	0.80518	0.00614
89	0.01316	0.01244	0.02106	0.61853	0.17394	0.01482	0.01865	0.01746	0.01351	0.01770	0.01183	0.01731	0.00909	0.00645	0.00657	0.00215	0.00860	0.00585	0.00299	0.00790
90	0.00957	0.00638	0.00718	0.00718	0.00718	0.00638	0.00399	0.00957	0.00957	0.01276	0.02074	0.04308	0.02393	0.76864	0.03351	0.00638	0.00638	0.00957	0.00399	0.00399
91	0.01554	0.01776	0.03885	0.02775	0.03441	0.01665	0.70366	0.02109	0.01554	0.02109	0.01332	0.01776	0.00999	0.00555	0.00777	0.00222	0.01110	0.00777	0.00333	0.00888
92	0.01760	0.77260	0.03450	0.01126	0.01690	0.02605	0.01126	0.01971	0.01338	0.01549	0.00915	0.01056	0.00845	0.00563	0.00422	0.00141	0.00704	0.00352	0.00282	0.00845
93	0.02459	0.03138	0.01866	0.01696	0.02035	0.74221	0.01272	0.02629	0.01866	0.01611	0.01018	0.01187	0.00848	0.00678	0.00594	0.00170	0.01187	0.00424	0.00339	0.00763
94	0.00802	0.00573	0.00764	0.00917	0.00955	0.00535	0.00611	0.00917	0.01260	0.01681	0.03628	0.76434	0.04354	0.02062	0.00840	0.00267	0.00382	0.01872	0.00611	0.00535
95	0.01320	0.03405	0.73453	0.01876	0.02849	0.01529	0.02432	0.02085	0.01390	0.02085	0.01181	0.01390	0.00834	0.00625	0.00625	0.00208	0.00973	0.00486	0.00278	0.00973
96	0.00957	0.00638	0.00718	0.00718	0.00718	0.00638	0.00399	0.00957	0.00957	0.01276	0.02074	0.04308	0.02393	0.76864	0.03351	0.00638	0.00638	0.00957	0.00399	0.00399
97	0.00802	0.00573	0.00764	0.00917	0.00955	0.00535	0.00611	0.00917	0.01260	0.01681	0.03628	0.76434	0.04354	0.02062	0.00840	0.00267	0.00382	0.01872	0.00611	0.00535
98	0.01554	0.01776	0.03885	0.02775	0.03441	0.01665	0.70366	0.02109	0.01554	0.02109	0.01332	0.01776	0.00999	0.00555	0.00777	0.00222	0.01110	0.00777	0.00333	0.00888
99	0.01144	0.00572	0.00858	0.00858	0.00858	0.00572	0.00572	0.00858	0.00858	0.01144	0.01144	0.02001	0.01144	0.02287	0.02573	0.80846	0.00572	0.00572	0.00286	0.00286
100	0.00892	0.00683	0.00811	0.00874	0.01008	0.00638	0.00624	0.03403	0.03651	0.01884	0.07805	0.43390	0.26317	0.01813	0.00808	0.00247	0.00385	0.03563	0.00620	0.00584
101	0.01608	0.01542	0.02633	0.08040	0.68927	0.01558	0.02010	0.02001	0.01489	0.02124	0.01234	0.01636	0.01034	0.00591	0.00652	0.00197	0.00787	0.00586	0.00324	0.01025
102	0.01544	0.01478	0.02519	0.19708	0.57754	0.01542	0.01978	0.01946	0.01459	0.02048	0.01223	0.01657	0.01006	0.00602	0.00653	0.00201	0.00803	0.00586	0.00319	0.00974
103	0.01027	0.00790	0.01049	0.01004	0.01048	0.00925	0.00721	0.01137	0.01003	0.01419	0.01768	0.03216	0.01874	0.38200	0.29485	0.00739	0.12909	0.00804	0.00364	0.00520
104	0.01144	0.00572	0.00858	0.00858	0.00858	0.00572	0.00572	0.00858	0.00858	0.01144	0.01144	0.02001	0.01144	0.02287	0.02573	0.80846	0.00572	0.00572	0.00286	0.00286
105	0.01200	0.00922	0.01132	0.01048	0.01287	0.00925	0.03130	0.06205	0.13129	0.04095	0.20400	0.09620	0.18508	0.05491	0.00911	0.00253	0.00472	0.09927	0.00635	0.00711
106	0.01548	0.01749	0.03564	0.12049	0.03529	0.04339	0.58990	0.02073	0.01535	0.02035	0.01299	0.01751	0.00978	0.00573	0.00755	0.00220	0.01083	0.00739	0.00328	0.00863
107	0.02120	0.02571	0.01837	0.01655	0.01904	0.51914	0.01273	0.02329	0.03506	0.01635	0.01119	0.03368	0.01000	0.00947	0.02990	0.00225	0.17998	0.00514	0.00344	0.00750
108	0.01629	0.01564	0.02672	0.04041	0.72757	0.01564	0.02020	0.02020	0.01499	0.02151	0.01238	0.01629	0.01043	0.00587	0.00652	0.00196	0.00782	0.00587	0.00326	0.01043
109	0.01760	0.77260	0.03450	0.01126	0.01690	0.02605	0.01126	0.01971	0.01338	0.01549	0.00915	0.01056	0.00845	0.00563	0.00422	0.00141	0.00704	0.00352	0.00282	0.00845
110	0.08518	0.08060	0.43525	0.01620	0.02397	0.01666	0.01865	0.15641	0.01731	0.07121	0.01310	0.01431	0.00932	0.00665	0.00601	0.00201	0.00839	0.00498	0.00399	0.00980
111	0.02338	0.01791	0.01857	0.01476	0.01963	0.05113	0.01201	0.51755	0.16977	0.05927	0.01812	0.01763	0.01305	0.00807	0.00658	0.00202	0.00698	0.00618	0.00652	0.01088

[dist]
# distance from previous block
# <min> <max>
0	1

[block]
# block no. 1 follows, 33 sequences, length 16
# corresponding to MSA columns:
# 144-159
name=unknown_B
#
# <colnr> <probs for GDERKNQSTAVLIFYWHMCP>
#	G	D	E	R	K	N	Q	S	T	A	V	L	I	F	Y	W	H	M	C	P
0	0.01481	0.05390	0.18507	0.01217	0.01799	0.01107	0.01200	0.01904	0.03224	0.09721	0.06184	0.04263	0.01633	0.03168	0.00678	0.00178	0.00617	0.03371	0.00448	0.33909
1	0.00940	0.00705	0.01058	0.01058	0.01176	0.00823	0.00823	0.01176	0.01058	0.01528	0.01763	0.02586	0.01646	0.04937	0.74255	0.01058	0.01763	0.00705	0.00353	0.00588
2	0.01837	0.69116	0.03276	0.01189	0.01728	0.10473	0.01142	0.02044	0.01396	0.01556	0.00926	0.01070	0.00845	0.00576	0.00441	0.00144	0.00757	0.00360	0.00288	0.00836
3	0.02053	0.01149	0.01436	0.01060	0.01612	0.00917	0.00861	0.02330	0.01590	0.32941	0.01788	0.01745	0.01259	0.00629	0.00563	0.00144	0.00519	0.00508	0.00574	0.46323
4	0.01407	0.10495	0.37775	0.01618	0.02279	0.09021	0.06828	0.01923	0.01505	0.02022	0.10727	0.05833	0.04152	0.00822	0.00648	0.00202	0.00839	0.00680	0.00375	0.00849
5	0.02379	0.01506	0.01817	0.01418	0.01899	0.01572	0.04645	0.37837	0.07317	0.22910	0.04323	0.05851	0.01650	0.00877	0.00680	0.00206	0.00653	0.00718	0.00686	0.01056
6	0.01243	0.01170	0.01975	0.75282	0.04534	0.01463	0.01828	0.01682	0.01316	0.01682	0.01170	0.01755	0.00878	0.00658	0.00658	0.00219	0.00878	0.00585	0.00293	0.00731
7	0.01243	0.01170	0.01975	0.75282	0.04534	0.01463	0.01828	0.01682	0.01316	0.01682	0.01170	0.01755	0.00878	0.00658	0.00658	0.00219	0.00878	0.00585	0.00293	0.00731
8	0.01614	0.01577	0.02549	0.09228	0.60497	0.03941	0.01942	0.01985	0.01464	0.02059	0.01201	0.01612	0.01012	0.00633	0.00752	0.00203	0.05841	0.00580	0.00321	0.00988
9	0.07489	0.01052	0.01306	0.01170	0.01407	0.01183	0.00934	0.15031	0.01550	0.08032	0.01813	0.02632	0.01622	0.08606	0.33061	0.00621	0.06063	0.05215	0.00471	0.00740
10	0.01406	0.01215	0.01984	0.53335	0.06503	0.01419	0.05243	0.06378	0.01516	0.04905	0.04809	0.02202	0.01343	0.00758	0.00683	0.00220	0.00821	0.04099	0.00379	0.00782
11	0.01932	0.01231	0.01753	0.13354	0.05916	0.01145	0.05337	0.06414	0.01671	0.25078	0.04875	0.01922	0.01419	0.00687	0.00621	0.00175	0.00634	0.00591	0.00536	0.24708
12	0.09815	0.01270	0.01338	0.01101	0.01496	0.08000	0.04354	0.03783	0.06887	0.05496	0.13689	0.02883	0.14075	0.00915	0.00627	0.00178	0.00547	0.00753	0.00523	0.22271
13	0.04036	0.01283	0.01389	0.01144	0.01550	0.03540	0.00913	0.19107	0.09355	0.06451	0.11018	0.05780	0.07832	0.00960	0.00653	0.00187	0.00544	0.03739	0.00586	0.19933
14	0.14215	0.01533	0.01564	0.01296	0.01724	0.04454	0.01041	0.29206	0.18385	0.10730	0.03850	0.05776	0.01616	0.00867	0.00634	0.00208	0.00616	0.00676	0.00626	0.00982
15	0.19066	0.01613	0.01439	0.01245	0.01647	0.13102	0.00996	0.13923	0.15373	0.04684	0.01905	0.02272	0.04035	0.00847	0.00605	0.00199	0.00658	0.06607	0.00525	0.09258

[dist]
# distance from previous block
# <min> <max>
4	45

[block]
# block no. 2 follows, 33 sequences, length 9
# corresponding to MSA columns:
# 206-214
name=unknown_C
#
# <colnr> <probs for GDERKNQSTAVLIFYWHMCP>
#	G	D	E	R	K	N	Q	S	T	A	V	L	I	F	Y	W	H	M	C	P
0	0.09015	0.01725	0.01518	0.01275	0.01687	0.16568	0.01003	0.21674	0.09743	0.02684	0.02096	0.06041	0.08577	0.00875	0.00620	0.00186	0.00685	0.00673	0.00523	0.12830
1	0.04524	0.00857	0.00999	0.00960	0.01169	0.00856	0.00740	0.09093	0.05253	0.02441	0.27325	0.17609	0.15880	0.01461	0.00768	0.00230	0.00423	0.08088	0.00649	0.00674
2	0.01914	0.01551	0.02002	0.01586	0.02030	0.09062	0.16146	0.10624	0.16863	0.15030	0.09336	0.02533	0.06540	0.00867	0.00700	0.00209	0.00718	0.00772	0.00587	0.00928
3	0.01573	0.01507	0.02571	0.14372	0.62863	0.01549	0.01993	0.01971	0.01473	0.02083	0.01228	0.01648	0.01019	0.00597	0.00653	0.00199	0.00796	0.00586	0.00321	0.00998
4	0.01508	0.01265	0.01844	0.49990	0.07730	0.06098	0.01579	0.01892	0.01485	0.09954	0.08776	0.02096	0.01529	0.00745	0.00666	0.00212	0.00797	0.00647	0.00402	0.00785
5	0.01561	0.01370	0.02048	0.40033	0.17189	0.01526	0.01651	0.14248	0.01680	0.02271	0.01258	0.01658	0.00964	0.00650	0.00639	0.00198	0.00790	0.00566	0.00376	0.09325
6	0.06673	0.01385	0.01635	0.01449	0.06352	0.04805	0.04747	0.15245	0.11216	0.11589	0.09210	0.06089	0.04455	0.00878	0.00651	0.00194	0.00605	0.00737	0.00577	0.11508
7	0.07046	0.01779	0.01694	0.01402	0.01835	0.12454	0.01137	0.38372	0.07570	0.06963	0.02011	0.02328	0.04988	0.00903	0.00662	0.00206	0.00726	0.06360	0.00598	0.00964
8	0.30136	0.01266	0.01272	0.01107	0.01494	0.01388	0.00887	0.09278	0.20450	0.10887	0.05366	0.06119	0.01770	0.00874	0.00591	0.00212	0.00525	0.02586	0.00582	0.03211

[dist]
# distance from previous block
# <min> <max>
20	43

[block]
# block no. 3 follows, 33 sequences, length 69
# corresponding to MSA columns:
# 269-337
name=unknown_D
#
# <colnr> <probs for GDERKNQSTAVLIFYWHMCP>
#	G	D	E	R	K	N	Q	S	T	A	V	L	I	F	Y	W	H	M	C	P
0	0.02310	0.01678	0.01948	0.01513	0.02022	0.01814	0.05341	0.46635	0.14426	0.10372	0.01838	0.01798	0.01308	0.00787	0.00663	0.00201	0.00691	0.00630	0.00648	0.03378
1	0.04559	0.02481	0.04198	0.01814	0.02267	0.38603	0.13910	0.14045	0.07690	0.02278	0.01308	0.01467	0.01012	0.00689	0.00640	0.00190	0.01014	0.00543	0.00419	0.00873
2	0.09118	0.16310	0.45641	0.01613	0.02405	0.01691	0.03806	0.02158	0.03348	0.06377	0.01240	0.01391	0.00910	0.00630	0.00576	0.00196	0.00847	0.00476	0.00336	0.00934
3	0.01547	0.01756	0.03772	0.02712	0.03337	0.01686	0.66212	0.02077	0.01521	0.02077	0.01304	0.01756	0.00991	0.00591	0.00860	0.00226	0.05603	0.00765	0.00330	0.00878
4	0.00848	0.00626	0.00806	0.00886	0.00988	0.00584	0.00635	0.01029	0.01429	0.01905	0.18175	0.43027	0.14979	0.01973	0.04261	0.00287	0.00439	0.05936	0.00622	0.00563
5	0.01307	0.00873	0.01038	0.01004	0.01207	0.02641	0.00753	0.04550	0.07370	0.11419	0.20014	0.29531	0.09267	0.01500	0.00773	0.00234	0.00442	0.04703	0.00665	0.00709
6	0.12056	0.01325	0.01670	0.01605	0.11928	0.01326	0.01128	0.13170	0.07819	0.35703	0.04198	0.02010	0.01529	0.00776	0.00633	0.00203	0.00600	0.00627	0.00656	0.01038
7	0.00861	0.00638	0.00810	0.00908	0.01001	0.00601	0.00640	0.01081	0.04010	0.01868	0.12597	0.52833	0.12402	0.01870	0.00822	0.00255	0.00384	0.05221	0.00627	0.00571
8	0.01557	0.01767	0.03837	0.02824	0.06161	0.01661	0.67684	0.02105	0.01552	0.02110	0.01328	0.01770	0.01001	0.00556	0.00772	0.00221	0.01097	0.00769	0.00333	0.00894
9	0.06595	0.03538	0.01542	0.01272	0.01688	0.03339	0.01020	0.06056	0.38828	0.22569	0.02443	0.02374	0.01787	0.00867	0.00651	0.00215	0.00565	0.02956	0.00673	0.01021
10	0.01399	0.07094	0.55813	0.02157	0.10853	0.01603	0.07878	0.02073	0.01413	0.02065	0.01186	0.01431	0.00872	0.00612	0.00630	0.00204	0.00948	0.00514	0.00288	0.00967
11	0.00802	0.00573	0.00764	0.00917	0.00955	0.00535	0.00611	0.00917	0.01260	0.01681	0.03628	0.76434	0.04354	0.02062	0.00840	0.00267	0.00382	0.01872	0.00611	0.00535
12	0.02328	0.04231	0.01907	0.04338	0.02042	0.01877	0.01210	0.48662	0.13973	0.09883	0.01811	0.01771	0.01291	0.00796	0.00653	0.00201	0.00682	0.00615	0.00647	0.01083
13	0.01748	0.01900	0.07519	0.02439	0.09680	0.07992	0.38636	0.04688	0.10119	0.06260	0.01529	0.01788	0.01142	0.00637	0.00715	0.00212	0.00960	0.00692	0.00409	0.00937
14	0.02612	0.01305	0.01600	0.01262	0.01742	0.01283	0.01030	0.19008	0.10364	0.45971	0.02406	0.04889	0.01656	0.00865	0.00669	0.00207	0.00588	0.00701	0.00753	0.01089
15	0.01576	0.01825	0.07011	0.09019	0.12954	0.06975	0.33589	0.02058	0.03465	0.01981	0.01243	0.01658	0.00983	0.00679	0.00927	0.00223	0.11974	0.00660	0.00329	0.00872
16	0.14397	0.05064	0.12272	0.01409	0.01836	0.17027	0.01263	0.11208	0.06431	0.04389	0.01637	0.08068	0.01461	0.00911	0.00710	0.00212	0.05033	0.05383	0.00455	0.00834
17	0.01771	0.02042	0.10267	0.04647	0.23645	0.13287	0.13514	0.07489	0.12406	0.02278	0.01457	0.01684	0.01130	0.00664	0.00665	0.00202	0.00883	0.00607	0.00401	0.00960
18	0.00891	0.00737	0.00799	0.00818	0.01000	0.02702	0.00620	0.01096	0.01560	0.01963	0.19627	0.14432	0.41108	0.01635	0.00794	0.00231	0.00388	0.08394	0.00627	0.00578
19	0.13563	0.06579	0.18717	0.01725	0.07904	0.03775	0.06784	0.09329	0.12783	0.10233	0.01571	0.01648	0.01150	0.00692	0.00608	0.00203	0.00748	0.00559	0.00467	0.00962
20	0.02092	0.10595	0.09928	0.01909	0.13397	0.16594	0.01454	0.23699	0.03917	0.05927	0.01511	0.01615	0.03026	0.00720	0.00618	0.00188	0.00829	0.00548	0.00463	0.00970
21	0.00887	0.00648	0.00847	0.00981	0.01055	0.00631	0.00697	0.01132	0.05532	0.01784	0.03552	0.62824	0.04138	0.01960	0.00839	0.00269	0.00420	0.10616	0.00614	0.00575
22	0.01874	0.09161	0.17328	0.01985	0.10210	0.29995	0.07418	0.02378	0.07559	0.01935	0.03284	0.01533	0.01132	0.00674	0.00619	0.00188	0.00966	0.00528	0.00358	0.00876
23	0.01713	0.06998	0.12245	0.06372	0.30704	0.14667	0.13811	0.02134	0.01540	0.01976	0.01183	0.01513	0.00951	0.00605	0.00645	0.00195	0.00937	0.00562	0.00319	0.00928
24	0.01447	0.17558	0.57348	0.01726	0.02596	0.04457	0.02138	0.02083	0.01398	0.01964	0.01124	0.01318	0.00837	0.00616	0.00585	0.00194	0.00929	0.00458	0.00281	0.00941
25	0.01056	0.00886	0.00896	0.00907	0.01087	0.06664	0.00691	0.01327	0.03528	0.02063	0.19842	0.14549	0.24982	0.01481	0.00756	0.00225	0.00443	0.10026	0.07982	0.00610
26	0.15551	0.14555	0.18718	0.01451	0.03957	0.10448	0.01371	0.06627	0.12556	0.02360	0.05387	0.01642	0.01331	0.00711	0.00569	0.00193	0.00744	0.00524	0.00421	0.00884
27	0.01636	0.01698	0.02937	0.02374	0.08495	0.04330	0.38980	0.04152	0.21018	0.02305	0.01677	0.01915	0.01276	0.00682	0.00774	0.00220	0.03432	0.00728	0.00433	0.00939
28	0.00959	0.00686	0.01000	0.01000	0.01093	0.00780	0.00750	0.01123	0.01029	0.01466	0.01751	0.02750	0.01697	0.13582	0.59648	0.07542	0.01527	0.00725	0.00353	0.00540
29	0.01567	0.01538	0.02735	0.13534	0.54503	0.01563	0.10875	0.01986	0.01481	0.02082	0.01241	0.01665	0.01015	0.00592	0.00669	0.00202	0.00838	0.00611	0.00322	0.00980
30	0.11333	0.24739	0.41453	0.01526	0.02287	0.04502	0.01797	0.02053	0.01359	0.02017	0.01065	0.01245	0.00823	0.00607	0.00538	0.00187	0.00845	0.00429	0.00297	0.00896
31	0.02215	0.01213	0.01458	0.01227	0.01639	0.01234	0.00975	0.05581	0.29594	0.36056	0.02688	0.09142	0.02013	0.00960	0.00681	0.00217	0.00534	0.00804	0.00733	0.01035
32	0.01166	0.01015	0.01055	0.01057	0.01260	0.07563	0.00830	0.01635	0.11288	0.02162	0.21605	0.11066	0.15694	0.01457	0.00784	0.00238	0.00506	0.18325	0.00622	0.00670
33	0.02117	0.06449	0.07688	0.01471	0.01931	0.20432	0.01247	0.21635	0.16661	0.06933	0.01727	0.03772	0.01332	0.00793	0.00628	0.00194	0.00790	0.00599	0.02647	0.00954
34	0.01205	0.00817	0.00918	0.00853	0.01115	0.00752	0.00652	0.01606	0.10183	0.11903	0.13288	0.09111	0.42224	0.01438	0.00752	0.00221	0.00388	0.01213	0.00660	0.00700
35	0.01116	0.00719	0.00996	0.01093	0.01232	0.00704	0.00876	0.01344	0.01416	0.07665	0.03303	0.30337	0.03609	0.02108	0.07626	0.00352	0.00632	0.33649	0.00602	0.00622
36	0.01292	0.03011	0.61054	0.01861	0.02723	0.01448	0.07829	0.01979	0.01391	0.02050	0.01419	0.08339	0.01172	0.00752	0.00658	0.00215	0.00930	0.00638	0.00313	0.00926
37	0.01315	0.01168	0.01939	0.53009	0.10196	0.01346	0.04573	0.01712	0.01392	0.05083	0.01925	0.02329	0.09722	0.00778	0.00678	0.00217	0.00797	0.00696	0.00361	0.00763
38	0.01320	0.03405	0.73453	0.01876	0.02849	0.01529	0.02432	0.02085	0.01390	0.02085	0.01181	0.01390	0.00834	0.00625	0.00625	0.00208	0.00973	0.00486	0.00278	0.00973
39	0.01300	0.01262	0.01969	0.71858	0.04418	0.04847	0.01802	0.01726	0.01342	0.01679	0.01163	0.01729	0.00876	0.00659	0.00655	0.00217	0.00892	0.00578	0.00295	0.00733
40	0.01844	0.49132	0.15483	0.01344	0.01951	0.10191	0.01374	0.05888	0.01522	0.04421	0.01072	0.01202	0.00887	0.00609	0.00499	0.00161	0.00800	0.00408	0.00328	0.00884
41	0.00957	0.00638	0.00718	0.00718	0.00718	0.00638	0.00399	0.00957	0.00957	0.01276	0.02074	0.04308	0.02393	0.76864	0.03351	0.00638	0.00638	0.00957	0.00399	0.00399
42	0.00940	0.00705	0.01058	0.01058	0.01176	0.00823	0.00823	0.01176	0.01058	0.01528	0.01763	0.02586	0.01646	0.04937	0.74255	0.01058	0.01763	0.00705	0.00353	0.00588
43	0.00957	0.00638	0.00718	0.00718	0.00718	0.00638	0.00399	0.00957	0.00957	0.01276	0.02074	0.04308	0.02393	0.76864	0.03351	0.00638	0.00638	0.00957	0.00399	0.00399
44	0.61057	0.01580	0.01215	0.01056	0.01471	0.10482	0.00855	0.11361	0.01481	0.02952	0.01019	0.01153	0.00785	0.00644	0.00464	0.00199	0.00622	0.00397	0.00433	0.00774
45	0.01629	0.01564	0.02672	0.04041	0.72757	0.01564	0.02020	0.02020	0.01499	0.02151	0.01238	0.01629	0.01043	0.00587	0.00652	0.00196	0.00782	0.00587	0.00326	0.01043
46	0.00802	0.00573	0.00764	0.00917	0.00955	0.00535	0.00611	0.00917	0.01260	0.01681	0.03628	0.76434	0.04354	0.02062	0.00840	0.00267	0.00382	0.01872	0.00611	0.00535
47	0.01243	0.01170	0.01975	0.75282	0.04534	0.01463	0.01828	0.01682	0.01316	0.01682	0.01170	0.01755	0.00878	0.00658	0.00658	0.00219	0.00878	0.00585	0.00293	0.00731
48	0.01760	0.77260	0.03450	0.01126	0.01690	0.02605	0.01126	0.01971	0.01338	0.01549	0.00915	0.01056	0.00845	0.00563	0.00422	0.00141	0.00704	0.00352	0.00282	0.00845
49	0.00778	0.00667	0.00667	0.00667	0.00889	0.00556	0.00500	0.00945	0.01501	0.01778	0.06669	0.06336	0.72490	0.01667	0.00778	0.00222	0.00333	0.01389	0.00611	0.00556
50	0.01320	0.03405	0.73453	0.01876	0.02849	0.01529	0.02432	0.02085	0.01390	0.02085	0.01181	0.01390	0.00834	0.00625	0.00625	0.00208	0.00973	0.00486	0.00278	0.00973
51	0.00783	0.00667	0.00673	0.00672	0.00892	0.00558	0.00504	0.00954	0.01512	0.01805	0.08694	0.06292	0.70449	0.01657	0.00778	0.00222	0.00333	0.01383	0.00615	0.00558
52	0.00814	0.00581	0.00757	0.00892	0.00933	0.00544	0.00590	0.00921	0.01244	0.01651	0.03603	0.68179	0.06476	0.08176	0.01044	0.00296	0.00401	0.01780	0.00594	0.00524
53	0.01395	0.00943	0.01138	0.00993	0.01255	0.00937	0.00773	0.11536	0.07736	0.09334	0.47296	0.04051	0.07548	0.01194	0.00740	0.00207	0.00411	0.01028	0.00714	0.00770
54	0.01478	0.01636	0.03400	0.02494	0.03027	0.01615	0.56193	0.01947	0.01463	0.02009	0.01463	0.07850	0.01257	0.00752	0.00952	0.00234	0.10200	0.00842	0.00350	0.00838
55	0.02372	0.01702	0.01845	0.01453	0.01948	0.01875	0.01188	0.52065	0.16249	0.09536	0.01877	0.01804	0.01334	0.00812	0.00661	0.00203	0.00672	0.00628	0.00674	0.01105
56	0.01674	0.01433	0.01509	0.01347	0.01726	0.01655	0.01051	0.06365	0.68641	0.02814	0.02632	0.02419	0.01972	0.00889	0.00669	0.00222	0.00530	0.00738	0.00669	0.01045
57	0.01526	0.01696	0.05860	0.02683	0.13035	0.01581	0.47069	0.04540	0.01552	0.02135	0.01492	0.07835	0.01273	0.00718	0.00808	0.00223	0.03910	0.00814	0.00363	0.00886
58	0.01760	0.77260	0.03450	0.01126	0.01690	0.02605	0.01126	0.01971	0.01338	0.01549	0.00915	0.01056	0.00845	0.00563	0.00422	0.00141	0.00704	0.00352	0.00282	0.00845
59	0.00809	0.00576	0.00762	0.00907	0.00944	0.00540	0.00601	0.00919	0.01246	0.01662	0.03556	0.73079	0.04263	0.05542	0.00957	0.00285	0.00394	0.01829	0.00601	0.00528
60	0.00907	0.00653	0.00672	0.00672	0.00854	0.00586	0.00492	0.01093	0.01405	0.01881	0.04996	0.05100	0.46678	0.08795	0.03433	0.00274	0.00405	0.01142	0.19406	0.00555
61	0.01853	0.08851	0.02599	0.03107	0.45243	0.14529	0.04668	0.07472	0.01676	0.02154	0.01200	0.01501	0.00994	0.00615	0.00626	0.00187	0.00856	0.00545	0.00350	0.00975
62	0.01320	0.03405	0.73453	0.01876	0.02849	0.01529	0.02432	0.02085	0.01390	0.02085	0.01181	0.01390	0.00834	0.00625	0.00625	0.00208	0.00973	0.00486	0.00278	0.00973
63	0.81514	0.01273	0.00968	0.00866	0.01273	0.01477	0.00713	0.01935	0.01120	0.02954	0.00917	0.01069	0.00713	0.00611	0.00407	0.00204	0.00509	0.00356	0.00407	0.00713
64	0.00943	0.00722	0.00871	0.00843	0.01019	0.00681	0.00628	0.01329	0.07432	0.02362	0.45257	0.12205	0.20340	0.01452	0.00774	0.00218	0.00340	0.01266	0.00684	0.00632
65	0.00991	0.00793	0.01290	0.01199	0.01361	0.00892	0.06519	0.01252	0.01099	0.01576	0.01728	0.02520	0.01593	0.04578	0.68237	0.00990	0.01710	0.00711	0.00351	0.00612
66	0.01864	0.02276	0.14013	0.04239	0.19873	0.21676	0.01597	0.10062	0.04367	0.02228	0.01250	0.01463	0.00986	0.00643	0.00612	0.00180	0.00876	0.00507	0.00380	0.10907
67	0.05803	0.11594	0.01838	0.01324	0.01708	0.17000	0.01065	0.19763	0.06977	0.10102	0.01620	0.02013	0.01341	0.10111	0.00983	0.00246	0.02912	0.02223	0.00504	0.00872
68	0.14024	0.35126	0.14196	0.01319	0.01873	0.14705	0.01295	0.04084	0.02939	0.01986	0.02530	0.01261	0.00968	0.00631	0.00503	0.00171	0.00792	0.00420	0.00339	0.00839

[dist]
# distance from previous block
# <min> <max>
0	12

[block]
# block no. 4 follows, 33 sequences, length 30
# corresponding to MSA columns:
# 350-379
name=unknown_E
#
# <colnr> <probs for GDERKNQSTAVLIFYWHMCP>
#	G	D	E	R	K	N	Q	S	T	A	V	L	I	F	Y	W	H	M	C	P
0	0.20354	0.17530	0.06297	0.01744	0.10773	0.07476	0.10633	0.03721	0.01461	0.06889	0.01449	0.01621	0.04495	0.00678	0.00596	0.00192	0.02311	0.00536	0.00389	0.00853
1	0.01652	0.19497	0.43897	0.01734	0.06140	0.01725	0.01920	0.04313	0.01492	0.09895	0.01294	0.01428	0.00944	0.00636	0.00587	0.00192	0.00849	0.00484	0.00353	0.00969
2	0.00810	0.00576	0.00761	0.00906	0.00942	0.00540	0.00600	0.00919	0.01244	0.01659	0.03546	0.72613	0.04250	0.06025	0.00973	0.00287	0.00396	0.01823	0.00600	0.00528
3	0.03589	0.16196	0.07921	0.10546	0.02061	0.14749	0.01229	0.07232	0.07520	0.02078	0.08519	0.10101	0.01898	0.00997	0.02424	0.00217	0.00769	0.00716	0.00439	0.00799
4	0.05397	0.01479	0.02215	0.29991	0.35021	0.05142	0.01772	0.04608	0.01489	0.02067	0.01197	0.01615	0.00956	0.00623	0.00634	0.00200	0.00811	0.00560	0.00334	0.03888
5	0.01031	0.00658	0.00766	0.00763	0.00808	0.00639	0.00462	0.01073	0.01089	0.04976	0.04565	0.12131	0.06066	0.59109	0.02745	0.00544	0.00582	0.01069	0.00463	0.00464
6	0.00862	0.00637	0.00812	0.00916	0.00997	0.00607	0.00630	0.01099	0.05279	0.01852	0.11355	0.60287	0.08413	0.01895	0.00820	0.00256	0.00379	0.01705	0.00627	0.00574
7	0.13122	0.09497	0.01963	0.01775	0.11397	0.30178	0.01248	0.09312	0.11365	0.02275	0.01308	0.01432	0.01042	0.00686	0.00576	0.00185	0.00854	0.00491	0.00419	0.00876
8	0.01568	0.01501	0.02561	0.15391	0.61888	0.01548	0.01990	0.01966	0.01470	0.02076	0.01227	0.01649	0.01016	0.00598	0.00653	0.00199	0.00797	0.00586	0.00321	0.00993
9	0.00887	0.00671	0.00818	0.00781	0.00956	0.00602	0.00586	0.01156	0.01758	0.02390	0.53363	0.05328	0.25414	0.01439	0.00777	0.00211	0.00317	0.01248	0.00692	0.00602
10	0.01633	0.02044	0.11351	0.02544	0.03216	0.06191	0.55035	0.05622	0.01634	0.02179	0.01308	0.01687	0.00977	0.00582	0.00743	0.00216	0.01080	0.00713	0.00344	0.00901
11	0.01706	0.01787	0.03197	0.02561	0.09903	0.05346	0.43890	0.09709	0.04697	0.02299	0.01354	0.01712	0.01042	0.00653	0.00850	0.00219	0.07076	0.00702	0.00379	0.00916
12	0.00783	0.00667	0.00674	0.00673	0.00893	0.00558	0.00504	0.00955	0.01513	0.01809	0.08973	0.06286	0.70167	0.01656	0.00778	0.00222	0.00333	0.01382	0.00615	0.00558
13	0.00802	0.00573	0.00764	0.00917	0.00955	0.00535	0.00611	0.00917	0.01260	0.01681	0.03628	0.76434	0.04354	0.02062	0.00840	0.00267	0.00382	0.01872	0.00611	0.00535
14	0.00940	0.00705	0.01058	0.01058	0.01176	0.00823	0.00823	0.01176	0.01058	0.01528	0.01763	0.02586	0.01646	0.04937	0.74255	0.01058	0.01763	0.00705	0.00353	0.00588
15	0.02903	0.01202	0.01578	0.01210	0.01721	0.01089	0.01000	0.10833	0.02021	0.65395	0.02482	0.02166	0.01572	0.00812	0.00662	0.00203	0.00579	0.00654	0.00797	0.01120
16	0.01637	0.01414	0.01489	0.01340	0.01712	0.01637	0.01042	0.03498	0.71568	0.02754	0.02679	0.02456	0.02010	0.00893	0.00670	0.00223	0.00521	0.00744	0.00670	0.01042
17	0.01471	0.02999	0.61426	0.01731	0.02610	0.01412	0.02162	0.02145	0.01451	0.09929	0.01645	0.01761	0.04935	0.00705	0.00638	0.00209	0.00891	0.00556	0.00356	0.00966
18	0.01384	0.14047	0.63366	0.01768	0.02682	0.01684	0.02244	0.02068	0.01382	0.02008	0.01143	0.01342	0.00836	0.00616	0.00596	0.00199	0.00934	0.00467	0.00279	0.00954
19	0.53942	0.01498	0.04869	0.01186	0.01660	0.01566	0.06248	0.12055	0.04506	0.05371	0.01190	0.01312	0.00886	0.00653	0.00503	0.00205	0.00611	0.00456	0.00457	0.00826
20	0.01230	0.00908	0.00941	0.00898	0.01001	0.05305	0.00589	0.01490	0.09074	0.05573	0.04934	0.06854	0.02421	0.50689	0.04955	0.00520	0.00669	0.00924	0.00469	0.00555
21	0.01431	0.02894	0.54971	0.01793	0.02617	0.01531	0.05402	0.08836	0.03950	0.02264	0.01333	0.01603	0.00993	0.02931	0.04387	0.00263	0.00970	0.00544	0.00339	0.00951
22	0.08457	0.01394	0.09643	0.01132	0.01472	0.07365	0.01002	0.07832	0.01745	0.02453	0.26866	0.06601	0.08763	0.01160	0.00706	0.00213	0.00564	0.08344	0.00565	0.03722
23	0.02042	0.09852	0.07960	0.01315	0.01726	0.21150	0.01116	0.05808	0.06032	0.17707	0.07135	0.02200	0.01711	0.10282	0.00960	0.00244	0.00778	0.00629	0.00507	0.00848
24	0.08464	0.16431	0.16245	0.03256	0.02131	0.09171	0.09434	0.03526	0.01475	0.05439	0.04065	0.01729	0.04252	0.00732	0.00718	0.00194	0.06966	0.00559	0.00375	0.04836
25	0.14887	0.12785	0.18902	0.03403	0.01965	0.09145	0.01332	0.04557	0.07423	0.09077	0.03436	0.01792	0.04721	0.00733	0.00574	0.00192	0.00728	0.00544	0.00436	0.03368
26	0.03357	0.10840	0.33937	0.01672	0.06155	0.05295	0.05336	0.01952	0.01462	0.05616	0.04067	0.05216	0.08063	0.00804	0.00631	0.00198	0.00795	0.00659	0.00381	0.03561
27	0.10114	0.19487	0.14722	0.01682	0.09589	0.06478	0.05033	0.03682	0.07657	0.02171	0.06916	0.01692	0.01402	0.00697	0.00613	0.00187	0.02633	0.00543	0.00389	0.04313
28	0.12042	0.11203	0.15629	0.01514	0.06466	0.08802	0.03340	0.03659	0.05458	0.07196	0.09158	0.02157	0.06556	0.00815	0.00659	0.00199	0.03225	0.00631	0.00445	0.00847
29	0.03572	0.02033	0.16850	0.05208	0.05570	0.14842	0.05739	0.08945	0.01640	0.04138	0.01708	0.12987	0.01597	0.00950	0.00746	0.00214	0.04426	0.04279	0.00425	0.04130

[dist]
# distance from previous block
# <min> <max>
0	77

[block]
# block no. 5 follows, 33 sequences, length 13
# corresponding to MSA columns:
# 466-478
name=unknown_F
#
# <colnr> <probs for GDERKNQSTAVLIFYWHMCP>
#	G	D	E	R	K	N	Q	S	T	A	V	L	I	F	Y	W	H	M	C	P
