[name]
unknown

[dist]
# distance from previous block
# <min> <max>
0	61

[block]
# block no. 0 follows, 33 sequences, length 30
# corresponding to MSA columns:
# 61-90
name=unknown_A
#
# <colnr> <probs for GDERKNQSTAVLIFYWHMCP>
#	G	D	E	R	K	N	Q	S	T	A	V	L	I	F	Y	W	H	M	C	P
0	0.10639	0.01836	0.01601	0.01523	0.04719	0.24747	0.01167	0.08143	0.06263	0.05589	0.04206	0.02682	0.01717	0.00984	0.00820	0.00221	0.08687	0.13184	0.00476	0.00797
1	0.02253	0.02109	0.01959	0.08770	0.07237	0.23645	0.01352	0.36254	0.02371	0.02916	0.01354	0.01518	0.01028	0.00876	0.03229	0.00221	0.00919	0.00545	0.00493	0.00951
2	0.01922	0.60244	0.03090	0.01251	0.01769	0.16693	0.01159	0.04297	0.01498	0.01644	0.00957	0.01099	0.00854	0.00593	0.00464	0.00148	0.00800	0.00374	0.00305	0.00838
3	0.01572	0.15382	0.01810	0.01068	0.01605	0.01281	0.00903	0.01837	0.01379	0.07733	0.01218	0.01383	0.00996	0.00571	0.00598	0.00127	0.05424	0.00417	0.00397	0.54300
4	0.00802	0.00573	0.00764	0.00917	0.00955	0.00535	0.00611	0.00917	0.01260	0.01681	0.03628	0.76434	0.04354	0.02062	0.00840	0.00267	0.00382	0.01872	0.00611	0.00535
5	0.00802	0.00573	0.00764	0.00917	0.00955	0.00535	0.00611	0.00917	0.01260	0.01681	0.03628	0.76434	0.04354	0.02062	0.00840	0.00267	0.00382	0.01872	0.00611	0.00535
6	0.02750	0.01405	0.10498	0.01259	0.01826	0.01038	0.01150	0.03068	0.01823	0.64342	0.02421	0.02135	0.01530	0.00791	0.00657	0.00204	0.00612	0.00640	0.00748	0.01102
7	0.02459	0.03138	0.01866	0.01696	0.02035	0.74221	0.01272	0.02629	0.01866	0.01611	0.01018	0.01187	0.00848	0.00678	0.00594	0.00170	0.01187	0.00424	0.00339	0.00763
8	0.00802	0.00573	0.00764	0.00917	0.00955	0.00535	0.00611	0.00917	0.01260	0.01681	0.03628	0.76434	0.04354	0.02062	0.00840	0.00267	0.00382	0.01872	0.00611	0.00535
9	0.02424	0.03071	0.01900	0.01795	0.05034	0.71140	0.01304	0.02603	0.01850	0.01634	0.01027	0.01206	0.00856	0.00675	0.00596	0.00171	0.01170	0.00431	0.00339	0.00775
10	0.02822	0.01305	0.07333	0.01228	0.01775	0.01013	0.01086	0.03118	0.01844	0.67472	0.02483	0.02172	0.01565	0.00800	0.00659	0.00204	0.00593	0.00648	0.00771	0.01108
11	0.00957	0.00638	0.00718	0.00718	0.00718	0.00638	0.00399	0.00957	0.00957	0.01276	0.02074	0.04308	0.02393	0.76864	0.03351	0.00638	0.00638	0.00957	0.00399	0.00399
12	0.01629	0.01564	0.02672	0.04041	0.72757	0.01564	0.02020	0.02020	0.01499	0.02151	0.01238	0.01629	0.01043	0.00587	0.00652	0.00196	0.00782	0.00587	0.00326	0.01043
13	0.02372	0.13925	0.02162	0.01522	0.01985	0.28661	0.01240	0.35036	0.02373	0.02816	0.01271	0.01355	0.00977	0.00714	0.00598	0.00179	0.00891	0.00494	0.00483	0.00946
14	0.01629	0.01564	0.02672	0.04041	0.72757	0.01564	0.02020	0.02020	0.01499	0.02151	0.01238	0.01629	0.01043	0.00587	0.00652	0.00196	0.00782	0.00587	0.00326	0.01043
15	0.00916	0.00672	0.00858	0.00812	0.00974	0.00614	0.00609	0.01212	0.01826	0.02551	0.65598	0.05064	0.13079	0.01379	0.00777	0.00209	0.00313	0.01211	0.00713	0.00614
16	0.01574	0.01508	0.02572	0.14287	0.62945	0.01550	0.01993	0.01972	0.01473	0.02083	0.01228	0.01647	0.01019	0.00597	0.00653	0.00199	0.00796	0.00586	0.00321	0.00998
17	0.02024	0.01473	0.01630	0.01304	0.01760	0.01560	0.01052	0.33310	0.18546	0.08982	0.09543	0.02172	0.01901	0.00838	0.00653	0.00192	0.00589	0.00673	0.00647	0.11153
18	0.06286	0.01268	0.01573	0.01205	0.01720	0.01186	0.00993	0.15748	0.02033	0.50740	0.02204	0.01986	0.01434	0.00772	0.00635	0.00193	0.00583	0.00611	0.00730	0.08101
19	0.05234	0.01252	0.01410	0.01042	0.01600	0.01060	0.00837	0.08103	0.05943	0.02405	0.01291	0.01440	0.01041	0.00547	0.00511	0.00120	0.00512	0.00429	0.00433	0.64789
20	0.01478	0.01187	0.01201	0.01038	0.01330	0.10251	0.00801	0.07990	0.01904	0.08400	0.39464	0.03612	0.07984	0.01092	0.00702	0.00190	0.00502	0.00919	0.00634	0.09322
21	0.00945	0.00754	0.00880	0.00875	0.01076	0.00681	0.00635	0.01256	0.07072	0.01938	0.10021	0.33506	0.24553	0.01586	0.00757	0.00223	0.00386	0.01387	0.00597	0.10870
22	0.08782	0.01308	0.01479	0.01175	0.01653	0.01292	0.00948	0.14107	0.16168	0.20676	0.05113	0.01982	0.01592	0.00754	0.00604	0.00181	0.00547	0.00599	0.00617	0.20422
23	0.01595	0.01213	0.01428	0.03123	0.05000	0.01241	0.00975	0.07424	0.27999	0.08859	0.09983	0.06891	0.05540	0.00940	0.00662	0.00197	0.00515	0.00796	0.00607	0.15012
24	0.01733	0.03085	0.02076	0.15880	0.22254	0.01269	0.07113	0.02047	0.01499	0.16726	0.04821	0.01938	0.01369	0.00808	0.00806	0.06703	0.00714	0.00621	0.00442	0.08096
25	0.06776	0.01423	0.02182	0.20331	0.29402	0.01517	0.04903	0.09752	0.04164	0.08776	0.01485	0.01880	0.01156	0.00694	0.00654	0.00208	0.00763	0.02567	0.00425	0.00942
26	0.05683	0.04054	0.08022	0.01559	0.12382	0.01208	0.01143	0.10575	0.05074	0.02503	0.19099	0.07729	0.08407	0.01044	0.00684	0.00205	0.00562	0.03911	0.00537	0.05619
27	0.18442	0.01436	0.05903	0.01395	0.07960	0.06050	0.01048	0.09764	0.09506	0.04280	0.19381	0.06298	0.04022	0.00950	0.00641	0.00207	0.00575	0.00774	0.00548	0.00819
28	0.02046	0.01605	0.04978	0.01412	0.01887	0.08007	0.06353	0.14713	0.16298	0.18759	0.05836	0.02264	0.05025	0.00829	0.00662	0.00198	0.00670	0.00687	0.00606	0.07165
29	0.07089	0.06389	0.01802	0.01558	0.08483	0.12084	0.03044	0.18270	0.01882	0.07921	0.02004	0.08683	0.07252	0.00895	0.00671	0.00193	0.02658	0.00711	0.00501	0.07911

[dist]
# distance from previous block
# <min> <max>
17	135

[block]
# block no. 1 follows, 33 sequences, length 189
# corresponding to MSA columns:
# 230-418
name=unknown_B
#
# <colnr> <probs for GDERKNQSTAVLIFYWHMCP>
#	G	D	E	R	K	N	Q	S	T	A	V	L	I	F	Y	W	H	M	C	P
0	0.01020	0.00871	0.01181	0.08784	0.11195	0.00838	0.00914	0.01301	0.03718	0.01888	0.07100	0.23792	0.27096	0.01411	0.00744	0.00222	0.00478	0.01236	0.00533	0.05679
1	0.02706	0.05982	0.01733	0.01305	0.04376	0.01207	0.01040	0.10445	0.01945	0.55173	0.02263	0.02031	0.01472	0.00773	0.00638	0.00194	0.00592	0.00620	0.00726	0.04779
2	0.02612	0.01219	0.01674	0.04260	0.09062	0.01141	0.01121	0.08153	0.04196	0.53409	0.04551	0.02202	0.01661	0.00803	0.00664	0.00204	0.00598	0.00666	0.00726	0.01079
3	0.02502	0.01309	0.01640	0.01294	0.01749	0.03774	0.03454	0.12314	0.07594	0.44846	0.08308	0.02320	0.01911	0.00859	0.00716	0.00207	0.02740	0.00698	0.00725	0.01039
4	0.02580	0.01411	0.04289	0.01250	0.01784	0.03744	0.01058	0.14772	0.02007	0.46243	0.02116	0.01937	0.01394	0.00754	0.00634	0.00187	0.00617	0.00598	0.00693	0.11933
5	0.05168	0.01030	0.01154	0.01100	0.01322	0.03551	0.00816	0.14857	0.04328	0.09718	0.02871	0.45294	0.03064	0.01526	0.00751	0.00239	0.00506	0.01334	0.00625	0.00744
6	0.07924	0.01491	0.02754	0.06506	0.02731	0.01454	0.37864	0.04789	0.01621	0.17046	0.04015	0.03733	0.01361	0.00709	0.00753	0.00218	0.02929	0.00738	0.00468	0.00900
7	0.02521	0.01211	0.01512	0.01199	0.01660	0.01160	0.00976	0.12564	0.10231	0.47843	0.07349	0.02499	0.04412	0.00887	0.00674	0.00206	0.00554	0.00723	0.00762	0.01057
8	0.04974	0.05222	0.08629	0.01458	0.01988	0.17248	0.01263	0.30726	0.04023	0.05381	0.01379	0.01455	0.01030	0.00697	0.00600	0.00178	0.00795	0.00507	0.00499	0.11948
9	0.01666	0.05568	0.12583	0.02279	0.02914	0.08569	0.41685	0.05107	0.08775	0.02183	0.01411	0.01697	0.01064	0.00621	0.00707	0.00211	0.01004	0.00674	0.00372	0.00911
10	0.24594	0.03926	0.01834	0.01429	0.01893	0.04236	0.10199	0.16462	0.20409	0.06193	0.01658	0.01695	0.01230	0.00726	0.00596	0.00207	0.00668	0.00580	0.00531	0.00932
11	0.02064	0.30619	0.02715	0.04617	0.04533	0.10734	0.08307	0.20090	0.01921	0.06668	0.01268	0.01403	0.00989	0.00656	0.00573	0.00176	0.00810	0.00503	0.00427	0.00930
12	0.00796	0.00630	0.00718	0.00786	0.00930	0.00553	0.00562	0.00945	0.01401	0.01743	0.05311	0.35589	0.42141	0.01836	0.00808	0.00243	0.00361	0.03485	0.00611	0.00548
13	0.04754	0.19758	0.02273	0.01394	0.01919	0.02139	0.01195	0.48998	0.05773	0.03428	0.01452	0.01480	0.01083	0.00735	0.00595	0.00185	0.00703	0.00535	0.00562	0.01038
14	0.16093	0.01563	0.02220	0.07704	0.34654	0.01661	0.05329	0.18302	0.01802	0.02735	0.01263	0.01534	0.00988	0.00643	0.00617	0.00201	0.00744	0.00557	0.00418	0.00972
15	0.02142	0.01665	0.01773	0.01442	0.01904	0.01873	0.01164	0.42605	0.31640	0.03567	0.02039	0.01946	0.01491	0.00833	0.00663	0.00208	0.00640	0.00656	0.00663	0.01087
16	0.01440	0.01440	0.02016	0.01728	0.01728	0.02016	0.01440	0.01584	0.01008	0.01584	0.00864	0.01440	0.00864	0.01152	0.02160	0.00288	0.75659	0.00576	0.00288	0.00720
17	0.01361	0.45291	0.02330	0.01039	0.01383	0.01742	0.00912	0.01532	0.01305	0.01604	0.02046	0.32480	0.02308	0.01188	0.00597	0.00194	0.00570	0.00985	0.00419	0.00716
18	0.02503	0.01844	0.01976	0.01515	0.02042	0.02042	0.01251	0.70562	0.03095	0.04149	0.01581	0.01581	0.01120	0.00790	0.00659	0.00198	0.00724	0.00593	0.00659	0.01120
19	0.02142	0.01665	0.01773	0.01442	0.01904	0.01873	0.01164	0.42605	0.31640	0.03567	0.02039	0.01946	0.01491	0.00833	0.00663	0.00208	0.00640	0.00656	0.00663	0.01087
20	0.01629	0.01564	0.02672	0.04041	0.72757	0.01564	0.02020	0.02020	0.01499	0.02151	0.01238	0.01629	0.01043	0.00587	0.00652	0.00196	0.00782	0.00587	0.00326	0.01043
21	0.00864	0.00617	0.00835	0.00987	0.01052	0.00588	0.00718	0.01023	0.01321	0.01749	0.03594	0.60008	0.04220	0.02004	0.00857	0.00276	0.00435	0.17690	0.00610	0.00552
22	0.00802	0.00573	0.00764	0.00917	0.00955	0.00535	0.00611	0.00917	0.01260	0.01681	0.03628	0.76434	0.04354	0.02062	0.00840	0.00267	0.00382	0.01872	0.00611	0.00535
23	0.00995	0.00595	0.00795	0.00823	0.00883	0.00561	0.00562	0.00889	0.01083	0.01391	0.02903	0.16345	0.18701	0.02099	0.01836	0.47244	0.00481	0.00999	0.00422	0.00395
24	0.02954	0.01120	0.01528	0.01171	0.01681	0.00968	0.00968	0.03208	0.01884	0.73213	0.02597	0.02241	0.01630	0.00815	0.00662	0.00204	0.00560	0.00662	0.00815	0.01120
25	0.01637	0.01414	0.01489	0.01340	0.01712	0.01637	0.01042	0.03498	0.71568	0.02754	0.02679	0.02456	0.02010	0.00893	0.00670	0.00223	0.00521	0.00744	0.00670	0.01042
26	0.01320	0.03405	0.73453	0.01876	0.02849	0.01529	0.02432	0.02085	0.01390	0.02085	0.01181	0.01390	0.00834	0.00625	0.00625	0.00208	0.00973	0.00486	0.00278	0.00973
27	0.00940	0.00705	0.01058	0.01058	0.01176	0.00823	0.00823	0.01176	0.01058	0.01528	0.01763	0.02586	0.01646	0.04937	0.74255	0.01058	0.01763	0.00705	0.00353	0.00588
28	0.00782	0.00667	0.00672	0.00671	0.00892	0.00557	0.00503	0.00952	0.01510	0.01800	0.08342	0.06300	0.70803	0.01659	0.00778	0.00222	0.00333	0.01384	0.00614	0.00557
29	0.01554	0.01776	0.03885	0.02775	0.03441	0.01665	0.70366	0.02109	0.01554	0.02109	0.01332	0.01776	0.00999	0.00555	0.00777	0.00222	0.01110	0.00777	0.00333	0.00888
30	0.01501	0.02332	0.32179	0.03138	0.43614	0.01549	0.02192	0.02047	0.01454	0.02123	0.01215	0.01530	0.00956	0.00603	0.00641	0.00201	0.00862	0.00545	0.00306	0.01014
31	0.01468	0.01400	0.02381	0.33739	0.44317	0.01522	0.01940	0.01879	0.01423	0.01955	0.01210	0.01682	0.00974	0.00616	0.00654	0.00205	0.00822	0.00586	0.00312	0.00913
32	0.70847	0.01252	0.01044	0.00907	0.01328	0.01408	0.00748	0.02108	0.01224	0.12493	0.01145	0.01228	0.00837	0.00639	0.00442	0.00204	0.00516	0.00398	0.00463	0.00768
33	0.01498	0.02340	0.32227	0.03088	0.40858	0.01553	0.04909	0.02051	0.01456	0.02122	0.01218	0.01535	0.00954	0.00602	0.00646	0.00202	0.00875	0.00552	0.00306	0.01008
34	0.02001	0.01150	0.01430	0.01054	0.01608	0.00914	0.00855	0.02278	0.01573	0.30589	0.01741	0.01716	0.01237	0.00619	0.00557	0.00140	0.00517	0.00499	0.00560	0.48963
35	0.00923	0.00673	0.00868	0.00819	0.00978	0.00618	0.00615	0.01226	0.01844	0.02593	0.68814	0.04995	0.09837	0.01363	0.00777	0.00208	0.00312	0.01201	0.00718	0.00618
36	0.01229	0.00998	0.01301	0.01058	0.01459	0.00806	0.04484	0.01474	0.01354	0.04011	0.02056	0.26944	0.02144	0.01036	0.00628	0.00165	0.00487	0.00923	0.00474	0.46968
37	0.00850	0.00644	0.00787	0.00827	0.00966	0.00581	0.00605	0.01053	0.01540	0.02029	0.26164	0.28014	0.26342	0.01699	0.00805	0.00236	0.00357	0.05281	0.00647	0.00573
38	0.02056	0.20553	0.11711	0.01522	0.02025	0.35591	0.01357	0.07282	0.04969	0.01919	0.01139	0.01278	0.00925	0.00653	0.00560	0.00169	0.00947	0.00441	0.00358	0.04544
39	0.01418	0.02726	0.44451	0.02251	0.03096	0.01586	0.30752	0.02095	0.01458	0.02095	0.01244	0.01551	0.00903	0.00596	0.00689	0.00214	0.01030	0.00608	0.00301	0.00937
40	0.00792	0.00612	0.00723	0.00813	0.00927	0.00543	0.00565	0.00928	0.01361	0.01721	0.04896	0.47212	0.32758	0.01898	0.00814	0.00249	0.00362	0.01671	0.00611	0.00543
41	0.01258	0.01810	0.28836	0.01413	0.01895	0.01094	0.01501	0.03881	0.03957	0.04451	0.02451	0.14303	0.02435	0.01256	0.00748	0.00246	0.00702	0.23307	0.03669	0.00785
42	0.02070	0.45821	0.02835	0.01288	0.01836	0.02370	0.01178	0.30565	0.02070	0.02633	0.01193	0.01275	0.00959	0.00658	0.00521	0.00164	0.00713	0.00452	0.00439	0.00959
43	0.00940	0.00705	0.01058	0.01058	0.01176	0.00823	0.00823	0.01176	0.01058	0.01528	0.01763	0.02586	0.01646	0.04937	0.74255	0.01058	0.01763	0.00705	0.00353	0.00588
44	0.00801	0.00576	0.00760	0.00908	0.00953	0.00535	0.00607	0.00918	0.01269	0.01684	0.03736	0.73963	0.06756	0.02049	0.00838	0.00266	0.00380	0.01855	0.00611	0.00535
45	0.02503	0.01844	0.01976	0.01515	0.02042	0.02042	0.01251	0.70562	0.03095	0.04149	0.01581	0.01581	0.01120	0.00790	0.00659	0.00198	0.00724	0.00593	0.00659	0.01120
46	0.00865	0.00635	0.00825	0.00953	0.01050	0.00596	0.00710	0.01036	0.01364	0.01771	0.04072	0.47560	0.14977	0.01937	0.00848	0.00269	0.00432	0.18933	0.00610	0.00556
47	0.04021	0.01482	0.02065	0.04441	0.28238	0.01474	0.03558	0.14827	0.07631	0.04905	0.01443	0.01639	0.01126	0.00636	0.00613	0.00177	0.00677	0.00556	0.00449	0.20043
48	0.01593	0.01407	0.02195	0.06287	0.44968	0.01326	0.01591	0.01951	0.01468	0.05405	0.01277	0.01584	0.01042	0.00571	0.00603	0.00168	0.00688	0.00531	0.00366	0.24979
49	0.05116	0.46736	0.12300	0.01437	0.04720	0.14174	0.01346	0.04238	0.01484	0.01793	0.01001	0.01162	0.00855	0.00600	0.00493	0.00161	0.00815	0.00399	0.00309	0.00859
50	0.02052	0.46360	0.02789	0.01364	0.01834	0.32460	0.01187	0.02245	0.01558	0.01575	0.00958	0.01111	0.00846	0.00611	0.00494	0.00153	0.00905	0.00382	0.00306	0.00811
51	0.01944	0.02071	0.02327	0.03038	0.43262	0.24488	0.01698	0.06431	0.04594	0.02127	0.01249	0.01521	0.01026	0.00640	0.00635	0.00189	0.00895	0.00542	0.00364	0.00959
52	0.00903	0.00672	0.00840	0.00798	0.00966	0.00609	0.00598	0.01186	0.01795	0.02477	0.59967	0.05186	0.18757	0.01407	0.00777	0.00210	0.00315	0.01228	0.00703	0.00609
53	0.00794	0.00648	0.00702	0.00730	0.00909	0.00556	0.00531	0.00959	0.01476	0.01817	0.10564	0.20716	0.53857	0.01727	0.00791	0.00231	0.00342	0.01475	0.00619	0.00556
54	0.05093	0.09377	0.33409	0.01383	0.02129	0.01357	0.01540	0.01889	0.01362	0.02099	0.01139	0.01333	0.00888	0.00561	0.00539	0.00156	0.00724	0.00428	0.00331	0.34264
55	0.00864	0.00617	0.00835	0.00987	0.01052	0.00588	0.00718	0.01023	0.01321	0.01749	0.03594	0.60008	0.04220	0.02004	0.00857	0.00276	0.00435	0.17690	0.00610	0.00552
56	0.00802	0.00573	0.00764	0.00917	0.00955	0.00535	0.00611	0.00917	0.01260	0.01681	0.03628	0.76434	0.04354	0.02062	0.00840	0.00267	0.00382	0.01872	0.00611	0.00535
57	0.01629	0.01564	0.02672	0.04041	0.72757	0.01564	0.02020	0.02020	0.01499	0.02151	0.01238	0.01629	0.01043	0.00587	0.00652	0.00196	0.00782	0.00587	0.00326	0.01043
58	0.20793	0.01776	0.02122	0.02866	0.43093	0.14537	0.01575	0.02109	0.01474	0.02245	0.01122	0.01417	0.00929	0.00609	0.00583	0.00193	0.00790	0.00503	0.00348	0.00914
59	0.00798	0.00590	0.00747	0.00872	0.00943	0.00538	0.00591	0.00922	0.01303	0.01698	0.04172	0.63898	0.16540	0.01992	0.00829	0.00259	0.00373	0.01785	0.00611	0.00538
60	0.01900	0.24801	0.22993	0.01618	0.02261	0.14786	0.08585	0.02303	0.01543	0.11501	0.01281	0.01410	0.00965	0.00635	0.00580	0.00182	0.00889	0.00489	0.00369	0.00909
61	0.01567	0.01501	0.02560	0.15511	0.61773	0.01548	0.01989	0.01966	0.01470	0.02075	0.01227	0.01650	0.01016	0.00598	0.00653	0.00199	0.00797	0.00586	0.00321	0.00993
62	0.00821	0.00660	0.00679	0.00679	0.00848	0.00575	0.00476	0.00948	0.01371	0.01659	0.05575	0.05853	0.55804	0.19567	0.01390	0.00321	0.00406	0.01287	0.00561	0.00518
63	0.08268	0.01948	0.16177	0.02860	0.31900	0.01616	0.16590	0.06124	0.01536	0.02296	0.01228	0.01559	0.00964	0.00621	0.00707	0.00208	0.03502	0.00589	0.00344	0.00962
64	0.00989	0.00705	0.00858	0.00837	0.00854	0.00762	0.00532	0.01032	0.00975	0.01333	0.01945	0.03864	0.02181	0.61461	0.13153	0.00672	0.06119	0.00895	0.00385	0.00448
65	0.01760	0.77260	0.03450	0.01126	0.01690	0.02605	0.01126	0.01971	0.01338	0.01549	0.00915	0.01056	0.00845	0.00563	0.00422	0.00141	0.00704	0.00352	0.00282	0.00845
66	0.01615	0.06690	0.04885	0.01075	0.01648	0.01097	0.00923	0.05807	0.01539	0.10054	0.04000	0.01586	0.01236	0.00585	0.00529	0.00127	0.00540	0.00463	0.00452	0.55148
67	0.01668	0.01551	0.02639	0.03957	0.70692	0.01547	0.01990	0.02055	0.01510	0.04215	0.01278	0.01647	0.01060	0.00593	0.00652	0.00196	0.00776	0.00589	0.00340	0.01045
68	0.01509	0.01437	0.02422	0.10785	0.50272	0.01498	0.04971	0.01943	0.04215	0.02049	0.01390	0.04183	0.01202	0.00946	0.05326	0.00260	0.03648	0.00651	0.00346	0.00947
69	0.21435	0.05560	0.01690	0.01437	0.01811	0.46469	0.01116	0.05564	0.01713	0.04118	0.01123	0.01359	0.00925	0.00695	0.00555	0.00182	0.00950	0.02131	0.00388	0.00777
70	0.01890	0.01483	0.01589	0.01365	0.01776	0.01679	0.01080	0.16993	0.53609	0.07244	0.02453	0.02267	0.01808	0.00868	0.00667	0.00217	0.00564	0.00709	0.00676	0.01062
71	0.00892	0.00614	0.00751	0.00814	0.00835	0.00602	0.00504	0.00949	0.01088	0.01455	0.02710	0.34307	0.03181	0.42821	0.05123	0.00500	0.00576	0.01328	0.00486	0.00463
72	0.01598	0.01652	0.03178	0.03513	0.43861	0.01606	0.30512	0.02057	0.01522	0.02133	0.01277	0.01690	0.01024	0.00573	0.00704	0.00207	0.00919	0.00666	0.00329	0.00978
73	0.00940	0.00705	0.01058	0.01058	0.01176	0.00823	0.00823	0.01176	0.01058	0.01528	0.01763	0.02586	0.01646	0.04937	0.74255	0.01058	0.01763	0.00705	0.00353	0.00588
74	0.00899	0.00663	0.00849	0.00880	0.01020	0.00613	0.00667	0.01144	0.01624	0.02197	0.36865	0.20945	0.15820	0.01622	0.00811	0.00237	0.00374	0.11515	0.00665	0.00590
75	0.02503	0.01844	0.01976	0.01515	0.02042	0.02042	0.01251	0.70562	0.03095	0.04149	0.01581	0.01581	0.01120	0.00790	0.00659	0.00198	0.00724	0.00593	0.00659	0.01120
76	0.01279	0.01103	0.01146	0.01059	0.01369	0.01187	0.00816	0.02434	0.42358	0.02347	0.04343	0.04073	0.31391	0.01216	0.00715	0.00223	0.00443	0.01013	0.00645	0.00839
77	0.00940	0.00705	0.01058	0.01058	0.01176	0.00823	0.00823	0.01176	0.01058	0.01528	0.01763	0.02586	0.01646	0.04937	0.74255	0.01058	0.01763	0.00705	0.00353	0.00588
78	0.01760	0.77260	0.03450	0.01126	0.01690	0.02605	0.01126	0.01971	0.01338	0.01549	0.00915	0.01056	0.00845	0.00563	0.00422	0.00141	0.00704	0.00352	0.00282	0.00845
79	0.00932	0.00673	0.00880	0.00828	0.00984	0.00621	0.00621	0.01242	0.01863	0.02640	0.72410	0.04918	0.06212	0.01346	0.00776	0.00207	0.00311	0.01191	0.00725	0.00621
80	0.01440	0.01440	0.02016	0.01728	0.01728	0.02016	0.01440	0.01584	0.01008	0.01584	0.00864	0.01440	0.00864	0.01152	0.02160	0.00288	0.75659	0.00576	0.00288	0.00720
81	0.02503	0.01844	0.01976	0.01515	0.02042	0.02042	0.01251	0.70562	0.03095	0.04149	0.01581	0.01581	0.01120	0.00790	0.00659	0.00198	0.00724	0.00593	0.00659	0.01120
82	0.05071	0.01209	0.03534	0.01159	0.01684	0.01013	0.00976	0.02915	0.04539	0.55532	0.02294	0.02057	0.01495	0.00757	0.00627	0.00189	0.00558	0.00610	0.00717	0.13063
83	0.03976	0.02458	0.32319	0.02026	0.02778	0.01698	0.22546	0.19441	0.01864	0.02640	0.01320	0.01545	0.00953	0.00646	0.00673	0.00210	0.00938	0.00597	0.00395	0.00977
84	0.01320	0.03405	0.73453	0.01876	0.02849	0.01529	0.02432	0.02085	0.01390	0.02085	0.01181	0.01390	0.00834	0.00625	0.00625	0.00208	0.00973	0.00486	0.00278	0.00973
85	0.00802	0.00573	0.00764	0.00917	0.00955	0.00535	0.00611	0.00917	0.01260	0.01681	0.03628	0.76434	0.04354	0.02062	0.00840	0.00267	0.00382	0.01872	0.00611	0.00535
86	0.00810	0.00591	0.00765	0.00901	0.00964	0.00546	0.00617	0.00938	0.01297	0.01703	0.03961	0.65903	0.11902	0.02009	0.00836	0.00264	0.00385	0.04460	0.00611	0.00540
87	0.01892	0.01943	0.02499	0.05976	0.24110	0.19354	0.15314	0.04690	0.04880	0.06007	0.01330	0.01615	0.01047	0.00677	0.00763	0.00203	0.05807	0.00596	0.00381	0.00915
88	0.00802	0.00573	0.00764	0.00917	0.00955	0.00535	0.00611	0.00917	0.01260	0.01681	0.03628	0.76434	0.04354	0.02062	0.00840	0.00267	0.00382	0.01872	0.00611	0.00535
89	0.00916	0.00687	0.00862	0.00974	0.01058	0.00684	0.00670	0.01267	0.10806	0.01826	0.03500	0.66390	0.04036	0.01904	0.00817	0.00261	0.00401	0.01718	0.00619	0.00604
90	0.01293	0.01221	0.02065	0.66070	0.13356	0.01476	0.01853	0.01726	0.01340	0.01743	0.01179	0.01739	0.00899	0.00649	0.00657	0.00216	0.00865	0.00585	0.00297	0.00772
91	0.02372	0.01720	0.01847	0.01535	0.04427	0.05150	0.01204	0.43863	0.15276	0.12873	0.01877	0.01811	0.01334	0.00800	0.00658	0.00202	0.00689	0.00621	0.00655	0.01086
92	0.01554	0.01776	0.03885	0.02775	0.03441	0.01665	0.70366	0.02109	0.01554	0.02109	0.01332	0.01776	0.00999	0.00555	0.00777	0.00222	0.01110	0.00777	0.00333	0.00888
93	0.01139	0.00719	0.00946	0.00863	0.01055	0.00657	0.00657	0.01443	0.01866	0.09857	0.65271	0.04644	0.05743	0.01292	0.00765	0.00207	0.00336	0.01137	0.00734	0.00672
94	0.01637	0.01414	0.01489	0.01340	0.01712	0.01637	0.01042	0.03498	0.71568	0.02754	0.02679	0.02456	0.02010	0.00893	0.00670	0.00223	0.00521	0.00744	0.00670	0.01042
95	0.00957	0.00638	0.00718	0.00718	0.00718	0.00638	0.00399	0.00957	0.00957	0.01276	0.02074	0.04308	0.02393	0.76864	0.03351	0.00638	0.00638	0.00957	0.00399	0.00399
96	0.01629	0.01564	0.02672	0.04041	0.72757	0.01564	0.02020	0.02020	0.01499	0.02151	0.01238	0.01629	0.01043	0.00587	0.00652	0.00196	0.00782	0.00587	0.00326	0.01043
97	0.81514	0.01273	0.00968	0.00866	0.01273	0.01477	0.00713	0.01935	0.01120	0.02954	0.00917	0.01069	0.00713	0.00611	0.00407	0.00204	0.00509	0.00356	0.00407	0.00713
98	0.00784	0.00664	0.00678	0.00682	0.00895	0.00557	0.00508	0.00954	0.01504	0.01803	0.08737	0.08913	0.67740	0.01671	0.00780	0.00223	0.00335	0.01401	0.00615	0.00557
99	0.02503	0.01844	0.01976	0.01515	0.02042	0.02042	0.01251	0.70562	0.03095	0.04149	0.01581	0.01581	0.01120	0.00790	0.00659	0.00198	0.00724	0.00593	0.00659	0.01120
100	0.01215	0.00615	0.00618	0.00618	0.00765	0.00615	0.00457	0.01507	0.01361	0.02400	0.02144	0.02540	0.01720	0.04289	0.00594	0.00176	0.00322	0.00630	0.76810	0.00604
101	0.01603	0.01537	0.02624	0.08943	0.68063	0.01557	0.02007	0.01997	0.01486	0.02118	0.01234	0.01638	0.01031	0.00591	0.00652	0.00197	0.00789	0.00586	0.00324	0.01021
102	0.01391	0.15296	0.62182	0.01756	0.02663	0.01702	0.02222	0.02067	0.01381	0.01999	0.01139	0.01336	0.00836	0.00615	0.00593	0.00198	0.00930	0.00465	0.00279	0.00952
103	0.00802	0.00573	0.00764	0.00917	0.00955	0.00535	0.00611	0.00917	0.01260	0.01681	0.03628	0.76434	0.04354	0.02062	0.00840	0.00267	0.00382	0.01872	0.00611	0.00535
104	0.01629	0.01564	0.02672	0.04041	0.72757	0.01564	0.02020	0.02020	0.01499	0.02151	0.01238	0.01629	0.01043	0.00587	0.00652	0.00196	0.00782	0.00587	0.00326	0.01043
105	0.01760	0.77260	0.03450	0.01126	0.01690	0.02605	0.01126	0.01971	0.01338	0.01549	0.00915	0.01056	0.00845	0.00563	0.00422	0.00141	0.00704	0.00352	0.00282	0.00845
106	0.81514	0.01273	0.00968	0.00866	0.01273	0.01477	0.00713	0.01935	0.01120	0.02954	0.00917	0.01069	0.00713	0.00611	0.00407	0.00204	0.00509	0.00356	0.00407	0.00713
107	0.01144	0.00572	0.00858	0.00858	0.00858	0.00572	0.00572	0.00858	0.00858	0.01144	0.01144	0.02001	0.01144	0.02287	0.02573	0.80846	0.00572	0.00572	0.00286	0.00286
108	0.01342	0.01146	0.01340	0.00973	0.01535	0.00863	0.00773	0.01627	0.01361	0.02126	0.01271	0.04453	0.01114	0.00552	0.00502	0.00104	0.00483	0.00451	0.00399	0.77583
109	0.04733	0.01756	0.03769	0.02699	0.03354	0.01657	0.67597	0.02102	0.01537	0.02142	0.01315	0.01748	0.00988	0.00557	0.00762	0.00221	0.01086	0.00760	0.00336	0.00881
110	0.01227	0.00614	0.00614	0.00614	0.00767	0.00614	0.00460	0.01534	0.01381	0.02454	0.02148	0.02454	0.01687	0.00767	0.00460	0.00153	0.00307	0.00614	0.80518	0.00614
111	0.01564	0.42120	0.05718	0.01130	0.01546	0.05268	0.01024	0.01976	0.10598	0.01680	0.01432	0.01979	0.01342	0.16334	0.03578	0.00289	0.00737	0.00549	0.00362	0.00773
112	0.01518	0.21452	0.52294	0.01653	0.02500	0.01763	0.02031	0.02118	0.01404	0.05844	0.01193	0.01354	0.00880	0.00621	0.00577	0.00192	0.00884	0.00463	0.00308	0.00949
113	0.01452	0.01152	0.01285	0.01160	0.01465	0.01268	0.00897	0.02725	0.45267	0.05517	0.26215	0.03279	0.03413	0.01043	0.00706	0.00217	0.00452	0.00892	0.00694	0.00903
114	0.00799	0.00668	0.00696	0.00689	0.00902	0.00565	0.00516	0.00985	0.01549	0.01894	0.15517	0.06145	0.63570	0.01624	0.00778	0.00220	0.00330	0.01363	0.00627	0.00565
115	0.02168	0.34038	0.02526	0.01459	0.01891	0.44366	0.01211	0.02355	0.01646	0.01585	0.00975	0.01133	0.00847	0.00630	0.00522	0.00158	0.00986	0.00394	0.00315	0.00797
116	0.01422	0.06496	0.56042	0.01979	0.02866	0.01620	0.13707	0.04498	0.01475	0.02137	0.01208	0.01446	0.00872	0.00617	0.00643	0.00207	0.00975	0.00533	0.00301	0.00958
117	0.00814	0.00581	0.00778	0.00930	0.00974	0.00545	0.00632	0.00937	0.01272	0.01694	0.03622	0.73251	0.04328	0.02051	0.00843	0.00269	0.00392	0.04936	0.00611	0.00538
118	0.01320	0.03405	0.73453	0.01876	0.02849	0.01529	0.02432	0.02085	0.01390	0.02085	0.01181	0.01390	0.00834	0.00625	0.00625	0.00208	0.00973	0.00486	0.00278	0.00973
119	0.01767	0.04694	0.41855	0.02022	0.12030	0.11126	0.01971	0.02312	0.01540	0.12571	0.01371	0.01513	0.00983	0.00654	0.00625	0.00199	0.00907	0.00514	0.00372	0.00973
120	0.01564	0.23966	0.23696	0.04829	0.29486	0.01851	0.01877	0.02014	0.01414	0.01943	0.01126	0.01397	0.00919	0.00594	0.00578	0.00184	0.00819	0.00489	0.00298	0.00955
121	0.02407	0.02287	0.01938	0.01597	0.02016	0.28473	0.01273	0.40503	0.02488	0.03027	0.01321	0.01426	0.01001	0.00776	0.00748	0.00194	0.06522	0.00530	0.00514	0.00959
122	0.01465	0.01410	0.02437	0.33681	0.41108	0.01527	0.05104	0.01883	0.01425	0.01953	0.01214	0.01689	0.00972	0.00615	0.00660	0.00207	0.00837	0.00595	0.00312	0.00906
123	0.00806	0.00668	0.00705	0.00696	0.00906	0.00567	0.00522	0.00998	0.01565	0.01932	0.18426	0.06082	0.60637	0.01610	0.00778	0.00220	0.00329	0.01354	0.00632	0.00567
124	0.00802	0.00573	0.00764	0.00917	0.00955	0.00535	0.00611	0.00917	0.01260	0.01681	0.03628	0.76434	0.04354	0.02062	0.00840	0.00267	0.00382	0.01872	0.00611	0.00535
125	0.00932	0.00673	0.00880	0.00828	0.00984	0.00621	0.00621	0.01242	0.01863	0.02640	0.72410	0.04918	0.06212	0.01346	0.00776	0.00207	0.00311	0.01191	0.00725	0.00621
126	0.01033	0.00745	0.00928	0.00998	0.01102	0.00739	0.00698	0.10373	0.01510	0.02016	0.03350	0.66271	0.03915	0.01890	0.00816	0.00258	0.00428	0.01698	0.00618	0.00614
127	0.01243	0.01170	0.01975	0.75282	0.04534	0.01463	0.01828	0.01682	0.01316	0.01682	0.01170	0.01755	0.00878	0.00658	0.00658	0.00219	0.00878	0.00585	0.00293	0.00731
128	0.01637	0.01414	0.01489	0.01340	0.01712	0.01637	0.01042	0.03498	0.71568	0.02754	0.02679	0.02456	0.02010	0.00893	0.00670	0.00223	0.00521	0.00744	0.00670	0.01042
129	0.01629	0.01564	0.02672	0.04041	0.72757	0.01564	0.02020	0.02020	0.01499	0.02151	0.01238	0.01629	0.01043	0.00587	0.00652	0.00196	0.00782	0.00587	0.00326	0.01043
130	0.01629	0.01564	0.02672	0.04041	0.72757	0.01564	0.02020	0.02020	0.01499	0.02151	0.01238	0.01629	0.01043	0.00587	0.00652	0.00196	0.00782	0.00587	0.00326	0.01043
131	0.01760	0.77260	0.03450	0.01126	0.01690	0.02605	0.01126	0.01971	0.01338	0.01549	0.00915	0.01056	0.00845	0.00563	0.00422	0.00141	0.00704	0.00352	0.00282	0.00845
132	0.01885	0.02128	0.02172	0.19755	0.27290	0.31829	0.01663	0.02195	0.01609	0.01816	0.01130	0.01475	0.00923	0.00642	0.00629	0.00190	0.00973	0.00518	0.00324	0.00853
133	0.01828	0.01581	0.02033	0.01638	0.02100	0.01739	0.13490	0.19213	0.42747	0.02971	0.02177	0.02126	0.01617	0.00808	0.00686	0.00217	0.00675	0.00714	0.00607	0.01033
134	0.01365	0.01170	0.01365	0.00975	0.01560	0.00878	0.00780	0.01658	0.01365	0.02145	0.01170	0.01365	0.00975	0.00488	0.00488	0.00098	0.00488	0.00390	0.00390	0.80888
135	0.01243	0.01170	0.01975	0.75282	0.04534	0.01463	0.01828	0.01682	0.01316	0.01682	0.01170	0.01755	0.00878	0.00658	0.00658	0.00219	0.00878	0.00585	0.00293	0.00731
136	0.00948	0.00676	0.00908	0.00908	0.00974	0.00741	0.00636	0.01079	0.01014	0.01417	0.01901	0.03346	0.01976	0.36680	0.42963	0.00873	0.01267	0.00817	0.00373	0.00504
137	0.00932	0.00673	0.00880	0.00828	0.00984	0.00621	0.00621	0.01242	0.01863	0.02640	0.72410	0.04918	0.06212	0.01346	0.00776	0.00207	0.00311	0.01191	0.00725	0.00621
138	0.01144	0.00572	0.00858	0.00858	0.00858	0.00572	0.00572	0.00858	0.00858	0.01144	0.01144	0.02001	0.01144	0.02287	0.02573	0.80846	0.00572	0.00572	0.00286	0.00286
139	0.00940	0.00705	0.01058	0.01058	0.01176	0.00823	0.00823	0.01176	0.01058	0.01528	0.01763	0.02586	0.01646	0.04937	0.74255	0.01058	0.01763	0.00705	0.00353	0.00588
140	0.02459	0.03138	0.01866	0.01696	0.02035	0.74221	0.01272	0.02629	0.01866	0.01611	0.01018	0.01187	0.00848	0.00678	0.00594	0.00170	0.01187	0.00424	0.00339	0.00763
141	0.01924	0.02081	0.01554	0.04796	0.01761	0.37011	0.01048	0.09903	0.04065	0.01850	0.01437	0.02186	0.01354	0.22095	0.01433	0.00312	0.03466	0.00617	0.00400	0.00708
142	0.73480	0.01258	0.01025	0.00897	0.01315	0.01425	0.00739	0.02065	0.01198	0.10138	0.01089	0.01189	0.00807	0.00632	0.00433	0.00204	0.00514	0.00388	0.00449	0.00755
143	0.73921	0.01308	0.01046	0.00912	0.01333	0.01497	0.00751	0.06520	0.01260	0.03010	0.00968	0.01112	0.00748	0.00620	0.00427	0.00200	0.00523	0.00373	0.00424	0.03047
144	0.01820	0.17230	0.12761	0.01312	0.01862	0.13201	0.01220	0.06886	0.01612	0.09407	0.01442	0.06549	0.01217	0.00718	0.00567	0.00164	0.00734	0.00547	0.00421	0.20330
145	0.00866	0.00621	0.00810	0.00933	0.00993	0.00590	0.00633	0.03291	0.01350	0.01808	0.06731	0.70600	0.04330	0.01986	0.00831	0.00262	0.00390	0.01797	0.00618	0.00559
146	0.24205	0.05870	0.01829	0.09232	0.10116	0.21169	0.01281	0.02044	0.01375	0.02049	0.00997	0.01302	0.00838	0.00726	0.00829	0.00207	0.14353	0.00464	0.00340	0.00774
147	0.09466	0.01557	0.08610	0.27559	0.02837	0.06694	0.08468	0.05004	0.01439	0.02117	0.01306	0.01695	0.01008	0.00700	0.00711	0.00207	0.06046	0.00565	0.13243	0.00769
148	0.00814	0.00668	0.00717	0.00705	0.00911	0.00571	0.00528	0.01014	0.01585	0.01980	0.22022	0.06004	0.57011	0.01592	0.00778	0.00219	0.00328	0.01343	0.00638	0.00571
149	0.05384	0.61914	0.10666	0.01215	0.01812	0.02409	0.01253	0.05684	0.01428	0.01810	0.00979	0.01120	0.00853	0.00584	0.00456	0.00154	0.00725	0.00379	0.00307	0.00867
150	0.01349	0.08129	0.68975	0.01828	0.02775	0.01598	0.02349	0.02078	0.01387	0.02051	0.01164	0.01369	0.00835	0.00621	0.00612	0.00204	0.00956	0.00478	0.00278	0.00965
151	0.01553	0.42532	0.36367	0.01479	0.02235	0.02099	0.01740	0.02025	0.01362	0.01801	0.01040	0.01213	0.00840	0.00592	0.00518	0.00173	0.00830	0.00415	0.00280	0.00905
152	0.00957	0.00638	0.00718	0.00718	0.00718	0.00638	0.00399	0.00957	0.00957	0.01276	0.02074	0.04308	0.02393	0.76864	0.03351	0.00638	0.00638	0.00957	0.00399	0.00399
153	0.00913	0.00672	0.00854	0.00809	0.00972	0.00613	0.00607	0.01207	0.01820	0.02537	0.64547	0.05087	0.14139	0.01384	0.00777	0.00209	0.00313	0.01214	0.00711	0.00613
154	0.01636	0.01577	0.02480	0.03619	0.61643	0.04103	0.01863	0.02146	0.07970	0.02174	0.01432	0.03842	0.01220	0.00661	0.00657	0.00199	0.00761	0.00632	0.00366	0.01018
155	0.01101	0.00806	0.01086	0.01205	0.01374	0.00821	0.01039	0.01527	0.07076	0.02063	0.06612	0.06916	0.03760	0.01723	0.00884	0.00292	0.00586	0.59869	0.00617	0.00641
156	0.01144	0.00572	0.00858	0.00858	0.00858	0.00572	0.00572	0.00858	0.00858	0.01144	0.01144	0.02001	0.01144	0.02287	0.02573	0.80846	0.00572	0.00572	0.00286	0.00286
157	0.01330	0.03338	0.70591	0.01913	0.02874	0.01534	0.05227	0.02086	0.01397	0.02086	0.01188	0.01406	0.00841	0.00623	0.00632	0.00209	0.00979	0.00498	0.00280	0.00969
158	0.02430	0.05532	0.01881	0.01624	0.01984	0.63440	0.01236	0.02685	0.05063	0.06463	0.01197	0.01312	0.00954	0.00693	0.00596	0.00173	0.01097	0.00452	0.00384	0.00803
159	0.01038	0.00648	0.00746	0.00721	0.00883	0.00611	0.00541	0.01332	0.01623	0.02469	0.36006	0.04044	0.11497	0.01139	0.00645	0.00186	0.00311	0.00972	0.33977	0.00611
160	0.01585	0.01688	0.03379	0.03303	0.32337	0.01623	0.41874	0.02072	0.01531	0.02126	0.01293	0.01715	0.01017	0.00568	0.00725	0.00211	0.00973	0.00698	0.00330	0.00952
161	0.00802	0.00573	0.00764	0.00917	0.00955	0.00535	0.00611	0.00917	0.01260	0.01681	0.03628	0.76434	0.04354	0.02062	0.00840	0.00267	0.00382	0.01872	0.00611	0.00535
162	0.01365	0.01170	0.01365	0.00975	0.01560	0.00878	0.00780	0.01658	0.01365	0.02145	0.01170	0.01365	0.00975	0.00488	0.00488	0.00098	0.00488	0.00390	0.00390	0.80888
163	0.01554	0.01776	0.03885	0.02775	0.03441	0.01665	0.70366	0.02109	0.01554	0.02109	0.01332	0.01776	0.00999	0.00555	0.00777	0.00222	0.01110	0.00777	0.00333	0.00888
164	0.01077	0.00860	0.01242	0.31802	0.02309	0.00982	0.00995	0.01259	0.01107	0.01446	0.01697	0.03244	0.01761	0.45095	0.02228	0.00464	0.00738	0.00802	0.00355	0.00537
165	0.16715	0.01441	0.01592	0.01250	0.01744	0.01499	0.01028	0.28831	0.05421	0.28425	0.01861	0.01758	0.01265	0.00761	0.00610	0.00199	0.00610	0.00575	0.00661	0.03753
166	0.01320	0.03405	0.73453	0.01876	0.02849	0.01529	0.02432	0.02085	0.01390	0.02085	0.01181	0.01390	0.00834	0.00625	0.00625	0.00208	0.00973	0.00486	0.00278	0.00973
167	0.00802	0.00573	0.00764	0.00917	0.00955	0.00535	0.00611	0.00917	0.01260	0.01681	0.03628	0.76434	0.04354	0.02062	0.00840	0.00267	0.00382	0.01872	0.00611	0.00535
168	0.01365	0.01170	0.01365	0.00975	0.01560	0.00878	0.00780	0.01658	0.01365	0.02145	0.01170	0.01365	0.00975	0.00488	0.00488	0.00098	0.00488	0.00390	0.00390	0.80888
169	0.01243	0.01170	0.01975	0.75282	0.04534	0.01463	0.01828	0.01682	0.01316	0.01682	0.01170	0.01755	0.00878	0.00658	0.00658	0.00219	0.00878	0.00585	0.00293	0.00731
170	0.01629	0.01564	0.02672	0.04041	0.72757	0.01564	0.02020	0.02020	0.01499	0.02151	0.01238	0.01629	0.01043	0.00587	0.00652	0.00196	0.00782	0.00587	0.00326	0.01043
171	0.00802	0.00573	0.00764	0.00917	0.00955	0.00535	0.00611	0.00917	0.01260	0.01681	0.03628	0.76434	0.04354	0.02062	0.00840	0.00267	0.00382	0.01872	0.00611	0.00535
172	0.01558	0.01759	0.03774	0.02709	0.03361	0.01664	0.67169	0.02173	0.04783	0.02139	0.01394	0.01807	0.01046	0.00571	0.00772	0.00222	0.01083	0.00775	0.00349	0.00895
173	0.01724	0.71237	0.09158	0.01188	0.01784	0.02517	0.01233	0.01981	0.01342	0.01593	0.00937	0.01083	0.00844	0.00568	0.00439	0.00146	0.00726	0.00363	0.00281	0.00855
174	0.00802	0.00573	0.00764	0.00917	0.00955	0.00535	0.00611	0.00917	0.01260	0.01681	0.03628	0.76434	0.04354	0.02062	0.00840	0.00267	0.00382	0.01872	0.00611	0.00535
175	0.81514	0.01273	0.00968	0.00866	0.01273	0.01477	0.00713	0.01935	0.01120	0.02954	0.00917	0.01069	0.00713	0.00611	0.00407	0.00204	0.00509	0.00356	0.00407	0.00713
176	0.00802	0.00573	0.00764	0.00917	0.00955	0.00535	0.00611	0.00917	0.01260	0.01681	0.03628	0.76434	0.04354	0.02062	0.00840	0.00267	0.00382	0.01872	0.00611	0.00535
177	0.01629	0.01564	0.02672	0.04041	0.72757	0.01564	0.02020	0.02020	0.01499	0.02151	0.01238	0.01629	0.01043	0.00587	0.00652	0.00196	0.00782	0.00587	0.00326	0.01043
178	0.01365	0.01170	0.01365	0.00975	0.01560	0.00878	0.00780	0.01658	0.01365	0.02145	0.01170	0.01365	0.00975	0.00488	0.00488	0.00098	0.00488	0.00390	0.00390	0.80888
179	0.02954	0.01120	0.01528	0.01171	0.01681	0.00968	0.00968	0.03208	0.01884	0.73213	0.02597	0.02241	0.01630	0.00815	0.00662	0.00204	0.00560	0.00662	0.00815	0.01120
180	0.02503	0.01844	0.01976	0.01515	0.02042	0.02042	0.01251	0.70562	0.03095	0.04149	0.01581	0.01581	0.01120	0.00790	0.00659	0.00198	0.00724	0.00593	0.00659	0.01120
181	0.00921	0.00672	0.00865	0.00817	0.00977	0.00616	0.00612	0.01221	0.01837	0.02578	0.67664	0.05020	0.10997	0.01369	0.00777	0.00208	0.00312	0.01205	0.00717	0.00616
182	0.01760	0.77260	0.03450	0.01126	0.01690	0.02605	0.01126	0.01971	0.01338	0.01549	0.00915	0.01056	0.00845	0.00563	0.00422	0.00141	0.00704	0.00352	0.00282	0.00845
183	0.01365	0.01170	0.01365	0.00975	0.01560	0.00878	0.00780	0.01658	0.01365	0.02145	0.01170	0.01365	0.00975	0.00488	0.00488	0.00098	0.00488	0.00390	0.00390	0.80888
184	0.02933	0.01154	0.01549	0.01187	0.01697	0.01017	0.00981	0.06326	0.01940	0.70016	0.02550	0.02210	0.01606	0.00814	0.00662	0.00203	0.00568	0.00659	0.00808	0.01120
185	0.01702	0.01446	0.01525	0.01353	0.01736	0.01668	0.01058	0.08501	0.66460	0.02858	0.02597	0.02391	0.01943	0.00885	0.00669	0.00221	0.00536	0.00733	0.00669	0.01048
186	0.00826	0.00665	0.00736	0.00726	0.00921	0.00575	0.00542	0.01035	0.01603	0.02040	0.26821	0.08523	0.49508	0.01583	0.00780	0.00219	0.00328	0.01346	0.00646	0.00575
187	0.01629	0.01564	0.02672	0.04041	0.72757	0.01564	0.02020	0.02020	0.01499	0.02151	0.01238	0.01629	0.01043	0.00587	0.00652	0.00196	0.00782	0.00587	0.00326	0.01043
188	0.01425	0.01430	0.02067	0.57218	0.14371	0.08918	0.01800	0.01829	0.01400	0.01744	0.01165	0.01678	0.00899	0.00650	0.00651	0.00211	0.00895	0.00569	0.00302	0.00781

[dist]
# distance from previous block
# <min> <max>
1	3

[block]
# block no. 2 follows, 33 sequences, length 31
# corresponding to MSA columns:
# 422-452
name=unknown_C
#
# <colnr> <probs for GDERKNQSTAVLIFYWHMCP>
#	G	D	E	R	K	N	Q	S	T	A	V	L	I	F	Y	W	H	M	C	P
0	0.01747	0.01463	0.01724	0.01795	0.13498	0.01635	0.01218	0.08461	0.52356	0.05074	0.02353	0.02244	0.01768	0.00832	0.00666	0.00216	0.00581	0.00704	0.00617	0.01051
1	0.01332	0.01255	0.02093	0.58776	0.17687	0.01489	0.01837	0.01813	0.03883	0.01812	0.01238	0.01756	0.00950	0.00653	0.00657	0.00215	0.00846	0.00591	0.00313	0.00803
2	0.00974	0.00742	0.01016	0.05909	0.04096	0.00712	0.00752	0.01290	0.01797	0.02519	0.61938	0.04637	0.08543	0.01284	0.00764	0.00208	0.00368	0.01135	0.00675	0.00643
3	0.01348	0.06573	0.67945	0.01875	0.02819	0.01581	0.04769	0.02081	0.01393	0.02062	0.01175	0.01389	0.00840	0.00620	0.00622	0.00206	0.00966	0.00491	0.00280	0.00964
4	0.01138	0.00722	0.00924	0.00845	0.01049	0.00651	0.00644	0.01423	0.01817	0.10445	0.55722	0.04808	0.14622	0.01330	0.00764	0.00209	0.00342	0.01158	0.00720	0.00668
5	0.01629	0.01564	0.02672	0.04041	0.72757	0.01564	0.02020	0.02020	0.01499	0.02151	0.01238	0.01629	0.01043	0.00587	0.00652	0.00196	0.00782	0.00587	0.00326	0.01043
6	0.01614	0.01548	0.02644	0.06892	0.70027	0.01560	0.02013	0.02007	0.01492	0.02132	0.01236	0.01634	0.01036	0.00589	0.00652	0.00196	0.00786	0.00587	0.00325	0.01030
7	0.01495	0.01427	0.02430	0.28769	0.49076	0.01529	0.01954	0.01903	0.01436	0.01988	0.01215	0.01673	0.00985	0.00611	0.00654	0.00204	0.00815	0.00586	0.00314	0.00935
8	0.01483	0.01414	0.02407	0.31120	0.46825	0.01526	0.01947	0.01892	0.01430	0.01973	0.01212	0.01677	0.00980	0.00614	0.00654	0.00205	0.00818	0.00586	0.00313	0.00924
9	0.01659	0.01831	0.03665	0.02639	0.03282	0.04358	0.62560	0.07346	0.01683	0.02246	0.01339	0.01739	0.01003	0.00577	0.00761	0.00218	0.01083	0.00750	0.00358	0.00901
10	0.01243	0.01170	0.01975	0.75282	0.04534	0.01463	0.01828	0.01682	0.01316	0.01682	0.01170	0.01755	0.00878	0.00658	0.00658	0.00219	0.00878	0.00585	0.00293	0.00731
11	0.01429	0.01360	0.02310	0.40987	0.37376	0.01512	0.01921	0.01845	0.01404	0.01908	0.01203	0.01695	0.00957	0.00624	0.00655	0.00208	0.00832	0.00586	0.00309	0.00881
12	0.81514	0.01273	0.00968	0.00866	0.01273	0.01477	0.00713	0.01935	0.01120	0.02954	0.00917	0.01069	0.00713	0.00611	0.00407	0.00204	0.00509	0.00356	0.00407	0.00713
13	0.01629	0.01564	0.02672	0.04041	0.72757	0.01564	0.02020	0.02020	0.01499	0.02151	0.01238	0.01629	0.01043	0.00587	0.00652	0.00196	0.00782	0.00587	0.00326	0.01043
14	0.00809	0.00668	0.00710	0.00699	0.00908	0.00569	0.00524	0.01004	0.01573	0.01951	0.19858	0.06051	0.59193	0.01603	0.00778	0.00219	0.00329	0.01350	0.00634	0.00569
15	0.01637	0.01414	0.01489	0.01340	0.01712	0.01637	0.01042	0.03498	0.71568	0.02754	0.02679	0.02456	0.02010	0.00893	0.00670	0.00223	0.00521	0.00744	0.00670	0.01042
16	0.02459	0.03138	0.01866	0.01696	0.02035	0.74221	0.01272	0.02629	0.01866	0.01611	0.01018	0.01187	0.00848	0.00678	0.00594	0.00170	0.01187	0.00424	0.00339	0.00763
17	0.01582	0.01366	0.01436	0.01297	0.01659	0.01568	0.01007	0.03334	0.67067	0.02691	0.02936	0.02705	0.06537	0.00943	0.00677	0.00223	0.00509	0.00786	0.00666	0.01011
18	0.01440	0.01440	0.02016	0.01728	0.01728	0.02016	0.01440	0.01584	0.01008	0.01584	0.00864	0.01440	0.00864	0.01152	0.02160	0.00288	0.75659	0.00576	0.00288	0.00720
19	0.01061	0.00758	0.01061	0.01212	0.01364	0.00758	0.01061	0.01364	0.01515	0.01970	0.03486	0.07426	0.03789	0.01819	0.00909	0.00303	0.00606	0.68326	0.00606	0.00606
20	0.02692	0.01179	0.01520	0.01205	0.01687	0.01101	0.00982	0.03266	0.15742	0.59201	0.02614	0.02284	0.01705	0.00830	0.00664	0.00208	0.00552	0.00678	0.00786	0.01105
