[name]
unknown

[dist]
# distance from previous block
# <min> <max>
0	64

[block]
# block no. 0 follows, 34 sequences, length 9
# corresponding to MSA columns:
# 79-87
name=unknown_A
#
# <colnr> <probs for GDERKNQSTAVLIFYWHMCP>
#	G	D	E	R	K	N	Q	S	T	A	V	L	I	F	Y	W	H	M	C	P
0	0.21402	0.01298	0.01587	0.04232	0.01732	0.03390	0.07399	0.10821	0.01513	0.05456	0.04065	0.05541	0.03840	0.00938	0.00894	0.00223	0.14895	0.05017	0.04996	0.00760
1	0.03459	0.05636	0.04987	0.03352	0.01804	0.11791	0.03497	0.19943	0.07690	0.02467	0.06481	0.04132	0.01619	0.01582	0.14946	0.00353	0.00931	0.00644	0.00474	0.04211
2	0.01747	0.01574	0.04854	0.07118	0.19895	0.08119	0.03659	0.16721	0.05020	0.06306	0.04086	0.07543	0.01565	0.03837	0.02959	0.02174	0.00765	0.00708	0.00466	0.00884
3	0.00911	0.00688	0.00803	0.00822	0.00937	0.00674	0.00567	0.01172	0.07044	0.01728	0.10038	0.21616	0.20628	0.22303	0.06809	0.00397	0.00534	0.01242	0.00540	0.00546
4	0.14704	0.01349	0.01373	0.01127	0.01524	0.07213	0.00901	0.17876	0.01911	0.25405	0.06542	0.02459	0.08713	0.05129	0.00769	0.00222	0.00596	0.00687	0.00616	0.00884
5	0.05572	0.01577	0.04990	0.26936	0.20954	0.05615	0.11672	0.05207	0.07258	0.02098	0.01307	0.01664	0.01010	0.00636	0.00645	0.00205	0.00837	0.00591	0.00356	0.00869
6	0.01391	0.01253	0.01367	0.01217	0.01371	0.11537	0.04067	0.06183	0.01335	0.01768	0.01823	0.05862	0.05481	0.13987	0.09644	0.06598	0.15046	0.00736	0.08714	0.00620
7	0.01474	0.01396	0.02322	0.22879	0.48292	0.01447	0.01821	0.01862	0.01411	0.01987	0.01191	0.01608	0.00974	0.00586	0.00627	0.00189	0.00766	0.00558	0.00317	0.08292
8	0.01560	0.01487	0.02089	0.20171	0.33832	0.07078	0.01623	0.05528	0.09571	0.02166	0.07218	0.01948	0.01496	0.00704	0.00649	0.00200	0.00751	0.00629	0.00400	0.00900

[dist]
# distance from previous block
# <min> <max>
1	3

[block]
# block no. 1 follows, 34 sequences, length 16
# corresponding to MSA columns:
# 91-106
name=unknown_B
#
# <colnr> <probs for GDERKNQSTAVLIFYWHMCP>
#	G	D	E	R	K	N	Q	S	T	A	V	L	I	F	Y	W	H	M	C	P
0	0.05524	0.00781	0.00894	0.00870	0.01067	0.00756	0.00639	0.01489	0.09017	0.08319	0.15942	0.21864	0.21615	0.07144	0.00926	0.00254	0.00406	0.01226	0.00616	0.00648
1	0.00957	0.00646	0.00807	0.00875	0.00970	0.00619	0.00602	0.01148	0.04052	0.05130	0.03476	0.48014	0.10972	0.10900	0.04668	0.00330	0.00477	0.01481	0.03311	0.00564
2	0.05610	0.00715	0.00834	0.00816	0.00963	0.00681	0.00572	0.01270	0.02840	0.08179	0.13558	0.18500	0.16699	0.20611	0.01458	0.03965	0.00453	0.01151	0.00557	0.00568
3	0.01256	0.00829	0.00985	0.00923	0.01141	0.00793	0.00691	0.08836	0.04112	0.10269	0.17981	0.24182	0.20528	0.03418	0.00816	0.00233	0.00416	0.01257	0.00647	0.00687
4	0.05410	0.00751	0.00853	0.00832	0.00931	0.00761	0.00556	0.05997	0.01274	0.03602	0.08483	0.15229	0.02809	0.42562	0.02107	0.00443	0.00545	0.03342	0.02986	0.00529
5	0.04949	0.00813	0.00926	0.00917	0.01117	0.00824	0.00712	0.03390	0.11379	0.02289	0.19614	0.13105	0.15106	0.01345	0.00716	0.00222	0.00408	0.11086	0.10419	0.00661
6	0.01078	0.00779	0.00913	0.00866	0.01075	0.00741	0.00651	0.03419	0.08987	0.06229	0.30155	0.14198	0.25607	0.01419	0.00750	0.00217	0.00368	0.01225	0.00660	0.00663
7	0.00925	0.00679	0.00810	0.00872	0.00993	0.00661	0.00616	0.01267	0.08987	0.01946	0.10875	0.44060	0.14027	0.01651	0.00756	0.00235	0.00368	0.01463	0.08212	0.00598
8	0.00921	0.00629	0.00699	0.00699	0.00723	0.00618	0.00402	0.00938	0.00997	0.01306	0.02519	0.04442	0.09919	0.69186	0.03018	0.00583	0.00594	0.00985	0.00414	0.00408
9	0.09275	0.00707	0.00823	0.00858	0.00988	0.00697	0.00610	0.03318	0.01427	0.02098	0.20413	0.38569	0.07757	0.05637	0.00876	0.00252	0.00389	0.01362	0.03365	0.00579
10	0.00918	0.00661	0.00789	0.00814	0.00905	0.00644	0.00558	0.01080	0.04009	0.01623	0.08585	0.16819	0.17017	0.28388	0.05725	0.04749	0.00549	0.05160	0.00507	0.00502
11	0.01096	0.00869	0.00999	0.00924	0.01024	0.04706	0.03917	0.03886	0.01161	0.01498	0.02258	0.03927	0.07067	0.52596	0.08843	0.00562	0.00754	0.03007	0.00412	0.00495
12	0.01131	0.00566	0.00816	0.00816	0.00832	0.00566	0.00549	0.00913	0.00897	0.01260	0.01228	0.02012	0.01180	0.02085	0.02303	0.72517	0.00533	0.00566	0.08916	0.00315
13	0.00865	0.00654	0.00761	0.00806	0.00915	0.00616	0.00551	0.01077	0.05096	0.01732	0.09665	0.32427	0.23766	0.16548	0.01276	0.00314	0.00412	0.01411	0.00571	0.00538
14	0.27016	0.05641	0.01855	0.09525	0.11480	0.06727	0.04547	0.17618	0.03152	0.04949	0.01228	0.01411	0.00933	0.00652	0.00557	0.00195	0.00708	0.00497	0.00436	0.00872
15	0.11962	0.42666	0.06307	0.01150	0.01626	0.05926	0.01075	0.07634	0.03368	0.01961	0.01187	0.03669	0.01076	0.04842	0.02980	0.00216	0.00723	0.00475	0.00354	0.00802

[dist]
# distance from previous block
# <min> <max>
3	66

[block]
# block no. 2 follows, 34 sequences, length 15
# corresponding to MSA columns:
# 176-190
name=unknown_C
#
# <colnr> <probs for GDERKNQSTAVLIFYWHMCP>
#	G	D	E	R	K	N	Q	S	T	A	V	L	I	F	Y	W	H	M	C	P
0	0.03741	0.00722	0.00945	0.05111	0.01128	0.00732	0.00643	0.03874	0.01156	0.01621	0.11507	0.04556	0.02128	0.18129	0.02059	0.36236	0.00552	0.00746	0.00397	0.04017
1	0.02085	0.01897	0.06556	0.13244	0.12309	0.16696	0.03085	0.17003	0.01896	0.14399	0.01444	0.01602	0.01053	0.00705	0.00680	0.00196	0.03202	0.00554	0.00464	0.00931
2	0.07327	0.01393	0.02206	0.13348	0.29408	0.01426	0.08714	0.04298	0.04134	0.12485	0.01435	0.01688	0.01085	0.00642	0.00665	0.00197	0.02553	0.00583	0.00416	0.05997
3	0.01745	0.36948	0.18041	0.01551	0.06958	0.06505	0.01453	0.10799	0.04722	0.02068	0.01148	0.01288	0.00929	0.00615	0.00525	0.00167	0.00771	0.00442	0.00348	0.02977
4	0.01340	0.01148	0.01340	0.00957	0.01531	0.00861	0.00766	0.01627	0.01340	0.02105	0.01148	0.01340	0.00957	0.00479	0.00479	0.00096	0.00479	0.00383	0.00383	0.81242
5	0.01581	0.01587	0.06440	0.16929	0.50865	0.01552	0.01910	0.07466	0.01558	0.02179	0.01227	0.01605	0.00988	0.00607	0.00640	0.00197	0.00791	0.00570	0.00337	0.00969
6	0.00814	0.00653	0.00704	0.00694	0.00876	0.00567	0.00506	0.00991	0.01495	0.01876	0.20286	0.05719	0.51530	0.09235	0.01019	0.00256	0.00353	0.01279	0.00603	0.00544
7	0.00908	0.00655	0.00858	0.00818	0.00964	0.00605	0.00609	0.01202	0.01797	0.02540	0.69158	0.08735	0.05998	0.01359	0.00765	0.00206	0.00309	0.01205	0.00705	0.00605
8	0.00768	0.00636	0.00674	0.00704	0.00886	0.00541	0.00513	0.00922	0.01426	0.01726	0.05948	0.20363	0.59240	0.01714	0.00776	0.00227	0.00337	0.01458	0.00600	0.00541
9	0.00774	0.00655	0.00669	0.00666	0.00879	0.00550	0.00499	0.00948	0.01498	0.01804	0.11175	0.06121	0.68333	0.01614	0.00764	0.00217	0.00326	0.01350	0.00608	0.00550
10	0.00796	0.00569	0.00757	0.00894	0.00939	0.00531	0.00600	0.00921	0.01277	0.01713	0.08279	0.71970	0.04398	0.01976	0.00820	0.00258	0.00370	0.01791	0.00607	0.00531
11	0.02899	0.01100	0.01499	0.01150	0.01649	0.00950	0.00950	0.03149	0.01849	0.73709	0.02549	0.02199	0.01599	0.00800	0.00650	0.00200	0.00550	0.00650	0.00800	0.01100
12	0.02376	0.00984	0.01332	0.01061	0.01469	0.00860	0.00860	0.02641	0.01844	0.54972	0.21090	0.02891	0.02784	0.00937	0.00679	0.00201	0.00485	0.00786	0.00776	0.00971
13	0.02414	0.03079	0.01831	0.01665	0.01998	0.74698	0.01248	0.02580	0.01831	0.01581	0.00999	0.01165	0.00832	0.00666	0.00583	0.00166	0.01165	0.00416	0.00333	0.00749
14	0.01531	0.14005	0.50953	0.01714	0.02538	0.01732	0.04447	0.11760	0.01598	0.02255	0.01181	0.01356	0.00865	0.00625	0.00594	0.00194	0.00886	0.00483	0.00328	0.00954

[dist]
# distance from previous block
# <min> <max>
0	1

[block]
# block no. 3 follows, 34 sequences, length 104
# corresponding to MSA columns:
# 192-295
name=unknown_D
#
# <colnr> <probs for GDERKNQSTAVLIFYWHMCP>
#	G	D	E	R	K	N	Q	S	T	A	V	L	I	F	Y	W	H	M	C	P
0	0.81856	0.01250	0.00950	0.00850	0.01250	0.01449	0.00700	0.01899	0.01100	0.02899	0.00900	0.01050	0.00700	0.00600	0.00400	0.00200	0.00500	0.00350	0.00400	0.00700
1	0.81856	0.01250	0.00950	0.00850	0.01250	0.01449	0.00700	0.01899	0.01100	0.02899	0.00900	0.01050	0.00700	0.00600	0.00400	0.00200	0.00500	0.00350	0.00400	0.00700
2	0.81856	0.01250	0.00950	0.00850	0.01250	0.01449	0.00700	0.01899	0.01100	0.02899	0.00900	0.01050	0.00700	0.00600	0.00400	0.00200	0.00500	0.00350	0.00400	0.00700
3	0.00914	0.00660	0.00864	0.00813	0.00965	0.00610	0.00610	0.01219	0.01829	0.02591	0.72921	0.04827	0.06097	0.01321	0.00762	0.00203	0.00305	0.01169	0.00711	0.00610
4	0.00865	0.00668	0.00903	0.00999	0.01032	0.00706	0.00701	0.00981	0.01206	0.01638	0.03224	0.67478	0.03847	0.01913	0.00986	0.00265	0.09802	0.01679	0.00560	0.00547
5	0.01403	0.01335	0.02268	0.41096	0.37664	0.01484	0.01885	0.01811	0.01379	0.01873	0.01181	0.01663	0.00940	0.00612	0.00643	0.00204	0.00816	0.00575	0.00303	0.00865
6	0.01194	0.00583	0.00868	0.00854	0.00874	0.00577	0.00577	0.00935	0.00883	0.04063	0.01180	0.01974	0.01142	0.02186	0.02449	0.77920	0.00561	0.00565	0.00302	0.00314
7	0.01599	0.01535	0.02623	0.03966	0.73262	0.01535	0.01983	0.01983	0.01471	0.02111	0.01215	0.01599	0.01023	0.00576	0.00640	0.00192	0.00768	0.00576	0.00320	0.01023
8	0.14954	0.02401	0.01706	0.01477	0.01870	0.41676	0.01148	0.20250	0.04543	0.02475	0.01185	0.01292	0.00921	0.00691	0.00573	0.00181	0.00919	0.00460	0.00436	0.00842
9	0.01296	0.03342	0.73944	0.01842	0.02797	0.01501	0.02387	0.02046	0.01364	0.02046	0.01160	0.01364	0.00818	0.00614	0.00614	0.00205	0.00955	0.00477	0.00273	0.00955
10	0.01510	0.01845	0.08304	0.02667	0.03340	0.01625	0.66526	0.02068	0.01515	0.02068	0.01298	0.01719	0.00970	0.00549	0.00753	0.00217	0.01081	0.00744	0.00323	0.00877
11	0.01364	0.14997	0.62882	0.01726	0.02618	0.01666	0.02186	0.02029	0.01356	0.01964	0.01119	0.01313	0.00820	0.00604	0.00583	0.00194	0.00914	0.00457	0.00273	0.00935
12	0.01122	0.00561	0.00842	0.00842	0.00842	0.00561	0.00561	0.00842	0.00842	0.01122	0.01122	0.01964	0.01122	0.02245	0.02525	0.81201	0.00561	0.00561	0.00281	0.00281
13	0.02702	0.01276	0.06274	0.01202	0.01716	0.01041	0.01044	0.07227	0.01862	0.62304	0.02379	0.02170	0.01541	0.03274	0.00733	0.00214	0.00589	0.00644	0.00742	0.01067
14	0.00825	0.00696	0.00701	0.00685	0.00914	0.00598	0.00518	0.03469	0.01529	0.01830	0.06365	0.06049	0.70396	0.01605	0.00759	0.00217	0.00341	0.01335	0.00602	0.00566
15	0.01296	0.03342	0.73944	0.01842	0.02797	0.01501	0.02387	0.02046	0.01364	0.02046	0.01160	0.01364	0.00818	0.00614	0.00614	0.00205	0.00955	0.00477	0.00273	0.00955
16	0.13502	0.01288	0.01961	0.38574	0.20468	0.01523	0.01632	0.01759	0.01273	0.01941	0.01093	0.01556	0.00875	0.00676	0.00773	0.00215	0.09250	0.00540	0.00312	0.00789
17	0.00775	0.00638	0.00682	0.00706	0.00889	0.00545	0.00516	0.00937	0.01448	0.01771	0.09352	0.18819	0.57306	0.01690	0.00775	0.00225	0.00335	0.01439	0.00606	0.00545
18	0.02456	0.01810	0.01939	0.01487	0.02004	0.02004	0.01228	0.71107	0.03038	0.04072	0.01551	0.01551	0.01099	0.00776	0.00646	0.00194	0.00711	0.00582	0.00646	0.01099
19	0.00825	0.00703	0.00716	0.00704	0.00930	0.00618	0.00531	0.01104	0.06140	0.01843	0.08976	0.05911	0.65610	0.01574	0.00757	0.00218	0.00338	0.01314	0.00608	0.00580
20	0.04833	0.09191	0.18065	0.04179	0.02338	0.15315	0.12443	0.05312	0.01617	0.16083	0.01399	0.01531	0.01011	0.00668	0.00663	0.00195	0.03300	0.00539	0.00418	0.00901
21	0.02392	0.05430	0.01880	0.01647	0.01987	0.72425	0.01244	0.02560	0.01815	0.01579	0.00996	0.01161	0.00832	0.00662	0.00577	0.00166	0.01150	0.00414	0.00331	0.00752
22	0.01599	0.01535	0.02623	0.03966	0.73262	0.01535	0.01983	0.01983	0.01471	0.02111	0.01215	0.01599	0.01023	0.00576	0.00640	0.00192	0.00768	0.00576	0.00320	0.01023
23	0.01314	0.01214	0.02022	0.30799	0.33393	0.01317	0.01663	0.01679	0.01392	0.01899	0.04787	0.10692	0.01641	0.00837	0.00676	0.00212	0.00732	0.02548	0.00365	0.00819
24	0.07663	0.01263	0.05158	0.01268	0.03949	0.01075	0.01049	0.04757	0.03985	0.59392	0.02310	0.02056	0.01484	0.00773	0.00632	0.00200	0.00577	0.00621	0.00725	0.01063
25	0.00923	0.00692	0.01038	0.01038	0.01154	0.00808	0.00808	0.01154	0.01038	0.01500	0.01731	0.02538	0.01615	0.04846	0.74732	0.01038	0.01731	0.00692	0.00346	0.00577
26	0.02749	0.01101	0.01477	0.01142	0.01620	0.00973	0.00939	0.05964	0.01899	0.66009	0.07142	0.02344	0.01874	0.00833	0.00657	0.00200	0.00541	0.00681	0.00787	0.01067
27	0.01540	0.01474	0.02515	0.15262	0.62432	0.01520	0.01953	0.01931	0.01443	0.02039	0.01205	0.01619	0.00998	0.00587	0.00641	0.00196	0.00782	0.00575	0.00315	0.00975
28	0.01268	0.01206	0.02066	0.66212	0.11371	0.01452	0.03966	0.01697	0.01317	0.01710	0.01160	0.01711	0.00881	0.00636	0.00649	0.00213	0.00859	0.00580	0.00292	0.00753
29	0.01414	0.01414	0.01979	0.01696	0.01696	0.01979	0.01414	0.01555	0.00990	0.01555	0.00848	0.01414	0.00848	0.01131	0.02120	0.00283	0.76110	0.00565	0.00283	0.00707
30	0.81856	0.01250	0.00950	0.00850	0.01250	0.01449	0.00700	0.01899	0.01100	0.02899	0.00900	0.01050	0.00700	0.00600	0.00400	0.00200	0.00500	0.00350	0.00400	0.00700
31	0.00923	0.00692	0.01038	0.01038	0.01154	0.00808	0.00808	0.01154	0.01038	0.01500	0.01731	0.02538	0.01615	0.04846	0.74732	0.01038	0.01731	0.00692	0.00346	0.00577
32	0.77570	0.01241	0.00980	0.00866	0.01271	0.01422	0.00713	0.01967	0.01140	0.06743	0.00989	0.01112	0.00749	0.00611	0.00413	0.00200	0.00503	0.00366	0.00422	0.00721
33	0.00787	0.00562	0.00750	0.00900	0.00937	0.00525	0.00600	0.00900	0.01237	0.01649	0.03561	0.76871	0.04274	0.02024	0.00825	0.00262	0.00375	0.01837	0.00600	0.00525
34	0.01566	0.04329	0.01424	0.01198	0.01545	0.01421	0.00942	0.02944	0.52050	0.07271	0.11749	0.02842	0.06005	0.00954	0.00666	0.00213	0.00485	0.00798	0.00655	0.00943
35	0.00767	0.00641	0.00669	0.00690	0.00882	0.00542	0.00507	0.00923	0.01438	0.01731	0.06108	0.16569	0.62931	0.01693	0.00773	0.00225	0.00334	0.01433	0.00600	0.00542
36	0.01599	0.01535	0.02623	0.03966	0.73262	0.01535	0.01983	0.01983	0.01471	0.02111	0.01215	0.01599	0.01023	0.00576	0.00640	0.00192	0.00768	0.00576	0.00320	0.01023
37	0.01727	0.77681	0.03386	0.01106	0.01658	0.02557	0.01106	0.01935	0.01313	0.01520	0.00898	0.01036	0.00829	0.00553	0.00415	0.00138	0.00691	0.00345	0.00276	0.00829
38	0.00960	0.00784	0.01252	0.01220	0.01373	0.00750	0.10538	0.01215	0.03303	0.01790	0.03194	0.51558	0.03647	0.01741	0.00824	0.00261	0.00519	0.13910	0.00562	0.00600
39	0.01594	0.01336	0.01537	0.13068	0.02109	0.01547	0.01138	0.05061	0.54986	0.04786	0.04078	0.02329	0.01860	0.00846	0.00658	0.00217	0.00569	0.00710	0.00604	0.00969
40	0.01244	0.01022	0.01141	0.01071	0.01323	0.01107	0.00812	0.02297	0.37878	0.02467	0.23099	0.12905	0.08560	0.01205	0.00716	0.00220	0.00422	0.01043	0.00661	0.00807
41	0.02585	0.01300	0.01586	0.01235	0.01707	0.01278	0.01012	0.26158	0.02221	0.43990	0.03965	0.04721	0.01636	0.00847	0.00653	0.00199	0.00587	0.00681	0.02584	0.01055
42	0.01586	0.01522	0.02600	0.06378	0.70949	0.01532	0.01977	0.01972	0.01465	0.02095	0.01213	0.01603	0.01018	0.00578	0.00640	0.00193	0.00771	0.00576	0.00319	0.01013
43	0.01220	0.01148	0.01938	0.75739	0.04450	0.01436	0.01794	0.01651	0.01292	0.01651	0.01148	0.01723	0.00861	0.00646	0.00646	0.00215	0.00861	0.00574	0.00287	0.00718
44	0.00923	0.00692	0.01038	0.01038	0.01154	0.00808	0.00808	0.01154	0.01038	0.01500	0.01731	0.02538	0.01615	0.04846	0.74732	0.01038	0.01731	0.00692	0.00346	0.00577
45	0.02400	0.01782	0.01908	0.01475	0.01982	0.01978	0.01215	0.66649	0.07588	0.03982	0.01622	0.01608	0.01156	0.00782	0.00647	0.00196	0.00698	0.00592	0.00647	0.01094
46	0.01414	0.01414	0.01979	0.01696	0.01696	0.01979	0.01414	0.01555	0.00990	0.01555	0.00848	0.01414	0.00848	0.01131	0.02120	0.00283	0.76110	0.00565	0.00283	0.00707
47	0.01296	0.03342	0.73944	0.01842	0.02797	0.01501	0.02387	0.02046	0.01364	0.02046	0.01160	0.01364	0.00818	0.00614	0.00614	0.00205	0.00955	0.00477	0.00273	0.00955
48	0.00926	0.00679	0.00972	0.00972	0.01064	0.00772	0.00725	0.01111	0.01019	0.01451	0.01791	0.02875	0.01761	0.19277	0.60500	0.00956	0.01511	0.00742	0.00355	0.00540
49	0.01220	0.01148	0.01938	0.75739	0.04450	0.01436	0.01794	0.01651	0.01292	0.01651	0.01148	0.01723	0.00861	0.00646	0.00646	0.00215	0.00861	0.00574	0.00287	0.00718
50	0.01296	0.03342	0.73944	0.01842	0.02797	0.01501	0.02387	0.02046	0.01364	0.02046	0.01160	0.01364	0.00818	0.00614	0.00614	0.00205	0.00955	0.00477	0.00273	0.00955
51	0.76719	0.01286	0.01014	0.00891	0.01298	0.01485	0.00734	0.06377	0.01225	0.02975	0.00942	0.01082	0.00726	0.00611	0.00416	0.00200	0.00513	0.00365	0.00416	0.00726
52	0.01122	0.00561	0.00842	0.00842	0.00842	0.00561	0.00561	0.00842	0.00842	0.01122	0.01122	0.01964	0.01122	0.02245	0.02525	0.81201	0.00561	0.00561	0.00281	0.00281
53	0.01525	0.01743	0.03813	0.02723	0.03377	0.01634	0.70915	0.02070	0.01525	0.02070	0.01307	0.01743	0.00980	0.00545	0.00763	0.00218	0.01089	0.00763	0.00327	0.00871
54	0.01599	0.01535	0.02623	0.03966	0.73262	0.01535	0.01983	0.01983	0.01471	0.02111	0.01215	0.01599	0.01023	0.00576	0.00640	0.00192	0.00768	0.00576	0.00320	0.01023
55	0.01203	0.00725	0.00935	0.00850	0.01061	0.00653	0.00649	0.01477	0.01771	0.13590	0.51929	0.06924	0.13117	0.01299	0.00747	0.00206	0.00348	0.01132	0.00709	0.00676
56	0.01659	0.65929	0.14540	0.01222	0.01838	0.02390	0.01308	0.01952	0.01321	0.01603	0.00940	0.01088	0.00827	0.00562	0.00446	0.00149	0.00733	0.00366	0.00276	0.00849
57	0.00779	0.00655	0.00675	0.00670	0.00882	0.00552	0.00503	0.00956	0.01508	0.01829	0.13100	0.06081	0.66393	0.01605	0.00763	0.00217	0.00325	0.01344	0.00611	0.00552
58	0.00795	0.00568	0.00759	0.00909	0.00950	0.00532	0.00614	0.00913	0.01245	0.01658	0.03557	0.74703	0.04256	0.02017	0.00827	0.00264	0.00382	0.03926	0.00600	0.00527
59	0.01437	0.01358	0.02300	0.29253	0.45263	0.01460	0.01869	0.01833	0.01409	0.01939	0.01303	0.01929	0.01102	0.00661	0.00655	0.00206	0.00792	0.04016	0.00322	0.00894
60	0.01514	0.01823	0.07343	0.02679	0.03348	0.01627	0.67465	0.02069	0.01517	0.02069	0.01300	0.01724	0.00972	0.00548	0.00755	0.00217	0.01083	0.00748	0.00324	0.00876
61	0.01754	0.01331	0.01451	0.01276	0.01651	0.01491	0.01000	0.05490	0.57937	0.11206	0.06124	0.02479	0.02107	0.00887	0.00661	0.00215	0.00512	0.00738	0.00677	0.01014
62	0.01042	0.00763	0.01074	0.01277	0.05612	0.00760	0.00985	0.01294	0.01400	0.01839	0.03131	0.12179	0.03434	0.10834	0.01161	0.00328	0.00592	0.51150	0.00554	0.00591
63	0.01262	0.05018	0.02041	0.68875	0.07289	0.01496	0.01768	0.01680	0.01301	0.01664	0.01139	0.01683	0.00867	0.00638	0.00634	0.00210	0.00849	0.00563	0.00288	0.00737
64	0.01305	0.03277	0.71104	0.01877	0.02820	0.01506	0.05163	0.02047	0.01371	0.02047	0.01166	0.01380	0.00825	0.00611	0.00620	0.00205	0.00960	0.00489	0.00275	0.00952
65	0.00937	0.00639	0.00767	0.00767	0.00788	0.00660	0.00469	0.00979	0.00958	0.01299	0.01979	0.03915	0.02213	0.63855	0.16540	0.00703	0.00831	0.00894	0.00383	0.00426
66	0.01485	0.01234	0.01418	0.01026	0.01592	0.01009	0.00826	0.10631	0.01560	0.02360	0.01201	0.01367	0.00975	0.00517	0.00500	0.00108	0.00509	0.00409	0.00417	0.70856
67	0.02038	0.18235	0.10275	0.01600	0.04062	0.41755	0.01345	0.02460	0.09069	0.01755	0.01175	0.01305	0.00956	0.00656	0.00561	0.00171	0.00963	0.00446	0.00348	0.00826
68	0.02718	0.01102	0.01469	0.01147	0.01622	0.00983	0.00940	0.03086	0.07019	0.65403	0.05602	0.02329	0.01822	0.00828	0.00655	0.00201	0.00536	0.00678	0.00785	0.01073
69	0.01312	0.03240	0.69707	0.01935	0.05107	0.01505	0.04245	0.02045	0.01372	0.02049	0.01165	0.01382	0.00830	0.00611	0.00619	0.00205	0.00952	0.00488	0.00276	0.00955
70	0.01122	0.00561	0.00842	0.00842	0.00842	0.00561	0.00561	0.00842	0.00842	0.01122	0.01122	0.01964	0.01122	0.02245	0.02525	0.81201	0.00561	0.00561	0.00281	0.00281
71	0.00924	0.00630	0.00719	0.00723	0.00744	0.00628	0.00424	0.00949	0.00987	0.01307	0.02354	0.05985	0.07012	0.66888	0.06661	0.00612	0.00656	0.00976	0.00408	0.00414
72	0.01122	0.00561	0.00842	0.00842	0.00842	0.00561	0.00561	0.00842	0.00842	0.01122	0.01122	0.01964	0.01122	0.02245	0.02525	0.81201	0.00561	0.00561	0.00281	0.00281
73	0.01122	0.00561	0.00842	0.00842	0.00842	0.00561	0.00561	0.00842	0.00842	0.01122	0.01122	0.01964	0.01122	0.02245	0.02525	0.81201	0.00561	0.00561	0.00281	0.00281
74	0.00787	0.00562	0.00750	0.00900	0.00937	0.00525	0.00600	0.00900	0.01237	0.01649	0.03561	0.76871	0.04274	0.02024	0.00825	0.00262	0.00375	0.01837	0.00600	0.00525
75	0.01727	0.77681	0.03386	0.01106	0.01658	0.02557	0.01106	0.01935	0.01313	0.01520	0.00898	0.01036	0.00829	0.00553	0.00415	0.00138	0.00691	0.00345	0.00276	0.00829
76	0.04387	0.00802	0.00992	0.00987	0.01183	0.00758	0.00743	0.05842	0.01474	0.05155	0.08833	0.40426	0.03468	0.01546	0.00749	0.00232	0.00447	0.10730	0.00585	0.10659
77	0.01716	0.45614	0.22826	0.01368	0.02027	0.02180	0.01481	0.12320	0.01585	0.02049	0.01069	0.01205	0.00867	0.00603	0.00505	0.00165	0.00768	0.00418	0.00331	0.00905
78	0.01607	0.01388	0.01461	0.01315	0.01680	0.01607	0.01023	0.03433	0.72094	0.02703	0.02630	0.02411	0.01972	0.00877	0.00657	0.00219	0.00511	0.00731	0.00657	0.01023
79	0.00820	0.00584	0.00781	0.00926	0.00975	0.00552	0.00642	0.00949	0.01256	0.01669	0.03502	0.67090	0.04157	0.04173	0.00903	0.00277	0.00406	0.09215	0.00593	0.00529
80	0.00764	0.00655	0.00655	0.00655	0.00873	0.00545	0.00491	0.00927	0.01473	0.01745	0.06546	0.06218	0.73000	0.01636	0.00764	0.00218	0.00327	0.01364	0.00600	0.00545
81	0.01041	0.00744	0.01041	0.01190	0.01339	0.00744	0.01041	0.01339	0.01487	0.01934	0.03421	0.07288	0.03719	0.01785	0.00892	0.00297	0.00595	0.68913	0.00595	0.00595
82	0.01296	0.03342	0.73944	0.01842	0.02797	0.01501	0.02387	0.02046	0.01364	0.02046	0.01160	0.01364	0.00818	0.00614	0.00614	0.00205	0.00955	0.00477	0.00273	0.00955
83	0.01316	0.01123	0.01314	0.00955	0.01506	0.00847	0.00758	0.01595	0.01335	0.02086	0.01253	0.04610	0.01101	0.00545	0.00494	0.00103	0.00474	0.00446	0.00392	0.77748
84	0.01724	0.21969	0.16125	0.01969	0.06776	0.01918	0.22156	0.15593	0.01734	0.02317	0.01215	0.01442	0.00937	0.00607	0.00614	0.00188	0.00866	0.00554	0.00366	0.00930
85	0.01246	0.01093	0.01751	0.16384	0.30737	0.01143	0.01392	0.01527	0.01317	0.01797	0.01894	0.13772	0.01947	0.13497	0.01127	0.00288	0.00688	0.07262	0.00393	0.00747
86	0.02456	0.01810	0.01939	0.01487	0.02004	0.02004	0.01228	0.71107	0.03038	0.04072	0.01551	0.01551	0.01099	0.00776	0.00646	0.00194	0.00711	0.00582	0.00646	0.01099
87	0.00787	0.00562	0.00750	0.00900	0.00937	0.00525	0.00600	0.00900	0.01237	0.01649	0.03561	0.76871	0.04274	0.02024	0.00825	0.00262	0.00375	0.01837	0.00600	0.00525
88	0.01326	0.08501	0.69048	0.01791	0.02718	0.01574	0.02298	0.02039	0.01361	0.02010	0.01141	0.01341	0.00819	0.00610	0.00600	0.00200	0.00937	0.00468	0.00273	0.00946
89	0.01676	0.28061	0.31410	0.01726	0.09002	0.01908	0.01715	0.11047	0.01592	0.04554	0.01174	0.01328	0.00905	0.00617	0.00554	0.00179	0.00802	0.00462	0.00345	0.00943
90	0.01395	0.01389	0.01943	0.01673	0.01674	0.01936	0.01390	0.01536	0.00997	0.01558	0.00928	0.03633	0.00949	0.01157	0.02082	0.00282	0.73882	0.00603	0.00292	0.00701
91	0.00767	0.00643	0.00666	0.00685	0.00881	0.00543	0.00504	0.00924	0.01443	0.01734	0.06174	0.15013	0.64445	0.01685	0.00771	0.00224	0.00333	0.01423	0.00600	0.00543
92	0.00940	0.00626	0.00705	0.00705	0.00705	0.00626	0.00392	0.00940	0.00940	0.01253	0.02036	0.04228	0.02349	0.77292	0.03289	0.00626	0.00626	0.00940	0.00392	0.00392
93	0.05616	0.17240	0.02242	0.01786	0.11777	0.26201	0.01292	0.21999	0.01993	0.02414	0.01163	0.01306	0.00929	0.00660	0.00568	0.00174	0.00857	0.00469	0.00413	0.00901
94	0.03868	0.01174	0.01945	0.69230	0.08248	0.01442	0.01769	0.01678	0.01296	0.01718	0.01144	0.01694	0.00865	0.00641	0.00638	0.00214	0.00844	0.00567	0.00293	0.00735
95	0.00804	0.00589	0.00759	0.00883	0.00955	0.00544	0.00613	0.00940	0.01301	0.01707	0.05947	0.61220	0.13257	0.01938	0.00819	0.00257	0.00380	0.05951	0.00603	0.00534
96	0.01709	0.57665	0.12843	0.01259	0.01831	0.09417	0.01286	0.01988	0.01362	0.01598	0.00971	0.01143	0.00854	0.00712	0.02879	0.00179	0.00808	0.00382	0.00284	0.00830
97	0.01848	0.02121	0.16045	0.03621	0.05847	0.13374	0.03704	0.14400	0.25025	0.04809	0.01736	0.01769	0.01290	0.00739	0.00637	0.00201	0.00780	0.00591	0.00494	0.00968
98	0.00797	0.00612	0.00742	0.00822	0.00938	0.00557	0.00584	0.00947	0.01342	0.01716	0.06739	0.42244	0.29836	0.01992	0.04523	0.00284	0.00430	0.03764	0.00590	0.00540
99	0.01981	0.01190	0.01405	0.01174	0.01552	0.01225	0.00934	0.13511	0.22471	0.25214	0.17219	0.04655	0.02643	0.00960	0.00680	0.00207	0.00508	0.00802	0.00710	0.00959
100	0.01609	0.47523	0.07873	0.01205	0.01676	0.08209	0.01153	0.03989	0.01357	0.01639	0.01120	0.01400	0.01001	0.01469	0.15940	0.00335	0.00968	0.00441	0.00307	0.00787
101	0.01243	0.01172	0.01979	0.71412	0.08599	0.01442	0.01806	0.01671	0.01303	0.01679	0.01152	0.01715	0.00871	0.00642	0.00646	0.00214	0.00856	0.00574	0.00289	0.00736
102	0.01578	0.01541	0.09472	0.01452	0.05344	0.01472	0.01188	0.07460	0.44942	0.04865	0.04748	0.02664	0.06311	0.00914	0.00668	0.00216	0.00573	0.03026	0.00598	0.00966
103	0.00815	0.00589	0.00778	0.00897	0.00960	0.00542	0.00606	0.00944	0.01275	0.01720	0.07452	0.70003	0.04258	0.01928	0.00809	0.00253	0.00375	0.01746	0.00598	0.03453

[dist]
# distance from previous block
# <min> <max>
0	1

[block]
# block no. 4 follows, 34 sequences, length 156
# corresponding to MSA columns:
# 297-452
name=unknown_E
#
# <colnr> <probs for GDERKNQSTAVLIFYWHMCP>
#	G	D	E	R	K	N	Q	S	T	A	V	L	I	F	Y	W	H	M	C	P
0	0.02037	0.17519	0.13302	0.01467	0.01992	0.15496	0.01359	0.26504	0.02054	0.04726	0.04205	0.01496	0.01164	0.00720	0.00635	0.00183	0.03253	0.00513	0.00451	0.00924
1	0.00935	0.00625	0.00706	0.00710	0.00711	0.00624	0.00397	0.00938	0.00948	0.01264	0.02079	0.06303	0.02404	0.75142	0.03218	0.00616	0.00619	0.00965	0.00397	0.00395
2	0.02414	0.03079	0.01831	0.01665	0.01998	0.74698	0.01248	0.02580	0.01831	0.01581	0.00999	0.01165	0.00832	0.00666	0.00583	0.00166	0.01165	0.00416	0.00333	0.00749
3	0.01436	0.01156	0.01354	0.00982	0.01544	0.00897	0.00786	0.01785	0.04287	0.06041	0.01286	0.01431	0.01034	0.00512	0.00495	0.00106	0.00484	0.00412	0.00417	0.73554
4	0.00787	0.00562	0.00750	0.00900	0.00937	0.00525	0.00600	0.00900	0.01237	0.01649	0.03561	0.76871	0.04274	0.02024	0.00825	0.00262	0.00375	0.01837	0.00600	0.00525
5	0.06978	0.06092	0.04638	0.02226	0.16705	0.33553	0.12162	0.02226	0.01573	0.01858	0.01075	0.01351	0.00886	0.00645	0.00695	0.00188	0.05486	0.00505	0.00326	0.00829
6	0.00789	0.00604	0.00727	0.00821	0.00930	0.00541	0.00578	0.00928	0.01335	0.01697	0.04660	0.47862	0.29678	0.01871	0.00805	0.00247	0.00366	0.04427	0.00600	0.00535
7	0.01452	0.04014	0.26391	0.03219	0.07332	0.01255	0.06226	0.01959	0.03153	0.06372	0.03229	0.01567	0.01114	0.00594	0.00580	0.00164	0.00717	0.00504	0.00373	0.29785
8	0.01362	0.09472	0.03410	0.01099	0.01407	0.01137	0.03297	0.05547	0.13496	0.07763	0.18182	0.19100	0.07684	0.01197	0.00694	0.00210	0.00489	0.01037	0.00592	0.02823
9	0.01758	0.74550	0.03326	0.01121	0.01673	0.02534	0.01111	0.04789	0.01384	0.01625	0.00925	0.01058	0.00840	0.00562	0.00424	0.00140	0.00692	0.00355	0.00292	0.00840
10	0.00830	0.00705	0.00871	0.00821	0.01032	0.00612	0.04431	0.01028	0.01497	0.01870	0.15197	0.14230	0.51402	0.01578	0.00771	0.00221	0.00372	0.01360	0.00600	0.00570
11	0.01433	0.01146	0.01349	0.00969	0.01538	0.00867	0.00777	0.01718	0.01370	0.06392	0.01232	0.01391	0.00995	0.00498	0.00489	0.00102	0.00483	0.00399	0.00408	0.76445
12	0.00924	0.00689	0.01020	0.01020	0.01129	0.00798	0.00784	0.01142	0.01033	0.01486	0.01748	0.02633	0.01656	0.08898	0.70736	0.01015	0.01669	0.00706	0.00349	0.00567
13	0.00931	0.00697	0.00869	0.00825	0.00993	0.00655	0.00618	0.01297	0.05669	0.02466	0.58884	0.07376	0.13570	0.01358	0.00759	0.00208	0.00321	0.01190	0.00691	0.00622
14	0.01807	0.68986	0.03205	0.01171	0.01698	0.10965	0.01122	0.02010	0.01373	0.01527	0.00910	0.01051	0.00830	0.00566	0.00434	0.00141	0.00746	0.00354	0.00283	0.00820
15	0.00947	0.00717	0.01053	0.01048	0.01172	0.00836	0.00815	0.01234	0.03526	0.01542	0.01762	0.02534	0.01628	0.04707	0.72138	0.01010	0.01688	0.00694	0.00357	0.00593
16	0.02020	0.01665	0.04891	0.01671	0.09141	0.01747	0.01261	0.35936	0.24957	0.04989	0.01884	0.01907	0.01404	0.02668	0.00713	0.00213	0.00657	0.00635	0.00598	0.01043
17	0.01423	0.02467	0.35797	0.02358	0.05226	0.01570	0.37543	0.02056	0.01450	0.02060	0.01237	0.01566	0.00908	0.00577	0.00691	0.00211	0.01018	0.00627	0.00302	0.00914
18	0.01464	0.16622	0.38775	0.01723	0.02495	0.01665	0.12391	0.04831	0.01445	0.02042	0.01148	0.01366	0.00873	0.00583	0.00585	0.00181	0.00862	0.00490	0.00310	0.10147
19	0.01127	0.00811	0.01030	0.01032	0.01245	0.00757	0.00820	0.05450	0.01516	0.04327	0.07450	0.26668	0.07436	0.01545	0.00776	0.00239	0.00485	0.24784	0.00584	0.11920
20	0.01792	0.34939	0.23734	0.01479	0.02088	0.22404	0.01523	0.02148	0.01473	0.01692	0.01003	0.01169	0.00827	0.00602	0.00520	0.00166	0.00901	0.00404	0.00291	0.00844
21	0.00837	0.00590	0.00767	0.00890	0.00930	0.00562	0.00600	0.00945	0.01205	0.01602	0.03272	0.57659	0.03876	0.15652	0.01277	0.00331	0.00440	0.07496	0.00562	0.00507
22	0.00804	0.00572	0.00755	0.00888	0.00925	0.00542	0.00590	0.00911	0.01207	0.01612	0.03379	0.68592	0.04032	0.08216	0.03401	0.00317	0.00439	0.01727	0.00575	0.00516
23	0.00770	0.00655	0.00663	0.00661	0.00877	0.00548	0.00496	0.00939	0.01487	0.01780	0.09282	0.06161	0.70242	0.01623	0.00764	0.00218	0.00326	0.01356	0.00605	0.00548
24	0.01607	0.01388	0.01461	0.01315	0.01680	0.01607	0.01023	0.03433	0.72094	0.02703	0.02630	0.02411	0.01972	0.00877	0.00657	0.00219	0.00511	0.00731	0.00657	0.01023
25	0.01525	0.01743	0.03813	0.02723	0.03377	0.01634	0.70915	0.02070	0.01525	0.02070	0.01307	0.01743	0.00980	0.00545	0.00763	0.00218	0.01089	0.00763	0.00327	0.00871
26	0.01727	0.77681	0.03386	0.01106	0.01658	0.02557	0.01106	0.01935	0.01313	0.01520	0.00898	0.01036	0.00829	0.00553	0.00415	0.00138	0.00691	0.00345	0.00276	0.00829
27	0.01204	0.00602	0.00602	0.00602	0.00753	0.00602	0.00452	0.01506	0.01355	0.02409	0.02108	0.02409	0.01656	0.00753	0.00452	0.00151	0.00301	0.00602	0.80879	0.00602
28	0.81856	0.01250	0.00950	0.00850	0.01250	0.01449	0.00700	0.01899	0.01100	0.02899	0.00900	0.01050	0.00700	0.00600	0.00400	0.00200	0.00500	0.00350	0.00400	0.00700
29	0.81856	0.01250	0.00950	0.00850	0.01250	0.01449	0.00700	0.01899	0.01100	0.02899	0.00900	0.01050	0.00700	0.00600	0.00400	0.00200	0.00500	0.00350	0.00400	0.00700
30	0.00940	0.00626	0.00705	0.00705	0.00705	0.00626	0.00392	0.00940	0.00940	0.01253	0.02036	0.04228	0.02349	0.77292	0.03289	0.00626	0.00626	0.00940	0.00392	0.00392
31	0.02414	0.03079	0.01831	0.01665	0.01998	0.74698	0.01248	0.02580	0.01831	0.01581	0.00999	0.01165	0.00832	0.00666	0.00583	0.00166	0.01165	0.00416	0.00333	0.00749
32	0.00787	0.00562	0.00750	0.00900	0.00937	0.00525	0.00600	0.00900	0.01237	0.01649	0.03561	0.76871	0.04274	0.02024	0.00825	0.00262	0.00375	0.01837	0.00600	0.00525
33	0.81856	0.01250	0.00950	0.00850	0.01250	0.01449	0.00700	0.01899	0.01100	0.02899	0.00900	0.01050	0.00700	0.00600	0.00400	0.00200	0.00500	0.00350	0.00400	0.00700
34	0.02456	0.01810	0.01939	0.01487	0.02004	0.02004	0.01228	0.71107	0.03038	0.04072	0.01551	0.01551	0.01099	0.00776	0.00646	0.00194	0.00711	0.00582	0.00646	0.01099
35	0.00940	0.00626	0.00705	0.00705	0.00705	0.00626	0.00392	0.00940	0.00940	0.01253	0.02036	0.04228	0.02349	0.77292	0.03289	0.00626	0.00626	0.00940	0.00392	0.00392
36	0.00869	0.00598	0.00735	0.00811	0.00832	0.00580	0.00508	0.00930	0.01096	0.01461	0.02805	0.39317	0.03310	0.39152	0.02042	0.00443	0.00504	0.03048	0.00497	0.00461
37	0.00794	0.00656	0.00701	0.00723	0.00920	0.00563	0.00549	0.00970	0.01469	0.01782	0.08202	0.11287	0.60063	0.01666	0.00779	0.00228	0.00353	0.07144	0.00603	0.00550
38	0.01471	0.01404	0.02390	0.28306	0.49926	0.01501	0.01919	0.01870	0.01410	0.01955	0.01193	0.01641	0.00968	0.00600	0.00642	0.00200	0.00799	0.00575	0.00309	0.00920
39	0.02388	0.03030	0.01856	0.01738	0.04278	0.72357	0.01272	0.02561	0.01820	0.01598	0.01006	0.01179	0.00838	0.00663	0.00584	0.00167	0.01152	0.00421	0.00332	0.00758
40	0.02223	0.01694	0.01808	0.01439	0.01915	0.01895	0.01172	0.52496	0.22030	0.03696	0.01848	0.01788	0.01339	0.00803	0.00649	0.00201	0.00656	0.00623	0.00649	0.01078
41	0.01416	0.22084	0.53599	0.01730	0.04976	0.01769	0.02049	0.02016	0.01355	0.01915	0.01095	0.01290	0.00828	0.00597	0.00564	0.00187	0.00882	0.00448	0.00275	0.00926
42	0.01122	0.00561	0.00842	0.00842	0.00842	0.00561	0.00561	0.00842	0.00842	0.01122	0.01122	0.01964	0.01122	0.02245	0.02525	0.81201	0.00561	0.00561	0.00281	0.00281
43	0.02372	0.01735	0.01868	0.01455	0.01953	0.01920	0.01194	0.60772	0.11114	0.06349	0.01713	0.01675	0.01219	0.00788	0.00648	0.00197	0.00682	0.00602	0.00653	0.01090
44	0.01662	0.06369	0.06696	0.12843	0.42261	0.01595	0.01781	0.05615	0.01510	0.07020	0.01270	0.01594	0.01010	0.00646	0.00716	0.00199	0.05341	0.00560	0.00358	0.00956
45	0.01035	0.00633	0.00850	0.00945	0.01040	0.00585	0.00665	0.01174	0.01320	0.09610	0.03441	0.64417	0.03945	0.01875	0.00810	0.00258	0.00408	0.05776	0.00622	0.00592
46	0.00800	0.00568	0.00746	0.00883	0.00917	0.00533	0.00582	0.00903	0.01212	0.01616	0.03431	0.70667	0.04109	0.08452	0.01035	0.00293	0.00396	0.01760	0.00582	0.00513
47	0.00787	0.00562	0.00750	0.00900	0.00937	0.00525	0.00600	0.00900	0.01237	0.01649	0.03561	0.76871	0.04274	0.02024	0.00825	0.00262	0.00375	0.01837	0.00600	0.00525
48	0.01668	0.67467	0.13080	0.01207	0.01815	0.02412	0.01282	0.01950	0.01320	0.01592	0.00934	0.01082	0.00828	0.00561	0.00442	0.00147	0.00727	0.00364	0.00276	0.00846
49	0.00874	0.00653	0.00825	0.00891	0.01028	0.00604	0.00685	0.01089	0.01494	0.01960	0.20184	0.25429	0.21626	0.01707	0.00812	0.00247	0.00402	0.18298	0.00624	0.00567
50	0.01122	0.00561	0.00842	0.00842	0.00842	0.00561	0.00561	0.00842	0.00842	0.01122	0.01122	0.01964	0.01122	0.02245	0.02525	0.81201	0.00561	0.00561	0.00281	0.00281
51	0.01110	0.00566	0.00832	0.00832	0.00832	0.00566	0.00549	0.00849	0.00849	0.01131	0.01186	0.02121	0.01208	0.07456	0.02578	0.75606	0.00566	0.00587	0.00288	0.00288
52	0.01618	0.58828	0.21280	0.01292	0.01947	0.02289	0.01431	0.01963	0.01326	0.01654	0.00965	0.01120	0.00826	0.00568	0.00465	0.00155	0.00758	0.00379	0.00275	0.00861
53	0.01340	0.01148	0.01340	0.00957	0.01531	0.00861	0.00766	0.01627	0.01340	0.02105	0.01148	0.01340	0.00957	0.00479	0.00479	0.00096	0.00479	0.00383	0.00383	0.81242
54	0.01366	0.00764	0.00987	0.00872	0.01116	0.00682	0.00675	0.01639	0.01786	0.19394	0.47304	0.04388	0.13976	0.01239	0.00736	0.00204	0.00366	0.01071	0.00717	0.00718
55	0.13960	0.00918	0.01057	0.00992	0.01242	0.00954	0.00782	0.01936	0.07796	0.16961	0.02457	0.18361	0.02270	0.01148	0.00702	0.00220	0.03691	0.08380	0.15427	0.00745
56	0.00923	0.00692	0.01038	0.01038	0.01154	0.00808	0.00808	0.01154	0.01038	0.01500	0.01731	0.02538	0.01615	0.04846	0.74732	0.01038	0.01731	0.00692	0.00346	0.00577
57	0.01296	0.03342	0.73944	0.01842	0.02797	0.01501	0.02387	0.02046	0.01364	0.02046	0.01160	0.01364	0.00818	0.00614	0.00614	0.00205	0.00955	0.00477	0.00273	0.00955
58	0.01520	0.01729	0.03734	0.02679	0.03305	0.01649	0.67944	0.02048	0.01502	0.02048	0.01288	0.01729	0.00975	0.00570	0.00821	0.00221	0.04296	0.00754	0.00325	0.00864
59	0.01644	0.01632	0.02544	0.06216	0.65905	0.06710	0.01925	0.02014	0.01491	0.02058	0.01198	0.01573	0.01004	0.00584	0.00636	0.00191	0.00799	0.00564	0.00320	0.00994
60	0.01414	0.01414	0.01979	0.01696	0.01696	0.01979	0.01414	0.01555	0.00990	0.01555	0.00848	0.01414	0.00848	0.01131	0.02120	0.00283	0.76110	0.00565	0.00283	0.00707
61	0.01049	0.00760	0.01078	0.04266	0.01467	0.00772	0.01072	0.01352	0.01479	0.01922	0.03327	0.07059	0.03601	0.01738	0.00882	0.00294	0.00606	0.66093	0.00582	0.00600
62	0.00907	0.00762	0.03541	0.00872	0.01053	0.00647	0.00700	0.01177	0.01618	0.02203	0.41159	0.09476	0.18158	0.03917	0.03042	0.00258	0.00422	0.08859	0.00633	0.00596
63	0.01122	0.00561	0.00842	0.00842	0.00842	0.00561	0.00561	0.00842	0.00842	0.01122	0.01122	0.01964	0.01122	0.02245	0.02525	0.81201	0.00561	0.00561	0.00281	0.00281
64	0.01310	0.05841	0.71573	0.01817	0.02758	0.01536	0.02344	0.02042	0.01362	0.02029	0.01151	0.01353	0.00819	0.00612	0.00607	0.00202	0.00946	0.00473	0.00273	0.00951
65	0.01414	0.01414	0.01979	0.01696	0.01696	0.01979	0.01414	0.01555	0.00990	0.01555	0.00848	0.01414	0.00848	0.01131	0.02120	0.00283	0.76110	0.00565	0.00283	0.00707
66	0.01286	0.01215	0.02056	0.63332	0.16345	0.01453	0.01827	0.01708	0.01323	0.01730	0.01160	0.01701	0.00889	0.00634	0.00645	0.00211	0.00845	0.00574	0.00293	0.00771
67	0.01296	0.03342	0.73944	0.01842	0.02797	0.01501	0.02387	0.02046	0.01364	0.02046	0.01160	0.01364	0.00818	0.00614	0.00614	0.00205	0.00955	0.00477	0.00273	0.00955
68	0.01525	0.01743	0.03813	0.02723	0.03377	0.01634	0.70915	0.02070	0.01525	0.02070	0.01307	0.01743	0.00980	0.00545	0.00763	0.00218	0.01089	0.00763	0.00327	0.00871
69	0.01727	0.77681	0.03386	0.01106	0.01658	0.02557	0.01106	0.01935	0.01313	0.01520	0.00898	0.01036	0.00829	0.00553	0.00415	0.00138	0.00691	0.00345	0.00276	0.00829
70	0.02705	0.01075	0.01449	0.01129	0.01598	0.00945	0.00926	0.03010	0.04126	0.65951	0.07950	0.02408	0.01957	0.00842	0.00659	0.00201	0.00530	0.00692	0.00788	0.01060
71	0.00787	0.00562	0.00750	0.00900	0.00937	0.00525	0.00600	0.00900	0.01237	0.01649	0.03561	0.76871	0.04274	0.02024	0.00825	0.00262	0.00375	0.01837	0.00600	0.00525
72	0.01296	0.03342	0.73944	0.01842	0.02797	0.01501	0.02387	0.02046	0.01364	0.02046	0.01160	0.01364	0.00818	0.00614	0.00614	0.00205	0.00955	0.00477	0.00273	0.00955
73	0.02543	0.01478	0.04062	0.01305	0.01801	0.04067	0.01094	0.21608	0.11053	0.40699	0.02184	0.01983	0.01456	0.00792	0.00646	0.00200	0.00625	0.00627	0.00705	0.01072
74	0.00787	0.00562	0.00750	0.00900	0.00937	0.00525	0.00600	0.00900	0.01237	0.01649	0.03561	0.76871	0.04274	0.02024	0.00825	0.00262	0.00375	0.01837	0.00600	0.00525
75	0.00923	0.00692	0.01038	0.01038	0.01154	0.00808	0.00808	0.01154	0.01038	0.01500	0.01731	0.02538	0.01615	0.04846	0.74732	0.01038	0.01731	0.00692	0.00346	0.00577
76	0.02567	0.01412	0.10101	0.03762	0.01896	0.01110	0.01164	0.05888	0.05473	0.56145	0.02299	0.02068	0.01480	0.00776	0.00646	0.00202	0.00613	0.00628	0.00706	0.01066
77	0.02244	0.02349	0.01868	0.05562	0.02110	0.38502	0.03138	0.24593	0.06585	0.02461	0.01327	0.01506	0.01042	0.03028	0.00698	0.00197	0.00943	0.00523	0.00453	0.00870
78	0.01357	0.02913	0.55107	0.02078	0.02952	0.01536	0.20794	0.02053	0.01407	0.02053	0.01199	0.01466	0.00862	0.00595	0.00654	0.00208	0.00991	0.00554	0.00287	0.00932
79	0.18735	0.01184	0.01306	0.00987	0.01509	0.01042	0.00800	0.04386	0.01438	0.14989	0.01357	0.01437	0.01021	0.00571	0.00498	0.00140	0.00504	0.00430	0.00469	0.47195
80	0.01122	0.00561	0.00842	0.00842	0.00842	0.00561	0.00561	0.00842	0.00842	0.01122	0.01122	0.01964	0.01122	0.02245	0.02525	0.81201	0.00561	0.00561	0.00281	0.00281
81	0.00769	0.00652	0.00664	0.00667	0.00878	0.00547	0.00498	0.00936	0.01478	0.01770	0.08613	0.08199	0.68859	0.01637	0.00765	0.00219	0.00328	0.01371	0.00604	0.00547
82	0.01220	0.01148	0.01938	0.75739	0.04450	0.01436	0.01794	0.01651	0.01292	0.01651	0.01148	0.01723	0.00861	0.00646	0.00646	0.00215	0.00861	0.00574	0.00287	0.00718
83	0.02048	0.02349	0.27262	0.01611	0.02283	0.01827	0.01636	0.46820	0.02449	0.03360	0.01414	0.01485	0.01000	0.00719	0.00635	0.00198	0.00797	0.00545	0.00515	0.01048
84	0.04412	0.01365	0.02278	0.33531	0.42142	0.01491	0.01858	0.01843	0.01383	0.01950	0.01176	0.01630	0.00944	0.00606	0.00633	0.00202	0.00796	0.00567	0.00309	0.00885
85	0.00969	0.00763	0.00887	0.00838	0.01040	0.00734	0.00633	0.01450	0.11803	0.02355	0.43009	0.04896	0.25490	0.01351	0.00748	0.00210	0.00341	0.01164	0.00670	0.00650
86	0.60755	0.01209	0.01097	0.00930	0.01356	0.01316	0.00767	0.02233	0.01300	0.21823	0.01341	0.01357	0.00940	0.00653	0.00467	0.00200	0.00513	0.00430	0.00507	0.00807
87	0.00940	0.00626	0.00705	0.00705	0.00705	0.00626	0.00392	0.00940	0.00940	0.01253	0.02036	0.04228	0.02349	0.77292	0.03289	0.00626	0.00626	0.00940	0.00392	0.00392
88	0.00787	0.00562	0.00750	0.00900	0.00937	0.00525	0.00600	0.00900	0.01237	0.01649	0.03561	0.76871	0.04274	0.02024	0.00825	0.00262	0.00375	0.01837	0.00600	0.00525
89	0.01346	0.01154	0.01343	0.00966	0.01535	0.00880	0.00772	0.01671	0.03076	0.02120	0.01185	0.01366	0.00982	0.00488	0.00483	0.00099	0.00479	0.00391	0.00390	0.79274
90	0.00787	0.00562	0.00750	0.00900	0.00937	0.00525	0.00600	0.00900	0.01237	0.01649	0.03561	0.76871	0.04274	0.02024	0.00825	0.00262	0.00375	0.01837	0.00600	0.00525
91	0.01220	0.01148	0.01938	0.75739	0.04450	0.01436	0.01794	0.01651	0.01292	0.01651	0.01148	0.01723	0.00861	0.00646	0.00646	0.00215	0.00861	0.00574	0.00287	0.00718
92	0.02149	0.01495	0.01830	0.01451	0.01918	0.01588	0.07142	0.30730	0.20206	0.16660	0.02207	0.02220	0.03781	0.00842	0.00671	0.00207	0.00647	0.02580	0.00648	0.01028
