[name]
unknown

[dist]
# distance from previous block
# <min> <max>
5	68

[block]
# block no. 0 follows, 31 sequences, length 112
# corresponding to MSA columns:
# 72-183
name=unknown_A
#
# <colnr> <probs for GDERKNQSTAVLIFYWHMCP>
#	G	D	E	R	K	N	Q	S	T	A	V	L	I	F	Y	W	H	M	C	P
0	0.04695	0.07170	0.07645	0.01618	0.05370	0.05820	0.01328	0.31304	0.18409	0.03196	0.01860	0.05361	0.01467	0.00857	0.00664	0.00210	0.00727	0.00673	0.00582	0.01044
1	0.02528	0.08810	0.02190	0.01544	0.02088	0.04890	0.01289	0.60671	0.03000	0.03963	0.01557	0.01577	0.01126	0.00795	0.00659	0.00199	0.00769	0.00586	0.00636	0.01123
2	0.01793	0.01552	0.02506	0.07426	0.54220	0.01576	0.01881	0.08183	0.01709	0.06481	0.01519	0.05328	0.01285	0.00721	0.00688	0.00209	0.00779	0.00680	0.00412	0.01052
3	0.01716	0.40521	0.19895	0.01420	0.02067	0.02205	0.01487	0.04606	0.15900	0.02095	0.01424	0.01504	0.01138	0.00680	0.00552	0.00183	0.00761	0.00493	0.00389	0.00963
4	0.02543	0.01882	0.02022	0.01547	0.02097	0.02063	0.01277	0.66112	0.03129	0.04210	0.01622	0.01632	0.01156	0.00806	0.00676	0.00200	0.00741	0.00606	0.00671	0.05009
5	0.00831	0.00694	0.00725	0.00717	0.00938	0.00587	0.00538	0.01026	0.01613	0.01976	0.16160	0.06373	0.62102	0.01685	0.00808	0.00229	0.00343	0.01414	0.00652	0.00587
6	0.01275	0.00638	0.00638	0.00638	0.00797	0.00638	0.00478	0.01594	0.01435	0.02551	0.02232	0.02551	0.01754	0.00797	0.00478	0.00159	0.00319	0.00638	0.79755	0.00638
7	0.04707	0.24854	0.04542	0.01335	0.01829	0.11474	0.01170	0.11817	0.04067	0.18002	0.01608	0.01679	0.01215	0.01137	0.07433	0.00270	0.00869	0.00536	0.00504	0.00952
8	0.06985	0.06197	0.01691	0.01198	0.01725	0.01146	0.01003	0.03180	0.01879	0.63894	0.02492	0.02184	0.01590	0.00818	0.00658	0.00207	0.00589	0.00650	0.00788	0.01123
9	0.01702	0.01470	0.01547	0.01392	0.01779	0.01702	0.01083	0.03635	0.70453	0.02862	0.02785	0.02553	0.02088	0.00928	0.00696	0.00232	0.00541	0.00773	0.00696	0.01083
10	0.02562	0.07749	0.02075	0.01678	0.09346	0.01482	0.04490	0.16031	0.04089	0.38195	0.03874	0.02075	0.01556	0.00798	0.00674	0.00206	0.00673	0.00660	0.00683	0.01104
11	0.00874	0.00651	0.00884	0.01096	0.04412	0.00609	0.00700	0.01010	0.01335	0.01776	0.03822	0.68203	0.07981	0.02047	0.00860	0.00272	0.00414	0.01853	0.00621	0.00582
12	0.00816	0.00693	0.00704	0.00701	0.00929	0.00581	0.00526	0.00997	0.01578	0.01892	0.10066	0.06512	0.68248	0.01716	0.00808	0.00230	0.00345	0.01434	0.00641	0.00581
13	0.01594	0.01791	0.03810	0.02742	0.03404	0.01692	0.63719	0.02224	0.04965	0.02213	0.01627	0.02029	0.03310	0.00630	0.00802	0.00231	0.01098	0.00826	0.00372	0.00920
14	0.17566	0.19122	0.04687	0.05491	0.12198	0.05683	0.15640	0.02095	0.01491	0.03994	0.05041	0.01648	0.01243	0.00662	0.00602	0.00198	0.00809	0.00571	0.00380	0.00877
15	0.76513	0.05387	0.01145	0.00914	0.01347	0.01598	0.00764	0.02013	0.01177	0.02990	0.00953	0.01111	0.00748	0.00632	0.00424	0.00208	0.00540	0.00370	0.00416	0.00748
16	0.00961	0.00737	0.00908	0.00997	0.01181	0.00684	0.00825	0.01204	0.01555	0.01946	0.05077	0.10522	0.33490	0.01833	0.00882	0.00276	0.00495	0.35190	0.00633	0.00603
17	0.00983	0.00704	0.00939	0.01070	0.01168	0.00685	0.00809	0.03347	0.01478	0.01959	0.05787	0.48884	0.04286	0.01995	0.00888	0.00286	0.00482	0.23012	0.00639	0.00602
18	0.01829	0.76368	0.03585	0.01171	0.01756	0.02707	0.01171	0.02049	0.01390	0.01610	0.00951	0.01097	0.00878	0.00585	0.00439	0.00146	0.00732	0.00366	0.00293	0.00878
19	0.00977	0.00733	0.01100	0.01100	0.01222	0.00855	0.00855	0.01222	0.01100	0.01588	0.01833	0.02688	0.01710	0.05131	0.73245	0.01100	0.01833	0.00733	0.00367	0.00611
20	0.00977	0.00733	0.01100	0.01100	0.01222	0.00855	0.00855	0.01222	0.01100	0.01588	0.01833	0.02688	0.01710	0.05131	0.73245	0.01100	0.01833	0.00733	0.00367	0.00611
21	0.01752	0.08303	0.29430	0.01654	0.02298	0.01435	0.09670	0.05402	0.01544	0.14298	0.01561	0.03676	0.01195	0.00995	0.00990	0.13022	0.00834	0.00619	0.00423	0.00897
22	0.80789	0.01323	0.01006	0.00900	0.01323	0.01535	0.00741	0.02011	0.01164	0.03070	0.00953	0.01111	0.00741	0.00635	0.00423	0.00212	0.00529	0.00370	0.00423	0.00741
23	0.01866	0.10552	0.01813	0.01338	0.01755	0.01746	0.01083	0.15290	0.38153	0.06671	0.02484	0.06067	0.03830	0.01080	0.02966	0.00245	0.00634	0.00768	0.00638	0.01021
24	0.01447	0.03516	0.06272	0.38202	0.17537	0.01587	0.11542	0.01989	0.04810	0.02015	0.03610	0.01903	0.01199	0.00684	0.00697	0.00220	0.00890	0.00653	0.00349	0.00877
25	0.01086	0.00878	0.01156	0.01087	0.01295	0.02915	0.00846	0.01338	0.01210	0.01731	0.03874	0.02627	0.03631	0.04086	0.55804	0.00869	0.01525	0.00708	0.00391	0.12942
26	0.80789	0.01323	0.01006	0.00900	0.01323	0.01535	0.00741	0.02011	0.01164	0.03070	0.00953	0.01111	0.00741	0.00635	0.00423	0.00212	0.00529	0.00370	0.00423	0.00741
27	0.80789	0.01323	0.01006	0.00900	0.01323	0.01535	0.00741	0.02011	0.01164	0.03070	0.00953	0.01111	0.00741	0.00635	0.00423	0.00212	0.00529	0.00370	0.00423	0.00741
28	0.01823	0.01319	0.01538	0.09063	0.02000	0.01453	0.01104	0.07043	0.39032	0.13844	0.06566	0.02833	0.07416	0.00970	0.00707	0.00226	0.00573	0.00809	0.00676	0.01004
29	0.01079	0.00725	0.00944	0.00875	0.01059	0.00663	0.00661	0.01393	0.01925	0.06540	0.65411	0.05006	0.08345	0.01379	0.00800	0.00216	0.00338	0.01214	0.00754	0.00672
30	0.80789	0.01323	0.01006	0.00900	0.01323	0.01535	0.00741	0.02011	0.01164	0.03070	0.00953	0.01111	0.00741	0.00635	0.00423	0.00212	0.00529	0.00370	0.00423	0.00741
31	0.01115	0.00801	0.01096	0.01236	0.01391	0.00808	0.01064	0.01462	0.03635	0.02032	0.03516	0.07382	0.03801	0.05943	0.01077	0.00332	0.00629	0.61427	0.00620	0.00632
32	0.00986	0.00660	0.00749	0.00758	0.00760	0.00657	0.00427	0.00993	0.01012	0.01350	0.02245	0.08392	0.02600	0.71888	0.03338	0.00642	0.00649	0.01047	0.00427	0.00422
33	0.01474	0.01565	0.03142	0.02313	0.02868	0.01489	0.48664	0.02101	0.07382	0.02324	0.13560	0.02684	0.05446	0.00800	0.00798	0.00228	0.00923	0.00908	0.00458	0.00873
34	0.01957	0.04273	0.04266	0.01674	0.05933	0.03468	0.10112	0.21655	0.02016	0.08413	0.01506	0.01682	0.01144	0.00904	0.04566	0.00224	0.00801	0.00574	0.00500	0.24332
35	0.01419	0.01216	0.01419	0.01013	0.01621	0.00912	0.00811	0.01723	0.01419	0.02229	0.01216	0.01419	0.01013	0.00507	0.00507	0.00101	0.00507	0.00405	0.00405	0.80139
36	0.00977	0.00733	0.01100	0.01100	0.01222	0.00855	0.00855	0.01222	0.01100	0.01588	0.01833	0.02688	0.01710	0.05131	0.73245	0.01100	0.01833	0.00733	0.00367	0.00611
37	0.00977	0.00733	0.01100	0.01100	0.01222	0.00855	0.00855	0.01222	0.01100	0.01588	0.01833	0.02688	0.01710	0.05131	0.73245	0.01100	0.01833	0.00733	0.00367	0.00611
38	0.01188	0.00594	0.00891	0.00891	0.00891	0.00594	0.00594	0.00891	0.00891	0.01188	0.01188	0.02080	0.01188	0.02377	0.02674	0.80095	0.00594	0.00594	0.00297	0.00297
39	0.01188	0.00594	0.00891	0.00891	0.00891	0.00594	0.00594	0.00891	0.00891	0.01188	0.01188	0.02080	0.01188	0.02377	0.02674	0.80095	0.00594	0.00594	0.00297	0.00297
40	0.01416	0.02550	0.38712	0.02052	0.02739	0.01616	0.16516	0.02008	0.01430	0.02075	0.01463	0.02207	0.01236	0.00855	0.00974	0.00244	0.12978	0.07680	0.00339	0.00909
41	0.03042	0.01208	0.01615	0.01238	0.01768	0.01070	0.01023	0.07173	0.02031	0.68221	0.02638	0.02289	0.01663	0.00845	0.00688	0.00211	0.00592	0.00684	0.00837	0.01164
42	0.80789	0.01323	0.01006	0.00900	0.01323	0.01535	0.00741	0.02011	0.01164	0.03070	0.00953	0.01111	0.00741	0.00635	0.00423	0.00212	0.00529	0.00370	0.00423	0.00741
43	0.01304	0.02789	0.53674	0.01693	0.02469	0.01335	0.02043	0.01934	0.01453	0.04234	0.04442	0.15941	0.01813	0.00973	0.00700	0.00228	0.00853	0.00818	0.00391	0.00914
44	0.02374	0.01010	0.01365	0.01099	0.01507	0.00886	0.00886	0.02658	0.01951	0.49185	0.25415	0.03249	0.03270	0.01029	0.00727	0.00213	0.00496	0.00870	0.00816	0.00993
45	0.00995	0.00663	0.00746	0.00746	0.00746	0.00663	0.00415	0.00995	0.00995	0.01327	0.02156	0.04477	0.02487	0.75957	0.03482	0.00663	0.00663	0.00995	0.00415	0.00415
46	0.77025	0.01315	0.01034	0.00915	0.01344	0.01509	0.00754	0.02075	0.01203	0.06415	0.01037	0.01170	0.00787	0.00645	0.00436	0.00212	0.00532	0.00386	0.00444	0.00761
47	0.80789	0.01323	0.01006	0.00900	0.01323	0.01535	0.00741	0.02011	0.01164	0.03070	0.00953	0.01111	0.00741	0.00635	0.00423	0.00212	0.00529	0.00370	0.00423	0.00741
48	0.01102	0.00787	0.01102	0.01260	0.01417	0.00787	0.01102	0.01417	0.01575	0.02047	0.03622	0.07717	0.03937	0.01890	0.00945	0.00315	0.00630	0.67084	0.00630	0.00630
49	0.00843	0.00643	0.00775	0.00850	0.00973	0.00575	0.00597	0.01008	0.01480	0.01915	0.13905	0.42192	0.27974	0.01901	0.00842	0.00253	0.00370	0.01677	0.00651	0.00575
50	0.01476	0.20132	0.56730	0.01772	0.02686	0.01844	0.02219	0.02140	0.01432	0.02040	0.01165	0.01365	0.00869	0.00635	0.00602	0.00201	0.00947	0.00474	0.00290	0.00981
51	0.02556	0.03261	0.01939	0.01763	0.02115	0.73210	0.01322	0.02732	0.01939	0.01674	0.01058	0.01234	0.00881	0.00705	0.00617	0.00176	0.01234	0.00441	0.00353	0.00793
52	0.01188	0.00594	0.00891	0.00891	0.00891	0.00594	0.00594	0.00891	0.00891	0.01188	0.01188	0.02080	0.01188	0.02377	0.02674	0.80095	0.00594	0.00594	0.00297	0.00297
53	0.00984	0.00705	0.00956	0.00956	0.01028	0.00777	0.00676	0.01129	0.01057	0.01482	0.01964	0.03416	0.02026	0.33949	0.44860	0.00922	0.01357	0.00840	0.00386	0.00531
54	0.00862	0.00607	0.00785	0.00916	0.00949	0.00575	0.00596	0.00960	0.01254	0.01672	0.03486	0.62980	0.04165	0.15163	0.01333	0.00346	0.00444	0.01777	0.00596	0.00531
55	0.01275	0.00638	0.00638	0.00638	0.00797	0.00638	0.00478	0.01594	0.01435	0.02551	0.02232	0.02551	0.01754	0.00797	0.00478	0.00159	0.00319	0.00638	0.79755	0.00638
56	0.01668	0.13863	0.21034	0.02334	0.05275	0.07822	0.33968	0.02205	0.01562	0.02054	0.01247	0.01573	0.00958	0.00608	0.00691	0.00209	0.01048	0.00626	0.00324	0.00933
57	0.02520	0.06983	0.02027	0.01727	0.02097	0.67527	0.01313	0.04625	0.01947	0.01747	0.01069	0.01239	0.00889	0.00702	0.00610	0.00176	0.01194	0.00442	0.00359	0.00808
58	0.01901	0.29669	0.05993	0.01633	0.07526	0.14937	0.01324	0.05783	0.16896	0.02129	0.01580	0.01857	0.01325	0.00763	0.00594	0.00190	0.00797	0.03739	0.00432	0.00933
59	0.01805	0.01920	0.12718	0.01749	0.07839	0.03826	0.01430	0.12786	0.42280	0.02877	0.02203	0.02139	0.01646	0.00837	0.00683	0.00222	0.00688	0.00686	0.00592	0.01075
60	0.00980	0.00723	0.01046	0.01046	0.01150	0.00826	0.00789	0.01188	0.01084	0.01549	0.01881	0.02957	0.01827	0.15789	0.62747	0.01034	0.01657	0.00772	0.00374	0.00581
61	0.01598	0.02874	0.44327	0.02352	0.11581	0.05082	0.13890	0.04004	0.01575	0.04421	0.01311	0.01568	0.00958	0.00646	0.00681	0.00215	0.01001	0.00576	0.00336	0.01003
62	0.01937	0.17957	0.16681	0.01771	0.02407	0.08358	0.12784	0.19629	0.05337	0.02614	0.03272	0.01624	0.01187	0.00707	0.00644	0.00198	0.00887	0.00582	0.00440	0.00982
63	0.00940	0.00702	0.00888	0.00991	0.01097	0.00680	0.00713	0.01243	0.06770	0.01957	0.09504	0.50530	0.10214	0.01924	0.00856	0.00269	0.00424	0.09035	0.00649	0.00614
64	0.00825	0.00631	0.00758	0.00859	0.00968	0.00564	0.00594	0.00963	0.01400	0.01783	0.04907	0.50717	0.28585	0.01996	0.00850	0.00261	0.00379	0.01765	0.00635	0.00564
65	0.01272	0.01037	0.01479	0.03585	0.05886	0.01177	0.03322	0.05968	0.08714	0.01997	0.01971	0.02921	0.01806	0.05590	0.39573	0.00715	0.05319	0.06487	0.00438	0.00743
66	0.01865	0.52520	0.12922	0.01436	0.03997	0.07169	0.01404	0.03913	0.01498	0.04272	0.01085	0.01241	0.00919	0.00635	0.00550	0.00168	0.02746	0.00422	0.00327	0.00911
67	0.05058	0.01219	0.01569	0.01215	0.01723	0.01118	0.01001	0.10157	0.02040	0.59354	0.02515	0.02235	0.01615	0.00836	0.00669	0.00208	0.00584	0.00669	0.05091	0.01124
68	0.00938	0.00671	0.00901	0.01047	0.01132	0.00646	0.00790	0.01124	0.01398	0.01838	0.03728	0.45525	0.06112	0.05634	0.01024	0.00309	0.00493	0.25492	0.00622	0.00576
69	0.00889	0.00679	0.00823	0.00893	0.01026	0.00625	0.00644	0.01123	0.03673	0.01974	0.14460	0.38291	0.24785	0.01859	0.00843	0.00255	0.00389	0.05518	0.00654	0.00596
70	0.02830	0.01229	0.01624	0.01268	0.01755	0.01153	0.01045	0.10181	0.02005	0.57936	0.02468	0.02249	0.01610	0.01130	0.05377	0.00271	0.03296	0.00680	0.00779	0.01114
71	0.01615	0.01845	0.04037	0.02884	0.03576	0.01730	0.69204	0.02191	0.01615	0.02191	0.01384	0.01845	0.01038	0.00577	0.00807	0.00231	0.01153	0.00807	0.00346	0.00923
72	0.02024	0.01329	0.01494	0.01280	0.01698	0.01417	0.01014	0.06833	0.40988	0.21532	0.03141	0.02872	0.09319	0.00986	0.00705	0.00225	0.00543	0.00813	0.00730	0.01055
73	0.80789	0.01323	0.01006	0.00900	0.01323	0.01535	0.00741	0.02011	0.01164	0.03070	0.00953	0.01111	0.00741	0.00635	0.00423	0.00212	0.00529	0.00370	0.00423	0.00741
74	0.01961	0.03924	0.09272	0.01366	0.01956	0.04984	0.01209	0.20650	0.09904	0.08110	0.01611	0.01663	0.01203	0.00694	0.00609	0.00170	0.00679	0.00538	0.00530	0.28965
75	0.02150	0.19735	0.04242	0.01695	0.04027	0.35832	0.01370	0.06807	0.01718	0.01860	0.01056	0.01294	0.00908	0.00766	0.00865	0.00194	0.13817	0.00469	0.00350	0.00844
76	0.01054	0.00828	0.01278	0.01430	0.08731	0.00937	0.00988	0.01315	0.01148	0.01657	0.01774	0.02582	0.01644	0.04649	0.65512	0.01004	0.01724	0.00720	0.00364	0.00661
77	0.01878	0.71483	0.03475	0.01210	0.01780	0.07418	0.01181	0.02094	0.01427	0.01614	0.00958	0.01107	0.00878	0.00593	0.00451	0.00148	0.00765	0.00371	0.00297	0.00872
78	0.00982	0.00716	0.01016	0.01016	0.01109	0.00810	0.00750	0.01168	0.01075	0.01526	0.01909	0.03113	0.01895	0.21959	0.56669	0.00996	0.01555	0.00795	0.00378	0.00564
79	0.00960	0.00739	0.00904	0.00979	0.01170	0.00684	0.00811	0.01210	0.01586	0.01992	0.08628	0.07062	0.35120	0.01792	0.00875	0.00271	0.00484	0.33487	0.00639	0.00607
80	0.01419	0.01216	0.01419	0.01013	0.01621	0.00912	0.00811	0.01723	0.01419	0.02229	0.01216	0.01419	0.01013	0.00507	0.00507	0.00101	0.00507	0.00405	0.00405	0.80139
81	0.04483	0.06625	0.16128	0.01669	0.02302	0.04033	0.07835	0.29524	0.02265	0.13995	0.01674	0.01828	0.01211	0.00773	0.00672	0.00210	0.00819	0.02342	0.00557	0.01056
82	0.02443	0.03073	0.01955	0.01766	0.02081	0.65632	0.01341	0.02616	0.01844	0.01671	0.01041	0.01262	0.00883	0.00757	0.00790	0.00189	0.09063	0.00457	0.00347	0.00788
83	0.01615	0.01845	0.04037	0.02884	0.03576	0.01730	0.69204	0.02191	0.01615	0.02191	0.01384	0.01845	0.01038	0.00577	0.00807	0.00231	0.01153	0.00807	0.00346	0.00923
84	0.01940	0.01605	0.01813	0.01740	0.09320	0.01805	0.01249	0.20989	0.45204	0.03181	0.02321	0.02219	0.01735	0.00866	0.00691	0.00222	0.00627	0.00714	0.00655	0.01104
85	0.01102	0.00797	0.01093	0.01238	0.01394	0.00802	0.01061	0.01462	0.04183	0.02052	0.03603	0.13384	0.03918	0.01875	0.00929	0.00309	0.00606	0.58917	0.00633	0.00641
86	0.01044	0.00778	0.00979	0.00915	0.01100	0.00754	0.00690	0.01532	0.08965	0.02756	0.64297	0.04848	0.06007	0.01350	0.00796	0.00217	0.00345	0.01190	0.00747	0.00690
87	0.01372	0.03539	0.72412	0.01950	0.02961	0.01589	0.02528	0.02167	0.01444	0.02167	0.01228	0.01444	0.00867	0.00650	0.00650	0.00217	0.01011	0.00506	0.00289	0.01011
88	0.80789	0.01323	0.01006	0.00900	0.01323	0.01535	0.00741	0.02011	0.01164	0.03070	0.00953	0.01111	0.00741	0.00635	0.00423	0.00212	0.00529	0.00370	0.00423	0.00741
89	0.02556	0.03261	0.01939	0.01763	0.02115	0.73210	0.01322	0.02732	0.01939	0.01674	0.01058	0.01234	0.00881	0.00705	0.00617	0.00176	0.01234	0.00441	0.00353	0.00793
90	0.01829	0.76368	0.03585	0.01171	0.01756	0.02707	0.01171	0.02049	0.01390	0.01610	0.00951	0.01097	0.00878	0.00585	0.00439	0.00146	0.00732	0.00366	0.00293	0.00878
91	0.01829	0.76368	0.03585	0.01171	0.01756	0.02707	0.01171	0.02049	0.01390	0.01610	0.00951	0.01097	0.00878	0.00585	0.00439	0.00146	0.00732	0.00366	0.00293	0.00878
92	0.01615	0.01845	0.04037	0.02884	0.03576	0.01730	0.69204	0.02191	0.01615	0.02191	0.01384	0.01845	0.01038	0.00577	0.00807	0.00231	0.01153	0.00807	0.00346	0.00923
93	0.76022	0.01282	0.00983	0.00884	0.01292	0.01481	0.00725	0.01986	0.01181	0.03038	0.01029	0.01198	0.00802	0.00645	0.00427	0.00209	0.00517	0.00386	0.05179	0.00735
94	0.00901	0.00697	0.00822	0.00791	0.00981	0.00617	0.00593	0.01162	0.01779	0.02369	0.44371	0.05727	0.33646	0.01538	0.00808	0.00222	0.00333	0.01324	0.00704	0.00617
95	0.01188	0.00594	0.00891	0.00891	0.00891	0.00594	0.00594	0.00891	0.00891	0.01188	0.01188	0.02080	0.01188	0.02377	0.02674	0.80095	0.00594	0.00594	0.00297	0.00297
96	0.68932	0.01299	0.01094	0.00948	0.01388	0.01454	0.00781	0.02213	0.01285	0.13611	0.01219	0.01297	0.00886	0.00667	0.00464	0.00212	0.00537	0.00419	0.00488	0.00806
97	0.00828	0.00618	0.00771	0.00894	0.00977	0.00561	0.00609	0.00959	0.01367	0.01770	0.04490	0.59816	0.19755	0.02050	0.00859	0.00267	0.00385	0.01831	0.00635	0.00561
98	0.01537	0.01294	0.01385	0.01279	0.01589	0.01473	0.00967	0.03079	0.55959	0.02586	0.02825	0.10525	0.02389	0.08754	0.01001	0.00281	0.00539	0.00921	0.00661	0.00958
99	0.00918	0.00686	0.00852	0.00834	0.00997	0.00620	0.00617	0.01185	0.01783	0.02434	0.49508	0.13307	0.20631	0.01556	0.00815	0.00226	0.00336	0.01362	0.00714	0.00620
100	0.01076	0.00768	0.01072	0.01229	0.01375	0.00764	0.01056	0.01371	0.01548	0.02017	0.03637	0.14477	0.03996	0.01915	0.00938	0.00311	0.00607	0.60588	0.00630	0.00623
101	0.48428	0.25337	0.01908	0.01042	0.01523	0.01949	0.00922	0.06003	0.03616	0.02669	0.01052	0.01185	0.00853	0.00640	0.00452	0.00191	0.00607	0.00396	0.00406	0.00820
102	0.02956	0.01139	0.01551	0.01198	0.01707	0.00986	0.00986	0.03223	0.01957	0.68403	0.06416	0.02479	0.01951	0.00877	0.00694	0.00212	0.00568	0.00718	0.00842	0.01136
103	0.01139	0.00737	0.00969	0.00890	0.01081	0.00675	0.00675	0.01457	0.01938	0.08390	0.65746	0.04884	0.06068	0.01354	0.00797	0.00215	0.00344	0.01193	0.00761	0.00688
104	0.01372	0.03539	0.72412	0.01950	0.02961	0.01589	0.02528	0.02167	0.01444	0.02167	0.01228	0.01444	0.00867	0.00650	0.00650	0.00217	0.01011	0.00506	0.00289	0.01011
105	0.01292	0.01216	0.02052	0.74312	0.04712	0.01520	0.01900	0.01748	0.01368	0.01748	0.01216	0.01824	0.00912	0.00684	0.00684	0.00228	0.00912	0.00608	0.00304	0.00760
106	0.02556	0.03261	0.01939	0.01763	0.02115	0.73210	0.01322	0.02732	0.01939	0.01674	0.01058	0.01234	0.00881	0.00705	0.00617	0.00176	0.01234	0.00441	0.00353	0.00793
107	0.00988	0.00663	0.00762	0.00777	0.00786	0.00661	0.00453	0.01007	0.01035	0.01379	0.02311	0.09128	0.02669	0.68628	0.03226	0.00626	0.00645	0.03388	0.00436	0.00431
108	0.01668	0.01425	0.01535	0.01308	0.01754	0.01527	0.01025	0.05685	0.51214	0.02765	0.02362	0.02244	0.01793	0.00822	0.00650	0.00199	0.00541	0.00679	0.00625	0.20177
109	0.02142	0.42508	0.02854	0.01541	0.05295	0.28964	0.01266	0.02356	0.01625	0.04359	0.01074	0.01224	0.00920	0.00641	0.00527	0.00163	0.00918	0.00418	0.00338	0.00867
110	0.01696	0.05074	0.01577	0.03424	0.01748	0.01039	0.00895	0.01994	0.01501	0.13210	0.01436	0.01559	0.01110	0.00570	0.00538	0.00125	0.00543	0.00454	0.00466	0.61039
111	0.10022	0.09657	0.04484	0.01639	0.08200	0.01724	0.04495	0.09852	0.22443	0.02620	0.01896	0.01967	0.03996	0.00794	0.00711	0.00204	0.04759	0.00624	0.00503	0.09410

[dist]
# distance from previous block
# <min> <max>
0	2

[block]
# block no. 1 follows, 31 sequences, length 87
# corresponding to MSA columns:
# 186-272
name=unknown_B
#
# <colnr> <probs for GDERKNQSTAVLIFYWHMCP>
#	G	D	E	R	K	N	Q	S	T	A	V	L	I	F	Y	W	H	M	C	P
0	0.56560	0.03475	0.04166	0.07776	0.01829	0.12488	0.01017	0.02104	0.01317	0.02666	0.01004	0.01208	0.00786	0.00650	0.00486	0.00206	0.00696	0.00408	0.00393	0.00765
1	0.05130	0.01204	0.01640	0.03883	0.14886	0.01193	0.01154	0.05869	0.09159	0.24316	0.20962	0.02891	0.02828	0.00946	0.00708	0.00213	0.00567	0.00813	0.00668	0.00970
2	0.01419	0.01216	0.01419	0.01013	0.01621	0.00912	0.00811	0.01723	0.01419	0.02229	0.01216	0.01419	0.01013	0.00507	0.00507	0.00101	0.00507	0.00405	0.00405	0.80139
3	0.78476	0.03522	0.01081	0.00908	0.01336	0.01569	0.00754	0.02012	0.01171	0.03027	0.00953	0.01111	0.00745	0.00634	0.00424	0.00210	0.00535	0.00370	0.00420	0.00745
4	0.01188	0.00594	0.00891	0.00891	0.00891	0.00594	0.00594	0.00891	0.00891	0.01188	0.01188	0.02080	0.01188	0.02377	0.02674	0.80095	0.00594	0.00594	0.00297	0.00297
5	0.00834	0.00595	0.00794	0.00953	0.00992	0.00556	0.00635	0.00953	0.01310	0.01746	0.03771	0.75510	0.04525	0.02143	0.00873	0.00278	0.00397	0.01945	0.00635	0.00556
6	0.02896	0.01175	0.01574	0.01228	0.01731	0.01056	0.01009	0.05123	0.04576	0.63945	0.02628	0.02336	0.01694	0.01069	0.04414	0.00258	0.00650	0.00692	0.00812	0.01133
7	0.01067	0.00767	0.01060	0.01212	0.01361	0.00759	0.01039	0.01359	0.01550	0.02013	0.03754	0.13860	0.06404	0.01907	0.00934	0.00309	0.00599	0.58795	0.00631	0.00621
8	0.05162	0.01091	0.01324	0.01104	0.01477	0.01059	0.00880	0.08890	0.08972	0.28431	0.24461	0.03444	0.08594	0.01087	0.00725	0.00216	0.00492	0.00909	0.00753	0.00930
9	0.01615	0.01845	0.04037	0.02884	0.03576	0.01730	0.69204	0.02191	0.01615	0.02191	0.01384	0.01845	0.01038	0.00577	0.00807	0.00231	0.01153	0.00807	0.00346	0.00923
10	0.17253	0.01193	0.01481	0.01159	0.01669	0.01102	0.00957	0.03093	0.01813	0.59553	0.02380	0.02106	0.01520	0.00808	0.00640	0.00212	0.00572	0.00630	0.00769	0.01087
11	0.00926	0.00698	0.00856	0.00816	0.00996	0.00628	0.00612	0.01209	0.01837	0.02507	0.54297	0.05500	0.23634	0.01487	0.00807	0.00219	0.00329	0.01292	0.00722	0.00628
12	0.00994	0.00669	0.00774	0.00774	0.00783	0.00678	0.00449	0.01013	0.01003	0.01347	0.02130	0.04337	0.02427	0.70418	0.08937	0.00697	0.00755	0.00974	0.00411	0.00430
13	0.02556	0.03261	0.01939	0.01763	0.02115	0.73210	0.01322	0.02732	0.01939	0.01674	0.01058	0.01234	0.00881	0.00705	0.00617	0.00176	0.01234	0.00441	0.00353	0.00793
14	0.01595	0.01944	0.17162	0.01703	0.02256	0.01650	0.10605	0.03051	0.44375	0.02591	0.02285	0.04181	0.01748	0.00853	0.00706	0.00230	0.00722	0.00752	0.00559	0.01032
15	0.01051	0.00762	0.01036	0.01172	0.01328	0.00746	0.00999	0.01339	0.01566	0.02031	0.06268	0.12621	0.10114	0.01878	0.00923	0.00301	0.00576	0.54033	0.00635	0.00620
16	0.01205	0.00899	0.01087	0.01072	0.01163	0.07149	0.00788	0.01218	0.01087	0.01430	0.01496	0.02306	0.01420	0.03595	0.37502	0.33834	0.01265	0.00649	0.00336	0.00497
17	0.02566	0.01634	0.04398	0.01426	0.01945	0.01625	0.01200	0.40604	0.02603	0.25571	0.02129	0.07629	0.01584	0.00926	0.00699	0.00213	0.00680	0.00739	0.00718	0.01111
18	0.01292	0.01216	0.02052	0.74312	0.04712	0.01520	0.01900	0.01748	0.01368	0.01748	0.01216	0.01824	0.00912	0.00684	0.00684	0.00228	0.00912	0.00608	0.00304	0.00760
19	0.01188	0.00594	0.00891	0.00891	0.00891	0.00594	0.00594	0.00891	0.00891	0.01188	0.01188	0.02080	0.01188	0.02377	0.02674	0.80095	0.00594	0.00594	0.00297	0.00297
20	0.01829	0.76368	0.03585	0.01171	0.01756	0.02707	0.01171	0.02049	0.01390	0.01610	0.00951	0.01097	0.00878	0.00585	0.00439	0.00146	0.00732	0.00366	0.00293	0.00878
21	0.02051	0.15544	0.02047	0.01337	0.01839	0.01824	0.01122	0.21694	0.21880	0.09151	0.01946	0.02021	0.01490	0.00805	0.00629	0.00193	0.00639	0.02606	0.00594	0.10588
22	0.04448	0.04369	0.24384	0.01905	0.05084	0.01435	0.16211	0.02598	0.01668	0.28387	0.01798	0.01850	0.01218	0.00704	0.00686	0.00215	0.00851	0.00634	0.00516	0.01040
23	0.01917	0.04870	0.02041	0.01671	0.01882	0.16131	0.01363	0.11786	0.04873	0.04188	0.01216	0.01567	0.01041	0.01138	0.04044	0.00278	0.38169	0.00576	0.00403	0.00846
24	0.01275	0.00638	0.00638	0.00638	0.00797	0.00638	0.00478	0.01594	0.01435	0.02551	0.02232	0.02551	0.01754	0.00797	0.00478	0.00159	0.00319	0.00638	0.79755	0.00638
25	0.76038	0.01441	0.01062	0.00952	0.01371	0.05888	0.00776	0.02055	0.01211	0.02985	0.00959	0.01119	0.00749	0.00639	0.00435	0.00210	0.00572	0.00375	0.00419	0.00744
26	0.80789	0.01323	0.01006	0.00900	0.01323	0.01535	0.00741	0.02011	0.01164	0.03070	0.00953	0.01111	0.00741	0.00635	0.00423	0.00212	0.00529	0.00370	0.00423	0.00741
27	0.80789	0.01323	0.01006	0.00900	0.01323	0.01535	0.00741	0.02011	0.01164	0.03070	0.00953	0.01111	0.00741	0.00635	0.00423	0.00212	0.00529	0.00370	0.00423	0.00741
28	0.00859	0.00615	0.00816	0.00936	0.00998	0.00572	0.00637	0.01015	0.01426	0.01931	0.16299	0.62455	0.04883	0.02005	0.00861	0.00266	0.00383	0.01814	0.00657	0.00572
29	0.01292	0.01216	0.02052	0.74312	0.04712	0.01520	0.01900	0.01748	0.01368	0.01748	0.01216	0.01824	0.00912	0.00684	0.00684	0.00228	0.00912	0.00608	0.00304	0.00760
30	0.01188	0.00594	0.00891	0.00891	0.00891	0.00594	0.00594	0.00891	0.00891	0.01188	0.01188	0.02080	0.01188	0.02377	0.02674	0.80095	0.00594	0.00594	0.00297	0.00297
31	0.01615	0.01845	0.04037	0.02884	0.03576	0.01730	0.69204	0.02191	0.01615	0.02191	0.01384	0.01845	0.01038	0.00577	0.00807	0.00231	0.01153	0.00807	0.00346	0.00923
32	0.00809	0.00693	0.00693	0.00693	0.00924	0.00578	0.00520	0.00982	0.01559	0.01848	0.06931	0.06584	0.71411	0.01733	0.00809	0.00231	0.00347	0.01444	0.00635	0.00578
33	0.00994	0.00666	0.00759	0.00759	0.00763	0.00670	0.00430	0.01003	0.00999	0.01336	0.02144	0.04413	0.02459	0.73424	0.05977	0.00679	0.00705	0.00986	0.00413	0.00422
34	0.01783	0.01423	0.01538	0.01344	0.01762	0.01575	0.01052	0.03437	0.58800	0.08223	0.02635	0.02432	0.01959	0.00883	0.00678	0.00219	0.00541	0.00733	0.00681	0.08300
35	0.01172	0.00605	0.00908	0.00908	0.00917	0.00615	0.00615	0.00917	0.00908	0.01220	0.01239	0.02127	0.01229	0.02592	0.08192	0.73918	0.00691	0.00605	0.00303	0.00322
36	0.02556	0.03261	0.01939	0.01763	0.02115	0.73210	0.01322	0.02732	0.01939	0.01674	0.01058	0.01234	0.00881	0.00705	0.00617	0.00176	0.01234	0.00441	0.00353	0.00793
37	0.11690	0.01763	0.01769	0.01410	0.01889	0.05243	0.01148	0.50254	0.02709	0.03748	0.02028	0.04778	0.06722	0.00916	0.00667	0.00209	0.00704	0.00694	0.00632	0.01027
38	0.80789	0.01323	0.01006	0.00900	0.01323	0.01535	0.00741	0.02011	0.01164	0.03070	0.00953	0.01111	0.00741	0.00635	0.00423	0.00212	0.00529	0.00370	0.00423	0.00741
39	0.00977	0.00733	0.01100	0.01100	0.01222	0.00855	0.00855	0.01222	0.01100	0.01588	0.01833	0.02688	0.01710	0.05131	0.73245	0.01100	0.01833	0.00733	0.00367	0.00611
40	0.02338	0.25133	0.02431	0.01585	0.02008	0.52116	0.01277	0.02527	0.01775	0.01655	0.01026	0.01193	0.00880	0.00669	0.00564	0.00167	0.01084	0.00418	0.00335	0.00819
41	0.00977	0.00733	0.01100	0.01100	0.01222	0.00855	0.00855	0.01222	0.01100	0.01588	0.01833	0.02688	0.01710	0.05131	0.73245	0.01100	0.01833	0.00733	0.00367	0.00611
42	0.01693	0.01626	0.02777	0.04199	0.71689	0.01626	0.02100	0.02100	0.01558	0.02235	0.01287	0.01693	0.01084	0.00610	0.00677	0.00203	0.00813	0.00610	0.00339	0.01084
43	0.02558	0.03192	0.01945	0.01753	0.02115	0.69560	0.01321	0.06156	0.02004	0.01810	0.01088	0.01255	0.00896	0.00711	0.00620	0.00178	0.01209	0.00450	0.00370	0.00812
44	0.01815	0.01526	0.01611	0.01415	0.01822	0.01754	0.01110	0.11899	0.62006	0.03044	0.02641	0.02438	0.01972	0.00915	0.00695	0.00229	0.00568	0.00754	0.00695	0.01093
45	0.00843	0.00694	0.00740	0.00729	0.00945	0.00592	0.00547	0.01048	0.01640	0.02039	0.20638	0.06270	0.57585	0.01662	0.00808	0.00228	0.00341	0.01400	0.00660	0.00592
46	0.02625	0.01782	0.01963	0.01502	0.02049	0.01917	0.01240	0.57419	0.02970	0.14021	0.01779	0.01733	0.01234	0.00814	0.00678	0.00202	0.00719	0.00619	0.00698	0.04034
47	0.02556	0.03261	0.01939	0.01763	0.02115	0.73210	0.01322	0.02732	0.01939	0.01674	0.01058	0.01234	0.00881	0.00705	0.00617	0.00176	0.01234	0.00441	0.00353	0.00793
48	0.29597	0.01195	0.01354	0.01090	0.01564	0.01168	0.00896	0.02776	0.01685	0.44919	0.05625	0.02054	0.01612	0.00803	0.00603	0.00212	0.00551	0.00607	0.00697	0.00993
49	0.01275	0.00638	0.00638	0.00638	0.00797	0.00638	0.00478	0.01594	0.01435	0.02551	0.02232	0.02551	0.01754	0.00797	0.00478	0.00159	0.00319	0.00638	0.79755	0.00638
50	0.00848	0.00604	0.00801	0.00954	0.00996	0.00567	0.00641	0.00968	0.01306	0.01740	0.03707	0.70827	0.04432	0.04854	0.00971	0.00293	0.00414	0.03896	0.00627	0.00553
51	0.00995	0.00663	0.00746	0.00746	0.00746	0.00663	0.00415	0.00995	0.00995	0.01327	0.02156	0.04477	0.02487	0.75957	0.03482	0.00663	0.00663	0.00995	0.00415	0.00415
52	0.01583	0.01791	0.03718	0.02698	0.03328	0.03849	0.61743	0.02111	0.01601	0.02141	0.01561	0.07587	0.01306	0.00703	0.00807	0.00233	0.01097	0.00885	0.00369	0.00890
53	0.00832	0.00649	0.00758	0.00842	0.00977	0.00575	0.00599	0.00985	0.01439	0.01807	0.05262	0.40137	0.36191	0.01939	0.00845	0.00257	0.00382	0.04318	0.00635	0.00569
54	0.03070	0.01164	0.01588	0.01217	0.01746	0.01006	0.01006	0.03334	0.01958	0.72163	0.02699	0.02329	0.01694	0.00847	0.00688	0.00212	0.00582	0.00688	0.00847	0.01164
55	0.03045	0.01203	0.01612	0.01236	0.01766	0.01063	0.01021	0.06727	0.02023	0.68678	0.02645	0.02293	0.01666	0.00845	0.00688	0.00211	0.00591	0.00684	0.00838	0.01164
56	0.01292	0.01216	0.02052	0.74312	0.04712	0.01520	0.01900	0.01748	0.01368	0.01748	0.01216	0.01824	0.00912	0.00684	0.00684	0.00228	0.00912	0.00608	0.00304	0.00760
57	0.00834	0.00595	0.00794	0.00953	0.00992	0.00556	0.00635	0.00953	0.01310	0.01746	0.03771	0.75510	0.04525	0.02143	0.00873	0.00278	0.00397	0.01945	0.00635	0.00556
58	0.73700	0.01309	0.01059	0.00929	0.01362	0.01486	0.00765	0.02132	0.01237	0.09372	0.01112	0.01222	0.00828	0.00654	0.00448	0.00212	0.00534	0.00399	0.00462	0.00780
59	0.01292	0.01216	0.02052	0.74312	0.04712	0.01520	0.01900	0.01748	0.01368	0.01748	0.01216	0.01824	0.00912	0.00684	0.00684	0.00228	0.00912	0.00608	0.00304	0.00760
60	0.00978	0.00730	0.01084	0.01084	0.01201	0.00847	0.00836	0.01212	0.01095	0.01577	0.01847	0.02766	0.01744	0.08232	0.70191	0.01080	0.01781	0.00744	0.00369	0.00602
61	0.01702	0.01470	0.01547	0.01392	0.01779	0.01702	0.01083	0.03635	0.70453	0.02862	0.02785	0.02553	0.02088	0.00928	0.00696	0.00232	0.00541	0.00773	0.00696	0.01083
62	0.75206	0.01461	0.01072	0.00961	0.01380	0.06650	0.00782	0.02063	0.01220	0.02970	0.00960	0.01120	0.00751	0.00640	0.00437	0.00209	0.00580	0.00375	0.00418	0.00745
63	0.02482	0.03150	0.02103	0.01850	0.02229	0.67620	0.06630	0.02690	0.01913	0.01715	0.01083	0.01282	0.00894	0.00695	0.00632	0.00181	0.01227	0.00469	0.00352	0.00803
64	0.01926	0.17710	0.04896	0.01790	0.02340	0.07418	0.17940	0.14806	0.19345	0.02584	0.01665	0.01771	0.01276	0.00724	0.00659	0.00204	0.00838	0.00633	0.00484	0.00991
65	0.01676	0.01631	0.07088	0.01436	0.01871	0.01693	0.01196	0.03521	0.65057	0.02808	0.02663	0.02466	0.01993	0.00906	0.00693	0.00231	0.00578	0.00753	0.00664	0.01077
66	0.00977	0.00733	0.01100	0.01100	0.01222	0.00855	0.00855	0.01222	0.01100	0.01588	0.01833	0.02688	0.01710	0.05131	0.73245	0.01100	0.01833	0.00733	0.00367	0.00611
67	0.00903	0.00715	0.01083	0.01113	0.01224	0.00664	0.06883	0.01067	0.01353	0.01793	0.03747	0.64565	0.08307	0.01975	0.00863	0.00271	0.00463	0.01810	0.00609	0.00591
68	0.01774	0.45473	0.24568	0.01436	0.02128	0.02208	0.01587	0.02172	0.01439	0.07303	0.01171	0.01314	0.00939	0.00647	0.00586	0.00178	0.03361	0.00442	0.00335	0.00937
69	0.01009	0.00759	0.00941	0.00885	0.01071	0.00721	0.00667	0.01443	0.07256	0.02661	0.59359	0.05062	0.12780	0.01396	0.00798	0.00218	0.00342	0.01222	0.00737	0.00673
70	0.03070	0.01164	0.01588	0.01217	0.01746	0.01006	0.01006	0.03334	0.01958	0.72163	0.02699	0.02329	0.01694	0.00847	0.00688	0.00212	0.00582	0.00688	0.00847	0.01164
71	0.04407	0.09681	0.54780	0.01802	0.02672	0.07307	0.02178	0.02268	0.04888	0.02147	0.01257	0.01440	0.00925	0.00662	0.00623	0.00208	0.00963	0.00497	0.00319	0.00976
72	0.01730	0.04925	0.11478	0.05104	0.32491	0.03557	0.11303	0.07630	0.10468	0.02410	0.01491	0.01757	0.01166	0.00671	0.00684	0.00210	0.00857	0.00631	0.00404	0.01033
73	0.00987	0.00728	0.00925	0.00871	0.01045	0.00682	0.00655	0.01362	0.04540	0.02693	0.64752	0.05103	0.10270	0.01401	0.00803	0.00217	0.00333	0.01232	0.00744	0.00658
74	0.01001	0.00664	0.00770	0.00770	0.00776	0.00671	0.00444	0.01003	0.00997	0.01335	0.02104	0.04298	0.02400	0.69646	0.07035	0.03572	0.00721	0.00967	0.00408	0.00420
75	0.01898	0.57268	0.03308	0.01383	0.01945	0.08656	0.06504	0.04788	0.05296	0.01833	0.01121	0.01268	0.00968	0.00623	0.00507	0.00162	0.00799	0.00439	0.00339	0.00896
76	0.01188	0.00594	0.00891	0.00891	0.00891	0.00594	0.00594	0.00891	0.00891	0.01188	0.01188	0.02080	0.01188	0.02377	0.02674	0.80095	0.00594	0.00594	0.00297	0.00297
77	0.00866	0.00619	0.00831	0.00990	0.01044	0.00584	0.00692	0.01009	0.01342	0.01783	0.03753	0.67288	0.04454	0.02113	0.00882	0.00282	0.00425	0.09845	0.00634	0.00565
78	0.01118	0.00899	0.01056	0.00985	0.01168	0.03442	0.00746	0.01595	0.09165	0.02652	0.57202	0.06511	0.05544	0.01337	0.00840	0.00220	0.02950	0.01156	0.00714	0.00698
79	0.07415	0.61149	0.07220	0.01237	0.01823	0.05887	0.01229	0.04168	0.01460	0.01831	0.00994	0.01142	0.00877	0.00605	0.00466	0.00158	0.00758	0.00385	0.00317	0.00881
80	0.00943	0.00698	0.00880	0.00835	0.01007	0.00635	0.00626	0.01243	0.01878	0.02604	0.61274	0.05340	0.16596	0.01451	0.00807	0.00218	0.00326	0.01270	0.00735	0.00635
81	0.52391	0.06147	0.06122	0.01389	0.07356	0.12719	0.01084	0.02142	0.01348	0.02641	0.01014	0.01199	0.00807	0.00642	0.00490	0.00202	0.00705	0.00410	0.00389	0.00803
82	0.00969	0.00700	0.00966	0.00980	0.01059	0.00770	0.00703	0.01129	0.01087	0.01524	0.02106	0.09865	0.02199	0.26040	0.45780	0.00894	0.01352	0.00922	0.00405	0.00547
83	0.00937	0.00695	0.00855	0.00817	0.00980	0.00633	0.00601	0.01203	0.01784	0.02446	0.52505	0.05368	0.19675	0.07298	0.01016	0.00254	0.00354	0.01261	0.00702	0.00613
84	0.01229	0.01225	0.04579	0.01340	0.03483	0.07483	0.09443	0.01588	0.01848	0.02511	0.49347	0.05925	0.04821	0.01197	0.00781	0.00215	0.00556	0.01079	0.00630	0.00720
85	0.00872	0.00620	0.00818	0.00953	0.01005	0.00585	0.00651	0.01006	0.01336	0.01786	0.07103	0.61557	0.04423	0.07859	0.01079	0.00307	0.00430	0.06431	0.00624	0.00555
86	0.04545	0.06954	0.05410	0.02453	0.25307	0.15146	0.03652	0.12908	0.06830	0.08066	0.01487	0.01648	0.01144	0.00702	0.00648	0.00199	0.00850	0.00575	0.00459	0.01016

[dist]
# distance from previous block
# <min> <max>
0	1

[block]
# block no. 2 follows, 31 sequences, length 41
# corresponding to MSA columns:
# 274-314
name=unknown_C
#
# <colnr> <probs for GDERKNQSTAVLIFYWHMCP>
#	G	D	E	R	K	N	Q	S	T	A	V	L	I	F	Y	W	H	M	C	P
0	0.06145	0.55370	0.11080	0.01315	0.01912	0.10852	0.01320	0.02141	0.01449	0.01760	0.00995	0.01154	0.00870	0.00610	0.00483	0.00161	0.00812	0.00391	0.00306	0.00876
1	0.01722	0.08132	0.11058	0.01831	0.12114	0.07105	0.03549	0.02525	0.19806	0.06293	0.06197	0.02022	0.01656	0.00752	0.00642	0.00193	0.00714	0.00627	0.00489	0.12571
2	0.18691	0.01150	0.01380	0.01100	0.01578	0.01071	0.00903	0.02830	0.01756	0.51058	0.02765	0.02505	0.08456	0.00892	0.00646	0.00214	0.00548	0.00699	0.00739	0.01019
3	0.02095	0.02653	0.05790	0.09492	0.02283	0.50230	0.01359	0.02334	0.01741	0.01713	0.01397	0.08800	0.01292	0.01083	0.04590	0.00244	0.01135	0.00628	0.00373	0.00768
4	0.00952	0.00699	0.00892	0.00844	0.01012	0.00639	0.00633	0.01260	0.01899	0.02654	0.64902	0.05257	0.12937	0.01432	0.00807	0.00217	0.00325	0.01258	0.00741	0.00639
5	0.00994	0.00705	0.00944	0.00977	0.01052	0.00752	0.00707	0.01146	0.01141	0.01564	0.02339	0.08596	0.02511	0.31942	0.31161	0.00765	0.01115	0.10616	0.00440	0.00534
6	0.01829	0.76368	0.03585	0.01171	0.01756	0.02707	0.01171	0.02049	0.01390	0.01610	0.00951	0.01097	0.00878	0.00585	0.00439	0.00146	0.00732	0.00366	0.00293	0.00878
7	0.80789	0.01323	0.01006	0.00900	0.01323	0.01535	0.00741	0.02011	0.01164	0.03070	0.00953	0.01111	0.00741	0.00635	0.00423	0.00212	0.00529	0.00370	0.00423	0.00741
8	0.03070	0.01164	0.01588	0.01217	0.01746	0.01006	0.01006	0.03334	0.01958	0.72163	0.02699	0.02329	0.01694	0.00847	0.00688	0.00212	0.00582	0.00688	0.00847	0.01164
9	0.01705	0.16486	0.21386	0.01743	0.04468	0.11844	0.01658	0.02283	0.10224	0.01959	0.01273	0.01512	0.01042	0.00811	0.00995	0.00219	0.18603	0.00530	0.00355	0.00904
10	0.00935	0.00786	0.00823	0.00798	0.01038	0.00719	0.00603	0.01336	0.09746	0.02087	0.15006	0.05912	0.54584	0.01593	0.00795	0.00229	0.00366	0.01337	0.00658	0.00646
11	0.04540	0.33661	0.12750	0.01406	0.02010	0.04478	0.01369	0.17056	0.08728	0.05870	0.01413	0.01477	0.01095	0.00699	0.00566	0.00184	0.00760	0.00500	0.00451	0.00987
12	0.01865	0.25200	0.19487	0.01635	0.04055	0.11420	0.03266	0.11126	0.08968	0.02269	0.01363	0.01510	0.01077	0.00831	0.02944	0.00218	0.00897	0.00515	0.00398	0.00956
13	0.02478	0.03135	0.01946	0.06224	0.02275	0.68801	0.01357	0.02671	0.01904	0.01679	0.01067	0.01270	0.00883	0.00704	0.00621	0.00179	0.01214	0.00451	0.00350	0.00791
14	0.01275	0.00638	0.00638	0.00638	0.00797	0.00638	0.00478	0.01594	0.01435	0.02551	0.02232	0.02551	0.01754	0.00797	0.00478	0.00159	0.00319	0.00638	0.79755	0.00638
15	0.01760	0.01669	0.06149	0.01561	0.02025	0.01737	0.06549	0.09648	0.54441	0.02903	0.02471	0.02343	0.01843	0.00873	0.00701	0.00228	0.00638	0.00745	0.00642	0.01073
16	0.02049	0.50126	0.05025	0.01341	0.01903	0.09786	0.03266	0.06104	0.03993	0.08886	0.01260	0.01348	0.01022	0.00651	0.00522	0.00167	0.00785	0.00451	0.00392	0.00926
17	0.00904	0.00768	0.00883	0.00875	0.01047	0.00748	0.00665	0.01079	0.01490	0.01869	0.09497	0.16192	0.48339	0.01720	0.00977	0.00247	0.08391	0.03108	0.00606	0.00598
18	0.01681	0.01454	0.01648	0.01687	0.10904	0.03815	0.01161	0.10060	0.39316	0.02826	0.11371	0.02852	0.06279	0.00973	0.00710	0.00221	0.00583	0.00821	0.00641	0.00998
19	0.12145	0.05032	0.02513	0.07164	0.32731	0.01663	0.11740	0.02336	0.11216	0.04691	0.01495	0.01762	0.01174	0.00664	0.00656	0.00212	0.00783	0.00622	0.00414	0.00988
20	0.00965	0.00783	0.00905	0.00918	0.01087	0.02604	0.00660	0.01131	0.01352	0.01768	0.03901	0.30632	0.22037	0.07207	0.12574	0.00402	0.00664	0.01355	0.00547	0.08509
21	0.01435	0.07223	0.57977	0.02054	0.02992	0.01672	0.12891	0.02164	0.01468	0.02140	0.01237	0.01488	0.00894	0.00635	0.00663	0.00215	0.01018	0.00545	0.00298	0.00990
22	0.01188	0.00594	0.00891	0.00891	0.00891	0.00594	0.00594	0.00891	0.00891	0.01188	0.01188	0.02080	0.01188	0.02377	0.02674	0.80095	0.00594	0.00594	0.00297	0.00297
23	0.02207	0.01721	0.01831	0.01494	0.01972	0.01938	0.01205	0.40603	0.32662	0.03677	0.02143	0.02041	0.01569	0.00868	0.00690	0.00217	0.00660	0.00685	0.00690	0.01128
24	0.00977	0.00733	0.01100	0.01100	0.01222	0.00855	0.00855	0.01222	0.01100	0.01588	0.01833	0.02688	0.01710	0.05131	0.73245	0.01100	0.01833	0.00733	0.00367	0.00611
25	0.02556	0.03261	0.01939	0.01763	0.02115	0.73210	0.01322	0.02732	0.01939	0.01674	0.01058	0.01234	0.00881	0.00705	0.00617	0.00176	0.01234	0.00441	0.00353	0.00793
26	0.01577	0.01658	0.02426	0.01984	0.02125	0.06066	0.13316	0.01803	0.01197	0.01743	0.00992	0.01543	0.00922	0.01061	0.01902	0.00280	0.57686	0.00626	0.00311	0.00781
27	0.80789	0.01323	0.01006	0.00900	0.01323	0.01535	0.00741	0.02011	0.01164	0.03070	0.00953	0.01111	0.00741	0.00635	0.00423	0.00212	0.00529	0.00370	0.00423	0.00741
28	0.00919	0.00693	0.00806	0.00778	0.00968	0.00617	0.00583	0.01179	0.01750	0.02358	0.40432	0.05582	0.33398	0.01504	0.00789	0.00219	0.00332	0.01290	0.05186	0.00617
29	0.00940	0.00698	0.00879	0.00858	0.01025	0.00637	0.00648	0.01225	0.01815	0.02490	0.52334	0.09339	0.17797	0.01526	0.00819	0.00227	0.00348	0.05048	0.00719	0.00628
30	0.00834	0.00595	0.00794	0.00953	0.00992	0.00556	0.00635	0.00953	0.01310	0.01746	0.03771	0.75510	0.04525	0.02143	0.00873	0.00278	0.00397	0.01945	0.00635	0.00556
31	0.73033	0.01307	0.01064	0.00931	0.01365	0.01482	0.00767	0.02143	0.01244	0.09964	0.01127	0.01233	0.00836	0.00656	0.00450	0.00212	0.00535	0.00402	0.00466	0.00783
32	0.80789	0.01323	0.01006	0.00900	0.01323	0.01535	0.00741	0.02011	0.01164	0.03070	0.00953	0.01111	0.00741	0.00635	0.00423	0.00212	0.00529	0.00370	0.00423	0.00741
33	0.01530	0.00776	0.00964	0.00939	0.01145	0.00732	0.00700	0.01813	0.03887	0.18506	0.03004	0.31527	0.02903	0.01373	0.00703	0.00225	0.00427	0.02813	0.25289	0.00743
34	0.03070	0.01164	0.01588	0.01217	0.01746	0.01006	0.01006	0.03334	0.01958	0.72163	0.02699	0.02329	0.01694	0.00847	0.00688	0.00212	0.00582	0.00688	0.00847	0.01164
35	0.00978	0.00725	0.01058	0.01052	0.01170	0.00822	0.00805	0.01214	0.01176	0.01686	0.08789	0.03048	0.02235	0.09450	0.61395	0.00982	0.01604	0.00801	0.00408	0.00601
36	0.01201	0.00802	0.01119	0.01248	0.01422	0.00792	0.01083	0.01507	0.01588	0.05840	0.03577	0.09520	0.03834	0.01841	0.00929	0.00308	0.00620	0.61471	0.00642	0.00657
37	0.00977	0.00733	0.01100	0.01100	0.01222	0.00855	0.00855	0.01222	0.01100	0.01588	0.01833	0.02688	0.01710	0.05131	0.73245	0.01100	0.01833	0.00733	0.00367	0.00611
38	0.02556	0.03261	0.01939	0.01763	0.02115	0.73210	0.01322	0.02732	0.01939	0.01674	0.01058	0.01234	0.00881	0.00705	0.00617	0.00176	0.01234	0.00441	0.00353	0.00793
39	0.02617	0.01062	0.01429	0.01137	0.01589	0.00922	0.00923	0.02875	0.01901	0.57636	0.09858	0.06271	0.06588	0.01017	0.00716	0.00216	0.00533	0.00848	0.00815	0.01048
40	0.01702	0.01470	0.01547	0.01392	0.01779	0.01702	0.01083	0.03635	0.70453	0.02862	0.02785	0.02553	0.02088	0.00928	0.00696	0.00232	0.00541	0.00773	0.00696	0.01083

[dist]
# distance from previous block
# <min> <max>
0	1

[block]
