[name]
unknown

[dist]
# distance from previous block
# <min> <max>
0	18

[block]
# block no. 0 follows, 31 sequences, length 35
# corresponding to MSA columns:
# 18-52
name=unknown_A
#
# <colnr> <probs for GDERKNQSTAVLIFYWHMCP>
#	G	D	E	R	K	N	Q	S	T	A	V	L	I	F	Y	W	H	M	C	P
0	0.04818	0.00939	0.01213	0.01281	0.04528	0.00967	0.03423	0.05238	0.12084	0.02160	0.03129	0.46391	0.03436	0.03286	0.00863	0.00269	0.00507	0.04143	0.00608	0.00716
1	0.08916	0.01732	0.02267	0.04686	0.02364	0.01870	0.14948	0.39263	0.07530	0.03428	0.01622	0.01843	0.01221	0.04208	0.00816	0.00235	0.00801	0.00662	0.00567	0.01022
2	0.10807	0.01318	0.01462	0.05748	0.01740	0.07888	0.04077	0.06244	0.03771	0.02257	0.07056	0.17778	0.02232	0.04158	0.02216	0.00246	0.05192	0.00895	0.00490	0.14425
3	0.12466	0.01033	0.01245	0.13661	0.04540	0.03979	0.00940	0.01578	0.04015	0.04709	0.03939	0.10177	0.01916	0.17026	0.03559	0.12645	0.00691	0.00819	0.00434	0.00628
4	0.01473	0.05648	0.49374	0.02402	0.13592	0.01655	0.11979	0.02156	0.01484	0.02160	0.01249	0.01528	0.00925	0.00631	0.00669	0.00214	0.00991	0.00560	0.00305	0.01005
5	0.01328	0.01534	0.07821	0.09975	0.02808	0.01348	0.34033	0.01829	0.03676	0.02082	0.05149	0.08971	0.14354	0.00976	0.00784	0.00233	0.00857	0.00989	0.00440	0.00813
6	0.01879	0.01707	0.02249	0.04745	0.25789	0.08615	0.07315	0.12512	0.13949	0.05193	0.01844	0.07859	0.01547	0.00840	0.00704	0.00215	0.00787	0.00752	0.00498	0.01003
7	0.00962	0.00650	0.00756	0.00788	0.00796	0.00642	0.00459	0.00986	0.01059	0.01411	0.02482	0.18837	0.02899	0.61034	0.02955	0.00585	0.00609	0.01187	0.00459	0.00443
8	0.01012	0.00705	0.01033	0.01033	0.01124	0.00796	0.00771	0.01148	0.01057	0.01501	0.01765	0.02771	0.01707	0.11707	0.55479	0.13225	0.01526	0.00738	0.00361	0.00543
9	0.01225	0.01015	0.01534	0.05172	0.18140	0.01103	0.01173	0.01631	0.07606	0.01854	0.01916	0.08696	0.01812	0.05979	0.34144	0.03824	0.01209	0.00811	0.00410	0.00748
10	0.00971	0.00692	0.00941	0.00945	0.01055	0.00725	0.00694	0.01112	0.01219	0.01663	0.08918	0.07550	0.12823	0.11348	0.35697	0.10568	0.01117	0.00962	0.00453	0.00546
11	0.01011	0.00706	0.01039	0.01039	0.01133	0.00800	0.00780	0.01153	0.01059	0.01506	0.01759	0.02736	0.01692	0.10341	0.56825	0.13233	0.01549	0.00732	0.00360	0.00547
12	0.01070	0.00720	0.00843	0.00825	0.00875	0.00746	0.00520	0.03658	0.01122	0.01555	0.02091	0.03976	0.02273	0.57612	0.13939	0.00682	0.00826	0.00918	0.05262	0.00487
13	0.01059	0.00689	0.00848	0.00892	0.01048	0.00613	0.00636	0.01219	0.01485	0.08961	0.07896	0.42762	0.25651	0.01846	0.00831	0.00253	0.00396	0.01624	0.00662	0.00629
14	0.00936	0.00683	0.00816	0.00833	0.00999	0.00605	0.00605	0.01141	0.01613	0.04362	0.24854	0.25450	0.31174	0.01721	0.00822	0.00239	0.00361	0.01500	0.00677	0.00610
15	0.01706	0.01851	0.02145	0.01834	0.01930	0.15781	0.04235	0.01878	0.01243	0.01674	0.00949	0.01460	0.00901	0.01077	0.01873	0.00273	0.57539	0.00577	0.00312	0.00764
16	0.00809	0.00693	0.00693	0.00693	0.00924	0.00578	0.00520	0.00982	0.01559	0.01848	0.06931	0.06584	0.71411	0.01733	0.00809	0.00231	0.00347	0.01444	0.00635	0.00578
17	0.01354	0.01134	0.01324	0.00978	0.01500	0.00874	0.00760	0.01625	0.01391	0.02147	0.03977	0.01902	0.01385	0.09009	0.00852	0.00169	0.00517	0.00503	0.00420	0.68179
18	0.00911	0.00770	0.00799	0.00798	0.01027	0.00702	0.00595	0.01277	0.09267	0.01952	0.06149	0.13026	0.56939	0.01683	0.00802	0.00236	0.00373	0.01419	0.00642	0.00632
19	0.01578	0.01340	0.01422	0.01293	0.01652	0.01510	0.01012	0.05681	0.54425	0.02731	0.03374	0.03363	0.12011	0.01089	0.00725	0.00235	0.00527	0.04359	0.00684	0.00990
20	0.01096	0.00800	0.00937	0.00917	0.01123	0.00762	0.00681	0.01536	0.10690	0.05920	0.23700	0.20641	0.25448	0.01576	0.00801	0.00236	0.00389	0.01368	0.00688	0.00689
21	0.01012	0.00655	0.00780	0.00820	0.00873	0.00632	0.00519	0.01099	0.01209	0.03569	0.05106	0.27550	0.05865	0.38973	0.02142	0.00457	0.00525	0.01295	0.06406	0.00511
22	0.00844	0.00679	0.00753	0.00767	0.00954	0.00588	0.00563	0.01039	0.01597	0.02012	0.19358	0.16906	0.48082	0.01729	0.00818	0.00235	0.00350	0.01480	0.00659	0.00588
23	0.01829	0.76368	0.03585	0.01171	0.01756	0.02707	0.01171	0.02049	0.01390	0.01610	0.00951	0.01097	0.00878	0.00585	0.00439	0.00146	0.00732	0.00366	0.00293	0.00878
24	0.02656	0.01827	0.01998	0.01532	0.02077	0.01990	0.01265	0.61588	0.03068	0.12341	0.01768	0.01724	0.01226	0.00824	0.00685	0.00206	0.00733	0.00624	0.00704	0.01164
25	0.02181	0.01790	0.01799	0.01483	0.01926	0.12664	0.04397	0.24545	0.20256	0.09966	0.02313	0.02257	0.05966	0.00880	0.00682	0.00209	0.00728	0.00701	0.04244	0.01012
26	0.01406	0.00867	0.01087	0.00956	0.01211	0.00812	0.00740	0.06994	0.02004	0.13472	0.48771	0.04553	0.11798	0.01301	0.00779	0.00215	0.00399	0.01124	0.00750	0.00760
27	0.01063	0.00708	0.00901	0.00844	0.01020	0.00654	0.00636	0.01378	0.01872	0.05017	0.59550	0.04820	0.08412	0.01333	0.00770	0.00210	0.00332	0.01167	0.08654	0.00659
28	0.00866	0.00661	0.00768	0.00807	0.00940	0.00593	0.00564	0.01028	0.01481	0.01909	0.16541	0.26984	0.31553	0.10764	0.01151	0.00295	0.00396	0.01506	0.00629	0.00563
29	0.01496	0.01265	0.01459	0.01061	0.01656	0.01014	0.00850	0.05473	0.04668	0.02371	0.01311	0.01483	0.01071	0.00543	0.00525	0.00113	0.00522	0.00434	0.00434	0.72255
30	0.04828	0.06744	0.20231	0.01463	0.02078	0.01312	0.07391	0.04665	0.01528	0.09674	0.01660	0.09676	0.01427	0.00860	0.00712	0.03215	0.00721	0.00678	0.00442	0.20695
31	0.01724	0.01717	0.06199	0.15466	0.23979	0.10960	0.03357	0.04234	0.01620	0.06601	0.01604	0.02326	0.01369	0.01019	0.04481	0.00259	0.00911	0.07238	0.00409	0.04526
32	0.01084	0.00724	0.00937	0.00953	0.01021	0.00761	0.00651	0.01263	0.07995	0.01571	0.02213	0.17147	0.02354	0.21585	0.14826	0.22168	0.00787	0.01003	0.00445	0.00512
33	0.01475	0.01870	0.13156	0.04293	0.02826	0.01680	0.34477	0.01938	0.01420	0.02013	0.03635	0.01945	0.01238	0.03783	0.03849	0.00292	0.18190	0.00728	0.00343	0.00851
34	0.01157	0.00889	0.01066	0.00998	0.01212	0.00862	0.00722	0.04550	0.08328	0.02075	0.09713	0.23238	0.04969	0.14680	0.08560	0.00382	0.00629	0.01128	0.00551	0.14291

[dist]
# distance from previous block
# <min> <max>
0	2

[block]
# block no. 1 follows, 31 sequences, length 53
# corresponding to MSA columns:
# 55-107
name=unknown_B
#
# <colnr> <probs for GDERKNQSTAVLIFYWHMCP>
#	G	D	E	R	K	N	Q	S	T	A	V	L	I	F	Y	W	H	M	C	P
0	0.05490	0.01142	0.01388	0.01173	0.01562	0.01122	0.00929	0.07490	0.14074	0.33484	0.09748	0.12509	0.04654	0.01107	0.00719	0.00225	0.00527	0.00932	0.00746	0.00980
1	0.07470	0.01634	0.02465	0.02445	0.22472	0.03996	0.16588	0.09785	0.01721	0.04098	0.01333	0.01612	0.01048	0.00612	0.00646	0.00185	0.00797	0.00584	0.00414	0.20096
2	0.16328	0.03461	0.01766	0.09894	0.09597	0.06746	0.03954	0.05722	0.06030	0.12471	0.01543	0.01833	0.01201	0.04126	0.00884	0.05973	0.00716	0.00578	0.00471	0.06708
3	0.01006	0.00670	0.00883	0.00976	0.01085	0.00621	0.00705	0.01185	0.01471	0.05868	0.12165	0.50120	0.08951	0.01922	0.00859	0.00268	0.00423	0.09550	0.00661	0.00611
4	0.00998	0.00685	0.00868	0.00877	0.01019	0.00625	0.00630	0.01219	0.01646	0.05332	0.34968	0.27320	0.14490	0.04985	0.00942	0.00257	0.00376	0.01453	0.00689	0.00621
5	0.01968	0.15606	0.12440	0.09239	0.06983	0.17481	0.09108	0.11443	0.01808	0.04093	0.01250	0.01487	0.00973	0.00685	0.00672	0.00197	0.02717	0.00539	0.00384	0.00928
6	0.11369	0.06943	0.01274	0.03580	0.03886	0.02717	0.00797	0.01281	0.01056	0.01574	0.01234	0.01971	0.01179	0.04543	0.08793	0.45661	0.00752	0.00571	0.00326	0.00492
7	0.01414	0.01381	0.02001	0.01720	0.01767	0.01873	0.03955	0.01596	0.01078	0.01657	0.01074	0.01711	0.01040	0.01837	0.14152	0.00432	0.59640	0.00629	0.00312	0.00732
8	0.00818	0.00693	0.00706	0.00702	0.00930	0.00581	0.00527	0.00999	0.01581	0.01898	0.10549	0.06501	0.67761	0.01714	0.00808	0.00230	0.00345	0.01432	0.00642	0.00581
9	0.02187	0.08025	0.09246	0.12255	0.07996	0.09894	0.04337	0.09721	0.05482	0.21557	0.01727	0.01806	0.01224	0.00737	0.00659	0.00206	0.00819	0.00598	0.00522	0.01003
10	0.01696	0.04687	0.07209	0.04136	0.09817	0.08884	0.24571	0.07750	0.08795	0.02273	0.01677	0.06847	0.01429	0.03078	0.03818	0.00268	0.00962	0.00768	0.00425	0.00910
11	0.02258	0.02786	0.02022	0.01765	0.02114	0.56535	0.08327	0.02464	0.01789	0.01695	0.01218	0.01635	0.01069	0.07308	0.03888	0.00262	0.01201	0.00538	0.00358	0.00767
12	0.02217	0.06008	0.02026	0.01725	0.01995	0.50468	0.01345	0.02390	0.01671	0.01662	0.01036	0.01335	0.00909	0.00949	0.03115	0.00232	0.19315	0.00485	0.00337	0.00781
13	0.01829	0.76368	0.03585	0.01171	0.01756	0.02707	0.01171	0.02049	0.01390	0.01610	0.00951	0.01097	0.00878	0.00585	0.00439	0.00146	0.00732	0.00366	0.00293	0.00878
14	0.00994	0.00667	0.00766	0.00766	0.00773	0.00674	0.00439	0.01008	0.01001	0.01341	0.02137	0.04377	0.02444	0.71977	0.07402	0.00688	0.00729	0.00980	0.00412	0.00426
15	0.00832	0.00603	0.00786	0.00933	0.00987	0.00557	0.00627	0.00955	0.01328	0.01754	0.04005	0.70392	0.09491	0.02113	0.00868	0.00274	0.00393	0.01908	0.00635	0.00557
16	0.00918	0.00643	0.00824	0.00957	0.01026	0.00620	0.00659	0.01138	0.04203	0.01874	0.03592	0.63471	0.04163	0.01968	0.00835	0.00267	0.00406	0.04457	0.07391	0.00588
17	0.01630	0.05278	0.01681	0.04550	0.01739	0.01169	0.07753	0.08810	0.01540	0.13224	0.01930	0.07807	0.01683	0.04558	0.21804	0.09094	0.01020	0.00776	0.03189	0.00767
18	0.01606	0.16846	0.50861	0.01783	0.02633	0.10881	0.02126	0.02217	0.01497	0.02002	0.01155	0.01354	0.00871	0.00645	0.00607	0.00199	0.00988	0.00472	0.00298	0.00959
19	0.01696	0.01692	0.02347	0.11503	0.42998	0.09775	0.01750	0.02063	0.01554	0.02112	0.01239	0.01605	0.01027	0.00610	0.00640	0.00184	0.00817	0.00552	0.00348	0.15485
20	0.01449	0.06796	0.01580	0.01025	0.01631	0.01045	0.00837	0.01747	0.01417	0.02183	0.01196	0.01395	0.01003	0.00513	0.00502	0.00105	0.00523	0.00402	0.00397	0.74253
21	0.01682	0.01696	0.08998	0.01617	0.06967	0.12437	0.04007	0.06335	0.09802	0.07660	0.03958	0.16038	0.05056	0.01220	0.00847	0.04717	0.00729	0.04867	0.00531	0.00836
22	0.01160	0.00602	0.00877	0.00877	0.00894	0.00593	0.00589	0.00898	0.00941	0.01237	0.01615	0.02414	0.06403	0.02329	0.02535	0.74165	0.00576	0.00657	0.00322	0.00318
23	0.00864	0.00612	0.00802	0.00942	0.00982	0.00579	0.00630	0.00978	0.01285	0.01711	0.03575	0.64160	0.04260	0.10791	0.01182	0.00325	0.00439	0.04733	0.00609	0.00542
24	0.01346	0.01198	0.02153	0.02273	0.20711	0.01195	0.16477	0.01625	0.01379	0.01932	0.07701	0.02416	0.01762	0.04593	0.17815	0.12495	0.01042	0.00749	0.00380	0.00758
25	0.01366	0.00856	0.01124	0.01035	0.01191	0.03941	0.03523	0.01367	0.01320	0.09324	0.09878	0.08954	0.10459	0.01973	0.04646	0.36501	0.00621	0.00894	0.00482	0.00545
26	0.01029	0.00687	0.00814	0.00846	0.00884	0.00687	0.00557	0.01106	0.01131	0.01524	0.02456	0.05052	0.02750	0.57781	0.02841	0.00571	0.00642	0.14369	0.03804	0.00468
27	0.01102	0.00854	0.01023	0.00954	0.01166	0.00852	0.00723	0.01737	0.15686	0.02693	0.52163	0.04719	0.11002	0.01332	0.00785	0.00220	0.00369	0.01161	0.00732	0.00728
28	0.01289	0.00770	0.00980	0.00947	0.01135	0.00718	0.00694	0.01544	0.04182	0.13580	0.19949	0.24980	0.13194	0.06547	0.03995	0.02344	0.00489	0.01310	0.00667	0.00687
29	0.00899	0.00666	0.00809	0.00829	0.00961	0.00605	0.00587	0.01087	0.01571	0.02091	0.29295	0.22832	0.23186	0.08121	0.01102	0.02317	0.00384	0.01432	0.00651	0.00576
30	0.01391	0.06568	0.69549	0.01918	0.02911	0.01635	0.02471	0.02162	0.01442	0.02143	0.01216	0.01430	0.00867	0.00647	0.00641	0.00214	0.00999	0.00500	0.00289	0.01006
31	0.00873	0.00612	0.00766	0.00890	0.00965	0.00566	0.00605	0.01018	0.01353	0.01836	0.04024	0.59785	0.12747	0.01962	0.00827	0.00261	0.00383	0.01756	0.08204	0.00566
32	0.00938	0.00696	0.00868	0.00876	0.01015	0.00650	0.00631	0.01229	0.04018	0.02307	0.39842	0.23712	0.14027	0.04899	0.00938	0.00254	0.00368	0.01424	0.00690	0.00618
33	0.08677	0.00782	0.00871	0.00851	0.00953	0.00797	0.00566	0.04039	0.01329	0.01947	0.15293	0.11511	0.03258	0.42151	0.02238	0.00468	0.00562	0.02648	0.00519	0.00541
34	0.01615	0.01845	0.04037	0.02884	0.03576	0.01730	0.69204	0.02191	0.01615	0.02191	0.01384	0.01845	0.01038	0.00577	0.00807	0.00231	0.01153	0.00807	0.00346	0.00923
35	0.00844	0.00603	0.00803	0.00946	0.00995	0.00562	0.00636	0.00978	0.01356	0.01820	0.08787	0.70283	0.04668	0.02088	0.00868	0.00273	0.00391	0.01892	0.00644	0.00562
36	0.01419	0.01216	0.01419	0.01013	0.01621	0.00912	0.00811	0.01723	0.01419	0.02229	0.01216	0.01419	0.01013	0.00507	0.00507	0.00101	0.00507	0.00405	0.00405	0.80139
37	0.05609	0.00742	0.00926	0.00941	0.01080	0.00704	0.00658	0.01402	0.01420	0.11956	0.11757	0.39838	0.03807	0.14414	0.01260	0.00323	0.00467	0.01426	0.00631	0.00640
38	0.01257	0.00732	0.00879	0.00832	0.00908	0.00721	0.00522	0.01309	0.01125	0.10334	0.02201	0.04072	0.02329	0.61167	0.08308	0.00638	0.00740	0.00937	0.00466	0.00524
39	0.07853	0.00739	0.00807	0.00788	0.00912	0.00724	0.00528	0.01223	0.01318	0.03842	0.14002	0.08384	0.13870	0.35488	0.01980	0.00423	0.00511	0.01075	0.04987	0.00546
40	0.01071	0.00812	0.01286	0.01243	0.03244	0.00883	0.05722	0.01246	0.01110	0.01567	0.01748	0.02757	0.01681	0.13517	0.48324	0.10642	0.01452	0.00752	0.00362	0.00583
41	0.01166	0.00700	0.00790	0.00762	0.00844	0.00677	0.00477	0.01243	0.01177	0.06792	0.02668	0.04277	0.09015	0.53650	0.02634	0.00524	0.00583	0.00970	0.10535	0.00514
42	0.01645	0.00983	0.01194	0.01063	0.01375	0.00943	0.00819	0.02227	0.15758	0.20648	0.16514	0.15786	0.12113	0.01287	0.00751	0.00225	0.00459	0.01108	0.00715	0.04386
43	0.06836	0.01318	0.01757	0.14455	0.19801	0.07293	0.01372	0.01696	0.01356	0.01889	0.01741	0.04219	0.05471	0.01909	0.17529	0.04909	0.04623	0.00693	0.00368	0.00766
44	0.08904	0.01761	0.04239	0.12764	0.17551	0.07066	0.20569	0.09919	0.01726	0.04344	0.01354	0.01706	0.01042	0.00802	0.03087	0.00244	0.00954	0.00635	0.00398	0.00934
45	0.00898	0.00632	0.00801	0.00911	0.00954	0.00604	0.00606	0.01000	0.01250	0.01656	0.03400	0.48723	0.05801	0.22594	0.01601	0.00386	0.00487	0.06599	0.00573	0.00523
46	0.03804	0.04376	0.01645	0.17355	0.08989	0.09701	0.01210	0.01628	0.01391	0.01827	0.03603	0.18709	0.01933	0.01212	0.00966	0.08574	0.04003	0.00875	0.00412	0.07786
47	0.01755	0.02046	0.07158	0.16061	0.14161	0.20241	0.11287	0.03663	0.01678	0.02070	0.06529	0.01840	0.01380	0.00704	0.00677	0.00199	0.00944	0.00619	0.00377	0.06610
48	0.01215	0.00917	0.01071	0.01147	0.04121	0.03297	0.00765	0.07070	0.04586	0.04122	0.05013	0.40690	0.06715	0.14474	0.01270	0.00323	0.00527	0.01428	0.00592	0.00659
49	0.05214	0.01300	0.01786	0.08360	0.04309	0.03069	0.08788	0.20208	0.01735	0.02377	0.01375	0.01876	0.01145	0.01607	0.06621	0.27611	0.00841	0.00623	0.00424	0.00731
50	0.01880	0.01728	0.07674	0.08023	0.14153	0.08477	0.05312	0.11004	0.03925	0.11185	0.06686	0.02266	0.01674	0.00987	0.03749	0.00244	0.00832	0.03413	0.00501	0.06287
51	0.06825	0.06302	0.04395	0.04394	0.01620	0.01218	0.00968	0.11515	0.06649	0.05238	0.02714	0.28826	0.06915	0.01299	0.00710	0.00224	0.00554	0.01109	0.00568	0.07957
52	0.01939	0.04252	0.02388	0.16310	0.18903	0.10822	0.08666	0.12654	0.08735	0.06355	0.01527	0.01770	0.01160	0.00709	0.00680	0.00209	0.00869	0.00622	0.00450	0.00977

[dist]
# distance from previous block
# <min> <max>
0	22

[block]
# block no. 2 follows, 31 sequences, length 22
# corresponding to MSA columns:
# 130-151
name=unknown_C
#
# <colnr> <probs for GDERKNQSTAVLIFYWHMCP>
#	G	D	E	R	K	N	Q	S	T	A	V	L	I	F	Y	W	H	M	C	P
0	0.12489	0.01150	0.01599	0.16290	0.17439	0.01236	0.01232	0.03084	0.03883	0.05014	0.06416	0.06146	0.04240	0.12061	0.01173	0.03884	0.00672	0.00778	0.00446	0.00769
1	0.05653	0.00778	0.00994	0.00997	0.01108	0.00791	0.00706	0.07148	0.01327	0.04272	0.02335	0.31622	0.02545	0.02105	0.04396	0.30471	0.00574	0.01137	0.00497	0.00545
2	0.01134	0.00819	0.01015	0.01072	0.01201	0.00821	0.00772	0.11916	0.01632	0.02176	0.03421	0.59232	0.03949	0.01915	0.00848	0.00269	0.00469	0.06037	0.00643	0.00658
3	0.01428	0.01341	0.02236	0.41194	0.29052	0.01523	0.01864	0.01825	0.01403	0.01897	0.01292	0.01936	0.01077	0.05539	0.00916	0.00249	0.03414	0.00633	0.00324	0.00857
4	0.04318	0.00735	0.00905	0.05603	0.01255	0.00714	0.00703	0.01277	0.01476	0.05135	0.12139	0.29531	0.19549	0.01710	0.03364	0.00267	0.00466	0.01355	0.08866	0.00630
5	0.00977	0.00733	0.01100	0.01100	0.01222	0.00855	0.00855	0.01222	0.01100	0.01588	0.01833	0.02688	0.01710	0.05131	0.73245	0.01100	0.01833	0.00733	0.00367	0.00611
6	0.68376	0.01298	0.01099	0.00950	0.01391	0.01450	0.00783	0.02222	0.01291	0.14104	0.01232	0.01306	0.00893	0.00669	0.00466	0.00212	0.00538	0.00421	0.00491	0.00809
7	0.01061	0.00639	0.00872	0.00923	0.00985	0.00616	0.00629	0.01064	0.01202	0.04473	0.05273	0.34473	0.05785	0.07944	0.05885	0.25322	0.00566	0.01281	0.00510	0.00496
8	0.02327	0.02916	0.01781	0.01639	0.01963	0.63641	0.01224	0.02499	0.01872	0.01690	0.01619	0.06563	0.05684	0.00868	0.00646	0.00187	0.01120	0.00606	0.00390	0.00763
9	0.02836	0.01113	0.01513	0.01178	0.01666	0.00965	0.00965	0.03107	0.01956	0.64442	0.10332	0.02638	0.02223	0.00908	0.00701	0.00212	0.00553	0.00749	0.00836	0.01107
10	0.02410	0.01580	0.01759	0.01374	0.01865	0.01669	0.01126	0.46084	0.02734	0.16706	0.05808	0.02489	0.09333	0.00955	0.00705	0.00210	0.00655	0.00752	0.00713	0.01073
11	0.01477	0.01001	0.01181	0.01125	0.01343	0.01035	0.00825	0.11637	0.13468	0.09260	0.03031	0.38199	0.03142	0.08654	0.01046	0.00290	0.00517	0.01335	0.00653	0.00782
12	0.01738	0.01488	0.01568	0.01400	0.01793	0.01719	0.01092	0.06318	0.67711	0.02921	0.02738	0.02515	0.02051	0.00924	0.00696	0.00231	0.00550	0.00767	0.00696	0.01086
13	0.01860	0.01548	0.01636	0.01424	0.01839	0.01776	0.01121	0.15216	0.58615	0.03117	0.02583	0.02392	0.01926	0.00909	0.00694	0.00227	0.00579	0.00746	0.00694	0.01097
14	0.01192	0.00777	0.00959	0.00987	0.01104	0.00765	0.00684	0.08246	0.01487	0.05865	0.03112	0.48086	0.03512	0.13575	0.01293	0.02531	0.00489	0.01506	0.03205	0.00626
15	0.00956	0.00691	0.00815	0.00813	0.00938	0.00665	0.00575	0.01125	0.01379	0.01851	0.15159	0.04978	0.22660	0.25375	0.11103	0.00477	0.00647	0.04036	0.05209	0.00548
16	0.01246	0.00635	0.00648	0.00658	0.00810	0.00632	0.00489	0.01552	0.01426	0.02497	0.02333	0.07372	0.01937	0.00886	0.00504	0.00167	0.00324	0.00724	0.74526	0.00632
17	0.00867	0.00667	0.00754	0.00816	0.00977	0.00591	0.00600	0.01044	0.01476	0.01874	0.05406	0.27868	0.41091	0.01818	0.00820	0.00248	0.00383	0.06826	0.05294	0.00579
18	0.06479	0.00743	0.00940	0.00905	0.01060	0.00744	0.00669	0.01249	0.01280	0.05897	0.10122	0.03563	0.17379	0.05171	0.17450	0.23652	0.00782	0.00885	0.00480	0.00550
19	0.01632	0.01337	0.06147	0.01441	0.03999	0.03676	0.05579	0.02265	0.14273	0.14229	0.19178	0.02932	0.02768	0.01654	0.12374	0.00362	0.03860	0.00828	0.00594	0.00874
20	0.00866	0.00695	0.00772	0.00753	0.00959	0.00602	0.00565	0.01092	0.01694	0.02168	0.29954	0.06057	0.48188	0.01613	0.00808	0.00225	0.00338	0.01370	0.00677	0.00602
21	0.01185	0.00666	0.00917	0.00916	0.00997	0.00656	0.00640	0.01164	0.01174	0.06101	0.06273	0.14879	0.05080	0.08425	0.10633	0.34457	0.00680	0.00947	0.03721	0.00489

[dist]
# distance from previous block
# <min> <max>
0	1

[block]
# block no. 3 follows, 31 sequences, length 6
# corresponding to MSA columns:
# 153-158
name=unknown_D
#
# <colnr> <probs for GDERKNQSTAVLIFYWHMCP>
#	G	D	E	R	K	N	Q	S	T	A	V	L	I	F	Y	W	H	M	C	P
0	0.01426	0.04507	0.05893	0.45111	0.03485	0.09561	0.01599	0.01753	0.01361	0.01675	0.01247	0.01870	0.01028	0.03844	0.04250	0.08825	0.00945	0.00592	0.00314	0.00714
1	0.59909	0.01184	0.00984	0.00877	0.01260	0.01327	0.00714	0.02040	0.01278	0.08513	0.01328	0.01474	0.01004	0.00682	0.00455	0.00202	0.00495	0.00445	0.15073	0.00756
2	0.01538	0.01070	0.01526	0.01356	0.01512	0.01302	0.01100	0.01754	0.01240	0.14610	0.01677	0.02219	0.01433	0.03013	0.35902	0.00666	0.26210	0.00679	0.00432	0.00759
3	0.01441	0.00962	0.01510	0.01293	0.01563	0.00986	0.08629	0.01726	0.01441	0.14806	0.09754	0.03051	0.07688	0.02998	0.35306	0.00642	0.04098	0.00839	0.00513	0.00755
4	0.15927	0.01110	0.01218	0.00969	0.01431	0.00958	0.00760	0.01642	0.01415	0.02384	0.08965	0.10181	0.01945	0.00812	0.00565	0.00154	0.00479	0.00663	0.00472	0.47951
5	0.35038	0.06659	0.01371	0.01101	0.01446	0.10791	0.00870	0.04865	0.03248	0.06702	0.01552	0.07642	0.01412	0.07497	0.06879	0.00320	0.00759	0.00629	0.00461	0.00757

[dist]
# distance from previous block
# <min> <max>
0	11

[block]
# block no. 4 follows, 31 sequences, length 25
# corresponding to MSA columns:
# 170-194
name=unknown_E
#
# <colnr> <probs for GDERKNQSTAVLIFYWHMCP>
#	G	D	E	R	K	N	Q	S	T	A	V	L	I	F	Y	W	H	M	C	P
0	0.00953	0.00681	0.00929	0.01075	0.01171	0.00657	0.00830	0.01166	0.01456	0.01929	0.07602	0.43224	0.04391	0.01995	0.00899	0.00290	0.00490	0.29029	0.00640	0.00592
1	0.02151	0.01959	0.06558	0.01534	0.02022	0.12260	0.03430	0.30583	0.11168	0.06546	0.05318	0.03787	0.01610	0.00998	0.03192	0.00235	0.00814	0.00672	0.00586	0.04577
2	0.04326	0.01342	0.01468	0.01295	0.01601	0.09256	0.03579	0.08004	0.07883	0.04821	0.11595	0.07006	0.04692	0.01662	0.10645	0.00339	0.04141	0.07493	0.00544	0.08309
3	0.01990	0.03882	0.05397	0.04019	0.05117	0.03372	0.03952	0.10834	0.08772	0.18813	0.02091	0.05020	0.01686	0.00886	0.00679	0.00204	0.00674	0.06957	0.00582	0.15071
4	0.01796	0.48935	0.07464	0.01492	0.02052	0.02335	0.09463	0.02188	0.05396	0.04967	0.01200	0.01382	0.01005	0.00672	0.00675	0.00182	0.07057	0.00485	0.00348	0.00905
5	0.01736	0.01547	0.02577	0.06275	0.60210	0.01557	0.01956	0.02185	0.03957	0.06262	0.01507	0.01994	0.01257	0.00686	0.00689	0.00210	0.00787	0.03159	0.00390	0.01060
6	0.04034	0.00722	0.00883	0.00903	0.01044	0.00681	0.00632	0.01396	0.01394	0.11308	0.05885	0.37776	0.07434	0.13325	0.01196	0.00310	0.00455	0.01383	0.08605	0.00635
7	0.01997	0.01571	0.02499	0.06517	0.32241	0.04226	0.11934	0.04345	0.05653	0.17097	0.01683	0.01900	0.01253	0.00740	0.00759	0.02611	0.00813	0.00659	0.00476	0.01027
8	0.00834	0.00595	0.00794	0.00953	0.00992	0.00556	0.00635	0.00953	0.01310	0.01746	0.03771	0.75510	0.04525	0.02143	0.00873	0.00278	0.00397	0.01945	0.00635	0.00556
9	0.04637	0.00975	0.01133	0.01068	0.01342	0.00980	0.00841	0.05259	0.13949	0.10604	0.13784	0.13097	0.17313	0.01419	0.00780	0.00242	0.00480	0.10629	0.00681	0.00787
10	0.10804	0.01112	0.01317	0.01188	0.01518	0.01129	0.00970	0.14224	0.01863	0.19841	0.02653	0.12631	0.02465	0.03854	0.00838	0.00260	0.00590	0.18428	0.03460	0.00855
11	0.00929	0.00676	0.00893	0.00901	0.01030	0.00640	0.00658	0.01186	0.01682	0.02345	0.45062	0.23048	0.07812	0.01956	0.07702	0.00316	0.00486	0.01379	0.00682	0.00617
12	0.00977	0.00733	0.01100	0.01100	0.01222	0.00855	0.00855	0.01222	0.01100	0.01588	0.01833	0.02688	0.01710	0.05131	0.73245	0.01100	0.01833	0.00733	0.00367	0.00611
13	0.01316	0.00771	0.00975	0.00968	0.01141	0.00727	0.00697	0.01603	0.05678	0.13860	0.13333	0.36611	0.06908	0.06827	0.00981	0.00274	0.00438	0.01402	0.04792	0.00699
14	0.01419	0.01216	0.01419	0.01013	0.01621	0.00912	0.00811	0.01723	0.01419	0.02229	0.01216	0.01419	0.01013	0.00507	0.00507	0.00101	0.00507	0.00405	0.00405	0.80139
15	0.01332	0.01094	0.01319	0.01243	0.01495	0.01270	0.00967	0.02405	0.35090	0.02212	0.02299	0.02621	0.01896	0.03071	0.37689	0.00674	0.01200	0.00753	0.00528	0.00842
16	0.00971	0.00667	0.00799	0.00800	0.00851	0.00647	0.00504	0.01076	0.01298	0.01777	0.22204	0.11932	0.03836	0.46968	0.02446	0.00495	0.00538	0.01162	0.00534	0.00495
17	0.00869	0.00634	0.00802	0.00898	0.00981	0.00586	0.00618	0.01019	0.01409	0.01866	0.12788	0.49099	0.13845	0.07818	0.01064	0.00295	0.00409	0.03806	0.00633	0.00562
18	0.00826	0.00678	0.00728	0.00749	0.00943	0.00580	0.00549	0.01003	0.01551	0.01908	0.11883	0.17596	0.55093	0.01771	0.00819	0.00237	0.00353	0.01507	0.00645	0.00580
19	0.01443	0.01238	0.01430	0.01045	0.01635	0.00979	0.00834	0.01885	0.07275	0.02283	0.01349	0.01515	0.01105	0.00542	0.00523	0.00112	0.00510	0.00437	0.00430	0.73432
20	0.03544	0.00828	0.01006	0.01015	0.01169	0.00825	0.00718	0.05007	0.07317	0.08956	0.05914	0.43647	0.03558	0.11770	0.01168	0.00311	0.00483	0.01450	0.00633	0.00682
21	0.01210	0.01106	0.01828	0.61268	0.04051	0.01349	0.01675	0.01607	0.01358	0.01748	0.01670	0.14926	0.01554	0.00943	0.00718	0.00237	0.00820	0.00846	0.00363	0.00724
22	0.00862	0.00607	0.00785	0.00916	0.00949	0.00575	0.00596	0.00960	0.01254	0.01672	0.03484	0.62880	0.04163	0.15268	0.01337	0.00346	0.00444	0.01776	0.00596	0.00531
23	0.01110	0.00651	0.00723	0.00729	0.00852	0.00633	0.00513	0.01348	0.01439	0.02263	0.14846	0.10422	0.05810	0.14433	0.01122	0.00273	0.00389	0.00964	0.40889	0.00589
24	0.01008	0.00703	0.00842	0.00864	0.00933	0.00689	0.00576	0.02915	0.01312	0.01753	0.11525	0.17065	0.07004	0.41011	0.02243	0.00473	0.00558	0.07474	0.00534	0.00517

[dist]
# distance from previous block
# <min> <max>
0	5

# created by:
# /home/berkeley/.conda/envs/busco_data_prod/bin/msa2prfl.pl pipeline/OGs_align_augustus/4893/29152.fs
