[name]
unknown

[dist]
# distance from previous block
# <min> <max>
0	12

[block]
# block no. 0 follows, 32 sequences, length 18
# corresponding to MSA columns:
# 12-29
name=unknown_A
#
# <colnr> <probs for GDERKNQSTAVLIFYWHMCP>
#	G	D	E	R	K	N	Q	S	T	A	V	L	I	F	Y	W	H	M	C	P
0	0.01906	0.04425	0.06572	0.01439	0.01863	0.03527	0.03214	0.29419	0.03681	0.07591	0.03824	0.05347	0.05802	0.01099	0.00797	0.00230	0.04135	0.13615	0.00592	0.00922
1	0.07542	0.14705	0.29656	0.01876	0.10823	0.06690	0.01754	0.08558	0.04833	0.05650	0.01313	0.01462	0.00991	0.00662	0.00596	0.00196	0.00839	0.00503	0.00384	0.00969
2	0.06043	0.06094	0.05598	0.01953	0.11246	0.42275	0.01418	0.13506	0.01972	0.02223	0.01159	0.01333	0.00928	0.00686	0.00608	0.00183	0.01013	0.00478	0.00395	0.00887
3	0.06780	0.01910	0.02618	0.04833	0.25721	0.13654	0.18220	0.10382	0.05065	0.02400	0.01337	0.01625	0.01049	0.00649	0.00672	0.00204	0.00913	0.00611	0.00398	0.00956
4	0.00818	0.00584	0.00779	0.00934	0.00973	0.00545	0.00623	0.00934	0.01285	0.01713	0.03698	0.75981	0.04438	0.02102	0.00856	0.00273	0.00389	0.01908	0.00623	0.00545
5	0.00976	0.00651	0.00732	0.00732	0.00732	0.00651	0.00407	0.00976	0.00976	0.01301	0.02114	0.04391	0.02439	0.76419	0.03415	0.00651	0.00651	0.00976	0.00407	0.00407
6	0.00950	0.00686	0.00897	0.00844	0.01002	0.00633	0.00633	0.01266	0.01899	0.02691	0.71879	0.05012	0.06331	0.01372	0.00791	0.00211	0.00317	0.01213	0.00739	0.00633
7	0.01778	0.05156	0.01683	0.01425	0.04330	0.04045	0.03304	0.07441	0.37760	0.09945	0.07774	0.04640	0.05854	0.00956	0.00687	0.00216	0.00582	0.00803	0.00641	0.00978
8	0.01453	0.20962	0.56387	0.01730	0.02622	0.01820	0.02162	0.02097	0.01404	0.01995	0.01139	0.01335	0.00853	0.00622	0.00588	0.00196	0.00926	0.00463	0.00284	0.00961
9	0.01472	0.24137	0.53382	0.01697	0.02571	0.01867	0.02104	0.02092	0.01402	0.01971	0.01128	0.01321	0.00853	0.00620	0.00579	0.00193	0.00914	0.00457	0.00284	0.00955
10	0.04630	0.26124	0.41039	0.01538	0.02283	0.01815	0.01817	0.01987	0.01373	0.01941	0.01272	0.01755	0.01079	0.04532	0.00719	0.00218	0.00851	0.03822	0.00313	0.00892
11	0.12898	0.40392	0.23848	0.01490	0.05602	0.02111	0.01532	0.02041	0.01356	0.01976	0.01031	0.01210	0.00849	0.00601	0.00502	0.00176	0.00775	0.00413	0.00306	0.00891
12	0.01589	0.39740	0.16992	0.04259	0.06303	0.01946	0.01415	0.01956	0.01488	0.04588	0.12116	0.01866	0.01753	0.00726	0.00561	0.00177	0.00717	0.00555	0.00380	0.00871
13	0.04546	0.19129	0.06568	0.01155	0.01584	0.04107	0.03607	0.01941	0.05949	0.09813	0.15400	0.05298	0.12559	0.00992	0.00644	0.00194	0.00584	0.00812	0.00529	0.04589
14	0.01421	0.03721	0.08092	0.08491	0.01917	0.06491	0.05366	0.03710	0.01683	0.08087	0.22716	0.11416	0.05782	0.01130	0.00729	0.00216	0.00629	0.04036	0.00555	0.03813
15	0.01385	0.10374	0.13560	0.01377	0.01820	0.06093	0.04715	0.01899	0.08336	0.02073	0.06829	0.11239	0.02380	0.01102	0.00701	0.00217	0.00689	0.14533	0.00480	0.10199
16	0.03492	0.17978	0.12958	0.01690	0.05376	0.04106	0.12184	0.06611	0.05665	0.03879	0.03849	0.02300	0.03664	0.00795	0.00642	0.00198	0.00777	0.06429	0.00425	0.06982
17	0.06770	0.15197	0.04156	0.03979	0.01936	0.12183	0.03884	0.20576	0.04011	0.02543	0.03908	0.04117	0.03968	0.03665	0.00768	0.00210	0.03157	0.00625	0.00469	0.03878

[dist]
# distance from previous block
# <min> <max>
1	50

[block]
# block no. 1 follows, 32 sequences, length 75
# corresponding to MSA columns:
# 97-171
name=unknown_B
#
# <colnr> <probs for GDERKNQSTAVLIFYWHMCP>
#	G	D	E	R	K	N	Q	S	T	A	V	L	I	F	Y	W	H	M	C	P
0	0.05033	0.13552	0.26419	0.01409	0.02055	0.01570	0.01487	0.08979	0.05732	0.09582	0.01684	0.01850	0.03692	0.03680	0.02740	0.00231	0.00773	0.00562	0.00439	0.08531
1	0.01738	0.18230	0.17247	0.06172	0.04629	0.15129	0.01440	0.04412	0.01593	0.06850	0.03711	0.02036	0.07573	0.01046	0.05205	0.00245	0.00896	0.00598	0.00398	0.00853
2	0.08795	0.17217	0.24188	0.01629	0.06423	0.03773	0.06162	0.04391	0.01498	0.04439	0.01956	0.06229	0.08943	0.00831	0.00619	0.00202	0.00768	0.00673	0.00394	0.00871
3	0.04115	0.33827	0.22557	0.01548	0.04259	0.04860	0.03764	0.07004	0.01569	0.06459	0.01201	0.01343	0.00940	0.00628	0.00549	0.00177	0.00809	0.00460	0.00360	0.03571
4	0.08532	0.27211	0.35954	0.01507	0.02234	0.04301	0.01724	0.04790	0.01445	0.02061	0.01136	0.01387	0.00914	0.03423	0.00653	0.00204	0.00845	0.00459	0.00318	0.00903
5	0.01785	0.37641	0.26782	0.01475	0.02159	0.09186	0.01603	0.02239	0.03500	0.06273	0.01195	0.01323	0.00942	0.00633	0.00541	0.00176	0.00845	0.00444	0.00337	0.00921
6	0.01794	0.76823	0.03516	0.01148	0.01722	0.02655	0.01148	0.02009	0.01363	0.01579	0.00933	0.01076	0.00861	0.00574	0.00431	0.00144	0.00718	0.00359	0.00287	0.00861
7	0.01489	0.01190	0.01401	0.01006	0.01598	0.00900	0.00807	0.01785	0.01423	0.06457	0.01281	0.01445	0.01034	0.00517	0.00508	0.00106	0.00501	0.00414	0.00424	0.75713
8	0.00904	0.00684	0.00833	0.00796	0.00974	0.00613	0.00597	0.01177	0.01790	0.02432	0.52701	0.05438	0.25671	0.01468	0.00792	0.00216	0.00323	0.01273	0.00705	0.00613
9	0.00907	0.00687	0.00838	0.00808	0.00987	0.00618	0.00611	0.01180	0.01778	0.02408	0.50337	0.05524	0.25731	0.01485	0.00796	0.00219	0.00333	0.03438	0.00700	0.00613
10	0.01665	0.02299	0.23242	0.05116	0.13982	0.06314	0.19899	0.08455	0.05896	0.02315	0.01363	0.01646	0.01032	0.00665	0.00735	0.00214	0.03205	0.00619	0.00371	0.00967
11	0.01434	0.03354	0.67743	0.01885	0.02844	0.01597	0.02391	0.07100	0.01544	0.02279	0.01234	0.01431	0.00871	0.00650	0.00640	0.00212	0.00973	0.00504	0.00312	0.01003
12	0.00845	0.00670	0.00713	0.00720	0.00880	0.00597	0.00504	0.00975	0.01368	0.01676	0.05338	0.08833	0.49533	0.19613	0.04499	0.00365	0.00477	0.01303	0.00560	0.00529
13	0.01554	0.01188	0.01408	0.01014	0.01602	0.00904	0.00814	0.01848	0.01444	0.09260	0.01339	0.01481	0.01061	0.00530	0.00515	0.00110	0.00504	0.00425	0.00441	0.72557
14	0.00818	0.00625	0.00752	0.00837	0.00951	0.00559	0.00583	0.00968	0.01416	0.01818	0.09674	0.46157	0.28614	0.01907	0.00829	0.00252	0.00366	0.01683	0.00631	0.00559
15	0.02422	0.03052	0.01872	0.01743	0.03685	0.68926	0.01277	0.02593	0.01854	0.01641	0.01088	0.01355	0.00936	0.03886	0.00725	0.00194	0.01177	0.00459	0.00348	0.00769
16	0.00838	0.00631	0.00765	0.00852	0.00957	0.00573	0.00595	0.00984	0.01387	0.01786	0.08428	0.43460	0.25010	0.06460	0.00992	0.00280	0.00396	0.04440	0.00616	0.00551
17	0.07534	0.01272	0.01470	0.01233	0.01646	0.01319	0.00982	0.12511	0.22010	0.28201	0.05305	0.09454	0.02095	0.00982	0.00681	0.00219	0.00552	0.00810	0.00713	0.01012
18	0.49065	0.01552	0.01395	0.03817	0.01658	0.10515	0.03663	0.04316	0.01352	0.02603	0.03306	0.01499	0.03120	0.00753	0.00691	0.00215	0.08834	0.00488	0.00411	0.00748
19	0.28022	0.01698	0.03511	0.08343	0.16125	0.12117	0.05438	0.02246	0.07389	0.05167	0.01361	0.03407	0.01094	0.00699	0.00588	0.00207	0.00757	0.00555	0.00415	0.00861
20	0.03908	0.33117	0.04826	0.01181	0.01756	0.06457	0.01072	0.07748	0.01557	0.02092	0.01103	0.01259	0.00930	0.00576	0.00494	0.00138	0.00673	0.00404	0.00368	0.30339
21	0.01267	0.02205	0.39315	0.01559	0.06399	0.01185	0.01635	0.01776	0.01345	0.02057	0.01646	0.04717	0.01427	0.13135	0.01067	0.00274	0.00763	0.00656	0.16762	0.00809
22	0.01759	0.08906	0.01800	0.01285	0.01736	0.12255	0.03470	0.11104	0.03682	0.05091	0.05360	0.06278	0.03881	0.00810	0.00664	0.00169	0.03475	0.00637	0.00474	0.27164
23	0.00814	0.00597	0.00765	0.00899	0.00964	0.00548	0.00607	0.00938	0.01319	0.01727	0.04130	0.66294	0.13846	0.02046	0.00848	0.00266	0.00382	0.01839	0.00623	0.00548
24	0.01417	0.01394	0.01958	0.01694	0.01706	0.01934	0.01406	0.01573	0.01033	0.01609	0.00972	0.01584	0.00960	0.01557	0.09304	0.00371	0.67907	0.00600	0.00300	0.00721
25	0.00923	0.00687	0.00810	0.00788	0.00976	0.00606	0.00588	0.01160	0.01694	0.03977	0.36908	0.10830	0.34511	0.01554	0.00794	0.00222	0.00338	0.01339	0.00682	0.00610
26	0.00869	0.00609	0.00760	0.00858	0.00890	0.00581	0.00547	0.00949	0.01190	0.01579	0.03276	0.49727	0.06083	0.26872	0.01708	0.00397	0.00475	0.01580	0.00551	0.00500
27	0.01584	0.01810	0.03959	0.02828	0.03507	0.01697	0.69796	0.02149	0.01584	0.02149	0.01357	0.01810	0.01018	0.00566	0.00792	0.00226	0.01131	0.00792	0.00339	0.00905
28	0.00971	0.00730	0.01057	0.01054	0.01152	0.00844	0.00799	0.01174	0.01073	0.01535	0.01885	0.05903	0.01858	0.13288	0.59932	0.00967	0.04029	0.00795	0.00374	0.00578
29	0.01908	0.00960	0.01237	0.01020	0.01403	0.00816	0.00804	0.02156	0.01710	0.33514	0.14326	0.12218	0.09599	0.01108	0.00699	0.00200	0.00471	0.00944	0.00696	0.14210
30	0.05471	0.03005	0.01877	0.01680	0.02046	0.64416	0.01273	0.08845	0.01988	0.01932	0.01086	0.01242	0.00885	0.00699	0.00604	0.00177	0.01141	0.00445	0.00378	0.00809
31	0.01595	0.01527	0.02605	0.15879	0.60985	0.01577	0.02027	0.02002	0.01497	0.02113	0.01251	0.01682	0.01035	0.00610	0.00665	0.00203	0.00813	0.00598	0.00326	0.01010
32	0.01780	0.01311	0.01471	0.01129	0.01650	0.03801	0.00899	0.09214	0.06042	0.12944	0.01698	0.06161	0.01381	0.00710	0.00580	0.00148	0.00556	0.00577	0.00521	0.47427
33	0.01503	0.01439	0.02475	0.26829	0.45601	0.01530	0.04369	0.01914	0.01462	0.02021	0.01322	0.04119	0.01116	0.00669	0.00677	0.00210	0.00827	0.00647	0.00331	0.00938
34	0.01288	0.01157	0.01863	0.07554	0.37807	0.01155	0.01438	0.01589	0.01470	0.02031	0.07051	0.23660	0.06833	0.01158	0.00737	0.00225	0.00625	0.01069	0.00459	0.00832
35	0.01095	0.00857	0.00986	0.00968	0.01170	0.00856	0.00722	0.05794	0.13032	0.02293	0.18777	0.24560	0.21341	0.01560	0.00788	0.00237	0.00413	0.03197	0.00660	0.00693
36	0.61923	0.01385	0.01148	0.00992	0.01422	0.05815	0.00809	0.02255	0.01332	0.15801	0.01257	0.01318	0.00908	0.00665	0.00475	0.00205	0.00571	0.00425	0.00488	0.00807
37	0.05771	0.01565	0.02390	0.25016	0.26081	0.05961	0.08686	0.03668	0.01458	0.02032	0.01182	0.01633	0.00957	0.00700	0.00852	0.00220	0.10026	0.00594	0.00332	0.00876
38	0.01657	0.10999	0.02551	0.22312	0.38467	0.08913	0.01818	0.02023	0.01495	0.01934	0.01180	0.01577	0.00973	0.00624	0.00631	0.00196	0.00854	0.00551	0.00319	0.00925
39	0.01611	0.01044	0.01289	0.03951	0.01569	0.00911	0.00855	0.04333	0.03482	0.16817	0.04466	0.09912	0.09014	0.03781	0.00758	0.00200	0.00520	0.04841	0.00569	0.30077
40	0.02120	0.03465	0.06270	0.01143	0.01571	0.01014	0.00985	0.06513	0.01884	0.37771	0.18961	0.07587	0.05662	0.01050	0.00708	0.00211	0.00534	0.00883	0.00724	0.00943
41	0.01483	0.20898	0.32196	0.01716	0.06607	0.07051	0.03772	0.01939	0.01430	0.01892	0.01542	0.13565	0.01460	0.00861	0.00626	0.00202	0.00834	0.00704	0.00349	0.00872
42	0.01456	0.01463	0.01969	0.03566	0.01795	0.04317	0.01419	0.01610	0.01081	0.01624	0.01071	0.06148	0.01104	0.01204	0.02026	0.00287	0.66157	0.00665	0.00316	0.00724
43	0.01370	0.01170	0.01369	0.00992	0.01567	0.00882	0.00789	0.01662	0.01387	0.02169	0.01285	0.04146	0.01121	0.00556	0.00510	0.00106	0.00493	0.00453	0.00406	0.77567
44	0.01343	0.00960	0.01123	0.00935	0.01235	0.00853	0.00676	0.06087	0.01379	0.06362	0.02049	0.08014	0.04400	0.28709	0.04062	0.00365	0.00604	0.00794	0.00469	0.29577
45	0.01002	0.00711	0.00831	0.00785	0.01000	0.00622	0.00594	0.01242	0.01718	0.06654	0.35369	0.05555	0.38470	0.01500	0.00785	0.00219	0.00344	0.01280	0.00687	0.00632
46	0.14346	0.01556	0.01689	0.01431	0.04639	0.03839	0.01113	0.30662	0.07310	0.21168	0.01895	0.04327	0.01379	0.00825	0.00638	0.00207	0.00652	0.00637	0.00649	0.01038
47	0.09670	0.07270	0.12100	0.01736	0.06581	0.03885	0.12723	0.02613	0.01655	0.32461	0.01802	0.01807	0.01229	0.00702	0.00644	0.00205	0.00765	0.00604	0.00545	0.01004
48	0.01996	0.00940	0.01225	0.01015	0.01360	0.00848	0.00808	0.04597	0.01909	0.35943	0.29950	0.03503	0.06128	0.01072	0.00713	0.00206	0.00453	0.00909	0.05536	0.00889
49	0.01267	0.01193	0.02013	0.74806	0.04621	0.01491	0.01863	0.01714	0.01342	0.01714	0.01193	0.01789	0.00894	0.00671	0.00671	0.00224	0.00894	0.00596	0.00298	0.00745
50	0.00959	0.00716	0.01066	0.01066	0.01181	0.00832	0.00823	0.01190	0.01075	0.01548	0.01809	0.02699	0.01705	0.07607	0.71223	0.01063	0.01756	0.00728	0.00361	0.00592
51	0.01615	0.01566	0.02728	0.11321	0.60950	0.01590	0.06294	0.02029	0.01512	0.02140	0.01261	0.01683	0.01043	0.00603	0.00673	0.00203	0.00828	0.00610	0.00329	0.01020
52	0.04423	0.06517	0.16776	0.01766	0.09663	0.05158	0.04162	0.09453	0.12521	0.07155	0.01558	0.01660	0.01173	0.00677	0.00614	0.00187	0.00743	0.00550	0.00458	0.14787
53	0.01790	0.01973	0.08533	0.03314	0.48939	0.12357	0.01897	0.02224	0.03877	0.04030	0.01296	0.01610	0.01057	0.00653	0.00711	0.00201	0.03608	0.00571	0.00354	0.01004
54	0.02551	0.01879	0.02014	0.01544	0.02081	0.02081	0.01275	0.69996	0.03155	0.04229	0.01611	0.01611	0.01141	0.00805	0.00671	0.00201	0.00738	0.00604	0.00671	0.01141
55	0.02400	0.04163	0.01901	0.01482	0.01903	0.12567	0.01209	0.33888	0.02334	0.15763	0.01628	0.01690	0.01185	0.00919	0.02385	0.00225	0.09597	0.00585	0.03175	0.01002
56	0.00881	0.00639	0.00834	0.00904	0.01006	0.00593	0.00648	0.01086	0.01541	0.02094	0.28693	0.41258	0.09572	0.01794	0.00833	0.00249	0.00374	0.05756	0.00665	0.00583
57	0.01115	0.00583	0.00860	0.00883	0.00889	0.00577	0.00589	0.00883	0.00934	0.01245	0.01534	0.12796	0.01642	0.02298	0.02365	0.68810	0.00555	0.00775	0.00340	0.00328
58	0.01355	0.03405	0.70212	0.01949	0.02928	0.01564	0.05144	0.02126	0.01423	0.02126	0.01210	0.01432	0.00857	0.00635	0.00644	0.00213	0.00997	0.00508	0.00286	0.00988
59	0.00823	0.00610	0.00772	0.00897	0.00977	0.00558	0.00619	0.00958	0.01343	0.01744	0.04296	0.59683	0.17561	0.02014	0.00847	0.00265	0.00389	0.04469	0.00623	0.00552
60	0.01755	0.70386	0.09608	0.01215	0.01826	0.02559	0.01265	0.02019	0.01368	0.01627	0.00957	0.01106	0.00860	0.00580	0.00449	0.00150	0.00742	0.00371	0.00287	0.00873
61	0.00934	0.00751	0.00837	0.00830	0.01038	0.00694	0.00636	0.01280	0.07166	0.02071	0.19168	0.05878	0.42715	0.04740	0.00909	0.00250	0.00394	0.08447	0.00642	0.00619
62	0.01391	0.01193	0.01391	0.00994	0.01590	0.00894	0.00795	0.01690	0.01391	0.02186	0.01193	0.01391	0.00994	0.00497	0.00497	0.00099	0.00497	0.00398	0.00398	0.80521
63	0.00915	0.00625	0.00822	0.00916	0.01001	0.00577	0.00632	0.01075	0.01426	0.04321	0.15920	0.57899	0.07530	0.01912	0.00836	0.00257	0.00380	0.01721	0.00651	0.00582
64	0.02075	0.47768	0.02879	0.01377	0.01861	0.30702	0.01207	0.02274	0.01576	0.01604	0.00974	0.01129	0.00862	0.00620	0.00499	0.00155	0.00912	0.00388	0.00310	0.00828
65	0.01553	0.13152	0.32167	0.01556	0.02221	0.01744	0.01670	0.04640	0.27215	0.02379	0.03943	0.01887	0.01474	0.00757	0.00630	0.00208	0.00753	0.00599	0.00457	0.00992
66	0.06551	0.13005	0.18048	0.01923	0.06667	0.05696	0.14697	0.10773	0.07663	0.04354	0.01385	0.01571	0.01053	0.00680	0.00680	0.00204	0.03116	0.00572	0.00407	0.00954
67	0.02058	0.01029	0.01317	0.01081	0.01449	0.00961	0.00867	0.09900	0.01994	0.34596	0.25563	0.03383	0.07557	0.01230	0.03671	0.00244	0.00541	0.00893	0.00750	0.00916
68	0.00976	0.00651	0.00732	0.00732	0.00732	0.00651	0.00407	0.00976	0.00976	0.01301	0.02114	0.04391	0.02439	0.76419	0.03415	0.00651	0.00651	0.00976	0.00407	0.00407
69	0.00969	0.00679	0.00877	0.00877	0.00927	0.00729	0.00587	0.01069	0.01019	0.01408	0.01982	0.03657	0.02121	0.46563	0.32835	0.00829	0.01130	0.00868	0.00387	0.00487
70	0.02347	0.19714	0.02264	0.01598	0.01995	0.57782	0.01263	0.02529	0.01781	0.01628	0.01014	0.01180	0.00864	0.00665	0.00566	0.00166	0.01100	0.00416	0.00333	0.00797
71	0.01728	0.01659	0.04802	0.05528	0.51790	0.01614	0.09064	0.06251	0.04441	0.04516	0.01392	0.01723	0.01110	0.00630	0.00679	0.00205	0.00819	0.00624	0.00381	0.01042
72	0.04014	0.34370	0.09292	0.01519	0.02041	0.22848	0.05430	0.04143	0.01587	0.04359	0.01092	0.01266	0.00904	0.00656	0.00612	0.00175	0.04044	0.00447	0.00341	0.00861
73	0.01504	0.01435	0.02441	0.32193	0.45380	0.01553	0.01981	0.01922	0.01454	0.02002	0.01235	0.01712	0.00996	0.00627	0.00667	0.00209	0.00836	0.00597	0.00319	0.00937
74	0.02752	0.04057	0.01596	0.01191	0.01684	0.03489	0.00982	0.04581	0.04288	0.59242	0.02769	0.02457	0.06021	0.00873	0.00671	0.00206	0.00586	0.00703	0.00772	0.01080

[dist]
# distance from previous block
# <min> <max>
0	5

[block]
# block no. 2 follows, 32 sequences, length 20
# corresponding to MSA columns:
# 177-196
name=unknown_C
#
# <colnr> <probs for GDERKNQSTAVLIFYWHMCP>
#	G	D	E	R	K	N	Q	S	T	A	V	L	I	F	Y	W	H	M	C	P
0	0.05404	0.09629	0.41174	0.02051	0.11803	0.05911	0.04558	0.02226	0.01490	0.07849	0.01287	0.01475	0.00947	0.00642	0.00618	0.00202	0.00902	0.00512	0.00347	0.00973
1	0.12133	0.27262	0.25781	0.01591	0.06285	0.04490	0.01593	0.06686	0.01526	0.05359	0.01168	0.01320	0.00907	0.00634	0.00544	0.00186	0.00799	0.00452	0.00358	0.00927
2	0.05801	0.26005	0.17567	0.01707	0.06233	0.14863	0.04998	0.09375	0.03806	0.02158	0.01176	0.01344	0.00938	0.00647	0.00570	0.00183	0.00876	0.00475	0.00361	0.00917
3	0.01166	0.00583	0.00874	0.00874	0.00874	0.00583	0.00583	0.00874	0.00874	0.01166	0.01166	0.02040	0.01166	0.02331	0.02622	0.80478	0.00583	0.00583	0.00291	0.00291
4	0.10605	0.19591	0.17253	0.01608	0.04691	0.27033	0.01468	0.04142	0.01615	0.04718	0.01124	0.01280	0.00891	0.00651	0.00558	0.00181	0.00924	0.00442	0.00354	0.00871
5	0.25258	0.16691	0.05846	0.01552	0.09379	0.07681	0.01213	0.13786	0.01722	0.09303	0.01270	0.01379	0.00967	0.00668	0.00541	0.00190	0.00713	0.00471	0.00451	0.00918
6	0.01703	0.00981	0.01168	0.01009	0.01294	0.05092	0.00786	0.01993	0.01906	0.25069	0.45475	0.03912	0.04509	0.01158	0.00743	0.00208	0.00451	0.00994	0.00745	0.00805
7	0.02205	0.16874	0.06513	0.01713	0.05413	0.29021	0.07366	0.02542	0.03999	0.13908	0.01401	0.01502	0.01065	0.00675	0.00604	0.00181	0.00923	0.00513	0.00425	0.03157
8	0.01142	0.00907	0.01222	0.01089	0.01287	0.00946	0.04308	0.01517	0.06859	0.04853	0.29991	0.06779	0.17584	0.04045	0.05375	0.00294	0.09425	0.01090	0.00603	0.00685
9	0.01584	0.01810	0.03959	0.02828	0.03507	0.01697	0.69796	0.02149	0.01584	0.02149	0.01357	0.01810	0.01018	0.00566	0.00792	0.00226	0.01131	0.00792	0.00339	0.00905
10	0.01679	0.01429	0.01521	0.01361	0.01736	0.01650	0.01062	0.06727	0.64381	0.02818	0.02632	0.02466	0.01986	0.01099	0.04126	0.00266	0.00601	0.00749	0.00667	0.01044
11	0.00824	0.00589	0.00785	0.00930	0.00975	0.00550	0.00623	0.00951	0.01316	0.01763	0.07197	0.72339	0.04535	0.02065	0.00853	0.00269	0.00386	0.01872	0.00629	0.00550
12	0.01511	0.01441	0.02452	0.31090	0.46435	0.01555	0.01985	0.01928	0.01457	0.02010	0.01236	0.01710	0.00999	0.00626	0.00667	0.00209	0.00834	0.00597	0.00319	0.00942
13	0.81159	0.01298	0.00986	0.00882	0.01298	0.01505	0.00727	0.01972	0.01142	0.03010	0.00934	0.01090	0.00727	0.00623	0.00415	0.00208	0.00519	0.00363	0.00415	0.00727
14	0.00950	0.00686	0.00897	0.00844	0.01002	0.00633	0.00633	0.01266	0.01899	0.02691	0.71879	0.05012	0.06331	0.01372	0.00791	0.00211	0.00317	0.01213	0.00739	0.00633
15	0.56750	0.01397	0.01255	0.01049	0.01500	0.01563	0.00865	0.15717	0.01631	0.11005	0.01260	0.01327	0.00913	0.00682	0.00495	0.00206	0.00569	0.00446	0.00513	0.00856
16	0.00950	0.00686	0.00897	0.00844	0.01002	0.00633	0.00633	0.01266	0.01899	0.02691	0.71879	0.05012	0.06331	0.01372	0.00791	0.00211	0.00317	0.01213	0.00739	0.00633
17	0.06810	0.08306	0.21953	0.01796	0.10558	0.06715	0.03478	0.08305	0.01578	0.02273	0.01247	0.01504	0.00993	0.00969	0.06409	0.00250	0.00887	0.00502	0.00367	0.15101
18	0.02460	0.02978	0.01918	0.04745	0.02181	0.63319	0.01318	0.09598	0.02008	0.01913	0.01103	0.01276	0.00894	0.00702	0.00615	0.00178	0.01148	0.00457	0.00377	0.00814
19	0.01836	0.21155	0.30818	0.01650	0.04960	0.10187	0.01705	0.05888	0.01617	0.09831	0.01470	0.01577	0.03126	0.00689	0.00594	0.00190	0.00862	0.00512	0.00385	0.00949

[dist]
# distance from previous block
# <min> <max>
0	1

[block]
# block no. 3 follows, 32 sequences, length 42
# corresponding to MSA columns:
# 198-239
name=unknown_D
#
# <colnr> <probs for GDERKNQSTAVLIFYWHMCP>
#	G	D	E	R	K	N	Q	S	T	A	V	L	I	F	Y	W	H	M	C	P
0	0.70357	0.01250	0.00997	0.00900	0.01287	0.01434	0.00731	0.04371	0.01234	0.02955	0.01177	0.05821	0.01009	0.00727	0.00454	0.00210	0.00511	0.00478	0.03370	0.00727
1	0.01530	0.01724	0.03737	0.02695	0.03329	0.01616	0.64952	0.02064	0.01563	0.02119	0.01521	0.07004	0.01258	0.00673	0.00796	0.00229	0.01079	0.00870	0.00359	0.00880
2	0.00959	0.00719	0.01078	0.01078	0.01198	0.00839	0.00839	0.01198	0.01078	0.01558	0.01797	0.02636	0.01677	0.05032	0.73760	0.01078	0.01797	0.00719	0.00359	0.00599
3	0.02240	0.00992	0.01324	0.01077	0.01465	0.00886	0.00865	0.02577	0.04315	0.45689	0.26958	0.03249	0.03314	0.01023	0.00716	0.00210	0.00480	0.00867	0.00793	0.00960
4	0.45410	0.01226	0.01247	0.01025	0.01488	0.01268	0.00845	0.02566	0.01498	0.34889	0.01718	0.01636	0.01154	0.00718	0.00534	0.00208	0.00543	0.00506	0.00605	0.00917
5	0.00945	0.00657	0.00792	0.00839	0.00890	0.00639	0.00555	0.01038	0.01201	0.01590	0.07243	0.18807	0.07695	0.43144	0.02274	0.00480	0.00555	0.09664	0.00510	0.00484
6	0.01095	0.00848	0.03309	0.01046	0.01231	0.00773	0.00877	0.03755	0.01683	0.02330	0.29076	0.05647	0.04367	0.06749	0.01002	0.00279	0.00503	0.29065	0.05726	0.00640
7	0.02057	0.01516	0.04594	0.01966	0.15551	0.01527	0.03847	0.20141	0.02027	0.17894	0.10729	0.02187	0.01861	0.00874	0.00878	0.00216	0.09865	0.00698	0.00575	0.00996
8	0.01865	0.44135	0.14403	0.01504	0.02101	0.18030	0.05667	0.02184	0.01504	0.01716	0.01026	0.01206	0.00870	0.00610	0.00525	0.00166	0.00896	0.00424	0.00303	0.00867
9	0.44316	0.09045	0.01622	0.01549	0.12737	0.09134	0.01076	0.02006	0.01345	0.02493	0.01258	0.01838	0.01121	0.00744	0.00527	0.00206	0.00666	0.07126	0.00402	0.00788
10	0.01529	0.02191	0.19798	0.02618	0.03368	0.01665	0.54340	0.02144	0.01545	0.02144	0.01322	0.01720	0.00979	0.00582	0.00756	0.00223	0.01099	0.00724	0.00326	0.00925
11	0.01103	0.00702	0.00897	0.00918	0.01082	0.00636	0.00681	0.01308	0.01565	0.09645	0.20113	0.32446	0.17394	0.01696	0.00815	0.00245	0.00402	0.07039	0.00672	0.00640
12	0.00959	0.00719	0.01078	0.01078	0.01198	0.00839	0.00839	0.01198	0.01078	0.01558	0.01797	0.02636	0.01677	0.05032	0.73760	0.01078	0.01797	0.00719	0.00359	0.00599
13	0.00827	0.00591	0.00790	0.00945	0.00988	0.00553	0.00640	0.00951	0.01294	0.01724	0.03693	0.73484	0.04417	0.02093	0.00859	0.00274	0.00398	0.04309	0.00623	0.00548
14	0.01333	0.00906	0.01092	0.01027	0.01265	0.00898	0.00791	0.06111	0.11757	0.09590	0.24734	0.17037	0.12499	0.01423	0.00779	0.00233	0.00441	0.06638	0.00691	0.00754
15	0.01443	0.01238	0.01495	0.01210	0.06122	0.00974	0.00890	0.03718	0.01452	0.02247	0.01209	0.01415	0.01003	0.00512	0.00513	0.00109	0.00523	0.00416	0.00401	0.73109
16	0.00921	0.00687	0.00857	0.00821	0.00994	0.00623	0.00620	0.01206	0.01811	0.02486	0.56183	0.05391	0.20062	0.01455	0.00796	0.00217	0.00330	0.03210	0.00711	0.00619
17	0.01579	0.09329	0.36781	0.04990	0.16749	0.04047	0.06101	0.06430	0.01556	0.02179	0.01211	0.01480	0.00926	0.00650	0.00685	0.00205	0.03271	0.00533	0.00325	0.00975
18	0.01947	0.08694	0.02162	0.13200	0.21631	0.01613	0.01467	0.07567	0.15976	0.16218	0.01820	0.01916	0.01344	0.00732	0.00649	0.00205	0.00701	0.00623	0.00518	0.01016
19	0.00964	0.00740	0.00889	0.00842	0.01033	0.00693	0.00634	0.01360	0.06869	0.02483	0.50796	0.05184	0.22173	0.01419	0.00784	0.00216	0.00338	0.01230	0.00706	0.00648
20	0.02798	0.01195	0.01548	0.01211	0.01705	0.01102	0.00992	0.07182	0.08386	0.59733	0.02578	0.02272	0.01668	0.00835	0.00668	0.00207	0.00568	0.00677	0.03558	0.01117
21	0.01584	0.01810	0.03959	0.02828	0.03507	0.01697	0.69796	0.02149	0.01584	0.02149	0.01357	0.01810	0.01018	0.00566	0.00792	0.00226	0.01131	0.00792	0.00339	0.00905
22	0.00908	0.00653	0.00875	0.00992	0.01086	0.00620	0.00742	0.01109	0.01460	0.01952	0.14792	0.44313	0.06626	0.01906	0.00863	0.00271	0.00436	0.19176	0.00640	0.00579
23	0.01380	0.01308	0.02216	0.54576	0.23972	0.01520	0.01919	0.01813	0.01395	0.01851	0.01213	0.01752	0.00943	0.00650	0.00669	0.00217	0.00867	0.00597	0.00308	0.00836
24	0.01391	0.01193	0.01391	0.00994	0.01590	0.00894	0.00795	0.01690	0.01391	0.02186	0.01193	0.01391	0.00994	0.00497	0.00497	0.00099	0.00497	0.00398	0.00398	0.80521
25	0.01053	0.00802	0.00976	0.00962	0.01051	0.02773	0.00675	0.01292	0.05529	0.01527	0.01976	0.03362	0.02015	0.36085	0.36141	0.00811	0.01196	0.00827	0.00401	0.00549
26	0.00976	0.00651	0.00732	0.00732	0.00732	0.00651	0.00407	0.00976	0.00976	0.01301	0.02114	0.04391	0.02439	0.76419	0.03415	0.00651	0.00651	0.00976	0.00407	0.00407
27	0.01689	0.01662	0.02532	0.08955	0.57611	0.06447	0.01924	0.02181	0.06406	0.02163	0.01345	0.01699	0.01106	0.00631	0.00662	0.00201	0.00813	0.00598	0.00355	0.01020
28	0.01010	0.00794	0.01176	0.01147	0.01255	0.00961	0.00902	0.01240	0.01073	0.01563	0.01705	0.02519	0.01598	0.04645	0.66584	0.01000	0.09158	0.00706	0.00353	0.00613
29	0.00795	0.00674	0.00686	0.00696	0.00911	0.00565	0.00517	0.00961	0.01514	0.01806	0.06599	0.10904	0.67643	0.01725	0.00797	0.00230	0.00343	0.01448	0.00623	0.00565
30	0.01794	0.76823	0.03516	0.01148	0.01722	0.02655	0.01148	0.02009	0.01363	0.01579	0.00933	0.01076	0.00861	0.00574	0.00431	0.00144	0.00718	0.00359	0.00287	0.00861
31	0.07610	0.21048	0.02504	0.01672	0.07034	0.01923	0.09647	0.21470	0.06238	0.09600	0.01573	0.04077	0.01236	0.00741	0.00613	0.00194	0.00729	0.00607	0.00503	0.00980
32	0.07371	0.01236	0.05103	0.01267	0.03688	0.01131	0.03051	0.11582	0.01881	0.20489	0.18561	0.07610	0.09598	0.01088	0.00756	0.00217	0.02944	0.00906	0.00649	0.00872
33	0.03924	0.01895	0.02054	0.01642	0.02101	0.18188	0.11030	0.16669	0.08712	0.18546	0.01910	0.01927	0.03551	0.00801	0.00738	0.00207	0.03924	0.00643	0.00563	0.00972
34	0.01623	0.01421	0.02662	0.02087	0.04921	0.01392	0.34796	0.03565	0.03627	0.11085	0.06192	0.10460	0.03301	0.01046	0.03227	0.00259	0.06082	0.00911	0.00478	0.00865
35	0.01572	0.04958	0.09767	0.07284	0.20545	0.03892	0.20208	0.02292	0.13346	0.02235	0.05900	0.01998	0.01499	0.00701	0.00696	0.00212	0.00849	0.00691	0.00410	0.00948
36	0.01624	0.01484	0.02304	0.38278	0.19485	0.05727	0.08106	0.04098	0.03800	0.06601	0.01372	0.01778	0.01038	0.00668	0.00677	0.00214	0.00875	0.00616	0.00371	0.00883
37	0.01541	0.01638	0.07521	0.20941	0.48231	0.01571	0.04858	0.01985	0.01478	0.02071	0.01245	0.01681	0.01006	0.00617	0.00669	0.00207	0.00848	0.00598	0.00321	0.00975
38	0.01564	0.06504	0.08169	0.14854	0.11049	0.04210	0.37435	0.02058	0.01506	0.02010	0.01257	0.01686	0.00971	0.00615	0.00760	0.00217	0.03252	0.00671	0.00323	0.00889
39	0.01435	0.17794	0.42351	0.04718	0.02550	0.01725	0.05427	0.02116	0.06307	0.02055	0.03911	0.01761	0.03630	0.00704	0.00619	0.00201	0.00861	0.00563	0.00343	0.00928
40	0.01584	0.41512	0.28885	0.06657	0.02433	0.02132	0.04541	0.02037	0.01391	0.01812	0.01068	0.01282	0.00866	0.00604	0.00538	0.00178	0.00848	0.00444	0.00289	0.00903
41	0.02376	0.18209	0.02104	0.01330	0.01799	0.11353	0.01121	0.17036	0.01986	0.25471	0.01873	0.01849	0.03508	0.00943	0.03335	0.00223	0.03355	0.00580	0.00569	0.00979

[dist]
# distance from previous block
# <min> <max>
2	9

[block]
# block no. 4 follows, 32 sequences, length 52
# corresponding to MSA columns:
# 249-300
name=unknown_E
#
# <colnr> <probs for GDERKNQSTAVLIFYWHMCP>
#	G	D	E	R	K	N	Q	S	T	A	V	L	I	F	Y	W	H	M	C	P
0	0.14015	0.02334	0.01850	0.01562	0.01981	0.40101	0.07894	0.02394	0.03442	0.04564	0.01203	0.01430	0.00976	0.02646	0.00660	0.00189	0.00953	0.00485	0.00390	0.10929
1	0.04794	0.01239	0.01492	0.01204	0.01644	0.03458	0.02891	0.07616	0.08975	0.27183	0.13221	0.02696	0.02317	0.00895	0.00668	0.00196	0.00564	0.03853	0.00661	0.14433
2	0.04950	0.02448	0.01796	0.01566	0.01964	0.41004	0.01210	0.14161	0.14774	0.07341	0.01554	0.01586	0.01180	0.00758	0.00629	0.00191	0.00939	0.00536	0.00499	0.00915
3	0.15884	0.01414	0.01427	0.01114	0.01614	0.08287	0.00894	0.02088	0.01466	0.13585	0.01351	0.01467	0.01036	0.00623	0.00600	0.00152	0.04023	0.00448	0.00460	0.42064
4	0.04865	0.01383	0.01947	0.01592	0.04720	0.01387	0.10439	0.12522	0.10923	0.31749	0.06767	0.02238	0.01776	0.00834	0.00748	0.00215	0.03488	0.00711	0.00662	0.01033
5	0.02523	0.01764	0.01858	0.01534	0.04680	0.09340	0.01197	0.36811	0.04564	0.20944	0.01803	0.01752	0.01257	0.00774	0.00654	0.00194	0.00727	0.00594	0.00646	0.06385
6	0.01557	0.01674	0.03374	0.06828	0.14073	0.01580	0.47808	0.02060	0.01540	0.02136	0.01315	0.01739	0.01016	0.00569	0.00733	0.00208	0.00996	0.00707	0.00342	0.09746
7	0.01481	0.01411	0.02399	0.36358	0.41397	0.01547	0.01970	0.01902	0.01443	0.01974	0.01230	0.01719	0.00986	0.00631	0.00667	0.00210	0.00842	0.00597	0.00317	0.00918
8	0.02858	0.01390	0.01635	0.01282	0.01784	0.06288	0.01047	0.11305	0.05250	0.56187	0.02412	0.02137	0.01560	0.00821	0.00670	0.00205	0.00634	0.00653	0.00770	0.01112
9	0.01576	0.01787	0.03832	0.02757	0.03391	0.01721	0.65245	0.02114	0.01547	0.02114	0.01326	0.01787	0.01009	0.00606	0.00886	0.00231	0.06065	0.00778	0.00336	0.00894
10	0.00961	0.00693	0.00913	0.00877	0.01035	0.00645	0.00671	0.01277	0.01869	0.02633	0.66077	0.05229	0.06121	0.01413	0.00803	0.00219	0.00342	0.06861	0.00728	0.00632
11	0.00932	0.00681	0.00875	0.00835	0.00994	0.00624	0.00623	0.01230	0.01847	0.02584	0.64164	0.07906	0.11342	0.01426	0.00794	0.00215	0.00321	0.01256	0.00725	0.00624
12	0.01669	0.01441	0.01517	0.01365	0.01745	0.01669	0.01062	0.03565	0.71021	0.02807	0.02731	0.02503	0.02048	0.00910	0.00683	0.00228	0.00531	0.00759	0.00683	0.01062
13	0.01081	0.00772	0.01081	0.01236	0.01390	0.00772	0.01081	0.01390	0.01545	0.02008	0.03553	0.07569	0.03862	0.01854	0.00927	0.00309	0.00618	0.67717	0.00618	0.00618
14	0.02551	0.01879	0.02014	0.01544	0.02081	0.02081	0.01275	0.69996	0.03155	0.04229	0.01611	0.01611	0.01141	0.00805	0.00671	0.00201	0.00738	0.00604	0.00671	0.01141
15	0.01095	0.00718	0.00943	0.00869	0.01052	0.00658	0.00658	0.01407	0.01901	0.07623	0.67002	0.04820	0.06002	0.01334	0.00783	0.00211	0.00334	0.01176	0.00745	0.00669
16	0.01636	0.01569	0.02678	0.08628	0.67920	0.01588	0.02047	0.02037	0.01516	0.02162	0.01258	0.01669	0.01052	0.00603	0.00665	0.00201	0.00803	0.00598	0.00330	0.01043
17	0.02551	0.01879	0.02014	0.01544	0.02081	0.02081	0.01275	0.69996	0.03155	0.04229	0.01611	0.01611	0.01141	0.00805	0.00671	0.00201	0.00738	0.00604	0.00671	0.01141
18	0.01657	0.01146	0.01342	0.01119	0.01437	0.01178	0.00887	0.26229	0.02354	0.07624	0.42157	0.03612	0.04164	0.01133	0.00741	0.00207	0.00485	0.00960	0.00720	0.00848
19	0.02530	0.02491	0.01962	0.01630	0.02078	0.35318	0.01285	0.38766	0.02573	0.03029	0.01345	0.01425	0.01013	0.00753	0.00641	0.00188	0.00957	0.00524	0.00520	0.00973
20	0.01602	0.45429	0.33230	0.01475	0.02228	0.02186	0.01718	0.02059	0.01386	0.01812	0.01049	0.01222	0.00856	0.00601	0.00519	0.00173	0.00835	0.00417	0.00285	0.00917
21	0.02094	0.01351	0.02132	0.01557	0.02144	0.01169	0.18616	0.04325	0.01693	0.29278	0.01805	0.01847	0.01260	0.00651	0.00646	0.00176	0.00695	0.00611	0.00556	0.27393
22	0.02239	0.02136	0.01903	0.01591	0.02013	0.27691	0.05744	0.19107	0.15167	0.08125	0.06143	0.01916	0.01574	0.00806	0.00665	0.00199	0.00856	0.00628	0.00550	0.00947
23	0.01676	0.01802	0.03709	0.02675	0.03311	0.03676	0.61851	0.02200	0.01588	0.05651	0.01395	0.01804	0.01041	0.00605	0.00834	0.00226	0.03916	0.00768	0.00362	0.00907
24	0.05220	0.02482	0.01743	0.01535	0.01873	0.47246	0.01179	0.04756	0.01761	0.01903	0.04491	0.01599	0.03269	0.00780	0.00760	0.00182	0.08360	0.00513	0.00387	0.09960
25	0.01287	0.01213	0.02048	0.71263	0.08010	0.01496	0.01873	0.01732	0.01351	0.01738	0.01196	0.01782	0.00903	0.00667	0.00671	0.00222	0.00890	0.00596	0.00300	0.00761
26	0.00818	0.00584	0.00779	0.00934	0.00973	0.00545	0.00623	0.00934	0.01285	0.01713	0.03698	0.75981	0.04438	0.02102	0.00856	0.00273	0.00389	0.01908	0.00623	0.00545
27	0.30748	0.01311	0.01336	0.01146	0.01575	0.01430	0.00921	0.02912	0.27558	0.21299	0.02060	0.01935	0.01469	0.00785	0.00584	0.00215	0.00537	0.00594	0.00625	0.00962
28	0.81159	0.01298	0.00986	0.00882	0.01298	0.01505	0.00727	0.01972	0.01142	0.03010	0.00934	0.01090	0.00727	0.00623	0.00415	0.00208	0.00519	0.00363	0.00415	0.00727
29	0.02643	0.01731	0.01922	0.01473	0.02007	0.01860	0.01217	0.56527	0.02906	0.18050	0.01820	0.01747	0.01246	0.00811	0.00672	0.00203	0.00705	0.00618	0.00703	0.01141
30	0.00818	0.00584	0.00779	0.00934	0.00973	0.00545	0.00623	0.00934	0.01285	0.01713	0.03698	0.75981	0.04438	0.02102	0.00856	0.00273	0.00389	0.01908	0.00623	0.00545
31	0.00858	0.00627	0.00861	0.04657	0.01184	0.00608	0.00716	0.01004	0.01305	0.01733	0.03563	0.67705	0.04222	0.02014	0.00852	0.00272	0.00430	0.06226	0.00606	0.00560
32	0.03010	0.01142	0.01557	0.01194	0.01713	0.00986	0.00986	0.03270	0.01920	0.72698	0.02647	0.02284	0.01661	0.00830	0.00675	0.00208	0.00571	0.00675	0.00830	0.01142
33	0.01468	0.01468	0.02055	0.01762	0.01762	0.02055	0.01468	0.01615	0.01028	0.01615	0.00881	0.01468	0.00881	0.01174	0.02202	0.00294	0.75191	0.00587	0.00294	0.00734
34	0.01629	0.01562	0.02667	0.09730	0.66866	0.01586	0.02044	0.02032	0.01513	0.02154	0.01257	0.01671	0.01049	0.00604	0.00665	0.00201	0.00805	0.00598	0.00329	0.01038
35	0.00876	0.00679	0.00798	0.00777	0.00960	0.00600	0.00579	0.01120	0.01711	0.02266	0.40599	0.08905	0.34622	0.01547	0.00795	0.00221	0.00330	0.01333	0.00683	0.00600
36	0.02512	0.01330	0.09564	0.01236	0.01744	0.00991	0.01104	0.02817	0.01791	0.54579	0.04677	0.10570	0.02022	0.00968	0.00694	0.00216	0.00591	0.00809	0.00742	0.01042
37	0.01690	0.46102	0.28904	0.01431	0.02156	0.02169	0.01629	0.02115	0.01411	0.05344	0.01118	0.01262	0.00897	0.00610	0.00519	0.00172	0.00811	0.00425	0.00313	0.00923
38	0.01397	0.11922	0.64943	0.01824	0.02768	0.01685	0.02326	0.02112	0.01410	0.02062	0.01173	0.01377	0.00851	0.00630	0.00614	0.00205	0.00960	0.00480	0.00284	0.00977
39	0.01367	0.06919	0.69679	0.01877	0.02849	0.01610	0.02417	0.02120	0.01414	0.02099	0.01191	0.01401	0.00851	0.00635	0.00628	0.00209	0.00979	0.00489	0.00284	0.00986
40	0.01657	0.13674	0.28024	0.03582	0.06088	0.01559	0.06445	0.02230	0.05339	0.10722	0.04191	0.01718	0.01272	0.00672	0.00616	0.00189	0.00786	0.00557	0.00411	0.10270
41	0.01739	0.01338	0.01460	0.01184	0.01579	0.07821	0.02808	0.11398	0.03954	0.11125	0.04384	0.02396	0.04031	0.11325	0.08231	0.00321	0.00762	0.00661	0.00510	0.22971
42	0.01330	0.01482	0.11928	0.06298	0.15009	0.01219	0.10146	0.01871	0.08547	0.04049	0.08213	0.22262	0.02507	0.01118	0.00743	0.00230	0.00688	0.01036	0.00488	0.00838
43	0.01704	0.11320	0.34647	0.01879	0.07908	0.09811	0.03836	0.05000	0.08359	0.04842	0.01382	0.01530	0.01038	0.00667	0.00619	0.00197	0.00887	0.00523	0.00375	0.03475
44	0.00844	0.00603	0.00806	0.00949	0.00996	0.00575	0.00648	0.00972	0.01276	0.01704	0.03537	0.66095	0.04198	0.05229	0.04390	0.00328	0.00478	0.05225	0.00601	0.00546
45	0.01968	0.02190	0.26246	0.01552	0.02185	0.06403	0.03490	0.09859	0.11093	0.19319	0.04759	0.02119	0.04154	0.00809	0.00670	0.00210	0.00770	0.00652	0.00546	0.01006
46	0.01166	0.00583	0.00874	0.00874	0.00874	0.00583	0.00583	0.00874	0.00874	0.01166	0.01166	0.02040	0.01166	0.02331	0.02622	0.80478	0.00583	0.00583	0.00291	0.00291
47	0.01611	0.06091	0.01600	0.04445	0.14295	0.01115	0.01062	0.02021	0.06658	0.17110	0.23215	0.03460	0.12450	0.01049	0.00708	0.00207	0.00525	0.00903	0.00617	0.00859
48	0.01346	0.08369	0.59916	0.06656	0.02841	0.01585	0.02252	0.02035	0.01413	0.02044	0.01447	0.01654	0.04196	0.00685	0.00632	0.00209	0.00935	0.00536	0.00301	0.00946
49	0.24716	0.27488	0.02198	0.01273	0.01734	0.22260	0.01082	0.08605	0.01621	0.02255	0.01027	0.01168	0.00850	0.00643	0.00498	0.00176	0.00801	0.00404	0.00376	0.00826
50	0.01769	0.01595	0.06415	0.01468	0.01918	0.01638	0.04392	0.06443	0.55604	0.07238	0.02508	0.02343	0.01854	0.00866	0.00684	0.00224	0.00602	0.00730	0.00649	0.01059
51	0.01068	0.00827	0.00834	0.00818	0.00867	0.05521	0.00504	0.01120	0.01136	0.01463	0.07703	0.04245	0.05420	0.59748	0.05585	0.00583	0.00693	0.00966	0.00436	0.00463

[dist]
# distance from previous block
# <min> <max>
0	1

[block]
# block no. 5 follows, 32 sequences, length 29
# corresponding to MSA columns:
# 302-313,315-331
name=unknown_F
#
# <colnr> <probs for GDERKNQSTAVLIFYWHMCP>
#	G	D	E	R	K	N	Q	S	T	A	V	L	I	F	Y	W	H	M	C	P
0	0.04320	0.05026	0.48235	0.04951	0.02635	0.05214	0.04571	0.02024	0.01437	0.02088	0.01487	0.01688	0.04752	0.00682	0.00624	0.00200	0.00897	0.00540	0.00323	0.08305
1	0.01927	0.01827	0.03131	0.02417	0.06688	0.06083	0.40703	0.14748	0.01889	0.07941	0.01457	0.01749	0.01077	0.00669	0.00810	0.00219	0.04563	0.00706	0.00436	0.00960
2	0.00966	0.00650	0.00749	0.00757	0.00764	0.00652	0.00436	0.00983	0.00997	0.01334	0.02188	0.08229	0.02517	0.69439	0.06154	0.00647	0.00683	0.01016	0.00416	0.00422
3	0.01435	0.01358	0.02351	0.16433	0.39593	0.01395	0.08145	0.01823	0.01499	0.02079	0.06090	0.09411	0.01781	0.00843	0.00712	0.00218	0.00770	0.02776	0.00390	0.00898
4	0.01760	0.13562	0.43929	0.01718	0.02521	0.05674	0.05200	0.02329	0.01527	0.13611	0.01400	0.01517	0.00994	0.00660	0.00619	0.00200	0.00902	0.00516	0.00380	0.00981
5	0.05385	0.08217	0.15642	0.01512	0.02113	0.01889	0.01430	0.36218	0.11330	0.07210	0.01653	0.01662	0.01192	0.00762	0.00636	0.00203	0.00740	0.00577	0.00565	0.01062
6	0.00904	0.00690	0.00833	0.00813	0.00995	0.00619	0.00620	0.01168	0.01746	0.02337	0.44466	0.05691	0.29137	0.01519	0.00801	0.00223	0.00345	0.05792	0.00690	0.00609
7	0.01163	0.00964	0.01195	0.01302	0.08855	0.00972	0.00878	0.01825	0.18283	0.02399	0.27409	0.06669	0.20128	0.01298	0.00760	0.00223	0.00440	0.03829	0.00646	0.00763
8	0.01927	0.01827	0.11790	0.02440	0.25430	0.01624	0.05174	0.14347	0.15140	0.10806	0.01761	0.01860	0.01303	0.00724	0.00673	0.00209	0.00753	0.00635	0.00510	0.01068
9	0.01440	0.16833	0.57494	0.01858	0.05385	0.01761	0.02219	0.02101	0.01411	0.02027	0.01157	0.01364	0.00860	0.00624	0.00601	0.00199	0.00934	0.00475	0.00286	0.00970
10	0.01899	0.01826	0.19970	0.01568	0.06510	0.01347	0.01431	0.15593	0.05260	0.16986	0.08116	0.02447	0.01868	0.00864	0.00670	0.00209	0.00683	0.04318	0.07460	0.00976
11	0.02300	0.01889	0.10812	0.01815	0.08844	0.05088	0.05254	0.28091	0.04805	0.19736	0.01778	0.01801	0.01247	0.00855	0.02387	0.00226	0.00797	0.00618	0.00588	0.01069
12	0.06144	0.04926	0.18622	0.22852	0.10706	0.03911	0.03843	0.08077	0.07424	0.05122	0.01402	0.01667	0.01044	0.00684	0.00641	0.00210	0.00838	0.00569	0.00394	0.00924
13	0.01612	0.01725	0.10963	0.01802	0.08610	0.05678	0.01460	0.04980	0.05994	0.06629	0.06775	0.02150	0.05686	0.01013	0.01311	0.00243	0.31411	0.00681	0.00428	0.00850
14	0.01378	0.01194	0.05393	0.08589	0.01851	0.01042	0.04531	0.03364	0.10304	0.08942	0.07903	0.03575	0.24753	0.01066	0.00698	0.00202	0.00552	0.00906	0.00557	0.13201
15	0.00822	0.00592	0.00780	0.00921	0.00972	0.00550	0.00619	0.00950	0.01321	0.01760	0.06829	0.70295	0.06993	0.02055	0.00851	0.00268	0.00384	0.01859	0.00628	0.00550
16	0.01454	0.01603	0.08993	0.05358	0.42109	0.01404	0.09332	0.01876	0.01548	0.02164	0.07665	0.02475	0.09474	0.00788	0.00701	0.00208	0.00765	0.00753	0.00393	0.00937
17	0.01899	0.01236	0.01466	0.01088	0.01637	0.01047	0.00881	0.10400	0.01730	0.18708	0.01631	0.01681	0.01203	0.00626	0.00558	0.00140	0.00534	0.00499	0.04662	0.48375
18	0.01213	0.01070	0.05573	0.01243	0.04103	0.00924	0.04756	0.06714	0.04192	0.05016	0.17815	0.20328	0.17258	0.01431	0.00783	0.00234	0.00512	0.05495	0.00613	0.00727
19	0.27901	0.13785	0.24118	0.01409	0.02020	0.01715	0.05255	0.05524	0.01402	0.02444	0.01144	0.01349	0.00884	0.00656	0.00592	0.00200	0.03571	0.00463	0.04713	0.00857
20	0.04889	0.30134	0.08904	0.01695	0.10120	0.09391	0.01376	0.10785	0.12436	0.02279	0.01369	0.01476	0.01097	0.00677	0.00562	0.00182	0.00768	0.00499	0.00412	0.00949
21	0.01897	0.07376	0.25489	0.05582	0.04429	0.06933	0.08257	0.08220	0.05583	0.14120	0.01538	0.01668	0.01106	0.00717	0.00719	0.00209	0.04158	0.00577	0.00444	0.00979
22	0.01663	0.12106	0.29267	0.01942	0.08575	0.04907	0.08356	0.02248	0.06112	0.08215	0.01482	0.04410	0.01177	0.00748	0.00747	0.00210	0.05901	0.00606	0.00384	0.00946
23	0.01817	0.28901	0.16362	0.01543	0.04205	0.06796	0.05147	0.07624	0.05869	0.07449	0.06912	0.01740	0.01459	0.00716	0.00591	0.00185	0.00777	0.00556	0.00425	0.00927
24	0.00959	0.00719	0.01078	0.01078	0.01198	0.00839	0.00839	0.01198	0.01078	0.01558	0.01797	0.02636	0.01677	0.05032	0.73760	0.01078	0.01797	0.00719	0.00359	0.00599
25	0.00883	0.00871	0.07173	0.00984	0.01152	0.00655	0.00787	0.01093	0.01403	0.01871	0.10621	0.49379	0.14568	0.01831	0.00824	0.00255	0.00436	0.04011	0.00604	0.00599
26	0.05130	0.09336	0.14694	0.01682	0.06699	0.07648	0.01462	0.30460	0.04111	0.07221	0.01549	0.04294	0.01197	0.00776	0.00634	0.00199	0.00786	0.00595	0.00515	0.01013
27	0.01967	0.02087	0.02267	0.05551	0.34347	0.25144	0.01655	0.08450	0.01752	0.02131	0.01223	0.01545	0.01016	0.00855	0.03668	0.00231	0.04263	0.00549	0.00366	0.00932
28	0.01179	0.00713	0.00935	0.00989	0.01116	0.00668	0.00697	0.04044	0.01467	0.11123	0.06129	0.60589	0.04016	0.01855	0.00823	0.00259	0.00424	0.01667	0.00656	0.00650

[dist]
