[name]
unknown

[dist]
# distance from previous block
# <min> <max>
4	24

[block]
# block no. 0 follows, 32 sequences, length 26
# corresponding to MSA columns:
# 27-52
name=unknown_A
#
# <colnr> <probs for GDERKNQSTAVLIFYWHMCP>
#	G	D	E	R	K	N	Q	S	T	A	V	L	I	F	Y	W	H	M	C	P
0	0.05204	0.04862	0.02492	0.03199	0.48378	0.01615	0.04529	0.06722	0.05886	0.05570	0.04062	0.01818	0.01328	0.00669	0.00655	0.00201	0.00747	0.00622	0.00416	0.01026
1	0.01470	0.01399	0.02378	0.38437	0.39408	0.01544	0.01964	0.01892	0.01437	0.01960	0.01228	0.01723	0.00981	0.00633	0.00667	0.00211	0.00844	0.00597	0.00316	0.00909
2	0.05474	0.01441	0.02290	0.25065	0.40539	0.01567	0.01825	0.02115	0.09052	0.02155	0.01385	0.01763	0.01103	0.00655	0.00656	0.00210	0.00784	0.00603	0.00364	0.00950
3	0.01540	0.01681	0.03509	0.07441	0.11771	0.01614	0.53465	0.02047	0.01528	0.02081	0.01377	0.01932	0.01093	0.04722	0.00912	0.00246	0.01049	0.00766	0.00340	0.00887
4	0.01479	0.01228	0.01621	0.10441	0.14466	0.01324	0.01204	0.10036	0.18553	0.02659	0.21819	0.02998	0.05051	0.00965	0.00705	0.00212	0.00573	0.00838	0.02944	0.00884
5	0.01731	0.01393	0.01492	0.01318	0.01679	0.01572	0.01027	0.17011	0.45331	0.02957	0.02591	0.11240	0.02135	0.01028	0.00692	0.00224	0.00547	0.00860	0.04176	0.00996
6	0.00824	0.00660	0.00737	0.00762	0.00937	0.00573	0.00555	0.01007	0.01538	0.01936	0.16899	0.21262	0.46487	0.01732	0.00806	0.00234	0.00347	0.01489	0.00642	0.00573
7	0.03222	0.02192	0.30712	0.01660	0.02293	0.01467	0.06583	0.04629	0.20034	0.06689	0.02048	0.02655	0.01662	0.00894	0.00700	0.00230	0.00783	0.10096	0.00489	0.00960
8	0.01693	0.49464	0.24084	0.01436	0.02135	0.02277	0.03247	0.05410	0.01473	0.01886	0.01057	0.01222	0.00876	0.00604	0.00513	0.00169	0.00810	0.00422	0.00306	0.00915
9	0.00976	0.00651	0.00732	0.00732	0.00732	0.00651	0.00407	0.00976	0.00976	0.01301	0.02114	0.04391	0.02439	0.76419	0.03415	0.00651	0.00651	0.00976	0.00407	0.00407
10	0.01100	0.00680	0.00782	0.00760	0.00792	0.00671	0.00442	0.01116	0.01033	0.05656	0.02147	0.04262	0.02392	0.71808	0.03248	0.00623	0.00646	0.00957	0.00432	0.00451
11	0.33793	0.01637	0.01770	0.06155	0.10960	0.06651	0.04128	0.19239	0.01779	0.02942	0.01186	0.01394	0.00914	0.00696	0.00637	0.00208	0.04074	0.00502	0.00449	0.00887
12	0.05365	0.04145	0.02058	0.02462	0.32363	0.05031	0.01434	0.07537	0.08373	0.08233	0.07323	0.02178	0.04667	0.00772	0.00651	0.00197	0.00679	0.00666	0.00485	0.05382
13	0.04305	0.01657	0.02097	0.06269	0.25700	0.06094	0.02874	0.16499	0.14562	0.02694	0.01570	0.01741	0.01219	0.00698	0.00643	0.00195	0.00734	0.00594	0.00476	0.09381
14	0.01742	0.04995	0.07094	0.02669	0.33434	0.06007	0.04184	0.10653	0.08614	0.02476	0.06407	0.01898	0.01502	0.00710	0.00657	0.00196	0.00762	0.00628	0.00437	0.04935
15	0.01963	0.01613	0.02087	0.02407	0.28268	0.04072	0.01464	0.23630	0.09876	0.06076	0.05143	0.03785	0.01561	0.00784	0.00671	0.00201	0.00705	0.00671	0.00532	0.04492
16	0.01934	0.01898	0.07756	0.02341	0.24875	0.10955	0.01543	0.15079	0.09680	0.06199	0.03079	0.01935	0.01368	0.00748	0.00659	0.00198	0.00780	0.02648	0.00480	0.05843
17	0.04300	0.03915	0.04800	0.08412	0.14864	0.03814	0.04184	0.05636	0.08346	0.05851	0.17212	0.05630	0.08290	0.00975	0.00698	0.00211	0.00634	0.00849	0.00528	0.00851
18	0.05083	0.01760	0.08513	0.02026	0.19205	0.11814	0.01395	0.04465	0.06105	0.20356	0.10632	0.02187	0.01887	0.00800	0.00664	0.00202	0.00727	0.00663	0.00544	0.00970
19	0.01846	0.03835	0.03691	0.04902	0.15855	0.04518	0.04202	0.11470	0.10806	0.11681	0.06997	0.05471	0.01815	0.00830	0.00664	0.00200	0.00670	0.00715	0.03992	0.05841
20	0.04645	0.01371	0.03724	0.01338	0.03861	0.03719	0.03119	0.14660	0.12328	0.13019	0.15264	0.07002	0.05374	0.00992	0.00690	0.00206	0.00580	0.00834	0.00631	0.06642
21	0.01830	0.05059	0.14802	0.01867	0.10821	0.06608	0.04557	0.17313	0.13809	0.05339	0.07296	0.04314	0.01733	0.00826	0.00673	0.00208	0.00755	0.00689	0.00518	0.00985
22	0.01858	0.06404	0.05416	0.02123	0.19769	0.13160	0.04406	0.12320	0.05479	0.05454	0.09675	0.02131	0.03870	0.00787	0.00659	0.00193	0.00768	0.00660	0.00478	0.04389
23	0.06682	0.01657	0.07588	0.02090	0.19758	0.04447	0.04336	0.11333	0.09339	0.09342	0.04005	0.02008	0.03475	0.00769	0.00694	0.00203	0.03068	0.00639	0.04088	0.04481
24	0.11919	0.04888	0.17531	0.04473	0.17302	0.01470	0.04483	0.04988	0.07352	0.03861	0.06934	0.03617	0.03346	0.00777	0.00632	0.00207	0.00711	0.00655	0.03947	0.00907
25	0.04445	0.01532	0.09044	0.04236	0.20772	0.01405	0.01427	0.08792	0.10838	0.08058	0.14560	0.04702	0.02270	0.00898	0.00752	0.00215	0.03828	0.00760	0.00529	0.00939

[dist]
# distance from previous block
# <min> <max>
7	47

[block]
# block no. 1 follows, 32 sequences, length 62
# corresponding to MSA columns:
# 100-161
name=unknown_B
#
# <colnr> <probs for GDERKNQSTAVLIFYWHMCP>
#	G	D	E	R	K	N	Q	S	T	A	V	L	I	F	Y	W	H	M	C	P
0	0.01722	0.07700	0.04620	0.01374	0.03467	0.07146	0.03372	0.15123	0.14024	0.05677	0.08820	0.09049	0.08168	0.01003	0.00678	0.00204	0.00636	0.00832	0.00569	0.05817
1	0.09297	0.01539	0.08977	0.01643	0.10840	0.05300	0.02989	0.07690	0.05562	0.12587	0.05042	0.07554	0.03742	0.03933	0.00778	0.00230	0.00668	0.05215	0.02930	0.03485
2	0.01880	0.04931	0.12822	0.04974	0.12142	0.06960	0.01439	0.18702	0.01959	0.09646	0.04997	0.06598	0.05147	0.00867	0.00667	0.00202	0.00740	0.00711	0.00509	0.04108
3	0.04410	0.03747	0.15781	0.02048	0.16906	0.04585	0.03308	0.15106	0.04162	0.02582	0.09387	0.06845	0.01912	0.00896	0.00737	0.00214	0.03458	0.02519	0.00473	0.00927
4	0.05151	0.12034	0.12309	0.01491	0.03778	0.12126	0.03301	0.12232	0.05322	0.04724	0.04762	0.01904	0.03578	0.02309	0.02317	0.00219	0.03506	0.00588	0.03209	0.05140
5	0.10759	0.06677	0.11279	0.01259	0.03364	0.04347	0.01107	0.05821	0.10328	0.04292	0.13871	0.06765	0.09354	0.01021	0.00661	0.00208	0.00593	0.03082	0.00534	0.04677
6	0.09441	0.11203	0.04516	0.01235	0.03618	0.05801	0.01003	0.09492	0.09129	0.08301	0.12317	0.07385	0.09673	0.01002	0.00648	0.00202	0.00587	0.00807	0.00559	0.03082
7	0.06838	0.09267	0.11395	0.01833	0.12853	0.10988	0.03207	0.07173	0.03539	0.07359	0.09457	0.02074	0.03531	0.00950	0.03239	0.00232	0.04089	0.00635	0.00452	0.00890
8	0.04290	0.08524	0.03822	0.03909	0.05455	0.08758	0.01117	0.16398	0.03953	0.07121	0.10824	0.05777	0.06649	0.01108	0.03244	0.00231	0.00704	0.03069	0.00541	0.04505
9	0.03103	0.10168	0.04988	0.02039	0.22155	0.05046	0.01316	0.03860	0.09090	0.04279	0.06292	0.04883	0.01804	0.05805	0.03890	0.00260	0.00732	0.02797	0.00446	0.07045
10	0.05865	0.08241	0.01451	0.01266	0.07378	0.01151	0.00904	0.05203	0.07343	0.07188	0.13936	0.07986	0.12407	0.07024	0.00903	0.00244	0.00527	0.05169	0.00565	0.05249
11	0.01643	0.04654	0.02410	0.08592	0.48664	0.01570	0.01755	0.09132	0.01706	0.02365	0.06470	0.02087	0.04553	0.00727	0.00670	0.00201	0.00741	0.00668	0.00405	0.00987
12	0.10159	0.08942	0.23178	0.01791	0.08904	0.11977	0.01608	0.07866	0.07465	0.04796	0.01395	0.03336	0.01104	0.00737	0.00673	0.00204	0.03982	0.00547	0.00405	0.00930
13	0.01693	0.09893	0.11527	0.04918	0.12222	0.04152	0.05343	0.08930	0.04267	0.08663	0.05590	0.07106	0.01701	0.04229	0.04003	0.00265	0.03423	0.00722	0.00459	0.00894
14	0.01023	0.00723	0.00818	0.00797	0.00875	0.00705	0.00500	0.03907	0.01178	0.01562	0.02729	0.10830	0.10462	0.53298	0.04187	0.00536	0.00614	0.01066	0.00461	0.03729
15	0.01565	0.04511	0.02107	0.20600	0.16716	0.01452	0.07706	0.10597	0.03788	0.05142	0.06629	0.07171	0.04516	0.03620	0.00797	0.00230	0.00741	0.00789	0.00458	0.00865
16	0.04286	0.05091	0.17263	0.04140	0.17623	0.04106	0.08911	0.07769	0.07647	0.09307	0.06015	0.01913	0.01468	0.00723	0.00664	0.00207	0.00799	0.00635	0.00455	0.00980
17	0.04398	0.01940	0.02088	0.02170	0.19027	0.16342	0.03737	0.22878	0.08148	0.02732	0.01461	0.01689	0.01159	0.03196	0.00772	0.00211	0.02565	0.00583	0.00476	0.04428
18	0.00853	0.00600	0.00785	0.00906	0.00960	0.00562	0.00610	0.00993	0.01345	0.01831	0.11287	0.62627	0.04482	0.05103	0.00944	0.00278	0.00390	0.01749	0.03143	0.00552
19	0.02079	0.11245	0.05099	0.01408	0.01942	0.01906	0.01210	0.36255	0.17357	0.03261	0.01702	0.01703	0.01273	0.00756	0.00622	0.00189	0.00674	0.00578	0.00577	0.10162
20	0.03754	0.14719	0.13219	0.01405	0.02018	0.03698	0.03632	0.16874	0.06088	0.09181	0.01466	0.01543	0.01098	0.00666	0.00585	0.00174	0.00716	0.00513	0.00475	0.18177
21	0.04220	0.04016	0.19289	0.08427	0.06552	0.11753	0.01492	0.01798	0.01440	0.01896	0.01880	0.08317	0.01842	0.06085	0.05533	0.00310	0.00894	0.13090	0.00401	0.00765
22	0.01280	0.04457	0.08675	0.01808	0.07097	0.01247	0.18991	0.01833	0.10235	0.02075	0.05401	0.28942	0.02604	0.01212	0.00763	0.00236	0.00696	0.01153	0.00495	0.00800
23	0.01552	0.03201	0.01918	0.25834	0.12046	0.04341	0.04245	0.10847	0.04078	0.04679	0.05030	0.10948	0.03876	0.00962	0.00708	0.00222	0.00743	0.03466	0.00467	0.00837
24	0.05257	0.09679	0.10110	0.09575	0.04801	0.14657	0.05769	0.13439	0.04945	0.05705	0.03553	0.04205	0.01324	0.00763	0.00631	0.00198	0.00829	0.00610	0.03053	0.00896
25	0.00866	0.00627	0.00827	0.00973	0.01032	0.00599	0.00675	0.01055	0.03494	0.01772	0.03656	0.67932	0.04315	0.02044	0.00857	0.00274	0.00413	0.07397	0.00624	0.00567
26	0.00818	0.00584	0.00779	0.00934	0.00973	0.00545	0.00623	0.00934	0.01285	0.01713	0.03698	0.75981	0.04438	0.02102	0.00856	0.00273	0.00389	0.01908	0.00623	0.00545
27	0.02158	0.07233	0.05349	0.03889	0.04454	0.06291	0.11213	0.28098	0.06621	0.11809	0.01745	0.05092	0.01336	0.00798	0.00675	0.00206	0.00791	0.00676	0.00555	0.01011
28	0.00862	0.00598	0.00788	0.00934	0.00987	0.00564	0.00642	0.01003	0.01309	0.01781	0.03593	0.67033	0.04230	0.02003	0.00836	0.00267	0.00399	0.05955	0.05661	0.00555
29	0.01346	0.03471	0.72942	0.01912	0.02904	0.01558	0.02479	0.02125	0.01417	0.02125	0.01204	0.01417	0.00850	0.00637	0.00637	0.00212	0.00992	0.00496	0.00283	0.00992
30	0.00838	0.00642	0.00774	0.00866	0.00991	0.00578	0.00627	0.00999	0.01419	0.01804	0.06461	0.40824	0.30198	0.01906	0.00838	0.00257	0.00392	0.08398	0.00625	0.00563
31	0.01673	0.35561	0.20432	0.01505	0.02117	0.09587	0.05589	0.02170	0.06831	0.01860	0.01351	0.06050	0.01185	0.00724	0.00569	0.00183	0.00828	0.00555	0.00347	0.00883
32	0.01769	0.01561	0.01569	0.01396	0.01783	0.05473	0.01088	0.07751	0.63074	0.02836	0.02571	0.02379	0.01928	0.00892	0.00678	0.00223	0.00580	0.00732	0.00664	0.01052
33	0.00860	0.00677	0.00788	0.00857	0.01025	0.00605	0.00658	0.01047	0.01475	0.01831	0.05384	0.22944	0.41725	0.01826	0.00836	0.00255	0.00410	0.15602	0.00622	0.00572
34	0.01577	0.41372	0.37070	0.01518	0.02293	0.02125	0.01791	0.02065	0.01389	0.01843	0.01064	0.01241	0.00856	0.00605	0.00531	0.00177	0.00850	0.00425	0.00285	0.00924
35	0.01929	0.37848	0.02466	0.01174	0.01684	0.07111	0.01046	0.05970	0.01587	0.12621	0.01569	0.03510	0.03463	0.00850	0.02988	0.00190	0.00716	0.00518	0.00434	0.12327
36	0.05205	0.01722	0.01937	0.01504	0.02022	0.01873	0.03530	0.50268	0.10098	0.12173	0.01822	0.01775	0.01281	0.00805	0.00668	0.00206	0.00702	0.00627	0.00671	0.01110
37	0.01166	0.00583	0.00874	0.00874	0.00874	0.00583	0.00583	0.00874	0.00874	0.01166	0.01166	0.02040	0.01166	0.02331	0.02622	0.80478	0.00583	0.00583	0.00291	0.00291
38	0.00966	0.00685	0.00878	0.00865	0.00902	0.00671	0.03372	0.01016	0.01070	0.01428	0.02432	0.20096	0.02821	0.56813	0.02740	0.00549	0.00613	0.01174	0.00452	0.00458
39	0.01684	0.01864	0.15681	0.11831	0.06820	0.09822	0.03268	0.04481	0.04655	0.10501	0.08236	0.04082	0.04464	0.00818	0.00663	0.00199	0.00763	0.00682	0.00469	0.09016
40	0.01461	0.01636	0.08679	0.16625	0.23837	0.01661	0.09462	0.01846	0.01357	0.01922	0.01387	0.01832	0.03940	0.00810	0.01087	0.00234	0.20389	0.00642	0.00324	0.00870
41	0.00843	0.00602	0.00806	0.00953	0.01005	0.00566	0.00657	0.00982	0.01330	0.01776	0.06526	0.67943	0.04474	0.02053	0.00859	0.00273	0.00403	0.06768	0.00627	0.00554
42	0.04012	0.01681	0.09255	0.10223	0.14615	0.01564	0.14866	0.14254	0.01784	0.04874	0.01781	0.02439	0.03819	0.00842	0.00781	0.00226	0.04119	0.07501	0.00444	0.00920
43	0.06261	0.18194	0.17467	0.01708	0.07630	0.01784	0.06417	0.12399	0.01676	0.04747	0.01244	0.01429	0.00968	0.00643	0.00629	0.00181	0.03123	0.00499	0.00394	0.12604
44	0.01346	0.03471	0.72942	0.01912	0.02904	0.01558	0.02479	0.02125	0.01417	0.02125	0.01204	0.01417	0.00850	0.00637	0.00637	0.00212	0.00992	0.00496	0.00283	0.00992
45	0.00953	0.00650	0.00730	0.00736	0.00757	0.00639	0.00425	0.00973	0.01036	0.01362	0.02578	0.07729	0.08367	0.66858	0.03082	0.00598	0.00613	0.01054	0.00434	0.00426
46	0.01694	0.01582	0.02235	0.14394	0.28578	0.04572	0.05459	0.07395	0.22247	0.02420	0.01708	0.01918	0.01323	0.00719	0.00676	0.00212	0.00765	0.00650	0.00456	0.00996
47	0.01633	0.01565	0.02690	0.03951	0.66947	0.01561	0.04141	0.02033	0.01530	0.02183	0.01366	0.01926	0.01185	0.00652	0.00680	0.00205	0.00800	0.03570	0.00345	0.01038
48	0.04242	0.01294	0.01514	0.01131	0.01647	0.01163	0.00916	0.08202	0.01509	0.02343	0.01188	0.01411	0.00986	0.00609	0.00708	0.00135	0.09158	0.00438	0.00412	0.60996
49	0.00959	0.00719	0.01078	0.01078	0.01198	0.00839	0.00839	0.01198	0.01078	0.01558	0.01797	0.02636	0.01677	0.05032	0.73760	0.01078	0.01797	0.00719	0.00359	0.00599
50	0.00976	0.00651	0.00732	0.00732	0.00732	0.00651	0.00407	0.00976	0.00976	0.01301	0.02114	0.04391	0.02439	0.76419	0.03415	0.00651	0.00651	0.00976	0.00407	0.00407
51	0.00882	0.00673	0.00916	0.00941	0.01065	0.00617	0.03133	0.01082	0.01515	0.02037	0.24556	0.42170	0.14361	0.01770	0.00826	0.00246	0.00388	0.01589	0.00647	0.00588
52	0.05083	0.01739	0.05425	0.03391	0.45077	0.04133	0.17926	0.02152	0.01550	0.05130	0.01318	0.01673	0.01048	0.00606	0.00681	0.00206	0.00876	0.00627	0.00357	0.01002
53	0.00815	0.00595	0.00767	0.00904	0.00965	0.00548	0.00610	0.00938	0.01314	0.01725	0.04064	0.67778	0.12405	0.02055	0.00849	0.00267	0.00383	0.01850	0.00623	0.00548
54	0.01661	0.01594	0.02724	0.04119	0.72233	0.01594	0.02059	0.02059	0.01528	0.02192	0.01262	0.01661	0.01063	0.00598	0.00664	0.00199	0.00797	0.00598	0.00332	0.01063
55	0.01655	0.08707	0.15140	0.10772	0.09598	0.01665	0.29542	0.02219	0.04063	0.07995	0.01423	0.01725	0.01056	0.00629	0.00693	0.00212	0.00942	0.00650	0.00373	0.00938
56	0.00976	0.00651	0.00732	0.00732	0.00732	0.00651	0.00407	0.00976	0.00976	0.01301	0.02114	0.04391	0.02439	0.76419	0.03415	0.00651	0.00651	0.00976	0.00407	0.00407
57	0.00907	0.00669	0.00849	0.00837	0.00985	0.00610	0.00615	0.01172	0.01750	0.02415	0.52125	0.16656	0.14854	0.01534	0.00802	0.00223	0.00331	0.01353	0.00704	0.00610
58	0.01546	0.03685	0.01607	0.04634	0.10221	0.07407	0.03572	0.02213	0.18864	0.07702	0.07680	0.16184	0.07311	0.01119	0.00710	0.00220	0.00606	0.00973	0.02901	0.00845
59	0.06721	0.07621	0.11319	0.09792	0.21484	0.12236	0.01629	0.06825	0.06813	0.07244	0.01400	0.01601	0.01074	0.00678	0.00623	0.00199	0.00830	0.00546	0.00410	0.00954
60	0.01420	0.03247	0.63446	0.01982	0.02925	0.01594	0.08694	0.05069	0.01508	0.02218	0.01236	0.01462	0.00878	0.00638	0.00653	0.00213	0.00994	0.00528	0.00305	0.00990
61	0.01698	0.01743	0.03682	0.02804	0.08664	0.01635	0.59375	0.02227	0.01605	0.07490	0.01448	0.01834	0.01070	0.00588	0.00773	0.00223	0.01063	0.00768	0.00376	0.00935

[dist]
# distance from previous block
# <min> <max>
0	2

[block]
# block no. 2 follows, 32 sequences, length 65
# corresponding to MSA columns:
# 164-228
name=unknown_C
#
# <colnr> <probs for GDERKNQSTAVLIFYWHMCP>
#	G	D	E	R	K	N	Q	S	T	A	V	L	I	F	Y	W	H	M	C	P
0	0.02029	0.01567	0.02417	0.05145	0.31384	0.03511	0.10434	0.11428	0.03698	0.16630	0.03891	0.01920	0.01371	0.00706	0.00687	0.00206	0.00779	0.00659	0.00500	0.01036
1	0.03783	0.14210	0.09152	0.07472	0.14053	0.10752	0.13159	0.08763	0.06161	0.02246	0.03161	0.01645	0.01167	0.00670	0.00638	0.00197	0.00875	0.00583	0.00389	0.00926
2	0.01560	0.01276	0.01906	0.01559	0.01787	0.01486	0.11563	0.09005	0.01436	0.06692	0.01522	0.02141	0.01327	0.08884	0.12362	0.00407	0.26055	0.00687	0.07576	0.00769
3	0.01624	0.01514	0.04137	0.01652	0.07637	0.01623	0.04177	0.03243	0.57552	0.02671	0.02634	0.02499	0.04229	0.00887	0.00688	0.00225	0.00588	0.00760	0.00623	0.01036
4	0.00919	0.00685	0.00854	0.00812	0.00983	0.00620	0.00609	0.01206	0.01826	0.02516	0.58956	0.05299	0.19363	0.01437	0.00792	0.00214	0.00321	0.01254	0.00716	0.00620
5	0.00976	0.00651	0.00732	0.00732	0.00732	0.00651	0.00407	0.00976	0.00976	0.01301	0.02114	0.04391	0.02439	0.76419	0.03415	0.00651	0.00651	0.00976	0.00407	0.00407
6	0.01391	0.01193	0.01391	0.00994	0.01590	0.00894	0.00795	0.01690	0.01391	0.02186	0.01193	0.01391	0.00994	0.00497	0.00497	0.00099	0.00497	0.00398	0.00398	0.80521
7	0.01420	0.01209	0.01395	0.01016	0.01592	0.00951	0.00812	0.03783	0.04121	0.02261	0.01418	0.01580	0.02985	0.00555	0.00517	0.00111	0.00501	0.00446	0.00423	0.72905
8	0.01969	0.01507	0.11090	0.01205	0.01826	0.01058	0.01103	0.04806	0.01637	0.25819	0.01696	0.01701	0.01203	0.00639	0.00582	0.00155	0.00597	0.00511	0.00537	0.40358
9	0.07429	0.04155	0.15273	0.13268	0.16972	0.11468	0.06461	0.02190	0.03864	0.06243	0.03500	0.01687	0.01167	0.00673	0.00637	0.00202	0.00861	0.00570	0.00380	0.02999
10	0.01842	0.67104	0.07078	0.01217	0.01801	0.05761	0.01220	0.02087	0.01409	0.03937	0.01008	0.01140	0.00887	0.00591	0.00457	0.00151	0.00750	0.00380	0.00307	0.00873
11	0.00834	0.00681	0.00737	0.00723	0.00932	0.00584	0.00542	0.01043	0.01627	0.02045	0.23987	0.06076	0.54627	0.01613	0.00793	0.00222	0.00334	0.01363	0.00654	0.00584
12	0.00959	0.00719	0.01078	0.01078	0.01198	0.00839	0.00839	0.01198	0.01078	0.01558	0.01797	0.02636	0.01677	0.05032	0.73760	0.01078	0.01797	0.00719	0.00359	0.00599
13	0.02517	0.01877	0.02081	0.01588	0.02130	0.02067	0.03652	0.67643	0.03100	0.04157	0.01602	0.01618	0.01137	0.00797	0.00675	0.00202	0.00752	0.00611	0.00660	0.01133
14	0.01166	0.00583	0.00874	0.00874	0.00874	0.00583	0.00583	0.00874	0.00874	0.01166	0.01166	0.02040	0.01166	0.02331	0.02622	0.80478	0.00583	0.00583	0.00291	0.00291
15	0.02125	0.01668	0.01774	0.01458	0.01919	0.01882	0.01172	0.37951	0.35893	0.03543	0.02151	0.02041	0.01579	0.00856	0.00677	0.00214	0.00638	0.00679	0.00677	0.01103
16	0.01267	0.01193	0.02013	0.74806	0.04621	0.01491	0.01863	0.01714	0.01342	0.01714	0.01193	0.01789	0.00894	0.00671	0.00671	0.00224	0.00894	0.00596	0.00298	0.00745
17	0.00828	0.00591	0.00790	0.00946	0.00989	0.00554	0.00640	0.00952	0.01295	0.01724	0.03693	0.73355	0.04416	0.02093	0.00859	0.00274	0.00398	0.04434	0.00623	0.00548
18	0.01707	0.01461	0.01539	0.01373	0.01759	0.01687	0.01071	0.06468	0.68056	0.02869	0.02682	0.02464	0.02009	0.00906	0.00682	0.00226	0.00540	0.00752	0.00682	0.01066
19	0.01418	0.01238	0.01506	0.03985	0.04095	0.01057	0.00934	0.01818	0.05816	0.02175	0.01275	0.01491	0.01053	0.00573	0.00620	0.00127	0.04848	0.00446	0.00404	0.65122
20	0.00976	0.00651	0.00732	0.00732	0.00732	0.00651	0.00407	0.00976	0.00976	0.01301	0.02114	0.04391	0.02439	0.76419	0.03415	0.00651	0.00651	0.00976	0.00407	0.00407
21	0.01871	0.48021	0.08402	0.03572	0.07006	0.07779	0.01339	0.06376	0.01555	0.04574	0.01109	0.01264	0.00928	0.00614	0.00510	0.00162	0.00776	0.00428	0.00343	0.03371
22	0.01709	0.17741	0.07060	0.03045	0.41700	0.01820	0.08117	0.02092	0.01490	0.04741	0.01238	0.01553	0.01020	0.00620	0.00676	0.00194	0.03291	0.00562	0.00338	0.00993
23	0.00977	0.00715	0.00921	0.00864	0.01031	0.00673	0.00649	0.01354	0.04538	0.02695	0.69240	0.04916	0.06168	0.01354	0.00787	0.00212	0.00325	0.01196	0.00736	0.00649
24	0.01526	0.01482	0.02401	0.33323	0.41867	0.03973	0.01953	0.01937	0.01463	0.01976	0.01226	0.01699	0.00986	0.00631	0.00665	0.00208	0.00851	0.00592	0.00319	0.00922
25	0.00944	0.00686	0.00889	0.00838	0.00999	0.00631	0.00629	0.01256	0.01886	0.02660	0.69614	0.05062	0.08615	0.01383	0.00791	0.00212	0.00317	0.01221	0.00735	0.00631
26	0.00950	0.00686	0.00897	0.00844	0.01002	0.00633	0.00633	0.01266	0.01899	0.02691	0.71879	0.05012	0.06331	0.01372	0.00791	0.00211	0.00317	0.01213	0.00739	0.00633
27	0.00813	0.00681	0.00708	0.00701	0.00919	0.00575	0.00526	0.01002	0.01577	0.01927	0.15255	0.06270	0.63432	0.01657	0.00793	0.00225	0.00337	0.01390	0.00638	0.00575
28	0.00793	0.00680	0.00680	0.00680	0.00906	0.00566	0.00510	0.00963	0.01529	0.01813	0.06797	0.06457	0.71961	0.01699	0.00793	0.00227	0.00340	0.01416	0.00623	0.00566
29	0.81159	0.01298	0.00986	0.00882	0.01298	0.01505	0.00727	0.01972	0.01142	0.03010	0.00934	0.01090	0.00727	0.00623	0.00415	0.00208	0.00519	0.00363	0.00415	0.00727
30	0.01584	0.01810	0.03959	0.02828	0.03507	0.01697	0.69796	0.02149	0.01584	0.02149	0.01357	0.01810	0.01018	0.00566	0.00792	0.00226	0.01131	0.00792	0.00339	0.00905
31	0.01794	0.76823	0.03516	0.01148	0.01722	0.02655	0.01148	0.02009	0.01363	0.01579	0.00933	0.01076	0.00861	0.00574	0.00431	0.00144	0.00718	0.00359	0.00287	0.00861
32	0.01391	0.01193	0.01391	0.00994	0.01590	0.00894	0.00795	0.01690	0.01391	0.02186	0.01193	0.01391	0.00994	0.00497	0.00497	0.00099	0.00497	0.00398	0.00398	0.80521
33	0.00959	0.00719	0.01078	0.01078	0.01198	0.00839	0.00839	0.01198	0.01078	0.01558	0.01797	0.02636	0.01677	0.05032	0.73760	0.01078	0.01797	0.00719	0.00359	0.00599
34	0.01468	0.01468	0.02055	0.01762	0.01762	0.02055	0.01468	0.01615	0.01028	0.01615	0.00881	0.01468	0.00881	0.01174	0.02202	0.00294	0.75191	0.00587	0.00294	0.00734
35	0.02506	0.03198	0.01901	0.01729	0.02074	0.73725	0.01296	0.02679	0.01901	0.01642	0.01037	0.01210	0.00864	0.00691	0.00605	0.00173	0.01210	0.00432	0.00346	0.00778
36	0.01199	0.03596	0.01421	0.01222	0.01263	0.01317	0.00936	0.01308	0.01028	0.01482	0.01521	0.02790	0.01623	0.30855	0.15349	0.00566	0.30835	0.00753	0.00349	0.00588
37	0.02482	0.05882	0.01965	0.01701	0.02061	0.68749	0.01290	0.04857	0.01923	0.01724	0.01052	0.01218	0.00873	0.00691	0.00601	0.00173	0.01176	0.00435	0.00354	0.00793
38	0.01584	0.01810	0.03959	0.02828	0.03507	0.01697	0.69796	0.02149	0.01584	0.02149	0.01357	0.01810	0.01018	0.00566	0.00792	0.00226	0.01131	0.00792	0.00339	0.00905
39	0.03010	0.01142	0.01557	0.01194	0.01713	0.00986	0.00986	0.03270	0.01920	0.72698	0.02647	0.02284	0.01661	0.00830	0.00675	0.00208	0.00571	0.00675	0.00830	0.01142
40	0.01468	0.01468	0.02055	0.01762	0.01762	0.02055	0.01468	0.01615	0.01028	0.01615	0.00881	0.01468	0.00881	0.01174	0.02202	0.00294	0.75191	0.00587	0.00294	0.00734
41	0.81159	0.01298	0.00986	0.00882	0.01298	0.01505	0.00727	0.01972	0.01142	0.03010	0.00934	0.01090	0.00727	0.00623	0.00415	0.00208	0.00519	0.00363	0.00415	0.00727
42	0.00826	0.00590	0.00789	0.00944	0.00987	0.00553	0.00638	0.00949	0.01293	0.01723	0.03693	0.73713	0.04419	0.02094	0.00859	0.00274	0.00397	0.04089	0.00623	0.00547
43	0.03010	0.01142	0.01557	0.01194	0.01713	0.00986	0.00986	0.03270	0.01920	0.72698	0.02647	0.02284	0.01661	0.00830	0.00675	0.00208	0.00571	0.00675	0.00830	0.01142
44	0.00976	0.00651	0.00732	0.00732	0.00732	0.00651	0.00407	0.00976	0.00976	0.01301	0.02114	0.04391	0.02439	0.76419	0.03415	0.00651	0.00651	0.00976	0.00407	0.00407
45	0.02551	0.01879	0.02014	0.01544	0.02081	0.02081	0.01275	0.69996	0.03155	0.04229	0.01611	0.01611	0.01141	0.00805	0.00671	0.00201	0.00738	0.00604	0.00671	0.01141
46	0.00950	0.00686	0.00897	0.00844	0.01002	0.00633	0.00633	0.01266	0.01899	0.02691	0.71879	0.05012	0.06331	0.01372	0.00791	0.00211	0.00317	0.01213	0.00739	0.00633
47	0.01526	0.01471	0.02543	0.27558	0.46645	0.01564	0.05062	0.01949	0.01468	0.02031	0.01243	0.01710	0.01005	0.00621	0.00672	0.00209	0.00845	0.00606	0.00321	0.00950
48	0.02065	0.03996	0.01897	0.04890	0.12106	0.03746	0.01222	0.18629	0.01943	0.16050	0.01560	0.01657	0.01151	0.00683	0.00649	0.00173	0.02558	0.00543	0.00525	0.23954
49	0.01391	0.01193	0.01391	0.00994	0.01590	0.00894	0.00795	0.01690	0.01391	0.02186	0.01193	0.01391	0.00994	0.00497	0.00497	0.00099	0.00497	0.00398	0.00398	0.80521
50	0.01532	0.01313	0.01392	0.01262	0.01610	0.01488	0.00978	0.03148	0.59333	0.02702	0.08052	0.03067	0.09159	0.01020	0.00701	0.00226	0.00497	0.00855	0.00681	0.00983
51	0.01443	0.01191	0.01397	0.01000	0.01594	0.00897	0.00801	0.01740	0.01408	0.04422	0.01239	0.01420	0.01015	0.00507	0.00503	0.00103	0.00499	0.00406	0.00411	0.78004
52	0.02896	0.01153	0.01548	0.01190	0.01708	0.01003	0.00980	0.03208	0.04037	0.67339	0.02584	0.02250	0.01643	0.00818	0.00667	0.00203	0.00566	0.00665	0.00806	0.04735
53	0.01391	0.01193	0.01391	0.00994	0.01590	0.00894	0.00795	0.01690	0.01391	0.02186	0.01193	0.01391	0.00994	0.00497	0.00497	0.00099	0.00497	0.00398	0.00398	0.80521
54	0.01391	0.01193	0.01391	0.00994	0.01590	0.00894	0.00795	0.01690	0.01391	0.02186	0.01193	0.01391	0.00994	0.00497	0.00497	0.00099	0.00497	0.00398	0.00398	0.80521
55	0.02551	0.01879	0.02014	0.01544	0.02081	0.02081	0.01275	0.69996	0.03155	0.04229	0.01611	0.01611	0.01141	0.00805	0.00671	0.00201	0.00738	0.00604	0.00671	0.01141
56	0.00818	0.00584	0.00779	0.00934	0.00973	0.00545	0.00623	0.00934	0.01285	0.01713	0.03698	0.75981	0.04438	0.02102	0.00856	0.00273	0.00389	0.01908	0.00623	0.00545
57	0.01618	0.01563	0.02706	0.11194	0.62408	0.01588	0.04999	0.02028	0.01511	0.02142	0.01259	0.01680	0.01044	0.00604	0.00671	0.00203	0.00822	0.00606	0.00329	0.01024
58	0.02506	0.03198	0.01901	0.01729	0.02074	0.73725	0.01296	0.02679	0.01901	0.01642	0.01037	0.01210	0.00864	0.00691	0.00605	0.00173	0.01210	0.00432	0.00346	0.00778
59	0.00793	0.00680	0.00680	0.00680	0.00906	0.00566	0.00510	0.00963	0.01529	0.01813	0.06797	0.06457	0.71961	0.01699	0.00793	0.00227	0.00340	0.01416	0.00623	0.00566
60	0.00959	0.00719	0.01078	0.01078	0.01198	0.00839	0.00839	0.01198	0.01078	0.01558	0.01797	0.02636	0.01677	0.05032	0.73760	0.01078	0.01797	0.00719	0.00359	0.00599
61	0.01661	0.01594	0.02724	0.04119	0.72233	0.01594	0.02059	0.02059	0.01528	0.02192	0.01262	0.01661	0.01063	0.00598	0.00664	0.00199	0.00797	0.00598	0.00332	0.01063
62	0.01346	0.03471	0.72942	0.01912	0.02904	0.01558	0.02479	0.02125	0.01417	0.02125	0.01204	0.01417	0.00850	0.00637	0.00637	0.00212	0.00992	0.00496	0.00283	0.00992
63	0.00818	0.00584	0.00779	0.00934	0.00973	0.00545	0.00623	0.00934	0.01285	0.01713	0.03698	0.75981	0.04438	0.02102	0.00856	0.00273	0.00389	0.01908	0.00623	0.00545
64	0.01662	0.01573	0.02803	0.15231	0.41061	0.01602	0.16466	0.05136	0.01595	0.04380	0.01330	0.01731	0.01048	0.00620	0.00693	0.00209	0.00875	0.00642	0.00359	0.00983

[dist]
# distance from previous block
# <min> <max>
0	1

[block]
# block no. 3 follows, 32 sequences, length 86
# corresponding to MSA columns:
# 230-315
name=unknown_D
#
# <colnr> <probs for GDERKNQSTAVLIFYWHMCP>
#	G	D	E	R	K	N	Q	S	T	A	V	L	I	F	Y	W	H	M	C	P
0	0.02148	0.02326	0.02575	0.02120	0.05596	0.31138	0.23300	0.10935	0.06154	0.05119	0.01390	0.01595	0.01062	0.00680	0.00683	0.00199	0.01040	0.00606	0.00424	0.00909
1	0.02318	0.03242	0.13437	0.01758	0.02209	0.62006	0.01488	0.02589	0.01823	0.01721	0.01064	0.01244	0.00862	0.00683	0.00610	0.00179	0.01175	0.00442	0.00336	0.00813
2	0.00959	0.00719	0.01078	0.01078	0.01198	0.00839	0.00839	0.01198	0.01078	0.01558	0.01797	0.02636	0.01677	0.05032	0.73760	0.01078	0.01797	0.00719	0.00359	0.00599
3	0.04493	0.01662	0.06214	0.01391	0.04225	0.04595	0.01146	0.24470	0.02057	0.11433	0.01496	0.01566	0.01103	0.00664	0.00593	0.00163	0.00659	0.00513	0.00529	0.31029
4	0.05296	0.73490	0.03404	0.01136	0.01703	0.02604	0.01130	0.02008	0.01354	0.01642	0.00933	0.01077	0.00855	0.00576	0.00430	0.00146	0.00709	0.00359	0.00293	0.00855
5	0.00975	0.00654	0.00749	0.00749	0.00755	0.00660	0.00428	0.00987	0.00981	0.01314	0.02099	0.04305	0.02402	0.72934	0.06849	0.00671	0.00706	0.00963	0.00404	0.00416
6	0.01352	0.01645	0.14117	0.02198	0.17058	0.01280	0.17674	0.03653	0.01676	0.02348	0.22277	0.02935	0.07013	0.00898	0.00736	0.00213	0.00738	0.00858	0.00472	0.00859
7	0.01147	0.00961	0.04115	0.01010	0.01311	0.00803	0.05675	0.04246	0.01742	0.07041	0.26645	0.04961	0.35012	0.01372	0.00773	0.00219	0.00449	0.01183	0.00642	0.00693
8	0.01889	0.67003	0.03301	0.01226	0.01769	0.12133	0.01168	0.02099	0.01435	0.01587	0.00947	0.01094	0.00862	0.00590	0.00454	0.00147	0.00783	0.00369	0.00295	0.00850
9	0.04695	0.02670	0.01743	0.01597	0.01900	0.56319	0.01207	0.02441	0.04240	0.01720	0.01252	0.03740	0.01100	0.01214	0.08336	0.00278	0.03897	0.00523	0.00368	0.00759
10	0.04165	0.01724	0.02291	0.04438	0.33809	0.07162	0.04027	0.17636	0.07882	0.07943	0.01546	0.01727	0.01180	0.00697	0.00662	0.00203	0.00782	0.00607	0.00479	0.01042
11	0.01137	0.00970	0.01338	0.01389	0.09168	0.03460	0.05092	0.01474	0.03765	0.02238	0.35017	0.03976	0.09286	0.07754	0.10627	0.00361	0.00683	0.01008	0.00567	0.00688
12	0.81159	0.01298	0.00986	0.00882	0.01298	0.01505	0.00727	0.01972	0.01142	0.03010	0.00934	0.01090	0.00727	0.00623	0.00415	0.00208	0.00519	0.00363	0.00415	0.00727
13	0.01794	0.76823	0.03516	0.01148	0.01722	0.02655	0.01148	0.02009	0.01363	0.01579	0.00933	0.01076	0.00861	0.00574	0.00431	0.00144	0.00718	0.00359	0.00287	0.00861
14	0.00818	0.00584	0.00779	0.00934	0.00973	0.00545	0.00623	0.00934	0.01285	0.01713	0.03698	0.75981	0.04438	0.02102	0.00856	0.00273	0.00389	0.01908	0.00623	0.00545
15	0.01864	0.01538	0.01627	0.01405	0.01819	0.01760	0.01109	0.18234	0.56036	0.03121	0.02484	0.02306	0.01848	0.00887	0.00680	0.00222	0.00577	0.00724	0.00680	0.01080
16	0.01695	0.01535	0.01672	0.01337	0.01713	0.08375	0.01081	0.12588	0.01623	0.02323	0.01219	0.01495	0.01017	0.00764	0.00992	0.00178	0.20698	0.00498	0.05124	0.34072
17	0.01166	0.00583	0.00874	0.00874	0.00874	0.00583	0.00583	0.00874	0.00874	0.01166	0.01166	0.02040	0.01166	0.02331	0.02622	0.80478	0.00583	0.00583	0.00291	0.00291
18	0.02817	0.01391	0.01704	0.01313	0.01833	0.01364	0.01083	0.24947	0.04601	0.48159	0.02313	0.02073	0.01505	0.00825	0.00674	0.00206	0.00624	0.00655	0.00774	0.01139
19	0.01561	0.01513	0.06817	0.05172	0.30768	0.01427	0.03692	0.11805	0.06835	0.02409	0.02083	0.15182	0.03993	0.00990	0.00714	0.00221	0.00705	0.02707	0.00471	0.00934
20	0.01584	0.01810	0.03959	0.02828	0.03507	0.01697	0.69796	0.02149	0.01584	0.02149	0.01357	0.01810	0.01018	0.00566	0.00792	0.00226	0.01131	0.00792	0.00339	0.00905
21	0.81159	0.01298	0.00986	0.00882	0.01298	0.01505	0.00727	0.01972	0.01142	0.03010	0.00934	0.01090	0.00727	0.00623	0.00415	0.00208	0.00519	0.00363	0.00415	0.00727
22	0.00950	0.00686	0.00897	0.00844	0.01002	0.00633	0.00633	0.01266	0.01899	0.02691	0.71879	0.05012	0.06331	0.01372	0.00791	0.00211	0.00317	0.01213	0.00739	0.00633
23	0.00818	0.00584	0.00779	0.00934	0.00973	0.00545	0.00623	0.00934	0.01285	0.01713	0.03698	0.75981	0.04438	0.02102	0.00856	0.00273	0.00389	0.01908	0.00623	0.00545
24	0.00818	0.00584	0.00779	0.00934	0.00973	0.00545	0.00623	0.00934	0.01285	0.01713	0.03698	0.75981	0.04438	0.02102	0.00856	0.00273	0.00389	0.01908	0.00623	0.00545
25	0.00818	0.00584	0.00779	0.00934	0.00973	0.00545	0.00623	0.00934	0.01285	0.01713	0.03698	0.75981	0.04438	0.02102	0.00856	0.00273	0.00389	0.01908	0.00623	0.00545
26	0.02506	0.03198	0.01901	0.01729	0.02074	0.73725	0.01296	0.02679	0.01901	0.01642	0.01037	0.01210	0.00864	0.00691	0.00605	0.00173	0.01210	0.00432	0.00346	0.00778
27	0.01669	0.01441	0.01517	0.01365	0.01745	0.01669	0.01062	0.03565	0.71021	0.02807	0.02731	0.02503	0.02048	0.00910	0.00683	0.00228	0.00531	0.00759	0.00683	0.01062
28	0.02619	0.01401	0.01655	0.01291	0.01779	0.01417	0.01059	0.29441	0.05412	0.36590	0.02203	0.02047	0.01478	0.00820	0.00656	0.00202	0.00613	0.00646	0.07576	0.01094
29	0.00818	0.00584	0.00779	0.00934	0.00973	0.00545	0.00623	0.00934	0.01285	0.01713	0.03698	0.75981	0.04438	0.02102	0.00856	0.00273	0.00389	0.01908	0.00623	0.00545
30	0.01732	0.01473	0.01553	0.01378	0.01769	0.01699	0.01077	0.08339	0.66144	0.02909	0.02651	0.02439	0.01983	0.00903	0.00682	0.00226	0.00546	0.00748	0.00682	0.01068
31	0.00950	0.00686	0.00897	0.00844	0.01002	0.00633	0.00633	0.01266	0.01899	0.02691	0.71879	0.05012	0.06331	0.01372	0.00791	0.00211	0.00317	0.01213	0.00739	0.00633
32	0.01343	0.01260	0.02124	0.56417	0.18962	0.01481	0.01871	0.01774	0.01391	0.01830	0.01312	0.02016	0.01061	0.00707	0.00681	0.00222	0.00861	0.03558	0.00320	0.00808
33	0.03010	0.01142	0.01557	0.01194	0.01713	0.00986	0.00986	0.03270	0.01920	0.72698	0.02647	0.02284	0.01661	0.00830	0.00675	0.00208	0.00571	0.00675	0.00830	0.01142
34	0.01468	0.01468	0.02055	0.01762	0.01762	0.02055	0.01468	0.01615	0.01028	0.01615	0.00881	0.01468	0.00881	0.01174	0.02202	0.00294	0.75191	0.00587	0.00294	0.00734
35	0.02462	0.02889	0.01867	0.01655	0.02023	0.59633	0.01259	0.13074	0.02076	0.02078	0.01173	0.01325	0.00942	0.00713	0.00610	0.00177	0.01100	0.00467	0.03649	0.00828
36	0.03010	0.01142	0.01557	0.01194	0.01713	0.00986	0.00986	0.03270	0.01920	0.72698	0.02647	0.02284	0.01661	0.00830	0.00675	0.00208	0.00571	0.00675	0.00830	0.01142
37	0.05122	0.03049	0.01857	0.01678	0.02034	0.68292	0.01265	0.02681	0.01877	0.04668	0.01101	0.01251	0.00893	0.00695	0.00602	0.00175	0.01160	0.00440	0.00368	0.00791
38	0.02551	0.01879	0.02014	0.01544	0.02081	0.02081	0.01275	0.69996	0.03155	0.04229	0.01611	0.01611	0.01141	0.00805	0.00671	0.00201	0.00738	0.00604	0.00671	0.01141
39	0.01468	0.01468	0.02055	0.01762	0.01762	0.02055	0.01468	0.01615	0.01028	0.01615	0.00881	0.01468	0.00881	0.01174	0.02202	0.00294	0.75191	0.00587	0.00294	0.00734
40	0.02602	0.01797	0.01963	0.01505	0.02040	0.01959	0.01243	0.62564	0.03017	0.11855	0.01726	0.01686	0.01199	0.00808	0.00672	0.00202	0.00720	0.00612	0.00689	0.01141
41	0.01661	0.01594	0.02724	0.04119	0.72233	0.01594	0.02059	0.02059	0.01528	0.02192	0.01262	0.01661	0.01063	0.00598	0.00664	0.00199	0.00797	0.00598	0.00332	0.01063
42	0.01561	0.01438	0.02536	0.15824	0.19433	0.01557	0.19269	0.01953	0.01429	0.05466	0.01367	0.01802	0.01083	0.00732	0.00945	0.00223	0.13687	0.00652	0.08175	0.00868
43	0.81159	0.01298	0.00986	0.00882	0.01298	0.01505	0.00727	0.01972	0.01142	0.03010	0.00934	0.01090	0.00727	0.00623	0.00415	0.00208	0.00519	0.00363	0.00415	0.00727
44	0.01166	0.00583	0.00874	0.00874	0.00874	0.00583	0.00583	0.00874	0.00874	0.01166	0.01166	0.02040	0.01166	0.02331	0.02622	0.80478	0.00583	0.00583	0.00291	0.00291
45	0.01481	0.06436	0.56843	0.01809	0.02649	0.06063	0.02185	0.05405	0.01510	0.02140	0.01280	0.04097	0.00996	0.00719	0.00693	0.00212	0.03664	0.00546	0.00319	0.00954
46	0.01422	0.05173	0.06851	0.01677	0.02180	0.01398	0.22587	0.02207	0.18386	0.02315	0.10742	0.02729	0.09056	0.00859	0.00706	0.00206	0.00709	0.00815	0.00500	0.09483
47	0.00971	0.00648	0.00733	0.00738	0.00740	0.00647	0.00413	0.00974	0.00986	0.01314	0.02165	0.06684	0.02503	0.74038	0.03333	0.00638	0.00642	0.01006	0.00413	0.00411
48	0.01669	0.01441	0.01517	0.01365	0.01745	0.01669	0.01062	0.03565	0.71021	0.02807	0.02731	0.02503	0.02048	0.00910	0.00683	0.00228	0.00531	0.00759	0.00683	0.01062
49	0.01697	0.01586	0.02440	0.17957	0.46843	0.03870	0.01882	0.08850	0.04177	0.02304	0.01329	0.01698	0.01066	0.00648	0.00665	0.00205	0.00814	0.00599	0.00372	0.00998
50	0.01358	0.01393	0.05632	0.55590	0.19514	0.01517	0.01937	0.01811	0.01387	0.01840	0.01209	0.01742	0.00930	0.00653	0.00668	0.00218	0.00878	0.00592	0.00305	0.00828
51	0.01430	0.00795	0.01035	0.00913	0.01164	0.00712	0.00706	0.01719	0.01870	0.19427	0.49169	0.04492	0.11338	0.01272	0.00764	0.00212	0.00380	0.01103	0.00750	0.00749
52	0.00908	0.00680	0.00842	0.00810	0.00979	0.00614	0.00604	0.01183	0.01788	0.02448	0.54049	0.08321	0.21348	0.01478	0.00794	0.00217	0.00325	0.01289	0.00707	0.00614
53	0.01484	0.10523	0.39216	0.02183	0.03011	0.01726	0.28151	0.02122	0.01475	0.02077	0.01234	0.01532	0.00916	0.00603	0.00675	0.00211	0.01016	0.00595	0.00305	0.00945
54	0.01383	0.00904	0.01061	0.01054	0.01246	0.03060	0.00767	0.05877	0.06826	0.13011	0.03450	0.47443	0.07897	0.01663	0.00791	0.00248	0.00472	0.01469	0.00654	0.00723
55	0.00815	0.00592	0.00770	0.00912	0.00967	0.00547	0.00613	0.00937	0.01306	0.01721	0.03965	0.70007	0.10240	0.02068	0.00851	0.00269	0.00385	0.01865	0.00623	0.00547
56	0.00825	0.00678	0.00726	0.00720	0.00928	0.00579	0.00538	0.01024	0.01598	0.01988	0.19898	0.07972	0.56914	0.01643	0.00794	0.00225	0.00336	0.01388	0.00646	0.00579
57	0.01678	0.07460	0.26481	0.02425	0.17484	0.07847	0.13337	0.04017	0.01544	0.04416	0.01246	0.01531	0.00962	0.00665	0.00762	0.00209	0.06072	0.00568	0.00338	0.00957
58	0.01762	0.71540	0.08516	0.01203	0.01807	0.02576	0.01244	0.02018	0.01367	0.01618	0.00952	0.01101	0.00860	0.00579	0.00445	0.00148	0.00737	0.00369	0.00287	0.00870
59	0.01313	0.01217	0.02013	0.72201	0.04531	0.01512	0.01843	0.04142	0.01406	0.01804	0.01207	0.01783	0.00903	0.00676	0.00671	0.00223	0.00889	0.00597	0.00311	0.00759
60	0.01384	0.02606	0.44289	0.07231	0.17879	0.01490	0.02150	0.02053	0.03976	0.02117	0.01625	0.01992	0.04518	0.00735	0.00665	0.00215	0.00881	0.02896	0.00338	0.00959
61	0.04460	0.03904	0.05935	0.10332	0.30258	0.01535	0.11361	0.04705	0.03805	0.12325	0.01520	0.01792	0.01151	0.00796	0.03010	0.00235	0.00842	0.00625	0.00424	0.00986
62	0.02038	0.22363	0.04394	0.01566	0.04146	0.16713	0.03546	0.16133	0.18018	0.02461	0.01540	0.01594	0.01205	0.00725	0.00598	0.00187	0.00803	0.00542	0.00471	0.00958
63	0.52638	0.06051	0.01613	0.01585	0.13285	0.08995	0.03203	0.02067	0.01311	0.02622	0.01013	0.01219	0.00814	0.00621	0.00489	0.00199	0.00667	0.00423	0.00384	0.00801
64	0.01658	0.03986	0.08453	0.08909	0.37138	0.01646	0.15252	0.04287	0.03710	0.04385	0.01350	0.01702	0.01064	0.00639	0.00724	0.00210	0.02906	0.00628	0.00362	0.00991
65	0.05527	0.01692	0.01734	0.01402	0.04099	0.07942	0.01092	0.31355	0.04179	0.03074	0.01394	0.01497	0.01066	0.00668	0.00589	0.00162	0.00676	0.00505	0.00518	0.30827
66	0.00812	0.00604	0.00758	0.00880	0.00959	0.00550	0.00599	0.00940	0.01337	0.01734	0.04358	0.61189	0.18805	0.02016	0.00843	0.00263	0.00379	0.01803	0.00623	0.00550
67	0.01113	0.00717	0.00927	0.00855	0.01043	0.00657	0.00648	0.01420	0.01867	0.07924	0.61415	0.04744	0.07971	0.01316	0.00768	0.00209	0.00336	0.01154	0.04246	0.00669
68	0.00976	0.00651	0.00732	0.00732	0.00732	0.00651	0.00407	0.00976	0.00976	0.01301	0.02114	0.04391	0.02439	0.76419	0.03415	0.00651	0.00651	0.00976	0.00407	0.00407
69	0.00834	0.00596	0.00797	0.00953	0.00999	0.00559	0.00651	0.00962	0.01301	0.01731	0.03689	0.71764	0.04402	0.02087	0.00861	0.00275	0.00403	0.05964	0.00623	0.00549
70	0.00836	0.00586	0.00772	0.00921	0.00965	0.00548	0.00616	0.00961	0.01290	0.01746	0.03635	0.72899	0.04324	0.02047	0.00840	0.00268	0.00386	0.01854	0.03958	0.00548
71	0.01166	0.00583	0.00874	0.00874	0.00874	0.00583	0.00583	0.00874	0.00874	0.01166	0.01166	0.02040	0.01166	0.02331	0.02622	0.80478	0.00583	0.00583	0.00291	0.00291
72	0.81159	0.01298	0.00986	0.00882	0.01298	0.01505	0.00727	0.01972	0.01142	0.03010	0.00934	0.01090	0.00727	0.00623	0.00415	0.00208	0.00519	0.00363	0.00415	0.00727
73	0.05384	0.02661	0.01887	0.01622	0.02033	0.47280	0.01257	0.22285	0.02240	0.05342	0.01266	0.01366	0.00972	0.00728	0.00620	0.00184	0.01022	0.00490	0.00463	0.00897
74	0.02464	0.03127	0.01908	0.01730	0.02062	0.70804	0.01303	0.02636	0.01866	0.01641	0.01031	0.01221	0.00865	0.00711	0.00670	0.00178	0.04226	0.00438	0.00344	0.00776
75	0.03010	0.01142	0.01557	0.01194	0.01713	0.00986	0.00986	0.03270	0.01920	0.72698	0.02647	0.02284	0.01661	0.00830	0.00675	0.00208	0.00571	0.00675	0.00830	0.01142
76	0.01161	0.00888	0.01086	0.00972	0.01264	0.00812	0.04852	0.05420	0.04129	0.07125	0.05426	0.05549	0.49812	0.01501	0.00785	0.00231	0.00460	0.07215	0.00625	0.00685
77	0.01707	0.01711	0.02579	0.07227	0.58819	0.08063	0.01949	0.02074	0.01525	0.02088	0.01218	0.01616	0.01027	0.00641	0.00743	0.00203	0.04894	0.00582	0.00330	0.01004
78	0.00888	0.00641	0.00832	0.00960	0.01029	0.00609	0.00664	0.03269	0.01371	0.01817	0.03751	0.66984	0.07130	0.02029	0.00851	0.00270	0.00411	0.05300	0.00624	0.00570
79	0.03921	0.00723	0.00908	0.00852	0.01035	0.00672	0.00642	0.01343	0.01826	0.05543	0.59476	0.07272	0.10522	0.01370	0.00775	0.00214	0.00339	0.01198	0.00719	0.00650
80	0.01483	0.10680	0.51141	0.02051	0.08716	0.01704	0.06335	0.04389	0.03475	0.02165	0.01247	0.01464	0.00923	0.00636	0.00630	0.00205	0.00934	0.00520	0.00316	0.00986
81	0.11978	0.09125	0.04568	0.09076	0.02227	0.11970	0.01293	0.32861	0.05620	0.03056	0.01379	0.01494	0.01032	0.00730	0.00607	0.00197	0.00790	0.00530	0.00505	0.00962
82	0.00893	0.00777	0.03369	0.03689	0.03584	0.00667	0.00755	0.01093	0.01441	0.01899	0.13352	0.42011	0.20475	0.01754	0.00812	0.00247	0.00421	0.01556	0.00605	0.00602
83	0.00939	0.00648	0.00888	0.01060	0.03470	0.00607	0.00700	0.01084	0.01345	0.04352	0.05890	0.66151	0.04267	0.01971	0.00843	0.00267	0.00415	0.03888	0.00624	0.00590
84	0.28681	0.06184	0.03739	0.06922	0.13685	0.06703	0.01271	0.10466	0.07207	0.04594	0.01295	0.01476	0.01005	0.00696	0.00620	0.00205	0.03416	0.00505	0.00437	0.00893
85	0.04575	0.01783	0.05551	0.08950	0.12326	0.08485	0.06068	0.17704	0.05621	0.07953	0.01458	0.01654	0.01101	0.00728	0.00756	0.00202	0.06073	0.00580	0.00468	0.07965

[dist]
# distance from previous block
