[name]
unknown

[dist]
# distance from previous block
# <min> <max>
3	29

[block]
# block no. 0 follows, 30 sequences, length 45
# corresponding to MSA columns:
# 37-81
name=unknown_A
#
# <colnr> <probs for GDERKNQSTAVLIFYWHMCP>
#	G	D	E	R	K	N	Q	S	T	A	V	L	I	F	Y	W	H	M	C	P
0	0.01979	0.02482	0.07655	0.04227	0.06425	0.39674	0.01344	0.02350	0.05268	0.02035	0.12679	0.02404	0.06767	0.00904	0.00687	0.00200	0.00954	0.00689	0.00454	0.00821
1	0.08248	0.01651	0.12002	0.29231	0.16833	0.01491	0.01757	0.05071	0.01565	0.05693	0.01902	0.02210	0.07862	0.00793	0.00681	0.00223	0.00810	0.00673	0.00404	0.00898
2	0.01685	0.04621	0.08888	0.03678	0.55852	0.01662	0.02039	0.04125	0.01594	0.02272	0.01341	0.01744	0.01121	0.00924	0.05256	0.00264	0.00908	0.00611	0.00352	0.01063
3	0.01689	0.01630	0.02813	0.10162	0.63159	0.01653	0.04400	0.02114	0.01574	0.02236	0.01310	0.01744	0.01089	0.00627	0.00696	0.00210	0.00850	0.00629	0.00343	0.01072
4	0.01100	0.00836	0.01065	0.01012	0.01035	0.00964	0.00696	0.01172	0.01044	0.01458	0.01917	0.03706	0.02112	0.49737	0.16071	0.00694	0.13573	0.00896	0.00394	0.00518
5	0.01836	0.01549	0.01634	0.01440	0.01853	0.01782	0.01129	0.10794	0.62613	0.03080	0.02713	0.02503	0.02027	0.00935	0.00709	0.00234	0.00576	0.00771	0.00709	0.01113
6	0.01638	0.01567	0.02671	0.19419	0.56684	0.01635	0.02097	0.02064	0.01547	0.02172	0.01297	0.01756	0.01067	0.00638	0.00692	0.00213	0.00851	0.00621	0.00338	0.01033
7	0.01433	0.08794	0.66968	0.01932	0.02932	0.01702	0.02479	0.02201	0.01469	0.02169	0.01232	0.01448	0.00885	0.00658	0.00648	0.00216	0.01011	0.00505	0.00295	0.01022
8	0.04003	0.00990	0.01355	0.01264	0.01417	0.01199	0.01006	0.07090	0.01300	0.01918	0.01676	0.02410	0.01537	0.04089	0.53347	0.00888	0.12718	0.00704	0.00393	0.00697
9	0.01675	0.01605	0.02739	0.13110	0.62703	0.01644	0.02116	0.02096	0.01564	0.02217	0.01303	0.01744	0.01083	0.00631	0.00692	0.00210	0.00842	0.00622	0.00341	0.01063
10	0.01005	0.00702	0.00895	0.00892	0.01047	0.00638	0.00652	0.01259	0.01761	0.04815	0.42733	0.23311	0.14382	0.01648	0.00836	0.00238	0.00361	0.01456	0.00725	0.00644
11	0.01551	0.01481	0.02501	0.32786	0.41114	0.01633	0.02034	0.01976	0.01489	0.02052	0.01267	0.01774	0.01026	0.00677	0.00757	0.00222	0.03756	0.00621	0.00329	0.00956
12	0.01410	0.03536	0.68972	0.02030	0.03047	0.01627	0.05392	0.02211	0.01481	0.02211	0.01259	0.01491	0.00891	0.00660	0.00670	0.00222	0.01037	0.00529	0.00297	0.01027
13	0.00825	0.00707	0.00707	0.00707	0.00943	0.00589	0.00530	0.01001	0.01591	0.01885	0.07069	0.06716	0.70839	0.01767	0.00825	0.00236	0.00353	0.01473	0.00648	0.00589
14	0.01630	0.01906	0.06095	0.05439	0.05778	0.01749	0.62139	0.02216	0.01631	0.02220	0.01398	0.01864	0.01050	0.00595	0.00810	0.00234	0.01152	0.00801	0.00349	0.00943
15	0.01640	0.01569	0.02674	0.19156	0.56934	0.01635	0.02098	0.02065	0.01548	0.02173	0.01297	0.01756	0.01068	0.00638	0.00692	0.00213	0.00851	0.00621	0.00338	0.01035
16	0.02629	0.02668	0.02033	0.01706	0.02161	0.38867	0.01338	0.34435	0.02602	0.02998	0.01365	0.01458	0.01037	0.00776	0.00662	0.00194	0.01023	0.00535	0.00522	0.00990
17	0.00844	0.00633	0.00783	0.00902	0.00994	0.00573	0.00617	0.00979	0.01403	0.01809	0.04693	0.57077	0.22012	0.02076	0.00873	0.00271	0.00391	0.01850	0.00648	0.00573
18	0.01560	0.01360	0.01560	0.01402	0.01679	0.01614	0.01101	0.02901	0.45226	0.02636	0.12245	0.05320	0.02634	0.01109	0.01020	0.00248	0.13916	0.00866	0.00643	0.00960
19	0.01668	0.01603	0.02702	0.11648	0.58959	0.01681	0.02075	0.02070	0.01531	0.02183	0.01276	0.01727	0.01073	0.00673	0.00806	0.00217	0.06102	0.00621	0.00339	0.01045
20	0.01621	0.01550	0.02640	0.22333	0.53904	0.01630	0.02089	0.02048	0.01539	0.02151	0.01294	0.01762	0.01060	0.00641	0.00693	0.00214	0.00855	0.00621	0.00336	0.01020
21	0.02764	0.01269	0.01609	0.01288	0.01790	0.01212	0.01046	0.03482	0.19825	0.53563	0.02776	0.02435	0.01833	0.00886	0.00704	0.00221	0.00583	0.00725	0.00823	0.01166
22	0.01372	0.01295	0.02190	0.64637	0.13546	0.01565	0.01965	0.01830	0.01421	0.01848	0.01250	0.01843	0.00953	0.00688	0.00697	0.00229	0.00917	0.00620	0.00315	0.00819
23	0.00886	0.00672	0.00959	0.01050	0.01132	0.00624	0.03813	0.01032	0.01363	0.01808	0.03894	0.68181	0.07771	0.02091	0.00884	0.00279	0.00438	0.01904	0.00634	0.00585
24	0.01602	0.01530	0.02606	0.25562	0.50823	0.01625	0.02079	0.02032	0.01530	0.02128	0.01290	0.01768	0.01052	0.00645	0.00693	0.00215	0.00860	0.00621	0.00335	0.01004
25	0.01692	0.01622	0.02770	0.10201	0.65477	0.01649	0.02124	0.02111	0.01572	0.02237	0.01306	0.01738	0.01090	0.00628	0.00691	0.00209	0.00838	0.00622	0.00342	0.01077
26	0.08974	0.11303	0.35077	0.01935	0.02721	0.06708	0.15340	0.02292	0.01539	0.05981	0.01295	0.01517	0.00956	0.00654	0.00649	0.00212	0.00974	0.00554	0.00355	0.00965
27	0.00997	0.00748	0.01121	0.01121	0.01246	0.00872	0.00872	0.01246	0.01121	0.01620	0.01869	0.02741	0.01745	0.05234	0.72710	0.01121	0.01869	0.00748	0.00374	0.00623
28	0.00871	0.00616	0.00803	0.00944	0.00980	0.00581	0.00619	0.00977	0.01294	0.01726	0.03633	0.65909	0.04347	0.11664	0.01235	0.00334	0.00440	0.01858	0.00619	0.00548
29	0.01710	0.01641	0.02802	0.07173	0.68366	0.01654	0.02133	0.02127	0.01581	0.02259	0.01310	0.01733	0.01098	0.00625	0.00691	0.00208	0.00833	0.00622	0.00344	0.01092
30	0.02588	0.01277	0.01587	0.01278	0.01753	0.01243	0.01034	0.08847	0.16861	0.44555	0.08993	0.02629	0.02220	0.00932	0.00715	0.00220	0.00575	0.00766	0.00807	0.01120
31	0.00850	0.00607	0.00810	0.00972	0.01012	0.00567	0.00648	0.00972	0.01336	0.01781	0.03846	0.75020	0.04615	0.02186	0.00891	0.00283	0.00405	0.01984	0.00648	0.00567
32	0.01674	0.01815	0.08718	0.06606	0.57476	0.01671	0.05253	0.02124	0.01558	0.02234	0.01297	0.01712	0.01072	0.00645	0.00745	0.00214	0.03160	0.00622	0.00339	0.01068
33	0.01564	0.24204	0.35711	0.01931	0.05259	0.01928	0.11876	0.02131	0.01513	0.02080	0.04682	0.01628	0.01208	0.00669	0.00633	0.00202	0.00927	0.00561	0.00330	0.00962
34	0.01400	0.03610	0.71860	0.01989	0.03020	0.01621	0.02578	0.02210	0.01473	0.02210	0.01252	0.01473	0.00884	0.00663	0.00663	0.00221	0.01031	0.00516	0.00295	0.01031
35	0.75461	0.01475	0.01086	0.00974	0.01401	0.06084	0.00793	0.02098	0.01238	0.03040	0.00978	0.01142	0.00765	0.00652	0.00444	0.00214	0.00585	0.00382	0.00427	0.00759
36	0.00989	0.00734	0.01075	0.01085	0.01196	0.00838	0.00825	0.01212	0.01127	0.01611	0.02019	0.07469	0.01985	0.10209	0.63058	0.01035	0.01688	0.00846	0.00395	0.00605
37	0.02272	0.04350	0.16519	0.01579	0.02204	0.01805	0.01493	0.30103	0.15148	0.14411	0.01958	0.01903	0.01379	0.00819	0.00686	0.00216	0.00754	0.00639	0.00631	0.01130
38	0.01264	0.00763	0.00985	0.00930	0.01136	0.00687	0.00696	0.01525	0.01806	0.12882	0.39545	0.18613	0.13395	0.01532	0.00818	0.00233	0.00387	0.01344	0.00744	0.00712
39	0.01447	0.01240	0.01447	0.01034	0.01654	0.00930	0.00827	0.01757	0.01447	0.02274	0.01240	0.01447	0.01034	0.00517	0.00517	0.00103	0.00517	0.00413	0.00413	0.79742
40	0.01552	0.23948	0.48167	0.01910	0.07000	0.01946	0.02159	0.02172	0.01465	0.02054	0.01176	0.01389	0.00901	0.00642	0.00604	0.00200	0.00938	0.00482	0.00299	0.00998
41	0.01738	0.01760	0.08574	0.10325	0.55438	0.01610	0.02099	0.02183	0.01584	0.06006	0.01379	0.01753	0.01104	0.00645	0.00690	0.00211	0.00843	0.00617	0.00366	0.01073
42	0.01660	0.06598	0.10916	0.02804	0.23919	0.01633	0.24352	0.02147	0.01572	0.03772	0.01339	0.01683	0.01054	0.00603	0.00690	0.00199	0.00911	0.00632	0.00361	0.13155
43	0.01799	0.01740	0.11863	0.01835	0.10148	0.01368	0.07831	0.08705	0.05800	0.10460	0.01608	0.01784	0.01217	0.00873	0.04007	0.00223	0.00787	0.00584	0.00478	0.26888
44	0.04378	0.04690	0.05160	0.11686	0.15207	0.01671	0.05159	0.18336	0.04569	0.08933	0.03815	0.02060	0.03091	0.01054	0.04907	0.00270	0.02842	0.00673	0.00507	0.00993

[dist]
# distance from previous block
# <min> <max>
0	11

[block]
# block no. 1 follows, 30 sequences, length 91
# corresponding to MSA columns:
# 93-183
name=unknown_B
#
# <colnr> <probs for GDERKNQSTAVLIFYWHMCP>
#	G	D	E	R	K	N	Q	S	T	A	V	L	I	F	Y	W	H	M	C	P
0	0.05242	0.08945	0.01522	0.01100	0.01408	0.01077	0.05823	0.01533	0.01523	0.04448	0.19604	0.03619	0.12243	0.08573	0.12729	0.00394	0.00761	0.00914	0.00528	0.08017
1	0.01507	0.01558	0.05999	0.38331	0.32920	0.01607	0.04159	0.01972	0.01490	0.02030	0.01277	0.01785	0.01007	0.00660	0.00697	0.00221	0.00900	0.00622	0.00326	0.00934
2	0.01769	0.05645	0.13559	0.09893	0.20262	0.01580	0.04015	0.12248	0.01795	0.07114	0.01662	0.08478	0.01412	0.00820	0.00686	0.00210	0.00793	0.00716	0.00453	0.06889
3	0.01526	0.01057	0.01291	0.04984	0.01621	0.01074	0.00973	0.12827	0.06429	0.08789	0.03356	0.20343	0.10838	0.04437	0.00917	0.00269	0.00576	0.14048	0.00643	0.04002
4	0.01472	0.01344	0.02189	0.16295	0.39583	0.01411	0.01706	0.01895	0.03967	0.02123	0.06477	0.05273	0.01781	0.06604	0.04671	0.00300	0.00828	0.00764	0.00402	0.00914
5	0.01630	0.09324	0.43268	0.02099	0.07222	0.01721	0.09985	0.02325	0.04349	0.07001	0.01409	0.01618	0.01031	0.00690	0.00724	0.00219	0.03430	0.00574	0.00362	0.01018
6	0.01907	0.02373	0.27320	0.06503	0.05118	0.05124	0.21284	0.02473	0.01660	0.16984	0.01611	0.01805	0.01125	0.00688	0.00719	0.00222	0.00979	0.00651	0.00439	0.01014
7	0.01564	0.05320	0.02257	0.33324	0.19576	0.10159	0.04084	0.01950	0.01568	0.01985	0.07136	0.04970	0.01592	0.00795	0.00698	0.00217	0.00874	0.00703	0.00377	0.00851
8	0.02153	0.01468	0.05648	0.09469	0.21140	0.01362	0.01496	0.05968	0.07143	0.27324	0.04278	0.05910	0.01738	0.00861	0.00710	0.00220	0.00703	0.00749	0.00601	0.01060
9	0.07543	0.06360	0.06961	0.05246	0.04773	0.01358	0.07033	0.04177	0.06378	0.12600	0.04478	0.16423	0.05087	0.01147	0.00808	0.00238	0.04381	0.03589	0.00551	0.00869
10	0.11130	0.06150	0.30435	0.04157	0.05030	0.01541	0.13468	0.02129	0.01492	0.07373	0.01622	0.09444	0.01371	0.00822	0.00681	0.00225	0.00872	0.00723	0.00404	0.00931
11	0.33858	0.02230	0.01706	0.04737	0.10684	0.32012	0.01234	0.02366	0.01585	0.02358	0.01072	0.01292	0.00869	0.00677	0.00560	0.00200	0.00900	0.00449	0.00385	0.00824
12	0.01614	0.01545	0.02617	0.22400	0.51614	0.01645	0.02069	0.02033	0.01522	0.02131	0.01281	0.01756	0.01054	0.00660	0.00742	0.00217	0.03135	0.00621	0.00335	0.01008
13	0.01641	0.01774	0.08167	0.09830	0.31890	0.01631	0.20337	0.05550	0.01668	0.02310	0.01543	0.02265	0.01303	0.00741	0.00749	0.00228	0.00931	0.06071	0.00383	0.00990
14	0.01658	0.04654	0.02732	0.16823	0.56168	0.01684	0.02065	0.02074	0.01547	0.02163	0.01285	0.01726	0.01065	0.00635	0.00682	0.00209	0.00844	0.00611	0.00337	0.01037
15	0.01132	0.00714	0.00922	0.00921	0.01073	0.00651	0.00664	0.01326	0.01633	0.08565	0.28860	0.28423	0.12594	0.04055	0.01017	0.04275	0.00407	0.01437	0.00688	0.00643
16	0.01742	0.49271	0.10528	0.06674	0.04411	0.02220	0.01367	0.02048	0.01461	0.05392	0.01518	0.05403	0.03914	0.00756	0.00549	0.00179	0.00752	0.00560	0.00362	0.00894
17	0.05437	0.08603	0.56871	0.04898	0.02952	0.01706	0.05792	0.02177	0.01461	0.02199	0.01225	0.01468	0.00889	0.00655	0.00645	0.00217	0.00989	0.00519	0.00306	0.00992
18	0.01714	0.01728	0.02905	0.07454	0.49554	0.05332	0.13606	0.02145	0.01610	0.02209	0.01408	0.01980	0.01193	0.00677	0.00722	0.00217	0.00910	0.03255	0.00357	0.01026
19	0.01641	0.01680	0.06270	0.09351	0.58925	0.01597	0.02074	0.02076	0.01588	0.02264	0.04815	0.01900	0.01357	0.00670	0.00697	0.00211	0.00822	0.00648	0.00361	0.01053
20	0.01496	0.03071	0.54942	0.04530	0.02956	0.01577	0.07969	0.02207	0.01520	0.05850	0.04087	0.01719	0.01172	0.00716	0.00737	0.00225	0.03287	0.00588	0.00349	0.01000
21	0.03866	0.01110	0.08539	0.01093	0.01355	0.00888	0.00954	0.03402	0.01519	0.02027	0.04293	0.20335	0.26543	0.04669	0.01003	0.00279	0.03718	0.13161	0.00579	0.00667
22	0.01811	0.01609	0.02667	0.03794	0.58523	0.01662	0.01992	0.02186	0.01564	0.07398	0.01378	0.01754	0.01132	0.00704	0.00863	0.00218	0.08663	0.00627	0.00380	0.01075
23	0.01534	0.01476	0.02539	0.29750	0.40169	0.01580	0.05491	0.01967	0.01521	0.02078	0.01529	0.01991	0.03924	0.00695	0.00706	0.00219	0.00865	0.00667	0.00345	0.00953
24	0.01399	0.04432	0.17772	0.11217	0.03004	0.01476	0.28073	0.01892	0.01492	0.02038	0.01797	0.13827	0.01670	0.00983	0.00843	0.03060	0.00938	0.02856	0.00388	0.00846
25	0.01460	0.01228	0.02025	0.61486	0.07881	0.01474	0.01812	0.01902	0.01449	0.06523	0.01399	0.01926	0.01037	0.00711	0.00687	0.00226	0.00871	0.00627	0.04461	0.00814
26	0.08524	0.01645	0.02590	0.07339	0.54752	0.04087	0.04044	0.02117	0.01560	0.02300	0.01356	0.01882	0.01157	0.00675	0.00680	0.00213	0.00829	0.02861	0.00362	0.01027
27	0.01493	0.01405	0.02439	0.34028	0.30860	0.01530	0.06913	0.01901	0.01474	0.01997	0.01378	0.02061	0.01147	0.00799	0.00822	0.04401	0.00880	0.03243	0.00340	0.00889
28	0.04623	0.01783	0.14152	0.04348	0.08222	0.05041	0.09931	0.06394	0.09403	0.02333	0.02248	0.18688	0.02179	0.01143	0.00760	0.00243	0.00777	0.06360	0.00497	0.00878
29	0.01691	0.02053	0.12765	0.02744	0.10362	0.03453	0.44059	0.03979	0.01680	0.04624	0.02907	0.03555	0.01257	0.00675	0.00777	0.00228	0.01057	0.00778	0.00386	0.00968
30	0.01715	0.01468	0.02390	0.23403	0.32636	0.01587	0.04196	0.05537	0.01642	0.07687	0.04977	0.01986	0.01377	0.00753	0.00809	0.00223	0.05564	0.00667	0.00414	0.00971
31	0.01614	0.21703	0.38207	0.01982	0.06246	0.01894	0.10401	0.02196	0.01507	0.04224	0.01314	0.01643	0.01029	0.00674	0.00638	0.00206	0.00942	0.02264	0.00332	0.00984
32	0.01604	0.02108	0.22892	0.11744	0.21358	0.01586	0.09665	0.02116	0.01511	0.06757	0.01490	0.05420	0.01217	0.00782	0.00835	0.00230	0.06651	0.00687	0.00374	0.00974
33	0.01803	0.01522	0.13501	0.01422	0.04146	0.01173	0.01242	0.06738	0.09434	0.19866	0.06333	0.14368	0.04014	0.04274	0.03839	0.00290	0.00692	0.03784	0.00628	0.00930
34	0.01488	0.02414	0.33248	0.04251	0.02568	0.06884	0.11947	0.02018	0.01540	0.05633	0.02095	0.13566	0.05534	0.01077	0.02388	0.00252	0.00927	0.00863	0.00416	0.00892
35	0.02019	0.10969	0.25122	0.02065	0.09579	0.05016	0.09957	0.10060	0.01822	0.14484	0.01547	0.01679	0.01112	0.00700	0.00670	0.00209	0.00899	0.00590	0.00456	0.01047
36	0.01604	0.03927	0.02207	0.37055	0.08179	0.01612	0.07126	0.09935	0.01622	0.04817	0.01445	0.02095	0.01185	0.08737	0.01098	0.00276	0.05167	0.00674	0.00396	0.00843
37	0.05444	0.01430	0.02519	0.45763	0.15908	0.01607	0.13501	0.01937	0.01462	0.02016	0.01269	0.01804	0.00974	0.00663	0.00705	0.00228	0.00936	0.00644	0.00330	0.00860
38	0.01754	0.02083	0.10616	0.07883	0.20281	0.07226	0.30991	0.06338	0.01723	0.02305	0.01349	0.01737	0.01038	0.00638	0.00742	0.00221	0.01038	0.00685	0.00364	0.00985
39	0.01580	0.09085	0.08304	0.19270	0.11269	0.04596	0.13450	0.04420	0.05123	0.02077	0.01473	0.04711	0.01236	0.01049	0.05335	0.00280	0.04789	0.00687	0.00374	0.00892
40	0.01592	0.03065	0.48411	0.02190	0.03086	0.05330	0.19111	0.02292	0.01564	0.04877	0.01342	0.01600	0.00962	0.00655	0.00703	0.00222	0.01063	0.00597	0.00335	0.01003
41	0.01182	0.01127	0.07749	0.03293	0.06605	0.00905	0.05397	0.01464	0.01493	0.05481	0.06198	0.30083	0.12398	0.05424	0.00971	0.00280	0.00594	0.08071	0.00570	0.00716
42	0.01690	0.15927	0.37415	0.04606	0.05380	0.01792	0.12562	0.02284	0.01540	0.08459	0.01366	0.01580	0.01001	0.00657	0.00656	0.00210	0.00952	0.00563	0.00359	0.01001
43	0.01566	0.01754	0.07519	0.42608	0.20108	0.09162	0.03522	0.02017	0.01515	0.01935	0.01245	0.01736	0.00968	0.00677	0.00689	0.00220	0.00954	0.00599	0.00324	0.00880
44	0.00910	0.00727	0.00820	0.00839	0.01024	0.00657	0.00612	0.01197	0.05192	0.02090	0.18248	0.22142	0.39524	0.01757	0.00834	0.00244	0.00371	0.01516	0.00674	0.00624
45	0.01659	0.02045	0.17124	0.10285	0.32323	0.03383	0.12648	0.02172	0.01581	0.04933	0.01457	0.01976	0.01172	0.00698	0.00717	0.00221	0.00930	0.03303	0.00366	0.01008
46	0.01335	0.09694	0.18657	0.07453	0.02146	0.01445	0.03543	0.01942	0.09735	0.02174	0.11699	0.09727	0.07851	0.01114	0.00830	0.00233	0.05610	0.03486	0.00489	0.00838
47	0.02132	0.01361	0.01470	0.01208	0.01625	0.04850	0.00967	0.23082	0.02255	0.21922	0.05654	0.06319	0.21791	0.01179	0.00744	0.00221	0.00597	0.00957	0.00712	0.00954
48	0.01656	0.01766	0.07798	0.11417	0.55637	0.01650	0.05643	0.02113	0.01563	0.02220	0.01306	0.01731	0.01068	0.00631	0.00697	0.00212	0.00873	0.00625	0.00338	0.01056
49	0.01706	0.08946	0.29790	0.04427	0.07631	0.01626	0.12063	0.06651	0.01687	0.09059	0.04574	0.05663	0.01474	0.00788	0.00696	0.00218	0.00886	0.00696	0.00430	0.00987
50	0.01616	0.01535	0.02608	0.18878	0.54302	0.01601	0.02058	0.02038	0.01549	0.02167	0.01392	0.02001	0.01185	0.00690	0.00703	0.00217	0.00843	0.03249	0.00350	0.01017
51	0.01313	0.01864	0.21179	0.01820	0.02295	0.01358	0.17786	0.01742	0.01387	0.01955	0.01919	0.12367	0.01897	0.11034	0.04466	0.00348	0.08794	0.05284	0.00401	0.00794
52	0.01474	0.06669	0.13287	0.07132	0.15573	0.01443	0.15830	0.01920	0.01593	0.04368	0.12500	0.05076	0.04304	0.04742	0.00880	0.00243	0.00813	0.00828	0.00440	0.00885
53	0.01600	0.11673	0.23086	0.03399	0.02762	0.01678	0.24265	0.02219	0.05031	0.05774	0.03186	0.02359	0.04199	0.00793	0.00723	0.00224	0.00929	0.04748	0.00411	0.00941
54	0.01318	0.01240	0.02093	0.73798	0.04806	0.01550	0.01938	0.01783	0.01395	0.01783	0.01240	0.01860	0.00930	0.00698	0.00698	0.00233	0.00930	0.00620	0.00310	0.00775
55	0.03538	0.06100	0.60182	0.01943	0.02892	0.03812	0.04686	0.04975	0.01560	0.02289	0.01252	0.01468	0.00900	0.00666	0.00655	0.00217	0.01009	0.00520	0.00319	0.01016
56	0.01509	0.09756	0.04007	0.19013	0.26597	0.03800	0.05710	0.01898	0.01582	0.02112	0.10667	0.04581	0.04185	0.00831	0.00699	0.00213	0.00787	0.00753	0.00407	0.00892
57	0.01351	0.01274	0.02153	0.68199	0.10148	0.01559	0.01954	0.01812	0.01411	0.01823	0.01246	0.01850	0.00944	0.00692	0.00697	0.00231	0.00922	0.00620	0.00313	0.00802
58	0.02157	0.01758	0.02245	0.09237	0.26764	0.07034	0.01620	0.20538	0.08888	0.10248	0.01693	0.01847	0.01264	0.00753	0.00692	0.00212	0.00801	0.00636	0.00531	0.01083
59	0.01749	0.01846	0.08921	0.02992	0.36844	0.05252	0.06261	0.10213	0.04466	0.02535	0.06662	0.05788	0.01708	0.00808	0.00716	0.00215	0.00816	0.00742	0.00446	0.01021
60	0.01573	0.01539	0.02430	0.37956	0.35393	0.05196	0.02003	0.02000	0.01514	0.02009	0.01266	0.01768	0.01010	0.00664	0.00691	0.00218	0.00900	0.00612	0.00329	0.00930
61	0.00944	0.00681	0.00907	0.01017	0.01121	0.00644	0.00761	0.01159	0.01544	0.02069	0.17653	0.41406	0.07739	0.01950	0.00892	0.00277	0.00445	0.17514	0.00671	0.00605
62	0.01674	0.01457	0.01638	0.01457	0.01842	0.01661	0.03995	0.03466	0.62439	0.02815	0.02844	0.07297	0.02246	0.01012	0.00727	0.00240	0.00570	0.00868	0.00691	0.01062
63	0.01650	0.01811	0.03774	0.06092	0.17408	0.01734	0.52376	0.02198	0.01625	0.02226	0.01385	0.01850	0.01063	0.00599	0.00791	0.00229	0.01096	0.00774	0.00350	0.00968
64	0.01461	0.01373	0.02318	0.44008	0.29415	0.01551	0.01971	0.01899	0.01479	0.01985	0.01396	0.02126	0.01158	0.00734	0.00709	0.00228	0.00877	0.04078	0.00341	0.00892
65	0.01736	0.01499	0.01578	0.01420	0.01815	0.01736	0.01105	0.03708	0.69862	0.02919	0.02840	0.02604	0.02130	0.00947	0.00710	0.00237	0.00552	0.00789	0.00710	0.01105
66	0.01364	0.01287	0.02176	0.66018	0.12228	0.01562	0.01961	0.01823	0.01417	0.01839	0.01248	0.01846	0.00950	0.00689	0.00697	0.00230	0.00919	0.00620	0.00314	0.00812
67	0.02172	0.01709	0.01929	0.11682	0.02423	0.01941	0.01341	0.38574	0.24307	0.03558	0.01987	0.01998	0.01452	0.00853	0.00702	0.00221	0.00722	0.00679	0.00647	0.01103
68	0.80405	0.01350	0.01026	0.00918	0.01350	0.01565	0.00756	0.02051	0.01188	0.03131	0.00972	0.01134	0.00756	0.00648	0.00432	0.00216	0.00540	0.00378	0.00432	0.00756
69	0.01647	0.01882	0.04118	0.02941	0.03647	0.01765	0.68588	0.02235	0.01647	0.02235	0.01412	0.01882	0.01059	0.00588	0.00824	0.00235	0.01176	0.00824	0.00353	0.00941
70	0.01447	0.01240	0.01447	0.01034	0.01654	0.00930	0.00827	0.01757	0.01447	0.02274	0.01240	0.01447	0.01034	0.00517	0.00517	0.00103	0.00517	0.00413	0.00413	0.79742
71	0.01121	0.00936	0.01432	0.06434	0.19806	0.00925	0.01121	0.01359	0.01462	0.01991	0.08021	0.43581	0.05834	0.01608	0.00818	0.00254	0.00543	0.01467	0.00555	0.00730
72	0.01124	0.00803	0.01124	0.01285	0.01446	0.00803	0.01124	0.01446	0.01606	0.02088	0.03695	0.07871	0.04016	0.01928	0.00964	0.00321	0.00643	0.66426	0.00643	0.00643
73	0.80405	0.01350	0.01026	0.00918	0.01350	0.01565	0.00756	0.02051	0.01188	0.03131	0.00972	0.01134	0.00756	0.00648	0.00432	0.00216	0.00540	0.00378	0.00432	0.00756
74	0.01447	0.01240	0.01447	0.01034	0.01654	0.00930	0.00827	0.01757	0.01447	0.02274	0.01240	0.01447	0.01034	0.00517	0.00517	0.00103	0.00517	0.00413	0.00413	0.79742
75	0.01709	0.01640	0.02800	0.07292	0.68253	0.01653	0.02133	0.02126	0.01581	0.02258	0.01309	0.01733	0.01098	0.00625	0.00691	0.00208	0.00833	0.00622	0.00344	0.01091
76	0.00825	0.00707	0.00707	0.00707	0.00943	0.00589	0.00530	0.01001	0.01591	0.01885	0.07069	0.06716	0.70839	0.01767	0.00825	0.00236	0.00353	0.01473	0.00648	0.00589
77	0.07432	0.19452	0.34727	0.01660	0.02379	0.16404	0.01819	0.02247	0.01539	0.02032	0.01222	0.03851	0.01009	0.00711	0.00599	0.00198	0.00957	0.00511	0.00331	0.00920
78	0.01847	0.73009	0.06380	0.01226	0.01840	0.02716	0.01249	0.02094	0.01420	0.01664	0.00981	0.01134	0.00895	0.00600	0.00456	0.00152	0.00758	0.00379	0.00298	0.00901
79	0.00881	0.00629	0.00845	0.01007	0.01061	0.00594	0.00702	0.01025	0.01367	0.01816	0.03829	0.67433	0.04548	0.02157	0.00899	0.00288	0.00432	0.09266	0.00647	0.00575
80	0.00850	0.00607	0.00810	0.00972	0.01012	0.00567	0.00648	0.00972	0.01336	0.01781	0.03846	0.75020	0.04615	0.02186	0.00891	0.00283	0.00405	0.01984	0.00648	0.00567
81	0.20159	0.34028	0.13626	0.01340	0.01950	0.05901	0.01337	0.10470	0.01635	0.02426	0.01109	0.01256	0.00898	0.00656	0.00519	0.00185	0.00773	0.00433	0.00382	0.00917
82	0.01724	0.01666	0.02877	0.04237	0.68778	0.01662	0.04451	0.02145	0.01591	0.02278	0.01316	0.01733	0.01104	0.00621	0.00695	0.00208	0.00841	0.00629	0.00346	0.01100
83	0.00825	0.00707	0.00707	0.00707	0.00943	0.00589	0.00530	0.01001	0.01591	0.01885	0.07069	0.06716	0.70839	0.01767	0.00825	0.00236	0.00353	0.01473	0.00648	0.00589
84	0.01754	0.01737	0.02897	0.04091	0.63516	0.04305	0.07080	0.02173	0.01608	0.02255	0.01311	0.01721	0.01094	0.00623	0.00698	0.00208	0.00871	0.00630	0.00347	0.01082
85	0.09985	0.05839	0.04136	0.01756	0.08509	0.20317	0.01307	0.12181	0.17351	0.09257	0.01733	0.01760	0.01302	0.00777	0.00642	0.00206	0.00821	0.00583	0.00535	0.01000
86	0.01894	0.73086	0.03592	0.01217	0.01805	0.05468	0.01200	0.02117	0.01440	0.01644	0.00974	0.01125	0.00896	0.00602	0.00455	0.00150	0.00766	0.00376	0.00301	0.00892
87	0.01904	0.41604	0.18404	0.01454	0.02115	0.05951	0.01508	0.07618	0.06747	0.04880	0.01306	0.01411	0.01042	0.00674	0.00555	0.00181	0.00818	0.00473	0.00386	0.00972
88	0.01646	0.01406	0.01502	0.01380	0.01739	0.01613	0.01069	0.03417	0.62194	0.02802	0.02948	0.08475	0.02389	0.01077	0.00733	0.00243	0.00544	0.03074	0.00703	0.01047
89	0.00997	0.00748	0.01121	0.01121	0.01246	0.00872	0.00872	0.01246	0.01121	0.01620	0.01869	0.02741	0.01745	0.05234	0.72710	0.01121	0.01869	0.00748	0.00374	0.00623
90	0.01733	0.01513	0.01670	0.01475	0.01881	0.01737	0.03541	0.03655	0.67399	0.02894	0.02789	0.02578	0.02092	0.00934	0.00714	0.00237	0.00575	0.00790	0.00697	0.01099

[dist]
# distance from previous block
# <min> <max>
0	1

# created by:
# /home/berkeley/.conda/envs/busco_data_prod/bin/msa2prfl.pl pipeline/OGs_align_augustus/4893/29197.fs
