[name]
unknown

[dist]
# distance from previous block
# <min> <max>
0	7

[block]
# block no. 0 follows, 34 sequences, length 49
# corresponding to MSA columns:
# 7-55
name=unknown_A
#
# <colnr> <probs for GDERKNQSTAVLIFYWHMCP>
#	G	D	E	R	K	N	Q	S	T	A	V	L	I	F	Y	W	H	M	C	P
0	0.01658	0.01686	0.09204	0.02328	0.14395	0.03810	0.28260	0.02163	0.05442	0.10974	0.01749	0.04264	0.03407	0.00752	0.00784	0.00216	0.05098	0.02488	0.00419	0.00901
1	0.01429	0.13921	0.59408	0.01714	0.02585	0.01683	0.02132	0.06257	0.01459	0.02095	0.01146	0.01329	0.00837	0.00615	0.00587	0.00194	0.00902	0.00465	0.00296	0.00946
2	0.00787	0.00562	0.00750	0.00900	0.00937	0.00525	0.00600	0.00900	0.01237	0.01649	0.03561	0.76871	0.04274	0.02024	0.00825	0.00262	0.00375	0.01837	0.00600	0.00525
3	0.01532	0.01467	0.02502	0.16604	0.61145	0.01518	0.01950	0.01925	0.01440	0.02030	0.01204	0.01621	0.00995	0.00588	0.00641	0.00196	0.00784	0.00575	0.00314	0.00970
4	0.08909	0.01279	0.01576	0.01246	0.01699	0.01269	0.03250	0.22239	0.02053	0.38000	0.02197	0.09867	0.01648	0.00899	0.00651	0.00205	0.00591	0.00736	0.00687	0.00998
5	0.02616	0.01078	0.01437	0.01125	0.01581	0.00961	0.00920	0.04798	0.04149	0.61293	0.10652	0.02492	0.02117	0.00862	0.00663	0.00201	0.00525	0.00710	0.00781	0.01041
6	0.00787	0.00562	0.00750	0.00900	0.00937	0.00525	0.00600	0.00900	0.01237	0.01649	0.03561	0.76871	0.04274	0.02024	0.00825	0.00262	0.00375	0.01837	0.00600	0.00525
7	0.01485	0.01379	0.02016	0.10780	0.09417	0.01816	0.01495	0.01691	0.01119	0.05274	0.01008	0.01510	0.00906	0.00999	0.01716	0.00261	0.55482	0.00572	0.00313	0.00761
8	0.01534	0.01719	0.03675	0.02867	0.11448	0.01623	0.62954	0.02060	0.01519	0.02074	0.01297	0.01726	0.00985	0.00548	0.00748	0.00215	0.01052	0.00741	0.00326	0.00889
9	0.00923	0.00692	0.01038	0.01038	0.01154	0.00808	0.00808	0.01154	0.01038	0.01500	0.01731	0.02538	0.01615	0.04846	0.74732	0.01038	0.01731	0.00692	0.00346	0.00577
10	0.01340	0.01148	0.01340	0.00957	0.01531	0.00861	0.00766	0.01627	0.01340	0.02105	0.01148	0.01340	0.00957	0.00479	0.00479	0.00096	0.00479	0.00383	0.00383	0.81242
11	0.02414	0.03079	0.01831	0.01665	0.01998	0.74698	0.01248	0.02580	0.01831	0.01581	0.00999	0.01165	0.00832	0.00666	0.00583	0.00166	0.01165	0.00416	0.00333	0.00749
12	0.00940	0.00626	0.00705	0.00705	0.00705	0.00626	0.00392	0.00940	0.00940	0.01253	0.02036	0.04228	0.02349	0.77292	0.03289	0.00626	0.00626	0.00940	0.00392	0.00392
13	0.01340	0.01148	0.01340	0.00957	0.01531	0.00861	0.00766	0.01627	0.01340	0.02105	0.01148	0.01340	0.00957	0.00479	0.00479	0.00096	0.00479	0.00383	0.00383	0.81242
14	0.01879	0.01707	0.07075	0.01976	0.12378	0.01659	0.12436	0.33483	0.06325	0.03083	0.09743	0.02004	0.01678	0.00768	0.00676	0.00201	0.00737	0.00679	0.00531	0.00981
15	0.01423	0.02511	0.41311	0.04626	0.31163	0.01517	0.04289	0.02011	0.01410	0.02063	0.01186	0.01479	0.00907	0.00597	0.00630	0.00200	0.00881	0.00528	0.00294	0.00974
16	0.81856	0.01250	0.00950	0.00850	0.01250	0.01449	0.00700	0.01899	0.01100	0.02899	0.00900	0.01050	0.00700	0.00600	0.00400	0.00200	0.00500	0.00350	0.00400	0.00700
17	0.00800	0.00656	0.00705	0.00693	0.00895	0.00561	0.00520	0.00998	0.01559	0.01950	0.22586	0.05882	0.56831	0.01560	0.00763	0.00215	0.00322	0.01317	0.00627	0.00561
18	0.00787	0.00562	0.00750	0.00900	0.00937	0.00525	0.00600	0.00900	0.01237	0.01649	0.03561	0.76871	0.04274	0.02024	0.00825	0.00262	0.00375	0.01837	0.00600	0.00525
19	0.00939	0.00629	0.00715	0.00715	0.00719	0.00632	0.00405	0.00947	0.00943	0.01261	0.02026	0.04174	0.02325	0.74956	0.05593	0.00640	0.00662	0.00932	0.00390	0.00397
20	0.01296	0.03342	0.73944	0.01842	0.02797	0.01501	0.02387	0.02046	0.01364	0.02046	0.01160	0.01364	0.00818	0.00614	0.00614	0.00205	0.00955	0.00477	0.00273	0.00955
21	0.01727	0.77681	0.03386	0.01106	0.01658	0.02557	0.01106	0.01935	0.01313	0.01520	0.00898	0.01036	0.00829	0.00553	0.00415	0.00138	0.00691	0.00345	0.00276	0.00829
22	0.00940	0.00626	0.00705	0.00705	0.00705	0.00626	0.00392	0.00940	0.00940	0.01253	0.02036	0.04228	0.02349	0.77292	0.03289	0.00626	0.00626	0.00940	0.00392	0.00392
23	0.00787	0.00562	0.00750	0.00900	0.00937	0.00525	0.00600	0.00900	0.01237	0.01649	0.03561	0.76871	0.04274	0.02024	0.00825	0.00262	0.00375	0.01837	0.00600	0.00525
24	0.01340	0.01148	0.01340	0.00957	0.01531	0.00861	0.00766	0.01627	0.01340	0.02105	0.01148	0.01340	0.00957	0.00479	0.00479	0.00096	0.00479	0.00383	0.00383	0.81242
25	0.00764	0.00655	0.00655	0.00655	0.00873	0.00545	0.00491	0.00927	0.01473	0.01745	0.06546	0.06218	0.73000	0.01636	0.00764	0.00218	0.00327	0.01364	0.00600	0.00545
26	0.00940	0.00626	0.00705	0.00705	0.00705	0.00626	0.00392	0.00940	0.00940	0.01253	0.02036	0.04228	0.02349	0.77292	0.03289	0.00626	0.00626	0.00940	0.00392	0.00392
27	0.01277	0.01207	0.01994	0.63956	0.04104	0.01464	0.05591	0.01859	0.08620	0.01783	0.01310	0.01795	0.00983	0.00664	0.00654	0.00216	0.00838	0.00601	0.00328	0.00758
28	0.02002	0.20098	0.07853	0.01681	0.10023	0.15996	0.01326	0.23435	0.01971	0.02490	0.01258	0.01403	0.00991	0.00665	0.00562	0.00173	0.00792	0.00486	0.05882	0.00914
29	0.01403	0.01177	0.01419	0.01049	0.01554	0.00994	0.00847	0.01672	0.01317	0.04542	0.01163	0.01378	0.00967	0.00565	0.00674	0.00121	0.09216	0.00413	0.00386	0.69143
30	0.08023	0.16712	0.06944	0.06085	0.12408	0.01718	0.22416	0.05741	0.01503	0.02127	0.05282	0.01759	0.02881	0.00664	0.00666	0.00196	0.03049	0.00614	0.00361	0.00853
31	0.00887	0.00690	0.00985	0.01039	0.01136	0.00665	0.04931	0.01142	0.06018	0.01746	0.03361	0.67268	0.03917	0.01857	0.00810	0.00257	0.00428	0.01697	0.00587	0.00580
32	0.00940	0.00626	0.00705	0.00705	0.00705	0.00626	0.00392	0.00940	0.00940	0.01253	0.02036	0.04228	0.02349	0.77292	0.03289	0.00626	0.00626	0.00940	0.00392	0.00392
33	0.10891	0.01636	0.02941	0.06203	0.13666	0.03976	0.40127	0.02100	0.05768	0.02159	0.01295	0.01652	0.01000	0.00603	0.00724	0.00212	0.03170	0.00657	0.00351	0.00867
34	0.01557	0.01482	0.02515	0.03773	0.68837	0.01479	0.01899	0.01936	0.01493	0.02140	0.05604	0.01797	0.01334	0.00621	0.00647	0.00193	0.00739	0.00612	0.00344	0.00998
35	0.00804	0.00574	0.00769	0.00919	0.00964	0.00539	0.00629	0.00929	0.01254	0.01668	0.03552	0.72260	0.04237	0.02008	0.00829	0.00265	0.00389	0.06282	0.00599	0.00529
36	0.00845	0.00679	0.00757	0.00734	0.00931	0.00601	0.00551	0.01111	0.03700	0.02091	0.31351	0.05583	0.45775	0.01495	0.00760	0.00213	0.00324	0.01272	0.00643	0.00584
37	0.01728	0.45983	0.16531	0.01503	0.05956	0.06066	0.03925	0.02111	0.03560	0.05646	0.01129	0.01268	0.00921	0.00595	0.00507	0.00164	0.00772	0.00431	0.00323	0.00882
38	0.02752	0.01160	0.01505	0.01161	0.01644	0.01061	0.00957	0.11435	0.01969	0.61256	0.02402	0.02131	0.01541	0.00794	0.00639	0.00197	0.00556	0.00639	0.05129	0.01073
39	0.00933	0.00623	0.00707	0.00714	0.00715	0.00622	0.00401	0.00938	0.00953	0.01271	0.02105	0.07543	0.02437	0.73858	0.03176	0.00610	0.00615	0.00981	0.00401	0.00398
40	0.01568	0.01495	0.02542	0.03822	0.69963	0.01493	0.01920	0.01948	0.01488	0.02133	0.04488	0.01746	0.01255	0.00610	0.00645	0.00192	0.00746	0.00603	0.00338	0.01005
41	0.01220	0.01229	0.06990	0.01210	0.01465	0.07503	0.03509	0.07906	0.01573	0.02003	0.03190	0.27841	0.11380	0.01510	0.00777	0.00245	0.00601	0.18637	0.00543	0.00666
42	0.01414	0.01414	0.01979	0.01696	0.01696	0.01979	0.01414	0.01555	0.00990	0.01555	0.00848	0.01414	0.00848	0.01131	0.02120	0.00283	0.76110	0.00565	0.00283	0.00707
43	0.00896	0.00640	0.00806	0.00901	0.00965	0.00618	0.00606	0.04717	0.01305	0.01735	0.03343	0.62052	0.05649	0.11163	0.01115	0.00302	0.00423	0.01647	0.00577	0.00540
44	0.01592	0.08848	0.37735	0.01934	0.05818	0.03961	0.15406	0.04218	0.01510	0.08544	0.01463	0.01641	0.03098	0.00648	0.00635	0.00199	0.00895	0.00570	0.00357	0.00930
45	0.01517	0.02718	0.50824	0.01836	0.06325	0.01485	0.03545	0.06774	0.07492	0.07131	0.01473	0.03495	0.01092	0.00692	0.00632	0.00206	0.00851	0.00564	0.00378	0.00971
46	0.01989	0.01455	0.04533	0.02272	0.23415	0.01379	0.11091	0.02673	0.16666	0.24720	0.01947	0.01973	0.01394	0.00707	0.00663	0.00204	0.00696	0.00655	0.00542	0.01024
47	0.00954	0.00653	0.00756	0.00747	0.00751	0.00674	0.00438	0.00966	0.00945	0.01271	0.01989	0.04082	0.02277	0.72392	0.05790	0.00631	0.02973	0.00919	0.00387	0.00408
48	0.06878	0.01286	0.01603	0.04214	0.12994	0.01181	0.01056	0.07500	0.06965	0.05614	0.01353	0.01514	0.01066	0.00577	0.00540	0.00144	0.00564	0.00473	0.00432	0.44045

[dist]
# distance from previous block
# <min> <max>
0	2

[block]
# block no. 1 follows, 34 sequences, length 128
# corresponding to MSA columns:
# 58-185
name=unknown_B
#
# <colnr> <probs for GDERKNQSTAVLIFYWHMCP>
#	G	D	E	R	K	N	Q	S	T	A	V	L	I	F	Y	W	H	M	C	P
0	0.01630	0.01622	0.02681	0.03762	0.64466	0.04884	0.07415	0.02017	0.01492	0.02083	0.01213	0.01591	0.01011	0.00577	0.00647	0.00193	0.00811	0.00583	0.00321	0.00999
1	0.00780	0.00655	0.00677	0.00671	0.00883	0.00552	0.00504	0.00958	0.01511	0.01836	0.13628	0.06070	0.65860	0.01603	0.00763	0.00217	0.00325	0.01343	0.00612	0.00552
2	0.01748	0.75442	0.03339	0.01122	0.01669	0.04722	0.01110	0.01954	0.01328	0.01522	0.00901	0.01040	0.00829	0.00556	0.00420	0.00139	0.00705	0.00348	0.00278	0.00827
3	0.00924	0.00689	0.01023	0.01023	0.01133	0.00799	0.00789	0.01144	0.01034	0.01489	0.01745	0.02616	0.01649	0.08154	0.71469	0.01020	0.01680	0.00704	0.00348	0.00568
4	0.00770	0.00649	0.00668	0.00676	0.00880	0.00546	0.00502	0.00935	0.01469	0.01767	0.08516	0.10748	0.66369	0.01651	0.00768	0.00221	0.00330	0.01388	0.00604	0.00546
5	0.00868	0.00659	0.00799	0.00764	0.00937	0.00590	0.00573	0.01129	0.01719	0.02330	0.52450	0.05256	0.26730	0.01418	0.00763	0.00208	0.00312	0.01229	0.00677	0.00590
6	0.71441	0.01230	0.01022	0.00889	0.01302	0.01384	0.00733	0.02064	0.01199	0.12239	0.01117	0.01201	0.00818	0.00626	0.00433	0.00200	0.00506	0.00389	0.00453	0.00752
7	0.00785	0.00572	0.00740	0.00875	0.00931	0.00527	0.00589	0.00903	0.01261	0.01659	0.03867	0.69630	0.11317	0.01985	0.00818	0.00258	0.00370	0.01788	0.00600	0.00527
8	0.01296	0.03342	0.73944	0.01842	0.02797	0.01501	0.02387	0.02046	0.01364	0.02046	0.01160	0.01364	0.00818	0.00614	0.00614	0.00205	0.00955	0.00477	0.00273	0.00955
9	0.02564	0.01637	0.01832	0.01405	0.01918	0.01747	0.01160	0.54566	0.02749	0.21021	0.01794	0.01709	0.01221	0.00782	0.00647	0.00195	0.00672	0.00598	0.00684	0.01099
10	0.01220	0.01148	0.01938	0.75739	0.04450	0.01436	0.01794	0.01651	0.01292	0.01651	0.01148	0.01723	0.00861	0.00646	0.00646	0.00215	0.00861	0.00574	0.00287	0.00718
11	0.81856	0.01250	0.00950	0.00850	0.01250	0.01449	0.00700	0.01899	0.01100	0.02899	0.00900	0.01050	0.00700	0.00600	0.00400	0.00200	0.00500	0.00350	0.00400	0.00700
12	0.00940	0.00626	0.00705	0.00705	0.00705	0.00626	0.00392	0.00940	0.00940	0.01253	0.02036	0.04228	0.02349	0.77292	0.03289	0.00626	0.00626	0.00940	0.00392	0.00392
13	0.00787	0.00562	0.00750	0.00900	0.00937	0.00525	0.00600	0.00900	0.01237	0.01649	0.03561	0.76871	0.04274	0.02024	0.00825	0.00262	0.00375	0.01837	0.00600	0.00525
14	0.00940	0.00626	0.00705	0.00705	0.00705	0.00626	0.00392	0.00940	0.00940	0.01253	0.02036	0.04228	0.02349	0.77292	0.03289	0.00626	0.00626	0.00940	0.00392	0.00392
15	0.75635	0.01238	0.00993	0.00873	0.01281	0.01410	0.00719	0.01998	0.01159	0.08479	0.01030	0.01140	0.00771	0.00616	0.00420	0.00200	0.00504	0.00374	0.00431	0.00731
16	0.01340	0.01148	0.01340	0.00957	0.01531	0.00861	0.00766	0.01627	0.01340	0.02105	0.01148	0.01340	0.00957	0.00479	0.00479	0.00096	0.00479	0.00383	0.00383	0.81242
17	0.02297	0.01480	0.01657	0.01327	0.01787	0.01588	0.01078	0.33724	0.21226	0.20960	0.02107	0.01972	0.01476	0.00808	0.00644	0.00201	0.00604	0.00639	0.03364	0.01062
18	0.00806	0.00580	0.00765	0.00879	0.00940	0.00539	0.00598	0.00950	0.01335	0.01798	0.14372	0.63770	0.06459	0.01905	0.00813	0.00252	0.00363	0.01720	0.00617	0.00539
19	0.02899	0.01100	0.01499	0.01150	0.01649	0.00950	0.00950	0.03149	0.01849	0.73709	0.02549	0.02199	0.01599	0.00800	0.00650	0.00200	0.00550	0.00650	0.00800	0.01100
20	0.00800	0.00572	0.00765	0.00915	0.00958	0.00536	0.00623	0.00922	0.01250	0.01664	0.03554	0.73266	0.04245	0.02012	0.00828	0.00264	0.00386	0.05311	0.00600	0.00528
21	0.02720	0.01352	0.09095	0.01230	0.01778	0.01033	0.01107	0.04716	0.01828	0.64483	0.02379	0.02096	0.01505	0.00780	0.00646	0.00200	0.00596	0.00630	0.00741	0.01084
22	0.00848	0.00638	0.00800	0.00906	0.01026	0.00589	0.00686	0.01025	0.01373	0.01753	0.04395	0.37641	0.24189	0.01847	0.00825	0.00259	0.00420	0.19632	0.00599	0.00550
23	0.57334	0.08309	0.01356	0.01052	0.01450	0.17723	0.00856	0.02053	0.01280	0.02488	0.00921	0.01074	0.00740	0.00610	0.00442	0.00187	0.00663	0.00364	0.00374	0.00722
24	0.01614	0.00856	0.01097	0.00936	0.01226	0.00778	0.00736	0.05093	0.01853	0.25647	0.39403	0.03974	0.11792	0.01161	0.00720	0.00203	0.00406	0.00994	0.00725	0.00785
25	0.81856	0.01250	0.00950	0.00850	0.01250	0.01449	0.00700	0.01899	0.01100	0.02899	0.00900	0.01050	0.00700	0.00600	0.00400	0.00200	0.00500	0.00350	0.00400	0.00700
26	0.00940	0.00626	0.00705	0.00705	0.00705	0.00626	0.00392	0.00940	0.00940	0.01253	0.02036	0.04228	0.02349	0.77292	0.03289	0.00626	0.00626	0.00940	0.00392	0.00392
27	0.01010	0.00683	0.00887	0.00823	0.00996	0.00624	0.00622	0.01305	0.01814	0.06216	0.66264	0.04755	0.08920	0.01308	0.00756	0.00204	0.00318	0.01151	0.00711	0.00632
28	0.01340	0.01148	0.01340	0.00957	0.01531	0.00861	0.00766	0.01627	0.01340	0.02105	0.01148	0.01340	0.00957	0.00479	0.00479	0.00096	0.00479	0.00383	0.00383	0.81242
29	0.00881	0.00659	0.00817	0.00778	0.00945	0.00595	0.00583	0.01154	0.01750	0.02402	0.58114	0.05137	0.21021	0.01391	0.00762	0.00207	0.00310	0.01212	0.00686	0.00595
30	0.01220	0.01148	0.01938	0.75739	0.04450	0.01436	0.01794	0.01651	0.01292	0.01651	0.01148	0.01723	0.00861	0.00646	0.00646	0.00215	0.00861	0.00574	0.00287	0.00718
31	0.01599	0.01535	0.02623	0.03966	0.73262	0.01535	0.01983	0.01983	0.01471	0.02111	0.01215	0.01599	0.01023	0.00576	0.00640	0.00192	0.00768	0.00576	0.00320	0.01023
32	0.04115	0.01493	0.10154	0.01541	0.02073	0.01220	0.14222	0.02544	0.01624	0.39573	0.03844	0.01962	0.01408	0.00752	0.00772	0.00206	0.06634	0.00639	0.00580	0.04646
33	0.81856	0.01250	0.00950	0.00850	0.01250	0.01449	0.00700	0.01899	0.01100	0.02899	0.00900	0.01050	0.00700	0.00600	0.00400	0.00200	0.00500	0.00350	0.00400	0.00700
34	0.01599	0.01535	0.02623	0.03966	0.73262	0.01535	0.01983	0.01983	0.01471	0.02111	0.01215	0.01599	0.01023	0.00576	0.00640	0.00192	0.00768	0.00576	0.00320	0.01023
35	0.00796	0.00568	0.00759	0.00909	0.00951	0.00532	0.00615	0.00914	0.01245	0.01659	0.03557	0.74549	0.04255	0.02016	0.00827	0.00264	0.00382	0.04074	0.00600	0.00527
36	0.01432	0.01146	0.01349	0.00968	0.01538	0.00867	0.00776	0.01716	0.01370	0.06315	0.01231	0.01390	0.00995	0.00497	0.00489	0.00102	0.00483	0.00399	0.00407	0.76531
37	0.81856	0.01250	0.00950	0.00850	0.01250	0.01449	0.00700	0.01899	0.01100	0.02899	0.00900	0.01050	0.00700	0.00600	0.00400	0.00200	0.00500	0.00350	0.00400	0.00700
38	0.01379	0.04700	0.61337	0.01962	0.07082	0.01550	0.04657	0.04398	0.03183	0.02124	0.01212	0.01417	0.00875	0.00620	0.00618	0.00203	0.00923	0.00500	0.00300	0.00960
39	0.01060	0.00605	0.00677	0.00699	0.00828	0.00586	0.00509	0.01320	0.01412	0.02266	0.14165	0.17988	0.04934	0.01129	0.00587	0.00184	0.00317	0.00967	0.49181	0.00586
40	0.01175	0.00716	0.00923	0.00857	0.01045	0.00652	0.00646	0.01429	0.01698	0.12182	0.46791	0.08566	0.10451	0.06577	0.00929	0.00240	0.00376	0.03412	0.00682	0.00652
41	0.01686	0.01552	0.02641	0.08433	0.26144	0.01632	0.20609	0.09827	0.04837	0.05609	0.01359	0.01687	0.01058	0.00681	0.00841	0.00213	0.09227	0.00637	0.00390	0.00935
42	0.02689	0.01096	0.01462	0.01139	0.01608	0.00976	0.00934	0.04893	0.04336	0.63842	0.07923	0.02390	0.01944	0.00842	0.00659	0.00201	0.00534	0.00691	0.00784	0.01059
43	0.01460	0.01264	0.04823	0.01491	0.10106	0.01251	0.01070	0.06084	0.30080	0.05834	0.22013	0.04843	0.04923	0.00993	0.00689	0.00210	0.00510	0.00855	0.00617	0.00887
44	0.01008	0.00754	0.01088	0.01063	0.01201	0.00874	0.00831	0.05041	0.01150	0.01643	0.01721	0.02484	0.01587	0.04620	0.70615	0.00991	0.01674	0.00686	0.00363	0.00606
45	0.01447	0.01910	0.22134	0.01797	0.02381	0.01402	0.21867	0.04503	0.14543	0.04653	0.12142	0.02406	0.01984	0.00796	0.00699	0.00214	0.00784	0.02985	0.00464	0.00890
46	0.01568	0.01491	0.02535	0.03812	0.69265	0.01491	0.01931	0.01947	0.01472	0.02101	0.01338	0.01915	0.01173	0.00643	0.00654	0.00198	0.00758	0.04373	0.00335	0.01000
47	0.01296	0.03342	0.73944	0.01842	0.02797	0.01501	0.02387	0.02046	0.01364	0.02046	0.01160	0.01364	0.00818	0.00614	0.00614	0.00205	0.00955	0.00477	0.00273	0.00955
48	0.00923	0.00692	0.01038	0.01038	0.01154	0.00808	0.00808	0.01154	0.01038	0.01500	0.01731	0.02538	0.01615	0.04846	0.74732	0.01038	0.01731	0.00692	0.00346	0.00577
49	0.74017	0.01337	0.03551	0.00915	0.01341	0.01455	0.00784	0.04269	0.01196	0.05018	0.00980	0.01112	0.00744	0.00612	0.00423	0.00200	0.00524	0.00371	0.00416	0.00734
50	0.01751	0.10399	0.22728	0.01601	0.03924	0.01783	0.03817	0.20561	0.21819	0.02709	0.01656	0.01692	0.01230	0.00721	0.00619	0.00199	0.00736	0.00574	0.00483	0.00997
51	0.01766	0.73536	0.03299	0.01137	0.01677	0.06565	0.01114	0.01971	0.01342	0.01524	0.00904	0.01044	0.00829	0.00559	0.00424	0.00140	0.00717	0.00349	0.00280	0.00825
52	0.01033	0.00908	0.05273	0.00929	0.01156	0.00775	0.00760	0.04554	0.05716	0.02548	0.55070	0.07838	0.08378	0.01278	0.00745	0.00207	0.00378	0.01117	0.00669	0.00668
53	0.00952	0.00631	0.00717	0.00724	0.00735	0.00631	0.00423	0.00974	0.00977	0.01317	0.02101	0.04316	0.02392	0.71656	0.03098	0.00598	0.00616	0.04034	0.02702	0.00407
54	0.01341	0.11098	0.66584	0.01765	0.02678	0.01611	0.02254	0.02035	0.01359	0.01991	0.01132	0.01330	0.00820	0.00608	0.00593	0.00198	0.00927	0.00464	0.00273	0.00942
55	0.00915	0.00698	0.00867	0.00947	0.01120	0.00650	0.00784	0.01153	0.01490	0.01881	0.08111	0.09078	0.31656	0.01710	0.00832	0.00260	0.00466	0.36205	0.00603	0.00573
56	0.01525	0.01743	0.03813	0.02723	0.03377	0.01634	0.70915	0.02070	0.01525	0.02070	0.01307	0.01743	0.00980	0.00545	0.00763	0.00218	0.01089	0.00763	0.00327	0.00871
57	0.01467	0.01333	0.04112	0.10541	0.44636	0.01287	0.01615	0.01825	0.01501	0.06277	0.09087	0.04578	0.07346	0.00800	0.00668	0.00201	0.00676	0.00738	0.00414	0.00899
58	0.07832	0.21446	0.34502	0.01544	0.02207	0.16485	0.01686	0.02102	0.01415	0.01876	0.01034	0.01220	0.00816	0.00622	0.00581	0.00182	0.02873	0.00425	0.00296	0.00856
59	0.02616	0.01352	0.01636	0.01262	0.01750	0.01342	0.01039	0.29535	0.02312	0.42609	0.06070	0.02093	0.01654	0.00819	0.00655	0.00198	0.00599	0.00652	0.00735	0.01072
60	0.00772	0.00657	0.00666	0.00671	0.00887	0.00551	0.00507	0.00940	0.01473	0.01751	0.06452	0.06250	0.70917	0.01641	0.00768	0.00221	0.00335	0.03394	0.00600	0.00547
61	0.01455	0.01277	0.03587	0.01112	0.03964	0.02924	0.00877	0.01754	0.01384	0.05703	0.01218	0.01388	0.00984	0.00507	0.00499	0.00109	0.00525	0.00406	0.00397	0.69927
62	0.02055	0.01813	0.24646	0.01449	0.03957	0.01126	0.03493	0.02477	0.01628	0.36893	0.04602	0.02135	0.04788	0.00766	0.00641	0.00197	0.00678	0.00633	0.00569	0.05455
63	0.60818	0.01679	0.01188	0.01066	0.01438	0.18447	0.00850	0.02046	0.01266	0.02550	0.00921	0.01088	0.00735	0.00632	0.00498	0.00195	0.03119	0.00372	0.00381	0.00711
64	0.02534	0.01595	0.01790	0.01376	0.01879	0.01696	0.01136	0.51852	0.02688	0.21776	0.01821	0.01740	0.01242	0.00781	0.00642	0.00194	0.00659	0.00600	0.02913	0.01085
65	0.02335	0.02914	0.01795	0.01630	0.01966	0.67527	0.01226	0.02664	0.08724	0.01691	0.01159	0.01287	0.00944	0.00687	0.00590	0.00172	0.01101	0.00447	0.00365	0.00776
66	0.00914	0.00659	0.00846	0.00799	0.00955	0.00606	0.00599	0.01212	0.01797	0.02542	0.67494	0.04834	0.09496	0.01322	0.00754	0.00203	0.00306	0.01163	0.02895	0.00606
67	0.00873	0.00659	0.00806	0.00769	0.00940	0.00592	0.00577	0.01139	0.01731	0.02357	0.54584	0.05211	0.24579	0.01408	0.00763	0.00207	0.00311	0.01222	0.00681	0.00592
68	0.00773	0.00655	0.00668	0.00664	0.00879	0.00549	0.00498	0.00946	0.01495	0.01798	0.10697	0.06131	0.68815	0.01617	0.00764	0.00217	0.00326	0.01351	0.00607	0.00549
69	0.00905	0.00661	0.00858	0.00858	0.01004	0.00613	0.00656	0.01178	0.01693	0.02337	0.51062	0.12652	0.11223	0.01481	0.00786	0.00223	0.00352	0.10189	0.00675	0.00594
70	0.01727	0.77681	0.03386	0.01106	0.01658	0.02557	0.01106	0.01935	0.01313	0.01520	0.00898	0.01036	0.00829	0.00553	0.00415	0.00138	0.00691	0.00345	0.00276	0.00829
71	0.01727	0.77681	0.03386	0.01106	0.01658	0.02557	0.01106	0.01935	0.01313	0.01520	0.00898	0.01036	0.00829	0.00553	0.00415	0.00138	0.00691	0.00345	0.00276	0.00829
72	0.00764	0.00655	0.00655	0.00655	0.00873	0.00545	0.00491	0.00927	0.01473	0.01745	0.06546	0.06218	0.73000	0.01636	0.00764	0.00218	0.00327	0.01364	0.00600	0.00545
73	0.00766	0.00643	0.00666	0.00684	0.00880	0.00543	0.00504	0.00924	0.01444	0.01734	0.06187	0.14719	0.64731	0.01683	0.00771	0.00224	0.00333	0.01421	0.00600	0.00543
74	0.02899	0.01100	0.01499	0.01150	0.01649	0.00950	0.00950	0.03149	0.01849	0.73709	0.02549	0.02199	0.01599	0.00800	0.00650	0.00200	0.00550	0.00650	0.00800	0.01100
75	0.01607	0.01388	0.01461	0.01315	0.01680	0.01607	0.01023	0.03433	0.72094	0.02703	0.02630	0.02411	0.01972	0.00877	0.00657	0.00219	0.00511	0.00731	0.00657	0.01023
76	0.81856	0.01250	0.00950	0.00850	0.01250	0.01449	0.00700	0.01899	0.01100	0.02899	0.00900	0.01050	0.00700	0.00600	0.00400	0.00200	0.00500	0.00350	0.00400	0.00700
77	0.81856	0.01250	0.00950	0.00850	0.01250	0.01449	0.00700	0.01899	0.01100	0.02899	0.00900	0.01050	0.00700	0.00600	0.00400	0.00200	0.00500	0.00350	0.00400	0.00700
78	0.02369	0.01767	0.01890	0.01469	0.01971	0.01963	0.01207	0.64172	0.10115	0.03932	0.01662	0.01639	0.01188	0.00786	0.00648	0.00196	0.00691	0.00597	0.00648	0.01091
79	0.02899	0.01100	0.01499	0.01150	0.01649	0.00950	0.00950	0.03149	0.01849	0.73709	0.02549	0.02199	0.01599	0.00800	0.00650	0.00200	0.00550	0.00650	0.00800	0.01100
80	0.06756	0.01061	0.01484	0.05687	0.13687	0.01037	0.01067	0.05225	0.01610	0.27634	0.07589	0.17389	0.02268	0.01164	0.03148	0.00240	0.00594	0.00894	0.00596	0.00870
81	0.02888	0.01117	0.01510	0.01158	0.01658	0.00976	0.00957	0.04828	0.01879	0.71988	0.02524	0.02183	0.01587	0.00799	0.00650	0.00200	0.00554	0.00648	0.00796	0.01100
82	0.02899	0.01100	0.01499	0.01150	0.01649	0.00950	0.00950	0.03149	0.01849	0.73709	0.02549	0.02199	0.01599	0.00800	0.00650	0.00200	0.00550	0.00650	0.00800	0.01100
83	0.69024	0.01304	0.05038	0.00891	0.01281	0.01368	0.00763	0.01809	0.01098	0.02682	0.01031	0.01393	0.00875	0.08461	0.00708	0.00244	0.00538	0.00418	0.00392	0.00683
84	0.01572	0.27062	0.38807	0.01731	0.07413	0.05933	0.01829	0.05189	0.01458	0.01948	0.01088	0.01273	0.00850	0.00602	0.00551	0.00180	0.00857	0.00443	0.00298	0.00914
85	0.00787	0.00562	0.00750	0.00900	0.00937	0.00525	0.00600	0.00900	0.01237	0.01649	0.03561	0.76871	0.04274	0.02024	0.00825	0.00262	0.00375	0.01837	0.00600	0.00525
86	0.01005	0.00682	0.00866	0.00831	0.01006	0.00619	0.00630	0.01266	0.01705	0.06669	0.48369	0.10989	0.16907	0.01423	0.00767	0.00215	0.00343	0.04404	0.00683	0.00621
87	0.03551	0.02217	0.35848	0.07810	0.16001	0.01371	0.05497	0.03748	0.01407	0.02048	0.01551	0.13086	0.01406	0.00827	0.00656	0.00212	0.00810	0.00727	0.00350	0.00876
88	0.01580	0.03673	0.06424	0.07136	0.29919	0.05662	0.31960	0.02037	0.01496	0.02020	0.01229	0.01620	0.00971	0.00572	0.00684	0.00202	0.00942	0.00638	0.00318	0.00917
89	0.00900	0.00659	0.00835	0.00875	0.00995	0.00618	0.00634	0.03403	0.01553	0.02102	0.29400	0.37000	0.12094	0.01670	0.00792	0.00235	0.00366	0.04645	0.00642	0.00581
90	0.43388	0.03861	0.08586	0.01734	0.15141	0.09792	0.05077	0.02017	0.01307	0.02436	0.01018	0.01234	0.00806	0.00600	0.00507	0.00194	0.00707	0.00435	0.00358	0.00804
91	0.05039	0.01123	0.01478	0.01144	0.01626	0.01007	0.00942	0.06805	0.01893	0.64471	0.05748	0.02254	0.01757	0.00817	0.00648	0.00200	0.00546	0.00662	0.00776	0.01065
92	0.02139	0.02540	0.01970	0.02148	0.18153	0.49914	0.01390	0.02540	0.09596	0.01827	0.01230	0.01403	0.01003	0.00669	0.00604	0.00178	0.01002	0.00488	0.00366	0.00842
93	0.00817	0.00632	0.00745	0.00768	0.00918	0.00560	0.00556	0.01012	0.01523	0.01986	0.26593	0.24107	0.34186	0.01638	0.00779	0.00225	0.00333	0.01425	0.00635	0.00560
94	0.00786	0.00565	0.00747	0.00892	0.00935	0.00526	0.00596	0.00901	0.01245	0.01653	0.03660	0.74530	0.06550	0.02011	0.00823	0.00261	0.00373	0.01821	0.00600	0.00526
95	0.01296	0.03342	0.73944	0.01842	0.02797	0.01501	0.02387	0.02046	0.01364	0.02046	0.01160	0.01364	0.00818	0.00614	0.00614	0.00205	0.00955	0.00477	0.00273	0.00955
96	0.00932	0.00658	0.00862	0.00862	0.00917	0.00712	0.00588	0.01041	0.00986	0.01370	0.01892	0.03430	0.02003	0.43075	0.37032	0.00821	0.01148	0.00823	0.00370	0.00479
97	0.01790	0.28941	0.04267	0.01147	0.01573	0.07036	0.03290	0.09137	0.01612	0.10673	0.01768	0.06111	0.03830	0.00776	0.00540	0.00170	0.00629	0.00599	0.15290	0.00819
98	0.00940	0.00626	0.00705	0.00705	0.00705	0.00626	0.00392	0.00940	0.00940	0.01253	0.02036	0.04228	0.02349	0.77292	0.03289	0.00626	0.00626	0.00940	0.00392	0.00392
99	0.00910	0.00657	0.00838	0.00794	0.00934	0.00608	0.00581	0.01177	0.01720	0.02413	0.62495	0.04828	0.08761	0.09261	0.01026	0.00248	0.00339	0.01154	0.00673	0.00584
100	0.01021	0.00729	0.01018	0.01167	0.01307	0.00726	0.01006	0.01304	0.01468	0.01911	0.03432	0.12771	0.03762	0.01804	0.00887	0.00295	0.00578	0.63627	0.00595	0.00589
101	0.01296	0.03342	0.73944	0.01842	0.02797	0.01501	0.02387	0.02046	0.01364	0.02046	0.01160	0.01364	0.00818	0.00614	0.00614	0.00205	0.00955	0.00477	0.00273	0.00955
102	0.00787	0.00562	0.00750	0.00900	0.00937	0.00525	0.00600	0.00900	0.01237	0.01649	0.03561	0.76871	0.04274	0.02024	0.00825	0.00262	0.00375	0.01837	0.00600	0.00525
103	0.01790	0.70984	0.03251	0.01149	0.01689	0.06547	0.01118	0.04297	0.01400	0.01609	0.00926	0.01061	0.00838	0.00567	0.00432	0.00142	0.00718	0.00357	0.00292	0.00834
104	0.00940	0.00626	0.00705	0.00705	0.00705	0.00626	0.00392	0.00940	0.00940	0.01253	0.02036	0.04228	0.02349	0.77292	0.03289	0.00626	0.00626	0.00940	0.00392	0.00392
105	0.00787	0.00562	0.00750	0.00900	0.00937	0.00525	0.00600	0.00900	0.01237	0.01649	0.03561	0.76871	0.04274	0.02024	0.00825	0.00262	0.00375	0.01837	0.00600	0.00525
106	0.01589	0.01525	0.02605	0.05807	0.71497	0.01533	0.01978	0.01974	0.01467	0.02099	0.01214	0.01602	0.01019	0.00578	0.00640	0.00193	0.00770	0.00576	0.00319	0.01016
107	0.81856	0.01250	0.00950	0.00850	0.01250	0.01449	0.00700	0.01899	0.01100	0.02899	0.00900	0.01050	0.00700	0.00600	0.00400	0.00200	0.00500	0.00350	0.00400	0.00700
108	0.01353	0.01178	0.01916	0.63844	0.07271	0.01424	0.01710	0.01857	0.05641	0.05684	0.01318	0.01785	0.00977	0.00665	0.00647	0.00214	0.00819	0.00588	0.00339	0.00771
109	0.03537	0.24002	0.33717	0.01741	0.05664	0.01877	0.07182	0.07276	0.01468	0.02051	0.01106	0.01321	0.00864	0.00630	0.00651	0.00190	0.05028	0.00477	0.00313	0.00907
110	0.01551	0.01516	0.02677	0.11463	0.58469	0.01535	0.09339	0.01957	0.01458	0.02058	0.01218	0.01628	0.01002	0.00580	0.00653	0.00197	0.00812	0.00596	0.00317	0.00975
111	0.00787	0.00562	0.00750	0.00900	0.00937	0.00525	0.00600	0.00900	0.01237	0.01649	0.03561	0.76871	0.04274	0.02024	0.00825	0.00262	0.00375	0.01837	0.00600	0.00525
112	0.08488	0.08971	0.02777	0.02084	0.06775	0.16710	0.30830	0.07885	0.01647	0.02159	0.01179	0.01456	0.00924	0.00593	0.00632	0.00189	0.00938	0.00573	0.00359	0.04831
113	0.02876	0.01136	0.01522	0.01167	0.01668	0.01004	0.00964	0.06650	0.01911	0.70122	0.02498	0.02166	0.01574	0.00798	0.00650	0.00200	0.00558	0.00646	0.00792	0.01100
114	0.03582	0.01151	0.01329	0.00954	0.01523	0.00878	0.00764	0.01635	0.01333	0.02128	0.01142	0.01332	0.00950	0.00482	0.00476	0.00099	0.00479	0.00382	0.00383	0.78999
115	0.01120	0.00834	0.01000	0.00914	0.01121	0.00832	0.00697	0.07527	0.09444	0.02657	0.51780	0.06280	0.08487	0.01245	0.00734	0.00205	0.00365	0.01083	0.02983	0.00691
116	0.00940	0.00626	0.00705	0.00705	0.00705	0.00626	0.00392	0.00940	0.00940	0.01253	0.02036	0.04228	0.02349	0.77292	0.03289	0.00626	0.00626	0.00940	0.00392	0.00392
117	0.01607	0.01388	0.01461	0.01315	0.01680	0.01607	0.01023	0.03433	0.72094	0.02703	0.02630	0.02411	0.01972	0.00877	0.00657	0.00219	0.00511	0.00731	0.00657	0.01023
118	0.00787	0.00562	0.00750	0.00900	0.00937	0.00525	0.00600	0.00900	0.01237	0.01649	0.03561	0.76871	0.04274	0.02024	0.00825	0.00262	0.00375	0.01837	0.00600	0.00525
119	0.00787	0.00562	0.00750	0.00900	0.00937	0.00525	0.00600	0.00900	0.01237	0.01649	0.03561	0.76871	0.04274	0.02024	0.00825	0.00262	0.00375	0.01837	0.00600	0.00525
120	0.02127	0.02189	0.02022	0.01921	0.11341	0.30554	0.05805	0.21146	0.09422	0.02510	0.03750	0.01616	0.01233	0.00720	0.00633	0.00187	0.00888	0.00562	0.00462	0.00912
121	0.48754	0.03980	0.08676	0.01057	0.01544	0.01396	0.00966	0.04060	0.03249	0.18902	0.01365	0.01392	0.00965	0.00657	0.00492	0.00199	0.00570	0.00447	0.00487	0.00840
122	0.01525	0.01743	0.03813	0.02723	0.03377	0.01634	0.70915	0.02070	0.01525	0.02070	0.01307	0.01743	0.00980	0.00545	0.00763	0.00218	0.01089	0.00763	0.00327	0.00871
123	0.01446	0.02609	0.44127	0.02424	0.17369	0.01517	0.15091	0.02068	0.01430	0.04060	0.01237	0.01507	0.00913	0.00598	0.00648	0.00204	0.00930	0.00556	0.00307	0.00957
124	0.01361	0.05104	0.52817	0.01990	0.05074	0.01601	0.11147	0.01993	0.01348	0.01984	0.01140	0.01417	0.00850	0.00656	0.00785	0.00212	0.08799	0.00523	0.00283	0.00917
125	0.07443	0.01228	0.01592	0.01345	0.05975	0.01153	0.01034	0.11941	0.01938	0.56053	0.02240	0.02010	0.01446	0.00771	0.00634	0.00199	0.00581	0.00619	0.00727	0.01071
126	0.00787	0.00562	0.00750	0.00900	0.00937	0.00525	0.00600	0.00900	0.01237	0.01649	0.03561	0.76871	0.04274	0.02024	0.00825	0.00262	0.00375	0.01837	0.00600	0.00525
127	0.04497	0.04190	0.06739	0.05443	0.39215	0.01602	0.12868	0.08047	0.01590	0.05608	0.01285	0.01594	0.01010	0.00619	0.00684	0.00199	0.02884	0.00588	0.00368	0.00968

[dist]
# distance from previous block
# <min> <max>
0	4

# created by:
# /home/berkeley/.conda/envs/busco_data_prod/bin/msa2prfl.pl pipeline/OGs_align_augustus/4893/29230.fs
