[name]
unknown

[dist]
# distance from previous block
# <min> <max>
16	1185

[block]
# block no. 0 follows, 34 sequences, length 25
# corresponding to MSA columns:
# 1196-1220
name=unknown_A
#
# <colnr> <probs for GDERKNQSTAVLIFYWHMCP>
#	G	D	E	R	K	N	Q	S	T	A	V	L	I	F	Y	W	H	M	C	P
0	0.10013	0.01398	0.04134	0.11167	0.04325	0.09204	0.05125	0.04034	0.06792	0.04995	0.08579	0.04867	0.05526	0.01195	0.06512	0.00273	0.06439	0.00708	0.03959	0.00754
1	0.01439	0.01248	0.05793	0.10140	0.06496	0.01189	0.03191	0.10858	0.08925	0.06690	0.04802	0.15891	0.06897	0.04114	0.02557	0.00248	0.02283	0.00905	0.00511	0.05824
2	0.01727	0.01242	0.01658	0.03035	0.04560	0.01257	0.07672	0.19593	0.06401	0.11881	0.06153	0.05070	0.08452	0.01302	0.08280	0.00282	0.00724	0.00764	0.02907	0.07039
3	0.05546	0.04281	0.04159	0.03949	0.10338	0.08422	0.01216	0.20572	0.11806	0.11897	0.01683	0.01791	0.01263	0.02552	0.02835	0.00225	0.00724	0.00579	0.02840	0.03321
4	0.01535	0.04741	0.05524	0.09061	0.04529	0.03396	0.07208	0.11033	0.11779	0.05510	0.07381	0.05647	0.08145	0.00961	0.02286	0.00214	0.00670	0.00751	0.00499	0.09130
5	0.01724	0.04257	0.01525	0.01335	0.06097	0.05868	0.00986	0.17835	0.12123	0.09320	0.12547	0.07591	0.09364	0.00994	0.00665	0.00197	0.00566	0.00823	0.00594	0.05590
6	0.09137	0.01454	0.01867	0.17523	0.06477	0.08920	0.09138	0.06025	0.06378	0.16269	0.01809	0.04086	0.03974	0.00754	0.00636	0.00201	0.00740	0.00646	0.00479	0.03488
7	0.12301	0.01431	0.01927	0.03909	0.24765	0.04249	0.05922	0.06935	0.10819	0.08027	0.04634	0.02093	0.06009	0.00770	0.00682	0.00204	0.03297	0.00653	0.00468	0.00906
8	0.01438	0.01162	0.01346	0.01018	0.01530	0.00973	0.00808	0.04869	0.09009	0.04819	0.04370	0.04102	0.01412	0.00630	0.00534	0.00127	0.00484	0.00518	0.00459	0.60393
9	0.01526	0.01733	0.14310	0.01976	0.15537	0.04576	0.08432	0.04948	0.18483	0.05086	0.06505	0.06887	0.05395	0.00862	0.00675	0.00209	0.00702	0.00766	0.00482	0.00909
10	0.00936	0.00753	0.01011	0.00992	0.03969	0.00692	0.03666	0.01240	0.03247	0.02274	0.43720	0.07737	0.24593	0.01365	0.00758	0.00210	0.00371	0.01199	0.00642	0.00625
11	0.01764	0.01896	0.18638	0.01614	0.04486	0.01560	0.05802	0.15276	0.27448	0.08601	0.04782	0.02019	0.01583	0.00777	0.00655	0.00208	0.00692	0.00652	0.00547	0.01001
12	0.01590	0.01527	0.02337	0.05951	0.55341	0.04475	0.01760	0.02154	0.10822	0.02172	0.04478	0.01832	0.01354	0.00654	0.00645	0.00196	0.00733	0.00615	0.00381	0.00983
13	0.00798	0.00584	0.00729	0.00838	0.00904	0.00538	0.00561	0.00908	0.01249	0.01628	0.03932	0.57636	0.16004	0.09195	0.01051	0.00290	0.00391	0.01669	0.00580	0.00516
14	0.01554	0.01369	0.01891	0.10581	0.25759	0.01487	0.01409	0.09297	0.22202	0.02400	0.04054	0.05123	0.03668	0.00817	0.00699	0.00206	0.02848	0.00707	0.00480	0.03447
15	0.00800	0.00634	0.00712	0.00736	0.00896	0.00554	0.00530	0.00969	0.01458	0.01843	0.16491	0.21548	0.44215	0.04577	0.00874	0.00241	0.00346	0.01420	0.00610	0.00545
16	0.01692	0.04222	0.04892	0.01505	0.07333	0.06437	0.03832	0.18733	0.13101	0.02628	0.07360	0.02180	0.06505	0.00790	0.00623	0.00179	0.00638	0.00649	0.00511	0.16190
17	0.00876	0.00632	0.00777	0.00847	0.00923	0.00604	0.00574	0.01045	0.04005	0.01680	0.08391	0.40403	0.12587	0.16984	0.01362	0.03148	0.00433	0.03652	0.00557	0.00520
18	0.09978	0.23594	0.06944	0.01299	0.01722	0.16503	0.01141	0.07157	0.08793	0.04063	0.01461	0.08576	0.01305	0.00807	0.00623	0.00187	0.04028	0.00587	0.00412	0.00821
19	0.01787	0.14452	0.12095	0.04435	0.14506	0.13576	0.03969	0.13344	0.04523	0.02259	0.05700	0.01634	0.01287	0.00700	0.00648	0.00187	0.03050	0.00549	0.00397	0.00899
20	0.01354	0.09282	0.01571	0.04656	0.11203	0.03324	0.00992	0.05984	0.06952	0.03622	0.05499	0.10341	0.16349	0.04333	0.00768	0.00213	0.00558	0.02829	0.00489	0.09679
21	0.07491	0.08786	0.07873	0.06112	0.18282	0.01455	0.05764	0.07697	0.04375	0.05383	0.01626	0.05043	0.04255	0.00714	0.00598	0.00183	0.00678	0.00612	0.00412	0.12660
22	0.01734	0.08841	0.12980	0.04148	0.14243	0.06786	0.03827	0.09124	0.04792	0.10333	0.01800	0.04780	0.05062	0.00875	0.02722	0.00213	0.00761	0.00633	0.00443	0.05906
23	0.01599	0.04427	0.01559	0.05264	0.08490	0.10989	0.01059	0.12634	0.13392	0.04018	0.04751	0.09769	0.14816	0.01027	0.00667	0.00201	0.00625	0.00849	0.00527	0.03337
24	0.01732	0.06591	0.02025	0.01570	0.04006	0.11173	0.15110	0.09552	0.06646	0.09799	0.04552	0.05530	0.12978	0.00918	0.00716	0.00202	0.02994	0.00792	0.02281	0.00831

[dist]
# distance from previous block
# <min> <max>
7	33

[block]
# block no. 1 follows, 34 sequences, length 106
# corresponding to MSA columns:
# 1254-1359
name=unknown_B
#
# <colnr> <probs for GDERKNQSTAVLIFYWHMCP>
#	G	D	E	R	K	N	Q	S	T	A	V	L	I	F	Y	W	H	M	C	P
0	0.06052	0.09172	0.04101	0.26756	0.07993	0.01587	0.06508	0.12742	0.01602	0.03772	0.01432	0.03210	0.03302	0.00709	0.00661	0.00197	0.03207	0.00591	0.00388	0.06019
1	0.28436	0.04661	0.11736	0.04801	0.05973	0.04728	0.01180	0.11998	0.04793	0.04379	0.04049	0.01846	0.05435	0.02670	0.00625	0.00209	0.00653	0.00557	0.00444	0.00826
2	0.14097	0.07116	0.09452	0.01429	0.06209	0.08153	0.03284	0.06665	0.07259	0.12254	0.04761	0.04339	0.07016	0.02506	0.00701	0.00209	0.02560	0.00658	0.00487	0.00848
3	0.05522	0.06744	0.09307	0.26364	0.14895	0.03874	0.03636	0.05171	0.04618	0.04169	0.03757	0.02033	0.03229	0.00732	0.00632	0.00204	0.00768	0.03129	0.00381	0.00836
4	0.04188	0.06414	0.13287	0.04133	0.12955	0.05562	0.06382	0.02319	0.18324	0.05419	0.04848	0.03527	0.01560	0.00771	0.00664	0.00202	0.02260	0.02483	0.00447	0.04255
5	0.01643	0.03635	0.06345	0.03776	0.08765	0.06530	0.01147	0.06478	0.14760	0.11241	0.06214	0.07879	0.04786	0.01148	0.04925	0.00248	0.00687	0.02634	0.00527	0.06631
6	0.01570	0.01636	0.08233	0.06470	0.28443	0.05996	0.01513	0.09580	0.09295	0.02256	0.01874	0.07393	0.05802	0.00824	0.00688	0.00201	0.02613	0.00707	0.00427	0.04479
7	0.01966	0.06555	0.04265	0.01756	0.09703	0.26491	0.05558	0.08164	0.07517	0.08082	0.04692	0.05802	0.01470	0.00773	0.00625	0.00185	0.00826	0.00622	0.00452	0.04496
8	0.01994	0.04651	0.04134	0.04826	0.02116	0.05859	0.09609	0.29167	0.12345	0.09095	0.01946	0.05936	0.03679	0.00834	0.00662	0.00203	0.00723	0.00702	0.00559	0.00960
9	0.00785	0.00570	0.00742	0.00880	0.00932	0.00526	0.00591	0.00902	0.01256	0.01657	0.03800	0.71230	0.09761	0.01993	0.00820	0.00259	0.00371	0.01799	0.00600	0.00526
10	0.01412	0.01191	0.01379	0.00991	0.01562	0.00935	0.00795	0.06113	0.01449	0.02232	0.01174	0.01353	0.00966	0.00498	0.00489	0.00102	0.00494	0.00396	0.00400	0.76068
11	0.01338	0.01246	0.04564	0.00996	0.01587	0.00890	0.00838	0.01646	0.01341	0.02103	0.01149	0.01341	0.00951	0.00485	0.00485	0.00101	0.00500	0.00387	0.00378	0.77677
12	0.02401	0.01748	0.01882	0.01460	0.01963	0.01931	0.01200	0.62856	0.08836	0.06545	0.01680	0.01648	0.01191	0.00785	0.00647	0.00196	0.00688	0.00597	0.00653	0.01092
13	0.00786	0.00565	0.00747	0.00891	0.00935	0.00526	0.00596	0.00901	0.01245	0.01653	0.03661	0.74508	0.06572	0.02011	0.00823	0.00261	0.00373	0.01821	0.00600	0.00526
14	0.01388	0.01467	0.02949	0.24159	0.08866	0.01488	0.40232	0.01855	0.01432	0.01919	0.01416	0.07153	0.01187	0.00684	0.00723	0.00218	0.00946	0.00770	0.00334	0.00813
15	0.01023	0.00860	0.01468	0.01288	0.01486	0.00926	0.12283	0.01294	0.01140	0.01617	0.04148	0.02585	0.01709	0.08194	0.55907	0.00851	0.01512	0.00735	0.00358	0.00616
16	0.01013	0.00683	0.00889	0.00824	0.00998	0.00625	0.00623	0.01310	0.01816	0.06323	0.66509	0.04744	0.08566	0.01306	0.00756	0.00204	0.00319	0.01149	0.00711	0.00633
17	0.01273	0.01228	0.02150	0.64311	0.09184	0.01460	0.07859	0.01711	0.01325	0.01720	0.01167	0.01716	0.00883	0.00632	0.00656	0.00214	0.00875	0.00591	0.00293	0.00753
18	0.04463	0.44354	0.12353	0.01647	0.11914	0.06468	0.01388	0.02104	0.06555	0.01812	0.01111	0.01268	0.00935	0.00596	0.00500	0.00164	0.00745	0.00428	0.00318	0.00878
19	0.00910	0.00686	0.00856	0.00942	0.01053	0.00672	0.00679	0.01246	0.08927	0.01887	0.10177	0.48920	0.10409	0.01777	0.00802	0.00252	0.00400	0.08194	0.00616	0.00595
20	0.01000	0.00731	0.00984	0.01111	0.01270	0.00714	0.00960	0.01278	0.01485	0.01906	0.03884	0.07130	0.13973	0.01763	0.00873	0.00286	0.00555	0.58914	0.00596	0.00588
21	0.01742	0.68449	0.05734	0.01265	0.04611	0.02453	0.01191	0.05198	0.01402	0.01682	0.00951	0.01095	0.00849	0.00566	0.00442	0.00145	0.00704	0.00371	0.00295	0.00854
22	0.01446	0.01463	0.06781	0.08259	0.30998	0.01478	0.04877	0.01821	0.03450	0.04195	0.03530	0.09413	0.01485	0.00886	0.00982	0.00224	0.16752	0.00729	0.00372	0.00860
23	0.01016	0.00829	0.01217	0.01163	0.01257	0.01030	0.00923	0.01230	0.01029	0.01510	0.01563	0.02325	0.01470	0.04140	0.60933	0.00895	0.15866	0.00668	0.00334	0.00602
24	0.01551	0.01716	0.11328	0.05377	0.46158	0.01481	0.03870	0.04480	0.05445	0.02189	0.01293	0.01594	0.01040	0.00596	0.00625	0.00187	0.00757	0.00558	0.00350	0.09406
25	0.27138	0.36282	0.06956	0.01156	0.01660	0.10222	0.01083	0.05666	0.01398	0.02132	0.00962	0.01104	0.00802	0.00596	0.00454	0.00168	0.00702	0.00376	0.00341	0.00802
26	0.01609	0.01705	0.01752	0.01548	0.01676	0.20106	0.01243	0.04472	0.01292	0.01650	0.01091	0.01582	0.01008	0.01743	0.16213	0.00401	0.39325	0.00554	0.00322	0.00707
27	0.00914	0.00660	0.00864	0.00813	0.00965	0.00610	0.00610	0.01219	0.01829	0.02591	0.72921	0.04827	0.06097	0.01321	0.00762	0.00203	0.00305	0.01169	0.00711	0.00610
28	0.00903	0.00651	0.00853	0.00821	0.00963	0.00602	0.00609	0.01190	0.01774	0.02504	0.66517	0.11478	0.05928	0.01386	0.00768	0.00209	0.00311	0.01230	0.00701	0.00602
29	0.00785	0.00571	0.00740	0.00876	0.00931	0.00527	0.00589	0.00902	0.01260	0.01659	0.03853	0.69965	0.10991	0.01986	0.00819	0.00258	0.00370	0.01791	0.00600	0.00527
30	0.01607	0.01388	0.01461	0.01315	0.01680	0.01607	0.01023	0.03433	0.72094	0.02703	0.02630	0.02411	0.01972	0.00877	0.00657	0.00219	0.00511	0.00731	0.00657	0.01023
31	0.01525	0.01743	0.03813	0.02723	0.03377	0.01634	0.70915	0.02070	0.01525	0.02070	0.01307	0.01743	0.00980	0.00545	0.00763	0.00218	0.01089	0.00763	0.00327	0.00871
32	0.00982	0.00723	0.00959	0.01070	0.01232	0.00699	0.00916	0.01254	0.01500	0.01927	0.07110	0.06972	0.17205	0.01736	0.00862	0.00278	0.00530	0.52859	0.00601	0.00586
33	0.81856	0.01250	0.00950	0.00850	0.01250	0.01449	0.00700	0.01899	0.01100	0.02899	0.00900	0.01050	0.00700	0.00600	0.00400	0.00200	0.00500	0.00350	0.00400	0.00700
34	0.02456	0.01810	0.01939	0.01487	0.02004	0.02004	0.01228	0.71107	0.03038	0.04072	0.01551	0.01551	0.01099	0.00776	0.00646	0.00194	0.00711	0.00582	0.00646	0.01099
35	0.00940	0.00626	0.00705	0.00705	0.00705	0.00626	0.00392	0.00940	0.00940	0.01253	0.02036	0.04228	0.02349	0.77292	0.03289	0.00626	0.00626	0.00940	0.00392	0.00392
36	0.00924	0.00689	0.01023	0.01023	0.01133	0.00799	0.00788	0.01144	0.01034	0.01488	0.01745	0.02618	0.01650	0.08257	0.71367	0.01019	0.01679	0.00704	0.00348	0.00568
37	0.01296	0.03342	0.73944	0.01842	0.02797	0.01501	0.02387	0.02046	0.01364	0.02046	0.01160	0.01364	0.00818	0.00614	0.00614	0.00205	0.00955	0.00477	0.00273	0.00955
38	0.00792	0.00564	0.00748	0.00894	0.00930	0.00528	0.00593	0.00901	0.01228	0.01637	0.03515	0.74666	0.04215	0.04309	0.00899	0.00273	0.00383	0.01810	0.00593	0.00521
39	0.00923	0.00692	0.01038	0.01038	0.01154	0.00808	0.00808	0.01154	0.01038	0.01500	0.01731	0.02538	0.01615	0.04846	0.74732	0.01038	0.01731	0.00692	0.00346	0.00577
40	0.00939	0.00630	0.00724	0.00724	0.00731	0.00637	0.00416	0.00952	0.00945	0.01267	0.02018	0.04131	0.02307	0.73116	0.07408	0.00650	0.00690	0.00925	0.00389	0.00402
41	0.01316	0.06843	0.70622	0.01807	0.02743	0.01550	0.02327	0.02041	0.01362	0.02021	0.01147	0.01349	0.00819	0.00611	0.00604	0.00201	0.00942	0.00471	0.00273	0.00949
42	0.01461	0.04073	0.02635	0.02017	0.02253	0.01884	0.24466	0.01738	0.01178	0.01725	0.01002	0.01510	0.00891	0.00917	0.01613	0.00256	0.48694	0.00623	0.00297	0.00766
43	0.02899	0.01100	0.01499	0.01150	0.01649	0.00950	0.00950	0.03149	0.01849	0.73709	0.02549	0.02199	0.01599	0.00800	0.00650	0.00200	0.00550	0.00650	0.00800	0.01100
44	0.01488	0.01827	0.21015	0.04387	0.01997	0.01433	0.01365	0.12442	0.26409	0.02606	0.11222	0.02532	0.06689	0.00888	0.00664	0.00209	0.00636	0.00731	0.00540	0.00919
45	0.01427	0.01379	0.02140	0.06746	0.35635	0.04054	0.08896	0.01937	0.09430	0.02063	0.03950	0.08319	0.09458	0.00866	0.00685	0.00207	0.00701	0.00810	0.00421	0.00877
46	0.00923	0.00692	0.01038	0.01038	0.01154	0.00808	0.00808	0.01154	0.01038	0.01500	0.01731	0.02538	0.01615	0.04846	0.74732	0.01038	0.01731	0.00692	0.00346	0.00577
47	0.08547	0.01110	0.01460	0.01128	0.01621	0.00985	0.00932	0.03060	0.01796	0.68644	0.02431	0.02117	0.01535	0.00785	0.00632	0.00200	0.00546	0.00628	0.00771	0.01071
48	0.01340	0.01148	0.01340	0.00957	0.01531	0.00861	0.00766	0.01627	0.01340	0.02105	0.01148	0.01340	0.00957	0.00479	0.00479	0.00096	0.00479	0.00383	0.00383	0.81242
49	0.01454	0.05103	0.12598	0.02799	0.37114	0.03878	0.10470	0.01859	0.01451	0.01992	0.01747	0.07612	0.05449	0.00785	0.00668	0.00204	0.00785	0.02774	0.00358	0.00899
50	0.00787	0.00562	0.00750	0.00900	0.00937	0.00525	0.00600	0.00900	0.01237	0.01649	0.03561	0.76871	0.04274	0.02024	0.00825	0.00262	0.00375	0.01837	0.00600	0.00525
51	0.02414	0.03079	0.01831	0.01665	0.01998	0.74698	0.01248	0.02580	0.01831	0.01581	0.00999	0.01165	0.00832	0.00666	0.00583	0.00166	0.01165	0.00416	0.00333	0.00749
52	0.00769	0.00635	0.00674	0.00706	0.00886	0.00541	0.00514	0.00922	0.01423	0.01725	0.05921	0.21009	0.58612	0.01718	0.00776	0.00227	0.00337	0.01463	0.00600	0.00541
53	0.02087	0.01578	0.01778	0.01439	0.01895	0.01747	0.03865	0.34797	0.32392	0.08211	0.02071	0.01971	0.01502	0.00811	0.00656	0.00206	0.00630	0.00657	0.00649	0.01057
54	0.00787	0.00562	0.00750	0.00900	0.00937	0.00525	0.00600	0.00900	0.01237	0.01649	0.03561	0.76871	0.04274	0.02024	0.00825	0.00262	0.00375	0.01837	0.00600	0.00525
55	0.01607	0.01388	0.01461	0.01315	0.01680	0.01607	0.01023	0.03433	0.72094	0.02703	0.02630	0.02411	0.01972	0.00877	0.00657	0.00219	0.00511	0.00731	0.00657	0.01023
56	0.02221	0.02161	0.05308	0.05877	0.02214	0.22561	0.04587	0.38674	0.02374	0.02945	0.01348	0.01487	0.01009	0.00863	0.03261	0.00219	0.00914	0.00542	0.00493	0.00941
57	0.01397	0.01329	0.02258	0.42207	0.36599	0.01482	0.01883	0.01806	0.01376	0.01866	0.01180	0.01665	0.00937	0.00613	0.00643	0.00204	0.00818	0.00575	0.00302	0.00861
58	0.01876	0.10413	0.13475	0.01801	0.09287	0.10041	0.07238	0.09588	0.17762	0.09646	0.01647	0.01703	0.01227	0.00699	0.00620	0.00194	0.00775	0.00576	0.00469	0.00962
59	0.00936	0.00707	0.00999	0.00998	0.01118	0.00800	0.00761	0.01202	0.03703	0.01545	0.02115	0.05286	0.05761	0.09702	0.60230	0.00907	0.01482	0.00787	0.00383	0.00577
60	0.01952	0.01489	0.01634	0.01421	0.04858	0.08387	0.03508	0.24483	0.11476	0.11856	0.13973	0.02471	0.02189	0.06331	0.00855	0.00229	0.00648	0.00726	0.00604	0.00910
61	0.01451	0.01280	0.01625	0.03589	0.01607	0.04231	0.03367	0.09772	0.03572	0.01952	0.01423	0.04314	0.01337	0.11263	0.05350	0.00332	0.33996	0.00672	0.08160	0.00707
62	0.81856	0.01250	0.00950	0.00850	0.01250	0.01449	0.00700	0.01899	0.01100	0.02899	0.00900	0.01050	0.00700	0.00600	0.00400	0.00200	0.00500	0.00350	0.00400	0.00700
63	0.01543	0.01495	0.02434	0.15500	0.57656	0.03801	0.01888	0.01925	0.01464	0.02033	0.03319	0.01701	0.01141	0.00612	0.00643	0.00195	0.00782	0.00588	0.00326	0.00953
64	0.00893	0.00660	0.00834	0.00790	0.00952	0.00600	0.00593	0.01177	0.01778	0.02470	0.63413	0.05026	0.15680	0.01366	0.00762	0.00205	0.00308	0.01196	0.00695	0.00600
65	0.01614	0.04277	0.01477	0.01018	0.01578	0.01007	0.00829	0.05829	0.01500	0.11120	0.01336	0.01447	0.01040	0.00539	0.00507	0.00116	0.00509	0.00426	0.00446	0.63385
66	0.00940	0.00626	0.00705	0.00705	0.00705	0.00626	0.00392	0.00940	0.00940	0.01253	0.02036	0.04228	0.02349	0.77292	0.03289	0.00626	0.00626	0.00940	0.00392	0.00392
67	0.02899	0.01100	0.01499	0.01150	0.01649	0.00950	0.00950	0.03149	0.01849	0.73709	0.02549	0.02199	0.01599	0.00800	0.00650	0.00200	0.00550	0.00650	0.00800	0.01100
68	0.81856	0.01250	0.00950	0.00850	0.01250	0.01449	0.00700	0.01899	0.01100	0.02899	0.00900	0.01050	0.00700	0.00600	0.00400	0.00200	0.00500	0.00350	0.00400	0.00700
69	0.00940	0.00626	0.00705	0.00705	0.00705	0.00626	0.00392	0.00940	0.00940	0.01253	0.02036	0.04228	0.02349	0.77292	0.03289	0.00626	0.00626	0.00940	0.00392	0.00392
70	0.01340	0.01148	0.01340	0.00957	0.01531	0.00861	0.00766	0.01627	0.01340	0.02105	0.01148	0.01340	0.00957	0.00479	0.00479	0.00096	0.00479	0.00383	0.00383	0.81242
71	0.00887	0.00646	0.00835	0.00816	0.00956	0.00594	0.00601	0.01156	0.01723	0.02405	0.58965	0.15252	0.09866	0.01441	0.00771	0.00213	0.00316	0.01276	0.00689	0.00594
72	0.04846	0.01943	0.11472	0.01557	0.01934	0.13188	0.03425	0.10630	0.01511	0.02104	0.01069	0.01368	0.00890	0.00795	0.01105	0.00206	0.26731	0.00499	0.00358	0.14368
73	0.01521	0.01730	0.03738	0.02682	0.03309	0.01648	0.68103	0.02049	0.01503	0.02049	0.01289	0.01730	0.00975	0.00568	0.00817	0.00220	0.04125	0.00755	0.00325	0.00865
74	0.00789	0.00576	0.00744	0.00870	0.00931	0.00530	0.00588	0.00914	0.01283	0.01693	0.06342	0.66748	0.11698	0.01958	0.00816	0.00256	0.00367	0.01762	0.00604	0.00530
75	0.18617	0.02038	0.03981	0.01475	0.01926	0.21903	0.06477	0.27703	0.02070	0.02859	0.01256	0.01385	0.00948	0.00686	0.00578	0.00188	0.00813	0.00500	0.03720	0.00878
76	0.01220	0.01148	0.01938	0.75739	0.04450	0.01436	0.01794	0.01651	0.01292	0.01651	0.01148	0.01723	0.00861	0.00646	0.00646	0.00215	0.00861	0.00574	0.00287	0.00718
77	0.01361	0.01341	0.01927	0.01652	0.01685	0.01835	0.03444	0.01525	0.01011	0.01564	0.00963	0.01552	0.00940	0.01538	0.10390	0.00367	0.65330	0.00586	0.00291	0.00697
78	0.00787	0.00562	0.00750	0.00900	0.00937	0.00525	0.00600	0.00900	0.01237	0.01649	0.03561	0.76871	0.04274	0.02024	0.00825	0.00262	0.00375	0.01837	0.00600	0.00525
79	0.01574	0.01510	0.02578	0.08660	0.68761	0.01529	0.01971	0.01961	0.01460	0.02081	0.01211	0.01607	0.01013	0.00580	0.00640	0.00193	0.00774	0.00576	0.00318	0.01003
80	0.00999	0.00689	0.00881	0.00844	0.01022	0.00630	0.00652	0.01279	0.01742	0.05748	0.52667	0.05161	0.15535	0.01391	0.00770	0.00215	0.00349	0.08117	0.00687	0.00622
81	0.00787	0.00562	0.00750	0.00900	0.00937	0.00525	0.00600	0.00900	0.01237	0.01649	0.03561	0.76871	0.04274	0.02024	0.00825	0.00262	0.00375	0.01837	0.00600	0.00525
82	0.00909	0.00660	0.00856	0.00807	0.00962	0.00607	0.00605	0.01209	0.01816	0.02561	0.70565	0.04876	0.08471	0.01332	0.00762	0.00204	0.00306	0.01175	0.00707	0.00607
83	0.02063	0.02442	0.02192	0.04758	0.25925	0.44586	0.04791	0.02328	0.01680	0.01783	0.01090	0.01354	0.00904	0.00629	0.00612	0.00179	0.01020	0.00491	0.00327	0.00845
84	0.01663	0.20324	0.18086	0.01873	0.05012	0.13006	0.17425	0.02180	0.06687	0.01879	0.01201	0.01431	0.00955	0.00638	0.00683	0.00191	0.05041	0.00529	0.00326	0.00868
85	0.01084	0.00878	0.01222	0.01153	0.01224	0.01093	0.00904	0.01271	0.01069	0.01608	0.01696	0.09051	0.01682	0.07554	0.34749	0.00630	0.23158	0.00765	0.08609	0.00601
86	0.78684	0.01332	0.03824	0.00889	0.01310	0.01452	0.00766	0.01905	0.01110	0.02865	0.00910	0.01062	0.00704	0.00600	0.00408	0.00200	0.00518	0.00355	0.00395	0.00710
87	0.00919	0.00684	0.01011	0.01017	0.01123	0.00788	0.00779	0.01134	0.01041	0.01493	0.01814	0.05386	0.01751	0.08356	0.68420	0.00989	0.01625	0.00747	0.00358	0.00566
88	0.02452	0.01924	0.01929	0.01503	0.02003	0.08558	0.01230	0.64929	0.02929	0.03848	0.01501	0.01516	0.01075	0.00766	0.00641	0.00191	0.00752	0.00567	0.00618	0.01067
89	0.00914	0.00660	0.00864	0.00813	0.00965	0.00610	0.00610	0.01219	0.01829	0.02591	0.72921	0.04827	0.06097	0.01321	0.00762	0.00203	0.00305	0.01169	0.00711	0.00610
90	0.02054	0.01192	0.01412	0.01194	0.01590	0.01233	0.00948	0.03078	0.36090	0.31369	0.10234	0.02588	0.02270	0.00894	0.00666	0.00210	0.00504	0.00745	0.00721	0.01009
91	0.00811	0.00656	0.00720	0.00704	0.00902	0.00566	0.00528	0.01019	0.01584	0.02010	0.27330	0.05782	0.52050	0.01538	0.00763	0.00213	0.00320	0.01303	0.00635	0.00566
92	0.02372	0.00972	0.01298	0.01036	0.01439	0.00854	0.00840	0.02637	0.01800	0.53827	0.15614	0.02708	0.02442	0.00892	0.00652	0.00196	0.00481	0.00742	0.08238	0.00962
93	0.01569	0.47547	0.27046	0.01464	0.02158	0.02139	0.06349	0.01981	0.01345	0.01734	0.01014	0.01195	0.00836	0.00573	0.00505	0.00166	0.00807	0.00418	0.00279	0.00874
94	0.01525	0.01743	0.03813	0.02723	0.03377	0.01634	0.70915	0.02070	0.01525	0.02070	0.01307	0.01743	0.00980	0.00545	0.00763	0.00218	0.01089	0.00763	0.00327	0.00871
95	0.00939	0.00629	0.00720	0.00720	0.00725	0.00634	0.00410	0.00949	0.00944	0.01264	0.02022	0.04153	0.02316	0.74076	0.06461	0.00645	0.00675	0.00929	0.00389	0.00400
96	0.01523	0.01466	0.02527	0.11648	0.57145	0.01481	0.06054	0.01911	0.01444	0.02045	0.01274	0.03634	0.01088	0.00617	0.00648	0.00195	0.00777	0.00614	0.00326	0.03582
97	0.01601	0.04969	0.02343	0.16036	0.42251	0.08194	0.01743	0.02057	0.06569	0.01967	0.01252	0.01606	0.01028	0.00648	0.00710	0.00198	0.05011	0.00561	0.00336	0.00918
98	0.04086	0.26396	0.26051	0.04422	0.10603	0.12327	0.01671	0.02047	0.01406	0.01819	0.01043	0.01264	0.00847	0.00613	0.00588	0.00179	0.03035	0.00441	0.00293	0.00870
99	0.17849	0.16133	0.04189	0.01223	0.01663	0.03553	0.03093	0.16715	0.15097	0.02665	0.05620	0.04154	0.03890	0.00799	0.00571	0.00193	0.00612	0.00613	0.00499	0.00869
100	0.01331	0.05471	0.01195	0.00944	0.01231	0.00932	0.00753	0.08065	0.03521	0.09844	0.27185	0.05860	0.17776	0.01372	0.04189	0.00239	0.00492	0.03389	0.00620	0.05589
101	0.02157	0.00982	0.01251	0.01011	0.01404	0.00868	0.00811	0.05421	0.01757	0.44872	0.07161	0.04967	0.15425	0.03564	0.00760	0.00215	0.00491	0.00841	0.02741	0.03301
102	0.01767	0.49432	0.09559	0.01274	0.01816	0.08734	0.01234	0.05666	0.11463	0.01870	0.01209	0.01299	0.01004	0.00626	0.00494	0.00161	0.00734	0.00431	0.00353	0.00875
103	0.02414	0.03079	0.01831	0.01665	0.01998	0.74698	0.01248	0.02580	0.01831	0.01581	0.00999	0.01165	0.00832	0.00666	0.00583	0.00166	0.01165	0.00416	0.00333	0.00749
104	0.01482	0.35382	0.43534	0.01524	0.02306	0.01956	0.01835	0.01998	0.01342	0.01820	0.01047	0.01223	0.00823	0.00588	0.00528	0.00176	0.00841	0.00421	0.00274	0.00901
105	0.04497	0.01253	0.01617	0.05697	0.05793	0.04621	0.07957	0.06146	0.12512	0.07352	0.16173	0.05065	0.04154	0.02993	0.00731	0.00205	0.00597	0.00774	0.00533	0.11330

[dist]
# distance from previous block
# <min> <max>
0	1

[block]
# block no. 2 follows, 34 sequences, length 135
# corresponding to MSA columns:
# 1361-1495
name=unknown_C
#
# <colnr> <probs for GDERKNQSTAVLIFYWHMCP>
#	G	D	E	R	K	N	Q	S	T	A	V	L	I	F	Y	W	H	M	C	P
0	0.01482	0.01411	0.02398	0.20816	0.54562	0.01478	0.01892	0.01868	0.01421	0.01987	0.01279	0.04173	0.01095	0.00641	0.00647	0.00200	0.00776	0.00618	0.00322	0.00934
1	0.00923	0.00632	0.00716	0.00716	0.00741	0.00628	0.00420	0.00949	0.00991	0.01308	0.02419	0.04323	0.08550	0.67162	0.06470	0.00610	0.00653	0.00965	0.00408	0.00414
2	0.01276	0.01037	0.01312	0.05494	0.01538	0.05490	0.03477	0.07884	0.01402	0.04289	0.03828	0.10743	0.04083	0.08639	0.28524	0.00562	0.04657	0.04663	0.00443	0.00660
3	0.01220	0.01148	0.01938	0.75739	0.04450	0.01436	0.01794	0.01651	0.01292	0.01651	0.01148	0.01723	0.00861	0.00646	0.00646	0.00215	0.00861	0.00574	0.00287	0.00718
4	0.01263	0.01192	0.02015	0.67619	0.12235	0.01447	0.01816	0.01688	0.01312	0.01703	0.01156	0.01709	0.00880	0.00638	0.00645	0.00213	0.00851	0.00574	0.00291	0.00752
5	0.00914	0.00660	0.00864	0.00813	0.00965	0.00610	0.00610	0.01219	0.01829	0.02591	0.72921	0.04827	0.06097	0.01321	0.00762	0.00203	0.00305	0.01169	0.00711	0.00610
6	0.01729	0.01395	0.01490	0.01315	0.01696	0.01591	0.01030	0.07152	0.64213	0.06893	0.02566	0.02351	0.01903	0.00867	0.00656	0.00217	0.00525	0.00718	0.00665	0.01031
7	0.01220	0.01148	0.01938	0.75739	0.04450	0.01436	0.01794	0.01651	0.01292	0.01651	0.01148	0.01723	0.00861	0.00646	0.00646	0.00215	0.00861	0.00574	0.00287	0.00718
8	0.00773	0.00655	0.00667	0.00664	0.00878	0.00549	0.00498	0.00945	0.01494	0.01797	0.10592	0.06133	0.68921	0.01617	0.00764	0.00217	0.00326	0.01352	0.00607	0.00549
9	0.00914	0.00660	0.00864	0.00813	0.00965	0.00610	0.00610	0.01219	0.01829	0.02591	0.72921	0.04827	0.06097	0.01321	0.00762	0.00203	0.00305	0.01169	0.00711	0.00610
10	0.01607	0.01388	0.01461	0.01315	0.01680	0.01607	0.01023	0.03433	0.72094	0.02703	0.02630	0.02411	0.01972	0.00877	0.00657	0.00219	0.00511	0.00731	0.00657	0.01023
11	0.01340	0.01148	0.01340	0.00957	0.01531	0.00861	0.00766	0.01627	0.01340	0.02105	0.01148	0.01340	0.00957	0.00479	0.00479	0.00096	0.00479	0.00383	0.00383	0.81242
12	0.81856	0.01250	0.00950	0.00850	0.01250	0.01449	0.00700	0.01899	0.01100	0.02899	0.00900	0.01050	0.00700	0.00600	0.00400	0.00200	0.00500	0.00350	0.00400	0.00700
13	0.01607	0.01388	0.01461	0.01315	0.01680	0.01607	0.01023	0.03433	0.72094	0.02703	0.02630	0.02411	0.01972	0.00877	0.00657	0.00219	0.00511	0.00731	0.00657	0.01023
14	0.00939	0.00628	0.00715	0.00715	0.00718	0.00632	0.00404	0.00946	0.00943	0.01260	0.02027	0.04177	0.02327	0.75096	0.05455	0.00639	0.00660	0.00932	0.00390	0.00397
15	0.00773	0.00658	0.00668	0.00673	0.00889	0.00552	0.00510	0.00942	0.01473	0.01752	0.06435	0.06256	0.70559	0.01642	0.00768	0.00221	0.00337	0.03744	0.00600	0.00547
16	0.01727	0.77681	0.03386	0.01106	0.01658	0.02557	0.01106	0.01935	0.01313	0.01520	0.00898	0.01036	0.00829	0.00553	0.00415	0.00138	0.00691	0.00345	0.00276	0.00829
17	0.01307	0.05185	0.72195	0.01823	0.02768	0.01527	0.02356	0.02043	0.01363	0.02033	0.01153	0.01356	0.00819	0.00612	0.00609	0.00203	0.00948	0.00474	0.00273	0.00952
18	0.02899	0.01100	0.01499	0.01150	0.01649	0.00950	0.00950	0.03149	0.01849	0.73709	0.02549	0.02199	0.01599	0.00800	0.00650	0.00200	0.00550	0.00650	0.00800	0.01100
19	0.00939	0.00622	0.00704	0.00713	0.00721	0.00619	0.00406	0.00956	0.00972	0.01316	0.02132	0.08617	0.02444	0.70094	0.03042	0.00588	0.00600	0.00983	0.03125	0.00407
20	0.01329	0.07848	0.67523	0.01823	0.02744	0.01569	0.04360	0.02040	0.01366	0.02015	0.01148	0.01355	0.00824	0.00608	0.00606	0.00201	0.00943	0.00478	0.00275	0.00945
21	0.02356	0.02983	0.01840	0.01666	0.01980	0.70485	0.01258	0.02521	0.01782	0.01580	0.00990	0.01180	0.00833	0.00693	0.00672	0.00173	0.05508	0.00425	0.00330	0.00747
22	0.00854	0.00595	0.00750	0.00833	0.00861	0.00581	0.00532	0.00931	0.01110	0.01487	0.02861	0.44323	0.03369	0.31203	0.06302	0.00450	0.00555	0.01421	0.00504	0.00477
23	0.01606	0.01864	0.07788	0.13465	0.09396	0.08059	0.39654	0.06273	0.01595	0.02089	0.01254	0.01640	0.00950	0.00592	0.00702	0.00208	0.01002	0.00658	0.00337	0.00871
24	0.03728	0.06822	0.68397	0.01777	0.02696	0.01549	0.02276	0.02037	0.01354	0.02047	0.01139	0.01339	0.00815	0.00611	0.00598	0.00201	0.00929	0.00467	0.00277	0.00941
25	0.02414	0.03079	0.01831	0.01665	0.01998	0.74698	0.01248	0.02580	0.01831	0.01581	0.00999	0.01165	0.00832	0.00666	0.00583	0.00166	0.01165	0.00416	0.00333	0.00749
26	0.01733	0.01586	0.02078	0.01673	0.02124	0.04236	0.17062	0.12344	0.44025	0.02706	0.02122	0.02097	0.01586	0.00779	0.00677	0.00214	0.00694	0.00706	0.00569	0.00989
27	0.00928	0.00671	0.00933	0.00933	0.01012	0.00750	0.00676	0.01086	0.01007	0.01422	0.01827	0.03074	0.01848	0.27794	0.52101	0.00908	0.01381	0.00771	0.00361	0.00518
28	0.00787	0.00565	0.00747	0.00892	0.00935	0.00525	0.00597	0.00900	0.01244	0.01652	0.03649	0.74790	0.06298	0.02013	0.00823	0.00261	0.00373	0.01823	0.00600	0.00525
29	0.00787	0.00562	0.00750	0.00900	0.00937	0.00525	0.00600	0.00900	0.01237	0.01649	0.03561	0.76871	0.04274	0.02024	0.00825	0.00262	0.00375	0.01837	0.00600	0.00525
30	0.02226	0.02153	0.01803	0.01521	0.01923	0.27431	0.01200	0.30378	0.16871	0.02819	0.01555	0.01589	0.01177	0.00772	0.00682	0.00193	0.03684	0.00554	0.00525	0.00945
31	0.00785	0.00640	0.00695	0.00713	0.00894	0.00550	0.00523	0.00957	0.01476	0.01830	0.13899	0.17594	0.53870	0.01662	0.00773	0.00224	0.00332	0.01418	0.00613	0.00550
32	0.01404	0.17588	0.52301	0.01640	0.02431	0.04248	0.01988	0.01991	0.01383	0.01941	0.04514	0.01460	0.01073	0.00651	0.00621	0.00192	0.02892	0.00485	0.00297	0.00900
33	0.00931	0.00623	0.00707	0.00716	0.00718	0.00621	0.00404	0.00937	0.00957	0.01276	0.02124	0.08437	0.02461	0.72931	0.03146	0.00605	0.00612	0.00992	0.00404	0.00399
34	0.01388	0.01181	0.01398	0.04546	0.01693	0.00944	0.00837	0.05009	0.01420	0.02180	0.01168	0.01368	0.00959	0.00501	0.00495	0.00106	0.00508	0.00402	0.00391	0.73505
35	0.06258	0.13066	0.53366	0.01658	0.02465	0.01686	0.02013	0.05815	0.01420	0.02120	0.01119	0.01313	0.00829	0.00633	0.00633	0.00198	0.03725	0.00461	0.00302	0.00921
36	0.02229	0.02752	0.01940	0.06892	0.11336	0.60401	0.01379	0.02441	0.01749	0.01654	0.01037	0.01258	0.00859	0.00653	0.00594	0.00173	0.01094	0.00447	0.00328	0.00782
37	0.01339	0.00671	0.00707	0.00670	0.00846	0.00666	0.00503	0.03474	0.01409	0.07306	0.02119	0.02483	0.01680	0.05445	0.00644	0.00184	0.00349	0.00626	0.68242	0.00637
38	0.01129	0.00821	0.01041	0.01100	0.01267	0.00846	0.00897	0.01613	0.12336	0.03396	0.07150	0.08209	0.04919	0.11797	0.01162	0.00320	0.00555	0.40213	0.00588	0.00641
39	0.03205	0.13517	0.09970	0.04347	0.17089	0.17402	0.05079	0.08946	0.05737	0.02099	0.01365	0.05876	0.01172	0.00719	0.00606	0.00188	0.00833	0.00586	0.00380	0.00883
40	0.01533	0.01532	0.02285	0.19336	0.35886	0.08593	0.06518	0.03152	0.01473	0.01956	0.03842	0.01765	0.01185	0.00904	0.05224	0.00251	0.02759	0.00602	0.00335	0.00869
41	0.01129	0.00788	0.00944	0.00908	0.01121	0.00730	0.00670	0.03746	0.06587	0.07765	0.14153	0.30947	0.18706	0.01490	0.00743	0.00220	0.00397	0.01303	0.00621	0.07031
42	0.02812	0.01239	0.01586	0.01216	0.01719	0.01157	0.01004	0.16502	0.02083	0.60026	0.02353	0.02072	0.01501	0.00795	0.00649	0.00199	0.00581	0.00636	0.00770	0.01099
43	0.01673	0.62993	0.09520	0.01258	0.01830	0.04519	0.04535	0.01940	0.01341	0.01598	0.01022	0.03329	0.00937	0.00604	0.00466	0.00152	0.00738	0.00423	0.00290	0.00831
44	0.03952	0.05940	0.01460	0.04638	0.01629	0.06349	0.00905	0.11029	0.05558	0.08213	0.03529	0.10857	0.09904	0.00925	0.00612	0.00176	0.00565	0.00755	0.00510	0.22494
45	0.02185	0.28677	0.02392	0.01435	0.01881	0.34861	0.01195	0.16340	0.01898	0.02068	0.01077	0.01199	0.00886	0.00649	0.00537	0.00162	0.00908	0.00425	0.00377	0.00848
46	0.01039	0.00799	0.00965	0.01023	0.01181	0.00813	0.00776	0.03902	0.13605	0.01989	0.03675	0.37589	0.12279	0.01682	0.00796	0.00255	0.00451	0.15923	0.00610	0.00649
47	0.01504	0.01417	0.02327	0.10033	0.54919	0.01403	0.01757	0.01871	0.01430	0.02054	0.01270	0.03828	0.01097	0.00612	0.00624	0.00183	0.00725	0.00587	0.00334	0.12025
48	0.00881	0.00681	0.00808	0.00784	0.00960	0.00621	0.00584	0.01185	0.04414	0.02244	0.42861	0.09858	0.28840	0.01457	0.00763	0.00213	0.00325	0.01262	0.00664	0.00598
49	0.78866	0.01244	0.00970	0.00861	0.01265	0.01431	0.00709	0.01947	0.01128	0.05581	0.00962	0.01093	0.00734	0.00607	0.00409	0.00200	0.00502	0.00361	0.00415	0.00715
50	0.00788	0.00579	0.00739	0.00860	0.00929	0.00531	0.00584	0.00915	0.01292	0.01696	0.06367	0.63875	0.14592	0.01942	0.00813	0.00254	0.00365	0.01743	0.00604	0.00531
51	0.01707	0.01033	0.01096	0.00927	0.01217	0.01092	0.00737	0.25061	0.01946	0.06367	0.01941	0.02110	0.01465	0.00763	0.00527	0.00168	0.00451	0.00598	0.50000	0.00793
52	0.01122	0.00561	0.00842	0.00842	0.00842	0.00561	0.00561	0.00842	0.00842	0.01122	0.01122	0.01964	0.01122	0.02245	0.02525	0.81201	0.00561	0.00561	0.00281	0.00281
53	0.01240	0.00637	0.00640	0.00627	0.00788	0.00642	0.00474	0.03488	0.01403	0.02456	0.02092	0.02384	0.01640	0.00753	0.00457	0.00152	0.00313	0.00602	0.78594	0.00616
54	0.01727	0.77681	0.03386	0.01106	0.01658	0.02557	0.01106	0.01935	0.01313	0.01520	0.00898	0.01036	0.00829	0.00553	0.00415	0.00138	0.00691	0.00345	0.00276	0.00829
55	0.00832	0.00650	0.00754	0.00743	0.00918	0.00572	0.00551	0.01053	0.01611	0.02109	0.35431	0.11079	0.38329	0.01528	0.00768	0.00215	0.00321	0.01315	0.00649	0.00572
56	0.02388	0.01776	0.01901	0.01473	0.01978	0.01972	0.01212	0.65705	0.08551	0.03963	0.01637	0.01620	0.01169	0.00784	0.00647	0.00196	0.00695	0.00594	0.00647	0.01093
57	0.01607	0.01388	0.01461	0.01315	0.01680	0.01607	0.01023	0.03433	0.72094	0.02703	0.02630	0.02411	0.01972	0.00877	0.00657	0.00219	0.00511	0.00731	0.00657	0.01023
58	0.81856	0.01250	0.00950	0.00850	0.01250	0.01449	0.00700	0.01899	0.01100	0.02899	0.00900	0.01050	0.00700	0.00600	0.00400	0.00200	0.00500	0.00350	0.00400	0.00700
59	0.01305	0.03282	0.71288	0.01875	0.02819	0.01506	0.04983	0.02047	0.01370	0.02047	0.01165	0.01379	0.00825	0.00611	0.00620	0.00205	0.00960	0.00488	0.00275	0.00952
60	0.00788	0.00629	0.00706	0.00742	0.00902	0.00547	0.00536	0.00954	0.01448	0.01817	0.13439	0.26057	0.45744	0.01709	0.00781	0.00229	0.00338	0.01475	0.00613	0.00547
61	0.01028	0.00711	0.00841	0.00820	0.00874	0.00740	0.00524	0.05626	0.01112	0.01502	0.02050	0.08219	0.02270	0.56438	0.13997	0.00639	0.00787	0.00932	0.00414	0.00475
62	0.01007	0.00716	0.00905	0.00843	0.01022	0.00674	0.00637	0.01390	0.05879	0.04759	0.62591	0.04690	0.09816	0.01298	0.00753	0.00205	0.00326	0.01139	0.00704	0.00645
63	0.01487	0.01682	0.03653	0.02629	0.03250	0.01576	0.67259	0.02009	0.01510	0.02048	0.01424	0.05649	0.01152	0.00622	0.00766	0.00220	0.01052	0.00818	0.00341	0.00853
64	0.01504	0.02144	0.19317	0.02492	0.03201	0.04091	0.53328	0.02082	0.01500	0.02048	0.01264	0.01639	0.00939	0.00564	0.00723	0.00213	0.01062	0.00687	0.00315	0.00886
65	0.00978	0.00713	0.00911	0.00869	0.01029	0.00681	0.00654	0.03618	0.03805	0.02535	0.59857	0.11584	0.05567	0.01370	0.00765	0.00212	0.00340	0.03188	0.00694	0.00629
66	0.01094	0.00945	0.01437	0.03865	0.01574	0.00973	0.10288	0.03785	0.03436	0.01820	0.02678	0.23095	0.10433	0.04269	0.15729	0.00404	0.05723	0.02407	0.00464	0.05580
67	0.00787	0.00562	0.00750	0.00900	0.00937	0.00525	0.00600	0.00900	0.01237	0.01649	0.03561	0.76871	0.04274	0.02024	0.00825	0.00262	0.00375	0.01837	0.00600	0.00525
68	0.01600	0.01610	0.06606	0.13427	0.53976	0.01558	0.01919	0.07587	0.01569	0.02205	0.01230	0.01598	0.00996	0.00604	0.00640	0.00196	0.00787	0.00570	0.00339	0.00984
69	0.04070	0.65833	0.12388	0.01193	0.01793	0.02388	0.01258	0.01948	0.01313	0.01629	0.00932	0.01079	0.00824	0.00562	0.00440	0.00149	0.00719	0.00363	0.00280	0.00841
70	0.00900	0.00618	0.00810	0.00917	0.00991	0.00584	0.00628	0.01092	0.03800	0.04290	0.08743	0.66169	0.04236	0.01888	0.00808	0.00254	0.00381	0.01706	0.00617	0.00569
71	0.00997	0.00721	0.00886	0.00843	0.01033	0.00674	0.00646	0.01358	0.05804	0.04782	0.48097	0.05044	0.19786	0.01373	0.00761	0.00213	0.00348	0.05317	0.00680	0.00636
72	0.02364	0.01843	0.01882	0.01479	0.01969	0.06415	0.01208	0.59763	0.10256	0.03775	0.01631	0.01618	0.01175	0.00780	0.00644	0.00195	0.00718	0.00587	0.00628	0.01069
73	0.02646	0.01230	0.01551	0.01205	0.01684	0.01170	0.00990	0.16988	0.04666	0.52701	0.06425	0.02226	0.01771	0.00828	0.00656	0.00200	0.00567	0.00669	0.00758	0.01068
74	0.00783	0.00655	0.00681	0.00675	0.00885	0.00554	0.00506	0.00965	0.01519	0.01854	0.15071	0.06040	0.64406	0.01596	0.00763	0.00216	0.00324	0.01339	0.00614	0.00554
75	0.01741	0.01460	0.01493	0.01320	0.01694	0.05054	0.01031	0.07243	0.59427	0.06267	0.04301	0.02353	0.01955	0.00868	0.00656	0.00214	0.00551	0.00714	0.00650	0.01007
76	0.01243	0.01172	0.01980	0.71364	0.08645	0.01442	0.01806	0.01671	0.01303	0.01679	0.01153	0.01715	0.00871	0.00642	0.00646	0.00214	0.00856	0.00574	0.00289	0.00736
77	0.00768	0.00655	0.00661	0.00659	0.00876	0.00547	0.00495	0.00936	0.01484	0.01772	0.08612	0.06175	0.70917	0.01627	0.00764	0.00218	0.00327	0.01358	0.00603	0.00547
78	0.04374	0.01606	0.04995	0.15403	0.27201	0.03283	0.24967	0.01983	0.01443	0.03861	0.01238	0.01640	0.00968	0.00608	0.00726	0.00208	0.03652	0.00625	0.00329	0.00891
79	0.01340	0.01148	0.01340	0.00957	0.01531	0.00861	0.00766	0.01627	0.01340	0.02105	0.01148	0.01340	0.00957	0.00479	0.00479	0.00096	0.00479	0.00383	0.00383	0.81242
80	0.01448	0.01369	0.02338	0.22448	0.46615	0.01441	0.03995	0.01841	0.01427	0.01973	0.01399	0.02148	0.01222	0.00702	0.00668	0.00208	0.00787	0.06734	0.00336	0.00900
81	0.01296	0.03342	0.73944	0.01842	0.02797	0.01501	0.02387	0.02046	0.01364	0.02046	0.01160	0.01364	0.00818	0.00614	0.00614	0.00205	0.00955	0.00477	0.00273	0.00955
82	0.00781	0.00655	0.00679	0.00673	0.00883	0.00553	0.00505	0.00961	0.01514	0.01843	0.14179	0.06058	0.65305	0.01600	0.00763	0.00216	0.00325	0.01341	0.00613	0.00553
83	0.00790	0.00574	0.00746	0.00876	0.00933	0.00530	0.00591	0.00914	0.01279	0.01692	0.06355	0.68258	0.10150	0.01966	0.00817	0.00257	0.00368	0.01772	0.00604	0.00530
84	0.00787	0.00562	0.00750	0.00900	0.00937	0.00525	0.00600	0.00900	0.01237	0.01649	0.03561	0.76871	0.04274	0.02024	0.00825	0.00262	0.00375	0.01837	0.00600	0.00525
85	0.01876	0.44898	0.05315	0.01548	0.08886	0.16209	0.01264	0.07424	0.01565	0.01825	0.01017	0.01178	0.00874	0.00594	0.00496	0.00154	0.00794	0.00406	0.00323	0.03354
86	0.01591	0.16153	0.46078	0.01759	0.05828	0.01675	0.03817	0.05928	0.01497	0.08053	0.01257	0.01407	0.00915	0.00624	0.00589	0.00192	0.00855	0.00487	0.00342	0.00954
87	0.06542	0.15757	0.16105	0.10136	0.08817	0.09849	0.01519	0.16680	0.01736	0.02322	0.01188	0.01411	0.00928	0.00803	0.03382	0.00218	0.00853	0.00490	0.00376	0.00890
88	0.00829	0.00753	0.05215	0.00901	0.01019	0.00597	0.00673	0.00978	0.01252	0.01650	0.03723	0.54515	0.14354	0.09091	0.01039	0.00287	0.00427	0.01595	0.00560	0.00542
89	0.01302	0.00919	0.05217	0.01026	0.01263	0.00770	0.00838	0.04729	0.01527	0.14222	0.09095	0.30304	0.11063	0.03088	0.02988	0.00270	0.00515	0.09560	0.00614	0.00692
90	0.05465	0.04532	0.17327	0.03821	0.10416	0.03345	0.09570	0.11332	0.01666	0.06086	0.05438	0.01679	0.01266	0.00650	0.00608	0.00181	0.00746	0.00559	0.00415	0.14897
91	0.01203	0.05546	0.01172	0.00982	0.01115	0.03107	0.00727	0.03289	0.01198	0.05745	0.05846	0.06562	0.02122	0.29293	0.24174	0.00609	0.05487	0.00819	0.00421	0.00584
92	0.01982	0.09358	0.06298	0.03437	0.06701	0.22133	0.07726	0.18233	0.04337	0.02297	0.01210	0.01422	0.00962	0.00726	0.00801	0.00196	0.10372	0.00527	0.00400	0.00882
93	0.00776	0.00626	0.00691	0.00736	0.00896	0.00541	0.00529	0.00928	0.01410	0.01742	0.07675	0.28199	0.49500	0.01748	0.00783	0.00232	0.00341	0.01505	0.00603	0.00541
94	0.01308	0.02702	0.52506	0.01700	0.02485	0.01402	0.06186	0.04032	0.05724	0.02137	0.03765	0.03726	0.05573	0.00745	0.00641	0.00205	0.00843	0.00619	0.00355	0.03347
95	0.02311	0.04365	0.01904	0.01574	0.04441	0.21681	0.01218	0.40953	0.05119	0.04998	0.01511	0.04242	0.01178	0.00782	0.00629	0.00188	0.00812	0.00583	0.00541	0.00969
96	0.81856	0.01250	0.00950	0.00850	0.01250	0.01449	0.00700	0.01899	0.01100	0.02899	0.00900	0.01050	0.00700	0.00600	0.00400	0.00200	0.00500	0.00350	0.00400	0.00700
97	0.01817	0.12800	0.19059	0.03759	0.08971	0.12457	0.06882	0.11171	0.05399	0.06639	0.04047	0.01611	0.01200	0.00678	0.00610	0.00189	0.00835	0.00547	0.00409	0.00919
98	0.01122	0.00561	0.00842	0.00842	0.00842	0.00561	0.00561	0.00842	0.00842	0.01122	0.01122	0.01964	0.01122	0.02245	0.02525	0.81201	0.00561	0.00561	0.00281	0.00281
99	0.00925	0.00686	0.01007	0.01007	0.01112	0.00791	0.00769	0.01134	0.01029	0.01477	0.01759	0.02696	0.01684	0.11596	0.68075	0.01000	0.01628	0.00715	0.00350	0.00560
100	0.01676	0.01328	0.01530	0.01186	0.03576	0.01189	0.00926	0.18809	0.04268	0.04719	0.01343	0.01462	0.01048	0.00578	0.00535	0.00130	0.00547	0.00457	0.00468	0.54224
101	0.01313	0.03117	0.65441	0.01844	0.02759	0.01472	0.06491	0.02023	0.01373	0.02051	0.01168	0.01386	0.00836	0.00602	0.00615	0.00199	0.00936	0.00489	0.00283	0.05602
102	0.00805	0.00572	0.00757	0.00898	0.00937	0.00538	0.00603	0.00917	0.01228	0.01636	0.03467	0.70228	0.04141	0.06446	0.00972	0.00285	0.00397	0.04067	0.00587	0.00519
103	0.01164	0.00766	0.00971	0.00884	0.01091	0.00727	0.00675	0.01590	0.07900	0.09535	0.57704	0.04407	0.07561	0.01242	0.00742	0.00205	0.00347	0.01086	0.00712	0.00691
104	0.01421	0.03219	0.66846	0.01804	0.02708	0.04272	0.02266	0.04248	0.01448	0.04195	0.01206	0.01387	0.00851	0.00626	0.00615	0.00203	0.00943	0.00483	0.00302	0.00956
105	0.00811	0.00572	0.00743	0.00869	0.00900	0.00541	0.00567	0.00906	0.01190	0.01587	0.03320	0.65386	0.03969	0.13924	0.01214	0.00320	0.00415	0.01695	0.00567	0.00504
106	0.01556	0.01492	0.02546	0.12053	0.65508	0.01524	0.01962	0.01946	0.01451	0.02059	0.01208	0.01613	0.01005	0.00584	0.00640	0.00195	0.00778	0.00576	0.00316	0.00989
107	0.01576	0.01512	0.02581	0.08363	0.69046	0.01529	0.01971	0.01963	0.01460	0.02083	0.01211	0.01607	0.01014	0.00580	0.00640	0.00193	0.00773	0.00576	0.00318	0.01005
108	0.00925	0.00685	0.01001	0.01001	0.01104	0.00787	0.00761	0.01130	0.01027	0.01472	0.01765	0.02727	0.01697	0.12937	0.66753	0.00992	0.01607	0.00720	0.00351	0.00556
