[name]
unknown

[dist]
# distance from previous block
# <min> <max>
4	20

[block]
# block no. 0 follows, 34 sequences, length 17
# corresponding to MSA columns:
# 20-36
name=unknown_A
#
# <colnr> <probs for GDERKNQSTAVLIFYWHMCP>
#	G	D	E	R	K	N	Q	S	T	A	V	L	I	F	Y	W	H	M	C	P
0	0.02164	0.01683	0.01868	0.01490	0.01906	0.01936	0.01222	0.49830	0.13912	0.03477	0.01622	0.01670	0.01203	0.00845	0.00867	0.00211	0.11869	0.00603	0.00594	0.01028
1	0.02209	0.01625	0.01763	0.01400	0.01845	0.01784	0.01135	0.60688	0.02771	0.03713	0.01850	0.12730	0.01570	0.00961	0.00673	0.00204	0.00661	0.00768	0.00639	0.01014
2	0.06563	0.01608	0.01694	0.01328	0.01795	0.01757	0.01090	0.56893	0.02699	0.03662	0.02257	0.02216	0.11748	0.00894	0.00650	0.00198	0.00642	0.00685	0.00626	0.00995
3	0.01923	0.09160	0.23233	0.01924	0.12780	0.01838	0.01668	0.34320	0.02158	0.02955	0.01327	0.01457	0.00981	0.00678	0.00615	0.00192	0.00789	0.00529	0.00455	0.01021
4	0.01242	0.06613	0.59585	0.01665	0.02464	0.01408	0.02058	0.01871	0.01343	0.01961	0.01503	0.12554	0.01332	0.00820	0.00635	0.00210	0.00856	0.00673	0.00322	0.00885
5	0.01336	0.02786	0.55657	0.01629	0.02429	0.01411	0.01987	0.08988	0.01553	0.02210	0.01999	0.02104	0.11560	0.00782	0.00639	0.00206	0.00837	0.00620	0.00360	0.00909
6	0.01668	0.45698	0.16068	0.01364	0.01906	0.02225	0.01399	0.08229	0.01432	0.01856	0.00999	0.01200	0.00855	0.00670	0.00726	0.00177	0.11935	0.00424	0.00311	0.00859
7	0.00798	0.00567	0.00747	0.00886	0.00921	0.00532	0.00586	0.00902	0.01217	0.01622	0.03457	0.71902	0.04142	0.07173	0.00993	0.00287	0.00392	0.01775	0.00586	0.00516
8	0.00853	0.00635	0.00888	0.07778	0.01300	0.00631	0.00755	0.01014	0.01268	0.01679	0.03326	0.62832	0.03904	0.01874	0.00815	0.00262	0.00442	0.08625	0.00571	0.00550
9	0.02388	0.01776	0.01901	0.01473	0.01978	0.01972	0.01212	0.65686	0.08569	0.03962	0.01638	0.01620	0.01169	0.00784	0.00647	0.00196	0.00695	0.00594	0.00647	0.01093
10	0.04100	0.01630	0.02149	0.01624	0.02138	0.01713	0.15296	0.44505	0.02462	0.07971	0.02008	0.02047	0.07677	0.00805	0.00675	0.00202	0.00737	0.00689	0.00581	0.00992
11	0.02475	0.01779	0.01920	0.01472	0.01988	0.01958	0.01216	0.68149	0.02986	0.07103	0.01595	0.01579	0.01121	0.00777	0.00647	0.00194	0.00704	0.00585	0.00653	0.01099
12	0.01574	0.08456	0.53455	0.01712	0.02545	0.01685	0.02047	0.16737	0.01717	0.02439	0.01224	0.01380	0.00879	0.00644	0.00606	0.00197	0.00884	0.00490	0.00353	0.00976
13	0.01374	0.16768	0.61201	0.01709	0.02591	0.01691	0.02156	0.02026	0.01355	0.01951	0.01112	0.01305	0.00820	0.00603	0.00578	0.00193	0.00907	0.00454	0.00273	0.00932
14	0.01617	0.31989	0.33300	0.01470	0.02171	0.01952	0.01655	0.12105	0.01586	0.02125	0.01200	0.03918	0.00985	0.00663	0.00548	0.00179	0.00796	0.00489	0.00341	0.00912
15	0.01058	0.03327	0.04330	0.01020	0.01176	0.00826	0.00773	0.09969	0.01469	0.01964	0.03073	0.59665	0.03554	0.03497	0.00836	0.00255	0.00460	0.01545	0.00576	0.00625
16	0.00969	0.00746	0.00900	0.00990	0.01097	0.03194	0.00735	0.03556	0.01449	0.01902	0.11279	0.46310	0.06498	0.01790	0.00815	0.00256	0.00451	0.15881	0.00604	0.00578

[dist]
# distance from previous block
# <min> <max>
20	31

[block]
# block no. 1 follows, 34 sequences, length 27
# corresponding to MSA columns:
# 76-102
name=unknown_B
#
# <colnr> <probs for GDERKNQSTAVLIFYWHMCP>
#	G	D	E	R	K	N	Q	S	T	A	V	L	I	F	Y	W	H	M	C	P
0	0.04941	0.09591	0.01903	0.04374	0.01900	0.01769	0.01129	0.44457	0.02472	0.10677	0.08814	0.01887	0.01607	0.00799	0.00626	0.00191	0.00650	0.00615	0.00606	0.00991
1	0.01885	0.46552	0.09708	0.01281	0.01822	0.12841	0.01235	0.07432	0.01576	0.06081	0.03484	0.01322	0.01070	0.00633	0.00502	0.00159	0.00767	0.00432	0.00358	0.00859
2	0.01170	0.15030	0.08080	0.00968	0.01261	0.01103	0.00850	0.01471	0.03840	0.03998	0.23207	0.03513	0.10123	0.15821	0.06594	0.00335	0.00618	0.00865	0.00493	0.00660
3	0.01719	0.54354	0.13202	0.01369	0.01983	0.02286	0.06690	0.08354	0.01496	0.01872	0.01027	0.01185	0.00864	0.00581	0.00491	0.00159	0.00761	0.00418	0.00314	0.00875
4	0.02138	0.28392	0.02411	0.01340	0.01859	0.02169	0.01170	0.41870	0.07508	0.03076	0.01401	0.01434	0.01068	0.00705	0.00566	0.00176	0.00689	0.00510	0.00517	0.00999
5	0.01800	0.69798	0.03222	0.01165	0.01694	0.10180	0.01121	0.02003	0.01368	0.01527	0.00909	0.01050	0.00830	0.00565	0.00432	0.00141	0.00741	0.00353	0.00282	0.00821
6	0.01727	0.77681	0.03386	0.01106	0.01658	0.02557	0.01106	0.01935	0.01313	0.01520	0.00898	0.01036	0.00829	0.00553	0.00415	0.00138	0.00691	0.00345	0.00276	0.00829
7	0.02331	0.01907	0.07482	0.01497	0.02050	0.01928	0.01303	0.63548	0.02854	0.03853	0.01508	0.01530	0.01073	0.00754	0.00638	0.00192	0.00722	0.00567	0.00609	0.03654
8	0.01671	0.67943	0.12629	0.01202	0.01807	0.02418	0.01273	0.01949	0.01320	0.01589	0.00933	0.01079	0.00828	0.00561	0.00441	0.00147	0.00726	0.00363	0.00276	0.00846
9	0.30781	0.01405	0.01460	0.01163	0.01633	0.01502	0.00960	0.26851	0.02005	0.23821	0.01609	0.01561	0.01102	0.00720	0.00560	0.00198	0.00589	0.00519	0.00603	0.00957
10	0.01531	0.01466	0.02500	0.16828	0.60930	0.01517	0.01949	0.01923	0.01439	0.02028	0.01203	0.01621	0.00994	0.00588	0.00641	0.00196	0.00784	0.00575	0.00314	0.00969
11	0.01340	0.01148	0.01340	0.00957	0.01531	0.00861	0.00766	0.01627	0.01340	0.02105	0.01148	0.01340	0.00957	0.00479	0.00479	0.00096	0.00479	0.00383	0.00383	0.81242
12	0.00923	0.00692	0.01038	0.01038	0.01154	0.00808	0.00808	0.01154	0.01038	0.01500	0.01731	0.02538	0.01615	0.04846	0.74732	0.01038	0.01731	0.00692	0.00346	0.00577
13	0.81856	0.01250	0.00950	0.00850	0.01250	0.01449	0.00700	0.01899	0.01100	0.02899	0.00900	0.01050	0.00700	0.00600	0.00400	0.00200	0.00500	0.00350	0.00400	0.00700
14	0.01340	0.01148	0.01340	0.00957	0.01531	0.00861	0.00766	0.01627	0.01340	0.02105	0.01148	0.01340	0.00957	0.00479	0.00479	0.00096	0.00479	0.00383	0.00383	0.81242
15	0.01727	0.77681	0.03386	0.01106	0.01658	0.02557	0.01106	0.01935	0.01313	0.01520	0.00898	0.01036	0.00829	0.00553	0.00415	0.00138	0.00691	0.00345	0.00276	0.00829
16	0.01122	0.00561	0.00842	0.00842	0.00842	0.00561	0.00561	0.00842	0.00842	0.01122	0.01122	0.01964	0.01122	0.02245	0.02525	0.81201	0.00561	0.00561	0.00281	0.00281
17	0.00940	0.00626	0.00705	0.00705	0.00705	0.00626	0.00392	0.00940	0.00940	0.01253	0.02036	0.04228	0.02349	0.77292	0.03289	0.00626	0.00626	0.00940	0.00392	0.00392
18	0.01599	0.01535	0.02623	0.03966	0.73262	0.01535	0.01983	0.01983	0.01471	0.02111	0.01215	0.01599	0.01023	0.00576	0.00640	0.00192	0.00768	0.00576	0.00320	0.01023
19	0.01599	0.01535	0.02623	0.03966	0.73262	0.01535	0.01983	0.01983	0.01471	0.02111	0.01215	0.01599	0.01023	0.00576	0.00640	0.00192	0.00768	0.00576	0.00320	0.01023
20	0.01879	0.01371	0.01689	0.01256	0.01801	0.01266	0.05429	0.20963	0.04795	0.12316	0.01519	0.01583	0.01126	0.00624	0.00573	0.00150	0.00592	0.00512	0.00519	0.40038
21	0.01555	0.05849	0.50118	0.01872	0.02702	0.01497	0.13655	0.02185	0.01450	0.11081	0.01349	0.01520	0.00945	0.00623	0.00635	0.00204	0.00915	0.00542	0.00349	0.00954
22	0.00940	0.00626	0.00705	0.00705	0.00705	0.00626	0.00392	0.00940	0.00940	0.01253	0.02036	0.04228	0.02349	0.77292	0.03289	0.00626	0.00626	0.00940	0.00392	0.00392
23	0.01220	0.01148	0.01938	0.75739	0.04450	0.01436	0.01794	0.01651	0.01292	0.01651	0.01148	0.01723	0.00861	0.00646	0.00646	0.00215	0.00861	0.00574	0.00287	0.00718
24	0.01586	0.01510	0.02508	0.06338	0.65261	0.01537	0.01902	0.02083	0.06921	0.02140	0.01322	0.01666	0.01091	0.00601	0.00641	0.00195	0.00751	0.00588	0.00345	0.01012
25	0.52683	0.01312	0.01460	0.01169	0.01628	0.01400	0.09717	0.05353	0.01369	0.13664	0.01245	0.01349	0.00902	0.00627	0.00499	0.00198	0.00592	0.00461	0.00463	0.03911
26	0.67488	0.01250	0.01053	0.00902	0.01325	0.01389	0.00741	0.04315	0.01240	0.08354	0.01066	0.01176	0.00801	0.00613	0.00433	0.00192	0.00509	0.00383	0.00438	0.06332

[dist]
# distance from previous block
# <min> <max>
0	8

[block]
# block no. 2 follows, 34 sequences, length 10
# corresponding to MSA columns:
# 111-120
name=unknown_C
#
# <colnr> <probs for GDERKNQSTAVLIFYWHMCP>
#	G	D	E	R	K	N	Q	S	T	A	V	L	I	F	Y	W	H	M	C	P
0	0.02425	0.02744	0.01860	0.01618	0.01999	0.55467	0.01243	0.20709	0.02150	0.02240	0.01145	0.01267	0.00903	0.00695	0.00599	0.00174	0.01045	0.00460	0.00416	0.00842
1	0.01468	0.01402	0.02386	0.28762	0.49489	0.01501	0.01918	0.01868	0.01409	0.01952	0.01192	0.01642	0.00967	0.00600	0.00642	0.00200	0.00800	0.00575	0.00309	0.00918
2	0.00940	0.00626	0.00705	0.00705	0.00705	0.00626	0.00392	0.00940	0.00940	0.01253	0.02036	0.04228	0.02349	0.77292	0.03289	0.00626	0.00626	0.00940	0.00392	0.00392
3	0.00787	0.00562	0.00750	0.00900	0.00937	0.00525	0.00600	0.00900	0.01237	0.01649	0.03561	0.76871	0.04274	0.02024	0.00825	0.00262	0.00375	0.01837	0.00600	0.00525
4	0.01599	0.01535	0.02623	0.03966	0.73262	0.01535	0.01983	0.01983	0.01471	0.02111	0.01215	0.01599	0.01023	0.00576	0.00640	0.00192	0.00768	0.00576	0.00320	0.01023
5	0.38702	0.01770	0.01463	0.07728	0.01871	0.17422	0.01040	0.18517	0.01737	0.02784	0.01098	0.01253	0.00838	0.00660	0.00520	0.00193	0.00726	0.00439	0.00434	0.00807
6	0.02332	0.01723	0.01664	0.07857	0.02010	0.19314	0.01136	0.16099	0.07149	0.26601	0.06106	0.01951	0.01547	0.00786	0.00640	0.00193	0.00742	0.00610	0.00595	0.00945
7	0.02155	0.16092	0.06455	0.05871	0.02072	0.33066	0.01296	0.09088	0.01749	0.10190	0.01224	0.01358	0.00948	0.00694	0.00659	0.00180	0.05191	0.00468	0.00398	0.00847
8	0.01381	0.12330	0.01526	0.01106	0.01364	0.01210	0.00910	0.08967	0.01365	0.08095	0.01659	0.02179	0.01441	0.03414	0.49202	0.00740	0.01363	0.00625	0.00408	0.00716
9	0.12959	0.08925	0.04336	0.01321	0.01825	0.01817	0.01136	0.43728	0.02347	0.07384	0.01439	0.01500	0.01055	0.00889	0.03713	0.00223	0.00715	0.00526	0.00552	0.03608

[dist]
# distance from previous block
# <min> <max>
3	15

[block]
# block no. 3 follows, 34 sequences, length 35
# corresponding to MSA columns:
# 136-170
name=unknown_D
#
# <colnr> <probs for GDERKNQSTAVLIFYWHMCP>
#	G	D	E	R	K	N	Q	S	T	A	V	L	I	F	Y	W	H	M	C	P
0	0.02040	0.30018	0.02378	0.01281	0.01778	0.02079	0.01124	0.38744	0.02281	0.02981	0.07994	0.01666	0.01466	0.00744	0.00571	0.00174	0.00665	0.00549	0.00514	0.00952
1	0.05360	0.49619	0.24556	0.01326	0.01992	0.02171	0.01477	0.03814	0.01364	0.01812	0.00995	0.01150	0.00827	0.00579	0.00480	0.00163	0.00762	0.00392	0.00291	0.00868
2	0.01601	0.44881	0.31571	0.01402	0.02114	0.02070	0.01613	0.02027	0.01355	0.04583	0.01068	0.01214	0.00855	0.00587	0.00504	0.00167	0.00791	0.00410	0.00296	0.00890
3	0.08855	0.18046	0.41436	0.01551	0.02286	0.08566	0.01781	0.04434	0.01447	0.04462	0.01128	0.01285	0.00847	0.00617	0.00554	0.00187	0.00858	0.00443	0.00321	0.00897
4	0.59360	0.01590	0.01195	0.01047	0.01449	0.13517	0.00842	0.07630	0.01405	0.05508	0.01032	0.01153	0.00788	0.00633	0.00459	0.00194	0.00628	0.00391	0.00424	0.00755
5	0.01564	0.01499	0.02559	0.10613	0.66889	0.01526	0.01966	0.01952	0.01455	0.02068	0.01209	0.01611	0.01008	0.00582	0.00640	0.00194	0.00776	0.00576	0.00317	0.00995
6	0.01558	0.01486	0.02528	0.06681	0.67754	0.01496	0.01923	0.01940	0.01478	0.02111	0.03978	0.01729	0.01213	0.00607	0.00645	0.00193	0.00753	0.00599	0.00334	0.00995
7	0.00900	0.00660	0.00844	0.00798	0.00957	0.00604	0.00599	0.01192	0.01796	0.02512	0.66702	0.04957	0.12365	0.01350	0.00762	0.00205	0.00307	0.01187	0.00701	0.00604
8	0.00914	0.00660	0.00864	0.00813	0.00965	0.00610	0.00610	0.01219	0.01829	0.02591	0.72921	0.04827	0.06097	0.01321	0.00762	0.00203	0.00305	0.01169	0.00711	0.00610
9	0.01581	0.01517	0.02591	0.07319	0.70047	0.01531	0.01974	0.01967	0.01463	0.02089	0.01212	0.01605	0.01016	0.00579	0.00640	0.00193	0.00772	0.00576	0.00318	0.01009
10	0.02456	0.01810	0.01939	0.01487	0.02004	0.02004	0.01228	0.71107	0.03038	0.04072	0.01551	0.01551	0.01099	0.00776	0.00646	0.00194	0.00711	0.00582	0.00646	0.01099
11	0.05854	0.01105	0.01479	0.01138	0.01634	0.00968	0.00940	0.03102	0.01821	0.71059	0.02487	0.02156	0.01566	0.00792	0.00640	0.00200	0.00548	0.00639	0.00785	0.01085
12	0.01534	0.01468	0.02504	0.16394	0.61347	0.01518	0.01950	0.01925	0.01440	0.02031	0.01204	0.01621	0.00995	0.00588	0.00641	0.00196	0.00784	0.00575	0.00314	0.00971
13	0.01490	0.36741	0.42244	0.01511	0.02285	0.01975	0.01811	0.01996	0.01341	0.01810	0.01042	0.01217	0.00823	0.00586	0.00524	0.00175	0.00836	0.00418	0.00274	0.00898
14	0.01599	0.01535	0.02623	0.03966	0.73262	0.01535	0.01983	0.01983	0.01471	0.02111	0.01215	0.01599	0.01023	0.00576	0.00640	0.00192	0.00768	0.00576	0.00320	0.01023
15	0.00787	0.00562	0.00750	0.00900	0.00937	0.00525	0.00600	0.00900	0.01237	0.01649	0.03561	0.76871	0.04274	0.02024	0.00825	0.00262	0.00375	0.01837	0.00600	0.00525
16	0.00787	0.00562	0.00750	0.00900	0.00937	0.00525	0.00600	0.00900	0.01237	0.01649	0.03561	0.76871	0.04274	0.02024	0.00825	0.00262	0.00375	0.01837	0.00600	0.00525
17	0.01727	0.77681	0.03386	0.01106	0.01658	0.02557	0.01106	0.01935	0.01313	0.01520	0.00898	0.01036	0.00829	0.00553	0.00415	0.00138	0.00691	0.00345	0.00276	0.00829
18	0.01318	0.07221	0.70263	0.01803	0.02737	0.01556	0.02320	0.02040	0.01361	0.02019	0.01146	0.01347	0.00819	0.00611	0.00603	0.00201	0.00941	0.00471	0.00273	0.00948
19	0.01005	0.00718	0.00999	0.01148	0.01281	0.00712	0.00978	0.01275	0.01451	0.01893	0.03441	0.17308	0.03798	0.01819	0.00883	0.00292	0.00563	0.59254	0.00596	0.00585
20	0.01562	0.01681	0.02854	0.11292	0.14832	0.08555	0.34813	0.02125	0.07578	0.02005	0.01379	0.01760	0.01078	0.00825	0.04527	0.00251	0.00999	0.00669	0.00351	0.00865
21	0.02226	0.09706	0.01790	0.01306	0.01746	0.08714	0.01077	0.17474	0.17226	0.23762	0.02082	0.02221	0.01557	0.00838	0.00635	0.00199	0.00655	0.05179	0.00620	0.00985
22	0.01147	0.00850	0.00997	0.00901	0.01121	0.00836	0.00691	0.11836	0.04002	0.02631	0.43823	0.07550	0.16230	0.01292	0.00735	0.00206	0.00379	0.01112	0.02980	0.00682
23	0.05264	0.00870	0.01155	0.01097	0.01220	0.01027	0.00847	0.05927	0.01179	0.01742	0.01765	0.09385	0.01758	0.10930	0.42417	0.00727	0.10906	0.00783	0.00389	0.00612
24	0.04807	0.23846	0.02394	0.01503	0.01958	0.29181	0.06331	0.16677	0.01870	0.02165	0.01124	0.01282	0.00913	0.00749	0.02393	0.00191	0.00921	0.00461	0.00385	0.00848
25	0.01671	0.01499	0.02275	0.09066	0.48828	0.05184	0.01716	0.06609	0.01559	0.05824	0.01339	0.01703	0.01091	0.01011	0.07580	0.00272	0.00871	0.00583	0.00367	0.00952
26	0.00794	0.00656	0.00696	0.00686	0.00891	0.00558	0.00515	0.00986	0.01544	0.01915	0.19847	0.05939	0.59592	0.01573	0.00763	0.00215	0.00323	0.01325	0.00622	0.00558
27	0.01738	0.39024	0.25309	0.01414	0.02086	0.02113	0.01534	0.15876	0.01676	0.02199	0.01112	0.01243	0.00880	0.00617	0.00524	0.00170	0.00778	0.00435	0.00350	0.00923
28	0.04170	0.01417	0.01817	0.01627	0.08515	0.06222	0.08568	0.09709	0.14016	0.24627	0.08165	0.02323	0.04213	0.00820	0.00664	0.00202	0.00650	0.00706	0.00607	0.00960
29	0.06128	0.01064	0.01396	0.01090	0.01559	0.00934	0.00896	0.02886	0.01782	0.63892	0.02852	0.02526	0.08250	0.00869	0.00650	0.00202	0.00527	0.00704	0.00764	0.01030
30	0.03614	0.18180	0.51789	0.01602	0.02406	0.01682	0.01956	0.03949	0.01418	0.02049	0.04822	0.01473	0.01098	0.00642	0.00576	0.00191	0.00848	0.00486	0.00310	0.00909
31	0.01349	0.01107	0.01145	0.01207	0.01390	0.12481	0.00983	0.01587	0.01521	0.07137	0.02998	0.19180	0.03208	0.01580	0.00812	0.00263	0.00640	0.40199	0.00569	0.00643
32	0.01888	0.08606	0.01902	0.01395	0.01838	0.01687	0.06223	0.21856	0.30848	0.08035	0.05228	0.02191	0.03729	0.00829	0.00646	0.00202	0.00615	0.00687	0.00605	0.00989
33	0.05819	0.14595	0.09543	0.02066	0.02651	0.13590	0.36641	0.02092	0.01496	0.01931	0.01207	0.03189	0.00978	0.00609	0.00645	0.00195	0.00977	0.00615	0.00325	0.00835
34	0.01796	0.70573	0.03250	0.01141	0.01691	0.02505	0.01117	0.08415	0.01474	0.01759	0.00959	0.01085	0.00854	0.00574	0.00436	0.00143	0.00693	0.00368	0.00311	0.00854

[dist]
# distance from previous block
# <min> <max>
0	1

[block]
# block no. 4 follows, 34 sequences, length 43
# corresponding to MSA columns:
# 172-214
name=unknown_E
#
# <colnr> <probs for GDERKNQSTAVLIFYWHMCP>
#	G	D	E	R	K	N	Q	S	T	A	V	L	I	F	Y	W	H	M	C	P
0	0.01259	0.00713	0.00956	0.00903	0.00963	0.00736	0.00622	0.09038	0.01108	0.01479	0.01265	0.02146	0.01244	0.09688	0.02384	0.63588	0.00585	0.00602	0.00334	0.00387
1	0.01172	0.01056	0.08362	0.00981	0.01277	0.00830	0.00849	0.05310	0.05121	0.07531	0.28874	0.10593	0.21261	0.01310	0.00736	0.00214	0.00440	0.02752	0.00627	0.00704
2	0.01826	0.01419	0.01649	0.01610	0.10035	0.01557	0.01145	0.17884	0.37865	0.08070	0.02459	0.02448	0.05606	0.00879	0.00664	0.00211	0.00580	0.02465	0.00621	0.01008
3	0.00780	0.00635	0.00691	0.00720	0.00894	0.00546	0.00523	0.00943	0.01447	0.01787	0.10763	0.21522	0.53106	0.01698	0.00777	0.00227	0.00336	0.01453	0.00608	0.00546
4	0.01137	0.00824	0.00999	0.01023	0.01161	0.00835	0.00731	0.15612	0.01614	0.02157	0.03140	0.61087	0.03608	0.01763	0.00787	0.00248	0.00445	0.01574	0.00610	0.00645
5	0.02357	0.11218	0.02009	0.01502	0.01926	0.38160	0.01198	0.22177	0.04145	0.07429	0.01302	0.01370	0.00995	0.00700	0.00588	0.00175	0.00918	0.00481	0.00458	0.00891
6	0.01421	0.03090	0.58201	0.01783	0.02572	0.10035	0.02134	0.02044	0.01382	0.01940	0.01141	0.01386	0.00851	0.00806	0.03365	0.00235	0.05946	0.00484	0.00283	0.00901
7	0.00898	0.00609	0.00717	0.00758	0.00768	0.00599	0.00448	0.00929	0.01020	0.01361	0.02451	0.23978	0.02872	0.56829	0.02619	0.00527	0.00558	0.01184	0.00448	0.00428
8	0.01630	0.60858	0.19353	0.01272	0.01916	0.02318	0.01396	0.01960	0.01324	0.01639	0.00957	0.01111	0.00827	0.00567	0.00460	0.00153	0.00751	0.00375	0.00276	0.00858
9	0.01767	0.01630	0.01451	0.01311	0.01622	0.17741	0.01000	0.14610	0.24702	0.04263	0.02361	0.19127	0.03453	0.01088	0.00679	0.00212	0.00659	0.00898	0.00572	0.00854
10	0.01102	0.00726	0.00864	0.00847	0.01060	0.00651	0.00651	0.01350	0.03539	0.10684	0.15181	0.16080	0.35081	0.01538	0.00768	0.00228	0.00390	0.07980	0.00642	0.00638
11	0.01761	0.01439	0.01434	0.01274	0.01602	0.08712	0.00983	0.17792	0.28987	0.06577	0.02415	0.18319	0.02139	0.01077	0.00679	0.00215	0.00589	0.00900	0.02203	0.00900
12	0.01317	0.01247	0.02112	0.57451	0.21984	0.01461	0.01842	0.01736	0.01338	0.01768	0.01165	0.01691	0.00903	0.00628	0.00644	0.00209	0.00837	0.00575	0.00295	0.00796
13	0.00787	0.00562	0.00750	0.00900	0.00937	0.00525	0.00600	0.00900	0.01237	0.01649	0.03561	0.76871	0.04274	0.02024	0.00825	0.00262	0.00375	0.01837	0.00600	0.00525
14	0.00906	0.00732	0.01144	0.01097	0.01238	0.00697	0.08803	0.01105	0.01332	0.01800	0.12127	0.45701	0.07599	0.03831	0.08370	0.00335	0.00590	0.01462	0.00552	0.00579
15	0.01022	0.00837	0.00923	0.00870	0.01102	0.00828	0.00662	0.01642	0.18983	0.02264	0.27751	0.04816	0.33162	0.01344	0.00737	0.00213	0.00365	0.01143	0.00651	0.00684
16	0.01278	0.01207	0.02042	0.64843	0.14897	0.01451	0.01823	0.01701	0.01319	0.01721	0.01159	0.01704	0.00886	0.00635	0.00645	0.00212	0.00847	0.00574	0.00292	0.00764
17	0.02716	0.01263	0.01585	0.01229	0.01723	0.01209	0.01011	0.16769	0.07240	0.54566	0.02355	0.02085	0.01527	0.00801	0.00650	0.00200	0.00579	0.00642	0.00759	0.01094
18	0.01425	0.01566	0.03192	0.04002	0.06827	0.01525	0.51849	0.01882	0.01468	0.01984	0.01872	0.02229	0.09360	0.00723	0.00863	0.00222	0.07031	0.00802	0.00354	0.00825
19	0.01525	0.01743	0.03813	0.02723	0.03377	0.01634	0.70915	0.02070	0.01525	0.02070	0.01307	0.01743	0.00980	0.00545	0.00763	0.00218	0.01089	0.00763	0.00327	0.00871
20	0.01488	0.01684	0.03659	0.02632	0.03255	0.01578	0.67390	0.02011	0.01511	0.02049	0.01420	0.05509	0.01145	0.00619	0.00766	0.00220	0.01054	0.00816	0.00340	0.00854
21	0.02416	0.03016	0.01836	0.01656	0.01998	0.71054	0.01247	0.06015	0.01892	0.01706	0.01026	0.01185	0.00846	0.00671	0.00586	0.00168	0.01142	0.00424	0.00349	0.00767
22	0.00967	0.00660	0.00904	0.00938	0.01008	0.00699	0.00688	0.01074	0.01076	0.01467	0.02139	0.07535	0.02278	0.24804	0.28222	0.10609	0.00996	0.13041	0.00409	0.00487
23	0.75942	0.01242	0.01022	0.06343	0.01484	0.01448	0.00780	0.01881	0.01114	0.02807	0.00918	0.01099	0.00712	0.00603	0.00418	0.00201	0.00526	0.00366	0.00392	0.00701
24	0.01378	0.01189	0.01242	0.01136	0.01461	0.01319	0.00878	0.02753	0.52927	0.02443	0.03693	0.03444	0.21250	0.01083	0.00686	0.00219	0.00461	0.00902	0.00642	0.00893
25	0.01340	0.01148	0.01340	0.00957	0.01531	0.00861	0.00766	0.01627	0.01340	0.02105	0.01148	0.01340	0.00957	0.00479	0.00479	0.00096	0.00479	0.00383	0.00383	0.81242
26	0.02195	0.02635	0.01774	0.03628	0.03708	0.56525	0.01232	0.04663	0.09991	0.01799	0.01252	0.01416	0.01018	0.00901	0.04313	0.00219	0.01086	0.00480	0.00379	0.00789
27	0.00818	0.00654	0.00732	0.00718	0.00908	0.00568	0.00536	0.01030	0.01592	0.02042	0.29984	0.07884	0.47183	0.01536	0.00765	0.00214	0.00321	0.01309	0.00639	0.00568
28	0.00937	0.00636	0.00754	0.00754	0.00771	0.00653	0.00453	0.00971	0.00954	0.01289	0.01991	0.03979	0.02241	0.66621	0.13813	0.00687	0.00789	0.00903	0.00385	0.00419
29	0.00827	0.00657	0.00743	0.00721	0.00912	0.00572	0.00541	0.01050	0.01623	0.02101	0.34489	0.05632	0.44834	0.01504	0.00763	0.00212	0.00318	0.01282	0.00647	0.00572
30	0.01491	0.01654	0.10802	0.10634	0.47606	0.01460	0.07002	0.01928	0.01436	0.02076	0.01274	0.01654	0.01026	0.00598	0.00633	0.00195	0.00788	0.00580	0.06220	0.00942
31	0.01140	0.00886	0.01031	0.00941	0.01170	0.00899	0.00721	0.06233	0.16404	0.02603	0.45154	0.04290	0.13513	0.01234	0.00733	0.00208	0.00377	0.01064	0.00682	0.00719
32	0.00829	0.00604	0.00781	0.00850	0.00941	0.00556	0.00594	0.01011	0.01459	0.01979	0.27521	0.46336	0.10643	0.01751	0.00798	0.00238	0.00347	0.01569	0.00638	0.00556
33	0.04712	0.01040	0.01369	0.01075	0.01529	0.00907	0.00880	0.02804	0.01785	0.61476	0.04902	0.02709	0.10017	0.00906	0.00659	0.00202	0.00516	0.00739	0.00763	0.01011
34	0.01503	0.01658	0.03484	0.10283	0.11628	0.01602	0.55865	0.02017	0.01495	0.02032	0.01280	0.01724	0.00973	0.00559	0.00736	0.00215	0.01029	0.00722	0.00322	0.00874
35	0.00880	0.00652	0.00816	0.00802	0.00936	0.00616	0.00582	0.01097	0.01516	0.02068	0.38024	0.10043	0.18039	0.11027	0.09690	0.00359	0.00519	0.01172	0.00600	0.00561
36	0.01443	0.03204	0.61545	0.01792	0.02642	0.10034	0.02179	0.02185	0.05320	0.02028	0.01222	0.01399	0.00884	0.00634	0.00613	0.00201	0.00955	0.00484	0.00301	0.00935
37	0.01677	0.69020	0.11606	0.01191	0.01791	0.02434	0.01255	0.01948	0.01319	0.01581	0.00929	0.01075	0.00828	0.00560	0.00438	0.00146	0.00722	0.00361	0.00276	0.00844
38	0.01945	0.00867	0.01147	0.00996	0.01291	0.00769	0.00759	0.02126	0.01561	0.40440	0.04958	0.22500	0.06217	0.10094	0.01013	0.00267	0.00494	0.01050	0.00686	0.00822
39	0.00888	0.00653	0.00831	0.00801	0.00952	0.00596	0.00595	0.01162	0.01744	0.02423	0.60101	0.10273	0.13757	0.01409	0.00767	0.00209	0.00313	0.01240	0.00690	0.00596
40	0.08330	0.01830	0.01901	0.01524	0.01985	0.17923	0.09223	0.18796	0.10286	0.19154	0.01708	0.01700	0.01214	0.00728	0.00629	0.00195	0.00780	0.00581	0.00557	0.00955
41	0.05472	0.05346	0.07337	0.01469	0.03940	0.22318	0.01214	0.12449	0.03264	0.28351	0.01684	0.01639	0.01171	0.00720	0.00607	0.00187	0.00790	0.00535	0.00549	0.00957
42	0.01703	0.01318	0.01409	0.01258	0.01602	0.03364	0.00975	0.07913	0.48001	0.09700	0.04608	0.11038	0.02227	0.01002	0.00676	0.00219	0.00525	0.00845	0.00657	0.00959

[dist]
# distance from previous block
# <min> <max>
1	18

[block]
# block no. 5 follows, 34 sequences, length 42
# corresponding to MSA columns:
# 233-274
name=unknown_F
#
# <colnr> <probs for GDERKNQSTAVLIFYWHMCP>
#	G	D	E	R	K	N	Q	S	T	A	V	L	I	F	Y	W	H	M	C	P
0	0.01920	0.12142	0.07673	0.01533	0.02023	0.07629	0.12975	0.10955	0.07956	0.16525	0.01878	0.10645	0.01553	0.00847	0.00649	0.00200	0.00739	0.00734	0.00513	0.00908
1	0.01569	0.29388	0.29497	0.01611	0.02287	0.09552	0.09887	0.02013	0.01419	0.01799	0.01321	0.01501	0.04243	0.00638	0.00565	0.00179	0.00870	0.00500	0.00302	0.00859
2	0.00951	0.00673	0.00749	0.00751	0.00928	0.00592	0.00545	0.01094	0.01385	0.06495	0.05047	0.14334	0.45288	0.13671	0.01171	0.00291	0.00408	0.04488	0.00580	0.00558
3	0.01669	0.10731	0.05307	0.02924	0.44643	0.06136	0.01691	0.06394	0.05101	0.02146	0.01402	0.01916	0.01213	0.00689	0.00627	0.00193	0.00762	0.05130	0.00369	0.00957
4	0.05007	0.02700	0.01824	0.01728	0.06318	0.58317	0.01248	0.03930	0.01745	0.01749	0.01025	0.01218	0.00854	0.00666	0.00633	0.00169	0.03921	0.00431	0.00343	0.06174
5	0.01599	0.01535	0.02623	0.03966	0.73262	0.01535	0.01983	0.01983	0.01471	0.02111	0.01215	0.01599	0.01023	0.00576	0.00640	0.00192	0.00768	0.00576	0.00320	0.01023
6	0.03852	0.05879	0.01570	0.01127	0.01600	0.01168	0.00935	0.13146	0.01920	0.43889	0.05179	0.02376	0.07388	0.00843	0.00632	0.00190	0.00550	0.00675	0.00689	0.06392
7	0.01238	0.00758	0.00963	0.00867	0.01091	0.00696	0.00666	0.01578	0.04597	0.13730	0.51088	0.04481	0.13192	0.01258	0.00740	0.00205	0.00354	0.01092	0.00710	0.00696
8	0.05363	0.01214	0.01550	0.01192	0.01691	0.01128	0.00985	0.13575	0.02008	0.60713	0.02343	0.02063	0.01493	0.00790	0.00641	0.00199	0.00573	0.00630	0.00763	0.01087
9	0.01358	0.01289	0.02187	0.49603	0.29508	0.01472	0.01863	0.01772	0.01357	0.01818	0.01173	0.01678	0.00920	0.00620	0.00644	0.00207	0.00827	0.00575	0.00299	0.00829
10	0.02899	0.01100	0.01499	0.01150	0.01649	0.00950	0.00950	0.03149	0.01849	0.73709	0.02549	0.02199	0.01599	0.00800	0.00650	0.00200	0.00550	0.00650	0.00800	0.01100
11	0.00960	0.00724	0.01018	0.00999	0.01077	0.00841	0.00744	0.01127	0.01010	0.01442	0.01748	0.02887	0.01748	0.22788	0.51919	0.00884	0.06446	0.00746	0.00353	0.00539
12	0.02414	0.03079	0.01831	0.01665	0.01998	0.74698	0.01248	0.02580	0.01831	0.01581	0.00999	0.01165	0.00832	0.00666	0.00583	0.00166	0.01165	0.00416	0.00333	0.00749
13	0.01468	0.01252	0.01336	0.01211	0.01541	0.01417	0.00938	0.03001	0.58983	0.02625	0.11267	0.02954	0.07232	0.00981	0.00677	0.00217	0.00474	0.00825	0.00660	0.00941
14	0.01337	0.01066	0.01195	0.01119	0.01389	0.01162	0.00860	0.02448	0.40476	0.04543	0.16811	0.12195	0.07139	0.01184	0.00715	0.00224	0.00449	0.04193	0.00659	0.00837
15	0.01544	0.01479	0.02523	0.14385	0.63273	0.01521	0.01956	0.01935	0.01445	0.02044	0.01206	0.01617	0.01000	0.00586	0.00641	0.00195	0.00781	0.00575	0.00315	0.00979
16	0.01525	0.01743	0.03813	0.02723	0.03377	0.01634	0.70915	0.02070	0.01525	0.02070	0.01307	0.01743	0.00980	0.00545	0.00763	0.00218	0.01089	0.00763	0.00327	0.00871
17	0.01220	0.01148	0.01938	0.75739	0.04450	0.01436	0.01794	0.01651	0.01292	0.01651	0.01148	0.01723	0.00861	0.00646	0.00646	0.00215	0.00861	0.00574	0.00287	0.00718
18	0.00951	0.00667	0.00865	0.00817	0.00976	0.00612	0.00612	0.01240	0.01790	0.04238	0.65444	0.07577	0.09069	0.01350	0.00762	0.00206	0.00314	0.01191	0.00704	0.00615
19	0.01481	0.01414	0.02408	0.26422	0.51732	0.01504	0.01924	0.01879	0.01415	0.01967	0.01194	0.01638	0.00973	0.00598	0.00642	0.00199	0.00797	0.00575	0.00310	0.00928
20	0.01599	0.01535	0.02623	0.03966	0.73262	0.01535	0.01983	0.01983	0.01471	0.02111	0.01215	0.01599	0.01023	0.00576	0.00640	0.00192	0.00768	0.00576	0.00320	0.01023
21	0.01370	0.00980	0.01124	0.01001	0.01269	0.00992	0.00773	0.15035	0.09946	0.07034	0.24869	0.13015	0.17415	0.01282	0.00729	0.00213	0.00436	0.01095	0.00662	0.00759
22	0.02401	0.01106	0.01398	0.01104	0.01543	0.01017	0.00901	0.12205	0.01960	0.48993	0.07613	0.02857	0.12045	0.00950	0.00673	0.00202	0.00524	0.00777	0.00744	0.00988
23	0.01323	0.01254	0.02124	0.56219	0.23165	0.01463	0.01846	0.01741	0.01341	0.01776	0.01167	0.01689	0.00905	0.00627	0.00644	0.00209	0.00836	0.00575	0.00296	0.00801
24	0.01369	0.15981	0.61948	0.01716	0.02603	0.01680	0.02169	0.02027	0.01355	0.01957	0.01115	0.01308	0.00820	0.00603	0.00580	0.00193	0.00910	0.00455	0.00273	0.00934
25	0.01948	0.02301	0.01604	0.01464	0.01734	0.48197	0.01116	0.04544	0.01649	0.01667	0.01601	0.01861	0.06977	0.01531	0.14043	0.00336	0.05791	0.00560	0.00365	0.00711
26	0.01345	0.05681	0.61092	0.01947	0.02843	0.01557	0.12512	0.02046	0.01386	0.02031	0.01172	0.01409	0.00843	0.00601	0.00629	0.00204	0.00966	0.00515	0.00281	0.00938
27	0.04433	0.18158	0.22047	0.01645	0.02264	0.01696	0.14557	0.02283	0.10560	0.09724	0.03236	0.01667	0.01212	0.00675	0.00652	0.00197	0.03109	0.00570	0.00405	0.00912
28	0.01161	0.00811	0.00952	0.00926	0.01082	0.00803	0.00659	0.12199	0.01562	0.04584	0.07974	0.34116	0.12935	0.15701	0.01236	0.00307	0.00470	0.01318	0.00583	0.00620
29	0.00834	0.00614	0.00790	0.00905	0.00998	0.00571	0.00659	0.00997	0.01350	0.01762	0.07461	0.49229	0.15891	0.01882	0.00823	0.00258	0.00402	0.13427	0.00604	0.00545
30	0.02277	0.01617	0.09003	0.01603	0.09840	0.07423	0.01248	0.10835	0.06385	0.34739	0.04325	0.02119	0.04016	0.00792	0.00647	0.00198	0.00669	0.00643	0.00616	0.01007
31	0.01588	0.05247	0.11035	0.05377	0.43134	0.01476	0.07964	0.01995	0.01461	0.07080	0.01451	0.06657	0.01240	0.00692	0.00650	0.00199	0.00776	0.00660	0.00364	0.00955
32	0.01017	0.09823	0.01136	0.00876	0.00982	0.00908	0.00628	0.01125	0.01038	0.01394	0.01911	0.08539	0.02067	0.39043	0.26114	0.00677	0.00977	0.00853	0.00378	0.00514
33	0.10852	0.01186	0.01865	0.62149	0.08544	0.01444	0.01676	0.01702	0.01281	0.01829	0.01123	0.01634	0.00853	0.00636	0.00616	0.00212	0.00812	0.00548	0.00303	0.00736
34	0.01442	0.04383	0.52753	0.01889	0.05930	0.06547	0.04933	0.02244	0.09833	0.02086	0.01327	0.01496	0.00973	0.00643	0.00620	0.00202	0.00908	0.00517	0.00327	0.00946
35	0.01867	0.30641	0.02273	0.01274	0.01670	0.19419	0.01079	0.13756	0.01761	0.02086	0.09669	0.01782	0.01580	0.04571	0.00750	0.00193	0.03873	0.00540	0.00411	0.00803
36	0.01526	0.01143	0.01359	0.00980	0.01545	0.00872	0.00788	0.01808	0.01401	0.10636	0.01315	0.01442	0.01034	0.00517	0.00499	0.00108	0.00487	0.00415	0.00432	0.71694
37	0.01414	0.12779	0.49701	0.01597	0.02367	0.01504	0.03423	0.02003	0.01447	0.06557	0.09765	0.01794	0.01502	0.00700	0.00610	0.00196	0.00820	0.00559	0.00360	0.00904
38	0.02212	0.08205	0.12413	0.01554	0.06727	0.01622	0.01330	0.30508	0.02154	0.20679	0.01687	0.01764	0.01210	0.04115	0.00739	0.00211	0.00705	0.00579	0.00566	0.01019
39	0.01170	0.00681	0.00800	0.00762	0.00823	0.00663	0.00463	0.01202	0.01055	0.09894	0.02132	0.05640	0.02304	0.66467	0.02918	0.00567	0.00612	0.00926	0.00445	0.00479
40	0.01622	0.37887	0.18893	0.01340	0.01920	0.01974	0.01398	0.09799	0.06291	0.02057	0.01448	0.02006	0.01278	0.00760	0.00559	0.00184	0.00730	0.08597	0.00381	0.00873
41	0.03464	0.01727	0.10855	0.11737	0.41731	0.04421	0.04050	0.02071	0.07252	0.02108	0.03514	0.01726	0.01197	0.00639	0.00638	0.00199	0.00786	0.00589	0.00353	0.00942

[dist]
# distance from previous block
# <min> <max>
20	35

[block]
# block no. 6 follows, 34 sequences, length 40
# corresponding to MSA columns:
# 310-349
name=unknown_G
#
# <colnr> <probs for GDERKNQSTAVLIFYWHMCP>
#	G	D	E	R	K	N	Q	S	T	A	V	L	I	F	Y	W	H	M	C	P
0	0.01808	0.08694	0.11455	0.01364	0.01835	0.09237	0.01220	0.13762	0.25558	0.07294	0.07505	0.02152	0.03657	0.00823	0.00631	0.00198	0.00670	0.00650	0.00548	0.00940
1	0.08252	0.01390	0.01515	0.01371	0.05660	0.12196	0.02769	0.02552	0.06053	0.35788	0.05589	0.10279	0.01901	0.00910	0.00648	0.00203	0.00632	0.00751	0.00624	0.00915
2	0.02024	0.01422	0.01564	0.01282	0.01704	0.01540	0.01032	0.30692	0.24868	0.12817	0.06464	0.02466	0.07364	0.00910	0.00666	0.00205	0.00572	0.00733	0.00671	0.01003
3	0.02207	0.01660	0.01717	0.01362	0.01800	0.07024	0.01105	0.49935	0.02669	0.07570	0.14134	0.02136	0.01988	0.00865	0.00662	0.00194	0.00664	0.00677	0.00644	0.00987
4	0.01356	0.02793	0.52300	0.02058	0.07908	0.01516	0.10872	0.01997	0.01370	0.02029	0.01164	0.01431	0.00862	0.00625	0.00713	0.00205	0.05189	0.00521	0.00289	0.04803
5	0.01763	0.01429	0.11226	0.04805	0.01793	0.01208	0.01141	0.15581	0.08592	0.17633	0.15943	0.06611	0.02503	0.04109	0.00791	0.00226	0.00595	0.02554	0.00610	0.00886
6	0.21170	0.31686	0.02248	0.01194	0.01677	0.09927	0.01048	0.17946	0.01730	0.04500	0.01107	0.01205	0.00883	0.00635	0.00489	0.00171	0.00697	0.00417	0.00412	0.00859
7	0.00939	0.00629	0.00717	0.00717	0.00721	0.00633	0.00406	0.00947	0.00943	0.01262	0.02025	0.04168	0.02323	0.74702	0.05843	0.00641	0.00666	0.00931	0.00390	0.00398
8	0.00943	0.00635	0.00737	0.00744	0.00756	0.00642	0.00442	0.00968	0.00968	0.01295	0.02076	0.04259	0.02364	0.70085	0.07234	0.00636	0.00688	0.03723	0.00397	0.00410
9	0.01994	0.07066	0.01863	0.01475	0.05456	0.01653	0.03022	0.23329	0.26445	0.11125	0.01934	0.01876	0.01420	0.00755	0.00622	0.00191	0.00615	0.00611	0.00593	0.07957
10	0.02289	0.01282	0.01615	0.11363	0.02089	0.01333	0.01123	0.13069	0.19188	0.36203	0.02231	0.02091	0.01517	0.00794	0.00651	0.00206	0.00606	0.00649	0.00673	0.01029
11	0.00787	0.00562	0.00750	0.00900	0.00937	0.00525	0.00600	0.00900	0.01237	0.01649	0.03561	0.76871	0.04274	0.02024	0.00825	0.00262	0.00375	0.01837	0.00600	0.00525
12	0.01493	0.01549	0.02574	0.37378	0.07023	0.07286	0.24222	0.05061	0.01491	0.01912	0.01202	0.01664	0.00916	0.00630	0.00717	0.00212	0.02922	0.00623	0.00322	0.00802
13	0.00905	0.00760	0.00801	0.00786	0.01015	0.00705	0.00603	0.01312	0.11084	0.01948	0.10699	0.05660	0.54538	0.01519	0.00756	0.00222	0.00366	0.05087	0.00616	0.00618
14	0.00871	0.00659	0.00804	0.00767	0.00939	0.00591	0.00576	0.01135	0.01727	0.02348	0.53850	0.05226	0.25319	0.01412	0.00763	0.00208	0.00311	0.01225	0.00679	0.00591
15	0.00871	0.00748	0.00771	0.00812	0.00991	0.03618	0.00613	0.01042	0.01443	0.01744	0.05335	0.20008	0.47748	0.01691	0.00785	0.00235	0.00405	0.09995	0.00588	0.00556
16	0.01686	0.70472	0.10228	0.01177	0.01769	0.02454	0.01230	0.01946	0.01318	0.01571	0.00924	0.01068	0.00828	0.00559	0.00434	0.00145	0.00717	0.00358	0.00276	0.00841
17	0.02393	0.01778	0.01903	0.01474	0.01979	0.01974	0.01213	0.66036	0.08213	0.03970	0.01632	0.01616	0.01164	0.00783	0.00647	0.00196	0.00696	0.00593	0.00647	0.01093
18	0.01220	0.01148	0.01938	0.75739	0.04450	0.01436	0.01794	0.01651	0.01292	0.01651	0.01148	0.01723	0.00861	0.00646	0.00646	0.00215	0.00861	0.00574	0.00287	0.00718
19	0.81856	0.01250	0.00950	0.00850	0.01250	0.01449	0.00700	0.01899	0.01100	0.02899	0.00900	0.01050	0.00700	0.00600	0.00400	0.00200	0.00500	0.00350	0.00400	0.00700
20	0.01599	0.01535	0.02623	0.03966	0.73262	0.01535	0.01983	0.01983	0.01471	0.02111	0.01215	0.01599	0.01023	0.00576	0.00640	0.00192	0.00768	0.00576	0.00320	0.01023
21	0.01599	0.01535	0.02623	0.03966	0.73262	0.01535	0.01983	0.01983	0.01471	0.02111	0.01215	0.01599	0.01023	0.00576	0.00640	0.00192	0.00768	0.00576	0.00320	0.01023
22	0.19712	0.02392	0.01593	0.01431	0.01791	0.45445	0.01097	0.05643	0.11261	0.02135	0.01223	0.01326	0.00970	0.00685	0.00556	0.00182	0.00910	0.00452	0.00406	0.00791
23	0.01331	0.00974	0.01123	0.01009	0.01279	0.01007	0.00780	0.04918	0.24517	0.07870	0.34160	0.03883	0.12197	0.01154	0.00715	0.00210	0.00409	0.00988	0.00685	0.00792
24	0.01987	0.44734	0.02832	0.01404	0.01892	0.25342	0.06257	0.02208	0.01519	0.05041	0.01039	0.01185	0.00878	0.00600	0.00505	0.00156	0.00864	0.00413	0.00323	0.00820
25	0.01540	0.01467	0.02625	0.01965	0.02422	0.01485	0.35727	0.09051	0.01595	0.05579	0.02099	0.02358	0.11616	0.00918	0.02530	0.00237	0.11921	0.00783	0.00419	0.03661
26	0.01703	0.01590	0.02944	0.02172	0.02717	0.01577	0.43810	0.11157	0.08271	0.07346	0.03038	0.01908	0.01266	0.00873	0.04532	0.00257	0.02764	0.00728	0.00440	0.00907
27	0.12460	0.18890	0.11318	0.01284	0.01838	0.01607	0.03984	0.09968	0.04134	0.24017	0.01726	0.01699	0.02962	0.00705	0.00567	0.00188	0.00660	0.00538	0.00515	0.00942
28	0.01030	0.00928	0.01680	0.01465	0.01695	0.00873	0.21320	0.01288	0.01347	0.01802	0.02884	0.47725	0.03249	0.01565	0.00813	0.00253	0.00607	0.08322	0.00519	0.00634
29	0.00872	0.00671	0.00711	0.00699	0.00917	0.00567	0.00525	0.01047	0.01502	0.05098	0.10438	0.09185	0.62325	0.01596	0.00761	0.00218	0.00338	0.01340	0.00616	0.00574
30	0.01618	0.05169	0.05257	0.12691	0.39588	0.01544	0.04870	0.09496	0.01581	0.04015	0.01325	0.01789	0.01102	0.06231	0.00829	0.00226	0.00777	0.00598	0.00365	0.00928
31	0.01509	0.01266	0.01343	0.01198	0.01540	0.01416	0.00934	0.08751	0.50885	0.02676	0.08246	0.03058	0.12362	0.01009	0.00679	0.00216	0.00487	0.00840	0.00652	0.00931
32	0.00947	0.00705	0.00908	0.01012	0.01135	0.00694	0.00783	0.01274	0.06928	0.01888	0.07088	0.36689	0.09702	0.01782	0.00828	0.00265	0.00457	0.25715	0.00608	0.00595
33	0.01455	0.06437	0.54208	0.05394	0.02783	0.06904	0.07907	0.02092	0.01419	0.03851	0.01184	0.01405	0.00856	0.00616	0.00617	0.00200	0.00954	0.00500	0.00296	0.00920
34	0.07250	0.11460	0.57768	0.01680	0.02511	0.01635	0.02080	0.02003	0.01324	0.02030	0.01099	0.01306	0.00812	0.00627	0.00637	0.00200	0.03926	0.00457	0.00283	0.00912
35	0.00835	0.00598	0.00784	0.00917	0.00968	0.00567	0.00618	0.02917	0.01289	0.01719	0.03504	0.74707	0.04182	0.01988	0.00820	0.00260	0.00385	0.01801	0.00601	0.00541
36	0.00814	0.00586	0.00774	0.00892	0.00956	0.00546	0.00616	0.00961	0.01333	0.01788	0.12746	0.62022	0.06893	0.01908	0.00817	0.00255	0.00373	0.04565	0.00614	0.00540
37	0.01885	0.13060	0.13831	0.01707	0.07648	0.07282	0.06417	0.18707	0.08942	0.07609	0.05484	0.01749	0.01382	0.00719	0.00618	0.00190	0.00760	0.00583	0.00475	0.00952
38	0.00976	0.00783	0.00856	0.00819	0.01041	0.00737	0.00623	0.05838	0.06881	0.02129	0.18176	0.10258	0.43845	0.01494	0.00755	0.00219	0.00372	0.02941	0.00628	0.00630
39	0.02563	0.06845	0.01694	0.01293	0.04199	0.03505	0.01024	0.04866	0.11467	0.52035	0.02317	0.02072	0.01537	0.00779	0.00631	0.00197	0.00586	0.00627	0.00706	0.01056

[dist]
# distance from previous block
# <min> <max>
0	1

[block]
# block no. 7 follows, 34 sequences, length 73
# corresponding to MSA columns:
# 351-423
name=unknown_H
#
# <colnr> <probs for GDERKNQSTAVLIFYWHMCP>
#	G	D	E	R	K	N	Q	S	T	A	V	L	I	F	Y	W	H	M	C	P
0	0.01682	0.05342	0.10073	0.02971	0.44710	0.01525	0.04258	0.07635	0.01629	0.06946	0.05860	0.01792	0.01356	0.00656	0.00639	0.00193	0.00747	0.00604	0.00396	0.00986
1	0.01928	0.01621	0.01819	0.01798	0.12890	0.04571	0.01251	0.26339	0.34789	0.03036	0.01978	0.01942	0.01482	0.00787	0.00648	0.00204	0.00645	0.00643	0.00589	0.01038
2	0.01427	0.01205	0.01385	0.01012	0.01570	0.00978	0.00810	0.06212	0.05523	0.02267	0.01260	0.01415	0.01025	0.00521	0.00500	0.00109	0.00495	0.00416	0.00416	0.71455
3	0.00924	0.00690	0.01025	0.01025	0.01136	0.00801	0.00791	0.01145	0.01035	0.01490	0.01743	0.02604	0.01644	0.07661	0.71956	0.01022	0.01688	0.00702	0.00348	0.00570
4	0.01317	0.03199	0.67645	0.01921	0.02849	0.01513	0.08542	0.02048	0.01379	0.02048	0.01173	0.01398	0.00833	0.00608	0.00627	0.00206	0.00967	0.00503	0.00278	0.00947
5	0.01592	0.01314	0.01653	0.04077	0.17134	0.01419	0.01175	0.17772	0.20875	0.02553	0.02303	0.07401	0.06901	0.07294	0.03392	0.00271	0.00651	0.00794	0.00530	0.00896
6	0.00764	0.00655	0.00655	0.00655	0.00873	0.00545	0.00491	0.00927	0.01473	0.01745	0.06546	0.06218	0.73000	0.01636	0.00764	0.00218	0.00327	0.01364	0.00600	0.00545
7	0.00972	0.00688	0.00907	0.01014	0.01151	0.00666	0.00834	0.01227	0.01465	0.01959	0.09617	0.18033	0.10857	0.01695	0.00825	0.00265	0.00486	0.40353	0.06407	0.00580
8	0.05411	0.01128	0.01452	0.01149	0.01615	0.01044	0.00939	0.03074	0.11353	0.59031	0.05045	0.02283	0.01781	0.00822	0.00646	0.00203	0.00534	0.00669	0.00763	0.01058
9	0.00923	0.00692	0.01038	0.01038	0.01154	0.00808	0.00808	0.01154	0.01038	0.01500	0.01731	0.02538	0.01615	0.04846	0.74732	0.01038	0.01731	0.00692	0.00346	0.00577
10	0.00847	0.00607	0.00792	0.00921	0.00975	0.00578	0.00622	0.03420	0.01302	0.01736	0.03489	0.74166	0.04160	0.01979	0.00818	0.00260	0.00387	0.01792	0.00601	0.00545
11	0.01941	0.02022	0.01618	0.01450	0.01811	0.28148	0.01115	0.06384	0.43273	0.02362	0.01986	0.01917	0.01517	0.00795	0.00630	0.00199	0.00758	0.00609	0.00539	0.00927
12	0.00787	0.00562	0.00750	0.00900	0.00937	0.00525	0.00600	0.00900	0.01237	0.01649	0.03561	0.76871	0.04274	0.02024	0.00825	0.00262	0.00375	0.01837	0.00600	0.00525
13	0.00776	0.00655	0.00672	0.00667	0.00880	0.00551	0.00501	0.00951	0.01502	0.01814	0.11956	0.06105	0.67546	0.01611	0.00764	0.00217	0.00325	0.01348	0.00609	0.00551
14	0.01420	0.01196	0.01383	0.00995	0.01565	0.00944	0.00799	0.06631	0.01462	0.02247	0.01177	0.01355	0.00967	0.00500	0.00491	0.00103	0.00495	0.00397	0.00402	0.75471
15	0.01017	0.00818	0.00864	0.00815	0.01051	0.00774	0.00620	0.08584	0.05718	0.02055	0.07662	0.08125	0.50480	0.05403	0.00881	0.00240	0.00403	0.03259	0.00601	0.00627
16	0.01220	0.01148	0.01938	0.75739	0.04450	0.01436	0.01794	0.01651	0.01292	0.01651	0.01148	0.01723	0.00861	0.00646	0.00646	0.00215	0.00861	0.00574	0.00287	0.00718
17	0.00928	0.00627	0.00732	0.00759	0.00773	0.00622	0.00458	0.00961	0.01010	0.01344	0.02306	0.12959	0.02665	0.63516	0.02843	0.00562	0.00595	0.05490	0.00429	0.00420
18	0.01638	0.62242	0.18040	0.01258	0.01895	0.02337	0.01372	0.01958	0.01324	0.01629	0.00953	0.01105	0.00827	0.00565	0.00456	0.00152	0.00746	0.00373	0.00276	0.00855
