[name]
unknown

[dist]
# distance from previous block
# <min> <max>
0	27

[block]
# block no. 0 follows, 29 sequences, length 9
# corresponding to MSA columns:
# 28-36
name=unknown_A
#
# <colnr> <probs for GDERKNQSTAVLIFYWHMCP>
#	G	D	E	R	K	N	Q	S	T	A	V	L	I	F	Y	W	H	M	C	P
0	0.05501	0.03101	0.01842	0.01565	0.05462	0.08487	0.04386	0.16866	0.02013	0.10959	0.04556	0.02368	0.03023	0.01391	0.09288	0.00312	0.00886	0.03709	0.00554	0.13731
1	0.10116	0.01961	0.18247	0.05239	0.17085	0.05594	0.01593	0.05018	0.01569	0.02301	0.01999	0.10262	0.05792	0.06058	0.00892	0.00255	0.00788	0.00800	0.00428	0.04003
2	0.07277	0.01446	0.01599	0.06203	0.10080	0.08566	0.01156	0.06554	0.08330	0.02354	0.02182	0.14104	0.03735	0.03373	0.03597	0.00265	0.00736	0.03741	0.00507	0.14196
3	0.21380	0.02090	0.13558	0.01934	0.13555	0.12118	0.01482	0.02390	0.10564	0.02561	0.07862	0.01941	0.01626	0.00805	0.00694	0.00220	0.03227	0.00611	0.00457	0.00926
4	0.07623	0.11881	0.02127	0.05344	0.06867	0.38421	0.01361	0.02545	0.06563	0.02003	0.01476	0.02037	0.01304	0.00834	0.00649	0.00204	0.01010	0.06480	0.00412	0.00858
5	0.02113	0.01404	0.01674	0.10016	0.02157	0.01532	0.01175	0.11676	0.30016	0.19083	0.02463	0.02574	0.01841	0.07850	0.00992	0.00274	0.00661	0.00763	0.00684	0.01052
6	0.02374	0.01834	0.02183	0.10280	0.02563	0.01993	0.04865	0.50491	0.02853	0.03847	0.01600	0.01721	0.01158	0.00794	0.00702	0.00208	0.00801	0.00630	0.00619	0.08483
7	0.01381	0.00975	0.01083	0.00938	0.01277	0.00880	0.00733	0.09463	0.01906	0.09339	0.13109	0.05110	0.41069	0.01438	0.00784	0.00221	0.00449	0.01195	0.00682	0.07969
8	0.01816	0.15119	0.45537	0.01804	0.02655	0.10273	0.02104	0.02417	0.01605	0.08410	0.01350	0.01503	0.00985	0.00691	0.00640	0.00208	0.00992	0.00512	0.00363	0.01017

[dist]
# distance from previous block
# <min> <max>
2	4

[block]
# block no. 1 follows, 29 sequences, length 31
# corresponding to MSA columns:
# 41-71
name=unknown_B
#
# <colnr> <probs for GDERKNQSTAVLIFYWHMCP>
#	G	D	E	R	K	N	Q	S	T	A	V	L	I	F	Y	W	H	M	C	P
0	0.04777	0.02737	0.29916	0.02178	0.08423	0.11613	0.10695	0.06425	0.11702	0.02466	0.01533	0.01719	0.01148	0.00724	0.00696	0.00222	0.00980	0.00610	0.00414	0.01024
1	0.02080	0.28938	0.06507	0.01860	0.10500	0.17614	0.01449	0.08587	0.11775	0.02252	0.01421	0.01545	0.01153	0.00718	0.00603	0.00189	0.00875	0.00524	0.00423	0.00987
2	0.49919	0.06891	0.03997	0.09983	0.01924	0.01574	0.01078	0.01977	0.01329	0.02720	0.01446	0.02275	0.01300	0.00857	0.00564	0.00233	0.00650	0.10064	0.00442	0.00778
3	0.01719	0.01460	0.01812	0.06741	0.02156	0.01370	0.04993	0.12750	0.11784	0.02725	0.01588	0.01746	0.01238	0.00663	0.00618	0.00161	0.00645	0.00554	0.00502	0.44776
4	0.07066	0.00876	0.00992	0.01007	0.01227	0.00864	0.00763	0.01625	0.09914	0.05628	0.08772	0.25373	0.23031	0.01687	0.00825	0.00260	0.00457	0.08249	0.00671	0.00713
5	0.01740	0.35655	0.02557	0.01162	0.01780	0.01882	0.01045	0.05505	0.01563	0.02138	0.01162	0.01334	0.00998	0.00583	0.00505	0.00133	0.00650	0.00415	0.00383	0.38813
6	0.01002	0.00771	0.00999	0.11533	0.01522	0.00779	0.00771	0.01171	0.01375	0.01783	0.08358	0.21301	0.17094	0.24829	0.01720	0.00395	0.00569	0.02907	0.00546	0.00577
7	0.08286	0.13735	0.02210	0.01668	0.02074	0.50717	0.01312	0.06002	0.01911	0.01981	0.01102	0.01285	0.00921	0.00733	0.00660	0.00187	0.03527	0.00457	0.00379	0.00853
8	0.01476	0.00844	0.01088	0.01030	0.01288	0.00762	0.00819	0.01749	0.01816	0.17617	0.24118	0.10738	0.18240	0.01558	0.00846	0.00252	0.00469	0.13777	0.00746	0.00767
9	0.01072	0.00765	0.01060	0.01225	0.01355	0.00754	0.01016	0.01344	0.01564	0.02046	0.03812	0.26049	0.04264	0.02039	0.00963	0.00317	0.00590	0.48472	0.00657	0.00635
10	0.01139	0.00814	0.01136	0.01287	0.01451	0.00811	0.01120	0.01468	0.01661	0.02174	0.07669	0.07873	0.04252	0.01937	0.00975	0.00322	0.00637	0.61955	0.00663	0.00657
11	0.01685	0.01964	0.07504	0.03253	0.18531	0.01769	0.49838	0.02258	0.01658	0.02290	0.01409	0.01863	0.01081	0.00612	0.00801	0.00233	0.01114	0.00778	0.00355	0.01003
12	0.01767	0.02823	0.43172	0.02364	0.12399	0.01588	0.10399	0.02428	0.01621	0.12415	0.01532	0.01727	0.01083	0.00691	0.00707	0.00225	0.00976	0.00608	0.00401	0.01075
13	0.58937	0.12376	0.01577	0.01065	0.01546	0.01853	0.00909	0.10256	0.01510	0.03130	0.01080	0.01223	0.00847	0.00677	0.00477	0.00209	0.00611	0.00416	0.00454	0.00847
14	0.01097	0.01182	0.11367	0.01144	0.01441	0.00845	0.01053	0.01504	0.01867	0.02626	0.47103	0.05283	0.05352	0.01440	0.00844	0.00244	0.00504	0.13691	0.00688	0.00725
15	0.01716	0.01943	0.11344	0.03795	0.53009	0.01700	0.06822	0.02305	0.06014	0.02357	0.01440	0.01800	0.01165	0.00659	0.00712	0.00217	0.00878	0.00647	0.00371	0.01107
16	0.02853	0.01268	0.01637	0.01276	0.01782	0.01172	0.01046	0.12752	0.02229	0.52792	0.10962	0.02676	0.02293	0.00948	0.00731	0.00220	0.00599	0.00776	0.00844	0.01145
17	0.00868	0.00620	0.00826	0.00991	0.01033	0.00578	0.00661	0.00991	0.01363	0.01818	0.03925	0.74510	0.04710	0.02231	0.00909	0.00289	0.00413	0.02024	0.00661	0.00578
18	0.02102	0.01543	0.01685	0.01447	0.01893	0.01721	0.01144	0.12071	0.50800	0.13214	0.02731	0.02500	0.01988	0.00939	0.00722	0.00235	0.00598	0.00771	0.00746	0.01150
19	0.01849	0.07330	0.02629	0.07120	0.44362	0.09403	0.01858	0.02469	0.11619	0.02284	0.01514	0.01804	0.01234	0.00696	0.00683	0.00210	0.00851	0.00622	0.00403	0.01061
20	0.00887	0.00723	0.00789	0.00805	0.01018	0.00625	0.00611	0.01094	0.01656	0.02047	0.14512	0.11157	0.53169	0.01801	0.00856	0.00248	0.00383	0.06332	0.00676	0.00612
21	0.00881	0.00648	0.00826	0.00940	0.01026	0.00593	0.00645	0.01039	0.01482	0.01961	0.12588	0.55985	0.14627	0.02072	0.00890	0.00274	0.00396	0.01856	0.00676	0.00593
22	0.02316	0.01974	0.02109	0.01863	0.06999	0.12239	0.05659	0.24987	0.23044	0.08289	0.02023	0.02008	0.01490	0.00841	0.00714	0.00220	0.00808	0.00683	0.00629	0.01106
23	0.07748	0.14538	0.02182	0.10421	0.02358	0.35757	0.01339	0.02686	0.10296	0.04297	0.01379	0.01539	0.01097	0.00740	0.00619	0.00196	0.00991	0.00514	0.00418	0.00883
24	0.01611	0.01676	0.03005	0.07211	0.11255	0.01846	0.27535	0.02006	0.01435	0.02061	0.01227	0.01741	0.01025	0.00833	0.01317	0.00252	0.26476	0.00696	0.00344	0.06448
25	0.00866	0.00626	0.00819	0.00974	0.01028	0.00580	0.00653	0.00993	0.01380	0.01825	0.04139	0.70106	0.08976	0.02203	0.00904	0.00286	0.00410	0.01990	0.00661	0.00580
26	0.01636	0.02160	0.13701	0.02629	0.03316	0.05467	0.48572	0.02204	0.01638	0.02203	0.01563	0.06951	0.01299	0.00748	0.00842	0.00240	0.02671	0.00853	0.00372	0.00936
27	0.01789	0.39697	0.17830	0.01737	0.02397	0.06444	0.11397	0.02191	0.01500	0.01894	0.01120	0.01373	0.00938	0.00677	0.00711	0.00194	0.06360	0.00502	0.00316	0.00935
28	0.07855	0.19116	0.05017	0.12488	0.02449	0.09000	0.06052	0.10282	0.05323	0.02300	0.01413	0.01738	0.01152	0.01391	0.11173	0.00341	0.01030	0.00577	0.00411	0.00891
29	0.11361	0.01494	0.01987	0.01916	0.15002	0.01407	0.06909	0.07094	0.07268	0.02644	0.01430	0.01645	0.01141	0.00632	0.00608	0.00171	0.00671	0.00542	0.00453	0.35627
30	0.16034	0.10309	0.09422	0.06806	0.10543	0.05728	0.01431	0.04911	0.03126	0.09352	0.03846	0.02651	0.01686	0.00915	0.00669	0.00227	0.00761	0.10176	0.00490	0.00917

[dist]
# distance from previous block
# <min> <max>
1	5

[block]
# block no. 2 follows, 29 sequences, length 11
# corresponding to MSA columns:
# 77-87
name=unknown_C
#
# <colnr> <probs for GDERKNQSTAVLIFYWHMCP>
#	G	D	E	R	K	N	Q	S	T	A	V	L	I	F	Y	W	H	M	C	P
0	0.06549	0.01577	0.02335	0.07016	0.15946	0.01740	0.10317	0.14881	0.01796	0.06725	0.01508	0.02048	0.01259	0.08487	0.01309	0.00286	0.14121	0.00693	0.00459	0.00948
1	0.08604	0.01662	0.02015	0.01541	0.02109	0.01700	0.08022	0.28793	0.10399	0.07886	0.01737	0.01794	0.01278	0.00753	0.00663	0.00196	0.00711	0.00615	0.00600	0.18920
2	0.01142	0.00853	0.01214	0.01465	0.07744	0.00841	0.01069	0.01424	0.01589	0.02120	0.10303	0.16337	0.04059	0.07634	0.01142	0.00330	0.00609	0.38828	0.00624	0.00673
3	0.01694	0.01914	0.10188	0.02987	0.23707	0.01717	0.26410	0.07368	0.01699	0.02383	0.01434	0.01877	0.01145	0.01110	0.07481	0.00315	0.04477	0.00712	0.00379	0.01003
4	0.07613	0.00889	0.01078	0.08422	0.01482	0.00944	0.00800	0.01539	0.07721	0.02130	0.16671	0.13894	0.03464	0.25296	0.01704	0.00392	0.00579	0.04173	0.00564	0.00643
5	0.09610	0.07227	0.01435	0.01111	0.01430	0.01289	0.00893	0.16935	0.02057	0.02914	0.23570	0.12307	0.10797	0.01319	0.00753	0.00230	0.00524	0.04133	0.00658	0.00808
6	0.01242	0.00911	0.01048	0.01005	0.01177	0.00919	0.00716	0.12823	0.01695	0.02232	0.06416	0.24187	0.16147	0.20095	0.05755	0.00414	0.00622	0.01330	0.00602	0.00665
7	0.06509	0.01698	0.06457	0.19900	0.31411	0.01672	0.01852	0.11407	0.01775	0.02559	0.01343	0.01713	0.01056	0.00680	0.00676	0.00211	0.00831	0.00597	0.00403	0.07252
8	0.11316	0.10315	0.09082	0.02391	0.16630	0.20529	0.12496	0.05135	0.01730	0.02281	0.01223	0.01496	0.00981	0.00669	0.00650	0.00205	0.00993	0.00555	0.00373	0.00951
9	0.27457	0.09688	0.01858	0.01556	0.07835	0.11386	0.03617	0.08271	0.03232	0.02750	0.11982	0.02184	0.01941	0.00847	0.00618	0.00211	0.00717	0.02491	0.00496	0.00863
10	0.17733	0.05177	0.01821	0.01471	0.01875	0.14585	0.07027	0.09761	0.09725	0.07033	0.02010	0.14981	0.01831	0.01026	0.00682	0.00226	0.00761	0.00839	0.00546	0.00889

[dist]
# distance from previous block
# <min> <max>
35	78

[block]
# block no. 3 follows, 29 sequences, length 15
# corresponding to MSA columns:
# 185-199
name=unknown_D
#
# <colnr> <probs for GDERKNQSTAVLIFYWHMCP>
#	G	D	E	R	K	N	Q	S	T	A	V	L	I	F	Y	W	H	M	C	P
0	0.06764	0.05081	0.09638	0.01289	0.01710	0.10641	0.01117	0.09783	0.07032	0.02420	0.07460	0.04708	0.09226	0.10399	0.03170	0.00295	0.00760	0.00800	0.00514	0.07193
1	0.01639	0.07304	0.02170	0.10912	0.18996	0.04457	0.05411	0.10322	0.01758	0.02349	0.02178	0.12265	0.05893	0.02402	0.00820	0.00235	0.02639	0.02483	0.04876	0.00891
2	0.01790	0.35599	0.08173	0.01256	0.01822	0.02009	0.01197	0.08992	0.06841	0.05079	0.02318	0.02331	0.12093	0.00862	0.00599	0.00185	0.00684	0.00647	0.00468	0.07055
3	0.01773	0.14416	0.21816	0.01611	0.02242	0.05837	0.05907	0.07154	0.01724	0.07645	0.01829	0.05959	0.01604	0.00913	0.00686	0.00214	0.00835	0.08237	0.02294	0.07305
4	0.08052	0.14966	0.14737	0.01719	0.07602	0.07099	0.01484	0.04689	0.01545	0.02193	0.06986	0.07504	0.01743	0.01169	0.04368	0.00270	0.11889	0.00702	0.00412	0.00871
5	0.01612	0.01190	0.01316	0.01189	0.01442	0.04645	0.00913	0.15849	0.01902	0.07663	0.07524	0.14591	0.12270	0.10954	0.06461	0.00368	0.03735	0.04976	0.00618	0.00783
6	0.09302	0.13767	0.15223	0.03013	0.05373	0.01924	0.02572	0.12641	0.03534	0.05817	0.01403	0.03360	0.01138	0.00833	0.00907	0.00221	0.12927	0.00584	0.00440	0.05019
7	0.01975	0.41094	0.06431	0.07543	0.10207	0.08438	0.01459	0.02376	0.05373	0.07125	0.01322	0.01489	0.01077	0.00675	0.00568	0.00183	0.00824	0.00494	0.00384	0.00963
8	0.12608	0.01353	0.01504	0.01222	0.01707	0.01308	0.00995	0.17972	0.01949	0.08269	0.01951	0.07863	0.01742	0.00950	0.00657	0.00196	0.00605	0.08252	0.00576	0.28322
9	0.02058	0.12104	0.21470	0.01602	0.02276	0.01621	0.06614	0.06921	0.07987	0.20983	0.02324	0.02288	0.06912	0.00847	0.00690	0.00217	0.00785	0.00694	0.00558	0.01050
10	0.01372	0.08131	0.11401	0.01323	0.01715	0.01144	0.05095	0.01770	0.05345	0.07407	0.02883	0.35211	0.05141	0.01435	0.00772	0.00240	0.00614	0.01272	0.00561	0.07169
11	0.01653	0.01835	0.06697	0.05518	0.07586	0.10795	0.09068	0.02046	0.04692	0.01994	0.01447	0.02171	0.01308	0.06909	0.01385	0.00274	0.20735	0.03484	0.00384	0.10019
12	0.01258	0.05721	0.01311	0.01149	0.01297	0.01026	0.00883	0.01443	0.01420	0.07461	0.07103	0.32330	0.06795	0.04627	0.09641	0.00389	0.09872	0.05007	0.00578	0.00690
13	0.04184	0.28604	0.12372	0.01600	0.04150	0.14063	0.01462	0.11791	0.05725	0.07712	0.01412	0.01502	0.01095	0.00718	0.00598	0.00190	0.00868	0.00509	0.00446	0.00998
14	0.23172	0.21024	0.09038	0.01262	0.01750	0.01837	0.01194	0.08521	0.01579	0.04300	0.01491	0.02027	0.01285	0.01040	0.04067	0.00256	0.03934	0.05781	0.05572	0.00869

[dist]
# distance from previous block
# <min> <max>
0	5

[block]
# block no. 4 follows, 29 sequences, length 13
# corresponding to MSA columns:
# 205-217
name=unknown_E
#
# <colnr> <probs for GDERKNQSTAVLIFYWHMCP>
#	G	D	E	R	K	N	Q	S	T	A	V	L	I	F	Y	W	H	M	C	P
0	0.08806	0.27384	0.25358	0.06550	0.02397	0.01925	0.01637	0.02091	0.01447	0.02123	0.01150	0.01372	0.00923	0.00630	0.00558	0.00181	0.00813	0.00454	0.00336	0.13865
1	0.11366	0.11240	0.47191	0.02065	0.10313	0.01782	0.02189	0.02213	0.01474	0.02316	0.01217	0.01448	0.00912	0.00662	0.00625	0.00215	0.00934	0.00504	0.00324	0.01010
2	0.16090	0.29945	0.07365	0.01305	0.01898	0.02057	0.01227	0.13293	0.01843	0.16621	0.01501	0.01526	0.01110	0.00719	0.00565	0.00194	0.00717	0.00503	0.00513	0.01008
3	0.08141	0.06137	0.48400	0.02276	0.11390	0.01715	0.07735	0.02230	0.01506	0.02321	0.01263	0.01526	0.00934	0.00661	0.00664	0.00221	0.00984	0.00548	0.00324	0.01025
4	0.01133	0.00880	0.00987	0.00949	0.01189	0.00831	0.00733	0.09526	0.01876	0.02406	0.16222	0.13597	0.37819	0.01690	0.00845	0.00248	0.00442	0.07248	0.00687	0.00692
5	0.00892	0.00699	0.00808	0.00832	0.01006	0.00615	0.00604	0.01101	0.01667	0.02148	0.23251	0.22401	0.37818	0.01811	0.00857	0.00248	0.00366	0.01568	0.00694	0.00615
6	0.01331	0.01115	0.01178	0.01276	0.07364	0.06944	0.00758	0.01637	0.09719	0.01697	0.02147	0.03861	0.02263	0.52688	0.02744	0.00548	0.00739	0.00922	0.00456	0.00615
7	0.11724	0.53412	0.08950	0.01290	0.01912	0.02511	0.01294	0.08131	0.01595	0.02170	0.01080	0.01226	0.00922	0.00644	0.00497	0.00173	0.00762	0.00417	0.00358	0.00935
8	0.01361	0.23248	0.01937	0.01169	0.01465	0.01531	0.00989	0.01756	0.06858	0.01817	0.01733	0.02282	0.01554	0.03342	0.41283	0.00725	0.01377	0.00647	0.04166	0.00761
9	0.37850	0.02262	0.15479	0.01416	0.01975	0.14029	0.01331	0.08503	0.06519	0.02856	0.01272	0.01408	0.00965	0.00717	0.00569	0.00216	0.00803	0.00481	0.00445	0.00904
10	0.01969	0.02445	0.15665	0.04140	0.02235	0.22759	0.01494	0.13223	0.11190	0.02552	0.06731	0.08685	0.01904	0.00964	0.00713	0.00219	0.00897	0.00760	0.00514	0.00940
11	0.01708	0.13915	0.07778	0.02001	0.02473	0.03839	0.23805	0.02079	0.01505	0.06872	0.01651	0.10803	0.01509	0.00966	0.01063	0.00242	0.15662	0.00827	0.00412	0.00889
12	0.06392	0.09831	0.16163	0.01427	0.01890	0.10370	0.01342	0.06651	0.01589	0.02154	0.01985	0.09628	0.06368	0.07715	0.01084	0.00261	0.07547	0.00773	0.00432	0.06399

[dist]
# distance from previous block
# <min> <max>
4	10

[block]
# block no. 5 follows, 29 sequences, length 7
# corresponding to MSA columns:
# 228-234
name=unknown_F
#
# <colnr> <probs for GDERKNQSTAVLIFYWHMCP>
#	G	D	E	R	K	N	Q	S	T	A	V	L	I	F	Y	W	H	M	C	P
0	0.17288	0.07266	0.14773	0.01975	0.12587	0.01618	0.07778	0.04252	0.07765	0.07287	0.01774	0.09428	0.01519	0.00866	0.00666	0.00226	0.00762	0.00735	0.00472	0.00961
1	0.01041	0.00798	0.00986	0.07700	0.01390	0.00744	0.00720	0.01165	0.01371	0.01769	0.04008	0.14757	0.27531	0.12841	0.01480	0.10530	0.00525	0.01196	0.00523	0.08926
2	0.43547	0.01728	0.01546	0.08931	0.02020	0.10861	0.01132	0.11232	0.01622	0.02899	0.01128	0.01366	0.00885	0.00758	0.00713	0.00225	0.07643	0.00479	0.00443	0.00842
3	0.11969	0.11199	0.27988	0.04583	0.16239	0.01706	0.01883	0.02363	0.01556	0.12052	0.01435	0.01611	0.01056	0.00688	0.00632	0.00213	0.00844	0.00543	0.00413	0.01028
4	0.01797	0.01909	0.02335	0.12026	0.20899	0.15429	0.01748	0.02073	0.01457	0.01899	0.01120	0.01606	0.00986	0.00911	0.01354	0.00250	0.30389	0.00596	0.00334	0.00884
5	0.00905	0.00701	0.00832	0.00903	0.01061	0.00628	0.00671	0.01100	0.01575	0.02001	0.11451	0.29248	0.34178	0.01934	0.00882	0.00266	0.00414	0.09968	0.00672	0.00607
6	0.09375	0.09491	0.02052	0.01845	0.12420	0.04527	0.01311	0.20025	0.15633	0.02989	0.02169	0.02599	0.04792	0.00940	0.00689	0.00224	0.00712	0.06624	0.00569	0.01014

[dist]
# distance from previous block
# <min> <max>
0	6

[block]
# block no. 6 follows, 29 sequences, length 9
# corresponding to MSA columns:
# 241-249
name=unknown_G
#
# <colnr> <probs for GDERKNQSTAVLIFYWHMCP>
#	G	D	E	R	K	N	Q	S	T	A	V	L	I	F	Y	W	H	M	C	P
0	0.08429	0.00816	0.00982	0.06277	0.01395	0.00834	0.00783	0.01353	0.06067	0.02043	0.03850	0.47687	0.13214	0.01823	0.00828	0.00269	0.00468	0.01609	0.00619	0.00653
1	0.01719	0.01226	0.01673	0.01268	0.01810	0.00994	0.07186	0.02028	0.01581	0.14636	0.01939	0.12074	0.01704	0.00840	0.00645	0.00165	0.00589	0.00742	0.00533	0.46648
2	0.15402	0.03953	0.02636	0.09010	0.11099	0.15435	0.21057	0.05031	0.01687	0.02374	0.01258	0.01591	0.00988	0.00659	0.00672	0.00211	0.00974	0.00600	0.00387	0.04976
3	0.35931	0.01776	0.08229	0.01461	0.01947	0.06740	0.08889	0.05745	0.01593	0.07510	0.07765	0.01823	0.01494	0.00799	0.00717	0.00226	0.05411	0.00594	0.00482	0.00869
4	0.12798	0.05559	0.01302	0.01085	0.01326	0.11918	0.00802	0.01836	0.01458	0.09749	0.05324	0.06938	0.04259	0.27410	0.01721	0.00388	0.00714	0.04209	0.00513	0.00691
5	0.11969	0.01426	0.03876	0.01347	0.01915	0.01242	0.07379	0.06879	0.03367	0.17032	0.01796	0.05919	0.01414	0.00762	0.00630	0.00182	0.00640	0.00639	0.00553	0.31032
6	0.01696	0.05877	0.03363	0.02811	0.04558	0.08553	0.01122	0.09824	0.09842	0.05196	0.03001	0.03158	0.17674	0.04710	0.04517	0.00289	0.07662	0.00842	0.00536	0.04770
7	0.15799	0.17747	0.10577	0.08321	0.02343	0.09208	0.01438	0.21683	0.02030	0.02862	0.01275	0.01442	0.00979	0.00721	0.00599	0.00202	0.00837	0.00508	0.00456	0.00973
8	0.06317	0.05369	0.09528	0.01692	0.06239	0.05910	0.01411	0.28017	0.05737	0.17494	0.04030	0.01924	0.01460	0.00824	0.00684	0.00214	0.00771	0.00637	0.00631	0.01109

[dist]
# distance from previous block
# <min> <max>
0	3

[block]
# block no. 7 follows, 29 sequences, length 11
# corresponding to MSA columns:
# 253-263
name=unknown_H
#
# <colnr> <probs for GDERKNQSTAVLIFYWHMCP>
#	G	D	E	R	K	N	Q	S	T	A	V	L	I	F	Y	W	H	M	C	P
0	0.01185	0.01261	0.08776	0.01396	0.01709	0.01035	0.09792	0.04579	0.01661	0.02256	0.15297	0.26565	0.12554	0.01537	0.00917	0.00257	0.04160	0.03732	0.00591	0.00740
1	0.01413	0.01352	0.02122	0.19166	0.11727	0.01560	0.06848	0.01727	0.01387	0.01941	0.01904	0.09813	0.06371	0.01072	0.01206	0.00251	0.21821	0.00840	0.00393	0.07087
2	0.05339	0.15815	0.09426	0.01516	0.02074	0.18337	0.01353	0.10623	0.07002	0.19245	0.01720	0.01708	0.01245	0.00770	0.00637	0.00200	0.00856	0.00559	0.00545	0.01027
3	0.01082	0.00849	0.00997	0.00975	0.01177	0.00835	0.00723	0.01645	0.13782	0.02487	0.32525	0.17957	0.19080	0.01586	0.00832	0.00243	0.00396	0.01384	0.00724	0.00721
4	0.01360	0.14448	0.01983	0.01375	0.01717	0.01359	0.09868	0.01894	0.09921	0.02348	0.21847	0.09451	0.05866	0.01287	0.00787	0.00239	0.00617	0.12236	0.00598	0.00797
5	0.01843	0.02041	0.01830	0.11498	0.14342	0.29839	0.01342	0.02074	0.01647	0.01808	0.01989	0.02632	0.08218	0.14507	0.01232	0.00295	0.00959	0.00724	0.00399	0.00780
6	0.25154	0.11532	0.09005	0.10852	0.02153	0.12518	0.01256	0.02051	0.01553	0.02395	0.10929	0.02099	0.04244	0.00827	0.00605	0.00210	0.00761	0.00611	0.00436	0.00810
7	0.05658	0.18418	0.04697	0.01557	0.03977	0.28581	0.01233	0.02166	0.01549	0.01765	0.01274	0.01907	0.01219	0.14129	0.01309	0.00285	0.08565	0.00567	0.00360	0.00784
8	0.01710	0.25509	0.25619	0.01519	0.02175	0.04594	0.01618	0.10834	0.01795	0.02383	0.08739	0.07065	0.01839	0.00876	0.00645	0.00204	0.00812	0.00682	0.00436	0.00947
9	0.01323	0.01251	0.01647	0.01735	0.10753	0.08366	0.08095	0.01585	0.01594	0.02099	0.11537	0.35117	0.03452	0.01464	0.00810	0.00241	0.00643	0.01338	0.00556	0.06394
10	0.18418	0.24428	0.02186	0.01403	0.03678	0.22006	0.01119	0.02238	0.04077	0.02100	0.01494	0.11037	0.01443	0.00886	0.00584	0.00199	0.00815	0.00646	0.00416	0.00828

[dist]
# distance from previous block
# <min> <max>
23	120

[block]
# block no. 8 follows, 29 sequences, length 9
# corresponding to MSA columns:
# 435-443
name=unknown_I
#
# <colnr> <probs for GDERKNQSTAVLIFYWHMCP>
#	G	D	E	R	K	N	Q	S	T	A	V	L	I	F	Y	W	H	M	C	P
0	0.09141	0.06230	0.02014	0.04050	0.06523	0.27228	0.01331	0.10961	0.01884	0.08393	0.01387	0.01624	0.01105	0.01173	0.06718	0.00288	0.08037	0.00553	0.00454	0.00908
1	0.08377	0.01186	0.01598	0.10312	0.08083	0.01323	0.01198	0.06966	0.01458	0.02236	0.01540	0.02086	0.01326	0.02397	0.26323	0.00543	0.07555	0.00634	0.04610	0.10248
2	0.05914	0.10799	0.09870	0.01745	0.02065	0.01963	0.07361	0.06163	0.01416	0.02092	0.01403	0.09456	0.01361	0.01098	0.01427	0.00262	0.33630	0.00743	0.00385	0.00847
3	0.09974	0.39750	0.14732	0.01398	0.02045	0.06006	0.01420	0.07113	0.01654	0.08252	0.01259	0.01368	0.00994	0.00675	0.00545	0.00184	0.00806	0.00459	0.00402	0.00966
4	0.01053	0.00766	0.01037	0.06726	0.01311	0.00844	0.00744	0.01195	0.01111	0.01528	0.02027	0.03672	0.02125	0.40372	0.31600	0.00841	0.01212	0.00891	0.00402	0.00544
5	0.01492	0.14286	0.24083	0.05627	0.07483	0.04923	0.09413	0.01960	0.01496	0.02008	0.01732	0.13915	0.01644	0.01225	0.05376	0.00284	0.00960	0.00817	0.00382	0.00893
6	0.01017	0.00763	0.01144	0.01144	0.01272	0.00890	0.00890	0.01272	0.01144	0.01653	0.01907	0.02797	0.01780	0.05340	0.72153	0.01144	0.01907	0.00763	0.00381	0.00636
7	0.04369	0.01746	0.14856	0.01286	0.01861	0.03698	0.01207	0.06847	0.03931	0.02398	0.02224	0.08409	0.08762	0.01052	0.03051	0.00214	0.00696	0.00736	0.00474	0.32184
8	0.01646	0.10337	0.11569	0.11903	0.02414	0.06902	0.04712	0.07575	0.07253	0.02338	0.04018	0.02084	0.02910	0.01138	0.06366	0.00275	0.00886	0.00637	0.07388	0.07650

[dist]
# distance from previous block
# <min> <max>
1	11

[block]
# block no. 9 follows, 29 sequences, length 12
# corresponding to MSA columns:
# 455-466
name=unknown_J
#
# <colnr> <probs for GDERKNQSTAVLIFYWHMCP>
#	G	D	E	R	K	N	Q	S	T	A	V	L	I	F	Y	W	H	M	C	P
0	0.01639	0.05334	0.06829	0.07693	0.06589	0.01358	0.01232	0.09709	0.06226	0.04776	0.09605	0.02324	0.04793	0.00805	0.00652	0.00180	0.00641	0.00666	0.00513	0.28435
1	0.05375	0.01936	0.02506	0.12943	0.25888	0.14717	0.08967	0.08085	0.01763	0.02315	0.01320	0.01716	0.01070	0.00917	0.03929	0.00259	0.04329	0.00619	0.00386	0.00960
2	0.02011	0.01886	0.07448	0.20297	0.05851	0.07938	0.08731	0.19400	0.04781	0.08054	0.01714	0.05643	0.01342	0.00836	0.00728	0.00226	0.00896	0.00720	0.00507	0.00990
3	0.02012	0.01334	0.04498	0.13640	0.07830	0.01242	0.01294	0.02593	0.10525	0.25086	0.12137	0.02603	0.02249	0.00884	0.00713	0.00214	0.00648	0.00753	0.00638	0.09106
4	0.01477	0.01266	0.01477	0.01055	0.01687	0.00949	0.00844	0.01793	0.01477	0.02320	0.01266	0.01477	0.01055	0.00527	0.00527	0.00105	0.00527	0.00422	0.00422	0.79328
5	0.02219	0.45402	0.03017	0.01475	0.01983	0.31690	0.01284	0.02429	0.01685	0.01703	0.01036	0.01201	0.00915	0.00661	0.00534	0.00165	0.00979	0.00413	0.00331	0.00877
6	0.01036	0.00690	0.00777	0.00777	0.00777	0.00690	0.00431	0.01036	0.01036	0.01381	0.02244	0.04660	0.02589	0.74975	0.03624	0.00690	0.00690	0.01036	0.00431	0.00431
7	0.05608	0.01745	0.02038	0.05986	0.05346	0.01957	0.01375	0.39620	0.07608	0.11233	0.01769	0.01836	0.01279	0.00880	0.00869	0.00228	0.08222	0.00649	0.00640	0.01114
8	0.01856	0.01091	0.01506	0.01324	0.03567	0.01031	0.05296	0.06851	0.04277	0.22447	0.19764	0.07071	0.09840	0.01234	0.00788	0.00234	0.00557	0.06382	0.03982	0.00901
9	0.00868	0.00620	0.00826	0.00991	0.01033	0.00578	0.00661	0.00991	0.01363	0.01818	0.03925	0.74510	0.04710	0.02231	0.00909	0.00289	0.00413	0.02024	0.00661	0.00578
10	0.01129	0.00809	0.00980	0.01018	0.01202	0.00776	0.00762	0.01524	0.08853	0.05742	0.11242	0.31169	0.20592	0.01808	0.00865	0.00267	0.00448	0.09429	0.00691	0.00695
11	0.02128	0.18628	0.07585	0.01716	0.02244	0.21510	0.08393	0.09897	0.09190	0.04825	0.01625	0.02017	0.01341	0.00813	0.00666	0.00206	0.00943	0.04853	0.00462	0.00954

[dist]
# distance from previous block
# <min> <max>
0	4

[block]
# block no. 10 follows, 29 sequences, length 35
# corresponding to MSA columns:
# 472-506
name=unknown_K
#
# <colnr> <probs for GDERKNQSTAVLIFYWHMCP>
#	G	D	E	R	K	N	Q	S	T	A	V	L	I	F	Y	W	H	M	C	P
0	0.12291	0.17647	0.14771	0.02077	0.13879	0.14061	0.04016	0.09214	0.01762	0.02418	0.01212	0.01426	0.00967	0.00679	0.00608	0.00199	0.00908	0.00508	0.00385	0.00974
1	0.01842	0.01818	0.07652	0.10579	0.39453	0.03232	0.07884	0.04998	0.03775	0.07234	0.01486	0.01827	0.01159	0.00701	0.00769	0.00222	0.03244	0.00652	0.00409	0.01064
2	0.01592	0.01485	0.02030	0.01477	0.02093	0.03490	0.12979	0.03958	0.01575	0.02340	0.01294	0.01560	0.01055	0.00583	0.00657	0.00143	0.03261	0.00512	0.00414	0.57502
3	0.01064	0.00735	0.00992	0.01125	0.01251	0.00704	0.00883	0.01293	0.01539	0.04052	0.05938	0.37073	0.07920	0.02027	0.00931	0.00300	0.00522	0.30346	0.00669	0.00636
4	0.01327	0.00664	0.00664	0.00664	0.00830	0.00664	0.00498	0.01659	0.01493	0.02655	0.02323	0.02655	0.01825	0.00830	0.00498	0.00166	0.00332	0.00664	0.78928	0.00664
5	0.01118	0.00848	0.01096	0.01141	0.01357	0.00779	0.00909	0.01414	0.03229	0.02075	0.03479	0.28620	0.06222	0.01763	0.00865	0.00270	0.00539	0.28859	0.00617	0.14799
6	0.01036	0.00690	0.00777	0.00777	0.00777	0.00690	0.00431	0.01036	0.01036	0.01381	0.02244	0.04660	0.02589	0.74975	0.03624	0.00690	0.00690	0.01036	0.00431	0.00431
7	0.01374	0.00709	0.00714	0.00697	0.00876	0.00716	0.00527	0.03911	0.01556	0.02717	0.02302	0.02623	0.01804	0.00830	0.00505	0.00168	0.00347	0.00663	0.76280	0.00682
8	0.01428	0.03683	0.71286	0.02030	0.03082	0.01654	0.02631	0.02255	0.01503	0.02255	0.01278	0.01503	0.00902	0.00677	0.00677	0.00226	0.01052	0.00526	0.00301	0.01052
9	0.01017	0.00763	0.01144	0.01144	0.01272	0.00890	0.00890	0.01272	0.01144	0.01653	0.01907	0.02797	0.01780	0.05340	0.72153	0.01144	0.01907	0.00763	0.00381	0.00636
10	0.01019	0.00758	0.01118	0.01118	0.01236	0.00876	0.00857	0.01255	0.01137	0.01633	0.01931	0.02931	0.01838	0.10346	0.67228	0.01112	0.01820	0.00783	0.00385	0.00621
11	0.01117	0.00796	0.01042	0.01118	0.01255	0.00786	0.00880	0.04263	0.01656	0.02216	0.15855	0.21435	0.04418	0.10211	0.01230	0.00336	0.00553	0.29536	0.00658	0.00641
12	0.01008	0.00728	0.00952	0.00896	0.01064	0.00672	0.00672	0.01344	0.02016	0.02855	0.70158	0.05319	0.06719	0.01456	0.00840	0.00224	0.00336	0.01288	0.00784	0.00672
13	0.01036	0.00690	0.00777	0.00777	0.00777	0.00690	0.00431	0.01036	0.01036	0.01381	0.02244	0.04660	0.02589	0.74975	0.03624	0.00690	0.00690	0.01036	0.00431	0.00431
14	0.80005	0.01377	0.01047	0.00936	0.01377	0.01597	0.00771	0.02093	0.01212	0.03195	0.00991	0.01157	0.00771	0.00661	0.00441	0.00220	0.00551	0.00386	0.00441	0.00771
15	0.01532	0.03034	0.50073	0.02009	0.06387	0.01685	0.02228	0.02636	0.18571	0.02441	0.01689	0.01808	0.01234	0.00747	0.00690	0.00229	0.00918	0.00602	0.00410	0.01075
16	0.01578	0.01215	0.01445	0.01068	0.01651	0.00931	0.00848	0.01878	0.01516	0.08110	0.01588	0.06806	0.01377	0.00680	0.00571	0.00128	0.00526	0.00562	0.00478	0.67044
17	0.01477	0.01266	0.01477	0.01055	0.01687	0.00949	0.00844	0.01793	0.01477	0.02320	0.01266	0.01477	0.01055	0.00527	0.00527	0.00105	0.00527	0.00422	0.00422	0.79328
18	0.01872	0.01454	0.02399	0.28287	0.34851	0.01537	0.01907	0.02287	0.01626	0.14510	0.01578	0.01930	0.01179	0.00706	0.00709	0.00222	0.00839	0.00649	0.00435	0.01023
19	0.02245	0.02741	0.02127	0.01853	0.02219	0.50722	0.09408	0.02492	0.01820	0.01792	0.01287	0.01634	0.01092	0.01547	0.13536	0.00363	0.01386	0.00560	0.00369	0.00808
20	0.01113	0.00809	0.01100	0.01245	0.01418	0.00795	0.01079	0.01424	0.01637	0.02108	0.04157	0.07899	0.11538	0.01949	0.00968	0.00318	0.00623	0.58515	0.00656	0.00650
21	0.00915	0.00737	0.00828	0.00879	0.01087	0.00651	0.00691	0.01126	0.01608	0.01964	0.06173	0.11991	0.50085	0.01872	0.00880	0.00264	0.00433	0.16544	0.00660	0.00612
22	0.01620	0.01547	0.02634	0.27776	0.48236	0.01655	0.02115	0.02061	0.01554	0.02154	0.01314	0.01809	0.01067	0.00661	0.00707	0.00220	0.00881	0.00634	0.00340	0.01013
23	0.01244	0.00662	0.01009	0.05809	0.01196	0.00683	0.00710	0.00988	0.00961	0.01276	0.01239	0.02147	0.01217	0.02355	0.02643	0.73948	0.00641	0.00619	0.00310	0.00342
24	0.01412	0.00832	0.01177	0.01108	0.01291	0.00886	0.00845	0.01630	0.01288	0.14095	0.02123	0.03028	0.01906	0.15663	0.48348	0.00906	0.01479	0.00798	0.00479	0.00707
25	0.02565	0.08120	0.02330	0.01816	0.02281	0.43272	0.07112	0.14827	0.02194	0.06966	0.01350	0.01484	0.01042	0.00745	0.00664	0.00194	0.01101	0.00537	0.00460	0.00941
26	0.01788	0.01677	0.02304	0.32044	0.16387	0.08296	0.05312	0.13910	0.01882	0.02423	0.01522	0.04573	0.01262	0.00810	0.00726	0.00228	0.00917	0.02585	0.00424	0.00932
27	0.01596	0.04710	0.04939	0.01955	0.14118	0.08140	0.01380	0.02317	0.17501	0.02293	0.07256	0.03288	0.04638	0.01389	0.05768	0.00305	0.06852	0.10129	0.00522	0.00904
28	0.14188	0.01103	0.01475	0.09687	0.01880	0.01230	0.05777	0.06015	0.01414	0.02161	0.02239	0.02931	0.09201	0.11550	0.22981	0.00570	0.03650	0.00795	0.00440	0.00714
29	0.48781	0.01712	0.05335	0.01210	0.01711	0.05821	0.01042	0.12525	0.04068	0.09901	0.01370	0.01446	0.01001	0.00728	0.00545	0.00218	0.00664	0.00484	0.00523	0.00914
30	0.01747	0.06577	0.01982	0.01504	0.01874	0.04280	0.11274	0.06516	0.01643	0.14116	0.05919	0.02490	0.01824	0.02764	0.31471	0.00614	0.01293	0.00749	0.00506	0.00856
31	0.11559	0.08967	0.14824	0.05599	0.03892	0.18301	0.01541	0.11465	0.07071	0.05577	0.01417	0.01566	0.01078	0.00759	0.00693	0.00211	0.03527	0.00538	0.00451	0.00965
32	0.07091	0.03329	0.02078	0.22112	0.02769	0.01710	0.06217	0.09738	0.01653	0.07390	0.05089	0.01990	0.01392	0.00905	0.01089	0.00243	0.18654	0.00666	0.05017	0.00868
33	0.04241	0.01313	0.06387	0.01315	0.01639	0.01218	0.01119	0.17187	0.01997	0.07747	0.10462	0.21852	0.03252	0.01474	0.00874	0.00260	0.03234	0.12928	0.00656	0.00845
34	0.01700	0.01463	0.02077	0.01560	0.02083	0.01385	0.12142	0.09086	0.01678	0.05343	0.01480	0.04878	0.01252	0.00765	0.00875	0.00181	0.10793	0.00627	0.00458	0.40174

[dist]
# distance from previous block
# <min> <max>
0	46

# created by:
# /home/berkeley/.conda/envs/busco_data_prod/bin/msa2prfl.pl pipeline/OGs_align_augustus/4893/29410.fs
