[name]
unknown

[dist]
# distance from previous block
# <min> <max>
2	37

[block]
# block no. 0 follows, 33 sequences, length 7
# corresponding to MSA columns:
# 37-43
name=unknown_A
#
# <colnr> <probs for GDERKNQSTAVLIFYWHMCP>
#	G	D	E	R	K	N	Q	S	T	A	V	L	I	F	Y	W	H	M	C	P
0	0.01732	0.01833	0.02036	0.18537	0.16002	0.20846	0.01548	0.05717	0.01515	0.01859	0.01134	0.01552	0.00955	0.01002	0.05100	0.00262	0.16677	0.00548	0.00334	0.00810
1	0.05036	0.01637	0.02179	0.29566	0.29417	0.11104	0.01731	0.07759	0.01599	0.02110	0.01200	0.01590	0.00949	0.00643	0.00637	0.00201	0.00854	0.00555	0.00347	0.00884
2	0.16134	0.01509	0.02390	0.08160	0.12784	0.01574	0.23264	0.10568	0.07352	0.02574	0.06111	0.01865	0.01388	0.00688	0.00658	0.00211	0.00785	0.00659	0.00436	0.00889
3	0.01441	0.01251	0.01892	0.23509	0.10996	0.01547	0.01472	0.01712	0.01275	0.06516	0.06321	0.02029	0.01415	0.05438	0.01408	0.00266	0.29729	0.00653	0.00367	0.00763
4	0.01068	0.00724	0.00855	0.00859	0.01029	0.00672	0.00617	0.01328	0.06381	0.07893	0.09283	0.27718	0.27551	0.07060	0.01024	0.02935	0.00410	0.01364	0.00615	0.00616
5	0.03537	0.00798	0.00958	0.04046	0.01213	0.00797	0.00705	0.06122	0.04238	0.02223	0.24772	0.21074	0.17529	0.05446	0.03310	0.00274	0.00464	0.01249	0.00612	0.00634
6	0.01617	0.01239	0.01677	0.31243	0.02792	0.01403	0.01338	0.20628	0.04259	0.06392	0.06841	0.10422	0.01931	0.00973	0.00700	0.00221	0.00698	0.04274	0.00516	0.00834

[dist]
# distance from previous block
# <min> <max>
3	4

[block]
# block no. 1 follows, 33 sequences, length 25
# corresponding to MSA columns:
# 48-72
name=unknown_B
#
# <colnr> <probs for GDERKNQSTAVLIFYWHMCP>
#	G	D	E	R	K	N	Q	S	T	A	V	L	I	F	Y	W	H	M	C	P
0	0.01742	0.00888	0.01124	0.01005	0.01287	0.00815	0.00765	0.04751	0.04166	0.29440	0.07094	0.25097	0.12503	0.05076	0.00870	0.00247	0.00472	0.01165	0.00689	0.00803
1	0.05615	0.00871	0.01031	0.00974	0.01207	0.00856	0.00725	0.01850	0.12267	0.15665	0.11793	0.25176	0.11755	0.06040	0.00896	0.00255	0.00445	0.01189	0.00649	0.00739
2	0.09703	0.00964	0.01085	0.01015	0.01268	0.00990	0.00791	0.09935	0.07170	0.09232	0.07895	0.16329	0.09420	0.05904	0.00868	0.00253	0.00494	0.09625	0.06324	0.00735
3	0.00847	0.00653	0.00754	0.00772	0.00922	0.00583	0.00557	0.01028	0.01495	0.01928	0.21705	0.17500	0.35435	0.09336	0.01055	0.00271	0.00376	0.03611	0.00617	0.00554
4	0.21270	0.00942	0.00957	0.00882	0.01164	0.00972	0.00685	0.01774	0.10695	0.07162	0.19173	0.06256	0.19470	0.01142	0.00650	0.00211	0.00412	0.00932	0.04539	0.00713
5	0.25705	0.00940	0.00949	0.00899	0.01162	0.00973	0.00688	0.05613	0.02947	0.06157	0.11502	0.21006	0.16523	0.01288	0.00664	0.00223	0.00435	0.01067	0.00577	0.00680
6	0.00858	0.00617	0.00773	0.00836	0.00911	0.00576	0.00563	0.01001	0.01365	0.01834	0.19307	0.40043	0.10951	0.15724	0.01285	0.00318	0.00409	0.01501	0.00598	0.00531
7	0.01060	0.00612	0.00891	0.00893	0.00932	0.00632	0.00622	0.00964	0.01001	0.01372	0.07010	0.05506	0.01845	0.06701	0.17782	0.49905	0.00803	0.00722	0.00354	0.00393
8	0.00919	0.00653	0.00854	0.00877	0.00978	0.00646	0.00633	0.01067	0.01309	0.01771	0.17352	0.16582	0.12601	0.13325	0.17004	0.07051	0.00720	0.04605	0.00522	0.00530
9	0.01197	0.00833	0.00977	0.00937	0.01103	0.00855	0.00675	0.01648	0.14305	0.06923	0.07300	0.07663	0.11799	0.27770	0.09102	0.00455	0.00650	0.04623	0.00544	0.00641
10	0.01104	0.00723	0.00841	0.00819	0.00888	0.00731	0.00516	0.01290	0.06600	0.05288	0.05137	0.09183	0.02598	0.56408	0.04725	0.00550	0.00625	0.00993	0.00469	0.00512
11	0.07409	0.01765	0.01860	0.07452	0.08730	0.09285	0.01274	0.38597	0.07325	0.03171	0.01519	0.01734	0.01171	0.04850	0.00781	0.00222	0.00756	0.00589	0.00536	0.00974
12	0.18046	0.12385	0.01802	0.01307	0.03755	0.05814	0.01049	0.25928	0.07227	0.02866	0.01744	0.01842	0.05819	0.01100	0.06345	0.00260	0.00746	0.00574	0.00500	0.00891
13	0.07487	0.10832	0.04214	0.01535	0.01994	0.09859	0.13086	0.17625	0.01898	0.02580	0.12862	0.01992	0.01811	0.00779	0.00695	0.00192	0.03801	0.00642	0.00471	0.05646
14	0.01563	0.05073	0.29275	0.02351	0.14763	0.03886	0.16605	0.05855	0.05220	0.02182	0.01288	0.01565	0.00985	0.00661	0.00760	0.00211	0.05879	0.00584	0.00342	0.00951
15	0.01137	0.01092	0.10491	0.06405	0.01566	0.00842	0.00995	0.05062	0.01422	0.06609	0.02953	0.52279	0.03288	0.01622	0.00777	0.00248	0.00525	0.01448	0.00561	0.00677
16	0.02170	0.01688	0.01692	0.01385	0.01823	0.10232	0.01114	0.36655	0.07358	0.09500	0.01914	0.07820	0.01583	0.00917	0.00666	0.00200	0.00697	0.04355	0.00607	0.07625
17	0.01165	0.01006	0.01261	0.01134	0.01351	0.04872	0.06199	0.05174	0.06051	0.01886	0.06548	0.06487	0.16039	0.11593	0.25636	0.00549	0.00990	0.00932	0.00475	0.00650
18	0.07728	0.08903	0.05132	0.03384	0.04173	0.04903	0.02756	0.07680	0.12356	0.03343	0.11848	0.03139	0.11688	0.06409	0.00850	0.00237	0.00604	0.03557	0.00522	0.00788
19	0.11419	0.06641	0.05910	0.01852	0.13399	0.01676	0.06698	0.19437	0.12944	0.07857	0.01814	0.01877	0.04097	0.00747	0.00626	0.00202	0.00691	0.00618	0.00515	0.00979
20	0.01858	0.03629	0.01706	0.01604	0.11815	0.08695	0.01108	0.15067	0.03838	0.11205	0.02034	0.05938	0.06908	0.00944	0.02871	0.00204	0.00683	0.00669	0.00512	0.18710
21	0.08772	0.03525	0.07904	0.03362	0.01862	0.20451	0.01171	0.08785	0.12697	0.02274	0.03609	0.01746	0.01317	0.01221	0.09448	0.00288	0.00906	0.00546	0.00439	0.09676
22	0.06771	0.22275	0.01839	0.01216	0.05158	0.07156	0.00954	0.07351	0.01654	0.02182	0.17046	0.07608	0.10604	0.01049	0.00635	0.00195	0.00584	0.04476	0.00498	0.00750
23	0.05600	0.09495	0.05069	0.00957	0.01326	0.01011	0.00815	0.03372	0.01475	0.08405	0.03543	0.15203	0.25559	0.01217	0.00664	0.00199	0.00485	0.02077	0.00532	0.12997
24	0.12476	0.10712	0.01890	0.17286	0.06684	0.07839	0.03703	0.09061	0.01562	0.04320	0.01675	0.07527	0.04789	0.00966	0.03387	0.00230	0.00762	0.00658	0.00416	0.04056

[dist]
# distance from previous block
# <min> <max>
6	47

[block]
# block no. 2 follows, 33 sequences, length 123
# corresponding to MSA columns:
# 120-242
name=unknown_C
#
# <colnr> <probs for GDERKNQSTAVLIFYWHMCP>
#	G	D	E	R	K	N	Q	S	T	A	V	L	I	F	Y	W	H	M	C	P
0	0.04006	0.07869	0.07663	0.10971	0.14495	0.04005	0.03129	0.07423	0.05842	0.06668	0.06223	0.06900	0.05197	0.00840	0.00643	0.00198	0.00686	0.00714	0.00457	0.06072
1	0.03931	0.05896	0.12346	0.01734	0.07960	0.01447	0.10605	0.09521	0.11371	0.04199	0.04661	0.13440	0.03825	0.00992	0.00736	0.00220	0.02862	0.02890	0.00490	0.00873
2	0.08045	0.10224	0.06821	0.04550	0.18910	0.05700	0.03220	0.04184	0.09551	0.13341	0.01618	0.03984	0.01266	0.00712	0.00606	0.00192	0.00705	0.00590	0.00461	0.05319
3	0.03742	0.08222	0.13045	0.02027	0.20427	0.05540	0.01454	0.05717	0.06139	0.08655	0.05189	0.07967	0.01624	0.00801	0.00631	0.00194	0.00702	0.00676	0.00450	0.06799
4	0.01591	0.07943	0.04550	0.10280	0.16137	0.06949	0.01313	0.06209	0.09128	0.06687	0.02612	0.02935	0.14735	0.00944	0.00671	0.00208	0.00683	0.05091	0.00478	0.00856
5	0.03742	0.10269	0.14648	0.03727	0.15008	0.03129	0.01334	0.01669	0.01449	0.04227	0.08734	0.18457	0.06853	0.01098	0.00680	0.00213	0.00641	0.02876	0.00455	0.00791
6	0.01573	0.12487	0.06490	0.01777	0.13957	0.05085	0.06640	0.05839	0.01506	0.05870	0.01749	0.07796	0.03615	0.05809	0.03548	0.02326	0.00751	0.02509	0.00414	0.10259
7	0.27498	0.10906	0.07911	0.03737	0.04532	0.06349	0.12069	0.07713	0.01526	0.08184	0.01241	0.01428	0.00941	0.00745	0.02447	0.00219	0.00784	0.00505	0.00411	0.00856
8	0.04231	0.01520	0.01625	0.01339	0.01779	0.01677	0.01074	0.30430	0.32011	0.05417	0.04277	0.02184	0.03701	0.00856	0.00655	0.00205	0.00591	0.00683	0.00648	0.05097
9	0.00783	0.00667	0.00674	0.00673	0.00893	0.00558	0.00504	0.00955	0.01513	0.01809	0.08967	0.06286	0.70174	0.01656	0.00778	0.00222	0.00333	0.01382	0.00615	0.00558
10	0.01061	0.00758	0.01061	0.01212	0.01364	0.00758	0.01061	0.01364	0.01515	0.01970	0.03486	0.07426	0.03789	0.01819	0.00909	0.00303	0.00606	0.68326	0.00606	0.00606
11	0.01365	0.01170	0.01365	0.00975	0.01560	0.00878	0.00780	0.01658	0.01365	0.02145	0.01170	0.01365	0.00975	0.00488	0.00488	0.00098	0.00488	0.00390	0.00390	0.80888
12	0.07780	0.01583	0.05374	0.05635	0.08221	0.01620	0.01265	0.38903	0.02283	0.03183	0.01846	0.13352	0.01654	0.00978	0.00675	0.00214	0.00677	0.03249	0.00562	0.00945
13	0.01048	0.00748	0.01046	0.01197	0.01343	0.00746	0.01038	0.01341	0.01503	0.01955	0.03493	0.10932	0.03817	0.01831	0.00906	0.00301	0.00595	0.64949	0.00606	0.00603
14	0.11366	0.01266	0.03505	0.01011	0.01573	0.01019	0.00838	0.01819	0.05688	0.02282	0.01232	0.01397	0.01002	0.00532	0.00493	0.00122	0.00507	0.00411	0.00406	0.63530
15	0.01718	0.67170	0.08980	0.01198	0.01784	0.02465	0.01227	0.02064	0.05178	0.01658	0.01033	0.01159	0.00908	0.00586	0.00452	0.00151	0.00716	0.00384	0.00303	0.00866
16	0.01496	0.12797	0.08599	0.02083	0.09904	0.01531	0.27377	0.01948	0.03502	0.04371	0.04284	0.10752	0.01618	0.00791	0.00681	0.00202	0.00810	0.00788	0.00398	0.06071
17	0.01523	0.14536	0.30231	0.02393	0.21300	0.01735	0.09552	0.02156	0.06580	0.02067	0.01280	0.01521	0.00996	0.00617	0.00620	0.00197	0.00861	0.00543	0.00326	0.00966
18	0.02625	0.01122	0.01474	0.01157	0.01618	0.01017	0.00945	0.07267	0.04513	0.57437	0.11233	0.02540	0.02182	0.00882	0.00676	0.00204	0.00538	0.00726	0.00788	0.01055
19	0.01589	0.01523	0.02599	0.11552	0.65564	0.01553	0.02000	0.01985	0.01480	0.02101	0.01231	0.01643	0.01025	0.00594	0.00652	0.00198	0.00792	0.00586	0.00322	0.01010
20	0.01526	0.02122	0.24473	0.04876	0.30137	0.01526	0.16945	0.02062	0.01495	0.04233	0.03434	0.01709	0.01139	0.00623	0.00675	0.00206	0.00894	0.00618	0.00338	0.00969
21	0.01655	0.02646	0.48883	0.01842	0.06807	0.01377	0.04123	0.02265	0.01525	0.16404	0.05057	0.01765	0.01282	0.00695	0.00647	0.00207	0.00849	0.00572	0.00413	0.00986
22	0.00818	0.00585	0.00778	0.00906	0.00958	0.00545	0.00612	0.00957	0.01336	0.01800	0.12197	0.67525	0.04586	0.01973	0.00832	0.00260	0.00373	0.01787	0.00625	0.00545
23	0.81514	0.01273	0.00968	0.00866	0.01273	0.01477	0.00713	0.01935	0.01120	0.02954	0.00917	0.01069	0.00713	0.00611	0.00407	0.00204	0.00509	0.00356	0.00407	0.00713
24	0.01347	0.01338	0.01965	0.69019	0.04321	0.07655	0.01781	0.01763	0.01363	0.01676	0.01157	0.01707	0.00875	0.00660	0.00653	0.00215	0.00904	0.00571	0.00296	0.00734
25	0.02880	0.01104	0.01504	0.01159	0.01655	0.00955	0.00955	0.03136	0.01883	0.70627	0.05156	0.02339	0.01798	0.00834	0.00666	0.00204	0.00551	0.00681	0.00812	0.01102
26	0.02439	0.01812	0.01940	0.01502	0.02017	0.02012	0.01236	0.65640	0.08121	0.04047	0.01661	0.01645	0.01185	0.00798	0.00659	0.00199	0.00709	0.00604	0.00659	0.01114
27	0.01144	0.00572	0.00858	0.00858	0.00858	0.00572	0.00572	0.00858	0.00858	0.01144	0.01144	0.02001	0.01144	0.02287	0.02573	0.80846	0.00572	0.00572	0.00286	0.00286
28	0.01610	0.01535	0.02565	0.07459	0.64988	0.01564	0.01951	0.02094	0.05768	0.02164	0.01323	0.01686	0.01094	0.00609	0.00653	0.00198	0.00771	0.00596	0.00345	0.01027
29	0.00930	0.00696	0.01036	0.01048	0.01159	0.00802	0.00807	0.01157	0.01073	0.01539	0.01900	0.08006	0.01845	0.04726	0.68867	0.01000	0.01662	0.00791	0.00372	0.00584
30	0.00957	0.00638	0.00718	0.00718	0.00718	0.00638	0.00399	0.00957	0.00957	0.01276	0.02074	0.04308	0.02393	0.76864	0.03351	0.00638	0.00638	0.00957	0.00399	0.00399
31	0.01440	0.01440	0.02016	0.01728	0.01728	0.02016	0.01440	0.01584	0.01008	0.01584	0.00864	0.01440	0.00864	0.01152	0.02160	0.00288	0.75659	0.00576	0.00288	0.00720
32	0.01637	0.01414	0.01489	0.01340	0.01712	0.01637	0.01042	0.03498	0.71568	0.02754	0.02679	0.02456	0.02010	0.00893	0.00670	0.00223	0.00521	0.00744	0.00670	0.01042
33	0.00840	0.00601	0.00802	0.00926	0.00989	0.00564	0.00646	0.00996	0.01366	0.01840	0.13506	0.61088	0.04580	0.01942	0.00836	0.00261	0.00388	0.06651	0.00627	0.00552
34	0.00802	0.00573	0.00764	0.00917	0.00955	0.00535	0.00611	0.00917	0.01260	0.01681	0.03628	0.76434	0.04354	0.02062	0.00840	0.00267	0.00382	0.01872	0.00611	0.00535
35	0.02954	0.01120	0.01528	0.01171	0.01681	0.00968	0.00968	0.03208	0.01884	0.73213	0.02597	0.02241	0.01630	0.00815	0.00662	0.00204	0.00560	0.00662	0.00815	0.01120
36	0.01243	0.01170	0.01975	0.75282	0.04534	0.01463	0.01828	0.01682	0.01316	0.01682	0.01170	0.01755	0.00878	0.00658	0.00658	0.00219	0.00878	0.00585	0.00293	0.00731
37	0.00956	0.00642	0.00738	0.00738	0.00745	0.00649	0.00424	0.00970	0.00963	0.01291	0.02056	0.04206	0.02349	0.72602	0.07552	0.00663	0.00705	0.00942	0.00396	0.00410
38	0.01365	0.01170	0.01365	0.00975	0.01560	0.00878	0.00780	0.01658	0.01365	0.02145	0.01170	0.01365	0.00975	0.00488	0.00488	0.00098	0.00488	0.00390	0.00390	0.80888
39	0.01686	0.62093	0.14140	0.01389	0.05479	0.02387	0.01372	0.01991	0.01354	0.01662	0.00972	0.01136	0.00853	0.00574	0.00465	0.00154	0.00749	0.00385	0.00283	0.00875
40	0.01475	0.07158	0.42271	0.04659	0.10421	0.06100	0.01980	0.02201	0.08972	0.02091	0.03517	0.01623	0.01154	0.00688	0.00668	0.00205	0.02991	0.00541	0.00344	0.00941
41	0.01365	0.01170	0.01365	0.00975	0.01560	0.00878	0.00780	0.01658	0.01365	0.02145	0.01170	0.01365	0.00975	0.00488	0.00488	0.00098	0.00488	0.00390	0.00390	0.80888
42	0.01873	0.01575	0.01619	0.01394	0.01802	0.04137	0.01100	0.19648	0.52743	0.03053	0.02359	0.02203	0.01756	0.00861	0.00665	0.00215	0.00592	0.00697	0.00656	0.01051
43	0.01597	0.06700	0.28007	0.01608	0.04338	0.05360	0.05730	0.03975	0.05286	0.07706	0.03629	0.01842	0.01286	0.00690	0.00615	0.00184	0.00775	0.03014	0.00408	0.17251
44	0.01500	0.04995	0.52229	0.01888	0.02738	0.01499	0.12377	0.02153	0.01461	0.08554	0.01493	0.01667	0.03122	0.00662	0.00650	0.00209	0.00928	0.00570	0.00345	0.00957
45	0.01373	0.03040	0.57848	0.02078	0.02982	0.01559	0.17670	0.02090	0.01427	0.02090	0.01215	0.01476	0.00871	0.00610	0.00659	0.00212	0.01004	0.00552	0.00290	0.00954
46	0.01466	0.01336	0.02162	0.53485	0.12251	0.01559	0.05522	0.10508	0.01577	0.02075	0.01239	0.01719	0.00935	0.00661	0.00664	0.00214	0.00859	0.00597	0.00345	0.00826
47	0.01782	0.09291	0.27111	0.01775	0.04372	0.03887	0.10686	0.12005	0.07917	0.09689	0.01593	0.04241	0.01212	0.00728	0.00646	0.00204	0.00829	0.00617	0.00444	0.00972
48	0.01629	0.01564	0.02672	0.04041	0.72757	0.01564	0.02020	0.02020	0.01499	0.02151	0.01238	0.01629	0.01043	0.00587	0.00652	0.00196	0.00782	0.00587	0.00326	0.01043
49	0.00802	0.00573	0.00764	0.00917	0.00955	0.00535	0.00611	0.00917	0.01260	0.01681	0.03628	0.76434	0.04354	0.02062	0.00840	0.00267	0.00382	0.01872	0.00611	0.00535
50	0.03994	0.10497	0.07976	0.10963	0.22824	0.05569	0.01600	0.11475	0.01671	0.08768	0.01307	0.01553	0.01013	0.00699	0.00746	0.00201	0.07253	0.00543	0.00403	0.00943
51	0.01670	0.01859	0.13091	0.03744	0.06180	0.03836	0.14074	0.12094	0.26468	0.02606	0.04069	0.02163	0.01584	0.00787	0.00688	0.00216	0.00766	0.02627	0.00508	0.00972
52	0.00941	0.00631	0.00723	0.00739	0.00743	0.00627	0.00421	0.00953	0.00989	0.01319	0.02238	0.11913	0.02600	0.68977	0.03086	0.00599	0.00611	0.01054	0.00421	0.00413
53	0.00803	0.00636	0.00723	0.00769	0.00922	0.00556	0.00551	0.00968	0.01460	0.01841	0.12968	0.29831	0.42114	0.01765	0.00799	0.00236	0.00347	0.01530	0.00624	0.00556
54	0.05115	0.01877	0.13934	0.09890	0.04427	0.05943	0.21903	0.02111	0.09326	0.02037	0.01368	0.01723	0.01075	0.00974	0.05382	0.00275	0.10805	0.00630	0.00357	0.00850
55	0.00802	0.00573	0.00764	0.00917	0.00955	0.00535	0.00611	0.00917	0.01260	0.01681	0.03628	0.76434	0.04354	0.02062	0.00840	0.00267	0.00382	0.01872	0.00611	0.00535
56	0.00933	0.00686	0.00990	0.01001	0.01097	0.00777	0.00749	0.01127	0.01059	0.01505	0.01943	0.08241	0.01947	0.14543	0.59190	0.00943	0.01508	0.00825	0.00378	0.00558
57	0.07245	0.01129	0.01497	0.01155	0.01658	0.00995	0.00954	0.03139	0.01843	0.69375	0.02505	0.02177	0.01580	0.00804	0.00648	0.00204	0.00557	0.00645	0.00793	0.01098
58	0.01339	0.03278	0.68009	0.01947	0.02896	0.01540	0.07748	0.02087	0.01403	0.02087	0.01193	0.01420	0.00847	0.00620	0.00637	0.00210	0.00984	0.00509	0.00282	0.00966
59	0.00802	0.00573	0.00764	0.00917	0.00955	0.00535	0.00611	0.00917	0.01260	0.01681	0.03628	0.76434	0.04354	0.02062	0.00840	0.00267	0.00382	0.01872	0.00611	0.00535
60	0.00940	0.00705	0.01058	0.01058	0.01176	0.00823	0.00823	0.01176	0.01058	0.01528	0.01763	0.02586	0.01646	0.04937	0.74255	0.01058	0.01763	0.00705	0.00353	0.00588
61	0.01365	0.01170	0.01365	0.00975	0.01560	0.00878	0.00780	0.01658	0.01365	0.02145	0.01170	0.01365	0.00975	0.00488	0.00488	0.00098	0.00488	0.00390	0.00390	0.80888
62	0.01227	0.00614	0.00614	0.00614	0.00767	0.00614	0.00460	0.01534	0.01381	0.02454	0.02148	0.02454	0.01687	0.00767	0.00460	0.00153	0.00307	0.00614	0.80518	0.00614
63	0.81514	0.01273	0.00968	0.00866	0.01273	0.01477	0.00713	0.01935	0.01120	0.02954	0.00917	0.01069	0.00713	0.00611	0.00407	0.00204	0.00509	0.00356	0.00407	0.00713
64	0.01332	0.03322	0.69918	0.01922	0.02879	0.01536	0.05884	0.02086	0.01398	0.02086	0.01189	0.01410	0.00842	0.00622	0.00633	0.00209	0.00980	0.00501	0.00281	0.00969
65	0.01227	0.00614	0.00614	0.00614	0.00767	0.00614	0.00460	0.01534	0.01381	0.02454	0.02148	0.02454	0.01687	0.00767	0.00460	0.00153	0.00307	0.00614	0.80518	0.00614
66	0.02528	0.01802	0.01950	0.01495	0.02021	0.01980	0.01235	0.66697	0.03026	0.08112	0.01639	0.01618	0.01149	0.00792	0.00659	0.00198	0.00715	0.00597	0.00668	0.01120
67	0.01094	0.01207	0.10865	0.01443	0.06054	0.01075	0.03016	0.01415	0.01198	0.01743	0.06749	0.02417	0.01750	0.03382	0.46230	0.00739	0.07876	0.00695	0.00362	0.00690
68	0.01440	0.01440	0.02016	0.01728	0.01728	0.02016	0.01440	0.01584	0.01008	0.01584	0.00864	0.01440	0.00864	0.01152	0.02160	0.00288	0.75659	0.00576	0.00288	0.00720
69	0.00953	0.00636	0.00719	0.00724	0.00725	0.00635	0.00405	0.00956	0.00967	0.01289	0.02123	0.06547	0.02454	0.74542	0.03273	0.00627	0.00630	0.00986	0.00405	0.00403
70	0.00985	0.00767	0.01141	0.01020	0.01213	0.00714	0.06616	0.01307	0.01787	0.02509	0.59065	0.08420	0.05539	0.01340	0.00787	0.00217	0.00399	0.04857	0.00679	0.00639
71	0.01657	0.01766	0.08499	0.03481	0.50958	0.01612	0.12837	0.07070	0.01616	0.02285	0.01274	0.01630	0.01025	0.00600	0.00670	0.00201	0.00845	0.00609	0.00348	0.01018
72	0.01010	0.00728	0.00959	0.01070	0.01193	0.00727	0.00845	0.01319	0.06734	0.01863	0.03462	0.29624	0.07138	0.01856	0.00983	0.06193	0.00508	0.32609	0.00589	0.00590
73	0.00802	0.00608	0.00743	0.00848	0.00947	0.00548	0.00590	0.00939	0.01343	0.01720	0.04568	0.52590	0.25483	0.01932	0.00823	0.00254	0.00374	0.03733	0.00611	0.00543
74	0.01788	0.08375	0.18161	0.02744	0.35073	0.01630	0.04244	0.08413	0.01649	0.09673	0.01375	0.01592	0.01047	0.00634	0.00633	0.00196	0.00800	0.00560	0.00393	0.01020
75	0.01641	0.01604	0.04646	0.08115	0.60738	0.01583	0.01951	0.05530	0.03733	0.02240	0.01294	0.01653	0.01060	0.00612	0.00652	0.00198	0.00783	0.00589	0.00350	0.01026
76	0.01285	0.01153	0.01269	0.01202	0.01324	0.11124	0.00917	0.03791	0.01222	0.01595	0.01620	0.07656	0.01598	0.07167	0.34801	0.09266	0.11309	0.00730	0.00367	0.00602
77	0.01365	0.01170	0.01365	0.00975	0.01560	0.00878	0.00780	0.01658	0.01365	0.02145	0.01170	0.01365	0.00975	0.00488	0.00488	0.00098	0.00488	0.00390	0.00390	0.80888
78	0.01199	0.00988	0.01177	0.00913	0.01345	0.00781	0.00716	0.01491	0.01528	0.02281	0.23754	0.02736	0.06336	0.00818	0.00593	0.00138	0.00424	0.00693	0.00506	0.51584
79	0.01554	0.01776	0.03885	0.02775	0.03441	0.01665	0.70366	0.02109	0.01554	0.02109	0.01332	0.01776	0.00999	0.00555	0.00777	0.00222	0.01110	0.00777	0.00333	0.00888
80	0.01547	0.01293	0.01396	0.01250	0.01588	0.01461	0.00971	0.06722	0.54232	0.02808	0.16220	0.02888	0.02781	0.00976	0.00690	0.00219	0.00491	0.00823	0.00680	0.00964
81	0.02517	0.01821	0.01962	0.01504	0.02030	0.02008	0.01242	0.68434	0.03057	0.06331	0.01613	0.01601	0.01136	0.00791	0.00659	0.00198	0.00719	0.00595	0.00664	0.01120
82	0.02503	0.01844	0.01976	0.01515	0.02042	0.02042	0.01251	0.70562	0.03095	0.04149	0.01581	0.01581	0.01120	0.00790	0.00659	0.00198	0.00724	0.00593	0.00659	0.01120
83	0.01243	0.01170	0.01975	0.75282	0.04534	0.01463	0.01828	0.01682	0.01316	0.01682	0.01170	0.01755	0.00878	0.00658	0.00658	0.00219	0.00878	0.00585	0.00293	0.00731
84	0.01423	0.01277	0.03744	0.01353	0.05594	0.01330	0.01012	0.05030	0.42021	0.02560	0.11778	0.07328	0.10596	0.01075	0.00702	0.00221	0.00502	0.00916	0.00634	0.00905
85	0.02644	0.01201	0.01530	0.01211	0.01688	0.01137	0.00987	0.07232	0.13874	0.55032	0.04527	0.02314	0.01794	0.00842	0.00666	0.00207	0.00556	0.00687	0.00778	0.01093
86	0.02894	0.01107	0.01509	0.01161	0.01660	0.00957	0.00957	0.03150	0.01884	0.71118	0.04670	0.02320	0.01766	0.00831	0.00665	0.00204	0.00553	0.00678	0.00812	0.01106
87	0.02923	0.01169	0.01558	0.01195	0.01705	0.01040	0.00987	0.07767	0.01966	0.68538	0.02528	0.02196	0.01595	0.00813	0.00662	0.00203	0.00571	0.00657	0.00804	0.01120
88	0.01024	0.00763	0.00990	0.01102	0.01240	0.00771	0.00877	0.01434	0.09498	0.01949	0.03541	0.32065	0.05867	0.01797	0.00852	0.00278	0.00506	0.34200	0.00615	0.00629
89	0.01144	0.00572	0.00858	0.00858	0.00858	0.00572	0.00572	0.00858	0.00858	0.01144	0.01144	0.02001	0.01144	0.02287	0.02573	0.80846	0.00572	0.00572	0.00286	0.00286
90	0.81514	0.01273	0.00968	0.00866	0.01273	0.01477	0.00713	0.01935	0.01120	0.02954	0.00917	0.01069	0.00713	0.00611	0.00407	0.00204	0.00509	0.00356	0.00407	0.00713
91	0.01227	0.00614	0.00614	0.00614	0.00767	0.00614	0.00460	0.01534	0.01381	0.02454	0.02148	0.02454	0.01687	0.00767	0.00460	0.00153	0.00307	0.00614	0.80518	0.00614
92	0.01670	0.03838	0.02032	0.01653	0.01789	0.02025	0.01378	0.15443	0.04104	0.02140	0.01077	0.01495	0.00958	0.01052	0.01751	0.00263	0.55561	0.00579	0.00376	0.00816
93	0.00862	0.00681	0.00786	0.00804	0.00993	0.00605	0.00626	0.01084	0.01580	0.02008	0.21282	0.08260	0.43480	0.01630	0.00802	0.00234	0.00376	0.12692	0.00637	0.00579
94	0.01440	0.01440	0.02016	0.01728	0.01728	0.02016	0.01440	0.01584	0.01008	0.01584	0.00864	0.01440	0.00864	0.01152	0.02160	0.00288	0.75659	0.00576	0.00288	0.00720
95	0.02459	0.03138	0.01866	0.01696	0.02035	0.74221	0.01272	0.02629	0.01866	0.01611	0.01018	0.01187	0.00848	0.00678	0.00594	0.00170	0.01187	0.00424	0.00339	0.00763
96	0.01117	0.00955	0.01440	0.09686	0.19982	0.00961	0.01165	0.01400	0.01456	0.01943	0.09416	0.14838	0.16100	0.01510	0.04775	0.00278	0.00632	0.11134	0.00499	0.00713
97	0.00932	0.00673	0.00880	0.00828	0.00984	0.00621	0.00621	0.01242	0.01863	0.02640	0.72410	0.04918	0.06212	0.01346	0.00776	0.00207	0.00311	0.01191	0.00725	0.00621
98	0.02459	0.03138	0.01866	0.01696	0.02035	0.74221	0.01272	0.02629	0.01866	0.01611	0.01018	0.01187	0.00848	0.00678	0.00594	0.00170	0.01187	0.00424	0.00339	0.00763
99	0.01458	0.09066	0.45552	0.02073	0.10668	0.01588	0.08657	0.02110	0.03747	0.04232	0.01360	0.04157	0.01063	0.00675	0.00636	0.00205	0.00893	0.00578	0.00330	0.00953
100	0.01279	0.01058	0.01447	0.01404	0.05665	0.01274	0.01033	0.08620	0.01298	0.01857	0.03861	0.02452	0.01610	0.13603	0.30504	0.00625	0.20640	0.00705	0.00386	0.00679
101	0.00802	0.00573	0.00764	0.00917	0.00955	0.00535	0.00611	0.00917	0.01260	0.01681	0.03628	0.76434	0.04354	0.02062	0.00840	0.00267	0.00382	0.01872	0.00611	0.00535
102	0.13846	0.01686	0.06733	0.03289	0.51749	0.03536	0.05695	0.02033	0.01448	0.02252	0.01185	0.01525	0.00972	0.00593	0.00618	0.00198	0.00782	0.00552	0.00336	0.00972
103	0.01619	0.01553	0.02653	0.05984	0.70896	0.01561	0.02015	0.02011	0.01494	0.02138	0.01236	0.01633	0.01038	0.00589	0.00652	0.00196	0.00785	0.00587	0.00325	0.01034
104	0.01560	0.28398	0.09476	0.01330	0.06169	0.01642	0.01164	0.04441	0.01432	0.02004	0.01101	0.01283	0.00924	0.00546	0.00495	0.00134	0.00640	0.00406	0.00347	0.36510
105	0.01277	0.03697	0.16511	0.03789	0.05429	0.01134	0.07376	0.01734	0.05454	0.06711	0.05205	0.06219	0.24866	0.01133	0.00757	0.00222	0.02594	0.04613	0.00494	0.00784
106	0.00969	0.00742	0.01092	0.01076	0.01181	0.00878	0.00834	0.01186	0.01050	0.01518	0.01731	0.02616	0.01643	0.08592	0.66510	0.00993	0.05739	0.00712	0.00352	0.00585
107	0.01738	0.73104	0.03336	0.01118	0.01683	0.02511	0.01108	0.01954	0.01339	0.01581	0.00929	0.01073	0.00852	0.00559	0.00426	0.00138	0.00692	0.00354	0.00288	0.05217
108	0.01227	0.00614	0.00614	0.00614	0.00767	0.00614	0.00460	0.01534	0.01381	0.02454	0.02148	0.02454	0.01687	0.00767	0.00460	0.00153	0.00307	0.00614	0.80518	0.00614
109	0.02447	0.01908	0.05772	0.01488	0.02010	0.08208	0.01262	0.46429	0.07071	0.14097	0.01732	0.01690	0.01213	0.00782	0.00652	0.00198	0.00741	0.00592	0.00634	0.01075
110	0.01739	0.03696	0.01819	0.05805	0.13728	0.12310	0.01283	0.02986	0.44029	0.02396	0.02068	0.02057	0.01586	0.00789	0.00648	0.00208	0.00686	0.00652	0.00533	0.00979
111	0.00801	0.00668	0.00699	0.00691	0.00904	0.00566	0.00519	0.00990	0.01556	0.01910	0.16689	0.06119	0.62388	0.01618	0.00778	0.00220	0.00330	0.01359	0.00629	0.00566
112	0.00802	0.00573	0.00764	0.00917	0.00955	0.00535	0.00611	0.00917	0.01260	0.01681	0.03628	0.76434	0.04354	0.02062	0.00840	0.00267	0.00382	0.01872	0.00611	0.00535
113	0.01452	0.10105	0.61376	0.01757	0.02652	0.01603	0.02200	0.02169	0.03288	0.05653	0.01268	0.01430	0.00907	0.00636	0.00610	0.00202	0.00915	0.00490	0.00316	0.00970
114	0.06042	0.70960	0.03269	0.01130	0.01678	0.04709	0.01109	0.01989	0.01342	0.01626	0.00918	0.01061	0.00838	0.00569	0.00427	0.00145	0.00708	0.00354	0.00290	0.00835
115	0.00940	0.00705	0.01058	0.01058	0.01176	0.00823	0.00823	0.01176	0.01058	0.01528	0.01763	0.02586	0.01646	0.04937	0.74255	0.01058	0.01763	0.00705	0.00353	0.00588
116	0.01760	0.77260	0.03450	0.01126	0.01690	0.02605	0.01126	0.01971	0.01338	0.01549	0.00915	0.01056	0.00845	0.00563	0.00422	0.00141	0.00704	0.00352	0.00282	0.00845
117	0.01227	0.00614	0.00614	0.00614	0.00767	0.00614	0.00460	0.01534	0.01381	0.02454	0.02148	0.02454	0.01687	0.00767	0.00460	0.00153	0.00307	0.00614	0.80518	0.00614
118	0.81514	0.01273	0.00968	0.00866	0.01273	0.01477	0.00713	0.01935	0.01120	0.02954	0.00917	0.01069	0.00713	0.00611	0.00407	0.00204	0.00509	0.00356	0.00407	0.00713
119	0.01227	0.00614	0.00614	0.00614	0.00767	0.00614	0.00460	0.01534	0.01381	0.02454	0.02148	0.02454	0.01687	0.00767	0.00460	0.00153	0.00307	0.00614	0.80518	0.00614
120	0.55630	0.01446	0.01282	0.01073	0.01514	0.01649	0.00883	0.22274	0.03930	0.03301	0.01169	0.01264	0.00874	0.00673	0.00490	0.00203	0.00573	0.00439	0.00490	0.00844
121	0.20710	0.53937	0.02737	0.01074	0.01599	0.02259	0.01021	0.04466	0.01351	0.01997	0.00948	0.01089	0.00828	0.00580	0.00430	0.00156	0.00651	0.00363	0.00329	0.03473
122	0.13727	0.29468	0.25507	0.01357	0.02001	0.01898	0.01471	0.05210	0.05714	0.04258	0.01260	0.03254	0.01019	0.00667	0.00530	0.00185	0.00739	0.00480	0.00365	0.00891

[dist]
# distance from previous block
# <min> <max>
0	27

# created by:
# /home/berkeley/.conda/envs/busco_data_prod/bin/msa2prfl.pl pipeline/OGs_align_augustus/4893/29556.fs
