[name]
unknown

[dist]
# distance from previous block
# <min> <max>
0	13

[block]
# block no. 0 follows, 34 sequences, length 9
# corresponding to MSA columns:
# 13-21
name=unknown_A
#
# <colnr> <probs for GDERKNQSTAVLIFYWHMCP>
#	G	D	E	R	K	N	Q	S	T	A	V	L	I	F	Y	W	H	M	C	P
0	0.08531	0.01294	0.01724	0.03692	0.18394	0.03136	0.01315	0.05395	0.05733	0.03926	0.01776	0.02929	0.01676	0.01009	0.00954	0.00232	0.15111	0.17063	0.00439	0.05671
1	0.01862	0.01511	0.01753	0.01443	0.01839	0.04064	0.06851	0.34013	0.18424	0.03042	0.02146	0.16186	0.01889	0.01015	0.00691	0.00214	0.00647	0.00866	0.00603	0.00941
2	0.01172	0.15546	0.01476	0.01042	0.01283	0.01153	0.02506	0.04407	0.10187	0.01943	0.07207	0.34291	0.09896	0.01423	0.00709	0.00223	0.00484	0.03819	0.00547	0.00687
3	0.01323	0.00901	0.01028	0.00949	0.01182	0.00882	0.00720	0.14598	0.01692	0.08400	0.03853	0.17873	0.25674	0.11547	0.01088	0.00280	0.00489	0.06244	0.00598	0.00679
4	0.02266	0.02931	0.05593	0.01814	0.06333	0.63536	0.01358	0.02475	0.01751	0.01636	0.01014	0.01212	0.00844	0.00677	0.00651	0.00175	0.04198	0.00435	0.00327	0.00775
5	0.01379	0.17588	0.60423	0.01701	0.02578	0.01703	0.02142	0.02025	0.01354	0.01945	0.01109	0.01301	0.00821	0.00602	0.00576	0.00192	0.00904	0.00452	0.00274	0.00931
6	0.01410	0.16006	0.08066	0.01063	0.01666	0.01242	0.00972	0.01723	0.01337	0.01988	0.01101	0.01284	0.00920	0.00505	0.00478	0.00113	0.00561	0.00384	0.00353	0.58828
7	0.04971	0.17206	0.02252	0.01887	0.15530	0.19182	0.01314	0.18666	0.08724	0.02419	0.01306	0.01431	0.01037	0.00670	0.00576	0.00179	0.00798	0.00500	0.00427	0.00925
8	0.01220	0.00991	0.01160	0.00999	0.01325	0.00947	0.00778	0.01919	0.20142	0.02460	0.31780	0.03314	0.03489	0.00987	0.00660	0.00181	0.00419	0.03424	0.00601	0.23204

[dist]
# distance from previous block
# <min> <max>
0	5

[block]
# block no. 1 follows, 34 sequences, length 47
# corresponding to MSA columns:
# 27-73
name=unknown_B
#
# <colnr> <probs for GDERKNQSTAVLIFYWHMCP>
#	G	D	E	R	K	N	Q	S	T	A	V	L	I	F	Y	W	H	M	C	P
0	0.01745	0.69374	0.07036	0.01177	0.01739	0.06722	0.01182	0.01978	0.01346	0.01552	0.00918	0.01061	0.00829	0.00563	0.00435	0.00143	0.00733	0.00357	0.00280	0.00831
1	0.01100	0.00754	0.00842	0.00798	0.00857	0.00774	0.00492	0.08644	0.01182	0.01578	0.02044	0.06864	0.02289	0.65854	0.02899	0.00564	0.00626	0.00937	0.00428	0.00475
2	0.01362	0.01327	0.01839	0.01587	0.01587	0.01831	0.01301	0.01487	0.00984	0.01522	0.00979	0.01723	0.01013	0.09495	0.02249	0.00320	0.67820	0.00607	0.00295	0.00672
3	0.00813	0.00589	0.00775	0.00914	0.00977	0.00550	0.00641	0.00950	0.01281	0.01687	0.03759	0.64192	0.09112	0.01970	0.00828	0.00263	0.00396	0.09169	0.00599	0.00534
4	0.05876	0.01475	0.02349	0.07758	0.51471	0.03537	0.05088	0.01984	0.01475	0.06152	0.01579	0.01875	0.05208	0.00657	0.00639	0.00196	0.00748	0.00618	0.00366	0.00949
5	0.00786	0.00568	0.00744	0.00885	0.00933	0.00526	0.00593	0.00901	0.01252	0.01655	0.03746	0.72504	0.08521	0.02000	0.00821	0.00260	0.00372	0.01808	0.00600	0.00526
6	0.02414	0.03079	0.01831	0.01665	0.01998	0.74698	0.01248	0.02580	0.01831	0.01581	0.00999	0.01165	0.00832	0.00666	0.00583	0.00166	0.01165	0.00416	0.00333	0.00749
7	0.01383	0.04964	0.49217	0.02106	0.02952	0.01574	0.24528	0.02051	0.01415	0.02039	0.01200	0.01477	0.00871	0.00590	0.00656	0.00207	0.00991	0.00566	0.00290	0.00924
8	0.01611	0.01831	0.07839	0.02530	0.05131	0.01676	0.54447	0.09628	0.01660	0.02270	0.01305	0.01682	0.00980	0.00597	0.00788	0.00216	0.03839	0.00712	0.00357	0.00900
9	0.01631	0.01306	0.01786	0.01466	0.01817	0.01361	0.12812	0.30403	0.04118	0.02760	0.02314	0.30569	0.02325	0.01219	0.00735	0.00225	0.00640	0.01099	0.00575	0.00837
10	0.00940	0.00626	0.00705	0.00705	0.00705	0.00626	0.00392	0.00940	0.00940	0.01253	0.02036	0.04228	0.02349	0.77292	0.03289	0.00626	0.00626	0.00940	0.00392	0.00392
11	0.01682	0.01750	0.02037	0.01898	0.08599	0.15285	0.04507	0.06202	0.05381	0.01855	0.01100	0.01496	0.00968	0.01033	0.03476	0.00262	0.40772	0.00562	0.00343	0.00791
12	0.00764	0.00655	0.00655	0.00655	0.00873	0.00545	0.00491	0.00927	0.01473	0.01745	0.06546	0.06218	0.73000	0.01636	0.00764	0.00218	0.00327	0.01364	0.00600	0.00545
13	0.01340	0.01148	0.01340	0.00957	0.01531	0.00861	0.00766	0.01627	0.01340	0.02105	0.01148	0.01340	0.00957	0.00479	0.00479	0.00096	0.00479	0.00383	0.00383	0.81242
14	0.01537	0.01332	0.01346	0.01222	0.01432	0.14235	0.00941	0.09042	0.04380	0.06275	0.01645	0.02281	0.01468	0.11333	0.32923	0.00610	0.06230	0.00650	0.00418	0.00701
15	0.01513	0.02871	0.52271	0.04797	0.02608	0.05786	0.02033	0.12389	0.01663	0.02334	0.04818	0.01570	0.01129	0.00678	0.00626	0.00201	0.00894	0.00528	0.00355	0.00937
16	0.00826	0.00621	0.00873	0.00967	0.01045	0.00579	0.03248	0.00967	0.01275	0.01685	0.03654	0.66191	0.08370	0.01933	0.00822	0.00260	0.00410	0.05141	0.00589	0.00543
17	0.00791	0.00565	0.00753	0.00897	0.00938	0.00527	0.00600	0.00909	0.01254	0.01676	0.05518	0.74838	0.04325	0.02004	0.00823	0.00261	0.00373	0.01818	0.00603	0.00527
18	0.01701	0.01713	0.02433	0.11818	0.27950	0.11817	0.14394	0.09713	0.03346	0.02177	0.01401	0.05972	0.01188	0.00705	0.00667	0.00201	0.00859	0.00665	0.00380	0.00898
19	0.01678	0.01490	0.02166	0.30409	0.32709	0.08444	0.01728	0.02043	0.01480	0.09750	0.01316	0.01670	0.01007	0.00635	0.00638	0.00199	0.00817	0.00568	0.00361	0.00891
20	0.02280	0.02850	0.01807	0.07887	0.02171	0.66515	0.01273	0.02473	0.01773	0.01610	0.01041	0.01246	0.00857	0.00667	0.00584	0.00170	0.01116	0.00435	0.02504	0.00742
21	0.01068	0.00960	0.05169	0.00958	0.01146	0.03815	0.00755	0.05512	0.01478	0.01961	0.19126	0.18346	0.13911	0.07639	0.07806	0.07522	0.00598	0.01109	0.00531	0.00590
22	0.01630	0.06086	0.04538	0.15821	0.40430	0.09034	0.01735	0.05961	0.01545	0.02035	0.01278	0.04661	0.01097	0.00669	0.00629	0.00194	0.00806	0.00595	0.00342	0.00912
23	0.01398	0.01441	0.02723	0.06279	0.20074	0.01468	0.31157	0.01789	0.01399	0.01932	0.01701	0.07116	0.05409	0.00949	0.03652	0.00252	0.09286	0.00791	0.00354	0.00829
24	0.01073	0.00776	0.00935	0.00913	0.01036	0.00815	0.00659	0.02945	0.09715	0.02046	0.19275	0.19856	0.05471	0.12918	0.01276	0.04355	0.04721	0.01096	0.09517	0.00603
25	0.01684	0.02235	0.14893	0.02030	0.02552	0.19714	0.27347	0.04941	0.01551	0.01937	0.01215	0.01568	0.00965	0.01013	0.07152	0.00278	0.07170	0.00598	0.00330	0.00826
26	0.01708	0.01610	0.07289	0.14494	0.26617	0.07660	0.01549	0.07703	0.03803	0.10099	0.01986	0.02160	0.08969	0.00765	0.00650	0.00199	0.00746	0.00655	0.00433	0.00907
27	0.01121	0.00835	0.01039	0.01106	0.04044	0.00855	0.00767	0.09295	0.07540	0.02150	0.09088	0.43035	0.04981	0.01751	0.04954	0.00280	0.00507	0.01352	0.04632	0.00668
28	0.00829	0.00646	0.00769	0.00775	0.00936	0.00586	0.00573	0.01035	0.01511	0.01975	0.26530	0.15967	0.35407	0.01880	0.07346	0.00293	0.00452	0.01313	0.00612	0.00565
29	0.01620	0.16622	0.33924	0.01770	0.06652	0.12871	0.01779	0.04200	0.03398	0.01912	0.01111	0.01328	0.00879	0.00674	0.00732	0.00194	0.08672	0.00469	0.00309	0.00885
30	0.01597	0.01426	0.02158	0.14754	0.30012	0.01538	0.05502	0.12923	0.10228	0.02360	0.01613	0.07797	0.01379	0.00787	0.00709	0.00209	0.02943	0.00707	0.00429	0.00926
31	0.01250	0.02752	0.55888	0.06297	0.02622	0.01435	0.02090	0.01878	0.01296	0.01923	0.01215	0.01541	0.00926	0.01193	0.10280	0.00318	0.05421	0.00516	0.00284	0.00877
32	0.01942	0.01538	0.05335	0.01410	0.01870	0.01559	0.05173	0.21938	0.31262	0.12353	0.04330	0.02264	0.04342	0.00847	0.00664	0.00208	0.00615	0.00704	0.00634	0.01012
33	0.01759	0.09035	0.02183	0.04240	0.19613	0.05664	0.08549	0.12115	0.06381	0.08785	0.03853	0.07601	0.04444	0.00840	0.00657	0.00200	0.00711	0.01986	0.00477	0.00906
34	0.05133	0.01728	0.18404	0.08923	0.11437	0.01343	0.07524	0.08248	0.05721	0.07971	0.04917	0.09167	0.02829	0.02905	0.00734	0.00222	0.00729	0.00745	0.00449	0.00872
35	0.00782	0.00582	0.00729	0.00847	0.00923	0.00529	0.00576	0.00906	0.01288	0.01670	0.04208	0.61551	0.19175	0.01940	0.00811	0.00253	0.00365	0.01734	0.00600	0.00529
36	0.01822	0.01995	0.07739	0.02337	0.14371	0.15038	0.21879	0.08448	0.01639	0.05699	0.01244	0.01544	0.00972	0.00694	0.00875	0.00209	0.11638	0.00597	0.00370	0.00889
37	0.12245	0.07898	0.14539	0.05203	0.08458	0.03389	0.15876	0.09857	0.02968	0.03829	0.08305	0.01806	0.01447	0.00689	0.00623	0.00199	0.00778	0.00609	0.00411	0.00870
38	0.03729	0.04926	0.08375	0.01593	0.07213	0.06330	0.07353	0.08845	0.05520	0.02078	0.02166	0.20347	0.06036	0.03378	0.00920	0.00235	0.08802	0.00930	0.00453	0.00772
39	0.04289	0.00759	0.00863	0.00857	0.00952	0.00786	0.00570	0.05219	0.05595	0.01702	0.02539	0.19940	0.06039	0.39847	0.06841	0.00485	0.00621	0.01086	0.00477	0.00534
40	0.07605	0.08435	0.10274	0.01861	0.11787	0.08363	0.08531	0.13035	0.05066	0.11499	0.01527	0.04690	0.01199	0.00732	0.00654	0.00197	0.02556	0.00603	0.00457	0.00928
41	0.01452	0.11399	0.29245	0.04613	0.11551	0.01478	0.05150	0.02034	0.06846	0.06462	0.03893	0.07873	0.03650	0.00798	0.00633	0.00202	0.00756	0.00680	0.00395	0.00892
42	0.00828	0.00607	0.00769	0.00851	0.00942	0.00560	0.00598	0.00988	0.01380	0.01832	0.16647	0.45352	0.15154	0.05608	0.00931	0.00265	0.00379	0.05157	0.00610	0.00541
43	0.02257	0.12779	0.04336	0.01619	0.02035	0.51233	0.04157	0.10585	0.01878	0.01903	0.01069	0.01224	0.00869	0.00657	0.00576	0.00169	0.01039	0.00443	0.00361	0.00813
44	0.05802	0.13501	0.12960	0.05000	0.11089	0.01551	0.02814	0.11177	0.05780	0.12466	0.03300	0.02093	0.08198	0.00774	0.00609	0.00193	0.00677	0.00626	0.00474	0.00916
45	0.01080	0.00748	0.00934	0.00971	0.01108	0.00733	0.00717	0.06501	0.01457	0.05878	0.03659	0.44489	0.13901	0.03962	0.00908	0.00262	0.02537	0.08945	0.00599	0.00613
46	0.00892	0.00641	0.00824	0.00918	0.01008	0.00612	0.00680	0.01057	0.01325	0.01741	0.08554	0.32432	0.10972	0.14505	0.01247	0.00325	0.00470	0.20694	0.00571	0.00531

[dist]
# distance from previous block
# <min> <max>
2	12

[block]
# block no. 2 follows, 34 sequences, length 53
# corresponding to MSA columns:
# 86-138
name=unknown_C
#
# <colnr> <probs for GDERKNQSTAVLIFYWHMCP>
#	G	D	E	R	K	N	Q	S	T	A	V	L	I	F	Y	W	H	M	C	P
0	0.01672	0.17339	0.24571	0.01854	0.05203	0.08428	0.13432	0.06284	0.01510	0.04476	0.01162	0.01400	0.00905	0.00661	0.00752	0.00197	0.08415	0.00519	0.00332	0.00889
1	0.12796	0.16729	0.04555	0.01617	0.04220	0.19751	0.10779	0.02007	0.01431	0.01913	0.05737	0.01503	0.01189	0.00728	0.00800	0.00195	0.12410	0.00521	0.00345	0.00774
2	0.01684	0.56702	0.13581	0.01240	0.01841	0.04204	0.01285	0.04185	0.03243	0.01739	0.01017	0.01155	0.00872	0.00577	0.00465	0.00151	0.00729	0.00386	0.00304	0.04640
3	0.01545	0.01796	0.16337	0.06186	0.31722	0.01451	0.11157	0.02022	0.03110	0.07356	0.01680	0.01938	0.05770	0.00702	0.00731	0.00206	0.04343	0.00642	0.00370	0.00934
4	0.01442	0.07335	0.03644	0.01526	0.06391	0.03606	0.11333	0.10908	0.08181	0.03832	0.09829	0.18524	0.08487	0.01111	0.00703	0.00213	0.00620	0.00994	0.00526	0.00796
5	0.02700	0.01297	0.01604	0.01234	0.01730	0.01251	0.01018	0.23300	0.02191	0.50708	0.02379	0.02134	0.03713	0.00819	0.00652	0.00199	0.00591	0.00652	0.00748	0.01082
6	0.00811	0.00610	0.00755	0.00836	0.00944	0.00553	0.00594	0.00973	0.01395	0.01820	0.14013	0.44523	0.22854	0.01811	0.00803	0.00244	0.00363	0.04936	0.00615	0.00546
7	0.06284	0.08656	0.11111	0.01336	0.01805	0.08658	0.06036	0.07373	0.04257	0.17840	0.12760	0.05076	0.04324	0.00864	0.00638	0.00196	0.00672	0.00712	0.00537	0.00865
8	0.01473	0.01943	0.20324	0.05149	0.45873	0.03385	0.01947	0.01929	0.01451	0.02064	0.03874	0.05066	0.01292	0.00682	0.00645	0.00199	0.00793	0.00625	0.00334	0.00953
9	0.00787	0.00593	0.00731	0.00838	0.00930	0.00537	0.00581	0.00919	0.01310	0.01684	0.04399	0.55082	0.23638	0.01908	0.00809	0.00251	0.00367	0.03502	0.00600	0.00533
10	0.06443	0.02569	0.01740	0.01619	0.04078	0.52237	0.01197	0.04663	0.15513	0.01958	0.01334	0.01426	0.01061	0.00704	0.00591	0.00180	0.00977	0.00484	0.00408	0.00818
11	0.03707	0.28454	0.26702	0.01600	0.07279	0.04206	0.01570	0.07239	0.04482	0.02032	0.01312	0.06288	0.01132	0.00708	0.00558	0.00183	0.00769	0.00542	0.00349	0.00889
12	0.00827	0.00646	0.00735	0.00793	0.00957	0.00574	0.00601	0.01005	0.01418	0.01775	0.05236	0.22209	0.44266	0.01719	0.00788	0.00238	0.00379	0.12096	0.03188	0.00550
13	0.00764	0.00655	0.00655	0.00655	0.00873	0.00545	0.00491	0.00927	0.01473	0.01745	0.06546	0.06218	0.73000	0.01636	0.00764	0.00218	0.00327	0.01364	0.00600	0.00545
14	0.01650	0.01668	0.02270	0.18834	0.37557	0.13931	0.04849	0.01999	0.01502	0.03924	0.01392	0.03393	0.02845	0.00671	0.00644	0.00196	0.00844	0.00607	0.00342	0.00882
15	0.06833	0.01597	0.04755	0.09012	0.22719	0.06578	0.01436	0.11237	0.13354	0.09584	0.03847	0.01823	0.01348	0.00724	0.00660	0.00201	0.02263	0.00599	0.00478	0.00951
16	0.00864	0.00658	0.00793	0.00759	0.00934	0.00588	0.00570	0.01121	0.01709	0.02305	0.50487	0.05297	0.28708	0.01428	0.00763	0.00208	0.00312	0.01234	0.00674	0.00588
17	0.04445	0.39097	0.26334	0.01410	0.02058	0.10014	0.01527	0.02104	0.04382	0.01799	0.01069	0.01217	0.00870	0.00601	0.00509	0.00169	0.00816	0.00413	0.00302	0.00866
18	0.01401	0.03146	0.01487	0.07550	0.07132	0.01270	0.01063	0.10279	0.12194	0.04824	0.09575	0.14900	0.09839	0.01174	0.00866	0.00225	0.08974	0.02774	0.00541	0.00786
19	0.00854	0.00608	0.00723	0.00786	0.00839	0.00576	0.00506	0.00932	0.01155	0.01504	0.03381	0.33482	0.14186	0.33715	0.01856	0.00410	0.00479	0.03023	0.00512	0.00474
20	0.01320	0.03175	0.66606	0.01934	0.02857	0.01515	0.09557	0.02049	0.01381	0.02049	0.01175	0.01404	0.00835	0.00607	0.00629	0.00206	0.00969	0.00507	0.00278	0.00946
21	0.01536	0.01408	0.02384	0.24630	0.50769	0.01485	0.01891	0.01929	0.01433	0.04561	0.01244	0.01657	0.00997	0.00604	0.00642	0.00199	0.00787	0.00578	0.00328	0.00938
22	0.01514	0.01466	0.04959	0.16781	0.31316	0.01468	0.09291	0.08651	0.04340	0.02131	0.01396	0.01967	0.01181	0.09638	0.00966	0.00252	0.00796	0.00642	0.00366	0.00879
23	0.00782	0.00581	0.00731	0.00850	0.00924	0.00529	0.00578	0.00905	0.01285	0.01669	0.04163	0.62627	0.18129	0.01946	0.00812	0.00253	0.00365	0.01741	0.00600	0.00529
24	0.03854	0.05697	0.10691	0.01897	0.11836	0.19619	0.03562	0.14147	0.08939	0.02300	0.01395	0.04311	0.01151	0.00766	0.00741	0.00199	0.07008	0.00577	0.00416	0.00894
25	0.01487	0.04108	0.02205	0.05773	0.34904	0.01461	0.06379	0.06393	0.04942	0.02122	0.01814	0.07924	0.03619	0.00901	0.00794	0.00217	0.06315	0.07353	0.00408	0.00882
26	0.01228	0.01165	0.01960	0.34279	0.15059	0.01268	0.09624	0.01648	0.04024	0.01830	0.02210	0.10195	0.10971	0.00908	0.00694	0.00217	0.00737	0.00840	0.00386	0.00756
27	0.02839	0.00952	0.01204	0.01134	0.03944	0.02646	0.03428	0.04426	0.05098	0.04820	0.30537	0.06010	0.17641	0.01473	0.05700	0.00268	0.05589	0.01018	0.00586	0.00688
28	0.02023	0.20091	0.06835	0.01823	0.12330	0.27674	0.01367	0.09511	0.06810	0.03938	0.01233	0.01368	0.00989	0.00653	0.00567	0.00173	0.00872	0.00473	0.00382	0.00886
29	0.01491	0.01886	0.18480	0.04424	0.10635	0.08867	0.01474	0.09895	0.01617	0.02192	0.12207	0.04024	0.03447	0.03060	0.03499	0.00250	0.10625	0.00688	0.00418	0.00818
30	0.01316	0.14007	0.54954	0.01639	0.02435	0.01575	0.02012	0.01925	0.01318	0.01904	0.01188	0.01454	0.00914	0.01102	0.09298	0.00293	0.01007	0.00483	0.00282	0.00892
31	0.06419	0.00697	0.00845	0.00903	0.01026	0.00705	0.00671	0.03692	0.01351	0.02013	0.06806	0.35714	0.03211	0.01772	0.05301	0.03481	0.00496	0.09756	0.14564	0.00578
32	0.01540	0.05147	0.29804	0.03760	0.09660	0.04435	0.21337	0.02186	0.06393	0.05101	0.01351	0.01589	0.01004	0.00613	0.00651	0.00201	0.00908	0.00584	0.00348	0.03389
33	0.00779	0.00596	0.00715	0.00811	0.00914	0.00532	0.00560	0.00910	0.01322	0.01684	0.04643	0.51269	0.29177	0.01884	0.00803	0.00246	0.00358	0.01665	0.00600	0.00532
34	0.00786	0.00568	0.00743	0.00884	0.00933	0.00526	0.00593	0.00902	0.01253	0.01656	0.03758	0.72214	0.08803	0.01999	0.00821	0.00259	0.00372	0.01806	0.00600	0.00526
35	0.01774	0.10187	0.11855	0.02056	0.14770	0.27002	0.07939	0.02164	0.04344	0.01839	0.01401	0.06577	0.01258	0.00760	0.00627	0.00191	0.00910	0.03153	0.00356	0.00835
36	0.01246	0.01164	0.01907	0.70835	0.04268	0.01447	0.01744	0.01768	0.05958	0.01720	0.01246	0.01768	0.00935	0.00661	0.00647	0.00216	0.00838	0.00585	0.00312	0.00738
37	0.00766	0.00646	0.00664	0.00678	0.00879	0.00543	0.00501	0.00925	0.01450	0.01736	0.06258	0.13038	0.66366	0.01674	0.00770	0.00222	0.00332	0.01409	0.00600	0.00543
38	0.01502	0.11533	0.25908	0.02720	0.32467	0.01678	0.07973	0.01987	0.01401	0.01990	0.01151	0.01458	0.00922	0.00606	0.00677	0.00196	0.04051	0.00531	0.00298	0.00951
39	0.01639	0.01364	0.06423	0.05353	0.25269	0.01272	0.05612	0.04909	0.03433	0.13695	0.06876	0.04780	0.01684	0.01211	0.08483	0.00292	0.03503	0.00699	0.02607	0.00895
40	0.01220	0.01148	0.01938	0.75739	0.04450	0.01436	0.01794	0.01651	0.01292	0.01651	0.01148	0.01723	0.00861	0.00646	0.00646	0.00215	0.00861	0.00574	0.00287	0.00718
41	0.00988	0.00674	0.00808	0.00802	0.00977	0.00606	0.00588	0.01169	0.01462	0.07727	0.16524	0.20175	0.33114	0.05364	0.05760	0.00297	0.00458	0.01307	0.00609	0.00592
42	0.01871	0.04560	0.22294	0.02225	0.18714	0.18430	0.06006	0.04894	0.03368	0.09594	0.01335	0.01507	0.01001	0.00643	0.00622	0.00191	0.00898	0.00528	0.00380	0.00937
43	0.00934	0.00648	0.00815	0.00815	0.00853	0.00686	0.00529	0.01010	0.00972	0.01334	0.01935	0.03672	0.02107	0.53440	0.26811	0.00762	0.00990	0.00858	0.00377	0.00453
44	0.00935	0.00643	0.00791	0.00791	0.00820	0.00673	0.00499	0.00995	0.00965	0.01316	0.01957	0.03793	0.02160	0.58639	0.21684	0.00732	0.00911	0.00876	0.00380	0.00439
45	0.01654	0.02001	0.10348	0.05523	0.29328	0.14224	0.13066	0.02035	0.01457	0.01911	0.01133	0.01501	0.00931	0.00670	0.00853	0.00207	0.11391	0.00566	0.00312	0.00888
46	0.03193	0.11270	0.40159	0.06949	0.04225	0.08230	0.07246	0.02066	0.04215	0.01950	0.01266	0.04114	0.01009	0.00668	0.00607	0.00198	0.00895	0.00544	0.00315	0.00882
47	0.00853	0.00631	0.00891	0.00976	0.01043	0.00598	0.03412	0.00986	0.01238	0.01648	0.03300	0.60581	0.03896	0.09821	0.01086	0.00302	0.00448	0.07194	0.00567	0.00530
48	0.01555	0.15717	0.31368	0.02230	0.15554	0.07709	0.12998	0.02063	0.01439	0.01932	0.01135	0.01395	0.00885	0.00589	0.00605	0.00190	0.00913	0.00513	0.00296	0.00915
49	0.03684	0.28792	0.10475	0.06542	0.04835	0.05659	0.09742	0.05964	0.04005	0.01921	0.01371	0.08769	0.01248	0.00764	0.00638	0.00189	0.03595	0.00621	0.00358	0.00829
50	0.01538	0.00973	0.01090	0.00989	0.01246	0.03978	0.00746	0.06151	0.06875	0.18811	0.03467	0.16976	0.19221	0.09341	0.05307	0.00308	0.00575	0.01062	0.00607	0.00738
51	0.01530	0.01446	0.02421	0.06324	0.61915	0.01475	0.01841	0.01960	0.04239	0.02067	0.01311	0.01713	0.01104	0.00940	0.06710	0.00263	0.00840	0.00591	0.00334	0.00975
52	0.01938	0.09750	0.11282	0.01820	0.10652	0.10352	0.06671	0.16440	0.06112	0.10635	0.01575	0.04604	0.01239	0.00867	0.03008	0.00220	0.00818	0.00608	0.00466	0.00940

[dist]
# distance from previous block
# <min> <max>
2	13

[block]
# block no. 3 follows, 34 sequences, length 26
# corresponding to MSA columns:
# 152-177
name=unknown_D
#
# <colnr> <probs for GDERKNQSTAVLIFYWHMCP>
#	G	D	E	R	K	N	Q	S	T	A	V	L	I	F	Y	W	H	M	C	P
0	0.01967	0.35067	0.04593	0.01506	0.05498	0.28166	0.01235	0.04620	0.08388	0.01787	0.01147	0.01270	0.00959	0.00635	0.00523	0.00163	0.00855	0.00431	0.00348	0.00842
1	0.01473	0.01464	0.03954	0.25144	0.06423	0.09306	0.10044	0.03932	0.07752	0.04340	0.09215	0.02368	0.05479	0.03521	0.00803	0.00223	0.02642	0.00712	0.00423	0.00781
2	0.01905	0.16754	0.09170	0.01547	0.05972	0.20615	0.01278	0.14927	0.09485	0.02242	0.01516	0.01662	0.03594	0.02865	0.00655	0.00189	0.00805	0.00529	0.00421	0.03869
3	0.26906	0.01258	0.01654	0.20315	0.18839	0.01372	0.01297	0.04274	0.01369	0.05960	0.01405	0.04110	0.03056	0.00692	0.00567	0.00199	0.00652	0.00562	0.00394	0.05120
4	0.00785	0.00573	0.00739	0.00872	0.00930	0.00527	0.00587	0.00903	0.01264	0.01660	0.03901	0.68830	0.12095	0.01980	0.00818	0.00257	0.00369	0.01783	0.00600	0.00527
5	0.01037	0.00840	0.00882	0.00879	0.01088	0.03344	0.00661	0.01425	0.10657	0.04537	0.08261	0.19191	0.38089	0.01540	0.00758	0.00228	0.00412	0.04924	0.00611	0.00637
6	0.04379	0.14670	0.18247	0.03413	0.09757	0.05706	0.12256	0.09131	0.03610	0.06349	0.01421	0.03477	0.01149	0.00699	0.00619	0.00196	0.00820	0.02804	0.00393	0.00907
7	0.01122	0.00561	0.00842	0.00842	0.00842	0.00561	0.00561	0.00842	0.00842	0.01122	0.01122	0.01964	0.01122	0.02245	0.02525	0.81201	0.00561	0.00561	0.00281	0.00281
8	0.00923	0.00692	0.01038	0.01038	0.01154	0.00808	0.00808	0.01154	0.01038	0.01500	0.01731	0.02538	0.01615	0.04846	0.74732	0.01038	0.01731	0.00692	0.00346	0.00577
9	0.01470	0.01634	0.03481	0.07188	0.06330	0.01558	0.59903	0.01977	0.01493	0.02023	0.01414	0.05762	0.01151	0.00632	0.00753	0.00219	0.01023	0.00800	0.00339	0.00850
10	0.01797	0.03487	0.02258	0.09045	0.31332	0.05378	0.05195	0.21287	0.03909	0.02596	0.04137	0.03887	0.01328	0.00719	0.00651	0.00196	0.00759	0.00637	0.00441	0.00961
11	0.00918	0.00680	0.00993	0.01000	0.01101	0.00776	0.00759	0.01121	0.01039	0.01485	0.01853	0.06507	0.01819	0.11390	0.64345	0.00961	0.01559	0.00774	0.00363	0.00557
12	0.01703	0.01401	0.01490	0.01319	0.01698	0.01606	0.01032	0.07282	0.65580	0.05385	0.02565	0.02354	0.01909	0.00868	0.00657	0.00217	0.00524	0.00719	0.00662	0.01030
13	0.02313	0.10810	0.01983	0.01588	0.01950	0.62450	0.01225	0.04395	0.04420	0.01684	0.01064	0.01208	0.00882	0.00665	0.00569	0.00166	0.01079	0.00425	0.00348	0.00777
14	0.00798	0.00595	0.00743	0.00835	0.00926	0.00540	0.00577	0.00945	0.01361	0.01785	0.12671	0.52456	0.19707	0.01853	0.00804	0.00245	0.00356	0.01651	0.00613	0.00540
15	0.00787	0.00562	0.00750	0.00900	0.00937	0.00525	0.00600	0.00900	0.01237	0.01649	0.03561	0.76871	0.04274	0.02024	0.00825	0.00262	0.00375	0.01837	0.00600	0.00525
16	0.00774	0.00655	0.00670	0.00666	0.00879	0.00550	0.00499	0.00948	0.01498	0.01806	0.11289	0.06119	0.68218	0.01614	0.00764	0.00217	0.00326	0.01350	0.00608	0.00550
17	0.56709	0.01264	0.01136	0.00968	0.01385	0.01405	0.00793	0.07988	0.05027	0.13994	0.01331	0.01375	0.00963	0.00664	0.00474	0.00199	0.00521	0.00442	0.02553	0.00810
18	0.01691	0.71347	0.09398	0.01168	0.01755	0.02467	0.01215	0.01944	0.01317	0.01565	0.00921	0.01064	0.00828	0.00558	0.00432	0.00144	0.00713	0.00357	0.00276	0.00840
19	0.00923	0.00692	0.01038	0.01038	0.01154	0.00808	0.00808	0.01154	0.01038	0.01500	0.01731	0.02538	0.01615	0.04846	0.74732	0.01038	0.01731	0.00692	0.00346	0.00577
20	0.00787	0.00562	0.00750	0.00900	0.00937	0.00525	0.00600	0.00900	0.01237	0.01649	0.03561	0.76871	0.04274	0.02024	0.00825	0.00262	0.00375	0.01837	0.00600	0.00525
21	0.01258	0.00999	0.01103	0.01029	0.01300	0.01053	0.00793	0.02196	0.33097	0.04999	0.16086	0.07758	0.20622	0.01236	0.00720	0.00221	0.00427	0.03660	0.00653	0.00792
22	0.01220	0.01148	0.01938	0.75739	0.04450	0.01436	0.01794	0.01651	0.01292	0.01651	0.01148	0.01723	0.00861	0.00646	0.00646	0.00215	0.00861	0.00574	0.00287	0.00718
23	0.02171	0.02676	0.01790	0.01615	0.01876	0.58948	0.01226	0.02324	0.01647	0.01558	0.01034	0.01379	0.00921	0.05109	0.00981	0.00211	0.13014	0.00470	0.00328	0.00722
24	0.20612	0.06860	0.01628	0.01250	0.01672	0.17481	0.01010	0.23098	0.05697	0.02787	0.01311	0.01412	0.01009	0.00683	0.00537	0.00178	0.00706	0.00474	0.06150	0.05443
25	0.01674	0.01644	0.01692	0.07809	0.04377	0.16765	0.05743	0.11309	0.13231	0.02252	0.02220	0.04428	0.09811	0.00876	0.00650	0.00193	0.00727	0.03486	0.00478	0.10635

[dist]
# distance from previous block
# <min> <max>
0	42

[block]
# block no. 4 follows, 34 sequences, length 15
# corresponding to MSA columns:
# 227-241
name=unknown_E
#
# <colnr> <probs for GDERKNQSTAVLIFYWHMCP>
#	G	D	E	R	K	N	Q	S	T	A	V	L	I	F	Y	W	H	M	C	P
0	0.01254	0.01207	0.06948	0.01311	0.04327	0.01115	0.03702	0.03941	0.07725	0.04793	0.02843	0.12106	0.16485	0.02779	0.06679	0.00290	0.11242	0.02481	0.00480	0.08292
1	0.07848	0.01253	0.07779	0.01171	0.03110	0.04274	0.00968	0.10528	0.04639	0.02278	0.14256	0.02849	0.02265	0.01279	0.01089	0.18922	0.00584	0.08013	0.04559	0.02335
2	0.02222	0.02762	0.01803	0.01775	0.07225	0.63286	0.01251	0.02401	0.01757	0.01626	0.01221	0.07279	0.01123	0.00768	0.00606	0.00176	0.01072	0.00542	0.00353	0.00752
3	0.01875	0.04780	0.01760	0.01443	0.08151	0.01422	0.01070	0.24539	0.06378	0.08003	0.01470	0.01549	0.01114	0.00636	0.00569	0.00154	0.00597	0.00505	0.00506	0.33479
4	0.81856	0.01250	0.00950	0.00850	0.01250	0.01449	0.00700	0.01899	0.01100	0.02899	0.00900	0.01050	0.00700	0.00600	0.00400	0.00200	0.00500	0.00350	0.00400	0.00700
5	0.01039	0.02542	0.03910	0.01100	0.06473	0.00820	0.00794	0.04356	0.03379	0.02278	0.35999	0.08998	0.21012	0.03458	0.00808	0.00220	0.00415	0.01126	0.00609	0.00663
6	0.01297	0.04805	0.12774	0.10008	0.08526	0.01290	0.07840	0.04575	0.11673	0.02161	0.10779	0.07689	0.10627	0.00971	0.00687	0.00212	0.00657	0.02144	0.00473	0.00811
7	0.00938	0.00633	0.00737	0.00737	0.00748	0.00644	0.00432	0.00960	0.00949	0.01277	0.02006	0.04065	0.02278	0.70310	0.10174	0.00666	0.00733	0.00916	0.00387	0.00409
8	0.00798	0.00579	0.00734	0.00852	0.00908	0.00536	0.00568	0.00907	0.01239	0.01626	0.03791	0.61674	0.12537	0.08737	0.01039	0.00290	0.00392	0.01698	0.00581	0.00515
9	0.01569	0.01732	0.08086	0.11678	0.42236	0.08061	0.04455	0.02072	0.06732	0.02028	0.01384	0.04569	0.01167	0.00673	0.00647	0.00199	0.00807	0.00621	0.00350	0.00932
10	0.01710	0.01880	0.08559	0.02353	0.02983	0.04514	0.49445	0.09904	0.04515	0.05419	0.01418	0.01717	0.01042	0.00605	0.00722	0.00211	0.00994	0.00701	0.00392	0.00914
11	0.01384	0.01610	0.08562	0.11276	0.04980	0.01476	0.38237	0.03241	0.02846	0.01985	0.01717	0.08646	0.04547	0.00794	0.00820	0.00223	0.05658	0.00818	0.00365	0.00815
12	0.30557	0.01702	0.01838	0.01530	0.01825	0.14899	0.10851	0.01936	0.01256	0.02115	0.00958	0.01284	0.00810	0.00774	0.01033	0.00223	0.24845	0.00488	0.00340	0.00735
13	0.00955	0.00813	0.00867	0.00976	0.01065	0.07209	0.00691	0.01094	0.01333	0.01678	0.03558	0.57802	0.09432	0.01848	0.00804	0.00254	0.00463	0.08028	0.00575	0.00553
14	0.01480	0.26814	0.38126	0.01814	0.04880	0.01860	0.12577	0.02012	0.01376	0.01884	0.01101	0.01326	0.00854	0.00582	0.00574	0.00185	0.00885	0.00483	0.00284	0.00904

[dist]
# distance from previous block
# <min> <max>
0	7

[block]
# block no. 5 follows, 34 sequences, length 35
# corresponding to MSA columns:
# 249-283
name=unknown_F
#
# <colnr> <probs for GDERKNQSTAVLIFYWHMCP>
#	G	D	E	R	K	N	Q	S	T	A	V	L	I	F	Y	W	H	M	C	P
0	0.01632	0.24360	0.05850	0.03722	0.15275	0.10867	0.05646	0.03438	0.02942	0.01798	0.01303	0.08263	0.01224	0.00794	0.00774	0.00194	0.10138	0.00612	0.00341	0.00828
1	0.00831	0.00619	0.00837	0.00953	0.00993	0.00625	0.00659	0.00952	0.01211	0.01635	0.03296	0.68073	0.03918	0.02144	0.05377	0.00311	0.04766	0.01695	0.00566	0.00538
2	0.00785	0.00589	0.00729	0.00835	0.00922	0.00533	0.00572	0.00916	0.01314	0.01702	0.06362	0.56777	0.21810	0.01905	0.00807	0.00249	0.00361	0.01697	0.00603	0.00533
3	0.01727	0.77681	0.03386	0.01106	0.01658	0.02557	0.01106	0.01935	0.01313	0.01520	0.00898	0.01036	0.00829	0.00553	0.00415	0.00138	0.00691	0.00345	0.00276	0.00829
4	0.01148	0.00886	0.01198	0.01128	0.01273	0.01045	0.00879	0.06455	0.07201	0.01763	0.01694	0.02390	0.01541	0.06585	0.49743	0.05386	0.07979	0.00679	0.00387	0.00640
5	0.01708	0.65839	0.07837	0.04611	0.01877	0.05808	0.01227	0.01959	0.01339	0.01563	0.00931	0.01095	0.00830	0.00566	0.00446	0.00147	0.00738	0.00368	0.00279	0.00828
6	0.00805	0.00656	0.00712	0.00698	0.00898	0.00563	0.00523	0.01007	0.01570	0.01977	0.24709	0.05837	0.54692	0.01550	0.00763	0.00214	0.00321	0.01310	0.00630	0.00563
7	0.00786	0.00568	0.00744	0.00885	0.00933	0.00526	0.00593	0.00901	0.01252	0.01655	0.03746	0.72503	0.08522	0.02000	0.00821	0.00260	0.00372	0.01808	0.00600	0.00526
8	0.00853	0.00750	0.03644	0.00867	0.01027	0.00629	0.00656	0.01108	0.04505	0.01869	0.13779	0.39025	0.25504	0.01703	0.00782	0.00237	0.00379	0.01498	0.00605	0.00581
9	0.05084	0.03834	0.15212	0.01658	0.07886	0.14456	0.01383	0.04237	0.26977	0.10003	0.01806	0.01799	0.01339	0.00736	0.00617	0.00200	0.00743	0.00578	0.00496	0.00954
10	0.06280	0.01177	0.01499	0.01172	0.01656	0.01098	0.00962	0.07339	0.08320	0.59722	0.02421	0.02127	0.01562	0.00796	0.00639	0.00201	0.00554	0.00640	0.00759	0.01075
11	0.02414	0.03079	0.01831	0.01665	0.01998	0.74698	0.01248	0.02580	0.01831	0.01581	0.00999	0.01165	0.00832	0.00666	0.00583	0.00166	0.01165	0.00416	0.00333	0.00749
12	0.01381	0.01442	0.05529	0.24725	0.26894	0.01435	0.14067	0.01862	0.04250	0.01940	0.01616	0.02007	0.05469	0.00838	0.03583	0.00240	0.00862	0.00664	0.00341	0.00855
13	0.00770	0.00655	0.00663	0.00661	0.00877	0.00548	0.00496	0.00940	0.01488	0.01781	0.09335	0.06160	0.70188	0.01623	0.00764	0.00218	0.00326	0.01355	0.00605	0.00548
14	0.02485	0.01764	0.01911	0.01465	0.01981	0.01936	0.01210	0.66765	0.02962	0.08522	0.01615	0.01593	0.01131	0.00777	0.00647	0.00194	0.00701	0.00586	0.00656	0.01099
15	0.01670	0.01713	0.01965	0.02512	0.33574	0.17132	0.01460	0.02256	0.14852	0.02067	0.02009	0.02435	0.06902	0.00823	0.00659	0.00201	0.00758	0.05687	0.00428	0.00896
16	0.02277	0.01904	0.13049	0.01591	0.02184	0.01694	0.07732	0.41376	0.02419	0.16736	0.01658	0.01663	0.01140	0.00734	0.00653	0.00199	0.00753	0.00595	0.00589	0.01056
17	0.00787	0.00562	0.00750	0.00900	0.00937	0.00525	0.00600	0.00900	0.01237	0.01649	0.03561	0.76871	0.04274	0.02024	0.00825	0.00262	0.00375	0.01837	0.00600	0.00525
18	0.01221	0.07263	0.03920	0.01078	0.01356	0.01169	0.00863	0.02076	0.29646	0.02190	0.10962	0.21910	0.11221	0.01271	0.00703	0.00221	0.00463	0.01095	0.00597	0.00776
19	0.01600	0.05429	0.21770	0.01666	0.06443	0.09346	0.06236	0.07812	0.04216	0.06671	0.09156	0.02276	0.08078	0.00843	0.00744	0.00203	0.05533	0.00677	0.00440	0.00861
20	0.05927	0.12565	0.11570	0.01740	0.06924	0.24896	0.04457	0.07733	0.01577	0.01950	0.01081	0.01375	0.00909	0.02805	0.00868	0.00205	0.11770	0.00487	0.00340	0.00821
21	0.01483	0.01512	0.02036	0.06756	0.09558	0.06392	0.01489	0.01670	0.01113	0.01622	0.00916	0.01438	0.00867	0.01011	0.01771	0.00261	0.58512	0.00558	0.00290	0.00744
22	0.01884	0.51003	0.09422	0.01307	0.01843	0.19497	0.01252	0.02133	0.01456	0.03663	0.00994	0.01130	0.00851	0.00592	0.00479	0.00153	0.00823	0.00383	0.00305	0.00830
23	0.00798	0.00577	0.00758	0.00898	0.00952	0.00537	0.00614	0.00922	0.01264	0.01669	0.03739	0.69171	0.08495	0.01989	0.00824	0.00261	0.00382	0.05020	0.00600	0.00529
24	0.21702	0.01448	0.03326	0.07282	0.08002	0.03043	0.08756	0.13349	0.13643	0.02628	0.01674	0.09387	0.01427	0.00820	0.00615	0.00211	0.00662	0.00692	0.00477	0.00856
25	0.01433	0.01137	0.01279	0.00997	0.01465	0.04264	0.00777	0.01682	0.01390	0.08182	0.01662	0.13913	0.01556	0.00771	0.00555	0.00136	0.00500	0.00648	0.00452	0.57201
26	0.00787	0.00562	0.00750	0.00900	0.00937	0.00525	0.00600	0.00900	0.01237	0.01649	0.03561	0.76871	0.04274	0.02024	0.00825	0.00262	0.00375	0.01837	0.00600	0.00525
27	0.00820	0.00616	0.00753	0.00835	0.00942	0.00561	0.00595	0.00973	0.01360	0.01758	0.09965	0.40767	0.24413	0.05677	0.00933	0.00266	0.00387	0.07244	0.00598	0.00537
28	0.01926	0.12573	0.15839	0.01622	0.05016	0.16605	0.01444	0.15467	0.10855	0.05136	0.01390	0.01495	0.01066	0.00722	0.00700	0.00192	0.06082	0.00516	0.00429	0.00923
29	0.01126	0.00563	0.00831	0.00831	0.00838	0.00563	0.00556	0.00873	0.00866	0.01182	0.01168	0.01985	0.01147	0.02175	0.02428	0.77413	0.00549	0.00563	0.04048	0.00296
30	0.00771	0.00655	0.00664	0.00662	0.00877	0.00548	0.00496	0.00941	0.01489	0.01784	0.09597	0.06154	0.69924	0.01622	0.00764	0.00217	0.00326	0.01355	0.00605	0.00548
31	0.12064	0.06523	0.08815	0.10014	0.20819	0.17804	0.03055	0.02004	0.01436	0.01954	0.01298	0.01575	0.03904	0.00687	0.00680	0.00195	0.05490	0.00524	0.00332	0.00827
32	0.01514	0.12427	0.49147	0.01658	0.02427	0.09461	0.01942	0.05127	0.03550	0.02060	0.04060	0.01480	0.01080	0.00655	0.00594	0.00192	0.00895	0.00494	0.00325	0.00911
33	0.02416	0.03023	0.01836	0.01657	0.01998	0.71451	0.01248	0.05641	0.01885	0.01693	0.01023	0.01182	0.00844	0.00671	0.00585	0.00168	0.01145	0.00424	0.00347	0.00765
34	0.01791	0.01706	0.02492	0.10623	0.24325	0.09325	0.16440	0.11307	0.06076	0.05269	0.01382	0.01661	0.01064	0.00657	0.00706	0.00202	0.03027	0.00612	0.00402	0.00933

[dist]
# distance from previous block
# <min> <max>
0	1

[block]
# block no. 6 follows, 34 sequences, length 44
# corresponding to MSA columns:
# 285-328
name=unknown_G
#
# <colnr> <probs for GDERKNQSTAVLIFYWHMCP>
#	G	D	E	R	K	N	Q	S	T	A	V	L	I	F	Y	W	H	M	C	P
0	0.01880	0.03564	0.02010	0.03205	0.07385	0.06637	0.11250	0.14297	0.11388	0.12901	0.04107	0.04550	0.04120	0.00816	0.00723	0.00200	0.04026	0.00696	0.00527	0.05717
1	0.01072	0.00879	0.01210	0.08805	0.01521	0.01018	0.00904	0.01362	0.05085	0.01591	0.01827	0.02691	0.04387	0.16411	0.33980	0.00654	0.10105	0.00720	0.00370	0.05407
2	0.00787	0.00562	0.00750	0.00900	0.00937	0.00525	0.00600	0.00900	0.01237	0.01649	0.03561	0.76871	0.04274	0.02024	0.00825	0.00262	0.00375	0.01837	0.00600	0.00525
3	0.05610	0.01542	0.05105	0.02390	0.31413	0.04163	0.01445	0.10649	0.15834	0.02498	0.07109	0.06052	0.01755	0.00803	0.00648	0.00202	0.00662	0.00700	0.00475	0.00945
4	0.01686	0.01740	0.07379	0.12665	0.38562	0.05646	0.05235	0.11989	0.01670	0.02276	0.01229	0.01568	0.00979	0.00643	0.00704	0.00200	0.03949	0.00570	0.00359	0.00953
5	0.01631	0.01656	0.01982	0.26582	0.22016	0.15710	0.01559	0.06161	0.07310	0.01998	0.01629	0.01915	0.05640	0.00721	0.00640	0.00199	0.00823	0.00608	0.00376	0.00843
6	0.11580	0.01435	0.01640	0.10063	0.11368	0.06622	0.01184	0.21142	0.01789	0.04223	0.01459	0.03395	0.01206	0.05469	0.03707	0.00256	0.04472	0.00595	0.07562	0.00834
7	0.02307	0.01699	0.01875	0.01565	0.06155	0.01866	0.01212	0.61550	0.02813	0.03825	0.01575	0.01621	0.01138	0.00762	0.00631	0.00190	0.00682	0.00583	0.06893	0.01056
8	0.01386	0.01278	0.01413	0.03165	0.01556	0.09611	0.04396	0.01851	0.12966	0.04392	0.04349	0.03408	0.16210	0.09204	0.01179	0.00264	0.11619	0.06168	0.00486	0.05099
9	0.00787	0.00562	0.00750	0.00900	0.00937	0.00525	0.00600	0.00900	0.01237	0.01649	0.03561	0.76871	0.04274	0.02024	0.00825	0.00262	0.00375	0.01837	0.00600	0.00525
10	0.01353	0.06087	0.56714	0.01818	0.02656	0.04727	0.08783	0.02001	0.01405	0.01988	0.01477	0.01668	0.05139	0.00668	0.00628	0.00202	0.00929	0.00550	0.00300	0.00908
11	0.00940	0.00626	0.00705	0.00705	0.00705	0.00626	0.00392	0.00940	0.00940	0.01253	0.02036	0.04228	0.02349	0.77292	0.03289	0.00626	0.00626	0.00940	0.00392	0.00392
12	0.01458	0.08883	0.34268	0.02477	0.18622	0.01632	0.19466	0.02028	0.01424	0.02022	0.01187	0.01484	0.00906	0.00583	0.00640	0.00199	0.00924	0.00560	0.00297	0.00938
13	0.02544	0.01204	0.01510	0.01202	0.01666	0.01161	0.00978	0.08790	0.16172	0.51539	0.04475	0.02263	0.01761	0.00828	0.00654	0.00203	0.00548	0.00675	0.00756	0.01070
14	0.01302	0.01292	0.01812	0.60831	0.03857	0.08951	0.01623	0.01675	0.01343	0.01644	0.01366	0.08915	0.01188	0.00781	0.00657	0.00215	0.00846	0.00680	0.00322	0.00702
15	0.00865	0.00595	0.00727	0.00800	0.00819	0.00577	0.00494	0.00920	0.01085	0.01447	0.02783	0.39809	0.03292	0.40426	0.02082	0.00448	0.00503	0.01379	0.00494	0.00457
16	0.01525	0.01743	0.03813	0.02723	0.03377	0.01634	0.70915	0.02070	0.01525	0.02070	0.01307	0.01743	0.00980	0.00545	0.00763	0.00218	0.01089	0.00763	0.00327	0.00871
17	0.01345	0.05179	0.54049	0.05581	0.02868	0.01575	0.12288	0.02000	0.01362	0.01987	0.01156	0.01430	0.00846	0.00632	0.00713	0.00209	0.05059	0.00525	0.00282	0.00914
18	0.00941	0.00713	0.01051	0.01041	0.01145	0.00837	0.00803	0.01155	0.01031	0.01487	0.01719	0.02601	0.01633	0.09039	0.68002	0.00988	0.04194	0.00703	0.00347	0.00570
19	0.00792	0.00648	0.00699	0.00702	0.00894	0.00555	0.00520	0.00977	0.01517	0.01888	0.18051	0.11486	0.55804	0.01611	0.00768	0.00219	0.00327	0.01366	0.00620	0.00555
20	0.01337	0.06896	0.64453	0.01880	0.02790	0.01564	0.08176	0.02043	0.01375	0.02022	0.01159	0.01380	0.00833	0.00605	0.00617	0.00202	0.00953	0.00495	0.00278	0.00942
21	0.00814	0.00584	0.00787	0.00905	0.00955	0.00565	0.00617	0.00946	0.01234	0.01666	0.06744	0.62356	0.03996	0.04850	0.09344	0.00360	0.00535	0.01643	0.00569	0.00530
22	0.00821	0.00599	0.00772	0.00851	0.00939	0.00551	0.00592	0.00992	0.01426	0.01923	0.23302	0.49714	0.11553	0.01789	0.00801	0.00241	0.00351	0.01603	0.00631	0.00551
23	0.01497	0.01391	0.02304	0.13634	0.53140	0.01436	0.01782	0.04679	0.01486	0.02079	0.01463	0.09426	0.01341	0.00744	0.00660	0.00203	0.00738	0.00707	0.00358	0.00932
24	0.01544	0.01261	0.01671	0.05560	0.07181	0.06816	0.10280	0.07210	0.07341	0.09191	0.15177	0.08779	0.07683	0.00987	0.00688	0.00205	0.00620	0.00878	0.06132	0.00798
25	0.22996	0.10733	0.07996	0.06642	0.01933	0.08635	0.05513	0.10384	0.01505	0.05071	0.01235	0.01626	0.01027	0.08608	0.00876	0.00238	0.03280	0.00517	0.00396	0.00787
26	0.01812	0.41756	0.04540	0.01453	0.04928	0.20900	0.03169	0.02016	0.01425	0.01583	0.01053	0.03755	0.00971	0.00725	0.00659	0.03141	0.04564	0.00459	0.00306	0.00785
27	0.00972	0.00775	0.01102	0.01145	0.04297	0.00881	0.00828	0.01167	0.01102	0.01544	0.02283	0.07006	0.09508	0.10391	0.46643	0.00767	0.07786	0.00834	0.00385	0.00585
28	0.10004	0.01424	0.03765	0.08239	0.19611	0.01443	0.05183	0.11351	0.07354	0.07608	0.01817	0.01977	0.06497	0.00748	0.00687	0.00198	0.03993	0.00623	0.00455	0.07024
29	0.24580	0.10920	0.12332	0.05942	0.10124	0.17508	0.01346	0.04236	0.01460	0.04588	0.01085	0.01275	0.00850	0.00623	0.00530	0.00186	0.00793	0.00438	0.00358	0.00826
30	0.02883	0.01126	0.01516	0.01162	0.01662	0.00988	0.00960	0.05646	0.01893	0.71151	0.02512	0.02175	0.01581	0.00799	0.00650	0.00200	0.00556	0.00647	0.00794	0.01100
31	0.00764	0.00655	0.00655	0.00655	0.00873	0.00545	0.00491	0.00927	0.01473	0.01745	0.06546	0.06218	0.73000	0.01636	0.00764	0.00218	0.00327	0.01364	0.00600	0.00545
32	0.11213	0.07253	0.07373	0.10094	0.07789	0.06147	0.01278	0.04432	0.04332	0.06470	0.05730	0.01960	0.04002	0.02645	0.04168	0.00256	0.13061	0.00600	0.00406	0.00792
33	0.01248	0.00662	0.00701	0.02952	0.00916	0.00678	0.00525	0.04043	0.01397	0.02401	0.02023	0.02340	0.01592	0.00804	0.00539	0.03055	0.00343	0.00599	0.72571	0.00613
34	0.00908	0.00625	0.00768	0.00797	0.00823	0.00637	0.00499	0.00967	0.01012	0.01369	0.02276	0.17765	0.02595	0.51091	0.14544	0.00625	0.00760	0.01070	0.00424	0.00447
35	0.01513	0.01720	0.03740	0.05560	0.03419	0.01626	0.68230	0.02053	0.01516	0.02053	0.01301	0.01742	0.00976	0.00549	0.00758	0.00218	0.01080	0.00755	0.00325	0.00865
36	0.01571	0.03451	0.01770	0.09445	0.14384	0.08257	0.02867	0.05869	0.29568	0.02277	0.02355	0.05421	0.08217	0.00878	0.00659	0.00207	0.00658	0.00747	0.00505	0.00896
37	0.01293	0.01149	0.01505	0.01322	0.01417	0.04041	0.03500	0.04826	0.01161	0.01673	0.01401	0.02278	0.01373	0.16866	0.18007	0.00498	0.31648	0.00671	0.04733	0.00637
38	0.00787	0.00562	0.00750	0.00900	0.00937	0.00525	0.00600	0.00900	0.01237	0.01649	0.03561	0.76871	0.04274	0.02024	0.00825	0.00262	0.00375	0.01837	0.00600	0.00525
39	0.00951	0.00671	0.00805	0.00830	0.00957	0.00623	0.00581	0.03548	0.01430	0.04278	0.14336	0.33927	0.21103	0.11579	0.01110	0.00286	0.00403	0.01418	0.00598	0.00565
40	0.01649	0.01545	0.02212	0.02421	0.28727	0.07334	0.10235	0.02064	0.04955	0.05974	0.01321	0.01576	0.01056	0.00598	0.00657	0.00171	0.03276	0.00544	0.00381	0.23303
41	0.00938	0.00633	0.00739	0.00739	0.00751	0.00645	0.00435	0.00962	0.00950	0.01278	0.02004	0.04053	0.02273	0.69774	0.10703	0.00669	0.00741	0.00914	0.00387	0.00411
42	0.01052	0.00729	0.00886	0.00888	0.01091	0.00667	0.00707	0.02781	0.01593	0.07076	0.18319	0.10269	0.31550	0.01558	0.00789	0.00236	0.00417	0.18136	0.00636	0.00620
43	0.10095	0.10349	0.14731	0.03234	0.08357	0.15286	0.04182	0.11400	0.04006	0.02229	0.01209	0.01439	0.00964	0.00930	0.05310	0.00244	0.04300	0.00501	0.00373	0.00861

[dist]
# distance from previous block
# <min> <max>
0	2

[block]
# block no. 7 follows, 34 sequences, length 15
# corresponding to MSA columns:
# 331-345
name=unknown_H
#
# <colnr> <probs for GDERKNQSTAVLIFYWHMCP>
#	G	D	E	R	K	N	Q	S	T	A	V	L	I	F	Y	W	H	M	C	P
0	0.01839	0.07721	0.01675	0.01286	0.01676	0.07585	0.01032	0.21607	0.28306	0.05010	0.08062	0.04393	0.05181	0.00906	0.00646	0.00201	0.00607	0.00726	0.00602	0.00938
1	0.01998	0.02400	0.01763	0.01591	0.01822	0.48921	0.01229	0.02167	0.01541	0.01565	0.01059	0.01397	0.00936	0.01306	0.10435	0.00304	0.18040	0.00485	0.00323	0.00718
2	0.01220	0.00900	0.01032	0.00893	0.01101	0.00865	0.00621	0.10202	0.01324	0.01848	0.01824	0.06603	0.01916	0.41829	0.06428	0.00456	0.00657	0.00794	0.00430	0.19058
3	0.01696	0.12415	0.10760	0.04453	0.09428	0.16381	0.01303	0.03632	0.05057	0.07772	0.05874	0.10359	0.01801	0.00894	0.00631	0.00195	0.00749	0.03710	0.00440	0.02449
