[name]
unknown

[dist]
# distance from previous block
# <min> <max>
0	37

[block]
# block no. 0 follows, 34 sequences, length 62
# corresponding to MSA columns:
# 39-100
name=unknown_A
#
# <colnr> <probs for GDERKNQSTAVLIFYWHMCP>
#	G	D	E	R	K	N	Q	S	T	A	V	L	I	F	Y	W	H	M	C	P
0	0.01519	0.01268	0.01730	0.07270	0.02021	0.01259	0.09924	0.09669	0.16823	0.04760	0.04354	0.06258	0.01770	0.00839	0.00650	0.00189	0.00619	0.05869	0.00509	0.22699
1	0.01099	0.00759	0.00871	0.00823	0.00890	0.00792	0.00524	0.08410	0.01173	0.01578	0.01952	0.03767	0.02139	0.61555	0.10518	0.00624	0.00751	0.00876	0.00414	0.00486
2	0.00961	0.00696	0.00870	0.00843	0.01004	0.00654	0.00636	0.01197	0.01622	0.04968	0.39844	0.14133	0.22278	0.01475	0.00823	0.00220	0.03311	0.03207	0.00652	0.00605
3	0.01325	0.04659	0.49330	0.01864	0.08076	0.04734	0.04860	0.01918	0.01434	0.02033	0.06843	0.04436	0.04190	0.00751	0.00640	0.00203	0.00855	0.00625	0.00339	0.00887
4	0.15608	0.03524	0.10090	0.05840	0.09196	0.06079	0.13416	0.08265	0.04315	0.04336	0.01591	0.07626	0.03207	0.00787	0.00677	0.00209	0.03308	0.00673	0.00413	0.00840
5	0.00940	0.00626	0.00705	0.00705	0.00705	0.00626	0.00392	0.00940	0.00940	0.01253	0.02036	0.04228	0.02349	0.77292	0.03289	0.00626	0.00626	0.00940	0.00392	0.00392
6	0.00787	0.00562	0.00750	0.00900	0.00937	0.00525	0.00600	0.00900	0.01237	0.01649	0.03561	0.76871	0.04274	0.02024	0.00825	0.00262	0.00375	0.01837	0.00600	0.00525
7	0.09933	0.04703	0.11996	0.14544	0.13278	0.04736	0.12231	0.02149	0.11929	0.02139	0.03140	0.01708	0.01174	0.00673	0.00668	0.00206	0.02962	0.00589	0.00375	0.00866
8	0.10468	0.23780	0.35872	0.04478	0.02389	0.01814	0.06847	0.03951	0.01377	0.02037	0.01079	0.01284	0.00830	0.00596	0.00547	0.00187	0.00829	0.00454	0.00303	0.00880
9	0.00949	0.00638	0.00790	0.00839	0.00974	0.00571	0.00596	0.01107	0.01413	0.07042	0.11904	0.43519	0.23766	0.01748	0.00788	0.00239	0.00367	0.01543	0.00627	0.00582
10	0.17960	0.13611	0.06602	0.04916	0.03738	0.33301	0.04800	0.02196	0.01500	0.01905	0.00997	0.01210	0.00819	0.00639	0.00589	0.00181	0.03503	0.00430	0.00330	0.00774
11	0.01205	0.00632	0.00650	0.00650	0.00801	0.00634	0.00484	0.03330	0.01391	0.02393	0.02209	0.08342	0.01851	0.00855	0.00487	0.00161	0.00318	0.00700	0.72299	0.00609
12	0.08344	0.02360	0.38607	0.04525	0.02422	0.01468	0.06673	0.08426	0.07005	0.05576	0.01497	0.01891	0.01160	0.03155	0.00714	0.00223	0.00819	0.03832	0.00395	0.00908
13	0.06971	0.04064	0.18918	0.04472	0.12516	0.06174	0.30167	0.02104	0.01474	0.05161	0.01253	0.01556	0.00941	0.00590	0.00659	0.00204	0.00940	0.00602	0.00337	0.00896
14	0.00969	0.00760	0.01127	0.01100	0.01205	0.00917	0.00864	0.01191	0.01034	0.01505	0.01648	0.02433	0.01543	0.04498	0.67931	0.00968	0.08697	0.00680	0.00340	0.00589
15	0.00941	0.00660	0.00862	0.03261	0.01104	0.00629	0.00661	0.01177	0.03864	0.04744	0.20152	0.46903	0.09194	0.01698	0.00787	0.00240	0.00382	0.01520	0.00626	0.00592
16	0.13485	0.26108	0.15985	0.01261	0.01839	0.05083	0.01260	0.06911	0.01456	0.05386	0.01111	0.01254	0.00882	0.00611	0.00549	0.00166	0.03092	0.00418	0.00363	0.12780
17	0.01796	0.06267	0.01920	0.13722	0.14028	0.08894	0.04449	0.04577	0.07794	0.15972	0.03350	0.08688	0.04034	0.00851	0.00653	0.00202	0.00707	0.00733	0.00490	0.00875
18	0.00940	0.00626	0.00705	0.00705	0.00705	0.00626	0.00392	0.00940	0.00940	0.01253	0.02036	0.04228	0.02349	0.77292	0.03289	0.00626	0.00626	0.00940	0.00392	0.00392
19	0.01141	0.01377	0.13237	0.04039	0.11371	0.02920	0.05931	0.01544	0.03435	0.02110	0.22357	0.11515	0.14137	0.01128	0.00717	0.00212	0.00585	0.01001	0.00505	0.00739
20	0.01839	0.05374	0.22815	0.02182	0.15178	0.01612	0.13329	0.16412	0.01812	0.11056	0.01431	0.01594	0.01034	0.00648	0.00646	0.00199	0.00834	0.00579	0.00431	0.00995
21	0.01032	0.00632	0.00800	0.00811	0.00910	0.00672	0.00590	0.01214	0.01142	0.01784	0.01999	0.07968	0.01885	0.12711	0.27865	0.06003	0.00885	0.00765	0.29793	0.00538
22	0.13225	0.09741	0.14623	0.09702	0.09538	0.17428	0.05948	0.06495	0.01531	0.02096	0.01091	0.01343	0.00860	0.00639	0.00622	0.00192	0.03270	0.00481	0.00338	0.00839
23	0.00787	0.00595	0.00722	0.00817	0.00912	0.00536	0.00561	0.00917	0.01315	0.01691	0.06155	0.51545	0.25211	0.03962	0.00872	0.00257	0.00366	0.01651	0.00597	0.00530
24	0.01320	0.01068	0.01188	0.01168	0.03959	0.03538	0.00849	0.04363	0.26152	0.04801	0.17762	0.13687	0.11097	0.03286	0.00788	0.00231	0.00473	0.02862	0.00627	0.00781
25	0.01911	0.09122	0.13098	0.01451	0.01982	0.03932	0.01326	0.28407	0.26506	0.02970	0.01786	0.01760	0.01325	0.00761	0.00621	0.00198	0.00691	0.00590	0.00548	0.01015
26	0.01323	0.01961	0.28111	0.03920	0.09744	0.01242	0.08146	0.01797	0.01413	0.04011	0.06377	0.06848	0.04316	0.00782	0.00687	0.00192	0.03141	0.00679	0.00381	0.14929
27	0.04504	0.25359	0.20998	0.07058	0.05879	0.14255	0.01539	0.05118	0.01523	0.06539	0.01153	0.01321	0.00896	0.00623	0.00548	0.00177	0.00842	0.00450	0.00342	0.00875
28	0.01457	0.27391	0.28719	0.08449	0.02536	0.01828	0.11292	0.01985	0.03639	0.01883	0.04254	0.01525	0.01114	0.00626	0.00579	0.00186	0.00835	0.00520	0.00314	0.00867
29	0.00817	0.00624	0.00754	0.00811	0.00941	0.00561	0.00587	0.00996	0.01451	0.01884	0.18196	0.33659	0.29247	0.01735	0.00794	0.00237	0.00356	0.05176	0.00621	0.00553
30	0.01544	0.01327	0.04131	0.10204	0.27943	0.02749	0.08540	0.01897	0.01461	0.10590	0.03520	0.02535	0.03970	0.03598	0.07572	0.00299	0.00842	0.06003	0.00419	0.00856
31	0.01256	0.01020	0.01369	0.01228	0.01352	0.03472	0.03277	0.03951	0.01161	0.04874	0.01574	0.02471	0.01508	0.17037	0.33237	0.00658	0.18857	0.00697	0.00370	0.00631
32	0.00796	0.00582	0.00748	0.00862	0.00932	0.00535	0.00587	0.00931	0.01318	0.01745	0.10078	0.61903	0.12776	0.01915	0.00812	0.00252	0.00363	0.01720	0.00610	0.00535
33	0.01727	0.77681	0.03386	0.01106	0.01658	0.02557	0.01106	0.01935	0.01313	0.01520	0.00898	0.01036	0.00829	0.00553	0.00415	0.00138	0.00691	0.00345	0.00276	0.00829
34	0.01382	0.01326	0.02268	0.31569	0.31043	0.01464	0.06831	0.01774	0.01399	0.01926	0.06504	0.01886	0.01322	0.00693	0.00759	0.00210	0.05835	0.00632	0.00334	0.00841
35	0.01432	0.19822	0.55772	0.01666	0.02516	0.01753	0.02062	0.04401	0.01410	0.01999	0.01115	0.01298	0.00831	0.00606	0.00571	0.00189	0.00888	0.00452	0.00286	0.00932
36	0.00783	0.00653	0.00683	0.00681	0.00886	0.00553	0.00509	0.00963	0.01510	0.01848	0.14683	0.08042	0.62771	0.01608	0.00765	0.00218	0.00326	0.01353	0.00614	0.00553
37	0.00786	0.00566	0.00746	0.00891	0.00935	0.00526	0.00596	0.00901	0.01245	0.01653	0.03666	0.74401	0.06676	0.02011	0.00823	0.00261	0.00373	0.01820	0.00600	0.00526
38	0.01302	0.04152	0.09977	0.01421	0.07204	0.03214	0.05986	0.04246	0.12763	0.04149	0.06491	0.09968	0.22153	0.01112	0.00691	0.00210	0.00578	0.00957	0.02642	0.00784
39	0.01906	0.02335	0.41263	0.01569	0.02312	0.01263	0.04043	0.02442	0.01572	0.29607	0.04171	0.01817	0.01306	0.00707	0.00638	0.00203	0.00781	0.00577	0.00492	0.00996
40	0.00842	0.00629	0.00792	0.00876	0.00992	0.00578	0.00648	0.01026	0.01421	0.01858	0.14457	0.38008	0.20800	0.01789	0.00812	0.00249	0.00389	0.12664	0.00615	0.00554
41	0.78693	0.01261	0.01016	0.00973	0.04088	0.01453	0.00750	0.01903	0.01114	0.02868	0.00912	0.01071	0.00713	0.00599	0.00409	0.00200	0.00510	0.00359	0.00397	0.00713
42	0.00855	0.00658	0.00781	0.00751	0.00929	0.00584	0.00563	0.01105	0.01689	0.02259	0.46831	0.05374	0.32394	0.01445	0.00763	0.00209	0.00314	0.01245	0.00668	0.00584
43	0.01817	0.01766	0.04472	0.04663	0.23406	0.13110	0.01443	0.08785	0.20148	0.05594	0.03597	0.01842	0.01394	0.00747	0.00709	0.00201	0.04279	0.00607	0.00468	0.00952
44	0.01772	0.01746	0.04450	0.03256	0.51893	0.07537	0.01799	0.12055	0.01703	0.02326	0.01228	0.01542	0.01005	0.00638	0.00703	0.00195	0.04230	0.00560	0.00365	0.00996
45	0.00771	0.00625	0.00685	0.00734	0.00894	0.00539	0.00526	0.00918	0.01397	0.01715	0.05583	0.29002	0.50837	0.01761	0.00783	0.00232	0.00343	0.01516	0.00600	0.00539
46	0.78429	0.01274	0.00992	0.00877	0.01282	0.01473	0.00723	0.04886	0.01183	0.02950	0.00928	0.01071	0.00717	0.00607	0.00410	0.00200	0.00509	0.00360	0.00410	0.00717
47	0.01702	0.71540	0.03273	0.01153	0.01661	0.02510	0.01130	0.01904	0.01287	0.01523	0.00894	0.01067	0.00831	0.00599	0.00552	0.00150	0.06764	0.00363	0.00277	0.00819
48	0.01255	0.01184	0.02001	0.69144	0.10773	0.01445	0.01812	0.01681	0.01308	0.01693	0.01155	0.01711	0.00876	0.00640	0.00645	0.00213	0.00853	0.00574	0.00290	0.00746
49	0.00788	0.00623	0.00710	0.00756	0.00905	0.00545	0.00541	0.00949	0.01430	0.01804	0.12674	0.30459	0.42058	0.01736	0.00785	0.00232	0.00341	0.01506	0.00612	0.00545
50	0.01313	0.01245	0.02094	0.56851	0.19842	0.01478	0.01823	0.01722	0.01321	0.01751	0.01152	0.01683	0.00897	0.00648	0.00699	0.00213	0.03612	0.00574	0.00294	0.00786
51	0.00765	0.00651	0.00658	0.00663	0.00875	0.00545	0.00495	0.00926	0.01464	0.01742	0.06437	0.08793	0.70495	0.01651	0.00766	0.00220	0.00329	0.01381	0.00600	0.00545
52	0.00793	0.00567	0.00757	0.00907	0.00947	0.00530	0.00611	0.00911	0.01243	0.01656	0.03558	0.75153	0.04260	0.02018	0.00826	0.00263	0.00380	0.03493	0.00600	0.00527
53	0.01598	0.01703	0.02195	0.25102	0.21654	0.16478	0.07310	0.01973	0.03213	0.01815	0.01360	0.01736	0.03592	0.00704	0.00763	0.00205	0.06862	0.00590	0.00329	0.00818
54	0.05161	0.01521	0.05206	0.16334	0.47620	0.01549	0.03733	0.01892	0.01383	0.02019	0.01161	0.01577	0.00957	0.00632	0.00745	0.00205	0.06504	0.00566	0.00313	0.00923
55	0.02114	0.01239	0.01427	0.01145	0.01555	0.01252	0.00928	0.27339	0.04927	0.25018	0.07820	0.02773	0.12392	0.00953	0.00661	0.00198	0.00540	0.00769	0.06006	0.00946
56	0.01514	0.04465	0.02509	0.22706	0.38197	0.04282	0.08297	0.01894	0.01404	0.01905	0.01162	0.01596	0.00950	0.00630	0.00739	0.00204	0.05772	0.00577	0.00308	0.00889
57	0.01636	0.01478	0.04473	0.07756	0.10360	0.03369	0.10651	0.15733	0.15966	0.04368	0.01985	0.11666	0.01732	0.01014	0.02466	0.00236	0.00734	0.02972	0.00507	0.00897
58	0.00903	0.00635	0.00810	0.00904	0.00966	0.00614	0.00618	0.03700	0.01273	0.01689	0.03246	0.54100	0.05612	0.13070	0.01243	0.03106	0.00445	0.05980	0.00560	0.00524
59	0.04960	0.07394	0.02364	0.26323	0.13697	0.05606	0.13791	0.03506	0.05665	0.01948	0.01328	0.04580	0.01102	0.00703	0.00710	0.00208	0.04319	0.00631	0.00348	0.00820
60	0.09952	0.04495	0.14041	0.19696	0.08199	0.03511	0.07062	0.03758	0.03711	0.11646	0.01373	0.01597	0.01004	0.00638	0.00602	0.00195	0.00768	0.00538	0.00399	0.06815
61	0.08503	0.09155	0.07272	0.03964	0.12283	0.07057	0.08871	0.13554	0.06328	0.04886	0.04270	0.05081	0.01379	0.00736	0.00614	0.00192	0.00737	0.00622	0.00443	0.04050

[dist]
# distance from previous block
# <min> <max>
2	11

[block]
# block no. 1 follows, 34 sequences, length 20
# corresponding to MSA columns:
# 112-131
name=unknown_B
#
# <colnr> <probs for GDERKNQSTAVLIFYWHMCP>
#	G	D	E	R	K	N	Q	S	T	A	V	L	I	F	Y	W	H	M	C	P
0	0.03659	0.08064	0.11775	0.11094	0.09646	0.15887	0.06900	0.13699	0.01717	0.02193	0.01274	0.04770	0.01060	0.00731	0.00699	0.00198	0.04818	0.00579	0.00377	0.00862
1	0.01495	0.03252	0.01666	0.01343	0.01649	0.06196	0.09601	0.15107	0.01692	0.02324	0.06590	0.16178	0.02053	0.01283	0.05757	0.00259	0.06924	0.00856	0.08381	0.07393
2	0.03394	0.05055	0.05379	0.01446	0.07504	0.01222	0.05692	0.07890	0.12475	0.06778	0.13720	0.09599	0.04854	0.00997	0.00670	0.00204	0.00565	0.03852	0.03241	0.05465
3	0.07032	0.14273	0.13660	0.03587	0.10475	0.07935	0.07613	0.06212	0.01565	0.08071	0.03801	0.04440	0.07098	0.00774	0.00610	0.00192	0.00749	0.00640	0.00415	0.00857
4	0.01424	0.02460	0.36147	0.04148	0.07405	0.03990	0.27430	0.02027	0.01449	0.02028	0.01313	0.01785	0.01022	0.00641	0.00682	0.00212	0.00981	0.03645	0.00312	0.00899
5	0.00952	0.00634	0.00828	0.00891	0.00995	0.00594	0.00633	0.01115	0.01368	0.05940	0.14158	0.45082	0.09862	0.05702	0.04782	0.00306	0.00463	0.04518	0.00605	0.00572
6	0.01718	0.12844	0.02283	0.10129	0.14133	0.24331	0.08821	0.02001	0.01539	0.01782	0.05162	0.05048	0.03435	0.00758	0.00671	0.00189	0.03385	0.00623	0.00355	0.00791
7	0.05045	0.12257	0.44450	0.01763	0.04819	0.08907	0.04942	0.02170	0.06126	0.02019	0.01206	0.01384	0.00907	0.00624	0.00587	0.00193	0.00893	0.00482	0.00314	0.00911
8	0.00815	0.00616	0.00753	0.00804	0.00926	0.00554	0.00571	0.00995	0.01468	0.01935	0.23429	0.36460	0.24890	0.01718	0.00790	0.00233	0.00342	0.01515	0.00630	0.00554
9	0.00878	0.00698	0.00801	0.00844	0.01010	0.00651	0.00629	0.01186	0.07255	0.01872	0.09479	0.26416	0.35859	0.01680	0.00785	0.00238	0.00381	0.08138	0.00612	0.00588
10	0.07649	0.04074	0.16716	0.12934	0.08199	0.17267	0.11550	0.06411	0.01594	0.05878	0.01221	0.01472	0.00917	0.00634	0.00619	0.00196	0.00914	0.00530	0.00360	0.00864
11	0.01590	0.01574	0.02594	0.08827	0.57784	0.04321	0.06519	0.01968	0.01454	0.02030	0.01192	0.01593	0.00994	0.00607	0.00712	0.00198	0.04176	0.00582	0.00317	0.00967
12	0.00859	0.00638	0.00703	0.00705	0.00809	0.00587	0.00463	0.00960	0.01255	0.01602	0.10940	0.08784	0.30913	0.35832	0.01908	0.00404	0.00463	0.01177	0.00517	0.00481
13	0.09776	0.02068	0.05649	0.01640	0.02144	0.18500	0.11219	0.30954	0.02198	0.07651	0.01375	0.01477	0.01002	0.00694	0.00624	0.00193	0.00851	0.00547	0.00497	0.00941
14	0.11289	0.01511	0.04462	0.01367	0.01856	0.01512	0.04203	0.27291	0.04489	0.28728	0.01813	0.01753	0.01236	0.00770	0.00701	0.00204	0.04583	0.00589	0.00627	0.01016
15	0.00801	0.00572	0.00765	0.00915	0.00958	0.00536	0.00623	0.00923	0.01250	0.01664	0.03554	0.73222	0.04244	0.02012	0.00828	0.00264	0.00386	0.05354	0.00600	0.00528
16	0.13795	0.01745	0.01695	0.01346	0.01817	0.07801	0.01096	0.47231	0.04827	0.03493	0.01445	0.01493	0.01060	0.00728	0.00591	0.00187	0.00685	0.00530	0.03259	0.05175
17	0.01700	0.01216	0.01334	0.01172	0.01506	0.04429	0.00919	0.10368	0.23831	0.13817	0.11760	0.11018	0.04377	0.01075	0.00690	0.00212	0.00526	0.04517	0.00647	0.04886
18	0.28971	0.01479	0.01483	0.01238	0.01655	0.07489	0.04416	0.13600	0.12898	0.14007	0.01708	0.05529	0.01320	0.00781	0.00576	0.00203	0.00622	0.00599	0.00545	0.00882
19	0.08720	0.04007	0.04310	0.01455	0.01919	0.04572	0.14131	0.08231	0.11695	0.02340	0.01865	0.05981	0.03495	0.00828	0.00635	0.00193	0.00676	0.06792	0.00463	0.17693

[dist]
# distance from previous block
# <min> <max>
0	37

[block]
# block no. 2 follows, 34 sequences, length 48
# corresponding to MSA columns:
# 171-218
name=unknown_C
#
# <colnr> <probs for GDERKNQSTAVLIFYWHMCP>
#	G	D	E	R	K	N	Q	S	T	A	V	L	I	F	Y	W	H	M	C	P
0	0.04770	0.09611	0.01401	0.01126	0.01362	0.11881	0.00880	0.05209	0.03848	0.03797	0.07068	0.28844	0.04295	0.01319	0.00742	0.00220	0.03131	0.07047	0.00516	0.02934
1	0.01637	0.05287	0.05647	0.01198	0.01554	0.03716	0.00992	0.14711	0.16782	0.09311	0.10218	0.15244	0.02456	0.03713	0.02300	0.00239	0.00590	0.00889	0.00590	0.02928
2	0.01424	0.01153	0.05005	0.01195	0.03262	0.01106	0.00967	0.09057	0.12604	0.09441	0.12256	0.08034	0.18181	0.01223	0.00826	0.00225	0.06046	0.06607	0.00600	0.00789
3	0.02068	0.05702	0.01912	0.01539	0.01931	0.31126	0.06289	0.11483	0.16481	0.06368	0.01800	0.01839	0.04896	0.00781	0.00669	0.00191	0.02982	0.00592	0.00477	0.00873
4	0.10326	0.10550	0.40120	0.01496	0.02208	0.01610	0.01710	0.11412	0.04536	0.02365	0.01616	0.01723	0.06227	0.00714	0.00586	0.00197	0.00778	0.00540	0.00378	0.00906
5	0.07367	0.20681	0.40232	0.01489	0.02179	0.05906	0.01713	0.01926	0.01347	0.01917	0.01306	0.08729	0.01155	0.00741	0.00569	0.00192	0.00813	0.00568	0.00319	0.00851
6	0.01064	0.00692	0.00878	0.00930	0.01041	0.00660	0.00657	0.04743	0.01389	0.07110	0.05653	0.49914	0.06981	0.09861	0.01065	0.00291	0.00440	0.05441	0.00598	0.00591
7	0.01417	0.00980	0.01057	0.00939	0.01194	0.06216	0.00721	0.04629	0.03596	0.14471	0.35038	0.04166	0.17948	0.03760	0.00807	0.00217	0.00448	0.01020	0.00661	0.00715
8	0.01584	0.01403	0.01414	0.01263	0.01615	0.07463	0.00992	0.07268	0.41398	0.02527	0.06454	0.05231	0.02187	0.00957	0.00665	0.00208	0.00566	0.06861	0.00596	0.09347
9	0.01504	0.34995	0.38408	0.01488	0.02227	0.01960	0.01738	0.02101	0.06569	0.01870	0.01156	0.01301	0.00908	0.00607	0.00532	0.00177	0.00809	0.00440	0.00303	0.00906
10	0.01601	0.01493	0.02461	0.15462	0.56799	0.01554	0.01897	0.07037	0.01558	0.02181	0.01229	0.01616	0.01003	0.00602	0.00641	0.00196	0.00779	0.00576	0.00339	0.00979
11	0.01524	0.01496	0.01971	0.01679	0.01729	0.04264	0.01394	0.06857	0.01171	0.01747	0.00906	0.01416	0.00867	0.01089	0.01960	0.00272	0.68044	0.00562	0.00312	0.00738
12	0.01939	0.01498	0.01764	0.06902	0.01937	0.01762	0.01208	0.39498	0.02180	0.03053	0.01428	0.01649	0.01098	0.00849	0.00977	0.00211	0.18944	0.00580	0.11616	0.00907
13	0.01201	0.00762	0.00983	0.00881	0.01088	0.00712	0.00675	0.04729	0.01888	0.10316	0.61974	0.04389	0.05376	0.01239	0.00745	0.00202	0.00350	0.01085	0.00718	0.00686
14	0.00764	0.00655	0.00655	0.00655	0.00873	0.00545	0.00491	0.00927	0.01473	0.01745	0.06546	0.06218	0.73000	0.01636	0.00764	0.00218	0.00327	0.01364	0.00600	0.00545
15	0.00940	0.00626	0.00705	0.00705	0.00705	0.00626	0.00392	0.00940	0.00940	0.01253	0.02036	0.04228	0.02349	0.77292	0.03289	0.00626	0.00626	0.00940	0.00392	0.00392
16	0.00781	0.00655	0.00679	0.00673	0.00884	0.00553	0.00505	0.00961	0.01514	0.01844	0.14280	0.06056	0.65203	0.01600	0.00763	0.00216	0.00325	0.01341	0.00613	0.00553
17	0.00792	0.00566	0.00754	0.00897	0.00938	0.00528	0.00600	0.00911	0.01257	0.01681	0.05917	0.74424	0.04335	0.02000	0.00823	0.00260	0.00372	0.01814	0.00604	0.00528
18	0.02414	0.03079	0.01831	0.01665	0.01998	0.74698	0.01248	0.02580	0.01831	0.01581	0.00999	0.01165	0.00832	0.00666	0.00583	0.00166	0.01165	0.00416	0.00333	0.00749
19	0.01727	0.77681	0.03386	0.01106	0.01658	0.02557	0.01106	0.01935	0.01313	0.01520	0.00898	0.01036	0.00829	0.00553	0.00415	0.00138	0.00691	0.00345	0.00276	0.00829
20	0.81856	0.01250	0.00950	0.00850	0.01250	0.01449	0.00700	0.01899	0.01100	0.02899	0.00900	0.01050	0.00700	0.00600	0.00400	0.00200	0.00500	0.00350	0.00400	0.00700
21	0.02420	0.01792	0.01919	0.01479	0.01990	0.01987	0.01219	0.68210	0.05994	0.04014	0.01597	0.01588	0.01136	0.00780	0.00647	0.00195	0.00702	0.00588	0.00647	0.01096
22	0.02743	0.01060	0.01444	0.01131	0.01597	0.00918	0.00924	0.02983	0.01804	0.68384	0.02624	0.07717	0.01797	0.00890	0.00663	0.00205	0.00537	0.00737	0.00785	0.01057
23	0.01570	0.01494	0.02541	0.03822	0.69537	0.01494	0.01934	0.01950	0.01472	0.02102	0.01330	0.01894	0.01163	0.00638	0.00653	0.00197	0.00759	0.04115	0.00334	0.01001
24	0.01558	0.01485	0.02545	0.03733	0.66143	0.01482	0.03918	0.01940	0.01474	0.02097	0.01374	0.02006	0.01213	0.00660	0.00661	0.00200	0.00765	0.05417	0.00340	0.00989
25	0.00903	0.00660	0.00848	0.00801	0.00958	0.00605	0.00601	0.01198	0.01803	0.02529	0.68016	0.04929	0.11041	0.01344	0.00762	0.00204	0.00306	0.01183	0.00703	0.00605
26	0.02414	0.03079	0.01831	0.01665	0.01998	0.74698	0.01248	0.02580	0.01831	0.01581	0.00999	0.01165	0.00832	0.00666	0.00583	0.00166	0.01165	0.00416	0.00333	0.00749
27	0.00898	0.00660	0.00841	0.00796	0.00955	0.00603	0.00597	0.01188	0.01790	0.02499	0.65690	0.04978	0.13385	0.01355	0.00762	0.00205	0.00307	0.01190	0.00699	0.00603
28	0.02390	0.06064	0.01909	0.01620	0.01984	0.63141	0.01240	0.10592	0.01951	0.01871	0.01059	0.01205	0.00863	0.00674	0.00583	0.00168	0.01092	0.00433	0.00367	0.00793
29	0.81856	0.01250	0.00950	0.00850	0.01250	0.01449	0.00700	0.01899	0.01100	0.02899	0.00900	0.01050	0.00700	0.00600	0.00400	0.00200	0.00500	0.00350	0.00400	0.00700
30	0.01204	0.00602	0.00602	0.00602	0.00753	0.00602	0.00452	0.01506	0.01355	0.02409	0.02108	0.02409	0.01656	0.00753	0.00452	0.00151	0.00301	0.00602	0.80879	0.00602
31	0.00940	0.00626	0.00705	0.00705	0.00705	0.00626	0.00392	0.00940	0.00940	0.01253	0.02036	0.04228	0.02349	0.77292	0.03289	0.00626	0.00626	0.00940	0.00392	0.00392
32	0.02414	0.03079	0.01831	0.01665	0.01998	0.74698	0.01248	0.02580	0.01831	0.01581	0.00999	0.01165	0.00832	0.00666	0.00583	0.00166	0.01165	0.00416	0.00333	0.00749
33	0.02899	0.01100	0.01499	0.01150	0.01649	0.00950	0.00950	0.03149	0.01849	0.73709	0.02549	0.02199	0.01599	0.00800	0.00650	0.00200	0.00550	0.00650	0.00800	0.01100
34	0.01817	0.57386	0.08233	0.01227	0.01763	0.06497	0.01211	0.02062	0.01374	0.07607	0.01059	0.01186	0.00894	0.00616	0.00551	0.00158	0.04790	0.00397	0.00324	0.00850
35	0.02377	0.01751	0.01883	0.01459	0.01953	0.01934	0.01198	0.67790	0.02953	0.03958	0.01646	0.05110	0.01249	0.00835	0.00655	0.00197	0.00695	0.00641	0.00644	0.01072
36	0.00764	0.00655	0.00655	0.00655	0.00873	0.00545	0.00491	0.00927	0.01473	0.01745	0.06546	0.06218	0.73000	0.01636	0.00764	0.00218	0.00327	0.01364	0.00600	0.00545
37	0.01599	0.01535	0.02623	0.03966	0.73262	0.01535	0.01983	0.01983	0.01471	0.02111	0.01215	0.01599	0.01023	0.00576	0.00640	0.00192	0.00768	0.00576	0.00320	0.01023
38	0.01577	0.01513	0.02583	0.08136	0.69264	0.01529	0.01972	0.01964	0.01461	0.02084	0.01211	0.01606	0.01014	0.00580	0.00640	0.00193	0.00773	0.00576	0.00318	0.01006
39	0.01324	0.01254	0.02126	0.56061	0.23316	0.01463	0.01846	0.01742	0.01341	0.01777	0.01167	0.01689	0.00906	0.00627	0.00644	0.00209	0.00836	0.00575	0.00296	0.00802
40	0.00787	0.00562	0.00750	0.00900	0.00937	0.00525	0.00600	0.00900	0.01237	0.01649	0.03561	0.76871	0.04274	0.02024	0.00825	0.00262	0.00375	0.01837	0.00600	0.00525
41	0.00772	0.00642	0.00675	0.00694	0.00885	0.00545	0.00510	0.00933	0.01452	0.01760	0.08351	0.16107	0.61092	0.01680	0.00772	0.00224	0.00333	0.01424	0.00604	0.00545
42	0.01534	0.01469	0.02505	0.16260	0.61475	0.01518	0.01951	0.01926	0.01441	0.02032	0.01204	0.01620	0.00996	0.00588	0.00641	0.00196	0.00784	0.00575	0.00314	0.00971
43	0.01335	0.01266	0.02146	0.53915	0.25374	0.01466	0.01852	0.01752	0.01346	0.01791	0.01169	0.01685	0.00911	0.00625	0.00644	0.00208	0.00833	0.00575	0.00297	0.00811
44	0.00787	0.00562	0.00750	0.00900	0.00937	0.00525	0.00600	0.00900	0.01237	0.01649	0.03561	0.76871	0.04274	0.02024	0.00825	0.00262	0.00375	0.01837	0.00600	0.00525
45	0.01417	0.01147	0.01332	0.00975	0.01520	0.00903	0.00780	0.03724	0.03418	0.05226	0.01541	0.01666	0.04748	0.00572	0.00511	0.00113	0.00481	0.00461	0.00427	0.69038
46	0.03940	0.01576	0.01889	0.13635	0.04701	0.07659	0.04862	0.21684	0.03833	0.06326	0.01339	0.01553	0.01019	0.00713	0.00767	0.00190	0.08651	0.00542	0.00453	0.14669
47	0.06633	0.05287	0.48979	0.05751	0.04543	0.03991	0.01994	0.05987	0.01426	0.02120	0.01135	0.01379	0.00844	0.00687	0.00718	0.02057	0.04782	0.00483	0.00308	0.00897

[dist]
# distance from previous block
# <min> <max>
5	25

[block]
# block no. 3 follows, 34 sequences, length 72
# corresponding to MSA columns:
# 244-315
name=unknown_D
#
# <colnr> <probs for GDERKNQSTAVLIFYWHMCP>
#	G	D	E	R	K	N	Q	S	T	A	V	L	I	F	Y	W	H	M	C	P
0	0.01971	0.05133	0.11662	0.01460	0.01928	0.17816	0.03843	0.17329	0.05629	0.10842	0.01929	0.05291	0.04168	0.00873	0.00648	0.00200	0.00784	0.05329	0.02280	0.00887
1	0.01890	0.05075	0.01529	0.01155	0.01536	0.01347	0.00941	0.31327	0.02302	0.13366	0.24992	0.02939	0.06822	0.00993	0.00679	0.00196	0.00534	0.00813	0.00668	0.00896
2	0.04837	0.01944	0.11966	0.02378	0.09301	0.04180	0.38308	0.12325	0.01713	0.02385	0.01285	0.01594	0.00965	0.00595	0.00686	0.00204	0.00948	0.00643	0.00372	0.03373
3	0.03898	0.64715	0.03045	0.01124	0.01622	0.02347	0.01081	0.03739	0.01349	0.03373	0.01087	0.04896	0.01025	0.00664	0.00517	0.00155	0.03782	0.00443	0.00319	0.00819
4	0.00923	0.00692	0.01038	0.01038	0.01154	0.00808	0.00808	0.01154	0.01038	0.01500	0.01731	0.02538	0.01615	0.04846	0.74732	0.01038	0.01731	0.00692	0.00346	0.00577
5	0.01727	0.77681	0.03386	0.01106	0.01658	0.02557	0.01106	0.01935	0.01313	0.01520	0.00898	0.01036	0.00829	0.00553	0.00415	0.00138	0.00691	0.00345	0.00276	0.00829
6	0.00908	0.00660	0.00854	0.00806	0.00961	0.00607	0.00604	0.01206	0.01813	0.02554	0.69975	0.04888	0.09066	0.01335	0.00762	0.00204	0.00306	0.01177	0.00706	0.00607
7	0.00940	0.00626	0.00705	0.00705	0.00705	0.00626	0.00392	0.00940	0.00940	0.01253	0.02036	0.04228	0.02349	0.77292	0.03289	0.00626	0.00626	0.00940	0.00392	0.00392
8	0.00892	0.00660	0.00832	0.00789	0.00951	0.00600	0.00592	0.01176	0.01776	0.02465	0.63009	0.05034	0.16087	0.01368	0.00762	0.00205	0.00308	0.01198	0.00695	0.00600
9	0.00970	0.00665	0.00873	0.00834	0.00986	0.00612	0.00620	0.01251	0.01764	0.04967	0.62791	0.12708	0.05738	0.01381	0.00765	0.00210	0.00321	0.01224	0.00702	0.00617
10	0.01758	0.74334	0.03316	0.01131	0.01674	0.05793	0.01112	0.01964	0.01336	0.01523	0.00903	0.01042	0.00829	0.00558	0.00422	0.00139	0.00712	0.00349	0.00279	0.00826
11	0.00923	0.00692	0.01038	0.01038	0.01154	0.00808	0.00808	0.01154	0.01038	0.01500	0.01731	0.02538	0.01615	0.04846	0.74732	0.01038	0.01731	0.00692	0.00346	0.00577
12	0.03520	0.01355	0.04595	0.01196	0.01557	0.06339	0.00984	0.09924	0.19991	0.15239	0.18164	0.05213	0.04535	0.01008	0.00682	0.00209	0.00554	0.03416	0.00642	0.00879
13	0.01599	0.01535	0.02623	0.03966	0.73262	0.01535	0.01983	0.01983	0.01471	0.02111	0.01215	0.01599	0.01023	0.00576	0.00640	0.00192	0.00768	0.00576	0.00320	0.01023
14	0.02415	0.03027	0.01836	0.01657	0.01998	0.71696	0.01248	0.05410	0.01881	0.01684	0.01022	0.01181	0.00843	0.00670	0.00585	0.00168	0.01146	0.00423	0.00346	0.00764
15	0.00902	0.00660	0.00846	0.00800	0.00957	0.00604	0.00600	0.01195	0.01799	0.02520	0.67324	0.04944	0.11738	0.01348	0.00762	0.00204	0.00307	0.01185	0.00702	0.00604
16	0.00787	0.00562	0.00750	0.00900	0.00937	0.00525	0.00600	0.00900	0.01237	0.01649	0.03561	0.76871	0.04274	0.02024	0.00825	0.00262	0.00375	0.01837	0.00600	0.00525
17	0.01404	0.01401	0.01977	0.05228	0.01828	0.01953	0.01432	0.01560	0.01004	0.01560	0.00862	0.01428	0.00849	0.01108	0.02050	0.00280	0.72521	0.00566	0.00283	0.00707
18	0.00787	0.00562	0.00750	0.00900	0.00937	0.00525	0.00600	0.00900	0.01237	0.01649	0.03561	0.76871	0.04274	0.02024	0.00825	0.00262	0.00375	0.01837	0.00600	0.00525
19	0.00787	0.00562	0.00750	0.00900	0.00937	0.00525	0.00600	0.00900	0.01237	0.01649	0.03561	0.76871	0.04274	0.02024	0.00825	0.00262	0.00375	0.01837	0.00600	0.00525
20	0.00923	0.00691	0.01029	0.01029	0.01142	0.00803	0.00796	0.01148	0.01036	0.01493	0.01739	0.02584	0.01635	0.06801	0.72804	0.01027	0.01701	0.00699	0.00347	0.00572
21	0.01727	0.77681	0.03386	0.01106	0.01658	0.02557	0.01106	0.01935	0.01313	0.01520	0.00898	0.01036	0.00829	0.00553	0.00415	0.00138	0.00691	0.00345	0.00276	0.00829
22	0.00907	0.00660	0.00854	0.00805	0.00961	0.00607	0.00604	0.01205	0.01812	0.02551	0.69755	0.04893	0.09287	0.01336	0.00762	0.00204	0.00306	0.01178	0.00706	0.00607
23	0.01296	0.03342	0.73944	0.01842	0.02797	0.01501	0.02387	0.02046	0.01364	0.02046	0.01160	0.01364	0.00818	0.00614	0.00614	0.00205	0.00955	0.00477	0.00273	0.00955
24	0.00787	0.00562	0.00750	0.00900	0.00937	0.00525	0.00600	0.00900	0.01237	0.01649	0.03561	0.76871	0.04274	0.02024	0.00825	0.00262	0.00375	0.01837	0.00600	0.00525
25	0.00914	0.00660	0.00864	0.00813	0.00965	0.00610	0.00610	0.01219	0.01829	0.02591	0.72921	0.04827	0.06097	0.01321	0.00762	0.00203	0.00305	0.01169	0.00711	0.00610
26	0.01607	0.01388	0.01461	0.01315	0.01680	0.01607	0.01023	0.03433	0.72094	0.02703	0.02630	0.02411	0.01972	0.00877	0.00657	0.00219	0.00511	0.00731	0.00657	0.01023
27	0.00764	0.00655	0.00655	0.00655	0.00873	0.00545	0.00491	0.00927	0.01473	0.01745	0.06546	0.06218	0.73000	0.01636	0.00764	0.00218	0.00327	0.01364	0.00600	0.00545
28	0.01204	0.00602	0.00602	0.00602	0.00753	0.00602	0.00452	0.01506	0.01355	0.02409	0.02108	0.02409	0.01656	0.00753	0.00452	0.00151	0.00301	0.00602	0.80879	0.00602
29	0.01414	0.01414	0.01979	0.01696	0.01696	0.01979	0.01414	0.01555	0.00990	0.01555	0.00848	0.01414	0.00848	0.01131	0.02120	0.00283	0.76110	0.00565	0.00283	0.00707
30	0.02505	0.01731	0.01890	0.01449	0.01965	0.01887	0.01197	0.63586	0.02906	0.11779	0.01662	0.01623	0.01154	0.00778	0.00647	0.00195	0.00693	0.00589	0.00663	0.01099
31	0.02195	0.02012	0.05306	0.01426	0.01867	0.22743	0.01170	0.26010	0.07105	0.11334	0.01789	0.05807	0.03144	0.00823	0.00633	0.00189	0.00783	0.00627	0.00541	0.04497
32	0.01727	0.77681	0.03386	0.01106	0.01658	0.02557	0.01106	0.01935	0.01313	0.01520	0.00898	0.01036	0.00829	0.00553	0.00415	0.00138	0.00691	0.00345	0.00276	0.00829
33	0.01220	0.01148	0.01938	0.75739	0.04450	0.01436	0.01794	0.01651	0.01292	0.01651	0.01148	0.01723	0.00861	0.00646	0.00646	0.00215	0.00861	0.00574	0.00287	0.00718
34	0.00987	0.00748	0.01033	0.01002	0.01163	0.00716	0.04203	0.03343	0.03488	0.02142	0.28974	0.25234	0.09910	0.01570	0.00857	0.03334	0.00429	0.09644	0.00617	0.00605
35	0.01315	0.06642	0.70813	0.01809	0.02746	0.01547	0.02330	0.02041	0.01362	0.02023	0.01148	0.01350	0.00819	0.00611	0.00605	0.00202	0.00943	0.00472	0.00273	0.00949
36	0.01545	0.01480	0.02525	0.14244	0.63408	0.01521	0.01956	0.01935	0.01446	0.02045	0.01206	0.01617	0.01000	0.00586	0.00641	0.00195	0.00781	0.00575	0.00315	0.00980
37	0.02414	0.03079	0.01831	0.01665	0.01998	0.74698	0.01248	0.02580	0.01831	0.01581	0.00999	0.01165	0.00832	0.00666	0.00583	0.00166	0.01165	0.00416	0.00333	0.00749
38	0.01220	0.01148	0.01938	0.75739	0.04450	0.01436	0.01794	0.01651	0.01292	0.01651	0.01148	0.01723	0.00861	0.00646	0.00646	0.00215	0.00861	0.00574	0.00287	0.00718
39	0.00787	0.00565	0.00747	0.00893	0.00935	0.00525	0.00597	0.00900	0.01244	0.01652	0.03643	0.74934	0.06157	0.02014	0.00823	0.00261	0.00374	0.01824	0.00600	0.00525
40	0.00773	0.00658	0.00668	0.00673	0.00889	0.00552	0.00510	0.00942	0.01473	0.01752	0.06436	0.06256	0.70560	0.01642	0.00768	0.00221	0.00337	0.03742	0.00600	0.00547
41	0.00935	0.00627	0.00714	0.00715	0.00724	0.00623	0.00408	0.00954	0.00995	0.01335	0.05956	0.05970	0.02600	0.71359	0.03092	0.00595	0.00603	0.00973	0.00414	0.00407
42	0.00904	0.00660	0.00849	0.00802	0.00959	0.00605	0.00601	0.01199	0.01804	0.02531	0.68231	0.04925	0.10824	0.01343	0.00762	0.00204	0.00306	0.01182	0.00703	0.00605
43	0.02462	0.01715	0.01873	0.01434	0.01951	0.01857	0.01184	0.61771	0.02858	0.11063	0.01638	0.01610	0.01145	0.00768	0.00641	0.00191	0.00686	0.00582	0.00653	0.03921
44	0.01552	0.01488	0.02538	0.12814	0.64779	0.01523	0.01960	0.01942	0.01449	0.02054	0.01207	0.01614	0.01003	0.00584	0.00640	0.00195	0.00779	0.00576	0.00316	0.00986
45	0.01698	0.68309	0.03134	0.01127	0.01636	0.05787	0.01089	0.01905	0.01316	0.01521	0.00967	0.01157	0.00890	0.00887	0.06111	0.00208	0.00793	0.00375	0.00284	0.00806
46	0.01525	0.01743	0.03813	0.02723	0.03377	0.01634	0.70915	0.02070	0.01525	0.02070	0.01307	0.01743	0.00980	0.00545	0.00763	0.00218	0.01089	0.00763	0.00327	0.00871
47	0.01707	0.01413	0.01499	0.01324	0.01704	0.01620	0.01036	0.08606	0.64936	0.04700	0.02545	0.02339	0.01896	0.00867	0.00656	0.00217	0.00528	0.00717	0.00660	0.01031
48	0.01340	0.01148	0.01340	0.00957	0.01531	0.00861	0.00766	0.01627	0.01340	0.02105	0.01148	0.01340	0.00957	0.00479	0.00479	0.00096	0.00479	0.00383	0.00383	0.81242
49	0.02414	0.01849	0.01911	0.01487	0.01988	0.05390	0.01219	0.64670	0.06275	0.03890	0.01577	0.01574	0.01128	0.00775	0.00644	0.00194	0.00723	0.00581	0.00632	0.01079
50	0.01584	0.52913	0.26894	0.01351	0.02038	0.02205	0.01533	0.01972	0.01330	0.01695	0.00985	0.01146	0.00826	0.00573	0.00481	0.00160	0.00779	0.00389	0.00275	0.00871
51	0.01571	0.01561	0.02611	0.13650	0.54448	0.04331	0.08444	0.01968	0.01465	0.02023	0.01207	0.01613	0.00990	0.00586	0.00650	0.00197	0.00826	0.00587	0.00316	0.00956
52	0.02828	0.01115	0.01497	0.01159	0.01651	0.00986	0.00954	0.03164	0.05698	0.69819	0.02554	0.02211	0.01620	0.00804	0.00650	0.00201	0.00548	0.00654	0.00792	0.01095
53	0.00847	0.00716	0.00741	0.00732	0.00952	0.00643	0.00549	0.01164	0.07802	0.01868	0.09262	0.08980	0.60332	0.01571	0.00757	0.00220	0.00345	0.01319	0.00611	0.00590
54	0.01531	0.01108	0.01305	0.01174	0.01416	0.04538	0.03927	0.17391	0.04196	0.09402	0.02613	0.36308	0.02722	0.08044	0.00962	0.00264	0.00565	0.01199	0.00589	0.00745
55	0.01531	0.01241	0.01340	0.01218	0.01548	0.01394	0.00941	0.02997	0.56549	0.05952	0.05815	0.08409	0.06193	0.01021	0.00680	0.00221	0.00484	0.00864	0.00659	0.00945
56	0.02456	0.01810	0.01939	0.01487	0.02004	0.02004	0.01228	0.71107	0.03038	0.04072	0.01551	0.01551	0.01099	0.00776	0.00646	0.00194	0.00711	0.00582	0.00646	0.01099
57	0.01599	0.01535	0.02623	0.03966	0.73262	0.01535	0.01983	0.01983	0.01471	0.02111	0.01215	0.01599	0.01023	0.00576	0.00640	0.00192	0.00768	0.00576	0.00320	0.01023
58	0.01583	0.01634	0.06531	0.03850	0.69401	0.01533	0.02005	0.01986	0.01465	0.02107	0.01212	0.01586	0.01012	0.00578	0.00638	0.00193	0.00778	0.00570	0.00317	0.01020
59	0.00792	0.00580	0.00745	0.00864	0.00931	0.00533	0.00587	0.00923	0.01304	0.01721	0.08337	0.63582	0.12862	0.01932	0.00813	0.00253	0.00365	0.01736	0.00607	0.00533
60	0.00961	0.00736	0.01064	0.01043	0.01135	0.00869	0.00798	0.01155	0.01022	0.01472	0.01706	0.02674	0.01654	0.13888	0.60283	0.00931	0.06984	0.00715	0.00347	0.00562
61	0.00810	0.00594	0.00755	0.00868	0.00944	0.00549	0.00602	0.00944	0.01297	0.01695	0.06089	0.55806	0.15317	0.05034	0.00919	0.00271	0.00390	0.05993	0.00594	0.00530
62	0.01553	0.01455	0.02416	0.21556	0.52363	0.01536	0.01895	0.05689	0.01513	0.02105	0.01217	0.01627	0.00988	0.00604	0.00642	0.00198	0.00788	0.00576	0.00330	0.00952
63	0.01606	0.01360	0.01453	0.01314	0.01670	0.01561	0.01034	0.06666	0.63228	0.02713	0.02636	0.02741	0.02062	0.00941	0.00675	0.00224	0.00528	0.05942	0.00652	0.00994
64	0.00951	0.00699	0.00871	0.00944	0.01064	0.00674	0.00691	0.06351	0.01470	0.01932	0.07277	0.48717	0.13513	0.01809	0.00808	0.00253	0.00419	0.10364	0.00608	0.00585
65	0.05431	0.01740	0.01801	0.05584	0.04512	0.08313	0.01211	0.42023	0.12043	0.03235	0.01589	0.01724	0.01204	0.03696	0.00773	0.00215	0.02776	0.00590	0.00559	0.00979
66	0.05737	0.00966	0.01192	0.00998	0.01320	0.00913	0.00784	0.08755	0.01791	0.23451	0.27771	0.05925	0.03223	0.04571	0.03373	0.00243	0.00507	0.00856	0.00659	0.06964
67	0.11265	0.00829	0.00965	0.00939	0.01155	0.00821	0.02815	0.03229	0.04559	0.04509	0.03837	0.22267	0.24980	0.04940	0.02842	0.00274	0.00489	0.08100	0.00561	0.00625
68	0.02097	0.04940	0.02012	0.01612	0.01959	0.28343	0.05652	0.23633	0.01976	0.02363	0.01187	0.01424	0.00959	0.00932	0.02841	0.03416	0.12872	0.00524	0.00419	0.00839
69	0.05154	0.04414	0.05593	0.09930	0.05975	0.01604	0.33127	0.05524	0.05372	0.05983	0.01430	0.03981	0.01129	0.00700	0.00807	0.00217	0.07122	0.00689	0.00386	0.00864
70	0.01326	0.03890	0.01392	0.01381	0.07771	0.05020	0.03397	0.06177	0.05675	0.05705	0.12383	0.24227	0.06520	0.01354	0.00746	0.00229	0.00549	0.10963	0.00570	0.00723
71	0.38174	0.01505	0.04873	0.01227	0.01613	0.06881	0.05758	0.09291	0.01425	0.02527	0.01452	0.05316	0.04385	0.00955	0.03724	0.00241	0.06725	0.00568	0.00418	0.02944

[dist]
# distance from previous block
# <min> <max>
1	48

[block]
# block no. 4 follows, 34 sequences, length 10
# corresponding to MSA columns:
# 364-373
name=unknown_E
#
# <colnr> <probs for GDERKNQSTAVLIFYWHMCP>
#	G	D	E	R	K	N	Q	S	T	A	V	L	I	F	Y	W	H	M	C	P
0	0.12869	0.04666	0.03965	0.01316	0.03634	0.08797	0.03379	0.14399	0.07019	0.10670	0.05836	0.08397	0.01696	0.02548	0.00667	0.00201	0.00640	0.00679	0.00522	0.08100
1	0.11463	0.03142	0.04714	0.03782	0.01986	0.01540	0.08236	0.26169	0.07726	0.10051	0.05264	0.01979	0.01469	0.00767	0.00626	0.00197	0.00665	0.02918	0.00549	0.06759
2	0.08871	0.09212	0.11590	0.17969	0.02514	0.03237	0.06067	0.05821	0.10264	0.07230	0.01434	0.01640	0.01081	0.00793	0.03024	0.00220	0.00771	0.00541	0.00409	0.07313
3	0.18237	0.11825	0.05045	0.01337	0.01767	0.14752	0.04649	0.09932	0.03293	0.04139	0.01437	0.02045	0.01257	0.00791	0.00622	0.00194	0.03014	0.08976	0.00426	0.06262
4	0.01879	0.01669	0.02068	0.08118	0.13728	0.10201	0.07113	0.15678	0.10223	0.07364	0.01477	0.01663	0.01129	0.00730	0.00789	0.00200	0.08503	0.00583	0.00457	0.06430
5	0.00803	0.00575	0.00764	0.00889	0.00941	0.00535	0.00601	0.00939	0.01311	0.01767	0.12196	0.67902	0.04500	0.01937	0.00817	0.00255	0.00366	0.01754	0.00614	0.00535
6	0.01357	0.10730	0.02140	0.41345	0.17313	0.01520	0.01596	0.01777	0.03747	0.01814	0.03385	0.03863	0.01186	0.00679	0.00616	0.00196	0.00759	0.00595	0.00331	0.05052
7	0.01021	0.00973	0.00873	0.00849	0.01072	0.09804	0.00642	0.01210	0.01545	0.01843	0.13297	0.08838	0.46734	0.01467	0.00741	0.00212	0.00450	0.04656	0.00573	0.03201
8	0.01547	0.42177	0.27894	0.01418	0.02061	0.02097	0.01573	0.02020	0.04813	0.01766	0.01072	0.01247	0.00883	0.00633	0.00624	0.00176	0.06404	0.00427	0.00294	0.00874
9	0.02272	0.12118	0.02095	0.01748	0.07276	0.52641	0.01283	0.09633	0.01866	0.01874	0.01060	0.01222	0.00874	0.00657	0.00573	0.00168	0.01029	0.00437	0.00358	0.00816

[dist]
# distance from previous block
# <min> <max>
0	1

[block]
# block no. 5 follows, 34 sequences, length 52
# corresponding to MSA columns:
# 375-426
name=unknown_F
#
# <colnr> <probs for GDERKNQSTAVLIFYWHMCP>
#	G	D	E	R	K	N	Q	S	T	A	V	L	I	F	Y	W	H	M	C	P
0	0.18931	0.04699	0.11731	0.08235	0.02175	0.06413	0.03613	0.24105	0.07470	0.02828	0.01322	0.01461	0.00985	0.00698	0.00619	0.00200	0.02639	0.00515	0.00457	0.00903
1	0.01662	0.01678	0.05025	0.05114	0.56062	0.05294	0.01869	0.06327	0.01546	0.02156	0.01196	0.01556	0.00995	0.00635	0.00740	0.00198	0.06064	0.00564	0.00336	0.00983
2	0.19710	0.41102	0.15209	0.01225	0.01797	0.08153	0.01253	0.02001	0.01317	0.01928	0.00953	0.01108	0.00798	0.00584	0.00461	0.00166	0.00734	0.00376	0.00308	0.00816
3	0.14607	0.04151	0.02152	0.12754	0.32067	0.11440	0.04055	0.05315	0.03707	0.02193	0.01179	0.01479	0.00948	0.00618	0.00592	0.00193	0.00790	0.00522	0.00355	0.00884
4	0.00787	0.00646	0.00697	0.00731	0.00915	0.00556	0.00546	0.00951	0.01435	0.01743	0.05844	0.17836	0.57024	0.01710	0.00782	0.00231	0.00353	0.06068	0.00600	0.00545
5	0.01220	0.01148	0.01938	0.75739	0.04450	0.01436	0.01794	0.01651	0.01292	0.01651	0.01148	0.01723	0.00861	0.00646	0.00646	0.00215	0.00861	0.00574	0.00287	0.00718
6	0.01552	0.01732	0.09342	0.07505	0.36115	0.01582	0.20493	0.04261	0.05077	0.02145	0.01304	0.01659	0.01029	0.00611	0.00709	0.00205	0.02762	0.00625	0.00342	0.00952
7	0.00775	0.00655	0.00670	0.00666	0.00880	0.00550	0.00500	0.00949	0.01499	0.01808	0.11477	0.06115	0.68029	0.01613	0.00764	0.00217	0.00326	0.01349	0.00608	0.00550
8	0.00940	0.00626	0.00705	0.00705	0.00705	0.00626	0.00392	0.00940	0.00940	0.01253	0.02036	0.04228	0.02349	0.77292	0.03289	0.00626	0.00626	0.00940	0.00392	0.00392
9	0.02284	0.09137	0.01931	0.01580	0.01940	0.59639	0.01215	0.04785	0.08266	0.01758	0.01157	0.01281	0.00945	0.00679	0.00577	0.00170	0.01051	0.00444	0.00368	0.00792
10	0.01525	0.01743	0.03813	0.02723	0.03377	0.01634	0.70915	0.02070	0.01525	0.02070	0.01307	0.01743	0.00980	0.00545	0.00763	0.00218	0.01089	0.00763	0.00327	0.00871
11	0.01220	0.01148	0.01938	0.75739	0.04450	0.01436	0.01794	0.01651	0.01292	0.01651	0.01148	0.01723	0.00861	0.00646	0.00646	0.00215	0.00861	0.00574	0.00287	0.00718
12	0.01340	0.01148	0.01340	0.00957	0.01531	0.00861	0.00766	0.01627	0.01340	0.02105	0.01148	0.01340	0.00957	0.00479	0.00479	0.00096	0.00479	0.00383	0.00383	0.81242
13	0.01388	0.01181	0.01365	0.00992	0.01554	0.00935	0.00793	0.03884	0.04973	0.02197	0.01236	0.01401	0.01013	0.00508	0.00493	0.00105	0.00487	0.00407	0.00405	0.74685
14	0.02378	0.01771	0.01895	0.01471	0.01974	0.01967	0.01209	0.64905	0.09367	0.03947	0.01650	0.01630	0.01179	0.00785	0.00647	0.00196	0.00693	0.00595	0.00647	0.01092
15	0.01296	0.03342	0.73944	0.01842	0.02797	0.01501	0.02387	0.02046	0.01364	0.02046	0.01160	0.01364	0.00818	0.00614	0.00614	0.00205	0.00955	0.00477	0.00273	0.00955
16	0.00834	0.00588	0.00763	0.00866	0.00901	0.00572	0.00568	0.00930	0.01151	0.01544	0.03051	0.53643	0.03601	0.19887	0.07582	0.00413	0.00547	0.01531	0.00530	0.00498
17	0.00764	0.00655	0.00655	0.00655	0.00873	0.00545	0.00491	0.00927	0.01473	0.01745	0.06546	0.06218	0.73000	0.01636	0.00764	0.00218	0.00327	0.01364	0.00600	0.00545
18	0.02420	0.01792	0.01919	0.01479	0.01990	0.01987	0.01219	0.68191	0.06014	0.04013	0.01598	0.01588	0.01136	0.00780	0.00647	0.00195	0.00702	0.00588	0.00647	0.01096
19	0.01607	0.01388	0.01461	0.01315	0.01680	0.01607	0.01023	0.03433	0.72094	0.02703	0.02630	0.02411	0.01972	0.00877	0.00657	0.00219	0.00511	0.00731	0.00657	0.01023
20	0.02414	0.03079	0.01831	0.01665	0.01998	0.74698	0.01248	0.02580	0.01831	0.01581	0.00999	0.01165	0.00832	0.00666	0.00583	0.00166	0.01165	0.00416	0.00333	0.00749
21	0.00786	0.00567	0.00745	0.00888	0.00934	0.00526	0.00595	0.00901	0.01248	0.01654	0.03705	0.73471	0.07581	0.02006	0.00822	0.00260	0.00373	0.01814	0.00600	0.00526
22	0.11019	0.01244	0.01507	0.04987	0.04040	0.01201	0.00994	0.12751	0.04350	0.30294	0.04343	0.01864	0.01417	0.00717	0.00592	0.00180	0.00567	0.00569	0.00601	0.16763
23	0.51591	0.02027	0.25729	0.01216	0.01802	0.04191	0.01292	0.01974	0.01217	0.02561	0.00991	0.01161	0.00745	0.00607	0.00479	0.00200	0.00679	0.00396	0.00354	0.00788
