[name]
unknown

[dist]
# distance from previous block
# <min> <max>
0	0

[block]
# block no. 0 follows, 34 sequences, length 20
# corresponding to MSA columns:
# 0-19
name=unknown_A
#
# <colnr> <probs for GDERKNQSTAVLIFYWHMCP>
#	G	D	E	R	K	N	Q	S	T	A	V	L	I	F	Y	W	H	M	C	P
0	0.01041	0.00744	0.01041	0.01190	0.01339	0.00744	0.01041	0.01339	0.01487	0.01934	0.03421	0.07288	0.03719	0.01785	0.00892	0.00297	0.00595	0.68913	0.00595	0.00595
1	0.81856	0.01250	0.00950	0.00850	0.01250	0.01449	0.00700	0.01899	0.01100	0.02899	0.00900	0.01050	0.00700	0.00600	0.00400	0.00200	0.00500	0.00350	0.00400	0.00700
2	0.02414	0.03079	0.01831	0.01665	0.01998	0.74698	0.01248	0.02580	0.01831	0.01581	0.00999	0.01165	0.00832	0.00666	0.00583	0.00166	0.01165	0.00416	0.00333	0.00749
3	0.01361	0.00796	0.01033	0.00907	0.01142	0.00738	0.00702	0.04764	0.01888	0.16137	0.56337	0.04180	0.05017	0.01197	0.00736	0.00202	0.00370	0.01044	0.00725	0.00725
4	0.01313	0.01113	0.01294	0.00961	0.01478	0.00874	0.00755	0.01655	0.04777	0.02079	0.01359	0.04651	0.01204	0.03878	0.00623	0.00132	0.00482	0.00484	0.00406	0.70482
5	0.41355	0.01262	0.01217	0.01053	0.01462	0.01397	0.00849	0.02621	0.23018	0.17095	0.01762	0.01698	0.01271	0.00725	0.00529	0.00206	0.00513	0.00527	0.00559	0.00879
6	0.01599	0.01535	0.02623	0.03966	0.73262	0.01535	0.01983	0.01983	0.01471	0.02111	0.01215	0.01599	0.01023	0.00576	0.00640	0.00192	0.00768	0.00576	0.00320	0.01023
7	0.00951	0.00625	0.00795	0.00877	0.00980	0.00569	0.00611	0.01082	0.01317	0.06929	0.03928	0.54803	0.15578	0.04752	0.00898	0.00265	0.00395	0.03470	0.00606	0.00567
8	0.09499	0.40197	0.31530	0.01376	0.02076	0.02022	0.01581	0.01976	0.01312	0.01869	0.01004	0.01170	0.00812	0.00582	0.00493	0.00171	0.00778	0.00399	0.00287	0.00867
9	0.06586	0.16741	0.15525	0.01871	0.02478	0.05188	0.25692	0.07304	0.01548	0.05575	0.01219	0.01461	0.00931	0.00626	0.00690	0.00197	0.04568	0.00561	0.00357	0.00882
10	0.18058	0.18137	0.22845	0.01393	0.02015	0.07748	0.04061	0.07846	0.01484	0.02249	0.01076	0.01243	0.00840	0.00601	0.00522	0.00176	0.00765	0.00430	0.00348	0.08163
11	0.05942	0.15638	0.17503	0.01627	0.02217	0.13860	0.09980	0.16506	0.04482	0.04494	0.01270	0.01408	0.00962	0.00651	0.00591	0.00186	0.00857	0.00509	0.00404	0.00912
12	0.06949	0.03993	0.08017	0.03194	0.01767	0.13570	0.01131	0.16525	0.03319	0.07222	0.01761	0.05709	0.03223	0.03463	0.10862	0.00322	0.00880	0.03250	0.00470	0.04374
13	0.13352	0.01156	0.04769	0.01065	0.01427	0.01075	0.02782	0.06966	0.06973	0.11098	0.08265	0.02543	0.06105	0.07832	0.09112	0.00320	0.00671	0.00688	0.03984	0.09817
14	0.09334	0.01481	0.01417	0.09375	0.01824	0.15255	0.00999	0.10171	0.05251	0.08086	0.04013	0.02138	0.04963	0.06247	0.06263	0.03859	0.00781	0.00613	0.00459	0.07469
15	0.04771	0.16249	0.10546	0.04857	0.07988	0.11076	0.03960	0.09332	0.01630	0.07170	0.01845	0.04174	0.06806	0.02787	0.00679	0.00203	0.00755	0.03911	0.00423	0.00837
16	0.16400	0.01789	0.07191	0.10623	0.05118	0.17097	0.05011	0.05371	0.03059	0.09815	0.04509	0.01657	0.01216	0.00841	0.03429	0.00223	0.00818	0.00535	0.00425	0.04872
17	0.05445	0.04411	0.02022	0.28231	0.09317	0.08753	0.07480	0.08767	0.08572	0.02166	0.05010	0.04204	0.01380	0.00740	0.00641	0.00204	0.00786	0.00642	0.00406	0.00821
18	0.09263	0.01513	0.01868	0.12883	0.04563	0.04768	0.07529	0.26241	0.03959	0.05119	0.06458	0.01788	0.01381	0.00718	0.00622	0.00190	0.00707	0.00595	0.00497	0.09337
19	0.06867	0.06807	0.01793	0.10605	0.02069	0.18223	0.05236	0.09555	0.03741	0.05074	0.04747	0.04054	0.01528	0.04209	0.02414	0.00234	0.03223	0.04854	0.00435	0.04333

[dist]
# distance from previous block
# <min> <max>
7	33

[block]
# block no. 1 follows, 34 sequences, length 10
# corresponding to MSA columns:
# 53-62
name=unknown_B
#
# <colnr> <probs for GDERKNQSTAVLIFYWHMCP>
#	G	D	E	R	K	N	Q	S	T	A	V	L	I	F	Y	W	H	M	C	P
0	0.09219	0.01307	0.01463	0.13070	0.01961	0.04979	0.01054	0.17548	0.09787	0.07438	0.09395	0.04614	0.03244	0.08260	0.00951	0.00248	0.03398	0.00721	0.00529	0.00812
1	0.01458	0.01683	0.12831	0.42612	0.10331	0.04753	0.01798	0.08853	0.01504	0.01993	0.01174	0.01597	0.00893	0.00676	0.00723	0.00211	0.05209	0.00553	0.00326	0.00823
2	0.03811	0.01598	0.01940	0.31364	0.13970	0.12057	0.01527	0.11812	0.07462	0.06190	0.01387	0.01665	0.01044	0.00682	0.00631	0.00201	0.00814	0.00564	0.00411	0.00869
3	0.05583	0.01486	0.01967	0.37537	0.12410	0.08573	0.03445	0.09048	0.06026	0.05791	0.01341	0.01671	0.01007	0.00669	0.00631	0.00204	0.00814	0.00568	0.00389	0.00841
4	0.01324	0.01292	0.02004	0.62053	0.11238	0.05058	0.01773	0.01727	0.01325	0.01691	0.01137	0.01671	0.00876	0.00658	0.00697	0.00213	0.03654	0.00566	0.00293	0.00750
5	0.08949	0.01506	0.01618	0.10256	0.02034	0.08966	0.01155	0.09288	0.22632	0.16388	0.01835	0.01857	0.01341	0.00804	0.00772	0.00212	0.08321	0.00600	0.00546	0.00920
6	0.02078	0.01348	0.01551	0.01301	0.01708	0.01434	0.01066	0.26861	0.18902	0.18648	0.05130	0.02890	0.02008	0.00978	0.00691	0.00217	0.00595	0.10932	0.00677	0.00986
7	0.02331	0.01762	0.01944	0.01512	0.01967	0.02001	0.01250	0.62768	0.02792	0.03770	0.01467	0.01535	0.01069	0.00818	0.00823	0.00205	0.09751	0.00580	0.00603	0.01052
8	0.00843	0.00613	0.00805	0.00928	0.01012	0.00575	0.00677	0.01008	0.01344	0.01770	0.07894	0.52071	0.10907	0.01898	0.00829	0.00262	0.00410	0.15004	0.00605	0.00546
9	0.11082	0.00916	0.01082	0.00938	0.01211	0.00905	0.00736	0.08718	0.01868	0.13752	0.46157	0.03635	0.04247	0.01099	0.00690	0.00201	0.00407	0.00931	0.00681	0.00746

[dist]
# distance from previous block
# <min> <max>
8	29

[block]
# block no. 2 follows, 34 sequences, length 95
# corresponding to MSA columns:
# 92-186
name=unknown_C
#
# <colnr> <probs for GDERKNQSTAVLIFYWHMCP>
#	G	D	E	R	K	N	Q	S	T	A	V	L	I	F	Y	W	H	M	C	P
0	0.08291	0.04539	0.01867	0.01598	0.05155	0.28004	0.05869	0.20621	0.01997	0.02466	0.04078	0.04227	0.04364	0.00822	0.00628	0.00191	0.00841	0.03143	0.00462	0.00836
1	0.01672	0.04763	0.01557	0.03537	0.04039	0.02614	0.00959	0.10140	0.08456	0.10343	0.01773	0.04679	0.03062	0.00729	0.00577	0.00157	0.00558	0.02680	0.00496	0.37210
2	0.05101	0.01263	0.04998	0.03607	0.01626	0.05508	0.03339	0.11375	0.01432	0.04562	0.01538	0.02114	0.01342	0.06020	0.36760	0.00629	0.07034	0.00632	0.00398	0.00720
3	0.01498	0.01382	0.02341	0.30088	0.46115	0.01482	0.01885	0.01895	0.01417	0.03969	0.01229	0.01661	0.00981	0.00608	0.00642	0.00201	0.00796	0.00577	0.00321	0.00914
4	0.01347	0.01268	0.02141	0.46733	0.28835	0.01439	0.01827	0.01755	0.01365	0.01828	0.01277	0.01934	0.01050	0.00673	0.00655	0.00211	0.00816	0.03713	0.00313	0.00821
5	0.01442	0.01375	0.02338	0.33774	0.44684	0.01494	0.01905	0.01845	0.01397	0.01920	0.01188	0.01650	0.00956	0.00605	0.00642	0.00202	0.00807	0.00575	0.00306	0.00897
6	0.04938	0.04793	0.01754	0.01346	0.01787	0.01777	0.01098	0.45800	0.15080	0.03470	0.06550	0.05248	0.01705	0.00870	0.00645	0.00200	0.00625	0.00685	0.00626	0.01001
7	0.01744	0.01352	0.01559	0.01334	0.01724	0.01484	0.03956	0.10375	0.47484	0.09257	0.02466	0.07716	0.01936	0.00915	0.00666	0.00213	0.00550	0.00778	0.00641	0.03849
8	0.01402	0.01328	0.02249	0.34664	0.40646	0.01450	0.01843	0.01794	0.01384	0.01894	0.01286	0.04838	0.01091	0.00667	0.00650	0.00205	0.00791	0.00628	0.00318	0.00871
9	0.01337	0.08596	0.65668	0.01829	0.02742	0.01582	0.05442	0.02039	0.01368	0.02010	0.01148	0.01358	0.00827	0.00606	0.00606	0.00200	0.00942	0.00481	0.00276	0.00942
10	0.01401	0.01333	0.02264	0.41526	0.37252	0.01483	0.01884	0.01809	0.01377	0.01870	0.01180	0.01664	0.00939	0.00612	0.00643	0.00204	0.00817	0.00575	0.00303	0.00863
11	0.01354	0.13375	0.64422	0.01742	0.02643	0.01643	0.02214	0.02031	0.01357	0.01975	0.01124	0.01320	0.00820	0.00606	0.00587	0.00196	0.00919	0.00460	0.00273	0.00938
12	0.01364	0.01316	0.07553	0.23678	0.06488	0.01247	0.13377	0.03831	0.01407	0.06718	0.01818	0.16147	0.01707	0.01024	0.00836	0.03696	0.03240	0.03386	0.00411	0.00756
13	0.01405	0.02814	0.01221	0.01087	0.01314	0.00879	0.03988	0.06709	0.03318	0.14490	0.03089	0.29672	0.08026	0.08972	0.01011	0.00277	0.00524	0.09905	0.00598	0.00702
14	0.01539	0.01474	0.02515	0.15287	0.62408	0.01519	0.01953	0.01931	0.01443	0.02038	0.01205	0.01619	0.00998	0.00587	0.00641	0.00196	0.00782	0.00575	0.00315	0.00975
15	0.01296	0.03342	0.73944	0.01842	0.02797	0.01501	0.02387	0.02046	0.01364	0.02046	0.01160	0.01364	0.00818	0.00614	0.00614	0.00205	0.00955	0.00477	0.00273	0.00955
16	0.04688	0.04934	0.08992	0.13320	0.10906	0.08055	0.15959	0.05976	0.02880	0.09771	0.01639	0.04997	0.03526	0.00730	0.00654	0.00203	0.00827	0.00664	0.00412	0.00869
17	0.01410	0.01419	0.01969	0.06184	0.01884	0.04441	0.04553	0.01579	0.01059	0.01565	0.00974	0.01631	0.00957	0.06249	0.01993	0.00295	0.60254	0.00595	0.00294	0.00695
18	0.05032	0.01053	0.01389	0.01099	0.01540	0.00944	0.00896	0.02844	0.04833	0.58189	0.12652	0.02551	0.02236	0.00872	0.00658	0.00201	0.00511	0.00719	0.00768	0.01013
19	0.01501	0.01354	0.02301	0.18420	0.46365	0.01401	0.04231	0.01874	0.01437	0.05008	0.01487	0.06861	0.01314	0.00733	0.00666	0.00206	0.00758	0.02812	0.00361	0.00911
20	0.06775	0.06647	0.14072	0.07132	0.05391	0.07494	0.34026	0.02021	0.01430	0.01986	0.01163	0.01521	0.00900	0.00617	0.00760	0.00209	0.06090	0.00605	0.00315	0.00845
21	0.00786	0.00567	0.00745	0.00887	0.00934	0.00526	0.00594	0.00901	0.01249	0.01654	0.03715	0.73233	0.07812	0.02004	0.00822	0.00260	0.00372	0.01812	0.00600	0.00526
22	0.00899	0.00675	0.00837	0.00816	0.00980	0.00622	0.00615	0.01200	0.03503	0.02328	0.49759	0.10093	0.19370	0.01443	0.00770	0.00215	0.00332	0.04269	0.00674	0.00601
23	0.01001	0.00711	0.00892	0.00831	0.01014	0.00663	0.00628	0.01363	0.05255	0.04980	0.59497	0.04773	0.13301	0.01317	0.00753	0.00206	0.00326	0.01151	0.00699	0.00640
24	0.01505	0.01490	0.02292	0.32536	0.40644	0.06700	0.01855	0.01893	0.01425	0.01889	0.01173	0.01618	0.00945	0.00610	0.00638	0.00199	0.00833	0.00564	0.00308	0.00882
25	0.01118	0.00824	0.01100	0.01041	0.01170	0.00953	0.00800	0.07223	0.01222	0.01772	0.01726	0.02590	0.01619	0.13719	0.46843	0.00777	0.06736	0.00699	0.07460	0.00608
26	0.04233	0.31610	0.08453	0.01566	0.06568	0.20663	0.03081	0.08299	0.03092	0.01925	0.01107	0.01290	0.00923	0.00798	0.03668	0.00203	0.00886	0.00444	0.00342	0.00847
27	0.01410	0.03127	0.64094	0.01854	0.02755	0.01552	0.05664	0.08178	0.01521	0.02227	0.01202	0.01399	0.00851	0.00625	0.00624	0.00204	0.00940	0.00501	0.00309	0.00964
28	0.01898	0.01595	0.01547	0.01322	0.01707	0.08800	0.01044	0.23541	0.36561	0.02973	0.02087	0.02029	0.01562	0.00812	0.00624	0.00199	0.00613	0.00641	0.09474	0.00972
29	0.00924	0.00659	0.00855	0.00806	0.00958	0.00609	0.00604	0.01229	0.01813	0.02585	0.70589	0.04747	0.05950	0.01302	0.00752	0.00201	0.00305	0.01150	0.03351	0.00609
30	0.01727	0.77681	0.03386	0.01106	0.01658	0.02557	0.01106	0.01935	0.01313	0.01520	0.00898	0.01036	0.00829	0.00553	0.00415	0.00138	0.00691	0.00345	0.00276	0.00829
31	0.81856	0.01250	0.00950	0.00850	0.01250	0.01449	0.00700	0.01899	0.01100	0.02899	0.00900	0.01050	0.00700	0.00600	0.00400	0.00200	0.00500	0.00350	0.00400	0.00700
32	0.81856	0.01250	0.00950	0.00850	0.01250	0.01449	0.00700	0.01899	0.01100	0.02899	0.00900	0.01050	0.00700	0.00600	0.00400	0.00200	0.00500	0.00350	0.00400	0.00700
33	0.00933	0.00653	0.00839	0.00839	0.00886	0.00700	0.00559	0.01026	0.00979	0.01352	0.01913	0.03547	0.02053	0.48078	0.32098	0.00793	0.01072	0.00840	0.00373	0.00466
34	0.00807	0.00577	0.00773	0.00923	0.00969	0.00542	0.00635	0.00935	0.01257	0.01672	0.03550	0.71319	0.04229	0.02005	0.00830	0.00265	0.00392	0.07189	0.00599	0.00530
35	0.02883	0.01125	0.01515	0.01162	0.01662	0.00987	0.00960	0.05567	0.01892	0.71232	0.02514	0.02176	0.01582	0.00799	0.00650	0.00200	0.00556	0.00647	0.00794	0.01100
36	0.01390	0.01178	0.01367	0.00981	0.01552	0.00912	0.00786	0.04730	0.01416	0.02193	0.01166	0.01349	0.00963	0.00492	0.00486	0.00100	0.00489	0.00392	0.00395	0.77662
37	0.00982	0.00734	0.00967	0.00938	0.00982	0.00837	0.00660	0.01087	0.00983	0.01380	0.01794	0.03279	0.01908	0.41217	0.30935	0.00751	0.08903	0.00805	0.00363	0.00496
38	0.75392	0.01237	0.00995	0.00874	0.01282	0.01409	0.00720	0.02002	0.01161	0.08697	0.01035	0.01144	0.00773	0.00616	0.00420	0.00200	0.00504	0.00374	0.00433	0.00732
39	0.01461	0.00869	0.00909	0.00807	0.01038	0.00908	0.00630	0.16653	0.01749	0.02782	0.06057	0.02361	0.01790	0.00790	0.00512	0.00163	0.00391	0.00630	0.58791	0.00711
40	0.01076	0.00801	0.01117	0.01072	0.01224	0.00921	0.00836	0.08113	0.01234	0.01748	0.01723	0.02495	0.01588	0.06805	0.65022	0.00941	0.01593	0.00689	0.00378	0.00623
41	0.17575	0.01657	0.01752	0.06532	0.08223	0.05625	0.01210	0.36376	0.09509	0.03238	0.01452	0.01539	0.01076	0.00720	0.00596	0.00197	0.00688	0.00542	0.00531	0.00963
42	0.00890	0.00626	0.00764	0.00805	0.00856	0.00603	0.00513	0.00968	0.01113	0.01500	0.04966	0.31060	0.05170	0.38307	0.05800	0.00469	0.00566	0.01260	0.00483	0.03280
43	0.01503	0.38929	0.40167	0.01489	0.02252	0.02006	0.01774	0.01993	0.01340	0.01794	0.01034	0.01207	0.00824	0.00585	0.00518	0.00173	0.00829	0.00414	0.00275	0.00895
44	0.01599	0.01535	0.02623	0.03966	0.73262	0.01535	0.01983	0.01983	0.01471	0.02111	0.01215	0.01599	0.01023	0.00576	0.00640	0.00192	0.00768	0.00576	0.00320	0.01023
45	0.00809	0.00579	0.00772	0.00901	0.00954	0.00541	0.00617	0.00947	0.01305	0.01753	0.10463	0.67206	0.04435	0.01946	0.00821	0.00258	0.00376	0.04171	0.00611	0.00536
46	0.01757	0.74524	0.03320	0.01129	0.01673	0.05610	0.01112	0.01962	0.01335	0.01523	0.00903	0.01042	0.00829	0.00558	0.00422	0.00139	0.00711	0.00348	0.00279	0.00826
47	0.00924	0.00690	0.01027	0.01027	0.01138	0.00801	0.00793	0.01146	0.01035	0.01491	0.01741	0.02597	0.01641	0.07371	0.72241	0.01024	0.01692	0.00701	0.00348	0.00570
48	0.01853	0.60647	0.05030	0.01238	0.01758	0.17006	0.01170	0.02067	0.01418	0.01547	0.00926	0.01071	0.00830	0.00577	0.00454	0.00146	0.00793	0.00363	0.00288	0.00817
49	0.02295	0.03529	0.01481	0.01107	0.01581	0.01061	0.00907	0.07039	0.06675	0.43864	0.04760	0.02364	0.06507	0.00821	0.00628	0.00184	0.00528	0.00666	0.00683	0.13320
50	0.06287	0.16094	0.09529	0.06417	0.10146	0.09391	0.03570	0.06145	0.14246	0.02185	0.03738	0.01637	0.01253	0.00673	0.00576	0.00182	0.00731	0.00533	0.00407	0.06257
51	0.00901	0.00692	0.00830	0.00803	0.00981	0.00638	0.00606	0.01226	0.04918	0.02288	0.45020	0.07451	0.26171	0.01434	0.00764	0.00213	0.00333	0.03459	0.00668	0.00606
52	0.00911	0.00660	0.00859	0.00809	0.00963	0.00608	0.00607	0.01212	0.01820	0.02570	0.71292	0.04861	0.07738	0.01329	0.00762	0.00204	0.00305	0.01173	0.00709	0.00608
53	0.01517	0.01482	0.02619	0.17853	0.52155	0.01527	0.09504	0.01928	0.01442	0.02017	0.01212	0.01639	0.00987	0.00586	0.00654	0.00199	0.00821	0.00596	0.00314	0.00947
54	0.11296	0.01841	0.04088	0.04164	0.09844	0.14643	0.03682	0.19709	0.14396	0.07688	0.01567	0.01634	0.01166	0.00716	0.00611	0.00196	0.00753	0.00559	0.00504	0.00944
55	0.00787	0.00562	0.00750	0.00900	0.00937	0.00525	0.00600	0.00900	0.01237	0.01649	0.03561	0.76871	0.04274	0.02024	0.00825	0.00262	0.00375	0.01837	0.00600	0.00525
56	0.00770	0.00655	0.00664	0.00662	0.00877	0.00548	0.00496	0.00940	0.01489	0.01783	0.09510	0.06156	0.70011	0.01622	0.00764	0.00218	0.00326	0.01355	0.00605	0.00548
57	0.00949	0.00780	0.00941	0.01018	0.06139	0.00733	0.00691	0.01322	0.08111	0.02112	0.25891	0.10333	0.35735	0.01423	0.00749	0.00215	0.00372	0.01224	0.00619	0.00642
58	0.07808	0.15906	0.31870	0.05327	0.12276	0.03767	0.05352	0.04608	0.01445	0.04291	0.01161	0.01377	0.00885	0.00608	0.00576	0.00190	0.00833	0.00484	0.00325	0.00911
59	0.01220	0.01148	0.01938	0.75739	0.04450	0.01436	0.01794	0.01651	0.01292	0.01651	0.01148	0.01723	0.00861	0.00646	0.00646	0.00215	0.00861	0.00574	0.00287	0.00718
60	0.01441	0.01389	0.02417	0.29872	0.41374	0.01485	0.06811	0.01851	0.01410	0.01936	0.01256	0.01805	0.01033	0.00631	0.00657	0.00205	0.00820	0.02399	0.00316	0.00890
61	0.00787	0.00565	0.00747	0.00893	0.00935	0.00525	0.00597	0.00900	0.01243	0.01652	0.03640	0.74999	0.06094	0.02014	0.00823	0.00261	0.00374	0.01824	0.00600	0.00525
62	0.02899	0.01100	0.01499	0.01150	0.01649	0.00950	0.00950	0.03149	0.01849	0.73709	0.02549	0.02199	0.01599	0.00800	0.00650	0.00200	0.00550	0.00650	0.00800	0.01100
63	0.01340	0.01148	0.01340	0.00957	0.01531	0.00861	0.00766	0.01627	0.01340	0.02105	0.01148	0.01340	0.00957	0.00479	0.00479	0.00096	0.00479	0.00383	0.00383	0.81242
64	0.00940	0.00626	0.00705	0.00705	0.00705	0.00626	0.00392	0.00940	0.00940	0.01253	0.02036	0.04228	0.02349	0.77292	0.03289	0.00626	0.00626	0.00940	0.00392	0.00392
65	0.00923	0.00692	0.01038	0.01038	0.01154	0.00808	0.00808	0.01154	0.01038	0.01500	0.01731	0.02538	0.01615	0.04846	0.74732	0.01038	0.01731	0.00692	0.00346	0.00577
66	0.01426	0.01185	0.01263	0.01161	0.01478	0.01316	0.00893	0.02781	0.52169	0.04271	0.03387	0.09172	0.14538	0.01101	0.00689	0.00222	0.00469	0.00930	0.00646	0.00901
67	0.01340	0.01148	0.01340	0.00957	0.01531	0.00861	0.00766	0.01627	0.01340	0.02105	0.01148	0.01340	0.00957	0.00479	0.00479	0.00096	0.00479	0.00383	0.00383	0.81242
68	0.00787	0.00562	0.00750	0.00900	0.00937	0.00525	0.00600	0.00900	0.01237	0.01649	0.03561	0.76871	0.04274	0.02024	0.00825	0.00262	0.00375	0.01837	0.00600	0.00525
69	0.01516	0.04331	0.08607	0.02610	0.03281	0.01655	0.63939	0.02064	0.01507	0.02050	0.01284	0.01694	0.00964	0.00550	0.00741	0.00214	0.01067	0.00729	0.00321	0.00876
70	0.01686	0.70561	0.10144	0.01176	0.01767	0.02456	0.01228	0.01945	0.01318	0.01571	0.00923	0.01068	0.00828	0.00559	0.00434	0.00145	0.00716	0.00358	0.00276	0.00841
71	0.00937	0.00637	0.00759	0.00759	0.00778	0.00656	0.00459	0.00974	0.00956	0.01293	0.01986	0.03953	0.02230	0.65506	0.14912	0.00693	0.00806	0.00899	0.00384	0.00422
72	0.01792	0.64888	0.03069	0.01155	0.01663	0.11651	0.01096	0.01998	0.01381	0.01566	0.00963	0.01112	0.00865	0.00576	0.00438	0.00142	0.00735	0.00365	0.03737	0.00809
73	0.01527	0.10613	0.42376	0.01722	0.04713	0.01555	0.06229	0.06926	0.01510	0.05436	0.01233	0.01409	0.00909	0.00605	0.00590	0.00184	0.00835	0.00488	0.00342	0.10796
74	0.04959	0.05071	0.04242	0.01436	0.01939	0.04986	0.01210	0.50291	0.11037	0.05905	0.01628	0.01615	0.01175	0.00763	0.00626	0.00194	0.00701	0.00574	0.00603	0.01045
75	0.01122	0.00561	0.00842	0.00842	0.00842	0.00561	0.00561	0.00842	0.00842	0.01122	0.01122	0.01964	0.01122	0.02245	0.02525	0.81201	0.00561	0.00561	0.00281	0.00281
76	0.01780	0.01474	0.01558	0.01350	0.01746	0.01688	0.01064	0.17191	0.58056	0.02981	0.02411	0.02236	0.01795	0.00856	0.00655	0.00214	0.00552	0.00700	0.00655	0.01038
77	0.01377	0.13103	0.02276	0.47035	0.16515	0.01630	0.01687	0.01753	0.01320	0.01723	0.01113	0.01575	0.00888	0.00629	0.00648	0.00198	0.03016	0.00534	0.00294	0.02686
78	0.01451	0.19009	0.43751	0.01763	0.04772	0.01716	0.07033	0.04938	0.01448	0.02016	0.01267	0.01690	0.01024	0.00671	0.00601	0.00196	0.00870	0.04560	0.00314	0.00909
79	0.01296	0.03342	0.73944	0.01842	0.02797	0.01501	0.02387	0.02046	0.01364	0.02046	0.01160	0.01364	0.00818	0.00614	0.00614	0.00205	0.00955	0.00477	0.00273	0.00955
80	0.00802	0.00593	0.00750	0.00843	0.00930	0.00541	0.00582	0.00952	0.01368	0.01807	0.14454	0.53485	0.16827	0.01850	0.00804	0.00246	0.00356	0.01652	0.00616	0.00541
81	0.00828	0.00681	0.00778	0.00826	0.03489	0.00593	0.00578	0.01027	0.01534	0.01937	0.20689	0.10873	0.50771	0.01557	0.00763	0.00217	0.00342	0.01327	0.00614	0.00575
82	0.01574	0.01509	0.02577	0.08760	0.68665	0.01529	0.01970	0.01961	0.01459	0.02080	0.01211	0.01607	0.01013	0.00580	0.00640	0.00193	0.00774	0.00576	0.00318	0.01003
83	0.00792	0.00656	0.00694	0.00684	0.00890	0.00557	0.00513	0.00982	0.01539	0.01904	0.18954	0.05958	0.60492	0.01577	0.00763	0.00215	0.00323	0.01327	0.00621	0.00557
84	0.00897	0.00660	0.00839	0.00794	0.00954	0.00602	0.00596	0.01185	0.01787	0.02490	0.65013	0.04992	0.14067	0.01359	0.00762	0.00205	0.00308	0.01192	0.00698	0.00602
85	0.01733	0.72517	0.05961	0.01151	0.01712	0.04837	0.01158	0.01960	0.01331	0.01542	0.00911	0.01053	0.00829	0.00559	0.00427	0.00142	0.00716	0.00353	0.00278	0.00831
86	0.67603	0.01302	0.01098	0.00941	0.01361	0.01477	0.00776	0.09699	0.01367	0.07875	0.01085	0.01184	0.00806	0.00633	0.00444	0.00199	0.00527	0.00396	0.00455	0.00772
87	0.00787	0.00562	0.00750	0.00900	0.00937	0.00525	0.00600	0.00900	0.01237	0.01649	0.03561	0.76871	0.04274	0.02024	0.00825	0.00262	0.00375	0.01837	0.00600	0.00525
88	0.01333	0.01122	0.01305	0.00972	0.01496	0.00881	0.00777	0.04539	0.01420	0.02153	0.01563	0.04296	0.04384	0.00638	0.00524	0.00118	0.00482	0.02765	0.00418	0.68815
89	0.00787	0.00562	0.00750	0.00900	0.00937	0.00525	0.00600	0.00900	0.01237	0.01649	0.03561	0.76871	0.04274	0.02024	0.00825	0.00262	0.00375	0.01837	0.00600	0.00525
90	0.01414	0.01414	0.01979	0.01696	0.01696	0.01979	0.01414	0.01555	0.00990	0.01555	0.00848	0.01414	0.00848	0.01131	0.02120	0.00283	0.76110	0.00565	0.00283	0.00707
91	0.02599	0.09512	0.04273	0.01208	0.01722	0.01301	0.01047	0.13810	0.01951	0.50328	0.02151	0.01947	0.01411	0.00762	0.00617	0.00191	0.00598	0.00599	0.02921	0.01052
92	0.02057	0.01374	0.01571	0.01220	0.01711	0.01360	0.00989	0.25779	0.11926	0.17558	0.05075	0.01898	0.01515	0.00740	0.00609	0.00173	0.00569	0.00590	0.00611	0.22678
93	0.00994	0.00724	0.00785	0.00783	0.00813	0.03278	0.00481	0.01036	0.01026	0.01348	0.04224	0.04137	0.02412	0.64466	0.07896	0.00613	0.00710	0.03440	0.00404	0.00431
94	0.01788	0.22081	0.23281	0.01552	0.02160	0.19044	0.04901	0.09420	0.01650	0.02008	0.01290	0.01440	0.03382	0.00656	0.00568	0.00176	0.00883	0.00482	0.00344	0.02895

[dist]
# distance from previous block
# <min> <max>
0	1

[block]
# block no. 3 follows, 34 sequences, length 25
# corresponding to MSA columns:
# 188-212
name=unknown_D
#
# <colnr> <probs for GDERKNQSTAVLIFYWHMCP>
#	G	D	E	R	K	N	Q	S	T	A	V	L	I	F	Y	W	H	M	C	P
0	0.01345	0.07347	0.63122	0.01844	0.02738	0.01572	0.06872	0.02083	0.03479	0.02038	0.01199	0.01402	0.00864	0.00614	0.00614	0.00202	0.00936	0.00497	0.00288	0.00944
1	0.01908	0.22770	0.08042	0.01480	0.03603	0.33865	0.01253	0.03966	0.01582	0.01715	0.01342	0.01518	0.04690	0.00800	0.02220	0.00190	0.04778	0.00480	0.03017	0.00782
2	0.01292	0.00960	0.01141	0.01007	0.01319	0.00876	0.00769	0.08620	0.05572	0.05685	0.06182	0.27738	0.06601	0.01233	0.00679	0.00195	0.00460	0.03903	0.00557	0.25209
3	0.01343	0.11493	0.66208	0.01761	0.02672	0.01616	0.02247	0.02034	0.01359	0.01989	0.01131	0.01328	0.00820	0.00607	0.00592	0.00197	0.00926	0.00463	0.00273	0.00941
4	0.01458	0.03020	0.62633	0.01927	0.07559	0.01454	0.02233	0.02139	0.01414	0.08370	0.01286	0.01454	0.00902	0.00628	0.00619	0.00203	0.00906	0.00499	0.00323	0.00972
5	0.00913	0.00628	0.00771	0.00794	0.00820	0.00643	0.00498	0.00971	0.01003	0.01358	0.02219	0.15216	0.02518	0.52759	0.15566	0.00643	0.00783	0.01035	0.00416	0.00445
6	0.01402	0.21592	0.56623	0.01661	0.02517	0.01760	0.02073	0.02019	0.01352	0.01917	0.01095	0.01284	0.00821	0.00599	0.00565	0.00188	0.00890	0.00445	0.00274	0.00924
7	0.34861	0.38098	0.02115	0.00972	0.01405	0.01893	0.00882	0.01808	0.01176	0.02051	0.00922	0.01137	0.00806	0.00746	0.00625	0.08488	0.00598	0.00369	0.00328	0.00719
8	0.01103	0.00718	0.00902	0.00837	0.01036	0.00655	0.00634	0.01407	0.03570	0.09699	0.48579	0.08534	0.17151	0.01348	0.00751	0.00209	0.00343	0.01173	0.00694	0.00655
9	0.09791	0.01297	0.04894	0.01033	0.01599	0.01020	0.00877	0.05460	0.01447	0.08105	0.01258	0.01392	0.00984	0.00539	0.00500	0.00125	0.00522	0.00416	0.00427	0.58312
10	0.00964	0.00779	0.00874	0.00864	0.01061	0.00760	0.00641	0.01468	0.15097	0.02097	0.19808	0.18995	0.31175	0.01497	0.00755	0.00224	0.00367	0.01291	0.00635	0.00647
11	0.73576	0.01239	0.01051	0.08540	0.01578	0.01448	0.00812	0.01874	0.01119	0.02771	0.00925	0.01119	0.00716	0.00605	0.00425	0.00202	0.00537	0.00373	0.00388	0.00702
12	0.02175	0.29209	0.02383	0.01458	0.01879	0.45220	0.01197	0.06256	0.01718	0.01702	0.00995	0.01142	0.00846	0.00632	0.00527	0.00158	0.00973	0.00401	0.00331	0.00797
13	0.00868	0.00671	0.00933	0.01191	0.08357	0.00631	0.00731	0.01014	0.01284	0.01706	0.03612	0.62236	0.10657	0.01838	0.00800	0.00251	0.00411	0.01661	0.00571	0.00578
14	0.05723	0.11092	0.02048	0.15175	0.14988	0.10000	0.01355	0.11785	0.01670	0.10774	0.01378	0.01625	0.01066	0.01040	0.07322	0.00265	0.00861	0.00538	0.00420	0.00876
15	0.01645	0.13245	0.04391	0.06791	0.24918	0.05415	0.07545	0.08279	0.01638	0.05626	0.05425	0.02166	0.08646	0.00756	0.00633	0.00190	0.00732	0.00661	0.00413	0.00886
16	0.01792	0.11084	0.15008	0.03708	0.04112	0.06739	0.09906	0.12786	0.04943	0.08137	0.01375	0.01514	0.01031	0.00630	0.00594	0.00175	0.00774	0.00523	0.00423	0.14744
17	0.01947	0.36882	0.05025	0.01415	0.01886	0.24328	0.04119	0.04455	0.07058	0.03501	0.01149	0.01279	0.00953	0.00644	0.00568	0.00166	0.03000	0.00440	0.00350	0.00837
18	0.00898	0.00637	0.00715	0.00713	0.00773	0.00616	0.00441	0.00956	0.01093	0.01418	0.05271	0.04614	0.18386	0.54266	0.06139	0.00541	0.00603	0.01030	0.00446	0.00442
19	0.01747	0.61408	0.11437	0.01248	0.01825	0.09805	0.01269	0.02014	0.01372	0.01588	0.00939	0.01088	0.00828	0.00571	0.00455	0.00149	0.00770	0.00368	0.00282	0.00836
20	0.03457	0.13823	0.12768	0.01602	0.09071	0.05100	0.01332	0.05751	0.01381	0.06824	0.01353	0.01720	0.01135	0.01861	0.21422	0.00431	0.09248	0.00548	0.00363	0.00811
21	0.00787	0.00562	0.00750	0.00900	0.00937	0.00525	0.00600	0.00900	0.01237	0.01649	0.03561	0.76871	0.04274	0.02024	0.00825	0.00262	0.00375	0.01837	0.00600	0.00525
22	0.00805	0.00647	0.00718	0.00719	0.00903	0.00560	0.00532	0.01000	0.01542	0.01954	0.23336	0.12705	0.49127	0.01593	0.00769	0.00219	0.00326	0.01359	0.00629	0.00560
23	0.01773	0.72696	0.03282	0.01143	0.01681	0.07378	0.01115	0.01978	0.01348	0.01524	0.00905	0.01045	0.00829	0.00560	0.00426	0.00140	0.00723	0.00350	0.00280	0.00824
24	0.01642	0.01555	0.02393	0.13754	0.52200	0.04602	0.01822	0.07683	0.01586	0.02186	0.01222	0.01586	0.00996	0.00603	0.00633	0.00191	0.00783	0.00563	0.00345	0.03654

[dist]
# distance from previous block
# <min> <max>
0	3

[block]
# block no. 4 follows, 34 sequences, length 42
# corresponding to MSA columns:
# 216-257
name=unknown_E
#
# <colnr> <probs for GDERKNQSTAVLIFYWHMCP>
#	G	D	E	R	K	N	Q	S	T	A	V	L	I	F	Y	W	H	M	C	P
0	0.02078	0.01731	0.01804	0.01616	0.07019	0.07366	0.01208	0.35941	0.28304	0.03236	0.01883	0.01842	0.01395	0.00790	0.00645	0.00201	0.00676	0.00624	0.00603	0.01039
1	0.01000	0.00650	0.00856	0.00946	0.01039	0.00613	0.00664	0.03292	0.01366	0.06721	0.05600	0.63921	0.04022	0.01868	0.00808	0.00256	0.00405	0.04767	0.00618	0.00588
2	0.02404	0.01779	0.01911	0.01462	0.01982	0.01951	0.01207	0.67877	0.02959	0.03981	0.01533	0.01541	0.01092	0.00762	0.00639	0.00189	0.00700	0.00572	0.00634	0.04825
3	0.05096	0.01433	0.02390	0.20381	0.54175	0.01508	0.01882	0.01903	0.01413	0.02040	0.01186	0.01603	0.00972	0.00593	0.00630	0.00198	0.00777	0.00565	0.00316	0.00939
4	0.01398	0.01330	0.02260	0.42033	0.36766	0.01482	0.01883	0.01807	0.01376	0.01867	0.01180	0.01665	0.00937	0.00613	0.00643	0.00204	0.00817	0.00575	0.00302	0.00861
5	0.01345	0.11841	0.65878	0.01757	0.02666	0.01621	0.02241	0.02034	0.01358	0.01986	0.01130	0.01327	0.00820	0.00607	0.00591	0.00197	0.00925	0.00462	0.00273	0.00941
6	0.01464	0.01616	0.03421	0.08986	0.06579	0.01560	0.57330	0.01972	0.01472	0.02000	0.01316	0.01784	0.01012	0.00825	0.05395	0.00268	0.01095	0.00733	0.00324	0.00847
7	0.01307	0.01216	0.02017	0.64866	0.12276	0.01467	0.01796	0.04140	0.01374	0.01789	0.01170	0.01702	0.00888	0.00642	0.00645	0.00212	0.00845	0.00575	0.00304	0.00766
8	0.01400	0.01377	0.02120	0.51257	0.23305	0.06067	0.01812	0.01801	0.01375	0.01774	0.01158	0.01654	0.00904	0.00628	0.00640	0.00206	0.00855	0.00565	0.00299	0.00804
9	0.01231	0.01231	0.04010	0.01830	0.02188	0.01159	0.30295	0.01610	0.01443	0.01937	0.02385	0.14378	0.02451	0.01241	0.00876	0.00256	0.04132	0.26173	0.00461	0.00715
10	0.01296	0.01252	0.01954	0.46684	0.03370	0.01649	0.01645	0.01613	0.01173	0.01613	0.01031	0.01601	0.00856	0.00836	0.01225	0.00242	0.30390	0.00571	0.00285	0.00713
11	0.04408	0.01597	0.01711	0.01364	0.01808	0.04998	0.01110	0.47249	0.02503	0.12995	0.01750	0.05044	0.01333	0.01207	0.07606	0.00276	0.00785	0.00643	0.00616	0.00998
12	0.01505	0.01432	0.02451	0.05603	0.61208	0.01433	0.04197	0.01871	0.01449	0.02054	0.01465	0.07963	0.01352	0.00726	0.00666	0.00202	0.00745	0.02371	0.00349	0.00958
13	0.00770	0.00655	0.00664	0.00662	0.00877	0.00548	0.00496	0.00940	0.01489	0.01783	0.09510	0.06156	0.70012	0.01622	0.00764	0.00218	0.00326	0.01355	0.00605	0.00548
14	0.01093	0.00746	0.00829	0.00784	0.00836	0.00766	0.00476	0.08028	0.01152	0.01538	0.01987	0.03958	0.02223	0.69563	0.03022	0.00583	0.00635	0.00903	0.00417	0.00463
15	0.03739	0.01624	0.02403	0.18691	0.45837	0.09491	0.05034	0.01980	0.01465	0.01975	0.01174	0.01570	0.00958	0.00600	0.00634	0.00195	0.00839	0.00561	0.00317	0.00914
16	0.02899	0.01100	0.01499	0.01150	0.01649	0.00950	0.00950	0.03149	0.01849	0.73709	0.02549	0.02199	0.01599	0.00800	0.00650	0.00200	0.00550	0.00650	0.00800	0.01100
17	0.01220	0.01148	0.01938	0.75739	0.04450	0.01436	0.01794	0.01651	0.01292	0.01651	0.01148	0.01723	0.00861	0.00646	0.00646	0.00215	0.00861	0.00574	0.00287	0.00718
18	0.00787	0.00562	0.00750	0.00900	0.00937	0.00525	0.00600	0.00900	0.01237	0.01649	0.03561	0.76871	0.04274	0.02024	0.00825	0.00262	0.00375	0.01837	0.00600	0.00525
19	0.01003	0.00810	0.01191	0.01145	0.01242	0.00998	0.00906	0.01219	0.01030	0.01509	0.01587	0.02356	0.01491	0.04242	0.62931	0.00916	0.13819	0.00672	0.00336	0.00598
20	0.01295	0.01218	0.02110	0.32329	0.22878	0.01327	0.09323	0.01656	0.01316	0.01778	0.01421	0.05586	0.01274	0.08648	0.04883	0.00297	0.00860	0.00699	0.00329	0.00771
21	0.01582	0.01518	0.02592	0.07184	0.70176	0.01531	0.01975	0.01968	0.01463	0.02090	0.01212	0.01605	0.01016	0.00579	0.00640	0.00193	0.00772	0.00576	0.00318	0.01010
22	0.01236	0.01180	0.02038	0.71846	0.04393	0.01446	0.05480	0.01673	0.01304	0.01673	0.01157	0.01724	0.00868	0.00641	0.00652	0.00215	0.00873	0.00584	0.00289	0.00726
23	0.00843	0.00709	0.00745	0.00764	0.00946	0.02518	0.00568	0.01023	0.01491	0.01841	0.14144	0.16864	0.48848	0.01638	0.00774	0.00225	0.00366	0.04528	0.00607	0.00558
24	0.03752	0.00848	0.00996	0.07267	0.01392	0.03146	0.00784	0.03818	0.01454	0.07357	0.03868	0.27922	0.24042	0.01630	0.03078	0.00260	0.00517	0.06669	0.00567	0.00633
25	0.01122	0.00561	0.00842	0.00842	0.00842	0.00561	0.00561	0.00842	0.00842	0.01122	0.01122	0.01964	0.01122	0.02245	0.02525	0.81201	0.00561	0.00561	0.00281	0.00281
26	0.01525	0.01743	0.03813	0.02723	0.03377	0.01634	0.70915	0.02070	0.01525	0.02070	0.01307	0.01743	0.00980	0.00545	0.00763	0.00218	0.01089	0.00763	0.00327	0.00871
27	0.01313	0.06363	0.71078	0.01812	0.02750	0.01543	0.02335	0.02042	0.01362	0.02025	0.01149	0.01351	0.00819	0.00611	0.00606	0.00202	0.00944	0.00472	0.00273	0.00950
28	0.03614	0.01496	0.04831	0.19028	0.13642	0.08544	0.04542	0.04652	0.09433	0.09090	0.03357	0.02459	0.07219	0.00830	0.00663	0.00209	0.00738	0.04348	0.00456	0.00848
29	0.01599	0.02863	0.56814	0.01761	0.02615	0.01439	0.05259	0.04721	0.01508	0.13309	0.01397	0.01519	0.00958	0.00646	0.00627	0.00204	0.00889	0.00521	0.00371	0.00979
30	0.02393	0.05554	0.01891	0.01635	0.01986	0.67858	0.01242	0.06681	0.01886	0.01729	0.01029	0.01184	0.00848	0.00669	0.00581	0.00167	0.01122	0.00424	0.00350	0.00773
31	0.01459	0.03108	0.58896	0.01842	0.02692	0.07576	0.05855	0.05018	0.03774	0.02115	0.01218	0.01410	0.00877	0.00630	0.00622	0.00202	0.00955	0.00500	0.00309	0.00942
32	0.01710	0.01286	0.01722	0.10832	0.16655	0.02688	0.01268	0.10717	0.12634	0.12695	0.06121	0.06672	0.05030	0.01025	0.03123	0.00237	0.03399	0.00756	0.00530	0.00901
33	0.00937	0.00638	0.00763	0.00763	0.00784	0.00658	0.00465	0.00977	0.00957	0.01296	0.01982	0.03931	0.02220	0.64550	0.15854	0.00699	0.00821	0.00896	0.00384	0.00424
34	0.00787	0.00562	0.00750	0.00900	0.00937	0.00525	0.00600	0.00900	0.01237	0.01649	0.03561	0.76871	0.04274	0.02024	0.00825	0.00262	0.00375	0.01837	0.00600	0.00525
35	0.01315	0.06642	0.70813	0.01809	0.02746	0.01547	0.02330	0.02041	0.01362	0.02023	0.01148	0.01350	0.00819	0.00611	0.00605	0.00202	0.00943	0.00472	0.00273	0.00949
36	0.01437	0.04747	0.04695	0.05649	0.24001	0.01361	0.07959	0.03554	0.07163	0.05197	0.01934	0.20040	0.01881	0.01010	0.00796	0.00220	0.06171	0.00903	0.00438	0.00844
37	0.01599	0.01535	0.02623	0.03966	0.73262	0.01535	0.01983	0.01983	0.01471	0.02111	0.01215	0.01599	0.01023	0.00576	0.00640	0.00192	0.00768	0.00576	0.00320	0.01023
38	0.00835	0.00642	0.00892	0.00953	0.01056	0.00592	0.03744	0.00993	0.01328	0.01745	0.07594	0.56114	0.14355	0.01853	0.00813	0.00252	0.00406	0.04691	0.00593	0.00551
39	0.01525	0.08084	0.43679	0.01721	0.04661	0.05368	0.04408	0.04286	0.01472	0.07659	0.01448	0.04405	0.01159	0.00911	0.04019	0.00240	0.00909	0.02779	0.00359	0.00905
40	0.02119	0.04744	0.06503	0.01321	0.01755	0.12138	0.01135	0.17761	0.05138	0.21850	0.09604	0.02592	0.02000	0.00909	0.00663	0.00202	0.00686	0.07357	0.00604	0.00921
41	0.01465	0.01325	0.02295	0.41272	0.28137	0.01459	0.07062	0.01878	0.01402	0.05685	0.01258	0.01707	0.00966	0.00622	0.00653	0.00207	0.00829	0.00593	0.00329	0.00856

[dist]
# distance from previous block
# <min> <max>
0	27

[block]
# block no. 5 follows, 34 sequences, length 65
# corresponding to MSA columns:
# 285-349
name=unknown_F
#
# <colnr> <probs for GDERKNQSTAVLIFYWHMCP>
#	G	D	E	R	K	N	Q	S	T	A	V	L	I	F	Y	W	H	M	C	P
0	0.01558	0.04821	0.02025	0.10573	0.26925	0.04908	0.04338	0.06755	0.03303	0.05410	0.01817	0.11643	0.04270	0.00840	0.00649	0.00195	0.00692	0.00752	0.00422	0.08103
1	0.02089	0.13146	0.06513	0.01576	0.05098	0.41765	0.01245	0.06409	0.01739	0.05143	0.03123	0.01616	0.03207	0.03823	0.00691	0.00190	0.00943	0.00506	0.00381	0.00799
2	0.05473	0.01277	0.01775	0.01757	0.14278	0.02838	0.07548	0.11481	0.01668	0.14336	0.01983	0.09847	0.04311	0.01119	0.05434	0.00250	0.02341	0.00747	0.03494	0.08043
3	0.01396	0.00922	0.01172	0.01066	0.01224	0.01026	0.00816	0.08764	0.03434	0.08660	0.01915	0.06185	0.01796	0.16012	0.16052	0.06721	0.10082	0.03830	0.08274	0.00654
4	0.00793	0.00565	0.00748	0.00892	0.00929	0.00529	0.00592	0.00901	0.01226	0.01635	0.03505	0.74168	0.04202	0.04825	0.00916	0.00276	0.00384	0.01803	0.00592	0.00520
5	0.01411	0.01117	0.01328	0.00985	0.01525	0.00858	0.00796	0.01697	0.01380	0.06327	0.01392	0.01812	0.01190	0.00590	0.00518	0.00116	0.00491	0.05247	0.00422	0.70797
6	0.02401	0.01916	0.01899	0.01495	0.01984	0.09492	0.01218	0.59990	0.07031	0.03733	0.01559	0.01563	0.01123	0.00770	0.00640	0.00193	0.00746	0.00573	0.00615	0.01058
7	0.05078	0.63026	0.03020	0.01137	0.01664	0.08240	0.01083	0.02020	0.01367	0.04270	0.00976	0.01101	0.00857	0.00570	0.00439	0.00144	0.00709	0.00364	0.00309	0.03626
8	0.01753	0.71795	0.06228	0.01138	0.01705	0.02454	0.01153	0.01984	0.01335	0.04199	0.00970	0.01093	0.00857	0.00564	0.00431	0.00143	0.00697	0.00362	0.00296	0.00844
9	0.00914	0.00594	0.00795	0.00915	0.00980	0.00550	0.00621	0.01034	0.01274	0.05965	0.03501	0.72399	0.04113	0.01951	0.00814	0.00259	0.00385	0.01766	0.00612	0.00559
10	0.01634	0.04243	0.02620	0.03781	0.68135	0.04276	0.01925	0.02003	0.01479	0.02071	0.01196	0.01564	0.01010	0.00578	0.00630	0.00189	0.00780	0.00562	0.00319	0.01007
11	0.01027	0.00729	0.01050	0.01087	0.03510	0.00799	0.00779	0.01198	0.01140	0.03981	0.07335	0.11464	0.02262	0.10812	0.41444	0.05560	0.03963	0.00869	0.00416	0.00575
12	0.01781	0.26310	0.08791	0.01345	0.01848	0.04547	0.04061	0.13098	0.17613	0.05697	0.07301	0.01848	0.01593	0.00743	0.00583	0.00184	0.00674	0.00581	0.00483	0.00920
13	0.00810	0.00583	0.00772	0.00903	0.00962	0.00545	0.00624	0.00948	0.01298	0.01729	0.07946	0.65445	0.06892	0.01952	0.00823	0.00259	0.00383	0.05985	0.00606	0.00535
14	0.00923	0.00692	0.01038	0.01038	0.01154	0.00808	0.00808	0.01154	0.01038	0.01500	0.01731	0.02538	0.01615	0.04846	0.74732	0.01038	0.01731	0.00692	0.00346	0.00577
15	0.01586	0.01515	0.04795	0.16196	0.38823	0.01519	0.08334	0.06950	0.04828	0.04136	0.01356	0.01713	0.01071	0.00780	0.03416	0.00232	0.00835	0.00604	0.00366	0.00943
16	0.02132	0.04423	0.02048	0.02016	0.12987	0.47714	0.03278	0.05082	0.04594	0.01816	0.01114	0.01331	0.00924	0.00697	0.00726	0.00184	0.07286	0.00480	0.00351	0.00818
17	0.81856	0.01250	0.00950	0.00850	0.01250	0.01449	0.00700	0.01899	0.01100	0.02899	0.00900	0.01050	0.00700	0.00600	0.00400	0.00200	0.00500	0.00350	0.00400	0.00700
18	0.02089	0.01380	0.01557	0.01341	0.04604	0.03354	0.01036	0.27979	0.10421	0.19812	0.05312	0.02732	0.11935	0.00951	0.00674	0.00204	0.00591	0.02405	0.00657	0.00967
19	0.01296	0.03342	0.73944	0.01842	0.02797	0.01501	0.02387	0.02046	0.01364	0.02046	0.01160	0.01364	0.00818	0.00614	0.00614	0.00205	0.00955	0.00477	0.00273	0.00955
20	0.01204	0.00602	0.00602	0.00602	0.00753	0.00602	0.00452	0.01506	0.01355	0.02409	0.02108	0.02409	0.01656	0.00753	0.00452	0.00151	0.00301	0.00602	0.80879	0.00602
21	0.01340	0.01148	0.01340	0.00957	0.01531	0.00861	0.00766	0.01627	0.01340	0.02105	0.01148	0.01340	0.00957	0.00479	0.00479	0.00096	0.00479	0.00383	0.00383	0.81242
22	0.00764	0.00655	0.00655	0.00655	0.00873	0.00545	0.00491	0.00927	0.01473	0.01745	0.06546	0.06218	0.73000	0.01636	0.00764	0.00218	0.00327	0.01364	0.00600	0.00545
23	0.01204	0.00602	0.00602	0.00602	0.00753	0.00602	0.00452	0.01506	0.01355	0.02409	0.02108	0.02409	0.01656	0.00753	0.00452	0.00151	0.00301	0.00602	0.80879	0.00602
24	0.00940	0.00626	0.00705	0.00705	0.00705	0.00626	0.00392	0.00940	0.00940	0.01253	0.02036	0.04228	0.02349	0.77292	0.03289	0.00626	0.00626	0.00940	0.00392	0.00392
25	0.00787	0.00562	0.00750	0.00900	0.00937	0.00525	0.00600	0.00900	0.01237	0.01649	0.03561	0.76871	0.04274	0.02024	0.00825	0.00262	0.00375	0.01837	0.00600	0.00525
26	0.00923	0.00692	0.01038	0.01038	0.01154	0.00808	0.00808	0.01154	0.01038	0.01500	0.01731	0.02538	0.01615	0.04846	0.74732	0.01038	0.01731	0.00692	0.00346	0.00577
27	0.00919	0.00648	0.00832	0.00840	0.00893	0.00683	0.00564	0.01022	0.01030	0.01415	0.03998	0.08348	0.03934	0.42430	0.28915	0.00732	0.00995	0.00923	0.00402	0.00477
28	0.01398	0.01147	0.01346	0.00964	0.01536	0.00865	0.00772	0.01684	0.01359	0.04769	0.01201	0.01372	0.00981	0.00490	0.00485	0.00100	0.00481	0.00393	0.00398	0.78261
29	0.13364	0.02280	0.30470	0.02028	0.12828	0.06922	0.09485	0.02044	0.01408	0.04795	0.01305	0.01750	0.01045	0.00691	0.00662	0.00208	0.03085	0.04403	0.00347	0.00880
30	0.01426	0.01303	0.01379	0.01014	0.01569	0.06790	0.00804	0.01703	0.01379	0.02063	0.01136	0.01326	0.00947	0.00494	0.00487	0.00101	0.00534	0.00385	0.00379	0.74779
31	0.00890	0.00635	0.00837	0.00956	0.01035	0.00611	0.00711	0.01056	0.01309	0.01726	0.05750	0.40752	0.06483	0.11173	0.01145	0.00315	0.00472	0.23033	0.00576	0.00534
32	0.02414	0.03079	0.01831	0.01665	0.01998	0.74698	0.01248	0.02580	0.01831	0.01581	0.00999	0.01165	0.00832	0.00666	0.00583	0.00166	0.01165	0.00416	0.00333	0.00749
33	0.00969	0.00747	0.01062	0.01125	0.04454	0.00817	0.00817	0.01198	0.01243	0.01762	0.11555	0.11973	0.07632	0.03137	0.37790	0.00634	0.05248	0.03465	0.03769	0.00602
34	0.02456	0.01810	0.01939	0.01487	0.02004	0.02004	0.01228	0.71107	0.03038	0.04072	0.01551	0.01551	0.01099	0.00776	0.00646	0.00194	0.00711	0.00582	0.00646	0.01099
35	0.03823	0.01373	0.02154	0.35466	0.32966	0.03255	0.01759	0.04948	0.01474	0.02023	0.03825	0.01744	0.01127	0.00646	0.00639	0.00202	0.00791	0.00587	0.00337	0.00860
36	0.01204	0.00602	0.00602	0.00602	0.00753	0.00602	0.00452	0.01506	0.01355	0.02409	0.02108	0.02409	0.01656	0.00753	0.00452	0.00151	0.00301	0.00602	0.80879	0.00602
37	0.01204	0.00602	0.00602	0.00602	0.00753	0.00602	0.00452	0.01506	0.01355	0.02409	0.02108	0.02409	0.01656	0.00753	0.00452	0.00151	0.00301	0.00602	0.80879	0.00602
38	0.01228	0.01248	0.02313	0.01936	0.05865	0.03587	0.33514	0.01558	0.01404	0.01867	0.02301	0.35354	0.02452	0.01213	0.00778	0.00235	0.00755	0.01222	0.00449	0.00720
39	0.01525	0.01743	0.03813	0.02723	0.03377	0.01634	0.70915	0.02070	0.01525	0.02070	0.01307	0.01743	0.00980	0.00545	0.00763	0.00218	0.01089	0.00763	0.00327	0.00871
40	0.01317	0.01125	0.01316	0.00955	0.01507	0.00848	0.00759	0.01597	0.01336	0.02087	0.01247	0.04417	0.01092	0.00541	0.00493	0.00102	0.00474	0.00442	0.00392	0.77953
41	0.00764	0.00655	0.00655	0.00655	0.00873	0.00545	0.00491	0.00927	0.01473	0.01745	0.06546	0.06218	0.73000	0.01636	0.00764	0.00218	0.00327	0.01364	0.00600	0.00545
42	0.01204	0.00602	0.00602	0.00602	0.00753	0.00602	0.00452	0.01506	0.01355	0.02409	0.02108	0.02409	0.01656	0.00753	0.00452	0.00151	0.00301	0.00602	0.80879	0.00602
43	0.01811	0.01489	0.01576	0.01356	0.01758	0.01702	0.01072	0.19669	0.55527	0.03031	0.02371	0.02205	0.01763	0.00852	0.00655	0.00213	0.00559	0.00695	0.00655	0.01041
