[name]
unknown

[dist]
# distance from previous block
# <min> <max>
5	81

[block]
# block no. 0 follows, 34 sequences, length 92
# corresponding to MSA columns:
# 94-185
name=unknown_A
#
# <colnr> <probs for GDERKNQSTAVLIFYWHMCP>
#	G	D	E	R	K	N	Q	S	T	A	V	L	I	F	Y	W	H	M	C	P
0	0.04400	0.01924	0.01987	0.02121	0.20236	0.24432	0.04837	0.05646	0.07053	0.07342	0.03904	0.01644	0.01240	0.00685	0.00653	0.00183	0.02850	0.00550	0.00422	0.07893
1	0.01941	0.01665	0.02219	0.11870	0.07645	0.05427	0.11493	0.29686	0.06140	0.04972	0.01426	0.01641	0.01069	0.00750	0.00821	0.00210	0.08995	0.00607	0.00478	0.00944
2	0.09986	0.00982	0.01214	0.01218	0.06718	0.01053	0.00868	0.01725	0.10240	0.05673	0.34722	0.03494	0.09131	0.01112	0.00842	0.00214	0.08583	0.00907	0.00590	0.00730
3	0.01555	0.01621	0.02981	0.02305	0.05165	0.01729	0.40715	0.05422	0.09140	0.02112	0.01348	0.01722	0.01063	0.00735	0.01070	0.00232	0.19158	0.00696	0.00367	0.00864
4	0.00923	0.00692	0.01038	0.01038	0.01154	0.00808	0.00808	0.01154	0.01038	0.01500	0.01731	0.02538	0.01615	0.04846	0.74732	0.01038	0.01731	0.00692	0.00346	0.00577
5	0.05665	0.01456	0.02652	0.01964	0.02474	0.01426	0.34902	0.02379	0.01556	0.27179	0.01670	0.01832	0.01169	0.00706	0.00868	0.00218	0.09787	0.00681	0.00491	0.00924
6	0.00787	0.00562	0.00750	0.00900	0.00937	0.00525	0.00600	0.00900	0.01237	0.01649	0.03561	0.76871	0.04274	0.02024	0.00825	0.00262	0.00375	0.01837	0.00600	0.00525
7	0.01576	0.01536	0.02481	0.06219	0.65078	0.04046	0.01883	0.01944	0.01478	0.02060	0.01449	0.01799	0.04300	0.00630	0.00644	0.00193	0.00765	0.00606	0.00332	0.00981
8	0.04062	0.01762	0.03517	0.02630	0.06325	0.04944	0.60561	0.02114	0.01533	0.04064	0.01311	0.01702	0.00984	0.00560	0.00735	0.00213	0.01045	0.00723	0.00342	0.00874
9	0.00909	0.00660	0.00856	0.00807	0.00962	0.00607	0.00606	0.01209	0.01817	0.02562	0.70623	0.04875	0.08413	0.01332	0.00762	0.00204	0.00306	0.01175	0.00707	0.00607
10	0.00781	0.00655	0.00679	0.00673	0.00884	0.00553	0.00505	0.00961	0.01514	0.01844	0.14272	0.06056	0.65212	0.01600	0.00763	0.00216	0.00325	0.01341	0.00613	0.00553
11	0.81856	0.01250	0.00950	0.00850	0.01250	0.01449	0.00700	0.01899	0.01100	0.02899	0.00900	0.01050	0.00700	0.00600	0.00400	0.00200	0.00500	0.00350	0.00400	0.00700
12	0.01497	0.01443	0.02496	0.22728	0.52097	0.01513	0.05015	0.01900	0.01427	0.01988	0.01202	0.01638	0.00979	0.00593	0.00647	0.00199	0.00807	0.00584	0.00312	0.00937
13	0.81856	0.01250	0.00950	0.00850	0.01250	0.01449	0.00700	0.01899	0.01100	0.02899	0.00900	0.01050	0.00700	0.00600	0.00400	0.00200	0.00500	0.00350	0.00400	0.00700
14	0.02612	0.01561	0.01785	0.01368	0.01879	0.01634	0.01130	0.47266	0.02621	0.28502	0.01901	0.01779	0.01274	0.00784	0.00648	0.00196	0.00654	0.00606	0.00700	0.01099
15	0.00925	0.00685	0.01004	0.01004	0.01107	0.00789	0.00764	0.01132	0.01028	0.01474	0.01762	0.02714	0.01692	0.12382	0.67300	0.00996	0.01616	0.00718	0.00351	0.00558
16	0.81856	0.01250	0.00950	0.00850	0.01250	0.01449	0.00700	0.01899	0.01100	0.02899	0.00900	0.01050	0.00700	0.00600	0.00400	0.00200	0.00500	0.00350	0.00400	0.00700
17	0.00862	0.00658	0.00791	0.00758	0.00933	0.00587	0.00568	0.01117	0.01705	0.02296	0.49756	0.05312	0.29446	0.01431	0.00763	0.00208	0.00313	0.01237	0.00672	0.00587
18	0.00914	0.00660	0.00864	0.00813	0.00965	0.00610	0.00610	0.01219	0.01829	0.02591	0.72921	0.04827	0.06097	0.01321	0.00762	0.00203	0.00305	0.01169	0.00711	0.00610
19	0.00923	0.00692	0.01038	0.01038	0.01154	0.00808	0.00808	0.01154	0.01038	0.01500	0.01731	0.02538	0.01615	0.04846	0.74732	0.01038	0.01731	0.00692	0.00346	0.00577
20	0.01483	0.01417	0.02413	0.25981	0.52156	0.01505	0.01925	0.01881	0.01416	0.01970	0.01195	0.01637	0.00974	0.00597	0.00642	0.00199	0.00796	0.00575	0.00310	0.00930
21	0.02899	0.01100	0.01499	0.01150	0.01649	0.00950	0.00950	0.03149	0.01849	0.73709	0.02549	0.02199	0.01599	0.00800	0.00650	0.00200	0.00550	0.00650	0.00800	0.01100
22	0.00898	0.00769	0.03025	0.00820	0.01030	0.00653	0.00656	0.01212	0.04086	0.02205	0.38008	0.05331	0.32177	0.01436	0.00762	0.00215	0.00357	0.05105	0.00645	0.00608
23	0.02325	0.02912	0.01917	0.01915	0.09746	0.66743	0.01328	0.02515	0.01792	0.01639	0.01022	0.01212	0.00853	0.00656	0.00589	0.00169	0.01122	0.00433	0.00331	0.00779
24	0.01372	0.01304	0.02213	0.46953	0.32048	0.01476	0.01870	0.01784	0.01364	0.01835	0.01175	0.01673	0.00926	0.00618	0.00643	0.00206	0.00824	0.00575	0.00300	0.00840
25	0.10449	0.01502	0.02315	0.07718	0.27075	0.03772	0.12181	0.04457	0.01459	0.09533	0.01279	0.01590	0.01000	0.00694	0.00854	0.00212	0.12047	0.00581	0.00383	0.00898
26	0.01688	0.01428	0.01506	0.01331	0.01711	0.01645	0.01042	0.09861	0.65535	0.02833	0.02527	0.02329	0.01889	0.00867	0.00656	0.00217	0.00530	0.00716	0.00656	0.01030
27	0.08978	0.16897	0.12712	0.03336	0.08760	0.12404	0.04937	0.09839	0.01654	0.10427	0.01347	0.03579	0.01061	0.00682	0.00576	0.00185	0.00791	0.00528	0.00413	0.00895
28	0.01547	0.01681	0.03457	0.03094	0.24249	0.01604	0.50328	0.02044	0.01509	0.02082	0.01280	0.01700	0.00993	0.00554	0.00726	0.00210	0.00993	0.00707	0.00325	0.00917
29	0.01073	0.01045	0.06020	0.01139	0.01456	0.00859	0.08365	0.01492	0.05784	0.02259	0.32712	0.09064	0.11637	0.01181	0.00727	0.00205	0.00485	0.04484	0.00576	0.09439
30	0.00913	0.00655	0.00813	0.00774	0.00936	0.00600	0.00580	0.01197	0.01741	0.02452	0.57846	0.04857	0.15750	0.01326	0.00740	0.00202	0.00308	0.01156	0.06554	0.00600
31	0.02899	0.01100	0.01499	0.01150	0.01649	0.00950	0.00950	0.03149	0.01849	0.73709	0.02549	0.02199	0.01599	0.00800	0.00650	0.00200	0.00550	0.00650	0.00800	0.01100
32	0.00764	0.00655	0.00655	0.00655	0.00873	0.00545	0.00491	0.00927	0.01473	0.01745	0.06546	0.06218	0.73000	0.01636	0.00764	0.00218	0.00327	0.01364	0.00600	0.00545
33	0.01599	0.01535	0.02623	0.03966	0.73262	0.01535	0.01983	0.01983	0.01471	0.02111	0.01215	0.01599	0.01023	0.00576	0.00640	0.00192	0.00768	0.00576	0.00320	0.01023
34	0.01444	0.02491	0.45488	0.01764	0.02514	0.01341	0.12575	0.02049	0.01504	0.09538	0.11276	0.01989	0.01656	0.00720	0.00661	0.00206	0.00844	0.00635	0.00396	0.00909
35	0.00819	0.00652	0.00734	0.00723	0.00909	0.00568	0.00539	0.01031	0.01589	0.02044	0.30217	0.09129	0.45678	0.01542	0.00766	0.00215	0.00322	0.01316	0.00640	0.00568
36	0.01688	0.02606	0.26954	0.01571	0.02084	0.29571	0.01539	0.02198	0.06649	0.01940	0.09750	0.01832	0.01573	0.00954	0.04238	0.00233	0.02860	0.00567	0.00379	0.00815
37	0.00925	0.00685	0.01002	0.01002	0.01105	0.00788	0.00762	0.01131	0.01028	0.01473	0.01764	0.02722	0.01695	0.12723	0.66963	0.00994	0.01611	0.00719	0.00351	0.00557
38	0.01585	0.38448	0.26822	0.01512	0.02164	0.05569	0.05849	0.02047	0.03830	0.01776	0.01074	0.01261	0.00876	0.00615	0.00596	0.00176	0.04192	0.00442	0.00295	0.00871
39	0.02121	0.19039	0.10017	0.01585	0.02054	0.44743	0.03478	0.06414	0.01731	0.01780	0.01037	0.01200	0.00850	0.00639	0.00559	0.00168	0.01011	0.00428	0.00333	0.00813
40	0.01620	0.50548	0.25904	0.01366	0.02038	0.05444	0.01522	0.01999	0.01352	0.01691	0.00986	0.01147	0.00826	0.00577	0.00486	0.00161	0.00797	0.00391	0.00278	0.00866
41	0.01506	0.14926	0.51375	0.01660	0.02475	0.01729	0.01991	0.09605	0.04951	0.02214	0.01231	0.01383	0.00906	0.00634	0.00588	0.00194	0.00865	0.00480	0.00333	0.00954
42	0.01315	0.06665	0.70790	0.01809	0.02746	0.01548	0.02330	0.02041	0.01362	0.02023	0.01148	0.01350	0.00819	0.00611	0.00605	0.00202	0.00943	0.00472	0.00273	0.00949
43	0.00787	0.00562	0.00750	0.00900	0.00937	0.00525	0.00600	0.00900	0.01237	0.01649	0.03561	0.76871	0.04274	0.02024	0.00825	0.00262	0.00375	0.01837	0.00600	0.00525
44	0.02063	0.02360	0.01898	0.01699	0.04203	0.43973	0.06381	0.04377	0.10141	0.03755	0.03916	0.01699	0.03270	0.00772	0.00741	0.00191	0.06788	0.00560	0.00409	0.00804
45	0.01491	0.36879	0.42113	0.01510	0.02283	0.01977	0.01809	0.01996	0.01341	0.01809	0.01042	0.01216	0.00823	0.00586	0.00524	0.00175	0.00836	0.00418	0.00274	0.00898
46	0.00992	0.00921	0.01119	0.01020	0.01162	0.01048	0.00815	0.01148	0.01303	0.01679	0.04547	0.04533	0.47687	0.01459	0.01240	0.00241	0.26913	0.01084	0.00489	0.00602
47	0.01041	0.00744	0.01041	0.01190	0.01339	0.00744	0.01041	0.01339	0.01487	0.01934	0.03421	0.07288	0.03719	0.01785	0.00892	0.00297	0.00595	0.68913	0.00595	0.00595
48	0.01614	0.01076	0.01244	0.01100	0.01387	0.01099	0.00847	0.24339	0.03996	0.11096	0.06473	0.28816	0.11498	0.01353	0.00730	0.00223	0.00501	0.01160	0.00646	0.00803
49	0.01296	0.03342	0.73944	0.01842	0.02797	0.01501	0.02387	0.02046	0.01364	0.02046	0.01160	0.01364	0.00818	0.00614	0.00614	0.00205	0.00955	0.00477	0.00273	0.00955
50	0.00764	0.00655	0.00655	0.00655	0.00873	0.00545	0.00491	0.00927	0.01473	0.01745	0.06546	0.06218	0.73000	0.01636	0.00764	0.00218	0.00327	0.01364	0.00600	0.00545
51	0.05609	0.54962	0.02899	0.01216	0.01708	0.07887	0.01130	0.10179	0.01528	0.01895	0.00981	0.01130	0.00856	0.00624	0.00554	0.00158	0.05119	0.00392	0.00331	0.00842
52	0.00787	0.00562	0.00750	0.00900	0.00937	0.00525	0.00600	0.00900	0.01237	0.01649	0.03561	0.76871	0.04274	0.02024	0.00825	0.00262	0.00375	0.01837	0.00600	0.00525
53	0.00787	0.00562	0.00750	0.00900	0.00937	0.00525	0.00600	0.00900	0.01237	0.01649	0.03561	0.76871	0.04274	0.02024	0.00825	0.00262	0.00375	0.01837	0.00600	0.00525
54	0.01599	0.01535	0.02623	0.03966	0.73262	0.01535	0.01983	0.01983	0.01471	0.02111	0.01215	0.01599	0.01023	0.00576	0.00640	0.00192	0.00768	0.00576	0.00320	0.01023
55	0.02414	0.03079	0.01831	0.01665	0.01998	0.74698	0.01248	0.02580	0.01831	0.01581	0.00999	0.01165	0.00832	0.00666	0.00583	0.00166	0.01165	0.00416	0.00333	0.00749
56	0.00787	0.00562	0.00750	0.00900	0.00937	0.00525	0.00600	0.00900	0.01237	0.01649	0.03561	0.76871	0.04274	0.02024	0.00825	0.00262	0.00375	0.01837	0.00600	0.00525
57	0.01966	0.08264	0.02104	0.16262	0.13699	0.40801	0.01464	0.02220	0.01600	0.01673	0.01049	0.01340	0.00868	0.00655	0.00644	0.00182	0.03629	0.00472	0.00316	0.00791
58	0.01506	0.01568	0.01965	0.01693	0.01724	0.08706	0.01398	0.01650	0.01067	0.01557	0.00862	0.01391	0.00847	0.01088	0.01978	0.00272	0.69177	0.00552	0.00287	0.00711
59	0.01261	0.05495	0.17598	0.03799	0.07320	0.06414	0.06371	0.01705	0.04659	0.01995	0.12299	0.03264	0.19697	0.01011	0.00717	0.00207	0.02448	0.02524	0.00452	0.00765
60	0.02368	0.03003	0.01838	0.01666	0.01984	0.71375	0.01256	0.02533	0.01793	0.01580	0.00992	0.01177	0.00833	0.00687	0.00653	0.00172	0.04590	0.00423	0.00331	0.00747
61	0.00764	0.00655	0.00655	0.00655	0.00873	0.00545	0.00491	0.00927	0.01473	0.01745	0.06546	0.06218	0.73000	0.01636	0.00764	0.00218	0.00327	0.01364	0.00600	0.00545
62	0.00907	0.00660	0.00854	0.00805	0.00961	0.00607	0.00604	0.01205	0.01812	0.02550	0.69717	0.04894	0.09325	0.01336	0.00762	0.00204	0.00306	0.01178	0.00706	0.00607
63	0.01566	0.01732	0.10378	0.03735	0.65600	0.01531	0.02027	0.01990	0.01460	0.02104	0.01209	0.01574	0.01001	0.00580	0.00637	0.00193	0.00788	0.00565	0.00315	0.01016
64	0.00923	0.00692	0.01038	0.01038	0.01154	0.00808	0.00808	0.01154	0.01038	0.01500	0.01731	0.02538	0.01615	0.04846	0.74732	0.01038	0.01731	0.00692	0.00346	0.00577
65	0.01393	0.01385	0.01975	0.09747	0.01996	0.01920	0.01455	0.01565	0.01022	0.01565	0.00881	0.01447	0.00850	0.01078	0.01960	0.00275	0.67928	0.00566	0.00283	0.00708
66	0.81856	0.01250	0.00950	0.00850	0.01250	0.01449	0.00700	0.01899	0.01100	0.02899	0.00900	0.01050	0.00700	0.00600	0.00400	0.00200	0.00500	0.00350	0.00400	0.00700
67	0.00940	0.00626	0.00705	0.00705	0.00705	0.00626	0.00392	0.00940	0.00940	0.01253	0.02036	0.04228	0.02349	0.77292	0.03289	0.00626	0.00626	0.00940	0.00392	0.00392
68	0.00776	0.00659	0.00672	0.00679	0.00894	0.00555	0.00516	0.00946	0.01473	0.01754	0.06403	0.06267	0.69833	0.01643	0.00770	0.00222	0.00340	0.04451	0.00600	0.00548
69	0.01494	0.01657	0.03504	0.11489	0.08519	0.01603	0.57755	0.02014	0.01493	0.02023	0.01282	0.01730	0.00969	0.00559	0.00740	0.00216	0.01039	0.00727	0.00322	0.00864
70	0.01688	0.01564	0.02552	0.03710	0.65891	0.01584	0.01905	0.09133	0.01633	0.02314	0.01250	0.01594	0.01031	0.00596	0.00640	0.00192	0.00762	0.00576	0.00354	0.01031
71	0.02171	0.01562	0.01863	0.01479	0.01935	0.01676	0.05759	0.49644	0.02574	0.08570	0.01935	0.05955	0.01604	0.00947	0.00693	0.00212	0.00694	0.09105	0.00628	0.00994
72	0.01659	0.09337	0.01990	0.01494	0.01693	0.01873	0.01255	0.16541	0.01496	0.04355	0.01163	0.01562	0.01015	0.01425	0.10208	0.00336	0.40850	0.00564	0.00384	0.00801
73	0.01838	0.02748	0.25941	0.01826	0.02421	0.29487	0.11260	0.05485	0.08997	0.02031	0.01289	0.01458	0.00979	0.00659	0.00629	0.00193	0.00997	0.00525	0.00360	0.00878
74	0.00787	0.00562	0.00750	0.00900	0.00937	0.00525	0.00600	0.00900	0.01237	0.01649	0.03561	0.76871	0.04274	0.02024	0.00825	0.00262	0.00375	0.01837	0.00600	0.00525
75	0.00925	0.00683	0.00992	0.00992	0.01092	0.00783	0.00750	0.01124	0.01025	0.01466	0.01773	0.02773	0.01717	0.14891	0.64826	0.00981	0.01578	0.00727	0.00352	0.00551
76	0.00764	0.00655	0.00655	0.00655	0.00873	0.00545	0.00491	0.00927	0.01473	0.01745	0.06546	0.06218	0.73000	0.01636	0.00764	0.00218	0.00327	0.01364	0.00600	0.00545
77	0.00773	0.00617	0.00693	0.00754	0.00899	0.00537	0.00535	0.00916	0.01377	0.01706	0.05332	0.34946	0.45055	0.01794	0.00788	0.00236	0.00347	0.01556	0.00600	0.00537
78	0.00787	0.00562	0.00750	0.00900	0.00937	0.00525	0.00600	0.00900	0.01237	0.01649	0.03561	0.76871	0.04274	0.02024	0.00825	0.00262	0.00375	0.01837	0.00600	0.00525
79	0.01346	0.03272	0.71667	0.01820	0.02760	0.01483	0.02342	0.02081	0.01379	0.04299	0.01203	0.01390	0.00843	0.00620	0.00615	0.00204	0.00942	0.00483	0.00289	0.00959
80	0.00925	0.00684	0.00998	0.00998	0.01099	0.00786	0.00757	0.01128	0.01026	0.01470	0.01768	0.02744	0.01705	0.13663	0.66037	0.00988	0.01596	0.00722	0.00352	0.00554
81	0.01497	0.00688	0.00757	0.00697	0.00908	0.00662	0.00538	0.01790	0.01440	0.14735	0.02184	0.02373	0.01646	0.00761	0.00486	0.00159	0.00344	0.00610	0.67036	0.00688
82	0.02414	0.01476	0.01674	0.01299	0.01780	0.01535	0.01068	0.43383	0.02518	0.24802	0.02368	0.02229	0.08687	0.00872	0.00660	0.00198	0.00623	0.00683	0.00688	0.01042
83	0.01484	0.01548	0.02173	0.23398	0.11561	0.10306	0.09041	0.01784	0.01305	0.01715	0.01169	0.04905	0.01039	0.00844	0.01124	0.00230	0.24667	0.00630	0.00313	0.00764
84	0.81856	0.01250	0.00950	0.00850	0.01250	0.01449	0.00700	0.01899	0.01100	0.02899	0.00900	0.01050	0.00700	0.00600	0.00400	0.00200	0.00500	0.00350	0.00400	0.00700
85	0.02456	0.01810	0.01939	0.01487	0.02004	0.02004	0.01228	0.71107	0.03038	0.04072	0.01551	0.01551	0.01099	0.00776	0.00646	0.00194	0.00711	0.00582	0.00646	0.01099
86	0.00787	0.00562	0.00750	0.00900	0.00937	0.00525	0.00600	0.00900	0.01237	0.01649	0.03561	0.76871	0.04274	0.02024	0.00825	0.00262	0.00375	0.01837	0.00600	0.00525
87	0.01421	0.01354	0.02301	0.37674	0.40945	0.01488	0.01894	0.01827	0.01387	0.01895	0.01184	0.01657	0.00947	0.00609	0.00643	0.00203	0.00812	0.00575	0.00304	0.00880
88	0.04766	0.28789	0.02411	0.10365	0.06301	0.29366	0.01286	0.06415	0.01613	0.01799	0.01025	0.01231	0.00858	0.00623	0.00532	0.00167	0.00888	0.00427	0.00329	0.00809
89	0.00907	0.00610	0.00800	0.00903	0.00984	0.00568	0.00628	0.01042	0.01296	0.05061	0.05361	0.59535	0.09075	0.03943	0.02742	0.00285	0.00428	0.04676	0.00600	0.00556
90	0.00812	0.00644	0.00721	0.00755	0.00918	0.00568	0.00557	0.00979	0.01431	0.01784	0.10954	0.18255	0.46034	0.06179	0.00934	0.00255	0.00372	0.06710	0.00596	0.00542
91	0.02103	0.01586	0.02082	0.02307	0.26929	0.01673	0.01453	0.35455	0.04291	0.09483	0.01644	0.01928	0.01269	0.00759	0.00657	0.00199	0.00705	0.03888	0.00543	0.01046

[dist]
# distance from previous block
# <min> <max>
0	3

[block]
# block no. 1 follows, 34 sequences, length 59
# corresponding to MSA columns:
# 189-247
name=unknown_B
#
# <colnr> <probs for GDERKNQSTAVLIFYWHMCP>
#	G	D	E	R	K	N	Q	S	T	A	V	L	I	F	Y	W	H	M	C	P
0	0.19523	0.03720	0.05152	0.12712	0.12038	0.08387	0.03530	0.12195	0.03639	0.02421	0.01172	0.01424	0.00918	0.00667	0.00662	0.00196	0.05368	0.00500	0.00390	0.05386
1	0.18226	0.03846	0.07618	0.08783	0.19806	0.07209	0.03527	0.02205	0.13377	0.02231	0.01332	0.01558	0.01053	0.00684	0.00685	0.00205	0.05864	0.00533	0.00385	0.00870
2	0.38642	0.01191	0.01216	0.05220	0.01560	0.01241	0.00838	0.03922	0.01299	0.08146	0.01240	0.03562	0.01000	0.00661	0.00555	0.00177	0.03977	0.00463	0.02612	0.22480
3	0.00803	0.00602	0.00748	0.00837	0.00936	0.00546	0.00587	0.00956	0.01370	0.01789	0.12225	0.49098	0.21524	0.01841	0.00804	0.00246	0.00361	0.03573	0.00612	0.00542
4	0.01770	0.15280	0.08197	0.01262	0.01786	0.04944	0.01126	0.24517	0.01908	0.02575	0.01454	0.08369	0.01271	0.00753	0.00571	0.00164	0.00656	0.00586	0.00459	0.22351
5	0.01296	0.03342	0.73944	0.01842	0.02797	0.01501	0.02387	0.02046	0.01364	0.02046	0.01160	0.01364	0.00818	0.00614	0.00614	0.00205	0.00955	0.00477	0.00273	0.00955
6	0.02024	0.06454	0.04088	0.01654	0.10116	0.19548	0.01209	0.11680	0.01787	0.15068	0.03934	0.04230	0.04132	0.03804	0.00824	0.00213	0.05187	0.02693	0.00490	0.00865
7	0.01521	0.21034	0.32685	0.04513	0.18878	0.04600	0.04223	0.02013	0.01398	0.01902	0.01107	0.01355	0.00876	0.00591	0.00576	0.00185	0.00856	0.00478	0.00289	0.00922
8	0.02319	0.01212	0.01447	0.01175	0.01603	0.01220	0.00949	0.12308	0.19676	0.38142	0.02383	0.02188	0.01632	0.00810	0.00629	0.00198	0.00534	0.00655	0.09895	0.01023
9	0.01491	0.01422	0.02415	0.10818	0.49968	0.01451	0.07117	0.01967	0.05512	0.02139	0.07961	0.01969	0.01529	0.00667	0.00662	0.00199	0.00745	0.00654	0.00373	0.00942
10	0.01509	0.01277	0.01350	0.01164	0.01501	0.07945	0.03661	0.08439	0.19784	0.06485	0.14538	0.03434	0.17298	0.01062	0.00688	0.00202	0.00544	0.02689	0.00599	0.05832
11	0.00925	0.00685	0.01004	0.01004	0.01107	0.00789	0.00765	0.01132	0.01028	0.01474	0.01762	0.02713	0.01691	0.12353	0.67328	0.00996	0.01616	0.00718	0.00351	0.00558
12	0.00842	0.00658	0.00763	0.00737	0.00921	0.00579	0.00553	0.01079	0.01658	0.02185	0.41082	0.05494	0.38189	0.01472	0.00763	0.00210	0.00316	0.01262	0.00658	0.00579
13	0.01445	0.01346	0.02093	0.26450	0.34016	0.01478	0.01672	0.02121	0.15387	0.02065	0.01687	0.01984	0.04039	0.00700	0.00650	0.00206	0.00730	0.00637	0.00387	0.00906
14	0.01525	0.01743	0.03813	0.02723	0.03377	0.01634	0.70915	0.02070	0.01525	0.02070	0.01307	0.01743	0.00980	0.00545	0.00763	0.00218	0.01089	0.00763	0.00327	0.00871
15	0.01607	0.01388	0.01461	0.01315	0.01680	0.01607	0.01023	0.03433	0.72094	0.02703	0.02630	0.02411	0.01972	0.00877	0.00657	0.00219	0.00511	0.00731	0.00657	0.01023
16	0.00790	0.00570	0.00749	0.00886	0.00935	0.00528	0.00595	0.00911	0.01267	0.01684	0.05893	0.71356	0.07477	0.01984	0.00820	0.00259	0.00370	0.01794	0.00603	0.00528
17	0.01600	0.04051	0.04241	0.13889	0.02230	0.25008	0.06056	0.01844	0.01408	0.01650	0.01392	0.09663	0.01309	0.01208	0.06200	0.02584	0.11522	0.00670	0.02774	0.00701
18	0.81856	0.01250	0.00950	0.00850	0.01250	0.01449	0.00700	0.01899	0.01100	0.02899	0.00900	0.01050	0.00700	0.00600	0.00400	0.00200	0.00500	0.00350	0.00400	0.00700
19	0.00787	0.00562	0.00750	0.00900	0.00937	0.00525	0.00600	0.00900	0.01237	0.01649	0.03561	0.76871	0.04274	0.02024	0.00825	0.00262	0.00375	0.01837	0.00600	0.00525
20	0.01620	0.01561	0.02211	0.14187	0.14584	0.11679	0.15459	0.04522	0.01592	0.06233	0.11395	0.02136	0.01739	0.02833	0.00835	0.00217	0.05278	0.00688	0.00413	0.00817
21	0.00923	0.00692	0.01038	0.01038	0.01154	0.00808	0.00808	0.01154	0.01038	0.01500	0.01731	0.02538	0.01615	0.04846	0.74732	0.01038	0.01731	0.00692	0.00346	0.00577
22	0.00787	0.00562	0.00750	0.00900	0.00937	0.00525	0.00600	0.00900	0.01237	0.01649	0.03561	0.76871	0.04274	0.02024	0.00825	0.00262	0.00375	0.01837	0.00600	0.00525
23	0.01414	0.01414	0.01979	0.01696	0.01696	0.01979	0.01414	0.01555	0.00990	0.01555	0.00848	0.01414	0.00848	0.01131	0.02120	0.00283	0.76110	0.00565	0.00283	0.00707
24	0.12479	0.15572	0.44056	0.01574	0.02333	0.04485	0.04004	0.02073	0.01362	0.04923	0.01134	0.01303	0.00841	0.00609	0.00556	0.00191	0.00844	0.00451	0.00316	0.00894
25	0.01494	0.01961	0.13385	0.02603	0.03298	0.01616	0.61562	0.02067	0.01503	0.02067	0.01287	0.01691	0.00958	0.00554	0.00742	0.00216	0.01071	0.00724	0.00319	0.00883
26	0.81856	0.01250	0.00950	0.00850	0.01250	0.01449	0.00700	0.01899	0.01100	0.02899	0.00900	0.01050	0.00700	0.00600	0.00400	0.00200	0.00500	0.00350	0.00400	0.00700
27	0.00914	0.00660	0.00864	0.00813	0.00965	0.00610	0.00610	0.01219	0.01829	0.02591	0.72921	0.04827	0.06097	0.01321	0.00762	0.00203	0.00305	0.01169	0.00711	0.00610
28	0.00764	0.00655	0.00655	0.00655	0.00873	0.00545	0.00491	0.00927	0.01473	0.01745	0.06546	0.06218	0.73000	0.01636	0.00764	0.00218	0.00327	0.01364	0.00600	0.00545
29	0.01414	0.01414	0.01979	0.01696	0.01696	0.01979	0.01414	0.01555	0.00990	0.01555	0.00848	0.01414	0.00848	0.01131	0.02120	0.00283	0.76110	0.00565	0.00283	0.00707
30	0.01220	0.01148	0.01938	0.75739	0.04450	0.01436	0.01794	0.01651	0.01292	0.01651	0.01148	0.01723	0.00861	0.00646	0.00646	0.00215	0.00861	0.00574	0.00287	0.00718
31	0.01727	0.77681	0.03386	0.01106	0.01658	0.02557	0.01106	0.01935	0.01313	0.01520	0.00898	0.01036	0.00829	0.00553	0.00415	0.00138	0.00691	0.00345	0.00276	0.00829
32	0.00764	0.00655	0.00655	0.00655	0.00873	0.00545	0.00491	0.00927	0.01473	0.01745	0.06546	0.06218	0.73000	0.01636	0.00764	0.00218	0.00327	0.01364	0.00600	0.00545
33	0.01599	0.01535	0.02623	0.03966	0.73262	0.01535	0.01983	0.01983	0.01471	0.02111	0.01215	0.01599	0.01023	0.00576	0.00640	0.00192	0.00768	0.00576	0.00320	0.01023
34	0.02882	0.01126	0.01516	0.01162	0.01663	0.00989	0.00960	0.05690	0.01894	0.71105	0.02512	0.02175	0.01581	0.00799	0.00650	0.00200	0.00556	0.00647	0.00794	0.01100
35	0.02899	0.01100	0.01499	0.01150	0.01649	0.00950	0.00950	0.03149	0.01849	0.73709	0.02549	0.02199	0.01599	0.00800	0.00650	0.00200	0.00550	0.00650	0.00800	0.01100
36	0.02414	0.03079	0.01831	0.01665	0.01998	0.74698	0.01248	0.02580	0.01831	0.01581	0.00999	0.01165	0.00832	0.00666	0.00583	0.00166	0.01165	0.00416	0.00333	0.00749
37	0.00782	0.00583	0.00728	0.00844	0.00922	0.00530	0.00575	0.00906	0.01291	0.01671	0.04243	0.60739	0.19965	0.01936	0.00811	0.00252	0.00364	0.01729	0.00600	0.00530
38	0.00787	0.00562	0.00750	0.00900	0.00937	0.00525	0.00600	0.00900	0.01237	0.01649	0.03561	0.76871	0.04274	0.02024	0.00825	0.00262	0.00375	0.01837	0.00600	0.00525
39	0.00787	0.00562	0.00750	0.00900	0.00937	0.00525	0.00600	0.00900	0.01237	0.01649	0.03561	0.76871	0.04274	0.02024	0.00825	0.00262	0.00375	0.01837	0.00600	0.00525
40	0.01829	0.49007	0.02739	0.01222	0.01723	0.05078	0.01111	0.11704	0.15888	0.02110	0.01342	0.01390	0.01097	0.00653	0.00502	0.00163	0.00676	0.00458	0.00406	0.00902
41	0.04630	0.08290	0.18759	0.01508	0.04873	0.01553	0.01412	0.22090	0.01992	0.26006	0.01697	0.01663	0.01159	0.00714	0.00613	0.00194	0.00710	0.00552	0.00557	0.01028
42	0.01932	0.24770	0.11917	0.01529	0.02005	0.27202	0.03236	0.07940	0.03707	0.01876	0.01080	0.01260	0.00891	0.00678	0.00684	0.00179	0.07489	0.00449	0.00339	0.00837
43	0.18371	0.04646	0.01677	0.04321	0.01903	0.50500	0.01139	0.04228	0.01654	0.01915	0.01021	0.01217	0.00840	0.00792	0.03041	0.00204	0.01012	0.00421	0.00352	0.00744
44	0.01086	0.00865	0.00999	0.00929	0.01152	0.00881	0.00707	0.01797	0.21582	0.02488	0.42565	0.04366	0.15557	0.01246	0.00733	0.00210	0.00367	0.01076	0.00678	0.00716
45	0.00903	0.00660	0.00848	0.00801	0.00958	0.00605	0.00601	0.01197	0.01802	0.02527	0.67881	0.04932	0.11177	0.01345	0.00762	0.00204	0.00307	0.01183	0.00703	0.00605
46	0.01599	0.01535	0.02623	0.03966	0.73262	0.01535	0.01983	0.01983	0.01471	0.02111	0.01215	0.01599	0.01023	0.00576	0.00640	0.00192	0.00768	0.00576	0.00320	0.01023
47	0.00787	0.00562	0.00750	0.00900	0.00937	0.00525	0.00600	0.00900	0.01237	0.01649	0.03561	0.76871	0.04274	0.02024	0.00825	0.00262	0.00375	0.01837	0.00600	0.00525
48	0.02899	0.01100	0.01499	0.01150	0.01649	0.00950	0.00950	0.03149	0.01849	0.73709	0.02549	0.02199	0.01599	0.00800	0.00650	0.00200	0.00550	0.00650	0.00800	0.01100
49	0.01727	0.77681	0.03386	0.01106	0.01658	0.02557	0.01106	0.01935	0.01313	0.01520	0.00898	0.01036	0.00829	0.00553	0.00415	0.00138	0.00691	0.00345	0.00276	0.00829
50	0.00940	0.00626	0.00705	0.00705	0.00705	0.00626	0.00392	0.00940	0.00940	0.01253	0.02036	0.04228	0.02349	0.77292	0.03289	0.00626	0.00626	0.00940	0.00392	0.00392
51	0.81856	0.01250	0.00950	0.00850	0.01250	0.01449	0.00700	0.01899	0.01100	0.02899	0.00900	0.01050	0.00700	0.00600	0.00400	0.00200	0.00500	0.00350	0.00400	0.00700
52	0.00914	0.00660	0.00864	0.00813	0.00965	0.00610	0.00610	0.01219	0.01829	0.02591	0.72921	0.04827	0.06097	0.01321	0.00762	0.00203	0.00305	0.01169	0.00711	0.00610
53	0.02456	0.01810	0.01939	0.01487	0.02004	0.02004	0.01228	0.71107	0.03038	0.04072	0.01551	0.01551	0.01099	0.00776	0.00646	0.00194	0.00711	0.00582	0.00646	0.01099
54	0.01607	0.01388	0.01461	0.01315	0.01680	0.01607	0.01023	0.03433	0.72094	0.02703	0.02630	0.02411	0.01972	0.00877	0.00657	0.00219	0.00511	0.00731	0.00657	0.01023
55	0.01328	0.01223	0.01977	0.33989	0.24299	0.01337	0.03790	0.04826	0.01469	0.01942	0.02058	0.02609	0.10933	0.00828	0.00678	0.00212	0.00745	0.04580	0.00375	0.00801
56	0.00900	0.00660	0.00844	0.00798	0.00957	0.00604	0.00599	0.01192	0.01796	0.02512	0.66752	0.04956	0.12315	0.01350	0.00762	0.00205	0.00307	0.01187	0.00701	0.00604
57	0.05565	0.02586	0.01773	0.01554	0.01930	0.51180	0.01194	0.14020	0.06943	0.05428	0.01272	0.01360	0.00987	0.00702	0.00594	0.00178	0.00989	0.00474	0.00432	0.00840
58	0.02091	0.02217	0.01757	0.08420	0.02131	0.35904	0.01233	0.15889	0.16819	0.02304	0.01489	0.01601	0.01154	0.00870	0.03112	0.00217	0.00930	0.00539	0.00458	0.00866

[dist]
# distance from previous block
# <min> <max>
0	2

[block]
# block no. 2 follows, 34 sequences, length 60
# corresponding to MSA columns:
# 250-309
name=unknown_C
#
# <colnr> <probs for GDERKNQSTAVLIFYWHMCP>
#	G	D	E	R	K	N	Q	S	T	A	V	L	I	F	Y	W	H	M	C	P
0	0.01417	0.01073	0.01272	0.01224	0.01481	0.01151	0.01003	0.16261	0.16261	0.02543	0.06821	0.12738	0.03011	0.01389	0.00778	0.00251	0.00561	0.29359	0.00626	0.00781
1	0.02826	0.01102	0.01492	0.01141	0.01644	0.00946	0.00941	0.03078	0.01826	0.70369	0.02484	0.02159	0.01569	0.00785	0.00642	0.00195	0.00546	0.00637	0.00780	0.04839
2	0.01027	0.00749	0.01062	0.01259	0.04150	0.00744	0.01015	0.01301	0.01451	0.01900	0.03353	0.17129	0.03691	0.01771	0.00873	0.00288	0.00570	0.56481	0.00585	0.00602
3	0.01607	0.01388	0.01461	0.01315	0.01680	0.01607	0.01023	0.03433	0.72094	0.02703	0.02630	0.02411	0.01972	0.00877	0.00657	0.00219	0.00511	0.00731	0.00657	0.01023
4	0.00840	0.00612	0.00858	0.00947	0.01017	0.00630	0.00675	0.01002	0.01183	0.01624	0.05014	0.47737	0.03366	0.03025	0.27604	0.00542	0.00864	0.01402	0.00511	0.00546
5	0.02899	0.01100	0.01499	0.01150	0.01649	0.00950	0.00950	0.03149	0.01849	0.73709	0.02549	0.02199	0.01599	0.00800	0.00650	0.00200	0.00550	0.00650	0.00800	0.01100
6	0.81856	0.01250	0.00950	0.00850	0.01250	0.01449	0.00700	0.01899	0.01100	0.02899	0.00900	0.01050	0.00700	0.00600	0.00400	0.00200	0.00500	0.00350	0.00400	0.00700
7	0.02333	0.01749	0.01870	0.01462	0.01957	0.01946	0.01198	0.61316	0.13030	0.03874	0.01707	0.01676	0.01225	0.00790	0.00648	0.00198	0.00682	0.00603	0.00648	0.01088
8	0.00987	0.00775	0.00964	0.00920	0.01152	0.00647	0.00660	0.01163	0.01274	0.01815	0.02687	0.49501	0.03072	0.01464	0.00699	0.00202	0.00412	0.01310	0.00521	0.29774
9	0.02373	0.03011	0.01837	0.01666	0.01985	0.71708	0.01255	0.02538	0.01796	0.01580	0.00993	0.01175	0.00833	0.00685	0.00646	0.00171	0.04247	0.00422	0.00331	0.00747
10	0.01122	0.00561	0.00842	0.00842	0.00842	0.00561	0.00561	0.00842	0.00842	0.01122	0.01122	0.01964	0.01122	0.02245	0.02525	0.81201	0.00561	0.00561	0.00281	0.00281
11	0.01041	0.00744	0.01041	0.01190	0.01339	0.00744	0.01041	0.01339	0.01487	0.01934	0.03421	0.07288	0.03719	0.01785	0.00892	0.00297	0.00595	0.68913	0.00595	0.00595
12	0.02857	0.01166	0.01541	0.01181	0.01683	0.01049	0.00976	0.09523	0.01961	0.67178	0.02456	0.02138	0.01552	0.00797	0.00649	0.00199	0.00565	0.00643	0.00785	0.01100
13	0.01340	0.01148	0.01340	0.00957	0.01531	0.00861	0.00766	0.01627	0.01340	0.02105	0.01148	0.01340	0.00957	0.00479	0.00479	0.00096	0.00479	0.00383	0.00383	0.81242
14	0.01296	0.03342	0.73944	0.01842	0.02797	0.01501	0.02387	0.02046	0.01364	0.02046	0.01160	0.01364	0.00818	0.00614	0.00614	0.00205	0.00955	0.00477	0.00273	0.00955
15	0.00818	0.00657	0.00730	0.00712	0.00906	0.00569	0.00534	0.01033	0.01602	0.02052	0.30598	0.05714	0.48756	0.01522	0.00763	0.00213	0.00319	0.01293	0.00640	0.00569
16	0.00875	0.00667	0.00824	0.00910	0.01060	0.00615	0.00719	0.01082	0.01440	0.01826	0.07396	0.22303	0.29902	0.01764	0.00824	0.00256	0.00434	0.25939	0.00603	0.00561
17	0.38439	0.01142	0.01089	0.01017	0.01346	0.01277	0.00811	0.02176	0.19947	0.05894	0.02133	0.09889	0.04214	0.00973	0.00581	0.00221	0.00496	0.07054	0.00532	0.00771
18	0.31201	0.02416	0.01512	0.01369	0.01726	0.48155	0.01050	0.02333	0.01566	0.02059	0.00963	0.01123	0.00784	0.00642	0.00516	0.00179	0.00924	0.00392	0.00357	0.00731
19	0.01446	0.01473	0.02525	0.36699	0.23198	0.04924	0.16656	0.01876	0.01417	0.01865	0.01194	0.01667	0.00931	0.00606	0.00666	0.00207	0.00898	0.00608	0.00307	0.00837
20	0.81856	0.01250	0.00950	0.00850	0.01250	0.01449	0.00700	0.01899	0.01100	0.02899	0.00900	0.01050	0.00700	0.00600	0.00400	0.00200	0.00500	0.00350	0.00400	0.00700
21	0.02899	0.01100	0.01499	0.01150	0.01649	0.00950	0.00950	0.03149	0.01849	0.73709	0.02549	0.02199	0.01599	0.00800	0.00650	0.00200	0.00550	0.00650	0.00800	0.01100
22	0.02378	0.01771	0.01895	0.01471	0.01974	0.01967	0.01209	0.64892	0.09380	0.03946	0.01650	0.01630	0.01179	0.00785	0.00647	0.00196	0.00693	0.00595	0.00647	0.01092
23	0.01607	0.01388	0.01461	0.01315	0.01680	0.01607	0.01023	0.03433	0.72094	0.02703	0.02630	0.02411	0.01972	0.00877	0.00657	0.00219	0.00511	0.00731	0.00657	0.01023
24	0.00833	0.00598	0.00791	0.00868	0.00947	0.00556	0.00603	0.01016	0.01452	0.01991	0.28695	0.50764	0.04934	0.01769	0.00802	0.00241	0.00349	0.01595	0.00640	0.00556
25	0.02456	0.01810	0.01939	0.01487	0.02004	0.02004	0.01228	0.71107	0.03038	0.04072	0.01551	0.01551	0.01099	0.00776	0.00646	0.00194	0.00711	0.00582	0.00646	0.01099
26	0.01727	0.77681	0.03386	0.01106	0.01658	0.02557	0.01106	0.01935	0.01313	0.01520	0.00898	0.01036	0.00829	0.00553	0.00415	0.00138	0.00691	0.00345	0.00276	0.00829
27	0.00796	0.00679	0.00688	0.00681	0.00902	0.00582	0.00512	0.01019	0.03780	0.01806	0.08707	0.06047	0.68385	0.01601	0.00760	0.00218	0.00332	0.01336	0.00606	0.00563
28	0.01122	0.00561	0.00842	0.00842	0.00842	0.00561	0.00561	0.00842	0.00842	0.01122	0.01122	0.01964	0.01122	0.02245	0.02525	0.81201	0.00561	0.00561	0.00281	0.00281
29	0.02456	0.01810	0.01939	0.01487	0.02004	0.02004	0.01228	0.71107	0.03038	0.04072	0.01551	0.01551	0.01099	0.00776	0.00646	0.00194	0.00711	0.00582	0.00646	0.01099
30	0.00787	0.00562	0.00750	0.00900	0.00937	0.00525	0.00600	0.00900	0.01237	0.01649	0.03561	0.76871	0.04274	0.02024	0.00825	0.00262	0.00375	0.01837	0.00600	0.00525
31	0.81856	0.01250	0.00950	0.00850	0.01250	0.01449	0.00700	0.01899	0.01100	0.02899	0.00900	0.01050	0.00700	0.00600	0.00400	0.00200	0.00500	0.00350	0.00400	0.00700
32	0.02860	0.01162	0.01538	0.01179	0.01680	0.01042	0.00974	0.09077	0.01953	0.67635	0.02462	0.02143	0.01556	0.00798	0.00649	0.00199	0.00564	0.00644	0.00786	0.01100
33	0.01607	0.01388	0.01461	0.01315	0.01680	0.01607	0.01023	0.03433	0.72094	0.02703	0.02630	0.02411	0.01972	0.00877	0.00657	0.00219	0.00511	0.00731	0.00657	0.01023
34	0.00897	0.00655	0.00843	0.00805	0.00957	0.00601	0.00600	0.01182	0.01775	0.02484	0.64694	0.08292	0.11043	0.01377	0.00765	0.00207	0.00310	0.01214	0.00698	0.00601
35	0.00889	0.00645	0.00839	0.00821	0.00958	0.00594	0.00604	0.01159	0.01724	0.02415	0.59790	0.16081	0.08175	0.01441	0.00772	0.00213	0.00317	0.01279	0.00690	0.00594
36	0.01296	0.03342	0.73944	0.01842	0.02797	0.01501	0.02387	0.02046	0.01364	0.02046	0.01160	0.01364	0.00818	0.00614	0.00614	0.00205	0.00955	0.00477	0.00273	0.00955
37	0.00821	0.00601	0.00778	0.00897	0.00977	0.00558	0.00638	0.00972	0.01330	0.01748	0.07855	0.55652	0.13101	0.01907	0.00821	0.00257	0.00390	0.09549	0.00606	0.00540
38	0.00814	0.00584	0.00777	0.00915	0.00972	0.00548	0.00636	0.00952	0.01289	0.01715	0.06478	0.66052	0.06060	0.01965	0.00826	0.00262	0.00390	0.07626	0.00604	0.00535
39	0.01607	0.01388	0.01461	0.01315	0.01680	0.01607	0.01023	0.03433	0.72094	0.02703	0.02630	0.02411	0.01972	0.00877	0.00657	0.00219	0.00511	0.00731	0.00657	0.01023
40	0.70244	0.01291	0.01192	0.01301	0.11669	0.01462	0.00885	0.01911	0.01153	0.02785	0.00945	0.01129	0.00747	0.00596	0.00435	0.00199	0.00539	0.00383	0.00388	0.00747
41	0.02299	0.06801	0.01976	0.01785	0.06850	0.60636	0.01294	0.05715	0.01815	0.01731	0.01031	0.01213	0.00858	0.00671	0.00619	0.00171	0.02970	0.00435	0.00343	0.00788
42	0.01340	0.01148	0.01340	0.00957	0.01531	0.00861	0.00766	0.01627	0.01340	0.02105	0.01148	0.01340	0.00957	0.00479	0.00479	0.00096	0.00479	0.00383	0.00383	0.81242
43	0.01340	0.01148	0.01340	0.00957	0.01531	0.00861	0.00766	0.01627	0.01340	0.02105	0.01148	0.01340	0.00957	0.00479	0.00479	0.00096	0.00479	0.00383	0.00383	0.81242
44	0.00937	0.00636	0.00753	0.00753	0.00770	0.00653	0.00452	0.00971	0.00954	0.01289	0.01992	0.03984	0.02243	0.66810	0.13626	0.00686	0.00786	0.00904	0.00385	0.00418
45	0.01398	0.01331	0.01842	0.01591	0.01635	0.01812	0.01317	0.05160	0.01104	0.01680	0.01012	0.01583	0.00972	0.01646	0.12481	0.00387	0.61446	0.00585	0.00311	0.00709
46	0.02309	0.02880	0.01933	0.01962	0.11197	0.65253	0.01343	0.02503	0.01785	0.01650	0.01027	0.01221	0.00857	0.00654	0.00590	0.00170	0.01114	0.00437	0.00331	0.00784
47	0.00787	0.00562	0.00750	0.00900	0.00937	0.00525	0.00600	0.00900	0.01237	0.01649	0.03561	0.76871	0.04274	0.02024	0.00825	0.00262	0.00375	0.01837	0.00600	0.00525
48	0.01022	0.00797	0.00948	0.00912	0.01104	0.00794	0.00689	0.01589	0.15577	0.02381	0.40628	0.11592	0.14361	0.01362	0.00752	0.00218	0.00366	0.03566	0.00670	0.00674
49	0.02012	0.46719	0.02741	0.01338	0.01799	0.32498	0.01165	0.02203	0.01528	0.01546	0.00940	0.01090	0.00830	0.00600	0.00484	0.00150	0.00888	0.00375	0.00300	0.00796
50	0.01337	0.01732	0.27416	0.01231	0.01750	0.01019	0.01304	0.01834	0.05248	0.12430	0.12384	0.05400	0.20476	0.01077	0.00692	0.00212	0.00601	0.02520	0.00528	0.00808
51	0.02509	0.02335	0.01730	0.01489	0.01885	0.44216	0.01152	0.08725	0.05641	0.21738	0.01560	0.01549	0.01127	0.00723	0.00611	0.00181	0.00922	0.00511	0.00506	0.00890
52	0.01537	0.00816	0.00961	0.00834	0.01154	0.00692	0.00657	0.01732	0.01609	0.27823	0.05097	0.04762	0.47127	0.01333	0.00722	0.00212	0.00408	0.01105	0.00672	0.00746
53	0.01106	0.00719	0.00928	0.00904	0.01053	0.00796	0.00701	0.04966	0.01258	0.01965	0.01858	0.02439	0.01603	0.03148	0.43913	0.00672	0.01159	0.00654	0.29544	0.00614
54	0.00923	0.00692	0.01038	0.01038	0.01154	0.00808	0.00808	0.01154	0.01038	0.01500	0.01731	0.02538	0.01615	0.04846	0.74732	0.01038	0.01731	0.00692	0.00346	0.00577
55	0.02899	0.01100	0.01499	0.01150	0.01649	0.00950	0.00950	0.03149	0.01849	0.73709	0.02549	0.02199	0.01599	0.00800	0.00650	0.00200	0.00550	0.00650	0.00800	0.01100
56	0.00804	0.00662	0.00711	0.00714	0.00918	0.00568	0.00546	0.00998	0.01525	0.01881	0.15935	0.06090	0.58578	0.01601	0.00772	0.00221	0.00342	0.05959	0.00616	0.00558
57	0.01158	0.02370	0.47462	0.01469	0.02133	0.01178	0.01743	0.01747	0.01533	0.02244	0.27163	0.02619	0.02731	0.00870	0.00668	0.00204	0.00719	0.00728	0.00432	0.00830
58	0.02239	0.02789	0.01857	0.01670	0.01945	0.62006	0.01277	0.02401	0.01684	0.01577	0.00972	0.01209	0.00835	0.00747	0.00851	0.00187	0.14246	0.00442	0.00324	0.00742
59	0.01678	0.69112	0.11519	0.01190	0.01790	0.02435	0.01253	0.01948	0.01319	0.01581	0.00928	0.01074	0.00828	0.00560	0.00438	0.00146	0.00721	0.00361	0.00276	0.00844

[dist]
# distance from previous block
# <min> <max>
0	2

[block]
# block no. 3 follows, 34 sequences, length 7
# corresponding to MSA columns:
# 312-318
name=unknown_D
#
# <colnr> <probs for GDERKNQSTAVLIFYWHMCP>
#	G	D	E	R	K	N	Q	S	T	A	V	L	I	F	Y	W	H	M	C	P
0	0.01587	0.01672	0.14840	0.01441	0.05228	0.05875	0.03384	0.06823	0.16549	0.09279	0.14467	0.02602	0.06279	0.00879	0.00657	0.00199	0.00627	0.00736	0.03041	0.03837
1	0.00927	0.00676	0.00956	0.00956	0.01043	0.00763	0.00705	0.01101	0.01014	0.01439	0.01806	0.02954	0.01796	0.22679	0.57145	0.00937	0.01459	0.00753	0.00357	0.00531
2	0.00830	0.00648	0.00786	0.00811	0.00949	0.00626	0.00591	0.00990	0.01258	0.01612	0.04238	0.16385	0.34469	0.09727	0.22556	0.00503	0.00772	0.01205	0.00506	0.00537
3	0.01488	0.01144	0.01355	0.00975	0.01542	0.00870	0.00783	0.01771	0.01388	0.08904	0.01281	0.01421	0.01018	0.00509	0.00495	0.00106	0.00485	0.00408	0.00422	0.73632
4	0.01340	0.01148	0.01340	0.00957	0.01531	0.00861	0.00766	0.01627	0.01340	0.02105	0.01148	0.01340	0.00957	0.00479	0.00479	0.00096	0.00479	0.00383	0.00383	0.81242
5	0.01672	0.06003	0.21013	0.01701	0.09325	0.01454	0.03553	0.16372	0.06600	0.08748	0.04415	0.12740	0.01748	0.00904	0.00659	0.00207	0.00700	0.00767	0.00493	0.00924
6	0.04837	0.05925	0.01710	0.01316	0.01679	0.05971	0.01057	0.31321	0.12363	0.05683	0.01668	0.01990	0.01356	0.10378	0.03888	0.00286	0.06517	0.00622	0.00535	0.00900

[dist]
# distance from previous block
# <min> <max>
0	1

[block]
# block no. 4 follows, 34 sequences, length 35
# corresponding to MSA columns:
# 320-354
name=unknown_E
#
# <colnr> <probs for GDERKNQSTAVLIFYWHMCP>
#	G	D	E	R	K	N	Q	S	T	A	V	L	I	F	Y	W	H	M	C	P
0	0.00831	0.00590	0.00756	0.00861	0.00909	0.00557	0.00575	0.00944	0.01238	0.01652	0.07876	0.54247	0.06253	0.15568	0.01267	0.00324	0.00422	0.04048	0.00569	0.00509
1	0.02339	0.01740	0.01876	0.01431	0.01954	0.01884	0.01179	0.63801	0.02859	0.03865	0.01509	0.01529	0.01084	0.00744	0.00629	0.00184	0.00687	0.00561	0.00619	0.09527
2	0.01897	0.07641	0.13867	0.01817	0.08696	0.07509	0.09292	0.14553	0.06802	0.11492	0.01511	0.01646	0.01124	0.00839	0.03360	0.00225	0.03224	0.00570	0.00456	0.03479
3	0.11197	0.11070	0.18033	0.03904	0.08984	0.04198	0.07140	0.05941	0.03965	0.02207	0.05841	0.06620	0.03601	0.00776	0.00604	0.00194	0.00722	0.00647	0.00397	0.03959
4	0.04366	0.00819	0.00962	0.00856	0.01123	0.00787	0.00665	0.02063	0.05512	0.24274	0.04942	0.09640	0.02041	0.00914	0.00570	0.00184	0.00403	0.00757	0.38349	0.00775
5	0.01509	0.01457	0.02671	0.13829	0.37499	0.01460	0.20063	0.01922	0.01464	0.04279	0.01537	0.04327	0.03638	0.00670	0.00684	0.00206	0.00831	0.00697	0.00351	0.00908
6	0.01827	0.36600	0.09109	0.01746	0.12376	0.09516	0.03461	0.02114	0.01429	0.08821	0.01150	0.01326	0.00939	0.00641	0.00645	0.00174	0.06446	0.00457	0.00342	0.00879
7	0.00928	0.00625	0.00704	0.00709	0.00718	0.00620	0.00402	0.00938	0.00969	0.01283	0.02250	0.06587	0.05016	0.72134	0.03118	0.00600	0.00607	0.00983	0.00406	0.00401
8	0.00796	0.00588	0.00747	0.00870	0.00946	0.00540	0.00602	0.00927	0.01292	0.01681	0.04096	0.60534	0.16714	0.01942	0.00817	0.00256	0.00377	0.05143	0.00600	0.00532
9	0.01915	0.01858	0.10018	0.14241	0.09521	0.10951	0.03625	0.23308	0.01973	0.08332	0.01553	0.06979	0.01250	0.00786	0.00650	0.00201	0.00802	0.00648	0.00470	0.00918
10	0.01495	0.01207	0.01815	0.10149	0.15626	0.04097	0.10250	0.01919	0.07010	0.10638	0.02341	0.17810	0.06096	0.01010	0.00692	0.00214	0.00654	0.00926	0.05242	0.00810
11	0.01204	0.00602	0.00602	0.00602	0.00753	0.00602	0.00452	0.01506	0.01355	0.02409	0.02108	0.02409	0.01656	0.00753	0.00452	0.00151	0.00301	0.00602	0.80879	0.00602
12	0.00931	0.00623	0.00707	0.00716	0.00718	0.00621	0.00403	0.00937	0.00956	0.01275	0.02122	0.08344	0.02458	0.73028	0.03149	0.00606	0.00612	0.00990	0.00403	0.00399
13	0.01549	0.01662	0.03244	0.02440	0.05406	0.05057	0.53384	0.02022	0.01557	0.04300	0.08285	0.02012	0.01487	0.00658	0.00799	0.00215	0.03931	0.00768	0.00377	0.00846
14	0.01599	0.01535	0.02623	0.03966	0.73262	0.01535	0.01983	0.01983	0.01471	0.02111	0.01215	0.01599	0.01023	0.00576	0.00640	0.00192	0.00768	0.00576	0.00320	0.01023
15	0.02417	0.02984	0.01839	0.01651	0.01998	0.69230	0.01247	0.07735	0.01922	0.01769	0.01040	0.01194	0.00852	0.00674	0.00587	0.00169	0.01131	0.00429	0.00356	0.00775
16	0.01014	0.00725	0.01006	0.01131	0.01275	0.00717	0.00968	0.01303	0.01516	0.01999	0.11744	0.10359	0.04030	0.01741	0.00874	0.00285	0.00550	0.57563	0.00609	0.00593
17	0.00931	0.00661	0.00878	0.00878	0.00938	0.00721	0.00608	0.01051	0.00991	0.01381	0.01877	0.03351	0.01968	0.39679	0.40381	0.00840	0.01200	0.00811	0.00368	0.00488
18	0.01461	0.01550	0.06640	0.11272	0.42746	0.01455	0.14183	0.01879	0.01440	0.02015	0.01427	0.06647	0.01263	0.00704	0.00679	0.00207	0.00816	0.02360	0.00340	0.00916
