[name]
unknown

[dist]
# distance from previous block
# <min> <max>
0	42

[block]
# block no. 0 follows, 32 sequences, length 21
# corresponding to MSA columns:
# 45-65
name=unknown_A
#
# <colnr> <probs for GDERKNQSTAVLIFYWHMCP>
#	G	D	E	R	K	N	Q	S	T	A	V	L	I	F	Y	W	H	M	C	P
0	0.04439	0.06098	0.18577	0.08635	0.05291	0.11314	0.01519	0.06956	0.03660	0.04205	0.03799	0.02117	0.01398	0.00793	0.00677	0.00199	0.02779	0.06255	0.00414	0.10876
1	0.01981	0.01800	0.04715	0.01880	0.14852	0.16291	0.01291	0.11128	0.11347	0.11742	0.07045	0.05438	0.05738	0.00900	0.00680	0.00205	0.00739	0.00738	0.00548	0.00941
2	0.05731	0.01369	0.01786	0.07670	0.05086	0.04800	0.03520	0.06526	0.01342	0.01929	0.01693	0.02205	0.07481	0.04913	0.09430	0.00361	0.32358	0.00684	0.00375	0.00742
3	0.01867	0.11573	0.07293	0.01522	0.01976	0.14987	0.05465	0.13267	0.22478	0.02464	0.01908	0.08913	0.01613	0.00884	0.00655	0.00206	0.00770	0.00717	0.00512	0.00932
4	0.05442	0.17387	0.09823	0.07017	0.10797	0.15358	0.11838	0.07254	0.01630	0.02070	0.01206	0.01555	0.00996	0.04000	0.00734	0.00211	0.00912	0.00543	0.00352	0.00877
5	0.01530	0.32255	0.20062	0.01347	0.01945	0.01790	0.03269	0.01991	0.05145	0.03893	0.05811	0.08151	0.01613	0.00792	0.00578	0.00181	0.00710	0.00628	0.00391	0.07920
6	0.01675	0.02761	0.47540	0.01718	0.02520	0.01572	0.01987	0.09024	0.13048	0.09201	0.01632	0.01697	0.01152	0.00717	0.00652	0.00213	0.00851	0.00567	0.00439	0.01032
7	0.01260	0.00947	0.01180	0.01288	0.09207	0.00928	0.00853	0.07240	0.07325	0.05345	0.15707	0.16572	0.22539	0.01363	0.00748	0.00222	0.00453	0.01178	0.04900	0.00746
8	0.01594	0.00946	0.01115	0.03490	0.01369	0.03996	0.00789	0.01841	0.01743	0.23002	0.22332	0.07854	0.22476	0.01299	0.00753	0.00219	0.00471	0.03249	0.00692	0.00771
9	0.05244	0.02423	0.31697	0.06055	0.12251	0.05234	0.10541	0.04491	0.01507	0.05292	0.01258	0.01544	0.00947	0.00692	0.00801	0.00218	0.07953	0.00564	0.00346	0.00942
10	0.00976	0.00651	0.00732	0.00732	0.00732	0.00651	0.00407	0.00976	0.00976	0.01301	0.02114	0.04391	0.02439	0.76419	0.03415	0.00651	0.00651	0.00976	0.00407	0.00407
11	0.01166	0.00583	0.00874	0.00874	0.00874	0.00583	0.00583	0.00874	0.00874	0.01166	0.01166	0.02040	0.01166	0.02331	0.02622	0.80478	0.00583	0.00583	0.00291	0.00291
12	0.01829	0.17567	0.27340	0.01787	0.05313	0.11067	0.07237	0.08578	0.01680	0.07006	0.01362	0.03865	0.01077	0.00701	0.00618	0.00195	0.00895	0.00557	0.00384	0.00944
13	0.01548	0.07065	0.01769	0.01850	0.18682	0.01317	0.01193	0.10672	0.04089	0.05542	0.07528	0.04535	0.01988	0.01800	0.16556	0.00393	0.00880	0.04610	0.07134	0.00849
14	0.01053	0.00753	0.00986	0.01096	0.01244	0.00739	0.00882	0.01380	0.05453	0.03677	0.03840	0.28083	0.10425	0.01836	0.00872	0.00283	0.00515	0.35627	0.00629	0.00629
15	0.01383	0.09594	0.67146	0.01849	0.02805	0.01650	0.02368	0.02115	0.01412	0.02079	0.01181	0.01388	0.00851	0.00632	0.00620	0.00207	0.00969	0.00484	0.00284	0.00981
16	0.08490	0.07777	0.13968	0.07934	0.09483	0.05403	0.01532	0.26838	0.02089	0.08139	0.01414	0.01545	0.01033	0.00708	0.00623	0.00200	0.00792	0.00543	0.00485	0.01002
17	0.00932	0.00739	0.00855	0.00903	0.01075	0.00700	0.00676	0.01286	0.08573	0.01951	0.08300	0.27599	0.32513	0.01745	0.00817	0.00250	0.00407	0.09423	0.00634	0.00620
18	0.01069	0.00671	0.00882	0.00923	0.01051	0.00613	0.00656	0.01255	0.01520	0.09065	0.21309	0.46613	0.08276	0.01765	0.00818	0.00248	0.00386	0.01579	0.00673	0.00628
19	0.01774	0.21126	0.21596	0.01773	0.05428	0.13113	0.07301	0.02365	0.09554	0.04452	0.01338	0.01502	0.01047	0.00685	0.00672	0.00195	0.04265	0.00522	0.00367	0.00923
20	0.01116	0.04328	0.03661	0.01033	0.01256	0.00852	0.03121	0.01411	0.04562	0.05645	0.13421	0.33049	0.14617	0.01536	0.00801	0.00234	0.02204	0.01346	0.03078	0.02729

[dist]
# distance from previous block
# <min> <max>
4	15

[block]
# block no. 1 follows, 32 sequences, length 44
# corresponding to MSA columns:
# 81-124
name=unknown_B
#
# <colnr> <probs for GDERKNQSTAVLIFYWHMCP>
#	G	D	E	R	K	N	Q	S	T	A	V	L	I	F	Y	W	H	M	C	P
0	0.01553	0.14310	0.33003	0.02133	0.11896	0.04100	0.11341	0.02198	0.06123	0.02084	0.01287	0.01515	0.00990	0.00626	0.00626	0.00197	0.00898	0.00540	0.00332	0.04249
1	0.02238	0.07585	0.08665	0.01506	0.02039	0.10517	0.05495	0.20786	0.07152	0.18275	0.03968	0.01877	0.01414	0.02054	0.00696	0.00204	0.00768	0.00612	0.00570	0.03580
2	0.04238	0.05885	0.15475	0.04581	0.05268	0.03759	0.10070	0.08622	0.06254	0.07233	0.09799	0.04258	0.05044	0.00880	0.00780	0.00216	0.05531	0.00736	0.00479	0.00892
3	0.01221	0.00769	0.00972	0.00891	0.01109	0.00705	0.00678	0.01560	0.04428	0.11757	0.48059	0.08029	0.14487	0.01362	0.00775	0.00216	0.00365	0.01185	0.00727	0.00703
4	0.02506	0.03198	0.01901	0.01729	0.02074	0.73725	0.01296	0.02679	0.01901	0.01642	0.01037	0.01210	0.00864	0.00691	0.00605	0.00173	0.01210	0.00432	0.00346	0.00778
5	0.02392	0.01735	0.01876	0.01482	0.01984	0.01918	0.01210	0.51182	0.17654	0.08581	0.01922	0.01848	0.01371	0.00830	0.00674	0.00207	0.00682	0.00642	0.00685	0.01124
6	0.02283	0.01390	0.01682	0.03540	0.07845	0.08239	0.03135	0.10047	0.01925	0.33445	0.08808	0.02435	0.04075	0.01052	0.04047	0.00243	0.00713	0.00712	0.03410	0.00972
7	0.00817	0.00588	0.00775	0.00925	0.00971	0.00546	0.00619	0.00935	0.01294	0.01717	0.03814	0.73376	0.06968	0.02087	0.00854	0.00271	0.00387	0.01889	0.00623	0.00546
8	0.00950	0.00686	0.00897	0.00844	0.01002	0.00633	0.00633	0.01266	0.01899	0.02691	0.71879	0.05012	0.06331	0.01372	0.00791	0.00211	0.00317	0.01213	0.00739	0.00633
9	0.19277	0.01635	0.04587	0.01950	0.17027	0.05955	0.04452	0.11177	0.06720	0.18369	0.01638	0.01700	0.01182	0.00710	0.00616	0.00205	0.00708	0.00572	0.00529	0.00990
10	0.00962	0.00704	0.01004	0.01004	0.01098	0.00798	0.00746	0.01150	0.01056	0.01503	0.01865	0.03012	0.01841	0.20339	0.58677	0.00987	0.01551	0.00774	0.00370	0.00558
11	0.00855	0.00656	0.00785	0.00822	0.00971	0.00586	0.00599	0.01055	0.01560	0.02034	0.23818	0.26752	0.31120	0.01734	0.00816	0.00239	0.00359	0.04005	0.00655	0.00581
12	0.01658	0.01595	0.02707	0.03887	0.64627	0.01604	0.05192	0.02157	0.05834	0.02228	0.01358	0.01720	0.01122	0.00616	0.00671	0.00202	0.00796	0.00617	0.00354	0.01055
13	0.01384	0.01370	0.04847	0.11518	0.11405	0.05833	0.01243	0.01995	0.15836	0.02013	0.04803	0.03182	0.09023	0.12267	0.01210	0.00291	0.05585	0.04940	0.00469	0.00786
14	0.02721	0.01283	0.01609	0.01257	0.01752	0.01230	0.01030	0.15702	0.07755	0.50975	0.05652	0.02301	0.01810	0.00857	0.00680	0.00208	0.00587	0.00693	0.00784	0.01112
15	0.02108	0.01448	0.01584	0.01314	0.01741	0.01585	0.01053	0.25133	0.30611	0.13503	0.02289	0.02178	0.01656	0.00849	0.00653	0.00208	0.00580	0.00680	0.09775	0.01050
16	0.01711	0.58066	0.13483	0.01521	0.06344	0.02386	0.04633	0.02036	0.01392	0.01722	0.01012	0.01196	0.00879	0.00584	0.00492	0.00161	0.00781	0.00414	0.00292	0.00894
17	0.02261	0.01963	0.01955	0.07511	0.04633	0.16222	0.01336	0.37380	0.02392	0.05688	0.01503	0.04387	0.01185	0.00849	0.00804	0.00209	0.07594	0.00620	0.00534	0.00975
18	0.00960	0.00715	0.01057	0.01057	0.01169	0.00827	0.00812	0.01184	0.01072	0.01542	0.01817	0.02745	0.01725	0.09454	0.69403	0.01052	0.01726	0.00735	0.00362	0.00587
19	0.07944	0.01515	0.02132	0.05717	0.19991	0.07699	0.10672	0.05522	0.01574	0.02192	0.01792	0.03082	0.01703	0.00989	0.00862	0.00239	0.07478	0.17633	0.00427	0.00837
20	0.01595	0.20411	0.15807	0.01402	0.03921	0.01704	0.01322	0.14017	0.05969	0.02504	0.17161	0.02428	0.04891	0.00887	0.00685	0.00197	0.03022	0.00697	0.00493	0.00889
21	0.00974	0.00672	0.00875	0.00887	0.00951	0.00720	0.00611	0.01105	0.01072	0.01522	0.02114	0.09333	0.02233	0.35296	0.32696	0.00768	0.01091	0.00920	0.05647	0.00513
22	0.00814	0.00663	0.00720	0.00742	0.00928	0.00569	0.00543	0.00989	0.01524	0.01885	0.12957	0.18816	0.53039	0.01738	0.00804	0.00233	0.00346	0.01484	0.00635	0.00569
23	0.01899	0.02128	0.02094	0.07641	0.23909	0.31676	0.03736	0.02273	0.04994	0.02015	0.09665	0.01926	0.01641	0.00748	0.00660	0.00194	0.00918	0.00616	0.00401	0.00864
24	0.01843	0.04665	0.07157	0.01361	0.01794	0.01666	0.01169	0.20713	0.30057	0.04850	0.02182	0.02158	0.03143	0.00861	0.00716	0.00210	0.04122	0.00670	0.09665	0.00995
25	0.01733	0.66784	0.13017	0.01253	0.01884	0.02505	0.01330	0.02025	0.01371	0.01653	0.00970	0.01123	0.00860	0.00583	0.00459	0.00153	0.00755	0.00378	0.00287	0.00879
26	0.01429	0.01556	0.06014	0.36030	0.11597	0.01556	0.25405	0.01922	0.01451	0.01954	0.01258	0.01751	0.00958	0.00619	0.00704	0.00217	0.00956	0.00653	0.00319	0.03653
27	0.12478	0.63015	0.06601	0.01150	0.01723	0.02446	0.01157	0.02010	0.01336	0.01799	0.00946	0.01095	0.00842	0.00584	0.00439	0.00156	0.00704	0.00366	0.00304	0.00849
28	0.00872	0.00624	0.00809	0.00937	0.00999	0.00591	0.00654	0.01005	0.01300	0.01712	0.03684	0.53646	0.08327	0.10810	0.01164	0.00319	0.00449	0.10963	0.00597	0.00540
29	0.01034	0.00689	0.00934	0.00934	0.01053	0.00768	0.00708	0.01272	0.01153	0.01775	0.01924	0.02752	0.01753	0.10058	0.49134	0.00808	0.01322	0.00717	0.20622	0.00589
30	0.01306	0.01237	0.02061	0.65336	0.08755	0.01536	0.01849	0.01730	0.01332	0.01738	0.01176	0.01759	0.00904	0.00700	0.00774	0.00227	0.05919	0.00596	0.00300	0.00765
31	0.01005	0.00741	0.00973	0.01077	0.01221	0.00726	0.00870	0.01330	0.04794	0.02029	0.11122	0.23612	0.10253	0.01804	0.00872	0.00278	0.00501	0.35538	0.00635	0.00618
32	0.22612	0.01218	0.01387	0.01111	0.01569	0.01209	0.00912	0.10488	0.01844	0.39952	0.06362	0.02080	0.01655	0.00806	0.00608	0.00205	0.00551	0.00619	0.03827	0.00984
33	0.01007	0.00647	0.00865	0.00957	0.01051	0.00599	0.00673	0.01169	0.01421	0.07022	0.12163	0.58338	0.04445	0.01906	0.00839	0.00262	0.00405	0.04978	0.00652	0.00603
34	0.01173	0.00975	0.01067	0.01038	0.01291	0.01017	0.00797	0.02032	0.28739	0.02250	0.07736	0.13700	0.26752	0.01439	0.00770	0.00239	0.00445	0.07123	0.00652	0.00766
35	0.00840	0.00608	0.00757	0.00866	0.00925	0.00565	0.00572	0.00945	0.01269	0.01660	0.03876	0.54578	0.13604	0.14120	0.01263	0.00327	0.00425	0.01687	0.00588	0.00526
36	0.01401	0.01039	0.01181	0.01107	0.01377	0.01099	0.00838	0.02359	0.32510	0.08428	0.13745	0.18610	0.10907	0.01309	0.00747	0.00233	0.00452	0.01132	0.00685	0.00842
37	0.01484	0.09503	0.58054	0.04687	0.02799	0.05073	0.02238	0.04887	0.01503	0.02125	0.01189	0.01401	0.00865	0.00643	0.00621	0.00205	0.00965	0.00490	0.00303	0.00967
38	0.02587	0.01820	0.01977	0.01516	0.02051	0.01993	0.01252	0.64661	0.03056	0.09703	0.01694	0.01665	0.01183	0.00807	0.00672	0.00202	0.00725	0.00610	0.00684	0.01141
39	0.01427	0.06076	0.06509	0.01586	0.09439	0.02859	0.06818	0.04304	0.05818	0.02132	0.03895	0.11051	0.01758	0.06700	0.00846	0.00212	0.00649	0.00744	0.00437	0.26737
40	0.01033	0.00700	0.00860	0.00912	0.01052	0.00653	0.00664	0.01258	0.03706	0.06173	0.07962	0.34782	0.19048	0.07402	0.01012	0.00283	0.00432	0.08693	0.02767	0.00608
41	0.00991	0.00658	0.00786	0.00793	0.00810	0.00667	0.00485	0.01008	0.01006	0.01348	0.02101	0.04262	0.02370	0.62443	0.08868	0.05612	0.00736	0.04224	0.00406	0.00425
42	0.01514	0.02157	0.24216	0.14474	0.16993	0.05052	0.10927	0.04859	0.04279	0.02138	0.01458	0.06239	0.01205	0.00737	0.00684	0.00215	0.00900	0.00671	0.00359	0.00924
43	0.01629	0.10504	0.08976	0.09864	0.14091	0.16035	0.10836	0.01968	0.01487	0.01824	0.01437	0.07066	0.01326	0.07013	0.02902	0.00261	0.00932	0.00682	0.00350	0.00817

[dist]
# distance from previous block
# <min> <max>
0	2

[block]
# block no. 2 follows, 32 sequences, length 71
# corresponding to MSA columns:
# 127-197
name=unknown_C
#
# <colnr> <probs for GDERKNQSTAVLIFYWHMCP>
#	G	D	E	R	K	N	Q	S	T	A	V	L	I	F	Y	W	H	M	C	P
0	0.02008	0.05542	0.03789	0.06542	0.14826	0.34474	0.03105	0.02534	0.12590	0.01948	0.01352	0.01558	0.01092	0.00726	0.00721	0.00197	0.05190	0.00539	0.00386	0.00881
1	0.01516	0.01562	0.06610	0.10592	0.39220	0.01499	0.05835	0.02157	0.12136	0.02187	0.01801	0.06921	0.03401	0.00786	0.00690	0.00214	0.00758	0.00739	0.00407	0.00967
2	0.01658	0.15450	0.34480	0.03766	0.11897	0.06848	0.04607	0.04473	0.01523	0.04511	0.01211	0.01440	0.00929	0.00657	0.00675	0.00200	0.03882	0.00509	0.00330	0.00955
3	0.00976	0.00651	0.00732	0.00732	0.00732	0.00651	0.00407	0.00976	0.00976	0.01301	0.02114	0.04391	0.02439	0.76419	0.03415	0.00651	0.00651	0.00976	0.00407	0.00407
4	0.01449	0.00774	0.00803	0.00741	0.00950	0.00790	0.00571	0.08751	0.01607	0.05169	0.02145	0.02401	0.01657	0.00786	0.00497	0.00163	0.00366	0.00625	0.69056	0.00697
5	0.00808	0.00622	0.00739	0.00832	0.00946	0.00554	0.00577	0.00946	0.01383	0.01753	0.04943	0.48058	0.31557	0.01940	0.00831	0.00254	0.00369	0.01710	0.00623	0.00554
6	0.08257	0.01716	0.01936	0.14257	0.02464	0.01935	0.01336	0.52969	0.02687	0.03699	0.01487	0.01603	0.01067	0.00768	0.00652	0.00206	0.00749	0.00585	0.00587	0.01041
7	0.01661	0.01594	0.02724	0.04119	0.72233	0.01594	0.02059	0.02059	0.01528	0.02192	0.01262	0.01661	0.01063	0.00598	0.00664	0.00199	0.00797	0.00598	0.00332	0.01063
8	0.00849	0.00607	0.00791	0.00926	0.00978	0.00571	0.00631	0.00971	0.01286	0.01701	0.03681	0.61928	0.07116	0.08651	0.01085	0.00307	0.00426	0.06356	0.00603	0.00539
9	0.00909	0.00731	0.01160	0.01161	0.01277	0.00683	0.08916	0.01080	0.01321	0.01765	0.03418	0.67089	0.04028	0.01918	0.00849	0.00267	0.00478	0.01774	0.00589	0.00588
10	0.02551	0.01879	0.02014	0.01544	0.02081	0.02081	0.01275	0.69996	0.03155	0.04229	0.01611	0.01611	0.01141	0.00805	0.00671	0.00201	0.00738	0.00604	0.00671	0.01141
11	0.00825	0.00589	0.00787	0.00943	0.00985	0.00551	0.00635	0.00947	0.01292	0.01721	0.03694	0.74108	0.04422	0.02095	0.00858	0.00273	0.00396	0.03709	0.00623	0.00547
12	0.00818	0.00584	0.00779	0.00934	0.00973	0.00545	0.00623	0.00934	0.01285	0.01713	0.03698	0.75981	0.04438	0.02102	0.00856	0.00273	0.00389	0.01908	0.00623	0.00545
13	0.02528	0.02556	0.01956	0.01639	0.02077	0.38871	0.01286	0.35428	0.02511	0.02901	0.01316	0.01405	0.00999	0.00747	0.00637	0.00187	0.00981	0.00516	0.00504	0.00955
14	0.00821	0.00681	0.00719	0.00709	0.00924	0.00578	0.00532	0.01017	0.01596	0.01970	0.18438	0.06199	0.60222	0.01641	0.00793	0.00224	0.00336	0.01380	0.00644	0.00578
15	0.01794	0.76823	0.03516	0.01148	0.01722	0.02655	0.01148	0.02009	0.01363	0.01579	0.00933	0.01076	0.00861	0.00574	0.00431	0.00144	0.00718	0.00359	0.00287	0.00861
16	0.00889	0.00701	0.00821	0.00954	0.01017	0.03683	0.00645	0.01011	0.01325	0.01715	0.03758	0.68878	0.08071	0.02019	0.00842	0.00266	0.00422	0.01817	0.00611	0.00556
17	0.00818	0.00584	0.00779	0.00934	0.00973	0.00545	0.00623	0.00934	0.01285	0.01713	0.03698	0.75981	0.04438	0.02102	0.00856	0.00273	0.00389	0.01908	0.00623	0.00545
18	0.01408	0.13630	0.63327	0.01807	0.02740	0.01710	0.02295	0.02109	0.01409	0.02049	0.01167	0.01370	0.00852	0.00629	0.00609	0.00203	0.00954	0.00477	0.00284	0.00974
19	0.01086	0.00754	0.00990	0.01102	0.01248	0.00749	0.00910	0.03730	0.01532	0.02070	0.03478	0.21163	0.05877	0.01752	0.00851	0.00279	0.00533	0.42373	0.08904	0.00620
20	0.06887	0.02834	0.01948	0.01696	0.02088	0.55803	0.03952	0.12995	0.02040	0.02138	0.01132	0.01289	0.00905	0.00700	0.00612	0.00181	0.01095	0.00469	0.00400	0.00836
21	0.01023	0.00730	0.01014	0.01169	0.01297	0.00722	0.00979	0.01289	0.01487	0.01942	0.03585	0.22777	0.03990	0.01909	0.00911	0.00301	0.00567	0.53088	0.00619	0.00602
22	0.01643	0.01577	0.02692	0.07240	0.69248	0.01590	0.02051	0.02044	0.01520	0.02171	0.01259	0.01666	0.01055	0.00601	0.00665	0.00200	0.00801	0.00598	0.00331	0.01049
23	0.00957	0.00643	0.00737	0.00756	0.00760	0.00638	0.00432	0.00971	0.01012	0.01350	0.02301	0.12849	0.02676	0.67639	0.03113	0.00606	0.00620	0.01086	0.00432	0.00423
24	0.00889	0.00720	0.00784	0.00793	0.00980	0.00657	0.00577	0.01184	0.06687	0.01931	0.12333	0.17567	0.44906	0.05789	0.00940	0.00256	0.00377	0.01405	0.00627	0.00598
25	0.00794	0.00676	0.00684	0.00691	0.00909	0.00566	0.00515	0.00962	0.01519	0.01808	0.06664	0.09438	0.69066	0.01717	0.00796	0.00229	0.00342	0.01437	0.00623	0.00566
26	0.02333	0.01437	0.01659	0.01309	0.01763	0.01495	0.01067	0.36742	0.04789	0.22091	0.15572	0.02480	0.02317	0.00926	0.00696	0.00206	0.00605	0.00746	0.00727	0.01040
27	0.00959	0.00716	0.01063	0.01063	0.01178	0.00830	0.00820	0.01188	0.01074	0.01546	0.01811	0.02713	0.01711	0.08184	0.70654	0.01059	0.01747	0.00730	0.00362	0.00591
28	0.00806	0.00680	0.00698	0.00693	0.00914	0.00572	0.00520	0.00988	0.01560	0.01885	0.12191	0.06338	0.66522	0.01672	0.00793	0.00225	0.00338	0.01399	0.00633	0.00572
29	0.00811	0.00609	0.00752	0.00867	0.00955	0.00551	0.00593	0.00942	0.01350	0.01739	0.04520	0.57546	0.22343	0.01995	0.00840	0.00260	0.00376	0.01777	0.00623	0.00551
30	0.00818	0.00584	0.00779	0.00934	0.00973	0.00545	0.00623	0.00934	0.01285	0.01713	0.03698	0.75981	0.04438	0.02102	0.00856	0.00273	0.00389	0.01908	0.00623	0.00545
31	0.01120	0.00632	0.00774	0.00783	0.00868	0.00648	0.00549	0.01230	0.01166	0.01833	0.01980	0.06842	0.01860	0.13855	0.12654	0.17756	0.00657	0.00758	0.33525	0.00510
32	0.01663	0.05220	0.50423	0.02043	0.10867	0.03628	0.02145	0.02290	0.01513	0.11953	0.01399	0.01550	0.00989	0.00659	0.00638	0.00207	0.00908	0.00527	0.00367	0.01011
33	0.02211	0.01160	0.01340	0.01087	0.01475	0.01168	0.00878	0.20362	0.04221	0.26989	0.02209	0.02191	0.01556	0.00809	0.00600	0.00188	0.00521	0.00641	0.29441	0.00953
34	0.01661	0.01594	0.02724	0.04119	0.72233	0.01594	0.02059	0.02059	0.01528	0.02192	0.01262	0.01661	0.01063	0.00598	0.00664	0.00199	0.00797	0.00598	0.00332	0.01063
35	0.12779	0.01533	0.01918	0.13962	0.19890	0.10504	0.05654	0.03834	0.01580	0.07061	0.04666	0.02313	0.09911	0.00810	0.00653	0.00207	0.00756	0.00686	0.00435	0.00849
36	0.02143	0.40729	0.02725	0.01433	0.01895	0.37496	0.01221	0.02338	0.01627	0.01610	0.00984	0.01142	0.00863	0.00632	0.00516	0.00158	0.00959	0.00395	0.00316	0.00820
37	0.01195	0.00878	0.01043	0.01022	0.01201	0.00879	0.00749	0.15316	0.01792	0.02396	0.14136	0.42698	0.10706	0.01680	0.00802	0.00244	0.00446	0.01481	0.00651	0.00684
38	0.02196	0.05163	0.02011	0.01627	0.01987	0.28152	0.02712	0.23863	0.05974	0.02530	0.01325	0.01519	0.01059	0.00996	0.04031	0.00243	0.12706	0.00547	0.00458	0.00901
39	0.02327	0.01624	0.01794	0.01402	0.01871	0.01757	0.01146	0.53557	0.02827	0.09141	0.11487	0.02148	0.01906	0.00926	0.00738	0.02262	0.00663	0.00694	0.00683	0.01048
40	0.00831	0.00603	0.00787	0.00923	0.00986	0.00559	0.00633	0.00966	0.01335	0.01764	0.06080	0.65102	0.10087	0.02035	0.00852	0.00268	0.00393	0.04616	0.00626	0.00553
41	0.01548	0.38674	0.37004	0.01507	0.02269	0.02054	0.01774	0.02039	0.01408	0.01882	0.03552	0.01379	0.01048	0.00633	0.00543	0.00179	0.00836	0.00455	0.00301	0.00916
42	0.00994	0.00817	0.00920	0.00918	0.01104	0.00820	0.00677	0.01452	0.13521	0.01960	0.07393	0.21510	0.33578	0.04944	0.03494	0.00287	0.03014	0.01336	0.00608	0.00650
43	0.00967	0.00716	0.00931	0.01029	0.01184	0.00680	0.00843	0.01220	0.01545	0.02001	0.11936	0.16449	0.19098	0.01800	0.00873	0.00275	0.00492	0.36727	0.00633	0.00598
44	0.00828	0.00603	0.00780	0.00900	0.00969	0.00556	0.00613	0.00970	0.01369	0.01819	0.10700	0.62120	0.11319	0.01990	0.00844	0.00262	0.00377	0.01791	0.00634	0.00556
45	0.01574	0.15884	0.38024	0.02274	0.17024	0.06144	0.05853	0.02126	0.01469	0.02015	0.01167	0.01417	0.00906	0.00617	0.00613	0.00196	0.00924	0.00506	0.00301	0.00966
46	0.01170	0.01008	0.01045	0.01012	0.01095	0.09406	0.00706	0.01281	0.01123	0.01444	0.01826	0.03282	0.01924	0.39405	0.27726	0.00730	0.04101	0.00806	0.00378	0.00531
47	0.01584	0.01810	0.03959	0.02828	0.03507	0.01697	0.69796	0.02149	0.01584	0.02149	0.01357	0.01810	0.01018	0.00566	0.00792	0.00226	0.01131	0.00792	0.00339	0.00905
48	0.81159	0.01298	0.00986	0.00882	0.01298	0.01505	0.00727	0.01972	0.01142	0.03010	0.00934	0.01090	0.00727	0.00623	0.00415	0.00208	0.00519	0.00363	0.00415	0.00727
49	0.00976	0.00651	0.00732	0.00732	0.00732	0.00651	0.00407	0.00976	0.00976	0.01301	0.02114	0.04391	0.02439	0.76419	0.03415	0.00651	0.00651	0.00976	0.00407	0.00407
50	0.06439	0.01968	0.01670	0.01473	0.01844	0.25741	0.03688	0.04711	0.30051	0.06243	0.04924	0.04841	0.01763	0.00865	0.00656	0.00207	0.00774	0.00682	0.00549	0.00911
51	0.00950	0.00686	0.00897	0.00844	0.01002	0.00633	0.00633	0.01266	0.01899	0.02691	0.71879	0.05012	0.06331	0.01372	0.00791	0.00211	0.00317	0.01213	0.00739	0.00633
52	0.00897	0.00656	0.00716	0.00728	0.00814	0.00612	0.00461	0.00968	0.01201	0.01519	0.03944	0.10588	0.27965	0.43498	0.02264	0.00467	0.00517	0.01207	0.00502	0.00475
53	0.00959	0.00719	0.01078	0.01078	0.01198	0.00839	0.00839	0.01198	0.01078	0.01558	0.01797	0.02636	0.01677	0.05032	0.73760	0.01078	0.01797	0.00719	0.00359	0.00599
54	0.02459	0.03108	0.01948	0.01863	0.06008	0.69681	0.01339	0.02645	0.01881	0.01673	0.01050	0.01235	0.00875	0.00686	0.00608	0.00174	0.01187	0.00441	0.00345	0.00794
55	0.01921	0.01919	0.01695	0.01641	0.06694	0.21828	0.01185	0.03151	0.43414	0.04252	0.03774	0.02136	0.01738	0.00836	0.00662	0.00209	0.00736	0.00664	0.00569	0.00974
56	0.00841	0.00598	0.00758	0.00885	0.00954	0.00552	0.00600	0.00976	0.01321	0.01772	0.03973	0.63310	0.12250	0.01974	0.00825	0.00260	0.00379	0.01772	0.05447	0.00552
57	0.00959	0.00719	0.01078	0.01078	0.01198	0.00839	0.00839	0.01198	0.01078	0.01558	0.01797	0.02636	0.01677	0.05032	0.73760	0.01078	0.01797	0.00719	0.00359	0.00599
58	0.01905	0.01897	0.06591	0.01483	0.01925	0.11786	0.01227	0.14038	0.45632	0.02826	0.02209	0.02104	0.01654	0.00844	0.00667	0.00215	0.00691	0.00670	0.00606	0.01030
59	0.01650	0.01897	0.06977	0.02246	0.02794	0.10089	0.41114	0.02162	0.04646	0.04522	0.01903	0.02184	0.07819	0.00759	0.00850	0.00223	0.06133	0.00772	0.00393	0.00866
60	0.00976	0.00651	0.00732	0.00732	0.00732	0.00651	0.00407	0.00976	0.00976	0.01301	0.02114	0.04391	0.02439	0.76419	0.03415	0.00651	0.00651	0.00976	0.00407	0.00407
61	0.02888	0.01111	0.01513	0.01179	0.01671	0.00961	0.00966	0.03139	0.01885	0.68718	0.02706	0.06416	0.01817	0.00902	0.00685	0.00211	0.00561	0.00744	0.00819	0.01108
62	0.00959	0.00719	0.01078	0.01078	0.01198	0.00839	0.00839	0.01198	0.01078	0.01558	0.01797	0.02636	0.01677	0.05032	0.73760	0.01078	0.01797	0.00719	0.00359	0.00599
63	0.00817	0.00587	0.00775	0.00925	0.00971	0.00546	0.00619	0.00935	0.01293	0.01716	0.03807	0.73543	0.06806	0.02088	0.00854	0.00271	0.00388	0.01890	0.00623	0.00546
64	0.02164	0.02422	0.06144	0.04221	0.05164	0.31222	0.10344	0.18371	0.04058	0.02402	0.01276	0.01486	0.00994	0.00734	0.00764	0.00201	0.06147	0.00555	0.00423	0.00908
65	0.01527	0.01457	0.02463	0.21767	0.52368	0.01527	0.01948	0.01929	0.01481	0.02057	0.01466	0.01885	0.03857	0.00660	0.00671	0.00206	0.00803	0.00630	0.00335	0.00963
66	0.00959	0.00719	0.01078	0.01078	0.01198	0.00839	0.00839	0.01198	0.01078	0.01558	0.01797	0.02636	0.01677	0.05032	0.73760	0.01078	0.01797	0.00719	0.00359	0.00599
67	0.64949	0.01390	0.01173	0.00997	0.01439	0.01577	0.00821	0.13277	0.01487	0.03181	0.01057	0.01188	0.00806	0.00648	0.00461	0.00202	0.00555	0.00405	0.00457	0.03930
68	0.04773	0.20523	0.28270	0.01834	0.08840	0.07341	0.05322	0.02170	0.06617	0.02027	0.01379	0.05536	0.01164	0.00719	0.00602	0.00196	0.00845	0.00575	0.00350	0.00916
69	0.04847	0.33828	0.25561	0.01609	0.04937	0.06632	0.03756	0.02224	0.07212	0.01961	0.01203	0.01360	0.00964	0.00633	0.00549	0.00182	0.00830	0.00464	0.00331	0.00919
70	0.01597	0.05284	0.09510	0.12852	0.21868	0.05867	0.07883	0.07525	0.04406	0.02213	0.05429	0.01991	0.03270	0.00908	0.03523	0.00242	0.03679	0.00652	0.00394	0.00908

[dist]
# distance from previous block
# <min> <max>
0	23

[block]
# block no. 3 follows, 32 sequences, length 58
# corresponding to MSA columns:
# 221-278
name=unknown_D
#
# <colnr> <probs for GDERKNQSTAVLIFYWHMCP>
#	G	D	E	R	K	N	Q	S	T	A	V	L	I	F	Y	W	H	M	C	P
0	0.04182	0.04862	0.08792	0.10491	0.06063	0.05536	0.11688	0.12798	0.01752	0.08995	0.05261	0.01863	0.01352	0.00950	0.03964	0.00250	0.07728	0.00634	0.00448	0.02391
1	0.09722	0.07718	0.28769	0.05605	0.02445	0.09374	0.04796	0.11816	0.04149	0.02430	0.01258	0.01440	0.00944	0.00660	0.00603	0.00195	0.00863	0.00503	0.00384	0.06325
2	0.03990	0.09822	0.01556	0.04432	0.04472	0.05831	0.04052	0.06190	0.01516	0.04201	0.02892	0.30584	0.11264	0.01420	0.00814	0.03993	0.00590	0.01166	0.00515	0.00700
3	0.02015	0.10448	0.04207	0.01647	0.07851	0.08635	0.01258	0.15826	0.30526	0.07658	0.01970	0.01925	0.01477	0.00790	0.00641	0.00203	0.00696	0.00624	0.00571	0.01031
4	0.01580	0.41740	0.36722	0.01514	0.02287	0.02130	0.01785	0.02065	0.01389	0.01840	0.01063	0.01239	0.00856	0.00604	0.00530	0.00177	0.00849	0.00424	0.00285	0.00924
5	0.00988	0.00746	0.00836	0.00835	0.01039	0.00683	0.00617	0.01317	0.07610	0.05032	0.12614	0.21006	0.40931	0.01646	0.00792	0.00234	0.00375	0.01412	0.00650	0.00637
6	0.01622	0.40745	0.34692	0.01516	0.02269	0.05123	0.01753	0.02089	0.01410	0.01827	0.01059	0.01235	0.00856	0.00607	0.00531	0.00176	0.00861	0.00424	0.00288	0.00916
7	0.01049	0.00877	0.04869	0.01007	0.01173	0.00773	0.00794	0.01273	0.04535	0.03875	0.09695	0.28266	0.15754	0.01902	0.04391	0.11195	0.04026	0.03393	0.00551	0.00601
8	0.04718	0.13504	0.22610	0.06444	0.12538	0.05511	0.01625	0.04381	0.03340	0.08273	0.04322	0.01912	0.04562	0.00737	0.00616	0.00197	0.00779	0.00588	0.02422	0.00922
9	0.00793	0.00680	0.00680	0.00680	0.00906	0.00566	0.00510	0.00963	0.01529	0.01813	0.06797	0.06457	0.71961	0.01699	0.00793	0.00227	0.00340	0.01416	0.00623	0.00566
10	0.00925	0.00816	0.00795	0.00793	0.00997	0.04584	0.00592	0.01109	0.01561	0.01890	0.13660	0.09230	0.51808	0.04491	0.00891	0.00244	0.00410	0.04012	0.00613	0.00581
11	0.05182	0.44325	0.12916	0.01405	0.01961	0.08694	0.03406	0.02155	0.05648	0.01818	0.01100	0.01274	0.00933	0.00659	0.00627	0.00177	0.06087	0.00439	0.00324	0.00871
12	0.11539	0.10666	0.42150	0.01640	0.02396	0.08962	0.01868	0.06358	0.04536	0.02287	0.01216	0.01378	0.00907	0.00656	0.00589	0.00201	0.00891	0.00477	0.00347	0.00936
13	0.00998	0.00726	0.00970	0.01099	0.01240	0.00705	0.00913	0.01249	0.01484	0.01914	0.03957	0.18351	0.12807	0.04107	0.00973	0.00303	0.00546	0.46455	0.00613	0.00593
14	0.01576	0.01615	0.05369	0.14900	0.52104	0.01597	0.06842	0.02001	0.01484	0.02095	0.01245	0.01676	0.01020	0.00625	0.00718	0.00208	0.03001	0.00607	0.00324	0.00990
15	0.01613	0.01893	0.07109	0.04902	0.12452	0.06116	0.41867	0.02085	0.01507	0.02040	0.01250	0.01687	0.00984	0.00664	0.00935	0.00227	0.10750	0.00695	0.00329	0.00896
16	0.00853	0.00695	0.00757	0.00764	0.00960	0.00613	0.00564	0.01100	0.04016	0.01977	0.16771	0.15165	0.50057	0.01671	0.00797	0.00230	0.00349	0.01424	0.00644	0.00592
17	0.02349	0.01739	0.01857	0.01460	0.01951	0.01931	0.01194	0.56784	0.11903	0.03929	0.01796	0.01787	0.01298	0.00818	0.00659	0.00202	0.00683	0.00626	0.05940	0.01097
18	0.01564	0.01345	0.01420	0.01285	0.01643	0.01532	0.00997	0.03249	0.62247	0.02716	0.05863	0.02945	0.08250	0.00997	0.00697	0.00227	0.00506	0.00834	0.00680	0.01002
19	0.00910	0.00681	0.00825	0.00790	0.00953	0.00617	0.00580	0.01160	0.01720	0.02335	0.48426	0.05343	0.23486	0.08025	0.01021	0.00254	0.00352	0.01247	0.00679	0.00596
20	0.00818	0.00584	0.00779	0.00934	0.00973	0.00545	0.00623	0.00934	0.01285	0.01713	0.03698	0.75981	0.04438	0.02102	0.00856	0.00273	0.00389	0.01908	0.00623	0.00545
21	0.00967	0.00706	0.00941	0.01076	0.01206	0.00680	0.00874	0.01203	0.01467	0.01897	0.04019	0.27202	0.12923	0.01905	0.00889	0.00288	0.00515	0.40031	0.00620	0.00590
22	0.01773	0.73380	0.06774	0.01184	0.01778	0.02604	0.01211	0.02015	0.01366	0.01604	0.00946	0.01092	0.00861	0.00577	0.00440	0.00147	0.00730	0.00365	0.00287	0.00867
23	0.00817	0.00638	0.00741	0.00806	0.00944	0.00563	0.00570	0.00976	0.01452	0.01842	0.10857	0.37014	0.36694	0.01850	0.00821	0.00246	0.00360	0.01616	0.00633	0.00563
24	0.00866	0.00621	0.00819	0.00959	0.01022	0.00587	0.00678	0.01009	0.01319	0.01741	0.03724	0.58409	0.07170	0.06085	0.01004	0.00297	0.00437	0.12094	0.00610	0.00550
25	0.00971	0.00668	0.00823	0.00823	0.00854	0.00700	0.00520	0.01034	0.01003	0.01368	0.02031	0.03931	0.02240	0.57693	0.21868	0.00763	0.00951	0.00908	0.00394	0.00457
26	0.01490	0.01670	0.03569	0.02580	0.03197	0.01560	0.61465	0.02005	0.01567	0.02105	0.01887	0.05166	0.06837	0.00718	0.00795	0.00228	0.01038	0.00887	0.00373	0.00863
27	0.00925	0.00730	0.00814	0.00804	0.00990	0.00674	0.00598	0.01221	0.05785	0.02015	0.20139	0.05704	0.39249	0.11349	0.01138	0.00284	0.00407	0.05955	0.00624	0.00594
28	0.00933	0.00636	0.00759	0.00810	0.00828	0.00624	0.00496	0.00979	0.01088	0.01449	0.02634	0.25501	0.03080	0.51778	0.02570	0.00527	0.00573	0.03803	0.00478	0.00455
29	0.01643	0.01576	0.02691	0.07355	0.69138	0.01590	0.02050	0.02043	0.01519	0.02170	0.01259	0.01667	0.01055	0.00601	0.00665	0.00200	0.00802	0.00598	0.00331	0.01048
30	0.00960	0.00712	0.01043	0.01043	0.01150	0.00819	0.00794	0.01175	0.01068	0.01531	0.01830	0.02816	0.01756	0.12358	0.66541	0.01034	0.01680	0.00745	0.00364	0.00579
31	0.05560	0.01242	0.01237	0.01040	0.01366	0.03669	0.00830	0.28867	0.02107	0.03185	0.01862	0.02038	0.01414	0.00781	0.00552	0.00177	0.00522	0.00598	0.42113	0.00841
32	0.01637	0.01570	0.02680	0.08437	0.68103	0.01588	0.02047	0.02038	0.01516	0.02163	0.01258	0.01669	0.01053	0.00602	0.00665	0.00201	0.00803	0.00598	0.00330	0.01043
33	0.01236	0.00627	0.00631	0.00631	0.00779	0.00627	0.00466	0.01532	0.01384	0.02436	0.02185	0.02604	0.01759	0.04892	0.00629	0.00183	0.00331	0.00644	0.75811	0.00613
34	0.01760	0.11411	0.13382	0.01790	0.06019	0.06105	0.12595	0.15774	0.08949	0.02595	0.08467	0.01986	0.01648	0.00759	0.00656	0.00200	0.00792	0.00653	0.03520	0.00939
35	0.00849	0.00675	0.00774	0.00774	0.00957	0.00600	0.00575	0.01059	0.01582	0.02032	0.24338	0.12283	0.43105	0.01849	0.05256	0.00279	0.00427	0.01363	0.00639	0.00585
36	0.04548	0.01714	0.10608	0.04760	0.06110	0.01536	0.01356	0.21696	0.12300	0.25381	0.01999	0.01929	0.01378	0.00785	0.00662	0.00210	0.00690	0.00628	0.00633	0.01078
37	0.02427	0.06280	0.01976	0.01685	0.02029	0.62238	0.01291	0.04323	0.01857	0.03765	0.01084	0.01261	0.00895	0.00723	0.00699	0.00181	0.05677	0.00450	0.00362	0.00799
38	0.00855	0.00637	0.00795	0.00851	0.00968	0.00578	0.00602	0.01047	0.01535	0.02048	0.26260	0.38279	0.19526	0.01781	0.00822	0.00243	0.00355	0.01579	0.00660	0.00578
39	0.01664	0.01806	0.06151	0.02514	0.03157	0.01674	0.54143	0.04368	0.10345	0.04788	0.01577	0.01893	0.01167	0.00628	0.00765	0.00224	0.01019	0.00767	0.00407	0.00943
40	0.00930	0.00767	0.00977	0.02939	0.03313	0.00715	0.02672	0.01202	0.04283	0.01916	0.09062	0.23778	0.35824	0.01672	0.00809	0.00244	0.00434	0.07238	0.00607	0.00619
41	0.00872	0.00681	0.00792	0.00778	0.00965	0.00601	0.00584	0.01110	0.01688	0.02210	0.35992	0.08494	0.38013	0.01571	0.00798	0.00223	0.00338	0.03018	0.00675	0.00597
42	0.01794	0.76823	0.03516	0.01148	0.01722	0.02655	0.01148	0.02009	0.01363	0.01579	0.00933	0.01076	0.00861	0.00574	0.00431	0.00144	0.00718	0.00359	0.00287	0.00861
43	0.01812	0.74988	0.03476	0.01163	0.01731	0.04426	0.01152	0.02026	0.01377	0.01580	0.00935	0.01080	0.00861	0.00577	0.00435	0.00144	0.00730	0.00361	0.00288	0.00859
44	0.00976	0.00651	0.00732	0.00732	0.00732	0.00651	0.00407	0.00976	0.00976	0.01301	0.02114	0.04391	0.02439	0.76419	0.03415	0.00651	0.00651	0.00976	0.00407	0.00407
45	0.00976	0.00651	0.00732	0.00732	0.00732	0.00651	0.00407	0.00976	0.00976	0.01301	0.02114	0.04391	0.02439	0.76419	0.03415	0.00651	0.00651	0.00976	0.00407	0.00407
46	0.00937	0.00720	0.00862	0.00820	0.01009	0.00662	0.00617	0.01284	0.05034	0.02436	0.49330	0.05323	0.25596	0.01447	0.00787	0.00216	0.00334	0.01252	0.00702	0.00633
47	0.01106	0.05509	0.01411	0.01211	0.01336	0.01179	0.00976	0.01326	0.01086	0.01570	0.01572	0.02321	0.01477	0.04033	0.55792	0.00873	0.15565	0.00672	0.00343	0.00641
48	0.00965	0.00693	0.00947	0.00947	0.01021	0.00767	0.00675	0.01114	0.01039	0.01460	0.01918	0.03303	0.01967	0.32154	0.47034	0.00916	0.01362	0.00816	0.00377	0.00526
49	0.00907	0.00658	0.00871	0.01008	0.01087	0.00636	0.00732	0.01137	0.04006	0.01845	0.05807	0.57163	0.04292	0.01984	0.00862	0.00276	0.00438	0.15080	0.00628	0.00582
50	0.00958	0.00718	0.00915	0.00998	0.01164	0.00675	0.00818	0.01211	0.01564	0.02015	0.13427	0.12842	0.23908	0.01768	0.00864	0.00269	0.00478	0.34174	0.00636	0.00599
51	0.01939	0.01848	0.07502	0.03385	0.03133	0.12289	0.01244	0.22500	0.14185	0.05052	0.10474	0.02184	0.01910	0.00873	0.00733	0.00206	0.04035	0.00675	0.04893	0.00940
52	0.02312	0.01761	0.01879	0.01496	0.01990	0.01969	0.01218	0.52033	0.21506	0.03844	0.01914	0.01852	0.01386	0.00834	0.00674	0.00208	0.00682	0.00646	0.00674	0.01120
53	0.00852	0.00678	0.00771	0.00806	0.00988	0.00597	0.00612	0.01049	0.01541	0.01930	0.13977	0.16681	0.45489	0.01737	0.00819	0.00242	0.00379	0.09638	0.00637	0.00578
54	0.01340	0.01323	0.02405	0.58909	0.06513	0.01533	0.14798	0.01808	0.01394	0.01812	0.01226	0.01789	0.00923	0.00649	0.00694	0.00223	0.00936	0.00634	0.00307	0.00786
55	0.02405	0.01793	0.01936	0.01475	0.02019	0.01932	0.01215	0.61429	0.02934	0.03973	0.01558	0.01583	0.01123	0.00767	0.00649	0.00189	0.00708	0.00578	0.00637	0.11097
56	0.07406	0.66695	0.07841	0.01179	0.01769	0.02502	0.01205	0.02014	0.01351	0.01716	0.00951	0.01099	0.00851	0.00582	0.00443	0.00153	0.00721	0.00368	0.00296	0.00860
57	0.01499	0.05263	0.01409	0.01155	0.01475	0.01322	0.00908	0.06982	0.33651	0.05371	0.23578	0.05739	0.06645	0.01098	0.00712	0.00217	0.00478	0.00930	0.00678	0.00889

[dist]
# distance from previous block
# <min> <max>
0	2

[block]
# block no. 4 follows, 32 sequences, length 25
# corresponding to MSA columns:
# 281-305
name=unknown_E
#
# <colnr> <probs for GDERKNQSTAVLIFYWHMCP>
#	G	D	E	R	K	N	Q	S	T	A	V	L	I	F	Y	W	H	M	C	P
0	0.01175	0.01025	0.04146	0.01106	0.01338	0.00987	0.00889	0.01909	0.22037	0.02254	0.15735	0.15210	0.08095	0.07978	0.01016	0.00282	0.00504	0.12953	0.00627	0.00735
1	0.01853	0.40785	0.11164	0.01337	0.01905	0.05237	0.01296	0.06658	0.15986	0.05641	0.01471	0.01513	0.01164	0.00684	0.00542	0.00177	0.00727	0.00492	0.00422	0.00946
2	0.01794	0.76823	0.03516	0.01148	0.01722	0.02655	0.01148	0.02009	0.01363	0.01579	0.00933	0.01076	0.00861	0.00574	0.00431	0.00144	0.00718	0.00359	0.00287	0.00861
3	0.00925	0.00712	0.00961	0.01039	0.01165	0.00684	0.02558	0.01120	0.01410	0.01826	0.04156	0.38388	0.17905	0.01885	0.00897	0.00273	0.02416	0.20491	0.00605	0.00584
4	0.00972	0.00662	0.00794	0.00805	0.00828	0.00677	0.00498	0.01020	0.01021	0.01376	0.02175	0.06720	0.02453	0.61344	0.12989	0.00685	0.00799	0.03323	0.00415	0.00445
5	0.02511	0.03074	0.01912	0.01711	0.02075	0.66976	0.01294	0.09020	0.02020	0.01886	0.01091	0.01248	0.00890	0.00702	0.00611	0.00176	0.01166	0.00448	0.00376	0.00812
6	0.02410	0.03042	0.01839	0.01674	0.02008	0.69189	0.01255	0.02592	0.01901	0.01707	0.05434	0.01446	0.01204	0.00734	0.00617	0.00175	0.01155	0.00481	0.00370	0.00769
7	0.02521	0.01172	0.01492	0.01181	0.01635	0.01097	0.00962	0.11399	0.05631	0.48227	0.12532	0.02727	0.04437	0.00935	0.00695	0.00209	0.00547	0.00770	0.00783	0.01047
8	0.01555	0.01912	0.14094	0.03270	0.38671	0.01575	0.21500	0.02050	0.01516	0.02150	0.01379	0.04681	0.01153	0.00656	0.00704	0.00212	0.00907	0.00691	0.00338	0.00985
9	0.00976	0.00651	0.00732	0.00732	0.00732	0.00651	0.00407	0.00976	0.00976	0.01301	0.02114	0.04391	0.02439	0.76419	0.03415	0.00651	0.00651	0.00976	0.00407	0.00407
10	0.01567	0.01498	0.02554	0.20988	0.56097	0.01570	0.02013	0.01977	0.01483	0.02078	0.01246	0.01691	0.01023	0.00615	0.00666	0.00205	0.00820	0.00597	0.00324	0.00987
11	0.00844	0.00601	0.00791	0.00910	0.00962	0.00563	0.00611	0.00979	0.01344	0.01811	0.12256	0.62528	0.04554	0.06622	0.01007	0.00288	0.00396	0.01762	0.00624	0.00548
12	0.00968	0.00677	0.00848	0.00927	0.01037	0.00633	0.00647	0.03984	0.01449	0.04303	0.06909	0.56853	0.14425	0.01912	0.00830	0.00258	0.00400	0.01707	0.00637	0.00598
13	0.00818	0.00584	0.00779	0.00934	0.00973	0.00545	0.00623	0.00934	0.01285	0.01713	0.03698	0.75981	0.04438	0.02102	0.00856	0.00273	0.00389	0.01908	0.00623	0.00545
14	0.02843	0.01204	0.01575	0.01216	0.01717	0.01096	0.01001	0.11034	0.02065	0.60770	0.06330	0.02354	0.01856	0.00857	0.00681	0.00207	0.00577	0.00696	0.00807	0.01114
15	0.00822	0.00590	0.00773	0.00917	0.00963	0.00549	0.00611	0.00937	0.01285	0.01704	0.03777	0.70718	0.07215	0.04511	0.00937	0.00283	0.00396	0.01856	0.00616	0.00541
16	0.02506	0.03198	0.01901	0.01729	0.02074	0.73725	0.01296	0.02679	0.01901	0.01642	0.01037	0.01210	0.00864	0.00691	0.00605	0.00173	0.01210	0.00432	0.00346	0.00778
17	0.01346	0.03471	0.72942	0.01912	0.02904	0.01558	0.02479	0.02125	0.01417	0.02125	0.01204	0.01417	0.00850	0.00637	0.00637	0.00212	0.00992	0.00496	0.00283	0.00992
18	0.01584	0.01810	0.03959	0.02828	0.03507	0.01697	0.69796	0.02149	0.01584	0.02149	0.01357	0.01810	0.01018	0.00566	0.00792	0.00226	0.01131	0.00792	0.00339	0.00905
19	0.00959	0.00719	0.01078	0.01078	0.01198	0.00839	0.00839	0.01198	0.01078	0.01558	0.01797	0.02636	0.01677	0.05032	0.73760	0.01078	0.01797	0.00719	0.00359	0.00599
20	0.01016	0.00749	0.00990	0.01102	0.01271	0.00723	0.00941	0.01297	0.01561	0.02006	0.07943	0.07204	0.17798	0.01796	0.00892	0.00287	0.00545	0.50647	0.00626	0.00608
21	0.00906	0.00713	0.00837	0.00887	0.01083	0.00643	0.00719	0.01136	0.01564	0.01949	0.10750	0.06732	0.43079	0.01728	0.00840	0.00254	0.00435	0.24528	0.00630	0.00590
22	0.01144	0.00749	0.00863	0.00839	0.00933	0.00735	0.00543	0.05596	0.01279	0.05516	0.02863	0.16607	0.09792	0.46917	0.02378	0.00489	0.00575	0.01140	0.00506	0.00535
23	0.07252	0.04133	0.07299	0.03478	0.02018	0.12348	0.03578	0.17271	0.10075	0.18743	0.01891	0.05819	0.01436	0.00834	0.00652	0.00206	0.00750	0.00659	0.00578	0.00980
24	0.01487	0.01375	0.02274	0.15105	0.35229	0.01491	0.05413	0.05225	0.01462	0.02051	0.01352	0.01864	0.01143	0.01513	0.14888	0.00381	0.05876	0.00631	0.00347	0.00894

[dist]
# distance from previous block
# <min> <max>
0	13

[block]
# block no. 5 follows, 32 sequences, length 13
# corresponding to MSA columns:
# 319-331
name=unknown_F
#
# <colnr> <probs for GDERKNQSTAVLIFYWHMCP>
#	G	D	E	R	K	N	Q	S	T	A	V	L	I	F	Y	W	H	M	C	P
0	0.09779	0.17490	0.33168	0.01759	0.07303	0.08265	0.01777	0.09152	0.01609	0.02286	0.01154	0.01335	0.00886	0.00643	0.00576	0.00193	0.00869	0.00468	0.00347	0.00940
1	0.00829	0.00660	0.00735	0.00771	0.00937	0.00578	0.00559	0.00994	0.01476	0.01839	0.10615	0.22007	0.46235	0.05235	0.00933	0.00258	0.00373	0.03782	0.00621	0.00561
2	0.05192	0.05770	0.57339	0.01712	0.02607	0.01507	0.02120	0.02055	0.01398	0.02155	0.01180	0.01385	0.00864	0.00616	0.00600	0.00195	0.00893	0.00471	0.00305	0.11636
3	0.02506	0.03198	0.01901	0.01729	0.02074	0.73725	0.01296	0.02679	0.01901	0.01642	0.01037	0.01210	0.00864	0.00691	0.00605	0.00173	0.01210	0.00432	0.00346	0.00778
4	0.01619	0.01552	0.02649	0.11543	0.65132	0.01583	0.02039	0.02023	0.01508	0.02142	0.01255	0.01674	0.01045	0.00606	0.00665	0.00202	0.00807	0.00598	0.00329	0.01029
5	0.01142	0.00737	0.00910	0.00837	0.01056	0.00654	0.00638	0.01409	0.01794	0.10512	0.44937	0.05118	0.24906	0.01405	0.00778	0.00215	0.00353	0.01210	0.00716	0.00672
6	0.06927	0.00722	0.00901	0.00907	0.00992	0.00784	0.00632	0.01140	0.01059	0.01573	0.02033	0.09744	0.02168	0.34114	0.32606	0.00764	0.01101	0.00904	0.00407	0.00524
7	0.01604	0.01839	0.15380	0.03185	0.45909	0.01468	0.05080	0.02058	0.01549	0.06153	0.04828	0.02028	0.04496	0.00702	0.00678	0.00205	0.00793	0.00658	0.00383	0.01005
8	0.00963	0.00702	0.00991	0.00991	0.01081	0.00791	0.00730	0.01142	0.01053	0.01493	0.01877	0.03078	0.01869	0.23017	0.56038	0.00971	0.01508	0.00784	0.00371	0.00551
9	0.00826	0.00597	0.00781	0.00913	0.00971	0.00553	0.00617	0.00960	0.01343	0.01788	0.08750	0.66921	0.08445	0.02027	0.00848	0.00265	0.00381	0.01830	0.00631	0.00553
10	0.01167	0.00796	0.00940	0.00926	0.01130	0.00760	0.00697	0.03250	0.08006	0.07716	0.15151	0.23135	0.22388	0.01542	0.00775	0.00234	0.00409	0.05057	0.05238	0.00684
11	0.05901	0.16622	0.04439	0.01628	0.05092	0.32064	0.01291	0.09738	0.05911	0.02089	0.01312	0.01467	0.02606	0.00745	0.00702	0.00188	0.06456	0.00497	0.00393	0.00859
12	0.09693	0.14180	0.07367	0.01635	0.02024	0.13071	0.08525	0.06192	0.05615	0.02072	0.01173	0.01464	0.00981	0.00921	0.03165	0.00243	0.19945	0.00534	0.00365	0.00837

[dist]
# distance from previous block
# <min> <max>
0	1

[block]
# block no. 6 follows, 32 sequences, length 37
# corresponding to MSA columns:
# 333-369
name=unknown_G
#
# <colnr> <probs for GDERKNQSTAVLIFYWHMCP>
#	G	D	E	R	K	N	Q	S	T	A	V	L	I	F	Y	W	H	M	C	P
0	0.02216	0.08075	0.02127	0.01639	0.05260	0.08032	0.05218	0.29251	0.12905	0.10326	0.01715	0.01739	0.01263	0.00769	0.00692	0.00198	0.02936	0.00601	0.00571	0.04466
1	0.01258	0.00969	0.01127	0.01131	0.04316	0.04090	0.00835	0.03511	0.07606	0.06307	0.33910	0.04826	0.16163	0.01343	0.00777	0.00225	0.00464	0.09755	0.00666	0.00723
