[name]
unknown

[dist]
# distance from previous block
# <min> <max>
9	76

[block]
# block no. 0 follows, 34 sequences, length 56
# corresponding to MSA columns:
# 81-136
name=unknown_A
#
# <colnr> <probs for GDERKNQSTAVLIFYWHMCP>
#	G	D	E	R	K	N	Q	S	T	A	V	L	I	F	Y	W	H	M	C	P
0	0.01737	0.03626	0.05275	0.01441	0.05866	0.05948	0.03429	0.11845	0.13625	0.10560	0.08792	0.04311	0.04970	0.00853	0.00697	0.00191	0.03618	0.00696	0.00539	0.11983
1	0.06584	0.15243	0.01935	0.01239	0.01699	0.01468	0.06920	0.05994	0.11025	0.03839	0.03589	0.04098	0.01366	0.00878	0.03888	0.00203	0.03646	0.00563	0.00433	0.25388
2	0.06272	0.21225	0.20672	0.01563	0.03688	0.04247	0.09316	0.08753	0.01551	0.05859	0.01417	0.08122	0.01219	0.00739	0.00588	0.00189	0.00772	0.00608	0.00386	0.02817
3	0.01585	0.03826	0.05565	0.06714	0.12376	0.03157	0.01213	0.09871	0.08912	0.09668	0.13510	0.02617	0.07133	0.01199	0.06240	0.00266	0.04029	0.00743	0.00519	0.00854
4	0.01683	0.01489	0.08423	0.08119	0.01997	0.01296	0.01135	0.17228	0.09545	0.06858	0.01551	0.01667	0.01164	0.00654	0.00572	0.00162	0.00606	0.00523	0.05998	0.29329
5	0.34300	0.01229	0.01159	0.01008	0.01383	0.03628	0.00798	0.08600	0.07938	0.07486	0.01944	0.11629	0.05620	0.00892	0.00556	0.00197	0.00517	0.00688	0.00509	0.09917
6	0.01456	0.01182	0.07412	0.01275	0.05282	0.00924	0.05009	0.01831	0.03888	0.14850	0.21381	0.08002	0.07113	0.00973	0.00669	0.00187	0.00519	0.00854	0.00567	0.16625
7	0.00947	0.00699	0.00922	0.05415	0.01235	0.00679	0.00715	0.01138	0.01315	0.03988	0.08114	0.30270	0.16860	0.04280	0.13933	0.00385	0.00655	0.03325	0.00533	0.04591
8	0.02899	0.01100	0.01499	0.01150	0.01649	0.00950	0.00950	0.03149	0.01849	0.73709	0.02549	0.02199	0.01599	0.00800	0.00650	0.00200	0.00550	0.00650	0.00800	0.01100
9	0.01504	0.10069	0.02465	0.24444	0.42287	0.01625	0.01791	0.01937	0.04158	0.01933	0.01215	0.01603	0.00991	0.00605	0.00617	0.00194	0.00776	0.00555	0.00319	0.00912
10	0.01276	0.03204	0.70136	0.01800	0.02711	0.01464	0.02305	0.02000	0.01347	0.02018	0.01189	0.01426	0.00860	0.00835	0.04486	0.00248	0.00995	0.00489	0.00277	0.00935
11	0.00969	0.00737	0.01034	0.01010	0.01086	0.00862	0.00754	0.01134	0.01009	0.01442	0.01733	0.02873	0.01737	0.22992	0.50299	0.00869	0.07825	0.00744	0.00352	0.00541
12	0.01607	0.01388	0.01461	0.01315	0.01680	0.01607	0.01023	0.03433	0.72094	0.02703	0.02630	0.02411	0.01972	0.00877	0.00657	0.00219	0.00511	0.00731	0.00657	0.01023
13	0.00787	0.00562	0.00750	0.00900	0.00937	0.00525	0.00600	0.00900	0.01237	0.01649	0.03561	0.76871	0.04274	0.02024	0.00825	0.00262	0.00375	0.01837	0.00600	0.00525
14	0.01727	0.77681	0.03386	0.01106	0.01658	0.02557	0.01106	0.01935	0.01313	0.01520	0.00898	0.01036	0.00829	0.00553	0.00415	0.00138	0.00691	0.00345	0.00276	0.00829
15	0.00773	0.00620	0.00691	0.00747	0.00897	0.00538	0.00532	0.00917	0.01383	0.01709	0.05415	0.32992	0.46956	0.01783	0.00787	0.00235	0.00345	0.01543	0.00600	0.00538
16	0.01340	0.01148	0.01340	0.00957	0.01531	0.00861	0.00766	0.01627	0.01340	0.02105	0.01148	0.01340	0.00957	0.00479	0.00479	0.00096	0.00479	0.00383	0.00383	0.81242
17	0.01251	0.01187	0.01960	0.66018	0.05953	0.01496	0.01759	0.01649	0.01265	0.01653	0.01118	0.01687	0.00864	0.00696	0.00802	0.00222	0.08836	0.00573	0.00287	0.00725
18	0.00775	0.00655	0.00670	0.00666	0.00879	0.00550	0.00499	0.00948	0.01498	0.01807	0.11335	0.06118	0.68172	0.01614	0.00764	0.00217	0.00326	0.01350	0.00608	0.00550
19	0.01545	0.01270	0.01450	0.01054	0.01618	0.01072	0.00851	0.14412	0.01652	0.02467	0.01223	0.01379	0.00983	0.00533	0.00509	0.00114	0.00521	0.00419	0.00431	0.66495
20	0.02456	0.01810	0.01939	0.01487	0.02004	0.02004	0.01228	0.71107	0.03038	0.04072	0.01551	0.01551	0.01099	0.00776	0.00646	0.00194	0.00711	0.00582	0.00646	0.01099
21	0.00842	0.00626	0.00785	0.00813	0.00938	0.00568	0.00584	0.01055	0.01559	0.02108	0.36599	0.29849	0.18053	0.01622	0.00784	0.00226	0.00333	0.01435	0.00652	0.00568
22	0.01296	0.03342	0.73944	0.01842	0.02797	0.01501	0.02387	0.02046	0.01364	0.02046	0.01160	0.01364	0.00818	0.00614	0.00614	0.00205	0.00955	0.00477	0.00273	0.00955
23	0.00830	0.00582	0.00743	0.00848	0.00880	0.00553	0.00548	0.00921	0.01184	0.01584	0.05597	0.56311	0.03859	0.20703	0.01435	0.00351	0.00435	0.01591	0.00552	0.00495
24	0.01340	0.01148	0.01340	0.00957	0.01531	0.00861	0.00766	0.01627	0.01340	0.02105	0.01148	0.01340	0.00957	0.00479	0.00479	0.00096	0.00479	0.00383	0.00383	0.81242
25	0.00787	0.00562	0.00750	0.00900	0.00937	0.00525	0.00600	0.00900	0.01237	0.01649	0.03561	0.76871	0.04274	0.02024	0.00825	0.00262	0.00375	0.01837	0.00600	0.00525
26	0.01795	0.04903	0.04374	0.05793	0.25140	0.20174	0.01522	0.02070	0.01461	0.05571	0.01181	0.01497	0.00978	0.00735	0.00908	0.00202	0.16123	0.00526	0.04198	0.00849
27	0.00877	0.00650	0.00817	0.00794	0.00947	0.00591	0.00588	0.01139	0.01712	0.02357	0.54960	0.11891	0.17404	0.01442	0.00768	0.00211	0.00315	0.01265	0.00682	0.00591
28	0.02331	0.01755	0.01964	0.04579	0.06230	0.01942	0.01288	0.62273	0.04977	0.03820	0.01549	0.01587	0.01112	0.00762	0.00646	0.00195	0.00714	0.00586	0.00613	0.01077
29	0.14064	0.01550	0.03661	0.01336	0.01803	0.05719	0.05261	0.15678	0.15165	0.11296	0.01628	0.01662	0.01202	0.00713	0.00645	0.00188	0.03584	0.00549	0.00525	0.13771
30	0.02085	0.01848	0.03934	0.04701	0.25031	0.13215	0.01484	0.23224	0.06794	0.09090	0.01495	0.01623	0.01121	0.00694	0.00634	0.00192	0.00784	0.00567	0.00485	0.00998
31	0.01520	0.01478	0.02446	0.02032	0.10114	0.01456	0.24217	0.06677	0.01477	0.02141	0.01187	0.01529	0.00964	0.00640	0.00874	0.00185	0.13268	0.00574	0.00359	0.26861
32	0.01848	0.05950	0.31141	0.01767	0.06429	0.01594	0.05170	0.15423	0.03977	0.14223	0.01491	0.01590	0.01059	0.00702	0.00705	0.00203	0.04737	0.00552	0.00449	0.00989
33	0.02456	0.01810	0.01939	0.01487	0.02004	0.02004	0.01228	0.71107	0.03038	0.04072	0.01551	0.01551	0.01099	0.00776	0.00646	0.00194	0.00711	0.00582	0.00646	0.01099
34	0.00851	0.00661	0.00776	0.00756	0.00938	0.00586	0.00573	0.01092	0.01655	0.02184	0.40304	0.05550	0.36145	0.01481	0.00768	0.00214	0.00326	0.03901	0.00657	0.00580
35	0.04790	0.01520	0.08593	0.09805	0.09904	0.04560	0.10890	0.02204	0.12186	0.11070	0.11414	0.04295	0.01952	0.00820	0.00714	0.00210	0.02997	0.00724	0.00487	0.00867
36	0.01500	0.01425	0.02375	0.22682	0.51014	0.01513	0.01878	0.01980	0.05526	0.02024	0.01280	0.01679	0.01036	0.00612	0.00642	0.00200	0.00777	0.00584	0.00331	0.00943
37	0.02779	0.01073	0.01461	0.01129	0.01608	0.00929	0.00929	0.03032	0.01848	0.69404	0.06810	0.02358	0.01872	0.00831	0.00657	0.00200	0.00535	0.00681	0.00794	0.01070
38	0.00802	0.00658	0.00708	0.00701	0.00904	0.00564	0.00530	0.00999	0.01548	0.01927	0.20357	0.05954	0.57230	0.01574	0.00767	0.00217	0.00329	0.03047	0.00623	0.00560
39	0.01824	0.12303	0.14841	0.08715	0.15149	0.18071	0.03309	0.06832	0.03434	0.05422	0.01223	0.01441	0.00955	0.00655	0.00644	0.00188	0.03241	0.00504	0.00359	0.00891
40	0.01041	0.00744	0.01041	0.01190	0.01339	0.00744	0.01041	0.01339	0.01487	0.01934	0.03421	0.07288	0.03719	0.01785	0.00892	0.00297	0.00595	0.68913	0.00595	0.00595
41	0.01192	0.00605	0.00614	0.00612	0.00762	0.00603	0.00459	0.01493	0.01376	0.02417	0.05235	0.02516	0.01852	0.00778	0.00465	0.00153	0.00301	0.00627	0.77339	0.00603
42	0.81856	0.01250	0.00950	0.00850	0.01250	0.01449	0.00700	0.01899	0.01100	0.02899	0.00900	0.01050	0.00700	0.00600	0.00400	0.00200	0.00500	0.00350	0.00400	0.00700
43	0.81856	0.01250	0.00950	0.00850	0.01250	0.01449	0.00700	0.01899	0.01100	0.02899	0.00900	0.01050	0.00700	0.00600	0.00400	0.00200	0.00500	0.00350	0.00400	0.00700
44	0.00776	0.00607	0.00704	0.00782	0.00906	0.00535	0.00548	0.00913	0.01350	0.01696	0.04993	0.42972	0.37248	0.01838	0.00795	0.00241	0.00352	0.01610	0.00600	0.00535
45	0.04000	0.15002	0.18395	0.08231	0.02381	0.03744	0.09354	0.11527	0.05532	0.02245	0.02803	0.01528	0.01070	0.00665	0.00662	0.00189	0.04343	0.00530	0.00378	0.07421
46	0.01783	0.05655	0.04125	0.03062	0.46765	0.06013	0.04038	0.09892	0.01662	0.05102	0.01268	0.01550	0.01021	0.00623	0.00662	0.00189	0.02635	0.00557	0.00374	0.03024
47	0.00859	0.00658	0.00787	0.00755	0.00931	0.00586	0.00566	0.01112	0.01698	0.02280	0.48474	0.05339	0.30738	0.01437	0.00763	0.00209	0.00313	0.01240	0.00670	0.00586
48	0.01607	0.01584	0.02505	0.11347	0.61918	0.05774	0.01921	0.01983	0.01473	0.02032	0.01196	0.01587	0.00995	0.00588	0.00637	0.00193	0.00801	0.00566	0.00317	0.00976
49	0.01658	0.04892	0.34032	0.08134	0.10353	0.10461	0.08569	0.06147	0.01567	0.06354	0.01257	0.01482	0.00925	0.00631	0.00628	0.00198	0.00919	0.00528	0.00345	0.00923
50	0.02223	0.00981	0.01303	0.01065	0.01453	0.00876	0.00868	0.04681	0.01841	0.47647	0.18237	0.03285	0.06135	0.01019	0.00696	0.00208	0.00493	0.05305	0.00752	0.00932
51	0.00831	0.00584	0.00733	0.00834	0.00867	0.00555	0.00535	0.00912	0.01157	0.01536	0.03208	0.53232	0.05914	0.24154	0.01548	0.00368	0.00447	0.01558	0.00539	0.00486
52	0.05474	0.05819	0.02219	0.07198	0.19590	0.18141	0.07851	0.12274	0.01776	0.06588	0.04113	0.01622	0.01184	0.00684	0.00660	0.00191	0.02744	0.00564	0.00414	0.00893
53	0.06432	0.02393	0.36059	0.01716	0.06946	0.05278	0.01731	0.10889	0.04475	0.13491	0.01530	0.03638	0.01124	0.00712	0.00619	0.00202	0.00800	0.00561	0.00439	0.00965
54	0.03618	0.01552	0.03673	0.13206	0.02227	0.07054	0.03821	0.07632	0.03547	0.01901	0.01080	0.01517	0.00930	0.01020	0.03449	0.00263	0.39400	0.00560	0.00339	0.03211
55	0.34947	0.08455	0.01674	0.08075	0.08592	0.01681	0.01107	0.11164	0.09819	0.02638	0.01239	0.01409	0.00969	0.00684	0.00609	0.00201	0.04996	0.00479	0.00427	0.00835

[dist]
# distance from previous block
# <min> <max>
3	10

[block]
# block no. 1 follows, 34 sequences, length 8
# corresponding to MSA columns:
# 147-154
name=unknown_B
#
# <colnr> <probs for GDERKNQSTAVLIFYWHMCP>
#	G	D	E	R	K	N	Q	S	T	A	V	L	I	F	Y	W	H	M	C	P
0	0.01111	0.01064	0.00965	0.01052	0.01148	0.15302	0.00729	0.01234	0.01355	0.01636	0.03051	0.61788	0.03588	0.01754	0.00776	0.00243	0.00532	0.01554	0.00547	0.00569
1	0.01395	0.18062	0.55918	0.01745	0.02603	0.01719	0.06010	0.02025	0.01363	0.01943	0.01116	0.01320	0.00830	0.00598	0.00583	0.00192	0.00910	0.00467	0.00277	0.00925
2	0.01140	0.00825	0.01010	0.01040	0.01181	0.00837	0.00760	0.14922	0.01616	0.02155	0.03150	0.56368	0.03597	0.01757	0.00795	0.00252	0.00459	0.06886	0.00609	0.00645
3	0.01348	0.01257	0.01298	0.04573	0.01489	0.15641	0.00954	0.01544	0.01223	0.04113	0.01545	0.02293	0.01435	0.10723	0.40613	0.00692	0.07627	0.00645	0.00357	0.00628
4	0.00808	0.00577	0.00773	0.00923	0.00969	0.00542	0.00635	0.00935	0.01257	0.01672	0.03550	0.71268	0.04229	0.02005	0.00830	0.00265	0.00393	0.07237	0.00599	0.00530
5	0.02414	0.03079	0.01831	0.01665	0.01998	0.74698	0.01248	0.02580	0.01831	0.01581	0.00999	0.01165	0.00832	0.00666	0.00583	0.00166	0.01165	0.00416	0.00333	0.00749
6	0.01695	0.18904	0.19675	0.03871	0.06756	0.04921	0.03431	0.15730	0.03330	0.02280	0.01269	0.03768	0.01041	0.00709	0.00682	0.00188	0.05761	0.00533	0.00381	0.05074
7	0.29268	0.11842	0.11522	0.01315	0.01798	0.16205	0.03422	0.08967	0.01533	0.02366	0.01190	0.03815	0.01008	0.00704	0.00531	0.00191	0.00758	0.02381	0.00388	0.00798

[dist]
# distance from previous block
# <min> <max>
1	20

[block]
# block no. 2 follows, 34 sequences, length 47
# corresponding to MSA columns:
# 175-221
name=unknown_C
#
# <colnr> <probs for GDERKNQSTAVLIFYWHMCP>
#	G	D	E	R	K	N	Q	S	T	A	V	L	I	F	Y	W	H	M	C	P
0	0.01665	0.15520	0.10858	0.03935	0.16112	0.06108	0.01365	0.13852	0.01658	0.02228	0.01343	0.03780	0.01161	0.05979	0.00760	0.00204	0.00727	0.00556	0.03236	0.08954
1	0.03335	0.03727	0.03724	0.07502	0.11334	0.07098	0.09873	0.09812	0.17034	0.04832	0.04097	0.04326	0.06575	0.00816	0.00657	0.00202	0.00708	0.00714	0.00486	0.03148
2	0.00936	0.00639	0.00770	0.00770	0.00793	0.00662	0.00473	0.00982	0.00959	0.01301	0.01976	0.03897	0.02205	0.63081	0.17303	0.00707	0.00843	0.00891	0.00383	0.00428
3	0.00940	0.00626	0.00705	0.00705	0.00705	0.00626	0.00392	0.00940	0.00940	0.01253	0.02036	0.04228	0.02349	0.77292	0.03289	0.00626	0.00626	0.00940	0.00392	0.00392
4	0.02414	0.03079	0.01831	0.01665	0.01998	0.74698	0.01248	0.02580	0.01831	0.01581	0.00999	0.01165	0.00832	0.00666	0.00583	0.00166	0.01165	0.00416	0.00333	0.00749
5	0.01296	0.03342	0.73944	0.01842	0.02797	0.01501	0.02387	0.02046	0.01364	0.02046	0.01160	0.01364	0.00818	0.00614	0.00614	0.00205	0.00955	0.00477	0.00273	0.00955
6	0.01414	0.01414	0.01979	0.01696	0.01696	0.01979	0.01414	0.01555	0.00990	0.01555	0.00848	0.01414	0.00848	0.01131	0.02120	0.00283	0.76110	0.00565	0.00283	0.00707
7	0.04597	0.01191	0.01359	0.00983	0.01547	0.00951	0.00790	0.05646	0.01428	0.02250	0.01162	0.01341	0.00955	0.00500	0.00485	0.00106	0.00493	0.00393	0.00399	0.73426
8	0.00769	0.00651	0.00664	0.00668	0.00878	0.00547	0.00498	0.00935	0.01474	0.01767	0.08367	0.08771	0.68530	0.01641	0.00766	0.00219	0.00328	0.01375	0.00603	0.00547
9	0.00903	0.00755	0.00933	0.03251	0.01169	0.00695	0.03404	0.01218	0.05123	0.02049	0.24663	0.05345	0.43068	0.01438	0.00758	0.00216	0.00386	0.03404	0.00613	0.00608
10	0.81856	0.01250	0.00950	0.00850	0.01250	0.01449	0.00700	0.01899	0.01100	0.02899	0.00900	0.01050	0.00700	0.00600	0.00400	0.00200	0.00500	0.00350	0.00400	0.00700
11	0.01518	0.01452	0.02476	0.19335	0.58527	0.01514	0.01943	0.01912	0.01433	0.02012	0.01201	0.01626	0.00989	0.00591	0.00641	0.00197	0.00788	0.00575	0.00313	0.00958
12	0.01336	0.01354	0.03969	0.39828	0.13656	0.06397	0.03290	0.01748	0.03521	0.01797	0.01491	0.10794	0.01340	0.00797	0.00654	0.00206	0.00782	0.00711	0.00351	0.05978
13	0.00978	0.00675	0.00878	0.00819	0.00986	0.00619	0.00617	0.01275	0.01816	0.05029	0.68000	0.04787	0.08438	0.01315	0.00758	0.00204	0.00314	0.01158	0.00710	0.00624
14	0.01346	0.01183	0.01507	0.04025	0.01754	0.00929	0.04865	0.01654	0.01349	0.02085	0.01158	0.01378	0.00955	0.00489	0.00502	0.00108	0.00529	0.00412	0.00376	0.73399
15	0.01260	0.01202	0.01615	0.01342	0.01541	0.09710	0.16327	0.01432	0.01189	0.01513	0.01674	0.03020	0.01728	0.40169	0.10493	0.00516	0.03540	0.00797	0.00361	0.00573
16	0.01247	0.01175	0.01985	0.70760	0.09224	0.01442	0.01808	0.01674	0.01304	0.01683	0.01153	0.01714	0.00873	0.00641	0.00646	0.00214	0.00855	0.00574	0.00289	0.00739
17	0.01752	0.75038	0.03331	0.01125	0.01670	0.05112	0.01111	0.01958	0.01331	0.01522	0.00902	0.01041	0.00829	0.00557	0.00421	0.00139	0.00708	0.00348	0.00278	0.00826
18	0.01474	0.21191	0.52280	0.01647	0.02471	0.04131	0.02004	0.04285	0.01421	0.01970	0.01104	0.01285	0.00831	0.00606	0.00566	0.00187	0.00890	0.00447	0.00288	0.00923
19	0.02482	0.01769	0.01914	0.01467	0.01983	0.01943	0.01212	0.67175	0.02969	0.08102	0.01609	0.01589	0.01128	0.00777	0.00647	0.00194	0.00702	0.00586	0.00655	0.01099
20	0.00821	0.00657	0.00735	0.00715	0.00908	0.00570	0.00536	0.01039	0.01609	0.02069	0.31927	0.05686	0.47416	0.01516	0.00763	0.00212	0.00319	0.01289	0.00643	0.00570
21	0.00825	0.00642	0.00750	0.00754	0.00918	0.00567	0.00554	0.01035	0.01571	0.02054	0.31462	0.16946	0.36452	0.01578	0.00773	0.00220	0.00326	0.01364	0.00643	0.00567
22	0.00830	0.00600	0.00794	0.00934	0.01003	0.00565	0.00670	0.00979	0.01297	0.01706	0.03744	0.59774	0.08944	0.01955	0.00832	0.00265	0.00410	0.13560	0.00599	0.00539
23	0.01599	0.01535	0.02623	0.03966	0.73262	0.01535	0.01983	0.01983	0.01471	0.02111	0.01215	0.01599	0.01023	0.00576	0.00640	0.00192	0.00768	0.00576	0.00320	0.01023
24	0.00862	0.00655	0.00739	0.00740	0.00925	0.00568	0.00547	0.01052	0.01527	0.04007	0.20535	0.16366	0.45976	0.01601	0.00769	0.00221	0.00336	0.01371	0.00630	0.00573
25	0.01934	0.01700	0.06575	0.01531	0.02020	0.01725	0.07811	0.34951	0.23726	0.03238	0.06454	0.02031	0.01659	0.00809	0.00666	0.00205	0.00676	0.00675	0.00599	0.01013
26	0.00925	0.00666	0.00899	0.01006	0.01121	0.00640	0.00797	0.01158	0.01468	0.01954	0.16347	0.29588	0.06880	0.01773	0.00842	0.00266	0.00460	0.32020	0.00618	0.00573
27	0.01340	0.01148	0.01340	0.00957	0.01531	0.00861	0.00766	0.01627	0.01340	0.02105	0.01148	0.01340	0.00957	0.00479	0.00479	0.00096	0.00479	0.00383	0.00383	0.81242
28	0.01531	0.01534	0.04555	0.14709	0.58876	0.01522	0.03955	0.01937	0.01443	0.02038	0.01206	0.01615	0.00992	0.00586	0.00643	0.00197	0.00796	0.00578	0.00314	0.00971
29	0.81856	0.01250	0.00950	0.00850	0.01250	0.01449	0.00700	0.01899	0.01100	0.02899	0.00900	0.01050	0.00700	0.00600	0.00400	0.00200	0.00500	0.00350	0.00400	0.00700
30	0.01666	0.01417	0.01494	0.01327	0.01703	0.01635	0.01037	0.08128	0.67304	0.02798	0.02555	0.02351	0.01912	0.00870	0.00657	0.00217	0.00525	0.00720	0.00657	0.01028
31	0.00856	0.00615	0.00826	0.00971	0.01045	0.00586	0.00717	0.01021	0.01314	0.01731	0.03626	0.55355	0.06493	0.01945	0.00841	0.00270	0.00434	0.20211	0.00598	0.00545
32	0.02283	0.04405	0.12257	0.01733	0.11193	0.01261	0.06127	0.06109	0.01725	0.40943	0.01956	0.01904	0.01317	0.00833	0.02784	0.00222	0.00721	0.00610	0.00589	0.01028
33	0.01747	0.01526	0.05122	0.13613	0.45371	0.03534	0.01764	0.02180	0.04144	0.12545	0.01446	0.01713	0.01106	0.00634	0.00640	0.00197	0.00758	0.00584	0.00397	0.00980
34	0.01729	0.01840	0.01595	0.01427	0.01607	0.28769	0.01112	0.05569	0.01448	0.01747	0.01245	0.01748	0.01125	0.06431	0.10883	0.00345	0.22786	0.00555	0.07343	0.00697
35	0.27224	0.06353	0.04036	0.03525	0.01871	0.39144	0.03127	0.02289	0.01535	0.04091	0.01025	0.01191	0.00817	0.00637	0.00526	0.00181	0.00896	0.00415	0.00361	0.00757
36	0.49437	0.01819	0.01407	0.01231	0.01594	0.22938	0.04041	0.02082	0.01325	0.02383	0.00943	0.01140	0.00761	0.00654	0.00589	0.00197	0.05966	0.00403	0.00369	0.00722
37	0.02185	0.24502	0.04619	0.01484	0.01926	0.41264	0.01241	0.11987	0.01835	0.01928	0.01052	0.01189	0.00868	0.00647	0.00544	0.00163	0.00957	0.00421	0.00359	0.00828
38	0.00825	0.00633	0.00756	0.00775	0.00923	0.00564	0.00562	0.01028	0.01544	0.02033	0.30277	0.23701	0.30807	0.01619	0.00779	0.00224	0.00331	0.01412	0.00641	0.00564
39	0.01522	0.01401	0.02482	0.21914	0.19405	0.01413	0.20540	0.04140	0.01508	0.05836	0.03929	0.01791	0.01181	0.00621	0.00663	0.00196	0.00819	0.00631	0.00370	0.09638
40	0.01573	0.09192	0.19414	0.06936	0.33896	0.01576	0.08390	0.02035	0.01444	0.05870	0.01268	0.01561	0.00989	0.00600	0.00620	0.00193	0.00818	0.00553	0.02122	0.00952
41	0.02598	0.01351	0.01639	0.01284	0.01766	0.01346	0.01064	0.29474	0.02287	0.41626	0.02221	0.02300	0.01552	0.00859	0.00665	0.00204	0.00616	0.05359	0.00726	0.01064
42	0.00779	0.00596	0.00715	0.00809	0.00913	0.00532	0.00560	0.00910	0.01324	0.01685	0.04662	0.50809	0.29625	0.01881	0.00802	0.00246	0.00357	0.01662	0.00600	0.00532
43	0.02533	0.01470	0.06383	0.03557	0.06595	0.02964	0.01199	0.16625	0.03594	0.45056	0.02097	0.01943	0.01380	0.00762	0.00645	0.00199	0.00645	0.00614	0.00675	0.01065
44	0.02397	0.01910	0.04563	0.01486	0.01990	0.08736	0.01250	0.55624	0.02739	0.08227	0.01604	0.01716	0.01172	0.00790	0.00647	0.00195	0.00749	0.02548	0.00611	0.01046
45	0.03365	0.00619	0.00797	0.00885	0.00971	0.00584	0.00613	0.01076	0.01354	0.04348	0.14838	0.58249	0.04307	0.01791	0.00786	0.00246	0.00371	0.01610	0.02625	0.00566
46	0.01688	0.22270	0.03976	0.04784	0.12327	0.03839	0.01241	0.12773	0.05651	0.02239	0.01321	0.01616	0.01102	0.00667	0.00600	0.00167	0.03125	0.02567	0.02724	0.15325

[dist]
# distance from previous block
# <min> <max>
0	1

[block]
# block no. 3 follows, 34 sequences, length 76
# corresponding to MSA columns:
# 223-298
name=unknown_D
#
# <colnr> <probs for GDERKNQSTAVLIFYWHMCP>
#	G	D	E	R	K	N	Q	S	T	A	V	L	I	F	Y	W	H	M	C	P
0	0.04655	0.01802	0.11586	0.01438	0.01999	0.01619	0.03199	0.36118	0.04121	0.10224	0.01514	0.01566	0.01088	0.00714	0.00664	0.00186	0.03308	0.00545	0.00542	0.13111
1	0.01894	0.04654	0.02231	0.13072	0.31212	0.25579	0.01617	0.08379	0.01700	0.02029	0.01154	0.01451	0.00938	0.00633	0.00615	0.00185	0.00903	0.00516	0.00347	0.00890
2	0.01626	0.28237	0.11099	0.09431	0.21043	0.04770	0.08813	0.04372	0.01460	0.01896	0.01105	0.01385	0.00907	0.00586	0.00570	0.00179	0.00819	0.00498	0.00309	0.00894
3	0.01057	0.00774	0.01139	0.01057	0.01231	0.00782	0.05128	0.03194	0.01433	0.04791	0.22265	0.15077	0.05439	0.05195	0.25794	0.00513	0.00887	0.03087	0.00530	0.00625
4	0.01529	0.01373	0.02248	0.26987	0.42031	0.01476	0.01791	0.04334	0.03563	0.04036	0.01312	0.01704	0.01037	0.00626	0.00637	0.00199	0.00768	0.00583	0.02851	0.00916
5	0.01191	0.00729	0.00908	0.00823	0.01049	0.00646	0.00631	0.01448	0.01733	0.13786	0.43143	0.04791	0.23988	0.01325	0.00744	0.00207	0.00350	0.01139	0.00695	0.00671
6	0.01287	0.01075	0.01178	0.01095	0.01348	0.02791	0.00833	0.02342	0.37375	0.02535	0.29084	0.10360	0.03714	0.01148	0.00711	0.00216	0.00436	0.00993	0.00665	0.00814
7	0.01340	0.01148	0.01340	0.00957	0.01531	0.00861	0.00766	0.01627	0.01340	0.02105	0.01148	0.01340	0.00957	0.00479	0.00479	0.00096	0.00479	0.00383	0.00383	0.81242
8	0.00914	0.00660	0.00864	0.00813	0.00965	0.00610	0.00610	0.01219	0.01829	0.02591	0.72921	0.04827	0.06097	0.01321	0.00762	0.00203	0.00305	0.01169	0.00711	0.00610
9	0.24945	0.01211	0.01372	0.01095	0.01556	0.01207	0.00901	0.09804	0.03572	0.42795	0.03930	0.01887	0.01429	0.00757	0.00583	0.00200	0.00545	0.00575	0.00665	0.00972
10	0.00787	0.00655	0.00687	0.00679	0.00887	0.00556	0.00510	0.00973	0.01529	0.01878	0.16936	0.06000	0.62527	0.01587	0.00763	0.00216	0.00324	0.01333	0.00617	0.00556
11	0.00863	0.00653	0.00796	0.00772	0.00937	0.00586	0.00575	0.01116	0.01690	0.02290	0.49532	0.09575	0.25345	0.01455	0.00766	0.00211	0.00316	0.01265	0.00672	0.00586
12	0.02108	0.29681	0.02396	0.01466	0.01858	0.44491	0.01207	0.02287	0.01595	0.01558	0.00954	0.01134	0.00832	0.00653	0.00615	0.00163	0.05516	0.00400	0.00310	0.00775
13	0.02299	0.02802	0.01851	0.06650	0.02152	0.62160	0.01290	0.07071	0.01844	0.01752	0.01040	0.01238	0.00853	0.00689	0.00649	0.00176	0.03924	0.00443	0.00349	0.00769
14	0.01664	0.01416	0.01493	0.01327	0.01702	0.01634	0.01037	0.07998	0.67437	0.02795	0.02557	0.02353	0.01913	0.00870	0.00657	0.00217	0.00525	0.00720	0.00657	0.01028
15	0.00791	0.00656	0.00693	0.00684	0.00890	0.00557	0.00513	0.00981	0.01538	0.01901	0.18762	0.05962	0.60686	0.01578	0.00763	0.00215	0.00323	0.01328	0.00620	0.00557
16	0.01471	0.01404	0.02391	0.28249	0.49980	0.01501	0.01919	0.01871	0.01411	0.01955	0.01193	0.01641	0.00969	0.00599	0.00642	0.00200	0.00799	0.00575	0.00309	0.00920
17	0.00938	0.00631	0.00729	0.00729	0.00738	0.00640	0.00422	0.00955	0.00947	0.01271	0.02013	0.04103	0.02295	0.71939	0.08568	0.00657	0.00708	0.00921	0.00388	0.00405
18	0.01220	0.01148	0.01938	0.75739	0.04450	0.01436	0.01794	0.01651	0.01292	0.01651	0.01148	0.01723	0.00861	0.00646	0.00646	0.00215	0.00861	0.00574	0.00287	0.00718
19	0.01296	0.03342	0.73944	0.01842	0.02797	0.01501	0.02387	0.02046	0.01364	0.02046	0.01160	0.01364	0.00818	0.00614	0.00614	0.00205	0.00955	0.00477	0.00273	0.00955
20	0.01031	0.00736	0.01029	0.01178	0.01322	0.00735	0.01023	0.01321	0.01477	0.01922	0.03427	0.10125	0.03741	0.01795	0.00890	0.00296	0.00586	0.66178	0.00595	0.00592
21	0.02456	0.01810	0.01939	0.01487	0.02004	0.02004	0.01228	0.71107	0.03038	0.04072	0.01551	0.01551	0.01099	0.00776	0.00646	0.00194	0.00711	0.00582	0.00646	0.01099
22	0.01727	0.77681	0.03386	0.01106	0.01658	0.02557	0.01106	0.01935	0.01313	0.01520	0.00898	0.01036	0.00829	0.00553	0.00415	0.00138	0.00691	0.00345	0.00276	0.00829
23	0.00940	0.00626	0.00705	0.00705	0.00705	0.00626	0.00392	0.00940	0.00940	0.01253	0.02036	0.04228	0.02349	0.77292	0.03289	0.00626	0.00626	0.00940	0.00392	0.00392
24	0.01525	0.01743	0.03813	0.02723	0.03377	0.01634	0.70915	0.02070	0.01525	0.02070	0.01307	0.01743	0.00980	0.00545	0.00763	0.00218	0.01089	0.00763	0.00327	0.00871
25	0.00873	0.00667	0.00835	0.00840	0.01002	0.00629	0.00646	0.01108	0.01520	0.02022	0.28851	0.09047	0.27141	0.02062	0.12325	0.00352	0.00569	0.08334	0.00599	0.00577
26	0.01332	0.01304	0.01958	0.56956	0.13214	0.06344	0.01722	0.01727	0.01363	0.01717	0.01374	0.01953	0.03200	0.00698	0.00651	0.00211	0.00846	0.02364	0.00312	0.00752
27	0.00787	0.00562	0.00750	0.00900	0.00937	0.00525	0.00600	0.00900	0.01237	0.01649	0.03561	0.76871	0.04274	0.02024	0.00825	0.00262	0.00375	0.01837	0.00600	0.00525
28	0.01777	0.72564	0.03288	0.01131	0.01682	0.02519	0.01114	0.06600	0.01429	0.01692	0.00942	0.01071	0.00847	0.00568	0.00430	0.00142	0.00692	0.00361	0.00301	0.00847
29	0.02365	0.02998	0.01838	0.01666	0.01983	0.71143	0.01257	0.02530	0.01790	0.01580	0.00991	0.01177	0.00833	0.00689	0.00658	0.00172	0.04829	0.00423	0.00330	0.00747
30	0.01414	0.01051	0.01102	0.00981	0.01216	0.07836	0.00753	0.09723	0.01910	0.08065	0.43544	0.05640	0.04184	0.01119	0.00694	0.00195	0.00455	0.00952	0.08449	0.00715
31	0.01502	0.01244	0.01427	0.01034	0.01600	0.01027	0.00833	0.11708	0.01586	0.02391	0.01207	0.01371	0.00978	0.00522	0.00503	0.00110	0.00512	0.00412	0.00421	0.69614
32	0.02438	0.01599	0.01779	0.01390	0.01883	0.01722	0.01140	0.47269	0.12065	0.18991	0.01913	0.01807	0.01325	0.00794	0.00649	0.00199	0.00649	0.00616	0.00681	0.01089
33	0.02869	0.01148	0.01529	0.01172	0.01673	0.01021	0.00968	0.07732	0.01930	0.69013	0.02482	0.02156	0.01566	0.00798	0.00650	0.00200	0.00561	0.00645	0.00789	0.01100
34	0.01809	0.02113	0.05952	0.06058	0.24904	0.29146	0.06232	0.02167	0.03454	0.01901	0.01444	0.01699	0.03928	0.00676	0.00619	0.00185	0.00901	0.00561	0.05407	0.00844
35	0.01335	0.10120	0.67511	0.01775	0.02693	0.01597	0.02270	0.02036	0.01359	0.01998	0.01136	0.01334	0.00819	0.00608	0.00596	0.00199	0.00931	0.00465	0.00273	0.00943
36	0.00937	0.00638	0.00761	0.00761	0.00781	0.00657	0.00462	0.00976	0.00956	0.01295	0.01984	0.03943	0.02225	0.65043	0.15368	0.00696	0.00813	0.00898	0.00384	0.00423
37	0.01761	0.02059	0.06858	0.02388	0.26182	0.26282	0.05774	0.04630	0.01637	0.01956	0.03605	0.08717	0.03719	0.00805	0.00651	0.00194	0.00869	0.00687	0.00380	0.00845
38	0.04445	0.19201	0.10808	0.01567	0.04223	0.21027	0.03332	0.16849	0.08500	0.02325	0.01278	0.01386	0.01000	0.00669	0.00571	0.00179	0.00842	0.00485	0.00411	0.00902
39	0.04986	0.01781	0.01935	0.01567	0.04884	0.01967	0.01242	0.66054	0.02911	0.03954	0.01517	0.01537	0.01083	0.00762	0.00638	0.00194	0.00706	0.00574	0.00625	0.01083
40	0.00928	0.00629	0.00706	0.00705	0.00723	0.00621	0.00404	0.00947	0.00999	0.01322	0.04343	0.04371	0.06899	0.70366	0.03058	0.00589	0.00598	0.00973	0.00414	0.00407
41	0.57011	0.07478	0.02809	0.01308	0.10086	0.03544	0.00951	0.02013	0.01234	0.07093	0.01049	0.01197	0.00812	0.00608	0.00455	0.00193	0.00578	0.00400	0.00401	0.00781
42	0.02253	0.01732	0.01774	0.01427	0.01885	0.06722	0.01153	0.47038	0.16589	0.07281	0.01849	0.04228	0.01387	0.00831	0.00650	0.00200	0.00682	0.00645	0.00634	0.01041
43	0.00825	0.00619	0.00887	0.03186	0.01123	0.00589	0.02966	0.00961	0.01248	0.01663	0.03415	0.72146	0.04063	0.01934	0.00817	0.00260	0.00413	0.01764	0.00581	0.00542
44	0.01839	0.33788	0.20015	0.01537	0.03889	0.25353	0.01485	0.02170	0.01495	0.01683	0.01002	0.01172	0.00833	0.00604	0.00523	0.00165	0.00909	0.00406	0.00295	0.00839
45	0.01109	0.00561	0.00838	0.00844	0.00845	0.00560	0.00563	0.00844	0.00857	0.01143	0.01218	0.04900	0.01246	0.02236	0.02459	0.78029	0.00554	0.00611	0.00293	0.00290
46	0.13342	0.19719	0.11144	0.01682	0.06117	0.06697	0.12993	0.11891	0.03707	0.02333	0.01177	0.01362	0.00923	0.00613	0.00561	0.00182	0.00788	0.00496	0.00376	0.03897
47	0.05425	0.02403	0.01902	0.01960	0.14309	0.43513	0.01319	0.12081	0.01864	0.02093	0.01144	0.01350	0.00933	0.00822	0.03509	0.00208	0.01006	0.00475	0.00380	0.03306
48	0.00889	0.00628	0.00728	0.00748	0.00808	0.00600	0.00477	0.00970	0.01172	0.01542	0.10124	0.15117	0.14474	0.44636	0.02210	0.00457	0.00509	0.02955	0.00493	0.00463
49	0.01550	0.01532	0.02753	0.10834	0.54878	0.01542	0.13407	0.01965	0.01463	0.02059	0.01224	0.01635	0.01000	0.00577	0.00661	0.00199	0.00830	0.00607	0.00318	0.00968
50	0.01815	0.08122	0.07450	0.02374	0.25239	0.10995	0.07882	0.10536	0.10495	0.04185	0.01416	0.01597	0.01105	0.00649	0.00621	0.00188	0.00801	0.00562	0.00411	0.03556
51	0.00913	0.00645	0.00846	0.00865	0.00916	0.00687	0.00587	0.01021	0.01018	0.01404	0.02108	0.12874	0.02299	0.38280	0.31910	0.00747	0.01041	0.00955	0.00400	0.00484
52	0.00895	0.00660	0.00837	0.00792	0.00953	0.00601	0.00594	0.01181	0.01783	0.02481	0.64311	0.05007	0.14775	0.01362	0.00762	0.00205	0.00308	0.01194	0.00697	0.00601
53	0.01817	0.11522	0.22043	0.04533	0.08452	0.29233	0.09504	0.02218	0.01559	0.01804	0.01089	0.01326	0.00862	0.00616	0.00599	0.00183	0.00999	0.00483	0.00306	0.00851
54	0.02341	0.01842	0.01869	0.01476	0.01961	0.06988	0.01202	0.57444	0.12052	0.03719	0.01655	0.01638	0.01195	0.00781	0.00643	0.00195	0.00716	0.00590	0.00626	0.01065
55	0.00846	0.00658	0.00769	0.00741	0.00923	0.00581	0.00556	0.01087	0.01668	0.02208	0.42850	0.05457	0.36406	0.01464	0.00763	0.00210	0.00315	0.01257	0.00661	0.00581
56	0.01340	0.01148	0.01340	0.00957	0.01531	0.00861	0.00766	0.01627	0.01340	0.02105	0.01148	0.01340	0.00957	0.00479	0.00479	0.00096	0.00479	0.00383	0.00383	0.81242
57	0.01793	0.70587	0.03238	0.01159	0.01691	0.09417	0.01119	0.01996	0.01362	0.01526	0.00908	0.01049	0.00829	0.00564	0.00431	0.00141	0.00736	0.00352	0.00282	0.00822
58	0.01756	0.02086	0.03901	0.01598	0.01917	0.36879	0.11827	0.01999	0.01511	0.01632	0.01368	0.02003	0.01241	0.08701	0.16458	0.00405	0.01200	0.02472	0.00346	0.00700
59	0.01727	0.77681	0.03386	0.01106	0.01658	0.02557	0.01106	0.01935	0.01313	0.01520	0.00898	0.01036	0.00829	0.00553	0.00415	0.00138	0.00691	0.00345	0.00276	0.00829
60	0.01821	0.06042	0.01755	0.01430	0.06547	0.01559	0.01080	0.23645	0.21253	0.04576	0.04192	0.01839	0.01469	0.00727	0.00600	0.00175	0.00587	0.00584	0.00550	0.19567
61	0.01329	0.01267	0.02205	0.37585	0.19089	0.01406	0.10856	0.01798	0.04144	0.01857	0.01421	0.02119	0.01182	0.00979	0.05672	0.00271	0.00899	0.04782	0.00337	0.00801
62	0.01340	0.01148	0.01340	0.00957	0.01531	0.00861	0.00766	0.01627	0.01340	0.02105	0.01148	0.01340	0.00957	0.00479	0.00479	0.00096	0.00479	0.00383	0.00383	0.81242
63	0.01075	0.00883	0.01393	0.01176	0.01336	0.00890	0.14168	0.01289	0.03737	0.01508	0.01865	0.03390	0.01944	0.47191	0.14876	0.00602	0.00900	0.00855	0.00381	0.00540
64	0.01371	0.07785	0.67441	0.01776	0.02692	0.01548	0.02265	0.02073	0.01376	0.04212	0.01186	0.01370	0.00843	0.00616	0.00603	0.00200	0.00926	0.00475	0.00289	0.00952
65	0.02414	0.03079	0.01831	0.01665	0.01998	0.74698	0.01248	0.02580	0.01831	0.01581	0.00999	0.01165	0.00832	0.00666	0.00583	0.00166	0.01165	0.00416	0.00333	0.00749
66	0.00783	0.00653	0.00685	0.00695	0.00896	0.00555	0.00521	0.00957	0.01484	0.01802	0.10676	0.10056	0.62699	0.01641	0.00771	0.00222	0.00336	0.03410	0.00607	0.00550
67	0.13229	0.05278	0.01787	0.01454	0.01866	0.35603	0.01148	0.23580	0.04004	0.04415	0.01236	0.01324	0.00947	0.00695	0.00574	0.00181	0.00882	0.00470	0.00457	0.00870
68	0.05439	0.04688	0.01910	0.01771	0.07809	0.51151	0.01274	0.12565	0.03869	0.02071	0.01136	0.01284	0.00913	0.00675	0.00587	0.00175	0.01009	0.00458	0.00388	0.00831
69	0.00839	0.00617	0.00793	0.00886	0.00985	0.00571	0.00643	0.01016	0.01406	0.01862	0.15808	0.44851	0.14828	0.01815	0.00814	0.00250	0.00385	0.10462	0.00618	0.00552
70	0.01000	0.00813	0.00941	0.02926	0.01188	0.00775	0.00691	0.01470	0.11675	0.02187	0.26706	0.04832	0.30518	0.01329	0.00733	0.00210	0.00386	0.04914	0.00621	0.06085
71	0.00850	0.00621	0.00767	0.00819	0.00915	0.00575	0.00571	0.01008	0.01384	0.01841	0.20289	0.32312	0.16551	0.13729	0.01194	0.00300	0.00401	0.04748	0.00593	0.00531
72	0.01894	0.55942	0.03008	0.01308	0.01809	0.20792	0.03759	0.02103	0.01452	0.01556	0.00939	0.01096	0.00836	0.00581	0.00470	0.00148	0.00826	0.00379	0.00293	0.00810
73	0.01349	0.01305	0.01931	0.67821	0.04188	0.06399	0.01735	0.04447	0.01397	0.01741	0.01154	0.01678	0.00869	0.00652	0.00642	0.00211	0.00876	0.00564	0.00304	0.00735
74	0.04477	0.01762	0.01731	0.01418	0.01845	0.10571	0.01140	0.36753	0.18292	0.07465	0.01872	0.01840	0.03141	0.00819	0.00697	0.00201	0.03769	0.00613	0.00597	0.00998
75	0.01818	0.01501	0.03061	0.03185	0.01682	0.10280	0.01021	0.26928	0.04477	0.07213	0.16251	0.12202	0.02540	0.01025	0.00679	0.00200	0.00624	0.00846	0.00597	0.03870

[dist]
# distance from previous block
# <min> <max>
0	4

[block]
# block no. 4 follows, 34 sequences, length 33
# corresponding to MSA columns:
# 303-335
name=unknown_E
#
# <colnr> <probs for GDERKNQSTAVLIFYWHMCP>
#	G	D	E	R	K	N	Q	S	T	A	V	L	I	F	Y	W	H	M	C	P
0	0.01659	0.01553	0.02165	0.02677	0.37465	0.08144	0.05028	0.08321	0.01652	0.03966	0.06709	0.04308	0.03218	0.00747	0.00705	0.00191	0.03634	0.00661	0.00411	0.06785
1	0.01345	0.00897	0.00972	0.00870	0.01132	0.00889	0.00673	0.12942	0.05190	0.07211	0.05726	0.06321	0.28490	0.03335	0.02572	0.00230	0.00453	0.00962	0.19083	0.00709
2	0.01406	0.01187	0.01375	0.00988	0.01559	0.00929	0.00793	0.05715	0.01440	0.02221	0.01172	0.01352	0.00965	0.00496	0.00488	0.00101	0.00492	0.00395	0.00398	0.76526
3	0.08604	0.01887	0.01750	0.01403	0.01864	0.15255	0.01132	0.43381	0.02479	0.08120	0.04201	0.01604	0.01240	0.00754	0.00614	0.00187	0.00744	0.00553	0.00573	0.03655
4	0.06131	0.01422	0.01484	0.04042	0.01718	0.03565	0.01008	0.23546	0.31108	0.02869	0.02049	0.04033	0.01652	0.09217	0.00925	0.00253	0.00606	0.00696	0.02759	0.00917
5	0.01707	0.74104	0.06781	0.01141	0.01713	0.02506	0.01167	0.01940	0.01315	0.01545	0.00911	0.01052	0.00829	0.00556	0.00424	0.00141	0.00704	0.00352	0.00276	0.00835
6	0.00958	0.00630	0.00776	0.00776	0.00795	0.00649	0.00480	0.00964	0.00945	0.01279	0.01881	0.03690	0.02088	0.56689	0.15145	0.09813	0.00804	0.00855	0.00371	0.00410
7	0.01525	0.01743	0.03813	0.02723	0.03377	0.01634	0.70915	0.02070	0.01525	0.02070	0.01307	0.01743	0.00980	0.00545	0.00763	0.00218	0.01089	0.00763	0.00327	0.00871
8	0.00798	0.00567	0.00747	0.00886	0.00921	0.00532	0.00586	0.00902	0.01217	0.01623	0.03458	0.71944	0.04143	0.07129	0.00992	0.00287	0.00392	0.01776	0.00586	0.00516
9	0.01422	0.01112	0.01319	0.00961	0.01501	0.00851	0.00768	0.01708	0.01409	0.07247	0.06116	0.01638	0.01351	0.00559	0.00510	0.00110	0.00472	0.00455	0.00435	0.70056
10	0.01406	0.01146	0.01347	0.00965	0.01536	0.00865	0.00773	0.01691	0.01361	0.05140	0.01208	0.01376	0.00984	0.00492	0.00486	0.00100	0.00482	0.00394	0.00400	0.77846
11	0.01198	0.01027	0.01172	0.00883	0.01370	0.00784	0.00698	0.01455	0.01372	0.02017	0.02474	0.02538	0.18646	0.00763	0.00549	0.00126	0.00441	0.00624	0.00436	0.61428
12	0.01340	0.01148	0.01340	0.00957	0.01531	0.00861	0.00766	0.01627	0.01340	0.02105	0.01148	0.01340	0.00957	0.00479	0.00479	0.00096	0.00479	0.00383	0.00383	0.81242
13	0.01316	0.01246	0.02111	0.57635	0.21807	0.01461	0.01842	0.01735	0.01337	0.01767	0.01165	0.01692	0.00902	0.00628	0.00644	0.00209	0.00838	0.00575	0.00295	0.00795
14	0.00876	0.00600	0.00723	0.00786	0.00801	0.00584	0.00478	0.00923	0.01063	0.01418	0.02670	0.34425	0.03149	0.46004	0.02264	0.00475	0.00522	0.01313	0.00478	0.00447
15	0.02456	0.01810	0.01939	0.01487	0.02004	0.02004	0.01228	0.71107	0.03038	0.04072	0.01551	0.01551	0.01099	0.00776	0.00646	0.00194	0.00711	0.00582	0.00646	0.01099
16	0.01035	0.00740	0.01033	0.01172	0.01321	0.00737	0.01020	0.01333	0.01504	0.01965	0.06782	0.07169	0.03834	0.01762	0.00886	0.00293	0.00581	0.65637	0.00601	0.00596
17	0.00898	0.00660	0.00841	0.00796	0.00955	0.00603	0.00597	0.01188	0.01791	0.02501	0.65877	0.04974	0.13197	0.01354	0.00762	0.00205	0.00307	0.01189	0.00699	0.00603
18	0.41444	0.01875	0.01468	0.01392	0.06464	0.22274	0.01025	0.12980	0.01637	0.02657	0.01052	0.01198	0.00822	0.00644	0.00507	0.00189	0.00740	0.00420	0.00414	0.00798
19	0.00841	0.00621	0.00742	0.00789	0.00875	0.00592	0.00531	0.00947	0.01193	0.01543	0.03739	0.27532	0.22547	0.24460	0.09699	0.00443	0.00586	0.01314	0.00510	0.00497
20	0.01340	0.01148	0.01340	0.00957	0.01531	0.00861	0.00766	0.01627	0.01340	0.02105	0.01148	0.01340	0.00957	0.00479	0.00479	0.00096	0.00479	0.00383	0.00383	0.81242
21	0.00967	0.00741	0.00975	0.00973	0.01005	0.00839	0.00684	0.01063	0.01048	0.01455	0.02215	0.23408	0.02508	0.31161	0.16148	0.00553	0.12241	0.01081	0.00423	0.00512
22	0.00871	0.00717	0.01062	0.01028	0.01183	0.00655	0.08018	0.01058	0.01375	0.01800	0.10166	0.46111	0.20059	0.01715	0.00798	0.00242	0.00433	0.01554	0.00581	0.00574
23	0.00923	0.00692	0.01038	0.01038	0.01154	0.00808	0.00808	0.01154	0.01038	0.01500	0.01731	0.02538	0.01615	0.04846	0.74732	0.01038	0.01731	0.00692	0.00346	0.00577
24	0.01632	0.01643	0.02533	0.10566	0.57713	0.07985	0.04555	0.02007	0.01488	0.02019	0.01193	0.01578	0.00989	0.00589	0.00640	0.00193	0.00824	0.00569	0.00318	0.00964
25	0.00925	0.00683	0.00993	0.00993	0.01093	0.00783	0.00752	0.01125	0.01025	0.01467	0.01772	0.02766	0.01714	0.14619	0.65094	0.00983	0.01582	0.00726	0.00352	0.00552
26	0.01532	0.01626	0.07182	0.23697	0.42084	0.05039	0.01878	0.03622	0.03413	0.02015	0.01229	0.01618	0.00983	0.00615	0.00638	0.00199	0.00817	0.00565	0.00325	0.00922
27	0.30792	0.09995	0.01681	0.01384	0.08710	0.01595	0.01027	0.11479	0.10824	0.14432	0.01515	0.01536	0.01114	0.00684	0.00533	0.00194	0.00586	0.00502	0.00510	0.00908
28	0.02414	0.03079	0.01831	0.01665	0.01998	0.74698	0.01248	0.02580	0.01831	0.01581	0.00999	0.01165	0.00832	0.00666	0.00583	0.00166	0.01165	0.00416	0.00333	0.00749
29	0.01340	0.01148	0.01340	0.00957	0.01531	0.00861	0.00766	0.01627	0.01340	0.02105	0.01148	0.01340	0.00957	0.00479	0.00479	0.00096	0.00479	0.00383	0.00383	0.81242
30	0.00899	0.00639	0.00852	0.00885	0.00940	0.00679	0.00608	0.01019	0.01046	0.01442	0.02246	0.19529	0.02471	0.30957	0.32096	0.00716	0.01025	0.01036	0.00419	0.00497
31	0.02899	0.01100	0.01499	0.01150	0.01649	0.00950	0.00950	0.03149	0.01849	0.73709	0.02549	0.02199	0.01599	0.00800	0.00650	0.00200	0.00550	0.00650	0.00800	0.01100
32	0.01480	0.01307	0.01705	0.02039	0.23246	0.01411	0.01255	0.02592	0.38160	0.02431	0.08164	0.02781	0.05540	0.00902	0.00677	0.00213	0.00567	0.04031	0.00554	0.00946

[dist]
# distance from previous block
# <min> <max>
1	2

[block]
# block no. 5 follows, 34 sequences, length 24
# corresponding to MSA columns:
# 338-361
name=unknown_F
#
# <colnr> <probs for GDERKNQSTAVLIFYWHMCP>
#	G	D	E	R	K	N	Q	S	T	A	V	L	I	F	Y	W	H	M	C	P
0	0.02299	0.09589	0.07062	0.01640	0.08475	0.01801	0.01317	0.41162	0.02396	0.15493	0.01598	0.01601	0.01131	0.00727	0.00620	0.00190	0.00703	0.00561	0.00579	0.01054
1	0.02203	0.14169	0.02045	0.01490	0.01902	0.37368	0.01190	0.17558	0.11858	0.02273	0.01332	0.01404	0.01050	0.00702	0.00581	0.00175	0.00901	0.00485	0.00438	0.00876
2	0.81856	0.01250	0.00950	0.00850	0.01250	0.01449	0.00700	0.01899	0.01100	0.02899	0.00900	0.01050	0.00700	0.00600	0.00400	0.00200	0.00500	0.00350	0.00400	0.00700
3	0.01540	0.07009	0.24875	0.01638	0.10916	0.01259	0.01462	0.02065	0.05859	0.14026	0.15174	0.02562	0.07155	0.00856	0.00650	0.00199	0.00654	0.00716	0.00495	0.00890
4	0.02176	0.01497	0.01678	0.01347	0.01792	0.01625	0.01093	0.34197	0.20888	0.15436	0.04609	0.01998	0.01587	0.00828	0.00698	0.00201	0.03153	0.00647	0.00656	0.03893
5	0.01458	0.02652	0.47774	0.04618	0.07906	0.01532	0.02015	0.09263	0.09042	0.02310	0.01453	0.01771	0.01107	0.00705	0.00637	0.00208	0.00850	0.03369	0.00370	0.00958
6	0.00914	0.00660	0.00864	0.00813	0.00965	0.00610	0.00610	0.01219	0.01829	0.02591	0.72921	0.04827	0.06097	0.01321	0.00762	0.00203	0.00305	0.01169	0.00711	0.00610
7	0.01573	0.01431	0.02304	0.09245	0.52658	0.01469	0.01752	0.08528	0.01616	0.02263	0.04774	0.04704	0.01453	0.00724	0.00661	0.00200	0.00729	0.02575	0.00385	0.00956
8	0.64696	0.01301	0.01150	0.01044	0.03843	0.01463	0.00816	0.08683	0.01363	0.09022	0.01114	0.01215	0.00826	0.00633	0.00453	0.00199	0.00534	0.00406	0.00455	0.00784
9	0.01883	0.01483	0.01586	0.01352	0.01762	0.01680	0.01072	0.20804	0.51217	0.06228	0.02349	0.02180	0.01731	0.00847	0.00654	0.00212	0.00564	0.00689	0.00661	0.01046
10	0.00923	0.00692	0.01038	0.01038	0.01154	0.00808	0.00808	0.01154	0.01038	0.01500	0.01731	0.02538	0.01615	0.04846	0.74732	0.01038	0.01731	0.00692	0.00346	0.00577
11	0.00769	0.00634	0.00676	0.00709	0.00887	0.00541	0.00515	0.00921	0.01420	0.01724	0.05884	0.21889	0.57756	0.01722	0.00777	0.00228	0.00338	0.01469	0.00600	0.00541
12	0.01576	0.01512	0.02581	0.08340	0.69068	0.01529	0.01971	0.01963	0.01460	0.02083	0.01211	0.01607	0.01014	0.00580	0.00640	0.00193	0.00773	0.00576	0.00318	0.01005
13	0.02414	0.03079	0.01831	0.01665	0.01998	0.74698	0.01248	0.02580	0.01831	0.01581	0.00999	0.01165	0.00832	0.00666	0.00583	0.00166	0.01165	0.00416	0.00333	0.00749
14	0.00962	0.00746	0.01098	0.01076	0.01177	0.00892	0.00837	0.01176	0.01030	0.01494	0.01675	0.02523	0.01587	0.07693	0.65935	0.00961	0.07524	0.00693	0.00343	0.00579
15	0.01525	0.01743	0.03813	0.02723	0.03377	0.01634	0.70915	0.02070	0.01525	0.02070	0.01307	0.01743	0.00980	0.00545	0.00763	0.00218	0.01089	0.00763	0.00327	0.00871
