[name]
unknown

[dist]
# distance from previous block
# <min> <max>
0	11

[block]
# block no. 0 follows, 34 sequences, length 21
# corresponding to MSA columns:
# 11-31
name=unknown_A
#
# <colnr> <probs for GDERKNQSTAVLIFYWHMCP>
#	G	D	E	R	K	N	Q	S	T	A	V	L	I	F	Y	W	H	M	C	P
0	0.01580	0.01278	0.03234	0.06055	0.11813	0.05549	0.01204	0.11121	0.01731	0.08581	0.07104	0.06996	0.02329	0.01089	0.00713	0.00219	0.00648	0.20141	0.00529	0.08086
1	0.07528	0.09140	0.07440	0.01586	0.06073	0.06205	0.03853	0.25240	0.21193	0.02880	0.01645	0.01673	0.01237	0.00730	0.00607	0.00196	0.00703	0.00572	0.00518	0.00979
2	0.01283	0.00821	0.01001	0.00891	0.01149	0.00754	0.00685	0.03575	0.05766	0.13097	0.35516	0.07600	0.18514	0.01254	0.00724	0.00203	0.00382	0.01077	0.00674	0.05033
3	0.01412	0.00958	0.06108	0.01040	0.02928	0.00757	0.00819	0.01634	0.01477	0.20027	0.10563	0.23362	0.13834	0.08010	0.02447	0.00272	0.00505	0.01143	0.00606	0.02100
4	0.08607	0.18909	0.26153	0.01669	0.02292	0.05021	0.13957	0.03515	0.01418	0.02033	0.04941	0.01516	0.01131	0.00663	0.00680	0.00195	0.05590	0.00530	0.00330	0.00850
5	0.01288	0.04783	0.09930	0.04520	0.05443	0.02703	0.01129	0.01721	0.08328	0.05140	0.08154	0.13122	0.02182	0.06348	0.10370	0.00349	0.09176	0.00841	0.03739	0.00734
6	0.01791	0.01047	0.01232	0.01046	0.01374	0.01048	0.00826	0.13811	0.10811	0.21092	0.15986	0.07652	0.08001	0.01039	0.00668	0.00201	0.00469	0.00870	0.10176	0.00860
7	0.01325	0.00854	0.01007	0.00943	0.01161	0.00841	0.00705	0.06464	0.09311	0.11572	0.10490	0.19080	0.15798	0.09900	0.02293	0.00281	0.00476	0.03060	0.03740	0.00699
8	0.01516	0.06204	0.27509	0.02077	0.12448	0.01492	0.14747	0.04241	0.06102	0.05220	0.01438	0.04373	0.01138	0.00663	0.00636	0.00194	0.00821	0.00607	0.00371	0.08204
9	0.00940	0.00626	0.00705	0.00705	0.00705	0.00626	0.00392	0.00940	0.00940	0.01253	0.02036	0.04228	0.02349	0.77292	0.03289	0.00626	0.00626	0.00940	0.00392	0.00392
10	0.00975	0.00661	0.00850	0.00850	0.00999	0.00603	0.00629	0.01208	0.01616	0.06054	0.39685	0.23943	0.13530	0.01537	0.00778	0.00225	0.00352	0.04230	0.00668	0.00605
11	0.01456	0.45410	0.14442	0.01279	0.04196	0.01892	0.01233	0.01720	0.01292	0.01633	0.01438	0.14692	0.01463	0.00904	0.00625	0.03887	0.00675	0.00652	0.00335	0.00777
12	0.06007	0.02035	0.22504	0.02021	0.15711	0.04796	0.03831	0.09581	0.05659	0.07320	0.04617	0.02905	0.01304	0.00756	0.00774	0.00208	0.08031	0.00595	0.00418	0.00926
13	0.01237	0.01085	0.01556	0.08135	0.11178	0.04296	0.04231	0.03916	0.01302	0.01822	0.05997	0.02302	0.01631	0.04576	0.33341	0.00583	0.07386	0.00676	0.04055	0.00697
14	0.01040	0.00711	0.00901	0.00888	0.01048	0.00692	0.00655	0.01328	0.05231	0.06961	0.21944	0.20015	0.15515	0.06173	0.13496	0.00384	0.00612	0.01194	0.00592	0.00619
15	0.01367	0.12761	0.11927	0.01343	0.04853	0.01270	0.06656	0.01758	0.03227	0.02025	0.06273	0.01816	0.01415	0.04724	0.00692	0.00173	0.00626	0.00533	0.03977	0.32583
16	0.01761	0.09123	0.11965	0.07147	0.11375	0.01615	0.14059	0.14876	0.05566	0.08983	0.01594	0.06234	0.01275	0.00740	0.00652	0.00202	0.00782	0.00667	0.00448	0.00937
17	0.04782	0.00866	0.01279	0.06095	0.01442	0.00961	0.04010	0.01354	0.01083	0.08257	0.01500	0.07244	0.01418	0.05189	0.10189	0.31885	0.10839	0.00691	0.00372	0.00545
18	0.01102	0.00788	0.01096	0.01332	0.12112	0.00768	0.00796	0.01258	0.01273	0.04950	0.09462	0.21029	0.03063	0.29591	0.01703	0.00381	0.00551	0.07651	0.00499	0.00594
19	0.04774	0.06847	0.23025	0.01691	0.10153	0.03920	0.01497	0.10408	0.04886	0.14597	0.06962	0.05242	0.01609	0.00787	0.00628	0.00199	0.00713	0.00640	0.00485	0.00938
20	0.01656	0.08214	0.05319	0.17531	0.11519	0.04709	0.05763	0.08464	0.14175	0.07175	0.01654	0.04586	0.01316	0.00927	0.03991	0.00240	0.00789	0.00641	0.00443	0.00890

[dist]
# distance from previous block
# <min> <max>
1	7

[block]
# block no. 1 follows, 34 sequences, length 32
# corresponding to MSA columns:
# 39-70
name=unknown_B
#
# <colnr> <probs for GDERKNQSTAVLIFYWHMCP>
#	G	D	E	R	K	N	Q	S	T	A	V	L	I	F	Y	W	H	M	C	P
0	0.19467	0.09940	0.06968	0.05742	0.07970	0.10126	0.04165	0.05218	0.09972	0.07209	0.01612	0.03951	0.03598	0.00735	0.00572	0.00195	0.00704	0.00572	0.00436	0.00847
1	0.01702	0.03906	0.02307	0.17881	0.29312	0.06119	0.06173	0.13520	0.05203	0.02318	0.01307	0.01611	0.01026	0.00637	0.00634	0.00193	0.00796	0.00571	0.00387	0.04398
2	0.17149	0.10150	0.10555	0.01686	0.09435	0.01670	0.09167	0.19580	0.01750	0.02669	0.01270	0.01519	0.00997	0.03174	0.00656	0.00202	0.00719	0.00525	0.03618	0.03510
3	0.01436	0.01145	0.01350	0.00969	0.01539	0.00867	0.00777	0.01721	0.01371	0.06523	0.01235	0.01393	0.00997	0.00498	0.00489	0.00102	0.00483	0.00399	0.00409	0.76298
4	0.00938	0.00605	0.00799	0.00907	0.00986	0.00556	0.00620	0.01063	0.01291	0.06835	0.03619	0.68422	0.07077	0.01919	0.00809	0.00256	0.00385	0.01731	0.00614	0.00567
5	0.00918	0.00635	0.00749	0.00749	0.00794	0.00626	0.00467	0.00993	0.01126	0.01519	0.13121	0.07597	0.07118	0.53229	0.07258	0.00548	0.00620	0.01024	0.00459	0.00452
6	0.00829	0.00652	0.00748	0.00734	0.00915	0.00572	0.00547	0.01049	0.01611	0.02098	0.34455	0.09356	0.41085	0.01523	0.00766	0.00214	0.00320	0.01306	0.00647	0.00572
7	0.00883	0.00623	0.00789	0.00834	0.00880	0.00632	0.00549	0.00974	0.01074	0.01447	0.02627	0.25627	0.05943	0.35587	0.18059	0.00589	0.00779	0.01172	0.00453	0.00479
8	0.00841	0.00648	0.00747	0.00738	0.00897	0.00577	0.00535	0.01040	0.01543	0.02019	0.31661	0.10296	0.35472	0.08912	0.01013	0.00255	0.00351	0.01279	0.00623	0.00554
9	0.02427	0.01853	0.01919	0.01489	0.01993	0.05241	0.01222	0.65840	0.05232	0.03916	0.01562	0.01562	0.01115	0.00774	0.00644	0.00194	0.00725	0.00579	0.00633	0.01081
10	0.81856	0.01250	0.00950	0.00850	0.01250	0.01449	0.00700	0.01899	0.01100	0.02899	0.00900	0.01050	0.00700	0.00600	0.00400	0.00200	0.00500	0.00350	0.00400	0.00700
11	0.01315	0.01127	0.01310	0.00944	0.01503	0.00848	0.00754	0.01597	0.01346	0.02090	0.01381	0.01550	0.04063	0.00528	0.00491	0.00101	0.00472	0.00425	0.00392	0.77763
12	0.01525	0.01743	0.03813	0.02723	0.03377	0.01634	0.70915	0.02070	0.01525	0.02070	0.01307	0.01743	0.00980	0.00545	0.00763	0.00218	0.01089	0.00763	0.00327	0.00871
13	0.81856	0.01250	0.00950	0.00850	0.01250	0.01449	0.00700	0.01899	0.01100	0.02899	0.00900	0.01050	0.00700	0.00600	0.00400	0.00200	0.00500	0.00350	0.00400	0.00700
14	0.02456	0.01810	0.01939	0.01487	0.02004	0.02004	0.01228	0.71107	0.03038	0.04072	0.01551	0.01551	0.01099	0.00776	0.00646	0.00194	0.00711	0.00582	0.00646	0.01099
15	0.81856	0.01250	0.00950	0.00850	0.01250	0.01449	0.00700	0.01899	0.01100	0.02899	0.00900	0.01050	0.00700	0.00600	0.00400	0.00200	0.00500	0.00350	0.00400	0.00700
16	0.01599	0.01535	0.02623	0.03966	0.73262	0.01535	0.01983	0.01983	0.01471	0.02111	0.01215	0.01599	0.01023	0.00576	0.00640	0.00192	0.00768	0.00576	0.00320	0.01023
17	0.02045	0.01606	0.01708	0.01404	0.01847	0.01812	0.01129	0.38358	0.36456	0.03410	0.02073	0.01967	0.01522	0.00825	0.00652	0.00206	0.00614	0.00654	0.00652	0.01062
18	0.00940	0.00694	0.00985	0.04134	0.01171	0.00784	0.00735	0.01116	0.01022	0.01438	0.01790	0.02970	0.01786	0.24646	0.51867	0.00890	0.01389	0.00755	0.00356	0.00532
19	0.02006	0.01897	0.01621	0.01412	0.01790	0.22570	0.01099	0.14828	0.33338	0.05643	0.05565	0.02018	0.01688	0.00818	0.00639	0.00198	0.00725	0.00633	0.00571	0.00940
20	0.12872	0.01544	0.01680	0.01313	0.01804	0.01656	0.01082	0.42301	0.05786	0.20825	0.01761	0.01685	0.01210	0.00763	0.00616	0.00197	0.00635	0.00575	0.00652	0.01043
21	0.01654	0.08073	0.10429	0.09388	0.12803	0.01371	0.08281	0.03761	0.06272	0.15027	0.05331	0.02294	0.07487	0.00956	0.03843	0.00236	0.00749	0.00686	0.00468	0.00889
22	0.06916	0.01245	0.04937	0.20400	0.11671	0.01209	0.11022	0.01791	0.01376	0.10656	0.01965	0.07505	0.06283	0.09121	0.00951	0.00257	0.00727	0.00772	0.00421	0.00774
23	0.00797	0.00616	0.00728	0.00784	0.00915	0.00546	0.00556	0.00960	0.01426	0.01834	0.15427	0.36393	0.33195	0.01755	0.00790	0.00235	0.00344	0.01537	0.00617	0.00546
24	0.07958	0.00987	0.04451	0.03784	0.08539	0.01009	0.00970	0.01383	0.01184	0.01842	0.05728	0.07772	0.01876	0.09363	0.27258	0.00543	0.06622	0.00753	0.07329	0.00647
25	0.01709	0.11241	0.21802	0.05867	0.19298	0.06453	0.09553	0.02205	0.03640	0.10181	0.01351	0.01555	0.01014	0.00624	0.00618	0.00193	0.00843	0.00545	0.00367	0.00940
26	0.01474	0.01269	0.01751	0.01488	0.01639	0.01588	0.04213	0.10339	0.01360	0.05151	0.01651	0.04446	0.06064	0.01704	0.13312	0.00381	0.40333	0.00696	0.00396	0.00744
27	0.00800	0.00576	0.00758	0.00881	0.00938	0.00534	0.00596	0.00934	0.01308	0.01752	0.10916	0.66522	0.07220	0.01935	0.00816	0.00254	0.00366	0.01748	0.00611	0.00534
28	0.04318	0.01325	0.04856	0.07214	0.14254	0.03079	0.01245	0.13534	0.04566	0.07547	0.09687	0.12804	0.02303	0.01051	0.00743	0.00219	0.03182	0.06712	0.00525	0.00837
29	0.05179	0.10071	0.23507	0.03566	0.13182	0.01619	0.08253	0.11174	0.04488	0.07302	0.04558	0.01675	0.01235	0.00671	0.00617	0.00196	0.00782	0.00569	0.00412	0.00944
30	0.01647	0.01635	0.05637	0.05817	0.46380	0.04472	0.05634	0.04389	0.06316	0.04466	0.01355	0.01672	0.01091	0.00746	0.02537	0.00221	0.04059	0.00591	0.00366	0.00970
31	0.08673	0.00903	0.01236	0.11056	0.01650	0.01077	0.00964	0.04432	0.01157	0.01754	0.01524	0.02278	0.01400	0.08326	0.44483	0.00730	0.06727	0.00647	0.00355	0.00627

[dist]
# distance from previous block
# <min> <max>
0	11

[block]
# block no. 2 follows, 34 sequences, length 22
# corresponding to MSA columns:
# 82-103
name=unknown_C
#
# <colnr> <probs for GDERKNQSTAVLIFYWHMCP>
#	G	D	E	R	K	N	Q	S	T	A	V	L	I	F	Y	W	H	M	C	P
0	0.01699	0.01676	0.06264	0.29567	0.12210	0.09104	0.01569	0.19462	0.03730	0.02373	0.01484	0.03689	0.02880	0.00737	0.00645	0.00203	0.00812	0.00612	0.00413	0.00871
1	0.01351	0.00941	0.01069	0.00940	0.01224	0.00923	0.00734	0.10870	0.10019	0.09794	0.25065	0.04324	0.27674	0.01253	0.00724	0.00209	0.00416	0.01054	0.00667	0.00751
2	0.07227	0.01003	0.01199	0.01020	0.01358	0.02543	0.00804	0.05210	0.03666	0.33299	0.17262	0.11486	0.08977	0.01104	0.00685	0.00209	0.00477	0.00928	0.00694	0.00849
3	0.14772	0.01031	0.01225	0.01212	0.05727	0.03855	0.02849	0.06071	0.01418	0.05917	0.11539	0.09101	0.02263	0.09080	0.18828	0.00446	0.00843	0.00797	0.02340	0.00685
4	0.01522	0.00849	0.01077	0.01001	0.01256	0.00805	0.00792	0.03949	0.06003	0.20742	0.16291	0.15216	0.09719	0.01323	0.00737	0.00226	0.00454	0.12233	0.05050	0.00756
5	0.02456	0.01810	0.01939	0.01487	0.02004	0.02004	0.01228	0.71107	0.03038	0.04072	0.01551	0.01551	0.01099	0.00776	0.00646	0.00194	0.00711	0.00582	0.00646	0.01099
6	0.00774	0.00654	0.00671	0.00681	0.00891	0.00552	0.00514	0.00940	0.01465	0.01749	0.06336	0.08691	0.68258	0.01655	0.00770	0.00222	0.00338	0.03693	0.00600	0.00546
7	0.01727	0.77681	0.03386	0.01106	0.01658	0.02557	0.01106	0.01935	0.01313	0.01520	0.00898	0.01036	0.00829	0.00553	0.00415	0.00138	0.00691	0.00345	0.00276	0.00829
8	0.01727	0.77681	0.03386	0.01106	0.01658	0.02557	0.01106	0.01935	0.01313	0.01520	0.00898	0.01036	0.00829	0.00553	0.00415	0.00138	0.00691	0.00345	0.00276	0.00829
9	0.00940	0.00626	0.00705	0.00705	0.00705	0.00626	0.00392	0.00940	0.00940	0.01253	0.02036	0.04228	0.02349	0.77292	0.03289	0.00626	0.00626	0.00940	0.00392	0.00392
10	0.00923	0.00692	0.01038	0.01038	0.01154	0.00808	0.00808	0.01154	0.01038	0.01500	0.01731	0.02538	0.01615	0.04846	0.74732	0.01038	0.01731	0.00692	0.00346	0.00577
11	0.00804	0.00573	0.00761	0.00905	0.00946	0.00538	0.00611	0.00921	0.01237	0.01647	0.03496	0.71013	0.04175	0.04905	0.00922	0.00278	0.00394	0.04759	0.00592	0.00523
12	0.01596	0.01373	0.01521	0.01403	0.05431	0.01497	0.01039	0.05717	0.54148	0.02628	0.02272	0.02160	0.01723	0.00792	0.00627	0.00197	0.00527	0.00660	0.00595	0.14093
13	0.01503	0.01343	0.01898	0.05516	0.01814	0.01817	0.01370	0.01672	0.01077	0.07414	0.01040	0.01542	0.00943	0.01238	0.05049	0.00305	0.62820	0.00578	0.00328	0.00734
14	0.07153	0.12767	0.37478	0.03785	0.08901	0.07595	0.01810	0.04021	0.01468	0.07550	0.01216	0.01383	0.00901	0.00625	0.00577	0.00191	0.00848	0.00474	0.00342	0.00919
15	0.01861	0.60735	0.08792	0.01171	0.01749	0.02242	0.01186	0.02118	0.01394	0.11899	0.01156	0.01229	0.00939	0.00593	0.00464	0.00152	0.00692	0.00400	0.00351	0.00878
16	0.01525	0.01743	0.03813	0.02723	0.03377	0.01634	0.70915	0.02070	0.01525	0.02070	0.01307	0.01743	0.00980	0.00545	0.00763	0.00218	0.01089	0.00763	0.00327	0.00871
17	0.01255	0.00954	0.01573	0.01522	0.08439	0.00890	0.13850	0.01507	0.01423	0.09569	0.04742	0.31304	0.11077	0.03432	0.00824	0.00241	0.00567	0.02835	0.03291	0.00704
18	0.04318	0.01759	0.13386	0.04283	0.22605	0.04622	0.07581	0.04220	0.08101	0.18340	0.01688	0.03467	0.01259	0.00702	0.00645	0.00202	0.00754	0.00622	0.00470	0.00977
19	0.00831	0.00588	0.00762	0.00857	0.00908	0.00554	0.00571	0.00959	0.01294	0.01750	0.15013	0.54227	0.04302	0.12805	0.01171	0.00305	0.00400	0.01594	0.00588	0.00520
20	0.05459	0.02155	0.05781	0.01648	0.02133	0.27832	0.11327	0.14835	0.01954	0.18389	0.01495	0.01556	0.01068	0.00693	0.00630	0.00190	0.00898	0.00549	0.00493	0.00917
21	0.04140	0.04057	0.12338	0.04943	0.26302	0.08148	0.07547	0.08489	0.01658	0.09986	0.02935	0.03936	0.01229	0.00692	0.00638	0.00197	0.00800	0.00610	0.00414	0.00942

[dist]
# distance from previous block
# <min> <max>
0	2

[block]
# block no. 3 follows, 34 sequences, length 28
# corresponding to MSA columns:
# 106-133
name=unknown_D
#
# <colnr> <probs for GDERKNQSTAVLIFYWHMCP>
#	G	D	E	R	K	N	Q	S	T	A	V	L	I	F	Y	W	H	M	C	P
0	0.04500	0.01415	0.04296	0.07917	0.13071	0.03169	0.01198	0.10519	0.01652	0.13793	0.01421	0.01563	0.01063	0.00610	0.00571	0.00159	0.00632	0.00499	0.00459	0.31492
1	0.17363	0.19143	0.16056	0.05292	0.05847	0.14323	0.06128	0.05357	0.01474	0.02097	0.01054	0.01260	0.00837	0.00609	0.00537	0.00183	0.00826	0.00447	0.00333	0.00835
2	0.02343	0.02960	0.01791	0.01640	0.01964	0.70909	0.01238	0.02516	0.01813	0.01599	0.01123	0.01479	0.00980	0.00723	0.00598	0.00173	0.01136	0.03926	0.00346	0.00741
3	0.04663	0.01490	0.06838	0.04210	0.32097	0.01330	0.03438	0.02297	0.07811	0.16630	0.01588	0.01730	0.01185	0.00639	0.00615	0.00186	0.00677	0.00570	0.00454	0.11551
4	0.00818	0.00586	0.00791	0.00934	0.00986	0.00559	0.00652	0.00954	0.01252	0.01670	0.03466	0.66812	0.04101	0.02127	0.04124	0.00300	0.00457	0.08290	0.00588	0.00534
5	0.00824	0.00570	0.00766	0.00891	0.00934	0.00539	0.00600	0.00904	0.01199	0.01596	0.03355	0.64664	0.06076	0.02138	0.03736	0.08043	0.00442	0.01657	0.00560	0.00504
6	0.01606	0.04206	0.03347	0.07395	0.09285	0.01611	0.50670	0.02083	0.01499	0.06813	0.01341	0.01723	0.01008	0.00594	0.00777	0.00214	0.03890	0.00705	0.00352	0.00882
7	0.81856	0.01250	0.00950	0.00850	0.01250	0.01449	0.00700	0.01899	0.01100	0.02899	0.00900	0.01050	0.00700	0.00600	0.00400	0.00200	0.00500	0.00350	0.00400	0.00700
8	0.01220	0.01148	0.01938	0.75739	0.04450	0.01436	0.01794	0.01651	0.01292	0.01651	0.01148	0.01723	0.00861	0.00646	0.00646	0.00215	0.00861	0.00574	0.00287	0.00718
9	0.81856	0.01250	0.00950	0.00850	0.01250	0.01449	0.00700	0.01899	0.01100	0.02899	0.00900	0.01050	0.00700	0.00600	0.00400	0.00200	0.00500	0.00350	0.00400	0.00700
10	0.00946	0.00613	0.00824	0.00942	0.01019	0.00572	0.00662	0.01083	0.01299	0.06299	0.03484	0.65829	0.04052	0.01924	0.00820	0.00262	0.00406	0.07786	0.00612	0.00568
11	0.01340	0.01148	0.01340	0.00957	0.01531	0.00861	0.00766	0.01627	0.01340	0.02105	0.01148	0.01340	0.00957	0.00479	0.00479	0.00096	0.00479	0.00383	0.00383	0.81242
12	0.81856	0.01250	0.00950	0.00850	0.01250	0.01449	0.00700	0.01899	0.01100	0.02899	0.00900	0.01050	0.00700	0.00600	0.00400	0.00200	0.00500	0.00350	0.00400	0.00700
13	0.01607	0.01388	0.01461	0.01315	0.01680	0.01607	0.01023	0.03433	0.72094	0.02703	0.02630	0.02411	0.01972	0.00877	0.00657	0.00219	0.00511	0.00731	0.00657	0.01023
14	0.01414	0.01414	0.01979	0.01696	0.01696	0.01979	0.01414	0.01555	0.00990	0.01555	0.00848	0.01414	0.00848	0.01131	0.02120	0.00283	0.76110	0.00565	0.00283	0.00707
15	0.01727	0.77681	0.03386	0.01106	0.01658	0.02557	0.01106	0.01935	0.01313	0.01520	0.00898	0.01036	0.00829	0.00553	0.00415	0.00138	0.00691	0.00345	0.00276	0.00829
16	0.00904	0.00663	0.00871	0.00983	0.01106	0.00630	0.00778	0.01119	0.01424	0.01853	0.08621	0.30302	0.14964	0.01811	0.00841	0.00267	0.00460	0.31235	0.00605	0.00565
17	0.01783	0.04231	0.02049	0.04332	0.14453	0.05424	0.07974	0.10474	0.06607	0.09381	0.01436	0.01606	0.01103	0.00645	0.00666	0.00173	0.04053	0.00543	0.00445	0.22622
18	0.00877	0.00589	0.00786	0.00904	0.00966	0.00547	0.00614	0.01007	0.01299	0.04489	0.07957	0.69385	0.04287	0.01932	0.00814	0.00256	0.00377	0.01748	0.00615	0.00552
19	0.00786	0.00566	0.00746	0.00889	0.00934	0.00526	0.00595	0.00901	0.01247	0.01654	0.03690	0.73834	0.07228	0.02008	0.00822	0.00261	0.00373	0.01817	0.00600	0.00526
20	0.01891	0.08543	0.04958	0.06965	0.11402	0.14898	0.13382	0.15506	0.05300	0.05023	0.01368	0.01595	0.01058	0.00859	0.04213	0.00232	0.00916	0.00573	0.00415	0.00903
21	0.03875	0.11187	0.23607	0.12968	0.09652	0.04438	0.11348	0.06724	0.03720	0.04671	0.01261	0.01512	0.00949	0.00625	0.00616	0.00197	0.00860	0.00540	0.00349	0.00902
22	0.01179	0.00797	0.00879	0.00823	0.00996	0.00820	0.00600	0.05132	0.11477	0.02312	0.19466	0.03512	0.06554	0.16408	0.01155	0.00275	0.00420	0.00863	0.25690	0.00643
23	0.00836	0.00621	0.00786	0.00871	0.00980	0.00572	0.00636	0.01015	0.01417	0.01863	0.15707	0.41088	0.18922	0.01795	0.00810	0.00248	0.00382	0.10281	0.00618	0.00552
24	0.03737	0.09176	0.12194	0.03580	0.09993	0.20006	0.05802	0.09630	0.01657	0.06864	0.01201	0.01417	0.00940	0.00708	0.00791	0.00197	0.10341	0.00512	0.00377	0.00877
25	0.04917	0.01584	0.09886	0.18318	0.05565	0.05068	0.04478	0.07708	0.09825	0.19809	0.01938	0.02015	0.04510	0.00754	0.00642	0.00205	0.00726	0.00629	0.00506	0.00916
26	0.00837	0.00649	0.00768	0.00815	0.00957	0.00592	0.00590	0.01068	0.03844	0.01898	0.16924	0.32189	0.30772	0.01704	0.00787	0.00235	0.00357	0.03826	0.00621	0.00567
27	0.01232	0.01021	0.01244	0.09301	0.01625	0.07621	0.05179	0.01492	0.03916	0.06330	0.07098	0.26696	0.10505	0.06183	0.03232	0.02183	0.00612	0.01137	0.02753	0.00640

[dist]
# distance from previous block
# <min> <max>
1	17

[block]
# block no. 4 follows, 34 sequences, length 23
# corresponding to MSA columns:
# 151-173
name=unknown_E
#
# <colnr> <probs for GDERKNQSTAVLIFYWHMCP>
#	G	D	E	R	K	N	Q	S	T	A	V	L	I	F	Y	W	H	M	C	P
0	0.03801	0.05850	0.27532	0.01827	0.06632	0.04303	0.10985	0.08065	0.07699	0.04550	0.01352	0.01531	0.01015	0.00647	0.00664	0.00193	0.03361	0.00540	0.00383	0.09071
1	0.39654	0.06807	0.07376	0.04688	0.08641	0.05073	0.03502	0.10542	0.01495	0.05266	0.01121	0.01289	0.00854	0.00628	0.00512	0.00194	0.00670	0.00448	0.00408	0.00833
2	0.01494	0.01374	0.06382	0.06078	0.16856	0.01346	0.01274	0.10322	0.19299	0.04061	0.05411	0.06716	0.04530	0.04072	0.07604	0.00301	0.00731	0.00766	0.00500	0.00881
3	0.00891	0.00669	0.00832	0.00854	0.00987	0.00631	0.00616	0.01201	0.05851	0.02148	0.34927	0.30838	0.13959	0.01589	0.00778	0.00227	0.00346	0.01408	0.00653	0.00596
4	0.03548	0.06012	0.11094	0.06355	0.04718	0.08229	0.07460	0.03603	0.08456	0.05192	0.11675	0.05691	0.06615	0.00920	0.00791	0.00210	0.07421	0.00753	0.00456	0.00802
5	0.00805	0.00596	0.00736	0.00824	0.00908	0.00545	0.00562	0.00938	0.01319	0.01726	0.10365	0.49620	0.19168	0.07518	0.00991	0.00275	0.00377	0.01607	0.00594	0.00527
6	0.01340	0.01148	0.01340	0.00957	0.01531	0.00861	0.00766	0.01627	0.01340	0.02105	0.01148	0.01340	0.00957	0.00479	0.00479	0.00096	0.00479	0.00383	0.00383	0.81242
7	0.01538	0.01363	0.02165	0.11637	0.15072	0.04046	0.16544	0.02089	0.10400	0.08285	0.07949	0.05278	0.03868	0.00850	0.00754	0.00215	0.03568	0.03065	0.00462	0.00852
8	0.00923	0.00692	0.01038	0.01038	0.01154	0.00808	0.00808	0.01154	0.01038	0.01500	0.01731	0.02538	0.01615	0.04846	0.74732	0.01038	0.01731	0.00692	0.00346	0.00577
9	0.05239	0.70867	0.03207	0.01121	0.01657	0.05888	0.01095	0.01963	0.01328	0.01583	0.00903	0.01043	0.00824	0.00560	0.00422	0.00142	0.00705	0.00349	0.00284	0.00820
10	0.01599	0.01535	0.02623	0.03966	0.73262	0.01535	0.01983	0.01983	0.01471	0.02111	0.01215	0.01599	0.01023	0.00576	0.00640	0.00192	0.00768	0.00576	0.00320	0.01023
11	0.02525	0.01699	0.01871	0.01434	0.01949	0.01840	0.01185	0.60547	0.02853	0.14893	0.01706	0.01652	0.01177	0.00779	0.00647	0.00195	0.00686	0.00592	0.00670	0.01099
12	0.01504	0.01212	0.02087	0.20886	0.21952	0.01241	0.11124	0.01850	0.01437	0.11526	0.01864	0.16920	0.01710	0.00912	0.00697	0.00217	0.00728	0.00866	0.00434	0.00835
13	0.01009	0.00719	0.00900	0.00871	0.00911	0.00803	0.00595	0.01104	0.01006	0.01448	0.01853	0.03391	0.01966	0.46090	0.18860	0.00638	0.08573	0.00814	0.07963	0.00485
14	0.17612	0.06724	0.01748	0.01433	0.03643	0.32186	0.01108	0.13570	0.01848	0.12480	0.01289	0.01356	0.00964	0.00681	0.00559	0.00181	0.00838	0.00463	0.00459	0.00858
15	0.81856	0.01250	0.00950	0.00850	0.01250	0.01449	0.00700	0.01899	0.01100	0.02899	0.00900	0.01050	0.00700	0.00600	0.00400	0.00200	0.00500	0.00350	0.00400	0.00700
16	0.01443	0.02586	0.47370	0.06723	0.05399	0.01439	0.07785	0.02157	0.06476	0.07336	0.01471	0.04399	0.01113	0.00694	0.00643	0.00209	0.00869	0.00593	0.00359	0.00934
17	0.81856	0.01250	0.00950	0.00850	0.01250	0.01449	0.00700	0.01899	0.01100	0.02899	0.00900	0.01050	0.00700	0.00600	0.00400	0.00200	0.00500	0.00350	0.00400	0.00700
18	0.01767	0.73397	0.03297	0.01138	0.01678	0.06700	0.01114	0.01972	0.01343	0.01524	0.00904	0.01044	0.00829	0.00559	0.00424	0.00140	0.00718	0.00350	0.00280	0.00825
19	0.01220	0.01148	0.01938	0.75739	0.04450	0.01436	0.01794	0.01651	0.01292	0.01651	0.01148	0.01723	0.00861	0.00646	0.00646	0.00215	0.00861	0.00574	0.00287	0.00718
20	0.05205	0.01081	0.01202	0.01014	0.01334	0.01113	0.00805	0.23111	0.01986	0.13151	0.10316	0.08122	0.06315	0.00971	0.00619	0.00191	0.00479	0.00793	0.21368	0.00823
21	0.19882	0.03831	0.15809	0.01371	0.03549	0.03280	0.03869	0.10972	0.06194	0.08042	0.01501	0.06223	0.01211	0.00731	0.00571	0.00190	0.00662	0.00574	0.00455	0.11083
22	0.01615	0.06841	0.07252	0.03355	0.05900	0.05241	0.01099	0.09995	0.15527	0.07007	0.08077	0.02306	0.01834	0.08183	0.04337	0.00268	0.00683	0.00659	0.03457	0.06363

[dist]
# distance from previous block
# <min> <max>
0	2

[block]
# block no. 5 follows, 34 sequences, length 27
# corresponding to MSA columns:
# 176-202
name=unknown_F
#
# <colnr> <probs for GDERKNQSTAVLIFYWHMCP>
#	G	D	E	R	K	N	Q	S	T	A	V	L	I	F	Y	W	H	M	C	P
0	0.01407	0.01321	0.05761	0.16505	0.10682	0.04495	0.08869	0.01872	0.07114	0.07886	0.07441	0.11897	0.07740	0.00995	0.00703	0.00217	0.00688	0.03144	0.00474	0.00791
1	0.01453	0.06499	0.27547	0.13016	0.16532	0.01525	0.05293	0.08430	0.01559	0.02179	0.06327	0.01811	0.01321	0.02926	0.00712	0.00212	0.00817	0.00590	0.00357	0.00894
2	0.01087	0.00937	0.06369	0.01073	0.04770	0.00762	0.00828	0.01425	0.03685	0.05789	0.37396	0.10036	0.10959	0.05474	0.00876	0.00235	0.00432	0.03906	0.03294	0.00667
3	0.06182	0.11542	0.12518	0.07812	0.23389	0.01641	0.14367	0.04130	0.03326	0.05192	0.01264	0.01538	0.00982	0.00600	0.00613	0.00192	0.00809	0.00556	0.00352	0.02994
4	0.00938	0.00654	0.00872	0.00981	0.02932	0.00596	0.00659	0.01092	0.01335	0.04772	0.09783	0.59133	0.05833	0.01775	0.00786	0.00242	0.00391	0.01600	0.00599	0.05028
5	0.01340	0.01148	0.01340	0.00957	0.01531	0.00861	0.00766	0.01627	0.01340	0.02105	0.01148	0.01340	0.00957	0.00479	0.00479	0.00096	0.00479	0.00383	0.00383	0.81242
6	0.00940	0.00653	0.00815	0.00817	0.00969	0.00588	0.00596	0.01157	0.01584	0.05564	0.35043	0.25094	0.20650	0.01564	0.00774	0.00223	0.00341	0.01374	0.00659	0.00595
7	0.01706	0.73999	0.06880	0.01142	0.01715	0.02504	0.01169	0.01940	0.01315	0.01546	0.00911	0.01053	0.00829	0.00556	0.00424	0.00141	0.00704	0.00352	0.00276	0.00835
8	0.00848	0.00641	0.00688	0.00692	0.00872	0.00563	0.00510	0.01041	0.01480	0.01935	0.15698	0.10806	0.46945	0.03581	0.00799	0.00222	0.00332	0.01264	0.10526	0.00556
9	0.00913	0.00641	0.00778	0.00761	0.00862	0.00605	0.00521	0.01093	0.01453	0.02015	0.37472	0.08639	0.10154	0.26811	0.01602	0.00348	0.00418	0.01126	0.03262	0.00526
10	0.00798	0.00656	0.00703	0.00691	0.00894	0.00560	0.00518	0.00994	0.01555	0.01940	0.21817	0.05898	0.57606	0.01564	0.00763	0.00215	0.00322	0.01319	0.00626	0.00560
11	0.00836	0.00606	0.00761	0.00847	0.00923	0.00565	0.00584	0.00971	0.01305	0.01722	0.10996	0.44459	0.13770	0.12777	0.01171	0.00305	0.00411	0.05889	0.00581	0.00522
12	0.01296	0.03342	0.73944	0.01842	0.02797	0.01501	0.02387	0.02046	0.01364	0.02046	0.01160	0.01364	0.00818	0.00614	0.00614	0.00205	0.00955	0.00477	0.00273	0.00955
13	0.81856	0.01250	0.00950	0.00850	0.01250	0.01449	0.00700	0.01899	0.01100	0.02899	0.00900	0.01050	0.00700	0.00600	0.00400	0.00200	0.00500	0.00350	0.00400	0.00700
14	0.01122	0.00561	0.00842	0.00842	0.00842	0.00561	0.00561	0.00842	0.00842	0.01122	0.01122	0.01964	0.01122	0.02245	0.02525	0.81201	0.00561	0.00561	0.00281	0.00281
15	0.00940	0.00626	0.00705	0.00705	0.00705	0.00626	0.00392	0.00940	0.00940	0.01253	0.02036	0.04228	0.02349	0.77292	0.03289	0.00626	0.00626	0.00940	0.00392	0.00392
16	0.00798	0.00579	0.00754	0.00873	0.00935	0.00535	0.00593	0.00933	0.01312	0.01747	0.10480	0.64653	0.09567	0.01927	0.00814	0.00253	0.00365	0.01737	0.00611	0.00535
17	0.81856	0.01250	0.00950	0.00850	0.01250	0.01449	0.00700	0.01899	0.01100	0.02899	0.00900	0.01050	0.00700	0.00600	0.00400	0.00200	0.00500	0.00350	0.00400	0.00700
18	0.00938	0.00635	0.00746	0.00746	0.00760	0.00649	0.00443	0.00966	0.00952	0.01283	0.01998	0.04019	0.02258	0.68308	0.12148	0.00678	0.00763	0.00909	0.00386	0.00415
19	0.05038	0.06081	0.29012	0.05206	0.04625	0.13137	0.13322	0.03950	0.05938	0.02048	0.01350	0.04958	0.01091	0.00693	0.00631	0.00201	0.00907	0.00593	0.00348	0.00871
20	0.06178	0.01276	0.01452	0.01075	0.01620	0.01125	0.00872	0.15237	0.01712	0.10640	0.01371	0.01462	0.01043	0.00579	0.00526	0.00132	0.00533	0.00450	0.00482	0.52234
21	0.04454	0.00722	0.00850	0.00847	0.01022	0.00685	0.00632	0.01243	0.03620	0.05405	0.21992	0.22696	0.26646	0.01538	0.00789	0.00227	0.02088	0.03312	0.00624	0.00609
22	0.05214	0.04774	0.01426	0.01177	0.01472	0.01175	0.03880	0.19376	0.03942	0.05805	0.02482	0.34266	0.02583	0.01315	0.00707	0.00222	0.00541	0.03947	0.00574	0.05122
23	0.03686	0.09303	0.23493	0.07254	0.05606	0.01676	0.18247	0.09940	0.08039	0.02290	0.01343	0.01567	0.01008	0.00630	0.00632	0.00199	0.00853	0.00573	0.00373	0.03287
24	0.13022	0.08105	0.08926	0.08853	0.03752	0.08983	0.01211	0.05694	0.15839	0.10662	0.05277	0.01947	0.03545	0.00762	0.00594	0.00197	0.00677	0.00591	0.00489	0.00873
25	0.01544	0.03487	0.10014	0.07066	0.13351	0.04763	0.04874	0.11798	0.05546	0.04196	0.03635	0.04496	0.07347	0.06023	0.00885	0.00235	0.02942	0.04135	0.00449	0.03216
26	0.03358	0.11320	0.22853	0.01500	0.08609	0.01282	0.01341	0.03423	0.04411	0.01924	0.02310	0.21121	0.08001	0.04760	0.00784	0.00231	0.00649	0.00924	0.00424	0.00774

[dist]
# distance from previous block
# <min> <max>
1	17

[block]
# block no. 6 follows, 34 sequences, length 38
# corresponding to MSA columns:
# 220-257
name=unknown_G
#
# <colnr> <probs for GDERKNQSTAVLIFYWHMCP>
#	G	D	E	R	K	N	Q	S	T	A	V	L	I	F	Y	W	H	M	C	P
0	0.01392	0.01231	0.01749	0.01562	0.04268	0.04658	0.09905	0.01730	0.06056	0.05791	0.01858	0.16410	0.01813	0.01474	0.07902	0.00313	0.23307	0.02083	0.04214	0.02287
1	0.12673	0.03354	0.07974	0.01298	0.03981	0.03888	0.03423	0.12681	0.04843	0.02408	0.04768	0.19039	0.04702	0.01086	0.00655	0.00210	0.00596	0.04923	0.00503	0.06994
2	0.09610	0.06464	0.06322	0.01392	0.06000	0.10150	0.03372	0.04212	0.07500	0.09904	0.05554	0.22497	0.02230	0.01081	0.00656	0.00211	0.00629	0.00917	0.00512	0.00788
3	0.23814	0.04376	0.07269	0.01307	0.04069	0.05521	0.05360	0.05148	0.01446	0.12730	0.01526	0.07619	0.01273	0.00972	0.04672	0.00235	0.00700	0.00595	0.00455	0.10914
4	0.06407	0.29144	0.10607	0.01364	0.01846	0.15093	0.01273	0.05346	0.01519	0.11789	0.01200	0.01323	0.00942	0.00689	0.00694	0.00181	0.08891	0.00450	0.00383	0.00859
5	0.00924	0.00660	0.00904	0.01032	0.01125	0.00654	0.00807	0.01124	0.01319	0.01744	0.03260	0.34500	0.03692	0.06816	0.06722	0.00361	0.00597	0.32640	0.00565	0.00553
6	0.01350	0.01032	0.01484	0.10902	0.11024	0.01048	0.04341	0.01864	0.11214	0.09651	0.16580	0.05844	0.15061	0.01090	0.00715	0.00215	0.00548	0.04694	0.00561	0.00782
7	0.01432	0.22339	0.16300	0.01848	0.02444	0.01696	0.28879	0.01867	0.01418	0.01891	0.04146	0.09917	0.01469	0.00753	0.00648	0.00198	0.00848	0.00731	0.00348	0.00827
8	0.00857	0.00658	0.00784	0.00752	0.00930	0.00585	0.00564	0.01107	0.01692	0.02267	0.47471	0.05360	0.31749	0.01442	0.00763	0.00209	0.00313	0.01243	0.00669	0.00585
9	0.02281	0.17505	0.02132	0.01556	0.01932	0.60748	0.01221	0.02455	0.01731	0.01570	0.00979	0.01140	0.00832	0.00644	0.00550	0.00161	0.01074	0.00402	0.00322	0.00765
10	0.02269	0.01718	0.11860	0.04182	0.05633	0.05885	0.08636	0.10540	0.05269	0.34427	0.01907	0.01862	0.01287	0.00724	0.00652	0.00201	0.00738	0.00613	0.00583	0.01013
11	0.01840	0.01472	0.01702	0.01850	0.17372	0.12652	0.01193	0.11321	0.01623	0.12560	0.01523	0.01915	0.01249	0.05030	0.13160	0.08024	0.03659	0.00597	0.00439	0.00818
12	0.00797	0.00566	0.00747	0.00888	0.00923	0.00531	0.00587	0.00902	0.01219	0.01625	0.03466	0.72350	0.04154	0.06709	0.00978	0.00285	0.00391	0.01781	0.00587	0.00517
13	0.01315	0.01156	0.04688	0.05274	0.21098	0.01121	0.03237	0.03634	0.01301	0.05270	0.01929	0.09562	0.04264	0.22067	0.06304	0.00382	0.05438	0.00832	0.00405	0.00723
14	0.05354	0.04741	0.13545	0.07017	0.01954	0.01293	0.05569	0.10847	0.01537	0.05499	0.01975	0.07311	0.03153	0.11454	0.01112	0.00282	0.04379	0.11765	0.00452	0.00759
15	0.00924	0.00689	0.01020	0.01020	0.01129	0.00798	0.00785	0.01142	0.01033	0.01486	0.01748	0.02632	0.01656	0.08863	0.70770	0.01016	0.01669	0.00706	0.00349	0.00567
16	0.11000	0.01489	0.04913	0.02766	0.04999	0.01467	0.01125	0.30434	0.02164	0.24299	0.01780	0.01753	0.01227	0.00743	0.00604	0.00194	0.00625	0.00573	0.06845	0.01000
17	0.01781	0.40261	0.06483	0.01607	0.05529	0.02035	0.13929	0.06236	0.04737	0.07526	0.01255	0.01402	0.00998	0.00600	0.00544	0.00169	0.00756	0.00496	0.00371	0.03286
18	0.01007	0.00690	0.00883	0.05042	0.01198	0.00679	0.00695	0.01282	0.05735	0.05223	0.05874	0.48081	0.09262	0.01641	0.00756	0.00239	0.00410	0.02755	0.07942	0.00607
19	0.00811	0.00584	0.00773	0.00916	0.00973	0.00547	0.00637	0.00943	0.01272	0.01681	0.03688	0.66813	0.07455	0.01983	0.00828	0.00264	0.00394	0.08304	0.00599	0.00533
20	0.01122	0.00561	0.00842	0.00842	0.00842	0.00561	0.00561	0.00842	0.00842	0.01122	0.01122	0.01964	0.01122	0.02245	0.02525	0.81201	0.00561	0.00561	0.00281	0.00281
21	0.07678	0.17344	0.09440	0.13997	0.13329	0.13306	0.05351	0.04043	0.01453	0.01918	0.01087	0.01381	0.00883	0.00636	0.00642	0.00188	0.04509	0.00487	0.01494	0.00832
22	0.02350	0.12321	0.02019	0.01562	0.01940	0.58130	0.01216	0.06600	0.01838	0.04804	0.01085	0.01216	0.00881	0.00664	0.00568	0.00166	0.01052	0.00427	0.00364	0.00795
23	0.01798	0.05091	0.04236	0.04241	0.11655	0.01275	0.01144	0.11298	0.04438	0.13805	0.01482	0.01583	0.01113	0.00613	0.00565	0.00154	0.00603	0.00501	0.00474	0.33930
24	0.04958	0.04988	0.30444	0.06545	0.08041	0.01609	0.10944	0.12195	0.01597	0.02300	0.01319	0.05134	0.01065	0.00724	0.00726	0.00209	0.05330	0.00605	0.00362	0.00905
25	0.00994	0.00835	0.01105	0.01009	0.01211	0.00812	0.06076	0.05445	0.01502	0.01936	0.09854	0.21859	0.33784	0.03845	0.00930	0.00244	0.04942	0.02441	0.00565	0.00611
26	0.01584	0.06712	0.01766	0.02934	0.13555	0.08997	0.01112	0.05161	0.01468	0.04609	0.04642	0.01819	0.01334	0.06601	0.00927	0.00200	0.08389	0.00544	0.02782	0.24866
27	0.02297	0.01740	0.01919	0.01612	0.06202	0.01926	0.01247	0.58403	0.11713	0.03782	0.01668	0.01663	0.01205	0.00777	0.00647	0.00197	0.00689	0.00600	0.00628	0.01085
28	0.00826	0.00601	0.00778	0.00852	0.00941	0.00554	0.00594	0.01004	0.01445	0.01957	0.25866	0.48037	0.10618	0.01768	0.00800	0.00240	0.00349	0.01585	0.00635	0.00554
29	0.75247	0.01216	0.00968	0.00877	0.01264	0.01396	0.00726	0.01894	0.01140	0.04457	0.01087	0.01447	0.00900	0.00675	0.00435	0.00206	0.00507	0.04436	0.00421	0.00703
30	0.00796	0.00656	0.00699	0.00688	0.00892	0.00559	0.00516	0.00989	0.01548	0.01925	0.20635	0.05923	0.58798	0.01569	0.00763	0.00215	0.00323	0.01322	0.00624	0.00559
31	0.01050	0.00786	0.01095	0.01219	0.10304	0.00735	0.00789	0.01354	0.01760	0.04520	0.57341	0.04425	0.09654	0.01230	0.00743	0.00203	0.00373	0.01090	0.00656	0.00673
32	0.00874	0.00624	0.00699	0.00721	0.00779	0.00592	0.00446	0.00931	0.01113	0.01431	0.03361	0.15218	0.19930	0.47881	0.02314	0.00474	0.00517	0.01173	0.00473	0.00448
33	0.03882	0.14801	0.09639	0.01251	0.01792	0.01461	0.01154	0.10778	0.06643	0.37527	0.01959	0.01827	0.01331	0.00734	0.00596	0.00189	0.00628	0.00569	0.02223	0.01014
34	0.02344	0.01223	0.01483	0.01221	0.01663	0.01232	0.00981	0.03271	0.32022	0.43210	0.02584	0.02290	0.01760	0.00833	0.00653	0.00208	0.00533	0.00684	0.00739	0.01067
35	0.01742	0.67105	0.03349	0.01281	0.01832	0.05983	0.07498	0.01979	0.01357	0.01573	0.00941	0.01107	0.00843	0.00558	0.00455	0.00147	0.00750	0.00387	0.00284	0.00829
36	0.01516	0.30096	0.07462	0.01354	0.05132	0.07778	0.03789	0.03859	0.05147	0.02054	0.21693	0.02302	0.02419	0.00820	0.00614	0.00178	0.01900	0.00654	0.00439	0.00795
37	0.01001	0.01110	0.08972	0.07879	0.01655	0.00888	0.05279	0.01413	0.06390	0.01963	0.12613	0.07330	0.35245	0.01299	0.00738	0.00220	0.00516	0.04289	0.00536	0.00668

[dist]
# distance from previous block
# <min> <max>
0	2

[block]
# block no. 7 follows, 34 sequences, length 15
# corresponding to MSA columns:
# 260-274
name=unknown_H
#
# <colnr> <probs for GDERKNQSTAVLIFYWHMCP>
#	G	D	E	R	K	N	Q	S	T	A	V	L	I	F	Y	W	H	M	C	P
0	0.02130	0.10587	0.01891	0.07646	0.02050	0.54141	0.01205	0.02335	0.01688	0.01657	0.01103	0.01313	0.00911	0.00660	0.00558	0.00166	0.01010	0.00439	0.07769	0.00741
1	0.00891	0.00660	0.00831	0.00788	0.00951	0.00600	0.00591	0.01174	0.01773	0.02458	0.62513	0.05045	0.16588	0.01370	0.00762	0.00206	0.00308	0.01199	0.00694	0.00600
2	0.01120	0.00816	0.01250	0.01154	0.01335	0.00909	0.04643	0.04183	0.01189	0.05342	0.01742	0.02437	0.01559	0.04237	0.63862	0.00916	0.01593	0.00689	0.00381	0.00641
3	0.07321	0.05029	0.10056	0.12811	0.13352	0.05777	0.11604	0.07819	0.06479	0.05996	0.01517	0.04470	0.01235	0.00732	0.00643	0.00206	0.00796	0.02866	0.00410	0.00880
4	0.01122	0.00561	0.00842	0.00842	0.00842	0.00561	0.00561	0.00842	0.00842	0.01122	0.01122	0.01964	0.01122	0.02245	0.02525	0.81201	0.00561	0.00561	0.00281	0.00281
5	0.01220	0.01148	0.01938	0.75739	0.04450	0.01436	0.01794	0.01651	0.01292	0.01651	0.01148	0.01723	0.00861	0.00646	0.00646	0.00215	0.00861	0.00574	0.00287	0.00718
6	0.01081	0.00922	0.01434	0.01394	0.05839	0.00905	0.11468	0.01499	0.10307	0.01960	0.10595	0.36605	0.06870	0.01477	0.00847	0.03755	0.00523	0.01303	0.00547	0.00671
7	0.01443	0.05658	0.31538	0.02305	0.03073	0.01621	0.40788	0.02055	0.01452	0.02037	0.01231	0.01563	0.00910	0.00572	0.00689	0.00209	0.01019	0.00632	0.00303	0.00903
8	0.01525	0.01743	0.03813	0.02723	0.03377	0.01634	0.70915	0.02070	0.01525	0.02070	0.01307	0.01743	0.00980	0.00545	0.00763	0.00218	0.01089	0.00763	0.00327	0.00871
9	0.01296	0.03342	0.73944	0.01842	0.02797	0.01501	0.02387	0.02046	0.01364	0.02046	0.01160	0.01364	0.00818	0.00614	0.00614	0.00205	0.00955	0.00477	0.00273	0.00955
10	0.01430	0.01412	0.02007	0.09695	0.03910	0.03974	0.06271	0.01775	0.07394	0.01702	0.01117	0.01603	0.00992	0.01121	0.03559	0.03016	0.47365	0.00594	0.00324	0.00739
11	0.01739	0.08471	0.40435	0.04208	0.02393	0.01438	0.03714	0.02265	0.01485	0.20353	0.03516	0.01675	0.01176	0.00695	0.00673	0.00202	0.03642	0.00545	0.00423	0.00952
12	0.01099	0.00843	0.01005	0.01045	0.01194	0.00881	0.00756	0.06522	0.17189	0.02069	0.03204	0.52265	0.03511	0.01670	0.00777	0.00249	0.00438	0.03987	0.00616	0.00680
13	0.03665	0.00880	0.01185	0.19510	0.06337	0.00924	0.00970	0.01255	0.01411	0.01841	0.09862	0.08413	0.35508	0.01265	0.00777	0.00219	0.03788	0.01062	0.00494	0.00634
14	0.01954	0.01578	0.11321	0.09948	0.18549	0.01370	0.01499	0.12428	0.01746	0.22638	0.01775	0.06785	0.01366	0.00797	0.00702	0.00206	0.03185	0.00669	0.00512	0.00971

[dist]
# distance from previous block
# <min> <max>
0	4

[block]
# block no. 8 follows, 34 sequences, length 29
# corresponding to MSA columns:
# 279-307
name=unknown_I
#
# <colnr> <probs for GDERKNQSTAVLIFYWHMCP>
#	G	D	E	R	K	N	Q	S	T	A	V	L	I	F	Y	W	H	M	C	P
0	0.73366	0.05930	0.01137	0.00903	0.01309	0.04902	0.00750	0.01933	0.01146	0.02755	0.00904	0.01054	0.00714	0.00600	0.00409	0.00195	0.00542	0.00353	0.00389	0.00710
1	0.01776	0.04519	0.14858	0.04978	0.09670	0.08393	0.18027	0.12073	0.04506	0.06377	0.01345	0.01583	0.01014	0.00686	0.00780	0.00207	0.07299	0.00591	0.00397	0.00920
2	0.81856	0.01250	0.00950	0.00850	0.01250	0.01449	0.00700	0.01899	0.01100	0.02899	0.00900	0.01050	0.00700	0.00600	0.00400	0.00200	0.00500	0.00350	0.00400	0.00700
3	0.01029	0.00735	0.01027	0.01176	0.01319	0.00733	0.01019	0.01317	0.01475	0.01920	0.03428	0.10731	0.03746	0.01797	0.00889	0.00296	0.00584	0.65594	0.00595	0.00592
4	0.04255	0.08963	0.01822	0.01367	0.01801	0.07551	0.01109	0.26193	0.34312	0.02973	0.01920	0.01851	0.01440	0.00787	0.00617	0.00198	0.00647	0.00608	0.00584	0.00999
5	0.01782	0.62331	0.05220	0.01330	0.04327	0.07687	0.03208	0.04629	0.01430	0.01674	0.00961	0.01115	0.00851	0.00572	0.00459	0.00148	0.00748	0.00384	0.00298	0.00845
6	0.01625	0.06881	0.49687	0.01779	0.07136	0.01432	0.01967	0.02210	0.01462	0.15395	0.01559	0.01654	0.03007	0.00671	0.00615	0.00200	0.00834	0.00534	0.00384	0.00968
7	0.06366	0.04258	0.22480	0.02303	0.06105	0.01604	0.39049	0.04336	0.01505	0.03909	0.01265	0.01577	0.00936	0.00582	0.00679	0.00209	0.00966	0.00632	0.00337	0.00902
8	0.00909	0.00657	0.00859	0.00816	0.00964	0.00606	0.00609	0.01206	0.01805	0.02553	0.70135	0.07720	0.06023	0.01349	0.00765	0.00206	0.00308	0.01195	0.00707	0.00606
9	0.01400	0.01365	0.04484	0.13719	0.31521	0.01434	0.01581	0.04842	0.01463	0.02042	0.07507	0.02387	0.07074	0.00871	0.00910	0.00217	0.13033	0.02922	0.00385	0.00841
10	0.02015	0.01313	0.01952	0.06881	0.23528	0.01310	0.04502	0.10240	0.05989	0.25376	0.01983	0.08721	0.01559	0.00824	0.00668	0.00205	0.00660	0.00733	0.00556	0.00985
11	0.00940	0.00626	0.00705	0.00705	0.00705	0.00626	0.00392	0.00940	0.00940	0.01253	0.02036	0.04228	0.02349	0.77292	0.03289	0.00626	0.00626	0.00940	0.00392	0.00392
12	0.00872	0.00645	0.00814	0.00801	0.00947	0.00587	0.00590	0.01126	0.01686	0.02320	0.52300	0.15625	0.16347	0.01474	0.00772	0.00214	0.00319	0.01297	0.00677	0.00587
13	0.01634	0.56666	0.07380	0.01232	0.01761	0.02212	0.04369	0.04566	0.04603	0.01740	0.01264	0.07630	0.01191	0.00705	0.00498	0.00162	0.00691	0.00526	0.00337	0.00832
14	0.01237	0.01166	0.01969	0.72506	0.07550	0.01440	0.01803	0.01666	0.01300	0.01672	0.01151	0.01717	0.00869	0.00643	0.00646	0.00214	0.00857	0.00574	0.00289	0.00732
15	0.00923	0.00692	0.01038	0.01038	0.01154	0.00808	0.00808	0.01154	0.01038	0.01500	0.01731	0.02538	0.01615	0.04846	0.74732	0.01038	0.01731	0.00692	0.00346	0.00577
16	0.00976	0.00678	0.00903	0.00999	0.01102	0.00667	0.00791	0.01139	0.01300	0.01692	0.03227	0.14585	0.08984	0.13840	0.03247	0.07647	0.00577	0.36597	0.00529	0.00521
17	0.01305	0.01126	0.01404	0.01023	0.01558	0.00871	0.03939	0.01606	0.01398	0.02153	0.08432	0.01712	0.01479	0.00567	0.00520	0.00112	0.00489	0.00480	0.00414	0.69413
18	0.04765	0.00895	0.00932	0.00818	0.01072	0.00931	0.00644	0.15256	0.01704	0.07042	0.01977	0.02174	0.01505	0.00754	0.00500	0.00164	0.00404	0.00591	0.57139	0.00733
19	0.00923	0.00692	0.01038	0.01038	0.01154	0.00808	0.00808	0.01154	0.01038	0.01500	0.01731	0.02538	0.01615	0.04846	0.74732	0.01038	0.01731	0.00692	0.00346	0.00577
20	0.01459	0.15473	0.26522	0.11149	0.18168	0.01722	0.09292	0.01945	0.01370	0.01900	0.01126	0.01444	0.00889	0.00615	0.00674	0.00197	0.04345	0.00522	0.00292	0.00899
21	0.00821	0.00683	0.03272	0.00892	0.00998	0.00573	0.00651	0.00990	0.01357	0.01816	0.14275	0.55547	0.12075	0.01827	0.00801	0.00247	0.00379	0.01637	0.00605	0.00555
22	0.00923	0.00692	0.01038	0.01038	0.01154	0.00808	0.00808	0.01154	0.01038	0.01500	0.01731	0.02538	0.01615	0.04846	0.74732	0.01038	0.01731	0.00692	0.00346	0.00577
23	0.00922	0.00678	0.00978	0.00982	0.01077	0.00771	0.00736	0.01113	0.01028	0.01465	0.01830	0.04883	0.01805	0.16202	0.61389	0.00952	0.01519	0.00763	0.00360	0.00546
24	0.04555	0.16373	0.25648	0.06149	0.05629	0.12007	0.01586	0.07218	0.01551	0.04423	0.01155	0.01337	0.00890	0.00615	0.00559	0.00176	0.00828	0.00455	0.00345	0.08502
