[name]
unknown

[dist]
# distance from previous block
# <min> <max>
4	101

[block]
# block no. 0 follows, 31 sequences, length 62
# corresponding to MSA columns:
# 129-190
name=unknown_A
#
# <colnr> <probs for GDERKNQSTAVLIFYWHMCP>
#	G	D	E	R	K	N	Q	S	T	A	V	L	I	F	Y	W	H	M	C	P
0	0.04147	0.06442	0.10121	0.08669	0.07222	0.06762	0.03111	0.06937	0.12441	0.04433	0.03914	0.02014	0.04453	0.00774	0.00684	0.00196	0.02944	0.00619	0.00461	0.13655
1	0.04075	0.03836	0.14667	0.05701	0.02107	0.04105	0.03407	0.08710	0.06490	0.06642	0.09121	0.04538	0.01804	0.00793	0.00639	0.00186	0.00686	0.00654	0.00491	0.21349
2	0.06801	0.01503	0.02368	0.06491	0.22952	0.04233	0.15539	0.06036	0.01589	0.04917	0.01653	0.10251	0.01489	0.01092	0.05055	0.00271	0.02926	0.00786	0.00422	0.03626
3	0.11741	0.06101	0.06345	0.01352	0.01788	0.01454	0.06202	0.07146	0.11100	0.06102	0.04264	0.08552	0.06239	0.00952	0.00782	0.00212	0.06920	0.00762	0.00510	0.11476
4	0.01596	0.07814	0.11451	0.01295	0.01796	0.01383	0.03077	0.15241	0.06634	0.04794	0.10796	0.07432	0.09803	0.00989	0.00677	0.00198	0.00620	0.00821	0.00550	0.13033
5	0.09254	0.21173	0.10772	0.01750	0.08571	0.10265	0.06320	0.09976	0.03832	0.02290	0.01473	0.08627	0.01322	0.00804	0.00612	0.00198	0.00807	0.00643	0.00412	0.00902
6	0.08923	0.01544	0.01514	0.01360	0.01649	0.14126	0.03341	0.08352	0.11436	0.06432	0.02267	0.23985	0.02224	0.01212	0.00825	0.00232	0.06261	0.00990	0.00550	0.02778
7	0.01817	0.27224	0.20715	0.01901	0.10984	0.10524	0.03682	0.08654	0.01695	0.02161	0.03845	0.01506	0.01147	0.00673	0.00593	0.00186	0.00872	0.00512	0.00362	0.00948
8	0.07350	0.01699	0.03921	0.24657	0.05372	0.14874	0.01404	0.09487	0.06722	0.04311	0.01741	0.12213	0.01552	0.00927	0.00680	0.00220	0.00816	0.00763	0.00456	0.00836
9	0.01167	0.00997	0.01094	0.01154	0.07056	0.06016	0.00783	0.01420	0.01726	0.04609	0.27908	0.04929	0.32823	0.01370	0.00767	0.00214	0.00457	0.01163	0.00629	0.03718
10	0.02191	0.24444	0.02394	0.01522	0.01934	0.36002	0.01252	0.09865	0.01839	0.01957	0.01341	0.01496	0.04043	0.00764	0.00699	0.00182	0.06352	0.00494	0.00381	0.00847
11	0.00943	0.00683	0.00832	0.00892	0.01042	0.00606	0.00639	0.01107	0.01448	0.04289	0.06731	0.42779	0.25639	0.01866	0.00832	0.00253	0.00400	0.04548	0.00637	0.03833
12	0.10147	0.01325	0.01505	0.01214	0.01663	0.01346	0.00981	0.18713	0.10709	0.21992	0.13968	0.02467	0.02279	0.00895	0.00666	0.00204	0.00562	0.00719	0.00691	0.07956
13	0.01775	0.14028	0.46174	0.01682	0.02518	0.01674	0.01992	0.04215	0.03240	0.14239	0.01489	0.01577	0.01049	0.00686	0.00627	0.00205	0.00877	0.00525	0.00406	0.01023
14	0.01488	0.01267	0.01355	0.01252	0.01588	0.01416	0.00979	0.02961	0.51812	0.02637	0.06117	0.03674	0.13287	0.01145	0.00737	0.00238	0.00509	0.05902	0.00684	0.00953
15	0.00900	0.00697	0.00820	0.00789	0.00980	0.00617	0.00592	0.01159	0.01776	0.02361	0.43831	0.05740	0.34191	0.01541	0.00808	0.00222	0.00333	0.01325	0.00703	0.00617
16	0.80789	0.01323	0.01006	0.00900	0.01323	0.01535	0.00741	0.02011	0.01164	0.03070	0.00953	0.01111	0.00741	0.00635	0.00423	0.00212	0.00529	0.00370	0.00423	0.00741
17	0.80789	0.01323	0.01006	0.00900	0.01323	0.01535	0.00741	0.02011	0.01164	0.03070	0.00953	0.01111	0.00741	0.00635	0.00423	0.00212	0.00529	0.00370	0.00423	0.00741
18	0.02416	0.01854	0.01926	0.01524	0.02027	0.04522	0.01242	0.54544	0.13830	0.03935	0.01821	0.01800	0.01319	0.00833	0.00678	0.00207	0.00723	0.00636	0.03041	0.01122
19	0.01795	0.01823	0.09494	0.02256	0.04931	0.01624	0.35154	0.09660	0.09107	0.08723	0.01694	0.01961	0.01257	0.01005	0.06037	0.00288	0.01019	0.00732	0.00461	0.00978
20	0.01640	0.01405	0.01494	0.01348	0.01715	0.01613	0.01046	0.03438	0.64686	0.02852	0.08554	0.02768	0.02456	0.00968	0.00705	0.00231	0.00523	0.00813	0.00701	0.01046
21	0.01292	0.01216	0.02052	0.74312	0.04712	0.01520	0.01900	0.01748	0.01368	0.01748	0.01216	0.01824	0.00912	0.00684	0.00684	0.00228	0.00912	0.00608	0.00304	0.00760
22	0.01557	0.01508	0.02633	0.26898	0.44945	0.01599	0.06930	0.01992	0.01500	0.02074	0.01271	0.01747	0.01025	0.00631	0.00689	0.00213	0.00870	0.00623	0.00328	0.00967
23	0.00977	0.00733	0.01100	0.01100	0.01222	0.00855	0.00855	0.01222	0.01100	0.01588	0.01833	0.02688	0.01710	0.05131	0.73245	0.01100	0.01833	0.00733	0.00367	0.00611
24	0.00833	0.00599	0.00790	0.00943	0.00990	0.00557	0.00631	0.00954	0.01319	0.01750	0.03893	0.72841	0.07115	0.02127	0.00871	0.00276	0.00395	0.01926	0.00635	0.00557
25	0.02556	0.03261	0.01939	0.01763	0.02115	0.73210	0.01322	0.02732	0.01939	0.01674	0.01058	0.01234	0.00881	0.00705	0.00617	0.00176	0.01234	0.00441	0.00353	0.00793
26	0.01762	0.14930	0.25794	0.04818	0.08677	0.01762	0.11930	0.04374	0.07358	0.09889	0.01514	0.01678	0.01117	0.00676	0.00651	0.00206	0.00870	0.00586	0.00410	0.00999
27	0.01792	0.02050	0.06671	0.04348	0.17486	0.18751	0.01635	0.04131	0.01476	0.01900	0.01111	0.01534	0.00973	0.01042	0.04066	0.00270	0.29007	0.00564	0.00335	0.00858
28	0.00948	0.00699	0.00886	0.00839	0.01009	0.00637	0.00629	0.01251	0.01888	0.02629	0.63058	0.05300	0.14797	0.01442	0.00807	0.00217	0.00326	0.01264	0.00738	0.00637
29	0.01639	0.01404	0.01493	0.01347	0.01715	0.01612	0.01046	0.03436	0.64623	0.02852	0.08617	0.02770	0.02460	0.00968	0.00706	0.00231	0.00523	0.00813	0.00701	0.01046
30	0.03811	0.01414	0.05938	0.01372	0.07051	0.01054	0.03363	0.01803	0.01430	0.02250	0.01220	0.01446	0.01002	0.00529	0.00536	0.00124	0.00584	0.00440	0.00392	0.64244
31	0.01783	0.01289	0.05804	0.01389	0.01681	0.01302	0.03470	0.02168	0.06492	0.21442	0.08206	0.02529	0.01947	0.06759	0.12384	0.00403	0.18811	0.00744	0.00541	0.00857
32	0.00834	0.00595	0.00794	0.00953	0.00992	0.00556	0.00635	0.00953	0.01310	0.01746	0.03771	0.75510	0.04525	0.02143	0.00873	0.00278	0.00397	0.01945	0.00635	0.00556
33	0.00834	0.00595	0.00794	0.00953	0.00992	0.00556	0.00635	0.00953	0.01310	0.01746	0.03771	0.75510	0.04525	0.02143	0.00873	0.00278	0.00397	0.01945	0.00635	0.00556
34	0.01904	0.04780	0.09883	0.22775	0.09676	0.12203	0.11404	0.04296	0.01660	0.12722	0.01454	0.01730	0.01063	0.00686	0.00679	0.00211	0.00934	0.00604	0.00413	0.00924
35	0.80789	0.01323	0.01006	0.00900	0.01323	0.01535	0.00741	0.02011	0.01164	0.03070	0.00953	0.01111	0.00741	0.00635	0.00423	0.00212	0.00529	0.00370	0.00423	0.00741
36	0.01102	0.00787	0.01102	0.01260	0.01417	0.00787	0.01102	0.01417	0.01575	0.02047	0.03622	0.07717	0.03937	0.01890	0.00945	0.00315	0.00630	0.67084	0.00630	0.00630
37	0.01352	0.01277	0.02160	0.63894	0.14664	0.01536	0.01930	0.01800	0.01396	0.01820	0.01227	0.01805	0.00938	0.00673	0.00683	0.00224	0.00897	0.00608	0.00309	0.00808
38	0.01100	0.03925	0.01622	0.05975	0.06608	0.00970	0.10965	0.01350	0.01411	0.01871	0.03073	0.43548	0.05652	0.01617	0.00825	0.00259	0.00601	0.07410	0.00538	0.00679
39	0.00836	0.00689	0.00734	0.00734	0.00944	0.00587	0.00546	0.01030	0.01606	0.01986	0.17085	0.10210	0.57242	0.01702	0.00812	0.00231	0.00346	0.01439	0.00654	0.00587
40	0.03070	0.01164	0.01588	0.01217	0.01746	0.01006	0.01006	0.03334	0.01958	0.72163	0.02699	0.02329	0.01694	0.00847	0.00688	0.00212	0.00582	0.00688	0.00847	0.01164
41	0.01292	0.01179	0.01459	0.11346	0.12282	0.07094	0.01116	0.01740	0.07545	0.02292	0.28445	0.10490	0.08616	0.01182	0.00752	0.00220	0.00580	0.01035	0.00572	0.00763
42	0.01529	0.10482	0.46524	0.04074	0.02793	0.05780	0.08368	0.02249	0.05661	0.02098	0.01289	0.01515	0.00961	0.00675	0.00695	0.00212	0.03268	0.00538	0.00324	0.00966
43	0.01658	0.01720	0.03304	0.03505	0.38390	0.01676	0.32436	0.02195	0.04018	0.02237	0.01384	0.01792	0.01099	0.00606	0.00737	0.00217	0.00957	0.00705	0.00355	0.01011
44	0.01419	0.01216	0.01419	0.01013	0.01621	0.00912	0.00811	0.01723	0.01419	0.02229	0.01216	0.01419	0.01013	0.00507	0.00507	0.00101	0.00507	0.00405	0.00405	0.80139
45	0.01894	0.12484	0.30651	0.06144	0.05023	0.04471	0.08892	0.02410	0.01589	0.17756	0.01531	0.01661	0.01082	0.00681	0.00648	0.00206	0.00888	0.00566	0.00426	0.00997
46	0.01956	0.53623	0.09004	0.01371	0.01939	0.18637	0.01319	0.02214	0.01519	0.01671	0.00999	0.01158	0.00878	0.00618	0.00497	0.00159	0.00869	0.00395	0.00306	0.00870
47	0.01419	0.01216	0.01419	0.01013	0.01621	0.00912	0.00811	0.01723	0.01419	0.02229	0.01216	0.01419	0.01013	0.00507	0.00507	0.00101	0.00507	0.00405	0.00405	0.80139
48	0.00834	0.00595	0.00794	0.00953	0.00992	0.00556	0.00635	0.00953	0.01310	0.01746	0.03771	0.75510	0.04525	0.02143	0.00873	0.00278	0.00397	0.01945	0.00635	0.00556
49	0.01414	0.01341	0.02273	0.52914	0.25154	0.01552	0.01961	0.01855	0.01426	0.01897	0.01238	0.01784	0.00964	0.00661	0.00682	0.00220	0.00882	0.00608	0.00315	0.00859
50	0.01512	0.00863	0.01153	0.06280	0.01445	0.00832	0.00804	0.01823	0.03594	0.18816	0.35346	0.03972	0.04051	0.12808	0.03431	0.00312	0.00532	0.00996	0.00677	0.00752
51	0.00834	0.00595	0.00794	0.00953	0.00992	0.00556	0.00635	0.00953	0.01310	0.01746	0.03771	0.75510	0.04525	0.02143	0.00873	0.00278	0.00397	0.01945	0.00635	0.00556
52	0.80789	0.01323	0.01006	0.00900	0.01323	0.01535	0.00741	0.02011	0.01164	0.03070	0.00953	0.01111	0.00741	0.00635	0.00423	0.00212	0.00529	0.00370	0.00423	0.00741
53	0.01397	0.05781	0.67441	0.01963	0.02948	0.01630	0.05202	0.02164	0.01450	0.02150	0.01225	0.01450	0.00874	0.00645	0.00650	0.00215	0.01008	0.00513	0.00291	0.01003
54	0.01034	0.00771	0.01051	0.01040	0.01153	0.00873	0.00771	0.01346	0.06135	0.01621	0.01976	0.03088	0.01916	0.21061	0.51959	0.00936	0.01470	0.00796	0.00402	0.00600
55	0.00897	0.00659	0.00849	0.00985	0.01050	0.00639	0.00668	0.01148	0.06354	0.01828	0.03699	0.70188	0.04347	0.02055	0.00860	0.00275	0.00407	0.01859	0.00640	0.00594
56	0.00856	0.00674	0.00718	0.00740	0.00931	0.00583	0.00542	0.01041	0.01535	0.01939	0.10098	0.16853	0.51957	0.01707	0.00794	0.00232	0.00351	0.01450	0.06415	0.00583
57	0.01757	0.05401	0.28284	0.09864	0.15565	0.06013	0.09787	0.02291	0.01570	0.10924	0.01419	0.01660	0.01037	0.00663	0.00671	0.00211	0.00929	0.00584	0.00381	0.00988
58	0.01687	0.02354	0.24870	0.04580	0.05189	0.06794	0.31032	0.02258	0.01600	0.07409	0.01502	0.01967	0.01149	0.00692	0.00733	0.00224	0.01030	0.03606	0.00377	0.00946
59	0.02531	0.02008	0.02096	0.01781	0.07196	0.08069	0.01360	0.58885	0.02988	0.03938	0.01567	0.01612	0.01134	0.00796	0.00678	0.00203	0.00798	0.00601	0.00631	0.01126
60	0.04345	0.23576	0.32455	0.02020	0.09501	0.05172	0.09712	0.02150	0.01473	0.02028	0.01157	0.01397	0.00908	0.00621	0.00602	0.00195	0.00922	0.00504	0.00309	0.00951
61	0.01522	0.01377	0.02091	0.16141	0.10985	0.03605	0.13572	0.07985	0.06717	0.04461	0.02708	0.07284	0.13872	0.01012	0.00748	0.00229	0.00760	0.03590	0.00489	0.00853

[dist]
# distance from previous block
# <min> <max>
0	26

# created by:
# /home/berkeley/.conda/envs/busco_data_prod/bin/msa2prfl.pl pipeline/OGs_align_augustus/4893/29868.fs
