[name]
unknown

[dist]
# distance from previous block
# <min> <max>
8	43

[block]
# block no. 0 follows, 32 sequences, length 122
# corresponding to MSA columns:
# 45-166
name=unknown_A
#
# <colnr> <probs for GDERKNQSTAVLIFYWHMCP>
#	G	D	E	R	K	N	Q	S	T	A	V	L	I	F	Y	W	H	M	C	P
0	0.04393	0.01195	0.01496	0.06136	0.04678	0.03565	0.01018	0.04837	0.04398	0.28483	0.15341	0.02581	0.02331	0.03134	0.00811	0.00212	0.03701	0.00725	0.00630	0.10334
1	0.07932	0.01131	0.01287	0.01252	0.07448	0.01165	0.00881	0.16907	0.04314	0.02837	0.08624	0.05382	0.01975	0.02722	0.00658	0.00194	0.00504	0.00700	0.25602	0.08486
2	0.12012	0.01481	0.01474	0.01312	0.03652	0.12080	0.03376	0.14614	0.01786	0.06966	0.09566	0.04590	0.05851	0.14237	0.01198	0.00286	0.03456	0.00768	0.00521	0.00775
3	0.00901	0.00696	0.00823	0.00794	0.00981	0.00613	0.00587	0.01137	0.01665	0.02226	0.37415	0.11042	0.30000	0.03768	0.00864	0.00230	0.00349	0.01302	0.00663	0.03945
4	0.00901	0.00631	0.00788	0.00843	0.00903	0.00602	0.00556	0.01006	0.01283	0.01722	0.13804	0.33493	0.08866	0.24506	0.03852	0.03276	0.00502	0.01400	0.00556	0.00511
5	0.01418	0.01375	0.01800	0.01487	0.01846	0.07627	0.15624	0.02231	0.22744	0.02381	0.19557	0.05179	0.11703	0.01059	0.00744	0.00219	0.00640	0.00959	0.00584	0.00824
6	0.01577	0.01789	0.03845	0.02764	0.03402	0.01718	0.65705	0.02117	0.01550	0.02117	0.01329	0.01789	0.01010	0.00602	0.00876	0.00230	0.05565	0.00780	0.00337	0.00895
7	0.00928	0.00685	0.00867	0.00821	0.00989	0.00624	0.00616	0.01224	0.01848	0.02568	0.62802	0.05214	0.15485	0.01417	0.00792	0.00213	0.00320	0.01242	0.00723	0.00624
8	0.01267	0.01193	0.02013	0.74806	0.04621	0.01491	0.01863	0.01714	0.01342	0.01714	0.01193	0.01789	0.00894	0.00671	0.00671	0.00224	0.00894	0.00596	0.00298	0.00745
9	0.01880	0.01894	0.01640	0.01469	0.01803	0.20898	0.01132	0.05355	0.42607	0.02401	0.02090	0.02136	0.01639	0.04009	0.00878	0.00234	0.05776	0.00664	0.00555	0.00939
10	0.02913	0.01298	0.01654	0.01268	0.01791	0.01218	0.01047	0.17371	0.02181	0.58229	0.02428	0.02142	0.01551	0.00825	0.00674	0.00206	0.00606	0.00660	0.00797	0.01142
11	0.01669	0.01441	0.01517	0.01365	0.01745	0.01669	0.01062	0.03565	0.71021	0.02807	0.02731	0.02503	0.02048	0.00910	0.00683	0.00228	0.00531	0.00759	0.00683	0.01062
12	0.01661	0.01594	0.02724	0.04119	0.72233	0.01594	0.02059	0.02059	0.01528	0.02192	0.01262	0.01661	0.01063	0.00598	0.00664	0.00199	0.00797	0.00598	0.00332	0.01063
13	0.01389	0.01317	0.02233	0.52885	0.25589	0.01523	0.01924	0.01821	0.01399	0.01863	0.01214	0.01749	0.00947	0.00648	0.00669	0.00216	0.00864	0.00597	0.00309	0.00844
14	0.03010	0.01142	0.01557	0.01194	0.01713	0.00986	0.00986	0.03270	0.01920	0.72698	0.02647	0.02284	0.01661	0.00830	0.00675	0.00208	0.00571	0.00675	0.00830	0.01142
15	0.02974	0.01201	0.01594	0.01222	0.01742	0.01074	0.01009	0.08603	0.02019	0.67225	0.02564	0.02230	0.01619	0.00828	0.00674	0.00207	0.00584	0.00669	0.00818	0.01142
16	0.81159	0.01298	0.00986	0.00882	0.01298	0.01505	0.00727	0.01972	0.01142	0.03010	0.00934	0.01090	0.00727	0.00623	0.00415	0.00208	0.00519	0.00363	0.00415	0.00727
17	0.02551	0.01879	0.02014	0.01544	0.02081	0.02081	0.01275	0.69996	0.03155	0.04229	0.01611	0.01611	0.01141	0.00805	0.00671	0.00201	0.00738	0.00604	0.00671	0.01141
18	0.01267	0.01193	0.02013	0.74806	0.04621	0.01491	0.01863	0.01714	0.01342	0.01714	0.01193	0.01789	0.00894	0.00671	0.00671	0.00224	0.00894	0.00596	0.00298	0.00745
19	0.01669	0.01441	0.01517	0.01365	0.01745	0.01669	0.01062	0.03565	0.71021	0.02807	0.02731	0.02503	0.02048	0.00910	0.00683	0.00228	0.00531	0.00759	0.00683	0.01062
20	0.02549	0.01943	0.02008	0.01553	0.02081	0.05548	0.01276	0.66738	0.03094	0.04104	0.01583	0.01592	0.01128	0.00800	0.00668	0.00200	0.00761	0.00596	0.00655	0.01124
21	0.01081	0.00772	0.01081	0.01236	0.01390	0.00772	0.01081	0.01390	0.01545	0.02008	0.03553	0.07569	0.03862	0.01854	0.00927	0.00309	0.00618	0.67717	0.00618	0.00618
22	0.01661	0.01594	0.02724	0.04119	0.72233	0.01594	0.02059	0.02059	0.01528	0.02192	0.01262	0.01661	0.01063	0.00598	0.00664	0.00199	0.00797	0.00598	0.00332	0.01063
23	0.01794	0.76823	0.03516	0.01148	0.01722	0.02655	0.01148	0.02009	0.01363	0.01579	0.00933	0.01076	0.00861	0.00574	0.00431	0.00144	0.00718	0.00359	0.00287	0.00861
24	0.02551	0.01879	0.02014	0.01544	0.02081	0.02081	0.01275	0.69996	0.03155	0.04229	0.01611	0.01611	0.01141	0.00805	0.00671	0.00201	0.00738	0.00604	0.00671	0.01141
25	0.02932	0.01144	0.01549	0.01184	0.01707	0.00982	0.00977	0.03194	0.01895	0.69286	0.02577	0.02241	0.01629	0.00814	0.00666	0.00202	0.00567	0.00661	0.00810	0.04983
26	0.81159	0.01298	0.00986	0.00882	0.01298	0.01505	0.00727	0.01972	0.01142	0.03010	0.00934	0.01090	0.00727	0.00623	0.00415	0.00208	0.00519	0.00363	0.00415	0.00727
27	0.01286	0.01212	0.02047	0.71385	0.07893	0.01496	0.01873	0.01731	0.01351	0.01737	0.01196	0.01783	0.00903	0.00667	0.00671	0.00222	0.00890	0.00596	0.00300	0.00761
28	0.01267	0.01193	0.02013	0.74806	0.04621	0.01491	0.01863	0.01714	0.01342	0.01714	0.01193	0.01789	0.00894	0.00671	0.00671	0.00224	0.00894	0.00596	0.00298	0.00745
29	0.00818	0.00584	0.00779	0.00934	0.00973	0.00545	0.00623	0.00934	0.01285	0.01713	0.03698	0.75981	0.04438	0.02102	0.00856	0.00273	0.00389	0.01908	0.00623	0.00545
30	0.81159	0.01298	0.00986	0.00882	0.01298	0.01505	0.00727	0.01972	0.01142	0.03010	0.00934	0.01090	0.00727	0.00623	0.00415	0.00208	0.00519	0.00363	0.00415	0.00727
31	0.01370	0.01170	0.01369	0.00992	0.01567	0.00881	0.00789	0.01661	0.01387	0.02169	0.01286	0.04160	0.01122	0.00556	0.00510	0.00106	0.00493	0.00454	0.00406	0.77552
32	0.01661	0.01594	0.02724	0.04119	0.72233	0.01594	0.02059	0.02059	0.01528	0.02192	0.01262	0.01661	0.01063	0.00598	0.00664	0.00199	0.00797	0.00598	0.00332	0.01063
33	0.01650	0.01583	0.02704	0.06075	0.70362	0.01591	0.02054	0.02050	0.01523	0.02179	0.01260	0.01664	0.01058	0.00600	0.00664	0.00200	0.00800	0.00598	0.00331	0.01054
34	0.01184	0.00992	0.01232	0.01181	0.01345	0.05355	0.00923	0.04344	0.05842	0.01760	0.01772	0.02456	0.01601	0.04179	0.58822	0.00902	0.04358	0.00695	0.00391	0.00668
35	0.01412	0.07010	0.66866	0.01868	0.02815	0.04371	0.02369	0.02141	0.01433	0.02080	0.01185	0.01392	0.00851	0.00636	0.00626	0.00208	0.00987	0.00487	0.00286	0.00977
36	0.81159	0.01298	0.00986	0.00882	0.01298	0.01505	0.00727	0.01972	0.01142	0.03010	0.00934	0.01090	0.00727	0.00623	0.00415	0.00208	0.00519	0.00363	0.00415	0.00727
37	0.01567	0.01930	0.08927	0.02762	0.03463	0.01687	0.64948	0.02148	0.01572	0.02148	0.01346	0.01782	0.01006	0.00571	0.00781	0.00225	0.01121	0.00771	0.00335	0.00911
38	0.01806	0.14222	0.15201	0.06451	0.04266	0.04070	0.08209	0.09899	0.03775	0.11356	0.03735	0.04074	0.03558	0.00764	0.00638	0.00195	0.00770	0.00639	0.00462	0.05908
39	0.01008	0.00751	0.00945	0.00885	0.01064	0.00721	0.00667	0.01457	0.07882	0.02677	0.64099	0.04834	0.07760	0.01341	0.00782	0.00213	0.00336	0.01180	0.00731	0.00668
40	0.01776	0.01871	0.07151	0.09859	0.31641	0.08949	0.09466	0.11850	0.03686	0.02376	0.01528	0.01816	0.03589	0.00691	0.00678	0.00205	0.00867	0.00631	0.00397	0.00974
41	0.01438	0.01099	0.01276	0.01058	0.01433	0.01048	0.00829	0.08277	0.14883	0.05599	0.27492	0.03149	0.05597	0.00977	0.00673	0.00182	0.00458	0.00828	0.00627	0.23079
42	0.81159	0.01298	0.00986	0.00882	0.01298	0.01505	0.00727	0.01972	0.01142	0.03010	0.00934	0.01090	0.00727	0.00623	0.00415	0.00208	0.00519	0.00363	0.00415	0.00727
43	0.01415	0.02985	0.52764	0.02180	0.03080	0.01599	0.22170	0.02132	0.01466	0.02132	0.01249	0.01532	0.00899	0.00616	0.00683	0.00217	0.01032	0.00582	0.00300	0.00966
44	0.00793	0.00680	0.00680	0.00680	0.00906	0.00566	0.00510	0.00963	0.01529	0.01813	0.06797	0.06457	0.71961	0.01699	0.00793	0.00227	0.00340	0.01416	0.00623	0.00566
45	0.00800	0.00651	0.00710	0.00757	0.00927	0.00560	0.00544	0.00954	0.01455	0.01782	0.05854	0.27619	0.51409	0.01822	0.00812	0.00241	0.00355	0.01566	0.00623	0.00560
46	0.01072	0.00766	0.01070	0.01225	0.01375	0.00764	0.01065	0.01374	0.01535	0.01997	0.03558	0.10024	0.03882	0.01862	0.00924	0.00308	0.00610	0.65356	0.00618	0.00615
47	0.01267	0.01193	0.02013	0.74806	0.04621	0.01491	0.01863	0.01714	0.01342	0.01714	0.01193	0.01789	0.00894	0.00671	0.00671	0.00224	0.00894	0.00596	0.00298	0.00745
48	0.01584	0.01810	0.03959	0.02828	0.03507	0.01697	0.69796	0.02149	0.01584	0.02149	0.01357	0.01810	0.01018	0.00566	0.00792	0.00226	0.01131	0.00792	0.00339	0.00905
49	0.01267	0.01193	0.02013	0.74806	0.04621	0.01491	0.01863	0.01714	0.01342	0.01714	0.01193	0.01789	0.00894	0.00671	0.00671	0.00224	0.00894	0.00596	0.00298	0.00745
50	0.81159	0.01298	0.00986	0.00882	0.01298	0.01505	0.00727	0.01972	0.01142	0.03010	0.00934	0.01090	0.00727	0.00623	0.00415	0.00208	0.00519	0.00363	0.00415	0.00727
51	0.01669	0.01441	0.01517	0.01365	0.01745	0.01669	0.01062	0.03565	0.71021	0.02807	0.02731	0.02503	0.02048	0.00910	0.00683	0.00228	0.00531	0.00759	0.00683	0.01062
52	0.01647	0.01580	0.02698	0.06613	0.69847	0.01591	0.02052	0.02047	0.01521	0.02175	0.01260	0.01665	0.01057	0.00600	0.00665	0.00200	0.00801	0.00598	0.00331	0.01052
53	0.00966	0.00647	0.00735	0.00744	0.00746	0.00644	0.00420	0.00973	0.00994	0.01326	0.02209	0.08684	0.02559	0.71963	0.03262	0.00628	0.00635	0.01032	0.00420	0.00415
54	0.00963	0.00701	0.00988	0.00988	0.01076	0.00789	0.00726	0.01140	0.01051	0.01490	0.01880	0.03096	0.01877	0.23734	0.55332	0.00966	0.01497	0.00786	0.00372	0.00549
55	0.01391	0.01193	0.01391	0.00994	0.01590	0.00894	0.00795	0.01690	0.01391	0.02186	0.01193	0.01391	0.00994	0.00497	0.00497	0.00099	0.00497	0.00398	0.00398	0.80521
56	0.81159	0.01298	0.00986	0.00882	0.01298	0.01505	0.00727	0.01972	0.01142	0.03010	0.00934	0.01090	0.00727	0.00623	0.00415	0.00208	0.00519	0.00363	0.00415	0.00727
57	0.01360	0.05774	0.70762	0.01888	0.02867	0.01593	0.02437	0.02121	0.01415	0.02108	0.01196	0.01406	0.00850	0.00635	0.00631	0.00210	0.00983	0.00492	0.00283	0.00988
58	0.02371	0.02977	0.01881	0.01706	0.02018	0.65695	0.01292	0.02545	0.01806	0.01637	0.01055	0.01283	0.00897	0.00893	0.03519	0.00216	0.06645	0.00454	0.00342	0.00768
59	0.00993	0.00731	0.00934	0.00875	0.01047	0.00695	0.00659	0.01404	0.06044	0.02698	0.67733	0.04862	0.06074	0.01344	0.00785	0.00212	0.00329	0.01186	0.00735	0.00659
60	0.78330	0.01308	0.01048	0.00998	0.03822	0.01508	0.00774	0.01975	0.01156	0.02981	0.00946	0.01110	0.00739	0.00622	0.00424	0.00207	0.00529	0.00372	0.00412	0.00739
61	0.00793	0.00680	0.00680	0.00680	0.00906	0.00566	0.00510	0.00963	0.01529	0.01813	0.06797	0.06457	0.71961	0.01699	0.00793	0.00227	0.00340	0.01416	0.00623	0.00566
62	0.81159	0.01298	0.00986	0.00882	0.01298	0.01505	0.00727	0.01972	0.01142	0.03010	0.00934	0.01090	0.00727	0.00623	0.00415	0.00208	0.00519	0.00363	0.00415	0.00727
63	0.01647	0.01580	0.02698	0.06634	0.69828	0.01591	0.02052	0.02047	0.01521	0.02175	0.01260	0.01665	0.01057	0.00600	0.00665	0.00200	0.00801	0.00598	0.00331	0.01052
64	0.01794	0.76823	0.03516	0.01148	0.01722	0.02655	0.01148	0.02009	0.01363	0.01579	0.00933	0.01076	0.00861	0.00574	0.00431	0.00144	0.00718	0.00359	0.00287	0.00861
65	0.01468	0.01468	0.02055	0.01762	0.01762	0.02055	0.01468	0.01615	0.01028	0.01615	0.00881	0.01468	0.00881	0.01174	0.02202	0.00294	0.75191	0.00587	0.00294	0.00734
66	0.01760	0.01487	0.01569	0.01384	0.01780	0.01712	0.01084	0.10450	0.63988	0.02954	0.02615	0.02411	0.01954	0.00899	0.00682	0.00225	0.00553	0.00743	0.00682	0.01070
67	0.00804	0.00655	0.00712	0.00751	0.00927	0.00563	0.00543	0.00965	0.01477	0.01813	0.07950	0.24407	0.52514	0.01794	0.00809	0.00238	0.00352	0.01537	0.00626	0.00563
68	0.00971	0.00669	0.00825	0.00825	0.00857	0.00701	0.00523	0.01035	0.01003	0.01370	0.02029	0.03920	0.02235	0.57248	0.22306	0.00765	0.00958	0.00907	0.00394	0.00458
69	0.03010	0.01142	0.01557	0.01194	0.01713	0.00986	0.00986	0.03270	0.01920	0.72698	0.02647	0.02284	0.01661	0.00830	0.00675	0.00208	0.00571	0.00675	0.00830	0.01142
70	0.01027	0.00820	0.01198	0.01564	0.14819	0.00797	0.00929	0.01276	0.03463	0.01940	0.09703	0.50574	0.03877	0.01698	0.00810	0.00252	0.00472	0.03530	0.00579	0.00671
71	0.01346	0.03471	0.72942	0.01912	0.02904	0.01558	0.02479	0.02125	0.01417	0.02125	0.01204	0.01417	0.00850	0.00637	0.00637	0.00212	0.00992	0.00496	0.00283	0.00992
72	0.01395	0.01206	0.01423	0.01031	0.01598	0.00951	0.00828	0.01686	0.01374	0.02159	0.01178	0.01395	0.00988	0.00530	0.00579	0.00109	0.04112	0.00407	0.00393	0.76659
73	0.81159	0.01298	0.00986	0.00882	0.01298	0.01505	0.00727	0.01972	0.01142	0.03010	0.00934	0.01090	0.00727	0.00623	0.00415	0.00208	0.00519	0.00363	0.00415	0.00727
74	0.00952	0.00670	0.00831	0.00810	0.00914	0.00644	0.00561	0.01105	0.01427	0.01948	0.31103	0.04609	0.12938	0.25080	0.07935	0.05736	0.00567	0.01082	0.00559	0.00529
75	0.00950	0.00686	0.00897	0.00844	0.01002	0.00633	0.00633	0.01266	0.01899	0.02691	0.71879	0.05012	0.06331	0.01372	0.00791	0.00211	0.00317	0.01213	0.00739	0.00633
76	0.01267	0.01193	0.02013	0.74806	0.04621	0.01491	0.01863	0.01714	0.01342	0.01714	0.01193	0.01789	0.00894	0.00671	0.00671	0.00224	0.00894	0.00596	0.00298	0.00745
77	0.00960	0.00712	0.01045	0.01045	0.01153	0.00820	0.00797	0.01177	0.01068	0.01533	0.01828	0.02806	0.01751	0.11956	0.66937	0.01037	0.01686	0.00744	0.00364	0.00580
78	0.00959	0.00719	0.01078	0.01078	0.01198	0.00839	0.00839	0.01198	0.01078	0.01558	0.01797	0.02636	0.01677	0.05032	0.73760	0.01078	0.01797	0.00719	0.00359	0.00599
79	0.00838	0.00595	0.00791	0.00937	0.00986	0.00556	0.00637	0.00952	0.01291	0.01712	0.03712	0.68724	0.06417	0.02086	0.00911	0.02685	0.00403	0.04612	0.00613	0.00541
80	0.01824	0.73758	0.03449	0.01172	0.01737	0.05613	0.01154	0.02037	0.01386	0.01581	0.00937	0.01082	0.00861	0.00579	0.00438	0.00145	0.00738	0.00362	0.00289	0.00858
81	0.01391	0.01193	0.01391	0.00994	0.01590	0.00894	0.00795	0.01690	0.01391	0.02186	0.01193	0.01391	0.00994	0.00497	0.00497	0.00099	0.00497	0.00398	0.00398	0.80521
82	0.00976	0.00651	0.00732	0.00732	0.00732	0.00651	0.00407	0.00976	0.00976	0.01301	0.02114	0.04391	0.02439	0.76419	0.03415	0.00651	0.00651	0.00976	0.00407	0.00407
83	0.01468	0.01468	0.02055	0.01762	0.01762	0.02055	0.01468	0.01615	0.01028	0.01615	0.00881	0.01468	0.00881	0.01174	0.02202	0.00294	0.75191	0.00587	0.00294	0.00734
84	0.01400	0.01272	0.03607	0.01035	0.01636	0.00942	0.00857	0.01769	0.03849	0.02206	0.01247	0.01431	0.01027	0.00516	0.00508	0.00107	0.00513	0.00413	0.00404	0.75259
85	0.19992	0.01468	0.02252	0.09411	0.44500	0.01542	0.04510	0.01982	0.01409	0.02315	0.01203	0.01581	0.00990	0.00766	0.03213	0.00236	0.00791	0.00556	0.00350	0.00934
86	0.01318	0.01244	0.02104	0.65735	0.13298	0.01504	0.01889	0.01759	0.01366	0.01776	0.01202	0.01772	0.00916	0.00661	0.00670	0.00220	0.00882	0.00597	0.00303	0.00786
87	0.01646	0.01579	0.02697	0.06742	0.69724	0.01590	0.02052	0.02046	0.01521	0.02174	0.01260	0.01665	0.01057	0.00601	0.00665	0.00200	0.00801	0.00598	0.00331	0.01051
88	0.00976	0.00651	0.00732	0.00732	0.00732	0.00651	0.00407	0.00976	0.00976	0.01301	0.02114	0.04391	0.02439	0.76419	0.03415	0.00651	0.00651	0.00976	0.00407	0.00407
89	0.00827	0.00678	0.00729	0.00723	0.00929	0.00580	0.00539	0.01026	0.01600	0.01995	0.20455	0.08362	0.55943	0.01643	0.00795	0.00225	0.00337	0.01389	0.00648	0.00580
90	0.81159	0.01298	0.00986	0.00882	0.01298	0.01505	0.00727	0.01972	0.01142	0.03010	0.00934	0.01090	0.00727	0.00623	0.00415	0.00208	0.00519	0.00363	0.00415	0.00727
91	0.00937	0.00685	0.00880	0.00831	0.00995	0.00628	0.00623	0.01242	0.01870	0.02621	0.66682	0.05128	0.11573	0.01398	0.00792	0.00212	0.00318	0.01230	0.00729	0.00628
92	0.02844	0.01408	0.01722	0.01320	0.01846	0.01382	0.01091	0.27383	0.02367	0.47955	0.02273	0.02041	0.01473	0.00821	0.00673	0.00205	0.00631	0.00649	0.00773	0.01142
93	0.00818	0.00584	0.00779	0.00934	0.00973	0.00545	0.00623	0.00934	0.01285	0.01713	0.03698	0.75981	0.04438	0.02102	0.00856	0.00273	0.00389	0.01908	0.00623	0.00545
94	0.10217	0.01667	0.01791	0.06290	0.11739	0.11141	0.01261	0.23037	0.04074	0.07775	0.01536	0.01803	0.01203	0.03394	0.09832	0.00323	0.00908	0.00590	0.00497	0.00924
95	0.01451	0.01611	0.10570	0.39228	0.15417	0.01518	0.06346	0.05953	0.01511	0.02061	0.01242	0.01683	0.00949	0.00642	0.00660	0.00207	0.00864	0.00582	0.00335	0.07169
96	0.04202	0.47114	0.19790	0.01460	0.04129	0.05258	0.01493	0.02100	0.03461	0.01813	0.01064	0.01235	0.00896	0.00624	0.00554	0.00172	0.03015	0.00421	0.00306	0.00893
97	0.01187	0.00768	0.01015	0.01068	0.03378	0.00728	0.00764	0.03420	0.01565	0.09791	0.16404	0.32530	0.11533	0.01876	0.05744	0.00301	0.00525	0.06091	0.00641	0.00672
98	0.01532	0.01435	0.02216	0.21575	0.37862	0.03270	0.01731	0.04098	0.04172	0.02111	0.01465	0.06702	0.01277	0.00731	0.00665	0.00203	0.00770	0.00672	0.00373	0.07140
99	0.00818	0.00584	0.00779	0.00934	0.00973	0.00545	0.00623	0.00934	0.01285	0.01713	0.03698	0.75981	0.04438	0.02102	0.00856	0.00273	0.00389	0.01908	0.00623	0.00545
100	0.01391	0.01193	0.01391	0.00994	0.01590	0.00894	0.00795	0.01690	0.01391	0.02186	0.01193	0.01391	0.00994	0.00497	0.00497	0.00099	0.00497	0.00398	0.00398	0.80521
101	0.01486	0.01227	0.01441	0.01500	0.08793	0.01329	0.01030	0.11069	0.31057	0.02559	0.03066	0.20995	0.09123	0.01237	0.00733	0.00232	0.00532	0.01071	0.00624	0.00896
102	0.01458	0.06122	0.06641	0.01090	0.01711	0.01097	0.00955	0.04353	0.01459	0.02222	0.01193	0.01382	0.00981	0.00524	0.00509	0.00114	0.00555	0.00410	0.00393	0.66832
103	0.01468	0.01468	0.02055	0.01762	0.01762	0.02055	0.01468	0.01615	0.01028	0.01615	0.00881	0.01468	0.00881	0.01174	0.02202	0.00294	0.75191	0.00587	0.00294	0.00734
104	0.00976	0.00651	0.00732	0.00732	0.00732	0.00651	0.00407	0.00976	0.00976	0.01301	0.02114	0.04391	0.02439	0.76419	0.03415	0.00651	0.00651	0.00976	0.00407	0.00407
105	0.01918	0.08849	0.40151	0.01685	0.02462	0.04989	0.05346	0.02464	0.01585	0.21843	0.01586	0.01641	0.01088	0.00685	0.00637	0.00204	0.00869	0.00547	0.00443	0.01008
106	0.01399	0.01218	0.01499	0.01071	0.01671	0.00928	0.03689	0.01709	0.01399	0.02185	0.01200	0.01409	0.00995	0.00500	0.00509	0.00105	0.00524	0.00414	0.00395	0.77182
107	0.01528	0.01462	0.01850	0.45379	0.03488	0.08978	0.01560	0.05906	0.15522	0.02065	0.01613	0.04951	0.01285	0.00788	0.00674	0.00220	0.00824	0.00667	0.00414	0.00826
108	0.01062	0.00787	0.00981	0.00914	0.01114	0.00732	0.00689	0.05311	0.01799	0.02512	0.45752	0.13382	0.08367	0.03452	0.00846	0.00226	0.00388	0.03990	0.00673	0.07022
109	0.01267	0.01193	0.02013	0.74806	0.04621	0.01491	0.01863	0.01714	0.01342	0.01714	0.01193	0.01789	0.00894	0.00671	0.00671	0.00224	0.00894	0.00596	0.00298	0.00745
110	0.01267	0.01193	0.02013	0.74806	0.04621	0.01491	0.01863	0.01714	0.01342	0.01714	0.01193	0.01789	0.00894	0.00671	0.00671	0.00224	0.00894	0.00596	0.00298	0.00745
111	0.00976	0.00651	0.00732	0.00732	0.00732	0.00651	0.00407	0.00976	0.00976	0.01301	0.02114	0.04391	0.02439	0.76419	0.03415	0.00651	0.00651	0.00976	0.00407	0.00407
112	0.81159	0.01298	0.00986	0.00882	0.01298	0.01505	0.00727	0.01972	0.01142	0.03010	0.00934	0.01090	0.00727	0.00623	0.00415	0.00208	0.00519	0.00363	0.00415	0.00727
113	0.01357	0.01303	0.02086	0.48552	0.09696	0.01655	0.01771	0.01717	0.01271	0.01728	0.01113	0.01689	0.00905	0.00803	0.01092	0.00241	0.21356	0.00594	0.00300	0.00770
114	0.01542	0.01478	0.06402	0.07541	0.02467	0.01375	0.25660	0.08198	0.07189	0.06385	0.06378	0.05046	0.04279	0.08673	0.04075	0.00301	0.00862	0.00835	0.00472	0.00841
115	0.01013	0.01205	0.14988	0.01097	0.01387	0.00785	0.01004	0.01317	0.01488	0.03891	0.16784	0.34129	0.12381	0.01579	0.00791	0.00243	0.00502	0.04162	0.00584	0.00671
116	0.00810	0.00634	0.00735	0.00807	0.00942	0.00558	0.00568	0.00960	0.01425	0.01795	0.07530	0.39771	0.37319	0.01881	0.00823	0.00248	0.00363	0.01645	0.00627	0.00558
117	0.01725	0.13048	0.16776	0.01792	0.10405	0.03949	0.01507	0.09441	0.27199	0.02502	0.01768	0.01808	0.01351	0.00738	0.00625	0.00201	0.00725	0.00590	0.00481	0.03370
118	0.07403	0.26799	0.02394	0.01553	0.04274	0.37191	0.01239	0.02345	0.01612	0.03573	0.01037	0.01217	0.00883	0.00678	0.00635	0.00175	0.05410	0.00425	0.00340	0.00818
119	0.09420	0.01722	0.14115	0.06951	0.16314	0.01369	0.01461	0.06693	0.04926	0.05985	0.03235	0.01658	0.01186	0.00647	0.00597	0.00180	0.00690	0.00533	0.00423	0.21895
120	0.01536	0.01967	0.21505	0.17055	0.24860	0.01501	0.05221	0.05765	0.01584	0.04816	0.04441	0.01937	0.03423	0.00709	0.00675	0.00211	0.00840	0.00634	0.00376	0.00946
121	0.02129	0.01517	0.11744	0.05660	0.08105	0.03584	0.03052	0.02483	0.01701	0.35606	0.04593	0.07043	0.03885	0.00944	0.00702	0.00218	0.00681	0.04763	0.00617	0.00973

[dist]
# distance from previous block
# <min> <max>
1	7

[block]
# block no. 1 follows, 32 sequences, length 40
# corresponding to MSA columns:
# 174-213
name=unknown_B
#
# <colnr> <probs for GDERKNQSTAVLIFYWHMCP>
#	G	D	E	R	K	N	Q	S	T	A	V	L	I	F	Y	W	H	M	C	P
0	0.07512	0.01688	0.12416	0.02681	0.33860	0.01407	0.06400	0.02097	0.04006	0.08208	0.04027	0.04498	0.04330	0.00794	0.00677	0.00213	0.00746	0.03052	0.00430	0.00958
1	0.01354	0.03228	0.65047	0.02036	0.07972	0.01526	0.02379	0.02088	0.01443	0.02151	0.03848	0.01569	0.01070	0.00662	0.00645	0.00211	0.00952	0.00530	0.00304	0.00984
2	0.07509	0.05609	0.48376	0.01651	0.02460	0.01546	0.01957	0.06909	0.03831	0.08980	0.01591	0.01694	0.03567	0.00711	0.00626	0.00209	0.00850	0.00547	0.00397	0.00978
3	0.06623	0.04927	0.19615	0.04147	0.04574	0.22214	0.12741	0.03691	0.01643	0.08588	0.01395	0.04338	0.01100	0.00715	0.00648	0.00202	0.00964	0.00592	0.00392	0.00891
4	0.02281	0.01438	0.01582	0.01273	0.01678	0.04343	0.01005	0.29602	0.06837	0.22467	0.04717	0.02458	0.01760	0.14107	0.01156	0.00283	0.00666	0.00715	0.00659	0.00973
5	0.00877	0.00672	0.00909	0.01136	0.06246	0.00626	0.00714	0.01022	0.01336	0.01762	0.03934	0.61124	0.13267	0.01936	0.00834	0.00261	0.00413	0.01744	0.00601	0.00586
6	0.01769	0.01422	0.01593	0.01189	0.01753	0.01314	0.00962	0.22962	0.06647	0.02861	0.01426	0.01535	0.01111	0.00620	0.00563	0.00140	0.00574	0.00486	0.00502	0.50572
7	0.01267	0.01193	0.02013	0.74806	0.04621	0.01491	0.01863	0.01714	0.01342	0.01714	0.01193	0.01789	0.00894	0.00671	0.00671	0.00224	0.00894	0.00596	0.00298	0.00745
8	0.01697	0.01552	0.02507	0.03616	0.60089	0.01572	0.01860	0.08608	0.01646	0.02325	0.01359	0.01858	0.01173	0.06238	0.00869	0.00233	0.00781	0.00626	0.00371	0.01022
9	0.01475	0.10242	0.09202	0.02187	0.12522	0.01573	0.24924	0.02096	0.10064	0.02164	0.06734	0.04575	0.07582	0.00816	0.00707	0.00212	0.00805	0.00798	0.00429	0.00892
10	0.01221	0.03710	0.06065	0.04041	0.01406	0.03688	0.00899	0.01438	0.01240	0.06856	0.02297	0.07742	0.07081	0.19095	0.29546	0.00644	0.01105	0.00856	0.00430	0.00640
11	0.01041	0.00829	0.05484	0.01047	0.01194	0.00666	0.00815	0.01230	0.01367	0.07031	0.03446	0.58809	0.03944	0.01889	0.00836	0.00268	0.00464	0.08401	0.00616	0.00625
12	0.02177	0.01163	0.01349	0.01136	0.01505	0.06303	0.00903	0.06174	0.01892	0.37837	0.15493	0.09380	0.07173	0.01116	0.00722	0.00216	0.00553	0.03259	0.00731	0.00917
13	0.01586	0.01518	0.02609	0.21977	0.47422	0.01592	0.07003	0.04358	0.01541	0.02138	0.01264	0.01703	0.01019	0.00621	0.00676	0.00208	0.00845	0.00612	0.00336	0.00973
14	0.01770	0.50054	0.12514	0.01277	0.01906	0.02243	0.01302	0.09425	0.01570	0.02012	0.01073	0.01217	0.00905	0.00599	0.00492	0.00154	0.00732	0.00409	0.00341	0.10004
15	0.04218	0.15657	0.13327	0.02019	0.14562	0.05208	0.04327	0.25326	0.04393	0.02783	0.01347	0.01499	0.01033	0.00685	0.00616	0.00193	0.00808	0.00540	0.00447	0.01013
16	0.00801	0.00669	0.00699	0.00716	0.00918	0.00566	0.00528	0.00970	0.01513	0.01832	0.08718	0.14639	0.61658	0.01736	0.00800	0.00231	0.00345	0.01467	0.00627	0.00566
17	0.01035	0.00707	0.00910	0.01021	0.03529	0.00660	0.00690	0.01259	0.03754	0.06436	0.08768	0.48068	0.14712	0.01774	0.00806	0.00249	0.00405	0.01580	0.03008	0.00631
18	0.01889	0.06569	0.14257	0.02756	0.33314	0.01580	0.06759	0.04608	0.01616	0.15434	0.01498	0.01703	0.01121	0.00670	0.00707	0.00205	0.03259	0.00594	0.00426	0.01034
19	0.12466	0.08778	0.17573	0.12897	0.13452	0.03839	0.08611	0.02181	0.01474	0.10681	0.01335	0.01573	0.00990	0.00646	0.00617	0.00205	0.00828	0.00546	0.00385	0.00921
20	0.01149	0.00892	0.01498	0.01350	0.01571	0.00832	0.14514	0.01393	0.01442	0.06651	0.05462	0.44651	0.05711	0.01647	0.00834	0.00259	0.00569	0.08321	0.00583	0.00668
21	0.01730	0.05259	0.25713	0.02183	0.06700	0.08320	0.23414	0.04472	0.06951	0.06591	0.01450	0.01667	0.01069	0.00653	0.00684	0.00210	0.00965	0.00619	0.00387	0.00963
22	0.04006	0.04447	0.25283	0.01830	0.06819	0.04014	0.10257	0.08010	0.06650	0.06422	0.03276	0.04207	0.04372	0.01101	0.06089	0.00276	0.00902	0.00681	0.00434	0.00924
23	0.01267	0.01193	0.02013	0.74806	0.04621	0.01491	0.01863	0.01714	0.01342	0.01714	0.01193	0.01789	0.00894	0.00671	0.00671	0.00224	0.00894	0.00596	0.00298	0.00745
24	0.01482	0.05830	0.60749	0.01817	0.02714	0.04050	0.02244	0.02277	0.06097	0.04654	0.01342	0.01501	0.00960	0.00662	0.00633	0.00210	0.00944	0.00513	0.00332	0.00990
25	0.01854	0.06876	0.11479	0.04702	0.02179	0.04270	0.07906	0.19830	0.14426	0.06940	0.01961	0.05921	0.02998	0.03122	0.00753	0.00223	0.00747	0.00715	0.02138	0.00958
26	0.01847	0.01585	0.04534	0.19427	0.34932	0.04217	0.03700	0.07256	0.01674	0.12145	0.01460	0.01754	0.01099	0.00667	0.00668	0.00206	0.00814	0.00605	0.00419	0.00990
27	0.01267	0.01193	0.02013	0.74806	0.04621	0.01491	0.01863	0.01714	0.01342	0.01714	0.01193	0.01789	0.00894	0.00671	0.00671	0.00224	0.00894	0.00596	0.00298	0.00745
28	0.01785	0.04907	0.15518	0.04396	0.17051	0.03755	0.09977	0.06780	0.04274	0.12333	0.06267	0.04235	0.01574	0.00782	0.00733	0.00211	0.03310	0.00686	0.00463	0.00964
29	0.01800	0.04869	0.28391	0.02035	0.06749	0.07306	0.17356	0.02370	0.03852	0.13949	0.01687	0.01831	0.03293	0.00695	0.00677	0.00209	0.00914	0.00627	0.00420	0.00969
30	0.00940	0.00730	0.01052	0.10963	0.04388	0.00739	0.00893	0.01135	0.01338	0.01768	0.03347	0.53370	0.05906	0.01810	0.00830	0.00266	0.00497	0.08861	0.00567	0.00601
31	0.01841	0.01643	0.06985	0.16995	0.13098	0.04142	0.12308	0.13622	0.01831	0.11148	0.01701	0.02311	0.01355	0.00798	0.00709	0.00220	0.00842	0.07041	0.00470	0.00939
32	0.01701	0.08462	0.08362	0.03999	0.24864	0.08421	0.05691	0.03607	0.01581	0.08309	0.01831	0.11847	0.01706	0.00924	0.00689	0.00214	0.00781	0.05674	0.00436	0.00902
33	0.01581	0.06564	0.36426	0.02096	0.09941	0.05734	0.11103	0.08574	0.01664	0.02289	0.04029	0.01803	0.03780	0.00706	0.00663	0.00206	0.00915	0.00606	0.00366	0.00954
34	0.00990	0.00727	0.00944	0.00939	0.00980	0.00804	0.00644	0.01088	0.01046	0.01450	0.02104	0.11807	0.02316	0.40484	0.24378	0.00710	0.06700	0.00974	0.00408	0.00506
35	0.07360	0.01635	0.04408	0.06165	0.11078	0.06860	0.05805	0.17305	0.09151	0.12650	0.04057	0.02063	0.04080	0.00846	0.00731	0.02920	0.00731	0.00658	0.00540	0.00957
36	0.01764	0.07183	0.02511	0.08004	0.45790	0.04134	0.01775	0.06222	0.06852	0.04570	0.01389	0.01685	0.01122	0.00668	0.00702	0.00202	0.03436	0.00589	0.00389	0.01012
37	0.01029	0.00766	0.00926	0.02654	0.03436	0.00740	0.00652	0.01307	0.06120	0.03621	0.17060	0.13657	0.21359	0.21967	0.01500	0.00344	0.00473	0.01209	0.00578	0.00601
38	0.00835	0.00618	0.00774	0.00868	0.00957	0.00564	0.00596	0.00985	0.01402	0.01848	0.13197	0.51235	0.17447	0.04232	0.00915	0.00267	0.00378	0.01694	0.00631	0.00556
39	0.01788	0.01766	0.09359	0.12865	0.07490	0.04169	0.09059	0.17365	0.17174	0.04968	0.03649	0.04180	0.01499	0.00801	0.00690	0.00216	0.00779	0.00698	0.00511	0.00973

[dist]
# distance from previous block
# <min> <max>
4	9

[block]
# block no. 2 follows, 32 sequences, length 44
# corresponding to MSA columns:
# 223-266
name=unknown_C
#
# <colnr> <probs for GDERKNQSTAVLIFYWHMCP>
#	G	D	E	R	K	N	Q	S	T	A	V	L	I	F	Y	W	H	M	C	P
0	0.03933	0.24821	0.13068	0.01669	0.07306	0.18266	0.05413	0.02100	0.01538	0.01890	0.03333	0.01594	0.03782	0.00672	0.00570	0.00172	0.00850	0.00508	0.00346	0.08168
1	0.07574	0.07846	0.11525	0.01355	0.01812	0.05132	0.10466	0.01745	0.01502	0.05893	0.07849	0.12863	0.13564	0.01057	0.00681	0.00208	0.00661	0.00915	0.00481	0.06871
2	0.05336	0.12772	0.12014	0.02141	0.13675	0.07296	0.13645	0.10097	0.03632	0.03664	0.01277	0.01519	0.01003	0.00667	0.00712	0.00198	0.04894	0.00559	0.00385	0.04515
3	0.01970	0.30085	0.08624	0.07617	0.02318	0.03753	0.10447	0.07986	0.01678	0.15167	0.03333	0.01641	0.01204	0.00678	0.00596	0.00186	0.00787	0.00552	0.00442	0.00936
4	0.01167	0.03856	0.11180	0.01275	0.04177	0.00964	0.01088	0.04035	0.04147	0.03918	0.03410	0.28594	0.12535	0.01550	0.00791	0.00252	0.00565	0.15221	0.00561	0.00715
5	0.06048	0.21764	0.28406	0.01792	0.07228	0.04011	0.07528	0.03926	0.01511	0.07952	0.01261	0.01432	0.00955	0.00630	0.00586	0.00190	0.00845	0.00499	0.00360	0.03078
6	0.01067	0.00799	0.00978	0.03102	0.01223	0.00804	0.00750	0.06180	0.06008	0.02037	0.08705	0.33835	0.11725	0.10402	0.01120	0.00301	0.00484	0.09246	0.00604	0.00629
7	0.08250	0.01098	0.01408	0.01113	0.01575	0.00997	0.00911	0.02959	0.03765	0.56930	0.05125	0.02329	0.01789	0.00834	0.00643	0.00204	0.00534	0.00671	0.07820	0.01045
8	0.01499	0.01277	0.01360	0.01301	0.03519	0.04076	0.00961	0.08776	0.36581	0.02568	0.06823	0.17335	0.08655	0.01212	0.00728	0.00230	0.00527	0.01036	0.00645	0.00890
9	0.01886	0.10475	0.10270	0.03742	0.11854	0.06559	0.04449	0.17674	0.01885	0.07092	0.01526	0.06406	0.01264	0.00755	0.00629	0.00187	0.00761	0.00622	0.00460	0.11504
10	0.00959	0.00719	0.01078	0.01078	0.01198	0.00839	0.00839	0.01198	0.01078	0.01558	0.01797	0.02636	0.01677	0.05032	0.73760	0.01078	0.01797	0.00719	0.00359	0.00599
11	0.00824	0.00589	0.00784	0.00930	0.00975	0.00549	0.00623	0.00951	0.01315	0.01761	0.07050	0.72492	0.04531	0.02066	0.00853	0.00269	0.00386	0.01873	0.00629	0.00549
12	0.00963	0.00717	0.00853	0.00876	0.01042	0.00667	0.00641	0.01273	0.06287	0.03948	0.20013	0.28483	0.26572	0.01684	0.00806	0.00240	0.00378	0.03275	0.00659	0.00625
13	0.01267	0.01193	0.02013	0.74806	0.04621	0.01491	0.01863	0.01714	0.01342	0.01714	0.01193	0.01789	0.00894	0.00671	0.00671	0.00224	0.00894	0.00596	0.00298	0.00745
14	0.00890	0.00628	0.00851	0.00920	0.01000	0.00604	0.00647	0.01057	0.01423	0.01956	0.23550	0.43181	0.04528	0.02209	0.08654	0.04695	0.00527	0.01504	0.00611	0.00563
15	0.01323	0.01267	0.02166	0.62544	0.10262	0.01531	0.05029	0.01760	0.01357	0.01772	0.01194	0.01766	0.00914	0.00679	0.00735	0.00224	0.03788	0.00605	0.00303	0.00780
16	0.02252	0.01665	0.01792	0.05423	0.02055	0.04960	0.01200	0.37540	0.18883	0.11011	0.02024	0.04820	0.01517	0.00872	0.00679	0.00211	0.00687	0.00692	0.00655	0.01061
17	0.04743	0.01159	0.01087	0.00963	0.01233	0.07234	0.00749	0.16733	0.01832	0.04776	0.02002	0.05748	0.01613	0.00839	0.00548	0.00177	0.00502	0.00659	0.46636	0.00766
18	0.00820	0.00596	0.00774	0.00908	0.00968	0.00550	0.00613	0.00949	0.01329	0.01756	0.06382	0.67065	0.10740	0.02039	0.00848	0.00266	0.00382	0.01838	0.00627	0.00550
19	0.01551	0.01483	0.02526	0.23760	0.53447	0.01566	0.02005	0.01963	0.01476	0.02059	0.01243	0.01696	0.01016	0.00618	0.00666	0.00206	0.00824	0.00597	0.00323	0.00975
20	0.02509	0.03109	0.01909	0.01716	0.02075	0.68902	0.01295	0.07211	0.01986	0.01816	0.01076	0.01237	0.00883	0.00699	0.00609	0.00175	0.01178	0.00444	0.00368	0.00802
21	0.81159	0.01298	0.00986	0.00882	0.01298	0.01505	0.00727	0.01972	0.01142	0.03010	0.00934	0.01090	0.00727	0.00623	0.00415	0.00208	0.00519	0.00363	0.00415	0.00727
22	0.01029	0.00675	0.00793	0.00788	0.00827	0.00676	0.00485	0.01073	0.01053	0.03416	0.02340	0.04385	0.05148	0.63046	0.08699	0.00643	0.00725	0.03311	0.00431	0.00457
23	0.05570	0.05022	0.10234	0.01491	0.02006	0.19425	0.03197	0.17530	0.06281	0.06356	0.01537	0.05341	0.01241	0.00768	0.00621	0.00187	0.00814	0.00587	0.00480	0.11312
24	0.00997	0.03826	0.04947	0.01032	0.01219	0.00799	0.02754	0.04321	0.01462	0.01935	0.08653	0.46834	0.13397	0.03484	0.00864	0.00257	0.00466	0.01537	0.00589	0.00626
25	0.07355	0.05521	0.23124	0.01872	0.08727	0.04366	0.06302	0.15553	0.03256	0.07759	0.03364	0.03182	0.01241	0.00758	0.00725	0.00210	0.04666	0.00601	0.00448	0.00970
26	0.01721	0.64927	0.14775	0.01272	0.01914	0.02477	0.01364	0.02028	0.01372	0.01667	0.00977	0.01132	0.00859	0.00584	0.00464	0.00155	0.00762	0.00381	0.00286	0.00882
27	0.02931	0.01270	0.01636	0.01255	0.01777	0.01176	0.01036	0.14858	0.02135	0.60807	0.02467	0.02167	0.01571	0.00826	0.00674	0.00207	0.00600	0.00662	0.00803	0.01142
28	0.01555	0.01719	0.05495	0.16386	0.05259	0.01633	0.51671	0.02093	0.01540	0.03877	0.01353	0.01803	0.01007	0.00595	0.00759	0.00224	0.01060	0.00739	0.00342	0.00887
29	0.00986	0.00657	0.00765	0.00765	0.00784	0.00670	0.00456	0.01026	0.01006	0.01383	0.02083	0.04117	0.02325	0.65311	0.10888	0.00675	0.00759	0.00932	0.03976	0.00437
30	0.02179	0.02673	0.01727	0.01591	0.01889	0.58297	0.01200	0.02366	0.01727	0.01624	0.01198	0.01512	0.01036	0.01610	0.16090	0.00365	0.01334	0.00493	0.00349	0.00740
31	0.02842	0.01413	0.01725	0.01322	0.01848	0.01388	0.01092	0.27763	0.02374	0.47565	0.02267	0.02037	0.01470	0.00821	0.00673	0.00205	0.00632	0.00649	0.00772	0.01142
32	0.01341	0.01314	0.05208	0.21701	0.19514	0.01305	0.08147	0.04361	0.01469	0.01993	0.01862	0.12936	0.01803	0.03570	0.04588	0.00289	0.00835	0.06555	0.00405	0.00806
33	0.01206	0.01036	0.01584	0.03721	0.04756	0.01234	0.05696	0.03343	0.01192	0.01731	0.01547	0.02311	0.01432	0.06839	0.40327	0.00715	0.17469	0.00693	0.02486	0.00681
34	0.01012	0.00755	0.01068	0.01048	0.01144	0.00882	0.00797	0.01213	0.01077	0.01574	0.01804	0.02813	0.01740	0.15286	0.54307	0.00910	0.06555	0.00744	0.04691	0.00581
35	0.00959	0.00637	0.00843	0.00953	0.01035	0.00595	0.00669	0.01105	0.01362	0.05260	0.06726	0.58515	0.06329	0.04761	0.00945	0.00282	0.00423	0.07392	0.00630	0.00580
36	0.01427	0.06863	0.47829	0.02306	0.15566	0.01599	0.07839	0.02065	0.01452	0.02098	0.01423	0.01665	0.03571	0.00661	0.00650	0.00208	0.00928	0.00566	0.00310	0.00975
37	0.01360	0.01321	0.03420	0.01776	0.05179	0.04408	0.21809	0.01884	0.09005	0.03627	0.08367	0.12339	0.06185	0.01533	0.08636	0.00326	0.00862	0.06681	0.00497	0.00786
38	0.01443	0.05170	0.45703	0.08141	0.02879	0.07378	0.09600	0.02059	0.01466	0.02015	0.01387	0.04641	0.01131	0.00739	0.00668	0.00216	0.00970	0.03166	0.00322	0.00908
39	0.01352	0.01242	0.09096	0.01276	0.01592	0.01066	0.03762	0.03918	0.12617	0.08422	0.04759	0.20984	0.07782	0.01698	0.07349	0.00321	0.02842	0.08564	0.00574	0.00784
40	0.01512	0.01750	0.12029	0.19455	0.29427	0.03394	0.07628	0.04558	0.03333	0.02134	0.02982	0.04024	0.03346	0.00728	0.00684	0.00212	0.00841	0.00675	0.00366	0.00924
41	0.00969	0.00810	0.00872	0.00993	0.01057	0.06806	0.00671	0.01085	0.01324	0.01688	0.03400	0.66402	0.04043	0.05290	0.00949	0.00281	0.00471	0.01740	0.00590	0.00559
42	0.01665	0.03600	0.05858	0.06885	0.25320	0.03446	0.21509	0.04235	0.07527	0.05668	0.01634	0.06667	0.01358	0.00740	0.00708	0.00215	0.00855	0.00743	0.00413	0.00955
43	0.04683	0.04802	0.05521	0.01273	0.01786	0.04107	0.01101	0.12845	0.01948	0.38689	0.02180	0.04347	0.01588	0.00857	0.00655	0.00201	0.00640	0.04274	0.00667	0.07835

[dist]
# distance from previous block
# <min> <max>
4	12

[block]
# block no. 3 follows, 32 sequences, length 46
# corresponding to MSA columns:
# 279-324
name=unknown_D
#
# <colnr> <probs for GDERKNQSTAVLIFYWHMCP>
#	G	D	E	R	K	N	Q	S	T	A	V	L	I	F	Y	W	H	M	C	P
0	0.01714	0.04611	0.06769	0.02726	0.26589	0.04247	0.18518	0.10829	0.04865	0.02367	0.01465	0.04390	0.01215	0.00851	0.03067	0.00239	0.03487	0.00684	0.00399	0.00967
1	0.00932	0.00727	0.01073	0.01112	0.01225	0.00695	0.05890	0.01172	0.04002	0.01848	0.06170	0.59802	0.04122	0.01894	0.00848	0.00268	0.00464	0.06548	0.00608	0.00601
2	0.01721	0.04695	0.16551	0.09577	0.13323	0.07376	0.13535	0.08204	0.05767	0.05345	0.04189	0.01794	0.01267	0.00708	0.00721	0.00210	0.03039	0.00627	0.00407	0.00943
3	0.01397	0.05202	0.13694	0.04494	0.13481	0.03380	0.06309	0.04271	0.06541	0.03669	0.07969	0.20889	0.02438	0.01110	0.00722	0.00225	0.00692	0.02196	0.00483	0.00839
4	0.00813	0.00624	0.00746	0.00836	0.00949	0.00556	0.00581	0.00957	0.01399	0.01786	0.07327	0.47332	0.29838	0.01925	0.00830	0.00253	0.00368	0.01698	0.00627	0.00556
5	0.04260	0.12845	0.09111	0.02379	0.24805	0.10397	0.05588	0.02134	0.01504	0.07890	0.01379	0.04367	0.01164	0.00885	0.03400	0.00233	0.05765	0.00597	0.00377	0.00921
6	0.07361	0.06582	0.25723	0.02130	0.13154	0.04239	0.11344	0.06768	0.06531	0.04906	0.01471	0.04237	0.01161	0.00708	0.00649	0.00209	0.00853	0.00616	0.00397	0.00961
7	0.01442	0.04524	0.01315	0.01125	0.01420	0.01249	0.00878	0.02517	0.36173	0.05319	0.15381	0.08747	0.05776	0.01116	0.00697	0.00220	0.00467	0.03071	0.07697	0.00867
8	0.01736	0.01253	0.01390	0.01190	0.01546	0.01345	0.00940	0.17467	0.26613	0.08919	0.17599	0.03130	0.08111	0.01034	0.00701	0.00213	0.00509	0.00859	0.04509	0.00935
9	0.01909	0.18343	0.19834	0.04513	0.07873	0.05561	0.03755	0.11478	0.08058	0.10180	0.01500	0.01600	0.01115	0.00691	0.00612	0.00195	0.00806	0.00543	0.00443	0.00989
10	0.01400	0.01255	0.03990	0.04050	0.16112	0.04598	0.01167	0.06830	0.06731	0.04798	0.02808	0.30124	0.08381	0.01331	0.00794	0.00235	0.02899	0.01164	0.00533	0.00799
11	0.00835	0.00613	0.00784	0.00885	0.00969	0.00562	0.00609	0.00991	0.01416	0.01882	0.14959	0.55027	0.14142	0.01930	0.00837	0.00256	0.00371	0.01729	0.00641	0.00562
12	0.02241	0.27733	0.02445	0.01536	0.01948	0.48097	0.01251	0.02427	0.01699	0.01620	0.00998	0.01172	0.00864	0.00665	0.00589	0.00166	0.03006	0.00412	0.00325	0.00804
13	0.01906	0.01857	0.11180	0.02691	0.30634	0.01680	0.06550	0.17247	0.07049	0.07817	0.01537	0.01732	0.01162	0.00705	0.00723	0.00209	0.03185	0.00617	0.00463	0.01055
14	0.02444	0.01791	0.01885	0.01478	0.01982	0.04462	0.01209	0.54687	0.08499	0.08940	0.01953	0.01902	0.03914	0.00846	0.00675	0.00204	0.00711	0.00646	0.00670	0.01100
15	0.01223	0.01007	0.01105	0.01029	0.01288	0.01065	0.00779	0.02170	0.31670	0.02450	0.22070	0.05857	0.19351	0.04861	0.00872	0.00244	0.00432	0.01068	0.00669	0.00791
16	0.05964	0.01936	0.07847	0.01508	0.02062	0.01952	0.01319	0.58476	0.02848	0.03928	0.01569	0.01607	0.01121	0.00782	0.00649	0.00201	0.00732	0.00585	0.03824	0.01089
17	0.00976	0.00651	0.00732	0.00732	0.00732	0.00651	0.00407	0.00976	0.00976	0.01301	0.02114	0.04391	0.02439	0.76419	0.03415	0.00651	0.00651	0.00976	0.00407	0.00407
18	0.05925	0.26813	0.02367	0.01442	0.01894	0.30863	0.01197	0.11795	0.07956	0.02146	0.01227	0.01330	0.00999	0.00685	0.00555	0.00174	0.00892	0.00457	0.00404	0.00878
19	0.02506	0.03198	0.01901	0.01729	0.02074	0.73725	0.01296	0.02679	0.01901	0.01642	0.01037	0.01210	0.00864	0.00691	0.00605	0.00173	0.01210	0.00432	0.00346	0.00778
20	0.01640	0.01603	0.02593	0.13738	0.60167	0.04434	0.02002	0.02036	0.01517	0.02105	0.01244	0.01660	0.01032	0.00612	0.00663	0.00202	0.00827	0.00591	0.00328	0.01008
21	0.00979	0.00766	0.00881	0.00956	0.00997	0.04149	0.00636	0.01058	0.01211	0.01583	0.02960	0.48380	0.03494	0.21198	0.01618	0.02689	0.03896	0.01498	0.00529	0.00522
22	0.01566	0.12915	0.30296	0.04664	0.10068	0.06832	0.09660	0.03690	0.01515	0.02078	0.03406	0.01609	0.01116	0.00673	0.00678	0.00200	0.03403	0.00555	0.04163	0.00913
23	0.00813	0.00602	0.00760	0.00886	0.00961	0.00549	0.00601	0.00940	0.01331	0.01732	0.04286	0.62798	0.17241	0.02026	0.00844	0.00264	0.00380	0.01814	0.00623	0.00549
24	0.12183	0.00911	0.00968	0.00932	0.01173	0.00947	0.00739	0.01576	0.10181	0.02247	0.11725	0.04744	0.30845	0.01362	0.00800	0.00232	0.04287	0.09065	0.04408	0.00676
25	0.13768	0.01457	0.05289	0.21385	0.23528	0.01435	0.05107	0.02093	0.01459	0.11144	0.01368	0.01666	0.01027	0.00644	0.00624	0.00203	0.00758	0.00564	0.00402	0.06078
26	0.01065	0.00849	0.01165	0.01109	0.01165	0.01024	0.00830	0.01207	0.01044	0.01497	0.01771	0.05542	0.01843	0.25909	0.34829	0.00756	0.16647	0.00812	0.00370	0.00566
27	0.00835	0.00676	0.00751	0.00769	0.00959	0.00592	0.00577	0.01026	0.01532	0.01909	0.14112	0.13913	0.50613	0.01833	0.03472	0.00265	0.00409	0.04555	0.00627	0.00576
28	0.02461	0.04454	0.02031	0.01517	0.02044	0.02071	0.01256	0.62894	0.07933	0.04035	0.01667	0.01656	0.01196	0.00805	0.00664	0.00201	0.00723	0.00607	0.00659	0.01126
29	0.01669	0.09869	0.32127	0.03671	0.05120	0.01583	0.11221	0.06348	0.01588	0.08792	0.01358	0.01545	0.00995	0.00631	0.00628	0.00192	0.00857	0.00541	0.00383	0.10882
30	0.08324	0.07159	0.31738	0.01892	0.04911	0.01710	0.12880	0.14706	0.01772	0.06709	0.01352	0.01527	0.00976	0.00662	0.00641	0.00207	0.00880	0.00558	0.00409	0.00986
31	0.01432	0.12861	0.52993	0.05297	0.02769	0.01713	0.04443	0.02193	0.06327	0.02082	0.01281	0.01479	0.00944	0.00648	0.00620	0.00205	0.00923	0.00511	0.00315	0.00965
32	0.01545	0.01476	0.02514	0.24928	0.52329	0.01564	0.02002	0.01958	0.01473	0.02051	0.01242	0.01698	0.01013	0.00619	0.00666	0.00206	0.00826	0.00597	0.00322	0.00969
