[name]
unknown

[dist]
# distance from previous block
# <min> <max>
0	0

[block]
# block no. 0 follows, 31 sequences, length 28
# corresponding to MSA columns:
# 0-27
name=unknown_A
#
# <colnr> <probs for GDERKNQSTAVLIFYWHMCP>
#	G	D	E	R	K	N	Q	S	T	A	V	L	I	F	Y	W	H	M	C	P
0	0.01102	0.00787	0.01102	0.01260	0.01417	0.00787	0.01102	0.01417	0.01575	0.02047	0.03622	0.07717	0.03937	0.01890	0.00945	0.00315	0.00630	0.67084	0.00630	0.00630
1	0.00820	0.00675	0.00722	0.00750	0.00941	0.00576	0.00547	0.00990	0.01528	0.01867	0.09102	0.19620	0.55904	0.01796	0.00821	0.00239	0.00355	0.01530	0.00640	0.00576
2	0.04802	0.01332	0.01294	0.01182	0.01471	0.09242	0.00889	0.02463	0.26747	0.09663	0.05220	0.07697	0.08437	0.11701	0.04538	0.00326	0.00667	0.00891	0.00600	0.00835
3	0.01980	0.56105	0.06269	0.01332	0.01893	0.14977	0.01265	0.05989	0.01592	0.01799	0.01021	0.01168	0.00894	0.00623	0.00493	0.00158	0.00833	0.00399	0.00325	0.00885
4	0.05672	0.01639	0.02236	0.22872	0.06584	0.05696	0.10435	0.17452	0.06546	0.02566	0.01398	0.01716	0.01068	0.00748	0.00806	0.00219	0.06962	0.00617	0.00437	0.04329
5	0.01366	0.01024	0.01461	0.08649	0.05132	0.01111	0.04337	0.08132	0.01423	0.05792	0.02011	0.10988	0.02002	0.22629	0.16735	0.00535	0.04615	0.00906	0.00456	0.00696
6	0.00971	0.00710	0.00806	0.00772	0.00985	0.00621	0.00583	0.01209	0.01709	0.04780	0.30528	0.05707	0.41705	0.01536	0.00789	0.00221	0.00345	0.01305	0.04093	0.00627
7	0.01397	0.00911	0.01260	0.01250	0.05198	0.00862	0.03751	0.06125	0.01688	0.12613	0.16300	0.30538	0.08997	0.04712	0.00914	0.00258	0.00498	0.01330	0.00654	0.00745
8	0.01729	0.08113	0.10459	0.04079	0.09590	0.01764	0.24378	0.09737	0.06866	0.04916	0.01582	0.05387	0.01286	0.00777	0.00823	0.00223	0.06179	0.00726	0.00427	0.00958
9	0.01885	0.01531	0.08750	0.11656	0.05847	0.01372	0.09415	0.14193	0.01865	0.16729	0.02179	0.06886	0.05349	0.01070	0.03827	0.00256	0.00794	0.00778	0.04679	0.00939
10	0.00879	0.00642	0.00753	0.00819	0.00895	0.00596	0.00534	0.00974	0.01272	0.01637	0.04062	0.34883	0.21057	0.25847	0.01698	0.00390	0.00470	0.01510	0.00564	0.00516
11	0.01750	0.15706	0.22539	0.03980	0.10703	0.05036	0.13994	0.06948	0.04138	0.04764	0.01335	0.01572	0.01023	0.00669	0.00694	0.00205	0.03024	0.00574	0.00372	0.00975
12	0.03720	0.06126	0.17699	0.07339	0.02443	0.04228	0.08906	0.14288	0.01862	0.10111	0.08906	0.02010	0.01629	0.00819	0.00808	0.00218	0.06800	0.00658	0.00484	0.00944
13	0.00880	0.00696	0.00792	0.00768	0.00968	0.00608	0.00576	0.01120	0.01728	0.02248	0.35681	0.05926	0.42411	0.01584	0.00808	0.00224	0.00336	0.01352	0.00688	0.00608
14	0.01928	0.37337	0.04492	0.01399	0.01908	0.12550	0.02745	0.06541	0.20500	0.02148	0.01526	0.01574	0.01230	0.00712	0.00563	0.00181	0.00770	0.00517	0.00436	0.00943
15	0.04975	0.04493	0.13397	0.16613	0.12946	0.03855	0.05195	0.04066	0.05300	0.04648	0.01651	0.05461	0.03663	0.00851	0.00867	0.00228	0.09824	0.00684	0.00395	0.00888
16	0.02034	0.09627	0.09328	0.02143	0.10540	0.13090	0.15282	0.19800	0.02025	0.04174	0.01380	0.01613	0.01063	0.00875	0.03793	0.00239	0.00982	0.00598	0.00436	0.00980
17	0.00834	0.00595	0.00794	0.00953	0.00992	0.00556	0.00635	0.00953	0.01310	0.01746	0.03771	0.75510	0.04525	0.02143	0.00873	0.00278	0.00397	0.01945	0.00635	0.00556
18	0.01426	0.03241	0.62182	0.01925	0.02857	0.01577	0.05646	0.05450	0.01564	0.02301	0.04589	0.01648	0.01155	0.00690	0.00667	0.00217	0.00973	0.00561	0.00333	0.00997
19	0.01516	0.01512	0.10791	0.01444	0.03840	0.04597	0.04504	0.09614	0.10490	0.06905	0.07544	0.26466	0.05284	0.01298	0.00759	0.00236	0.00631	0.01138	0.00588	0.00844
20	0.06198	0.01516	0.04451	0.01634	0.04779	0.01484	0.12578	0.21240	0.06885	0.11877	0.05932	0.02458	0.05092	0.05627	0.00871	0.00242	0.00711	0.00752	0.04721	0.00953
21	0.00924	0.00666	0.00831	0.00935	0.00988	0.00652	0.00615	0.01133	0.05644	0.01725	0.03353	0.55251	0.03922	0.18289	0.01435	0.00360	0.00465	0.01662	0.00590	0.00558
22	0.01642	0.01769	0.11710	0.08205	0.06830	0.01485	0.34991	0.02139	0.01537	0.09910	0.01565	0.02021	0.01202	0.04050	0.07513	0.00322	0.01076	0.00730	0.00396	0.00908
23	0.01655	0.01760	0.12043	0.12416	0.09870	0.03984	0.17184	0.06737	0.01643	0.08079	0.05044	0.05378	0.01576	0.05883	0.00963	0.00253	0.03449	0.00758	0.00433	0.00890
24	0.01282	0.01004	0.05047	0.05185	0.01449	0.00913	0.00891	0.06294	0.01557	0.06845	0.13431	0.16092	0.12807	0.05525	0.03813	0.09241	0.03528	0.01083	0.03341	0.00671
25	0.08543	0.04990	0.01762	0.01340	0.01804	0.01542	0.03518	0.23067	0.12047	0.18077	0.04207	0.08551	0.01812	0.00927	0.00670	0.00211	0.00624	0.00757	0.00653	0.04898
26	0.01301	0.03562	0.01360	0.06700	0.01597	0.00981	0.04630	0.08869	0.01577	0.06041	0.06182	0.40266	0.03228	0.05429	0.01025	0.04067	0.00559	0.01358	0.00578	0.00690
27	0.14211	0.17296	0.02042	0.03932	0.01813	0.05122	0.06732	0.07479	0.01583	0.05673	0.05817	0.04796	0.05492	0.05000	0.00828	0.00222	0.03866	0.00671	0.00455	0.06972

[dist]
# distance from previous block
# <min> <max>
3	18

[block]
# block no. 1 follows, 31 sequences, length 29
# corresponding to MSA columns:
# 46-74
name=unknown_B
#
# <colnr> <probs for GDERKNQSTAVLIFYWHMCP>
#	G	D	E	R	K	N	Q	S	T	A	V	L	I	F	Y	W	H	M	C	P
0	0.05093	0.13559	0.16421	0.11711	0.06258	0.08555	0.11123	0.08317	0.08341	0.02284	0.01369	0.01603	0.01051	0.00679	0.00641	0.00205	0.00897	0.00570	0.00389	0.00937
1	0.04488	0.08569	0.06987	0.04962	0.08643	0.17410	0.01352	0.17084	0.04017	0.02429	0.01669	0.04831	0.03595	0.01336	0.09364	0.00308	0.00976	0.00639	0.00449	0.00893
2	0.04566	0.10178	0.13324	0.14500	0.04002	0.01570	0.04173	0.08588	0.07763	0.10850	0.04017	0.05777	0.01545	0.01074	0.04900	0.00265	0.00820	0.00687	0.00480	0.00920
3	0.01555	0.09145	0.17889	0.02250	0.12390	0.04689	0.18418	0.02177	0.08677	0.02113	0.01658	0.09497	0.01458	0.00834	0.00771	0.00222	0.04175	0.00764	0.00393	0.00925
4	0.01025	0.00748	0.00924	0.00992	0.01107	0.00727	0.00696	0.08218	0.01561	0.02071	0.06829	0.58675	0.09955	0.01935	0.00845	0.00263	0.00427	0.01730	0.00646	0.00626
5	0.06576	0.01801	0.13662	0.02095	0.08699	0.01487	0.22309	0.07812	0.07005	0.06089	0.03429	0.12353	0.01741	0.00899	0.00731	0.00228	0.00823	0.00861	0.00473	0.00927
6	0.01603	0.01611	0.08969	0.14178	0.10034	0.05018	0.03640	0.11344	0.01794	0.04862	0.11320	0.05005	0.05009	0.00891	0.00745	0.00207	0.03268	0.00750	0.00482	0.09272
7	0.01154	0.00826	0.03285	0.01030	0.01191	0.00730	0.00770	0.04724	0.01516	0.08178	0.08750	0.51760	0.06343	0.01974	0.04062	0.00296	0.00508	0.01593	0.00642	0.00665
8	0.01828	0.02166	0.03561	0.02629	0.03244	0.17938	0.53812	0.02314	0.01688	0.02074	0.01310	0.01707	0.01003	0.00606	0.00764	0.00218	0.01172	0.00724	0.00347	0.00893
9	0.01782	0.29780	0.23222	0.04633	0.04907	0.15400	0.03602	0.02184	0.01503	0.01831	0.01084	0.01317	0.00890	0.00662	0.00655	0.00188	0.04693	0.00464	0.00307	0.00898
10	0.04808	0.06811	0.02390	0.04028	0.04234	0.03526	0.23045	0.09826	0.01686	0.02334	0.08822	0.07388	0.01993	0.08825	0.01077	0.00266	0.04064	0.00840	0.03223	0.00812
11	0.00848	0.00606	0.00807	0.00943	0.00995	0.00565	0.00636	0.00988	0.01376	0.01852	0.10923	0.68056	0.04729	0.02065	0.00866	0.00271	0.00389	0.01870	0.00648	0.00565
12	0.01483	0.01405	0.02523	0.01953	0.02368	0.04434	0.34099	0.04612	0.01542	0.04313	0.02111	0.17093	0.04406	0.01349	0.03919	0.09276	0.00901	0.01008	0.00442	0.00764
13	0.01481	0.07789	0.17537	0.06941	0.09155	0.04144	0.08004	0.04685	0.07405	0.02106	0.01848	0.16298	0.01754	0.01008	0.00828	0.00230	0.06630	0.00858	0.00423	0.00875
14	0.00862	0.00680	0.00778	0.00786	0.00965	0.00595	0.00577	0.01073	0.01638	0.02111	0.26452	0.16930	0.40736	0.01693	0.00818	0.00233	0.00347	0.01458	0.00672	0.00595
15	0.01623	0.01571	0.02732	0.15597	0.56749	0.01614	0.05987	0.02047	0.01530	0.02153	0.01281	0.01724	0.01053	0.00620	0.00686	0.00209	0.00849	0.00621	0.00333	0.01021
16	0.05358	0.04554	0.08507	0.01918	0.07300	0.15940	0.10948	0.11174	0.04313	0.12954	0.01581	0.03805	0.01221	0.00792	0.00792	0.00213	0.06558	0.00633	0.00480	0.00957
17	0.01094	0.01855	0.27605	0.01232	0.01742	0.03930	0.01315	0.01494	0.01509	0.01951	0.04260	0.10861	0.35878	0.01323	0.00747	0.00228	0.00636	0.01098	0.00494	0.00747
18	0.01538	0.00886	0.01124	0.00979	0.01256	0.00824	0.00762	0.04704	0.04425	0.18848	0.44858	0.04344	0.10156	0.01256	0.00770	0.00216	0.00411	0.01083	0.00760	0.00798
19	0.01993	0.37222	0.15115	0.01373	0.01986	0.04627	0.01380	0.08190	0.04128	0.12920	0.01504	0.04178	0.01204	0.00731	0.00568	0.00183	0.00759	0.00537	0.00441	0.00963
20	0.09522	0.04780	0.02543	0.02427	0.20400	0.10287	0.16893	0.06182	0.03962	0.11385	0.01485	0.01690	0.01121	0.00664	0.00662	0.00203	0.00858	0.00610	0.00447	0.03880
21	0.00932	0.00652	0.00774	0.00814	0.00929	0.00604	0.00566	0.01115	0.01472	0.02027	0.18751	0.27893	0.18157	0.11317	0.01136	0.00290	0.00395	0.01406	0.10196	0.00571
22	0.01575	0.01303	0.01736	0.01606	0.08213	0.04414	0.09837	0.09759	0.09301	0.05142	0.16182	0.03114	0.09823	0.00996	0.00752	0.00211	0.02760	0.00866	0.11560	0.00850
23	0.02113	0.08907	0.04383	0.05601	0.15308	0.08764	0.01365	0.08560	0.04849	0.20340	0.03592	0.03722	0.05090	0.00848	0.00723	0.00207	0.03424	0.00680	0.00541	0.00984
24	0.05110	0.04025	0.02150	0.04804	0.10671	0.09431	0.06422	0.18990	0.04363	0.21260	0.01740	0.01798	0.01240	0.00772	0.00739	0.00210	0.04054	0.00618	0.00571	0.01035
25	0.03804	0.00704	0.00791	0.00816	0.00999	0.00628	0.00594	0.01128	0.01525	0.04467	0.12587	0.26916	0.39106	0.01749	0.00810	0.00242	0.00374	0.01507	0.00648	0.00605
26	0.01980	0.04532	0.07294	0.10736	0.12399	0.13023	0.10823	0.20848	0.04333	0.02671	0.03793	0.01752	0.01243	0.00727	0.00684	0.00207	0.00906	0.00623	0.00455	0.00973
27	0.09410	0.12896	0.02416	0.07847	0.11726	0.09385	0.07842	0.15083	0.07729	0.02532	0.01357	0.01578	0.01071	0.00726	0.00727	0.00206	0.05527	0.00566	0.00433	0.00943
28	0.17728	0.13867	0.08928	0.07172	0.06928	0.10578	0.06410	0.08692	0.01654	0.04887	0.04078	0.01574	0.01164	0.00708	0.00640	0.00201	0.02957	0.00535	0.00411	0.00886

[dist]
# distance from previous block
# <min> <max>
2	10

[block]
# block no. 2 follows, 31 sequences, length 18
# corresponding to MSA columns:
# 85-102
name=unknown_C
#
# <colnr> <probs for GDERKNQSTAVLIFYWHMCP>
#	G	D	E	R	K	N	Q	S	T	A	V	L	I	F	Y	W	H	M	C	P
0	0.01160	0.00969	0.01429	0.10422	0.01797	0.01070	0.06157	0.01535	0.05379	0.02079	0.16868	0.12513	0.06753	0.04598	0.09380	0.00352	0.08962	0.01014	0.06877	0.00689
1	0.07480	0.08858	0.04504	0.01800	0.14007	0.08770	0.01258	0.10908	0.11511	0.02494	0.08082	0.02030	0.01701	0.01071	0.04127	0.04674	0.00762	0.00626	0.00477	0.04861
2	0.01072	0.00766	0.00881	0.00846	0.01081	0.00687	0.00655	0.01371	0.04373	0.07226	0.23162	0.05819	0.41312	0.01561	0.00806	0.00232	0.00387	0.06416	0.00684	0.00662
3	0.01891	0.27459	0.02524	0.11837	0.06931	0.17893	0.01347	0.06354	0.01624	0.01933	0.01108	0.01360	0.00933	0.00659	0.00630	0.00173	0.04025	0.00463	0.00349	0.10505
4	0.00990	0.00673	0.00895	0.00911	0.00965	0.00706	0.00620	0.01071	0.01109	0.01529	0.06083	0.12099	0.02553	0.31173	0.26121	0.09591	0.00993	0.00990	0.00431	0.00497
5	0.05546	0.34685	0.06659	0.05800	0.08124	0.09682	0.04512	0.04135	0.03562	0.07572	0.01261	0.01424	0.01010	0.00647	0.00557	0.00178	0.00806	0.00483	0.00382	0.02976
6	0.01872	0.01546	0.03659	0.09819	0.10123	0.06884	0.05827	0.09017	0.13711	0.12731	0.05815	0.07905	0.01875	0.00893	0.00700	0.00213	0.00720	0.00776	0.00556	0.05356
7	0.00846	0.00647	0.00777	0.00846	0.00973	0.00578	0.00596	0.01016	0.01498	0.01940	0.15558	0.39874	0.28628	0.01880	0.00840	0.00251	0.00367	0.01655	0.00654	0.00578
8	0.01254	0.04717	0.08532	0.06322	0.04072	0.01217	0.13198	0.04489	0.03086	0.01982	0.02598	0.22506	0.08467	0.05700	0.06632	0.00330	0.02584	0.01098	0.00467	0.00749
9	0.01822	0.10831	0.15706	0.05116	0.07733	0.11165	0.09006	0.04910	0.10756	0.08006	0.01727	0.07180	0.01421	0.00810	0.00669	0.00210	0.00851	0.00688	0.00449	0.00945
10	0.08669	0.01010	0.01248	0.01405	0.11777	0.01003	0.00905	0.01774	0.09929	0.06351	0.19838	0.06725	0.21893	0.03511	0.00816	0.00235	0.00477	0.01050	0.00612	0.00774
11	0.01180	0.00851	0.00996	0.01004	0.01171	0.00867	0.00728	0.08125	0.09963	0.02260	0.07313	0.38515	0.09571	0.01658	0.00860	0.03673	0.00441	0.01394	0.08746	0.00684
12	0.01674	0.01965	0.15021	0.05340	0.19362	0.04913	0.08491	0.12015	0.04845	0.02406	0.01635	0.09806	0.01445	0.00885	0.00837	0.00226	0.06998	0.00757	0.00426	0.00953
13	0.04242	0.09476	0.10315	0.10311	0.10112	0.15793	0.15837	0.04840	0.03990	0.06680	0.01361	0.01615	0.01037	0.00667	0.00661	0.00204	0.00957	0.00586	0.00390	0.00926
14	0.00976	0.00678	0.00885	0.04104	0.01190	0.00640	0.00705	0.01130	0.01382	0.05040	0.04019	0.51178	0.14503	0.05334	0.00970	0.00285	0.00445	0.05324	0.00620	0.00594
15	0.01761	0.06733	0.11954	0.01572	0.05202	0.03858	0.06711	0.08723	0.06981	0.09535	0.02004	0.02101	0.06658	0.00784	0.00702	0.00191	0.03731	0.00637	0.04176	0.15986
16	0.04580	0.11621	0.12696	0.10121	0.02199	0.01508	0.04376	0.12440	0.01701	0.07490	0.02208	0.06686	0.09292	0.03037	0.04142	0.03049	0.00780	0.00756	0.00469	0.00850
17	0.06991	0.09215	0.04549	0.01405	0.01841	0.01486	0.08377	0.09866	0.03675	0.09430	0.06981	0.06050	0.04885	0.01094	0.03945	0.00245	0.07864	0.00732	0.00506	0.10864

[dist]
# distance from previous block
# <min> <max>
3	51

[block]
# block no. 3 follows, 31 sequences, length 49
# corresponding to MSA columns:
# 157-205
name=unknown_D
#
# <colnr> <probs for GDERKNQSTAVLIFYWHMCP>
#	G	D	E	R	K	N	Q	S	T	A	V	L	I	F	Y	W	H	M	C	P
0	0.12523	0.06259	0.01932	0.01480	0.01957	0.12315	0.03349	0.28804	0.15908	0.06275	0.01693	0.01700	0.01254	0.00781	0.00633	0.00205	0.00756	0.00584	0.00578	0.01014
1	0.03879	0.23351	0.07772	0.01620	0.05152	0.07357	0.11307	0.02054	0.04392	0.02003	0.01347	0.04647	0.01173	0.00831	0.03228	0.00205	0.00822	0.00565	0.00369	0.17927
2	0.04592	0.00745	0.00900	0.00938	0.01102	0.00704	0.00681	0.01357	0.04363	0.07534	0.11723	0.39900	0.17349	0.01752	0.00814	0.00253	0.00412	0.03573	0.00658	0.00650
3	0.01525	0.14609	0.28810	0.01770	0.03821	0.03927	0.11383	0.04909	0.04507	0.02165	0.03889	0.07344	0.03418	0.00810	0.00661	0.00206	0.00849	0.00696	0.00391	0.04310
4	0.06313	0.11501	0.07806	0.03248	0.10329	0.08268	0.06335	0.04923	0.03680	0.02156	0.06543	0.01994	0.01537	0.04080	0.08739	0.00309	0.03194	0.00615	0.00403	0.08029
5	0.01217	0.01016	0.04010	0.01192	0.04276	0.00948	0.00867	0.12739	0.01638	0.02181	0.03331	0.33901	0.12767	0.09416	0.06903	0.00358	0.00636	0.01338	0.00573	0.00694
6	0.00907	0.00683	0.00833	0.00854	0.01005	0.00620	0.00631	0.01132	0.01637	0.02174	0.31324	0.19248	0.24738	0.04982	0.00949	0.00259	0.00382	0.06373	0.00672	0.00597
7	0.01569	0.01347	0.01688	0.20624	0.08571	0.05760	0.01304	0.06873	0.15188	0.05287	0.02155	0.08573	0.04536	0.07029	0.03904	0.00297	0.03146	0.00817	0.00491	0.00843
8	0.02021	0.14900	0.08107	0.04005	0.05201	0.19150	0.09378	0.04983	0.05799	0.10532	0.01565	0.01902	0.01255	0.03073	0.03029	0.00240	0.00937	0.02579	0.00438	0.00907
9	0.13217	0.01232	0.01446	0.01273	0.04552	0.01230	0.00970	0.07172	0.13000	0.32997	0.02841	0.02711	0.10115	0.03260	0.00753	0.00231	0.00563	0.00752	0.00692	0.00994
10	0.00811	0.00685	0.00702	0.00715	0.00930	0.00576	0.00530	0.00979	0.01538	0.01840	0.06662	0.12441	0.65728	0.01768	0.00814	0.00235	0.00351	0.01486	0.00635	0.00576
11	0.01699	0.05998	0.06925	0.01365	0.01748	0.04391	0.04125	0.22756	0.07221	0.02683	0.07868	0.08241	0.02124	0.11138	0.08310	0.00360	0.00823	0.00825	0.00539	0.00858
12	0.01651	0.09757	0.15202	0.09162	0.08883	0.04993	0.30532	0.04978	0.01596	0.02137	0.01268	0.01637	0.00977	0.00642	0.00759	0.00216	0.03698	0.00643	0.00339	0.00930
13	0.00977	0.00733	0.01100	0.01100	0.01222	0.00855	0.00855	0.01222	0.01100	0.01588	0.01833	0.02688	0.01710	0.05131	0.73245	0.01100	0.01833	0.00733	0.00367	0.00611
14	0.01027	0.00763	0.00887	0.00885	0.01090	0.00705	0.00671	0.01367	0.06623	0.04956	0.19674	0.16033	0.34223	0.01639	0.00816	0.00241	0.00395	0.06678	0.00673	0.00654
15	0.01439	0.10174	0.01506	0.01155	0.01436	0.04441	0.00933	0.07808	0.09587	0.04816	0.03445	0.15053	0.18669	0.01540	0.04062	0.00274	0.04947	0.07376	0.00569	0.00770
16	0.00913	0.00714	0.00834	0.00848	0.01025	0.00651	0.00630	0.01202	0.04576	0.02150	0.25326	0.19170	0.33184	0.01683	0.00822	0.00239	0.00370	0.04374	0.00673	0.00618
17	0.00899	0.00622	0.00749	0.00851	0.00947	0.00573	0.00587	0.01061	0.01379	0.01895	0.04153	0.50134	0.17376	0.01846	0.00797	0.00250	0.00374	0.01636	0.13297	0.00573
18	0.01268	0.00802	0.01125	0.01112	0.03987	0.00780	0.06184	0.01562	0.01464	0.05364	0.05577	0.18739	0.02575	0.01327	0.03729	0.00244	0.00513	0.03930	0.39034	0.00683
19	0.00981	0.00717	0.01016	0.01016	0.01109	0.00810	0.00751	0.01168	0.01075	0.01526	0.01909	0.03111	0.01894	0.21891	0.56737	0.00996	0.01556	0.00795	0.00378	0.00564
20	0.01060	0.00855	0.01258	0.01210	0.01313	0.01053	0.00957	0.01289	0.01091	0.01597	0.01684	0.02498	0.01581	0.04505	0.61942	0.00972	0.13434	0.00712	0.00356	0.00633
21	0.05130	0.01373	0.01545	0.01304	0.01677	0.01523	0.01045	0.22173	0.20855	0.10200	0.07212	0.02364	0.01932	0.01370	0.08608	0.00312	0.03807	0.00716	0.05882	0.00974
22	0.01061	0.06666	0.01137	0.01044	0.04021	0.00813	0.00733	0.01265	0.01550	0.04706	0.20334	0.33751	0.17079	0.01650	0.00796	0.00238	0.00420	0.01451	0.00632	0.00652
23	0.01282	0.01004	0.01206	0.01207	0.03328	0.01060	0.00892	0.05574	0.21640	0.02530	0.22886	0.16812	0.03951	0.04430	0.00902	0.00260	0.00487	0.09093	0.00672	0.00785
24	0.02202	0.02162	0.02255	0.01812	0.02261	0.27072	0.15478	0.13425	0.04956	0.09755	0.04800	0.01998	0.04192	0.00812	0.00757	0.00207	0.03771	0.00668	0.00499	0.00915
25	0.01464	0.06727	0.27536	0.05380	0.19582	0.01559	0.03958	0.02181	0.10900	0.02177	0.01749	0.10580	0.01536	0.00853	0.00683	0.00219	0.00807	0.00746	0.00401	0.00962
26	0.01936	0.01570	0.01448	0.01251	0.01593	0.11961	0.00978	0.24786	0.12048	0.02996	0.02059	0.07673	0.01689	0.00914	0.00630	0.00197	0.00637	0.00722	0.24018	0.00895
27	0.00890	0.00644	0.00848	0.00956	0.01045	0.00602	0.00686	0.01075	0.01478	0.01981	0.16941	0.49578	0.08932	0.01944	0.00865	0.00267	0.00408	0.09618	0.00657	0.00583
28	0.01834	0.15993	0.07482	0.06254	0.02284	0.12682	0.11251	0.11808	0.04642	0.04421	0.06974	0.05186	0.04585	0.00846	0.00666	0.00202	0.00832	0.00709	0.00463	0.00888
29	0.08598	0.01840	0.11528	0.10585	0.09608	0.06591	0.10783	0.07702	0.01558	0.05201	0.01372	0.01901	0.01140	0.08524	0.01146	0.00270	0.09765	0.00632	0.00391	0.00864
30	0.00850	0.00616	0.00826	0.00959	0.01017	0.00593	0.00657	0.00986	0.01295	0.01732	0.03672	0.63803	0.07041	0.02485	0.09581	0.00375	0.00568	0.01778	0.00603	0.00563
31	0.01508	0.01237	0.01487	0.01122	0.01619	0.01087	0.00905	0.04607	0.01498	0.05245	0.04042	0.01819	0.04076	0.00700	0.00754	0.00144	0.09438	0.00522	0.00445	0.57747
32	0.01757	0.01404	0.03990	0.09754	0.07463	0.04296	0.13133	0.07887	0.01815	0.15059	0.11126	0.05771	0.09477	0.00995	0.00746	0.00222	0.00727	0.02931	0.00562	0.00884
33	0.08242	0.00936	0.01142	0.01046	0.01325	0.00905	0.00797	0.02080	0.08797	0.22726	0.16166	0.24838	0.05492	0.01358	0.00749	0.00235	0.00461	0.01175	0.00708	0.00821
34	0.01268	0.04253	0.01296	0.03481	0.01432	0.06539	0.00900	0.08001	0.01551	0.02047	0.10623	0.17833	0.04894	0.02859	0.29173	0.00569	0.01079	0.01013	0.00502	0.00687
35	0.01786	0.35574	0.23351	0.01579	0.02267	0.04688	0.06912	0.07052	0.01599	0.05135	0.01282	0.03598	0.01054	0.00684	0.00578	0.00186	0.00849	0.00524	0.00361	0.00941
36	0.01952	0.15430	0.01906	0.01274	0.01709	0.01683	0.01053	0.08889	0.31609	0.14555	0.10512	0.02465	0.02233	0.00897	0.00659	0.00208	0.00577	0.00724	0.00652	0.01013
37	0.04924	0.01780	0.13030	0.08204	0.08224	0.01463	0.26398	0.02279	0.04344	0.13147	0.04675	0.05251	0.01524	0.00762	0.00728	0.00224	0.00878	0.00762	0.00459	0.00944
38	0.01696	0.13973	0.06683	0.16410	0.07945	0.04867	0.14497	0.09406	0.01684	0.04994	0.01606	0.10186	0.01417	0.00831	0.00684	0.00213	0.00851	0.00752	0.00416	0.00888
39	0.00977	0.00733	0.01100	0.01100	0.01222	0.00855	0.00855	0.01222	0.01100	0.01588	0.01833	0.02688	0.01710	0.05131	0.73245	0.01100	0.01833	0.00733	0.00367	0.00611
40	0.00980	0.00721	0.01039	0.01039	0.01140	0.00822	0.00780	0.01183	0.01082	0.01543	0.01888	0.02994	0.01843	0.17254	0.61304	0.01025	0.01632	0.00778	0.00375	0.00577
41	0.08872	0.05003	0.12420	0.02516	0.23215	0.11008	0.09760	0.12503	0.03886	0.02533	0.01317	0.01561	0.01026	0.00667	0.00651	0.00205	0.00891	0.00572	0.00403	0.00991
42	0.04915	0.06346	0.06622	0.05559	0.10703	0.08028	0.09643	0.15440	0.16523	0.02648	0.01604	0.01767	0.01232	0.00763	0.00760	0.00215	0.05141	0.00624	0.00477	0.00989
43	0.00915	0.00682	0.00854	0.00861	0.01014	0.00620	0.00638	0.01168	0.01722	0.02336	0.42055	0.19077	0.19372	0.01633	0.00826	0.00235	0.00355	0.04322	0.00701	0.00614
44	0.05350	0.01680	0.09063	0.10332	0.05180	0.04601	0.01391	0.19240	0.06255	0.08533	0.01846	0.05127	0.01558	0.04400	0.03073	0.00274	0.05220	0.05437	0.00521	0.00920
45	0.20296	0.25694	0.02300	0.08906	0.05037	0.10343	0.01221	0.09490	0.01621	0.05420	0.01157	0.01343	0.00927	0.00678	0.00586	0.00190	0.03058	0.00460	0.00401	0.00873
46	0.07811	0.01788	0.01884	0.01468	0.01980	0.01982	0.01208	0.58903	0.04976	0.04081	0.01664	0.01687	0.01197	0.00810	0.00655	0.00204	0.00706	0.00605	0.05289	0.01102
47	0.01472	0.01264	0.01566	0.10306	0.11629	0.04177	0.01148	0.08622	0.14124	0.02401	0.12750	0.09098	0.04938	0.08796	0.01004	0.00263	0.00631	0.00902	0.00543	0.04365
48	0.01236	0.00804	0.01142	0.12705	0.01657	0.00837	0.00891	0.04128	0.01357	0.04876	0.07551	0.15918	0.06651	0.03152	0.01503	0.28268	0.00585	0.05697	0.00479	0.00561

[dist]
# distance from previous block
# <min> <max>
3	9

[block]
# block no. 4 follows, 31 sequences, length 12
# corresponding to MSA columns:
# 215-226
name=unknown_E
#
# <colnr> <probs for GDERKNQSTAVLIFYWHMCP>
#	G	D	E	R	K	N	Q	S	T	A	V	L	I	F	Y	W	H	M	C	P
0	0.01433	0.01318	0.04711	0.01175	0.01485	0.05814	0.00956	0.02302	0.25795	0.04926	0.21850	0.03640	0.13001	0.01147	0.00789	0.00222	0.03554	0.00946	0.04097	0.00838
1	0.01772	0.01273	0.01440	0.01268	0.01601	0.01350	0.01003	0.29458	0.08499	0.06368	0.03024	0.22005	0.08739	0.01364	0.00772	0.00240	0.00584	0.07676	0.00671	0.00892
2	0.01366	0.01048	0.01239	0.00955	0.01426	0.00824	0.00754	0.01652	0.01567	0.07039	0.14511	0.02858	0.11897	0.00860	0.00614	0.00147	0.00457	0.00717	0.00529	0.49538
3	0.06592	0.01461	0.01844	0.01827	0.14260	0.03431	0.04727	0.19361	0.04494	0.07677	0.07299	0.04686	0.04270	0.05158	0.00833	0.00226	0.00672	0.00735	0.00547	0.09898
4	0.01542	0.01610	0.05732	0.25883	0.28206	0.04251	0.07896	0.02138	0.08689	0.02097	0.01515	0.04702	0.01246	0.00729	0.00697	0.00219	0.00856	0.00685	0.00375	0.00931
5	0.05413	0.00905	0.01036	0.01009	0.01209	0.00916	0.00746	0.07962	0.07547	0.05632	0.08220	0.26445	0.12786	0.11499	0.01146	0.00303	0.00497	0.05412	0.00623	0.00694
6	0.01315	0.00870	0.01160	0.09385	0.01570	0.00900	0.00863	0.04908	0.01470	0.09759	0.07331	0.14273	0.14440	0.08908	0.10302	0.07563	0.02729	0.01052	0.00537	0.00664
7	0.03777	0.06636	0.06526	0.11172	0.13027	0.06434	0.04992	0.16249	0.01819	0.02432	0.01774	0.10570	0.03427	0.01121	0.04192	0.00259	0.03483	0.00769	0.00449	0.00893
8	0.04809	0.00793	0.00985	0.00994	0.01042	0.00874	0.00693	0.01150	0.01161	0.01660	0.04392	0.26124	0.02966	0.31817	0.04733	0.00463	0.10490	0.03829	0.00484	0.00541
9	0.19105	0.01162	0.01198	0.01043	0.01384	0.01219	0.00815	0.14702	0.07015	0.09658	0.06660	0.08420	0.16984	0.06632	0.00880	0.00254	0.00528	0.00915	0.00613	0.00812
10	0.01473	0.01526	0.04634	0.19328	0.18535	0.05825	0.12728	0.01914	0.04280	0.01967	0.03506	0.05061	0.01493	0.07717	0.04181	0.00301	0.03577	0.00745	0.00376	0.00835
11	0.06179	0.09407	0.08765	0.07441	0.04138	0.09816	0.13979	0.04520	0.09172	0.07125	0.01815	0.11329	0.01583	0.00882	0.00683	0.00217	0.00824	0.00777	0.00460	0.00887

[dist]
# distance from previous block
# <min> <max>
5	47

[block]
# block no. 5 follows, 31 sequences, length 17
# corresponding to MSA columns:
# 274-290
name=unknown_F
#
# <colnr> <probs for GDERKNQSTAVLIFYWHMCP>
#	G	D	E	R	K	N	Q	S	T	A	V	L	I	F	Y	W	H	M	C	P
0	0.01780	0.05496	0.02510	0.18660	0.32622	0.06819	0.05335	0.10328	0.05559	0.02341	0.01369	0.01708	0.01084	0.00673	0.00671	0.00207	0.00856	0.00605	0.00392	0.00983
1	0.01106	0.00769	0.00969	0.01025	0.01172	0.00753	0.00777	0.01436	0.07491	0.04947	0.08939	0.27367	0.11545	0.07509	0.01126	0.03368	0.00493	0.17948	0.00627	0.00635
2	0.01184	0.00855	0.00963	0.00966	0.01085	0.03749	0.00691	0.03745	0.01436	0.04549	0.10970	0.14139	0.06842	0.31841	0.01911	0.00422	0.00590	0.12927	0.00557	0.00579
3	0.01294	0.01068	0.01536	0.08497	0.09511	0.01128	0.03868	0.01916	0.13748	0.02225	0.09241	0.04978	0.03077	0.04453	0.00934	0.00282	0.00654	0.30244	0.00571	0.00776
4	0.01281	0.00769	0.00958	0.00886	0.01119	0.00680	0.00673	0.01529	0.01767	0.14663	0.33841	0.12550	0.23699	0.01475	0.00793	0.00226	0.00383	0.01274	0.00724	0.00709
5	0.01520	0.01534	0.02711	0.22624	0.21783	0.01727	0.17273	0.01921	0.01403	0.01957	0.01201	0.01719	0.00984	0.00756	0.01066	0.00238	0.17726	0.00652	0.00322	0.00882
6	0.06445	0.04046	0.02013	0.01837	0.07665	0.32907	0.04070	0.12893	0.16786	0.02469	0.01542	0.01632	0.01199	0.00751	0.00642	0.00198	0.00925	0.00562	0.00478	0.00939
7	0.00955	0.00666	0.00828	0.00877	0.00923	0.00669	0.00579	0.01044	0.01146	0.01532	0.02779	0.21474	0.05569	0.40821	0.12012	0.00590	0.00744	0.05812	0.00484	0.00496
8	0.01647	0.07629	0.05232	0.10150	0.20774	0.04349	0.35901	0.02132	0.01565	0.02094	0.01293	0.01713	0.01014	0.00603	0.00722	0.00215	0.01009	0.00681	0.00335	0.00942
9	0.00921	0.00657	0.00789	0.00820	0.00896	0.00619	0.00538	0.01046	0.01359	0.01817	0.18325	0.24148	0.12789	0.30083	0.01846	0.00405	0.00476	0.01363	0.00577	0.00524
10	0.06686	0.01016	0.01004	0.00940	0.01148	0.08474	0.00709	0.01458	0.01837	0.02543	0.51101	0.04594	0.13318	0.01311	0.00760	0.00213	0.00438	0.01116	0.00673	0.00660
11	0.66823	0.14596	0.01462	0.00948	0.01400	0.01742	0.00817	0.02018	0.01204	0.02811	0.00952	0.01109	0.00765	0.00626	0.00426	0.00200	0.00565	0.00370	0.00400	0.00765
12	0.00921	0.00695	0.00831	0.00909	0.01033	0.00646	0.00637	0.04628	0.01486	0.01914	0.04593	0.51134	0.24160	0.01951	0.00844	0.00260	0.00401	0.01725	0.00638	0.00595
13	0.01532	0.01168	0.01371	0.01068	0.01531	0.01028	0.00847	0.09570	0.05649	0.06204	0.20451	0.02556	0.02602	0.00826	0.00628	0.00157	0.00491	0.00690	0.00570	0.41062
14	0.06190	0.01803	0.01848	0.04988	0.20311	0.19370	0.01339	0.04622	0.08133	0.02181	0.01873	0.06460	0.04801	0.02556	0.00725	0.00211	0.00793	0.02993	0.00442	0.08362
15	0.02032	0.07680	0.09402	0.02064	0.15466	0.04568	0.05879	0.13687	0.01858	0.14812	0.01763	0.01889	0.04067	0.00778	0.00783	0.00206	0.06520	0.00623	0.00493	0.05434
16	0.05006	0.01313	0.01853	0.17414	0.09996	0.01369	0.05073	0.07978	0.09163	0.10513	0.04324	0.02152	0.01512	0.04943	0.03778	0.00263	0.00754	0.00660	0.00493	0.11444

[dist]
# distance from previous block
# <min> <max>
0	12

[block]
# block no. 6 follows, 31 sequences, length 11
# corresponding to MSA columns:
# 303-313
name=unknown_G
#
# <colnr> <probs for GDERKNQSTAVLIFYWHMCP>
#	G	D	E	R	K	N	Q	S	T	A	V	L	I	F	Y	W	H	M	C	P
0	0.01398	0.11887	0.01688	0.01184	0.01474	0.01268	0.06220	0.13251	0.01788	0.02379	0.17665	0.17487	0.06680	0.11272	0.01104	0.00278	0.00584	0.01086	0.00568	0.00739
1	0.01032	0.00674	0.00867	0.00907	0.01022	0.00626	0.00655	0.01133	0.01402	0.04487	0.12878	0.25422	0.17129	0.06202	0.01326	0.14601	0.00459	0.08045	0.00585	0.00548
2	0.01243	0.00887	0.01053	0.01020	0.01176	0.00921	0.00737	0.10571	0.06999	0.02150	0.07277	0.22396	0.06435	0.16587	0.05697	0.06954	0.00610	0.03933	0.02709	0.00646
3	0.07749	0.12378	0.11860	0.06052	0.07830	0.13240	0.07131	0.07433	0.01719	0.13650	0.01420	0.01575	0.01054	0.00705	0.00680	0.00202	0.03384	0.00547	0.00440	0.00950
4	0.00952	0.00749	0.01003	0.01040	0.01166	0.00721	0.04047	0.01251	0.07287	0.01857	0.03917	0.52607	0.13152	0.05632	0.00978	0.00285	0.00453	0.01672	0.00615	0.00615
5	0.01419	0.01216	0.01419	0.01013	0.01621	0.00912	0.00811	0.01723	0.01419	0.02229	0.01216	0.01419	0.01013	0.00507	0.00507	0.00101	0.00507	0.00405	0.00405	0.80139
6	0.09227	0.01116	0.01622	0.21244	0.02411	0.01235	0.07399	0.01781	0.07343	0.05024	0.06419	0.16002	0.07655	0.03583	0.00897	0.00253	0.04571	0.00981	0.00493	0.00747
7	0.12686	0.01130	0.01392	0.07429	0.01761	0.01188	0.00993	0.06767	0.05646	0.23950	0.04610	0.08213	0.07116	0.01372	0.06041	0.03088	0.04338	0.00807	0.00606	0.00868
8	0.01228	0.00760	0.00993	0.01009	0.01201	0.00701	0.00793	0.01474	0.01647	0.11412	0.19575	0.21381	0.14460	0.01672	0.00843	0.00257	0.00459	0.18766	0.00689	0.00680
9	0.00899	0.00687	0.00825	0.00810	0.00985	0.00613	0.00600	0.01150	0.01744	0.02334	0.42248	0.12267	0.29182	0.01587	0.00814	0.00227	0.00338	0.01377	0.00700	0.00613
10	0.01799	0.08106	0.09261	0.24000	0.09041	0.24266	0.01695	0.02143	0.01537	0.01787	0.01116	0.01494	0.00909	0.00731	0.00817	0.00210	0.09410	0.00525	0.00319	0.00832

[dist]
# distance from previous block
# <min> <max>
0	4

[block]
# block no. 7 follows, 31 sequences, length 27
# corresponding to MSA columns:
# 318-344
name=unknown_H
#
# <colnr> <probs for GDERKNQSTAVLIFYWHMCP>
#	G	D	E	R	K	N	Q	S	T	A	V	L	I	F	Y	W	H	M	C	P
0	0.01865	0.10133	0.09981	0.05995	0.11148	0.08946	0.07569	0.11542	0.09987	0.05061	0.01553	0.04016	0.01252	0.00797	0.00797	0.00214	0.07102	0.00637	0.00444	0.00961
1	0.01531	0.01485	0.02355	0.13400	0.41162	0.04251	0.04979	0.01909	0.01563	0.02147	0.09191	0.02316	0.05252	0.00797	0.00785	0.00215	0.04621	0.00723	0.00393	0.00927
2	0.01403	0.01125	0.01299	0.06389	0.01628	0.03199	0.00952	0.11447	0.10379	0.04713	0.03484	0.21277	0.18315	0.01601	0.04494	0.00285	0.05489	0.01158	0.00590	0.00773
3	0.01854	0.13731	0.11360	0.04691	0.13155	0.11276	0.14771	0.02413	0.08113	0.07793	0.03372	0.01768	0.01273	0.00690	0.00660	0.00202	0.00893	0.00613	0.00414	0.00956
4	0.01670	0.08978	0.01758	0.01627	0.11411	0.05888	0.01128	0.10403	0.10034	0.06952	0.05876	0.11446	0.08124	0.03330	0.02979	0.00260	0.00677	0.06034	0.00559	0.00867
5	0.01421	0.01069	0.03013	0.01064	0.01318	0.04592	0.00823	0.05225	0.07596	0.11496	0.07240	0.25422	0.18136	0.05240	0.00919	0.00261	0.00518	0.03259	0.00642	0.00744
6	0.05980	0.29221	0.11491	0.04003	0.02073	0.11106	0.01360	0.07865	0.16369	0.02254	0.01457	0.01541	0.01153	0.00707	0.00571	0.00189	0.00788	0.00509	0.00425	0.00940
7	0.02010	0.01941	0.10450	0.06363	0.06903	0.05538	0.08236	0.25674	0.10664	0.06469	0.05279	0.01955	0.01488	0.00804	0.00744	0.00216	0.03034	0.00667	0.00542	0.01022
8	0.04080	0.01584	0.15450	0.01450	0.01878	0.01213	0.09501	0.10722	0.01666	0.02294	0.03089	0.23220	0.15518	0.01311	0.00820	0.00240	0.03516	0.01140	0.00518	0.00791
9	0.01534	0.01348	0.01284	0.01186	0.01407	0.11604	0.00877	0.11370	0.09271	0.03496	0.04694	0.19501	0.10022	0.14243	0.01294	0.00307	0.04182	0.01081	0.00561	0.00736
10	0.01903	0.17268	0.14364	0.04711	0.16718	0.20834	0.04152	0.04843	0.01640	0.01982	0.01144	0.01409	0.00939	0.00677	0.00695	0.00194	0.04764	0.00506	0.00335	0.00922
11	0.01814	0.13779	0.16631	0.05071	0.02259	0.10831	0.07093	0.08220	0.01677	0.08459	0.01796	0.04009	0.05547	0.03296	0.02425	0.00241	0.04878	0.00656	0.00427	0.00889
12	0.01369	0.03748	0.03816	0.01279	0.01525	0.03085	0.04476	0.03681	0.11481	0.04701	0.04702	0.10368	0.02038	0.02492	0.23889	0.07436	0.05056	0.00839	0.03284	0.00737
13	0.01528	0.01167	0.01317	0.01229	0.01526	0.01278	0.00942	0.02751	0.41883	0.07576	0.11378	0.16517	0.03112	0.01239	0.00751	0.00240	0.00494	0.03452	0.00700	0.00921
14	0.01657	0.01305	0.03837	0.11562	0.09433	0.01307	0.01232	0.12515	0.11396	0.09897	0.10402	0.03372	0.13921	0.01061	0.00731	0.00224	0.00620	0.04028	0.00598	0.00902
15	0.01768	0.01679	0.02459	0.11197	0.48252	0.06762	0.01861	0.09416	0.01734	0.02345	0.01426	0.05363	0.01231	0.00724	0.00684	0.00208	0.00826	0.00665	0.00389	0.01010
16	0.00972	0.00709	0.00863	0.00944	0.01011	0.00710	0.00624	0.01257	0.08773	0.01753	0.03222	0.48135	0.03702	0.22180	0.01567	0.00378	0.00485	0.01557	0.00581	0.00575
17	0.80789	0.01323	0.01006	0.00900	0.01323	0.01535	0.00741	0.02011	0.01164	0.03070	0.00953	0.01111	0.00741	0.00635	0.00423	0.00212	0.00529	0.00370	0.00423	0.00741
18	0.01648	0.02099	0.20234	0.13520	0.09173	0.07353	0.13279	0.03935	0.01544	0.07062	0.01405	0.01773	0.01076	0.01134	0.07977	0.00307	0.04583	0.00620	0.00370	0.00908
19	0.00901	0.00854	0.05945	0.01089	0.01229	0.00675	0.03437	0.01087	0.01340	0.01797	0.03608	0.65069	0.06432	0.01963	0.00853	0.00270	0.00468	0.01782	0.00600	0.00603
20	0.00898	0.00721	0.00811	0.00838	0.01027	0.00653	0.00627	0.01178	0.05006	0.02002	0.13648	0.19422	0.42529	0.01742	0.00825	0.00244	0.00383	0.06183	0.00652	0.00611
21	0.07244	0.08119	0.01932	0.05396	0.02009	0.08730	0.03639	0.17937	0.15506	0.08749	0.01901	0.01959	0.03421	0.00836	0.00746	0.00211	0.05741	0.00630	0.04339	0.00957
22	0.01840	0.15566	0.16050	0.06880	0.02508	0.13987	0.10995	0.08496	0.01688	0.04583	0.01370	0.05301	0.01146	0.00777	0.00756	0.00208	0.05948	0.00616	0.00385	0.00899
23	0.01091	0.00692	0.00795	0.00773	0.00820	0.00676	0.00462	0.01129	0.01119	0.05073	0.05740	0.04506	0.06217	0.64662	0.03071	0.00596	0.00626	0.01014	0.00464	0.00473
24	0.01622	0.06511	0.15634	0.01730	0.05705	0.08503	0.11273	0.02031	0.01497	0.03970	0.01278	0.01596	0.01037	0.03233	0.00757	0.00186	0.03154	0.00529	0.00368	0.29387
25	0.01886	0.01932	0.05869	0.10709	0.17926	0.12764	0.08940	0.10799	0.04131	0.04746	0.01354	0.01652	0.01060	0.00732	0.00833	0.00212	0.08382	0.00597	0.00409	0.05067
26	0.08585	0.04461	0.06540	0.01715	0.06840	0.10291	0.06472	0.16888	0.06506	0.12805	0.03907	0.01792	0.01346	0.00759	0.00691	0.00202	0.02877	0.00600	0.00531	0.06192

[dist]
# distance from previous block
# <min> <max>
11	32

[block]
# block no. 8 follows, 31 sequences, length 13
# corresponding to MSA columns:
# 387-399
name=unknown_I
#
# <colnr> <probs for GDERKNQSTAVLIFYWHMCP>
#	G	D	E	R	K	N	Q	S	T	A	V	L	I	F	Y	W	H	M	C	P
0	0.05597	0.18200	0.02233	0.08365	0.07312	0.07979	0.01296	0.16484	0.09039	0.06673	0.04501	0.01945	0.01454	0.00804	0.00678	0.00202	0.03187	0.02608	0.00496	0.00946
1	0.04703	0.07080	0.01808	0.05114	0.06107	0.12493	0.01163	0.20220	0.09341	0.05895	0.06045	0.05189	0.10042	0.00962	0.00677	0.00207	0.00713	0.00764	0.00561	0.00918
2	0.01085	0.01016	0.04568	0.01152	0.01351	0.04184	0.03732	0.03409	0.01493	0.01961	0.06210	0.45423	0.08518	0.01741	0.00826	0.00256	0.00531	0.07959	0.00589	0.03997
3	0.01458	0.04679	0.01533	0.01384	0.04988	0.01255	0.03338	0.15939	0.07623	0.02411	0.02714	0.17452	0.06727	0.06906	0.10380	0.00381	0.00776	0.08703	0.00559	0.00791
4	0.02104	0.24265	0.10319	0.01559	0.02129	0.10861	0.06434	0.20200	0.02009	0.07847	0.01486	0.05139	0.01209	0.00767	0.00618	0.00191	0.00834	0.00593	0.00468	0.00968
5	0.00988	0.00805	0.01078	0.06488	0.01419	0.00775	0.03537	0.01328	0.04891	0.02195	0.27261	0.17219	0.24241	0.01531	0.00809	0.00236	0.00441	0.03466	0.00641	0.00650
6	0.01124	0.00758	0.00911	0.00880	0.01087	0.00689	0.00656	0.01426	0.04830	0.08896	0.27316	0.18361	0.27338	0.01576	0.00803	0.00233	0.00379	0.01365	0.00698	0.00675
7	0.01484	0.04233	0.07493	0.10740	0.11800	0.06292	0.16429	0.01890	0.01519	0.02072	0.04241	0.05661	0.03854	0.00923	0.03348	0.00231	0.00858	0.00720	0.03748	0.12464
8	0.04391	0.01728	0.08284	0.04687	0.15153	0.07691	0.05018	0.12000	0.01776	0.10801	0.01702	0.06642	0.01400	0.01041	0.04061	0.00255	0.05799	0.00693	0.05944	0.00933
9	0.01603	0.01146	0.01287	0.01131	0.01467	0.01197	0.00884	0.08354	0.27384	0.10982	0.19182	0.03811	0.16358	0.01172	0.00741	0.00223	0.00477	0.00985	0.00714	0.00902
10	0.01874	0.04340	0.05283	0.02079	0.12661	0.01569	0.13907	0.18435	0.05670	0.08854	0.02167	0.05195	0.04024	0.00955	0.00742	0.00228	0.00778	0.09723	0.00543	0.00974
11	0.07074	0.03816	0.14263	0.04015	0.17748	0.05404	0.08771	0.05575	0.01627	0.10265	0.01790	0.04459	0.04429	0.00794	0.00726	0.00213	0.03626	0.00675	0.03787	0.00942
12	0.01097	0.00670	0.00851	0.00867	0.00914	0.00661	0.00557	0.01112	0.01110	0.05206	0.02381	0.19980	0.02653	0.38728	0.07957	0.12514	0.00678	0.01114	0.00466	0.00484

[dist]
# distance from previous block
# <min> <max>
1	8

[block]
# block no. 9 follows, 31 sequences, length 75
# corresponding to MSA columns:
# 412-486
name=unknown_J
#
# <colnr> <probs for GDERKNQSTAVLIFYWHMCP>
#	G	D	E	R	K	N	Q	S	T	A	V	L	I	F	Y	W	H	M	C	P
0	0.06342	0.01470	0.11210	0.05271	0.05009	0.01136	0.07899	0.01824	0.04821	0.04554	0.10465	0.05354	0.12104	0.00927	0.00675	0.00196	0.00631	0.00806	0.00487	0.18817
1	0.01574	0.05857	0.01405	0.01184	0.03280	0.03304	0.00899	0.05881	0.03586	0.13091	0.05266	0.24392	0.07041	0.01305	0.00727	0.00218	0.00541	0.06291	0.00601	0.13558
2	0.01702	0.03772	0.05504	0.10448	0.07167	0.01353	0.05865	0.10811	0.07606	0.12132	0.05108	0.03031	0.12144	0.01280	0.05888	0.00284	0.00770	0.03685	0.00551	0.00899
3	0.01656	0.13428	0.02360	0.09648	0.11154	0.01621	0.10935	0.09051	0.03898	0.04447	0.03518	0.04215	0.01426	0.00965	0.04157	0.00240	0.03161	0.00662	0.07574	0.05881
4	0.01371	0.02848	0.01098	0.00947	0.01180	0.00873	0.00714	0.06509	0.03362	0.11345	0.16367	0.09022	0.20179	0.11614	0.05776	0.03816	0.00568	0.01091	0.00620	0.00698
5	0.01502	0.03375	0.08185	0.18334	0.17304	0.01469	0.07229	0.02056	0.07436	0.03477	0.01625	0.02066	0.02751	0.00741	0.00733	0.00206	0.03995	0.02727	0.02992	0.11796
6	0.01527	0.01450	0.02362	0.07205	0.49849	0.01460	0.03949	0.02005	0.06095	0.02186	0.02293	0.02549	0.12453	0.00814	0.00704	0.00212	0.00736	0.00761	0.00408	0.00979
7	0.01382	0.01177	0.01379	0.01010	0.01582	0.00890	0.00800	0.01674	0.01412	0.02199	0.01377	0.06086	0.01235	0.00610	0.00530	0.00112	0.00500	0.00502	0.00420	0.75126
8	0.20133	0.01960	0.01693	0.01452	0.04054	0.18404	0.01118	0.23334	0.04262	0.02964	0.01305	0.01421	0.01004	0.00698	0.00581	0.00184	0.00770	0.00490	0.00492	0.13681
9	0.01159	0.00809	0.01142	0.10976	0.06512	0.00817	0.00855	0.01245	0.01288	0.03963	0.08631	0.08337	0.14040	0.14603	0.01740	0.21319	0.00586	0.00960	0.00459	0.00560
10	0.00982	0.00687	0.00882	0.00934	0.01052	0.00667	0.00667	0.01162	0.03752	0.03608	0.05711	0.34883	0.17963	0.02462	0.12677	0.08710	0.00645	0.01407	0.00568	0.00579
11	0.01523	0.01506	0.08649	0.01440	0.01877	0.01384	0.08276	0.04738	0.32836	0.05303	0.13989	0.03194	0.10245	0.01023	0.00733	0.00226	0.00604	0.00892	0.00627	0.00938
12	0.01292	0.01216	0.02052	0.74312	0.04712	0.01520	0.01900	0.01748	0.01368	0.01748	0.01216	0.01824	0.00912	0.00684	0.00684	0.00228	0.00912	0.00608	0.00304	0.00760
13	0.01145	0.01020	0.01625	0.01422	0.01642	0.03331	0.11881	0.01435	0.01221	0.01698	0.01852	0.02577	0.03629	0.04005	0.54388	0.00874	0.04464	0.00752	0.00368	0.00671
14	0.01188	0.00594	0.00891	0.00891	0.00891	0.00594	0.00594	0.00891	0.00891	0.01188	0.01188	0.02080	0.01188	0.02377	0.02674	0.80095	0.00594	0.00594	0.00297	0.00297
15	0.01331	0.01110	0.01287	0.00960	0.01458	0.00861	0.00738	0.01582	0.01355	0.02072	0.01550	0.02076	0.03505	0.12684	0.00995	0.00196	0.00527	0.00533	0.00414	0.64764
16	0.04436	0.01312	0.01752	0.01423	0.01827	0.01345	0.11883	0.13553	0.17232	0.04458	0.09683	0.08522	0.11346	0.01061	0.00726	0.00219	0.00610	0.00937	0.02693	0.04981
17	0.10128	0.00844	0.00963	0.00957	0.01168	0.00825	0.00708	0.01593	0.05973	0.11186	0.03766	0.29367	0.17170	0.07517	0.00986	0.00282	0.00469	0.04785	0.00625	0.00688
18	0.01147	0.00822	0.00993	0.01018	0.01137	0.00827	0.00708	0.11983	0.01588	0.02126	0.05343	0.50399	0.03731	0.13308	0.01244	0.00324	0.00493	0.01562	0.00613	0.00635
19	0.01251	0.00808	0.00969	0.00961	0.01131	0.00787	0.00687	0.03633	0.08102	0.09124	0.09229	0.32331	0.10921	0.11035	0.01128	0.00296	0.00458	0.01357	0.05109	0.00683
20	0.05843	0.01060	0.01190	0.01068	0.01354	0.01099	0.00820	0.12146	0.12619	0.09819	0.14186	0.15386	0.07657	0.03670	0.00804	0.00236	0.00485	0.01032	0.08703	0.00822
21	0.01137	0.00828	0.00986	0.01002	0.01142	0.00824	0.00708	0.11985	0.01629	0.02159	0.05949	0.46951	0.10231	0.09755	0.01113	0.00301	0.00475	0.01557	0.00624	0.00644
22	0.01404	0.00818	0.01043	0.01007	0.01233	0.00758	0.00770	0.01721	0.05408	0.16941	0.17302	0.25019	0.14079	0.01569	0.00809	0.00246	0.00445	0.07981	0.00706	0.00742
23	0.12170	0.01031	0.01193	0.01216	0.04342	0.05890	0.00893	0.01557	0.01231	0.04191	0.01699	0.02364	0.01520	0.05785	0.46026	0.00774	0.01396	0.00659	0.05390	0.00675
24	0.80789	0.01323	0.01006	0.00900	0.01323	0.01535	0.00741	0.02011	0.01164	0.03070	0.00953	0.01111	0.00741	0.00635	0.00423	0.00212	0.00529	0.00370	0.00423	0.00741
25	0.01461	0.01241	0.01441	0.01033	0.01639	0.00955	0.00828	0.04157	0.01483	0.02304	0.01231	0.01427	0.01019	0.00518	0.00513	0.00105	0.00516	0.00413	0.00415	0.77299
