[name]
unknown

[dist]
# distance from previous block
# <min> <max>
1	30

[block]
# block no. 0 follows, 31 sequences, length 43
# corresponding to MSA columns:
# 35-77
name=unknown_A
#
# <colnr> <probs for GDERKNQSTAVLIFYWHMCP>
#	G	D	E	R	K	N	Q	S	T	A	V	L	I	F	Y	W	H	M	C	P
0	0.05374	0.12203	0.01932	0.09628	0.02107	0.21104	0.01166	0.09326	0.04596	0.02279	0.08909	0.01830	0.01590	0.00746	0.00603	0.00176	0.00791	0.00560	0.00444	0.14634
1	0.12527	0.01848	0.01566	0.01364	0.01764	0.22226	0.01083	0.10071	0.08002	0.12893	0.05124	0.02450	0.01731	0.00899	0.00654	0.00206	0.00768	0.07848	0.00557	0.06420
2	0.32528	0.01911	0.18675	0.01320	0.01891	0.01559	0.01301	0.09784	0.11348	0.07663	0.04761	0.01725	0.01341	0.00751	0.00582	0.00215	0.00667	0.00550	0.00502	0.00926
3	0.04345	0.00818	0.00966	0.00906	0.01143	0.00718	0.00654	0.01315	0.01416	0.05294	0.09480	0.28402	0.13206	0.09922	0.01048	0.00265	0.00451	0.01242	0.00572	0.17837
4	0.04660	0.01158	0.01529	0.07196	0.10341	0.01221	0.01145	0.11549	0.04365	0.08863	0.12994	0.11936	0.07709	0.01216	0.00824	0.00236	0.04090	0.07533	0.00595	0.00838
5	0.04694	0.07331	0.09190	0.07953	0.05592	0.05154	0.35234	0.07889	0.03985	0.04258	0.01396	0.01713	0.01049	0.00641	0.00712	0.00216	0.00990	0.00673	0.00391	0.00940
6	0.01136	0.00701	0.00878	0.00872	0.00982	0.00659	0.00600	0.01243	0.01377	0.07622	0.15849	0.17410	0.10231	0.25727	0.01844	0.07405	0.00506	0.03824	0.00573	0.00560
7	0.00994	0.00627	0.00846	0.00892	0.00942	0.00607	0.00603	0.00996	0.01219	0.01644	0.11860	0.27476	0.05960	0.10772	0.04966	0.26863	0.00545	0.01218	0.00501	0.00469
8	0.07566	0.06466	0.01869	0.08303	0.07678	0.01396	0.07041	0.10326	0.04411	0.08636	0.01894	0.10158	0.01707	0.07085	0.12070	0.00387	0.00886	0.00800	0.00486	0.00837
9	0.09639	0.14134	0.07558	0.01770	0.02356	0.09229	0.15841	0.26232	0.02129	0.02885	0.01321	0.01492	0.01001	0.00689	0.00637	0.00200	0.00881	0.00568	0.00462	0.00977
10	0.00833	0.00692	0.00717	0.00712	0.00926	0.00588	0.00528	0.01013	0.01572	0.01914	0.13086	0.06345	0.61937	0.04986	0.00927	0.00249	0.00358	0.01404	0.00637	0.00577
11	0.01419	0.01216	0.01419	0.01013	0.01621	0.00912	0.00811	0.01723	0.01419	0.02229	0.01216	0.01419	0.01013	0.00507	0.00507	0.00101	0.00507	0.00405	0.00405	0.80139
12	0.01300	0.01098	0.01271	0.00982	0.01470	0.00882	0.00771	0.01681	0.05595	0.02253	0.08669	0.05314	0.09789	0.00820	0.00595	0.00142	0.00469	0.00685	0.00491	0.55722
13	0.00947	0.00698	0.00885	0.00839	0.01009	0.00637	0.00629	0.01251	0.01887	0.02626	0.62884	0.05304	0.14972	0.01442	0.00807	0.00217	0.00326	0.01264	0.00738	0.00637
14	0.01774	0.01506	0.01588	0.01407	0.01807	0.01735	0.01100	0.08928	0.65043	0.02979	0.02693	0.02479	0.02014	0.00920	0.00695	0.00230	0.00558	0.00761	0.00695	0.01089
15	0.01316	0.01240	0.02095	0.70133	0.08705	0.01526	0.01912	0.01769	0.01379	0.01777	0.01220	0.01816	0.00922	0.00680	0.00684	0.00227	0.00906	0.00608	0.00306	0.00779
16	0.16009	0.01117	0.01206	0.01080	0.01386	0.01220	0.00839	0.06234	0.18451	0.10130	0.02265	0.02539	0.04927	0.06906	0.11601	0.03841	0.00727	0.00703	0.08001	0.00818
17	0.00930	0.00663	0.00806	0.00865	0.01003	0.00591	0.00612	0.01097	0.01494	0.04682	0.12806	0.41147	0.27074	0.01866	0.00836	0.00252	0.00379	0.01643	0.00658	0.00598
18	0.00922	0.00664	0.00801	0.00875	0.00977	0.00626	0.00603	0.01143	0.03934	0.01932	0.11053	0.42418	0.15379	0.08237	0.01045	0.00286	0.00403	0.01565	0.06556	0.00582
19	0.01462	0.01066	0.01203	0.01129	0.01367	0.01134	0.00838	0.13795	0.18099	0.04707	0.03011	0.29786	0.05373	0.07868	0.00992	0.00277	0.00517	0.01214	0.05362	0.00801
20	0.04857	0.00979	0.01181	0.01082	0.01364	0.00951	0.00839	0.11088	0.01776	0.19751	0.03323	0.26044	0.10212	0.03148	0.00825	0.00251	0.00515	0.06893	0.04113	0.00807
21	0.01269	0.00812	0.00992	0.00993	0.01183	0.00779	0.00750	0.04582	0.04290	0.09712	0.06484	0.26016	0.15823	0.08117	0.01044	0.00289	0.00483	0.11621	0.04080	0.00681
22	0.03267	0.00768	0.00891	0.00866	0.01032	0.00739	0.00629	0.05593	0.01679	0.02344	0.28703	0.17330	0.16598	0.09736	0.01073	0.00274	0.00411	0.01268	0.06172	0.00627
23	0.04145	0.00863	0.01026	0.01006	0.01202	0.00871	0.00740	0.01758	0.14837	0.06554	0.24384	0.27862	0.07282	0.03218	0.00848	0.00250	0.00422	0.01323	0.00683	0.00726
24	0.01062	0.00808	0.00943	0.00979	0.01120	0.03344	0.00737	0.01283	0.04531	0.01947	0.15333	0.17731	0.17144	0.04233	0.01193	0.11870	0.00494	0.14077	0.00590	0.00580
25	0.01437	0.01145	0.01224	0.01222	0.04085	0.04279	0.00893	0.02377	0.29477	0.02407	0.02648	0.05860	0.04898	0.04348	0.07374	0.00312	0.00639	0.03934	0.20618	0.00825
26	0.04677	0.01074	0.01186	0.01065	0.01347	0.01115	0.00812	0.13261	0.14171	0.05925	0.15116	0.12504	0.16495	0.06987	0.00957	0.00261	0.00495	0.01095	0.00659	0.00798
27	0.01246	0.01061	0.01042	0.01041	0.01209	0.10214	0.00751	0.04538	0.01655	0.04398	0.17825	0.35013	0.11953	0.03720	0.00876	0.00251	0.00516	0.01409	0.00626	0.00653
28	0.05126	0.01110	0.01443	0.04625	0.01675	0.04226	0.06007	0.02100	0.07013	0.18058	0.12142	0.03116	0.05523	0.01422	0.05972	0.07308	0.00687	0.04722	0.06929	0.00797
29	0.01445	0.01163	0.01828	0.34050	0.11823	0.01346	0.01502	0.01771	0.01389	0.08313	0.03954	0.08124	0.01631	0.06495	0.04454	0.00306	0.08433	0.00777	0.00411	0.00785
30	0.01289	0.00817	0.01024	0.01037	0.01203	0.00793	0.00751	0.06246	0.04785	0.10425	0.06481	0.46275	0.06462	0.05271	0.00950	0.00278	0.00467	0.04090	0.00661	0.00697
31	0.10893	0.06447	0.10219	0.07974	0.02487	0.11080	0.14245	0.09632	0.01631	0.02289	0.01228	0.01612	0.00996	0.03646	0.00946	0.00233	0.10021	0.00579	0.00380	0.03461
32	0.00869	0.00643	0.00771	0.00837	0.00944	0.00583	0.00575	0.00994	0.01397	0.01802	0.10546	0.36495	0.26171	0.09231	0.01183	0.03829	0.00409	0.01565	0.00609	0.00545
33	0.01094	0.00869	0.01069	0.01110	0.05334	0.00831	0.00768	0.04085	0.07625	0.02405	0.30785	0.14784	0.21146	0.01448	0.00785	0.00225	0.00410	0.01260	0.00664	0.03306
34	0.10059	0.05106	0.01959	0.03846	0.05183	0.05743	0.07875	0.18569	0.01882	0.02688	0.01742	0.05255	0.05367	0.00803	0.00681	0.00189	0.03157	0.00650	0.00477	0.18769
35	0.02947	0.03411	0.01253	0.02895	0.01426	0.03805	0.00852	0.04201	0.09572	0.04809	0.02622	0.22125	0.05506	0.07340	0.12410	0.00392	0.00757	0.02878	0.00532	0.10268
36	0.22250	0.04587	0.05978	0.05760	0.02012	0.04314	0.08123	0.10709	0.03726	0.02488	0.01365	0.01790	0.01127	0.01345	0.09128	0.05591	0.03797	0.02083	0.00419	0.03407
37	0.01180	0.00902	0.01245	0.06357	0.05827	0.02481	0.00934	0.01395	0.02836	0.03425	0.11126	0.05922	0.05551	0.08253	0.25442	0.10978	0.04220	0.00853	0.00444	0.00629
38	0.03104	0.00727	0.00872	0.00902	0.00996	0.00713	0.00610	0.02836	0.03059	0.03480	0.11626	0.30775	0.06205	0.26905	0.01724	0.00394	0.00503	0.03423	0.00577	0.00569
39	0.01342	0.06532	0.01318	0.01034	0.01306	0.00982	0.03474	0.03779	0.05783	0.09027	0.21722	0.09024	0.16229	0.04392	0.03666	0.00271	0.00531	0.03490	0.05363	0.00736
40	0.01062	0.00751	0.00953	0.00927	0.01010	0.00804	0.00639	0.04295	0.01195	0.01651	0.06131	0.03695	0.02364	0.40798	0.29989	0.00783	0.01096	0.00891	0.00429	0.00539
41	0.01843	0.01562	0.05103	0.01929	0.06639	0.01504	0.20086	0.19495	0.04965	0.07713	0.07686	0.02298	0.01728	0.01097	0.02836	0.08998	0.00827	0.02257	0.00519	0.00916
42	0.01186	0.00687	0.00936	0.00883	0.00962	0.00647	0.00593	0.01017	0.00977	0.01347	0.01353	0.02392	0.01382	0.14372	0.02525	0.56440	0.00594	0.00636	0.00331	0.10740

[dist]
# distance from previous block
# <min> <max>
0	2

[block]
# block no. 1 follows, 31 sequences, length 19
# corresponding to MSA columns:
# 80-98
name=unknown_B
#
# <colnr> <probs for GDERKNQSTAVLIFYWHMCP>
#	G	D	E	R	K	N	Q	S	T	A	V	L	I	F	Y	W	H	M	C	P
0	0.01799	0.07913	0.01836	0.04854	0.06255	0.25015	0.01205	0.07374	0.04093	0.01918	0.01445	0.01937	0.01274	0.05688	0.21221	0.00470	0.03936	0.00594	0.00388	0.00785
1	0.05625	0.12780	0.18392	0.01531	0.04340	0.01553	0.04720	0.07334	0.01429	0.02045	0.01502	0.06856	0.01406	0.08899	0.07115	0.05794	0.06822	0.00684	0.00378	0.00795
2	0.01513	0.01162	0.01489	0.18997	0.02273	0.01298	0.01158	0.04856	0.24881	0.07292	0.18919	0.03136	0.02852	0.01004	0.00720	0.00225	0.00585	0.03302	0.03463	0.00874
3	0.01366	0.00910	0.01130	0.08369	0.01465	0.00947	0.00776	0.05711	0.07082	0.08714	0.11767	0.08119	0.02810	0.35605	0.02003	0.00427	0.00613	0.00977	0.00545	0.00662
4	0.05033	0.01349	0.01997	0.11076	0.18650	0.03083	0.04817	0.03255	0.01411	0.02019	0.03676	0.06721	0.01760	0.04985	0.01248	0.00273	0.18777	0.08664	0.00405	0.00803
5	0.01615	0.15157	0.02419	0.10185	0.24065	0.03800	0.01556	0.05960	0.01471	0.01990	0.01257	0.01705	0.01094	0.01410	0.11972	0.00347	0.12189	0.00578	0.00346	0.00884
6	0.01084	0.00722	0.00977	0.03603	0.01192	0.00740	0.00731	0.01251	0.01280	0.05738	0.07648	0.22621	0.03116	0.21926	0.19173	0.00571	0.00856	0.05665	0.00521	0.00586
7	0.01575	0.02120	0.15116	0.02732	0.03476	0.01707	0.58400	0.02187	0.01587	0.02187	0.01359	0.01780	0.01010	0.00589	0.00782	0.00228	0.01130	0.00758	0.00337	0.00937
8	0.00917	0.00661	0.00759	0.00782	0.00872	0.00615	0.00511	0.01007	0.01298	0.01678	0.10143	0.17422	0.23440	0.31802	0.01968	0.03286	0.00490	0.01300	0.00545	0.00504
9	0.01188	0.00594	0.00891	0.00891	0.00891	0.00594	0.00594	0.00891	0.00891	0.01188	0.01188	0.02080	0.01188	0.02377	0.02674	0.80095	0.00594	0.00594	0.00297	0.00297
10	0.01325	0.01249	0.02111	0.68587	0.10181	0.01529	0.01916	0.01777	0.01383	0.01788	0.01222	0.01813	0.00926	0.00678	0.00683	0.00226	0.00904	0.00608	0.00307	0.00786
11	0.00950	0.00714	0.00909	0.00976	0.01129	0.00648	0.00735	0.01156	0.01477	0.01966	0.10722	0.37166	0.14448	0.01817	0.00842	0.00258	0.00442	0.15866	0.00627	0.07151
12	0.01025	0.00679	0.00828	0.00841	0.00901	0.00670	0.00540	0.01111	0.01186	0.04037	0.07103	0.17371	0.06506	0.44100	0.09661	0.00570	0.00692	0.01170	0.00498	0.00510
13	0.20940	0.01394	0.01375	0.01240	0.01617	0.01610	0.00967	0.03109	0.50134	0.02837	0.02307	0.02296	0.01780	0.04566	0.00767	0.00248	0.00544	0.00686	0.00616	0.00967
14	0.12264	0.01479	0.01658	0.08703	0.02050	0.01623	0.01145	0.36456	0.02334	0.09398	0.01923	0.12203	0.01626	0.00973	0.00672	0.00218	0.00662	0.00780	0.02866	0.00967
15	0.01464	0.00954	0.01026	0.00898	0.01113	0.00977	0.00651	0.15615	0.01652	0.02466	0.02012	0.02963	0.01838	0.27304	0.01583	0.00343	0.00544	0.00743	0.29770	0.06082
16	0.00904	0.00665	0.00808	0.00887	0.00988	0.00620	0.00630	0.01047	0.01367	0.01761	0.06269	0.31549	0.20958	0.17031	0.01397	0.00348	0.00470	0.11161	0.00593	0.00546
17	0.01160	0.00751	0.00884	0.00866	0.01091	0.00659	0.00661	0.01359	0.01596	0.11293	0.11230	0.15208	0.39074	0.03978	0.00897	0.00254	0.00418	0.07295	0.00667	0.00659
18	0.00869	0.00633	0.00800	0.00885	0.00969	0.00584	0.00604	0.01024	0.01436	0.01916	0.16951	0.47493	0.13231	0.07976	0.01065	0.00291	0.00398	0.01668	0.00640	0.00564

[dist]
# distance from previous block
# <min> <max>
2	6

[block]
# block no. 2 follows, 31 sequences, length 8
# corresponding to MSA columns:
# 106-113
name=unknown_C
#
# <colnr> <probs for GDERKNQSTAVLIFYWHMCP>
#	G	D	E	R	K	N	Q	S	T	A	V	L	I	F	Y	W	H	M	C	P
0	0.09255	0.08978	0.11708	0.05461	0.05368	0.20955	0.17787	0.08530	0.01753	0.02257	0.01210	0.01469	0.00940	0.00656	0.00645	0.00201	0.00999	0.00555	0.00372	0.00900
1	0.02176	0.01269	0.01649	0.01621	0.11519	0.01230	0.01119	0.11086	0.09734	0.29790	0.02808	0.08666	0.08580	0.00998	0.00706	0.00214	0.00590	0.00843	0.00678	0.04723
2	0.01221	0.00839	0.01115	0.01212	0.01391	0.00845	0.01007	0.01653	0.08255	0.06015	0.03517	0.19745	0.03742	0.01786	0.00893	0.00294	0.00575	0.44558	0.00650	0.00690
3	0.13074	0.01731	0.05051	0.01899	0.08415	0.08388	0.17929	0.04548	0.01632	0.12212	0.01435	0.01624	0.01069	0.00635	0.00632	0.00189	0.00806	0.00572	0.00449	0.17711
4	0.11200	0.01130	0.01343	0.01137	0.01521	0.01118	0.00889	0.02751	0.14868	0.36293	0.02561	0.09598	0.02025	0.09264	0.00986	0.00272	0.00559	0.00825	0.00701	0.00958
5	0.00931	0.00650	0.00807	0.00889	0.00984	0.00611	0.00629	0.01105	0.01419	0.01936	0.12247	0.37373	0.12213	0.10253	0.01126	0.00301	0.00428	0.07884	0.07646	0.00568
6	0.00949	0.00678	0.00855	0.00953	0.01037	0.00651	0.00693	0.01096	0.01327	0.01729	0.03656	0.29822	0.11424	0.21800	0.01585	0.00386	0.00527	0.19716	0.00575	0.00541
7	0.01657	0.11201	0.32828	0.01658	0.02343	0.01539	0.05930	0.02329	0.07918	0.11484	0.01918	0.02627	0.01581	0.00883	0.00690	0.00225	0.00826	0.10948	0.00458	0.00957

[dist]
# distance from previous block
# <min> <max>
0	1

[block]
# block no. 3 follows, 31 sequences, length 15
# corresponding to MSA columns:
# 115-129
name=unknown_D
#
# <colnr> <probs for GDERKNQSTAVLIFYWHMCP>
#	G	D	E	R	K	N	Q	S	T	A	V	L	I	F	Y	W	H	M	C	P
0	0.05523	0.00677	0.00815	0.00911	0.01012	0.00647	0.00639	0.01072	0.01355	0.01864	0.06790	0.46219	0.13995	0.08897	0.01086	0.00304	0.00437	0.06583	0.00607	0.00566
1	0.00980	0.00723	0.01047	0.01047	0.01151	0.00827	0.00790	0.01188	0.01084	0.01549	0.01880	0.02952	0.01825	0.15608	0.62926	0.01035	0.01660	0.00772	0.00374	0.00582
2	0.02076	0.02420	0.09217	0.01842	0.02329	0.30330	0.13736	0.07739	0.09750	0.05906	0.01657	0.06875	0.01370	0.00820	0.00691	0.00208	0.00986	0.00686	0.00456	0.00903
3	0.00897	0.00670	0.00796	0.00845	0.00965	0.00615	0.00599	0.01056	0.01439	0.01862	0.13658	0.24765	0.25714	0.15681	0.01337	0.00330	0.00441	0.07165	0.00610	0.00555
4	0.07936	0.00811	0.01088	0.01073	0.01225	0.00938	0.00828	0.01378	0.04038	0.01755	0.01816	0.02656	0.01690	0.08949	0.59530	0.00959	0.01592	0.00719	0.00388	0.00630
5	0.02043	0.09087	0.02024	0.08652	0.05519	0.01855	0.01277	0.28922	0.20127	0.06116	0.05911	0.02076	0.01677	0.00836	0.00670	0.00209	0.00682	0.00670	0.00605	0.01041
6	0.01537	0.05141	0.02081	0.43117	0.07156	0.11250	0.01666	0.01891	0.01414	0.01785	0.01194	0.01694	0.00958	0.00757	0.00874	0.00222	0.11420	0.00574	0.04490	0.00779
7	0.02641	0.01851	0.02013	0.01543	0.02089	0.02025	0.01275	0.63673	0.03107	0.10201	0.01734	0.01702	0.01209	0.00823	0.00685	0.00206	0.00738	0.00622	0.00698	0.01164
8	0.01996	0.01504	0.01650	0.01511	0.06664	0.04595	0.01112	0.32676	0.07915	0.07439	0.02675	0.12250	0.09930	0.01094	0.00714	0.00218	0.00639	0.00901	0.03553	0.00966
9	0.01814	0.08539	0.17681	0.01994	0.02528	0.14171	0.16843	0.08710	0.01653	0.02142	0.01182	0.01500	0.00944	0.00769	0.01000	0.00223	0.16469	0.00581	0.00354	0.00903
10	0.00843	0.00603	0.00802	0.00946	0.00994	0.00562	0.00636	0.00977	0.01354	0.01817	0.08562	0.70517	0.04662	0.02091	0.00869	0.00273	0.00392	0.01895	0.00643	0.00562
11	0.01372	0.03539	0.72412	0.01950	0.02961	0.01589	0.02528	0.02167	0.01444	0.02167	0.01228	0.01444	0.00867	0.00650	0.00650	0.00217	0.01011	0.00506	0.00289	0.01011
12	0.01615	0.01516	0.01804	0.12267	0.02282	0.10054	0.08713	0.10796	0.17099	0.02369	0.02444	0.18770	0.05065	0.01122	0.00741	0.00231	0.00734	0.00986	0.00540	0.00852
13	0.14557	0.08483	0.15230	0.09705	0.02119	0.03556	0.04184	0.01818	0.01436	0.03762	0.11935	0.02542	0.02012	0.07117	0.03335	0.00282	0.03224	0.03498	0.00428	0.00776
14	0.01336	0.01261	0.01870	0.23580	0.02540	0.01671	0.01470	0.01582	0.01149	0.01651	0.01193	0.01929	0.01104	0.05920	0.11383	0.00406	0.38282	0.00643	0.00316	0.00714

[dist]
# distance from previous block
# <min> <max>
1	13

[block]
# block no. 4 follows, 31 sequences, length 20
# corresponding to MSA columns:
# 143-162
name=unknown_E
#
# <colnr> <probs for GDERKNQSTAVLIFYWHMCP>
#	G	D	E	R	K	N	Q	S	T	A	V	L	I	F	Y	W	H	M	C	P
0	0.02019	0.01730	0.01898	0.05162	0.07531	0.07853	0.01283	0.28788	0.10864	0.03039	0.04810	0.01853	0.01441	0.00814	0.00785	0.00200	0.06620	0.00618	0.00545	0.12147
1	0.01468	0.00875	0.01131	0.02760	0.01327	0.00850	0.00805	0.01691	0.01622	0.19130	0.16152	0.14391	0.22627	0.01599	0.04157	0.00275	0.06557	0.01173	0.00661	0.00750
2	0.01820	0.47554	0.16658	0.01442	0.02042	0.12150	0.01475	0.02141	0.01455	0.01729	0.01016	0.01208	0.00877	0.00652	0.00615	0.00174	0.05388	0.00418	0.00301	0.00884
3	0.00979	0.00725	0.01060	0.01060	0.01169	0.00834	0.00806	0.01197	0.01088	0.01559	0.01868	0.02886	0.01797	0.12987	0.65507	0.01051	0.01703	0.00762	0.00372	0.00589
4	0.01854	0.00956	0.01224	0.01057	0.01377	0.00887	0.00825	0.04660	0.06089	0.29317	0.25308	0.12861	0.08171	0.01254	0.00758	0.00224	0.00463	0.01079	0.00760	0.00875
5	0.00988	0.00691	0.00886	0.00886	0.00934	0.00739	0.00589	0.01085	0.01036	0.01430	0.02028	0.03769	0.02180	0.47937	0.31081	0.00836	0.01126	0.00891	0.00396	0.00492
6	0.00961	0.00709	0.01025	0.01041	0.01146	0.00794	0.00783	0.01174	0.01155	0.01640	0.05394	0.11534	0.02332	0.10499	0.55461	0.00924	0.01494	0.00922	0.00421	0.00590
7	0.00847	0.00631	0.00792	0.00906	0.00999	0.00576	0.00633	0.00997	0.01406	0.01829	0.07537	0.53991	0.19200	0.02008	0.00860	0.00267	0.00394	0.04922	0.00640	0.00568
8	0.05120	0.00835	0.00957	0.00910	0.01116	0.00835	0.00681	0.04921	0.04656	0.10465	0.09177	0.16389	0.02802	0.08482	0.00935	0.00256	0.00450	0.03611	0.26690	0.00712
9	0.01111	0.00743	0.00842	0.00805	0.00874	0.00748	0.00507	0.05260	0.01302	0.01811	0.12193	0.04245	0.02926	0.54608	0.02686	0.00530	0.00592	0.00979	0.06726	0.00511
10	0.05009	0.01018	0.00946	0.00906	0.01116	0.06643	0.00681	0.07446	0.04804	0.02535	0.02311	0.14373	0.02062	0.01013	0.00580	0.00190	0.00462	0.00831	0.46368	0.00706
11	0.00966	0.00729	0.00881	0.00941	0.01084	0.00695	0.00709	0.01238	0.04784	0.01938	0.10623	0.21098	0.22534	0.11427	0.01197	0.00316	0.00474	0.17153	0.00619	0.00595
12	0.01478	0.00952	0.01129	0.01037	0.01298	0.00940	0.00783	0.05317	0.14063	0.13933	0.17056	0.18296	0.14471	0.04943	0.00902	0.00254	0.00461	0.01195	0.00696	0.00796
13	0.14608	0.01196	0.01242	0.01112	0.01422	0.01308	0.00856	0.12251	0.21579	0.02801	0.13317	0.08884	0.08090	0.07256	0.00918	0.00261	0.00520	0.00920	0.00625	0.00834
14	0.00990	0.00766	0.00875	0.00880	0.01081	0.00722	0.00680	0.01363	0.07349	0.02170	0.19464	0.08365	0.33892	0.03670	0.00881	0.00251	0.00409	0.11090	0.04464	0.00640
15	0.04711	0.01191	0.01350	0.01146	0.01505	0.01232	0.00908	0.16455	0.14474	0.14731	0.18948	0.05433	0.09315	0.01097	0.00714	0.00216	0.00509	0.00911	0.04238	0.00916
16	0.01673	0.01214	0.01256	0.01145	0.01445	0.07966	0.00892	0.07798	0.09805	0.14489	0.10698	0.13728	0.16834	0.01342	0.00766	0.00232	0.00559	0.06671	0.00668	0.00818
17	0.05542	0.01070	0.01225	0.01129	0.01415	0.01104	0.00876	0.13100	0.11456	0.10805	0.05701	0.23611	0.09253	0.01387	0.00754	0.00240	0.00512	0.06155	0.03840	0.00826
18	0.01751	0.01092	0.01255	0.01097	0.01407	0.03342	0.00854	0.06124	0.14893	0.18584	0.27123	0.06823	0.03554	0.01111	0.00720	0.00214	0.00480	0.00944	0.07759	0.00876
19	0.06797	0.01568	0.07208	0.01341	0.01820	0.01503	0.01148	0.14384	0.28137	0.14346	0.08761	0.02371	0.02047	0.00881	0.00674	0.00214	0.00599	0.00713	0.00661	0.04827

[dist]
# distance from previous block
# <min> <max>
7	11

[block]
# block no. 5 follows, 31 sequences, length 24
# corresponding to MSA columns:
# 176-194,197-201
name=unknown_F
#
# <colnr> <probs for GDERKNQSTAVLIFYWHMCP>
#	G	D	E	R	K	N	Q	S	T	A	V	L	I	F	Y	W	H	M	C	P
0	0.01233	0.03073	0.01150	0.00998	0.01256	0.01041	0.00765	0.06274	0.17950	0.02465	0.24100	0.04426	0.21786	0.06620	0.03591	0.00284	0.00499	0.01082	0.00653	0.00754
1	0.00867	0.00618	0.00806	0.00932	0.00985	0.00581	0.00629	0.00997	0.01339	0.01790	0.08375	0.59943	0.06063	0.08935	0.01112	0.00310	0.00424	0.04120	0.00623	0.00552
2	0.01769	0.01296	0.01594	0.01445	0.05060	0.01380	0.04663	0.07078	0.33201	0.12257	0.04984	0.02961	0.05461	0.12404	0.01135	0.00291	0.00609	0.00828	0.00636	0.00949
3	0.07691	0.07992	0.09258	0.01474	0.02047	0.10474	0.01309	0.33397	0.02320	0.05973	0.01417	0.01493	0.01050	0.00720	0.00613	0.00186	0.00783	0.00524	0.00527	0.10753
4	0.36358	0.01234	0.01332	0.01073	0.01560	0.01229	0.00885	0.02707	0.01598	0.39950	0.01895	0.01773	0.01260	0.00743	0.00568	0.00208	0.00557	0.00541	0.00649	0.03879
5	0.00973	0.00663	0.00767	0.00792	0.00815	0.00653	0.00478	0.01010	0.01085	0.01433	0.02630	0.12817	0.05953	0.60534	0.02939	0.00583	0.00617	0.04349	0.00460	0.00449
6	0.01554	0.14298	0.04505	0.01176	0.01561	0.01391	0.01029	0.07414	0.14128	0.07890	0.06504	0.04100	0.17322	0.01214	0.00723	0.00227	0.00577	0.12945	0.00598	0.00845
7	0.20773	0.01481	0.01584	0.01294	0.01765	0.01593	0.01066	0.27103	0.09168	0.19292	0.01977	0.02190	0.01473	0.00869	0.00644	0.00219	0.00631	0.05199	0.00658	0.01020
8	0.01538	0.00852	0.00960	0.00889	0.01125	0.00843	0.00699	0.08412	0.01672	0.10742	0.02804	0.03557	0.08044	0.06094	0.00813	0.00230	0.00457	0.09007	0.40532	0.00731
9	0.00840	0.00633	0.00781	0.00888	0.00989	0.00573	0.00620	0.00988	0.01410	0.01819	0.06927	0.51617	0.23160	0.01995	0.00856	0.00264	0.00389	0.04046	0.00639	0.00567
10	0.09713	0.01179	0.01288	0.01195	0.01508	0.01289	0.00914	0.02693	0.36377	0.10226	0.05276	0.20411	0.02662	0.01205	0.00715	0.00238	0.00501	0.01027	0.00672	0.00912
11	0.06570	0.00742	0.00935	0.00926	0.01056	0.00819	0.00689	0.01310	0.01183	0.01874	0.04652	0.02964	0.01976	0.16340	0.39160	0.00747	0.01188	0.00756	0.15523	0.00592
12	0.01552	0.01297	0.01410	0.01313	0.01633	0.01467	0.01011	0.05728	0.51893	0.02680	0.02957	0.16074	0.02581	0.01190	0.00740	0.00243	0.00528	0.04054	0.00681	0.00969
13	0.01188	0.00594	0.00891	0.00891	0.00891	0.00594	0.00594	0.00891	0.00891	0.01188	0.01188	0.02080	0.01188	0.02377	0.02674	0.80095	0.00594	0.00594	0.00297	0.00297
14	0.02676	0.01619	0.01848	0.01436	0.01962	0.01704	0.01180	0.40852	0.09040	0.27222	0.02108	0.01960	0.01429	0.00840	0.00687	0.00210	0.00675	0.00655	0.00741	0.01156
15	0.00899	0.00683	0.00839	0.00909	0.01056	0.00622	0.00688	0.01107	0.01546	0.01997	0.15492	0.27654	0.27558	0.01836	0.00855	0.00259	0.00413	0.14342	0.00653	0.00592
16	0.01811	0.48518	0.03022	0.01742	0.14488	0.04366	0.01303	0.02132	0.04232	0.05050	0.01305	0.04078	0.01165	0.00841	0.03181	0.00204	0.00775	0.00514	0.00360	0.00913
17	0.02404	0.03008	0.01961	0.01767	0.02069	0.63023	0.01347	0.02576	0.01811	0.01670	0.01035	0.01271	0.00884	0.00776	0.00850	0.00194	0.11758	0.00463	0.00345	0.00787
18	0.02091	0.01209	0.01551	0.05644	0.05160	0.01210	0.01051	0.14715	0.07128	0.24277	0.02214	0.05224	0.04371	0.01177	0.01052	0.14794	0.00622	0.00722	0.00607	0.05180
19	0.02430	0.09490	0.05877	0.01722	0.02130	0.63357	0.01374	0.02643	0.01865	0.01695	0.01058	0.01234	0.00880	0.00692	0.00604	0.00176	0.01179	0.00438	0.00344	0.00812
20	0.01504	0.01257	0.01479	0.01513	0.09454	0.03495	0.01040	0.09160	0.24115	0.02851	0.31946	0.03422	0.03722	0.01077	0.00738	0.00217	0.00521	0.00928	0.00668	0.00894
21	0.01706	0.01557	0.02413	0.02586	0.27225	0.04336	0.13891	0.04829	0.04152	0.05733	0.04295	0.02121	0.01467	0.00709	0.00683	0.00194	0.00779	0.03713	0.00436	0.17177
22	0.01021	0.00770	0.00918	0.00873	0.01067	0.00719	0.00654	0.05888	0.01848	0.02488	0.40768	0.13256	0.24105	0.01537	0.00806	0.00226	0.00368	0.01332	0.00702	0.00652
23	0.01321	0.01177	0.01223	0.04155	0.01569	0.11883	0.01050	0.04270	0.01618	0.01990	0.03094	0.24492	0.03396	0.01686	0.00855	0.00276	0.00676	0.34031	0.00578	0.00662

[dist]
# distance from previous block
# <min> <max>
0	1

[block]
# block no. 6 follows, 31 sequences, length 23
# corresponding to MSA columns:
# 203-225
name=unknown_G
#
# <colnr> <probs for GDERKNQSTAVLIFYWHMCP>
#	G	D	E	R	K	N	Q	S	T	A	V	L	I	F	Y	W	H	M	C	P
0	0.00979	0.00725	0.01060	0.01060	0.01169	0.00834	0.00806	0.01197	0.01088	0.01559	0.01868	0.02885	0.01796	0.12954	0.65539	0.01051	0.01703	0.00762	0.00372	0.00589
1	0.62923	0.01183	0.00963	0.00874	0.01246	0.01329	0.00707	0.01819	0.01299	0.02908	0.10283	0.02152	0.08482	0.00839	0.00509	0.00214	0.00485	0.00585	0.00485	0.00713
2	0.00890	0.00649	0.00824	0.00877	0.00981	0.00598	0.00613	0.01084	0.01553	0.02103	0.29061	0.37341	0.12893	0.06073	0.00991	0.00271	0.00379	0.01570	0.00666	0.00583
3	0.00903	0.00654	0.00744	0.00785	0.00858	0.00612	0.00500	0.00980	0.01229	0.01576	0.03865	0.23344	0.21679	0.36841	0.02086	0.00447	0.00509	0.01361	0.00531	0.00495
4	0.01671	0.01539	0.01572	0.01192	0.01736	0.09673	0.00950	0.08365	0.01637	0.02338	0.01224	0.01422	0.01007	0.00592	0.00616	0.00129	0.03985	0.00439	0.00421	0.59492
5	0.00886	0.00688	0.00805	0.00792	0.00975	0.00608	0.00588	0.01125	0.01717	0.02260	0.36912	0.11319	0.35653	0.01608	0.00813	0.00227	0.00339	0.01386	0.00691	0.00608
6	0.01339	0.01156	0.02020	0.13547	0.13469	0.01207	0.13949	0.01655	0.04944	0.01815	0.01618	0.08040	0.01483	0.01721	0.09891	0.19372	0.00914	0.00775	0.00371	0.00715
7	0.72306	0.01306	0.01069	0.00934	0.01369	0.01477	0.00770	0.02155	0.01251	0.10611	0.01143	0.01244	0.00845	0.00658	0.00452	0.00212	0.00535	0.00405	0.00470	0.00787
8	0.01672	0.01603	0.02738	0.07979	0.68078	0.01620	0.02089	0.02081	0.01548	0.02209	0.01283	0.01700	0.01074	0.00614	0.00678	0.00205	0.00818	0.00609	0.00337	0.01066
9	0.00979	0.00725	0.01060	0.01060	0.01168	0.00833	0.00805	0.01196	0.01088	0.01559	0.01869	0.02890	0.01798	0.13141	0.65356	0.01050	0.01700	0.00763	0.00372	0.00589
10	0.01017	0.00823	0.00924	0.00965	0.01053	0.05161	0.00669	0.01147	0.01236	0.01603	0.02965	0.27469	0.09049	0.21607	0.20554	0.00582	0.00890	0.01246	0.00491	0.00551
11	0.01515	0.01273	0.01471	0.01059	0.01662	0.01011	0.00851	0.07262	0.01566	0.02400	0.01251	0.01437	0.01026	0.00532	0.00521	0.00110	0.00527	0.00423	0.00428	0.73676
12	0.00867	0.00628	0.00808	0.00903	0.00981	0.00581	0.00617	0.01027	0.01443	0.01939	0.17824	0.52086	0.10133	0.05580	0.00982	0.00280	0.00391	0.01713	0.00649	0.00569
13	0.00858	0.00661	0.00775	0.00831	0.00971	0.00591	0.00594	0.01027	0.01486	0.01899	0.13072	0.30857	0.33489	0.05767	0.00978	0.00272	0.00390	0.04272	0.00637	0.00571
14	0.01861	0.02342	0.09929	0.02315	0.02878	0.20388	0.34790	0.04472	0.04154	0.02101	0.01302	0.01637	0.01010	0.00689	0.00852	0.00220	0.07145	0.00658	0.00362	0.00897
15	0.04777	0.00652	0.00823	0.00959	0.01038	0.00623	0.00670	0.01043	0.01338	0.01841	0.03803	0.62592	0.08147	0.02026	0.00853	0.00275	0.00419	0.06927	0.00624	0.00572
16	0.01014	0.00673	0.00799	0.00814	0.00881	0.00642	0.00518	0.01100	0.01251	0.04155	0.10260	0.19879	0.10117	0.42304	0.02279	0.00475	0.00536	0.01257	0.00535	0.00512
17	0.01041	0.00820	0.00965	0.00980	0.01184	0.00801	0.00766	0.01532	0.11818	0.02227	0.19400	0.12723	0.25928	0.01615	0.00827	0.00250	0.00436	0.15343	0.00669	0.00676
18	0.06564	0.04310	0.01878	0.01442	0.01863	0.01777	0.01195	0.33198	0.04358	0.16758	0.01728	0.01817	0.01266	0.01205	0.06601	0.00290	0.11501	0.00619	0.00607	0.01024
19	0.01118	0.00780	0.00905	0.00880	0.00960	0.00799	0.00585	0.06434	0.01261	0.01675	0.02498	0.04513	0.06540	0.53630	0.08471	0.00607	0.00742	0.06621	0.00463	0.00517
20	0.00982	0.00672	0.00858	0.00897	0.01029	0.00611	0.00640	0.01185	0.01589	0.05455	0.27125	0.38385	0.14470	0.01771	0.00833	0.00247	0.00373	0.01574	0.00685	0.00618
21	0.07980	0.05418	0.01033	0.00876	0.00977	0.06565	0.00571	0.01279	0.01124	0.01542	0.01982	0.07562	0.02226	0.55136	0.02674	0.00535	0.00686	0.00912	0.00415	0.00507
22	0.36744	0.19472	0.01882	0.01207	0.01612	0.18075	0.01007	0.02124	0.01380	0.02260	0.01017	0.01283	0.00879	0.03444	0.00692	0.00210	0.05149	0.00422	0.00369	0.00774

[dist]
# distance from previous block
# <min> <max>
0	7

[block]
# block no. 7 follows, 31 sequences, length 31
# corresponding to MSA columns:
# 233-263
name=unknown_H
#
# <colnr> <probs for GDERKNQSTAVLIFYWHMCP>
#	G	D	E	R	K	N	Q	S	T	A	V	L	I	F	Y	W	H	M	C	P
0	0.14200	0.18204	0.08563	0.07017	0.03686	0.09488	0.01306	0.08532	0.09554	0.06086	0.01391	0.01545	0.01084	0.00775	0.00698	0.02867	0.03158	0.00514	0.00434	0.00897
1	0.00970	0.00663	0.00791	0.00805	0.00836	0.00658	0.00494	0.01037	0.01152	0.01562	0.10515	0.13521	0.03174	0.53929	0.06576	0.00585	0.00652	0.01131	0.00480	0.00470
2	0.01372	0.01035	0.01456	0.01223	0.01541	0.00987	0.08222	0.06989	0.03736	0.06091	0.14154	0.11890	0.05457	0.05162	0.09105	0.00330	0.00703	0.03157	0.04843	0.12547
3	0.00939	0.00755	0.00855	0.00891	0.01042	0.03021	0.00653	0.01148	0.01608	0.02089	0.24795	0.27399	0.25101	0.01735	0.00829	0.00244	0.00401	0.05233	0.00661	0.00601
4	0.01612	0.01254	0.01319	0.01160	0.01459	0.03969	0.00923	0.17929	0.13511	0.02792	0.07286	0.03378	0.14154	0.01109	0.00784	0.00217	0.05156	0.04598	0.16547	0.00839
5	0.00910	0.00647	0.00843	0.00916	0.01016	0.00603	0.00654	0.01120	0.01556	0.02143	0.27291	0.42005	0.07644	0.01805	0.00837	0.00252	0.00379	0.05153	0.03632	0.00595
6	0.00959	0.00754	0.00855	0.00853	0.01034	0.00709	0.00625	0.01311	0.07878	0.02103	0.21121	0.14102	0.32701	0.08443	0.01056	0.00275	0.00403	0.03544	0.00649	0.00624
7	0.80789	0.01323	0.01006	0.00900	0.01323	0.01535	0.00741	0.02011	0.01164	0.03070	0.00953	0.01111	0.00741	0.00635	0.00423	0.00212	0.00529	0.00370	0.00423	0.00741
8	0.00946	0.00681	0.00845	0.00864	0.00947	0.00678	0.00591	0.01079	0.01254	0.01680	0.10518	0.13379	0.12548	0.32051	0.16230	0.00582	0.00780	0.03315	0.00507	0.00525
9	0.05881	0.00960	0.01103	0.01009	0.01266	0.00968	0.00762	0.08106	0.08417	0.13870	0.09102	0.19609	0.05720	0.06166	0.00882	0.00251	0.00477	0.01055	0.13609	0.00786
10	0.01976	0.01249	0.01454	0.01243	0.01630	0.01312	0.00982	0.06796	0.33355	0.22020	0.17102	0.02977	0.02845	0.00999	0.00717	0.00221	0.00519	0.00838	0.00749	0.01018
11	0.40417	0.01270	0.01326	0.01078	0.01557	0.01303	0.00890	0.05259	0.01625	0.36315	0.01818	0.01717	0.01215	0.00744	0.00561	0.00211	0.00563	0.00533	0.00637	0.00961
12	0.00977	0.00733	0.01100	0.01100	0.01222	0.00855	0.00855	0.01222	0.01100	0.01588	0.01833	0.02688	0.01710	0.05131	0.73245	0.01100	0.01833	0.00733	0.00367	0.00611
13	0.00935	0.00666	0.00817	0.00859	0.00991	0.00602	0.00606	0.01113	0.01524	0.04115	0.20208	0.34867	0.22474	0.05782	0.00975	0.00270	0.00386	0.01559	0.00657	0.00593
14	0.00982	0.00713	0.00997	0.00997	0.01084	0.00800	0.00728	0.01156	0.01069	0.01512	0.01926	0.03206	0.01935	0.25635	0.53049	0.00973	0.01494	0.00809	0.00380	0.00554
15	0.01933	0.01722	0.05430	0.01357	0.01725	0.17948	0.04690	0.08960	0.06159	0.11709	0.04380	0.10858	0.01906	0.00954	0.00658	0.00203	0.00717	0.00783	0.17057	0.00851
16	0.01275	0.00638	0.00638	0.00638	0.00797	0.00638	0.00478	0.01594	0.01435	0.02551	0.02232	0.02551	0.01754	0.00797	0.00478	0.00159	0.00319	0.00638	0.79755	0.00638
17	0.00839	0.00600	0.00799	0.00949	0.00994	0.00559	0.00636	0.00967	0.01336	0.01789	0.06622	0.72539	0.04606	0.02112	0.00870	0.00275	0.00394	0.01915	0.00640	0.00559
18	0.01806	0.72668	0.07082	0.01210	0.01817	0.02650	0.01240	0.02055	0.01393	0.01638	0.00965	0.01115	0.00877	0.00589	0.00450	0.00150	0.00746	0.00373	0.00292	0.00885
19	0.01702	0.01470	0.01547	0.01392	0.01779	0.01702	0.01083	0.03635	0.70453	0.02862	0.02785	0.02553	0.02088	0.00928	0.00696	0.00232	0.00541	0.00773	0.00696	0.01083
20	0.09379	0.01291	0.01816	0.36178	0.11212	0.05248	0.01520	0.01718	0.01313	0.01851	0.01249	0.01930	0.01061	0.01009	0.01072	0.12606	0.05599	0.02895	0.00333	0.00721
21	0.01995	0.01615	0.01712	0.01452	0.01891	0.01839	0.01154	0.25069	0.48542	0.03334	0.02412	0.02256	0.01787	0.00893	0.00692	0.00223	0.00610	0.00722	0.00692	0.01109
22	0.01038	0.00654	0.00847	0.00910	0.00972	0.00634	0.00606	0.01121	0.01221	0.05191	0.02926	0.40589	0.03324	0.21201	0.07193	0.05947	0.00596	0.01409	0.03081	0.00539
23	0.80789	0.01323	0.01006	0.00900	0.01323	0.01535	0.00741	0.02011	0.01164	0.03070	0.00953	0.01111	0.00741	0.00635	0.00423	0.00212	0.00529	0.00370	0.00423	0.00741
24	0.01412	0.01216	0.01454	0.05050	0.01792	0.00945	0.00871	0.01724	0.01416	0.02203	0.01216	0.01441	0.01008	0.00516	0.00516	0.00108	0.00529	0.00416	0.00400	0.75767
25	0.00850	0.00638	0.00769	0.00851	0.00954	0.00578	0.00583	0.00991	0.01406	0.01818	0.09714	0.43772	0.24447	0.08029	0.01063	0.00291	0.00398	0.01664	0.00626	0.00557
26	0.01111	0.00741	0.01041	0.01027	0.01125	0.00808	0.00756	0.04755	0.01194	0.01659	0.04055	0.08862	0.01973	0.07785	0.37343	0.22804	0.01194	0.00823	0.00402	0.00539
27	0.72134	0.01244	0.00993	0.00899	0.01276	0.01432	0.00725	0.01889	0.01135	0.02865	0.00978	0.01217	0.00790	0.00824	0.00668	0.08897	0.00536	0.00395	0.00410	0.00693
28	0.01083	0.00711	0.01024	0.01129	0.04611	0.00731	0.00762	0.01115	0.01139	0.01554	0.04297	0.11722	0.02326	0.13293	0.17749	0.27192	0.00859	0.07784	0.00420	0.00499
29	0.00921	0.00656	0.00813	0.00902	0.01023	0.00593	0.00642	0.01078	0.01438	0.04176	0.06800	0.47343	0.23486	0.01945	0.00851	0.00262	0.00400	0.05438	0.00646	0.00589
30	0.01656	0.01280	0.01527	0.14215	0.04380	0.03836	0.01135	0.09283	0.19782	0.08607	0.04440	0.03146	0.06643	0.12171	0.01129	0.00292	0.00669	0.04380	0.00567	0.00861

[dist]
# distance from previous block
# <min> <max>
2	5

[block]
# block no. 8 follows, 31 sequences, length 23
# corresponding to MSA columns:
# 269-291
name=unknown_I
#
# <colnr> <probs for GDERKNQSTAVLIFYWHMCP>
#	G	D	E	R	K	N	Q	S	T	A	V	L	I	F	Y	W	H	M	C	P
0	0.32258	0.01825	0.04106	0.01299	0.01681	0.19494	0.03066	0.05179	0.04733	0.04474	0.01382	0.04725	0.01170	0.01221	0.07171	0.03578	0.00870	0.00556	0.00434	0.00779
1	0.01143	0.00784	0.01128	0.01081	0.01250	0.00857	0.00836	0.01377	0.01168	0.06363	0.01877	0.02704	0.01719	0.08899	0.60207	0.00960	0.01606	0.00728	0.00404	0.04908
2	0.55238	0.01445	0.01210	0.01015	0.01480	0.05298	0.00824	0.06534	0.01396	0.02908	0.01058	0.01216	0.00832	0.00625	0.00468	0.00187	0.00578	0.00398	0.00434	0.16857
3	0.01099	0.01062	0.05844	0.04312	0.01446	0.00962	0.00888	0.01691	0.15419	0.02075	0.09875	0.09522	0.25373	0.06512	0.10482	0.00373	0.00673	0.01105	0.00571	0.00716
4	0.01452	0.01049	0.04516	0.03863	0.01478	0.00979	0.00917	0.08404	0.04480	0.11267	0.11551	0.16676	0.02967	0.14013	0.09992	0.00411	0.00729	0.03923	0.00588	0.00745
5	0.06989	0.01633	0.03952	0.07710	0.05885	0.09990	0.01139	0.06580	0.05787	0.02354	0.01307	0.01511	0.01045	0.00612	0.00567	0.00153	0.00684	0.00476	0.00420	0.41206
6	0.05393	0.19081	0.01996	0.09215	0.01972	0.17888	0.01114	0.04754	0.08624	0.05616	0.01869	0.02161	0.05981	0.07166	0.00839	0.00229	0.00780	0.00615	0.03891	0.00816
7	0.62254	0.01469	0.01195	0.03431	0.01561	0.05536	0.00872	0.05373	0.08265	0.02987	0.01183	0.01311	0.00909	0.00679	0.00482	0.00212	0.00592	0.00434	0.00455	0.00799
8	0.01584	0.01498	0.02393	0.05439	0.28792	0.01709	0.07423	0.06384	0.01456	0.02095	0.01268	0.01773	0.01101	0.01368	0.10258	0.00348	0.23217	0.00639	0.00353	0.00903
9	0.00983	0.00660	0.00757	0.00765	0.00775	0.00655	0.00440	0.01006	0.01060	0.01421	0.05503	0.09175	0.02807	0.67613	0.03185	0.00617	0.00630	0.01069	0.00445	0.00435
10	0.17004	0.01366	0.01965	0.28724	0.15150	0.01531	0.04674	0.05946	0.01478	0.02331	0.01243	0.01644	0.00974	0.00679	0.00681	0.00211	0.03808	0.00559	0.03928	0.06105
11	0.18451	0.01308	0.01495	0.01180	0.01688	0.01277	0.00966	0.09880	0.07553	0.36768	0.02061	0.01918	0.01395	0.00767	0.00613	0.00199	0.00577	0.00589	0.00678	0.10637
12	0.01506	0.01277	0.01547	0.09565	0.02023	0.01087	0.00979	0.07586	0.01568	0.02354	0.01253	0.01485	0.01015	0.00554	0.00543	0.00125	0.00575	0.00447	0.00418	0.64093
13	0.07422	0.01264	0.01867	0.20569	0.02554	0.01441	0.08955	0.04936	0.10971	0.05462	0.06944	0.02145	0.01591	0.01056	0.01128	0.11062	0.08714	0.00686	0.00447	0.00785
14	0.01101	0.00600	0.00851	0.00888	0.00904	0.00590	0.00590	0.00939	0.01015	0.01380	0.01872	0.19113	0.02042	0.05822	0.02208	0.54587	0.00541	0.00926	0.03654	0.00376
15	0.00944	0.00660	0.00762	0.00798	0.00844	0.00637	0.00499	0.01003	0.01156	0.01507	0.03181	0.18051	0.12529	0.48878	0.02521	0.00517	0.00568	0.03977	0.00495	0.00472
16	0.01648	0.01227	0.03850	0.01709	0.14475	0.01158	0.01171	0.06262	0.08943	0.14285	0.10356	0.03917	0.16396	0.01169	0.00789	0.00230	0.02324	0.08582	0.00618	0.00892
17	0.08758	0.01399	0.01766	0.20710	0.05785	0.01573	0.01323	0.20710	0.07440	0.02695	0.01488	0.01807	0.01161	0.01194	0.07180	0.03578	0.02617	0.00595	0.00468	0.07752
18	0.01189	0.00791	0.00973	0.00996	0.01163	0.00759	0.00717	0.04250	0.06795	0.08640	0.08573	0.45924	0.13035	0.01768	0.00821	0.00255	0.00428	0.01566	0.00670	0.00687
19	0.00971	0.00716	0.00953	0.06151	0.01268	0.00742	0.00731	0.01120	0.01236	0.01645	0.03264	0.13393	0.18814	0.11899	0.23837	0.07782	0.00917	0.01072	0.02935	0.00555
20	0.17040	0.04159	0.12951	0.09113	0.02337	0.06393	0.07873	0.10305	0.01699	0.11567	0.01664	0.08967	0.01374	0.00841	0.00648	0.00217	0.00780	0.00691	0.00481	0.00898
21	0.07781	0.03586	0.04803	0.07241	0.01738	0.06069	0.01019	0.05706	0.13553	0.05515	0.04546	0.10300	0.05722	0.08791	0.05494	0.05285	0.00721	0.00850	0.00513	0.00767
22	0.05520	0.01055	0.05490	0.01107	0.01366	0.00915	0.06667	0.06169	0.01487	0.02063	0.03515	0.22478	0.19363	0.14194	0.01226	0.00310	0.00562	0.01224	0.04635	0.00655

[dist]
# distance from previous block
# <min> <max>
19	75

[block]
# block no. 9 follows, 31 sequences, length 13
# corresponding to MSA columns:
# 376-388
name=unknown_J
#
# <colnr> <probs for GDERKNQSTAVLIFYWHMCP>
#	G	D	E	R	K	N	Q	S	T	A	V	L	I	F	Y	W	H	M	C	P
0	0.01774	0.01426	0.01962	0.06394	0.08003	0.03423	0.10160	0.15497	0.09708	0.07998	0.06021	0.06400	0.01873	0.06013	0.05037	0.00292	0.00792	0.00788	0.00539	0.05897
1	0.13453	0.01581	0.05680	0.07835	0.06416	0.04742	0.01238	0.15638	0.10755	0.14248	0.03970	0.05833	0.03920	0.00886	0.00660	0.00217	0.00676	0.00710	0.00580	0.00961
2	0.02236	0.01561	0.01917	0.08413	0.08344	0.01685	0.01319	0.28012	0.13697	0.16058	0.01908	0.01926	0.01368	0.00812	0.00739	0.00211	0.03595	0.00643	0.00622	0.04934
3	0.06648	0.05950	0.05168	0.13568	0.02430	0.01618	0.06265	0.13637	0.17262	0.13072	0.01988	0.06144	0.01536	0.00851	0.00676	0.00219	0.00712	0.00716	0.00564	0.00977
4	0.06040	0.03705	0.03352	0.10421	0.01850	0.03900	0.01021	0.06910	0.06409	0.08528	0.02563	0.18608	0.06715	0.06553	0.00946	0.01793	0.00620	0.03774	0.00539	0.05753
5	0.03943	0.01370	0.01768	0.06434	0.05192	0.01412	0.04447	0.14099	0.16568	0.23851	0.02260	0.06528	0.01723	0.03366	0.00785	0.00231	0.00651	0.00758	0.00650	0.03963
6	0.15989	0.01574	0.06082	0.05917	0.06764	0.01546	0.05075	0.13336	0.15381	0.07351	0.01811	0.02147	0.01421	0.00803	0.00645	0.00213	0.00682	0.04769	0.00533	0.07959
7	0.13462	0.05659	0.10673	0.06471	0.02042	0.04180	0.02916	0.04423	0.22468	0.06850	0.02059	0.02168	0.04792	0.03682	0.00736	0.00227	0.00678	0.00645	0.00512	0.05355
8	0.06457	0.01910	0.05425	0.13023	0.05308	0.15916	0.01341	0.18593	0.04602	0.07172	0.01494	0.01791	0.01166	0.05449	0.00816	0.00226	0.00832	0.00577	0.00480	0.07420
9	0.04988	0.04701	0.05252	0.01357	0.01717	0.05588	0.01127	0.17679	0.10078	0.10866	0.02192	0.15385	0.02000	0.04520	0.00964	0.00251	0.07099	0.02753	0.00583	0.00901
10	0.05880	0.01755	0.06896	0.11829	0.10981	0.08830	0.01420	0.15139	0.06037	0.12550	0.06160	0.01957	0.01515	0.00772	0.00660	0.00204	0.00760	0.00624	0.00526	0.05505
11	0.06637	0.01521	0.05276	0.08622	0.11169	0.05968	0.01266	0.10302	0.11947	0.05518	0.10194	0.07758	0.04690	0.00950	0.00686	0.00212	0.00662	0.00798	0.00540	0.05284
12	0.18035	0.01507	0.01560	0.10126	0.08214	0.10248	0.01144	0.07974	0.07728	0.05199	0.08167	0.06798	0.03847	0.00888	0.00639	0.00208	0.00676	0.00712	0.00505	0.05827

[dist]
# distance from previous block
# <min> <max>
0	4

[block]
# block no. 10 follows, 31 sequences, length 11
# corresponding to MSA columns:
# 393-403
name=unknown_K
#
# <colnr> <probs for GDERKNQSTAVLIFYWHMCP>
#	G	D	E	R	K	N	Q	S	T	A	V	L	I	F	Y	W	H	M	C	P
0	0.01584	0.11381	0.03908	0.14181	0.04427	0.07989	0.05616	0.03464	0.13570	0.04307	0.08511	0.02637	0.03797	0.06893	0.02821	0.00270	0.00780	0.02558	0.00474	0.00832
1	0.01025	0.00665	0.00844	0.00836	0.00875	0.00673	0.00539	0.01047	0.01121	0.01534	0.11633	0.03881	0.02698	0.42372	0.12182	0.15513	0.00757	0.00919	0.00434	0.00451
2	0.01619	0.01057	0.01509	0.08473	0.01877	0.00959	0.07145	0.01935	0.01540	0.15494	0.04337	0.11803	0.01916	0.00896	0.00640	0.00185	0.00565	0.00791	0.15355	0.21905
3	0.59610	0.01280	0.01164	0.00986	0.01438	0.01391	0.00813	0.02372	0.01381	0.21898	0.01429	0.01443	0.01001	0.00693	0.00495	0.00212	0.00544	0.00457	0.00539	0.00856
4	0.01598	0.01395	0.01802	0.08625	0.17907	0.03835	0.01306	0.06343	0.16211	0.03889	0.01970	0.12180	0.01758	0.00915	0.00711	0.00205	0.02312	0.00789	0.00497	0.15754
5	0.54705	0.01093	0.00907	0.00858	0.01178	0.01230	0.00677	0.01785	0.01235	0.02787	0.01587	0.11815	0.01461	0.00877	0.00497	0.00211	0.00471	0.00641	0.15289	0.00696
6	0.01802	0.01858	0.03284	0.02872	0.17828	0.05353	0.38412	0.11056	0.01797	0.02423	0.01352	0.01735	0.01048	0.00659	0.00839	0.00223	0.05390	0.00709	0.00387	0.00972
7	0.01328	0.01260	0.02195	0.56844	0.08086	0.01479	0.08263	0.01780	0.01421	0.01845	0.01456	0.02358	0.01211	0.00780	0.00719	0.00235	0.00904	0.06714	0.00340	0.00782
8	0.01161	0.00884	0.01161	0.11294	0.01668	0.00919	0.00899	0.10195	0.01721	0.02315	0.18555	0.37089	0.06298	0.01581	0.00804	0.00245	0.00498	0.01404	0.00622	0.00686
