[name]
unknown

[dist]
# distance from previous block
# <min> <max>
0	21

[block]
# block no. 0 follows, 33 sequences, length 14
# corresponding to MSA columns:
# 21-34
name=unknown_A
#
# <colnr> <probs for GDERKNQSTAVLIFYWHMCP>
#	G	D	E	R	K	N	Q	S	T	A	V	L	I	F	Y	W	H	M	C	P
0	0.01061	0.00758	0.01061	0.01212	0.01364	0.00758	0.01061	0.01364	0.01515	0.01970	0.03486	0.07426	0.03789	0.01819	0.00909	0.00303	0.00606	0.68326	0.00606	0.00606
1	0.01271	0.01198	0.02024	0.70193	0.09408	0.01470	0.01842	0.01706	0.01329	0.01716	0.01175	0.01746	0.00889	0.00653	0.00658	0.00218	0.00871	0.00585	0.00295	0.00754
2	0.02600	0.01170	0.01507	0.01177	0.01639	0.01086	0.00963	0.13387	0.02069	0.52604	0.12222	0.02513	0.02192	0.00885	0.00678	0.00203	0.00551	0.00725	0.00778	0.01050
3	0.01399	0.01072	0.01368	0.01036	0.01519	0.00856	0.04887	0.01683	0.01493	0.09387	0.07973	0.02652	0.14265	0.00805	0.00598	0.00147	0.00490	0.00684	0.00496	0.47192
4	0.01365	0.01170	0.01365	0.00975	0.01560	0.00878	0.00780	0.01658	0.01365	0.02145	0.01170	0.01365	0.00975	0.00488	0.00488	0.00098	0.00488	0.00390	0.00390	0.80888
5	0.01454	0.01535	0.10031	0.01500	0.05911	0.01196	0.09095	0.08190	0.05415	0.02351	0.05188	0.02038	0.06400	0.00693	0.00607	0.00161	0.00636	0.00605	0.00439	0.36556
6	0.01342	0.01167	0.01444	0.01066	0.01596	0.00934	0.03190	0.01626	0.01350	0.02092	0.01307	0.05803	0.01170	0.00611	0.00590	0.00120	0.03743	0.00499	0.00397	0.69951
7	0.01243	0.01170	0.01975	0.75282	0.04534	0.01463	0.01828	0.01682	0.01316	0.01682	0.01170	0.01755	0.00878	0.00658	0.00658	0.00219	0.00878	0.00585	0.00293	0.00731
8	0.01651	0.01567	0.02570	0.16443	0.39335	0.05779	0.12451	0.02053	0.01528	0.06042	0.03342	0.01778	0.01175	0.00635	0.00673	0.00203	0.00848	0.00628	0.00361	0.00938
9	0.02437	0.01811	0.01939	0.01501	0.02016	0.02011	0.01235	0.65446	0.08319	0.04043	0.01664	0.01647	0.01187	0.00798	0.00659	0.00200	0.00709	0.00604	0.00659	0.01114
10	0.01450	0.01424	0.02210	0.46137	0.28092	0.05838	0.01862	0.01856	0.01413	0.01841	0.01185	0.01678	0.00933	0.00635	0.00652	0.00208	0.00863	0.00576	0.00307	0.00841
11	0.01902	0.01325	0.01544	0.01279	0.01597	0.01461	0.01014	0.34016	0.04242	0.08455	0.05303	0.06352	0.01744	0.07178	0.06964	0.07077	0.06378	0.00738	0.00569	0.00862
12	0.09058	0.01666	0.01810	0.32649	0.07097	0.17010	0.01441	0.07669	0.01577	0.02046	0.01380	0.01714	0.03978	0.00714	0.00662	0.00199	0.03118	0.00554	0.00365	0.05292
13	0.01237	0.00920	0.01317	0.16220	0.06518	0.01025	0.01011	0.01480	0.04008	0.05845	0.02025	0.11182	0.03962	0.18393	0.08043	0.06153	0.06311	0.00861	0.02853	0.00636

[dist]
# distance from previous block
# <min> <max>
0	3

[block]
# block no. 1 follows, 33 sequences, length 30
# corresponding to MSA columns:
# 38-67
name=unknown_B
#
# <colnr> <probs for GDERKNQSTAVLIFYWHMCP>
#	G	D	E	R	K	N	Q	S	T	A	V	L	I	F	Y	W	H	M	C	P
0	0.01199	0.00837	0.01174	0.01373	0.11824	0.00838	0.00855	0.01455	0.03186	0.07043	0.10304	0.16658	0.05201	0.13526	0.15391	0.00444	0.00751	0.01011	0.06257	0.00673
1	0.04041	0.00764	0.00977	0.00994	0.03588	0.00732	0.00687	0.01452	0.01417	0.12676	0.14932	0.20199	0.08602	0.14688	0.07459	0.00365	0.00570	0.01123	0.04084	0.00649
2	0.11001	0.01049	0.01308	0.09659	0.01695	0.02509	0.05418	0.06013	0.04204	0.02203	0.14078	0.09253	0.17025	0.07620	0.00983	0.00256	0.03558	0.00970	0.00518	0.00679
3	0.04696	0.01583	0.02269	0.22709	0.32139	0.10327	0.06609	0.01941	0.01481	0.01982	0.04096	0.01768	0.01191	0.00813	0.03468	0.00235	0.00889	0.00600	0.00339	0.00865
4	0.01019	0.00673	0.00834	0.00849	0.00995	0.00610	0.00611	0.01198	0.01487	0.07565	0.20188	0.28993	0.20181	0.08409	0.01024	0.00272	0.00398	0.03463	0.00635	0.00596
5	0.05067	0.01310	0.02110	0.27658	0.22261	0.01537	0.04434	0.01733	0.01282	0.01853	0.01188	0.01717	0.00998	0.01172	0.08614	0.00313	0.15039	0.00594	0.00314	0.00806
6	0.01742	0.10547	0.07364	0.14650	0.07077	0.17380	0.25331	0.04507	0.01596	0.01938	0.01183	0.01525	0.00925	0.00615	0.00656	0.00198	0.01000	0.00584	0.00329	0.00852
7	0.01202	0.00788	0.00977	0.01034	0.05203	0.00754	0.00698	0.01526	0.06510	0.08765	0.14755	0.18473	0.15564	0.09193	0.00990	0.00260	0.00429	0.01145	0.11066	0.00670
8	0.01011	0.00659	0.00828	0.00842	0.00961	0.00633	0.00603	0.01208	0.01415	0.04763	0.20833	0.21743	0.09039	0.12726	0.08172	0.00363	0.00534	0.03018	0.10071	0.00578
9	0.07526	0.01457	0.01606	0.07545	0.06005	0.04357	0.01131	0.21606	0.20290	0.02812	0.01798	0.02036	0.01416	0.06047	0.00878	0.00236	0.04100	0.00634	0.07613	0.00907
10	0.08577	0.00686	0.00747	0.00769	0.00887	0.00707	0.00544	0.01294	0.01216	0.01999	0.02297	0.15760	0.02309	0.19694	0.06335	0.00363	0.00531	0.03605	0.31124	0.00555
11	0.01472	0.01468	0.02273	0.20838	0.14776	0.05802	0.12302	0.03285	0.03770	0.01876	0.01266	0.01758	0.01051	0.01222	0.09300	0.00321	0.15451	0.00623	0.00334	0.00811
12	0.04767	0.05715	0.02162	0.32850	0.29130	0.01484	0.01665	0.01784	0.01355	0.01895	0.01232	0.01797	0.01039	0.05880	0.00810	0.00229	0.00782	0.00579	0.00321	0.04524
13	0.01075	0.00717	0.00887	0.00898	0.01034	0.00685	0.00641	0.05913	0.01526	0.04939	0.16739	0.35925	0.11713	0.04687	0.00985	0.04946	0.00411	0.01378	0.04300	0.00602
14	0.01475	0.01406	0.02393	0.32565	0.45442	0.01524	0.01943	0.01885	0.01426	0.01963	0.01211	0.01680	0.00977	0.00615	0.00654	0.00205	0.00820	0.00586	0.00313	0.00918
15	0.01532	0.01402	0.05039	0.33991	0.29028	0.01448	0.01776	0.05092	0.01503	0.06536	0.01438	0.05728	0.01182	0.00722	0.00665	0.00211	0.00792	0.00656	0.00372	0.00888
16	0.01280	0.01186	0.01980	0.55274	0.15992	0.01403	0.01731	0.01675	0.01315	0.01731	0.01263	0.01928	0.01033	0.05661	0.03712	0.00275	0.00881	0.00614	0.00307	0.00759
17	0.01254	0.00787	0.01143	0.05123	0.05370	0.00840	0.00809	0.05831	0.01104	0.01493	0.01295	0.03766	0.01254	0.04142	0.06719	0.54675	0.02989	0.00624	0.00329	0.00453
18	0.01931	0.04848	0.02052	0.06153	0.07740	0.32174	0.01419	0.05255	0.01532	0.01764	0.01011	0.01361	0.00884	0.00842	0.01166	0.00218	0.28027	0.00507	0.00330	0.00788
19	0.00964	0.00975	0.05913	0.05692	0.01360	0.04634	0.00827	0.01179	0.01421	0.01828	0.11129	0.39868	0.18462	0.01639	0.00781	0.00239	0.00480	0.01441	0.00565	0.00603
20	0.01427	0.01424	0.02135	0.06977	0.05828	0.01891	0.05862	0.01634	0.01092	0.01653	0.00966	0.01533	0.00910	0.01179	0.04356	0.00301	0.59199	0.00594	0.00295	0.00744
21	0.01523	0.01494	0.02642	0.10263	0.47888	0.01534	0.12172	0.01914	0.01450	0.02042	0.01365	0.06010	0.01204	0.00705	0.00763	0.00211	0.04848	0.00689	0.00338	0.00943
22	0.00813	0.00598	0.00762	0.00869	0.00948	0.00548	0.00595	0.00957	0.01364	0.01802	0.11728	0.57826	0.14929	0.01923	0.00824	0.00254	0.00367	0.01723	0.00624	0.00548
23	0.01499	0.01498	0.02069	0.04730	0.17427	0.05688	0.01506	0.01700	0.01170	0.01694	0.01042	0.01662	0.01000	0.05801	0.01767	0.00281	0.47790	0.00595	0.00306	0.00773
24	0.01538	0.01500	0.04762	0.11665	0.37340	0.01471	0.10293	0.06663	0.03464	0.02253	0.04058	0.02065	0.04902	0.00704	0.00670	0.00203	0.00769	0.00674	0.04078	0.00930
25	0.04466	0.01029	0.01380	0.01593	0.14287	0.01088	0.01010	0.04215	0.08809	0.03964	0.13981	0.22888	0.06981	0.03810	0.00942	0.00245	0.06913	0.01100	0.00548	0.00751
26	0.01762	0.01844	0.04467	0.03937	0.11211	0.10856	0.21973	0.12297	0.04378	0.02261	0.01357	0.04205	0.01127	0.00787	0.00961	0.00222	0.14403	0.00670	0.00394	0.00888
27	0.01220	0.01088	0.01728	0.45365	0.08370	0.01301	0.01495	0.01684	0.06108	0.01733	0.01456	0.02124	0.01218	0.06376	0.15604	0.00413	0.01009	0.00644	0.00340	0.00725
28	0.05719	0.01552	0.06460	0.15047	0.19623	0.07791	0.04097	0.03331	0.05976	0.10053	0.04365	0.04453	0.01423	0.00858	0.00785	0.05776	0.00756	0.00648	0.00429	0.00859
29	0.11706	0.01977	0.01786	0.03636	0.08551	0.27217	0.04890	0.07143	0.10324	0.07783	0.01728	0.05171	0.03696	0.00797	0.00625	0.00198	0.00825	0.00624	0.00466	0.00858

[dist]
# distance from previous block
# <min> <max>
0	32

[block]
# block no. 2 follows, 33 sequences, length 74
# corresponding to MSA columns:
# 100-173
name=unknown_C
#
# <colnr> <probs for GDERKNQSTAVLIFYWHMCP>
#	G	D	E	R	K	N	Q	S	T	A	V	L	I	F	Y	W	H	M	C	P
0	0.07620	0.01720	0.01666	0.01452	0.05255	0.12253	0.01103	0.30333	0.07453	0.07892	0.02151	0.02138	0.09395	0.00843	0.00635	0.00193	0.00694	0.00647	0.00567	0.05990
1	0.07229	0.01173	0.01459	0.01120	0.01612	0.01006	0.05922	0.04283	0.04387	0.02238	0.01693	0.10480	0.03464	0.00751	0.00567	0.00147	0.00529	0.00643	0.00442	0.50855
2	0.02956	0.08874	0.02817	0.09870	0.01726	0.09572	0.00977	0.01721	0.10326	0.01896	0.05490	0.19716	0.15706	0.01267	0.00703	0.00221	0.00597	0.04353	0.00509	0.00703
3	0.02127	0.01614	0.01732	0.01400	0.01847	0.01788	0.01131	0.48373	0.17690	0.03579	0.02172	0.07110	0.04529	0.00937	0.00679	0.00209	0.00641	0.00747	0.00656	0.01039
4	0.31554	0.01495	0.07503	0.01128	0.01658	0.01350	0.01001	0.12672	0.01630	0.14718	0.01381	0.01438	0.00998	0.00647	0.00525	0.00180	0.00586	0.00463	0.00500	0.18575
5	0.00883	0.00702	0.00802	0.00806	0.00991	0.00624	0.00584	0.01122	0.04085	0.01919	0.14513	0.24908	0.34768	0.03948	0.00851	0.00237	0.00370	0.01390	0.00608	0.05887
6	0.01332	0.01276	0.01840	0.43460	0.03292	0.04659	0.02737	0.01726	0.03104	0.01829	0.06714	0.01902	0.01332	0.00769	0.00867	0.00212	0.11766	0.00608	0.00349	0.10226
7	0.04821	0.00865	0.01027	0.00932	0.01201	0.00806	0.00714	0.06795	0.01692	0.18447	0.13852	0.19920	0.23528	0.01402	0.00740	0.00223	0.00430	0.01196	0.00669	0.00739
8	0.08927	0.15542	0.52173	0.01635	0.02464	0.01709	0.01999	0.02105	0.04006	0.02102	0.01168	0.01344	0.00869	0.00624	0.00573	0.00197	0.00867	0.00461	0.00306	0.00930
9	0.01732	0.65693	0.03222	0.06657	0.01914	0.04975	0.01197	0.01955	0.01340	0.01562	0.00935	0.01129	0.00848	0.00600	0.00523	0.00154	0.04067	0.00382	0.00285	0.00828
10	0.05061	0.00849	0.01018	0.01056	0.01258	0.00858	0.00873	0.05712	0.04503	0.02084	0.03788	0.05928	0.19005	0.06929	0.03107	0.00315	0.00578	0.35860	0.00582	0.00636
11	0.01374	0.00764	0.00955	0.00897	0.01114	0.00692	0.00681	0.01574	0.01544	0.18281	0.15079	0.12964	0.18570	0.11691	0.01111	0.00283	0.00455	0.07825	0.03467	0.00679
12	0.02261	0.13820	0.02030	0.01552	0.01919	0.56538	0.01207	0.02548	0.06162	0.01704	0.01147	0.01293	0.00950	0.00678	0.00569	0.00168	0.01043	0.00440	0.03181	0.00787
13	0.00927	0.00939	0.06234	0.01129	0.01358	0.00744	0.08472	0.01162	0.01394	0.01827	0.06722	0.40258	0.21485	0.01657	0.00801	0.00245	0.00494	0.02975	0.00561	0.00615
14	0.05002	0.03486	0.04562	0.05777	0.01846	0.01098	0.03133	0.05827	0.01437	0.02203	0.01180	0.01426	0.00965	0.00621	0.00621	0.04101	0.00578	0.00437	0.00386	0.55314
15	0.02094	0.01641	0.01745	0.01432	0.01886	0.01851	0.01152	0.38858	0.35465	0.03489	0.02100	0.01995	0.01540	0.00839	0.00664	0.00210	0.00628	0.00664	0.00664	0.01083
16	0.47780	0.01547	0.05774	0.01110	0.01528	0.06781	0.00952	0.06275	0.03863	0.09909	0.01264	0.01459	0.00976	0.04081	0.00697	0.00225	0.04060	0.00466	0.00455	0.00797
17	0.01049	0.00752	0.00972	0.00996	0.01145	0.00741	0.00751	0.01302	0.04142	0.05017	0.07915	0.31844	0.09925	0.05158	0.07898	0.00342	0.03223	0.11333	0.00573	0.04923
18	0.01389	0.12649	0.15155	0.04596	0.02096	0.01428	0.13585	0.06852	0.04638	0.02117	0.02128	0.15589	0.05961	0.00967	0.00662	0.00208	0.00710	0.00861	0.07603	0.00806
19	0.01699	0.01457	0.01653	0.01381	0.03813	0.04839	0.01077	0.20174	0.04939	0.02574	0.04363	0.04604	0.03430	0.00847	0.00888	0.00185	0.14217	0.00618	0.00480	0.26763
20	0.04457	0.01482	0.06821	0.18868	0.18458	0.01349	0.06527	0.05111	0.01515	0.08304	0.01331	0.01620	0.01014	0.00609	0.00614	0.00181	0.00739	0.00545	0.00391	0.20062
21	0.02289	0.08887	0.02149	0.01835	0.12671	0.06728	0.01322	0.39951	0.06184	0.09150	0.01573	0.01615	0.01155	0.00738	0.00632	0.00192	0.00737	0.00572	0.00565	0.01054
22	0.02187	0.01368	0.01689	0.04668	0.09695	0.03853	0.01162	0.17646	0.07342	0.27365	0.06739	0.02494	0.06035	0.00892	0.00709	0.00208	0.02193	0.02121	0.00643	0.00992
23	0.01589	0.07663	0.02218	0.22808	0.29847	0.13177	0.01624	0.01916	0.01476	0.01833	0.01529	0.01937	0.05498	0.03330	0.00727	0.00211	0.00834	0.00605	0.00336	0.00843
24	0.01589	0.06230	0.02197	0.22328	0.20890	0.04671	0.04355	0.11064	0.01639	0.02160	0.01622	0.02233	0.04354	0.00813	0.00772	0.00214	0.06000	0.05618	0.00390	0.00861
25	0.01566	0.01475	0.02493	0.03727	0.64824	0.01475	0.01914	0.01947	0.01501	0.02131	0.01488	0.02273	0.01348	0.00723	0.00680	0.00207	0.00763	0.08113	0.00357	0.00994
26	0.01365	0.01170	0.01365	0.00975	0.01560	0.00878	0.00780	0.01658	0.01365	0.02145	0.01170	0.01365	0.00975	0.00488	0.00488	0.00098	0.00488	0.00390	0.00390	0.80888
27	0.00802	0.00573	0.00764	0.00917	0.00955	0.00535	0.00611	0.00917	0.01260	0.01681	0.03628	0.76434	0.04354	0.02062	0.00840	0.00267	0.00382	0.01872	0.00611	0.00535
28	0.00821	0.00592	0.00779	0.00907	0.00967	0.00551	0.00621	0.00962	0.01335	0.01782	0.10095	0.64590	0.07544	0.01971	0.00834	0.00261	0.00380	0.03842	0.00621	0.00546
29	0.00781	0.00656	0.00678	0.00696	0.00897	0.00553	0.00513	0.00941	0.01472	0.01767	0.06309	0.14637	0.64421	0.01714	0.00785	0.00228	0.00339	0.01446	0.00611	0.00553
30	0.02548	0.01104	0.01446	0.01152	0.01602	0.01011	0.00936	0.03012	0.10674	0.55965	0.10875	0.02585	0.02220	0.00888	0.00677	0.00207	0.00526	0.00735	0.00786	0.01051
31	0.02149	0.01693	0.03385	0.08055	0.02153	0.04827	0.01245	0.38330	0.18190	0.07980	0.03945	0.01917	0.01467	0.00812	0.00661	0.00205	0.00694	0.00639	0.00619	0.01034
32	0.00957	0.00641	0.00733	0.00733	0.00738	0.00646	0.00418	0.00967	0.00962	0.01288	0.02060	0.04231	0.02360	0.73659	0.06510	0.00657	0.00688	0.00946	0.00397	0.00407
33	0.01657	0.01501	0.01558	0.01273	0.04684	0.09762	0.00962	0.11928	0.01673	0.02353	0.01239	0.01435	0.01011	0.00735	0.03458	0.00163	0.00668	0.00445	0.00419	0.53077
34	0.06653	0.07952	0.06928	0.25713	0.25796	0.12327	0.01721	0.01998	0.01451	0.01920	0.01134	0.01506	0.00911	0.00625	0.00609	0.00196	0.00861	0.00522	0.00316	0.00861
35	0.76469	0.01284	0.01034	0.00920	0.01302	0.01511	0.00759	0.01913	0.01113	0.02867	0.00913	0.01093	0.00722	0.00645	0.00518	0.00209	0.05244	0.00370	0.00400	0.00713
36	0.01266	0.00767	0.00990	0.04155	0.01201	0.00787	0.05742	0.03543	0.01415	0.02371	0.01997	0.02358	0.01581	0.01072	0.06252	0.00233	0.00517	0.00631	0.62470	0.00652
37	0.10897	0.07495	0.10426	0.01749	0.04311	0.05956	0.14925	0.22234	0.03774	0.09815	0.01450	0.01569	0.01054	0.00681	0.00629	0.00200	0.00810	0.00574	0.00483	0.00967
38	0.01627	0.01968	0.12913	0.32916	0.10260	0.16208	0.01759	0.02025	0.01455	0.04770	0.01183	0.01567	0.00912	0.00697	0.00763	0.00210	0.07080	0.00540	0.00325	0.00821
39	0.02312	0.01718	0.01882	0.04387	0.02058	0.01890	0.01220	0.61437	0.02859	0.03837	0.01681	0.06297	0.01310	0.00856	0.00665	0.00200	0.00702	0.00667	0.00633	0.03389
40	0.01365	0.01170	0.01365	0.00975	0.01560	0.00878	0.00780	0.01658	0.01365	0.02145	0.01170	0.01365	0.00975	0.00488	0.00488	0.00098	0.00488	0.00390	0.00390	0.80888
41	0.01389	0.04486	0.07523	0.36398	0.11491	0.01559	0.09646	0.01971	0.08271	0.01923	0.01425	0.01995	0.01146	0.00729	0.00741	0.00220	0.04277	0.03624	0.00350	0.00832
42	0.00896	0.00658	0.00818	0.00814	0.00948	0.00606	0.00590	0.01122	0.01611	0.02195	0.42210	0.14645	0.16432	0.09902	0.01076	0.00269	0.00370	0.03614	0.00651	0.00574
43	0.01653	0.01743	0.02070	0.20478	0.24732	0.18523	0.01607	0.02029	0.04241	0.01834	0.01245	0.01661	0.01035	0.01071	0.07349	0.00281	0.06714	0.00564	0.00334	0.00835
44	0.00955	0.00680	0.00840	0.00839	0.01010	0.00614	0.00634	0.01192	0.01640	0.04856	0.34634	0.15984	0.24919	0.01565	0.00793	0.00228	0.00362	0.06977	0.00668	0.00607
45	0.00802	0.00573	0.00764	0.00917	0.00955	0.00535	0.00611	0.00917	0.01260	0.01681	0.03628	0.76434	0.04354	0.02062	0.00840	0.00267	0.00382	0.01872	0.00611	0.00535
46	0.01467	0.02299	0.27319	0.05027	0.05725	0.01608	0.42590	0.02083	0.01488	0.02087	0.01272	0.01639	0.00940	0.00583	0.00717	0.00216	0.01044	0.00665	0.00313	0.00917
47	0.01448	0.01400	0.02154	0.44070	0.25733	0.04743	0.01806	0.01965	0.06594	0.01906	0.01296	0.01742	0.01012	0.00654	0.00654	0.00210	0.00835	0.00590	0.00333	0.00854
48	0.02361	0.02802	0.01829	0.01635	0.01996	0.58405	0.01242	0.09157	0.10619	0.01993	0.01277	0.01382	0.01018	0.00716	0.00609	0.00179	0.01061	0.00480	0.00410	0.00831
49	0.11125	0.01664	0.06263	0.23044	0.17572	0.07757	0.03327	0.12929	0.01685	0.02362	0.01508	0.01796	0.04778	0.00710	0.00629	0.00204	0.00798	0.00588	0.00393	0.00869
50	0.01020	0.00792	0.01131	0.07828	0.07650	0.00843	0.00858	0.01137	0.01173	0.01589	0.02478	0.36675	0.02837	0.17812	0.01570	0.06225	0.06098	0.01256	0.00464	0.00564
51	0.05356	0.01471	0.01653	0.04468	0.01849	0.01640	0.01113	0.41778	0.05552	0.05490	0.01860	0.10575	0.01572	0.01179	0.04827	0.00259	0.04048	0.00749	0.03615	0.00947
52	0.05834	0.01276	0.02051	0.45305	0.23068	0.01468	0.01739	0.01844	0.04563	0.01913	0.01243	0.01723	0.00976	0.00704	0.00711	0.03057	0.00803	0.00580	0.00325	0.00815
53	0.01210	0.00865	0.01131	0.04463	0.01382	0.00877	0.02967	0.11669	0.01573	0.04786	0.03067	0.45039	0.06631	0.03913	0.03931	0.00288	0.00546	0.01392	0.03602	0.00668
54	0.01157	0.00884	0.01214	0.04493	0.06342	0.00931	0.00889	0.01336	0.04414	0.01697	0.04944	0.14248	0.02282	0.13169	0.01648	0.16129	0.08272	0.07645	0.00434	0.07872
55	0.00825	0.00635	0.00758	0.00825	0.00959	0.00568	0.00598	0.00995	0.01444	0.01848	0.12616	0.35064	0.32333	0.01804	0.00812	0.00245	0.00369	0.06121	0.00624	0.00558
56	0.02264	0.01702	0.01835	0.01466	0.01943	0.01892	0.01204	0.54746	0.14693	0.03773	0.01888	0.02098	0.01440	0.00873	0.00676	0.00209	0.00682	0.04886	0.00657	0.01074
57	0.10943	0.01388	0.02245	0.30378	0.36600	0.01519	0.03838	0.01886	0.01387	0.02069	0.01177	0.01615	0.00940	0.00615	0.00629	0.00206	0.00795	0.00564	0.00323	0.00882
58	0.01261	0.01188	0.02007	0.72013	0.07664	0.01467	0.01837	0.01698	0.01325	0.01704	0.01173	0.01749	0.00885	0.00655	0.00658	0.00218	0.00873	0.00585	0.00294	0.00746
59	0.01461	0.01390	0.02338	0.25011	0.47944	0.01470	0.01867	0.01852	0.01445	0.01988	0.01560	0.01963	0.05495	0.00676	0.00662	0.00204	0.00782	0.00637	0.00334	0.00919
60	0.00937	0.00689	0.00966	0.00966	0.01062	0.00771	0.00716	0.01118	0.01054	0.01483	0.02040	0.03126	0.04808	0.20701	0.55471	0.00930	0.01454	0.00790	0.00374	0.00545
61	0.01753	0.01488	0.02298	0.13494	0.44539	0.03029	0.01745	0.07199	0.04735	0.08593	0.01452	0.01756	0.01135	0.00785	0.02973	0.00228	0.00799	0.00601	0.00406	0.00991
62	0.00870	0.00633	0.00832	0.00970	0.01037	0.00611	0.00683	0.01087	0.04516	0.01763	0.03568	0.65018	0.04181	0.01980	0.00840	0.00269	0.00414	0.09545	0.00613	0.00566
63	0.01594	0.01583	0.05703	0.18706	0.48001	0.01589	0.01926	0.07078	0.01562	0.02184	0.01237	0.01636	0.00999	0.00634	0.00692	0.00204	0.02778	0.00582	0.00341	0.00971
64	0.01466	0.01406	0.03850	0.07224	0.13669	0.07477	0.03399	0.07815	0.04584	0.01996	0.01612	0.06791	0.01507	0.10941	0.12218	0.00388	0.06472	0.00715	0.00401	0.06069
65	0.00915	0.00655	0.00802	0.00813	0.00880	0.00666	0.00540	0.01009	0.01087	0.01447	0.02797	0.09574	0.12816	0.41418	0.21120	0.00657	0.00865	0.01025	0.00435	0.00481
66	0.01810	0.14952	0.09280	0.01474	0.01872	0.30321	0.03235	0.02186	0.06013	0.01866	0.09636	0.01833	0.01616	0.00994	0.04555	0.00231	0.05016	0.00566	0.01755	0.00789
67	0.07783	0.01966	0.01539	0.01336	0.01703	0.30904	0.01033	0.08931	0.05598	0.04321	0.07261	0.01803	0.01502	0.01176	0.08349	0.00265	0.00921	0.00549	0.00449	0.12610
68	0.22435	0.06368	0.12328	0.01657	0.09126	0.16180	0.01340	0.07037	0.05078	0.02321	0.01250	0.04319	0.01049	0.00745	0.00677	0.00202	0.06130	0.00525	0.00390	0.00842
69	0.08253	0.04443	0.04168	0.04528	0.01579	0.06590	0.00971	0.04782	0.05992	0.13186	0.04740	0.12375	0.07899	0.06660	0.00890	0.00256	0.00610	0.10762	0.00557	0.00759
70	0.01388	0.04480	0.01403	0.02642	0.03472	0.03269	0.04244	0.06933	0.15714	0.03733	0.09877	0.06915	0.03947	0.21785	0.01416	0.00329	0.00600	0.03210	0.03914	0.00729
71	0.08579	0.06355	0.09269	0.05647	0.23651	0.01405	0.01416	0.03804	0.04435	0.02248	0.12395	0.02290	0.04997	0.00969	0.03612	0.00234	0.03721	0.00672	0.00424	0.03878
72	0.05018	0.03075	0.12015	0.05078	0.19689	0.04076	0.01397	0.08203	0.03737	0.02180	0.01860	0.11750	0.04247	0.05155	0.04172	0.00265	0.00750	0.00768	0.00421	0.06143
73	0.06819	0.07026	0.02045	0.12256	0.10267	0.08771	0.07303	0.06500	0.12757	0.03824	0.03801	0.03724	0.01496	0.00816	0.00724	0.00210	0.04595	0.04089	0.00444	0.02532

[dist]
# distance from previous block
# <min> <max>
0	49

[block]
# block no. 3 follows, 33 sequences, length 38
# corresponding to MSA columns:
# 223-260
name=unknown_D
#
# <colnr> <probs for GDERKNQSTAVLIFYWHMCP>
#	G	D	E	R	K	N	Q	S	T	A	V	L	I	F	Y	W	H	M	C	P
0	0.04746	0.12737	0.07110	0.01398	0.01708	0.06247	0.07688	0.01695	0.01292	0.04675	0.01753	0.06859	0.04169	0.08692	0.10037	0.00362	0.13940	0.03783	0.00385	0.00723
1	0.09493	0.09789	0.06982	0.05141	0.10949	0.01586	0.14078	0.04022	0.07352	0.02193	0.01339	0.03422	0.01104	0.00674	0.00698	0.00190	0.05459	0.00578	0.00380	0.14570
2	0.01377	0.00982	0.01099	0.01183	0.08726	0.06963	0.03749	0.01689	0.01429	0.02300	0.01905	0.02235	0.01516	0.00893	0.03366	0.00197	0.00523	0.00605	0.58578	0.00683
3	0.02102	0.01048	0.01415	0.01152	0.01524	0.00983	0.03562	0.02454	0.06267	0.38885	0.08307	0.02963	0.05024	0.07436	0.00971	0.00245	0.03809	0.03654	0.03976	0.04221
4	0.01794	0.02049	0.13567	0.08985	0.05479	0.12001	0.14005	0.11374	0.07820	0.05361	0.01422	0.01629	0.01067	0.00675	0.00687	0.00197	0.02681	0.00581	0.00418	0.08206
5	0.05149	0.04863	0.01791	0.07884	0.06734	0.07647	0.01218	0.17259	0.33011	0.02779	0.03621	0.01993	0.01562	0.00798	0.00640	0.00207	0.00669	0.00640	0.00559	0.00977
6	0.01252	0.03971	0.01116	0.03771	0.01253	0.00853	0.00737	0.06117	0.01840	0.08134	0.45785	0.04139	0.10317	0.01192	0.00717	0.00201	0.00398	0.01025	0.06479	0.00702
7	0.10232	0.01198	0.01741	0.34990	0.02879	0.01516	0.01437	0.01680	0.01229	0.04412	0.03830	0.01797	0.01146	0.01175	0.07136	0.00305	0.21635	0.00593	0.00344	0.00724
8	0.01904	0.01416	0.01680	0.04351	0.08585	0.01538	0.01176	0.24278	0.23646	0.09401	0.02384	0.07240	0.04599	0.00962	0.00689	0.00217	0.00615	0.03704	0.00624	0.00991
9	0.00814	0.00668	0.00716	0.00704	0.00911	0.00571	0.00528	0.01014	0.01585	0.01979	0.21937	0.06006	0.57097	0.01593	0.00778	0.00219	0.00328	0.01343	0.00638	0.00571
10	0.01525	0.01458	0.02484	0.23285	0.54328	0.01537	0.01969	0.01929	0.01450	0.02024	0.01220	0.01663	0.00998	0.00606	0.00653	0.00202	0.00808	0.00586	0.00317	0.00959
11	0.04921	0.01659	0.02404	0.18901	0.34218	0.09890	0.09172	0.02127	0.06468	0.02058	0.01297	0.01658	0.01035	0.00632	0.00651	0.00203	0.00855	0.00590	0.00349	0.00912
12	0.01288	0.04891	0.21091	0.01407	0.01876	0.01162	0.07951	0.04300	0.04428	0.05340	0.12571	0.13977	0.07892	0.01288	0.03916	0.00258	0.00711	0.04365	0.00498	0.00791
13	0.01612	0.01035	0.01227	0.01081	0.01395	0.01061	0.00845	0.02447	0.26592	0.17989	0.24114	0.03481	0.09003	0.01239	0.03645	0.00247	0.00500	0.00913	0.00701	0.00873
14	0.03595	0.01430	0.04065	0.06941	0.04864	0.03280	0.01196	0.22975	0.02068	0.21707	0.05306	0.02673	0.06338	0.00948	0.00750	0.00215	0.03914	0.06174	0.00613	0.00948
15	0.01664	0.01816	0.08309	0.08524	0.47012	0.06059	0.09277	0.05487	0.01586	0.02175	0.01243	0.01605	0.01002	0.00607	0.00660	0.00200	0.00861	0.00589	0.00338	0.00985
16	0.01690	0.08319	0.04399	0.01681	0.04860	0.22236	0.01340	0.01891	0.01319	0.01623	0.01063	0.01501	0.00972	0.01448	0.11388	0.00342	0.32340	0.00529	0.00312	0.00747
17	0.02935	0.01150	0.01546	0.01185	0.01695	0.01012	0.00979	0.05978	0.01934	0.70373	0.02555	0.02214	0.01609	0.00814	0.00662	0.00203	0.00567	0.00659	0.00808	0.01120
18	0.01751	0.62803	0.03307	0.01318	0.01837	0.05604	0.06294	0.01981	0.01352	0.01596	0.00947	0.01144	0.00858	0.00611	0.00585	0.00159	0.06325	0.00403	0.00288	0.00835
19	0.00918	0.00668	0.00862	0.00879	0.01016	0.00623	0.00664	0.01171	0.01649	0.02257	0.42618	0.16149	0.11794	0.04661	0.00912	0.00250	0.00381	0.11273	0.00666	0.00591
20	0.01521	0.01453	0.02475	0.24125	0.53524	0.01536	0.01966	0.01925	0.01448	0.02019	0.01219	0.01665	0.00996	0.00607	0.00654	0.00202	0.00809	0.00586	0.00316	0.00955
21	0.00934	0.00705	0.00847	0.00814	0.00976	0.00661	0.00596	0.01261	0.05489	0.02289	0.44777	0.07974	0.19840	0.08717	0.01022	0.00255	0.00362	0.01215	0.00661	0.00605
22	0.01410	0.01553	0.01136	0.01066	0.01328	0.26183	0.00801	0.01656	0.04292	0.01845	0.11277	0.04257	0.38194	0.01262	0.00710	0.00202	0.00635	0.01010	0.00531	0.00653
23	0.00951	0.00665	0.00854	0.00854	0.00901	0.00712	0.00569	0.01045	0.00998	0.01377	0.01950	0.03618	0.02094	0.48028	0.31777	0.00807	0.01089	0.00856	0.00380	0.00475
24	0.01534	0.01721	0.11550	0.01691	0.01893	0.01900	0.01522	0.10263	0.01323	0.01970	0.01037	0.01503	0.00928	0.01208	0.05046	0.00301	0.52904	0.00572	0.00336	0.00798
25	0.07781	0.18818	0.11041	0.19653	0.02724	0.14433	0.07444	0.05147	0.01503	0.01932	0.01093	0.01389	0.00868	0.00645	0.00626	0.00192	0.03074	0.00492	0.00325	0.00821
26	0.01662	0.05078	0.02770	0.11531	0.32951	0.05220	0.18436	0.03897	0.04521	0.03758	0.01321	0.01675	0.01047	0.00628	0.00707	0.00205	0.02672	0.00622	0.00356	0.00942
27	0.24091	0.02627	0.01620	0.01469	0.01827	0.54316	0.01119	0.02439	0.01662	0.01979	0.00990	0.01155	0.00811	0.00660	0.00543	0.00179	0.01002	0.00406	0.00358	0.00749
28	0.00998	0.00785	0.00915	0.00862	0.01069	0.00759	0.00652	0.01506	0.12432	0.02421	0.43730	0.04929	0.23724	0.01365	0.00761	0.00214	0.00349	0.01177	0.00685	0.00668
29	0.00849	0.00670	0.00769	0.00779	0.00963	0.00591	0.00592	0.01065	0.01588	0.02032	0.24731	0.10871	0.42896	0.01617	0.00794	0.00228	0.00355	0.07390	0.00643	0.00577
30	0.01681	0.01736	0.02477	0.16286	0.47380	0.12341	0.04602	0.02054	0.01523	0.01986	0.01197	0.01592	0.00983	0.00612	0.00649	0.00197	0.00872	0.00570	0.00322	0.00940
31	0.01902	0.01482	0.01735	0.09580	0.02112	0.01657	0.03661	0.32416	0.21622	0.03191	0.04800	0.02070	0.01599	0.00816	0.00652	0.00204	0.00642	0.00667	0.08211	0.00978
32	0.01386	0.05388	0.01452	0.01341	0.07307	0.01262	0.00947	0.09305	0.19954	0.02436	0.18054	0.08806	0.06340	0.07247	0.03804	0.00280	0.02381	0.00923	0.00580	0.00806
33	0.01788	0.11183	0.01734	0.04877	0.08499	0.23011	0.01066	0.07104	0.01637	0.02090	0.01446	0.01769	0.01197	0.03992	0.00664	0.00186	0.00742	0.00526	0.23020	0.03467
34	0.00844	0.00649	0.00781	0.00822	0.00966	0.00573	0.00585	0.01019	0.01453	0.01908	0.17037	0.37228	0.26661	0.01732	0.00792	0.00234	0.00358	0.01524	0.00622	0.04213
35	0.05778	0.06171	0.06551	0.04566	0.06331	0.01100	0.01002	0.03016	0.03734	0.02065	0.01957	0.15879	0.04844	0.03129	0.00679	0.00187	0.00554	0.00775	0.02028	0.29655
36	0.09485	0.02657	0.03096	0.04458	0.06544	0.07639	0.00931	0.06808	0.05009	0.02272	0.12884	0.05956	0.09516	0.07614	0.03630	0.00268	0.00625	0.00811	0.07031	0.02768
37	0.04987	0.18418	0.07492	0.04342	0.09088	0.07742	0.03993	0.07760	0.04431	0.02160	0.01511	0.01731	0.03484	0.00815	0.02512	0.00203	0.03994	0.00543	0.10403	0.04390

[dist]
# distance from previous block
# <min> <max>
0	21

[block]
# block no. 4 follows, 33 sequences, length 7
# corresponding to MSA columns:
# 282-288
name=unknown_E
#
# <colnr> <probs for GDERKNQSTAVLIFYWHMCP>
#	G	D	E	R	K	N	Q	S	T	A	V	L	I	F	Y	W	H	M	C	P
0	0.05633	0.01202	0.01360	0.01023	0.01542	0.01032	0.00821	0.10248	0.01560	0.02380	0.01579	0.01752	0.05377	0.00867	0.04893	0.00180	0.00585	0.00493	0.00436	0.57037
1	0.01417	0.02118	0.27788	0.06072	0.16143	0.01478	0.12411	0.03932	0.05153	0.02223	0.10231	0.02020	0.01647	0.00738	0.00737	0.00212	0.03718	0.00664	0.00384	0.00915
2	0.00980	0.00794	0.00906	0.00940	0.01032	0.05137	0.00661	0.01124	0.01225	0.01605	0.06397	0.26105	0.08405	0.18281	0.22762	0.00562	0.00880	0.01180	0.00481	0.00542
3	0.00829	0.00643	0.00744	0.00801	0.00940	0.00574	0.00579	0.00986	0.01408	0.01774	0.08717	0.28225	0.37101	0.07109	0.00990	0.00271	0.00390	0.06771	0.00602	0.00546
4	0.01595	0.06571	0.30951	0.09539	0.08149	0.11500	0.04638	0.07053	0.05059	0.02119	0.01582	0.01776	0.05188	0.00714	0.00635	0.00201	0.00890	0.00575	0.00361	0.00903
5	0.00937	0.00642	0.00712	0.00712	0.00738	0.00629	0.00411	0.00956	0.01020	0.01334	0.02604	0.04542	0.10468	0.68202	0.03054	0.00590	0.00603	0.01007	0.00423	0.00417
6	0.33610	0.21691	0.01776	0.01045	0.01451	0.01715	0.00906	0.02144	0.07719	0.08683	0.01326	0.01437	0.01040	0.00692	0.00582	0.00190	0.05674	0.00454	0.07058	0.00807

[dist]
# distance from previous block
# <min> <max>
0	1

[block]
# block no. 5 follows, 33 sequences, length 21
# corresponding to MSA columns:
# 290-310
name=unknown_F
#
# <colnr> <probs for GDERKNQSTAVLIFYWHMCP>
#	G	D	E	R	K	N	Q	S	T	A	V	L	I	F	Y	W	H	M	C	P
0	0.10176	0.07642	0.03911	0.03326	0.04691	0.12535	0.08736	0.09758	0.01626	0.02300	0.01160	0.01375	0.00931	0.00605	0.00596	0.00162	0.02571	0.00474	0.00390	0.27035
1	0.05588	0.19316	0.18378	0.04202	0.07794	0.10882	0.03203	0.06387	0.04613	0.09348	0.01319	0.01461	0.01005	0.00671	0.00629	0.00190	0.03205	0.00499	0.00393	0.00920
2	0.01527	0.01520	0.02024	0.14297	0.05415	0.11789	0.10879	0.01809	0.01361	0.04453	0.01605	0.03966	0.05213	0.01271	0.07788	0.00306	0.21034	0.00682	0.02309	0.00751
3	0.02231	0.01682	0.01842	0.04890	0.02048	0.01872	0.01211	0.54088	0.12069	0.03754	0.06116	0.01913	0.01544	0.00832	0.00667	0.00203	0.00679	0.00650	0.00647	0.01060
4	0.00827	0.00635	0.00733	0.00774	0.00905	0.00567	0.00542	0.00981	0.01421	0.01820	0.14778	0.27755	0.34259	0.09666	0.01068	0.00278	0.00377	0.01465	0.00605	0.00542
5	0.01233	0.01142	0.01904	0.61676	0.09415	0.01375	0.01711	0.01645	0.01362	0.01778	0.05724	0.05427	0.01385	0.00761	0.00674	0.00219	0.00812	0.00683	0.00337	0.00739
6	0.00807	0.00617	0.00742	0.00819	0.00935	0.00551	0.00573	0.00961	0.01409	0.01816	0.11905	0.44137	0.28665	0.01848	0.00812	0.00245	0.00357	0.01630	0.00623	0.00551
7	0.04485	0.12050	0.07608	0.07293	0.21253	0.06302	0.01504	0.04540	0.09299	0.08504	0.01443	0.01643	0.01127	0.00714	0.00740	0.00200	0.07436	0.00553	0.02374	0.00930
8	0.01795	0.50926	0.09967	0.01626	0.10581	0.09089	0.01382	0.04656	0.01479	0.01780	0.01016	0.01191	0.00879	0.00592	0.00495	0.00159	0.00786	0.00410	0.00306	0.00884
9	0.01058	0.00881	0.01022	0.01008	0.01119	0.06609	0.00740	0.01228	0.01117	0.01484	0.01998	0.03063	0.04918	0.22060	0.47764	0.00847	0.01378	0.00775	0.00374	0.00554
10	0.06770	0.01353	0.01696	0.04004	0.11821	0.01311	0.01119	0.11082	0.01564	0.02397	0.01187	0.01433	0.00972	0.00626	0.00710	0.00156	0.08445	0.00469	0.00405	0.42481
11	0.02322	0.01772	0.01827	0.01448	0.01917	0.06350	0.01176	0.54408	0.06648	0.05834	0.05764	0.04181	0.01562	0.00862	0.00668	0.00200	0.00702	0.00667	0.00646	0.01046
12	0.00933	0.00782	0.00846	0.00964	0.01037	0.06402	0.00657	0.01055	0.01322	0.01681	0.03595	0.66424	0.07983	0.01930	0.00817	0.00257	0.00443	0.01729	0.00589	0.00554
13	0.01600	0.08190	0.01871	0.15910	0.06014	0.07833	0.02739	0.10134	0.09785	0.03908	0.04452	0.06001	0.07240	0.00959	0.00801	0.00216	0.07320	0.03736	0.00467	0.00822
14	0.01440	0.01365	0.01919	0.34544	0.10456	0.08241	0.06925	0.01791	0.01452	0.04978	0.02006	0.02366	0.10686	0.02625	0.00731	0.00214	0.00795	0.00693	0.00380	0.06396
15	0.01800	0.01752	0.06158	0.16829	0.18254	0.10563	0.01590	0.10962	0.01659	0.07052	0.01275	0.01580	0.00995	0.00732	0.00852	0.00206	0.11506	0.00554	0.00393	0.05286
16	0.07176	0.01769	0.06883	0.04113	0.06035	0.11917	0.08727	0.09343	0.08339	0.07049	0.01606	0.07561	0.01350	0.00825	0.00770	0.00205	0.07099	0.00666	0.00455	0.08110
17	0.04038	0.01612	0.01662	0.07469	0.11880	0.17824	0.02996	0.04599	0.07007	0.03566	0.08263	0.07284	0.07581	0.00892	0.00651	0.00191	0.00714	0.00743	0.00464	0.10562
18	0.06572	0.07490	0.06093	0.08003	0.15942	0.04483	0.03504	0.01989	0.04748	0.08406	0.04727	0.02273	0.07680	0.00801	0.00690	0.00195	0.03918	0.02225	0.00436	0.09828
19	0.07114	0.03502	0.02782	0.05369	0.05816	0.08812	0.01091	0.16903	0.09829	0.07004	0.02268	0.11894	0.05881	0.04831	0.00806	0.00235	0.00663	0.03815	0.00541	0.00845
20	0.03342	0.03684	0.07206	0.09091	0.02024	0.03728	0.07157	0.06330	0.04523	0.03545	0.06166	0.11797	0.07534	0.02657	0.00967	0.00234	0.11670	0.03104	0.00458	0.04782

[dist]
# distance from previous block
# <min> <max>
0	128

# created by:
# /home/berkeley/.conda/envs/busco_data_prod/bin/msa2prfl.pl pipeline/OGs_align_augustus/4893/29978.fs
