[name]
unknown

[dist]
# distance from previous block
# <min> <max>
0	9

[block]
# block no. 0 follows, 33 sequences, length 14
# corresponding to MSA columns:
# 9-22
name=unknown_A
#
# <colnr> <probs for GDERKNQSTAVLIFYWHMCP>
#	G	D	E	R	K	N	Q	S	T	A	V	L	I	F	Y	W	H	M	C	P
0	0.00946	0.00758	0.01046	0.01040	0.01156	0.00774	0.03105	0.01148	0.01438	0.01950	0.20003	0.34277	0.12657	0.01673	0.00963	0.00251	0.08468	0.07156	0.00594	0.00596
1	0.00935	0.00629	0.00724	0.00746	0.00751	0.00624	0.00429	0.00952	0.01000	0.01334	0.02294	0.14494	0.02670	0.66300	0.02996	0.00586	0.00602	0.01086	0.00429	0.00418
2	0.01518	0.01667	0.03482	0.13153	0.11199	0.01625	0.53190	0.02039	0.01514	0.02053	0.01299	0.01757	0.00987	0.00573	0.00746	0.00219	0.01041	0.00729	0.00326	0.00883
3	0.00800	0.00579	0.00757	0.00900	0.00950	0.00536	0.00604	0.00919	0.01277	0.01687	0.03833	0.71727	0.08930	0.02036	0.00836	0.00264	0.00379	0.01839	0.00611	0.00536
4	0.01243	0.01170	0.01975	0.75282	0.04534	0.01463	0.01828	0.01682	0.01316	0.01682	0.01170	0.01755	0.00878	0.00658	0.00658	0.00219	0.00878	0.00585	0.00293	0.00731
5	0.01609	0.01531	0.02537	0.07612	0.63270	0.01565	0.01930	0.02124	0.07262	0.02175	0.01353	0.01704	0.01114	0.00616	0.00654	0.00199	0.00766	0.00599	0.00352	0.01026
6	0.01412	0.18799	0.58862	0.01720	0.02608	0.01753	0.02160	0.02061	0.01379	0.01973	0.01126	0.01320	0.00836	0.00612	0.00583	0.00194	0.00917	0.00458	0.00279	0.00946
7	0.00805	0.00599	0.00750	0.00859	0.00943	0.00544	0.00588	0.00941	0.01346	0.01757	0.08260	0.57496	0.18837	0.01938	0.00823	0.00254	0.00368	0.01730	0.00618	0.00544
8	0.01980	0.07415	0.11021	0.04775	0.02055	0.16136	0.01318	0.22069	0.07759	0.06657	0.01683	0.07999	0.01399	0.01009	0.03583	0.00233	0.00840	0.00658	0.00496	0.00915
9	0.10148	0.04811	0.08889	0.01261	0.01657	0.05165	0.04720	0.14535	0.05202	0.04871	0.20325	0.05878	0.02646	0.06043	0.00841	0.00233	0.00626	0.00795	0.00545	0.00808
10	0.01694	0.05451	0.04931	0.01441	0.07251	0.03304	0.03321	0.15821	0.04579	0.07212	0.02031	0.06395	0.07218	0.03528	0.00716	0.00190	0.00624	0.00683	0.00497	0.23113
11	0.05504	0.05953	0.05185	0.01081	0.01470	0.02908	0.00920	0.13572	0.01873	0.14544	0.17607	0.05862	0.13372	0.01047	0.00667	0.00198	0.00528	0.00858	0.02431	0.04418
12	0.06340	0.04928	0.08824	0.01617	0.07749	0.04329	0.05248	0.12341	0.08802	0.23178	0.01947	0.06814	0.01486	0.00816	0.00646	0.00203	0.00685	0.00679	0.00570	0.02798
13	0.01652	0.01857	0.16857	0.01500	0.04701	0.09160	0.02678	0.09480	0.10062	0.08187	0.15144	0.05991	0.03765	0.00927	0.00709	0.00205	0.02346	0.00763	0.00529	0.03488

[dist]
# distance from previous block
# <min> <max>
4	34

[block]
# block no. 1 follows, 33 sequences, length 33
# corresponding to MSA columns:
# 73-105
name=unknown_B
#
# <colnr> <probs for GDERKNQSTAVLIFYWHMCP>
#	G	D	E	R	K	N	Q	S	T	A	V	L	I	F	Y	W	H	M	C	P
0	0.01563	0.01311	0.03071	0.01277	0.01550	0.04546	0.01024	0.15549	0.10441	0.04138	0.04180	0.14060	0.02062	0.04025	0.04300	0.03897	0.10813	0.04557	0.00522	0.07114
1	0.05546	0.01734	0.04620	0.09923	0.04647	0.13967	0.03694	0.12529	0.13938	0.06108	0.03718	0.02295	0.05357	0.00874	0.00747	0.00213	0.05060	0.03656	0.00498	0.00876
2	0.01495	0.04440	0.05295	0.01318	0.01652	0.05884	0.04585	0.11754	0.20593	0.02434	0.08989	0.19548	0.02575	0.01358	0.04764	0.00267	0.00669	0.00978	0.00568	0.00833
3	0.01720	0.04999	0.01958	0.01518	0.01886	0.13128	0.11276	0.08569	0.11805	0.04910	0.05138	0.02249	0.05170	0.06554	0.01028	0.00235	0.09259	0.00685	0.00467	0.07446
4	0.08500	0.08645	0.05232	0.03373	0.02044	0.08665	0.10798	0.15987	0.10739	0.07781	0.03530	0.08573	0.01574	0.00845	0.00646	0.00205	0.00739	0.00712	0.00511	0.00901
5	0.10351	0.03582	0.06696	0.06672	0.11323	0.07080	0.12296	0.02118	0.08196	0.07131	0.05457	0.05258	0.01562	0.03717	0.00850	0.00230	0.05511	0.00691	0.00433	0.00845
6	0.09857	0.01096	0.00993	0.00947	0.01079	0.10052	0.00644	0.01521	0.07383	0.01656	0.01839	0.03224	0.01907	0.44833	0.09882	0.00540	0.00801	0.00781	0.00412	0.00555
7	0.05544	0.23739	0.02345	0.01440	0.01907	0.16938	0.04722	0.20786	0.08587	0.02470	0.01343	0.01464	0.01068	0.00876	0.03847	0.00218	0.00851	0.00507	0.00444	0.00906
8	0.05771	0.02625	0.02183	0.01816	0.02239	0.50812	0.14633	0.02476	0.01750	0.04542	0.01142	0.01345	0.00907	0.00648	0.00619	0.00179	0.01087	0.00497	0.00362	0.04366
9	0.05339	0.05561	0.16458	0.01674	0.08779	0.07634	0.01421	0.21813	0.08897	0.02729	0.05684	0.02134	0.07398	0.00823	0.00641	0.00200	0.00733	0.00649	0.00494	0.00940
10	0.01385	0.01408	0.05884	0.10738	0.36173	0.01331	0.06562	0.01837	0.04609	0.02093	0.06878	0.06829	0.06653	0.00876	0.00701	0.00214	0.00720	0.03816	0.00412	0.00882
11	0.00889	0.00676	0.00817	0.00821	0.00978	0.00619	0.00607	0.01155	0.03297	0.02172	0.35687	0.16775	0.24998	0.03633	0.00861	0.00237	0.00355	0.04174	0.00658	0.00592
12	0.00827	0.00591	0.00749	0.00865	0.00910	0.00554	0.00567	0.00926	0.01226	0.01618	0.03581	0.59062	0.08915	0.14827	0.01265	0.00328	0.00422	0.01681	0.00575	0.00513
13	0.01604	0.01379	0.01460	0.01316	0.01678	0.01590	0.01022	0.03392	0.68289	0.02749	0.05959	0.02572	0.02207	0.00914	0.00675	0.00223	0.00511	0.00765	0.00672	0.01022
14	0.01320	0.03405	0.73453	0.01876	0.02849	0.01529	0.02432	0.02085	0.01390	0.02085	0.01181	0.01390	0.00834	0.00625	0.00625	0.00208	0.00973	0.00486	0.00278	0.00973
15	0.02423	0.03062	0.01849	0.01680	0.02021	0.71038	0.01262	0.02667	0.04922	0.01661	0.01090	0.01243	0.00899	0.00688	0.00597	0.00172	0.01158	0.00438	0.00354	0.00775
16	0.07560	0.14577	0.34974	0.01547	0.02266	0.04971	0.01709	0.13484	0.01713	0.09387	0.01318	0.01420	0.00953	0.00663	0.00585	0.00193	0.00825	0.00488	0.00406	0.00963
17	0.01502	0.01420	0.02398	0.16551	0.54572	0.01468	0.01870	0.01895	0.01496	0.02107	0.07126	0.01924	0.01442	0.00662	0.00663	0.00201	0.00760	0.00636	0.00353	0.00952
18	0.00942	0.00699	0.01024	0.01024	0.01129	0.00804	0.00780	0.01154	0.01048	0.01503	0.01795	0.02760	0.01721	0.12198	0.67098	0.01016	0.01650	0.00731	0.00357	0.00569
19	0.01373	0.01173	0.01366	0.04383	0.10307	0.04561	0.00992	0.07974	0.16767	0.02443	0.18075	0.07458	0.14674	0.01115	0.00704	0.00211	0.00522	0.00952	0.04147	0.00803
20	0.00918	0.00672	0.00860	0.00813	0.00975	0.00615	0.00610	0.01215	0.01830	0.02561	0.66391	0.05047	0.12280	0.01375	0.00777	0.00208	0.00313	0.01209	0.00714	0.00615
21	0.01800	0.01785	0.11422	0.05865	0.32114	0.01621	0.01704	0.14526	0.13775	0.06388	0.01608	0.01770	0.01219	0.00696	0.00653	0.00204	0.00744	0.00606	0.00462	0.01038
22	0.01545	0.01424	0.02334	0.26751	0.20159	0.01546	0.13155	0.08165	0.09537	0.02251	0.01476	0.01831	0.01133	0.00668	0.00667	0.00209	0.00808	0.00638	0.04806	0.00897
23	0.00844	0.00639	0.00830	0.00939	0.01005	0.00625	0.00660	0.00975	0.01291	0.01702	0.03885	0.60043	0.13285	0.01951	0.00904	0.00264	0.04320	0.04695	0.00594	0.00550
24	0.02048	0.01390	0.01852	0.05357	0.05183	0.05219	0.08920	0.07483	0.05712	0.25340	0.04932	0.01954	0.01483	0.00709	0.00635	0.00180	0.00665	0.00614	0.00561	0.19762
25	0.01776	0.01297	0.01474	0.01180	0.01647	0.01275	0.00944	0.13741	0.21126	0.11331	0.02107	0.02095	0.04585	0.00975	0.04457	0.00218	0.00605	0.00616	0.00572	0.27981
26	0.01881	0.25819	0.15111	0.03671	0.02043	0.08747	0.01381	0.17370	0.04901	0.04799	0.01329	0.01559	0.01071	0.04884	0.00758	0.00208	0.02635	0.00511	0.00413	0.00909
27	0.00997	0.04898	0.04756	0.01037	0.01191	0.04801	0.00808	0.01178	0.01306	0.01692	0.03161	0.49090	0.07113	0.02127	0.09127	0.00341	0.00638	0.04608	0.00532	0.00597
28	0.03975	0.06983	0.01843	0.01335	0.01811	0.06533	0.04598	0.28909	0.02101	0.06753	0.01644	0.08768	0.01388	0.00809	0.00614	0.00178	0.00667	0.00652	0.02349	0.18091
29	0.01716	0.01581	0.09174	0.05239	0.01792	0.05587	0.01117	0.26115	0.04839	0.04129	0.01850	0.06236	0.01709	0.22308	0.01427	0.00330	0.00729	0.02803	0.00506	0.00812
30	0.11541	0.01294	0.07045	0.03825	0.01657	0.06826	0.08463	0.04110	0.01393	0.01996	0.02403	0.38352	0.02640	0.04382	0.00828	0.00252	0.00629	0.01203	0.00489	0.00673
31	0.01242	0.01026	0.01358	0.01103	0.01454	0.00904	0.06585	0.05021	0.03559	0.02078	0.07543	0.16445	0.02299	0.12957	0.01069	0.00243	0.00543	0.00879	0.00478	0.33215
32	0.05099	0.04939	0.07204	0.03489	0.11045	0.04341	0.10990	0.13981	0.04188	0.02406	0.01886	0.12871	0.04383	0.00889	0.00662	0.00200	0.00717	0.00788	0.00457	0.09469

[dist]
# distance from previous block
# <min> <max>
1	26

[block]
# block no. 2 follows, 33 sequences, length 30
# corresponding to MSA columns:
# 132-161
name=unknown_C
#
# <colnr> <probs for GDERKNQSTAVLIFYWHMCP>
#	G	D	E	R	K	N	Q	S	T	A	V	L	I	F	Y	W	H	M	C	P
0	0.01061	0.00710	0.00883	0.00901	0.01024	0.00701	0.00637	0.02831	0.04190	0.05563	0.10043	0.31130	0.08892	0.13809	0.09794	0.00396	0.00592	0.01278	0.04969	0.00599
1	0.03941	0.11172	0.11367	0.06211	0.02013	0.22349	0.02839	0.03784	0.07991	0.01918	0.01841	0.02031	0.07687	0.01220	0.08424	0.00281	0.00944	0.00598	0.02597	0.00793
2	0.60883	0.01246	0.01068	0.00923	0.01326	0.01398	0.00757	0.07451	0.01370	0.09474	0.01233	0.01341	0.00916	0.00658	0.00455	0.00199	0.00513	0.00426	0.07589	0.00774
3	0.01383	0.01054	0.01274	0.03595	0.01467	0.01183	0.00905	0.11311	0.17225	0.03970	0.04935	0.14385	0.02278	0.10357	0.15772	0.00441	0.04757	0.00918	0.02032	0.00760
4	0.00847	0.00666	0.00765	0.00748	0.00933	0.00584	0.00558	0.01076	0.01653	0.02157	0.35755	0.08263	0.40568	0.01539	0.00780	0.00217	0.00325	0.01319	0.00662	0.00584
5	0.01741	0.74009	0.06531	0.01159	0.01741	0.02558	0.01184	0.01976	0.01340	0.01572	0.00927	0.01071	0.00844	0.00566	0.00431	0.00144	0.00716	0.00358	0.00281	0.00850
6	0.10859	0.01251	0.01338	0.01194	0.01552	0.02688	0.00953	0.05331	0.33317	0.10521	0.06161	0.02843	0.02118	0.01045	0.02441	0.00237	0.00565	0.08046	0.02927	0.04613
7	0.01383	0.01188	0.04856	0.05882	0.05718	0.01176	0.07081	0.04570	0.09470	0.07297	0.07710	0.09394	0.04730	0.12595	0.07881	0.00363	0.06578	0.00880	0.00489	0.00758
8	0.01841	0.01443	0.01451	0.01234	0.01577	0.07154	0.00968	0.36929	0.02288	0.03019	0.02577	0.18212	0.09617	0.01148	0.00689	0.00209	0.00610	0.00942	0.07228	0.00862
9	0.42950	0.01516	0.01997	0.04798	0.11367	0.04207	0.17575	0.04506	0.01381	0.02590	0.01096	0.01362	0.00851	0.00605	0.00554	0.00206	0.00736	0.00507	0.00381	0.00815
10	0.01599	0.01648	0.02203	0.09078	0.32100	0.14196	0.07011	0.01991	0.04020	0.01910	0.01357	0.01794	0.01145	0.01479	0.15219	0.00367	0.01072	0.00602	0.00344	0.00864
11	0.11378	0.01097	0.01394	0.01094	0.01564	0.00995	0.00900	0.02937	0.01761	0.59954	0.02378	0.02130	0.01534	0.00789	0.00618	0.00200	0.00535	0.00625	0.07082	0.01036
12	0.00961	0.00693	0.00874	0.00953	0.01046	0.00674	0.00667	0.06472	0.01448	0.01933	0.07842	0.57676	0.06313	0.05357	0.00939	0.00275	0.00424	0.04260	0.00612	0.00584
13	0.01035	0.00673	0.00825	0.00812	0.00977	0.00635	0.00614	0.01296	0.01575	0.04775	0.30427	0.10913	0.14968	0.01626	0.06537	0.00275	0.00456	0.03820	0.17146	0.00616
14	0.05255	0.02411	0.01695	0.01495	0.01833	0.49578	0.04679	0.02428	0.01738	0.07047	0.01341	0.01510	0.01053	0.00695	0.00578	0.00173	0.00959	0.00490	0.14275	0.00768
15	0.01776	0.67074	0.03184	0.01159	0.01682	0.08497	0.01112	0.01988	0.01409	0.01611	0.04640	0.01268	0.01124	0.00614	0.00455	0.00147	0.00724	0.00402	0.00309	0.00826
16	0.01832	0.01651	0.01809	0.10247	0.11021	0.13713	0.01302	0.13664	0.08568	0.06141	0.04277	0.05285	0.01477	0.00845	0.00806	0.00205	0.08721	0.00652	0.02743	0.05041
17	0.01767	0.40275	0.18520	0.01705	0.09748	0.14299	0.01536	0.02112	0.01456	0.01743	0.01026	0.01214	0.00865	0.00599	0.00521	0.00167	0.00853	0.00419	0.00295	0.00881
18	0.01888	0.05712	0.05213	0.01822	0.09627	0.33534	0.03989	0.02386	0.12100	0.01920	0.05074	0.01796	0.01404	0.02406	0.05099	0.00251	0.03974	0.00575	0.00401	0.00827
19	0.00822	0.00603	0.00772	0.00869	0.00951	0.00553	0.00599	0.00978	0.01397	0.01862	0.16134	0.54832	0.13435	0.01885	0.00821	0.00251	0.00363	0.01690	0.00631	0.00553
20	0.00956	0.00721	0.01057	0.01049	0.01153	0.00842	0.00805	0.01169	0.01048	0.01509	0.01764	0.02699	0.01686	0.10900	0.66191	0.01000	0.03799	0.00723	0.00355	0.00576
21	0.00911	0.00691	0.00780	0.00769	0.00979	0.00602	0.00593	0.01127	0.01602	0.04360	0.22102	0.05952	0.48326	0.01575	0.00785	0.00225	0.00359	0.07024	0.00645	0.00594
22	0.01144	0.00572	0.00858	0.00858	0.00858	0.00572	0.00572	0.00858	0.00858	0.01144	0.01144	0.02001	0.01144	0.02287	0.02573	0.80846	0.00572	0.00572	0.00286	0.00286
23	0.01935	0.29554	0.04654	0.01350	0.01836	0.29440	0.01158	0.02239	0.04761	0.01752	0.01089	0.01236	0.00922	0.00611	0.00517	0.00150	0.00849	0.00409	0.00341	0.15197
24	0.00926	0.00671	0.00884	0.00890	0.00971	0.00715	0.00628	0.01067	0.01088	0.01493	0.04122	0.07001	0.08123	0.30433	0.37226	0.00778	0.01136	0.00920	0.00412	0.00515
25	0.01879	0.11549	0.01982	0.01484	0.03108	0.16597	0.04881	0.06183	0.09739	0.10625	0.01970	0.04084	0.06910	0.01065	0.03897	0.00242	0.11827	0.00663	0.00468	0.00846
26	0.02396	0.04806	0.01950	0.01479	0.01975	0.07686	0.01212	0.52069	0.10384	0.06856	0.01677	0.01655	0.01208	0.00785	0.00646	0.00196	0.00730	0.00590	0.00627	0.01072
27	0.05538	0.01671	0.06577	0.07133	0.03964	0.04974	0.01244	0.24482	0.21545	0.05431	0.02009	0.05800	0.03070	0.00858	0.00653	0.00208	0.00671	0.00690	0.00568	0.02915
28	0.01445	0.01842	0.12788	0.02504	0.08517	0.01539	0.45462	0.01959	0.01475	0.02039	0.01577	0.03931	0.03882	0.00874	0.04163	0.00260	0.03765	0.00765	0.00343	0.00869
29	0.05594	0.01223	0.01830	0.18654	0.25991	0.01322	0.01433	0.01978	0.11905	0.04068	0.06174	0.07098	0.01714	0.00940	0.00816	0.06598	0.00670	0.00725	0.00430	0.00837

[dist]
# distance from previous block
# <min> <max>
0	5

[block]
# block no. 3 follows, 33 sequences, length 12
# corresponding to MSA columns:
# 177-188
name=unknown_D
#
# <colnr> <probs for GDERKNQSTAVLIFYWHMCP>
#	G	D	E	R	K	N	Q	S	T	A	V	L	I	F	Y	W	H	M	C	P
0	0.01859	0.04373	0.01787	0.01384	0.01857	0.23783	0.06195	0.06060	0.03338	0.06050	0.01564	0.01810	0.04030	0.00689	0.00589	0.00157	0.00774	0.02615	0.00428	0.30656
1	0.01061	0.00795	0.01083	0.06503	0.01326	0.00835	0.03274	0.04237	0.01315	0.01814	0.12869	0.03630	0.06999	0.28117	0.19363	0.00561	0.00865	0.00894	0.03884	0.00572
2	0.03462	0.01283	0.01255	0.01199	0.04521	0.10451	0.00880	0.10126	0.07319	0.05786	0.07292	0.06014	0.22068	0.01264	0.03443	0.00237	0.03106	0.00895	0.08640	0.00759
3	0.01488	0.01372	0.02115	0.34674	0.24982	0.01573	0.01719	0.04906	0.12741	0.02096	0.01436	0.01806	0.01120	0.00703	0.00731	0.00215	0.04438	0.00611	0.00378	0.00893
4	0.00823	0.00669	0.00729	0.00714	0.00917	0.00575	0.00536	0.01032	0.01607	0.02031	0.25978	0.05919	0.53023	0.01573	0.00778	0.00218	0.00327	0.01331	0.00645	0.00575
5	0.01520	0.01240	0.01508	0.01247	0.06926	0.01007	0.00910	0.06128	0.01506	0.05094	0.01258	0.01433	0.01015	0.00527	0.00518	0.00115	0.00528	0.00428	0.00419	0.66671
6	0.00827	0.00583	0.00756	0.00885	0.00917	0.00551	0.00577	0.00923	0.01212	0.01615	0.03378	0.64823	0.04038	0.14105	0.01244	0.00327	0.00423	0.01724	0.00577	0.00513
7	0.01505	0.05992	0.02004	0.13441	0.02184	0.07967	0.01391	0.01721	0.01193	0.01667	0.00966	0.01438	0.00877	0.00918	0.01483	0.00235	0.43883	0.00529	0.00305	0.10301
8	0.01723	0.13120	0.29092	0.01665	0.02311	0.05380	0.06303	0.17577	0.04313	0.02473	0.04438	0.01600	0.01195	0.00725	0.00712	0.00201	0.05269	0.00554	0.00406	0.00944
9	0.10136	0.22233	0.25799	0.01502	0.04587	0.05291	0.04215	0.04437	0.01418	0.02013	0.01488	0.01799	0.05203	0.06382	0.00768	0.00221	0.00789	0.00541	0.00343	0.00837
10	0.01777	0.15280	0.07588	0.01556	0.01911	0.08412	0.05399	0.09865	0.01537	0.07330	0.02978	0.01605	0.01137	0.01127	0.06138	0.00275	0.24295	0.00560	0.00391	0.00840
11	0.09270	0.04722	0.21386	0.01396	0.01902	0.10453	0.02585	0.06917	0.06753	0.05860	0.08995	0.05407	0.03971	0.01162	0.06151	0.00268	0.00821	0.00680	0.00459	0.00841

[dist]
# distance from previous block
# <min> <max>
0	9

[block]
# block no. 4 follows, 33 sequences, length 12
# corresponding to MSA columns:
# 203-214
name=unknown_E
#
# <colnr> <probs for GDERKNQSTAVLIFYWHMCP>
#	G	D	E	R	K	N	Q	S	T	A	V	L	I	F	Y	W	H	M	C	P
0	0.01525	0.01136	0.03294	0.01074	0.01470	0.00999	0.00865	0.10221	0.06758	0.10295	0.17493	0.12613	0.02749	0.00998	0.00656	0.00181	0.00487	0.00852	0.00590	0.25743
1	0.01482	0.01166	0.01377	0.00990	0.01569	0.00884	0.00794	0.01772	0.01403	0.07378	0.01275	0.01430	0.01023	0.00512	0.00500	0.00105	0.00493	0.00410	0.00421	0.75015
2	0.01330	0.01285	0.07119	0.08923	0.26203	0.01155	0.01380	0.01761	0.06597	0.05462	0.02684	0.19618	0.11508	0.01116	0.00713	0.00221	0.00622	0.00999	0.00473	0.00830
3	0.01388	0.00765	0.00804	0.00740	0.00952	0.00767	0.00571	0.08398	0.01600	0.05781	0.05103	0.02733	0.06941	0.00859	0.00524	0.00167	0.00362	0.00692	0.60172	0.00683
4	0.00874	0.00612	0.00752	0.00823	0.00927	0.00564	0.00577	0.01057	0.01427	0.01970	0.16795	0.42723	0.15383	0.01707	0.00772	0.00235	0.00352	0.01513	0.10376	0.00564
5	0.00884	0.00624	0.00741	0.00784	0.00838	0.00594	0.00498	0.00969	0.01202	0.01590	0.09616	0.27188	0.11917	0.37297	0.02013	0.00432	0.00491	0.01318	0.00521	0.00481
6	0.01567	0.01292	0.01379	0.01241	0.01593	0.01455	0.00965	0.03123	0.58537	0.05322	0.06519	0.02954	0.09189	0.00989	0.00686	0.00222	0.00494	0.00827	0.00672	0.00976
7	0.07014	0.00817	0.01010	0.04945	0.01224	0.00872	0.00714	0.07345	0.04661	0.01857	0.01657	0.09467	0.01590	0.05938	0.01682	0.37826	0.00549	0.00723	0.09587	0.00520
8	0.07231	0.01252	0.01404	0.01027	0.01593	0.01049	0.00827	0.09263	0.01538	0.02424	0.01197	0.01368	0.00972	0.00530	0.00501	0.00116	0.00515	0.00410	0.00421	0.66364
9	0.02063	0.06631	0.01549	0.01146	0.01568	0.01259	0.00933	0.15736	0.08866	0.27266	0.04853	0.08305	0.11338	0.01010	0.00670	0.00203	0.00544	0.00827	0.00667	0.04566
10	0.02408	0.01418	0.01541	0.01270	0.01707	0.08454	0.01015	0.07204	0.20761	0.38916	0.06353	0.02306	0.01883	0.00851	0.00664	0.00205	0.00608	0.00686	0.00714	0.01036
11	0.06717	0.00885	0.01122	0.01080	0.01327	0.00874	0.00872	0.05853	0.01587	0.16898	0.06267	0.16951	0.07385	0.01789	0.08053	0.00329	0.00642	0.20015	0.00621	0.00734

[dist]
# distance from previous block
# <min> <max>
2	29

[block]
# block no. 5 follows, 33 sequences, length 10
# corresponding to MSA columns:
# 244-253
name=unknown_F
#
# <colnr> <probs for GDERKNQSTAVLIFYWHMCP>
#	G	D	E	R	K	N	Q	S	T	A	V	L	I	F	Y	W	H	M	C	P
0	0.14228	0.13681	0.04742	0.01567	0.10555	0.03774	0.01171	0.16095	0.09298	0.08904	0.03602	0.01829	0.01355	0.05575	0.00755	0.00220	0.00664	0.00571	0.00494	0.00918
1	0.08625	0.01844	0.15659	0.01756	0.12619	0.04810	0.01397	0.14814	0.10556	0.07390	0.02172	0.02266	0.09373	0.02984	0.00718	0.00218	0.00700	0.00668	0.00497	0.00933
2	0.02059	0.06414	0.05526	0.01435	0.01862	0.20272	0.01186	0.23035	0.15691	0.04704	0.07116	0.01975	0.01642	0.03289	0.00726	0.00208	0.00776	0.00620	0.00538	0.00927
3	0.23211	0.01420	0.01248	0.03675	0.01540	0.12336	0.00865	0.04320	0.07516	0.07784	0.01592	0.04571	0.01278	0.00735	0.00532	0.00180	0.00595	0.00547	0.14017	0.12039
4	0.81514	0.01273	0.00968	0.00866	0.01273	0.01477	0.00713	0.01935	0.01120	0.02954	0.00917	0.01069	0.00713	0.00611	0.00407	0.00204	0.00509	0.00356	0.00407	0.00713
5	0.00829	0.00646	0.00753	0.00774	0.00933	0.00570	0.00562	0.01027	0.01552	0.02011	0.25497	0.22501	0.36660	0.01665	0.00792	0.00228	0.00338	0.01444	0.00645	0.00570
6	0.01026	0.00631	0.00692	0.00700	0.00839	0.00598	0.00503	0.01257	0.01425	0.02162	0.14239	0.11702	0.15809	0.08514	0.00889	0.00234	0.00352	0.01016	0.36836	0.00575
7	0.00847	0.00697	0.00765	0.00775	0.00969	0.00635	0.00576	0.01107	0.05100	0.01833	0.08534	0.14860	0.50940	0.01946	0.07111	0.00300	0.00472	0.01351	0.00597	0.00584
8	0.00860	0.00666	0.00755	0.00735	0.00903	0.00591	0.00533	0.01060	0.01570	0.02044	0.31274	0.05531	0.38045	0.11243	0.01109	0.00270	0.00364	0.01257	0.00627	0.00561
9	0.01858	0.02379	0.11483	0.01922	0.09656	0.31446	0.01505	0.02274	0.07546	0.01822	0.01205	0.01487	0.01005	0.00968	0.04145	0.00247	0.17353	0.00523	0.00347	0.00828

[dist]
# distance from previous block
# <min> <max>
0	4

[block]
# block no. 6 follows, 33 sequences, length 23
# corresponding to MSA columns:
# 258-277,282-284
name=unknown_G
#
# <colnr> <probs for GDERKNQSTAVLIFYWHMCP>
#	G	D	E	R	K	N	Q	S	T	A	V	L	I	F	Y	W	H	M	C	P
0	0.10682	0.01986	0.04423	0.01439	0.01897	0.17499	0.01181	0.27493	0.16561	0.07846	0.01669	0.01659	0.01225	0.00764	0.00619	0.00198	0.00758	0.00563	0.00561	0.00977
1	0.53601	0.01513	0.01284	0.01092	0.01521	0.05473	0.00889	0.17922	0.06452	0.03145	0.01196	0.01289	0.00903	0.00675	0.00493	0.00202	0.00596	0.00441	0.00480	0.00832
2	0.01267	0.07081	0.08243	0.04145	0.15569	0.01286	0.13216	0.01615	0.01426	0.01954	0.08806	0.15079	0.07028	0.01305	0.05819	0.00276	0.03745	0.00934	0.00425	0.00781
3	0.01091	0.00700	0.00846	0.00812	0.00981	0.00631	0.00584	0.01276	0.01528	0.09523	0.25460	0.14176	0.23299	0.14693	0.01224	0.00294	0.00410	0.01237	0.00631	0.00606
4	0.01243	0.01198	0.01976	0.03887	0.08702	0.01182	0.20420	0.01789	0.10848	0.02133	0.11926	0.05638	0.21923	0.01076	0.00789	0.00221	0.02765	0.00998	0.00510	0.00777
5	0.00933	0.00668	0.00906	0.00920	0.00987	0.00728	0.00648	0.01071	0.01040	0.01451	0.02055	0.10248	0.02177	0.30976	0.41326	0.00829	0.01220	0.00909	0.00394	0.00514
6	0.00944	0.00693	0.00996	0.00996	0.01092	0.00789	0.00745	0.01135	0.01040	0.01482	0.01820	0.02903	0.01783	0.18151	0.61229	0.00981	0.01557	0.00752	0.00361	0.00553
7	0.01330	0.03340	0.70658	0.01912	0.02873	0.01534	0.05161	0.02086	0.01396	0.02086	0.01187	0.01405	0.00841	0.00623	0.00632	0.00209	0.00978	0.00498	0.00280	0.00970
8	0.01752	0.66594	0.10038	0.01226	0.01817	0.06013	0.01258	0.02014	0.01369	0.01603	0.00946	0.01094	0.00844	0.00575	0.00450	0.00149	0.00753	0.00368	0.00284	0.00853
9	0.00859	0.00672	0.00781	0.00777	0.00961	0.00594	0.00590	0.01089	0.01634	0.02125	0.32070	0.08636	0.39121	0.01567	0.00789	0.00224	0.00345	0.05926	0.00655	0.00584
10	0.01867	0.32978	0.14767	0.06510	0.02176	0.14206	0.01444	0.08525	0.01603	0.04749	0.01122	0.01299	0.00904	0.00661	0.00624	0.00178	0.04715	0.00449	0.00348	0.00875
11	0.02261	0.01636	0.01775	0.01426	0.01900	0.01810	0.01157	0.42367	0.25417	0.10073	0.02035	0.01928	0.01458	0.00826	0.00663	0.00207	0.00643	0.00649	0.00677	0.01094
12	0.00822	0.00669	0.00728	0.00713	0.00916	0.00574	0.00535	0.01030	0.01604	0.02024	0.25413	0.05931	0.53593	0.01576	0.00778	0.00218	0.00327	0.01333	0.00644	0.00574
13	0.02464	0.02984	0.01879	0.01674	0.02036	0.65643	0.01270	0.10702	0.02012	0.01913	0.01085	0.01234	0.00880	0.00692	0.00601	0.00173	0.01132	0.00444	0.00377	0.00806
14	0.02269	0.02563	0.02159	0.01851	0.04009	0.44482	0.09510	0.15921	0.02004	0.02185	0.01162	0.01364	0.00926	0.00716	0.00737	0.00190	0.06188	0.00514	0.00398	0.00853
15	0.00843	0.00605	0.00801	0.00889	0.00964	0.00562	0.00614	0.01020	0.01451	0.01984	0.25412	0.53784	0.04942	0.01836	0.00820	0.00248	0.00359	0.01656	0.00647	0.00562
16	0.02049	0.01527	0.01732	0.01470	0.03463	0.06189	0.01165	0.32425	0.02117	0.11240	0.01609	0.01843	0.01247	0.01756	0.17337	0.00401	0.10357	0.00613	0.00534	0.00926
17	0.01928	0.01426	0.01558	0.01294	0.01675	0.01556	0.01016	0.34872	0.18998	0.05797	0.02147	0.10304	0.01838	0.09016	0.00962	0.00255	0.00616	0.00805	0.00627	0.03311
18	0.01437	0.01432	0.05036	0.07907	0.18121	0.01335	0.20418	0.06452	0.01504	0.02085	0.01618	0.09639	0.01509	0.09806	0.01011	0.00256	0.00797	0.00793	0.00390	0.08453
19	0.00807	0.00612	0.00745	0.00830	0.00937	0.00550	0.00577	0.00956	0.01393	0.01802	0.11127	0.47759	0.25784	0.01871	0.00815	0.00248	0.00360	0.01656	0.00622	0.00550
20	0.02271	0.01649	0.01780	0.01404	0.01862	0.01817	0.01134	0.53291	0.10981	0.06450	0.01799	0.01971	0.01367	0.08047	0.00916	0.00243	0.00686	0.00648	0.00641	0.01042
21	0.01454	0.01608	0.08697	0.20716	0.29257	0.01537	0.12545	0.01964	0.04854	0.02006	0.01378	0.04660	0.01147	0.00704	0.00754	0.00215	0.04595	0.00665	0.00341	0.00900
22	0.02049	0.09186	0.05566	0.03959	0.11579	0.16762	0.01364	0.17892	0.16799	0.05982	0.01606	0.01669	0.01220	0.00729	0.00623	0.00193	0.00791	0.00564	0.00492	0.00975

[dist]
# distance from previous block
# <min> <max>
0	1

[block]
# block no. 7 follows, 33 sequences, length 12
# corresponding to MSA columns:
# 286-297
name=unknown_H
#
# <colnr> <probs for GDERKNQSTAVLIFYWHMCP>
#	G	D	E	R	K	N	Q	S	T	A	V	L	I	F	Y	W	H	M	C	P
0	0.01283	0.01136	0.01835	0.19202	0.30714	0.01198	0.01477	0.01588	0.01357	0.01849	0.01890	0.12867	0.01915	0.10677	0.01050	0.00279	0.00712	0.07801	0.00396	0.00774
1	0.02137	0.01278	0.05303	0.06695	0.01831	0.01183	0.01069	0.17131	0.01978	0.30210	0.09253	0.02332	0.01897	0.01031	0.04122	0.00239	0.00643	0.00682	0.10037	0.00948
2	0.01415	0.01450	0.01795	0.01560	0.01621	0.07313	0.01281	0.01565	0.01151	0.01617	0.01780	0.02184	0.12023	0.01196	0.01825	0.00269	0.58224	0.00691	0.00342	0.00698
3	0.01588	0.02041	0.24934	0.01738	0.07382	0.05249	0.05850	0.06484	0.12164	0.07782	0.10238	0.05313	0.02012	0.00875	0.00684	0.00213	0.00747	0.03298	0.00491	0.00919
4	0.01053	0.00688	0.00886	0.00946	0.01064	0.00651	0.00668	0.04138	0.01421	0.07431	0.06238	0.56126	0.09168	0.01975	0.03952	0.00287	0.00463	0.01609	0.00622	0.00613
5	0.01759	0.41707	0.11914	0.01489	0.04980	0.05794	0.04379	0.09272	0.05847	0.02063	0.04259	0.01469	0.01191	0.00655	0.00537	0.00171	0.00758	0.00487	0.00370	0.00898
6	0.00842	0.00602	0.00808	0.00948	0.01007	0.00568	0.00667	0.00992	0.01329	0.01775	0.07830	0.63509	0.04398	0.01988	0.00845	0.00268	0.00405	0.10052	0.00617	0.00549
7	0.05915	0.01697	0.02138	0.08842	0.34666	0.12971	0.01573	0.04123	0.01558	0.06975	0.01260	0.01546	0.01008	0.00648	0.00688	0.00189	0.04426	0.00534	0.00377	0.08864
8	0.00823	0.00595	0.00744	0.00854	0.00910	0.00554	0.00564	0.00927	0.01244	0.01630	0.03775	0.56241	0.12752	0.13667	0.01224	0.00319	0.00416	0.01667	0.00578	0.00516
9	0.06664	0.04965	0.02235	0.17784	0.32525	0.10865	0.01652	0.04529	0.01538	0.06280	0.01240	0.01566	0.00985	0.00657	0.00682	0.00200	0.03815	0.00545	0.00363	0.00908
10	0.01928	0.34804	0.07771	0.06053	0.04697	0.04360	0.06891	0.12446	0.03847	0.09413	0.01324	0.01448	0.01023	0.00647	0.00561	0.00177	0.00767	0.00501	0.00412	0.00930
11	0.14562	0.10208	0.04904	0.06778	0.06341	0.15431	0.04949	0.15592	0.05687	0.07564	0.01352	0.01482	0.01020	0.00683	0.00586	0.00192	0.00798	0.00515	0.00451	0.00904

[dist]
# distance from previous block
# <min> <max>
0	2

[block]
# block no. 8 follows, 33 sequences, length 48
# corresponding to MSA columns:
# 300-347
name=unknown_I
#
# <colnr> <probs for GDERKNQSTAVLIFYWHMCP>
#	G	D	E	R	K	N	Q	S	T	A	V	L	I	F	Y	W	H	M	C	P
0	0.04318	0.03326	0.70743	0.01839	0.02790	0.01527	0.02368	0.02079	0.01380	0.02117	0.01172	0.01378	0.00829	0.00625	0.00617	0.00208	0.00956	0.00482	0.00283	0.00963
1	0.01367	0.05270	0.03378	0.04253	0.16046	0.05834	0.01186	0.01756	0.06418	0.01960	0.06821	0.05060	0.03167	0.03894	0.13526	0.00365	0.08998	0.00714	0.09224	0.00764
2	0.01025	0.00684	0.00831	0.00783	0.00967	0.00622	0.00591	0.01302	0.01728	0.05514	0.46878	0.04789	0.19269	0.01317	0.00732	0.00203	0.00326	0.01137	0.10674	0.00628
3	0.01637	0.12927	0.05932	0.01352	0.04351	0.01569	0.01110	0.02755	0.38018	0.08287	0.06369	0.02661	0.06389	0.00911	0.00648	0.00209	0.00568	0.02775	0.00585	0.00948
4	0.01633	0.17467	0.02194	0.06517	0.09095	0.05659	0.06513	0.15577	0.01732	0.02228	0.01942	0.17172	0.04718	0.01003	0.00712	0.00206	0.03505	0.00844	0.00453	0.00830
5	0.01689	0.00883	0.01127	0.00998	0.01297	0.00808	0.00788	0.02045	0.06475	0.28034	0.21135	0.10281	0.14301	0.01268	0.00743	0.00221	0.00447	0.05931	0.00718	0.00813
6	0.00957	0.00727	0.00861	0.00864	0.01028	0.00684	0.00631	0.05341	0.03247	0.02167	0.24624	0.28641	0.24517	0.01631	0.00788	0.00231	0.00371	0.01426	0.00649	0.00614
7	0.02495	0.02905	0.01852	0.01647	0.02012	0.63834	0.01250	0.07887	0.01961	0.06537	0.01165	0.01287	0.00921	0.00696	0.00603	0.00174	0.01110	0.00453	0.00395	0.00814
8	0.01692	0.00844	0.01017	0.00910	0.01175	0.00811	0.00718	0.05238	0.03626	0.21501	0.10265	0.07675	0.02467	0.01001	0.00619	0.00194	0.00426	0.05248	0.33793	0.00781
9	0.01349	0.08285	0.68827	0.01827	0.02773	0.01600	0.02346	0.02077	0.01386	0.02049	0.01164	0.01368	0.00835	0.00621	0.00612	0.00204	0.00955	0.00478	0.00278	0.00964
10	0.01365	0.01170	0.01365	0.00975	0.01560	0.00878	0.00780	0.01658	0.01365	0.02145	0.01170	0.01365	0.00975	0.00488	0.00488	0.00098	0.00488	0.00390	0.00390	0.80888
11	0.02694	0.01243	0.01573	0.01222	0.01707	0.01177	0.01003	0.16501	0.04038	0.52860	0.07010	0.02292	0.01841	0.00847	0.00669	0.00203	0.00575	0.00685	0.00774	0.01085
12	0.81514	0.01273	0.00968	0.00866	0.01273	0.01477	0.00713	0.01935	0.01120	0.02954	0.00917	0.01069	0.00713	0.00611	0.00407	0.00204	0.00509	0.00356	0.00407	0.00713
13	0.00874	0.00698	0.00740	0.00739	0.00943	0.00625	0.00550	0.01156	0.05423	0.01962	0.12924	0.11464	0.51201	0.01563	0.00756	0.00220	0.00344	0.01320	0.05907	0.00592
14	0.00868	0.00642	0.00811	0.00829	0.00960	0.00585	0.00599	0.01096	0.01623	0.02212	0.41076	0.26759	0.16283	0.01614	0.00796	0.00228	0.00336	0.01428	0.00672	0.00585
15	0.00845	0.00637	0.00781	0.00814	0.00948	0.00573	0.00584	0.01048	0.01556	0.02072	0.30622	0.29969	0.23788	0.01681	0.00799	0.00232	0.00341	0.01480	0.00654	0.00573
16	0.02645	0.01414	0.01685	0.01314	0.01814	0.01430	0.01078	0.27579	0.10016	0.40476	0.02239	0.02026	0.01487	0.00815	0.00662	0.00204	0.00615	0.00646	0.00742	0.01111
17	0.01637	0.01414	0.01489	0.01340	0.01712	0.01637	0.01042	0.03498	0.71568	0.02754	0.02679	0.02456	0.02010	0.00893	0.00670	0.00223	0.00521	0.00744	0.00670	0.01042
18	0.02328	0.02034	0.01859	0.01519	0.01977	0.17138	0.01216	0.43467	0.15920	0.03349	0.01672	0.01665	0.01233	0.00786	0.00647	0.00197	0.00783	0.00586	0.00594	0.01030
19	0.01111	0.01143	0.09348	0.07316	0.01594	0.01028	0.01036	0.03294	0.03727	0.01734	0.02241	0.21161	0.02414	0.20602	0.05852	0.00398	0.08921	0.06006	0.00446	0.00630
20	0.78489	0.01354	0.03702	0.00904	0.01333	0.01479	0.00778	0.01941	0.01131	0.02921	0.00927	0.01082	0.00718	0.00612	0.00416	0.00204	0.00527	0.00361	0.00403	0.00723
21	0.01352	0.01167	0.01946	0.70557	0.04352	0.01431	0.01773	0.01779	0.01353	0.06242	0.01261	0.01786	0.00926	0.00668	0.00658	0.00218	0.00857	0.00590	0.00326	0.00756
22	0.00859	0.00631	0.00805	0.00845	0.00960	0.00577	0.00602	0.01070	0.01568	0.02134	0.35635	0.34793	0.13720	0.01684	0.00803	0.00234	0.00343	0.01498	0.00663	0.00577
23	0.00954	0.00895	0.07043	0.01009	0.01132	0.00750	0.00794	0.01129	0.01233	0.01714	0.04439	0.43055	0.03340	0.15426	0.01345	0.00325	0.05283	0.04577	0.04987	0.00569
24	0.00931	0.00630	0.00737	0.00763	0.00773	0.00628	0.00449	0.00958	0.01011	0.01352	0.02320	0.16143	0.02691	0.62044	0.05385	0.00592	0.00635	0.01099	0.00432	0.00428
25	0.00915	0.00674	0.00777	0.00756	0.00946	0.00599	0.00567	0.01143	0.01611	0.03770	0.29827	0.08457	0.37863	0.01593	0.02905	0.00239	0.00373	0.01258	0.05132	0.00596
26	0.01823	0.01437	0.01542	0.01345	0.01744	0.01630	0.01058	0.10405	0.59394	0.08054	0.02560	0.02350	0.01890	0.00877	0.00668	0.00219	0.00545	0.00723	0.00679	0.01056
27	0.00784	0.00645	0.00690	0.00726	0.00905	0.00551	0.00526	0.00938	0.01444	0.01755	0.05953	0.22841	0.56447	0.01760	0.00793	0.00233	0.00345	0.01503	0.00611	0.00551
28	0.01256	0.01183	0.01998	0.72900	0.06815	0.01466	0.01835	0.01693	0.01322	0.01698	0.01172	0.01751	0.00883	0.00656	0.00658	0.00219	0.00874	0.00585	0.00294	0.00742
29	0.01827	0.64489	0.06580	0.01233	0.01788	0.11501	0.01207	0.02059	0.01406	0.01582	0.00941	0.01088	0.00845	0.00581	0.00453	0.00148	0.00777	0.00367	0.00289	0.00841
30	0.04389	0.01665	0.01740	0.01401	0.01819	0.06358	0.01131	0.44800	0.05773	0.07274	0.01656	0.01864	0.01274	0.05613	0.07356	0.00302	0.03404	0.00617	0.00586	0.00979
31	0.01588	0.01297	0.01335	0.01246	0.01536	0.08711	0.01015	0.15073	0.11306	0.04994	0.07573	0.04468	0.09737	0.02761	0.00813	0.00247	0.00630	0.24272	0.00609	0.00790
32	0.81514	0.01273	0.00968	0.00866	0.01273	0.01477	0.00713	0.01935	0.01120	0.02954	0.00917	0.01069	0.00713	0.00611	0.00407	0.00204	0.00509	0.00356	0.00407	0.00713
33	0.01598	0.01511	0.02557	0.11191	0.57916	0.01545	0.04359	0.04526	0.01542	0.02169	0.01331	0.01862	0.01129	0.00646	0.00667	0.00203	0.00795	0.03116	0.00346	0.00992
34	0.01361	0.01164	0.01354	0.00987	0.01550	0.00897	0.00785	0.01707	0.03976	0.02156	0.01291	0.03371	0.01102	0.00544	0.00504	0.00107	0.00486	0.00442	0.00406	0.75811
35	0.01584	0.01478	0.01957	0.06519	0.16402	0.10231	0.09882	0.05970	0.01520	0.02110	0.01512	0.02105	0.01295	0.05041	0.00969	0.00229	0.10075	0.03018	0.17311	0.00792
36	0.00851	0.00621	0.00800	0.00857	0.00960	0.00571	0.00604	0.01047	0.01521	0.02067	0.30954	0.41443	0.11781	0.01742	0.00809	0.00239	0.00349	0.01557	0.00656	0.00571
37	0.01705	0.01758	0.04959	0.15277	0.22526	0.07677	0.17832	0.10046	0.07399	0.02292	0.01385	0.01702	0.01068	0.00649	0.00679	0.00207	0.00888	0.00628	0.00388	0.00936
38	0.00821	0.00594	0.00776	0.00889	0.00956	0.00549	0.00606	0.00969	0.01367	0.01834	0.14440	0.61456	0.08445	0.01930	0.00827	0.00256	0.00368	0.01739	0.00629	0.00549
39	0.09629	0.01438	0.02305	0.06342	0.49572	0.01461	0.04251	0.02052	0.03245	0.06224	0.06021	0.01856	0.01399	0.00662	0.00642	0.00200	0.00721	0.00619	0.00395	0.00967
40	0.01643	0.01586	0.03091	0.02857	0.22793	0.01521	0.38740	0.04077	0.01593	0.06680	0.01577	0.04325	0.01304	0.00700	0.00740	0.00218	0.00922	0.04313	0.00394	0.00928
41	0.01524	0.01649	0.03310	0.02433	0.03003	0.01612	0.54377	0.02238	0.11957	0.02167	0.01639	0.05767	0.01321	0.00702	0.00805	0.00226	0.03161	0.00823	0.00396	0.00888
42	0.00822	0.00596	0.00780	0.00920	0.00983	0.00555	0.00639	0.00956	0.01302	0.01713	0.03876	0.64712	0.10118	0.02008	0.00841	0.00266	0.00396	0.07361	0.00611	0.00542
43	0.01142	0.01140	0.00959	0.00935	0.01154	0.14647	0.00705	0.01338	0.01619	0.01896	0.16269	0.08981	0.40158	0.01454	0.00753	0.00217	0.00511	0.04935	0.00578	0.00608
44	0.01657	0.01633	0.02594	0.07296	0.65566	0.05616	0.01969	0.02038	0.01511	0.02098	0.01223	0.01611	0.01024	0.00595	0.00649	0.00195	0.00809	0.00577	0.00325	0.01012
45	0.02006	0.01411	0.01581	0.01204	0.01714	0.01380	0.00979	0.31189	0.04063	0.10229	0.01614	0.01668	0.01192	0.00684	0.00581	0.00159	0.00581	0.00533	0.07389	0.29844
46	0.01500	0.01487	0.02623	0.06959	0.05903	0.01587	0.30479	0.06219	0.05357	0.02044	0.01406	0.02034	0.01205	0.10243	0.01329	0.00280	0.15277	0.00715	0.00370	0.02982
47	0.05120	0.01236	0.01702	0.18453	0.15163	0.06161	0.03992	0.01629	0.01452	0.01993	0.14800	0.05075	0.04890	0.07091	0.01003	0.00252	0.05644	0.03184	0.00430	0.00731

[dist]
# distance from previous block
# <min> <max>
9	19

[block]
# block no. 9 follows, 33 sequences, length 36
# corresponding to MSA columns:
# 374-409
name=unknown_J
#
# <colnr> <probs for GDERKNQSTAVLIFYWHMCP>
#	G	D	E	R	K	N	Q	S	T	A	V	L	I	F	Y	W	H	M	C	P
0	0.01795	0.09534	0.02497	0.02917	0.41345	0.08280	0.01684	0.09776	0.03551	0.02219	0.01222	0.01527	0.01020	0.00686	0.00791	0.00199	0.09071	0.00552	0.00365	0.00970
1	0.01665	0.10170	0.22759	0.06331	0.12733	0.05874	0.03917	0.09889	0.08874	0.04383	0.01549	0.06208	0.01270	0.00757	0.00635	0.00202	0.00804	0.00628	0.00412	0.00941
2	0.00841	0.00669	0.00754	0.00733	0.00928	0.00583	0.00550	0.01067	0.01650	0.02133	0.33691	0.05753	0.45247	0.01535	0.00777	0.00216	0.00324	0.01308	0.00658	0.00583
3	0.00955	0.00746	0.01056	0.00940	0.01137	0.00683	0.05298	0.01264	0.01799	0.02500	0.59640	0.04879	0.13915	0.01332	0.00777	0.00210	0.00367	0.01187	0.00685	0.00631
4	0.02540	0.01784	0.01938	0.01486	0.02011	0.01952	0.01228	0.64952	0.02994	0.09901	0.01665	0.01636	0.01162	0.00792	0.00659	0.00198	0.00711	0.00598	0.00672	0.01120
5	0.00824	0.00613	0.00772	0.00885	0.00978	0.00562	0.00627	0.00973	0.01355	0.01758	0.06457	0.52516	0.19451	0.01931	0.00831	0.00259	0.00389	0.07657	0.00614	0.00548
6	0.01523	0.01482	0.02393	0.27664	0.45522	0.03987	0.01914	0.01915	0.01436	0.01960	0.01197	0.01651	0.00976	0.00630	0.00696	0.00205	0.03034	0.00580	0.00314	0.00920
7	0.01718	0.01674	0.01697	0.11712	0.07683	0.20918	0.03237	0.04368	0.01625	0.06296	0.05796	0.09331	0.01699	0.00845	0.00641	0.00184	0.00767	0.02388	0.00439	0.16981
8	0.74933	0.01321	0.01052	0.00920	0.01337	0.01524	0.00758	0.07651	0.01285	0.03053	0.00972	0.01112	0.00747	0.00626	0.00428	0.00203	0.00527	0.00376	0.00428	0.00747
9	0.01348	0.01320	0.08300	0.01059	0.01620	0.00907	0.00927	0.01671	0.01391	0.04273	0.03748	0.07763	0.01434	0.00670	0.00545	0.00129	0.00522	0.00557	0.00421	0.61397
10	0.00873	0.00776	0.01024	0.00914	0.01165	0.00675	0.07731	0.01090	0.01524	0.01884	0.11867	0.10005	0.54977	0.01547	0.00782	0.00224	0.00415	0.01338	0.00593	0.00595
11	0.01175	0.00917	0.01072	0.01045	0.01251	0.00957	0.00788	0.05870	0.20307	0.02390	0.21464	0.24689	0.08301	0.01447	0.00768	0.00235	0.00432	0.05501	0.00659	0.00733
12	0.73352	0.01466	0.01060	0.00951	0.01352	0.08987	0.00771	0.02007	0.01197	0.02815	0.00927	0.01082	0.00727	0.00618	0.00427	0.00200	0.00579	0.00363	0.00400	0.00718
13	0.01569	0.01502	0.02563	0.15195	0.62076	0.01548	0.01990	0.01967	0.01470	0.02077	0.01228	0.01649	0.01017	0.00598	0.00653	0.00199	0.00797	0.00586	0.00321	0.00994
14	0.73280	0.09119	0.01224	0.00893	0.01316	0.01593	0.00756	0.01939	0.01143	0.02809	0.00917	0.01068	0.00727	0.00606	0.00409	0.00197	0.00529	0.00356	0.00394	0.00727
15	0.01353	0.04878	0.63722	0.01796	0.02686	0.01546	0.02246	0.02192	0.07672	0.02130	0.01362	0.01617	0.01008	0.00675	0.00631	0.00210	0.00918	0.02071	0.00321	0.00968
16	0.01367	0.01365	0.01903	0.62652	0.04057	0.08950	0.01699	0.01818	0.03792	0.01715	0.01390	0.01874	0.03306	0.00702	0.00656	0.00214	0.00879	0.00601	0.00321	0.00739
17	0.01000	0.00754	0.00911	0.00977	0.01100	0.00752	0.00688	0.05871	0.08665	0.01966	0.03675	0.57254	0.10219	0.01819	0.00805	0.00254	0.00415	0.01624	0.00620	0.00628
18	0.00897	0.00627	0.00788	0.00826	0.00941	0.00580	0.00590	0.01117	0.01544	0.02166	0.32162	0.32897	0.11026	0.01597	0.00769	0.00227	0.00340	0.01417	0.08908	0.00580
19	0.01345	0.01032	0.01334	0.01212	0.01418	0.01197	0.00961	0.16850	0.03991	0.02170	0.01771	0.05439	0.01601	0.03474	0.46908	0.00747	0.06657	0.00722	0.00439	0.00730
20	0.00986	0.00797	0.00881	0.00843	0.01067	0.00760	0.00642	0.03031	0.11091	0.02212	0.24486	0.07302	0.38985	0.01466	0.00765	0.00221	0.00369	0.02792	0.00652	0.00654
21	0.01267	0.00996	0.01125	0.01088	0.01336	0.01058	0.00834	0.02184	0.31837	0.04660	0.09644	0.18334	0.14167	0.01367	0.00751	0.00237	0.00454	0.07217	0.00653	0.00791
22	0.01637	0.01414	0.01489	0.01340	0.01712	0.01637	0.01042	0.03498	0.71568	0.02754	0.02679	0.02456	0.02010	0.00893	0.00670	0.00223	0.00521	0.00744	0.00670	0.01042
23	0.01871	0.03162	0.02152	0.25869	0.15981	0.10260	0.05648	0.11988	0.01756	0.10907	0.01462	0.03470	0.01121	0.00711	0.00656	0.00204	0.00834	0.00614	0.00431	0.00904
24	0.35985	0.01741	0.05670	0.09034	0.07161	0.13789	0.01160	0.09129	0.01532	0.02577	0.01146	0.01361	0.00888	0.00655	0.00525	0.00195	0.00719	0.00457	0.05478	0.00799
25	0.78571	0.01267	0.00989	0.00877	0.01288	0.01458	0.00722	0.01983	0.01149	0.05586	0.00980	0.01113	0.00747	0.00619	0.00417	0.00204	0.00511	0.00368	0.00423	0.00728
26	0.01747	0.27966	0.13700	0.06068	0.02334	0.13938	0.10590	0.05837	0.01538	0.01875	0.01199	0.01435	0.02405	0.00674	0.00686	0.00187	0.06141	0.00506	0.00326	0.00850
27	0.00930	0.00632	0.00749	0.00774	0.00788	0.00633	0.00463	0.00965	0.01015	0.01361	0.02312	0.16205	0.02669	0.59535	0.07733	0.00605	0.00672	0.01093	0.00431	0.00434
28	0.01493	0.01637	0.05179	0.04500	0.11675	0.01614	0.39448	0.02041	0.06174	0.02081	0.03857	0.04295	0.01335	0.00742	0.00930	0.00228	0.10769	0.00760	0.00369	0.00873
29	0.01134	0.00886	0.00993	0.00929	0.01174	0.00883	0.00712	0.03740	0.17818	0.04045	0.25314	0.06779	0.28640	0.01360	0.00751	0.00220	0.00395	0.02843	0.00665	0.00719
30	0.01144	0.00572	0.00858	0.00858	0.00858	0.00572	0.00572	0.00858	0.00858	0.01144	0.01144	0.02001	0.01144	0.02287	0.02573	0.80846	0.00572	0.00572	0.00286	0.00286
31	0.01844	0.02171	0.02719	0.09796	0.04935	0.28266	0.28822	0.02199	0.01586	0.01830	0.01149	0.01519	0.00918	0.00673	0.00836	0.00209	0.08787	0.00601	0.00326	0.00813
32	0.00812	0.00598	0.00761	0.00869	0.00948	0.00547	0.00595	0.00956	0.01362	0.01798	0.11454	0.57989	0.15046	0.01925	0.00824	0.00254	0.00367	0.01724	0.00623	0.00547
33	0.07352	0.01687	0.01799	0.01403	0.01884	0.01859	0.01152	0.59052	0.02843	0.03917	0.08851	0.01893	0.01620	0.00836	0.00655	0.00199	0.00668	0.00639	0.00649	0.01042
34	0.10172	0.01023	0.01239	0.01038	0.01393	0.00976	0.00824	0.08764	0.01832	0.29645	0.21107	0.10129	0.04782	0.01068	0.00682	0.00208	0.00479	0.00895	0.00697	0.03048
35	0.08323	0.01285	0.01375	0.01172	0.01532	0.03201	0.00925	0.15383	0.22631	0.12285	0.17095	0.02811	0.04623	0.03491	0.00759	0.00223	0.00535	0.00785	0.00658	0.00908

[dist]
