[name]
unknown

[dist]
# distance from previous block
# <min> <max>
0	0

[block]
# block no. 0 follows, 34 sequences, length 35
# corresponding to MSA columns:
# 0-34
name=unknown_A
#
# <colnr> <probs for GDERKNQSTAVLIFYWHMCP>
#	G	D	E	R	K	N	Q	S	T	A	V	L	I	F	Y	W	H	M	C	P
0	0.01041	0.00744	0.01041	0.01190	0.01339	0.00744	0.01041	0.01339	0.01487	0.01934	0.03421	0.07288	0.03719	0.01785	0.00892	0.00297	0.00595	0.68913	0.00595	0.00595
1	0.70704	0.01228	0.01027	0.00892	0.01306	0.01379	0.00735	0.02076	0.01206	0.12900	0.01133	0.01212	0.00827	0.00628	0.00435	0.00200	0.00507	0.00392	0.00456	0.00756
2	0.01337	0.01268	0.02149	0.53581	0.25694	0.01466	0.01853	0.01753	0.01347	0.01793	0.01169	0.01685	0.00911	0.00624	0.00644	0.00208	0.00832	0.00575	0.00297	0.00812
3	0.02424	0.00995	0.01347	0.01069	0.01486	0.00868	0.00868	0.02687	0.01844	0.56687	0.19392	0.02828	0.02676	0.00924	0.00677	0.00201	0.00491	0.00774	0.00779	0.00982
4	0.03982	0.01584	0.01546	0.01333	0.01712	0.11082	0.01064	0.20973	0.25425	0.08740	0.07277	0.02576	0.01983	0.00922	0.00666	0.00209	0.00646	0.06726	0.00616	0.00937
5	0.13874	0.01729	0.01567	0.01311	0.01717	0.13251	0.01045	0.30586	0.14298	0.03074	0.07151	0.01974	0.04019	0.00821	0.00615	0.00196	0.00673	0.00618	0.00565	0.00915
6	0.13865	0.01827	0.01685	0.01372	0.01814	0.12992	0.01102	0.40198	0.08470	0.05699	0.01514	0.01597	0.01131	0.03054	0.00682	0.00206	0.00725	0.00549	0.00561	0.00959
7	0.01438	0.01348	0.02113	0.43646	0.25935	0.03528	0.01761	0.05992	0.01490	0.01976	0.03804	0.01770	0.01117	0.00657	0.00646	0.00205	0.00811	0.00592	0.00336	0.00835
8	0.12454	0.01367	0.01451	0.01194	0.01598	0.06814	0.00956	0.13980	0.08122	0.29210	0.05510	0.05110	0.01693	0.02787	0.00730	0.00212	0.02715	0.00663	0.00628	0.02807
9	0.04789	0.01284	0.01950	0.44237	0.20784	0.04233	0.01650	0.01766	0.01378	0.03844	0.01598	0.01997	0.06397	0.00707	0.00641	0.00207	0.00785	0.00621	0.00340	0.00791
10	0.01640	0.01612	0.02583	0.03852	0.69718	0.05174	0.01946	0.02013	0.01489	0.02085	0.01205	0.01578	0.01014	0.00580	0.00637	0.00191	0.00787	0.00568	0.00320	0.01010
11	0.01525	0.01743	0.03813	0.02723	0.03377	0.01634	0.70915	0.02070	0.01525	0.02070	0.01307	0.01743	0.00980	0.00545	0.00763	0.00218	0.01089	0.00763	0.00327	0.00871
12	0.01220	0.01148	0.01938	0.75739	0.04450	0.01436	0.01794	0.01651	0.01292	0.01651	0.01148	0.01723	0.00861	0.00646	0.00646	0.00215	0.00861	0.00574	0.00287	0.00718
13	0.01414	0.01414	0.01979	0.01696	0.01696	0.01979	0.01414	0.01555	0.00990	0.01555	0.00848	0.01414	0.00848	0.01131	0.02120	0.00283	0.76110	0.00565	0.00283	0.00707
14	0.01780	0.72010	0.03268	0.01148	0.01684	0.08040	0.01116	0.01984	0.01352	0.01525	0.00906	0.01046	0.00829	0.00561	0.00427	0.00140	0.00727	0.00351	0.00281	0.00823
15	0.01340	0.01148	0.01340	0.00957	0.01531	0.00861	0.00766	0.01627	0.01340	0.02105	0.01148	0.01340	0.00957	0.00479	0.00479	0.00096	0.00479	0.00383	0.00383	0.81242
16	0.00787	0.00562	0.00750	0.00900	0.00937	0.00525	0.00600	0.00900	0.01237	0.01649	0.03561	0.76871	0.04274	0.02024	0.00825	0.00262	0.00375	0.01837	0.00600	0.00525
17	0.00815	0.00587	0.00778	0.00913	0.00973	0.00550	0.00637	0.00956	0.01296	0.01722	0.06788	0.64474	0.06981	0.01955	0.00826	0.00261	0.00390	0.07959	0.00604	0.00536
18	0.01726	0.01695	0.02578	0.03514	0.57781	0.07550	0.06054	0.07291	0.01623	0.02214	0.01229	0.01569	0.01011	0.00596	0.00643	0.00192	0.00815	0.00574	0.00346	0.00998
19	0.01695	0.72030	0.08749	0.01162	0.01745	0.02476	0.01203	0.01943	0.01317	0.01560	0.00918	0.01061	0.00828	0.00557	0.00430	0.00143	0.00711	0.00356	0.00276	0.00839
20	0.00784	0.00576	0.00736	0.00864	0.00928	0.00528	0.00584	0.00904	0.01271	0.01663	0.03996	0.66574	0.14289	0.01968	0.00816	0.00256	0.00368	0.01768	0.00600	0.00528
21	0.01958	0.54927	0.02900	0.01281	0.04895	0.05004	0.01130	0.02178	0.01431	0.15014	0.01223	0.01294	0.00982	0.00620	0.00523	0.00157	0.02800	0.00422	0.00378	0.00882
22	0.02465	0.01805	0.05071	0.01441	0.01958	0.06462	0.01219	0.47785	0.04730	0.17850	0.01732	0.01675	0.01196	0.00769	0.00642	0.00195	0.00713	0.00585	0.00641	0.01068
23	0.02209	0.01283	0.02084	0.01568	0.02068	0.01191	0.20197	0.07032	0.04560	0.38516	0.08288	0.02382	0.03881	0.00800	0.00694	0.00206	0.00680	0.00745	0.00641	0.00976
24	0.01460	0.02062	0.21376	0.02155	0.02689	0.01712	0.30549	0.03933	0.01369	0.01970	0.01140	0.01542	0.00903	0.00743	0.01123	0.00233	0.23257	0.00625	0.00309	0.00851
25	0.81856	0.01250	0.00950	0.00850	0.01250	0.01449	0.00700	0.01899	0.01100	0.02899	0.00900	0.01050	0.00700	0.00600	0.00400	0.00200	0.00500	0.00350	0.00400	0.00700
26	0.01885	0.01944	0.01723	0.07116	0.08808	0.27207	0.01232	0.07386	0.21159	0.04101	0.01994	0.02051	0.06893	0.00814	0.00676	0.00197	0.02851	0.00626	0.00472	0.00866
27	0.00787	0.00562	0.00750	0.00900	0.00937	0.00525	0.00600	0.00900	0.01237	0.01649	0.03561	0.76871	0.04274	0.02024	0.00825	0.00262	0.00375	0.01837	0.00600	0.00525
28	0.01503	0.01467	0.02353	0.28646	0.46488	0.04601	0.01887	0.01894	0.01425	0.01930	0.01183	0.01623	0.00959	0.00604	0.00639	0.00199	0.00817	0.00568	0.00309	0.00906
29	0.01573	0.01458	0.02328	0.07777	0.54412	0.01507	0.01763	0.05001	0.09455	0.02210	0.01501	0.05439	0.01285	0.00694	0.00652	0.00200	0.00723	0.00656	0.00384	0.00983
30	0.01464	0.01216	0.01786	0.04771	0.09351	0.03152	0.13179	0.07238	0.07858	0.08257	0.18342	0.03287	0.15314	0.00994	0.00712	0.00207	0.00611	0.00898	0.00552	0.00810
31	0.06784	0.01849	0.04703	0.05340	0.14761	0.13879	0.07702	0.20171	0.01902	0.06871	0.01330	0.01534	0.01014	0.00781	0.02511	0.00213	0.03422	0.00549	0.00441	0.04245
32	0.04373	0.03688	0.02226	0.16166	0.39506	0.07456	0.01673	0.04005	0.03245	0.04001	0.02915	0.01677	0.01130	0.00742	0.02296	0.00215	0.02854	0.00570	0.00356	0.00905
33	0.07732	0.07014	0.02391	0.10433	0.45507	0.01552	0.03704	0.01975	0.01410	0.06392	0.01232	0.01572	0.00999	0.00649	0.00695	0.01997	0.02922	0.00551	0.00347	0.00928
34	0.01526	0.07305	0.05535	0.09942	0.37753	0.03502	0.04033	0.05362	0.03958	0.02135	0.07486	0.03475	0.01536	0.00819	0.02717	0.00218	0.00769	0.00642	0.00380	0.00908

[dist]
# distance from previous block
# <min> <max>
1	17

[block]
# block no. 1 follows, 34 sequences, length 32
# corresponding to MSA columns:
# 52-83
name=unknown_B
#
# <colnr> <probs for GDERKNQSTAVLIFYWHMCP>
#	G	D	E	R	K	N	Q	S	T	A	V	L	I	F	Y	W	H	M	C	P
0	0.08323	0.24859	0.16180	0.01670	0.10454	0.05033	0.03622	0.02081	0.05708	0.05936	0.03177	0.01624	0.03391	0.00693	0.00634	0.00186	0.04668	0.00520	0.00369	0.00870
1	0.05299	0.19222	0.23183	0.01986	0.09276	0.09400	0.16758	0.02040	0.01431	0.01921	0.01172	0.03325	0.00962	0.00623	0.00597	0.00189	0.00893	0.00543	0.00311	0.00871
2	0.13984	0.35169	0.13676	0.04759	0.01898	0.01904	0.01262	0.04226	0.01401	0.09345	0.03361	0.01389	0.01060	0.00652	0.00561	0.00177	0.03503	0.00450	0.00374	0.00849
3	0.01498	0.13017	0.54138	0.01683	0.02506	0.05119	0.02033	0.03839	0.04302	0.04311	0.01231	0.01385	0.00899	0.00629	0.00590	0.00194	0.00893	0.00475	0.00318	0.00939
4	0.17026	0.17677	0.43159	0.01478	0.02229	0.01681	0.01754	0.02035	0.01320	0.04675	0.01107	0.01268	0.00826	0.00606	0.00534	0.00190	0.00800	0.00433	0.00317	0.00886
5	0.00931	0.00660	0.00877	0.00877	0.00937	0.00720	0.00607	0.01050	0.00991	0.01381	0.01878	0.03354	0.01970	0.39816	0.40246	0.00840	0.01198	0.00812	0.00368	0.00487
6	0.00867	0.00659	0.00798	0.00763	0.00936	0.00590	0.00573	0.01128	0.01718	0.02327	0.52187	0.05261	0.26995	0.01419	0.00763	0.00208	0.00312	0.01229	0.00677	0.00590
7	0.01727	0.77681	0.03386	0.01106	0.01658	0.02557	0.01106	0.01935	0.01313	0.01520	0.00898	0.01036	0.00829	0.00553	0.00415	0.00138	0.00691	0.00345	0.00276	0.00829
8	0.02591	0.10921	0.01896	0.01267	0.01780	0.01536	0.01071	0.27877	0.02218	0.39202	0.01978	0.01817	0.01320	0.00760	0.00619	0.00190	0.00626	0.00587	0.00678	0.01066
9	0.01795	0.01538	0.02554	0.10757	0.37345	0.04209	0.14556	0.04727	0.01589	0.12441	0.01422	0.01708	0.01077	0.00621	0.00663	0.00199	0.00819	0.00615	0.00400	0.00966
10	0.02554	0.01311	0.01833	0.01401	0.01897	0.01265	0.08592	0.13987	0.06382	0.48147	0.02209	0.02035	0.01453	0.00783	0.00705	0.00205	0.02830	0.00654	0.00700	0.01059
11	0.02456	0.01810	0.01939	0.01487	0.02004	0.02004	0.01228	0.71107	0.03038	0.04072	0.01551	0.01551	0.01099	0.00776	0.00646	0.00194	0.00711	0.00582	0.00646	0.01099
12	0.01287	0.01146	0.01920	0.72757	0.04338	0.01416	0.01761	0.01711	0.01314	0.04532	0.01204	0.01742	0.00891	0.00652	0.00646	0.00215	0.00849	0.00577	0.00308	0.00733
13	0.01549	0.01484	0.02532	0.13499	0.64122	0.01522	0.01958	0.01939	0.01447	0.02050	0.01206	0.01616	0.01002	0.00585	0.00641	0.00195	0.00780	0.00576	0.00315	0.00983
14	0.00764	0.00655	0.00655	0.00655	0.00873	0.00545	0.00491	0.00927	0.01473	0.01745	0.06546	0.06218	0.73000	0.01636	0.00764	0.00218	0.00327	0.01364	0.00600	0.00545
15	0.00787	0.00562	0.00750	0.00900	0.00937	0.00525	0.00600	0.00900	0.01237	0.01649	0.03561	0.76871	0.04274	0.02024	0.00825	0.00262	0.00375	0.01837	0.00600	0.00525
16	0.01566	0.01725	0.03615	0.02688	0.06400	0.01642	0.63007	0.04678	0.03830	0.02166	0.01354	0.01751	0.01018	0.00565	0.00749	0.00216	0.01042	0.00746	0.00349	0.00892
17	0.00787	0.00562	0.00750	0.00900	0.00937	0.00525	0.00600	0.00900	0.01237	0.01649	0.03561	0.76871	0.04274	0.02024	0.00825	0.00262	0.00375	0.01837	0.00600	0.00525
18	0.02899	0.01100	0.01499	0.01150	0.01649	0.00950	0.00950	0.03149	0.01849	0.73709	0.02549	0.02199	0.01599	0.00800	0.00650	0.00200	0.00550	0.00650	0.00800	0.01100
19	0.01479	0.01412	0.02405	0.26820	0.51350	0.01503	0.01923	0.01877	0.01414	0.01964	0.01194	0.01638	0.00972	0.00598	0.00642	0.00199	0.00797	0.00575	0.00309	0.00926
20	0.01419	0.11201	0.58397	0.01802	0.02674	0.01605	0.07305	0.02076	0.01388	0.04629	0.01193	0.01388	0.00860	0.00609	0.00605	0.00198	0.00921	0.00491	0.00297	0.00940
21	0.01525	0.01743	0.03813	0.02723	0.03377	0.01634	0.70915	0.02070	0.01525	0.02070	0.01307	0.01743	0.00980	0.00545	0.00763	0.00218	0.01089	0.00763	0.00327	0.00871
22	0.01525	0.01743	0.03813	0.02723	0.03377	0.01634	0.70915	0.02070	0.01525	0.02070	0.01307	0.01743	0.00980	0.00545	0.00763	0.00218	0.01089	0.00763	0.00327	0.00871
23	0.01636	0.44259	0.14732	0.01665	0.05353	0.05052	0.13175	0.01993	0.01376	0.01728	0.01026	0.01250	0.00862	0.00583	0.00571	0.00170	0.02963	0.00457	0.00289	0.00859
24	0.01296	0.03342	0.73944	0.01842	0.02797	0.01501	0.02387	0.02046	0.01364	0.02046	0.01160	0.01364	0.00818	0.00614	0.00614	0.00205	0.00955	0.00477	0.00273	0.00955
25	0.00772	0.00643	0.00675	0.00693	0.00885	0.00545	0.00510	0.00934	0.01455	0.01764	0.08598	0.15455	0.61501	0.01676	0.00772	0.00223	0.00333	0.01419	0.00604	0.00545
26	0.02021	0.02181	0.34614	0.01583	0.04746	0.01296	0.01654	0.08004	0.01709	0.30540	0.04066	0.01830	0.01328	0.00722	0.00636	0.00201	0.00748	0.00580	0.00527	0.01015
27	0.10524	0.14834	0.35215	0.04039	0.05778	0.01593	0.07049	0.01958	0.01369	0.04264	0.03913	0.04262	0.01179	0.00680	0.00585	0.00196	0.00800	0.00552	0.00339	0.00870
28	0.01334	0.09888	0.67732	0.01777	0.02696	0.01594	0.02274	0.02036	0.01360	0.02000	0.01137	0.01335	0.00819	0.00608	0.00596	0.00199	0.00932	0.00466	0.00273	0.00944
29	0.01458	0.12923	0.51607	0.05083	0.02692	0.04323	0.06739	0.02071	0.01398	0.04264	0.01173	0.01382	0.00859	0.00610	0.00599	0.00196	0.00919	0.00487	0.00297	0.00919
30	0.09428	0.18326	0.32037	0.01505	0.02132	0.09941	0.04936	0.01941	0.01374	0.01923	0.01339	0.09799	0.01209	0.00762	0.00578	0.00193	0.00819	0.00598	0.00333	0.00827
31	0.03790	0.01284	0.04183	0.03979	0.17918	0.01202	0.09780	0.02221	0.09597	0.18536	0.13093	0.04473	0.05330	0.00861	0.00682	0.00206	0.00629	0.00784	0.00548	0.00905

[dist]
# distance from previous block
# <min> <max>
0	3

[block]
# block no. 2 follows, 34 sequences, length 18
# corresponding to MSA columns:
# 87-104
name=unknown_C
#
# <colnr> <probs for GDERKNQSTAVLIFYWHMCP>
#	G	D	E	R	K	N	Q	S	T	A	V	L	I	F	Y	W	H	M	C	P
0	0.04495	0.08871	0.14059	0.09083	0.08189	0.08347	0.07076	0.05416	0.05690	0.09839	0.03337	0.06749	0.04478	0.00802	0.00634	0.00200	0.00759	0.00676	0.00436	0.00863
1	0.02092	0.05892	0.10446	0.01756	0.05092	0.09673	0.15993	0.10199	0.01781	0.23744	0.01752	0.05730	0.01315	0.00750	0.00658	0.00200	0.00805	0.00664	0.00511	0.00947
2	0.01750	0.01495	0.02083	0.12000	0.22780	0.06658	0.07717	0.13147	0.04906	0.08390	0.01799	0.06905	0.03936	0.02659	0.00732	0.00214	0.00753	0.00716	0.00456	0.00903
3	0.01718	0.12421	0.18810	0.01868	0.02442	0.12249	0.21139	0.05793	0.01540	0.05402	0.01231	0.01538	0.00968	0.02936	0.00832	0.00212	0.07126	0.00566	0.00347	0.00862
4	0.05569	0.08723	0.06569	0.01391	0.01865	0.13418	0.06522	0.15547	0.05658	0.04070	0.03690	0.06285	0.01396	0.02173	0.00646	0.00185	0.00729	0.00609	0.00455	0.14500
5	0.01495	0.02941	0.07216	0.04291	0.05871	0.03289	0.01087	0.08586	0.07275	0.09963	0.04963	0.09370	0.05637	0.11383	0.01062	0.00280	0.00628	0.13360	0.00535	0.00769
6	0.02519	0.01674	0.06285	0.01306	0.01802	0.15087	0.01106	0.06158	0.05610	0.43912	0.02037	0.01877	0.01360	0.00746	0.00625	0.00188	0.00695	0.00579	0.00637	0.05797
7	0.01220	0.01148	0.01938	0.75739	0.04450	0.01436	0.01794	0.01651	0.01292	0.01651	0.01148	0.01723	0.00861	0.00646	0.00646	0.00215	0.00861	0.00574	0.00287	0.00718
8	0.00930	0.00626	0.00723	0.00732	0.00740	0.00629	0.00424	0.00948	0.00962	0.01288	0.02112	0.08478	0.02429	0.69325	0.06574	0.00625	0.00664	0.00981	0.00402	0.00408
9	0.01481	0.01467	0.02321	0.28432	0.24627	0.05433	0.11068	0.01994	0.07115	0.01945	0.01314	0.01718	0.01036	0.00657	0.00723	0.00208	0.04451	0.00605	0.02552	0.00854
10	0.01378	0.01162	0.01514	0.04183	0.05869	0.03272	0.05436	0.06519	0.12840	0.04782	0.19248	0.03354	0.10198	0.05164	0.01009	0.00242	0.08949	0.03569	0.00546	0.00767
11	0.10168	0.01301	0.01291	0.01245	0.04870	0.10518	0.00934	0.09676	0.05061	0.11092	0.02961	0.06486	0.17167	0.01338	0.05090	0.00263	0.00670	0.08549	0.00548	0.00772
12	0.01887	0.11746	0.02110	0.11462	0.02243	0.11325	0.07239	0.19083	0.03953	0.07949	0.03903	0.01749	0.01265	0.01109	0.07579	0.00271	0.03224	0.00583	0.00455	0.00866
13	0.01076	0.04019	0.05211	0.01167	0.01424	0.00999	0.04060	0.01438	0.04928	0.01674	0.01644	0.02266	0.01473	0.03651	0.53862	0.00793	0.01441	0.00644	0.00359	0.07870
14	0.10928	0.28387	0.04736	0.01279	0.01741	0.16119	0.02567	0.08922	0.01617	0.08842	0.01502	0.01581	0.05343	0.00713	0.00583	0.00176	0.03227	0.00495	0.00408	0.00835
15	0.01781	0.27318	0.07989	0.01402	0.03969	0.09768	0.04300	0.12472	0.01662	0.05911	0.01490	0.09864	0.01359	0.02948	0.00650	0.00189	0.00731	0.00628	0.00416	0.05154
16	0.04380	0.34889	0.21139	0.01437	0.02042	0.05287	0.03808	0.07688	0.01500	0.05902	0.01125	0.01281	0.00893	0.00643	0.00624	0.00178	0.05510	0.00447	0.00343	0.00884
17	0.01746	0.30029	0.26875	0.01627	0.06064	0.11246	0.01620	0.10089	0.01605	0.02035	0.01093	0.01255	0.00868	0.00615	0.00543	0.00174	0.00847	0.00439	0.00328	0.00904

[dist]
# distance from previous block
# <min> <max>
3	11

[block]
# block no. 3 follows, 34 sequences, length 14
# corresponding to MSA columns:
# 116-129
name=unknown_D
#
# <colnr> <probs for GDERKNQSTAVLIFYWHMCP>
#	G	D	E	R	K	N	Q	S	T	A	V	L	I	F	Y	W	H	M	C	P
0	0.11742	0.06137	0.21959	0.01372	0.01929	0.04230	0.04548	0.03695	0.01525	0.21608	0.04952	0.03754	0.01508	0.02486	0.03357	0.00241	0.00749	0.02835	0.00488	0.00884
1	0.04206	0.05559	0.05304	0.03547	0.01989	0.08176	0.17311	0.01957	0.04682	0.10584	0.03683	0.08973	0.01803	0.08992	0.02833	0.00272	0.00782	0.04887	0.00455	0.04002
2	0.21833	0.05447	0.13999	0.04683	0.01881	0.05715	0.01202	0.06334	0.03059	0.22337	0.01620	0.04380	0.01202	0.00847	0.02597	0.00222	0.00700	0.00556	0.00500	0.00886
3	0.23749	0.11215	0.29844	0.01724	0.06723	0.03546	0.10665	0.02005	0.01325	0.02215	0.01075	0.01297	0.00821	0.00593	0.00551	0.00195	0.00809	0.00468	0.00320	0.00857
4	0.04693	0.31181	0.04630	0.01464	0.01911	0.40615	0.03317	0.02282	0.01588	0.01630	0.00972	0.01136	0.00831	0.00616	0.00520	0.00160	0.00956	0.00400	0.00312	0.00788
5	0.00780	0.00653	0.00667	0.00665	0.00868	0.00553	0.00491	0.00942	0.01461	0.01759	0.09417	0.06046	0.66076	0.05675	0.00899	0.00239	0.00342	0.01332	0.00594	0.00540
6	0.02456	0.01810	0.01939	0.01487	0.02004	0.02004	0.01228	0.71107	0.03038	0.04072	0.01551	0.01551	0.01099	0.00776	0.00646	0.00194	0.00711	0.00582	0.00646	0.01099
7	0.01727	0.77681	0.03386	0.01106	0.01658	0.02557	0.01106	0.01935	0.01313	0.01520	0.00898	0.01036	0.00829	0.00553	0.00415	0.00138	0.00691	0.00345	0.00276	0.00829
8	0.00940	0.00626	0.00705	0.00705	0.00705	0.00626	0.00392	0.00940	0.00940	0.01253	0.02036	0.04228	0.02349	0.77292	0.03289	0.00626	0.00626	0.00940	0.00392	0.00392
9	0.01516	0.18073	0.53743	0.01636	0.02472	0.01667	0.02010	0.02116	0.01394	0.07918	0.01223	0.01368	0.00886	0.00617	0.00577	0.00191	0.00868	0.00465	0.00317	0.00942
10	0.01324	0.01304	0.05545	0.01023	0.01559	0.04164	0.00859	0.01616	0.01363	0.02033	0.01541	0.06311	0.04449	0.00645	0.00526	0.00121	0.00524	0.00526	0.00398	0.64168
11	0.01259	0.07565	0.56962	0.01657	0.02442	0.01448	0.02035	0.01886	0.01305	0.01919	0.01241	0.01546	0.00956	0.01338	0.13351	0.00344	0.01072	0.00506	0.00286	0.00882
12	0.26121	0.25589	0.19266	0.01289	0.01844	0.01808	0.04086	0.01902	0.01272	0.02140	0.04195	0.01338	0.01030	0.00650	0.00587	0.00188	0.05111	0.00445	0.00335	0.00804
13	0.14816	0.14337	0.43884	0.01531	0.02265	0.01612	0.04039	0.01943	0.01294	0.02067	0.01124	0.01391	0.00875	0.02782	0.03312	0.00235	0.00862	0.00465	0.00302	0.00861

[dist]
# distance from previous block
# <min> <max>
1	8

[block]
# block no. 4 follows, 34 sequences, length 55
# corresponding to MSA columns:
# 138-192
name=unknown_E
#
# <colnr> <probs for GDERKNQSTAVLIFYWHMCP>
#	G	D	E	R	K	N	Q	S	T	A	V	L	I	F	Y	W	H	M	C	P
0	0.06560	0.06613	0.58462	0.01705	0.02542	0.01502	0.04370	0.02015	0.01345	0.03936	0.01208	0.01483	0.00902	0.03829	0.00708	0.00219	0.00893	0.00496	0.00302	0.00910
1	0.01279	0.07923	0.63241	0.01695	0.02562	0.01489	0.02146	0.01945	0.01370	0.01987	0.01594	0.01750	0.06868	0.00696	0.00614	0.00201	0.00885	0.00543	0.00300	0.00912
2	0.01311	0.05898	0.71519	0.01816	0.02757	0.01537	0.02343	0.02042	0.01362	0.02028	0.01151	0.01353	0.00819	0.00612	0.00607	0.00202	0.00946	0.00473	0.00273	0.00951
3	0.00914	0.00939	0.08869	0.00917	0.01149	0.00685	0.00786	0.01215	0.01629	0.02253	0.43954	0.16247	0.15195	0.01403	0.00756	0.00215	0.00391	0.01229	0.00628	0.00624
4	0.00886	0.00659	0.00824	0.00783	0.00948	0.00597	0.00587	0.01163	0.01761	0.02429	0.60198	0.05093	0.18921	0.01381	0.00762	0.00206	0.00309	0.01206	0.00690	0.00597
5	0.01368	0.11129	0.58366	0.01863	0.02741	0.01629	0.10081	0.02037	0.01377	0.01993	0.01148	0.01372	0.00838	0.00599	0.00609	0.00199	0.00942	0.00496	0.00279	0.00932
6	0.00782	0.00652	0.00681	0.00680	0.00885	0.00552	0.00508	0.00960	0.01506	0.01839	0.14040	0.08205	0.63267	0.01612	0.00765	0.00218	0.00326	0.01356	0.00613	0.00552
7	0.01727	0.77681	0.03386	0.01106	0.01658	0.02557	0.01106	0.01935	0.01313	0.01520	0.00898	0.01036	0.00829	0.00553	0.00415	0.00138	0.00691	0.00345	0.00276	0.00829
8	0.01319	0.05545	0.68848	0.01856	0.02786	0.01538	0.05223	0.02044	0.01369	0.02031	0.01158	0.01370	0.00826	0.00609	0.00614	0.00203	0.00952	0.00485	0.00275	0.00948
9	0.06822	0.07067	0.65287	0.01736	0.02632	0.01552	0.02205	0.02030	0.01343	0.02077	0.01128	0.01326	0.00811	0.00610	0.00589	0.00201	0.00910	0.00462	0.00282	0.00931
10	0.01727	0.77681	0.03386	0.01106	0.01658	0.02557	0.01106	0.01935	0.01313	0.01520	0.00898	0.01036	0.00829	0.00553	0.00415	0.00138	0.00691	0.00345	0.00276	0.00829
11	0.02882	0.01169	0.01511	0.01168	0.01662	0.03535	0.00960	0.03129	0.01849	0.71181	0.02495	0.02163	0.01573	0.00795	0.00647	0.00199	0.00571	0.00642	0.00783	0.01087
12	0.02791	0.01251	0.06398	0.01196	0.01727	0.00987	0.01047	0.03074	0.01817	0.68863	0.02455	0.02143	0.01547	0.00787	0.00647	0.00200	0.00577	0.00638	0.00764	0.01090
13	0.01013	0.00731	0.01001	0.01124	0.01277	0.00720	0.00969	0.01302	0.01515	0.01977	0.09447	0.07013	0.08397	0.01736	0.00873	0.00284	0.00553	0.58869	0.00605	0.00593
14	0.00940	0.00626	0.00705	0.00705	0.00705	0.00626	0.00392	0.00940	0.00940	0.01253	0.02036	0.04228	0.02349	0.77292	0.03289	0.00626	0.00626	0.00940	0.00392	0.00392
15	0.01463	0.19706	0.53735	0.01668	0.02494	0.06465	0.02031	0.02056	0.01383	0.01900	0.01092	0.01279	0.00822	0.00604	0.00568	0.00188	0.00910	0.00444	0.00278	0.00914
16	0.01552	0.04430	0.03662	0.02592	0.03204	0.03688	0.63456	0.02056	0.01502	0.02014	0.01264	0.01688	0.00965	0.00574	0.00806	0.00217	0.04420	0.00730	0.00323	0.00859
17	0.00923	0.00692	0.01038	0.01038	0.01154	0.00808	0.00808	0.01154	0.01038	0.01500	0.01731	0.02538	0.01615	0.04846	0.74732	0.01038	0.01731	0.00692	0.00346	0.00577
18	0.00927	0.00621	0.00708	0.00721	0.00724	0.00618	0.00409	0.00936	0.00965	0.01286	0.02164	0.10316	0.02510	0.70985	0.03082	0.00596	0.00605	0.01015	0.00409	0.00403
19	0.01549	0.01484	0.02531	0.13543	0.64080	0.01522	0.01958	0.01939	0.01447	0.02050	0.01206	0.01616	0.01002	0.00585	0.00641	0.00195	0.00780	0.00576	0.00315	0.00983
20	0.13062	0.01522	0.02224	0.08479	0.41511	0.03538	0.05055	0.06562	0.07690	0.02350	0.01309	0.01594	0.01046	0.00625	0.00613	0.00198	0.00737	0.00562	0.00380	0.00944
21	0.02436	0.01628	0.01810	0.01382	0.01901	0.01720	0.01139	0.53206	0.02683	0.16013	0.01690	0.01645	0.01174	0.00754	0.00632	0.00186	0.00663	0.00576	0.00650	0.08111
22	0.04733	0.11118	0.20999	0.01773	0.10244	0.06451	0.01556	0.21389	0.05817	0.07781	0.01407	0.01499	0.01038	0.00678	0.00598	0.00190	0.00778	0.00520	0.00450	0.00980
23	0.10305	0.67291	0.05210	0.01100	0.01648	0.02407	0.01100	0.01934	0.01292	0.01684	0.00906	0.01048	0.00815	0.00560	0.00419	0.00147	0.00678	0.00350	0.00290	0.00819
24	0.00935	0.00645	0.00798	0.00798	0.00830	0.00677	0.00507	0.00999	0.00967	0.01322	0.01951	0.03758	0.02145	0.57123	0.23178	0.00741	0.00934	0.00871	0.00379	0.00443
25	0.02339	0.07804	0.01920	0.01610	0.01964	0.65305	0.01230	0.04381	0.04530	0.01686	0.01070	0.01215	0.00883	0.00670	0.00576	0.00167	0.01097	0.00428	0.00350	0.00774
26	0.02457	0.01706	0.01867	0.01429	0.01946	0.01844	0.01179	0.60954	0.02840	0.11407	0.01641	0.01611	0.01146	0.00766	0.00640	0.00190	0.00684	0.00581	0.00652	0.04461
27	0.01293	0.14321	0.01387	0.01001	0.01220	0.01049	0.00792	0.05423	0.01448	0.08336	0.05955	0.31198	0.05101	0.08596	0.00962	0.00266	0.00513	0.09925	0.00548	0.00665
28	0.32464	0.03893	0.01403	0.01173	0.01526	0.21146	0.00913	0.14723	0.01638	0.02496	0.01203	0.01611	0.01040	0.11227	0.00893	0.00247	0.00740	0.00492	0.00423	0.00748
29	0.70781	0.01305	0.01272	0.01183	0.05778	0.01469	0.06207	0.01918	0.01155	0.02787	0.00950	0.01137	0.00741	0.00594	0.00442	0.00201	0.00562	0.00395	0.00389	0.00733
30	0.02368	0.01795	0.01859	0.01462	0.01951	0.05523	0.01194	0.56914	0.11280	0.06460	0.01693	0.01661	0.01210	0.00783	0.00645	0.00196	0.00703	0.00594	0.00638	0.01072
31	0.00923	0.00692	0.01038	0.01038	0.01154	0.00808	0.00808	0.01154	0.01038	0.01500	0.01731	0.02538	0.01615	0.04846	0.74732	0.01038	0.01731	0.00692	0.00346	0.00577
32	0.02214	0.02786	0.01689	0.01542	0.01862	0.65735	0.01157	0.02380	0.01788	0.01601	0.01669	0.01776	0.09556	0.00783	0.00604	0.00173	0.01064	0.00531	0.00365	0.00724
33	0.00787	0.00562	0.00750	0.00900	0.00937	0.00525	0.00600	0.00900	0.01237	0.01649	0.03561	0.76871	0.04274	0.02024	0.00825	0.00262	0.00375	0.01837	0.00600	0.00525
34	0.02870	0.01146	0.01528	0.01171	0.01672	0.01018	0.00968	0.07542	0.01926	0.69208	0.02485	0.02157	0.01567	0.00798	0.00650	0.00200	0.00560	0.00645	0.00790	0.01100
35	0.01727	0.77681	0.03386	0.01106	0.01658	0.02557	0.01106	0.01935	0.01313	0.01520	0.00898	0.01036	0.00829	0.00553	0.00415	0.00138	0.00691	0.00345	0.00276	0.00829
36	0.01599	0.01535	0.02623	0.03966	0.73262	0.01535	0.01983	0.01983	0.01471	0.02111	0.01215	0.01599	0.01023	0.00576	0.00640	0.00192	0.00768	0.00576	0.00320	0.01023
37	0.00764	0.00655	0.00655	0.00655	0.00873	0.00545	0.00491	0.00927	0.01473	0.01745	0.06546	0.06218	0.73000	0.01636	0.00764	0.00218	0.00327	0.01364	0.00600	0.00545
38	0.01029	0.00735	0.01027	0.01176	0.01319	0.00733	0.01019	0.01317	0.01475	0.01920	0.03428	0.10742	0.03746	0.01797	0.00889	0.00296	0.00584	0.65584	0.00595	0.00591
39	0.02899	0.01100	0.01499	0.01150	0.01649	0.00950	0.00950	0.03149	0.01849	0.73709	0.02549	0.02199	0.01599	0.00800	0.00650	0.00200	0.00550	0.00650	0.00800	0.01100
40	0.02421	0.01680	0.01836	0.01428	0.01927	0.01835	0.01173	0.55848	0.10083	0.12347	0.01784	0.01719	0.01250	0.00789	0.00648	0.00197	0.00671	0.00605	0.00666	0.01091
41	0.00772	0.00655	0.00667	0.00664	0.00878	0.00549	0.00498	0.00944	0.01494	0.01795	0.10435	0.06137	0.69080	0.01618	0.00764	0.00217	0.00326	0.01352	0.00607	0.00549
42	0.01296	0.01226	0.02076	0.61322	0.18272	0.01456	0.01832	0.01718	0.01328	0.01743	0.01162	0.01698	0.00894	0.00632	0.00645	0.00211	0.00843	0.00575	0.00294	0.00779
43	0.01305	0.03281	0.71249	0.01876	0.02819	0.01506	0.05021	0.02047	0.01370	0.02047	0.01165	0.01379	0.00825	0.00611	0.00620	0.00205	0.00960	0.00488	0.00275	0.00952
44	0.01599	0.01535	0.02623	0.03966	0.73262	0.01535	0.01983	0.01983	0.01471	0.02111	0.01215	0.01599	0.01023	0.00576	0.00640	0.00192	0.00768	0.00576	0.00320	0.01023
45	0.01303	0.03293	0.71806	0.01869	0.02814	0.01505	0.04477	0.02047	0.01369	0.02047	0.01164	0.01376	0.00823	0.00612	0.00618	0.00205	0.00959	0.00486	0.00274	0.00952
46	0.01507	0.01380	0.08351	0.01402	0.01737	0.05182	0.04145	0.12074	0.03890	0.06413	0.02558	0.04690	0.02521	0.01306	0.00820	0.00254	0.02825	0.37623	0.00551	0.00770
47	0.01355	0.02768	0.50366	0.02131	0.05377	0.01512	0.20981	0.02019	0.01408	0.02044	0.01267	0.03520	0.00963	0.00632	0.00661	0.00209	0.00969	0.00595	0.00298	0.00923
48	0.01112	0.00909	0.01256	0.01176	0.01326	0.00981	0.05068	0.04801	0.05989	0.01985	0.12202	0.28054	0.07354	0.03574	0.01095	0.02520	0.11240	0.08171	0.00544	0.00642
49	0.05970	0.11125	0.27000	0.01931	0.07797	0.10324	0.13367	0.03565	0.01479	0.04198	0.01261	0.01647	0.01010	0.00672	0.00662	0.00199	0.03192	0.03385	0.00338	0.00878
50	0.05752	0.10406	0.16954	0.01366	0.01818	0.16878	0.01286	0.06074	0.04047	0.06690	0.07685	0.02105	0.01615	0.05727	0.04138	0.00258	0.03132	0.02845	0.00422	0.00803
51	0.19697	0.07577	0.09241	0.03207	0.07564	0.08695	0.07668	0.07756	0.05554	0.04821	0.03367	0.02130	0.01386	0.00779	0.00604	0.00205	0.00734	0.07749	0.00433	0.00834
52	0.05141	0.03942	0.15491	0.01745	0.10695	0.01274	0.08469	0.06300	0.03565	0.11377	0.06632	0.05107	0.04320	0.00891	0.00670	0.00208	0.00691	0.08134	0.00483	0.04863
53	0.07406	0.13394	0.05212	0.03932	0.01873	0.10980	0.09502	0.03587	0.01459	0.01949	0.04950	0.02490	0.07314	0.03187	0.00791	0.00206	0.05601	0.06633	0.00398	0.09137
54	0.06734	0.21821	0.14584	0.01309	0.01847	0.05339	0.03183	0.06846	0.01554	0.17574	0.01555	0.05276	0.01234	0.00989	0.05360	0.00238	0.00778	0.00563	0.00449	0.02767

[dist]
# distance from previous block
# <min> <max>
2	15

[block]
# block no. 5 follows, 34 sequences, length 278
# corresponding to MSA columns:
# 208-485
name=unknown_F
#
# <colnr> <probs for GDERKNQSTAVLIFYWHMCP>
#	G	D	E	R	K	N	Q	S	T	A	V	L	I	F	Y	W	H	M	C	P
0	0.09136	0.08719	0.07413	0.03867	0.01955	0.03886	0.05419	0.23970	0.03814	0.09890	0.05454	0.01768	0.01365	0.00981	0.05002	0.00242	0.02816	0.00580	0.00504	0.03218
1	0.23689	0.04092	0.07907	0.04283	0.06489	0.03572	0.04926	0.04050	0.01460	0.16705	0.03291	0.01575	0.01136	0.00662	0.00596	0.00187	0.02790	0.00508	0.00459	0.11622
2	0.08568	0.03539	0.01400	0.03422	0.07276	0.07864	0.02839	0.01850	0.06511	0.11274	0.08941	0.24915	0.02637	0.01174	0.00682	0.00215	0.00568	0.02720	0.00543	0.03061
3	0.01530	0.08845	0.02028	0.30176	0.09810	0.01360	0.05514	0.01885	0.01428	0.11054	0.01625	0.02416	0.01369	0.00781	0.00647	0.00203	0.00736	0.09738	0.00408	0.08449
4	0.04527	0.01375	0.01791	0.15984	0.02360	0.03293	0.07605	0.14120	0.05915	0.04648	0.03413	0.01666	0.01181	0.00638	0.00592	0.00167	0.00670	0.00542	0.00443	0.29070
5	0.34177	0.03802	0.05772	0.03759	0.03676	0.01462	0.04871	0.08320	0.10032	0.07392	0.01482	0.01783	0.01168	0.00716	0.00549	0.00200	0.00612	0.04175	0.00468	0.05585
6	0.01395	0.18049	0.55769	0.01747	0.02604	0.01719	0.06165	0.02025	0.01363	0.01943	0.01116	0.01321	0.00830	0.00598	0.00583	0.00192	0.00910	0.00468	0.00277	0.00925
7	0.81856	0.01250	0.00950	0.00850	0.01250	0.01449	0.00700	0.01899	0.01100	0.02899	0.00900	0.01050	0.00700	0.00600	0.00400	0.00200	0.00500	0.00350	0.00400	0.00700
8	0.00914	0.00660	0.00864	0.00813	0.00965	0.00610	0.00610	0.01219	0.01829	0.02591	0.72921	0.04827	0.06097	0.01321	0.00762	0.00203	0.00305	0.01169	0.00711	0.00610
9	0.02766	0.01285	0.07496	0.01207	0.01744	0.00995	0.01069	0.03058	0.01809	0.67777	0.02434	0.02130	0.01535	0.00784	0.00647	0.00200	0.00583	0.00636	0.00756	0.01088
10	0.00787	0.00562	0.00750	0.00900	0.00937	0.00525	0.00600	0.00900	0.01237	0.01649	0.03561	0.76871	0.04274	0.02024	0.00825	0.00262	0.00375	0.01837	0.00600	0.00525
11	0.01340	0.01148	0.01340	0.00957	0.01531	0.00861	0.00766	0.01627	0.01340	0.02105	0.01148	0.01340	0.00957	0.00479	0.00479	0.00096	0.00479	0.00383	0.00383	0.81242
12	0.01367	0.05456	0.51362	0.01598	0.02425	0.01421	0.01915	0.04140	0.03568	0.02123	0.01205	0.01385	0.00893	0.00596	0.00580	0.00179	0.00822	0.00463	0.00320	0.18183
13	0.01588	0.01524	0.02603	0.06060	0.71254	0.01532	0.01977	0.01973	0.01466	0.02097	0.01213	0.01603	0.01019	0.00578	0.00640	0.00193	0.00770	0.00576	0.00319	0.01015
14	0.00914	0.00660	0.00864	0.00813	0.00965	0.00610	0.00610	0.01219	0.01829	0.02591	0.72921	0.04827	0.06097	0.01321	0.00762	0.00203	0.00305	0.01169	0.00711	0.00610
15	0.00773	0.00655	0.00667	0.00664	0.00878	0.00549	0.00498	0.00945	0.01494	0.01795	0.10462	0.06136	0.69052	0.01618	0.00764	0.00217	0.00326	0.01352	0.00607	0.00549
16	0.01343	0.01301	0.02287	0.51002	0.21355	0.01479	0.08465	0.01773	0.01359	0.01805	0.01180	0.01694	0.00913	0.00619	0.00656	0.00210	0.00860	0.00593	0.00299	0.00808
17	0.02899	0.01100	0.01499	0.01150	0.01649	0.00950	0.00950	0.03149	0.01849	0.73709	0.02549	0.02199	0.01599	0.00800	0.00650	0.00200	0.00550	0.00650	0.00800	0.01100
18	0.00923	0.00692	0.01038	0.01038	0.01154	0.00808	0.00808	0.01154	0.01038	0.01500	0.01731	0.02538	0.01615	0.04846	0.74732	0.01038	0.01731	0.00692	0.00346	0.00577
19	0.01580	0.01333	0.01421	0.01284	0.01627	0.01524	0.00994	0.07583	0.60485	0.02686	0.02653	0.09831	0.02147	0.00985	0.00674	0.00222	0.00511	0.00832	0.00651	0.00978
20	0.01869	0.01329	0.01469	0.01281	0.01674	0.01474	0.01008	0.03376	0.57845	0.17107	0.02613	0.02368	0.01897	0.00861	0.00656	0.00215	0.00519	0.00714	0.00686	0.01038
21	0.00896	0.00660	0.00838	0.00793	0.00954	0.00602	0.00595	0.01183	0.01784	0.02485	0.64615	0.05001	0.14468	0.01360	0.00762	0.00205	0.00308	0.01193	0.00697	0.00602
22	0.76718	0.01240	0.00985	0.00869	0.01276	0.01417	0.00716	0.01981	0.01148	0.07508	0.01007	0.01124	0.00758	0.00613	0.00416	0.00200	0.00503	0.00369	0.00426	0.00726
23	0.02026	0.01595	0.01771	0.01445	0.01891	0.01782	0.03394	0.38640	0.31028	0.03368	0.02054	0.02129	0.01552	0.00848	0.00664	0.00209	0.00638	0.03288	0.00639	0.01041
24	0.00772	0.00655	0.00666	0.00663	0.00878	0.00549	0.00497	0.00943	0.01492	0.01792	0.10168	0.06142	0.69348	0.01619	0.00764	0.00217	0.00326	0.01353	0.00606	0.00549
25	0.00813	0.00581	0.00779	0.00929	0.00977	0.00547	0.00644	0.00944	0.01262	0.01678	0.03547	0.69884	0.04218	0.02000	0.00832	0.00266	0.00397	0.08572	0.00599	0.00532
26	0.01599	0.01544	0.02672	0.08110	0.55549	0.01561	0.10583	0.04625	0.03452	0.02167	0.01274	0.01645	0.01037	0.00592	0.00656	0.00197	0.00805	0.00604	0.00340	0.00988
27	0.01640	0.01404	0.01479	0.01322	0.01693	0.01622	0.01031	0.06048	0.69426	0.02756	0.02588	0.02377	0.01939	0.00873	0.00657	0.00218	0.00519	0.00725	0.00657	0.01026
28	0.01122	0.00561	0.00842	0.00842	0.00842	0.00561	0.00561	0.00842	0.00842	0.01122	0.01122	0.01964	0.01122	0.02245	0.02525	0.81201	0.00561	0.00561	0.00281	0.00281
29	0.01568	0.01364	0.01509	0.08788	0.01958	0.01590	0.01100	0.03254	0.64985	0.02597	0.02481	0.02342	0.01861	0.00853	0.00656	0.00219	0.00546	0.00715	0.00620	0.00992
30	0.01414	0.01414	0.01979	0.01696	0.01696	0.01979	0.01414	0.01555	0.00990	0.01555	0.00848	0.01414	0.00848	0.01131	0.02120	0.00283	0.76110	0.00565	0.00283	0.00707
31	0.81856	0.01250	0.00950	0.00850	0.01250	0.01449	0.00700	0.01899	0.01100	0.02899	0.00900	0.01050	0.00700	0.00600	0.00400	0.00200	0.00500	0.00350	0.00400	0.00700
32	0.01599	0.01535	0.02623	0.03966	0.73262	0.01535	0.01983	0.01983	0.01471	0.02111	0.01215	0.01599	0.01023	0.00576	0.00640	0.00192	0.00768	0.00576	0.00320	0.01023
33	0.00792	0.00566	0.00754	0.00897	0.00938	0.00528	0.00600	0.00911	0.01258	0.01683	0.05999	0.74339	0.04338	0.02000	0.00823	0.00260	0.00372	0.01813	0.00604	0.00528
34	0.01340	0.01148	0.01340	0.00957	0.01531	0.00861	0.00766	0.01627	0.01340	0.02105	0.01148	0.01340	0.00957	0.00479	0.00479	0.00096	0.00479	0.00383	0.00383	0.81242
35	0.01587	0.01523	0.02601	0.06193	0.71127	0.01532	0.01977	0.01973	0.01466	0.02097	0.01213	0.01603	0.01018	0.00578	0.00640	0.00193	0.00771	0.00576	0.00319	0.01014
36	0.00787	0.00562	0.00750	0.00900	0.00937	0.00525	0.00600	0.00900	0.01237	0.01649	0.03561	0.76871	0.04274	0.02024	0.00825	0.00262	0.00375	0.01837	0.00600	0.00525
37	0.00940	0.00626	0.00705	0.00705	0.00705	0.00626	0.00392	0.00940	0.00940	0.01253	0.02036	0.04228	0.02349	0.77292	0.03289	0.00626	0.00626	0.00940	0.00392	0.00392
38	0.01599	0.01535	0.02623	0.03966	0.73262	0.01535	0.01983	0.01983	0.01471	0.02111	0.01215	0.01599	0.01023	0.00576	0.00640	0.00192	0.00768	0.00576	0.00320	0.01023
39	0.00909	0.00660	0.00856	0.00807	0.00962	0.00607	0.00605	0.01208	0.01815	0.02558	0.70356	0.04880	0.08682	0.01333	0.00762	0.00204	0.00306	0.01176	0.00707	0.00607
40	0.00768	0.00639	0.00671	0.00696	0.00884	0.00542	0.00509	0.00923	0.01433	0.01729	0.06038	0.18227	0.61318	0.01702	0.00774	0.00226	0.00335	0.01444	0.00600	0.00542
41	0.01340	0.01148	0.01340	0.00957	0.01531	0.00861	0.00766	0.01627	0.01340	0.02105	0.01148	0.01340	0.00957	0.00479	0.00479	0.00096	0.00479	0.00383	0.00383	0.81242
42	0.02428	0.01796	0.01923	0.01481	0.01993	0.01991	0.01221	0.68882	0.05309	0.04027	0.01587	0.01580	0.01128	0.00779	0.00647	0.00195	0.00704	0.00587	0.00647	0.01096
43	0.00787	0.00562	0.00750	0.00900	0.00937	0.00525	0.00600	0.00900	0.01237	0.01649	0.03561	0.76871	0.04274	0.02024	0.00825	0.00262	0.00375	0.01837	0.00600	0.00525
44	0.01708	0.01888	0.02054	0.34693	0.18954	0.26236	0.01652	0.02039	0.01514	0.01730	0.01113	0.01507	0.00888	0.00637	0.00623	0.00194	0.00943	0.00521	0.00310	0.00796
45	0.02414	0.03079	0.01831	0.01665	0.01998	0.74698	0.01248	0.02580	0.01831	0.01581	0.00999	0.01165	0.00832	0.00666	0.00583	0.00166	0.01165	0.00416	0.00333	0.00749
46	0.01122	0.00561	0.00842	0.00842	0.00842	0.00561	0.00561	0.00842	0.00842	0.01122	0.01122	0.01964	0.01122	0.02245	0.02525	0.81201	0.00561	0.00561	0.00281	0.00281
47	0.01466	0.01937	0.14406	0.02471	0.03154	0.01557	0.55894	0.02026	0.01502	0.02082	0.03277	0.01756	0.01097	0.00575	0.00729	0.00211	0.01025	0.00716	0.00331	0.03787
48	0.01727	0.77681	0.03386	0.01106	0.01658	0.02557	0.01106	0.01935	0.01313	0.01520	0.00898	0.01036	0.00829	0.00553	0.00415	0.00138	0.00691	0.00345	0.00276	0.00829
49	0.00910	0.00659	0.00852	0.00804	0.00955	0.00608	0.00600	0.01202	0.01792	0.02525	0.68676	0.04857	0.08270	0.03458	0.00833	0.00216	0.00315	0.01169	0.00699	0.00601
50	0.00797	0.00579	0.00754	0.00886	0.00946	0.00536	0.00605	0.00924	0.01280	0.01690	0.05480	0.66741	0.10210	0.01966	0.00820	0.00258	0.00376	0.04018	0.00602	0.00531
51	0.00923	0.00692	0.01038	0.01038	0.01154	0.00808	0.00808	0.01154	0.01038	0.01500	0.01731	0.02538	0.01615	0.04846	0.74732	0.01038	0.01731	0.00692	0.00346	0.00577
52	0.00914	0.00660	0.00864	0.00813	0.00965	0.00610	0.00610	0.01219	0.01829	0.02591	0.72921	0.04827	0.06097	0.01321	0.00762	0.00203	0.00305	0.01169	0.00711	0.00610
53	0.01607	0.01388	0.01461	0.01315	0.01680	0.01607	0.01023	0.03433	0.72094	0.02703	0.02630	0.02411	0.01972	0.00877	0.00657	0.00219	0.00511	0.00731	0.00657	0.01023
54	0.02285	0.07462	0.01914	0.01683	0.04682	0.64687	0.01236	0.02456	0.01752	0.01586	0.01040	0.01290	0.00897	0.03552	0.00677	0.00183	0.01101	0.00438	0.00331	0.00751
55	0.01340	0.01148	0.01340	0.00957	0.01531	0.00861	0.00766	0.01627	0.01340	0.02105	0.01148	0.01340	0.00957	0.00479	0.00479	0.00096	0.00479	0.00383	0.00383	0.81242
56	0.04281	0.12061	0.51834	0.01595	0.02417	0.01556	0.01935	0.02021	0.03543	0.02040	0.01162	0.01342	0.00868	0.00598	0.00567	0.00184	0.00836	0.00453	0.00303	0.10403
57	0.01621	0.02691	0.48644	0.01864	0.02683	0.01477	0.12910	0.06398	0.01557	0.11948	0.01396	0.01549	0.00968	0.00638	0.00644	0.00205	0.00906	0.00552	0.00376	0.00970
58	0.01122	0.00561	0.00842	0.00842	0.00842	0.00561	0.00561	0.00842	0.00842	0.01122	0.01122	0.01964	0.01122	0.02245	0.02525	0.81201	0.00561	0.00561	0.00281	0.00281
59	0.02456	0.01810	0.01939	0.01487	0.02004	0.02004	0.01228	0.71107	0.03038	0.04072	0.01551	0.01551	0.01099	0.00776	0.00646	0.00194	0.00711	0.00582	0.00646	0.01099
60	0.01340	0.01148	0.01340	0.00957	0.01531	0.00861	0.00766	0.01627	0.01340	0.02105	0.01148	0.01340	0.00957	0.00479	0.00479	0.00096	0.00479	0.00383	0.00383	0.81242
61	0.01485	0.01550	0.02193	0.01819	0.01917	0.06130	0.09822	0.01676	0.01103	0.01619	0.00912	0.01439	0.00863	0.01033	0.01867	0.00268	0.62702	0.00581	0.00291	0.00729
62	0.01205	0.00719	0.00935	0.00864	0.01064	0.00649	0.00653	0.01466	0.01731	0.13828	0.47758	0.13245	0.10658	0.01348	0.00752	0.00211	0.00355	0.01182	0.00703	0.00673
63	0.00899	0.00660	0.00842	0.00796	0.00956	0.00603	0.00597	0.01189	0.01792	0.02503	0.66002	0.04972	0.13071	0.01354	0.00762	0.00205	0.00307	0.01189	0.00700	0.00603
64	0.00924	0.00688	0.01015	0.01015	0.01123	0.00795	0.00779	0.01139	0.01032	0.01483	0.01752	0.02656	0.01666	0.09886	0.69761	0.01010	0.01654	0.00709	0.00349	0.00564
65	0.01296	0.03342	0.73944	0.01842	0.02797	0.01501	0.02387	0.02046	0.01364	0.02046	0.01160	0.01364	0.00818	0.00614	0.00614	0.00205	0.00955	0.00477	0.00273	0.00955
66	0.13022	0.01119	0.01429	0.01111	0.01598	0.01014	0.00918	0.02989	0.01753	0.64631	0.02338	0.02052	0.01484	0.00774	0.00618	0.00200	0.00543	0.00611	0.00748	0.01048
67	0.01607	0.01388	0.01461	0.01315	0.01680	0.01607	0.01023	0.03433	0.72094	0.02703	0.02630	0.02411	0.01972	0.00877	0.00657	0.00219	0.00511	0.00731	0.00657	0.01023
68	0.01599	0.01535	0.02623	0.03966	0.73262	0.01535	0.01983	0.01983	0.01471	0.02111	0.01215	0.01599	0.01023	0.00576	0.00640	0.00192	0.00768	0.00576	0.00320	0.01023
69	0.00787	0.00562	0.00750	0.00900	0.00937	0.00525	0.00600	0.00900	0.01237	0.01649	0.03561	0.76871	0.04274	0.02024	0.00825	0.00262	0.00375	0.01837	0.00600	0.00525
70	0.00940	0.00626	0.00705	0.00705	0.00705	0.00626	0.00392	0.00940	0.00940	0.01253	0.02036	0.04228	0.02349	0.77292	0.03289	0.00626	0.00626	0.00940	0.00392	0.00392
71	0.00914	0.00660	0.00864	0.00813	0.00965	0.00610	0.00610	0.01219	0.01829	0.02591	0.72921	0.04827	0.06097	0.01321	0.00762	0.00203	0.00305	0.01169	0.00711	0.00610
72	0.02456	0.01810	0.01939	0.01487	0.02004	0.02004	0.01228	0.71107	0.03038	0.04072	0.01551	0.01551	0.01099	0.00776	0.00646	0.00194	0.00711	0.00582	0.00646	0.01099
73	0.02414	0.03079	0.01831	0.01665	0.01998	0.74698	0.01248	0.02580	0.01831	0.01581	0.00999	0.01165	0.00832	0.00666	0.00583	0.00166	0.01165	0.00416	0.00333	0.00749
74	0.00864	0.00616	0.00830	0.00973	0.01041	0.00590	0.00715	0.01024	0.01296	0.01714	0.03463	0.54579	0.04044	0.04865	0.00939	0.00286	0.00446	0.20585	0.00590	0.00539
75	0.04631	0.01630	0.02099	0.01707	0.04456	0.01773	0.13416	0.31943	0.25561	0.03162	0.01833	0.01855	0.01352	0.00756	0.00662	0.00207	0.00706	0.00655	0.00575	0.01018
76	0.02843	0.01189	0.01555	0.01192	0.01694	0.01083	0.00985	0.11723	0.01999	0.64924	0.02423	0.02117	0.01536	0.00797	0.00649	0.00199	0.00570	0.00641	0.00780	0.01100
77	0.01621	0.01495	0.02517	0.05993	0.66138	0.01488	0.01899	0.01999	0.01474	0.04485	0.01255	0.01614	0.01035	0.00582	0.00634	0.00189	0.00753	0.00571	0.00337	0.03921
78	0.11160	0.03086	0.65007	0.01720	0.02607	0.01494	0.02181	0.02028	0.01332	0.02151	0.01128	0.01326	0.00804	0.00612	0.00588	0.00204	0.00899	0.00462	0.00288	0.00924
79	0.02793	0.01269	0.01604	0.01230	0.01734	0.01201	0.01016	0.19364	0.02133	0.57093	0.02311	0.02045	0.01480	0.00794	0.00649	0.00198	0.00588	0.00634	0.00763	0.01099
80	0.01525	0.01743	0.03813	0.02723	0.03377	0.01634	0.70915	0.02070	0.01525	0.02070	0.01307	0.01743	0.00980	0.00545	0.00763	0.00218	0.01089	0.00763	0.00327	0.00871
81	0.01541	0.01484	0.02546	0.09188	0.63400	0.01499	0.04219	0.01926	0.01460	0.02063	0.01389	0.01765	0.03377	0.00615	0.00648	0.00195	0.00771	0.00608	0.00327	0.00980
