[name]
unknown

[dist]
# distance from previous block
# <min> <max>
0	2

[block]
# block no. 0 follows, 34 sequences, length 30
# corresponding to MSA columns:
# 2-31
name=unknown_A
#
# <colnr> <probs for GDERKNQSTAVLIFYWHMCP>
#	G	D	E	R	K	N	Q	S	T	A	V	L	I	F	Y	W	H	M	C	P
0	0.01743	0.10852	0.19722	0.01464	0.02003	0.03502	0.01453	0.26467	0.04646	0.02692	0.01811	0.02714	0.01593	0.00930	0.00663	0.00213	0.00748	0.15382	0.00492	0.00910
1	0.01601	0.06114	0.04136	0.01307	0.03828	0.03513	0.01039	0.15369	0.30783	0.02709	0.13340	0.02789	0.08810	0.00951	0.00662	0.00204	0.00553	0.00782	0.00602	0.00908
2	0.01443	0.09886	0.56268	0.01873	0.04883	0.01581	0.07391	0.02091	0.01399	0.05593	0.01218	0.01412	0.00877	0.00611	0.00609	0.00199	0.00915	0.00499	0.00305	0.00946
3	0.81856	0.01250	0.00950	0.00850	0.01250	0.01449	0.00700	0.01899	0.01100	0.02899	0.00900	0.01050	0.00700	0.00600	0.00400	0.00200	0.00500	0.00350	0.00400	0.00700
4	0.02899	0.01100	0.01499	0.01150	0.01649	0.00950	0.00950	0.03149	0.01849	0.73709	0.02549	0.02199	0.01599	0.00800	0.00650	0.00200	0.00550	0.00650	0.00800	0.01100
5	0.02378	0.01771	0.01895	0.01471	0.01974	0.01967	0.01209	0.64875	0.09397	0.03946	0.01651	0.01630	0.01179	0.00785	0.00647	0.00196	0.00693	0.00595	0.00647	0.01092
6	0.00961	0.00706	0.01023	0.01037	0.01125	0.00716	0.04186	0.01105	0.01201	0.04036	0.02872	0.49167	0.03289	0.10406	0.10836	0.00400	0.04417	0.01432	0.00521	0.00563
7	0.34180	0.01550	0.01755	0.01711	0.13376	0.05138	0.06201	0.19182	0.01756	0.07630	0.01256	0.01396	0.00938	0.00652	0.00552	0.00197	0.00674	0.00497	0.00466	0.00893
8	0.01296	0.03342	0.73944	0.01842	0.02797	0.01501	0.02387	0.02046	0.01364	0.02046	0.01160	0.01364	0.00818	0.00614	0.00614	0.00205	0.00955	0.00477	0.00273	0.00955
9	0.01525	0.01743	0.03813	0.02723	0.03377	0.01634	0.70915	0.02070	0.01525	0.02070	0.01307	0.01743	0.00980	0.00545	0.00763	0.00218	0.01089	0.00763	0.00327	0.00871
10	0.00787	0.00562	0.00750	0.00900	0.00937	0.00525	0.00600	0.00900	0.01237	0.01649	0.03561	0.76871	0.04274	0.02024	0.00825	0.00262	0.00375	0.01837	0.00600	0.00525
11	0.00787	0.00562	0.00750	0.00900	0.00937	0.00525	0.00600	0.00900	0.01237	0.01649	0.03561	0.76871	0.04274	0.02024	0.00825	0.00262	0.00375	0.01837	0.00600	0.00525
12	0.01609	0.57355	0.22678	0.01307	0.01970	0.02268	0.01456	0.01965	0.01327	0.01664	0.00970	0.01126	0.00826	0.00569	0.00469	0.00156	0.00763	0.00382	0.00275	0.00864
13	0.02749	0.01058	0.01432	0.01115	0.01583	0.00919	0.00914	0.02997	0.01806	0.67952	0.02560	0.04587	0.01687	0.00836	0.00646	0.00200	0.00532	0.00685	0.04682	0.01057
14	0.02599	0.01581	0.01798	0.01378	0.01890	0.01664	0.01138	0.49223	0.02655	0.26497	0.01873	0.01760	0.01260	0.00783	0.00647	0.00196	0.00659	0.00604	0.00696	0.01099
15	0.01220	0.01148	0.01938	0.75739	0.04450	0.01436	0.01794	0.01651	0.01292	0.01651	0.01148	0.01723	0.00861	0.00646	0.00646	0.00215	0.00861	0.00574	0.00287	0.00718
16	0.01220	0.01148	0.01938	0.75739	0.04450	0.01436	0.01794	0.01651	0.01292	0.01651	0.01148	0.01723	0.00861	0.00646	0.00646	0.00215	0.00861	0.00574	0.00287	0.00718
17	0.02414	0.03079	0.01831	0.01665	0.01998	0.74698	0.01248	0.02580	0.01831	0.01581	0.00999	0.01165	0.00832	0.00666	0.00583	0.00166	0.01165	0.00416	0.00333	0.00749
18	0.02414	0.03079	0.01831	0.01665	0.01998	0.74698	0.01248	0.02580	0.01831	0.01581	0.00999	0.01165	0.00832	0.00666	0.00583	0.00166	0.01165	0.00416	0.00333	0.00749
19	0.01176	0.08189	0.04722	0.00960	0.01225	0.00951	0.00795	0.03859	0.06496	0.05914	0.34454	0.14517	0.11703	0.01275	0.00714	0.00208	0.00426	0.01099	0.00619	0.00698
20	0.01665	0.66833	0.13682	0.01213	0.01824	0.02403	0.01293	0.01951	0.01320	0.01597	0.00936	0.01084	0.00828	0.00562	0.00444	0.00148	0.00730	0.00365	0.00276	0.00848
21	0.00787	0.00562	0.00750	0.00900	0.00937	0.00525	0.00600	0.00900	0.01237	0.01649	0.03561	0.76871	0.04274	0.02024	0.00825	0.00262	0.00375	0.01837	0.00600	0.00525
22	0.00800	0.00568	0.00746	0.00883	0.00918	0.00533	0.00582	0.00903	0.01212	0.01616	0.03433	0.70751	0.04111	0.08365	0.01032	0.00293	0.00396	0.01761	0.00582	0.00514
23	0.04047	0.11034	0.34070	0.01829	0.06545	0.22759	0.04443	0.04513	0.01555	0.01953	0.01100	0.01297	0.00848	0.00622	0.00585	0.00186	0.00960	0.00462	0.00312	0.00880
24	0.01925	0.03714	0.01818	0.01452	0.01871	0.06376	0.07208	0.18934	0.31631	0.09082	0.02097	0.02239	0.01610	0.04029	0.00769	0.00225	0.00668	0.02787	0.00593	0.00971
25	0.00915	0.00673	0.00793	0.00755	0.00948	0.00593	0.00569	0.01156	0.01674	0.04603	0.41466	0.05349	0.35275	0.01442	0.00759	0.00210	0.00323	0.01237	0.00665	0.00598
26	0.00873	0.00612	0.00738	0.00781	0.00830	0.00584	0.00498	0.00964	0.01201	0.01606	0.12713	0.28643	0.08634	0.36196	0.01934	0.00417	0.00476	0.01301	0.00520	0.00477
27	0.01500	0.12217	0.37579	0.06772	0.06586	0.05746	0.10336	0.03787	0.05744	0.02023	0.01236	0.01462	0.00931	0.00620	0.00612	0.00196	0.00900	0.00522	0.00319	0.00913
28	0.09159	0.13112	0.12333	0.01574	0.04470	0.05547	0.06421	0.22567	0.11765	0.04774	0.01463	0.01538	0.01095	0.00690	0.00592	0.00192	0.00744	0.00539	0.00472	0.00955
29	0.01141	0.03889	0.00976	0.00928	0.01070	0.00680	0.00668	0.01297	0.01392	0.12083	0.09940	0.53771	0.06259	0.01707	0.00774	0.00241	0.00405	0.01525	0.00625	0.00629

[dist]
# distance from previous block
# <min> <max>
0	4

[block]
# block no. 1 follows, 34 sequences, length 37
# corresponding to MSA columns:
# 36-72
name=unknown_B
#
# <colnr> <probs for GDERKNQSTAVLIFYWHMCP>
#	G	D	E	R	K	N	Q	S	T	A	V	L	I	F	Y	W	H	M	C	P
0	0.03172	0.06439	0.20186	0.03807	0.13013	0.05268	0.10776	0.02199	0.11424	0.04725	0.04109	0.01765	0.01293	0.00792	0.02943	0.00220	0.00820	0.00587	0.00393	0.06069
1	0.04111	0.04617	0.09202	0.05029	0.43496	0.03764	0.06310	0.02036	0.01483	0.07643	0.01565	0.01823	0.04741	0.00654	0.00635	0.00195	0.00771	0.00604	0.00368	0.00954
2	0.00818	0.00681	0.00719	0.00723	0.00925	0.00599	0.00536	0.01067	0.04873	0.01846	0.11096	0.13023	0.57606	0.01615	0.00765	0.00222	0.00339	0.01366	0.00611	0.00571
3	0.02598	0.01279	0.06267	0.01288	0.01804	0.01039	0.05266	0.05030	0.01806	0.59132	0.02402	0.05689	0.01625	0.00831	0.00663	0.00204	0.00605	0.00700	0.00723	0.01049
4	0.03195	0.31777	0.22684	0.01821	0.13289	0.01981	0.01616	0.06749	0.03655	0.02001	0.01117	0.01315	0.00909	0.00630	0.00619	0.00180	0.04768	0.00459	0.00322	0.00910
5	0.00791	0.00569	0.00750	0.00887	0.00936	0.00529	0.00596	0.00912	0.01267	0.01687	0.06202	0.71610	0.06902	0.01984	0.00820	0.00259	0.00371	0.01795	0.00604	0.00529
6	0.00781	0.00650	0.00682	0.00684	0.00886	0.00551	0.00509	0.00956	0.01498	0.01829	0.13350	0.09819	0.62337	0.01624	0.00767	0.00219	0.00327	0.01368	0.00612	0.00551
7	0.02414	0.03079	0.01831	0.01665	0.01998	0.74698	0.01248	0.02580	0.01831	0.01581	0.00999	0.01165	0.00832	0.00666	0.00583	0.00166	0.01165	0.00416	0.00333	0.00749
8	0.09302	0.11340	0.19008	0.01494	0.03553	0.09462	0.01404	0.13797	0.12882	0.02402	0.01403	0.01586	0.01104	0.03565	0.00761	0.00212	0.04882	0.00525	0.00421	0.00896
9	0.02482	0.01676	0.01845	0.01425	0.01931	0.01817	0.01174	0.56907	0.06423	0.14966	0.01764	0.01698	0.01223	0.00785	0.00647	0.00196	0.00675	0.00600	0.00671	0.01095
10	0.01505	0.01366	0.02188	0.20892	0.41982	0.01472	0.01718	0.04778	0.04864	0.02115	0.01342	0.01726	0.01079	0.00647	0.00673	0.00198	0.03085	0.00585	0.06877	0.00908
11	0.01682	0.69800	0.10867	0.01184	0.01779	0.02445	0.01241	0.01947	0.01318	0.01576	0.00926	0.01071	0.00828	0.00559	0.00436	0.00145	0.00719	0.00359	0.00276	0.00843
12	0.01423	0.01146	0.01348	0.00967	0.01538	0.00866	0.00775	0.01708	0.01367	0.05902	0.01223	0.01385	0.00991	0.00496	0.00488	0.00101	0.00482	0.00397	0.00405	0.76993
13	0.00929	0.00655	0.00811	0.00885	0.00940	0.00650	0.00606	0.01097	0.04085	0.01576	0.02859	0.31339	0.03276	0.33483	0.01862	0.00419	0.00524	0.12989	0.00514	0.00502
14	0.75522	0.04272	0.01039	0.00862	0.01254	0.01458	0.00712	0.01862	0.01113	0.02796	0.01003	0.03984	0.00843	0.00653	0.00417	0.00200	0.00503	0.00407	0.00403	0.00698
15	0.02374	0.07361	0.01920	0.01633	0.01978	0.70558	0.01240	0.02543	0.01801	0.01578	0.00993	0.01158	0.00832	0.00659	0.00573	0.00165	0.01138	0.00412	0.00330	0.00754
16	0.01668	0.01418	0.01495	0.01327	0.01703	0.01635	0.01037	0.08266	0.67163	0.02801	0.02553	0.02349	0.01910	0.00869	0.00657	0.00217	0.00526	0.00720	0.00657	0.01028
17	0.04650	0.01118	0.01397	0.01097	0.01540	0.01048	0.00899	0.12003	0.01909	0.50759	0.02299	0.02116	0.01517	0.00783	0.00610	0.00191	0.00529	0.00625	0.13902	0.01007
18	0.00783	0.00579	0.00733	0.00856	0.00926	0.00529	0.00580	0.00905	0.01279	0.01667	0.04098	0.64153	0.16644	0.01954	0.00814	0.00254	0.00366	0.01752	0.00600	0.00529
19	0.01414	0.01414	0.01979	0.01696	0.01696	0.01979	0.01414	0.01555	0.00990	0.01555	0.00848	0.01414	0.00848	0.01131	0.02120	0.00283	0.76110	0.00565	0.00283	0.00707
20	0.00799	0.00579	0.00757	0.00895	0.00953	0.00538	0.00614	0.00925	0.01269	0.01672	0.03789	0.67718	0.09647	0.01981	0.00823	0.00261	0.00383	0.05269	0.00600	0.00530
21	0.01422	0.00748	0.00783	0.00719	0.00925	0.00758	0.00555	0.08367	0.01547	0.06600	0.02079	0.02314	0.01599	0.00758	0.00482	0.00158	0.00355	0.00603	0.68552	0.00679
22	0.01402	0.00732	0.00764	0.00707	0.00908	0.00741	0.00545	0.07560	0.01526	0.06332	0.02083	0.02324	0.01605	0.00757	0.00479	0.00157	0.00349	0.00603	0.69754	0.00671
23	0.01562	0.01560	0.02803	0.06031	0.46385	0.01575	0.19266	0.02073	0.05997	0.02105	0.01316	0.01686	0.01062	0.00607	0.00717	0.00204	0.03114	0.00632	0.00341	0.00964
24	0.01120	0.00905	0.01271	0.01186	0.01302	0.01110	0.00941	0.05799	0.01157	0.01671	0.01556	0.02306	0.01454	0.06080	0.53472	0.00823	0.16197	0.00668	0.00355	0.00631
25	0.81856	0.01250	0.00950	0.00850	0.01250	0.01449	0.00700	0.01899	0.01100	0.02899	0.00900	0.01050	0.00700	0.00600	0.00400	0.00200	0.00500	0.00350	0.00400	0.00700
26	0.02456	0.01810	0.01939	0.01487	0.02004	0.02004	0.01228	0.71107	0.03038	0.04072	0.01551	0.01551	0.01099	0.00776	0.00646	0.00194	0.00711	0.00582	0.00646	0.01099
27	0.01122	0.00561	0.00842	0.00842	0.00842	0.00561	0.00561	0.00842	0.00842	0.01122	0.01122	0.01964	0.01122	0.02245	0.02525	0.81201	0.00561	0.00561	0.00281	0.00281
28	0.01468	0.33012	0.45783	0.01548	0.02342	0.01922	0.01876	0.02002	0.01344	0.01836	0.01055	0.01233	0.00823	0.00589	0.00534	0.00178	0.00850	0.00425	0.00274	0.00905
29	0.01036	0.00688	0.00896	0.00828	0.01006	0.00629	0.00627	0.01332	0.01816	0.07122	0.65756	0.04713	0.08477	0.01300	0.00755	0.00204	0.00321	0.01143	0.00713	0.00639
30	0.00787	0.00562	0.00750	0.00900	0.00937	0.00525	0.00600	0.00900	0.01237	0.01649	0.03561	0.76871	0.04274	0.02024	0.00825	0.00262	0.00375	0.01837	0.00600	0.00525
31	0.01727	0.77681	0.03386	0.01106	0.01658	0.02557	0.01106	0.01935	0.01313	0.01520	0.00898	0.01036	0.00829	0.00553	0.00415	0.00138	0.00691	0.00345	0.00276	0.00829
32	0.01434	0.03197	0.04301	0.06403	0.33078	0.01335	0.07904	0.01947	0.08495	0.04058	0.07554	0.04741	0.06666	0.00862	0.00687	0.00209	0.00687	0.05124	0.00438	0.00882
33	0.00774	0.00629	0.00687	0.00728	0.00893	0.00541	0.00525	0.00928	0.01416	0.01742	0.07532	0.26097	0.51783	0.01737	0.00781	0.00230	0.00340	0.01492	0.00603	0.00541
34	0.00787	0.00562	0.00750	0.00900	0.00937	0.00525	0.00600	0.00900	0.01237	0.01649	0.03561	0.76871	0.04274	0.02024	0.00825	0.00262	0.00375	0.01837	0.00600	0.00525
35	0.01727	0.77681	0.03386	0.01106	0.01658	0.02557	0.01106	0.01935	0.01313	0.01520	0.00898	0.01036	0.00829	0.00553	0.00415	0.00138	0.00691	0.00345	0.00276	0.00829
36	0.01325	0.01424	0.02961	0.02199	0.02696	0.01331	0.51339	0.01762	0.01487	0.02006	0.05666	0.15530	0.05297	0.00901	0.00774	0.00225	0.00885	0.01004	0.00409	0.00780

[dist]
# distance from previous block
# <min> <max>
0	1

[block]
# block no. 2 follows, 34 sequences, length 10
# corresponding to MSA columns:
# 74-83
name=unknown_C
#
# <colnr> <probs for GDERKNQSTAVLIFYWHMCP>
#	G	D	E	R	K	N	Q	S	T	A	V	L	I	F	Y	W	H	M	C	P
0	0.40434	0.04449	0.24220	0.01156	0.01712	0.01380	0.01231	0.01952	0.01253	0.05497	0.01198	0.01362	0.00895	0.00630	0.00485	0.00193	0.00629	0.00433	0.10099	0.00790
1	0.44506	0.18073	0.07248	0.01049	0.01538	0.05387	0.00966	0.02014	0.01264	0.06783	0.01041	0.01165	0.00815	0.00599	0.00449	0.00179	0.00613	0.00383	0.00383	0.05545
2	0.00799	0.00656	0.00704	0.00692	0.00895	0.00561	0.00519	0.00996	0.01557	0.01945	0.22188	0.05890	0.57233	0.01562	0.00763	0.00215	0.00322	0.01318	0.00626	0.00561
3	0.01411	0.23166	0.55128	0.01645	0.02493	0.01782	0.02045	0.02017	0.01350	0.01906	0.01090	0.01277	0.00821	0.00598	0.00561	0.00187	0.00885	0.00442	0.00274	0.00921
4	0.00815	0.00657	0.00726	0.00709	0.00904	0.00567	0.00532	0.01027	0.01595	0.02035	0.29295	0.05741	0.50069	0.01528	0.00763	0.00213	0.00320	0.01297	0.00638	0.00567
5	0.01889	0.60100	0.03019	0.01237	0.01738	0.19558	0.01139	0.02087	0.01435	0.01535	0.00922	0.01067	0.00830	0.00579	0.00454	0.00145	0.00803	0.00362	0.00290	0.00810
6	0.01458	0.01333	0.01963	0.01409	0.01998	0.01120	0.17328	0.06370	0.01497	0.02228	0.01213	0.01449	0.00972	0.00514	0.00557	0.00131	0.00638	0.00486	0.00387	0.56951
7	0.01447	0.01730	0.09374	0.16819	0.10167	0.01593	0.41182	0.01951	0.01432	0.01963	0.01230	0.01674	0.00940	0.00605	0.00788	0.00217	0.05048	0.00673	0.00311	0.00855
8	0.02414	0.03079	0.01831	0.01665	0.01998	0.74698	0.01248	0.02580	0.01831	0.01581	0.00999	0.01165	0.00832	0.00666	0.00583	0.00166	0.01165	0.00416	0.00333	0.00749
9	0.01776	0.11099	0.04075	0.01779	0.14389	0.05784	0.01258	0.17753	0.22814	0.02637	0.06306	0.02076	0.03865	0.00793	0.00626	0.00194	0.00654	0.00644	0.00520	0.00958

[dist]
# distance from previous block
# <min> <max>
0	1

[block]
# block no. 3 follows, 34 sequences, length 77
# corresponding to MSA columns:
# 85-161
name=unknown_D
#
# <colnr> <probs for GDERKNQSTAVLIFYWHMCP>
#	G	D	E	R	K	N	Q	S	T	A	V	L	I	F	Y	W	H	M	C	P
0	0.01786	0.65430	0.09033	0.01170	0.01751	0.02341	0.01198	0.02041	0.01360	0.07353	0.01052	0.01157	0.00890	0.00578	0.00450	0.00149	0.00701	0.00381	0.00318	0.00861
1	0.75314	0.01195	0.00930	0.00846	0.01220	0.01377	0.00688	0.01834	0.01114	0.02817	0.01078	0.05283	0.00922	0.00683	0.00425	0.00202	0.00488	0.00439	0.02459	0.00688
2	0.01714	0.75439	0.05514	0.01128	0.01693	0.02525	0.01144	0.01938	0.01314	0.01536	0.00906	0.01046	0.00829	0.00555	0.00421	0.00140	0.00699	0.00349	0.00276	0.00833
3	0.01646	0.01407	0.01483	0.01323	0.01695	0.01625	0.01032	0.06541	0.68923	0.02766	0.02580	0.02371	0.01932	0.00872	0.00657	0.00218	0.00521	0.00724	0.00657	0.01026
4	0.01397	0.01147	0.01346	0.00964	0.01536	0.00865	0.00772	0.01683	0.01359	0.04728	0.01200	0.01371	0.00981	0.00490	0.00485	0.00100	0.00481	0.00393	0.00398	0.78307
5	0.00787	0.00562	0.00750	0.00900	0.00937	0.00525	0.00600	0.00900	0.01237	0.01649	0.03561	0.76871	0.04274	0.02024	0.00825	0.00262	0.00375	0.01837	0.00600	0.00525
6	0.01414	0.01414	0.01979	0.01696	0.01696	0.01979	0.01414	0.01555	0.00990	0.01555	0.00848	0.01414	0.00848	0.01131	0.02120	0.00283	0.76110	0.00565	0.00283	0.00707
7	0.01301	0.00928	0.04960	0.00958	0.01207	0.00798	0.00778	0.03391	0.06693	0.12107	0.35786	0.13440	0.04074	0.02871	0.00765	0.00216	0.00414	0.01050	0.07541	0.00720
8	0.02067	0.01093	0.01308	0.01098	0.01483	0.01087	0.00876	0.02835	0.24798	0.34987	0.05900	0.02679	0.06765	0.00900	0.00644	0.00202	0.00485	0.00743	0.09088	0.00963
9	0.01132	0.00740	0.00956	0.00866	0.01060	0.00690	0.00661	0.04040	0.01877	0.08351	0.64555	0.04491	0.05545	0.01258	0.00749	0.00203	0.00340	0.01105	0.00716	0.00668
10	0.01379	0.01362	0.02060	0.56738	0.17340	0.06767	0.01791	0.01781	0.01365	0.01733	0.01150	0.01659	0.00890	0.00634	0.00640	0.00207	0.00866	0.00563	0.00297	0.00778
11	0.00916	0.00685	0.01022	0.01031	0.01142	0.00792	0.00796	0.01140	0.01049	0.01508	0.01832	0.06665	0.01763	0.04689	0.70628	0.00995	0.01655	0.00756	0.00360	0.00574
12	0.02614	0.01330	0.01606	0.01247	0.01731	0.01320	0.01025	0.25743	0.05836	0.43846	0.02202	0.02003	0.01454	0.00794	0.00641	0.00197	0.00591	0.00629	0.04116	0.01074
13	0.01539	0.04684	0.05674	0.01936	0.04275	0.01479	0.28291	0.05421	0.01517	0.07802	0.06128	0.08267	0.01750	0.00918	0.00958	0.00228	0.13142	0.04740	0.00431	0.00820
14	0.03683	0.24035	0.39750	0.01520	0.02243	0.04260	0.01750	0.03804	0.07358	0.02024	0.03148	0.01442	0.01065	0.00643	0.00559	0.00185	0.00814	0.00477	0.00333	0.00905
15	0.01296	0.03342	0.73944	0.01842	0.02797	0.01501	0.02387	0.02046	0.01364	0.02046	0.01160	0.01364	0.00818	0.00614	0.00614	0.00205	0.00955	0.00477	0.00273	0.00955
16	0.01340	0.01148	0.01340	0.00957	0.01531	0.00861	0.00766	0.01627	0.01340	0.02105	0.01148	0.01340	0.00957	0.00479	0.00479	0.00096	0.00479	0.00383	0.00383	0.81242
17	0.01296	0.03342	0.73944	0.01842	0.02797	0.01501	0.02387	0.02046	0.01364	0.02046	0.01160	0.01364	0.00818	0.00614	0.00614	0.00205	0.00955	0.00477	0.00273	0.00955
18	0.01372	0.01468	0.05907	0.01657	0.01718	0.01868	0.01424	0.01553	0.01014	0.01578	0.00929	0.01492	0.00902	0.01372	0.07302	0.00333	0.66543	0.00570	0.00287	0.00711
19	0.75524	0.01238	0.00994	0.00874	0.01282	0.01409	0.00720	0.02000	0.01160	0.08578	0.01032	0.01142	0.00772	0.00616	0.00420	0.00200	0.00504	0.00374	0.00432	0.00732
20	0.01518	0.01358	0.03184	0.01281	0.01633	0.01499	0.01012	0.03152	0.63409	0.02586	0.02767	0.07739	0.04055	0.00972	0.00671	0.00222	0.00508	0.00820	0.00642	0.00973
21	0.00940	0.00626	0.00705	0.00705	0.00705	0.00626	0.00392	0.00940	0.00940	0.01253	0.02036	0.04228	0.02349	0.77292	0.03289	0.00626	0.00626	0.00940	0.00392	0.00392
22	0.00774	0.00650	0.00674	0.00690	0.00892	0.00550	0.00516	0.00937	0.01454	0.01743	0.06214	0.11916	0.65435	0.01672	0.00772	0.00224	0.00339	0.03403	0.00600	0.00545
23	0.02790	0.01075	0.01465	0.01131	0.01612	0.00931	0.00931	0.03043	0.01848	0.69800	0.06417	0.02344	0.01847	0.00828	0.00656	0.00200	0.00536	0.00678	0.00795	0.01073
24	0.01653	0.01767	0.09974	0.23681	0.11296	0.03781	0.18328	0.17216	0.01778	0.02379	0.01280	0.01622	0.00956	0.00640	0.00668	0.00206	0.00891	0.00607	0.00380	0.00900
25	0.02414	0.03079	0.01831	0.01665	0.01998	0.74698	0.01248	0.02580	0.01831	0.01581	0.00999	0.01165	0.00832	0.00666	0.00583	0.00166	0.01165	0.00416	0.00333	0.00749
26	0.00787	0.00565	0.00747	0.00893	0.00935	0.00525	0.00597	0.00900	0.01243	0.01652	0.03642	0.74959	0.06133	0.02014	0.00823	0.00261	0.00374	0.01824	0.00600	0.00525
27	0.00800	0.00653	0.00706	0.00699	0.00896	0.00560	0.00522	0.00995	0.01550	0.01942	0.22114	0.07805	0.55363	0.01573	0.00765	0.00216	0.00323	0.01330	0.00626	0.00560
28	0.01441	0.02828	0.52813	0.02018	0.02874	0.01503	0.19025	0.02113	0.01430	0.06031	0.01273	0.01503	0.00901	0.00607	0.00652	0.00208	0.00965	0.00557	0.00315	0.00943
29	0.00909	0.00660	0.00856	0.00807	0.00962	0.00607	0.00605	0.01209	0.01816	0.02561	0.70538	0.04876	0.08498	0.01332	0.00762	0.00204	0.00306	0.01176	0.00707	0.00607
30	0.81856	0.01250	0.00950	0.00850	0.01250	0.01449	0.00700	0.01899	0.01100	0.02899	0.00900	0.01050	0.00700	0.00600	0.00400	0.00200	0.00500	0.00350	0.00400	0.00700
31	0.02886	0.01120	0.01512	0.01159	0.01660	0.00980	0.00958	0.05090	0.01883	0.71720	0.02521	0.02181	0.01585	0.00799	0.00650	0.00200	0.00554	0.00648	0.00795	0.01100
32	0.01727	0.77681	0.03386	0.01106	0.01658	0.02557	0.01106	0.01935	0.01313	0.01520	0.00898	0.01036	0.00829	0.00553	0.00415	0.00138	0.00691	0.00345	0.00276	0.00829
33	0.01429	0.01146	0.01349	0.00968	0.01538	0.00866	0.00776	0.01714	0.01369	0.06207	0.01229	0.01389	0.00994	0.00497	0.00488	0.00102	0.00483	0.00398	0.00407	0.76652
34	0.01220	0.01148	0.01938	0.75739	0.04450	0.01436	0.01794	0.01651	0.01292	0.01651	0.01148	0.01723	0.00861	0.00646	0.00646	0.00215	0.00861	0.00574	0.00287	0.00718
35	0.00942	0.00697	0.00818	0.00850	0.03243	0.00610	0.00602	0.01140	0.01537	0.05874	0.19424	0.14422	0.44422	0.01540	0.00761	0.00219	0.00355	0.01319	0.00625	0.00602
36	0.01368	0.01235	0.02054	0.40872	0.27898	0.01370	0.01715	0.01748	0.01367	0.03831	0.01401	0.07608	0.01210	0.00730	0.00654	0.00207	0.00772	0.00671	0.00340	0.02951
37	0.02414	0.03079	0.01831	0.01665	0.01998	0.74698	0.01248	0.02580	0.01831	0.01581	0.00999	0.01165	0.00832	0.00666	0.00583	0.00166	0.01165	0.00416	0.00333	0.00749
38	0.01691	0.01860	0.03972	0.06151	0.38727	0.21194	0.01605	0.02003	0.01514	0.01868	0.01429	0.01770	0.04052	0.01078	0.08072	0.00273	0.00962	0.00575	0.00335	0.00868
39	0.02087	0.07001	0.02115	0.09539	0.04065	0.22312	0.07367	0.09918	0.01718	0.14540	0.01351	0.01537	0.01019	0.00746	0.00837	0.00201	0.11806	0.00543	0.00433	0.00863
40	0.40486	0.02202	0.01409	0.01274	0.01639	0.39594	0.00985	0.02254	0.01481	0.02213	0.00951	0.01110	0.00769	0.00634	0.00495	0.00182	0.00846	0.00384	0.00365	0.00725
41	0.01433	0.03760	0.11730	0.05686	0.05337	0.01541	0.50138	0.01948	0.01465	0.02002	0.01450	0.07700	0.01218	0.00677	0.00732	0.00217	0.00986	0.00790	0.00339	0.00851
42	0.01511	0.01423	0.02324	0.13899	0.52836	0.01486	0.01797	0.02041	0.08801	0.02087	0.01452	0.04874	0.01236	0.00678	0.00650	0.00201	0.00738	0.00645	0.00362	0.00958
43	0.01340	0.01148	0.01340	0.00957	0.01531	0.00861	0.00766	0.01627	0.01340	0.02105	0.01148	0.01340	0.00957	0.00479	0.00479	0.00096	0.00479	0.00383	0.00383	0.81242
44	0.00860	0.00638	0.00756	0.00782	0.00934	0.00564	0.00565	0.01043	0.01492	0.03699	0.21337	0.28184	0.33483	0.01663	0.00780	0.00228	0.00343	0.01449	0.00631	0.00568
45	0.01659	0.62938	0.12183	0.01314	0.01924	0.02359	0.06327	0.01958	0.01335	0.01625	0.00960	0.01128	0.00839	0.00560	0.00465	0.00152	0.00753	0.00392	0.00280	0.00848
46	0.00801	0.00564	0.00745	0.00890	0.00931	0.00527	0.00595	0.00920	0.01241	0.01675	0.03512	0.74363	0.04185	0.01981	0.00812	0.00259	0.00372	0.01795	0.03303	0.00527
47	0.00834	0.00654	0.00754	0.00736	0.00918	0.00574	0.00549	0.01060	0.01627	0.02129	0.36843	0.08276	0.39725	0.01507	0.00765	0.00213	0.00319	0.01292	0.00651	0.00574
48	0.01414	0.01414	0.01979	0.01696	0.01696	0.01979	0.01414	0.01555	0.00990	0.01555	0.00848	0.01414	0.00848	0.01131	0.02120	0.00283	0.76110	0.00565	0.00283	0.00707
49	0.59052	0.01466	0.01229	0.01040	0.01466	0.04810	0.00852	0.18757	0.01603	0.03126	0.01062	0.01177	0.00803	0.00645	0.00468	0.00197	0.00580	0.00409	0.00457	0.00799
50	0.01829	0.44291	0.08171	0.01241	0.01798	0.07987	0.01184	0.09566	0.03819	0.04695	0.01142	0.01248	0.00937	0.00603	0.00492	0.00152	0.00718	0.00415	0.00364	0.09347
51	0.01468	0.19458	0.51354	0.01754	0.05607	0.01761	0.02024	0.05853	0.01451	0.02046	0.01127	0.01313	0.00845	0.00608	0.00573	0.00189	0.00875	0.00459	0.00296	0.00938
52	0.00832	0.00608	0.00826	0.01015	0.03969	0.00574	0.00644	0.00948	0.01226	0.01642	0.03357	0.68700	0.04004	0.07142	0.00986	0.00284	0.00409	0.01722	0.00574	0.00537
53	0.01583	0.47210	0.24907	0.01353	0.02011	0.02137	0.01492	0.02118	0.08376	0.01800	0.01151	0.01274	0.00940	0.00604	0.00500	0.00167	0.00754	0.00424	0.00313	0.00887
54	0.04810	0.22520	0.25580	0.01412	0.02067	0.07442	0.01486	0.10680	0.01610	0.06140	0.01192	0.01316	0.00912	0.00616	0.00541	0.00170	0.00777	0.00445	0.00371	0.09912
55	0.00787	0.00562	0.00750	0.00900	0.00937	0.00525	0.00600	0.00900	0.01237	0.01649	0.03561	0.76871	0.04274	0.02024	0.00825	0.00262	0.00375	0.01837	0.00600	0.00525
56	0.00876	0.00690	0.00756	0.00734	0.00927	0.00625	0.00545	0.01162	0.05175	0.02033	0.24726	0.05375	0.43850	0.05572	0.00883	0.00234	0.00346	0.01224	0.03685	0.00582
57	0.01799	0.69900	0.03224	0.01164	0.01694	0.10081	0.01120	0.02002	0.01367	0.01527	0.00909	0.01050	0.00830	0.00565	0.00432	0.00141	0.00740	0.00353	0.00282	0.00821
58	0.00840	0.00627	0.00787	0.00887	0.00973	0.00594	0.00611	0.01069	0.05246	0.01795	0.09418	0.58761	0.12266	0.01859	0.00803	0.00250	0.00371	0.01667	0.00612	0.00562
59	0.00787	0.00562	0.00750	0.00900	0.00937	0.00525	0.00600	0.00900	0.01237	0.01649	0.03561	0.76871	0.04274	0.02024	0.00825	0.00262	0.00375	0.01837	0.00600	0.00525
60	0.01525	0.01743	0.03813	0.02723	0.03377	0.01634	0.70915	0.02070	0.01525	0.02070	0.01307	0.01743	0.00980	0.00545	0.00763	0.00218	0.01089	0.00763	0.00327	0.00871
61	0.76269	0.01270	0.01008	0.00886	0.01293	0.01461	0.00730	0.04980	0.01205	0.04825	0.00972	0.01102	0.00741	0.00613	0.00417	0.00200	0.00510	0.00368	0.00421	0.00728
62	0.06267	0.01106	0.01476	0.01137	0.01632	0.00971	0.00939	0.03096	0.01817	0.70689	0.02479	0.02150	0.01561	0.00791	0.00639	0.00200	0.00548	0.00637	0.00783	0.01083
63	0.01364	0.03248	0.70891	0.01812	0.02748	0.01477	0.02327	0.02093	0.01385	0.05066	0.01218	0.01399	0.00851	0.00622	0.00615	0.00204	0.00938	0.00485	0.00295	0.00961
64	0.00783	0.00580	0.00731	0.00852	0.00925	0.00529	0.00579	0.00905	0.01283	0.01668	0.04139	0.63190	0.17581	0.01949	0.00813	0.00254	0.00366	0.01745	0.00600	0.00529
65	0.02775	0.01099	0.01479	0.01142	0.01624	0.00966	0.00940	0.05331	0.01888	0.67455	0.06383	0.02322	0.01830	0.00828	0.00656	0.00200	0.00542	0.00676	0.00790	0.01073
66	0.02238	0.00973	0.01305	0.03236	0.01529	0.00869	0.00871	0.02481	0.01706	0.50305	0.06991	0.03003	0.13284	0.01283	0.06616	0.00271	0.00604	0.00794	0.00711	0.00930
67	0.01781	0.71389	0.05217	0.01128	0.01689	0.02438	0.01132	0.02005	0.01344	0.05543	0.00997	0.01110	0.00872	0.00568	0.00433	0.00143	0.00690	0.00366	0.00305	0.00848
68	0.02070	0.02214	0.01709	0.01523	0.01855	0.36839	0.01190	0.13782	0.16121	0.02246	0.01635	0.02065	0.01376	0.00858	0.00729	0.00201	0.05370	0.06900	0.00471	0.00845
69	0.20842	0.07377	0.01988	0.05716	0.12501	0.03537	0.08526	0.02076	0.06512	0.08256	0.01309	0.01554	0.01033	0.00867	0.03872	0.00239	0.09658	0.00535	0.00399	0.03200
70	0.49855	0.04798	0.01333	0.05204	0.01615	0.15604	0.00914	0.02060	0.01319	0.06404	0.03030	0.01288	0.00944	0.00659	0.00520	0.00194	0.02700	0.00420	0.00403	0.00736
71	0.12974	0.05204	0.16293	0.01494	0.06644	0.05786	0.03049	0.02006	0.06582	0.08207	0.13510	0.05932	0.02039	0.00874	0.00736	0.00207	0.06490	0.00689	0.00463	0.00820
72	0.10373	0.06555	0.01468	0.03245	0.01532	0.03548	0.05748	0.05152	0.01579	0.17691	0.10104	0.17428	0.10718	0.01128	0.00671	0.00211	0.00543	0.00964	0.00575	0.00767
73	0.03256	0.08595	0.12139	0.01188	0.01613	0.11030	0.01087	0.02047	0.05466	0.16201	0.09668	0.05785	0.15121	0.01015	0.00656	0.00201	0.00632	0.02960	0.00536	0.00806
74	0.07303	0.14290	0.21148	0.01665	0.06006	0.25159	0.03380	0.02267	0.03509	0.05888	0.02952	0.01412	0.01038	0.00651	0.00571	0.00181	0.00893	0.00475	0.00356	0.00855
75	0.01744	0.15443	0.40264	0.01665	0.04268	0.06961	0.03683	0.02257	0.01481	0.14385	0.01351	0.01456	0.00967	0.00637	0.00589	0.00190	0.00854	0.00491	0.00372	0.00943
76	0.01678	0.31920	0.24656	0.01448	0.02060	0.12311	0.03546	0.04121	0.01487	0.03614	0.04406	0.01486	0.01143	0.02827	0.00621	0.00185	0.00829	0.00478	0.00332	0.00850

[dist]
# distance from previous block
# <min> <max>
8	32

# created by:
# /home/berkeley/.conda/envs/busco_data_prod/bin/msa2prfl.pl pipeline/OGs_align_augustus/4893/30062.fs
