[name]
unknown

[dist]
# distance from previous block
# <min> <max>
0	5

[block]
# block no. 0 follows, 33 sequences, length 43
# corresponding to MSA columns:
# 5-47
name=unknown_A
#
# <colnr> <probs for GDERKNQSTAVLIFYWHMCP>
#	G	D	E	R	K	N	Q	S	T	A	V	L	I	F	Y	W	H	M	C	P
0	0.02179	0.01637	0.01867	0.01655	0.07835	0.01781	0.01263	0.53327	0.02699	0.03613	0.01989	0.02513	0.04175	0.00938	0.00695	0.00212	0.00699	0.09274	0.00622	0.01026
1	0.06273	0.01290	0.02055	0.38115	0.27363	0.01420	0.01698	0.01780	0.01378	0.01955	0.01417	0.01844	0.04049	0.00663	0.00634	0.00202	0.00773	0.00594	0.00331	0.06166
2	0.02885	0.01105	0.01506	0.01160	0.01657	0.00956	0.00956	0.03142	0.01884	0.70824	0.04961	0.02331	0.01785	0.00833	0.00666	0.00204	0.00552	0.00680	0.00812	0.01103
3	0.00802	0.00598	0.00747	0.00858	0.00941	0.00543	0.00587	0.00935	0.01337	0.01739	0.06927	0.58125	0.19571	0.01947	0.00824	0.00255	0.00368	0.01738	0.00615	0.00543
4	0.02172	0.01630	0.01793	0.01449	0.01887	0.01838	0.01178	0.42280	0.21934	0.06914	0.01898	0.01878	0.01393	0.00966	0.02944	0.00236	0.05273	0.00641	0.00638	0.01058
5	0.01307	0.01219	0.02010	0.56784	0.15228	0.01444	0.01763	0.01793	0.04432	0.01853	0.04878	0.01927	0.01225	0.00692	0.00664	0.00215	0.00818	0.00623	0.00336	0.00789
6	0.02043	0.01422	0.01673	0.06015	0.06642	0.03102	0.01158	0.14280	0.29800	0.18774	0.04500	0.02188	0.01727	0.00823	0.00661	0.00208	0.00610	0.00679	0.00642	0.03053
7	0.05304	0.01714	0.03497	0.02535	0.03158	0.01653	0.59849	0.02246	0.08864	0.02216	0.01454	0.01814	0.01091	0.00593	0.00748	0.00221	0.01020	0.00754	0.00372	0.00896
8	0.00802	0.00573	0.00764	0.00917	0.00955	0.00535	0.00611	0.00917	0.01260	0.01681	0.03628	0.76434	0.04354	0.02062	0.00840	0.00267	0.00382	0.01872	0.00611	0.00535
9	0.01715	0.14054	0.03143	0.02758	0.25123	0.09919	0.27926	0.02150	0.03199	0.01991	0.01231	0.01563	0.00995	0.00588	0.00656	0.00195	0.00934	0.00607	0.00331	0.00920
10	0.05504	0.01725	0.11248	0.10445	0.17200	0.01579	0.03599	0.17261	0.11152	0.08810	0.03868	0.01848	0.01342	0.00729	0.00650	0.00206	0.00733	0.00617	0.00493	0.00988
11	0.01011	0.00685	0.00856	0.00825	0.00992	0.00620	0.00607	0.01251	0.01674	0.06603	0.43442	0.14159	0.18038	0.05172	0.00904	0.00239	0.00355	0.01272	0.00678	0.00617
12	0.00877	0.00668	0.00811	0.00837	0.00983	0.00614	0.00611	0.01138	0.03798	0.02097	0.29261	0.26629	0.23945	0.01649	0.00797	0.00233	0.00354	0.03456	0.00654	0.00590
13	0.06174	0.07063	0.08675	0.14490	0.21061	0.09555	0.09850	0.09728	0.01650	0.02238	0.01226	0.01539	0.00961	0.00634	0.00627	0.00197	0.00861	0.00555	0.02012	0.00904
14	0.01919	0.01368	0.04932	0.03582	0.11511	0.01304	0.01181	0.17353	0.08963	0.18780	0.14918	0.02720	0.06698	0.00922	0.00687	0.00206	0.00591	0.00775	0.00631	0.00959
15	0.00819	0.00664	0.00701	0.00694	0.00882	0.00574	0.00504	0.00986	0.01485	0.01833	0.14801	0.05910	0.55508	0.10464	0.01080	0.00269	0.00366	0.01312	0.00601	0.00546
16	0.01602	0.05008	0.01943	0.06168	0.06781	0.03912	0.09403	0.05737	0.39515	0.02485	0.05009	0.02424	0.05377	0.00848	0.00676	0.00214	0.00652	0.00743	0.00554	0.00949
17	0.01772	0.01592	0.02496	0.05077	0.56158	0.03939	0.03321	0.05670	0.04891	0.06598	0.01400	0.01694	0.01117	0.00629	0.00655	0.00198	0.00776	0.00598	0.00389	0.01032
18	0.01201	0.00832	0.01128	0.01089	0.01163	0.00937	0.00803	0.01301	0.01169	0.08264	0.02343	0.29543	0.02559	0.14409	0.08762	0.05769	0.16520	0.01133	0.00480	0.00595
19	0.00944	0.00690	0.00981	0.00981	0.01072	0.00781	0.00727	0.01126	0.01035	0.01471	0.01834	0.02977	0.01815	0.21253	0.58171	0.00963	0.01508	0.00763	0.00363	0.00545
20	0.01365	0.01170	0.01365	0.00975	0.01560	0.00878	0.00780	0.01658	0.01365	0.02145	0.01170	0.01365	0.00975	0.00488	0.00488	0.00098	0.00488	0.00390	0.00390	0.80888
21	0.01973	0.01750	0.17728	0.01474	0.02083	0.01247	0.08122	0.10652	0.01773	0.24757	0.03809	0.05497	0.01483	0.00766	0.00648	0.00192	0.00699	0.00655	0.00546	0.14144
22	0.06424	0.01799	0.05819	0.02057	0.13461	0.07511	0.11833	0.24325	0.02028	0.08820	0.01542	0.05272	0.01221	0.00775	0.00729	0.00207	0.04062	0.00656	0.00492	0.00968
23	0.00934	0.00695	0.01026	0.01034	0.01141	0.00799	0.00791	0.01151	0.01063	0.01523	0.01873	0.06397	0.01820	0.08458	0.66941	0.00997	0.01636	0.00777	0.00368	0.00575
24	0.02932	0.01156	0.01550	0.01188	0.01698	0.01020	0.00982	0.06514	0.01944	0.69824	0.02547	0.02208	0.01605	0.00814	0.00662	0.00203	0.00568	0.00659	0.00807	0.01120
25	0.01760	0.77260	0.03450	0.01126	0.01690	0.02605	0.01126	0.01971	0.01338	0.01549	0.00915	0.01056	0.00845	0.00563	0.00422	0.00141	0.00704	0.00352	0.00282	0.00845
26	0.04593	0.01782	0.02139	0.02277	0.23725	0.06140	0.01469	0.39128	0.02370	0.05537	0.01434	0.01574	0.01077	0.00727	0.00690	0.00198	0.02988	0.00575	0.00524	0.01051
27	0.02613	0.01466	0.01752	0.04803	0.01981	0.01511	0.01141	0.34017	0.05284	0.35311	0.02068	0.01924	0.01376	0.00799	0.00661	0.00202	0.00649	0.00630	0.00713	0.01099
28	0.01132	0.00576	0.00849	0.00849	0.00849	0.00576	0.00561	0.00864	0.00864	0.01152	0.01200	0.02142	0.01220	0.06848	0.02620	0.75941	0.00576	0.00595	0.00293	0.00293
29	0.01760	0.77260	0.03450	0.01126	0.01690	0.02605	0.01126	0.01971	0.01338	0.01549	0.00915	0.01056	0.00845	0.00563	0.00422	0.00141	0.00704	0.00352	0.00282	0.00845
30	0.02459	0.03138	0.01866	0.01696	0.02035	0.74221	0.01272	0.02629	0.01866	0.01611	0.01018	0.01187	0.00848	0.00678	0.00594	0.00170	0.01187	0.00424	0.00339	0.00763
31	0.01637	0.01414	0.01489	0.01340	0.01712	0.01637	0.01042	0.03498	0.71568	0.02754	0.02679	0.02456	0.02010	0.00893	0.00670	0.00223	0.00521	0.00744	0.00670	0.01042
32	0.81514	0.01273	0.00968	0.00866	0.01273	0.01477	0.00713	0.01935	0.01120	0.02954	0.00917	0.01069	0.00713	0.00611	0.00407	0.00204	0.00509	0.00356	0.00407	0.00713
33	0.00802	0.00573	0.00764	0.00917	0.00955	0.00535	0.00611	0.00917	0.01260	0.01681	0.03628	0.76434	0.04354	0.02062	0.00840	0.00267	0.00382	0.01872	0.00611	0.00535
34	0.00842	0.00627	0.00842	0.00968	0.01003	0.00628	0.00663	0.00958	0.01245	0.01675	0.03455	0.71735	0.04135	0.02005	0.00923	0.00269	0.05099	0.01790	0.00591	0.00546
35	0.00780	0.00661	0.00673	0.00684	0.00894	0.00554	0.00508	0.00943	0.01485	0.01772	0.06467	0.11003	0.67954	0.01694	0.00782	0.00225	0.00337	0.01421	0.00611	0.00554
36	0.01873	0.65320	0.03195	0.01218	0.01745	0.14141	0.01150	0.02077	0.01423	0.01559	0.00932	0.01077	0.00845	0.00582	0.00450	0.00145	0.00782	0.00364	0.00291	0.00832
37	0.01342	0.00725	0.00737	0.00695	0.00882	0.00743	0.00532	0.07769	0.01535	0.02607	0.02096	0.02375	0.01636	0.00769	0.00478	0.00157	0.00345	0.00612	0.73305	0.00659
38	0.02487	0.01773	0.01920	0.01483	0.02000	0.01949	0.01221	0.62542	0.06625	0.08674	0.01706	0.01671	0.01200	0.00797	0.00659	0.00199	0.00703	0.00605	0.00670	0.01116
39	0.01463	0.01448	0.08850	0.01284	0.03832	0.05574	0.01061	0.09268	0.18679	0.04509	0.27014	0.03320	0.08844	0.01051	0.00705	0.00209	0.00550	0.00883	0.00615	0.00842
40	0.08717	0.14700	0.22971	0.01472	0.02082	0.10193	0.04664	0.04075	0.05490	0.07630	0.01420	0.04884	0.01145	0.00706	0.00581	0.00187	0.00789	0.00546	0.00399	0.07351
41	0.11099	0.17559	0.16980	0.01768	0.05709	0.01780	0.14671	0.06378	0.07046	0.03739	0.01392	0.01747	0.01121	0.00696	0.00645	0.00202	0.02692	0.03490	0.00387	0.00898
42	0.10251	0.04270	0.18585	0.01450	0.02022	0.06844	0.03254	0.16721	0.08607	0.11119	0.03055	0.04198	0.01331	0.00764	0.00618	0.00199	0.00733	0.00597	0.00506	0.04879

[dist]
# distance from previous block
# <min> <max>
1	8

[block]
# block no. 1 follows, 33 sequences, length 87
# corresponding to MSA columns:
# 56-142
name=unknown_B
#
# <colnr> <probs for GDERKNQSTAVLIFYWHMCP>
#	G	D	E	R	K	N	Q	S	T	A	V	L	I	F	Y	W	H	M	C	P
0	0.03962	0.01528	0.06000	0.01786	0.12035	0.04041	0.06752	0.08818	0.21302	0.11944	0.10978	0.02434	0.03769	0.00847	0.00677	0.00209	0.00649	0.00734	0.00575	0.00959
1	0.03650	0.03338	0.04199	0.09581	0.27168	0.03657	0.09135	0.02029	0.03934	0.08033	0.03873	0.02034	0.01373	0.01013	0.05787	0.00266	0.04677	0.02773	0.00401	0.03079
2	0.01505	0.01089	0.01291	0.00986	0.01471	0.00893	0.00783	0.01900	0.06370	0.10918	0.09914	0.02153	0.04027	0.00702	0.00563	0.00138	0.00467	0.00580	0.03135	0.51115
3	0.01588	0.01503	0.02389	0.10767	0.50619	0.03808	0.03750	0.05947	0.01565	0.02158	0.01472	0.08670	0.01335	0.00747	0.00672	0.00205	0.00773	0.00708	0.00370	0.00954
4	0.01057	0.00703	0.00897	0.00849	0.01034	0.00638	0.00644	0.01332	0.01766	0.07692	0.51273	0.08893	0.15476	0.01410	0.00776	0.00216	0.00347	0.03649	0.00704	0.00643
5	0.00813	0.00581	0.00776	0.00929	0.00972	0.00544	0.00630	0.00935	0.01271	0.01693	0.03622	0.73543	0.04330	0.02052	0.00843	0.00269	0.00391	0.04655	0.00611	0.00538
6	0.00802	0.00573	0.00764	0.00917	0.00955	0.00535	0.00611	0.00917	0.01260	0.01681	0.03628	0.76434	0.04354	0.02062	0.00840	0.00267	0.00382	0.01872	0.00611	0.00535
7	0.01822	0.01373	0.01494	0.01316	0.01707	0.01543	0.01032	0.03457	0.61782	0.12649	0.02668	0.02426	0.01956	0.00882	0.00669	0.00221	0.00527	0.00733	0.00690	0.01053
8	0.00899	0.00672	0.00834	0.00794	0.00963	0.00607	0.00595	0.01178	0.01786	0.02455	0.58284	0.05222	0.20453	0.01415	0.00777	0.00210	0.00315	0.01233	0.00700	0.00607
9	0.01760	0.77260	0.03450	0.01126	0.01690	0.02605	0.01126	0.01971	0.01338	0.01549	0.00915	0.01056	0.00845	0.00563	0.00422	0.00141	0.00704	0.00352	0.00282	0.00845
10	0.00802	0.00573	0.00764	0.00917	0.00955	0.00535	0.00611	0.00917	0.01260	0.01681	0.03628	0.76434	0.04354	0.02062	0.00840	0.00267	0.00382	0.01872	0.00611	0.00535
11	0.01637	0.01414	0.01489	0.01340	0.01712	0.01637	0.01042	0.03498	0.71568	0.02754	0.02679	0.02456	0.02010	0.00893	0.00670	0.00223	0.00521	0.00744	0.00670	0.01042
12	0.02249	0.01620	0.05839	0.05466	0.13996	0.04233	0.06131	0.19609	0.04016	0.25470	0.01807	0.01847	0.01263	0.00830	0.02406	0.00223	0.00765	0.00621	0.00574	0.01036
13	0.02450	0.04237	0.05467	0.04042	0.01985	0.01564	0.01198	0.33323	0.04699	0.28707	0.01992	0.04203	0.01404	0.00822	0.00656	0.00202	0.00665	0.00649	0.00668	0.01067
14	0.00932	0.00673	0.00880	0.00828	0.00984	0.00621	0.00621	0.01242	0.01863	0.02640	0.72410	0.04918	0.06212	0.01346	0.00776	0.00207	0.00311	0.01191	0.00725	0.00621
15	0.02756	0.01117	0.01491	0.01165	0.01646	0.00995	0.00954	0.03124	0.06689	0.64618	0.06299	0.02397	0.01898	0.00848	0.00669	0.00205	0.00544	0.00696	0.00800	0.01089
16	0.01535	0.04494	0.05882	0.08775	0.09762	0.01669	0.53759	0.02060	0.01516	0.02056	0.01290	0.01722	0.00982	0.00569	0.00738	0.00216	0.01042	0.00719	0.00325	0.00890
17	0.01320	0.03405	0.73453	0.01876	0.02849	0.01529	0.02432	0.02085	0.01390	0.02085	0.01181	0.01390	0.00834	0.00625	0.00625	0.00208	0.00973	0.00486	0.00278	0.00973
18	0.02954	0.01120	0.01528	0.01171	0.01681	0.00968	0.00968	0.03208	0.01884	0.73213	0.02597	0.02241	0.01630	0.00815	0.00662	0.00204	0.00560	0.00662	0.00815	0.01120
19	0.00831	0.00663	0.00747	0.00759	0.00942	0.00579	0.00568	0.01032	0.01560	0.01978	0.21524	0.13660	0.46212	0.01643	0.00791	0.00228	0.00347	0.04728	0.00638	0.00571
20	0.03774	0.45200	0.12481	0.07832	0.06845	0.06125	0.01412	0.02073	0.01409	0.05894	0.01099	0.01276	0.00902	0.00604	0.00509	0.00167	0.00774	0.00428	0.00322	0.00874
21	0.01863	0.01789	0.02431	0.04833	0.39014	0.14104	0.07475	0.02235	0.03274	0.08536	0.01336	0.01630	0.01064	0.00675	0.00774	0.00203	0.06845	0.00584	0.00378	0.00955
22	0.27153	0.11982	0.10359	0.05312	0.12482	0.13148	0.04887	0.02067	0.01383	0.02193	0.01043	0.01286	0.00841	0.00628	0.00579	0.00193	0.02844	0.00454	0.00340	0.00827
23	0.01223	0.00643	0.00657	0.00649	0.00810	0.00647	0.00488	0.01579	0.03650	0.02475	0.06310	0.02600	0.01965	0.00805	0.00486	0.00159	0.00314	0.00652	0.73262	0.00628
24	0.04680	0.07297	0.01947	0.01616	0.01994	0.58977	0.01245	0.10986	0.01966	0.01960	0.01078	0.01225	0.00878	0.00684	0.00586	0.00172	0.01082	0.00439	0.00377	0.00811
25	0.01083	0.00690	0.00906	0.00947	0.01084	0.00645	0.00694	0.01321	0.03292	0.08835	0.20256	0.41803	0.06736	0.01705	0.00807	0.00247	0.00403	0.07256	0.00659	0.00632
26	0.00800	0.00668	0.00697	0.00690	0.00903	0.00565	0.00517	0.00987	0.01552	0.01901	0.16044	0.06133	0.63038	0.01621	0.00778	0.00220	0.00330	0.01361	0.00627	0.00565
27	0.00827	0.00632	0.00763	0.00830	0.00958	0.00568	0.00598	0.01001	0.01452	0.01877	0.15161	0.36561	0.29097	0.01798	0.00812	0.00244	0.00366	0.05267	0.00628	0.00559
28	0.02859	0.01196	0.01566	0.01209	0.01714	0.01090	0.00996	0.09151	0.04910	0.64180	0.02511	0.02192	0.01601	0.00816	0.00662	0.00204	0.00573	0.00659	0.00795	0.01117
29	0.00940	0.00705	0.01058	0.01058	0.01176	0.00823	0.00823	0.01176	0.01058	0.01528	0.01763	0.02586	0.01646	0.04937	0.74255	0.01058	0.01763	0.00705	0.00353	0.00588
30	0.01440	0.01440	0.02016	0.01728	0.01728	0.02016	0.01440	0.01584	0.01008	0.01584	0.00864	0.01440	0.00864	0.01152	0.02160	0.00288	0.75659	0.00576	0.00288	0.00720
31	0.01365	0.01170	0.01365	0.00975	0.01560	0.00878	0.00780	0.01658	0.01365	0.02145	0.01170	0.01365	0.00975	0.00488	0.00488	0.00098	0.00488	0.00390	0.00390	0.80888
32	0.00957	0.00638	0.00718	0.00718	0.00718	0.00638	0.00399	0.00957	0.00957	0.01276	0.02074	0.04308	0.02393	0.76864	0.03351	0.00638	0.00638	0.00957	0.00399	0.00399
33	0.00790	0.00667	0.00684	0.00680	0.00897	0.00561	0.00510	0.00968	0.01529	0.01846	0.11834	0.06224	0.67283	0.01642	0.00778	0.00221	0.00332	0.01374	0.00620	0.00561
34	0.00957	0.00638	0.00718	0.00718	0.00718	0.00638	0.00399	0.00957	0.00957	0.01276	0.02074	0.04308	0.02393	0.76864	0.03351	0.00638	0.00638	0.00957	0.00399	0.00399
35	0.01358	0.01170	0.01401	0.05359	0.01736	0.00912	0.00842	0.01659	0.01362	0.02118	0.01170	0.01388	0.00969	0.00498	0.00498	0.00105	0.00511	0.00402	0.00384	0.76160
36	0.02452	0.01998	0.01963	0.01548	0.02028	0.11601	0.01262	0.58674	0.02845	0.03705	0.01476	0.01523	0.01073	0.00791	0.00713	0.00198	0.03925	0.00570	0.00601	0.01056
37	0.01113	0.00576	0.00843	0.00851	0.00853	0.00574	0.00562	0.00868	0.00885	0.01180	0.01335	0.05968	0.01394	0.07419	0.02538	0.71192	0.00567	0.00665	0.00310	0.00306
38	0.01790	0.01773	0.02477	0.06950	0.54525	0.11060	0.01851	0.07654	0.01668	0.02220	0.01234	0.01574	0.01016	0.00619	0.00645	0.00193	0.00835	0.00566	0.00353	0.00998
39	0.01749	0.01676	0.01968	0.28985	0.15042	0.14501	0.01526	0.15360	0.01764	0.02199	0.01313	0.01817	0.01079	0.07225	0.00877	0.00238	0.00866	0.00590	0.00388	0.00838
40	0.00799	0.00613	0.00735	0.00830	0.00940	0.00548	0.00581	0.00938	0.01357	0.01724	0.04767	0.48400	0.29936	0.01908	0.00819	0.00251	0.00369	0.03329	0.00611	0.00544
41	0.02154	0.15819	0.02081	0.05215	0.02004	0.25452	0.01200	0.17979	0.10253	0.06637	0.01519	0.04144	0.01219	0.00764	0.00602	0.00185	0.00833	0.00561	0.00476	0.00904
42	0.05213	0.01175	0.01346	0.00970	0.01546	0.00906	0.00777	0.01671	0.01353	0.02184	0.01158	0.01351	0.00963	0.00493	0.00484	0.00103	0.00489	0.00388	0.00391	0.77039
43	0.03394	0.04715	0.01597	0.01298	0.01521	0.01235	0.07509	0.05309	0.08723	0.05607	0.01974	0.09786	0.04349	0.01584	0.05736	0.17521	0.11569	0.03156	0.02732	0.00685
44	0.01779	0.07193	0.05826	0.14677	0.11070	0.01728	0.06250	0.19300	0.14671	0.04532	0.01648	0.03778	0.01283	0.00763	0.00689	0.00208	0.02520	0.00644	0.00481	0.00959
45	0.02459	0.03138	0.01866	0.01696	0.02035	0.74221	0.01272	0.02629	0.01866	0.01611	0.01018	0.01187	0.00848	0.00678	0.00594	0.00170	0.01187	0.00424	0.00339	0.00763
46	0.01585	0.01302	0.01458	0.01123	0.01632	0.01206	0.00898	0.14382	0.14412	0.02623	0.04272	0.01888	0.03648	0.00684	0.00571	0.00146	0.00525	0.00551	0.00508	0.46584
47	0.01554	0.01776	0.03885	0.02775	0.03441	0.01665	0.70366	0.02109	0.01554	0.02109	0.01332	0.01776	0.00999	0.00555	0.00777	0.00222	0.01110	0.00777	0.00333	0.00888
48	0.01453	0.01477	0.02222	0.01844	0.01917	0.01978	0.09034	0.01642	0.01068	0.01642	0.00916	0.01477	0.00879	0.01086	0.02008	0.00281	0.67446	0.00598	0.00293	0.00739
49	0.08784	0.03722	0.10665	0.14371	0.17029	0.07197	0.14457	0.02191	0.01511	0.11832	0.01371	0.01635	0.01014	0.00637	0.00643	0.00204	0.00857	0.00582	0.00390	0.00909
50	0.02399	0.01877	0.01912	0.01506	0.02003	0.06653	0.01228	0.58379	0.10979	0.03823	0.01672	0.01657	0.01206	0.00795	0.00656	0.00199	0.00731	0.00599	0.00639	0.01088
51	0.02704	0.01061	0.01446	0.01151	0.01608	0.00923	0.00941	0.02949	0.01818	0.64630	0.02716	0.08725	0.01937	0.00956	0.00686	0.00213	0.00547	0.03146	0.00790	0.01053
52	0.00797	0.00659	0.00699	0.00708	0.00906	0.00561	0.00524	0.00975	0.01518	0.01863	0.13577	0.12805	0.58797	0.01669	0.00784	0.00225	0.00336	0.01413	0.00624	0.00561
53	0.01636	0.03845	0.04394	0.10362	0.42122	0.05879	0.13556	0.04208	0.01556	0.02106	0.01298	0.01781	0.01077	0.00635	0.00671	0.00203	0.00867	0.02512	0.00341	0.00952
54	0.00802	0.00573	0.00764	0.00917	0.00955	0.00535	0.00611	0.00917	0.01260	0.01681	0.03628	0.76434	0.04354	0.02062	0.00840	0.00267	0.00382	0.01872	0.00611	0.00535
55	0.00786	0.00667	0.00678	0.00675	0.00894	0.00559	0.00506	0.00960	0.01519	0.01822	0.10032	0.06263	0.69099	0.01651	0.00778	0.00222	0.00332	0.01379	0.00617	0.00559
56	0.01558	0.01765	0.03823	0.02839	0.06987	0.01660	0.66870	0.02104	0.01551	0.02111	0.01327	0.01768	0.01001	0.00557	0.00771	0.00221	0.01093	0.00767	0.00333	0.00896
57	0.01907	0.02516	0.12690	0.03810	0.04550	0.35179	0.06576	0.03924	0.01580	0.01793	0.01095	0.01409	0.00909	0.00938	0.04166	0.00244	0.15068	0.00514	0.00327	0.00805
58	0.58777	0.01668	0.03099	0.01077	0.01481	0.14582	0.00886	0.04910	0.01342	0.02685	0.01002	0.01178	0.00793	0.00795	0.03259	0.00230	0.00700	0.00395	0.00400	0.00741
59	0.00802	0.00668	0.00700	0.00692	0.00904	0.00566	0.00519	0.00991	0.01557	0.01911	0.16824	0.06117	0.62253	0.01618	0.00778	0.00220	0.00330	0.01359	0.00629	0.00566
60	0.02503	0.01844	0.01976	0.01515	0.02042	0.02042	0.01251	0.70562	0.03095	0.04149	0.01581	0.01581	0.01120	0.00790	0.00659	0.00198	0.00724	0.00593	0.00659	0.01120
61	0.00932	0.00673	0.00880	0.00828	0.00984	0.00621	0.00621	0.01242	0.01863	0.02640	0.72410	0.04918	0.06212	0.01346	0.00776	0.00207	0.00311	0.01191	0.00725	0.00621
62	0.00970	0.00749	0.01115	0.01098	0.01208	0.00893	0.00859	0.01200	0.01055	0.01532	0.01710	0.02519	0.01600	0.04714	0.70002	0.01013	0.06123	0.00698	0.00349	0.00596
63	0.01629	0.01001	0.01042	0.00897	0.01168	0.01063	0.00709	0.23258	0.01920	0.02988	0.01969	0.02179	0.01509	0.00774	0.00523	0.00167	0.00438	0.00607	0.55386	0.00773
64	0.01365	0.01170	0.01365	0.00975	0.01560	0.00878	0.00780	0.01658	0.01365	0.02145	0.01170	0.01365	0.00975	0.00488	0.00488	0.00098	0.00488	0.00390	0.00390	0.80888
65	0.01440	0.01440	0.02016	0.01728	0.01728	0.02016	0.01440	0.01584	0.01008	0.01584	0.00864	0.01440	0.00864	0.01152	0.02160	0.00288	0.75659	0.00576	0.00288	0.00720
66	0.01637	0.01414	0.01489	0.01340	0.01712	0.01637	0.01042	0.03498	0.71568	0.02754	0.02679	0.02456	0.02010	0.00893	0.00670	0.00223	0.00521	0.00744	0.00670	0.01042
67	0.02927	0.01163	0.01554	0.01192	0.01702	0.01031	0.00984	0.07195	0.01956	0.69125	0.02537	0.02202	0.01599	0.00813	0.00662	0.00203	0.00570	0.00658	0.00806	0.01120
68	0.00931	0.00680	0.00878	0.00848	0.01009	0.00628	0.00649	0.01229	0.01804	0.02513	0.61214	0.05247	0.11319	0.01412	0.00788	0.00217	0.00338	0.06977	0.00705	0.00615
69	0.01760	0.77260	0.03450	0.01126	0.01690	0.02605	0.01126	0.01971	0.01338	0.01549	0.00915	0.01056	0.00845	0.00563	0.00422	0.00141	0.00704	0.00352	0.00282	0.00845
70	0.02954	0.01120	0.01528	0.01171	0.01681	0.00968	0.00968	0.03208	0.01884	0.73213	0.02597	0.02241	0.01630	0.00815	0.00662	0.00204	0.00560	0.00662	0.00815	0.01120
71	0.02788	0.01132	0.01509	0.01168	0.01654	0.01007	0.00960	0.07046	0.01954	0.64269	0.07355	0.02386	0.01916	0.00850	0.00670	0.00204	0.00553	0.00694	0.00799	0.01086
72	0.01660	0.04411	0.04876	0.11568	0.44616	0.06994	0.01773	0.07442	0.01623	0.02170	0.01548	0.01856	0.05216	0.00682	0.00647	0.00197	0.00796	0.00610	0.00363	0.00953
73	0.45671	0.15763	0.01636	0.01145	0.03153	0.16152	0.00923	0.02041	0.01334	0.02357	0.01185	0.01324	0.03779	0.00659	0.00469	0.00186	0.00680	0.00418	0.00377	0.00749
74	0.81514	0.01273	0.00968	0.00866	0.01273	0.01477	0.00713	0.01935	0.01120	0.02954	0.00917	0.01069	0.00713	0.00611	0.00407	0.00204	0.00509	0.00356	0.00407	0.00713
75	0.00919	0.00672	0.00862	0.00814	0.00975	0.00616	0.00611	0.01217	0.01832	0.02566	0.66760	0.05039	0.11908	0.01373	0.00777	0.00208	0.00313	0.01208	0.00715	0.00616
76	0.02459	0.03138	0.01866	0.01696	0.02035	0.74221	0.01272	0.02629	0.01866	0.01611	0.01018	0.01187	0.00848	0.00678	0.00594	0.00170	0.01187	0.00424	0.00339	0.00763
77	0.01855	0.69947	0.03277	0.01153	0.01704	0.05515	0.01124	0.02067	0.01390	0.05512	0.01012	0.01127	0.00888	0.00582	0.00443	0.00145	0.00716	0.00372	0.00313	0.00857
78	0.01132	0.00580	0.00869	0.00869	0.00876	0.00587	0.00587	0.00876	0.00869	0.01166	0.01180	0.02036	0.01173	0.02443	0.06802	0.76139	0.00642	0.00580	0.00290	0.00304
79	0.00812	0.00580	0.00775	0.00928	0.00970	0.00543	0.00628	0.00934	0.01270	0.01692	0.03623	0.73816	0.04333	0.02053	0.00843	0.00269	0.00390	0.04393	0.00611	0.00537
80	0.01923	0.00955	0.01243	0.01029	0.01365	0.00879	0.00819	0.07405	0.01967	0.33153	0.36908	0.03509	0.03848	0.01075	0.00718	0.00205	0.00450	0.00917	0.00758	0.00874
81	0.03427	0.04164	0.06358	0.05736	0.11051	0.11056	0.05340	0.11034	0.01603	0.02109	0.01713	0.14596	0.01658	0.03390	0.09759	0.00327	0.04660	0.00802	0.00421	0.00796
82	0.46376	0.01411	0.01297	0.01083	0.01517	0.01585	0.00887	0.22539	0.05574	0.05379	0.01602	0.01644	0.05167	0.00749	0.00526	0.00204	0.00565	0.00518	0.00521	0.00856
83	0.00832	0.00589	0.00763	0.00893	0.00955	0.00549	0.00611	0.00971	0.01306	0.01759	0.05633	0.64291	0.08657	0.01948	0.00818	0.00258	0.00380	0.03792	0.04450	0.00544
84	0.07451	0.01183	0.01255	0.01110	0.01378	0.09453	0.04545	0.01861	0.11763	0.04409	0.38570	0.03686	0.08500	0.01111	0.00709	0.00206	0.00510	0.00950	0.00622	0.00729
85	0.24949	0.08274	0.01877	0.05794	0.04630	0.10284	0.05871	0.09474	0.01605	0.12432	0.01298	0.01443	0.00973	0.00686	0.00643	0.00196	0.04863	0.00497	0.00450	0.03761
86	0.21700	0.18829	0.08542	0.01378	0.06138	0.08201	0.01152	0.03765	0.01353	0.05485	0.01213	0.01576	0.01040	0.06253	0.06664	0.00289	0.04769	0.00490	0.00371	0.00792

[dist]
# distance from previous block
# <min> <max>
0	5

[block]
# block no. 2 follows, 33 sequences, length 9
# corresponding to MSA columns:
# 148-156
name=unknown_C
#
# <colnr> <probs for GDERKNQSTAVLIFYWHMCP>
#	G	D	E	R	K	N	Q	S	T	A	V	L	I	F	Y	W	H	M	C	P
0	0.00852	0.00672	0.00782	0.00761	0.00949	0.00602	0.00573	0.01081	0.01610	0.02101	0.32371	0.05481	0.40681	0.01794	0.06495	0.00281	0.00436	0.01257	0.00636	0.00584
1	0.03928	0.07191	0.13364	0.01768	0.10552	0.01474	0.07105	0.08375	0.12331	0.15342	0.10055	0.02165	0.01849	0.00784	0.00655	0.00203	0.00687	0.00672	0.00535	0.00967
2	0.02100	0.04324	0.01990	0.01915	0.15934	0.01736	0.01308	0.37193	0.10265	0.07654	0.01837	0.07537	0.01479	0.00854	0.00664	0.00204	0.00675	0.00704	0.00586	0.01040
3	0.02145	0.01986	0.01681	0.01544	0.05903	0.27273	0.01148	0.23161	0.02133	0.07034	0.01961	0.02229	0.06660	0.00858	0.00640	0.00191	0.00809	0.04137	0.07632	0.00874
4	0.01214	0.05600	0.08981	0.06073	0.08812	0.01162	0.01147	0.01804	0.12244	0.02232	0.25783	0.03114	0.05280	0.01587	0.11765	0.00334	0.00737	0.00835	0.00517	0.00777
5	0.02340	0.01336	0.01567	0.01239	0.01698	0.01350	0.01008	0.25143	0.10140	0.30002	0.06719	0.02189	0.01772	0.00830	0.00648	0.00196	0.00575	0.00666	0.05365	0.05215
6	0.00783	0.00649	0.00685	0.00714	0.00901	0.00552	0.00521	0.00940	0.01456	0.01760	0.06101	0.19424	0.59769	0.01741	0.00790	0.00231	0.00343	0.01479	0.00611	0.00552
7	0.01320	0.03405	0.73453	0.01876	0.02849	0.01529	0.02432	0.02085	0.01390	0.02085	0.01181	0.01390	0.00834	0.00625	0.00625	0.00208	0.00973	0.00486	0.00278	0.00973
8	0.01826	0.01525	0.02132	0.15573	0.07620	0.01620	0.10863	0.23297	0.12507	0.04873	0.01593	0.01770	0.01185	0.00700	0.00656	0.00197	0.00748	0.00618	0.00497	0.10201

[dist]
# distance from previous block
# <min> <max>
1	8

[block]
# block no. 3 follows, 33 sequences, length 17
# corresponding to MSA columns:
# 165-181
name=unknown_D
#
# <colnr> <probs for GDERKNQSTAVLIFYWHMCP>
#	G	D	E	R	K	N	Q	S	T	A	V	L	I	F	Y	W	H	M	C	P
0	0.10280	0.10578	0.04035	0.03398	0.04572	0.14345	0.13882	0.10224	0.08206	0.09849	0.01449	0.01582	0.01090	0.00692	0.00660	0.00198	0.03037	0.00563	0.00452	0.00907
1	0.43215	0.05668	0.09601	0.01098	0.01570	0.03559	0.01007	0.02191	0.04600	0.13705	0.03962	0.01562	0.01183	0.00863	0.03556	0.00236	0.00646	0.00484	0.00469	0.00822
2	0.01417	0.10433	0.43652	0.01541	0.02342	0.03930	0.01797	0.01972	0.01394	0.02030	0.01145	0.01341	0.00875	0.00582	0.00565	0.00169	0.00817	0.00444	0.00312	0.23243
3	0.04893	0.10704	0.16634	0.03555	0.03657	0.05077	0.07899	0.04501	0.09357	0.06810	0.01734	0.12002	0.01540	0.00911	0.00787	0.00216	0.07686	0.00740	0.00434	0.00863
4	0.01738	0.28689	0.13601	0.01647	0.10905	0.06993	0.01390	0.05821	0.01551	0.06363	0.01462	0.01782	0.02873	0.00698	0.00561	0.00174	0.00742	0.03632	0.02719	0.06661
5	0.06325	0.18653	0.20783	0.01420	0.01955	0.06585	0.01425	0.06524	0.04792	0.02054	0.01208	0.01503	0.01007	0.03949	0.02760	0.00230	0.09717	0.00491	0.00353	0.08265
6	0.01429	0.02300	0.37494	0.07550	0.04861	0.04311	0.01759	0.04007	0.04077	0.06952	0.02125	0.08693	0.07975	0.00911	0.00673	0.00216	0.00794	0.02578	0.00415	0.00877
7	0.00949	0.00732	0.00875	0.00844	0.01026	0.00692	0.00630	0.01353	0.08182	0.02364	0.44457	0.10780	0.21773	0.01440	0.00772	0.00217	0.00341	0.01252	0.00683	0.00637
8	0.81514	0.01273	0.00968	0.00866	0.01273	0.01477	0.00713	0.01935	0.01120	0.02954	0.00917	0.01069	0.00713	0.00611	0.00407	0.00204	0.00509	0.00356	0.00407	0.00713
9	0.00942	0.00700	0.01031	0.01031	0.01139	0.00808	0.00789	0.01158	0.01050	0.01508	0.01788	0.02725	0.01706	0.10717	0.68558	0.01024	0.01673	0.00726	0.00356	0.00573
10	0.81514	0.01273	0.00968	0.00866	0.01273	0.01477	0.00713	0.01935	0.01120	0.02954	0.00917	0.01069	0.00713	0.00611	0.00407	0.00204	0.00509	0.00356	0.00407	0.00713
11	0.01243	0.01170	0.01975	0.75282	0.04534	0.01463	0.01828	0.01682	0.01316	0.01682	0.01170	0.01755	0.00878	0.00658	0.00658	0.00219	0.00878	0.00585	0.00293	0.00731
12	0.00891	0.00636	0.00839	0.00880	0.00958	0.00628	0.00612	0.01060	0.01338	0.01847	0.22164	0.30520	0.04043	0.16088	0.13981	0.00455	0.00648	0.01313	0.00559	0.00543
13	0.00934	0.00670	0.00865	0.00818	0.00959	0.00623	0.00601	0.01216	0.01780	0.02514	0.65896	0.04861	0.05858	0.08339	0.01015	0.00247	0.00341	0.01169	0.00695	0.00601
14	0.01595	0.04012	0.19929	0.06513	0.26037	0.01644	0.05003	0.07518	0.14822	0.02343	0.01506	0.01717	0.01159	0.00685	0.00686	0.00207	0.02635	0.00594	0.00401	0.00994
15	0.00855	0.00595	0.00748	0.00848	0.00873	0.00570	0.00538	0.00931	0.01156	0.01542	0.03094	0.51648	0.03680	0.27768	0.01703	0.00395	0.00470	0.01557	0.00538	0.00488
16	0.06454	0.08955	0.04668	0.09100	0.09626	0.21989	0.03680	0.04035	0.08859	0.08724	0.01532	0.01685	0.02925	0.00732	0.00681	0.00196	0.04316	0.00553	0.00421	0.00870

[dist]
# distance from previous block
# <min> <max>
0	1

[block]
# block no. 4 follows, 33 sequences, length 27
# corresponding to MSA columns:
# 183-209
name=unknown_E
#
# <colnr> <probs for GDERKNQSTAVLIFYWHMCP>
#	G	D	E	R	K	N	Q	S	T	A	V	L	I	F	Y	W	H	M	C	P
0	0.01803	0.04662	0.15217	0.05251	0.26664	0.07774	0.08069	0.08317	0.06289	0.07481	0.01429	0.01642	0.01085	0.00655	0.00648	0.00200	0.00843	0.00580	0.00404	0.00986
1	0.08360	0.08710	0.06588	0.01334	0.04301	0.01419	0.03291	0.11690	0.07596	0.08943	0.01468	0.01578	0.01125	0.00773	0.02986	0.00191	0.00657	0.00503	0.00468	0.28016
2	0.00963	0.00749	0.00892	0.00929	0.01081	0.00737	0.00675	0.01407	0.12597	0.02057	0.16791	0.35591	0.17506	0.01659	0.00792	0.00242	0.00389	0.03664	0.00641	0.00638
3	0.02008	0.04174	0.01923	0.01622	0.07768	0.04543	0.02978	0.32708	0.16457	0.03117	0.01655	0.01698	0.01247	0.00724	0.00624	0.00183	0.00674	0.00578	0.00554	0.14764
4	0.00994	0.00628	0.00821	0.00914	0.00998	0.00579	0.00622	0.01115	0.01304	0.07733	0.03572	0.62184	0.07020	0.06951	0.00991	0.00285	0.00412	0.01686	0.00614	0.00576
5	0.01996	0.04109	0.05191	0.08181	0.12926	0.04668	0.10656	0.19493	0.01948	0.14960	0.01750	0.08059	0.01403	0.00810	0.00677	0.00207	0.00770	0.00717	0.00515	0.00964
6	0.01856	0.15806	0.13634	0.01704	0.02301	0.01741	0.17451	0.15163	0.06293	0.10474	0.03429	0.04334	0.01356	0.00736	0.00648	0.00200	0.00795	0.00652	0.00472	0.00954
7	0.00821	0.00658	0.00736	0.00758	0.00939	0.00573	0.00565	0.01010	0.01523	0.01910	0.16473	0.16730	0.48141	0.01684	0.00794	0.00231	0.00351	0.04908	0.00629	0.00566
8	0.00825	0.00665	0.00735	0.00726	0.00920	0.00574	0.00541	0.01032	0.01598	0.02031	0.26170	0.08983	0.49710	0.01589	0.00780	0.00220	0.00329	0.01351	0.00645	0.00574
9	0.05380	0.06872	0.14619	0.01989	0.11153	0.07407	0.10963	0.10018	0.05773	0.08916	0.03203	0.01678	0.01193	0.00725	0.00768	0.00207	0.07180	0.00588	0.00431	0.00938
10	0.02230	0.02457	0.01913	0.07894	0.02223	0.43354	0.03018	0.17856	0.02053	0.02251	0.04373	0.01519	0.01158	0.00750	0.00695	0.00188	0.04283	0.00526	0.00423	0.00836
11	0.00858	0.00644	0.00795	0.00812	0.00952	0.00581	0.00588	0.01079	0.01608	0.02162	0.37107	0.24737	0.22427	0.01622	0.00794	0.00227	0.00336	0.01426	0.00665	0.00581
12	0.01624	0.01578	0.02753	0.03956	0.68113	0.01571	0.06600	0.02026	0.01503	0.02148	0.01245	0.01639	0.01040	0.00584	0.00660	0.00197	0.00804	0.00599	0.00326	0.01032
13	0.01727	0.04291	0.11891	0.12356	0.22619	0.08359	0.04304	0.02264	0.07728	0.10183	0.04033	0.01847	0.01323	0.00695	0.00641	0.00200	0.00788	0.00602	0.03219	0.00930
14	0.02357	0.01680	0.01701	0.01386	0.01831	0.10446	0.01111	0.31471	0.12807	0.19713	0.03737	0.05356	0.01613	0.00870	0.00664	0.00203	0.00686	0.00685	0.00657	0.01025
15	0.00852	0.00619	0.00810	0.00949	0.01008	0.00595	0.00651	0.01054	0.04437	0.01742	0.03579	0.69918	0.04222	0.01999	0.00836	0.00267	0.00399	0.04889	0.00614	0.00561
16	0.50663	0.04001	0.01576	0.08510	0.10052	0.08127	0.04654	0.01994	0.01280	0.02528	0.01009	0.01247	0.00798	0.00614	0.00496	0.00200	0.00675	0.00433	0.00373	0.00771
17	0.00818	0.00639	0.00741	0.00777	0.00929	0.00563	0.00559	0.00998	0.01503	0.01928	0.19462	0.27555	0.37739	0.01721	0.00797	0.00233	0.00344	0.01496	0.00635	0.00563
18	0.01765	0.08704	0.11474	0.02002	0.13698	0.04385	0.12290	0.11870	0.01715	0.06426	0.01320	0.01522	0.01013	0.00608	0.00610	0.00174	0.00780	0.00538	0.00407	0.18697
19	0.01601	0.01641	0.01805	0.01581	0.01699	0.14321	0.01275	0.04518	0.06000	0.01752	0.01180	0.01691	0.01085	0.03954	0.09686	0.00356	0.44181	0.00589	0.00348	0.00740
20	0.01035	0.00667	0.00841	0.00840	0.00992	0.00610	0.00613	0.01266	0.01601	0.06964	0.33419	0.25963	0.12929	0.01513	0.00761	0.00222	0.00351	0.01332	0.07460	0.00620
21	0.01512	0.01689	0.03645	0.02642	0.03264	0.01588	0.64480	0.02046	0.01551	0.02097	0.01515	0.02256	0.01236	0.00662	0.00788	0.00229	0.01067	0.06514	0.00356	0.00864
22	0.00913	0.00667	0.00811	0.00794	0.00960	0.00606	0.00598	0.01177	0.01697	0.02337	0.44938	0.08400	0.22510	0.01441	0.00764	0.00214	0.00332	0.04174	0.06066	0.00600
23	0.02739	0.01370	0.01671	0.01291	0.01799	0.01350	0.01063	0.25023	0.05897	0.47199	0.02272	0.02038	0.01484	0.00811	0.00661	0.00203	0.00611	0.00644	0.00757	0.01116
24	0.01801	0.01359	0.01491	0.01262	0.01619	0.01474	0.00995	0.36955	0.12501	0.03171	0.07284	0.17833	0.07048	0.01166	0.00714	0.00218	0.00569	0.00975	0.00652	0.00915
25	0.03304	0.01580	0.01694	0.01879	0.18012	0.16329	0.01192	0.04529	0.01578	0.07248	0.01781	0.15136	0.01710	0.00929	0.00677	0.00190	0.02273	0.02979	0.00451	0.16530
26	0.05212	0.10715	0.05048	0.01462	0.04841	0.14329	0.05746	0.04414	0.06318	0.07518	0.04816	0.03348	0.01549	0.08162	0.08519	0.00319	0.02214	0.00632	0.00433	0.04404

[dist]
# distance from previous block
# <min> <max>
0	4

[block]
# block no. 5 follows, 33 sequences, length 25
# corresponding to MSA columns:
# 214-238
name=unknown_F
#
# <colnr> <probs for GDERKNQSTAVLIFYWHMCP>
#	G	D	E	R	K	N	Q	S	T	A	V	L	I	F	Y	W	H	M	C	P
0	0.04522	0.17259	0.07938	0.01427	0.03945	0.08504	0.03021	0.04457	0.19527	0.08867	0.01861	0.02003	0.03398	0.00777	0.00634	0.00192	0.02399	0.02738	0.00481	0.06048
1	0.01351	0.01126	0.01159	0.01102	0.01275	0.10311	0.00806	0.06986	0.01431	0.03730	0.02354	0.30909	0.04282	0.04507	0.03387	0.11946	0.04594	0.01087	0.00487	0.07168
2	0.04309	0.18984	0.06255	0.01730	0.10551	0.07599	0.04947	0.14392	0.03635	0.11640	0.01512	0.04163	0.01223	0.03009	0.00731	0.00204	0.03138	0.00588	0.00460	0.00931
3	0.01812	0.13317	0.06104	0.04106	0.09851	0.10204	0.10995	0.10357	0.05594	0.05690	0.01401	0.03664	0.01152	0.00892	0.03155	0.00232	0.09570	0.00605	0.00406	0.00893
4	0.01298	0.01167	0.01586	0.01542	0.07251	0.01419	0.01127	0.03709	0.04422	0.01812	0.04019	0.08611	0.05866	0.08789	0.07712	0.00355	0.33415	0.00800	0.00402	0.04698
5	0.01471	0.01524	0.06215	0.03823	0.18550	0.09693	0.04766	0.05389	0.01585	0.02073	0.02180	0.10576	0.04658	0.01071	0.00717	0.00219	0.00732	0.16102	0.00451	0.08205
6	0.00824	0.00669	0.00731	0.00715	0.00917	0.00575	0.00536	0.01034	0.01609	0.02036	0.26322	0.05912	0.52677	0.01571	0.00778	0.00218	0.00327	0.01330	0.00645	0.00575
7	0.01733	0.01642	0.02642	0.12659	0.31715	0.03753	0.16336	0.13632	0.04957	0.02428	0.01366	0.01694	0.01063	0.00640	0.00680	0.00205	0.00855	0.00630	0.00395	0.00973
8	0.01901	0.01662	0.02123	0.05147	0.25562	0.07283	0.04603	0.14210	0.21457	0.06602	0.01762	0.01864	0.01337	0.00728	0.00660	0.00204	0.00737	0.00632	0.00507	0.01019
9	0.01194	0.00738	0.00923	0.00839	0.01064	0.00656	0.00643	0.01461	0.01776	0.12921	0.45636	0.04873	0.22055	0.01347	0.00760	0.00210	0.00353	0.01162	0.00710	0.00679
10	0.02936	0.01148	0.01545	0.01184	0.01694	0.01009	0.00978	0.05775	0.01930	0.70581	0.02558	0.02216	0.01610	0.00814	0.00662	0.00203	0.00566	0.00659	0.00809	0.01120
11	0.00823	0.00596	0.00778	0.00886	0.00956	0.00551	0.00606	0.00974	0.01379	0.01852	0.15659	0.59692	0.08982	0.01914	0.00825	0.00254	0.00367	0.01724	0.00631	0.00551
12	0.01227	0.00614	0.00614	0.00614	0.00767	0.00614	0.00460	0.01534	0.01381	0.02454	0.02148	0.02454	0.01687	0.00767	0.00460	0.00153	0.00307	0.00614	0.80518	0.00614
13	0.02954	0.01120	0.01528	0.01171	0.01681	0.00968	0.00968	0.03208	0.01884	0.73213	0.02597	0.02241	0.01630	0.00815	0.00662	0.00204	0.00560	0.00662	0.00815	0.01120
14	0.81514	0.01273	0.00968	0.00866	0.01273	0.01477	0.00713	0.01935	0.01120	0.02954	0.00917	0.01069	0.00713	0.00611	0.00407	0.00204	0.00509	0.00356	0.00407	0.00713
15	0.02503	0.01844	0.01976	0.01515	0.02042	0.02042	0.01251	0.70562	0.03095	0.04149	0.01581	0.01581	0.01120	0.00790	0.00659	0.00198	0.00724	0.00593	0.00659	0.01120
16	0.81514	0.01273	0.00968	0.00866	0.01273	0.01477	0.00713	0.01935	0.01120	0.02954	0.00917	0.01069	0.00713	0.00611	0.00407	0.00204	0.00509	0.00356	0.00407	0.00713
17	0.02528	0.01803	0.01950	0.01495	0.02021	0.01981	0.01235	0.66768	0.03027	0.08040	0.01638	0.01618	0.01148	0.00792	0.00659	0.00198	0.00715	0.00597	0.00667	0.01120
18	0.71109	0.01348	0.01100	0.00951	0.01374	0.01551	0.00784	0.10973	0.01380	0.03111	0.01004	0.01137	0.00767	0.00635	0.00440	0.00203	0.00538	0.00388	0.00440	0.00767
19	0.00924	0.00673	0.00869	0.00820	0.00979	0.00618	0.00615	0.01227	0.01844	0.02594	0.68926	0.04993	0.09724	0.01363	0.00777	0.00208	0.00312	0.01201	0.00719	0.00618
20	0.00957	0.00638	0.00718	0.00718	0.00718	0.00638	0.00399	0.00957	0.00957	0.01276	0.02074	0.04308	0.02393	0.76864	0.03351	0.00638	0.00638	0.00957	0.00399	0.00399
21	0.01584	0.01517	0.02589	0.12496	0.64660	0.01552	0.01998	0.01980	0.01477	0.02095	0.01230	0.01644	0.01023	0.00595	0.00653	0.00198	0.00793	0.00586	0.00322	0.01006
22	0.11749	0.02027	0.08305	0.01692	0.04408	0.14693	0.09288	0.23708	0.02049	0.11499	0.01430	0.01533	0.01036	0.00714	0.00671	0.00200	0.02993	0.00554	0.00498	0.00953
23	0.00824	0.00595	0.00782	0.00910	0.00973	0.00553	0.00627	0.00966	0.01335	0.01780	0.09622	0.63717	0.07882	0.01971	0.00835	0.00262	0.00384	0.04816	0.00621	0.00546
24	0.03889	0.01552	0.02129	0.19953	0.25759	0.03806	0.01605	0.19560	0.04100	0.02555	0.01324	0.01625	0.01029	0.00686	0.00696	0.00201	0.03604	0.00572	0.00419	0.04937

[dist]
# distance from previous block
# <min> <max>
0	4

[block]
# block no. 6 follows, 33 sequences, length 48
# corresponding to MSA columns:
# 243-290
name=unknown_G
#
# <colnr> <probs for GDERKNQSTAVLIFYWHMCP>
#	G	D	E	R	K	N	Q	S	T	A	V	L	I	F	Y	W	H	M	C	P
0	0.03683	0.14025	0.41507	0.01903	0.02695	0.04993	0.16056	0.04009	0.01478	0.02069	0.01169	0.01407	0.00875	0.00608	0.00620	0.00199	0.00951	0.00523	0.00307	0.00924
1	0.01803	0.51384	0.10657	0.01373	0.05027	0.02230	0.01296	0.07260	0.03979	0.05353	0.01160	0.01274	0.00956	0.00609	0.00495	0.00159	0.00718	0.00425	0.00355	0.03485
2	0.01016	0.00739	0.00922	0.00832	0.01053	0.00650	0.00632	0.01304	0.01761	0.04531	0.53681	0.04652	0.14619	0.01282	0.00742	0.00197	0.00340	0.01116	0.00676	0.09255
3	0.01750	0.73744	0.03470	0.01203	0.01771	0.02561	0.04351	0.01978	0.01348	0.01575	0.00935	0.01090	0.00852	0.00563	0.00439	0.00145	0.00723	0.00372	0.00284	0.00847
4	0.00832	0.00592	0.00777	0.00890	0.00942	0.00554	0.00597	0.00965	0.01323	0.01786	0.13196	0.61152	0.04474	0.07373	0.01013	0.00286	0.00390	0.01710	0.00612	0.00537
5	0.00934	0.00698	0.01009	0.01009	0.01121	0.00794	0.00770	0.01145	0.01070	0.01518	0.02028	0.02921	0.05135	0.11185	0.64391	0.00980	0.01594	0.00761	0.00369	0.00569
6	0.00917	0.00672	0.00957	0.00983	0.01073	0.00741	0.00726	0.01104	0.01111	0.01565	0.04626	0.16396	0.02392	0.12963	0.49677	0.00833	0.01324	0.00966	0.00419	0.00556
7	0.01672	0.01431	0.01508	0.01347	0.01725	0.01654	0.01050	0.06177	0.68833	0.02810	0.02636	0.02421	0.01974	0.00889	0.00669	0.00222	0.00529	0.00738	0.00669	0.01045
8	0.81514	0.01273	0.00968	0.00866	0.01273	0.01477	0.00713	0.01935	0.01120	0.02954	0.00917	0.01069	0.00713	0.00611	0.00407	0.00204	0.00509	0.00356	0.00407	0.00713
9	0.01320	0.03405	0.73453	0.01876	0.02849	0.01529	0.02432	0.02085	0.01390	0.02085	0.01181	0.01390	0.00834	0.00625	0.00625	0.00208	0.00973	0.00486	0.00278	0.00973
10	0.00866	0.00619	0.00837	0.00990	0.01056	0.00590	0.00722	0.01027	0.01323	0.01752	0.03593	0.59371	0.04214	0.02002	0.00857	0.00276	0.00437	0.18303	0.00610	0.00552
11	0.05659	0.01821	0.01935	0.01489	0.02011	0.02019	0.01230	0.67821	0.03016	0.04101	0.01554	0.01560	0.01103	0.00783	0.00649	0.00198	0.00716	0.00583	0.00649	0.01103
12	0.01440	0.01440	0.02016	0.01728	0.01728	0.02016	0.01440	0.01584	0.01008	0.01584	0.00864	0.01440	0.00864	0.01152	0.02160	0.00288	0.75659	0.00576	0.00288	0.00720
13	0.01440	0.01440	0.02016	0.01728	0.01728	0.02016	0.01440	0.01584	0.01008	0.01584	0.00864	0.01440	0.00864	0.01152	0.02160	0.00288	0.75659	0.00576	0.00288	0.00720
14	0.01342	0.06973	0.70071	0.01840	0.02793	0.01581	0.02369	0.02079	0.01387	0.02059	0.01169	0.01374	0.00834	0.00622	0.00616	0.00205	0.00960	0.00480	0.00278	0.00967
15	0.00857	0.00661	0.00783	0.00771	0.00943	0.00587	0.00571	0.01091	0.01660	0.02201	0.39315	0.12225	0.32873	0.01543	0.00783	0.00219	0.00327	0.01335	0.00668	0.00587
16	0.00802	0.00573	0.00764	0.00917	0.00955	0.00535	0.00611	0.00917	0.01260	0.01681	0.03628	0.76434	0.04354	0.02062	0.00840	0.00267	0.00382	0.01872	0.00611	0.00535
17	0.01500	0.01302	0.02183	0.45363	0.27845	0.01462	0.01832	0.01909	0.01420	0.07018	0.01297	0.01747	0.00989	0.00645	0.00656	0.00210	0.00822	0.00591	0.00342	0.00867
18	0.00914	0.00653	0.00922	0.00976	0.01062	0.00693	0.00719	0.01062	0.01142	0.01567	0.02596	0.25372	0.05740	0.06416	0.36554	0.07119	0.01084	0.04420	0.00452	0.00539
19	0.01535	0.01448	0.02453	0.18498	0.56116	0.01508	0.01923	0.01933	0.01457	0.02066	0.01258	0.01686	0.01033	0.00608	0.00646	0.00199	0.00784	0.00587	0.03298	0.00963
20	0.01320	0.03405	0.73453	0.01876	0.02849	0.01529	0.02432	0.02085	0.01390	0.02085	0.01181	0.01390	0.00834	0.00625	0.00625	0.00208	0.00973	0.00486	0.00278	0.00973
21	0.01438	0.03557	0.04106	0.06644	0.01793	0.01123	0.02758	0.13307	0.01752	0.06198	0.02742	0.13088	0.02799	0.01418	0.00798	0.00259	0.00646	0.34247	0.00575	0.00751
22	0.81514	0.01273	0.00968	0.00866	0.01273	0.01477	0.00713	0.01935	0.01120	0.02954	0.00917	0.01069	0.00713	0.00611	0.00407	0.00204	0.00509	0.00356	0.00407	0.00713
23	0.01653	0.01610	0.02649	0.03973	0.70713	0.03664	0.01999	0.02038	0.01510	0.02135	0.01232	0.01617	0.01037	0.00589	0.00650	0.00195	0.00794	0.00582	0.00326	0.01035
24	0.04565	0.01107	0.01349	0.01102	0.01512	0.01066	0.00888	0.07125	0.12245	0.39713	0.08679	0.02747	0.07360	0.00925	0.00659	0.00204	0.00507	0.00757	0.06514	0.00975
25	0.01037	0.00690	0.00896	0.00833	0.01004	0.00636	0.00629	0.01345	0.01841	0.05798	0.65815	0.04676	0.05783	0.01294	0.00756	0.00204	0.00322	0.01138	0.04660	0.00643
