[name]
unknown

[dist]
# distance from previous block
# <min> <max>
14	69

[block]
# block no. 0 follows, 34 sequences, length 18
# corresponding to MSA columns:
# 75-92
name=unknown_A
#
# <colnr> <probs for GDERKNQSTAVLIFYWHMCP>
#	G	D	E	R	K	N	Q	S	T	A	V	L	I	F	Y	W	H	M	C	P
0	0.01626	0.08280	0.06502	0.04645	0.06615	0.06285	0.01147	0.14961	0.08275	0.04410	0.04032	0.10008	0.03900	0.00922	0.00632	0.00193	0.00636	0.04043	0.04767	0.08120
1	0.05564	0.13264	0.07624	0.01150	0.01558	0.01395	0.01012	0.12809	0.10347	0.11400	0.06063	0.12562	0.08900	0.02645	0.00695	0.00212	0.00567	0.00836	0.00553	0.00844
2	0.01479	0.08772	0.01521	0.02508	0.01505	0.07624	0.03184	0.07324	0.07558	0.06880	0.08784	0.20658	0.07451	0.01153	0.00726	0.00205	0.03426	0.00969	0.02176	0.06099
3	0.08374	0.11116	0.11670	0.08711	0.04881	0.07239	0.07778	0.07086	0.04486	0.07315	0.06178	0.01710	0.01335	0.00675	0.00590	0.00183	0.00740	0.00553	0.00418	0.08963
4	0.06702	0.12460	0.13196	0.01332	0.03689	0.01346	0.04838	0.04720	0.05288	0.03360	0.10835	0.12615	0.04243	0.01162	0.03524	0.02487	0.03766	0.00804	0.00450	0.03181
5	0.08089	0.01274	0.03797	0.09517	0.06770	0.03410	0.09014	0.10043	0.01649	0.04482	0.14880	0.08299	0.06573	0.02395	0.02443	0.00233	0.02292	0.00829	0.00490	0.03522
6	0.01699	0.72710	0.08104	0.01155	0.01734	0.02486	0.01191	0.01942	0.01316	0.01555	0.00916	0.01058	0.00828	0.00557	0.00428	0.00143	0.00709	0.00354	0.00276	0.00838
7	0.07100	0.52085	0.04620	0.01143	0.01669	0.02188	0.01085	0.10060	0.03615	0.02002	0.01142	0.03825	0.01015	0.00640	0.00472	0.00155	0.00658	0.00443	0.00357	0.05727
8	0.81856	0.01250	0.00950	0.00850	0.01250	0.01449	0.00700	0.01899	0.01100	0.02899	0.00900	0.01050	0.00700	0.00600	0.00400	0.00200	0.00500	0.00350	0.00400	0.00700
9	0.01666	0.01633	0.02394	0.09447	0.54435	0.08521	0.01823	0.05356	0.01568	0.02111	0.01293	0.01791	0.01102	0.00648	0.00645	0.00196	0.00804	0.03264	0.00345	0.00959
10	0.01545	0.01416	0.04857	0.04634	0.06909	0.01503	0.09410	0.04923	0.23099	0.06624	0.06605	0.02438	0.04837	0.00925	0.00961	0.00228	0.14952	0.02756	0.00501	0.00878
11	0.00839	0.00603	0.00783	0.00876	0.00949	0.00565	0.00610	0.00995	0.01357	0.01824	0.16967	0.49390	0.07733	0.07603	0.01002	0.00279	0.00393	0.06092	0.00605	0.00537
12	0.00787	0.00562	0.00750	0.00900	0.00937	0.00525	0.00600	0.00900	0.01237	0.01649	0.03561	0.76871	0.04274	0.02024	0.00825	0.00262	0.00375	0.01837	0.00600	0.00525
13	0.00923	0.00692	0.01038	0.01038	0.01154	0.00808	0.00808	0.01154	0.01038	0.01500	0.01731	0.02538	0.01615	0.04846	0.74732	0.01038	0.01731	0.00692	0.00346	0.00577
14	0.07422	0.04857	0.01564	0.04145	0.01736	0.01076	0.04254	0.01804	0.03769	0.04851	0.01229	0.01408	0.00988	0.00527	0.00503	0.00125	0.00540	0.00427	0.00398	0.58376
15	0.04493	0.21150	0.10167	0.01470	0.01925	0.28467	0.03245	0.07727	0.01645	0.04043	0.01254	0.06302	0.01105	0.00748	0.00625	0.00180	0.03734	0.00534	0.00369	0.00816
16	0.01255	0.00765	0.00931	0.00862	0.01083	0.00696	0.00648	0.04435	0.01641	0.14261	0.23713	0.16508	0.24104	0.05055	0.00870	0.00237	0.00398	0.01211	0.00657	0.00671
17	0.13403	0.01505	0.03888	0.03508	0.04350	0.01536	0.03908	0.30616	0.04385	0.18348	0.01798	0.02066	0.01343	0.00807	0.00634	0.00206	0.00661	0.05463	0.00596	0.00978

[dist]
# distance from previous block
# <min> <max>
0	1

[block]
# block no. 1 follows, 34 sequences, length 24
# corresponding to MSA columns:
# 94-117
name=unknown_B
#
# <colnr> <probs for GDERKNQSTAVLIFYWHMCP>
#	G	D	E	R	K	N	Q	S	T	A	V	L	I	F	Y	W	H	M	C	P
0	0.04869	0.09366	0.01888	0.07071	0.07310	0.23176	0.01211	0.08495	0.14504	0.10978	0.01627	0.03962	0.01275	0.00751	0.00603	0.00189	0.00785	0.00575	0.00477	0.00890
1	0.04515	0.01578	0.01823	0.08770	0.07498	0.14231	0.06400	0.11262	0.01652	0.02152	0.06085	0.05682	0.03698	0.01050	0.02363	0.00238	0.12596	0.07202	0.00433	0.00773
2	0.07123	0.00844	0.00926	0.00878	0.00997	0.00891	0.00590	0.09744	0.04374	0.01851	0.02128	0.14047	0.02310	0.45402	0.04801	0.00486	0.00625	0.00964	0.00464	0.00555
3	0.01291	0.01092	0.01278	0.00943	0.01461	0.00832	0.00740	0.01556	0.01316	0.02042	0.01324	0.05735	0.01206	0.03953	0.00622	0.00129	0.00479	0.00490	0.00395	0.73116
4	0.00930	0.00638	0.00778	0.00821	0.00862	0.00628	0.00544	0.01018	0.01140	0.01523	0.07745	0.16131	0.03147	0.47776	0.02332	0.00485	0.00558	0.12001	0.00480	0.00461
5	0.01599	0.01535	0.02623	0.03966	0.73262	0.01535	0.01983	0.01983	0.01471	0.02111	0.01215	0.01599	0.01023	0.00576	0.00640	0.00192	0.00768	0.00576	0.00320	0.01023
6	0.01607	0.01388	0.01461	0.01315	0.01680	0.01607	0.01023	0.03433	0.72094	0.02703	0.02630	0.02411	0.01972	0.00877	0.00657	0.00219	0.00511	0.00731	0.00657	0.01023
7	0.02288	0.01399	0.01589	0.01248	0.01703	0.01453	0.01019	0.36436	0.06337	0.22647	0.04420	0.02093	0.03722	0.00821	0.00634	0.00191	0.00590	0.00648	0.07248	0.03512
8	0.01633	0.54864	0.22581	0.01325	0.01980	0.04723	0.01460	0.01987	0.01345	0.01666	0.00973	0.01130	0.00826	0.00573	0.00475	0.00157	0.00779	0.00384	0.00277	0.00861
9	0.01220	0.01148	0.01938	0.75739	0.04450	0.01436	0.01794	0.01651	0.01292	0.01651	0.01148	0.01723	0.00861	0.00646	0.00646	0.00215	0.00861	0.00574	0.00287	0.00718
10	0.00782	0.00582	0.00729	0.00847	0.00923	0.00529	0.00576	0.00906	0.01288	0.01670	0.04201	0.61732	0.19000	0.01941	0.00812	0.00253	0.00365	0.01735	0.00600	0.00529
11	0.00806	0.00600	0.00754	0.00856	0.00947	0.00548	0.00601	0.00954	0.01347	0.01757	0.09464	0.52305	0.19293	0.01874	0.00810	0.00250	0.00371	0.05318	0.00608	0.00540
12	0.06053	0.70766	0.05887	0.01119	0.01679	0.02457	0.01131	0.01937	0.01303	0.01615	0.00908	0.01049	0.00822	0.00558	0.00421	0.00144	0.00690	0.00351	0.00283	0.00827
13	0.01672	0.68177	0.12407	0.01200	0.01804	0.02422	0.01269	0.01949	0.01319	0.01587	0.00932	0.01078	0.00828	0.00561	0.00440	0.00147	0.00725	0.00362	0.00276	0.00845
14	0.00790	0.00647	0.00697	0.00702	0.00893	0.00554	0.00520	0.00972	0.01509	0.01874	0.17004	0.12242	0.56113	0.01620	0.00769	0.00220	0.00328	0.01374	0.00618	0.00554
15	0.01068	0.00902	0.01378	0.15799	0.15756	0.00930	0.01130	0.01343	0.01422	0.01913	0.13253	0.25372	0.08596	0.01321	0.00746	0.00230	0.00550	0.07109	0.00502	0.00680
16	0.01248	0.00855	0.01006	0.02619	0.01171	0.00921	0.00731	0.06911	0.05334	0.04153	0.09750	0.11514	0.11259	0.01239	0.03074	0.00228	0.07887	0.00902	0.28525	0.00674
17	0.01803	0.46251	0.11009	0.01294	0.01858	0.05331	0.01268	0.12487	0.09338	0.02094	0.01220	0.01307	0.00993	0.00633	0.00506	0.00164	0.00725	0.00441	0.00375	0.00902
18	0.00959	0.00734	0.00912	0.00949	0.01110	0.00696	0.00708	0.01300	0.07755	0.01966	0.13382	0.36670	0.10607	0.01622	0.00777	0.00237	0.00414	0.11401	0.00602	0.07200
19	0.03997	0.01409	0.01633	0.01408	0.06128	0.01462	0.01063	0.34498	0.06182	0.13664	0.02005	0.02031	0.06245	0.00923	0.00789	0.06819	0.00615	0.00630	0.00588	0.07911
20	0.00914	0.00656	0.00828	0.00844	0.00892	0.00688	0.00563	0.01004	0.01042	0.01413	0.02414	0.14932	0.06406	0.40783	0.21238	0.00645	0.02813	0.01027	0.00421	0.00477
21	0.01082	0.00924	0.01110	0.09676	0.05555	0.03502	0.00880	0.06366	0.01549	0.01949	0.06548	0.18650	0.31012	0.01441	0.00751	0.00228	0.00504	0.07086	0.00545	0.00643
22	0.04551	0.02071	0.11411	0.05456	0.08792	0.27818	0.01306	0.02070	0.07259	0.01879	0.01736	0.16794	0.01665	0.00943	0.00640	0.00201	0.00816	0.00766	0.03054	0.00772
23	0.06713	0.10871	0.09822	0.01481	0.05682	0.01637	0.03730	0.28045	0.02007	0.06662	0.04553	0.05030	0.01430	0.04138	0.00724	0.00207	0.00682	0.00622	0.00500	0.05465

[dist]
# distance from previous block
# <min> <max>
0	37

[block]
# block no. 2 follows, 34 sequences, length 18
# corresponding to MSA columns:
# 155-172
name=unknown_C
#
# <colnr> <probs for GDERKNQSTAVLIFYWHMCP>
#	G	D	E	R	K	N	Q	S	T	A	V	L	I	F	Y	W	H	M	C	P
0	0.17576	0.01444	0.01623	0.05655	0.04779	0.06942	0.03738	0.13572	0.06336	0.02387	0.01616	0.02039	0.04669	0.03202	0.05693	0.00283	0.14264	0.02960	0.00434	0.00788
1	0.04561	0.08052	0.02038	0.11105	0.07434	0.25457	0.04013	0.14329	0.10335	0.04535	0.01376	0.01526	0.01059	0.00690	0.00605	0.00187	0.00859	0.00528	0.00432	0.00879
2	0.63281	0.01420	0.03830	0.01004	0.01442	0.01544	0.00858	0.12776	0.04232	0.03043	0.01080	0.01194	0.00817	0.00639	0.00457	0.00200	0.00550	0.00406	0.00444	0.00784
3	0.00802	0.00644	0.00716	0.00724	0.00903	0.00558	0.00533	0.00991	0.01524	0.01929	0.21555	0.15201	0.48423	0.01614	0.00771	0.00221	0.00328	0.01381	0.00626	0.00558
4	0.00795	0.00574	0.00755	0.00896	0.00948	0.00534	0.00609	0.00917	0.01260	0.01665	0.03729	0.70284	0.08226	0.01993	0.00824	0.00261	0.00380	0.04222	0.00600	0.00529
5	0.01532	0.01539	0.02364	0.29021	0.40022	0.07724	0.04737	0.01920	0.01441	0.01902	0.01177	0.01612	0.00948	0.00607	0.00642	0.00199	0.00848	0.00569	0.00310	0.00886
6	0.01554	0.01446	0.11035	0.04385	0.07184	0.01216	0.08968	0.11650	0.06414	0.10830	0.02361	0.23601	0.04294	0.01107	0.00711	0.00222	0.00653	0.00993	0.00529	0.00847
7	0.01736	0.01412	0.01603	0.01206	0.01733	0.04534	0.03641	0.20413	0.01842	0.05393	0.01405	0.04378	0.01145	0.00642	0.00560	0.00141	0.00595	0.00520	0.00474	0.46630
8	0.01179	0.00893	0.01108	0.01069	0.01319	0.00862	0.00881	0.07548	0.04857	0.02283	0.16528	0.07905	0.08327	0.01386	0.00767	0.00232	0.00502	0.30071	0.00596	0.11689
9	0.00815	0.00614	0.00799	0.00912	0.00967	0.00598	0.00628	0.00935	0.01251	0.01655	0.03755	0.65450	0.11623	0.01938	0.00881	0.00259	0.04075	0.01723	0.00584	0.00536
10	0.04249	0.06151	0.14319	0.01779	0.07096	0.07239	0.13251	0.13131	0.03650	0.06428	0.01797	0.06896	0.04141	0.00820	0.00656	0.00202	0.00785	0.03533	0.00446	0.03430
11	0.00923	0.00692	0.01038	0.01038	0.01154	0.00808	0.00808	0.01154	0.01038	0.01500	0.01731	0.02538	0.01615	0.04846	0.74732	0.01038	0.01731	0.00692	0.00346	0.00577
12	0.02517	0.01712	0.01878	0.01440	0.01955	0.01858	0.01190	0.61708	0.02874	0.13704	0.01689	0.01641	0.01168	0.00779	0.00647	0.00195	0.00689	0.00591	0.00668	0.01099
13	0.01516	0.01434	0.02174	0.32370	0.30024	0.04095	0.01747	0.06272	0.04954	0.02021	0.01246	0.01658	0.00991	0.00673	0.00745	0.00208	0.06080	0.00577	0.00342	0.00873
14	0.01435	0.05367	0.14051	0.11003	0.12677	0.01429	0.12086	0.09288	0.04175	0.02121	0.03609	0.07154	0.01527	0.10102	0.00985	0.00258	0.00782	0.00731	0.00394	0.00827
15	0.01285	0.01264	0.01827	0.54589	0.09704	0.06833	0.01606	0.01658	0.01371	0.01697	0.01822	0.02236	0.09950	0.00766	0.00655	0.00210	0.00809	0.00662	0.00333	0.00725
16	0.07225	0.01363	0.01920	0.01490	0.01910	0.03437	0.16217	0.13844	0.01736	0.11003	0.06483	0.02368	0.09408	0.01043	0.04400	0.00242	0.06660	0.00719	0.00501	0.08031
17	0.01869	0.03986	0.07481	0.04491	0.04628	0.19200	0.16647	0.14315	0.05385	0.02231	0.01246	0.01506	0.00979	0.00730	0.00873	0.00207	0.12395	0.00573	0.00388	0.00869

[dist]
# distance from previous block
# <min> <max>
0	2

[block]
# block no. 3 follows, 34 sequences, length 26
# corresponding to MSA columns:
# 175-200
name=unknown_D
#
# <colnr> <probs for GDERKNQSTAVLIFYWHMCP>
#	G	D	E	R	K	N	Q	S	T	A	V	L	I	F	Y	W	H	M	C	P
0	0.03565	0.06232	0.04495	0.21986	0.08409	0.11844	0.10679	0.03621	0.01403	0.01815	0.01227	0.04020	0.01060	0.03296	0.02655	0.00241	0.09872	0.00604	0.00329	0.02648
1	0.05301	0.01285	0.01447	0.01134	0.01621	0.01232	0.00910	0.13112	0.17190	0.11937	0.04249	0.01831	0.01456	0.00689	0.00573	0.00160	0.00526	0.00551	0.00551	0.34242
2	0.01315	0.03221	0.01161	0.01047	0.01181	0.10497	0.00766	0.06781	0.01248	0.01580	0.01562	0.06241	0.01552	0.13189	0.22265	0.23815	0.00982	0.00695	0.00367	0.00534
3	0.02134	0.01583	0.03482	0.01355	0.01763	0.09721	0.03727	0.23362	0.07584	0.18743	0.02028	0.04159	0.03916	0.00848	0.00717	0.00199	0.04850	0.00660	0.08234	0.00936
4	0.00834	0.00623	0.00756	0.00811	0.00923	0.00569	0.00574	0.00995	0.01393	0.01821	0.16781	0.32327	0.23638	0.09738	0.01061	0.00280	0.00388	0.05353	0.00598	0.00536
5	0.72794	0.01184	0.00940	0.00846	0.01218	0.01355	0.00690	0.01823	0.01181	0.02865	0.08963	0.01472	0.01304	0.00681	0.00440	0.00200	0.00478	0.00442	0.00435	0.00690
6	0.01714	0.03791	0.01637	0.01330	0.01636	0.01602	0.01075	0.28057	0.14415	0.02682	0.01694	0.02022	0.01391	0.05166	0.18595	0.00428	0.10747	0.00641	0.00506	0.00870
7	0.00902	0.00652	0.00812	0.00894	0.00975	0.00625	0.00614	0.04642	0.01348	0.01783	0.05923	0.54305	0.09884	0.10154	0.01080	0.00294	0.00420	0.03564	0.00583	0.00547
8	0.00969	0.00772	0.01003	0.00964	0.01141	0.00749	0.03732	0.01401	0.10760	0.02159	0.28731	0.26613	0.15523	0.01494	0.00768	0.00226	0.00391	0.01329	0.00635	0.00639
9	0.01764	0.73737	0.03304	0.01135	0.01676	0.06371	0.01113	0.01969	0.01340	0.01523	0.00904	0.01043	0.00829	0.00559	0.00423	0.00140	0.00716	0.00349	0.00279	0.00825
10	0.01512	0.01702	0.03643	0.02602	0.03251	0.01581	0.66114	0.02039	0.01512	0.02072	0.01296	0.01715	0.00979	0.00540	0.00743	0.00210	0.01048	0.00737	0.00331	0.06372
11	0.00882	0.00653	0.00823	0.00794	0.00949	0.00594	0.00590	0.01151	0.01732	0.02392	0.57645	0.09978	0.16584	0.01419	0.00767	0.00210	0.00313	0.01245	0.00686	0.00594
12	0.01644	0.01297	0.01273	0.01127	0.01417	0.11634	0.00868	0.10795	0.11173	0.11372	0.24383	0.09979	0.08100	0.01120	0.00700	0.00205	0.00546	0.00938	0.00634	0.00795
13	0.00798	0.00580	0.00733	0.00850	0.00908	0.00537	0.00567	0.00907	0.01240	0.01625	0.03803	0.61133	0.12892	0.08911	0.01044	0.00290	0.00392	0.01694	0.00581	0.00515
14	0.01503	0.01826	0.09670	0.06011	0.13790	0.01599	0.51654	0.02037	0.01493	0.02056	0.01274	0.01688	0.00968	0.00560	0.00726	0.00213	0.01020	0.00702	0.00319	0.00895
15	0.01777	0.01473	0.01557	0.01349	0.01745	0.01687	0.01064	0.16998	0.58253	0.02977	0.02414	0.02238	0.01797	0.00856	0.00655	0.00214	0.00551	0.00701	0.00655	0.01038
16	0.01670	0.01578	0.02303	0.21917	0.41353	0.06578	0.01785	0.11016	0.01656	0.02214	0.01227	0.01595	0.00979	0.00626	0.00638	0.00196	0.00811	0.00565	0.00355	0.00936
17	0.01036	0.00797	0.00973	0.00950	0.01055	0.03020	0.00684	0.03071	0.03910	0.01540	0.02012	0.03186	0.04301	0.29787	0.39961	0.00784	0.01202	0.00792	0.00391	0.00547
18	0.01344	0.11653	0.66056	0.01759	0.02669	0.01619	0.02244	0.02034	0.01358	0.01987	0.01130	0.01328	0.00820	0.00607	0.00592	0.00197	0.00925	0.00463	0.00273	0.00941
19	0.00919	0.00684	0.01009	0.01015	0.01121	0.00788	0.00777	0.01133	0.01040	0.01491	0.01811	0.05188	0.01749	0.08901	0.68098	0.00988	0.01621	0.00746	0.00357	0.00564
20	0.03279	0.21481	0.13564	0.01806	0.15184	0.08805	0.01418	0.04586	0.03409	0.09071	0.02730	0.01483	0.01098	0.00627	0.00555	0.00170	0.00742	0.00485	0.00386	0.09120
21	0.02456	0.01810	0.01939	0.01487	0.02004	0.02004	0.01228	0.71107	0.03038	0.04072	0.01551	0.01551	0.01099	0.00776	0.00646	0.00194	0.00711	0.00582	0.00646	0.01099
22	0.01022	0.00831	0.01180	0.06487	0.11674	0.00822	0.00923	0.01334	0.03363	0.02107	0.27871	0.15217	0.13876	0.01464	0.03294	0.00250	0.00501	0.06550	0.00570	0.00663
23	0.06525	0.01556	0.01632	0.01360	0.01791	0.01764	0.01090	0.31633	0.39194	0.03286	0.02081	0.01974	0.01535	0.00819	0.00638	0.00208	0.00594	0.00647	0.00638	0.01036
24	0.05790	0.00639	0.00622	0.00616	0.00781	0.00650	0.00466	0.01528	0.01340	0.02437	0.02039	0.02332	0.01602	0.00744	0.00449	0.00153	0.00312	0.00588	0.76304	0.00608
25	0.01534	0.01230	0.01488	0.01219	0.06487	0.01011	0.00898	0.07767	0.01522	0.05907	0.01259	0.01420	0.01006	0.00527	0.00513	0.00116	0.00522	0.00427	0.00423	0.64724

[dist]
# distance from previous block
# <min> <max>
0	7

[block]
# block no. 4 follows, 34 sequences, length 15
# corresponding to MSA columns:
# 208-222
name=unknown_E
#
# <colnr> <probs for GDERKNQSTAVLIFYWHMCP>
#	G	D	E	R	K	N	Q	S	T	A	V	L	I	F	Y	W	H	M	C	P
0	0.01228	0.01137	0.01565	0.04206	0.07306	0.04802	0.04319	0.01410	0.01130	0.01571	0.01571	0.09244	0.01621	0.15628	0.17168	0.00483	0.23836	0.00782	0.00353	0.00641
1	0.02416	0.03006	0.01837	0.01654	0.01998	0.70509	0.01247	0.06529	0.01901	0.01725	0.01031	0.01187	0.00848	0.00672	0.00586	0.00168	0.01139	0.00426	0.00351	0.00769
2	0.01577	0.04830	0.04972	0.11161	0.45897	0.04431	0.01774	0.02121	0.09688	0.02058	0.01334	0.01650	0.01086	0.00646	0.00693	0.00199	0.04002	0.00574	0.00351	0.00955
3	0.00820	0.00638	0.00720	0.00734	0.00902	0.00559	0.00537	0.01013	0.01511	0.01954	0.21694	0.18366	0.42191	0.01599	0.00763	0.00220	0.00329	0.01374	0.03516	0.00559
4	0.01713	0.01882	0.06951	0.01796	0.05909	0.17431	0.13139	0.10133	0.07439	0.02099	0.01411	0.01814	0.01175	0.05677	0.07592	0.00305	0.09703	0.00611	0.02401	0.00817
5	0.00914	0.00660	0.00864	0.00813	0.00965	0.00610	0.00610	0.01219	0.01829	0.02591	0.72921	0.04827	0.06097	0.01321	0.00762	0.00203	0.00305	0.01169	0.00711	0.00610
6	0.00963	0.00714	0.00968	0.03810	0.01120	0.00718	0.03994	0.01079	0.01116	0.01476	0.02536	0.12009	0.06758	0.44149	0.07491	0.00519	0.00689	0.08963	0.00439	0.00488
7	0.01041	0.00819	0.01284	0.01237	0.01403	0.00806	0.09721	0.01280	0.01321	0.01749	0.02798	0.15245	0.03054	0.17377	0.05229	0.00389	0.00694	0.33469	0.00507	0.00578
8	0.57598	0.01234	0.01137	0.00956	0.01387	0.01341	0.00788	0.05164	0.01380	0.21685	0.01364	0.01375	0.00955	0.00660	0.00476	0.00200	0.00522	0.00439	0.00516	0.00822
9	0.00869	0.00651	0.00808	0.00804	0.00958	0.00590	0.00601	0.01115	0.01653	0.02238	0.44931	0.14331	0.21757	0.01507	0.00777	0.00219	0.00333	0.04610	0.00665	0.00583
10	0.00784	0.00574	0.00738	0.00869	0.00929	0.00527	0.00586	0.00903	0.01267	0.01662	0.03941	0.67886	0.13014	0.01975	0.00817	0.00257	0.00369	0.01777	0.00600	0.00527
11	0.00953	0.00688	0.00789	0.00802	0.00957	0.00656	0.00594	0.01256	0.05887	0.02012	0.16918	0.13690	0.24233	0.09126	0.00988	0.00260	0.00391	0.07335	0.11885	0.00582
12	0.06742	0.48626	0.02730	0.01274	0.01745	0.26170	0.01128	0.02144	0.01470	0.01623	0.00931	0.01080	0.00822	0.00593	0.00469	0.00151	0.00835	0.00369	0.00302	0.00795
13	0.01402	0.01265	0.01444	0.03076	0.01637	0.05789	0.03405	0.04444	0.08429	0.02160	0.07436	0.05582	0.03247	0.02399	0.00704	0.00163	0.03923	0.00622	0.00450	0.42423
14	0.05709	0.06391	0.01870	0.04585	0.01979	0.18560	0.04539	0.23734	0.06430	0.02621	0.03313	0.01870	0.01306	0.00758	0.00611	0.00183	0.00775	0.04467	0.00479	0.09819

[dist]
# distance from previous block
# <min> <max>
4	11

[block]
# block no. 5 follows, 34 sequences, length 6
# corresponding to MSA columns:
# 234-239
name=unknown_F
#
# <colnr> <probs for GDERKNQSTAVLIFYWHMCP>
#	G	D	E	R	K	N	Q	S	T	A	V	L	I	F	Y	W	H	M	C	P
0	0.01688	0.28948	0.14322	0.01357	0.01884	0.07139	0.04381	0.04378	0.11672	0.07319	0.01747	0.07284	0.03697	0.00789	0.00578	0.00185	0.00716	0.00622	0.00423	0.00871
1	0.06900	0.00668	0.00769	0.00797	0.00934	0.00630	0.00567	0.01071	0.01420	0.01990	0.22814	0.28569	0.20977	0.07787	0.00963	0.00261	0.00374	0.01356	0.00598	0.00555
2	0.01567	0.03319	0.01250	0.01040	0.01358	0.01106	0.00827	0.11622	0.16447	0.12672	0.15355	0.05725	0.15896	0.01119	0.00687	0.00208	0.00466	0.03196	0.05316	0.00824
3	0.01594	0.15904	0.17623	0.08864	0.11955	0.09271	0.08036	0.02032	0.03980	0.04470	0.01276	0.01669	0.01055	0.06374	0.00843	0.00223	0.03098	0.00549	0.00335	0.00848
4	0.01182	0.00946	0.01008	0.00973	0.01150	0.05432	0.00721	0.08484	0.05448	0.02119	0.14450	0.20146	0.11421	0.08875	0.07738	0.00332	0.00599	0.03111	0.05226	0.00640
5	0.01451	0.01270	0.01682	0.05992	0.05932	0.01131	0.06679	0.07821	0.05932	0.02268	0.01527	0.01708	0.04153	0.00601	0.00559	0.00140	0.00584	0.00518	0.00418	0.49633

[dist]
# distance from previous block
# <min> <max>
0	2

[block]
# block no. 6 follows, 34 sequences, length 30
# corresponding to MSA columns:
# 242-271
name=unknown_G
#
# <colnr> <probs for GDERKNQSTAVLIFYWHMCP>
#	G	D	E	R	K	N	Q	S	T	A	V	L	I	F	Y	W	H	M	C	P
0	0.03807	0.00662	0.00697	0.00707	0.00872	0.00594	0.00502	0.00980	0.01366	0.01747	0.09208	0.13536	0.47068	0.14019	0.01171	0.00288	0.00387	0.01298	0.00565	0.00527
1	0.01006	0.00814	0.01043	0.01034	0.01148	0.04800	0.00784	0.01207	0.01070	0.01476	0.01726	0.02657	0.01657	0.12889	0.62549	0.00944	0.01574	0.00706	0.00351	0.00565
2	0.01419	0.01430	0.02072	0.01748	0.01781	0.01962	0.04922	0.01581	0.01017	0.01581	0.00871	0.01430	0.00855	0.01101	0.02052	0.00279	0.72323	0.00575	0.00285	0.00715
3	0.00811	0.00589	0.00758	0.00857	0.00928	0.00544	0.00585	0.00956	0.01346	0.01801	0.15217	0.56228	0.10748	0.04312	0.00889	0.00260	0.00367	0.01655	0.00611	0.00536
4	0.01542	0.01477	0.02519	0.14823	0.62853	0.01520	0.01954	0.01933	0.01444	0.02041	0.01205	0.01618	0.00999	0.00586	0.00641	0.00195	0.00782	0.00575	0.00315	0.00977
5	0.00853	0.00652	0.00782	0.00762	0.00931	0.00581	0.00567	0.01095	0.01665	0.02231	0.44969	0.09957	0.29652	0.01478	0.00767	0.00212	0.00317	0.01281	0.00665	0.00581
6	0.01791	0.01479	0.01565	0.01352	0.01750	0.01693	0.01067	0.18088	0.57141	0.02999	0.02396	0.02225	0.01783	0.00855	0.00655	0.00214	0.00555	0.00698	0.00655	0.01039
7	0.00946	0.00699	0.00888	0.00834	0.01000	0.00661	0.00627	0.01327	0.05593	0.02564	0.66533	0.04751	0.08504	0.01309	0.00757	0.00205	0.00317	0.01153	0.00704	0.00629
8	0.01599	0.01535	0.02623	0.03966	0.73262	0.01535	0.01983	0.01983	0.01471	0.02111	0.01215	0.01599	0.01023	0.00576	0.00640	0.00192	0.00768	0.00576	0.00320	0.01023
9	0.01328	0.01142	0.01275	0.07605	0.01682	0.01272	0.00938	0.02535	0.44225	0.02399	0.10168	0.03387	0.17228	0.01060	0.00689	0.00217	0.00483	0.00893	0.00618	0.00856
10	0.01220	0.01148	0.01938	0.75739	0.04450	0.01436	0.01794	0.01651	0.01292	0.01651	0.01148	0.01723	0.00861	0.00646	0.00646	0.00215	0.00861	0.00574	0.00287	0.00718
11	0.01853	0.05544	0.01976	0.01540	0.04292	0.03118	0.09265	0.21338	0.21817	0.06365	0.01841	0.04577	0.01433	0.00765	0.00634	0.00190	0.00658	0.00652	0.00546	0.11595
12	0.01143	0.01261	0.08506	0.05490	0.03728	0.01197	0.10983	0.01444	0.01287	0.01794	0.08018	0.09730	0.10518	0.03736	0.12942	0.00374	0.15871	0.00882	0.00406	0.00689
13	0.00786	0.00566	0.00746	0.00890	0.00935	0.00526	0.00595	0.00901	0.01247	0.01653	0.03682	0.74014	0.07052	0.02009	0.00822	0.00261	0.00373	0.01818	0.00600	0.00526
14	0.01296	0.03342	0.73944	0.01842	0.02797	0.01501	0.02387	0.02046	0.01364	0.02046	0.01160	0.01364	0.00818	0.00614	0.00614	0.00205	0.00955	0.00477	0.00273	0.00955
15	0.01420	0.01413	0.01838	0.40412	0.05471	0.10913	0.04045	0.03775	0.06490	0.01831	0.03115	0.09386	0.01419	0.00844	0.00742	0.00216	0.04833	0.00714	0.00373	0.00747
16	0.01409	0.01061	0.01259	0.06476	0.01595	0.01172	0.00914	0.06008	0.30201	0.06975	0.02550	0.19710	0.02357	0.08088	0.06911	0.00328	0.00627	0.00977	0.00578	0.00804
17	0.01510	0.01500	0.02247	0.30658	0.38945	0.07841	0.01819	0.01890	0.01436	0.01886	0.01240	0.01786	0.01030	0.00648	0.00645	0.00202	0.00832	0.02696	0.00317	0.00871
18	0.01485	0.01428	0.02433	0.24595	0.45201	0.01516	0.06045	0.01970	0.05220	0.02007	0.01278	0.01687	0.01025	0.00610	0.00650	0.00202	0.00801	0.00595	0.00329	0.00925
19	0.01412	0.01413	0.02347	0.09447	0.06261	0.01692	0.18229	0.03957	0.01265	0.01811	0.01267	0.08058	0.01195	0.00975	0.01401	0.00251	0.37196	0.00725	0.00335	0.00762
20	0.01420	0.00793	0.01031	0.00933	0.01154	0.00747	0.00713	0.01718	0.04388	0.19353	0.32149	0.06721	0.05618	0.10862	0.05526	0.00314	0.00517	0.04679	0.00655	0.00709
21	0.81856	0.01250	0.00950	0.00850	0.01250	0.01449	0.00700	0.01899	0.01100	0.02899	0.00900	0.01050	0.00700	0.00600	0.00400	0.00200	0.00500	0.00350	0.00400	0.00700
22	0.00854	0.00647	0.00787	0.00776	0.00934	0.00580	0.00573	0.01093	0.01650	0.02222	0.44497	0.14037	0.25992	0.01502	0.00770	0.00215	0.00320	0.01309	0.00664	0.00580
23	0.01963	0.01456	0.01728	0.06185	0.02014	0.01596	0.04341	0.20968	0.35064	0.12222	0.02140	0.02053	0.01550	0.00799	0.00653	0.00206	0.00617	0.00663	0.00627	0.03155
24	0.01431	0.01496	0.02686	0.15149	0.06687	0.01732	0.27244	0.01786	0.01267	0.01793	0.01091	0.01600	0.00909	0.00799	0.01279	0.00242	0.31082	0.00641	0.00302	0.00787
25	0.00928	0.00673	0.00940	0.00940	0.01022	0.00754	0.00685	0.01091	0.01009	0.01427	0.01821	0.03036	0.01831	0.26184	0.53689	0.00917	0.01405	0.00765	0.00360	0.00522
26	0.01317	0.01264	0.01764	0.01538	0.01552	0.01730	0.01259	0.01458	0.00991	0.01524	0.01049	0.01775	0.01061	0.07729	0.10850	0.00400	0.61162	0.00611	0.00299	0.00666
27	0.01116	0.00816	0.01067	0.01209	0.07054	0.00797	0.00796	0.08448	0.01488	0.03466	0.05199	0.48525	0.05148	0.03737	0.00835	0.00249	0.00459	0.03926	0.02746	0.02918
28	0.00821	0.00622	0.00758	0.00796	0.00927	0.00559	0.00570	0.01012	0.01501	0.01984	0.26980	0.31823	0.25948	0.01677	0.00786	0.00230	0.00338	0.01475	0.00636	0.00559
29	0.01826	0.45633	0.11434	0.01456	0.05762	0.08587	0.01334	0.11567	0.03477	0.02003	0.01091	0.01225	0.00906	0.00610	0.00504	0.00161	0.00766	0.00423	0.00344	0.00890

[dist]
# distance from previous block
# <min> <max>
0	2

[block]
# block no. 7 follows, 34 sequences, length 10
# corresponding to MSA columns:
# 274-283
name=unknown_H
#
# <colnr> <probs for GDERKNQSTAVLIFYWHMCP>
#	G	D	E	R	K	N	Q	S	T	A	V	L	I	F	Y	W	H	M	C	P
0	0.01804	0.14010	0.18957	0.01783	0.07250	0.05976	0.08719	0.11128	0.01627	0.10042	0.01329	0.01573	0.01029	0.03210	0.00850	0.00212	0.08646	0.00547	0.00398	0.00910
1	0.00787	0.00562	0.00750	0.00900	0.00937	0.00525	0.00600	0.00900	0.01237	0.01649	0.03561	0.76871	0.04274	0.02024	0.00825	0.00262	0.00375	0.01837	0.00600	0.00525
2	0.01414	0.01414	0.01979	0.01696	0.01696	0.01979	0.01414	0.01555	0.00990	0.01555	0.00848	0.01414	0.00848	0.01131	0.02120	0.00283	0.76110	0.00565	0.00283	0.00707
3	0.01455	0.04599	0.17086	0.01284	0.01900	0.01235	0.03464	0.09069	0.01537	0.02278	0.03894	0.01503	0.01129	0.00597	0.00597	0.00145	0.03110	0.00471	0.00390	0.44257
4	0.01312	0.00734	0.00980	0.00915	0.01049	0.00747	0.00654	0.01423	0.01139	0.14904	0.01968	0.03111	0.01874	0.32728	0.28028	0.05633	0.00999	0.00775	0.00445	0.00583
5	0.01727	0.77681	0.03386	0.01106	0.01658	0.02557	0.01106	0.01935	0.01313	0.01520	0.00898	0.01036	0.00829	0.00553	0.00415	0.00138	0.00691	0.00345	0.00276	0.00829
6	0.01655	0.01599	0.11605	0.17965	0.30313	0.01385	0.06873	0.02076	0.01476	0.13554	0.01504	0.04527	0.01175	0.00684	0.00655	0.00204	0.00785	0.00636	0.00395	0.00933
7	0.01580	0.06720	0.04557	0.09568	0.07145	0.01231	0.15477	0.01944	0.01552	0.14320	0.13708	0.04584	0.02095	0.00805	0.00665	0.00193	0.00679	0.02551	0.00484	0.10141
8	0.01694	0.71886	0.08886	0.01163	0.01747	0.02474	0.01205	0.01943	0.01317	0.01561	0.00919	0.01062	0.00828	0.00558	0.00430	0.00143	0.00712	0.00356	0.00276	0.00839
9	0.00834	0.00602	0.00748	0.00845	0.00909	0.00564	0.00573	0.00943	0.01227	0.01601	0.03657	0.46901	0.13531	0.17529	0.01331	0.00334	0.00436	0.06375	0.00556	0.00505

[dist]
# distance from previous block
# <min> <max>
2	6

[block]
# block no. 8 follows, 34 sequences, length 33
# corresponding to MSA columns:
# 290-322
name=unknown_I
#
# <colnr> <probs for GDERKNQSTAVLIFYWHMCP>
#	G	D	E	R	K	N	Q	S	T	A	V	L	I	F	Y	W	H	M	C	P
0	0.01631	0.12620	0.05879	0.01609	0.13625	0.01440	0.01175	0.14552	0.01721	0.04301	0.05640	0.01853	0.04982	0.00684	0.00570	0.00157	0.00611	0.00554	0.00440	0.25955
1	0.05012	0.18074	0.05537	0.01742	0.11314	0.13695	0.01321	0.19663	0.10248	0.02471	0.01337	0.01455	0.01055	0.00696	0.00634	0.00185	0.03691	0.00507	0.00435	0.00929
2	0.01856	0.51533	0.05933	0.01407	0.05453	0.13552	0.01239	0.04896	0.01476	0.03391	0.01005	0.01161	0.00869	0.00609	0.00534	0.00157	0.03371	0.00398	0.00315	0.00845
3	0.01550	0.08007	0.05683	0.01236	0.05335	0.01220	0.01002	0.09611	0.03278	0.03986	0.01274	0.01430	0.01018	0.00557	0.00515	0.00129	0.00562	0.00439	0.02819	0.50350
4	0.01862	0.04150	0.02299	0.17150	0.13265	0.12481	0.14567	0.05793	0.04610	0.12789	0.01481	0.01715	0.01097	0.00659	0.00645	0.00197	0.00844	0.00598	0.02911	0.00887
5	0.00804	0.00580	0.00762	0.00876	0.00938	0.00538	0.00596	0.00946	0.01332	0.01787	0.13529	0.63417	0.07686	0.01907	0.00813	0.00252	0.00363	0.01720	0.00616	0.00538
6	0.00870	0.00770	0.03896	0.00902	0.02413	0.00630	0.00689	0.01104	0.01532	0.02030	0.27188	0.21720	0.27597	0.01565	0.00774	0.00226	0.00378	0.04508	0.00617	0.00591
7	0.01701	0.73115	0.07720	0.01151	0.01728	0.02492	0.01184	0.01942	0.01316	0.01552	0.00914	0.01057	0.00829	0.00557	0.00427	0.00142	0.00707	0.00354	0.00276	0.00837
8	0.01655	0.01347	0.01786	0.01466	0.01778	0.01535	0.07831	0.26994	0.06593	0.02577	0.01571	0.01979	0.01302	0.03961	0.23754	0.00481	0.11433	0.00650	0.00467	0.00839
9	0.09037	0.01151	0.01455	0.01136	0.01606	0.01069	0.00934	0.09494	0.01903	0.56519	0.07061	0.02222	0.01782	0.00817	0.00637	0.00200	0.00545	0.00654	0.00747	0.01035
10	0.00973	0.00774	0.00864	0.00838	0.01058	0.00750	0.00636	0.01399	0.11790	0.03690	0.09571	0.08181	0.43492	0.01936	0.10775	0.00330	0.00551	0.01170	0.00586	0.00637
11	0.00926	0.00680	0.00974	0.00974	0.01067	0.00772	0.00727	0.01112	0.01019	0.01452	0.01790	0.02866	0.01758	0.18902	0.60870	0.00958	0.01516	0.00740	0.00355	0.00541
12	0.00997	0.00680	0.00882	0.00820	0.00992	0.00622	0.00619	0.01292	0.01812	0.05782	0.66310	0.04779	0.09329	0.01313	0.00757	0.00204	0.00317	0.01155	0.00710	0.00629
13	0.02400	0.01717	0.01859	0.01445	0.01946	0.01889	0.01188	0.59397	0.10067	0.08789	0.01732	0.01685	0.01224	0.00788	0.00648	0.00197	0.00679	0.00602	0.00658	0.01091
14	0.02144	0.13045	0.08971	0.01451	0.01969	0.17118	0.01278	0.29242	0.06856	0.06106	0.01405	0.01457	0.01053	0.00699	0.00590	0.00179	0.00795	0.00507	0.00488	0.04647
15	0.09765	0.63433	0.05971	0.01137	0.01666	0.02375	0.01131	0.01918	0.01279	0.01682	0.00907	0.01069	0.00817	0.00587	0.00500	0.00154	0.04144	0.00361	0.00289	0.00816
16	0.01661	0.01390	0.01473	0.01314	0.01687	0.01599	0.01025	0.04974	0.68640	0.04630	0.02603	0.02385	0.01942	0.00872	0.00657	0.00218	0.00517	0.00725	0.00661	0.01027
17	0.02359	0.02975	0.01884	0.01820	0.06798	0.69770	0.01298	0.02540	0.01807	0.01617	0.01013	0.01194	0.00845	0.00660	0.00586	0.00168	0.01138	0.00427	0.00332	0.00768
18	0.01495	0.01429	0.02435	0.23606	0.54432	0.01508	0.01931	0.01892	0.01422	0.01985	0.01197	0.01633	0.00979	0.00595	0.00641	0.00198	0.00793	0.00575	0.00311	0.00940
19	0.00802	0.00582	0.00757	0.00869	0.00936	0.00537	0.00592	0.00943	0.01332	0.01779	0.12758	0.61922	0.09998	0.01902	0.00812	0.00251	0.00362	0.01713	0.00614	0.00537
20	0.00849	0.00651	0.00778	0.00761	0.00929	0.00580	0.00565	0.01087	0.01653	0.02208	0.43192	0.10795	0.30631	0.01491	0.00767	0.00213	0.00318	0.01291	0.00662	0.00580
21	0.04255	0.00698	0.00926	0.11829	0.01457	0.00723	0.00776	0.01175	0.01297	0.01863	0.05288	0.43373	0.05572	0.01527	0.00725	0.00235	0.00448	0.04816	0.12438	0.00579
22	0.00786	0.00649	0.00690	0.00694	0.00890	0.00553	0.00515	0.00966	0.01506	0.01856	0.15562	0.10955	0.58906	0.01620	0.00768	0.00219	0.00327	0.01370	0.00615	0.00553
23	0.01311	0.03234	0.69221	0.01901	0.02836	0.01510	0.07003	0.02048	0.01375	0.02048	0.01169	0.01390	0.00829	0.00609	0.00624	0.00206	0.00964	0.00497	0.00276	0.00949
24	0.00781	0.00655	0.00678	0.00673	0.00883	0.00553	0.00504	0.00961	0.01513	0.01842	0.14106	0.06060	0.65379	0.01600	0.00763	0.00216	0.00325	0.01341	0.00613	0.00553
25	0.00883	0.00616	0.00727	0.00765	0.00801	0.00601	0.00473	0.00938	0.01072	0.01413	0.02847	0.22867	0.09641	0.47486	0.05665	0.00513	0.00584	0.01198	0.00463	0.00449
26	0.01563	0.01610	0.04882	0.17774	0.42966	0.05933	0.05926	0.04203	0.01491	0.02023	0.01248	0.03293	0.01042	0.00647	0.00684	0.00201	0.02665	0.00602	0.00329	0.00918
27	0.01472	0.01230	0.01410	0.01028	0.01589	0.01013	0.00825	0.09391	0.03859	0.02343	0.01242	0.01399	0.01006	0.00525	0.00503	0.00111	0.00505	0.00416	0.00421	0.69713
28	0.01305	0.03280	0.71225	0.01876	0.02819	0.01506	0.05045	0.02047	0.01370	0.02047	0.01165	0.01379	0.00825	0.00611	0.00620	0.00205	0.00960	0.00489	0.00275	0.00952
29	0.00917	0.00617	0.00711	0.00734	0.00739	0.00611	0.00422	0.00934	0.00984	0.01312	0.02262	0.14986	0.02634	0.66146	0.02924	0.00573	0.00589	0.01072	0.00422	0.00411
30	0.05118	0.25614	0.03846	0.01384	0.01866	0.15039	0.02672	0.27247	0.04219	0.02577	0.01314	0.03921	0.01080	0.00718	0.00562	0.00176	0.00773	0.00519	0.00450	0.00907
31	0.02023	0.06886	0.07564	0.03167	0.04853	0.04701	0.01261	0.35701	0.03939	0.06528	0.01630	0.01697	0.03849	0.00747	0.00661	0.00184	0.03281	0.00564	0.00521	0.10242
32	0.01493	0.10278	0.20093	0.04000	0.05101	0.05091	0.08599	0.05426	0.01508	0.04991	0.03175	0.07625	0.03820	0.00772	0.00609	0.00185	0.00731	0.00658	0.05813	0.10034

[dist]
# distance from previous block
# <min> <max>
0	1

[block]
# block no. 9 follows, 34 sequences, length 53
# corresponding to MSA columns:
# 324-376
name=unknown_J
#
# <colnr> <probs for GDERKNQSTAVLIFYWHMCP>
#	G	D	E	R	K	N	Q	S	T	A	V	L	I	F	Y	W	H	M	C	P
0	0.01556	0.16490	0.39706	0.05651	0.09256	0.08226	0.01908	0.02070	0.01408	0.04243	0.01139	0.01356	0.00870	0.00626	0.00622	0.00190	0.03004	0.00470	0.00302	0.00906
1	0.01122	0.05150	0.07560	0.13878	0.06150	0.01144	0.02541	0.01467	0.05228	0.01762	0.02681	0.25452	0.11858	0.01289	0.00885	0.02234	0.07403	0.01063	0.00447	0.00687
2	0.05358	0.05709	0.31860	0.01721	0.04033	0.04203	0.09848	0.09914	0.05782	0.06779	0.01560	0.07574	0.01264	0.00762	0.00637	0.00205	0.00815	0.00646	0.00413	0.00916
3	0.01932	0.06225	0.13267	0.01388	0.03414	0.01558	0.01250	0.34277	0.02178	0.08649	0.01892	0.07770	0.03606	0.00858	0.00626	0.00195	0.00658	0.00682	0.08630	0.00946
4	0.00951	0.00623	0.00749	0.00752	0.00768	0.00626	0.00453	0.00955	0.00992	0.01338	0.05688	0.06586	0.02441	0.58198	0.07222	0.09261	0.00659	0.00929	0.00401	0.00407
5	0.01856	0.03485	0.02124	0.04274	0.16066	0.05671	0.08098	0.20661	0.25602	0.02764	0.01766	0.01840	0.01338	0.00733	0.00651	0.00202	0.00720	0.00633	0.00518	0.01000
6	0.06852	0.01597	0.10425	0.01606	0.08426	0.01401	0.05853	0.13270	0.15912	0.04203	0.05315	0.02150	0.03236	0.00768	0.00626	0.00191	0.00642	0.03124	0.00497	0.13904
7	0.04678	0.26488	0.25493	0.01438	0.02066	0.08551	0.03559	0.04093	0.03140	0.08817	0.04992	0.01531	0.01209	0.00662	0.00557	0.00180	0.00788	0.00495	0.00379	0.00885
8	0.06061	0.01551	0.01779	0.10362	0.04273	0.11525	0.04828	0.14018	0.04664	0.20983	0.07163	0.01953	0.01542	0.00793	0.00735	0.00203	0.05493	0.00624	0.00544	0.00905
9	0.00764	0.00655	0.00655	0.00655	0.00873	0.00545	0.00491	0.00927	0.01473	0.01745	0.06546	0.06218	0.73000	0.01636	0.00764	0.00218	0.00327	0.01364	0.00600	0.00545
10	0.01644	0.01614	0.04348	0.17205	0.31035	0.10177	0.05364	0.03433	0.03895	0.05815	0.01507	0.02152	0.01271	0.00737	0.00664	0.00206	0.00819	0.06842	0.00383	0.00886
11	0.01622	0.01971	0.17206	0.07676	0.14760	0.09365	0.12471	0.08434	0.03250	0.05160	0.01590	0.10580	0.01383	0.00802	0.00671	0.00207	0.00840	0.00725	0.00402	0.00883
12	0.01220	0.01148	0.01938	0.75739	0.04450	0.01436	0.01794	0.01651	0.01292	0.01651	0.01148	0.01723	0.00861	0.00646	0.00646	0.00215	0.00861	0.00574	0.00287	0.00718
13	0.00942	0.00714	0.01047	0.01036	0.01138	0.00836	0.00797	0.01152	0.01029	0.01483	0.01722	0.02630	0.01645	0.10400	0.66451	0.00978	0.04377	0.00707	0.00347	0.00567
14	0.01567	0.01597	0.10813	0.01706	0.08281	0.07935	0.11943	0.06939	0.03536	0.09711	0.07227	0.15413	0.07091	0.01033	0.00707	0.00214	0.00708	0.02257	0.00501	0.00822
15	0.01718	0.12824	0.18449	0.05741	0.10357	0.10054	0.05179	0.05879	0.03738	0.08351	0.03072	0.04203	0.01272	0.00749	0.00687	0.00197	0.04324	0.01923	0.00396	0.00886
16	0.02245	0.01063	0.01367	0.01125	0.01520	0.00995	0.00913	0.09268	0.05382	0.43704	0.11958	0.06601	0.04207	0.01019	0.00693	0.00211	0.00520	0.05517	0.00737	0.00954
17	0.01277	0.00809	0.01121	0.00954	0.01186	0.00799	0.10641	0.04117	0.01436	0.02386	0.02040	0.05755	0.01660	0.00783	0.00521	0.00167	0.00433	0.00682	0.62578	0.00656
18	0.01644	0.02127	0.22585	0.01990	0.12062	0.10211	0.09257	0.09406	0.01635	0.05523	0.03119	0.08629	0.01398	0.00810	0.00728	0.00206	0.04538	0.00684	0.02564	0.00883
19	0.01468	0.03850	0.11869	0.24344	0.36536	0.03269	0.05647	0.01912	0.01412	0.01937	0.01179	0.01586	0.00937	0.00601	0.00637	0.00200	0.00844	0.00562	0.00304	0.00905
20	0.04880	0.00979	0.00985	0.00970	0.01060	0.09329	0.00675	0.01245	0.01118	0.01494	0.01957	0.13476	0.02133	0.33982	0.19216	0.00584	0.04090	0.00904	0.00399	0.00523
21	0.08900	0.28749	0.20428	0.01230	0.01875	0.01679	0.01296	0.01914	0.01330	0.04168	0.01083	0.01239	0.00873	0.00560	0.00488	0.00151	0.00678	0.00399	0.00332	0.22627
22	0.01841	0.22655	0.07760	0.01402	0.01898	0.04339	0.04847	0.24426	0.12703	0.02606	0.01651	0.08111	0.01399	0.00811	0.00601	0.00190	0.00699	0.00645	0.00486	0.00928
23	0.00812	0.00595	0.00772	0.00888	0.00961	0.00542	0.00601	0.00935	0.01256	0.01676	0.03625	0.69167	0.08185	0.01929	0.00805	0.00252	0.00377	0.01741	0.00590	0.04291
24	0.01897	0.45598	0.02614	0.01238	0.01687	0.19144	0.01090	0.05281	0.01536	0.05446	0.01283	0.08108	0.01199	0.00738	0.00515	0.00162	0.00767	0.00526	0.00364	0.00809
25	0.01583	0.01377	0.03597	0.03517	0.14623	0.01219	0.03471	0.10982	0.04922	0.04528	0.03332	0.01611	0.01192	0.00597	0.00568	0.00148	0.00602	0.00510	0.00434	0.41189
26	0.01820	0.19152	0.23036	0.01706	0.05371	0.10460	0.06043	0.17340	0.05034	0.02355	0.01248	0.01392	0.00957	0.00648	0.00586	0.00184	0.00848	0.00498	0.00386	0.00935
27	0.01764	0.24789	0.16772	0.01549	0.07123	0.07730	0.01399	0.06881	0.08403	0.08488	0.01676	0.01745	0.05311	0.00726	0.00617	0.00184	0.02987	0.00542	0.00412	0.00903
28	0.01061	0.00839	0.00988	0.01003	0.05328	0.00788	0.00705	0.04986	0.06554	0.03728	0.25119	0.04842	0.37320	0.01342	0.00734	0.00208	0.00387	0.01140	0.00623	0.02306
29	0.01287	0.01088	0.01280	0.00939	0.01461	0.00830	0.00746	0.01576	0.01401	0.02166	0.10098	0.01775	0.01598	0.00584	0.00514	0.00109	0.00457	0.00481	0.00424	0.71188
30	0.01991	0.01728	0.01646	0.01396	0.01802	0.11239	0.01104	0.26557	0.36829	0.03018	0.02029	0.01952	0.01513	0.00810	0.00637	0.00201	0.00658	0.00634	0.03255	0.00999
31	0.08456	0.01626	0.03256	0.02341	0.02963	0.01522	0.56090	0.02000	0.01465	0.02146	0.01252	0.01633	0.00953	0.00541	0.00696	0.00201	0.00962	0.00679	0.00340	0.10879
32	0.01897	0.00905	0.01161	0.00972	0.01322	0.00779	0.00759	0.02107	0.01610	0.37612	0.07175	0.13225	0.14657	0.04907	0.00816	0.00224	0.00471	0.00956	0.00677	0.07767
33	0.01537	0.46655	0.30627	0.01382	0.02079	0.02091	0.01587	0.01957	0.01348	0.01755	0.03101	0.01274	0.00979	0.00599	0.00502	0.00166	0.00782	0.00421	0.00288	0.00871
34	0.01270	0.00665	0.00672	0.00649	0.00818	0.00676	0.00492	0.05150	0.01443	0.02496	0.02079	0.02364	0.01627	0.00754	0.00462	0.00153	0.00323	0.00601	0.76678	0.00628
35	0.00840	0.00619	0.00746	0.00811	0.00897	0.00583	0.00555	0.00954	0.01227	0.01583	0.03851	0.32599	0.21569	0.20576	0.05791	0.00388	0.00516	0.04860	0.00533	0.00504
36	0.03672	0.02426	0.01807	0.04245	0.08191	0.48484	0.01273	0.07106	0.01734	0.01821	0.01140	0.01413	0.00957	0.01162	0.09226	0.00277	0.03455	0.00482	0.00354	0.00774
37	0.01607	0.01388	0.01461	0.01315	0.01680	0.01607	0.01023	0.03433	0.72094	0.02703	0.02630	0.02411	0.01972	0.00877	0.00657	0.00219	0.00511	0.00731	0.00657	0.01023
38	0.00845	0.00602	0.00802	0.00929	0.00991	0.00571	0.00660	0.00995	0.01305	0.01743	0.08549	0.56851	0.04221	0.05789	0.00957	0.00282	0.00417	0.12360	0.00597	0.00535
39	0.00905	0.00622	0.00745	0.00772	0.00798	0.00624	0.00475	0.00954	0.01020	0.01366	0.02423	0.17410	0.04809	0.53882	0.09961	0.00589	0.00682	0.01092	0.00431	0.00439
40	0.01538	0.01453	0.02461	0.06125	0.64669	0.01463	0.01894	0.01916	0.01467	0.02080	0.01406	0.02101	0.01254	0.00684	0.00662	0.00202	0.00756	0.06552	0.00343	0.00976
41	0.00838	0.00681	0.00747	0.00748	0.00939	0.00608	0.00554	0.01105	0.05016	0.01946	0.18948	0.14384	0.48023	0.01584	0.00766	0.00221	0.00338	0.01352	0.00625	0.00579
42	0.00934	0.00624	0.00707	0.00713	0.00714	0.00622	0.00400	0.00938	0.00952	0.01269	0.02097	0.07128	0.02426	0.74288	0.03190	0.00612	0.00616	0.00975	0.00400	0.00397
43	0.01521	0.01456	0.02482	0.18719	0.59118	0.01515	0.01944	0.01915	0.01434	0.02016	0.01202	0.01625	0.00990	0.00590	0.00641	0.00197	0.00787	0.00575	0.00313	0.00961
44	0.55532	0.01727	0.01327	0.01151	0.01553	0.18474	0.03661	0.06159	0.01401	0.02630	0.00977	0.01134	0.00765	0.00623	0.00471	0.00193	0.00690	0.00395	0.00396	0.00742
45	0.01340	0.01148	0.01340	0.00957	0.01531	0.00861	0.00766	0.01627	0.01340	0.02105	0.01148	0.01340	0.00957	0.00479	0.00479	0.00096	0.00479	0.00383	0.00383	0.81242
46	0.00786	0.00567	0.00745	0.00888	0.00934	0.00526	0.00594	0.00901	0.01249	0.01654	0.03709	0.73367	0.07682	0.02005	0.00822	0.00260	0.00373	0.01813	0.00600	0.00526
47	0.04295	0.04709	0.01977	0.01715	0.05724	0.32231	0.07295	0.10267	0.17357	0.04060	0.01547	0.01716	0.01219	0.00733	0.00623	0.00191	0.00880	0.02124	0.00456	0.00880
48	0.01245	0.01176	0.01973	0.69704	0.07771	0.01459	0.01791	0.01664	0.01291	0.01670	0.01142	0.01706	0.00869	0.00659	0.00695	0.00216	0.03373	0.00574	0.00289	0.00733
49	0.01518	0.01453	0.02497	0.11313	0.42744	0.01502	0.12390	0.02040	0.07270	0.02105	0.01382	0.01745	0.01110	0.00629	0.00688	0.00201	0.02752	0.00618	0.05111	0.00933
