[name]
unknown

[dist]
# distance from previous block
# <min> <max>
0	23

[block]
# block no. 0 follows, 33 sequences, length 26
# corresponding to MSA columns:
# 23-48
name=unknown_A
#
# <colnr> <probs for GDERKNQSTAVLIFYWHMCP>
#	G	D	E	R	K	N	Q	S	T	A	V	L	I	F	Y	W	H	M	C	P
0	0.12753	0.04816	0.20005	0.06941	0.08130	0.12400	0.01498	0.04390	0.05183	0.04330	0.01501	0.02005	0.01234	0.00761	0.00605	0.00204	0.00791	0.06124	0.05480	0.00849
1	0.01885	0.14617	0.06819	0.09102	0.18680	0.10133	0.01502	0.12543	0.07947	0.06444	0.01465	0.01730	0.01160	0.00706	0.00615	0.00192	0.00788	0.02295	0.00430	0.00947
2	0.00955	0.00647	0.00762	0.00762	0.00777	0.00662	0.00453	0.00985	0.00970	0.01309	0.02034	0.04088	0.02298	0.67657	0.12426	0.00692	0.00782	0.00925	0.00393	0.00423
3	0.12498	0.01759	0.01651	0.01476	0.01649	0.22122	0.01178	0.01850	0.01275	0.01767	0.01084	0.01534	0.00986	0.01657	0.15051	0.00388	0.30509	0.00528	0.00331	0.00706
4	0.01440	0.01440	0.02016	0.01728	0.01728	0.02016	0.01440	0.01584	0.01008	0.01584	0.00864	0.01440	0.00864	0.01152	0.02160	0.00288	0.75659	0.00576	0.00288	0.00720
5	0.01365	0.01170	0.01365	0.00975	0.01560	0.00878	0.00780	0.01658	0.01365	0.02145	0.01170	0.01365	0.00975	0.00488	0.00488	0.00098	0.00488	0.00390	0.00390	0.80888
6	0.00945	0.00686	0.00961	0.00961	0.01044	0.00770	0.00701	0.01113	0.01029	0.01456	0.01852	0.03080	0.01860	0.25545	0.53940	0.00938	0.01441	0.00778	0.00366	0.00534
7	0.01610	0.01895	0.15292	0.04667	0.20947	0.01612	0.18697	0.04476	0.12681	0.04774	0.01516	0.01767	0.01157	0.00684	0.00770	0.00215	0.05229	0.00643	0.00399	0.00969
8	0.01365	0.01170	0.01365	0.00975	0.01560	0.00878	0.00780	0.01658	0.01365	0.02145	0.01170	0.01365	0.00975	0.00488	0.00488	0.00098	0.00488	0.00390	0.00390	0.80888
9	0.00940	0.00705	0.01058	0.01058	0.01176	0.00823	0.00823	0.01176	0.01058	0.01528	0.01763	0.02586	0.01646	0.04937	0.74255	0.01058	0.01763	0.00705	0.00353	0.00588
10	0.07952	0.53143	0.15031	0.03785	0.01952	0.02271	0.01352	0.01963	0.01316	0.01757	0.00967	0.01153	0.00834	0.00604	0.00532	0.00166	0.03691	0.00392	0.00292	0.00847
11	0.00778	0.00667	0.00667	0.00667	0.00889	0.00556	0.00500	0.00945	0.01501	0.01778	0.06669	0.06336	0.72490	0.01667	0.00778	0.00222	0.00333	0.01389	0.00611	0.00556
12	0.01554	0.01776	0.03885	0.02775	0.03441	0.01665	0.70366	0.02109	0.01554	0.02109	0.01332	0.01776	0.00999	0.00555	0.00777	0.00222	0.01110	0.00777	0.00333	0.00888
13	0.00917	0.00822	0.04639	0.01071	0.04148	0.00689	0.00771	0.01185	0.04009	0.01955	0.16830	0.45367	0.11696	0.01702	0.00796	0.00243	0.00416	0.01521	0.00606	0.00617
14	0.01508	0.07803	0.21635	0.02430	0.05617	0.01709	0.42791	0.02070	0.01474	0.02044	0.01242	0.01606	0.00942	0.00596	0.00756	0.00214	0.03689	0.00656	0.00313	0.00906
15	0.00802	0.00573	0.00764	0.00917	0.00955	0.00535	0.00611	0.00917	0.01260	0.01681	0.03628	0.76434	0.04354	0.02062	0.00840	0.00267	0.00382	0.01872	0.00611	0.00535
16	0.01061	0.00758	0.01061	0.01212	0.01364	0.00758	0.01061	0.01364	0.01515	0.01970	0.03486	0.07426	0.03789	0.01819	0.00909	0.00303	0.00606	0.68326	0.00606	0.00606
17	0.04380	0.09202	0.19362	0.11945	0.07021	0.05450	0.20804	0.05951	0.05643	0.02151	0.01292	0.01580	0.00980	0.00629	0.00650	0.00205	0.00916	0.00587	0.00350	0.00901
18	0.01517	0.01210	0.01784	0.06818	0.05567	0.01281	0.14375	0.10936	0.09366	0.02471	0.01805	0.02187	0.01435	0.05192	0.00827	0.00220	0.03402	0.00672	0.28132	0.00802
19	0.00835	0.00655	0.00756	0.00762	0.00932	0.00575	0.00559	0.01044	0.01590	0.02064	0.29123	0.16655	0.38869	0.01616	0.00787	0.00224	0.00333	0.01394	0.00651	0.00575
20	0.00940	0.00705	0.01058	0.01058	0.01176	0.00823	0.00823	0.01176	0.01058	0.01528	0.01763	0.02586	0.01646	0.04937	0.74255	0.01058	0.01763	0.00705	0.00353	0.00588
21	0.10543	0.42061	0.05251	0.16409	0.02284	0.02084	0.01268	0.04412	0.03723	0.04945	0.01131	0.01329	0.00918	0.00620	0.00503	0.00174	0.00717	0.00440	0.00346	0.00839
22	0.01415	0.04872	0.01282	0.01171	0.04433	0.01012	0.00845	0.05837	0.12072	0.11493	0.15442	0.28574	0.06148	0.01364	0.00737	0.00226	0.00466	0.01195	0.00640	0.00776
23	0.00882	0.00653	0.00833	0.00957	0.01027	0.00640	0.00652	0.01164	0.07993	0.01783	0.03538	0.69350	0.04130	0.01951	0.00824	0.00263	0.00395	0.01764	0.00617	0.00583
24	0.01876	0.04659	0.21263	0.01488	0.02029	0.09828	0.01433	0.23616	0.05776	0.06714	0.01729	0.08880	0.01464	0.05304	0.00810	0.00230	0.00786	0.00693	0.00496	0.00928
25	0.05277	0.04167	0.19352	0.01687	0.04636	0.08969	0.05996	0.27125	0.02042	0.02767	0.01530	0.07739	0.01276	0.00959	0.03325	0.00235	0.00858	0.00656	0.00465	0.00937

[dist]
# distance from previous block
# <min> <max>
0	9

[block]
# block no. 1 follows, 33 sequences, length 39
# corresponding to MSA columns:
# 58-96
name=unknown_B
#
# <colnr> <probs for GDERKNQSTAVLIFYWHMCP>
#	G	D	E	R	K	N	Q	S	T	A	V	L	I	F	Y	W	H	M	C	P
0	0.34332	0.12386	0.08243	0.03707	0.01778	0.12817	0.01133	0.05980	0.03552	0.02401	0.02935	0.01333	0.00985	0.00689	0.00606	0.00196	0.05301	0.00446	0.00387	0.00795
1	0.01601	0.01535	0.02621	0.09274	0.67746	0.01557	0.02006	0.01996	0.01486	0.02116	0.01233	0.01639	0.01031	0.00592	0.00652	0.00197	0.00789	0.00586	0.00323	0.01020
2	0.01629	0.01564	0.02672	0.04041	0.72757	0.01564	0.02020	0.02020	0.01499	0.02151	0.01238	0.01629	0.01043	0.00587	0.00652	0.00196	0.00782	0.00587	0.00326	0.01043
3	0.00837	0.00658	0.00760	0.00784	0.00954	0.00581	0.00585	0.01038	0.01546	0.01980	0.21647	0.18387	0.40248	0.01670	0.00797	0.00232	0.00354	0.05734	0.00638	0.00571
4	0.30523	0.01112	0.01230	0.01015	0.01439	0.01101	0.00826	0.02524	0.01547	0.39949	0.02036	0.06165	0.01468	0.00813	0.00570	0.00204	0.00517	0.00622	0.05426	0.00912
5	0.00800	0.00661	0.00701	0.00704	0.00906	0.00563	0.00523	0.00981	0.01532	0.01884	0.14988	0.10804	0.59378	0.01652	0.00782	0.00223	0.00334	0.01396	0.00626	0.00563
6	0.00888	0.00622	0.00782	0.00828	0.00887	0.00592	0.00546	0.01021	0.01333	0.01821	0.22464	0.33216	0.04248	0.25834	0.01627	0.00369	0.00444	0.01387	0.00575	0.00515
7	0.01320	0.03405	0.73453	0.01876	0.02849	0.01529	0.02432	0.02085	0.01390	0.02085	0.01181	0.01390	0.00834	0.00625	0.00625	0.00208	0.00973	0.00486	0.00278	0.00973
8	0.02503	0.01844	0.01976	0.01515	0.02042	0.02042	0.01251	0.70562	0.03095	0.04149	0.01581	0.01581	0.01120	0.00790	0.00659	0.00198	0.00724	0.00593	0.00659	0.01120
9	0.01365	0.01170	0.01365	0.00975	0.01560	0.00878	0.00780	0.01658	0.01365	0.02145	0.01170	0.01365	0.00975	0.00488	0.00488	0.00098	0.00488	0.00390	0.00390	0.80888
10	0.01637	0.01414	0.01489	0.01340	0.01712	0.01637	0.01042	0.03498	0.71568	0.02754	0.02679	0.02456	0.02010	0.00893	0.00670	0.00223	0.00521	0.00744	0.00670	0.01042
11	0.81514	0.01273	0.00968	0.00866	0.01273	0.01477	0.00713	0.01935	0.01120	0.02954	0.00917	0.01069	0.00713	0.00611	0.00407	0.00204	0.00509	0.00356	0.00407	0.00713
12	0.01637	0.01414	0.01489	0.01340	0.01712	0.01637	0.01042	0.03498	0.71568	0.02754	0.02679	0.02456	0.02010	0.00893	0.00670	0.00223	0.00521	0.00744	0.00670	0.01042
13	0.81514	0.01273	0.00968	0.00866	0.01273	0.01477	0.00713	0.01935	0.01120	0.02954	0.00917	0.01069	0.00713	0.00611	0.00407	0.00204	0.00509	0.00356	0.00407	0.00713
14	0.01629	0.01564	0.02672	0.04041	0.72757	0.01564	0.02020	0.02020	0.01499	0.02151	0.01238	0.01629	0.01043	0.00587	0.00652	0.00196	0.00782	0.00587	0.00326	0.01043
15	0.01637	0.01414	0.01489	0.01340	0.01712	0.01637	0.01042	0.03498	0.71568	0.02754	0.02679	0.02456	0.02010	0.00893	0.00670	0.00223	0.00521	0.00744	0.00670	0.01042
16	0.00802	0.00573	0.00764	0.00917	0.00955	0.00535	0.00611	0.00917	0.01260	0.01681	0.03628	0.76434	0.04354	0.02062	0.00840	0.00267	0.00382	0.01872	0.00611	0.00535
17	0.02503	0.01844	0.01976	0.01515	0.02042	0.02042	0.01251	0.70562	0.03095	0.04149	0.01581	0.01581	0.01120	0.00790	0.00659	0.00198	0.00724	0.00593	0.00659	0.01120
18	0.00802	0.00573	0.00764	0.00917	0.00955	0.00535	0.00611	0.00917	0.01260	0.01681	0.03628	0.76434	0.04354	0.02062	0.00840	0.00267	0.00382	0.01872	0.00611	0.00535
19	0.00779	0.00663	0.00671	0.00677	0.00892	0.00555	0.00505	0.00944	0.01491	0.01775	0.06549	0.09102	0.69801	0.01683	0.00781	0.00224	0.00335	0.01408	0.00611	0.00555
20	0.01227	0.00614	0.00614	0.00614	0.00767	0.00614	0.00460	0.01534	0.01381	0.02454	0.02148	0.02454	0.01687	0.00767	0.00460	0.00153	0.00307	0.00614	0.80518	0.00614
21	0.02458	0.01567	0.01777	0.01352	0.01883	0.01607	0.01114	0.43889	0.02547	0.21340	0.01780	0.01717	0.01228	0.00754	0.00636	0.00185	0.00650	0.00582	0.00661	0.12273
22	0.01616	0.01250	0.01371	0.01206	0.01552	0.01374	0.00944	0.09553	0.42744	0.07159	0.15990	0.03073	0.07273	0.01014	0.00695	0.00216	0.00492	0.00850	0.00684	0.00943
23	0.00913	0.00666	0.00851	0.00865	0.01000	0.00619	0.00648	0.01156	0.01628	0.02222	0.41040	0.15876	0.13266	0.06410	0.00969	0.00258	0.00383	0.09986	0.00658	0.00584
24	0.01758	0.01474	0.01556	0.01364	0.01758	0.01694	0.01071	0.12830	0.62041	0.02948	0.02527	0.02334	0.01886	0.00879	0.00668	0.00220	0.00549	0.00723	0.00668	0.01053
25	0.01132	0.00580	0.00869	0.00869	0.00876	0.00586	0.00586	0.00876	0.00869	0.01166	0.01180	0.02035	0.01173	0.02442	0.06753	0.76194	0.00641	0.00580	0.00290	0.00303
26	0.00802	0.00573	0.00764	0.00917	0.00955	0.00535	0.00611	0.00917	0.01260	0.01681	0.03628	0.76434	0.04354	0.02062	0.00840	0.00267	0.00382	0.01872	0.00611	0.00535
27	0.01243	0.01170	0.01975	0.75282	0.04534	0.01463	0.01828	0.01682	0.01316	0.01682	0.01170	0.01755	0.00878	0.00658	0.00658	0.00219	0.00878	0.00585	0.00293	0.00731
28	0.01500	0.28141	0.24973	0.09082	0.04445	0.03898	0.05318	0.01986	0.03345	0.01856	0.01369	0.01977	0.01190	0.00733	0.00597	0.00196	0.00829	0.07374	0.00331	0.00860
29	0.02147	0.02637	0.01827	0.01643	0.01904	0.54778	0.01262	0.02311	0.01664	0.01615	0.01315	0.01540	0.05029	0.00835	0.00933	0.00198	0.16761	0.00512	0.00344	0.00742
30	0.01629	0.01564	0.02672	0.04041	0.72757	0.01564	0.02020	0.02020	0.01499	0.02151	0.01238	0.01629	0.01043	0.00587	0.00652	0.00196	0.00782	0.00587	0.00326	0.01043
31	0.02058	0.01089	0.01383	0.03413	0.01616	0.01014	0.00916	0.08988	0.05821	0.33608	0.06186	0.16186	0.02250	0.01032	0.00679	0.00203	0.00527	0.00878	0.00676	0.11478
32	0.04219	0.31683	0.12519	0.05575	0.06779	0.10605	0.01406	0.02123	0.05622	0.04172	0.01249	0.03858	0.01069	0.00712	0.00654	0.00185	0.05857	0.00508	0.00348	0.00858
33	0.00937	0.00745	0.00906	0.01040	0.04899	0.02710	0.00668	0.01068	0.01249	0.01622	0.03448	0.34279	0.15784	0.17512	0.09668	0.00418	0.00627	0.01353	0.00515	0.00551
34	0.00829	0.00606	0.00762	0.00851	0.00930	0.00558	0.00579	0.00970	0.01358	0.01800	0.13756	0.50056	0.14619	0.07856	0.01022	0.00282	0.00385	0.01630	0.00610	0.00539
35	0.07173	0.08358	0.04304	0.01567	0.06146	0.07571	0.07724	0.11109	0.10850	0.16617	0.04213	0.02275	0.05630	0.00825	0.00645	0.00202	0.00698	0.02611	0.00549	0.00935
36	0.21332	0.06551	0.01979	0.07632	0.12025	0.05913	0.06058	0.13398	0.03977	0.04749	0.01275	0.01500	0.00992	0.00701	0.00695	0.00203	0.06524	0.00527	0.03095	0.00873
37	0.08571	0.03905	0.08722	0.03551	0.07776	0.06645	0.03193	0.12124	0.06018	0.07101	0.08382	0.02716	0.05341	0.00945	0.00756	0.00217	0.05060	0.07613	0.00506	0.00859
38	0.08446	0.12771	0.13466	0.03476	0.01942	0.06026	0.03580	0.15274	0.06292	0.06832	0.06054	0.06875	0.01646	0.03643	0.00718	0.00215	0.00714	0.00668	0.00482	0.00879

[dist]
# distance from previous block
# <min> <max>
1	23

[block]
# block no. 2 follows, 33 sequences, length 43
# corresponding to MSA columns:
# 120-162
name=unknown_C
#
# <colnr> <probs for GDERKNQSTAVLIFYWHMCP>
#	G	D	E	R	K	N	Q	S	T	A	V	L	I	F	Y	W	H	M	C	P
0	0.10681	0.23539	0.13509	0.01441	0.02024	0.04665	0.04878	0.20534	0.06665	0.04266	0.01321	0.01416	0.01009	0.00671	0.00563	0.00186	0.00753	0.00497	0.00440	0.00943
1	0.01612	0.31467	0.21070	0.01407	0.01998	0.01878	0.05896	0.10465	0.01548	0.02072	0.01284	0.01671	0.01094	0.08551	0.00835	0.00223	0.00774	0.00522	0.04777	0.00856
2	0.01868	0.21170	0.21297	0.01519	0.02147	0.03618	0.03613	0.25056	0.06347	0.02647	0.01372	0.01538	0.01062	0.03139	0.00680	0.00202	0.00792	0.00527	0.00438	0.00968
3	0.01852	0.37351	0.14062	0.01353	0.01913	0.09272	0.01326	0.14206	0.01709	0.03682	0.01273	0.04532	0.01105	0.02991	0.00625	0.00186	0.00780	0.00513	0.00383	0.00886
4	0.02079	0.32789	0.06307	0.01345	0.01891	0.02193	0.01231	0.36255	0.02206	0.02868	0.01305	0.01457	0.01039	0.03510	0.00660	0.00191	0.00726	0.00502	0.00474	0.00973
5	0.01794	0.40221	0.22998	0.01422	0.02094	0.02179	0.01524	0.16632	0.01727	0.02255	0.01133	0.01263	0.00900	0.00629	0.00530	0.00172	0.00785	0.00441	0.00361	0.00940
6	0.01816	0.67783	0.05495	0.01192	0.01759	0.04601	0.01180	0.06567	0.01472	0.01741	0.00971	0.01105	0.00863	0.00584	0.00449	0.00148	0.00728	0.00374	0.00308	0.00865
7	0.01388	0.14837	0.62617	0.01760	0.02670	0.01695	0.02230	0.02067	0.01382	0.02002	0.01140	0.01338	0.00836	0.00616	0.00594	0.00198	0.00931	0.00466	0.00279	0.00953
8	0.01343	0.01232	0.04017	0.01006	0.01586	0.00889	0.00835	0.01647	0.01362	0.02126	0.01259	0.04067	0.01091	0.00549	0.00505	0.00108	0.00502	0.00447	0.00394	0.75034
9	0.01809	0.35743	0.26596	0.01398	0.02085	0.04085	0.01534	0.02215	0.01458	0.13081	0.01282	0.01369	0.00969	0.00625	0.00536	0.00173	0.00780	0.00450	0.00370	0.03441
10	0.01144	0.00572	0.00858	0.00858	0.00858	0.00572	0.00572	0.00858	0.00858	0.01144	0.01144	0.02001	0.01144	0.02287	0.02573	0.80846	0.00572	0.00572	0.00286	0.00286
11	0.00932	0.00673	0.00880	0.00828	0.00984	0.00621	0.00621	0.01242	0.01863	0.02640	0.72410	0.04918	0.06212	0.01346	0.00776	0.00207	0.00311	0.01191	0.00725	0.00621
12	0.01832	0.04605	0.02028	0.07276	0.25136	0.29863	0.01444	0.02193	0.05511	0.01910	0.04662	0.02023	0.07199	0.00766	0.00638	0.00189	0.00872	0.00616	0.00387	0.00847
13	0.01445	0.17671	0.48334	0.01875	0.02718	0.01763	0.13254	0.02066	0.01406	0.01983	0.01154	0.01387	0.00863	0.00602	0.00610	0.00197	0.00942	0.00507	0.00288	0.00934
14	0.02086	0.01506	0.01647	0.03414	0.01841	0.08634	0.03912	0.13931	0.23619	0.19600	0.02182	0.02381	0.01664	0.07788	0.00914	0.00249	0.00677	0.02377	0.00619	0.00961
15	0.00974	0.00724	0.01001	0.00985	0.01058	0.00829	0.00720	0.01128	0.01023	0.01450	0.01814	0.03080	0.01845	0.28014	0.47317	0.00880	0.05482	0.00780	0.00364	0.00534
16	0.01760	0.02000	0.12055	0.12142	0.14435	0.16325	0.10625	0.03746	0.03367	0.08163	0.03187	0.04092	0.03666	0.00746	0.00668	0.00204	0.00883	0.00654	0.00404	0.00880
17	0.10178	0.17024	0.12146	0.05137	0.17524	0.06115	0.03747	0.05685	0.08360	0.06137	0.01351	0.01518	0.01050	0.00650	0.00580	0.00191	0.00762	0.00518	0.00396	0.00932
18	0.02393	0.01864	0.02057	0.01833	0.10735	0.05012	0.01347	0.59285	0.02847	0.03797	0.01515	0.01570	0.01099	0.00761	0.00655	0.00196	0.00751	0.00585	0.00604	0.01095
19	0.00941	0.00757	0.01029	0.04129	0.04163	0.00706	0.02905	0.01207	0.01639	0.02196	0.36036	0.12240	0.24188	0.01442	0.00778	0.00222	0.00404	0.03764	0.00630	0.00624
20	0.01002	0.00691	0.00882	0.00965	0.01069	0.00666	0.00679	0.03766	0.04348	0.04824	0.06037	0.60445	0.06267	0.01868	0.00817	0.00258	0.00411	0.03768	0.00628	0.00608
21	0.08634	0.09090	0.06462	0.02648	0.31959	0.04686	0.10710	0.06486	0.01595	0.06750	0.01371	0.01765	0.01114	0.00662	0.00632	0.00199	0.00798	0.03096	0.00390	0.00952
22	0.04218	0.38532	0.17813	0.04179	0.02131	0.04249	0.03595	0.09202	0.01586	0.07213	0.01189	0.01320	0.00930	0.00626	0.00532	0.00174	0.00781	0.00452	0.00366	0.00911
23	0.01518	0.01525	0.05106	0.13015	0.46061	0.01502	0.06214	0.02057	0.07340	0.02164	0.05860	0.01924	0.01418	0.00669	0.00669	0.00204	0.00771	0.00646	0.00374	0.00962
24	0.01046	0.00790	0.00937	0.00955	0.01117	0.00778	0.00698	0.08108	0.06026	0.02143	0.12429	0.39566	0.17146	0.01688	0.00794	0.00243	0.00415	0.03845	0.00633	0.00643
25	0.04095	0.10971	0.06128	0.09260	0.06650	0.01592	0.11415	0.06187	0.04471	0.07250	0.08144	0.06861	0.01738	0.00879	0.00871	0.00217	0.11267	0.00725	0.00439	0.00841
26	0.06217	0.04007	0.07409	0.01266	0.04074	0.01142	0.01034	0.12464	0.01758	0.20824	0.06555	0.22813	0.02398	0.01135	0.00686	0.00215	0.00562	0.00966	0.00609	0.03864
27	0.00913	0.00664	0.00837	0.00917	0.01015	0.00631	0.00655	0.03378	0.01422	0.01884	0.11552	0.44659	0.11711	0.07805	0.01027	0.00287	0.00426	0.09045	0.00608	0.00564
28	0.06136	0.06258	0.07292	0.13101	0.18737	0.20043	0.11738	0.02090	0.01536	0.01929	0.01374	0.01675	0.03917	0.00664	0.00634	0.00196	0.00922	0.00574	0.00336	0.00848
29	0.01678	0.33115	0.29885	0.01608	0.02332	0.01968	0.09070	0.04986	0.01489	0.06460	0.01196	0.01357	0.00919	0.00611	0.00563	0.00182	0.00842	0.00479	0.00335	0.00927
30	0.00943	0.00695	0.01005	0.01005	0.01104	0.00794	0.00756	0.01141	0.01042	0.01489	0.01812	0.02856	0.01763	0.16217	0.63136	0.00992	0.01587	0.00745	0.00360	0.00558
31	0.01320	0.03405	0.73453	0.01876	0.02849	0.01529	0.02432	0.02085	0.01390	0.02085	0.01181	0.01390	0.00834	0.00625	0.00625	0.00208	0.00973	0.00486	0.00278	0.00973
32	0.01729	0.08975	0.11279	0.09844	0.14830	0.09878	0.07489	0.06017	0.09006	0.06693	0.04036	0.04452	0.01400	0.00743	0.00646	0.00200	0.00808	0.00639	0.00425	0.00913
33	0.01174	0.01051	0.01516	0.06035	0.01613	0.01366	0.01139	0.01382	0.01104	0.01629	0.05295	0.04542	0.01594	0.02718	0.31594	0.00595	0.33944	0.00706	0.00349	0.00655
34	0.00802	0.00573	0.00764	0.00917	0.00955	0.00535	0.00611	0.00917	0.01260	0.01681	0.03628	0.76434	0.04354	0.02062	0.00840	0.00267	0.00382	0.01872	0.00611	0.00535
35	0.04801	0.29554	0.12412	0.01625	0.07067	0.14987	0.03613	0.08536	0.01660	0.08284	0.01216	0.01343	0.00953	0.00639	0.00551	0.00175	0.00829	0.00464	0.00382	0.00908
36	0.04318	0.07270	0.17895	0.05679	0.07936	0.04720	0.03971	0.19663	0.10336	0.04946	0.01650	0.01763	0.03353	0.00747	0.00675	0.00204	0.02854	0.00589	0.00464	0.00967
37	0.00913	0.00736	0.01037	0.03836	0.02882	0.00698	0.04419	0.01151	0.03175	0.01896	0.13654	0.42739	0.16983	0.01690	0.00801	0.00243	0.00433	0.01520	0.00595	0.00602
38	0.07284	0.09729	0.04688	0.08321	0.16206	0.09210	0.01400	0.18300	0.01854	0.06869	0.01302	0.01488	0.01002	0.00671	0.00631	0.00186	0.02607	0.00516	0.00436	0.07300
39	0.03759	0.01424	0.04516	0.06104	0.12610	0.10523	0.01149	0.02000	0.10109	0.07929	0.04783	0.13329	0.06058	0.06354	0.00870	0.00241	0.00662	0.02975	0.00497	0.04109
40	0.06913	0.10126	0.02032	0.04455	0.13709	0.11391	0.03414	0.10314	0.15327	0.02378	0.01556	0.04405	0.01280	0.00728	0.00601	0.00186	0.00720	0.00588	0.00450	0.09427
41	0.05778	0.01526	0.03352	0.01543	0.08065	0.08968	0.01129	0.20418	0.06087	0.04355	0.05014	0.14316	0.04871	0.01199	0.03545	0.00246	0.05760	0.00840	0.00529	0.02461
42	0.01667	0.07822	0.01776	0.09245	0.09989	0.06700	0.01166	0.15732	0.03740	0.05311	0.08192	0.08409	0.04114	0.03621	0.02992	0.00239	0.02351	0.00759	0.02327	0.03847

[dist]
# distance from previous block
# <min> <max>
8	32

[block]
# block no. 3 follows, 33 sequences, length 6
# corresponding to MSA columns:
# 195-200
name=unknown_D
#
# <colnr> <probs for GDERKNQSTAVLIFYWHMCP>
#	G	D	E	R	K	N	Q	S	T	A	V	L	I	F	Y	W	H	M	C	P
0	0.07823	0.01418	0.02073	0.13748	0.08863	0.01771	0.06864	0.01930	0.09271	0.01937	0.01198	0.01622	0.01013	0.00901	0.01359	0.00249	0.36212	0.00596	0.00349	0.00801
1	0.01132	0.00864	0.01006	0.00938	0.01153	0.00858	0.00709	0.09330	0.08648	0.02515	0.34471	0.14838	0.18175	0.01405	0.00762	0.00219	0.00394	0.01216	0.00673	0.00694
2	0.01690	0.20254	0.17894	0.01561	0.04353	0.01780	0.06193	0.09048	0.15224	0.04665	0.01506	0.01595	0.01154	0.00663	0.00585	0.00182	0.00731	0.00533	0.00428	0.09962
3	0.01111	0.00999	0.01286	0.01119	0.01356	0.06590	0.08701	0.01420	0.01766	0.02358	0.47110	0.04554	0.13392	0.01264	0.00768	0.00212	0.00489	0.04222	0.00629	0.00654
4	0.04606	0.15261	0.13585	0.01668	0.08760	0.03912	0.03621	0.17202	0.06768	0.09895	0.07069	0.01831	0.01507	0.00740	0.00615	0.00192	0.00722	0.00590	0.00492	0.00963
5	0.00892	0.00681	0.00747	0.00759	0.00921	0.00623	0.00547	0.01120	0.04021	0.01868	0.11777	0.13263	0.38869	0.12330	0.01133	0.00284	0.00395	0.03638	0.05573	0.00561

[dist]
# distance from previous block
# <min> <max>
1	10

[block]
# block no. 4 follows, 33 sequences, length 13
# corresponding to MSA columns:
# 211-223
name=unknown_E
#
# <colnr> <probs for GDERKNQSTAVLIFYWHMCP>
#	G	D	E	R	K	N	Q	S	T	A	V	L	I	F	Y	W	H	M	C	P
0	0.09087	0.27241	0.41399	0.01524	0.02295	0.01892	0.01805	0.04300	0.01404	0.02061	0.01083	0.01257	0.00836	0.00609	0.00540	0.00186	0.00833	0.00434	0.00304	0.00911
1	0.06888	0.10080	0.07542	0.01744	0.06980	0.14224	0.07418	0.19876	0.04260	0.10080	0.01417	0.01527	0.01057	0.00707	0.00667	0.00194	0.03372	0.00544	0.00473	0.00952
2	0.01712	0.37597	0.22261	0.01648	0.07761	0.04370	0.04451	0.02108	0.01447	0.07227	0.03066	0.01420	0.01067	0.00625	0.00544	0.00175	0.00795	0.00474	0.00340	0.00910
3	0.00927	0.00629	0.00742	0.00770	0.00783	0.00627	0.00457	0.00959	0.01019	0.01363	0.02352	0.17758	0.02728	0.59665	0.06006	0.00587	0.00640	0.01118	0.00437	0.00433
4	0.00808	0.00589	0.00761	0.00885	0.00950	0.00543	0.00600	0.00941	0.01325	0.01754	0.08472	0.64380	0.11620	0.01974	0.00830	0.00259	0.00372	0.01776	0.00619	0.00543
5	0.01453	0.01122	0.01334	0.00984	0.01523	0.00860	0.00782	0.01734	0.01416	0.07911	0.03426	0.05331	0.01347	0.00618	0.00528	0.00118	0.00483	0.00510	0.00445	0.68074
6	0.04487	0.20077	0.22805	0.03600	0.09389	0.04035	0.16857	0.02120	0.03755	0.03537	0.01216	0.01464	0.00947	0.00617	0.00640	0.00195	0.02482	0.00538	0.00327	0.00910
7	0.01571	0.13836	0.24570	0.01329	0.02018	0.04535	0.01392	0.01992	0.01427	0.06960	0.01227	0.01378	0.00950	0.00574	0.00538	0.00150	0.00711	0.00435	0.00365	0.34044
8	0.01128	0.09504	0.05379	0.01282	0.01531	0.01190	0.06555	0.01408	0.01144	0.01609	0.01556	0.02227	0.01421	0.03671	0.52445	0.00803	0.05489	0.00653	0.00336	0.00668
9	0.01596	0.04580	0.29798	0.01572	0.02140	0.06736	0.01632	0.06434	0.06693	0.05942	0.04552	0.01764	0.02695	0.00800	0.00887	0.00209	0.13693	0.00570	0.00401	0.07306
10	0.01996	0.10880	0.09146	0.01466	0.01996	0.01822	0.05158	0.41663	0.02386	0.03171	0.02017	0.05929	0.07689	0.00881	0.00654	0.00199	0.00715	0.00704	0.00550	0.00977
11	0.05120	0.46569	0.02599	0.01145	0.01634	0.10399	0.01035	0.02020	0.03623	0.04317	0.01446	0.04214	0.04517	0.00699	0.00497	0.00156	0.00690	0.00494	0.00363	0.08461
12	0.16570	0.13268	0.05297	0.01251	0.01726	0.05353	0.01088	0.24523	0.01999	0.12317	0.05267	0.05546	0.01480	0.00808	0.00588	0.00194	0.00656	0.00606	0.00542	0.00922

[dist]
# distance from previous block
# <min> <max>
1	19

[block]
# block no. 5 follows, 33 sequences, length 22
# corresponding to MSA columns:
# 243-264
name=unknown_F
#
# <colnr> <probs for GDERKNQSTAVLIFYWHMCP>
#	G	D	E	R	K	N	Q	S	T	A	V	L	I	F	Y	W	H	M	C	P
0	0.01723	0.14783	0.04959	0.12276	0.22536	0.11066	0.03554	0.05564	0.06817	0.03872	0.01445	0.05923	0.01237	0.00730	0.00621	0.00194	0.00799	0.00616	0.00386	0.00899
1	0.06509	0.01393	0.04457	0.13609	0.27505	0.03456	0.01476	0.05080	0.01487	0.04737	0.01845	0.11534	0.05220	0.00889	0.00721	0.00210	0.03824	0.00765	0.00412	0.04871
2	0.04674	0.08823	0.06984	0.01625	0.06081	0.04038	0.08761	0.18534	0.14355	0.04399	0.04427	0.04457	0.06354	0.00872	0.00661	0.00206	0.00699	0.02598	0.00524	0.00927
3	0.01731	0.01835	0.15257	0.03933	0.17684	0.01488	0.17977	0.08170	0.06693	0.10981	0.01787	0.04626	0.03254	0.00739	0.00690	0.00211	0.00818	0.00704	0.00450	0.00970
4	0.00806	0.00586	0.00761	0.00890	0.00950	0.00541	0.00602	0.00936	0.01312	0.01737	0.07352	0.66569	0.10549	0.01991	0.00831	0.00260	0.00374	0.01794	0.00617	0.00541
5	0.10262	0.10724	0.05701	0.05400	0.02083	0.30376	0.01273	0.19546	0.01988	0.05031	0.01212	0.01339	0.00932	0.00688	0.00580	0.00183	0.00898	0.00472	0.00432	0.00879
6	0.01930	0.12878	0.02324	0.09998	0.10189	0.13132	0.09501	0.11775	0.01794	0.10120	0.03875	0.03862	0.01408	0.00771	0.00646	0.00197	0.00818	0.03440	0.00452	0.00890
7	0.01379	0.09705	0.61449	0.01887	0.02798	0.01634	0.08082	0.02077	0.01399	0.02040	0.01171	0.01394	0.00849	0.00614	0.00621	0.00204	0.00961	0.00499	0.00283	0.00955
8	0.00861	0.00670	0.00782	0.00754	0.00940	0.00591	0.00566	0.01106	0.01697	0.02244	0.42197	0.05569	0.36671	0.01494	0.00777	0.00214	0.00321	0.01282	0.00673	0.00591
9	0.01789	0.01626	0.02519	0.02812	0.33192	0.05224	0.14180	0.10273	0.03532	0.06743	0.01626	0.01977	0.03627	0.00734	0.00779	0.00210	0.05506	0.02264	0.00421	0.00967
10	0.04881	0.04463	0.15090	0.05823	0.04689	0.03299	0.02839	0.06531	0.15739	0.21835	0.01958	0.04643	0.01447	0.00807	0.00689	0.00211	0.02877	0.00651	0.00549	0.00979
11	0.00845	0.00604	0.00813	0.00966	0.01023	0.00572	0.00686	0.00991	0.01303	0.01729	0.03605	0.65006	0.04261	0.02022	0.00852	0.00273	0.00419	0.12877	0.00610	0.00547
12	0.00802	0.00573	0.00764	0.00917	0.00955	0.00535	0.00611	0.00917	0.01260	0.01681	0.03628	0.76434	0.04354	0.02062	0.00840	0.00267	0.00382	0.01872	0.00611	0.00535
13	0.11203	0.07942	0.01872	0.05728	0.04300	0.10454	0.03691	0.08023	0.04667	0.30305	0.01758	0.01742	0.01226	0.00741	0.00663	0.00199	0.03403	0.00564	0.00564	0.00956
14	0.05829	0.01507	0.02508	0.11413	0.61741	0.01549	0.01931	0.01980	0.01460	0.02144	0.01214	0.01613	0.01008	0.00595	0.00639	0.00198	0.00778	0.00574	0.00327	0.00992
15	0.00808	0.00609	0.00735	0.00824	0.00921	0.00550	0.00564	0.00938	0.01334	0.01716	0.06627	0.48054	0.25301	0.06605	0.00976	0.00275	0.00381	0.01644	0.00601	0.00535
16	0.04545	0.46202	0.18927	0.01363	0.01980	0.10946	0.01422	0.02130	0.03931	0.01770	0.01051	0.01198	0.00880	0.00605	0.00497	0.00165	0.00810	0.00405	0.00306	0.00866
17	0.22609	0.04422	0.10363	0.03559	0.08198	0.04294	0.11210	0.10740	0.03644	0.10158	0.01357	0.01520	0.01002	0.00677	0.00651	0.00206	0.03500	0.00541	0.00443	0.00908
18	0.10112	0.01695	0.05838	0.04809	0.23098	0.05992	0.04616	0.15145	0.05806	0.05337	0.03738	0.01693	0.01233	0.00697	0.00664	0.00197	0.02683	0.00578	0.00450	0.05620
19	0.01737	0.11258	0.06123	0.03717	0.06356	0.09226	0.11202	0.08749	0.07270	0.07481	0.04320	0.02146	0.06692	0.01064	0.05302	0.00255	0.05113	0.00669	0.00450	0.00869
20	0.11195	0.09382	0.04504	0.10666	0.05200	0.14665	0.01230	0.09762	0.01670	0.11064	0.01489	0.03917	0.02494	0.00744	0.00637	0.00189	0.03240	0.00554	0.00444	0.06955
21	0.01988	0.05390	0.11967	0.04429	0.14757	0.12392	0.01438	0.08224	0.01773	0.17693	0.07372	0.02042	0.01593	0.00765	0.00643	0.00194	0.00763	0.02325	0.00495	0.03756

[dist]
# distance from previous block
# <min> <max>
2	18

[block]
# block no. 6 follows, 33 sequences, length 29
# corresponding to MSA columns:
# 283-311
name=unknown_G
#
# <colnr> <probs for GDERKNQSTAVLIFYWHMCP>
#	G	D	E	R	K	N	Q	S	T	A	V	L	I	F	Y	W	H	M	C	P
0	0.15743	0.08019	0.05677	0.01460	0.05210	0.07838	0.06418	0.11890	0.01703	0.11721	0.03160	0.09069	0.01465	0.00812	0.00604	0.00194	0.00688	0.00659	0.00489	0.07179
1	0.01475	0.01297	0.01409	0.04224	0.01639	0.09337	0.03789	0.12861	0.07642	0.02410	0.15344	0.13419	0.06060	0.03391	0.00798	0.00226	0.00610	0.06859	0.00567	0.06644
2	0.03942	0.12257	0.07742	0.05439	0.03774	0.10754	0.04727	0.06670	0.03721	0.13052	0.05725	0.11484	0.03648	0.00915	0.00642	0.00198	0.00710	0.00757	0.00494	0.03350
3	0.01707	0.01570	0.05220	0.03732	0.01635	0.15645	0.01004	0.15463	0.01790	0.07985	0.02453	0.19658	0.07616	0.10282	0.01020	0.00265	0.00701	0.00963	0.00529	0.00760
4	0.01557	0.01293	0.01899	0.05598	0.04364	0.04592	0.15516	0.02017	0.08754	0.10446	0.03834	0.10058	0.04068	0.06358	0.00962	0.00238	0.04998	0.00824	0.02563	0.10061
5	0.02469	0.02856	0.01890	0.01657	0.02037	0.58513	0.01267	0.17412	0.02133	0.02163	0.01140	0.01273	0.00907	0.00703	0.00608	0.00176	0.01086	0.00461	0.00409	0.00841
6	0.01377	0.01209	0.01527	0.01091	0.01681	0.00928	0.05243	0.01687	0.01377	0.02143	0.01180	0.01391	0.00977	0.00492	0.00506	0.00105	0.00527	0.00415	0.00386	0.75757
7	0.00863	0.00654	0.00796	0.00796	0.00951	0.00587	0.00584	0.01097	0.01650	0.02216	0.40814	0.17938	0.25521	0.01567	0.00788	0.00222	0.00330	0.01369	0.00671	0.00587
8	0.01605	0.01539	0.02627	0.08610	0.68381	0.01558	0.02008	0.01999	0.01487	0.02121	0.01234	0.01637	0.01032	0.00591	0.00652	0.00197	0.00788	0.00586	0.00324	0.01023
9	0.00796	0.00668	0.00692	0.00686	0.00900	0.00563	0.00514	0.00979	0.01542	0.01878	0.14260	0.06172	0.64837	0.01630	0.00778	0.00221	0.00331	0.01366	0.00624	0.00563
10	0.00947	0.00679	0.00927	0.00927	0.00999	0.00752	0.00659	0.01091	0.01019	0.01431	0.01883	0.03251	0.01935	0.32725	0.46862	0.00896	0.01329	0.00803	0.00371	0.00515
11	0.00955	0.00647	0.00763	0.00763	0.00778	0.00663	0.00455	0.00986	0.00971	0.01310	0.02033	0.04081	0.02295	0.67397	0.12683	0.00693	0.00786	0.00924	0.00393	0.00424
12	0.02783	0.01240	0.01583	0.01231	0.01730	0.01165	0.01011	0.12052	0.07957	0.58190	0.02471	0.02173	0.01595	0.00818	0.00662	0.00205	0.00578	0.00660	0.00782	0.01114
13	0.02503	0.01844	0.01976	0.01515	0.02042	0.02042	0.01251	0.70562	0.03095	0.04149	0.01581	0.01581	0.01120	0.00790	0.00659	0.00198	0.00724	0.00593	0.00659	0.01120
14	0.01243	0.01170	0.01975	0.75282	0.04534	0.01463	0.01828	0.01682	0.01316	0.01682	0.01170	0.01755	0.00878	0.00658	0.00658	0.00219	0.00878	0.00585	0.00293	0.00731
15	0.01637	0.01414	0.01489	0.01340	0.01712	0.01637	0.01042	0.03498	0.71568	0.02754	0.02679	0.02456	0.02010	0.00893	0.00670	0.00223	0.00521	0.00744	0.00670	0.01042
16	0.01365	0.01329	0.01872	0.01627	0.01645	0.01836	0.01347	0.01523	0.01016	0.01576	0.01000	0.01613	0.00982	0.01724	0.13054	0.00404	0.64493	0.00596	0.00298	0.00700
17	0.02432	0.01809	0.01936	0.01500	0.02015	0.02009	0.01234	0.65083	0.08690	0.04035	0.01670	0.01652	0.01192	0.00799	0.00659	0.00200	0.00708	0.00605	0.00659	0.01113
18	0.01554	0.01776	0.03885	0.02775	0.03441	0.01665	0.70366	0.02109	0.01554	0.02109	0.01332	0.01776	0.00999	0.00555	0.00777	0.00222	0.01110	0.00777	0.00333	0.00888
19	0.00802	0.00573	0.00764	0.00917	0.00955	0.00535	0.00611	0.00917	0.01260	0.01681	0.03628	0.76434	0.04354	0.02062	0.00840	0.00267	0.00382	0.01872	0.00611	0.00535
20	0.15529	0.02116	0.01727	0.04011	0.03914	0.27560	0.01190	0.24252	0.06342	0.02748	0.01377	0.01612	0.01088	0.00751	0.00602	0.00194	0.00844	0.02775	0.00480	0.00887
21	0.01554	0.01776	0.03885	0.02775	0.03441	0.01665	0.70366	0.02109	0.01554	0.02109	0.01332	0.01776	0.00999	0.00555	0.00777	0.00222	0.01110	0.00777	0.00333	0.00888
22	0.00950	0.00635	0.00720	0.00727	0.00729	0.00633	0.00409	0.00955	0.00971	0.01295	0.02147	0.07667	0.02485	0.73380	0.03234	0.00621	0.00626	0.01000	0.00409	0.00405
23	0.02636	0.01140	0.01475	0.01169	0.01642	0.01046	0.00953	0.03129	0.12393	0.58670	0.02832	0.02497	0.05552	0.00873	0.00670	0.00208	0.00542	0.00714	0.00782	0.01078
24	0.02463	0.01908	0.06481	0.01502	0.02025	0.07053	0.01289	0.48204	0.02636	0.14930	0.01656	0.01642	0.01156	0.00787	0.00699	0.00200	0.03088	0.00584	0.00625	0.01072
25	0.01541	0.01865	0.07679	0.02726	0.03408	0.01657	0.66661	0.02107	0.01545	0.02107	0.01324	0.01755	0.00990	0.00559	0.00769	0.00221	0.01102	0.00761	0.00330	0.00893
26	0.00801	0.00577	0.00760	0.00906	0.00952	0.00536	0.00607	0.00918	0.01270	0.01685	0.03754	0.73541	0.07166	0.02046	0.00838	0.00265	0.00380	0.01852	0.00611	0.00536
27	0.01477	0.03809	0.02218	0.42940	0.17034	0.01588	0.05600	0.06795	0.08129	0.02067	0.01356	0.01764	0.01039	0.00667	0.00657	0.00211	0.00822	0.00604	0.00362	0.00860
28	0.00802	0.00573	0.00764	0.00917	0.00955	0.00535	0.00611	0.00917	0.01260	0.01681	0.03628	0.76434	0.04354	0.02062	0.00840	0.00267	0.00382	0.01872	0.00611	0.00535

[dist]
# distance from previous block
# <min> <max>
0	2

[block]
# block no. 7 follows, 33 sequences, length 9
# corresponding to MSA columns:
# 314-322
name=unknown_H
#
# <colnr> <probs for GDERKNQSTAVLIFYWHMCP>
#	G	D	E	R	K	N	Q	S	T	A	V	L	I	F	Y	W	H	M	C	P
0	0.01451	0.01226	0.01410	0.01029	0.01599	0.00993	0.00824	0.06057	0.05450	0.02305	0.01281	0.01440	0.01043	0.00529	0.00509	0.00111	0.00504	0.00423	0.00423	0.71393
1	0.01877	0.05445	0.04727	0.04168	0.14807	0.08320	0.06648	0.20773	0.12371	0.02657	0.04261	0.01791	0.01352	0.00772	0.00779	0.00207	0.06987	0.00619	0.00477	0.00962
2	0.00957	0.00638	0.00718	0.00718	0.00718	0.00638	0.00399	0.00957	0.00957	0.01276	0.02074	0.04308	0.02393	0.76864	0.03351	0.00638	0.00638	0.00957	0.00399	0.00399
3	0.01476	0.01377	0.06545	0.01473	0.11551	0.01022	0.01076	0.01813	0.01411	0.05604	0.01250	0.01446	0.01007	0.00527	0.00528	0.00124	0.00566	0.00437	0.00394	0.60373
4	0.02122	0.01618	0.01771	0.01334	0.01880	0.01652	0.01094	0.47503	0.02516	0.03478	0.01443	0.01508	0.01071	0.00689	0.00601	0.00164	0.00645	0.00525	0.00569	0.27815
5	0.02503	0.01844	0.01976	0.01515	0.02042	0.02042	0.01251	0.70562	0.03095	0.04149	0.01581	0.01581	0.01120	0.00790	0.00659	0.00198	0.00724	0.00593	0.00659	0.01120
6	0.01089	0.00771	0.00858	0.00824	0.00918	0.00773	0.00533	0.08803	0.01308	0.01716	0.02826	0.12567	0.12071	0.49391	0.02406	0.00489	0.00577	0.01080	0.00482	0.00517
7	0.01675	0.09064	0.15328	0.06205	0.08413	0.05037	0.01376	0.07673	0.04772	0.08906	0.06448	0.01897	0.03176	0.00712	0.00604	0.00177	0.00697	0.00574	0.00447	0.16819
8	0.07795	0.17733	0.10506	0.01773	0.13694	0.03692	0.01375	0.11445	0.06254	0.04846	0.01496	0.05035	0.01280	0.00772	0.00643	0.00193	0.03227	0.03027	0.00428	0.04785

[dist]
# distance from previous block
# <min> <max>
0	3

[block]
# block no. 8 follows, 33 sequences, length 23
# corresponding to MSA columns:
# 326-348
name=unknown_I
#
# <colnr> <probs for GDERKNQSTAVLIFYWHMCP>
#	G	D	E	R	K	N	Q	S	T	A	V	L	I	F	Y	W	H	M	C	P
0	0.00956	0.04274	0.00983	0.00897	0.01055	0.00735	0.00677	0.01257	0.04514	0.02187	0.35123	0.24612	0.12463	0.01556	0.00782	0.00230	0.00381	0.06049	0.00650	0.00617
1	0.01520	0.05586	0.17258	0.01567	0.10187	0.01228	0.01320	0.04261	0.03812	0.07605	0.01724	0.05534	0.04561	0.00717	0.00590	0.00166	0.00641	0.00594	0.00425	0.30706
2	0.01630	0.07682	0.02019	0.01974	0.17198	0.10760	0.04639	0.06843	0.05109	0.03937	0.07881	0.04323	0.03676	0.01281	0.07932	0.00291	0.09345	0.02212	0.00434	0.00836
3	0.01320	0.03405	0.73453	0.01876	0.02849	0.01529	0.02432	0.02085	0.01390	0.02085	0.01181	0.01390	0.00834	0.00625	0.00625	0.00208	0.00973	0.00486	0.00278	0.00973
4	0.01419	0.01295	0.02089	0.57057	0.15467	0.01531	0.01808	0.07878	0.01505	0.01979	0.01218	0.01719	0.00926	0.00658	0.00657	0.00214	0.00848	0.00586	0.00331	0.00817
5	0.00830	0.00659	0.00746	0.00745	0.00926	0.00574	0.00551	0.01037	0.01591	0.02044	0.27416	0.13349	0.43988	0.01606	0.00784	0.00222	0.00331	0.01377	0.00648	0.00574
6	0.01629	0.01564	0.02672	0.04041	0.72757	0.01564	0.02020	0.02020	0.01499	0.02151	0.01238	0.01629	0.01043	0.00587	0.00652	0.00196	0.00782	0.00587	0.00326	0.01043
7	0.00973	0.00707	0.00954	0.00945	0.01021	0.00786	0.00683	0.01135	0.01106	0.01579	0.06883	0.07119	0.02300	0.25944	0.37264	0.00755	0.04695	0.00867	0.03746	0.00538
8	0.00921	0.00695	0.00863	0.00939	0.01050	0.00679	0.00665	0.01270	0.09218	0.01964	0.14319	0.49532	0.09864	0.01783	0.00808	0.00251	0.00389	0.03547	0.00635	0.00608
9	0.01487	0.01166	0.01378	0.00990	0.01569	0.00884	0.00794	0.01777	0.01405	0.07606	0.01280	0.01432	0.01025	0.00513	0.00501	0.00106	0.00493	0.00411	0.00423	0.74759
10	0.00835	0.00593	0.00786	0.00928	0.00973	0.00561	0.00635	0.00958	0.01261	0.01677	0.03507	0.65502	0.04169	0.07287	0.01022	0.00296	0.00419	0.07464	0.00596	0.00531
11	0.44526	0.01201	0.01231	0.01010	0.01465	0.01237	0.00833	0.02535	0.01480	0.36033	0.01708	0.01621	0.01145	0.00707	0.00527	0.00204	0.00533	0.00500	0.00599	0.00905
12	0.02503	0.01844	0.01976	0.01515	0.02042	0.02042	0.01251	0.70562	0.03095	0.04149	0.01581	0.01581	0.01120	0.00790	0.00659	0.00198	0.00724	0.00593	0.00659	0.01120
13	0.01374	0.01304	0.02212	0.51067	0.27723	0.01497	0.01894	0.01797	0.01378	0.01841	0.01193	0.01712	0.00934	0.00634	0.00656	0.00211	0.00845	0.00586	0.00304	0.00837
14	0.01559	0.01480	0.02510	0.03775	0.66645	0.01477	0.01900	0.01926	0.01479	0.02111	0.01442	0.07997	0.01325	0.00712	0.00668	0.00202	0.00748	0.00696	0.00350	0.01000
15	0.01491	0.01686	0.03625	0.02604	0.03235	0.01575	0.64724	0.02015	0.01550	0.02082	0.01763	0.02144	0.06773	0.00645	0.00777	0.00222	0.01047	0.00826	0.00355	0.00861
16	0.00820	0.00586	0.00785	0.00937	0.00984	0.00550	0.00643	0.00948	0.01278	0.01701	0.03618	0.71595	0.04314	0.02045	0.00845	0.00270	0.00398	0.06531	0.00611	0.00540
17	0.01227	0.00614	0.00614	0.00614	0.00767	0.00614	0.00460	0.01534	0.01381	0.02454	0.02148	0.02454	0.01687	0.00767	0.00460	0.00153	0.00307	0.00614	0.80518	0.00614
18	0.00791	0.00667	0.00685	0.00681	0.00897	0.00561	0.00510	0.00970	0.01531	0.01852	0.12265	0.06215	0.66848	0.01640	0.00778	0.00221	0.00332	0.01372	0.00621	0.00561
19	0.02271	0.02996	0.07600	0.01714	0.02071	0.61500	0.01381	0.02485	0.01746	0.01646	0.01016	0.01228	0.00848	0.00720	0.00746	0.00184	0.08300	0.00444	0.00329	0.00776
20	0.01559	0.01696	0.15098	0.01510	0.07789	0.01197	0.03194	0.07400	0.03516	0.05762	0.01327	0.01493	0.01027	0.00575	0.00562	0.00147	0.00644	0.00474	0.00412	0.44617
21	0.01887	0.15645	0.04505	0.02632	0.31326	0.11125	0.07741	0.13254	0.01778	0.02292	0.01214	0.01468	0.00985	0.00625	0.00614	0.00185	0.00844	0.00539	0.00373	0.00968
22	0.00908	0.00672	0.00848	0.00804	0.00969	0.00611	0.00603	0.01197	0.01808	0.02509	0.62400	0.05133	0.16304	0.01395	0.00777	0.00209	0.00314	0.01221	0.00707	0.00611

[dist]
# distance from previous block
# <min> <max>
5	7

[block]
# block no. 9 follows, 33 sequences, length 13
# corresponding to MSA columns:
# 356-368
name=unknown_J
#
# <colnr> <probs for GDERKNQSTAVLIFYWHMCP>
#	G	D	E	R	K	N	Q	S	T	A	V	L	I	F	Y	W	H	M	C	P
0	0.01522	0.25425	0.35225	0.05423	0.02479	0.05023	0.05549	0.02009	0.01365	0.01837	0.01072	0.01324	0.00852	0.00655	0.00712	0.00195	0.07690	0.00472	0.00286	0.00885
1	0.10442	0.01311	0.05101	0.01207	0.01657	0.01208	0.01017	0.12544	0.08206	0.36357	0.02350	0.11931	0.01820	0.00955	0.00658	0.00213	0.00573	0.00781	0.00683	0.00985
2	0.00778	0.00667	0.00667	0.00667	0.00889	0.00556	0.00500	0.00945	0.01501	0.01778	0.06669	0.06336	0.72490	0.01667	0.00778	0.00222	0.00333	0.01389	0.00611	0.00556
3	0.02459	0.03138	0.01866	0.01696	0.02035	0.74221	0.01272	0.02629	0.01866	0.01611	0.01018	0.01187	0.00848	0.00678	0.00594	0.00170	0.01187	0.00424	0.00339	0.00763
4	0.01734	0.61528	0.14114	0.01275	0.01888	0.06674	0.01336	0.02028	0.01377	0.01635	0.00962	0.01115	0.00843	0.00580	0.00464	0.00153	0.00774	0.00377	0.00284	0.00860
5	0.02629	0.01181	0.01529	0.05070	0.01796	0.01119	0.01006	0.12981	0.01986	0.52304	0.02327	0.02138	0.01520	0.00798	0.00642	0.00199	0.00577	0.00643	0.08506	0.01051
6	0.01227	0.00614	0.00614	0.00614	0.00767	0.00614	0.00460	0.01534	0.01381	0.02454	0.02148	0.02454	0.01687	0.00767	0.00460	0.00153	0.00307	0.00614	0.80518	0.00614
7	0.05718	0.01024	0.01362	0.01431	0.09274	0.01020	0.01024	0.07074	0.03381	0.18466	0.05571	0.09807	0.07048	0.01615	0.08572	0.00322	0.00691	0.15187	0.00597	0.00816
8	0.01579	0.46865	0.32259	0.01435	0.02167	0.02162	0.01664	0.02018	0.01359	0.01769	0.01025	0.01193	0.00840	0.00589	0.00506	0.00169	0.00815	0.00407	0.00280	0.00898
9	0.01712	0.00931	0.01178	0.01076	0.01344	0.00897	0.00815	0.06952	0.08420	0.25215	0.08358	0.34353	0.03155	0.01399	0.00748	0.00233	0.00472	0.01226	0.00695	0.00822
10	0.00948	0.00790	0.01096	0.21236	0.01925	0.00817	0.00914	0.01216	0.01499	0.01950	0.21006	0.16734	0.24655	0.01378	0.00755	0.00225	0.00485	0.01202	0.00552	0.00617
11	0.06544	0.01816	0.02173	0.08345	0.19354	0.14725	0.05049	0.11774	0.01638	0.02208	0.01137	0.01482	0.00940	0.00775	0.01001	0.00217	0.19027	0.00552	0.00369	0.00872
12	0.02135	0.01774	0.02186	0.07247	0.26846	0.07834	0.01545	0.33003	0.02257	0.06594	0.01439	0.01610	0.01080	0.00702	0.00651	0.00196	0.00785	0.00579	0.00500	0.01037

[dist]
# distance from previous block
# <min> <max>
0	12

[block]
# block no. 10 follows, 33 sequences, length 9
# corresponding to MSA columns:
# 381-389
name=unknown_K
#
# <colnr> <probs for GDERKNQSTAVLIFYWHMCP>
#	G	D	E	R	K	N	Q	S	T	A	V	L	I	F	Y	W	H	M	C	P
0	0.09748	0.03947	0.15139	0.02547	0.29338	0.06087	0.06940	0.07358	0.03235	0.02334	0.01269	0.01544	0.01002	0.00644	0.00655	0.00199	0.02802	0.00549	0.03720	0.00942
1	0.49665	0.06579	0.21650	0.01213	0.01786	0.05571	0.01255	0.02018	0.01251	0.02549	0.00997	0.01166	0.00763	0.00616	0.00480	0.00199	0.00689	0.00397	0.00359	0.00797
2	0.01227	0.00614	0.00614	0.00614	0.00767	0.00614	0.00460	0.01534	0.01381	0.02454	0.02148	0.02454	0.01687	0.00767	0.00460	0.00153	0.00307	0.00614	0.80518	0.00614
3	0.01552	0.01622	0.09797	0.01439	0.01984	0.05070	0.10385	0.08976	0.05869	0.03941	0.01774	0.05121	0.03754	0.00769	0.00629	0.00174	0.00688	0.04641	0.00451	0.31364
4	0.01017	0.00740	0.00908	0.00846	0.00969	0.00724	0.00568	0.01124	0.01048	0.01479	0.01851	0.03400	0.01977	0.46313	0.21109	0.00661	0.00903	0.00803	0.00386	0.13175
