[name]
unknown

[dist]
# distance from previous block
# <min> <max>
1	105

[block]
# block no. 0 follows, 34 sequences, length 84
# corresponding to MSA columns:
# 138-221
name=unknown_A
#
# <colnr> <probs for GDERKNQSTAVLIFYWHMCP>
#	G	D	E	R	K	N	Q	S	T	A	V	L	I	F	Y	W	H	M	C	P
0	0.09557	0.01297	0.01371	0.01145	0.01530	0.03127	0.00913	0.21382	0.13165	0.11732	0.04485	0.05010	0.06725	0.03218	0.00706	0.00210	0.00555	0.02488	0.04847	0.06540
1	0.13435	0.01784	0.06380	0.01376	0.01817	0.16132	0.05729	0.15779	0.01844	0.09214	0.07453	0.05220	0.01635	0.00815	0.00617	0.00192	0.00730	0.02735	0.00499	0.06614
2	0.17145	0.01544	0.06398	0.01245	0.01703	0.05354	0.03103	0.18295	0.08725	0.10816	0.04132	0.05244	0.05289	0.00825	0.00602	0.00195	0.00618	0.00648	0.00541	0.07578
3	0.11411	0.04334	0.01698	0.09889	0.06697	0.08987	0.01152	0.20147	0.05177	0.11060	0.03586	0.04062	0.03965	0.00785	0.00608	0.00193	0.00679	0.00615	0.00515	0.04439
4	0.22247	0.01664	0.01697	0.04080	0.17772	0.15633	0.01207	0.07179	0.03301	0.14740	0.01406	0.01580	0.01068	0.02989	0.00651	0.00205	0.00728	0.00516	0.00458	0.00879
5	0.01967	0.01750	0.01903	0.04260	0.06720	0.14099	0.06395	0.18087	0.19883	0.07611	0.01768	0.04111	0.01373	0.00798	0.00719	0.00203	0.04358	0.00643	0.00524	0.02830
6	0.38350	0.01772	0.01396	0.01195	0.01608	0.19064	0.00952	0.13532	0.04785	0.07978	0.01235	0.01312	0.00926	0.00668	0.00516	0.00189	0.00698	0.00443	0.00465	0.02915
7	0.07780	0.01659	0.02133	0.01669	0.02138	0.08980	0.19040	0.19363	0.12728	0.09345	0.01867	0.05581	0.03129	0.00793	0.00666	0.00206	0.00767	0.00706	0.00527	0.00922
8	0.01511	0.01373	0.02314	0.24152	0.48048	0.01447	0.01834	0.01900	0.01449	0.04638	0.04218	0.01790	0.01209	0.00635	0.00647	0.00199	0.00767	0.00603	0.00344	0.00922
9	0.02294	0.01262	0.01608	0.01388	0.07281	0.01173	0.01034	0.11645	0.08080	0.37512	0.02024	0.01904	0.01385	0.00718	0.00613	0.00178	0.00569	0.00586	0.00641	0.18106
10	0.11551	0.01257	0.01557	0.01180	0.01691	0.01157	0.05485	0.10774	0.03373	0.21109	0.04238	0.01736	0.01327	0.00659	0.00568	0.00163	0.00563	0.00536	0.00541	0.30535
11	0.02168	0.01514	0.01710	0.01360	0.01774	0.05034	0.03623	0.39801	0.02306	0.14300	0.01742	0.02020	0.01343	0.08911	0.09068	0.00331	0.00825	0.00639	0.00585	0.00945
12	0.02414	0.03079	0.01831	0.01665	0.01998	0.74698	0.01248	0.02580	0.01831	0.01581	0.00999	0.01165	0.00832	0.00666	0.00583	0.00166	0.01165	0.00416	0.00333	0.00749
13	0.01569	0.50450	0.29233	0.01375	0.02075	0.02170	0.01575	0.01976	0.01332	0.01713	0.00994	0.01157	0.00825	0.00575	0.00488	0.00163	0.00788	0.00394	0.00275	0.00875
14	0.00940	0.00626	0.00705	0.00705	0.00705	0.00626	0.00392	0.00940	0.00940	0.01253	0.02036	0.04228	0.02349	0.77292	0.03289	0.00626	0.00626	0.00940	0.00392	0.00392
15	0.00914	0.00660	0.00864	0.00813	0.00965	0.00610	0.00610	0.01219	0.01829	0.02591	0.72921	0.04827	0.06097	0.01321	0.00762	0.00203	0.00305	0.01169	0.00711	0.00610
16	0.01220	0.01148	0.01938	0.75739	0.04450	0.01436	0.01794	0.01651	0.01292	0.01651	0.01148	0.01723	0.00861	0.00646	0.00646	0.00215	0.00861	0.00574	0.00287	0.00718
17	0.01565	0.01499	0.02541	0.03829	0.70261	0.01494	0.01921	0.01939	0.01471	0.02096	0.01436	0.01791	0.04007	0.00620	0.00645	0.00193	0.00749	0.00608	0.00331	0.01004
18	0.00785	0.00572	0.00740	0.00873	0.00930	0.00527	0.00588	0.00903	0.01262	0.01660	0.03882	0.69287	0.11650	0.01983	0.00818	0.00258	0.00370	0.01786	0.00600	0.00527
19	0.00935	0.00645	0.00799	0.00799	0.00831	0.00678	0.00509	0.01000	0.00967	0.01323	0.01950	0.03752	0.02142	0.56860	0.23438	0.00743	0.00938	0.00870	0.00379	0.00444
20	0.21360	0.01419	0.01659	0.10265	0.18660	0.07610	0.01239	0.06703	0.04629	0.10198	0.01580	0.09113	0.01347	0.00794	0.00598	0.00204	0.00668	0.00649	0.00455	0.00849
21	0.00764	0.00655	0.00655	0.00655	0.00873	0.00545	0.00491	0.00927	0.01473	0.01745	0.06546	0.06218	0.73000	0.01636	0.00764	0.00218	0.00327	0.01364	0.00600	0.00545
22	0.00787	0.00562	0.00750	0.00900	0.00937	0.00525	0.00600	0.00900	0.01237	0.01649	0.03561	0.76871	0.04274	0.02024	0.00825	0.00262	0.00375	0.01837	0.00600	0.00525
23	0.01296	0.03342	0.73944	0.01842	0.02797	0.01501	0.02387	0.02046	0.01364	0.02046	0.01160	0.01364	0.00818	0.00614	0.00614	0.00205	0.00955	0.00477	0.00273	0.00955
24	0.07380	0.06188	0.01953	0.17829	0.07743	0.12381	0.01348	0.26346	0.05396	0.05320	0.01364	0.01537	0.01020	0.00697	0.00607	0.00193	0.00783	0.00536	0.00466	0.00913
25	0.29895	0.02169	0.11647	0.03594	0.01801	0.28987	0.01155	0.02130	0.01444	0.02193	0.01102	0.01295	0.00867	0.00643	0.00512	0.00184	0.00807	0.00425	0.08403	0.00745
26	0.01446	0.07913	0.45993	0.01734	0.02495	0.01477	0.10032	0.02099	0.04799	0.07350	0.01614	0.05450	0.03273	0.00729	0.00637	0.00205	0.00853	0.00622	0.00363	0.00916
27	0.00924	0.00689	0.01022	0.01022	0.01132	0.00799	0.00788	0.01144	0.01034	0.01488	0.01745	0.02619	0.01650	0.08315	0.71311	0.01019	0.01678	0.00704	0.00348	0.00568
28	0.01564	0.01262	0.01441	0.03693	0.01704	0.01178	0.00912	0.09870	0.18212	0.05092	0.01762	0.01812	0.03466	0.00659	0.00560	0.00148	0.00524	0.00534	0.00496	0.45112
29	0.01901	0.41099	0.09635	0.01416	0.01933	0.21596	0.03345	0.06669	0.01566	0.01773	0.01004	0.01169	0.00852	0.00621	0.00556	0.00163	0.03140	0.00412	0.00317	0.00835
30	0.00765	0.00650	0.00659	0.00666	0.00876	0.00544	0.00496	0.00926	0.01461	0.01741	0.06403	0.09601	0.69709	0.01655	0.00767	0.00220	0.00330	0.01386	0.00600	0.00544
31	0.00987	0.00684	0.00840	0.00787	0.00979	0.00611	0.00595	0.01248	0.01727	0.06510	0.49608	0.05075	0.25179	0.01382	0.00756	0.00207	0.00326	0.01195	0.00684	0.00620
32	0.01595	0.01373	0.01952	0.34335	0.07229	0.01575	0.05737	0.16665	0.15279	0.02444	0.01567	0.01838	0.01171	0.00711	0.00648	0.00208	0.00750	0.00619	0.03424	0.00880
33	0.01122	0.00561	0.00842	0.00842	0.00842	0.00561	0.00561	0.00842	0.00842	0.01122	0.01122	0.01964	0.01122	0.02245	0.02525	0.81201	0.00561	0.00561	0.00281	0.00281
34	0.01777	0.01472	0.01557	0.01349	0.01745	0.01686	0.01064	0.16953	0.58298	0.02976	0.02414	0.02239	0.01798	0.00856	0.00655	0.00214	0.00551	0.00701	0.00655	0.01038
35	0.01479	0.13295	0.43488	0.01844	0.10188	0.03664	0.01899	0.02027	0.01395	0.04275	0.01168	0.01362	0.00884	0.00593	0.00573	0.00180	0.00836	0.00463	0.00310	0.10079
36	0.03928	0.20927	0.13877	0.04052	0.08462	0.17266	0.01433	0.09476	0.08141	0.04745	0.01286	0.01412	0.01005	0.00655	0.00565	0.00179	0.00822	0.00481	0.00388	0.00899
37	0.81856	0.01250	0.00950	0.00850	0.01250	0.01449	0.00700	0.01899	0.01100	0.02899	0.00900	0.01050	0.00700	0.00600	0.00400	0.00200	0.00500	0.00350	0.00400	0.00700
38	0.01705	0.44378	0.10065	0.01846	0.17143	0.07891	0.01429	0.02079	0.04782	0.01761	0.01083	0.01266	0.00925	0.00588	0.00508	0.00162	0.00763	0.00432	0.00308	0.00886
39	0.02414	0.01919	0.01907	0.01497	0.01989	0.09299	0.01221	0.61228	0.05963	0.03761	0.01543	0.01550	0.01111	0.00769	0.00640	0.00192	0.00748	0.00572	0.00615	0.01060
40	0.00940	0.00626	0.00705	0.00705	0.00705	0.00626	0.00392	0.00940	0.00940	0.01253	0.02036	0.04228	0.02349	0.77292	0.03289	0.00626	0.00626	0.00940	0.00392	0.00392
41	0.00894	0.00656	0.00838	0.00801	0.00955	0.00600	0.00597	0.01177	0.01769	0.02467	0.63368	0.07953	0.12751	0.01382	0.00765	0.00207	0.00310	0.01216	0.00695	0.00600
42	0.00914	0.00660	0.00864	0.00813	0.00965	0.00610	0.00610	0.01219	0.01829	0.02591	0.72921	0.04827	0.06097	0.01321	0.00762	0.00203	0.00305	0.01169	0.00711	0.00610
43	0.00828	0.00601	0.00814	0.03231	0.01065	0.00573	0.00654	0.00985	0.01334	0.01798	0.13671	0.61528	0.04416	0.01870	0.00812	0.00253	0.00387	0.04026	0.00606	0.00546
44	0.01727	0.77681	0.03386	0.01106	0.01658	0.02557	0.01106	0.01935	0.01313	0.01520	0.00898	0.01036	0.00829	0.00553	0.00415	0.00138	0.00691	0.00345	0.00276	0.00829
45	0.01607	0.01388	0.01461	0.01315	0.01680	0.01607	0.01023	0.03433	0.72094	0.02703	0.02630	0.02411	0.01972	0.00877	0.00657	0.00219	0.00511	0.00731	0.00657	0.01023
46	0.52643	0.01922	0.01274	0.01149	0.01525	0.28385	0.00902	0.02150	0.01369	0.02414	0.00936	0.01092	0.00748	0.00624	0.00467	0.00188	0.00745	0.00374	0.00375	0.00718
47	0.01735	0.01757	0.12960	0.03243	0.52232	0.01473	0.01897	0.04139	0.01546	0.10751	0.01377	0.01635	0.01065	0.00614	0.00637	0.00195	0.00767	0.00570	0.00380	0.01025
48	0.00940	0.00626	0.00705	0.00705	0.00705	0.00626	0.00392	0.00940	0.00940	0.01253	0.02036	0.04228	0.02349	0.77292	0.03289	0.00626	0.00626	0.00940	0.00392	0.00392
49	0.01607	0.01388	0.01461	0.01315	0.01680	0.01607	0.01023	0.03433	0.72094	0.02703	0.02630	0.02411	0.01972	0.00877	0.00657	0.00219	0.00511	0.00731	0.00657	0.01023
50	0.01724	0.01511	0.04711	0.01352	0.01763	0.01625	0.01103	0.10627	0.59431	0.04975	0.02447	0.02266	0.01816	0.00852	0.00654	0.00215	0.00554	0.00701	0.00644	0.01030
51	0.01636	0.12798	0.03160	0.02288	0.07553	0.09815	0.38678	0.02027	0.01459	0.01889	0.01176	0.01547	0.00947	0.00633	0.00830	0.00205	0.09526	0.00625	0.02370	0.00837
52	0.00764	0.00655	0.00655	0.00655	0.00873	0.00545	0.00491	0.00927	0.01473	0.01745	0.06546	0.06218	0.73000	0.01636	0.00764	0.00218	0.00327	0.01364	0.00600	0.00545
53	0.00787	0.00562	0.00750	0.00900	0.00937	0.00525	0.00600	0.00900	0.01237	0.01649	0.03561	0.76871	0.04274	0.02024	0.00825	0.00262	0.00375	0.01837	0.00600	0.00525
54	0.01340	0.01148	0.01340	0.00957	0.01531	0.00861	0.00766	0.01627	0.01340	0.02105	0.01148	0.01340	0.00957	0.00479	0.00479	0.00096	0.00479	0.00383	0.00383	0.81242
55	0.02064	0.02463	0.02291	0.02299	0.17212	0.44310	0.12334	0.02415	0.05072	0.01823	0.01171	0.01407	0.00950	0.00638	0.00626	0.00182	0.01038	0.00519	0.00345	0.00839
56	0.01414	0.01414	0.01979	0.01696	0.01696	0.01979	0.01414	0.01555	0.00990	0.01555	0.00848	0.01414	0.00848	0.01131	0.02120	0.00283	0.76110	0.00565	0.00283	0.00707
57	0.00940	0.00626	0.00705	0.00705	0.00705	0.00626	0.00392	0.00940	0.00940	0.01253	0.02036	0.04228	0.02349	0.77292	0.03289	0.00626	0.00626	0.00940	0.00392	0.00392
58	0.01599	0.01535	0.02623	0.03966	0.73262	0.01535	0.01983	0.01983	0.01471	0.02111	0.01215	0.01599	0.01023	0.00576	0.00640	0.00192	0.00768	0.00576	0.00320	0.01023
59	0.01414	0.01414	0.01979	0.01696	0.01696	0.01979	0.01414	0.01555	0.00990	0.01555	0.00848	0.01414	0.00848	0.01131	0.02120	0.00283	0.76110	0.00565	0.00283	0.00707
60	0.02456	0.01810	0.01939	0.01487	0.02004	0.02004	0.01228	0.71107	0.03038	0.04072	0.01551	0.01551	0.01099	0.00776	0.00646	0.00194	0.00711	0.00582	0.00646	0.01099
61	0.02414	0.03079	0.01831	0.01665	0.01998	0.74698	0.01248	0.02580	0.01831	0.01581	0.00999	0.01165	0.00832	0.00666	0.00583	0.00166	0.01165	0.00416	0.00333	0.00749
62	0.00940	0.00626	0.00705	0.00705	0.00705	0.00626	0.00392	0.00940	0.00940	0.01253	0.02036	0.04228	0.02349	0.77292	0.03289	0.00626	0.00626	0.00940	0.00392	0.00392
63	0.02776	0.01297	0.01622	0.01243	0.01748	0.01243	0.01027	0.22039	0.02180	0.54352	0.02272	0.02019	0.01460	0.00793	0.00649	0.00198	0.00595	0.00631	0.00757	0.01099
64	0.02456	0.01810	0.01939	0.01487	0.02004	0.02004	0.01228	0.71107	0.03038	0.04072	0.01551	0.01551	0.01099	0.00776	0.00646	0.00194	0.00711	0.00582	0.00646	0.01099
65	0.00940	0.00626	0.00705	0.00705	0.00705	0.00626	0.00392	0.00940	0.00940	0.01253	0.02036	0.04228	0.02349	0.77292	0.03289	0.00626	0.00626	0.00940	0.00392	0.00392
66	0.00914	0.00660	0.00864	0.00813	0.00965	0.00610	0.00610	0.01219	0.01829	0.02591	0.72921	0.04827	0.06097	0.01321	0.00762	0.00203	0.00305	0.01169	0.00711	0.00610
67	0.01220	0.01148	0.01938	0.75739	0.04450	0.01436	0.01794	0.01651	0.01292	0.01651	0.01148	0.01723	0.00861	0.00646	0.00646	0.00215	0.00861	0.00574	0.00287	0.00718
68	0.01525	0.01743	0.03813	0.02723	0.03377	0.01634	0.70915	0.02070	0.01525	0.02070	0.01307	0.01743	0.00980	0.00545	0.00763	0.00218	0.01089	0.00763	0.00327	0.00871
69	0.00787	0.00562	0.00750	0.00900	0.00937	0.00525	0.00600	0.00900	0.01237	0.01649	0.03561	0.76871	0.04274	0.02024	0.00825	0.00262	0.00375	0.01837	0.00600	0.00525
70	0.02414	0.03079	0.01831	0.01665	0.01998	0.74698	0.01248	0.02580	0.01831	0.01581	0.00999	0.01165	0.00832	0.00666	0.00583	0.00166	0.01165	0.00416	0.00333	0.00749
71	0.01599	0.01535	0.02623	0.03966	0.73262	0.01535	0.01983	0.01983	0.01471	0.02111	0.01215	0.01599	0.01023	0.00576	0.00640	0.00192	0.00768	0.00576	0.00320	0.01023
72	0.00923	0.00692	0.01038	0.01038	0.01154	0.00808	0.00808	0.01154	0.01038	0.01500	0.01731	0.02538	0.01615	0.04846	0.74732	0.01038	0.01731	0.00692	0.00346	0.00577
73	0.01727	0.77681	0.03386	0.01106	0.01658	0.02557	0.01106	0.01935	0.01313	0.01520	0.00898	0.01036	0.00829	0.00553	0.00415	0.00138	0.00691	0.00345	0.00276	0.00829
74	0.00940	0.00626	0.00705	0.00705	0.00705	0.00626	0.00392	0.00940	0.00940	0.01253	0.02036	0.04228	0.02349	0.77292	0.03289	0.00626	0.00626	0.00940	0.00392	0.00392
75	0.01414	0.01414	0.01979	0.01696	0.01696	0.01979	0.01414	0.01555	0.00990	0.01555	0.00848	0.01414	0.00848	0.01131	0.02120	0.00283	0.76110	0.00565	0.00283	0.00707
76	0.01599	0.01535	0.02623	0.03966	0.73262	0.01535	0.01983	0.01983	0.01471	0.02111	0.01215	0.01599	0.01023	0.00576	0.00640	0.00192	0.00768	0.00576	0.00320	0.01023
77	0.00873	0.00659	0.00806	0.00769	0.00940	0.00592	0.00577	0.01139	0.01731	0.02358	0.54641	0.05210	0.24521	0.01408	0.00763	0.00207	0.00311	0.01222	0.00681	0.00592
78	0.01599	0.01535	0.02623	0.03966	0.73262	0.01535	0.01983	0.01983	0.01471	0.02111	0.01215	0.01599	0.01023	0.00576	0.00640	0.00192	0.00768	0.00576	0.00320	0.01023
79	0.01325	0.01250	0.02089	0.55945	0.21046	0.01465	0.01815	0.01789	0.03611	0.01796	0.01212	0.01715	0.00936	0.00636	0.00645	0.00210	0.00827	0.00580	0.00307	0.00802
80	0.01770	0.01559	0.01901	0.02152	0.23265	0.04177	0.01353	0.13934	0.37241	0.02708	0.01973	0.01984	0.01506	0.00762	0.00648	0.00205	0.00643	0.00649	0.00543	0.01026
81	0.01516	0.01358	0.01784	0.01558	0.08986	0.03303	0.08503	0.07829	0.10049	0.02342	0.04614	0.01881	0.01405	0.00650	0.00589	0.00154	0.00612	0.02575	0.00445	0.39846
82	0.01539	0.13631	0.49971	0.01689	0.02467	0.12709	0.01976	0.02172	0.04548	0.01931	0.01164	0.01334	0.00873	0.00625	0.00583	0.00190	0.00930	0.00461	0.00299	0.00909
83	0.01350	0.11162	0.63868	0.01796	0.02697	0.01617	0.04790	0.02035	0.01365	0.01991	0.01137	0.01343	0.00826	0.00605	0.00598	0.00198	0.00932	0.00474	0.00275	0.00938

[dist]
# distance from previous block
# <min> <max>
0	6

[block]
# block no. 1 follows, 34 sequences, length 38
# corresponding to MSA columns:
# 228-265
name=unknown_B
#
# <colnr> <probs for GDERKNQSTAVLIFYWHMCP>
#	G	D	E	R	K	N	Q	S	T	A	V	L	I	F	Y	W	H	M	C	P
0	0.68455	0.01180	0.00943	0.00852	0.01224	0.01344	0.00692	0.01852	0.03932	0.02791	0.05254	0.01683	0.06317	0.00725	0.00456	0.00202	0.00477	0.00483	0.00441	0.00696
1	0.01350	0.06300	0.60672	0.01980	0.05170	0.01562	0.09991	0.02042	0.01384	0.02028	0.01167	0.01400	0.00844	0.00602	0.00623	0.00203	0.00952	0.00507	0.00281	0.00942
2	0.01254	0.01263	0.01758	0.05513	0.01859	0.09367	0.14381	0.01481	0.01310	0.01700	0.02154	0.33659	0.02357	0.01442	0.03419	0.00270	0.14585	0.01133	0.00434	0.00662
3	0.02506	0.01730	0.01890	0.01449	0.01964	0.01886	0.01197	0.63499	0.02905	0.11868	0.01663	0.01624	0.01155	0.00778	0.00647	0.00195	0.00693	0.00589	0.00664	0.01099
4	0.01122	0.00561	0.00842	0.00842	0.00842	0.00561	0.00561	0.00842	0.00842	0.01122	0.01122	0.01964	0.01122	0.02245	0.02525	0.81201	0.00561	0.00561	0.00281	0.00281
5	0.01296	0.03342	0.73944	0.01842	0.02797	0.01501	0.02387	0.02046	0.01364	0.02046	0.01160	0.01364	0.00818	0.00614	0.00614	0.00205	0.00955	0.00477	0.00273	0.00955
6	0.00940	0.00626	0.00705	0.00705	0.00705	0.00626	0.00392	0.00940	0.00940	0.01253	0.02036	0.04228	0.02349	0.77292	0.03289	0.00626	0.00626	0.00940	0.00392	0.00392
7	0.01640	0.01799	0.05711	0.07995	0.34068	0.11829	0.16310	0.02104	0.04514	0.02032	0.01300	0.01640	0.01038	0.00610	0.00649	0.00195	0.00873	0.00596	0.04190	0.00908
8	0.01458	0.01487	0.01973	0.01695	0.01710	0.05184	0.01406	0.01600	0.01027	0.01556	0.00855	0.01403	0.00847	0.01110	0.02053	0.00278	0.72807	0.00559	0.00285	0.00709
9	0.01361	0.01215	0.01617	0.01155	0.01738	0.00948	0.08619	0.01677	0.01361	0.02101	0.01166	0.01385	0.00960	0.00486	0.00510	0.00109	0.00547	0.00425	0.00377	0.72244
10	0.01421	0.01415	0.08717	0.04559	0.04104	0.05876	0.03412	0.08335	0.04456	0.04538	0.01761	0.10806	0.01664	0.09908	0.12627	0.00393	0.11238	0.00776	0.03254	0.00737
11	0.00940	0.00626	0.00705	0.00705	0.00705	0.00626	0.00392	0.00940	0.00940	0.01253	0.02036	0.04228	0.02349	0.77292	0.03289	0.00626	0.00626	0.00940	0.00392	0.00392
12	0.01383	0.01299	0.02131	0.41952	0.23447	0.01481	0.04229	0.03235	0.06470	0.01917	0.01351	0.03924	0.01096	0.00694	0.00691	0.00212	0.02685	0.00630	0.00341	0.00833
13	0.01002	0.00888	0.01291	0.36020	0.02571	0.00974	0.01123	0.01313	0.01443	0.01831	0.14237	0.03888	0.28732	0.01122	0.00708	0.00215	0.00575	0.00962	0.00470	0.00636
14	0.04812	0.01747	0.01908	0.01650	0.01748	0.16213	0.01347	0.04097	0.01227	0.01697	0.00903	0.01355	0.00848	0.01007	0.01702	0.00254	0.55919	0.00528	0.00309	0.00728
15	0.01649	0.41969	0.02624	0.01301	0.01708	0.13437	0.05845	0.01862	0.01334	0.01552	0.01120	0.01509	0.01035	0.05340	0.11320	0.00310	0.04548	0.00477	0.00305	0.00754
16	0.09425	0.10492	0.53636	0.01597	0.02403	0.01543	0.01958	0.02022	0.01371	0.04625	0.04390	0.01485	0.01073	0.00645	0.00580	0.00197	0.00839	0.00489	0.00324	0.00906
17	0.02105	0.05481	0.21203	0.01862	0.14863	0.01342	0.01548	0.06920	0.01693	0.31896	0.01816	0.01898	0.01271	0.00721	0.00633	0.00199	0.00716	0.02280	0.00532	0.01022
18	0.37734	0.01434	0.01586	0.01264	0.01728	0.06389	0.09140	0.07791	0.01571	0.23367	0.01485	0.01513	0.01035	0.00670	0.00547	0.00199	0.00646	0.00509	0.00522	0.00871
19	0.00787	0.00562	0.00750	0.00900	0.00937	0.00525	0.00600	0.00900	0.01237	0.01649	0.03561	0.76871	0.04274	0.02024	0.00825	0.00262	0.00375	0.01837	0.00600	0.00525
20	0.01742	0.70948	0.06312	0.01164	0.01723	0.05965	0.01167	0.01970	0.01340	0.01545	0.00914	0.01057	0.00829	0.00561	0.00431	0.00142	0.00725	0.00354	0.00279	0.00831
21	0.02116	0.02542	0.01789	0.10628	0.04530	0.54479	0.01286	0.05263	0.01759	0.01719	0.01250	0.07238	0.01125	0.00772	0.00614	0.00182	0.01034	0.00560	0.00361	0.00752
22	0.00764	0.00655	0.00655	0.00655	0.00873	0.00545	0.00491	0.00927	0.01473	0.01745	0.06546	0.06218	0.73000	0.01636	0.00764	0.00218	0.00327	0.01364	0.00600	0.00545
23	0.01557	0.01492	0.02546	0.12001	0.65558	0.01524	0.01962	0.01946	0.01451	0.02059	0.01208	0.01613	0.01005	0.00584	0.00640	0.00195	0.00778	0.00576	0.00316	0.00989
24	0.01220	0.01148	0.01938	0.75739	0.04450	0.01436	0.01794	0.01651	0.01292	0.01651	0.01148	0.01723	0.00861	0.00646	0.00646	0.00215	0.00861	0.00574	0.00287	0.00718
25	0.01599	0.01535	0.02623	0.03966	0.73262	0.01535	0.01983	0.01983	0.01471	0.02111	0.01215	0.01599	0.01023	0.00576	0.00640	0.00192	0.00768	0.00576	0.00320	0.01023
26	0.01388	0.01102	0.01215	0.01069	0.01410	0.01113	0.00833	0.09495	0.24291	0.04457	0.03282	0.11738	0.17993	0.01133	0.00678	0.00203	0.00474	0.03383	0.00593	0.14151
27	0.05136	0.01308	0.01482	0.01196	0.01635	0.01339	0.00962	0.19036	0.19797	0.18250	0.09691	0.02213	0.01933	0.00816	0.00629	0.00189	0.00540	0.00660	0.00642	0.12547
28	0.01972	0.01439	0.01463	0.01248	0.01611	0.10255	0.00986	0.15922	0.18249	0.17610	0.14827	0.05435	0.02454	0.00961	0.00676	0.00205	0.00598	0.02521	0.00651	0.00916
29	0.01735	0.01700	0.03289	0.02370	0.02990	0.01632	0.53091	0.13646	0.01785	0.05634	0.01397	0.01714	0.01027	0.00592	0.00726	0.00208	0.00975	0.00711	0.00404	0.04376
30	0.01515	0.01449	0.02470	0.20001	0.57889	0.01513	0.01941	0.01909	0.01431	0.02008	0.01200	0.01627	0.00987	0.00591	0.00641	0.00197	0.00789	0.00575	0.00313	0.00955
31	0.01579	0.01514	0.02586	0.07828	0.69559	0.01530	0.01973	0.01965	0.01462	0.02086	0.01212	0.01606	0.01015	0.00579	0.00640	0.00193	0.00773	0.00576	0.00318	0.01007
32	0.01067	0.04060	0.01000	0.00851	0.01089	0.00751	0.00662	0.03289	0.01584	0.05306	0.23614	0.11176	0.26995	0.03336	0.00796	0.00219	0.00401	0.05974	0.00604	0.07224
33	0.01403	0.09711	0.01434	0.01105	0.01406	0.01150	0.00889	0.11161	0.07413	0.05411	0.02507	0.26716	0.02591	0.01285	0.00696	0.00215	0.00526	0.12091	0.00553	0.11738
34	0.01132	0.09978	0.07007	0.01077	0.01336	0.00964	0.03301	0.03365	0.01439	0.05117	0.10193	0.37050	0.08952	0.01481	0.00737	0.00229	0.00501	0.04930	0.00548	0.00663
35	0.01718	0.37210	0.05557	0.06731	0.01867	0.06367	0.01137	0.04564	0.06847	0.08172	0.04598	0.01794	0.04699	0.00816	0.02445	0.00190	0.00705	0.00531	0.00408	0.03643
36	0.01706	0.28783	0.29538	0.01512	0.02207	0.04437	0.04556	0.10242	0.01589	0.05319	0.01178	0.01318	0.00903	0.00614	0.00550	0.00175	0.00812	0.00458	0.00350	0.03751
37	0.05954	0.11841	0.01878	0.01428	0.03840	0.30676	0.01101	0.12849	0.01813	0.08496	0.01361	0.04412	0.01140	0.03476	0.00669	0.00187	0.00832	0.00527	0.00435	0.07085

[dist]
# distance from previous block
# <min> <max>
3	63

[block]
# block no. 2 follows, 34 sequences, length 101
# corresponding to MSA columns:
# 329-429
name=unknown_C
#
# <colnr> <probs for GDERKNQSTAVLIFYWHMCP>
#	G	D	E	R	K	N	Q	S	T	A	V	L	I	F	Y	W	H	M	C	P
0	0.22216	0.16236	0.12236	0.01497	0.06365	0.09854	0.04340	0.10692	0.01587	0.05639	0.01290	0.01421	0.02778	0.00655	0.00536	0.00185	0.00742	0.00476	0.00397	0.00858
1	0.02019	0.01379	0.01683	0.04811	0.04206	0.01453	0.03723	0.30029	0.10327	0.15727	0.02480	0.04933	0.08671	0.00951	0.00683	0.00210	0.00627	0.04501	0.00627	0.00961
2	0.08180	0.01470	0.01747	0.01534	0.05812	0.05338	0.06786	0.11897	0.26321	0.18301	0.02093	0.04406	0.01557	0.00807	0.00644	0.00207	0.00637	0.00677	0.00602	0.00982
3	0.05014	0.01297	0.01521	0.01552	0.10510	0.04056	0.01085	0.06734	0.27214	0.15297	0.05632	0.06620	0.03697	0.00966	0.00673	0.00215	0.00572	0.05803	0.00611	0.00930
4	0.04021	0.04597	0.27590	0.01865	0.08425	0.27829	0.01696	0.12514	0.01782	0.02197	0.01152	0.01325	0.00880	0.00651	0.00599	0.00187	0.00959	0.00473	0.00358	0.00899
5	0.01368	0.05375	0.01460	0.01253	0.01497	0.07840	0.06773	0.06516	0.01543	0.06518	0.02774	0.28332	0.05385	0.01582	0.04036	0.00274	0.00667	0.15582	0.00538	0.00688
6	0.03910	0.00683	0.00774	0.00814	0.00958	0.00637	0.00578	0.03796	0.01418	0.01872	0.08826	0.36188	0.30170	0.05232	0.00889	0.00254	0.00382	0.01466	0.00592	0.00562
7	0.00961	0.00680	0.00905	0.01056	0.04323	0.00646	0.00685	0.01158	0.04108	0.04411	0.03220	0.61127	0.03725	0.06478	0.00946	0.00273	0.00423	0.01596	0.00578	0.02701
8	0.08325	0.02011	0.01974	0.01978	0.15379	0.24464	0.04492	0.19943	0.01991	0.08400	0.01406	0.01679	0.01105	0.00719	0.00621	0.00191	0.00847	0.03095	0.00464	0.00915
9	0.06366	0.04696	0.01814	0.01645	0.05131	0.49404	0.01217	0.04958	0.04564	0.01867	0.05091	0.01465	0.01185	0.00743	0.00716	0.00184	0.07313	0.00491	0.00376	0.00774
10	0.01744	0.01264	0.01403	0.01242	0.01597	0.01398	0.00973	0.04607	0.50995	0.13458	0.04444	0.02742	0.02104	0.04964	0.00809	0.00240	0.00526	0.03855	0.00663	0.00972
11	0.00924	0.00687	0.00871	0.00806	0.00988	0.00618	0.00607	0.01215	0.01769	0.02486	0.62782	0.04760	0.11989	0.01303	0.00746	0.00199	0.00317	0.01143	0.00683	0.05106
12	0.02159	0.06504	0.01942	0.01629	0.07378	0.16900	0.01221	0.31909	0.12966	0.04526	0.01538	0.01579	0.01159	0.00724	0.00612	0.00184	0.00762	0.00546	0.00525	0.05238
13	0.01556	0.01486	0.02332	0.07219	0.57281	0.04195	0.01760	0.03816	0.01487	0.02053	0.01508	0.01959	0.04401	0.05256	0.00803	0.00220	0.00757	0.00628	0.00345	0.00939
14	0.01781	0.30140	0.12868	0.01309	0.01858	0.01886	0.01272	0.12446	0.14023	0.07220	0.01599	0.01841	0.01286	0.00735	0.00566	0.00182	0.00679	0.04318	0.00455	0.03536
15	0.01883	0.01608	0.02160	0.02562	0.33437	0.08590	0.05357	0.11496	0.07720	0.10527	0.04576	0.01976	0.03708	0.00725	0.00653	0.00196	0.00737	0.00642	0.00473	0.00975
16	0.00932	0.00631	0.00718	0.00718	0.00732	0.00632	0.00415	0.00949	0.00964	0.01283	0.02191	0.04225	0.04972	0.71075	0.06519	0.00630	0.00667	0.00944	0.00397	0.00406
17	0.07547	0.06813	0.05668	0.01560	0.01917	0.47348	0.01262	0.04247	0.06919	0.01839	0.01117	0.01288	0.00916	0.00716	0.00720	0.00185	0.08340	0.00453	0.00359	0.00787
18	0.01666	0.01780	0.02563	0.02502	0.20801	0.15105	0.24970	0.05237	0.04887	0.02059	0.01575	0.10838	0.01420	0.00783	0.00695	0.00206	0.00888	0.00772	0.00390	0.00863
19	0.00859	0.00627	0.00817	0.00936	0.01008	0.00604	0.00655	0.01090	0.05053	0.01797	0.08716	0.62459	0.04248	0.01893	0.00816	0.00258	0.00393	0.06598	0.00611	0.00563
20	0.01550	0.01522	0.02413	0.21411	0.52645	0.05386	0.01898	0.01933	0.01446	0.01970	0.01188	0.01606	0.00974	0.00598	0.00638	0.00196	0.00812	0.00567	0.00313	0.00934
21	0.01542	0.06053	0.02324	0.31873	0.34560	0.04928	0.01780	0.05736	0.01495	0.01979	0.01179	0.01592	0.00943	0.00617	0.00626	0.00197	0.00815	0.00554	0.00323	0.00883
22	0.01459	0.05683	0.02369	0.37660	0.29787	0.04791	0.05464	0.01854	0.01396	0.01834	0.01161	0.01615	0.00925	0.00610	0.00634	0.00200	0.00842	0.00565	0.00303	0.00848
23	0.00909	0.00657	0.00837	0.00794	0.00934	0.00608	0.00582	0.01176	0.01721	0.02412	0.62306	0.04840	0.09265	0.08945	0.01015	0.00246	0.00338	0.01156	0.00673	0.00584
24	0.01595	0.34001	0.37129	0.01510	0.02241	0.06367	0.01736	0.05190	0.01448	0.01893	0.01060	0.01225	0.00837	0.00599	0.00531	0.00174	0.00847	0.00424	0.00295	0.00897
25	0.07990	0.09268	0.08019	0.12909	0.13215	0.09890	0.01377	0.11189	0.03425	0.06261	0.04038	0.01795	0.01262	0.05778	0.00774	0.00220	0.00761	0.00564	0.00413	0.00852
26	0.00834	0.00607	0.00796	0.00924	0.01002	0.00568	0.00667	0.00991	0.01325	0.01743	0.06386	0.55222	0.10869	0.01919	0.00828	0.00262	0.00406	0.13505	0.00603	0.00542
27	0.04004	0.04356	0.41323	0.05354	0.06577	0.01572	0.18026	0.02073	0.04638	0.02069	0.01240	0.01512	0.00919	0.00622	0.00684	0.00209	0.03039	0.00560	0.00311	0.00914
28	0.01621	0.01601	0.02234	0.10114	0.31067	0.10556	0.09501	0.09126	0.01648	0.02136	0.01757	0.08549	0.05609	0.00804	0.00672	0.00202	0.00796	0.00737	0.00395	0.00875
29	0.01473	0.14789	0.38404	0.01763	0.02462	0.06100	0.11049	0.02082	0.05323	0.01927	0.01214	0.01454	0.00938	0.00796	0.03418	0.00229	0.04863	0.00517	0.00309	0.00888
30	0.01133	0.01022	0.00994	0.01034	0.01172	0.11683	0.00754	0.03891	0.01520	0.01905	0.13864	0.41364	0.07959	0.01623	0.00775	0.00237	0.00511	0.07379	0.00578	0.00600
31	0.01596	0.23256	0.10918	0.04563	0.05520	0.07648	0.16213	0.04231	0.04355	0.01879	0.01316	0.01842	0.01142	0.03782	0.00805	0.00212	0.05380	0.04167	0.00343	0.00830
32	0.01423	0.08960	0.05015	0.01366	0.01711	0.01250	0.11410	0.06192	0.03796	0.08162	0.07645	0.04659	0.05410	0.05217	0.14510	0.00387	0.03718	0.07942	0.00474	0.00755
33	0.01582	0.01113	0.01251	0.01135	0.01395	0.04434	0.00877	0.20906	0.01887	0.09958	0.08093	0.27531	0.05478	0.01588	0.05595	0.00279	0.00618	0.04897	0.00613	0.00770
34	0.01544	0.01495	0.02346	0.10852	0.45988	0.04833	0.05913	0.02049	0.07588	0.02071	0.01521	0.02174	0.01316	0.00718	0.00669	0.00206	0.00778	0.06636	0.00371	0.00932
35	0.01800	0.05156	0.16439	0.01704	0.07248	0.28400	0.01452	0.02223	0.05543	0.05621	0.04218	0.02384	0.01560	0.00861	0.00686	0.00203	0.02860	0.10410	0.00411	0.00819
36	0.01407	0.20014	0.50633	0.05193	0.06549	0.01739	0.02047	0.01999	0.01355	0.01912	0.01103	0.01319	0.00834	0.00599	0.00572	0.00189	0.00880	0.00457	0.00277	0.00919
37	0.02026	0.02231	0.01692	0.03295	0.05064	0.40958	0.01173	0.13067	0.04723	0.02089	0.04785	0.01851	0.04609	0.01188	0.08169	0.00268	0.01022	0.00572	0.00425	0.00793
38	0.01450	0.03371	0.01376	0.01214	0.01424	0.09640	0.00943	0.08101	0.09620	0.05097	0.01924	0.11924	0.01812	0.05911	0.26144	0.00517	0.07560	0.00793	0.00456	0.00722
39	0.05291	0.02343	0.11683	0.05778	0.02260	0.32716	0.08734	0.05945	0.01724	0.11701	0.01555	0.01676	0.04319	0.00711	0.00623	0.00190	0.00939	0.00552	0.00417	0.00843
40	0.05072	0.00907	0.01078	0.01044	0.01270	0.00933	0.00800	0.05558	0.13962	0.10297	0.05341	0.27436	0.08945	0.01674	0.06092	0.00295	0.00555	0.07398	0.00611	0.00732
41	0.01616	0.01601	0.02622	0.06970	0.63032	0.04903	0.05790	0.02001	0.01483	0.02064	0.01208	0.01593	0.01005	0.00581	0.00644	0.00193	0.00808	0.00579	0.00319	0.00989
42	0.09620	0.05045	0.00994	0.00869	0.01070	0.00825	0.00655	0.03522	0.01482	0.05259	0.17840	0.29709	0.17809	0.01473	0.00718	0.00223	0.00400	0.01269	0.00594	0.00626
43	0.12269	0.11832	0.51937	0.01666	0.02482	0.01627	0.05636	0.02014	0.01331	0.02100	0.01101	0.01303	0.00812	0.00601	0.00569	0.00197	0.00869	0.00460	0.00293	0.00901
44	0.01031	0.00806	0.00930	0.00939	0.01029	0.04158	0.00656	0.04294	0.01317	0.01761	0.12204	0.28674	0.03258	0.21637	0.12103	0.00453	0.02500	0.01194	0.00507	0.00551
45	0.01504	0.05278	0.08743	0.06901	0.03225	0.01653	0.54584	0.02113	0.05430	0.02053	0.01342	0.01719	0.01010	0.00575	0.00723	0.00213	0.01015	0.00709	0.00337	0.00875
46	0.01639	0.01463	0.02434	0.10968	0.58791	0.01493	0.01859	0.02084	0.04604	0.06401	0.01352	0.01684	0.01084	0.00610	0.00642	0.00196	0.00753	0.00587	0.00360	0.00997
47	0.00991	0.00723	0.00905	0.00971	0.01093	0.00706	0.00713	0.07838	0.01504	0.01990	0.07780	0.49454	0.09947	0.01793	0.00808	0.00253	0.00430	0.10895	0.00610	0.00597
48	0.05661	0.02337	0.02258	0.01950	0.06532	0.37872	0.16710	0.08568	0.05741	0.04415	0.01267	0.01452	0.00983	0.00656	0.00630	0.00187	0.00998	0.00540	0.00395	0.00848
49	0.02400	0.06496	0.01976	0.01466	0.01955	0.11419	0.01204	0.52710	0.04973	0.06753	0.01521	0.01528	0.01099	0.00752	0.00625	0.00188	0.00755	0.00554	0.00591	0.01035
50	0.01487	0.01421	0.02420	0.25245	0.52860	0.01506	0.01927	0.01885	0.01418	0.01975	0.01196	0.01636	0.00975	0.00597	0.00642	0.00199	0.00795	0.00575	0.00310	0.00933
51	0.00923	0.00692	0.01038	0.01038	0.01154	0.00808	0.00808	0.01154	0.01038	0.01500	0.01731	0.02538	0.01615	0.04846	0.74732	0.01038	0.01731	0.00692	0.00346	0.00577
52	0.02192	0.05478	0.01791	0.01561	0.01889	0.58820	0.01187	0.02541	0.09195	0.01692	0.01222	0.01394	0.01011	0.00994	0.06076	0.00236	0.01120	0.00467	0.00366	0.00768
53	0.01882	0.01324	0.01482	0.01292	0.01679	0.01455	0.01033	0.10311	0.45963	0.15681	0.02570	0.02704	0.01964	0.00931	0.00675	0.00220	0.00547	0.06603	0.00677	0.01008
54	0.01002	0.00678	0.00885	0.00929	0.01077	0.00631	0.00718	0.01231	0.01538	0.05982	0.24252	0.25077	0.13348	0.01640	0.00806	0.00245	0.00413	0.18305	0.00642	0.00602
55	0.00830	0.00615	0.00776	0.00837	0.00947	0.00561	0.00597	0.01016	0.01468	0.01962	0.25166	0.39683	0.17510	0.01731	0.00797	0.00237	0.00352	0.03723	0.00634	0.00557
56	0.04449	0.14637	0.57629	0.01678	0.02533	0.01680	0.02083	0.04621	0.01409	0.02074	0.01124	0.01309	0.00826	0.00610	0.00576	0.00194	0.00888	0.00456	0.00292	0.00931
57	0.02372	0.01961	0.01879	0.01498	0.01973	0.12854	0.01212	0.54642	0.09187	0.03574	0.01567	0.01572	0.01139	0.00768	0.00638	0.00192	0.00761	0.00571	0.00600	0.01039
58	0.00811	0.00572	0.00743	0.00869	0.00900	0.00541	0.00567	0.00906	0.01190	0.01587	0.03320	0.65386	0.03969	0.13924	0.01214	0.00320	0.00415	0.01695	0.00567	0.00504
59	0.00812	0.00615	0.00729	0.00782	0.00897	0.00554	0.00544	0.00961	0.01381	0.01788	0.14871	0.34429	0.28614	0.08741	0.01022	0.00272	0.00371	0.01487	0.00597	0.00532
60	0.01909	0.01387	0.01522	0.01303	0.01700	0.01536	0.01030	0.16469	0.45101	0.12781	0.02457	0.06158	0.01872	0.00907	0.00663	0.00214	0.00548	0.00749	0.00672	0.01022
61	0.01112	0.00813	0.00915	0.00893	0.00992	0.00857	0.00597	0.04070	0.14187	0.01703	0.02346	0.10444	0.02486	0.49078	0.02341	0.00483	0.00584	0.05060	0.00481	0.00559
62	0.01531	0.01649	0.08722	0.11629	0.59638	0.01521	0.01997	0.01952	0.01442	0.02055	0.01203	0.01592	0.00988	0.00587	0.00638	0.00196	0.00794	0.00567	0.00312	0.00984
63	0.01940	0.01868	0.08718	0.01448	0.01916	0.09198	0.01237	0.22971	0.36027	0.04719	0.02002	0.01924	0.01478	0.00798	0.00642	0.00204	0.00681	0.00628	0.00587	0.01012
64	0.01016	0.00699	0.00894	0.00866	0.00988	0.00686	0.00632	0.01214	0.01467	0.05298	0.33396	0.10779	0.08882	0.18382	0.05234	0.00354	0.03347	0.04706	0.00586	0.00573
65	0.02255	0.02637	0.01825	0.01616	0.01931	0.54404	0.01242	0.11696	0.01876	0.01912	0.01091	0.01303	0.00905	0.00912	0.04028	0.00220	0.08525	0.00466	0.00371	0.00785
66	0.05909	0.21041	0.35950	0.01548	0.02241	0.12747	0.01710	0.05942	0.03725	0.02027	0.01126	0.01282	0.00869	0.00623	0.00553	0.00182	0.00871	0.00443	0.00322	0.00890
67	0.03827	0.02209	0.04247	0.04571	0.05918	0.33568	0.09296	0.10629	0.07686	0.02184	0.06024	0.01867	0.01421	0.00753	0.00641	0.00192	0.00918	0.02789	0.00427	0.00833
68	0.00813	0.00578	0.00764	0.00894	0.00940	0.00544	0.00604	0.00936	0.01261	0.01689	0.07337	0.65905	0.04239	0.06507	0.00972	0.00282	0.00394	0.04222	0.00593	0.00524
69	0.00902	0.00686	0.00844	0.00878	0.01033	0.00644	0.00670	0.01199	0.04767	0.02067	0.25969	0.20393	0.22597	0.01609	0.00793	0.00236	0.00385	0.13099	0.00637	0.00592
70	0.10894	0.02369	0.05496	0.01646	0.06191	0.38572	0.01255	0.09081	0.10227	0.04877	0.01313	0.01419	0.01020	0.00700	0.00615	0.00186	0.02380	0.00487	0.00422	0.00849
71	0.04112	0.02858	0.01882	0.01832	0.07952	0.64015	0.01297	0.05274	0.01833	0.01755	0.01037	0.01215	0.00856	0.00661	0.00586	0.00170	0.01099	0.00435	0.00346	0.00785
72	0.00935	0.00624	0.00706	0.00711	0.00712	0.00623	0.00398	0.00938	0.00949	0.01266	0.02085	0.06585	0.02412	0.74850	0.03209	0.00615	0.00618	0.00969	0.00398	0.00396
73	0.04363	0.02570	0.01978	0.01692	0.02070	0.50859	0.08136	0.06682	0.05752	0.05697	0.01229	0.01375	0.00964	0.00692	0.00656	0.00182	0.03401	0.00493	0.00394	0.00814
74	0.01372	0.01084	0.01420	0.01221	0.01538	0.01107	0.08405	0.05260	0.23993	0.07370	0.13318	0.10560	0.16537	0.01175	0.00725	0.00220	0.00510	0.02760	0.00620	0.00805
75	0.00793	0.00567	0.00755	0.00896	0.00938	0.00529	0.00600	0.00914	0.01264	0.01692	0.06732	0.73577	0.04357	0.01992	0.00822	0.00260	0.00372	0.01806	0.00605	0.00529
76	0.01200	0.00720	0.00765	0.00723	0.00911	0.00720	0.00551	0.05660	0.04220	0.02481	0.14472	0.03164	0.09876	0.00947	0.00556	0.00172	0.00337	0.00781	0.51101	0.00643
77	0.02186	0.08572	0.01996	0.01493	0.01946	0.18025	0.03135	0.34365	0.16533	0.02968	0.01584	0.01600	0.01190	0.00746	0.00618	0.00189	0.00780	0.00560	0.00538	0.00976
78	0.01836	0.01408	0.01483	0.01265	0.01642	0.04173	0.01014	0.25181	0.26499	0.06887	0.06199	0.02809	0.07184	0.00968	0.00672	0.00210	0.00577	0.05380	0.03674	0.00940
79	0.00786	0.00567	0.00745	0.00888	0.00934	0.00526	0.00595	0.00901	0.01248	0.01654	0.03699	0.73620	0.07436	0.02006	0.00822	0.00260	0.00373	0.01815	0.00600	0.00526
80	0.05155	0.01476	0.01609	0.05236	0.01869	0.06128	0.01087	0.26978	0.11032	0.20959	0.07860	0.02229	0.01784	0.00849	0.00652	0.00202	0.00637	0.02639	0.00642	0.00977
81	0.03804	0.05525	0.05697	0.01865	0.02387	0.15091	0.22251	0.24252	0.02008	0.02593	0.01268	0.01481	0.00964	0.00670	0.00713	0.00195	0.04351	0.00577	0.00427	0.03880
82	0.01608	0.01783	0.02867	0.17578	0.14429	0.12887	0.32505	0.02030	0.01496	0.01896	0.01195	0.01614	0.00935	0.00611	0.00743	0.00208	0.03825	0.00634	0.00317	0.00839
83	0.78678	0.01244	0.00972	0.00862	0.01266	0.01429	0.00710	0.01950	0.01130	0.05750	0.00966	0.01096	0.00736	0.00608	0.00410	0.00200	0.00502	0.00362	0.00416	0.00716
84	0.00803	0.00635	0.00701	0.00733	0.00885	0.00559	0.00524	0.00951	0.01389	0.01728	0.09283	0.20428	0.45744	0.09718	0.01047	0.00272	0.00374	0.03112	0.00584	0.00530
85	0.01518	0.14292	0.33482	0.02456	0.25750	0.04630	0.05044	0.02031	0.01417	0.01968	0.01137	0.01399	0.00895	0.00591	0.00597	0.00189	0.00867	0.00499	0.00294	0.00946
86	0.00814	0.00611	0.00747	0.00807	0.00916	0.00553	0.00564	0.00977	0.01414	0.01859	0.19032	0.39591	0.23053	0.04868	0.00896	0.00253	0.00358	0.01531	0.00615	0.00543
87	0.01340	0.01148	0.01340	0.00957	0.01531	0.00861	0.00766	0.01627	0.01340	0.02105	0.01148	0.01340	0.00957	0.00479	0.00479	0.00096	0.00479	0.00383	0.00383	0.81242
88	0.04164	0.04978	0.05958	0.01613	0.02029	0.02996	0.18282	0.04187	0.04610	0.08566	0.07894	0.02192	0.06356	0.00843	0.00932	0.00209	0.14801	0.00694	0.00441	0.08255
89	0.20194	0.01802	0.08003	0.01285	0.01684	0.15517	0.01099	0.10061	0.06301	0.02343	0.01352	0.01814	0.01159	0.05935	0.00860	0.00223	0.06517	0.03642	0.00419	0.09791
90	0.06308	0.00643	0.00746	0.00815	0.00917	0.00611	0.00558	0.01001	0.01280	0.01769	0.08680	0.42754	0.18094	0.11463	0.01095	0.00292	0.00401	0.01476	0.00567	0.00530
91	0.01411	0.06420	0.01606	0.01269	0.01568	0.07765	0.06095	0.08216	0.10579	0.02028	0.05427	0.02271	0.01674	0.05733	0.29614	0.00536	0.01110	0.00662	0.00430	0.05587
92	0.06349	0.12789	0.15855	0.01292	0.01717	0.11339	0.03961	0.04331	0.01377	0.04514	0.01508	0.06344	0.01421	0.16221	0.05995	0.00329	0.00839	0.00646	0.00375	0.02797
93	0.11459	0.04562	0.03767	0.01550	0.04133	0.17108	0.11104	0.13813	0.04416	0.05525	0.04327	0.02045	0.05605	0.04916	0.02707	0.00238	0.00814	0.00632	0.00456	0.00822
94	0.07819	0.06166	0.01603	0.01457	0.07774	0.18032	0.01065	0.05315	0.08093	0.12047	0.09806	0.02714	0.05251	0.00914	0.00640	0.00198	0.00684	0.07500	0.00523	0.02399
95	0.03910	0.05285	0.01775	0.02572	0.05786	0.23849	0.03969	0.02265	0.10200	0.07886	0.01565	0.01973	0.01307	0.01134	0.07295	0.00265	0.05235	0.04648	0.00428	0.08653
96	0.04695	0.07795	0.04222	0.02855	0.01580	0.10217	0.02940	0.09211	0.04838	0.03994	0.05785	0.11823	0.10849	0.01502	0.07923	0.00293	0.00749	0.07498	0.00498	0.00734
97	0.07432	0.01826	0.01791	0.01558	0.06465	0.18820	0.04304	0.17045	0.04680	0.05528	0.01303	0.01442	0.01010	0.00659	0.00634	0.00169	0.03589	0.00494	0.00448	0.20805
98	0.09411	0.05405	0.03897	0.03579	0.08134	0.03226	0.10791	0.17315	0.09259	0.04531	0.01771	0.01882	0.05767	0.00715	0.00610	0.00186	0.00686	0.00607	0.00472	0.11754
99	0.09213	0.08567	0.01943	0.06745	0.02000	0.08042	0.09688	0.10778	0.06236	0.08908	0.03974	0.10353	0.01592	0.00874	0.00724	0.00204	0.05516	0.00717	0.00476	0.03449
100	0.04798	0.07017	0.07011	0.03793	0.06371	0.09236	0.01110	0.09659	0.01638	0.06178	0.07950	0.14340	0.04664	0.00995	0.00677	0.00196	0.02452	0.02352	0.00482	0.09080

[dist]
# distance from previous block
# <min> <max>
37	115

[block]
# block no. 3 follows, 34 sequences, length 141
# corresponding to MSA columns:
# 582-722
name=unknown_D
#
# <colnr> <probs for GDERKNQSTAVLIFYWHMCP>
#	G	D	E	R	K	N	Q	S	T	A	V	L	I	F	Y	W	H	M	C	P
0	0.10662	0.22422	0.04279	0.01492	0.01997	0.15605	0.12654	0.04451	0.06518	0.07705	0.01280	0.01411	0.00998	0.00625	0.00554	0.00175	0.00797	0.00493	0.00395	0.05488
1	0.01842	0.04826	0.04305	0.01602	0.02021	0.14125	0.10600	0.10858	0.14099	0.06049	0.01474	0.01625	0.01143	0.00750	0.00848	0.00197	0.12265	0.00569	0.00447	0.10355
2	0.01512	0.01325	0.04956	0.01148	0.01523	0.04013	0.00941	0.12893	0.18279	0.04612	0.15525	0.02769	0.06144	0.05164	0.03945	0.00247	0.00595	0.00753	0.00566	0.13090
3	0.01226	0.01188	0.09875	0.01035	0.01373	0.00957	0.00915	0.05725	0.12743	0.06167	0.29473	0.04035	0.20342	0.01182	0.00716	0.00209	0.00458	0.01002	0.00624	0.00755
4	0.00794	0.00565	0.00748	0.00891	0.00926	0.00530	0.00590	0.00902	0.01223	0.01631	0.03491	0.73501	0.04184	0.05515	0.00939	0.00279	0.00387	0.01795	0.00590	0.00519
5	0.01322	0.01241	0.02038	0.54966	0.18412	0.01449	0.01764	0.01812	0.05056	0.01814	0.01240	0.01723	0.00956	0.00639	0.00641	0.00207	0.00813	0.00577	0.00316	0.03013
6	0.01581	0.05594	0.09650	0.04471	0.33467	0.01370	0.01543	0.04037	0.01476	0.05789	0.01250	0.01502	0.01000	0.00570	0.00579	0.00163	0.00689	0.00501	0.00365	0.24405
7	0.81856	0.01250	0.00950	0.00850	0.01250	0.01449	0.00700	0.01899	0.01100	0.02899	0.00900	0.01050	0.00700	0.00600	0.00400	0.00200	0.00500	0.00350	0.00400	0.00700
8	0.00939	0.00630	0.00721	0.00721	0.00727	0.00636	0.00412	0.00950	0.00945	0.01265	0.02021	0.04144	0.02312	0.73657	0.06874	0.00647	0.00682	0.00927	0.00389	0.00401
9	0.01519	0.01574	0.01919	0.01658	0.01700	0.10053	0.01365	0.01668	0.01095	0.01585	0.00905	0.01417	0.00872	0.01067	0.01896	0.00266	0.65345	0.00550	0.02838	0.00708
10	0.00914	0.00660	0.00864	0.00813	0.00965	0.00610	0.00610	0.01219	0.01829	0.02591	0.72921	0.04827	0.06097	0.01321	0.00762	0.00203	0.00305	0.01169	0.00711	0.00610
11	0.00787	0.00562	0.00750	0.00900	0.00937	0.00525	0.00600	0.00900	0.01237	0.01649	0.03561	0.76871	0.04274	0.02024	0.00825	0.00262	0.00375	0.01837	0.00600	0.00525
12	0.00787	0.00562	0.00750	0.00900	0.00937	0.00525	0.00600	0.00900	0.01237	0.01649	0.03561	0.76871	0.04274	0.02024	0.00825	0.00262	0.00375	0.01837	0.00600	0.00525
13	0.00914	0.00660	0.00864	0.00813	0.00965	0.00610	0.00610	0.01219	0.01829	0.02591	0.72921	0.04827	0.06097	0.01321	0.00762	0.00203	0.00305	0.01169	0.00711	0.00610
14	0.01296	0.03342	0.73944	0.01842	0.02797	0.01501	0.02387	0.02046	0.01364	0.02046	0.01160	0.01364	0.00818	0.00614	0.00614	0.00205	0.00955	0.00477	0.00273	0.00955
15	0.01727	0.77681	0.03386	0.01106	0.01658	0.02557	0.01106	0.01935	0.01313	0.01520	0.00898	0.01036	0.00829	0.00553	0.00415	0.00138	0.00691	0.00345	0.00276	0.00829
