[name]
unknown

[dist]
# distance from previous block
# <min> <max>
0	1745

[block]
# block no. 0 follows, 33 sequences, length 43
# corresponding to MSA columns:
# 1745-1787
name=unknown_A
#
# <colnr> <probs for GDERKNQSTAVLIFYWHMCP>
#	G	D	E	R	K	N	Q	S	T	A	V	L	I	F	Y	W	H	M	C	P
0	0.01564	0.01314	0.05537	0.03089	0.06574	0.03501	0.01064	0.17394	0.03611	0.06630	0.15493	0.08569	0.06027	0.05732	0.03480	0.00265	0.00638	0.04357	0.00569	0.04591
1	0.01286	0.01217	0.02047	0.66822	0.07511	0.01481	0.03940	0.01783	0.04125	0.01759	0.01238	0.01778	0.00934	0.00661	0.00662	0.00219	0.00866	0.00597	0.00310	0.00763
2	0.02850	0.01163	0.01542	0.01187	0.01686	0.01042	0.00979	0.08537	0.01981	0.65328	0.04844	0.02277	0.01742	0.00831	0.00666	0.00203	0.00565	0.00674	0.00799	0.01104
3	0.00956	0.00646	0.00755	0.00755	0.00768	0.00658	0.00445	0.00981	0.00968	0.01304	0.02040	0.04120	0.02312	0.68998	0.11105	0.00684	0.00761	0.00930	0.00394	0.00420
4	0.02503	0.01844	0.01976	0.01515	0.02042	0.02042	0.01251	0.70562	0.03095	0.04149	0.01581	0.01581	0.01120	0.00790	0.00659	0.00198	0.00724	0.00593	0.00659	0.01120
5	0.02764	0.01146	0.01514	0.01178	0.01663	0.01034	0.00967	0.06431	0.05229	0.62800	0.06205	0.02359	0.01862	0.00845	0.00668	0.00204	0.00553	0.00690	0.00796	0.01090
6	0.01365	0.01170	0.01365	0.00975	0.01560	0.00878	0.00780	0.01658	0.01365	0.02145	0.01170	0.01365	0.00975	0.00488	0.00488	0.00098	0.00488	0.00390	0.00390	0.80888
7	0.81514	0.01273	0.00968	0.00866	0.01273	0.01477	0.00713	0.01935	0.01120	0.02954	0.00917	0.01069	0.00713	0.00611	0.00407	0.00204	0.00509	0.00356	0.00407	0.00713
8	0.01629	0.01564	0.02672	0.04041	0.72757	0.01564	0.02020	0.02020	0.01499	0.02151	0.01238	0.01629	0.01043	0.00587	0.00652	0.00196	0.00782	0.00587	0.00326	0.01043
9	0.02710	0.01062	0.01435	0.01119	0.01584	0.00924	0.00917	0.02972	0.01862	0.64304	0.08609	0.02480	0.02028	0.00859	0.00664	0.00202	0.00529	0.00706	0.03976	0.01057
10	0.00822	0.00585	0.00775	0.00920	0.00962	0.00550	0.00621	0.00939	0.01257	0.01674	0.03545	0.69728	0.04232	0.05730	0.00967	0.00287	0.00405	0.04869	0.00600	0.00531
11	0.00809	0.00588	0.00766	0.00905	0.00964	0.00544	0.00617	0.00935	0.01291	0.01699	0.03890	0.67841	0.10300	0.02019	0.00837	0.00265	0.00386	0.04194	0.00611	0.00539
12	0.02118	0.00937	0.01252	0.01023	0.01391	0.00823	0.00820	0.02389	0.01859	0.44265	0.28093	0.03404	0.06632	0.01047	0.00709	0.00206	0.00459	0.00888	0.00773	0.00913
13	0.81514	0.01273	0.00968	0.00866	0.01273	0.01477	0.00713	0.01935	0.01120	0.02954	0.00917	0.01069	0.00713	0.00611	0.00407	0.00204	0.00509	0.00356	0.00407	0.00713
14	0.81514	0.01273	0.00968	0.00866	0.01273	0.01477	0.00713	0.01935	0.01120	0.02954	0.00917	0.01069	0.00713	0.00611	0.00407	0.00204	0.00509	0.00356	0.00407	0.00713
15	0.00970	0.00749	0.01115	0.01098	0.01209	0.00894	0.00860	0.01200	0.01055	0.01532	0.01710	0.02518	0.01599	0.04711	0.69939	0.01012	0.06187	0.00698	0.00349	0.00596
16	0.00802	0.00573	0.00764	0.00917	0.00955	0.00535	0.00611	0.00917	0.01260	0.01681	0.03628	0.76434	0.04354	0.02062	0.00840	0.00267	0.00382	0.01872	0.00611	0.00535
17	0.00924	0.00673	0.00869	0.00820	0.00979	0.00618	0.00615	0.01227	0.01845	0.02595	0.68969	0.04992	0.09681	0.01363	0.00777	0.00208	0.00312	0.01201	0.00719	0.00618
18	0.00802	0.00573	0.00764	0.00917	0.00955	0.00535	0.00611	0.00917	0.01260	0.01681	0.03628	0.76434	0.04354	0.02062	0.00840	0.00267	0.00382	0.01872	0.00611	0.00535
19	0.01757	0.58804	0.08625	0.01532	0.09397	0.06962	0.01331	0.02027	0.01392	0.01658	0.00977	0.01151	0.00865	0.00578	0.00473	0.00154	0.00764	0.00392	0.00290	0.00871
20	0.01525	0.01225	0.01423	0.01029	0.01606	0.00979	0.00827	0.07531	0.01532	0.05186	0.01262	0.01419	0.01014	0.00526	0.00509	0.00110	0.00510	0.00418	0.00430	0.70938
21	0.01579	0.01823	0.10956	0.07958	0.43550	0.05410	0.08829	0.02086	0.04937	0.02094	0.01370	0.03953	0.01142	0.00658	0.00665	0.00203	0.00840	0.00633	0.00345	0.00968
22	0.00940	0.00705	0.01058	0.01058	0.01176	0.00823	0.00823	0.01176	0.01058	0.01528	0.01763	0.02586	0.01646	0.04937	0.74255	0.01058	0.01763	0.00705	0.00353	0.00588
23	0.07824	0.06795	0.15096	0.12918	0.28351	0.01540	0.08086	0.01909	0.01429	0.02091	0.03590	0.01850	0.04367	0.00674	0.00634	0.00202	0.00798	0.00607	0.00342	0.00897
24	0.02671	0.01574	0.01808	0.01386	0.01907	0.01640	0.01145	0.45396	0.02643	0.29954	0.01960	0.01827	0.01310	0.00799	0.00660	0.00200	0.00663	0.00619	0.00717	0.01120
25	0.00936	0.00683	0.00970	0.00979	0.01067	0.00767	0.00722	0.01115	0.01049	0.01485	0.01939	0.07351	0.01963	0.19726	0.55126	0.00924	0.01447	0.00827	0.00378	0.00545
26	0.00932	0.00673	0.00880	0.00828	0.00984	0.00621	0.00621	0.01242	0.01863	0.02640	0.72410	0.04918	0.06212	0.01346	0.00776	0.00207	0.00311	0.01191	0.00725	0.00621
27	0.00905	0.00667	0.00845	0.00810	0.00969	0.00608	0.00604	0.01186	0.01785	0.02476	0.60136	0.08485	0.15228	0.01424	0.00780	0.00212	0.00317	0.01250	0.00704	0.00608
28	0.13512	0.01141	0.01452	0.01130	0.01626	0.01036	0.00933	0.03037	0.01782	0.63771	0.02371	0.02083	0.01506	0.00787	0.00628	0.00204	0.00553	0.00621	0.00760	0.01066
29	0.00817	0.00584	0.00777	0.00907	0.00958	0.00545	0.00612	0.00954	0.01329	0.01790	0.11494	0.68256	0.04567	0.01981	0.00833	0.00260	0.00374	0.01794	0.00624	0.00545
30	0.02503	0.01844	0.01976	0.01515	0.02042	0.02042	0.01251	0.70562	0.03095	0.04149	0.01581	0.01581	0.01120	0.00790	0.00659	0.00198	0.00724	0.00593	0.00659	0.01120
31	0.02766	0.01421	0.01714	0.01314	0.01831	0.01414	0.01086	0.31210	0.02388	0.44500	0.02175	0.01966	0.01418	0.00805	0.00661	0.00201	0.00628	0.00633	0.00750	0.01120
32	0.01243	0.01170	0.01975	0.75282	0.04534	0.01463	0.01828	0.01682	0.01316	0.01682	0.01170	0.01755	0.00878	0.00658	0.00658	0.00219	0.00878	0.00585	0.00293	0.00731
33	0.01061	0.00758	0.01061	0.01212	0.01364	0.00758	0.01061	0.01364	0.01515	0.01970	0.03486	0.07426	0.03789	0.01819	0.00909	0.00303	0.00606	0.68326	0.00606	0.00606
34	0.01440	0.01440	0.02016	0.01728	0.01728	0.02016	0.01440	0.01584	0.01008	0.01584	0.00864	0.01440	0.00864	0.01152	0.02160	0.00288	0.75659	0.00576	0.00288	0.00720
35	0.07841	0.01111	0.01425	0.01117	0.01582	0.01012	0.00917	0.06012	0.01859	0.57774	0.05847	0.02279	0.01775	0.00824	0.00639	0.00201	0.00537	0.00662	0.05548	0.01039
36	0.00918	0.00673	0.00864	0.00845	0.01000	0.00619	0.00640	0.01201	0.01764	0.02444	0.56439	0.09485	0.12792	0.01456	0.00790	0.00219	0.00339	0.06204	0.00697	0.00608
37	0.01199	0.00733	0.00961	0.00869	0.01074	0.00666	0.00664	0.01497	0.01855	0.12098	0.61028	0.04601	0.07611	0.01284	0.00761	0.00207	0.00345	0.01126	0.00733	0.00686
38	0.01820	0.01520	0.01905	0.11361	0.09648	0.04955	0.03431	0.24986	0.09189	0.04315	0.01569	0.01845	0.01229	0.01407	0.11942	0.00340	0.06515	0.00622	0.00482	0.00919
39	0.01778	0.01601	0.08977	0.07125	0.10984	0.01421	0.10254	0.12932	0.08939	0.10659	0.03785	0.01879	0.01357	0.00698	0.00644	0.00191	0.00715	0.00620	0.03724	0.11715
40	0.01573	0.05903	0.09929	0.01579	0.06373	0.01444	0.06028	0.11616	0.08031	0.06943	0.05338	0.06861	0.05913	0.01357	0.08330	0.00302	0.08521	0.00763	0.02337	0.00858
41	0.03646	0.13037	0.18391	0.08090	0.09691	0.03947	0.05809	0.05198	0.06499	0.03986	0.01341	0.01657	0.01078	0.04397	0.00781	0.00212	0.03214	0.00544	0.00370	0.08112
42	0.05587	0.01530	0.03967	0.07828	0.02031	0.06951	0.04523	0.22951	0.04103	0.10653	0.02051	0.09749	0.05194	0.01050	0.03166	0.00232	0.00728	0.00752	0.00544	0.06411

[dist]
# distance from previous block
# <min> <max>
3	7

[block]
# block no. 1 follows, 33 sequences, length 22
# corresponding to MSA columns:
# 1795-1816
name=unknown_B
#
# <colnr> <probs for GDERKNQSTAVLIFYWHMCP>
#	G	D	E	R	K	N	Q	S	T	A	V	L	I	F	Y	W	H	M	C	P
0	0.14337	0.01768	0.12248	0.03448	0.14204	0.06139	0.01401	0.10635	0.04237	0.02384	0.03270	0.01613	0.01139	0.00928	0.02822	0.04947	0.08072	0.00539	0.00397	0.05471
1	0.01063	0.00802	0.00909	0.00868	0.01008	0.00805	0.00588	0.01447	0.12742	0.01789	0.09232	0.09865	0.09391	0.37252	0.04028	0.00438	0.00561	0.01016	0.00509	0.05689
2	0.01500	0.01806	0.16934	0.17789	0.08387	0.04837	0.01605	0.11886	0.03699	0.02242	0.05152	0.02231	0.04502	0.01069	0.04832	0.00264	0.06789	0.03217	0.00409	0.00849
3	0.00887	0.00665	0.00822	0.00797	0.00959	0.00600	0.00592	0.01150	0.01736	0.02371	0.52210	0.10269	0.21580	0.01471	0.00781	0.00215	0.00321	0.01285	0.00690	0.00600
4	0.01502	0.01517	0.04689	0.13822	0.10214	0.06101	0.07952	0.02411	0.26353	0.02256	0.08808	0.04333	0.01929	0.00854	0.00754	0.00218	0.04172	0.00741	0.00488	0.00886
5	0.00895	0.00665	0.00825	0.00797	0.00953	0.00604	0.00588	0.01153	0.01721	0.02361	0.52666	0.09301	0.19091	0.04400	0.00881	0.00230	0.00332	0.01260	0.00683	0.00595
6	0.01606	0.01365	0.01932	0.13388	0.22123	0.01482	0.03752	0.07786	0.23129	0.04616	0.04584	0.04981	0.01687	0.00807	0.00668	0.00211	0.00665	0.00718	0.03554	0.00946
7	0.02503	0.01844	0.01976	0.01515	0.02042	0.02042	0.01251	0.70562	0.03095	0.04149	0.01581	0.01581	0.01120	0.00790	0.00659	0.00198	0.00724	0.00593	0.00659	0.01120
8	0.02091	0.01572	0.04531	0.03634	0.08814	0.01557	0.01232	0.31504	0.09548	0.13066	0.02022	0.02012	0.05265	0.00792	0.00647	0.00193	0.00652	0.00637	0.00593	0.09641
9	0.01554	0.01776	0.03885	0.02775	0.03441	0.01665	0.70366	0.02109	0.01554	0.02109	0.01332	0.01776	0.00999	0.00555	0.00777	0.00222	0.01110	0.00777	0.00333	0.00888
10	0.00957	0.00638	0.00718	0.00718	0.00718	0.00638	0.00399	0.00957	0.00957	0.01276	0.02074	0.04308	0.02393	0.76864	0.03351	0.00638	0.00638	0.00957	0.00399	0.00399
11	0.02319	0.08535	0.02069	0.01900	0.09458	0.61193	0.01340	0.02515	0.01787	0.01663	0.01033	0.01224	0.00868	0.00660	0.00587	0.00170	0.01108	0.00436	0.00333	0.00799
12	0.13888	0.18965	0.02045	0.01402	0.01784	0.38918	0.01133	0.04780	0.01626	0.01920	0.01037	0.01215	0.00870	0.00672	0.00598	0.00174	0.04371	0.00419	0.03404	0.00779
13	0.11733	0.52083	0.10763	0.01235	0.01802	0.09576	0.01235	0.02046	0.01370	0.01790	0.00955	0.01108	0.00827	0.00588	0.00460	0.00159	0.00758	0.00375	0.00303	0.00834
14	0.01451	0.02343	0.35289	0.04300	0.07703	0.01503	0.15418	0.05391	0.04186	0.02230	0.01387	0.01665	0.01038	0.00664	0.00703	0.00208	0.03772	0.00587	0.09249	0.00914
15	0.01144	0.00572	0.00858	0.00858	0.00858	0.00572	0.00572	0.00858	0.00858	0.01144	0.01144	0.02001	0.01144	0.02287	0.02573	0.80846	0.00572	0.00572	0.00286	0.00286
16	0.01781	0.01952	0.07541	0.01437	0.01820	0.22955	0.04913	0.13991	0.08439	0.02382	0.09397	0.09475	0.06081	0.00972	0.00673	0.00201	0.00769	0.00792	0.03608	0.00820
17	0.00942	0.00700	0.01031	0.01031	0.01140	0.00808	0.00790	0.01158	0.01050	0.01508	0.01788	0.02722	0.01705	0.10598	0.68675	0.01025	0.01675	0.00725	0.00356	0.00573
18	0.01524	0.06935	0.07115	0.10549	0.10496	0.04293	0.05536	0.09312	0.13074	0.02287	0.06943	0.04913	0.08400	0.00905	0.00750	0.00211	0.04665	0.00755	0.00470	0.00865
19	0.00977	0.00676	0.00851	0.00855	0.01009	0.00616	0.00635	0.01204	0.01611	0.05437	0.34499	0.20703	0.18283	0.03869	0.00873	0.00243	0.00373	0.06019	0.00664	0.00605
20	0.01908	0.21205	0.07541	0.01564	0.06407	0.09581	0.03565	0.24031	0.01994	0.02568	0.03661	0.07135	0.01412	0.00799	0.00602	0.00185	0.00749	0.00626	0.03559	0.00909
21	0.04296	0.03434	0.05743	0.09673	0.14300	0.01355	0.06238	0.08272	0.01523	0.06690	0.01395	0.01809	0.01144	0.05372	0.06613	0.00277	0.03659	0.00576	0.00402	0.17230

[dist]
# distance from previous block
# <min> <max>
0	2

[block]
# block no. 2 follows, 33 sequences, length 32
# corresponding to MSA columns:
# 1819-1850
name=unknown_C
#
# <colnr> <probs for GDERKNQSTAVLIFYWHMCP>
#	G	D	E	R	K	N	Q	S	T	A	V	L	I	F	Y	W	H	M	C	P
0	0.10390	0.03937	0.03642	0.03511	0.02017	0.22517	0.03107	0.24602	0.10548	0.07202	0.01503	0.01555	0.01115	0.00734	0.00612	0.00194	0.00821	0.00539	0.00515	0.00939
1	0.33819	0.01668	0.01537	0.03388	0.04434	0.16733	0.06244	0.06908	0.01505	0.03888	0.01227	0.01490	0.00979	0.02788	0.00645	0.00207	0.02598	0.00489	0.08685	0.00768
2	0.00987	0.00891	0.05754	0.01144	0.04076	0.00835	0.00864	0.01200	0.01090	0.01544	0.01917	0.08489	0.01946	0.20723	0.44627	0.00811	0.01309	0.00833	0.00377	0.00584
3	0.01587	0.01360	0.10602	0.01298	0.04287	0.01104	0.03388	0.12757	0.03710	0.13493	0.10485	0.08901	0.12934	0.09889	0.01017	0.00263	0.00599	0.00928	0.00577	0.00819
4	0.01218	0.00998	0.01240	0.01135	0.05975	0.00845	0.00803	0.04227	0.01563	0.02271	0.19469	0.11406	0.07184	0.00978	0.00636	0.00163	0.00450	0.00846	0.00519	0.38071
5	0.01545	0.07149	0.03719	0.01780	0.15026	0.07122	0.05875	0.08364	0.01731	0.06263	0.17071	0.10402	0.06690	0.01139	0.02995	0.00231	0.00680	0.00885	0.00515	0.00819
6	0.07726	0.02798	0.49881	0.01728	0.02549	0.01572	0.04322	0.12683	0.01670	0.07117	0.01320	0.01463	0.00926	0.00660	0.00621	0.00207	0.00877	0.00514	0.00383	0.00982
7	0.01250	0.07877	0.01514	0.03187	0.09780	0.01114	0.03281	0.01755	0.12119	0.04531	0.18170	0.10594	0.17955	0.01205	0.00717	0.00214	0.00502	0.02903	0.00571	0.00760
8	0.06040	0.21328	0.02313	0.01631	0.06126	0.31308	0.03176	0.11770	0.01782	0.02058	0.01114	0.01309	0.00927	0.00836	0.03570	0.00210	0.02828	0.00461	0.00371	0.00843
9	0.52126	0.05090	0.06350	0.01315	0.06962	0.05127	0.02902	0.02060	0.05834	0.02621	0.01183	0.03799	0.00975	0.00677	0.00493	0.00203	0.00618	0.00474	0.00405	0.00785
10	0.01772	0.01573	0.02053	0.18845	0.24069	0.07125	0.01551	0.21686	0.01922	0.02533	0.01554	0.09407	0.01358	0.00822	0.00670	0.00207	0.00776	0.00710	0.00445	0.00921
11	0.01591	0.01535	0.02325	0.19297	0.35150	0.06191	0.06634	0.05772	0.04969	0.02159	0.04117	0.02023	0.01343	0.00708	0.00674	0.00207	0.00813	0.03196	0.00381	0.00915
12	0.02398	0.03036	0.01875	0.01698	0.02017	0.69914	0.01282	0.02566	0.01814	0.01610	0.01008	0.01202	0.00849	0.00707	0.00687	0.00177	0.05629	0.00433	0.00336	0.00761
13	0.01380	0.01139	0.01377	0.01100	0.04390	0.00882	0.00823	0.01662	0.01378	0.04204	0.01402	0.07121	0.01255	0.00621	0.00526	0.00118	0.00494	0.00519	0.00417	0.69195
14	0.00957	0.00638	0.00718	0.00718	0.00718	0.00638	0.00399	0.00957	0.00957	0.01276	0.02074	0.04308	0.02393	0.76864	0.03351	0.00638	0.00638	0.00957	0.00399	0.00399
15	0.01096	0.00723	0.00815	0.00772	0.01013	0.00618	0.00586	0.01286	0.01574	0.11713	0.12806	0.10843	0.50661	0.01545	0.00767	0.00221	0.00366	0.01304	0.00651	0.00639
16	0.06589	0.03092	0.62032	0.02015	0.09348	0.01529	0.02281	0.02069	0.01383	0.02148	0.01169	0.01392	0.00846	0.00621	0.00614	0.00207	0.00925	0.00487	0.00291	0.00963
17	0.01559	0.01302	0.02165	0.07343	0.28408	0.01317	0.11202	0.04736	0.03619	0.06817	0.01837	0.02730	0.01601	0.01062	0.04740	0.00263	0.00801	0.11081	0.06534	0.00883
18	0.07597	0.00966	0.01141	0.01008	0.01296	0.00977	0.00786	0.02159	0.17441	0.15540	0.38616	0.03585	0.04016	0.01092	0.00704	0.00210	0.00418	0.00931	0.00705	0.00813
19	0.00815	0.00628	0.00744	0.00800	0.00933	0.00558	0.00568	0.00984	0.01462	0.01885	0.16672	0.35600	0.32432	0.01778	0.00804	0.00239	0.00350	0.01558	0.00631	0.00558
20	0.01437	0.06167	0.09029	0.06812	0.03852	0.01096	0.01018	0.05517	0.04309	0.11381	0.06049	0.12850	0.06511	0.19537	0.01334	0.00317	0.00620	0.00921	0.00507	0.00736
21	0.02175	0.02643	0.01696	0.01544	0.01861	0.57558	0.01162	0.02516	0.08119	0.01856	0.11012	0.01816	0.01692	0.00790	0.00626	0.00180	0.01007	0.00558	0.00422	0.00769
22	0.01058	0.00700	0.00897	0.00856	0.01036	0.00636	0.00647	0.01327	0.01747	0.07786	0.49258	0.11647	0.14468	0.01433	0.00779	0.00218	0.00351	0.03813	0.00701	0.00642
23	0.00924	0.00626	0.00744	0.00775	0.00822	0.00606	0.00489	0.01018	0.01198	0.01645	0.12308	0.22305	0.05556	0.41306	0.02132	0.00447	0.00502	0.01212	0.04905	0.00480
24	0.02354	0.08051	0.01947	0.01571	0.03857	0.35742	0.01211	0.18829	0.05548	0.09909	0.03791	0.01582	0.01238	0.00741	0.00615	0.00182	0.00900	0.00530	0.00490	0.00909
25	0.00931	0.00692	0.01020	0.01031	0.01137	0.00793	0.00787	0.01146	0.01068	0.01527	0.01916	0.08123	0.01882	0.08202	0.65406	0.00979	0.01607	0.00804	0.00374	0.00575
26	0.00996	0.00637	0.00708	0.00708	0.00749	0.00636	0.00428	0.01066	0.01062	0.01519	0.02300	0.04022	0.05633	0.57420	0.04923	0.00545	0.00600	0.00909	0.14690	0.00451
27	0.05442	0.09301	0.09424	0.06227	0.10930	0.01627	0.24817	0.09744	0.01577	0.02200	0.01358	0.01913	0.01143	0.10286	0.01001	0.00258	0.00871	0.00655	0.00369	0.00857
28	0.06600	0.07243	0.01458	0.00971	0.01507	0.01061	0.00793	0.01721	0.04214	0.02147	0.01613	0.01744	0.06438	0.00608	0.00507	0.00123	0.00496	0.00475	0.00411	0.59870
29	0.01806	0.28452	0.06315	0.01552	0.04352	0.12000	0.10052	0.05382	0.07991	0.05424	0.01635	0.01746	0.04988	0.00699	0.00578	0.00177	0.00781	0.00558	0.02353	0.03158
30	0.01365	0.01422	0.07010	0.05470	0.03940	0.11309	0.04398	0.04923	0.01597	0.03821	0.11466	0.22429	0.07291	0.01228	0.00723	0.00216	0.00643	0.04043	0.00513	0.06191
31	0.12506	0.06072	0.09423	0.04295	0.04020	0.01605	0.05975	0.20845	0.09311	0.10838	0.03421	0.04183	0.03063	0.00796	0.00629	0.00205	0.00685	0.00645	0.00535	0.00950

[dist]
# distance from previous block
# <min> <max>
0	5

[block]
# block no. 3 follows, 33 sequences, length 65
# corresponding to MSA columns:
# 1856-1920
name=unknown_D
#
# <colnr> <probs for GDERKNQSTAVLIFYWHMCP>
#	G	D	E	R	K	N	Q	S	T	A	V	L	I	F	Y	W	H	M	C	P
0	0.11444	0.02052	0.08936	0.01489	0.05409	0.24755	0.01190	0.09023	0.01703	0.05423	0.04049	0.07345	0.01431	0.03037	0.00682	0.00198	0.00797	0.00610	0.00437	0.09988
1	0.03373	0.28340	0.05811	0.03191	0.03716	0.16193	0.01153	0.01840	0.01429	0.01728	0.06020	0.10816	0.01694	0.01202	0.06387	0.00254	0.05060	0.00668	0.00373	0.00755
2	0.00824	0.00655	0.00712	0.00719	0.00888	0.00573	0.00515	0.00986	0.01462	0.01829	0.15069	0.12472	0.48122	0.10927	0.01101	0.00276	0.00372	0.01353	0.00601	0.00544
3	0.01596	0.04612	0.05953	0.03614	0.06138	0.06971	0.02654	0.11488	0.05736	0.08396	0.19462	0.06669	0.06271	0.03514	0.03779	0.00253	0.00667	0.00850	0.00559	0.00819
4	0.00804	0.00661	0.00708	0.00710	0.00909	0.00565	0.00527	0.00990	0.01541	0.01908	0.16847	0.11103	0.57159	0.01645	0.00782	0.00223	0.00333	0.01392	0.00629	0.00565
5	0.01543	0.26071	0.36740	0.01934	0.09923	0.04123	0.07026	0.02061	0.01412	0.01912	0.01111	0.01334	0.00872	0.00598	0.00575	0.00186	0.00886	0.00475	0.00290	0.00928
6	0.00840	0.00698	0.00738	0.00729	0.00942	0.00613	0.00546	0.01101	0.04678	0.01943	0.15854	0.08548	0.57267	0.01601	0.00775	0.00222	0.00340	0.01350	0.00630	0.00586
7	0.00953	0.00656	0.00808	0.00808	0.00839	0.00687	0.00511	0.01015	0.00984	0.01343	0.01992	0.03853	0.02196	0.57862	0.22083	0.00749	0.00935	0.00891	0.00387	0.00449
8	0.02503	0.01844	0.01976	0.01515	0.02042	0.02042	0.01251	0.70562	0.03095	0.04149	0.01581	0.01581	0.01120	0.00790	0.00659	0.00198	0.00724	0.00593	0.00659	0.01120
9	0.01760	0.77260	0.03450	0.01126	0.01690	0.02605	0.01126	0.01971	0.01338	0.01549	0.00915	0.01056	0.00845	0.00563	0.00422	0.00141	0.00704	0.00352	0.00282	0.00845
10	0.02092	0.14803	0.04108	0.01197	0.01758	0.01478	0.01042	0.17040	0.01870	0.20934	0.01585	0.01585	0.01149	0.00656	0.00563	0.00158	0.00611	0.00501	0.00536	0.26334
11	0.38086	0.01790	0.20189	0.01218	0.01803	0.01346	0.01238	0.02337	0.01408	0.22704	0.01464	0.01487	0.01005	0.00673	0.00537	0.00205	0.00646	0.00478	0.00489	0.00897
12	0.00940	0.00705	0.01058	0.01058	0.01176	0.00823	0.00823	0.01176	0.01058	0.01528	0.01763	0.02586	0.01646	0.04937	0.74255	0.01058	0.01763	0.00705	0.00353	0.00588
13	0.01482	0.01510	0.02010	0.01727	0.01741	0.04966	0.01433	0.01627	0.01043	0.01585	0.00870	0.01430	0.00864	0.01133	0.02096	0.00283	0.72617	0.00570	0.00290	0.00722
14	0.02503	0.01844	0.01976	0.01515	0.02042	0.02042	0.01251	0.70562	0.03095	0.04149	0.01581	0.01581	0.01120	0.00790	0.00659	0.00198	0.00724	0.00593	0.00659	0.01120
15	0.01798	0.01674	0.05624	0.02265	0.04943	0.01553	0.42145	0.07290	0.08718	0.12153	0.03831	0.01972	0.01351	0.00669	0.00732	0.00216	0.00908	0.00741	0.00466	0.00952
16	0.12851	0.02248	0.29821	0.01605	0.05015	0.07871	0.03604	0.05907	0.01572	0.13392	0.03470	0.05245	0.01322	0.02440	0.00680	0.00215	0.00792	0.00605	0.00441	0.00906
17	0.23794	0.23681	0.12916	0.01296	0.01818	0.15427	0.01230	0.02253	0.08372	0.02149	0.01151	0.01274	0.00923	0.00640	0.00506	0.00182	0.00763	0.00426	0.00365	0.00832
18	0.02261	0.01686	0.01799	0.01425	0.01899	0.01876	0.01162	0.53763	0.15646	0.03783	0.01820	0.01798	0.01320	0.00808	0.00648	0.00200	0.00660	0.00622	0.05751	0.01073
19	0.01123	0.02772	0.03128	0.03720	0.09469	0.00971	0.00914	0.03360	0.10328	0.02203	0.20740	0.06916	0.26925	0.01372	0.02940	0.00239	0.00501	0.01071	0.00580	0.00726
20	0.01241	0.01278	0.09824	0.03742	0.01760	0.01056	0.08532	0.01861	0.14568	0.05150	0.11288	0.19636	0.10778	0.01235	0.00741	0.00227	0.00575	0.03075	0.00559	0.02875
21	0.01497	0.01471	0.04311	0.16039	0.51239	0.01482	0.01889	0.01893	0.01465	0.02059	0.03481	0.02064	0.01314	0.00705	0.00705	0.00209	0.02493	0.04397	0.00346	0.00942
22	0.01735	0.01506	0.02057	0.21181	0.12010	0.03340	0.05392	0.21935	0.08230	0.02640	0.06344	0.01934	0.01446	0.00788	0.00786	0.00214	0.06428	0.00650	0.00470	0.00915
23	0.02315	0.02902	0.01858	0.03676	0.02059	0.65275	0.01287	0.02492	0.01770	0.01609	0.01031	0.01257	0.00871	0.00824	0.02661	0.00203	0.06376	0.00446	0.00335	0.00755
24	0.35088	0.01819	0.17244	0.03513	0.07845	0.01534	0.05230	0.07098	0.03575	0.04627	0.03175	0.01478	0.01042	0.00678	0.00611	0.00209	0.03465	0.00503	0.00408	0.00857
25	0.01156	0.01000	0.03280	0.04149	0.01300	0.04487	0.00804	0.06355	0.01344	0.01774	0.06110	0.08019	0.08585	0.26515	0.17540	0.00539	0.03094	0.02905	0.00449	0.00593
26	0.01516	0.01469	0.02344	0.21380	0.48348	0.04497	0.01852	0.01892	0.01454	0.01982	0.01365	0.06410	0.01205	0.00702	0.00663	0.00205	0.00797	0.00661	0.00336	0.00922
27	0.01740	0.01901	0.12963	0.13598	0.09236	0.03640	0.13127	0.19187	0.09277	0.02577	0.01447	0.01692	0.01085	0.00714	0.00752	0.00213	0.04849	0.00617	0.00432	0.00952
28	0.00928	0.00626	0.00727	0.00755	0.00762	0.00619	0.00439	0.00950	0.01014	0.01352	0.02365	0.17795	0.02760	0.62877	0.02881	0.00569	0.00590	0.01128	0.00439	0.00424
29	0.01920	0.01841	0.01870	0.19632	0.02549	0.20949	0.03757	0.19378	0.01914	0.04185	0.01479	0.07515	0.01253	0.00845	0.00754	0.00207	0.05828	0.00655	0.02637	0.00834
30	0.00954	0.00651	0.00784	0.00784	0.00807	0.00674	0.00481	0.01000	0.00977	0.01325	0.02014	0.03974	0.02248	0.62913	0.17104	0.00720	0.00856	0.00908	0.00390	0.00436
31	0.01374	0.01334	0.01855	0.01606	0.01611	0.01837	0.01317	0.01509	0.01006	0.01553	0.01015	0.01756	0.01040	0.08374	0.05324	0.00353	0.65533	0.00617	0.00301	0.00685
32	0.04219	0.14354	0.02340	0.05208	0.23240	0.13527	0.01449	0.17615	0.05448	0.02449	0.01286	0.01476	0.01027	0.00660	0.00596	0.00183	0.00796	0.00519	0.00416	0.03189
33	0.01736	0.01712	0.05258	0.08614	0.34798	0.05216	0.03855	0.12937	0.04142	0.02340	0.01273	0.01606	0.01030	0.00723	0.00874	0.00212	0.11743	0.00585	0.00382	0.00962
34	0.09309	0.09760	0.01888	0.10434	0.02133	0.03653	0.01182	0.26788	0.18071	0.02940	0.01608	0.01675	0.01210	0.00734	0.00600	0.00193	0.00671	0.00561	0.00527	0.06062
35	0.00784	0.00667	0.00676	0.00673	0.00893	0.00558	0.00505	0.00957	0.01515	0.01814	0.09354	0.06278	0.69783	0.01654	0.00778	0.00222	0.00333	0.01381	0.00616	0.00558
36	0.01841	0.01932	0.10678	0.01589	0.02075	0.11680	0.08231	0.08898	0.33572	0.06972	0.04223	0.02067	0.01631	0.00797	0.00666	0.00210	0.00742	0.00667	0.00551	0.00978
37	0.01539	0.20617	0.39604	0.02087	0.14846	0.01780	0.04387	0.02082	0.01418	0.04166	0.01177	0.01392	0.00904	0.00607	0.00588	0.00190	0.00867	0.00488	0.00306	0.00956
38	0.00917	0.00672	0.00860	0.00813	0.00975	0.00615	0.00610	0.01214	0.01829	0.02558	0.66166	0.05052	0.12507	0.01376	0.00777	0.00209	0.00313	0.01209	0.00714	0.00615
39	0.01517	0.01204	0.01423	0.01035	0.01594	0.00970	0.00834	0.04672	0.01460	0.06741	0.01268	0.01433	0.01019	0.00543	0.00561	0.00115	0.02979	0.00422	0.00425	0.69785
40	0.01629	0.01564	0.02672	0.04041	0.72757	0.01564	0.02020	0.02020	0.01499	0.02151	0.01238	0.01629	0.01043	0.00587	0.00652	0.00196	0.00782	0.00587	0.00326	0.01043
41	0.01637	0.01414	0.01489	0.01340	0.01712	0.01637	0.01042	0.03498	0.71568	0.02754	0.02679	0.02456	0.02010	0.00893	0.00670	0.00223	0.00521	0.00744	0.00670	0.01042
42	0.81514	0.01273	0.00968	0.00866	0.01273	0.01477	0.00713	0.01935	0.01120	0.02954	0.00917	0.01069	0.00713	0.00611	0.00407	0.00204	0.00509	0.00356	0.00407	0.00713
43	0.00802	0.00573	0.00764	0.00917	0.00955	0.00535	0.00611	0.00917	0.01260	0.01681	0.03628	0.76434	0.04354	0.02062	0.00840	0.00267	0.00382	0.01872	0.00611	0.00535
44	0.81514	0.01273	0.00968	0.00866	0.01273	0.01477	0.00713	0.01935	0.01120	0.02954	0.00917	0.01069	0.00713	0.00611	0.00407	0.00204	0.00509	0.00356	0.00407	0.00713
45	0.02503	0.01844	0.01976	0.01515	0.02042	0.02042	0.01251	0.70562	0.03095	0.04149	0.01581	0.01581	0.01120	0.00790	0.00659	0.00198	0.00724	0.00593	0.00659	0.01120
46	0.02503	0.01844	0.01976	0.01515	0.02042	0.02042	0.01251	0.70562	0.03095	0.04149	0.01581	0.01581	0.01120	0.00790	0.00659	0.00198	0.00724	0.00593	0.00659	0.01120
47	0.02954	0.01120	0.01528	0.01171	0.01681	0.00968	0.00968	0.03208	0.01884	0.73213	0.02597	0.02241	0.01630	0.00815	0.00662	0.00204	0.00560	0.00662	0.00815	0.01120
48	0.72944	0.01335	0.01077	0.00936	0.01356	0.01538	0.00771	0.09379	0.01335	0.03083	0.00989	0.01125	0.00757	0.00631	0.00435	0.00203	0.00533	0.00382	0.00435	0.00757
49	0.00802	0.00573	0.00764	0.00917	0.00955	0.00535	0.00611	0.00917	0.01260	0.01681	0.03628	0.76434	0.04354	0.02062	0.00840	0.00267	0.00382	0.01872	0.00611	0.00535
50	0.01164	0.00788	0.00996	0.00910	0.01116	0.00758	0.00693	0.01638	0.09426	0.08083	0.59474	0.04445	0.05403	0.01256	0.00756	0.00209	0.00353	0.01101	0.00726	0.00705
51	0.01603	0.01358	0.01448	0.01296	0.01653	0.01552	0.01008	0.06063	0.61723	0.02801	0.09631	0.02667	0.02394	0.00934	0.00680	0.00221	0.00508	0.00783	0.00675	0.01003
52	0.01032	0.00748	0.00950	0.00872	0.01051	0.00712	0.00661	0.05661	0.01942	0.02736	0.67895	0.04705	0.05887	0.01310	0.00769	0.00206	0.00337	0.01152	0.00720	0.00653
53	0.00830	0.00584	0.00770	0.00897	0.00951	0.00546	0.00607	0.00971	0.01325	0.01804	0.10478	0.66662	0.04447	0.01945	0.00821	0.00257	0.00372	0.01759	0.03428	0.00546
54	0.01486	0.01260	0.01358	0.01245	0.01575	0.01424	0.00973	0.03005	0.56571	0.02639	0.09567	0.03223	0.06466	0.01038	0.00701	0.00227	0.00496	0.05130	0.00668	0.00947
55	0.02021	0.01328	0.01500	0.01291	0.01703	0.01442	0.01020	0.03414	0.51243	0.23305	0.02655	0.02393	0.01899	0.00870	0.00668	0.00218	0.00532	0.00720	0.00712	0.01065
56	0.02747	0.01204	0.01534	0.01187	0.01673	0.01122	0.00977	0.14433	0.02050	0.56240	0.02392	0.02146	0.01548	0.00807	0.00646	0.00199	0.00569	0.00647	0.06798	0.01082
57	0.00807	0.00575	0.00762	0.00910	0.00947	0.00538	0.00604	0.00918	0.01251	0.01668	0.03579	0.74161	0.04292	0.04420	0.00919	0.00279	0.00390	0.01843	0.00604	0.00530
58	0.01354	0.00810	0.00989	0.00918	0.01128	0.00780	0.00688	0.07258	0.01634	0.12814	0.16634	0.18361	0.12170	0.07000	0.05597	0.00299	0.00516	0.01114	0.09244	0.00693
59	0.02414	0.01732	0.01892	0.01467	0.01965	0.01908	0.01209	0.62699	0.02899	0.07055	0.01639	0.01680	0.01179	0.01081	0.05803	0.00258	0.00790	0.00604	0.00644	0.01082
60	0.01120	0.00802	0.00897	0.00850	0.01006	0.03947	0.00618	0.01401	0.03377	0.04911	0.41320	0.07287	0.06548	0.12636	0.01116	0.00267	0.00417	0.01059	0.09804	0.00616
61	0.00926	0.00628	0.00741	0.00771	0.00784	0.00625	0.00458	0.00958	0.01021	0.01367	0.02368	0.18485	0.02750	0.59093	0.05806	0.00582	0.00634	0.01127	0.00439	0.00434
62	0.01431	0.03677	0.03693	0.08824	0.20652	0.09915	0.08133	0.01763	0.01529	0.02011	0.08892	0.10445	0.04449	0.00971	0.00694	0.00211	0.00728	0.05865	0.05330	0.00788
63	0.05155	0.03771	0.04169	0.04081	0.13075	0.05729	0.06722	0.17007	0.03988	0.05748	0.01367	0.01540	0.01051	0.00629	0.00597	0.00170	0.00713	0.00527	0.00450	0.23510
64	0.04352	0.27940	0.14314	0.01584	0.05907	0.18261	0.01418	0.11771	0.01703	0.02094	0.01130	0.01312	0.00923	0.00819	0.03666	0.00210	0.00903	0.00453	0.00356	0.00883

[dist]
# distance from previous block
# <min> <max>
0	6

[block]
# block no. 4 follows, 33 sequences, length 57
# corresponding to MSA columns:
# 1927-1983
name=unknown_E
#
# <colnr> <probs for GDERKNQSTAVLIFYWHMCP>
#	G	D	E	R	K	N	Q	S	T	A	V	L	I	F	Y	W	H	M	C	P
0	0.01343	0.03001	0.01117	0.00971	0.01214	0.10298	0.00741	0.01592	0.01743	0.09531	0.37476	0.08712	0.14553	0.01250	0.00727	0.00203	0.00474	0.01061	0.00637	0.03356
1	0.04308	0.01964	0.02017	0.05540	0.10125	0.22450	0.07916	0.14993	0.11434	0.02408	0.01524	0.04078	0.01237	0.00883	0.03096	0.00224	0.00889	0.00613	0.00452	0.03849
2	0.01861	0.04280	0.01694	0.04903	0.01856	0.17405	0.03124	0.24976	0.04602	0.02683	0.12024	0.11115	0.04641	0.01010	0.00683	0.00203	0.00723	0.00824	0.00551	0.00843
3	0.01775	0.22620	0.10160	0.01602	0.08701	0.05206	0.03223	0.08517	0.04246	0.09244	0.03548	0.04401	0.01355	0.00968	0.04667	0.00231	0.02996	0.00582	0.00429	0.05529
4	0.01669	0.13279	0.15601	0.02399	0.21718	0.07661	0.14034	0.04481	0.01557	0.04409	0.01493	0.03877	0.03531	0.00688	0.00641	0.00196	0.00861	0.00623	0.00359	0.00923
5	0.06660	0.32792	0.04974	0.01283	0.01656	0.04092	0.01164	0.06053	0.03772	0.01878	0.01234	0.01662	0.01115	0.01411	0.12073	0.00326	0.14026	0.02687	0.00350	0.00794
6	0.01033	0.00899	0.01533	0.10208	0.03966	0.00892	0.12951	0.01287	0.01348	0.01795	0.02854	0.46231	0.03210	0.01568	0.00808	0.00255	0.00599	0.07408	0.00516	0.00641
7	0.04062	0.04773	0.12170	0.11123	0.17845	0.12884	0.09783	0.04121	0.03266	0.04298	0.01274	0.01644	0.01023	0.03360	0.00829	0.00220	0.05519	0.00573	0.00353	0.00879
8	0.01015	0.00823	0.01110	0.01217	0.05633	0.00807	0.03368	0.01416	0.09859	0.01969	0.08576	0.36400	0.14648	0.01634	0.00799	0.00248	0.00462	0.08759	0.00598	0.00658
9	0.00816	0.00668	0.00719	0.00707	0.00912	0.00572	0.00530	0.01018	0.01590	0.01990	0.22822	0.05987	0.56205	0.01588	0.00778	0.00219	0.00328	0.01341	0.00639	0.00572
10	0.01440	0.01440	0.02016	0.01728	0.01728	0.02016	0.01440	0.01584	0.01008	0.01584	0.00864	0.01440	0.00864	0.01152	0.02160	0.00288	0.75659	0.00576	0.00288	0.00720
11	0.04698	0.02928	0.01901	0.01832	0.07034	0.64497	0.01308	0.04874	0.01860	0.01775	0.01049	0.01229	0.00867	0.00674	0.00595	0.00173	0.01123	0.00439	0.00351	0.00794
12	0.00799	0.00586	0.00751	0.00883	0.00946	0.00538	0.00596	0.00920	0.01293	0.01694	0.04039	0.66969	0.13554	0.02009	0.00832	0.00261	0.00375	0.01806	0.00611	0.00538
13	0.02712	0.01441	0.01718	0.01325	0.01836	0.01453	0.01092	0.32075	0.04985	0.41013	0.02165	0.01966	0.01425	0.00807	0.00661	0.00202	0.00629	0.00635	0.00742	0.01117
14	0.01554	0.01776	0.03885	0.02775	0.03441	0.01665	0.70366	0.02109	0.01554	0.02109	0.01332	0.01776	0.00999	0.00555	0.00777	0.00222	0.01110	0.00777	0.00333	0.00888
15	0.00893	0.00668	0.00829	0.00796	0.00962	0.00604	0.00594	0.01165	0.01762	0.02416	0.55520	0.07864	0.20614	0.01442	0.00779	0.00213	0.00318	0.01259	0.00696	0.00604
16	0.05399	0.01269	0.01599	0.01230	0.01739	0.01197	0.01016	0.16537	0.02100	0.57237	0.02341	0.02072	0.01499	0.00803	0.00653	0.00202	0.00591	0.00638	0.00771	0.01107
17	0.01440	0.01440	0.02016	0.01728	0.01728	0.02016	0.01440	0.01584	0.01008	0.01584	0.00864	0.01440	0.00864	0.01152	0.02160	0.00288	0.75659	0.00576	0.00288	0.00720
18	0.01227	0.00614	0.00614	0.00614	0.00767	0.00614	0.00460	0.01534	0.01381	0.02454	0.02148	0.02454	0.01687	0.00767	0.00460	0.00153	0.00307	0.00614	0.80518	0.00614
19	0.01554	0.01776	0.03885	0.02775	0.03441	0.01665	0.70366	0.02109	0.01554	0.02109	0.01332	0.01776	0.00999	0.00555	0.00777	0.00222	0.01110	0.00777	0.00333	0.00888
20	0.02954	0.01120	0.01528	0.01171	0.01681	0.00968	0.00968	0.03208	0.01884	0.73213	0.02597	0.02241	0.01630	0.00815	0.00662	0.00204	0.00560	0.00662	0.00815	0.01120
21	0.01554	0.01776	0.03885	0.02775	0.03441	0.01665	0.70366	0.02109	0.01554	0.02109	0.01332	0.01776	0.00999	0.00555	0.00777	0.00222	0.01110	0.00777	0.00333	0.00888
22	0.81514	0.01273	0.00968	0.00866	0.01273	0.01477	0.00713	0.01935	0.01120	0.02954	0.00917	0.01069	0.00713	0.00611	0.00407	0.00204	0.00509	0.00356	0.00407	0.00713
23	0.01629	0.01564	0.02672	0.04041	0.72757	0.01564	0.02020	0.02020	0.01499	0.02151	0.01238	0.01629	0.01043	0.00587	0.00652	0.00196	0.00782	0.00587	0.00326	0.01043
24	0.00850	0.00670	0.00767	0.00743	0.00933	0.00586	0.00557	0.01084	0.01671	0.02182	0.37490	0.05671	0.41418	0.01517	0.00777	0.00215	0.00323	0.01296	0.00664	0.00586
25	0.81514	0.01273	0.00968	0.00866	0.01273	0.01477	0.00713	0.01935	0.01120	0.02954	0.00917	0.01069	0.00713	0.00611	0.00407	0.00204	0.00509	0.00356	0.00407	0.00713
26	0.02503	0.01844	0.01976	0.01515	0.02042	0.02042	0.01251	0.70562	0.03095	0.04149	0.01581	0.01581	0.01120	0.00790	0.00659	0.00198	0.00724	0.00593	0.00659	0.01120
27	0.81514	0.01273	0.00968	0.00866	0.01273	0.01477	0.00713	0.01935	0.01120	0.02954	0.00917	0.01069	0.00713	0.00611	0.00407	0.00204	0.00509	0.00356	0.00407	0.00713
28	0.00957	0.00638	0.00718	0.00718	0.00718	0.00638	0.00399	0.00957	0.00957	0.01276	0.02074	0.04308	0.02393	0.76864	0.03351	0.00638	0.00638	0.00957	0.00399	0.00399
29	0.01760	0.77260	0.03450	0.01126	0.01690	0.02605	0.01126	0.01971	0.01338	0.01549	0.00915	0.01056	0.00845	0.00563	0.00422	0.00141	0.00704	0.00352	0.00282	0.00845
30	0.00918	0.00672	0.00861	0.00814	0.00975	0.00615	0.00611	0.01216	0.01832	0.02564	0.66627	0.05042	0.12042	0.01374	0.00777	0.00208	0.00313	0.01208	0.00715	0.00615
31	0.07465	0.01129	0.01496	0.01154	0.01657	0.00997	0.00953	0.03135	0.01840	0.69178	0.02501	0.02173	0.01577	0.00803	0.00647	0.00204	0.00557	0.00644	0.00791	0.01097
32	0.02916	0.01180	0.01565	0.01200	0.01711	0.01057	0.00991	0.08799	0.01985	0.67480	0.02513	0.02186	0.01587	0.00813	0.00662	0.00203	0.00574	0.00656	0.00802	0.01120
33	0.02954	0.01120	0.01528	0.01171	0.01681	0.00968	0.00968	0.03208	0.01884	0.73213	0.02597	0.02241	0.01630	0.00815	0.00662	0.00204	0.00560	0.00662	0.00815	0.01120
34	0.01526	0.01097	0.01262	0.01125	0.01431	0.01171	0.00873	0.02606	0.36782	0.11096	0.29173	0.03366	0.03561	0.01056	0.00709	0.00215	0.00446	0.00904	0.00708	0.00891
35	0.00950	0.00668	0.00868	0.00868	0.00920	0.00720	0.00586	0.01054	0.01002	0.01388	0.01937	0.03547	0.02063	0.45088	0.34675	0.00824	0.01135	0.00846	0.00378	0.00482
36	0.81514	0.01273	0.00968	0.00866	0.01273	0.01477	0.00713	0.01935	0.01120	0.02954	0.00917	0.01069	0.00713	0.00611	0.00407	0.00204	0.00509	0.00356	0.00407	0.00713
37	0.02396	0.01791	0.01915	0.01493	0.02001	0.01992	0.01225	0.62273	0.11558	0.03977	0.01716	0.01689	0.01230	0.00803	0.00660	0.00201	0.00699	0.00611	0.00660	0.01110
38	0.00909	0.00727	0.00747	0.00725	0.00966	0.00633	0.00549	0.01177	0.05539	0.04526	0.06287	0.05959	0.65772	0.01591	0.00767	0.00222	0.00353	0.01325	0.00622	0.00605
39	0.01138	0.00915	0.01181	0.08143	0.07882	0.00921	0.00914	0.01625	0.11789	0.04535	0.14510	0.12229	0.25783	0.01334	0.00748	0.00226	0.00475	0.04347	0.00588	0.00717
40	0.00940	0.00705	0.01058	0.01058	0.01176	0.00823	0.00823	0.01176	0.01058	0.01528	0.01763	0.02586	0.01646	0.04937	0.74255	0.01058	0.01763	0.00705	0.00353	0.00588
41	0.01526	0.01597	0.02598	0.36756	0.03682	0.08277	0.25433	0.04256	0.05542	0.01965	0.01312	0.01744	0.00990	0.00642	0.00694	0.00215	0.00961	0.00646	0.00344	0.00819
42	0.01243	0.01170	0.01975	0.75282	0.04534	0.01463	0.01828	0.01682	0.01316	0.01682	0.01170	0.01755	0.00878	0.00658	0.00658	0.00219	0.00878	0.00585	0.00293	0.00731
43	0.00957	0.00638	0.00718	0.00718	0.00718	0.00638	0.00399	0.00957	0.00957	0.01276	0.02074	0.04308	0.02393	0.76864	0.03351	0.00638	0.00638	0.00957	0.00399	0.00399
44	0.01575	0.23256	0.11577	0.01348	0.01912	0.01602	0.07688	0.06148	0.03825	0.04645	0.06053	0.01923	0.01470	0.02938	0.00655	0.00180	0.00686	0.02795	0.00410	0.19314
45	0.01490	0.01208	0.01484	0.01067	0.01650	0.00944	0.03382	0.03657	0.01448	0.06087	0.01265	0.01434	0.01016	0.00516	0.00513	0.00111	0.00521	0.00425	0.00419	0.71363
46	0.01999	0.09602	0.15803	0.03859	0.15964	0.04050	0.06008	0.10235	0.01763	0.19544	0.03757	0.01767	0.01280	0.00697	0.00637	0.00196	0.00773	0.00588	0.00482	0.00997
47	0.00799	0.00585	0.00751	0.00885	0.00946	0.00537	0.00597	0.00920	0.01291	0.01693	0.04019	0.67425	0.13111	0.02012	0.00832	0.00262	0.00376	0.01810	0.00611	0.00537
48	0.00784	0.00667	0.00675	0.00673	0.00893	0.00558	0.00505	0.00955	0.01514	0.01809	0.09016	0.06285	0.70124	0.01656	0.00778	0.00222	0.00333	0.01382	0.00615	0.00558
49	0.02013	0.02250	0.20300	0.01634	0.04101	0.10578	0.01511	0.26486	0.12359	0.07146	0.01688	0.04082	0.01277	0.00786	0.00650	0.00203	0.00796	0.00612	0.00521	0.01006
50	0.06534	0.26733	0.06894	0.04242	0.02105	0.28172	0.07514	0.04413	0.01596	0.01857	0.01081	0.01282	0.00892	0.00629	0.00546	0.00172	0.00914	0.00451	0.03160	0.00816
51	0.00802	0.00573	0.00764	0.00917	0.00955	0.00535	0.00611	0.00917	0.01260	0.01681	0.03628	0.76434	0.04354	0.02062	0.00840	0.00267	0.00382	0.01872	0.00611	0.00535
52	0.01430	0.01209	0.01400	0.01006	0.01588	0.00944	0.00807	0.05615	0.01464	0.02260	0.01194	0.01377	0.00983	0.00505	0.00497	0.00103	0.00501	0.00402	0.00405	0.76307
53	0.04465	0.13608	0.18995	0.01757	0.09019	0.06302	0.03854	0.10185	0.14042	0.09125	0.01577	0.01643	0.01174	0.00696	0.00608	0.00196	0.00769	0.00552	0.00456	0.00978
54	0.01259	0.05836	0.05190	0.03725	0.01528	0.01210	0.01029	0.03603	0.05835	0.04636	0.07577	0.12494	0.17091	0.01307	0.01011	0.00236	0.15235	0.07498	0.00512	0.03188
55	0.19924	0.09065	0.01979	0.01432	0.01877	0.08433	0.10667	0.21250	0.04135	0.02734	0.01616	0.04169	0.03528	0.03604	0.00706	0.00217	0.00734	0.02597	0.00476	0.00855
56	0.04448	0.06517	0.03782	0.01274	0.01719	0.03195	0.03579	0.21633	0.09464	0.10206	0.06733	0.06788	0.04120	0.03345	0.00728	0.00206	0.00617	0.00726	0.00572	0.10348

[dist]
# distance from previous block
# <min> <max>
0	4

[block]
# block no. 5 follows, 33 sequences, length 12
# corresponding to MSA columns:
# 1988-1999
name=unknown_F
#
# <colnr> <probs for GDERKNQSTAVLIFYWHMCP>
#	G	D	E	R	K	N	Q	S	T	A	V	L	I	F	Y	W	H	M	C	P
0	0.06146	0.05598	0.05256	0.13448	0.08402	0.01409	0.06239	0.10837	0.04028	0.09563	0.06547	0.02037	0.01516	0.00733	0.00627	0.00190	0.00686	0.02645	0.00472	0.13621
1	0.01478	0.09896	0.24665	0.01795	0.09332	0.05518	0.07916	0.02094	0.09087	0.03931	0.05437	0.02293	0.09722	0.00799	0.00646	0.00199	0.00769	0.00676	0.00412	0.03334
2	0.00940	0.00705	0.01058	0.01058	0.01176	0.00823	0.00823	0.01176	0.01058	0.01528	0.01763	0.02586	0.01646	0.04937	0.74255	0.01058	0.01763	0.00705	0.00353	0.00588
3	0.07855	0.03522	0.01941	0.09406	0.03848	0.03978	0.06527	0.08310	0.03188	0.15483	0.03688	0.01749	0.01239	0.00828	0.01020	0.00218	0.20016	0.00594	0.00465	0.06125
4	0.01660	0.12836	0.07896	0.08604	0.04018	0.05691	0.10683	0.10847	0.05965	0.06054	0.07219	0.04332	0.01712	0.08560	0.00924	0.00244	0.00763	0.00699	0.00452	0.00841
5	0.02195	0.04388	0.10920	0.01906	0.14632	0.01478	0.04690	0.16665	0.05192	0.25891	0.01837	0.01842	0.01282	0.00726	0.00646	0.00199	0.00706	0.00609	0.03149	0.01047
6	0.00819	0.00599	0.00774	0.00908	0.00978	0.00554	0.00631	0.00954	0.01310	0.01715	0.04002	0.62320	0.12915	0.01994	0.00838	0.00264	0.00393	0.06878	0.00611	0.00543
7	0.01458	0.01238	0.01931	0.27337	0.16675	0.01349	0.05937	0.07110	0.06166	0.04235	0.12698	0.02323	0.01928	0.00783	0.00671	0.00207	0.00703	0.00709	0.05704	0.00838
8	0.03933	0.07269	0.02166	0.06035	0.13927	0.10059	0.05895	0.10099	0.05709	0.06385	0.01624	0.01849	0.05159	0.00830	0.00946	0.00214	0.15985	0.00615	0.00422	0.00880
9	0.00907	0.00683	0.00851	0.00941	0.01039	0.00668	0.00654	0.01240	0.09217	0.01900	0.10404	0.56969	0.08359	0.01838	0.00811	0.00254	0.00388	0.01650	0.00629	0.00601
10	0.00865	0.00670	0.00788	0.00758	0.00943	0.00593	0.00569	0.01114	0.01706	0.02267	0.43969	0.05531	0.34885	0.01485	0.00777	0.00214	0.00320	0.01277	0.00676	0.00593
11	0.01778	0.48831	0.06893	0.08839	0.07507	0.12982	0.01358	0.02050	0.01429	0.01647	0.00995	0.01207	0.00863	0.00595	0.00500	0.00161	0.00814	0.00411	0.00294	0.00844

[dist]
# distance from previous block
# <min> <max>
0	1

[block]
# block no. 6 follows, 33 sequences, length 73
# corresponding to MSA columns:
# 2001-2073
name=unknown_G
#
# <colnr> <probs for GDERKNQSTAVLIFYWHMCP>
#	G	D	E	R	K	N	Q	S	T	A	V	L	I	F	Y	W	H	M	C	P
0	0.01663	0.01274	0.03108	0.01170	0.01509	0.05024	0.00941	0.07556	0.25795	0.12299	0.20199	0.03250	0.06764	0.01037	0.00696	0.00212	0.00521	0.02896	0.03205	0.00883
1	0.01899	0.48843	0.04917	0.01358	0.01842	0.15519	0.03315	0.02125	0.01440	0.05105	0.01032	0.01204	0.00890	0.00651	0.00637	0.00167	0.07483	0.00417	0.00320	0.00837
2	0.01144	0.00572	0.00858	0.00858	0.00858	0.00572	0.00572	0.00858	0.00858	0.01144	0.01144	0.02001	0.01144	0.02287	0.02573	0.80846	0.00572	0.00572	0.00286	0.00286
