[name]
unknown

[dist]
# distance from previous block
# <min> <max>
0	6

[block]
# block no. 0 follows, 34 sequences, length 16
# corresponding to MSA columns:
# 6-21
name=unknown_A
#
# <colnr> <probs for GDERKNQSTAVLIFYWHMCP>
#	G	D	E	R	K	N	Q	S	T	A	V	L	I	F	Y	W	H	M	C	P
0	0.01134	0.00834	0.01084	0.01167	0.01356	0.00847	0.01004	0.05926	0.04799	0.02091	0.03540	0.06599	0.09606	0.01665	0.00854	0.00280	0.00575	0.55391	0.00602	0.00643
1	0.06421	0.01651	0.07029	0.07534	0.25424	0.01624	0.25087	0.01923	0.01373	0.02025	0.01162	0.01579	0.00939	0.00660	0.00897	0.00218	0.12642	0.00617	0.00316	0.00879
2	0.02454	0.01884	0.01933	0.01497	0.02003	0.06236	0.01229	0.67118	0.02968	0.03927	0.01519	0.01529	0.01083	0.00769	0.00643	0.00192	0.00737	0.00572	0.00628	0.01078
3	0.02414	0.03079	0.01831	0.01665	0.01998	0.74698	0.01248	0.02580	0.01831	0.01581	0.00999	0.01165	0.00832	0.00666	0.00583	0.00166	0.01165	0.00416	0.00333	0.00749
4	0.00914	0.00660	0.00864	0.00813	0.00965	0.00610	0.00610	0.01219	0.01829	0.02591	0.72921	0.04827	0.06097	0.01321	0.00762	0.00203	0.00305	0.01169	0.00711	0.00610
5	0.00935	0.00644	0.00796	0.00796	0.00828	0.00676	0.00505	0.00998	0.00967	0.01320	0.01952	0.03766	0.02148	0.57466	0.22841	0.00739	0.00929	0.00872	0.00379	0.00442
6	0.00906	0.00660	0.00852	0.00804	0.00960	0.00606	0.00603	0.01203	0.01809	0.02543	0.69126	0.04906	0.09922	0.01339	0.00762	0.00204	0.00306	0.01180	0.00705	0.00606
7	0.81856	0.01250	0.00950	0.00850	0.01250	0.01449	0.00700	0.01899	0.01100	0.02899	0.00900	0.01050	0.00700	0.00600	0.00400	0.00200	0.00500	0.00350	0.00400	0.00700
8	0.00831	0.00643	0.00757	0.00758	0.00921	0.00569	0.00557	0.01046	0.01586	0.02086	0.33937	0.16374	0.34486	0.01563	0.00772	0.00219	0.00325	0.01354	0.00647	0.00569
9	0.01599	0.01535	0.02623	0.03966	0.73262	0.01535	0.01983	0.01983	0.01471	0.02111	0.01215	0.01599	0.01023	0.00576	0.00640	0.00192	0.00768	0.00576	0.00320	0.01023
10	0.07792	0.01085	0.01220	0.00937	0.01391	0.00908	0.00724	0.04507	0.01338	0.02122	0.01402	0.06308	0.01316	0.09985	0.00844	0.00183	0.00502	0.00546	0.00410	0.56479
11	0.22767	0.03759	0.04783	0.01348	0.05701	0.03720	0.01069	0.09860	0.01518	0.08660	0.06221	0.05848	0.01555	0.00880	0.00815	0.00211	0.12448	0.02548	0.02927	0.03362
12	0.12857	0.04487	0.01296	0.01077	0.01356	0.07986	0.02712	0.11310	0.01558	0.04450	0.04264	0.21095	0.06311	0.10484	0.00968	0.00257	0.00585	0.00941	0.00502	0.05504
13	0.14991	0.04314	0.06286	0.01357	0.01743	0.24643	0.05226	0.04295	0.07873	0.04338	0.05119	0.06448	0.03480	0.04098	0.00713	0.00210	0.00774	0.00640	0.00437	0.03015
14	0.06566	0.01669	0.08113	0.01503	0.03893	0.09042	0.04376	0.18358	0.03953	0.06711	0.04049	0.08107	0.03834	0.01116	0.03727	0.00249	0.09758	0.03641	0.00491	0.00843
15	0.05399	0.04031	0.12975	0.03971	0.08666	0.07909	0.05449	0.12693	0.01756	0.10017	0.09985	0.01978	0.01659	0.00978	0.04941	0.00239	0.00792	0.00616	0.00469	0.05480

[dist]
# distance from previous block
# <min> <max>
0	31

[block]
# block no. 1 follows, 34 sequences, length 29
# corresponding to MSA columns:
# 53-81
name=unknown_B
#
# <colnr> <probs for GDERKNQSTAVLIFYWHMCP>
#	G	D	E	R	K	N	Q	S	T	A	V	L	I	F	Y	W	H	M	C	P
0	0.11632	0.11735	0.06463	0.01327	0.03926	0.10776	0.01098	0.14844	0.08259	0.09138	0.04834	0.05575	0.01531	0.03466	0.00679	0.00205	0.00676	0.00618	0.02353	0.00864
1	0.03950	0.10846	0.12005	0.04000	0.02052	0.08612	0.05274	0.13236	0.09488	0.11431	0.01602	0.04380	0.01240	0.00726	0.00601	0.00185	0.00731	0.00580	0.00477	0.08582
2	0.04867	0.05323	0.13990	0.04535	0.15037	0.08976	0.01369	0.04286	0.03215	0.08825	0.04258	0.06455	0.07891	0.00976	0.03194	0.00223	0.00744	0.00691	0.00436	0.04707
3	0.01164	0.00981	0.02768	0.05210	0.05797	0.00969	0.02667	0.08131	0.03302	0.01973	0.02399	0.35492	0.02590	0.03655	0.09723	0.00333	0.03057	0.01153	0.00493	0.08142
4	0.01490	0.01499	0.09973	0.08165	0.05484	0.01275	0.07768	0.10785	0.09419	0.04230	0.07869	0.07209	0.01767	0.00792	0.00638	0.00185	0.00651	0.00697	0.00472	0.19630
5	0.06264	0.24025	0.17638	0.01365	0.01913	0.10511	0.01342	0.15237	0.04345	0.02303	0.05441	0.01606	0.01277	0.03339	0.00650	0.00194	0.00765	0.00511	0.00404	0.00870
6	0.04781	0.05748	0.04977	0.10275	0.15189	0.29673	0.03790	0.08671	0.03687	0.05458	0.01234	0.01443	0.00963	0.00656	0.00604	0.00185	0.00913	0.00506	0.00383	0.00866
7	0.00955	0.00670	0.00929	0.00927	0.01029	0.00747	0.00692	0.01158	0.01093	0.01606	0.05179	0.02912	0.01952	0.16224	0.51632	0.00838	0.01331	0.00746	0.08829	0.00550
8	0.01727	0.77681	0.03386	0.01106	0.01658	0.02557	0.01106	0.01935	0.01313	0.01520	0.00898	0.01036	0.00829	0.00553	0.00415	0.00138	0.00691	0.00345	0.00276	0.00829
9	0.00923	0.00692	0.01038	0.01038	0.01154	0.00808	0.00808	0.01154	0.01038	0.01500	0.01731	0.02538	0.01615	0.04846	0.74732	0.01038	0.01731	0.00692	0.00346	0.00577
10	0.00861	0.00644	0.00802	0.00816	0.00961	0.00586	0.00606	0.01094	0.01605	0.02161	0.38997	0.19792	0.21377	0.01566	0.00783	0.00224	0.00342	0.05550	0.00655	0.00577
11	0.00787	0.00562	0.00750	0.00900	0.00937	0.00525	0.00600	0.00900	0.01237	0.01649	0.03561	0.76871	0.04274	0.02024	0.00825	0.00262	0.00375	0.01837	0.00600	0.00525
12	0.01088	0.00920	0.05253	0.01080	0.01228	0.00850	0.00853	0.04537	0.01410	0.05299	0.11401	0.46399	0.03621	0.01634	0.00934	0.00249	0.08871	0.03165	0.00571	0.00637
13	0.06149	0.01196	0.01363	0.00993	0.01550	0.00974	0.00799	0.06291	0.01457	0.04901	0.01212	0.01368	0.00975	0.00517	0.00491	0.00112	0.00498	0.00404	0.00416	0.68333
14	0.00803	0.00641	0.00719	0.00731	0.00905	0.00557	0.00536	0.00991	0.01518	0.01928	0.21588	0.17297	0.46259	0.01625	0.00773	0.00222	0.00330	0.01394	0.00626	0.00557
15	0.01661	0.01415	0.01491	0.01326	0.01701	0.01632	0.01036	0.07729	0.67711	0.02790	0.02561	0.02356	0.01917	0.00870	0.00657	0.00218	0.00524	0.00721	0.00657	0.01028
16	0.02339	0.02824	0.01803	0.01618	0.01967	0.62397	0.01225	0.07583	0.08726	0.01869	0.01196	0.01314	0.00962	0.00694	0.00594	0.00174	0.01069	0.00458	0.00387	0.00801
17	0.17346	0.04392	0.01674	0.01308	0.01741	0.11249	0.05104	0.19728	0.06974	0.08244	0.01666	0.04049	0.03436	0.00899	0.03151	0.00218	0.00720	0.00586	0.00504	0.07012
18	0.01233	0.01162	0.01962	0.73232	0.06854	0.01439	0.01801	0.01662	0.01298	0.01667	0.01151	0.01718	0.00867	0.00644	0.00646	0.00215	0.00858	0.00574	0.00288	0.00728
19	0.00923	0.00692	0.01038	0.01038	0.01154	0.00808	0.00808	0.01154	0.01038	0.01500	0.01731	0.02538	0.01615	0.04846	0.74732	0.01038	0.01731	0.00692	0.00346	0.00577
20	0.01427	0.01324	0.02180	0.46043	0.28580	0.01504	0.01828	0.05863	0.01458	0.01956	0.01196	0.01669	0.00933	0.00629	0.00644	0.00206	0.00819	0.00575	0.00320	0.00848
21	0.01467	0.33876	0.37693	0.01551	0.02285	0.01906	0.05825	0.01955	0.01347	0.01814	0.01157	0.04285	0.00971	0.00641	0.00549	0.00180	0.00830	0.00494	0.00291	0.00881
22	0.03091	0.01228	0.01566	0.12207	0.04869	0.04368	0.06021	0.11950	0.06982	0.10404	0.04532	0.06680	0.19485	0.01048	0.00695	0.00212	0.00621	0.02692	0.00544	0.00806
23	0.01035	0.00693	0.00907	0.00858	0.01034	0.00638	0.00661	0.01330	0.01784	0.06687	0.59600	0.04951	0.08810	0.01345	0.00767	0.00212	0.00345	0.07008	0.00701	0.00634
24	0.09240	0.04181	0.01965	0.24308	0.26944	0.04909	0.01513	0.05024	0.01450	0.02041	0.01640	0.07178	0.05406	0.00778	0.00628	0.00203	0.00729	0.00674	0.00369	0.00821
25	0.01766	0.01388	0.02184	0.14962	0.20630	0.03255	0.12015	0.09285	0.01703	0.14443	0.06248	0.03948	0.03698	0.00760	0.00677	0.00204	0.00747	0.00706	0.00472	0.00908
26	0.01612	0.01299	0.06131	0.01628	0.05701	0.01138	0.18600	0.03851	0.05886	0.16925	0.14937	0.02845	0.08450	0.01078	0.04284	0.00247	0.00709	0.00823	0.03009	0.00848
27	0.01012	0.00661	0.00814	0.00807	0.00895	0.00645	0.00540	0.01125	0.01207	0.05763	0.11731	0.13399	0.09634	0.37238	0.11267	0.00514	0.00660	0.01075	0.00497	0.00516
28	0.06619	0.06335	0.15973	0.02182	0.16014	0.04531	0.15331	0.06532	0.01526	0.06306	0.01497	0.01734	0.04386	0.00706	0.00767	0.00206	0.07482	0.00602	0.00375	0.00897

[dist]
# distance from previous block
# <min> <max>
0	18

[block]
# block no. 2 follows, 34 sequences, length 18
# corresponding to MSA columns:
# 100-117
name=unknown_C
#
# <colnr> <probs for GDERKNQSTAVLIFYWHMCP>
#	G	D	E	R	K	N	Q	S	T	A	V	L	I	F	Y	W	H	M	C	P
0	0.09677	0.03394	0.16399	0.03077	0.07739	0.01464	0.08046	0.14749	0.05034	0.15170	0.01598	0.01708	0.01150	0.00813	0.02878	0.00224	0.00755	0.00573	0.04608	0.00946
1	0.14886	0.07191	0.15399	0.07516	0.01913	0.01297	0.01196	0.07201	0.01541	0.07918	0.10146	0.02273	0.06951	0.00802	0.00590	0.00189	0.00616	0.01864	0.00460	0.10051
2	0.00819	0.00586	0.00753	0.00854	0.00911	0.00548	0.00572	0.00945	0.01289	0.01725	0.12018	0.56129	0.08008	0.10328	0.01089	0.00293	0.00392	0.01629	0.00590	0.00521
3	0.01486	0.03907	0.12540	0.07922	0.20367	0.01379	0.04858	0.02067	0.10576	0.06454	0.03490	0.04264	0.04745	0.00776	0.00709	0.00200	0.04400	0.00665	0.03397	0.05797
4	0.00926	0.00669	0.00791	0.00767	0.00953	0.00589	0.00573	0.01150	0.01622	0.05319	0.34745	0.11862	0.34682	0.01498	0.00763	0.00215	0.00332	0.01291	0.00657	0.00596
5	0.01596	0.09407	0.04260	0.01323	0.06627	0.01331	0.01030	0.16792	0.01709	0.02435	0.01408	0.07409	0.01239	0.00686	0.00552	0.00145	0.00580	0.00555	0.00438	0.40477
6	0.01612	0.02384	0.40904	0.01686	0.04248	0.01301	0.07188	0.02166	0.01461	0.14697	0.01416	0.01543	0.00999	0.00616	0.00608	0.00185	0.00804	0.00516	0.00391	0.15274
7	0.01297	0.01103	0.01294	0.00953	0.01485	0.00835	0.00753	0.01570	0.01332	0.02070	0.01337	0.07240	0.01216	0.00599	0.00506	0.00109	0.00470	0.00496	0.00400	0.74937
8	0.01495	0.01965	0.13860	0.02646	0.06084	0.01611	0.58299	0.02063	0.01500	0.02068	0.01282	0.01683	0.00959	0.00556	0.00736	0.00215	0.01057	0.00714	0.00319	0.00890
9	0.00787	0.00562	0.00750	0.00900	0.00937	0.00525	0.00600	0.00900	0.01237	0.01649	0.03561	0.76871	0.04274	0.02024	0.00825	0.00262	0.00375	0.01837	0.00600	0.00525
10	0.01697	0.01653	0.03468	0.02597	0.06839	0.01545	0.58754	0.02197	0.01562	0.10815	0.01454	0.01791	0.01058	0.00577	0.00742	0.00214	0.01007	0.00739	0.00384	0.00907
11	0.01564	0.49529	0.30106	0.01384	0.02089	0.02157	0.01591	0.01977	0.01332	0.01719	0.00997	0.01161	0.00825	0.00576	0.00490	0.00163	0.00791	0.00395	0.00275	0.00877
12	0.00800	0.00602	0.00742	0.00821	0.00924	0.00543	0.00572	0.00956	0.01390	0.01818	0.14899	0.46973	0.22986	0.01813	0.00799	0.00242	0.00351	0.01608	0.00617	0.00543
13	0.33045	0.01059	0.00996	0.00892	0.01196	0.01171	0.00720	0.12555	0.01527	0.02807	0.03714	0.02066	0.01429	0.00929	0.03460	0.00221	0.00516	0.03993	0.26987	0.00717
14	0.10828	0.00752	0.00809	0.00784	0.01010	0.00701	0.00603	0.01252	0.01512	0.06049	0.19776	0.09473	0.37753	0.01427	0.00723	0.00219	0.00373	0.04737	0.00611	0.00610
15	0.11306	0.01163	0.01295	0.01015	0.01480	0.01042	0.00804	0.10919	0.01546	0.05601	0.01581	0.12208	0.01449	0.00769	0.00549	0.00150	0.00501	0.00626	0.00470	0.45527
16	0.01431	0.01159	0.01354	0.00986	0.01545	0.00907	0.00789	0.01802	0.05272	0.05664	0.01299	0.01441	0.01045	0.00516	0.00497	0.00108	0.00484	0.00415	0.00419	0.72867
17	0.11106	0.00996	0.01273	0.05328	0.06970	0.01032	0.04451	0.07695	0.01294	0.03678	0.01757	0.06542	0.01801	0.38284	0.01920	0.00409	0.00647	0.00794	0.00421	0.03602

[dist]
# distance from previous block
# <min> <max>
2	26

[block]
# block no. 3 follows, 34 sequences, length 70
# corresponding to MSA columns:
# 144-213
name=unknown_D
#
# <colnr> <probs for GDERKNQSTAVLIFYWHMCP>
#	G	D	E	R	K	N	Q	S	T	A	V	L	I	F	Y	W	H	M	C	P
0	0.01351	0.01007	0.01262	0.01081	0.04305	0.00857	0.00798	0.01609	0.01450	0.08813	0.14472	0.07639	0.04837	0.03420	0.00750	0.00171	0.03662	0.00720	0.00497	0.41300
1	0.18272	0.03895	0.01792	0.06579	0.02011	0.01580	0.06267	0.28721	0.02052	0.15321	0.01645	0.01939	0.01239	0.00776	0.00614	0.00204	0.00671	0.04931	0.00559	0.00934
2	0.00994	0.00749	0.01056	0.06439	0.01300	0.00869	0.00799	0.01182	0.01059	0.01522	0.01791	0.05717	0.01777	0.19837	0.41200	0.00751	0.06326	0.00769	0.05306	0.00555
3	0.00773	0.00645	0.00674	0.00688	0.00884	0.00546	0.00508	0.00937	0.01462	0.01771	0.09067	0.13898	0.62600	0.01665	0.00770	0.00222	0.00332	0.01407	0.00605	0.00546
4	0.81856	0.01250	0.00950	0.00850	0.01250	0.01449	0.00700	0.01899	0.01100	0.02899	0.00900	0.01050	0.00700	0.00600	0.00400	0.00200	0.00500	0.00350	0.00400	0.00700
5	0.00787	0.00562	0.00750	0.00900	0.00937	0.00525	0.00600	0.00900	0.01237	0.01649	0.03561	0.76871	0.04274	0.02024	0.00825	0.00262	0.00375	0.01837	0.00600	0.00525
6	0.00952	0.00622	0.00806	0.00881	0.00985	0.00567	0.00614	0.01101	0.01370	0.07027	0.11062	0.55891	0.12053	0.01817	0.00798	0.00247	0.00375	0.01627	0.00626	0.00578
7	0.02596	0.01585	0.01800	0.01380	0.01892	0.01670	0.01140	0.49583	0.02661	0.26128	0.01867	0.01757	0.01257	0.00783	0.00647	0.00196	0.00660	0.00603	0.00695	0.01099
8	0.02265	0.01682	0.01831	0.01416	0.01909	0.01835	0.01164	0.61042	0.02771	0.03745	0.01535	0.01606	0.01125	0.01044	0.05914	0.00247	0.00767	0.00575	0.00606	0.06921
9	0.01103	0.00568	0.00827	0.00827	0.00827	0.00568	0.00543	0.00852	0.00852	0.01136	0.01218	0.02200	0.01250	0.10075	0.02605	0.72794	0.00568	0.00601	0.00292	0.00292
10	0.00812	0.00586	0.00769	0.00872	0.00940	0.00543	0.00597	0.00965	0.01366	0.01843	0.17633	0.59393	0.07551	0.01866	0.00810	0.00249	0.00359	0.01682	0.00622	0.00543
11	0.01416	0.24054	0.54286	0.01637	0.02479	0.01795	0.02030	0.02015	0.01350	0.01900	0.01087	0.01273	0.00821	0.00597	0.00558	0.00186	0.00881	0.00441	0.00274	0.00920
12	0.00801	0.00580	0.00761	0.00900	0.00957	0.00540	0.00619	0.00929	0.01270	0.01674	0.03772	0.67404	0.09289	0.01981	0.00824	0.00261	0.00385	0.05924	0.00600	0.00531
13	0.01354	0.13367	0.64430	0.01742	0.02643	0.01643	0.02214	0.02031	0.01357	0.01975	0.01124	0.01320	0.00820	0.00606	0.00587	0.00196	0.00919	0.00460	0.00273	0.00938
14	0.02392	0.04479	0.01956	0.01486	0.01978	0.10020	0.01218	0.58448	0.05687	0.03656	0.01513	0.01527	0.01096	0.00760	0.00632	0.00190	0.00752	0.00562	0.00600	0.01048
15	0.04587	0.04797	0.08037	0.06547	0.02001	0.04467	0.03122	0.08300	0.06428	0.19546	0.01660	0.01873	0.01248	0.00756	0.00739	0.00192	0.07388	0.03033	0.00500	0.14780
16	0.01725	0.57586	0.13265	0.01270	0.01853	0.09052	0.01299	0.02061	0.03744	0.01641	0.01003	0.01141	0.00866	0.00583	0.00467	0.00153	0.00767	0.00384	0.00294	0.00846
17	0.01442	0.01143	0.01256	0.03700	0.01520	0.06452	0.00828	0.02930	0.01525	0.09240	0.10203	0.07628	0.08272	0.00906	0.00615	0.00162	0.00522	0.04286	0.00504	0.36864
18	0.01598	0.21308	0.01738	0.01050	0.01376	0.02666	0.00863	0.10098	0.02821	0.11908	0.07781	0.16348	0.06541	0.07079	0.03778	0.00262	0.00605	0.00887	0.00526	0.00767
19	0.01111	0.00993	0.03051	0.01035	0.03178	0.06128	0.02938	0.01411	0.03036	0.04663	0.38028	0.07456	0.21903	0.01291	0.00739	0.00207	0.00444	0.01116	0.00618	0.00654
20	0.10042	0.01284	0.02140	0.49673	0.03731	0.01475	0.13579	0.04335	0.01395	0.04542	0.01214	0.01665	0.00900	0.00634	0.00640	0.00213	0.00845	0.00586	0.00338	0.00770
21	0.01471	0.18501	0.50181	0.01637	0.02437	0.03830	0.01961	0.04027	0.06454	0.02027	0.01217	0.01371	0.00911	0.00626	0.00576	0.00191	0.00868	0.00469	0.00313	0.00932
22	0.00860	0.00616	0.00811	0.00910	0.00990	0.00582	0.00655	0.01030	0.01370	0.01838	0.15726	0.45914	0.06686	0.06741	0.00983	0.00280	0.00413	0.12448	0.00605	0.00543
23	0.11598	0.01562	0.01679	0.01309	0.01789	0.01689	0.01079	0.48140	0.02527	0.15259	0.01671	0.01647	0.01166	0.00758	0.00608	0.00193	0.00638	0.00567	0.05095	0.01025
24	0.00915	0.00656	0.00877	0.00918	0.00994	0.00699	0.00650	0.01110	0.03119	0.01561	0.02390	0.25459	0.02588	0.18940	0.32435	0.00660	0.01000	0.01090	0.03404	0.00536
25	0.01517	0.01659	0.03445	0.08303	0.17005	0.01600	0.52496	0.02022	0.01498	0.02047	0.01278	0.01714	0.00980	0.00558	0.00730	0.00213	0.01010	0.00713	0.00323	0.00890
26	0.00904	0.00657	0.00851	0.00809	0.00960	0.00604	0.00604	0.01196	0.01794	0.02523	0.67764	0.07321	0.08869	0.01358	0.00764	0.00206	0.00308	0.01199	0.00703	0.00604
27	0.00786	0.00566	0.00746	0.00890	0.00935	0.00526	0.00595	0.00901	0.01246	0.01653	0.03680	0.74068	0.06999	0.02009	0.00822	0.00261	0.00373	0.01818	0.00600	0.00526
28	0.01210	0.01172	0.11674	0.05226	0.04191	0.00889	0.03355	0.03463	0.01416	0.09134	0.05775	0.38205	0.05499	0.01561	0.03879	0.00268	0.00602	0.01242	0.00532	0.00708
29	0.02061	0.02513	0.01752	0.01583	0.01837	0.53454	0.01215	0.02228	0.01611	0.01578	0.01258	0.01520	0.03947	0.01084	0.06080	0.00251	0.14469	0.00502	0.00336	0.00721
30	0.01296	0.03342	0.73944	0.01842	0.02797	0.01501	0.02387	0.02046	0.01364	0.02046	0.01160	0.01364	0.00818	0.00614	0.00614	0.00205	0.00955	0.00477	0.00273	0.00955
31	0.01133	0.00704	0.00894	0.00849	0.00980	0.00744	0.03364	0.01368	0.01246	0.02040	0.02073	0.10221	0.01881	0.06804	0.09483	0.02650	0.05195	0.00768	0.47018	0.00584
32	0.01530	0.04761	0.18339	0.18460	0.28123	0.09157	0.03809	0.01972	0.01424	0.01899	0.01143	0.01505	0.00908	0.00628	0.00681	0.00199	0.03737	0.00533	0.00301	0.00891
33	0.00914	0.00679	0.00996	0.01007	0.01109	0.00776	0.00766	0.01122	0.01046	0.01495	0.01880	0.07927	0.01851	0.09313	0.64879	0.00957	0.01563	0.00790	0.00367	0.00561
34	0.02899	0.01100	0.01499	0.01150	0.01649	0.00950	0.00950	0.03149	0.01849	0.73709	0.02549	0.02199	0.01599	0.00800	0.00650	0.00200	0.00550	0.00650	0.00800	0.01100
35	0.01543	0.01439	0.02066	0.40463	0.10692	0.09056	0.08415	0.02032	0.06282	0.06265	0.01384	0.01760	0.01042	0.00661	0.00643	0.00205	0.00839	0.00593	0.03814	0.00807
36	0.01250	0.00837	0.00894	0.00832	0.00924	0.03682	0.00535	0.05802	0.01197	0.06797	0.01995	0.03671	0.02107	0.58893	0.04668	0.00543	0.00666	0.00855	0.03335	0.00517
37	0.01139	0.00907	0.06244	0.00914	0.01169	0.00713	0.00770	0.01429	0.01656	0.10121	0.39458	0.04548	0.17630	0.04149	0.03374	0.00253	0.00456	0.03763	0.00639	0.00667
38	0.78704	0.01272	0.00989	0.00875	0.01280	0.01471	0.00721	0.04647	0.01177	0.02946	0.00926	0.01070	0.00716	0.00607	0.00410	0.00200	0.00508	0.00359	0.00410	0.00716
39	0.00785	0.00655	0.00684	0.00677	0.00886	0.00555	0.00508	0.00969	0.01524	0.01866	0.16045	0.06019	0.63425	0.01591	0.00763	0.00216	0.00324	0.01336	0.00616	0.00555
40	0.01731	0.10774	0.07864	0.10503	0.31720	0.13908	0.01677	0.06065	0.03950	0.02017	0.01188	0.01476	0.00967	0.00636	0.00645	0.00188	0.02920	0.00520	0.00339	0.00912
41	0.01560	0.01617	0.03095	0.03346	0.40825	0.01596	0.30924	0.02001	0.01473	0.02070	0.01238	0.01652	0.00998	0.00586	0.00755	0.00207	0.04136	0.00654	0.00321	0.00946
42	0.00820	0.00587	0.00779	0.00878	0.00944	0.00546	0.00602	0.00981	0.01387	0.01888	0.21168	0.58582	0.04736	0.01846	0.00809	0.00247	0.00357	0.01667	0.00628	0.00546
43	0.00765	0.00648	0.00662	0.00673	0.00877	0.00544	0.00499	0.00925	0.01455	0.01738	0.06327	0.11392	0.67967	0.01665	0.00768	0.00221	0.00331	0.01398	0.00600	0.00544
44	0.00831	0.00596	0.00792	0.00890	0.00962	0.00556	0.00621	0.01002	0.01402	0.01907	0.21634	0.55106	0.04725	0.01831	0.00811	0.00248	0.00366	0.04541	0.00629	0.00550
45	0.02899	0.01100	0.01499	0.01150	0.01649	0.00950	0.00950	0.03149	0.01849	0.73709	0.02549	0.02199	0.01599	0.00800	0.00650	0.00200	0.00550	0.00650	0.00800	0.01100
46	0.01340	0.01148	0.01340	0.00957	0.01531	0.00861	0.00766	0.01627	0.01340	0.02105	0.01148	0.01340	0.00957	0.00479	0.00479	0.00096	0.00479	0.00383	0.00383	0.81242
47	0.01340	0.01148	0.01340	0.00957	0.01531	0.00861	0.00766	0.01627	0.01340	0.02105	0.01148	0.01340	0.00957	0.00479	0.00479	0.00096	0.00479	0.00383	0.00383	0.81242
48	0.01349	0.01284	0.02148	0.48743	0.25095	0.01504	0.01824	0.01745	0.01325	0.01783	0.01147	0.01663	0.00910	0.00659	0.00749	0.00213	0.06178	0.00574	0.00297	0.00810
49	0.01889	0.31666	0.10561	0.05526	0.08497	0.28284	0.01415	0.02169	0.01518	0.01661	0.01005	0.01206	0.00848	0.00607	0.00530	0.00165	0.00907	0.00418	0.00301	0.00826
50	0.00795	0.00576	0.00752	0.00876	0.00935	0.00533	0.00593	0.00926	0.01298	0.01727	0.08971	0.66453	0.09292	0.01944	0.00816	0.00255	0.00366	0.01753	0.00608	0.00533
51	0.10645	0.03897	0.01633	0.01399	0.04084	0.17335	0.01072	0.20462	0.06966	0.09819	0.04396	0.07415	0.03481	0.00880	0.00677	0.00199	0.03569	0.00668	0.00531	0.00874
52	0.01872	0.03901	0.11461	0.10157	0.02255	0.32782	0.01391	0.06587	0.11392	0.01984	0.01407	0.04055	0.01148	0.00757	0.00670	0.00193	0.03897	0.00554	0.02715	0.00821
53	0.00784	0.00575	0.00737	0.00866	0.00928	0.00528	0.00585	0.00903	0.01269	0.01663	0.03968	0.67252	0.13630	0.01971	0.00816	0.00256	0.00368	0.01772	0.00600	0.00528
54	0.01820	0.02059	0.02563	0.02159	0.07467	0.24735	0.26103	0.04580	0.07196	0.01964	0.01307	0.03111	0.01071	0.00722	0.00853	0.00208	0.10249	0.00629	0.00366	0.00836
55	0.01093	0.03004	0.01419	0.16645	0.04875	0.01017	0.04015	0.03639	0.01301	0.01746	0.02357	0.21676	0.07147	0.04610	0.16526	0.00411	0.02301	0.02208	0.00430	0.03581
56	0.00923	0.00692	0.01038	0.01038	0.01154	0.00808	0.00808	0.01154	0.01038	0.01500	0.01731	0.02538	0.01615	0.04846	0.74732	0.01038	0.01731	0.00692	0.00346	0.00577
57	0.09452	0.01362	0.01584	0.01239	0.01718	0.01383	0.01018	0.27093	0.05181	0.37431	0.04471	0.01969	0.01514	0.00795	0.00631	0.00199	0.00593	0.00621	0.00702	0.01045
58	0.01417	0.01565	0.03337	0.05489	0.03104	0.01482	0.58930	0.01900	0.01478	0.01998	0.01594	0.11511	0.01404	0.00741	0.00766	0.00224	0.00987	0.00894	0.00361	0.00820
59	0.01313	0.01043	0.01327	0.06775	0.06653	0.01104	0.01051	0.10867	0.12715	0.02392	0.12967	0.06855	0.10216	0.01268	0.00753	0.00235	0.00552	0.20562	0.00587	0.00762
60	0.00810	0.00640	0.00730	0.00742	0.00910	0.00560	0.00543	0.01003	0.01530	0.01963	0.24446	0.18369	0.42227	0.01618	0.00774	0.00222	0.00329	0.01393	0.00631	0.00560
61	0.08168	0.01290	0.01467	0.01185	0.01598	0.03911	0.00957	0.21171	0.01978	0.33321	0.02022	0.04077	0.01474	0.03970	0.07133	0.00285	0.00703	0.00646	0.03691	0.00951
62	0.01326	0.04391	0.02002	0.60876	0.08262	0.03592	0.01707	0.01836	0.06366	0.01747	0.01244	0.01720	0.00948	0.00655	0.00635	0.00210	0.00832	0.00572	0.00316	0.00764
63	0.00804	0.00576	0.00765	0.00888	0.00941	0.00536	0.00601	0.00943	0.01317	0.01777	0.12974	0.67093	0.04521	0.01929	0.00816	0.00254	0.00365	0.01746	0.00615	0.00536
64	0.00802	0.00572	0.00742	0.00870	0.00911	0.00536	0.00574	0.00905	0.01215	0.01612	0.03512	0.66692	0.06601	0.09864	0.01080	0.00299	0.00399	0.01726	0.00578	0.00512
65	0.05550	0.10059	0.02064	0.04225	0.02038	0.32936	0.07205	0.09064	0.01737	0.09182	0.01267	0.01456	0.00994	0.00947	0.05335	0.00237	0.03974	0.00505	0.00404	0.00822
66	0.01679	0.09188	0.02250	0.10292	0.03522	0.08905	0.12250	0.11766	0.11410	0.02201	0.03524	0.04128	0.01325	0.00819	0.00899	0.00213	0.13717	0.00645	0.00421	0.00846
67	0.01428	0.07558	0.14859	0.11095	0.08816	0.04325	0.02634	0.01750	0.01354	0.07052	0.04165	0.02232	0.03847	0.12032	0.01072	0.03464	0.00714	0.00626	0.02704	0.08273
68	0.09892	0.09349	0.09074	0.01315	0.06633	0.04151	0.03428	0.05596	0.04199	0.03668	0.10696	0.06396	0.18219	0.01001	0.00636	0.00197	0.00578	0.00825	0.00485	0.03663
69	0.01266	0.06981	0.09589	0.09228	0.01719	0.10553	0.01031	0.03733	0.01502	0.01888	0.15534	0.07982	0.13237	0.11795	0.01040	0.00261	0.00645	0.00889	0.00463	0.00665

[dist]
# distance from previous block
# <min> <max>
0	11

[block]
# block no. 4 follows, 34 sequences, length 99
# corresponding to MSA columns:
# 225-323
name=unknown_E
#
# <colnr> <probs for GDERKNQSTAVLIFYWHMCP>
#	G	D	E	R	K	N	Q	S	T	A	V	L	I	F	Y	W	H	M	C	P
0	0.06944	0.04129	0.07117	0.05816	0.01907	0.06274	0.03237	0.05722	0.08952	0.06155	0.01470	0.04518	0.01193	0.00662	0.00559	0.00159	0.00629	0.00533	0.00435	0.33588
1	0.01790	0.03296	0.01674	0.05621	0.06505	0.10757	0.04405	0.09622	0.03420	0.11449	0.01641	0.06482	0.01339	0.00733	0.00589	0.00168	0.00656	0.00607	0.07959	0.21288
2	0.01021	0.00808	0.00997	0.00940	0.01202	0.00678	0.00708	0.01225	0.01323	0.01860	0.02865	0.35285	0.07864	0.01396	0.00701	0.00202	0.00437	0.09624	0.00519	0.30345
3	0.01257	0.00976	0.01111	0.01066	0.01305	0.01034	0.00814	0.04415	0.28725	0.04520	0.12839	0.20281	0.11672	0.01344	0.00738	0.00231	0.00444	0.05812	0.00645	0.00773
4	0.00795	0.00594	0.00739	0.00834	0.00925	0.00538	0.00576	0.00939	0.01352	0.01768	0.11355	0.53215	0.20291	0.01863	0.00804	0.00246	0.00357	0.01659	0.00611	0.00538
5	0.02456	0.01810	0.01939	0.01487	0.02004	0.02004	0.01228	0.71107	0.03038	0.04072	0.01551	0.01551	0.01099	0.00776	0.00646	0.00194	0.00711	0.00582	0.00646	0.01099
6	0.00790	0.00656	0.00691	0.00682	0.00889	0.00557	0.00512	0.00978	0.01535	0.01893	0.18106	0.05976	0.61347	0.01581	0.00763	0.00216	0.00323	0.01330	0.00619	0.00557
7	0.02456	0.01810	0.01939	0.01487	0.02004	0.02004	0.01228	0.71107	0.03038	0.04072	0.01551	0.01551	0.01099	0.00776	0.00646	0.00194	0.00711	0.00582	0.00646	0.01099
8	0.00787	0.00562	0.00750	0.00900	0.00937	0.00525	0.00600	0.00900	0.01237	0.01649	0.03561	0.76871	0.04274	0.02024	0.00825	0.00262	0.00375	0.01837	0.00600	0.00525
9	0.01340	0.01148	0.01340	0.00957	0.01531	0.00861	0.00766	0.01627	0.01340	0.02105	0.01148	0.01340	0.00957	0.00479	0.00479	0.00096	0.00479	0.00383	0.00383	0.81242
10	0.00831	0.00589	0.00777	0.00912	0.00958	0.00559	0.00627	0.00952	0.01235	0.01641	0.03391	0.61822	0.04017	0.09624	0.01082	0.00303	0.00425	0.09157	0.00578	0.00519
11	0.00957	0.00649	0.00836	0.00839	0.00910	0.00693	0.00582	0.01100	0.01070	0.01548	0.04593	0.05834	0.02177	0.33796	0.31796	0.00712	0.01017	0.00840	0.09548	0.00503
12	0.01296	0.03342	0.73944	0.01842	0.02797	0.01501	0.02387	0.02046	0.01364	0.02046	0.01160	0.01364	0.00818	0.00614	0.00614	0.00205	0.00955	0.00477	0.00273	0.00955
13	0.01760	0.68847	0.03133	0.01099	0.01623	0.02351	0.01071	0.01966	0.01345	0.06341	0.01137	0.04778	0.01047	0.00640	0.00450	0.00148	0.00666	0.00438	0.00327	0.00833
14	0.07669	0.01731	0.01826	0.01427	0.01922	0.01928	0.01173	0.59833	0.09702	0.03859	0.01614	0.01602	0.01158	0.00774	0.00631	0.00197	0.00677	0.00581	0.00631	0.01065
15	0.01682	0.69852	0.10816	0.01183	0.01778	0.02445	0.01241	0.01947	0.01318	0.01576	0.00926	0.01071	0.00828	0.00559	0.00436	0.00145	0.00719	0.00359	0.00276	0.00842
16	0.01431	0.01202	0.01389	0.01000	0.01570	0.00954	0.00803	0.07279	0.01478	0.02265	0.01181	0.01357	0.00969	0.00503	0.00492	0.00104	0.00497	0.00399	0.00404	0.74722
17	0.00805	0.00570	0.00744	0.00876	0.00909	0.00537	0.00575	0.00904	0.01202	0.01602	0.03379	0.68211	0.04044	0.10997	0.01118	0.00306	0.00405	0.01730	0.00575	0.00509
18	0.02735	0.01362	0.01662	0.01274	0.01780	0.01339	0.01052	0.28247	0.02288	0.47991	0.02181	0.01960	0.01415	0.00791	0.00649	0.00198	0.00609	0.00625	0.00743	0.01099
19	0.01651	0.01378	0.01462	0.01309	0.01679	0.01585	0.01020	0.03424	0.69705	0.05118	0.02627	0.02404	0.01960	0.00874	0.00657	0.00219	0.00513	0.00728	0.00662	0.01025
20	0.01122	0.00561	0.00842	0.00842	0.00842	0.00561	0.00561	0.00842	0.00842	0.01122	0.01122	0.01964	0.01122	0.02245	0.02525	0.81201	0.00561	0.00561	0.00281	0.00281
21	0.01335	0.10038	0.67589	0.01775	0.02694	0.01596	0.02272	0.02036	0.01360	0.01999	0.01136	0.01335	0.00819	0.00608	0.00596	0.00199	0.00931	0.00466	0.00273	0.00944
22	0.00787	0.00562	0.00750	0.00900	0.00937	0.00525	0.00600	0.00900	0.01237	0.01649	0.03561	0.76871	0.04274	0.02024	0.00825	0.00262	0.00375	0.01837	0.00600	0.00525
23	0.01122	0.00561	0.00842	0.00842	0.00842	0.00561	0.00561	0.00842	0.00842	0.01122	0.01122	0.01964	0.01122	0.02245	0.02525	0.81201	0.00561	0.00561	0.00281	0.00281
24	0.02133	0.02458	0.01716	0.01533	0.01820	0.49870	0.01177	0.07067	0.04846	0.01882	0.01202	0.01404	0.00986	0.00750	0.00770	0.00184	0.10436	0.00479	0.08523	0.00765
25	0.01665	0.01509	0.01487	0.01340	0.01703	0.06815	0.01039	0.03373	0.67088	0.02623	0.02514	0.02322	0.01891	0.00862	0.00652	0.00215	0.00558	0.00708	0.00634	0.01003
26	0.00837	0.00657	0.00756	0.00731	0.00917	0.00576	0.00548	0.01068	0.01645	0.02154	0.38621	0.05546	0.40669	0.01484	0.00763	0.00211	0.00316	0.01269	0.00654	0.00576
27	0.01286	0.01192	0.01971	0.69427	0.07681	0.01462	0.01782	0.04328	0.01368	0.01766	0.01167	0.01710	0.00878	0.00648	0.00646	0.00213	0.00851	0.00575	0.00302	0.00747
28	0.01600	0.01571	0.02515	0.11136	0.62838	0.05060	0.01928	0.01978	0.01470	0.02039	0.01198	0.01591	0.00998	0.00587	0.00638	0.00193	0.00796	0.00568	0.00317	0.00979
29	0.00931	0.00698	0.00977	0.04256	0.01253	0.00656	0.03954	0.01111	0.01347	0.04173	0.03936	0.46061	0.18408	0.01749	0.00801	0.00250	0.00446	0.07835	0.00580	0.00580
30	0.01204	0.00602	0.00602	0.00602	0.00753	0.00602	0.00452	0.01506	0.01355	0.02409	0.02108	0.02409	0.01656	0.00753	0.00452	0.00151	0.00301	0.00602	0.80879	0.00602
31	0.21378	0.12723	0.11798	0.09049	0.03970	0.19509	0.01330	0.07271	0.01516	0.02166	0.01041	0.01252	0.00826	0.00645	0.00580	0.00187	0.03170	0.00436	0.00350	0.00806
32	0.01076	0.00803	0.01091	0.01068	0.01210	0.03645	0.00831	0.01305	0.01108	0.04992	0.01742	0.02469	0.01585	0.04490	0.68312	0.00965	0.01652	0.00680	0.00368	0.00609
33	0.01544	0.01592	0.03913	0.01710	0.01799	0.07505	0.03555	0.01720	0.01111	0.04166	0.00943	0.01431	0.00877	0.01052	0.01868	0.00267	0.63346	0.00561	0.00306	0.00736
34	0.04287	0.01461	0.09730	0.04829	0.07114	0.01102	0.01110	0.06502	0.01463	0.02231	0.01336	0.01531	0.03108	0.00569	0.00531	0.00135	0.00584	0.00459	0.00387	0.51531
35	0.02086	0.01713	0.01830	0.03828	0.11661	0.09891	0.01243	0.41515	0.02379	0.03158	0.01606	0.06333	0.01300	0.00809	0.00633	0.00192	0.00717	0.00643	0.07503	0.00959
36	0.00787	0.00562	0.00750	0.00900	0.00937	0.00525	0.00600	0.00900	0.01237	0.01649	0.03561	0.76871	0.04274	0.02024	0.00825	0.00262	0.00375	0.01837	0.00600	0.00525
37	0.01662	0.01397	0.01455	0.01302	0.01659	0.03363	0.01026	0.10389	0.55194	0.02757	0.02504	0.02613	0.01953	0.00916	0.00661	0.00217	0.00545	0.05239	0.04168	0.00977
38	0.00963	0.00686	0.00790	0.00748	0.00960	0.00597	0.00567	0.01186	0.01633	0.06867	0.31486	0.05422	0.42829	0.01461	0.00755	0.00211	0.00334	0.01242	0.00656	0.00607
39	0.02345	0.01755	0.01876	0.01464	0.01961	0.01952	0.01201	0.62244	0.12082	0.03893	0.01693	0.01664	0.01213	0.00789	0.00648	0.00197	0.00685	0.00601	0.00648	0.01089
40	0.00787	0.00562	0.00750	0.00900	0.00937	0.00525	0.00600	0.00900	0.01237	0.01649	0.03561	0.76871	0.04274	0.02024	0.00825	0.00262	0.00375	0.01837	0.00600	0.00525
41	0.02899	0.01100	0.01499	0.01150	0.01649	0.00950	0.00950	0.03149	0.01849	0.73709	0.02549	0.02199	0.01599	0.00800	0.00650	0.00200	0.00550	0.00650	0.00800	0.01100
42	0.00831	0.00603	0.00784	0.00853	0.00943	0.00556	0.00596	0.01015	0.01462	0.01990	0.28366	0.46840	0.09261	0.01750	0.00799	0.00239	0.00347	0.01570	0.00639	0.00556
43	0.01378	0.01171	0.01360	0.00975	0.01547	0.00900	0.00781	0.04006	0.01398	0.02173	0.01162	0.01347	0.00962	0.00489	0.00484	0.00099	0.00486	0.00390	0.00392	0.78498
44	0.01267	0.01196	0.02022	0.66970	0.12857	0.01448	0.01817	0.01691	0.01314	0.01707	0.01157	0.01708	0.00881	0.00637	0.00645	0.00212	0.00850	0.00574	0.00291	0.00755
45	0.06674	0.08896	0.01545	0.01136	0.01462	0.04762	0.07312	0.06170	0.08865	0.02193	0.12541	0.03526	0.25236	0.01091	0.00720	0.00204	0.03431	0.00899	0.02611	0.00726
46	0.01449	0.01382	0.02352	0.32356	0.46043	0.01496	0.01908	0.01852	0.01400	0.01929	0.01189	0.01648	0.00959	0.00604	0.00642	0.00201	0.00805	0.00575	0.00307	0.00903
47	0.01536	0.01272	0.01377	0.01250	0.01585	0.01443	0.00976	0.03088	0.59503	0.04346	0.10484	0.02889	0.02499	0.00964	0.00679	0.00220	0.00493	0.03773	0.00664	0.00960
48	0.01340	0.01148	0.01340	0.00957	0.01531	0.00861	0.00766	0.01627	0.01340	0.02105	0.01148	0.01340	0.00957	0.00479	0.00479	0.00096	0.00479	0.00383	0.00383	0.81242
49	0.12768	0.01587	0.01716	0.10859	0.02142	0.04242	0.01195	0.35328	0.12376	0.06290	0.01568	0.01641	0.01145	0.00760	0.00667	0.00204	0.03434	0.00568	0.00552	0.00960
50	0.01130	0.00982	0.01379	0.01262	0.01312	0.01268	0.00997	0.01288	0.01003	0.01485	0.01410	0.02326	0.01407	0.14268	0.33703	0.00662	0.32511	0.00677	0.00327	0.00603
51	0.00904	0.00660	0.00850	0.00802	0.00959	0.00605	0.00602	0.01200	0.01805	0.02535	0.68503	0.04919	0.10550	0.01342	0.00762	0.00204	0.00306	0.01182	0.00704	0.00605
52	0.00800	0.00583	0.00756	0.00880	0.00946	0.00539	0.00604	0.00935	0.01302	0.01721	0.07670	0.63296	0.11404	0.01938	0.00817	0.00256	0.00374	0.04039	0.00606	0.00534
53	0.01968	0.07483	0.08363	0.09213	0.07958	0.35622	0.11562	0.06726	0.01711	0.01896	0.01118	0.01370	0.00887	0.00635	0.00615	0.00184	0.01015	0.00505	0.00338	0.00830
54	0.01220	0.01148	0.01938	0.75739	0.04450	0.01436	0.01794	0.01651	0.01292	0.01651	0.01148	0.01723	0.00861	0.00646	0.00646	0.00215	0.00861	0.00574	0.00287	0.00718
55	0.01122	0.00561	0.00842	0.00842	0.00842	0.00561	0.00561	0.00842	0.00842	0.01122	0.01122	0.01964	0.01122	0.02245	0.02525	0.81201	0.00561	0.00561	0.00281	0.00281
56	0.00812	0.00605	0.00851	0.00955	0.01019	0.00563	0.02994	0.00940	0.01254	0.01666	0.03569	0.72296	0.06119	0.01963	0.00821	0.00260	0.00398	0.01787	0.00590	0.00537
57	0.02229	0.01225	0.01416	0.01140	0.01549	0.01253	0.00924	0.22655	0.10151	0.28694	0.02165	0.02083	0.01509	0.00791	0.00604	0.00189	0.00535	0.00628	0.19286	0.00975
58	0.01296	0.03342	0.73944	0.01842	0.02797	0.01501	0.02387	0.02046	0.01364	0.02046	0.01160	0.01364	0.00818	0.00614	0.00614	0.00205	0.00955	0.00477	0.00273	0.00955
59	0.01340	0.01148	0.01340	0.00957	0.01531	0.00861	0.00766	0.01627	0.01340	0.02105	0.01148	0.01340	0.00957	0.00479	0.00479	0.00096	0.00479	0.00383	0.00383	0.81242
60	0.00914	0.00660	0.00864	0.00813	0.00965	0.00610	0.00610	0.01219	0.01829	0.02591	0.72921	0.04827	0.06097	0.01321	0.00762	0.00203	0.00305	0.01169	0.00711	0.00610
61	0.02171	0.01636	0.01756	0.01396	0.01850	0.01818	0.01132	0.52442	0.16337	0.03643	0.04913	0.01955	0.01532	0.03479	0.00745	0.00214	0.00651	0.00649	0.00643	0.01038
62	0.01300	0.00694	0.00704	0.00670	0.00848	0.00709	0.00511	0.06820	0.01484	0.02536	0.02065	0.02343	0.01614	0.00755	0.00467	0.00154	0.00332	0.00601	0.74753	0.00640
63	0.00787	0.00562	0.00750	0.00900	0.00937	0.00525	0.00600	0.00900	0.01237	0.01649	0.03561	0.76871	0.04274	0.02024	0.00825	0.00262	0.00375	0.01837	0.00600	0.00525
64	0.00787	0.00562	0.00750	0.00900	0.00937	0.00525	0.00600	0.00900	0.01237	0.01649	0.03561	0.76871	0.04274	0.02024	0.00825	0.00262	0.00375	0.01837	0.00600	0.00525
65	0.00845	0.00634	0.00784	0.00797	0.00936	0.00572	0.00579	0.01066	0.01590	0.02144	0.38988	0.23879	0.21662	0.01579	0.00779	0.00222	0.00328	0.01389	0.00656	0.00572
66	0.02456	0.01810	0.01939	0.01487	0.02004	0.02004	0.01228	0.71107	0.03038	0.04072	0.01551	0.01551	0.01099	0.00776	0.00646	0.00194	0.00711	0.00582	0.00646	0.01099
67	0.02497	0.01744	0.01898	0.01455	0.01971	0.01906	0.01202	0.64781	0.02927	0.10555	0.01644	0.01612	0.01145	0.00778	0.00647	0.00194	0.00696	0.00588	0.00661	0.01099
68	0.02456	0.01810	0.01939	0.01487	0.02004	0.02004	0.01228	0.71107	0.03038	0.04072	0.01551	0.01551	0.01099	0.00776	0.00646	0.00194	0.00711	0.00582	0.00646	0.01099
69	0.00774	0.00655	0.00669	0.00666	0.00879	0.00550	0.00499	0.00948	0.01498	0.01804	0.11177	0.06121	0.68332	0.01614	0.00764	0.00217	0.00326	0.01350	0.00608	0.00550
70	0.00940	0.00626	0.00705	0.00705	0.00705	0.00626	0.00392	0.00940	0.00940	0.01253	0.02036	0.04228	0.02349	0.77292	0.03289	0.00626	0.00626	0.00940	0.00392	0.00392
71	0.02419	0.01193	0.04113	0.01169	0.01627	0.01053	0.00982	0.05236	0.11208	0.50866	0.10766	0.02484	0.02133	0.00864	0.00663	0.00203	0.00536	0.00713	0.00746	0.01026
72	0.01627	0.01374	0.01502	0.01393	0.04513	0.01544	0.01051	0.09944	0.54570	0.02730	0.02618	0.02595	0.04996	0.00907	0.00663	0.00214	0.00535	0.03096	0.00630	0.03497
73	0.02414	0.03079	0.01831	0.01665	0.01998	0.74698	0.01248	0.02580	0.01831	0.01581	0.00999	0.01165	0.00832	0.00666	0.00583	0.00166	0.01165	0.00416	0.00333	0.00749
74	0.01560	0.01779	0.03636	0.02692	0.05662	0.04553	0.63610	0.02071	0.01519	0.02036	0.01277	0.01705	0.00972	0.00569	0.00794	0.00217	0.03422	0.00736	0.00325	0.00867
75	0.01065	0.00909	0.01235	0.01179	0.01281	0.03748	0.00932	0.01278	0.01059	0.01513	0.01547	0.02288	0.01450	0.04031	0.59085	0.00872	0.14929	0.00660	0.00334	0.00606
76	0.15322	0.13203	0.04394	0.01460	0.01863	0.43220	0.02791	0.02347	0.01595	0.05023	0.01046	0.01200	0.00848	0.00651	0.00574	0.00175	0.02738	0.00419	0.00353	0.00777
77	0.00939	0.00711	0.01051	0.01043	0.01149	0.00835	0.00806	0.01156	0.01032	0.01490	0.01718	0.02585	0.01627	0.08231	0.69040	0.00995	0.03972	0.00700	0.00346	0.00572
78	0.01340	0.01148	0.01340	0.00957	0.01531	0.00861	0.00766	0.01627	0.01340	0.02105	0.01148	0.01340	0.00957	0.00479	0.00479	0.00096	0.00479	0.00383	0.00383	0.81242
79	0.00914	0.00660	0.00864	0.00813	0.00965	0.00610	0.00610	0.01219	0.01829	0.02591	0.72921	0.04827	0.06097	0.01321	0.00762	0.00203	0.00305	0.01169	0.00711	0.00610
80	0.00787	0.00562	0.00750	0.00900	0.00937	0.00525	0.00600	0.00900	0.01237	0.01649	0.03561	0.76871	0.04274	0.02024	0.00825	0.00262	0.00375	0.01837	0.00600	0.00525
81	0.01795	0.01996	0.02017	0.01726	0.01890	0.25941	0.04709	0.04973	0.01383	0.01699	0.00951	0.01354	0.00860	0.00934	0.01483	0.00237	0.44462	0.00526	0.00317	0.00746
82	0.01571	0.01507	0.02572	0.09282	0.68165	0.01528	0.01969	0.01958	0.01458	0.02077	0.01210	0.01608	0.01011	0.00581	0.00640	0.00194	0.00775	0.00576	0.00317	0.01001
83	0.00985	0.00719	0.00898	0.00870	0.00892	0.00799	0.00575	0.01043	0.00964	0.01331	0.01857	0.03617	0.02055	0.55599	0.16943	0.00671	0.08497	0.00854	0.00372	0.00459
84	0.02415	0.03035	0.01835	0.01658	0.01998	0.72172	0.01248	0.04962	0.01873	0.01668	0.01018	0.01179	0.00842	0.00670	0.00585	0.00167	0.01149	0.00422	0.00344	0.00761
85	0.01525	0.01743	0.03813	0.02723	0.03377	0.01634	0.70915	0.02070	0.01525	0.02070	0.01307	0.01743	0.00980	0.00545	0.00763	0.00218	0.01089	0.00763	0.00327	0.00871
86	0.01948	0.02511	0.11756	0.02048	0.07026	0.34238	0.15821	0.06803	0.01691	0.01940	0.01121	0.01386	0.00892	0.00675	0.00763	0.00195	0.07478	0.00530	0.00339	0.00839
87	0.00822	0.00622	0.00764	0.00861	0.00956	0.00580	0.00595	0.01027	0.04420	0.01746	0.06343	0.55765	0.19391	0.01866	0.00802	0.00249	0.00368	0.01663	0.00606	0.00554
88	0.00765	0.00648	0.00662	0.00673	0.00877	0.00544	0.00499	0.00925	0.01455	0.01738	0.06326	0.11409	0.67950	0.01665	0.00768	0.00221	0.00331	0.01398	0.00600	0.00544
89	0.06803	0.01204	0.01445	0.06622	0.04144	0.04438	0.05022	0.07138	0.19278	0.04234	0.02235	0.12604	0.02110	0.12461	0.01078	0.00286	0.00629	0.06982	0.00519	0.00768
90	0.01578	0.01853	0.16298	0.02963	0.44060	0.04346	0.01842	0.04615	0.01523	0.04676	0.01488	0.06771	0.01308	0.00740	0.00654	0.00202	0.00778	0.02977	0.00369	0.00957
91	0.00940	0.00626	0.00705	0.00705	0.00705	0.00626	0.00392	0.00940	0.00940	0.01253	0.02036	0.04228	0.02349	0.77292	0.03289	0.00626	0.00626	0.00940	0.00392	0.00392
92	0.01525	0.01743	0.03813	0.02723	0.03377	0.01634	0.70915	0.02070	0.01525	0.02070	0.01307	0.01743	0.00980	0.00545	0.00763	0.00218	0.01089	0.00763	0.00327	0.00871
93	0.03269	0.04513	0.17305	0.24521	0.24922	0.06393	0.06185	0.01939	0.01409	0.01920	0.01157	0.01536	0.00903	0.00608	0.00627	0.00200	0.00872	0.00543	0.00302	0.00877
94	0.00820	0.00646	0.00740	0.00739	0.00913	0.00566	0.00546	0.01028	0.01573	0.02036	0.29875	0.13765	0.41318	0.01568	0.00770	0.00218	0.00325	0.01348	0.00640	0.00566
95	0.02414	0.03079	0.01831	0.01665	0.01998	0.74698	0.01248	0.02580	0.01831	0.01581	0.00999	0.01165	0.00832	0.00666	0.00583	0.00166	0.01165	0.00416	0.00333	0.00749
96	0.76482	0.01239	0.00987	0.00870	0.01277	0.01415	0.00717	0.01984	0.01151	0.07719	0.01012	0.01128	0.00761	0.00613	0.00417	0.00200	0.00503	0.00370	0.00427	0.00727
97	0.02162	0.12170	0.02015	0.10078	0.02206	0.51507	0.01272	0.05945	0.01755	0.01732	0.01060	0.01264	0.00870	0.00657	0.00569	0.00170	0.01025	0.00439	0.02335	0.00770
98	0.02562	0.01746	0.01821	0.01419	0.01915	0.08151	0.01161	0.48219	0.02637	0.21115	0.01750	0.01678	0.01199	0.00772	0.00642	0.00193	0.00711	0.00584	0.00657	0.01068

[dist]
# distance from previous block
# <min> <max>
2	4

[block]
# block no. 5 follows, 34 sequences, length 44
# corresponding to MSA columns:
# 328-371
name=unknown_F
#
# <colnr> <probs for GDERKNQSTAVLIFYWHMCP>
#	G	D	E	R	K	N	Q	S	T	A	V	L	I	F	Y	W	H	M	C	P
0	0.08201	0.01377	0.01457	0.01247	0.01537	0.10963	0.06592	0.17367	0.01731	0.02341	0.06098	0.18135	0.02186	0.13288	0.01089	0.00273	0.00667	0.00907	0.00500	0.04044
1	0.46418	0.01927	0.01355	0.01194	0.01584	0.26150	0.00942	0.09724	0.01558	0.02585	0.01005	0.01144	0.00788	0.00641	0.00488	0.00188	0.00747	0.00398	0.00404	0.00760
2	0.01441	0.08537	0.59838	0.01791	0.02660	0.04296	0.04463	0.05952	0.01477	0.02106	0.01162	0.01356	0.00841	0.00618	0.00605	0.00198	0.00934	0.00481	0.00298	0.00944
3	0.00796	0.00566	0.00747	0.00889	0.00924	0.00531	0.00588	0.00902	0.01220	0.01627	0.03475	0.72740	0.04164	0.06304	0.00965	0.00283	0.00389	0.01786	0.00588	0.00517
