[name]
unknown

[dist]
# distance from previous block
# <min> <max>
0	0

[block]
# block no. 0 follows, 31 sequences, length 38
# corresponding to MSA columns:
# 0-37
name=unknown_A
#
# <colnr> <probs for GDERKNQSTAVLIFYWHMCP>
#	G	D	E	R	K	N	Q	S	T	A	V	L	I	F	Y	W	H	M	C	P
0	0.01102	0.00787	0.01102	0.01260	0.01417	0.00787	0.01102	0.01417	0.01575	0.02047	0.03622	0.07717	0.03937	0.01890	0.00945	0.00315	0.00630	0.67084	0.00630	0.00630
1	0.01693	0.01626	0.02777	0.04199	0.71689	0.01626	0.02100	0.02100	0.01558	0.02235	0.01287	0.01693	0.01084	0.00610	0.00677	0.00203	0.00813	0.00610	0.00339	0.01084
2	0.00995	0.00663	0.00746	0.00746	0.00746	0.00663	0.00415	0.00995	0.00995	0.01327	0.02156	0.04477	0.02487	0.75957	0.03482	0.00663	0.00663	0.00995	0.00415	0.00415
3	0.30104	0.01220	0.01385	0.01107	0.01599	0.01190	0.00913	0.02874	0.01682	0.48129	0.02092	0.01905	0.01362	0.00773	0.00596	0.00212	0.00564	0.00578	0.00699	0.01017
4	0.01664	0.50092	0.28417	0.01452	0.02191	0.02304	0.01660	0.02091	0.01410	0.01811	0.01051	0.01223	0.00874	0.00609	0.00515	0.00172	0.00832	0.00416	0.00291	0.00926
5	0.01477	0.01479	0.02182	0.06011	0.02056	0.02003	0.05651	0.01673	0.01102	0.01684	0.00974	0.01573	0.00932	0.01247	0.04187	0.00315	0.63778	0.00616	0.00304	0.00756
6	0.00832	0.00600	0.00789	0.00941	0.00989	0.00557	0.00630	0.00954	0.01321	0.01751	0.03907	0.72531	0.07416	0.02126	0.00870	0.00276	0.00395	0.01923	0.00635	0.00557
7	0.01747	0.05668	0.02127	0.36541	0.03357	0.12713	0.04511	0.10357	0.11989	0.02223	0.01470	0.01782	0.01117	0.00730	0.00668	0.00214	0.00888	0.00604	0.00417	0.00875
8	0.01372	0.03539	0.72412	0.01950	0.02961	0.01589	0.02528	0.02167	0.01444	0.02167	0.01228	0.01444	0.00867	0.00650	0.00650	0.00217	0.01011	0.00506	0.00289	0.01011
9	0.02553	0.01870	0.02002	0.01540	0.02074	0.02068	0.01271	0.66954	0.03152	0.04248	0.01664	0.01675	0.01185	0.00820	0.00677	0.00204	0.00737	0.00617	0.03546	0.01144
10	0.02352	0.01220	0.01606	0.01296	0.01740	0.01178	0.03965	0.08711	0.12618	0.38972	0.13000	0.02933	0.02497	0.00973	0.00723	0.00220	0.00578	0.03613	0.00764	0.01040
11	0.00874	0.00696	0.00784	0.00762	0.00964	0.00606	0.00572	0.01109	0.01715	0.02217	0.33448	0.05977	0.44664	0.01595	0.00808	0.00224	0.00337	0.01359	0.00684	0.00606
12	0.01479	0.01252	0.01451	0.01042	0.01647	0.00974	0.00836	0.05172	0.01510	0.02335	0.01238	0.01430	0.01021	0.00523	0.00516	0.00107	0.00519	0.00416	0.00420	0.76115
13	0.01372	0.03539	0.72412	0.01950	0.02961	0.01589	0.02528	0.02167	0.01444	0.02167	0.01228	0.01444	0.00867	0.00650	0.00650	0.00217	0.01011	0.00506	0.00289	0.01011
14	0.01188	0.00594	0.00891	0.00891	0.00891	0.00594	0.00594	0.00891	0.00891	0.01188	0.01188	0.02080	0.01188	0.02377	0.02674	0.80095	0.00594	0.00594	0.00297	0.00297
15	0.01624	0.01440	0.02184	0.27506	0.28998	0.01569	0.01726	0.13777	0.01786	0.02395	0.01909	0.02235	0.08315	0.00789	0.00694	0.00215	0.00788	0.00696	0.00419	0.00934
16	0.05880	0.69826	0.03392	0.01179	0.01747	0.05269	0.01154	0.02072	0.01399	0.01686	0.00955	0.01103	0.00871	0.00592	0.00445	0.00151	0.00740	0.00369	0.00302	0.00868
17	0.01693	0.01626	0.02777	0.04199	0.71689	0.01626	0.02100	0.02100	0.01558	0.02235	0.01287	0.01693	0.01084	0.00610	0.00677	0.00203	0.00813	0.00610	0.00339	0.01084
18	0.00977	0.00733	0.01100	0.01100	0.01222	0.00855	0.00855	0.01222	0.01100	0.01588	0.01833	0.02688	0.01710	0.05131	0.73245	0.01100	0.01833	0.00733	0.00367	0.00611
19	0.00833	0.00688	0.00731	0.00732	0.00942	0.00586	0.00545	0.01025	0.01599	0.01971	0.16010	0.10335	0.58224	0.01708	0.00812	0.00231	0.00346	0.01443	0.00652	0.00586
20	0.01985	0.55641	0.06122	0.01347	0.01894	0.19655	0.01265	0.02218	0.01525	0.01649	0.00989	0.01145	0.00878	0.00617	0.00491	0.00157	0.00865	0.00390	0.00307	0.00863
21	0.00977	0.00733	0.01100	0.01100	0.01222	0.00855	0.00855	0.01222	0.01100	0.01588	0.01833	0.02688	0.01710	0.05131	0.73245	0.01100	0.01833	0.00733	0.00367	0.00611
22	0.01664	0.01588	0.02674	0.06219	0.65443	0.01580	0.02017	0.02066	0.01544	0.02219	0.01280	0.01681	0.01074	0.00606	0.00667	0.00198	0.00798	0.00597	0.00341	0.05741
23	0.03665	0.00919	0.01015	0.01022	0.01191	0.05033	0.00740	0.01553	0.06781	0.07469	0.14572	0.35371	0.07988	0.04567	0.04586	0.00304	0.00543	0.01376	0.00631	0.00677
24	0.76173	0.01358	0.01067	0.00940	0.01370	0.01569	0.00774	0.05990	0.01285	0.03143	0.00993	0.01143	0.00766	0.00646	0.00439	0.00211	0.00542	0.00385	0.00439	0.00766
25	0.01693	0.01626	0.02777	0.04199	0.71689	0.01626	0.02100	0.02100	0.01558	0.02235	0.01287	0.01693	0.01084	0.00610	0.00677	0.00203	0.00813	0.00610	0.00339	0.01084
26	0.01673	0.01605	0.02740	0.07740	0.68306	0.01620	0.02090	0.02082	0.01548	0.02210	0.01283	0.01700	0.01075	0.00613	0.00678	0.00204	0.00818	0.00609	0.00337	0.01067
27	0.01612	0.01541	0.02605	0.10473	0.61952	0.01563	0.02001	0.02011	0.01540	0.02171	0.01565	0.01952	0.04620	0.00673	0.00685	0.00207	0.00798	0.00652	0.00350	0.01028
28	0.00831	0.00606	0.00783	0.00924	0.00985	0.00558	0.00623	0.00956	0.01337	0.01757	0.04114	0.68026	0.11788	0.02099	0.00866	0.00273	0.00391	0.01891	0.00635	0.00558
29	0.01712	0.01612	0.02688	0.09003	0.63332	0.01644	0.02044	0.05594	0.01631	0.02309	0.01300	0.01700	0.01076	0.00626	0.00678	0.00205	0.00817	0.00610	0.00354	0.01065
30	0.01679	0.01441	0.06852	0.12962	0.09533	0.01359	0.11679	0.07486	0.04607	0.12206	0.07599	0.02307	0.01737	0.01549	0.13533	0.00374	0.00983	0.00726	0.00486	0.00902
31	0.01097	0.00884	0.03241	0.01067	0.01211	0.00924	0.02598	0.01322	0.01184	0.01759	0.02147	0.03054	0.05858	0.16516	0.33237	0.00686	0.07812	0.00789	0.14002	0.00610
32	0.01541	0.01407	0.02456	0.14370	0.32467	0.01484	0.11170	0.01932	0.01446	0.05029	0.01427	0.01929	0.01178	0.01456	0.13600	0.00375	0.04801	0.00662	0.00359	0.00913
33	0.12729	0.07875	0.18075	0.04398	0.23326	0.05922	0.04632	0.05580	0.01575	0.05891	0.01270	0.01518	0.00983	0.00665	0.00662	0.00206	0.02807	0.00537	0.00378	0.00970
34	0.03830	0.01895	0.02033	0.07626	0.23221	0.21242	0.03282	0.08350	0.03578	0.02229	0.04372	0.08989	0.04633	0.00894	0.00689	0.00208	0.00847	0.00755	0.00440	0.00885
35	0.01005	0.00812	0.01076	0.04371	0.05808	0.00831	0.00823	0.01258	0.04872	0.01844	0.05704	0.40477	0.14734	0.07444	0.01112	0.00290	0.04851	0.01484	0.00571	0.00633
36	0.01805	0.09843	0.11254	0.07289	0.13341	0.01529	0.07782	0.06323	0.05183	0.13040	0.03457	0.06178	0.01498	0.00782	0.00663	0.00202	0.00752	0.00685	0.00477	0.07916
37	0.06685	0.01534	0.04911	0.04006	0.11635	0.07941	0.06993	0.02480	0.07248	0.22833	0.06609	0.07375	0.01994	0.00928	0.00705	0.00220	0.00718	0.03656	0.00581	0.00949

[dist]
# distance from previous block
# <min> <max>
0	167

[block]
# block no. 1 follows, 31 sequences, length 62
# corresponding to MSA columns:
# 210-271
name=unknown_B
#
# <colnr> <probs for GDERKNQSTAVLIFYWHMCP>
#	G	D	E	R	K	N	Q	S	T	A	V	L	I	F	Y	W	H	M	C	P
0	0.04177	0.04134	0.04395	0.02423	0.23847	0.13596	0.09209	0.09836	0.01772	0.02327	0.01722	0.06837	0.04744	0.00799	0.00673	0.00199	0.00834	0.00703	0.00422	0.07350
1	0.04161	0.25630	0.06253	0.01558	0.07319	0.06725	0.05409	0.08344	0.04939	0.04297	0.04064	0.02027	0.06877	0.00769	0.00593	0.00182	0.00721	0.00606	0.03889	0.05637
2	0.00992	0.00747	0.01083	0.01063	0.01210	0.00824	0.00822	0.01244	0.01217	0.01756	0.09813	0.05360	0.02315	0.04385	0.59084	0.00923	0.01549	0.00816	0.00422	0.04374
3	0.11142	0.01793	0.01737	0.01461	0.01885	0.08917	0.01169	0.27081	0.27607	0.03227	0.01888	0.01870	0.01415	0.00849	0.00738	0.00218	0.04746	0.00628	0.00605	0.01026
4	0.01832	0.09473	0.04510	0.05059	0.05691	0.06992	0.01180	0.15296	0.04925	0.08538	0.10470	0.05372	0.02153	0.03340	0.00764	0.00216	0.00684	0.04680	0.00548	0.08278
5	0.03689	0.03828	0.05121	0.01140	0.01381	0.00879	0.04917	0.01460	0.01440	0.08308	0.06156	0.30807	0.09479	0.09359	0.01082	0.00296	0.00556	0.08846	0.00580	0.00676
6	0.01638	0.10314	0.03739	0.02727	0.09887	0.01793	0.51678	0.02144	0.01574	0.02131	0.01317	0.01725	0.01023	0.00578	0.00738	0.00212	0.01042	0.00719	0.00342	0.04680
7	0.01532	0.01769	0.11855	0.27121	0.24890	0.04394	0.05593	0.05136	0.01583	0.02140	0.04167	0.04056	0.01310	0.00730	0.00692	0.00217	0.00874	0.00665	0.00363	0.00914
8	0.01551	0.11366	0.12266	0.08477	0.14359	0.01753	0.15256	0.02195	0.10413	0.02131	0.04222	0.01889	0.01354	0.00875	0.03126	0.00246	0.06556	0.00653	0.00385	0.00929
9	0.01540	0.00827	0.01024	0.00952	0.01165	0.00784	0.00708	0.03731	0.01497	0.18855	0.03128	0.13208	0.10539	0.19322	0.05979	0.00387	0.00608	0.05633	0.09402	0.00708
10	0.01021	0.00743	0.00943	0.00940	0.03315	0.00672	0.00674	0.01308	0.01834	0.04740	0.51299	0.05266	0.21814	0.01436	0.00799	0.00219	0.00353	0.01249	0.00714	0.00660
11	0.01628	0.05538	0.02313	0.12796	0.20743	0.04370	0.10668	0.03408	0.03815	0.07404	0.05004	0.02400	0.07735	0.01080	0.05099	0.00268	0.03664	0.00737	0.00435	0.00894
12	0.01638	0.33840	0.38210	0.01632	0.02434	0.02040	0.04519	0.02163	0.01448	0.04636	0.01175	0.01349	0.00910	0.00628	0.00569	0.00188	0.00883	0.00466	0.00314	0.00958
13	0.00995	0.00663	0.00746	0.00746	0.00746	0.00663	0.00415	0.00995	0.00995	0.01327	0.02156	0.04477	0.02487	0.75957	0.03482	0.00663	0.00663	0.00995	0.00415	0.00415
14	0.00860	0.00688	0.00769	0.00764	0.00959	0.00597	0.00567	0.01076	0.01659	0.02120	0.26786	0.10998	0.46429	0.01658	0.00813	0.00229	0.00343	0.01415	0.00672	0.00597
15	0.01478	0.14811	0.35782	0.01936	0.05490	0.01726	0.10843	0.02089	0.03702	0.02069	0.01517	0.02207	0.01293	0.00801	0.00736	0.00221	0.03853	0.08166	0.00352	0.00929
16	0.10935	0.32372	0.04488	0.06119	0.08388	0.16770	0.01349	0.02136	0.01460	0.01874	0.01023	0.01273	0.00885	0.00683	0.00685	0.00186	0.07756	0.00444	0.00325	0.00848
17	0.01188	0.00594	0.00891	0.00891	0.00891	0.00594	0.00594	0.00891	0.00891	0.01188	0.01188	0.02080	0.01188	0.02377	0.02674	0.80095	0.00594	0.00594	0.00297	0.00297
18	0.00871	0.00636	0.00820	0.00900	0.00994	0.00584	0.00627	0.01055	0.01519	0.02051	0.24016	0.47960	0.11670	0.01883	0.00847	0.00255	0.00370	0.01687	0.00670	0.00584
19	0.00839	0.00694	0.00736	0.00725	0.00943	0.00591	0.00544	0.01041	0.01632	0.02021	0.19330	0.06300	0.58905	0.01668	0.00808	0.00228	0.00342	0.01404	0.00658	0.00591
20	0.32631	0.06177	0.08648	0.11105	0.04761	0.01567	0.01230	0.09159	0.01560	0.09449	0.01325	0.01498	0.00981	0.00680	0.00550	0.00203	0.00672	0.00492	0.03236	0.04075
21	0.01456	0.10430	0.18767	0.01590	0.02121	0.04365	0.12852	0.04193	0.08376	0.02222	0.13124	0.02722	0.05585	0.08114	0.00964	0.00254	0.00780	0.00781	0.00459	0.00846
22	0.01451	0.02991	0.50278	0.02252	0.03160	0.01635	0.24112	0.02175	0.01500	0.02175	0.01278	0.01574	0.00922	0.00626	0.00701	0.00221	0.01057	0.00603	0.00307	0.00982
23	0.00842	0.00602	0.00801	0.00947	0.00994	0.00561	0.00636	0.00973	0.01348	0.01807	0.07887	0.71221	0.04642	0.02098	0.00869	0.00274	0.00392	0.01902	0.00642	0.00561
24	0.01930	0.01883	0.13945	0.06364	0.13993	0.06788	0.04512	0.07582	0.09883	0.15356	0.04180	0.02184	0.01550	0.00972	0.03618	0.00251	0.00838	0.02658	0.00516	0.00997
25	0.01792	0.01812	0.02681	0.03921	0.63735	0.09809	0.02011	0.02172	0.01601	0.02171	0.01261	0.01641	0.01061	0.00620	0.00670	0.00200	0.00861	0.00590	0.00340	0.01050
26	0.01345	0.00658	0.00674	0.00660	0.00834	0.00652	0.00499	0.01661	0.01455	0.05237	0.02250	0.02542	0.01751	0.00799	0.00486	0.00161	0.00329	0.00640	0.76710	0.00658
27	0.02368	0.22308	0.02374	0.01600	0.02021	0.51689	0.01281	0.05457	0.01851	0.01772	0.01055	0.01216	0.00893	0.00679	0.00573	0.00170	0.01082	0.00429	0.00351	0.00831
28	0.01576	0.35953	0.41779	0.01603	0.02425	0.02087	0.01924	0.02114	0.01420	0.01919	0.01105	0.01290	0.00872	0.00621	0.00556	0.00185	0.00887	0.00443	0.00291	0.00952
29	0.00995	0.00663	0.00746	0.00746	0.00746	0.00663	0.00415	0.00995	0.00995	0.01327	0.02156	0.04477	0.02487	0.75957	0.03482	0.00663	0.00663	0.00995	0.00415	0.00415
30	0.00977	0.00733	0.01100	0.01100	0.01222	0.00855	0.00855	0.01222	0.01100	0.01588	0.01833	0.02688	0.01710	0.05131	0.73245	0.01100	0.01833	0.00733	0.00367	0.00611
31	0.01261	0.01471	0.12848	0.01571	0.01976	0.01131	0.16227	0.07839	0.01627	0.02206	0.06090	0.31802	0.08285	0.01370	0.00798	0.00244	0.00687	0.01269	0.00527	0.00771
32	0.01196	0.00719	0.03918	0.00936	0.00979	0.00636	0.00676	0.00945	0.00915	0.01230	0.01190	0.02053	0.01175	0.02304	0.02588	0.76715	0.00612	0.00590	0.00297	0.00327
33	0.01149	0.01356	0.10601	0.01692	0.02059	0.01058	0.22790	0.01497	0.01424	0.01940	0.02696	0.42887	0.02962	0.01460	0.00825	0.00255	0.00714	0.01405	0.00500	0.00729
34	0.00869	0.00635	0.00822	0.00950	0.01017	0.00599	0.00645	0.01063	0.03581	0.01854	0.08431	0.65503	0.07407	0.02037	0.00860	0.00270	0.00394	0.01838	0.00645	0.00580
35	0.01887	0.16711	0.22460	0.06697	0.07967	0.12117	0.05447	0.14573	0.01844	0.02364	0.01239	0.01451	0.00955	0.00672	0.00624	0.00196	0.00928	0.00521	0.00379	0.00967
36	0.01638	0.10690	0.21801	0.12335	0.13213	0.01798	0.17644	0.08702	0.01658	0.02272	0.01280	0.01607	0.00975	0.00641	0.00675	0.00210	0.00944	0.00600	0.00351	0.00966
37	0.01519	0.00880	0.00958	0.00866	0.01098	0.00924	0.00676	0.13031	0.01713	0.04858	0.02101	0.02407	0.01647	0.01298	0.08838	0.00276	0.00573	0.00646	0.54952	0.00739
38	0.22936	0.08782	0.06322	0.21934	0.12381	0.03791	0.06900	0.01950	0.01380	0.02218	0.01259	0.04989	0.01064	0.00710	0.00604	0.00213	0.00788	0.00589	0.00360	0.00831
39	0.01745	0.01612	0.05290	0.14023	0.34801	0.01624	0.06775	0.05203	0.08274	0.07481	0.01525	0.01832	0.01181	0.00710	0.00776	0.00218	0.04861	0.00641	0.00417	0.01010
40	0.01641	0.01575	0.02661	0.12525	0.55323	0.01623	0.05177	0.02169	0.06408	0.02218	0.01389	0.01777	0.01132	0.00640	0.00686	0.00210	0.00822	0.00630	0.00360	0.01036
41	0.00994	0.00689	0.00865	0.00871	0.00913	0.00725	0.00572	0.01078	0.01048	0.01432	0.02115	0.04068	0.02311	0.52087	0.24124	0.00780	0.01010	0.03429	0.00408	0.00481
42	0.05673	0.07989	0.10530	0.01445	0.01865	0.14287	0.05260	0.06299	0.04007	0.08492	0.06420	0.15426	0.04706	0.01066	0.00745	0.00218	0.03358	0.00873	0.00505	0.00837
43	0.01083	0.00908	0.01273	0.01348	0.09261	0.00860	0.04560	0.01479	0.06006	0.02371	0.34540	0.08973	0.21946	0.01365	0.00790	0.00224	0.00448	0.01209	0.00642	0.00715
44	0.00834	0.00595	0.00794	0.00953	0.00992	0.00556	0.00635	0.00953	0.01310	0.01746	0.03771	0.75510	0.04525	0.02143	0.00873	0.00278	0.00397	0.01945	0.00635	0.00556
45	0.01596	0.02165	0.19594	0.06796	0.17580	0.01680	0.33235	0.04853	0.01614	0.02256	0.01329	0.01711	0.01006	0.00616	0.00732	0.00221	0.01020	0.00677	0.00342	0.00978
46	0.04159	0.09296	0.12304	0.10304	0.05128	0.07550	0.18795	0.10694	0.05124	0.02326	0.01354	0.01660	0.01048	0.00835	0.03072	0.00242	0.04185	0.00613	0.00390	0.00922
47	0.01615	0.01845	0.04037	0.02884	0.03576	0.01730	0.69204	0.02191	0.01615	0.02191	0.01384	0.01845	0.01038	0.00577	0.00807	0.00231	0.01153	0.00807	0.00346	0.00923
48	0.00885	0.00682	0.00821	0.00910	0.01061	0.00619	0.00693	0.01073	0.01480	0.01860	0.05116	0.29726	0.33601	0.01905	0.00862	0.00266	0.00429	0.16794	0.00634	0.00582
49	0.01660	0.04733	0.06616	0.15496	0.17679	0.03958	0.06069	0.08842	0.01539	0.02132	0.01174	0.01609	0.00974	0.00827	0.01154	0.00237	0.23453	0.00598	0.00352	0.00899
50	0.01032	0.00762	0.00992	0.09882	0.01485	0.00779	0.00831	0.01275	0.01407	0.01905	0.05630	0.10160	0.18773	0.10204	0.08077	0.00373	0.00650	0.14043	0.11137	0.00604
51	0.00985	0.00728	0.01092	0.01092	0.01210	0.00846	0.00846	0.01210	0.01092	0.01574	0.01810	0.02666	0.01692	0.05034	0.70767	0.03874	0.01789	0.00728	0.00364	0.00600
52	0.05039	0.04068	0.11615	0.04671	0.07736	0.09359	0.07822	0.06953	0.01661	0.02340	0.10816	0.05116	0.01923	0.00888	0.00815	0.00213	0.07888	0.00719	0.09522	0.00834
53	0.01177	0.05153	0.04100	0.01250	0.05647	0.03141	0.00900	0.05663	0.04534	0.02031	0.05635	0.37997	0.12668	0.04442	0.00890	0.00261	0.00526	0.02713	0.00576	0.00695
54	0.01539	0.01894	0.11129	0.06431	0.06020	0.01803	0.35421	0.02003	0.01416	0.02009	0.01212	0.01691	0.00973	0.00772	0.01192	0.00248	0.22349	0.00693	0.00323	0.00881
55	0.01720	0.01519	0.04559	0.13271	0.37752	0.03358	0.04002	0.02183	0.04344	0.09399	0.06098	0.02060	0.01530	0.00720	0.00681	0.00208	0.00766	0.00665	0.04182	0.00980
56	0.01830	0.20952	0.17443	0.01869	0.07137	0.18539	0.05954	0.04073	0.01586	0.01928	0.01247	0.01706	0.01078	0.00761	0.00762	0.00202	0.07564	0.04139	0.00343	0.00887
57	0.01639	0.01763	0.09200	0.02135	0.14667	0.05905	0.09769	0.11139	0.06022	0.02371	0.05122	0.02272	0.06203	0.01289	0.07910	0.00310	0.10214	0.00721	0.00442	0.00907
58	0.04838	0.06495	0.17925	0.13722	0.02361	0.05621	0.03997	0.01865	0.04704	0.04072	0.04322	0.09134	0.08068	0.04255	0.05453	0.00294	0.00839	0.00809	0.00427	0.00797
59	0.10069	0.04612	0.07856	0.11333	0.02208	0.01375	0.05499	0.11276	0.03821	0.14660	0.02378	0.12772	0.07244	0.01014	0.00689	0.00224	0.00678	0.00856	0.00550	0.00887
60	0.03360	0.09726	0.08420	0.09728	0.02124	0.13640	0.01296	0.11170	0.01770	0.06421	0.09335	0.02365	0.01832	0.07880	0.01027	0.00252	0.05831	0.02526	0.00466	0.00831
61	0.06201	0.06106	0.08248	0.05490	0.07421	0.08701	0.03221	0.05688	0.02905	0.02130	0.03648	0.15327	0.06942	0.04172	0.03946	0.00268	0.00748	0.00885	0.03243	0.04710

[dist]
# distance from previous block
# <min> <max>
25	123

[block]
# block no. 2 follows, 31 sequences, length 29
# corresponding to MSA columns:
# 403-431
name=unknown_C
#
# <colnr> <probs for GDERKNQSTAVLIFYWHMCP>
#	G	D	E	R	K	N	Q	S	T	A	V	L	I	F	Y	W	H	M	C	P
0	0.06266	0.06481	0.04393	0.04940	0.08043	0.15858	0.03909	0.02011	0.04105	0.05113	0.06759	0.09465	0.02072	0.04276	0.00852	0.00234	0.02931	0.06713	0.00465	0.05115
1	0.14128	0.03771	0.01974	0.06088	0.10729	0.03911	0.05377	0.20207	0.10228	0.02874	0.01678	0.05129	0.01402	0.00855	0.00727	0.00219	0.04048	0.03284	0.00509	0.02860
2	0.01089	0.00694	0.00910	0.00926	0.01046	0.00672	0.00667	0.01195	0.01314	0.06222	0.07808	0.20499	0.14403	0.10810	0.13429	0.12318	0.00704	0.04192	0.00537	0.00563
3	0.06322	0.01077	0.01545	0.07587	0.04392	0.01100	0.07670	0.03854	0.08318	0.11785	0.02425	0.14496	0.04859	0.08151	0.01211	0.09322	0.00645	0.03953	0.00533	0.00757
4	0.01793	0.07181	0.11934	0.09990	0.07377	0.01661	0.04465	0.13094	0.08659	0.09027	0.01706	0.02140	0.01363	0.03774	0.03849	0.00275	0.07024	0.03266	0.00477	0.00945
5	0.04129	0.07608	0.02388	0.12458	0.29846	0.07508	0.04683	0.02089	0.06081	0.02038	0.01351	0.01752	0.01128	0.01115	0.07633	0.00295	0.06030	0.00599	0.00358	0.00914
6	0.00931	0.00638	0.00774	0.00835	0.00932	0.00593	0.00574	0.01078	0.01399	0.01921	0.12727	0.35032	0.15900	0.09135	0.01152	0.04122	0.00405	0.01452	0.09844	0.00554
7	0.06033	0.01687	0.09090	0.04654	0.41698	0.01516	0.04372	0.06684	0.01658	0.05544	0.04695	0.06282	0.01524	0.00769	0.00685	0.00212	0.00770	0.00707	0.00421	0.01002
8	0.01645	0.06734	0.10370	0.13639	0.13097	0.05231	0.07295	0.08769	0.04607	0.02213	0.01364	0.01734	0.01095	0.00994	0.04820	0.00267	0.10762	0.00604	0.03860	0.00900
9	0.01033	0.00706	0.00893	0.04193	0.01083	0.00712	0.00619	0.01130	0.03198	0.01612	0.09123	0.09886	0.09428	0.31928	0.05119	0.15076	0.00620	0.02681	0.00471	0.00491
10	0.00842	0.00607	0.00800	0.00951	0.01005	0.00565	0.00647	0.00971	0.01332	0.01762	0.03917	0.69699	0.07718	0.02114	0.00873	0.00277	0.00403	0.04321	0.00635	0.00559
11	0.01546	0.10920	0.02630	0.13826	0.18586	0.04434	0.16780	0.03908	0.01641	0.02169	0.12024	0.02363	0.04629	0.00785	0.00700	0.00208	0.00818	0.00745	0.00414	0.00875
12	0.01757	0.22423	0.17294	0.07186	0.10874	0.05014	0.07817	0.06665	0.04428	0.05241	0.04118	0.01678	0.01244	0.00687	0.00623	0.00196	0.00844	0.00568	0.00391	0.00953
13	0.01914	0.02222	0.01783	0.05858	0.03974	0.38204	0.01297	0.02110	0.01616	0.01726	0.01707	0.09512	0.04260	0.01058	0.01000	0.00225	0.15685	0.04702	0.00396	0.00748
14	0.05522	0.23076	0.22290	0.11805	0.04842	0.14933	0.01691	0.02141	0.01504	0.01905	0.01195	0.01587	0.00993	0.00691	0.00591	0.00194	0.00917	0.02924	0.00324	0.00875
15	0.00834	0.00595	0.00794	0.00953	0.00992	0.00556	0.00635	0.00953	0.01310	0.01746	0.03771	0.75510	0.04525	0.02143	0.00873	0.00278	0.00397	0.01945	0.00635	0.00556
16	0.01047	0.00724	0.01016	0.01156	0.03334	0.00719	0.00870	0.01239	0.01415	0.01921	0.09030	0.23337	0.03631	0.02155	0.07145	0.09468	0.00633	0.26797	0.03775	0.00587
17	0.01419	0.01216	0.01419	0.01013	0.01621	0.00912	0.00811	0.01723	0.01419	0.02229	0.01216	0.01419	0.01013	0.00507	0.00507	0.00101	0.00507	0.00405	0.00405	0.80139
18	0.02521	0.01839	0.01968	0.01518	0.02042	0.02032	0.01251	0.65315	0.03109	0.04205	0.01678	0.01697	0.01199	0.00820	0.00672	0.00203	0.00727	0.00617	0.05456	0.01132
19	0.01046	0.00631	0.00887	0.00964	0.01013	0.00614	0.00689	0.01003	0.01167	0.01537	0.02662	0.26324	0.05784	0.02193	0.01735	0.38068	0.00527	0.12234	0.00474	0.00447
20	0.01419	0.01216	0.01419	0.01013	0.01621	0.00912	0.00811	0.01723	0.01419	0.02229	0.01216	0.01419	0.01013	0.00507	0.00507	0.00101	0.00507	0.00405	0.00405	0.80139
21	0.01905	0.06472	0.06497	0.02590	0.32405	0.04413	0.01593	0.10507	0.03893	0.10954	0.10217	0.02142	0.01830	0.00776	0.00677	0.00203	0.00732	0.00674	0.00499	0.01020
22	0.17780	0.01465	0.01642	0.15261	0.12845	0.10244	0.01252	0.04707	0.01510	0.08048	0.01622	0.05498	0.01453	0.10117	0.00987	0.00272	0.00760	0.03291	0.00442	0.00803
23	0.12311	0.00934	0.01166	0.01077	0.01287	0.00968	0.03807	0.03825	0.08218	0.06076	0.05131	0.17317	0.06111	0.04693	0.04607	0.19743	0.00604	0.00965	0.00514	0.00644
24	0.01607	0.01385	0.01637	0.09293	0.10596	0.04577	0.01149	0.12310	0.13958	0.02418	0.02178	0.02610	0.07310	0.12025	0.01081	0.00265	0.00674	0.00726	0.00499	0.13703
25	0.03997	0.03817	0.07467	0.11756	0.10232	0.13064	0.03865	0.10813	0.04731	0.02231	0.02011	0.07331	0.06741	0.07880	0.00943	0.00255	0.00815	0.00766	0.00445	0.00838
26	0.01407	0.01396	0.05873	0.07185	0.20109	0.04507	0.01346	0.04684	0.04327	0.02203	0.12399	0.11939	0.06991	0.01123	0.00879	0.03169	0.04682	0.00911	0.00482	0.04389
27	0.01522	0.07712	0.02053	0.20513	0.12543	0.08960	0.06547	0.01802	0.01461	0.04600	0.01963	0.09102	0.06764	0.01209	0.04018	0.06432	0.00845	0.00783	0.00397	0.00773
28	0.10817	0.06561	0.03227	0.03095	0.08440	0.04741	0.03656	0.04795	0.01476	0.04054	0.02061	0.16214	0.05564	0.04301	0.00861	0.00226	0.04810	0.00851	0.00460	0.13790

[dist]
# distance from previous block
# <min> <max>
1	81

[block]
# block no. 3 follows, 31 sequences, length 14
# corresponding to MSA columns:
# 513-526
name=unknown_D
#
# <colnr> <probs for GDERKNQSTAVLIFYWHMCP>
#	G	D	E	R	K	N	Q	S	T	A	V	L	I	F	Y	W	H	M	C	P
0	0.05199	0.07642	0.09199	0.06999	0.10503	0.01492	0.06791	0.08606	0.06332	0.12485	0.05271	0.04442	0.01625	0.04327	0.00793	0.00226	0.00726	0.00688	0.00501	0.06153
1	0.04645	0.01466	0.01765	0.10774	0.08936	0.04412	0.01268	0.20289	0.05190	0.07246	0.02273	0.02424	0.10621	0.01157	0.04865	0.00265	0.06494	0.00717	0.00524	0.04670
2	0.08314	0.01474	0.06252	0.01257	0.01631	0.05955	0.01054	0.17078	0.05215	0.10714	0.07571	0.06563	0.04469	0.05883	0.13107	0.00389	0.00863	0.00786	0.00566	0.00859
3	0.02071	0.08519	0.01974	0.01460	0.01864	0.08572	0.03363	0.21827	0.11646	0.10206	0.05401	0.02284	0.06873	0.00941	0.00866	0.00216	0.09674	0.00703	0.00578	0.00963
4	0.16832	0.01337	0.01798	0.18284	0.05215	0.01417	0.07578	0.02296	0.14013	0.07980	0.01773	0.01950	0.03467	0.00727	0.00625	0.00205	0.00684	0.00614	0.00473	0.12729
5	0.34333	0.01431	0.01462	0.08228	0.05119	0.07231	0.01089	0.02066	0.05236	0.06338	0.06618	0.04627	0.01514	0.00867	0.00806	0.00226	0.10951	0.00609	0.00457	0.00792
6	0.16793	0.01587	0.05831	0.11863	0.28919	0.01580	0.08600	0.02189	0.08850	0.02385	0.01470	0.01922	0.01196	0.00705	0.00654	0.00219	0.00780	0.03120	0.00398	0.00939
7	0.01416	0.10524	0.65811	0.01875	0.02845	0.01696	0.02398	0.02155	0.01439	0.02113	0.01201	0.01411	0.00868	0.00644	0.00630	0.00210	0.00984	0.00492	0.00289	0.00998
8	0.01661	0.01423	0.01517	0.01383	0.01754	0.01639	0.01084	0.03484	0.65740	0.02806	0.02842	0.02906	0.02215	0.00994	0.00713	0.00238	0.00547	0.05311	0.00692	0.01052
9	0.00995	0.00663	0.00746	0.00746	0.00746	0.00663	0.00415	0.00995	0.00995	0.01327	0.02156	0.04477	0.02487	0.75957	0.03482	0.00663	0.00663	0.00995	0.00415	0.00415
10	0.10616	0.01498	0.01759	0.01458	0.01906	0.07802	0.08060	0.02955	0.21730	0.25479	0.02329	0.02547	0.01746	0.00891	0.00689	0.00225	0.00686	0.05987	0.00644	0.00994
11	0.03536	0.01066	0.01387	0.10357	0.01826	0.01109	0.00991	0.06448	0.03665	0.05138	0.07820	0.02470	0.01852	0.08029	0.20264	0.00466	0.03880	0.00686	0.00458	0.18553
12	0.08263	0.11081	0.09065	0.01534	0.05424	0.13396	0.03913	0.07741	0.06739	0.08873	0.04089	0.07196	0.08035	0.00921	0.00652	0.00206	0.00751	0.00736	0.00499	0.00887
13	0.02178	0.05586	0.04739	0.01472	0.05075	0.17183	0.01154	0.09243	0.06232	0.19142	0.01997	0.06120	0.01589	0.00872	0.00647	0.00198	0.00738	0.02802	0.08966	0.04068

[dist]
# distance from previous block
# <min> <max>
0	24

[block]
# block no. 4 follows, 31 sequences, length 83
# corresponding to MSA columns:
# 551-598,604-638
name=unknown_E
#
# <colnr> <probs for GDERKNQSTAVLIFYWHMCP>
#	G	D	E	R	K	N	Q	S	T	A	V	L	I	F	Y	W	H	M	C	P
0	0.00996	0.00761	0.01019	0.01151	0.05096	0.00704	0.00808	0.01230	0.01545	0.02091	0.18666	0.31359	0.11255	0.01703	0.00833	0.00251	0.00450	0.14022	0.00630	0.05431
1	0.02029	0.01860	0.05731	0.01484	0.01974	0.07567	0.01235	0.25158	0.33309	0.03158	0.02055	0.01993	0.01531	0.00826	0.00668	0.00208	0.00691	0.00650	0.00619	0.07254
2	0.04274	0.01091	0.01323	0.01411	0.09124	0.03579	0.00949	0.01951	0.10541	0.11406	0.09893	0.22251	0.09088	0.01296	0.00740	0.00226	0.00523	0.02802	0.00614	0.06916
3	0.06495	0.04153	0.05029	0.15442	0.10539	0.06790	0.01466	0.14614	0.09167	0.05337	0.01470	0.01692	0.01127	0.00755	0.00768	0.00209	0.06783	0.00576	0.00459	0.07132
4	0.01598	0.01774	0.03715	0.06748	0.09311	0.01731	0.56104	0.02129	0.01565	0.02141	0.01339	0.01812	0.01027	0.00620	0.00871	0.00232	0.05257	0.00768	0.00341	0.00918
5	0.02234	0.00990	0.01257	0.01024	0.01443	0.00847	0.00826	0.02465	0.01811	0.46179	0.04263	0.03901	0.27457	0.01174	0.00733	0.00219	0.00495	0.00967	0.00769	0.00947
6	0.01548	0.01825	0.09695	0.24775	0.15562	0.04614	0.25180	0.02112	0.04007	0.02064	0.01337	0.01773	0.01022	0.00640	0.00720	0.00222	0.00988	0.00666	0.00339	0.00910
7	0.01688	0.01781	0.06171	0.16717	0.18032	0.09212	0.20318	0.02118	0.01584	0.05991	0.03950	0.04183	0.01336	0.00736	0.00766	0.00220	0.03199	0.00709	0.00385	0.00903
8	0.01132	0.01034	0.01854	0.14669	0.02340	0.01040	0.18032	0.01440	0.01416	0.01881	0.02703	0.38742	0.02959	0.01470	0.00828	0.00260	0.00696	0.06311	0.00503	0.00690
9	0.00832	0.00600	0.00789	0.00940	0.00989	0.00557	0.00629	0.00954	0.01322	0.01752	0.03929	0.72050	0.07883	0.02123	0.00870	0.00275	0.00394	0.01920	0.00635	0.00557
10	0.16481	0.04938	0.01883	0.01425	0.01934	0.05774	0.01175	0.45497	0.05551	0.06543	0.01552	0.01571	0.01123	0.00778	0.00625	0.00204	0.00722	0.00562	0.00611	0.01053
11	0.01918	0.37138	0.16768	0.01527	0.02098	0.21908	0.01503	0.02236	0.01532	0.01741	0.01032	0.01228	0.00878	0.00668	0.00639	0.00178	0.05396	0.00428	0.00309	0.00873
12	0.03070	0.01164	0.01588	0.01217	0.01746	0.01006	0.01006	0.03334	0.01958	0.72163	0.02699	0.02329	0.01694	0.00847	0.00688	0.00212	0.00582	0.00688	0.00847	0.01164
13	0.00833	0.00636	0.00766	0.00856	0.00970	0.00569	0.00595	0.00984	0.01437	0.01845	0.09153	0.46966	0.28021	0.01953	0.00846	0.00258	0.00375	0.01725	0.00643	0.00569
14	0.00821	0.00644	0.00744	0.00823	0.00958	0.00567	0.00578	0.00967	0.01434	0.01797	0.05345	0.41166	0.37853	0.01939	0.00841	0.00255	0.00372	0.01695	0.00635	0.00567
15	0.03927	0.20627	0.53998	0.01734	0.02627	0.01851	0.02153	0.02134	0.01423	0.02063	0.01154	0.01352	0.00865	0.00634	0.00593	0.00200	0.00930	0.00468	0.00294	0.00971
16	0.01038	0.01061	0.10177	0.01026	0.01199	0.00850	0.00842	0.01226	0.01090	0.01527	0.01923	0.03460	0.02006	0.41503	0.27418	0.00757	0.01116	0.00840	0.00381	0.00560
17	0.00977	0.00733	0.01100	0.01100	0.01222	0.00855	0.00855	0.01222	0.01100	0.01588	0.01833	0.02688	0.01710	0.05131	0.73245	0.01100	0.01833	0.00733	0.00367	0.00611
18	0.01057	0.00933	0.01237	0.01223	0.01364	0.05987	0.07964	0.01244	0.01423	0.01840	0.06072	0.56972	0.03948	0.01833	0.00847	0.00264	0.00543	0.04041	0.00588	0.00618
19	0.01026	0.00760	0.00989	0.01003	0.01102	0.00830	0.00715	0.01343	0.07807	0.01667	0.02363	0.16286	0.02470	0.23887	0.33801	0.00746	0.01124	0.01028	0.00460	0.00592
20	0.00873	0.00656	0.00814	0.00930	0.01020	0.00617	0.00638	0.01092	0.04824	0.01820	0.04261	0.60083	0.15819	0.02012	0.00853	0.00268	0.00396	0.01801	0.00638	0.00586
21	0.01615	0.01845	0.04037	0.02884	0.03576	0.01730	0.69204	0.02191	0.01615	0.02191	0.01384	0.01845	0.01038	0.00577	0.00807	0.00231	0.01153	0.00807	0.00346	0.00923
22	0.00856	0.00610	0.00810	0.00963	0.01008	0.00574	0.00654	0.00982	0.01313	0.01747	0.03696	0.68567	0.04407	0.05141	0.00984	0.00296	0.00422	0.05792	0.00626	0.00554
23	0.00972	0.00686	0.00869	0.00868	0.01021	0.00623	0.00634	0.01218	0.01721	0.04427	0.42161	0.22853	0.16153	0.01621	0.00820	0.00233	0.00353	0.01431	0.00708	0.00628
24	0.01693	0.01626	0.02777	0.04199	0.71689	0.01626	0.02100	0.02100	0.01558	0.02235	0.01287	0.01693	0.01084	0.00610	0.00677	0.00203	0.00813	0.00610	0.00339	0.01084
25	0.02320	0.02194	0.01877	0.01675	0.04842	0.26019	0.01263	0.22017	0.21577	0.06548	0.01808	0.01799	0.01353	0.00805	0.00665	0.00203	0.00850	0.00604	0.00570	0.01012
26	0.00982	0.00713	0.00998	0.00998	0.01085	0.00800	0.00728	0.01156	0.01069	0.01513	0.01926	0.03203	0.01934	0.25548	0.53135	0.00974	0.01495	0.00808	0.00380	0.00554
27	0.01292	0.01216	0.02052	0.74312	0.04712	0.01520	0.01900	0.01748	0.01368	0.01748	0.01216	0.01824	0.00912	0.00684	0.00684	0.00228	0.00912	0.00608	0.00304	0.00760
28	0.01760	0.65396	0.13954	0.01288	0.01937	0.02539	0.01375	0.02066	0.01398	0.01694	0.00993	0.01150	0.00876	0.00595	0.00471	0.00157	0.00774	0.00387	0.00292	0.00898
29	0.00864	0.00634	0.00812	0.00910	0.01002	0.00583	0.00636	0.01034	0.01469	0.01955	0.16778	0.50923	0.13976	0.01941	0.00854	0.00261	0.00383	0.03752	0.00657	0.00578
30	0.02556	0.03261	0.01939	0.01763	0.02115	0.73210	0.01322	0.02732	0.01939	0.01674	0.01058	0.01234	0.00881	0.00705	0.00617	0.00176	0.01234	0.00441	0.00353	0.00793
31	0.00962	0.00695	0.00909	0.00865	0.01021	0.00642	0.00645	0.01276	0.01910	0.02701	0.68418	0.08143	0.06372	0.01431	0.00810	0.00218	0.00326	0.01268	0.00748	0.00642
32	0.01756	0.01628	0.01555	0.01404	0.01774	0.09686	0.01085	0.03402	0.58883	0.02722	0.06454	0.02548	0.02199	0.00930	0.00693	0.00225	0.00607	0.00762	0.00661	0.01026
33	0.77670	0.01317	0.01029	0.00912	0.01340	0.01514	0.00752	0.02064	0.01196	0.05842	0.01023	0.01160	0.00779	0.00644	0.00434	0.00212	0.00531	0.00383	0.00440	0.00758
34	0.00995	0.00663	0.00746	0.00746	0.00746	0.00663	0.00415	0.00995	0.00995	0.01327	0.02156	0.04477	0.02487	0.75957	0.03482	0.00663	0.00663	0.00995	0.00415	0.00415
35	0.01292	0.01216	0.02052	0.74312	0.04712	0.01520	0.01900	0.01748	0.01368	0.01748	0.01216	0.01824	0.00912	0.00684	0.00684	0.00228	0.00912	0.00608	0.00304	0.00760
36	0.01693	0.01626	0.02777	0.04199	0.71689	0.01626	0.02100	0.02100	0.01558	0.02235	0.01287	0.01693	0.01084	0.00610	0.00677	0.00203	0.00813	0.00610	0.00339	0.01084
37	0.00919	0.00728	0.00846	0.00905	0.01109	0.00656	0.00738	0.01145	0.01565	0.01923	0.05692	0.07008	0.46146	0.01792	0.00860	0.00262	0.00453	0.26022	0.00633	0.00597
38	0.01041	0.00719	0.00919	0.00857	0.01042	0.00653	0.00647	0.01345	0.01895	0.05634	0.61176	0.05155	0.13508	0.01412	0.00802	0.00217	0.00337	0.01237	0.00744	0.00660
39	0.01693	0.01626	0.02777	0.04199	0.71689	0.01626	0.02100	0.02100	0.01558	0.02235	0.01287	0.01693	0.01084	0.00610	0.00677	0.00203	0.00813	0.00610	0.00339	0.01084
40	0.01693	0.01626	0.02777	0.04199	0.71689	0.01626	0.02100	0.02100	0.01558	0.02235	0.01287	0.01693	0.01084	0.00610	0.00677	0.00203	0.00813	0.00610	0.00339	0.01084
41	0.00989	0.00661	0.00748	0.00754	0.00755	0.00659	0.00423	0.00993	0.01006	0.01342	0.02214	0.07045	0.02561	0.73288	0.03388	0.00649	0.00654	0.01029	0.00423	0.00420
42	0.01829	0.76368	0.03585	0.01171	0.01756	0.02707	0.01171	0.02049	0.01390	0.01610	0.00951	0.01097	0.00878	0.00585	0.00439	0.00146	0.00732	0.00366	0.00293	0.00878
43	0.01693	0.01626	0.02777	0.04199	0.71689	0.01626	0.02100	0.02100	0.01558	0.02235	0.01287	0.01693	0.01084	0.00610	0.00677	0.00203	0.00813	0.00610	0.00339	0.01084
44	0.01799	0.01310	0.01499	0.01394	0.04570	0.01425	0.01041	0.03154	0.46298	0.13718	0.10586	0.02931	0.05258	0.00987	0.00711	0.00226	0.00527	0.00832	0.00709	0.01026
45	0.01164	0.00629	0.00677	0.00713	0.00839	0.00620	0.00511	0.01424	0.01388	0.02318	0.02576	0.19087	0.02409	0.04236	0.00693	0.00207	0.00351	0.00947	0.58600	0.00610
46	0.13380	0.04181	0.05362	0.02349	0.19511	0.09440	0.09342	0.04459	0.01461	0.02185	0.01143	0.01522	0.00964	0.00887	0.02879	0.00250	0.18882	0.00568	0.00353	0.00883
47	0.01692	0.01512	0.01827	0.01560	0.01981	0.01705	0.08746	0.03473	0.62709	0.02786	0.02627	0.02473	0.01970	0.00889	0.00709	0.00232	0.00610	0.00777	0.00657	0.01065
48	0.01917	0.07316	0.09570	0.08318	0.20091	0.08320	0.07580	0.15121	0.01849	0.04958	0.01325	0.01604	0.01032	0.00724	0.00801	0.00211	0.07280	0.00587	0.00411	0.00984
49	0.01399	0.03348	0.64720	0.02055	0.03030	0.01605	0.10028	0.02169	0.01464	0.02169	0.01245	0.01490	0.00886	0.00642	0.00668	0.00218	0.01027	0.00539	0.00295	0.01001
50	0.00908	0.00671	0.00963	0.01037	0.01125	0.00630	0.03978	0.01078	0.01381	0.01880	0.08130	0.61829	0.04347	0.01951	0.00851	0.00267	0.00433	0.03919	0.04037	0.00586
51	0.01806	0.01445	0.03739	0.04233	0.10023	0.03414	0.01173	0.10594	0.08816	0.10936	0.04077	0.05182	0.01622	0.00792	0.00640	0.00180	0.00629	0.02274	0.00533	0.27889
52	0.09201	0.01809	0.03919	0.09797	0.21404	0.12756	0.01549	0.05051	0.09862	0.06200	0.01435	0.01687	0.01131	0.00772	0.00851	0.00219	0.10416	0.00581	0.00424	0.00936
53	0.01003	0.00672	0.00772	0.00784	0.00795	0.00672	0.00465	0.01026	0.01037	0.01379	0.02263	0.04713	0.02593	0.70559	0.03297	0.00638	0.00661	0.05811	0.00430	0.00430
54	0.01078	0.00770	0.01074	0.01232	0.01378	0.00766	0.01059	0.01375	0.01551	0.02020	0.03636	0.13948	0.03991	0.01913	0.00938	0.00312	0.00609	0.61097	0.00630	0.00623
55	0.01998	0.11289	0.14851	0.05844	0.08027	0.04750	0.04221	0.14662	0.03951	0.13189	0.03703	0.01766	0.01297	0.00722	0.00640	0.00195	0.00783	0.00583	0.00493	0.07039
56	0.01064	0.04581	0.01176	0.01050	0.01177	0.02761	0.00795	0.01257	0.01115	0.01539	0.01833	0.02926	0.01802	0.18864	0.53869	0.00941	0.01530	0.00759	0.00372	0.00590
57	0.05330	0.01143	0.01532	0.01187	0.01693	0.01001	0.00977	0.03178	0.01933	0.66135	0.06514	0.02448	0.01933	0.00871	0.00687	0.00212	0.00566	0.00709	0.00829	0.01122
58	0.05531	0.01720	0.02407	0.25021	0.35452	0.11429	0.04665	0.02079	0.01536	0.02048	0.01222	0.01648	0.00985	0.00645	0.00664	0.00209	0.00901	0.00583	0.00334	0.00922
59	0.06365	0.10917	0.17807	0.06661	0.09995	0.11035	0.01565	0.02458	0.10086	0.10441	0.05048	0.01835	0.01419	0.00742	0.00631	0.00203	0.00808	0.00583	0.00451	0.00951
60	0.02114	0.02450	0.02056	0.01903	0.06128	0.40201	0.04144	0.04771	0.05997	0.01886	0.01207	0.01498	0.01021	0.00995	0.03811	0.00248	0.17828	0.00540	0.00373	0.00829
61	0.01491	0.01096	0.01350	0.01199	0.01438	0.01227	0.00933	0.22667	0.01752	0.02409	0.01818	0.02612	0.01648	0.13792	0.40522	0.00756	0.01327	0.00733	0.00473	0.00757
62	0.01688	0.01405	0.05015	0.01221	0.01705	0.01272	0.01014	0.12622	0.18250	0.07624	0.02428	0.08231	0.07245	0.00919	0.00653	0.00187	0.00562	0.00759	0.00581	0.26619
63	0.00880	0.00648	0.00835	0.00966	0.01061	0.00603	0.00704	0.01046	0.01403	0.01821	0.04283	0.50877	0.15854	0.02025	0.00876	0.00277	0.00432	0.14200	0.00634	0.00574
64	0.00995	0.00663	0.00746	0.00746	0.00746	0.00663	0.00415	0.00995	0.00995	0.01327	0.02156	0.04477	0.02487	0.75957	0.03482	0.00663	0.00663	0.00995	0.00415	0.00415
65	0.01756	0.01786	0.05053	0.10486	0.33516	0.04397	0.17543	0.10042	0.01740	0.02376	0.01320	0.01704	0.01044	0.00661	0.00762	0.00215	0.03580	0.00646	0.00375	0.00997
66	0.01549	0.11247	0.02437	0.01798	0.01926	0.02147	0.06609	0.01740	0.01135	0.01683	0.00942	0.01471	0.00906	0.01071	0.01901	0.00274	0.59498	0.00584	0.00302	0.00778
67	0.01617	0.05106	0.01276	0.01038	0.01324	0.00894	0.00837	0.01889	0.01730	0.22315	0.25836	0.07045	0.08657	0.01716	0.08917	0.00323	0.00625	0.07377	0.00685	0.00794
68	0.12778	0.36275	0.08231	0.01386	0.01921	0.11098	0.04541	0.04136	0.01508	0.05947	0.01152	0.01327	0.00947	0.00793	0.02803	0.00208	0.03258	0.00453	0.00366	0.00873
69	0.02241	0.01613	0.09824	0.01506	0.02066	0.05018	0.10512	0.05383	0.01847	0.34227	0.08144	0.02418	0.04600	0.00837	0.00698	0.00206	0.00714	0.00724	0.00633	0.06789
70	0.02306	0.02640	0.01820	0.01625	0.01971	0.50351	0.01243	0.12885	0.02002	0.02072	0.01275	0.01534	0.01060	0.01443	0.12444	0.00331	0.01256	0.00516	0.00407	0.00821
71	0.01314	0.00799	0.00986	0.00936	0.01163	0.00730	0.00701	0.01629	0.05552	0.14779	0.22162	0.22425	0.21071	0.01542	0.00796	0.00235	0.00406	0.01341	0.00708	0.00724
72	0.01780	0.01852	0.06941	0.08052	0.20989	0.06308	0.28811	0.02296	0.03860	0.07964	0.01458	0.01795	0.01106	0.00657	0.00771	0.00219	0.03099	0.00683	0.00390	0.00970
73	0.01197	0.00737	0.00954	0.01004	0.01139	0.00692	0.00710	0.04690	0.01512	0.10473	0.05632	0.58404	0.06422	0.01883	0.00837	0.00263	0.00433	0.01687	0.00667	0.00664
74	0.01020	0.00767	0.00995	0.01044	0.01211	0.00764	0.00836	0.01379	0.05444	0.02123	0.18478	0.12147	0.14529	0.02174	0.10807	0.00380	0.00659	0.23976	0.00625	0.00641
75	0.02531	0.01247	0.01663	0.01556	0.09574	0.01182	0.01116	0.03119	0.14737	0.47335	0.02795	0.02539	0.05629	0.00885	0.00695	0.00216	0.00587	0.00738	0.00749	0.01107
76	0.01745	0.13509	0.03450	0.02748	0.17106	0.08330	0.36306	0.02180	0.01577	0.02044	0.01250	0.01630	0.01003	0.00618	0.00757	0.00209	0.03613	0.00658	0.00335	0.00931
77	0.02048	0.01994	0.02487	0.12661	0.14584	0.20275	0.14911	0.06418	0.01760	0.10148	0.01399	0.01682	0.01063	0.00710	0.00774	0.00211	0.04920	0.00613	0.00416	0.00926
78	0.01103	0.00797	0.01038	0.01123	0.01278	0.00790	0.00915	0.05104	0.01613	0.02119	0.08838	0.18536	0.08814	0.06300	0.01051	0.00310	0.00555	0.38453	0.00631	0.00632
79	0.01569	0.01853	0.10895	0.12500	0.29426	0.01666	0.24085	0.02069	0.01513	0.02120	0.01283	0.01722	0.01013	0.00643	0.00796	0.00222	0.04669	0.00662	0.00329	0.00964
80	0.01768	0.09281	0.08393	0.04311	0.15547	0.03779	0.21721	0.02172	0.01532	0.10201	0.01515	0.05413	0.01245	0.00776	0.00876	0.00222	0.09201	0.00706	0.00402	0.00937
81	0.02142	0.01506	0.01679	0.01500	0.05723	0.03627	0.01129	0.20719	0.25647	0.16851	0.02773	0.02611	0.09099	0.00945	0.00700	0.00218	0.00620	0.00767	0.00686	0.01058
82	0.04139	0.07324	0.04531	0.01404	0.01848	0.11524	0.01165	0.20526	0.20387	0.07214	0.10895	0.02258	0.02046	0.00881	0.00668	0.00206	0.00699	0.00690	0.00610	0.00986

[dist]
# distance from previous block
# <min> <max>
6	16

[block]
# block no. 5 follows, 31 sequences, length 30
# corresponding to MSA columns:
# 655-684
name=unknown_F
#
# <colnr> <probs for GDERKNQSTAVLIFYWHMCP>
#	G	D	E	R	K	N	Q	S	T	A	V	L	I	F	Y	W	H	M	C	P
0	0.05661	0.26168	0.09886	0.01969	0.16635	0.08844	0.01477	0.02456	0.11127	0.07478	0.01451	0.01570	0.01145	0.00679	0.00583	0.00189	0.00779	0.00521	0.00413	0.00971
1	0.01192	0.01060	0.01262	0.06842	0.03735	0.06408	0.03529	0.03922	0.06359	0.02065	0.10832	0.34376	0.12638	0.01545	0.00795	0.00243	0.00551	0.01368	0.00587	0.00691
2	0.01706	0.09425	0.01963	0.01876	0.16640	0.04949	0.01245	0.14619	0.10050	0.02602	0.09389	0.07605	0.04645	0.00965	0.00683	0.00204	0.00653	0.03487	0.00534	0.06761
3	0.04758	0.04417	0.01764	0.01595	0.09886	0.06936	0.01130	0.21006	0.02068	0.07891	0.10438	0.08098	0.02061	0.00902	0.00661	0.00191	0.00651	0.00740	0.00563	0.14243
4	0.02032	0.09424	0.09557	0.01505	0.04121	0.05407	0.01297	0.16666	0.11784	0.13471	0.01991	0.04875	0.02916	0.00875	0.00723	0.00206	0.03789	0.02290	0.00560	0.06509
5	0.04816	0.14751	0.02317	0.03684	0.02130	0.19756	0.10131	0.14788	0.04601	0.02358	0.01689	0.07622	0.03732	0.00839	0.00645	0.00196	0.00859	0.00679	0.00453	0.03953
6	0.01347	0.03616	0.21804	0.14248	0.04751	0.01380	0.04225	0.01880	0.05176	0.02037	0.01652	0.12192	0.01508	0.00891	0.00777	0.00211	0.05905	0.00744	0.00389	0.15267
7	0.01816	0.16016	0.09811	0.01936	0.17019	0.03645	0.01421	0.09241	0.08948	0.06995	0.04304	0.01840	0.01421	0.00719	0.00609	0.00187	0.00704	0.00582	0.05974	0.06812
8	0.01743	0.24096	0.09753	0.02441	0.29181	0.01889	0.01627	0.04835	0.06828	0.04881	0.01674	0.01847	0.04963	0.00710	0.00613	0.00192	0.00751	0.00588	0.00397	0.00993
9	0.01769	0.66759	0.12666	0.01273	0.01915	0.02560	0.01350	0.02064	0.01397	0.01683	0.00988	0.01143	0.00876	0.00594	0.00467	0.00156	0.00769	0.00384	0.00292	0.00896
