[name]
unknown

[dist]
# distance from previous block
# <min> <max>
0	31

[block]
# block no. 0 follows, 26 sequences, length 15
# corresponding to MSA columns:
# 31-45
name=unknown_A
#
# <colnr> <probs for GDERKNQSTAVLIFYWHMCP>
#	G	D	E	R	K	N	Q	S	T	A	V	L	I	F	Y	W	H	M	C	P
0	0.04149	0.04262	0.02136	0.50717	0.04201	0.01651	0.01847	0.05902	0.01674	0.02212	0.01782	0.02994	0.01556	0.00975	0.00784	0.00262	0.00928	0.10691	0.00425	0.00852
1	0.02044	0.01816	0.02375	0.32015	0.03675	0.06230	0.06837	0.21740	0.10234	0.02984	0.01708	0.02021	0.01264	0.00830	0.00766	0.00242	0.00951	0.00705	0.00525	0.01039
2	0.06440	0.17931	0.29068	0.01884	0.02672	0.02067	0.08996	0.02729	0.16188	0.02506	0.01680	0.01820	0.01277	0.00764	0.00686	0.00229	0.00924	0.00622	0.00438	0.01078
3	0.01215	0.00958	0.01127	0.01068	0.01334	0.00888	0.00789	0.03867	0.08151	0.02474	0.16359	0.27648	0.15665	0.01665	0.00850	0.00247	0.00464	0.01456	0.00697	0.13078
4	0.01447	0.01760	0.12999	0.60441	0.04914	0.01697	0.02218	0.02012	0.01530	0.02012	0.01350	0.01955	0.01003	0.00752	0.00752	0.00251	0.01029	0.00656	0.00334	0.00887
5	0.02427	0.09392	0.07703	0.05171	0.02679	0.06085	0.11783	0.23478	0.08538	0.12369	0.01884	0.01962	0.01357	0.00827	0.00747	0.00229	0.00916	0.00695	0.00607	0.01149
6	0.01982	0.02073	0.11592	0.05683	0.03354	0.01814	0.36505	0.02527	0.01733	0.12980	0.01667	0.02025	0.01217	0.00793	0.01056	0.00260	0.10447	0.00793	0.00456	0.01044
7	0.00987	0.00703	0.00866	0.00953	0.01016	0.00662	0.00621	0.01107	0.01438	0.01910	0.09720	0.40701	0.10578	0.23050	0.01802	0.00422	0.00514	0.01725	0.00644	0.00581
8	0.01702	0.01652	0.02690	0.44085	0.04355	0.05940	0.14813	0.02176	0.01609	0.05170	0.01421	0.01981	0.01076	0.00795	0.00935	0.00256	0.07355	0.00711	0.00377	0.00901
9	0.09023	0.08652	0.32084	0.05476	0.02732	0.04702	0.01971	0.15383	0.04512	0.02892	0.01587	0.04838	0.01254	0.00843	0.00700	0.00233	0.00941	0.00645	0.00462	0.01072
10	0.01118	0.00746	0.00968	0.01082	0.01209	0.00687	0.00785	0.01300	0.01579	0.06211	0.04587	0.49838	0.13843	0.02181	0.00956	0.00302	0.00482	0.10735	0.00718	0.00674
11	0.01070	0.00740	0.00919	0.00947	0.00983	0.00761	0.00602	0.01149	0.01183	0.01607	0.02600	0.15386	0.02936	0.47651	0.17505	0.00770	0.00963	0.01210	0.00487	0.00531
12	0.05677	0.01866	0.08340	0.23613	0.03972	0.01752	0.34288	0.02187	0.01625	0.02271	0.01492	0.02140	0.01174	0.05113	0.00998	0.00282	0.01116	0.00790	0.00374	0.00931
13	0.04721	0.02522	0.21269	0.09145	0.02986	0.07148	0.09200	0.20659	0.02239	0.07216	0.01705	0.04723	0.01303	0.00856	0.00757	0.00238	0.00989	0.00713	0.00520	0.01091
14	0.06604	0.01737	0.08326	0.01324	0.01666	0.13501	0.01092	0.04150	0.01674	0.09927	0.02729	0.12799	0.08097	0.16425	0.06280	0.00412	0.00891	0.01009	0.00552	0.00804

[dist]
# distance from previous block
# <min> <max>
3	17

[block]
# block no. 1 follows, 26 sequences, length 13
# corresponding to MSA columns:
# 63-75
name=unknown_B
#
# <colnr> <probs for GDERKNQSTAVLIFYWHMCP>
#	G	D	E	R	K	N	Q	S	T	A	V	L	I	F	Y	W	H	M	C	P
0	0.06574	0.01603	0.01586	0.01359	0.01798	0.08332	0.01056	0.08366	0.20641	0.05383	0.09373	0.09411	0.02506	0.01057	0.00730	0.00217	0.00649	0.00868	0.00650	0.17843
1	0.02035	0.07483	0.14312	0.04205	0.02262	0.05658	0.04788	0.02641	0.09300	0.18893	0.04117	0.11375	0.05749	0.01130	0.00780	0.00245	0.00787	0.02595	0.00623	0.01022
2	0.01232	0.00891	0.01102	0.01153	0.01292	0.00887	0.00817	0.10931	0.01826	0.02453	0.08801	0.56871	0.04619	0.02090	0.00931	0.00290	0.00493	0.01872	0.00723	0.00726
3	0.00925	0.00705	0.00835	0.00935	0.01055	0.00633	0.00641	0.01071	0.01532	0.01948	0.05364	0.44268	0.28300	0.06720	0.01126	0.00316	0.00438	0.01884	0.00689	0.00615
4	0.02028	0.02328	0.16633	0.04057	0.03090	0.07776	0.26365	0.06193	0.01923	0.11115	0.01944	0.02676	0.01553	0.00888	0.00829	0.00253	0.01076	0.07733	0.00499	0.01040
5	0.01336	0.00790	0.01045	0.01087	0.01252	0.00722	0.00788	0.01542	0.01698	0.12304	0.13963	0.44931	0.08378	0.01992	0.00926	0.00286	0.00469	0.04993	0.00759	0.00739
6	0.00941	0.00678	0.00864	0.01006	0.01064	0.00631	0.00666	0.01064	0.01439	0.01895	0.04297	0.59593	0.10408	0.10089	0.01278	0.00350	0.00467	0.01992	0.00677	0.00601
7	0.02404	0.01904	0.02672	0.02018	0.02616	0.01993	0.18133	0.36199	0.06945	0.07611	0.07809	0.02330	0.01875	0.00906	0.00807	0.00238	0.00882	0.00815	0.00679	0.01164
8	0.01936	0.02554	0.17287	0.08773	0.03581	0.09383	0.32978	0.09416	0.01960	0.02575	0.01474	0.01853	0.01095	0.00712	0.00809	0.00243	0.01183	0.00738	0.00408	0.01041
9	0.00974	0.00701	0.00934	0.01103	0.01177	0.00661	0.00787	0.01145	0.01513	0.01998	0.04292	0.59279	0.07430	0.02310	0.00979	0.00313	0.00482	0.12587	0.00703	0.00631
10	0.00971	0.00745	0.00901	0.01006	0.01161	0.00676	0.00753	0.01169	0.01621	0.02046	0.05566	0.33891	0.30485	0.02138	0.00955	0.00295	0.00467	0.13810	0.00703	0.00642
11	0.13394	0.01451	0.01580	0.01172	0.01808	0.01262	0.00946	0.08969	0.01748	0.02865	0.01356	0.01548	0.01096	0.00621	0.00569	0.00143	0.00595	0.00469	0.00486	0.57919
12	0.01781	0.06645	0.38019	0.01905	0.02811	0.01772	0.05984	0.11939	0.01902	0.02746	0.01423	0.01636	0.01056	0.00708	0.00692	0.00209	0.00957	0.00569	0.00417	0.16830

[dist]
# distance from previous block
# <min> <max>
8	13

[block]
# block no. 2 follows, 26 sequences, length 22
# corresponding to MSA columns:
# 89-110
name=unknown_C
#
# <colnr> <probs for GDERKNQSTAVLIFYWHMCP>
#	G	D	E	R	K	N	Q	S	T	A	V	L	I	F	Y	W	H	M	C	P
0	0.08156	0.09745	0.07125	0.05527	0.14233	0.11748	0.09791	0.06362	0.08641	0.02563	0.01516	0.01761	0.01198	0.00733	0.00693	0.00215	0.00936	0.00618	0.00446	0.07994
1	0.01990	0.14017	0.12201	0.07119	0.26536	0.12219	0.08702	0.04316	0.01792	0.02294	0.01338	0.01682	0.01084	0.00701	0.00710	0.00218	0.01030	0.00612	0.00372	0.01068
2	0.08104	0.07801	0.07066	0.07880	0.35756	0.01839	0.07791	0.02474	0.03860	0.08033	0.01552	0.01869	0.01213	0.00714	0.00720	0.00228	0.00893	0.00658	0.00434	0.01114
3	0.68709	0.01530	0.01324	0.01303	0.06300	0.01748	0.00966	0.06045	0.01458	0.03419	0.01128	0.01313	0.00876	0.00714	0.00507	0.00234	0.00624	0.00446	0.00480	0.00876
4	0.01351	0.00728	0.00786	0.00788	0.00965	0.00719	0.00603	0.01705	0.01683	0.02823	0.12223	0.03619	0.02868	0.01061	0.00618	0.00197	0.00377	0.04917	0.61262	0.00708
5	0.01999	0.01619	0.01867	0.01508	0.05291	0.01499	0.01149	0.21421	0.05447	0.03204	0.01581	0.01725	0.01237	0.00696	0.00641	0.00160	0.00663	0.00551	0.00555	0.47186
6	0.01860	0.27701	0.27184	0.02150	0.06760	0.02264	0.12540	0.06891	0.01759	0.02365	0.01320	0.01573	0.01034	0.00693	0.00672	0.00214	0.01006	0.00577	0.00367	0.01070
7	0.13345	0.04738	0.14711	0.01630	0.02204	0.04170	0.01524	0.17849	0.14501	0.05446	0.01821	0.01949	0.01379	0.01226	0.05859	0.00312	0.05048	0.00648	0.00564	0.01076
8	0.01097	0.00757	0.00939	0.00939	0.00978	0.00796	0.00599	0.01175	0.01136	0.01553	0.02288	0.04398	0.02512	0.54063	0.22805	0.00873	0.01105	0.01020	0.00444	0.00522
9	0.01447	0.00944	0.01090	0.00999	0.01307	0.00854	0.00787	0.05899	0.01988	0.12095	0.16628	0.06076	0.38722	0.01663	0.00880	0.00256	0.00473	0.06333	0.00764	0.00795
10	0.02233	0.56970	0.06242	0.01374	0.02032	0.02683	0.01349	0.07469	0.01776	0.09797	0.01350	0.01437	0.01102	0.00706	0.00549	0.00179	0.00807	0.00475	0.00429	0.01041
11	0.02804	0.02085	0.02231	0.01729	0.02322	0.02315	0.01422	0.61117	0.08661	0.04652	0.01922	0.01902	0.01372	0.00920	0.00760	0.00230	0.00816	0.00697	0.00760	0.01283
12	0.00924	0.00660	0.00880	0.01056	0.01100	0.00616	0.00704	0.01056	0.01452	0.01936	0.04181	0.72848	0.05017	0.02376	0.00968	0.00308	0.00440	0.02156	0.00704	0.00616
13	0.01569	0.01532	0.06403	0.01197	0.01903	0.01065	0.01034	0.01945	0.01575	0.02467	0.01349	0.01575	0.01112	0.00573	0.00573	0.00121	0.00602	0.00457	0.00440	0.72508
14	0.01432	0.01348	0.02275	0.71520	0.05224	0.01685	0.02107	0.01938	0.01517	0.01938	0.01348	0.02022	0.01011	0.00758	0.00758	0.00253	0.01011	0.00674	0.00337	0.00843
15	0.00999	0.00772	0.00911	0.00876	0.01088	0.00684	0.00657	0.01288	0.01972	0.02626	0.42838	0.06351	0.32790	0.01706	0.00895	0.00246	0.00369	0.01468	0.00780	0.00684
16	0.02293	0.02157	0.02072	0.01945	0.10628	0.20338	0.01361	0.12740	0.02100	0.07107	0.01486	0.01666	0.01167	0.00740	0.00721	0.00183	0.02953	0.00554	0.00503	0.27287
17	0.01899	0.01779	0.02527	0.08674	0.36106	0.08415	0.05234	0.02413	0.06169	0.06370	0.04532	0.02622	0.08149	0.00884	0.00774	0.00232	0.00871	0.00802	0.00483	0.01064
18	0.06068	0.07317	0.05241	0.06607	0.23937	0.16836	0.01759	0.11507	0.06412	0.04974	0.01540	0.01765	0.01207	0.00770	0.00706	0.00220	0.00958	0.00614	0.00475	0.01088
19	0.01966	0.07813	0.04545	0.08772	0.36173	0.03853	0.01953	0.10681	0.05174	0.02666	0.03344	0.01944	0.01374	0.00800	0.00849	0.00231	0.05625	0.00674	0.00447	0.01116
20	0.00920	0.00710	0.00841	0.00934	0.01071	0.00631	0.00652	0.01087	0.01597	0.02033	0.08558	0.42967	0.30981	0.02152	0.00935	0.00284	0.00413	0.01893	0.00710	0.00631
21	0.07209	0.01807	0.02361	0.02911	0.32349	0.06329	0.01688	0.11960	0.05382	0.08182	0.01785	0.05397	0.01469	0.00834	0.00727	0.00222	0.00816	0.00718	0.00528	0.07328

[dist]
# distance from previous block
# <min> <max>
0	13

[block]
# block no. 3 follows, 26 sequences, length 55
# corresponding to MSA columns:
# 124-178
name=unknown_D
#
# <colnr> <probs for GDERKNQSTAVLIFYWHMCP>
#	G	D	E	R	K	N	Q	S	T	A	V	L	I	F	Y	W	H	M	C	P
0	0.05442	0.19048	0.18857	0.01761	0.02385	0.08076	0.03486	0.08401	0.12686	0.02539	0.01554	0.01719	0.01223	0.00842	0.00865	0.00230	0.08793	0.00593	0.00452	0.01046
1	0.02037	0.40415	0.18648	0.01555	0.02275	0.02425	0.01631	0.11848	0.01878	0.05003	0.01471	0.05014	0.01254	0.00802	0.00616	0.00200	0.00862	0.00584	0.00431	0.01050
2	0.02294	0.02133	0.04464	0.01610	0.02067	0.17080	0.01298	0.20405	0.18295	0.06950	0.02611	0.09503	0.05724	0.01111	0.00773	0.00238	0.00831	0.00884	0.00664	0.01064
3	0.01414	0.00707	0.00707	0.00707	0.00884	0.00707	0.00530	0.01767	0.01591	0.02828	0.02474	0.02828	0.01944	0.00884	0.00530	0.00177	0.00353	0.00707	0.77554	0.00707
4	0.02900	0.01879	0.02107	0.01609	0.02217	0.01973	0.01327	0.47238	0.03102	0.19015	0.02047	0.01973	0.01409	0.00890	0.00745	0.00220	0.00772	0.00683	0.00776	0.07118
5	0.00896	0.00768	0.00768	0.00768	0.01025	0.00640	0.00576	0.01089	0.01729	0.02049	0.07684	0.07300	0.68304	0.01921	0.00896	0.00256	0.00384	0.01601	0.00704	0.00640
6	0.01414	0.00707	0.00707	0.00707	0.00884	0.00707	0.00530	0.01767	0.01591	0.02828	0.02474	0.02828	0.01944	0.00884	0.00530	0.00177	0.00353	0.00707	0.77554	0.00707
7	0.01308	0.00903	0.01301	0.05161	0.01521	0.00940	0.07030	0.01599	0.01413	0.02194	0.02203	0.03230	0.01990	0.18571	0.16486	0.00543	0.00933	0.00837	0.31152	0.00682
8	0.07771	0.01540	0.11992	0.01185	0.01609	0.01270	0.01100	0.07228	0.12203	0.03020	0.04741	0.02536	0.01905	0.00894	0.00626	0.00211	0.00571	0.00707	0.37983	0.00906
9	0.05780	0.02679	0.02141	0.06335	0.14308	0.40728	0.01540	0.02675	0.04645	0.02221	0.08342	0.02003	0.01716	0.00848	0.00716	0.00213	0.01090	0.00637	0.00451	0.00929
10	0.01092	0.00779	0.01050	0.01050	0.01128	0.00857	0.00738	0.01246	0.01169	0.01636	0.02186	0.03833	0.02267	0.34797	0.41736	0.01011	0.01474	0.00938	0.00429	0.00584
11	0.05700	0.00998	0.01359	0.09323	0.07707	0.01069	0.01070	0.01531	0.04725	0.02104	0.03264	0.40138	0.06385	0.05883	0.01132	0.00311	0.04448	0.01524	0.00589	0.00739
12	0.01918	0.29136	0.36085	0.01791	0.02646	0.08796	0.02050	0.02474	0.01658	0.05169	0.01306	0.01484	0.01009	0.00710	0.00634	0.00207	0.01011	0.00507	0.00357	0.01052
13	0.02008	0.71069	0.06532	0.01332	0.01999	0.02953	0.01357	0.02276	0.01544	0.01809	0.01066	0.01232	0.00973	0.00652	0.00496	0.00165	0.00823	0.00412	0.00324	0.00979
14	0.04828	0.22117	0.27064	0.01976	0.08613	0.08684	0.01905	0.05098	0.01720	0.02337	0.01273	0.01493	0.01013	0.00695	0.00633	0.00200	0.00954	0.00511	0.00370	0.08514
15	0.01084	0.00810	0.01205	0.01205	0.01336	0.00941	0.00931	0.01346	0.01215	0.01751	0.02044	0.03048	0.01926	0.08026	0.68040	0.01202	0.01987	0.00823	0.00408	0.00670
16	0.01573	0.01348	0.01573	0.01123	0.01798	0.01011	0.00899	0.01910	0.01573	0.02472	0.01348	0.01573	0.01123	0.00562	0.00562	0.00112	0.00562	0.00449	0.00449	0.77980
17	0.00924	0.00660	0.00880	0.01056	0.01100	0.00616	0.00704	0.01056	0.01452	0.01936	0.04181	0.72848	0.05017	0.02376	0.00968	0.00308	0.00440	0.02156	0.00704	0.00616
18	0.01038	0.00762	0.00973	0.00946	0.01118	0.00696	0.00699	0.01352	0.02024	0.02811	0.54516	0.13396	0.13477	0.01683	0.00903	0.00248	0.00370	0.01485	0.00806	0.00696
19	0.01680	0.00915	0.01173	0.01028	0.01333	0.00811	0.00799	0.01990	0.02077	0.20991	0.39162	0.05121	0.16980	0.01451	0.00859	0.00241	0.00442	0.01247	0.00839	0.00860
20	0.01590	0.02804	0.36929	0.12993	0.16224	0.01736	0.09333	0.02272	0.01614	0.02315	0.01430	0.01895	0.01105	0.03503	0.00872	0.00260	0.01064	0.00657	0.00346	0.01059
21	0.00932	0.00666	0.00888	0.01050	0.01102	0.00622	0.00705	0.01077	0.01491	0.01998	0.07736	0.69118	0.05136	0.02331	0.00964	0.00304	0.00435	0.02113	0.00711	0.00622
22	0.01573	0.01348	0.01573	0.01123	0.01798	0.01011	0.00899	0.01910	0.01573	0.02472	0.01348	0.01573	0.01123	0.00562	0.00562	0.00112	0.00562	0.00449	0.00449	0.77980
23	0.01818	0.01927	0.02295	0.05846	0.02222	0.12183	0.01656	0.02007	0.01325	0.01836	0.01041	0.01637	0.00994	0.01216	0.02130	0.00308	0.57740	0.00639	0.00341	0.00838
24	0.01414	0.00707	0.00707	0.00707	0.00884	0.00707	0.00530	0.01767	0.01591	0.02828	0.02474	0.02828	0.01944	0.00884	0.00530	0.00177	0.00353	0.00707	0.77554	0.00707
25	0.40672	0.04249	0.01778	0.01584	0.05669	0.13236	0.01204	0.11304	0.01772	0.03073	0.01198	0.01418	0.00958	0.00807	0.00772	0.00234	0.08172	0.00503	0.00473	0.00924
26	0.01659	0.01659	0.02323	0.01991	0.01991	0.02323	0.01659	0.01825	0.01162	0.01825	0.00996	0.01659	0.00996	0.01328	0.02489	0.00332	0.71955	0.00664	0.00332	0.00830
27	0.01671	0.10035	0.02544	0.20097	0.25941	0.01833	0.01804	0.02269	0.09259	0.02243	0.01936	0.02316	0.05201	0.01128	0.04823	0.00293	0.04454	0.00726	0.00425	0.01003
28	0.01103	0.00735	0.00827	0.00827	0.00827	0.00735	0.00460	0.01103	0.01103	0.01471	0.02390	0.04964	0.02758	0.73343	0.03861	0.00735	0.00735	0.01103	0.00460	0.00460
29	0.02028	0.73799	0.03975	0.01298	0.01947	0.03001	0.01298	0.02271	0.01541	0.01785	0.01055	0.01217	0.00973	0.00649	0.00487	0.00162	0.00811	0.00406	0.00324	0.00973
30	0.00948	0.00670	0.00873	0.01026	0.01064	0.00632	0.00671	0.01062	0.01405	0.01874	0.03941	0.63762	0.04714	0.11875	0.01355	0.00365	0.00480	0.02015	0.00671	0.00595
31	0.01588	0.03459	0.53338	0.02418	0.03452	0.01800	0.18412	0.02409	0.01648	0.02409	0.01404	0.01711	0.01008	0.00701	0.00764	0.00244	0.01160	0.00643	0.00336	0.01097
32	0.01414	0.00707	0.00707	0.00707	0.00884	0.00707	0.00530	0.01767	0.01591	0.02828	0.02474	0.02828	0.01944	0.00884	0.00530	0.00177	0.00353	0.00707	0.77554	0.00707
33	0.00941	0.00737	0.00853	0.00894	0.01070	0.00649	0.00644	0.01150	0.01732	0.02220	0.19150	0.26795	0.36500	0.01982	0.00918	0.00268	0.00396	0.01721	0.00731	0.00649
34	0.02892	0.01901	0.02112	0.01642	0.02227	0.02047	0.01349	0.46824	0.09670	0.18057	0.02193	0.02081	0.01516	0.00928	0.00761	0.00232	0.00772	0.00717	0.00798	0.01281
35	0.01144	0.00794	0.01019	0.01001	0.01193	0.00728	0.00764	0.01453	0.01979	0.05403	0.44162	0.12812	0.14816	0.01716	0.00913	0.00259	0.00417	0.07915	0.00794	0.00717
36	0.01318	0.00659	0.00988	0.00988	0.00988	0.00659	0.00659	0.00988	0.00988	0.01318	0.01318	0.02306	0.01318	0.02635	0.02964	0.77931	0.00659	0.00659	0.00329	0.00329
37	0.00938	0.00666	0.00876	0.01038	0.01079	0.00625	0.00685	0.01060	0.01425	0.01900	0.04039	0.67495	0.04839	0.07973	0.01196	0.00342	0.00463	0.02073	0.00685	0.00604
38	0.06815	0.01988	0.02487	0.01888	0.02503	0.02130	0.11323	0.44986	0.05961	0.09402	0.01887	0.01931	0.01337	0.00865	0.00765	0.00234	0.00864	0.00715	0.00700	0.01219
39	0.01998	0.01949	0.02688	0.15563	0.40561	0.09633	0.02052	0.08074	0.05448	0.02555	0.01509	0.01891	0.01211	0.00742	0.00746	0.00229	0.00951	0.00665	0.00426	0.01110
40	0.02802	0.02643	0.02360	0.01903	0.02444	0.26179	0.05207	0.40235	0.02965	0.03617	0.01577	0.01675	0.01172	0.00849	0.00740	0.00218	0.01048	0.00627	0.00608	0.01130
41	0.01927	0.04562	0.05303	0.05392	0.02222	0.01956	0.01385	0.12554	0.38266	0.03112	0.06237	0.02565	0.02128	0.01026	0.00929	0.00254	0.07596	0.00801	0.00668	0.01117
42	0.02119	0.01745	0.01846	0.01591	0.02061	0.01995	0.01257	0.18497	0.52396	0.03548	0.02792	0.02595	0.02076	0.01001	0.00769	0.00250	0.00655	0.00817	0.00769	0.01221
43	0.01414	0.00707	0.00707	0.00707	0.00884	0.00707	0.00530	0.01767	0.01591	0.02828	0.02474	0.02828	0.01944	0.00884	0.00530	0.00177	0.00353	0.00707	0.77554	0.00707
44	0.01573	0.01348	0.01573	0.01123	0.01798	0.01011	0.00899	0.01910	0.01573	0.02472	0.01348	0.01573	0.01123	0.00562	0.00562	0.00112	0.00562	0.00449	0.00449	0.77980
45	0.01022	0.00745	0.00981	0.01113	0.01232	0.00703	0.00841	0.01247	0.01637	0.02157	0.10988	0.40441	0.11836	0.02163	0.00976	0.00307	0.00500	0.19744	0.00716	0.00653
46	0.01414	0.00707	0.00707	0.00707	0.00884	0.00707	0.00530	0.01767	0.01591	0.02828	0.02474	0.02828	0.01944	0.00884	0.00530	0.00177	0.00353	0.00707	0.77554	0.00707
47	0.01432	0.01348	0.02275	0.71520	0.05224	0.01685	0.02107	0.01938	0.01517	0.01938	0.01348	0.02022	0.01011	0.00758	0.00758	0.00253	0.01011	0.00674	0.00337	0.00843
48	0.02147	0.63515	0.03715	0.01384	0.02005	0.09731	0.01321	0.05228	0.01694	0.01927	0.01101	0.01259	0.00988	0.00674	0.00519	0.00169	0.00868	0.00426	0.00351	0.00978
49	0.02124	0.52413	0.03409	0.01556	0.05114	0.13288	0.01344	0.04825	0.01759	0.02018	0.05037	0.01554	0.01358	0.00734	0.00564	0.00177	0.00877	0.00498	0.00384	0.00967
50	0.01052	0.00758	0.00994	0.00969	0.01128	0.00701	0.00714	0.01376	0.02045	0.02879	0.58816	0.15523	0.06843	0.01672	0.00905	0.00249	0.00370	0.01487	0.00816	0.00701
51	0.01383	0.01225	0.01306	0.05212	0.01713	0.08291	0.01060	0.01931	0.12608	0.02216	0.03620	0.32247	0.06201	0.01811	0.00909	0.00292	0.00654	0.15886	0.00661	0.00774
52	0.16756	0.02066	0.09483	0.01624	0.02186	0.02040	0.01452	0.35740	0.02580	0.06381	0.04592	0.01874	0.01426	0.00919	0.00867	0.00241	0.07381	0.00651	0.00626	0.01115
53	0.01808	0.01807	0.02579	0.05716	0.15607	0.05368	0.05270	0.04777	0.01474	0.02122	0.01171	0.01734	0.01058	0.01091	0.01818	0.00292	0.44336	0.00672	0.00365	0.00937
54	0.01844	0.01692	0.02896	0.18059	0.46181	0.01774	0.05636	0.02297	0.01685	0.05473	0.01472	0.01940	0.01183	0.00730	0.00833	0.00237	0.03877	0.00691	0.00393	0.01107

[dist]
# distance from previous block
# <min> <max>
1	4

[block]
# block no. 4 follows, 26 sequences, length 17
# corresponding to MSA columns:
# 183-199
name=unknown_E
#
# <colnr> <probs for GDERKNQSTAVLIFYWHMCP>
#	G	D	E	R	K	N	Q	S	T	A	V	L	I	F	Y	W	H	M	C	P
0	0.04811	0.17059	0.32496	0.02583	0.20908	0.01975	0.02207	0.02309	0.01634	0.02366	0.04017	0.01751	0.01275	0.00727	0.00679	0.00220	0.00946	0.00588	0.00363	0.01085
1	0.00919	0.00758	0.00807	0.00818	0.01044	0.00646	0.00605	0.01123	0.01748	0.02148	0.14075	0.13720	0.55115	0.01926	0.00903	0.00259	0.00387	0.01631	0.00719	0.00646
2	0.02028	0.73799	0.03975	0.01298	0.01947	0.03001	0.01298	0.02271	0.01541	0.01785	0.01055	0.01217	0.00973	0.00649	0.00487	0.00162	0.00811	0.00406	0.00324	0.00973
3	0.04715	0.03822	0.01599	0.01364	0.01747	0.01631	0.01069	0.05332	0.43708	0.03122	0.17393	0.03459	0.05540	0.01146	0.00781	0.00248	0.00554	0.00958	0.00756	0.01055
4	0.02717	0.02108	0.02178	0.01721	0.02289	0.05232	0.01403	0.53086	0.14025	0.04388	0.02002	0.01968	0.01446	0.00925	0.00758	0.00231	0.00819	0.00703	0.00745	0.01257
5	0.07231	0.02334	0.17065	0.02841	0.14736	0.04559	0.27327	0.02504	0.04348	0.05111	0.01626	0.02090	0.01263	0.00745	0.00790	0.00245	0.01065	0.02638	0.00422	0.01063
6	0.01967	0.00979	0.01266	0.01099	0.01425	0.00899	0.00857	0.02359	0.04744	0.26552	0.30395	0.08837	0.04339	0.01294	0.00807	0.00236	0.00476	0.01114	0.09421	0.00933
7	0.01521	0.03923	0.69413	0.02162	0.03283	0.01762	0.02802	0.02402	0.01601	0.02402	0.01361	0.01601	0.00961	0.00721	0.00721	0.00240	0.01121	0.00560	0.00320	0.01121
8	0.00980	0.00707	0.00937	0.01079	0.01165	0.00663	0.00771	0.01169	0.01581	0.02108	0.11354	0.53818	0.07905	0.02227	0.00968	0.00304	0.00464	0.10443	0.00718	0.00639
9	0.01521	0.03923	0.69413	0.02162	0.03283	0.01762	0.02802	0.02402	0.01601	0.02402	0.01361	0.01601	0.00961	0.00721	0.00721	0.00240	0.01121	0.00560	0.00320	0.01121
10	0.01633	0.16259	0.52577	0.02090	0.03098	0.01995	0.07529	0.02381	0.01606	0.02294	0.01320	0.01568	0.00978	0.00701	0.00693	0.00228	0.01078	0.00559	0.00326	0.01087
11	0.01997	0.69485	0.08016	0.01351	0.02029	0.02925	0.01391	0.02279	0.01545	0.01823	0.01073	0.01240	0.00973	0.00653	0.00501	0.00167	0.00830	0.00415	0.00324	0.00983
12	0.01294	0.00667	0.00970	0.00970	0.00970	0.00667	0.00637	0.01001	0.01001	0.01335	0.01437	0.02602	0.01478	0.10525	0.03064	0.69317	0.00667	0.00708	0.00344	0.00344
13	0.70235	0.01707	0.01230	0.01104	0.01565	0.09356	0.00893	0.02319	0.01387	0.03231	0.01069	0.01247	0.00839	0.00713	0.00493	0.00230	0.00674	0.00419	0.00461	0.00828
14	0.01222	0.00873	0.01222	0.01397	0.01572	0.00873	0.01222	0.01572	0.01746	0.02270	0.04016	0.08556	0.04365	0.02095	0.01048	0.00349	0.00698	0.63506	0.00698	0.00698
15	0.01085	0.00807	0.01188	0.01188	0.01313	0.00931	0.00909	0.01335	0.01210	0.01738	0.02060	0.03137	0.01964	0.11048	0.65071	0.01181	0.01929	0.00836	0.00411	0.00660
16	0.78701	0.01467	0.01115	0.00997	0.01467	0.01702	0.00821	0.02230	0.01291	0.03403	0.01056	0.01232	0.00821	0.00704	0.00469	0.00235	0.00587	0.00411	0.00469	0.00821

[dist]
# distance from previous block
# <min> <max>
0	0

# created by:
# /home/berkeley/.conda/envs/busco_data_prod/bin/msa2prfl.pl pipeline/OGs_align_augustus/4893/30290.fs
