[name]
unknown

[dist]
# distance from previous block
# <min> <max>
0	27

[block]
# block no. 0 follows, 34 sequences, length 34
# corresponding to MSA columns:
# 27-60
name=unknown_A
#
# <colnr> <probs for GDERKNQSTAVLIFYWHMCP>
#	G	D	E	R	K	N	Q	S	T	A	V	L	I	F	Y	W	H	M	C	P
0	0.00900	0.00680	0.00878	0.03269	0.01165	0.00664	0.00740	0.01168	0.05115	0.01813	0.06230	0.43007	0.13696	0.01789	0.00814	0.00258	0.00436	0.16203	0.00596	0.00578
1	0.01444	0.13163	0.44620	0.01810	0.06226	0.06634	0.06227	0.02007	0.01429	0.01978	0.04947	0.01525	0.01128	0.00636	0.00598	0.00189	0.00880	0.00511	0.00311	0.03738
2	0.06170	0.12645	0.10757	0.03548	0.09185	0.06094	0.06635	0.11681	0.10035	0.10156	0.02986	0.01841	0.04025	0.00725	0.00609	0.00193	0.00729	0.00592	0.00467	0.00926
3	0.01904	0.01055	0.01288	0.01087	0.01428	0.01062	0.00865	0.06486	0.16558	0.28486	0.16299	0.02863	0.04926	0.01075	0.02995	0.00229	0.02400	0.00784	0.07309	0.00902
4	0.00774	0.00644	0.00677	0.00691	0.00885	0.00547	0.00510	0.00940	0.01465	0.01779	0.09732	0.14270	0.61537	0.01664	0.00771	0.00222	0.00332	0.01408	0.00606	0.00547
5	0.01549	0.01794	0.19258	0.12853	0.20987	0.01404	0.03429	0.03864	0.10840	0.08683	0.05263	0.02035	0.03712	0.00731	0.00651	0.00205	0.00742	0.00639	0.00429	0.00932
6	0.01638	0.04429	0.14083	0.03923	0.05124	0.07206	0.39207	0.02156	0.03092	0.07460	0.01453	0.04615	0.01136	0.00653	0.00699	0.00209	0.00964	0.00701	0.00370	0.00882
7	0.02697	0.01076	0.01449	0.01130	0.01598	0.00948	0.00926	0.03010	0.04479	0.65534	0.08010	0.02411	0.01962	0.00843	0.00659	0.00201	0.00529	0.00693	0.00788	0.01059
8	0.01372	0.01302	0.02194	0.40614	0.35155	0.01445	0.01828	0.01771	0.01379	0.01861	0.01391	0.01844	0.03770	0.00653	0.00648	0.00205	0.00798	0.00606	0.00314	0.00848
9	0.01430	0.03817	0.27101	0.06641	0.12088	0.03677	0.06685	0.08467	0.04075	0.02201	0.03849	0.04664	0.08716	0.00807	0.00652	0.00203	0.00774	0.00692	0.02586	0.00874
10	0.02109	0.01084	0.01640	0.01302	0.01693	0.00996	0.10739	0.05696	0.01655	0.39915	0.02409	0.13876	0.01978	0.08810	0.02768	0.00276	0.00643	0.00877	0.00642	0.00894
11	0.00794	0.00577	0.00750	0.00872	0.00934	0.00533	0.00591	0.00925	0.01301	0.01726	0.08854	0.65501	0.10380	0.01940	0.00815	0.00254	0.00366	0.01747	0.00608	0.00533
12	0.17295	0.05232	0.03447	0.01184	0.01602	0.01482	0.00991	0.24816	0.05511	0.15392	0.01822	0.08831	0.01465	0.00862	0.00627	0.00201	0.02289	0.00663	0.05380	0.00908
13	0.03632	0.02430	0.46747	0.01603	0.02299	0.01262	0.06831	0.01786	0.01427	0.02093	0.10229	0.06510	0.06368	0.00876	0.00667	0.00212	0.00789	0.03019	0.00383	0.00838
14	0.06416	0.02628	0.02022	0.01742	0.02073	0.53708	0.08953	0.02360	0.01654	0.01702	0.01009	0.01254	0.00844	0.00706	0.00783	0.00188	0.10402	0.00469	0.00330	0.00755
15	0.02146	0.32286	0.02444	0.01439	0.01865	0.43845	0.01192	0.04747	0.01670	0.01645	0.00979	0.01128	0.00840	0.00625	0.00519	0.00156	0.00963	0.00394	0.00322	0.00793
16	0.02106	0.01082	0.01344	0.01081	0.01484	0.01007	0.00863	0.10581	0.05405	0.35461	0.10713	0.06408	0.02196	0.03472	0.00733	0.00204	0.00511	0.00749	0.04690	0.09911
17	0.01681	0.07095	0.02678	0.03475	0.58192	0.01656	0.05366	0.08107	0.01601	0.02240	0.01227	0.01561	0.01014	0.00590	0.00630	0.00190	0.00773	0.00569	0.00346	0.01008
18	0.04631	0.03835	0.28653	0.08094	0.22668	0.01505	0.06490	0.05341	0.01515	0.09259	0.01325	0.01556	0.00977	0.00625	0.00626	0.00200	0.00829	0.00546	0.00365	0.00959
19	0.02778	0.01100	0.01480	0.01143	0.01625	0.00967	0.00941	0.05341	0.01888	0.67568	0.06264	0.02317	0.01822	0.00827	0.00656	0.00200	0.00542	0.00675	0.00790	0.01073
20	0.00794	0.00569	0.00765	0.00907	0.00949	0.00540	0.00611	0.00913	0.01226	0.01641	0.03464	0.72911	0.04132	0.02175	0.04762	0.00304	0.00447	0.01776	0.00586	0.00528
21	0.01566	0.01480	0.02448	0.14775	0.52466	0.01544	0.04244	0.04260	0.06841	0.02146	0.01326	0.01683	0.01071	0.00615	0.00646	0.00199	0.00772	0.00594	0.00351	0.00973
22	0.00883	0.00713	0.00886	0.04818	0.03629	0.00670	0.00682	0.01141	0.03769	0.01948	0.19972	0.23035	0.32385	0.01550	0.00765	0.00225	0.00383	0.01349	0.00600	0.00596
23	0.00787	0.00562	0.00750	0.00900	0.00937	0.00525	0.00600	0.00900	0.01237	0.01649	0.03561	0.76871	0.04274	0.02024	0.00825	0.00262	0.00375	0.01837	0.00600	0.00525
24	0.01580	0.01516	0.02588	0.07605	0.69772	0.01530	0.01973	0.01966	0.01462	0.02088	0.01212	0.01605	0.01015	0.00579	0.00640	0.00193	0.00772	0.00576	0.00318	0.01008
25	0.01312	0.01119	0.01310	0.00954	0.01502	0.00845	0.00757	0.01591	0.01335	0.02083	0.01269	0.05110	0.01123	0.00556	0.00496	0.00104	0.00473	0.00455	0.00394	0.77213
26	0.00908	0.00634	0.00808	0.00835	0.00874	0.00660	0.00547	0.00994	0.01020	0.01394	0.02218	0.16587	0.02479	0.43258	0.23294	0.00680	0.00898	0.01027	0.00415	0.00468
27	0.01528	0.01545	0.05319	0.15161	0.59678	0.01518	0.01969	0.01933	0.01439	0.02036	0.01203	0.01609	0.00990	0.00588	0.00640	0.00196	0.00790	0.00572	0.00313	0.00973
28	0.01709	0.01570	0.02535	0.03650	0.64166	0.01595	0.01887	0.10806	0.01671	0.02361	0.01258	0.01593	0.01033	0.00601	0.00641	0.00192	0.00760	0.00576	0.00362	0.01033
29	0.02198	0.01741	0.01917	0.01563	0.04238	0.05691	0.04657	0.52462	0.05917	0.03489	0.01767	0.03563	0.03463	0.03395	0.00746	0.00212	0.00724	0.00654	0.00593	0.01009
30	0.00808	0.00578	0.00771	0.00905	0.00956	0.00541	0.00619	0.00945	0.01297	0.01739	0.09284	0.67974	0.04401	0.01956	0.00822	0.00259	0.00378	0.04621	0.00609	0.00535
31	0.01746	0.05460	0.02561	0.07610	0.40400	0.07570	0.10058	0.07887	0.01628	0.04509	0.01259	0.01568	0.01006	0.00604	0.00635	0.00189	0.00820	0.00570	0.00363	0.03559
32	0.12008	0.01942	0.01765	0.01717	0.10714	0.21811	0.01211	0.19419	0.13914	0.07011	0.01520	0.01574	0.01145	0.00717	0.00600	0.00191	0.00774	0.00536	0.00500	0.00931
33	0.08359	0.07049	0.30821	0.01580	0.04800	0.05418	0.01602	0.06163	0.10053	0.11412	0.01484	0.01560	0.01078	0.00683	0.00628	0.00197	0.02649	0.00517	0.00427	0.03520

[dist]
# distance from previous block
# <min> <max>
0	3

[block]
# block no. 1 follows, 34 sequences, length 69
# corresponding to MSA columns:
# 64-132
name=unknown_B
#
# <colnr> <probs for GDERKNQSTAVLIFYWHMCP>
#	G	D	E	R	K	N	Q	S	T	A	V	L	I	F	Y	W	H	M	C	P
0	0.02026	0.10919	0.03944	0.03690	0.01969	0.48506	0.03485	0.02242	0.01678	0.01681	0.06255	0.01642	0.03783	0.00753	0.00673	0.00178	0.04952	0.00520	0.00357	0.00747
1	0.00880	0.00657	0.00830	0.00835	0.00982	0.00589	0.00603	0.01100	0.01547	0.02130	0.36110	0.30175	0.12832	0.01550	0.00766	0.00219	0.00343	0.01375	0.00638	0.05839
2	0.09050	0.03834	0.19952	0.01219	0.01730	0.01156	0.03794	0.04842	0.01459	0.06334	0.02823	0.05538	0.21309	0.00967	0.00683	0.00197	0.03252	0.00778	0.00453	0.10629
3	0.00794	0.00565	0.00748	0.00892	0.00928	0.00529	0.00591	0.00901	0.01225	0.01633	0.03498	0.73863	0.04194	0.05141	0.00927	0.00277	0.00385	0.01800	0.00591	0.00519
4	0.01237	0.01214	0.01393	0.01415	0.06594	0.12209	0.05058	0.01436	0.01375	0.01732	0.06586	0.23199	0.10438	0.04534	0.08000	0.00322	0.08659	0.03491	0.00463	0.00644
5	0.01464	0.02182	0.23396	0.02529	0.06151	0.01592	0.48834	0.02060	0.01478	0.02065	0.01262	0.01631	0.00937	0.00565	0.00716	0.00213	0.01038	0.00675	0.00311	0.00901
6	0.01187	0.00797	0.00961	0.00877	0.01109	0.00756	0.00672	0.01641	0.10377	0.10350	0.41635	0.04547	0.20014	0.01279	0.00737	0.00208	0.00363	0.01100	0.00690	0.00701
7	0.00936	0.00642	0.00786	0.00786	0.00813	0.00670	0.00492	0.00992	0.00964	0.01313	0.01962	0.03819	0.02171	0.59745	0.20593	0.00726	0.00894	0.00880	0.00381	0.00436
8	0.02589	0.01115	0.01459	0.01150	0.01607	0.01013	0.00947	0.09635	0.01936	0.57201	0.06339	0.02649	0.04430	0.00900	0.00671	0.00205	0.00547	0.03815	0.00763	0.01031
9	0.01598	0.48363	0.28551	0.01389	0.02078	0.04833	0.01569	0.01998	0.01350	0.01710	0.00995	0.01158	0.00825	0.00579	0.00492	0.00163	0.00803	0.00395	0.00277	0.00871
10	0.02348	0.01088	0.01395	0.01120	0.01542	0.01017	0.00909	0.07881	0.07501	0.48123	0.09696	0.02683	0.06267	0.01090	0.04053	0.00241	0.00575	0.00747	0.00735	0.00988
11	0.00923	0.00692	0.01038	0.01038	0.01154	0.00808	0.00808	0.01154	0.01038	0.01500	0.01731	0.02538	0.01615	0.04846	0.74732	0.01038	0.01731	0.00692	0.00346	0.00577
12	0.00805	0.00575	0.00770	0.00920	0.00965	0.00540	0.00631	0.00931	0.01255	0.01669	0.03551	0.71977	0.04234	0.02007	0.00829	0.00265	0.00390	0.06554	0.00599	0.00530
13	0.01387	0.19100	0.58988	0.01686	0.02555	0.01724	0.02116	0.02023	0.01353	0.01935	0.01104	0.01295	0.00821	0.00601	0.00572	0.00191	0.00899	0.00449	0.00274	0.00928
14	0.02118	0.21326	0.04723	0.01720	0.08216	0.43339	0.01312	0.02335	0.01629	0.03850	0.01041	0.01218	0.00872	0.00647	0.00597	0.00168	0.03324	0.00427	0.00329	0.00810
15	0.75537	0.01352	0.01023	0.00909	0.01309	0.04815	0.00743	0.04274	0.01199	0.02879	0.00926	0.01072	0.00719	0.00609	0.00417	0.00198	0.00537	0.00361	0.00405	0.00716
16	0.01561	0.06769	0.07334	0.02617	0.07740	0.04155	0.55943	0.02071	0.01510	0.02019	0.01257	0.01648	0.00960	0.00555	0.00718	0.00209	0.01038	0.00697	0.00320	0.00879
17	0.00835	0.00608	0.00786	0.00846	0.00943	0.00559	0.00595	0.01026	0.01486	0.02023	0.30722	0.43253	0.10480	0.01720	0.00796	0.00236	0.00344	0.01540	0.00643	0.00559
18	0.01455	0.29217	0.46874	0.01616	0.02420	0.01874	0.04342	0.02008	0.01352	0.01864	0.01074	0.01263	0.00828	0.00590	0.00550	0.00182	0.00868	0.00441	0.00276	0.00908
19	0.01609	0.01581	0.02611	0.06811	0.65288	0.04099	0.04540	0.01993	0.01478	0.02072	0.01208	0.01594	0.01008	0.00581	0.00643	0.00193	0.00798	0.00577	0.00319	0.00995
20	0.02899	0.01100	0.01499	0.01150	0.01649	0.00950	0.00950	0.03149	0.01849	0.73709	0.02549	0.02199	0.01599	0.00800	0.00650	0.00200	0.00550	0.00650	0.00800	0.01100
21	0.00923	0.00692	0.01038	0.01038	0.01154	0.00808	0.00808	0.01154	0.01038	0.01500	0.01731	0.02538	0.01615	0.04846	0.74732	0.01038	0.01731	0.00692	0.00346	0.00577
22	0.01447	0.01212	0.01397	0.01008	0.01577	0.00971	0.00810	0.08284	0.01503	0.02294	0.01187	0.01360	0.00971	0.00507	0.00495	0.00105	0.00501	0.00402	0.00408	0.73563
23	0.00803	0.00588	0.00719	0.00823	0.00908	0.00536	0.00562	0.00933	0.01292	0.01695	0.04190	0.54818	0.20834	0.03678	0.00853	0.00256	0.00366	0.01648	0.03968	0.00530
24	0.00786	0.00568	0.00744	0.00885	0.00933	0.00526	0.00593	0.00901	0.01252	0.01655	0.03745	0.72526	0.08500	0.02000	0.00821	0.00260	0.00372	0.01808	0.00600	0.00526
25	0.01474	0.01489	0.14811	0.01263	0.01689	0.01174	0.03406	0.11603	0.11232	0.08530	0.25626	0.02999	0.05362	0.01201	0.04997	0.00254	0.00639	0.00822	0.00583	0.00843
26	0.01508	0.04153	0.02477	0.29300	0.27130	0.01609	0.11113	0.06866	0.01494	0.02029	0.01196	0.01629	0.00948	0.00643	0.00736	0.00207	0.05169	0.00592	0.00329	0.00873
27	0.02463	0.01310	0.01524	0.01198	0.01644	0.03324	0.00978	0.24814	0.02179	0.38039	0.05641	0.02114	0.01646	0.00809	0.00631	0.00192	0.00581	0.00642	0.09258	0.01012
28	0.01204	0.00602	0.00602	0.00602	0.00753	0.00602	0.00452	0.01506	0.01355	0.02409	0.02108	0.02409	0.01656	0.00753	0.00452	0.00151	0.00301	0.00602	0.80879	0.00602
29	0.01453	0.03079	0.62562	0.01842	0.02730	0.03474	0.06469	0.02140	0.01421	0.07075	0.01262	0.01441	0.00884	0.00624	0.00625	0.00204	0.00940	0.00505	0.00315	0.00954
30	0.00891	0.00604	0.00806	0.00933	0.01004	0.00564	0.00657	0.01030	0.01293	0.04333	0.03594	0.64715	0.06062	0.01943	0.00824	0.00263	0.00403	0.08921	0.00607	0.00554
31	0.01727	0.77681	0.03386	0.01106	0.01658	0.02557	0.01106	0.01935	0.01313	0.01520	0.00898	0.01036	0.00829	0.00553	0.00415	0.00138	0.00691	0.00345	0.00276	0.00829
32	0.01568	0.03390	0.01424	0.01036	0.01535	0.01043	0.00833	0.11705	0.01639	0.07972	0.04253	0.06542	0.03408	0.00711	0.00555	0.00137	0.00507	0.00581	0.00483	0.50678
33	0.03831	0.17301	0.23312	0.01813	0.08609	0.03241	0.10479	0.02181	0.13105	0.02040	0.01489	0.05011	0.01228	0.00814	0.02644	0.00219	0.00815	0.00601	0.00370	0.00895
34	0.81856	0.01250	0.00950	0.00850	0.01250	0.01449	0.00700	0.01899	0.01100	0.02899	0.00900	0.01050	0.00700	0.00600	0.00400	0.00200	0.00500	0.00350	0.00400	0.00700
35	0.01652	0.01804	0.14108	0.06274	0.19556	0.03972	0.10894	0.07953	0.12919	0.06913	0.01694	0.06417	0.01366	0.00754	0.00666	0.00207	0.00776	0.00687	0.00441	0.00946
36	0.01287	0.01169	0.01736	0.03570	0.17470	0.04085	0.11118	0.03724	0.01603	0.04292	0.14509	0.05438	0.23548	0.01090	0.00723	0.00209	0.00605	0.02563	0.00506	0.00756
37	0.75468	0.01261	0.00990	0.00887	0.01284	0.01462	0.00725	0.02021	0.06751	0.02883	0.01037	0.01158	0.00801	0.00622	0.00420	0.00201	0.00501	0.00380	0.00420	0.00725
38	0.81856	0.01250	0.00950	0.00850	0.01250	0.01449	0.00700	0.01899	0.01100	0.02899	0.00900	0.01050	0.00700	0.00600	0.00400	0.00200	0.00500	0.00350	0.00400	0.00700
39	0.01920	0.01363	0.01404	0.01134	0.01525	0.04693	0.00911	0.32477	0.05113	0.06262	0.01750	0.01849	0.01308	0.00737	0.00564	0.00170	0.00561	0.00569	0.26170	0.09520
40	0.07472	0.33930	0.20247	0.01403	0.02021	0.08530	0.03557	0.07811	0.01539	0.06420	0.01140	0.01266	0.00892	0.00615	0.00522	0.00172	0.00790	0.00436	0.00354	0.00884
41	0.01596	0.01544	0.02673	0.03914	0.70325	0.01539	0.04880	0.01987	0.01474	0.02109	0.01219	0.01605	0.01022	0.00574	0.00645	0.00193	0.00781	0.00584	0.00320	0.01017
42	0.00940	0.00626	0.00705	0.00705	0.00705	0.00626	0.00392	0.00940	0.00940	0.01253	0.02036	0.04228	0.02349	0.77292	0.03289	0.00626	0.00626	0.00940	0.00392	0.00392
43	0.00940	0.00626	0.00705	0.00705	0.00705	0.00626	0.00392	0.00940	0.00940	0.01253	0.02036	0.04228	0.02349	0.77292	0.03289	0.00626	0.00626	0.00940	0.00392	0.00392
44	0.01595	0.01363	0.01442	0.01299	0.01659	0.01566	0.01015	0.05507	0.65843	0.02699	0.02726	0.02630	0.03949	0.00921	0.00667	0.00221	0.00515	0.02732	0.00654	0.01000
45	0.00820	0.00584	0.00779	0.00924	0.00972	0.00552	0.00640	0.00948	0.01253	0.01666	0.03492	0.66814	0.04145	0.04684	0.00920	0.00279	0.00407	0.09001	0.00592	0.00528
46	0.81856	0.01250	0.00950	0.00850	0.01250	0.01449	0.00700	0.01899	0.01100	0.02899	0.00900	0.01050	0.00700	0.00600	0.00400	0.00200	0.00500	0.00350	0.00400	0.00700
47	0.01525	0.01743	0.03813	0.02723	0.03377	0.01634	0.70915	0.02070	0.01525	0.02070	0.01307	0.01743	0.00980	0.00545	0.00763	0.00218	0.01089	0.00763	0.00327	0.00871
48	0.01020	0.00702	0.00793	0.00745	0.00975	0.00603	0.00567	0.01228	0.01600	0.09341	0.22608	0.05460	0.49068	0.01472	0.00752	0.00213	0.00345	0.01242	0.00648	0.00618
49	0.01315	0.00936	0.01071	0.00986	0.01261	0.00944	0.00771	0.02038	0.23179	0.10316	0.19778	0.04364	0.23111	0.01249	0.00727	0.00219	0.00423	0.05875	0.00665	0.00772
50	0.81856	0.01250	0.00950	0.00850	0.01250	0.01449	0.00700	0.01899	0.01100	0.02899	0.00900	0.01050	0.00700	0.00600	0.00400	0.00200	0.00500	0.00350	0.00400	0.00700
51	0.75245	0.01296	0.01032	0.00903	0.01312	0.01496	0.00744	0.07662	0.01261	0.02997	0.00954	0.01091	0.00733	0.00614	0.00420	0.00199	0.00517	0.00369	0.00420	0.00733
52	0.03932	0.01728	0.12360	0.05428	0.06829	0.01442	0.29408	0.05578	0.04180	0.02206	0.04436	0.01895	0.03667	0.00664	0.00709	0.00198	0.02907	0.00663	0.00380	0.11391
53	0.01635	0.60238	0.06389	0.01257	0.01781	0.02293	0.05668	0.01918	0.02903	0.01608	0.01075	0.01406	0.00988	0.03435	0.00631	0.00175	0.03462	0.02022	0.00300	0.00816
54	0.81856	0.01250	0.00950	0.00850	0.01250	0.01449	0.00700	0.01899	0.01100	0.02899	0.00900	0.01050	0.00700	0.00600	0.00400	0.00200	0.00500	0.00350	0.00400	0.00700
55	0.00803	0.00623	0.00730	0.00773	0.00914	0.00551	0.00553	0.00977	0.01462	0.01883	0.18971	0.30753	0.35278	0.01709	0.00785	0.00231	0.00339	0.01490	0.00623	0.00551
56	0.09557	0.02031	0.07630	0.01987	0.13021	0.16103	0.08428	0.21983	0.03882	0.04707	0.01309	0.01478	0.00993	0.00687	0.00670	0.00196	0.03424	0.00542	0.00443	0.00931
57	0.00887	0.00710	0.00805	0.00830	0.01003	0.00666	0.00611	0.01233	0.08843	0.01931	0.13491	0.25211	0.35789	0.01630	0.00774	0.00231	0.00366	0.03771	0.00620	0.00599
58	0.00795	0.00616	0.00729	0.00814	0.00938	0.00550	0.00584	0.00944	0.01358	0.01712	0.04851	0.41035	0.34178	0.01838	0.00803	0.00246	0.00370	0.06500	0.00600	0.00539
59	0.01394	0.01002	0.01362	0.03783	0.01584	0.01033	0.05988	0.06750	0.12832	0.09017	0.04431	0.13410	0.05109	0.08305	0.03631	0.00306	0.00629	0.18114	0.00575	0.00743
60	0.01465	0.01543	0.03056	0.10773	0.23332	0.01510	0.38810	0.01930	0.01493	0.02043	0.03887	0.01967	0.03772	0.00630	0.00715	0.00210	0.00918	0.00724	0.00344	0.00878
61	0.81856	0.01250	0.00950	0.00850	0.01250	0.01449	0.00700	0.01899	0.01100	0.02899	0.00900	0.01050	0.00700	0.00600	0.00400	0.00200	0.00500	0.00350	0.00400	0.00700
62	0.00771	0.00648	0.00669	0.00678	0.00881	0.00546	0.00503	0.00936	0.01469	0.01770	0.08777	0.11154	0.65688	0.01652	0.00768	0.00221	0.00330	0.01390	0.00604	0.00546
63	0.01338	0.10445	0.52374	0.01760	0.04160	0.01536	0.04459	0.02005	0.03776	0.02005	0.01432	0.02021	0.01180	0.00739	0.00631	0.00209	0.00875	0.07827	0.00324	0.00905
64	0.02376	0.02921	0.01810	0.01626	0.01970	0.67229	0.01228	0.07842	0.01916	0.01778	0.01179	0.01321	0.02648	0.00698	0.00592	0.00170	0.01109	0.00453	0.00364	0.00771
65	0.00856	0.00776	0.04103	0.00814	0.01024	0.00620	0.00659	0.01095	0.01563	0.02036	0.27360	0.11986	0.37679	0.01531	0.00769	0.00221	0.00369	0.05332	0.00621	0.00586
66	0.02149	0.01589	0.01738	0.01374	0.01813	0.01755	0.01119	0.56017	0.05327	0.03629	0.06640	0.01971	0.01561	0.03362	0.06659	0.00276	0.00754	0.00648	0.00620	0.00999
67	0.07346	0.01858	0.01901	0.10942	0.09552	0.22594	0.06114	0.08901	0.08489	0.11299	0.01633	0.01756	0.03339	0.00719	0.00624	0.00194	0.00827	0.00577	0.00458	0.00876
68	0.01270	0.01651	0.15681	0.01630	0.08826	0.06307	0.10538	0.04265	0.04687	0.01997	0.03371	0.07114	0.27835	0.01073	0.00703	0.00211	0.00678	0.00933	0.00458	0.00771

[dist]
# distance from previous block
# <min> <max>
3	5

[block]
# block no. 2 follows, 34 sequences, length 91
# corresponding to MSA columns:
# 138-228
name=unknown_C
#
# <colnr> <probs for GDERKNQSTAVLIFYWHMCP>
#	G	D	E	R	K	N	Q	S	T	A	V	L	I	F	Y	W	H	M	C	P
0	0.01881	0.08731	0.02212	0.01783	0.08165	0.13155	0.11618	0.13048	0.19769	0.04609	0.01614	0.01699	0.01235	0.00690	0.00622	0.00187	0.00768	0.00585	0.00475	0.07155
1	0.08560	0.01851	0.04924	0.02457	0.07239	0.09418	0.49518	0.02135	0.01524	0.04170	0.01266	0.01617	0.00957	0.00573	0.00698	0.00208	0.01008	0.00668	0.00346	0.00862
2	0.01514	0.16298	0.52060	0.01632	0.02450	0.01664	0.01981	0.05624	0.01478	0.06085	0.02756	0.01437	0.00992	0.00637	0.00585	0.00192	0.00859	0.00484	0.00332	0.00941
3	0.05657	0.08250	0.06276	0.02366	0.02955	0.01727	0.52706	0.02005	0.01433	0.02021	0.01206	0.01604	0.00935	0.00601	0.00823	0.00215	0.07372	0.00678	0.00320	0.00848
4	0.01567	0.00941	0.01142	0.01010	0.01306	0.00922	0.00791	0.02188	0.18036	0.20757	0.26356	0.05600	0.12226	0.01155	0.00715	0.00212	0.00429	0.03123	0.00701	0.00821
5	0.04551	0.28031	0.27620	0.01597	0.05784	0.11859	0.01602	0.04197	0.03713	0.03896	0.01140	0.01289	0.00897	0.00616	0.00540	0.00176	0.00836	0.00441	0.00327	0.00889
6	0.01517	0.01419	0.02391	0.03559	0.62723	0.01419	0.01845	0.01889	0.01474	0.02085	0.01539	0.02433	0.01418	0.00753	0.00677	0.00207	0.00742	0.10589	0.00360	0.00961
7	0.00877	0.00707	0.00769	0.00748	0.00962	0.00627	0.00574	0.03813	0.01607	0.02018	0.19479	0.05811	0.52974	0.01547	0.00766	0.00219	0.00353	0.04944	0.00624	0.00583
8	0.00879	0.00659	0.00814	0.00776	0.00943	0.00595	0.00582	0.01150	0.01745	0.02391	0.57249	0.05155	0.21893	0.01395	0.00762	0.00207	0.00310	0.01215	0.00685	0.00595
9	0.29047	0.06704	0.04564	0.03473	0.03769	0.05665	0.01109	0.28464	0.01969	0.07666	0.01287	0.01368	0.00944	0.00682	0.00543	0.00192	0.00668	0.00479	0.00498	0.00909
10	0.77794	0.01242	0.00978	0.00865	0.01270	0.01424	0.00713	0.01964	0.01138	0.06542	0.00985	0.01109	0.00746	0.00610	0.00413	0.00200	0.00502	0.00365	0.00420	0.00720
11	0.00794	0.00569	0.00744	0.00880	0.00923	0.00531	0.00585	0.00903	0.01231	0.01633	0.03596	0.70441	0.06793	0.05882	0.00949	0.00279	0.00386	0.01773	0.00589	0.00519
12	0.00787	0.00562	0.00750	0.00900	0.00937	0.00525	0.00600	0.00900	0.01237	0.01649	0.03561	0.76871	0.04274	0.02024	0.00825	0.00262	0.00375	0.01837	0.00600	0.00525
13	0.02390	0.01654	0.01811	0.01417	0.01909	0.01806	0.01161	0.52186	0.13027	0.13071	0.01842	0.01763	0.01293	0.00794	0.00648	0.00198	0.00660	0.00613	0.00668	0.01088
14	0.01164	0.00767	0.01072	0.01187	0.01359	0.00757	0.01035	0.01459	0.01511	0.06688	0.03363	0.06951	0.03578	0.01720	0.00876	0.00291	0.00592	0.64391	0.00609	0.00628
15	0.00779	0.00655	0.00675	0.00670	0.00882	0.00552	0.00503	0.00956	0.01508	0.01830	0.13183	0.06079	0.66309	0.01605	0.00763	0.00217	0.00325	0.01344	0.00611	0.00552
16	0.01296	0.03342	0.73944	0.01842	0.02797	0.01501	0.02387	0.02046	0.01364	0.02046	0.01160	0.01364	0.00818	0.00614	0.00614	0.00205	0.00955	0.00477	0.00273	0.00955
17	0.00764	0.00655	0.00655	0.00655	0.00873	0.00545	0.00491	0.00927	0.01473	0.01745	0.06546	0.06218	0.73000	0.01636	0.00764	0.00218	0.00327	0.01364	0.00600	0.00545
18	0.01122	0.00561	0.00842	0.00842	0.00842	0.00561	0.00561	0.00842	0.00842	0.01122	0.01122	0.01964	0.01122	0.02245	0.02525	0.81201	0.00561	0.00561	0.00281	0.00281
19	0.01032	0.00737	0.01030	0.01179	0.01323	0.00735	0.01024	0.01322	0.01478	0.01923	0.03426	0.09940	0.03740	0.01794	0.00890	0.00296	0.00587	0.66357	0.00595	0.00592
20	0.01607	0.01388	0.01461	0.01315	0.01680	0.01607	0.01023	0.03433	0.72094	0.02703	0.02630	0.02411	0.01972	0.00877	0.00657	0.00219	0.00511	0.00731	0.00657	0.01023
21	0.01727	0.77681	0.03386	0.01106	0.01658	0.02557	0.01106	0.01935	0.01313	0.01520	0.00898	0.01036	0.00829	0.00553	0.00415	0.00138	0.00691	0.00345	0.00276	0.00829
22	0.00787	0.00562	0.00750	0.00900	0.00937	0.00525	0.00600	0.00900	0.01237	0.01649	0.03561	0.76871	0.04274	0.02024	0.00825	0.00262	0.00375	0.01837	0.00600	0.00525
23	0.01204	0.00602	0.00602	0.00602	0.00753	0.00602	0.00452	0.01506	0.01355	0.02409	0.02108	0.02409	0.01656	0.00753	0.00452	0.00151	0.00301	0.00602	0.80879	0.00602
24	0.01041	0.00744	0.01041	0.01190	0.01339	0.00744	0.01041	0.01339	0.01487	0.01934	0.03421	0.07288	0.03719	0.01785	0.00892	0.00297	0.00595	0.68913	0.00595	0.00595
25	0.01313	0.06313	0.71125	0.01812	0.02751	0.01543	0.02336	0.02042	0.01362	0.02025	0.01149	0.01351	0.00819	0.00611	0.00606	0.00202	0.00944	0.00472	0.00273	0.00950
26	0.01486	0.01421	0.09974	0.01217	0.03631	0.00998	0.02943	0.01876	0.03508	0.08776	0.01390	0.03334	0.01115	0.00579	0.00536	0.00132	0.00564	0.00481	0.00419	0.55621
27	0.07176	0.16833	0.14014	0.01520	0.01999	0.37664	0.01371	0.04267	0.04108	0.01841	0.01069	0.01229	0.00869	0.00655	0.00592	0.00176	0.03039	0.00429	0.00336	0.00813
28	0.02899	0.01100	0.01499	0.01150	0.01649	0.00950	0.00950	0.03149	0.01849	0.73709	0.02549	0.02199	0.01599	0.00800	0.00650	0.00200	0.00550	0.00650	0.00800	0.01100
29	0.01296	0.03342	0.73944	0.01842	0.02797	0.01501	0.02387	0.02046	0.01364	0.02046	0.01160	0.01364	0.00818	0.00614	0.00614	0.00205	0.00955	0.00477	0.00273	0.00955
30	0.02078	0.02076	0.19799	0.01562	0.03601	0.05380	0.01468	0.29910	0.09811	0.13116	0.01729	0.01829	0.01252	0.00768	0.00643	0.00202	0.00749	0.02455	0.00552	0.01021
31	0.01483	0.02038	0.16737	0.02561	0.03270	0.01609	0.58286	0.02065	0.01495	0.02065	0.01280	0.01673	0.00951	0.00557	0.00735	0.00215	0.01065	0.00710	0.00317	0.00887
32	0.01249	0.00645	0.00650	0.00634	0.00797	0.00652	0.00479	0.03970	0.01415	0.02468	0.02088	0.02379	0.01636	0.00754	0.00459	0.00152	0.00316	0.00602	0.78038	0.00620
33	0.01304	0.03285	0.71445	0.01873	0.02817	0.01505	0.04830	0.02047	0.01370	0.02047	0.01165	0.01378	0.00824	0.00611	0.00619	0.00205	0.00960	0.00488	0.00275	0.00952
34	0.01371	0.05246	0.61321	0.01920	0.02808	0.03868	0.10465	0.02063	0.01397	0.02019	0.01165	0.01394	0.00838	0.00606	0.00625	0.00203	0.00970	0.00506	0.00281	0.00935
35	0.00874	0.00589	0.00776	0.00897	0.00964	0.00544	0.00609	0.00995	0.01275	0.04657	0.03673	0.70125	0.07698	0.01953	0.00814	0.00258	0.00380	0.01763	0.00608	0.00550
36	0.00780	0.00650	0.00681	0.00684	0.00886	0.00551	0.00509	0.00955	0.01495	0.01825	0.13018	0.09999	0.62496	0.01626	0.00767	0.00219	0.00328	0.01370	0.00611	0.00551
37	0.15661	0.01751	0.02110	0.01807	0.07775	0.10637	0.15034	0.20725	0.09362	0.06723	0.01466	0.01587	0.01088	0.00682	0.00620	0.00199	0.00781	0.00577	0.00486	0.00929
38	0.01592	0.01567	0.02603	0.09528	0.61820	0.03974	0.05490	0.01981	0.01472	0.02055	0.01208	0.01602	0.01002	0.00583	0.00645	0.00194	0.00805	0.00580	0.00318	0.00982
39	0.02840	0.01087	0.01481	0.01140	0.01629	0.00940	0.00940	0.03092	0.01849	0.71599	0.04637	0.02277	0.01733	0.00815	0.00653	0.00200	0.00543	0.00665	0.00797	0.01085
40	0.00983	0.00712	0.00968	0.01104	0.01244	0.00697	0.00934	0.01244	0.01453	0.01879	0.03719	0.16334	0.09996	0.01803	0.00872	0.00286	0.00542	0.54051	0.00596	0.00581
41	0.03985	0.03124	0.66629	0.01859	0.05376	0.01474	0.02263	0.02014	0.01373	0.02093	0.03276	0.01465	0.00978	0.00633	0.00612	0.00204	0.00913	0.00497	0.00292	0.00939
42	0.00795	0.00646	0.00705	0.00711	0.00897	0.00556	0.00525	0.00981	0.01516	0.01898	0.19024	0.13520	0.52735	0.01617	0.00770	0.00220	0.00328	0.01377	0.00621	0.00556
43	0.02299	0.01714	0.01832	0.01436	0.01921	0.01906	0.01176	0.59446	0.12767	0.03829	0.01721	0.01699	0.01239	0.00789	0.00642	0.00196	0.00670	0.00603	0.03043	0.01073
44	0.03935	0.21005	0.44737	0.01605	0.02366	0.09637	0.01869	0.04377	0.01450	0.01963	0.01085	0.01261	0.00828	0.00610	0.00558	0.00184	0.00893	0.00439	0.00296	0.00900
45	0.36516	0.04219	0.14804	0.05951	0.02005	0.15271	0.04022	0.03886	0.01400	0.05072	0.01077	0.01255	0.00816	0.00626	0.00520	0.00194	0.00767	0.00433	0.00372	0.00793
46	0.04461	0.01689	0.02458	0.04756	0.40117	0.09409	0.11554	0.06372	0.05934	0.02238	0.03839	0.01718	0.01224	0.00641	0.00649	0.00196	0.00814	0.00608	0.00379	0.00944
47	0.02474	0.01781	0.01922	0.01473	0.01990	0.01962	0.01217	0.68391	0.02990	0.06855	0.01591	0.01577	0.01119	0.00777	0.00647	0.00194	0.00705	0.00584	0.00652	0.01099
48	0.05774	0.01197	0.01386	0.01017	0.01568	0.00990	0.00822	0.07112	0.01524	0.11807	0.01352	0.01455	0.01040	0.00550	0.00510	0.00122	0.00507	0.00432	0.00459	0.60375
49	0.01311	0.05904	0.71513	0.01816	0.02757	0.01537	0.02343	0.02042	0.01362	0.02028	0.01151	0.01353	0.00819	0.00612	0.00607	0.00202	0.00946	0.00473	0.00273	0.00951
50	0.04193	0.01009	0.01238	0.01052	0.01386	0.00993	0.00832	0.03909	0.16469	0.27718	0.29790	0.03214	0.03384	0.01011	0.00687	0.00205	0.00449	0.00857	0.00721	0.00882
51	0.01092	0.00561	0.00833	0.00847	0.00850	0.00558	0.00565	0.00847	0.00877	0.01170	0.01341	0.08684	0.01405	0.02225	0.02373	0.73940	0.00544	0.00676	0.00309	0.00302
52	0.02320	0.01556	0.01732	0.01367	0.01823	0.01671	0.01112	0.52688	0.02647	0.14003	0.01939	0.10705	0.01554	0.00929	0.00668	0.00203	0.00647	0.00743	0.00663	0.01030
53	0.01392	0.01073	0.01260	0.01224	0.01494	0.01170	0.01000	0.04596	0.33424	0.04711	0.08697	0.04536	0.02974	0.01273	0.00760	0.00248	0.00536	0.28172	0.00641	0.00822
54	0.00796	0.00569	0.00760	0.00910	0.00951	0.00533	0.00616	0.00915	0.01246	0.01660	0.03556	0.74390	0.04254	0.02016	0.00827	0.00264	0.00383	0.04228	0.00600	0.00527
55	0.81856	0.01250	0.00950	0.00850	0.01250	0.01449	0.00700	0.01899	0.01100	0.02899	0.00900	0.01050	0.00700	0.00600	0.00400	0.00200	0.00500	0.00350	0.00400	0.00700
56	0.02456	0.01810	0.01939	0.01487	0.02004	0.02004	0.01228	0.71107	0.03038	0.04072	0.01551	0.01551	0.01099	0.00776	0.00646	0.00194	0.00711	0.00582	0.00646	0.01099
57	0.00790	0.00661	0.00691	0.00698	0.00908	0.00562	0.00533	0.00970	0.01493	0.01805	0.10026	0.06210	0.64813	0.01628	0.00772	0.00222	0.00343	0.05716	0.00606	0.00552
58	0.01273	0.01202	0.02033	0.65740	0.14037	0.01449	0.01821	0.01697	0.01317	0.01715	0.01158	0.01705	0.00884	0.00636	0.00645	0.00212	0.00848	0.00574	0.00292	0.00760
59	0.00764	0.00655	0.00655	0.00655	0.00873	0.00545	0.00491	0.00927	0.01473	0.01745	0.06546	0.06218	0.73000	0.01636	0.00764	0.00218	0.00327	0.01364	0.00600	0.00545
60	0.02456	0.01810	0.01939	0.01487	0.02004	0.02004	0.01228	0.71107	0.03038	0.04072	0.01551	0.01551	0.01099	0.00776	0.00646	0.00194	0.00711	0.00582	0.00646	0.01099
61	0.01525	0.01743	0.03813	0.02723	0.03377	0.01634	0.70915	0.02070	0.01525	0.02070	0.01307	0.01743	0.00980	0.00545	0.00763	0.00218	0.01089	0.00763	0.00327	0.00871
62	0.01530	0.01723	0.03681	0.02644	0.03282	0.01632	0.66998	0.02146	0.05480	0.02105	0.01381	0.01780	0.01036	0.00563	0.00757	0.00218	0.01057	0.00761	0.00345	0.00880
63	0.01389	0.01333	0.02082	0.54856	0.19238	0.04526	0.01796	0.03811	0.01405	0.01819	0.01169	0.01668	0.00902	0.00635	0.00642	0.00208	0.00849	0.00568	0.00307	0.00797
64	0.00928	0.00646	0.00796	0.00796	0.00838	0.00674	0.00512	0.00999	0.00990	0.01343	0.02138	0.03838	0.05087	0.53833	0.23209	0.00725	0.00923	0.00888	0.00387	0.00450
65	0.19275	0.01537	0.06690	0.03776	0.08059	0.03903	0.03939	0.13695	0.03670	0.17417	0.01571	0.03759	0.01173	0.00709	0.00583	0.00191	0.00653	0.00562	0.00511	0.08329
66	0.01379	0.17649	0.60365	0.01700	0.02577	0.01704	0.02141	0.02025	0.01354	0.01945	0.01109	0.01301	0.00821	0.00602	0.00576	0.00192	0.00904	0.00452	0.00274	0.00931
67	0.02899	0.01100	0.01499	0.01150	0.01649	0.00950	0.00950	0.03149	0.01849	0.73709	0.02549	0.02199	0.01599	0.00800	0.00650	0.00200	0.00550	0.00650	0.00800	0.01100
68	0.01864	0.01052	0.01258	0.01063	0.01395	0.01064	0.00858	0.17229	0.04233	0.21790	0.07601	0.02818	0.05915	0.01357	0.08577	0.00286	0.00635	0.04223	0.15929	0.00853
69	0.04012	0.05701	0.55668	0.01732	0.02536	0.07813	0.02071	0.04131	0.04378	0.02086	0.01191	0.01376	0.00873	0.00647	0.00646	0.00202	0.03223	0.00480	0.00309	0.00924
70	0.02899	0.01100	0.01499	0.01150	0.01649	0.00950	0.00950	0.03149	0.01849	0.73709	0.02549	0.02199	0.01599	0.00800	0.00650	0.00200	0.00550	0.00650	0.00800	0.01100
71	0.00933	0.00624	0.00707	0.00713	0.00714	0.00622	0.00400	0.00938	0.00952	0.01269	0.02099	0.07255	0.02429	0.74157	0.03186	0.00611	0.00616	0.00977	0.00400	0.00397
72	0.09231	0.01476	0.06622	0.03743	0.01917	0.01441	0.08575	0.13656	0.23927	0.07551	0.02503	0.04482	0.10273	0.00893	0.00656	0.00212	0.00623	0.00754	0.00559	0.00907
73	0.01527	0.01715	0.06938	0.07530	0.21560	0.04139	0.35454	0.03973	0.01517	0.02061	0.01351	0.04270	0.01106	0.00757	0.02970	0.00234	0.00969	0.00703	0.00339	0.00887
74	0.02622	0.01544	0.01775	0.01361	0.01871	0.01610	0.01124	0.45697	0.02594	0.30110	0.01924	0.01794	0.01286	0.00785	0.00648	0.00196	0.00651	0.00607	0.00704	0.01099
75	0.01122	0.00561	0.00842	0.00842	0.00842	0.00561	0.00561	0.00842	0.00842	0.01122	0.01122	0.01964	0.01122	0.02245	0.02525	0.81201	0.00561	0.00561	0.00281	0.00281
76	0.01700	0.02521	0.25192	0.06239	0.15736	0.22651	0.01784	0.02207	0.05730	0.01899	0.01184	0.01438	0.00935	0.00684	0.00744	0.00199	0.07446	0.00506	0.00324	0.00878
77	0.00983	0.00749	0.00945	0.00909	0.00972	0.02723	0.04191	0.01062	0.01057	0.01401	0.02196	0.16286	0.02481	0.49876	0.10913	0.00577	0.00750	0.01041	0.00417	0.00471
78	0.00940	0.00626	0.00705	0.00705	0.00705	0.00626	0.00392	0.00940	0.00940	0.01253	0.02036	0.04228	0.02349	0.77292	0.03289	0.00626	0.00626	0.00940	0.00392	0.00392
79	0.01404	0.09049	0.40982	0.06849	0.06488	0.01624	0.20533	0.02015	0.01404	0.01985	0.01179	0.01472	0.00876	0.00590	0.00640	0.00203	0.00953	0.00553	0.00291	0.00910
80	0.01243	0.03143	0.07470	0.01363	0.04061	0.02966	0.10999	0.01519	0.01438	0.08584	0.03337	0.27040	0.17293	0.01358	0.00750	0.00230	0.00590	0.05389	0.00527	0.00704
81	0.01555	0.01490	0.02542	0.12389	0.65187	0.01524	0.01961	0.01944	0.01450	0.02057	0.01208	0.01614	0.01004	0.00584	0.00640	0.00195	0.00779	0.00576	0.00316	0.00988
82	0.01578	0.01514	0.02585	0.07948	0.69444	0.01530	0.01973	0.01965	0.01461	0.02085	0.01212	0.01606	0.01014	0.00580	0.00640	0.00193	0.00773	0.00576	0.00318	0.01007
83	0.01818	0.08471	0.09524	0.02101	0.05537	0.14137	0.30154	0.07996	0.03975	0.05987	0.01387	0.01717	0.01075	0.00650	0.00668	0.00199	0.00950	0.02375	0.00388	0.00890
84	0.01691	0.15030	0.24533	0.01628	0.05659	0.06183	0.03604	0.07748	0.05261	0.08836	0.01525	0.01931	0.01231	0.00952	0.04315	0.00240	0.03150	0.05178	0.00407	0.00900
85	0.00924	0.00671	0.00741	0.00747	0.00940	0.00581	0.00552	0.01081	0.01428	0.06232	0.05436	0.16235	0.50990	0.06533	0.00934	0.00253	0.00379	0.04175	0.00599	0.00569
86	0.22051	0.07380	0.41323	0.01585	0.05063	0.01577	0.01745	0.06596	0.01420	0.04133	0.01139	0.01305	0.00835	0.00620	0.00550	0.00198	0.00788	0.00451	0.00345	0.00897
87	0.01801	0.02318	0.20817	0.06900	0.13551	0.16741	0.12666	0.07206	0.03198	0.06733	0.01308	0.01532	0.00977	0.00639	0.00642	0.00197	0.00931	0.00555	0.00371	0.00916
88	0.08743	0.15506	0.11247	0.09396	0.02250	0.12145	0.06591	0.08129	0.05852	0.09619	0.01516	0.01637	0.03294	0.00689	0.00584	0.00189	0.00789	0.00536	0.00419	0.00868
89	0.01362	0.01033	0.05729	0.01047	0.01312	0.02995	0.00858	0.05272	0.03537	0.14285	0.03601	0.30542	0.16814	0.01485	0.00754	0.00235	0.00498	0.07318	0.00609	0.00713
90	0.01734	0.04325	0.04177	0.07148	0.17188	0.12561	0.11103	0.08566	0.07024	0.05930	0.03787	0.06218	0.03543	0.00797	0.00704	0.00202	0.02983	0.00697	0.00434	0.00878

[dist]
# distance from previous block
# <min> <max>
1	8

[block]
# block no. 3 follows, 34 sequences, length 68
# corresponding to MSA columns:
# 237-304
name=unknown_D
#
# <colnr> <probs for GDERKNQSTAVLIFYWHMCP>
#	G	D	E	R	K	N	Q	S	T	A	V	L	I	F	Y	W	H	M	C	P
0	0.05469	0.01363	0.08249	0.04062	0.03802	0.01210	0.01065	0.13704	0.11207	0.10468	0.11405	0.06656	0.10053	0.00965	0.00656	0.00199	0.00555	0.00800	0.00573	0.07539
1	0.12675	0.01707	0.01662	0.08255	0.05184	0.14281	0.01148	0.22771	0.06012	0.08390	0.01582	0.01667	0.03359	0.00721	0.00592	0.00186	0.00721	0.00542	0.00499	0.08043
2	0.04346	0.01200	0.01310	0.01136	0.01451	0.01287	0.00887	0.29128	0.10097	0.04805	0.04604	0.19858	0.06405	0.01141	0.00671	0.00210	0.00520	0.00954	0.09148	0.00842
3	0.01429	0.01381	0.01989	0.06714	0.01984	0.05540	0.09607	0.01650	0.01153	0.04010	0.01160	0.01755	0.01056	0.04410	0.12160	0.00383	0.41970	0.00617	0.00321	0.00712
4	0.03980	0.04053	0.24920	0.03843	0.04137	0.03837	0.01493	0.13911	0.03823	0.20411	0.03912	0.04081	0.03149	0.00783	0.00634	0.00201	0.00727	0.00625	0.00517	0.00962
5	0.01381	0.14977	0.58235	0.01822	0.04897	0.01673	0.04393	0.02027	0.01365	0.01966	0.01125	0.01332	0.00832	0.00601	0.00588	0.00194	0.00912	0.00469	0.00277	0.00935
6	0.00948	0.00714	0.01015	0.01004	0.01088	0.00827	0.00752	0.01125	0.01023	0.01460	0.01803	0.05285	0.01805	0.18692	0.54369	0.00891	0.05519	0.00772	0.00360	0.00546
7	0.01266	0.00880	0.00976	0.00898	0.01116	0.05690	0.00681	0.01515	0.01726	0.12532	0.41105	0.09824	0.16661	0.01309	0.00739	0.00207	0.00408	0.01127	0.00670	0.00672
8	0.01542	0.21918	0.37215	0.01798	0.02544	0.08043	0.14320	0.02068	0.01420	0.01877	0.01106	0.01332	0.00852	0.00590	0.00587	0.00187	0.00930	0.00490	0.00289	0.00890
9	0.00830	0.00593	0.00799	0.00948	0.01005	0.00562	0.00674	0.00973	0.01279	0.01697	0.03538	0.65194	0.04180	0.01984	0.00836	0.00268	0.00412	0.13093	0.00599	0.00537
10	0.00806	0.00587	0.00760	0.00863	0.00936	0.00541	0.00591	0.00955	0.01357	0.01815	0.15384	0.58385	0.10891	0.01872	0.00809	0.00248	0.00359	0.01682	0.00618	0.00541
11	0.01525	0.01743	0.03813	0.02723	0.03377	0.01634	0.70915	0.02070	0.01525	0.02070	0.01307	0.01743	0.00980	0.00545	0.00763	0.00218	0.01089	0.00763	0.00327	0.00871
12	0.01375	0.01169	0.01358	0.00973	0.01546	0.00897	0.00780	0.03787	0.01393	0.02167	0.01161	0.01346	0.00961	0.00488	0.00484	0.00099	0.00486	0.00389	0.00391	0.78751
13	0.00954	0.00606	0.00803	0.00906	0.00976	0.00563	0.00613	0.01070	0.01264	0.07007	0.03390	0.66750	0.03953	0.06640	0.00966	0.00281	0.00404	0.01692	0.00602	0.00559
14	0.00869	0.00639	0.00797	0.00895	0.00982	0.00603	0.00616	0.04472	0.01362	0.01786	0.03885	0.62950	0.13929	0.01905	0.00807	0.00253	0.00385	0.01705	0.00602	0.00557
15	0.04508	0.01863	0.01786	0.01430	0.01899	0.14454	0.01155	0.40942	0.06800	0.16117	0.01685	0.01641	0.01186	0.00763	0.00630	0.00192	0.00743	0.00568	0.00614	0.01023
16	0.00787	0.00562	0.00750	0.00900	0.00937	0.00525	0.00600	0.00900	0.01237	0.01649	0.03561	0.76871	0.04274	0.02024	0.00825	0.00262	0.00375	0.01837	0.00600	0.00525
17	0.06757	0.01106	0.01393	0.01113	0.01550	0.01036	0.00912	0.08014	0.04742	0.50849	0.06020	0.02410	0.01833	0.00846	0.00637	0.00200	0.00530	0.02846	0.06207	0.01000
18	0.01599	0.01535	0.02623	0.03966	0.73262	0.01535	0.01983	0.01983	0.01471	0.02111	0.01215	0.01599	0.01023	0.00576	0.00640	0.00192	0.00768	0.00576	0.00320	0.01023
19	0.01041	0.00744	0.01041	0.01190	0.01339	0.00744	0.01041	0.01339	0.01487	0.01934	0.03421	0.07288	0.03719	0.01785	0.00892	0.00297	0.00595	0.68913	0.00595	0.00595
20	0.01260	0.00656	0.00662	0.00642	0.00809	0.00665	0.00486	0.04613	0.01430	0.02483	0.02083	0.02371	0.01631	0.00754	0.00460	0.00152	0.00319	0.00601	0.77297	0.00624
21	0.00795	0.00646	0.00707	0.00731	0.00913	0.00558	0.00544	0.00971	0.01473	0.01822	0.12359	0.16473	0.53258	0.01670	0.00778	0.00227	0.00345	0.04570	0.00610	0.00551
22	0.01296	0.03342	0.73944	0.01842	0.02797	0.01501	0.02387	0.02046	0.01364	0.02046	0.01160	0.01364	0.00818	0.00614	0.00614	0.00205	0.00955	0.00477	0.00273	0.00955
23	0.00934	0.00670	0.00908	0.00990	0.01111	0.00643	0.00784	0.01187	0.01539	0.02083	0.26832	0.24100	0.04659	0.01690	0.00831	0.00257	0.00442	0.29124	0.00635	0.00582
24	0.76360	0.01205	0.00926	0.00833	0.01216	0.01392	0.00683	0.01872	0.01117	0.02866	0.00982	0.01142	0.00765	0.00610	0.00403	0.00197	0.00486	0.00367	0.05885	0.00693
25	0.01039	0.00630	0.00836	0.00920	0.01020	0.00576	0.00638	0.01170	0.01319	0.10277	0.03553	0.65257	0.06558	0.01863	0.00801	0.00253	0.00394	0.01677	0.00624	0.00594
26	0.00923	0.00692	0.01038	0.01038	0.01154	0.00808	0.00808	0.01154	0.01038	0.01500	0.01731	0.02538	0.01615	0.04846	0.74732	0.01038	0.01731	0.00692	0.00346	0.00577
27	0.01503	0.31666	0.44283	0.01554	0.02332	0.04713	0.01855	0.02024	0.01363	0.01828	0.01054	0.01232	0.00823	0.00593	0.00537	0.00178	0.00862	0.00425	0.00276	0.00899
28	0.00987	0.00991	0.05842	0.00920	0.01164	0.04016	0.00763	0.01337	0.06021	0.02051	0.23210	0.11565	0.31760	0.01434	0.00752	0.00220	0.00434	0.05303	0.00599	0.00631
29	0.02710	0.01403	0.01688	0.01294	0.01801	0.01401	0.01069	0.32219	0.02358	0.43921	0.02122	0.01922	0.01385	0.00789	0.00648	0.00197	0.00619	0.00621	0.00734	0.01099
30	0.00854	0.00614	0.00788	0.00903	0.00964	0.00584	0.00616	0.02940	0.01289	0.01707	0.03527	0.63955	0.07099	0.07092	0.00987	0.00285	0.00408	0.04267	0.00587	0.00536
31	0.01566	0.01908	0.13071	0.05531	0.40121	0.05544	0.16538	0.02020	0.01467	0.02033	0.01202	0.01571	0.00964	0.00598	0.00703	0.00201	0.03111	0.00592	0.00313	0.00947
32	0.00868	0.00699	0.00780	0.00760	0.00962	0.00630	0.00576	0.01172	0.05370	0.02087	0.28563	0.05580	0.44538	0.01494	0.00761	0.00216	0.00338	0.03371	0.00640	0.00594
33	0.00986	0.01281	0.18036	0.01034	0.01381	0.00788	0.00997	0.01299	0.01453	0.04226	0.14113	0.22104	0.27001	0.01417	0.00739	0.00223	0.00491	0.01219	0.00545	0.00664
34	0.24699	0.01598	0.01543	0.01272	0.01684	0.15504	0.05693	0.08103	0.03368	0.21477	0.04269	0.01786	0.01327	0.04135	0.00696	0.00214	0.00698	0.00557	0.00527	0.00851
35	0.04735	0.01327	0.03812	0.01205	0.01679	0.06060	0.01006	0.05532	0.05339	0.54800	0.04324	0.03815	0.01685	0.00824	0.00645	0.00200	0.00597	0.00663	0.00720	0.01030
36	0.00853	0.00652	0.00782	0.00763	0.00931	0.00581	0.00567	0.01095	0.01663	0.02229	0.44849	0.10226	0.29502	0.01480	0.00767	0.00213	0.00317	0.01283	0.00665	0.00581
37	0.01503	0.01429	0.02385	0.22065	0.51874	0.01514	0.01883	0.01978	0.05270	0.02026	0.01275	0.01675	0.01034	0.00610	0.00642	0.00199	0.00777	0.00584	0.00330	0.00946
38	0.01632	0.61170	0.19058	0.01269	0.01911	0.02322	0.01390	0.01960	0.01324	0.01637	0.00956	0.01109	0.00827	0.00566	0.00459	0.00153	0.00750	0.00375	0.00276	0.00857
39	0.00774	0.00651	0.00671	0.00675	0.00881	0.00548	0.00503	0.00943	0.01483	0.01791	0.10349	0.09290	0.65963	0.01635	0.00766	0.00219	0.00328	0.01373	0.00607	0.00548
40	0.01672	0.68166	0.12417	0.01200	0.01804	0.02421	0.01270	0.01949	0.01319	0.01588	0.00932	0.01078	0.00828	0.00561	0.00440	0.00147	0.00725	0.00362	0.00276	0.00845
41	0.01296	0.03342	0.73944	0.01842	0.02797	0.01501	0.02387	0.02046	0.01364	0.02046	0.01160	0.01364	0.00818	0.00614	0.00614	0.00205	0.00955	0.00477	0.00273	0.00955
42	0.01727	0.77681	0.03386	0.01106	0.01658	0.02557	0.01106	0.01935	0.01313	0.01520	0.00898	0.01036	0.00829	0.00553	0.00415	0.00138	0.00691	0.00345	0.00276	0.00829
43	0.02414	0.03079	0.01831	0.01665	0.01998	0.74698	0.01248	0.02580	0.01831	0.01581	0.00999	0.01165	0.00832	0.00666	0.00583	0.00166	0.01165	0.00416	0.00333	0.00749
44	0.00848	0.00634	0.00799	0.00910	0.01011	0.00597	0.00661	0.01053	0.03525	0.01745	0.04093	0.49848	0.17539	0.01875	0.00818	0.00258	0.00404	0.12224	0.00601	0.00555
