[name]
unknown

[dist]
# distance from previous block
# <min> <max>
6	60

[block]
# block no. 0 follows, 33 sequences, length 35
# corresponding to MSA columns:
# 64-98
name=unknown_A
#
# <colnr> <probs for GDERKNQSTAVLIFYWHMCP>
#	G	D	E	R	K	N	Q	S	T	A	V	L	I	F	Y	W	H	M	C	P
0	0.66384	0.01379	0.01033	0.00932	0.01319	0.07178	0.00752	0.01967	0.03569	0.02750	0.01425	0.01529	0.06268	0.00707	0.00459	0.00203	0.00550	0.00454	0.00426	0.00716
1	0.01834	0.01404	0.01513	0.01306	0.01705	0.01566	0.01031	0.13755	0.49809	0.09325	0.02770	0.02562	0.06598	0.00922	0.00675	0.00217	0.00544	0.00757	0.00677	0.01028
2	0.01637	0.01414	0.01489	0.01340	0.01712	0.01637	0.01042	0.03498	0.71568	0.02754	0.02679	0.02456	0.02010	0.00893	0.00670	0.00223	0.00521	0.00744	0.00670	0.01042
3	0.01827	0.01365	0.02061	0.12984	0.15633	0.01596	0.03029	0.03597	0.01410	0.18517	0.01412	0.01721	0.01088	0.00871	0.01237	0.00237	0.29493	0.00604	0.00428	0.00889
4	0.01424	0.01506	0.07872	0.10318	0.38985	0.01391	0.05583	0.01926	0.06806	0.02064	0.01740	0.14126	0.01631	0.00864	0.00690	0.00215	0.00739	0.00815	0.00393	0.00912
5	0.00778	0.00667	0.00667	0.00667	0.00889	0.00556	0.00500	0.00945	0.01501	0.01778	0.06669	0.06336	0.72490	0.01667	0.00778	0.00222	0.00333	0.01389	0.00611	0.00556
6	0.01243	0.01170	0.01975	0.75282	0.04534	0.01463	0.01828	0.01682	0.01316	0.01682	0.01170	0.01755	0.00878	0.00658	0.00658	0.00219	0.00878	0.00585	0.00293	0.00731
7	0.01687	0.03007	0.43698	0.02131	0.12884	0.19170	0.02050	0.02238	0.01535	0.03936	0.01189	0.01399	0.00890	0.00638	0.00623	0.00197	0.00986	0.00491	0.00315	0.00936
8	0.01523	0.01728	0.12963	0.02388	0.14274	0.01419	0.29847	0.01973	0.01485	0.07662	0.01824	0.10726	0.03819	0.00835	0.00798	0.00223	0.04394	0.00835	0.00402	0.00883
9	0.00800	0.00579	0.00757	0.00900	0.00950	0.00536	0.00604	0.00919	0.01277	0.01687	0.03834	0.71698	0.08958	0.02036	0.00836	0.00264	0.00379	0.01839	0.00611	0.00536
10	0.04160	0.02639	0.01925	0.14090	0.08037	0.54559	0.01410	0.02406	0.01727	0.01699	0.01058	0.01314	0.00865	0.00666	0.00604	0.00181	0.01087	0.00462	0.00332	0.00779
11	0.00957	0.00638	0.00718	0.00718	0.00718	0.00638	0.00399	0.00957	0.00957	0.01276	0.02074	0.04308	0.02393	0.76864	0.03351	0.00638	0.00638	0.00957	0.00399	0.00399
12	0.01928	0.20134	0.02246	0.03406	0.11252	0.12717	0.01277	0.17961	0.10658	0.02445	0.01563	0.01935	0.01305	0.00770	0.00603	0.00189	0.00754	0.05104	0.02832	0.00921
13	0.01760	0.77260	0.03450	0.01126	0.01690	0.02605	0.01126	0.01971	0.01338	0.01549	0.00915	0.01056	0.00845	0.00563	0.00422	0.00141	0.00704	0.00352	0.00282	0.00845
14	0.14816	0.17571	0.42481	0.01548	0.02301	0.06956	0.01806	0.02077	0.01369	0.02090	0.01073	0.01256	0.00817	0.00615	0.00547	0.00192	0.00858	0.00434	0.00305	0.00889
15	0.01250	0.01303	0.07278	0.13040	0.30591	0.01174	0.01480	0.01603	0.01479	0.02020	0.09967	0.10323	0.13763	0.01010	0.00704	0.00213	0.00645	0.00906	0.00436	0.00815
16	0.01569	0.01486	0.02459	0.10439	0.58770	0.01530	0.01886	0.02069	0.06845	0.02139	0.01413	0.03922	0.01200	0.00661	0.00659	0.00202	0.00759	0.00637	0.00358	0.00998
17	0.01144	0.00572	0.00858	0.00858	0.00858	0.00572	0.00572	0.00858	0.00858	0.01144	0.01144	0.02001	0.01144	0.02287	0.02573	0.80846	0.00572	0.00572	0.00286	0.00286
18	0.01741	0.01799	0.02491	0.08464	0.56395	0.13632	0.01883	0.02099	0.01548	0.02029	0.01197	0.01564	0.00999	0.00607	0.00643	0.00193	0.00856	0.00559	0.00326	0.00975
19	0.01633	0.02073	0.10510	0.13851	0.05044	0.13674	0.39363	0.02124	0.01550	0.01958	0.01236	0.01631	0.00939	0.00600	0.00709	0.00211	0.01064	0.00653	0.00322	0.00856
20	0.00932	0.00627	0.00726	0.00751	0.00757	0.00621	0.00434	0.00951	0.01008	0.01344	0.02333	0.16294	0.02719	0.64433	0.02934	0.00577	0.00596	0.01109	0.00434	0.00421
21	0.02291	0.01640	0.01749	0.01365	0.01830	0.01804	0.01120	0.59091	0.02810	0.03867	0.01675	0.01726	0.01214	0.00786	0.00626	0.00190	0.00655	0.00596	0.13930	0.01035
22	0.17338	0.01791	0.01851	0.01816	0.13621	0.09345	0.01263	0.33879	0.07574	0.03218	0.01423	0.01517	0.01069	0.00719	0.00604	0.00197	0.00726	0.00541	0.00523	0.00986
23	0.01213	0.01102	0.01823	0.62973	0.04007	0.01345	0.01701	0.01629	0.01349	0.01730	0.01555	0.02698	0.01361	0.00851	0.00700	0.00233	0.00832	0.11842	0.00345	0.00711
24	0.01243	0.01170	0.01975	0.75282	0.04534	0.01463	0.01828	0.01682	0.01316	0.01682	0.01170	0.01755	0.00878	0.00658	0.00658	0.00219	0.00878	0.00585	0.00293	0.00731
25	0.00962	0.00733	0.00930	0.01009	0.01115	0.00763	0.00716	0.01386	0.12913	0.01835	0.03180	0.52627	0.03542	0.02316	0.12258	0.00383	0.00620	0.01502	0.00581	0.00627
26	0.01357	0.03151	0.62606	0.02016	0.02941	0.01550	0.13024	0.02089	0.01415	0.02089	0.01205	0.01450	0.00860	0.00614	0.00649	0.00211	0.00994	0.00532	0.00287	0.00960
27	0.00802	0.00573	0.00764	0.00917	0.00955	0.00535	0.00611	0.00917	0.01260	0.01681	0.03628	0.76434	0.04354	0.02062	0.00840	0.00267	0.00382	0.01872	0.00611	0.00535
28	0.00778	0.00667	0.00667	0.00667	0.00889	0.00556	0.00500	0.00945	0.01501	0.01778	0.06669	0.06336	0.72490	0.01667	0.00778	0.00222	0.00333	0.01389	0.00611	0.00556
29	0.01711	0.47069	0.15160	0.01777	0.13721	0.07087	0.01508	0.02043	0.01409	0.01745	0.01021	0.01217	0.00876	0.00586	0.00507	0.00163	0.00796	0.00419	0.00292	0.00894
30	0.01614	0.01497	0.02258	0.06536	0.46651	0.01583	0.01696	0.02480	0.24059	0.02323	0.01699	0.01902	0.01346	0.00689	0.00658	0.00206	0.00703	0.00637	0.00435	0.01028
31	0.01038	0.00772	0.00934	0.00886	0.00886	0.00867	0.00572	0.01062	0.00966	0.01328	0.01873	0.03832	0.02139	0.64282	0.03153	0.00580	0.13105	0.00894	0.00380	0.00452
32	0.21629	0.01459	0.01927	0.07213	0.12991	0.08121	0.13804	0.01965	0.01376	0.07747	0.01396	0.01978	0.01193	0.13295	0.01058	0.00276	0.00777	0.00616	0.00397	0.00782
33	0.00908	0.00717	0.00972	0.01052	0.01083	0.00781	0.00749	0.01028	0.01218	0.01665	0.03169	0.63971	0.03774	0.01911	0.01060	0.00271	0.12892	0.01656	0.00557	0.00566
34	0.21620	0.01683	0.01786	0.01557	0.07460	0.01867	0.01182	0.48465	0.02489	0.03700	0.01392	0.01460	0.01015	0.00731	0.00597	0.00199	0.00677	0.00535	0.00571	0.01015

[dist]
# distance from previous block
# <min> <max>
0	6

[block]
# block no. 1 follows, 33 sequences, length 57
# corresponding to MSA columns:
# 105-161
name=unknown_B
#
# <colnr> <probs for GDERKNQSTAVLIFYWHMCP>
#	G	D	E	R	K	N	Q	S	T	A	V	L	I	F	Y	W	H	M	C	P
0	0.01617	0.09370	0.36321	0.01930	0.02637	0.15482	0.15288	0.02148	0.01489	0.01925	0.01159	0.01425	0.00888	0.00726	0.02262	0.00219	0.03398	0.00527	0.00303	0.00889
1	0.01137	0.01286	0.11189	0.33777	0.06069	0.01173	0.01464	0.01500	0.01256	0.01697	0.01700	0.12857	0.01634	0.08630	0.11465	0.00383	0.00919	0.00810	0.00357	0.00698
2	0.01749	0.01792	0.02556	0.03702	0.62532	0.12069	0.01912	0.02108	0.01552	0.02073	0.01206	0.01565	0.01015	0.00600	0.00643	0.00192	0.00841	0.00563	0.00328	0.01002
3	0.02643	0.01041	0.01417	0.01134	0.01576	0.00905	0.00916	0.02877	0.01794	0.62871	0.02746	0.12968	0.02024	0.00995	0.00688	0.00213	0.00534	0.00837	0.00785	0.01036
4	0.02253	0.01674	0.01786	0.01392	0.01875	0.01827	0.01143	0.60497	0.02865	0.03806	0.02316	0.02268	0.11439	0.00917	0.00676	0.00201	0.00668	0.00708	0.00652	0.01038
5	0.01354	0.09125	0.68031	0.01818	0.02759	0.01612	0.02331	0.02076	0.01386	0.02043	0.01161	0.01364	0.00835	0.00621	0.00610	0.00203	0.00952	0.00476	0.00278	0.00963
6	0.01685	0.01973	0.03593	0.02619	0.03237	0.12155	0.60376	0.02184	0.01599	0.02037	0.01286	0.01691	0.00977	0.00573	0.00750	0.00214	0.01121	0.00726	0.00334	0.00870
7	0.01795	0.60575	0.03215	0.01592	0.11992	0.08001	0.01267	0.02029	0.01402	0.01641	0.00970	0.01149	0.00874	0.00576	0.00469	0.00151	0.00753	0.00392	0.00292	0.00867
8	0.01606	0.38302	0.11610	0.01674	0.05970	0.06198	0.12889	0.01949	0.01393	0.01746	0.01194	0.03585	0.01052	0.01002	0.06973	0.00251	0.00920	0.00532	0.00311	0.00842
9	0.02239	0.02689	0.01934	0.12458	0.06424	0.55378	0.01394	0.06397	0.01837	0.01799	0.01085	0.01317	0.00879	0.00677	0.00610	0.00180	0.01093	0.00466	0.00350	0.00795
10	0.00818	0.00668	0.00722	0.00708	0.00913	0.00573	0.00531	0.01021	0.01594	0.02000	0.23582	0.05971	0.55438	0.01585	0.00778	0.00218	0.00328	0.01338	0.00640	0.00573
11	0.01649	0.01730	0.12482	0.27608	0.21687	0.01609	0.01821	0.14741	0.01715	0.04455	0.01300	0.01641	0.00982	0.00679	0.00698	0.00209	0.03104	0.00575	0.00383	0.00932
12	0.01514	0.01993	0.13841	0.02588	0.03262	0.01664	0.56785	0.02077	0.01500	0.02077	0.01285	0.01702	0.00968	0.00598	0.00830	0.00224	0.05156	0.00724	0.00323	0.00891
13	0.00822	0.00666	0.00729	0.00719	0.00917	0.00573	0.00537	0.01027	0.01595	0.02016	0.24922	0.07965	0.52032	0.01589	0.00779	0.00219	0.00328	0.01348	0.00643	0.00573
14	0.02954	0.01120	0.01528	0.01171	0.01681	0.00968	0.00968	0.03208	0.01884	0.73213	0.02597	0.02241	0.01630	0.00815	0.00662	0.00204	0.00560	0.00662	0.00815	0.01120
15	0.01794	0.16917	0.01987	0.01376	0.01750	0.11340	0.01126	0.02876	0.38948	0.04586	0.01923	0.01900	0.01496	0.00822	0.00758	0.00205	0.08139	0.00604	0.00515	0.00936
16	0.00851	0.00660	0.00671	0.00668	0.00877	0.00568	0.00501	0.01046	0.01503	0.01923	0.09601	0.05697	0.58638	0.01520	0.00732	0.00212	0.00328	0.01266	0.12171	0.00568
17	0.00802	0.00573	0.00764	0.00917	0.00955	0.00535	0.00611	0.00917	0.01260	0.01681	0.03628	0.76434	0.04354	0.02062	0.00840	0.00267	0.00382	0.01872	0.00611	0.00535
18	0.01243	0.01170	0.01975	0.75282	0.04534	0.01463	0.01828	0.01682	0.01316	0.01682	0.01170	0.01755	0.00878	0.00658	0.00658	0.00219	0.00878	0.00585	0.00293	0.00731
19	0.01535	0.01307	0.01401	0.01266	0.01607	0.01491	0.00981	0.03172	0.61490	0.02737	0.12761	0.02812	0.02617	0.00959	0.00685	0.00221	0.00491	0.00809	0.00678	0.00981
20	0.01320	0.03405	0.73453	0.01876	0.02849	0.01529	0.02432	0.02085	0.01390	0.02085	0.01181	0.01390	0.00834	0.00625	0.00625	0.00208	0.00973	0.00486	0.00278	0.00973
21	0.00957	0.00642	0.00735	0.00735	0.00741	0.00647	0.00420	0.00968	0.00962	0.01289	0.02059	0.04223	0.02356	0.73313	0.06851	0.00659	0.00694	0.00945	0.00397	0.00408
22	0.47374	0.01705	0.01380	0.07354	0.01786	0.16955	0.01011	0.05942	0.01398	0.02525	0.00993	0.01209	0.00790	0.00681	0.00618	0.00204	0.06516	0.00420	0.00388	0.00749
23	0.00941	0.00702	0.01039	0.01039	0.01151	0.00813	0.00800	0.01164	0.01053	0.01515	0.01780	0.02680	0.01687	0.08861	0.70387	0.01035	0.01702	0.00719	0.00355	0.00577
24	0.01396	0.01189	0.01382	0.00990	0.01573	0.00909	0.00793	0.03544	0.01412	0.02200	0.01181	0.01371	0.00979	0.00496	0.00492	0.00100	0.00494	0.00396	0.00397	0.78705
25	0.01121	0.00861	0.01169	0.01369	0.11439	0.00838	0.00864	0.03120	0.06444	0.04256	0.24733	0.27955	0.10354	0.01443	0.00766	0.00228	0.00436	0.01286	0.00616	0.00703
26	0.02191	0.14239	0.02148	0.01510	0.04142	0.08827	0.01220	0.41726	0.05938	0.03173	0.03399	0.01691	0.02805	0.00787	0.00670	0.00191	0.03227	0.00578	0.00545	0.00996
27	0.01882	0.01286	0.01491	0.06960	0.01828	0.01416	0.01043	0.19248	0.23728	0.12616	0.02127	0.02169	0.01575	0.01179	0.07137	0.00278	0.00684	0.00662	0.11743	0.00948
28	0.02344	0.01558	0.01934	0.01511	0.01950	0.01704	0.04960	0.35981	0.04630	0.20951	0.01760	0.01791	0.01247	0.00940	0.02668	0.00235	0.11557	0.00626	0.00620	0.01034
29	0.20307	0.01552	0.05742	0.01511	0.08056	0.03132	0.03330	0.16230	0.01746	0.10322	0.01415	0.01648	0.01089	0.00698	0.00625	0.00187	0.03140	0.02474	0.00483	0.16313
30	0.01295	0.05202	0.57798	0.01793	0.02621	0.01474	0.05882	0.01960	0.01353	0.01995	0.01260	0.01562	0.00952	0.01199	0.10523	0.00321	0.01078	0.00528	0.00291	0.00913
31	0.00957	0.00638	0.00718	0.00718	0.00718	0.00638	0.00399	0.00957	0.00957	0.01276	0.02074	0.04308	0.02393	0.76864	0.03351	0.00638	0.00638	0.00957	0.00399	0.00399
32	0.01354	0.03170	0.63394	0.02006	0.02935	0.01549	0.12254	0.02088	0.01414	0.02088	0.01203	0.01446	0.00858	0.00615	0.00647	0.00210	0.00993	0.00528	0.00286	0.00961
33	0.01629	0.01564	0.02672	0.04041	0.72757	0.01564	0.02020	0.02020	0.01499	0.02151	0.01238	0.01629	0.01043	0.00587	0.00652	0.00196	0.00782	0.00587	0.00326	0.01043
34	0.00802	0.00573	0.00764	0.00917	0.00955	0.00535	0.00611	0.00917	0.01260	0.01681	0.03628	0.76434	0.04354	0.02062	0.00840	0.00267	0.00382	0.01872	0.00611	0.00535
35	0.00932	0.00673	0.00880	0.00828	0.00984	0.00621	0.00621	0.01242	0.01863	0.02640	0.72410	0.04918	0.06212	0.01346	0.00776	0.00207	0.00311	0.01191	0.00725	0.00621
36	0.01398	0.01206	0.01259	0.01152	0.01482	0.01336	0.00891	0.02786	0.52021	0.02482	0.03792	0.03538	0.21672	0.01109	0.00700	0.00223	0.00469	0.00924	0.00654	0.00906
37	0.02565	0.01042	0.01423	0.01158	0.01595	0.00918	0.00961	0.02830	0.01830	0.58894	0.06701	0.03143	0.02203	0.00990	0.00704	0.00218	0.00553	0.10475	0.00780	0.01018
38	0.09038	0.01132	0.01484	0.01148	0.01649	0.01007	0.00948	0.03110	0.01825	0.67771	0.02467	0.02150	0.01559	0.00799	0.00642	0.00204	0.00556	0.00638	0.00783	0.01089
39	0.00884	0.00671	0.00814	0.00779	0.00954	0.00601	0.00584	0.01151	0.01752	0.02375	0.52155	0.05354	0.26632	0.01445	0.00777	0.00212	0.00318	0.01252	0.00690	0.00601
40	0.01554	0.01776	0.03885	0.02775	0.03441	0.01665	0.70366	0.02109	0.01554	0.02109	0.01332	0.01776	0.00999	0.00555	0.00777	0.00222	0.01110	0.00777	0.00333	0.00888
41	0.02331	0.01679	0.01793	0.01394	0.01870	0.01850	0.01145	0.61285	0.02865	0.03921	0.01657	0.01698	0.01196	0.00787	0.00632	0.00192	0.00668	0.00596	0.11391	0.01052
42	0.00964	0.00729	0.00896	0.00845	0.01026	0.00690	0.00636	0.01374	0.07210	0.02524	0.57504	0.04932	0.15469	0.01357	0.00768	0.00211	0.00330	0.01185	0.00704	0.00644
43	0.01243	0.01170	0.01975	0.75282	0.04534	0.01463	0.01828	0.01682	0.01316	0.01682	0.01170	0.01755	0.00878	0.00658	0.00658	0.00219	0.00878	0.00585	0.00293	0.00731
44	0.01243	0.01170	0.01975	0.75282	0.04534	0.01463	0.01828	0.01682	0.01316	0.01682	0.01170	0.01755	0.00878	0.00658	0.00658	0.00219	0.00878	0.00585	0.00293	0.00731
45	0.02459	0.03138	0.01866	0.01696	0.02035	0.74221	0.01272	0.02629	0.01866	0.01611	0.01018	0.01187	0.00848	0.00678	0.00594	0.00170	0.01187	0.00424	0.00339	0.00763
46	0.01199	0.01091	0.01802	0.54794	0.09120	0.01296	0.01623	0.01579	0.01334	0.01735	0.01663	0.12866	0.01559	0.00922	0.00698	0.00229	0.00783	0.04629	0.00359	0.00720
47	0.01479	0.01429	0.02438	0.07341	0.53276	0.01421	0.07084	0.01853	0.01494	0.02068	0.02027	0.02328	0.11360	0.00744	0.00680	0.00203	0.00748	0.00717	0.00366	0.00943
48	0.01243	0.01170	0.01975	0.75282	0.04534	0.01463	0.01828	0.01682	0.01316	0.01682	0.01170	0.01755	0.00878	0.00658	0.00658	0.00219	0.00878	0.00585	0.00293	0.00731
49	0.02459	0.01634	0.01795	0.01388	0.01881	0.01765	0.01143	0.54939	0.02774	0.13990	0.01776	0.01751	0.01242	0.00792	0.00642	0.00195	0.00665	0.00605	0.07490	0.01077
50	0.01609	0.01470	0.02171	0.04688	0.23998	0.03527	0.11355	0.11282	0.14609	0.02414	0.01956	0.14327	0.01769	0.00918	0.00704	0.00217	0.00721	0.00855	0.00482	0.00928
51	0.01693	0.01757	0.02381	0.18827	0.45738	0.14347	0.01848	0.02055	0.01525	0.01956	0.01185	0.01578	0.00973	0.00618	0.00643	0.00196	0.00874	0.00558	0.00321	0.00927
52	0.01646	0.01724	0.01886	0.37718	0.06801	0.19803	0.01532	0.03818	0.10321	0.01868	0.01353	0.01757	0.01072	0.02979	0.00766	0.00220	0.03002	0.00576	0.00365	0.00794
53	0.04377	0.01300	0.02103	0.17510	0.18550	0.01407	0.10689	0.07523	0.01486	0.04435	0.01531	0.06793	0.01352	0.04716	0.08980	0.00330	0.04983	0.00720	0.00390	0.00824
54	0.07434	0.01378	0.01359	0.01161	0.01523	0.09559	0.00902	0.14388	0.07602	0.08755	0.06159	0.12917	0.05168	0.02954	0.02854	0.00229	0.00630	0.00810	0.00555	0.13662
55	0.15272	0.03703	0.01531	0.02941	0.05103	0.17366	0.01052	0.09017	0.08268	0.08895	0.03554	0.10433	0.01757	0.00941	0.00631	0.00206	0.00698	0.04906	0.00512	0.03215
56	0.08761	0.03952	0.06170	0.10051	0.21897	0.07903	0.01475	0.12690	0.07750	0.04797	0.01519	0.05595	0.01251	0.00748	0.00627	0.00200	0.00746	0.00620	0.00440	0.02807

[dist]
# distance from previous block
# <min> <max>
0	1

[block]
# block no. 2 follows, 33 sequences, length 7
# corresponding to MSA columns:
# 163-169
name=unknown_C
#
# <colnr> <probs for GDERKNQSTAVLIFYWHMCP>
#	G	D	E	R	K	N	Q	S	T	A	V	L	I	F	Y	W	H	M	C	P
0	0.08847	0.01749	0.09888	0.01624	0.07153	0.04762	0.04437	0.24677	0.02036	0.12866	0.01697	0.04147	0.01338	0.00801	0.00642	0.00200	0.00717	0.04454	0.00537	0.07427
1	0.13529	0.01544	0.01883	0.05987	0.11427	0.08892	0.09389	0.14194	0.04180	0.05989	0.01611	0.03946	0.01363	0.05901	0.00818	0.00235	0.00750	0.03713	0.03798	0.00853
2	0.16183	0.01475	0.01793	0.08039	0.11330	0.04869	0.04173	0.09572	0.12721	0.05448	0.01528	0.04217	0.01235	0.00789	0.00782	0.00211	0.09134	0.00606	0.00459	0.05435
3	0.14517	0.01911	0.06886	0.01376	0.01854	0.14120	0.01168	0.21112	0.10646	0.06387	0.01468	0.01532	0.01100	0.00721	0.00635	0.00189	0.03128	0.00517	0.00503	0.10229
4	0.21143	0.07129	0.01807	0.01415	0.03810	0.04786	0.03828	0.20843	0.08396	0.09048	0.01562	0.01829	0.01224	0.00800	0.00706	0.00209	0.06162	0.03871	0.00519	0.00914
5	0.13733	0.10425	0.10434	0.01330	0.01853	0.01614	0.03671	0.16136	0.12352	0.09698	0.01703	0.05867	0.01348	0.00778	0.00595	0.00196	0.00651	0.00612	0.00516	0.06489
6	0.06726	0.04716	0.03852	0.01265	0.01661	0.10219	0.01032	0.17625	0.11481	0.07996	0.02090	0.10350	0.04625	0.01228	0.06016	0.00261	0.00737	0.00742	0.00540	0.06838

[dist]
# distance from previous block
# <min> <max>
16	165

[block]
# block no. 3 follows, 33 sequences, length 31
# corresponding to MSA columns:
# 378-408
name=unknown_D
#
# <colnr> <probs for GDERKNQSTAVLIFYWHMCP>
#	G	D	E	R	K	N	Q	S	T	A	V	L	I	F	Y	W	H	M	C	P
0	0.01759	0.01793	0.05233	0.01380	0.04258	0.20836	0.01079	0.07979	0.09565	0.06139	0.07645	0.02445	0.10122	0.01047	0.03940	0.00221	0.00765	0.00680	0.00497	0.12616
1	0.01448	0.01175	0.01259	0.01117	0.01382	0.04936	0.00872	0.15940	0.11768	0.02691	0.25375	0.08176	0.10736	0.01193	0.00785	0.00215	0.03865	0.02643	0.03641	0.00782
2	0.04749	0.01644	0.04796	0.01335	0.01691	0.16535	0.03933	0.07232	0.14678	0.09215	0.08453	0.10587	0.07247	0.01056	0.00691	0.00214	0.00682	0.03869	0.00563	0.00830
3	0.05539	0.05223	0.05872	0.01521	0.01991	0.10629	0.09518	0.09723	0.16251	0.09798	0.03344	0.02018	0.01455	0.00780	0.00694	0.00199	0.03454	0.03145	0.00509	0.08338
4	0.01650	0.01475	0.01747	0.01586	0.06797	0.08525	0.07876	0.12350	0.16652	0.03725	0.02066	0.04496	0.05006	0.11254	0.05121	0.00311	0.03588	0.00747	0.00495	0.04530
5	0.05114	0.05601	0.02309	0.01958	0.11553	0.01521	0.16927	0.14120	0.01734	0.09190	0.01668	0.10384	0.01448	0.00840	0.00771	0.00207	0.05836	0.00749	0.00470	0.07602
6	0.01553	0.01814	0.06057	0.02100	0.02613	0.10821	0.37722	0.02034	0.04472	0.02022	0.04263	0.02180	0.07569	0.00757	0.00831	0.00212	0.06629	0.00750	0.00384	0.05217
7	0.05981	0.01884	0.01973	0.10138	0.13802	0.22292	0.05155	0.10967	0.01754	0.02198	0.04488	0.02050	0.04558	0.00818	0.00767	0.00206	0.06554	0.03173	0.00412	0.00832
8	0.01190	0.01063	0.01143	0.01110	0.01264	0.11269	0.00857	0.01416	0.01221	0.01637	0.01890	0.02513	0.04760	0.03692	0.51585	0.00789	0.03672	0.00685	0.07625	0.00618
9	0.02005	0.44230	0.05711	0.01346	0.01845	0.24516	0.01215	0.02308	0.04928	0.04863	0.01119	0.01231	0.00937	0.00629	0.00506	0.00159	0.00849	0.00413	0.00342	0.00847
10	0.01776	0.29813	0.28181	0.01519	0.02178	0.09099	0.01631	0.09187	0.01595	0.04528	0.01146	0.01301	0.00898	0.00654	0.00618	0.00182	0.03983	0.00453	0.00344	0.00916
11	0.00950	0.00782	0.00828	0.00852	0.01005	0.02872	0.00601	0.01252	0.08237	0.01811	0.07538	0.26350	0.30798	0.11733	0.01125	0.00289	0.00432	0.01374	0.00585	0.00585
12	0.00914	0.00718	0.00840	0.00863	0.01042	0.00670	0.00658	0.01242	0.06493	0.02047	0.19977	0.16982	0.32922	0.01624	0.00797	0.00237	0.00386	0.10338	0.00640	0.00608
13	0.01572	0.01433	0.02259	0.21195	0.40273	0.01547	0.01766	0.07817	0.07271	0.02220	0.01395	0.01774	0.01118	0.00873	0.04481	0.00249	0.00831	0.00606	0.00375	0.00948
14	0.07208	0.14334	0.05120	0.01286	0.01721	0.05689	0.01111	0.18737	0.10136	0.11231	0.01989	0.09603	0.01727	0.00953	0.00637	0.00207	0.00656	0.06192	0.00554	0.00910
15	0.00878	0.00668	0.00819	0.00810	0.00975	0.00608	0.00608	0.01124	0.01651	0.02216	0.40410	0.11172	0.26499	0.01687	0.04155	0.00259	0.00401	0.03809	0.00658	0.00592
16	0.00807	0.00650	0.00719	0.00740	0.00917	0.00562	0.00540	0.00987	0.01513	0.01896	0.16512	0.19369	0.49100	0.01691	0.00790	0.00228	0.00339	0.01449	0.00629	0.00562
17	0.01967	0.01296	0.01729	0.01782	0.14587	0.01365	0.01208	0.15983	0.07194	0.20156	0.02071	0.09335	0.01729	0.02836	0.05481	0.00281	0.06806	0.02669	0.00577	0.00947
18	0.01705	0.67969	0.12256	0.01221	0.01836	0.02470	0.01291	0.01986	0.01344	0.01616	0.00949	0.01098	0.00843	0.00571	0.00448	0.00149	0.00738	0.00369	0.00281	0.00861
19	0.00937	0.00651	0.00804	0.00851	0.00991	0.00585	0.00613	0.01113	0.01473	0.05620	0.16130	0.38046	0.24244	0.01754	0.00804	0.00242	0.00372	0.03540	0.00641	0.00588
20	0.00995	0.00771	0.00919	0.00864	0.01062	0.00744	0.00653	0.01484	0.11123	0.02482	0.49840	0.04873	0.18991	0.01350	0.00763	0.00212	0.00343	0.01171	0.00695	0.00664
21	0.01829	0.05613	0.01873	0.01562	0.01801	0.24486	0.01247	0.04817	0.16562	0.01933	0.01379	0.01627	0.01155	0.01107	0.05034	0.00267	0.25925	0.00561	0.00403	0.00816
22	0.06421	0.10282	0.05281	0.01700	0.05838	0.53711	0.01298	0.02436	0.01717	0.01752	0.01056	0.01239	0.00876	0.00659	0.00567	0.00171	0.01045	0.00431	0.02731	0.00789
23	0.01373	0.05212	0.01520	0.11205	0.01854	0.01120	0.03474	0.01823	0.08081	0.08367	0.23577	0.03007	0.07334	0.00958	0.00746	0.00194	0.04507	0.00805	0.00543	0.14300
24	0.00861	0.00670	0.00782	0.00754	0.00940	0.00591	0.00565	0.01105	0.01696	0.02244	0.42160	0.05570	0.36708	0.01494	0.00777	0.00214	0.00321	0.01282	0.00673	0.00591
25	0.01636	0.01511	0.01498	0.01141	0.01678	0.10846	0.00904	0.08674	0.04752	0.02299	0.01258	0.01412	0.01019	0.00561	0.00527	0.00123	0.00606	0.00430	0.00422	0.58702
26	0.00852	0.00613	0.00804	0.00918	0.00985	0.00570	0.00629	0.00986	0.01288	0.01734	0.06824	0.61853	0.04170	0.06775	0.00990	0.00284	0.00411	0.05371	0.00595	0.03348
27	0.02137	0.01674	0.02153	0.01859	0.08073	0.06979	0.10523	0.21719	0.09839	0.15314	0.01684	0.01779	0.01233	0.00799	0.00876	0.00215	0.10978	0.00632	0.00542	0.00993
28	0.01442	0.15430	0.48572	0.01987	0.06420	0.01729	0.11422	0.02066	0.01409	0.02002	0.01160	0.01399	0.00869	0.00603	0.00613	0.00198	0.00937	0.00509	0.00289	0.00944
29	0.01590	0.01928	0.07206	0.02674	0.03337	0.05482	0.63378	0.02135	0.01562	0.02081	0.01308	0.01726	0.00983	0.00565	0.00760	0.00219	0.01107	0.00744	0.00331	0.00886
30	0.02307	0.01724	0.05680	0.01705	0.09096	0.05191	0.03481	0.35931	0.02354	0.17236	0.01732	0.01811	0.01243	0.02881	0.00724	0.00209	0.00724	0.00609	0.04327	0.01036

[dist]
# distance from previous block
# <min> <max>
9	35

[block]
# block no. 4 follows, 33 sequences, length 10
# corresponding to MSA columns:
# 444-453
name=unknown_E
#
# <colnr> <probs for GDERKNQSTAVLIFYWHMCP>
#	G	D	E	R	K	N	Q	S	T	A	V	L	I	F	Y	W	H	M	C	P
0	0.02138	0.01199	0.01456	0.01301	0.06067	0.04287	0.00960	0.08550	0.01797	0.34956	0.02755	0.10576	0.09771	0.00987	0.00670	0.00198	0.00564	0.00823	0.00653	0.10292
1	0.01319	0.01461	0.08030	0.01393	0.01720	0.09605	0.08887	0.01918	0.15092	0.02034	0.05054	0.22469	0.08815	0.01290	0.00751	0.00235	0.00656	0.07988	0.00532	0.00752
2	0.02045	0.01598	0.01813	0.01436	0.01846	0.09418	0.08859	0.30305	0.02166	0.11046	0.02150	0.02495	0.07832	0.12693	0.01096	0.00269	0.00751	0.00733	0.00560	0.00891
3	0.01907	0.01978	0.09712	0.01397	0.01839	0.16639	0.01204	0.21280	0.17683	0.02725	0.02079	0.02098	0.06232	0.00830	0.00630	0.00196	0.00730	0.00637	0.09288	0.00917
4	0.01869	0.01876	0.09741	0.01602	0.02043	0.14275	0.11241	0.11573	0.09694	0.10561	0.01869	0.09767	0.01597	0.05718	0.00903	0.00239	0.03293	0.00761	0.00499	0.00877
5	0.05079	0.25923	0.02329	0.01290	0.01792	0.03775	0.09429	0.06012	0.01490	0.02024	0.01746	0.01894	0.09281	0.00717	0.00619	0.00163	0.03925	0.00562	0.00385	0.21566
6	0.04968	0.13131	0.02279	0.06182	0.02135	0.05909	0.16533	0.05366	0.01453	0.01992	0.01433	0.08428	0.01327	0.04313	0.02966	0.00233	0.05065	0.00675	0.00380	0.15232
7	0.10818	0.10617	0.04007	0.01664	0.03427	0.14247	0.15256	0.05920	0.05498	0.03671	0.01498	0.02112	0.01294	0.00781	0.00690	0.00202	0.03766	0.07951	0.00414	0.06167
8	0.01302	0.01402	0.09345	0.01340	0.01703	0.05672	0.09083	0.09274	0.01588	0.02108	0.02711	0.31913	0.08833	0.01294	0.00730	0.00219	0.00628	0.01155	0.00507	0.09191
9	0.01535	0.01392	0.01735	0.01689	0.09995	0.08888	0.08893	0.15372	0.01769	0.02305	0.02356	0.28957	0.04824	0.01203	0.00724	0.00217	0.00670	0.01076	0.00513	0.05887

[dist]
# distance from previous block
# <min> <max>
3	65

[block]
# block no. 5 follows, 33 sequences, length 28
# corresponding to MSA columns:
# 519-546
name=unknown_F
#
# <colnr> <probs for GDERKNQSTAVLIFYWHMCP>
#	G	D	E	R	K	N	Q	S	T	A	V	L	I	F	Y	W	H	M	C	P
0	0.01835	0.09267	0.02204	0.04736	0.05113	0.06336	0.11813	0.20452	0.03904	0.05484	0.05546	0.02020	0.05470	0.00768	0.00682	0.00188	0.02747	0.00647	0.00486	0.10301
1	0.04471	0.08163	0.06136	0.01463	0.01943	0.06417	0.09004	0.20223	0.08190	0.04771	0.05768	0.02176	0.07617	0.00827	0.00696	0.00195	0.03432	0.00669	0.00508	0.07334
2	0.04644	0.16739	0.02502	0.01913	0.11706	0.11562	0.11921	0.12972	0.01808	0.09138	0.05512	0.01699	0.01327	0.00706	0.00664	0.00190	0.03052	0.00583	0.00445	0.00916
3	0.14921	0.12598	0.07841	0.01413	0.03835	0.05669	0.03780	0.16203	0.06275	0.04189	0.01670	0.06058	0.04236	0.00822	0.00673	0.00199	0.04749	0.00620	0.00462	0.03787
4	0.04271	0.09918	0.10385	0.01663	0.09019	0.06198	0.01337	0.19361	0.18486	0.05266	0.01885	0.04337	0.03400	0.00807	0.00629	0.00200	0.00703	0.00640	0.00518	0.00977
5	0.00797	0.00647	0.00707	0.00736	0.00912	0.00557	0.00535	0.00965	0.01479	0.01832	0.11734	0.21787	0.51563	0.01727	0.00792	0.00231	0.00342	0.01479	0.00621	0.00557
6	0.01373	0.01195	0.01471	0.01050	0.01639	0.00911	0.03694	0.01677	0.01373	0.02144	0.01177	0.01382	0.00976	0.00490	0.00500	0.00103	0.00514	0.00406	0.00388	0.77538
7	0.05698	0.00686	0.00785	0.00779	0.00821	0.00716	0.00483	0.01048	0.00982	0.01414	0.01958	0.03853	0.02180	0.61320	0.14075	0.00677	0.00804	0.00883	0.00392	0.00446
8	0.01102	0.00751	0.00836	0.00793	0.00842	0.00770	0.00479	0.07492	0.01158	0.01546	0.02028	0.04052	0.02274	0.69722	0.03098	0.00597	0.00646	0.00923	0.00423	0.00467
9	0.00802	0.00573	0.00764	0.00917	0.00955	0.00535	0.00611	0.00917	0.01260	0.01681	0.03628	0.76434	0.04354	0.02062	0.00840	0.00267	0.00382	0.01872	0.00611	0.00535
10	0.01343	0.01272	0.02154	0.56928	0.22110	0.01489	0.01878	0.01769	0.01363	0.01803	0.01188	0.01723	0.00920	0.00640	0.00657	0.00213	0.00853	0.00585	0.00301	0.00812
11	0.01348	0.03241	0.67145	0.02069	0.09079	0.01532	0.02396	0.02079	0.01400	0.02091	0.01186	0.01411	0.00853	0.00622	0.00628	0.00207	0.00956	0.00495	0.00282	0.00979
12	0.01663	0.01641	0.02597	0.06771	0.65847	0.05838	0.01969	0.02043	0.01513	0.02100	0.01223	0.01608	0.01025	0.00595	0.00649	0.00195	0.00810	0.00577	0.00325	0.01014
13	0.00860	0.00677	0.00785	0.00849	0.00988	0.00630	0.00601	0.01135	0.06760	0.01829	0.06722	0.41201	0.30970	0.01797	0.00801	0.00245	0.00372	0.01576	0.00619	0.00584
14	0.00834	0.00600	0.00797	0.00943	0.01004	0.00564	0.00663	0.00974	0.01302	0.01721	0.03737	0.64850	0.07113	0.02015	0.00846	0.00270	0.00408	0.10203	0.00610	0.00545
15	0.03297	0.00860	0.01019	0.04839	0.01272	0.03924	0.00783	0.01173	0.01323	0.01768	0.08020	0.37777	0.13756	0.05729	0.01082	0.00271	0.09005	0.02983	0.00537	0.00584
16	0.01608	0.03675	0.02365	0.01832	0.02125	0.09851	0.20750	0.07638	0.01452	0.01920	0.01378	0.01995	0.02959	0.10411	0.01532	0.00287	0.26417	0.00680	0.00360	0.00765
17	0.00802	0.00666	0.00689	0.00684	0.00889	0.00566	0.00506	0.00973	0.01504	0.01830	0.12421	0.06096	0.62638	0.05716	0.00917	0.00243	0.00348	0.01348	0.00610	0.00553
18	0.01532	0.01929	0.10416	0.02690	0.03385	0.01652	0.63988	0.02107	0.01538	0.02107	0.01318	0.01740	0.00983	0.00562	0.00763	0.00221	0.01097	0.00750	0.00328	0.00896
19	0.01481	0.01520	0.02034	0.45768	0.17990	0.12329	0.01716	0.01855	0.01446	0.01773	0.01446	0.01881	0.04611	0.00699	0.00653	0.00207	0.00876	0.00603	0.00323	0.00791
20	0.02503	0.01844	0.01976	0.01515	0.02042	0.02042	0.01251	0.70562	0.03095	0.04149	0.01581	0.01581	0.01120	0.00790	0.00659	0.00198	0.00724	0.00593	0.00659	0.01120
21	0.06607	0.01325	0.02172	0.43634	0.29996	0.01502	0.01828	0.01826	0.01372	0.01941	0.01179	0.01663	0.00929	0.00628	0.00639	0.00209	0.00818	0.00571	0.00313	0.00847
22	0.01866	0.01440	0.01553	0.01346	0.01750	0.01626	0.01061	0.11785	0.56641	0.09437	0.02536	0.02328	0.01864	0.00873	0.00668	0.00218	0.00550	0.00718	0.00682	0.01059
23	0.01174	0.00608	0.00632	0.00652	0.00791	0.00604	0.00479	0.01456	0.01365	0.02357	0.02334	0.11751	0.02023	0.00930	0.00508	0.00168	0.00316	0.00772	0.70477	0.00604
24	0.01429	0.01122	0.01429	0.01236	0.01512	0.01167	0.06896	0.20103	0.07370	0.02432	0.02853	0.19806	0.10488	0.11815	0.04226	0.00322	0.00647	0.03832	0.00564	0.00753
25	0.01504	0.26236	0.40392	0.01931	0.10613	0.01875	0.04857	0.02043	0.01393	0.01926	0.01111	0.01330	0.00869	0.00598	0.00571	0.00186	0.00872	0.00468	0.00287	0.00937
26	0.00836	0.00639	0.00775	0.00851	0.00983	0.00578	0.00625	0.01011	0.01436	0.01841	0.11092	0.35437	0.29770	0.01820	0.00820	0.00249	0.00384	0.09672	0.00621	0.00559
27	0.05916	0.01488	0.01713	0.01332	0.01836	0.01540	0.01096	0.34983	0.07050	0.33002	0.02053	0.01895	0.01376	0.00800	0.00650	0.00202	0.00633	0.00622	0.00714	0.01098

[dist]
# distance from previous block
# <min> <max>
6	13

[block]
# block no. 6 follows, 33 sequences, length 27
# corresponding to MSA columns:
# 560-586
name=unknown_G
#
# <colnr> <probs for GDERKNQSTAVLIFYWHMCP>
#	G	D	E	R	K	N	Q	S	T	A	V	L	I	F	Y	W	H	M	C	P
0	0.01267	0.01157	0.01200	0.01164	0.01325	0.13269	0.00897	0.03463	0.01294	0.01686	0.01794	0.06336	0.01709	0.04917	0.46344	0.00742	0.03208	0.03079	0.04519	0.00632
1	0.02038	0.01757	0.03245	0.01703	0.07138	0.12553	0.07967	0.22645	0.08490	0.09582	0.05348	0.02125	0.01571	0.03817	0.00772	0.00215	0.00766	0.02614	0.00541	0.05114
2	0.02322	0.02812	0.01783	0.01604	0.01951	0.61054	0.01213	0.07527	0.05231	0.01861	0.01480	0.01588	0.05263	0.00757	0.00613	0.00177	0.01070	0.00510	0.00395	0.00790
3	0.00802	0.00573	0.00764	0.00917	0.00955	0.00535	0.00611	0.00917	0.01260	0.01681	0.03628	0.76434	0.04354	0.02062	0.00840	0.00267	0.00382	0.01872	0.00611	0.00535
4	0.01197	0.01627	0.23768	0.03617	0.01867	0.01020	0.06581	0.01614	0.01400	0.04962	0.02739	0.12516	0.13844	0.01356	0.06052	0.00276	0.00732	0.02321	0.11762	0.00750
5	0.01474	0.01368	0.01479	0.01669	0.14900	0.10872	0.01088	0.09605	0.07222	0.02224	0.06865	0.05227	0.21172	0.03419	0.00800	0.00229	0.00631	0.08445	0.00530	0.00782
6	0.00821	0.00586	0.00786	0.00938	0.00985	0.00551	0.00644	0.00949	0.01279	0.01702	0.03618	0.71395	0.04313	0.02045	0.00845	0.00270	0.00398	0.06724	0.00611	0.00540
7	0.81514	0.01273	0.00968	0.00866	0.01273	0.01477	0.00713	0.01935	0.01120	0.02954	0.00917	0.01069	0.00713	0.00611	0.00407	0.00204	0.00509	0.00356	0.00407	0.00713
8	0.01516	0.11008	0.36083	0.02205	0.12029	0.05499	0.12969	0.02059	0.01422	0.01976	0.01152	0.01439	0.00892	0.00643	0.00741	0.00205	0.06404	0.00535	0.00298	0.00925
9	0.01620	0.01224	0.01436	0.01308	0.01595	0.01355	0.01065	0.21730	0.15697	0.04134	0.02530	0.10416	0.02402	0.03273	0.03476	0.00285	0.04867	0.20134	0.00607	0.00845
10	0.02243	0.01170	0.01412	0.01133	0.01537	0.01153	0.00917	0.19536	0.04195	0.32945	0.13755	0.02550	0.02274	0.00892	0.00654	0.00197	0.00526	0.00728	0.11215	0.00969
11	0.00857	0.00705	0.00786	0.00794	0.00991	0.00652	0.00599	0.01122	0.04997	0.01812	0.07042	0.11739	0.49992	0.02096	0.10597	0.00340	0.00545	0.03166	0.00582	0.00586
12	0.01423	0.11420	0.02246	0.19349	0.25034	0.01526	0.05084	0.01905	0.08261	0.01929	0.01672	0.11804	0.01556	0.03107	0.00737	0.00221	0.00727	0.00764	0.00387	0.00848
13	0.01978	0.01194	0.01394	0.01178	0.01557	0.01207	0.00947	0.20695	0.09832	0.22740	0.03169	0.10414	0.13647	0.01153	0.00717	0.00221	0.00549	0.05799	0.00688	0.00924
14	0.02578	0.01545	0.01769	0.01376	0.01881	0.01621	0.01130	0.40123	0.09381	0.28480	0.02049	0.01900	0.01388	0.00809	0.00661	0.00202	0.00646	0.00632	0.00715	0.01112
15	0.01076	0.00971	0.00941	0.00906	0.01115	0.07899	0.00676	0.01442	0.08079	0.02133	0.27636	0.11288	0.30528	0.01426	0.00755	0.00216	0.00431	0.01212	0.00628	0.00641
16	0.03982	0.01677	0.01865	0.08711	0.02192	0.12978	0.06221	0.21219	0.04891	0.21845	0.06320	0.01968	0.01538	0.00785	0.00661	0.00200	0.00757	0.00637	0.00590	0.00964
17	0.00956	0.00645	0.00751	0.00751	0.00763	0.00656	0.00440	0.00979	0.00967	0.01301	0.02044	0.04139	0.02320	0.69810	0.10304	0.00679	0.00749	0.00933	0.00394	0.00417
18	0.00896	0.00668	0.00832	0.00799	0.00963	0.00605	0.00596	0.01170	0.01767	0.02429	0.56465	0.07960	0.19544	0.01438	0.00779	0.00212	0.00318	0.01257	0.00697	0.00605
19	0.00908	0.00676	0.00838	0.00889	0.01029	0.00629	0.00682	0.01119	0.01497	0.01957	0.19458	0.16164	0.22920	0.09067	0.01074	0.00288	0.00438	0.19188	0.00614	0.00565
20	0.01320	0.03405	0.73453	0.01876	0.02849	0.01529	0.02432	0.02085	0.01390	0.02085	0.01181	0.01390	0.00834	0.00625	0.00625	0.00208	0.00973	0.00486	0.00278	0.00973
21	0.01330	0.01259	0.02131	0.59262	0.19875	0.01485	0.01871	0.01758	0.01357	0.01787	0.01185	0.01727	0.00915	0.00642	0.00657	0.00214	0.00856	0.00585	0.00300	0.00801
22	0.00957	0.00638	0.00718	0.00718	0.00718	0.00638	0.00399	0.00957	0.00957	0.01276	0.02074	0.04308	0.02393	0.76864	0.03351	0.00638	0.00638	0.00957	0.00399	0.00399
23	0.01046	0.00759	0.00941	0.01032	0.06082	0.00784	0.00598	0.01210	0.05285	0.01455	0.02019	0.03831	0.02198	0.59639	0.09945	0.00622	0.00752	0.00893	0.00405	0.00503
24	0.02107	0.01707	0.04749	0.01482	0.01988	0.01745	0.05368	0.47899	0.06254	0.03524	0.06764	0.01944	0.01549	0.03163	0.00745	0.00208	0.00697	0.00648	0.00601	0.06862
25	0.02212	0.09584	0.01969	0.01590	0.01919	0.53280	0.01237	0.05893	0.01759	0.01728	0.01080	0.01316	0.00921	0.01019	0.06073	0.00242	0.06599	0.00458	0.00348	0.00773
26	0.01077	0.00872	0.01304	0.01217	0.01404	0.00844	0.10002	0.07925	0.01507	0.01998	0.03337	0.51343	0.08542	0.01698	0.00812	0.00253	0.00518	0.04125	0.00578	0.00644

[dist]
# distance from previous block
# <min> <max>
0	1

[block]
# block no. 7 follows, 33 sequences, length 38
# corresponding to MSA columns:
# 588-625
name=unknown_H
#
# <colnr> <probs for GDERKNQSTAVLIFYWHMCP>
#	G	D	E	R	K	N	Q	S	T	A	V	L	I	F	Y	W	H	M	C	P
0	0.07889	0.01061	0.01174	0.00998	0.01335	0.01029	0.00780	0.15761	0.01791	0.05798	0.11733	0.10909	0.15664	0.04687	0.00797	0.00217	0.00489	0.02578	0.00580	0.14729
1	0.02197	0.01932	0.06306	0.01475	0.01930	0.14241	0.01247	0.32162	0.06894	0.10068	0.04920	0.01992	0.01486	0.00844	0.00730	0.00202	0.04400	0.03228	0.00571	0.03172
2	0.02260	0.01641	0.01846	0.01561	0.06363	0.01774	0.01199	0.54067	0.02758	0.07137	0.07047	0.02121	0.05440	0.00867	0.00673	0.00200	0.00668	0.00683	0.00647	0.01047
3	0.01185	0.00866	0.01135	0.01252	0.05219	0.00867	0.00950	0.01663	0.10795	0.05454	0.11653	0.13529	0.10337	0.01538	0.00816	0.00259	0.00516	0.30639	0.00624	0.00701
4	0.01535	0.24159	0.43051	0.01821	0.07084	0.05842	0.03893	0.02079	0.01413	0.01912	0.01105	0.01311	0.00856	0.00606	0.00572	0.00187	0.00900	0.00460	0.00287	0.00927
5	0.00945	0.00689	0.00976	0.00976	0.01066	0.00779	0.00721	0.01123	0.01034	0.01468	0.01838	0.02999	0.01825	0.22186	0.57252	0.00957	0.01494	0.00766	0.00364	0.00542
6	0.00802	0.00658	0.00706	0.00715	0.00909	0.00562	0.00528	0.00982	0.01525	0.01885	0.15301	0.13510	0.56304	0.01665	0.00784	0.00225	0.00335	0.01413	0.00627	0.00562
7	0.01594	0.01382	0.01448	0.01321	0.01606	0.06055	0.01030	0.10458	0.36515	0.02497	0.02478	0.12144	0.02211	0.04223	0.00923	0.00251	0.06011	0.06375	0.00596	0.00883
8	0.02066	0.10976	0.06861	0.04650	0.07389	0.05825	0.09140	0.30238	0.04490	0.07366	0.01537	0.03798	0.01182	0.00742	0.00643	0.00197	0.00789	0.00615	0.00505	0.00991
9	0.01654	0.01654	0.02784	0.03793	0.61560	0.04552	0.10174	0.02056	0.01521	0.02124	0.01240	0.01629	0.01030	0.00587	0.00664	0.00198	0.00838	0.00603	0.00327	0.01013
10	0.06361	0.01027	0.01119	0.01057	0.01317	0.01085	0.00813	0.10827	0.18682	0.02449	0.08100	0.20330	0.17188	0.01375	0.00735	0.00233	0.00469	0.05447	0.00626	0.00761
11	0.01742	0.01351	0.01447	0.01268	0.01597	0.03837	0.01010	0.26387	0.18980	0.02902	0.04451	0.06342	0.02112	0.05383	0.03932	0.00278	0.00658	0.09577	0.05862	0.00884
12	0.02385	0.01889	0.06533	0.01705	0.07226	0.01924	0.01369	0.58073	0.02814	0.07113	0.01578	0.01603	0.01120	0.00766	0.00656	0.00198	0.00737	0.00589	0.00618	0.01105
13	0.01459	0.08150	0.12478	0.01311	0.03729	0.03744	0.03217	0.03878	0.05289	0.06055	0.05686	0.14344	0.01913	0.00896	0.00619	0.00179	0.00612	0.00760	0.02543	0.23140
14	0.01590	0.18840	0.37842	0.01776	0.06847	0.01745	0.04647	0.04194	0.06578	0.05869	0.01329	0.01476	0.00996	0.00637	0.00592	0.00191	0.00833	0.00504	0.00355	0.03158
15	0.06066	0.01959	0.08402	0.01552	0.01964	0.18664	0.10819	0.16947	0.03783	0.02324	0.01559	0.05511	0.01403	0.14823	0.01150	0.00281	0.00862	0.00688	0.00439	0.00805
16	0.00915	0.00673	0.00827	0.00911	0.01009	0.00640	0.00629	0.05508	0.01410	0.01846	0.03927	0.58246	0.14843	0.04185	0.00895	0.00267	0.00405	0.01683	0.00608	0.00572
17	0.02525	0.01391	0.01720	0.01484	0.07244	0.01384	0.01121	0.28073	0.02278	0.36765	0.02410	0.02246	0.06555	0.00850	0.00668	0.00202	0.00622	0.00683	0.00704	0.01073
18	0.01563	0.15899	0.09521	0.01395	0.01795	0.06544	0.06192	0.10545	0.04890	0.04161	0.01974	0.19873	0.01948	0.01283	0.04635	0.00258	0.03389	0.02863	0.00464	0.00808
19	0.00834	0.00622	0.00780	0.00868	0.00974	0.00568	0.00620	0.01002	0.01420	0.01861	0.14139	0.45239	0.20120	0.01852	0.00822	0.00251	0.00377	0.06467	0.00627	0.00557
20	0.02314	0.01490	0.01637	0.01283	0.01733	0.01596	0.01051	0.46743	0.02572	0.14070	0.01845	0.01853	0.01309	0.00789	0.00619	0.00190	0.00616	0.00607	0.16663	0.01018
21	0.01278	0.01119	0.01371	0.04857	0.03811	0.04416	0.05457	0.06760	0.14171	0.02266	0.13123	0.13757	0.17963	0.01282	0.00749	0.00227	0.00547	0.05512	0.00586	0.00748
22	0.01592	0.01661	0.02824	0.10474	0.33231	0.07161	0.23979	0.02018	0.01528	0.02036	0.01393	0.02039	0.01179	0.00672	0.00705	0.00212	0.00917	0.05122	0.00344	0.00911
23	0.00820	0.00601	0.00757	0.00869	0.00942	0.00554	0.00593	0.00947	0.01306	0.01708	0.06123	0.55860	0.15489	0.06893	0.00995	0.00284	0.00395	0.03727	0.00600	0.00534
24	0.00942	0.00646	0.00726	0.00732	0.00762	0.00634	0.00436	0.00972	0.01037	0.01357	0.02622	0.04647	0.09972	0.65874	0.02980	0.00581	0.00604	0.03623	0.00430	0.00424
25	0.25359	0.09620	0.05759	0.01517	0.05879	0.07846	0.06192	0.17945	0.01809	0.10320	0.01320	0.01421	0.00975	0.00670	0.00562	0.00194	0.00726	0.00499	0.00473	0.00913
26	0.01865	0.01454	0.01736	0.01294	0.01849	0.01379	0.04801	0.26518	0.05428	0.05991	0.01462	0.01556	0.01107	0.00634	0.00581	0.00151	0.00611	0.00513	0.00515	0.40556
27	0.13728	0.01264	0.01526	0.01187	0.01685	0.01219	0.00980	0.14405	0.01983	0.51848	0.02193	0.01967	0.01417	0.00783	0.00626	0.00203	0.00581	0.00608	0.00732	0.01064
28	0.01630	0.01377	0.01467	0.01307	0.01670	0.01576	0.01019	0.07389	0.61481	0.02829	0.08533	0.02612	0.02312	0.00925	0.00678	0.00220	0.00516	0.00773	0.00674	0.01011
29	0.01596	0.01774	0.10112	0.18270	0.32928	0.05772	0.04103	0.04977	0.09865	0.02165	0.01393	0.01705	0.01090	0.00655	0.00653	0.00205	0.00824	0.00591	0.00369	0.00951
30	0.01439	0.01240	0.01732	0.26088	0.04644	0.01498	0.01363	0.09441	0.04363	0.04498	0.02151	0.02457	0.12481	0.01108	0.03357	0.00260	0.19957	0.00726	0.00420	0.00775
31	0.02103	0.13126	0.02225	0.01935	0.11614	0.41633	0.01377	0.04378	0.01656	0.01750	0.01029	0.01277	0.00885	0.00721	0.00803	0.00187	0.11689	0.00463	0.00332	0.00818
32	0.00863	0.00630	0.00800	0.00901	0.00985	0.00584	0.00629	0.00997	0.01284	0.01693	0.03694	0.50995	0.11418	0.10144	0.01104	0.00301	0.00432	0.08767	0.00580	0.03198
33	0.04740	0.01890	0.09700	0.01596	0.04477	0.10719	0.05814	0.27569	0.02121	0.11847	0.01741	0.08051	0.01427	0.04342	0.00786	0.00224	0.00776	0.00698	0.00539	0.00944
34	0.04267	0.01591	0.05508	0.01802	0.04238	0.08194	0.24093	0.06117	0.01633	0.02177	0.11006	0.02837	0.14451	0.00943	0.00862	0.00218	0.07991	0.00840	0.00448	0.00784
35	0.06204	0.00962	0.01089	0.01083	0.01244	0.06131	0.03995	0.04611	0.01413	0.01893	0.03078	0.36016	0.08286	0.10708	0.01091	0.00297	0.00556	0.10199	0.00541	0.00602
36	0.01527	0.06900	0.03823	0.01167	0.01628	0.04602	0.00967	0.10454	0.05432	0.02262	0.01561	0.09870	0.01427	0.00930	0.03228	0.00189	0.04142	0.00623	0.00444	0.38822
37	0.01667	0.01293	0.01600	0.03828	0.03745	0.05212	0.05604	0.09724	0.10412	0.11173	0.09285	0.10909	0.04233	0.01014	0.00751	0.00206	0.03768	0.03456	0.00565	0.11556

[dist]
