[name]
unknown

[dist]
# distance from previous block
# <min> <max>
0	26

[block]
# block no. 0 follows, 33 sequences, length 108
# corresponding to MSA columns:
# 26-133
name=unknown_A
#
# <colnr> <probs for GDERKNQSTAVLIFYWHMCP>
#	G	D	E	R	K	N	Q	S	T	A	V	L	I	F	Y	W	H	M	C	P
0	0.05687	0.01703	0.01824	0.01497	0.01930	0.16273	0.09171	0.14093	0.05971	0.12025	0.03829	0.02501	0.01642	0.00864	0.00668	0.00202	0.00769	0.09733	0.00532	0.09087
1	0.01741	0.10309	0.07204	0.01768	0.02341	0.05737	0.22329	0.14958	0.07060	0.02439	0.01458	0.04138	0.01172	0.00678	0.00642	0.00186	0.00816	0.00628	0.00429	0.13969
2	0.01868	0.12042	0.02690	0.02052	0.09062	0.18721	0.21740	0.08336	0.04585	0.02135	0.01254	0.01493	0.00997	0.00615	0.00628	0.00180	0.00915	0.00559	0.00376	0.09752
3	0.00908	0.00726	0.00902	0.00900	0.01066	0.00665	0.03445	0.04197	0.01450	0.01836	0.04722	0.35149	0.34385	0.05369	0.00922	0.00260	0.00418	0.01508	0.00592	0.00579
4	0.01565	0.00860	0.01045	0.00915	0.01213	0.00770	0.00717	0.04936	0.01730	0.23860	0.15985	0.06799	0.29726	0.03628	0.00822	0.00230	0.00437	0.03312	0.00688	0.00762
5	0.01605	0.01815	0.03450	0.07250	0.08270	0.07250	0.53187	0.02095	0.01538	0.02026	0.01272	0.01705	0.00978	0.00597	0.00801	0.00219	0.04024	0.00716	0.00329	0.00873
6	0.01351	0.08610	0.68520	0.01824	0.02768	0.01605	0.02340	0.02077	0.01386	0.02047	0.01163	0.01366	0.00835	0.00621	0.00611	0.00204	0.00954	0.00477	0.00278	0.00964
7	0.00926	0.00687	0.00891	0.01009	0.01145	0.00651	0.00811	0.01147	0.01442	0.01847	0.04239	0.26166	0.19360	0.01852	0.00861	0.00275	0.00483	0.35025	0.00609	0.00575
8	0.02333	0.01259	0.01513	0.01242	0.01684	0.01276	0.00999	0.07764	0.28241	0.38711	0.05805	0.02402	0.01952	0.00867	0.00670	0.00211	0.00545	0.00713	0.00745	0.01068
9	0.02428	0.01733	0.01617	0.01356	0.01780	0.19505	0.01071	0.08567	0.17447	0.31462	0.04670	0.02068	0.01643	0.00815	0.00651	0.00199	0.00713	0.00634	0.00648	0.00996
10	0.16453	0.01959	0.01719	0.01417	0.01867	0.16666	0.01136	0.36954	0.10147	0.03261	0.01470	0.01507	0.01091	0.00747	0.00602	0.00196	0.00758	0.00533	0.00550	0.00966
11	0.00811	0.00580	0.00772	0.00911	0.00957	0.00540	0.00612	0.00938	0.01301	0.01744	0.08202	0.71679	0.04478	0.02015	0.00836	0.00263	0.00377	0.01826	0.00619	0.00540
12	0.01243	0.01170	0.01975	0.75282	0.04534	0.01463	0.01828	0.01682	0.01316	0.01682	0.01170	0.01755	0.00878	0.00658	0.00658	0.00219	0.00878	0.00585	0.00293	0.00731
13	0.02326	0.02119	0.01803	0.01510	0.01934	0.25783	0.01199	0.33393	0.09329	0.06535	0.03417	0.01895	0.01382	0.00821	0.00652	0.00196	0.00834	0.03352	0.00561	0.00960
14	0.02300	0.01726	0.01740	0.01408	0.01845	0.10898	0.01136	0.39732	0.05399	0.13113	0.04490	0.01895	0.01448	0.01235	0.08276	0.00285	0.00843	0.00622	0.00611	0.00996
15	0.01545	0.01492	0.02583	0.18879	0.55269	0.01548	0.05157	0.01954	0.01463	0.02051	0.01228	0.01662	0.01006	0.00600	0.00659	0.00202	0.00817	0.00595	0.00319	0.00970
16	0.14869	0.01360	0.01552	0.01263	0.01708	0.03462	0.04185	0.11581	0.17403	0.26886	0.04580	0.02214	0.04377	0.00832	0.00635	0.00208	0.00591	0.00667	0.00650	0.00978
17	0.01532	0.01931	0.10523	0.02689	0.03384	0.01652	0.63883	0.02106	0.01538	0.02106	0.01317	0.01739	0.00983	0.00562	0.00762	0.00221	0.01097	0.00749	0.00328	0.00896
18	0.00802	0.00573	0.00764	0.00917	0.00955	0.00535	0.00611	0.00917	0.01260	0.01681	0.03628	0.76434	0.04354	0.02062	0.00840	0.00267	0.00382	0.01872	0.00611	0.00535
19	0.01711	0.38235	0.20692	0.01496	0.02131	0.08049	0.07145	0.04055	0.01505	0.04100	0.04420	0.01442	0.01137	0.00639	0.00548	0.00174	0.00823	0.00482	0.00338	0.00880
20	0.01341	0.01016	0.01198	0.01139	0.01381	0.01070	0.00903	0.14194	0.13980	0.02579	0.16991	0.16866	0.06400	0.01412	0.00778	0.00241	0.00504	0.16592	0.00652	0.00764
21	0.01147	0.00780	0.00988	0.00905	0.01107	0.00750	0.00689	0.01612	0.09008	0.07625	0.60345	0.04477	0.05458	0.01262	0.00757	0.00208	0.00350	0.01108	0.00725	0.00699
22	0.01857	0.03758	0.08693	0.01578	0.05122	0.36822	0.01250	0.04872	0.05938	0.01985	0.09424	0.06706	0.05138	0.00924	0.00657	0.00195	0.00877	0.02974	0.00444	0.00785
23	0.01851	0.01451	0.02777	0.03678	0.02655	0.01362	0.39520	0.02357	0.04893	0.20818	0.07653	0.02365	0.01726	0.00746	0.00743	0.00219	0.00852	0.02897	0.00515	0.00922
24	0.01546	0.01753	0.03760	0.02705	0.03327	0.01688	0.65783	0.02074	0.01518	0.02074	0.01301	0.01753	0.00990	0.00595	0.00869	0.00226	0.06067	0.00764	0.00330	0.00877
25	0.00801	0.00577	0.00759	0.00905	0.00952	0.00536	0.00606	0.00918	0.01272	0.01685	0.03770	0.73176	0.07521	0.02044	0.00837	0.00265	0.00380	0.01849	0.00611	0.00536
26	0.03971	0.03748	0.06013	0.01384	0.01828	0.09535	0.04334	0.12308	0.10514	0.24316	0.02151	0.06133	0.01710	0.03419	0.00761	0.00225	0.00700	0.05405	0.00603	0.00944
27	0.01363	0.01412	0.02635	0.06446	0.02537	0.01549	0.32612	0.01717	0.01307	0.01834	0.01482	0.09935	0.01382	0.01307	0.08076	0.00324	0.22145	0.00822	0.00350	0.00764
28	0.00823	0.00591	0.00784	0.00925	0.00981	0.00553	0.00638	0.00958	0.01304	0.01733	0.05868	0.67294	0.06628	0.02011	0.00841	0.00266	0.00393	0.06253	0.00614	0.00543
29	0.01506	0.16164	0.37281	0.02009	0.02800	0.01779	0.23176	0.04027	0.01480	0.02055	0.01191	0.01455	0.00895	0.00597	0.00637	0.00200	0.00960	0.00555	0.00307	0.00928
30	0.01354	0.01237	0.01977	0.65276	0.06369	0.01511	0.01765	0.06343	0.04191	0.01903	0.01259	0.01767	0.00943	0.00674	0.00658	0.00217	0.00850	0.00592	0.00333	0.00779
31	0.01533	0.01736	0.03758	0.07596	0.03513	0.01651	0.65809	0.02080	0.01538	0.02080	0.01321	0.01774	0.00991	0.00562	0.00769	0.00222	0.01094	0.00764	0.00330	0.00877
32	0.04704	0.16621	0.26245	0.02552	0.28232	0.01755	0.06888	0.02035	0.01421	0.02043	0.01152	0.01429	0.00920	0.00594	0.00599	0.00192	0.00843	0.00513	0.00305	0.00958
33	0.01532	0.01608	0.07253	0.06829	0.53313	0.01495	0.06116	0.01987	0.03477	0.02112	0.01452	0.05271	0.01277	0.00702	0.00675	0.00206	0.00788	0.02575	0.00353	0.00978
34	0.00802	0.00601	0.00736	0.00841	0.00927	0.00545	0.00572	0.00926	0.01313	0.01691	0.04392	0.54390	0.22822	0.05026	0.00926	0.00270	0.00379	0.01703	0.00602	0.00535
35	0.02954	0.01120	0.01528	0.01171	0.01681	0.00968	0.00968	0.03208	0.01884	0.73213	0.02597	0.02241	0.01630	0.00815	0.00662	0.00204	0.00560	0.00662	0.00815	0.01120
36	0.01593	0.03536	0.19202	0.02676	0.17509	0.01631	0.32799	0.04253	0.01543	0.04500	0.01305	0.01643	0.00988	0.00612	0.00746	0.00213	0.03314	0.00647	0.00343	0.00948
37	0.00952	0.00651	0.00846	0.00867	0.00994	0.00596	0.00623	0.01172	0.01598	0.05095	0.37528	0.33645	0.09684	0.01633	0.00798	0.00232	0.00351	0.01456	0.00675	0.00603
38	0.01613	0.01389	0.01468	0.01322	0.01687	0.01603	0.01028	0.03421	0.69184	0.02750	0.05065	0.02540	0.02153	0.00909	0.00674	0.00223	0.00514	0.00760	0.00672	0.01028
39	0.02237	0.04718	0.08325	0.01698	0.11805	0.01397	0.01291	0.07432	0.17834	0.32981	0.02158	0.02033	0.01495	0.00771	0.00649	0.00204	0.00637	0.00637	0.00631	0.01066
40	0.01638	0.04900	0.05265	0.03489	0.51899	0.03874	0.13055	0.02096	0.03494	0.02117	0.01272	0.01631	0.01042	0.00593	0.00660	0.00198	0.00844	0.00604	0.00334	0.00998
41	0.01320	0.03405	0.73453	0.01876	0.02849	0.01529	0.02432	0.02085	0.01390	0.02085	0.01181	0.01390	0.00834	0.00625	0.00625	0.00208	0.00973	0.00486	0.00278	0.00973
42	0.00801	0.00577	0.00760	0.00907	0.00952	0.00536	0.00607	0.00918	0.01270	0.01684	0.03749	0.73664	0.07047	0.02047	0.00838	0.00266	0.00380	0.01852	0.00611	0.00536
43	0.16728	0.08223	0.28368	0.01541	0.04518	0.07354	0.01557	0.08116	0.03781	0.10533	0.02622	0.01506	0.01069	0.00678	0.00578	0.00198	0.00781	0.00500	0.00423	0.00925
44	0.02439	0.01906	0.01934	0.01515	0.02018	0.07154	0.01238	0.61014	0.07817	0.03870	0.01618	0.01614	0.01163	0.00790	0.00655	0.00197	0.00743	0.00591	0.00637	0.01089
45	0.00940	0.00705	0.01058	0.01058	0.01176	0.00823	0.00823	0.01176	0.01058	0.01528	0.01763	0.02586	0.01646	0.04937	0.74255	0.01058	0.01763	0.00705	0.00353	0.00588
46	0.06472	0.07116	0.01608	0.01056	0.01631	0.01083	0.03739	0.01719	0.01355	0.02148	0.01141	0.01340	0.00949	0.00504	0.00490	0.00113	0.00532	0.00401	0.00380	0.66221
47	0.01579	0.01489	0.01338	0.01216	0.01502	0.16645	0.00928	0.02445	0.28246	0.04412	0.28931	0.03120	0.03356	0.01018	0.00694	0.00205	0.00583	0.00844	0.00625	0.00824
48	0.10320	0.39333	0.23905	0.01483	0.05313	0.04044	0.01520	0.03980	0.01402	0.01965	0.01031	0.01202	0.00844	0.00598	0.00503	0.00173	0.00780	0.00412	0.00309	0.00883
49	0.01704	0.12127	0.02878	0.04877	0.32424	0.09626	0.17314	0.02137	0.04385	0.01993	0.01236	0.01567	0.01014	0.00619	0.00693	0.00196	0.03358	0.00586	0.00335	0.00931
50	0.00913	0.00670	0.00855	0.00813	0.00973	0.00612	0.00608	0.01204	0.01813	0.02529	0.64062	0.06526	0.13176	0.01394	0.00778	0.00210	0.00314	0.01225	0.00710	0.00612
51	0.01144	0.00572	0.00858	0.00858	0.00858	0.00572	0.00572	0.00858	0.00858	0.01144	0.01144	0.02001	0.01144	0.02287	0.02573	0.80846	0.00572	0.00572	0.00286	0.00286
52	0.01258	0.01186	0.02002	0.72492	0.07206	0.01467	0.01836	0.01695	0.01324	0.01700	0.01173	0.01750	0.00884	0.00655	0.00658	0.00218	0.00874	0.00585	0.00294	0.00744
53	0.06847	0.01784	0.01903	0.01466	0.01985	0.01969	0.01211	0.64166	0.02940	0.06788	0.01584	0.01578	0.01117	0.00781	0.00645	0.00198	0.00706	0.00582	0.00651	0.01097
54	0.01220	0.00614	0.00616	0.00616	0.00766	0.00614	0.00459	0.01518	0.01369	0.02422	0.02146	0.02505	0.01707	0.02835	0.00539	0.00167	0.00316	0.00623	0.78341	0.00608
55	0.81514	0.01273	0.00968	0.00866	0.01273	0.01477	0.00713	0.01935	0.01120	0.02954	0.00917	0.01069	0.00713	0.00611	0.00407	0.00204	0.00509	0.00356	0.00407	0.00713
56	0.01539	0.01472	0.02509	0.20659	0.56843	0.01540	0.01976	0.01941	0.01456	0.02041	0.01222	0.01659	0.01004	0.00603	0.00653	0.00201	0.00804	0.00586	0.00318	0.00970
57	0.02179	0.01126	0.01434	0.01243	0.01630	0.01101	0.01039	0.11078	0.08681	0.35534	0.02755	0.03796	0.02276	0.01132	0.00739	0.00236	0.00591	0.21758	0.00716	0.00952
58	0.00957	0.00638	0.00718	0.00718	0.00718	0.00638	0.00399	0.00957	0.00957	0.01276	0.02074	0.04308	0.02393	0.76864	0.03351	0.00638	0.00638	0.00957	0.00399	0.00399
59	0.00853	0.00671	0.00775	0.00785	0.00968	0.00594	0.00598	0.01073	0.01595	0.02048	0.25810	0.10591	0.41508	0.01612	0.00794	0.00229	0.00356	0.07915	0.00645	0.00579
60	0.00956	0.00780	0.00979	0.03177	0.01211	0.03763	0.02867	0.01180	0.04555	0.01760	0.05609	0.60657	0.03893	0.04188	0.00891	0.00268	0.00465	0.01635	0.00582	0.00583
61	0.01552	0.04201	0.06224	0.02693	0.03366	0.01690	0.65894	0.02104	0.01541	0.02090	0.01314	0.01740	0.00988	0.00558	0.00761	0.00219	0.01093	0.00754	0.00329	0.00889
62	0.01695	0.45904	0.18459	0.01715	0.11717	0.02192	0.01541	0.06477	0.01486	0.01918	0.01061	0.01241	0.00888	0.00595	0.00513	0.00167	0.00775	0.00429	0.00311	0.00918
63	0.01596	0.01530	0.02612	0.10179	0.66879	0.01555	0.02004	0.01991	0.01483	0.02110	0.01232	0.01640	0.01029	0.00593	0.00652	0.00198	0.00790	0.00586	0.00323	0.01016
64	0.02122	0.12472	0.05741	0.03781	0.02277	0.03714	0.11558	0.37427	0.06887	0.05330	0.01510	0.01600	0.01110	0.00717	0.00641	0.00196	0.00788	0.00589	0.00527	0.01015
65	0.01805	0.08770	0.07431	0.04785	0.34458	0.01683	0.03757	0.10430	0.10718	0.07451	0.01528	0.01711	0.01179	0.00668	0.00636	0.00197	0.00745	0.00590	0.00436	0.01020
66	0.00940	0.00705	0.01058	0.01058	0.01176	0.00823	0.00823	0.01176	0.01058	0.01528	0.01763	0.02586	0.01646	0.04937	0.74255	0.01058	0.01763	0.00705	0.00353	0.00588
67	0.01149	0.00943	0.01048	0.00989	0.01239	0.00978	0.00759	0.01982	0.27280	0.02388	0.23885	0.06578	0.22923	0.01309	0.00745	0.00223	0.00408	0.03755	0.00665	0.00754
68	0.07504	0.14160	0.17111	0.01745	0.08291	0.04492	0.07817	0.08812	0.09360	0.08962	0.04472	0.01725	0.01319	0.00700	0.00610	0.00196	0.00761	0.00573	0.00448	0.00944
69	0.01694	0.61619	0.10352	0.01384	0.01998	0.02395	0.08969	0.01998	0.01367	0.01664	0.00988	0.01169	0.00861	0.00568	0.00482	0.00156	0.00776	0.00413	0.00287	0.00862
70	0.00802	0.00573	0.00764	0.00917	0.00955	0.00535	0.00611	0.00917	0.01260	0.01681	0.03628	0.76434	0.04354	0.02062	0.00840	0.00267	0.00382	0.01872	0.00611	0.00535
71	0.08889	0.06756	0.07102	0.04268	0.17752	0.07592	0.01446	0.20154	0.08886	0.05541	0.01438	0.01581	0.01099	0.00716	0.00677	0.00200	0.03911	0.00551	0.00466	0.00974
72	0.01691	0.01622	0.07101	0.05165	0.13317	0.01795	0.03714	0.10118	0.04346	0.06756	0.01246	0.01601	0.01023	0.00910	0.01368	0.00244	0.36118	0.00593	0.00389	0.00882
73	0.04388	0.71261	0.03388	0.01194	0.01757	0.02524	0.04311	0.01976	0.01340	0.01621	0.00935	0.01090	0.00848	0.00564	0.00438	0.00147	0.00716	0.00372	0.00288	0.00842
74	0.01457	0.02933	0.58611	0.01785	0.02645	0.01423	0.05449	0.02134	0.01475	0.08695	0.06074	0.01723	0.01274	0.00688	0.00646	0.00209	0.00897	0.00564	0.00360	0.00959
75	0.14116	0.01612	0.01943	0.04452	0.28207	0.07692	0.01411	0.11362	0.13440	0.04944	0.03517	0.01755	0.01309	0.00707	0.00617	0.00201	0.00705	0.00584	0.00468	0.00960
76	0.01382	0.01043	0.04150	0.01046	0.01339	0.00966	0.00840	0.04146	0.18326	0.11576	0.19357	0.15068	0.15500	0.01288	0.00736	0.00222	0.00449	0.01107	0.00665	0.00792
77	0.00839	0.00629	0.00778	0.00825	0.00948	0.00568	0.00587	0.01031	0.01519	0.02021	0.27049	0.35457	0.21889	0.01728	0.00804	0.00236	0.00346	0.01527	0.00649	0.00568
78	0.01504	0.11736	0.25154	0.02515	0.27899	0.04949	0.05394	0.01964	0.01441	0.01982	0.01399	0.08501	0.01251	0.00737	0.00636	0.00200	0.00831	0.00648	0.00333	0.00927
79	0.06768	0.22758	0.50156	0.01611	0.02438	0.01809	0.01973	0.02045	0.01358	0.02001	0.01094	0.01280	0.00829	0.00608	0.00557	0.00190	0.00871	0.00442	0.00288	0.00922
80	0.01554	0.01776	0.03885	0.02775	0.03441	0.01665	0.70366	0.02109	0.01554	0.02109	0.01332	0.01776	0.00999	0.00555	0.00777	0.00222	0.01110	0.00777	0.00333	0.00888
81	0.01254	0.01027	0.01379	0.10588	0.13228	0.01052	0.01074	0.03659	0.11139	0.04992	0.05842	0.10238	0.25168	0.01235	0.00733	0.00225	0.00540	0.05315	0.00547	0.00766
82	0.01678	0.01639	0.04790	0.03807	0.65918	0.01595	0.01982	0.06580	0.01602	0.02282	0.01259	0.01619	0.01042	0.00601	0.00651	0.00196	0.00784	0.00584	0.00347	0.01046
83	0.02641	0.01547	0.01610	0.01307	0.01769	0.13091	0.01049	0.08077	0.12507	0.45840	0.02278	0.02053	0.01522	0.00803	0.00652	0.00201	0.00668	0.00631	0.00704	0.01050
84	0.00827	0.00590	0.00792	0.00945	0.00994	0.00556	0.00654	0.00959	0.01285	0.01708	0.03615	0.69896	0.04301	0.02039	0.00847	0.00271	0.00403	0.08167	0.00611	0.00541
85	0.01537	0.02118	0.22420	0.07707	0.31850	0.07709	0.01907	0.02110	0.06419	0.02075	0.01472	0.03978	0.01244	0.00731	0.00658	0.00208	0.00840	0.03720	0.00356	0.00943
86	0.00878	0.00781	0.01025	0.00904	0.01163	0.00678	0.07675	0.01103	0.01554	0.01926	0.14781	0.05682	0.56435	0.01511	0.00778	0.00220	0.00410	0.01300	0.00598	0.00598
87	0.01616	0.01551	0.02648	0.06478	0.70424	0.01561	0.02014	0.02009	0.01493	0.02135	0.01236	0.01634	0.01037	0.00589	0.00652	0.00196	0.00785	0.00587	0.00325	0.01032
88	0.01534	0.01577	0.03013	0.15885	0.34543	0.01585	0.28027	0.01996	0.01488	0.02054	0.01262	0.01707	0.00997	0.00587	0.00701	0.00210	0.00923	0.00659	0.00323	0.00930
89	0.01996	0.08796	0.02129	0.01890	0.08912	0.38161	0.01387	0.02183	0.01514	0.01651	0.00982	0.01299	0.00872	0.00809	0.01078	0.00207	0.24552	0.00482	0.00317	0.00784
90	0.00940	0.00705	0.01058	0.01058	0.01176	0.00823	0.00823	0.01176	0.01058	0.01528	0.01763	0.02586	0.01646	0.04937	0.74255	0.01058	0.01763	0.00705	0.00353	0.00588
91	0.00801	0.00577	0.00759	0.00905	0.00952	0.00536	0.00606	0.00918	0.01271	0.01685	0.03769	0.73197	0.07501	0.02044	0.00837	0.00265	0.00380	0.01849	0.00611	0.00536
92	0.01447	0.08931	0.49621	0.02008	0.04501	0.03747	0.14327	0.02135	0.03435	0.02053	0.01226	0.01462	0.00903	0.00616	0.00637	0.00204	0.00964	0.00535	0.00302	0.00945
93	0.01572	0.01352	0.01429	0.01290	0.01647	0.01550	0.01002	0.03298	0.65749	0.02708	0.05711	0.02721	0.05156	0.00944	0.00679	0.00223	0.00504	0.00790	0.00670	0.01004
94	0.01814	0.01502	0.01588	0.01375	0.01779	0.01720	0.01085	0.17187	0.57592	0.03039	0.02455	0.02277	0.01828	0.00872	0.00668	0.00218	0.00563	0.00713	0.00668	0.01058
95	0.01043	0.00697	0.00896	0.00856	0.01033	0.00635	0.00648	0.01316	0.01757	0.07123	0.51421	0.11113	0.13277	0.01429	0.00780	0.00218	0.00348	0.04069	0.00703	0.00639
96	0.01479	0.18380	0.48662	0.01735	0.02519	0.05144	0.04342	0.02054	0.01381	0.01920	0.01103	0.01328	0.00844	0.00648	0.00689	0.00199	0.05898	0.00472	0.00284	0.00917
97	0.01983	0.02235	0.02328	0.03041	0.42594	0.32552	0.01701	0.02280	0.01655	0.01921	0.01144	0.01441	0.00960	0.00626	0.00627	0.00184	0.00955	0.00517	0.00332	0.00924
98	0.01732	0.01289	0.01408	0.01225	0.01597	0.01409	0.00964	0.10499	0.42936	0.10726	0.07929	0.02963	0.10431	0.00996	0.00688	0.00217	0.00511	0.00825	0.00682	0.00973
99	0.00981	0.00695	0.00888	0.00869	0.01042	0.00638	0.00674	0.01261	0.01744	0.04403	0.48736	0.06931	0.16253	0.01464	0.00794	0.00224	0.00365	0.10729	0.00690	0.00621
100	0.04296	0.37924	0.28879	0.01444	0.02140	0.01977	0.03489	0.02087	0.01400	0.06953	0.01218	0.01464	0.00980	0.00641	0.00537	0.00179	0.00794	0.02362	0.00333	0.00902
101	0.14376	0.02164	0.01653	0.01415	0.01818	0.33329	0.01107	0.16709	0.03767	0.11850	0.04667	0.01594	0.01264	0.00746	0.00598	0.00188	0.00849	0.00524	0.00505	0.00877
102	0.00809	0.00581	0.00771	0.00920	0.00966	0.00542	0.00622	0.00931	0.01274	0.01692	0.03696	0.72655	0.05959	0.02046	0.00841	0.00267	0.00388	0.03892	0.00611	0.00537
103	0.01502	0.01453	0.02531	0.26570	0.46493	0.01539	0.06504	0.01919	0.01445	0.01999	0.01223	0.01679	0.00987	0.00607	0.00662	0.00205	0.00834	0.00599	0.00316	0.00934
104	0.01909	0.01384	0.04208	0.20560	0.23010	0.01357	0.06417	0.05064	0.01623	0.22611	0.01714	0.04397	0.01278	0.00728	0.00671	0.00209	0.00754	0.00663	0.00481	0.00961
105	0.01478	0.00822	0.01064	0.00989	0.01214	0.00766	0.00759	0.04835	0.01686	0.19420	0.23137	0.19043	0.06550	0.06724	0.00952	0.00260	0.00461	0.08433	0.00680	0.00728
106	0.01025	0.00735	0.00929	0.00975	0.01147	0.00700	0.00776	0.01342	0.04814	0.04498	0.18534	0.17197	0.18612	0.01649	0.00823	0.00253	0.00446	0.24276	0.00643	0.00625
107	0.17431	0.04958	0.18290	0.02138	0.13948	0.03324	0.17941	0.02199	0.04188	0.07588	0.01324	0.01545	0.00990	0.00623	0.00618	0.00205	0.00829	0.00563	0.00382	0.00916

[dist]
# distance from previous block
# <min> <max>
0	8

# created by:
# /home/berkeley/.conda/envs/busco_data_prod/bin/msa2prfl.pl pipeline/OGs_align_augustus/4893/30456.fs
