[name]
unknown

[dist]
# distance from previous block
# <min> <max>
0	30

[block]
# block no. 0 follows, 34 sequences, length 46
# corresponding to MSA columns:
# 30-75
name=unknown_A
#
# <colnr> <probs for GDERKNQSTAVLIFYWHMCP>
#	G	D	E	R	K	N	Q	S	T	A	V	L	I	F	Y	W	H	M	C	P
0	0.01372	0.00923	0.01203	0.01231	0.01456	0.00941	0.01062	0.11646	0.01738	0.07029	0.03090	0.06112	0.03195	0.01572	0.00840	0.00276	0.00609	0.54387	0.00616	0.00702
1	0.01575	0.01211	0.01300	0.01040	0.01452	0.07317	0.00818	0.05631	0.03572	0.11368	0.22241	0.02487	0.02556	0.00807	0.00606	0.00155	0.00510	0.00668	0.00548	0.34136
2	0.02364	0.04242	0.01904	0.01432	0.01932	0.01907	0.01182	0.56587	0.10797	0.08421	0.01719	0.01675	0.01223	0.00781	0.00640	0.00195	0.00677	0.00595	0.00645	0.01081
3	0.00793	0.00565	0.00748	0.00892	0.00928	0.00529	0.00592	0.00901	0.01225	0.01634	0.03501	0.74024	0.04198	0.04974	0.00921	0.00277	0.00385	0.01802	0.00592	0.00520
4	0.14267	0.01208	0.04372	0.01075	0.01479	0.01108	0.00892	0.06308	0.06200	0.11964	0.06585	0.10968	0.03668	0.00898	0.00670	0.00185	0.04389	0.00716	0.00520	0.22528
5	0.01563	0.39698	0.33948	0.01503	0.02224	0.05161	0.03993	0.02015	0.01364	0.01769	0.01030	0.01208	0.00830	0.00584	0.00520	0.00171	0.00839	0.00420	0.00279	0.00882
6	0.00872	0.00680	0.01040	0.01082	0.01183	0.00639	0.06764	0.01037	0.01283	0.01709	0.03353	0.64655	0.03941	0.01876	0.00825	0.00261	0.00455	0.07207	0.00576	0.00561
7	0.01148	0.00814	0.01010	0.00952	0.01161	0.00806	0.00742	0.01695	0.13375	0.06479	0.46812	0.04618	0.07513	0.01284	0.00754	0.00217	0.00387	0.08843	0.00690	0.00701
8	0.01646	0.01465	0.02476	0.11333	0.61247	0.01486	0.01894	0.02026	0.01478	0.06834	0.01297	0.01652	0.01045	0.00598	0.00641	0.00195	0.00763	0.00580	0.00348	0.00996
9	0.21767	0.01614	0.01783	0.01705	0.12766	0.01781	0.01207	0.40943	0.04932	0.03431	0.01381	0.01468	0.01022	0.00706	0.00585	0.00196	0.00660	0.00530	0.00536	0.00986
10	0.00786	0.00568	0.00743	0.00883	0.00933	0.00526	0.00593	0.00902	0.01253	0.01656	0.03760	0.72162	0.08853	0.01998	0.00821	0.00259	0.00372	0.01805	0.00600	0.00526
11	0.04440	0.01918	0.01729	0.01789	0.14314	0.25266	0.01198	0.20388	0.01980	0.02486	0.01791	0.01924	0.07317	0.00772	0.00605	0.00182	0.00782	0.00590	0.09676	0.00854
12	0.01746	0.00989	0.01331	0.01094	0.01448	0.00918	0.05448	0.04060	0.08273	0.28058	0.20588	0.03648	0.17444	0.01090	0.00709	0.00207	0.00480	0.00938	0.00688	0.00842
13	0.02740	0.01174	0.01571	0.01220	0.01677	0.01110	0.01009	0.07539	0.01854	0.62780	0.02334	0.02088	0.01501	0.00827	0.00778	0.00207	0.07146	0.00638	0.00744	0.01065
14	0.01128	0.00829	0.00878	0.00832	0.00898	0.03640	0.00525	0.07133	0.01164	0.01528	0.01933	0.03763	0.02132	0.62815	0.07714	0.00598	0.00728	0.00872	0.00408	0.00479
15	0.05698	0.11392	0.33123	0.01671	0.02347	0.10650	0.08560	0.10001	0.03262	0.02226	0.02839	0.01548	0.02562	0.00667	0.00602	0.00193	0.00875	0.00528	0.00361	0.00896
16	0.08350	0.01633	0.01734	0.01511	0.06594	0.08112	0.02312	0.36775	0.02305	0.13181	0.01898	0.04152	0.04916	0.00820	0.00630	0.00195	0.00683	0.00641	0.02586	0.00970
17	0.15948	0.01541	0.02368	0.06800	0.44417	0.03603	0.09167	0.04768	0.01475	0.02288	0.01173	0.01509	0.00950	0.00591	0.00609	0.00197	0.00768	0.00551	0.00347	0.00929
18	0.01705	0.67568	0.03376	0.01390	0.05774	0.02428	0.06558	0.01948	0.01338	0.01596	0.00948	0.01122	0.00852	0.00553	0.00454	0.00147	0.00726	0.00391	0.00283	0.00843
19	0.01100	0.00922	0.01054	0.01036	0.01147	0.08542	0.00769	0.01244	0.01090	0.01438	0.01647	0.02602	0.01602	0.15237	0.49724	0.07870	0.01401	0.00690	0.00346	0.00541
20	0.01660	0.16411	0.25625	0.06914	0.04598	0.04477	0.01556	0.10150	0.03160	0.08429	0.03607	0.01979	0.05608	0.00756	0.00606	0.00193	0.00762	0.02196	0.00416	0.00896
21	0.02132	0.01610	0.01909	0.01502	0.01981	0.01752	0.07207	0.40373	0.21224	0.08273	0.02026	0.01972	0.03357	0.00808	0.00663	0.00204	0.00669	0.00664	0.00631	0.01043
22	0.01204	0.00602	0.00602	0.00602	0.00753	0.00602	0.00452	0.01506	0.01355	0.02409	0.02108	0.02409	0.01656	0.00753	0.00452	0.00151	0.00301	0.00602	0.80879	0.00602
23	0.01482	0.02091	0.28804	0.02071	0.14297	0.01412	0.10154	0.10082	0.03528	0.04094	0.05277	0.10503	0.01631	0.00831	0.00674	0.00210	0.00788	0.00746	0.00416	0.00911
24	0.01584	0.05470	0.02824	0.05628	0.57031	0.01600	0.12421	0.01984	0.01466	0.02061	0.01211	0.01596	0.01002	0.00572	0.00647	0.00194	0.00815	0.00592	0.00318	0.00982
25	0.00789	0.00571	0.00741	0.00875	0.00926	0.00529	0.00586	0.00903	0.01249	0.01647	0.03765	0.69390	0.09772	0.03838	0.00880	0.00268	0.00377	0.01777	0.00595	0.00523
26	0.01029	0.00632	0.00828	0.00909	0.01014	0.00575	0.00631	0.01161	0.01327	0.09965	0.03685	0.62561	0.09511	0.01852	0.00800	0.00252	0.00391	0.01662	0.00623	0.00593
27	0.17281	0.01280	0.01347	0.01101	0.01542	0.01308	0.00879	0.12138	0.19256	0.05837	0.05214	0.03895	0.01556	0.00743	0.00563	0.00175	0.00516	0.00583	0.00533	0.24251
28	0.01811	0.01164	0.01409	0.01032	0.01584	0.00934	0.00835	0.05020	0.01551	0.21646	0.01546	0.01582	0.01138	0.00579	0.00532	0.00128	0.00508	0.00464	0.00507	0.56029
29	0.00849	0.00691	0.00756	0.00739	0.00941	0.00617	0.00554	0.01135	0.05148	0.02026	0.24696	0.07627	0.48882	0.01521	0.00760	0.00215	0.00332	0.01291	0.00634	0.00587
30	0.01573	0.01693	0.08839	0.03781	0.67120	0.01532	0.02018	0.01988	0.01462	0.02105	0.01211	0.01579	0.01006	0.00579	0.00637	0.00193	0.00784	0.00567	0.00316	0.01018
31	0.00828	0.00682	0.00733	0.00735	0.00932	0.00605	0.00545	0.01089	0.05062	0.01892	0.14564	0.13514	0.53344	0.01600	0.00765	0.00221	0.00339	0.01358	0.00617	0.00576
32	0.01310	0.05811	0.71601	0.01817	0.02759	0.01536	0.02345	0.02043	0.01362	0.02029	0.01151	0.01353	0.00819	0.00612	0.00607	0.00202	0.00946	0.00473	0.00273	0.00951
33	0.00787	0.00562	0.00750	0.00900	0.00937	0.00525	0.00600	0.00900	0.01237	0.01649	0.03561	0.76871	0.04274	0.02024	0.00825	0.00262	0.00375	0.01837	0.00600	0.00525
34	0.00768	0.00639	0.00670	0.00695	0.00883	0.00542	0.00509	0.00923	0.01434	0.01730	0.06051	0.17928	0.61609	0.01701	0.00774	0.00226	0.00335	0.01442	0.00600	0.00542
35	0.01599	0.01535	0.02623	0.03966	0.73262	0.01535	0.01983	0.01983	0.01471	0.02111	0.01215	0.01599	0.01023	0.00576	0.00640	0.00192	0.00768	0.00576	0.00320	0.01023
36	0.02338	0.02215	0.01713	0.01489	0.01852	0.39165	0.01156	0.05777	0.12761	0.18028	0.01615	0.01623	0.01194	0.00762	0.00706	0.00190	0.05502	0.00534	0.00499	0.00883
37	0.12184	0.04900	0.01892	0.07265	0.11584	0.44015	0.01316	0.04225	0.01646	0.01891	0.01034	0.01262	0.00851	0.00655	0.00608	0.00180	0.02912	0.00447	0.00342	0.00789
38	0.00788	0.00589	0.00733	0.00838	0.00924	0.00534	0.00575	0.00923	0.01324	0.01722	0.07921	0.56503	0.20485	0.01896	0.00807	0.00249	0.00360	0.01691	0.00606	0.00534
39	0.00819	0.00578	0.00749	0.00863	0.00901	0.00546	0.00567	0.00924	0.01222	0.01638	0.07172	0.61126	0.04064	0.14148	0.01219	0.00318	0.00412	0.01655	0.00572	0.00508
40	0.00821	0.00645	0.00723	0.00724	0.00889	0.00567	0.00524	0.01002	0.01497	0.01915	0.23300	0.12519	0.42613	0.08185	0.00989	0.00254	0.00352	0.01321	0.00611	0.00547
41	0.01343	0.01159	0.01365	0.00986	0.01538	0.00905	0.00791	0.01624	0.01326	0.02084	0.01137	0.01343	0.00953	0.00504	0.00542	0.00103	0.03420	0.00390	0.00379	0.78109
42	0.01749	0.75374	0.03338	0.01123	0.01669	0.04787	0.01110	0.01955	0.01329	0.01522	0.00901	0.01040	0.00829	0.00556	0.00420	0.00139	0.00706	0.00348	0.00278	0.00827
43	0.00960	0.00735	0.00976	0.01149	0.07283	0.00698	0.00734	0.03404	0.01383	0.01856	0.09823	0.42893	0.10808	0.08281	0.01000	0.00273	0.00442	0.04068	0.00563	0.02671
44	0.07114	0.03683	0.02309	0.02010	0.11030	0.13621	0.18752	0.15832	0.05829	0.04128	0.04282	0.05560	0.01403	0.00749	0.00657	0.00200	0.00825	0.00676	0.00453	0.00889
45	0.01909	0.01749	0.01943	0.17506	0.12945	0.17498	0.04088	0.17242	0.01888	0.07770	0.01800	0.01976	0.07315	0.00763	0.00646	0.00196	0.00819	0.00624	0.00449	0.00874

[dist]
# distance from previous block
# <min> <max>
0	7

[block]
# block no. 1 follows, 34 sequences, length 46
# corresponding to MSA columns:
# 83-128
name=unknown_B
#
# <colnr> <probs for GDERKNQSTAVLIFYWHMCP>
#	G	D	E	R	K	N	Q	S	T	A	V	L	I	F	Y	W	H	M	C	P
0	0.09757	0.01782	0.10651	0.05361	0.03845	0.07471	0.17103	0.08658	0.10403	0.13119	0.01671	0.04503	0.01266	0.00729	0.00648	0.00207	0.00789	0.00649	0.00478	0.00911
1	0.02287	0.05048	0.09146	0.01644	0.02069	0.56116	0.01356	0.11164	0.01922	0.01941	0.01082	0.01230	0.00864	0.00671	0.00589	0.00173	0.01073	0.00441	0.00365	0.00816
2	0.01509	0.14752	0.39982	0.01776	0.02532	0.01702	0.12627	0.04155	0.08994	0.03991	0.01345	0.01509	0.00997	0.00631	0.00611	0.00197	0.00868	0.00535	0.00347	0.00937
3	0.10655	0.03962	0.01854	0.01404	0.01852	0.01384	0.13494	0.12449	0.13436	0.16810	0.07155	0.02457	0.08533	0.00849	0.00654	0.00205	0.00625	0.00734	0.00581	0.00906
4	0.00923	0.00692	0.01038	0.01038	0.01154	0.00808	0.00808	0.01154	0.01038	0.01500	0.01731	0.02538	0.01615	0.04846	0.74732	0.01038	0.01731	0.00692	0.00346	0.00577
5	0.00804	0.00608	0.00752	0.00848	0.00952	0.00556	0.00604	0.00952	0.01333	0.01715	0.05908	0.47312	0.24792	0.01949	0.02716	0.00270	0.00410	0.06384	0.00595	0.00539
6	0.02123	0.04445	0.03990	0.01803	0.04298	0.54169	0.10245	0.02371	0.01756	0.01743	0.06122	0.01514	0.01228	0.00690	0.00617	0.00177	0.01066	0.00519	0.00356	0.00771
7	0.01727	0.77681	0.03386	0.01106	0.01658	0.02557	0.01106	0.01935	0.01313	0.01520	0.00898	0.01036	0.00829	0.00553	0.00415	0.00138	0.00691	0.00345	0.00276	0.00829
8	0.00786	0.00566	0.00746	0.00890	0.00935	0.00526	0.00595	0.00901	0.01247	0.01653	0.03685	0.73942	0.07122	0.02008	0.00822	0.00261	0.00373	0.01817	0.00600	0.00526
9	0.01865	0.02618	0.21440	0.01617	0.02112	0.35255	0.03603	0.02337	0.06967	0.04882	0.02977	0.04762	0.01293	0.00897	0.03000	0.00219	0.00985	0.01961	0.00386	0.00824
10	0.01011	0.00815	0.00863	0.00803	0.01042	0.00770	0.00610	0.07777	0.06630	0.02127	0.14612	0.05237	0.49190	0.04595	0.00850	0.00231	0.00386	0.01201	0.00615	0.00634
11	0.02254	0.01298	0.01513	0.01242	0.01677	0.01351	0.00999	0.13335	0.29628	0.32420	0.02414	0.02194	0.01674	0.00824	0.00644	0.00205	0.00548	0.00669	0.04062	0.01049
12	0.01560	0.01598	0.04692	0.15479	0.55019	0.04609	0.03761	0.01958	0.01455	0.02010	0.01196	0.01598	0.00982	0.00591	0.00641	0.00196	0.00814	0.00571	0.00314	0.00956
13	0.01564	0.01501	0.02377	0.16993	0.51289	0.04238	0.01851	0.04125	0.01488	0.02047	0.01264	0.01776	0.01067	0.00652	0.00689	0.00201	0.02916	0.02693	0.00332	0.00937
14	0.00933	0.00743	0.00774	0.00736	0.00941	0.00678	0.00539	0.06554	0.01529	0.01889	0.08205	0.05473	0.53325	0.13476	0.01152	0.00280	0.00404	0.01226	0.00576	0.00568
15	0.00830	0.00569	0.00752	0.00875	0.00905	0.00538	0.00575	0.00899	0.01174	0.01566	0.03207	0.63318	0.03821	0.09877	0.01217	0.06774	0.00416	0.01641	0.00553	0.00491
16	0.01320	0.03198	0.68240	0.02012	0.08432	0.01503	0.02355	0.02041	0.01373	0.02051	0.01164	0.01383	0.00835	0.00611	0.00616	0.00204	0.00940	0.00485	0.00277	0.00960
17	0.00791	0.00648	0.00697	0.00701	0.00894	0.00555	0.00520	0.00974	0.01514	0.01880	0.17499	0.11634	0.56222	0.01614	0.00768	0.00219	0.00327	0.01369	0.00619	0.00555
18	0.72944	0.01185	0.00934	0.00841	0.01215	0.01355	0.00686	0.01816	0.01169	0.02840	0.06830	0.01507	0.03306	0.00689	0.00440	0.00201	0.00479	0.00446	0.00431	0.00688
19	0.02774	0.01104	0.01487	0.01134	0.01640	0.00943	0.00935	0.03027	0.01809	0.67982	0.02437	0.02130	0.01548	0.00774	0.00636	0.00192	0.00544	0.00628	0.00766	0.07509
20	0.00785	0.00570	0.00742	0.00880	0.00932	0.00526	0.00591	0.00902	0.01256	0.01657	0.03800	0.71220	0.09770	0.01993	0.00820	0.00259	0.00371	0.01799	0.00600	0.00526
21	0.01846	0.01158	0.01333	0.01099	0.01445	0.01198	0.00879	0.25037	0.06934	0.14933	0.22966	0.02803	0.02795	0.00945	0.00655	0.00193	0.00495	0.00779	0.11623	0.00882
22	0.02431	0.04666	0.01938	0.01458	0.01955	0.07933	0.01199	0.56009	0.04919	0.08644	0.01585	0.01573	0.01129	0.00763	0.00633	0.00191	0.00730	0.00569	0.00618	0.01058
23	0.00839	0.00731	0.00725	0.00716	0.00924	0.02929	0.00535	0.01023	0.01531	0.01863	0.16112	0.07477	0.59215	0.01568	0.00759	0.00215	0.00352	0.01315	0.00608	0.00561
24	0.04671	0.01295	0.01414	0.08280	0.01704	0.15012	0.04865	0.01537	0.01224	0.01581	0.01487	0.02325	0.01409	0.15274	0.30876	0.00608	0.04820	0.00654	0.00344	0.00620
25	0.01492	0.04561	0.01414	0.03520	0.01558	0.13983	0.03008	0.05635	0.19607	0.02161	0.07237	0.19048	0.02409	0.03438	0.00744	0.00220	0.00611	0.00923	0.07672	0.00759
26	0.01301	0.03472	0.05446	0.08287	0.04646	0.01105	0.01033	0.15722	0.01627	0.02175	0.02442	0.31811	0.02624	0.08677	0.00981	0.00272	0.00592	0.06559	0.00519	0.00710
27	0.01728	0.45291	0.09471	0.04096	0.16628	0.07541	0.01431	0.02026	0.01402	0.03586	0.01046	0.01243	0.00890	0.00581	0.00505	0.00161	0.00768	0.00425	0.00303	0.00878
28	0.01027	0.00787	0.00785	0.00786	0.00812	0.05639	0.00467	0.01048	0.01025	0.01308	0.02093	0.10087	0.02407	0.65812	0.02899	0.00565	0.00642	0.00979	0.00405	0.00427
29	0.01637	0.38481	0.26287	0.01474	0.02158	0.01986	0.06436	0.03876	0.03015	0.05445	0.01158	0.01304	0.00911	0.00596	0.00529	0.00171	0.00789	0.00449	0.00326	0.02972
30	0.13327	0.01541	0.01688	0.01486	0.06780	0.06942	0.03964	0.28323	0.03689	0.12513	0.07539	0.02101	0.05658	0.00818	0.00628	0.00197	0.00654	0.00648	0.00575	0.00929
31	0.00939	0.00629	0.00717	0.00717	0.00721	0.00633	0.00407	0.00948	0.00943	0.01262	0.02025	0.04166	0.02322	0.74601	0.05943	0.00642	0.00667	0.00930	0.00390	0.00398
32	0.01406	0.05120	0.23991	0.02320	0.09969	0.01510	0.31867	0.01947	0.01440	0.02009	0.01441	0.02107	0.01197	0.00856	0.03770	0.00249	0.00984	0.06612	0.00332	0.00873
33	0.05691	0.07928	0.01933	0.01544	0.01944	0.47120	0.01210	0.20824	0.02087	0.02298	0.01135	0.01255	0.00898	0.00684	0.00580	0.00173	0.00983	0.00453	0.00416	0.00846
34	0.00977	0.05897	0.01132	0.00981	0.01104	0.00887	0.00750	0.01163	0.01045	0.01462	0.01776	0.04701	0.01760	0.17056	0.55333	0.00885	0.01433	0.00742	0.00356	0.00560
35	0.00975	0.00674	0.00823	0.00811	0.00854	0.00709	0.00520	0.02828	0.01020	0.01390	0.01945	0.03724	0.02128	0.56686	0.21570	0.00721	0.00912	0.00867	0.00387	0.00458
36	0.02331	0.05117	0.01795	0.01498	0.06811	0.08538	0.01133	0.23535	0.09528	0.25981	0.05644	0.01967	0.01573	0.00788	0.00637	0.00194	0.00663	0.00623	0.00630	0.01014
37	0.01503	0.01684	0.03615	0.02743	0.08218	0.01586	0.63443	0.02020	0.01511	0.02057	0.01384	0.04520	0.01106	0.00602	0.00756	0.00218	0.01040	0.00789	0.00336	0.00869
38	0.00925	0.00604	0.00796	0.00900	0.00980	0.00556	0.00617	0.01055	0.01307	0.06285	0.05807	0.66201	0.07722	0.01904	0.00808	0.00254	0.00381	0.01716	0.00616	0.00565
39	0.03899	0.01273	0.01974	0.57063	0.10665	0.01518	0.01707	0.10538	0.01526	0.02042	0.01199	0.01668	0.00902	0.00654	0.00638	0.00210	0.00822	0.00568	0.00339	0.00795
40	0.01524	0.01051	0.01323	0.01099	0.01439	0.01005	0.03412	0.12282	0.06921	0.11537	0.25345	0.11894	0.03223	0.01059	0.00684	0.00193	0.00478	0.00920	0.00627	0.13982
41	0.00947	0.00645	0.00830	0.00830	0.00870	0.00684	0.00547	0.01007	0.00967	0.01329	0.01866	0.03484	0.02009	0.46954	0.27930	0.06455	0.01004	0.00827	0.00368	0.00448
42	0.00924	0.00690	0.01027	0.01027	0.01138	0.00801	0.00793	0.01146	0.01035	0.01491	0.01741	0.02597	0.01641	0.07354	0.72258	0.01024	0.01692	0.00701	0.00348	0.00570
43	0.00940	0.00626	0.00705	0.00705	0.00705	0.00626	0.00392	0.00940	0.00940	0.01253	0.02036	0.04228	0.02349	0.77292	0.03289	0.00626	0.00626	0.00940	0.00392	0.00392
44	0.12510	0.03774	0.01624	0.01292	0.01704	0.15376	0.01041	0.36805	0.02257	0.03131	0.01432	0.01532	0.01076	0.00723	0.00567	0.00181	0.00706	0.00518	0.12855	0.00898
45	0.01955	0.16734	0.02132	0.01649	0.09589	0.19033	0.01218	0.16263	0.06583	0.03877	0.01460	0.03522	0.02793	0.00745	0.00660	0.00179	0.04712	0.00546	0.00431	0.05922

[dist]
# distance from previous block
# <min> <max>
0	2

[block]
# block no. 2 follows, 34 sequences, length 40
# corresponding to MSA columns:
# 131-170
name=unknown_C
#
# <colnr> <probs for GDERKNQSTAVLIFYWHMCP>
#	G	D	E	R	K	N	Q	S	T	A	V	L	I	F	Y	W	H	M	C	P
0	0.03633	0.04113	0.01539	0.01346	0.01644	0.42186	0.01027	0.05996	0.03465	0.01971	0.14806	0.02353	0.07571	0.01078	0.04314	0.00223	0.00900	0.00657	0.00450	0.00726
1	0.01768	0.07731	0.06959	0.01779	0.10707	0.04070	0.05292	0.16245	0.01695	0.05869	0.01239	0.01466	0.00984	0.00714	0.00869	0.00188	0.14654	0.00521	0.00411	0.16841
2	0.01536	0.01667	0.10960	0.05688	0.31434	0.03046	0.05564	0.04028	0.15221	0.03922	0.04260	0.02159	0.06134	0.00748	0.00659	0.00203	0.00721	0.00675	0.00430	0.00945
3	0.00814	0.00569	0.00758	0.00887	0.00927	0.00534	0.00592	0.00914	0.01239	0.01659	0.06847	0.67494	0.04154	0.04263	0.00978	0.04171	0.00388	0.01715	0.00584	0.00513
4	0.04761	0.01871	0.08400	0.01436	0.01952	0.09054	0.01256	0.38705	0.02391	0.17800	0.01726	0.01864	0.01251	0.00793	0.00641	0.00198	0.00735	0.03549	0.00602	0.01016
5	0.01611	0.13791	0.38730	0.04464	0.05887	0.09446	0.04333	0.02217	0.05658	0.06135	0.01280	0.01444	0.00953	0.00634	0.00594	0.00192	0.00881	0.00495	0.00338	0.00919
6	0.02456	0.01810	0.01939	0.01487	0.02004	0.02004	0.01228	0.71107	0.03038	0.04072	0.01551	0.01551	0.01099	0.00776	0.00646	0.00194	0.00711	0.00582	0.00646	0.01099
7	0.01587	0.21021	0.45144	0.01621	0.02392	0.07560	0.01890	0.08007	0.01533	0.02058	0.01118	0.01286	0.00846	0.00617	0.00566	0.00185	0.00887	0.00450	0.00311	0.00921
8	0.02112	0.09663	0.05685	0.01975	0.14127	0.41979	0.01401	0.09386	0.01797	0.01942	0.01114	0.01320	0.00916	0.00780	0.02925	0.00200	0.01013	0.00465	0.00355	0.00844
9	0.01560	0.01495	0.02552	0.11403	0.66132	0.01525	0.01963	0.01949	0.01453	0.02063	0.01208	0.01612	0.01007	0.00583	0.00640	0.00194	0.00777	0.00576	0.00316	0.00992
10	0.02199	0.06064	0.01951	0.01609	0.08451	0.01807	0.01206	0.50185	0.02523	0.06816	0.01569	0.01772	0.01203	0.06030	0.03445	0.00250	0.00738	0.00599	0.00574	0.01010
11	0.01589	0.01596	0.05015	0.03895	0.70898	0.01534	0.01997	0.01985	0.01468	0.02109	0.01214	0.01591	0.01017	0.00577	0.00639	0.00192	0.00774	0.00572	0.00318	0.01021
12	0.00782	0.00581	0.00730	0.00850	0.00924	0.00529	0.00578	0.00905	0.01285	0.01669	0.04171	0.62446	0.18304	0.01945	0.00812	0.00253	0.00365	0.01740	0.00600	0.00529
13	0.00855	0.00756	0.00736	0.00731	0.00936	0.03793	0.00544	0.01032	0.01517	0.01832	0.13953	0.09862	0.58045	0.01579	0.00759	0.00217	0.00364	0.01326	0.00601	0.00561
14	0.02317	0.01676	0.01790	0.01388	0.01865	0.01848	0.01142	0.63367	0.02851	0.03887	0.01613	0.01647	0.01161	0.00773	0.00625	0.00189	0.00665	0.00584	0.09569	0.01044
15	0.00786	0.00568	0.00744	0.00885	0.00933	0.00526	0.00593	0.00901	0.01251	0.01655	0.03736	0.72743	0.08289	0.02002	0.00821	0.00260	0.00372	0.01809	0.00600	0.00526
16	0.01064	0.00915	0.01143	0.01117	0.01245	0.06788	0.00870	0.01286	0.01100	0.01509	0.01633	0.02379	0.01519	0.04348	0.65608	0.00935	0.04936	0.00665	0.00342	0.00596
17	0.00810	0.00579	0.00776	0.00926	0.00973	0.00545	0.00640	0.00939	0.01260	0.01675	0.03549	0.70589	0.04223	0.02003	0.00831	0.00266	0.00395	0.07892	0.00599	0.00531
18	0.00787	0.00562	0.00750	0.00900	0.00937	0.00525	0.00600	0.00900	0.01237	0.01649	0.03561	0.76871	0.04274	0.02024	0.00825	0.00262	0.00375	0.01837	0.00600	0.00525
19	0.01020	0.00973	0.00864	0.00840	0.01057	0.09659	0.00627	0.01261	0.04093	0.01881	0.15471	0.09384	0.47610	0.01466	0.00741	0.00212	0.00436	0.01224	0.00586	0.00596
20	0.00800	0.00570	0.00752	0.00886	0.00927	0.00534	0.00590	0.00916	0.01248	0.01671	0.06517	0.70110	0.04257	0.05736	0.00944	0.00278	0.00384	0.01763	0.00594	0.00522
21	0.00815	0.00599	0.00825	0.05616	0.01159	0.00582	0.00675	0.00947	0.01241	0.01650	0.03409	0.72135	0.04058	0.01937	0.00813	0.00259	0.00406	0.01757	0.00580	0.00537
22	0.02534	0.01685	0.01862	0.01427	0.01942	0.01819	0.01179	0.59180	0.02829	0.16294	0.01726	0.01665	0.01187	0.00780	0.00647	0.00195	0.00683	0.00594	0.00673	0.01099
23	0.01601	0.06830	0.12321	0.04431	0.10370	0.09572	0.38926	0.02077	0.01495	0.01956	0.01201	0.01561	0.00931	0.00592	0.00729	0.00205	0.03383	0.00631	0.00314	0.00873
24	0.63981	0.01661	0.01148	0.01033	0.01418	0.17931	0.00823	0.02053	0.01264	0.02603	0.00922	0.01076	0.00730	0.00615	0.00441	0.00192	0.00650	0.00365	0.00385	0.00711
25	0.01711	0.49825	0.16638	0.01345	0.01920	0.09311	0.01386	0.03739	0.01398	0.01693	0.00972	0.01147	0.00835	0.00615	0.00575	0.00164	0.05195	0.00396	0.00291	0.00845
26	0.00980	0.00774	0.00915	0.00869	0.01069	0.00766	0.00661	0.01472	0.12458	0.02261	0.36346	0.04607	0.23596	0.01702	0.08346	0.00296	0.00489	0.01106	0.00635	0.00652
27	0.01734	0.01451	0.01533	0.01341	0.01729	0.01666	0.01053	0.13556	0.61765	0.02908	0.02469	0.02282	0.01842	0.00862	0.00656	0.00215	0.00541	0.00708	0.00656	0.01034
28	0.06210	0.01498	0.04595	0.16696	0.50815	0.01514	0.01840	0.01989	0.04817	0.02099	0.01251	0.01621	0.01014	0.00606	0.00627	0.00198	0.00763	0.00567	0.00333	0.00947
29	0.00924	0.00620	0.00709	0.00725	0.00729	0.00616	0.00413	0.00936	0.00970	0.01294	0.02193	0.11691	0.02547	0.69560	0.03036	0.00589	0.00601	0.01032	0.00413	0.00405
30	0.01414	0.01414	0.01979	0.01696	0.01696	0.01979	0.01414	0.01555	0.00990	0.01555	0.00848	0.01414	0.00848	0.01131	0.02120	0.00283	0.76110	0.00565	0.00283	0.00707
31	0.02456	0.01810	0.01939	0.01487	0.02004	0.02004	0.01228	0.71107	0.03038	0.04072	0.01551	0.01551	0.01099	0.00776	0.00646	0.00194	0.00711	0.00582	0.00646	0.01099
32	0.01312	0.03232	0.69119	0.01902	0.02836	0.01510	0.07102	0.02048	0.01375	0.02048	0.01170	0.01390	0.00830	0.00609	0.00624	0.00206	0.00964	0.00497	0.00277	0.00949
33	0.00803	0.00569	0.00745	0.00880	0.00913	0.00535	0.00578	0.00904	0.01207	0.01609	0.03405	0.69408	0.04076	0.09757	0.01078	0.00300	0.00401	0.01745	0.00578	0.00511
34	0.01324	0.03147	0.65369	0.01949	0.02867	0.01517	0.10766	0.02049	0.01384	0.02049	0.01178	0.01410	0.00838	0.00605	0.00632	0.00206	0.00971	0.00512	0.00279	0.00945
35	0.00931	0.00660	0.00875	0.00875	0.00934	0.00719	0.00604	0.01049	0.00990	0.01379	0.01880	0.03364	0.01974	0.40254	0.39814	0.00837	0.01191	0.00813	0.00368	0.00486
36	0.00800	0.00570	0.00755	0.00888	0.00930	0.00534	0.00593	0.00920	0.01262	0.01691	0.07640	0.69967	0.04313	0.04687	0.00910	0.00272	0.00380	0.01765	0.00599	0.00525
37	0.16780	0.30967	0.02315	0.01223	0.01732	0.02115	0.01084	0.31700	0.02016	0.02872	0.01180	0.01260	0.00921	0.00657	0.00512	0.00174	0.00664	0.00448	0.00458	0.00921
38	0.01504	0.01440	0.02439	0.20718	0.54519	0.01528	0.01918	0.01890	0.01412	0.01983	0.01186	0.01621	0.00979	0.00612	0.00695	0.00201	0.03529	0.00575	0.00311	0.00940
39	0.01360	0.01368	0.01864	0.18527	0.02311	0.06654	0.03908	0.01594	0.01165	0.01601	0.01318	0.01834	0.04521	0.01374	0.09021	0.00331	0.39625	0.00617	0.00311	0.00697

[dist]
# distance from previous block
# <min> <max>
0	1

[block]
# block no. 3 follows, 34 sequences, length 35
# corresponding to MSA columns:
# 172-206
name=unknown_D
#
# <colnr> <probs for GDERKNQSTAVLIFYWHMCP>
#	G	D	E	R	K	N	Q	S	T	A	V	L	I	F	Y	W	H	M	C	P
0	0.00793	0.00628	0.00704	0.00741	0.00892	0.00549	0.00529	0.00948	0.01417	0.01778	0.11926	0.25907	0.43978	0.05117	0.00894	0.00248	0.00352	0.01459	0.00601	0.00539
1	0.23550	0.05113	0.03785	0.04747	0.10913	0.01413	0.03191	0.07336	0.09077	0.02471	0.01549	0.01690	0.04690	0.00667	0.00541	0.00178	0.00595	0.00523	0.00426	0.17546
2	0.02362	0.08892	0.01960	0.01610	0.01971	0.64677	0.01236	0.06608	0.01862	0.01725	0.01024	0.01178	0.00848	0.00663	0.00573	0.00166	0.01101	0.00420	0.00347	0.00776
3	0.00816	0.00592	0.00768	0.00888	0.00955	0.00551	0.00617	0.00954	0.01299	0.01719	0.07681	0.58992	0.10244	0.04506	0.00905	0.00270	0.00392	0.06720	0.00599	0.00532
4	0.01335	0.05684	0.65012	0.01951	0.05723	0.01544	0.05835	0.02041	0.01375	0.02032	0.01161	0.01382	0.00836	0.00607	0.00616	0.00203	0.00945	0.00492	0.00278	0.00949
5	0.01459	0.24251	0.51402	0.01628	0.02446	0.04526	0.01984	0.02035	0.01367	0.01881	0.01080	0.01265	0.00822	0.00599	0.00557	0.00185	0.00888	0.00438	0.00276	0.00912
6	0.01910	0.58104	0.02988	0.01238	0.01747	0.15764	0.01141	0.07410	0.01542	0.01729	0.00967	0.01100	0.00851	0.00591	0.00463	0.00148	0.00780	0.00377	0.00315	0.00835
7	0.01732	0.05412	0.29582	0.01938	0.09561	0.01619	0.08977	0.14262	0.10260	0.08063	0.01524	0.01638	0.01106	0.00675	0.00637	0.00201	0.00812	0.00574	0.00436	0.00992
8	0.00846	0.00601	0.00797	0.00887	0.00932	0.00602	0.00598	0.00958	0.01136	0.01538	0.02884	0.47173	0.03351	0.18163	0.15910	0.00491	0.00694	0.01425	0.00507	0.00507
9	0.00794	0.00569	0.00764	0.00906	0.00948	0.00538	0.00610	0.00912	0.01227	0.01642	0.03473	0.73279	0.04145	0.02161	0.04396	0.00300	0.00440	0.01782	0.00588	0.00527
10	0.02456	0.01810	0.01939	0.01487	0.02004	0.02004	0.01228	0.71107	0.03038	0.04072	0.01551	0.01551	0.01099	0.00776	0.00646	0.00194	0.00711	0.00582	0.00646	0.01099
11	0.00916	0.00686	0.01024	0.01031	0.01143	0.00793	0.00797	0.01141	0.01049	0.01508	0.01824	0.06343	0.01751	0.04702	0.70949	0.00999	0.01661	0.00751	0.00359	0.00574
12	0.01340	0.01148	0.01340	0.00957	0.01531	0.00861	0.00766	0.01627	0.01340	0.02105	0.01148	0.01340	0.00957	0.00479	0.00479	0.00096	0.00479	0.00383	0.00383	0.81242
13	0.00826	0.00688	0.00726	0.00711	0.00924	0.00603	0.00535	0.01087	0.04650	0.01931	0.17639	0.05814	0.58509	0.01549	0.00759	0.00216	0.00332	0.01303	0.00621	0.00577
14	0.01584	0.01655	0.05437	0.14610	0.55126	0.06409	0.01922	0.01975	0.01464	0.02003	0.01188	0.01579	0.00978	0.00594	0.00636	0.00194	0.00816	0.00561	0.00314	0.00956
15	0.00861	0.00619	0.00816	0.00849	0.00954	0.00574	0.00606	0.01085	0.01581	0.02196	0.43836	0.35037	0.05332	0.01616	0.00788	0.00228	0.00334	0.01449	0.00665	0.00574
16	0.01443	0.28713	0.49864	0.01590	0.02408	0.01861	0.01950	0.02008	0.01347	0.01867	0.01070	0.01252	0.00822	0.00593	0.00546	0.00182	0.00865	0.00432	0.00274	0.00912
17	0.01436	0.01369	0.02328	0.34841	0.43661	0.01492	0.01902	0.01840	0.01394	0.01913	0.01187	0.01652	0.00954	0.00606	0.00642	0.00202	0.00808	0.00575	0.00306	0.00892
18	0.01042	0.00604	0.00887	0.05854	0.01098	0.00615	0.00644	0.00914	0.00968	0.01286	0.01735	0.19397	0.01897	0.05928	0.02045	0.52934	0.00541	0.00877	0.00361	0.00372
19	0.00787	0.00562	0.00750	0.00900	0.00937	0.00525	0.00600	0.00900	0.01237	0.01649	0.03561	0.76871	0.04274	0.02024	0.00825	0.00262	0.00375	0.01837	0.00600	0.00525
20	0.01041	0.00744	0.01041	0.01190	0.01339	0.00744	0.01041	0.01339	0.01487	0.01934	0.03421	0.07288	0.03719	0.01785	0.00892	0.00297	0.00595	0.68913	0.00595	0.00595
21	0.01296	0.03342	0.73944	0.01842	0.02797	0.01501	0.02387	0.02046	0.01364	0.02046	0.01160	0.01364	0.00818	0.00614	0.00614	0.00205	0.00955	0.00477	0.00273	0.00955
22	0.81856	0.01250	0.00950	0.00850	0.01250	0.01449	0.00700	0.01899	0.01100	0.02899	0.00900	0.01050	0.00700	0.00600	0.00400	0.00200	0.00500	0.00350	0.00400	0.00700
23	0.02440	0.01624	0.01802	0.01399	0.01887	0.01748	0.01148	0.55994	0.02743	0.15544	0.01826	0.05726	0.01354	0.00847	0.00657	0.00199	0.00666	0.00661	0.00669	0.01068
24	0.00923	0.00692	0.01038	0.01038	0.01154	0.00808	0.00808	0.01154	0.01038	0.01500	0.01731	0.02538	0.01615	0.04846	0.74732	0.01038	0.01731	0.00692	0.00346	0.00577
25	0.01494	0.01683	0.03623	0.10100	0.03485	0.01614	0.63932	0.02027	0.01502	0.02027	0.01291	0.01741	0.00968	0.00555	0.00751	0.00218	0.01066	0.00744	0.00323	0.00856
26	0.01524	0.01484	0.02406	0.23616	0.51800	0.04119	0.01905	0.01913	0.01435	0.01966	0.01189	0.01618	0.00972	0.00598	0.00639	0.00197	0.00808	0.00570	0.00311	0.00930
27	0.02796	0.01102	0.01484	0.01145	0.01630	0.00967	0.00943	0.05142	0.01885	0.68381	0.05682	0.02298	0.01786	0.00822	0.00655	0.00200	0.00544	0.00671	0.00791	0.01078
28	0.01108	0.00570	0.00817	0.00817	0.00824	0.00570	0.00539	0.00881	0.00874	0.01192	0.01258	0.02212	0.01270	0.09760	0.02511	0.69484	0.00556	0.00601	0.03848	0.00306
29	0.04178	0.56138	0.13025	0.01267	0.01846	0.10883	0.01290	0.02025	0.01375	0.01643	0.00947	0.01098	0.00824	0.00576	0.00462	0.00153	0.00778	0.00372	0.00286	0.00833
30	0.00818	0.00584	0.00785	0.00934	0.00985	0.00551	0.00653	0.00952	0.01267	0.01683	0.03544	0.68536	0.04207	0.01996	0.00833	0.00267	0.00401	0.09871	0.00599	0.00533
31	0.00786	0.00567	0.00745	0.00888	0.00934	0.00526	0.00595	0.00901	0.01248	0.01654	0.03705	0.73457	0.07594	0.02006	0.00822	0.00260	0.00373	0.01814	0.00600	0.00526
32	0.01565	0.06238	0.21572	0.05806	0.16040	0.03800	0.26660	0.06651	0.01561	0.02142	0.01230	0.01549	0.00936	0.00592	0.00664	0.00202	0.00940	0.00600	0.00328	0.00924
33	0.06854	0.01836	0.01684	0.01376	0.01804	0.17374	0.01097	0.33272	0.05927	0.14149	0.04284	0.01799	0.01371	0.03387	0.00714	0.00206	0.00744	0.00585	0.00583	0.00955
34	0.61004	0.07509	0.09099	0.01133	0.04648	0.01562	0.00985	0.03967	0.01219	0.02699	0.00961	0.01122	0.00749	0.00602	0.00442	0.00195	0.00582	0.00380	0.00380	0.00763

[dist]
# distance from previous block
# <min> <max>
2	5

[block]
# block no. 4 follows, 34 sequences, length 70
# corresponding to MSA columns:
# 213-282
name=unknown_E
#
# <colnr> <probs for GDERKNQSTAVLIFYWHMCP>
#	G	D	E	R	K	N	Q	S	T	A	V	L	I	F	Y	W	H	M	C	P
0	0.00876	0.00720	0.00931	0.00846	0.01059	0.00637	0.04580	0.01126	0.01639	0.02151	0.36636	0.05325	0.38241	0.01429	0.00763	0.00211	0.00361	0.01240	0.00635	0.00594
1	0.01490	0.07122	0.16354	0.01242	0.01876	0.01212	0.03108	0.03488	0.05948	0.06019	0.01317	0.01454	0.01023	0.00563	0.00534	0.00140	0.00619	0.00451	0.00397	0.45643
2	0.01296	0.03342	0.73944	0.01842	0.02797	0.01501	0.02387	0.02046	0.01364	0.02046	0.01160	0.01364	0.00818	0.00614	0.00614	0.00205	0.00955	0.00477	0.00273	0.00955
3	0.00933	0.00623	0.00707	0.00714	0.00715	0.00622	0.00401	0.00938	0.00953	0.01271	0.02106	0.07559	0.02437	0.73841	0.03176	0.00610	0.00615	0.00981	0.00401	0.00398
4	0.04273	0.47374	0.02771	0.01405	0.04952	0.23960	0.01179	0.04374	0.01524	0.01688	0.00964	0.01117	0.00844	0.00596	0.00482	0.00153	0.00831	0.00385	0.00311	0.00819
5	0.01021	0.00774	0.00902	0.00842	0.01045	0.00732	0.00637	0.08621	0.01794	0.02398	0.37948	0.11136	0.26877	0.01424	0.00756	0.00212	0.00362	0.01226	0.00659	0.00634
6	0.00931	0.00623	0.00707	0.00716	0.00718	0.00620	0.00404	0.00937	0.00957	0.01276	0.02125	0.08475	0.02462	0.72892	0.03145	0.00605	0.00612	0.00992	0.00404	0.00399
7	0.01767	0.10037	0.01751	0.01335	0.01734	0.06970	0.01069	0.10265	0.52006	0.02634	0.02208	0.02079	0.01673	0.00815	0.00624	0.00204	0.00599	0.00650	0.00591	0.00990
8	0.01443	0.12849	0.29691	0.02352	0.21090	0.01611	0.11636	0.01956	0.01433	0.02013	0.04436	0.01791	0.01231	0.00657	0.00630	0.00197	0.00846	0.02899	0.00324	0.00916
9	0.01600	0.01405	0.01418	0.01269	0.01625	0.04577	0.00987	0.07084	0.57513	0.02633	0.02920	0.02718	0.09519	0.00944	0.00665	0.00215	0.00531	0.00777	0.00637	0.00964
10	0.00787	0.00562	0.00750	0.00900	0.00937	0.00525	0.00600	0.00900	0.01237	0.01649	0.03561	0.76871	0.04274	0.02024	0.00825	0.00262	0.00375	0.01837	0.00600	0.00525
11	0.03780	0.00944	0.01370	0.01759	0.17339	0.00949	0.01190	0.01523	0.03623	0.02006	0.03004	0.08522	0.06879	0.01451	0.00803	0.00262	0.00604	0.42761	0.00530	0.00701
12	0.01989	0.31709	0.04437	0.01515	0.06254	0.21430	0.01232	0.15040	0.04212	0.02112	0.01325	0.01434	0.03382	0.00675	0.00542	0.00167	0.00814	0.00474	0.00387	0.00871
13	0.02841	0.01112	0.01498	0.01157	0.01651	0.00979	0.00953	0.03162	0.04982	0.70543	0.02553	0.02209	0.01616	0.00803	0.00650	0.00201	0.00548	0.00653	0.00793	0.01096
14	0.00764	0.00655	0.00655	0.00655	0.00873	0.00545	0.00491	0.00927	0.01473	0.01745	0.06546	0.06218	0.73000	0.01636	0.00764	0.00218	0.00327	0.01364	0.00600	0.00545
15	0.01220	0.01148	0.01938	0.75739	0.04450	0.01436	0.01794	0.01651	0.01292	0.01651	0.01148	0.01723	0.00861	0.00646	0.00646	0.00215	0.00861	0.00574	0.00287	0.00718
16	0.01491	0.36993	0.42005	0.01508	0.02281	0.01979	0.01807	0.01996	0.01341	0.01808	0.01041	0.01216	0.00823	0.00586	0.00524	0.00175	0.00835	0.00418	0.00274	0.00898
17	0.01425	0.03172	0.65937	0.01802	0.02708	0.01557	0.02258	0.09727	0.01550	0.02272	0.01203	0.01385	0.00850	0.00632	0.00617	0.00203	0.00928	0.00489	0.00314	0.00971
18	0.00771	0.00655	0.00664	0.00662	0.00877	0.00548	0.00496	0.00941	0.01489	0.01784	0.09589	0.06154	0.69932	0.01622	0.00764	0.00217	0.00326	0.01355	0.00605	0.00548
19	0.11205	0.01147	0.01461	0.01133	0.01623	0.01049	0.00936	0.06048	0.01823	0.63137	0.02331	0.02049	0.01482	0.00778	0.00623	0.00200	0.00552	0.00615	0.00751	0.01057
20	0.01337	0.01238	0.01827	0.36342	0.10602	0.04629	0.03724	0.04258	0.01372	0.01845	0.01510	0.11251	0.01379	0.00879	0.00822	0.00219	0.09286	0.00735	0.06009	0.00738
21	0.02419	0.02931	0.01844	0.01644	0.01998	0.66178	0.01246	0.10612	0.01973	0.01873	0.01064	0.01210	0.00864	0.00679	0.00590	0.00170	0.01112	0.00436	0.00370	0.00790
22	0.01663	0.01330	0.01419	0.01251	0.01622	0.01492	0.00980	0.08664	0.55165	0.06793	0.02941	0.02721	0.09199	0.00942	0.00667	0.00216	0.00511	0.00779	0.00659	0.00984
23	0.01305	0.03283	0.71327	0.01875	0.02818	0.01506	0.04945	0.02047	0.01370	0.02047	0.01165	0.01378	0.00825	0.00611	0.00619	0.00205	0.00960	0.00488	0.00275	0.00952
24	0.00908	0.00706	0.01062	0.01074	0.01203	0.00665	0.06390	0.01119	0.01405	0.01889	0.15033	0.45960	0.05835	0.01739	0.00819	0.00253	0.00455	0.12311	0.00595	0.00579
25	0.05253	0.01337	0.01613	0.01252	0.01746	0.01324	0.01030	0.23746	0.06292	0.46129	0.02198	0.01978	0.01440	0.00790	0.00641	0.00199	0.00595	0.00624	0.00732	0.01082
26	0.00923	0.00692	0.01038	0.01038	0.01154	0.00808	0.00808	0.01154	0.01038	0.01500	0.01731	0.02538	0.01615	0.04846	0.74732	0.01038	0.01731	0.00692	0.00346	0.00577
27	0.04107	0.21141	0.15999	0.01933	0.13734	0.05080	0.07910	0.08624	0.08278	0.05298	0.01338	0.01490	0.01036	0.00636	0.00583	0.00185	0.00784	0.00521	0.00387	0.00936
28	0.01579	0.05238	0.14159	0.18287	0.08216	0.09990	0.01506	0.11382	0.04214	0.02068	0.01443	0.01916	0.02789	0.08962	0.00996	0.00248	0.05225	0.00594	0.00374	0.00815
29	0.00787	0.00562	0.00750	0.00900	0.00937	0.00525	0.00600	0.00900	0.01237	0.01649	0.03561	0.76871	0.04274	0.02024	0.00825	0.00262	0.00375	0.01837	0.00600	0.00525
30	0.01423	0.01252	0.01381	0.01005	0.01567	0.03992	0.00802	0.04026	0.01418	0.02150	0.01156	0.01340	0.00957	0.00496	0.00489	0.00102	0.00515	0.00391	0.00390	0.75150
31	0.00787	0.00562	0.00750	0.00900	0.00937	0.00525	0.00600	0.00900	0.01237	0.01649	0.03561	0.76871	0.04274	0.02024	0.00825	0.00262	0.00375	0.01837	0.00600	0.00525
32	0.01684	0.01276	0.01375	0.01161	0.01482	0.01386	0.00900	0.30605	0.15954	0.02823	0.04432	0.03090	0.09979	0.17513	0.01245	0.00299	0.00595	0.02775	0.00588	0.00839
33	0.02362	0.02666	0.01810	0.01581	0.01945	0.53817	0.01208	0.19272	0.02089	0.02177	0.01177	0.01388	0.00961	0.03902	0.00712	0.00192	0.01032	0.00479	0.00412	0.00820
34	0.00995	0.00700	0.00800	0.00771	0.00982	0.00616	0.00579	0.01231	0.03155	0.07813	0.21630	0.12283	0.43059	0.01514	0.00758	0.00217	0.00349	0.01291	0.00644	0.00615
35	0.01670	0.01669	0.02554	0.03766	0.67077	0.07884	0.01919	0.02035	0.01502	0.02065	0.01197	0.01562	0.01007	0.00584	0.00635	0.00190	0.00802	0.00562	0.00321	0.01000
36	0.02412	0.01125	0.01430	0.01156	0.01592	0.01070	0.00934	0.03032	0.18109	0.50543	0.09226	0.02497	0.02111	0.00867	0.00662	0.00205	0.00518	0.00718	0.00758	0.01035
37	0.00787	0.00562	0.00750	0.00900	0.00937	0.00525	0.00600	0.00900	0.01237	0.01649	0.03561	0.76871	0.04274	0.02024	0.00825	0.00262	0.00375	0.01837	0.00600	0.00525
38	0.00787	0.00562	0.00750	0.00900	0.00937	0.00525	0.00600	0.00900	0.01237	0.01649	0.03561	0.76871	0.04274	0.02024	0.00825	0.00262	0.00375	0.01837	0.00600	0.00525
39	0.00935	0.00625	0.00706	0.00711	0.00712	0.00623	0.00398	0.00938	0.00948	0.01265	0.02081	0.06394	0.02406	0.75049	0.03215	0.00616	0.00619	0.00966	0.00398	0.00395
40	0.00912	0.00618	0.00710	0.00732	0.00744	0.00609	0.00425	0.00933	0.00998	0.01325	0.02387	0.14976	0.04610	0.64096	0.02855	0.00561	0.00581	0.01084	0.00428	0.00415
41	0.02020	0.14578	0.14579	0.01837	0.09991	0.36957	0.01491	0.04340	0.03122	0.03764	0.01127	0.01293	0.00903	0.00640	0.00573	0.00174	0.00967	0.00451	0.00341	0.00853
42	0.02366	0.02355	0.01850	0.01554	0.01974	0.35195	0.01220	0.34119	0.08270	0.02819	0.01389	0.01447	0.01050	0.00734	0.00618	0.00183	0.00902	0.00519	0.00504	0.00933
43	0.01309	0.05620	0.71782	0.01819	0.02762	0.01533	0.02348	0.02043	0.01363	0.02030	0.01152	0.01354	0.00819	0.00612	0.00608	0.00203	0.00947	0.00473	0.00273	0.00951
44	0.01599	0.01535	0.02623	0.03966	0.73262	0.01535	0.01983	0.01983	0.01471	0.02111	0.01215	0.01599	0.01023	0.00576	0.00640	0.00192	0.00768	0.00576	0.00320	0.01023
45	0.01527	0.21700	0.38327	0.01690	0.04749	0.05059	0.06474	0.02040	0.01435	0.04929	0.05351	0.01543	0.01181	0.00644	0.00583	0.00186	0.00846	0.00512	0.00329	0.00896
46	0.01932	0.01229	0.01428	0.01227	0.01606	0.01299	0.00984	0.10417	0.32450	0.21977	0.09851	0.02906	0.02345	0.00965	0.00684	0.00216	0.00529	0.06285	0.00695	0.00974
47	0.01365	0.03198	0.68595	0.01848	0.02775	0.01485	0.04877	0.02089	0.01389	0.04764	0.01218	0.01410	0.00854	0.00618	0.00621	0.00205	0.00945	0.00495	0.00295	0.00957
48	0.04588	0.01435	0.02132	0.06244	0.17846	0.04424	0.12620	0.07518	0.06740	0.22312	0.04133	0.04029	0.01481	0.00743	0.00664	0.00203	0.00723	0.00679	0.00526	0.00959
49	0.00937	0.00633	0.00736	0.00732	0.00750	0.00636	0.00431	0.00972	0.01009	0.01363	0.07076	0.04172	0.02574	0.67636	0.07285	0.00620	0.00668	0.00942	0.00412	0.00418
50	0.05499	0.01105	0.01481	0.01140	0.01636	0.00966	0.00941	0.03108	0.01825	0.71377	0.02495	0.02161	0.01570	0.00793	0.00642	0.00200	0.00548	0.00640	0.00787	0.01086
51	0.05771	0.06403	0.04073	0.01499	0.14297	0.00956	0.00970	0.01298	0.01322	0.01854	0.04810	0.41640	0.07486	0.01466	0.00725	0.00232	0.00501	0.03522	0.00504	0.00670
52	0.01657	0.07955	0.43458	0.01698	0.02452	0.01543	0.06882	0.05164	0.05640	0.13003	0.01456	0.01565	0.01030	0.00670	0.00664	0.00203	0.03064	0.00537	0.00395	0.00965
53	0.01220	0.01148	0.01938	0.75739	0.04450	0.01436	0.01794	0.01651	0.01292	0.01651	0.01148	0.01723	0.00861	0.00646	0.00646	0.00215	0.00861	0.00574	0.00287	0.00718
54	0.61148	0.07007	0.03209	0.00990	0.01404	0.09403	0.00839	0.03556	0.01253	0.02647	0.00968	0.01121	0.00764	0.00612	0.00434	0.00190	0.00597	0.00373	0.02758	0.00728
55	0.01122	0.00561	0.00842	0.00842	0.00842	0.00561	0.00561	0.00842	0.00842	0.01122	0.01122	0.01964	0.01122	0.02245	0.02525	0.81201	0.00561	0.00561	0.00281	0.00281
56	0.01861	0.01785	0.05304	0.02322	0.27120	0.11254	0.01467	0.11620	0.18971	0.05909	0.01636	0.01740	0.01255	0.00696	0.00630	0.00192	0.00736	0.00584	0.00471	0.04447
57	0.00844	0.00654	0.00768	0.00747	0.00924	0.00578	0.00557	0.01079	0.01650	0.02184	0.41175	0.08168	0.35375	0.01486	0.00765	0.00212	0.00317	0.01279	0.00658	0.00578
58	0.01722	0.01542	0.07896	0.03914	0.05036	0.07242	0.05223	0.12353	0.12875	0.11406	0.17966	0.05633	0.02498	0.00921	0.00681	0.00204	0.00641	0.00786	0.00577	0.00882
59	0.03917	0.12816	0.02089	0.03711	0.04372	0.40328	0.01282	0.07911	0.01674	0.01824	0.01014	0.01249	0.00861	0.00732	0.00823	0.00187	0.13626	0.00454	0.00342	0.00789
60	0.55592	0.01409	0.01261	0.01048	0.01486	0.01594	0.00864	0.22270	0.01697	0.05887	0.01153	0.01240	0.00851	0.00659	0.00482	0.00198	0.00564	0.00429	0.00487	0.00832
61	0.01647	0.01444	0.01435	0.01439	0.09174	0.13351	0.01006	0.16237	0.05478	0.04582	0.12563	0.03191	0.15907	0.01021	0.00671	0.00198	0.00615	0.03349	0.05893	0.00801
62	0.00885	0.00659	0.00823	0.00782	0.00947	0.00597	0.00587	0.01162	0.01760	0.02426	0.60001	0.05097	0.19119	0.01382	0.00762	0.00206	0.00309	0.01207	0.00690	0.00597
63	0.01164	0.01098	0.05384	0.01285	0.06138	0.01077	0.00979	0.04254	0.14548	0.02036	0.08416	0.06437	0.16391	0.02165	0.20817	0.00441	0.05251	0.00890	0.00496	0.00732
64	0.00940	0.00626	0.00705	0.00705	0.00705	0.00626	0.00392	0.00940	0.00940	0.01253	0.02036	0.04228	0.02349	0.77292	0.03289	0.00626	0.00626	0.00940	0.00392	0.00392
65	0.06001	0.20013	0.09639	0.03561	0.13428	0.13114	0.05770	0.01959	0.01401	0.01852	0.01142	0.04128	0.01005	0.00675	0.00671	0.00179	0.06360	0.00514	0.00324	0.08264
66	0.04490	0.07809	0.24290	0.02027	0.10288	0.17273	0.11318	0.09110	0.03548	0.02170	0.01203	0.01414	0.00922	0.00630	0.00614	0.00191	0.00927	0.00519	0.00351	0.00906
67	0.01434	0.24398	0.35391	0.06101	0.05779	0.01778	0.09264	0.01942	0.01362	0.01859	0.01202	0.04504	0.00996	0.00648	0.00584	0.00189	0.00855	0.00537	0.00296	0.00881
68	0.01779	0.23135	0.26544	0.01548	0.02211	0.07137	0.05624	0.11771	0.04295	0.06457	0.01277	0.01396	0.00964	0.00637	0.00571	0.00181	0.00820	0.00486	0.00382	0.02786
69	0.03676	0.04435	0.14058	0.05023	0.09626	0.03018	0.05368	0.09481	0.05035	0.07344	0.13669	0.04525	0.07520	0.00878	0.00658	0.00199	0.00658	0.00751	0.00493	0.03585

[dist]
# distance from previous block
# <min> <max>
2	22

[block]
# block no. 5 follows, 34 sequences, length 22
