[name]
unknown

[dist]
# distance from previous block
# <min> <max>
2	53

[block]
# block no. 0 follows, 32 sequences, length 44
# corresponding to MSA columns:
# 59-102
name=unknown_A
#
# <colnr> <probs for GDERKNQSTAVLIFYWHMCP>
#	G	D	E	R	K	N	Q	S	T	A	V	L	I	F	Y	W	H	M	C	P
0	0.01604	0.06872	0.08049	0.01781	0.09757	0.11217	0.07941	0.06553	0.07586	0.02197	0.06945	0.02591	0.10783	0.00908	0.00773	0.00205	0.05571	0.02312	0.00454	0.05900
1	0.07115	0.08220	0.13498	0.04448	0.06781	0.11684	0.03035	0.08722	0.04167	0.06970	0.04808	0.01848	0.03884	0.00775	0.00726	0.00198	0.05885	0.00583	0.00437	0.06214
2	0.06322	0.12211	0.20695	0.01621	0.06552	0.07825	0.01494	0.06601	0.11958	0.06116	0.01881	0.04029	0.03781	0.00846	0.00637	0.00208	0.00764	0.05082	0.00456	0.00923
3	0.12314	0.16335	0.06754	0.01302	0.03382	0.07450	0.01115	0.12191	0.08017	0.05111	0.02228	0.04437	0.11346	0.00891	0.00640	0.00198	0.02491	0.00671	0.00485	0.02645
4	0.04139	0.05731	0.22634	0.01834	0.05868	0.08789	0.11871	0.10696	0.04028	0.04904	0.01632	0.03412	0.03585	0.00732	0.00647	0.00200	0.00852	0.00621	0.03276	0.04549
5	0.11286	0.07159	0.23171	0.01710	0.09902	0.06281	0.01523	0.04412	0.05492	0.08623	0.01684	0.05151	0.03600	0.00763	0.00610	0.00198	0.00751	0.00602	0.00430	0.06652
6	0.03770	0.00875	0.03282	0.00877	0.01123	0.00768	0.00705	0.01352	0.03243	0.06597	0.22924	0.07245	0.38440	0.01456	0.00830	0.00225	0.03783	0.01211	0.00635	0.00659
7	0.01504	0.01554	0.06913	0.01637	0.02239	0.01288	0.20751	0.05107	0.08486	0.02349	0.04625	0.01798	0.01345	0.00621	0.00631	0.00166	0.00718	0.00600	0.00430	0.37240
8	0.01466	0.07102	0.14118	0.01768	0.12915	0.03884	0.01374	0.02372	0.24845	0.02317	0.09091	0.07197	0.06813	0.00955	0.00680	0.00214	0.00647	0.00809	0.00516	0.00918
9	0.00885	0.00687	0.00799	0.00787	0.00971	0.00611	0.00595	0.01119	0.01665	0.02175	0.33775	0.05842	0.37289	0.04435	0.00902	0.00242	0.00360	0.05607	0.00663	0.00592
10	0.01296	0.01429	0.13268	0.06805	0.05000	0.01105	0.02949	0.04208	0.07293	0.04581	0.13432	0.03282	0.13198	0.03088	0.06206	0.00282	0.00704	0.02815	0.00507	0.08551
11	0.00826	0.00591	0.00786	0.00928	0.00975	0.00551	0.00624	0.00956	0.01326	0.01778	0.08251	0.71242	0.04564	0.02053	0.00852	0.00268	0.00384	0.01861	0.00631	0.00551
12	0.01421	0.05996	0.01559	0.01042	0.01607	0.01064	0.00851	0.01706	0.01371	0.02119	0.01160	0.01375	0.00980	0.00536	0.00579	0.00112	0.04274	0.00405	0.00385	0.71456
13	0.01764	0.01487	0.06359	0.18145	0.02528	0.03225	0.05636	0.14861	0.05518	0.11685	0.02105	0.02270	0.07660	0.01092	0.05552	0.00262	0.00807	0.00684	0.00504	0.07857
14	0.01830	0.13279	0.17623	0.03883	0.17567	0.19834	0.08530	0.04227	0.01611	0.01983	0.01155	0.01423	0.00928	0.00645	0.00662	0.00193	0.02862	0.00519	0.00328	0.00919
15	0.00973	0.00662	0.00789	0.00789	0.00808	0.00681	0.00477	0.01012	0.00993	0.01343	0.02062	0.04103	0.02314	0.64707	0.14956	0.00721	0.00839	0.00934	0.00399	0.00438
16	0.01447	0.01174	0.01294	0.03879	0.03211	0.05735	0.00957	0.19304	0.01877	0.02422	0.03156	0.29287	0.11435	0.01578	0.02569	0.00262	0.00615	0.08459	0.00592	0.00748
17	0.01656	0.07514	0.11390	0.10010	0.38513	0.05304	0.01863	0.06405	0.01581	0.02158	0.01309	0.04232	0.01114	0.00700	0.00702	0.00204	0.03420	0.00605	0.00351	0.00968
18	0.01251	0.00625	0.00625	0.00625	0.00782	0.00625	0.00469	0.01563	0.01407	0.02502	0.02189	0.02502	0.01720	0.00782	0.00469	0.00156	0.00313	0.00625	0.80144	0.00625
19	0.02390	0.01784	0.01927	0.01467	0.02013	0.01916	0.01209	0.60499	0.02910	0.03945	0.01553	0.01580	0.01121	0.00763	0.00647	0.00187	0.00705	0.00575	0.00633	0.12177
20	0.01310	0.01236	0.02089	0.67191	0.11906	0.01502	0.01885	0.01752	0.01362	0.01766	0.01200	0.01775	0.00913	0.00663	0.00670	0.00221	0.00884	0.00596	0.00302	0.00780
21	0.09759	0.01442	0.01531	0.04641	0.01835	0.01639	0.01071	0.18250	0.38417	0.02995	0.02449	0.02380	0.06070	0.01044	0.03281	0.00250	0.00627	0.00716	0.00620	0.00984
22	0.01684	0.59049	0.03109	0.01248	0.01695	0.02435	0.01183	0.01889	0.01288	0.01583	0.00980	0.01244	0.00917	0.00965	0.05481	0.00230	0.13482	0.00421	0.00293	0.00822
23	0.00818	0.00584	0.00779	0.00934	0.00973	0.00545	0.00623	0.00934	0.01285	0.01713	0.03698	0.75981	0.04438	0.02102	0.00856	0.00273	0.00389	0.01908	0.00623	0.00545
24	0.01124	0.00729	0.00929	0.00854	0.01056	0.00657	0.00649	0.01414	0.01848	0.09256	0.55817	0.04961	0.15408	0.01368	0.00780	0.00213	0.00344	0.01191	0.00731	0.00672
25	0.01152	0.00805	0.00956	0.00877	0.01108	0.00753	0.00670	0.03776	0.06209	0.07584	0.40517	0.04975	0.25291	0.01383	0.00772	0.00216	0.00370	0.01186	0.00705	0.00694
26	0.00821	0.00594	0.00776	0.00914	0.00970	0.00550	0.00616	0.00948	0.01323	0.01755	0.06355	0.68771	0.09033	0.02049	0.00850	0.00267	0.00383	0.01850	0.00627	0.00550
27	0.00803	0.00680	0.00694	0.00691	0.00913	0.00571	0.00518	0.00983	0.01554	0.01871	0.11143	0.06361	0.67579	0.01677	0.00793	0.00226	0.00338	0.01403	0.00631	0.00571
28	0.02588	0.01819	0.01977	0.01515	0.02051	0.01992	0.01252	0.64567	0.03054	0.09800	0.01695	0.01666	0.01183	0.00808	0.00672	0.00202	0.00725	0.00610	0.00684	0.01141
29	0.01267	0.01193	0.02013	0.74806	0.04621	0.01491	0.01863	0.01714	0.01342	0.01714	0.01193	0.01789	0.00894	0.00671	0.00671	0.00224	0.00894	0.00596	0.00298	0.00745
30	0.01081	0.00772	0.01081	0.01236	0.01390	0.00772	0.01081	0.01390	0.01545	0.02008	0.03553	0.07569	0.03862	0.01854	0.00927	0.00309	0.00618	0.67717	0.00618	0.00618
31	0.00818	0.00584	0.00779	0.00934	0.00973	0.00545	0.00623	0.00934	0.01285	0.01713	0.03698	0.75981	0.04438	0.02102	0.00856	0.00273	0.00389	0.01908	0.00623	0.00545
32	0.01781	0.01380	0.01623	0.01334	0.01714	0.01492	0.04062	0.29891	0.16549	0.03280	0.23376	0.02881	0.02931	0.01137	0.03262	0.00241	0.00621	0.00835	0.00669	0.00940
33	0.01391	0.00990	0.01092	0.00978	0.01132	0.01048	0.00668	0.18379	0.04725	0.02130	0.02122	0.08389	0.02230	0.49086	0.02433	0.00494	0.00650	0.00935	0.00500	0.00630
34	0.00826	0.00592	0.00771	0.00910	0.00955	0.00553	0.00604	0.00938	0.01276	0.01691	0.03736	0.68360	0.07310	0.06791	0.01016	0.00294	0.00404	0.01827	0.00609	0.00537
35	0.00793	0.00680	0.00680	0.00680	0.00906	0.00566	0.00510	0.00963	0.01529	0.01813	0.06797	0.06457	0.71961	0.01699	0.00793	0.00227	0.00340	0.01416	0.00623	0.00566
36	0.06865	0.06424	0.05690	0.05080	0.06023	0.01634	0.39225	0.02173	0.01516	0.10046	0.01424	0.01761	0.01070	0.00798	0.03406	0.00250	0.04639	0.00684	0.00391	0.00902
37	0.00956	0.00763	0.00839	0.00848	0.01064	0.00696	0.00658	0.05633	0.01613	0.01992	0.05630	0.13884	0.49733	0.01707	0.00812	0.00242	0.00413	0.11281	0.00625	0.00610
38	0.02506	0.03198	0.01901	0.01729	0.02074	0.73725	0.01296	0.02679	0.01901	0.01642	0.01037	0.01210	0.00864	0.00691	0.00605	0.00173	0.01210	0.00432	0.00346	0.00778
39	0.01743	0.68567	0.11330	0.01234	0.01855	0.02532	0.01298	0.02022	0.01369	0.01640	0.00963	0.01115	0.00860	0.00581	0.00454	0.00151	0.00748	0.00374	0.00287	0.00876
40	0.02385	0.04570	0.01865	0.03644	0.02006	0.15777	0.01213	0.31040	0.07996	0.14938	0.01859	0.02104	0.01414	0.00854	0.00668	0.00205	0.00781	0.05067	0.00607	0.01007
41	0.02106	0.04564	0.02039	0.01832	0.09913	0.14882	0.05697	0.16335	0.08335	0.12568	0.01758	0.06036	0.01416	0.01010	0.03568	0.00242	0.05549	0.00678	0.00522	0.00952
42	0.07277	0.01688	0.03673	0.01304	0.01747	0.12975	0.01064	0.19855	0.06427	0.16223	0.06149	0.04787	0.06357	0.00897	0.00653	0.00198	0.00682	0.00701	0.00601	0.06743
43	0.01854	0.11858	0.04804	0.03640	0.13007	0.09663	0.03735	0.09286	0.09401	0.09579	0.02119	0.03936	0.07866	0.00939	0.02564	0.00219	0.00759	0.00680	0.00488	0.03602

[dist]
# distance from previous block
# <min> <max>
1	22

[block]
# block no. 1 follows, 32 sequences, length 133
# corresponding to MSA columns:
# 125-257
name=unknown_B
#
# <colnr> <probs for GDERKNQSTAVLIFYWHMCP>
#	G	D	E	R	K	N	Q	S	T	A	V	L	I	F	Y	W	H	M	C	P
0	0.01925	0.14269	0.14520	0.04253	0.08695	0.09904	0.05827	0.17491	0.04043	0.04589	0.01337	0.01499	0.01024	0.00667	0.00613	0.00186	0.00836	0.00528	0.00425	0.07371
1	0.01629	0.01685	0.08550	0.01732	0.04469	0.06063	0.15729	0.09780	0.09491	0.04350	0.11684	0.04103	0.02065	0.00855	0.00740	0.00205	0.02742	0.02980	0.00502	0.10645
2	0.01441	0.01268	0.01293	0.03227	0.03823	0.10694	0.00984	0.06937	0.10331	0.04305	0.03335	0.11484	0.16825	0.01678	0.07349	0.00312	0.00732	0.12673	0.00561	0.00748
3	0.10013	0.02045	0.17995	0.01972	0.14199	0.10437	0.03335	0.02233	0.10376	0.04245	0.01472	0.01795	0.01191	0.04097	0.06714	0.00299	0.05717	0.00582	0.00394	0.00889
4	0.00994	0.00629	0.00841	0.00955	0.01033	0.00580	0.00652	0.01122	0.01336	0.07417	0.03614	0.70058	0.04215	0.02000	0.00842	0.00267	0.00404	0.01808	0.00640	0.00593
5	0.01669	0.01441	0.01517	0.01365	0.01745	0.01669	0.01062	0.03565	0.71021	0.02807	0.02731	0.02503	0.02048	0.00910	0.00683	0.00228	0.00531	0.00759	0.00683	0.01062
6	0.01293	0.01219	0.02059	0.70227	0.09001	0.01497	0.01876	0.01737	0.01354	0.01745	0.01197	0.01781	0.00905	0.00666	0.00670	0.00222	0.00888	0.00596	0.00300	0.00766
7	0.00974	0.00659	0.00776	0.00776	0.00792	0.00675	0.00462	0.01004	0.00989	0.01334	0.02073	0.04165	0.02341	0.67230	0.12470	0.00706	0.00798	0.00943	0.00401	0.00431
8	0.01468	0.01468	0.02055	0.01762	0.01762	0.02055	0.01468	0.01615	0.01028	0.01615	0.00881	0.01468	0.00881	0.01174	0.02202	0.00294	0.75191	0.00587	0.00294	0.00734
9	0.02551	0.01879	0.02014	0.01544	0.02081	0.02081	0.01275	0.69996	0.03155	0.04229	0.01611	0.01611	0.01141	0.00805	0.00671	0.00201	0.00738	0.00604	0.00671	0.01141
10	0.01523	0.01396	0.02263	0.43266	0.28167	0.01581	0.01879	0.08063	0.01573	0.02112	0.01255	0.01728	0.00976	0.00657	0.00669	0.00213	0.00846	0.00598	0.00344	0.00893
11	0.01132	0.00769	0.00941	0.00868	0.01086	0.00711	0.00661	0.01507	0.06027	0.08440	0.46819	0.04960	0.20769	0.01373	0.00775	0.00215	0.00357	0.01187	0.00716	0.00687
12	0.01535	0.01145	0.01354	0.00992	0.01550	0.00879	0.00795	0.01818	0.01465	0.10485	0.01815	0.01904	0.06776	0.00633	0.00542	0.00122	0.00493	0.00512	0.00467	0.64719
13	0.01391	0.01193	0.01391	0.00994	0.01590	0.00894	0.00795	0.01690	0.01391	0.02186	0.01193	0.01391	0.00994	0.00497	0.00497	0.00099	0.00497	0.00398	0.00398	0.80521
14	0.15834	0.04477	0.01971	0.01584	0.02023	0.32791	0.08668	0.12369	0.01891	0.05624	0.03525	0.01489	0.01117	0.00702	0.00604	0.00189	0.00918	0.00519	0.00440	0.03265
15	0.00793	0.00680	0.00680	0.00680	0.00906	0.00566	0.00510	0.00963	0.01529	0.01813	0.06797	0.06457	0.71961	0.01699	0.00793	0.00227	0.00340	0.01416	0.00623	0.00566
16	0.02476	0.01842	0.01972	0.01529	0.02052	0.02046	0.01257	0.64355	0.08918	0.04108	0.01706	0.01687	0.01218	0.00814	0.00672	0.00204	0.00721	0.00617	0.00672	0.01134
17	0.00891	0.00684	0.00816	0.00783	0.00966	0.00608	0.00587	0.01153	0.01761	0.02362	0.47491	0.05554	0.30925	0.01494	0.00792	0.00217	0.00325	0.01289	0.00695	0.00608
18	0.07461	0.00828	0.00996	0.00982	0.01097	0.03276	0.00717	0.01244	0.01081	0.01601	0.01796	0.02984	0.01800	0.25690	0.44568	0.00851	0.01335	0.00757	0.00377	0.00558
19	0.02277	0.18737	0.02420	0.01699	0.02121	0.52495	0.07082	0.02492	0.01760	0.01672	0.01042	0.01233	0.00877	0.00656	0.00584	0.00171	0.01099	0.00447	0.00333	0.00806
20	0.00959	0.00719	0.01078	0.01078	0.01198	0.00839	0.00839	0.01198	0.01078	0.01558	0.01797	0.02636	0.01677	0.05032	0.73760	0.01078	0.01797	0.00719	0.00359	0.00599
21	0.00843	0.00595	0.00771	0.00902	0.00934	0.00562	0.00588	0.00941	0.01235	0.01646	0.03442	0.64389	0.04114	0.14136	0.01271	0.00334	0.00432	0.01757	0.00588	0.00523
22	0.00888	0.00704	0.00797	0.00843	0.01018	0.00641	0.00639	0.01120	0.03765	0.01831	0.05301	0.17410	0.42541	0.06596	0.00992	0.00276	0.00423	0.13025	0.00610	0.00578
23	0.01267	0.01193	0.02013	0.74806	0.04621	0.01491	0.01863	0.01714	0.01342	0.01714	0.01193	0.01789	0.00894	0.00671	0.00671	0.00224	0.00894	0.00596	0.00298	0.00745
24	0.00833	0.00595	0.00796	0.00951	0.00997	0.00558	0.00649	0.00960	0.01299	0.01730	0.03690	0.72079	0.04405	0.02088	0.00860	0.00275	0.00402	0.05661	0.00623	0.00549
25	0.01669	0.01441	0.01517	0.01365	0.01745	0.01669	0.01062	0.03565	0.71021	0.02807	0.02731	0.02503	0.02048	0.00910	0.00683	0.00228	0.00531	0.00759	0.00683	0.01062
26	0.01605	0.01537	0.02622	0.14192	0.62598	0.01580	0.02031	0.02010	0.01501	0.02124	0.01252	0.01679	0.01039	0.00608	0.00665	0.00203	0.00811	0.00598	0.00327	0.01018
27	0.00962	0.00705	0.01006	0.01006	0.01101	0.00799	0.00748	0.01152	0.01057	0.01504	0.01864	0.03003	0.01837	0.19958	0.59052	0.00989	0.01557	0.00773	0.00369	0.00559
28	0.02378	0.01673	0.01797	0.01399	0.01880	0.01833	0.01149	0.57837	0.02860	0.06270	0.01729	0.01763	0.01242	0.00803	0.00642	0.00195	0.00671	0.00610	0.12203	0.01066
29	0.02282	0.01504	0.01694	0.01344	0.01798	0.01598	0.01096	0.44230	0.02579	0.15533	0.04309	0.04750	0.07215	0.01214	0.05418	0.00264	0.00722	0.00750	0.00675	0.01026
30	0.00826	0.00591	0.00786	0.00928	0.00975	0.00551	0.00624	0.00956	0.01324	0.01776	0.08108	0.71391	0.04560	0.02055	0.00852	0.00269	0.00385	0.01863	0.00630	0.00551
31	0.01381	0.05902	0.64972	0.01959	0.02911	0.01608	0.07842	0.02123	0.01428	0.02108	0.01207	0.01436	0.00864	0.00629	0.00643	0.00211	0.00993	0.00515	0.00288	0.00980
32	0.01558	0.01440	0.01883	0.01545	0.01750	0.01764	0.01278	0.08538	0.01334	0.02023	0.01033	0.01463	0.00936	0.00966	0.01616	0.00235	0.48765	0.00541	0.00358	0.20972
33	0.02002	0.01110	0.01235	0.01019	0.01364	0.01139	0.00818	0.22596	0.02040	0.17304	0.02107	0.02188	0.01533	0.00799	0.00572	0.00180	0.00494	0.00629	0.39986	0.00886
34	0.00950	0.00686	0.00897	0.00844	0.01002	0.00633	0.00633	0.01266	0.01899	0.02691	0.71879	0.05012	0.06331	0.01372	0.00791	0.00211	0.00317	0.01213	0.00739	0.00633
35	0.00818	0.00584	0.00779	0.00934	0.00973	0.00545	0.00623	0.00934	0.01285	0.01713	0.03698	0.75981	0.04438	0.02102	0.00856	0.00273	0.00389	0.01908	0.00623	0.00545
36	0.00856	0.00635	0.00809	0.00932	0.01029	0.00587	0.00676	0.01017	0.01379	0.01783	0.04321	0.50022	0.18441	0.01976	0.00855	0.00269	0.00417	0.12811	0.00622	0.00562
37	0.02272	0.01556	0.01720	0.01402	0.01870	0.01700	0.01131	0.29551	0.31168	0.16764	0.02276	0.02111	0.01618	0.00854	0.00677	0.00213	0.00620	0.00682	0.00707	0.01108
38	0.02597	0.01497	0.01733	0.01344	0.01850	0.01537	0.01105	0.37289	0.04297	0.31271	0.02387	0.02215	0.05951	0.00876	0.00681	0.00206	0.00641	0.00689	0.00732	0.01102
39	0.00913	0.00669	0.00857	0.00843	0.00989	0.00612	0.00620	0.01184	0.01765	0.02449	0.54641	0.16660	0.12255	0.01521	0.00802	0.00222	0.00331	0.01345	0.00709	0.00612
40	0.00959	0.00719	0.01078	0.01078	0.01198	0.00839	0.00839	0.01198	0.01078	0.01558	0.01797	0.02636	0.01677	0.05032	0.73760	0.01078	0.01797	0.00719	0.00359	0.00599
41	0.00959	0.00719	0.01078	0.01078	0.01198	0.00839	0.00839	0.01198	0.01078	0.01558	0.01797	0.02636	0.01677	0.05032	0.73760	0.01078	0.01797	0.00719	0.00359	0.00599
42	0.00793	0.00680	0.00680	0.00680	0.00906	0.00566	0.00510	0.00963	0.01529	0.01813	0.06797	0.06457	0.71961	0.01699	0.00793	0.00227	0.00340	0.01416	0.00623	0.00566
43	0.01794	0.76823	0.03516	0.01148	0.01722	0.02655	0.01148	0.02009	0.01363	0.01579	0.00933	0.01076	0.00861	0.00574	0.00431	0.00144	0.00718	0.00359	0.00287	0.00861
44	0.00818	0.00584	0.00779	0.00934	0.00973	0.00545	0.00623	0.00934	0.01285	0.01713	0.03698	0.75981	0.04438	0.02102	0.00856	0.00273	0.00389	0.01908	0.00623	0.00545
45	0.00846	0.00597	0.00776	0.00901	0.00939	0.00564	0.00591	0.00952	0.01260	0.01686	0.05848	0.62921	0.04209	0.13059	0.01232	0.00326	0.00425	0.01746	0.00595	0.00528
46	0.02321	0.01787	0.02181	0.01673	0.02206	0.01939	0.10057	0.50010	0.12185	0.05999	0.01765	0.01780	0.01266	0.00790	0.00688	0.00208	0.00755	0.00652	0.00635	0.01100
47	0.05151	0.01711	0.01748	0.01402	0.01886	0.10173	0.01134	0.28530	0.11256	0.26967	0.02017	0.01890	0.01388	0.00808	0.00658	0.00204	0.00704	0.00620	0.00680	0.01074
48	0.01227	0.00751	0.00967	0.00876	0.01093	0.00676	0.00670	0.01519	0.01860	0.12625	0.54551	0.04786	0.13129	0.01331	0.00775	0.00212	0.00356	0.01159	0.00739	0.00698
49	0.00961	0.00709	0.01029	0.01029	0.01131	0.00812	0.00777	0.01166	0.01064	0.01521	0.01843	0.02887	0.01786	0.15247	0.63694	0.01017	0.01633	0.00756	0.00366	0.00572
50	0.01391	0.01193	0.01391	0.00994	0.01590	0.00894	0.00795	0.01690	0.01391	0.02186	0.01193	0.01391	0.00994	0.00497	0.00497	0.00099	0.00497	0.00398	0.00398	0.80521
51	0.01953	0.11614	0.20685	0.01458	0.02071	0.01575	0.03412	0.10093	0.12825	0.19048	0.03935	0.02109	0.04658	0.00803	0.00646	0.00205	0.00712	0.00644	0.00549	0.01007
52	0.00976	0.00651	0.00732	0.00732	0.00732	0.00651	0.00407	0.00976	0.00976	0.01301	0.02114	0.04391	0.02439	0.76419	0.03415	0.00651	0.00651	0.00976	0.00407	0.00407
53	0.01899	0.01613	0.01823	0.07011	0.09430	0.04149	0.01288	0.20710	0.38583	0.02999	0.02116	0.02086	0.01584	0.00826	0.00674	0.00216	0.00662	0.00679	0.00604	0.01051
54	0.00838	0.00602	0.00763	0.00882	0.00932	0.00562	0.00581	0.00943	0.01262	0.01662	0.03745	0.59385	0.10182	0.12845	0.01222	0.00323	0.00423	0.01728	0.00592	0.00527
55	0.02430	0.11160	0.02080	0.01661	0.02036	0.64102	0.01280	0.04395	0.01876	0.01704	0.01041	0.01206	0.00871	0.00682	0.00588	0.00170	0.01144	0.00429	0.00348	0.00797
56	0.02551	0.01879	0.02014	0.01544	0.02081	0.02081	0.01275	0.69996	0.03155	0.04229	0.01611	0.01611	0.01141	0.00805	0.00671	0.00201	0.00738	0.00604	0.00671	0.01141
57	0.00818	0.00584	0.00779	0.00934	0.00973	0.00545	0.00623	0.00934	0.01285	0.01713	0.03698	0.75981	0.04438	0.02102	0.00856	0.00273	0.00389	0.01908	0.00623	0.00545
58	0.01669	0.01441	0.01517	0.01365	0.01745	0.01669	0.01062	0.03565	0.71021	0.02807	0.02731	0.02503	0.02048	0.00910	0.00683	0.00228	0.00531	0.00759	0.00683	0.01062
59	0.01702	0.00853	0.01132	0.00967	0.01260	0.00761	0.00759	0.01992	0.01894	0.28414	0.44035	0.04061	0.07007	0.01185	0.00749	0.00210	0.00411	0.01023	0.00768	0.00818
60	0.01468	0.01468	0.02055	0.01762	0.01762	0.02055	0.01468	0.01615	0.01028	0.01615	0.00881	0.01468	0.00881	0.01174	0.02202	0.00294	0.75191	0.00587	0.00294	0.00734
61	0.01267	0.01193	0.02013	0.74806	0.04621	0.01491	0.01863	0.01714	0.01342	0.01714	0.01193	0.01789	0.00894	0.00671	0.00671	0.00224	0.00894	0.00596	0.00298	0.00745
62	0.00974	0.00657	0.00767	0.00767	0.00779	0.00670	0.00450	0.00998	0.00986	0.01327	0.02082	0.04214	0.02362	0.69211	0.10518	0.00694	0.00766	0.00950	0.00402	0.00426
63	0.00816	0.00592	0.00771	0.00914	0.00968	0.00547	0.00614	0.00937	0.01304	0.01721	0.03947	0.70394	0.09864	0.02070	0.00851	0.00269	0.00385	0.01868	0.00623	0.00547
64	0.00817	0.00587	0.00775	0.00925	0.00971	0.00546	0.00619	0.00935	0.01294	0.01717	0.03811	0.73445	0.06901	0.02087	0.00854	0.00271	0.00387	0.01890	0.00623	0.00546
65	0.01761	0.01421	0.01520	0.01354	0.01743	0.01622	0.01057	0.03545	0.66292	0.07590	0.02725	0.02488	0.02022	0.00905	0.00682	0.00226	0.00534	0.00753	0.00693	0.01068
66	0.03010	0.01142	0.01557	0.01194	0.01713	0.00986	0.00986	0.03270	0.01920	0.72698	0.02647	0.02284	0.01661	0.00830	0.00675	0.00208	0.00571	0.00675	0.00830	0.01142
67	0.01554	0.01331	0.01413	0.01279	0.01631	0.01514	0.00992	0.03212	0.60972	0.02733	0.08551	0.02961	0.06914	0.00998	0.00699	0.00226	0.00501	0.00838	0.00683	0.00996
68	0.01828	0.01388	0.01501	0.01308	0.01705	0.01544	0.01029	0.09538	0.51495	0.10541	0.02944	0.02714	0.07539	0.00955	0.00690	0.00223	0.00539	0.00788	0.00693	0.01038
69	0.00917	0.00685	0.00851	0.00810	0.00982	0.00619	0.00607	0.01203	0.01822	0.02506	0.58223	0.05315	0.20103	0.01440	0.00792	0.00214	0.00321	0.01256	0.00714	0.00619
70	0.03010	0.01142	0.01557	0.01194	0.01713	0.00986	0.00986	0.03270	0.01920	0.72698	0.02647	0.02284	0.01661	0.00830	0.00675	0.00208	0.00571	0.00675	0.00830	0.01142
71	0.07591	0.01770	0.01885	0.01469	0.01985	0.01955	0.01208	0.57030	0.08126	0.07643	0.01707	0.01681	0.01211	0.00803	0.00656	0.00204	0.00700	0.00604	0.00664	0.01108
72	0.01661	0.01594	0.02724	0.04119	0.72233	0.01594	0.02059	0.02059	0.01528	0.02192	0.01262	0.01661	0.01063	0.00598	0.00664	0.00199	0.00797	0.00598	0.00332	0.01063
73	0.74841	0.01344	0.01069	0.00936	0.01361	0.01551	0.00771	0.07439	0.01304	0.03108	0.00989	0.01132	0.00760	0.00638	0.00436	0.00207	0.00537	0.00383	0.00436	0.00760
74	0.00818	0.00584	0.00779	0.00934	0.00973	0.00545	0.00623	0.00934	0.01285	0.01713	0.03698	0.75981	0.04438	0.02102	0.00856	0.00273	0.00389	0.01908	0.00623	0.00545
75	0.01285	0.00669	0.00680	0.00663	0.00832	0.00674	0.00501	0.03845	0.01480	0.02565	0.04242	0.02546	0.01838	0.00800	0.00485	0.00159	0.00327	0.00642	0.75123	0.00643
76	0.01794	0.76823	0.03516	0.01148	0.01722	0.02655	0.01148	0.02009	0.01363	0.01579	0.00933	0.01076	0.00861	0.00574	0.00431	0.00144	0.00718	0.00359	0.00287	0.00861
77	0.02591	0.01814	0.01973	0.01513	0.02048	0.01984	0.01250	0.64095	0.03046	0.10284	0.01703	0.01670	0.01187	0.00808	0.00672	0.00202	0.00724	0.00610	0.00685	0.01141
78	0.01006	0.00648	0.00720	0.00720	0.00737	0.00648	0.00413	0.01041	0.01023	0.01433	0.02122	0.04183	0.02360	0.68077	0.03090	0.00596	0.00613	0.00937	0.09201	0.00431
79	0.01383	0.00783	0.00816	0.00768	0.00964	0.00806	0.00585	0.10322	0.01622	0.02661	0.02236	0.08292	0.01864	0.00891	0.00526	0.00171	0.00374	0.00726	0.63523	0.00685
80	0.01740	0.01477	0.01557	0.01380	0.01772	0.01702	0.01079	0.08904	0.65567	0.02921	0.02641	0.02432	0.01975	0.00902	0.00682	0.00225	0.00548	0.00746	0.00682	0.01068
81	0.02315	0.02882	0.01778	0.01621	0.01959	0.63186	0.01218	0.02599	0.06342	0.01731	0.01610	0.01715	0.06654	0.00787	0.00625	0.00181	0.01096	0.00532	0.00390	0.00779
82	0.02178	0.01391	0.01579	0.01329	0.01768	0.01495	0.01059	0.10058	0.42567	0.24923	0.02594	0.02346	0.01837	0.00875	0.00679	0.00219	0.00564	0.00717	0.00728	0.01095
83	0.01475	0.01490	0.02178	0.01831	0.01874	0.02032	0.05887	0.01649	0.01064	0.01649	0.00912	0.01490	0.00890	0.01135	0.02111	0.00289	0.70401	0.00600	0.00297	0.00745
84	0.00959	0.00719	0.01078	0.01078	0.01198	0.00839	0.00839	0.01198	0.01078	0.01558	0.01797	0.02636	0.01677	0.05032	0.73760	0.01078	0.01797	0.00719	0.00359	0.00599
85	0.02920	0.01287	0.01647	0.01263	0.01785	0.01202	0.01043	0.16400	0.02163	0.59225	0.02443	0.02151	0.01559	0.00826	0.00674	0.00206	0.00604	0.00661	0.00799	0.01142
86	0.01638	0.01571	0.02683	0.08151	0.68377	0.01588	0.02048	0.02040	0.01517	0.02165	0.01258	0.01668	0.01053	0.00602	0.00665	0.00201	0.00803	0.00598	0.00330	0.01045
87	0.00940	0.00688	0.00897	0.00852	0.01012	0.00645	0.00642	0.01241	0.01809	0.02543	0.62038	0.04915	0.10202	0.01687	0.06656	0.00282	0.00437	0.01187	0.00701	0.00626
88	0.81159	0.01298	0.00986	0.00882	0.01298	0.01505	0.00727	0.01972	0.01142	0.03010	0.00934	0.01090	0.00727	0.00623	0.00415	0.00208	0.00519	0.00363	0.00415	0.00727
89	0.81159	0.01298	0.00986	0.00882	0.01298	0.01505	0.00727	0.01972	0.01142	0.03010	0.00934	0.01090	0.00727	0.00623	0.00415	0.00208	0.00519	0.00363	0.00415	0.00727
90	0.00943	0.00686	0.00888	0.00838	0.00999	0.00630	0.00628	0.01254	0.01885	0.02656	0.69273	0.05070	0.08959	0.01385	0.00791	0.00212	0.00317	0.01222	0.00734	0.00630
91	0.01497	0.01619	0.03199	0.17180	0.03397	0.01724	0.42919	0.01959	0.01428	0.01959	0.01232	0.01740	0.00967	0.00704	0.01039	0.00239	0.15323	0.00713	0.00322	0.00840
92	0.03856	0.00948	0.00881	0.00800	0.01040	0.05506	0.00615	0.06596	0.01556	0.02561	0.01955	0.02222	0.01534	0.00750	0.00493	0.00158	0.00422	0.00585	0.60426	0.07096
93	0.02325	0.02167	0.06586	0.01629	0.02092	0.14930	0.01382	0.44697	0.02543	0.03291	0.01387	0.01508	0.01039	0.00822	0.00854	0.00209	0.10423	0.00564	0.00539	0.01014
94	0.01346	0.03471	0.72942	0.01912	0.02904	0.01558	0.02479	0.02125	0.01417	0.02125	0.01204	0.01417	0.00850	0.00637	0.00637	0.00212	0.00992	0.00496	0.00283	0.00992
95	0.00818	0.00584	0.00779	0.00934	0.00973	0.00545	0.00623	0.00934	0.01285	0.01713	0.03698	0.75981	0.04438	0.02102	0.00856	0.00273	0.00389	0.01908	0.00623	0.00545
96	0.02223	0.02741	0.01833	0.01669	0.01941	0.57631	0.01267	0.02387	0.01727	0.01644	0.01229	0.07256	0.01154	0.00874	0.00853	0.00198	0.11686	0.00573	0.00361	0.00753
97	0.00873	0.00687	0.00792	0.00791	0.00981	0.00606	0.00603	0.01105	0.01655	0.02138	0.29649	0.08099	0.41080	0.01607	0.00805	0.00229	0.00355	0.06687	0.00664	0.00594
98	0.00818	0.00584	0.00779	0.00934	0.00973	0.00545	0.00623	0.00934	0.01285	0.01713	0.03698	0.75981	0.04438	0.02102	0.00856	0.00273	0.00389	0.01908	0.00623	0.00545
99	0.01346	0.03471	0.72942	0.01912	0.02904	0.01558	0.02479	0.02125	0.01417	0.02125	0.01204	0.01417	0.00850	0.00637	0.00637	0.00212	0.00992	0.00496	0.00283	0.00992
100	0.04514	0.02313	0.05941	0.01456	0.01842	0.37353	0.01174	0.04702	0.13143	0.07809	0.01626	0.01706	0.01243	0.00749	0.00603	0.00187	0.00876	0.00539	0.11368	0.00855
101	0.01400	0.21065	0.45489	0.01604	0.02367	0.01723	0.01915	0.01962	0.01355	0.01909	0.01224	0.01510	0.00973	0.01259	0.11192	0.00321	0.01041	0.00495	0.00295	0.00903
102	0.00966	0.00646	0.00735	0.00745	0.00747	0.00644	0.00421	0.00973	0.00996	0.01328	0.02217	0.09029	0.02569	0.71604	0.03249	0.00626	0.00634	0.01036	0.00421	0.00416
103	0.00818	0.00584	0.00779	0.00934	0.00973	0.00545	0.00623	0.00934	0.01285	0.01713	0.03698	0.75981	0.04438	0.02102	0.00856	0.00273	0.00389	0.01908	0.00623	0.00545
104	0.01494	0.01799	0.14484	0.23508	0.34614	0.01567	0.04222	0.02070	0.05817	0.02083	0.01328	0.01713	0.01039	0.00644	0.00667	0.00211	0.00852	0.00596	0.00336	0.00956
105	0.01275	0.01187	0.01963	0.50601	0.16976	0.01375	0.01714	0.01669	0.01385	0.01812	0.01770	0.08029	0.05807	0.00838	0.00692	0.00223	0.00799	0.00755	0.00352	0.00778
106	0.00912	0.00684	0.00845	0.00805	0.00979	0.00617	0.00604	0.01194	0.01811	0.02481	0.56349	0.05357	0.21992	0.01450	0.00792	0.00215	0.00322	0.01262	0.00711	0.00617
107	0.02271	0.02785	0.02025	0.09067	0.11978	0.56866	0.01456	0.02501	0.01796	0.01725	0.01083	0.01328	0.00895	0.00677	0.00619	0.00181	0.01123	0.00471	0.00339	0.00814
108	0.00959	0.00719	0.01078	0.01078	0.01198	0.00839	0.00839	0.01198	0.01078	0.01558	0.01797	0.02636	0.01677	0.05032	0.73760	0.01078	0.01797	0.00719	0.00359	0.00599
109	0.01267	0.01193	0.02013	0.74806	0.04621	0.01491	0.01863	0.01714	0.01342	0.01714	0.01193	0.01789	0.00894	0.00671	0.00671	0.00224	0.00894	0.00596	0.00298	0.00745
110	0.00826	0.00681	0.00726	0.00715	0.00927	0.00581	0.00536	0.01027	0.01608	0.01998	0.20569	0.06152	0.58073	0.01630	0.00793	0.00223	0.00335	0.01373	0.00648	0.00581
111	0.00806	0.00630	0.00731	0.00812	0.00941	0.00555	0.00569	0.00948	0.01402	0.01761	0.05188	0.42556	0.36901	0.01908	0.00826	0.00250	0.00366	0.01671	0.00623	0.00555
112	0.01391	0.01193	0.01391	0.00994	0.01590	0.00894	0.00795	0.01690	0.01391	0.02186	0.01193	0.01391	0.00994	0.00497	0.00497	0.00099	0.00497	0.00398	0.00398	0.80521
113	0.01267	0.01193	0.02013	0.74806	0.04621	0.01491	0.01863	0.01714	0.01342	0.01714	0.01193	0.01789	0.00894	0.00671	0.00671	0.00224	0.00894	0.00596	0.00298	0.00745
114	0.01878	0.66968	0.03304	0.01194	0.01746	0.02539	0.01160	0.06440	0.01490	0.04346	0.01038	0.01167	0.00909	0.00616	0.00508	0.00154	0.02935	0.00393	0.00332	0.00886
115	0.04727	0.35402	0.08724	0.01641	0.07548	0.11355	0.01398	0.06440	0.01503	0.01912	0.01031	0.01268	0.00893	0.00710	0.00790	0.00188	0.12819	0.00452	0.00328	0.00870
116	0.02473	0.03128	0.01886	0.01714	0.02061	0.70840	0.01287	0.02715	0.04669	0.01689	0.01105	0.01262	0.00912	0.00700	0.00608	0.00175	0.01183	0.00445	0.00359	0.00789
117	0.00936	0.00833	0.00806	0.00784	0.01023	0.03328	0.00591	0.01254	0.07151	0.01943	0.10469	0.05855	0.59505	0.01578	0.00777	0.00224	0.00385	0.01314	0.00625	0.00618
118	0.01697	0.15378	0.10410	0.05082	0.10797	0.04268	0.01402	0.06668	0.15341	0.06804	0.01974	0.06314	0.01719	0.00917	0.00661	0.00213	0.00712	0.08229	0.00488	0.00925
119	0.01244	0.01122	0.01146	0.09083	0.01546	0.13001	0.00874	0.01342	0.01319	0.01617	0.02480	0.34167	0.04862	0.04140	0.01202	0.13670	0.02844	0.01175	0.02599	0.00567
120	0.01221	0.00629	0.00629	0.00629	0.00790	0.00622	0.00472	0.01525	0.01415	0.02457	0.02487	0.02757	0.06262	0.00841	0.00490	0.00161	0.00314	0.00677	0.75001	0.00622
121	0.01899	0.01755	0.04598	0.03117	0.45301	0.04214	0.01769	0.21148	0.01995	0.02730	0.01552	0.01798	0.03658	0.00701	0.00668	0.00200	0.00784	0.00621	0.00437	0.01055
122	0.00924	0.00722	0.00961	0.02921	0.01209	0.00693	0.02955	0.01153	0.03404	0.01794	0.04091	0.36735	0.19949	0.06466	0.03202	0.00310	0.00510	0.10830	0.00585	0.00586
123	0.01346	0.03471	0.72942	0.01912	0.02904	0.01558	0.02479	0.02125	0.01417	0.02125	0.01204	0.01417	0.00850	0.00637	0.00637	0.00212	0.00992	0.00496	0.00283	0.00992
124	0.01480	0.01365	0.02185	0.20680	0.07168	0.03639	0.14038	0.04939	0.03294	0.04438	0.03745	0.02009	0.01316	0.01549	0.14106	0.00384	0.11805	0.00676	0.00380	0.00804
125	0.06733	0.01631	0.03024	0.07174	0.30024	0.01662	0.29658	0.02035	0.01475	0.02154	0.01245	0.01677	0.00999	0.00637	0.00824	0.00220	0.06900	0.00661	0.00335	0.00932
126	0.01451	0.03743	0.15779	0.01788	0.04502	0.05997	0.18095	0.04081	0.01469	0.04086	0.01889	0.08476	0.03899	0.10713	0.06583	0.00341	0.03147	0.02764	0.00403	0.00793
127	0.16611	0.16687	0.02385	0.10933	0.11304	0.08349	0.07595	0.07002	0.01505	0.02199	0.01100	0.01402	0.00903	0.00689	0.00741	0.00203	0.08675	0.00508	0.00357	0.00851
128	0.01428	0.03640	0.08235	0.01744	0.12607	0.01326	0.05549	0.09006	0.10895	0.02365	0.09072	0.08883	0.11932	0.03546	0.00850	0.00230	0.03233	0.00900	0.00515	0.04045
129	0.01098	0.00868	0.00829	0.00814	0.00853	0.06852	0.00486	0.01120	0.01077	0.01350	0.02210	0.04204	0.05090	0.66996	0.03072	0.00593	0.00686	0.00947	0.00410	0.00445
130	0.01715	0.01281	0.04243	0.01207	0.01573	0.01256	0.01001	0.18762	0.14640	0.10657	0.25802	0.03475	0.05598	0.01099	0.00731	0.00217	0.00531	0.04617	0.00693	0.00902
131	0.01137	0.03918	0.01083	0.01002	0.01191	0.03017	0.00744	0.01595	0.13387	0.03784	0.05716	0.28509	0.16821	0.06002	0.06931	0.00332	0.00580	0.02989	0.00587	0.00675
132	0.01772	0.29321	0.02259	0.01235	0.01684	0.07535	0.03075	0.07645	0.05845	0.07890	0.02006	0.02226	0.08014	0.01241	0.08075	0.00269	0.00805	0.02558	0.00451	0.06095

[dist]
# distance from previous block
# <min> <max>
4	16

[block]
# block no. 2 follows, 32 sequences, length 25
# corresponding to MSA columns:
# 274-298
name=unknown_C
#
# <colnr> <probs for GDERKNQSTAVLIFYWHMCP>
#	G	D	E	R	K	N	Q	S	T	A	V	L	I	F	Y	W	H	M	C	P
0	0.05600	0.09572	0.07142	0.07145	0.02049	0.03356	0.08887	0.12058	0.03314	0.04608	0.12790	0.09185	0.02324	0.03746	0.00826	0.00232	0.02560	0.03283	0.00504	0.00820
1	0.01758	0.03428	0.04387	0.13516	0.09735	0.12356	0.09225	0.11215	0.05292	0.04432	0.01556	0.04607	0.01300	0.01106	0.06257	0.00274	0.03083	0.02252	0.00427	0.03794
2	0.16296	0.06125	0.04342	0.12470	0.05088	0.01386	0.07032	0.05764	0.01431	0.02182	0.02098	0.17965	0.06051	0.01089	0.00773	0.00231	0.05608	0.02874	0.00445	0.00751
3	0.01688	0.01670	0.06259	0.11012	0.10135	0.07374	0.06257	0.10183	0.06660	0.03856	0.01453	0.03450	0.01163	0.00673	0.00623	0.00176	0.00746	0.00576	0.00430	0.25616
4	0.02153	0.13398	0.09137	0.01915	0.09397	0.45554	0.01479	0.02413	0.01696	0.01736	0.01054	0.01271	0.00884	0.00684	0.00669	0.00181	0.04762	0.00453	0.00327	0.00838
5	0.02497	0.08859	0.02079	0.01551	0.02025	0.26674	0.01254	0.36866	0.02492	0.07260	0.01417	0.01467	0.01053	0.00748	0.00628	0.00187	0.00888	0.00528	0.00535	0.00992
6	0.70076	0.01337	0.01130	0.05421	0.01561	0.01550	0.00839	0.07351	0.01314	0.03028	0.01004	0.01174	0.00770	0.00640	0.00451	0.00208	0.00559	0.00397	0.00428	0.00761
7	0.00965	0.00692	0.00941	0.00941	0.01014	0.00764	0.00668	0.01110	0.01038	0.01456	0.01923	0.03330	0.01979	0.33267	0.45938	0.00909	0.01344	0.00820	0.00378	0.00523
8	0.07535	0.07444	0.01949	0.01625	0.02003	0.59330	0.01249	0.07693	0.01915	0.01922	0.01068	0.01225	0.00876	0.00689	0.00587	0.00175	0.01100	0.00436	0.00371	0.00807
9	0.00943	0.00686	0.00888	0.00838	0.00999	0.00630	0.00628	0.01254	0.01884	0.02656	0.69269	0.05070	0.08963	0.01385	0.00791	0.00212	0.00317	0.01222	0.00734	0.00630
10	0.00818	0.00584	0.00779	0.00934	0.00973	0.00545	0.00623	0.00934	0.01285	0.01713	0.03698	0.75981	0.04438	0.02102	0.00856	0.00273	0.00389	0.01908	0.00623	0.00545
11	0.04745	0.24701	0.17975	0.01650	0.02239	0.14225	0.08811	0.06368	0.05798	0.02059	0.01203	0.01390	0.00961	0.00673	0.00661	0.00191	0.04598	0.00498	0.00354	0.00898
12	0.01664	0.04638	0.01702	0.06176	0.13662	0.09416	0.01221	0.04320	0.15495	0.08319	0.02857	0.03398	0.13222	0.01051	0.00709	0.00221	0.00672	0.09847	0.00540	0.00871
13	0.00959	0.00719	0.01078	0.01078	0.01198	0.00839	0.00839	0.01198	0.01078	0.01558	0.01797	0.02636	0.01677	0.05032	0.73760	0.01078	0.01797	0.00719	0.00359	0.00599
14	0.00960	0.00713	0.01048	0.01048	0.01158	0.00822	0.00801	0.01179	0.01069	0.01535	0.01825	0.02789	0.01744	0.11255	0.67628	0.01041	0.01697	0.00741	0.00364	0.00582
15	0.01492	0.01544	0.02190	0.33551	0.07319	0.09900	0.08475	0.01835	0.01352	0.01745	0.01159	0.01694	0.00958	0.01040	0.05464	0.00285	0.18310	0.00602	0.00312	0.00772
16	0.01598	0.01587	0.02432	0.26683	0.45162	0.07026	0.01938	0.01995	0.01496	0.01997	0.01223	0.01668	0.00994	0.00628	0.00662	0.00205	0.00860	0.00585	0.00322	0.00939
17	0.00876	0.00706	0.00795	0.00839	0.01045	0.00625	0.00674	0.01085	0.01534	0.01869	0.05867	0.06776	0.52429	0.01744	0.00831	0.00250	0.00420	0.20433	0.00622	0.00581
18	0.00883	0.00683	0.00804	0.00774	0.00961	0.00605	0.00580	0.01137	0.01741	0.02316	0.44085	0.05629	0.34359	0.01512	0.00792	0.00218	0.00327	0.01300	0.00689	0.00605
19	0.01483	0.05674	0.14822	0.07796	0.03016	0.01724	0.36019	0.01971	0.01422	0.01978	0.01305	0.04385	0.01076	0.00745	0.00978	0.00233	0.13470	0.00713	0.00327	0.00863
20	0.00820	0.00612	0.00763	0.00871	0.00960	0.00555	0.00598	0.00961	0.01378	0.01795	0.08542	0.55781	0.19992	0.01966	0.00838	0.00258	0.00374	0.01753	0.00630	0.00555
21	0.00961	0.00741	0.00883	0.00838	0.01032	0.00693	0.00631	0.01356	0.07033	0.02455	0.48519	0.05225	0.24280	0.01428	0.00784	0.00217	0.00339	0.01235	0.00702	0.00647
22	0.81159	0.01298	0.00986	0.00882	0.01298	0.01505	0.00727	0.01972	0.01142	0.03010	0.00934	0.01090	0.00727	0.00623	0.00415	0.00208	0.00519	0.00363	0.00415	0.00727
23	0.02145	0.08789	0.01964	0.01614	0.07850	0.15286	0.01194	0.26956	0.02191	0.08093	0.05092	0.05874	0.01560	0.02739	0.00711	0.00200	0.00761	0.00653	0.00534	0.05797
24	0.01186	0.00889	0.01180	0.01061	0.01243	0.00911	0.04137	0.08146	0.01338	0.01870	0.02030	0.10889	0.02086	0.27199	0.23227	0.00609	0.00971	0.00895	0.02981	0.07152

[dist]
# distance from previous block
# <min> <max>
0	5

[block]
# block no. 3 follows, 32 sequences, length 6
# corresponding to MSA columns:
# 304-309
name=unknown_D
#
# <colnr> <probs for GDERKNQSTAVLIFYWHMCP>
#	G	D	E	R	K	N	Q	S	T	A	V	L	I	F	Y	W	H	M	C	P
0	0.02444	0.01827	0.01954	0.01522	0.02040	0.02031	0.01250	0.61978	0.11346	0.04057	0.01746	0.01719	0.01251	0.00818	0.00673	0.00205	0.00713	0.00623	0.00673	0.01132
1	0.01542	0.12085	0.02202	0.01719	0.12046	0.01399	0.09376	0.04320	0.03813	0.02174	0.01335	0.03969	0.01143	0.00609	0.00572	0.00149	0.00654	0.00538	0.00392	0.39962
2	0.01758	0.55354	0.02894	0.01202	0.01667	0.12621	0.01095	0.01953	0.01430	0.01607	0.01341	0.11740	0.01370	0.00808	0.00516	0.00166	0.00742	0.00589	0.00343	0.00804
3	0.01816	0.01443	0.02218	0.02977	0.44332	0.01450	0.01626	0.11844	0.01771	0.10058	0.01809	0.12283	0.01619	0.00867	0.00694	0.00211	0.00706	0.00793	0.00476	0.01009
4	0.01791	0.01391	0.01446	0.01217	0.01527	0.04627	0.00926	0.29798	0.12543	0.02895	0.09512	0.02893	0.02200	0.22545	0.01469	0.00334	0.00657	0.00792	0.00590	0.00848
5	0.01557	0.01397	0.02177	0.22859	0.35224	0.01521	0.01717	0.06065	0.09079	0.02241	0.01494	0.01867	0.01187	0.00837	0.03336	0.00239	0.00801	0.00621	0.04841	0.00938

[dist]
# distance from previous block
# <min> <max>
0	1

[block]
# block no. 4 follows, 32 sequences, length 18
# corresponding to MSA columns:
# 311-328
name=unknown_E
#
# <colnr> <probs for GDERKNQSTAVLIFYWHMCP>
#	G	D	E	R	K	N	Q	S	T	A	V	L	I	F	Y	W	H	M	C	P
0	0.01459	0.00791	0.01039	0.00942	0.01181	0.00727	0.00724	0.01718	0.01702	0.20244	0.30965	0.12132	0.10324	0.01675	0.07786	0.00300	0.00534	0.01102	0.03912	0.00743
1	0.01998	0.14039	0.01976	0.01439	0.01751	0.32926	0.01135	0.09914	0.01719	0.01888	0.01459	0.01921	0.04104	0.11141	0.01160	0.00253	0.09448	0.00574	0.00388	0.00768
2	0.00964	0.00699	0.00977	0.00977	0.01062	0.00784	0.00712	0.01133	0.01048	0.01483	0.01890	0.03150	0.01900	0.25923	0.53174	0.00953	0.01462	0.00794	0.00373	0.00543
3	0.01673	0.04890	0.01726	0.01733	0.14895	0.01436	0.01147	0.12987	0.20744	0.06479	0.14541	0.02907	0.07332	0.03571	0.00787	0.00225	0.00578	0.00814	0.00600	0.00937
4	0.00883	0.00633	0.00808	0.00913	0.00982	0.00599	0.00636	0.01020	0.01317	0.01739	0.07188	0.45535	0.09683	0.14680	0.01294	0.00335	0.00456	0.10172	0.00591	0.00537
5	0.01566	0.08534	0.23719	0.03323	0.02073	0.01295	0.03804	0.04391	0.01579	0.11264	0.08479	0.08197	0.01923	0.00871	0.00651	0.00196	0.00698	0.03025	0.00472	0.13939
6	0.01617	0.08966	0.10582	0.03996	0.04792	0.08900	0.01264	0.08081	0.05780	0.04446	0.02019	0.06556	0.06795	0.01045	0.03037	0.00225	0.04793	0.03857	0.00451	0.12796
7	0.04158	0.01671	0.01604	0.03564	0.04687	0.15923	0.01052	0.12215	0.03538	0.02359	0.03932	0.05563	0.01422	0.03143	0.00735	0.00181	0.03052	0.00591	0.00452	0.30159
8	0.03772	0.01334	0.04567	0.04047	0.06472	0.01251	0.07235	0.12145	0.04528	0.05752	0.04570	0.04850	0.12473	0.02537	0.03336	0.00243	0.03099	0.03773	0.00511	0.13505
9	0.04529	0.10935	0.01816	0.06334	0.08851	0.09199	0.01112	0.08911	0.06111	0.05240	0.04921	0.05187	0.08162	0.00849	0.00617	0.00183	0.00656	0.00682	0.02881	0.12823
10	0.01680	0.07418	0.05757	0.01899	0.17428	0.11753	0.01296	0.09778	0.05036	0.02303	0.04816	0.05426	0.07032	0.00873	0.00645	0.00191	0.00712	0.03078	0.03881	0.09000
11	0.05138	0.05710	0.05529	0.03395	0.08553	0.03772	0.01200	0.12908	0.13427	0.02489	0.05589	0.07728	0.09370	0.01028	0.00797	0.00218	0.06484	0.02679	0.00521	0.03464
12	0.01749	0.17461	0.08871	0.01443	0.01869	0.17723	0.04111	0.09887	0.03074	0.02043	0.02081	0.05318	0.11056	0.01069	0.03357	0.00231	0.06731	0.00688	0.00419	0.00819
13	0.07264	0.01837	0.15206	0.01589	0.06828	0.10503	0.06240	0.02114	0.06013	0.08902	0.05811	0.02461	0.09864	0.01027	0.03790	0.00239	0.00778	0.00700	0.04760	0.04076
14	0.05260	0.03917	0.09703	0.07545	0.06527	0.02814	0.01338	0.20189	0.03420	0.04587	0.02063	0.07819	0.08084	0.00957	0.00825	0.00215	0.08494	0.00742	0.00490	0.05010
15	0.07372	0.06559	0.01854	0.05561	0.03964	0.09312	0.06103	0.11956	0.12689	0.02484	0.05348	0.02225	0.03785	0.01024	0.04414	0.00240	0.00765	0.03015	0.00489	0.10841
16	0.01706	0.05713	0.01644	0.01267	0.01653	0.10162	0.04209	0.21327	0.04477	0.02571	0.05707	0.08404	0.15533	0.04100	0.00793	0.00216	0.00656	0.00864	0.00548	0.08450
17	0.07068	0.06603	0.11582	0.03219	0.05817	0.08783	0.06119	0.06037	0.07328	0.05234	0.10818	0.07455	0.04854	0.00904	0.00659	0.00203	0.00708	0.00759	0.00487	0.05365

[dist]
# distance from previous block
# <min> <max>
19	132

# created by:
# /home/berkeley/.conda/envs/busco_data_prod/bin/msa2prfl.pl pipeline/OGs_align_augustus/4893/30605.fs
