[name]
unknown

[dist]
# distance from previous block
# <min> <max>
0	47

[block]
# block no. 0 follows, 33 sequences, length 37
# corresponding to MSA columns:
# 49-85
name=unknown_A
#
# <colnr> <probs for GDERKNQSTAVLIFYWHMCP>
#	G	D	E	R	K	N	Q	S	T	A	V	L	I	F	Y	W	H	M	C	P
0	0.03517	0.19015	0.18233	0.01396	0.01959	0.03886	0.03096	0.05541	0.07812	0.09768	0.01678	0.03792	0.01407	0.00806	0.00641	0.00195	0.02431	0.06715	0.00444	0.07666
1	0.08622	0.04402	0.10729	0.01490	0.05292	0.10901	0.02679	0.12825	0.07833	0.13031	0.06202	0.02233	0.07669	0.00847	0.00669	0.00202	0.02276	0.00661	0.00528	0.00909
2	0.07017	0.18570	0.44893	0.01712	0.02511	0.01768	0.08183	0.02101	0.03777	0.02058	0.01172	0.01369	0.00883	0.00614	0.00583	0.00196	0.00881	0.00484	0.00306	0.00923
3	0.01464	0.13630	0.58692	0.01746	0.02631	0.01715	0.02168	0.06827	0.01501	0.02153	0.01172	0.01356	0.00855	0.00628	0.00599	0.00198	0.00918	0.00475	0.00305	0.00965
4	0.00829	0.00598	0.00792	0.00937	0.00996	0.00560	0.00655	0.00967	0.01300	0.01717	0.03761	0.65490	0.07615	0.02017	0.00845	0.00269	0.00404	0.09096	0.00611	0.00544
5	0.02459	0.03138	0.01866	0.01696	0.02035	0.74221	0.01272	0.02629	0.01866	0.01611	0.01018	0.01187	0.00848	0.00678	0.00594	0.00170	0.01187	0.00424	0.00339	0.00763
6	0.00778	0.00667	0.00667	0.00667	0.00889	0.00556	0.00500	0.00945	0.01501	0.01778	0.06669	0.06336	0.72490	0.01667	0.00778	0.00222	0.00333	0.01389	0.00611	0.00556
7	0.01549	0.01326	0.01412	0.01294	0.01637	0.01518	0.01006	0.03214	0.63345	0.02643	0.02880	0.06203	0.04393	0.01008	0.00691	0.00228	0.00512	0.03492	0.00663	0.00986
8	0.00932	0.00673	0.00880	0.00828	0.00984	0.00621	0.00621	0.01242	0.01863	0.02640	0.72410	0.04918	0.06212	0.01346	0.00776	0.00207	0.00311	0.01191	0.00725	0.00621
9	0.02954	0.01120	0.01528	0.01171	0.01681	0.00968	0.00968	0.03208	0.01884	0.73213	0.02597	0.02241	0.01630	0.00815	0.00662	0.00204	0.00560	0.00662	0.00815	0.01120
10	0.00925	0.00673	0.00870	0.00821	0.00979	0.00618	0.00616	0.01229	0.01847	0.02601	0.69462	0.04981	0.09184	0.01360	0.00777	0.00208	0.00312	0.01199	0.00720	0.00618
11	0.01243	0.01170	0.01975	0.75282	0.04534	0.01463	0.01828	0.01682	0.01316	0.01682	0.01170	0.01755	0.00878	0.00658	0.00658	0.00219	0.00878	0.00585	0.00293	0.00731
12	0.01227	0.00614	0.00614	0.00614	0.00767	0.00614	0.00460	0.01534	0.01381	0.02454	0.02148	0.02454	0.01687	0.00767	0.00460	0.00153	0.00307	0.00614	0.80518	0.00614
13	0.01243	0.01170	0.01975	0.75282	0.04534	0.01463	0.01828	0.01682	0.01316	0.01682	0.01170	0.01755	0.00878	0.00658	0.00658	0.00219	0.00878	0.00585	0.00293	0.00731
14	0.81514	0.01273	0.00968	0.00866	0.01273	0.01477	0.00713	0.01935	0.01120	0.02954	0.00917	0.01069	0.00713	0.00611	0.00407	0.00204	0.00509	0.00356	0.00407	0.00713
15	0.01243	0.01170	0.01975	0.75282	0.04534	0.01463	0.01828	0.01682	0.01316	0.01682	0.01170	0.01755	0.00878	0.00658	0.00658	0.00219	0.00878	0.00585	0.00293	0.00731
16	0.02459	0.03138	0.01866	0.01696	0.02035	0.74221	0.01272	0.02629	0.01866	0.01611	0.01018	0.01187	0.00848	0.00678	0.00594	0.00170	0.01187	0.00424	0.00339	0.00763
17	0.01429	0.02729	0.46507	0.02535	0.20299	0.01556	0.11469	0.02072	0.01439	0.02104	0.01216	0.01501	0.00908	0.00606	0.00652	0.00207	0.00944	0.00550	0.00297	0.00979
18	0.01298	0.01219	0.02055	0.58187	0.17551	0.01441	0.01811	0.01713	0.01349	0.01772	0.01294	0.05080	0.01065	0.00707	0.00665	0.00217	0.00837	0.00643	0.00313	0.00783
19	0.01320	0.03405	0.73453	0.01876	0.02849	0.01529	0.02432	0.02085	0.01390	0.02085	0.01181	0.01390	0.00834	0.00625	0.00625	0.00208	0.00973	0.00486	0.00278	0.00973
20	0.00803	0.00668	0.00702	0.00693	0.00905	0.00566	0.00520	0.00993	0.01560	0.01919	0.17408	0.06104	0.61664	0.01615	0.00778	0.00220	0.00330	0.01357	0.00630	0.00566
21	0.07442	0.09022	0.13242	0.07589	0.30578	0.04141	0.06568	0.06540	0.01565	0.05441	0.01254	0.01527	0.00979	0.00621	0.00617	0.00196	0.00814	0.00544	0.00363	0.00957
22	0.02522	0.01177	0.01701	0.01339	0.01811	0.01074	0.07313	0.07809	0.01884	0.51729	0.02535	0.05046	0.01852	0.00936	0.00704	0.00218	0.00622	0.07972	0.00731	0.01025
23	0.01570	0.01504	0.02565	0.14952	0.62308	0.01549	0.01991	0.01969	0.01471	0.02079	0.01228	0.01649	0.01017	0.00598	0.00653	0.00199	0.00797	0.00586	0.00321	0.00995
24	0.02503	0.01844	0.01976	0.01515	0.02042	0.02042	0.01251	0.70562	0.03095	0.04149	0.01581	0.01581	0.01120	0.00790	0.00659	0.00198	0.00724	0.00593	0.00659	0.01120
25	0.02312	0.01712	0.01814	0.01389	0.01917	0.05031	0.01136	0.48449	0.02600	0.09181	0.01555	0.01573	0.01120	0.00727	0.00622	0.00177	0.00686	0.00551	0.00603	0.16842
26	0.00910	0.00672	0.00850	0.00806	0.00970	0.00612	0.00604	0.01201	0.01813	0.02519	0.63212	0.05116	0.15485	0.01391	0.00777	0.00209	0.00314	0.01218	0.00709	0.00612
27	0.00910	0.00672	0.00850	0.00806	0.00970	0.00612	0.00604	0.01201	0.01812	0.02519	0.63167	0.05117	0.15530	0.01391	0.00777	0.00209	0.00314	0.01219	0.00709	0.00612
28	0.00932	0.00673	0.00880	0.00828	0.00984	0.00621	0.00621	0.01242	0.01863	0.02640	0.72410	0.04918	0.06212	0.01346	0.00776	0.00207	0.00311	0.01191	0.00725	0.00621
29	0.02047	0.05293	0.01823	0.04040	0.05185	0.13949	0.01197	0.17805	0.31267	0.07532	0.01955	0.01910	0.01457	0.00792	0.00641	0.00202	0.00713	0.00621	0.00575	0.00998
30	0.00944	0.00669	0.00856	0.00809	0.00967	0.00618	0.00607	0.01249	0.01820	0.02596	0.65587	0.04821	0.08481	0.01323	0.00757	0.00204	0.00311	0.01163	0.05601	0.00618
31	0.01365	0.01170	0.01365	0.00975	0.01560	0.00878	0.00780	0.01658	0.01365	0.02145	0.01170	0.01365	0.00975	0.00488	0.00488	0.00098	0.00488	0.00390	0.00390	0.80888
32	0.01784	0.66328	0.08190	0.01223	0.01797	0.08134	0.01229	0.02031	0.01383	0.01591	0.00942	0.01090	0.00844	0.00577	0.00450	0.00148	0.00761	0.00367	0.00286	0.00847
33	0.00952	0.00784	0.00869	0.00839	0.01016	0.04024	0.00629	0.01200	0.01675	0.02219	0.41737	0.07758	0.25549	0.01689	0.05876	0.00271	0.00462	0.01207	0.00642	0.00602
34	0.05330	0.01334	0.01421	0.01324	0.03352	0.03711	0.01021	0.08945	0.39849	0.04900	0.07536	0.03162	0.05711	0.01027	0.00693	0.00225	0.00553	0.08344	0.00636	0.00926
35	0.68342	0.06532	0.01161	0.00905	0.01310	0.01523	0.00753	0.01982	0.04605	0.02832	0.04316	0.01315	0.01040	0.00656	0.00438	0.00200	0.00514	0.00414	0.00426	0.00734
36	0.02382	0.01789	0.06432	0.01468	0.02001	0.01807	0.01261	0.48339	0.11348	0.13562	0.01835	0.01770	0.01284	0.00796	0.00658	0.00202	0.00692	0.00615	0.00658	0.01101

[dist]
# distance from previous block
# <min> <max>
0	6

[block]
# block no. 1 follows, 33 sequences, length 11
# corresponding to MSA columns:
# 92-102
name=unknown_B
#
# <colnr> <probs for GDERKNQSTAVLIFYWHMCP>
#	G	D	E	R	K	N	Q	S	T	A	V	L	I	F	Y	W	H	M	C	P
0	0.06345	0.02352	0.04169	0.01968	0.12449	0.35849	0.04033	0.10882	0.01814	0.02156	0.01136	0.01352	0.00920	0.00680	0.00686	0.00183	0.05057	0.00487	0.00380	0.07102
1	0.01345	0.03234	0.66149	0.01971	0.02911	0.01543	0.09565	0.02087	0.01407	0.02087	0.01197	0.01430	0.00851	0.00618	0.00641	0.00210	0.00987	0.00517	0.00284	0.00964
2	0.00901	0.00672	0.00838	0.00796	0.00965	0.00608	0.00597	0.01183	0.01791	0.02468	0.59326	0.05200	0.19403	0.01410	0.00777	0.00210	0.00315	0.01230	0.00702	0.00608
3	0.02478	0.01621	0.01799	0.01389	0.01892	0.01728	0.01144	0.52452	0.02747	0.17795	0.02123	0.02030	0.05986	0.00854	0.00667	0.00200	0.00665	0.00660	0.00687	0.01082
4	0.00778	0.00667	0.00667	0.00667	0.00889	0.00556	0.00500	0.00945	0.01501	0.01778	0.06669	0.06336	0.72490	0.01667	0.00778	0.00222	0.00333	0.01389	0.00611	0.00556
5	0.02459	0.03138	0.01866	0.01696	0.02035	0.74221	0.01272	0.02629	0.01866	0.01611	0.01018	0.01187	0.00848	0.00678	0.00594	0.00170	0.01187	0.00424	0.00339	0.00763
6	0.01637	0.01414	0.01489	0.01340	0.01712	0.01637	0.01042	0.03498	0.71568	0.02754	0.02679	0.02456	0.02010	0.00893	0.00670	0.00223	0.00521	0.00744	0.00670	0.01042
7	0.01959	0.01574	0.01670	0.01405	0.01834	0.01788	0.01120	0.28409	0.46133	0.03272	0.02271	0.02131	0.01679	0.00855	0.00666	0.00214	0.00597	0.00688	0.00666	0.01071
8	0.50348	0.24038	0.08467	0.01037	0.01544	0.01817	0.00996	0.01960	0.01210	0.02455	0.00941	0.01095	0.00763	0.00598	0.00432	0.00185	0.00610	0.00367	0.00358	0.00776
9	0.07888	0.56189	0.17613	0.01260	0.01895	0.02296	0.01362	0.01992	0.01331	0.01768	0.00970	0.01126	0.00832	0.00580	0.00463	0.00160	0.00744	0.00380	0.00291	0.00861
10	0.01233	0.00980	0.01106	0.01013	0.01267	0.01021	0.00776	0.07255	0.22753	0.02594	0.31182	0.08084	0.15579	0.01260	0.00739	0.00217	0.00414	0.01081	0.00678	0.00770

[dist]
# distance from previous block
# <min> <max>
0	2

[block]
# block no. 2 follows, 33 sequences, length 66
# corresponding to MSA columns:
# 105-170
name=unknown_C
#
# <colnr> <probs for GDERKNQSTAVLIFYWHMCP>
#	G	D	E	R	K	N	Q	S	T	A	V	L	I	F	Y	W	H	M	C	P
0	0.81514	0.01273	0.00968	0.00866	0.01273	0.01477	0.00713	0.01935	0.01120	0.02954	0.00917	0.01069	0.00713	0.00611	0.00407	0.00204	0.00509	0.00356	0.00407	0.00713
1	0.00784	0.00663	0.00671	0.00676	0.00886	0.00558	0.00500	0.00944	0.01477	0.01761	0.06444	0.08337	0.68414	0.03903	0.00856	0.00236	0.00344	0.01391	0.00605	0.00550
2	0.02180	0.01425	0.06445	0.01304	0.01777	0.01343	0.01106	0.03277	0.36893	0.32898	0.02541	0.02291	0.01766	0.00841	0.00663	0.00214	0.00569	0.00691	0.00705	0.01071
3	0.07766	0.01130	0.01493	0.01153	0.01656	0.00999	0.00952	0.03130	0.01837	0.68909	0.02494	0.02169	0.01573	0.00802	0.00646	0.00204	0.00557	0.00643	0.00790	0.01095
4	0.01545	0.01678	0.03419	0.07246	0.17764	0.01651	0.48421	0.02037	0.01499	0.02064	0.01277	0.01726	0.00993	0.00600	0.00819	0.00220	0.05096	0.00715	0.00327	0.00902
5	0.00941	0.00689	0.00913	0.01041	0.01170	0.00661	0.00842	0.01168	0.01438	0.01856	0.04020	0.27509	0.14577	0.01867	0.00869	0.00280	0.00498	0.38474	0.00608	0.00577
6	0.02399	0.02994	0.02008	0.01763	0.02132	0.66444	0.06013	0.05226	0.01892	0.01744	0.01061	0.01243	0.00869	0.00674	0.00609	0.00174	0.01164	0.00455	0.00351	0.00786
7	0.02539	0.01644	0.01844	0.01423	0.01930	0.01763	0.01174	0.53385	0.02756	0.18903	0.01806	0.01762	0.01250	0.00956	0.03511	0.00232	0.00729	0.00612	0.00680	0.01099
8	0.01578	0.01512	0.02580	0.13466	0.63731	0.01551	0.01995	0.01976	0.01475	0.02089	0.01229	0.01646	0.01021	0.00596	0.00653	0.00199	0.00795	0.00586	0.00321	0.01002
9	0.01556	0.01361	0.01594	0.13217	0.04794	0.01580	0.01193	0.03094	0.55901	0.02557	0.04236	0.02379	0.01905	0.00856	0.00670	0.00221	0.00582	0.00725	0.00598	0.00981
10	0.00940	0.00705	0.01058	0.01058	0.01176	0.00823	0.00823	0.01176	0.01058	0.01528	0.01763	0.02586	0.01646	0.04937	0.74255	0.01058	0.01763	0.00705	0.00353	0.00588
11	0.01617	0.01360	0.01527	0.01499	0.06524	0.01540	0.01092	0.03211	0.59658	0.04445	0.02646	0.05347	0.02090	0.00950	0.00684	0.00226	0.00538	0.03392	0.00645	0.01008
12	0.00932	0.00673	0.00880	0.00828	0.00984	0.00621	0.00621	0.01242	0.01863	0.02640	0.72410	0.04918	0.06212	0.01346	0.00776	0.00207	0.00311	0.01191	0.00725	0.00621
13	0.01760	0.77260	0.03450	0.01126	0.01690	0.02605	0.01126	0.01971	0.01338	0.01549	0.00915	0.01056	0.00845	0.00563	0.00422	0.00141	0.00704	0.00352	0.00282	0.00845
14	0.01602	0.01717	0.08335	0.03827	0.64908	0.01565	0.04317	0.02028	0.01492	0.02144	0.01237	0.01615	0.01025	0.00589	0.00654	0.00197	0.00808	0.00585	0.00322	0.01032
15	0.00932	0.00673	0.00880	0.00828	0.00984	0.00621	0.00621	0.01242	0.01863	0.02640	0.72410	0.04918	0.06212	0.01346	0.00776	0.00207	0.00311	0.01191	0.00725	0.00621
16	0.00946	0.00638	0.00744	0.00755	0.00766	0.00644	0.00443	0.00970	0.00985	0.01321	0.02159	0.09119	0.02476	0.66816	0.08046	0.00642	0.00698	0.01003	0.00410	0.00421
17	0.79031	0.03639	0.01045	0.00874	0.01286	0.01512	0.00726	0.01936	0.01127	0.02910	0.00917	0.01069	0.00717	0.00610	0.00408	0.00202	0.00515	0.00356	0.00403	0.00717
18	0.01365	0.01170	0.01365	0.00975	0.01560	0.00878	0.00780	0.01658	0.01365	0.02145	0.01170	0.01365	0.00975	0.00488	0.00488	0.00098	0.00488	0.00390	0.00390	0.80888
19	0.11988	0.07019	0.01935	0.01412	0.01914	0.06913	0.01171	0.50980	0.02617	0.05661	0.01446	0.01475	0.01048	0.00746	0.00608	0.00193	0.00724	0.00538	0.00585	0.01027
20	0.02785	0.01139	0.01514	0.01171	0.01658	0.01018	0.00963	0.07697	0.01966	0.63650	0.07298	0.02378	0.01908	0.00849	0.00670	0.00204	0.00554	0.00693	0.00798	0.01086
21	0.02194	0.27478	0.02420	0.01412	0.01903	0.17559	0.01202	0.29162	0.06188	0.02654	0.01300	0.01371	0.01021	0.00696	0.00566	0.00174	0.00804	0.00485	0.00464	0.00947
22	0.01554	0.01776	0.03885	0.02775	0.03441	0.01665	0.70366	0.02109	0.01554	0.02109	0.01332	0.01776	0.00999	0.00555	0.00777	0.00222	0.01110	0.00777	0.00333	0.00888
23	0.01913	0.15182	0.07337	0.06137	0.11640	0.01846	0.08204	0.21228	0.04080	0.07195	0.01389	0.01565	0.01057	0.00693	0.00698	0.00194	0.04674	0.00560	0.00449	0.03959
24	0.00918	0.00660	0.00847	0.00958	0.01029	0.00638	0.00655	0.05676	0.01386	0.01849	0.03489	0.71319	0.04133	0.01976	0.00828	0.00263	0.00405	0.01784	0.00614	0.00575
25	0.00827	0.00651	0.00748	0.00773	0.00938	0.00572	0.00568	0.01019	0.01533	0.01961	0.21069	0.20990	0.40752	0.01682	0.00795	0.00231	0.00346	0.03341	0.00637	0.00568
26	0.00957	0.00640	0.00729	0.00729	0.00732	0.00644	0.00412	0.00964	0.00960	0.01284	0.02065	0.04255	0.02370	0.74629	0.05553	0.00651	0.00673	0.00950	0.00397	0.00405
27	0.01680	0.16178	0.17256	0.02426	0.25432	0.06737	0.05527	0.02141	0.04167	0.04728	0.01236	0.01492	0.00994	0.00659	0.00724	0.00196	0.06618	0.00530	0.00338	0.00942
28	0.01637	0.15041	0.42253	0.03864	0.06139	0.05916	0.01949	0.11739	0.01653	0.02254	0.01188	0.01373	0.00889	0.00640	0.00598	0.00193	0.00894	0.00484	0.00339	0.00958
29	0.00857	0.00665	0.00731	0.00714	0.00911	0.00580	0.00536	0.01079	0.01607	0.02097	0.27128	0.05621	0.46691	0.01504	0.00756	0.00213	0.00324	0.01273	0.06132	0.00580
30	0.02816	0.01090	0.01484	0.01148	0.01633	0.00944	0.00944	0.03074	0.01883	0.68391	0.07368	0.02424	0.01943	0.00851	0.00670	0.00204	0.00543	0.00698	0.00809	0.01086
31	0.09031	0.07248	0.50402	0.01759	0.02578	0.01618	0.07243	0.03917	0.06213	0.02236	0.01265	0.01447	0.00923	0.00638	0.00608	0.00206	0.00886	0.00509	0.00331	0.00943
32	0.01365	0.01170	0.01365	0.00975	0.01560	0.00878	0.00780	0.01658	0.01365	0.02145	0.01170	0.01365	0.00975	0.00488	0.00488	0.00098	0.00488	0.00390	0.00390	0.80888
33	0.00817	0.00584	0.00781	0.00934	0.00979	0.00548	0.00638	0.00943	0.01275	0.01698	0.03620	0.72374	0.04321	0.02048	0.00844	0.00269	0.00395	0.05782	0.00611	0.00539
34	0.00957	0.00638	0.00718	0.00718	0.00718	0.00638	0.00399	0.00957	0.00957	0.01276	0.02074	0.04308	0.02393	0.76864	0.03351	0.00638	0.00638	0.00957	0.00399	0.00399
35	0.06279	0.13051	0.06295	0.10436	0.02437	0.08581	0.15336	0.04086	0.01473	0.09277	0.01329	0.03303	0.01070	0.00869	0.03041	0.00235	0.11087	0.00596	0.00383	0.00836
36	0.01743	0.74389	0.06171	0.01156	0.01735	0.02563	0.01177	0.01976	0.01340	0.01570	0.00926	0.01069	0.00844	0.00566	0.00430	0.00143	0.00714	0.00357	0.00281	0.00850
37	0.00957	0.00638	0.00718	0.00718	0.00718	0.00638	0.00399	0.00957	0.00957	0.01276	0.02074	0.04308	0.02393	0.76864	0.03351	0.00638	0.00638	0.00957	0.00399	0.00399
38	0.00821	0.00658	0.00739	0.00787	0.00961	0.00577	0.00592	0.00997	0.01464	0.01806	0.07583	0.20818	0.48514	0.01757	0.00806	0.00241	0.00375	0.09332	0.00614	0.00559
39	0.01560	0.01515	0.02649	0.15693	0.56225	0.01555	0.07196	0.01971	0.01473	0.02070	0.01234	0.01661	0.01012	0.00596	0.00662	0.00201	0.00823	0.00601	0.00321	0.00980
40	0.81514	0.01273	0.00968	0.00866	0.01273	0.01477	0.00713	0.01935	0.01120	0.02954	0.00917	0.01069	0.00713	0.00611	0.00407	0.00204	0.00509	0.00356	0.00407	0.00713
41	0.00940	0.00705	0.01058	0.01058	0.01176	0.00823	0.00823	0.01176	0.01058	0.01528	0.01763	0.02586	0.01646	0.04937	0.74255	0.01058	0.01763	0.00705	0.00353	0.00588
42	0.02459	0.03138	0.01866	0.01696	0.02035	0.74221	0.01272	0.02629	0.01866	0.01611	0.01018	0.01187	0.00848	0.00678	0.00594	0.00170	0.01187	0.00424	0.00339	0.00763
43	0.01227	0.00614	0.00614	0.00614	0.00767	0.00614	0.00460	0.01534	0.01381	0.02454	0.02148	0.02454	0.01687	0.00767	0.00460	0.00153	0.00307	0.00614	0.80518	0.00614
44	0.01637	0.01414	0.01489	0.01340	0.01712	0.01637	0.01042	0.03498	0.71568	0.02754	0.02679	0.02456	0.02010	0.00893	0.00670	0.00223	0.00521	0.00744	0.00670	0.01042
45	0.00942	0.00694	0.00894	0.00903	0.01068	0.00647	0.00717	0.01228	0.01718	0.02335	0.44522	0.05784	0.15693	0.01517	0.00811	0.00234	0.00391	0.18618	0.00677	0.00607
46	0.00802	0.00573	0.00764	0.00917	0.00955	0.00535	0.00611	0.00917	0.01260	0.01681	0.03628	0.76434	0.04354	0.02062	0.00840	0.00267	0.00382	0.01872	0.00611	0.00535
47	0.00932	0.00673	0.00880	0.00828	0.00984	0.00621	0.00621	0.01242	0.01863	0.02640	0.72410	0.04918	0.06212	0.01346	0.00776	0.00207	0.00311	0.01191	0.00725	0.00621
48	0.00940	0.00705	0.01058	0.01058	0.01176	0.00823	0.00823	0.01176	0.01058	0.01528	0.01763	0.02586	0.01646	0.04937	0.74255	0.01058	0.01763	0.00705	0.00353	0.00588
49	0.81514	0.01273	0.00968	0.00866	0.01273	0.01477	0.00713	0.01935	0.01120	0.02954	0.00917	0.01069	0.00713	0.00611	0.00407	0.00204	0.00509	0.00356	0.00407	0.00713
50	0.01061	0.00758	0.01061	0.01212	0.01364	0.00758	0.01061	0.01364	0.01515	0.01970	0.03486	0.07426	0.03789	0.01819	0.00909	0.00303	0.00606	0.68326	0.00606	0.00606
51	0.01637	0.01414	0.01489	0.01340	0.01712	0.01637	0.01042	0.03498	0.71568	0.02754	0.02679	0.02456	0.02010	0.00893	0.00670	0.00223	0.00521	0.00744	0.00670	0.01042
52	0.02503	0.01844	0.01976	0.01515	0.02042	0.02042	0.01251	0.70562	0.03095	0.04149	0.01581	0.01581	0.01120	0.00790	0.00659	0.00198	0.00724	0.00593	0.00659	0.01120
53	0.01637	0.01414	0.01489	0.01340	0.01712	0.01637	0.01042	0.03498	0.71568	0.02754	0.02679	0.02456	0.02010	0.00893	0.00670	0.00223	0.00521	0.00744	0.00670	0.01042
54	0.81514	0.01273	0.00968	0.00866	0.01273	0.01477	0.00713	0.01935	0.01120	0.02954	0.00917	0.01069	0.00713	0.00611	0.00407	0.00204	0.00509	0.00356	0.00407	0.00713
55	0.01629	0.01564	0.02672	0.04041	0.72757	0.01564	0.02020	0.02020	0.01499	0.02151	0.01238	0.01629	0.01043	0.00587	0.00652	0.00196	0.00782	0.00587	0.00326	0.01043
56	0.01637	0.01414	0.01489	0.01340	0.01712	0.01637	0.01042	0.03498	0.71568	0.02754	0.02679	0.02456	0.02010	0.00893	0.00670	0.00223	0.00521	0.00744	0.00670	0.01042
57	0.00940	0.00705	0.01058	0.01058	0.01176	0.00823	0.00823	0.01176	0.01058	0.01528	0.01763	0.02586	0.01646	0.04937	0.74255	0.01058	0.01763	0.00705	0.00353	0.00588
58	0.01637	0.01414	0.01489	0.01340	0.01712	0.01637	0.01042	0.03498	0.71568	0.02754	0.02679	0.02456	0.02010	0.00893	0.00670	0.00223	0.00521	0.00744	0.00670	0.01042
59	0.01061	0.00758	0.01061	0.01212	0.01364	0.00758	0.01061	0.01364	0.01515	0.01970	0.03486	0.07426	0.03789	0.01819	0.00909	0.00303	0.00606	0.68326	0.00606	0.00606
60	0.01637	0.01414	0.01489	0.01340	0.01712	0.01637	0.01042	0.03498	0.71568	0.02754	0.02679	0.02456	0.02010	0.00893	0.00670	0.00223	0.00521	0.00744	0.00670	0.01042
61	0.81514	0.01273	0.00968	0.00866	0.01273	0.01477	0.00713	0.01935	0.01120	0.02954	0.00917	0.01069	0.00713	0.00611	0.00407	0.00204	0.00509	0.00356	0.00407	0.00713
62	0.01760	0.77260	0.03450	0.01126	0.01690	0.02605	0.01126	0.01971	0.01338	0.01549	0.00915	0.01056	0.00845	0.00563	0.00422	0.00141	0.00704	0.00352	0.00282	0.00845
63	0.01294	0.03218	0.68472	0.01804	0.02721	0.01467	0.02308	0.02027	0.01422	0.02123	0.06070	0.01632	0.01203	0.00675	0.00636	0.00208	0.00927	0.00535	0.00309	0.00949
64	0.01603	0.01653	0.07400	0.09187	0.52347	0.01553	0.04581	0.06645	0.01588	0.02230	0.01459	0.01801	0.03685	0.00648	0.00660	0.00200	0.00795	0.00617	0.00354	0.00994
65	0.00933	0.00761	0.00860	0.00990	0.01057	0.05585	0.00687	0.01064	0.01319	0.01696	0.03440	0.66556	0.04076	0.01951	0.00828	0.00263	0.00452	0.06334	0.00592	0.00555

[dist]
# distance from previous block
# <min> <max>
3	18

[block]
# block no. 3 follows, 33 sequences, length 21
# corresponding to MSA columns:
# 189-209
name=unknown_D
#
# <colnr> <probs for GDERKNQSTAVLIFYWHMCP>
#	G	D	E	R	K	N	Q	S	T	A	V	L	I	F	Y	W	H	M	C	P
0	0.01476	0.14475	0.47252	0.01845	0.05398	0.01714	0.06207	0.05157	0.04609	0.02125	0.01295	0.01581	0.00994	0.00660	0.00615	0.00201	0.00891	0.02229	0.00327	0.00951
1	0.00818	0.00585	0.00778	0.00906	0.00958	0.00545	0.00612	0.00957	0.01334	0.01798	0.12052	0.67676	0.04582	0.01975	0.00832	0.00260	0.00373	0.01788	0.00625	0.00545
2	0.05978	0.02060	0.01911	0.01520	0.02006	0.15493	0.01231	0.54853	0.02779	0.03622	0.01446	0.01485	0.01051	0.00761	0.00635	0.00193	0.00801	0.00551	0.00588	0.01035
3	0.11395	0.43116	0.22123	0.01403	0.02065	0.02115	0.05875	0.02006	0.01339	0.01902	0.01014	0.01194	0.00836	0.00585	0.00498	0.00172	0.00779	0.00416	0.00299	0.00866
4	0.10895	0.01525	0.02024	0.01718	0.08322	0.01558	0.09638	0.27781	0.02176	0.25078	0.01765	0.01760	0.01213	0.00732	0.00647	0.00203	0.00703	0.00611	0.00611	0.01041
5	0.02954	0.01120	0.01528	0.01171	0.01681	0.00968	0.00968	0.03208	0.01884	0.73213	0.02597	0.02241	0.01630	0.00815	0.00662	0.00204	0.00560	0.00662	0.00815	0.01120
6	0.81514	0.01273	0.00968	0.00866	0.01273	0.01477	0.00713	0.01935	0.01120	0.02954	0.00917	0.01069	0.00713	0.00611	0.00407	0.00204	0.00509	0.00356	0.00407	0.00713
7	0.00795	0.00670	0.00690	0.00694	0.00910	0.00566	0.00526	0.00973	0.01517	0.01824	0.09519	0.06310	0.67064	0.01658	0.00783	0.00224	0.00342	0.03756	0.00616	0.00560
8	0.01044	0.00722	0.00772	0.00729	0.00986	0.00606	0.00557	0.01222	0.01548	0.10526	0.06170	0.05834	0.63812	0.01563	0.00764	0.00220	0.00361	0.01300	0.00636	0.00625
9	0.01365	0.01170	0.01365	0.00975	0.01560	0.00878	0.00780	0.01658	0.01365	0.02145	0.01170	0.01365	0.00975	0.00488	0.00488	0.00098	0.00488	0.00390	0.00390	0.80888
10	0.01243	0.01170	0.01975	0.75282	0.04534	0.01463	0.01828	0.01682	0.01316	0.01682	0.01170	0.01755	0.00878	0.00658	0.00658	0.00219	0.00878	0.00585	0.00293	0.00731
11	0.00856	0.00670	0.00775	0.00749	0.00937	0.00589	0.00561	0.01095	0.01684	0.02215	0.39946	0.05618	0.38941	0.01505	0.00777	0.00215	0.00322	0.01289	0.00669	0.00589
12	0.00829	0.00592	0.00795	0.00948	0.00998	0.00558	0.00659	0.00964	0.01287	0.01711	0.03613	0.69155	0.04294	0.02037	0.00848	0.00271	0.00406	0.08881	0.00611	0.00542
13	0.00949	0.00635	0.00738	0.00747	0.00776	0.00625	0.00450	0.01011	0.01116	0.01532	0.10847	0.11565	0.03030	0.57023	0.02666	0.00529	0.00559	0.01064	0.03688	0.00448
14	0.01583	0.01624	0.05793	0.09377	0.61324	0.01559	0.05076	0.02001	0.01483	0.02110	0.01235	0.01635	0.01019	0.00592	0.00657	0.00199	0.00812	0.00591	0.00322	0.01009
15	0.00809	0.00586	0.00764	0.00893	0.00952	0.00542	0.00604	0.00940	0.01317	0.01749	0.08269	0.66683	0.09488	0.01987	0.00832	0.00260	0.00374	0.01792	0.00618	0.00542
16	0.00957	0.00638	0.00718	0.00718	0.00718	0.00638	0.00399	0.00957	0.00957	0.01276	0.02074	0.04308	0.02393	0.76864	0.03351	0.00638	0.00638	0.00957	0.00399	0.00399
17	0.01599	0.50256	0.29045	0.01401	0.02114	0.02211	0.01604	0.02013	0.01357	0.01745	0.01013	0.01178	0.00841	0.00586	0.00497	0.00166	0.00802	0.00401	0.00280	0.00892
18	0.01939	0.01266	0.01416	0.01212	0.01595	0.01366	0.00959	0.09703	0.38191	0.18518	0.05045	0.02412	0.01952	0.00867	0.00645	0.00207	0.00516	0.00711	0.10481	0.00999
19	0.00835	0.00606	0.00798	0.00928	0.00996	0.00560	0.00640	0.00968	0.01287	0.01716	0.03642	0.67604	0.06450	0.01985	0.00831	0.00263	0.00397	0.05811	0.00604	0.03079
20	0.01453	0.15296	0.44315	0.02031	0.08363	0.01750	0.10456	0.02041	0.01393	0.01981	0.01146	0.01403	0.00874	0.00627	0.00681	0.00201	0.04252	0.00512	0.00290	0.00936

[dist]
# distance from previous block
# <min> <max>
0	20

[block]
# block no. 4 follows, 33 sequences, length 25
# corresponding to MSA columns:
# 231-255
name=unknown_E
#
# <colnr> <probs for GDERKNQSTAVLIFYWHMCP>
#	G	D	E	R	K	N	Q	S	T	A	V	L	I	F	Y	W	H	M	C	P
0	0.01774	0.28886	0.16234	0.01376	0.01926	0.08839	0.01349	0.13653	0.07498	0.02242	0.01455	0.06093	0.01239	0.00754	0.00566	0.00182	0.00754	0.00564	0.03720	0.00896
1	0.01794	0.73700	0.03374	0.01154	0.01706	0.06045	0.01133	0.02003	0.01363	0.01552	0.00920	0.01062	0.00845	0.00569	0.00431	0.00142	0.00727	0.00355	0.00284	0.00841
2	0.00998	0.00780	0.01129	0.01097	0.01189	0.00936	0.00847	0.01198	0.01042	0.01508	0.01696	0.02640	0.01638	0.12095	0.58779	0.00928	0.09851	0.00718	0.00350	0.00583
3	0.00922	0.00680	0.00874	0.00906	0.01057	0.00633	0.00707	0.01182	0.01643	0.02215	0.36199	0.14788	0.16255	0.01604	0.00817	0.00241	0.00395	0.17625	0.00663	0.00596
4	0.00892	0.00671	0.00825	0.00787	0.00959	0.00604	0.00590	0.01166	0.01770	0.02419	0.55515	0.05282	0.23245	0.01428	0.00777	0.00211	0.00316	0.01242	0.00696	0.00604
5	0.01629	0.01564	0.02672	0.04041	0.72757	0.01564	0.02020	0.02020	0.01499	0.02151	0.01238	0.01629	0.01043	0.00587	0.00652	0.00196	0.00782	0.00587	0.00326	0.01043
6	0.01227	0.00614	0.00614	0.00614	0.00767	0.00614	0.00460	0.01534	0.01381	0.02454	0.02148	0.02454	0.01687	0.00767	0.00460	0.00153	0.00307	0.00614	0.80518	0.00614
7	0.02464	0.01825	0.01954	0.01507	0.02027	0.02023	0.01242	0.67551	0.06170	0.04086	0.01630	0.01620	0.01160	0.00795	0.00659	0.00199	0.00715	0.00600	0.00659	0.01116
8	0.00955	0.00648	0.00766	0.00766	0.00783	0.00664	0.00459	0.00988	0.00972	0.01312	0.02030	0.04065	0.02288	0.66716	0.13355	0.00697	0.00797	0.00922	0.00392	0.00426
9	0.00854	0.00666	0.00774	0.00756	0.00938	0.00587	0.00564	0.01088	0.01666	0.02192	0.38400	0.08664	0.37436	0.01528	0.00780	0.00217	0.00324	0.01314	0.00666	0.00587
10	0.01320	0.03405	0.73453	0.01876	0.02849	0.01529	0.02432	0.02085	0.01390	0.02085	0.01181	0.01390	0.00834	0.00625	0.00625	0.00208	0.00973	0.00486	0.00278	0.00973
11	0.00802	0.00573	0.00764	0.00917	0.00955	0.00535	0.00611	0.00917	0.01260	0.01681	0.03628	0.76434	0.04354	0.02062	0.00840	0.00267	0.00382	0.01872	0.00611	0.00535
12	0.00940	0.00705	0.01058	0.01058	0.01176	0.00823	0.00823	0.01176	0.01058	0.01528	0.01763	0.02586	0.01646	0.04937	0.74255	0.01058	0.01763	0.00705	0.00353	0.00588
13	0.02459	0.03138	0.01866	0.01696	0.02035	0.74221	0.01272	0.02629	0.01866	0.01611	0.01018	0.01187	0.00848	0.00678	0.00594	0.00170	0.01187	0.00424	0.00339	0.00763
14	0.01320	0.03405	0.73453	0.01876	0.02849	0.01529	0.02432	0.02085	0.01390	0.02085	0.01181	0.01390	0.00834	0.00625	0.00625	0.00208	0.00973	0.00486	0.00278	0.00973
15	0.01380	0.13410	0.63970	0.01775	0.02692	0.01675	0.02255	0.02069	0.01383	0.02012	0.01145	0.01345	0.00835	0.00617	0.00598	0.00199	0.00937	0.00468	0.00278	0.00956
16	0.00802	0.00573	0.00764	0.00917	0.00955	0.00535	0.00611	0.00917	0.01260	0.01681	0.03628	0.76434	0.04354	0.02062	0.00840	0.00267	0.00382	0.01872	0.00611	0.00535
17	0.01602	0.01536	0.02622	0.09133	0.67880	0.01557	0.02007	0.01996	0.01486	0.02117	0.01233	0.01638	0.01031	0.00592	0.00652	0.00197	0.00789	0.00586	0.00323	0.01021
18	0.01760	0.77260	0.03450	0.01126	0.01690	0.02605	0.01126	0.01971	0.01338	0.01549	0.00915	0.01056	0.00845	0.00563	0.00422	0.00141	0.00704	0.00352	0.00282	0.00845
19	0.00802	0.00573	0.00764	0.00917	0.00955	0.00535	0.00611	0.00917	0.01260	0.01681	0.03628	0.76434	0.04354	0.02062	0.00840	0.00267	0.00382	0.01872	0.00611	0.00535
20	0.00802	0.00573	0.00764	0.00917	0.00955	0.00535	0.00611	0.00917	0.01260	0.01681	0.03628	0.76434	0.04354	0.02062	0.00840	0.00267	0.00382	0.01872	0.00611	0.00535
21	0.03898	0.46485	0.02662	0.01210	0.01662	0.11053	0.01093	0.07656	0.01547	0.01868	0.04250	0.01612	0.04563	0.00896	0.03744	0.00203	0.03930	0.00490	0.00361	0.00815
22	0.05100	0.32892	0.21811	0.01414	0.02021	0.11329	0.01466	0.07883	0.01564	0.02013	0.03082	0.01377	0.01041	0.00812	0.03457	0.00209	0.00864	0.00456	0.00341	0.00870
23	0.14960	0.10478	0.01738	0.01263	0.01684	0.12271	0.01038	0.19102	0.09178	0.10158	0.05265	0.01977	0.01516	0.00802	0.00593	0.00195	0.00679	0.03356	0.02846	0.00900
24	0.04519	0.01707	0.02220	0.01734	0.02132	0.12127	0.19355	0.12769	0.01709	0.02323	0.05141	0.01805	0.01312	0.02873	0.00983	0.00216	0.13595	0.00628	0.03789	0.09062

[dist]
# distance from previous block
# <min> <max>
2	20

[block]
# block no. 5 follows, 33 sequences, length 11
# corresponding to MSA columns:
# 276-286
name=unknown_F
#
# <colnr> <probs for GDERKNQSTAVLIFYWHMCP>
#	G	D	E	R	K	N	Q	S	T	A	V	L	I	F	Y	W	H	M	C	P
0	0.05422	0.01336	0.01460	0.01239	0.01612	0.03862	0.01008	0.29019	0.02078	0.06710	0.02245	0.05556	0.05711	0.03738	0.07068	0.00296	0.00732	0.11772	0.00572	0.08565
1	0.01590	0.01564	0.02473	0.19690	0.53711	0.05584	0.01936	0.01979	0.01479	0.02017	0.01211	0.01633	0.00995	0.00608	0.00650	0.00199	0.00826	0.00577	0.00319	0.00958
2	0.01529	0.01462	0.02492	0.22472	0.55106	0.01538	0.01971	0.01933	0.01452	0.02029	0.01221	0.01662	0.01000	0.00605	0.00653	0.00202	0.00807	0.00586	0.00317	0.00962
3	0.00802	0.00573	0.00764	0.00917	0.00955	0.00535	0.00611	0.00917	0.01260	0.01681	0.03628	0.76434	0.04354	0.02062	0.00840	0.00267	0.00382	0.01872	0.00611	0.00535
4	0.01289	0.01217	0.02058	0.66747	0.12707	0.01475	0.01851	0.01723	0.01338	0.01738	0.01178	0.01740	0.00897	0.00650	0.00657	0.00217	0.00866	0.00585	0.00297	0.00769
5	0.00778	0.00667	0.00667	0.00667	0.00889	0.00556	0.00500	0.00945	0.01501	0.01778	0.06669	0.06336	0.72490	0.01667	0.00778	0.00222	0.00333	0.01389	0.00611	0.00556
6	0.00954	0.00650	0.00780	0.00780	0.00801	0.00672	0.00476	0.00997	0.00976	0.01322	0.02018	0.03995	0.02258	0.63794	0.16235	0.00715	0.00843	0.00912	0.00390	0.00433
7	0.01707	0.68413	0.11836	0.01216	0.01829	0.02476	0.01283	0.01985	0.01344	0.01613	0.00947	0.01096	0.00844	0.00571	0.00447	0.00149	0.00736	0.00368	0.00281	0.00860
8	0.02503	0.01844	0.01976	0.01515	0.02042	0.02042	0.01251	0.70562	0.03095	0.04149	0.01581	0.01581	0.01120	0.00790	0.00659	0.00198	0.00724	0.00593	0.00659	0.01120
9	0.07620	0.10863	0.01837	0.01412	0.03970	0.18779	0.01102	0.17637	0.06961	0.08146	0.04852	0.06606	0.01605	0.00854	0.00617	0.00192	0.00740	0.02531	0.00514	0.03164
10	0.10374	0.01611	0.01529	0.01296	0.01697	0.10375	0.01031	0.23285	0.18807	0.05079	0.04330	0.04637	0.01661	0.00862	0.00628	0.00200	0.00645	0.02830	0.03592	0.05530

[dist]
# distance from previous block
# <min> <max>
32	134

[block]
# block no. 6 follows, 33 sequences, length 120
# corresponding to MSA columns:
# 426-545
name=unknown_G
#
# <colnr> <probs for GDERKNQSTAVLIFYWHMCP>
#	G	D	E	R	K	N	Q	S	T	A	V	L	I	F	Y	W	H	M	C	P
0	0.01759	0.01533	0.02215	0.01785	0.04572	0.05417	0.20157	0.17804	0.05955	0.06328	0.06005	0.08984	0.01757	0.00988	0.02960	0.00233	0.03361	0.00791	0.00507	0.06889
1	0.05960	0.03856	0.02199	0.14864	0.06384	0.09541	0.16250	0.04171	0.08815	0.08316	0.01601	0.05894	0.01292	0.00735	0.00654	0.00201	0.00804	0.00669	0.00435	0.07360
2	0.08023	0.04397	0.04219	0.03876	0.10450	0.12091	0.10147	0.19849	0.08081	0.02629	0.01489	0.04160	0.01200	0.00851	0.02741	0.00222	0.00833	0.00615	0.00460	0.03665
3	0.01837	0.01640	0.02344	0.02150	0.14530	0.04106	0.16549	0.23843	0.07952	0.02766	0.01750	0.03834	0.03335	0.00787	0.00728	0.00206	0.02804	0.02705	0.00489	0.05645
4	0.04165	0.04409	0.05067	0.01677	0.02163	0.04881	0.18733	0.13530	0.14497	0.04548	0.02038	0.04233	0.03985	0.00863	0.00692	0.00212	0.00757	0.07136	0.00506	0.05908
5	0.10643	0.01389	0.02021	0.01714	0.06842	0.03322	0.16554	0.07845	0.03358	0.11380	0.03917	0.07419	0.03671	0.02904	0.00857	0.00221	0.06830	0.00741	0.00482	0.07890
6	0.04166	0.01578	0.01961	0.01610	0.04394	0.09645	0.13847	0.18232	0.03824	0.05455	0.07747	0.08320	0.04201	0.00870	0.00673	0.00194	0.00724	0.00766	0.00515	0.11277
7	0.01901	0.08350	0.02248	0.04356	0.02210	0.15827	0.14825	0.12646	0.08460	0.06143	0.01620	0.01771	0.03340	0.00809	0.02602	0.00207	0.00854	0.00596	0.00452	0.10782
8	0.01653	0.37981	0.21534	0.01386	0.01999	0.06659	0.01454	0.04440	0.04674	0.01866	0.01142	0.01358	0.00957	0.02806	0.00654	0.00183	0.03353	0.00446	0.00325	0.05129
9	0.07194	0.04047	0.02576	0.01972	0.04543	0.12707	0.30133	0.06095	0.07246	0.02227	0.01669	0.01889	0.05361	0.00680	0.00665	0.00196	0.00880	0.00661	0.00406	0.08856
10	0.09474	0.01967	0.01924	0.01574	0.01999	0.18910	0.06922	0.24718	0.12678	0.06084	0.01532	0.01611	0.01150	0.00768	0.00730	0.00204	0.05725	0.00572	0.00518	0.00941
11	0.02447	0.01998	0.01780	0.01470	0.01917	0.22116	0.01168	0.27571	0.13104	0.17016	0.01795	0.01737	0.01283	0.00780	0.00643	0.00195	0.00791	0.00582	0.00601	0.01007
12	0.40899	0.01428	0.04734	0.01169	0.01655	0.01427	0.03754	0.11155	0.03714	0.21932	0.01536	0.01535	0.01068	0.00696	0.00541	0.00204	0.00597	0.00504	0.00548	0.00904
13	0.00788	0.00667	0.00681	0.00677	0.00895	0.00560	0.00508	0.00964	0.01524	0.01835	0.10983	0.06243	0.68141	0.01646	0.00778	0.00221	0.00332	0.01376	0.00619	0.00560
14	0.01015	0.00815	0.01201	0.01158	0.01258	0.01000	0.00915	0.01236	0.01051	0.01537	0.01630	0.02416	0.01530	0.04375	0.63535	0.00944	0.12751	0.00686	0.00343	0.00607
15	0.00787	0.00667	0.00679	0.00676	0.00895	0.00560	0.00507	0.00962	0.01521	0.01828	0.10441	0.06254	0.68688	0.01649	0.00778	0.00221	0.00332	0.01378	0.00618	0.00560
16	0.01554	0.01776	0.03885	0.02775	0.03441	0.01665	0.70366	0.02109	0.01554	0.02109	0.01332	0.01776	0.00999	0.00555	0.00777	0.00222	0.01110	0.00777	0.00333	0.00888
17	0.02393	0.03027	0.01875	0.01698	0.02015	0.69523	0.01283	0.02561	0.01810	0.01609	0.01008	0.01204	0.00849	0.00709	0.00696	0.00177	0.06033	0.00434	0.00336	0.00760
18	0.00810	0.00579	0.00771	0.00912	0.00956	0.00540	0.00612	0.00935	0.01295	0.01736	0.07575	0.72331	0.04461	0.02021	0.00837	0.00264	0.00378	0.01832	0.00618	0.00540
19	0.01540	0.01911	0.10676	0.02849	0.12352	0.01638	0.54737	0.02095	0.01530	0.02112	0.01305	0.01718	0.00988	0.00566	0.00746	0.00217	0.01054	0.00723	0.00327	0.00916
20	0.01417	0.19652	0.58054	0.01711	0.02594	0.01766	0.02145	0.02060	0.01378	0.01967	0.01123	0.01316	0.00836	0.00612	0.00581	0.00194	0.00914	0.00457	0.00279	0.00945
21	0.00952	0.00636	0.00720	0.00725	0.00726	0.00635	0.00406	0.00956	0.00967	0.01290	0.02126	0.06708	0.02459	0.74375	0.03267	0.00626	0.00630	0.00988	0.00406	0.00403
22	0.01420	0.01411	0.01978	0.01701	0.01706	0.01968	0.01415	0.01568	0.01010	0.01582	0.00901	0.01487	0.00896	0.01305	0.05073	0.00319	0.72674	0.00581	0.00291	0.00715
23	0.00778	0.00667	0.00667	0.00667	0.00889	0.00556	0.00500	0.00945	0.01501	0.01778	0.06669	0.06336	0.72490	0.01667	0.00778	0.00222	0.00333	0.01389	0.00611	0.00556
24	0.01665	0.01509	0.01498	0.01418	0.04081	0.09607	0.01077	0.08422	0.41710	0.02571	0.04667	0.03075	0.06140	0.01013	0.00696	0.00223	0.00614	0.08474	0.00611	0.00927
25	0.02317	0.07382	0.01949	0.01563	0.01972	0.40412	0.01226	0.21102	0.11382	0.02446	0.01383	0.01453	0.01075	0.00730	0.00610	0.00182	0.00942	0.00507	0.00466	0.00902
26	0.02954	0.01120	0.01528	0.01171	0.01681	0.00968	0.00968	0.03208	0.01884	0.73213	0.02597	0.02241	0.01630	0.00815	0.00662	0.00204	0.00560	0.00662	0.00815	0.01120
27	0.01507	0.01429	0.02124	0.16316	0.39588	0.06086	0.01688	0.01931	0.04312	0.02030	0.01642	0.04296	0.01488	0.00815	0.00680	0.00213	0.00767	0.09078	0.03124	0.00885
28	0.01415	0.19328	0.58360	0.01715	0.02599	0.01761	0.02151	0.02060	0.01379	0.01969	0.01124	0.01318	0.00836	0.00612	0.00582	0.00194	0.00915	0.00457	0.00279	0.00945
29	0.81514	0.01273	0.00968	0.00866	0.01273	0.01477	0.00713	0.01935	0.01120	0.02954	0.00917	0.01069	0.00713	0.00611	0.00407	0.00204	0.00509	0.00356	0.00407	0.00713
30	0.00790	0.00620	0.00716	0.00792	0.00922	0.00545	0.00556	0.00931	0.01380	0.01729	0.05140	0.41579	0.38233	0.01866	0.00809	0.00245	0.00358	0.01632	0.00611	0.00545
31	0.01752	0.01765	0.04533	0.15734	0.20967	0.12597	0.14141	0.05938	0.04065	0.06286	0.01468	0.05126	0.01195	0.00713	0.00676	0.00206	0.00883	0.00663	0.00394	0.00899
32	0.00812	0.00585	0.00770	0.00901	0.00955	0.00543	0.00608	0.00945	0.01319	0.01765	0.09519	0.68016	0.06845	0.01989	0.00833	0.00261	0.00374	0.01798	0.00621	0.00543
33	0.00802	0.00573	0.00764	0.00917	0.00955	0.00535	0.00611	0.00917	0.01260	0.01681	0.03628	0.76434	0.04354	0.02062	0.00840	0.00267	0.00382	0.01872	0.00611	0.00535
34	0.01554	0.01776	0.03885	0.02775	0.03441	0.01665	0.70366	0.02109	0.01554	0.02109	0.01332	0.01776	0.00999	0.00555	0.00777	0.00222	0.01110	0.00777	0.00333	0.00888
35	0.01501	0.01433	0.02440	0.27733	0.50068	0.01530	0.01957	0.01908	0.01438	0.01995	0.01216	0.01671	0.00988	0.00610	0.00654	0.00203	0.00814	0.00586	0.00315	0.00939
36	0.81514	0.01273	0.00968	0.00866	0.01273	0.01477	0.00713	0.01935	0.01120	0.02954	0.00917	0.01069	0.00713	0.00611	0.00407	0.00204	0.00509	0.00356	0.00407	0.00713
37	0.00802	0.00573	0.00764	0.00917	0.00955	0.00535	0.00611	0.00917	0.01260	0.01681	0.03628	0.76434	0.04354	0.02062	0.00840	0.00267	0.00382	0.01872	0.00611	0.00535
38	0.01673	0.04167	0.02628	0.13062	0.48721	0.01608	0.07566	0.06476	0.01589	0.04317	0.01289	0.01653	0.01033	0.00613	0.00656	0.00199	0.00809	0.00597	0.00357	0.00989
39	0.01447	0.01502	0.02273	0.05766	0.02193	0.06470	0.16548	0.01713	0.01209	0.01699	0.01127	0.01685	0.01010	0.01527	0.12405	0.00377	0.39369	0.00630	0.00311	0.00741
40	0.01243	0.01170	0.01975	0.75282	0.04534	0.01463	0.01828	0.01682	0.01316	0.01682	0.01170	0.01755	0.00878	0.00658	0.00658	0.00219	0.00878	0.00585	0.00293	0.00731
41	0.01557	0.01767	0.03836	0.02826	0.06241	0.01661	0.67605	0.02105	0.01552	0.02110	0.01328	0.01770	0.01001	0.00556	0.00772	0.00221	0.01097	0.00769	0.00333	0.00894
42	0.00938	0.00677	0.00888	0.00846	0.01001	0.00627	0.00642	0.01248	0.01847	0.02609	0.69222	0.05034	0.06100	0.01368	0.00783	0.00211	0.00324	0.04296	0.00719	0.00620
43	0.02954	0.01120	0.01528	0.01171	0.01681	0.00968	0.00968	0.03208	0.01884	0.73213	0.02597	0.02241	0.01630	0.00815	0.00662	0.00204	0.00560	0.00662	0.00815	0.01120
44	0.02200	0.01681	0.01804	0.01449	0.01917	0.01883	0.01176	0.48882	0.22733	0.03658	0.01903	0.01867	0.01394	0.00962	0.03184	0.00234	0.00701	0.00640	0.00651	0.01079
45	0.01637	0.01414	0.01489	0.01340	0.01712	0.01637	0.01042	0.03498	0.71568	0.02754	0.02679	0.02456	0.02010	0.00893	0.00670	0.00223	0.00521	0.00744	0.00670	0.01042
46	0.01629	0.01564	0.02672	0.04041	0.72757	0.01564	0.02020	0.02020	0.01499	0.02151	0.01238	0.01629	0.01043	0.00587	0.00652	0.00196	0.00782	0.00587	0.00326	0.01043
47	0.01047	0.00748	0.01045	0.01197	0.01342	0.00746	0.01037	0.01340	0.01502	0.01955	0.03493	0.11093	0.03819	0.01832	0.00906	0.00301	0.00594	0.64795	0.00606	0.00602
48	0.02459	0.03138	0.01866	0.01696	0.02035	0.74221	0.01272	0.02629	0.01866	0.01611	0.01018	0.01187	0.00848	0.00678	0.00594	0.00170	0.01187	0.00424	0.00339	0.00763
49	0.01760	0.77260	0.03450	0.01126	0.01690	0.02605	0.01126	0.01971	0.01338	0.01549	0.00915	0.01056	0.00845	0.00563	0.00422	0.00141	0.00704	0.00352	0.00282	0.00845
50	0.00952	0.00646	0.00755	0.00743	0.00778	0.00634	0.00449	0.01022	0.01163	0.01586	0.18029	0.04446	0.03259	0.59734	0.02767	0.00540	0.00564	0.01010	0.00473	0.00449
51	0.02503	0.01844	0.01976	0.01515	0.02042	0.02042	0.01251	0.70562	0.03095	0.04149	0.01581	0.01581	0.01120	0.00790	0.00659	0.00198	0.00724	0.00593	0.00659	0.01120
52	0.02503	0.01844	0.01976	0.01515	0.02042	0.02042	0.01251	0.70562	0.03095	0.04149	0.01581	0.01581	0.01120	0.00790	0.00659	0.00198	0.00724	0.00593	0.00659	0.01120
53	0.01243	0.01170	0.01975	0.75282	0.04534	0.01463	0.01828	0.01682	0.01316	0.01682	0.01170	0.01755	0.00878	0.00658	0.00658	0.00219	0.00878	0.00585	0.00293	0.00731
54	0.02503	0.01844	0.01976	0.01515	0.02042	0.02042	0.01251	0.70562	0.03095	0.04149	0.01581	0.01581	0.01120	0.00790	0.00659	0.00198	0.00724	0.00593	0.00659	0.01120
55	0.01440	0.01440	0.02016	0.01728	0.01728	0.02016	0.01440	0.01584	0.01008	0.01584	0.00864	0.01440	0.00864	0.01152	0.02160	0.00288	0.75659	0.00576	0.00288	0.00720
56	0.01664	0.01428	0.01504	0.01345	0.01722	0.01650	0.01049	0.05586	0.69436	0.02797	0.02645	0.02429	0.01982	0.00890	0.00670	0.00222	0.00527	0.00740	0.00670	0.01044
57	0.00786	0.00667	0.00678	0.00676	0.00894	0.00559	0.00507	0.00961	0.01520	0.01825	0.10225	0.06259	0.68905	0.01650	0.00778	0.00221	0.00332	0.01379	0.00617	0.00559
58	0.00957	0.00638	0.00718	0.00718	0.00718	0.00638	0.00399	0.00957	0.00957	0.01276	0.02074	0.04308	0.02393	0.76864	0.03351	0.00638	0.00638	0.00957	0.00399	0.00399
59	0.01669	0.01430	0.01507	0.01346	0.01724	0.01652	0.01050	0.05981	0.69033	0.02806	0.02639	0.02424	0.01977	0.00889	0.00669	0.00222	0.00529	0.00739	0.00669	0.01045
60	0.00780	0.00661	0.00673	0.00683	0.00893	0.00554	0.00507	0.00943	0.01485	0.01772	0.06471	0.10896	0.68057	0.01693	0.00782	0.00225	0.00337	0.01421	0.00611	0.00554
61	0.01560	0.01397	0.01410	0.01338	0.01650	0.07893	0.01067	0.02863	0.47029	0.02447	0.02742	0.03642	0.02371	0.01116	0.00726	0.00239	0.00603	0.18381	0.00624	0.00903
62	0.00802	0.00573	0.00764	0.00917	0.00955	0.00535	0.00611	0.00917	0.01260	0.01681	0.03628	0.76434	0.04354	0.02062	0.00840	0.00267	0.00382	0.01872	0.00611	0.00535
