[name]
unknown

[dist]
# distance from previous block
# <min> <max>
5	98

[block]
# block no. 0 follows, 33 sequences, length 24
# corresponding to MSA columns:
# 110-133
name=unknown_A
#
# <colnr> <probs for GDERKNQSTAVLIFYWHMCP>
#	G	D	E	R	K	N	Q	S	T	A	V	L	I	F	Y	W	H	M	C	P
0	0.07497	0.01698	0.01600	0.05807	0.01888	0.15404	0.01106	0.25737	0.07246	0.06261	0.01947	0.04322	0.05870	0.01327	0.09057	0.00298	0.00867	0.00662	0.00527	0.00879
1	0.09604	0.01577	0.03563	0.01630	0.10989	0.11401	0.01141	0.10324	0.14044	0.09632	0.02028	0.14934	0.01801	0.00962	0.00652	0.00209	0.00661	0.00796	0.00536	0.03516
2	0.09624	0.01601	0.02011	0.06937	0.32731	0.08512	0.01486	0.10536	0.08380	0.02455	0.04542	0.01984	0.04898	0.00742	0.00636	0.00200	0.00726	0.00629	0.00438	0.00932
3	0.03936	0.01330	0.02074	0.33327	0.27580	0.01444	0.01672	0.01954	0.07157	0.02028	0.01310	0.01702	0.01034	0.00631	0.00629	0.00197	0.00758	0.00569	0.00350	0.10319
4	0.04979	0.04252	0.04970	0.02256	0.18008	0.30167	0.09286	0.11582	0.01840	0.02217	0.01184	0.01412	0.00944	0.00645	0.00623	0.00185	0.00956	0.00520	0.00379	0.03593
5	0.01366	0.01257	0.02078	0.41418	0.24264	0.01438	0.01730	0.01712	0.01318	0.01790	0.01170	0.01705	0.00950	0.00787	0.00889	0.06429	0.05332	0.00577	0.00305	0.03486
6	0.01587	0.01729	0.02981	0.09621	0.10936	0.08219	0.37709	0.02023	0.01500	0.02000	0.01231	0.01637	0.00968	0.00607	0.00781	0.00203	0.05271	0.00649	0.00333	0.10015
7	0.02356	0.02794	0.01890	0.01775	0.05768	0.57692	0.01292	0.09320	0.07341	0.01977	0.01213	0.01347	0.00975	0.00701	0.00609	0.00178	0.01069	0.00474	0.00395	0.00834
8	0.03133	0.00877	0.01083	0.01173	0.04793	0.00890	0.00798	0.06755	0.10770	0.02138	0.06814	0.48543	0.03513	0.01602	0.00767	0.00241	0.00450	0.01429	0.00601	0.03630
9	0.00919	0.00669	0.00865	0.00824	0.00978	0.00614	0.00615	0.01214	0.01821	0.02558	0.66315	0.07900	0.09458	0.01391	0.00779	0.00210	0.00315	0.01228	0.00714	0.00614
10	0.00968	0.00615	0.00823	0.00936	0.01011	0.00568	0.00639	0.01093	0.01309	0.07196	0.03549	0.70714	0.04144	0.01966	0.00827	0.00262	0.00396	0.01778	0.00627	0.00580
11	0.02443	0.01923	0.05581	0.01533	0.02082	0.02016	0.01311	0.67108	0.03009	0.04045	0.01560	0.01571	0.01105	0.00782	0.00657	0.00198	0.00737	0.00587	0.00639	0.01112
12	0.01637	0.01414	0.01489	0.01340	0.01712	0.01637	0.01042	0.03498	0.71568	0.02754	0.02679	0.02456	0.02010	0.00893	0.00670	0.00223	0.00521	0.00744	0.00670	0.01042
13	0.02503	0.01844	0.01976	0.01515	0.02042	0.02042	0.01251	0.70562	0.03095	0.04149	0.01581	0.01581	0.01120	0.00790	0.00659	0.00198	0.00724	0.00593	0.00659	0.01120
14	0.00957	0.00638	0.00718	0.00718	0.00718	0.00638	0.00399	0.00957	0.00957	0.01276	0.02074	0.04308	0.02393	0.76864	0.03351	0.00638	0.00638	0.00957	0.00399	0.00399
15	0.00933	0.00721	0.00857	0.00829	0.01011	0.00675	0.00618	0.01308	0.07166	0.02326	0.42638	0.10714	0.24841	0.01459	0.00774	0.00217	0.00339	0.01266	0.00679	0.00628
16	0.02274	0.01708	0.01853	0.01406	0.01945	0.01807	0.01156	0.56687	0.02747	0.03745	0.01498	0.01537	0.01090	0.00729	0.00624	0.00177	0.00677	0.00552	0.00604	0.17182
17	0.01851	0.01485	0.01583	0.01367	0.01773	0.01689	0.01079	0.16233	0.55960	0.05642	0.02468	0.02282	0.01826	0.00871	0.00667	0.00218	0.00561	0.00712	0.00673	0.01060
18	0.01438	0.01364	0.02326	0.44440	0.26753	0.01531	0.06282	0.04435	0.01459	0.01957	0.01218	0.01709	0.00949	0.00633	0.00664	0.00211	0.00855	0.00598	0.00320	0.00858
19	0.01428	0.01359	0.02308	0.41214	0.37158	0.01511	0.01920	0.01844	0.01404	0.01906	0.01203	0.01695	0.00957	0.00624	0.00655	0.00208	0.00832	0.00586	0.00308	0.00880
20	0.04315	0.00747	0.00943	0.03770	0.01198	0.00745	0.00715	0.04620	0.01362	0.04119	0.05538	0.44273	0.03433	0.11355	0.03805	0.00329	0.00524	0.05059	0.00562	0.02590
21	0.06386	0.35061	0.21044	0.01507	0.02145	0.01922	0.10395	0.02022	0.01392	0.05878	0.01296	0.05858	0.01110	0.00686	0.00558	0.00184	0.00787	0.00551	0.00345	0.00872
22	0.04959	0.13084	0.16978	0.01508	0.02034	0.26481	0.01405	0.07677	0.07143	0.03979	0.01293	0.01442	0.01017	0.00884	0.04270	0.00224	0.00947	0.00482	0.00387	0.03807
23	0.18924	0.13844	0.02057	0.01378	0.01823	0.06653	0.12890	0.07487	0.03052	0.08402	0.05529	0.02076	0.06897	0.01019	0.05045	0.00247	0.00766	0.00632	0.00459	0.00818

[dist]
# distance from previous block
# <min> <max>
4	17

[block]
# block no. 1 follows, 33 sequences, length 11
# corresponding to MSA columns:
# 153-163
name=unknown_B
#
# <colnr> <probs for GDERKNQSTAVLIFYWHMCP>
#	G	D	E	R	K	N	Q	S	T	A	V	L	I	F	Y	W	H	M	C	P
0	0.01646	0.01206	0.01303	0.01183	0.01483	0.04419	0.00913	0.14226	0.19679	0.10651	0.03082	0.22528	0.09377	0.01285	0.00730	0.00229	0.00539	0.04024	0.00646	0.00850
1	0.02243	0.01760	0.02100	0.01623	0.02138	0.01928	0.08868	0.51041	0.15116	0.03675	0.01749	0.01758	0.01265	0.00783	0.00674	0.00205	0.00731	0.00640	0.00625	0.01080
2	0.01343	0.01188	0.01597	0.01160	0.01712	0.00940	0.08471	0.01667	0.01435	0.02190	0.08179	0.01759	0.01492	0.00579	0.00548	0.00122	0.00539	0.00511	0.00417	0.64152
3	0.01158	0.00984	0.01525	0.01365	0.01551	0.01019	0.12286	0.08016	0.01463	0.01984	0.02768	0.49165	0.03129	0.01596	0.00946	0.00255	0.08150	0.01434	0.00537	0.00669
4	0.01468	0.01697	0.05951	0.10313	0.02924	0.08190	0.38947	0.01898	0.01491	0.01943	0.03225	0.12215	0.01549	0.00837	0.00811	0.00225	0.04279	0.00864	0.00373	0.00800
5	0.11314	0.01530	0.01725	0.01436	0.01844	0.08581	0.08683	0.13198	0.19471	0.12105	0.02097	0.09557	0.01731	0.00921	0.00665	0.00216	0.00676	0.02754	0.00579	0.00917
6	0.01375	0.01292	0.02129	0.45706	0.25358	0.01435	0.01782	0.01784	0.01378	0.01874	0.01191	0.01677	0.00939	0.00619	0.00639	0.00200	0.00809	0.00566	0.00313	0.08935
7	0.01243	0.01125	0.01816	0.33422	0.05931	0.01281	0.07734	0.03937	0.01421	0.01889	0.09035	0.02650	0.09450	0.02884	0.03765	0.03847	0.06703	0.00765	0.00394	0.00708
8	0.01659	0.01626	0.01946	0.14821	0.17500	0.11658	0.01445	0.06368	0.11614	0.02120	0.01424	0.03392	0.01177	0.00764	0.00827	0.00202	0.10363	0.00593	0.00401	0.10100
9	0.01583	0.01490	0.01975	0.49682	0.09466	0.10525	0.01670	0.05392	0.05015	0.05018	0.01315	0.01722	0.00989	0.00680	0.00650	0.00210	0.00869	0.00577	0.00361	0.00813
10	0.04642	0.04778	0.01977	0.01772	0.09118	0.23909	0.01290	0.30636	0.10475	0.02884	0.01460	0.01535	0.01112	0.00734	0.00624	0.00190	0.00840	0.00543	0.00508	0.00972

[dist]
# distance from previous block
# <min> <max>
0	14

[block]
# block no. 2 follows, 33 sequences, length 33
# corresponding to MSA columns:
# 178-210
name=unknown_C
#
# <colnr> <probs for GDERKNQSTAVLIFYWHMCP>
#	G	D	E	R	K	N	Q	S	T	A	V	L	I	F	Y	W	H	M	C	P
0	0.01993	0.01440	0.01575	0.01430	0.04378	0.05180	0.01095	0.09164	0.39947	0.17510	0.02480	0.02574	0.01876	0.00908	0.00679	0.00219	0.00597	0.05269	0.00665	0.01022
1	0.00839	0.00647	0.00830	0.00988	0.04194	0.00591	0.00646	0.00989	0.01362	0.01770	0.07363	0.51131	0.22521	0.01858	0.00812	0.00249	0.00384	0.01654	0.00603	0.00567
2	0.07958	0.01451	0.01465	0.01297	0.01562	0.16840	0.07159	0.08447	0.01647	0.04640	0.10190	0.22595	0.02564	0.04021	0.00897	0.04382	0.00683	0.00990	0.00511	0.00701
3	0.12644	0.01942	0.01696	0.01526	0.05435	0.21067	0.01146	0.22258	0.12926	0.07746	0.01749	0.01763	0.03709	0.00775	0.00614	0.00196	0.00766	0.00573	0.00534	0.00935
4	0.00817	0.00613	0.00760	0.00855	0.00955	0.00556	0.00600	0.00971	0.01388	0.01807	0.10902	0.49170	0.22052	0.01884	0.00821	0.00251	0.00371	0.04053	0.00622	0.00551
5	0.01540	0.01473	0.02511	0.20527	0.56970	0.01541	0.01976	0.01942	0.01457	0.02042	0.01223	0.01658	0.01005	0.00603	0.00653	0.00201	0.00804	0.00586	0.00318	0.00971
6	0.01991	0.01809	0.02025	0.01658	0.02029	0.17157	0.11621	0.14790	0.10248	0.09821	0.01763	0.08842	0.01480	0.00915	0.00878	0.00218	0.10629	0.00730	0.00505	0.00891
7	0.01413	0.16872	0.57029	0.01785	0.02667	0.01733	0.05689	0.02065	0.01389	0.01988	0.01140	0.01349	0.00844	0.00610	0.00596	0.00197	0.00931	0.00477	0.00281	0.00945
8	0.00818	0.00667	0.00725	0.00730	0.00928	0.00574	0.00550	0.01013	0.01553	0.01933	0.17987	0.09737	0.54545	0.01637	0.00786	0.00225	0.00343	0.04051	0.00631	0.00568
9	0.03801	0.05971	0.01843	0.12656	0.02218	0.32722	0.01273	0.06058	0.04322	0.04532	0.01631	0.01830	0.06824	0.00831	0.00820	0.00201	0.10716	0.00573	0.00395	0.00783
10	0.01717	0.01885	0.07723	0.08104	0.05099	0.11009	0.31040	0.02263	0.07121	0.07081	0.01430	0.01740	0.01086	0.00769	0.02281	0.00234	0.07496	0.00659	0.00384	0.00878
11	0.00964	0.00788	0.01234	0.01162	0.01317	0.00748	0.10103	0.01234	0.04017	0.01932	0.15279	0.48338	0.04064	0.04440	0.00906	0.00263	0.00483	0.01528	0.00588	0.00612
12	0.01565	0.02256	0.22151	0.02184	0.02838	0.09010	0.34301	0.04349	0.04019	0.02091	0.01351	0.01697	0.01033	0.00976	0.06916	0.00283	0.01103	0.00649	0.00343	0.00886
13	0.01629	0.01716	0.05540	0.02261	0.02784	0.04259	0.43795	0.07401	0.01613	0.05076	0.01556	0.08709	0.01324	0.00791	0.00893	0.00228	0.08347	0.00817	0.00398	0.00864
14	0.01430	0.09354	0.48140	0.01920	0.02745	0.01657	0.14269	0.02214	0.08092	0.02106	0.01328	0.01531	0.00976	0.00633	0.00639	0.00206	0.00931	0.00551	0.00325	0.00953
15	0.00799	0.00584	0.00752	0.00887	0.00947	0.00537	0.00598	0.00920	0.01289	0.01692	0.03993	0.68037	0.12516	0.02015	0.00833	0.00262	0.00376	0.01814	0.00611	0.00537
16	0.01806	0.04606	0.13256	0.01532	0.06621	0.08955	0.02991	0.04117	0.08805	0.17673	0.08558	0.02498	0.08006	0.01088	0.04462	0.00248	0.02636	0.00713	0.00531	0.00897
17	0.01439	0.05565	0.10103	0.29742	0.16393	0.01606	0.21840	0.01925	0.01428	0.01927	0.01218	0.01664	0.00937	0.00607	0.00676	0.00211	0.00929	0.00619	0.00308	0.00865
18	0.01268	0.00857	0.01210	0.01126	0.01336	0.00827	0.05985	0.01682	0.10013	0.11462	0.15818	0.38898	0.03797	0.01510	0.00780	0.00239	0.00464	0.01367	0.00645	0.00716
19	0.01425	0.01402	0.02346	0.29784	0.29026	0.04032	0.10253	0.01821	0.01421	0.01900	0.01415	0.07451	0.01240	0.00842	0.02648	0.00235	0.00868	0.00706	0.00338	0.00847
20	0.01563	0.01547	0.04135	0.15942	0.48373	0.04471	0.01836	0.04573	0.01525	0.02090	0.01400	0.06966	0.01240	0.00717	0.00664	0.00204	0.00789	0.00669	0.00353	0.00942
21	0.05450	0.01690	0.02407	0.20387	0.28373	0.09778	0.10301	0.09704	0.01664	0.02233	0.01232	0.01597	0.00969	0.00634	0.00652	0.00202	0.00873	0.00582	0.00361	0.00910
22	0.01585	0.01519	0.02592	0.12273	0.64874	0.01552	0.01998	0.01981	0.01478	0.02097	0.01230	0.01644	0.01024	0.00595	0.00652	0.00198	0.00793	0.00586	0.00322	0.01007
23	0.01503	0.20370	0.26596	0.04418	0.05926	0.01661	0.09562	0.04100	0.01505	0.04867	0.06835	0.05126	0.03257	0.00758	0.00624	0.00196	0.00794	0.00644	0.00378	0.00881
24	0.01676	0.45548	0.26895	0.01432	0.02112	0.08835	0.01580	0.02070	0.01404	0.01735	0.01014	0.01181	0.00841	0.00595	0.00507	0.00166	0.00839	0.00404	0.00286	0.00880
25	0.01845	0.01044	0.01389	0.01159	0.01482	0.01033	0.03925	0.02296	0.11054	0.29280	0.13093	0.05694	0.10371	0.06468	0.01009	0.00249	0.06194	0.00893	0.00662	0.00862
26	0.01454	0.03161	0.64952	0.01863	0.02787	0.01492	0.05314	0.02171	0.01434	0.07463	0.01295	0.01471	0.00901	0.00637	0.00635	0.00209	0.00948	0.00513	0.00321	0.00980
27	0.01438	0.01368	0.02232	0.35379	0.31314	0.01570	0.01824	0.01900	0.04947	0.01914	0.01242	0.01708	0.01000	0.00693	0.00814	0.00217	0.08652	0.00593	0.00325	0.00870
28	0.01213	0.00776	0.01008	0.07372	0.01394	0.00740	0.00763	0.01484	0.04130	0.12758	0.14396	0.28773	0.19623	0.01506	0.00767	0.00232	0.00435	0.01318	0.00634	0.00678
29	0.01315	0.01228	0.02059	0.48294	0.23248	0.01406	0.01766	0.01718	0.01389	0.01855	0.04463	0.05676	0.01337	0.00740	0.00671	0.00215	0.00801	0.00678	0.00337	0.00803
30	0.01635	0.27239	0.23155	0.01974	0.13779	0.01915	0.06879	0.08994	0.01572	0.02114	0.01252	0.04362	0.01054	0.00667	0.00586	0.00186	0.00814	0.00546	0.00343	0.00933
31	0.02410	0.01654	0.01817	0.01430	0.01925	0.01803	0.01169	0.47853	0.15648	0.14383	0.01939	0.01844	0.01363	0.00813	0.00661	0.00203	0.00662	0.00631	0.00684	0.01105
32	0.02083	0.01476	0.01573	0.01338	0.01759	0.04822	0.01060	0.11425	0.44063	0.19191	0.02453	0.02244	0.01762	0.00853	0.00663	0.00213	0.00585	0.00693	0.00687	0.01057

[dist]
# distance from previous block
# <min> <max>
0	1

[block]
# block no. 3 follows, 33 sequences, length 59
# corresponding to MSA columns:
# 212-270
name=unknown_D
#
# <colnr> <probs for GDERKNQSTAVLIFYWHMCP>
#	G	D	E	R	K	N	Q	S	T	A	V	L	I	F	Y	W	H	M	C	P
0	0.10589	0.01549	0.03378	0.01275	0.01728	0.04582	0.01048	0.24387	0.19813	0.10278	0.02289	0.02206	0.07700	0.00851	0.00632	0.00201	0.00610	0.00662	0.00607	0.05613
1	0.02216	0.05725	0.01864	0.01459	0.01886	0.19893	0.01168	0.37296	0.08648	0.03083	0.06532	0.04045	0.01573	0.00838	0.00646	0.00193	0.00781	0.00633	0.00565	0.00958
2	0.01782	0.43471	0.21440	0.01434	0.02060	0.16316	0.01496	0.02129	0.01454	0.01701	0.01005	0.01169	0.00843	0.00602	0.00509	0.00164	0.00869	0.00401	0.00292	0.00862
3	0.00790	0.00671	0.00684	0.00691	0.00910	0.00565	0.00525	0.00963	0.01501	0.01787	0.06531	0.06383	0.69509	0.01674	0.00784	0.00226	0.00345	0.04294	0.00611	0.00558
4	0.00942	0.00698	0.01022	0.01022	0.01126	0.00803	0.00777	0.01152	0.01047	0.01501	0.01797	0.02771	0.01726	0.12657	0.66645	0.01013	0.01643	0.00732	0.00358	0.00568
5	0.01768	0.01438	0.01962	0.01731	0.09583	0.01444	0.10325	0.19322	0.13296	0.06083	0.10370	0.02156	0.01863	0.00769	0.00660	0.00188	0.00649	0.00682	0.00549	0.15161
6	0.68280	0.10695	0.01312	0.00934	0.01357	0.04772	0.00788	0.01970	0.01179	0.02723	0.00921	0.01073	0.00735	0.00608	0.00417	0.00194	0.00563	0.00359	0.00389	0.00731
7	0.05552	0.02101	0.14673	0.01664	0.07010	0.14472	0.01395	0.10930	0.24822	0.05715	0.01909	0.01913	0.03386	0.00778	0.00636	0.00204	0.00760	0.00608	0.00507	0.00964
8	0.00940	0.00705	0.01058	0.01058	0.01176	0.00823	0.00823	0.01176	0.01058	0.01528	0.01763	0.02586	0.01646	0.04937	0.74255	0.01058	0.01763	0.00705	0.00353	0.00588
9	0.02447	0.01816	0.01944	0.01503	0.02020	0.02015	0.01238	0.66227	0.07522	0.04059	0.01652	0.01637	0.01177	0.00797	0.00659	0.00199	0.00711	0.00603	0.00659	0.01115
10	0.01591	0.01446	0.01897	0.08231	0.05686	0.01622	0.10044	0.03086	0.52896	0.02546	0.02302	0.02266	0.01732	0.00814	0.00682	0.00221	0.00641	0.00727	0.00576	0.00995
11	0.01699	0.37315	0.27495	0.01492	0.02146	0.10671	0.01615	0.04158	0.01458	0.01823	0.01038	0.01220	0.00851	0.00630	0.00594	0.00176	0.04014	0.00424	0.00299	0.00883
12	0.01440	0.01440	0.02016	0.01728	0.01728	0.02016	0.01440	0.01584	0.01008	0.01584	0.00864	0.01440	0.00864	0.01152	0.02160	0.00288	0.75659	0.00576	0.00288	0.00720
13	0.00802	0.00573	0.00764	0.00917	0.00955	0.00535	0.00611	0.00917	0.01260	0.01681	0.03628	0.76434	0.04354	0.02062	0.00840	0.00267	0.00382	0.01872	0.00611	0.00535
14	0.01489	0.02103	0.19276	0.02454	0.03113	0.01674	0.47291	0.02044	0.01455	0.02044	0.01245	0.01651	0.00947	0.00639	0.00900	0.00226	0.09556	0.00689	0.00316	0.00888
15	0.01646	0.01702	0.02322	0.25777	0.39897	0.13526	0.01837	0.02016	0.01503	0.01916	0.01181	0.01595	0.00959	0.00624	0.00644	0.00199	0.00879	0.00559	0.00318	0.00900
16	0.01430	0.01426	0.02014	0.05552	0.01874	0.01988	0.01460	0.01589	0.01024	0.01589	0.00880	0.01457	0.00865	0.01127	0.02082	0.00284	0.71772	0.00577	0.00288	0.00721
17	0.02501	0.01898	0.01971	0.01522	0.02041	0.05083	0.01252	0.67700	0.03043	0.04042	0.01557	0.01564	0.01108	0.00786	0.00656	0.00196	0.00744	0.00586	0.00645	0.01105
18	0.01010	0.00791	0.01129	0.01158	0.01337	0.00764	0.05344	0.01324	0.03961	0.01940	0.06322	0.21332	0.14204	0.01716	0.00853	0.00272	0.00536	0.34792	0.00597	0.00618
19	0.01405	0.01130	0.01850	0.62107	0.03979	0.01351	0.01651	0.01815	0.01416	0.09428	0.06317	0.02029	0.01332	0.00723	0.00667	0.00217	0.00804	0.00636	0.00379	0.00765
20	0.00788	0.00626	0.00709	0.00775	0.00918	0.00547	0.00548	0.00933	0.01396	0.01736	0.05351	0.36721	0.42955	0.01839	0.00805	0.00242	0.00354	0.01598	0.00611	0.00547
21	0.01463	0.01464	0.02697	0.31135	0.29736	0.01549	0.18493	0.01912	0.01442	0.01960	0.01235	0.01713	0.00969	0.00606	0.00685	0.00211	0.00898	0.00632	0.00315	0.00885
22	0.02350	0.01209	0.01510	0.01287	0.03939	0.01184	0.00999	0.06954	0.19670	0.42192	0.06321	0.02554	0.04991	0.00891	0.00674	0.00209	0.00544	0.00736	0.00739	0.01047
23	0.02381	0.02827	0.01960	0.01910	0.09139	0.58425	0.01345	0.10566	0.01974	0.01964	0.01106	0.01278	0.00900	0.00682	0.00607	0.00175	0.01092	0.00460	0.00375	0.00833
24	0.01927	0.11360	0.01853	0.01367	0.01790	0.09142	0.01104	0.13266	0.42015	0.05946	0.02116	0.02007	0.01592	0.00810	0.00628	0.00203	0.00644	0.00635	0.00592	0.01004
25	0.01474	0.02133	0.20643	0.02498	0.03219	0.01596	0.51703	0.02065	0.01505	0.02089	0.01368	0.04039	0.01065	0.00620	0.00742	0.00220	0.01054	0.00741	0.00328	0.00897
26	0.00799	0.00627	0.00723	0.00784	0.00924	0.00551	0.00556	0.00954	0.01424	0.01797	0.09984	0.36037	0.38878	0.01813	0.00804	0.00240	0.00352	0.01580	0.00619	0.00551
27	0.01263	0.01191	0.02011	0.71578	0.08080	0.01468	0.01838	0.01700	0.01326	0.01706	0.01174	0.01749	0.00886	0.00654	0.00658	0.00218	0.00873	0.00585	0.00294	0.00748
28	0.05463	0.16680	0.44795	0.01935	0.11466	0.01707	0.01991	0.02095	0.01402	0.05020	0.01186	0.01378	0.00890	0.00616	0.00582	0.00194	0.00858	0.00475	0.00314	0.00951
29	0.00930	0.00735	0.00912	0.00939	0.01088	0.00703	0.02663	0.01233	0.07529	0.01803	0.04237	0.32417	0.24681	0.09440	0.01068	0.00290	0.00448	0.07709	0.00586	0.00589
30	0.06914	0.58305	0.11606	0.01226	0.01826	0.02364	0.01265	0.06678	0.01450	0.01882	0.00993	0.01133	0.00854	0.00589	0.00462	0.00157	0.00725	0.00385	0.00315	0.00871
31	0.01714	0.01830	0.02527	0.02973	0.37665	0.15368	0.14026	0.02160	0.05547	0.02048	0.01680	0.01952	0.06122	0.00692	0.00673	0.00199	0.00872	0.00656	0.00369	0.00927
32	0.01941	0.01766	0.02091	0.05506	0.02232	0.13387	0.13452	0.19912	0.12860	0.06173	0.05221	0.04068	0.01553	0.00908	0.02286	0.00227	0.04287	0.00693	0.00518	0.00917
33	0.00786	0.00670	0.00678	0.00683	0.00903	0.00562	0.00516	0.00957	0.01501	0.01784	0.06577	0.06367	0.70503	0.01672	0.00782	0.00225	0.00341	0.03326	0.00611	0.00557
34	0.01561	0.01487	0.02529	0.09534	0.64044	0.01509	0.01940	0.01943	0.01474	0.02092	0.01343	0.05093	0.01183	0.00660	0.00661	0.00201	0.00771	0.00646	0.00336	0.00995
35	0.01464	0.04565	0.02397	0.35361	0.39666	0.01563	0.01898	0.01869	0.01412	0.01919	0.01195	0.01661	0.00962	0.00617	0.00645	0.00204	0.00821	0.00576	0.00309	0.00897
36	0.01158	0.00958	0.01013	0.01031	0.01190	0.05938	0.00742	0.08698	0.06018	0.02072	0.07256	0.47095	0.10924	0.01674	0.00783	0.00242	0.00475	0.01473	0.00607	0.00653
37	0.11699	0.05245	0.49823	0.01815	0.02643	0.01599	0.10463	0.05440	0.01458	0.02284	0.01177	0.01395	0.00853	0.00621	0.00611	0.00207	0.00909	0.00506	0.00320	0.00932
38	0.01512	0.13501	0.18992	0.15756	0.23154	0.05332	0.04803	0.01962	0.01455	0.01953	0.04665	0.01655	0.01177	0.00646	0.00621	0.00195	0.00843	0.00557	0.00323	0.00898
39	0.01467	0.01656	0.06460	0.04497	0.02733	0.04556	0.40420	0.04729	0.01515	0.02036	0.01682	0.14940	0.01569	0.00898	0.00888	0.00232	0.07611	0.00910	0.00388	0.00814
40	0.00803	0.00625	0.00733	0.00815	0.00943	0.00555	0.00581	0.00950	0.01383	0.01739	0.05027	0.40847	0.35822	0.01869	0.00815	0.00248	0.00370	0.04717	0.00611	0.00548
41	0.05669	0.01589	0.01723	0.04244	0.07595	0.08396	0.02865	0.24713	0.15173	0.06571	0.01873	0.06365	0.01555	0.07633	0.00896	0.00245	0.00703	0.00709	0.00553	0.00928
42	0.05008	0.28095	0.10902	0.01372	0.01883	0.01759	0.07483	0.02257	0.13953	0.08796	0.01795	0.10792	0.01567	0.00839	0.00597	0.00195	0.00679	0.00694	0.00452	0.00882
43	0.01045	0.00739	0.00947	0.03140	0.01191	0.00734	0.00721	0.06449	0.03908	0.04030	0.07784	0.59193	0.03965	0.01801	0.00806	0.00253	0.00428	0.01618	0.00621	0.00625
44	0.01499	0.01423	0.02376	0.28056	0.46032	0.01533	0.01906	0.01981	0.04984	0.02022	0.01288	0.01714	0.01036	0.00626	0.00655	0.00205	0.00801	0.00594	0.00332	0.00937
45	0.07115	0.04853	0.05491	0.06201	0.05971	0.02694	0.10756	0.04736	0.04412	0.08549	0.04372	0.11958	0.07159	0.04298	0.00947	0.00241	0.08126	0.00854	0.00470	0.00794
46	0.01516	0.01575	0.03037	0.17268	0.27360	0.01602	0.31384	0.01979	0.01471	0.02023	0.01253	0.01711	0.00986	0.00605	0.00756	0.00215	0.03365	0.00668	0.00321	0.00905
47	0.01010	0.00702	0.00930	0.00958	0.01058	0.00734	0.00701	0.01171	0.01219	0.04639	0.02951	0.27614	0.09152	0.12264	0.20970	0.00519	0.04566	0.04294	0.03974	0.00574
48	0.01546	0.34622	0.34949	0.01823	0.10949	0.01991	0.01826	0.02029	0.01381	0.01865	0.01075	0.01277	0.00864	0.00594	0.00542	0.00178	0.00835	0.00442	0.00285	0.00927
49	0.01875	0.05389	0.07637	0.10865	0.07388	0.03702	0.11038	0.17291	0.01854	0.11890	0.03835	0.01959	0.04233	0.00788	0.00796	0.00211	0.07195	0.00652	0.00477	0.00926
50	0.01797	0.01259	0.01487	0.01420	0.07897	0.01309	0.01020	0.17122	0.19695	0.13884	0.06057	0.06432	0.15649	0.01055	0.00698	0.00213	0.00543	0.00881	0.00648	0.00936
51	0.01581	0.01660	0.10744	0.16254	0.20045	0.05010	0.03243	0.10708	0.04611	0.04292	0.03851	0.06825	0.03364	0.04001	0.00784	0.00227	0.00769	0.00718	0.00427	0.00883
52	0.11623	0.01573	0.06118	0.12941	0.19676	0.01568	0.06321	0.17039	0.01809	0.07667	0.04865	0.01767	0.01273	0.00709	0.00667	0.00206	0.02183	0.00602	0.00455	0.00937
53	0.08767	0.01286	0.01443	0.07794	0.01816	0.04324	0.01008	0.18129	0.05302	0.13880	0.04099	0.14428	0.01958	0.02960	0.00730	0.00219	0.00607	0.02756	0.00578	0.07915
54	0.01995	0.08473	0.04267	0.03249	0.10545	0.12062	0.04727	0.16273	0.01963	0.13059	0.10716	0.02154	0.03920	0.00802	0.00647	0.00190	0.00732	0.00657	0.00525	0.03043
55	0.10982	0.05804	0.18367	0.01390	0.01906	0.10724	0.01320	0.12033	0.08804	0.06157	0.01725	0.11448	0.01498	0.00873	0.00620	0.00202	0.00731	0.00687	0.00473	0.04255
56	0.03919	0.11597	0.15070	0.01399	0.04040	0.05767	0.03017	0.09360	0.09909	0.02260	0.05363	0.11523	0.09700	0.00989	0.00650	0.00203	0.00665	0.00815	0.00478	0.03274
57	0.09751	0.06273	0.15362	0.03688	0.01806	0.07953	0.01232	0.05713	0.06504	0.05475	0.04422	0.13719	0.05548	0.01193	0.03601	0.00250	0.03003	0.03241	0.00471	0.00794
58	0.03963	0.01412	0.04812	0.03782	0.08814	0.05212	0.01088	0.16887	0.03975	0.07318	0.06501	0.07749	0.12900	0.03168	0.00743	0.00210	0.00612	0.00816	0.00539	0.09499

[dist]
# distance from previous block
# <min> <max>
55	118

[block]
# block no. 4 follows, 33 sequences, length 74
# corresponding to MSA columns:
# 407-480
name=unknown_E
#
# <colnr> <probs for GDERKNQSTAVLIFYWHMCP>
#	G	D	E	R	K	N	Q	S	T	A	V	L	I	F	Y	W	H	M	C	P
0	0.06574	0.06568	0.05980	0.06072	0.03823	0.11655	0.04705	0.06419	0.03561	0.04249	0.05356	0.12901	0.06888	0.03315	0.00736	0.00214	0.00691	0.02446	0.00466	0.07380
1	0.01856	0.08568	0.05099	0.04540	0.05729	0.08508	0.01234	0.19273	0.07578	0.06931	0.01850	0.08094	0.04234	0.00906	0.00788	0.00204	0.08066	0.00693	0.00497	0.05352
2	0.01570	0.04146	0.14986	0.13584	0.05338	0.08516	0.06197	0.08891	0.07907	0.04360	0.01771	0.07314	0.03313	0.01220	0.07710	0.00291	0.00908	0.00702	0.00423	0.00852
3	0.04032	0.01609	0.01848	0.01482	0.01905	0.10133	0.09804	0.26513	0.04292	0.07789	0.09038	0.04683	0.05029	0.01069	0.03697	0.00238	0.00768	0.02372	0.00566	0.03135
4	0.01660	0.05946	0.08272	0.07569	0.01939	0.08972	0.01154	0.10502	0.06480	0.07880	0.09173	0.08237	0.04048	0.00909	0.00646	0.00191	0.00661	0.02183	0.00509	0.13070
5	0.03975	0.04005	0.06071	0.03967	0.05237	0.16549	0.07633	0.18570	0.06210	0.04342	0.03842	0.08977	0.03476	0.00893	0.00715	0.00206	0.03240	0.00728	0.00486	0.00878
6	0.11229	0.06768	0.07787	0.03748	0.05132	0.01402	0.10270	0.05408	0.06680	0.02271	0.04133	0.02476	0.07752	0.00843	0.00701	0.00200	0.04147	0.05540	0.00438	0.13076
7	0.01390	0.08037	0.16870	0.07417	0.09166	0.03545	0.01411	0.05884	0.10421	0.02126	0.04314	0.07833	0.12522	0.00996	0.00718	0.00214	0.02952	0.02890	0.00455	0.00838
8	0.01539	0.07485	0.03802	0.03621	0.05356	0.09469	0.01018	0.10091	0.03835	0.02074	0.01656	0.04359	0.03399	0.11450	0.09338	0.00329	0.00814	0.00632	0.00418	0.19317
9	0.01829	0.08438	0.07267	0.05188	0.13615	0.12981	0.05416	0.06234	0.10172	0.09951	0.07812	0.02143	0.04521	0.00786	0.00648	0.00197	0.00759	0.00656	0.00479	0.00910
10	0.06675	0.01616	0.03813	0.01456	0.05350	0.09678	0.01133	0.16067	0.14483	0.25104	0.06265	0.02072	0.01683	0.00812	0.00646	0.00202	0.00662	0.00642	0.00635	0.01004
11	0.08508	0.01449	0.05766	0.01712	0.14533	0.01392	0.01201	0.13147	0.16273	0.07311	0.09259	0.02405	0.06619	0.00845	0.00644	0.00199	0.00592	0.00701	0.00551	0.06894
12	0.08399	0.05564	0.10609	0.01488	0.01927	0.22405	0.01292	0.06527	0.22236	0.05578	0.01609	0.01658	0.01230	0.00769	0.00710	0.00203	0.05877	0.00548	0.00468	0.00905
13	0.01287	0.01197	0.01570	0.05014	0.25387	0.05366	0.01174	0.01698	0.08021	0.02020	0.09068	0.08095	0.20772	0.05417	0.00860	0.00235	0.00593	0.00958	0.00489	0.00780
14	0.01549	0.07603	0.60309	0.01744	0.02634	0.01525	0.02172	0.02217	0.01448	0.10850	0.01340	0.01475	0.00933	0.00645	0.00618	0.00204	0.00906	0.00500	0.00345	0.00983
15	0.01897	0.01584	0.01650	0.01427	0.01774	0.07865	0.01132	0.10389	0.42029	0.09205	0.02162	0.02093	0.01621	0.00892	0.00866	0.00223	0.10930	0.00670	0.00601	0.00990
16	0.09658	0.01133	0.01480	0.01145	0.01646	0.01011	0.00946	0.03100	0.01819	0.67217	0.02454	0.02141	0.01551	0.00797	0.00640	0.00204	0.00556	0.00636	0.00780	0.01086
17	0.01544	0.01333	0.01399	0.01267	0.01622	0.01520	0.00983	0.03221	0.63948	0.02648	0.03113	0.02878	0.09674	0.00977	0.00682	0.00223	0.00501	0.00814	0.00664	0.00989
18	0.01144	0.00572	0.00858	0.00858	0.00858	0.00572	0.00572	0.00858	0.00858	0.01144	0.01144	0.02001	0.01144	0.02287	0.02573	0.80846	0.00572	0.00572	0.00286	0.00286
19	0.00905	0.00691	0.00935	0.01097	0.03825	0.00698	0.00729	0.01118	0.04515	0.01738	0.03297	0.63765	0.03855	0.02044	0.04179	0.00299	0.03481	0.01665	0.00578	0.00588
20	0.00868	0.00666	0.00768	0.00745	0.00910	0.00595	0.00541	0.01078	0.01594	0.02098	0.35239	0.05456	0.34444	0.10826	0.01096	0.00267	0.00361	0.01248	0.00635	0.00565
21	0.07116	0.01799	0.01903	0.01472	0.01987	0.01997	0.01214	0.64703	0.04849	0.04041	0.01572	0.01574	0.01120	0.00783	0.00644	0.00199	0.00706	0.00583	0.00644	0.01094
22	0.06350	0.54643	0.11033	0.01250	0.01823	0.07421	0.01256	0.02121	0.05629	0.01768	0.01060	0.01189	0.00907	0.00601	0.00472	0.00159	0.00746	0.00396	0.00316	0.00858
23	0.01109	0.00821	0.01114	0.01061	0.01188	0.00954	0.00818	0.05916	0.01209	0.01761	0.01753	0.02618	0.01641	0.12150	0.49705	0.00819	0.06825	0.00709	0.07215	0.00614
24	0.00966	0.00690	0.00953	0.01105	0.01215	0.00676	0.00897	0.01201	0.01422	0.01865	0.03538	0.32587	0.03995	0.01908	0.00884	0.00290	0.00524	0.44096	0.00608	0.00580
25	0.01529	0.01879	0.09030	0.02643	0.03292	0.01676	0.61049	0.02075	0.01508	0.02075	0.01292	0.01726	0.00978	0.00597	0.00849	0.00225	0.05623	0.00743	0.00326	0.00884
26	0.07807	0.01779	0.01878	0.01460	0.01969	0.01979	0.01202	0.61840	0.07116	0.03983	0.01602	0.01599	0.01146	0.00784	0.00642	0.00200	0.00697	0.00586	0.00642	0.01087
27	0.00821	0.00581	0.00758	0.00892	0.00926	0.00548	0.00585	0.00922	0.01223	0.01631	0.03436	0.67511	0.04112	0.11317	0.01151	0.00313	0.00414	0.01758	0.00585	0.00518
28	0.01605	0.01836	0.03499	0.07552	0.03318	0.07859	0.56724	0.02101	0.01540	0.02014	0.01273	0.01709	0.00972	0.00599	0.00815	0.00220	0.04453	0.00725	0.00329	0.00859
29	0.01689	0.50077	0.21320	0.01367	0.02013	0.07144	0.01470	0.02108	0.04262	0.01741	0.01063	0.01208	0.00890	0.00601	0.00497	0.00164	0.00799	0.00408	0.00300	0.00880
30	0.01697	0.01358	0.01714	0.01833	0.18205	0.01367	0.01181	0.13932	0.17436	0.06919	0.02454	0.02460	0.11346	0.00839	0.00647	0.00190	0.00587	0.00707	0.00541	0.14588
31	0.02359	0.02723	0.01877	0.01651	0.02000	0.53707	0.01269	0.14126	0.05252	0.02093	0.01180	0.01330	0.00949	0.00739	0.00714	0.00185	0.06127	0.00478	0.00405	0.00834
32	0.01705	0.01081	0.01253	0.01071	0.01406	0.01075	0.00849	0.17951	0.06854	0.16586	0.15193	0.08686	0.19227	0.01217	0.00727	0.00216	0.00490	0.02884	0.00685	0.00844
33	0.02162	0.05595	0.01877	0.01389	0.01900	0.08522	0.01135	0.41434	0.08191	0.03265	0.01503	0.01546	0.01125	0.00716	0.00607	0.00174	0.00702	0.00537	0.00557	0.17063
34	0.01711	0.01380	0.03833	0.12528	0.07947	0.05641	0.01188	0.07991	0.09305	0.12551	0.14243	0.02329	0.02104	0.00806	0.00648	0.00189	0.00631	0.00678	0.00537	0.13760
35	0.04949	0.45082	0.21593	0.04470	0.06412	0.02152	0.01538	0.03789	0.01397	0.01858	0.01032	0.01221	0.00857	0.00593	0.00505	0.00169	0.00779	0.00417	0.00299	0.00888
36	0.00989	0.05831	0.00941	0.00801	0.00861	0.00769	0.00517	0.01052	0.01083	0.01445	0.06306	0.13441	0.02719	0.52667	0.07413	0.00559	0.00665	0.01033	0.00435	0.00473
37	0.00834	0.00652	0.00742	0.00752	0.00914	0.00575	0.00544	0.01021	0.01529	0.01965	0.23629	0.16544	0.39976	0.06203	0.00943	0.00250	0.00353	0.01383	0.00629	0.00561
38	0.01020	0.00650	0.00843	0.00899	0.01020	0.00591	0.00634	0.01185	0.01441	0.08503	0.14815	0.50518	0.11806	0.01789	0.00807	0.00247	0.00382	0.01598	0.00648	0.00605
39	0.03841	0.05249	0.14427	0.05351	0.18098	0.01612	0.17604	0.07759	0.10362	0.02345	0.03526	0.04046	0.01347	0.00710	0.00672	0.00209	0.00820	0.00673	0.00409	0.00943
40	0.01586	0.01544	0.02708	0.10798	0.60267	0.01563	0.07835	0.01995	0.01486	0.02102	0.01240	0.01654	0.01023	0.00591	0.00663	0.00200	0.00819	0.00603	0.00323	0.01000
41	0.02876	0.01245	0.01605	0.01230	0.01743	0.01153	0.01016	0.14819	0.02093	0.61308	0.02422	0.02127	0.01542	0.00811	0.00661	0.00203	0.00588	0.00650	0.00788	0.01120
42	0.02438	0.05436	0.01915	0.01678	0.02024	0.72000	0.01267	0.02608	0.01849	0.01609	0.01014	0.01183	0.00848	0.00675	0.00588	0.00169	0.01172	0.00422	0.00337	0.00766
43	0.34325	0.20312	0.02005	0.01508	0.10856	0.11414	0.01105	0.07878	0.01489	0.02428	0.01028	0.01198	0.00841	0.00620	0.00489	0.00182	0.00701	0.00414	0.00378	0.00830
44	0.00833	0.00586	0.00755	0.00878	0.00908	0.00555	0.00569	0.00925	0.01201	0.01601	0.03323	0.62245	0.03968	0.16778	0.01334	0.00340	0.00432	0.01692	0.00569	0.00508
45	0.00949	0.00706	0.00887	0.00836	0.01007	0.00661	0.00628	0.01315	0.04962	0.02561	0.62885	0.04945	0.12464	0.01357	0.00772	0.00209	0.00322	0.01190	0.00711	0.00634
46	0.01878	0.13348	0.01807	0.03660	0.05978	0.04809	0.01055	0.10459	0.10931	0.17464	0.06598	0.07428	0.07470	0.01069	0.02931	0.00226	0.00642	0.00770	0.00575	0.00902
47	0.00931	0.00613	0.00803	0.00914	0.00994	0.00563	0.00625	0.01058	0.01316	0.06028	0.03789	0.66779	0.09198	0.01958	0.00825	0.00260	0.00389	0.01763	0.00623	0.00572
48	0.00800	0.00579	0.00757	0.00900	0.00950	0.00536	0.00604	0.00919	0.01277	0.01687	0.03835	0.71681	0.08974	0.02036	0.00836	0.00264	0.00379	0.01839	0.00611	0.00536
49	0.01718	0.01734	0.09153	0.07677	0.42853	0.01613	0.05187	0.10581	0.04829	0.04579	0.01374	0.01668	0.01078	0.00651	0.00690	0.00203	0.02410	0.00596	0.00391	0.01014
50	0.01450	0.07328	0.30156	0.05421	0.19739	0.01582	0.15537	0.02001	0.01451	0.02046	0.01363	0.01925	0.01120	0.00680	0.00669	0.00210	0.00907	0.05163	0.00323	0.00930
51	0.01830	0.02107	0.01982	0.05022	0.02036	0.32566	0.05985	0.02025	0.01424	0.01621	0.01064	0.01534	0.00963	0.04010	0.04726	0.00279	0.29226	0.00546	0.00320	0.00732
52	0.01452	0.01223	0.01411	0.01021	0.01598	0.00977	0.00819	0.06606	0.03023	0.02301	0.01232	0.01404	0.01008	0.00518	0.00504	0.00107	0.00505	0.00412	0.00415	0.73461
53	0.03658	0.07402	0.57444	0.06116	0.02804	0.01606	0.04203	0.03744	0.03261	0.02123	0.01211	0.01427	0.00876	0.00632	0.00616	0.00206	0.00925	0.00499	0.00304	0.00947
54	0.00782	0.00652	0.00683	0.00708	0.00900	0.00552	0.00518	0.00940	0.01461	0.01762	0.06174	0.17753	0.61392	0.01732	0.00788	0.00230	0.00341	0.01468	0.00611	0.00552
55	0.01396	0.01326	0.02250	0.47167	0.31458	0.01503	0.01904	0.01816	0.01388	0.01867	0.01197	0.01706	0.00943	0.00630	0.00656	0.00210	0.00840	0.00586	0.00306	0.00854
56	0.01752	0.01934	0.12936	0.04012	0.11643	0.12928	0.07624	0.06142	0.03375	0.08491	0.01434	0.01861	0.01176	0.07119	0.05232	0.00294	0.10182	0.00609	0.00396	0.00859
57	0.01806	0.49736	0.16323	0.01372	0.01971	0.15576	0.01399	0.02114	0.01445	0.01661	0.00984	0.01143	0.00843	0.00596	0.00492	0.00159	0.00843	0.00391	0.00292	0.00854
58	0.00834	0.00596	0.00801	0.00953	0.01005	0.00562	0.00667	0.00972	0.01292	0.01716	0.03611	0.67899	0.04284	0.02032	0.00849	0.00272	0.00410	0.10091	0.00610	0.00544
59	0.01047	0.00696	0.00899	0.00858	0.01032	0.00635	0.00647	0.01321	0.01762	0.07232	0.52798	0.11995	0.11538	0.01425	0.00779	0.00217	0.00346	0.03427	0.00706	0.00640
60	0.00827	0.00594	0.00758	0.00869	0.00923	0.00554	0.00577	0.00944	0.01277	0.01696	0.07831	0.58067	0.09188	0.11242	0.01142	0.00306	0.00406	0.01682	0.00592	0.00525
61	0.01921	0.11799	0.01907	0.01325	0.01789	0.06139	0.01091	0.20700	0.22007	0.05033	0.01703	0.01715	0.01302	0.00745	0.00658	0.00182	0.03757	0.00559	0.00534	0.15133
62	0.02511	0.01524	0.01748	0.01348	0.01863	0.01570	0.01108	0.38455	0.07206	0.26972	0.01964	0.01845	0.01340	0.00783	0.00648	0.00194	0.00638	0.00611	0.00692	0.06979
63	0.00957	0.00638	0.00718	0.00718	0.00718	0.00638	0.00399	0.00957	0.00957	0.01276	0.02074	0.04308	0.02393	0.76864	0.03351	0.00638	0.00638	0.00957	0.00399	0.00399
64	0.01484	0.01012	0.01243	0.01203	0.01451	0.01042	0.00984	0.17363	0.04039	0.07617	0.03081	0.20447	0.05083	0.01529	0.00807	0.00259	0.00571	0.29391	0.00637	0.00758
65	0.04169	0.06465	0.02011	0.01504	0.01969	0.18523	0.08196	0.18978	0.03955	0.02464	0.01300	0.01496	0.01034	0.00909	0.04883	0.00222	0.02996	0.00518	0.00436	0.17972
66	0.02062	0.01625	0.01728	0.01426	0.01874	0.01836	0.01145	0.36434	0.37940	0.03439	0.02140	0.02026	0.01572	0.00843	0.00664	0.00211	0.00621	0.00670	0.00664	0.01080
67	0.00826	0.00669	0.00740	0.00767	0.00958	0.00582	0.00585	0.01016	0.01511	0.01867	0.11830	0.13099	0.52270	0.01694	0.00799	0.00234	0.00367	0.09000	0.00621	0.00565
68	0.01590	0.01824	0.03535	0.04719	0.03255	0.07682	0.59800	0.02092	0.01561	0.02038	0.01393	0.04716	0.01117	0.00629	0.00761	0.00219	0.01080	0.00786	0.00343	0.00859
69	0.04315	0.10739	0.06437	0.03879	0.02211	0.18614	0.09542	0.19366	0.06184	0.10257	0.01467	0.01557	0.01084	0.00700	0.00623	0.00191	0.00859	0.00552	0.00480	0.00942
70	0.00829	0.00592	0.00795	0.00947	0.00997	0.00558	0.00658	0.00963	0.01287	0.01711	0.03614	0.69252	0.04295	0.02037	0.00847	0.00271	0.00405	0.08788	0.00611	0.00542
71	0.00802	0.00573	0.00764	0.00917	0.00955	0.00535	0.00611	0.00917	0.01260	0.01681	0.03628	0.76434	0.04354	0.02062	0.00840	0.00267	0.00382	0.01872	0.00611	0.00535
72	0.00822	0.00585	0.00778	0.00924	0.00967	0.00551	0.00626	0.00942	0.01262	0.01680	0.03559	0.69930	0.04246	0.05046	0.00944	0.00284	0.00404	0.05316	0.00602	0.00533
73	0.02105	0.01872	0.01980	0.10361	0.09712	0.15713	0.01395	0.28986	0.02125	0.05559	0.01353	0.01562	0.01034	0.00778	0.00832	0.00205	0.10365	0.00560	0.02570	0.00934

[dist]
# distance from previous block
# <min> <max>
0	1

[block]
# block no. 5 follows, 33 sequences, length 63
# corresponding to MSA columns:
# 482-544
name=unknown_F
#
# <colnr> <probs for GDERKNQSTAVLIFYWHMCP>
#	G	D	E	R	K	N	Q	S	T	A	V	L	I	F	Y	W	H	M	C	P
0	0.10875	0.24175	0.31946	0.01484	0.02197	0.01855	0.03298	0.08976	0.01535	0.04483	0.01162	0.01311	0.00884	0.00623	0.00546	0.00185	0.00795	0.00454	0.00353	0.02861
1	0.01917	0.60770	0.03104	0.01244	0.01767	0.15126	0.01158	0.05273	0.01512	0.01681	0.00964	0.01103	0.00858	0.00594	0.00463	0.00148	0.00790	0.00376	0.00309	0.00843
2	0.01626	0.04229	0.13594	0.05666	0.43653	0.04014	0.10635	0.04832	0.01555	0.02165	0.01236	0.01581	0.00990	0.00601	0.00655	0.00199	0.00865	0.00583	0.00331	0.00990
3	0.00949	0.00744	0.00989	0.01175	0.08290	0.00703	0.00745	0.01185	0.03146	0.01965	0.19102	0.31277	0.16679	0.06903	0.00970	0.00264	0.00426	0.03280	0.00594	0.00614
4	0.00977	0.00799	0.00858	0.00812	0.01049	0.00751	0.00618	0.04024	0.09616	0.02172	0.20479	0.05396	0.47098	0.01474	0.00761	0.00218	0.00365	0.01241	0.00645	0.00648
5	0.01639	0.01014	0.01304	0.08626	0.01684	0.01030	0.00928	0.06757	0.11976	0.18981	0.34121	0.03394	0.03656	0.01050	0.00715	0.00209	0.00485	0.00902	0.00689	0.00842
6	0.02668	0.01579	0.01811	0.01389	0.01909	0.01648	0.01147	0.45859	0.02651	0.29479	0.01953	0.01823	0.01307	0.00799	0.00660	0.00200	0.00664	0.00618	0.00716	0.01120
7	0.02663	0.01161	0.01487	0.01162	0.01631	0.01071	0.00952	0.12340	0.01993	0.55192	0.02566	0.04088	0.03624	0.00863	0.00656	0.00202	0.00556	0.00699	0.06038	0.01057
8	0.35742	0.01197	0.01280	0.01039	0.01496	0.01209	0.00855	0.05277	0.01599	0.38464	0.02001	0.01872	0.03792	0.00759	0.00560	0.00204	0.00537	0.00558	0.00631	0.00929
9	0.00942	0.00698	0.01023	0.01023	0.01128	0.00804	0.00779	0.01153	0.01048	0.01502	0.01796	0.02765	0.01723	0.12391	0.66908	0.01015	0.01647	0.00731	0.00357	0.00568
10	0.01259	0.01186	0.02002	0.72444	0.07252	0.01467	0.01836	0.01696	0.01324	0.01701	0.01173	0.01750	0.00884	0.00655	0.00658	0.00218	0.00874	0.00585	0.00294	0.00744
11	0.00816	0.00668	0.00720	0.00707	0.00913	0.00572	0.00530	0.01019	0.01591	0.01992	0.22975	0.05984	0.56050	0.01588	0.00778	0.00219	0.00328	0.01340	0.00639	0.00572
12	0.01304	0.00670	0.00702	0.00673	0.00850	0.00667	0.00511	0.03517	0.01479	0.05007	0.06842	0.02587	0.01972	0.00808	0.00494	0.00160	0.00328	0.00653	0.70130	0.00646
13	0.01243	0.01170	0.01975	0.75282	0.04534	0.01463	0.01828	0.01682	0.01316	0.01682	0.01170	0.01755	0.00878	0.00658	0.00658	0.00219	0.00878	0.00585	0.00293	0.00731
14	0.00986	0.00765	0.01116	0.01091	0.01189	0.00914	0.00845	0.01195	0.01046	0.01514	0.01708	0.02616	0.01634	0.10067	0.62529	0.00958	0.08177	0.00713	0.00350	0.00585
15	0.00802	0.00573	0.00764	0.00917	0.00955	0.00535	0.00611	0.00917	0.01260	0.01681	0.03628	0.76434	0.04354	0.02062	0.00840	0.00267	0.00382	0.01872	0.00611	0.00535
16	0.00790	0.00664	0.00686	0.00687	0.00898	0.00560	0.00513	0.00965	0.01518	0.01836	0.11233	0.08785	0.65298	0.01659	0.00780	0.00223	0.00334	0.01393	0.00619	0.00560
17	0.01806	0.19773	0.01982	0.01343	0.01718	0.21597	0.01081	0.02635	0.28695	0.02046	0.01904	0.09327	0.01655	0.00876	0.00608	0.00194	0.00732	0.00679	0.00481	0.00867
18	0.45824	0.16144	0.01683	0.01098	0.01544	0.09197	0.00929	0.11375	0.02877	0.02705	0.01051	0.01175	0.00833	0.00639	0.00469	0.00188	0.00645	0.00402	0.00416	0.00805
19	0.01848	0.04109	0.21983	0.04062	0.06095	0.07534	0.04052	0.09228	0.01704	0.14263	0.03166	0.01647	0.01174	0.00665	0.00613	0.00181	0.00773	0.00537	0.00450	0.15918
20	0.01811	0.07263	0.26955	0.01955	0.07758	0.13177	0.10772	0.09832	0.03925	0.06522	0.01464	0.01623	0.02612	0.00679	0.00640	0.00198	0.00912	0.00565	0.00393	0.00943
21	0.01021	0.00717	0.00809	0.00799	0.00842	0.00742	0.00485	0.01222	0.08177	0.01450	0.02183	0.06679	0.02402	0.64210	0.05146	0.00595	0.00651	0.00961	0.00433	0.00475
22	0.00885	0.00684	0.00737	0.00714	0.00935	0.00583	0.00539	0.01081	0.01580	0.04533	0.18431	0.05930	0.57904	0.01578	0.00774	0.00219	0.00338	0.01327	0.00639	0.00588
23	0.01655	0.25735	0.14475	0.06298	0.07067	0.06491	0.20759	0.02071	0.01450	0.03601	0.01155	0.01439	0.00921	0.00613	0.00663	0.00191	0.03679	0.00541	0.00316	0.00880
24	0.01337	0.01931	0.26124	0.01578	0.07208	0.06687	0.01448	0.03383	0.03727	0.01868	0.01732	0.07220	0.04037	0.06737	0.07432	0.09384	0.03900	0.00699	0.02816	0.00751
25	0.00837	0.00598	0.00804	0.00956	0.01010	0.00565	0.00672	0.00977	0.01295	0.01719	0.03609	0.67152	0.04278	0.02030	0.00850	0.00272	0.00412	0.10811	0.00610	0.00544
26	0.00986	0.00798	0.01080	0.12379	0.03987	0.00832	0.00871	0.01240	0.03802	0.01760	0.06220	0.26943	0.16309	0.11144	0.01150	0.00296	0.02751	0.06330	0.00522	0.00601
27	0.01499	0.03925	0.11458	0.12422	0.39377	0.01505	0.05414	0.04621	0.01506	0.02102	0.01465	0.07192	0.01304	0.00747	0.00670	0.00208	0.00797	0.02496	0.00356	0.00934
28	0.00830	0.00620	0.00839	0.05930	0.01193	0.00599	0.00686	0.00970	0.01280	0.01687	0.03668	0.66647	0.08722	0.01941	0.00824	0.00261	0.00412	0.01752	0.00590	0.00549
29	0.01291	0.01300	0.04335	0.34981	0.05846	0.01581	0.01593	0.01606	0.01194	0.01668	0.01207	0.04650	0.01075	0.01213	0.06824	0.00309	0.27650	0.00639	0.00309	0.00729
30	0.00814	0.00626	0.00726	0.00785	0.00907	0.00559	0.00545	0.00955	0.01379	0.01753	0.09538	0.34699	0.33918	0.08437	0.01030	0.00276	0.00379	0.01535	0.00600	0.00538
31	0.01727	0.57274	0.13941	0.01266	0.01869	0.02310	0.01321	0.02114	0.05213	0.04553	0.01119	0.01239	0.00939	0.00613	0.00511	0.00161	0.02211	0.00411	0.00324	0.00884
32	0.01983	0.01224	0.04236	0.01140	0.01558	0.01115	0.00952	0.14795	0.07147	0.27037	0.17840	0.03072	0.09858	0.00999	0.00690	0.00203	0.00523	0.00828	0.00697	0.04106
33	0.00975	0.00637	0.00711	0.00711	0.00721	0.00637	0.00403	0.00995	0.00985	0.01354	0.02079	0.04186	0.02347	0.71846	0.03160	0.00606	0.00616	0.00935	0.05682	0.00413
34	0.00799	0.00631	0.00720	0.00775	0.00922	0.00552	0.00552	0.00956	0.01434	0.01804	0.10337	0.33332	0.41265	0.01796	0.00802	0.00239	0.00351	0.01561	0.00620	0.00552
