[name]
unknown

[dist]
# distance from previous block
# <min> <max>
0	27

[block]
# block no. 0 follows, 32 sequences, length 22
# corresponding to MSA columns:
# 27-48
name=unknown_A
#
# <colnr> <probs for GDERKNQSTAVLIFYWHMCP>
#	G	D	E	R	K	N	Q	S	T	A	V	L	I	F	Y	W	H	M	C	P
0	0.03657	0.01573	0.08806	0.01618	0.08328	0.08707	0.01265	0.06954	0.01529	0.04771	0.01909	0.11209	0.01876	0.04902	0.06041	0.00307	0.10084	0.09381	0.00452	0.06631
1	0.01433	0.01195	0.05409	0.01448	0.07714	0.01088	0.05893	0.10648	0.04278	0.06898	0.11522	0.13256	0.06640	0.17981	0.01340	0.00318	0.00621	0.01010	0.00547	0.00761
2	0.01687	0.09480	0.20167	0.05228	0.21480	0.12934	0.11114	0.02146	0.01536	0.02007	0.01188	0.01484	0.00943	0.00613	0.00634	0.00192	0.00935	0.00539	0.00321	0.05372
3	0.01073	0.03543	0.03605	0.01023	0.01220	0.03107	0.04781	0.03776	0.01413	0.01816	0.07171	0.24048	0.18928	0.19793	0.01421	0.00336	0.00553	0.01267	0.00529	0.00598
4	0.01423	0.05379	0.01503	0.01047	0.01573	0.01055	0.00849	0.05697	0.01451	0.02187	0.01286	0.01558	0.01089	0.01144	0.10598	0.00243	0.00703	0.00452	0.00402	0.60359
5	0.04056	0.08273	0.17616	0.04139	0.16314	0.01631	0.12076	0.07110	0.07291	0.02331	0.01361	0.01597	0.01056	0.00629	0.00630	0.00191	0.00810	0.00564	0.00383	0.11941
6	0.01399	0.05176	0.03489	0.09156	0.14117	0.01271	0.03762	0.03733	0.13511	0.04168	0.09876	0.07413	0.10461	0.03891	0.00795	0.00229	0.00603	0.00878	0.05247	0.00829
7	0.01940	0.00973	0.01259	0.01062	0.01398	0.00905	0.00838	0.04948	0.06482	0.32887	0.30668	0.07753	0.03719	0.01129	0.00733	0.00214	0.00461	0.00969	0.00765	0.00895
8	0.00921	0.00693	0.00896	0.00889	0.01017	0.00712	0.00654	0.01110	0.01273	0.01717	0.12099	0.04179	0.19182	0.16965	0.33926	0.00684	0.01046	0.00997	0.00480	0.00560
9	0.01391	0.01193	0.01391	0.00994	0.01590	0.00894	0.00795	0.01690	0.01391	0.02186	0.01193	0.01391	0.00994	0.00497	0.00497	0.00099	0.00497	0.00398	0.00398	0.80521
10	0.81159	0.01298	0.00986	0.00882	0.01298	0.01505	0.00727	0.01972	0.01142	0.03010	0.00934	0.01090	0.00727	0.00623	0.00415	0.00208	0.00519	0.00363	0.00415	0.00727
11	0.01502	0.10175	0.03179	0.02471	0.12078	0.01646	0.38898	0.01932	0.01454	0.01977	0.01422	0.04351	0.01210	0.01257	0.10830	0.00334	0.03339	0.00738	0.00343	0.00862
12	0.00856	0.00628	0.00816	0.00936	0.01020	0.00575	0.00649	0.00996	0.01322	0.01758	0.03805	0.63742	0.09106	0.01990	0.00841	0.00264	0.00404	0.05717	0.00613	0.03964
13	0.00799	0.00655	0.00705	0.00745	0.00923	0.00561	0.00539	0.00956	0.01467	0.01787	0.06004	0.24259	0.54672	0.01802	0.00809	0.00238	0.00353	0.01542	0.00623	0.00561
14	0.01420	0.00680	0.00737	0.00706	0.00895	0.00661	0.00535	0.01716	0.01457	0.10189	0.02325	0.06671	0.01868	0.00862	0.00514	0.00169	0.00346	0.00704	0.66870	0.00678
15	0.01391	0.01193	0.01391	0.00994	0.01590	0.00894	0.00795	0.01690	0.01391	0.02186	0.01193	0.01391	0.00994	0.00497	0.00497	0.00099	0.00497	0.00398	0.00398	0.80521
16	0.01464	0.03986	0.28000	0.01700	0.02323	0.01327	0.15118	0.02071	0.06338	0.08837	0.07909	0.08519	0.07574	0.00926	0.00713	0.00220	0.00783	0.00837	0.00467	0.00889
17	0.00995	0.00729	0.00959	0.00942	0.01015	0.00811	0.00672	0.01133	0.01071	0.01505	0.02162	0.03474	0.05849	0.32828	0.35210	0.00785	0.05399	0.00849	0.03081	0.00529
18	0.09463	0.30002	0.15758	0.01383	0.01946	0.01966	0.03236	0.06098	0.06311	0.07053	0.01500	0.01613	0.03732	0.00735	0.00678	0.00193	0.06511	0.00519	0.00401	0.00902
19	0.07605	0.00958	0.01083	0.01014	0.01261	0.00970	0.00762	0.07478	0.11847	0.02477	0.19789	0.25468	0.07470	0.01365	0.00731	0.00223	0.00439	0.01183	0.00629	0.07248
20	0.12363	0.04096	0.24732	0.05610	0.10874	0.01399	0.01546	0.04030	0.07174	0.02367	0.08080	0.04972	0.05683	0.00844	0.00636	0.00211	0.00700	0.00691	0.03120	0.00872
21	0.01673	0.12371	0.35586	0.02021	0.06517	0.11371	0.12219	0.02208	0.01512	0.04417	0.01213	0.01450	0.00919	0.00646	0.00680	0.00202	0.03208	0.00529	0.00323	0.00935

[dist]
# distance from previous block
# <min> <max>
0	18

[block]
# block no. 1 follows, 32 sequences, length 19
# corresponding to MSA columns:
# 67-85
name=unknown_B
#
# <colnr> <probs for GDERKNQSTAVLIFYWHMCP>
#	G	D	E	R	K	N	Q	S	T	A	V	L	I	F	Y	W	H	M	C	P
0	0.01622	0.17487	0.24846	0.01625	0.02314	0.06197	0.10431	0.04638	0.01529	0.03951	0.01294	0.03898	0.01055	0.00653	0.00597	0.00178	0.00833	0.00540	0.00358	0.15956
1	0.01107	0.01128	0.09064	0.01206	0.06631	0.00884	0.00941	0.03845	0.04646	0.02201	0.17103	0.09775	0.24016	0.05264	0.00879	0.00242	0.00492	0.03192	0.06682	0.00703
2	0.00873	0.00683	0.00790	0.00764	0.00955	0.00600	0.00573	0.01117	0.01718	0.02260	0.39959	0.05721	0.38520	0.01532	0.00792	0.00219	0.00328	0.01313	0.00682	0.00600
3	0.00976	0.00771	0.00977	0.03850	0.01219	0.00817	0.00734	0.01294	0.06511	0.01700	0.03427	0.04017	0.23396	0.13671	0.32890	0.00657	0.01054	0.00968	0.00469	0.00603
4	0.01647	0.01742	0.05088	0.21961	0.34458	0.10432	0.05429	0.04028	0.01573	0.02047	0.01330	0.01896	0.01109	0.00690	0.00676	0.00209	0.00889	0.03535	0.00346	0.00916
5	0.00966	0.00688	0.00924	0.00924	0.00990	0.00755	0.00646	0.01099	0.01033	0.01443	0.01939	0.03419	0.02017	0.36880	0.42377	0.00887	0.01286	0.00834	0.00380	0.00513
6	0.01128	0.00924	0.01003	0.03904	0.01280	0.03530	0.00732	0.03656	0.09277	0.03927	0.25017	0.08111	0.32165	0.01405	0.00765	0.00221	0.00429	0.01193	0.00647	0.00686
7	0.01891	0.01239	0.01355	0.01068	0.01519	0.04242	0.00854	0.10948	0.04911	0.16475	0.01829	0.01896	0.01355	0.00696	0.00561	0.00156	0.00533	0.00550	0.19024	0.28898
8	0.75125	0.01342	0.01065	0.00933	0.01358	0.01549	0.00769	0.07193	0.01296	0.03104	0.00986	0.01130	0.00758	0.00637	0.00435	0.00207	0.00536	0.00382	0.00435	0.00758
9	0.01589	0.03781	0.01891	0.06669	0.02077	0.06783	0.09325	0.03706	0.07398	0.05209	0.01564	0.07317	0.01353	0.00771	0.00747	0.00178	0.06833	0.00640	0.00435	0.31733
10	0.81159	0.01298	0.00986	0.00882	0.01298	0.01505	0.00727	0.01972	0.01142	0.03010	0.00934	0.01090	0.00727	0.00623	0.00415	0.00208	0.00519	0.00363	0.00415	0.00727
11	0.01604	0.01188	0.01312	0.01169	0.01494	0.01301	0.00910	0.05533	0.40894	0.07944	0.17513	0.02991	0.02870	0.00986	0.00682	0.00214	0.00473	0.00830	0.09160	0.00932
12	0.01685	0.01359	0.02246	0.08115	0.30507	0.01356	0.09832	0.04350	0.03843	0.11110	0.05676	0.02857	0.03984	0.00878	0.00726	0.00222	0.00744	0.09092	0.00482	0.00939
13	0.01098	0.03495	0.07161	0.01449	0.06910	0.00970	0.07698	0.01448	0.05497	0.01883	0.03142	0.36529	0.09828	0.06002	0.00944	0.00270	0.00580	0.03876	0.00525	0.00693
14	0.01202	0.01475	0.11642	0.07340	0.02390	0.01170	0.24812	0.01621	0.01516	0.02024	0.08110	0.12411	0.16590	0.01119	0.00775	0.00232	0.00758	0.03592	0.00463	0.00758
15	0.01757	0.08507	0.11453	0.03621	0.11387	0.16921	0.11012	0.04674	0.03763	0.02011	0.01228	0.01531	0.01002	0.00861	0.03686	0.00233	0.08454	0.00550	0.00351	0.06998
16	0.01017	0.00881	0.04252	0.01092	0.01216	0.00920	0.00866	0.01223	0.01068	0.01532	0.01771	0.02869	0.01744	0.19698	0.50349	0.00892	0.06911	0.00754	0.00361	0.00586
17	0.01762	0.07989	0.19581	0.05465	0.16139	0.13625	0.04614	0.07469	0.07173	0.02219	0.01325	0.01537	0.01032	0.00657	0.00626	0.00191	0.00878	0.00534	0.00376	0.06807
18	0.01197	0.03901	0.01270	0.01156	0.03481	0.01028	0.00867	0.04445	0.03580	0.04341	0.21910	0.10006	0.09946	0.05084	0.14749	0.00407	0.08541	0.02855	0.00550	0.00687

[dist]
# distance from previous block
# <min> <max>
0	7

[block]
# block no. 2 follows, 32 sequences, length 22
# corresponding to MSA columns:
# 93-114
name=unknown_C
#
# <colnr> <probs for GDERKNQSTAVLIFYWHMCP>
#	G	D	E	R	K	N	Q	S	T	A	V	L	I	F	Y	W	H	M	C	P
0	0.01742	0.01806	0.08016	0.07590	0.16202	0.06584	0.13507	0.08672	0.14167	0.04206	0.01592	0.01825	0.01223	0.00737	0.00789	0.00216	0.06211	0.00644	0.03315	0.00956
1	0.01678	0.08313	0.07569	0.06597	0.06476	0.09235	0.10657	0.07358	0.13429	0.04283	0.09853	0.05479	0.01943	0.00839	0.00675	0.00205	0.00762	0.00732	0.00486	0.03432
2	0.05010	0.00701	0.00819	0.00859	0.01024	0.00650	0.00647	0.01130	0.01535	0.02074	0.20169	0.23076	0.28351	0.01687	0.00805	0.00243	0.00390	0.09600	0.00638	0.00591
3	0.01825	0.19113	0.11765	0.10921	0.12205	0.16146	0.03736	0.04832	0.04237	0.03868	0.01233	0.01462	0.00981	0.00646	0.00595	0.00184	0.00877	0.00503	0.00357	0.04515
4	0.02237	0.00973	0.01298	0.01053	0.01443	0.00851	0.00847	0.02507	0.01887	0.46718	0.23735	0.03395	0.07972	0.01054	0.00718	0.00210	0.00478	0.00888	0.00788	0.00949
5	0.00800	0.00651	0.00709	0.00755	0.00926	0.00560	0.00543	0.00954	0.01457	0.01783	0.05878	0.27081	0.51931	0.01819	0.00812	0.00240	0.00355	0.01562	0.00623	0.00560
6	0.01663	0.01355	0.01458	0.05030	0.01750	0.04141	0.01019	0.15163	0.30847	0.04650	0.16506	0.03073	0.08403	0.01025	0.00708	0.00217	0.00557	0.00852	0.00658	0.00925
7	0.02836	0.01423	0.01731	0.01327	0.01853	0.01403	0.01096	0.28659	0.02390	0.46646	0.02253	0.02028	0.01463	0.00821	0.00673	0.00205	0.00635	0.00648	0.00770	0.01142
8	0.01711	0.01462	0.01541	0.01374	0.01761	0.01688	0.01072	0.06698	0.67820	0.02874	0.02678	0.02461	0.02005	0.00905	0.00682	0.00226	0.00541	0.00751	0.00682	0.01066
9	0.00975	0.00771	0.01134	0.06840	0.10374	0.00761	0.00901	0.01178	0.01396	0.01895	0.11632	0.52155	0.03976	0.01712	0.00810	0.00252	0.00470	0.01556	0.00576	0.00637
10	0.00923	0.00709	0.00942	0.01075	0.05860	0.00655	0.00707	0.01147	0.01584	0.02147	0.30839	0.31426	0.16189	0.01645	0.00807	0.00236	0.00380	0.01463	0.00648	0.00619
11	0.81159	0.01298	0.00986	0.00882	0.01298	0.01505	0.00727	0.01972	0.01142	0.03010	0.00934	0.01090	0.00727	0.00623	0.00415	0.00208	0.00519	0.00363	0.00415	0.00727
12	0.01767	0.12263	0.07834	0.01771	0.09686	0.14862	0.03296	0.06908	0.13608	0.02168	0.04041	0.01840	0.01397	0.02985	0.04128	0.00249	0.06383	0.00590	0.00426	0.03799
13	0.00952	0.00705	0.00892	0.00869	0.01025	0.00663	0.00642	0.01301	0.04918	0.02492	0.54233	0.15203	0.10615	0.01480	0.00796	0.00222	0.00338	0.01307	0.00711	0.00635
14	0.01555	0.04142	0.04619	0.12958	0.27459	0.03403	0.01538	0.06688	0.06756	0.04178	0.04282	0.04331	0.03511	0.01329	0.10030	0.00319	0.00882	0.00696	0.00423	0.00902
15	0.01172	0.00799	0.00933	0.00875	0.01057	0.00778	0.00641	0.06593	0.04211	0.04876	0.27714	0.11492	0.13671	0.12715	0.01145	0.00280	0.00427	0.01132	0.08837	0.00653
16	0.01499	0.04420	0.35517	0.05377	0.09129	0.05997	0.06188	0.04753	0.07690	0.02145	0.01491	0.04141	0.01211	0.03799	0.03542	0.00261	0.00931	0.00622	0.00365	0.00925
17	0.01514	0.08410	0.45900	0.01687	0.02488	0.01519	0.05137	0.05561	0.01537	0.06288	0.01589	0.04437	0.03621	0.00732	0.00636	0.00201	0.00857	0.00594	0.00372	0.06922
18	0.01211	0.10661	0.18545	0.01312	0.01776	0.01211	0.07859	0.01657	0.03316	0.02182	0.21215	0.07579	0.12587	0.01070	0.00696	0.00208	0.00617	0.00927	0.04603	0.00768
19	0.01465	0.10498	0.18905	0.03093	0.08073	0.02985	0.05414	0.04244	0.11779	0.02209	0.07336	0.06123	0.03350	0.03678	0.00753	0.00215	0.00720	0.00712	0.00441	0.08005
20	0.04660	0.04307	0.03309	0.05730	0.17236	0.07409	0.01276	0.09884	0.05793	0.10029	0.04813	0.04817	0.07042	0.00885	0.00660	0.00201	0.00678	0.03110	0.02516	0.05644
21	0.01625	0.11495	0.13669	0.01708	0.08273	0.04091	0.07931	0.05637	0.08982	0.06539	0.03571	0.05029	0.06094	0.00842	0.00654	0.00198	0.00726	0.03213	0.00461	0.09261

[dist]
# distance from previous block
# <min> <max>
0	44

[block]
# block no. 3 follows, 32 sequences, length 16
# corresponding to MSA columns:
# 164-179
name=unknown_D
#
# <colnr> <probs for GDERKNQSTAVLIFYWHMCP>
#	G	D	E	R	K	N	Q	S	T	A	V	L	I	F	Y	W	H	M	C	P
0	0.11290	0.15464	0.13881	0.07002	0.06991	0.06171	0.04294	0.12212	0.06853	0.02462	0.04699	0.01746	0.02744	0.00726	0.00601	0.00197	0.00767	0.00566	0.00426	0.00908
1	0.11927	0.14117	0.05397	0.06239	0.08238	0.10927	0.08244	0.13545	0.08422	0.02502	0.03414	0.01619	0.01200	0.00699	0.00606	0.00196	0.00800	0.00558	0.00435	0.00913
2	0.01410	0.04265	0.07680	0.52101	0.09730	0.07346	0.01816	0.01838	0.01407	0.01776	0.01261	0.04154	0.01020	0.00708	0.00660	0.00215	0.00896	0.00610	0.00314	0.00792
3	0.04580	0.08526	0.03583	0.01276	0.04581	0.01167	0.07217	0.01744	0.10974	0.02191	0.14642	0.09304	0.20394	0.01158	0.00703	0.00209	0.00531	0.01002	0.00546	0.05671
4	0.01113	0.01308	0.13168	0.01139	0.01479	0.00999	0.01055	0.01694	0.12166	0.02225	0.19414	0.06995	0.22289	0.01332	0.00824	0.00233	0.03639	0.07601	0.00587	0.00740
5	0.01516	0.01520	0.04728	0.13868	0.50569	0.01489	0.04852	0.01926	0.01516	0.02122	0.04625	0.02067	0.04837	0.00698	0.00682	0.00206	0.00788	0.00671	0.00358	0.00964
6	0.01348	0.03449	0.01600	0.06851	0.07227	0.06990	0.06668	0.03536	0.10073	0.02036	0.11766	0.10212	0.05447	0.14365	0.05204	0.00340	0.00733	0.00933	0.00493	0.00729
7	0.00972	0.00750	0.00960	0.01076	0.05793	0.00717	0.00732	0.01168	0.01423	0.01865	0.13887	0.08263	0.24019	0.17314	0.07474	0.00396	0.00599	0.11455	0.00553	0.00586
8	0.01233	0.01404	0.10840	0.11886	0.17136	0.01177	0.04850	0.01705	0.05851	0.02048	0.06785	0.10086	0.17138	0.01106	0.00733	0.00226	0.00664	0.03859	0.00469	0.00804
9	0.00910	0.00680	0.00845	0.00813	0.00981	0.00615	0.00606	0.01187	0.01793	0.02460	0.54951	0.08428	0.20310	0.01474	0.00795	0.00217	0.00325	0.01287	0.00709	0.00615
10	0.02319	0.01760	0.01944	0.07726	0.02249	0.01973	0.01295	0.54937	0.12476	0.03817	0.01732	0.01751	0.01247	0.00809	0.00673	0.00207	0.00723	0.00625	0.00641	0.01097
11	0.00942	0.00686	0.00886	0.00836	0.00998	0.00630	0.00627	0.01251	0.01881	0.02647	0.68661	0.05084	0.09576	0.01388	0.00791	0.00212	0.00318	0.01223	0.00733	0.00630
12	0.13345	0.01247	0.01510	0.01436	0.07467	0.01311	0.03858	0.17508	0.07565	0.07023	0.13212	0.12558	0.04956	0.03084	0.00761	0.00230	0.00570	0.00905	0.00597	0.00856
13	0.01886	0.18008	0.02670	0.01843	0.05728	0.17977	0.15426	0.07912	0.01664	0.02050	0.01148	0.01409	0.00947	0.00663	0.00744	0.00183	0.07572	0.00523	0.00361	0.11285
14	0.10282	0.07031	0.05044	0.08010	0.09116	0.13989	0.06672	0.12095	0.05058	0.02390	0.02851	0.01940	0.03815	0.00782	0.00698	0.00204	0.03933	0.02721	0.00430	0.02939
15	0.05939	0.04578	0.16414	0.03696	0.05075	0.23551	0.01459	0.08142	0.09087	0.05763	0.01490	0.03562	0.01181	0.00891	0.03181	0.00226	0.00918	0.00561	0.00430	0.03854

[dist]
# distance from previous block
# <min> <max>
0	13

[block]
# block no. 4 follows, 32 sequences, length 59
# corresponding to MSA columns:
# 193-251
name=unknown_E
#
# <colnr> <probs for GDERKNQSTAVLIFYWHMCP>
#	G	D	E	R	K	N	Q	S	T	A	V	L	I	F	Y	W	H	M	C	P
0	0.01975	0.30372	0.02630	0.06873	0.12961	0.21937	0.01383	0.06671	0.05742	0.01944	0.01180	0.01371	0.00983	0.00652	0.00562	0.00174	0.00868	0.00472	0.00359	0.00891
1	0.06491	0.19191	0.12180	0.01553	0.04040	0.27678	0.01353	0.06301	0.05641	0.01993	0.01239	0.01495	0.01037	0.04143	0.02792	0.00227	0.00943	0.00487	0.00369	0.00848
2	0.01747	0.48219	0.13810	0.01527	0.03609	0.04943	0.06491	0.04905	0.01467	0.01833	0.01042	0.01246	0.00889	0.00633	0.00615	0.00174	0.05208	0.00443	0.00310	0.00890
3	0.09152	0.00887	0.00942	0.00872	0.00992	0.00935	0.00572	0.10935	0.01318	0.01908	0.01997	0.06916	0.02175	0.54718	0.02609	0.00525	0.00638	0.00904	0.00455	0.00550
4	0.02464	0.01370	0.01519	0.01234	0.01682	0.07412	0.00993	0.09547	0.10851	0.41577	0.05109	0.02653	0.08654	0.00929	0.00685	0.00209	0.00606	0.00748	0.00731	0.01027
5	0.02297	0.05180	0.06002	0.01819	0.06205	0.60169	0.01371	0.02519	0.01820	0.01708	0.01300	0.01466	0.03872	0.00722	0.00613	0.00178	0.01122	0.00485	0.00351	0.00800
6	0.01996	0.02414	0.01632	0.01507	0.01770	0.49249	0.01135	0.02160	0.01701	0.01669	0.02057	0.10580	0.10238	0.01028	0.00809	0.00203	0.07983	0.00742	0.00408	0.00720
7	0.00818	0.00584	0.00779	0.00934	0.00973	0.00545	0.00623	0.00934	0.01285	0.01713	0.03698	0.75981	0.04438	0.02102	0.00856	0.00273	0.00389	0.01908	0.00623	0.00545
8	0.01391	0.01193	0.01391	0.00994	0.01590	0.00894	0.00795	0.01690	0.01391	0.02186	0.01193	0.01391	0.00994	0.00497	0.00497	0.00099	0.00497	0.00398	0.00398	0.80521
9	0.01621	0.01519	0.02554	0.15447	0.53666	0.01574	0.04180	0.04995	0.01568	0.02212	0.01297	0.01709	0.01057	0.00623	0.00664	0.00203	0.00807	0.00605	0.02702	0.00996
10	0.01346	0.03471	0.72942	0.01912	0.02904	0.01558	0.02479	0.02125	0.01417	0.02125	0.01204	0.01417	0.00850	0.00637	0.00637	0.00212	0.00992	0.00496	0.00283	0.00992
11	0.77056	0.03108	0.01071	0.00913	0.01330	0.03605	0.00753	0.01994	0.01169	0.02938	0.00937	0.01093	0.00734	0.00624	0.00421	0.00205	0.00543	0.00365	0.00410	0.00731
12	0.01900	0.66266	0.03300	0.01210	0.01773	0.04693	0.01167	0.09631	0.01580	0.01877	0.01012	0.01140	0.00892	0.00603	0.00463	0.00151	0.00734	0.00388	0.00332	0.00890
13	0.00847	0.00682	0.00755	0.00737	0.00940	0.00589	0.00552	0.01068	0.01657	0.02116	0.29287	0.05958	0.49282	0.01586	0.00792	0.00221	0.00332	0.01346	0.00663	0.00589
14	0.00937	0.00685	0.00879	0.00830	0.00994	0.00628	0.00623	0.01241	0.01868	0.02617	0.66423	0.05133	0.11833	0.01399	0.00792	0.00212	0.00319	0.01230	0.00729	0.00628
15	0.00818	0.00584	0.00779	0.00934	0.00973	0.00545	0.00623	0.00934	0.01285	0.01713	0.03698	0.75981	0.04438	0.02102	0.00856	0.00273	0.00389	0.01908	0.00623	0.00545
16	0.06575	0.01077	0.01220	0.01051	0.01405	0.01107	0.00832	0.02730	0.22577	0.25066	0.04128	0.02412	0.01855	0.00841	0.00604	0.00199	0.00473	0.00681	0.24239	0.00928
17	0.01305	0.01231	0.02081	0.68028	0.11105	0.01501	0.01882	0.01747	0.01360	0.01760	0.01199	0.01777	0.00911	0.00664	0.00670	0.00221	0.00885	0.00596	0.00301	0.00776
18	0.00934	0.00685	0.00875	0.00828	0.00993	0.00626	0.00621	0.01236	0.01862	0.02602	0.65314	0.05158	0.12952	0.01405	0.00792	0.00213	0.00319	0.01234	0.00727	0.00626
19	0.01641	0.01390	0.01462	0.01301	0.01676	0.01575	0.01016	0.08832	0.57260	0.02811	0.03109	0.02888	0.10093	0.00993	0.00695	0.00225	0.00526	0.00822	0.00675	0.01011
20	0.01277	0.01203	0.02031	0.72996	0.06353	0.01493	0.01868	0.01723	0.01346	0.01727	0.01194	0.01786	0.00899	0.00669	0.00671	0.00223	0.00892	0.00596	0.00299	0.00754
21	0.00797	0.00665	0.00695	0.00719	0.00917	0.00563	0.00527	0.00959	0.01492	0.01797	0.06318	0.17208	0.61520	0.01762	0.00803	0.00234	0.00348	0.01492	0.00623	0.00563
22	0.02327	0.01821	0.01923	0.05469	0.02159	0.04929	0.01271	0.52003	0.14795	0.03740	0.01759	0.01759	0.01274	0.00812	0.00670	0.00206	0.00730	0.00623	0.00640	0.01091
23	0.01216	0.00926	0.01350	0.01252	0.01453	0.00910	0.08935	0.09322	0.03564	0.04695	0.03110	0.53662	0.03476	0.01687	0.00815	0.00255	0.00529	0.01544	0.00604	0.00694
24	0.01584	0.01810	0.03959	0.02828	0.03507	0.01697	0.69796	0.02149	0.01584	0.02149	0.01357	0.01810	0.01018	0.00566	0.00792	0.00226	0.01131	0.00792	0.00339	0.00905
25	0.01328	0.01276	0.01983	0.64930	0.06812	0.04735	0.01803	0.01753	0.01385	0.01744	0.01315	0.02069	0.01059	0.00733	0.00681	0.00225	0.00890	0.04206	0.00319	0.00752
26	0.02677	0.01070	0.01438	0.01127	0.01595	0.00926	0.00922	0.02934	0.01890	0.61692	0.08638	0.02817	0.07259	0.00939	0.00693	0.00209	0.00533	0.00774	0.00808	0.01057
27	0.02446	0.03008	0.01878	0.01693	0.02050	0.65127	0.01278	0.05801	0.07086	0.01846	0.01189	0.01324	0.00965	0.00713	0.00614	0.00178	0.01138	0.00464	0.00386	0.00815
28	0.00933	0.00673	0.00882	0.00855	0.00999	0.00622	0.00632	0.01225	0.01822	0.02568	0.63334	0.13907	0.06094	0.01463	0.00800	0.00219	0.00326	0.01300	0.00724	0.00622
29	0.01364	0.06492	0.70083	0.01881	0.02855	0.01603	0.02424	0.02120	0.01414	0.02102	0.01193	0.01403	0.00850	0.00635	0.00629	0.00210	0.00980	0.00490	0.00283	0.00986
30	0.00793	0.00680	0.00680	0.00680	0.00906	0.00566	0.00510	0.00963	0.01529	0.01813	0.06797	0.06457	0.71961	0.01699	0.00793	0.00227	0.00340	0.01416	0.00623	0.00566
31	0.00820	0.00599	0.00772	0.00901	0.00967	0.00551	0.00610	0.00952	0.01339	0.01766	0.06932	0.64914	0.12360	0.02025	0.00846	0.00265	0.00380	0.01821	0.00628	0.00551
32	0.12087	0.01160	0.01491	0.01158	0.01665	0.01046	0.00956	0.03119	0.01830	0.64604	0.02448	0.02145	0.01552	0.00806	0.00645	0.00208	0.00565	0.00639	0.00782	0.01094
33	0.00945	0.00676	0.00871	0.00836	0.00969	0.00630	0.00606	0.01213	0.01756	0.02472	0.59772	0.09107	0.05768	0.10131	0.01100	0.00266	0.00360	0.01227	0.00693	0.00602
34	0.01474	0.03144	0.58984	0.01988	0.02905	0.01618	0.10197	0.07817	0.01582	0.02304	0.01256	0.01479	0.00894	0.00643	0.00658	0.00213	0.00987	0.00539	0.00322	0.00994
35	0.06606	0.10074	0.01981	0.01588	0.01970	0.53909	0.01230	0.05318	0.07761	0.01912	0.01189	0.01317	0.00969	0.00700	0.00587	0.00178	0.01048	0.00456	0.00385	0.00822
36	0.01747	0.01878	0.09298	0.07090	0.31747	0.06369	0.10951	0.07586	0.08517	0.03855	0.01442	0.01723	0.01125	0.00677	0.00723	0.00210	0.03047	0.00621	0.00398	0.00996
37	0.01792	0.01639	0.01530	0.03046	0.01787	0.16036	0.00990	0.02415	0.16963	0.07960	0.01798	0.01844	0.03500	0.00698	0.00588	0.00159	0.00662	0.00544	0.00490	0.35556
38	0.01308	0.00991	0.01121	0.01012	0.01277	0.00994	0.00790	0.18096	0.03713	0.02671	0.22613	0.11697	0.24325	0.01420	0.00774	0.00226	0.00457	0.05109	0.00667	0.00739
39	0.01391	0.01193	0.01391	0.00994	0.01590	0.00894	0.00795	0.01690	0.01391	0.02186	0.01193	0.01391	0.00994	0.00497	0.00497	0.00099	0.00497	0.00398	0.00398	0.80521
40	0.00904	0.00749	0.00869	0.00932	0.04745	0.00669	0.00642	0.01170	0.03655	0.02071	0.21995	0.08288	0.47803	0.01553	0.00785	0.00223	0.00366	0.01322	0.00637	0.00623
41	0.01794	0.76823	0.03516	0.01148	0.01722	0.02655	0.01148	0.02009	0.01363	0.01579	0.00933	0.01076	0.00861	0.00574	0.00431	0.00144	0.00718	0.00359	0.00287	0.00861
42	0.14903	0.01721	0.01797	0.01412	0.01906	0.01918	0.01163	0.55272	0.02717	0.03882	0.01515	0.01587	0.01106	0.01020	0.04832	0.00253	0.00765	0.00573	0.00613	0.01044
43	0.81159	0.01298	0.00986	0.00882	0.01298	0.01505	0.00727	0.01972	0.01142	0.03010	0.00934	0.01090	0.00727	0.00623	0.00415	0.00208	0.00519	0.00363	0.00415	0.00727
44	0.00973	0.00726	0.00882	0.00836	0.01019	0.00680	0.00629	0.01353	0.05760	0.02529	0.53410	0.05042	0.17972	0.01384	0.00774	0.00213	0.00333	0.01203	0.03638	0.00645
45	0.81159	0.01298	0.00986	0.00882	0.01298	0.01505	0.00727	0.01972	0.01142	0.03010	0.00934	0.01090	0.00727	0.00623	0.00415	0.00208	0.00519	0.00363	0.00415	0.00727
46	0.02425	0.01817	0.01943	0.01518	0.02033	0.02022	0.01245	0.60504	0.12852	0.04026	0.01771	0.01738	0.01271	0.00820	0.00673	0.00205	0.00709	0.00626	0.00673	0.01130
47	0.02381	0.02960	0.02023	0.02083	0.12472	0.63035	0.01410	0.02587	0.01846	0.01724	0.01071	0.01277	0.00894	0.00678	0.00614	0.00177	0.01149	0.00457	0.00344	0.00820
48	0.81159	0.01298	0.00986	0.00882	0.01298	0.01505	0.00727	0.01972	0.01142	0.03010	0.00934	0.01090	0.00727	0.00623	0.00415	0.00208	0.00519	0.00363	0.00415	0.00727
49	0.02110	0.01669	0.01745	0.01463	0.01830	0.08985	0.01178	0.28993	0.13214	0.09660	0.03366	0.06827	0.01701	0.00997	0.00885	0.00224	0.10103	0.03476	0.00604	0.00971
50	0.69158	0.01393	0.01113	0.00970	0.01396	0.04169	0.00795	0.06090	0.01333	0.07011	0.01076	0.01193	0.00810	0.00648	0.00452	0.00206	0.00560	0.00398	0.00452	0.00777
51	0.01015	0.00985	0.05753	0.01018	0.03788	0.00800	0.00801	0.01438	0.07480	0.02271	0.29878	0.04890	0.31733	0.01356	0.00757	0.00214	0.00413	0.01157	0.00629	0.03624
52	0.01118	0.00871	0.01029	0.00943	0.01177	0.00852	0.00717	0.03793	0.13205	0.02585	0.43758	0.07093	0.13382	0.01299	0.00756	0.00212	0.00381	0.01127	0.00690	0.05013
53	0.11976	0.01135	0.01455	0.01139	0.01626	0.01027	0.00937	0.03011	0.01829	0.60831	0.06179	0.02292	0.01804	0.00836	0.00651	0.00208	0.00551	0.00668	0.00777	0.01066
54	0.01959	0.01130	0.01509	0.01171	0.01620	0.01002	0.04579	0.08049	0.01880	0.27647	0.20901	0.02732	0.02691	0.00883	0.00671	0.00184	0.00529	0.00756	0.00665	0.19441
55	0.46647	0.01708	0.01685	0.01457	0.04393	0.14054	0.11155	0.03691	0.01431	0.04930	0.01126	0.01321	0.00868	0.00640	0.00529	0.00203	0.00742	0.00469	0.02156	0.00795
56	0.73309	0.01408	0.04890	0.00952	0.01403	0.01485	0.00833	0.02040	0.01192	0.06127	0.01027	0.01162	0.00776	0.00633	0.00439	0.00208	0.00547	0.00385	0.00427	0.00760
57	0.81159	0.01298	0.00986	0.00882	0.01298	0.01505	0.00727	0.01972	0.01142	0.03010	0.00934	0.01090	0.00727	0.00623	0.00415	0.00208	0.00519	0.00363	0.00415	0.00727
58	0.02453	0.01891	0.01935	0.01508	0.02017	0.06118	0.01235	0.62406	0.02995	0.03950	0.01857	0.01849	0.04942	0.00847	0.00674	0.00201	0.00744	0.00638	0.00650	0.01089

[dist]
# distance from previous block
# <min> <max>
0	2

[block]
# block no. 5 follows, 32 sequences, length 107
# corresponding to MSA columns:
# 254-360
name=unknown_F
#
# <colnr> <probs for GDERKNQSTAVLIFYWHMCP>
#	G	D	E	R	K	N	Q	S	T	A	V	L	I	F	Y	W	H	M	C	P
0	0.02448	0.01297	0.01727	0.01350	0.01832	0.01257	0.06110	0.13402	0.10777	0.40809	0.07387	0.02497	0.04167	0.00883	0.00696	0.00211	0.00608	0.00745	0.00738	0.01060
1	0.06378	0.01440	0.01546	0.01441	0.04197	0.01646	0.01095	0.08552	0.55747	0.02871	0.02526	0.02567	0.01953	0.00920	0.00677	0.00227	0.00560	0.03978	0.00651	0.01027
2	0.00964	0.00653	0.00767	0.00777	0.00791	0.00661	0.00461	0.00994	0.01005	0.01352	0.02188	0.08882	0.02499	0.64964	0.09776	0.00666	0.00740	0.01013	0.00416	0.00433
3	0.02551	0.01879	0.02014	0.01544	0.02081	0.02081	0.01275	0.69996	0.03155	0.04229	0.01611	0.01611	0.01141	0.00805	0.00671	0.00201	0.00738	0.00604	0.00671	0.01141
4	0.00932	0.00695	0.00872	0.00857	0.01029	0.00636	0.00661	0.01215	0.01775	0.02414	0.49212	0.05644	0.20380	0.01503	0.00808	0.00227	0.00359	0.09467	0.00698	0.00617
5	0.02617	0.01772	0.01947	0.01493	0.02027	0.01922	0.01233	0.60308	0.02976	0.14170	0.01761	0.01709	0.01217	0.00809	0.00672	0.00202	0.00714	0.00614	0.00694	0.01141
6	0.01580	0.01799	0.03898	0.02793	0.03450	0.01708	0.67580	0.02132	0.01566	0.02132	0.01342	0.01799	0.01014	0.00585	0.00838	0.00228	0.03533	0.00785	0.00338	0.00899
7	0.02343	0.01097	0.01405	0.01133	0.01554	0.01018	0.00915	0.07087	0.07445	0.44902	0.17014	0.03021	0.06041	0.00989	0.00705	0.00210	0.00515	0.00824	0.00780	0.01003
8	0.02512	0.01791	0.01947	0.01489	0.02028	0.01940	0.01228	0.61646	0.02971	0.08560	0.01654	0.01642	0.01166	0.00789	0.00661	0.00196	0.00713	0.00597	0.00666	0.05804
9	0.02597	0.01805	0.01968	0.01509	0.02044	0.01971	0.01246	0.63281	0.03031	0.11120	0.01715	0.01679	0.01193	0.00808	0.00672	0.00202	0.00722	0.00611	0.00687	0.01141
10	0.01794	0.76823	0.03516	0.01148	0.01722	0.02655	0.01148	0.02009	0.01363	0.01579	0.00933	0.01076	0.00861	0.00574	0.00431	0.00144	0.00718	0.00359	0.00287	0.00861
11	0.00851	0.00607	0.00802	0.00916	0.00968	0.00577	0.00617	0.00986	0.01316	0.01778	0.10830	0.59095	0.04349	0.08047	0.04602	0.00335	0.00471	0.01701	0.00605	0.00546
12	0.77331	0.01326	0.01036	0.00915	0.01336	0.01533	0.00753	0.05285	0.01240	0.03070	0.00967	0.01115	0.00747	0.00632	0.00428	0.00207	0.00530	0.00375	0.00428	0.00747
13	0.01381	0.09166	0.67552	0.01853	0.02812	0.01643	0.02376	0.02116	0.01412	0.02083	0.01183	0.01390	0.00851	0.00633	0.00621	0.00207	0.00970	0.00485	0.00284	0.00982
14	0.01613	0.01387	0.01486	0.01314	0.01713	0.01539	0.01029	0.03251	0.59740	0.02700	0.02563	0.02535	0.01976	0.00890	0.00667	0.00214	0.00530	0.03007	0.00644	0.11203
15	0.00976	0.00651	0.00732	0.00732	0.00732	0.00651	0.00407	0.00976	0.00976	0.01301	0.02114	0.04391	0.02439	0.76419	0.03415	0.00651	0.00651	0.00976	0.00407	0.00407
16	0.01294	0.01220	0.02061	0.69983	0.09235	0.01498	0.01877	0.01738	0.01354	0.01747	0.01197	0.01780	0.00906	0.00666	0.00670	0.00222	0.00888	0.00596	0.00300	0.00767
17	0.81159	0.01298	0.00986	0.00882	0.01298	0.01505	0.00727	0.01972	0.01142	0.03010	0.00934	0.01090	0.00727	0.00623	0.00415	0.00208	0.00519	0.00363	0.00415	0.00727
18	0.00855	0.00707	0.00757	0.00768	0.00974	0.00625	0.00575	0.01111	0.04594	0.01915	0.10819	0.13574	0.54695	0.01689	0.00799	0.00233	0.00361	0.03721	0.00634	0.00593
19	0.00801	0.00668	0.00699	0.00718	0.00918	0.00566	0.00528	0.00969	0.01510	0.01828	0.08521	0.15297	0.61193	0.01740	0.00801	0.00232	0.00345	0.01472	0.00627	0.00566
20	0.01421	0.01275	0.02013	0.66012	0.04316	0.01562	0.01793	0.09910	0.01559	0.02016	0.01243	0.01768	0.00924	0.00687	0.00671	0.00221	0.00876	0.00597	0.00343	0.00793
21	0.02609	0.01785	0.01955	0.01499	0.02034	0.01941	0.01238	0.61474	0.02997	0.12974	0.01743	0.01697	0.01207	0.00809	0.00672	0.00202	0.00717	0.00613	0.00692	0.01141
22	0.01546	0.01736	0.03726	0.11468	0.03641	0.01672	0.61642	0.02097	0.01555	0.02097	0.01338	0.01807	0.01003	0.00578	0.00777	0.00226	0.01103	0.00768	0.00334	0.00886
23	0.01794	0.76823	0.03516	0.01148	0.01722	0.02655	0.01148	0.02009	0.01363	0.01579	0.00933	0.01076	0.00861	0.00574	0.00431	0.00144	0.00718	0.00359	0.00287	0.00861
24	0.00944	0.00686	0.00889	0.00838	0.00999	0.00631	0.00629	0.01256	0.01887	0.02660	0.69626	0.05062	0.08604	0.01383	0.00791	0.00212	0.00317	0.01220	0.00735	0.00631
25	0.01267	0.01193	0.02013	0.74806	0.04621	0.01491	0.01863	0.01714	0.01342	0.01714	0.01193	0.01789	0.00894	0.00671	0.00671	0.00224	0.00894	0.00596	0.00298	0.00745
26	0.02927	0.01277	0.01641	0.01258	0.01780	0.01186	0.01039	0.15453	0.02146	0.60197	0.02458	0.02161	0.01566	0.00826	0.00674	0.00206	0.00602	0.00662	0.00801	0.01142
27	0.01676	0.01432	0.01514	0.01355	0.01732	0.01650	0.01056	0.05801	0.66410	0.02853	0.04944	0.02554	0.02156	0.00922	0.00686	0.00226	0.00531	0.00768	0.00684	0.01051
28	0.01693	0.42799	0.29160	0.01485	0.02194	0.08786	0.01656	0.02114	0.01433	0.01787	0.01043	0.01215	0.00857	0.00608	0.00523	0.00172	0.00865	0.00416	0.00291	0.00902
29	0.01267	0.01193	0.02013	0.74806	0.04621	0.01491	0.01863	0.01714	0.01342	0.01714	0.01193	0.01789	0.00894	0.00671	0.00671	0.00224	0.00894	0.00596	0.00298	0.00745
30	0.01794	0.76823	0.03516	0.01148	0.01722	0.02655	0.01148	0.02009	0.01363	0.01579	0.00933	0.01076	0.00861	0.00574	0.00431	0.00144	0.00718	0.00359	0.00287	0.00861
31	0.01601	0.01446	0.02215	0.34124	0.19163	0.01629	0.05703	0.10924	0.11991	0.02336	0.01501	0.01844	0.01143	0.00701	0.00678	0.00216	0.00812	0.00633	0.00414	0.00925
32	0.00950	0.00686	0.00897	0.00844	0.01002	0.00633	0.00633	0.01266	0.01899	0.02691	0.71879	0.05012	0.06331	0.01372	0.00791	0.00211	0.00317	0.01213	0.00739	0.00633
33	0.01608	0.01527	0.02588	0.03875	0.66945	0.01523	0.01953	0.02000	0.01555	0.02229	0.06505	0.01910	0.01454	0.00655	0.00674	0.00200	0.00761	0.00644	0.00362	0.01031
34	0.00927	0.00710	0.00869	0.00917	0.01097	0.00651	0.00738	0.01175	0.01604	0.02063	0.19339	0.08974	0.32038	0.01698	0.00841	0.00254	0.00433	0.24429	0.00646	0.00598
35	0.00920	0.00727	0.00845	0.00876	0.01074	0.00666	0.00695	0.01204	0.03995	0.02020	0.15107	0.08626	0.40715	0.01677	0.00825	0.00247	0.00415	0.18122	0.00640	0.00606
36	0.01537	0.28305	0.46994	0.01647	0.02475	0.04403	0.01988	0.02105	0.01415	0.01923	0.01107	0.01294	0.00854	0.00618	0.00566	0.00188	0.00906	0.00447	0.00287	0.00940
37	0.02071	0.01357	0.01413	0.01151	0.01527	0.03909	0.00927	0.34200	0.02300	0.09669	0.01916	0.02014	0.01410	0.00794	0.00588	0.00183	0.00569	0.00613	0.32465	0.00922
38	0.00974	0.00659	0.00773	0.00773	0.00788	0.00673	0.00458	0.01002	0.00988	0.01332	0.02076	0.04181	0.02348	0.67862	0.11847	0.00702	0.00788	0.00945	0.00401	0.00430
39	0.01577	0.01509	0.02573	0.19127	0.57878	0.01572	0.02018	0.01986	0.01488	0.02091	0.01247	0.01688	0.01027	0.00613	0.00666	0.00204	0.00818	0.00598	0.00325	0.00995
40	0.01391	0.01193	0.01391	0.00994	0.01590	0.00894	0.00795	0.01690	0.01391	0.02186	0.01193	0.01391	0.00994	0.00497	0.00497	0.00099	0.00497	0.00398	0.00398	0.80521
41	0.81159	0.01298	0.00986	0.00882	0.01298	0.01505	0.00727	0.01972	0.01142	0.03010	0.00934	0.01090	0.00727	0.00623	0.00415	0.00208	0.00519	0.00363	0.00415	0.00727
42	0.01794	0.76823	0.03516	0.01148	0.01722	0.02655	0.01148	0.02009	0.01363	0.01579	0.00933	0.01076	0.00861	0.00574	0.00431	0.00144	0.00718	0.00359	0.00287	0.00861
43	0.00793	0.00680	0.00680	0.00680	0.00906	0.00566	0.00510	0.00963	0.01529	0.01813	0.06797	0.06457	0.71961	0.01699	0.00793	0.00227	0.00340	0.01416	0.00623	0.00566
44	0.00918	0.00681	0.00856	0.00820	0.00985	0.00618	0.00612	0.01202	0.01813	0.02505	0.58288	0.08027	0.17277	0.01455	0.00794	0.00216	0.00323	0.01275	0.00715	0.00618
45	0.01322	0.01248	0.02111	0.64984	0.14016	0.01505	0.01891	0.01762	0.01368	0.01781	0.01202	0.01771	0.00918	0.00661	0.00670	0.00220	0.00881	0.00597	0.00303	0.00789
46	0.03010	0.01142	0.01557	0.01194	0.01713	0.00986	0.00986	0.03270	0.01920	0.72698	0.02647	0.02284	0.01661	0.00830	0.00675	0.00208	0.00571	0.00675	0.00830	0.01142
47	0.01565	0.01845	0.06209	0.05192	0.03524	0.01685	0.65278	0.02134	0.01570	0.02134	0.01347	0.01796	0.01008	0.00572	0.00783	0.00226	0.01119	0.00775	0.00336	0.00903
48	0.00927	0.00685	0.00866	0.00820	0.00989	0.00624	0.00615	0.01223	0.01846	0.02564	0.62500	0.05220	0.15790	0.01419	0.00792	0.00213	0.00320	0.01243	0.00722	0.00624
49	0.00813	0.00603	0.00759	0.00885	0.00960	0.00549	0.00601	0.00940	0.01332	0.01732	0.04300	0.62474	0.17556	0.02024	0.00844	0.00264	0.00380	0.01812	0.00623	0.00549
50	0.02551	0.01879	0.02014	0.01544	0.02081	0.02081	0.01275	0.69996	0.03155	0.04229	0.01611	0.01611	0.01141	0.00805	0.00671	0.00201	0.00738	0.00604	0.00671	0.01141
51	0.00818	0.00584	0.00779	0.00934	0.00973	0.00545	0.00623	0.00934	0.01285	0.01713	0.03698	0.75981	0.04438	0.02102	0.00856	0.00273	0.00389	0.01908	0.00623	0.00545
52	0.81159	0.01298	0.00986	0.00882	0.01298	0.01505	0.00727	0.01972	0.01142	0.03010	0.00934	0.01090	0.00727	0.00623	0.00415	0.00208	0.00519	0.00363	0.00415	0.00727
53	0.01794	0.76823	0.03516	0.01148	0.01722	0.02655	0.01148	0.02009	0.01363	0.01579	0.00933	0.01076	0.00861	0.00574	0.00431	0.00144	0.00718	0.00359	0.00287	0.00861
54	0.81159	0.01298	0.00986	0.00882	0.01298	0.01505	0.00727	0.01972	0.01142	0.03010	0.00934	0.01090	0.00727	0.00623	0.00415	0.00208	0.00519	0.00363	0.00415	0.00727
55	0.02007	0.01811	0.01676	0.01439	0.01840	0.14212	0.01130	0.21861	0.34728	0.02994	0.07394	0.02220	0.01915	0.00878	0.00674	0.00209	0.00691	0.00693	0.00625	0.01002
56	0.02438	0.03084	0.01912	0.01731	0.02054	0.69018	0.01308	0.02609	0.01844	0.01640	0.01027	0.01227	0.00865	0.00723	0.00710	0.00181	0.06069	0.00442	0.00342	0.00775
57	0.00959	0.00719	0.01078	0.01078	0.01198	0.00839	0.00839	0.01198	0.01078	0.01558	0.01797	0.02636	0.01677	0.05032	0.73760	0.01078	0.01797	0.00719	0.00359	0.00599
58	0.01071	0.00891	0.01223	0.01182	0.01295	0.03409	0.00929	0.01297	0.01100	0.01567	0.01662	0.02448	0.01555	0.04425	0.62737	0.00954	0.10587	0.00694	0.00351	0.00621
59	0.00833	0.00595	0.00795	0.00940	0.00989	0.00557	0.00639	0.00966	0.01324	0.01771	0.07013	0.70146	0.04510	0.02058	0.00856	0.00271	0.00394	0.04162	0.00628	0.00552
60	0.01883	0.01548	0.01638	0.01409	0.01826	0.01769	0.01114	0.19677	0.54561	0.03152	0.02459	0.02287	0.01828	0.00885	0.00680	0.00221	0.00581	0.00721	0.00680	0.01081
61	0.01669	0.01441	0.01517	0.01365	0.01745	0.01669	0.01062	0.03565	0.71021	0.02807	0.02731	0.02503	0.02048	0.00910	0.00683	0.00228	0.00531	0.00759	0.00683	0.01062
62	0.03010	0.01142	0.01557	0.01194	0.01713	0.00986	0.00986	0.03270	0.01920	0.72698	0.02647	0.02284	0.01661	0.00830	0.00675	0.00208	0.00571	0.00675	0.00830	0.01142
63	0.01368	0.01274	0.02113	0.62232	0.14065	0.01526	0.01870	0.04192	0.01432	0.01871	0.01217	0.01764	0.00927	0.00665	0.00670	0.00219	0.00875	0.00597	0.00316	0.00804
64	0.02475	0.06444	0.01973	0.01703	0.02059	0.70592	0.01290	0.02650	0.01878	0.01639	0.01033	0.01204	0.00864	0.00686	0.00597	0.00172	0.01188	0.00429	0.00343	0.00782
65	0.01756	0.69094	0.08321	0.01261	0.01867	0.02545	0.03682	0.02022	0.01375	0.01637	0.00967	0.01126	0.00866	0.00578	0.00458	0.00151	0.00751	0.00384	0.00289	0.00872
66	0.00818	0.00584	0.00779	0.00934	0.00973	0.00545	0.00623	0.00934	0.01285	0.01713	0.03698	0.75981	0.04438	0.02102	0.00856	0.00273	0.00389	0.01908	0.00623	0.00545
67	0.81159	0.01298	0.00986	0.00882	0.01298	0.01505	0.00727	0.01972	0.01142	0.03010	0.00934	0.01090	0.00727	0.00623	0.00415	0.00208	0.00519	0.00363	0.00415	0.00727
68	0.00950	0.00686	0.00897	0.00844	0.01002	0.00633	0.00633	0.01266	0.01899	0.02691	0.71879	0.05012	0.06331	0.01372	0.00791	0.00211	0.00317	0.01213	0.00739	0.00633
69	0.00939	0.00685	0.00882	0.00833	0.00996	0.00629	0.00625	0.01246	0.01874	0.02632	0.67499	0.05109	0.10748	0.01394	0.00791	0.00212	0.00318	0.01227	0.00731	0.00629
70	0.00976	0.00651	0.00732	0.00732	0.00732	0.00651	0.00407	0.00976	0.00976	0.01301	0.02114	0.04391	0.02439	0.76419	0.03415	0.00651	0.00651	0.00976	0.00407	0.00407
71	0.03010	0.01142	0.01557	0.01194	0.01713	0.00986	0.00986	0.03270	0.01920	0.72698	0.02647	0.02284	0.01661	0.00830	0.00675	0.00208	0.00571	0.00675	0.00830	0.01142
72	0.01443	0.01372	0.02330	0.43231	0.34823	0.01537	0.01951	0.01868	0.01425	0.01928	0.01224	0.01732	0.00970	0.00638	0.00668	0.00213	0.00851	0.00597	0.00313	0.00887
73	0.02898	0.01322	0.01669	0.01279	0.01803	0.01253	0.01057	0.19560	0.02222	0.55982	0.02394	0.02120	0.01534	0.00824	0.00674	0.00206	0.00612	0.00658	0.00792	0.01142
74	0.05623	0.11593	0.04021	0.01205	0.01619	0.06815	0.01002	0.17312	0.01881	0.20376	0.03717	0.02278	0.01582	0.14633	0.01123	0.00275	0.00687	0.00648	0.02718	0.00891
75	0.02466	0.03093	0.01908	0.04175	0.02160	0.69262	0.01315	0.04564	0.01918	0.01718	0.01059	0.01241	0.00873	0.00694	0.00609	0.00175	0.01186	0.00443	0.00353	0.00787
76	0.81159	0.01298	0.00986	0.00882	0.01298	0.01505	0.00727	0.01972	0.01142	0.03010	0.00934	0.01090	0.00727	0.00623	0.00415	0.00208	0.00519	0.00363	0.00415	0.00727
77	0.02833	0.03888	0.01577	0.01166	0.01663	0.01046	0.00966	0.03139	0.03751	0.64354	0.02562	0.02258	0.01645	0.00821	0.00655	0.00203	0.00561	0.00663	0.05150	0.01101
78	0.75768	0.01287	0.01026	0.00904	0.01326	0.01469	0.00745	0.02062	0.01196	0.07818	0.01052	0.01172	0.00791	0.00637	0.00433	0.00208	0.00523	0.00385	0.00444	0.00755
79	0.64392	0.01685	0.08320	0.01074	0.01546	0.07244	0.00965	0.04229	0.01294	0.02852	0.00991	0.01149	0.00763	0.00636	0.00461	0.00205	0.00628	0.00390	0.00405	0.00771
80	0.00902	0.00719	0.01128	0.01142	0.01251	0.00671	0.08216	0.01068	0.01317	0.01761	0.03441	0.67839	0.04062	0.01933	0.00849	0.00267	0.00471	0.01785	0.00592	0.00585
81	0.01081	0.00772	0.01081	0.01236	0.01390	0.00772	0.01081	0.01390	0.01545	0.02008	0.03553	0.07569	0.03862	0.01854	0.00927	0.00309	0.00618	0.67717	0.00618	0.00618
82	0.00959	0.00719	0.01078	0.01078	0.01198	0.00839	0.00839	0.01198	0.01078	0.01558	0.01797	0.02636	0.01677	0.05032	0.73760	0.01078	0.01797	0.00719	0.00359	0.00599
83	0.03010	0.01142	0.01557	0.01194	0.01713	0.00986	0.00986	0.03270	0.01920	0.72698	0.02647	0.02284	0.01661	0.00830	0.00675	0.00208	0.00571	0.00675	0.00830	0.01142
84	0.01022	0.00830	0.00928	0.00923	0.01133	0.00819	0.00690	0.01584	0.16698	0.02146	0.14817	0.19545	0.31073	0.01565	0.00786	0.00236	0.00397	0.03473	0.00653	0.00682
85	0.01794	0.76823	0.03516	0.01148	0.01722	0.02655	0.01148	0.02009	0.01363	0.01579	0.00933	0.01076	0.00861	0.00574	0.00431	0.00144	0.00718	0.00359	0.00287	0.00861
86	0.01166	0.00583	0.00874	0.00874	0.00874	0.00583	0.00583	0.00874	0.00874	0.01166	0.01166	0.02040	0.01166	0.02331	0.02622	0.80478	0.00583	0.00583	0.00291	0.00291
87	0.01493	0.01885	0.11347	0.02522	0.03149	0.01617	0.53099	0.02025	0.01510	0.02083	0.01486	0.07253	0.01245	0.00724	0.00862	0.00232	0.05410	0.00829	0.00351	0.00878
88	0.01652	0.01440	0.01525	0.01388	0.01729	0.03917	0.01099	0.05537	0.55266	0.02672	0.02639	0.02944	0.02123	0.01018	0.00781	0.00237	0.04205	0.08193	0.00645	0.00990
89	0.01081	0.00772	0.01081	0.01236	0.01390	0.00772	0.01081	0.01390	0.01545	0.02008	0.03553	0.07569	0.03862	0.01854	0.00927	0.00309	0.00618	0.67717	0.00618	0.00618
90	0.01316	0.00936	0.01086	0.00988	0.01251	0.00946	0.00760	0.02051	0.21373	0.08595	0.33808	0.04208	0.14827	0.01226	0.00740	0.00216	0.00403	0.01050	0.03434	0.00787
91	0.02451	0.01292	0.01563	0.01233	0.01682	0.01287	0.01007	0.25202	0.02267	0.35265	0.09547	0.02374	0.01984	0.01030	0.03344	0.00234	0.00628	0.00706	0.05871	0.01035
92	0.01363	0.01163	0.01362	0.00991	0.01560	0.00877	0.00787	0.01653	0.01386	0.02163	0.01315	0.05023	0.01162	0.00575	0.00514	0.00108	0.00492	0.00471	0.00409	0.76627
93	0.02162	0.01664	0.01726	0.01470	0.03909	0.08829	0.01136	0.36903	0.04939	0.09409	0.05820	0.07621	0.04060	0.03582	0.00839	0.00225	0.03349	0.00767	0.00619	0.00969
94	0.01765	0.01489	0.01571	0.01385	0.01781	0.01714	0.01085	0.10774	0.63657	0.02961	0.02609	0.02407	0.01950	0.00899	0.00681	0.00225	0.00554	0.00742	0.00681	0.01071
95	0.78050	0.01318	0.01102	0.00958	0.01384	0.01513	0.03425	0.01979	0.01159	0.02977	0.00951	0.01118	0.00738	0.00621	0.00430	0.00208	0.00543	0.00380	0.00412	0.00734
96	0.01890	0.01189	0.01282	0.01096	0.01426	0.06931	0.00849	0.06337	0.09580	0.24687	0.17283	0.03480	0.11760	0.08013	0.00962	0.00251	0.00554	0.00895	0.00680	0.00855
97	0.01547	0.01210	0.01426	0.01295	0.01629	0.01311	0.03373	0.04315	0.39445	0.07115	0.07612	0.03871	0.08329	0.01160	0.00747	0.00240	0.00546	0.13250	0.00667	0.00913
