[name]
unknown

[dist]
# distance from previous block
# <min> <max>
0	28

[block]
# block no. 0 follows, 34 sequences, length 51
# corresponding to MSA columns:
# 28-78
name=unknown_A
#
# <colnr> <probs for GDERKNQSTAVLIFYWHMCP>
#	G	D	E	R	K	N	Q	S	T	A	V	L	I	F	Y	W	H	M	C	P
0	0.01497	0.40413	0.14084	0.01272	0.01772	0.04110	0.01298	0.01879	0.04228	0.01762	0.01664	0.02762	0.01619	0.00897	0.00585	0.00194	0.00716	0.18078	0.00375	0.00794
1	0.04203	0.09225	0.04838	0.01352	0.01711	0.20983	0.03884	0.09495	0.01620	0.04368	0.03561	0.02119	0.01431	0.03714	0.16953	0.00382	0.01038	0.04615	0.00410	0.04098
2	0.11713	0.01160	0.09136	0.00973	0.01317	0.00952	0.00861	0.01725	0.10750	0.06841	0.22039	0.03877	0.23902	0.01150	0.00678	0.00209	0.00452	0.00952	0.00587	0.00726
3	0.01607	0.01388	0.01461	0.01315	0.01680	0.01607	0.01023	0.03433	0.72094	0.02703	0.02630	0.02411	0.01972	0.00877	0.00657	0.00219	0.00511	0.00731	0.00657	0.01023
4	0.01525	0.01743	0.03813	0.02723	0.03377	0.01634	0.70915	0.02070	0.01525	0.02070	0.01307	0.01743	0.00980	0.00545	0.00763	0.00218	0.01089	0.00763	0.00327	0.00871
5	0.01340	0.01148	0.01340	0.00957	0.01531	0.00861	0.00766	0.01627	0.01340	0.02105	0.01148	0.01340	0.00957	0.00479	0.00479	0.00096	0.00479	0.00383	0.00383	0.81242
6	0.01607	0.01388	0.01461	0.01315	0.01680	0.01607	0.01023	0.03433	0.72094	0.02703	0.02630	0.02411	0.01972	0.00877	0.00657	0.00219	0.00511	0.00731	0.00657	0.01023
7	0.01525	0.01743	0.03813	0.02723	0.03377	0.01634	0.70915	0.02070	0.01525	0.02070	0.01307	0.01743	0.00980	0.00545	0.00763	0.00218	0.01089	0.00763	0.00327	0.00871
8	0.01525	0.01743	0.03813	0.02723	0.03377	0.01634	0.70915	0.02070	0.01525	0.02070	0.01307	0.01743	0.00980	0.00545	0.00763	0.00218	0.01089	0.00763	0.00327	0.00871
9	0.11576	0.01337	0.01575	0.01221	0.01715	0.01333	0.01008	0.24139	0.02135	0.44152	0.02055	0.01869	0.01343	0.00770	0.00621	0.00198	0.00594	0.00595	0.00707	0.01055
10	0.01607	0.01388	0.01461	0.01315	0.01680	0.01607	0.01023	0.03433	0.72094	0.02703	0.02630	0.02411	0.01972	0.00877	0.00657	0.00219	0.00511	0.00731	0.00657	0.01023
11	0.01525	0.01743	0.03813	0.02723	0.03377	0.01634	0.70915	0.02070	0.01525	0.02070	0.01307	0.01743	0.00980	0.00545	0.00763	0.00218	0.01089	0.00763	0.00327	0.00871
12	0.02748	0.01121	0.01494	0.01171	0.01650	0.01005	0.00968	0.05890	0.04212	0.64993	0.02553	0.02425	0.01694	0.00849	0.00662	0.00205	0.00557	0.03951	0.00779	0.01073
13	0.01607	0.01388	0.01461	0.01315	0.01680	0.01607	0.01023	0.03433	0.72094	0.02703	0.02630	0.02411	0.01972	0.00877	0.00657	0.00219	0.00511	0.00731	0.00657	0.01023
14	0.01525	0.01743	0.03813	0.02723	0.03377	0.01634	0.70915	0.02070	0.01525	0.02070	0.01307	0.01743	0.00980	0.00545	0.00763	0.00218	0.01089	0.00763	0.00327	0.00871
15	0.01462	0.01395	0.02374	0.29980	0.48321	0.01499	0.01915	0.01863	0.01406	0.01944	0.01191	0.01644	0.00965	0.00601	0.00642	0.00200	0.00802	0.00575	0.00308	0.00913
16	0.00928	0.00672	0.00936	0.00936	0.01017	0.00752	0.00680	0.01088	0.01008	0.01424	0.01824	0.03055	0.01840	0.26994	0.52890	0.00912	0.01393	0.00768	0.00360	0.00520
17	0.00803	0.00583	0.00758	0.00869	0.00936	0.00538	0.00593	0.00946	0.01337	0.01787	0.13392	0.61538	0.09736	0.01897	0.00811	0.00251	0.00362	0.01708	0.00615	0.00538
18	0.00796	0.00656	0.00700	0.00689	0.00893	0.00559	0.00517	0.00990	0.01550	0.01928	0.20859	0.05918	0.58573	0.01568	0.00763	0.00215	0.00322	0.01322	0.00624	0.00559
19	0.01436	0.26225	0.49923	0.01643	0.02464	0.01831	0.04194	0.02013	0.01354	0.01885	0.01084	0.01275	0.00827	0.00593	0.00557	0.00185	0.00878	0.00446	0.00276	0.00913
20	0.01648	0.01627	0.02576	0.03829	0.69028	0.05882	0.01939	0.02018	0.01493	0.02079	0.01203	0.01573	0.01012	0.00581	0.00636	0.00190	0.00791	0.00566	0.00321	0.01007
21	0.00940	0.00626	0.00705	0.00705	0.00705	0.00626	0.00392	0.00940	0.00940	0.01253	0.02036	0.04228	0.02349	0.77292	0.03289	0.00626	0.00626	0.00940	0.00392	0.00392
22	0.02250	0.01708	0.01823	0.01445	0.01925	0.01908	0.01178	0.54709	0.19771	0.03740	0.01813	0.01760	0.01311	0.00800	0.00649	0.00200	0.00663	0.00618	0.00649	0.01080
23	0.01525	0.01743	0.03813	0.02723	0.03377	0.01634	0.70915	0.02070	0.01525	0.02070	0.01307	0.01743	0.00980	0.00545	0.00763	0.00218	0.01089	0.00763	0.00327	0.00871
24	0.01296	0.03342	0.73944	0.01842	0.02797	0.01501	0.02387	0.02046	0.01364	0.02046	0.01160	0.01364	0.00818	0.00614	0.00614	0.00205	0.00955	0.00477	0.00273	0.00955
25	0.01506	0.01636	0.03336	0.09199	0.16158	0.01617	0.48671	0.01990	0.01467	0.02014	0.01252	0.01697	0.00971	0.00590	0.00802	0.00216	0.04976	0.00702	0.00320	0.00877
26	0.00765	0.00650	0.00660	0.00668	0.00876	0.00544	0.00497	0.00926	0.01460	0.01740	0.06388	0.09953	0.69367	0.01657	0.00767	0.00221	0.00330	0.01389	0.00600	0.00544
27	0.10337	0.49613	0.02773	0.01348	0.05940	0.10785	0.01142	0.08135	0.01513	0.01934	0.00987	0.01132	0.00851	0.00592	0.00467	0.00156	0.00733	0.00389	0.00331	0.00842
28	0.01580	0.42664	0.29886	0.01571	0.06353	0.04487	0.01646	0.02001	0.01359	0.01756	0.01019	0.01198	0.00837	0.00581	0.00509	0.00167	0.00811	0.00411	0.00280	0.00885
29	0.02046	0.36910	0.02551	0.04982	0.01962	0.34098	0.01209	0.06183	0.01638	0.01700	0.00992	0.01156	0.00848	0.00620	0.00513	0.00158	0.00908	0.00401	0.00323	0.00804
30	0.00899	0.00725	0.00779	0.00741	0.00961	0.00647	0.00562	0.05165	0.01648	0.02079	0.21600	0.05619	0.53255	0.01512	0.00756	0.00213	0.00345	0.01272	0.00628	0.00593
31	0.00914	0.00660	0.00864	0.00813	0.00965	0.00610	0.00610	0.01219	0.01829	0.02591	0.72921	0.04827	0.06097	0.01321	0.00762	0.00203	0.00305	0.01169	0.00711	0.00610
32	0.01146	0.00614	0.00659	0.00656	0.00792	0.00621	0.00484	0.01417	0.01318	0.02250	0.05496	0.02683	0.01923	0.07290	0.06780	0.00264	0.00445	0.00664	0.63913	0.00584
33	0.01220	0.01148	0.01938	0.75739	0.04450	0.01436	0.01794	0.01651	0.01292	0.01651	0.01148	0.01723	0.00861	0.00646	0.00646	0.00215	0.00861	0.00574	0.00287	0.00718
34	0.00877	0.00666	0.00811	0.00794	0.00967	0.00600	0.00608	0.01136	0.01686	0.02265	0.45801	0.05479	0.27379	0.01461	0.00773	0.00216	0.00336	0.06893	0.00666	0.00588
35	0.00779	0.00655	0.00676	0.00671	0.00882	0.00552	0.00503	0.00957	0.01509	0.01832	0.13310	0.06076	0.66182	0.01604	0.00763	0.00217	0.00325	0.01344	0.00611	0.00552
36	0.01204	0.00602	0.00602	0.00602	0.00753	0.00602	0.00452	0.01506	0.01355	0.02409	0.02108	0.02409	0.01656	0.00753	0.00452	0.00151	0.00301	0.00602	0.80879	0.00602
37	0.03934	0.01376	0.01448	0.01297	0.01667	0.01584	0.01011	0.03381	0.68033	0.04767	0.02578	0.02366	0.01925	0.00866	0.00650	0.00218	0.00512	0.00717	0.00654	0.01016
38	0.02025	0.01772	0.01687	0.03884	0.01923	0.13253	0.01147	0.24564	0.34930	0.04897	0.01981	0.01914	0.01470	0.00802	0.00642	0.00202	0.00690	0.00627	0.00594	0.00996
39	0.81856	0.01250	0.00950	0.00850	0.01250	0.01449	0.00700	0.01899	0.01100	0.02899	0.00900	0.01050	0.00700	0.00600	0.00400	0.00200	0.00500	0.00350	0.00400	0.00700
40	0.01516	0.01746	0.05632	0.02519	0.05968	0.03509	0.54906	0.02105	0.05981	0.02071	0.01573	0.01923	0.03927	0.00632	0.00778	0.00217	0.03019	0.00753	0.00356	0.00869
41	0.00854	0.00770	0.00729	0.00734	0.00946	0.04137	0.00551	0.01019	0.01477	0.01738	0.06012	0.09923	0.63483	0.01616	0.00762	0.00221	0.00379	0.03508	0.00587	0.00556
42	0.01485	0.01325	0.01672	0.01546	0.13107	0.03223	0.03171	0.05886	0.01483	0.02208	0.01184	0.01401	0.00973	0.00519	0.00526	0.00123	0.00578	0.00438	0.00385	0.58767
43	0.00777	0.00650	0.00679	0.00699	0.00898	0.00552	0.00523	0.00942	0.01452	0.01745	0.06150	0.12561	0.63998	0.01677	0.00774	0.00225	0.00343	0.04208	0.00600	0.00546
44	0.01365	0.01328	0.02347	0.46667	0.24388	0.01487	0.09566	0.01794	0.01370	0.01832	0.01186	0.01689	0.00922	0.00614	0.00657	0.00209	0.00859	0.00596	0.00301	0.00824
45	0.01727	0.77681	0.03386	0.01106	0.01658	0.02557	0.01106	0.01935	0.01313	0.01520	0.00898	0.01036	0.00829	0.00553	0.00415	0.00138	0.00691	0.00345	0.00276	0.00829
46	0.00810	0.00576	0.00765	0.00907	0.00949	0.00543	0.00615	0.00928	0.01236	0.01645	0.03472	0.68897	0.04139	0.05988	0.00959	0.00284	0.00401	0.05775	0.00588	0.00522
47	0.01634	0.01634	0.09878	0.24333	0.26488	0.01562	0.01748	0.12996	0.06712	0.04692	0.01388	0.01681	0.01052	0.00661	0.00641	0.00203	0.00781	0.00579	0.00397	0.00940
48	0.03926	0.00898	0.01165	0.00967	0.01309	0.00796	0.00771	0.02184	0.01781	0.38633	0.27878	0.03555	0.11232	0.01074	0.00696	0.00203	0.00437	0.00907	0.00736	0.00854
49	0.01671	0.45790	0.18816	0.01582	0.06438	0.06002	0.05634	0.04113	0.01427	0.01787	0.01025	0.01208	0.00856	0.00580	0.00509	0.00164	0.00803	0.00425	0.00296	0.00875
50	0.01078	0.00822	0.00963	0.00867	0.01135	0.00728	0.00661	0.03572	0.04506	0.04342	0.22518	0.13350	0.23612	0.01298	0.00708	0.00197	0.00389	0.02677	0.00598	0.15978

[dist]
# distance from previous block
# <min> <max>
0	2

[block]
# block no. 1 follows, 34 sequences, length 19
# corresponding to MSA columns:
# 81-99
name=unknown_B
#
# <colnr> <probs for GDERKNQSTAVLIFYWHMCP>
#	G	D	E	R	K	N	Q	S	T	A	V	L	I	F	Y	W	H	M	C	P
0	0.03986	0.09756	0.14247	0.15696	0.05675	0.06793	0.08703	0.08817	0.04546	0.09049	0.01497	0.05768	0.01194	0.00731	0.00628	0.00200	0.00804	0.00621	0.00413	0.00876
1	0.04976	0.19310	0.28594	0.01699	0.04745	0.01725	0.10503	0.05794	0.05625	0.07241	0.01374	0.03259	0.01064	0.00660	0.00592	0.00192	0.00806	0.00547	0.00375	0.00919
2	0.00857	0.00655	0.00787	0.00761	0.00932	0.00584	0.00568	0.01106	0.01684	0.02263	0.47300	0.07908	0.29336	0.01456	0.00765	0.00211	0.00315	0.01261	0.00668	0.00584
3	0.00896	0.00622	0.00794	0.00862	0.00957	0.00577	0.00606	0.01054	0.01378	0.03846	0.16574	0.42853	0.12079	0.08618	0.01028	0.00280	0.00397	0.05420	0.00607	0.00551
4	0.01560	0.01487	0.02244	0.27897	0.32953	0.06459	0.04188	0.02025	0.05724	0.04376	0.01299	0.01680	0.01024	0.00652	0.00701	0.00205	0.03714	0.00583	0.00345	0.00886
5	0.01405	0.01976	0.22498	0.05553	0.25218	0.05942	0.04184	0.01897	0.03882	0.02002	0.03948	0.02339	0.09274	0.00809	0.00722	0.00207	0.03927	0.02974	0.00368	0.00875
6	0.01639	0.05763	0.08735	0.12941	0.36934	0.04756	0.04716	0.06334	0.03984	0.03959	0.01281	0.01586	0.01013	0.00616	0.00626	0.00192	0.00798	0.00558	0.00356	0.03215
7	0.01726	0.05471	0.30703	0.08971	0.05588	0.06620	0.05552	0.08166	0.08168	0.10628	0.01480	0.01614	0.01065	0.00673	0.00627	0.00200	0.00839	0.00550	0.00413	0.00946
8	0.06951	0.01380	0.01565	0.01182	0.01709	0.01324	0.00967	0.26803	0.02044	0.18576	0.01585	0.01587	0.01133	0.00663	0.00571	0.00160	0.00579	0.00511	0.00570	0.30141
9	0.00764	0.00655	0.00655	0.00655	0.00873	0.00545	0.00491	0.00927	0.01473	0.01745	0.06546	0.06218	0.73000	0.01636	0.00764	0.00218	0.00327	0.01364	0.00600	0.00545
10	0.01599	0.01535	0.02623	0.03966	0.73262	0.01535	0.01983	0.01983	0.01471	0.02111	0.01215	0.01599	0.01023	0.00576	0.00640	0.00192	0.00768	0.00576	0.00320	0.01023
11	0.01580	0.01534	0.02676	0.06595	0.66024	0.01538	0.06550	0.01976	0.01468	0.02091	0.01219	0.01613	0.01014	0.00576	0.00648	0.00195	0.00792	0.00588	0.00319	0.01002
12	0.01146	0.00922	0.01149	0.01021	0.01267	0.00935	0.03774	0.04433	0.18353	0.02552	0.42730	0.04161	0.12566	0.01199	0.00733	0.00209	0.00406	0.01048	0.00666	0.00730
13	0.01122	0.00561	0.00842	0.00842	0.00842	0.00561	0.00561	0.00842	0.00842	0.01122	0.01122	0.01964	0.01122	0.02245	0.02525	0.81201	0.00561	0.00561	0.00281	0.00281
14	0.01577	0.01354	0.01402	0.01256	0.01599	0.03583	0.00975	0.08303	0.53902	0.02679	0.07057	0.05305	0.06221	0.00973	0.00673	0.00216	0.00518	0.00812	0.00645	0.00951
15	0.00940	0.00626	0.00705	0.00705	0.00705	0.00626	0.00392	0.00940	0.00940	0.01253	0.02036	0.04228	0.02349	0.77292	0.03289	0.00626	0.00626	0.00940	0.00392	0.00392
16	0.81856	0.01250	0.00950	0.00850	0.01250	0.01449	0.00700	0.01899	0.01100	0.02899	0.00900	0.01050	0.00700	0.00600	0.00400	0.00200	0.00500	0.00350	0.00400	0.00700
17	0.01220	0.01148	0.01938	0.75739	0.04450	0.01436	0.01794	0.01651	0.01292	0.01651	0.01148	0.01723	0.00861	0.00646	0.00646	0.00215	0.00861	0.00574	0.00287	0.00718
18	0.08454	0.02940	0.01764	0.01603	0.01941	0.69129	0.01207	0.02528	0.01775	0.01682	0.00991	0.01156	0.00822	0.00661	0.00569	0.00169	0.01115	0.00411	0.00338	0.00745

[dist]
# distance from previous block
# <min> <max>
0	3

[block]
# block no. 2 follows, 34 sequences, length 96
# corresponding to MSA columns:
# 103-198
name=unknown_C
#
# <colnr> <probs for GDERKNQSTAVLIFYWHMCP>
#	G	D	E	R	K	N	Q	S	T	A	V	L	I	F	Y	W	H	M	C	P
0	0.07729	0.01444	0.01929	0.01708	0.08942	0.06330	0.11175	0.07210	0.08930	0.28588	0.02061	0.02130	0.03626	0.00783	0.00692	0.00206	0.02689	0.02294	0.00575	0.00959
1	0.01357	0.00796	0.00831	0.00757	0.00968	0.00817	0.00586	0.12235	0.01656	0.02650	0.07541	0.02628	0.05097	0.00839	0.00519	0.00164	0.00366	0.00676	0.58839	0.00677
2	0.01727	0.77681	0.03386	0.01106	0.01658	0.02557	0.01106	0.01935	0.01313	0.01520	0.00898	0.01036	0.00829	0.00553	0.00415	0.00138	0.00691	0.00345	0.00276	0.00829
3	0.00923	0.00692	0.01038	0.01038	0.01154	0.00808	0.00808	0.01154	0.01038	0.01500	0.01731	0.02538	0.01615	0.04846	0.74732	0.01038	0.01731	0.00692	0.00346	0.00577
4	0.01348	0.01330	0.01915	0.01623	0.01704	0.03549	0.07392	0.01526	0.01061	0.01570	0.01100	0.01803	0.01077	0.07503	0.11494	0.00399	0.51994	0.00625	0.00305	0.00681
5	0.00817	0.00578	0.00758	0.00890	0.00928	0.00547	0.00596	0.00925	0.01214	0.01616	0.03374	0.64988	0.04019	0.10942	0.01120	0.00307	0.00415	0.04878	0.00575	0.00512
6	0.74740	0.01339	0.04234	0.00899	0.01331	0.01426	0.00778	0.01894	0.01122	0.02826	0.00922	0.01076	0.00716	0.00595	0.00413	0.00196	0.00519	0.00357	0.00393	0.04222
7	0.02118	0.26643	0.04330	0.01494	0.01898	0.46402	0.01243	0.02313	0.01614	0.01574	0.00964	0.01142	0.00832	0.00650	0.00602	0.00164	0.04526	0.00402	0.00311	0.00778
8	0.00938	0.00815	0.00887	0.00841	0.01054	0.00811	0.00648	0.01320	0.10432	0.01904	0.09716	0.05222	0.53388	0.01475	0.00870	0.00223	0.07045	0.01200	0.00586	0.00624
9	0.05015	0.01804	0.01770	0.01437	0.01893	0.08937	0.01158	0.44477	0.20765	0.03434	0.01755	0.01719	0.01286	0.00785	0.00634	0.00198	0.00696	0.00596	0.00610	0.01031
10	0.01220	0.01148	0.01938	0.75739	0.04450	0.01436	0.01794	0.01651	0.01292	0.01651	0.01148	0.01723	0.00861	0.00646	0.00646	0.00215	0.00861	0.00574	0.00287	0.00718
11	0.00819	0.00582	0.00770	0.00887	0.00927	0.00563	0.00592	0.00927	0.01182	0.01586	0.03206	0.61066	0.03794	0.11844	0.07668	0.00377	0.00527	0.01622	0.00551	0.00512
12	0.02456	0.01810	0.01939	0.01487	0.02004	0.02004	0.01228	0.71107	0.03038	0.04072	0.01551	0.01551	0.01099	0.00776	0.00646	0.00194	0.00711	0.00582	0.00646	0.01099
13	0.02414	0.03079	0.01831	0.01665	0.01998	0.74698	0.01248	0.02580	0.01831	0.01581	0.00999	0.01165	0.00832	0.00666	0.00583	0.00166	0.01165	0.00416	0.00333	0.00749
14	0.01468	0.01413	0.02449	0.23812	0.47771	0.01485	0.05947	0.01872	0.01435	0.01995	0.03372	0.01740	0.01129	0.00616	0.00652	0.00200	0.00799	0.00604	0.00323	0.00917
15	0.01414	0.01414	0.01979	0.01696	0.01696	0.01979	0.01414	0.01555	0.00990	0.01555	0.00848	0.01414	0.00848	0.01131	0.02120	0.00283	0.76110	0.00565	0.00283	0.00707
16	0.00940	0.00626	0.00705	0.00705	0.00705	0.00626	0.00392	0.00940	0.00940	0.01253	0.02036	0.04228	0.02349	0.77292	0.03289	0.00626	0.00626	0.00940	0.00392	0.00392
17	0.01492	0.01544	0.03191	0.02540	0.10146	0.01455	0.51410	0.01968	0.01539	0.04531	0.06416	0.05085	0.01583	0.00712	0.00753	0.00218	0.00939	0.03235	0.00389	0.00853
18	0.00770	0.00645	0.00670	0.00685	0.00882	0.00545	0.00505	0.00932	0.01457	0.01757	0.07907	0.13691	0.64005	0.01670	0.00770	0.00223	0.00332	0.01409	0.00603	0.00545
19	0.00906	0.00645	0.00878	0.01022	0.01108	0.00626	0.00789	0.01096	0.01338	0.01762	0.03445	0.43354	0.03959	0.04561	0.00941	0.00291	0.00482	0.31655	0.00590	0.00551
20	0.00787	0.00562	0.00750	0.00900	0.00937	0.00525	0.00600	0.00900	0.01237	0.01649	0.03561	0.76871	0.04274	0.02024	0.00825	0.00262	0.00375	0.01837	0.00600	0.00525
21	0.81856	0.01250	0.00950	0.00850	0.01250	0.01449	0.00700	0.01899	0.01100	0.02899	0.00900	0.01050	0.00700	0.00600	0.00400	0.00200	0.00500	0.00350	0.00400	0.00700
22	0.01296	0.03342	0.73944	0.01842	0.02797	0.01501	0.02387	0.02046	0.01364	0.02046	0.01160	0.01364	0.00818	0.00614	0.00614	0.00205	0.00955	0.00477	0.00273	0.00955
23	0.01681	0.69644	0.11014	0.01185	0.01781	0.02442	0.01244	0.01947	0.01318	0.01577	0.00927	0.01072	0.00828	0.00559	0.00436	0.00145	0.00720	0.00360	0.00276	0.00843
24	0.74730	0.01192	0.00919	0.00828	0.01206	0.01375	0.00678	0.01865	0.01122	0.02856	0.01006	0.01170	0.00784	0.00613	0.00404	0.00196	0.00482	0.00372	0.07511	0.00691
25	0.02326	0.02897	0.01791	0.01627	0.01963	0.66797	0.01224	0.02672	0.09427	0.01703	0.01175	0.01300	0.00956	0.00689	0.00591	0.00172	0.01095	0.00450	0.00368	0.00779
26	0.00786	0.00565	0.00746	0.00891	0.00935	0.00526	0.00596	0.00901	0.01245	0.01653	0.03663	0.74461	0.06617	0.02011	0.00823	0.00261	0.00373	0.01821	0.00600	0.00526
27	0.00823	0.00588	0.00791	0.00941	0.00994	0.00556	0.00662	0.00962	0.01272	0.01690	0.03541	0.67036	0.04195	0.01990	0.00834	0.00267	0.00406	0.11318	0.00599	0.00535
28	0.00790	0.00575	0.00745	0.00873	0.00932	0.00530	0.00590	0.00915	0.01283	0.01695	0.06557	0.67231	0.10986	0.01959	0.00816	0.00256	0.00368	0.01765	0.00604	0.00530
29	0.01562	0.01572	0.02322	0.26680	0.43868	0.09089	0.01847	0.01939	0.01451	0.01909	0.01172	0.01594	0.00952	0.00608	0.00636	0.00197	0.00839	0.00559	0.00311	0.00897
30	0.01727	0.77681	0.03386	0.01106	0.01658	0.02557	0.01106	0.01935	0.01313	0.01520	0.00898	0.01036	0.00829	0.00553	0.00415	0.00138	0.00691	0.00345	0.00276	0.00829
31	0.01262	0.01020	0.01104	0.01039	0.01298	0.01090	0.00788	0.06587	0.31329	0.02357	0.07157	0.17270	0.18787	0.01275	0.00708	0.00221	0.00436	0.01089	0.04400	0.00785
32	0.02456	0.01810	0.01939	0.01487	0.02004	0.02004	0.01228	0.71107	0.03038	0.04072	0.01551	0.01551	0.01099	0.00776	0.00646	0.00194	0.00711	0.00582	0.00646	0.01099
33	0.01607	0.01388	0.01461	0.01315	0.01680	0.01607	0.01023	0.03433	0.72094	0.02703	0.02630	0.02411	0.01972	0.00877	0.00657	0.00219	0.00511	0.00731	0.00657	0.01023
34	0.02414	0.03079	0.01831	0.01665	0.01998	0.74698	0.01248	0.02580	0.01831	0.01581	0.00999	0.01165	0.00832	0.00666	0.00583	0.00166	0.01165	0.00416	0.00333	0.00749
35	0.81856	0.01250	0.00950	0.00850	0.01250	0.01449	0.00700	0.01899	0.01100	0.02899	0.00900	0.01050	0.00700	0.00600	0.00400	0.00200	0.00500	0.00350	0.00400	0.00700
36	0.01607	0.01388	0.01461	0.01315	0.01680	0.01607	0.01023	0.03433	0.72094	0.02703	0.02630	0.02411	0.01972	0.00877	0.00657	0.00219	0.00511	0.00731	0.00657	0.01023
37	0.01086	0.00570	0.00831	0.00834	0.00852	0.00561	0.00561	0.00864	0.00926	0.01232	0.04576	0.04769	0.04662	0.02170	0.02313	0.71354	0.00533	0.00666	0.00324	0.00315
38	0.00787	0.00562	0.00750	0.00900	0.00937	0.00525	0.00600	0.00900	0.01237	0.01649	0.03561	0.76871	0.04274	0.02024	0.00825	0.00262	0.00375	0.01837	0.00600	0.00525
39	0.02392	0.05453	0.01881	0.01647	0.01987	0.72403	0.01244	0.02560	0.01815	0.01579	0.00996	0.01161	0.00832	0.00662	0.00577	0.00166	0.01150	0.00414	0.00331	0.00752
40	0.72426	0.05640	0.01141	0.00915	0.01319	0.06072	0.00757	0.01944	0.01157	0.02740	0.00906	0.01056	0.00715	0.00601	0.00412	0.00194	0.00552	0.00354	0.00389	0.00710
41	0.01487	0.04186	0.17859	0.05016	0.02443	0.03427	0.24085	0.04623	0.01593	0.07115	0.12085	0.04393	0.01942	0.00799	0.00691	0.00208	0.00807	0.03004	0.03404	0.00835
42	0.01330	0.01270	0.02181	0.54440	0.22447	0.01468	0.04201	0.01752	0.01347	0.01786	0.01171	0.01691	0.00908	0.00624	0.00648	0.00209	0.00845	0.00581	0.00297	0.00803
43	0.00905	0.00670	0.00813	0.00829	0.00989	0.00612	0.00619	0.01159	0.03336	0.03520	0.28017	0.21402	0.26635	0.01590	0.00781	0.00228	0.00359	0.06304	0.00643	0.00590
44	0.01413	0.07017	0.49324	0.04132	0.02674	0.04396	0.09490	0.04424	0.01456	0.02053	0.01331	0.01543	0.03039	0.00637	0.00618	0.00196	0.00911	0.00528	0.00310	0.04510
45	0.01587	0.01523	0.02601	0.06250	0.71072	0.01532	0.01977	0.01972	0.01466	0.02096	0.01213	0.01603	0.01018	0.00578	0.00640	0.00193	0.00771	0.00576	0.00319	0.01014
46	0.10909	0.37032	0.05007	0.01391	0.04959	0.17410	0.01180	0.07937	0.05281	0.02009	0.01089	0.01217	0.00906	0.00621	0.00497	0.00165	0.00774	0.00416	0.00355	0.00844
47	0.01560	0.01463	0.02033	0.27568	0.05139	0.05490	0.09852	0.10036	0.17856	0.02224	0.01614	0.04445	0.01281	0.00781	0.00762	0.00217	0.05723	0.00669	0.00432	0.00854
48	0.02414	0.03079	0.01831	0.01665	0.01998	0.74698	0.01248	0.02580	0.01831	0.01581	0.00999	0.01165	0.00832	0.00666	0.00583	0.00166	0.01165	0.00416	0.00333	0.00749
49	0.01420	0.01599	0.06113	0.02264	0.02736	0.01552	0.44683	0.01864	0.01416	0.01956	0.01545	0.02525	0.01373	0.00844	0.01019	0.00241	0.14435	0.11253	0.00358	0.00803
50	0.00781	0.00608	0.00710	0.00784	0.00909	0.00537	0.00550	0.00924	0.01366	0.01727	0.07365	0.41854	0.35943	0.01821	0.00794	0.00240	0.00351	0.01596	0.00604	0.00537
51	0.00790	0.00568	0.00750	0.00890	0.00936	0.00528	0.00597	0.00909	0.01261	0.01678	0.05561	0.72657	0.06497	0.01993	0.00821	0.00259	0.00371	0.01804	0.00603	0.00528
52	0.06807	0.01733	0.01832	0.01432	0.01927	0.01930	0.01176	0.59919	0.10395	0.03858	0.01631	0.01616	0.01171	0.00777	0.00634	0.00197	0.00678	0.00585	0.00634	0.01068
53	0.01525	0.01743	0.03813	0.02723	0.03377	0.01634	0.70915	0.02070	0.01525	0.02070	0.01307	0.01743	0.00980	0.00545	0.00763	0.00218	0.01089	0.00763	0.00327	0.00871
54	0.81856	0.01250	0.00950	0.00850	0.01250	0.01449	0.00700	0.01899	0.01100	0.02899	0.00900	0.01050	0.00700	0.00600	0.00400	0.00200	0.00500	0.00350	0.00400	0.00700
55	0.01727	0.77681	0.03386	0.01106	0.01658	0.02557	0.01106	0.01935	0.01313	0.01520	0.00898	0.01036	0.00829	0.00553	0.00415	0.00138	0.00691	0.00345	0.00276	0.00829
56	0.01296	0.03342	0.73944	0.01842	0.02797	0.01501	0.02387	0.02046	0.01364	0.02046	0.01160	0.01364	0.00818	0.00614	0.00614	0.00205	0.00955	0.00477	0.00273	0.00955
57	0.00768	0.00655	0.00660	0.00659	0.00875	0.00547	0.00494	0.00935	0.01483	0.01769	0.08383	0.06180	0.71148	0.01628	0.00764	0.00218	0.00327	0.01358	0.00603	0.00547
58	0.01662	0.01401	0.01510	0.03926	0.01789	0.01611	0.01058	0.10613	0.59812	0.02810	0.04798	0.02374	0.01976	0.00872	0.00659	0.00216	0.00538	0.00724	0.00645	0.01007
59	0.00911	0.00660	0.00858	0.00809	0.00963	0.00608	0.00607	0.01212	0.01820	0.02569	0.71224	0.04862	0.07807	0.01329	0.00762	0.00204	0.00305	0.01174	0.00708	0.00608
60	0.81856	0.01250	0.00950	0.00850	0.01250	0.01449	0.00700	0.01899	0.01100	0.02899	0.00900	0.01050	0.00700	0.00600	0.00400	0.00200	0.00500	0.00350	0.00400	0.00700
61	0.01210	0.00862	0.01207	0.05996	0.09545	0.00854	0.00901	0.01576	0.06672	0.07785	0.32751	0.12925	0.06320	0.01283	0.00833	0.04681	0.00458	0.02842	0.00598	0.00700
62	0.81856	0.01250	0.00950	0.00850	0.01250	0.01449	0.00700	0.01899	0.01100	0.02899	0.00900	0.01050	0.00700	0.00600	0.00400	0.00200	0.00500	0.00350	0.00400	0.00700
63	0.00906	0.00660	0.00852	0.00804	0.00960	0.00606	0.00603	0.01202	0.01808	0.02542	0.69075	0.04907	0.09973	0.01339	0.00762	0.00204	0.00306	0.01180	0.00705	0.00606
64	0.01858	0.06832	0.09386	0.01424	0.04189	0.01309	0.07414	0.11496	0.01696	0.16973	0.01490	0.01570	0.01089	0.00613	0.00577	0.00159	0.00653	0.00512	0.00478	0.30283
65	0.02009	0.07275	0.13200	0.01862	0.07443	0.03765	0.13568	0.25827	0.02048	0.11661	0.01554	0.01795	0.01158	0.00716	0.00652	0.00199	0.00805	0.02984	0.00493	0.00985
66	0.01727	0.77681	0.03386	0.01106	0.01658	0.02557	0.01106	0.01935	0.01313	0.01520	0.00898	0.01036	0.00829	0.00553	0.00415	0.00138	0.00691	0.00345	0.00276	0.00829
67	0.00981	0.00766	0.00903	0.00850	0.01049	0.00741	0.00643	0.01477	0.12033	0.02414	0.47436	0.04791	0.20809	0.01328	0.00747	0.00209	0.00340	0.01149	0.00678	0.00655
68	0.00842	0.00627	0.00811	0.02969	0.01039	0.00584	0.00622	0.01040	0.01483	0.02000	0.28776	0.39167	0.14290	0.01679	0.00789	0.00234	0.00357	0.01496	0.00631	0.00564
69	0.02237	0.01858	0.01806	0.01465	0.01922	0.10728	0.01179	0.45758	0.20270	0.03425	0.01756	0.01721	0.01286	0.00788	0.00641	0.00197	0.00716	0.00599	0.00611	0.01037
70	0.00794	0.00578	0.00749	0.00870	0.00933	0.00533	0.00590	0.00924	0.01300	0.01724	0.08646	0.65172	0.10928	0.01939	0.00815	0.00254	0.00365	0.01746	0.00608	0.00533
71	0.00920	0.00668	0.00871	0.00840	0.00995	0.00619	0.00643	0.01218	0.01785	0.02500	0.64183	0.05098	0.08504	0.01374	0.00774	0.00212	0.00331	0.07162	0.00697	0.00606
72	0.00834	0.00646	0.00760	0.00756	0.00922	0.00571	0.00558	0.01054	0.01602	0.02110	0.35761	0.14501	0.34512	0.01545	0.00771	0.00217	0.00323	0.01336	0.00650	0.00571
73	0.00940	0.00626	0.00705	0.00705	0.00705	0.00626	0.00392	0.00940	0.00940	0.01253	0.02036	0.04228	0.02349	0.77292	0.03289	0.00626	0.00626	0.00940	0.00392	0.00392
74	0.00791	0.00649	0.00688	0.00690	0.00882	0.00555	0.00508	0.00963	0.01485	0.01829	0.14650	0.09921	0.58041	0.04411	0.00860	0.00234	0.00338	0.01350	0.00606	0.00547
75	0.02417	0.02967	0.01841	0.01649	0.01998	0.68275	0.01247	0.08635	0.01938	0.01801	0.01048	0.01199	0.00856	0.00676	0.00588	0.00169	0.01125	0.00431	0.00361	0.00780
76	0.04717	0.49608	0.27098	0.01344	0.02026	0.02157	0.01522	0.01971	0.01322	0.01752	0.00986	0.01148	0.00821	0.00575	0.00481	0.00163	0.00773	0.00390	0.00280	0.00867
77	0.01684	0.04672	0.02288	0.23540	0.34985	0.13408	0.01728	0.06416	0.01573	0.01998	0.01171	0.01539	0.00944	0.00622	0.00624	0.00192	0.00852	0.00541	0.00332	0.00890
78	0.00939	0.00629	0.00717	0.00717	0.00721	0.00633	0.00407	0.00948	0.00943	0.01262	0.02025	0.04166	0.02322	0.74618	0.05926	0.00642	0.00667	0.00930	0.00390	0.00398
79	0.01589	0.01481	0.02547	0.15548	0.49063	0.01535	0.08284	0.03877	0.01488	0.04333	0.01254	0.01645	0.01008	0.00613	0.00695	0.00201	0.02953	0.00595	0.00338	0.00954
80	0.01577	0.06752	0.07460	0.07518	0.13386	0.06964	0.40920	0.02044	0.01488	0.01963	0.01215	0.01603	0.00945	0.00584	0.00725	0.00206	0.02813	0.00649	0.00316	0.00873
81	0.03846	0.01486	0.01974	0.17775	0.17992	0.07189	0.04144	0.09978	0.08667	0.16005	0.01626	0.01798	0.01192	0.00800	0.02518	0.00222	0.00776	0.00598	0.00479	0.00935
82	0.00845	0.00648	0.00967	0.01026	0.01109	0.00619	0.05019	0.00995	0.01238	0.01663	0.03258	0.65600	0.03833	0.02181	0.07351	0.00328	0.00539	0.01668	0.00560	0.00551
83	0.01447	0.04569	0.48928	0.02240	0.17085	0.03932	0.04229	0.02056	0.01422	0.03925	0.01272	0.01618	0.00978	0.00646	0.00628	0.00202	0.00899	0.02664	0.00310	0.00949
84	0.01420	0.01789	0.16601	0.12815	0.02787	0.03705	0.24766	0.02042	0.08778	0.04648	0.01872	0.08099	0.04209	0.00817	0.00704	0.00218	0.00851	0.02642	0.00402	0.00837
85	0.01911	0.01136	0.01277	0.03472	0.01520	0.08512	0.00896	0.02232	0.06319	0.31376	0.06442	0.20154	0.04737	0.01292	0.03045	0.00244	0.00599	0.03358	0.00646	0.00833
86	0.04242	0.01428	0.02154	0.20054	0.40129	0.04064	0.01685	0.02066	0.08292	0.04565	0.01562	0.01864	0.03737	0.00672	0.00638	0.00201	0.00746	0.00609	0.00375	0.00916
87	0.01231	0.01017	0.01333	0.01238	0.01432	0.03852	0.06187	0.10154	0.01639	0.02189	0.14131	0.28411	0.03447	0.01480	0.00877	0.00245	0.05578	0.14317	0.00571	0.00672
88	0.01600	0.16300	0.27576	0.01678	0.02284	0.11874	0.10438	0.02074	0.03229	0.04255	0.01462	0.01782	0.03821	0.00730	0.00709	0.00198	0.05824	0.02970	0.00341	0.00854
89	0.30435	0.04062	0.04850	0.13632	0.14389	0.09414	0.01255	0.01914	0.03178	0.02207	0.01236	0.05398	0.01065	0.00858	0.03448	0.00232	0.00746	0.00540	0.00366	0.00774
90	0.01242	0.03814	0.03801	0.06578	0.04320	0.03900	0.00929	0.10247	0.05855	0.02106	0.08163	0.28788	0.10667	0.05539	0.00865	0.00245	0.00542	0.01161	0.00539	0.00697
91	0.04426	0.01465	0.07113	0.29996	0.14549	0.03222	0.01550	0.08333	0.10548	0.02217	0.06350	0.01951	0.01428	0.00858	0.03104	0.00234	0.00779	0.00621	0.00408	0.00847
92	0.16094	0.01698	0.04136	0.01441	0.05733	0.12854	0.02857	0.18116	0.06577	0.08104	0.03591	0.01800	0.04018	0.00878	0.03117	0.00216	0.00731	0.00566	0.00497	0.06976
93	0.14471	0.01860	0.05746	0.01469	0.05726	0.18188	0.01139	0.20852	0.05331	0.02606	0.01698	0.11070	0.03135	0.00878	0.00612	0.00197	0.00731	0.00681	0.00482	0.03131
94	0.06757	0.03989	0.01600	0.03524	0.10864	0.10907	0.02828	0.07068	0.05993	0.06172	0.04441	0.18361	0.02032	0.01008	0.00650	0.00200	0.00639	0.02989	0.00488	0.09492
95	0.14960	0.05809	0.05881	0.09214	0.28155	0.04486	0.04086	0.13068	0.01660	0.05003	0.01233	0.01479	0.00957	0.00629	0.00591	0.00194	0.00748	0.00525	0.00395	0.00926

[dist]
# distance from previous block
# <min> <max>
0	17

[block]
# block no. 3 follows, 34 sequences, length 55
# corresponding to MSA columns:
# 216-270
name=unknown_D
#
# <colnr> <probs for GDERKNQSTAVLIFYWHMCP>
#	G	D	E	R	K	N	Q	S	T	A	V	L	I	F	Y	W	H	M	C	P
0	0.04496	0.03826	0.01897	0.11264	0.10908	0.06915	0.03714	0.22064	0.13067	0.04537	0.01700	0.07205	0.01394	0.00805	0.00639	0.00200	0.00708	0.00671	0.00501	0.03488
1	0.12176	0.05567	0.03659	0.08947	0.02038	0.10104	0.06199	0.11218	0.04664	0.08474	0.01847	0.03575	0.07300	0.00781	0.00636	0.00190	0.02562	0.00616	0.00461	0.08986
2	0.06456	0.01475	0.05323	0.05897	0.01908	0.03739	0.05423	0.22963	0.09867	0.08026	0.06200	0.04771	0.06696	0.05616	0.00818	0.00229	0.00652	0.00737	0.00551	0.02653
3	0.08158	0.03387	0.01573	0.01392	0.06050	0.07404	0.01039	0.23886	0.05791	0.10341	0.03714	0.12044	0.04050	0.00970	0.00647	0.00201	0.00624	0.03148	0.00567	0.05013
4	0.21385	0.04425	0.03641	0.01201	0.03851	0.03096	0.04485	0.08213	0.03742	0.04228	0.06540	0.03841	0.06137	0.00748	0.00555	0.00173	0.00564	0.00594	0.00459	0.22121
5	0.04179	0.04208	0.13446	0.06824	0.08977	0.15205	0.08629	0.05943	0.03466	0.03705	0.03242	0.06758	0.03767	0.00865	0.00711	0.00209	0.03465	0.05176	0.00405	0.00820
6	0.01825	0.03401	0.05204	0.01327	0.04524	0.08385	0.01066	0.13265	0.09686	0.15598	0.08715	0.03054	0.10984	0.00989	0.00674	0.00204	0.00617	0.06429	0.00590	0.03464
7	0.04168	0.01903	0.12523	0.05001	0.06532	0.15191	0.08829	0.04190	0.02963	0.04189	0.01417	0.02005	0.01213	0.01217	0.08605	0.00297	0.09702	0.05572	0.00371	0.04113
8	0.01075	0.01124	0.09203	0.07029	0.09570	0.00915	0.03335	0.03075	0.01394	0.01918	0.08898	0.36393	0.03074	0.03648	0.00821	0.00243	0.00563	0.03978	0.00499	0.03246
9	0.01648	0.01463	0.01966	0.06400	0.09248	0.01628	0.09960	0.11725	0.37113	0.02591	0.02035	0.04416	0.01590	0.00826	0.00741	0.00217	0.04214	0.00717	0.00538	0.00964
10	0.65789	0.01301	0.01094	0.00929	0.01358	0.01456	0.00763	0.09427	0.01333	0.02954	0.00994	0.01131	0.00767	0.00608	0.00434	0.00190	0.00521	0.00378	0.00425	0.08148
11	0.00788	0.00656	0.00689	0.00680	0.00888	0.00556	0.00510	0.00975	0.01531	0.01884	0.17420	0.05990	0.62039	0.01585	0.00763	0.00216	0.00324	0.01332	0.00618	0.00556
12	0.01046	0.00838	0.01097	0.01040	0.01061	0.01001	0.00748	0.01129	0.01002	0.01416	0.01857	0.11859	0.02073	0.37754	0.12824	0.00550	0.20896	0.00911	0.00381	0.00518
13	0.01524	0.06158	0.02479	0.10306	0.56944	0.01523	0.01819	0.01895	0.01462	0.02049	0.04705	0.01884	0.01313	0.00649	0.00639	0.00194	0.00745	0.02420	0.00340	0.00951
14	0.01662	0.65282	0.03156	0.01374	0.08448	0.02342	0.01169	0.01887	0.01310	0.01575	0.00984	0.01190	0.00900	0.00842	0.05400	0.00203	0.00768	0.00391	0.00285	0.00831
15	0.00933	0.00652	0.00833	0.00833	0.00877	0.00696	0.00551	0.01022	0.00977	0.01348	0.01919	0.03581	0.02068	0.49534	0.30663	0.00784	0.01050	0.00845	0.00374	0.00463
16	0.02175	0.01671	0.03889	0.01379	0.01834	0.01779	0.01139	0.55743	0.06601	0.03583	0.01668	0.01909	0.01291	0.09126	0.00929	0.00242	0.00687	0.00627	0.02728	0.01000
17	0.00765	0.00651	0.00658	0.00664	0.00875	0.00545	0.00495	0.00926	0.01463	0.01742	0.06428	0.09001	0.70293	0.01652	0.00766	0.00220	0.00329	0.01382	0.00600	0.00545
18	0.01673	0.01894	0.08945	0.02479	0.25388	0.12444	0.14195	0.08952	0.04464	0.02197	0.01876	0.02079	0.09005	0.00737	0.00666	0.00198	0.00838	0.00671	0.00396	0.00903
19	0.01727	0.77681	0.03386	0.01106	0.01658	0.02557	0.01106	0.01935	0.01313	0.01520	0.00898	0.01036	0.00829	0.00553	0.00415	0.00138	0.00691	0.00345	0.00276	0.00829
20	0.01405	0.02987	0.60119	0.08600	0.02869	0.01545	0.02217	0.08921	0.01525	0.02213	0.01198	0.01416	0.00850	0.00633	0.00620	0.00205	0.00922	0.00497	0.00312	0.00948
21	0.00893	0.00660	0.00835	0.00791	0.00952	0.00601	0.00593	0.01179	0.01779	0.02473	0.63664	0.05021	0.15427	0.01365	0.00762	0.00205	0.00308	0.01196	0.00696	0.00601
22	0.00907	0.00660	0.00853	0.00805	0.00961	0.00606	0.00604	0.01204	0.01811	0.02548	0.69515	0.04898	0.09530	0.01337	0.00762	0.00204	0.00306	0.01179	0.00706	0.00606
23	0.81856	0.01250	0.00950	0.00850	0.01250	0.01449	0.00700	0.01899	0.01100	0.02899	0.00900	0.01050	0.00700	0.00600	0.00400	0.00200	0.00500	0.00350	0.00400	0.00700
24	0.01585	0.01737	0.03631	0.02607	0.03244	0.01656	0.64646	0.06389	0.03585	0.02212	0.01359	0.01750	0.01015	0.00568	0.00752	0.00216	0.01050	0.00750	0.00356	0.00890
25	0.81856	0.01250	0.00950	0.00850	0.01250	0.01449	0.00700	0.01899	0.01100	0.02899	0.00900	0.01050	0.00700	0.00600	0.00400	0.00200	0.00500	0.00350	0.00400	0.00700
26	0.02899	0.01100	0.01499	0.01150	0.01649	0.00950	0.00950	0.03149	0.01849	0.73709	0.02549	0.02199	0.01599	0.00800	0.00650	0.00200	0.00550	0.00650	0.00800	0.01100
27	0.00940	0.00626	0.00705	0.00705	0.00705	0.00626	0.00392	0.00940	0.00940	0.01253	0.02036	0.04228	0.02349	0.77292	0.03289	0.00626	0.00626	0.00940	0.00392	0.00392
28	0.02899	0.01100	0.01499	0.01150	0.01649	0.00950	0.00950	0.03149	0.01849	0.73709	0.02549	0.02199	0.01599	0.00800	0.00650	0.00200	0.00550	0.00650	0.00800	0.01100
29	0.01488	0.01271	0.01354	0.01226	0.01561	0.01444	0.00950	0.03063	0.60849	0.02637	0.10075	0.02876	0.06445	0.00966	0.00674	0.00217	0.00480	0.00812	0.00660	0.00953
30	0.00914	0.00660	0.00864	0.00813	0.00965	0.00610	0.00610	0.01219	0.01829	0.02591	0.72921	0.04827	0.06097	0.01321	0.00762	0.00203	0.00305	0.01169	0.00711	0.00610
31	0.01599	0.01535	0.02623	0.03966	0.73262	0.01535	0.01983	0.01983	0.01471	0.02111	0.01215	0.01599	0.01023	0.00576	0.00640	0.00192	0.00768	0.00576	0.00320	0.01023
32	0.01564	0.01500	0.02560	0.10565	0.66935	0.01526	0.01966	0.01952	0.01455	0.02069	0.01209	0.01611	0.01009	0.00582	0.00640	0.00194	0.00776	0.00576	0.00317	0.00995
33	0.02899	0.01100	0.01499	0.01150	0.01649	0.00950	0.00950	0.03149	0.01849	0.73709	0.02549	0.02199	0.01599	0.00800	0.00650	0.00200	0.00550	0.00650	0.00800	0.01100
34	0.01057	0.00699	0.00866	0.00802	0.01003	0.00624	0.00609	0.01319	0.01736	0.08904	0.48731	0.04957	0.23544	0.01357	0.00752	0.00207	0.00333	0.01173	0.00690	0.00638
35	0.01296	0.03342	0.73944	0.01842	0.02797	0.01501	0.02387	0.02046	0.01364	0.02046	0.01160	0.01364	0.00818	0.00614	0.00614	0.00205	0.00955	0.00477	0.00273	0.00955
36	0.01238	0.01160	0.01916	0.72233	0.04320	0.01444	0.01758	0.01735	0.04627	0.01700	0.01218	0.01755	0.00914	0.00657	0.00647	0.00216	0.00845	0.00582	0.00305	0.00732
37	0.02077	0.01689	0.01970	0.09684	0.15016	0.06774	0.01384	0.34457	0.11629	0.06392	0.01601	0.01696	0.01182	0.00733	0.00642	0.00198	0.00734	0.00591	0.00537	0.01011
38	0.01607	0.01388	0.01461	0.01315	0.01680	0.01607	0.01023	0.03433	0.72094	0.02703	0.02630	0.02411	0.01972	0.00877	0.00657	0.00219	0.00511	0.00731	0.00657	0.01023
39	0.81856	0.01250	0.00950	0.00850	0.01250	0.01449	0.00700	0.01899	0.01100	0.02899	0.00900	0.01050	0.00700	0.00600	0.00400	0.00200	0.00500	0.00350	0.00400	0.00700
40	0.01569	0.01505	0.02568	0.09657	0.67805	0.01527	0.01968	0.01957	0.01457	0.02074	0.01210	0.01609	0.01011	0.00581	0.00640	0.00194	0.00775	0.00576	0.00317	0.00999
41	0.01607	0.01388	0.01461	0.01315	0.01680	0.01607	0.01023	0.03433	0.72094	0.02703	0.02630	0.02411	0.01972	0.00877	0.00657	0.00219	0.00511	0.00731	0.00657	0.01023
42	0.00963	0.00691	0.00872	0.00855	0.00888	0.00756	0.00567	0.01035	0.00970	0.01339	0.01882	0.03594	0.02057	0.52678	0.23120	0.00721	0.05330	0.00849	0.00373	0.00462
43	0.02899	0.01100	0.01499	0.01150	0.01649	0.00950	0.00950	0.03149	0.01849	0.73709	0.02549	0.02199	0.01599	0.00800	0.00650	0.00200	0.00550	0.00650	0.00800	0.01100
44	0.01240	0.00732	0.00968	0.00868	0.01077	0.00665	0.00665	0.01535	0.01832	0.14242	0.61392	0.04396	0.05360	0.01236	0.00744	0.00203	0.00345	0.01084	0.00726	0.00690
45	0.01599	0.01535	0.02623	0.03966	0.73262	0.01535	0.01983	0.01983	0.01471	0.02111	0.01215	0.01599	0.01023	0.00576	0.00640	0.00192	0.00768	0.00576	0.00320	0.01023
46	0.00781	0.00660	0.00679	0.00688	0.00902	0.00558	0.00525	0.00953	0.01474	0.01757	0.06352	0.06285	0.68703	0.01646	0.00772	0.00223	0.00344	0.05553	0.00600	0.00549
47	0.00764	0.00655	0.00655	0.00655	0.00873	0.00545	0.00491	0.00927	0.01473	0.01745	0.06546	0.06218	0.73000	0.01636	0.00764	0.00218	0.00327	0.01364	0.00600	0.00545
48	0.02330	0.02431	0.01887	0.01600	0.01970	0.39809	0.01257	0.28506	0.02205	0.02525	0.01194	0.01337	0.00935	0.00754	0.00761	0.00189	0.08493	0.00494	0.00447	0.00878
49	0.01576	0.01511	0.02580	0.08417	0.68994	0.01529	0.01971	0.01962	0.01460	0.02082	0.01211	0.01607	0.01013	0.00580	0.00640	0.00193	0.00773	0.00576	0.00318	0.01005
50	0.01220	0.01148	0.01938	0.75739	0.04450	0.01436	0.01794	0.01651	0.01292	0.01651	0.01148	0.01723	0.00861	0.00646	0.00646	0.00215	0.00861	0.00574	0.00287	0.00718
51	0.01599	0.01535	0.02623	0.03966	0.73262	0.01535	0.01983	0.01983	0.01471	0.02111	0.01215	0.01599	0.01023	0.00576	0.00640	0.00192	0.00768	0.00576	0.00320	0.01023
52	0.00906	0.00654	0.00856	0.00818	0.00964	0.00604	0.00609	0.01199	0.01791	0.02531	0.68526	0.09391	0.05981	0.01366	0.00766	0.00207	0.00309	0.01211	0.00704	0.00604
53	0.00982	0.00717	0.00960	0.01069	0.01224	0.00696	0.00908	0.01255	0.01510	0.01962	0.10645	0.09233	0.13606	0.01727	0.00860	0.00276	0.00522	0.50654	0.00607	0.00587
54	0.71146	0.08903	0.01211	0.00891	0.01305	0.01566	0.00751	0.01954	0.03502	0.02754	0.00958	0.01094	0.00755	0.00604	0.00410	0.00194	0.00519	0.00362	0.00396	0.00724

[dist]
# distance from previous block
# <min> <max>
0	1

[block]
# block no. 4 follows, 34 sequences, length 136
# corresponding to MSA columns:
# 272-407
name=unknown_E
#
# <colnr> <probs for GDERKNQSTAVLIFYWHMCP>
#	G	D	E	R	K	N	Q	S	T	A	V	L	I	F	Y	W	H	M	C	P
0	0.02332	0.02925	0.01910	0.01895	0.09146	0.67359	0.01322	0.02520	0.01795	0.01634	0.01020	0.01209	0.00851	0.00657	0.00588	0.00169	0.01125	0.00432	0.00332	0.00777
1	0.00939	0.00669	0.00872	0.00962	0.01071	0.00646	0.00750	0.01125	0.01363	0.01784	0.09029	0.19666	0.11383	0.13047	0.01262	0.02819	0.00504	0.31004	0.00566	0.00537
2	0.01688	0.64702	0.13456	0.01223	0.01832	0.02388	0.01293	0.04068	0.01373	0.01674	0.00956	0.01099	0.00836	0.00568	0.00450	0.00149	0.00729	0.00372	0.00287	0.00855
3	0.77944	0.01256	0.00975	0.00872	0.01271	0.01457	0.00715	0.01974	0.04561	0.02889	0.00984	0.01116	0.00762	0.00613	0.00412	0.00201	0.00500	0.00368	0.00412	0.00715
4	0.00914	0.00660	0.00864	0.00813	0.00965	0.00610	0.00610	0.01219	0.01829	0.02591	0.72921	0.04827	0.06097	0.01321	0.00762	0.00203	0.00305	0.01169	0.00711	0.00610
5	0.01854	0.03800	0.01749	0.01667	0.11087	0.01630	0.01176	0.13578	0.43855	0.09069	0.02218	0.02111	0.01646	0.00805	0.00645	0.00208	0.00585	0.00668	0.00612	0.01035
6	0.01220	0.01148	0.01938	0.75739	0.04450	0.01436	0.01794	0.01651	0.01292	0.01651	0.01148	0.01723	0.00861	0.00646	0.00646	0.00215	0.00861	0.00574	0.00287	0.00718
7	0.01296	0.03342	0.73944	0.01842	0.02797	0.01501	0.02387	0.02046	0.01364	0.02046	0.01160	0.01364	0.00818	0.00614	0.00614	0.00205	0.00955	0.00477	0.00273	0.00955
8	0.00787	0.00562	0.00750	0.00900	0.00937	0.00525	0.00600	0.00900	0.01237	0.01649	0.03561	0.76871	0.04274	0.02024	0.00825	0.00262	0.00375	0.01837	0.00600	0.00525
9	0.01480	0.15803	0.54395	0.01651	0.02485	0.01652	0.02023	0.02154	0.04457	0.06303	0.01263	0.01404	0.00917	0.00626	0.00584	0.00194	0.00866	0.00476	0.00322	0.00945
10	0.00888	0.00659	0.00827	0.00785	0.00949	0.00598	0.00589	0.01169	0.01767	0.02444	0.61373	0.05069	0.17736	0.01376	0.00762	0.00206	0.00309	0.01202	0.00692	0.00598
11	0.00787	0.00562	0.00750	0.00900	0.00937	0.00525	0.00600	0.00900	0.01237	0.01649	0.03561	0.76871	0.04274	0.02024	0.00825	0.00262	0.00375	0.01837	0.00600	0.00525
12	0.03825	0.01567	0.08094	0.34223	0.09058	0.01535	0.26359	0.01860	0.01379	0.01900	0.01194	0.01664	0.00908	0.00615	0.00720	0.00215	0.03139	0.00627	0.00306	0.00813
13	0.01484	0.01427	0.02456	0.25249	0.50676	0.01509	0.04042	0.01887	0.01420	0.01973	0.01198	0.01640	0.00974	0.00596	0.00645	0.00200	0.00805	0.00581	0.00310	0.00928
14	0.00787	0.00562	0.00750	0.00900	0.00937	0.00525	0.00600	0.00900	0.01237	0.01649	0.03561	0.76871	0.04274	0.02024	0.00825	0.00262	0.00375	0.01837	0.00600	0.00525
15	0.01975	0.24482	0.04963	0.01604	0.04696	0.36057	0.01305	0.02179	0.01509	0.01597	0.00959	0.01193	0.00841	0.00705	0.00792	0.00180	0.13446	0.00429	0.00305	0.00784
