[name]
unknown

[dist]
# distance from previous block
# <min> <max>
0	195

[block]
# block no. 0 follows, 32 sequences, length 13
# corresponding to MSA columns:
# 228-240
name=unknown_A
#
# <colnr> <probs for GDERKNQSTAVLIFYWHMCP>
#	G	D	E	R	K	N	Q	S	T	A	V	L	I	F	Y	W	H	M	C	P
0	0.01639	0.36875	0.17744	0.01540	0.06758	0.08472	0.01446	0.02058	0.04419	0.01860	0.04043	0.01895	0.05483	0.00744	0.00565	0.00180	0.00779	0.02273	0.00356	0.00872
1	0.05407	0.12324	0.49526	0.01735	0.02552	0.03360	0.05286	0.02104	0.03386	0.02097	0.01427	0.01718	0.02978	0.00699	0.00621	0.00207	0.00903	0.02414	0.00325	0.00932
2	0.01502	0.01189	0.01403	0.01008	0.01599	0.00901	0.00808	0.01798	0.01428	0.07024	0.01292	0.01453	0.01040	0.00520	0.00509	0.00107	0.00502	0.00417	0.00427	0.75074
3	0.01391	0.01193	0.01391	0.00994	0.01590	0.00894	0.00795	0.01690	0.01391	0.02186	0.01193	0.01391	0.00994	0.00497	0.00497	0.00099	0.00497	0.00398	0.00398	0.80521
4	0.00972	0.00725	0.00897	0.00986	0.01101	0.00709	0.00707	0.04501	0.05583	0.01937	0.03884	0.54109	0.11881	0.01900	0.00836	0.00264	0.00429	0.07337	0.00628	0.00614
5	0.00835	0.00594	0.00783	0.00917	0.00960	0.00557	0.00610	0.00957	0.01303	0.01746	0.07667	0.67433	0.04430	0.06541	0.01007	0.00292	0.00401	0.01810	0.00617	0.00542
6	0.01704	0.01703	0.02456	0.08221	0.45723	0.08537	0.04441	0.02272	0.10507	0.02157	0.01411	0.01732	0.01149	0.00679	0.00740	0.00208	0.04386	0.00610	0.00375	0.00992
7	0.00962	0.00705	0.01009	0.01009	0.01105	0.00801	0.00752	0.01154	0.01058	0.01506	0.01861	0.02987	0.01830	0.19305	0.59696	0.00993	0.01568	0.00770	0.00369	0.00561
8	0.02113	0.01662	0.01767	0.01455	0.01914	0.01876	0.01169	0.36987	0.36877	0.03522	0.02168	0.02054	0.01592	0.00858	0.00677	0.00214	0.00635	0.00681	0.00677	0.01102
9	0.01293	0.01219	0.02059	0.70146	0.09079	0.01498	0.01876	0.01737	0.01354	0.01746	0.01197	0.01780	0.00906	0.00666	0.00670	0.00222	0.00888	0.00596	0.00300	0.00766
10	0.00834	0.00673	0.00735	0.00762	0.00945	0.00586	0.00566	0.01008	0.01495	0.01841	0.09910	0.15086	0.51343	0.05467	0.00941	0.00258	0.00379	0.05989	0.00619	0.00563
11	0.01842	0.05488	0.01913	0.01909	0.14780	0.11609	0.01286	0.08742	0.37606	0.02569	0.02147	0.02125	0.03380	0.00817	0.00658	0.00208	0.00696	0.00668	0.00550	0.01007
12	0.01775	0.01844	0.04612	0.03175	0.35849	0.08110	0.22018	0.05410	0.01642	0.03978	0.01305	0.01664	0.01038	0.00637	0.00760	0.00209	0.03990	0.00640	0.00362	0.00981

[dist]
# distance from previous block
# <min> <max>
4	7

[block]
# block no. 1 follows, 32 sequences, length 30
# corresponding to MSA columns:
# 248-277
name=unknown_B
#
# <colnr> <probs for GDERKNQSTAVLIFYWHMCP>
#	G	D	E	R	K	N	Q	S	T	A	V	L	I	F	Y	W	H	M	C	P
0	0.01208	0.00846	0.00951	0.00879	0.00987	0.00859	0.00569	0.11030	0.01338	0.01802	0.02145	0.10350	0.02370	0.55419	0.02659	0.00527	0.00633	0.00981	0.00464	0.03981
1	0.04975	0.01725	0.02832	0.06499	0.11280	0.06224	0.32010	0.07845	0.08541	0.08911	0.01575	0.01820	0.01166	0.00663	0.00712	0.00215	0.00916	0.00688	0.00446	0.00956
2	0.01267	0.01193	0.02013	0.74806	0.04621	0.01491	0.01863	0.01714	0.01342	0.01714	0.01193	0.01789	0.00894	0.00671	0.00671	0.00224	0.00894	0.00596	0.00298	0.00745
3	0.01794	0.76823	0.03516	0.01148	0.01722	0.02655	0.01148	0.02009	0.01363	0.01579	0.00933	0.01076	0.00861	0.00574	0.00431	0.00144	0.00718	0.00359	0.00287	0.00861
4	0.02448	0.01774	0.01915	0.01498	0.02011	0.01959	0.01228	0.56510	0.13018	0.07882	0.01833	0.01780	0.01303	0.00822	0.00673	0.00206	0.00699	0.00631	0.00682	0.01130
5	0.00793	0.00680	0.00680	0.00680	0.00906	0.00566	0.00510	0.00963	0.01529	0.01813	0.06797	0.06457	0.71961	0.01699	0.00793	0.00227	0.00340	0.01416	0.00623	0.00566
6	0.02588	0.01820	0.01977	0.01516	0.02051	0.01993	0.01252	0.64625	0.03055	0.09740	0.01694	0.01665	0.01183	0.00807	0.00672	0.00202	0.00725	0.00610	0.00684	0.01141
7	0.02652	0.01307	0.01600	0.01261	0.01748	0.01282	0.01031	0.16491	0.11758	0.46167	0.02432	0.02191	0.01614	0.00834	0.00666	0.00207	0.00587	0.00670	0.04395	0.01107
8	0.01273	0.00701	0.00729	0.00727	0.00901	0.00720	0.00559	0.01713	0.07020	0.02492	0.02327	0.02852	0.01894	0.00866	0.00518	0.00173	0.00351	0.05276	0.68248	0.00660
9	0.01097	0.00931	0.01317	0.01337	0.04584	0.03252	0.07563	0.01393	0.05385	0.01850	0.02872	0.43957	0.03193	0.04781	0.05674	0.00322	0.02961	0.02909	0.03970	0.00651
10	0.00965	0.00646	0.00735	0.00746	0.00749	0.00643	0.00422	0.00973	0.00997	0.01330	0.02224	0.09342	0.02578	0.71280	0.03238	0.00624	0.00632	0.01040	0.00422	0.00416
11	0.11158	0.01510	0.03448	0.01569	0.01785	0.01854	0.02891	0.09166	0.11781	0.03786	0.01326	0.01654	0.01109	0.01117	0.03740	0.00283	0.39968	0.00597	0.00420	0.00839
12	0.01720	0.45190	0.19862	0.01723	0.10744	0.02225	0.01586	0.06448	0.01512	0.01956	0.01082	0.01264	0.00902	0.00607	0.00524	0.00171	0.00794	0.00437	0.00317	0.00935
13	0.01918	0.05591	0.05570	0.05586	0.25082	0.16042	0.05547	0.11716	0.07405	0.03814	0.01614	0.01808	0.03878	0.00720	0.00655	0.00198	0.00856	0.00607	0.00426	0.00963
14	0.01017	0.00697	0.00851	0.04167	0.01055	0.00673	0.00581	0.01147	0.01325	0.04536	0.15917	0.13662	0.14016	0.35201	0.01969	0.00419	0.00516	0.01176	0.00540	0.00535
15	0.00963	0.00645	0.00736	0.00748	0.00751	0.00642	0.00424	0.00972	0.01001	0.01334	0.02242	0.10154	0.02600	0.70437	0.03209	0.00620	0.00629	0.01051	0.00424	0.00418
16	0.02360	0.00992	0.01309	0.01072	0.01473	0.00862	0.00853	0.02580	0.01754	0.51540	0.03339	0.11521	0.12015	0.04096	0.00821	0.00235	0.00520	0.00935	0.00760	0.00962
17	0.00975	0.00655	0.00754	0.00754	0.00762	0.00663	0.00435	0.00990	0.00982	0.01318	0.02094	0.04277	0.02390	0.71794	0.07973	0.00678	0.00725	0.00959	0.00404	0.00419
18	0.58871	0.01253	0.01149	0.00971	0.01416	0.01357	0.00801	0.02342	0.01364	0.22885	0.01423	0.01430	0.00993	0.00682	0.00489	0.00208	0.00534	0.00452	0.00534	0.00845
19	0.01669	0.01441	0.01517	0.01365	0.01745	0.01669	0.01062	0.03565	0.71021	0.02807	0.02731	0.02503	0.02048	0.00910	0.00683	0.00228	0.00531	0.00759	0.00683	0.01062
20	0.01460	0.01606	0.06957	0.01772	0.01841	0.02021	0.01538	0.01650	0.01055	0.01650	0.00903	0.01464	0.00879	0.01137	0.02094	0.00288	0.70060	0.00581	0.00293	0.00752
21	0.07100	0.01612	0.01959	0.01510	0.02031	0.01693	0.06680	0.41349	0.02541	0.20584	0.01887	0.02018	0.01351	0.00827	0.00678	0.00210	0.00711	0.03517	0.00666	0.01076
22	0.81159	0.01298	0.00986	0.00882	0.01298	0.01505	0.00727	0.01972	0.01142	0.03010	0.00934	0.01090	0.00727	0.00623	0.00415	0.00208	0.00519	0.00363	0.00415	0.00727
23	0.00850	0.00642	0.00764	0.00824	0.00943	0.00581	0.00578	0.01004	0.01421	0.01834	0.12871	0.33758	0.27882	0.09390	0.01088	0.00289	0.00397	0.03718	0.00615	0.00551
24	0.00816	0.00589	0.00774	0.00922	0.00970	0.00546	0.00617	0.00936	0.01297	0.01718	0.03851	0.72559	0.07761	0.02082	0.00853	0.00270	0.00387	0.01883	0.00623	0.00546
25	0.01360	0.01314	0.01888	0.01641	0.01695	0.01760	0.03549	0.01544	0.01097	0.01653	0.01343	0.02135	0.03160	0.01738	0.11861	0.00398	0.56276	0.04545	0.00332	0.00710
26	0.00850	0.00617	0.00775	0.00881	0.00950	0.00574	0.00597	0.00975	0.01313	0.01723	0.06618	0.51427	0.13630	0.11742	0.01183	0.00315	0.00423	0.04272	0.00599	0.00536
27	0.01573	0.01342	0.01434	0.01307	0.01652	0.01536	0.01009	0.03263	0.62481	0.02736	0.07267	0.06945	0.02465	0.01010	0.00700	0.00229	0.00509	0.00855	0.00683	0.01004
28	0.01541	0.08757	0.17085	0.04864	0.15359	0.01649	0.01581	0.05029	0.21331	0.02280	0.01810	0.06728	0.01511	0.00969	0.03014	0.00243	0.04154	0.00690	0.00448	0.00956
29	0.01506	0.01247	0.01463	0.01275	0.06450	0.01129	0.00927	0.05201	0.15699	0.02438	0.01628	0.01756	0.01292	0.00630	0.00552	0.00143	0.00518	0.00517	0.08275	0.47357

[dist]
# distance from previous block
# <min> <max>
0	3

[block]
# block no. 2 follows, 32 sequences, length 18
# corresponding to MSA columns:
# 281-298
name=unknown_C
#
# <colnr> <probs for GDERKNQSTAVLIFYWHMCP>
#	G	D	E	R	K	N	Q	S	T	A	V	L	I	F	Y	W	H	M	C	P
0	0.01867	0.49641	0.02892	0.01393	0.05354	0.09293	0.01191	0.02165	0.04616	0.06271	0.01202	0.01372	0.01027	0.00907	0.04878	0.00219	0.04043	0.00448	0.00353	0.00870
1	0.00964	0.00646	0.00735	0.00747	0.00750	0.00643	0.00423	0.00973	0.00999	0.01332	0.02233	0.09775	0.02590	0.70829	0.03223	0.00622	0.00631	0.01046	0.00423	0.00417
2	0.01838	0.02105	0.16779	0.01726	0.06721	0.07494	0.01486	0.15918	0.33132	0.02804	0.01960	0.01943	0.01461	0.00794	0.00664	0.00213	0.00740	0.00637	0.00546	0.01040
3	0.01610	0.01236	0.01472	0.01312	0.05459	0.01167	0.00972	0.04067	0.22026	0.08938	0.02091	0.07829	0.01764	0.00845	0.00628	0.00178	0.00533	0.03579	0.00552	0.33741
4	0.00843	0.00713	0.00734	0.00739	0.00958	0.00625	0.00550	0.01103	0.05302	0.01858	0.06313	0.12126	0.62430	0.01690	0.00792	0.00231	0.00354	0.01422	0.00626	0.00592
5	0.01544	0.04669	0.02490	0.30465	0.24957	0.01577	0.10454	0.01946	0.01444	0.05710	0.01355	0.03805	0.01101	0.00707	0.00763	0.00217	0.04910	0.00652	0.00351	0.00884
6	0.01737	0.01475	0.01555	0.01379	0.01771	0.01701	0.01078	0.08671	0.65805	0.02916	0.02645	0.02435	0.01979	0.00902	0.00682	0.00226	0.00547	0.00747	0.00682	0.01068
7	0.00898	0.00636	0.00754	0.00800	0.00856	0.00604	0.00510	0.00986	0.01229	0.01622	0.09242	0.27797	0.12724	0.36018	0.02014	0.00434	0.00496	0.01355	0.00534	0.00492
8	0.01661	0.01594	0.02724	0.04119	0.72233	0.01594	0.02059	0.02059	0.01528	0.02192	0.01262	0.01661	0.01063	0.00598	0.00664	0.00199	0.00797	0.00598	0.00332	0.01063
9	0.01215	0.00622	0.00638	0.00651	0.00798	0.00619	0.00482	0.01511	0.01397	0.02436	0.02315	0.08651	0.01947	0.00892	0.00501	0.00166	0.00319	0.00733	0.73489	0.00619
10	0.01468	0.01468	0.02055	0.01762	0.01762	0.02055	0.01468	0.01615	0.01028	0.01615	0.00881	0.01468	0.00881	0.01174	0.02202	0.00294	0.75191	0.00587	0.00294	0.00734
11	0.01341	0.01247	0.02067	0.66857	0.09731	0.01519	0.01858	0.04086	0.01418	0.01837	0.01212	0.01773	0.00916	0.00670	0.00670	0.00221	0.00882	0.00597	0.00314	0.00783
12	0.02586	0.01823	0.01979	0.01517	0.02053	0.01997	0.01253	0.64863	0.03060	0.09496	0.01691	0.01663	0.01181	0.00807	0.00672	0.00202	0.00725	0.00610	0.00683	0.01141
13	0.02551	0.01879	0.02014	0.01544	0.02081	0.02081	0.01275	0.69996	0.03155	0.04229	0.01611	0.01611	0.01141	0.00805	0.00671	0.00201	0.00738	0.00604	0.00671	0.01141
14	0.00806	0.00675	0.00702	0.00706	0.00917	0.00570	0.00525	0.00985	0.01545	0.01875	0.11638	0.10071	0.63294	0.01696	0.00796	0.00228	0.00341	0.01427	0.00632	0.00570
15	0.01021	0.00786	0.01002	0.05371	0.01345	0.00818	0.00802	0.01470	0.13056	0.01904	0.03289	0.48800	0.03664	0.05775	0.00960	0.00286	0.00479	0.07927	0.00602	0.00644
16	0.02236	0.01552	0.01738	0.01493	0.05925	0.01681	0.01141	0.43792	0.07874	0.08844	0.01856	0.01890	0.01348	0.00799	0.00636	0.00196	0.00638	0.00625	0.14697	0.01039
17	0.00816	0.00681	0.00712	0.00704	0.00920	0.00576	0.00528	0.01008	0.01584	0.01942	0.16401	0.06244	0.62277	0.01651	0.00793	0.00224	0.00336	0.01386	0.00640	0.00576

[dist]
# distance from previous block
# <min> <max>
4	7

[block]
# block no. 3 follows, 32 sequences, length 21
# corresponding to MSA columns:
# 308-328
name=unknown_D
#
# <colnr> <probs for GDERKNQSTAVLIFYWHMCP>
#	G	D	E	R	K	N	Q	S	T	A	V	L	I	F	Y	W	H	M	C	P
0	0.01579	0.09394	0.22788	0.01939	0.13217	0.03332	0.04163	0.10735	0.07825	0.02410	0.07635	0.05442	0.03419	0.00912	0.02118	0.00223	0.00787	0.00698	0.00444	0.00938
1	0.01209	0.00986	0.01196	0.01150	0.01318	0.04235	0.00879	0.05814	0.09400	0.01875	0.02050	0.09990	0.01958	0.08138	0.43979	0.00757	0.03104	0.00837	0.00444	0.00681
2	0.00961	0.00653	0.00728	0.00728	0.00746	0.00644	0.00415	0.00975	0.01020	0.01342	0.02485	0.04554	0.07940	0.70507	0.03208	0.00617	0.00626	0.01011	0.00424	0.00419
3	0.07615	0.01134	0.01490	0.01156	0.01658	0.01002	0.00953	0.03106	0.01859	0.65872	0.02699	0.02368	0.04229	0.00850	0.00664	0.00208	0.00559	0.00684	0.00798	0.01096
4	0.01730	0.01471	0.01551	0.01378	0.01768	0.01697	0.01077	0.08135	0.66352	0.02905	0.02654	0.02442	0.01986	0.00903	0.00682	0.00226	0.00545	0.00748	0.00682	0.01067
5	0.25849	0.01286	0.01451	0.01149	0.01641	0.01285	0.00949	0.11839	0.01858	0.43094	0.02006	0.01844	0.01317	0.00766	0.00598	0.00207	0.00578	0.00574	0.00687	0.01020
6	0.02551	0.01879	0.02014	0.01544	0.02081	0.02081	0.01275	0.69996	0.03155	0.04229	0.01611	0.01611	0.01141	0.00805	0.00671	0.00201	0.00738	0.00604	0.00671	0.01141
7	0.00810	0.00679	0.00707	0.00724	0.00936	0.00576	0.00547	0.00984	0.01516	0.01817	0.06441	0.10686	0.64329	0.01732	0.00804	0.00234	0.00357	0.04933	0.00623	0.00568
8	0.01794	0.76823	0.03516	0.01148	0.01722	0.02655	0.01148	0.02009	0.01363	0.01579	0.00933	0.01076	0.00861	0.00574	0.00431	0.00144	0.00718	0.00359	0.00287	0.00861
9	0.81159	0.01298	0.00986	0.00882	0.01298	0.01505	0.00727	0.01972	0.01142	0.03010	0.00934	0.01090	0.00727	0.00623	0.00415	0.00208	0.00519	0.00363	0.00415	0.00727
10	0.01669	0.01441	0.01517	0.01365	0.01745	0.01669	0.01062	0.03565	0.71021	0.02807	0.02731	0.02503	0.02048	0.00910	0.00683	0.00228	0.00531	0.00759	0.00683	0.01062
11	0.00933	0.00685	0.00873	0.00826	0.00992	0.00626	0.00620	0.01233	0.01859	0.02595	0.64815	0.05169	0.13455	0.01407	0.00792	0.00213	0.00319	0.01235	0.00726	0.00626
12	0.01284	0.00807	0.01018	0.00929	0.01163	0.00748	0.00727	0.04665	0.01876	0.11882	0.44216	0.04913	0.15172	0.01361	0.00781	0.00220	0.00397	0.06406	0.00721	0.00713
13	0.00858	0.00728	0.00746	0.00733	0.00965	0.00640	0.00552	0.01146	0.05902	0.01932	0.10781	0.06116	0.63313	0.01629	0.00786	0.00226	0.00350	0.01362	0.00634	0.00602
14	0.74800	0.01249	0.00962	0.00866	0.01267	0.01431	0.00710	0.01893	0.01173	0.02916	0.01398	0.01515	0.06363	0.00708	0.00445	0.00209	0.00505	0.00447	0.00432	0.00714
15	0.02186	0.01750	0.06142	0.01522	0.02006	0.04852	0.05469	0.41133	0.02478	0.10216	0.01980	0.13513	0.01680	0.00985	0.00704	0.00214	0.00727	0.00816	0.00621	0.01006
16	0.00891	0.00687	0.00829	0.00854	0.01018	0.00638	0.00650	0.01101	0.01503	0.01943	0.17641	0.12281	0.33008	0.05973	0.08570	0.00350	0.00546	0.10333	0.00605	0.00579
17	0.01745	0.22106	0.23438	0.08853	0.02321	0.06214	0.01551	0.03926	0.03202	0.11118	0.01508	0.04941	0.01233	0.04212	0.00728	0.00215	0.00808	0.00583	0.00402	0.00897
18	0.04958	0.49680	0.06140	0.01313	0.01844	0.19344	0.01221	0.02230	0.01511	0.04951	0.01049	0.01180	0.00893	0.00618	0.00492	0.00159	0.00833	0.00397	0.00331	0.00855
19	0.04329	0.01203	0.04050	0.06914	0.01786	0.01038	0.02609	0.06211	0.03906	0.08597	0.02267	0.09923	0.08597	0.04866	0.00774	0.00201	0.00568	0.00764	0.00498	0.30899
20	0.02051	0.05118	0.02548	0.08148	0.08925	0.05623	0.17576	0.28491	0.07186	0.05325	0.01540	0.01720	0.01140	0.00711	0.00686	0.00207	0.00853	0.00641	0.00503	0.01008

[dist]
# distance from previous block
# <min> <max>
1	10

[block]
# block no. 4 follows, 32 sequences, length 52
# corresponding to MSA columns:
# 339-390
name=unknown_E
#
# <colnr> <probs for GDERKNQSTAVLIFYWHMCP>
#	G	D	E	R	K	N	Q	S	T	A	V	L	I	F	Y	W	H	M	C	P
0	0.00942	0.00746	0.00809	0.00823	0.01018	0.00701	0.00604	0.01324	0.09804	0.02000	0.08613	0.20990	0.40647	0.01616	0.00772	0.00231	0.00371	0.01382	0.05979	0.00628
1	0.01319	0.01081	0.01172	0.01094	0.01382	0.01147	0.00848	0.07911	0.29189	0.02461	0.07568	0.10760	0.24235	0.01341	0.00754	0.00234	0.00471	0.05560	0.00656	0.00817
2	0.09294	0.01264	0.01788	0.01376	0.01876	0.01185	0.09325	0.08811	0.01893	0.47014	0.04020	0.05600	0.01704	0.00852	0.00678	0.00212	0.00635	0.00728	0.00709	0.01037
3	0.00995	0.00673	0.00840	0.00840	0.00912	0.00711	0.00573	0.01126	0.01089	0.01560	0.02212	0.03625	0.05078	0.38564	0.28030	0.00725	0.01005	0.00861	0.10072	0.00509
4	0.01842	0.71876	0.03408	0.01187	0.01746	0.07430	0.01158	0.02054	0.01400	0.01583	0.00940	0.01085	0.00861	0.00582	0.00442	0.00145	0.00751	0.00364	0.00291	0.00855
5	0.00976	0.00651	0.00732	0.00732	0.00732	0.00651	0.00407	0.00976	0.00976	0.01301	0.02114	0.04391	0.02439	0.76419	0.03415	0.00651	0.00651	0.00976	0.00407	0.00407
6	0.01647	0.01580	0.02699	0.06587	0.69873	0.01591	0.02052	0.02047	0.01521	0.02175	0.01260	0.01665	0.01057	0.00600	0.00665	0.00200	0.00801	0.00598	0.00331	0.01052
7	0.01267	0.01193	0.02013	0.74806	0.04621	0.01491	0.01863	0.01714	0.01342	0.01714	0.01193	0.01789	0.00894	0.00671	0.00671	0.00224	0.00894	0.00596	0.00298	0.00745
8	0.01391	0.01193	0.01391	0.00994	0.01590	0.00894	0.00795	0.01690	0.01391	0.02186	0.01193	0.01391	0.00994	0.00497	0.00497	0.00099	0.00497	0.00398	0.00398	0.80521
9	0.00879	0.00676	0.00803	0.00786	0.00963	0.00601	0.00584	0.01124	0.01712	0.02279	0.41629	0.10454	0.31983	0.01551	0.00796	0.00221	0.00331	0.01341	0.00685	0.00601
10	0.01968	0.02231	0.02293	0.01903	0.02182	0.30232	0.12199	0.06713	0.01603	0.01886	0.01067	0.01430	0.00914	0.00863	0.01247	0.00229	0.29329	0.00560	0.00347	0.00806
11	0.02779	0.01513	0.01787	0.01370	0.01898	0.01537	0.01132	0.36824	0.02541	0.38267	0.02126	0.01945	0.01400	0.00818	0.00673	0.00204	0.00655	0.00639	0.00750	0.01141
12	0.00943	0.00681	0.00891	0.00849	0.01001	0.00629	0.00633	0.01249	0.01868	0.02641	0.68401	0.08633	0.06235	0.01409	0.00795	0.00214	0.00320	0.01249	0.00733	0.00629
13	0.01245	0.00755	0.00969	0.00876	0.01099	0.00678	0.00671	0.01533	0.01853	0.13312	0.52518	0.04788	0.14429	0.01333	0.00774	0.00213	0.00359	0.01158	0.00737	0.00702
14	0.00818	0.00584	0.00779	0.00934	0.00973	0.00545	0.00623	0.00934	0.01285	0.01713	0.03698	0.75981	0.04438	0.02102	0.00856	0.00273	0.00389	0.01908	0.00623	0.00545
15	0.01842	0.55580	0.03098	0.01293	0.01775	0.02489	0.01214	0.10733	0.01543	0.01927	0.01012	0.01206	0.00900	0.00696	0.00733	0.00174	0.12145	0.00426	0.00338	0.00878
16	0.01839	0.06120	0.12970	0.02035	0.11753	0.05376	0.08408	0.14658	0.11259	0.05805	0.01537	0.01728	0.01181	0.00896	0.03095	0.00242	0.09056	0.00610	0.00453	0.00978
17	0.02098	0.37434	0.02734	0.01667	0.08247	0.31576	0.01295	0.04567	0.01658	0.01749	0.01028	0.01202	0.00890	0.00632	0.00531	0.00162	0.00927	0.00419	0.00328	0.00855
18	0.00961	0.00711	0.01038	0.01038	0.01145	0.00817	0.00789	0.01173	0.01067	0.01528	0.01834	0.02838	0.01765	0.13244	0.65668	0.01029	0.01665	0.00748	0.00365	0.00577
19	0.04124	0.01682	0.10734	0.07597	0.31600	0.01463	0.09998	0.04287	0.03582	0.08358	0.08441	0.02050	0.01616	0.00717	0.00684	0.00209	0.00782	0.00675	0.00431	0.00970
20	0.02098	0.01643	0.01780	0.05347	0.06731	0.07191	0.01230	0.19523	0.32132	0.11828	0.02139	0.02065	0.01561	0.00825	0.00671	0.00212	0.00675	0.00666	0.00630	0.01054
21	0.02295	0.01965	0.01896	0.01548	0.01991	0.12914	0.01246	0.41811	0.16918	0.03381	0.01712	0.01726	0.01271	0.00832	0.00756	0.00208	0.05274	0.00609	0.00601	0.01045
22	0.01642	0.01523	0.02586	0.14365	0.60336	0.01562	0.02000	0.02043	0.01512	0.04139	0.01292	0.01697	0.01055	0.00615	0.00666	0.00203	0.00805	0.00600	0.00341	0.01019
23	0.01452	0.01229	0.01285	0.01216	0.01506	0.04925	0.00946	0.02568	0.38684	0.04181	0.07884	0.10900	0.09868	0.01241	0.00744	0.00237	0.00529	0.09087	0.00653	0.00865
24	0.00976	0.00651	0.00732	0.00732	0.00732	0.00651	0.00407	0.00976	0.00976	0.01301	0.02114	0.04391	0.02439	0.76419	0.03415	0.00651	0.00651	0.00976	0.00407	0.00407
25	0.00978	0.00696	0.00857	0.00838	0.01007	0.00633	0.00628	0.01222	0.01683	0.04477	0.39727	0.09600	0.22362	0.06556	0.00978	0.00255	0.00378	0.05841	0.00675	0.00611
26	0.02551	0.01879	0.02014	0.01544	0.02081	0.02081	0.01275	0.69996	0.03155	0.04229	0.01611	0.01611	0.01141	0.00805	0.00671	0.00201	0.00738	0.00604	0.00671	0.01141
27	0.81159	0.01298	0.00986	0.00882	0.01298	0.01505	0.00727	0.01972	0.01142	0.03010	0.00934	0.01090	0.00727	0.00623	0.00415	0.00208	0.00519	0.00363	0.00415	0.00727
28	0.81159	0.01298	0.00986	0.00882	0.01298	0.01505	0.00727	0.01972	0.01142	0.03010	0.00934	0.01090	0.00727	0.00623	0.00415	0.00208	0.00519	0.00363	0.00415	0.00727
29	0.01209	0.00973	0.01160	0.01276	0.01455	0.05829	0.01095	0.01590	0.05113	0.02024	0.03338	0.06874	0.03563	0.01726	0.00892	0.00295	0.00654	0.59680	0.00602	0.00652
30	0.03010	0.01142	0.01557	0.01194	0.01713	0.00986	0.00986	0.03270	0.01920	0.72698	0.02647	0.02284	0.01661	0.00830	0.00675	0.00208	0.00571	0.00675	0.00830	0.01142
31	0.75790	0.01252	0.00962	0.00865	0.01263	0.01446	0.00709	0.01945	0.01160	0.02976	0.01019	0.01185	0.00793	0.00634	0.00419	0.00204	0.00505	0.00381	0.05772	0.00720
32	0.01631	0.37050	0.36264	0.01550	0.02306	0.07017	0.01788	0.02110	0.01426	0.01842	0.01068	0.01247	0.00856	0.00612	0.00540	0.00178	0.00881	0.00429	0.00289	0.00917
33	0.00926	0.00675	0.00871	0.00844	0.00993	0.00620	0.00624	0.01212	0.01811	0.02533	0.60638	0.12628	0.10174	0.01469	0.00798	0.00219	0.00326	0.01300	0.00719	0.00620
34	0.00841	0.00682	0.00746	0.00730	0.00936	0.00587	0.00547	0.01055	0.01642	0.02080	0.26611	0.06017	0.51980	0.01600	0.00793	0.00222	0.00333	0.01354	0.00658	0.00587
35	0.00872	0.00624	0.00837	0.00962	0.01034	0.00589	0.00687	0.01044	0.01408	0.01893	0.13470	0.56494	0.04631	0.01963	0.00857	0.00269	0.00410	0.10749	0.00639	0.00568
36	0.02447	0.01828	0.01956	0.01523	0.02041	0.02033	0.01250	0.62222	0.11097	0.04062	0.01742	0.01715	0.01247	0.00818	0.00673	0.00204	0.00714	0.00622	0.00673	0.01132
37	0.01590	0.01785	0.03792	0.02728	0.03386	0.01695	0.65076	0.02247	0.06353	0.02194	0.01452	0.01858	0.01089	0.00589	0.00784	0.00226	0.01090	0.00790	0.00363	0.00916
38	0.01321	0.01247	0.02109	0.65202	0.13808	0.01505	0.01890	0.01761	0.01367	0.01779	0.01202	0.01771	0.00917	0.00661	0.00670	0.00220	0.00881	0.00597	0.00303	0.00789
39	0.02506	0.03198	0.01901	0.01729	0.02074	0.73725	0.01296	0.02679	0.01901	0.01642	0.01037	0.01210	0.00864	0.00691	0.00605	0.00173	0.01210	0.00432	0.00346	0.00778
40	0.01166	0.00583	0.00874	0.00874	0.00874	0.00583	0.00583	0.00874	0.00874	0.01166	0.01166	0.02040	0.01166	0.02331	0.02622	0.80478	0.00583	0.00583	0.00291	0.00291
41	0.00836	0.00605	0.00795	0.00940	0.01001	0.00564	0.00650	0.00971	0.01321	0.01742	0.03895	0.66082	0.08915	0.02056	0.00858	0.00272	0.00403	0.06919	0.00622	0.00552
42	0.81159	0.01298	0.00986	0.00882	0.01298	0.01505	0.00727	0.01972	0.01142	0.03010	0.00934	0.01090	0.00727	0.00623	0.00415	0.00208	0.00519	0.00363	0.00415	0.00727
43	0.02429	0.02867	0.01916	0.01757	0.04266	0.57763	0.01302	0.11047	0.06673	0.02057	0.01229	0.01360	0.00984	0.00717	0.00620	0.00181	0.01093	0.00481	0.00408	0.00851
44	0.01282	0.01208	0.02040	0.72059	0.07249	0.01495	0.01871	0.01728	0.01349	0.01733	0.01195	0.01784	0.00901	0.00668	0.00671	0.00223	0.00891	0.00596	0.00299	0.00758
45	0.01064	0.00831	0.00971	0.00939	0.01145	0.00819	0.00713	0.03705	0.12330	0.02391	0.31429	0.13505	0.20960	0.01476	0.00787	0.00230	0.00394	0.04945	0.00680	0.00687
46	0.01775	0.73660	0.06510	0.01181	0.01773	0.02608	0.01205	0.02014	0.01366	0.01602	0.00945	0.01091	0.00861	0.00577	0.00439	0.00146	0.00729	0.00365	0.00287	0.00867
47	0.01283	0.01103	0.01160	0.03300	0.01431	0.03199	0.00832	0.05026	0.27383	0.02423	0.15576	0.04249	0.27860	0.01254	0.00737	0.00222	0.00466	0.01050	0.00649	0.00797
48	0.01219	0.01093	0.01223	0.09153	0.04047	0.05955	0.00913	0.01786	0.13936	0.02288	0.26750	0.04077	0.20097	0.01192	0.00733	0.00213	0.00507	0.01014	0.00601	0.03205
49	0.00825	0.00615	0.00769	0.00870	0.00962	0.00559	0.00599	0.00974	0.01400	0.01833	0.11222	0.53771	0.19273	0.01941	0.00836	0.00256	0.00371	0.01731	0.00635	0.00559
50	0.02087	0.22911	0.09861	0.01444	0.01943	0.25843	0.01295	0.10550	0.01845	0.07340	0.05666	0.01702	0.03287	0.00747	0.00590	0.00179	0.00868	0.00533	0.00430	0.00880
51	0.01670	0.01612	0.04575	0.12330	0.54216	0.01601	0.01947	0.07642	0.01633	0.02301	0.01279	0.01657	0.01041	0.00622	0.00660	0.00200	0.00801	0.00590	0.00357	0.03265

[dist]
# distance from previous block
# <min> <max>
1	15

[block]
# block no. 5 follows, 32 sequences, length 11
# corresponding to MSA columns:
# 406-416
name=unknown_F
#
# <colnr> <probs for GDERKNQSTAVLIFYWHMCP>
#	G	D	E	R	K	N	Q	S	T	A	V	L	I	F	Y	W	H	M	C	P
0	0.02101	0.13818	0.05319	0.04957	0.13754	0.18963	0.03240	0.02380	0.01597	0.16107	0.01386	0.01561	0.01064	0.00739	0.00809	0.00200	0.10130	0.00535	0.00421	0.00918
1	0.64709	0.13023	0.01533	0.01025	0.01479	0.01693	0.04399	0.01987	0.01199	0.02744	0.00956	0.01125	0.00763	0.00612	0.00437	0.00199	0.00582	0.00385	0.00391	0.00757
2	0.01493	0.01239	0.01580	0.01500	0.12497	0.01055	0.01010	0.04445	0.01508	0.05235	0.01809	0.01966	0.07812	0.00673	0.00613	0.00141	0.02622	0.00551	0.00435	0.51818
3	0.00808	0.00680	0.00700	0.00695	0.00915	0.00573	0.00522	0.00992	0.01565	0.01896	0.13011	0.06319	0.65695	0.01668	0.00793	0.00225	0.00338	0.01397	0.00634	0.00573
4	0.01115	0.00855	0.01215	0.01169	0.01349	0.00837	0.05998	0.07769	0.01660	0.02243	0.17631	0.36429	0.04162	0.01665	0.00832	0.00256	0.00503	0.13022	0.00630	0.00660
5	0.53994	0.01665	0.12278	0.01130	0.01655	0.01505	0.01071	0.07731	0.01433	0.10406	0.01214	0.01311	0.00880	0.00662	0.00498	0.00208	0.00616	0.00437	0.00460	0.00846
6	0.00797	0.00665	0.00695	0.00719	0.00917	0.00563	0.00527	0.00959	0.01491	0.01797	0.06317	0.17227	0.61502	0.01762	0.00803	0.00234	0.00348	0.01492	0.00623	0.00563
7	0.01434	0.01451	0.01421	0.01319	0.01449	0.18347	0.01009	0.01600	0.01247	0.01549	0.01478	0.02334	0.01440	0.14484	0.30519	0.00634	0.16634	0.00664	0.00350	0.00639
8	0.01473	0.01317	0.01893	0.02141	0.21375	0.01399	0.06464	0.04023	0.24864	0.02308	0.02418	0.02778	0.07454	0.01542	0.12026	0.00354	0.00840	0.03911	0.00501	0.00919
9	0.00931	0.00719	0.00846	0.00890	0.01038	0.00683	0.00649	0.01244	0.07174	0.01947	0.12618	0.27665	0.25816	0.07385	0.01014	0.00279	0.00417	0.07458	0.00625	0.00601
10	0.25718	0.27053	0.08016	0.01298	0.01778	0.19117	0.01182	0.02149	0.01414	0.02070	0.00978	0.01159	0.00822	0.00650	0.00568	0.00182	0.04302	0.00400	0.00339	0.00806

[dist]
# distance from previous block
# <min> <max>
0	1

[block]
# block no. 6 follows, 32 sequences, length 30
# corresponding to MSA columns:
# 418-447
name=unknown_G
#
# <colnr> <probs for GDERKNQSTAVLIFYWHMCP>
#	G	D	E	R	K	N	Q	S	T	A	V	L	I	F	Y	W	H	M	C	P
0	0.01814	0.64732	0.07200	0.01239	0.01814	0.07513	0.01229	0.02122	0.04050	0.01660	0.01024	0.01159	0.00906	0.00599	0.00464	0.00153	0.00760	0.00387	0.00306	0.00870
1	0.00895	0.00678	0.00828	0.00829	0.00995	0.00612	0.00624	0.01142	0.01691	0.02261	0.39308	0.13675	0.26391	0.01589	0.00808	0.00229	0.00352	0.05809	0.00681	0.00601
2	0.00814	0.00642	0.00735	0.00793	0.00940	0.00563	0.00564	0.00973	0.01458	0.01835	0.10196	0.34121	0.40318	0.01837	0.00818	0.00244	0.00358	0.01598	0.00631	0.00563
3	0.00899	0.00648	0.00725	0.00751	0.00821	0.00610	0.00471	0.00965	0.01181	0.01512	0.03680	0.16900	0.22095	0.43263	0.02260	0.00470	0.00521	0.01253	0.00503	0.00474
4	0.01166	0.00583	0.00874	0.00874	0.00874	0.00583	0.00583	0.00874	0.00874	0.01166	0.01166	0.02040	0.01166	0.02331	0.02622	0.80478	0.00583	0.00583	0.00291	0.00291
5	0.01029	0.00741	0.00975	0.01085	0.01222	0.00727	0.00900	0.01270	0.01448	0.01867	0.03701	0.06905	0.11773	0.14281	0.01326	0.00356	0.00590	0.48644	0.00583	0.00576
6	0.02367	0.11418	0.02058	0.01637	0.02011	0.60634	0.01263	0.02665	0.06673	0.01716	0.01144	0.01285	0.00947	0.00693	0.00591	0.00173	0.01107	0.00447	0.00363	0.00807
7	0.03753	0.50207	0.11839	0.01347	0.01935	0.12486	0.01335	0.06871	0.01566	0.01875	0.01029	0.01176	0.00877	0.00616	0.00498	0.00162	0.00818	0.00404	0.00325	0.00882
8	0.02165	0.26574	0.06831	0.01334	0.01849	0.09017	0.01200	0.15765	0.04046	0.16916	0.01702	0.06823	0.01372	0.00807	0.00597	0.00187	0.00729	0.00611	0.00517	0.00958
9	0.77161	0.01406	0.04590	0.00934	0.01378	0.01508	0.00814	0.01980	0.01156	0.02966	0.00948	0.01106	0.00733	0.00624	0.00426	0.00208	0.00543	0.00370	0.00409	0.00740
10	0.00808	0.00680	0.00700	0.00695	0.00915	0.00573	0.00522	0.00992	0.01565	0.01897	0.13015	0.06319	0.65691	0.01668	0.00793	0.00225	0.00338	0.01397	0.00634	0.00573
11	0.01712	0.01567	0.01698	0.01468	0.01836	0.06681	0.04920	0.07587	0.48433	0.02638	0.02591	0.02495	0.06231	0.00938	0.00796	0.00226	0.05833	0.00757	0.00608	0.00984
12	0.00964	0.00652	0.00728	0.00728	0.00744	0.00645	0.00413	0.00975	0.01013	0.01335	0.02428	0.04529	0.07096	0.71415	0.03240	0.00622	0.00630	0.01005	0.00421	0.00417
13	0.01120	0.00726	0.00924	0.00909	0.01033	0.00780	0.00672	0.04678	0.01284	0.01932	0.04326	0.07509	0.02063	0.12620	0.30526	0.05085	0.00996	0.00807	0.21423	0.00588
14	0.04442	0.45918	0.02866	0.01292	0.01847	0.02401	0.01184	0.28008	0.02042	0.02635	0.01192	0.01281	0.00964	0.00664	0.00522	0.00168	0.00720	0.00453	0.00438	0.00964
15	0.00973	0.00816	0.00930	0.01009	0.05984	0.00745	0.00686	0.04330	0.03765	0.02025	0.09554	0.10542	0.53090	0.01566	0.00779	0.00226	0.00398	0.01324	0.00613	0.00645
16	0.01773	0.01513	0.01582	0.01270	0.01695	0.08779	0.01018	0.16029	0.05017	0.05859	0.01900	0.02032	0.07470	0.01005	0.04116	0.00217	0.08871	0.00601	0.00490	0.28764
17	0.04667	0.01666	0.01760	0.01444	0.01907	0.01880	0.01163	0.38320	0.33234	0.03558	0.02087	0.01991	0.01531	0.00846	0.00668	0.00213	0.00639	0.00665	0.00668	0.01093
18	0.01463	0.01392	0.02366	0.39652	0.38246	0.01542	0.01961	0.01886	0.01434	0.01952	0.01227	0.01725	0.00978	0.00635	0.00668	0.00212	0.00846	0.00597	0.00315	0.00903
19	0.01999	0.01483	0.01641	0.01456	0.04095	0.03225	0.01129	0.21673	0.31483	0.10906	0.06241	0.02691	0.02067	0.00953	0.00701	0.00221	0.00612	0.05718	0.00675	0.01029
20	0.01558	0.01568	0.07134	0.03742	0.20359	0.01467	0.14305	0.10524	0.08042	0.02413	0.06746	0.02617	0.06400	0.06105	0.00933	0.00247	0.02173	0.02298	0.00462	0.00907
21	0.00835	0.00597	0.00799	0.00954	0.01001	0.00560	0.00654	0.00965	0.01302	0.01733	0.03688	0.71399	0.04399	0.02086	0.00861	0.00275	0.00405	0.06315	0.00623	0.00550
22	0.00829	0.00589	0.00775	0.00920	0.00956	0.00552	0.00608	0.00937	0.01263	0.01684	0.03588	0.70988	0.04298	0.07286	0.01035	0.00299	0.00408	0.01843	0.00608	0.00535
23	0.02110	0.02311	0.02010	0.07009	0.08628	0.38210	0.06561	0.02645	0.13105	0.05520	0.01497	0.01655	0.01164	0.00718	0.00640	0.00193	0.00965	0.00560	0.03628	0.00870
24	0.01005	0.00831	0.01092	0.00985	0.01217	0.00783	0.05458	0.01435	0.08619	0.02308	0.33922	0.09555	0.27371	0.01426	0.00785	0.00223	0.00407	0.01251	0.00659	0.00667
25	0.01576	0.01470	0.06636	0.01535	0.11225	0.01150	0.01133	0.08288	0.01592	0.04207	0.01280	0.01473	0.01024	0.00558	0.00550	0.00133	0.00597	0.00458	0.00418	0.54694
26	0.00954	0.00644	0.00750	0.00771	0.00781	0.00643	0.00451	0.00978	0.01021	0.01365	0.02315	0.13907	0.02680	0.63957	0.05556	0.00615	0.00656	0.01091	0.00434	0.00432
27	0.01475	0.05540	0.04333	0.01273	0.06168	0.01128	0.00989	0.05676	0.01486	0.02237	0.01237	0.01467	0.01028	0.00758	0.04189	0.00167	0.00626	0.00440	0.00397	0.59384
28	0.01703	0.10442	0.11672	0.06004	0.11752	0.09118	0.04821	0.10287	0.07978	0.03568	0.02019	0.04172	0.07663	0.00841	0.00656	0.00202	0.00778	0.02497	0.00446	0.03381
29	0.11364	0.27278	0.15906	0.05858	0.04207	0.03987	0.01379	0.06679	0.02973	0.02108	0.01349	0.06614	0.01198	0.01017	0.05231	0.00247	0.00817	0.00567	0.00369	0.00851

[dist]
# distance from previous block
# <min> <max>
1	12

[block]
# block no. 7 follows, 32 sequences, length 38
# corresponding to MSA columns:
# 460-497
name=unknown_H
#
# <colnr> <probs for GDERKNQSTAVLIFYWHMCP>
#	G	D	E	R	K	N	Q	S	T	A	V	L	I	F	Y	W	H	M	C	P
0	0.13561	0.11406	0.10734	0.01614	0.04207	0.19840	0.06690	0.09510	0.03666	0.02256	0.01256	0.01499	0.01013	0.01140	0.08571	0.00288	0.00995	0.00514	0.00387	0.00854
1	0.01390	0.01420	0.05696	0.01203	0.01505	0.11353	0.02915	0.02030	0.17775	0.03845	0.16784	0.11972	0.13892	0.04170	0.00838	0.00237	0.00590	0.01031	0.00587	0.00766
2	0.01259	0.01164	0.01892	0.63867	0.04143	0.01386	0.01697	0.01675	0.01344	0.01762	0.01311	0.05242	0.01071	0.00721	0.00662	0.00213	0.00830	0.00638	0.00323	0.08800
3	0.01408	0.01170	0.01355	0.01008	0.01531	0.00949	0.00797	0.06514	0.01489	0.02242	0.01552	0.01853	0.04331	0.04983	0.03563	0.00182	0.00567	0.00503	0.00426	0.63578
4	0.01801	0.59242	0.15152	0.01281	0.01922	0.02356	0.01363	0.02115	0.01410	0.06508	0.01095	0.01216	0.00914	0.00602	0.00482	0.00160	0.00754	0.00404	0.00323	0.00902
5	0.00816	0.00589	0.00773	0.00920	0.00969	0.00546	0.00617	0.00936	0.01298	0.01718	0.03871	0.72106	0.08201	0.02080	0.00853	0.00270	0.00387	0.01880	0.00623	0.00546
6	0.00974	0.00704	0.00949	0.00947	0.01012	0.00781	0.00669	0.01108	0.01041	0.01458	0.01962	0.05488	0.02055	0.34355	0.40857	0.00859	0.03017	0.00857	0.00385	0.00521
7	0.01418	0.01215	0.02036	0.23711	0.34106	0.01301	0.01618	0.01651	0.01304	0.01787	0.01217	0.01796	0.01041	0.01070	0.01176	0.21107	0.00769	0.00593	0.00312	0.00770
8	0.01391	0.01193	0.01391	0.00994	0.01590	0.00894	0.00795	0.01690	0.01391	0.02186	0.01193	0.01391	0.00994	0.00497	0.00497	0.00099	0.00497	0.00398	0.00398	0.80521
9	0.01474	0.01323	0.01969	0.07651	0.10097	0.01574	0.06932	0.09605	0.01406	0.01992	0.01366	0.02106	0.01261	0.11214	0.12141	0.00421	0.25648	0.00677	0.00371	0.00773
10	0.01084	0.00764	0.00964	0.00902	0.01084	0.00725	0.00677	0.05846	0.01896	0.04324	0.54665	0.12906	0.08746	0.01420	0.00788	0.00218	0.00360	0.01249	0.00718	0.00666
11	0.01441	0.01366	0.01831	0.01600	0.01660	0.01835	0.01310	0.01828	0.10418	0.01823	0.01378	0.06625	0.01314	0.01182	0.01827	0.00277	0.56687	0.00700	0.04138	0.00760
12	0.01086	0.00799	0.00969	0.01033	0.05308	0.00831	0.00627	0.01289	0.05794	0.01646	0.06009	0.05782	0.06348	0.49342	0.02505	0.00496	0.03973	0.00962	0.04660	0.00542
13	0.01293	0.01076	0.01245	0.00974	0.01440	0.00865	0.00759	0.05071	0.01486	0.02178	0.02293	0.12685	0.10622	0.00897	0.00595	0.00146	0.00474	0.00755	0.00473	0.54675
14	0.01427	0.16754	0.60370	0.01774	0.02690	0.01757	0.02238	0.02104	0.01407	0.02026	0.01155	0.01355	0.00852	0.00626	0.00600	0.00200	0.00942	0.00471	0.00284	0.00968
15	0.01825	0.01549	0.01530	0.05400	0.01828	0.11501	0.01065	0.13744	0.25572	0.07418	0.15749	0.02761	0.05217	0.00964	0.00694	0.00211	0.00634	0.00787	0.00631	0.00921
16	0.01956	0.60460	0.03173	0.01255	0.01800	0.10279	0.01178	0.09700	0.01622	0.01882	0.01020	0.01151	0.00893	0.00613	0.00476	0.00153	0.00773	0.00394	0.00336	0.00883
17	0.01363	0.01249	0.01940	0.61968	0.04128	0.01534	0.01729	0.03962	0.11562	0.01947	0.01429	0.01888	0.01070	0.00710	0.00673	0.00224	0.00837	0.00620	0.00365	0.00803
18	0.00890	0.00690	0.00724	0.00710	0.00913	0.00593	0.00517	0.01048	0.01489	0.03870	0.09480	0.05994	0.57522	0.11269	0.01127	0.00280	0.00385	0.01327	0.00607	0.00566
19	0.00840	0.00682	0.00748	0.00757	0.00957	0.00590	0.00573	0.01042	0.01583	0.01975	0.17987	0.09891	0.52575	0.01672	0.00804	0.00231	0.00356	0.05513	0.00643	0.00580
20	0.00870	0.00683	0.00787	0.00761	0.00954	0.00599	0.00571	0.01113	0.01712	0.02247	0.38971	0.05743	0.39517	0.01537	0.00792	0.00219	0.00328	0.01316	0.00680	0.00599
21	0.45434	0.01143	0.01031	0.00898	0.01267	0.01252	0.00728	0.06711	0.01444	0.11355	0.01515	0.01639	0.01127	0.00702	0.00478	0.00194	0.00486	0.00486	0.21329	0.00779
22	0.01166	0.00583	0.00874	0.00874	0.00874	0.00583	0.00583	0.00874	0.00874	0.01166	0.01166	0.02040	0.01166	0.02331	0.02622	0.80478	0.00583	0.00583	0.00291	0.00291
23	0.44551	0.01162	0.01137	0.04441	0.01494	0.01281	0.00841	0.05245	0.01410	0.13082	0.01562	0.01924	0.01228	0.00982	0.04359	0.00254	0.00604	0.04234	0.09425	0.00784
24	0.01877	0.16516	0.04039	0.13556	0.12584	0.15925	0.01436	0.13686	0.03835	0.02291	0.06838	0.01754	0.01411	0.00730	0.00619	0.00190	0.00827	0.00570	0.00419	0.00894
25	0.01814	0.01990	0.01847	0.05074	0.01941	0.27829	0.01319	0.05487	0.01477	0.01756	0.01129	0.01574	0.01010	0.01542	0.12333	0.00361	0.29872	0.00552	0.00342	0.00751
26	0.00844	0.00676	0.00755	0.00748	0.00941	0.00586	0.00556	0.01057	0.01631	0.02085	0.27225	0.10306	0.46985	0.01620	0.00796	0.00224	0.00336	0.01382	0.00660	0.00586
27	0.01166	0.00583	0.00874	0.00874	0.00874	0.00583	0.00583	0.00874	0.00874	0.01166	0.01166	0.02040	0.01166	0.02331	0.02622	0.80478	0.00583	0.00583	0.00291	0.00291
28	0.01406	0.01027	0.01368	0.01233	0.01497	0.01036	0.06797	0.06880	0.13359	0.08471	0.03217	0.19379	0.10238	0.09944	0.01086	0.00293	0.00577	0.10827	0.00605	0.00758
29	0.00966	0.00649	0.00744	0.00749	0.00760	0.00644	0.00431	0.00990	0.01045	0.01402	0.06193	0.08181	0.02767	0.68223	0.03131	0.00606	0.00618	0.01038	0.00437	0.00427
30	0.01661	0.01594	0.02724	0.04119	0.72233	0.01594	0.02059	0.02059	0.01528	0.02192	0.01262	0.01661	0.01063	0.00598	0.00664	0.00199	0.00797	0.00598	0.00332	0.01063
31	0.00971	0.00695	0.00831	0.00797	0.00978	0.00621	0.00589	0.01205	0.01684	0.04999	0.38782	0.08725	0.28847	0.06149	0.00953	0.00246	0.00359	0.01281	0.00676	0.00612
32	0.02417	0.01813	0.01939	0.01517	0.02030	0.02018	0.01243	0.59943	0.13425	0.04014	0.01780	0.01746	0.01278	0.00821	0.00673	0.00205	0.00707	0.00627	0.00673	0.01129
33	0.01089	0.00803	0.01010	0.01110	0.05459	0.00787	0.00737	0.07488	0.01569	0.02141	0.12865	0.33914	0.12472	0.07308	0.02572	0.00285	0.00476	0.01366	0.05907	0.00643
34	0.01853	0.01267	0.01501	0.05270	0.06506	0.03240	0.01048	0.14509	0.13947	0.16699	0.02874	0.11978	0.10522	0.04647	0.00839	0.00241	0.00597	0.00921	0.00629	0.00911
35	0.05608	0.01827	0.02089	0.06617	0.26193	0.15173	0.03132	0.08684	0.16936	0.02406	0.01628	0.03923	0.01321	0.00752	0.00655	0.00205	0.00800	0.00634	0.00453	0.00963
36	0.06483	0.12049	0.03610	0.04445	0.05890	0.10903	0.04747	0.17908	0.08556	0.04588	0.03697	0.07239	0.01536	0.02295	0.00687	0.00206	0.00747	0.00674	0.00494	0.03248
37	0.05948	0.05228	0.01765	0.01377	0.01800	0.13591	0.05724	0.15357	0.13688	0.02605	0.07472	0.04390	0.07015	0.00879	0.00649	0.00193	0.00695	0.00711	0.00532	0.10379

[dist]
# distance from previous block
# <min> <max>
1	32

[block]
# block no. 8 follows, 32 sequences, length 17
# corresponding to MSA columns:
# 530-546
name=unknown_I
#
# <colnr> <probs for GDERKNQSTAVLIFYWHMCP>
#	G	D	E	R	K	N	Q	S	T	A	V	L	I	F	Y	W	H	M	C	P
0	0.03517	0.03717	0.11335	0.07949	0.04162	0.08970	0.03161	0.05519	0.03634	0.03704	0.05692	0.02285	0.08510	0.01154	0.05957	0.00263	0.08087	0.00664	0.00423	0.11296
1	0.14017	0.01687	0.01989	0.01592	0.02052	0.07876	0.12919	0.13819	0.21391	0.02747	0.01657	0.01757	0.01263	0.00747	0.00712	0.00207	0.04492	0.00609	0.00507	0.07961
2	0.07932	0.01931	0.02023	0.02153	0.17930	0.21673	0.05090	0.04442	0.11004	0.05506	0.01558	0.04125	0.01309	0.00818	0.00795	0.00212	0.07730	0.02434	0.00437	0.00897
3	0.02064	0.02455	0.02043	0.02047	0.11525	0.44103	0.04277	0.02276	0.01653	0.01739	0.01249	0.06762	0.01160	0.00853	0.00895	0.00205	0.12939	0.00602	0.00355	0.00798
4	0.00858	0.00633	0.00778	0.00868	0.00959	0.00584	0.00604	0.00996	0.01350	0.01754	0.07626	0.42658	0.19447	0.11420	0.01170	0.00310	0.00424	0.06417	0.00601	0.00542
5	0.58162	0.01485	0.01212	0.01045	0.01464	0.06769	0.00849	0.11720	0.01543	0.05117	0.04446	0.01394	0.01088	0.00695	0.00491	0.00204	0.00592	0.00452	0.00474	0.00797
6	0.02506	0.01788	0.01937	0.01503	0.02025	0.01966	0.01236	0.59358	0.09050	0.09010	0.01784	0.01738	0.01258	0.00817	0.00672	0.00204	0.00708	0.00623	0.00684	0.01134
7	0.00823	0.00644	0.00726	0.00779	0.00918	0.00569	0.00544	0.00964	0.01407	0.01761	0.07436	0.30618	0.39986	0.08417	0.01046	0.00280	0.00384	0.01543	0.00608	0.00547
8	0.00812	0.00605	0.00757	0.00879	0.00959	0.00550	0.00599	0.00940	0.01337	0.01734	0.04365	0.61015	0.18974	0.02015	0.00843	0.00263	0.00379	0.01802	0.00623	0.00550
9	0.02446	0.01828	0.01955	0.01523	0.02041	0.02032	0.01250	0.62146	0.11174	0.04061	0.01743	0.01716	0.01248	0.00818	0.00673	0.00204	0.00714	0.00622	0.00673	0.01132
10	0.02354	0.01900	0.01895	0.01521	0.02007	0.08307	0.01231	0.49569	0.17850	0.03691	0.01805	0.01770	0.01315	0.00818	0.00668	0.00205	0.00735	0.00623	0.00645	0.01092
11	0.03010	0.01142	0.01557	0.01194	0.01713	0.00986	0.00986	0.03270	0.01920	0.72698	0.02647	0.02284	0.01661	0.00830	0.00675	0.00208	0.00571	0.00675	0.00830	0.01142
12	0.02942	0.01157	0.01555	0.01203	0.01714	0.01021	0.00990	0.03285	0.05427	0.69152	0.02651	0.02295	0.01681	0.00835	0.00675	0.00209	0.00569	0.00679	0.00823	0.01138
13	0.02551	0.01879	0.02014	0.01544	0.02081	0.02081	0.01275	0.69996	0.03155	0.04229	0.01611	0.01611	0.01141	0.00805	0.00671	0.00201	0.00738	0.00604	0.00671	0.01141
14	0.02439	0.01824	0.01951	0.01521	0.02038	0.02029	0.01248	0.61569	0.11764	0.04048	0.01753	0.01724	0.01256	0.00819	0.00673	0.00205	0.00712	0.00624	0.00673	0.01131
15	0.00851	0.00598	0.00769	0.00892	0.00923	0.00567	0.00578	0.00943	0.01220	0.01627	0.03366	0.60989	0.04019	0.17665	0.01392	0.00352	0.00444	0.01712	0.00578	0.00516
16	0.01390	0.01318	0.02235	0.52693	0.25773	0.01523	0.01925	0.01822	0.01400	0.01864	0.01214	0.01749	0.00947	0.00648	0.00669	0.00216	0.00864	0.00597	0.00309	0.00845

[dist]
# distance from previous block
# <min> <max>
0	1

[block]
# block no. 9 follows, 32 sequences, length 39
# corresponding to MSA columns:
# 548-586
name=unknown_J
#
# <colnr> <probs for GDERKNQSTAVLIFYWHMCP>
#	G	D	E	R	K	N	Q	S	T	A	V	L	I	F	Y	W	H	M	C	P
