[name]
unknown

[dist]
# distance from previous block
# <min> <max>
0	1

[block]
# block no. 0 follows, 34 sequences, length 36
# corresponding to MSA columns:
# 1-36
name=unknown_A
#
# <colnr> <probs for GDERKNQSTAVLIFYWHMCP>
#	G	D	E	R	K	N	Q	S	T	A	V	L	I	F	Y	W	H	M	C	P
0	0.01041	0.00744	0.01041	0.01190	0.01339	0.00744	0.01041	0.01339	0.01487	0.01934	0.03421	0.07288	0.03719	0.01785	0.00892	0.00297	0.00595	0.68913	0.00595	0.00595
1	0.00777	0.00602	0.00709	0.00794	0.00909	0.00534	0.00553	0.00912	0.01339	0.01691	0.04849	0.46383	0.33930	0.01857	0.00798	0.00243	0.00354	0.01633	0.00600	0.00534
2	0.00798	0.00602	0.00739	0.00819	0.00923	0.00542	0.00571	0.00952	0.01385	0.01807	0.14035	0.47091	0.23755	0.01818	0.00799	0.00242	0.00352	0.01612	0.00615	0.00542
3	0.01220	0.01148	0.01938	0.75739	0.04450	0.01436	0.01794	0.01651	0.01292	0.01651	0.01148	0.01723	0.00861	0.00646	0.00646	0.00215	0.00861	0.00574	0.00287	0.00718
4	0.00920	0.00624	0.00704	0.00714	0.00729	0.00615	0.00410	0.00936	0.00990	0.01307	0.02404	0.08855	0.06752	0.68036	0.02983	0.00579	0.00593	0.01021	0.00417	0.00409
5	0.01237	0.01165	0.01968	0.72603	0.07457	0.01440	0.01803	0.01665	0.01300	0.01671	0.01151	0.01717	0.00868	0.00643	0.00646	0.00214	0.00857	0.00574	0.00289	0.00731
6	0.02329	0.01702	0.01834	0.01440	0.01930	0.01884	0.01179	0.55989	0.15070	0.07184	0.01788	0.01733	0.01276	0.00794	0.00648	0.00199	0.00668	0.00611	0.00656	0.01086
7	0.01496	0.01425	0.02379	0.15519	0.48500	0.01427	0.04813	0.01881	0.01425	0.02031	0.01199	0.01590	0.00985	0.00572	0.00623	0.00183	0.00757	0.00556	0.00324	0.12316
8	0.01648	0.28656	0.09810	0.04486	0.03199	0.15162	0.01273	0.04710	0.01485	0.01797	0.06143	0.05449	0.03472	0.00816	0.00736	0.00186	0.09248	0.00581	0.00359	0.00785
9	0.81856	0.01250	0.00950	0.00850	0.01250	0.01449	0.00700	0.01899	0.01100	0.02899	0.00900	0.01050	0.00700	0.00600	0.00400	0.00200	0.00500	0.00350	0.00400	0.00700
10	0.01105	0.00849	0.01063	0.01136	0.01334	0.00873	0.00959	0.01662	0.14378	0.02047	0.03723	0.06245	0.13301	0.01598	0.00831	0.00272	0.00541	0.46809	0.00607	0.00666
11	0.01625	0.01730	0.05100	0.01981	0.02319	0.06389	0.23494	0.08955	0.05944	0.02065	0.01199	0.01578	0.00985	0.00845	0.01296	0.00239	0.32437	0.00628	0.00360	0.00830
12	0.01220	0.01148	0.01938	0.75739	0.04450	0.01436	0.01794	0.01651	0.01292	0.01651	0.01148	0.01723	0.00861	0.00646	0.00646	0.00215	0.00861	0.00574	0.00287	0.00718
13	0.00875	0.00654	0.00812	0.00782	0.00944	0.00592	0.00583	0.01140	0.01722	0.02360	0.55039	0.08599	0.20668	0.01424	0.00765	0.00209	0.00313	0.01243	0.00682	0.00592
14	0.01925	0.02214	0.22027	0.06786	0.02455	0.05321	0.05991	0.35013	0.04570	0.02988	0.01396	0.01527	0.01009	0.00696	0.00637	0.00196	0.00822	0.00555	0.00475	0.03398
15	0.01230	0.00652	0.00657	0.00647	0.00812	0.00666	0.00488	0.01628	0.05843	0.02428	0.02141	0.02409	0.01676	0.00761	0.00465	0.00155	0.00314	0.00610	0.75790	0.00629
16	0.01441	0.07101	0.43049	0.01804	0.02552	0.01479	0.14308	0.02091	0.04548	0.06601	0.04559	0.04808	0.01323	0.00711	0.00648	0.00206	0.00865	0.00630	0.00366	0.00911
17	0.12764	0.06021	0.29579	0.01596	0.06796	0.01440	0.03137	0.08037	0.01531	0.10682	0.01364	0.03087	0.01026	0.00656	0.00576	0.00188	0.00735	0.00514	0.00408	0.09862
18	0.14385	0.01882	0.01726	0.01437	0.01854	0.20071	0.05497	0.20528	0.14703	0.05866	0.04675	0.01716	0.01362	0.00750	0.00607	0.00195	0.00756	0.00571	0.00521	0.00900
19	0.01554	0.46615	0.24964	0.01415	0.02071	0.02081	0.05626	0.01924	0.01319	0.01695	0.01014	0.01224	0.00849	0.00653	0.00598	0.04065	0.00790	0.00421	0.00279	0.00844
20	0.01649	0.01279	0.01578	0.01513	0.07885	0.03359	0.04445	0.19082	0.13546	0.07234	0.02368	0.25844	0.02268	0.01151	0.00703	0.00217	0.00588	0.01009	0.00581	0.03702
21	0.00910	0.00616	0.00720	0.00745	0.00758	0.00607	0.00439	0.00944	0.01031	0.01381	0.05218	0.17716	0.02859	0.60236	0.02729	0.00542	0.00567	0.01115	0.00443	0.00425
22	0.58000	0.08497	0.03784	0.04159	0.01618	0.03984	0.03366	0.06316	0.01298	0.02694	0.00977	0.01147	0.00762	0.00609	0.00453	0.00194	0.00603	0.00394	0.00390	0.00754
23	0.01898	0.09964	0.01989	0.01554	0.06714	0.03249	0.06515	0.19443	0.19530	0.10697	0.04362	0.04757	0.04758	0.00844	0.00646	0.00200	0.00643	0.00707	0.00569	0.00959
24	0.00878	0.00645	0.00823	0.00807	0.00950	0.00590	0.00594	0.01138	0.01700	0.02354	0.54981	0.15601	0.13612	0.01461	0.00771	0.00214	0.00318	0.01290	0.00682	0.00590
25	0.00805	0.00610	0.00744	0.00820	0.00933	0.00549	0.00580	0.00965	0.01399	0.01817	0.13969	0.42871	0.25973	0.01800	0.00799	0.00242	0.00357	0.03606	0.00615	0.00545
26	0.05044	0.11841	0.39157	0.04906	0.08702	0.01664	0.06236	0.08580	0.01522	0.02205	0.01167	0.01386	0.00876	0.00610	0.00591	0.00192	0.00851	0.00493	0.00326	0.03653
27	0.01555	0.01463	0.02396	0.13703	0.42284	0.03581	0.08979	0.02036	0.06372	0.04374	0.01490	0.06173	0.01268	0.00700	0.00664	0.00204	0.00778	0.00679	0.00372	0.00928
28	0.00901	0.00578	0.00767	0.00843	0.00880	0.00551	0.00558	0.00898	0.01121	0.01485	0.04708	0.41054	0.07376	0.10991	0.01589	0.22989	0.00452	0.01326	0.00489	0.00444
29	0.01492	0.00860	0.01145	0.01028	0.01285	0.00798	0.03117	0.06368	0.01677	0.20304	0.16939	0.25136	0.12034	0.01386	0.00749	0.00225	0.00455	0.03593	0.00666	0.00743
30	0.12489	0.05827	0.04345	0.04815	0.10877	0.03400	0.04023	0.04135	0.07801	0.11616	0.04893	0.01727	0.01338	0.00658	0.00569	0.00173	0.00620	0.00539	0.00461	0.19694
31	0.01559	0.01687	0.04508	0.05573	0.17987	0.10999	0.21199	0.05213	0.01551	0.02002	0.01808	0.05855	0.06623	0.00839	0.00810	0.00214	0.06631	0.03733	0.00380	0.00829
32	0.00913	0.00724	0.00875	0.00965	0.01038	0.03694	0.00686	0.01070	0.01360	0.01807	0.14050	0.55477	0.04253	0.01812	0.00856	0.00252	0.03130	0.05884	0.00594	0.00558
33	0.15955	0.09156	0.01892	0.06706	0.08842	0.10806	0.01201	0.21958	0.01856	0.07142	0.01291	0.01512	0.01010	0.03448	0.00739	0.00208	0.04432	0.00513	0.00454	0.00881
34	0.10762	0.01310	0.07498	0.01280	0.04012	0.01048	0.06981	0.03267	0.01467	0.09870	0.09042	0.08692	0.01833	0.00782	0.00593	0.00170	0.00567	0.00673	0.00473	0.29681
35	0.01944	0.03569	0.05042	0.09819	0.03843	0.30689	0.04367	0.03824	0.07088	0.08130	0.01490	0.01659	0.03364	0.00741	0.00736	0.00191	0.07065	0.00544	0.00404	0.05493

[dist]
# distance from previous block
# <min> <max>
3	6

[block]
# block no. 1 follows, 34 sequences, length 11
# corresponding to MSA columns:
# 43-53
name=unknown_B
#
# <colnr> <probs for GDERKNQSTAVLIFYWHMCP>
#	G	D	E	R	K	N	Q	S	T	A	V	L	I	F	Y	W	H	M	C	P
0	0.06286	0.07911	0.03632	0.07576	0.07197	0.13968	0.03520	0.13640	0.05006	0.07519	0.02080	0.02516	0.08366	0.00877	0.00641	0.00201	0.00741	0.07000	0.00478	0.00842
1	0.02009	0.01709	0.08424	0.01417	0.01906	0.01696	0.01223	0.29238	0.33284	0.08939	0.02072	0.01966	0.01499	0.00807	0.00649	0.00207	0.00633	0.00643	0.00629	0.01052
2	0.00835	0.00626	0.00738	0.00768	0.00883	0.00569	0.00532	0.00990	0.01399	0.01831	0.20390	0.25153	0.26271	0.14624	0.01213	0.00297	0.00386	0.01377	0.00590	0.00528
3	0.09168	0.01388	0.07333	0.01490	0.09239	0.01316	0.01133	0.07186	0.24011	0.11270	0.09006	0.04418	0.02070	0.00885	0.00640	0.00209	0.00562	0.03389	0.04374	0.00912
4	0.00957	0.00729	0.00953	0.01008	0.04592	0.00693	0.00705	0.01300	0.05107	0.02338	0.47303	0.14577	0.11454	0.01408	0.00765	0.00217	0.00362	0.04242	0.00659	0.00632
5	0.42409	0.05595	0.01325	0.01040	0.01445	0.06365	0.00860	0.10394	0.01535	0.12867	0.01417	0.01672	0.01099	0.00719	0.00506	0.00195	0.00581	0.03842	0.05328	0.00804
6	0.01618	0.22570	0.15921	0.08409	0.07963	0.07232	0.01461	0.08159	0.06372	0.02058	0.03397	0.03709	0.01211	0.00702	0.00611	0.00182	0.02677	0.00538	0.00371	0.04840
7	0.05655	0.05922	0.11654	0.11249	0.25553	0.10641	0.10510	0.05144	0.01543	0.04376	0.01211	0.01509	0.00944	0.00612	0.00623	0.00194	0.00866	0.00546	0.00344	0.00905
8	0.01555	0.01496	0.11209	0.01291	0.01915	0.01041	0.08659	0.01926	0.01429	0.11298	0.01347	0.01498	0.01024	0.00545	0.00549	0.00137	0.00617	0.00471	0.00416	0.51577
9	0.33418	0.01595	0.01607	0.05001	0.03919	0.10910	0.07551	0.11358	0.10182	0.02643	0.01555	0.01672	0.04618	0.00714	0.00559	0.00200	0.00687	0.00543	0.00451	0.00817
10	0.11934	0.05053	0.22626	0.01665	0.02269	0.03626	0.14957	0.15292	0.03872	0.02561	0.06247	0.04195	0.01400	0.00732	0.00631	0.00203	0.00794	0.00630	0.00426	0.00887

[dist]
# distance from previous block
# <min> <max>
0	3

[block]
# block no. 2 follows, 34 sequences, length 34
# corresponding to MSA columns:
# 57-90
name=unknown_C
#
# <colnr> <probs for GDERKNQSTAVLIFYWHMCP>
#	G	D	E	R	K	N	Q	S	T	A	V	L	I	F	Y	W	H	M	C	P
0	0.16703	0.01381	0.01346	0.01359	0.06965	0.12026	0.00994	0.09388	0.04971	0.04733	0.11196	0.05383	0.05357	0.01182	0.03610	0.00246	0.00671	0.11212	0.00519	0.00759
1	0.01476	0.02113	0.26333	0.06168	0.10564	0.05163	0.02982	0.05977	0.11576	0.02158	0.04487	0.01911	0.04128	0.00800	0.00848	0.00215	0.11203	0.00614	0.00391	0.00891
2	0.01418	0.01091	0.01311	0.01087	0.01471	0.03448	0.03577	0.03479	0.06781	0.09197	0.02240	0.22727	0.04097	0.01022	0.00633	0.00175	0.00509	0.00891	0.00515	0.34331
3	0.01793	0.05172	0.01267	0.00985	0.01302	0.00860	0.00791	0.02051	0.01745	0.32604	0.29911	0.08714	0.05703	0.01130	0.00703	0.00206	0.00445	0.03086	0.00709	0.00822
4	0.11314	0.01546	0.07787	0.09930	0.02079	0.04195	0.01201	0.16541	0.10646	0.21206	0.03948	0.03737	0.01458	0.00788	0.00623	0.00204	0.00655	0.00624	0.00574	0.00944
5	0.10849	0.05375	0.29990	0.01600	0.04461	0.16331	0.01591	0.07407	0.07444	0.02273	0.05717	0.01600	0.01261	0.00697	0.00592	0.00194	0.00834	0.00521	0.00389	0.00877
6	0.00913	0.00758	0.00871	0.00926	0.01043	0.03481	0.00683	0.01076	0.01384	0.01772	0.09726	0.37451	0.23299	0.01734	0.00873	0.00246	0.04665	0.07958	0.00580	0.00563
7	0.01919	0.00890	0.01167	0.01001	0.01308	0.00820	0.00794	0.02154	0.01638	0.37273	0.11457	0.12581	0.07804	0.01120	0.00739	0.00210	0.03532	0.02947	0.09807	0.00837
8	0.17622	0.15655	0.11221	0.01422	0.01883	0.13849	0.04980	0.07256	0.03686	0.02150	0.01101	0.01317	0.00897	0.00805	0.02935	0.00216	0.09032	0.00463	0.00358	0.03152
9	0.01373	0.01463	0.06829	0.33136	0.18460	0.01450	0.15728	0.03957	0.01432	0.01934	0.01390	0.07339	0.01182	0.00717	0.00680	0.00213	0.00852	0.00702	0.00336	0.00826
10	0.04489	0.03429	0.01731	0.05555	0.01965	0.01791	0.01149	0.33193	0.33587	0.03227	0.01972	0.01915	0.01455	0.00802	0.00638	0.00205	0.00623	0.00634	0.00614	0.01024
11	0.00874	0.00656	0.00809	0.00777	0.00942	0.00591	0.00581	0.01138	0.01724	0.02356	0.54636	0.07507	0.22192	0.01420	0.00764	0.00209	0.00313	0.01237	0.00681	0.00591
12	0.09281	0.03813	0.22978	0.05212	0.02133	0.03180	0.01438	0.08772	0.04886	0.27793	0.01768	0.01823	0.01225	0.00731	0.00614	0.00202	0.00714	0.01935	0.00532	0.00972
13	0.01773	0.32041	0.14920	0.03784	0.02322	0.03727	0.14750	0.12942	0.01665	0.04630	0.01191	0.01372	0.00927	0.00611	0.00570	0.00178	0.00826	0.00504	0.00364	0.00905
14	0.00806	0.00576	0.00772	0.00921	0.00967	0.00541	0.00633	0.00933	0.01256	0.01671	0.03551	0.71651	0.04232	0.02006	0.00830	0.00265	0.00391	0.06869	0.00599	0.00530
15	0.76097	0.01267	0.01007	0.00885	0.01293	0.01455	0.00729	0.04702	0.01202	0.05270	0.00980	0.01107	0.00745	0.00613	0.00418	0.00200	0.00510	0.00369	0.00423	0.00729
16	0.00815	0.00579	0.00766	0.00888	0.00927	0.00558	0.00592	0.00923	0.01188	0.01593	0.03250	0.63019	0.03855	0.10782	0.06677	0.00362	0.00506	0.01649	0.00557	0.00514
17	0.01725	0.01659	0.02412	0.12791	0.42448	0.07820	0.05317	0.11417	0.01679	0.02253	0.01227	0.01573	0.00988	0.00636	0.00691	0.00197	0.03282	0.00572	0.00360	0.00952
18	0.01419	0.01431	0.02073	0.01749	0.01783	0.01961	0.04986	0.01581	0.01017	0.01581	0.00872	0.01431	0.00855	0.01101	0.02051	0.00279	0.72254	0.00576	0.00285	0.00715
19	0.81856	0.01250	0.00950	0.00850	0.01250	0.01449	0.00700	0.01899	0.01100	0.02899	0.00900	0.01050	0.00700	0.00600	0.00400	0.00200	0.00500	0.00350	0.00400	0.00700
20	0.01699	0.63734	0.08482	0.01174	0.01733	0.02321	0.01192	0.02018	0.04223	0.03798	0.01134	0.01390	0.01008	0.00625	0.00465	0.00154	0.00696	0.02990	0.00320	0.00846
21	0.00881	0.00677	0.00827	0.00911	0.01073	0.00623	0.00733	0.01091	0.01442	0.01808	0.04808	0.17550	0.34068	0.01757	0.00826	0.00257	0.00444	0.29063	0.00598	0.00563
22	0.00847	0.00617	0.00797	0.00838	0.00946	0.00568	0.00596	0.01057	0.01543	0.02114	0.37442	0.36261	0.10670	0.01652	0.00789	0.00230	0.00337	0.01475	0.00654	0.00568
23	0.01257	0.01111	0.01158	0.01108	0.01293	0.09326	0.00834	0.03711	0.14544	0.01800	0.02174	0.05920	0.04921	0.13347	0.32454	0.00620	0.01113	0.02199	0.00445	0.00666
24	0.00911	0.00684	0.00844	0.00825	0.00979	0.00642	0.00607	0.01241	0.05436	0.02302	0.47441	0.15055	0.15923	0.03189	0.00824	0.00224	0.00337	0.01264	0.00668	0.00605
25	0.01965	0.09408	0.11130	0.04589	0.05922	0.21758	0.01380	0.13118	0.11399	0.06319	0.03271	0.01615	0.01218	0.00729	0.00658	0.00190	0.03447	0.00538	0.00445	0.00903
26	0.00937	0.00674	0.00970	0.00970	0.01059	0.00762	0.00722	0.01099	0.01010	0.01436	0.01749	0.02798	0.01714	0.17215	0.58331	0.05474	0.01474	0.00728	0.00350	0.00528
27	0.04253	0.09617	0.15145	0.04365	0.17700	0.04130	0.16897	0.15836	0.01757	0.02418	0.01242	0.01496	0.00953	0.00619	0.00632	0.00195	0.00859	0.00565	0.00376	0.00946
28	0.01542	0.09914	0.28507	0.04485	0.09382	0.07756	0.01631	0.05783	0.07415	0.04292	0.09060	0.04300	0.01654	0.00767	0.00624	0.00196	0.00773	0.00622	0.00409	0.00889
29	0.01652	0.06993	0.03772	0.09659	0.28733	0.04161	0.01451	0.07315	0.07498	0.08188	0.03609	0.08644	0.03882	0.00828	0.00648	0.00200	0.00685	0.00724	0.00450	0.00908
30	0.10349	0.09084	0.26597	0.01439	0.02097	0.01556	0.04507	0.13325	0.05587	0.02464	0.01393	0.01523	0.02752	0.00648	0.00568	0.00180	0.00727	0.00502	0.00399	0.14304
31	0.13753	0.08513	0.06347	0.03017	0.01907	0.09805	0.03986	0.22733	0.05474	0.12252	0.03381	0.01710	0.02889	0.00738	0.00592	0.00192	0.00713	0.00559	0.00520	0.00922
32	0.15413	0.02021	0.16733	0.01548	0.03619	0.09440	0.05272	0.15501	0.05655	0.09729	0.01386	0.01496	0.01016	0.00702	0.00677	0.00199	0.05075	0.00521	0.00455	0.03539
33	0.11670	0.03677	0.12957	0.01536	0.05902	0.08241	0.05866	0.11036	0.08166	0.09359	0.03339	0.06197	0.03188	0.03294	0.00706	0.00213	0.00713	0.00659	0.00479	0.02803

[dist]
# distance from previous block
# <min> <max>
2	34

[block]
# block no. 3 follows, 34 sequences, length 76
# corresponding to MSA columns:
# 128-203
name=unknown_D
#
# <colnr> <probs for GDERKNQSTAVLIFYWHMCP>
#	G	D	E	R	K	N	Q	S	T	A	V	L	I	F	Y	W	H	M	C	P
0	0.14021	0.01498	0.12286	0.07196	0.03761	0.03344	0.01179	0.03768	0.12511	0.09458	0.09318	0.02621	0.04719	0.03124	0.00707	0.00220	0.00618	0.05157	0.00506	0.03989
1	0.05197	0.04095	0.05734	0.01477	0.06550	0.05587	0.03131	0.23971	0.02005	0.16865	0.01942	0.06304	0.04157	0.00906	0.02108	0.00209	0.00682	0.00667	0.03923	0.04491
2	0.22997	0.01504	0.04772	0.01581	0.11315	0.06674	0.03988	0.06535	0.09190	0.08267	0.05876	0.01984	0.05428	0.00766	0.00625	0.00198	0.02641	0.00601	0.00477	0.04582
3	0.04685	0.01260	0.01560	0.06080	0.10487	0.01160	0.01025	0.12619	0.01615	0.02394	0.03293	0.01746	0.03216	0.03171	0.00642	0.00159	0.00572	0.00516	0.00427	0.43373
4	0.03500	0.03637	0.03564	0.01248	0.04705	0.00889	0.05516	0.03184	0.01426	0.10239	0.04988	0.39427	0.05005	0.01422	0.00735	0.00228	0.00513	0.04064	0.00557	0.05152
5	0.01555	0.05421	0.04777	0.14932	0.25356	0.07684	0.10798	0.03530	0.06647	0.02040	0.03213	0.01802	0.02920	0.00656	0.00637	0.00192	0.00801	0.00605	0.00365	0.06069
6	0.01281	0.00896	0.01084	0.01006	0.03233	0.00871	0.00748	0.09991	0.05484	0.08087	0.40008	0.04282	0.18000	0.01232	0.00731	0.00205	0.00402	0.01056	0.00674	0.00728
7	0.01636	0.01591	0.04705	0.04377	0.37106	0.04348	0.07092	0.09982	0.04829	0.02332	0.03374	0.01946	0.01311	0.00683	0.00647	0.00191	0.00750	0.03757	0.00401	0.08941
8	0.01305	0.03279	0.71170	0.01877	0.02819	0.01506	0.05098	0.02047	0.01371	0.02047	0.01165	0.01379	0.00825	0.00611	0.00620	0.00205	0.00960	0.00489	0.00275	0.00952
9	0.01091	0.00753	0.00940	0.00989	0.01109	0.00743	0.00698	0.10634	0.01506	0.04512	0.03249	0.63891	0.03743	0.01810	0.00794	0.00251	0.00427	0.01623	0.00613	0.00624
10	0.03618	0.06318	0.08418	0.01131	0.01698	0.01151	0.01016	0.07921	0.01614	0.20551	0.01724	0.01738	0.03832	0.00650	0.00554	0.00151	0.00570	0.00511	0.00503	0.36330
11	0.00866	0.00639	0.00810	0.00809	0.00946	0.00583	0.00591	0.01111	0.01654	0.02273	0.48897	0.20187	0.15214	0.01514	0.00775	0.00218	0.00323	0.01337	0.00672	0.00583
12	0.01727	0.77681	0.03386	0.01106	0.01658	0.02557	0.01106	0.01935	0.01313	0.01520	0.00898	0.01036	0.00829	0.00553	0.00415	0.00138	0.00691	0.00345	0.00276	0.00829
13	0.01300	0.04738	0.32440	0.06405	0.07282	0.04235	0.11414	0.01819	0.01483	0.02045	0.11988	0.02371	0.08094	0.00797	0.00665	0.00204	0.00805	0.00702	0.00379	0.00834
14	0.03720	0.02733	0.51567	0.01765	0.05251	0.04423	0.03488	0.03897	0.01466	0.05280	0.04764	0.06017	0.01323	0.00742	0.00633	0.00206	0.00857	0.00605	0.00356	0.00909
15	0.00786	0.00567	0.00745	0.00888	0.00934	0.00526	0.00595	0.00901	0.01248	0.01654	0.03700	0.73592	0.07463	0.02006	0.00822	0.00260	0.00373	0.01815	0.00600	0.00526
16	0.01455	0.12942	0.58191	0.01698	0.02545	0.01619	0.02103	0.02086	0.01377	0.06406	0.01203	0.01374	0.00869	0.00631	0.00631	0.00198	0.02951	0.00473	0.00306	0.00941
17	0.06176	0.01583	0.05137	0.12846	0.50443	0.03951	0.01818	0.04036	0.01494	0.04646	0.01236	0.01580	0.00992	0.00605	0.00625	0.00195	0.00776	0.00556	0.00345	0.00958
18	0.01234	0.02427	0.45192	0.01858	0.07427	0.01300	0.08176	0.01804	0.01384	0.01983	0.01870	0.11290	0.04712	0.00905	0.00681	0.00219	0.00830	0.05494	0.00358	0.00856
19	0.01700	0.36135	0.17217	0.01570	0.06507	0.08993	0.03593	0.05019	0.07950	0.01917	0.01186	0.01328	0.00964	0.00614	0.00530	0.00169	0.00786	0.00453	0.00338	0.03033
20	0.81856	0.01250	0.00950	0.00850	0.01250	0.01449	0.00700	0.01899	0.01100	0.02899	0.00900	0.01050	0.00700	0.00600	0.00400	0.00200	0.00500	0.00350	0.00400	0.00700
21	0.00849	0.00607	0.00788	0.00911	0.00963	0.00578	0.00612	0.03244	0.01285	0.01714	0.03431	0.71350	0.04088	0.05098	0.00921	0.00275	0.00396	0.01758	0.00593	0.00538
22	0.00764	0.00655	0.00655	0.00655	0.00873	0.00545	0.00491	0.00927	0.01473	0.01745	0.06546	0.06218	0.73000	0.01636	0.00764	0.00218	0.00327	0.01364	0.00600	0.00545
23	0.01488	0.01175	0.01554	0.05785	0.03612	0.00960	0.05069	0.01794	0.01405	0.09107	0.01445	0.01612	0.02992	0.00559	0.00535	0.00126	0.00549	0.00475	0.00419	0.59338
24	0.01220	0.01148	0.01938	0.75739	0.04450	0.01436	0.01794	0.01651	0.01292	0.01651	0.01148	0.01723	0.00861	0.00646	0.00646	0.00215	0.00861	0.00574	0.00287	0.00718
25	0.01783	0.01621	0.04395	0.02454	0.25328	0.01606	0.13947	0.16936	0.13514	0.04727	0.01571	0.01745	0.01196	0.00664	0.00656	0.00196	0.00752	0.00624	0.00463	0.05821
26	0.01321	0.01255	0.02101	0.54353	0.20382	0.01493	0.01815	0.01723	0.01315	0.01753	0.01145	0.01675	0.00898	0.00660	0.00736	0.00214	0.05505	0.00574	0.00294	0.00789
27	0.02423	0.01793	0.01920	0.01480	0.01991	0.01988	0.01220	0.68443	0.05756	0.04018	0.01594	0.01585	0.01133	0.00780	0.00647	0.00195	0.00703	0.00588	0.00647	0.01096
28	0.04078	0.04702	0.05313	0.08871	0.15921	0.06550	0.03752	0.26695	0.06046	0.02725	0.01381	0.01588	0.01063	0.00835	0.03173	0.00223	0.02920	0.00561	0.00454	0.03149
29	0.00802	0.00569	0.00745	0.00880	0.00914	0.00535	0.00579	0.00904	0.01208	0.01610	0.03410	0.69655	0.04082	0.09501	0.01069	0.00299	0.00400	0.01748	0.00579	0.00512
30	0.01204	0.00602	0.00602	0.00602	0.00753	0.00602	0.00452	0.01506	0.01355	0.02409	0.02108	0.02409	0.01656	0.00753	0.00452	0.00151	0.00301	0.00602	0.80879	0.00602
31	0.01466	0.01400	0.02383	0.29133	0.49134	0.01500	0.01917	0.01867	0.01408	0.01950	0.01192	0.01642	0.00967	0.00600	0.00642	0.00200	0.00800	0.00575	0.00308	0.00916
32	0.01414	0.01414	0.01979	0.01696	0.01696	0.01979	0.01414	0.01555	0.00990	0.01555	0.00848	0.01414	0.00848	0.01131	0.02120	0.00283	0.76110	0.00565	0.00283	0.00707
33	0.81856	0.01250	0.00950	0.00850	0.01250	0.01449	0.00700	0.01899	0.01100	0.02899	0.00900	0.01050	0.00700	0.00600	0.00400	0.00200	0.00500	0.00350	0.00400	0.00700
34	0.01689	0.70974	0.09752	0.01172	0.01761	0.02461	0.01221	0.01945	0.01318	0.01568	0.00922	0.01066	0.00828	0.00558	0.00433	0.00144	0.00715	0.00357	0.00276	0.00841
35	0.05094	0.01442	0.02271	0.29560	0.42579	0.04264	0.01830	0.01882	0.01404	0.01961	0.01169	0.01603	0.00943	0.00605	0.00629	0.00200	0.00804	0.00559	0.00312	0.00889
36	0.71170	0.01229	0.01024	0.00890	0.01304	0.01382	0.00734	0.02068	0.01201	0.12482	0.01123	0.01205	0.00822	0.00627	0.00434	0.00200	0.00507	0.00390	0.00454	0.00754
37	0.01041	0.00744	0.01041	0.01190	0.01339	0.00744	0.01041	0.01339	0.01487	0.01934	0.03421	0.07288	0.03719	0.01785	0.00892	0.00297	0.00595	0.68913	0.00595	0.00595
38	0.01204	0.00602	0.00602	0.00602	0.00753	0.00602	0.00452	0.01506	0.01355	0.02409	0.02108	0.02409	0.01656	0.00753	0.00452	0.00151	0.00301	0.00602	0.80879	0.00602
39	0.01296	0.03342	0.73944	0.01842	0.02797	0.01501	0.02387	0.02046	0.01364	0.02046	0.01160	0.01364	0.00818	0.00614	0.00614	0.00205	0.00955	0.00477	0.00273	0.00955
40	0.00923	0.00692	0.01038	0.01038	0.01154	0.00808	0.00808	0.01154	0.01038	0.01500	0.01731	0.02538	0.01615	0.04846	0.74732	0.01038	0.01731	0.00692	0.00346	0.00577
41	0.01204	0.00602	0.00602	0.00602	0.00753	0.00602	0.00452	0.01506	0.01355	0.02409	0.02108	0.02409	0.01656	0.00753	0.00452	0.00151	0.00301	0.00602	0.80879	0.00602
42	0.02413	0.01735	0.01866	0.01437	0.01937	0.01910	0.01185	0.65981	0.02927	0.06050	0.01606	0.01609	0.01139	0.00775	0.00638	0.00192	0.00688	0.00585	0.04251	0.01077
43	0.01382	0.01173	0.01363	0.00977	0.01549	0.00905	0.00783	0.04256	0.01404	0.02180	0.01164	0.01348	0.00962	0.00490	0.00485	0.00099	0.00487	0.00390	0.00393	0.78210
44	0.00787	0.00562	0.00750	0.00900	0.00937	0.00525	0.00600	0.00900	0.01237	0.01649	0.03561	0.76871	0.04274	0.02024	0.00825	0.00262	0.00375	0.01837	0.00600	0.00525
45	0.01340	0.01148	0.01340	0.00957	0.01531	0.00861	0.00766	0.01627	0.01340	0.02105	0.01148	0.01340	0.00957	0.00479	0.00479	0.00096	0.00479	0.00383	0.00383	0.81242
46	0.01340	0.01148	0.01340	0.00957	0.01531	0.00861	0.00766	0.01627	0.01340	0.02105	0.01148	0.01340	0.00957	0.00479	0.00479	0.00096	0.00479	0.00383	0.00383	0.81242
47	0.01122	0.00561	0.00842	0.00842	0.00842	0.00561	0.00561	0.00842	0.00842	0.01122	0.01122	0.01964	0.01122	0.02245	0.02525	0.81201	0.00561	0.00561	0.00281	0.00281
48	0.01727	0.77681	0.03386	0.01106	0.01658	0.02557	0.01106	0.01935	0.01313	0.01520	0.00898	0.01036	0.00829	0.00553	0.00415	0.00138	0.00691	0.00345	0.00276	0.00829
49	0.01488	0.01352	0.02285	0.34615	0.40952	0.01469	0.01862	0.01887	0.01409	0.04732	0.01239	0.01676	0.00977	0.00615	0.00643	0.00202	0.00799	0.00578	0.00325	0.00895
50	0.27673	0.02394	0.32794	0.01522	0.02173	0.08932	0.06029	0.04258	0.04670	0.02371	0.01149	0.01320	0.00854	0.00627	0.00554	0.00200	0.00809	0.00463	0.00353	0.00853
51	0.01015	0.00838	0.01111	0.01092	0.01215	0.04598	0.00851	0.01240	0.01077	0.01506	0.01664	0.02431	0.01550	0.04508	0.68509	0.00969	0.04220	0.00674	0.00343	0.00590
52	0.01510	0.01493	0.02471	0.02049	0.05456	0.01827	0.19649	0.01773	0.01186	0.04556	0.01053	0.01540	0.00921	0.00938	0.01638	0.00258	0.49965	0.00621	0.00316	0.00780
53	0.01564	0.07587	0.39729	0.02171	0.12644	0.05937	0.11636	0.05598	0.01523	0.03894	0.01216	0.01447	0.00905	0.00611	0.00626	0.00197	0.00920	0.00528	0.00323	0.00943
54	0.01387	0.05695	0.53089	0.02132	0.13049	0.01558	0.05268	0.02121	0.05849	0.02078	0.01257	0.01469	0.00929	0.00619	0.00620	0.00202	0.00895	0.00516	0.00307	0.00961
55	0.01870	0.02186	0.02065	0.12052	0.04768	0.35925	0.06675	0.02102	0.01482	0.01638	0.01007	0.01371	0.00859	0.00783	0.01044	0.00211	0.22387	0.00512	0.00311	0.00751
56	0.05545	0.02543	0.01965	0.02067	0.16139	0.48306	0.01369	0.10739	0.01875	0.02043	0.01105	0.01294	0.00897	0.00658	0.00594	0.00176	0.01004	0.00465	0.00371	0.00844
57	0.00797	0.00666	0.00692	0.00705	0.00901	0.00578	0.00517	0.01002	0.03618	0.01750	0.05950	0.14276	0.60804	0.03786	0.00838	0.00235	0.00347	0.01387	0.00596	0.00554
58	0.01599	0.01535	0.02623	0.03966	0.73262	0.01535	0.01983	0.01983	0.01471	0.02111	0.01215	0.01599	0.01023	0.00576	0.00640	0.00192	0.00768	0.00576	0.00320	0.01023
59	0.01414	0.01414	0.01979	0.01696	0.01696	0.01979	0.01414	0.01555	0.00990	0.01555	0.00848	0.01414	0.00848	0.01131	0.02120	0.00283	0.76110	0.00565	0.00283	0.00707
60	0.00770	0.00655	0.00663	0.00661	0.00877	0.00548	0.00496	0.00939	0.01488	0.01780	0.09293	0.06161	0.70230	0.01623	0.00764	0.00218	0.00326	0.01356	0.00605	0.00548
61	0.02477	0.01777	0.01919	0.01471	0.01987	0.01955	0.01215	0.67954	0.02983	0.07304	0.01598	0.01581	0.01122	0.00777	0.00647	0.00194	0.00704	0.00585	0.00653	0.01099
62	0.00939	0.00631	0.00726	0.00726	0.00733	0.00638	0.00418	0.00953	0.00946	0.01268	0.02017	0.04121	0.02303	0.72712	0.07806	0.00652	0.00696	0.00924	0.00389	0.00403
63	0.01414	0.01414	0.01979	0.01696	0.01696	0.01979	0.01414	0.01555	0.00990	0.01555	0.00848	0.01414	0.00848	0.01131	0.02120	0.00283	0.76110	0.00565	0.00283	0.00707
64	0.02601	0.01578	0.01796	0.01377	0.01888	0.01660	0.01137	0.48945	0.02650	0.26781	0.01877	0.01763	0.01262	0.00783	0.00647	0.00196	0.00658	0.00604	0.00696	0.01099
65	0.01060	0.00894	0.01301	0.01222	0.01305	0.01135	0.00977	0.01266	0.01025	0.01515	0.01484	0.02224	0.01401	0.03809	0.54462	0.00827	0.22494	0.00657	0.00328	0.00613
66	0.00805	0.00576	0.00766	0.00888	0.00941	0.00537	0.00601	0.00944	0.01320	0.01781	0.13229	0.66829	0.04528	0.01926	0.00816	0.00254	0.00365	0.01744	0.00615	0.00537
67	0.01565	0.01512	0.02613	0.09785	0.64908	0.01531	0.04659	0.01959	0.01459	0.02072	0.01213	0.01615	0.01009	0.00580	0.00645	0.00195	0.00788	0.00583	0.00317	0.00993
68	0.01491	0.01933	0.16219	0.07066	0.27475	0.01564	0.30615	0.02012	0.01464	0.02056	0.01239	0.01622	0.00959	0.00574	0.00686	0.00206	0.00941	0.00635	0.00312	0.00931
69	0.00791	0.00572	0.00748	0.00881	0.00934	0.00529	0.00593	0.00914	0.01275	0.01692	0.06455	0.69678	0.08605	0.01973	0.00818	0.00257	0.00369	0.01781	0.00604	0.00529
70	0.02250	0.16141	0.04960	0.01567	0.01970	0.56679	0.01268	0.04766	0.01762	0.01673	0.01006	0.01164	0.00840	0.00648	0.00557	0.00164	0.01058	0.00412	0.00331	0.00783
71	0.01421	0.06447	0.61491	0.01882	0.05486	0.01558	0.03915	0.04765	0.01448	0.04015	0.01206	0.01398	0.00863	0.00619	0.00612	0.00201	0.00919	0.00491	0.00305	0.00959
72	0.01849	0.01686	0.02015	0.01621	0.01987	0.13445	0.13322	0.15148	0.09086	0.07848	0.08270	0.02155	0.04918	0.00875	0.00905	0.00213	0.12601	0.00694	0.00499	0.00862
73	0.01718	0.01329	0.01442	0.01278	0.01649	0.01498	0.00999	0.03317	0.61859	0.10272	0.05366	0.02482	0.02094	0.00886	0.00661	0.00216	0.00507	0.00739	0.00675	0.01015
74	0.02377	0.03010	0.01867	0.01768	0.05195	0.71416	0.01281	0.02553	0.01815	0.01605	0.01008	0.01185	0.00841	0.00662	0.00585	0.00168	0.01147	0.00423	0.00332	0.00761
75	0.01599	0.01535	0.02623	0.03966	0.73262	0.01535	0.01983	0.01983	0.01471	0.02111	0.01215	0.01599	0.01023	0.00576	0.00640	0.00192	0.00768	0.00576	0.00320	0.01023

[dist]
# distance from previous block
# <min> <max>
0	1

[block]
# block no. 4 follows, 34 sequences, length 291
# corresponding to MSA columns:
# 205-495
name=unknown_E
#
# <colnr> <probs for GDERKNQSTAVLIFYWHMCP>
#	G	D	E	R	K	N	Q	S	T	A	V	L	I	F	Y	W	H	M	C	P
0	0.11695	0.04350	0.19905	0.01498	0.04804	0.01550	0.01405	0.24633	0.01969	0.16788	0.01607	0.04267	0.01181	0.00748	0.00608	0.00199	0.00705	0.00578	0.00526	0.00982
1	0.02336	0.02173	0.01939	0.01577	0.02029	0.24907	0.03966	0.41160	0.08301	0.03094	0.01456	0.01508	0.01082	0.00740	0.00632	0.00188	0.00853	0.00549	0.00536	0.00973
2	0.75995	0.01238	0.00990	0.00872	0.01279	0.01412	0.00718	0.01992	0.01155	0.08155	0.01022	0.01135	0.00767	0.00615	0.00418	0.00200	0.00504	0.00372	0.00430	0.00729
3	0.18435	0.01697	0.01740	0.01358	0.01852	0.01892	0.01122	0.57180	0.02648	0.03836	0.01420	0.01450	0.01019	0.00740	0.00597	0.00195	0.00669	0.00535	0.00597	0.01019
4	0.02402	0.01783	0.01909	0.01476	0.01983	0.01979	0.01215	0.66824	0.07409	0.03985	0.01620	0.01606	0.01154	0.00782	0.00647	0.00196	0.00698	0.00591	0.00647	0.01094
5	0.00923	0.00692	0.01038	0.01038	0.01154	0.00808	0.00808	0.01154	0.01038	0.01500	0.01731	0.02538	0.01615	0.04846	0.74732	0.01038	0.01731	0.00692	0.00346	0.00577
6	0.00787	0.00658	0.00687	0.00687	0.00897	0.00558	0.00521	0.00967	0.01504	0.01825	0.12186	0.06136	0.64724	0.01614	0.00768	0.00220	0.00335	0.03762	0.00609	0.00553
7	0.02269	0.01181	0.01478	0.01106	0.01636	0.01009	0.00904	0.08575	0.01761	0.40401	0.01930	0.01816	0.01312	0.00676	0.00585	0.00160	0.00537	0.00543	0.00628	0.31495
8	0.01340	0.01148	0.01340	0.00957	0.01531	0.00861	0.00766	0.01627	0.01340	0.02105	0.01148	0.01340	0.00957	0.00479	0.00479	0.00096	0.00479	0.00383	0.00383	0.81242
9	0.00787	0.00562	0.00750	0.00900	0.00937	0.00525	0.00600	0.00900	0.01237	0.01649	0.03561	0.76871	0.04274	0.02024	0.00825	0.00262	0.00375	0.01837	0.00600	0.00525
10	0.02402	0.01783	0.01909	0.01476	0.01983	0.01979	0.01215	0.66812	0.07421	0.03985	0.01620	0.01606	0.01154	0.00782	0.00647	0.00196	0.00698	0.00591	0.00647	0.01094
11	0.01475	0.01922	0.13824	0.02434	0.03124	0.01544	0.54527	0.02026	0.01485	0.02070	0.01271	0.01651	0.00955	0.00549	0.00715	0.00205	0.01014	0.00686	0.00324	0.08199
12	0.01376	0.01149	0.01332	0.00974	0.01516	0.00904	0.00776	0.05295	0.01427	0.02201	0.01280	0.04078	0.01101	0.00556	0.00499	0.00108	0.00483	0.00451	0.02407	0.72085
13	0.02027	0.45076	0.02706	0.01350	0.01807	0.34087	0.01168	0.02217	0.01539	0.01547	0.00942	0.01093	0.00831	0.00602	0.00488	0.00151	0.00898	0.00376	0.00301	0.00794
14	0.00936	0.00639	0.00768	0.00768	0.00790	0.00661	0.00471	0.00980	0.00958	0.01300	0.01978	0.03907	0.02210	0.63536	0.16854	0.00705	0.00836	0.00893	0.00383	0.00427
15	0.01446	0.01450	0.04494	0.27526	0.41362	0.01544	0.01878	0.01833	0.01362	0.01902	0.01156	0.01615	0.00946	0.00654	0.00784	0.00209	0.08074	0.00571	0.00304	0.00889
16	0.00784	0.00655	0.00683	0.00676	0.00885	0.00554	0.00507	0.00967	0.01521	0.01861	0.15622	0.06028	0.63851	0.01593	0.00763	0.00216	0.00324	0.01337	0.00615	0.00554
17	0.02087	0.33290	0.02467	0.04420	0.01959	0.42459	0.01212	0.02281	0.01599	0.01559	0.00964	0.01135	0.00832	0.00619	0.00517	0.00157	0.00960	0.00394	0.00308	0.00780
18	0.01488	0.01429	0.02270	0.07844	0.55407	0.04325	0.01736	0.01826	0.01440	0.01993	0.01551	0.12769	0.01488	0.00799	0.00665	0.00203	0.00731	0.00756	0.00360	0.00920
19	0.04219	0.02014	0.01934	0.15292	0.07929	0.29934	0.01442	0.02013	0.01411	0.01667	0.00991	0.01377	0.00854	0.00803	0.01090	0.00216	0.25252	0.00504	0.00309	0.00750
20	0.01204	0.00602	0.00602	0.00602	0.00753	0.00602	0.00452	0.01506	0.01355	0.02409	0.02108	0.02409	0.01656	0.00753	0.00452	0.00151	0.00301	0.00602	0.80879	0.00602
21	0.01732	0.01477	0.01687	0.07964	0.04006	0.05431	0.01160	0.17198	0.16036	0.04666	0.01689	0.01815	0.03312	0.00789	0.00826	0.00193	0.11506	0.00584	0.00488	0.17439
22	0.19324	0.02379	0.01601	0.01420	0.01792	0.46108	0.01093	0.05284	0.04581	0.08967	0.01216	0.01307	0.00935	0.00678	0.00556	0.00180	0.00919	0.00444	0.00418	0.00798
23	0.73581	0.01237	0.00996	0.00869	0.01283	0.01392	0.00714	0.01932	0.01145	0.05700	0.00982	0.01114	0.00752	0.00600	0.00415	0.00193	0.00500	0.00364	0.00415	0.05814
24	0.01414	0.01414	0.01979	0.01696	0.01696	0.01979	0.01414	0.01555	0.00990	0.01555	0.00848	0.01414	0.00848	0.01131	0.02120	0.00283	0.76110	0.00565	0.00283	0.00707
25	0.01360	0.05213	0.61723	0.01820	0.05471	0.01456	0.02170	0.02028	0.01399	0.04926	0.03654	0.03469	0.01123	0.00678	0.00621	0.00203	0.00887	0.00543	0.00319	0.00937
26	0.01374	0.01169	0.01358	0.00973	0.01546	0.00896	0.00780	0.03753	0.01392	0.02166	0.01161	0.01346	0.00961	0.00488	0.00484	0.00099	0.00486	0.00389	0.00391	0.78790
27	0.01122	0.00561	0.00842	0.00842	0.00842	0.00561	0.00561	0.00842	0.00842	0.01122	0.01122	0.01964	0.01122	0.02245	0.02525	0.81201	0.00561	0.00561	0.00281	0.00281
28	0.01340	0.01148	0.01340	0.00957	0.01531	0.00861	0.00766	0.01627	0.01340	0.02105	0.01148	0.01340	0.00957	0.00479	0.00479	0.00096	0.00479	0.00383	0.00383	0.81242
29	0.01327	0.01271	0.02177	0.53768	0.20539	0.01482	0.04637	0.01743	0.01335	0.01774	0.01162	0.01686	0.00904	0.00639	0.00691	0.00212	0.02979	0.00582	0.00296	0.00796
30	0.76791	0.01285	0.01013	0.00890	0.01298	0.01485	0.00733	0.06314	0.01223	0.02974	0.00941	0.01082	0.00725	0.00611	0.00416	0.00200	0.00513	0.00365	0.00416	0.00725
31	0.00764	0.00655	0.00655	0.00655	0.00873	0.00545	0.00491	0.00927	0.01473	0.01745	0.06546	0.06218	0.73000	0.01636	0.00764	0.00218	0.00327	0.01364	0.00600	0.00545
32	0.01204	0.00602	0.00602	0.00602	0.00753	0.00602	0.00452	0.01506	0.01355	0.02409	0.02108	0.02409	0.01656	0.00753	0.00452	0.00151	0.00301	0.00602	0.80879	0.00602
33	0.02456	0.01810	0.01939	0.01487	0.02004	0.02004	0.01228	0.71107	0.03038	0.04072	0.01551	0.01551	0.01099	0.00776	0.00646	0.00194	0.00711	0.00582	0.00646	0.01099
34	0.01599	0.01535	0.02623	0.03966	0.73262	0.01535	0.01983	0.01983	0.01471	0.02111	0.01215	0.01599	0.01023	0.00576	0.00640	0.00192	0.00768	0.00576	0.00320	0.01023
35	0.01204	0.00602	0.00602	0.00602	0.00753	0.00602	0.00452	0.01506	0.01355	0.02409	0.02108	0.02409	0.01656	0.00753	0.00452	0.00151	0.00301	0.00602	0.80879	0.00602
36	0.01525	0.01743	0.03813	0.02723	0.03377	0.01634	0.70915	0.02070	0.01525	0.02070	0.01307	0.01743	0.00980	0.00545	0.00763	0.00218	0.01089	0.00763	0.00327	0.00871
37	0.01340	0.01148	0.01340	0.00957	0.01531	0.00861	0.00766	0.01627	0.01340	0.02105	0.01148	0.01340	0.00957	0.00479	0.00479	0.00096	0.00479	0.00383	0.00383	0.81242
38	0.02456	0.01810	0.01939	0.01487	0.02004	0.02004	0.01228	0.71107	0.03038	0.04072	0.01551	0.01551	0.01099	0.00776	0.00646	0.00194	0.00711	0.00582	0.00646	0.01099
39	0.02899	0.01100	0.01499	0.01150	0.01649	0.00950	0.00950	0.03149	0.01849	0.73709	0.02549	0.02199	0.01599	0.00800	0.00650	0.00200	0.00550	0.00650	0.00800	0.01100
40	0.00764	0.00655	0.00655	0.00655	0.00873	0.00545	0.00491	0.00927	0.01473	0.01745	0.06546	0.06218	0.73000	0.01636	0.00764	0.00218	0.00327	0.01364	0.00600	0.00545
41	0.01689	0.01429	0.01507	0.01331	0.01711	0.01645	0.01043	0.09963	0.65431	0.02835	0.02526	0.02328	0.01888	0.00867	0.00656	0.00217	0.00531	0.00716	0.00656	0.01030
42	0.00787	0.00562	0.00750	0.00900	0.00937	0.00525	0.00600	0.00900	0.01237	0.01649	0.03561	0.76871	0.04274	0.02024	0.00825	0.00262	0.00375	0.01837	0.00600	0.00525
43	0.01530	0.01757	0.05621	0.02883	0.13767	0.01616	0.58710	0.02056	0.01512	0.02075	0.01289	0.01711	0.00982	0.00551	0.00740	0.00214	0.01038	0.00727	0.00324	0.00896
44	0.01470	0.01634	0.03472	0.04974	0.03193	0.01552	0.61659	0.02025	0.03539	0.02082	0.04291	0.04164	0.01311	0.00634	0.00758	0.00219	0.01012	0.00804	0.00359	0.00850
45	0.01525	0.01743	0.03813	0.02723	0.03377	0.01634	0.70915	0.02070	0.01525	0.02070	0.01307	0.01743	0.00980	0.00545	0.00763	0.00218	0.01089	0.00763	0.00327	0.00871
46	0.01521	0.14067	0.47223	0.01672	0.02465	0.03849	0.04207	0.08601	0.03494	0.02167	0.01198	0.01368	0.00890	0.00621	0.00587	0.00189	0.00872	0.00478	0.00327	0.04205
47	0.00940	0.00626	0.00705	0.00705	0.00705	0.00626	0.00392	0.00940	0.00940	0.01253	0.02036	0.04228	0.02349	0.77292	0.03289	0.00626	0.00626	0.00940	0.00392	0.00392
48	0.01220	0.01148	0.01938	0.75739	0.04450	0.01436	0.01794	0.01651	0.01292	0.01651	0.01148	0.01723	0.00861	0.00646	0.00646	0.00215	0.00861	0.00574	0.00287	0.00718
49	0.01031	0.00737	0.01030	0.01178	0.01323	0.00735	0.01024	0.01321	0.01478	0.01922	0.03427	0.10033	0.03740	0.01794	0.00890	0.00296	0.00586	0.66267	0.00595	0.00592
50	0.00910	0.00660	0.00857	0.00808	0.00962	0.00608	0.00606	0.01210	0.01817	0.02563	0.70734	0.04872	0.08301	0.01331	0.00762	0.00204	0.00306	0.01175	0.00708	0.00608
51	0.01727	0.77681	0.03386	0.01106	0.01658	0.02557	0.01106	0.01935	0.01313	0.01520	0.00898	0.01036	0.00829	0.00553	0.00415	0.00138	0.00691	0.00345	0.00276	0.00829
52	0.01394	0.01384	0.01941	0.01670	0.01674	0.01931	0.01389	0.01539	0.00992	0.01553	0.00884	0.01459	0.00879	0.01282	0.05071	0.00313	0.73088	0.00571	0.00285	0.00702
53	0.00914	0.00660	0.00864	0.00813	0.00965	0.00610	0.00610	0.01219	0.01829	0.02591	0.72921	0.04827	0.06097	0.01321	0.00762	0.00203	0.00305	0.01169	0.00711	0.00610
54	0.01286	0.03272	0.72041	0.01815	0.02749	0.01477	0.02341	0.02025	0.01376	0.02060	0.03029	0.01454	0.00956	0.00632	0.00618	0.00205	0.00938	0.00495	0.00284	0.00946
55	0.00934	0.00627	0.00703	0.00703	0.00710	0.00624	0.00394	0.00939	0.00956	0.01268	0.02170	0.04288	0.04458	0.75034	0.03213	0.00614	0.00617	0.00952	0.00398	0.00396
56	0.01518	0.01796	0.06123	0.02694	0.03358	0.01630	0.68657	0.02069	0.01520	0.02069	0.01302	0.01730	0.00975	0.00547	0.00758	0.00217	0.01085	0.00753	0.00325	0.00874
57	0.01691	0.04558	0.07102	0.09235	0.25602	0.11317	0.07909	0.06859	0.08086	0.02105	0.01292	0.01584	0.01035	0.00688	0.00779	0.00203	0.08110	0.00570	0.00364	0.00909
58	0.05653	0.01787	0.01899	0.01461	0.01973	0.01981	0.01207	0.68321	0.02960	0.04025	0.01525	0.01531	0.01083	0.00769	0.00636	0.00194	0.00703	0.00572	0.00636	0.01083
59	0.03760	0.19667	0.42910	0.01658	0.02436	0.01745	0.07064	0.05913	0.01477	0.05935	0.01202	0.01366	0.00888	0.00614	0.00578	0.00190	0.00858	0.00481	0.00330	0.00929
60	0.00794	0.00583	0.00748	0.00876	0.00944	0.00537	0.00602	0.00921	0.01281	0.01675	0.03982	0.63949	0.14070	0.01959	0.00819	0.00258	0.00377	0.04495	0.00600	0.00531
61	0.00794	0.00656	0.00696	0.00686	0.00891	0.00558	0.00515	0.00986	0.01544	0.01915	0.19839	0.05940	0.59600	0.01573	0.00763	0.00215	0.00323	0.01325	0.00622	0.00558
62	0.02414	0.03079	0.01831	0.01665	0.01998	0.74698	0.01248	0.02580	0.01831	0.01581	0.00999	0.01165	0.00832	0.00666	0.00583	0.00166	0.01165	0.00416	0.00333	0.00749
63	0.01451	0.05890	0.50905	0.01975	0.02807	0.05573	0.16356	0.03883	0.01465	0.02058	0.01181	0.01423	0.00860	0.00604	0.00636	0.00202	0.00977	0.00530	0.00297	0.00925
64	0.00940	0.00626	0.00705	0.00705	0.00705	0.00626	0.00392	0.00940	0.00940	0.01253	0.02036	0.04228	0.02349	0.77292	0.03289	0.00626	0.00626	0.00940	0.00392	0.00392
65	0.00764	0.00655	0.00655	0.00655	0.00873	0.00545	0.00491	0.00927	0.01473	0.01745	0.06546	0.06218	0.73000	0.01636	0.00764	0.00218	0.00327	0.01364	0.00600	0.00545
66	0.01590	0.21317	0.35246	0.01784	0.02506	0.11605	0.13326	0.02094	0.01441	0.01858	0.01098	0.01320	0.00850	0.00594	0.00585	0.00185	0.00941	0.00484	0.00291	0.00882
67	0.02485	0.01545	0.01747	0.01357	0.01844	0.01637	0.01111	0.45328	0.07008	0.23852	0.01919	0.01869	0.01334	0.03001	0.00724	0.00210	0.00650	0.00621	0.00684	0.01074
68	0.01122	0.00561	0.00842	0.00842	0.00842	0.00561	0.00561	0.00842	0.00842	0.01122	0.01122	0.01964	0.01122	0.02245	0.02525	0.81201	0.00561	0.00561	0.00281	0.00281
69	0.01220	0.01148	0.01938	0.75739	0.04450	0.01436	0.01794	0.01651	0.01292	0.01651	0.01148	0.01723	0.00861	0.00646	0.00646	0.00215	0.00861	0.00574	0.00287	0.00718
70	0.01733	0.03390	0.05154	0.01243	0.01604	0.03331	0.01028	0.22192	0.17802	0.06811	0.01908	0.02230	0.01538	0.09072	0.13872	0.00387	0.00831	0.00659	0.04340	0.00873
71	0.01632	0.01400	0.01475	0.01320	0.01690	0.01619	0.01029	0.05390	0.70098	0.02742	0.02599	0.02386	0.01947	0.00874	0.00657	0.00218	0.00517	0.00726	0.00657	0.01025
72	0.81856	0.01250	0.00950	0.00850	0.01250	0.01449	0.00700	0.01899	0.01100	0.02899	0.00900	0.01050	0.00700	0.00600	0.00400	0.00200	0.00500	0.00350	0.00400	0.00700
73	0.01247	0.00983	0.01190	0.01226	0.01453	0.01065	0.01016	0.02122	0.28466	0.02216	0.03124	0.08225	0.03073	0.01447	0.00800	0.00266	0.00554	0.40150	0.00619	0.00756
74	0.01525	0.01743	0.03813	0.02723	0.03377	0.01634	0.70915	0.02070	0.01525	0.02070	0.01307	0.01743	0.00980	0.00545	0.00763	0.00218	0.01089	0.00763	0.00327	0.00871
75	0.01220	0.01148	0.01938	0.75739	0.04450	0.01436	0.01794	0.01651	0.01292	0.01651	0.01148	0.01723	0.00861	0.00646	0.00646	0.00215	0.00861	0.00574	0.00287	0.00718
76	0.00933	0.00629	0.00711	0.00711	0.00722	0.00628	0.00405	0.00944	0.00961	0.01276	0.02190	0.04259	0.04858	0.72846	0.04916	0.00622	0.00642	0.00949	0.00398	0.00401
77	0.69113	0.01225	0.01038	0.00898	0.01314	0.01369	0.00740	0.02101	0.01221	0.14327	0.01166	0.01235	0.00845	0.00632	0.00440	0.00200	0.00508	0.00398	0.00464	0.00764
78	0.00924	0.00687	0.01009	0.01009	0.01115	0.00792	0.00771	0.01135	0.01030	0.01478	0.01757	0.02686	0.01679	0.11163	0.68503	0.01002	0.01634	0.00714	0.00350	0.00561
79	0.00901	0.00657	0.00872	0.01004	0.01114	0.00628	0.00790	0.01105	0.01380	0.01791	0.03851	0.36536	0.12173	0.01868	0.00849	0.00273	0.00470	0.32582	0.00598	0.00559
