[name]
unknown

[dist]
# distance from previous block
# <min> <max>
0	73

[block]
# block no. 0 follows, 34 sequences, length 311
# corresponding to MSA columns:
# 75-385
name=unknown_A
#
# <colnr> <probs for GDERKNQSTAVLIFYWHMCP>
#	G	D	E	R	K	N	Q	S	T	A	V	L	I	F	Y	W	H	M	C	P
0	0.08322	0.04092	0.12677	0.01418	0.05845	0.03445	0.03534	0.06751	0.03246	0.24552	0.08792	0.02437	0.06245	0.00841	0.00637	0.00199	0.00634	0.02526	0.00560	0.03249
1	0.01817	0.09006	0.22366	0.01776	0.08617	0.05822	0.06500	0.14725	0.03733	0.10679	0.07357	0.01817	0.01460	0.00720	0.00630	0.00194	0.00779	0.00594	0.00460	0.00948
2	0.12837	0.01485	0.05629	0.05448	0.07639	0.08138	0.08189	0.05540	0.06252	0.08474	0.07738	0.07051	0.01769	0.02595	0.03212	0.00243	0.03369	0.00708	0.02878	0.00807
3	0.01710	0.04314	0.14329	0.01594	0.08521	0.07517	0.03706	0.10663	0.04282	0.09942	0.07829	0.04499	0.03699	0.00776	0.00624	0.00182	0.00690	0.00643	0.00477	0.14003
4	0.03640	0.04198	0.16685	0.01892	0.18182	0.03438	0.01428	0.06037	0.03979	0.04669	0.13350	0.04430	0.04098	0.00822	0.00680	0.00192	0.02952	0.00686	0.00445	0.08197
5	0.15881	0.06803	0.12750	0.01390	0.04209	0.08254	0.01230	0.18040	0.01815	0.11535	0.03380	0.03990	0.01235	0.00728	0.00576	0.00187	0.00696	0.00547	0.00484	0.06271
6	0.01366	0.01409	0.11552	0.08158	0.14117	0.01174	0.03374	0.06487	0.05690	0.04910	0.19858	0.05615	0.02706	0.00971	0.00697	0.00210	0.00627	0.06960	0.00506	0.03611
7	0.24094	0.09207	0.04145	0.01650	0.09887	0.07976	0.10552	0.03933	0.05494	0.04246	0.03383	0.01951	0.03586	0.00729	0.00578	0.00196	0.00703	0.04124	0.00416	0.03151
8	0.12430	0.08919	0.03821	0.01469	0.04013	0.18314	0.03668	0.14387	0.14939	0.07511	0.01511	0.01554	0.01141	0.00701	0.00579	0.00187	0.00752	0.00523	0.00483	0.03099
9	0.01433	0.01227	0.01884	0.38088	0.17402	0.01345	0.01535	0.05793	0.03431	0.04445	0.01399	0.04435	0.01130	0.00686	0.00625	0.00194	0.00730	0.00607	0.03474	0.10137
10	0.01288	0.01217	0.02060	0.62967	0.16696	0.01453	0.01828	0.01710	0.01324	0.01733	0.01160	0.01701	0.00890	0.00633	0.00645	0.00211	0.00845	0.00574	0.00293	0.00772
11	0.00927	0.00656	0.00866	0.00870	0.00926	0.00710	0.00597	0.01041	0.00996	0.01383	0.01936	0.05603	0.02056	0.40401	0.37365	0.00812	0.01147	0.00848	0.00376	0.00484
12	0.02456	0.01810	0.01939	0.01487	0.02004	0.02004	0.01228	0.71107	0.03038	0.04072	0.01551	0.01551	0.01099	0.00776	0.00646	0.00194	0.00711	0.00582	0.00646	0.01099
13	0.00787	0.00562	0.00750	0.00900	0.00937	0.00525	0.00600	0.00900	0.01237	0.01649	0.03561	0.76871	0.04274	0.02024	0.00825	0.00262	0.00375	0.01837	0.00600	0.00525
14	0.01122	0.00561	0.00842	0.00842	0.00842	0.00561	0.00561	0.00842	0.00842	0.01122	0.01122	0.01964	0.01122	0.02245	0.02525	0.81201	0.00561	0.00561	0.00281	0.00281
15	0.02414	0.03079	0.01831	0.01665	0.01998	0.74698	0.01248	0.02580	0.01831	0.01581	0.00999	0.01165	0.00832	0.00666	0.00583	0.00166	0.01165	0.00416	0.00333	0.00749
16	0.00940	0.00626	0.00705	0.00705	0.00705	0.00626	0.00392	0.00940	0.00940	0.01253	0.02036	0.04228	0.02349	0.77292	0.03289	0.00626	0.00626	0.00940	0.00392	0.00392
17	0.01122	0.00561	0.00842	0.00842	0.00842	0.00561	0.00561	0.00842	0.00842	0.01122	0.01122	0.01964	0.01122	0.02245	0.02525	0.81201	0.00561	0.00561	0.00281	0.00281
18	0.00818	0.00654	0.00732	0.00718	0.00908	0.00568	0.00536	0.01031	0.01594	0.02045	0.30182	0.07633	0.47234	0.01534	0.00765	0.00214	0.00321	0.01307	0.00640	0.00568
19	0.02144	0.01227	0.01380	0.01105	0.01495	0.01271	0.00898	0.30846	0.02177	0.20755	0.01986	0.02000	0.01410	0.00774	0.00582	0.00181	0.00533	0.00605	0.27697	0.00932
20	0.11581	0.01556	0.01666	0.01317	0.01790	0.01697	0.01079	0.43412	0.10200	0.14118	0.01760	0.01710	0.01240	0.00769	0.00614	0.00197	0.00628	0.00582	0.03052	0.01029
21	0.01124	0.00841	0.00998	0.01033	0.01188	0.00881	0.00739	0.01773	0.23358	0.04576	0.03192	0.48951	0.03406	0.03679	0.00834	0.00257	0.00431	0.01424	0.00619	0.00697
22	0.01595	0.00805	0.01022	0.00923	0.01137	0.00748	0.00675	0.01802	0.03487	0.25783	0.09802	0.14228	0.04712	0.24143	0.01488	0.00341	0.00510	0.03304	0.02789	0.00705
23	0.00793	0.00565	0.00748	0.00893	0.00929	0.00528	0.00592	0.00901	0.01227	0.01636	0.03508	0.74321	0.04206	0.04666	0.00911	0.00275	0.00384	0.01805	0.00592	0.00520
24	0.01599	0.01535	0.02623	0.03966	0.73262	0.01535	0.01983	0.01983	0.01471	0.02111	0.01215	0.01599	0.01023	0.00576	0.00640	0.00192	0.00768	0.00576	0.00320	0.01023
25	0.00808	0.00594	0.00750	0.00841	0.00924	0.00544	0.00577	0.00954	0.01355	0.01795	0.14489	0.52461	0.15407	0.04216	0.00883	0.00258	0.00365	0.01632	0.00610	0.00537
26	0.00787	0.00562	0.00750	0.00900	0.00937	0.00525	0.00600	0.00900	0.01237	0.01649	0.03561	0.76871	0.04274	0.02024	0.00825	0.00262	0.00375	0.01837	0.00600	0.00525
27	0.00787	0.00562	0.00750	0.00900	0.00937	0.00525	0.00600	0.00900	0.01237	0.01649	0.03561	0.76871	0.04274	0.02024	0.00825	0.00262	0.00375	0.01837	0.00600	0.00525
28	0.00872	0.00669	0.00766	0.00796	0.00950	0.00611	0.00603	0.01042	0.01392	0.01745	0.09401	0.05963	0.38526	0.16972	0.01304	0.00318	0.00447	0.16527	0.00564	0.00530
29	0.01340	0.01148	0.01340	0.00957	0.01531	0.00861	0.00766	0.01627	0.01340	0.02105	0.01148	0.01340	0.00957	0.00479	0.00479	0.00096	0.00479	0.00383	0.00383	0.81242
30	0.29111	0.51561	0.02553	0.01018	0.01519	0.02178	0.00967	0.01923	0.01240	0.01991	0.00899	0.01041	0.00785	0.00569	0.00410	0.00159	0.00626	0.00347	0.00319	0.00785
31	0.00923	0.00692	0.01038	0.01038	0.01154	0.00808	0.00808	0.01154	0.01038	0.01500	0.01731	0.02538	0.01615	0.04846	0.74732	0.01038	0.01731	0.00692	0.00346	0.00577
32	0.00932	0.00655	0.00850	0.00848	0.00902	0.00702	0.00574	0.01039	0.01013	0.01405	0.04482	0.03542	0.02178	0.44189	0.33121	0.00784	0.01077	0.00844	0.00384	0.00477
33	0.02456	0.01810	0.01939	0.01487	0.02004	0.02004	0.01228	0.71107	0.03038	0.04072	0.01551	0.01551	0.01099	0.00776	0.00646	0.00194	0.00711	0.00582	0.00646	0.01099
34	0.01607	0.01388	0.01461	0.01315	0.01680	0.01607	0.01023	0.03433	0.72094	0.02703	0.02630	0.02411	0.01972	0.00877	0.00657	0.00219	0.00511	0.00731	0.00657	0.01023
35	0.01727	0.77681	0.03386	0.01106	0.01658	0.02557	0.01106	0.01935	0.01313	0.01520	0.00898	0.01036	0.00829	0.00553	0.00415	0.00138	0.00691	0.00345	0.00276	0.00829
36	0.00934	0.00624	0.00706	0.00712	0.00714	0.00622	0.00400	0.00938	0.00951	0.01268	0.02095	0.07031	0.02423	0.74388	0.03194	0.00612	0.00617	0.00974	0.00400	0.00397
37	0.01665	0.66893	0.13625	0.01212	0.01824	0.02403	0.01292	0.01951	0.01320	0.01597	0.00936	0.01084	0.00828	0.00562	0.00444	0.00148	0.00729	0.00365	0.00276	0.00847
38	0.00914	0.00660	0.00864	0.00813	0.00965	0.00610	0.00610	0.01219	0.01829	0.02591	0.72921	0.04827	0.06097	0.01321	0.00762	0.00203	0.00305	0.01169	0.00711	0.00610
39	0.01414	0.01414	0.01979	0.01696	0.01696	0.01979	0.01414	0.01555	0.00990	0.01555	0.00848	0.01414	0.00848	0.01131	0.02120	0.00283	0.76110	0.00565	0.00283	0.00707
40	0.01220	0.01148	0.01938	0.75739	0.04450	0.01436	0.01794	0.01651	0.01292	0.01651	0.01148	0.01723	0.00861	0.00646	0.00646	0.00215	0.00861	0.00574	0.00287	0.00718
41	0.02414	0.03079	0.01831	0.01665	0.01998	0.74698	0.01248	0.02580	0.01831	0.01581	0.00999	0.01165	0.00832	0.00666	0.00583	0.00166	0.01165	0.00416	0.00333	0.00749
42	0.01122	0.00561	0.00842	0.00842	0.00842	0.00561	0.00561	0.00842	0.00842	0.01122	0.01122	0.01964	0.01122	0.02245	0.02525	0.81201	0.00561	0.00561	0.00281	0.00281
43	0.00803	0.00574	0.00768	0.00918	0.00963	0.00539	0.00628	0.00928	0.01253	0.01667	0.03552	0.72461	0.04238	0.02009	0.00829	0.00265	0.00389	0.06088	0.00599	0.00529
44	0.02899	0.01100	0.01499	0.01150	0.01649	0.00950	0.00950	0.03149	0.01849	0.73709	0.02549	0.02199	0.01599	0.00800	0.00650	0.00200	0.00550	0.00650	0.00800	0.01100
45	0.00780	0.00648	0.00682	0.00688	0.00887	0.00550	0.00511	0.00954	0.01491	0.01822	0.12881	0.11286	0.61328	0.01634	0.00768	0.00220	0.00329	0.01379	0.00611	0.00550
46	0.01607	0.01388	0.01461	0.01315	0.01680	0.01607	0.01023	0.03433	0.72094	0.02703	0.02630	0.02411	0.01972	0.00877	0.00657	0.00219	0.00511	0.00731	0.00657	0.01023
47	0.02159	0.02613	0.01869	0.05534	0.02067	0.54351	0.01308	0.04619	0.01680	0.01663	0.00996	0.01255	0.00846	0.00759	0.00886	0.00192	0.15661	0.00459	0.00331	0.00751
48	0.06958	0.01762	0.04087	0.10311	0.40750	0.14508	0.01669	0.02156	0.01524	0.08389	0.01267	0.01546	0.00998	0.00621	0.00615	0.00191	0.00816	0.00537	0.00365	0.00928
49	0.00796	0.00568	0.00759	0.00909	0.00950	0.00532	0.00614	0.00914	0.01245	0.01659	0.03557	0.74592	0.04255	0.02016	0.00827	0.00264	0.00382	0.04033	0.00600	0.00527
50	0.01342	0.01157	0.01361	0.00981	0.01537	0.00898	0.00787	0.01625	0.01328	0.02087	0.01139	0.01342	0.00953	0.00500	0.00532	0.00102	0.02955	0.00389	0.00380	0.78605
51	0.00807	0.00599	0.00757	0.00869	0.00957	0.00549	0.00612	0.00952	0.01327	0.01726	0.06681	0.54095	0.18560	0.01899	0.00815	0.00254	0.00380	0.07019	0.00603	0.00538
52	0.03988	0.01583	0.02081	0.17324	0.30021	0.07998	0.01574	0.17597	0.01800	0.02430	0.01367	0.04488	0.01126	0.00705	0.00632	0.00197	0.00772	0.00606	0.02797	0.00914
53	0.01401	0.07906	0.39774	0.04444	0.12768	0.01578	0.16625	0.01989	0.01404	0.01999	0.01250	0.03678	0.00985	0.00632	0.00642	0.00203	0.00918	0.00585	0.00301	0.00918
54	0.01122	0.00561	0.00842	0.00842	0.00842	0.00561	0.00561	0.00842	0.00842	0.01122	0.01122	0.01964	0.01122	0.02245	0.02525	0.81201	0.00561	0.00561	0.00281	0.00281
55	0.00923	0.00692	0.01038	0.01038	0.01154	0.00808	0.00808	0.01154	0.01038	0.01500	0.01731	0.02538	0.01615	0.04846	0.74732	0.01038	0.01731	0.00692	0.00346	0.00577
56	0.00949	0.00722	0.01034	0.05883	0.01284	0.00806	0.00791	0.01170	0.01208	0.01704	0.15627	0.07867	0.02668	0.12006	0.40306	0.00702	0.03393	0.00875	0.00433	0.00572
57	0.01327	0.08653	0.68904	0.01789	0.02715	0.01576	0.02296	0.02038	0.01360	0.02009	0.01141	0.01341	0.00819	0.00610	0.00600	0.00200	0.00936	0.00468	0.00273	0.00946
58	0.02091	0.06146	0.01980	0.01716	0.08388	0.14606	0.01291	0.10608	0.01647	0.18370	0.01385	0.01561	0.01062	0.00845	0.01098	0.00216	0.25098	0.00548	0.00457	0.00888
59	0.01607	0.01388	0.01461	0.01315	0.01680	0.01607	0.01023	0.03433	0.72094	0.02703	0.02630	0.02411	0.01972	0.00877	0.00657	0.00219	0.00511	0.00731	0.00657	0.01023
60	0.02455	0.01843	0.01936	0.01491	0.02004	0.03893	0.01229	0.69326	0.03007	0.04007	0.01537	0.01541	0.01092	0.00773	0.00645	0.00193	0.00723	0.00577	0.00638	0.01090
61	0.01498	0.01751	0.06004	0.02601	0.03248	0.01583	0.64677	0.02036	0.01514	0.02066	0.01359	0.01880	0.01054	0.00581	0.00754	0.00216	0.01054	0.02721	0.00334	0.03070
62	0.01122	0.00561	0.00842	0.00842	0.00842	0.00561	0.00561	0.00842	0.00842	0.01122	0.01122	0.01964	0.01122	0.02245	0.02525	0.81201	0.00561	0.00561	0.00281	0.00281
63	0.01607	0.01388	0.01461	0.01315	0.01680	0.01607	0.01023	0.03433	0.72094	0.02703	0.02630	0.02411	0.01972	0.00877	0.00657	0.00219	0.00511	0.00731	0.00657	0.01023
64	0.00787	0.00562	0.00750	0.00900	0.00937	0.00525	0.00600	0.00900	0.01237	0.01649	0.03561	0.76871	0.04274	0.02024	0.00825	0.00262	0.00375	0.01837	0.00600	0.00525
65	0.01727	0.77681	0.03386	0.01106	0.01658	0.02557	0.01106	0.01935	0.01313	0.01520	0.00898	0.01036	0.00829	0.00553	0.00415	0.00138	0.00691	0.00345	0.00276	0.00829
66	0.00923	0.00692	0.01038	0.01038	0.01154	0.00808	0.00808	0.01154	0.01038	0.01500	0.01731	0.02538	0.01615	0.04846	0.74732	0.01038	0.01731	0.00692	0.00346	0.00577
67	0.01340	0.01148	0.01340	0.00957	0.01531	0.00861	0.00766	0.01627	0.01340	0.02105	0.01148	0.01340	0.00957	0.00479	0.00479	0.00096	0.00479	0.00383	0.00383	0.81242
68	0.01340	0.01148	0.01340	0.00957	0.01531	0.00861	0.00766	0.01627	0.01340	0.02105	0.01148	0.01340	0.00957	0.00479	0.00479	0.00096	0.00479	0.00383	0.00383	0.81242
69	0.00929	0.00622	0.00708	0.00719	0.00721	0.00619	0.00406	0.00937	0.00961	0.01281	0.02145	0.09418	0.02487	0.71915	0.03113	0.00600	0.00608	0.01004	0.00406	0.00401
70	0.00940	0.00626	0.00705	0.00705	0.00705	0.00626	0.00392	0.00940	0.00940	0.01253	0.02036	0.04228	0.02349	0.77292	0.03289	0.00626	0.00626	0.00940	0.00392	0.00392
71	0.02899	0.01100	0.01499	0.01150	0.01649	0.00950	0.00950	0.03149	0.01849	0.73709	0.02549	0.02199	0.01599	0.00800	0.00650	0.00200	0.00550	0.00650	0.00800	0.01100
72	0.00938	0.00681	0.01015	0.01015	0.01118	0.00785	0.00778	0.01125	0.01022	0.01466	0.01696	0.02546	0.01601	0.06764	0.67499	0.06753	0.01615	0.00690	0.00343	0.00550
73	0.00940	0.00626	0.00705	0.00705	0.00705	0.00626	0.00392	0.00940	0.00940	0.01253	0.02036	0.04228	0.02349	0.77292	0.03289	0.00626	0.00626	0.00940	0.00392	0.00392
74	0.01296	0.03342	0.73944	0.01842	0.02797	0.01501	0.02387	0.02046	0.01364	0.02046	0.01160	0.01364	0.00818	0.00614	0.00614	0.00205	0.00955	0.00477	0.00273	0.00955
75	0.01122	0.00561	0.00842	0.00842	0.00842	0.00561	0.00561	0.00842	0.00842	0.01122	0.01122	0.01964	0.01122	0.02245	0.02525	0.81201	0.00561	0.00561	0.00281	0.00281
76	0.03906	0.00667	0.00763	0.00753	0.00828	0.00649	0.00479	0.01086	0.01171	0.04126	0.12221	0.10740	0.09050	0.48229	0.02309	0.00471	0.00527	0.01056	0.00486	0.00483
77	0.00801	0.00579	0.00762	0.00903	0.00958	0.00540	0.00621	0.00928	0.01267	0.01673	0.03732	0.68328	0.08368	0.01986	0.00825	0.00262	0.00386	0.05952	0.00600	0.00530
78	0.02456	0.01810	0.01939	0.01487	0.02004	0.02004	0.01228	0.71107	0.03038	0.04072	0.01551	0.01551	0.01099	0.00776	0.00646	0.00194	0.00711	0.00582	0.00646	0.01099
79	0.01411	0.01552	0.03274	0.04877	0.03026	0.01488	0.56776	0.01880	0.01461	0.01982	0.01593	0.11943	0.01420	0.00768	0.00812	0.00226	0.03441	0.00896	0.00361	0.00814
80	0.00919	0.00622	0.00726	0.00739	0.00759	0.00612	0.00439	0.00963	0.01065	0.01436	0.09370	0.13091	0.02960	0.60509	0.02735	0.00540	0.00564	0.01071	0.00449	0.00430
81	0.00981	0.00675	0.00885	0.00824	0.00988	0.00621	0.00621	0.01284	0.01830	0.04963	0.70573	0.04739	0.05947	0.01304	0.00758	0.00203	0.00313	0.01151	0.00714	0.00626
82	0.01373	0.01168	0.01358	0.00973	0.01545	0.00896	0.00780	0.03714	0.01391	0.02165	0.01161	0.01346	0.00961	0.00487	0.00484	0.00099	0.00485	0.00389	0.00391	0.78835
83	0.09066	0.01629	0.06924	0.02492	0.32869	0.03463	0.03428	0.12288	0.01736	0.15398	0.01469	0.01621	0.01088	0.00649	0.00617	0.00192	0.00720	0.00559	0.00461	0.03333
84	0.01473	0.00960	0.01236	0.01268	0.09427	0.00929	0.00844	0.09581	0.01706	0.13985	0.19964	0.03743	0.15547	0.13105	0.03128	0.00292	0.00538	0.00934	0.00594	0.00747
85	0.00981	0.00675	0.00885	0.00824	0.00988	0.00621	0.00621	0.01284	0.01830	0.04984	0.70553	0.04738	0.05945	0.01303	0.00758	0.00203	0.00313	0.01151	0.00714	0.00626
86	0.01457	0.01310	0.04242	0.49647	0.18832	0.01423	0.03806	0.01875	0.01387	0.07974	0.01288	0.01727	0.00962	0.00640	0.00647	0.00209	0.00824	0.00584	0.00339	0.00828
87	0.01715	0.22001	0.17599	0.09625	0.12865	0.08401	0.05829	0.04014	0.03347	0.06996	0.01240	0.01447	0.00960	0.00621	0.00579	0.00184	0.00828	0.00501	0.00349	0.00899
88	0.01752	0.75063	0.03331	0.01125	0.01670	0.05088	0.01111	0.01957	0.01331	0.01522	0.00902	0.01041	0.00829	0.00557	0.00420	0.00139	0.00708	0.00348	0.00278	0.00826
89	0.81856	0.01250	0.00950	0.00850	0.01250	0.01449	0.00700	0.01899	0.01100	0.02899	0.00900	0.01050	0.00700	0.00600	0.00400	0.00200	0.00500	0.00350	0.00400	0.00700
90	0.01249	0.00615	0.00626	0.00617	0.00776	0.00611	0.00465	0.01549	0.01368	0.04290	0.02119	0.02403	0.01655	0.00754	0.00457	0.00152	0.00308	0.00603	0.78766	0.00615
91	0.00787	0.00562	0.00750	0.00900	0.00937	0.00525	0.00600	0.00900	0.01237	0.01649	0.03561	0.76871	0.04274	0.02024	0.00825	0.00262	0.00375	0.01837	0.00600	0.00525
92	0.01671	0.67918	0.12652	0.01202	0.01808	0.02418	0.01274	0.01949	0.01320	0.01589	0.00933	0.01080	0.00828	0.00561	0.00441	0.00147	0.00726	0.00363	0.00276	0.00846
93	0.00767	0.00642	0.00667	0.00687	0.00881	0.00543	0.00505	0.00924	0.01441	0.01733	0.06149	0.15599	0.63875	0.01688	0.00772	0.00224	0.00334	0.01426	0.00600	0.00543
94	0.00973	0.00669	0.00878	0.00830	0.00987	0.00616	0.00620	0.01265	0.01793	0.04927	0.66305	0.09150	0.05834	0.01346	0.00762	0.00207	0.00317	0.01192	0.00707	0.00621
95	0.01512	0.02487	0.44070	0.01956	0.13291	0.01348	0.01921	0.02082	0.01426	0.09338	0.01307	0.01481	0.00951	0.00605	0.00600	0.00185	0.00809	0.00495	0.00351	0.13784
96	0.01016	0.01141	0.11579	0.01215	0.05892	0.00827	0.03386	0.01379	0.01670	0.02330	0.44530	0.04274	0.14052	0.01201	0.00737	0.00208	0.00466	0.02822	0.00592	0.00685
97	0.79199	0.01245	0.00968	0.00860	0.01263	0.01433	0.00708	0.01941	0.01125	0.05282	0.00955	0.01088	0.00730	0.00607	0.00408	0.00200	0.00502	0.00360	0.00413	0.00713
98	0.01572	0.03957	0.07155	0.11653	0.17815	0.05634	0.29500	0.05880	0.01566	0.02098	0.03714	0.01721	0.01133	0.00632	0.00727	0.00206	0.03160	0.00650	0.00346	0.00880
99	0.00937	0.00635	0.00746	0.00744	0.00762	0.00645	0.00444	0.00972	0.00980	0.01324	0.04388	0.04066	0.02396	0.66930	0.10902	0.00657	0.00735	0.00921	0.00397	0.00419
100	0.79367	0.01267	0.00981	0.00870	0.01273	0.01467	0.00716	0.04069	0.01160	0.02936	0.00920	0.01065	0.00712	0.00605	0.00408	0.00200	0.00506	0.00357	0.00408	0.00712
101	0.01088	0.00681	0.02845	0.00906	0.00977	0.00615	0.00660	0.01023	0.01056	0.03874	0.02104	0.17869	0.04082	0.08576	0.01933	0.43203	0.00536	0.07140	0.00410	0.00422
102	0.01406	0.01149	0.01345	0.00979	0.01530	0.00891	0.00781	0.04011	0.01410	0.04334	0.01288	0.03992	0.01096	0.00552	0.00501	0.00108	0.00485	0.00448	0.00412	0.73280
103	0.01607	0.01388	0.01461	0.01315	0.01680	0.01607	0.01023	0.03433	0.72094	0.02703	0.02630	0.02411	0.01972	0.00877	0.00657	0.00219	0.00511	0.00731	0.00657	0.01023
104	0.00856	0.00655	0.00784	0.00759	0.00931	0.00584	0.00566	0.01103	0.01680	0.02254	0.46620	0.07753	0.30192	0.01459	0.00765	0.00211	0.00315	0.01261	0.00667	0.00584
105	0.00868	0.00645	0.00802	0.00790	0.00935	0.00586	0.00578	0.01110	0.01653	0.02257	0.48302	0.14726	0.19131	0.03684	0.00844	0.00226	0.00328	0.01290	0.00665	0.00579
106	0.00940	0.00626	0.00705	0.00705	0.00705	0.00626	0.00392	0.00940	0.00940	0.01253	0.02036	0.04228	0.02349	0.77292	0.03289	0.00626	0.00626	0.00940	0.00392	0.00392
107	0.01497	0.01697	0.03694	0.02653	0.03283	0.01591	0.68202	0.02025	0.01514	0.02053	0.01394	0.04642	0.01107	0.00602	0.00765	0.00220	0.01062	0.00804	0.00337	0.00858
108	0.01220	0.01148	0.01938	0.75739	0.04450	0.01436	0.01794	0.01651	0.01292	0.01651	0.01148	0.01723	0.00861	0.00646	0.00646	0.00215	0.00861	0.00574	0.00287	0.00718
109	0.05845	0.00833	0.00949	0.00971	0.01136	0.00857	0.00702	0.08277	0.09682	0.02122	0.03318	0.47165	0.09683	0.01603	0.00744	0.00239	0.00425	0.01409	0.03383	0.00655
110	0.01656	0.01412	0.01489	0.01325	0.01699	0.01630	0.01035	0.07341	0.68107	0.02782	0.02568	0.02361	0.01922	0.00871	0.00657	0.00218	0.00523	0.00722	0.00657	0.01027
111	0.00914	0.00660	0.00864	0.00813	0.00965	0.00610	0.00610	0.01219	0.01829	0.02591	0.72921	0.04827	0.06097	0.01321	0.00762	0.00203	0.00305	0.01169	0.00711	0.00610
112	0.00764	0.00655	0.00655	0.00655	0.00873	0.00545	0.00491	0.00927	0.01473	0.01745	0.06546	0.06218	0.73000	0.01636	0.00764	0.00218	0.00327	0.01364	0.00600	0.00545
113	0.06619	0.00807	0.00943	0.00860	0.01093	0.00752	0.00635	0.01630	0.03368	0.19510	0.09575	0.12733	0.20782	0.16373	0.01217	0.00298	0.00461	0.01061	0.00606	0.00677
114	0.02397	0.01780	0.01906	0.01475	0.01981	0.01976	0.01214	0.66374	0.07868	0.03976	0.01627	0.01611	0.01160	0.00783	0.00647	0.00196	0.00697	0.00592	0.00647	0.01094
115	0.01306	0.05094	0.72282	0.01824	0.02770	0.01525	0.02357	0.02044	0.01363	0.02034	0.01153	0.01356	0.00819	0.00612	0.00609	0.00203	0.00949	0.00474	0.00273	0.00952
116	0.00888	0.00709	0.00780	0.00757	0.00955	0.00642	0.00564	0.03371	0.03653	0.02040	0.22554	0.09650	0.45620	0.03902	0.00839	0.00229	0.00352	0.01285	0.00624	0.00588
117	0.00821	0.00580	0.00767	0.00891	0.00947	0.00543	0.00610	0.00965	0.01315	0.01785	0.11375	0.64604	0.04393	0.01903	0.00810	0.00254	0.00372	0.03743	0.02784	0.00539
118	0.00787	0.00562	0.00750	0.00900	0.00937	0.00525	0.00600	0.00900	0.01237	0.01649	0.03561	0.76871	0.04274	0.02024	0.00825	0.00262	0.00375	0.01837	0.00600	0.00525
119	0.00935	0.00643	0.00791	0.00791	0.00821	0.00673	0.00499	0.00995	0.00965	0.01317	0.01957	0.03791	0.02159	0.58535	0.21786	0.00733	0.00912	0.00876	0.00380	0.00440
120	0.01538	0.00796	0.01051	0.00915	0.01172	0.00714	0.00707	0.01805	0.01779	0.25122	0.44121	0.06376	0.06595	0.03393	0.00802	0.00217	0.00395	0.01025	0.00723	0.00754
121	0.01024	0.00685	0.00895	0.00829	0.01002	0.00628	0.00626	0.01323	0.01822	0.06628	0.67419	0.04708	0.07341	0.01298	0.00756	0.00203	0.00319	0.01143	0.00714	0.00636
122	0.00787	0.00562	0.00750	0.00900	0.00937	0.00525	0.00600	0.00900	0.01237	0.01649	0.03561	0.76871	0.04274	0.02024	0.00825	0.00262	0.00375	0.01837	0.00600	0.00525
123	0.01525	0.01743	0.03813	0.02723	0.03377	0.01634	0.70915	0.02070	0.01525	0.02070	0.01307	0.01743	0.00980	0.00545	0.00763	0.00218	0.01089	0.00763	0.00327	0.00871
124	0.00888	0.00656	0.00830	0.00813	0.00966	0.00615	0.00611	0.01108	0.01558	0.02110	0.39073	0.06909	0.22574	0.01911	0.09704	0.04988	0.00506	0.03004	0.00607	0.00567
125	0.00930	0.00666	0.00905	0.00905	0.00975	0.00735	0.00642	0.01068	0.00999	0.01401	0.01852	0.03213	0.01908	0.33753	0.46225	0.00874	0.01290	0.00791	0.00364	0.00503
126	0.00783	0.00655	0.00681	0.00675	0.00884	0.00554	0.00506	0.00964	0.01518	0.01853	0.14966	0.06042	0.64512	0.01596	0.00763	0.00216	0.00324	0.01339	0.00614	0.00554
127	0.02414	0.03079	0.01831	0.01665	0.01998	0.74698	0.01248	0.02580	0.01831	0.01581	0.00999	0.01165	0.00832	0.00666	0.00583	0.00166	0.01165	0.00416	0.00333	0.00749
128	0.01605	0.01455	0.01718	0.07124	0.14867	0.04067	0.01260	0.03014	0.51842	0.02482	0.02212	0.02172	0.01682	0.00798	0.00651	0.00212	0.00605	0.00681	0.00559	0.00992
129	0.02312	0.01738	0.01858	0.01458	0.01949	0.01937	0.01193	0.59652	0.14727	0.03840	0.01734	0.01697	0.01247	0.00793	0.00648	0.00198	0.00677	0.00607	0.00648	0.01086
130	0.04708	0.15808	0.06704	0.01819	0.14443	0.08119	0.03414	0.17592	0.01834	0.10043	0.01337	0.01457	0.01018	0.00641	0.00574	0.00174	0.00737	0.00502	0.00443	0.08635
131	0.01331	0.03348	0.04038	0.01189	0.05560	0.00944	0.00896	0.06272	0.05284	0.09095	0.13709	0.19664	0.11385	0.01251	0.00707	0.00210	0.00484	0.05081	0.00581	0.08972
132	0.04855	0.04144	0.04403	0.01750	0.08463	0.10986	0.06246	0.34391	0.06198	0.07642	0.03576	0.01667	0.01245	0.00732	0.00634	0.00193	0.00768	0.00585	0.00535	0.00987
133	0.01304	0.05392	0.67627	0.06181	0.02861	0.01528	0.02315	0.02020	0.01358	0.02007	0.01151	0.01376	0.00821	0.00614	0.00610	0.00203	0.00942	0.00479	0.00274	0.00937
134	0.01345	0.01276	0.02164	0.52087	0.27126	0.01468	0.01857	0.01760	0.01351	0.01802	0.01170	0.01682	0.00915	0.00623	0.00644	0.00208	0.00830	0.00575	0.00298	0.00819
135	0.04634	0.01557	0.01641	0.01370	0.01799	0.01766	0.01097	0.31302	0.41236	0.03274	0.02127	0.02011	0.01570	0.00826	0.00644	0.00208	0.00593	0.00656	0.00644	0.01043
136	0.01737	0.01385	0.02686	0.07811	0.02699	0.01306	0.38614	0.02168	0.01628	0.19088	0.12069	0.02301	0.01866	0.00727	0.00727	0.00211	0.00829	0.00780	0.00492	0.00875
137	0.02398	0.02246	0.01854	0.01524	0.01960	0.29249	0.01210	0.43058	0.02529	0.03082	0.01362	0.01435	0.01017	0.00734	0.00616	0.00182	0.00868	0.00520	0.03205	0.00951
138	0.00940	0.00626	0.00705	0.00705	0.00705	0.00626	0.00392	0.00940	0.00940	0.01253	0.02036	0.04228	0.02349	0.77292	0.03289	0.00626	0.00626	0.00940	0.00392	0.00392
139	0.00886	0.00659	0.00824	0.00783	0.00948	0.00598	0.00587	0.01164	0.01762	0.02432	0.60436	0.05088	0.18680	0.01380	0.00762	0.00206	0.00309	0.01205	0.00690	0.00598
140	0.00928	0.00684	0.00872	0.00827	0.00991	0.00639	0.00626	0.01268	0.03884	0.02517	0.64247	0.04921	0.10587	0.01343	0.00763	0.00207	0.00321	0.03061	0.00699	0.00617
141	0.02884	0.01124	0.01514	0.01161	0.01661	0.00985	0.00959	0.05436	0.01889	0.71366	0.02516	0.02177	0.01583	0.00799	0.00650	0.00200	0.00555	0.00647	0.00795	0.01100
142	0.02296	0.01730	0.01849	0.01454	0.01943	0.01929	0.01189	0.58372	0.16034	0.03814	0.01754	0.01713	0.01263	0.00795	0.00648	0.00199	0.00673	0.00610	0.00648	0.01085
143	0.02456	0.01810	0.01939	0.01487	0.02004	0.02004	0.01228	0.71107	0.03038	0.04072	0.01551	0.01551	0.01099	0.00776	0.00646	0.00194	0.00711	0.00582	0.00646	0.01099
144	0.00774	0.00655	0.00669	0.00666	0.00879	0.00550	0.00499	0.00948	0.01498	0.01806	0.11287	0.06119	0.68220	0.01614	0.00764	0.00217	0.00326	0.01350	0.00608	0.00550
145	0.01411	0.00773	0.01008	0.00885	0.01133	0.00691	0.00686	0.01689	0.01802	0.20804	0.48732	0.04278	0.11078	0.01216	0.00733	0.00204	0.00370	0.01053	0.00724	0.00730
146	0.00793	0.00573	0.00751	0.00881	0.00935	0.00531	0.00594	0.00920	0.01285	0.01710	0.07817	0.68769	0.08126	0.01962	0.00818	0.00257	0.00368	0.01772	0.00606	0.00531
147	0.02456	0.01810	0.01939	0.01487	0.02004	0.02004	0.01228	0.71107	0.03038	0.04072	0.01551	0.01551	0.01099	0.00776	0.00646	0.00194	0.00711	0.00582	0.00646	0.01099
148	0.01340	0.01148	0.01340	0.00957	0.01531	0.00861	0.00766	0.01627	0.01340	0.02105	0.01148	0.01340	0.00957	0.00479	0.00479	0.00096	0.00479	0.00383	0.00383	0.81242
149	0.67889	0.01211	0.01031	0.00904	0.01309	0.01354	0.00747	0.02057	0.01219	0.12878	0.01220	0.01429	0.00932	0.00669	0.00452	0.00203	0.00510	0.02770	0.00463	0.00753
150	0.00921	0.00619	0.00710	0.00728	0.00733	0.00614	0.00417	0.00935	0.00976	0.01301	0.02220	0.12998	0.02581	0.68205	0.02991	0.00582	0.00596	0.01048	0.00417	0.00408
151	0.00796	0.00569	0.00744	0.00879	0.00921	0.00532	0.00583	0.00903	0.01228	0.01629	0.03575	0.70041	0.06570	0.06518	0.00970	0.00283	0.00388	0.01767	0.00587	0.00518
152	0.00817	0.00664	0.00733	0.00771	0.00963	0.00581	0.00600	0.01001	0.01459	0.01773	0.05756	0.11463	0.55304	0.01692	0.00792	0.00236	0.00380	0.13864	0.00599	0.00553
153	0.00826	0.00657	0.00741	0.00720	0.00911	0.00572	0.00540	0.01048	0.01620	0.02094	0.33934	0.05644	0.45394	0.01506	0.00763	0.00212	0.00318	0.01283	0.00646	0.00572
154	0.01727	0.77681	0.03386	0.01106	0.01658	0.02557	0.01106	0.01935	0.01313	0.01520	0.00898	0.01036	0.00829	0.00553	0.00415	0.00138	0.00691	0.00345	0.00276	0.00829
155	0.01414	0.01414	0.01979	0.01696	0.01696	0.01979	0.01414	0.01555	0.00990	0.01555	0.00848	0.01414	0.00848	0.01131	0.02120	0.00283	0.76110	0.00565	0.00283	0.00707
156	0.00774	0.00658	0.00669	0.00675	0.00891	0.00553	0.00512	0.00943	0.01473	0.01753	0.06425	0.06260	0.70326	0.01642	0.00769	0.00221	0.00338	0.03970	0.00600	0.00547
157	0.01414	0.01414	0.01979	0.01696	0.01696	0.01979	0.01414	0.01555	0.00990	0.01555	0.00848	0.01414	0.00848	0.01131	0.02120	0.00283	0.76110	0.00565	0.00283	0.00707
158	0.00940	0.00626	0.00705	0.00705	0.00705	0.00626	0.00392	0.00940	0.00940	0.01253	0.02036	0.04228	0.02349	0.77292	0.03289	0.00626	0.00626	0.00940	0.00392	0.00392
159	0.01525	0.01743	0.03813	0.02723	0.03377	0.01634	0.70915	0.02070	0.01525	0.02070	0.01307	0.01743	0.00980	0.00545	0.00763	0.00218	0.01089	0.00763	0.00327	0.00871
160	0.00923	0.00692	0.01038	0.01038	0.01154	0.00808	0.00808	0.01154	0.01038	0.01500	0.01731	0.02538	0.01615	0.04846	0.74732	0.01038	0.01731	0.00692	0.00346	0.00577
161	0.02414	0.03079	0.01831	0.01665	0.01998	0.74698	0.01248	0.02580	0.01831	0.01581	0.00999	0.01165	0.00832	0.00666	0.00583	0.00166	0.01165	0.00416	0.00333	0.00749
162	0.79720	0.01246	0.00965	0.00858	0.01260	0.01436	0.00707	0.01933	0.01120	0.04815	0.00944	0.01081	0.00724	0.00605	0.00407	0.00200	0.00501	0.00358	0.00411	0.00711
163	0.00940	0.00626	0.00705	0.00705	0.00705	0.00626	0.00392	0.00940	0.00940	0.01253	0.02036	0.04228	0.02349	0.77292	0.03289	0.00626	0.00626	0.00940	0.00392	0.00392
164	0.00787	0.00562	0.00750	0.00900	0.00937	0.00525	0.00600	0.00900	0.01237	0.01649	0.03561	0.76871	0.04274	0.02024	0.00825	0.00262	0.00375	0.01837	0.00600	0.00525
165	0.00940	0.00626	0.00705	0.00705	0.00705	0.00626	0.00392	0.00940	0.00940	0.01253	0.02036	0.04228	0.02349	0.77292	0.03289	0.00626	0.00626	0.00940	0.00392	0.00392
166	0.14480	0.01200	0.01467	0.01143	0.01630	0.01140	0.00944	0.10498	0.01871	0.55561	0.02196	0.01958	0.01411	0.00768	0.00613	0.00199	0.00560	0.00598	0.00724	0.01041
167	0.00799	0.00671	0.00701	0.00693	0.00913	0.00565	0.00526	0.00981	0.01495	0.01822	0.11035	0.06028	0.63888	0.01589	0.00761	0.00217	0.00339	0.03694	0.00602	0.02681
168	0.00801	0.00568	0.00746	0.00882	0.00916	0.00534	0.00581	0.00903	0.01210	0.01613	0.03420	0.70160	0.04096	0.08977	0.01052	0.00296	0.00398	0.01754	0.00581	0.00513
169	0.00779	0.00655	0.00676	0.00671	0.00882	0.00552	0.00503	0.00958	0.01510	0.01834	0.13461	0.06073	0.66029	0.01604	0.00763	0.00217	0.00325	0.01343	0.00612	0.00552
170	0.17161	0.01154	0.01402	0.01101	0.01570	0.01091	0.00904	0.06733	0.01755	0.54771	0.02178	0.02012	0.01429	0.02982	0.00681	0.00212	0.00552	0.00600	0.00706	0.01006
171	0.02497	0.01745	0.01899	0.01456	0.01971	0.01907	0.01203	0.64886	0.02929	0.10447	0.01643	0.01611	0.01145	0.00778	0.00647	0.00194	0.00696	0.00588	0.00660	0.01099
172	0.00764	0.00655	0.00655	0.00655	0.00873	0.00545	0.00491	0.00927	0.01473	0.01745	0.06546	0.06218	0.73000	0.01636	0.00764	0.00218	0.00327	0.01364	0.00600	0.00545
173	0.00898	0.00652	0.00846	0.00815	0.00960	0.00600	0.00604	0.01181	0.01765	0.02479	0.64511	0.11109	0.08369	0.01393	0.00768	0.00209	0.00312	0.01233	0.00698	0.00600
174	0.02823	0.01117	0.01497	0.01159	0.01651	0.00988	0.00954	0.03166	0.05995	0.69519	0.02554	0.02212	0.01621	0.00804	0.00650	0.00201	0.00548	0.00655	0.00791	0.01095
175	0.02899	0.01100	0.01499	0.01150	0.01649	0.00950	0.00950	0.03149	0.01849	0.73709	0.02549	0.02199	0.01599	0.00800	0.00650	0.00200	0.00550	0.00650	0.00800	0.01100
176	0.01502	0.01436	0.02447	0.22373	0.55614	0.01510	0.01935	0.01898	0.01425	0.01993	0.01198	0.01631	0.00982	0.00594	0.00641	0.00198	0.00792	0.00575	0.00311	0.00945
177	0.01835	0.02268	0.07482	0.02183	0.11724	0.29774	0.14113	0.02135	0.01501	0.01768	0.01061	0.01399	0.00887	0.00735	0.00978	0.00209	0.18284	0.00539	0.00314	0.00813
178	0.05946	0.01620	0.07519	0.13002	0.42156	0.01545	0.12382	0.01937	0.01411	0.02063	0.01187	0.01585	0.00957	0.00603	0.00694	0.00203	0.03363	0.00584	0.00316	0.00926
179	0.01384	0.01366	0.02137	0.53195	0.19792	0.05787	0.03687	0.01792	0.01371	0.01762	0.01159	0.01662	0.00899	0.00629	0.00644	0.00207	0.00864	0.00570	0.00298	0.00793
180	0.00924	0.00690	0.01027	0.01027	0.01138	0.00801	0.00793	0.01146	0.01035	0.01491	0.01741	0.02597	0.01641	0.07358	0.72254	0.01024	0.01692	0.00701	0.00348	0.00570
181	0.00808	0.00594	0.00762	0.00883	0.00960	0.00548	0.00618	0.00950	0.01313	0.01719	0.06443	0.58235	0.14631	0.01922	0.00819	0.00256	0.00383	0.07015	0.00603	0.00536
182	0.01038	0.00634	0.00913	0.00943	0.01019	0.00599	0.02666	0.01066	0.01185	0.05890	0.05147	0.44723	0.03149	0.04129	0.01354	0.22738	0.00463	0.01330	0.00513	0.00501
183	0.01204	0.00602	0.00602	0.00602	0.00753	0.00602	0.00452	0.01506	0.01355	0.02409	0.02108	0.02409	0.01656	0.00753	0.00452	0.00151	0.00301	0.00602	0.80879	0.00602
184	0.30814	0.01153	0.01305	0.01044	0.01508	0.01126	0.00861	0.02707	0.01584	0.48675	0.01966	0.01793	0.01281	0.00729	0.00561	0.00200	0.00532	0.00544	0.00658	0.00958
185	0.01550	0.00880	0.01080	0.00971	0.01206	0.00860	0.00718	0.02000	0.13351	0.21278	0.16267	0.12728	0.04717	0.17939	0.01279	0.00306	0.00486	0.00994	0.00639	0.00750
186	0.00931	0.00613	0.00706	0.00733	0.00750	0.00606	0.00434	0.00973	0.01023	0.01407	0.02318	0.17305	0.02650	0.58151	0.02638	0.00526	0.00557	0.01079	0.06168	0.00431
187	0.00929	0.00667	0.00911	0.00911	0.00982	0.00738	0.00648	0.01072	0.01001	0.01405	0.01848	0.03186	0.01897	0.32614	0.47348	0.00881	0.01307	0.00787	0.00364	0.00506
188	0.02232	0.01512	0.01675	0.01356	0.01813	0.01646	0.01096	0.32508	0.28289	0.17523	0.02149	0.01998	0.01522	0.00818	0.00651	0.00204	0.00605	0.00650	0.00681	0.01071
189	0.01130	0.00946	0.01019	0.00950	0.01212	0.00980	0.00727	0.01983	0.29515	0.02307	0.19349	0.04410	0.30406	0.01267	0.00721	0.00215	0.00395	0.01071	0.00647	0.00748
190	0.02770	0.01166	0.01527	0.01176	0.01665	0.01061	0.00969	0.11080	0.01989	0.62762	0.05147	0.02224	0.01714	0.00817	0.00654	0.00199	0.00559	0.00662	0.00778	0.01081
191	0.00785	0.00572	0.00739	0.00873	0.00930	0.00527	0.00588	0.00903	0.01263	0.01660	0.03890	0.69081	0.11851	0.01982	0.00818	0.00258	0.00370	0.01785	0.00600	0.00527
192	0.01204	0.00602	0.00602	0.00602	0.00753	0.00602	0.00452	0.01506	0.01355	0.02409	0.02108	0.02409	0.01656	0.00753	0.00452	0.00151	0.00301	0.00602	0.80879	0.00602
193	0.00929	0.00622	0.00708	0.00719	0.00721	0.00619	0.00406	0.00937	0.00961	0.01281	0.02145	0.09418	0.02487	0.71915	0.03113	0.00600	0.00608	0.01004	0.00406	0.00401
194	0.01599	0.01535	0.02623	0.03966	0.73262	0.01535	0.01983	0.01983	0.01471	0.02111	0.01215	0.01599	0.01023	0.00576	0.00640	0.00192	0.00768	0.00576	0.00320	0.01023
195	0.01414	0.01414	0.01979	0.01696	0.01696	0.01979	0.01414	0.01555	0.00990	0.01555	0.00848	0.01414	0.00848	0.01131	0.02120	0.00283	0.76110	0.00565	0.00283	0.00707
196	0.00764	0.00655	0.00655	0.00655	0.00873	0.00545	0.00491	0.00927	0.01473	0.01745	0.06546	0.06218	0.73000	0.01636	0.00764	0.00218	0.00327	0.01364	0.00600	0.00545
197	0.00939	0.00628	0.00714	0.00714	0.00717	0.00631	0.00403	0.00945	0.00942	0.01260	0.02028	0.04182	0.02329	0.75317	0.05236	0.00638	0.00657	0.00933	0.00390	0.00397
198	0.00787	0.00562	0.00750	0.00900	0.00937	0.00525	0.00600	0.00900	0.01237	0.01649	0.03561	0.76871	0.04274	0.02024	0.00825	0.00262	0.00375	0.01837	0.00600	0.00525
199	0.00923	0.00692	0.01038	0.01038	0.01154	0.00808	0.00808	0.01154	0.01038	0.01500	0.01731	0.02538	0.01615	0.04846	0.74732	0.01038	0.01731	0.00692	0.00346	0.00577
200	0.00802	0.00573	0.00767	0.00917	0.00961	0.00538	0.00626	0.00926	0.01252	0.01666	0.03553	0.72764	0.04241	0.02010	0.00829	0.00264	0.00388	0.05795	0.00600	0.00529
201	0.02899	0.01100	0.01499	0.01150	0.01649	0.00950	0.00950	0.03149	0.01849	0.73709	0.02549	0.02199	0.01599	0.00800	0.00650	0.00200	0.00550	0.00650	0.00800	0.01100
202	0.01340	0.01148	0.01340	0.00957	0.01531	0.00861	0.00766	0.01627	0.01340	0.02105	0.01148	0.01340	0.00957	0.00479	0.00479	0.00096	0.00479	0.00383	0.00383	0.81242
203	0.01787	0.00900	0.01012	0.00863	0.01150	0.00894	0.00685	0.12390	0.01724	0.19229	0.02126	0.02231	0.01559	0.00767	0.00527	0.00169	0.00421	0.00610	0.50162	0.00793
204	0.00926	0.00682	0.00988	0.00988	0.01086	0.00780	0.00745	0.01121	0.01024	0.01463	0.01777	0.02793	0.01726	0.15778	0.63951	0.00976	0.01564	0.00730	0.00353	0.00549
205	0.00940	0.00626	0.00705	0.00705	0.00705	0.00626	0.00392	0.00940	0.00940	0.01253	0.02036	0.04228	0.02349	0.77292	0.03289	0.00626	0.00626	0.00940	0.00392	0.00392
206	0.01126	0.00734	0.00950	0.00882	0.01076	0.00686	0.00680	0.01480	0.04510	0.09040	0.57474	0.04687	0.07384	0.01294	0.00756	0.00210	0.00354	0.05304	0.00707	0.00668
207	0.00940	0.00626	0.00705	0.00705	0.00705	0.00626	0.00392	0.00940	0.00940	0.01253	0.02036	0.04228	0.02349	0.77292	0.03289	0.00626	0.00626	0.00940	0.00392	0.00392
208	0.00787	0.00562	0.00750	0.00900	0.00937	0.00525	0.00600	0.00900	0.01237	0.01649	0.03561	0.76871	0.04274	0.02024	0.00825	0.00262	0.00375	0.01837	0.00600	0.00525
209	0.00787	0.00562	0.00750	0.00900	0.00937	0.00525	0.00600	0.00900	0.01237	0.01649	0.03561	0.76871	0.04274	0.02024	0.00825	0.00262	0.00375	0.01837	0.00600	0.00525
210	0.01231	0.01160	0.01958	0.73605	0.06496	0.01439	0.01800	0.01661	0.01297	0.01665	0.01150	0.01719	0.00866	0.00644	0.00646	0.00215	0.00859	0.00574	0.00288	0.00727
211	0.02559	0.01044	0.01404	0.01105	0.01549	0.00922	0.00902	0.02872	0.04282	0.60682	0.13006	0.02597	0.02280	0.00880	0.00667	0.00201	0.00512	0.00730	0.00782	0.01024
212	0.00923	0.00692	0.01038	0.01038	0.01154	0.00808	0.00808	0.01154	0.01038	0.01500	0.01731	0.02538	0.01615	0.04846	0.74732	0.01038	0.01731	0.00692	0.00346	0.00577
213	0.00933	0.00657	0.00847	0.00800	0.00952	0.00609	0.00600	0.01237	0.01799	0.02580	0.68432	0.04673	0.05815	0.01285	0.00742	0.00200	0.00305	0.01133	0.05793	0.00609
214	0.00787	0.00562	0.00750	0.00900	0.00937	0.00525	0.00600	0.00900	0.01237	0.01649	0.03561	0.76871	0.04274	0.02024	0.00825	0.00262	0.00375	0.01837	0.00600	0.00525
215	0.02138	0.26541	0.02453	0.01558	0.01982	0.47100	0.05804	0.02343	0.01647	0.01594	0.00987	0.01163	0.00841	0.00622	0.00541	0.00161	0.01011	0.00417	0.00315	0.00782
216	0.00908	0.00628	0.00732	0.00739	0.00783	0.00608	0.00455	0.00982	0.01154	0.01550	0.14400	0.11633	0.07950	0.51981	0.02450	0.00492	0.00527	0.01095	0.00480	0.00452
217	0.10412	0.02153	0.15844	0.02132	0.17685	0.12365	0.06270	0.18791	0.03895	0.02592	0.01268	0.01454	0.00965	0.00654	0.00611	0.00194	0.00834	0.00528	0.00410	0.00944
218	0.09548	0.24314	0.07368	0.01480	0.04011	0.32747	0.01247	0.06202	0.01638	0.04497	0.01066	0.01204	0.00867	0.00632	0.00527	0.00168	0.00891	0.00417	0.00353	0.00823
219	0.00934	0.00624	0.00706	0.00712	0.00713	0.00623	0.00399	0.00938	0.00950	0.01267	0.02091	0.06866	0.02419	0.74559	0.03199	0.00613	0.00617	0.00972	0.00399	0.00396
220	0.01574	0.01580	0.04561	0.11268	0.52228	0.01555	0.10943	0.04628	0.01517	0.02131	0.01232	0.01623	0.00998	0.00588	0.00656	0.00198	0.00822	0.00598	0.00329	0.00972
221	0.00939	0.00629	0.00717	0.00717	0.00721	0.00633	0.00407	0.00947	0.00943	0.01262	0.02025	0.04167	0.02322	0.74661	0.05883	0.00641	0.00667	0.00931	0.00390	0.00398
222	0.01477	0.01411	0.02403	0.27024	0.51155	0.01503	0.01922	0.01876	0.01414	0.01963	0.01194	0.01639	0.00971	0.00598	0.00642	0.00199	0.00798	0.00575	0.00309	0.00925
223	0.02397	0.01780	0.01906	0.01475	0.01981	0.01976	0.01214	0.66374	0.07868	0.03976	0.01627	0.01611	0.01160	0.00783	0.00647	0.00196	0.00697	0.00592	0.00647	0.01094
224	0.00923	0.00692	0.01038	0.01038	0.01154	0.00808	0.00808	0.01154	0.01038	0.01500	0.01731	0.02538	0.01615	0.04846	0.74732	0.01038	0.01731	0.00692	0.00346	0.00577
225	0.01531	0.01517	0.02245	0.20285	0.43960	0.08354	0.01772	0.01893	0.01439	0.01913	0.01282	0.01830	0.01091	0.00882	0.04827	0.00246	0.00876	0.02846	0.00324	0.00887
226	0.01727	0.77681	0.03386	0.01106	0.01658	0.02557	0.01106	0.01935	0.01313	0.01520	0.00898	0.01036	0.00829	0.00553	0.00415	0.00138	0.00691	0.00345	0.00276	0.00829
227	0.00816	0.00569	0.00748	0.00876	0.00908	0.00537	0.00575	0.00902	0.01190	0.01587	0.03304	0.66141	0.03947	0.10331	0.01158	0.03242	0.00409	0.01692	0.00565	0.00501
228	0.00825	0.00674	0.00808	0.00790	0.00969	0.00592	0.02868	0.01001	0.01448	0.01822	0.14534	0.17709	0.45261	0.06619	0.00940	0.00251	0.00377	0.01369	0.00592	0.00551
229	0.01309	0.00934	0.01097	0.05576	0.01286	0.01001	0.00716	0.17494	0.01476	0.01975	0.01917	0.07955	0.02005	0.43275	0.06049	0.03325	0.00700	0.00864	0.00452	0.00592
230	0.00953	0.00660	0.00785	0.00794	0.00966	0.00581	0.00580	0.01136	0.01502	0.07028	0.18696	0.26484	0.34214	0.01628	0.00773	0.00227	0.00353	0.01413	0.00637	0.00592
231	0.00889	0.00677	0.00824	0.00775	0.00961	0.00601	0.00583	0.01154	0.01714	0.02343	0.52207	0.05080	0.24161	0.01376	0.00752	0.00203	0.00317	0.01193	0.00669	0.03520
232	0.01436	0.01511	0.02973	0.26084	0.14232	0.01568	0.36107	0.01906	0.01424	0.01925	0.01227	0.01703	0.00944	0.00602	0.00754	0.00215	0.03570	0.00668	0.00312	0.00840
233	0.01122	0.00561	0.00842	0.00842	0.00842	0.00561	0.00561	0.00842	0.00842	0.01122	0.01122	0.01964	0.01122	0.02245	0.02525	0.81201	0.00561	0.00561	0.00281	0.00281
234	0.12971	0.01358	0.01787	0.14595	0.21781	0.03607	0.01333	0.08154	0.05401	0.10201	0.01460	0.01745	0.01132	0.03612	0.00695	0.00208	0.00678	0.00559	0.02772	0.05952
235	0.02041	0.02463	0.01880	0.08717	0.02153	0.48851	0.01343	0.02226	0.01561	0.01581	0.00974	0.01283	0.00839	0.00785	0.00988	0.00201	0.20594	0.00470	0.00316	0.00735
236	0.00787	0.00562	0.00750	0.00900	0.00937	0.00525	0.00600	0.00900	0.01237	0.01649	0.03561	0.76871	0.04274	0.02024	0.00825	0.00262	0.00375	0.01837	0.00600	0.00525
237	0.00927	0.00614	0.00720	0.00761	0.00801	0.00600	0.00481	0.01009	0.01115	0.01546	0.04533	0.22281	0.04955	0.43766	0.02157	0.00452	0.00511	0.03458	0.08850	0.00464
238	0.01545	0.01571	0.04792	0.10870	0.57539	0.01534	0.08715	0.01961	0.01456	0.02060	0.01216	0.01618	0.00997	0.00581	0.00652	0.00197	0.00814	0.00591	0.00316	0.00976
239	0.00807	0.00577	0.00773	0.00923	0.00969	0.00542	0.00634	0.00934	0.01257	0.01672	0.03550	0.71400	0.04230	0.02005	0.00830	0.00265	0.00392	0.07110	0.00599	0.00530
240	0.62076	0.01251	0.01111	0.00943	0.01369	0.01382	0.00778	0.05926	0.01352	0.16811	0.01258	0.01302	0.00898	0.00649	0.00462	0.00200	0.00521	0.00421	0.00492	0.00800
241	0.35525	0.01412	0.01383	0.01139	0.01561	0.01569	0.00932	0.29823	0.03550	0.07181	0.04187	0.01790	0.01295	0.03035	0.00635	0.00214	0.00587	0.02763	0.00545	0.00874
