[name]
unknown

[dist]
# distance from previous block
# <min> <max>
0	4

[block]
# block no. 0 follows, 32 sequences, length 29
# corresponding to MSA columns:
# 4-32
name=unknown_A
#
# <colnr> <probs for GDERKNQSTAVLIFYWHMCP>
#	G	D	E	R	K	N	Q	S	T	A	V	L	I	F	Y	W	H	M	C	P
0	0.04113	0.00986	0.03871	0.01243	0.01464	0.03165	0.01104	0.01552	0.01553	0.05306	0.03363	0.06610	0.05903	0.01672	0.00870	0.00290	0.00635	0.55037	0.00599	0.00664
1	0.18116	0.01385	0.01555	0.03387	0.03958	0.03795	0.04183	0.06531	0.19287	0.09269	0.04819	0.02135	0.01614	0.00785	0.00611	0.00198	0.00602	0.03172	0.00545	0.14053
2	0.01267	0.01193	0.02013	0.74806	0.04621	0.01491	0.01863	0.01714	0.01342	0.01714	0.01193	0.01789	0.00894	0.00671	0.00671	0.00224	0.00894	0.00596	0.00298	0.00745
3	0.81159	0.01298	0.00986	0.00882	0.01298	0.01505	0.00727	0.01972	0.01142	0.03010	0.00934	0.01090	0.00727	0.00623	0.00415	0.00208	0.00519	0.00363	0.00415	0.00727
4	0.01454	0.01389	0.02403	0.26050	0.39813	0.01472	0.06356	0.01853	0.01451	0.01995	0.01470	0.08517	0.01316	0.00757	0.00692	0.00215	0.00813	0.00730	0.00349	0.00905
5	0.00826	0.00588	0.00776	0.00923	0.00960	0.00551	0.00611	0.00937	0.01268	0.01691	0.03612	0.72098	0.04329	0.06133	0.00995	0.00293	0.00403	0.01857	0.00611	0.00537
6	0.00808	0.00680	0.00701	0.00696	0.00916	0.00573	0.00522	0.00993	0.01566	0.01899	0.13218	0.06315	0.65486	0.01667	0.00793	0.00225	0.00338	0.01396	0.00634	0.00573
7	0.00818	0.00584	0.00779	0.00934	0.00973	0.00545	0.00623	0.00934	0.01285	0.01713	0.03698	0.75981	0.04438	0.02102	0.00856	0.00273	0.00389	0.01908	0.00623	0.00545
8	0.00822	0.00673	0.00703	0.00707	0.00898	0.00578	0.00513	0.00982	0.01487	0.01813	0.10270	0.09387	0.57928	0.09002	0.01052	0.00269	0.00371	0.01383	0.00609	0.00554
9	0.01346	0.03471	0.72942	0.01912	0.02904	0.01558	0.02479	0.02125	0.01417	0.02125	0.01204	0.01417	0.00850	0.00637	0.00637	0.00212	0.00992	0.00496	0.00283	0.00992
10	0.81159	0.01298	0.00986	0.00882	0.01298	0.01505	0.00727	0.01972	0.01142	0.03010	0.00934	0.01090	0.00727	0.00623	0.00415	0.00208	0.00519	0.00363	0.00415	0.00727
11	0.00818	0.00584	0.00779	0.00934	0.00973	0.00545	0.00623	0.00934	0.01285	0.01713	0.03698	0.75981	0.04438	0.02102	0.00856	0.00273	0.00389	0.01908	0.00623	0.00545
12	0.01794	0.76823	0.03516	0.01148	0.01722	0.02655	0.01148	0.02009	0.01363	0.01579	0.00933	0.01076	0.00861	0.00574	0.00431	0.00144	0.00718	0.00359	0.00287	0.00861
13	0.01267	0.01193	0.02013	0.74806	0.04621	0.01491	0.01863	0.01714	0.01342	0.01714	0.01193	0.01789	0.00894	0.00671	0.00671	0.00224	0.00894	0.00596	0.00298	0.00745
14	0.01693	0.01374	0.01478	0.01321	0.01693	0.01562	0.01029	0.03395	0.62632	0.06590	0.07370	0.02660	0.02315	0.00937	0.00690	0.00225	0.00519	0.00785	0.00695	0.01038
15	0.81159	0.01298	0.00986	0.00882	0.01298	0.01505	0.00727	0.01972	0.01142	0.03010	0.00934	0.01090	0.00727	0.00623	0.00415	0.00208	0.00519	0.00363	0.00415	0.00727
16	0.01661	0.01594	0.02724	0.04119	0.72233	0.01594	0.02059	0.02059	0.01528	0.02192	0.01262	0.01661	0.01063	0.00598	0.00664	0.00199	0.00797	0.00598	0.00332	0.01063
17	0.02062	0.01637	0.01738	0.01445	0.01895	0.01852	0.01157	0.33171	0.40776	0.03441	0.02232	0.02106	0.01644	0.00864	0.00678	0.00216	0.00623	0.00690	0.00678	0.01097
18	0.01669	0.01441	0.01517	0.01365	0.01745	0.01669	0.01062	0.03565	0.71021	0.02807	0.02731	0.02503	0.02048	0.00910	0.00683	0.00228	0.00531	0.00759	0.00683	0.01062
19	0.01584	0.01810	0.03959	0.02828	0.03507	0.01697	0.69796	0.02149	0.01584	0.02149	0.01357	0.01810	0.01018	0.00566	0.00792	0.00226	0.01131	0.00792	0.00339	0.00905
20	0.01799	0.01107	0.01238	0.01063	0.01390	0.01160	0.00839	0.13459	0.17765	0.13952	0.11118	0.02640	0.02275	0.00897	0.00624	0.00195	0.00474	0.00735	0.26378	0.00892
21	0.07238	0.09957	0.26484	0.01573	0.02195	0.17862	0.01591	0.04701	0.11804	0.08199	0.01481	0.01554	0.01100	0.00704	0.00606	0.00198	0.00870	0.00516	0.00424	0.00941
22	0.01238	0.01012	0.01322	0.08884	0.13915	0.04005	0.01017	0.01481	0.01527	0.06887	0.08437	0.19284	0.25652	0.01362	0.00755	0.00227	0.00538	0.01187	0.00550	0.00721
23	0.00822	0.00595	0.00777	0.00914	0.00970	0.00550	0.00616	0.00950	0.01327	0.01761	0.06825	0.68350	0.08976	0.02044	0.00849	0.00267	0.00383	0.01845	0.00628	0.00550
24	0.01231	0.00798	0.01046	0.03332	0.01263	0.00797	0.00762	0.03959	0.03811	0.09476	0.25136	0.18984	0.06188	0.04351	0.13141	0.00383	0.00659	0.01148	0.02849	0.00687
25	0.01666	0.08528	0.33435	0.02247	0.15336	0.12140	0.07621	0.04577	0.01579	0.02115	0.01232	0.01484	0.00948	0.00638	0.00629	0.00198	0.00944	0.00528	0.03209	0.00948
26	0.01650	0.01536	0.06779	0.31240	0.19727	0.03770	0.01705	0.09392	0.01653	0.07691	0.01644	0.01978	0.04336	0.00866	0.03006	0.00239	0.00848	0.00634	0.00406	0.00900
27	0.00818	0.00584	0.00779	0.00934	0.00973	0.00545	0.00623	0.00934	0.01285	0.01713	0.03698	0.75981	0.04438	0.02102	0.00856	0.00273	0.00389	0.01908	0.00623	0.00545
28	0.19617	0.01757	0.02206	0.04953	0.16292	0.12036	0.14583	0.09806	0.01668	0.02478	0.01325	0.05015	0.01110	0.00705	0.00629	0.00204	0.00826	0.00614	0.00408	0.03767

[dist]
# distance from previous block
# <min> <max>
0	11

[block]
# block no. 1 follows, 32 sequences, length 53
# corresponding to MSA columns:
# 44-96
name=unknown_B
#
# <colnr> <probs for GDERKNQSTAVLIFYWHMCP>
#	G	D	E	R	K	N	Q	S	T	A	V	L	I	F	Y	W	H	M	C	P
0	0.05128	0.01021	0.01252	0.01034	0.01398	0.00974	0.00828	0.07751	0.04543	0.33438	0.17825	0.02841	0.02649	0.00935	0.00653	0.00199	0.00477	0.00771	0.15369	0.00915
1	0.01442	0.01845	0.18172	0.06346	0.15934	0.01436	0.13893	0.04219	0.10148	0.02350	0.13136	0.04338	0.02080	0.00819	0.00710	0.00216	0.00782	0.00767	0.00449	0.00918
2	0.01020	0.00717	0.01006	0.01056	0.01165	0.00680	0.03752	0.03999	0.01404	0.04929	0.03460	0.66331	0.04026	0.01924	0.00838	0.00265	0.00445	0.01749	0.00621	0.00612
3	0.00999	0.00718	0.00886	0.03066	0.01161	0.00666	0.00715	0.01207	0.01507	0.04985	0.12441	0.17132	0.29074	0.07184	0.01015	0.00280	0.00453	0.15293	0.00619	0.00600
4	0.01625	0.01558	0.02659	0.10556	0.66076	0.01585	0.02041	0.02028	0.01511	0.02149	0.01256	0.01672	0.01048	0.00604	0.00665	0.00201	0.00806	0.00598	0.00329	0.01034
5	0.00976	0.00651	0.00732	0.00732	0.00732	0.00651	0.00407	0.00976	0.00976	0.01301	0.02114	0.04391	0.02439	0.76419	0.03415	0.00651	0.00651	0.00976	0.00407	0.00407
6	0.01391	0.01193	0.01391	0.00994	0.01590	0.00894	0.00795	0.01690	0.01391	0.02186	0.01193	0.01391	0.00994	0.00497	0.00497	0.00099	0.00497	0.00398	0.00398	0.80521
7	0.01751	0.35300	0.25793	0.01666	0.04755	0.08384	0.06174	0.02177	0.01475	0.05205	0.01151	0.01325	0.00913	0.00617	0.00557	0.00179	0.00873	0.00462	0.00322	0.00920
8	0.01267	0.01193	0.02013	0.74806	0.04621	0.01491	0.01863	0.01714	0.01342	0.01714	0.01193	0.01789	0.00894	0.00671	0.00671	0.00224	0.00894	0.00596	0.00298	0.00745
9	0.01986	0.08143	0.10976	0.01529	0.02073	0.01901	0.03267	0.29614	0.27515	0.03165	0.01905	0.01873	0.01409	0.00797	0.00655	0.00208	0.00704	0.00632	0.00585	0.01063
10	0.01745	0.01539	0.01556	0.01389	0.01774	0.04902	0.01082	0.06418	0.64983	0.02817	0.02607	0.02407	0.01956	0.00896	0.00679	0.00224	0.00570	0.00737	0.00667	0.01053
11	0.01514	0.01615	0.11530	0.12539	0.07073	0.01279	0.10279	0.04269	0.03442	0.04908	0.01366	0.01635	0.01051	0.00601	0.00608	0.00169	0.00731	0.00540	0.02990	0.31861
12	0.00817	0.00681	0.00713	0.00705	0.00921	0.00577	0.00529	0.01010	0.01587	0.01949	0.16912	0.06233	0.61761	0.01648	0.00793	0.00224	0.00336	0.01385	0.00641	0.00577
13	0.81159	0.01298	0.00986	0.00882	0.01298	0.01505	0.00727	0.01972	0.01142	0.03010	0.00934	0.01090	0.00727	0.00623	0.00415	0.00208	0.00519	0.00363	0.00415	0.00727
14	0.19699	0.01653	0.07478	0.02488	0.23935	0.01526	0.18173	0.03815	0.01523	0.09023	0.01417	0.01793	0.01106	0.00665	0.00647	0.00213	0.00802	0.02693	0.00413	0.00939
15	0.00872	0.00742	0.03358	0.01018	0.01134	0.00631	0.03336	0.01046	0.01358	0.01816	0.08312	0.61394	0.08607	0.01919	0.00838	0.00262	0.00430	0.01739	0.00608	0.00581
16	0.00795	0.00671	0.00689	0.00703	0.00912	0.00564	0.00520	0.00960	0.01507	0.01804	0.06515	0.12789	0.65812	0.01736	0.00799	0.00231	0.00344	0.01461	0.00623	0.00564
17	0.02191	0.32419	0.02548	0.01499	0.01925	0.43224	0.01243	0.02380	0.01660	0.01616	0.00991	0.01165	0.00864	0.00660	0.00586	0.00165	0.03327	0.00408	0.00321	0.00810
18	0.05197	0.04847	0.13537	0.17520	0.09668	0.10838	0.22273	0.04409	0.01568	0.02082	0.01224	0.01589	0.00936	0.00629	0.00673	0.00210	0.00983	0.00600	0.00335	0.00882
19	0.00959	0.00719	0.01078	0.01078	0.01198	0.00839	0.00839	0.01198	0.01078	0.01558	0.01797	0.02636	0.01677	0.05032	0.73760	0.01078	0.01797	0.00719	0.00359	0.00599
20	0.00818	0.00584	0.00779	0.00934	0.00973	0.00545	0.00623	0.00934	0.01285	0.01713	0.03698	0.75981	0.04438	0.02102	0.00856	0.00273	0.00389	0.01908	0.00623	0.00545
21	0.01536	0.01341	0.01606	0.08278	0.09475	0.01513	0.01184	0.02937	0.48591	0.02593	0.08550	0.02716	0.04891	0.00925	0.00693	0.00223	0.00567	0.00791	0.00613	0.00977
22	0.01900	0.44628	0.13676	0.01464	0.02047	0.20504	0.03536	0.02201	0.01515	0.01696	0.01014	0.01185	0.00865	0.00613	0.00518	0.00164	0.00897	0.00412	0.00303	0.00861
23	0.01747	0.10696	0.06590	0.18978	0.20858	0.04031	0.01613	0.13371	0.01741	0.04812	0.01382	0.04117	0.01126	0.00706	0.00632	0.00195	0.00786	0.00594	0.00405	0.05621
24	0.06015	0.18925	0.07824	0.01625	0.06441	0.08624	0.01355	0.27860	0.07483	0.02834	0.01378	0.01480	0.01065	0.00729	0.00653	0.00192	0.03528	0.00524	0.00477	0.00986
25	0.01180	0.00947	0.00958	0.00925	0.01008	0.06737	0.00606	0.03324	0.05101	0.01546	0.02044	0.05568	0.02199	0.52091	0.12453	0.00623	0.00841	0.00897	0.00424	0.00525
26	0.01616	0.04389	0.24045	0.05813	0.07434	0.06344	0.18179	0.05111	0.01583	0.05214	0.03864	0.03751	0.01257	0.00726	0.00761	0.00212	0.04814	0.00649	0.00377	0.03862
27	0.00839	0.00599	0.00803	0.00959	0.01007	0.00563	0.00660	0.00971	0.01306	0.01737	0.03687	0.70484	0.04392	0.02082	0.00862	0.00275	0.00408	0.07195	0.00622	0.00551
28	0.01813	0.01286	0.01509	0.01121	0.01683	0.01100	0.00911	0.13183	0.01765	0.12946	0.01546	0.01740	0.01201	0.00637	0.00565	0.00138	0.00551	0.02441	0.00513	0.53350
29	0.01869	0.68419	0.03302	0.01162	0.01728	0.04493	0.01133	0.02088	0.01410	0.05513	0.01038	0.01156	0.00909	0.00589	0.00451	0.00147	0.00717	0.00379	0.00322	0.03177
30	0.01584	0.01810	0.03959	0.02828	0.03507	0.01697	0.69796	0.02149	0.01584	0.02149	0.01357	0.01810	0.01018	0.00566	0.00792	0.00226	0.01131	0.00792	0.00339	0.00905
31	0.02761	0.01377	0.01682	0.01308	0.01819	0.01356	0.01074	0.22097	0.08467	0.47137	0.02363	0.02114	0.01549	0.00831	0.00674	0.00208	0.00615	0.00662	0.00772	0.01135
32	0.01187	0.00755	0.00872	0.00801	0.01059	0.00650	0.00616	0.01406	0.01680	0.13416	0.21512	0.05445	0.45148	0.01482	0.00774	0.00220	0.00372	0.01249	0.00684	0.00675
33	0.01468	0.01468	0.02055	0.01762	0.01762	0.02055	0.01468	0.01615	0.01028	0.01615	0.00881	0.01468	0.00881	0.01174	0.02202	0.00294	0.75191	0.00587	0.00294	0.00734
34	0.00818	0.00584	0.00779	0.00934	0.00973	0.00545	0.00623	0.00934	0.01285	0.01713	0.03698	0.75981	0.04438	0.02102	0.00856	0.00273	0.00389	0.01908	0.00623	0.00545
35	0.00818	0.00584	0.00779	0.00934	0.00973	0.00545	0.00623	0.00934	0.01285	0.01713	0.03698	0.75981	0.04438	0.02102	0.00856	0.00273	0.00389	0.01908	0.00623	0.00545
36	0.00976	0.00651	0.00732	0.00732	0.00732	0.00651	0.00407	0.00976	0.00976	0.01301	0.02114	0.04391	0.02439	0.76419	0.03415	0.00651	0.00651	0.00976	0.00407	0.00407
37	0.02606	0.01791	0.01959	0.01502	0.02036	0.01949	0.01240	0.61953	0.03006	0.12482	0.01736	0.01692	0.01204	0.00808	0.00672	0.00202	0.00718	0.00613	0.00690	0.01141
38	0.02978	0.01195	0.01590	0.01219	0.01739	0.01065	0.01007	0.08056	0.02009	0.67787	0.02573	0.02236	0.01624	0.00829	0.00675	0.00207	0.00583	0.00670	0.00819	0.01142
39	0.02506	0.03198	0.01901	0.01729	0.02074	0.73725	0.01296	0.02679	0.01901	0.01642	0.01037	0.01210	0.00864	0.00691	0.00605	0.00173	0.01210	0.00432	0.00346	0.00778
40	0.01267	0.01193	0.02013	0.74806	0.04621	0.01491	0.01863	0.01714	0.01342	0.01714	0.01193	0.01789	0.00894	0.00671	0.00671	0.00224	0.00894	0.00596	0.00298	0.00745
41	0.01166	0.00583	0.00874	0.00874	0.00874	0.00583	0.00583	0.00874	0.00874	0.01166	0.01166	0.02040	0.01166	0.02331	0.02622	0.80478	0.00583	0.00583	0.00291	0.00291
42	0.01346	0.03471	0.72942	0.01912	0.02904	0.01558	0.02479	0.02125	0.01417	0.02125	0.01204	0.01417	0.00850	0.00637	0.00637	0.00212	0.00992	0.00496	0.00283	0.00992
43	0.01150	0.00804	0.01080	0.09432	0.01539	0.00821	0.00882	0.04421	0.01602	0.04801	0.18922	0.19226	0.07228	0.01606	0.03953	0.00276	0.00546	0.13199	0.07852	0.00661
44	0.04651	0.01443	0.01616	0.01439	0.06083	0.10519	0.03914	0.09215	0.03968	0.28321	0.09418	0.02836	0.11714	0.00954	0.00690	0.00206	0.00648	0.00785	0.00645	0.00935
45	0.01808	0.20674	0.30960	0.04350	0.02444	0.04994	0.06090	0.04170	0.01547	0.12676	0.01360	0.01502	0.00997	0.00671	0.00649	0.00197	0.03056	0.00515	0.00385	0.00955
46	0.03604	0.01860	0.16069	0.16906	0.08488	0.05221	0.08067	0.09102	0.07499	0.02247	0.01659	0.01976	0.03835	0.01221	0.09043	0.00313	0.00970	0.00640	0.00398	0.00881
47	0.00824	0.00682	0.00728	0.00756	0.00961	0.00586	0.00576	0.01004	0.01512	0.01825	0.06232	0.11864	0.59901	0.01746	0.00811	0.00238	0.00372	0.08190	0.00623	0.00570
48	0.01535	0.01924	0.16666	0.11755	0.39114	0.01610	0.06850	0.02067	0.03925	0.02109	0.01280	0.01657	0.01022	0.00655	0.00754	0.00213	0.04957	0.00596	0.00329	0.00982
49	0.02053	0.04436	0.10197	0.09728	0.16862	0.07593	0.06190	0.14499	0.04542	0.14941	0.01589	0.01733	0.01153	0.00705	0.00661	0.00204	0.00822	0.00598	0.00485	0.01009
50	0.01766	0.03077	0.04294	0.01410	0.04374	0.01250	0.04036	0.10473	0.16288	0.16546	0.02610	0.21842	0.02375	0.01312	0.03112	0.00259	0.00629	0.02809	0.00630	0.00909
51	0.00818	0.00584	0.00779	0.00934	0.00973	0.00545	0.00623	0.00934	0.01285	0.01713	0.03698	0.75981	0.04438	0.02102	0.00856	0.00273	0.00389	0.01908	0.00623	0.00545
52	0.01567	0.03546	0.05532	0.03590	0.05929	0.12739	0.03081	0.03779	0.01567	0.10547	0.05379	0.31762	0.02712	0.04093	0.00836	0.00243	0.00667	0.01140	0.00537	0.00754

[dist]
# distance from previous block
# <min> <max>
0	1

[block]
# block no. 2 follows, 32 sequences, length 51
# corresponding to MSA columns:
# 98-148
name=unknown_C
#
# <colnr> <probs for GDERKNQSTAVLIFYWHMCP>
#	G	D	E	R	K	N	Q	S	T	A	V	L	I	F	Y	W	H	M	C	P
0	0.01901	0.10035	0.24336	0.01888	0.08930	0.05902	0.07675	0.09565	0.01746	0.14329	0.01726	0.01952	0.03371	0.00748	0.00654	0.00204	0.00838	0.02765	0.00454	0.00981
1	0.77550	0.01311	0.01065	0.01029	0.04517	0.01509	0.00787	0.01976	0.01159	0.02973	0.00949	0.01116	0.00742	0.00622	0.00427	0.00207	0.00532	0.00374	0.00411	0.00742
2	0.01584	0.01723	0.08437	0.10782	0.40048	0.04513	0.05818	0.02185	0.09564	0.02146	0.01447	0.01797	0.01165	0.00897	0.04791	0.00256	0.00886	0.00619	0.00368	0.00976
3	0.01718	0.07640	0.01990	0.01600	0.01767	0.19166	0.01303	0.02007	0.06194	0.01730	0.01267	0.01639	0.02839	0.01108	0.03559	0.00266	0.40331	0.00571	0.02537	0.00766
4	0.00913	0.00684	0.00846	0.00806	0.00980	0.00618	0.00604	0.01196	0.01813	0.02487	0.56769	0.05348	0.21569	0.01448	0.00792	0.00215	0.00322	0.01261	0.00712	0.00618
5	0.00874	0.00679	0.00795	0.00774	0.00958	0.00600	0.00577	0.01117	0.01708	0.02257	0.39891	0.08573	0.35690	0.01549	0.00795	0.00221	0.00330	0.01333	0.00682	0.00600
6	0.00921	0.00658	0.00898	0.01053	0.01137	0.00634	0.00803	0.01114	0.01387	0.01829	0.03641	0.49087	0.04211	0.02004	0.00884	0.00287	0.00479	0.27779	0.00621	0.00574
7	0.01794	0.76823	0.03516	0.01148	0.01722	0.02655	0.01148	0.02009	0.01363	0.01579	0.00933	0.01076	0.00861	0.00574	0.00431	0.00144	0.00718	0.00359	0.00287	0.00861
8	0.01267	0.01193	0.02013	0.74806	0.04621	0.01491	0.01863	0.01714	0.01342	0.01714	0.01193	0.01789	0.00894	0.00671	0.00671	0.00224	0.00894	0.00596	0.00298	0.00745
9	0.00959	0.00716	0.01066	0.01066	0.01181	0.00832	0.00823	0.01190	0.01075	0.01548	0.01809	0.02701	0.01706	0.07673	0.71158	0.01063	0.01755	0.00728	0.00361	0.00592
10	0.00950	0.00686	0.00897	0.00844	0.01002	0.00633	0.00633	0.01266	0.01899	0.02691	0.71879	0.05012	0.06331	0.01372	0.00791	0.00211	0.00317	0.01213	0.00739	0.00633
11	0.00961	0.00711	0.01038	0.01038	0.01144	0.00817	0.00788	0.01172	0.01066	0.01528	0.01834	0.02841	0.01767	0.13383	0.65531	0.01028	0.01663	0.00749	0.00365	0.00577
12	0.02551	0.01879	0.02014	0.01544	0.02081	0.02081	0.01275	0.69996	0.03155	0.04229	0.01611	0.01611	0.01141	0.00805	0.00671	0.00201	0.00738	0.00604	0.00671	0.01141
13	0.81159	0.01298	0.00986	0.00882	0.01298	0.01505	0.00727	0.01972	0.01142	0.03010	0.00934	0.01090	0.00727	0.00623	0.00415	0.00208	0.00519	0.00363	0.00415	0.00727
14	0.01130	0.00737	0.00888	0.00820	0.01048	0.00648	0.00626	0.01382	0.01754	0.10606	0.37700	0.05268	0.32004	0.01439	0.00778	0.00217	0.00356	0.01231	0.00703	0.00667
15	0.03010	0.01142	0.01557	0.01194	0.01713	0.00986	0.00986	0.03270	0.01920	0.72698	0.02647	0.02284	0.01661	0.00830	0.00675	0.00208	0.00571	0.00675	0.00830	0.01142
16	0.00959	0.00719	0.01078	0.01078	0.01198	0.00839	0.00839	0.01198	0.01078	0.01558	0.01797	0.02636	0.01677	0.05032	0.73760	0.01078	0.01797	0.00719	0.00359	0.00599
17	0.02551	0.01879	0.02014	0.01544	0.02081	0.02081	0.01275	0.69996	0.03155	0.04229	0.01611	0.01611	0.01141	0.00805	0.00671	0.00201	0.00738	0.00604	0.00671	0.01141
18	0.02521	0.01111	0.01440	0.01157	0.01588	0.01020	0.00934	0.10130	0.01956	0.50181	0.05988	0.10853	0.02153	0.00998	0.00691	0.00212	0.00543	0.00833	0.04668	0.01023
19	0.06798	0.01149	0.01529	0.01179	0.01693	0.01011	0.00974	0.03207	0.01883	0.69321	0.02564	0.02226	0.01616	0.00820	0.00662	0.00208	0.00568	0.00660	0.00810	0.01122
20	0.01661	0.01594	0.02724	0.04119	0.72233	0.01594	0.02059	0.02059	0.01528	0.02192	0.01262	0.01661	0.01063	0.00598	0.00664	0.00199	0.00797	0.00598	0.00332	0.01063
21	0.12915	0.08929	0.21493	0.04104	0.04055	0.15166	0.04967	0.04723	0.01534	0.07005	0.01203	0.01413	0.00922	0.00709	0.00748	0.00206	0.08154	0.00499	0.00371	0.00883
22	0.01194	0.00987	0.01085	0.01007	0.01273	0.01029	0.00771	0.02102	0.29464	0.02493	0.26114	0.04410	0.22856	0.01278	0.00748	0.00222	0.00409	0.01088	0.00684	0.00786
23	0.01649	0.13397	0.07006	0.04125	0.07391	0.06786	0.02975	0.06976	0.03756	0.02200	0.01230	0.01428	0.01000	0.00585	0.00550	0.00147	0.00691	0.00460	0.00388	0.37262
24	0.65079	0.01350	0.01213	0.11339	0.04050	0.03691	0.00945	0.01961	0.01205	0.02762	0.00984	0.01209	0.00765	0.00631	0.00465	0.00209	0.00601	0.00405	0.00394	0.00742
25	0.01081	0.00772	0.01081	0.01236	0.01390	0.00772	0.01081	0.01390	0.01545	0.02008	0.03553	0.07569	0.03862	0.01854	0.00927	0.00309	0.00618	0.67717	0.00618	0.00618
26	0.04463	0.69903	0.03335	0.01174	0.01729	0.06883	0.01143	0.02048	0.01388	0.01630	0.00939	0.01085	0.00857	0.00583	0.00441	0.00147	0.00741	0.00363	0.00295	0.00852
27	0.00878	0.00654	0.00850	0.05424	0.01182	0.00629	0.00681	0.01012	0.01307	0.01694	0.03901	0.46752	0.16479	0.08357	0.01110	0.02683	0.00451	0.04838	0.00574	0.00545
28	0.01796	0.21534	0.16996	0.03870	0.07650	0.07123	0.12080	0.09255	0.03705	0.04361	0.01267	0.01484	0.00989	0.00670	0.00690	0.00196	0.04484	0.00541	0.00371	0.00938
29	0.01166	0.00583	0.00874	0.00874	0.00874	0.00583	0.00583	0.00874	0.00874	0.01166	0.01166	0.02040	0.01166	0.02331	0.02622	0.80478	0.00583	0.00583	0.00291	0.00291
30	0.01251	0.00625	0.00625	0.00625	0.00782	0.00625	0.00469	0.01563	0.01407	0.02502	0.02189	0.02502	0.01720	0.00782	0.00469	0.00156	0.00313	0.00625	0.80144	0.00625
31	0.01157	0.00694	0.00911	0.00935	0.01056	0.00657	0.00656	0.01305	0.01359	0.11144	0.08794	0.39427	0.06058	0.13720	0.08520	0.00397	0.00587	0.01406	0.00600	0.00616
32	0.05598	0.05554	0.02937	0.04856	0.02786	0.10703	0.34899	0.12699	0.01858	0.09376	0.01438	0.01682	0.01056	0.00651	0.00699	0.00209	0.00969	0.00659	0.00439	0.00933
33	0.01479	0.01090	0.01269	0.00943	0.01458	0.00854	0.00751	0.01777	0.01431	0.07114	0.01467	0.01647	0.01167	0.00570	0.00504	0.00117	0.00470	0.00456	0.14333	0.61103
34	0.01756	0.70600	0.09406	0.01213	0.01822	0.02562	0.01261	0.02019	0.01368	0.01625	0.00956	0.01105	0.00860	0.00579	0.00448	0.00149	0.00741	0.00370	0.00287	0.00872
35	0.01440	0.01360	0.02244	0.18471	0.46277	0.01406	0.01767	0.01815	0.01499	0.02053	0.03899	0.02436	0.10895	0.00785	0.00687	0.00208	0.00742	0.00726	0.00376	0.00916
36	0.81159	0.01298	0.00986	0.00882	0.01298	0.01505	0.00727	0.01972	0.01142	0.03010	0.00934	0.01090	0.00727	0.00623	0.00415	0.00208	0.00519	0.00363	0.00415	0.00727
37	0.00818	0.00584	0.00779	0.00934	0.00973	0.00545	0.00623	0.00934	0.01285	0.01713	0.03698	0.75981	0.04438	0.02102	0.00856	0.00273	0.00389	0.01908	0.00623	0.00545
38	0.00914	0.00711	0.00860	0.00876	0.01059	0.00618	0.00638	0.01102	0.01451	0.01932	0.12261	0.35509	0.22674	0.01684	0.00788	0.00232	0.00392	0.04683	0.00607	0.11009
39	0.01548	0.01480	0.02521	0.24278	0.52951	0.01565	0.02003	0.01961	0.01475	0.02056	0.01242	0.01697	0.01015	0.00619	0.00666	0.00206	0.00825	0.00597	0.00322	0.00972
40	0.01391	0.01193	0.01391	0.00994	0.01590	0.00894	0.00795	0.01690	0.01391	0.02186	0.01193	0.01391	0.00994	0.00497	0.00497	0.00099	0.00497	0.00398	0.00398	0.80521
41	0.01794	0.76823	0.03516	0.01148	0.01722	0.02655	0.01148	0.02009	0.01363	0.01579	0.00933	0.01076	0.00861	0.00574	0.00431	0.00144	0.00718	0.00359	0.00287	0.00861
42	0.00845	0.00605	0.00796	0.00939	0.00991	0.00569	0.00644	0.00973	0.01299	0.01719	0.03722	0.64631	0.06742	0.05707	0.00985	0.00292	0.00418	0.06966	0.00612	0.00545
43	0.01637	0.01409	0.01490	0.01349	0.01716	0.01627	0.01046	0.03467	0.68410	0.02766	0.02767	0.05254	0.02138	0.00955	0.00689	0.00229	0.00526	0.00802	0.00681	0.01043
44	0.00848	0.00629	0.00754	0.00825	0.00917	0.00576	0.00557	0.00976	0.01349	0.01751	0.09829	0.39648	0.22331	0.14321	0.01261	0.00318	0.00414	0.01564	0.00596	0.00535
45	0.00976	0.00651	0.00732	0.00732	0.00732	0.00651	0.00407	0.00976	0.00976	0.01301	0.02114	0.04391	0.02439	0.76419	0.03415	0.00651	0.00651	0.00976	0.00407	0.00407
46	0.00844	0.00595	0.00771	0.00901	0.00933	0.00562	0.00587	0.00941	0.01234	0.01645	0.03436	0.64145	0.04107	0.14389	0.01279	0.00335	0.00432	0.01753	0.00587	0.00522
47	0.01730	0.01361	0.01498	0.01312	0.01668	0.01509	0.01042	0.22324	0.32100	0.03068	0.11198	0.08010	0.02631	0.01096	0.00725	0.00228	0.00562	0.06300	0.00677	0.00960
48	0.02172	0.02527	0.01942	0.01689	0.02047	0.45520	0.05965	0.06766	0.12291	0.02018	0.01624	0.01745	0.04577	0.00802	0.00740	0.00197	0.05539	0.00575	0.00427	0.00839
49	0.04703	0.21709	0.14596	0.01751	0.02364	0.07772	0.15252	0.15344	0.01804	0.04256	0.01248	0.01442	0.00963	0.00666	0.00665	0.00194	0.03398	0.00539	0.00396	0.00938
50	0.05762	0.30325	0.11262	0.01688	0.09477	0.03837	0.03929	0.10779	0.04172	0.07120	0.01416	0.01729	0.01159	0.00711	0.00578	0.00188	0.00759	0.03751	0.00418	0.00942

[dist]
# distance from previous block
# <min> <max>
0	7

[block]
# block no. 3 follows, 32 sequences, length 34
# corresponding to MSA columns:
# 156-189
name=unknown_D
#
# <colnr> <probs for GDERKNQSTAVLIFYWHMCP>
#	G	D	E	R	K	N	Q	S	T	A	V	L	I	F	Y	W	H	M	C	P
0	0.02045	0.04153	0.01687	0.01437	0.01784	0.29927	0.03126	0.11275	0.06172	0.09190	0.02262	0.13188	0.06588	0.01045	0.00687	0.00207	0.00823	0.03044	0.00526	0.00831
1	0.04516	0.17068	0.19423	0.04008	0.04114	0.03923	0.05803	0.04667	0.01650	0.23450	0.03977	0.01765	0.01306	0.00710	0.00617	0.00196	0.00771	0.00569	0.00489	0.00977
2	0.04192	0.15984	0.12665	0.01668	0.02184	0.17196	0.13655	0.07377	0.01685	0.02109	0.05782	0.09377	0.01616	0.00835	0.00648	0.00199	0.00874	0.00706	0.00405	0.00841
3	0.01335	0.01262	0.02136	0.62548	0.16347	0.01509	0.01897	0.01774	0.01374	0.01797	0.01205	0.01767	0.00924	0.00658	0.00670	0.00219	0.00878	0.00597	0.00304	0.00800
4	0.01968	0.17815	0.20047	0.04114	0.04621	0.01712	0.09670	0.09888	0.01729	0.17536	0.01553	0.01653	0.01114	0.00680	0.00621	0.00196	0.00802	0.00563	0.02732	0.00987
5	0.81159	0.01298	0.00986	0.00882	0.01298	0.01505	0.00727	0.01972	0.01142	0.03010	0.00934	0.01090	0.00727	0.00623	0.00415	0.00208	0.00519	0.00363	0.00415	0.00727
6	0.00973	0.00661	0.00784	0.00784	0.00802	0.00679	0.00472	0.01009	0.00991	0.01340	0.02066	0.04126	0.02324	0.65645	0.14032	0.00715	0.00824	0.00937	0.00399	0.00436
7	0.81159	0.01298	0.00986	0.00882	0.01298	0.01505	0.00727	0.01972	0.01142	0.03010	0.00934	0.01090	0.00727	0.00623	0.00415	0.00208	0.00519	0.00363	0.00415	0.00727
8	0.01828	0.19347	0.34960	0.01732	0.05483	0.11822	0.01810	0.04631	0.01587	0.09009	0.01280	0.01416	0.00954	0.00654	0.00593	0.00190	0.00902	0.00483	0.00363	0.00956
9	0.01346	0.03471	0.72942	0.01912	0.02904	0.01558	0.02479	0.02125	0.01417	0.02125	0.01204	0.01417	0.00850	0.00637	0.00637	0.00212	0.00992	0.00496	0.00283	0.00992
10	0.01267	0.01193	0.02013	0.74806	0.04621	0.01491	0.01863	0.01714	0.01342	0.01714	0.01193	0.01789	0.00894	0.00671	0.00671	0.00224	0.00894	0.00596	0.00298	0.00745
11	0.00959	0.00719	0.01078	0.01078	0.01198	0.00839	0.00839	0.01198	0.01078	0.01558	0.01797	0.02636	0.01677	0.05032	0.73760	0.01078	0.01797	0.00719	0.00359	0.00599
12	0.01346	0.03471	0.72942	0.01912	0.02904	0.01558	0.02479	0.02125	0.01417	0.02125	0.01204	0.01417	0.00850	0.00637	0.00637	0.00212	0.00992	0.00496	0.00283	0.00992
13	0.01799	0.04460	0.02219	0.05940	0.18703	0.10035	0.09030	0.11372	0.17474	0.02524	0.06058	0.02027	0.01600	0.00760	0.00671	0.00205	0.00773	0.00668	0.02726	0.00959
14	0.03884	0.01267	0.03661	0.01261	0.04611	0.04776	0.00955	0.15563	0.06061	0.04986	0.21773	0.14238	0.09179	0.01205	0.00725	0.00214	0.00537	0.01024	0.00623	0.03456
15	0.05389	0.17060	0.20457	0.01921	0.08379	0.05633	0.13496	0.07956	0.01636	0.06469	0.01326	0.01530	0.01007	0.00644	0.00611	0.00194	0.00858	0.00545	0.03949	0.00939
16	0.00981	0.00656	0.00748	0.00755	0.00762	0.00656	0.00437	0.00995	0.01002	0.01333	0.02180	0.04535	0.02504	0.73032	0.03302	0.00635	0.00649	0.04007	0.00416	0.00416
17	0.01584	0.01810	0.03959	0.02828	0.03507	0.01697	0.69796	0.02149	0.01584	0.02149	0.01357	0.01810	0.01018	0.00566	0.00792	0.00226	0.01131	0.00792	0.00339	0.00905
18	0.01558	0.10828	0.17910	0.08505	0.21368	0.01592	0.07893	0.05720	0.01553	0.04322	0.01588	0.08917	0.01418	0.00813	0.00671	0.00211	0.00813	0.03011	0.00386	0.00924
19	0.01631	0.01654	0.08028	0.12496	0.48365	0.01527	0.06320	0.02066	0.01530	0.05746	0.03314	0.01794	0.01201	0.00642	0.00675	0.00206	0.00821	0.00623	0.00362	0.00999
20	0.00950	0.00686	0.00897	0.00844	0.01002	0.00633	0.00633	0.01266	0.01899	0.02691	0.71879	0.05012	0.06331	0.01372	0.00791	0.00211	0.00317	0.01213	0.00739	0.00633
21	0.01462	0.01387	0.02328	0.30315	0.40118	0.01522	0.01886	0.01853	0.01423	0.01963	0.01344	0.05503	0.01164	0.00728	0.00745	0.00216	0.04143	0.00664	0.00333	0.00903
22	0.05872	0.06859	0.14512	0.05251	0.07663	0.03914	0.17177	0.04199	0.01563	0.12743	0.03794	0.03853	0.01315	0.00764	0.00808	0.00217	0.07491	0.00659	0.00429	0.00916
23	0.01611	0.01753	0.06843	0.02693	0.19242	0.01658	0.31787	0.02503	0.20022	0.02333	0.01692	0.01937	0.01293	0.00669	0.00724	0.00219	0.00885	0.00721	0.00426	0.00989
24	0.00976	0.00651	0.00732	0.00732	0.00732	0.00651	0.00407	0.00976	0.00976	0.01301	0.02114	0.04391	0.02439	0.76419	0.03415	0.00651	0.00651	0.00976	0.00407	0.00407
25	0.01306	0.10645	0.12432	0.01237	0.01598	0.03597	0.04579	0.03648	0.01435	0.03868	0.08061	0.05292	0.11859	0.13618	0.09035	0.00376	0.03530	0.02722	0.00448	0.00715
26	0.01680	0.08195	0.16073	0.08304	0.08366	0.08461	0.03705	0.02288	0.11466	0.10181	0.02262	0.05609	0.08807	0.00874	0.00664	0.00209	0.00758	0.00725	0.00468	0.00903
27	0.01089	0.00754	0.00932	0.00923	0.01104	0.00712	0.00690	0.01452	0.07148	0.06862	0.30295	0.22703	0.16249	0.01562	0.00799	0.00235	0.00388	0.04752	0.00686	0.00666
28	0.00936	0.00634	0.00744	0.00783	0.00793	0.00624	0.00461	0.00965	0.01054	0.01405	0.02515	0.22528	0.02946	0.57591	0.02767	0.00555	0.00584	0.01212	0.00461	0.00442
29	0.01804	0.25053	0.18667	0.04363	0.12871	0.07957	0.04686	0.04471	0.05454	0.06744	0.01318	0.01488	0.01027	0.00648	0.00590	0.00187	0.00838	0.00511	0.00372	0.00951
30	0.01935	0.01786	0.09625	0.02114	0.16692	0.09559	0.07243	0.02526	0.11527	0.17257	0.01845	0.02103	0.01410	0.01059	0.05606	0.00271	0.03143	0.02833	0.00496	0.00971
31	0.00988	0.01249	0.15859	0.01117	0.01395	0.00821	0.02827	0.01235	0.01283	0.01730	0.03166	0.30093	0.13431	0.15230	0.03983	0.02597	0.00631	0.01259	0.00487	0.00621
32	0.09431	0.13653	0.25534	0.01456	0.04309	0.03983	0.01477	0.04068	0.01493	0.07205	0.01823	0.02342	0.05184	0.03251	0.00699	0.00216	0.00746	0.06316	0.03334	0.03480
33	0.02013	0.19864	0.04636	0.07841	0.08536	0.14819	0.03892	0.12453	0.06903	0.06942	0.01373	0.01536	0.01072	0.00714	0.00684	0.00192	0.04642	0.00532	0.00428	0.00929

[dist]
# distance from previous block
# <min> <max>
1	21

[block]
# block no. 4 follows, 32 sequences, length 30
# corresponding to MSA columns:
# 211-240
name=unknown_E
#
# <colnr> <probs for GDERKNQSTAVLIFYWHMCP>
#	G	D	E	R	K	N	Q	S	T	A	V	L	I	F	Y	W	H	M	C	P
0	0.04586	0.06745	0.09294	0.03797	0.01974	0.11482	0.01363	0.10869	0.10983	0.02241	0.01489	0.06496	0.01299	0.00941	0.01064	0.00227	0.21218	0.00642	0.00429	0.02861
1	0.00914	0.00700	0.00920	0.06552	0.01293	0.00672	0.00747	0.01146	0.01547	0.02050	0.23972	0.27876	0.18617	0.01670	0.00818	0.00245	0.00421	0.08612	0.00631	0.00598
2	0.01379	0.01142	0.01874	0.12636	0.19502	0.01159	0.07911	0.01732	0.01618	0.07135	0.23631	0.07665	0.05453	0.01014	0.00781	0.00218	0.02893	0.00925	0.00517	0.00813
3	0.01029	0.00846	0.01081	0.01107	0.05610	0.00810	0.03640	0.01376	0.07871	0.01980	0.15797	0.08742	0.28485	0.17116	0.01327	0.00314	0.00484	0.01177	0.00572	0.00635
4	0.00872	0.00649	0.00811	0.00842	0.00973	0.00589	0.00604	0.01088	0.01609	0.02170	0.34780	0.30154	0.19007	0.01694	0.00814	0.00236	0.00347	0.01498	0.00675	0.00589
5	0.02058	0.38217	0.05341	0.01487	0.01980	0.31801	0.03881	0.02351	0.04124	0.01691	0.01067	0.01224	0.00911	0.00637	0.00533	0.00164	0.00939	0.00425	0.00327	0.00841
6	0.01053	0.00800	0.00983	0.00917	0.01112	0.00788	0.00694	0.01604	0.12377	0.02677	0.59043	0.04683	0.08042	0.01313	0.00775	0.00214	0.00350	0.01152	0.00726	0.00696
7	0.06254	0.01419	0.01517	0.01303	0.01716	0.01575	0.01033	0.13633	0.44192	0.11084	0.02707	0.02513	0.06231	0.00919	0.00672	0.00220	0.00555	0.00745	0.00680	0.01034
8	0.37671	0.14447	0.01763	0.01254	0.01655	0.26770	0.01023	0.02210	0.01438	0.02245	0.00968	0.01144	0.00803	0.00660	0.00553	0.00188	0.03683	0.00395	0.00365	0.00767
9	0.01578	0.01460	0.02475	0.09810	0.55931	0.01482	0.04367	0.01978	0.01500	0.02183	0.01362	0.01770	0.01119	0.00623	0.00648	0.00198	0.00764	0.00608	0.09160	0.00981
10	0.12061	0.06509	0.01858	0.01400	0.01879	0.04513	0.01148	0.38777	0.19124	0.03473	0.01734	0.01713	0.01281	0.00789	0.00625	0.00204	0.00677	0.00590	0.00606	0.01040
11	0.00820	0.00681	0.00717	0.00708	0.00923	0.00578	0.00531	0.01014	0.01592	0.01962	0.17838	0.06212	0.60827	0.01644	0.00793	0.00224	0.00336	0.01382	0.00643	0.00578
12	0.01589	0.21707	0.31278	0.01586	0.02286	0.01784	0.05741	0.02217	0.07961	0.05786	0.01483	0.01621	0.02723	0.00691	0.00657	0.00193	0.03795	0.00532	0.00370	0.05999
13	0.01569	0.05094	0.44831	0.02038	0.04946	0.01616	0.14617	0.04873	0.05964	0.05999	0.01415	0.01609	0.01018	0.00655	0.00666	0.00213	0.00941	0.00580	0.00365	0.00992
14	0.00950	0.00686	0.00897	0.00844	0.01002	0.00633	0.00633	0.01266	0.01899	0.02691	0.71879	0.05012	0.06331	0.01372	0.00791	0.00211	0.00317	0.01213	0.00739	0.00633
15	0.04850	0.01660	0.14250	0.01383	0.01811	0.01422	0.01268	0.12451	0.06166	0.20083	0.01820	0.02225	0.01440	0.13416	0.01346	0.00296	0.12005	0.00663	0.00532	0.00910
16	0.12164	0.05981	0.12018	0.04747	0.08724	0.09895	0.08011	0.04684	0.01627	0.15789	0.04165	0.06279	0.01460	0.00789	0.00640	0.00206	0.00781	0.00657	0.00475	0.00907
17	0.01233	0.04586	0.24100	0.03518	0.04492	0.01168	0.01454	0.01674	0.03220	0.04173	0.04430	0.22288	0.02497	0.01434	0.03800	0.00278	0.03932	0.10474	0.00468	0.00779
18	0.00844	0.00680	0.00743	0.00728	0.00926	0.00588	0.00540	0.01048	0.01611	0.02038	0.24841	0.05970	0.50808	0.04584	0.00897	0.00239	0.00346	0.01342	0.00647	0.00579
19	0.01343	0.06724	0.04335	0.06275	0.06230	0.01049	0.00980	0.01432	0.05534	0.03571	0.01443	0.04707	0.01352	0.01701	0.01806	0.44838	0.03391	0.02381	0.00355	0.00554
20	0.02033	0.08264	0.10293	0.03978	0.08319	0.13724	0.07557	0.15818	0.04472	0.08939	0.01441	0.01577	0.01080	0.00679	0.00629	0.00187	0.00841	0.00550	0.00458	0.09160
21	0.01450	0.00860	0.01220	0.03699	0.01436	0.00797	0.05304	0.01694	0.01567	0.18487	0.11452	0.19625	0.15254	0.03304	0.03953	0.00274	0.00549	0.02650	0.05689	0.00735
22	0.01223	0.00833	0.01016	0.00938	0.01153	0.00807	0.00707	0.03607	0.09532	0.08336	0.42090	0.09924	0.11320	0.04420	0.00879	0.00236	0.00395	0.01163	0.00705	0.00715
23	0.01644	0.04440	0.21681	0.07219	0.12093	0.06273	0.19038	0.06980	0.07165	0.02249	0.01370	0.01652	0.01042	0.00671	0.00736	0.00214	0.03596	0.00615	0.00368	0.00952
24	0.01679	0.14499	0.06968	0.04450	0.08666	0.10415	0.04920	0.04809	0.06953	0.02115	0.01383	0.01741	0.01161	0.00666	0.00586	0.00167	0.00750	0.03377	0.00394	0.24301
25	0.01112	0.00922	0.01178	0.03826	0.03470	0.03565	0.02708	0.01329	0.01449	0.01978	0.23269	0.08013	0.08619	0.17412	0.04295	0.00354	0.07697	0.05126	0.03066	0.00613
26	0.00952	0.04002	0.01073	0.01171	0.08142	0.00758	0.00755	0.01141	0.01461	0.01900	0.12181	0.34919	0.25730	0.01673	0.00791	0.00238	0.00420	0.01473	0.00593	0.00628
27	0.05927	0.03888	0.07669	0.09365	0.05015	0.12268	0.09189	0.06886	0.11406	0.10382	0.01794	0.08233	0.01473	0.00850	0.00708	0.00215	0.02631	0.00714	0.00484	0.00901
28	0.04858	0.01704	0.05537	0.05877	0.17176	0.13385	0.03522	0.02386	0.13709	0.09227	0.06399	0.04446	0.04302	0.00839	0.00664	0.00206	0.00735	0.00708	0.03415	0.00907
29	0.07136	0.10491	0.13120	0.01745	0.09563	0.11378	0.01431	0.04742	0.10603	0.02180	0.01314	0.01507	0.01058	0.00720	0.00774	0.00194	0.09700	0.00510	0.00389	0.11445

[dist]
# distance from previous block
# <min> <max>
0	5

[block]
# block no. 5 follows, 32 sequences, length 6
# corresponding to MSA columns:
# 246-251
name=unknown_F
#
# <colnr> <probs for GDERKNQSTAVLIFYWHMCP>
#	G	D	E	R	K	N	Q	S	T	A	V	L	I	F	Y	W	H	M	C	P
0	0.12295	0.17397	0.13601	0.03950	0.02206	0.17016	0.06841	0.09576	0.07093	0.02296	0.01253	0.01411	0.00979	0.00669	0.00580	0.00191	0.00865	0.00496	0.00392	0.00892
1	0.04952	0.11600	0.36603	0.01892	0.08045	0.05351	0.05299	0.04484	0.06857	0.06730	0.01387	0.01536	0.01026	0.00664	0.00619	0.00202	0.00871	0.00529	0.00377	0.00975
2	0.00947	0.00647	0.00774	0.00804	0.00854	0.00646	0.00515	0.01034	0.01120	0.01533	0.02747	0.18099	0.08031	0.42197	0.11398	0.00566	0.00698	0.01135	0.05772	0.00485
3	0.01451	0.01164	0.01530	0.01695	0.13348	0.01244	0.01134	0.14669	0.06576	0.02436	0.07163	0.18211	0.04852	0.05129	0.01004	0.00264	0.05742	0.11023	0.00561	0.00806
4	0.01057	0.00834	0.01177	0.07908	0.01487	0.00978	0.00898	0.01350	0.04939	0.01606	0.01891	0.06788	0.01861	0.17096	0.41118	0.00776	0.06425	0.00813	0.00390	0.00609
5	0.00976	0.00651	0.00732	0.00732	0.00732	0.00651	0.00407	0.00976	0.00976	0.01301	0.02114	0.04391	0.02439	0.76419	0.03415	0.00651	0.00651	0.00976	0.00407	0.00407

[dist]
# distance from previous block
# <min> <max>
0	3

# created by:
# /home/berkeley/.conda/envs/busco_data_prod/bin/msa2prfl.pl pipeline/OGs_align_augustus/4893/30871.fs
