[name]
unknown

[dist]
# distance from previous block
# <min> <max>
39	200

[block]
# block no. 0 follows, 33 sequences, length 12
# corresponding to MSA columns:
# 261-272
name=unknown_A
#
# <colnr> <probs for GDERKNQSTAVLIFYWHMCP>
#	G	D	E	R	K	N	Q	S	T	A	V	L	I	F	Y	W	H	M	C	P
0	0.01928	0.13482	0.06973	0.01469	0.01946	0.11631	0.05884	0.12401	0.13789	0.09134	0.03505	0.01845	0.03129	0.00771	0.00696	0.00192	0.04675	0.00593	0.00491	0.05463
1	0.03963	0.05844	0.11399	0.03593	0.04260	0.11571	0.01294	0.16325	0.11407	0.07317	0.03417	0.03705	0.01413	0.03844	0.00769	0.00212	0.02520	0.00610	0.00492	0.06046
2	0.11669	0.03703	0.01904	0.05442	0.06162	0.08594	0.10175	0.11781	0.11464	0.06580	0.03566	0.06932	0.03371	0.00824	0.00641	0.00202	0.00710	0.00700	0.00498	0.05079
3	0.09022	0.04848	0.04900	0.03911	0.11549	0.05151	0.08310	0.18361	0.07584	0.08412	0.04947	0.01933	0.03546	0.00748	0.00636	0.00197	0.00718	0.00629	0.00505	0.04092
4	0.04187	0.05122	0.06639	0.04140	0.05847	0.14812	0.01150	0.06678	0.11441	0.08422	0.08215	0.06192	0.07217	0.00903	0.00645	0.00195	0.00687	0.00728	0.00512	0.06269
5	0.07940	0.09100	0.06977	0.03310	0.02025	0.12659	0.06748	0.14562	0.07145	0.09935	0.01636	0.03385	0.02925	0.00765	0.00676	0.00195	0.03859	0.00590	0.00479	0.05089
6	0.07671	0.05482	0.03534	0.03541	0.09792	0.06726	0.10595	0.13600	0.01779	0.08002	0.06457	0.08741	0.04801	0.02380	0.00713	0.00210	0.00711	0.00765	0.00493	0.04008
7	0.04032	0.07620	0.02169	0.08750	0.07598	0.05716	0.11214	0.12238	0.18914	0.07056	0.04621	0.02108	0.01557	0.00777	0.00660	0.00207	0.00737	0.02578	0.00511	0.00936
8	0.04313	0.08542	0.08987	0.01565	0.01773	0.01780	0.04114	0.01624	0.01178	0.01767	0.04836	0.05687	0.04403	0.01082	0.01533	0.00253	0.44798	0.00679	0.00345	0.00741
9	0.01719	0.05691	0.11673	0.03097	0.04832	0.05124	0.07672	0.11081	0.19505	0.07214	0.09357	0.02270	0.03701	0.00839	0.00717	0.00209	0.03135	0.00701	0.00528	0.00936
10	0.01419	0.01269	0.01849	0.46089	0.10670	0.04924	0.01567	0.01870	0.05086	0.05536	0.01679	0.05209	0.04388	0.00770	0.00660	0.00210	0.00781	0.00672	0.00379	0.04974
11	0.02082	0.02158	0.05172	0.04719	0.06744	0.29366	0.06166	0.09552	0.08900	0.08958	0.05181	0.01761	0.01377	0.00733	0.00640	0.00189	0.00882	0.00580	0.00467	0.04372

[dist]
# distance from previous block
# <min> <max>
2	6

[block]
# block no. 1 follows, 33 sequences, length 48
# corresponding to MSA columns:
# 279-326
name=unknown_B
#
# <colnr> <probs for GDERKNQSTAVLIFYWHMCP>
#	G	D	E	R	K	N	Q	S	T	A	V	L	I	F	Y	W	H	M	C	P
0	0.01766	0.01386	0.01562	0.01387	0.04964	0.06684	0.03238	0.23401	0.04207	0.07474	0.14814	0.08001	0.06971	0.01046	0.00700	0.00204	0.00611	0.04449	0.00603	0.06533
1	0.05668	0.01728	0.01778	0.01523	0.05469	0.08544	0.01163	0.38401	0.09962	0.09127	0.03503	0.01836	0.01376	0.03154	0.00724	0.00209	0.00704	0.00608	0.00599	0.03923
2	0.04861	0.01100	0.01364	0.01259	0.05093	0.01104	0.00938	0.08411	0.13977	0.23139	0.21746	0.07005	0.03061	0.01050	0.00701	0.00213	0.00500	0.02880	0.00693	0.00903
3	0.31029	0.01690	0.01488	0.01357	0.04690	0.17252	0.04505	0.08013	0.05750	0.02488	0.01853	0.02056	0.08884	0.00801	0.00573	0.00199	0.00701	0.02515	0.00450	0.03706
4	0.13558	0.01476	0.01638	0.04793	0.01869	0.08204	0.05887	0.09530	0.10484	0.09977	0.03287	0.04595	0.03933	0.00810	0.00699	0.00196	0.04925	0.00637	0.00506	0.12997
5	0.02181	0.01692	0.05026	0.01361	0.01822	0.08612	0.01132	0.29668	0.09780	0.14584	0.04694	0.01890	0.01464	0.00894	0.00781	0.05893	0.00687	0.00608	0.00594	0.06636
6	0.02346	0.06811	0.01938	0.01623	0.01988	0.56357	0.01250	0.09535	0.06871	0.01946	0.01183	0.01315	0.00958	0.00709	0.00631	0.00177	0.02686	0.00463	0.00391	0.00823
7	0.01273	0.00820	0.00996	0.00950	0.01178	0.00786	0.00732	0.01716	0.10581	0.12043	0.21995	0.14970	0.17917	0.01408	0.00759	0.00228	0.00414	0.07341	0.03177	0.00717
8	0.01611	0.01578	0.02410	0.13012	0.47460	0.06394	0.04669	0.03534	0.05105	0.02102	0.01412	0.05176	0.01212	0.00690	0.00664	0.00203	0.00802	0.00652	0.00361	0.00954
9	0.02519	0.01818	0.01959	0.01502	0.02028	0.02002	0.01241	0.68106	0.03051	0.06668	0.01618	0.01605	0.01138	0.00791	0.00659	0.00198	0.00718	0.00595	0.00664	0.01120
10	0.01788	0.01461	0.01504	0.01322	0.01699	0.05256	0.01034	0.08482	0.52680	0.07776	0.07583	0.02487	0.02160	0.00902	0.00672	0.00216	0.00558	0.00743	0.00666	0.01009
11	0.00923	0.00720	0.00829	0.00820	0.00999	0.00675	0.00605	0.03982	0.03020	0.02011	0.18234	0.16204	0.35870	0.05107	0.06703	0.00309	0.00483	0.01305	0.00607	0.00595
12	0.15599	0.01216	0.01381	0.01201	0.01494	0.04625	0.04583	0.09496	0.03819	0.07805	0.04931	0.19784	0.08352	0.01168	0.00816	0.00224	0.07919	0.00948	0.00534	0.04106
13	0.00832	0.00589	0.00773	0.00896	0.00933	0.00565	0.00592	0.00936	0.01207	0.01615	0.03308	0.62238	0.03931	0.12844	0.05123	0.00362	0.00492	0.01679	0.00567	0.00518
14	0.01143	0.00753	0.00955	0.00875	0.01075	0.00699	0.00665	0.04260	0.01857	0.08353	0.54792	0.08040	0.11304	0.01341	0.00765	0.00211	0.00354	0.01172	0.00714	0.00673
15	0.01539	0.01470	0.02473	0.07943	0.63079	0.01478	0.01889	0.01916	0.01488	0.02094	0.01664	0.02009	0.06685	0.00676	0.00662	0.00199	0.00752	0.00650	0.00346	0.00986
16	0.03994	0.11274	0.05990	0.01329	0.01786	0.09823	0.01134	0.13025	0.25389	0.10635	0.02257	0.02170	0.06692	0.00837	0.00626	0.00199	0.00667	0.00649	0.00564	0.00958
17	0.01543	0.01322	0.01404	0.01270	0.01618	0.01509	0.00985	0.03206	0.62907	0.02704	0.08580	0.02821	0.05302	0.00963	0.00683	0.00222	0.00496	0.00808	0.00672	0.00987
18	0.00834	0.00586	0.00754	0.00875	0.00906	0.00556	0.00567	0.00925	0.01198	0.01597	0.03306	0.61465	0.03947	0.17587	0.01361	0.00344	0.00435	0.01682	0.00567	0.00507
19	0.01448	0.04987	0.42290	0.02266	0.12169	0.01603	0.15115	0.02201	0.07579	0.02140	0.01340	0.01578	0.00996	0.00628	0.00655	0.00208	0.00925	0.00573	0.00329	0.00968
20	0.11790	0.07887	0.14716	0.01425	0.03821	0.05688	0.01291	0.10954	0.17048	0.11779	0.05845	0.01892	0.01537	0.00766	0.00608	0.00201	0.00679	0.00592	0.00528	0.00952
21	0.00788	0.00655	0.00689	0.00707	0.00902	0.00556	0.00520	0.00954	0.01484	0.01802	0.09096	0.15616	0.60555	0.01706	0.00786	0.00228	0.00339	0.01445	0.00616	0.00556
22	0.01012	0.00823	0.01202	0.01160	0.01306	0.00826	0.07082	0.03124	0.04433	0.01938	0.09818	0.47074	0.06752	0.01694	0.00888	0.00255	0.04492	0.04914	0.00583	0.00627
23	0.01581	0.09509	0.27026	0.04228	0.18915	0.06713	0.14891	0.03424	0.01494	0.02036	0.01184	0.01487	0.00923	0.00621	0.00688	0.00201	0.03275	0.00555	0.00312	0.00935
24	0.01720	0.13555	0.32286	0.01599	0.02266	0.09689	0.04851	0.04282	0.04853	0.09832	0.01672	0.01970	0.03508	0.00755	0.00626	0.00200	0.00849	0.04165	0.00405	0.00917
25	0.01591	0.01525	0.02603	0.11138	0.65961	0.01554	0.02001	0.01987	0.01481	0.02104	0.01232	0.01642	0.01026	0.00594	0.00652	0.00198	0.00792	0.00586	0.00323	0.01012
26	0.01740	0.47526	0.18174	0.01303	0.01920	0.02116	0.01377	0.06067	0.01486	0.06786	0.01273	0.05272	0.01101	0.00688	0.00519	0.00170	0.00736	0.00498	0.00358	0.00891
27	0.00899	0.00674	0.00851	0.00934	0.01077	0.00626	0.00732	0.01116	0.01490	0.01927	0.13142	0.24501	0.23563	0.01779	0.00838	0.00259	0.00435	0.23957	0.00624	0.00576
28	0.01599	0.01564	0.02716	0.05716	0.59639	0.01602	0.08115	0.01988	0.01464	0.02094	0.01218	0.01633	0.01022	0.00626	0.00770	0.00205	0.06107	0.00603	0.00323	0.00998
29	0.01629	0.01564	0.02672	0.04041	0.72757	0.01564	0.02020	0.02020	0.01499	0.02151	0.01238	0.01629	0.01043	0.00587	0.00652	0.00196	0.00782	0.00587	0.00326	0.01043
30	0.01401	0.01385	0.01582	0.04812	0.01691	0.12580	0.03612	0.04519	0.01324	0.01715	0.01778	0.07597	0.05614	0.04853	0.20983	0.00474	0.22270	0.00752	0.00378	0.00680
31	0.07155	0.01326	0.01462	0.01128	0.01642	0.01252	0.00906	0.14473	0.13411	0.04821	0.03267	0.01679	0.01304	0.00649	0.00556	0.00150	0.00535	0.00511	0.00507	0.43264
32	0.07011	0.10078	0.01948	0.01499	0.01913	0.39219	0.01186	0.15728	0.07542	0.05922	0.01323	0.01397	0.01024	0.00708	0.00587	0.00180	0.00924	0.00483	0.00450	0.00878
33	0.01640	0.01186	0.01221	0.03762	0.01461	0.09283	0.00856	0.02242	0.15842	0.14176	0.25161	0.03056	0.03099	0.00976	0.00662	0.00198	0.00514	0.00814	0.13043	0.00808
34	0.01501	0.05915	0.11065	0.02449	0.03076	0.01673	0.52330	0.02017	0.01480	0.02027	0.01365	0.04889	0.01109	0.00663	0.00826	0.00222	0.05431	0.00758	0.00334	0.00870
35	0.01629	0.01564	0.02672	0.04041	0.72757	0.01564	0.02020	0.02020	0.01499	0.02151	0.01238	0.01629	0.01043	0.00587	0.00652	0.00196	0.00782	0.00587	0.00326	0.01043
36	0.01534	0.08986	0.01384	0.01032	0.01344	0.01130	0.00827	0.13396	0.04368	0.11991	0.12299	0.16577	0.18210	0.01290	0.00715	0.00215	0.00490	0.02800	0.00629	0.00783
37	0.00912	0.00676	0.00776	0.00753	0.00946	0.00593	0.00564	0.01139	0.01636	0.04073	0.31695	0.08846	0.39522	0.01510	0.00767	0.00216	0.00332	0.01291	0.03157	0.00597
38	0.01353	0.06491	0.66341	0.01897	0.02834	0.01583	0.06376	0.02081	0.01397	0.02063	0.01179	0.01398	0.00844	0.00619	0.00626	0.00206	0.00969	0.00498	0.00281	0.00962
39	0.01363	0.01277	0.02106	0.56138	0.16921	0.01527	0.01827	0.03815	0.01388	0.01838	0.01179	0.01711	0.00915	0.00674	0.00734	0.00218	0.04676	0.00585	0.00309	0.00800
40	0.01941	0.01397	0.01541	0.01311	0.01717	0.01541	0.01040	0.15367	0.44118	0.13499	0.07216	0.02434	0.02079	0.00894	0.00674	0.00215	0.00549	0.00735	0.00693	0.01039
41	0.00886	0.00667	0.00819	0.00869	0.00999	0.00622	0.00627	0.03184	0.01490	0.01961	0.16846	0.37447	0.22267	0.01905	0.03968	0.00277	0.00433	0.03533	0.00622	0.00579
42	0.01930	0.04775	0.04572	0.02326	0.22768	0.01630	0.10804	0.17425	0.10853	0.10792	0.01847	0.01952	0.03797	0.00732	0.00668	0.00203	0.00742	0.00659	0.00507	0.01020
43	0.01674	0.01423	0.02144	0.26720	0.31904	0.04203	0.01690	0.06976	0.01605	0.08720	0.01661	0.01969	0.05009	0.00710	0.00660	0.00205	0.00779	0.00632	0.00401	0.00916
44	0.00866	0.00646	0.00836	0.00925	0.00987	0.00637	0.00645	0.00998	0.01294	0.01726	0.08314	0.52193	0.10075	0.08565	0.01124	0.00295	0.04251	0.04495	0.00583	0.00543
45	0.01653	0.15489	0.25413	0.02324	0.20455	0.06180	0.07826	0.06515	0.04216	0.02139	0.01235	0.01467	0.00967	0.00622	0.00612	0.00192	0.00869	0.00527	0.00339	0.00960
46	0.01495	0.21308	0.46540	0.01772	0.02597	0.01825	0.09065	0.04519	0.01455	0.02030	0.01146	0.01355	0.00864	0.00609	0.00592	0.00193	0.00912	0.00487	0.00298	0.00938
47	0.01558	0.04085	0.03109	0.01304	0.01658	0.01418	0.05853	0.16296	0.26045	0.02607	0.05625	0.10837	0.07670	0.07786	0.00935	0.00255	0.00592	0.00908	0.00589	0.00870

[dist]
# distance from previous block
# <min> <max>
0	9

[block]
# block no. 2 follows, 33 sequences, length 61
# corresponding to MSA columns:
# 337-397
name=unknown_C
#
# <colnr> <probs for GDERKNQSTAVLIFYWHMCP>
#	G	D	E	R	K	N	Q	S	T	A	V	L	I	F	Y	W	H	M	C	P
0	0.08594	0.20186	0.15687	0.01337	0.01864	0.11912	0.01287	0.07166	0.07093	0.07532	0.03779	0.04517	0.04842	0.00790	0.00582	0.00189	0.00741	0.00592	0.00439	0.00871
1	0.03365	0.04151	0.01539	0.01139	0.01636	0.04826	0.00913	0.15805	0.04103	0.05339	0.01561	0.08222	0.01353	0.00733	0.00568	0.00149	0.00573	0.00587	0.00485	0.42954
2	0.01354	0.05646	0.02168	0.07085	0.16062	0.04296	0.13715	0.01671	0.01420	0.01897	0.07204	0.02642	0.12250	0.01336	0.08605	0.00305	0.10397	0.00777	0.00393	0.00778
3	0.01229	0.01258	0.11045	0.01116	0.01409	0.01048	0.00961	0.07785	0.09802	0.02041	0.07471	0.05087	0.04272	0.22504	0.16434	0.00498	0.00860	0.00816	0.00466	0.03899
4	0.01003	0.00708	0.00874	0.00904	0.01053	0.00661	0.00663	0.04554	0.01561	0.04657	0.17806	0.36502	0.18871	0.01712	0.00803	0.00242	0.00395	0.05776	0.00643	0.00611
5	0.01847	0.68029	0.03252	0.01197	0.01733	0.11523	0.01145	0.02053	0.01403	0.01557	0.00928	0.01072	0.00845	0.00578	0.00444	0.00144	0.00764	0.00361	0.00289	0.00835
6	0.02503	0.01844	0.01976	0.01515	0.02042	0.02042	0.01251	0.70562	0.03095	0.04149	0.01581	0.01581	0.01120	0.00790	0.00659	0.00198	0.00724	0.00593	0.00659	0.01120
7	0.00784	0.00644	0.00691	0.00728	0.00905	0.00551	0.00527	0.00938	0.01442	0.01755	0.05926	0.23462	0.55843	0.01764	0.00793	0.00233	0.00345	0.01507	0.00611	0.00551
8	0.01070	0.00770	0.01103	0.01090	0.01239	0.00736	0.05449	0.03585	0.03577	0.05591	0.11572	0.51727	0.04009	0.01723	0.00810	0.00251	0.00456	0.03984	0.00619	0.00637
9	0.00870	0.00664	0.00800	0.00780	0.00950	0.00593	0.00580	0.01118	0.01697	0.02280	0.45241	0.10590	0.28432	0.01506	0.00782	0.00217	0.00323	0.01307	0.00678	0.00593
10	0.00957	0.00638	0.00718	0.00718	0.00718	0.00638	0.00399	0.00957	0.00957	0.01276	0.02074	0.04308	0.02393	0.76864	0.03351	0.00638	0.00638	0.00957	0.00399	0.00399
11	0.01357	0.09621	0.67561	0.01813	0.02752	0.01619	0.02322	0.02075	0.01386	0.02040	0.01159	0.01362	0.00835	0.00620	0.00608	0.00203	0.00950	0.00475	0.00278	0.00962
12	0.02557	0.01163	0.01498	0.01162	0.01648	0.01049	0.00950	0.08038	0.05380	0.52592	0.07344	0.02307	0.01872	0.00823	0.00653	0.00194	0.00546	0.00672	0.00748	0.08804
13	0.00802	0.00573	0.00764	0.00917	0.00955	0.00535	0.00611	0.00917	0.01260	0.01681	0.03628	0.76434	0.04354	0.02062	0.00840	0.00267	0.00382	0.01872	0.00611	0.00535
14	0.01243	0.01170	0.01975	0.75282	0.04534	0.01463	0.01828	0.01682	0.01316	0.01682	0.01170	0.01755	0.00878	0.00658	0.00658	0.00219	0.00878	0.00585	0.00293	0.00731
15	0.02438	0.07826	0.01722	0.01233	0.01690	0.01361	0.01016	0.22171	0.02103	0.37769	0.02295	0.11697	0.01773	0.00950	0.00664	0.00205	0.00596	0.00774	0.00697	0.01019
16	0.01920	0.01074	0.01194	0.00998	0.01330	0.01107	0.00797	0.19240	0.06406	0.17172	0.02131	0.02193	0.01555	0.00791	0.00564	0.00179	0.00476	0.00627	0.39377	0.00870
17	0.01320	0.00703	0.00713	0.00679	0.00860	0.00717	0.00518	0.06547	0.01505	0.02577	0.02106	0.02391	0.01646	0.00769	0.00475	0.00157	0.00337	0.00612	0.74718	0.00650
18	0.01243	0.01170	0.01975	0.75282	0.04534	0.01463	0.01828	0.01682	0.01316	0.01682	0.01170	0.01755	0.00878	0.00658	0.00658	0.00219	0.00878	0.00585	0.00293	0.00731
19	0.01692	0.01426	0.01510	0.01341	0.01717	0.01637	0.01047	0.10016	0.62237	0.02852	0.02606	0.05084	0.02008	0.00926	0.00675	0.00222	0.00536	0.00771	0.00667	0.01031
20	0.04943	0.05538	0.05445	0.03314	0.52789	0.08011	0.01826	0.06439	0.01605	0.02230	0.01210	0.01527	0.00999	0.00609	0.00625	0.00192	0.00807	0.00548	0.00347	0.00997
21	0.02225	0.01644	0.01776	0.01388	0.01855	0.01795	0.01136	0.58716	0.02863	0.03839	0.09698	0.02236	0.05989	0.00904	0.00679	0.00200	0.00655	0.00707	0.00663	0.01031
22	0.01942	0.04654	0.01723	0.01330	0.01789	0.01706	0.01078	0.32490	0.26690	0.03214	0.04156	0.02110	0.04099	0.00833	0.00642	0.00195	0.00601	0.00660	0.00619	0.09469
23	0.01449	0.08348	0.08141	0.27551	0.23854	0.01654	0.04001	0.01842	0.01350	0.01860	0.01136	0.01574	0.00926	0.00677	0.00814	0.00208	0.09996	0.00555	0.00305	0.03761
24	0.00842	0.00686	0.00750	0.00755	0.00952	0.00605	0.00566	0.01085	0.03657	0.01952	0.17289	0.11846	0.51048	0.01628	0.00784	0.00226	0.00349	0.03765	0.00632	0.00582
25	0.01469	0.01556	0.03137	0.02454	0.07580	0.01490	0.49081	0.02066	0.06665	0.02204	0.08893	0.02504	0.01793	0.00745	0.00769	0.00224	0.00930	0.05161	0.00415	0.00864
26	0.01233	0.00972	0.01152	0.09150	0.01566	0.02617	0.00859	0.14535	0.01736	0.02272	0.11484	0.29423	0.14879	0.03990	0.00846	0.00244	0.00513	0.01258	0.00585	0.00684
27	0.01673	0.01504	0.02222	0.06851	0.39634	0.03599	0.04093	0.15276	0.01790	0.02432	0.01815	0.09577	0.04927	0.00838	0.00682	0.00206	0.00736	0.00762	0.00433	0.00950
28	0.02773	0.01168	0.01533	0.01186	0.01673	0.01060	0.00975	0.10285	0.02012	0.61191	0.07072	0.02346	0.01876	0.00847	0.00669	0.00203	0.00561	0.00689	0.00792	0.01088
29	0.00802	0.00573	0.00764	0.00917	0.00955	0.00535	0.00611	0.00917	0.01260	0.01681	0.03628	0.76434	0.04354	0.02062	0.00840	0.00267	0.00382	0.01872	0.00611	0.00535
30	0.01760	0.77260	0.03450	0.01126	0.01690	0.02605	0.01126	0.01971	0.01338	0.01549	0.00915	0.01056	0.00845	0.00563	0.00422	0.00141	0.00704	0.00352	0.00282	0.00845
31	0.04464	0.00698	0.00691	0.00676	0.00856	0.00722	0.00513	0.01693	0.06468	0.02496	0.02137	0.02399	0.01672	0.00770	0.00473	0.00160	0.00330	0.00613	0.71519	0.00649
32	0.00811	0.00579	0.00758	0.00898	0.00939	0.00541	0.00595	0.00920	0.01249	0.01659	0.03620	0.70170	0.06135	0.06522	0.00989	0.00288	0.00396	0.01803	0.00598	0.00527
33	0.02531	0.01799	0.01948	0.01493	0.02019	0.01974	0.01233	0.66332	0.03019	0.08487	0.01644	0.01622	0.01152	0.00792	0.00659	0.00198	0.00714	0.00597	0.00668	0.01120
34	0.01629	0.01564	0.02672	0.04041	0.72757	0.01564	0.02020	0.02020	0.01499	0.02151	0.01238	0.01629	0.01043	0.00587	0.00652	0.00196	0.00782	0.00587	0.00326	0.01043
35	0.00815	0.00582	0.00779	0.00931	0.00975	0.00546	0.00633	0.00939	0.01273	0.01695	0.03621	0.73012	0.04326	0.02050	0.00844	0.00269	0.00393	0.05167	0.00611	0.00538
36	0.00957	0.00641	0.00732	0.00732	0.00737	0.00646	0.00416	0.00966	0.00962	0.01287	0.02061	0.04237	0.02363	0.73899	0.06273	0.00656	0.00685	0.00947	0.00397	0.00407
37	0.02541	0.01783	0.01938	0.01486	0.02011	0.01950	0.01227	0.64848	0.02993	0.10008	0.01667	0.01637	0.01163	0.00792	0.00659	0.00198	0.00710	0.00599	0.00672	0.01120
38	0.00957	0.00638	0.00718	0.00718	0.00718	0.00638	0.00399	0.00957	0.00957	0.01276	0.02074	0.04308	0.02393	0.76864	0.03351	0.00638	0.00638	0.00957	0.00399	0.00399
39	0.01392	0.01392	0.02544	0.42865	0.16242	0.01550	0.17793	0.01837	0.01392	0.01860	0.01208	0.01725	0.00935	0.00641	0.00745	0.00219	0.03902	0.00630	0.00308	0.00822
40	0.02820	0.01201	0.01564	0.01205	0.01703	0.01098	0.00993	0.12110	0.02045	0.61455	0.04991	0.02250	0.01728	0.00831	0.00666	0.00203	0.00573	0.00672	0.00791	0.01102
41	0.00800	0.00580	0.00757	0.00899	0.00950	0.00536	0.00603	0.00919	0.01278	0.01688	0.03849	0.71343	0.09303	0.02034	0.00836	0.00264	0.00378	0.01836	0.00611	0.00536
42	0.01760	0.77260	0.03450	0.01126	0.01690	0.02605	0.01126	0.01971	0.01338	0.01549	0.00915	0.01056	0.00845	0.00563	0.00422	0.00141	0.00704	0.00352	0.00282	0.00845
43	0.06660	0.05739	0.61454	0.01773	0.02640	0.03827	0.02202	0.02070	0.01371	0.02091	0.01138	0.01353	0.00828	0.00643	0.00659	0.00208	0.03646	0.00475	0.00289	0.00936
44	0.04671	0.01845	0.03902	0.01481	0.03487	0.13249	0.01181	0.29329	0.14630	0.13919	0.01820	0.01849	0.01334	0.03410	0.00735	0.00214	0.00736	0.00606	0.00598	0.01006
45	0.00876	0.00689	0.00797	0.00822	0.00984	0.00635	0.00596	0.01170	0.06126	0.02003	0.19959	0.26946	0.32670	0.01665	0.00789	0.00233	0.00355	0.01449	0.00640	0.00596
46	0.00836	0.00597	0.00803	0.00956	0.01009	0.00564	0.00670	0.00975	0.01294	0.01719	0.03610	0.67367	0.04280	0.02030	0.00849	0.00272	0.00411	0.10603	0.00610	0.00544
47	0.00906	0.00672	0.00844	0.00801	0.00968	0.00610	0.00601	0.01193	0.01803	0.02496	0.61413	0.05155	0.17298	0.01400	0.00777	0.00210	0.00314	0.01224	0.00706	0.00610
48	0.02459	0.03138	0.01866	0.01696	0.02035	0.74221	0.01272	0.02629	0.01866	0.01611	0.01018	0.01187	0.00848	0.00678	0.00594	0.00170	0.01187	0.00424	0.00339	0.00763
49	0.01341	0.01144	0.01339	0.00973	0.01534	0.00863	0.00773	0.01625	0.01361	0.02125	0.01277	0.04644	0.01123	0.00556	0.00503	0.00105	0.00483	0.00455	0.00400	0.77379
50	0.01365	0.01170	0.01365	0.00975	0.01560	0.00878	0.00780	0.01658	0.01365	0.02145	0.01170	0.01365	0.00975	0.00488	0.00488	0.00098	0.00488	0.00390	0.00390	0.80888
51	0.01918	0.60525	0.03092	0.01255	0.01768	0.18774	0.01159	0.02120	0.01457	0.01563	0.00938	0.01086	0.00846	0.00589	0.00461	0.00147	0.00813	0.00368	0.00295	0.00826
52	0.02411	0.01648	0.01791	0.01388	0.01875	0.01792	0.01142	0.57074	0.02803	0.10389	0.01734	0.01733	0.01226	0.00790	0.00638	0.00194	0.00665	0.00601	0.09037	0.01067
53	0.01453	0.01059	0.01335	0.01279	0.01515	0.03921	0.03844	0.09060	0.05453	0.08884	0.02921	0.21220	0.03012	0.01502	0.00850	0.00261	0.02852	0.28237	0.00605	0.00738
54	0.02954	0.01120	0.01528	0.01171	0.01681	0.00968	0.00968	0.03208	0.01884	0.73213	0.02597	0.02241	0.01630	0.00815	0.00662	0.00204	0.00560	0.00662	0.00815	0.01120
55	0.02479	0.01761	0.01910	0.01477	0.01993	0.01934	0.01216	0.61055	0.07569	0.09221	0.01730	0.01688	0.01217	0.00799	0.00660	0.00200	0.00699	0.00608	0.00671	0.01114
56	0.02369	0.06287	0.01892	0.01634	0.01979	0.68464	0.01238	0.02540	0.01830	0.01614	0.01215	0.01365	0.03405	0.00709	0.00593	0.00170	0.01136	0.00455	0.00346	0.00759
57	0.01724	0.73915	0.03337	0.01113	0.01659	0.02518	0.01104	0.01939	0.01361	0.01597	0.04038	0.01225	0.01079	0.00597	0.00438	0.00144	0.00687	0.00389	0.00301	0.00835
58	0.01554	0.01776	0.03885	0.02775	0.03441	0.01665	0.70366	0.02109	0.01554	0.02109	0.01332	0.01776	0.00999	0.00555	0.00777	0.00222	0.01110	0.00777	0.00333	0.00888
59	0.04222	0.02148	0.07550	0.03204	0.02164	0.23457	0.09449	0.11009	0.22452	0.02432	0.04175	0.01837	0.01429	0.00758	0.00651	0.00201	0.00851	0.00615	0.00485	0.00913
60	0.01691	0.06884	0.09883	0.02032	0.02617	0.08040	0.33442	0.06658	0.06493	0.04876	0.06691	0.01908	0.01446	0.00678	0.00693	0.00203	0.00909	0.00687	0.00418	0.03750

[dist]
# distance from previous block
# <min> <max>
1	4

[block]
# block no. 3 follows, 33 sequences, length 50
# corresponding to MSA columns:
# 402-451
name=unknown_D
#
# <colnr> <probs for GDERKNQSTAVLIFYWHMCP>
#	G	D	E	R	K	N	Q	S	T	A	V	L	I	F	Y	W	H	M	C	P
0	0.02249	0.08686	0.01954	0.01477	0.01911	0.22810	0.05596	0.07592	0.16201	0.19883	0.01875	0.03842	0.01407	0.00784	0.00634	0.00195	0.00791	0.00617	0.00550	0.00944
1	0.02140	0.14192	0.03995	0.01372	0.01836	0.14096	0.01152	0.18539	0.17902	0.12431	0.01953	0.01897	0.04054	0.00790	0.00616	0.00192	0.00723	0.00597	0.00554	0.00971
2	0.81514	0.01273	0.00968	0.00866	0.01273	0.01477	0.00713	0.01935	0.01120	0.02954	0.00917	0.01069	0.00713	0.00611	0.00407	0.00204	0.00509	0.00356	0.00407	0.00713
3	0.00797	0.00668	0.00693	0.00687	0.00901	0.00564	0.00515	0.00981	0.01545	0.01884	0.14743	0.06161	0.64350	0.01628	0.00778	0.00220	0.00331	0.01365	0.00625	0.00564
4	0.01637	0.01414	0.01489	0.01340	0.01712	0.01637	0.01042	0.03498	0.71568	0.02754	0.02679	0.02456	0.02010	0.00893	0.00670	0.00223	0.00521	0.00744	0.00670	0.01042
5	0.01365	0.01170	0.01365	0.00975	0.01560	0.00878	0.00780	0.01658	0.01365	0.02145	0.01170	0.01365	0.00975	0.00488	0.00488	0.00098	0.00488	0.00390	0.00390	0.80888
6	0.01365	0.01170	0.01365	0.00975	0.01560	0.00878	0.00780	0.01658	0.01365	0.02145	0.01170	0.01365	0.00975	0.00488	0.00488	0.00098	0.00488	0.00390	0.00390	0.80888
7	0.01365	0.01170	0.01365	0.00975	0.01560	0.00878	0.00780	0.01658	0.01365	0.02145	0.01170	0.01365	0.00975	0.00488	0.00488	0.00098	0.00488	0.00390	0.00390	0.80888
8	0.01576	0.01510	0.02575	0.13925	0.63292	0.01550	0.01994	0.01973	0.01474	0.02086	0.01229	0.01647	0.01020	0.00597	0.00653	0.00199	0.00795	0.00586	0.00321	0.01000
9	0.01423	0.01531	0.03196	0.02383	0.02910	0.01459	0.53389	0.01897	0.01511	0.02042	0.01799	0.08436	0.01647	0.00865	0.00838	0.00239	0.02998	0.10230	0.00392	0.00816
10	0.01453	0.01374	0.02301	0.30906	0.42062	0.01490	0.01866	0.01896	0.03546	0.01974	0.01344	0.04438	0.01130	0.00677	0.00662	0.00208	0.00796	0.00638	0.00334	0.00906
11	0.00804	0.00585	0.00758	0.00890	0.00950	0.00539	0.00601	0.00930	0.01302	0.01720	0.06115	0.67494	0.10882	0.02002	0.00832	0.00261	0.00375	0.01804	0.00615	0.00539
12	0.00807	0.00668	0.00707	0.00697	0.00907	0.00568	0.00523	0.01001	0.01569	0.01940	0.18986	0.06070	0.60072	0.01607	0.00778	0.00219	0.00329	0.01352	0.00633	0.00568
13	0.01744	0.74508	0.06058	0.01154	0.01733	0.02565	0.01175	0.01976	0.01340	0.01569	0.00925	0.01068	0.00844	0.00566	0.00430	0.00143	0.00714	0.00357	0.00281	0.00850
14	0.02954	0.01120	0.01528	0.01171	0.01681	0.00968	0.00968	0.03208	0.01884	0.73213	0.02597	0.02241	0.01630	0.00815	0.00662	0.00204	0.00560	0.00662	0.00815	0.01120
15	0.02738	0.01184	0.01539	0.01191	0.01676	0.01086	0.00979	0.12139	0.02046	0.58506	0.07797	0.02356	0.01911	0.00852	0.00670	0.00203	0.00563	0.00693	0.00787	0.01082
16	0.00813	0.00674	0.00716	0.00722	0.00932	0.00577	0.00552	0.01004	0.01537	0.01876	0.12835	0.06276	0.61110	0.01647	0.00787	0.00227	0.00351	0.06177	0.00622	0.00566
17	0.01760	0.77260	0.03450	0.01126	0.01690	0.02605	0.01126	0.01971	0.01338	0.01549	0.00915	0.01056	0.00845	0.00563	0.00422	0.00141	0.00704	0.00352	0.00282	0.00845
18	0.01725	0.01395	0.01491	0.01328	0.01710	0.01593	0.01037	0.03479	0.66910	0.07463	0.02674	0.02442	0.01984	0.00888	0.00669	0.00222	0.00524	0.00739	0.00680	0.01047
19	0.00787	0.00667	0.00680	0.00676	0.00895	0.00560	0.00507	0.00962	0.01522	0.01830	0.10574	0.06251	0.68554	0.01648	0.00778	0.00221	0.00332	0.01378	0.00618	0.00560
20	0.02263	0.01363	0.01560	0.01265	0.01704	0.01432	0.01022	0.23571	0.20676	0.25578	0.04801	0.02210	0.01745	0.00844	0.00652	0.00203	0.00571	0.00678	0.06819	0.01043
21	0.01785	0.66031	0.09346	0.01205	0.01800	0.02442	0.01237	0.04258	0.01417	0.03969	0.01014	0.01140	0.00878	0.00584	0.00455	0.00150	0.00723	0.00381	0.00311	0.00874
22	0.01227	0.00614	0.00614	0.00614	0.00767	0.00614	0.00460	0.01534	0.01381	0.02454	0.02148	0.02454	0.01687	0.00767	0.00460	0.00153	0.00307	0.00614	0.80518	0.00614
23	0.00957	0.00638	0.00718	0.00718	0.00718	0.00638	0.00399	0.00957	0.00957	0.01276	0.02074	0.04308	0.02393	0.76864	0.03351	0.00638	0.00638	0.00957	0.00399	0.00399
24	0.01500	0.17370	0.24877	0.02111	0.02829	0.01776	0.33553	0.02036	0.01451	0.01975	0.01276	0.03918	0.01026	0.00627	0.00662	0.00203	0.00963	0.00639	0.00315	0.00894
25	0.81514	0.01273	0.00968	0.00866	0.01273	0.01477	0.00713	0.01935	0.01120	0.02954	0.00917	0.01069	0.00713	0.00611	0.00407	0.00204	0.00509	0.00356	0.00407	0.00713
26	0.01320	0.03405	0.73453	0.01876	0.02849	0.01529	0.02432	0.02085	0.01390	0.02085	0.01181	0.01390	0.00834	0.00625	0.00625	0.00208	0.00973	0.00486	0.00278	0.00973
27	0.50686	0.01495	0.01291	0.01086	0.01523	0.07066	0.00886	0.14225	0.01630	0.12809	0.01274	0.01331	0.00922	0.00676	0.00501	0.00200	0.00606	0.00446	0.00503	0.00845
28	0.01637	0.01414	0.01489	0.01340	0.01712	0.01637	0.01042	0.03498	0.71568	0.02754	0.02679	0.02456	0.02010	0.00893	0.00670	0.00223	0.00521	0.00744	0.00670	0.01042
29	0.01857	0.67080	0.03237	0.01198	0.01737	0.10046	0.01146	0.04277	0.01450	0.01640	0.00948	0.01087	0.00854	0.00583	0.00448	0.00146	0.00755	0.00367	0.00300	0.00845
30	0.10206	0.07541	0.33390	0.01491	0.02174	0.01581	0.01629	0.14051	0.01627	0.02468	0.01230	0.01435	0.00938	0.00899	0.04948	0.00240	0.02737	0.00485	0.00378	0.10552
31	0.01393	0.01323	0.02245	0.47684	0.30963	0.01502	0.01903	0.01813	0.01387	0.01864	0.01197	0.01706	0.00942	0.00630	0.00656	0.00210	0.00841	0.00586	0.00305	0.00852
32	0.00890	0.00668	0.00824	0.00792	0.00960	0.00602	0.00591	0.01158	0.01753	0.02396	0.53924	0.07877	0.22245	0.01450	0.00779	0.00213	0.00319	0.01264	0.00693	0.00602
33	0.01320	0.03405	0.73453	0.01876	0.02849	0.01529	0.02432	0.02085	0.01390	0.02085	0.01181	0.01390	0.00834	0.00625	0.00625	0.00208	0.00973	0.00486	0.00278	0.00973
34	0.00802	0.00573	0.00764	0.00917	0.00955	0.00535	0.00611	0.00917	0.01260	0.01681	0.03628	0.76434	0.04354	0.02062	0.00840	0.00267	0.00382	0.01872	0.00611	0.00535
35	0.01554	0.01776	0.03885	0.02775	0.03441	0.01665	0.70366	0.02109	0.01554	0.02109	0.01332	0.01776	0.00999	0.00555	0.00777	0.00222	0.01110	0.00777	0.00333	0.00888
36	0.00831	0.00669	0.00740	0.00722	0.00921	0.00578	0.00542	0.01047	0.01625	0.02073	0.29148	0.05851	0.49827	0.01557	0.00778	0.00217	0.00326	0.01321	0.00650	0.00578
37	0.00883	0.00656	0.00823	0.00814	0.00962	0.00595	0.00598	0.01136	0.01701	0.02330	0.49468	0.16785	0.17780	0.01520	0.00787	0.00220	0.00326	0.01337	0.00686	0.00595
38	0.01302	0.01213	0.02016	0.68959	0.08476	0.01485	0.01823	0.03691	0.01378	0.01781	0.01186	0.01743	0.00894	0.00658	0.00658	0.00217	0.00868	0.00585	0.00305	0.00761
39	0.08907	0.01216	0.01537	0.01188	0.01691	0.01131	0.00981	0.10933	0.01966	0.59821	0.02351	0.02075	0.01500	0.00796	0.00642	0.00203	0.00575	0.00631	0.00766	0.01089
40	0.00802	0.00573	0.00764	0.00917	0.00955	0.00535	0.00611	0.00917	0.01260	0.01681	0.03628	0.76434	0.04354	0.02062	0.00840	0.00267	0.00382	0.01872	0.00611	0.00535
41	0.02673	0.01571	0.01807	0.01385	0.01905	0.01636	0.01144	0.45131	0.02638	0.30226	0.01964	0.01830	0.01312	0.00800	0.00660	0.00200	0.00662	0.00619	0.00718	0.01120
42	0.12351	0.01853	0.01843	0.01445	0.01945	0.06472	0.01185	0.57770	0.02772	0.03842	0.01463	0.01492	0.01052	0.00761	0.00623	0.00197	0.00726	0.00553	0.00607	0.01047
43	0.01227	0.00614	0.00614	0.00614	0.00767	0.00614	0.00460	0.01534	0.01381	0.02454	0.02148	0.02454	0.01687	0.00767	0.00460	0.00153	0.00307	0.00614	0.80518	0.00614
44	0.00822	0.00695	0.00714	0.00704	0.00927	0.00601	0.00530	0.01062	0.04102	0.01882	0.11731	0.06081	0.64651	0.01613	0.00774	0.00221	0.00339	0.01350	0.00622	0.00579
45	0.00802	0.00573	0.00764	0.00917	0.00955	0.00535	0.00611	0.00917	0.01260	0.01681	0.03628	0.76434	0.04354	0.02062	0.00840	0.00267	0.00382	0.01872	0.00611	0.00535
46	0.01517	0.01377	0.10412	0.01201	0.01595	0.01187	0.01059	0.05007	0.26476	0.10742	0.25460	0.03220	0.05886	0.01025	0.00702	0.00213	0.00514	0.00868	0.00652	0.00888
47	0.01486	0.31291	0.47022	0.01593	0.02411	0.01935	0.01939	0.02042	0.01370	0.01882	0.01081	0.01264	0.00838	0.00602	0.00549	0.00183	0.00871	0.00436	0.00279	0.00925
48	0.05086	0.46883	0.15554	0.01305	0.01911	0.05931	0.01343	0.04674	0.04143	0.06104	0.01160	0.01266	0.00939	0.00618	0.00499	0.00166	0.00754	0.00422	0.00349	0.00892
49	0.02113	0.01472	0.03534	0.01283	0.01769	0.01438	0.01063	0.33482	0.05157	0.15519	0.06397	0.06308	0.01730	0.00852	0.00647	0.00187	0.00605	0.00686	0.00630	0.15127

[dist]
# distance from previous block
# <min> <max>
0	1

[block]
# block no. 4 follows, 33 sequences, length 54
# corresponding to MSA columns:
# 453-506
name=unknown_E
#
# <colnr> <probs for GDERKNQSTAVLIFYWHMCP>
#	G	D	E	R	K	N	Q	S	T	A	V	L	I	F	Y	W	H	M	C	P
0	0.10797	0.05812	0.04206	0.01220	0.01598	0.05701	0.01017	0.16088	0.15552	0.04908	0.06794	0.02524	0.10255	0.01260	0.06740	0.00276	0.03134	0.00714	0.00544	0.00859
1	0.02289	0.01790	0.01812	0.01436	0.01912	0.06872	0.01166	0.52010	0.10406	0.03651	0.01684	0.01696	0.01228	0.00782	0.00638	0.00192	0.00701	0.00592	0.05452	0.03691
2	0.01124	0.00942	0.00988	0.01014	0.01134	0.07599	0.00722	0.05607	0.01502	0.01964	0.11991	0.44837	0.05941	0.05158	0.00940	0.00258	0.02844	0.01424	0.03403	0.00608
3	0.01208	0.00617	0.00631	0.00627	0.00781	0.00614	0.00471	0.01515	0.01412	0.02466	0.06687	0.02614	0.01980	0.00804	0.00481	0.00157	0.00307	0.00651	0.75363	0.00614
4	0.01440	0.01440	0.02016	0.01728	0.01728	0.02016	0.01440	0.01584	0.01008	0.01584	0.00864	0.01440	0.00864	0.01152	0.02160	0.00288	0.75659	0.00576	0.00288	0.00720
5	0.81514	0.01273	0.00968	0.00866	0.01273	0.01477	0.00713	0.01935	0.01120	0.02954	0.00917	0.01069	0.00713	0.00611	0.00407	0.00204	0.00509	0.00356	0.00407	0.00713
6	0.06184	0.01186	0.01810	0.01377	0.01870	0.01067	0.11954	0.02772	0.01794	0.51381	0.09493	0.02387	0.01958	0.00819	0.00680	0.00207	0.00620	0.00720	0.00710	0.01013
7	0.02395	0.01708	0.01865	0.01430	0.01955	0.01832	0.01176	0.56364	0.05193	0.09129	0.01655	0.01639	0.01175	0.00766	0.00642	0.00189	0.00682	0.00583	0.00644	0.08979
8	0.00802	0.00573	0.00764	0.00917	0.00955	0.00535	0.00611	0.00917	0.01260	0.01681	0.03628	0.76434	0.04354	0.02062	0.00840	0.00267	0.00382	0.01872	0.00611	0.00535
9	0.00802	0.00573	0.00764	0.00917	0.00955	0.00535	0.00611	0.00917	0.01260	0.01681	0.03628	0.76434	0.04354	0.02062	0.00840	0.00267	0.00382	0.01872	0.00611	0.00535
10	0.01629	0.01564	0.02672	0.04041	0.72757	0.01564	0.02020	0.02020	0.01499	0.02151	0.01238	0.01629	0.01043	0.00587	0.00652	0.00196	0.00782	0.00587	0.00326	0.01043
11	0.02954	0.01120	0.01528	0.01171	0.01681	0.00968	0.00968	0.03208	0.01884	0.73213	0.02597	0.02241	0.01630	0.00815	0.00662	0.00204	0.00560	0.00662	0.00815	0.01120
12	0.00828	0.00669	0.00736	0.00719	0.00920	0.00577	0.00539	0.01041	0.01618	0.02058	0.28005	0.05875	0.50980	0.01563	0.00778	0.00217	0.00326	0.01325	0.00648	0.00577
13	0.01243	0.01170	0.01975	0.75282	0.04534	0.01463	0.01828	0.01682	0.01316	0.01682	0.01170	0.01755	0.00878	0.00658	0.00658	0.00219	0.00878	0.00585	0.00293	0.00731
14	0.01607	0.01548	0.02375	0.01871	0.02351	0.01648	0.26687	0.02984	0.45668	0.02515	0.02181	0.02204	0.01636	0.00768	0.00709	0.00223	0.00739	0.00756	0.00545	0.00985
15	0.00786	0.00667	0.00678	0.00676	0.00894	0.00559	0.00507	0.00961	0.01520	0.01825	0.10227	0.06259	0.68903	0.01650	0.00778	0.00221	0.00332	0.01379	0.00617	0.00559
16	0.00940	0.00705	0.01058	0.01058	0.01176	0.00823	0.00823	0.01176	0.01058	0.01528	0.01763	0.02586	0.01646	0.04937	0.74255	0.01058	0.01763	0.00705	0.00353	0.00588
17	0.02459	0.03138	0.01866	0.01696	0.02035	0.74221	0.01272	0.02629	0.01866	0.01611	0.01018	0.01187	0.00848	0.00678	0.00594	0.00170	0.01187	0.00424	0.00339	0.00763
18	0.00885	0.00684	0.00739	0.00716	0.00936	0.00583	0.00540	0.01083	0.01585	0.04475	0.19408	0.05913	0.56995	0.01574	0.00774	0.00219	0.00337	0.01325	0.00641	0.00589
19	0.00957	0.00638	0.00718	0.00718	0.00718	0.00638	0.00399	0.00957	0.00957	0.01276	0.02074	0.04308	0.02393	0.76864	0.03351	0.00638	0.00638	0.00957	0.00399	0.00399
20	0.00829	0.00666	0.00740	0.00728	0.00922	0.00576	0.00543	0.01041	0.01611	0.02057	0.28070	0.08214	0.48535	0.01575	0.00780	0.00219	0.00328	0.01340	0.00648	0.00576
21	0.00935	0.00646	0.00805	0.00837	0.00873	0.00661	0.00544	0.01012	0.01054	0.01424	0.02346	0.15785	0.02651	0.47938	0.15450	0.00635	0.00796	0.04706	0.00436	0.00466
22	0.02503	0.01844	0.01976	0.01515	0.02042	0.02042	0.01251	0.70562	0.03095	0.04149	0.01581	0.01581	0.01120	0.00790	0.00659	0.00198	0.00724	0.00593	0.00659	0.01120
23	0.00802	0.00573	0.00764	0.00917	0.00955	0.00535	0.00611	0.00917	0.01260	0.01681	0.03628	0.76434	0.04354	0.02062	0.00840	0.00267	0.00382	0.01872	0.00611	0.00535
24	0.02446	0.02407	0.01928	0.01603	0.02028	0.34237	0.01267	0.37826	0.02473	0.02926	0.01304	0.01400	0.00989	0.00753	0.00683	0.00188	0.03575	0.00517	0.00503	0.00947
25	0.08323	0.01487	0.01664	0.01270	0.01796	0.01498	0.01043	0.34849	0.02293	0.19888	0.01682	0.01651	0.01178	0.00718	0.00604	0.00178	0.00619	0.00548	0.00619	0.18091
26	0.02477	0.01780	0.01923	0.01486	0.02003	0.01960	0.01224	0.63043	0.06984	0.07807	0.01699	0.01667	0.01199	0.00798	0.00659	0.00199	0.00704	0.00605	0.00668	0.01115
27	0.02459	0.03138	0.01866	0.01696	0.02035	0.74221	0.01272	0.02629	0.01866	0.01611	0.01018	0.01187	0.00848	0.00678	0.00594	0.00170	0.01187	0.00424	0.00339	0.00763
28	0.01554	0.01776	0.03885	0.02775	0.03441	0.01665	0.70366	0.02109	0.01554	0.02109	0.01332	0.01776	0.00999	0.00555	0.00777	0.00222	0.01110	0.00777	0.00333	0.00888
29	0.78492	0.01251	0.00964	0.00864	0.01262	0.01445	0.00710	0.01909	0.01148	0.02942	0.03598	0.01214	0.00919	0.00639	0.00421	0.00204	0.00502	0.00388	0.00419	0.00710
30	0.00778	0.00667	0.00667	0.00667	0.00889	0.00556	0.00500	0.00945	0.01501	0.01778	0.06669	0.06336	0.72490	0.01667	0.00778	0.00222	0.00333	0.01389	0.00611	0.00556
31	0.02954	0.01120	0.01528	0.01171	0.01681	0.00968	0.00968	0.03208	0.01884	0.73213	0.02597	0.02241	0.01630	0.00815	0.00662	0.00204	0.00560	0.00662	0.00815	0.01120
32	0.01554	0.01776	0.03885	0.02775	0.03441	0.01665	0.70366	0.02109	0.01554	0.02109	0.01332	0.01776	0.00999	0.00555	0.00777	0.00222	0.01110	0.00777	0.00333	0.00888
33	0.02954	0.01120	0.01528	0.01171	0.01681	0.00968	0.00968	0.03208	0.01884	0.73213	0.02597	0.02241	0.01630	0.00815	0.00662	0.00204	0.00560	0.00662	0.00815	0.01120
34	0.01637	0.01414	0.01489	0.01340	0.01712	0.01637	0.01042	0.03498	0.71568	0.02754	0.02679	0.02456	0.02010	0.00893	0.00670	0.00223	0.00521	0.00744	0.00670	0.01042
35	0.00802	0.00573	0.00764	0.00917	0.00955	0.00535	0.00611	0.00917	0.01260	0.01681	0.03628	0.76434	0.04354	0.02062	0.00840	0.00267	0.00382	0.01872	0.00611	0.00535
36	0.01619	0.01332	0.01411	0.01257	0.01623	0.01498	0.00981	0.06791	0.56501	0.05098	0.03129	0.02899	0.10995	0.00984	0.00683	0.00221	0.00509	0.00816	0.00667	0.00986
37	0.01554	0.01776	0.03885	0.02775	0.03441	0.01665	0.70366	0.02109	0.01554	0.02109	0.01332	0.01776	0.00999	0.00555	0.00777	0.00222	0.01110	0.00777	0.00333	0.00888
38	0.00819	0.00670	0.00726	0.00731	0.00933	0.00577	0.00554	0.01015	0.01553	0.01927	0.17182	0.08438	0.55688	0.01636	0.00787	0.00226	0.00346	0.04995	0.00630	0.00569
39	0.00890	0.00671	0.00822	0.00784	0.00958	0.00603	0.00588	0.01161	0.01764	0.02405	0.54466	0.05305	0.24302	0.01434	0.00777	0.00211	0.00317	0.01245	0.00694	0.00603
40	0.14984	0.02029	0.01743	0.01452	0.01872	0.20586	0.01160	0.32569	0.08735	0.03052	0.01398	0.01472	0.01055	0.00759	0.00673	0.00198	0.04283	0.00525	0.00520	0.00937
41	0.04919	0.01374	0.01576	0.01289	0.01712	0.01453	0.01038	0.29401	0.12158	0.22142	0.02199	0.09175	0.01716	0.01189	0.05290	0.00264	0.00676	0.00756	0.00670	0.01005
42	0.00999	0.00764	0.00928	0.00871	0.01061	0.00738	0.00658	0.01483	0.10427	0.02544	0.55436	0.04794	0.14123	0.01331	0.00763	0.00211	0.00339	0.01161	0.00704	0.00665
43	0.00954	0.00650	0.00778	0.00778	0.00799	0.00671	0.00474	0.00996	0.00975	0.01321	0.02019	0.04005	0.02262	0.64190	0.15845	0.00712	0.00836	0.00913	0.00391	0.00432
44	0.01712	0.62463	0.15000	0.01264	0.01894	0.02407	0.01347	0.04317	0.01406	0.01726	0.00982	0.01129	0.00852	0.00581	0.00464	0.00154	0.00749	0.00382	0.00294	0.00875
45	0.01534	0.01467	0.02500	0.21600	0.55942	0.01539	0.01973	0.01937	0.01454	0.02035	0.01221	0.01660	0.01002	0.00604	0.00653	0.00201	0.00806	0.00586	0.00318	0.00966
46	0.00810	0.00662	0.00715	0.00715	0.00912	0.00567	0.00531	0.01001	0.01555	0.01940	0.19322	0.10814	0.54903	0.01631	0.00782	0.00222	0.00332	0.01383	0.00633	0.00567
47	0.12337	0.45092	0.09140	0.01345	0.04092	0.11526	0.01243	0.05260	0.01469	0.01931	0.00994	0.01148	0.00846	0.00601	0.00479	0.00163	0.00768	0.00393	0.00324	0.00848
48	0.01123	0.00855	0.01034	0.08124	0.01428	0.03316	0.00788	0.05013	0.01605	0.05402	0.20855	0.29835	0.15075	0.01508	0.00770	0.00230	0.00459	0.01323	0.00611	0.00646
49	0.09448	0.01410	0.02150	0.05240	0.38942	0.01444	0.05178	0.07436	0.04222	0.02397	0.05827	0.05474	0.01599	0.00768	0.00655	0.00204	0.00698	0.02800	0.00422	0.03686
50	0.04106	0.01667	0.07127	0.02353	0.20181	0.01590	0.15793	0.18599	0.04233	0.05115	0.01648	0.09032	0.01403	0.00815	0.00739	0.00214	0.03215	0.00749	0.00463	0.00957
51	0.01241	0.01041	0.01198	0.01137	0.01355	0.05677	0.04015	0.03494	0.15052	0.04152	0.09286	0.36586	0.07603	0.01468	0.00758	0.00233	0.00503	0.01302	0.00602	0.03297
52	0.01853	0.04249	0.06358	0.01554	0.04568	0.14884	0.07163	0.15693	0.03681	0.07352	0.06644	0.04602	0.03957	0.01060	0.05093	0.00240	0.00829	0.00670	0.00489	0.09061
53	0.04382	0.01497	0.03622	0.07826	0.02209	0.03962	0.10983	0.16867	0.05815	0.11172	0.01739	0.01880	0.03544	0.00901	0.04064	0.00225	0.00763	0.00609	0.00501	0.17438

[dist]
# distance from previous block
# <min> <max>
11	35

[block]
# block no. 5 follows, 33 sequences, length 28
# corresponding to MSA columns:
# 542-569
name=unknown_F
#
# <colnr> <probs for GDERKNQSTAVLIFYWHMCP>
#	G	D	E	R	K	N	Q	S	T	A	V	L	I	F	Y	W	H	M	C	P
0	0.01752	0.19302	0.17510	0.01462	0.02041	0.01739	0.05827	0.12945	0.12157	0.07902	0.01810	0.06273	0.03120	0.00797	0.00617	0.00195	0.00719	0.00647	0.00473	0.02710
1	0.01935	0.07142	0.06745	0.01653	0.09286	0.14348	0.01261	0.21749	0.05094	0.05343	0.06915	0.05588	0.03317	0.00833	0.00638	0.00189	0.00740	0.00661	0.00506	0.06055
2	0.01606	0.01820	0.18213	0.01515	0.05935	0.04032	0.01345	0.18880	0.06550	0.03932	0.15002	0.08846	0.02341	0.00941	0.00676	0.00202	0.00662	0.00785	0.00533	0.06182
3	0.10631	0.02118	0.21993	0.01485	0.02058	0.08840	0.04824	0.14892	0.06045	0.04335	0.09592	0.01974	0.03025	0.00774	0.00629	0.00198	0.00754	0.00614	0.00472	0.04748
4	0.08258	0.09449	0.01965	0.01427	0.01899	0.13022	0.04967	0.21325	0.16318	0.06157	0.01601	0.01631	0.01206	0.00720	0.00600	0.00187	0.00730	0.00552	0.00521	0.07463
5	0.01729	0.08519	0.08995	0.01838	0.05076	0.08266	0.19430	0.03806	0.10793	0.07948	0.01706	0.01864	0.03965	0.00717	0.00734	0.00198	0.05001	0.00632	0.00429	0.08356
6	0.01756	0.04643	0.08549	0.04444	0.05555	0.05683	0.07270	0.02214	0.06487	0.16173	0.09563	0.02062	0.01737	0.00752	0.00698	0.00185	0.03959	0.00628	0.00497	0.17149
7	0.01527	0.01266	0.01452	0.01052	0.01629	0.01043	0.00847	0.11480	0.01612	0.02431	0.01229	0.01396	0.00996	0.00531	0.00512	0.00112	0.00521	0.00419	0.00428	0.69518
8	0.00804	0.00586	0.00759	0.00889	0.00949	0.00540	0.00600	0.00931	0.01306	0.01726	0.06464	0.66861	0.11166	0.01997	0.00832	0.00261	0.00375	0.01799	0.00615	0.00540
9	0.01637	0.01414	0.01489	0.01340	0.01712	0.01637	0.01042	0.03498	0.71568	0.02754	0.02679	0.02456	0.02010	0.00893	0.00670	0.00223	0.00521	0.00744	0.00670	0.01042
10	0.00801	0.00578	0.00759	0.00903	0.00951	0.00536	0.00605	0.00918	0.01273	0.01686	0.03792	0.72659	0.08023	0.02041	0.00837	0.00265	0.00379	0.01846	0.00611	0.00536
