[name]
unknown

[dist]
# distance from previous block
# <min> <max>
35	95

[block]
# block no. 0 follows, 34 sequences, length 11
# corresponding to MSA columns:
# 143-153
name=unknown_A
#
# <colnr> <probs for GDERKNQSTAVLIFYWHMCP>
#	G	D	E	R	K	N	Q	S	T	A	V	L	I	F	Y	W	H	M	C	P
0	0.00982	0.00739	0.00811	0.00795	0.01012	0.00674	0.00594	0.01316	0.08408	0.05993	0.10208	0.15941	0.47069	0.01549	0.00756	0.00223	0.00363	0.01317	0.00625	0.00625
1	0.01166	0.01053	0.01366	0.09822	0.04323	0.06031	0.03594	0.01495	0.05288	0.01685	0.02282	0.05931	0.08735	0.08250	0.25065	0.00524	0.05823	0.06509	0.00409	0.00648
2	0.02216	0.02914	0.08917	0.01679	0.02049	0.58585	0.01374	0.04704	0.01750	0.01707	0.01019	0.01220	0.00841	0.00706	0.00726	0.00182	0.07861	0.00441	0.00333	0.00777
3	0.01628	0.55514	0.17749	0.01276	0.01895	0.02254	0.01362	0.02092	0.07681	0.01735	0.01108	0.01227	0.00930	0.00594	0.00477	0.00159	0.00729	0.00407	0.00310	0.00872
4	0.06488	0.08729	0.01595	0.01135	0.01558	0.01383	0.00930	0.16920	0.12255	0.17436	0.11194	0.02364	0.04404	0.02765	0.00682	0.00198	0.00546	0.00675	0.00606	0.08137
5	0.01287	0.00787	0.01002	0.00971	0.03799	0.00700	0.00704	0.01514	0.01589	0.16196	0.21786	0.12032	0.25906	0.01492	0.04047	0.00247	0.00456	0.01126	0.00638	0.03721
6	0.10990	0.00893	0.01035	0.00977	0.01201	0.00904	0.00749	0.10723	0.01695	0.07529	0.22399	0.25368	0.05838	0.01373	0.00722	0.00226	0.00441	0.05616	0.00627	0.00693
7	0.12223	0.18465	0.01992	0.01362	0.04279	0.08222	0.03638	0.09289	0.04213	0.08709	0.05750	0.08491	0.01597	0.00864	0.00729	0.00198	0.08050	0.00650	0.00458	0.00821
8	0.01609	0.13575	0.07237	0.08827	0.12927	0.01337	0.01229	0.02030	0.06025	0.15028	0.16771	0.02549	0.04304	0.02957	0.00708	0.00205	0.00609	0.00712	0.00507	0.00852
9	0.04022	0.13994	0.05906	0.01624	0.11473	0.05341	0.04056	0.04347	0.01573	0.13281	0.12280	0.04091	0.01945	0.00823	0.00705	0.00189	0.05195	0.02116	0.00474	0.06566
10	0.03255	0.08918	0.06867	0.04490	0.09196	0.08584	0.13678	0.07753	0.01600	0.09040	0.01763	0.15662	0.01622	0.00889	0.00659	0.00201	0.00757	0.00797	0.00445	0.03825

[dist]
# distance from previous block
# <min> <max>
5	23

[block]
# block no. 1 follows, 34 sequences, length 60
# corresponding to MSA columns:
# 178-237
name=unknown_B
#
# <colnr> <probs for GDERKNQSTAVLIFYWHMCP>
#	G	D	E	R	K	N	Q	S	T	A	V	L	I	F	Y	W	H	M	C	P
0	0.11969	0.04900	0.16244	0.01672	0.10197	0.08265	0.01395	0.16270	0.04410	0.06392	0.01317	0.01440	0.00990	0.00645	0.00572	0.00180	0.00734	0.00490	0.00434	0.11486
1	0.03721	0.01497	0.08296	0.31726	0.07657	0.02974	0.07895	0.07455	0.03290	0.02072	0.04970	0.04364	0.01310	0.00755	0.00756	0.00211	0.06150	0.00644	0.00371	0.03886
2	0.01247	0.04082	0.15543	0.16406	0.08757	0.01187	0.05583	0.01645	0.03138	0.04239	0.07079	0.12277	0.02004	0.12755	0.01081	0.00277	0.00717	0.00835	0.00406	0.00740
3	0.08462	0.02069	0.09941	0.08863	0.11115	0.25444	0.06925	0.02011	0.01509	0.01899	0.04225	0.01820	0.04821	0.00961	0.04928	0.00243	0.03051	0.00578	0.00353	0.00782
4	0.17462	0.01229	0.01805	0.40777	0.16358	0.01421	0.01526	0.01834	0.03355	0.03756	0.03777	0.01708	0.01098	0.00658	0.00600	0.00207	0.00734	0.00557	0.00354	0.00785
5	0.01398	0.01360	0.02170	0.18762	0.37126	0.03481	0.05189	0.01749	0.01428	0.01929	0.03953	0.02301	0.10423	0.00783	0.00751	0.00207	0.05084	0.00699	0.00359	0.00849
6	0.01622	0.01074	0.01436	0.01311	0.05170	0.01046	0.04916	0.15936	0.01820	0.14817	0.10100	0.25970	0.05459	0.01226	0.00718	0.00215	0.00532	0.01082	0.00615	0.04936
7	0.01720	0.17362	0.02195	0.01645	0.08376	0.17264	0.08286	0.11210	0.01694	0.02046	0.04139	0.04864	0.07232	0.01193	0.07749	0.00265	0.00888	0.00659	0.00408	0.00804
8	0.00989	0.00790	0.01165	0.01127	0.01227	0.00966	0.00889	0.01208	0.01032	0.01507	0.01612	0.02386	0.01512	0.04344	0.64926	0.00936	0.11775	0.00675	0.00338	0.00594
9	0.01405	0.01378	0.02142	0.49460	0.25414	0.05685	0.01821	0.01806	0.01378	0.01788	0.01160	0.01653	0.00909	0.00626	0.00640	0.00205	0.00850	0.00566	0.00300	0.00813
10	0.04420	0.05223	0.07889	0.02530	0.03188	0.01661	0.61150	0.02056	0.01491	0.02074	0.01265	0.01664	0.00954	0.00551	0.00725	0.00213	0.01042	0.00712	0.00324	0.00868
11	0.00877	0.00626	0.00852	0.01002	0.01079	0.00602	0.00755	0.01054	0.01325	0.01749	0.03512	0.52374	0.04078	0.01940	0.00849	0.00275	0.00452	0.25451	0.00598	0.00550
12	0.01169	0.00605	0.00616	0.00616	0.00746	0.00605	0.00444	0.01429	0.01299	0.02253	0.02098	0.02655	0.01750	0.11089	0.00835	0.00215	0.00345	0.00648	0.70010	0.00574
13	0.00840	0.00600	0.00793	0.00884	0.00953	0.00579	0.00614	0.00964	0.01241	0.01659	0.07729	0.48023	0.09579	0.06629	0.10031	0.03998	0.00560	0.03250	0.00549	0.00521
14	0.81856	0.01250	0.00950	0.00850	0.01250	0.01449	0.00700	0.01899	0.01100	0.02899	0.00900	0.01050	0.00700	0.00600	0.00400	0.00200	0.00500	0.00350	0.00400	0.00700
15	0.02456	0.01810	0.01939	0.01487	0.02004	0.02004	0.01228	0.71107	0.03038	0.04072	0.01551	0.01551	0.01099	0.00776	0.00646	0.00194	0.00711	0.00582	0.00646	0.01099
16	0.00791	0.00638	0.00705	0.00737	0.00908	0.00553	0.00541	0.00960	0.01456	0.01809	0.11972	0.21139	0.50211	0.01694	0.00780	0.00228	0.00343	0.03377	0.00610	0.00548
17	0.01057	0.00692	0.00813	0.00819	0.00920	0.00677	0.00558	0.03151	0.03119	0.04518	0.07804	0.19901	0.08604	0.31487	0.01742	0.00384	0.00489	0.04397	0.08327	0.00542
18	0.81856	0.01250	0.00950	0.00850	0.01250	0.01449	0.00700	0.01899	0.01100	0.02899	0.00900	0.01050	0.00700	0.00600	0.00400	0.00200	0.00500	0.00350	0.00400	0.00700
19	0.00828	0.00627	0.00763	0.00792	0.00928	0.00563	0.00570	0.01028	0.01531	0.02031	0.30429	0.28223	0.26056	0.01642	0.00783	0.00227	0.00334	0.01442	0.00642	0.00563
20	0.07109	0.00766	0.00930	0.00867	0.01062	0.00736	0.00652	0.01485	0.03601	0.10125	0.40765	0.08438	0.07751	0.09197	0.00992	0.00255	0.00401	0.03572	0.00647	0.00650
21	0.01582	0.00921	0.01123	0.01037	0.01270	0.00915	0.00770	0.09895	0.08478	0.18772	0.02798	0.33638	0.02775	0.09020	0.00983	0.00269	0.00491	0.01175	0.03325	0.00763
22	0.78886	0.01244	0.00970	0.00861	0.01265	0.01431	0.00709	0.01946	0.01128	0.05562	0.00962	0.01093	0.00734	0.00607	0.00409	0.00200	0.00502	0.00361	0.00415	0.00715
23	0.00865	0.00645	0.00796	0.00784	0.00931	0.00585	0.00573	0.01101	0.01638	0.02227	0.46253	0.14368	0.20884	0.04396	0.00867	0.00230	0.00331	0.01290	0.00659	0.00576
24	0.00919	0.00739	0.00831	0.00825	0.01016	0.00701	0.00611	0.01333	0.11056	0.02065	0.21773	0.17533	0.35171	0.01523	0.00759	0.00222	0.00355	0.01312	0.00635	0.00622
25	0.00909	0.00665	0.00831	0.00835	0.00973	0.00620	0.00629	0.01140	0.01569	0.02124	0.38303	0.07805	0.16283	0.12154	0.01141	0.00282	0.00403	0.12147	0.00625	0.00563
26	0.44437	0.01178	0.01204	0.01122	0.05482	0.01254	0.00842	0.05637	0.01488	0.18268	0.11582	0.01896	0.01704	0.00754	0.00532	0.00200	0.00509	0.00557	0.00539	0.00813
27	0.01599	0.01535	0.02623	0.03966	0.73262	0.01535	0.01983	0.01983	0.01471	0.02111	0.01215	0.01599	0.01023	0.00576	0.00640	0.00192	0.00768	0.00576	0.00320	0.01023
28	0.00796	0.00644	0.00708	0.00718	0.00899	0.00555	0.00529	0.00981	0.01512	0.01899	0.19208	0.15219	0.50820	0.01625	0.00771	0.00221	0.00329	0.01387	0.00622	0.00555
29	0.02456	0.01810	0.01939	0.01487	0.02004	0.02004	0.01228	0.71107	0.03038	0.04072	0.01551	0.01551	0.01099	0.00776	0.00646	0.00194	0.00711	0.00582	0.00646	0.01099
30	0.10366	0.01403	0.01475	0.01249	0.01584	0.03604	0.01004	0.23283	0.18078	0.02835	0.07353	0.02529	0.11281	0.00975	0.00824	0.00214	0.09773	0.00731	0.00567	0.00871
31	0.07372	0.00724	0.00873	0.00875	0.01056	0.00674	0.00640	0.01353	0.01446	0.12229	0.14351	0.36848	0.15994	0.01563	0.00746	0.00232	0.00390	0.01366	0.00630	0.00637
32	0.00817	0.00578	0.00752	0.00867	0.00908	0.00545	0.00572	0.00928	0.01239	0.01663	0.08265	0.61961	0.04143	0.12139	0.01153	0.00307	0.00404	0.01668	0.00580	0.00513
33	0.01081	0.00710	0.00888	0.00856	0.01057	0.00640	0.00668	0.01333	0.01664	0.09251	0.35675	0.07952	0.23759	0.01445	0.00771	0.00222	0.00377	0.10344	0.00669	0.00635
34	0.05179	0.00720	0.00949	0.00926	0.01038	0.00789	0.00674	0.01225	0.01051	0.05204	0.01829	0.02994	0.01806	0.27968	0.43891	0.00818	0.01248	0.00753	0.00387	0.00550
35	0.00904	0.00673	0.00820	0.00814	0.00969	0.00626	0.00606	0.01193	0.03970	0.02206	0.39384	0.13640	0.20457	0.04211	0.00856	0.00233	0.00352	0.04737	0.02760	0.00590
36	0.28433	0.01323	0.01308	0.01148	0.01542	0.01497	0.00913	0.04653	0.39397	0.10191	0.02018	0.01914	0.01488	0.00774	0.00571	0.00210	0.00517	0.00592	0.00586	0.00925
37	0.12632	0.00837	0.00970	0.00872	0.01146	0.00786	0.00676	0.01681	0.01591	0.19525	0.23733	0.11378	0.19217	0.01238	0.00691	0.00211	0.00403	0.01042	0.00653	0.00717
38	0.01239	0.00853	0.00957	0.00899	0.01059	0.00888	0.00637	0.08763	0.10986	0.03518	0.09349	0.13737	0.03969	0.26621	0.01541	0.00347	0.00497	0.00975	0.12525	0.00639
39	0.40217	0.01425	0.01364	0.01131	0.01570	0.01596	0.00924	0.23001	0.11684	0.09107	0.01475	0.01486	0.01073	0.00708	0.00531	0.00201	0.00569	0.00498	0.00543	0.00898
40	0.04586	0.00712	0.00868	0.00929	0.01028	0.00715	0.00664	0.05068	0.01308	0.01801	0.03027	0.39105	0.05891	0.17025	0.04768	0.00368	0.00542	0.10505	0.00539	0.00552
41	0.00798	0.00577	0.00756	0.00879	0.00937	0.00534	0.00595	0.00932	0.01307	0.01746	0.10469	0.66232	0.07974	0.01936	0.00815	0.00254	0.00366	0.01748	0.00611	0.00534
42	0.30293	0.01094	0.01129	0.00981	0.01335	0.01140	0.00781	0.09082	0.03556	0.19087	0.04881	0.12590	0.07964	0.00990	0.00595	0.00209	0.00490	0.00784	0.02219	0.00799
43	0.00892	0.00615	0.00732	0.00779	0.00878	0.00575	0.00540	0.01056	0.01344	0.01858	0.14498	0.29073	0.15848	0.14241	0.01167	0.00292	0.00394	0.03261	0.11423	0.00532
44	0.01386	0.02279	0.31178	0.14078	0.03320	0.01550	0.32804	0.01993	0.01424	0.01993	0.01224	0.01590	0.00897	0.00588	0.00685	0.00212	0.01000	0.00620	0.00299	0.00880
45	0.01100	0.00569	0.00825	0.00825	0.00825	0.00569	0.00541	0.00854	0.00854	0.01138	0.01234	0.02240	0.01272	0.11379	0.02618	0.71394	0.00569	0.00607	0.00294	0.00294
46	0.00808	0.00577	0.00773	0.00923	0.00970	0.00543	0.00635	0.00935	0.01257	0.01672	0.03550	0.71242	0.04229	0.02005	0.00830	0.00265	0.00393	0.07263	0.00599	0.00530
47	0.01484	0.01735	0.10502	0.17653	0.16478	0.05688	0.22396	0.04293	0.01515	0.02015	0.01448	0.02199	0.01223	0.00721	0.00698	0.00215	0.00907	0.07628	0.00350	0.00850
48	0.02116	0.02200	0.01749	0.09128	0.02125	0.37978	0.01230	0.18100	0.01947	0.04567	0.01292	0.01531	0.01028	0.01258	0.10619	0.00297	0.01085	0.00516	0.00418	0.00815
49	0.09581	0.01242	0.01983	0.52673	0.18863	0.01458	0.01722	0.01748	0.01311	0.01878	0.01137	0.01627	0.00879	0.00626	0.00619	0.00209	0.00804	0.00552	0.00306	0.00781
50	0.62867	0.01618	0.03058	0.03889	0.01543	0.14157	0.00881	0.02012	0.01241	0.02600	0.00933	0.01104	0.00732	0.00613	0.00447	0.00195	0.00641	0.00373	0.00381	0.00716
51	0.00914	0.00629	0.00786	0.00816	0.00931	0.00581	0.00579	0.01023	0.01333	0.03404	0.14277	0.25140	0.23419	0.06266	0.04478	0.11226	0.00460	0.02664	0.00555	0.00520
52	0.00804	0.00641	0.00720	0.00732	0.00905	0.00558	0.00537	0.00994	0.01522	0.01935	0.22162	0.17147	0.45821	0.01622	0.00773	0.00222	0.00329	0.01392	0.00627	0.00558
53	0.01742	0.35379	0.02420	0.11290	0.02051	0.12774	0.01175	0.08956	0.06623	0.01996	0.08530	0.01686	0.01483	0.00706	0.00547	0.00171	0.00734	0.00522	0.00395	0.00820
54	0.01377	0.01277	0.01726	0.02281	0.33587	0.05377	0.01274	0.06773	0.01649	0.02167	0.10721	0.03349	0.23779	0.01005	0.00689	0.00200	0.00600	0.00875	0.00474	0.00821
55	0.09186	0.15626	0.05418	0.07171	0.10145	0.31176	0.03337	0.07216	0.01652	0.01970	0.01064	0.01275	0.00866	0.00631	0.00559	0.00176	0.00910	0.00452	0.00344	0.00826
56	0.07567	0.01297	0.01523	0.05199	0.05373	0.04140	0.01070	0.18899	0.04511	0.15425	0.01989	0.12198	0.01754	0.04551	0.03431	0.00264	0.06006	0.03392	0.00554	0.00857
57	0.01636	0.01698	0.07833	0.01688	0.09487	0.08707	0.04811	0.10245	0.30564	0.02460	0.02437	0.04932	0.08863	0.00890	0.00665	0.00208	0.00669	0.00749	0.00531	0.00925
58	0.04534	0.01672	0.09617	0.14402	0.07953	0.11191	0.11926	0.03670	0.04665	0.01998	0.07289	0.02316	0.08383	0.00992	0.03284	0.03417	0.00830	0.00696	0.00396	0.00770
59	0.22818	0.01117	0.01115	0.04157	0.01409	0.05318	0.00839	0.08728	0.01492	0.04351	0.04399	0.17228	0.09838	0.04119	0.00794	0.00241	0.02530	0.08312	0.00515	0.00680

[dist]
# distance from previous block
# <min> <max>
0	1

[block]
# block no. 2 follows, 34 sequences, length 6
# corresponding to MSA columns:
# 239-244
name=unknown_C
#
# <colnr> <probs for GDERKNQSTAVLIFYWHMCP>
#	G	D	E	R	K	N	Q	S	T	A	V	L	I	F	Y	W	H	M	C	P
0	0.01283	0.01111	0.01692	0.14711	0.17924	0.01174	0.05306	0.06538	0.07257	0.02008	0.02163	0.26124	0.02216	0.06450	0.00895	0.00253	0.00641	0.01031	0.00461	0.00762
1	0.10393	0.05713	0.05169	0.01273	0.01689	0.01439	0.06465	0.26210	0.01930	0.07728	0.02218	0.07518	0.09340	0.08967	0.00918	0.00247	0.00643	0.00768	0.00531	0.00841
2	0.24202	0.05439	0.01641	0.14103	0.11223	0.01437	0.03376	0.02065	0.15104	0.02354	0.07485	0.05811	0.01671	0.00789	0.00588	0.00206	0.00604	0.00650	0.00448	0.00803
3	0.01104	0.00910	0.01293	0.06596	0.12673	0.00975	0.00989	0.01500	0.09272	0.01759	0.02518	0.09023	0.11616	0.06731	0.25974	0.04138	0.00960	0.00865	0.00429	0.00675
4	0.06981	0.00942	0.01156	0.10082	0.01633	0.00995	0.00906	0.05288	0.11240	0.06883	0.13397	0.15891	0.11498	0.01274	0.00721	0.00229	0.00500	0.09078	0.00587	0.00719
5	0.01195	0.01147	0.02047	0.06035	0.15394	0.01101	0.20938	0.01546	0.01522	0.02061	0.16798	0.11740	0.13571	0.01054	0.00740	0.00215	0.00657	0.01017	0.00475	0.00748

[dist]
# distance from previous block
# <min> <max>
0	8

[block]
# block no. 3 follows, 34 sequences, length 6
# corresponding to MSA columns:
# 253-258
name=unknown_D
#
# <colnr> <probs for GDERKNQSTAVLIFYWHMCP>
#	G	D	E	R	K	N	Q	S	T	A	V	L	I	F	Y	W	H	M	C	P
0	0.01539	0.06740	0.09587	0.12071	0.09007	0.06722	0.06236	0.10012	0.06377	0.02059	0.01766	0.02035	0.07700	0.00942	0.00935	0.08348	0.06103	0.00634	0.00390	0.00798
1	0.09568	0.00923	0.00902	0.00891	0.01070	0.07543	0.00657	0.01295	0.01554	0.02170	0.31440	0.21462	0.15358	0.01402	0.00722	0.00216	0.00426	0.01203	0.00599	0.00602
2	0.01599	0.27141	0.01922	0.01085	0.01443	0.09252	0.00912	0.08668	0.01620	0.07019	0.06502	0.15453	0.12799	0.01071	0.00617	0.00189	0.00601	0.00861	0.00487	0.00758
3	0.07180	0.01124	0.01675	0.06347	0.12624	0.01173	0.08085	0.06651	0.01476	0.09693	0.03995	0.16875	0.01956	0.04263	0.04979	0.00279	0.04963	0.00876	0.05011	0.00777
4	0.01594	0.01587	0.01884	0.14100	0.12673	0.15995	0.07732	0.10068	0.01616	0.01998	0.01742	0.06302	0.05295	0.06021	0.08274	0.00311	0.00927	0.00711	0.00395	0.00774
5	0.10724	0.01542	0.01415	0.04998	0.06424	0.17392	0.00993	0.02291	0.17186	0.09224	0.02034	0.02407	0.05708	0.13700	0.01060	0.00270	0.00701	0.00665	0.00482	0.00784

[dist]
# distance from previous block
# <min> <max>
0	6

[block]
# block no. 4 follows, 34 sequences, length 23
# corresponding to MSA columns:
# 265-287
name=unknown_E
#
# <colnr> <probs for GDERKNQSTAVLIFYWHMCP>
#	G	D	E	R	K	N	Q	S	T	A	V	L	I	F	Y	W	H	M	C	P
0	0.01231	0.01132	0.01203	0.07192	0.04943	0.11050	0.00914	0.01620	0.11246	0.01809	0.05213	0.32908	0.05434	0.01604	0.04393	0.05163	0.00633	0.01150	0.00505	0.00656
1	0.11704	0.01030	0.00968	0.00906	0.01141	0.07108	0.00685	0.07462	0.01631	0.02256	0.19690	0.12654	0.25361	0.03647	0.00775	0.00224	0.00465	0.01079	0.00574	0.00639
2	0.01460	0.01381	0.10502	0.01194	0.01493	0.05037	0.01010	0.04602	0.22881	0.05540	0.01934	0.08587	0.01697	0.05926	0.01343	0.22872	0.00621	0.00733	0.00471	0.00717
3	0.01643	0.22152	0.32659	0.06061	0.02379	0.11068	0.01732	0.07563	0.01519	0.01964	0.01086	0.01294	0.00850	0.00647	0.00644	0.00187	0.04905	0.00455	0.00313	0.00880
4	0.01386	0.01233	0.01554	0.13820	0.16415	0.09967	0.01217	0.01664	0.01453	0.06168	0.07834	0.11870	0.07058	0.01541	0.10380	0.00320	0.00819	0.04114	0.00447	0.00738
5	0.06426	0.05661	0.01482	0.03744	0.01655	0.20762	0.00951	0.01859	0.03469	0.01953	0.05104	0.08649	0.01696	0.00839	0.00587	0.00167	0.00681	0.05988	0.00422	0.27906
6	0.11914	0.01011	0.01121	0.01028	0.01259	0.01081	0.00785	0.19622	0.01704	0.02512	0.07802	0.20520	0.02487	0.07013	0.04679	0.05186	0.00578	0.04213	0.04794	0.00691
7	0.00940	0.00626	0.00705	0.00705	0.00705	0.00626	0.00392	0.00940	0.00940	0.01253	0.02036	0.04228	0.02349	0.77292	0.03289	0.00626	0.00626	0.00940	0.00392	0.00392
8	0.01683	0.01720	0.02457	0.09389	0.57782	0.11764	0.01865	0.02040	0.01507	0.02000	0.01180	0.01548	0.00984	0.00594	0.00632	0.00190	0.00831	0.00553	0.00319	0.00961
9	0.07843	0.00720	0.00841	0.00823	0.01013	0.00671	0.00611	0.01280	0.01536	0.07867	0.27510	0.21858	0.22113	0.01468	0.00738	0.00221	0.00363	0.01268	0.00637	0.00620
10	0.02052	0.01533	0.01667	0.01287	0.01747	0.01613	0.01033	0.49100	0.02450	0.03340	0.01540	0.01862	0.01236	0.10730	0.00961	0.00232	0.00657	0.00592	0.00564	0.15804
11	0.00940	0.00626	0.00705	0.00705	0.00705	0.00626	0.00392	0.00940	0.00940	0.01253	0.02036	0.04228	0.02349	0.77292	0.03289	0.00626	0.00626	0.00940	0.00392	0.00392
12	0.00903	0.00692	0.00843	0.00933	0.01044	0.00680	0.00661	0.01256	0.10552	0.01815	0.03862	0.53616	0.13840	0.01807	0.00797	0.00252	0.00396	0.04846	0.00607	0.00596
13	0.07610	0.00909	0.01029	0.01037	0.01223	0.00962	0.00763	0.08599	0.14881	0.02207	0.03047	0.44722	0.05141	0.01547	0.00741	0.00242	0.00451	0.03595	0.00599	0.00695
14	0.01839	0.01382	0.01497	0.01275	0.01662	0.01539	0.01011	0.19899	0.41648	0.07987	0.07249	0.02352	0.02003	0.00871	0.00651	0.00207	0.00538	0.00712	0.04680	0.00997
15	0.01124	0.00780	0.00886	0.00850	0.00929	0.00801	0.00546	0.10750	0.01287	0.01719	0.02245	0.17039	0.02523	0.52925	0.02472	0.00500	0.00593	0.01052	0.00465	0.00515
16	0.01133	0.00696	0.00874	0.00841	0.01021	0.00625	0.00618	0.01339	0.01571	0.12073	0.29225	0.21411	0.18744	0.05737	0.00903	0.00243	0.00378	0.01279	0.00657	0.00633
17	0.00817	0.00600	0.00773	0.00899	0.00979	0.00557	0.00640	0.00961	0.01307	0.01702	0.04010	0.56748	0.14947	0.01932	0.00824	0.00260	0.00396	0.10511	0.00599	0.00537
18	0.02306	0.01307	0.01538	0.01260	0.01706	0.01353	0.01014	0.11652	0.31244	0.35552	0.02460	0.02207	0.01693	0.00829	0.00653	0.00207	0.00554	0.00675	0.00722	0.01068
19	0.02001	0.01047	0.01365	0.01139	0.01485	0.01050	0.00919	0.13822	0.01788	0.31965	0.08799	0.02448	0.01947	0.02146	0.24471	0.00469	0.00933	0.00701	0.00620	0.00885
20	0.01114	0.00684	0.00921	0.00921	0.01049	0.00669	0.00678	0.01265	0.01316	0.09201	0.13592	0.20608	0.06582	0.10878	0.16024	0.06923	0.00710	0.05747	0.00538	0.00579
21	0.02205	0.02745	0.01720	0.01577	0.01879	0.64360	0.01187	0.02381	0.01720	0.01570	0.01101	0.01357	0.00942	0.01251	0.10957	0.00288	0.01244	0.00455	0.00335	0.00725
22	0.01373	0.00892	0.01026	0.00900	0.01168	0.00857	0.00696	0.10791	0.04410	0.11753	0.23630	0.04255	0.25621	0.04886	0.00835	0.00225	0.00421	0.01030	0.04509	0.00723

[dist]
# distance from previous block
# <min> <max>
0	2

# created by:
# /home/berkeley/.conda/envs/busco_data_prod/bin/msa2prfl.pl pipeline/OGs_align_augustus/4893/30987.fs
