[name]
unknown

[dist]
# distance from previous block
# <min> <max>
17	38

[block]
# block no. 0 follows, 34 sequences, length 108
# corresponding to MSA columns:
# 40-147
name=unknown_A
#
# <colnr> <probs for GDERKNQSTAVLIFYWHMCP>
#	G	D	E	R	K	N	Q	S	T	A	V	L	I	F	Y	W	H	M	C	P
0	0.06134	0.01114	0.01771	0.59063	0.03762	0.01345	0.01580	0.01751	0.01307	0.07747	0.01297	0.01788	0.00974	0.00992	0.06557	0.00279	0.00883	0.00577	0.00341	0.00737
1	0.01570	0.00911	0.01045	0.00948	0.01202	0.00948	0.00731	0.04849	0.17601	0.14002	0.02320	0.07932	0.01868	0.01195	0.05078	0.03844	0.00508	0.00735	0.31938	0.00777
2	0.01188	0.00810	0.01138	0.01075	0.01252	0.00907	0.00845	0.06895	0.01282	0.06962	0.04030	0.02507	0.01715	0.04116	0.61106	0.00884	0.01519	0.00695	0.00415	0.00657
3	0.02758	0.01246	0.01632	0.01347	0.05221	0.01163	0.01049	0.15026	0.02040	0.57972	0.02309	0.02056	0.01483	0.00785	0.00649	0.00198	0.00589	0.00634	0.00749	0.01096
4	0.02470	0.01788	0.01926	0.01476	0.01993	0.01972	0.01220	0.69039	0.03002	0.06191	0.01582	0.01571	0.01114	0.00776	0.00646	0.00194	0.00706	0.00584	0.00651	0.01099
5	0.00924	0.00690	0.01027	0.01027	0.01138	0.00801	0.00793	0.01146	0.01035	0.01491	0.01741	0.02597	0.01641	0.07353	0.72260	0.01024	0.01692	0.00701	0.00348	0.00570
6	0.01340	0.01148	0.01340	0.00957	0.01531	0.00861	0.00766	0.01627	0.01340	0.02105	0.01148	0.01340	0.00957	0.00479	0.00479	0.00096	0.00479	0.00383	0.00383	0.81242
7	0.01798	0.01443	0.09030	0.01151	0.01743	0.01077	0.01027	0.09915	0.01646	0.17734	0.01497	0.01551	0.01097	0.00596	0.00549	0.00141	0.00570	0.00473	0.00491	0.46473
8	0.01352	0.01324	0.01862	0.01614	0.01629	0.01833	0.01338	0.01505	0.00996	0.01548	0.00958	0.01554	0.00944	0.01594	0.11181	0.00377	0.66829	0.00581	0.00291	0.00691
9	0.01635	0.01375	0.01460	0.01303	0.01661	0.01577	0.01017	0.08842	0.61654	0.02739	0.02544	0.02557	0.01968	0.03662	0.00759	0.00234	0.00535	0.02838	0.00645	0.00993
10	0.00828	0.00655	0.00745	0.00727	0.00913	0.00572	0.00543	0.01049	0.01617	0.02098	0.34339	0.07351	0.43242	0.01513	0.00764	0.00213	0.00319	0.01293	0.00647	0.00572
11	0.00774	0.00655	0.00668	0.00665	0.00879	0.00550	0.00499	0.00947	0.01496	0.01802	0.10968	0.06126	0.68542	0.01615	0.00764	0.00217	0.00326	0.01351	0.00607	0.00550
12	0.59635	0.08748	0.01341	0.01025	0.01426	0.15121	0.00839	0.02029	0.01255	0.02526	0.00918	0.01070	0.00736	0.00608	0.00435	0.00188	0.00641	0.00362	0.00376	0.00721
13	0.01041	0.00744	0.01041	0.01190	0.01339	0.00744	0.01041	0.01339	0.01487	0.01934	0.03421	0.07288	0.03719	0.01785	0.00892	0.00297	0.00595	0.68913	0.00595	0.00595
14	0.01340	0.01148	0.01340	0.00957	0.01531	0.00861	0.00766	0.01627	0.01340	0.02105	0.01148	0.01340	0.00957	0.00479	0.00479	0.00096	0.00479	0.00383	0.00383	0.81242
15	0.02882	0.01127	0.01517	0.01163	0.01663	0.00991	0.00961	0.05815	0.01896	0.70977	0.02510	0.02174	0.01580	0.00799	0.00650	0.00200	0.00556	0.00647	0.00794	0.01100
16	0.00787	0.00562	0.00750	0.00900	0.00937	0.00525	0.00600	0.00900	0.01237	0.01649	0.03561	0.76871	0.04274	0.02024	0.00825	0.00262	0.00375	0.01837	0.00600	0.00525
17	0.02456	0.01810	0.01939	0.01487	0.02004	0.02004	0.01228	0.71107	0.03038	0.04072	0.01551	0.01551	0.01099	0.00776	0.00646	0.00194	0.00711	0.00582	0.00646	0.01099
18	0.01340	0.01148	0.01340	0.00957	0.01531	0.00861	0.00766	0.01627	0.01340	0.02105	0.01148	0.01340	0.00957	0.00479	0.00479	0.00096	0.00479	0.00383	0.00383	0.81242
19	0.01607	0.01388	0.01461	0.01315	0.01680	0.01607	0.01023	0.03433	0.72094	0.02703	0.02630	0.02411	0.01972	0.00877	0.00657	0.00219	0.00511	0.00731	0.00657	0.01023
20	0.01041	0.00744	0.01041	0.01190	0.01339	0.00744	0.01041	0.01339	0.01487	0.01934	0.03421	0.07288	0.03719	0.01785	0.00892	0.00297	0.00595	0.68913	0.00595	0.00595
21	0.01748	0.01360	0.01474	0.01286	0.01659	0.01527	0.01010	0.13093	0.50893	0.07540	0.06413	0.05100	0.02133	0.00923	0.00667	0.00215	0.00527	0.00768	0.00666	0.00998
22	0.01546	0.01837	0.08901	0.02545	0.04930	0.01667	0.54939	0.05408	0.01543	0.02126	0.01269	0.01675	0.00964	0.00609	0.00851	0.00220	0.07044	0.00711	0.00335	0.00880
23	0.81856	0.01250	0.00950	0.00850	0.01250	0.01449	0.00700	0.01899	0.01100	0.02899	0.00900	0.01050	0.00700	0.00600	0.00400	0.00200	0.00500	0.00350	0.00400	0.00700
24	0.05211	0.02842	0.01815	0.01612	0.01972	0.62200	0.01226	0.11912	0.01970	0.01968	0.01071	0.01214	0.00864	0.00679	0.00585	0.00171	0.01080	0.00436	0.00378	0.00795
25	0.00789	0.00573	0.00745	0.00877	0.00933	0.00529	0.00591	0.00911	0.01273	0.01683	0.05667	0.69025	0.10079	0.01973	0.00818	0.00257	0.00369	0.01779	0.00603	0.00529
26	0.02653	0.01145	0.01488	0.01170	0.01641	0.01056	0.00956	0.05932	0.10034	0.59798	0.05278	0.02300	0.01798	0.00828	0.00655	0.00202	0.00542	0.00677	0.00773	0.01071
27	0.01647	0.01288	0.04007	0.01223	0.01572	0.06799	0.06256	0.13605	0.01991	0.13272	0.35292	0.03263	0.04973	0.01022	0.00706	0.00200	0.00561	0.00881	0.00637	0.00808
28	0.01122	0.00561	0.00842	0.00842	0.00842	0.00561	0.00561	0.00842	0.00842	0.01122	0.01122	0.01964	0.01122	0.02245	0.02525	0.81201	0.00561	0.00561	0.00281	0.00281
29	0.02067	0.01531	0.01661	0.01349	0.01779	0.01686	0.01087	0.42977	0.19916	0.06381	0.05541	0.05972	0.03259	0.00911	0.00667	0.00205	0.00609	0.00732	0.00655	0.01015
30	0.01599	0.01535	0.02623	0.03966	0.73262	0.01535	0.01983	0.01983	0.01471	0.02111	0.01215	0.01599	0.01023	0.00576	0.00640	0.00192	0.00768	0.00576	0.00320	0.01023
31	0.01751	0.01857	0.02583	0.03397	0.52627	0.15830	0.08468	0.02108	0.01547	0.02004	0.01182	0.01528	0.00982	0.00590	0.00640	0.00189	0.00876	0.00563	0.00323	0.00955
32	0.01117	0.02114	0.40466	0.01366	0.01955	0.01091	0.01570	0.01659	0.01567	0.02272	0.32181	0.02989	0.05097	0.00947	0.00682	0.00204	0.00658	0.00799	0.00471	0.00795
33	0.81856	0.01250	0.00950	0.00850	0.01250	0.01449	0.00700	0.01899	0.01100	0.02899	0.00900	0.01050	0.00700	0.00600	0.00400	0.00200	0.00500	0.00350	0.00400	0.00700
34	0.01695	0.72062	0.08719	0.01161	0.01744	0.02477	0.01202	0.01943	0.01317	0.01560	0.00918	0.01061	0.00828	0.00557	0.00430	0.00143	0.00711	0.00355	0.00276	0.00839
35	0.01785	0.01689	0.05190	0.05231	0.19798	0.01616	0.32605	0.14232	0.01787	0.07473	0.01405	0.01694	0.01046	0.00616	0.00696	0.00206	0.00895	0.00662	0.00412	0.00961
36	0.00787	0.00562	0.00750	0.00900	0.00937	0.00525	0.00600	0.00900	0.01237	0.01649	0.03561	0.76871	0.04274	0.02024	0.00825	0.00262	0.00375	0.01837	0.00600	0.00525
37	0.02441	0.01777	0.14345	0.01406	0.01992	0.01469	0.01313	0.30250	0.02242	0.33209	0.01905	0.01793	0.01262	0.00758	0.00642	0.00198	0.00685	0.00592	0.00646	0.01074
38	0.01345	0.01091	0.01291	0.00947	0.01470	0.00836	0.00754	0.01633	0.01414	0.04664	0.09440	0.01770	0.01570	0.00586	0.00517	0.00112	0.00461	0.00482	0.00435	0.69181
39	0.81856	0.01250	0.00950	0.00850	0.01250	0.01449	0.00700	0.01899	0.01100	0.02899	0.00900	0.01050	0.00700	0.00600	0.00400	0.00200	0.00500	0.00350	0.00400	0.00700
40	0.01476	0.33434	0.32612	0.01449	0.02130	0.01839	0.05576	0.01940	0.01351	0.01873	0.01169	0.01371	0.00928	0.00601	0.00522	0.00172	0.00780	0.00454	0.09466	0.00858
41	0.01018	0.00683	0.00897	0.00830	0.01001	0.00627	0.00627	0.01320	0.01830	0.06296	0.69255	0.04690	0.05862	0.01294	0.00756	0.00203	0.00318	0.01141	0.00716	0.00635
42	0.00775	0.00612	0.00699	0.00768	0.00902	0.00536	0.00541	0.00915	0.01364	0.01701	0.05168	0.38838	0.41269	0.01815	0.00792	0.00239	0.00349	0.01582	0.00600	0.00536
43	0.02899	0.01100	0.01499	0.01150	0.01649	0.00950	0.00950	0.03149	0.01849	0.73709	0.02549	0.02199	0.01599	0.00800	0.00650	0.00200	0.00550	0.00650	0.00800	0.01100
44	0.01296	0.03342	0.73944	0.01842	0.02797	0.01501	0.02387	0.02046	0.01364	0.02046	0.01160	0.01364	0.00818	0.00614	0.00614	0.00205	0.00955	0.00477	0.00273	0.00955
45	0.00827	0.00653	0.00745	0.00730	0.00914	0.00571	0.00545	0.01048	0.01612	0.02094	0.34102	0.08410	0.42409	0.01520	0.00765	0.00214	0.00320	0.01301	0.00646	0.00571
46	0.01296	0.03342	0.73944	0.01842	0.02797	0.01501	0.02387	0.02046	0.01364	0.02046	0.01160	0.01364	0.00818	0.00614	0.00614	0.00205	0.00955	0.00477	0.00273	0.00955
47	0.01607	0.01388	0.01461	0.01315	0.01680	0.01607	0.01023	0.03433	0.72094	0.02703	0.02630	0.02411	0.01972	0.00877	0.00657	0.00219	0.00511	0.00731	0.00657	0.01023
48	0.01727	0.77681	0.03386	0.01106	0.01658	0.02557	0.01106	0.01935	0.01313	0.01520	0.00898	0.01036	0.00829	0.00553	0.00415	0.00138	0.00691	0.00345	0.00276	0.00829
49	0.01599	0.01535	0.02623	0.03966	0.73262	0.01535	0.01983	0.01983	0.01471	0.02111	0.01215	0.01599	0.01023	0.00576	0.00640	0.00192	0.00768	0.00576	0.00320	0.01023
50	0.02899	0.01100	0.01499	0.01150	0.01649	0.00950	0.00950	0.03149	0.01849	0.73709	0.02549	0.02199	0.01599	0.00800	0.00650	0.00200	0.00550	0.00650	0.00800	0.01100
51	0.01507	0.01628	0.03268	0.02390	0.02969	0.01576	0.55638	0.02252	0.13268	0.02202	0.05258	0.02015	0.01412	0.00640	0.00745	0.00217	0.00952	0.00778	0.00402	0.00883
52	0.01029	0.00740	0.01024	0.01166	0.01318	0.00735	0.01017	0.01320	0.01487	0.01925	0.03560	0.07241	0.06801	0.01778	0.00887	0.00294	0.00583	0.65907	0.00595	0.00593
53	0.01645	0.63421	0.16921	0.01247	0.01877	0.02354	0.01351	0.01956	0.01323	0.01621	0.00948	0.01099	0.00827	0.00565	0.00453	0.00151	0.00742	0.00371	0.00276	0.00853
54	0.00940	0.00626	0.00705	0.00705	0.00705	0.00626	0.00392	0.00940	0.00940	0.01253	0.02036	0.04228	0.02349	0.77292	0.03289	0.00626	0.00626	0.00940	0.00392	0.00392
55	0.01296	0.03342	0.73944	0.01842	0.02797	0.01501	0.02387	0.02046	0.01364	0.02046	0.01160	0.01364	0.00818	0.00614	0.00614	0.00205	0.00955	0.00477	0.00273	0.00955
56	0.00939	0.00629	0.00719	0.00719	0.00723	0.00634	0.00409	0.00949	0.00944	0.01263	0.02023	0.04158	0.02319	0.74280	0.06260	0.00644	0.00672	0.00929	0.00390	0.00399
57	0.01525	0.01743	0.03813	0.02723	0.03377	0.01634	0.70915	0.02070	0.01525	0.02070	0.01307	0.01743	0.00980	0.00545	0.00763	0.00218	0.01089	0.00763	0.00327	0.00871
58	0.01482	0.35334	0.43580	0.01525	0.02307	0.01955	0.01836	0.01998	0.01342	0.01820	0.01047	0.01223	0.00823	0.00588	0.00528	0.00176	0.00841	0.00421	0.00274	0.00901
59	0.01543	0.45900	0.33550	0.01420	0.02145	0.02105	0.01654	0.01982	0.01335	0.01745	0.01010	0.01177	0.00825	0.00579	0.00500	0.00167	0.00804	0.00402	0.00275	0.00883
60	0.75813	0.01238	0.00992	0.00873	0.01280	0.01411	0.00719	0.01995	0.01157	0.08318	0.01026	0.01138	0.00769	0.00615	0.00419	0.00200	0.00504	0.00373	0.00430	0.00730
61	0.00926	0.00680	0.00978	0.00978	0.01073	0.00775	0.00733	0.01115	0.01021	0.01455	0.01786	0.02843	0.01748	0.17925	0.61834	0.00964	0.01531	0.00737	0.00354	0.00543
62	0.00787	0.00562	0.00750	0.00900	0.00937	0.00525	0.00600	0.00900	0.01237	0.01649	0.03561	0.76871	0.04274	0.02024	0.00825	0.00262	0.00375	0.01837	0.00600	0.00525
63	0.02899	0.01100	0.01499	0.01150	0.01649	0.00950	0.00950	0.03149	0.01849	0.73709	0.02549	0.02199	0.01599	0.00800	0.00650	0.00200	0.00550	0.00650	0.00800	0.01100
64	0.01593	0.01553	0.02724	0.03860	0.67308	0.01544	0.07855	0.01990	0.01476	0.02107	0.01223	0.01611	0.01020	0.00573	0.00650	0.00194	0.00795	0.00592	0.00320	0.01011
65	0.00850	0.00726	0.00739	0.00729	0.00957	0.00653	0.00548	0.01181	0.08639	0.01840	0.06058	0.07962	0.63713	0.01571	0.00755	0.00220	0.00347	0.01314	0.00606	0.00593
66	0.00794	0.00565	0.00748	0.00891	0.00927	0.00529	0.00591	0.00901	0.01224	0.01632	0.03493	0.73638	0.04188	0.05373	0.00934	0.00279	0.00386	0.01797	0.00591	0.00519
67	0.00908	0.00660	0.00855	0.00806	0.00961	0.00607	0.00605	0.01207	0.01814	0.02556	0.70161	0.04884	0.08879	0.01334	0.00762	0.00204	0.00306	0.01177	0.00707	0.00607
68	0.01414	0.01401	0.06478	0.01064	0.01653	0.03941	0.00913	0.03790	0.01413	0.02139	0.01155	0.01341	0.00947	0.00505	0.00497	0.00109	0.00547	0.00397	0.00381	0.69915
69	0.08713	0.04604	0.45775	0.01625	0.02396	0.05009	0.04658	0.02195	0.01437	0.12247	0.01324	0.01451	0.00932	0.00631	0.00593	0.00196	0.00845	0.00492	0.00369	0.04509
70	0.81856	0.01250	0.00950	0.00850	0.01250	0.01449	0.00700	0.01899	0.01100	0.02899	0.00900	0.01050	0.00700	0.00600	0.00400	0.00200	0.00500	0.00350	0.00400	0.00700
71	0.01831	0.01368	0.01490	0.01300	0.01692	0.01534	0.01022	0.06709	0.58780	0.12808	0.02566	0.02339	0.01877	0.00861	0.00656	0.00215	0.00527	0.00712	0.00677	0.01037
72	0.01642	0.01616	0.02581	0.03846	0.69549	0.05347	0.01945	0.02014	0.01490	0.02083	0.01204	0.01577	0.01014	0.00580	0.00637	0.00191	0.00788	0.00567	0.00321	0.01009
73	0.01763	0.73795	0.03305	0.01135	0.01676	0.06315	0.01113	0.01968	0.01340	0.01523	0.00904	0.01043	0.00829	0.00559	0.00423	0.00140	0.00716	0.00349	0.00279	0.00825
74	0.00802	0.00645	0.00715	0.00720	0.00902	0.00558	0.00531	0.00993	0.01530	0.01934	0.21833	0.13944	0.49414	0.01606	0.00770	0.00220	0.00327	0.01372	0.00626	0.00558
75	0.01403	0.01178	0.01474	0.01056	0.01631	0.00905	0.04426	0.01703	0.01367	0.04581	0.01205	0.01391	0.00980	0.00493	0.00499	0.00106	0.00513	0.00412	0.00394	0.74282
76	0.00909	0.00660	0.00855	0.00807	0.00962	0.00607	0.00605	0.01208	0.01815	0.02558	0.70316	0.04881	0.08722	0.01333	0.00762	0.00204	0.00306	0.01176	0.00707	0.00607
77	0.26152	0.02489	0.01571	0.01415	0.01774	0.50297	0.01084	0.04748	0.01654	0.02061	0.00988	0.01144	0.00802	0.00650	0.00530	0.00177	0.00951	0.00402	0.00364	0.00746
78	0.01577	0.01512	0.02582	0.08259	0.69146	0.01529	0.01972	0.01963	0.01461	0.02083	0.01211	0.01607	0.01014	0.00580	0.00640	0.00193	0.00773	0.00576	0.00318	0.01005
79	0.01340	0.01148	0.01340	0.00957	0.01531	0.00861	0.00766	0.01627	0.01340	0.02105	0.01148	0.01340	0.00957	0.00479	0.00479	0.00096	0.00479	0.00383	0.00383	0.81242
80	0.00765	0.00648	0.00661	0.00672	0.00877	0.00544	0.00499	0.00925	0.01456	0.01739	0.06333	0.11258	0.68097	0.01664	0.00768	0.00221	0.00331	0.01397	0.00600	0.00544
81	0.12941	0.01119	0.01430	0.01111	0.01599	0.01013	0.00918	0.02990	0.01754	0.64703	0.02339	0.02053	0.01485	0.00774	0.00618	0.00200	0.00543	0.00612	0.00749	0.01049
82	0.00893	0.00660	0.00834	0.00790	0.00952	0.00601	0.00593	0.01178	0.01778	0.02471	0.63513	0.05024	0.15579	0.01366	0.00762	0.00205	0.00308	0.01196	0.00696	0.00601
83	0.00976	0.00742	0.01054	0.01043	0.01172	0.00860	0.00804	0.01318	0.06472	0.01580	0.01814	0.02611	0.01679	0.08092	0.65562	0.00956	0.01583	0.00707	0.00372	0.00602
84	0.00914	0.00660	0.00864	0.00813	0.00965	0.00610	0.00610	0.01219	0.01829	0.02591	0.72921	0.04827	0.06097	0.01321	0.00762	0.00203	0.00305	0.01169	0.00711	0.00610
85	0.01296	0.03342	0.73944	0.01842	0.02797	0.01501	0.02387	0.02046	0.01364	0.02046	0.01160	0.01364	0.00818	0.00614	0.00614	0.00205	0.00955	0.00477	0.00273	0.00955
86	0.01596	0.44033	0.31193	0.01428	0.02128	0.06257	0.01620	0.02016	0.01363	0.01732	0.01007	0.01173	0.00825	0.00583	0.00503	0.00166	0.00822	0.00402	0.00278	0.00874
87	0.04584	0.02373	0.40093	0.01963	0.12992	0.01362	0.03434	0.02322	0.01502	0.20933	0.01528	0.01616	0.01054	0.00655	0.00623	0.00202	0.00807	0.00539	0.00424	0.00992
88	0.19040	0.12794	0.01825	0.01331	0.05172	0.10093	0.01050	0.13230	0.01779	0.25423	0.01558	0.01536	0.01102	0.00691	0.00554	0.00186	0.00668	0.00501	0.00537	0.00931
89	0.01727	0.77681	0.03386	0.01106	0.01658	0.02557	0.01106	0.01935	0.01313	0.01520	0.00898	0.01036	0.00829	0.00553	0.00415	0.00138	0.00691	0.00345	0.00276	0.00829
90	0.00914	0.00660	0.00864	0.00813	0.00965	0.00610	0.00610	0.01219	0.01829	0.02591	0.72921	0.04827	0.06097	0.01321	0.00762	0.00203	0.00305	0.01169	0.00711	0.00610
91	0.06105	0.08108	0.01712	0.01157	0.01683	0.01161	0.03757	0.04912	0.01660	0.39705	0.01869	0.01773	0.01276	0.00673	0.00576	0.00168	0.00569	0.00540	0.00600	0.21999
92	0.02899	0.01100	0.01499	0.01150	0.01649	0.00950	0.00950	0.03149	0.01849	0.73709	0.02549	0.02199	0.01599	0.00800	0.00650	0.00200	0.00550	0.00650	0.00800	0.01100
93	0.00940	0.00626	0.00705	0.00705	0.00705	0.00626	0.00392	0.00940	0.00940	0.01253	0.02036	0.04228	0.02349	0.77292	0.03289	0.00626	0.00626	0.00940	0.00392	0.00392
94	0.01812	0.01479	0.02440	0.03488	0.60879	0.01462	0.01812	0.04006	0.01569	0.12635	0.01419	0.01686	0.01110	0.00614	0.00641	0.00193	0.00734	0.00587	0.00399	0.01037
95	0.01776	0.72360	0.03275	0.01145	0.01683	0.07703	0.01116	0.01981	0.01350	0.01525	0.00905	0.01046	0.00829	0.00561	0.00427	0.00140	0.00725	0.00351	0.00280	0.00823
96	0.00939	0.00628	0.00715	0.00715	0.00719	0.00632	0.00404	0.00946	0.00943	0.01261	0.02026	0.04176	0.02326	0.75038	0.05512	0.00639	0.00661	0.00932	0.00390	0.00397
97	0.01615	0.01560	0.04429	0.02912	0.42666	0.01576	0.04728	0.04562	0.24401	0.02359	0.01686	0.01860	0.01325	0.00679	0.00650	0.00202	0.00703	0.00631	0.00438	0.01017
98	0.01211	0.00752	0.00952	0.00875	0.01106	0.00658	0.00658	0.01442	0.01600	0.13173	0.29898	0.20501	0.14206	0.01363	0.00732	0.00208	0.00378	0.01191	0.00652	0.08445
99	0.01573	0.05013	0.50412	0.01766	0.06673	0.01398	0.01969	0.02170	0.01440	0.12843	0.01363	0.01492	0.00961	0.00626	0.00603	0.00192	0.00834	0.00497	0.00365	0.07812
100	0.01647	0.51101	0.23627	0.01396	0.03905	0.02160	0.01492	0.02018	0.01354	0.04621	0.01049	0.01193	0.00863	0.00581	0.00488	0.00161	0.00763	0.00402	0.00298	0.00882
101	0.02368	0.04919	0.01753	0.01303	0.01782	0.04533	0.01073	0.37283	0.03887	0.23144	0.04248	0.02037	0.04909	0.00821	0.00639	0.00191	0.00642	0.00638	0.00653	0.03176
102	0.25634	0.05934	0.09677	0.01366	0.05966	0.01508	0.01151	0.13428	0.08176	0.17128	0.03112	0.01637	0.01220	0.00707	0.00561	0.00197	0.00619	0.00528	0.00525	0.00928
103	0.07409	0.08195	0.05508	0.01302	0.03551	0.01467	0.01094	0.21490	0.05326	0.23079	0.01771	0.04049	0.01300	0.00745	0.00594	0.00183	0.00614	0.00581	0.00579	0.11162
104	0.17047	0.09195	0.07907	0.01595	0.11806	0.01515	0.01224	0.12043	0.05502	0.21694	0.01599	0.01611	0.01141	0.00683	0.00571	0.00191	0.00638	0.00526	0.00521	0.02991
105	0.05957	0.01569	0.08843	0.01618	0.07512	0.01381	0.07592	0.14098	0.10733	0.22085	0.03261	0.01862	0.01371	0.00716	0.00630	0.00193	0.00663	0.00606	0.00563	0.08747
106	0.02059	0.01686	0.13251	0.01793	0.14055	0.01375	0.01390	0.14308	0.08980	0.23770	0.01797	0.01788	0.01264	0.00703	0.00625	0.00190	0.00668	0.00579	0.00552	0.09166
107	0.04724	0.03084	0.03553	0.01387	0.05092	0.03562	0.03233	0.12382	0.10316	0.29305	0.01900	0.01825	0.01326	0.00711	0.00607	0.00181	0.00614	0.00576	0.00599	0.15023

[dist]
# distance from previous block
# <min> <max>
16	36

[block]
# block no. 1 follows, 34 sequences, length 65
# corresponding to MSA columns:
# 184-248
name=unknown_B
#
# <colnr> <probs for GDERKNQSTAVLIFYWHMCP>
#	G	D	E	R	K	N	Q	S	T	A	V	L	I	F	Y	W	H	M	C	P
0	0.02022	0.01609	0.07541	0.02066	0.21601	0.01482	0.01408	0.19891	0.09232	0.16570	0.01695	0.01745	0.01230	0.00695	0.00628	0.00189	0.00672	0.00582	0.00533	0.08609
1	0.01859	0.01490	0.07636	0.01943	0.17770	0.01304	0.06275	0.05083	0.14120	0.19816	0.01982	0.02004	0.03780	0.00716	0.00635	0.00190	0.00651	0.00629	0.00524	0.11591
2	0.01921	0.01446	0.01847	0.01775	0.13947	0.03954	0.05056	0.14102	0.14825	0.14754	0.04279	0.01903	0.01468	0.00714	0.00626	0.00182	0.00637	0.00609	0.00545	0.15408
3	0.03515	0.01719	0.13690	0.05117	0.19577	0.01423	0.05885	0.11579	0.05855	0.17525	0.03318	0.01798	0.01280	0.00689	0.00639	0.00196	0.00725	0.00598	0.00490	0.04383
4	0.05821	0.04374	0.03639	0.01713	0.12584	0.03017	0.04174	0.15220	0.10725	0.18791	0.01735	0.01766	0.01261	0.00794	0.02369	0.00206	0.00677	0.00577	0.00541	0.10016
5	0.05006	0.01624	0.03579	0.01807	0.14013	0.06660	0.02779	0.24668	0.07770	0.16618	0.04394	0.01824	0.01395	0.00739	0.00632	0.00192	0.00687	0.00601	0.00566	0.04445
6	0.06167	0.04462	0.04002	0.04654	0.16362	0.01609	0.06522	0.26046	0.03537	0.11484	0.01493	0.01610	0.01096	0.00672	0.00618	0.00188	0.00708	0.00565	0.00504	0.07703
7	0.07338	0.06660	0.02041	0.01876	0.15499	0.03079	0.06203	0.19532	0.13719	0.08942	0.05611	0.01876	0.01491	0.00735	0.00625	0.00194	0.00667	0.00618	0.00526	0.02768
8	0.05557	0.06260	0.07174	0.03325	0.07468	0.03437	0.04821	0.24556	0.18543	0.04468	0.03970	0.01807	0.01394	0.00741	0.00623	0.00195	0.00684	0.00602	0.00527	0.03849
9	0.06172	0.06401	0.01732	0.01267	0.01720	0.01392	0.04874	0.18900	0.09489	0.26284	0.06239	0.04792	0.04237	0.00856	0.00640	0.00198	0.00592	0.00703	0.00637	0.02874
10	0.07162	0.01482	0.05652	0.01420	0.05871	0.01413	0.01134	0.23067	0.10423	0.23389	0.06109	0.01983	0.01590	0.00778	0.00628	0.00194	0.00607	0.00621	0.00625	0.05852
11	0.05225	0.05485	0.01595	0.01161	0.01644	0.01231	0.00958	0.11395	0.08665	0.40860	0.04791	0.02036	0.01596	0.00767	0.00613	0.00186	0.00555	0.00611	0.00673	0.09951
12	0.01674	0.04532	0.01538	0.01137	0.01609	0.03995	0.00917	0.11034	0.09701	0.08408	0.04599	0.03762	0.01442	0.00703	0.00621	0.00152	0.03420	0.00551	0.00493	0.39713
13	0.14121	0.01488	0.04455	0.03912	0.02051	0.01520	0.13807	0.14448	0.20665	0.07989	0.07420	0.02046	0.01666	0.00769	0.00641	0.00208	0.00664	0.00667	0.00544	0.00919
14	0.38736	0.19767	0.03399	0.01100	0.01547	0.07485	0.00955	0.06488	0.11046	0.02493	0.01190	0.01280	0.00943	0.00643	0.00473	0.00185	0.00623	0.00423	0.00413	0.00809
15	0.01220	0.01148	0.01938	0.75739	0.04450	0.01436	0.01794	0.01651	0.01292	0.01651	0.01148	0.01723	0.00861	0.00646	0.00646	0.00215	0.00861	0.00574	0.00287	0.00718
16	0.00773	0.00655	0.00668	0.00665	0.00879	0.00550	0.00499	0.00946	0.01496	0.01800	0.10818	0.06129	0.68693	0.01616	0.00764	0.00217	0.00326	0.01351	0.00607	0.00550
17	0.00855	0.00638	0.00693	0.00705	0.00808	0.00587	0.00463	0.00941	0.01206	0.01510	0.04155	0.09492	0.33770	0.37594	0.01969	0.00417	0.00478	0.02747	0.00501	0.00472
18	0.02899	0.01100	0.01499	0.01150	0.01649	0.00950	0.00950	0.03149	0.01849	0.73709	0.02549	0.02199	0.01599	0.00800	0.00650	0.00200	0.00550	0.00650	0.00800	0.01100
19	0.02456	0.01810	0.01939	0.01487	0.02004	0.02004	0.01228	0.71107	0.03038	0.04072	0.01551	0.01551	0.01099	0.00776	0.00646	0.00194	0.00711	0.00582	0.00646	0.01099
20	0.01340	0.01148	0.01340	0.00957	0.01531	0.00861	0.00766	0.01627	0.01340	0.02105	0.01148	0.01340	0.00957	0.00479	0.00479	0.00096	0.00479	0.00383	0.00383	0.81242
21	0.00792	0.00566	0.00754	0.00897	0.00938	0.00528	0.00600	0.00911	0.01258	0.01683	0.06011	0.74326	0.04338	0.01999	0.00822	0.00260	0.00372	0.01813	0.00604	0.00528
22	0.02899	0.01100	0.01499	0.01150	0.01649	0.00950	0.00950	0.03149	0.01849	0.73709	0.02549	0.02199	0.01599	0.00800	0.00650	0.00200	0.00550	0.00650	0.00800	0.01100
23	0.01599	0.01535	0.02623	0.03966	0.73262	0.01535	0.01983	0.01983	0.01471	0.02111	0.01215	0.01599	0.01023	0.00576	0.00640	0.00192	0.00768	0.00576	0.00320	0.01023
24	0.01720	0.01547	0.01543	0.01493	0.05687	0.10905	0.01110	0.04755	0.47371	0.05066	0.02393	0.02687	0.01920	0.00923	0.00671	0.00218	0.00625	0.07824	0.00595	0.00947
25	0.00805	0.00660	0.00716	0.00748	0.00943	0.00572	0.00577	0.00983	0.01458	0.01765	0.05886	0.11530	0.58180	0.01686	0.00786	0.00233	0.00369	0.10953	0.00599	0.00551
26	0.02899	0.01100	0.01499	0.01150	0.01649	0.00950	0.00950	0.03149	0.01849	0.73709	0.02549	0.02199	0.01599	0.00800	0.00650	0.00200	0.00550	0.00650	0.00800	0.01100
27	0.00787	0.00562	0.00750	0.00900	0.00937	0.00525	0.00600	0.00900	0.01237	0.01649	0.03561	0.76871	0.04274	0.02024	0.00825	0.00262	0.00375	0.01837	0.00600	0.00525
28	0.01458	0.19550	0.55416	0.01651	0.02499	0.01709	0.02046	0.02068	0.01373	0.04953	0.01161	0.01328	0.00854	0.00608	0.00572	0.00190	0.00880	0.00456	0.00296	0.00933
29	0.01683	0.01845	0.04965	0.03002	0.40813	0.13658	0.06585	0.02010	0.01440	0.01915	0.01116	0.01495	0.00949	0.00693	0.00915	0.00207	0.14934	0.00557	0.00314	0.00906
30	0.79127	0.01312	0.00980	0.00878	0.01275	0.03966	0.00719	0.01923	0.01125	0.02854	0.00903	0.01054	0.00704	0.00602	0.00406	0.00199	0.00523	0.00352	0.00398	0.00701
31	0.00814	0.00657	0.00725	0.00708	0.00904	0.00567	0.00531	0.01025	0.01592	0.02028	0.28759	0.05753	0.50609	0.01531	0.00763	0.00213	0.00320	0.01298	0.00637	0.00567
32	0.02633	0.01395	0.01658	0.01277	0.01770	0.01404	0.01053	0.33261	0.02357	0.39883	0.02088	0.01920	0.01379	0.00787	0.00640	0.00195	0.00611	0.00618	0.03991	0.01079
33	0.00787	0.00562	0.00750	0.00900	0.00937	0.00525	0.00600	0.00900	0.01237	0.01649	0.03561	0.76871	0.04274	0.02024	0.00825	0.00262	0.00375	0.01837	0.00600	0.00525
34	0.01588	0.01549	0.02522	0.11486	0.63457	0.04109	0.01937	0.01969	0.01465	0.02043	0.01201	0.01597	0.01000	0.00586	0.00638	0.00193	0.00792	0.00570	0.00317	0.00981
35	0.06429	0.18077	0.14071	0.01710	0.06134	0.29327	0.05461	0.08004	0.01670	0.01986	0.01075	0.01255	0.00864	0.00627	0.00562	0.00175	0.00931	0.00451	0.00340	0.00848
36	0.00889	0.00657	0.00820	0.00797	0.00947	0.00601	0.00592	0.01143	0.01679	0.02303	0.51707	0.08066	0.17618	0.05663	0.00911	0.00235	0.00341	0.03785	0.00665	0.00582
37	0.01584	0.01624	0.08113	0.02084	0.18219	0.01610	0.06251	0.04409	0.40138	0.02448	0.01982	0.02024	0.01516	0.00772	0.00724	0.00214	0.04122	0.00665	0.00507	0.00994
38	0.81856	0.01250	0.00950	0.00850	0.01250	0.01449	0.00700	0.01899	0.01100	0.02899	0.00900	0.01050	0.00700	0.00600	0.00400	0.00200	0.00500	0.00350	0.00400	0.00700
39	0.01725	0.01446	0.01527	0.01339	0.01725	0.01662	0.01051	0.12792	0.62545	0.02892	0.02481	0.02292	0.01852	0.00863	0.00656	0.00216	0.00539	0.00710	0.00656	0.01033
40	0.81856	0.01250	0.00950	0.00850	0.01250	0.01449	0.00700	0.01899	0.01100	0.02899	0.00900	0.01050	0.00700	0.00600	0.00400	0.00200	0.00500	0.00350	0.00400	0.00700
41	0.01343	0.01174	0.01470	0.04076	0.01729	0.00918	0.03811	0.01647	0.01346	0.02085	0.01155	0.01373	0.00954	0.00488	0.00497	0.00106	0.00520	0.00407	0.00377	0.74524
42	0.05150	0.01854	0.01901	0.22423	0.05225	0.23738	0.01454	0.04455	0.01425	0.01760	0.01019	0.01421	0.00856	0.00799	0.01061	0.00219	0.23656	0.00515	0.00319	0.00748
43	0.81856	0.01250	0.00950	0.00850	0.01250	0.01449	0.00700	0.01899	0.01100	0.02899	0.00900	0.01050	0.00700	0.00600	0.00400	0.00200	0.00500	0.00350	0.00400	0.00700
44	0.01220	0.01148	0.01938	0.75739	0.04450	0.01436	0.01794	0.01651	0.01292	0.01651	0.01148	0.01723	0.00861	0.00646	0.00646	0.00215	0.00861	0.00574	0.00287	0.00718
45	0.00764	0.00655	0.00655	0.00655	0.00873	0.00545	0.00491	0.00927	0.01473	0.01745	0.06546	0.06218	0.73000	0.01636	0.00764	0.00218	0.00327	0.01364	0.00600	0.00545
46	0.01300	0.01081	0.01187	0.01087	0.01370	0.01181	0.00836	0.02471	0.42513	0.02565	0.25055	0.03576	0.10892	0.01097	0.00702	0.00214	0.00427	0.00936	0.00668	0.00842
47	0.01669	0.01498	0.02568	0.06747	0.62475	0.01495	0.04856	0.02052	0.01492	0.06982	0.01308	0.01652	0.01054	0.00593	0.00646	0.00195	0.00770	0.00589	0.00352	0.01009
48	0.02352	0.11514	0.07876	0.01634	0.10202	0.04230	0.03168	0.11369	0.01838	0.36557	0.01845	0.01775	0.01259	0.00711	0.00615	0.00190	0.00685	0.00573	0.00583	0.01024
49	0.01727	0.77681	0.03386	0.01106	0.01658	0.02557	0.01106	0.01935	0.01313	0.01520	0.00898	0.01036	0.00829	0.00553	0.00415	0.00138	0.00691	0.00345	0.00276	0.00829
50	0.00866	0.00659	0.00797	0.00762	0.00936	0.00589	0.00572	0.01126	0.01715	0.02321	0.51746	0.05270	0.27439	0.01422	0.00763	0.00208	0.00312	0.01231	0.00676	0.00589
51	0.01289	0.08423	0.62034	0.01712	0.02556	0.01493	0.02145	0.01947	0.01358	0.01982	0.01361	0.05779	0.01122	0.00733	0.00622	0.00207	0.00890	0.03137	0.00304	0.00908
52	0.02035	0.01956	0.13583	0.02379	0.26280	0.09920	0.04102	0.12118	0.01799	0.17258	0.01511	0.01635	0.01098	0.00666	0.00636	0.00194	0.00801	0.00565	0.00461	0.01002
53	0.00922	0.00660	0.00895	0.00903	0.00970	0.00723	0.00637	0.01058	0.01012	0.01414	0.01949	0.07331	0.02044	0.32326	0.43353	0.00838	0.01234	0.00851	0.00378	0.00503
54	0.00805	0.00575	0.00768	0.00907	0.00956	0.00539	0.00619	0.00936	0.01281	0.01714	0.07426	0.69916	0.04352	0.01975	0.00824	0.00261	0.00380	0.04628	0.00606	0.00533
55	0.01864	0.02174	0.30617	0.02093	0.17348	0.01431	0.03270	0.08715	0.04538	0.19215	0.01599	0.01679	0.01123	0.00674	0.00636	0.00201	0.00782	0.00565	0.00459	0.01018
56	0.01861	0.01968	0.09608	0.02589	0.30790	0.11720	0.05515	0.14528	0.08819	0.04186	0.01418	0.01610	0.01095	0.00661	0.00639	0.00194	0.00819	0.00572	0.00421	0.00985
57	0.05269	0.01530	0.02069	0.01706	0.06912	0.06872	0.13589	0.15145	0.01936	0.32784	0.01828	0.01809	0.01245	0.00706	0.00648	0.00195	0.00733	0.00615	0.00590	0.03818
58	0.05018	0.01374	0.01870	0.04369	0.15793	0.01270	0.06329	0.12391	0.01628	0.02423	0.01224	0.01454	0.00979	0.00559	0.00559	0.00147	0.00630	0.00484	0.00404	0.41093
59	0.06689	0.01645	0.07317	0.02301	0.26908	0.04233	0.04073	0.15268	0.01849	0.18820	0.03537	0.01756	0.01266	0.00691	0.00633	0.00196	0.00720	0.00591	0.00503	0.01004
60	0.07908	0.01476	0.04443	0.03657	0.07391	0.01398	0.15214	0.14123	0.04500	0.30464	0.01838	0.01841	0.01254	0.00707	0.00652	0.00203	0.00718	0.00630	0.00580	0.01002
61	0.04248	0.03991	0.06195	0.01448	0.04897	0.01472	0.03750	0.19304	0.16441	0.18488	0.04367	0.01933	0.01506	0.00754	0.00625	0.00191	0.00623	0.00615	0.00592	0.08559
62	0.07275	0.01708	0.05113	0.01423	0.01928	0.04282	0.03772	0.41061	0.06344	0.13602	0.04170	0.01757	0.01341	0.00767	0.00633	0.00195	0.00686	0.00598	0.00610	0.02738
63	0.16872	0.01285	0.01486	0.01227	0.03165	0.01313	0.02487	0.18172	0.06979	0.23428	0.10311	0.02092	0.01818	0.00795	0.00608	0.00194	0.00558	0.00631	0.00623	0.05956
64	0.07717	0.01254	0.01507	0.01366	0.06597	0.01282	0.01014	0.10210	0.20971	0.27164	0.09244	0.02295	0.01970	0.00829	0.00638	0.00201	0.00542	0.00680	0.00659	0.03859

[dist]
# distance from previous block
# <min> <max>
0	29

[block]
# block no. 2 follows, 34 sequences, length 57
# corresponding to MSA columns:
# 278-334
name=unknown_C
#
# <colnr> <probs for GDERKNQSTAVLIFYWHMCP>
#	G	D	E	R	K	N	Q	S	T	A	V	L	I	F	Y	W	H	M	C	P
0	0.06536	0.01393	0.01567	0.01236	0.01712	0.01413	0.01012	0.29542	0.08170	0.16387	0.03654	0.02069	0.01487	0.00789	0.00617	0.00184	0.00590	0.04243	0.00609	0.16790
1	0.07618	0.01275	0.01421	0.01139	0.01584	0.03094	0.00917	0.14248	0.11560	0.24028	0.07357	0.02273	0.05541	0.00818	0.00617	0.00184	0.00543	0.00654	0.00626	0.14504
2	0.06778	0.01315	0.01611	0.01254	0.01733	0.01287	0.04259	0.19922	0.07332	0.26552	0.04024	0.04857	0.01553	0.00787	0.00623	0.00186	0.00585	0.00645	0.00626	0.14070
3	0.13503	0.01194	0.01408	0.01124	0.01577	0.01166	0.00916	0.09411	0.09555	0.40136	0.07063	0.02133	0.01743	0.00796	0.00613	0.00196	0.00533	0.00631	0.00683	0.05620
4	0.08291	0.01485	0.01555	0.01268	0.01705	0.05629	0.01023	0.25713	0.16509	0.20706	0.04281	0.02157	0.05090	0.00842	0.00636	0.00201	0.00609	0.00658	0.00650	0.00991
5	0.09378	0.04926	0.03442	0.01178	0.01652	0.05124	0.00992	0.07882	0.03712	0.47359	0.06130	0.02075	0.01652	0.00789	0.00619	0.00196	0.00593	0.00619	0.00682	0.01000
6	0.02007	0.01660	0.03977	0.01626	0.05303	0.01731	0.07007	0.40360	0.15681	0.03278	0.01782	0.05269	0.01385	0.00805	0.00656	0.00199	0.00686	0.00670	0.00580	0.05339
7	0.00923	0.00692	0.01038	0.01038	0.01154	0.00808	0.00808	0.01154	0.01038	0.01500	0.01731	0.02538	0.01615	0.04846	0.74732	0.01038	0.01731	0.00692	0.00346	0.00577
8	0.01341	0.03068	0.63381	0.02012	0.09324	0.01510	0.02276	0.02115	0.05176	0.02088	0.01244	0.01442	0.00900	0.00624	0.00619	0.00204	0.00914	0.00500	0.00298	0.00965
9	0.01727	0.77681	0.03386	0.01106	0.01658	0.02557	0.01106	0.01935	0.01313	0.01520	0.00898	0.01036	0.00829	0.00553	0.00415	0.00138	0.00691	0.00345	0.00276	0.00829
10	0.00935	0.00787	0.02755	0.00845	0.01052	0.00696	0.00665	0.01326	0.07378	0.02286	0.41497	0.07160	0.25607	0.01395	0.00756	0.00213	0.00355	0.03005	0.00656	0.00630
11	0.01323	0.02009	0.29835	0.01304	0.02028	0.01112	0.01402	0.01792	0.01349	0.02082	0.01153	0.01349	0.00903	0.00532	0.00532	0.00138	0.00665	0.00420	0.00340	0.49731
12	0.00777	0.00655	0.00673	0.00668	0.00881	0.00551	0.00501	0.00952	0.01503	0.01818	0.12247	0.06099	0.67253	0.01609	0.00764	0.00217	0.00325	0.01347	0.00610	0.00551
13	0.02053	0.01609	0.01712	0.01405	0.01850	0.01815	0.01131	0.38967	0.35834	0.03422	0.02064	0.01959	0.01514	0.00824	0.00652	0.00206	0.00616	0.00652	0.00652	0.01063
14	0.06623	0.02319	0.01855	0.01602	0.01986	0.39824	0.07138	0.06697	0.21289	0.02153	0.01503	0.01575	0.01169	0.00716	0.00612	0.00189	0.00914	0.00539	0.00444	0.00853
15	0.01027	0.00733	0.01025	0.01173	0.01316	0.00731	0.01016	0.01314	0.01473	0.01918	0.03429	0.11236	0.03750	0.01798	0.00889	0.00295	0.00582	0.65108	0.00595	0.00591
16	0.01220	0.01148	0.01938	0.75739	0.04450	0.01436	0.01794	0.01651	0.01292	0.01651	0.01148	0.01723	0.00861	0.00646	0.00646	0.00215	0.00861	0.00574	0.00287	0.00718
17	0.09995	0.01861	0.06290	0.10979	0.20136	0.11898	0.11583	0.15255	0.01764	0.02428	0.01219	0.01495	0.00941	0.00635	0.00626	0.00197	0.00853	0.00553	0.00387	0.00905
18	0.00787	0.00655	0.00686	0.00679	0.00887	0.00555	0.00509	0.00972	0.01527	0.01874	0.16602	0.06007	0.62863	0.01589	0.00763	0.00216	0.00324	0.01334	0.00617	0.00555
19	0.00764	0.00655	0.00655	0.00655	0.00873	0.00545	0.00491	0.00927	0.01473	0.01745	0.06546	0.06218	0.73000	0.01636	0.00764	0.00218	0.00327	0.01364	0.00600	0.00545
20	0.64393	0.01216	0.01071	0.00916	0.01338	0.01339	0.00755	0.02176	0.01265	0.18560	0.01264	0.01304	0.00899	0.00644	0.00455	0.00200	0.00511	0.00416	0.00488	0.00788
21	0.01793	0.28752	0.13310	0.07910	0.14342	0.04836	0.01524	0.13639	0.01676	0.04820	0.01187	0.01373	0.00937	0.00625	0.00556	0.00176	0.00774	0.00477	0.00368	0.00924
22	0.01220	0.01148	0.01938	0.75739	0.04450	0.01436	0.01794	0.01651	0.01292	0.01651	0.01148	0.01723	0.00861	0.00646	0.00646	0.00215	0.00861	0.00574	0.00287	0.00718
23	0.00787	0.00562	0.00750	0.00900	0.00937	0.00525	0.00600	0.00900	0.01237	0.01649	0.03561	0.76871	0.04274	0.02024	0.00825	0.00262	0.00375	0.01837	0.00600	0.00525
24	0.00787	0.00562	0.00750	0.00900	0.00937	0.00525	0.00600	0.00900	0.01237	0.01649	0.03561	0.76871	0.04274	0.02024	0.00825	0.00262	0.00375	0.01837	0.00600	0.00525
25	0.01415	0.02485	0.37332	0.02328	0.06993	0.01579	0.31217	0.02032	0.01422	0.02039	0.01212	0.01539	0.00900	0.00604	0.00741	0.00213	0.04131	0.00607	0.00299	0.00913
26	0.02456	0.01810	0.01939	0.01487	0.02004	0.02004	0.01228	0.71107	0.03038	0.04072	0.01551	0.01551	0.01099	0.00776	0.00646	0.00194	0.00711	0.00582	0.00646	0.01099
27	0.01568	0.01327	0.01417	0.03473	0.01699	0.01533	0.01007	0.03249	0.65169	0.02652	0.02550	0.02390	0.01918	0.00861	0.00643	0.00214	0.00507	0.00717	0.06119	0.00985
28	0.01725	0.01896	0.03388	0.02470	0.03074	0.09619	0.55573	0.09821	0.01727	0.02240	0.01301	0.01659	0.00977	0.00584	0.00730	0.00210	0.01055	0.00705	0.00363	0.00883
29	0.22629	0.06000	0.01724	0.01297	0.01765	0.05495	0.01071	0.40626	0.07947	0.03393	0.01407	0.01444	0.01039	0.00721	0.00568	0.00193	0.00663	0.00513	0.00548	0.00958
30	0.00924	0.00794	0.00808	0.00780	0.01026	0.00747	0.00592	0.01404	0.14907	0.01928	0.05801	0.05494	0.59488	0.01492	0.00743	0.00218	0.00362	0.01243	0.00611	0.00636
31	0.01340	0.01148	0.01340	0.00957	0.01531	0.00861	0.00766	0.01627	0.01340	0.02105	0.01148	0.01340	0.00957	0.00479	0.00479	0.00096	0.00479	0.00383	0.00383	0.81242
32	0.02397	0.01703	0.01845	0.01424	0.01911	0.01866	0.01165	0.63267	0.02852	0.07928	0.01636	0.01738	0.01198	0.05056	0.00794	0.00218	0.00697	0.00606	0.00641	0.01059
33	0.00924	0.00688	0.01016	0.01016	0.01124	0.00796	0.00780	0.01139	0.01032	0.01483	0.01751	0.02652	0.01665	0.09706	0.69939	0.01011	0.01657	0.00709	0.00349	0.00564
34	0.00814	0.00684	0.00707	0.00685	0.00910	0.00571	0.00507	0.00975	0.01427	0.01740	0.05836	0.07893	0.62073	0.05800	0.00887	0.00234	0.00356	0.01287	0.00574	0.06041
35	0.00888	0.00659	0.00827	0.00785	0.00949	0.00598	0.00589	0.01168	0.01767	0.02443	0.61323	0.05070	0.17787	0.01376	0.00762	0.00206	0.00309	0.01203	0.00692	0.00598
36	0.02456	0.01810	0.01939	0.01487	0.02004	0.02004	0.01228	0.71107	0.03038	0.04072	0.01551	0.01551	0.01099	0.00776	0.00646	0.00194	0.00711	0.00582	0.00646	0.01099
37	0.02369	0.01767	0.01890	0.01469	0.01971	0.01963	0.01207	0.64189	0.10097	0.03932	0.01662	0.01639	0.01188	0.00786	0.00648	0.00196	0.00691	0.00597	0.00648	0.01091
38	0.01736	0.35732	0.07829	0.01950	0.11064	0.12443	0.16885	0.02070	0.01457	0.01760	0.01060	0.01304	0.00887	0.00574	0.00557	0.00171	0.00874	0.00486	0.00301	0.00860
39	0.00795	0.00660	0.00697	0.00701	0.00908	0.00563	0.00534	0.00980	0.01510	0.01842	0.13126	0.06136	0.62316	0.01613	0.00771	0.00221	0.00340	0.05121	0.00611	0.00555
40	0.02477	0.01776	0.01918	0.01471	0.01987	0.01954	0.01215	0.67901	0.02982	0.07358	0.01598	0.01582	0.01122	0.00777	0.00647	0.00194	0.00703	0.00585	0.00654	0.01099
41	0.00914	0.00660	0.00864	0.00813	0.00965	0.00610	0.00610	0.01219	0.01829	0.02591	0.72921	0.04827	0.06097	0.01321	0.00762	0.00203	0.00305	0.01169	0.00711	0.00610
42	0.02398	0.01690	0.01839	0.01433	0.01930	0.01853	0.01176	0.56357	0.11163	0.10747	0.01778	0.01717	0.01252	0.00790	0.00648	0.00198	0.00671	0.00606	0.00663	0.01090
43	0.01599	0.01535	0.02623	0.03966	0.73262	0.01535	0.01983	0.01983	0.01471	0.02111	0.01215	0.01599	0.01023	0.00576	0.00640	0.00192	0.00768	0.00576	0.00320	0.01023
44	0.00787	0.00562	0.00750	0.00900	0.00937	0.00525	0.00600	0.00900	0.01237	0.01649	0.03561	0.76871	0.04274	0.02024	0.00825	0.00262	0.00375	0.01837	0.00600	0.00525
45	0.00991	0.00773	0.00890	0.00986	0.01067	0.04758	0.00692	0.04270	0.01348	0.01747	0.03177	0.60297	0.03719	0.01887	0.00904	0.04848	0.00460	0.06065	0.00569	0.00555
46	0.01579	0.01514	0.02586	0.07824	0.69563	0.01530	0.01973	0.01965	0.01462	0.02086	0.01212	0.01606	0.01015	0.00579	0.00640	0.00193	0.00773	0.00576	0.00318	0.01007
47	0.00787	0.00562	0.00750	0.00900	0.00937	0.00525	0.00600	0.00900	0.01237	0.01649	0.03561	0.76871	0.04274	0.02024	0.00825	0.00262	0.00375	0.01837	0.00600	0.00525
48	0.01220	0.01148	0.01938	0.75739	0.04450	0.01436	0.01794	0.01651	0.01292	0.01651	0.01148	0.01723	0.00861	0.00646	0.00646	0.00215	0.00861	0.00574	0.00287	0.00718
49	0.01583	0.01579	0.03148	0.02811	0.20815	0.01507	0.43746	0.02079	0.03325	0.06137	0.01514	0.05951	0.01236	0.00658	0.00726	0.00213	0.00922	0.00768	0.00376	0.00907
50	0.02456	0.01810	0.01939	0.01487	0.02004	0.02004	0.01228	0.71107	0.03038	0.04072	0.01551	0.01551	0.01099	0.00776	0.00646	0.00194	0.00711	0.00582	0.00646	0.01099
51	0.00787	0.00562	0.00750	0.00900	0.00937	0.00525	0.00600	0.00900	0.01237	0.01649	0.03561	0.76871	0.04274	0.02024	0.00825	0.00262	0.00375	0.01837	0.00600	0.00525
52	0.02414	0.03079	0.01831	0.01665	0.01998	0.74698	0.01248	0.02580	0.01831	0.01581	0.00999	0.01165	0.00832	0.00666	0.00583	0.00166	0.01165	0.00416	0.00333	0.00749
53	0.02631	0.03547	0.01667	0.01270	0.01745	0.08682	0.01039	0.19640	0.02123	0.44573	0.04889	0.02008	0.01556	0.00794	0.00640	0.00194	0.00646	0.00622	0.00697	0.01037
54	0.02029	0.09219	0.01834	0.01338	0.01787	0.01791	0.01097	0.30329	0.30612	0.07973	0.03885	0.01977	0.01591	0.00810	0.00631	0.00199	0.00607	0.00638	0.00626	0.01028
55	0.23858	0.01312	0.01395	0.01107	0.01582	0.04662	0.00905	0.09621	0.01714	0.36267	0.01777	0.01681	0.01200	0.00702	0.00560	0.00186	0.00574	0.00522	0.00609	0.09765
56	0.01897	0.10565	0.04239	0.02567	0.32175	0.22160	0.03419	0.02268	0.04891	0.05753	0.01248	0.01477	0.01012	0.00641	0.00646	0.00184	0.03069	0.00518	0.00358	0.00914

[dist]
# distance from previous block
# <min> <max>
0	5

[block]
# block no. 3 follows, 34 sequences, length 32
# corresponding to MSA columns:
# 340-371
name=unknown_D
#
# <colnr> <probs for GDERKNQSTAVLIFYWHMCP>
#	G	D	E	R	K	N	Q	S	T	A	V	L	I	F	Y	W	H	M	C	P
0	0.17975	0.45856	0.07196	0.01268	0.04202	0.10879	0.01153	0.02014	0.01341	0.01861	0.00938	0.01095	0.00810	0.00581	0.00452	0.00160	0.00729	0.00371	0.00309	0.00808
1	0.01653	0.07556	0.04963	0.05588	0.29439	0.10079	0.27255	0.02070	0.01511	0.01972	0.01196	0.01558	0.00959	0.00577	0.00661	0.00196	0.00935	0.00606	0.00318	0.00908
2	0.00925	0.00684	0.00995	0.00995	0.01095	0.00784	0.00753	0.01126	0.01025	0.01467	0.01771	0.02761	0.01712	0.14374	0.65336	0.00984	0.01585	0.00725	0.00352	0.00553
3	0.01599	0.01535	0.02623	0.03966	0.73262	0.01535	0.01983	0.01983	0.01471	0.02111	0.01215	0.01599	0.01023	0.00576	0.00640	0.00192	0.00768	0.00576	0.00320	0.01023
4	0.00785	0.00570	0.00741	0.00878	0.00932	0.00527	0.00590	0.00902	0.01258	0.01658	0.03821	0.70712	0.10264	0.01990	0.00819	0.00259	0.00371	0.01796	0.00600	0.00527
5	0.02456	0.01810	0.01939	0.01487	0.02004	0.02004	0.01228	0.71107	0.03038	0.04072	0.01551	0.01551	0.01099	0.00776	0.00646	0.00194	0.00711	0.00582	0.00646	0.01099
6	0.00785	0.00650	0.00688	0.00690	0.00889	0.00553	0.00513	0.00965	0.01507	0.01853	0.15274	0.10107	0.60064	0.01616	0.00767	0.00219	0.00327	0.01365	0.00615	0.00553
7	0.02414	0.03079	0.01831	0.01665	0.01998	0.74698	0.01248	0.02580	0.01831	0.01581	0.00999	0.01165	0.00832	0.00666	0.00583	0.00166	0.01165	0.00416	0.00333	0.00749
8	0.01727	0.77681	0.03386	0.01106	0.01658	0.02557	0.01106	0.01935	0.01313	0.01520	0.00898	0.01036	0.00829	0.00553	0.00415	0.00138	0.00691	0.00345	0.00276	0.00829
