[name]
unknown

[dist]
# distance from previous block
# <min> <max>
0	24

[block]
# block no. 0 follows, 33 sequences, length 25
# corresponding to MSA columns:
# 24-48
name=unknown_A
#
# <colnr> <probs for GDERKNQSTAVLIFYWHMCP>
#	G	D	E	R	K	N	Q	S	T	A	V	L	I	F	Y	W	H	M	C	P
0	0.07417	0.05159	0.01649	0.01404	0.03232	0.16305	0.01106	0.18520	0.14055	0.04390	0.07803	0.02723	0.01995	0.00952	0.00665	0.00210	0.00713	0.10269	0.00556	0.00876
1	0.11659	0.04440	0.08454	0.01472	0.01916	0.24225	0.01258	0.22694	0.04766	0.02686	0.06002	0.01614	0.01315	0.00768	0.00669	0.00194	0.03970	0.00540	0.00472	0.00885
2	0.01804	0.50543	0.13445	0.01347	0.01921	0.09805	0.01355	0.06611	0.01504	0.01809	0.01007	0.01170	0.00863	0.00624	0.00557	0.00164	0.03886	0.00405	0.00312	0.00868
3	0.01639	0.01665	0.03019	0.02242	0.02761	0.01717	0.41958	0.09287	0.10520	0.02331	0.01457	0.01778	0.01120	0.00702	0.00931	0.00224	0.11325	0.00710	0.00406	0.04207
4	0.00904	0.00685	0.00790	0.00790	0.00931	0.00610	0.00536	0.01026	0.01275	0.01677	0.06558	0.24825	0.22821	0.23613	0.01517	0.00343	0.00451	0.01287	0.00531	0.08830
5	0.02305	0.01579	0.01744	0.01390	0.01862	0.01716	0.01130	0.41433	0.18550	0.14678	0.05164	0.02035	0.01632	0.00843	0.00667	0.00205	0.00633	0.00665	0.00689	0.01080
6	0.01717	0.01951	0.02572	0.05895	0.02496	0.19659	0.23377	0.02014	0.01409	0.01763	0.01067	0.01501	0.00904	0.00819	0.01255	0.00234	0.29663	0.00603	0.00315	0.00785
7	0.00819	0.00613	0.00740	0.00820	0.00916	0.00556	0.00560	0.00951	0.01343	0.01737	0.09102	0.44551	0.23888	0.08945	0.01054	0.00285	0.00387	0.01600	0.00599	0.00534
8	0.45261	0.01319	0.01426	0.04924	0.14462	0.01464	0.01057	0.10278	0.01456	0.02765	0.01349	0.09074	0.01208	0.00781	0.00539	0.00209	0.00589	0.00595	0.00439	0.00805
9	0.01558	0.01793	0.10087	0.25215	0.35364	0.08570	0.01905	0.02027	0.03537	0.01966	0.01233	0.01623	0.00979	0.00631	0.00646	0.00203	0.00864	0.00564	0.00322	0.00913
10	0.02310	0.01324	0.01668	0.01545	0.09071	0.01340	0.01120	0.12296	0.20676	0.34298	0.05526	0.02267	0.01810	0.00833	0.00668	0.00207	0.00584	0.00691	0.00700	0.01068
11	0.00819	0.00612	0.00762	0.00843	0.00945	0.00555	0.00587	0.00981	0.01423	0.01872	0.16439	0.47485	0.20590	0.01844	0.00815	0.00246	0.00358	0.01639	0.00631	0.00555
12	0.02358	0.01749	0.01874	0.01460	0.01948	0.01938	0.01191	0.61949	0.08066	0.03895	0.01688	0.01788	0.01252	0.04770	0.00800	0.00222	0.00705	0.00623	0.00646	0.01076
13	0.01508	0.01169	0.01301	0.01201	0.01502	0.01292	0.00918	0.02791	0.47214	0.07413	0.09925	0.15808	0.02826	0.01141	0.00710	0.00228	0.00478	0.00984	0.00675	0.00915
14	0.01616	0.01326	0.01427	0.01280	0.01635	0.01506	0.00996	0.03253	0.61628	0.05490	0.09901	0.02703	0.02430	0.00937	0.00681	0.00221	0.00501	0.00787	0.00681	0.01001
15	0.02747	0.01231	0.01569	0.01227	0.01722	0.01160	0.01006	0.10222	0.10456	0.57516	0.02502	0.02198	0.01623	0.00822	0.00663	0.00205	0.00572	0.00665	0.00781	0.01111
16	0.02474	0.01730	0.02029	0.01548	0.02077	0.01861	0.05813	0.55005	0.04877	0.13191	0.01733	0.01708	0.01206	0.00781	0.00667	0.00201	0.00722	0.00619	0.00658	0.01102
17	0.02098	0.01034	0.01311	0.01084	0.01460	0.00969	0.00865	0.06595	0.08457	0.38278	0.18626	0.06510	0.07683	0.01057	0.00705	0.00210	0.00486	0.00891	0.00748	0.00934
18	0.00831	0.00602	0.00757	0.00852	0.00919	0.00558	0.00571	0.00955	0.01306	0.01728	0.10038	0.52045	0.12689	0.11539	0.01149	0.00304	0.00402	0.01633	0.00594	0.00528
19	0.00870	0.00613	0.00746	0.00813	0.00858	0.00583	0.00519	0.00957	0.01200	0.01593	0.07839	0.37625	0.09112	0.31520	0.01822	0.00406	0.00475	0.01427	0.00535	0.00489
20	0.37059	0.09584	0.01728	0.01262	0.01711	0.12812	0.03847	0.17428	0.04559	0.02827	0.01168	0.01285	0.00902	0.00665	0.00519	0.00192	0.00706	0.00452	0.00448	0.00845
21	0.02190	0.01845	0.01752	0.01427	0.01865	0.14231	0.01145	0.41004	0.07103	0.04728	0.01809	0.01878	0.04439	0.01153	0.06813	0.00264	0.00846	0.00613	0.00569	0.04326
22	0.01474	0.01773	0.11134	0.04448	0.02868	0.01519	0.41714	0.04812	0.01580	0.02205	0.08647	0.02001	0.01512	0.00688	0.00812	0.00213	0.05287	0.00735	0.00381	0.06196
23	0.02059	0.13212	0.09680	0.01782	0.08032	0.19982	0.06231	0.15002	0.04468	0.07213	0.01343	0.01470	0.01027	0.00668	0.00604	0.00181	0.00864	0.00516	0.00430	0.05237
24	0.01238	0.00910	0.01082	0.01038	0.01267	0.02881	0.00818	0.07150	0.01662	0.05192	0.17380	0.17721	0.09135	0.01469	0.00825	0.02639	0.00494	0.17523	0.00605	0.08970

[dist]
# distance from previous block
# <min> <max>
0	14

[block]
# block no. 1 follows, 33 sequences, length 8
# corresponding to MSA columns:
# 63-70
name=unknown_B
#
# <colnr> <probs for GDERKNQSTAVLIFYWHMCP>
#	G	D	E	R	K	N	Q	S	T	A	V	L	I	F	Y	W	H	M	C	P
0	0.01734	0.24213	0.21019	0.01812	0.11260	0.07933	0.01593	0.08370	0.11930	0.02180	0.01354	0.01481	0.01064	0.00661	0.00577	0.00185	0.00799	0.00503	0.00382	0.00950
1	0.01834	0.36292	0.11475	0.01720	0.05964	0.09179	0.11573	0.10956	0.01663	0.02070	0.01122	0.01313	0.00913	0.00611	0.00558	0.00174	0.00850	0.00481	0.00346	0.00905
2	0.01615	0.12518	0.01686	0.05495	0.01691	0.05390	0.01016	0.06127	0.28968	0.02382	0.01942	0.02027	0.01513	0.00802	0.00679	0.00195	0.05579	0.00611	0.18899	0.00864
3	0.00919	0.00732	0.00800	0.00785	0.00990	0.00661	0.00585	0.05630	0.01624	0.02049	0.15561	0.16518	0.47543	0.01622	0.00779	0.00225	0.00364	0.01381	0.00631	0.00600
4	0.01035	0.00743	0.00917	0.00978	0.01076	0.00738	0.00676	0.09941	0.01473	0.01967	0.03234	0.60761	0.03773	0.08097	0.01025	0.00289	0.00448	0.01630	0.00600	0.00599
5	0.02187	0.09459	0.01977	0.01452	0.01916	0.11337	0.01184	0.36617	0.21410	0.03179	0.01740	0.01715	0.01299	0.00781	0.00630	0.00195	0.00727	0.00588	0.00582	0.01025
6	0.02182	0.02030	0.01867	0.01550	0.01951	0.25534	0.05188	0.28650	0.02182	0.06194	0.01464	0.01672	0.01141	0.01469	0.13557	0.00341	0.01073	0.00571	0.00489	0.00895
7	0.02245	0.02135	0.02073	0.01942	0.11473	0.22827	0.04439	0.31974	0.09326	0.02917	0.01471	0.01570	0.01115	0.00731	0.00645	0.00193	0.00863	0.00566	0.00508	0.00988

[dist]
# distance from previous block
# <min> <max>
3	18

[block]
# block no. 2 follows, 33 sequences, length 13
# corresponding to MSA columns:
# 91-103
name=unknown_C
#
# <colnr> <probs for GDERKNQSTAVLIFYWHMCP>
#	G	D	E	R	K	N	Q	S	T	A	V	L	I	F	Y	W	H	M	C	P
0	0.01740	0.01832	0.09931	0.08500	0.49064	0.07747	0.01906	0.02145	0.01535	0.07422	0.01311	0.01621	0.01036	0.00621	0.00645	0.00197	0.00827	0.00568	0.00356	0.00995
1	0.01864	0.01828	0.02325	0.10002	0.32749	0.16043	0.06819	0.05374	0.08366	0.06107	0.01424	0.01676	0.01113	0.00661	0.00653	0.00198	0.00857	0.00588	0.00401	0.00952
2	0.01226	0.00841	0.01022	0.01008	0.01211	0.00825	0.00773	0.07441	0.06660	0.07711	0.12480	0.28187	0.15239	0.01579	0.00790	0.00243	0.00451	0.10971	0.00649	0.00692
3	0.00972	0.00699	0.00895	0.00994	0.01084	0.00685	0.00705	0.07006	0.01442	0.01920	0.03438	0.64005	0.04025	0.01931	0.00830	0.00264	0.00431	0.07467	0.00615	0.00592
4	0.01676	0.01529	0.02275	0.08571	0.15040	0.01804	0.08670	0.16526	0.01631	0.02298	0.01200	0.01616	0.01000	0.01030	0.04400	0.00272	0.28593	0.00609	0.00382	0.00877
5	0.01740	0.17256	0.13774	0.01876	0.06147	0.10064	0.17270	0.11134	0.03572	0.02270	0.07427	0.01761	0.01423	0.00692	0.00636	0.00192	0.00862	0.00606	0.00400	0.00898
6	0.01998	0.01394	0.01544	0.01321	0.01737	0.01536	0.01047	0.09933	0.50282	0.17705	0.02556	0.02326	0.01843	0.00867	0.00667	0.00217	0.00549	0.00712	0.00699	0.01066
7	0.00848	0.00652	0.00781	0.00821	0.00972	0.00584	0.00609	0.01050	0.01532	0.01990	0.22466	0.24501	0.31614	0.01702	0.00805	0.00237	0.00364	0.07260	0.00640	0.00571
8	0.01963	0.07470	0.02001	0.02005	0.18284	0.15081	0.01317	0.04969	0.27566	0.09786	0.01860	0.01873	0.01414	0.00746	0.00632	0.00198	0.00729	0.00605	0.00514	0.00986
9	0.05764	0.08896	0.07587	0.04955	0.05386	0.31588	0.08353	0.06350	0.02968	0.07079	0.01234	0.01421	0.00959	0.00684	0.00674	0.00190	0.04160	0.00508	0.00386	0.00857
10	0.01813	0.05112	0.01656	0.01550	0.10210	0.04623	0.01081	0.16815	0.13649	0.11096	0.04227	0.09134	0.05208	0.07581	0.00912	0.00248	0.00626	0.02985	0.00577	0.00897
11	0.31399	0.09646	0.08114	0.07572	0.01921	0.12538	0.01144	0.05523	0.08839	0.02405	0.01444	0.01572	0.04024	0.00706	0.00534	0.00196	0.00709	0.00495	0.00411	0.00807
12	0.17585	0.07891	0.01536	0.01137	0.01497	0.04857	0.00901	0.24587	0.01861	0.08046	0.01661	0.06213	0.01488	0.16640	0.01157	0.00289	0.00652	0.00670	0.00517	0.00817

[dist]
# distance from previous block
# <min> <max>
12	24

[block]
# block no. 3 follows, 33 sequences, length 10
# corresponding to MSA columns:
# 129-138
name=unknown_D
#
# <colnr> <probs for GDERKNQSTAVLIFYWHMCP>
#	G	D	E	R	K	N	Q	S	T	A	V	L	I	F	Y	W	H	M	C	P
0	0.18819	0.07956	0.04373	0.13396	0.11898	0.10216	0.01298	0.09406	0.01585	0.05317	0.01331	0.05707	0.01118	0.00725	0.00578	0.00194	0.00736	0.00563	0.00410	0.04372
1	0.02041	0.05943	0.02241	0.01875	0.07711	0.20694	0.09429	0.22722	0.01992	0.02480	0.01265	0.01513	0.01012	0.00967	0.04879	0.00245	0.09053	0.00557	0.00427	0.02954
2	0.10457	0.12722	0.24273	0.01617	0.07958	0.07240	0.01496	0.06419	0.03952	0.02162	0.01636	0.09671	0.03494	0.00964	0.03013	0.00229	0.00794	0.00657	0.00389	0.00855
3	0.11833	0.06008	0.14612	0.01302	0.01788	0.01496	0.01230	0.10280	0.14072	0.12978	0.02063	0.02070	0.06155	0.00831	0.00712	0.00208	0.05865	0.00622	0.04958	0.00918
4	0.09915	0.00946	0.01142	0.00989	0.01160	0.00983	0.05447	0.10265	0.01359	0.01985	0.06669	0.03466	0.02210	0.48142	0.02323	0.00475	0.00646	0.00848	0.00452	0.00577
5	0.01515	0.01825	0.09829	0.07810	0.14799	0.01648	0.43016	0.02024	0.01473	0.02046	0.01257	0.01690	0.00973	0.00618	0.00836	0.00221	0.06513	0.00691	0.00321	0.00898
6	0.11969	0.46780	0.10453	0.01247	0.01822	0.04550	0.01237	0.11525	0.01577	0.02148	0.01040	0.01171	0.00865	0.00611	0.00481	0.00165	0.00727	0.00403	0.00351	0.00877
7	0.01195	0.00714	0.00878	0.00868	0.01066	0.00628	0.00638	0.01370	0.01508	0.14798	0.10161	0.32358	0.28036	0.01637	0.00781	0.00235	0.00391	0.01426	0.00658	0.00656
8	0.01202	0.00890	0.01097	0.03291	0.01293	0.04085	0.00810	0.05109	0.01356	0.05352	0.07116	0.05217	0.06887	0.08573	0.39508	0.00683	0.01191	0.00811	0.04887	0.00641
9	0.02016	0.01773	0.07265	0.01613	0.02072	0.05682	0.09488	0.34812	0.02239	0.07382	0.01785	0.11950	0.01530	0.00947	0.00800	0.00216	0.06151	0.00777	0.00551	0.00952

[dist]
# distance from previous block
# <min> <max>
5	15

[block]
# block no. 4 follows, 33 sequences, length 32
# corresponding to MSA columns:
# 154-185
name=unknown_E
#
# <colnr> <probs for GDERKNQSTAVLIFYWHMCP>
#	G	D	E	R	K	N	Q	S	T	A	V	L	I	F	Y	W	H	M	C	P
0	0.00945	0.00633	0.00722	0.00734	0.00737	0.00630	0.00416	0.00954	0.00982	0.01310	0.02201	0.10205	0.02554	0.70748	0.03145	0.00608	0.00617	0.01032	0.00416	0.00410
1	0.01582	0.01784	0.08086	0.13413	0.32554	0.10829	0.04911	0.02101	0.07671	0.02028	0.01770	0.02035	0.06901	0.00726	0.00661	0.00203	0.00820	0.00646	0.00373	0.00908
2	0.02393	0.02957	0.01936	0.01880	0.07818	0.65394	0.01332	0.05296	0.01885	0.01757	0.01058	0.01239	0.00875	0.00675	0.00601	0.00173	0.01136	0.00444	0.00351	0.00800
3	0.09032	0.06921	0.02484	0.10781	0.22702	0.05422	0.12363	0.12164	0.01657	0.02345	0.01202	0.01530	0.00960	0.00672	0.00755	0.00206	0.06948	0.00571	0.00375	0.00910
4	0.00969	0.00729	0.00936	0.01053	0.06739	0.00726	0.00641	0.01088	0.01161	0.01545	0.05146	0.07344	0.15045	0.38578	0.14980	0.00570	0.00771	0.01009	0.00443	0.00526
5	0.03811	0.01432	0.01549	0.01314	0.01714	0.01584	0.01056	0.27013	0.30725	0.05969	0.06348	0.02753	0.05562	0.00970	0.00686	0.00217	0.00579	0.05069	0.00661	0.00989
6	0.02064	0.45248	0.02775	0.01360	0.01839	0.28654	0.01188	0.06770	0.01647	0.01744	0.00997	0.01139	0.00864	0.00620	0.00500	0.00155	0.00881	0.00394	0.00328	0.00833
7	0.01960	0.02005	0.08228	0.01972	0.15017	0.14421	0.01422	0.21869	0.16286	0.02724	0.01671	0.04401	0.01328	0.00778	0.00647	0.00198	0.00778	0.00625	0.00501	0.03168
8	0.01465	0.01397	0.02376	0.34296	0.43784	0.01521	0.01939	0.01877	0.01421	0.01952	0.01209	0.01683	0.00973	0.00617	0.00654	0.00206	0.00823	0.00586	0.00312	0.00911
9	0.01820	0.01610	0.01690	0.01628	0.08048	0.06757	0.01175	0.13092	0.50532	0.02824	0.02276	0.02167	0.01713	0.00836	0.00661	0.00213	0.00620	0.00686	0.00615	0.01034
10	0.06484	0.01627	0.01598	0.01329	0.01745	0.07593	0.01063	0.31179	0.22872	0.05867	0.01924	0.01901	0.01420	0.00800	0.00621	0.00199	0.00638	0.00616	0.09537	0.00989
11	0.00957	0.00638	0.00718	0.00718	0.00718	0.00638	0.00399	0.00957	0.00957	0.01276	0.02074	0.04308	0.02393	0.76864	0.03351	0.00638	0.00638	0.00957	0.00399	0.00399
12	0.01477	0.01460	0.02639	0.29451	0.35764	0.01546	0.14218	0.01914	0.01443	0.01975	0.01231	0.01701	0.00975	0.00607	0.00677	0.00209	0.00875	0.00620	0.00315	0.00903
13	0.00965	0.00725	0.00907	0.00911	0.01070	0.00697	0.00690	0.01352	0.07380	0.02316	0.40053	0.17607	0.12314	0.01521	0.00794	0.00231	0.00376	0.08784	0.00675	0.00632
14	0.00874	0.00626	0.00826	0.00957	0.01022	0.00597	0.00669	0.02787	0.01348	0.01797	0.05401	0.66240	0.04267	0.01988	0.00840	0.00267	0.00410	0.07911	0.00615	0.00559
15	0.02289	0.01738	0.01855	0.01471	0.01960	0.01942	0.01200	0.53984	0.20021	0.03804	0.01852	0.01797	0.01340	0.00816	0.00661	0.00204	0.00674	0.00630	0.00661	0.01100
16	0.01023	0.00819	0.01202	0.01169	0.01271	0.00998	0.00931	0.01249	0.01080	0.01565	0.01738	0.02724	0.01666	0.04167	0.58696	0.00894	0.12815	0.05023	0.00359	0.00609
17	0.00791	0.00617	0.00718	0.00800	0.00924	0.00545	0.00559	0.00930	0.01373	0.01726	0.05054	0.43567	0.36301	0.01877	0.00811	0.00246	0.00359	0.01645	0.00611	0.00545
18	0.02453	0.06263	0.02036	0.01528	0.02021	0.16105	0.01248	0.53566	0.02759	0.03512	0.01434	0.01475	0.01052	0.00756	0.00633	0.00189	0.00813	0.00547	0.00576	0.01035
19	0.01771	0.66339	0.09122	0.01213	0.01808	0.02480	0.01242	0.06380	0.01455	0.01760	0.00980	0.01117	0.00862	0.00583	0.00454	0.00150	0.00727	0.00379	0.00305	0.00873
20	0.01577	0.38762	0.26991	0.07444	0.02291	0.01985	0.01607	0.01998	0.01363	0.04774	0.01141	0.01355	0.00918	0.00824	0.04261	0.00219	0.00857	0.00448	0.00307	0.00878
21	0.00908	0.00733	0.01111	0.01111	0.01253	0.00682	0.07913	0.01097	0.01354	0.01773	0.03785	0.51026	0.13180	0.01823	0.00833	0.00261	0.00478	0.09518	0.00582	0.00583
22	0.00802	0.00573	0.00764	0.00917	0.00955	0.00535	0.00611	0.00917	0.01260	0.01681	0.03628	0.76434	0.04354	0.02062	0.00840	0.00267	0.00382	0.01872	0.00611	0.00535
23	0.02066	0.02323	0.06880	0.06525	0.09009	0.36338	0.01422	0.04421	0.01661	0.08308	0.01253	0.01503	0.01000	0.00998	0.05416	0.00250	0.08902	0.00515	0.00379	0.00831
24	0.01666	0.53275	0.18119	0.01284	0.01903	0.02189	0.01378	0.01999	0.01355	0.04813	0.01100	0.01277	0.00928	0.00868	0.05212	0.00217	0.00823	0.00417	0.00309	0.00868
25	0.01026	0.00844	0.00857	0.00852	0.01050	0.04703	0.00627	0.04180	0.01573	0.03873	0.11025	0.23246	0.40499	0.01622	0.00775	0.00228	0.00414	0.01385	0.00614	0.00608
26	0.04305	0.07038	0.03180	0.01122	0.01624	0.10797	0.00919	0.06192	0.01555	0.02193	0.05194	0.04821	0.01384	0.00662	0.00540	0.00136	0.00608	0.00515	0.00419	0.46796
27	0.08435	0.05057	0.04143	0.04877	0.01971	0.12446	0.05952	0.16451	0.16720	0.04163	0.01670	0.01948	0.01337	0.07173	0.04576	0.00280	0.00815	0.00616	0.00491	0.00879
28	0.01829	0.18990	0.09865	0.07067	0.10675	0.08432	0.01429	0.15788	0.06712	0.04032	0.03895	0.01729	0.02986	0.00737	0.00649	0.00190	0.03078	0.00562	0.00431	0.00923
29	0.14876	0.11497	0.19783	0.02922	0.03453	0.06883	0.01357	0.06014	0.07243	0.04579	0.03981	0.03982	0.01333	0.03784	0.00722	0.00213	0.02539	0.00566	0.00413	0.03858
30	0.06551	0.04641	0.04319	0.06664	0.16232	0.04909	0.02882	0.22522	0.05483	0.05696	0.01765	0.03489	0.04540	0.00904	0.02360	0.00225	0.03561	0.01827	0.00487	0.00940
31	0.06758	0.02905	0.04080	0.01426	0.07777	0.01336	0.01072	0.19095	0.05707	0.07233	0.05751	0.06648	0.07589	0.01245	0.06695	0.00266	0.02415	0.00738	0.00533	0.10734

[dist]
# distance from previous block
# <min> <max>
9	27

[block]
# block no. 5 follows, 33 sequences, length 25
# corresponding to MSA columns:
# 221-245
name=unknown_F
#
# <colnr> <probs for GDERKNQSTAVLIFYWHMCP>
#	G	D	E	R	K	N	Q	S	T	A	V	L	I	F	Y	W	H	M	C	P
0	0.01724	0.01695	0.06856	0.05058	0.13611	0.16473	0.01253	0.05823	0.06302	0.08585	0.03872	0.13394	0.04702	0.00966	0.00663	0.00204	0.00718	0.00809	0.06456	0.00836
1	0.04688	0.03044	0.03996	0.10627	0.06623	0.06719	0.01276	0.23195	0.06347	0.17304	0.03270	0.01874	0.01345	0.01034	0.05474	0.00257	0.00793	0.00608	0.00557	0.00968
2	0.09504	0.01958	0.10665	0.01618	0.04539	0.13418	0.05555	0.10284	0.18821	0.04204	0.01646	0.01884	0.01298	0.02836	0.00800	0.00221	0.05544	0.02158	0.00472	0.02575
3	0.05983	0.11176	0.10320	0.02155	0.22883	0.04542	0.01491	0.07832	0.17244	0.03924	0.01603	0.03526	0.01285	0.00717	0.00611	0.00196	0.00711	0.00592	0.00442	0.02768
4	0.01644	0.09429	0.07370	0.12411	0.09088	0.05496	0.14682	0.02311	0.14240	0.07233	0.01585	0.01830	0.01220	0.00968	0.05521	0.00263	0.02774	0.00625	0.00415	0.00896
5	0.09664	0.16554	0.20313	0.01897	0.13175	0.06207	0.06587	0.04847	0.03747	0.02149	0.01399	0.01587	0.03818	0.00655	0.00580	0.00187	0.00793	0.00525	0.00354	0.04963
6	0.01493	0.01215	0.01383	0.01059	0.01542	0.01082	0.00836	0.11790	0.08304	0.02484	0.07623	0.01993	0.01638	0.05422	0.00734	0.00167	0.00519	0.00558	0.00485	0.49671
7	0.02432	0.01809	0.01936	0.01500	0.02014	0.02008	0.01234	0.65058	0.08715	0.04034	0.01671	0.01652	0.01193	0.00799	0.00659	0.00200	0.00708	0.00605	0.00659	0.01113
8	0.00802	0.00573	0.00764	0.00917	0.00955	0.00535	0.00611	0.00917	0.01260	0.01681	0.03628	0.76434	0.04354	0.02062	0.00840	0.00267	0.00382	0.01872	0.00611	0.00535
9	0.00953	0.00657	0.00813	0.00813	0.00846	0.00690	0.00518	0.01019	0.00986	0.01347	0.01987	0.03825	0.02184	0.56686	0.23242	0.00756	0.00954	0.00887	0.00386	0.00452
10	0.01525	0.01975	0.12373	0.02665	0.03368	0.01648	0.62077	0.02106	0.01534	0.02106	0.01313	0.01729	0.00979	0.00564	0.00758	0.00220	0.01093	0.00741	0.00326	0.00898
11	0.75617	0.01412	0.01035	0.00928	0.01330	0.06903	0.00755	0.01987	0.01176	0.02854	0.00924	0.01078	0.00723	0.00616	0.00421	0.00201	0.00560	0.00362	0.00402	0.00717
12	0.00957	0.00638	0.00718	0.00718	0.00718	0.00638	0.00399	0.00957	0.00957	0.01276	0.02074	0.04308	0.02393	0.76864	0.03351	0.00638	0.00638	0.00957	0.00399	0.00399
13	0.01579	0.02628	0.39150	0.02375	0.18539	0.05296	0.07091	0.08135	0.03223	0.02263	0.01260	0.01505	0.00947	0.00647	0.00680	0.00206	0.02613	0.00545	0.00339	0.00981
14	0.05516	0.01231	0.01471	0.01196	0.01613	0.01234	0.00963	0.18664	0.09071	0.33046	0.10892	0.07920	0.02272	0.00966	0.00679	0.00209	0.00549	0.00796	0.00721	0.00991
15	0.01805	0.01375	0.01528	0.01308	0.01660	0.01523	0.01032	0.34187	0.18163	0.03067	0.02257	0.16745	0.02020	0.01498	0.08362	0.00307	0.00718	0.00893	0.00620	0.00930
16	0.00947	0.00702	0.00861	0.00926	0.01050	0.00669	0.00667	0.06066	0.01495	0.01958	0.08323	0.48480	0.17330	0.01833	0.00816	0.00252	0.00408	0.06005	0.00621	0.00592
17	0.01561	0.05890	0.01649	0.01317	0.06268	0.05699	0.00981	0.05263	0.01478	0.05004	0.01386	0.06896	0.01237	0.00704	0.00667	0.00147	0.06178	0.00546	0.00416	0.46712
18	0.01276	0.05629	0.01552	0.01213	0.01535	0.01169	0.08898	0.06830	0.15454	0.02343	0.18468	0.03816	0.19141	0.01433	0.06211	0.00277	0.00621	0.02786	0.00579	0.00767
19	0.01444	0.01306	0.04866	0.01240	0.06565	0.09827	0.00924	0.06743	0.01725	0.09497	0.10736	0.06454	0.33598	0.01242	0.00719	0.00209	0.00555	0.01028	0.00576	0.00744
20	0.02052	0.18319	0.13219	0.01545	0.03415	0.32799	0.01370	0.06788	0.01734	0.06301	0.01500	0.01600	0.05212	0.00719	0.00583	0.00177	0.00924	0.00506	0.00384	0.00851
21	0.01566	0.02167	0.23098	0.04900	0.09791	0.09732	0.08695	0.06633	0.09484	0.02196	0.01633	0.09394	0.01403	0.00804	0.00663	0.00205	0.00830	0.00698	0.00407	0.05703
22	0.01782	0.01251	0.01366	0.03607	0.01632	0.06500	0.00972	0.05295	0.25569	0.17938	0.04830	0.18433	0.02484	0.01157	0.00713	0.00227	0.00566	0.04139	0.00651	0.00890
23	0.01071	0.00975	0.01071	0.01121	0.05415	0.06250	0.00773	0.01250	0.01397	0.01777	0.06649	0.18536	0.28745	0.05495	0.05528	0.00293	0.05492	0.01166	0.00514	0.06480
24	0.01728	0.06908	0.22219	0.02146	0.18458	0.09976	0.01706	0.10318	0.09148	0.02321	0.01359	0.01537	0.01053	0.00669	0.00649	0.00192	0.02472	0.00530	0.00391	0.06221

[dist]
# distance from previous block
# <min> <max>
0	38

[block]
# block no. 6 follows, 33 sequences, length 6
# corresponding to MSA columns:
# 285-290
name=unknown_G
#
# <colnr> <probs for GDERKNQSTAVLIFYWHMCP>
#	G	D	E	R	K	N	Q	S	T	A	V	L	I	F	Y	W	H	M	C	P
0	0.01529	0.03651	0.13985	0.01516	0.05594	0.05675	0.06116	0.07093	0.05982	0.08777	0.04888	0.16354	0.07136	0.01232	0.04041	0.00251	0.00727	0.00905	0.00503	0.04044
1	0.01680	0.01829	0.14306	0.01423	0.01873	0.09465	0.04017	0.14645	0.05919	0.06109	0.07110	0.05331	0.04670	0.04993	0.04228	0.00264	0.04770	0.00716	0.00488	0.06163
2	0.08724	0.15920	0.15881	0.01535	0.02048	0.05651	0.09682	0.08415	0.07203	0.02201	0.01518	0.05743	0.01338	0.04091	0.00808	0.00225	0.04485	0.03280	0.00403	0.00849
3	0.03933	0.10643	0.04039	0.01418	0.05459	0.09720	0.05387	0.04953	0.06189	0.12813	0.02030	0.02519	0.05818	0.10022	0.02852	0.00266	0.00735	0.03728	0.00479	0.06997
4	0.08438	0.09727	0.06870	0.04830	0.04924	0.07947	0.08081	0.10885	0.03769	0.02295	0.06573	0.05838	0.05067	0.01028	0.03892	0.00238	0.04498	0.00690	0.00438	0.03972
5	0.01690	0.19542	0.26185	0.09061	0.02451	0.09503	0.04695	0.02126	0.01472	0.08763	0.01327	0.03938	0.01052	0.00676	0.00589	0.00186	0.00846	0.00530	0.00358	0.05008

[dist]
# distance from previous block
# <min> <max>
0	3

[block]
# block no. 7 follows, 33 sequences, length 86
# corresponding to MSA columns:
# 294-379
name=unknown_H
#
# <colnr> <probs for GDERKNQSTAVLIFYWHMCP>
#	G	D	E	R	K	N	Q	S	T	A	V	L	I	F	Y	W	H	M	C	P
0	0.01217	0.01105	0.01264	0.01194	0.01401	0.09108	0.06654	0.07363	0.01573	0.01963	0.03456	0.38361	0.14699	0.01583	0.00786	0.00241	0.00573	0.06247	0.00561	0.00650
1	0.01615	0.04822	0.05925	0.01330	0.04731	0.04301	0.01085	0.12298	0.01631	0.02360	0.01197	0.01395	0.00973	0.00606	0.00652	0.00142	0.06060	0.00448	0.00408	0.48020
2	0.02975	0.05387	0.07642	0.01623	0.09405	0.08989	0.06096	0.06061	0.02877	0.03603	0.05466	0.12372	0.09976	0.00997	0.00740	0.00201	0.04423	0.00836	0.00456	0.09874
3	0.29209	0.17114	0.04863	0.01226	0.02892	0.01609	0.05064	0.06181	0.01369	0.02300	0.01622	0.08032	0.04314	0.03994	0.00748	0.00224	0.04513	0.03557	0.00413	0.00756
4	0.01017	0.00805	0.00880	0.00866	0.01003	0.03834	0.00595	0.02424	0.01378	0.01828	0.15325	0.24349	0.11530	0.22874	0.01490	0.00337	0.00486	0.01227	0.00542	0.07212
5	0.01747	0.21801	0.10449	0.01911	0.15840	0.08588	0.01441	0.10397	0.09511	0.02193	0.01492	0.06922	0.01302	0.00775	0.00642	0.00191	0.02860	0.00610	0.00408	0.00920
6	0.01465	0.01185	0.01572	0.01455	0.07478	0.01148	0.05830	0.02177	0.22193	0.05734	0.02043	0.12179	0.01801	0.00998	0.00799	0.06627	0.00561	0.00771	0.00507	0.23475
7	0.03034	0.17570	0.29495	0.01865	0.11438	0.11485	0.01725	0.05008	0.01556	0.05850	0.01428	0.01579	0.03869	0.00675	0.00590	0.00188	0.00856	0.00513	0.00354	0.00921
8	0.01355	0.07709	0.08956	0.16582	0.18336	0.01403	0.03872	0.04286	0.03110	0.01955	0.01756	0.11860	0.01676	0.01266	0.06774	0.00288	0.01947	0.05662	0.00391	0.00815
9	0.00858	0.00710	0.00759	0.00761	0.00966	0.00638	0.00565	0.01156	0.06593	0.01921	0.12366	0.14355	0.52767	0.01628	0.00778	0.00226	0.00351	0.01381	0.00627	0.00595
10	0.04840	0.02072	0.04918	0.03055	0.06126	0.22282	0.01279	0.25809	0.08350	0.07875	0.01566	0.02832	0.01198	0.00936	0.03719	0.00231	0.00874	0.00576	0.00515	0.00948
11	0.01915	0.08819	0.08342	0.19955	0.06881	0.13942	0.01511	0.16923	0.06051	0.06176	0.01377	0.01582	0.01036	0.00705	0.00648	0.00197	0.02058	0.00543	0.00430	0.00910
12	0.02240	0.01689	0.01812	0.01413	0.01912	0.01837	0.01156	0.55034	0.09846	0.03735	0.01933	0.01907	0.05001	0.00825	0.00654	0.00194	0.00666	0.00636	0.00638	0.06873
13	0.01065	0.00877	0.01152	0.01211	0.04997	0.04000	0.00866	0.01351	0.04030	0.01605	0.01973	0.02769	0.04626	0.10154	0.55234	0.00870	0.01483	0.00738	0.00378	0.00621
14	0.02500	0.01914	0.01970	0.01524	0.02041	0.05938	0.01252	0.66895	0.03029	0.04012	0.01550	0.01559	0.01105	0.00784	0.00655	0.00196	0.00749	0.00584	0.00641	0.01100
15	0.01145	0.00852	0.01106	0.03593	0.06314	0.00791	0.00817	0.02541	0.04054	0.06148	0.11502	0.26955	0.16677	0.01427	0.00745	0.00221	0.00452	0.04315	0.00583	0.09762
16	0.01983	0.04991	0.02247	0.04887	0.28109	0.12810	0.03032	0.16759	0.09713	0.05431	0.01473	0.01649	0.01143	0.00698	0.00668	0.00196	0.02189	0.00578	0.00453	0.00991
17	0.01404	0.01209	0.08893	0.01165	0.02721	0.03262	0.00956	0.01846	0.09685	0.11660	0.09952	0.03001	0.02255	0.19682	0.18886	0.00512	0.00901	0.00784	0.00498	0.00730
18	0.00857	0.00660	0.00990	0.01052	0.01135	0.00617	0.05675	0.01003	0.01282	0.01712	0.03462	0.71014	0.04111	0.01953	0.00836	0.00264	0.00435	0.01792	0.00591	0.00560
19	0.01680	0.01604	0.06070	0.10813	0.42683	0.02810	0.01764	0.03965	0.13663	0.06076	0.01555	0.01797	0.01211	0.00668	0.00654	0.00204	0.00751	0.00610	0.00414	0.01007
20	0.13517	0.09653	0.03354	0.07908	0.08097	0.06155	0.09944	0.14104	0.12003	0.06790	0.01500	0.01634	0.01129	0.00690	0.00609	0.00200	0.00750	0.00569	0.00468	0.00928
21	0.01645	0.01037	0.01295	0.01275	0.06499	0.01033	0.00889	0.15893	0.01757	0.15095	0.03932	0.19424	0.07327	0.14770	0.01203	0.00300	0.00567	0.04674	0.00601	0.00781
22	0.02014	0.01764	0.05008	0.01955	0.16671	0.08878	0.01349	0.31749	0.03747	0.05460	0.05123	0.02018	0.03141	0.04087	0.03854	0.00251	0.00794	0.00644	0.00525	0.00970
23	0.03411	0.02153	0.22893	0.12528	0.09508	0.04574	0.19656	0.09262	0.01651	0.06095	0.01330	0.01614	0.00973	0.00637	0.00671	0.00209	0.00928	0.00600	0.00373	0.00932
24	0.01768	0.12294	0.04042	0.01811	0.05255	0.05930	0.20060	0.09583	0.13654	0.07443	0.01852	0.10077	0.01572	0.00836	0.00675	0.00207	0.00777	0.00770	0.00483	0.00912
25	0.00961	0.00675	0.00821	0.00835	0.01003	0.00603	0.00621	0.01168	0.01564	0.05814	0.24108	0.23386	0.28669	0.01639	0.00795	0.00233	0.00368	0.05479	0.00654	0.00602
26	0.01229	0.01183	0.06306	0.01077	0.01338	0.04852	0.00866	0.03021	0.18151	0.03677	0.12368	0.20071	0.14110	0.07572	0.00953	0.00260	0.00515	0.01136	0.00589	0.00726
27	0.01648	0.24937	0.09250	0.09404	0.10604	0.15076	0.01376	0.01961	0.03739	0.01720	0.01324	0.07589	0.01221	0.00863	0.00725	0.06040	0.00804	0.00585	0.00339	0.00795
28	0.10149	0.02182	0.04800	0.02254	0.20109	0.26340	0.06715	0.11241	0.05928	0.02339	0.01265	0.01467	0.00999	0.00664	0.00618	0.00192	0.00901	0.00529	0.00401	0.00910
29	0.00873	0.00659	0.00815	0.00913	0.01009	0.00632	0.00632	0.01147	0.07119	0.01822	0.06803	0.57694	0.13658	0.01882	0.00815	0.00255	0.00384	0.01684	0.00621	0.00583
30	0.07565	0.34966	0.13670	0.01449	0.02016	0.12761	0.07012	0.05759	0.01549	0.01988	0.04850	0.01421	0.01147	0.00647	0.00539	0.00173	0.00817	0.00476	0.00347	0.00849
31	0.00972	0.03878	0.00945	0.00946	0.01033	0.03757	0.00671	0.01097	0.01273	0.01635	0.03222	0.44641	0.06570	0.16278	0.01301	0.00332	0.00504	0.09859	0.00545	0.00541
32	0.00850	0.00627	0.00800	0.00914	0.00985	0.00603	0.00623	0.01050	0.04486	0.01716	0.03697	0.61360	0.09677	0.04895	0.04105	0.00310	0.00454	0.01695	0.00595	0.00557
33	0.01431	0.06923	0.50232	0.01764	0.02528	0.09727	0.05708	0.02019	0.01436	0.01962	0.01413	0.09242	0.01214	0.00775	0.00642	0.00207	0.00928	0.00633	0.00323	0.00892
34	0.00796	0.00660	0.00697	0.00705	0.00905	0.00561	0.00522	0.00974	0.01519	0.01861	0.13365	0.11969	0.59865	0.01666	0.00783	0.00224	0.00335	0.01408	0.00623	0.00561
35	0.01596	0.07392	0.09157	0.06619	0.16103	0.05609	0.39679	0.02086	0.01519	0.02024	0.01246	0.01632	0.00968	0.00579	0.00699	0.00207	0.01000	0.00658	0.00322	0.00905
36	0.01674	0.01835	0.08023	0.03682	0.61572	0.07556	0.01990	0.02076	0.01521	0.02101	0.01216	0.01575	0.01011	0.00597	0.00645	0.00194	0.00830	0.00565	0.00323	0.01014
37	0.01921	0.10085	0.02589	0.05088	0.28937	0.27917	0.10103	0.02235	0.01615	0.01872	0.01134	0.01432	0.00941	0.00616	0.00622	0.00184	0.00964	0.00527	0.00326	0.00892
38	0.01088	0.00819	0.00967	0.00974	0.01141	0.00816	0.00716	0.09067	0.06687	0.02170	0.11890	0.35826	0.15145	0.04463	0.00887	0.00258	0.00437	0.05372	0.00626	0.00651
39	0.02224	0.01228	0.01464	0.01214	0.01632	0.01238	0.00970	0.12149	0.21150	0.34291	0.02807	0.08572	0.06071	0.00986	0.00685	0.00215	0.00544	0.00818	0.00725	0.01017
40	0.02102	0.05679	0.06578	0.01307	0.04871	0.01057	0.01084	0.03685	0.01690	0.38464	0.02791	0.09978	0.06513	0.01083	0.00703	0.00221	0.00586	0.10021	0.00660	0.00930
41	0.02126	0.16581	0.05467	0.06781	0.02119	0.07093	0.01278	0.40519	0.02344	0.03035	0.01390	0.01602	0.01085	0.04828	0.00752	0.00210	0.00771	0.00548	0.00505	0.00967
42	0.01370	0.07240	0.63834	0.02014	0.08554	0.01590	0.02328	0.02073	0.01396	0.02061	0.01172	0.01392	0.00852	0.00619	0.00617	0.00204	0.00943	0.00487	0.00282	0.00972
43	0.00820	0.00661	0.00730	0.00729	0.00919	0.00571	0.00541	0.01020	0.01575	0.01994	0.23471	0.11751	0.49677	0.01617	0.00783	0.00222	0.00332	0.01378	0.00641	0.00571
44	0.03944	0.06376	0.19606	0.17909	0.15019	0.20966	0.03146	0.02122	0.01513	0.01880	0.01127	0.01437	0.00884	0.00635	0.00615	0.00195	0.00952	0.00503	0.00311	0.00861
45	0.04048	0.23903	0.44253	0.01586	0.02372	0.04948	0.01877	0.02138	0.01417	0.06138	0.01175	0.01328	0.00881	0.00621	0.00563	0.00187	0.00868	0.00452	0.00317	0.00929
46	0.00917	0.00654	0.00758	0.00801	0.00963	0.00571	0.00574	0.01067	0.01422	0.05952	0.05153	0.35502	0.39724	0.01783	0.00797	0.00240	0.00367	0.01549	0.00623	0.00580
47	0.01769	0.66710	0.06239	0.01331	0.05539	0.02479	0.01234	0.05126	0.01429	0.01722	0.00974	0.01124	0.00868	0.00577	0.00454	0.00149	0.00720	0.00381	0.00301	0.00873
48	0.04180	0.01278	0.01445	0.01488	0.09415	0.07202	0.01025	0.15030	0.01762	0.05178	0.08050	0.18390	0.09256	0.03625	0.02509	0.00255	0.05985	0.02609	0.00541	0.00775
49	0.01556	0.04030	0.08451	0.05300	0.47448	0.04560	0.08329	0.01957	0.01481	0.02048	0.01419	0.07762	0.01276	0.00714	0.00668	0.00203	0.00813	0.00688	0.00344	0.00954
50	0.00814	0.00629	0.00746	0.00829	0.00957	0.00562	0.00596	0.00969	0.01396	0.01765	0.06456	0.39575	0.33734	0.01858	0.00817	0.00249	0.00376	0.06507	0.00613	0.00551
51	0.07315	0.02588	0.39672	0.02185	0.08372	0.03589	0.20276	0.02128	0.01452	0.04499	0.01249	0.01511	0.00912	0.00610	0.00652	0.00209	0.00953	0.00566	0.00325	0.00936
52	0.03281	0.07051	0.07947	0.16415	0.17884	0.03195	0.09170	0.01936	0.01376	0.06966	0.01287	0.01685	0.01032	0.01050	0.06912	0.00284	0.10736	0.00588	0.00347	0.00858
53	0.00928	0.00607	0.00807	0.00926	0.00996	0.00561	0.00629	0.01053	0.01303	0.05904	0.03641	0.70372	0.05831	0.01979	0.00828	0.00263	0.00391	0.01789	0.00623	0.00570
54	0.01591	0.01612	0.02557	0.12519	0.45329	0.07497	0.10453	0.01974	0.01499	0.02014	0.01364	0.06041	0.01196	0.00686	0.00675	0.00204	0.00845	0.00673	0.00340	0.00931
55	0.01350	0.01165	0.04845	0.01523	0.08113	0.01068	0.08835	0.09182	0.04191	0.05437	0.09760	0.17428	0.08816	0.08999	0.01022	0.00271	0.00611	0.06086	0.00544	0.00753
56	0.01301	0.01171	0.01881	0.23186	0.28788	0.01246	0.01548	0.01696	0.02985	0.02019	0.08859	0.05187	0.06071	0.00963	0.00715	0.00223	0.00696	0.10231	0.00426	0.00810
57	0.01419	0.01332	0.02215	0.49742	0.17559	0.01553	0.05464	0.05831	0.01456	0.01938	0.01202	0.01707	0.00930	0.00669	0.00732	0.00217	0.04294	0.00596	0.00323	0.00823
58	0.01597	0.18219	0.33855	0.01967	0.10136	0.10173	0.05019	0.02077	0.01422	0.01886	0.01094	0.01346	0.00871	0.00655	0.00716	0.00196	0.07089	0.00483	0.00294	0.00905
59	0.01343	0.01168	0.01434	0.01737	0.17276	0.06179	0.01054	0.10032	0.03752	0.02121	0.02817	0.36359	0.07801	0.02798	0.00795	0.00238	0.00576	0.01236	0.00532	0.00752
60	0.01144	0.00737	0.00952	0.00958	0.01139	0.00688	0.00744	0.01432	0.03580	0.09596	0.26007	0.20285	0.13010	0.01567	0.00803	0.00242	0.00423	0.15367	0.00670	0.00656
61	0.00986	0.00692	0.00867	0.00955	0.05053	0.00676	0.00568	0.01101	0.01232	0.01712	0.16859	0.12365	0.03299	0.44660	0.02238	0.00458	0.00534	0.01072	0.04163	0.00508
62	0.09215	0.02025	0.03392	0.05079	0.36095	0.22672	0.04037	0.04482	0.03124	0.02130	0.01187	0.01471	0.00969	0.00631	0.00617	0.00191	0.00885	0.00527	0.00354	0.00918
63	0.01481	0.01444	0.02304	0.37951	0.37119	0.04667	0.01896	0.01885	0.01428	0.01904	0.01196	0.01670	0.00955	0.00625	0.00652	0.00206	0.00845	0.00579	0.00311	0.00882
64	0.00829	0.00659	0.00745	0.00744	0.00926	0.00574	0.00550	0.01036	0.01591	0.02042	0.27259	0.13238	0.44264	0.01607	0.00784	0.00222	0.00331	0.01377	0.00647	0.00574
65	0.02578	0.01403	0.04884	0.01398	0.05910	0.07076	0.01102	0.04940	0.01873	0.51868	0.08092	0.02281	0.01859	0.00825	0.00664	0.00201	0.00628	0.00672	0.00710	0.01038
66	0.07486	0.08782	0.01928	0.14230	0.14011	0.09799	0.01326	0.02379	0.18726	0.05893	0.01618	0.01820	0.01269	0.01055	0.06684	0.00270	0.00822	0.00581	0.00436	0.00882
67	0.00956	0.00665	0.00809	0.00838	0.00996	0.00593	0.00612	0.01144	0.01512	0.06139	0.18425	0.30587	0.28404	0.01698	0.00798	0.00237	0.00370	0.03977	0.00646	0.00597
68	0.01385	0.12592	0.62523	0.01849	0.04847	0.01665	0.02256	0.02069	0.01387	0.02020	0.01150	0.01355	0.00842	0.00616	0.00601	0.00200	0.00933	0.00473	0.00280	0.00959
69	0.01603	0.06265	0.18224	0.02460	0.10623	0.07660	0.34868	0.02211	0.05658	0.02075	0.01321	0.01630	0.01007	0.00604	0.00690	0.00208	0.00994	0.00640	0.00338	0.00920
70	0.02136	0.06227	0.08113	0.02013	0.09090	0.48845	0.07781	0.02413	0.01710	0.01745	0.01072	0.01303	0.00880	0.00664	0.00662	0.00183	0.03534	0.00479	0.00328	0.00822
71	0.01409	0.02815	0.48899	0.02297	0.08776	0.01568	0.20673	0.02086	0.01443	0.02097	0.01227	0.01513	0.00896	0.00603	0.00668	0.00211	0.00994	0.00573	0.00297	0.00956
72	0.01018	0.00787	0.01099	0.01064	0.01200	0.00761	0.06375	0.06089	0.01389	0.01838	0.03258	0.45297	0.08929	0.14901	0.01258	0.00321	0.00512	0.02765	0.00554	0.00586
73	0.01146	0.00807	0.01057	0.00986	0.01106	0.00803	0.04690	0.04984	0.04318	0.04709	0.04456	0.23649	0.02839	0.39128	0.02063	0.00440	0.00583	0.01163	0.00506	0.00568
74	0.00978	0.00685	0.00879	0.00973	0.01076	0.00669	0.00690	0.01260	0.07102	0.04728	0.03552	0.57361	0.06857	0.02007	0.03951	0.00295	0.00470	0.05246	0.00613	0.00608
75	0.07260	0.07433	0.53150	0.01749	0.02563	0.07561	0.04330	0.02086	0.01417	0.02074	0.01224	0.01568	0.00943	0.00667	0.00611	0.00205	0.00932	0.03007	0.00307	0.00913
76	0.02063	0.17415	0.02376	0.02099	0.17656	0.35844	0.01421	0.04824	0.01662	0.01811	0.01056	0.01292	0.00902	0.00674	0.00689	0.00179	0.06390	0.00463	0.00333	0.00852
77	0.01728	0.05073	0.06999	0.01654	0.07646	0.15033	0.01289	0.10430	0.02880	0.05328	0.02030	0.08197	0.09289	0.01021	0.01011	0.00221	0.18172	0.00740	0.00440	0.00819
78	0.00989	0.00839	0.00893	0.00981	0.01089	0.05977	0.00683	0.01257	0.07130	0.01775	0.03687	0.57351	0.11213	0.01823	0.00802	0.00252	0.00447	0.01622	0.00596	0.00595
79	0.04591	0.02961	0.04569	0.05901	0.17219	0.09952	0.01399	0.18828	0.04872	0.09461	0.01797	0.04133	0.01519	0.00873	0.00672	0.00211	0.00753	0.08841	0.00510	0.00938
80	0.01387	0.01281	0.01450	0.01303	0.01554	0.11683	0.08702	0.07836	0.05923	0.03329	0.05931	0.31353	0.09215	0.03006	0.00814	0.00240	0.00629	0.03104	0.00552	0.00707
81	0.00955	0.00742	0.00835	0.00803	0.01015	0.00683	0.00604	0.01323	0.07922	0.03714	0.28141	0.08308	0.39570	0.01487	0.00768	0.00219	0.00350	0.01269	0.00659	0.00633
82	0.05956	0.10347	0.06249	0.17382	0.28043	0.09730	0.03955	0.06991	0.01576	0.02111	0.01171	0.01500	0.00941	0.00626	0.00611	0.00193	0.00840	0.00531	0.00342	0.00905
83	0.01587	0.45322	0.26786	0.01479	0.02154	0.02174	0.04533	0.01994	0.01347	0.01754	0.01019	0.01219	0.00849	0.00615	0.00598	0.00175	0.04803	0.00427	0.00283	0.00883
84	0.01351	0.01236	0.02004	0.66940	0.07213	0.01509	0.01794	0.06697	0.01453	0.01881	0.01203	0.01737	0.00902	0.00665	0.00658	0.00217	0.00862	0.00586	0.00320	0.00773
85	0.00960	0.00768	0.00896	0.00883	0.01088	0.00715	0.01859	0.04829	0.04197	0.02031	0.11808	0.18485	0.39975	0.01625	0.00790	0.00235	0.00405	0.07213	0.00622	0.00617

[dist]
# distance from previous block
# <min> <max>
0	1

[block]
# block no. 8 follows, 33 sequences, length 19
# corresponding to MSA columns:
# 381-399
name=unknown_I
#
# <colnr> <probs for GDERKNQSTAVLIFYWHMCP>
#	G	D	E	R	K	N	Q	S	T	A	V	L	I	F	Y	W	H	M	C	P
0	0.01711	0.42128	0.16628	0.01441	0.04729	0.05212	0.01398	0.09810	0.01573	0.01988	0.01269	0.07000	0.01152	0.00722	0.00538	0.00174	0.00758	0.00535	0.00354	0.00882
1	0.01234	0.00997	0.01037	0.01015	0.01163	0.06446	0.00743	0.06708	0.06374	0.01935	0.08840	0.10897	0.05942	0.29216	0.01725	0.00388	0.00608	0.13600	0.00529	0.00605
2	0.00929	0.00709	0.00836	0.00878	0.01032	0.00660	0.00645	0.05333	0.01531	0.01969	0.10078	0.35046	0.29292	0.01762	0.00806	0.00244	0.00397	0.06638	0.00623	0.00591
3	0.05424	0.02334	0.26399	0.02291	0.17617	0.11579	0.12593	0.02036	0.01513	0.02071	0.03509	0.01922	0.06383	0.00710	0.00655	0.00203	0.00895	0.00625	0.00349	0.00892
4	0.07232	0.15664	0.45230	0.01608	0.02386	0.07219	0.01884	0.02186	0.01438	0.07676	0.01218	0.01363	0.00892	0.00633	0.00576	0.00193	0.00878	0.00464	0.00335	0.00929
5	0.01298	0.01152	0.01321	0.01332	0.04823	0.08653	0.00967	0.06356	0.05730	0.01846	0.01939	0.13611	0.01906	0.05479	0.34678	0.00623	0.06328	0.00843	0.00428	0.00688
6	0.34433	0.09137	0.12481	0.01399	0.01902	0.22553	0.05516	0.02172	0.01422	0.02255	0.01011	0.01194	0.00800	0.00625	0.00518	0.00190	0.00829	0.00421	0.00352	0.00789
7	0.01178	0.06754	0.01156	0.01039	0.01206	0.05980	0.00774	0.01461	0.06745	0.05248	0.03294	0.46603	0.07737	0.01658	0.00770	0.00244	0.00496	0.06428	0.00581	0.00648
8	0.01410	0.27677	0.31740	0.01539	0.02193	0.01757	0.06913	0.01870	0.01341	0.01819	0.01337	0.06693	0.01183	0.01158	0.08406	0.00281	0.00935	0.00584	0.00315	0.00852
9	0.01645	0.03395	0.06632	0.01624	0.11665	0.09620	0.01165	0.12640	0.07130	0.05777	0.11294	0.05768	0.05844	0.09385	0.00979	0.00254	0.00678	0.03154	0.00521	0.00830
10	0.07646	0.29504	0.19288	0.01369	0.01932	0.01856	0.04082	0.06687	0.02944	0.02049	0.03009	0.01722	0.04775	0.01038	0.06273	0.00253	0.03832	0.00534	0.00360	0.00846
11	0.06664	0.09202	0.12766	0.01589	0.04990	0.06305	0.07173	0.12263	0.05914	0.05441	0.04981	0.02021	0.02852	0.06673	0.02445	0.00255	0.06535	0.00629	0.00441	0.00862
12	0.09540	0.08585	0.14671	0.01438	0.02010	0.10535	0.01346	0.23958	0.02059	0.17380	0.01532	0.01543	0.01080	0.00716	0.00602	0.00193	0.00770	0.00525	0.00528	0.00989
13	0.03508	0.16831	0.09182	0.07224	0.08320	0.07963	0.01318	0.09289	0.05840	0.08141	0.06808	0.04620	0.01698	0.00828	0.00620	0.00196	0.00716	0.03903	0.02120	0.00877
14	0.01761	0.17407	0.19803	0.01439	0.03332	0.05528	0.01398	0.16947	0.06055	0.05185	0.01811	0.01958	0.06554	0.04029	0.00718	0.00206	0.00746	0.00589	0.00446	0.04088
15	0.01639	0.19472	0.16545	0.01629	0.08316	0.10704	0.01413	0.08230	0.06505	0.02069	0.01862	0.08062	0.06766	0.00865	0.00661	0.00195	0.03122	0.00673	0.00407	0.00865
16	0.01484	0.09642	0.23659	0.03483	0.04541	0.01499	0.06754	0.09396	0.08336	0.03804	0.08443	0.04395	0.04524	0.01115	0.05813	0.00264	0.00818	0.00700	0.00445	0.00885
17	0.06655	0.06900	0.17486	0.01390	0.01877	0.12372	0.01320	0.10459	0.07103	0.04004	0.12086	0.02171	0.01893	0.00992	0.03615	0.00231	0.02607	0.02302	0.00467	0.04072
18	0.11409	0.06342	0.07351	0.01648	0.14422	0.03754	0.01167	0.07421	0.03820	0.05090	0.13750	0.11368	0.04441	0.01047	0.01994	0.00219	0.00620	0.00817	0.00499	0.02819

[dist]
# distance from previous block
# <min> <max>
13	45

[block]
# block no. 9 follows, 33 sequences, length 13
# corresponding to MSA columns:
# 456-468
name=unknown_J
#
# <colnr> <probs for GDERKNQSTAVLIFYWHMCP>
#	G	D	E	R	K	N	Q	S	T	A	V	L	I	F	Y	W	H	M	C	P
0	0.08852	0.19034	0.09964	0.05555	0.08822	0.12355	0.01315	0.08196	0.05715	0.02165	0.04097	0.01662	0.01242	0.04407	0.00699	0.00203	0.00767	0.00522	0.00390	0.04036
1	0.05574	0.15940	0.08001	0.01570	0.10526	0.07972	0.01213	0.07956	0.09129	0.07132	0.03694	0.02274	0.09979	0.02864	0.00678	0.00200	0.00679	0.00646	0.00466	0.03508
2	0.05022	0.05133	0.01766	0.01496	0.04713	0.10954	0.04208	0.07562	0.28387	0.09105	0.07557	0.02246	0.03326	0.00861	0.00728	0.00209	0.04547	0.00685	0.00565	0.00930
3	0.02071	0.10294	0.04987	0.01736	0.09445	0.03868	0.01337	0.35604	0.14956	0.03120	0.01604	0.01661	0.01211	0.00770	0.00702	0.00200	0.04277	0.00583	0.00542	0.01032
4	0.03905	0.01254	0.01446	0.01143	0.01582	0.01225	0.00917	0.21932	0.04148	0.14040	0.05641	0.02279	0.05390	0.04547	0.06765	0.00266	0.00664	0.00650	0.00572	0.21634
5	0.04420	0.05121	0.04809	0.07420	0.01565	0.01008	0.00920	0.08039	0.01596	0.05787	0.06766	0.19368	0.23130	0.01377	0.00731	0.00227	0.00518	0.05938	0.00561	0.00699
