[name]
unknown

[dist]
# distance from previous block
# <min> <max>
28	84

[block]
# block no. 0 follows, 27 sequences, length 64
# corresponding to MSA columns:
# 84-147
name=unknown_A
#
# <colnr> <probs for GDERKNQSTAVLIFYWHMCP>
#	G	D	E	R	K	N	Q	S	T	A	V	L	I	F	Y	W	H	M	C	P
0	0.10479	0.01961	0.04372	0.04551	0.16848	0.09628	0.12049	0.10952	0.07722	0.09323	0.03767	0.01991	0.01441	0.00785	0.00728	0.00228	0.00895	0.00690	0.00527	0.01064
1	0.02295	0.01743	0.02241	0.02395	0.20334	0.08550	0.05494	0.04923	0.15174	0.19891	0.05374	0.02330	0.01821	0.00850	0.00746	0.00225	0.00790	0.00740	0.00624	0.03460
2	0.01844	0.01211	0.01697	0.01882	0.16435	0.01159	0.01191	0.04372	0.06580	0.17355	0.28463	0.03659	0.05834	0.01118	0.00792	0.00227	0.00568	0.00979	0.00715	0.03917
3	0.03808	0.04670	0.04219	0.02382	0.21977	0.05443	0.06757	0.05628	0.03939	0.04583	0.10421	0.04702	0.06214	0.00914	0.00733	0.00212	0.00756	0.00811	0.00513	0.11317
4	0.01745	0.06146	0.28069	0.02981	0.28394	0.06026	0.05881	0.02320	0.01653	0.02324	0.01340	0.01661	0.01055	0.00673	0.00701	0.00215	0.00982	0.00591	0.00352	0.06892
5	0.01581	0.01767	0.11072	0.07041	0.18041	0.01349	0.05298	0.02037	0.01614	0.02400	0.04621	0.01864	0.01376	0.00661	0.00661	0.00176	0.00760	0.00590	0.00413	0.36677
6	0.01876	0.01669	0.02322	0.04737	0.28209	0.01764	0.01656	0.10547	0.13599	0.02745	0.01673	0.01926	0.01340	0.00803	0.00889	0.00219	0.08415	0.00654	0.00490	0.14466
7	0.63451	0.01568	0.01325	0.01127	0.01614	0.01796	0.00929	0.15476	0.01722	0.03608	0.01188	0.01325	0.00898	0.00731	0.00518	0.00228	0.00624	0.00457	0.00518	0.00898
8	0.00886	0.00717	0.00788	0.00846	0.01027	0.00619	0.00606	0.01055	0.01602	0.01969	0.06383	0.29139	0.47718	0.02028	0.00901	0.00268	0.00394	0.01747	0.00689	0.00619
9	0.01837	0.01764	0.03013	0.04557	0.69279	0.01764	0.02278	0.02278	0.01690	0.02425	0.01396	0.01837	0.01176	0.00661	0.00735	0.00220	0.00882	0.00661	0.00367	0.01176
10	0.24825	0.01726	0.06929	0.02687	0.30179	0.01610	0.03596	0.02508	0.01639	0.15247	0.01574	0.01766	0.01172	0.00720	0.00658	0.00227	0.00771	0.00600	0.00494	0.01072
11	0.00904	0.00646	0.00861	0.01034	0.01077	0.00603	0.00689	0.01034	0.01421	0.01895	0.04092	0.73426	0.04910	0.02326	0.00948	0.00301	0.00431	0.02110	0.00689	0.00603
12	0.01151	0.00840	0.01134	0.01280	0.01463	0.00822	0.01107	0.01471	0.01707	0.02191	0.04437	0.08200	0.13402	0.02027	0.01004	0.00329	0.00640	0.55434	0.00684	0.00676
13	0.02222	0.01857	0.03171	0.02746	0.14791	0.01843	0.28727	0.16818	0.05380	0.12073	0.01812	0.02033	0.01317	0.00749	0.00798	0.00236	0.00974	0.00773	0.00547	0.01134
14	0.01688	0.01583	0.02521	0.02943	0.30149	0.01625	0.11452	0.02574	0.19830	0.02584	0.06082	0.09481	0.02181	0.00967	0.00791	0.00242	0.00781	0.00927	0.00533	0.01064
15	0.01061	0.00795	0.01193	0.01193	0.01326	0.00928	0.00928	0.01326	0.01193	0.01723	0.01988	0.02916	0.01856	0.05568	0.70968	0.01193	0.01988	0.00795	0.00398	0.00663
16	0.79154	0.01436	0.01091	0.00976	0.01436	0.01665	0.00804	0.02182	0.01263	0.03331	0.01034	0.01206	0.00804	0.00689	0.00459	0.00230	0.00574	0.00402	0.00459	0.00804
17	0.01204	0.00867	0.01240	0.01205	0.01355	0.00993	0.00932	0.05754	0.01327	0.01880	0.01903	0.02771	0.01757	0.04941	0.59180	0.09067	0.01770	0.00771	0.00413	0.00669
18	0.02695	0.02016	0.02157	0.01682	0.02254	0.02243	0.01380	0.58636	0.11865	0.04474	0.01943	0.01911	0.01393	0.00906	0.00744	0.00227	0.00787	0.00691	0.00744	0.01251
19	0.03331	0.01263	0.01723	0.01321	0.01895	0.01091	0.01091	0.03618	0.02125	0.69794	0.02929	0.02527	0.01838	0.00919	0.00747	0.00230	0.00632	0.00747	0.00919	0.01263
20	0.00904	0.00646	0.00861	0.01034	0.01077	0.00603	0.00689	0.01034	0.01421	0.01895	0.04092	0.73426	0.04910	0.02326	0.00948	0.00301	0.00431	0.02110	0.00689	0.00603
21	0.30339	0.01052	0.01018	0.00928	0.01244	0.01081	0.00713	0.01782	0.01572	0.08996	0.14683	0.03948	0.18663	0.09802	0.01052	0.00293	0.00510	0.00959	0.00619	0.00745
22	0.01034	0.00758	0.00969	0.00916	0.01099	0.00693	0.00687	0.01368	0.02061	0.02881	0.62854	0.05703	0.13098	0.01553	0.00876	0.00235	0.00353	0.01365	0.00805	0.00693
23	0.01061	0.00795	0.01193	0.01193	0.01326	0.00928	0.00928	0.01326	0.01193	0.01723	0.01988	0.02916	0.01856	0.05568	0.70968	0.01193	0.01988	0.00795	0.00398	0.00663
24	0.00905	0.00697	0.00830	0.00931	0.01064	0.00622	0.00657	0.01066	0.01543	0.01953	0.05485	0.43880	0.31039	0.02133	0.00922	0.00282	0.00418	0.04267	0.00689	0.00616
25	0.54495	0.01343	0.01205	0.01070	0.01495	0.01484	0.00860	0.05863	0.01521	0.11742	0.01734	0.11203	0.01519	0.00952	0.00578	0.00239	0.00576	0.00693	0.00566	0.00862
26	0.00918	0.00683	0.00856	0.00961	0.01065	0.00621	0.00664	0.01089	0.01569	0.02062	0.13390	0.50433	0.18730	0.02125	0.00923	0.00282	0.00408	0.01894	0.00706	0.00621
27	0.02261	0.01801	0.01912	0.01595	0.02089	0.02040	0.01275	0.30681	0.40526	0.03775	0.02494	0.02350	0.01839	0.00958	0.00750	0.00239	0.00685	0.00767	0.00750	0.01212
28	0.01725	0.00849	0.01054	0.00984	0.01207	0.00792	0.00726	0.01951	0.01631	0.20063	0.06675	0.17106	0.02986	0.14444	0.01290	0.00321	0.00518	0.03412	0.21484	0.00782
29	0.00902	0.00732	0.00800	0.00828	0.01029	0.00630	0.00604	0.01096	0.01684	0.02092	0.13657	0.20072	0.49429	0.01928	0.00891	0.00259	0.00384	0.01649	0.00704	0.00630
30	0.02136	0.61293	0.03590	0.01349	0.01977	0.02823	0.01296	0.13895	0.01867	0.02277	0.01168	0.01298	0.01009	0.00681	0.00524	0.00170	0.00798	0.00446	0.00394	0.01009
31	0.00928	0.00656	0.00854	0.01003	0.01040	0.00619	0.00657	0.01040	0.01375	0.01833	0.03853	0.64106	0.04609	0.12056	0.01332	0.00358	0.00470	0.01970	0.00657	0.00582
32	0.01539	0.01319	0.01539	0.01100	0.01759	0.00990	0.00880	0.01869	0.01539	0.02419	0.01319	0.01539	0.01100	0.00550	0.00550	0.00110	0.00550	0.00440	0.00440	0.78449
33	0.00951	0.00730	0.00878	0.00984	0.01105	0.00681	0.00683	0.01210	0.05317	0.01995	0.04974	0.51119	0.22397	0.02127	0.00917	0.00285	0.00425	0.01888	0.00693	0.00642
34	0.01508	0.00812	0.00825	0.00780	0.00989	0.00831	0.00596	0.07366	0.01724	0.02933	0.02366	0.02682	0.01847	0.00867	0.00538	0.00177	0.00387	0.00690	0.71338	0.00741
35	0.01078	0.00724	0.00832	0.00832	0.00839	0.00732	0.00477	0.01094	0.01086	0.01456	0.02319	0.04747	0.02651	0.69985	0.07638	0.00747	0.00793	0.01063	0.00447	0.00462
36	0.00971	0.00676	0.00849	0.00952	0.00986	0.00647	0.00607	0.01065	0.01332	0.01783	0.06182	0.46977	0.04235	0.26957	0.01920	0.00443	0.00527	0.01723	0.00612	0.00554
37	0.12412	0.01135	0.01342	0.01255	0.01593	0.01154	0.01000	0.02524	0.13671	0.21065	0.03132	0.18866	0.02907	0.01425	0.00806	0.00271	0.00582	0.13195	0.00732	0.00931
38	0.01051	0.00759	0.00992	0.00934	0.01109	0.00700	0.00700	0.01401	0.02101	0.02977	0.68888	0.05545	0.07005	0.01518	0.00876	0.00233	0.00350	0.01343	0.00817	0.00700
39	0.01624	0.01624	0.02274	0.01949	0.01949	0.02274	0.01624	0.01787	0.01137	0.01787	0.00975	0.01624	0.00975	0.01299	0.02436	0.00325	0.72552	0.00650	0.00325	0.00812
40	0.02822	0.02079	0.02228	0.01708	0.02302	0.02302	0.01411	0.66804	0.03490	0.04679	0.01782	0.01782	0.01262	0.00891	0.00743	0.00223	0.00817	0.00668	0.00743	0.01262
41	0.00943	0.00672	0.00891	0.01042	0.01100	0.00633	0.00716	0.01094	0.01465	0.01959	0.07657	0.61398	0.04874	0.05726	0.01086	0.00321	0.00459	0.06673	0.00684	0.00607
42	0.79154	0.01436	0.01091	0.00976	0.01436	0.01665	0.00804	0.02182	0.01263	0.03331	0.01034	0.01206	0.00804	0.00689	0.00459	0.00230	0.00574	0.00402	0.00459	0.00804
43	0.01672	0.03377	0.56233	0.02374	0.11700	0.01682	0.02559	0.02436	0.01625	0.07411	0.01460	0.01674	0.01038	0.00716	0.00712	0.00233	0.01034	0.00578	0.00366	0.01120
44	0.01529	0.12829	0.57561	0.01939	0.02924	0.01824	0.02436	0.02281	0.01590	0.02308	0.05111	0.01743	0.01285	0.00742	0.00685	0.00225	0.01016	0.00574	0.00342	0.01056
45	0.01768	0.01627	0.02387	0.14742	0.33593	0.01775	0.01833	0.02832	0.26191	0.02589	0.01985	0.02206	0.01548	0.00803	0.00744	0.00237	0.00791	0.00727	0.00505	0.01117
46	0.00905	0.00761	0.00791	0.00805	0.01049	0.00646	0.00619	0.01106	0.01694	0.02024	0.07209	0.07251	0.63370	0.01895	0.00890	0.00259	0.00403	0.07003	0.00689	0.00632
47	0.02075	0.01913	0.06940	0.08900	0.37225	0.01838	0.06419	0.16325	0.02086	0.06734	0.01565	0.01871	0.01200	0.00733	0.00746	0.00227	0.00901	0.00675	0.00475	0.01155
48	0.01002	0.00955	0.05601	0.00958	0.01210	0.00733	0.00789	0.01304	0.01844	0.02465	0.35004	0.12983	0.29070	0.01680	0.00872	0.00247	0.00419	0.01451	0.00723	0.00690
49	0.01052	0.00787	0.01174	0.01184	0.01311	0.00909	0.00914	0.01309	0.01206	0.01733	0.02109	0.06967	0.02031	0.05381	0.66946	0.01142	0.01899	0.00871	0.00414	0.00659
50	0.01048	0.00856	0.01136	0.01420	0.09962	0.00791	0.00904	0.01264	0.01593	0.02043	0.05051	0.31215	0.29156	0.01906	0.00901	0.00276	0.00496	0.08640	0.00647	0.00696
51	0.02640	0.08386	0.06422	0.01881	0.02325	0.62020	0.01504	0.02876	0.02030	0.01845	0.01151	0.01343	0.00955	0.00752	0.00658	0.00192	0.01287	0.00477	0.00374	0.00882
52	0.01661	0.01557	0.02596	0.37718	0.35122	0.01728	0.02138	0.04559	0.01658	0.02251	0.01373	0.01905	0.01087	0.00710	0.00739	0.00234	0.00932	0.00661	0.00363	0.01006
53	0.23173	0.01140	0.01298	0.01091	0.01501	0.01117	0.00877	0.02502	0.01865	0.29523	0.22135	0.03079	0.03105	0.01034	0.00700	0.00229	0.00522	0.00830	0.03327	0.00951
54	0.01834	0.01774	0.03070	0.04497	0.66560	0.01769	0.04952	0.02282	0.01693	0.02423	0.01401	0.01844	0.01174	0.00660	0.00741	0.00222	0.00897	0.00670	0.00368	0.01169
55	0.01828	0.02030	0.03653	0.11225	0.16122	0.08606	0.40707	0.02361	0.01744	0.02276	0.01426	0.01904	0.01103	0.00660	0.00814	0.00239	0.01161	0.00772	0.00369	0.01000
56	0.01153	0.00793	0.00993	0.01047	0.01207	0.00749	0.00762	0.01475	0.05896	0.06359	0.14461	0.39572	0.14539	0.01944	0.00906	0.00278	0.00450	0.05984	0.00727	0.00704
57	0.01346	0.00803	0.00963	0.00913	0.01072	0.00742	0.00624	0.01487	0.01529	0.11688	0.13462	0.11561	0.15714	0.32434	0.02102	0.00450	0.00561	0.01259	0.00639	0.00652
58	0.71230	0.03910	0.01261	0.01053	0.01498	0.03923	0.00871	0.02193	0.01293	0.03172	0.01035	0.01226	0.00820	0.00713	0.00542	0.00230	0.03359	0.00414	0.00447	0.00811
59	0.01138	0.00831	0.01176	0.01192	0.01294	0.00936	0.00922	0.01329	0.01258	0.01749	0.02324	0.04195	0.02383	0.15656	0.37609	0.06163	0.05419	0.13355	0.00453	0.00617
60	0.69171	0.01599	0.01279	0.01261	0.05684	0.06395	0.00938	0.02241	0.01347	0.03172	0.01064	0.01254	0.00837	0.00693	0.00491	0.00227	0.00645	0.00423	0.00448	0.00831
61	0.01717	0.04434	0.26082	0.12004	0.18478	0.05520	0.03917	0.02262	0.01669	0.06825	0.02058	0.02297	0.07862	0.00831	0.00734	0.00230	0.00938	0.00706	0.00413	0.01023
62	0.01950	0.14477	0.17934	0.01932	0.10972	0.03941	0.01653	0.11190	0.01880	0.06717	0.01522	0.03693	0.01222	0.00742	0.00651	0.00192	0.00823	0.00586	0.00458	0.17466
63	0.01773	0.21176	0.36270	0.01756	0.02586	0.05929	0.01984	0.04863	0.07976	0.02331	0.01423	0.01580	0.01092	0.00717	0.00642	0.00207	0.00942	0.00532	0.00384	0.05838

[dist]
# distance from previous block
# <min> <max>
0	1

[block]
# block no. 1 follows, 27 sequences, length 8
# corresponding to MSA columns:
# 149-156
name=unknown_B
#
# <colnr> <probs for GDERKNQSTAVLIFYWHMCP>
#	G	D	E	R	K	N	Q	S	T	A	V	L	I	F	Y	W	H	M	C	P
0	0.03772	0.10027	0.19870	0.02003	0.02705	0.04052	0.19415	0.06071	0.09202	0.04708	0.02264	0.02406	0.08480	0.00855	0.00748	0.00232	0.00936	0.00771	0.00471	0.01013
1	0.01717	0.20069	0.26067	0.06153	0.10221	0.01837	0.03789	0.02223	0.01628	0.07074	0.05549	0.07185	0.01694	0.00866	0.00691	0.00220	0.00869	0.00718	0.00425	0.01004
2	0.01092	0.07543	0.01226	0.01003	0.01196	0.00898	0.00771	0.01358	0.01772	0.02399	0.34187	0.20741	0.12162	0.01945	0.05431	0.00311	0.00533	0.04045	0.00695	0.00690
3	0.01518	0.01233	0.01377	0.07565	0.06728	0.07431	0.01025	0.01895	0.05680	0.09482	0.14274	0.09086	0.26985	0.01406	0.00819	0.00241	0.00596	0.01190	0.00653	0.00817
4	0.01549	0.06675	0.26009	0.05994	0.12510	0.05791	0.09858	0.02078	0.01639	0.02192	0.02373	0.07738	0.10479	0.00969	0.00758	0.00235	0.00929	0.00851	0.00413	0.00959
5	0.01637	0.19733	0.28039	0.06398	0.12575	0.01934	0.07947	0.02198	0.01633	0.02251	0.07530	0.01949	0.01558	0.00752	0.00689	0.00217	0.00932	0.00639	0.00376	0.01013
6	0.01046	0.01069	0.08337	0.01048	0.01312	0.00782	0.00896	0.01388	0.01866	0.02575	0.41084	0.16600	0.15953	0.01622	0.00870	0.00248	0.00448	0.01420	0.00722	0.00715
7	0.01428	0.01770	0.14023	0.36976	0.08816	0.01552	0.08906	0.01954	0.01550	0.02084	0.01756	0.08880	0.01564	0.00941	0.00785	0.00254	0.00959	0.04526	0.00389	0.00888

[dist]
# distance from previous block
# <min> <max>
7	30

[block]
# block no. 2 follows, 27 sequences, length 51
# corresponding to MSA columns:
# 187-237
name=unknown_C
#
# <colnr> <probs for GDERKNQSTAVLIFYWHMCP>
#	G	D	E	R	K	N	Q	S	T	A	V	L	I	F	Y	W	H	M	C	P
0	0.11217	0.13429	0.17769	0.02014	0.09968	0.04207	0.06308	0.04743	0.12198	0.02557	0.03612	0.01877	0.01399	0.00910	0.02609	0.00251	0.02836	0.00625	0.00448	0.01020
1	0.01710	0.16296	0.09511	0.01735	0.04424	0.06333	0.08694	0.04646	0.11962	0.02211	0.01975	0.10247	0.01855	0.09793	0.01183	0.00291	0.04897	0.00851	0.00472	0.00913
2	0.01836	0.05740	0.02218	0.04238	0.12517	0.12686	0.06231	0.06653	0.10992	0.02427	0.06334	0.11791	0.02144	0.01072	0.00901	0.00237	0.06936	0.00891	0.00517	0.03638
3	0.02221	0.02139	0.12853	0.01811	0.05311	0.01965	0.01560	0.35743	0.16260	0.03674	0.02121	0.07283	0.01686	0.00982	0.00754	0.00236	0.00788	0.00792	0.00656	0.01165
4	0.01395	0.01108	0.01688	0.21028	0.12321	0.01215	0.01356	0.04211	0.03938	0.02031	0.04306	0.13039	0.02139	0.04603	0.04878	0.15710	0.00809	0.03025	0.00456	0.00743
5	0.01289	0.00645	0.00967	0.00967	0.00967	0.00645	0.00645	0.00967	0.00967	0.01289	0.01289	0.02257	0.01289	0.02579	0.02901	0.78401	0.00645	0.00645	0.00322	0.00322
6	0.01786	0.10675	0.28990	0.02092	0.02886	0.01966	0.16268	0.08148	0.14796	0.02636	0.01706	0.01876	0.01271	0.00755	0.00731	0.00232	0.00974	0.00671	0.00451	0.01089
7	0.01791	0.02410	0.23069	0.25307	0.11581	0.06347	0.02131	0.11575	0.04171	0.02537	0.01447	0.01793	0.01078	0.00753	0.00726	0.00233	0.00994	0.00621	0.00407	0.01028
8	0.01061	0.00756	0.00925	0.00982	0.01083	0.00728	0.00709	0.01222	0.01458	0.01908	0.09509	0.13002	0.13369	0.30981	0.02093	0.00467	0.00599	0.17970	0.00602	0.00574
9	0.01837	0.01764	0.03013	0.04557	0.69279	0.01764	0.02278	0.02278	0.01690	0.02425	0.01396	0.01837	0.01176	0.00661	0.00735	0.00220	0.00882	0.00661	0.00367	0.01176
10	0.01686	0.13998	0.24345	0.08727	0.05927	0.01971	0.22973	0.02414	0.06551	0.02281	0.01466	0.01786	0.01115	0.00692	0.00732	0.00230	0.01043	0.00667	0.00371	0.01027
11	0.02822	0.02079	0.02228	0.01708	0.02302	0.02302	0.01411	0.66804	0.03490	0.04679	0.01782	0.01782	0.01262	0.00891	0.00743	0.00223	0.00817	0.00668	0.00743	0.01262
12	0.01820	0.01556	0.01671	0.01434	0.01909	0.01688	0.01123	0.05860	0.51921	0.03023	0.02626	0.02481	0.01990	0.00909	0.00713	0.00222	0.00588	0.00751	0.00690	0.17026
13	0.00901	0.00660	0.00847	0.00997	0.01067	0.00606	0.00673	0.01038	0.01456	0.01909	0.04533	0.64902	0.13149	0.02268	0.00939	0.00295	0.00424	0.02041	0.00689	0.00606
14	0.00904	0.00646	0.00861	0.01034	0.01077	0.00603	0.00689	0.01034	0.01421	0.01895	0.04092	0.73426	0.04910	0.02326	0.00948	0.00301	0.00431	0.02110	0.00689	0.00603
15	0.02548	0.01438	0.01700	0.01421	0.01914	0.01489	0.01135	0.03790	0.36827	0.34630	0.02978	0.02655	0.02064	0.00965	0.00751	0.00241	0.00608	0.00795	0.00833	0.01217
16	0.01489	0.03840	0.70064	0.02116	0.03213	0.01724	0.02743	0.02351	0.01567	0.02351	0.01332	0.01567	0.00940	0.00705	0.00705	0.00235	0.01097	0.00549	0.00313	0.01097
17	0.01259	0.00760	0.00918	0.00923	0.01014	0.00721	0.00593	0.01338	0.01329	0.08946	0.03247	0.23889	0.07770	0.41165	0.02464	0.00518	0.00606	0.01365	0.00583	0.00592
18	0.00899	0.00667	0.00840	0.00978	0.01062	0.00608	0.00664	0.01040	0.01475	0.01917	0.04774	0.60241	0.17655	0.02237	0.00934	0.00291	0.00420	0.02002	0.00689	0.00608
19	0.00879	0.00744	0.00760	0.00773	0.01008	0.00625	0.00573	0.01063	0.01672	0.01997	0.07265	0.12074	0.64213	0.01913	0.00883	0.00254	0.00380	0.01607	0.00689	0.00625
20	0.03331	0.01263	0.01723	0.01321	0.01895	0.01091	0.01091	0.03618	0.02125	0.69794	0.02929	0.02527	0.01838	0.00919	0.00747	0.00230	0.00632	0.00747	0.00919	0.01263
21	0.01061	0.00795	0.01193	0.01193	0.01326	0.00928	0.00928	0.01326	0.01193	0.01723	0.01988	0.02916	0.01856	0.05568	0.70968	0.01193	0.01988	0.00795	0.00398	0.00663
22	0.79154	0.01436	0.01091	0.00976	0.01436	0.01665	0.00804	0.02182	0.01263	0.03331	0.01034	0.01206	0.00804	0.00689	0.00459	0.00230	0.00574	0.00402	0.00459	0.00804
23	0.00891	0.00726	0.00788	0.00829	0.01025	0.00624	0.00600	0.01070	0.01641	0.02015	0.09034	0.23556	0.50666	0.01977	0.00895	0.00263	0.00389	0.01693	0.00694	0.00624
24	0.01624	0.01624	0.02274	0.01949	0.01949	0.02274	0.01624	0.01787	0.01137	0.01787	0.00975	0.01624	0.00975	0.01299	0.02436	0.00325	0.72552	0.00650	0.00325	0.00812
25	0.01837	0.01764	0.03013	0.04557	0.69279	0.01764	0.02278	0.02278	0.01690	0.02425	0.01396	0.01837	0.01176	0.00661	0.00735	0.00220	0.00882	0.00661	0.00367	0.01176
26	0.02725	0.02007	0.02159	0.01674	0.02240	0.02216	0.01375	0.63484	0.03386	0.04538	0.01899	0.05399	0.01447	0.00964	0.00753	0.00227	0.00797	0.00741	0.00740	0.01229
27	0.00904	0.00646	0.00861	0.01034	0.01077	0.00603	0.00689	0.01034	0.01421	0.01895	0.04092	0.73426	0.04910	0.02326	0.00948	0.00301	0.00431	0.02110	0.00689	0.00603
28	0.00894	0.00753	0.00775	0.00770	0.01013	0.00634	0.00577	0.01098	0.01732	0.02099	0.13453	0.06990	0.62987	0.01845	0.00877	0.00249	0.00374	0.01545	0.00702	0.00634
29	0.01005	0.00742	0.00844	0.00827	0.00960	0.00684	0.00560	0.01168	0.01577	0.02072	0.23397	0.05806	0.25645	0.29272	0.01984	0.00425	0.00500	0.01316	0.00635	0.00581
30	0.01007	0.00741	0.00918	0.00902	0.01057	0.00679	0.00651	0.01269	0.01850	0.02532	0.44263	0.13637	0.16786	0.08998	0.01178	0.00293	0.00401	0.01443	0.00744	0.00651
31	0.01402	0.01319	0.02227	0.72126	0.05113	0.01649	0.02062	0.01897	0.01484	0.01897	0.01319	0.01979	0.00990	0.00742	0.00742	0.00247	0.00990	0.00660	0.00330	0.00825
32	0.00950	0.00713	0.00881	0.00926	0.01070	0.00644	0.00661	0.01174	0.01734	0.02312	0.28256	0.32212	0.21912	0.01922	0.00904	0.00264	0.00388	0.01696	0.00735	0.00644
33	0.01539	0.01319	0.01539	0.01100	0.01759	0.00990	0.00880	0.01869	0.01539	0.02419	0.01319	0.01539	0.01100	0.00550	0.00550	0.00110	0.00550	0.00440	0.00440	0.78449
34	0.01052	0.00723	0.00902	0.00965	0.01108	0.00650	0.00682	0.01238	0.01630	0.05771	0.14846	0.43013	0.20637	0.02017	0.00909	0.00275	0.00416	0.01786	0.00721	0.00660
35	0.01906	0.01581	0.01680	0.01503	0.01929	0.01816	0.01172	0.03932	0.65286	0.05793	0.03018	0.02760	0.02249	0.01004	0.00755	0.00251	0.00589	0.00836	0.00762	0.01179
36	0.03331	0.01263	0.01723	0.01321	0.01895	0.01091	0.01091	0.03618	0.02125	0.69794	0.02929	0.02527	0.01838	0.00919	0.00747	0.00230	0.00632	0.00747	0.00919	0.01263
37	0.02957	0.01175	0.01597	0.01266	0.01768	0.01022	0.01028	0.03239	0.02074	0.59077	0.08945	0.07711	0.02515	0.01070	0.00772	0.00235	0.00592	0.00895	0.00894	0.01167
38	0.00912	0.00731	0.00815	0.00842	0.01036	0.00634	0.00613	0.01115	0.01704	0.02145	0.17078	0.20779	0.45161	0.01913	0.00892	0.00258	0.00383	0.01643	0.00711	0.00634
39	0.01846	0.01595	0.01679	0.01511	0.01930	0.01846	0.01175	0.03945	0.67938	0.03105	0.03022	0.02770	0.02266	0.01007	0.00755	0.00252	0.00588	0.00839	0.00755	0.01175
40	0.01539	0.01319	0.01539	0.01100	0.01759	0.00990	0.00880	0.01869	0.01539	0.02419	0.01319	0.01539	0.01100	0.00550	0.00550	0.00110	0.00550	0.00440	0.00440	0.78449
41	0.10339	0.01653	0.01905	0.01518	0.02046	0.01748	0.03196	0.30971	0.08159	0.18509	0.02161	0.02351	0.01596	0.01113	0.03523	0.00269	0.00776	0.03889	0.00717	0.03563
42	0.01487	0.01129	0.01298	0.01249	0.01495	0.01220	0.00958	0.02466	0.28713	0.04596	0.09943	0.04781	0.03293	0.18322	0.01534	0.00378	0.00616	0.14992	0.00680	0.00850
43	0.01618	0.00926	0.01204	0.01052	0.01331	0.00856	0.00816	0.04836	0.02169	0.17341	0.51747	0.04730	0.05640	0.01361	0.00842	0.00232	0.00432	0.01185	0.00836	0.00846
44	0.01639	0.01562	0.02655	0.35292	0.40092	0.01712	0.02180	0.02105	0.01597	0.02185	0.01361	0.01902	0.01091	0.00698	0.00738	0.00233	0.00931	0.00661	0.00350	0.01016
45	0.00934	0.00706	0.00836	0.00898	0.01027	0.00637	0.00622	0.01101	0.01572	0.02034	0.14103	0.33690	0.27043	0.09829	0.01221	0.00320	0.00432	0.01704	0.00681	0.00608
46	0.00940	0.00667	0.00881	0.01038	0.01087	0.00631	0.00705	0.01073	0.01413	0.01879	0.03931	0.62959	0.04676	0.08407	0.01194	0.00340	0.00473	0.06441	0.00668	0.00596
47	0.01829	0.01892	0.03344	0.13852	0.13471	0.05278	0.33580	0.07323	0.01839	0.02464	0.01448	0.01889	0.01112	0.00672	0.00789	0.00230	0.01073	0.00741	0.00401	0.06773
48	0.04744	0.01594	0.02682	0.28797	0.38008	0.01742	0.04868	0.02122	0.01581	0.02244	0.01343	0.01863	0.01084	0.00714	0.00795	0.00236	0.03554	0.00659	0.00356	0.01013
49	0.01360	0.00805	0.01136	0.06297	0.01350	0.00858	0.00785	0.01267	0.01117	0.05134	0.01673	0.02935	0.01678	0.21237	0.05913	0.40424	0.04380	0.00773	0.00392	0.00485
50	0.73348	0.01382	0.01070	0.00964	0.01389	0.01595	0.00778	0.02100	0.01250	0.03190	0.01131	0.01478	0.00945	0.06135	0.00706	0.00266	0.00585	0.00452	0.00459	0.00778

[dist]
# distance from previous block
# <min> <max>
1	8

[block]
# block no. 3 follows, 27 sequences, length 15
# corresponding to MSA columns:
# 246-260
name=unknown_D
#
# <colnr> <probs for GDERKNQSTAVLIFYWHMCP>
#	G	D	E	R	K	N	Q	S	T	A	V	L	I	F	Y	W	H	M	C	P
0	0.30466	0.08421	0.02393	0.02624	0.28360	0.07640	0.05622	0.02302	0.01555	0.02644	0.01215	0.01514	0.00997	0.00676	0.00613	0.00218	0.00822	0.00540	0.00399	0.00981
1	0.34967	0.01293	0.01185	0.01116	0.01433	0.05470	0.00889	0.04052	0.01595	0.05163	0.11256	0.03631	0.02588	0.09633	0.01042	0.00306	0.00637	0.12413	0.00570	0.00761
2	0.01597	0.00967	0.01157	0.01063	0.01259	0.00961	0.00748	0.06254	0.07189	0.13146	0.10210	0.15376	0.03269	0.31133	0.02037	0.00444	0.00612	0.01175	0.00652	0.00751
3	0.02303	0.02362	0.02729	0.05035	0.26539	0.25369	0.10957	0.05485	0.01951	0.08036	0.01472	0.01751	0.01149	0.00726	0.00734	0.00216	0.01069	0.00637	0.00436	0.01044
4	0.01742	0.01451	0.01691	0.09394	0.02236	0.01613	0.01275	0.08831	0.36965	0.02895	0.02737	0.03500	0.02295	0.01117	0.00784	0.00253	0.00668	0.12249	0.00667	0.07640
5	0.01467	0.00903	0.01150	0.01166	0.01418	0.00849	0.00948	0.01814	0.04866	0.13578	0.04630	0.16151	0.19880	0.01807	0.00918	0.00290	0.00558	0.26098	0.00729	0.00779
6	0.22590	0.01690	0.01893	0.01917	0.14035	0.06921	0.01303	0.11936	0.02016	0.25906	0.01861	0.01863	0.01301	0.00797	0.00664	0.00224	0.00743	0.00610	0.00634	0.01097
7	0.02258	0.06164	0.20474	0.01984	0.04822	0.11825	0.08625	0.08648	0.07503	0.15825	0.01799	0.01882	0.01289	0.00800	0.00769	0.00228	0.02838	0.00646	0.00528	0.01095
8	0.28440	0.16726	0.04533	0.01425	0.01947	0.17221	0.01221	0.13546	0.04139	0.02871	0.01265	0.01397	0.01000	0.00741	0.00576	0.00207	0.00847	0.00483	0.00468	0.00948
9	0.02777	0.01388	0.01991	0.07385	0.14317	0.01325	0.01388	0.03273	0.07994	0.46312	0.02536	0.02382	0.01692	0.00867	0.00745	0.00231	0.00700	0.00733	0.00759	0.01206
10	0.01966	0.01678	0.02309	0.02961	0.36447	0.05644	0.01663	0.09465	0.01942	0.08321	0.02440	0.02608	0.11088	0.00883	0.00738	0.00215	0.00779	0.00772	0.00510	0.07572
11	0.01117	0.00859	0.00962	0.00928	0.01143	0.00803	0.00689	0.06755	0.01837	0.02366	0.18388	0.11719	0.35028	0.09853	0.01204	0.00306	0.00465	0.04211	0.00693	0.00676
12	0.08589	0.01422	0.02132	0.38579	0.12341	0.01640	0.01754	0.01956	0.01460	0.02160	0.01265	0.01786	0.01011	0.00761	0.00878	0.00231	0.08906	0.00603	0.00362	0.12162
13	0.01661	0.01396	0.01767	0.01850	0.11459	0.04943	0.01260	0.14493	0.01748	0.02390	0.01763	0.02538	0.01601	0.10335	0.30184	0.00682	0.07863	0.00751	0.00459	0.00858
14	0.01615	0.01464	0.02336	0.09076	0.40638	0.01504	0.01815	0.02178	0.07380	0.02496	0.11634	0.03202	0.02449	0.00978	0.00790	0.00241	0.00766	0.07917	0.00498	0.01022

[dist]
# distance from previous block
# <min> <max>
5	19

[block]
# block no. 4 follows, 27 sequences, length 9
# corresponding to MSA columns:
# 282-290
name=unknown_E
#
# <colnr> <probs for GDERKNQSTAVLIFYWHMCP>
#	G	D	E	R	K	N	Q	S	T	A	V	L	I	F	Y	W	H	M	C	P
0	0.01351	0.01102	0.01251	0.01166	0.01378	0.04049	0.00879	0.01822	0.10752	0.04727	0.16236	0.12908	0.13771	0.08418	0.06489	0.00365	0.07537	0.01178	0.00630	0.03993
1	0.01751	0.01363	0.01767	0.07122	0.09292	0.01169	0.01156	0.04593	0.01677	0.08731	0.01615	0.04798	0.01338	0.00701	0.00628	0.00157	0.00633	0.00590	0.00491	0.50427
2	0.01788	0.01647	0.02678	0.26604	0.41661	0.01778	0.02124	0.08339	0.01795	0.02467	0.01408	0.01879	0.01123	0.00710	0.00738	0.00230	0.00911	0.00662	0.00391	0.01068
3	0.01906	0.01982	0.03358	0.02750	0.10381	0.06698	0.37512	0.08790	0.09957	0.02637	0.01970	0.02260	0.04574	0.00773	0.00819	0.00240	0.01052	0.00834	0.00472	0.01039
4	0.01875	0.09029	0.06670	0.02399	0.18498	0.04124	0.08796	0.05397	0.15522	0.04704	0.04556	0.02090	0.01608	0.00789	0.00752	0.00216	0.02476	0.00691	0.00500	0.09308
5	0.01765	0.05089	0.02604	0.08179	0.12188	0.01669	0.16319	0.06535	0.03528	0.06704	0.02156	0.02530	0.07767	0.03440	0.03804	0.00291	0.08793	0.00800	0.00470	0.05369
6	0.05428	0.01811	0.01860	0.01726	0.05904	0.06278	0.01283	0.15437	0.45040	0.03288	0.02492	0.02374	0.01870	0.00936	0.00734	0.00240	0.00694	0.00755	0.00694	0.01156
7	0.07729	0.01831	0.02759	0.03989	0.57214	0.06094	0.02066	0.02370	0.01702	0.05228	0.01417	0.01787	0.01162	0.00681	0.00711	0.00220	0.00877	0.00634	0.00398	0.01132
8	0.53728	0.01482	0.01415	0.01408	0.08015	0.01654	0.01002	0.09740	0.01588	0.06105	0.01335	0.01663	0.01079	0.06186	0.00779	0.00265	0.00645	0.00523	0.00503	0.00887

[dist]
# distance from previous block
# <min> <max>
0	7

[block]
# block no. 5 follows, 27 sequences, length 8
# corresponding to MSA columns:
# 298-305
name=unknown_F
#
# <colnr> <probs for GDERKNQSTAVLIFYWHMCP>
#	G	D	E	R	K	N	Q	S	T	A	V	L	I	F	Y	W	H	M	C	P
0	0.01741	0.27093	0.09794	0.14809	0.08050	0.02214	0.16130	0.02179	0.01547	0.02025	0.01239	0.01632	0.01015	0.00716	0.00815	0.00221	0.06881	0.00605	0.00337	0.00959
1	0.02179	0.01873	0.02741	0.03569	0.46057	0.01951	0.01978	0.24651	0.02314	0.03207	0.01530	0.01818	0.01206	0.00741	0.00738	0.00221	0.00859	0.00664	0.00498	0.01206
2	0.01210	0.00697	0.01045	0.01045	0.01091	0.00743	0.00743	0.01091	0.01045	0.01440	0.01532	0.02485	0.01486	0.03615	0.26502	0.51631	0.01111	0.00697	0.00348	0.00440
3	0.01073	0.00746	0.00943	0.00943	0.00989	0.00792	0.00616	0.01165	0.01119	0.01538	0.02218	0.04185	0.02407	0.50214	0.27075	0.00884	0.01160	0.00981	0.00432	0.00524
4	0.02504	0.20866	0.06607	0.01768	0.02255	0.50171	0.01473	0.02746	0.01926	0.01832	0.01130	0.01316	0.00954	0.00730	0.00624	0.00186	0.01191	0.00462	0.00362	0.00897
5	0.52671	0.02165	0.01442	0.01301	0.01734	0.25681	0.01023	0.02453	0.01555	0.02806	0.01073	0.01252	0.00857	0.00715	0.00532	0.00216	0.00839	0.00428	0.00433	0.00824
6	0.01616	0.01701	0.01361	0.01397	0.01598	0.25045	0.01054	0.01817	0.01737	0.01947	0.03227	0.30205	0.06980	0.01698	0.00865	0.00269	0.00799	0.15390	0.00582	0.00712
7	0.01411	0.01161	0.01801	0.02436	0.24977	0.01161	0.01522	0.01764	0.01661	0.02240	0.02946	0.05874	0.03094	0.06349	0.01108	0.00325	0.00755	0.38020	0.00558	0.00839

[dist]
# distance from previous block
# <min> <max>
0	88

# created by:
# /home/berkeley/.conda/envs/busco_data_prod/bin/msa2prfl.pl pipeline/OGs_align_augustus/4893/31055.fs
