[name]
unknown

[dist]
# distance from previous block
# <min> <max>
0	18

[block]
# block no. 0 follows, 33 sequences, length 22
# corresponding to MSA columns:
# 19-40
name=unknown_A
#
# <colnr> <probs for GDERKNQSTAVLIFYWHMCP>
#	G	D	E	R	K	N	Q	S	T	A	V	L	I	F	Y	W	H	M	C	P
0	0.01617	0.01562	0.06579	0.03556	0.02091	0.05908	0.15177	0.14708	0.01712	0.04075	0.01727	0.02716	0.01566	0.10346	0.04056	0.00301	0.04961	0.09474	0.00449	0.07419
1	0.01800	0.07059	0.05248	0.04224	0.04929	0.06662	0.02566	0.22804	0.18930	0.02737	0.03157	0.06858	0.04657	0.01019	0.02471	0.00229	0.00711	0.02461	0.00547	0.00933
2	0.08907	0.06893	0.05826	0.13129	0.08664	0.10107	0.03958	0.01935	0.01469	0.08981	0.01993	0.04225	0.09407	0.00936	0.03069	0.00220	0.00759	0.00653	0.00421	0.08449
3	0.00947	0.00678	0.00859	0.00913	0.01018	0.00662	0.00658	0.01117	0.02632	0.03478	0.07390	0.34094	0.16498	0.09281	0.05962	0.03283	0.02469	0.06936	0.00565	0.00559
4	0.01814	0.11332	0.11849	0.06923	0.16443	0.17799	0.10892	0.08844	0.01691	0.02096	0.01259	0.03767	0.01042	0.00675	0.00631	0.00192	0.00920	0.00575	0.00357	0.00899
5	0.01914	0.06880	0.09841	0.15612	0.11799	0.12835	0.07887	0.17242	0.01876	0.05960	0.01318	0.01556	0.00990	0.00670	0.00640	0.00197	0.00883	0.00558	0.00413	0.00929
6	0.00977	0.00849	0.01251	0.05150	0.01485	0.00798	0.09753	0.01270	0.03304	0.01969	0.16416	0.15402	0.30086	0.04197	0.00877	0.00245	0.00496	0.04279	0.00571	0.00626
7	0.00963	0.00904	0.08369	0.01007	0.01183	0.00662	0.00809	0.01157	0.01327	0.05359	0.03594	0.58554	0.09970	0.01814	0.00803	0.00254	0.00448	0.01623	0.00587	0.00612
8	0.01807	0.35000	0.07913	0.01587	0.05612	0.12923	0.08205	0.06615	0.01571	0.01930	0.01084	0.01274	0.00904	0.00591	0.00534	0.00159	0.00816	0.00448	0.00336	0.10690
9	0.03621	0.01365	0.01941	0.11416	0.26388	0.03632	0.03549	0.03946	0.10592	0.04485	0.02288	0.02488	0.12226	0.00973	0.02705	0.00236	0.06104	0.00731	0.00437	0.00876
10	0.00884	0.00597	0.00787	0.00870	0.00917	0.00566	0.00580	0.00965	0.01265	0.01711	0.13777	0.46825	0.03993	0.11729	0.01370	0.10188	0.00428	0.01487	0.00561	0.00500
11	0.04833	0.07249	0.04520	0.01100	0.01527	0.01112	0.00920	0.02335	0.08743	0.28345	0.02221	0.11743	0.01836	0.05077	0.00771	0.00215	0.00546	0.00757	0.02851	0.13297
12	0.01501	0.01368	0.01507	0.05921	0.04417	0.07279	0.00952	0.05233	0.01518	0.02192	0.04051	0.01539	0.01179	0.00568	0.00534	0.00125	0.00588	0.00455	0.00404	0.58669
13	0.01687	0.04077	0.01599	0.03566	0.03503	0.04200	0.03201	0.15918	0.10705	0.08004	0.10003	0.10125	0.05126	0.00957	0.00661	0.00192	0.00583	0.00807	0.00570	0.14515
14	0.01633	0.04040	0.17119	0.01391	0.01802	0.13183	0.01283	0.10739	0.03877	0.06071	0.01876	0.15610	0.01763	0.04603	0.06682	0.00298	0.03844	0.00806	0.02572	0.00808
15	0.01635	0.15224	0.07352	0.01127	0.01512	0.01170	0.03078	0.01871	0.01470	0.19563	0.06574	0.18280	0.05095	0.05384	0.00874	0.02915	0.00575	0.00915	0.00539	0.04848
16	0.00990	0.00687	0.00827	0.00855	0.01007	0.00629	0.00611	0.01223	0.04279	0.06445	0.14057	0.34763	0.24764	0.04621	0.00892	0.00254	0.00384	0.01472	0.00634	0.00606
17	0.01498	0.08050	0.18887	0.06803	0.24077	0.03372	0.08249	0.01936	0.01482	0.04867	0.06519	0.02110	0.04493	0.03950	0.00767	0.00218	0.00800	0.00654	0.00373	0.00895
18	0.01478	0.01357	0.05581	0.01159	0.04096	0.03779	0.00927	0.01778	0.01396	0.05977	0.01297	0.01584	0.01081	0.04849	0.00677	0.00147	0.00566	0.00451	0.00403	0.61418
19	0.01334	0.00970	0.01299	0.12535	0.01793	0.03165	0.03900	0.01727	0.05812	0.11486	0.31239	0.07781	0.11963	0.01166	0.00735	0.00214	0.00512	0.01021	0.00618	0.00732
20	0.01839	0.06983	0.17106	0.03979	0.16469	0.06630	0.01612	0.17588	0.05750	0.06403	0.01653	0.01907	0.03440	0.00765	0.00685	0.00203	0.02904	0.02663	0.00451	0.00971
21	0.01788	0.01418	0.02155	0.06144	0.13217	0.01425	0.14799	0.18629	0.03629	0.10067	0.03530	0.08446	0.06780	0.00881	0.00701	0.00208	0.00720	0.00809	0.00522	0.04133

[dist]
# distance from previous block
# <min> <max>
2	11

[block]
# block no. 1 follows, 33 sequences, length 7
# corresponding to MSA columns:
# 52-58
name=unknown_B
#
# <colnr> <probs for GDERKNQSTAVLIFYWHMCP>
#	G	D	E	R	K	N	Q	S	T	A	V	L	I	F	Y	W	H	M	C	P
0	0.03689	0.00960	0.06691	0.00972	0.01196	0.00815	0.00815	0.01330	0.03806	0.02219	0.34352	0.11931	0.15863	0.01676	0.07065	0.00293	0.03956	0.01129	0.00594	0.00647
1	0.00832	0.00600	0.00727	0.00830	0.00923	0.00547	0.00571	0.00975	0.01330	0.01769	0.04256	0.52925	0.20970	0.01857	0.00793	0.00247	0.00364	0.01647	0.07292	0.00547
2	0.01898	0.56437	0.09066	0.01259	0.01827	0.10587	0.01241	0.02155	0.01446	0.07300	0.01083	0.01194	0.00907	0.00602	0.00478	0.00155	0.00771	0.00396	0.00330	0.00868
3	0.01653	0.42427	0.25462	0.01348	0.02009	0.01995	0.01495	0.02051	0.01433	0.07292	0.06192	0.01527	0.01282	0.00658	0.00531	0.00172	0.00751	0.00478	0.00353	0.00891
4	0.07135	0.07500	0.07846	0.06439	0.02019	0.06759	0.01226	0.15302	0.20915	0.11878	0.01908	0.05118	0.01465	0.00818	0.00628	0.00205	0.00681	0.00644	0.00555	0.00961
5	0.07298	0.04038	0.01673	0.01638	0.13123	0.03359	0.05248	0.10275	0.01740	0.11025	0.14127	0.10793	0.04764	0.01120	0.03024	0.00233	0.00627	0.00857	0.04207	0.00834
6	0.12413	0.10449	0.15694	0.01208	0.01700	0.01359	0.01176	0.09436	0.01600	0.05839	0.09549	0.04121	0.03434	0.04663	0.00748	0.00218	0.00634	0.06286	0.00473	0.09001

[dist]
# distance from previous block
# <min> <max>
0	5

[block]
# block no. 2 follows, 33 sequences, length 13
# corresponding to MSA columns:
# 64-76
name=unknown_C
#
# <colnr> <probs for GDERKNQSTAVLIFYWHMCP>
#	G	D	E	R	K	N	Q	S	T	A	V	L	I	F	Y	W	H	M	C	P
0	0.02072	0.11929	0.10967	0.01530	0.08000	0.07313	0.01266	0.02519	0.07365	0.27379	0.01987	0.01975	0.03781	0.00967	0.04517	0.00235	0.00752	0.00595	0.00532	0.04320
1	0.05610	0.12597	0.11707	0.03621	0.03670	0.19182	0.03813	0.09731	0.05767	0.08776	0.02512	0.01526	0.01115	0.00678	0.00588	0.00181	0.00825	0.00509	0.00432	0.07161
2	0.01526	0.11172	0.11234	0.01492	0.03673	0.11218	0.06455	0.02224	0.17901	0.02076	0.05342	0.07298	0.05476	0.01053	0.03273	0.00232	0.00760	0.02995	0.00462	0.04137
3	0.13259	0.09913	0.01917	0.14153	0.14024	0.11991	0.01280	0.07080	0.01538	0.05382	0.01241	0.01522	0.00987	0.00740	0.00677	0.04721	0.00747	0.00501	0.04627	0.03702
4	0.01310	0.06775	0.02591	0.04112	0.03776	0.07556	0.00946	0.03291	0.01520	0.02028	0.15108	0.06879	0.15339	0.01080	0.00840	0.00197	0.09825	0.00850	0.04165	0.11810
5	0.01124	0.01268	0.11102	0.12932	0.04316	0.01076	0.06140	0.01464	0.01390	0.01887	0.07994	0.16942	0.06553	0.04787	0.00981	0.00264	0.05673	0.12948	0.00465	0.00692
6	0.00944	0.00693	0.00997	0.00997	0.01093	0.00790	0.00746	0.01136	0.01040	0.01483	0.01820	0.02897	0.01781	0.17932	0.61445	0.00982	0.01560	0.00751	0.00361	0.00554
7	0.01066	0.00925	0.05023	0.00966	0.01191	0.00792	0.00785	0.08009	0.01770	0.02411	0.35050	0.18795	0.14680	0.01461	0.00775	0.00225	0.00420	0.04346	0.00649	0.00663
8	0.08450	0.02478	0.01702	0.01502	0.01868	0.46122	0.01153	0.13771	0.07429	0.02279	0.01307	0.01426	0.01029	0.00714	0.00587	0.00180	0.00948	0.00484	0.05742	0.00830
9	0.40534	0.07639	0.05430	0.06345	0.10106	0.12368	0.01163	0.02123	0.04983	0.02411	0.01092	0.01286	0.00867	0.00633	0.00506	0.00195	0.00706	0.00435	0.00377	0.00801
10	0.01185	0.00925	0.01119	0.01103	0.04170	0.00942	0.00771	0.07006	0.07617	0.01977	0.05246	0.11857	0.11320	0.20993	0.08200	0.00401	0.02931	0.03747	0.00504	0.07985
11	0.06018	0.04540	0.07730	0.03816	0.02238	0.16471	0.16591	0.08785	0.01640	0.06103	0.01496	0.07729	0.01290	0.01106	0.05972	0.00270	0.06280	0.00685	0.00411	0.00827
12	0.01570	0.04395	0.30487	0.01622	0.02222	0.11560	0.05495	0.08114	0.08756	0.02279	0.08849	0.02130	0.01689	0.01008	0.04486	0.00250	0.00896	0.02883	0.00424	0.00887

[dist]
# distance from previous block
# <min> <max>
0	24

[block]
# block no. 3 follows, 33 sequences, length 21
# corresponding to MSA columns:
# 101-121
name=unknown_D
#
# <colnr> <probs for GDERKNQSTAVLIFYWHMCP>
#	G	D	E	R	K	N	Q	S	T	A	V	L	I	F	Y	W	H	M	C	P
0	0.05049	0.02149	0.25428	0.01736	0.02395	0.06063	0.15692	0.04230	0.03954	0.10047	0.01445	0.01649	0.01068	0.00893	0.05103	0.00246	0.00913	0.00569	0.00402	0.10967
1	0.01787	0.16520	0.30332	0.01549	0.02194	0.10295	0.01645	0.10350	0.03321	0.07333	0.04995	0.01598	0.01237	0.00715	0.00652	0.00193	0.03429	0.00525	0.00403	0.00927
2	0.01049	0.05735	0.10152	0.05618	0.01631	0.00956	0.03959	0.01353	0.01421	0.01894	0.10186	0.20402	0.14154	0.01632	0.05565	0.00288	0.00644	0.10595	0.00509	0.02259
3	0.01838	0.12540	0.10674	0.01594	0.05439	0.10551	0.01347	0.13062	0.28017	0.02500	0.01737	0.01762	0.01333	0.00769	0.00681	0.00201	0.03909	0.00582	0.00494	0.00971
4	0.01785	0.06208	0.05075	0.05232	0.06092	0.01196	0.03344	0.06166	0.06250	0.20351	0.04647	0.11394	0.03939	0.00942	0.00659	0.00198	0.00598	0.02801	0.00561	0.12561
5	0.01457	0.17598	0.34135	0.04172	0.02295	0.01579	0.05254	0.02011	0.04714	0.06221	0.01615	0.10940	0.01416	0.00935	0.02669	0.00227	0.00823	0.00681	0.00377	0.00880
6	0.01608	0.01581	0.08171	0.02011	0.20355	0.08189	0.01347	0.06129	0.11727	0.06931	0.09948	0.12658	0.02318	0.01000	0.00696	0.00214	0.00668	0.03043	0.00517	0.00887
7	0.01017	0.00784	0.01084	0.01042	0.01190	0.00783	0.04897	0.05617	0.01381	0.01848	0.06399	0.29587	0.11198	0.12720	0.15008	0.00453	0.00742	0.03132	0.00524	0.00594
8	0.06910	0.05106	0.01714	0.01485	0.06888	0.01260	0.06702	0.06694	0.01539	0.17465	0.03593	0.18010	0.05026	0.04422	0.00985	0.00245	0.09679	0.00926	0.00538	0.00816
9	0.05798	0.04608	0.04361	0.08955	0.10729	0.03465	0.03793	0.04477	0.15649	0.09527	0.06482	0.06623	0.01874	0.00922	0.00791	0.00220	0.06830	0.03511	0.00505	0.00879
10	0.01336	0.01214	0.01959	0.45005	0.11972	0.01400	0.04630	0.04628	0.05699	0.01948	0.01645	0.07114	0.01448	0.00852	0.00696	0.00226	0.00794	0.06265	0.00383	0.00788
11	0.00951	0.00665	0.00854	0.00854	0.00902	0.00712	0.00569	0.01045	0.00998	0.01377	0.01950	0.03617	0.02093	0.48004	0.31801	0.00807	0.01090	0.00856	0.00380	0.00475
12	0.06758	0.01299	0.01646	0.08278	0.10765	0.01497	0.01225	0.09878	0.20743	0.02373	0.01903	0.04962	0.01657	0.05135	0.05454	0.00302	0.09737	0.05042	0.00489	0.00856
13	0.01396	0.04593	0.18119	0.09928	0.05430	0.01462	0.24672	0.04897	0.04422	0.02119	0.04652	0.11936	0.01669	0.00845	0.00712	0.00219	0.00854	0.00826	0.00397	0.00851
14	0.71640	0.01536	0.09893	0.00990	0.01467	0.01483	0.00925	0.01954	0.01154	0.02847	0.00949	0.01109	0.00728	0.00613	0.00434	0.00204	0.00566	0.00372	0.00391	0.00745
15	0.00811	0.00600	0.00766	0.00875	0.00954	0.00554	0.00601	0.00951	0.01329	0.01749	0.08219	0.57535	0.15805	0.02062	0.03621	0.00286	0.00422	0.01705	0.00608	0.00545
16	0.01513	0.02112	0.21876	0.08954	0.06719	0.01666	0.30789	0.06156	0.01520	0.02133	0.01236	0.01615	0.00939	0.00664	0.00863	0.00223	0.09155	0.00639	0.00329	0.00900
17	0.01207	0.00887	0.01272	0.09092	0.06504	0.00914	0.02525	0.01532	0.05412	0.07855	0.10691	0.27518	0.07333	0.04435	0.04118	0.00290	0.03022	0.04143	0.00554	0.00694
18	0.00853	0.00614	0.00775	0.00884	0.00948	0.00578	0.00608	0.00972	0.01261	0.01651	0.03685	0.49068	0.11591	0.14949	0.01275	0.00330	0.00444	0.08420	0.00574	0.00521
19	0.01635	0.24504	0.37883	0.05108	0.02459	0.14063	0.01833	0.02125	0.01451	0.01832	0.01077	0.01277	0.00842	0.00618	0.00563	0.00183	0.00927	0.00442	0.00290	0.00889
20	0.01948	0.01946	0.07383	0.06267	0.06536	0.16850	0.10477	0.16303	0.06591	0.07483	0.01578	0.03426	0.01227	0.00984	0.04991	0.00250	0.00918	0.00624	0.03313	0.00907

[dist]
# distance from previous block
# <min> <max>
0	1

[block]
# block no. 4 follows, 33 sequences, length 28
# corresponding to MSA columns:
# 123-150
name=unknown_E
#
# <colnr> <probs for GDERKNQSTAVLIFYWHMCP>
#	G	D	E	R	K	N	Q	S	T	A	V	L	I	F	Y	W	H	M	C	P
0	0.01726	0.09667	0.13105	0.08876	0.02647	0.07988	0.22216	0.02304	0.08261	0.10009	0.01582	0.03817	0.01214	0.00697	0.00660	0.00204	0.00872	0.00651	0.02609	0.00894
1	0.17517	0.12340	0.04825	0.09867	0.04196	0.15036	0.07910	0.13131	0.01684	0.02362	0.01126	0.01362	0.00888	0.00672	0.00649	0.00195	0.04517	0.00494	0.00385	0.00844
2	0.00921	0.00681	0.00896	0.00994	0.01103	0.00675	0.00753	0.01169	0.03828	0.01800	0.05502	0.36116	0.10332	0.04244	0.10033	0.00377	0.00617	0.18803	0.00577	0.00579
3	0.01184	0.01063	0.01035	0.00993	0.01222	0.07884	0.00749	0.03264	0.14683	0.02173	0.18557	0.13750	0.26076	0.01396	0.00749	0.00222	0.00469	0.03219	0.00621	0.00692
4	0.02165	0.22932	0.02186	0.01449	0.01833	0.48558	0.01163	0.02357	0.01681	0.01667	0.01087	0.01261	0.00919	0.00655	0.00536	0.00160	0.00981	0.00421	0.07217	0.00772
5	0.01082	0.00708	0.00883	0.00828	0.01026	0.00633	0.00624	0.01339	0.01735	0.09250	0.44731	0.09847	0.21980	0.01422	0.00770	0.00215	0.00345	0.01234	0.00698	0.00648
6	0.03896	0.01838	0.01638	0.01419	0.01814	0.16585	0.01111	0.18490	0.37859	0.02833	0.02030	0.01963	0.01528	0.00815	0.00639	0.00204	0.00697	0.00631	0.03028	0.00982
7	0.07872	0.05687	0.02022	0.04843	0.08705	0.21102	0.01362	0.15044	0.01716	0.02236	0.01095	0.01384	0.00914	0.00815	0.01039	0.00214	0.22209	0.00513	0.00384	0.00844
8	0.00955	0.00629	0.00830	0.00924	0.01001	0.00591	0.00643	0.01098	0.01339	0.05276	0.10031	0.53865	0.04168	0.09098	0.01072	0.00297	0.00425	0.06584	0.00611	0.00564
9	0.16191	0.01124	0.01384	0.01087	0.01564	0.01035	0.00895	0.02865	0.01715	0.55738	0.02246	0.02025	0.01456	0.00768	0.00604	0.00198	0.00537	0.00599	0.04509	0.03459
10	0.00997	0.00788	0.01091	0.01077	0.01134	0.00927	0.00801	0.01146	0.01077	0.01526	0.02094	0.19607	0.02271	0.17039	0.31905	0.00667	0.13883	0.00997	0.00409	0.00563
11	0.01130	0.00577	0.00847	0.00847	0.00847	0.00577	0.00559	0.00865	0.00865	0.01153	0.01212	0.02172	0.01236	0.07814	0.02631	0.74902	0.00577	0.00600	0.00294	0.00294
12	0.01557	0.01492	0.02564	0.09348	0.61780	0.01509	0.04114	0.01943	0.01475	0.02090	0.01353	0.05292	0.01190	0.00663	0.00665	0.00202	0.00780	0.00655	0.00337	0.00989
13	0.02193	0.01095	0.01408	0.01068	0.01571	0.00902	0.00867	0.02467	0.01697	0.41099	0.08794	0.02186	0.01836	0.00749	0.00611	0.00166	0.00510	0.00616	0.00655	0.29510
14	0.02503	0.01844	0.01976	0.01515	0.02042	0.02042	0.01251	0.70562	0.03095	0.04149	0.01581	0.01581	0.01120	0.00790	0.00659	0.00198	0.00724	0.00593	0.00659	0.01120
15	0.02503	0.01844	0.01976	0.01515	0.02042	0.02042	0.01251	0.70562	0.03095	0.04149	0.01581	0.01581	0.01120	0.00790	0.00659	0.00198	0.00724	0.00593	0.00659	0.01120
16	0.01373	0.01124	0.01502	0.01280	0.01486	0.01251	0.07882	0.09695	0.12490	0.02037	0.01904	0.02987	0.01815	0.29158	0.07681	0.00447	0.10020	0.02634	0.02534	0.00700
17	0.01629	0.01564	0.02672	0.04041	0.72757	0.01564	0.02020	0.02020	0.01499	0.02151	0.01238	0.01629	0.01043	0.00587	0.00652	0.00196	0.00782	0.00587	0.00326	0.01043
18	0.05521	0.06610	0.16181	0.01245	0.01734	0.01161	0.03265	0.02091	0.05993	0.17999	0.14320	0.09382	0.04638	0.00960	0.00659	0.00202	0.00594	0.00809	0.00557	0.06078
19	0.71030	0.01307	0.01031	0.00927	0.01325	0.03999	0.00762	0.01995	0.01203	0.06317	0.01125	0.01432	0.00909	0.00681	0.00450	0.00207	0.00540	0.03594	0.00434	0.00730
20	0.01947	0.02241	0.01606	0.01469	0.01725	0.44681	0.01111	0.05430	0.01629	0.01691	0.01289	0.01769	0.01160	0.07035	0.18391	0.00421	0.04792	0.00544	0.00360	0.00711
21	0.09066	0.01189	0.01349	0.00990	0.01538	0.00974	0.00796	0.01682	0.01329	0.02204	0.01135	0.01339	0.00946	0.00522	0.00537	0.00114	0.03066	0.00393	0.00388	0.70440
22	0.00795	0.00668	0.00691	0.00685	0.00900	0.00563	0.00514	0.00978	0.01541	0.01875	0.14053	0.06176	0.65045	0.01631	0.00778	0.00221	0.00331	0.01367	0.00624	0.00563
23	0.01545	0.09566	0.43441	0.01589	0.02328	0.01570	0.01832	0.09111	0.06906	0.05795	0.08597	0.01857	0.01536	0.00739	0.00630	0.00202	0.00802	0.00584	0.00418	0.00953
24	0.02171	0.02552	0.01709	0.01541	0.01830	0.53218	0.01160	0.07360	0.01786	0.01791	0.01249	0.03400	0.01124	0.07098	0.02920	0.00243	0.05232	0.00536	0.02337	0.00743
25	0.02041	0.00913	0.01222	0.01022	0.01366	0.00804	0.00809	0.02296	0.01804	0.41861	0.24437	0.10347	0.05944	0.01131	0.00719	0.00212	0.00457	0.00969	0.00760	0.00889
26	0.00851	0.00598	0.00783	0.00903	0.00968	0.00557	0.00627	0.00948	0.01270	0.01662	0.03747	0.55684	0.12253	0.02018	0.01004	0.08004	0.00411	0.06613	0.00580	0.00519
27	0.01869	0.55203	0.02996	0.01298	0.01762	0.16824	0.01186	0.02065	0.01411	0.01565	0.00931	0.01119	0.00847	0.00643	0.00623	0.00161	0.07999	0.00388	0.00294	0.00817

[dist]
# distance from previous block
# <min> <max>
0	5

[block]
# block no. 5 follows, 33 sequences, length 82
# corresponding to MSA columns:
# 156-237
name=unknown_F
#
# <colnr> <probs for GDERKNQSTAVLIFYWHMCP>
#	G	D	E	R	K	N	Q	S	T	A	V	L	I	F	Y	W	H	M	C	P
0	0.04686	0.64436	0.03158	0.01196	0.01698	0.06911	0.01143	0.01982	0.01338	0.01606	0.00918	0.01092	0.00842	0.00615	0.00559	0.00156	0.06175	0.00373	0.00290	0.00826
1	0.02146	0.36693	0.02599	0.01416	0.01879	0.33326	0.01203	0.10170	0.01767	0.01876	0.01036	0.01173	0.00878	0.00639	0.00523	0.00160	0.00914	0.00411	0.00350	0.00841
2	0.01290	0.01012	0.01209	0.00946	0.01367	0.00827	0.00730	0.01531	0.01290	0.03910	0.01505	0.02177	0.01383	0.12778	0.08410	0.00289	0.00641	0.02550	0.02583	0.53571
3	0.03556	0.23156	0.18618	0.01537	0.02095	0.18844	0.03365	0.05862	0.06871	0.04799	0.01243	0.01381	0.00979	0.00680	0.00642	0.00185	0.04454	0.00476	0.00369	0.00887
4	0.01886	0.01674	0.01662	0.06836	0.02011	0.10206	0.01163	0.19388	0.39275	0.02842	0.02140	0.04569	0.01655	0.00866	0.00663	0.00212	0.00670	0.00697	0.00599	0.00988
5	0.00948	0.00658	0.00827	0.00831	0.00869	0.00694	0.00539	0.01025	0.00998	0.01367	0.02019	0.05750	0.02211	0.52055	0.25706	0.00761	0.00987	0.00903	0.00390	0.00462
6	0.01144	0.00572	0.00858	0.00858	0.00858	0.00572	0.00572	0.00858	0.00858	0.01144	0.01144	0.02001	0.01144	0.02287	0.02573	0.80846	0.00572	0.00572	0.00286	0.00286
7	0.01554	0.01776	0.03885	0.02775	0.03441	0.01665	0.70366	0.02109	0.01554	0.02109	0.01332	0.01776	0.00999	0.00555	0.00777	0.00222	0.01110	0.00777	0.00333	0.00888
8	0.02503	0.01844	0.01976	0.01515	0.02042	0.02042	0.01251	0.70562	0.03095	0.04149	0.01581	0.01581	0.01120	0.00790	0.00659	0.00198	0.00724	0.00593	0.00659	0.01120
9	0.01760	0.77260	0.03450	0.01126	0.01690	0.02605	0.01126	0.01971	0.01338	0.01549	0.00915	0.01056	0.00845	0.00563	0.00422	0.00141	0.00704	0.00352	0.00282	0.00845
10	0.75660	0.06850	0.01150	0.00885	0.01304	0.01560	0.00743	0.01938	0.01136	0.02851	0.00917	0.01068	0.00723	0.00608	0.00409	0.00199	0.00524	0.00356	0.00398	0.00723
11	0.24627	0.01420	0.01459	0.01462	0.09798	0.06721	0.01020	0.18203	0.01818	0.06489	0.07143	0.10603	0.04758	0.00935	0.00616	0.00207	0.00608	0.00743	0.00530	0.00839
12	0.01554	0.01776	0.03885	0.02775	0.03441	0.01665	0.70366	0.02109	0.01554	0.02109	0.01332	0.01776	0.00999	0.00555	0.00777	0.00222	0.01110	0.00777	0.00333	0.00888
13	0.01365	0.01170	0.01365	0.00975	0.01560	0.00878	0.00780	0.01658	0.01365	0.02145	0.01170	0.01365	0.00975	0.00488	0.00488	0.00098	0.00488	0.00390	0.00390	0.80888
14	0.01440	0.01440	0.02016	0.01728	0.01728	0.02016	0.01440	0.01584	0.01008	0.01584	0.00864	0.01440	0.00864	0.01152	0.02160	0.00288	0.75659	0.00576	0.00288	0.00720
15	0.01405	0.01450	0.06935	0.10783	0.09243	0.01407	0.14320	0.04028	0.18878	0.02169	0.04472	0.02519	0.06177	0.06605	0.04716	0.00292	0.02538	0.00761	0.00453	0.00849
16	0.00842	0.00654	0.00770	0.00802	0.00962	0.00582	0.00596	0.01043	0.01538	0.01985	0.22084	0.21649	0.35891	0.01686	0.00801	0.00234	0.00358	0.06312	0.00639	0.00571
17	0.01654	0.55934	0.16088	0.01462	0.07090	0.02273	0.01411	0.01983	0.01360	0.01718	0.01024	0.01201	0.00883	0.00582	0.00477	0.00158	0.00747	0.00402	0.02679	0.00876
18	0.01136	0.00734	0.00852	0.00786	0.01030	0.00634	0.00602	0.01356	0.01659	0.12333	0.24788	0.05341	0.43404	0.01453	0.00761	0.00215	0.00360	0.01228	0.00673	0.00656
19	0.01286	0.01049	0.01195	0.01144	0.01324	0.06515	0.00887	0.09746	0.04158	0.01926	0.02027	0.04845	0.01974	0.13131	0.36278	0.00683	0.01214	0.09513	0.00446	0.00659
20	0.00957	0.00638	0.00718	0.00718	0.00718	0.00638	0.00399	0.00957	0.00957	0.01276	0.02074	0.04308	0.02393	0.76864	0.03351	0.00638	0.00638	0.00957	0.00399	0.00399
21	0.02433	0.01995	0.01946	0.01541	0.02019	0.12005	0.01254	0.56678	0.05039	0.03666	0.01513	0.01549	0.01102	0.00790	0.00701	0.00198	0.03339	0.00574	0.00602	0.01054
22	0.01585	0.01521	0.02582	0.11075	0.63684	0.01568	0.01983	0.01973	0.01465	0.02086	0.01220	0.01636	0.01021	0.00612	0.00701	0.00201	0.03181	0.00586	0.00321	0.01001
23	0.01261	0.01168	0.01893	0.55925	0.06871	0.01392	0.03963	0.01763	0.06470	0.01770	0.01569	0.02165	0.03867	0.06247	0.00863	0.00249	0.00817	0.00662	0.00343	0.00742
24	0.01012	0.00748	0.00974	0.01017	0.01188	0.00729	0.00836	0.01382	0.05096	0.02251	0.30559	0.06102	0.11175	0.01575	0.00833	0.00254	0.00461	0.32523	0.00656	0.00629
25	0.01792	0.34061	0.20807	0.01551	0.02191	0.10163	0.06567	0.09870	0.03638	0.02061	0.01150	0.01307	0.00918	0.00626	0.00553	0.00176	0.00853	0.00464	0.00345	0.00908
26	0.00806	0.00654	0.00714	0.00729	0.00913	0.00563	0.00535	0.00987	0.01522	0.01898	0.16464	0.16355	0.52213	0.01675	0.00787	0.00227	0.00337	0.01429	0.00629	0.00563
27	0.01416	0.01000	0.01271	0.01370	0.11640	0.00979	0.00902	0.08398	0.06316	0.09121	0.21358	0.03788	0.19504	0.01119	0.00697	0.00203	0.00462	0.00954	0.08711	0.00789
28	0.01182	0.01105	0.02072	0.01767	0.05093	0.01056	0.26902	0.01525	0.01454	0.02001	0.09419	0.23875	0.02794	0.01500	0.06130	0.00297	0.00783	0.06935	0.03398	0.00711
29	0.00825	0.00626	0.00768	0.00870	0.00982	0.00568	0.00629	0.00979	0.01370	0.01747	0.04607	0.45216	0.26592	0.01904	0.00828	0.00257	0.00393	0.09678	0.00611	0.00550
30	0.09583	0.01195	0.01507	0.01183	0.01670	0.01116	0.00979	0.10115	0.01931	0.56952	0.02382	0.02285	0.01586	0.00836	0.00650	0.00207	0.00575	0.03427	0.00755	0.01064
31	0.00856	0.00632	0.00783	0.00881	0.00976	0.00587	0.00631	0.00999	0.01322	0.01702	0.04143	0.40267	0.20207	0.10823	0.01135	0.00306	0.00436	0.12193	0.00585	0.00535
32	0.00948	0.00674	0.00900	0.00900	0.00963	0.00737	0.00626	0.01074	0.01011	0.01411	0.01908	0.03386	0.01993	0.38332	0.41335	0.00863	0.01241	0.00822	0.00374	0.00500
33	0.00922	0.00650	0.00758	0.00800	0.00843	0.00639	0.00497	0.01043	0.03837	0.01496	0.02918	0.26723	0.08160	0.45192	0.02279	0.00477	0.00532	0.01264	0.00491	0.00478
34	0.07492	0.01696	0.01787	0.01397	0.01882	0.01880	0.01148	0.58087	0.05714	0.03885	0.01626	0.01650	0.01173	0.00781	0.00628	0.00196	0.00670	0.00585	0.06669	0.01052
35	0.00966	0.00761	0.01079	0.01092	0.01229	0.00740	0.05755	0.01269	0.06491	0.01837	0.05333	0.44462	0.08495	0.06635	0.00990	0.00285	0.00488	0.10906	0.00584	0.00603
36	0.01219	0.00990	0.05671	0.02959	0.01279	0.00852	0.00791	0.03065	0.04396	0.09755	0.08609	0.08785	0.28080	0.15834	0.01303	0.00303	0.03805	0.01080	0.00560	0.00664
37	0.01827	0.01135	0.01584	0.01280	0.01663	0.01102	0.08965	0.08262	0.11452	0.23738	0.20259	0.05829	0.07905	0.01033	0.00720	0.00212	0.00548	0.00910	0.00680	0.00895
38	0.01760	0.77260	0.03450	0.01126	0.01690	0.02605	0.01126	0.01971	0.01338	0.01549	0.00915	0.01056	0.00845	0.00563	0.00422	0.00141	0.00704	0.00352	0.00282	0.00845
39	0.01320	0.03405	0.73453	0.01876	0.02849	0.01529	0.02432	0.02085	0.01390	0.02085	0.01181	0.01390	0.00834	0.00625	0.00625	0.00208	0.00973	0.00486	0.00278	0.00973
40	0.02503	0.01844	0.01976	0.01515	0.02042	0.02042	0.01251	0.70562	0.03095	0.04149	0.01581	0.01581	0.01120	0.00790	0.00659	0.00198	0.00724	0.00593	0.00659	0.01120
41	0.00940	0.00705	0.01058	0.01058	0.01176	0.00823	0.00823	0.01176	0.01058	0.01528	0.01763	0.02586	0.01646	0.04937	0.74255	0.01058	0.01763	0.00705	0.00353	0.00588
42	0.01858	0.01428	0.01542	0.01340	0.01742	0.01611	0.01056	0.10260	0.57584	0.10024	0.02560	0.02346	0.01881	0.00875	0.00668	0.00219	0.00546	0.00721	0.00683	0.01058
43	0.01459	0.01226	0.01416	0.01020	0.01600	0.00974	0.00819	0.07361	0.01508	0.02311	0.01204	0.01383	0.00987	0.00513	0.00502	0.00106	0.00507	0.00407	0.00412	0.74286
44	0.01631	0.01822	0.13685	0.24717	0.16797	0.01639	0.11353	0.15983	0.01761	0.02401	0.01292	0.01640	0.00969	0.00652	0.00668	0.00209	0.00875	0.00598	0.00377	0.00931
45	0.00980	0.01039	0.09345	0.03868	0.01345	0.00807	0.00864	0.01360	0.07219	0.01957	0.15058	0.24721	0.18361	0.08839	0.01015	0.00272	0.00484	0.01261	0.00563	0.00641
46	0.00877	0.00666	0.00781	0.00800	0.00948	0.00605	0.00590	0.01066	0.01493	0.01935	0.21901	0.12407	0.31581	0.12457	0.01168	0.00292	0.00407	0.08865	0.00609	0.00553
47	0.01580	0.01558	0.05044	0.09487	0.54725	0.01560	0.01894	0.03832	0.01485	0.02138	0.01252	0.01651	0.01038	0.00646	0.00748	0.00203	0.05955	0.00583	0.03645	0.00977
48	0.00853	0.00664	0.00778	0.00782	0.00956	0.00589	0.00586	0.01076	0.01614	0.02104	0.31030	0.12992	0.36923	0.01594	0.00791	0.00225	0.00344	0.04863	0.00654	0.00581
49	0.00941	0.00703	0.01044	0.01044	0.01156	0.00815	0.00805	0.01166	0.01054	0.01518	0.01776	0.02659	0.01677	0.07959	0.71276	0.01040	0.01716	0.00716	0.00355	0.00580
50	0.02014	0.00915	0.01239	0.01028	0.01370	0.00821	0.00821	0.02289	0.01816	0.40310	0.29931	0.03316	0.03429	0.01323	0.06056	0.00267	0.00550	0.00873	0.00746	0.00886
51	0.81514	0.01273	0.00968	0.00866	0.01273	0.01477	0.00713	0.01935	0.01120	0.02954	0.00917	0.01069	0.00713	0.00611	0.00407	0.00204	0.00509	0.00356	0.00407	0.00713
52	0.01600	0.09086	0.01930	0.01498	0.01643	0.12213	0.01217	0.04793	0.03994	0.01704	0.01166	0.01795	0.01124	0.10449	0.03612	0.00313	0.40207	0.00590	0.00341	0.00726
53	0.11010	0.01717	0.01830	0.01434	0.01898	0.01937	0.01184	0.56031	0.02677	0.03782	0.01472	0.01540	0.01073	0.00797	0.00736	0.00204	0.06189	0.00566	0.02895	0.01031
54	0.01469	0.01346	0.06687	0.01142	0.03546	0.00991	0.00951	0.05480	0.01498	0.05627	0.01620	0.01750	0.05642	0.00609	0.00539	0.00127	0.00537	0.00491	0.00429	0.59520
55	0.02376	0.01976	0.01833	0.01494	0.01944	0.17090	0.01200	0.44729	0.05662	0.07438	0.01702	0.04647	0.01331	0.00850	0.00660	0.00199	0.00787	0.02483	0.00598	0.01004
56	0.01791	0.74000	0.03380	0.01151	0.01705	0.05755	0.01133	0.02000	0.01361	0.01552	0.00920	0.01062	0.00845	0.00568	0.00430	0.00142	0.00725	0.00355	0.00284	0.00841
57	0.02315	0.01007	0.01321	0.01079	0.01466	0.00925	0.00869	0.06261	0.01789	0.46907	0.06839	0.07231	0.02071	0.01224	0.06058	0.00265	0.00601	0.00767	0.10052	0.00953
58	0.01383	0.01191	0.01336	0.10910	0.01829	0.04428	0.00996	0.07342	0.27048	0.02423	0.14466	0.11814	0.09835	0.01137	0.00713	0.00221	0.00542	0.00971	0.00601	0.00815
59	0.00943	0.00699	0.00917	0.00943	0.00981	0.00761	0.00649	0.01045	0.01084	0.01491	0.02417	0.27475	0.02748	0.30081	0.17932	0.00578	0.07123	0.01172	0.00449	0.00512
60	0.00942	0.00700	0.01033	0.01033	0.01142	0.00809	0.00792	0.01160	0.01051	0.01510	0.01786	0.02711	0.01700	0.10165	0.69101	0.01028	0.01682	0.00724	0.00356	0.00574
61	0.01522	0.01581	0.07064	0.10455	0.56508	0.01484	0.01927	0.01936	0.01501	0.02137	0.06401	0.01865	0.01389	0.00651	0.00660	0.00199	0.00769	0.00624	0.00349	0.00978
62	0.01697	0.01697	0.06290	0.01589	0.06155	0.09080	0.01248	0.09423	0.35760	0.02513	0.02282	0.02569	0.04129	0.00943	0.00788	0.00224	0.06117	0.06001	0.00553	0.00942
63	0.00851	0.00603	0.00769	0.00856	0.00923	0.00565	0.00578	0.00951	0.01271	0.01681	0.08646	0.47550	0.12883	0.10082	0.03173	0.05542	0.00447	0.01546	0.00569	0.00514
64	0.01326	0.06661	0.41274	0.01579	0.02208	0.01512	0.01794	0.04818	0.01448	0.02071	0.06991	0.02214	0.09465	0.00886	0.00890	0.00218	0.12769	0.00653	0.00368	0.00858
65	0.00869	0.00670	0.00794	0.00763	0.00945	0.00595	0.00572	0.01122	0.01716	0.02291	0.45746	0.05493	0.33093	0.01476	0.00777	0.00213	0.00320	0.01271	0.00679	0.00595
66	0.04369	0.07218	0.08908	0.32019	0.08532	0.07798	0.11093	0.01874	0.01424	0.01879	0.03992	0.03848	0.01199	0.00706	0.00681	0.00209	0.02496	0.00623	0.00332	0.00799
67	0.02089	0.04655	0.04692	0.06576	0.04668	0.42339	0.06437	0.07271	0.01750	0.01891	0.01117	0.01375	0.00911	0.00719	0.00771	0.00192	0.08712	0.00499	0.02528	0.00807
68	0.00882	0.00659	0.00823	0.00839	0.00987	0.00600	0.00627	0.01121	0.01635	0.02202	0.38372	0.19207	0.21013	0.01596	0.00800	0.00230	0.00354	0.06799	0.00667	0.00588
69	0.02334	0.10634	0.02004	0.01614	0.01979	0.62165	0.01242	0.02618	0.06330	0.01679	0.01115	0.01256	0.00923	0.00680	0.00581	0.00170	0.01094	0.00437	0.00355	0.00790
70	0.69295	0.03353	0.01321	0.01060	0.01491	0.01505	0.07771	0.01944	0.01177	0.02818	0.00989	0.01175	0.00769	0.00608	0.00447	0.00203	0.00570	0.00405	0.02367	0.00732
71	0.01144	0.00572	0.00858	0.00858	0.00858	0.00572	0.00572	0.00858	0.00858	0.01144	0.01144	0.02001	0.01144	0.02287	0.02573	0.80846	0.00572	0.00572	0.00286	0.00286
72	0.01058	0.00697	0.00892	0.00845	0.01006	0.00649	0.00622	0.01299	0.01639	0.07344	0.44371	0.09028	0.11478	0.10041	0.05823	0.00315	0.00466	0.01156	0.00653	0.00618
73	0.09030	0.01135	0.01452	0.01344	0.07396	0.01090	0.00978	0.10215	0.01851	0.36214	0.10476	0.09821	0.04137	0.00984	0.00673	0.00210	0.00540	0.00822	0.00685	0.00948
74	0.00840	0.00631	0.00824	0.05684	0.01158	0.00607	0.00656	0.00974	0.01275	0.01662	0.03791	0.55239	0.14061	0.08104	0.01027	0.00288	0.00428	0.01641	0.00573	0.00539
75	0.01649	0.01418	0.01708	0.12981	0.08209	0.01593	0.01250	0.10199	0.42270	0.02643	0.02096	0.02104	0.01581	0.00790	0.00652	0.00208	0.00618	0.00664	0.00561	0.06806
76	0.01014	0.00703	0.00799	0.00799	0.00838	0.00720	0.00494	0.01172	0.06131	0.01435	0.02222	0.04402	0.02468	0.65834	0.02977	0.00583	0.00627	0.05886	0.00434	0.00461
77	0.03954	0.07693	0.34286	0.03457	0.03938	0.03277	0.01602	0.01920	0.03064	0.05888	0.02050	0.06450	0.09543	0.00831	0.00623	0.00196	0.00742	0.00669	0.00395	0.09423
78	0.07869	0.55684	0.02908	0.01189	0.01708	0.07669	0.01108	0.06574	0.06579	0.01916	0.01094	0.01202	0.00938	0.00614	0.00467	0.00157	0.00713	0.00402	0.00348	0.00861
79	0.08235	0.02636	0.01794	0.01584	0.01934	0.52838	0.01218	0.08236	0.01860	0.07125	0.01162	0.01304	0.00919	0.00723	0.00692	0.00185	0.05881	0.00460	0.00402	0.00812
80	0.01271	0.06730	0.01992	0.61898	0.03982	0.01470	0.01658	0.01670	0.01319	0.01702	0.01255	0.04816	0.01028	0.00699	0.00637	0.00208	0.00819	0.00609	0.00311	0.05928
81	0.01437	0.06642	0.10528	0.01068	0.01612	0.01077	0.00984	0.05052	0.01498	0.06003	0.02082	0.02171	0.10927	0.00726	0.00556	0.00146	0.00545	0.00579	0.06259	0.40107

[dist]
# distance from previous block
# <min> <max>
1	33

[block]
# block no. 6 follows, 33 sequences, length 45
# corresponding to MSA columns:
# 271-315
name=unknown_G
#
# <colnr> <probs for GDERKNQSTAVLIFYWHMCP>
#	G	D	E	R	K	N	Q	S	T	A	V	L	I	F	Y	W	H	M	C	P
0	0.16374	0.07750	0.02039	0.06434	0.16891	0.16120	0.06119	0.04414	0.06474	0.04029	0.01421	0.06525	0.01224	0.00743	0.00601	0.00198	0.00783	0.00606	0.00405	0.00851
1	0.00906	0.00844	0.05965	0.00991	0.01161	0.00646	0.00760	0.01088	0.01282	0.01765	0.03161	0.62135	0.03700	0.01772	0.00783	0.00243	0.00436	0.01596	0.00561	0.10203
2	0.00819	0.00591	0.00777	0.00908	0.00968	0.00549	0.00622	0.00956	0.01323	0.01760	0.08419	0.65517	0.08040	0.01985	0.00835	0.00262	0.00382	0.04125	0.00619	0.00544
3	0.01621	0.01598	0.02472	0.12152	0.57036	0.06649	0.01909	0.01999	0.01504	0.02051	0.01300	0.01832	0.01114	0.00648	0.00658	0.00201	0.00815	0.03139	0.00333	0.00970
4	0.01227	0.00614	0.00614	0.00614	0.00767	0.00614	0.00460	0.01534	0.01381	0.02454	0.02148	0.02454	0.01687	0.00767	0.00460	0.00153	0.00307	0.00614	0.80518	0.00614
5	0.04549	0.01606	0.03299	0.20691	0.03629	0.01607	0.50686	0.01996	0.01478	0.02035	0.01276	0.01744	0.00958	0.00583	0.00733	0.00221	0.01029	0.00713	0.00326	0.00842
6	0.00952	0.00655	0.00804	0.00801	0.00837	0.00678	0.00507	0.01025	0.01041	0.01424	0.06746	0.03969	0.02486	0.55893	0.18833	0.00702	0.00865	0.00917	0.00411	0.00456
7	0.00812	0.00632	0.00742	0.00817	0.00953	0.00562	0.00590	0.00969	0.01407	0.01773	0.07022	0.36955	0.36220	0.01841	0.00814	0.00247	0.00372	0.06105	0.00614	0.00552
8	0.01311	0.01273	0.02255	0.61076	0.09838	0.01495	0.09909	0.01759	0.01359	0.01770	0.01195	0.01748	0.00905	0.00640	0.00672	0.00218	0.00897	0.00608	0.00300	0.00775
9	0.00843	0.00629	0.00719	0.00766	0.00862	0.00575	0.00509	0.00948	0.01274	0.01623	0.06211	0.27853	0.28244	0.24121	0.01562	0.00360	0.00439	0.01408	0.00551	0.00504
10	0.01354	0.07610	0.17178	0.01503	0.04102	0.01301	0.09380	0.08987	0.04033	0.02437	0.25151	0.09159	0.03022	0.01001	0.00702	0.00208	0.00649	0.00887	0.00517	0.00818
11	0.00904	0.00647	0.00721	0.00720	0.00794	0.00612	0.00452	0.00979	0.01190	0.01543	0.09703	0.06970	0.21058	0.48262	0.02374	0.00480	0.00522	0.01117	0.00490	0.00464
12	0.01260	0.01055	0.01250	0.00955	0.01437	0.00814	0.00746	0.01533	0.01398	0.02135	0.07928	0.10522	0.01848	0.00751	0.00555	0.00127	0.00459	0.00637	0.00446	0.64144
13	0.01291	0.00941	0.01109	0.01009	0.01224	0.00975	0.00762	0.09695	0.10742	0.05705	0.26564	0.12622	0.11438	0.08688	0.01058	0.00262	0.03460	0.01095	0.00638	0.00722
14	0.02459	0.03138	0.01866	0.01696	0.02035	0.74221	0.01272	0.02629	0.01866	0.01611	0.01018	0.01187	0.00848	0.00678	0.00594	0.00170	0.01187	0.00424	0.00339	0.00763
15	0.01406	0.01384	0.01925	0.01657	0.01657	0.01919	0.01367	0.01540	0.01005	0.01563	0.00950	0.01643	0.00972	0.06495	0.02244	0.00313	0.70365	0.00603	0.00296	0.00697
16	0.01350	0.08382	0.68735	0.01826	0.02771	0.01601	0.02344	0.02077	0.01386	0.02049	0.01163	0.01367	0.00835	0.00621	0.00612	0.00204	0.00955	0.00477	0.00278	0.00964
17	0.02387	0.03018	0.01876	0.01698	0.02014	0.69126	0.01284	0.02555	0.01805	0.01609	0.01007	0.01205	0.00849	0.00712	0.00704	0.00178	0.06442	0.00435	0.00336	0.00760
18	0.81514	0.01273	0.00968	0.00866	0.01273	0.01477	0.00713	0.01935	0.01120	0.02954	0.00917	0.01069	0.00713	0.00611	0.00407	0.00204	0.00509	0.00356	0.00407	0.00713
19	0.01629	0.01564	0.02672	0.04041	0.72757	0.01564	0.02020	0.02020	0.01499	0.02151	0.01238	0.01629	0.01043	0.00587	0.00652	0.00196	0.00782	0.00587	0.00326	0.01043
20	0.01760	0.77260	0.03450	0.01126	0.01690	0.02605	0.01126	0.01971	0.01338	0.01549	0.00915	0.01056	0.00845	0.00563	0.00422	0.00141	0.00704	0.00352	0.00282	0.00845
21	0.01739	0.01465	0.01546	0.01360	0.01751	0.01685	0.01067	0.11390	0.63510	0.02918	0.02550	0.02353	0.01905	0.00881	0.00669	0.00220	0.00545	0.00726	0.00669	0.01051
22	0.01440	0.01440	0.02016	0.01728	0.01728	0.02016	0.01440	0.01584	0.01008	0.01584	0.00864	0.01440	0.00864	0.01152	0.02160	0.00288	0.75659	0.00576	0.00288	0.00720
23	0.00799	0.00584	0.00752	0.00887	0.00947	0.00537	0.00598	0.00920	0.01289	0.01692	0.03987	0.68157	0.12400	0.02016	0.00833	0.00262	0.00376	0.01815	0.00611	0.00537
24	0.01243	0.01170	0.01975	0.75282	0.04534	0.01463	0.01828	0.01682	0.01316	0.01682	0.01170	0.01755	0.00878	0.00658	0.00658	0.00219	0.00878	0.00585	0.00293	0.00731
25	0.74214	0.01297	0.01043	0.00912	0.01330	0.01486	0.00751	0.05592	0.01255	0.05832	0.01019	0.01143	0.00771	0.00629	0.00431	0.00203	0.00523	0.00381	0.00437	0.00751
26	0.00831	0.00675	0.00745	0.00775	0.00970	0.00588	0.00598	0.01024	0.01509	0.01853	0.09997	0.11059	0.53697	0.01696	0.00802	0.00236	0.00376	0.11386	0.00617	0.00566
27	0.01353	0.01282	0.02173	0.54977	0.23979	0.01492	0.01883	0.01778	0.01368	0.01816	0.01190	0.01719	0.00925	0.00638	0.00656	0.00213	0.00850	0.00585	0.00302	0.00820
28	0.00856	0.00663	0.00784	0.00804	0.00972	0.00592	0.00606	0.01073	0.01581	0.02053	0.26679	0.16325	0.35286	0.01638	0.00799	0.00231	0.00358	0.07476	0.00647	0.00578
29	0.00939	0.00663	0.00871	0.00882	0.00936	0.00712	0.00601	0.01051	0.01023	0.01416	0.02047	0.08639	0.02202	0.39894	0.34415	0.00797	0.01116	0.00911	0.00394	0.00492
30	0.25693	0.01250	0.01322	0.01112	0.01522	0.01333	0.00897	0.09174	0.17377	0.21885	0.09970	0.02183	0.01915	0.00830	0.00601	0.00208	0.00524	0.00643	0.00636	0.00925
31	0.01687	0.01459	0.01918	0.04206	0.14537	0.06846	0.07556	0.03424	0.01530	0.08961	0.01331	0.01538	0.01042	0.00570	0.00578	0.00148	0.00677	0.00500	0.00413	0.41080
32	0.09309	0.06614	0.01875	0.05261	0.01968	0.01733	0.03563	0.35650	0.05014	0.08114	0.01615	0.01835	0.01232	0.01102	0.06303	0.00268	0.02902	0.02266	0.02419	0.00956
33	0.07530	0.06856	0.08225	0.05031	0.10389	0.15102	0.01248	0.02238	0.11583	0.07613	0.07851	0.05837	0.01820	0.04959	0.00776	0.00223	0.00731	0.00681	0.00466	0.00840
34	0.12814	0.01667	0.08186	0.14191	0.18234	0.03833	0.04161	0.12040	0.08385	0.08041	0.01467	0.01664	0.01093	0.00683	0.00623	0.00206	0.00751	0.00570	0.00447	0.00942
35	0.06021	0.04256	0.08206	0.04169	0.09659	0.01257	0.06068	0.06452	0.08875	0.04152	0.02372	0.15407	0.08228	0.01017	0.00670	0.00208	0.00623	0.02276	0.00485	0.09599
36	0.05862	0.01321	0.01672	0.06651	0.04706	0.03291	0.05204	0.13467	0.04529	0.07596	0.08036	0.06973	0.01784	0.00861	0.00765	0.00194	0.07128	0.00698	0.03002	0.16260
37	0.04038	0.01309	0.01760	0.03421	0.06836	0.07750	0.12190	0.04382	0.03250	0.03910	0.20018	0.06008	0.06236	0.01037	0.00774	0.00212	0.03523	0.06672	0.00516	0.06159
38	0.03794	0.06503	0.30640	0.01513	0.02158	0.04246	0.05867	0.02230	0.07004	0.13350	0.07263	0.02196	0.06321	0.00791	0.00643	0.00202	0.00753	0.00650	0.00463	0.03413
39	0.07842	0.04407	0.05332	0.01325	0.03694	0.01366	0.03215	0.11651	0.18540	0.11717	0.06495	0.02915	0.09452	0.00961	0.00666	0.00211	0.00583	0.05502	0.00594	0.03529
40	0.01686	0.13640	0.01958	0.05908	0.07248	0.04529	0.01166	0.15235	0.07760	0.03993	0.05408	0.07105	0.03257	0.03553	0.00890	0.00215	0.09028	0.00696	0.00473	0.06252
41	0.11746	0.17331	0.18965	0.06825	0.02034	0.06422	0.01351	0.02032	0.01407	0.11232	0.01548	0.05911	0.01338	0.05603	0.00757	0.00226	0.00745	0.03292	0.00409	0.00826
42	0.04505	0.06178	0.06878	0.01093	0.01389	0.00953	0.03608	0.01526	0.03477	0.08253	0.04186	0.21174	0.04800	0.01441	0.01114	0.18783	0.00554	0.00928	0.00470	0.08689
43	0.04687	0.02983	0.01277	0.10593	0.01732	0.06659	0.00940	0.04416	0.01580	0.12945	0.05248	0.14381	0.18406	0.01246	0.00713	0.00221	0.00574	0.07308	0.00561	0.03531
44	0.01493	0.08008	0.11362	0.04863	0.11311	0.04436	0.19937	0.02076	0.10069	0.01997	0.01547	0.04783	0.01335	0.07628	0.00972	0.00247	0.03839	0.00696	0.00378	0.03024

[dist]
# distance from previous block
# <min> <max>
11	27

# created by:
# /home/berkeley/.conda/envs/busco_data_prod/bin/msa2prfl.pl pipeline/OGs_align_augustus/4893/31076.fs
