[name]
unknown

[dist]
# distance from previous block
# <min> <max>
0	39

[block]
# block no. 0 follows, 32 sequences, length 113
# corresponding to MSA columns:
# 39-151
name=unknown_A
#
# <colnr> <probs for GDERKNQSTAVLIFYWHMCP>
#	G	D	E	R	K	N	Q	S	T	A	V	L	I	F	Y	W	H	M	C	P
0	0.04190	0.01495	0.05518	0.03965	0.18390	0.03442	0.01351	0.02617	0.28305	0.08119	0.05564	0.06043	0.01979	0.00916	0.00725	0.00222	0.02510	0.03131	0.00551	0.00967
1	0.29656	0.03740	0.07730	0.01377	0.01885	0.13178	0.05185	0.12274	0.03484	0.10951	0.01353	0.01442	0.00993	0.00685	0.00565	0.00198	0.00749	0.00494	0.00478	0.03584
2	0.01659	0.01299	0.01434	0.01276	0.01619	0.01440	0.01002	0.12910	0.40441	0.05261	0.13272	0.07095	0.02783	0.01078	0.00720	0.00227	0.00527	0.04311	0.00688	0.00959
3	0.08983	0.01711	0.01842	0.01434	0.01950	0.01869	0.01181	0.51932	0.06846	0.12842	0.01755	0.01708	0.01228	0.00800	0.00651	0.00204	0.00687	0.00603	0.00671	0.01103
4	0.01718	0.01536	0.01645	0.01634	0.08670	0.05881	0.01158	0.06651	0.52262	0.02744	0.06759	0.02455	0.02103	0.00890	0.00683	0.00219	0.00595	0.00744	0.00631	0.01023
5	0.01810	0.05417	0.03174	0.06446	0.07115	0.01799	0.39101	0.19435	0.01943	0.02614	0.01400	0.01738	0.01057	0.00767	0.02877	0.00239	0.00997	0.00698	0.00420	0.00955
6	0.01536	0.06133	0.03616	0.02522	0.03128	0.01651	0.58909	0.02026	0.01511	0.02032	0.01407	0.02020	0.01149	0.08029	0.01029	0.00263	0.01059	0.00784	0.00343	0.00853
7	0.00947	0.00681	0.00883	0.00840	0.00985	0.00632	0.00619	0.01238	0.01823	0.02574	0.65458	0.07109	0.06030	0.06094	0.00958	0.00240	0.00340	0.01219	0.00714	0.00616
8	0.04992	0.00728	0.00908	0.00938	0.01078	0.00706	0.00674	0.01358	0.05395	0.05637	0.26358	0.40746	0.04621	0.01655	0.00794	0.00243	0.00388	0.01474	0.00665	0.00642
9	0.01812	0.01476	0.01576	0.01371	0.01759	0.01685	0.01075	0.16395	0.53602	0.02988	0.02419	0.02301	0.01819	0.00974	0.00795	0.04970	0.00575	0.00718	0.00657	0.01032
10	0.02645	0.01478	0.01746	0.01331	0.01866	0.01468	0.01097	0.33029	0.02422	0.35065	0.02040	0.01894	0.01362	0.00786	0.00656	0.00194	0.00639	0.00616	0.00716	0.08951
11	0.00829	0.00626	0.00759	0.00841	0.00948	0.00564	0.00582	0.00978	0.01411	0.01828	0.11479	0.45296	0.25046	0.04416	0.00917	0.00265	0.00376	0.01657	0.00627	0.00556
12	0.01190	0.00774	0.00960	0.00896	0.01110	0.00718	0.00677	0.01552	0.06103	0.10481	0.41023	0.11787	0.17307	0.01412	0.00778	0.00221	0.00371	0.01228	0.00713	0.00698
13	0.01951	0.01308	0.01482	0.01223	0.01599	0.01385	0.00971	0.28388	0.10801	0.13377	0.08160	0.02891	0.08871	0.07838	0.06372	0.00313	0.00686	0.00804	0.00651	0.00930
14	0.02415	0.03051	0.01853	0.01690	0.02022	0.69413	0.01269	0.02592	0.01853	0.01637	0.01082	0.01294	0.00912	0.00948	0.04933	0.00226	0.01245	0.00449	0.00347	0.00767
15	0.49533	0.01310	0.01196	0.01026	0.01428	0.01459	0.00832	0.15554	0.01652	0.06726	0.05919	0.05961	0.03346	0.00831	0.00539	0.00211	0.00541	0.00598	0.00526	0.00811
16	0.03817	0.00964	0.01129	0.00996	0.01283	0.00958	0.00776	0.05996	0.13223	0.13125	0.33218	0.04005	0.13247	0.01188	0.00729	0.00213	0.00424	0.01009	0.02898	0.00803
17	0.00914	0.00777	0.01065	0.00965	0.01187	0.00692	0.07366	0.01141	0.01560	0.02003	0.19693	0.15696	0.38690	0.04099	0.00890	0.00244	0.00430	0.01367	0.00613	0.00606
18	0.00976	0.00651	0.00732	0.00732	0.00732	0.00651	0.00407	0.00976	0.00976	0.01301	0.02114	0.04391	0.02439	0.76419	0.03415	0.00651	0.00651	0.00976	0.00407	0.00407
19	0.45313	0.01185	0.01136	0.00978	0.01376	0.01266	0.00791	0.06034	0.01478	0.19434	0.01829	0.07257	0.03402	0.00834	0.00539	0.00210	0.00517	0.00612	0.04985	0.00825
20	0.01796	0.00879	0.01131	0.00957	0.01285	0.00769	0.00757	0.02055	0.01826	0.32420	0.27860	0.04166	0.18884	0.01213	0.00742	0.00213	0.00430	0.01028	0.00752	0.00836
21	0.00976	0.00651	0.00732	0.00732	0.00732	0.00651	0.00407	0.00976	0.00976	0.01301	0.02114	0.04391	0.02439	0.76419	0.03415	0.00651	0.00651	0.00976	0.00407	0.00407
22	0.00995	0.00757	0.00923	0.00946	0.01115	0.00732	0.00730	0.01376	0.07699	0.02170	0.24803	0.13772	0.19233	0.05684	0.00963	0.00269	0.00434	0.16119	0.00650	0.00631
23	0.04078	0.01102	0.01226	0.01093	0.01410	0.01135	0.00847	0.12813	0.17358	0.11410	0.06809	0.16002	0.19376	0.01292	0.00733	0.00227	0.00488	0.01089	0.00669	0.00845
24	0.10174	0.01084	0.01236	0.01035	0.01402	0.01064	0.00827	0.13827	0.01915	0.23845	0.11494	0.06833	0.15629	0.01096	0.00681	0.00211	0.00495	0.00895	0.05391	0.00867
25	0.00976	0.00651	0.00732	0.00732	0.00732	0.00651	0.00407	0.00976	0.00976	0.01301	0.02114	0.04391	0.02439	0.76419	0.03415	0.00651	0.00651	0.00976	0.00407	0.00407
26	0.00889	0.00667	0.00812	0.00894	0.00998	0.00630	0.00625	0.01115	0.04768	0.01823	0.08163	0.44124	0.18272	0.08387	0.01058	0.00292	0.00416	0.04884	0.00614	0.00571
27	0.00842	0.00610	0.00795	0.00900	0.00974	0.00564	0.00617	0.01001	0.01422	0.01911	0.17286	0.57400	0.09330	0.01932	0.00839	0.00257	0.00372	0.01738	0.00646	0.00564
28	0.00917	0.00723	0.01114	0.01115	0.01218	0.00680	0.08005	0.01069	0.01282	0.01714	0.03271	0.60064	0.03849	0.10216	0.01135	0.00310	0.00498	0.01684	0.00568	0.00568
29	0.01267	0.01193	0.02013	0.74806	0.04621	0.01491	0.01863	0.01714	0.01342	0.01714	0.01193	0.01789	0.00894	0.00671	0.00671	0.00224	0.00894	0.00596	0.00298	0.00745
30	0.00883	0.00700	0.00980	0.01018	0.01152	0.00642	0.04968	0.01057	0.01386	0.01790	0.04291	0.48461	0.20559	0.01886	0.00843	0.00262	0.00444	0.07494	0.00605	0.00579
31	0.01610	0.01547	0.02612	0.10925	0.61168	0.01613	0.02003	0.01997	0.01478	0.02109	0.01231	0.01661	0.01035	0.00641	0.00761	0.00208	0.05466	0.00597	0.00326	0.01011
32	0.00843	0.00687	0.03105	0.00939	0.01017	0.00586	0.00663	0.00977	0.01283	0.01706	0.03687	0.65295	0.07877	0.06687	0.01006	0.00292	0.00422	0.01777	0.00598	0.00552
33	0.01661	0.01594	0.02724	0.04119	0.72233	0.01594	0.02059	0.02059	0.01528	0.02192	0.01262	0.01661	0.01063	0.00598	0.00664	0.00199	0.00797	0.00598	0.00332	0.01063
34	0.01267	0.01193	0.02013	0.74806	0.04621	0.01491	0.01863	0.01714	0.01342	0.01714	0.01193	0.01789	0.00894	0.00671	0.00671	0.00224	0.00894	0.00596	0.00298	0.00745
35	0.00887	0.00765	0.00777	0.00795	0.01005	0.02913	0.00610	0.01075	0.01543	0.01854	0.08284	0.09958	0.56268	0.01695	0.00805	0.00236	0.00401	0.08933	0.00618	0.00580
36	0.00959	0.00719	0.01078	0.01078	0.01198	0.00839	0.00839	0.01198	0.01078	0.01558	0.01797	0.02636	0.01677	0.05032	0.73760	0.01078	0.01797	0.00719	0.00359	0.00599
37	0.01475	0.02846	0.48035	0.02160	0.03028	0.01587	0.23071	0.02199	0.03068	0.04225	0.01328	0.01588	0.00953	0.00627	0.00687	0.00217	0.01012	0.00598	0.00326	0.00971
38	0.01391	0.01193	0.01391	0.00994	0.01590	0.00894	0.00795	0.01690	0.01391	0.02186	0.01193	0.01391	0.00994	0.00497	0.00497	0.00099	0.00497	0.00398	0.00398	0.80521
39	0.01661	0.01594	0.02724	0.04119	0.72233	0.01594	0.02059	0.02059	0.01528	0.02192	0.01262	0.01661	0.01063	0.00598	0.00664	0.00199	0.00797	0.00598	0.00332	0.01063
40	0.02579	0.01833	0.01985	0.01522	0.02058	0.02012	0.01257	0.65817	0.03077	0.08517	0.01676	0.01653	0.01174	0.00807	0.00671	0.00202	0.00728	0.00609	0.00681	0.01141
41	0.02477	0.01843	0.01972	0.01529	0.02053	0.02046	0.01258	0.64458	0.08813	0.04110	0.01704	0.01685	0.01217	0.00814	0.00672	0.00204	0.00721	0.00617	0.00672	0.01135
42	0.00973	0.00663	0.00794	0.00794	0.00815	0.00684	0.00484	0.01016	0.00994	0.01347	0.02057	0.04077	0.02303	0.63646	0.16002	0.00727	0.00856	0.00930	0.00398	0.00441
43	0.01865	0.33564	0.05145	0.08799	0.02353	0.17161	0.10193	0.02196	0.03191	0.03880	0.01137	0.01373	0.00939	0.00658	0.00656	0.00183	0.05035	0.00490	0.00333	0.00848
44	0.00818	0.00584	0.00779	0.00934	0.00973	0.00545	0.00623	0.00934	0.01285	0.01713	0.03698	0.75981	0.04438	0.02102	0.00856	0.00273	0.00389	0.01908	0.00623	0.00545
45	0.00823	0.00699	0.00712	0.00705	0.00932	0.00597	0.00530	0.01043	0.03255	0.01882	0.10058	0.06286	0.66856	0.01663	0.00790	0.00226	0.00343	0.01390	0.00631	0.00582
46	0.02408	0.11739	0.02081	0.01601	0.02008	0.53191	0.01252	0.09799	0.01957	0.04077	0.01139	0.01275	0.00922	0.00688	0.00590	0.00171	0.01060	0.00448	0.00390	0.03204
47	0.01601	0.45183	0.33463	0.01478	0.02232	0.02182	0.01722	0.02059	0.01386	0.01814	0.01050	0.01223	0.00856	0.00601	0.00520	0.00173	0.00836	0.00418	0.00285	0.00917
48	0.01346	0.03471	0.72942	0.01912	0.02904	0.01558	0.02479	0.02125	0.01417	0.02125	0.01204	0.01417	0.00850	0.00637	0.00637	0.00212	0.00992	0.00496	0.00283	0.00992
49	0.01657	0.01605	0.02787	0.04052	0.68684	0.01600	0.05557	0.02064	0.01531	0.02190	0.01267	0.01668	0.01061	0.00596	0.00671	0.00201	0.00814	0.00608	0.00333	0.01055
50	0.01544	0.01463	0.02478	0.16962	0.55292	0.01515	0.01934	0.01946	0.01517	0.02135	0.05672	0.01894	0.01362	0.00660	0.00673	0.00205	0.00785	0.00636	0.00351	0.00977
51	0.01391	0.01193	0.01391	0.00994	0.01590	0.00894	0.00795	0.01690	0.01391	0.02186	0.01193	0.01391	0.00994	0.00497	0.00497	0.00099	0.00497	0.00398	0.00398	0.80521
52	0.01459	0.19596	0.53493	0.01798	0.02678	0.01809	0.06180	0.02101	0.01415	0.02006	0.01153	0.01365	0.00862	0.00619	0.00601	0.00198	0.00939	0.00483	0.00287	0.00958
53	0.01403	0.01229	0.01543	0.01102	0.01704	0.00942	0.04877	0.01717	0.01403	0.02184	0.01202	0.01416	0.00995	0.00501	0.00514	0.00107	0.00534	0.00421	0.00394	0.75811
54	0.00818	0.00584	0.00779	0.00934	0.00973	0.00545	0.00623	0.00934	0.01285	0.01713	0.03698	0.75981	0.04438	0.02102	0.00856	0.00273	0.00389	0.01908	0.00623	0.00545
55	0.01391	0.01193	0.01391	0.00994	0.01590	0.00894	0.00795	0.01690	0.01391	0.02186	0.01193	0.01391	0.00994	0.00497	0.00497	0.00099	0.00497	0.00398	0.00398	0.80521
56	0.01865	0.01726	0.02200	0.20357	0.17035	0.10426	0.06125	0.20891	0.01997	0.02594	0.04772	0.01789	0.01271	0.00718	0.00670	0.00202	0.00845	0.00616	0.00442	0.03461
57	0.81159	0.01298	0.00986	0.00882	0.01298	0.01505	0.00727	0.01972	0.01142	0.03010	0.00934	0.01090	0.00727	0.00623	0.00415	0.00208	0.00519	0.00363	0.00415	0.00727
58	0.00910	0.00710	0.00859	0.00878	0.01058	0.00611	0.00624	0.01079	0.01389	0.01858	0.07153	0.43901	0.20254	0.01712	0.00780	0.00231	0.00391	0.01513	0.00592	0.13496
59	0.01142	0.00593	0.00867	0.00867	0.00871	0.00596	0.00574	0.00893	0.00889	0.01189	0.01270	0.02270	0.01296	0.09116	0.04805	0.70897	0.00625	0.00622	0.00304	0.00311
60	0.01594	0.01773	0.03776	0.07296	0.03532	0.01696	0.63394	0.04249	0.01618	0.02187	0.01355	0.01802	0.01014	0.00580	0.00780	0.00225	0.01104	0.00774	0.00347	0.00902
61	0.01166	0.00583	0.00874	0.00874	0.00874	0.00583	0.00583	0.00874	0.00874	0.01166	0.01166	0.02040	0.01166	0.02331	0.02622	0.80478	0.00583	0.00583	0.00291	0.00291
62	0.00889	0.00631	0.00750	0.00806	0.00860	0.00598	0.00513	0.00973	0.01216	0.01596	0.06811	0.31570	0.13225	0.34261	0.01955	0.00427	0.00492	0.01399	0.00535	0.00492
63	0.01037	0.00822	0.01121	0.03394	0.07720	0.00759	0.00852	0.01287	0.01527	0.02106	0.21047	0.26938	0.09493	0.01479	0.00775	0.00227	0.00455	0.08001	0.00589	0.10370
64	0.01490	0.01324	0.05635	0.01061	0.01676	0.00939	0.00907	0.01814	0.01426	0.06599	0.01284	0.01449	0.01027	0.00526	0.00516	0.00113	0.00531	0.00421	0.00418	0.70844
65	0.00818	0.00584	0.00779	0.00934	0.00973	0.00545	0.00623	0.00934	0.01285	0.01713	0.03698	0.75981	0.04438	0.02102	0.00856	0.00273	0.00389	0.01908	0.00623	0.00545
66	0.00818	0.00584	0.00779	0.00934	0.00973	0.00545	0.00623	0.00934	0.01285	0.01713	0.03698	0.75981	0.04438	0.02102	0.00856	0.00273	0.00389	0.01908	0.00623	0.00545
67	0.01619	0.01551	0.02648	0.11663	0.65017	0.01583	0.02038	0.02022	0.01508	0.02141	0.01255	0.01674	0.01045	0.00606	0.00665	0.00202	0.00808	0.00598	0.00329	0.01029
68	0.01748	0.01622	0.02654	0.03865	0.65332	0.01642	0.01982	0.08743	0.01688	0.02392	0.01296	0.01656	0.01071	0.00618	0.00665	0.00199	0.00791	0.00598	0.00365	0.01071
69	0.02551	0.01879	0.02014	0.01544	0.02081	0.02081	0.01275	0.69996	0.03155	0.04229	0.01611	0.01611	0.01141	0.00805	0.00671	0.00201	0.00738	0.00604	0.00671	0.01141
70	0.01762	0.69409	0.03372	0.01208	0.01726	0.02596	0.01180	0.01970	0.01330	0.01582	0.00928	0.01115	0.00863	0.00633	0.00605	0.00158	0.08044	0.00381	0.00288	0.00849
71	0.02435	0.03176	0.06354	0.01735	0.02126	0.67080	0.01370	0.04642	0.01908	0.01749	0.01065	0.01235	0.00872	0.00691	0.00609	0.00176	0.01182	0.00441	0.00351	0.00802
72	0.00960	0.00644	0.00736	0.00752	0.00756	0.00640	0.00428	0.00972	0.01006	0.01342	0.02270	0.11434	0.02636	0.69107	0.03163	0.00613	0.00625	0.01067	0.00428	0.00420
73	0.00839	0.00678	0.00746	0.00736	0.00936	0.00585	0.00549	0.01050	0.01629	0.02065	0.25660	0.08243	0.50698	0.01617	0.00795	0.00224	0.00335	0.01373	0.00657	0.00585
74	0.00795	0.00674	0.00686	0.00695	0.00910	0.00565	0.00517	0.00961	0.01514	0.01806	0.06607	0.10730	0.67812	0.01724	0.00797	0.00229	0.00343	0.01446	0.00623	0.00565
75	0.01586	0.01803	0.03922	0.02867	0.05585	0.01694	0.67748	0.02147	0.01582	0.02151	0.01355	0.01805	0.01019	0.00567	0.00788	0.00225	0.01121	0.00786	0.00339	0.00910
76	0.01575	0.01869	0.06414	0.02795	0.03485	0.01692	0.67401	0.02148	0.01578	0.02148	0.01352	0.01796	0.01012	0.00568	0.00786	0.00226	0.01126	0.00781	0.00337	0.00908
77	0.02941	0.01157	0.01555	0.01203	0.01715	0.01021	0.00990	0.03285	0.05489	0.69089	0.02651	0.02295	0.01681	0.00835	0.00675	0.00209	0.00569	0.00679	0.00823	0.01138
78	0.81159	0.01298	0.00986	0.00882	0.01298	0.01505	0.00727	0.01972	0.01142	0.03010	0.00934	0.01090	0.00727	0.00623	0.00415	0.00208	0.00519	0.00363	0.00415	0.00727
79	0.00821	0.00601	0.00772	0.00899	0.00967	0.00552	0.00610	0.00954	0.01345	0.01773	0.07447	0.64058	0.12701	0.02017	0.00846	0.00264	0.00380	0.01814	0.00629	0.00552
80	0.01794	0.76823	0.03516	0.01148	0.01722	0.02655	0.01148	0.02009	0.01363	0.01579	0.00933	0.01076	0.00861	0.00574	0.00431	0.00144	0.00718	0.00359	0.00287	0.00861
81	0.81159	0.01298	0.00986	0.00882	0.01298	0.01505	0.00727	0.01972	0.01142	0.03010	0.00934	0.01090	0.00727	0.00623	0.00415	0.00208	0.00519	0.00363	0.00415	0.00727
82	0.00959	0.00719	0.01078	0.01078	0.01198	0.00839	0.00839	0.01198	0.01078	0.01558	0.01797	0.02636	0.01677	0.05032	0.73760	0.01078	0.01797	0.00719	0.00359	0.00599
83	0.00971	0.00649	0.00733	0.00737	0.00738	0.00648	0.00413	0.00975	0.00984	0.01312	0.02158	0.06368	0.02495	0.74366	0.03345	0.00640	0.00643	0.01002	0.00413	0.00410
84	0.00976	0.00651	0.00732	0.00732	0.00732	0.00651	0.00407	0.00976	0.00976	0.01301	0.02114	0.04391	0.02439	0.76419	0.03415	0.00651	0.00651	0.00976	0.00407	0.00407
85	0.00819	0.00615	0.00760	0.00863	0.00958	0.00556	0.00594	0.00961	0.01385	0.01797	0.08537	0.53710	0.22103	0.01954	0.00836	0.00257	0.00372	0.01739	0.00630	0.00556
86	0.01267	0.01193	0.02013	0.74806	0.04621	0.01491	0.01863	0.01714	0.01342	0.01714	0.01193	0.01789	0.00894	0.00671	0.00671	0.00224	0.00894	0.00596	0.00298	0.00745
87	0.00960	0.00712	0.01045	0.01045	0.01153	0.00821	0.00797	0.01177	0.01068	0.01533	0.01828	0.02805	0.01751	0.11914	0.66979	0.01037	0.01687	0.00744	0.00364	0.00581
88	0.00818	0.00584	0.00779	0.00934	0.00973	0.00545	0.00623	0.00934	0.01285	0.01713	0.03698	0.75981	0.04438	0.02102	0.00856	0.00273	0.00389	0.01908	0.00623	0.00545
89	0.03384	0.00690	0.00840	0.00844	0.00900	0.00715	0.00547	0.01106	0.01058	0.03181	0.02183	0.11137	0.02405	0.49062	0.18487	0.00682	0.00871	0.00989	0.00429	0.00490
90	0.00830	0.00654	0.00750	0.00784	0.00944	0.00573	0.00566	0.01013	0.01531	0.01954	0.18496	0.26055	0.39965	0.01751	0.00811	0.00237	0.00349	0.01517	0.00645	0.00573
91	0.00848	0.00679	0.00740	0.00758	0.00940	0.00595	0.00562	0.01020	0.01488	0.01836	0.10647	0.10465	0.50646	0.09064	0.01066	0.00277	0.00394	0.06808	0.00610	0.00558
92	0.08596	0.01330	0.01485	0.01182	0.01614	0.01380	0.00961	0.29243	0.02220	0.24069	0.01995	0.02024	0.01414	0.02882	0.00688	0.00207	0.00584	0.00621	0.16517	0.00986
93	0.02013	0.00994	0.01249	0.01054	0.01414	0.00914	0.00852	0.07859	0.01869	0.34127	0.11940	0.03842	0.14574	0.02971	0.00789	0.00228	0.00506	0.07099	0.04820	0.00886
94	0.00962	0.00706	0.01014	0.01014	0.01111	0.00804	0.00758	0.01157	0.01059	0.01510	0.01856	0.02962	0.01819	0.18309	0.60677	0.00999	0.01584	0.00767	0.00368	0.00563
95	0.01412	0.00859	0.00921	0.00863	0.01069	0.00895	0.00662	0.12548	0.03768	0.02627	0.02312	0.08772	0.02026	0.05247	0.00734	0.00212	0.00431	0.04720	0.49220	0.00702
96	0.16365	0.01032	0.01168	0.01005	0.01314	0.01037	0.00763	0.04330	0.07008	0.25508	0.07619	0.06129	0.02192	0.20093	0.01341	0.00325	0.00556	0.00796	0.00614	0.00807
97	0.00937	0.00674	0.00824	0.00796	0.00931	0.00624	0.00569	0.01169	0.01643	0.02275	0.45599	0.07164	0.14772	0.15239	0.01267	0.00294	0.00383	0.01202	0.03059	0.00579
98	0.02551	0.01879	0.02014	0.01544	0.02081	0.02081	0.01275	0.69996	0.03155	0.04229	0.01611	0.01611	0.01141	0.00805	0.00671	0.00201	0.00738	0.00604	0.00671	0.01141
99	0.01488	0.00986	0.01187	0.01142	0.01401	0.01003	0.00921	0.10930	0.09538	0.10036	0.03404	0.16764	0.10449	0.01461	0.00786	0.00251	0.00533	0.21864	0.05081	0.00777
100	0.01189	0.00736	0.00930	0.00947	0.01108	0.00693	0.00691	0.03002	0.03636	0.10138	0.14857	0.39887	0.09248	0.01649	0.00789	0.00242	0.00409	0.03533	0.05649	0.00666
101	0.01015	0.00682	0.01023	0.01023	0.01110	0.00769	0.00769	0.01110	0.01023	0.01451	0.01626	0.02474	0.01538	0.04298	0.54424	0.22660	0.01467	0.00682	0.00341	0.00515
102	0.00874	0.00679	0.00803	0.00845	0.01014	0.00609	0.00645	0.01085	0.01560	0.01994	0.18122	0.18415	0.36777	0.01732	0.00825	0.00245	0.00389	0.12160	0.00644	0.00584
103	0.00950	0.00664	0.00804	0.00829	0.00879	0.00647	0.00521	0.01016	0.01093	0.01482	0.02498	0.24597	0.02881	0.45913	0.07938	0.00548	0.00656	0.01194	0.00464	0.04425
104	0.01391	0.01193	0.01391	0.00994	0.01590	0.00894	0.00795	0.01690	0.01391	0.02186	0.01193	0.01391	0.00994	0.00497	0.00497	0.00099	0.00497	0.00398	0.00398	0.80521
105	0.00835	0.00684	0.00740	0.00767	0.00953	0.00601	0.00559	0.01057	0.03744	0.01871	0.09531	0.21558	0.51255	0.01745	0.00803	0.00236	0.00356	0.01492	0.00631	0.00581
106	0.00817	0.00587	0.00775	0.00925	0.00971	0.00546	0.00619	0.00935	0.01293	0.01716	0.03808	0.73507	0.06840	0.02088	0.00854	0.00271	0.00388	0.01890	0.00623	0.00546
107	0.00862	0.00616	0.00787	0.00896	0.00953	0.00579	0.00605	0.00985	0.01301	0.01727	0.07673	0.52749	0.08509	0.13710	0.01254	0.00327	0.00434	0.04907	0.00595	0.00533
108	0.01852	0.01283	0.01506	0.01122	0.01683	0.01106	0.00906	0.10486	0.06099	0.15571	0.01611	0.01654	0.01202	0.00623	0.00563	0.00140	0.00542	0.00497	0.00530	0.51023
109	0.00868	0.00656	0.00802	0.00821	0.00967	0.00590	0.00595	0.01087	0.01623	0.02168	0.34288	0.24953	0.24804	0.01667	0.00810	0.00232	0.00343	0.01463	0.00673	0.00590
110	0.02506	0.03198	0.01901	0.01729	0.02074	0.73725	0.01296	0.02679	0.01901	0.01642	0.01037	0.01210	0.00864	0.00691	0.00605	0.00173	0.01210	0.00432	0.00346	0.00778
111	0.02443	0.01018	0.01367	0.01090	0.01515	0.00887	0.00884	0.02711	0.01896	0.53666	0.18063	0.03098	0.06316	0.00994	0.00706	0.00209	0.00503	0.00831	0.00800	0.01000
112	0.02055	0.01364	0.01767	0.01411	0.01840	0.01400	0.07773	0.23072	0.12079	0.18682	0.13925	0.07138	0.02454	0.00979	0.00717	0.00215	0.00617	0.00844	0.00684	0.00984

[dist]
# distance from previous block
# <min> <max>
0	1

[block]
# block no. 1 follows, 32 sequences, length 17
# corresponding to MSA columns:
# 153-169
name=unknown_B
#
# <colnr> <probs for GDERKNQSTAVLIFYWHMCP>
#	G	D	E	R	K	N	Q	S	T	A	V	L	I	F	Y	W	H	M	C	P
0	0.19978	0.09052	0.03939	0.01478	0.01886	0.32284	0.03976	0.02407	0.01590	0.10031	0.01193	0.01343	0.00931	0.00712	0.00686	0.00195	0.06625	0.00466	0.00405	0.00823
1	0.57326	0.01662	0.09704	0.01125	0.01631	0.01617	0.01035	0.14427	0.01542	0.03128	0.01090	0.01224	0.00817	0.00658	0.00488	0.00207	0.00615	0.00423	0.00446	0.00834
2	0.04547	0.15793	0.08935	0.04994	0.04420	0.17242	0.01235	0.02178	0.09750	0.03344	0.17117	0.02393	0.02298	0.00861	0.00633	0.00194	0.00740	0.02031	0.00469	0.00825
3	0.11220	0.01756	0.02081	0.03866	0.06404	0.11695	0.10417	0.18436	0.01870	0.07816	0.01481	0.06024	0.01225	0.00854	0.00884	0.00220	0.11721	0.00658	0.00474	0.00900
4	0.10613	0.07207	0.16846	0.02460	0.19668	0.01742	0.16982	0.04486	0.01466	0.02229	0.01182	0.01517	0.00941	0.00671	0.00814	0.00216	0.09118	0.00577	0.00338	0.00928
5	0.04792	0.24230	0.02289	0.01571	0.08555	0.06456	0.01196	0.15964	0.15578	0.05049	0.01717	0.06778	0.01445	0.00814	0.00600	0.00193	0.00688	0.00634	0.00498	0.00955
6	0.70584	0.01348	0.01093	0.00960	0.01382	0.01557	0.00787	0.06964	0.05613	0.03086	0.01094	0.01215	0.00838	0.00654	0.00450	0.00208	0.00536	0.00405	0.00450	0.00777
7	0.00875	0.00616	0.00798	0.00916	0.00960	0.00588	0.00618	0.00990	0.01261	0.01682	0.05296	0.53787	0.04039	0.17089	0.01378	0.00350	0.00459	0.07190	0.00582	0.00526
8	0.01962	0.40809	0.06479	0.01444	0.01902	0.25327	0.01302	0.02186	0.01501	0.01632	0.00975	0.01182	0.00864	0.00683	0.00698	0.00174	0.09333	0.00415	0.00306	0.00827
9	0.01398	0.01337	0.04284	0.17704	0.18899	0.01309	0.15261	0.01818	0.01550	0.04119	0.09344	0.03199	0.03640	0.00935	0.00752	0.00231	0.00792	0.12158	0.00438	0.00832
10	0.00826	0.00588	0.00776	0.00923	0.00960	0.00551	0.00611	0.00937	0.01268	0.01690	0.03611	0.72053	0.04328	0.06180	0.00997	0.00293	0.00404	0.01856	0.00611	0.00537
11	0.06447	0.01352	0.01641	0.01278	0.01787	0.01328	0.01051	0.19725	0.06989	0.47669	0.02317	0.02077	0.01516	0.00820	0.00662	0.00207	0.00607	0.00649	0.00761	0.01117
12	0.00946	0.00678	0.00920	0.00941	0.01009	0.00735	0.00663	0.01087	0.01071	0.01491	0.02160	0.13049	0.02306	0.28943	0.40055	0.00825	0.01218	0.00965	0.00411	0.00526
13	0.01918	0.01735	0.02767	0.02038	0.02631	0.01742	0.31647	0.26699	0.07782	0.02958	0.01542	0.01747	0.01144	0.00672	0.00706	0.00203	0.00869	0.00677	0.00494	0.10029
14	0.02488	0.05516	0.01968	0.01688	0.02063	0.63221	0.01289	0.10289	0.02026	0.01933	0.01099	0.01251	0.00896	0.00700	0.00607	0.00175	0.01140	0.00449	0.00381	0.00822
15	0.00989	0.00774	0.01056	0.01203	0.09060	0.00720	0.00775	0.01267	0.01720	0.02373	0.45104	0.14344	0.15206	0.01430	0.00786	0.00220	0.00384	0.01267	0.00660	0.00660
16	0.12296	0.10497	0.02114	0.07267	0.25333	0.08902	0.01391	0.02060	0.05485	0.02141	0.01432	0.03388	0.03049	0.00698	0.00620	0.00188	0.02279	0.00561	0.00379	0.09918

[dist]
# distance from previous block
# <min> <max>
1	8

[block]
# block no. 2 follows, 32 sequences, length 83
# corresponding to MSA columns:
# 178-260
name=unknown_C
#
# <colnr> <probs for GDERKNQSTAVLIFYWHMCP>
#	G	D	E	R	K	N	Q	S	T	A	V	L	I	F	Y	W	H	M	C	P
0	0.04925	0.01498	0.04073	0.17355	0.24659	0.01465	0.04031	0.10721	0.01650	0.02387	0.01264	0.01590	0.01000	0.00616	0.00619	0.00182	0.00743	0.00544	0.00387	0.20288
1	0.31388	0.01582	0.01816	0.02020	0.20769	0.07818	0.03226	0.05194	0.01475	0.07839	0.01210	0.01433	0.00951	0.00686	0.00693	0.00206	0.06904	0.00500	0.00417	0.03875
2	0.01251	0.01166	0.01934	0.64612	0.04176	0.01463	0.01754	0.01664	0.01303	0.01696	0.01229	0.01846	0.00962	0.01076	0.07094	0.00301	0.04833	0.00606	0.00303	0.00732
3	0.00985	0.00755	0.01117	0.01115	0.01227	0.00887	0.00873	0.01218	0.01105	0.01587	0.01908	0.05849	0.01850	0.04566	0.63718	0.00969	0.05499	0.03789	0.00379	0.00605
4	0.00961	0.00711	0.01038	0.01038	0.01145	0.00817	0.00789	0.01173	0.01067	0.01528	0.01834	0.02838	0.01765	0.13249	0.65663	0.01029	0.01665	0.00748	0.00365	0.00577
5	0.17619	0.01171	0.01450	0.01136	0.01635	0.01083	0.00938	0.03027	0.01775	0.59671	0.02327	0.02061	0.01486	0.00792	0.00626	0.00208	0.00561	0.00617	0.00753	0.01064
6	0.01442	0.01429	0.02004	0.01726	0.01732	0.01992	0.01435	0.01593	0.01030	0.01612	0.00928	0.01529	0.00922	0.01375	0.05920	0.00334	0.71377	0.00594	0.00297	0.00727
7	0.00931	0.00685	0.00871	0.00825	0.00991	0.00625	0.00618	0.01230	0.01855	0.02586	0.64110	0.05185	0.14165	0.01411	0.00792	0.00213	0.00319	0.01238	0.00725	0.00625
8	0.00960	0.00646	0.00744	0.00756	0.00767	0.00640	0.00437	0.00985	0.01047	0.01403	0.05416	0.11174	0.02804	0.66015	0.03055	0.00595	0.00611	0.01074	0.00442	0.00430
9	0.01244	0.00695	0.00796	0.00749	0.00946	0.00650	0.00569	0.01534	0.01620	0.08411	0.24505	0.03800	0.12672	0.01094	0.00631	0.00187	0.00339	0.00920	0.37973	0.00664
10	0.61634	0.01410	0.01221	0.01031	0.01476	0.01600	0.00850	0.15936	0.01588	0.06340	0.01148	0.01249	0.00853	0.00669	0.00479	0.00206	0.00566	0.00426	0.00486	0.00830
11	0.01135	0.00583	0.00866	0.00879	0.00883	0.00579	0.00586	0.00879	0.00910	0.01213	0.01385	0.08457	0.01450	0.02311	0.02469	0.73517	0.00566	0.00698	0.00320	0.00313
12	0.01082	0.00721	0.00861	0.00809	0.01024	0.00636	0.00612	0.01328	0.01722	0.08808	0.35589	0.07592	0.31800	0.01461	0.00775	0.00218	0.00352	0.01252	0.02709	0.00651
13	0.00973	0.00660	0.00780	0.00780	0.00797	0.00677	0.00467	0.01007	0.00990	0.01337	0.02070	0.04147	0.02334	0.66514	0.13176	0.00710	0.00810	0.00940	0.00400	0.00433
14	0.00969	0.00678	0.00873	0.00873	0.00921	0.00727	0.00582	0.01066	0.01017	0.01405	0.01986	0.03678	0.02130	0.47438	0.31973	0.00824	0.01116	0.00871	0.00387	0.00485
15	0.01166	0.00583	0.00874	0.00874	0.00874	0.00583	0.00583	0.00874	0.00874	0.01166	0.01166	0.02040	0.01166	0.02331	0.02622	0.80478	0.00583	0.00583	0.00291	0.00291
16	0.49277	0.01257	0.01136	0.01018	0.01393	0.01408	0.00839	0.13135	0.01559	0.02978	0.01780	0.04252	0.04892	0.00903	0.00553	0.00220	0.00548	0.08805	0.03281	0.00766
17	0.00962	0.00645	0.00736	0.00749	0.00753	0.00641	0.00425	0.00972	0.01003	0.01337	0.02252	0.10604	0.02613	0.69969	0.03193	0.00618	0.00628	0.01057	0.00425	0.00419
18	0.00862	0.00622	0.00826	0.00968	0.01038	0.00585	0.00691	0.01018	0.01355	0.01792	0.05705	0.59721	0.07622	0.02023	0.00863	0.00274	0.00422	0.12428	0.00625	0.00560
19	0.00963	0.00669	0.00841	0.00849	0.00888	0.00704	0.00551	0.01043	0.01022	0.01400	0.02092	0.07265	0.02299	0.50746	0.25094	0.00765	0.00993	0.00941	0.00402	0.00473
20	0.00899	0.00676	0.00831	0.00809	0.00975	0.00609	0.00600	0.01161	0.01754	0.02385	0.49602	0.11096	0.23111	0.01515	0.00797	0.00220	0.00328	0.01322	0.00700	0.00609
21	0.00869	0.00690	0.00785	0.00783	0.00981	0.00606	0.00601	0.01098	0.01647	0.02106	0.26945	0.06106	0.45081	0.01611	0.00805	0.00229	0.00358	0.07449	0.00659	0.00592
22	0.00959	0.00719	0.01078	0.01078	0.01198	0.00839	0.00839	0.01198	0.01078	0.01558	0.01797	0.02636	0.01677	0.05032	0.73760	0.01078	0.01797	0.00719	0.00359	0.00599
23	0.01267	0.01193	0.02013	0.74806	0.04621	0.01491	0.01863	0.01714	0.01342	0.01714	0.01193	0.01789	0.00894	0.00671	0.00671	0.00224	0.00894	0.00596	0.00298	0.00745
24	0.01346	0.03471	0.72942	0.01912	0.02904	0.01558	0.02479	0.02125	0.01417	0.02125	0.01204	0.01417	0.00850	0.00637	0.00637	0.00212	0.00992	0.00496	0.00283	0.00992
25	0.00818	0.00584	0.00779	0.00934	0.00973	0.00545	0.00623	0.00934	0.01285	0.01713	0.03698	0.75981	0.04438	0.02102	0.00856	0.00273	0.00389	0.01908	0.00623	0.00545
26	0.01148	0.00900	0.01123	0.01093	0.01283	0.00993	0.00842	0.01820	0.19713	0.02082	0.12345	0.05340	0.05204	0.08205	0.28128	0.00581	0.00979	0.06970	0.00541	0.00711
27	0.00947	0.00685	0.00949	0.00967	0.01045	0.00753	0.00696	0.01107	0.01074	0.01505	0.02103	0.11568	0.02204	0.24207	0.46130	0.00869	0.01322	0.00926	0.00403	0.00540
28	0.00961	0.00710	0.01035	0.01035	0.01140	0.00815	0.00785	0.01171	0.01066	0.01526	0.01836	0.02853	0.01772	0.13868	0.65053	0.01025	0.01655	0.00751	0.00365	0.00575
29	0.02058	0.02119	0.01670	0.01501	0.01873	0.29981	0.01151	0.03204	0.40779	0.05438	0.02061	0.01985	0.01565	0.00821	0.00652	0.00205	0.00800	0.00626	0.00557	0.00954
30	0.02591	0.01815	0.01974	0.01513	0.02049	0.01986	0.01250	0.64205	0.03048	0.10171	0.01701	0.01669	0.01186	0.00808	0.00672	0.00202	0.00724	0.00610	0.00685	0.01141
31	0.00909	0.00660	0.00872	0.00982	0.01087	0.00623	0.00742	0.01114	0.01473	0.01954	0.14456	0.40045	0.10431	0.01886	0.00860	0.00269	0.00437	0.19980	0.00639	0.00581
32	0.01338	0.01279	0.02206	0.61354	0.14148	0.01515	0.05135	0.01784	0.01380	0.01803	0.01210	0.01772	0.00924	0.00655	0.00676	0.00220	0.00892	0.00606	0.00305	0.00798
33	0.01526	0.01696	0.05276	0.02389	0.02869	0.01718	0.45900	0.01974	0.01425	0.02033	0.01282	0.01754	0.01022	0.00738	0.01130	0.00239	0.20138	0.00720	0.05325	0.00846
34	0.02306	0.01371	0.01435	0.01191	0.01576	0.12878	0.00943	0.04885	0.01954	0.38083	0.22692	0.02886	0.02884	0.00966	0.00697	0.00203	0.00607	0.00791	0.00718	0.00933
35	0.00939	0.00685	0.00881	0.00832	0.00996	0.00628	0.00624	0.01245	0.01873	0.02628	0.67256	0.05115	0.10994	0.01395	0.00792	0.00212	0.00318	0.01228	0.00730	0.00628
36	0.00851	0.00608	0.00816	0.00961	0.01018	0.00573	0.00671	0.00997	0.01341	0.01790	0.06939	0.65498	0.04469	0.02041	0.00861	0.00273	0.00410	0.08699	0.00628	0.00557
37	0.02710	0.01528	0.01784	0.01379	0.01899	0.01572	0.01135	0.36810	0.06131	0.34665	0.02131	0.01957	0.01420	0.00822	0.00673	0.00206	0.00653	0.00644	0.00743	0.01137
38	0.02520	0.01864	0.01996	0.01538	0.02069	0.02066	0.01268	0.67678	0.05523	0.04179	0.01650	0.01642	0.01173	0.00809	0.00672	0.00202	0.00731	0.00610	0.00672	0.01138
39	0.01462	0.01334	0.01408	0.01048	0.01600	0.06972	0.00829	0.01750	0.01460	0.02167	0.04853	0.01564	0.01260	0.00559	0.00521	0.00111	0.00547	0.00443	0.00411	0.69701
40	0.01267	0.01193	0.02013	0.74806	0.04621	0.01491	0.01863	0.01714	0.01342	0.01714	0.01193	0.01789	0.00894	0.00671	0.00671	0.00224	0.00894	0.00596	0.00298	0.00745
41	0.00959	0.00719	0.01078	0.01078	0.01198	0.00839	0.00839	0.01198	0.01078	0.01558	0.01797	0.02636	0.01677	0.05032	0.73760	0.01078	0.01797	0.00719	0.00359	0.00599
42	0.10190	0.01156	0.01505	0.01165	0.01675	0.01034	0.00962	0.03151	0.01849	0.66296	0.02490	0.02174	0.01575	0.00811	0.00651	0.00208	0.00566	0.00646	0.00792	0.01104
43	0.01674	0.01564	0.02585	0.12723	0.58888	0.01616	0.01980	0.06801	0.01619	0.02276	0.01278	0.01673	0.01047	0.00622	0.00666	0.00202	0.00805	0.00598	0.00352	0.01029
44	0.01661	0.01594	0.02724	0.04119	0.72233	0.01594	0.02059	0.02059	0.01528	0.02192	0.01262	0.01661	0.01063	0.00598	0.00664	0.00199	0.00797	0.00598	0.00332	0.01063
45	0.00843	0.00630	0.00886	0.00992	0.01060	0.00586	0.03033	0.00978	0.01303	0.01731	0.03714	0.71213	0.06435	0.02036	0.00852	0.00269	0.00414	0.01853	0.00613	0.00558
46	0.02551	0.01879	0.02014	0.01544	0.02081	0.02081	0.01275	0.69996	0.03155	0.04229	0.01611	0.01611	0.01141	0.00805	0.00671	0.00201	0.00738	0.00604	0.00671	0.01141
47	0.02551	0.01879	0.02014	0.01544	0.02081	0.02081	0.01275	0.69996	0.03155	0.04229	0.01611	0.01611	0.01141	0.00805	0.00671	0.00201	0.00738	0.00604	0.00671	0.01141
48	0.01294	0.01220	0.02060	0.70054	0.09167	0.01498	0.01877	0.01738	0.01354	0.01746	0.01197	0.01780	0.00906	0.00666	0.00670	0.00222	0.00888	0.00596	0.00300	0.00767
49	0.01669	0.01441	0.01517	0.01365	0.01745	0.01669	0.01062	0.03565	0.71021	0.02807	0.02731	0.02503	0.02048	0.00910	0.00683	0.00228	0.00531	0.00759	0.00683	0.01062
50	0.00950	0.00686	0.00897	0.00844	0.01002	0.00633	0.00633	0.01266	0.01899	0.02691	0.71879	0.05012	0.06331	0.01372	0.00791	0.00211	0.00317	0.01213	0.00739	0.00633
51	0.00827	0.00591	0.00790	0.00946	0.00989	0.00554	0.00640	0.00951	0.01294	0.01724	0.03693	0.73411	0.04416	0.02093	0.00859	0.00274	0.00398	0.04379	0.00623	0.00548
52	0.00976	0.00651	0.00732	0.00732	0.00732	0.00651	0.00407	0.00976	0.00976	0.01301	0.02114	0.04391	0.02439	0.76419	0.03415	0.00651	0.00651	0.00976	0.00407	0.00407
53	0.01588	0.01792	0.03843	0.02758	0.03423	0.01696	0.66514	0.02217	0.04899	0.02181	0.01423	0.01843	0.01067	0.00582	0.00787	0.00226	0.01103	0.00790	0.00356	0.00912
54	0.01881	0.01540	0.01593	0.01369	0.01764	0.04263	0.01083	0.21627	0.42079	0.03075	0.02281	0.02217	0.01717	0.01080	0.04461	0.00258	0.00666	0.00694	0.05328	0.01024
55	0.00950	0.00686	0.00897	0.00844	0.01002	0.00633	0.00633	0.01266	0.01899	0.02691	0.71879	0.05012	0.06331	0.01372	0.00791	0.00211	0.00317	0.01213	0.00739	0.00633
56	0.01391	0.01193	0.01391	0.00994	0.01590	0.00894	0.00795	0.01690	0.01391	0.02186	0.01193	0.01391	0.00994	0.00497	0.00497	0.00099	0.00497	0.00398	0.00398	0.80521
57	0.04802	0.14657	0.26894	0.02303	0.21069	0.04401	0.03994	0.06756	0.03342	0.03905	0.01264	0.01479	0.00979	0.00638	0.00610	0.00196	0.00850	0.00521	0.00356	0.00984
58	0.01577	0.01867	0.06609	0.02841	0.06065	0.01688	0.64621	0.02145	0.01575	0.02150	0.01348	0.01789	0.01013	0.00570	0.00781	0.00225	0.01113	0.00773	0.00337	0.00914
59	0.00960	0.00712	0.01042	0.01042	0.01150	0.00819	0.00794	0.01175	0.01068	0.01531	0.01830	0.02818	0.01756	0.12435	0.66465	0.01034	0.01678	0.00746	0.00364	0.00579
60	0.00818	0.00584	0.00779	0.00934	0.00973	0.00545	0.00623	0.00934	0.01285	0.01713	0.03698	0.75981	0.04438	0.02102	0.00856	0.00273	0.00389	0.01908	0.00623	0.00545
61	0.02458	0.01874	0.01983	0.01602	0.04050	0.04809	0.01274	0.62823	0.02989	0.03975	0.01657	0.04390	0.01252	0.00844	0.00675	0.00203	0.00745	0.00646	0.00647	0.01102
62	0.01331	0.03369	0.70308	0.01873	0.02835	0.01524	0.02412	0.02094	0.01434	0.02146	0.03788	0.01548	0.01050	0.00664	0.00643	0.00212	0.00967	0.00522	0.00300	0.00979
63	0.01548	0.05699	0.14539	0.13837	0.02498	0.03431	0.05713	0.07095	0.23539	0.02420	0.08880	0.02204	0.01825	0.00825	0.00719	0.00217	0.02912	0.00688	0.00490	0.00921
64	0.01346	0.03471	0.72942	0.01912	0.02904	0.01558	0.02479	0.02125	0.01417	0.02125	0.01204	0.01417	0.00850	0.00637	0.00637	0.00212	0.00992	0.00496	0.00283	0.00992
65	0.00976	0.00651	0.00732	0.00732	0.00732	0.00651	0.00407	0.00976	0.00976	0.01301	0.02114	0.04391	0.02439	0.76419	0.03415	0.00651	0.00651	0.00976	0.00407	0.00407
66	0.08922	0.01660	0.01774	0.04063	0.01994	0.03642	0.01162	0.40121	0.10813	0.11467	0.01751	0.01734	0.01249	0.00778	0.00639	0.00199	0.00679	0.00593	0.00630	0.06130
67	0.01661	0.01594	0.02724	0.04119	0.72233	0.01594	0.02059	0.02059	0.01528	0.02192	0.01262	0.01661	0.01063	0.00598	0.00664	0.00199	0.00797	0.00598	0.00332	0.01063
68	0.00818	0.00584	0.00779	0.00934	0.00973	0.00545	0.00623	0.00934	0.01285	0.01713	0.03698	0.75981	0.04438	0.02102	0.00856	0.00273	0.00389	0.01908	0.00623	0.00545
69	0.00976	0.00651	0.00732	0.00732	0.00732	0.00651	0.00407	0.00976	0.00976	0.01301	0.02114	0.04391	0.02439	0.76419	0.03415	0.00651	0.00651	0.00976	0.00407	0.00407
70	0.01609	0.41747	0.13169	0.01381	0.01941	0.03890	0.06654	0.04353	0.01526	0.01936	0.09234	0.01900	0.04707	0.00749	0.00604	0.00178	0.02628	0.00573	0.00372	0.00850
71	0.72020	0.01394	0.01103	0.00982	0.01365	0.04737	0.00805	0.01978	0.01167	0.02851	0.00935	0.01122	0.00744	0.00665	0.00551	0.00212	0.05854	0.00382	0.00404	0.00729
72	0.01001	0.00740	0.00941	0.00881	0.01055	0.00707	0.00664	0.01430	0.06810	0.02699	0.66967	0.04834	0.06027	0.01339	0.00784	0.00212	0.00332	0.01181	0.00735	0.00664
73	0.01682	0.01603	0.02728	0.06512	0.63220	0.01617	0.05420	0.05054	0.01596	0.02263	0.01280	0.01671	0.01058	0.00608	0.00671	0.00202	0.00815	0.00608	0.00346	0.01047
74	0.01558	0.01632	0.02011	0.52578	0.08039	0.16073	0.01725	0.02012	0.04546	0.01777	0.01233	0.01696	0.00949	0.00681	0.00658	0.00212	0.00936	0.00570	0.00327	0.00785
75	0.00892	0.00684	0.00816	0.00783	0.00967	0.00608	0.00587	0.01154	0.01762	0.02365	0.47754	0.05548	0.30660	0.01493	0.00792	0.00217	0.00325	0.01289	0.00696	0.00608
76	0.01166	0.00583	0.00874	0.00874	0.00874	0.00583	0.00583	0.00874	0.00874	0.01166	0.01166	0.02040	0.01166	0.02331	0.02622	0.80478	0.00583	0.00583	0.00291	0.00291
77	0.00793	0.00680	0.00680	0.00680	0.00906	0.00566	0.00510	0.00963	0.01529	0.01813	0.06797	0.06457	0.71961	0.01699	0.00793	0.00227	0.00340	0.01416	0.00623	0.00566
78	0.02674	0.01217	0.01547	0.01237	0.01721	0.01158	0.01005	0.03344	0.19259	0.55161	0.02668	0.02339	0.01758	0.00851	0.00677	0.00213	0.00561	0.00696	0.00793	0.01122
79	0.01267	0.01193	0.02013	0.74806	0.04621	0.01491	0.01863	0.01714	0.01342	0.01714	0.01193	0.01789	0.00894	0.00671	0.00671	0.00224	0.00894	0.00596	0.00298	0.00745
80	0.45628	0.01327	0.01298	0.01072	0.01531	0.01428	0.00882	0.10576	0.04344	0.23655	0.01590	0.01559	0.01103	0.00717	0.00533	0.00208	0.00561	0.00499	0.00579	0.00912
81	0.15461	0.04105	0.01814	0.01335	0.01858	0.01373	0.06966	0.14006	0.01931	0.38642	0.01968	0.01859	0.01313	0.00748	0.00627	0.00202	0.00642	0.00601	0.00658	0.03891
82	0.18404	0.04245	0.01934	0.05783	0.17206	0.14126	0.01352	0.12791	0.03637	0.02522	0.03733	0.01569	0.01154	0.00747	0.00750	0.00207	0.07993	0.00539	0.00422	0.00886

[dist]
# distance from previous block
# <min> <max>
0	1

[block]
# block no. 3 follows, 32 sequences, length 42
# corresponding to MSA columns:
# 262-303
name=unknown_D
#
# <colnr> <probs for GDERKNQSTAVLIFYWHMCP>
#	G	D	E	R	K	N	Q	S	T	A	V	L	I	F	Y	W	H	M	C	P
0	0.11584	0.16109	0.14653	0.01946	0.14772	0.09815	0.04566	0.05154	0.04615	0.04719	0.01386	0.05326	0.01166	0.00722	0.00596	0.00196	0.00799	0.00575	0.00391	0.00911
1	0.00817	0.00618	0.00755	0.00854	0.00955	0.00556	0.00589	0.00959	0.01388	0.01790	0.07928	0.51713	0.24762	0.01946	0.00834	0.00256	0.00371	0.01727	0.00629	0.00556
2	0.20473	0.04299	0.31872	0.01432	0.02132	0.01458	0.01567	0.05455	0.03136	0.14693	0.01438	0.01514	0.01013	0.00670	0.00579	0.00201	0.00744	0.00496	0.00445	0.06384
3	0.01918	0.06254	0.07662	0.02638	0.32811	0.04870	0.03865	0.13636	0.01872	0.09833	0.06779	0.01902	0.01498	0.00720	0.00662	0.00199	0.00767	0.00630	0.00466	0.01016
4	0.01402	0.01281	0.02137	0.06793	0.44294	0.01285	0.03450	0.01740	0.01473	0.02049	0.02018	0.17154	0.02056	0.01049	0.00737	0.00229	0.00709	0.08835	0.00422	0.00886
5	0.00937	0.00685	0.00880	0.00831	0.00995	0.00628	0.00623	0.01242	0.01870	0.02620	0.66670	0.05128	0.11584	0.01398	0.00792	0.00212	0.00318	0.01230	0.00729	0.00628
6	0.06066	0.10841	0.12950	0.02248	0.24661	0.03606	0.01580	0.03882	0.01637	0.23722	0.01621	0.01701	0.01168	0.00680	0.00621	0.00197	0.00745	0.00561	0.00483	0.01029
7	0.01474	0.05162	0.44177	0.02274	0.14678	0.01625	0.07716	0.02289	0.09998	0.02204	0.01405	0.01613	0.01048	0.00656	0.00654	0.00211	0.00904	0.00565	0.00345	0.01001
8	0.01267	0.01193	0.02013	0.74806	0.04621	0.01491	0.01863	0.01714	0.01342	0.01714	0.01193	0.01789	0.00894	0.00671	0.00671	0.00224	0.00894	0.00596	0.00298	0.00745
9	0.01725	0.43500	0.27283	0.01467	0.02184	0.02121	0.03738	0.02149	0.01431	0.07168	0.01169	0.01308	0.00923	0.00615	0.00532	0.00175	0.00814	0.00443	0.00329	0.00929
10	0.06235	0.12578	0.09104	0.02169	0.21420	0.12271	0.01516	0.10291	0.01786	0.14300	0.01437	0.01559	0.01078	0.00677	0.00610	0.00191	0.00805	0.00532	0.00452	0.00991
11	0.00949	0.00678	0.00929	0.01077	0.01176	0.00658	0.00845	0.01165	0.01429	0.01885	0.05678	0.40732	0.04216	0.01960	0.00889	0.00288	0.00498	0.33742	0.00624	0.00583
12	0.02412	0.01009	0.01365	0.01092	0.01506	0.00884	0.00884	0.02688	0.01914	0.52355	0.22765	0.03077	0.03018	0.00988	0.00709	0.00209	0.00497	0.00831	0.00804	0.00994
13	0.04824	0.04812	0.01265	0.01178	0.01375	0.06433	0.00959	0.01587	0.03149	0.05769	0.04809	0.19076	0.06084	0.01726	0.04577	0.00303	0.04539	0.26301	0.00559	0.00675
14	0.01763	0.01898	0.02900	0.02989	0.29322	0.12636	0.25777	0.02355	0.09412	0.02162	0.01427	0.01739	0.01127	0.00636	0.00702	0.00208	0.00948	0.00659	0.00376	0.00964
15	0.00818	0.00584	0.00779	0.00934	0.00973	0.00545	0.00623	0.00934	0.01285	0.01713	0.03698	0.75981	0.04438	0.02102	0.00856	0.00273	0.00389	0.01908	0.00623	0.00545
16	0.01346	0.03471	0.72942	0.01912	0.02904	0.01558	0.02479	0.02125	0.01417	0.02125	0.01204	0.01417	0.00850	0.00637	0.00637	0.00212	0.00992	0.00496	0.00283	0.00992
17	0.14006	0.01911	0.01654	0.05052	0.01950	0.23424	0.01127	0.12879	0.05560	0.21876	0.03130	0.01725	0.01283	0.00762	0.00618	0.00198	0.00792	0.00556	0.00562	0.00936
18	0.02436	0.01182	0.01476	0.01195	0.01643	0.01135	0.00965	0.06088	0.16781	0.45776	0.08155	0.02713	0.05484	0.00930	0.00691	0.00213	0.00539	0.00767	0.00774	0.01058
19	0.01508	0.01849	0.28560	0.01388	0.01912	0.01081	0.01450	0.03865	0.01571	0.15371	0.07587	0.21655	0.02554	0.01195	0.00733	0.00233	0.00673	0.05417	0.00542	0.00856
20	0.01594	0.01537	0.01329	0.01213	0.01525	0.15968	0.00929	0.04442	0.30173	0.02385	0.10193	0.03252	0.16018	0.01058	0.00687	0.00210	0.00603	0.00856	0.05188	0.00840
21	0.05846	0.01658	0.02039	0.02088	0.19039	0.06733	0.03250	0.22509	0.06064	0.21315	0.01784	0.01804	0.01268	0.00745	0.00658	0.00203	0.00732	0.00612	0.00587	0.01067
22	0.00958	0.00726	0.01046	0.01062	0.01151	0.00831	0.00799	0.01152	0.01110	0.01574	0.02149	0.17281	0.02237	0.09116	0.50735	0.00848	0.05265	0.00966	0.00412	0.00582
23	0.00868	0.00680	0.00935	0.00984	0.01107	0.00622	0.04085	0.01036	0.01389	0.01805	0.06512	0.50486	0.19749	0.01896	0.00840	0.00260	0.00425	0.05133	0.00612	0.00575
24	0.01584	0.01503	0.02530	0.13216	0.48647	0.01552	0.06739	0.03858	0.05543	0.02190	0.01475	0.05458	0.01265	0.00704	0.00685	0.00210	0.00797	0.00687	0.00372	0.00985
25	0.01899	0.01745	0.02405	0.02830	0.34746	0.07652	0.07689	0.14291	0.11608	0.04224	0.01606	0.01901	0.01275	0.00718	0.00681	0.00207	0.00804	0.02227	0.00461	0.01030
