[name]
unknown

[dist]
# distance from previous block
# <min> <max>
81	229

[block]
# block no. 0 follows, 28 sequences, length 24
# corresponding to MSA columns:
# 346-369
name=unknown_A
#
# <colnr> <probs for GDERKNQSTAVLIFYWHMCP>
#	G	D	E	R	K	N	Q	S	T	A	V	L	I	F	Y	W	H	M	C	P
0	0.02143	0.01965	0.02647	0.05193	0.09197	0.14247	0.20350	0.06896	0.06508	0.12312	0.01935	0.02118	0.04089	0.00799	0.00804	0.00224	0.03299	0.00728	0.00507	0.04037
1	0.02212	0.02097	0.02157	0.02326	0.19054	0.17740	0.01501	0.20669	0.12623	0.02883	0.01731	0.01993	0.01387	0.04299	0.03867	0.00277	0.00942	0.00660	0.00529	0.01051
2	0.05566	0.04613	0.01908	0.01490	0.01929	0.08368	0.06870	0.15361	0.04607	0.11353	0.10342	0.05784	0.02301	0.01313	0.05618	0.00285	0.00825	0.04132	0.00612	0.06722
3	0.04869	0.01970	0.01931	0.04922	0.06406	0.18018	0.01327	0.12558	0.09602	0.12976	0.04821	0.01994	0.01550	0.00875	0.00849	0.00218	0.07519	0.00645	0.00567	0.06383
4	0.01991	0.02194	0.02091	0.04818	0.05280	0.26730	0.05393	0.02573	0.14648	0.02069	0.01652	0.04885	0.01445	0.04156	0.01207	0.00261	0.16573	0.00704	0.00445	0.00885
5	0.11929	0.04495	0.01824	0.01433	0.01838	0.06451	0.08370	0.14936	0.01951	0.07030	0.06951	0.13287	0.05957	0.03801	0.03284	0.00277	0.00754	0.00941	0.00581	0.03908
6	0.02289	0.02020	0.02125	0.06940	0.12413	0.19633	0.04276	0.10485	0.07145	0.13284	0.05250	0.02027	0.01567	0.00806	0.00708	0.00208	0.00883	0.00656	0.00548	0.06737
7	0.05167	0.01729	0.02103	0.07369	0.02384	0.07150	0.07757	0.14155	0.14316	0.15281	0.01931	0.02008	0.01409	0.00858	0.00867	0.00229	0.07480	0.00677	0.00597	0.06535
8	0.09615	0.05229	0.02348	0.07838	0.31702	0.13447	0.01663	0.02383	0.06562	0.02343	0.01378	0.01673	0.01126	0.00685	0.00653	0.00202	0.00857	0.00570	0.00402	0.09326
9	0.09723	0.02039	0.01986	0.13155	0.04448	0.22462	0.06180	0.11214	0.01901	0.04247	0.01678	0.02111	0.04033	0.07482	0.00956	0.00256	0.00948	0.00653	0.00456	0.04072
10	0.01467	0.01136	0.01457	0.06327	0.07120	0.01119	0.01058	0.07265	0.07949	0.05558	0.09691	0.15364	0.10811	0.01473	0.03948	0.00270	0.00632	0.03800	0.00608	0.12948
11	0.01684	0.01803	0.06965	0.11490	0.27391	0.01812	0.14370	0.02352	0.10144	0.02298	0.01521	0.01919	0.01216	0.00783	0.00978	0.00244	0.10910	0.00701	0.00397	0.01024
12	0.01059	0.00729	0.00932	0.00932	0.01043	0.00748	0.00666	0.01268	0.01405	0.02017	0.16191	0.09056	0.06785	0.20610	0.23433	0.00635	0.00935	0.01073	0.09880	0.00603
13	0.01651	0.01608	0.02127	0.08443	0.24944	0.08145	0.04468	0.02327	0.14058	0.02406	0.10964	0.02914	0.08808	0.00968	0.00803	0.00230	0.02815	0.00845	0.00515	0.00962
14	0.01591	0.03247	0.48392	0.03905	0.02977	0.10353	0.08611	0.02270	0.01625	0.02201	0.01770	0.01985	0.06301	0.00781	0.00717	0.00228	0.01061	0.00640	0.00350	0.00993
15	0.01275	0.00956	0.01188	0.01277	0.07488	0.00911	0.00861	0.01757	0.10037	0.07097	0.22178	0.10845	0.28315	0.01504	0.00828	0.00241	0.00454	0.01296	0.00703	0.00789
16	0.04897	0.01882	0.02403	0.08343	0.26694	0.12311	0.05818	0.05016	0.06308	0.02344	0.01421	0.01771	0.01162	0.00878	0.02884	0.00243	0.06395	0.00619	0.00409	0.08202
17	0.02207	0.27481	0.14037	0.01557	0.02207	0.05858	0.01509	0.20432	0.08298	0.07461	0.01575	0.01627	0.01193	0.00762	0.00629	0.00200	0.00831	0.00554	0.00508	0.01076
18	0.01773	0.01394	0.11760	0.01185	0.01631	0.00998	0.01086	0.04803	0.01899	0.22039	0.19699	0.04150	0.18126	0.05048	0.00939	0.00256	0.00577	0.01037	0.00704	0.00898
19	0.02086	0.12653	0.06145	0.04717	0.03977	0.17999	0.01377	0.19351	0.02164	0.02682	0.09070	0.04816	0.01870	0.01114	0.03690	0.00251	0.03889	0.00699	0.00509	0.00942
20	0.02045	0.19077	0.18238	0.01834	0.02514	0.07480	0.09922	0.20488	0.02120	0.02759	0.01528	0.01967	0.01242	0.00804	0.00688	0.00215	0.00942	0.04645	0.00461	0.01032
21	0.01216	0.00854	0.00985	0.00952	0.01183	0.00787	0.00709	0.06840	0.01821	0.07011	0.14610	0.23749	0.33041	0.01759	0.00857	0.00253	0.00432	0.01514	0.00713	0.00713
22	0.01673	0.07025	0.07602	0.01784	0.12224	0.04798	0.01304	0.04052	0.06368	0.04688	0.04564	0.08297	0.01780	0.02971	0.00796	0.00204	0.02749	0.00721	0.00479	0.25922
23	0.04960	0.08959	0.03761	0.04781	0.16196	0.04002	0.06897	0.04163	0.10923	0.06335	0.06710	0.07973	0.02037	0.03279	0.03154	0.00268	0.00790	0.00818	0.00513	0.03482

[dist]
# distance from previous block
# <min> <max>
2	8

[block]
# block no. 1 follows, 28 sequences, length 17
# corresponding to MSA columns:
# 378-394
name=unknown_B
#
# <colnr> <probs for GDERKNQSTAVLIFYWHMCP>
#	G	D	E	R	K	N	Q	S	T	A	V	L	I	F	Y	W	H	M	C	P
0	0.01764	0.09105	0.07327	0.06256	0.12119	0.01543	0.09150	0.10011	0.01860	0.08751	0.05674	0.11876	0.07696	0.01052	0.00752	0.00228	0.00757	0.00935	0.00535	0.02608
1	0.09093	0.03711	0.06685	0.09977	0.13636	0.13958	0.12891	0.02439	0.06893	0.05727	0.01680	0.04955	0.01400	0.00824	0.00720	0.00229	0.00940	0.02846	0.00444	0.00952
2	0.04363	0.08121	0.09526	0.11463	0.07296	0.03435	0.03768	0.08641	0.07330	0.05187	0.01753	0.09239	0.01538	0.00972	0.00931	0.00237	0.10558	0.00762	0.00469	0.04411
3	0.06596	0.03618	0.01614	0.01518	0.07929	0.11253	0.01078	0.06410	0.09789	0.09781	0.02606	0.02672	0.10347	0.01149	0.04103	0.00251	0.00737	0.00737	0.10344	0.07467
4	0.01277	0.08928	0.01493	0.01290	0.05343	0.01254	0.00921	0.01779	0.13320	0.02056	0.03852	0.18918	0.20681	0.09007	0.01205	0.00297	0.05803	0.01232	0.00579	0.00765
5	0.01576	0.01311	0.05254	0.06976	0.23306	0.01163	0.01399	0.01909	0.01631	0.10476	0.04759	0.17702	0.10285	0.01191	0.00767	0.00232	0.00651	0.01061	0.02741	0.05610
6	0.01968	0.02542	0.17906	0.02077	0.08102	0.18366	0.06469	0.13152	0.01958	0.02470	0.01830	0.06042	0.05265	0.00938	0.00883	0.00231	0.07663	0.00728	0.00446	0.00965
7	0.01769	0.12678	0.02577	0.35780	0.13413	0.06882	0.04954	0.02254	0.04737	0.06113	0.01430	0.01825	0.01103	0.00718	0.00688	0.00221	0.00922	0.00618	0.00387	0.00930
8	0.01058	0.00830	0.01237	0.08799	0.01666	0.00957	0.00995	0.01334	0.01244	0.01731	0.02378	0.03140	0.07997	0.04611	0.57437	0.00984	0.01696	0.00834	0.00409	0.00663
9	0.01090	0.00741	0.00935	0.00959	0.01028	0.00774	0.00670	0.01229	0.01207	0.01684	0.02428	0.04603	0.02590	0.41058	0.20623	0.00733	0.00994	0.09989	0.06123	0.00544
10	0.05578	0.07178	0.05416	0.01508	0.02007	0.07580	0.01273	0.14503	0.24693	0.08427	0.02001	0.01988	0.01502	0.00860	0.00773	0.00218	0.04970	0.00644	0.00601	0.08281
11	0.06216	0.05653	0.09028	0.08866	0.22163	0.06267	0.01617	0.06866	0.01768	0.04422	0.05795	0.02259	0.06385	0.00814	0.00685	0.00207	0.00791	0.00680	0.00453	0.09066
12	0.01583	0.04436	0.01778	0.01564	0.08034	0.06754	0.03889	0.05367	0.01794	0.02474	0.13769	0.03127	0.04722	0.00957	0.00702	0.00188	0.00657	0.07601	0.00527	0.30078
13	0.01157	0.00989	0.01151	0.01129	0.03347	0.03844	0.03658	0.01495	0.07056	0.02069	0.13817	0.11452	0.24917	0.18935	0.01520	0.00354	0.00560	0.01276	0.00606	0.00667
14	0.01812	0.38582	0.13297	0.09507	0.10993	0.07545	0.01657	0.02190	0.01574	0.01953	0.03957	0.01571	0.01207	0.00692	0.00590	0.00189	0.00876	0.00515	0.00343	0.00951
15	0.01512	0.01202	0.01802	0.01482	0.01851	0.01147	0.12767	0.10258	0.01777	0.05854	0.05633	0.23424	0.05510	0.03806	0.07432	0.00334	0.00785	0.01165	0.00576	0.11683
16	0.01704	0.08342	0.15425	0.03460	0.08400	0.10192	0.03875	0.06782	0.04623	0.04270	0.05726	0.07785	0.10666	0.01175	0.02881	0.00254	0.02177	0.00854	0.00490	0.00919

[dist]
# distance from previous block
# <min> <max>
1	24

[block]
# block no. 2 follows, 28 sequences, length 12
# corresponding to MSA columns:
# 419-430
name=unknown_C
#
# <colnr> <probs for GDERKNQSTAVLIFYWHMCP>
#	G	D	E	R	K	N	Q	S	T	A	V	L	I	F	Y	W	H	M	C	P
0	0.13228	0.03646	0.01451	0.05322	0.09430	0.01173	0.01053	0.01774	0.04248	0.06472	0.11911	0.22107	0.07428	0.01388	0.00824	0.00252	0.03036	0.03869	0.00593	0.00795
1	0.02042	0.01633	0.02292	0.12101	0.23290	0.06486	0.05588	0.09648	0.04398	0.13186	0.01995	0.07651	0.01673	0.00925	0.00756	0.00233	0.00833	0.03705	0.00534	0.01031
2	0.01571	0.01280	0.01593	0.11964	0.02205	0.01107	0.01052	0.02014	0.05601	0.05980	0.01750	0.01943	0.04237	0.00672	0.00604	0.00149	0.00603	0.00553	0.00469	0.54654
3	0.05143	0.01223	0.01289	0.01225	0.03493	0.04888	0.00903	0.11736	0.06775	0.08191	0.08689	0.17304	0.23336	0.01465	0.00799	0.00243	0.00552	0.01232	0.00679	0.00835
4	0.01034	0.00867	0.01131	0.01384	0.11470	0.00789	0.00852	0.01269	0.01668	0.02156	0.15665	0.19040	0.36618	0.01689	0.00851	0.00248	0.00450	0.01469	0.00647	0.00702
5	0.08313	0.06759	0.01946	0.01619	0.02026	0.37888	0.01266	0.07720	0.11986	0.05355	0.01659	0.01951	0.01354	0.00998	0.02982	0.00240	0.01035	0.03485	0.00495	0.00923
6	0.01779	0.01535	0.01501	0.01450	0.05704	0.11771	0.01032	0.12917	0.11184	0.04618	0.12581	0.08225	0.09843	0.06770	0.00979	0.00261	0.00670	0.00972	0.05333	0.00874
7	0.07764	0.01333	0.01485	0.01231	0.01645	0.01363	0.00980	0.21134	0.07939	0.10203	0.17696	0.06862	0.08193	0.01129	0.00741	0.00221	0.00564	0.00929	0.00708	0.07881
8	0.07658	0.01427	0.01669	0.01580	0.09531	0.03705	0.01107	0.13592	0.01902	0.02812	0.10685	0.02235	0.01954	0.01307	0.08589	0.00287	0.00782	0.00653	0.00521	0.28006
9	0.01914	0.01508	0.02177	0.10905	0.27787	0.01588	0.01648	0.08454	0.14228	0.10187	0.02292	0.02773	0.04391	0.00924	0.00754	0.00237	0.00754	0.05854	0.00557	0.01068
10	0.09258	0.01912	0.02283	0.05535	0.23307	0.10954	0.04506	0.12837	0.12075	0.02768	0.01722	0.01929	0.02794	0.00808	0.00775	0.00226	0.04126	0.00657	0.00490	0.01040
11	0.10126	0.01637	0.01848	0.01596	0.06020	0.03110	0.01212	0.31292	0.04265	0.18526	0.03673	0.03915	0.01568	0.00963	0.00796	0.03739	0.00707	0.00692	0.00682	0.03634

[dist]
# distance from previous block
# <min> <max>
1	13

[block]
# block no. 3 follows, 28 sequences, length 9
# corresponding to MSA columns:
# 451-459
name=unknown_D
#
# <colnr> <probs for GDERKNQSTAVLIFYWHMCP>
#	G	D	E	R	K	N	Q	S	T	A	V	L	I	F	Y	W	H	M	C	P
0	0.09217	0.01714	0.08052	0.10895	0.22459	0.03456	0.01624	0.08408	0.07389	0.02592	0.04150	0.02349	0.06550	0.01090	0.04539	0.00274	0.00843	0.00713	0.00469	0.03217
1	0.01705	0.01682	0.02507	0.06904	0.32316	0.06839	0.10128	0.02345	0.10817	0.02441	0.10542	0.02554	0.04273	0.00849	0.00758	0.00226	0.00827	0.00800	0.00479	0.01009
2	0.01389	0.01157	0.01209	0.01197	0.03918	0.07319	0.00864	0.05249	0.07271	0.02427	0.17005	0.03902	0.14268	0.05087	0.12944	0.00400	0.00786	0.00979	0.11873	0.00755
3	0.01003	0.00764	0.01049	0.01044	0.01194	0.00823	0.00798	0.01241	0.01328	0.01822	0.08148	0.03972	0.15852	0.07724	0.48799	0.00890	0.01450	0.00984	0.00480	0.00635
4	0.01579	0.01470	0.02462	0.09592	0.50553	0.01489	0.01900	0.01954	0.01585	0.02226	0.01891	0.16304	0.01870	0.00982	0.00762	0.00234	0.00784	0.00932	0.00420	0.01009
5	0.01021	0.00781	0.00980	0.00998	0.01186	0.00676	0.00705	0.01209	0.01489	0.02055	0.09217	0.49077	0.08653	0.01832	0.00839	0.00249	0.00435	0.01638	0.00636	0.16324
6	0.01958	0.01567	0.05099	0.15963	0.07985	0.04023	0.01418	0.15622	0.08028	0.12124	0.02335	0.10118	0.04390	0.04999	0.00911	0.00261	0.00762	0.00874	0.00586	0.00977
7	0.01789	0.01817	0.11472	0.06922	0.04622	0.03851	0.01393	0.18872	0.14816	0.03042	0.10962	0.02893	0.08272	0.01009	0.00738	0.00227	0.00707	0.00827	0.04777	0.00993
8	0.01402	0.01219	0.01351	0.01078	0.01545	0.04570	0.00833	0.01699	0.01633	0.02388	0.15302	0.10722	0.02665	0.00942	0.00654	0.00158	0.00526	0.00801	0.00530	0.49982

[dist]
# distance from previous block
# <min> <max>
0	2

[block]
# block no. 4 follows, 28 sequences, length 6
# corresponding to MSA columns:
# 462-467
name=unknown_E
#
# <colnr> <probs for GDERKNQSTAVLIFYWHMCP>
#	G	D	E	R	K	N	Q	S	T	A	V	L	I	F	Y	W	H	M	C	P
0	0.01973	0.01758	0.01826	0.06216	0.04505	0.13226	0.03505	0.13298	0.15186	0.06353	0.05124	0.06852	0.05142	0.01154	0.03429	0.00254	0.00816	0.00809	0.00586	0.07989
1	0.06604	0.01486	0.06568	0.04963	0.07250	0.05503	0.01210	0.07576	0.01691	0.10743	0.04522	0.07453	0.04875	0.08487	0.07062	0.00356	0.05515	0.00834	0.06442	0.00858
2	0.01924	0.16721	0.05822	0.04690	0.19151	0.06124	0.09836	0.05068	0.08227	0.06605	0.01829	0.02028	0.04538	0.00788	0.00752	0.00216	0.03540	0.00671	0.00448	0.01022
3	0.01749	0.08410	0.04868	0.02461	0.19239	0.08757	0.10987	0.04683	0.06549	0.02265	0.04542	0.08033	0.01743	0.01172	0.04706	0.00282	0.07363	0.00799	0.00441	0.00951
4	0.06947	0.10036	0.02116	0.04100	0.04704	0.08848	0.05472	0.12960	0.10505	0.05809	0.02109	0.02218	0.06652	0.01063	0.04111	0.00250	0.00825	0.00675	0.00529	0.10072
5	0.07676	0.01547	0.01947	0.06356	0.06213	0.04377	0.04861	0.14568	0.10038	0.07733	0.01829	0.03980	0.01484	0.01707	0.13123	0.00402	0.09951	0.00721	0.00529	0.00958

[dist]
# distance from previous block
# <min> <max>
12	24

[block]
# block no. 5 follows, 28 sequences, length 18
# corresponding to MSA columns:
# 512-529
name=unknown_F
#
# <colnr> <probs for GDERKNQSTAVLIFYWHMCP>
#	G	D	E	R	K	N	Q	S	T	A	V	L	I	F	Y	W	H	M	C	P
0	0.02036	0.01915	0.07203	0.12439	0.08573	0.12790	0.03693	0.15070	0.02036	0.09717	0.03969	0.10340	0.01784	0.01169	0.03761	0.00269	0.00920	0.00818	0.00533	0.00964
1	0.01491	0.05076	0.01578	0.01346	0.01572	0.08116	0.01072	0.09584	0.01541	0.02053	0.01735	0.02408	0.01564	0.03939	0.48267	0.00854	0.05914	0.00705	0.00421	0.00763
2	0.06309	0.01563	0.01791	0.09448	0.02119	0.08799	0.03598	0.11183	0.01724	0.02360	0.02367	0.05123	0.11861	0.01371	0.04982	0.00301	0.19268	0.00815	0.04196	0.00822
3	0.01751	0.01769	0.05680	0.11149	0.18621	0.09270	0.08871	0.07255	0.03711	0.03961	0.04326	0.02631	0.05150	0.11357	0.01168	0.00293	0.00891	0.00782	0.00452	0.00914
4	0.07201	0.09810	0.01970	0.04378	0.14261	0.01558	0.01260	0.12168	0.05778	0.08079	0.02525	0.12357	0.07634	0.01270	0.02843	0.02070	0.00708	0.02631	0.00560	0.00939
5	0.01703	0.02072	0.08809	0.03078	0.07682	0.01821	0.58940	0.02321	0.01700	0.02329	0.01453	0.01922	0.01093	0.00620	0.00838	0.00242	0.01194	0.00823	0.00363	0.00997
6	0.01563	0.01344	0.01591	0.01190	0.01739	0.01173	0.00960	0.05951	0.01592	0.02419	0.01597	0.01816	0.04620	0.00709	0.00774	0.00145	0.08666	0.00525	0.00450	0.61176
7	0.00902	0.00682	0.00827	0.00912	0.01027	0.00624	0.00632	0.01056	0.01480	0.01910	0.08334	0.41726	0.25173	0.06817	0.04087	0.00339	0.00484	0.01739	0.00654	0.00596
8	0.09606	0.01511	0.02081	0.11468	0.12402	0.07614	0.10659	0.03813	0.01553	0.02229	0.01829	0.13237	0.01751	0.03712	0.05056	0.00310	0.05149	0.00880	0.04305	0.00834
9	0.01385	0.01018	0.01272	0.08717	0.01714	0.01018	0.00919	0.11056	0.01735	0.04742	0.05405	0.30498	0.07682	0.10111	0.01149	0.00299	0.00581	0.01310	0.00605	0.08785
10	0.13471	0.01233	0.01262	0.01118	0.01403	0.05273	0.00830	0.07895	0.04981	0.14617	0.02407	0.06955	0.04882	0.24109	0.06122	0.00437	0.00755	0.00874	0.00581	0.00796
11	0.24323	0.08076	0.01887	0.01424	0.01860	0.13971	0.04968	0.08770	0.06241	0.07405	0.03341	0.01969	0.04872	0.00853	0.00715	0.00219	0.04684	0.00614	0.02902	0.00906
12	0.07530	0.23896	0.02515	0.01858	0.11820	0.17970	0.01355	0.08209	0.01850	0.06270	0.01753	0.02115	0.04816	0.00838	0.00635	0.00201	0.00863	0.04107	0.00453	0.00948
13	0.01687	0.17646	0.10990	0.04974	0.13272	0.03677	0.03358	0.04327	0.04055	0.02297	0.05062	0.02129	0.01549	0.00766	0.00647	0.00190	0.00776	0.04036	0.00423	0.18137
14	0.06522	0.15936	0.06297	0.06793	0.10015	0.17453	0.01488	0.12431	0.01967	0.08375	0.01402	0.01566	0.01082	0.00725	0.00634	0.00197	0.00901	0.00535	0.00460	0.05222
15	0.01204	0.05247	0.01197	0.00996	0.01227	0.01009	0.00742	0.01657	0.10988	0.02091	0.09957	0.07792	0.16042	0.17206	0.10992	0.00451	0.00718	0.01062	0.03313	0.06108
16	0.05850	0.11122	0.06102	0.14886	0.16699	0.05421	0.04898	0.07927	0.05313	0.02441	0.06286	0.06558	0.01737	0.00865	0.00701	0.00222	0.00823	0.00742	0.00453	0.00953
17	0.01230	0.00951	0.01068	0.01033	0.01232	0.04621	0.00770	0.01556	0.05149	0.05763	0.20340	0.11954	0.18272	0.06662	0.15604	0.00460	0.00788	0.01214	0.00633	0.00700

[dist]
# distance from previous block
# <min> <max>
11	69

[block]
# block no. 6 follows, 28 sequences, length 50
# corresponding to MSA columns:
# 610-659
name=unknown_G
#
# <colnr> <probs for GDERKNQSTAVLIFYWHMCP>
#	G	D	E	R	K	N	Q	S	T	A	V	L	I	F	Y	W	H	M	C	P
0	0.05209	0.01492	0.04489	0.05610	0.08743	0.01405	0.01257	0.11360	0.11112	0.17641	0.07569	0.02548	0.05414	0.00898	0.00706	0.00212	0.00651	0.00743	0.00640	0.12303
1	0.02014	0.01986	0.01847	0.04677	0.09994	0.23610	0.01304	0.05031	0.08035	0.06292	0.01885	0.07694	0.01715	0.06703	0.01029	0.00256	0.04490	0.03252	0.00493	0.07693
2	0.01889	0.01424	0.02125	0.14942	0.05411	0.01412	0.10846	0.07187	0.08846	0.14039	0.02149	0.06507	0.03657	0.00867	0.00728	0.00215	0.00756	0.00783	0.00555	0.15662
3	0.03891	0.10512	0.02163	0.07481	0.10636	0.01585	0.07001	0.07170	0.06060	0.02310	0.04166	0.15838	0.05720	0.04057	0.00970	0.00255	0.05574	0.00980	0.00500	0.03133
4	0.06417	0.01231	0.01827	0.10363	0.02242	0.03295	0.11970	0.02024	0.01681	0.15555	0.08537	0.18641	0.07557	0.01223	0.00788	0.00242	0.00692	0.01107	0.00602	0.04007
5	0.06350	0.03520	0.05582	0.26316	0.02975	0.04238	0.05143	0.06274	0.04435	0.06531	0.13081	0.02935	0.04503	0.00970	0.00746	0.00236	0.00786	0.03988	0.00519	0.00869
6	0.01684	0.10322	0.05239	0.22955	0.04843	0.10168	0.01456	0.02250	0.09553	0.05504	0.12410	0.06446	0.02294	0.00958	0.00719	0.00224	0.00798	0.00798	0.00500	0.00880
7	0.07746	0.01351	0.01774	0.01572	0.05617	0.01396	0.05595	0.09726	0.10609	0.16067	0.06676	0.06069	0.02082	0.05245	0.06495	0.00328	0.04155	0.00816	0.00619	0.06061
8	0.04620	0.01033	0.01224	0.01151	0.01377	0.03717	0.03027	0.01892	0.08343	0.12953	0.05976	0.29563	0.07139	0.13053	0.01275	0.00329	0.00575	0.01336	0.00654	0.00763
9	0.01786	0.01620	0.01934	0.01607	0.01993	0.11227	0.11933	0.08790	0.08808	0.07183	0.03094	0.14565	0.13586	0.01230	0.00872	0.00240	0.04371	0.01057	0.00584	0.03520
10	0.06486	0.01750	0.12649	0.01640	0.04749	0.04066	0.08109	0.04997	0.07995	0.12995	0.19287	0.02960	0.04598	0.00978	0.00747	0.00225	0.00710	0.00846	0.00613	0.03598
11	0.16041	0.01534	0.01708	0.01340	0.01870	0.03781	0.04116	0.16719	0.04099	0.12267	0.04390	0.04721	0.01565	0.00817	0.00644	0.00195	0.00658	0.00647	0.00592	0.22296
12	0.10108	0.01762	0.04897	0.01428	0.01908	0.08194	0.01188	0.17929	0.14563	0.16786	0.02431	0.04179	0.05426	0.01195	0.04492	0.00277	0.00786	0.00744	0.00661	0.01047
13	0.05384	0.10415	0.08827	0.01543	0.02033	0.22544	0.01330	0.10821	0.07141	0.10568	0.02022	0.08746	0.03657	0.00958	0.00687	0.00215	0.00879	0.00731	0.00537	0.00963
14	0.10801	0.01204	0.01406	0.01209	0.01576	0.03889	0.00959	0.02373	0.03886	0.26907	0.02478	0.06678	0.04550	0.03854	0.07738	0.05105	0.03677	0.03981	0.00631	0.07097
15	0.02572	0.07236	0.05667	0.01896	0.02333	0.61611	0.04078	0.02811	0.01989	0.01823	0.01140	0.01340	0.00942	0.00734	0.00655	0.00190	0.01267	0.00483	0.00367	0.00865
16	0.01908	0.53212	0.18015	0.01478	0.02175	0.08776	0.01568	0.02269	0.01542	0.01843	0.01084	0.01258	0.00931	0.00648	0.00532	0.00174	0.00889	0.00428	0.00316	0.00955
17	0.02763	0.02036	0.02182	0.01672	0.02254	0.02254	0.01382	0.67496	0.03418	0.04581	0.01745	0.01745	0.01236	0.00873	0.00727	0.00218	0.00800	0.00654	0.00727	0.01236
18	0.01017	0.00716	0.00811	0.00802	0.00873	0.00686	0.00499	0.01104	0.01322	0.01745	0.13784	0.05262	0.15256	0.50011	0.02745	0.00548	0.00588	0.01183	0.00539	0.00510
19	0.01755	0.47220	0.29826	0.01566	0.02364	0.02414	0.01805	0.02225	0.01499	0.01940	0.01125	0.01309	0.00928	0.00649	0.00554	0.00185	0.00893	0.00446	0.00309	0.00988
20	0.00886	0.00633	0.00843	0.01012	0.01054	0.00590	0.00675	0.01012	0.01392	0.01856	0.04006	0.73979	0.04808	0.02277	0.00928	0.00295	0.00422	0.02066	0.00675	0.00590
21	0.02763	0.02036	0.02182	0.01672	0.02254	0.02254	0.01382	0.67496	0.03418	0.04581	0.01745	0.01745	0.01236	0.00873	0.00727	0.00218	0.00800	0.00654	0.00727	0.01236
22	0.01057	0.00705	0.00793	0.00793	0.00793	0.00705	0.00440	0.01057	0.01057	0.01409	0.02290	0.04757	0.02643	0.74454	0.03700	0.00705	0.00705	0.01057	0.00440	0.00440
23	0.01943	0.74891	0.03809	0.01244	0.01866	0.02876	0.01244	0.02177	0.01477	0.01710	0.01011	0.01166	0.00933	0.00622	0.00466	0.00155	0.00777	0.00389	0.00311	0.00933
24	0.79588	0.01406	0.01068	0.00956	0.01406	0.01631	0.00787	0.02137	0.01237	0.03261	0.01012	0.01181	0.00787	0.00675	0.00450	0.00225	0.00562	0.00394	0.00450	0.00787
25	0.01799	0.01727	0.02950	0.04462	0.69919	0.01727	0.02231	0.02231	0.01655	0.02375	0.01367	0.01799	0.01151	0.00648	0.00720	0.00216	0.00864	0.00648	0.00360	0.01151
26	0.03261	0.01237	0.01687	0.01293	0.01856	0.01068	0.01068	0.03543	0.02081	0.70423	0.02868	0.02474	0.01799	0.00900	0.00731	0.00225	0.00619	0.00731	0.00900	0.01237
27	0.01014	0.00747	0.00977	0.01113	0.01252	0.00710	0.00884	0.01249	0.01572	0.02025	0.04556	0.30821	0.16550	0.02071	0.00951	0.00304	0.00527	0.31373	0.00672	0.00632
28	0.02161	0.54719	0.03315	0.01421	0.01973	0.22267	0.01289	0.02382	0.01642	0.01730	0.01042	0.01207	0.00934	0.00658	0.00520	0.00164	0.00928	0.00411	0.00329	0.00907
29	0.01447	0.01368	0.02315	0.60773	0.16358	0.01635	0.02056	0.01923	0.01489	0.01948	0.01305	0.01914	0.01001	0.00713	0.00726	0.00238	0.00951	0.00646	0.00329	0.00868
30	0.02759	0.02168	0.02170	0.01691	0.02254	0.08668	0.01384	0.61516	0.03292	0.04322	0.01688	0.01705	0.01208	0.00861	0.00721	0.00215	0.00847	0.00637	0.00695	0.01200
31	0.01943	0.74891	0.03809	0.01244	0.01866	0.02876	0.01244	0.02177	0.01477	0.01710	0.01011	0.01166	0.00933	0.00622	0.00466	0.00155	0.00777	0.00389	0.00311	0.00933
32	0.00924	0.00734	0.00800	0.00786	0.00983	0.00642	0.00570	0.01124	0.01678	0.02122	0.21598	0.06341	0.46244	0.10830	0.01214	0.00299	0.00404	0.01422	0.00676	0.00609
33	0.01008	0.00684	0.00807	0.00855	0.00867	0.00672	0.00507	0.01044	0.01153	0.01537	0.02780	0.24501	0.03260	0.53867	0.02909	0.00588	0.00624	0.01345	0.00507	0.00483
34	0.01463	0.01384	0.02343	0.58315	0.18696	0.01639	0.02063	0.01936	0.01496	0.01966	0.01308	0.01909	0.01007	0.00710	0.00725	0.00237	0.00947	0.00646	0.00331	0.00880
35	0.01088	0.00810	0.01055	0.01177	0.01366	0.00777	0.01005	0.01382	0.01669	0.02119	0.04791	0.07877	0.21725	0.01963	0.00965	0.00311	0.00589	0.48007	0.00671	0.00654
36	0.01047	0.00755	0.00997	0.00968	0.01138	0.00705	0.00747	0.01389	0.02010	0.02823	0.61327	0.05776	0.06524	0.01551	0.00876	0.00242	0.00384	0.09276	0.00784	0.00684
37	0.01943	0.74891	0.03809	0.01244	0.01866	0.02876	0.01244	0.02177	0.01477	0.01710	0.01011	0.01166	0.00933	0.00622	0.00466	0.00155	0.00777	0.00389	0.00311	0.00933
38	0.02763	0.02036	0.02182	0.01672	0.02254	0.02254	0.01382	0.67496	0.03418	0.04581	0.01745	0.01745	0.01236	0.00873	0.00727	0.00218	0.00800	0.00654	0.00727	0.01236
39	0.01057	0.00705	0.00793	0.00793	0.00793	0.00705	0.00440	0.01057	0.01057	0.01409	0.02290	0.04757	0.02643	0.74454	0.03700	0.00705	0.00705	0.01057	0.00440	0.00440
40	0.02418	0.01775	0.01913	0.01522	0.02018	0.01969	0.01241	0.50048	0.10337	0.04058	0.01955	0.02013	0.01441	0.01141	0.04703	0.00270	0.00793	0.00682	0.08567	0.01137
41	0.01077	0.00921	0.01424	0.01257	0.01514	0.00843	0.11174	0.01380	0.01744	0.02314	0.24812	0.17767	0.22370	0.01629	0.00883	0.00256	0.00530	0.06742	0.00665	0.00694
42	0.03013	0.01182	0.01607	0.01251	0.01770	0.01026	0.01026	0.03301	0.02078	0.62906	0.10291	0.02803	0.02363	0.00965	0.00745	0.00225	0.00588	0.00796	0.00889	0.01176
43	0.01100	0.00875	0.01190	0.01094	0.01305	0.00786	0.05468	0.01287	0.01424	0.01928	0.05962	0.25805	0.11668	0.19840	0.01549	0.00359	0.00572	0.04746	0.00562	0.12480
44	0.06808	0.21399	0.06314	0.01540	0.02152	0.02353	0.01383	0.42920	0.02677	0.03621	0.01485	0.01548	0.01113	0.00785	0.00640	0.00203	0.00796	0.00563	0.00578	0.01122
45	0.06102	0.55127	0.18445	0.01411	0.02124	0.02545	0.01538	0.02202	0.01477	0.01926	0.01076	0.01248	0.00922	0.00640	0.00515	0.00176	0.00831	0.00422	0.00318	0.00956
46	0.05461	0.31706	0.26749	0.01629	0.02352	0.12646	0.01747	0.02423	0.05361	0.02075	0.01241	0.01405	0.00995	0.00688	0.00588	0.00195	0.00940	0.00477	0.00350	0.00974
47	0.06058	0.40264	0.18317	0.01695	0.05446	0.02375	0.04646	0.09485	0.01712	0.02304	0.01196	0.01379	0.00974	0.00669	0.00574	0.00190	0.00859	0.00485	0.00369	0.01003
48	0.04943	0.33298	0.10915	0.03711	0.02023	0.08045	0.01318	0.04706	0.01650	0.04270	0.03554	0.01840	0.04628	0.00756	0.00576	0.00181	0.00776	0.00547	0.04576	0.07687
49	0.02045	0.31429	0.23170	0.01656	0.02365	0.13993	0.01719	0.11561	0.01866	0.02303	0.01221	0.01382	0.00973	0.00699	0.00602	0.00192	0.00959	0.00484	0.00379	0.01003

[dist]
# distance from previous block
# <min> <max>
3	91

[block]
# block no. 7 follows, 28 sequences, length 13
# corresponding to MSA columns:
# 752-764
name=unknown_H
#
# <colnr> <probs for GDERKNQSTAVLIFYWHMCP>
#	G	D	E	R	K	N	Q	S	T	A	V	L	I	F	Y	W	H	M	C	P
0	0.01939	0.01708	0.07259	0.04055	0.03915	0.05686	0.07549	0.07776	0.08028	0.13458	0.05163	0.07413	0.03650	0.00986	0.00906	0.00228	0.08230	0.00807	0.00565	0.10681
1	0.08884	0.02402	0.01925	0.01629	0.02097	0.27786	0.01279	0.24634	0.13412	0.03077	0.01634	0.01686	0.01243	0.00814	0.00671	0.00207	0.00921	0.00581	0.00562	0.04557
2	0.05100	0.06108	0.02110	0.16669	0.14541	0.21052	0.01516	0.04485	0.06333	0.02240	0.07273	0.02290	0.05568	0.00860	0.00699	0.00215	0.00899	0.00690	0.00450	0.00901
3	0.02422	0.05822	0.02258	0.10941	0.09902	0.44559	0.01561	0.09973	0.02070	0.02167	0.01237	0.01485	0.00997	0.00744	0.00672	0.00199	0.01140	0.00528	0.00404	0.00920
4	0.00885	0.00730	0.00767	0.00771	0.00988	0.00623	0.00567	0.01073	0.01654	0.02023	0.12752	0.10689	0.57211	0.04825	0.00980	0.00266	0.00383	0.01525	0.00677	0.00612
5	0.00886	0.00633	0.00843	0.01012	0.01054	0.00590	0.00675	0.01012	0.01392	0.01856	0.04006	0.73979	0.04808	0.02277	0.00928	0.00295	0.00422	0.02066	0.00675	0.00590
6	0.01450	0.01231	0.01446	0.01071	0.01661	0.00934	0.00844	0.01754	0.01497	0.02321	0.01544	0.08240	0.01423	0.00700	0.00575	0.00125	0.00527	0.00583	0.00453	0.71623
7	0.02680	0.01301	0.01729	0.08476	0.02170	0.01173	0.01140	0.06774	0.01978	0.45623	0.02318	0.02178	0.01534	0.00806	0.00691	0.00202	0.00648	0.00656	0.00735	0.17189
8	0.01554	0.17762	0.57522	0.01909	0.02894	0.01922	0.02402	0.02277	0.01523	0.02186	0.01247	0.01462	0.00923	0.00677	0.00646	0.00215	0.01016	0.00508	0.00308	0.01046
9	0.00981	0.00767	0.00910	0.00976	0.01178	0.00696	0.00787	0.01224	0.01668	0.02081	0.09033	0.10982	0.39560	0.01907	0.00915	0.00279	0.00478	0.24264	0.00679	0.00636
10	0.01672	0.01348	0.01451	0.01336	0.01671	0.01518	0.01023	0.07880	0.45498	0.02912	0.03001	0.15397	0.02576	0.01196	0.00751	0.00246	0.00543	0.01019	0.07950	0.01013
11	0.18481	0.02166	0.01807	0.01505	0.01958	0.19900	0.01188	0.31893	0.02424	0.03326	0.01478	0.01762	0.01181	0.06794	0.00894	0.00251	0.00875	0.00585	0.00555	0.00977
12	0.12236	0.05191	0.01750	0.07195	0.02076	0.17315	0.01181	0.14176	0.07516	0.02679	0.02347	0.02654	0.10126	0.00969	0.00683	0.00216	0.00797	0.04170	0.00531	0.06191

[dist]
# distance from previous block
# <min> <max>
0	19

# created by:
# /home/berkeley/.conda/envs/busco_data_prod/bin/msa2prfl.pl pipeline/OGs_align_augustus/4893/31116.fs
