[name]
unknown

[dist]
# distance from previous block
# <min> <max>
18	76

[block]
# block no. 0 follows, 33 sequences, length 27
# corresponding to MSA columns:
# 115-141
name=unknown_A
#
# <colnr> <probs for GDERKNQSTAVLIFYWHMCP>
#	G	D	E	R	K	N	Q	S	T	A	V	L	I	F	Y	W	H	M	C	P
0	0.04339	0.01887	0.06592	0.01873	0.08453	0.12299	0.11868	0.17721	0.11017	0.02631	0.07091	0.01893	0.01526	0.00764	0.00722	0.00202	0.03860	0.00640	0.00481	0.04142
1	0.12080	0.01321	0.01511	0.05001	0.07229	0.03782	0.01065	0.13486	0.08981	0.11555	0.08324	0.02572	0.07385	0.00907	0.00700	0.00205	0.03442	0.03402	0.00560	0.06491
2	0.12536	0.08363	0.01679	0.08544	0.01936	0.09970	0.01048	0.08098	0.13501	0.03998	0.01491	0.03691	0.01204	0.00698	0.00560	0.00174	0.00655	0.00532	0.00454	0.20867
3	0.10443	0.01605	0.10058	0.21655	0.04721	0.06434	0.04196	0.02119	0.10049	0.06738	0.01718	0.04003	0.04128	0.00748	0.00622	0.00201	0.00736	0.00620	0.00422	0.08781
4	0.10105	0.01215	0.01343	0.01162	0.01526	0.01279	0.00930	0.17442	0.15627	0.15084	0.04915	0.09903	0.09808	0.01101	0.00687	0.00221	0.00538	0.05569	0.00651	0.00895
5	0.02094	0.01996	0.01747	0.01469	0.01833	0.24315	0.01157	0.22351	0.09083	0.04769	0.04148	0.01767	0.01344	0.03736	0.00901	0.00211	0.09106	0.00577	0.00496	0.06900
6	0.06000	0.09937	0.04506	0.03888	0.01875	0.31408	0.01157	0.09552	0.09239	0.02104	0.01886	0.07042	0.06982	0.00871	0.00617	0.00191	0.00839	0.00652	0.00443	0.00811
7	0.10918	0.01413	0.01488	0.01275	0.01669	0.01581	0.01007	0.18739	0.36970	0.08198	0.02240	0.05444	0.01745	0.03444	0.00735	0.00230	0.00568	0.00716	0.00636	0.00984
8	0.07687	0.01518	0.01770	0.01867	0.15086	0.06276	0.04030	0.02887	0.40485	0.04925	0.05001	0.02181	0.01775	0.00803	0.00650	0.00212	0.00629	0.00682	0.00557	0.00978
9	0.01715	0.01748	0.01998	0.01782	0.06532	0.16774	0.09053	0.10376	0.01625	0.02076	0.01631	0.07725	0.04231	0.00969	0.01061	0.00220	0.20172	0.03060	0.00410	0.06844
10	0.20827	0.05167	0.03389	0.01209	0.01680	0.01312	0.05452	0.07189	0.06444	0.25982	0.08753	0.02037	0.01719	0.00770	0.00598	0.00197	0.00582	0.00615	0.00593	0.05483
11	0.02157	0.04647	0.01982	0.01945	0.12855	0.40131	0.01335	0.12890	0.04408	0.02190	0.05839	0.01608	0.01311	0.00744	0.00671	0.00185	0.03283	0.00539	0.00420	0.00863
12	0.02097	0.01976	0.01879	0.04972	0.09868	0.20207	0.01297	0.25990	0.16587	0.02824	0.04544	0.01812	0.01426	0.00778	0.00648	0.00197	0.00796	0.00605	0.00530	0.00967
13	0.00874	0.00668	0.00816	0.00887	0.01038	0.00610	0.00685	0.01079	0.01485	0.01899	0.12340	0.23707	0.30720	0.01768	0.00827	0.00253	0.00413	0.18739	0.00622	0.00571
14	0.02024	0.01701	0.01743	0.04272	0.01944	0.12750	0.04200	0.26228	0.15472	0.07899	0.10020	0.02319	0.04715	0.00877	0.00674	0.00203	0.00706	0.00708	0.00599	0.00945
15	0.00790	0.00620	0.00716	0.00792	0.00922	0.00545	0.00556	0.00931	0.01380	0.01729	0.05144	0.41504	0.38307	0.01866	0.00809	0.00245	0.00358	0.01631	0.00611	0.00545
16	0.05307	0.02330	0.22831	0.09693	0.02435	0.13920	0.01592	0.22849	0.02006	0.02669	0.06935	0.01721	0.01351	0.00745	0.00636	0.00199	0.00850	0.00569	0.00447	0.00916
17	0.02577	0.02157	0.01832	0.01591	0.04715	0.31173	0.01210	0.21203	0.02190	0.22463	0.01623	0.01608	0.01149	0.00744	0.00633	0.00188	0.00869	0.00543	0.00559	0.00971
18	0.46151	0.02107	0.01369	0.01237	0.01614	0.34017	0.00963	0.02245	0.01454	0.02353	0.00962	0.01122	0.00773	0.00641	0.00491	0.00188	0.00813	0.00387	0.00377	0.00735
19	0.02018	0.02206	0.01652	0.01489	0.01839	0.35919	0.01137	0.05062	0.33083	0.02251	0.05261	0.01949	0.01638	0.00810	0.00639	0.00196	0.00832	0.00610	0.00516	0.00892
20	0.00915	0.00603	0.00799	0.00919	0.00978	0.00561	0.00618	0.01031	0.01275	0.05149	0.03499	0.69138	0.04121	0.05815	0.00960	0.00283	0.00404	0.01766	0.00610	0.00556
21	0.01286	0.01056	0.01135	0.01049	0.01324	0.01124	0.00798	0.07061	0.31019	0.02402	0.09734	0.10409	0.23158	0.04404	0.00836	0.00241	0.00455	0.01069	0.00640	0.00798
22	0.00861	0.00668	0.00784	0.00760	0.00941	0.00590	0.00568	0.01103	0.01688	0.02237	0.41763	0.07460	0.35197	0.01506	0.00779	0.00215	0.00323	0.01296	0.00672	0.00590
23	0.78470	0.04173	0.01062	0.00876	0.01289	0.01520	0.00729	0.01937	0.01129	0.02900	0.00917	0.01069	0.00718	0.00609	0.00408	0.00201	0.00517	0.00356	0.00403	0.00718
24	0.15991	0.07422	0.01715	0.04552	0.05228	0.03320	0.01080	0.26783	0.06466	0.07079	0.09313	0.01945	0.01674	0.00791	0.00600	0.00196	0.00621	0.00608	0.03699	0.00918
25	0.05429	0.01851	0.01802	0.01550	0.05019	0.15032	0.01190	0.30238	0.08511	0.09457	0.01565	0.01625	0.01163	0.00836	0.02032	0.00208	0.04592	0.00558	0.00546	0.06794
26	0.08084	0.12233	0.06768	0.04657	0.09158	0.12651	0.05629	0.11966	0.04125	0.02270	0.01423	0.04623	0.01245	0.02657	0.00724	0.00206	0.03117	0.03294	0.00411	0.04763

[dist]
# distance from previous block
# <min> <max>
29	104

[block]
# block no. 1 follows, 33 sequences, length 19
# corresponding to MSA columns:
# 249-267
name=unknown_B
#
# <colnr> <probs for GDERKNQSTAVLIFYWHMCP>
#	G	D	E	R	K	N	Q	S	T	A	V	L	I	F	Y	W	H	M	C	P
0	0.08757	0.06342	0.05104	0.01337	0.01740	0.07064	0.04438	0.12137	0.10189	0.06778	0.01795	0.04682	0.04075	0.05939	0.00939	0.00228	0.07806	0.00649	0.00480	0.09522
1	0.12629	0.04277	0.05289	0.03022	0.01743	0.09502	0.05206	0.03844	0.07622	0.11119	0.04080	0.08159	0.01639	0.05337	0.00914	0.00233	0.07427	0.00698	0.02594	0.04668
2	0.07930	0.05037	0.03472	0.03715	0.03683	0.01269	0.03715	0.10432	0.10316	0.10334	0.05120	0.02788	0.11753	0.07283	0.05810	0.00293	0.00670	0.00755	0.00534	0.05090
3	0.03693	0.01980	0.12386	0.01362	0.01819	0.18539	0.01203	0.11481	0.07633	0.12575	0.02019	0.02138	0.06889	0.03960	0.00817	0.03420	0.00765	0.00624	0.02730	0.03966
4	0.09142	0.08205	0.10954	0.10285	0.07643	0.01607	0.08091	0.08343	0.11153	0.02355	0.05529	0.01990	0.04266	0.00772	0.00711	0.00207	0.04777	0.00633	0.00431	0.02906
5	0.05929	0.09150	0.06653	0.07928	0.05653	0.06783	0.06086	0.10074	0.06048	0.06286	0.02075	0.14530	0.05232	0.01118	0.03345	0.00241	0.00743	0.00822	0.00474	0.00828
6	0.01642	0.01463	0.02402	0.14770	0.35368	0.01501	0.09880	0.06114	0.06492	0.06023	0.01611	0.01902	0.03499	0.00672	0.00668	0.00202	0.00777	0.00644	0.00403	0.03966
7	0.01845	0.01769	0.01866	0.10319	0.19323	0.20721	0.01359	0.04899	0.04852	0.08276	0.01791	0.01980	0.06428	0.00900	0.03464	0.00220	0.00845	0.00604	0.00426	0.08115
8	0.01393	0.01307	0.02146	0.36710	0.25694	0.01441	0.05056	0.04271	0.03650	0.01984	0.01805	0.02184	0.08058	0.00742	0.00674	0.00212	0.00788	0.00680	0.00362	0.00845
9	0.02073	0.01599	0.01791	0.01543	0.05289	0.06482	0.03499	0.32508	0.10754	0.09189	0.05266	0.06747	0.01702	0.00895	0.00726	0.00205	0.03556	0.00719	0.02629	0.02828
10	0.01102	0.00941	0.01360	0.04423	0.08038	0.01100	0.01020	0.01312	0.01223	0.01734	0.09131	0.12709	0.05816	0.07428	0.22507	0.00509	0.17660	0.00918	0.00422	0.00648
11	0.01573	0.02105	0.21104	0.02328	0.03056	0.01535	0.44257	0.02145	0.01522	0.06695	0.01365	0.01682	0.00996	0.00585	0.00713	0.00209	0.01000	0.00671	0.00354	0.06106
12	0.01048	0.00653	0.00869	0.00950	0.01049	0.00608	0.00674	0.01200	0.01367	0.08556	0.08205	0.53922	0.04058	0.06260	0.00972	0.00282	0.00429	0.07677	0.00625	0.00595
13	0.01343	0.10140	0.63443	0.01756	0.02651	0.01585	0.02224	0.02034	0.01408	0.02062	0.04593	0.01529	0.01094	0.00654	0.00614	0.00202	0.00916	0.00508	0.00300	0.00944
14	0.00828	0.00614	0.00783	0.00891	0.00978	0.00554	0.00607	0.00957	0.01293	0.01715	0.03853	0.64635	0.11990	0.01938	0.00815	0.00254	0.00382	0.01742	0.00600	0.04571
15	0.19276	0.01120	0.01191	0.01044	0.01371	0.01192	0.00832	0.14380	0.07706	0.09817	0.13828	0.07172	0.05796	0.01140	0.02923	0.00236	0.00534	0.03474	0.06163	0.00807
16	0.00928	0.00672	0.00936	0.00955	0.01033	0.00741	0.00690	0.01089	0.01057	0.01483	0.02069	0.11993	0.02164	0.22833	0.47352	0.00855	0.01310	0.00911	0.00396	0.00533
17	0.01440	0.01440	0.02016	0.01728	0.01728	0.02016	0.01440	0.01584	0.01008	0.01584	0.00864	0.01440	0.00864	0.01152	0.02160	0.00288	0.75659	0.00576	0.00288	0.00720
18	0.01475	0.06976	0.61670	0.01819	0.02698	0.10080	0.02233	0.02143	0.01443	0.02003	0.01149	0.01350	0.00836	0.00629	0.00612	0.00201	0.00985	0.00473	0.00285	0.00942

[dist]
# distance from previous block
# <min> <max>
0	1

[block]
# block no. 2 follows, 33 sequences, length 6
# corresponding to MSA columns:
# 269-274
name=unknown_C
#
# <colnr> <probs for GDERKNQSTAVLIFYWHMCP>
#	G	D	E	R	K	N	Q	S	T	A	V	L	I	F	Y	W	H	M	C	P
0	0.02232	0.01556	0.01759	0.01382	0.01870	0.04101	0.03418	0.31482	0.13722	0.17102	0.04670	0.01955	0.01536	0.00789	0.00649	0.00192	0.00646	0.00633	0.00643	0.09660
1	0.01335	0.01202	0.01888	0.53954	0.08505	0.01395	0.01629	0.06261	0.01448	0.01920	0.01365	0.06649	0.01144	0.00740	0.00655	0.00209	0.00793	0.00654	0.00349	0.07906
2	0.00986	0.00744	0.01031	0.03885	0.05894	0.00769	0.00750	0.01181	0.01287	0.01786	0.18721	0.08667	0.05360	0.23487	0.21990	0.00570	0.00866	0.00979	0.00475	0.00574
3	0.02337	0.01635	0.01792	0.01372	0.01886	0.01731	0.01128	0.52649	0.02688	0.09851	0.01648	0.01656	0.01175	0.00754	0.00628	0.00183	0.00660	0.00575	0.04711	0.10943
4	0.01916	0.19592	0.20579	0.01585	0.02134	0.25996	0.01535	0.07909	0.04773	0.01977	0.01148	0.01314	0.00919	0.00686	0.00666	0.00185	0.05404	0.00461	0.00348	0.00874
5	0.01556	0.33976	0.25907	0.01518	0.04482	0.06866	0.01567	0.01946	0.01376	0.01764	0.01375	0.01570	0.04975	0.00837	0.03099	0.00211	0.05318	0.00494	0.00307	0.00855

[dist]
# distance from previous block
# <min> <max>
0	1

[block]
# block no. 3 follows, 33 sequences, length 27
# corresponding to MSA columns:
# 276-302
name=unknown_D
#
# <colnr> <probs for GDERKNQSTAVLIFYWHMCP>
#	G	D	E	R	K	N	Q	S	T	A	V	L	I	F	Y	W	H	M	C	P
0	0.01262	0.02695	0.01464	0.01240	0.01510	0.00977	0.09144	0.05830	0.03114	0.05160	0.02669	0.34428	0.04684	0.02939	0.00849	0.00234	0.03439	0.04556	0.02335	0.11470
1	0.00887	0.00671	0.00818	0.00781	0.00956	0.00602	0.00586	0.01156	0.01758	0.02390	0.53369	0.05328	0.25409	0.01439	0.00777	0.00211	0.00317	0.01248	0.00692	0.00602
2	0.01091	0.00961	0.06871	0.01194	0.01415	0.00778	0.03823	0.01366	0.01437	0.05435	0.03404	0.30186	0.07553	0.01696	0.00837	0.00270	0.00561	0.29896	0.00581	0.00645
3	0.00823	0.00608	0.00760	0.00848	0.00936	0.00556	0.00582	0.00970	0.01378	0.01817	0.13881	0.49811	0.17425	0.05228	0.00932	0.00267	0.00374	0.01643	0.00618	0.00545
4	0.02059	0.40768	0.02678	0.01408	0.01846	0.34613	0.01205	0.02248	0.01559	0.01578	0.00959	0.01132	0.00847	0.00641	0.00575	0.00160	0.04219	0.00394	0.00308	0.00803
5	0.00858	0.00633	0.00798	0.00902	0.00980	0.00601	0.00619	0.01065	0.04419	0.01781	0.07990	0.56886	0.10719	0.05816	0.00955	0.00278	0.00397	0.03133	0.00610	0.00559
6	0.02086	0.14706	0.06248	0.01444	0.04431	0.05079	0.01217	0.34629	0.03957	0.08125	0.03344	0.02060	0.08161	0.00830	0.00627	0.00191	0.00696	0.00635	0.00553	0.00979
7	0.01654	0.09421	0.20920	0.01941	0.05049	0.01593	0.21777	0.09474	0.03879	0.07653	0.01642	0.09031	0.01368	0.00780	0.00680	0.00210	0.00849	0.00732	0.00424	0.00924
8	0.00862	0.00652	0.00752	0.00800	0.00910	0.00605	0.00544	0.01039	0.03655	0.01719	0.08236	0.31152	0.26877	0.17562	0.01337	0.00325	0.00420	0.01441	0.00575	0.00535
9	0.01514	0.03885	0.01627	0.05572	0.07642	0.06530	0.01009	0.05193	0.01493	0.02146	0.01250	0.03645	0.01070	0.00584	0.00536	0.00129	0.00602	0.00473	0.00392	0.54708
10	0.40973	0.25520	0.07732	0.01102	0.01567	0.01842	0.01047	0.01911	0.01221	0.02306	0.01047	0.01395	0.00910	0.00685	0.00566	0.00194	0.05482	0.03371	0.00358	0.00772
11	0.01204	0.00738	0.00853	0.00792	0.01034	0.00641	0.00601	0.01407	0.01587	0.14291	0.15376	0.09202	0.41186	0.03594	0.00820	0.00228	0.00380	0.01214	0.04192	0.00660
12	0.01613	0.01588	0.06084	0.18593	0.43894	0.01552	0.07111	0.05299	0.01549	0.04510	0.01290	0.01673	0.01018	0.00619	0.00662	0.00204	0.00826	0.00598	0.00349	0.00968
13	0.01416	0.08294	0.42117	0.01854	0.04911	0.01533	0.11132	0.04031	0.01443	0.02089	0.01224	0.01489	0.00931	0.00823	0.04447	0.00236	0.00942	0.00522	0.00316	0.10252
14	0.75863	0.03641	0.01079	0.00908	0.01317	0.04497	0.00748	0.01965	0.01158	0.02856	0.00921	0.01074	0.00722	0.00612	0.00416	0.00200	0.00543	0.00359	0.00401	0.00719
15	0.01748	0.64982	0.09223	0.01275	0.01866	0.05752	0.03757	0.02016	0.01374	0.01617	0.00957	0.01116	0.00850	0.00573	0.00460	0.00151	0.00763	0.00382	0.00286	0.00853
16	0.00799	0.00583	0.00753	0.00889	0.00948	0.00537	0.00599	0.00920	0.01287	0.01691	0.03967	0.68624	0.11945	0.02018	0.00833	0.00262	0.00377	0.01818	0.00611	0.00537
17	0.01647	0.00762	0.00905	0.00801	0.01040	0.00714	0.00614	0.01915	0.01542	0.21885	0.10454	0.02831	0.02255	0.06941	0.00784	0.00212	0.00404	0.00722	0.42835	0.00737
18	0.01334	0.03310	0.69372	0.01929	0.02884	0.01537	0.06417	0.02086	0.01400	0.02086	0.01190	0.01413	0.00844	0.00621	0.00634	0.00209	0.00981	0.00504	0.00281	0.00968
19	0.00816	0.00583	0.00779	0.00932	0.00976	0.00546	0.00635	0.00940	0.01274	0.01696	0.03621	0.72844	0.04325	0.02050	0.00844	0.00269	0.00394	0.05329	0.00611	0.00538
20	0.01512	0.01432	0.02429	0.19726	0.53675	0.01497	0.01925	0.01909	0.01459	0.02037	0.01346	0.01975	0.01157	0.00670	0.00667	0.00207	0.00794	0.04299	0.00334	0.00950
21	0.01647	0.01472	0.01479	0.01334	0.01693	0.05565	0.01034	0.03338	0.64263	0.02686	0.06074	0.02510	0.02156	0.00904	0.00671	0.00220	0.00547	0.00749	0.00654	0.01006
22	0.00932	0.00698	0.01009	0.01009	0.01123	0.00793	0.00771	0.01145	0.01076	0.01523	0.02075	0.02939	0.05859	0.10309	0.64461	0.00977	0.01592	0.00765	0.00371	0.00571
23	0.01620	0.05799	0.02107	0.18139	0.08218	0.12262	0.03403	0.04218	0.04470	0.01839	0.01122	0.01522	0.00947	0.00817	0.01130	0.00221	0.25788	0.00547	0.00336	0.05496
24	0.20579	0.01439	0.01981	0.07636	0.37355	0.03300	0.01504	0.01983	0.05111	0.02275	0.01526	0.01803	0.05180	0.00711	0.00685	0.00207	0.04876	0.00583	0.00376	0.00889
25	0.01716	0.07203	0.02003	0.07003	0.15193	0.08496	0.01324	0.14176	0.04658	0.02381	0.09046	0.01885	0.01586	0.00796	0.00831	0.00195	0.10806	0.00604	0.00441	0.09656
26	0.01695	0.01859	0.08785	0.01603	0.09914	0.14456	0.01224	0.07735	0.04500	0.02235	0.01247	0.01428	0.01000	0.00589	0.00561	0.00146	0.00717	0.00460	0.00396	0.39449

[dist]
# distance from previous block
# <min> <max>
1	21

[block]
# block no. 4 follows, 33 sequences, length 20
# corresponding to MSA columns:
# 324-343
name=unknown_E
#
# <colnr> <probs for GDERKNQSTAVLIFYWHMCP>
#	G	D	E	R	K	N	Q	S	T	A	V	L	I	F	Y	W	H	M	C	P
0	0.09935	0.01658	0.01720	0.06259	0.08892	0.12464	0.01196	0.17757	0.06913	0.07791	0.03054	0.05123	0.01349	0.00794	0.00689	0.00195	0.04237	0.00610	0.00497	0.08867
1	0.04775	0.01301	0.01882	0.23718	0.20761	0.02950	0.01479	0.06960	0.04349	0.05448	0.01528	0.06112	0.01294	0.01170	0.07921	0.00290	0.02425	0.00661	0.00403	0.04575
2	0.16279	0.29082	0.02228	0.13801	0.09989	0.03787	0.01170	0.01797	0.01273	0.01862	0.01161	0.01703	0.01067	0.11353	0.00903	0.00243	0.00710	0.00506	0.00330	0.00759
3	0.01505	0.01415	0.02386	0.13674	0.55321	0.01453	0.01860	0.01893	0.01497	0.02108	0.05828	0.02127	0.01475	0.00702	0.00673	0.00205	0.00757	0.03810	0.00360	0.00952
4	0.01591	0.01525	0.02604	0.11050	0.66045	0.01554	0.02001	0.01987	0.01481	0.02105	0.01232	0.01642	0.01027	0.00594	0.00652	0.00198	0.00791	0.00586	0.00323	0.01012
5	0.00797	0.00658	0.00699	0.00709	0.00906	0.00561	0.00524	0.00973	0.01515	0.01860	0.13328	0.13147	0.58705	0.01672	0.00784	0.00225	0.00336	0.01416	0.00623	0.00561
6	0.00943	0.00696	0.01011	0.01011	0.01112	0.00797	0.00764	0.01145	0.01044	0.01493	0.01807	0.02826	0.01750	0.14938	0.64397	0.01000	0.01607	0.00740	0.00359	0.00562
7	0.00951	0.00635	0.00720	0.00726	0.00728	0.00634	0.00408	0.00956	0.00970	0.01294	0.02140	0.07371	0.02477	0.73688	0.03244	0.00622	0.00627	0.00996	0.00408	0.00405
8	0.00917	0.00788	0.00970	0.01146	0.10554	0.00702	0.00724	0.01137	0.01559	0.01967	0.16499	0.05476	0.52252	0.01471	0.00761	0.00216	0.00390	0.01250	0.00591	0.00632
9	0.02266	0.00971	0.01288	0.01039	0.01439	0.00845	0.00839	0.02522	0.01835	0.49732	0.18013	0.03294	0.10923	0.01028	0.00700	0.00207	0.00480	0.00860	0.00772	0.00947
10	0.01596	0.01544	0.02639	0.07385	0.62448	0.01591	0.04396	0.01979	0.01461	0.02090	0.01215	0.01629	0.01022	0.00625	0.00751	0.00203	0.05509	0.00593	0.00322	0.01002
11	0.06281	0.50653	0.02845	0.01271	0.01772	0.18988	0.01147	0.07070	0.01574	0.01827	0.00987	0.01125	0.00858	0.00609	0.00478	0.00155	0.00806	0.00386	0.00329	0.00839
12	0.01073	0.00889	0.00880	0.00902	0.00958	0.08322	0.00583	0.01141	0.01140	0.01439	0.02338	0.22478	0.02672	0.43107	0.08770	0.00531	0.00730	0.01115	0.00443	0.00489
13	0.03864	0.33813	0.04467	0.01464	0.08656	0.08369	0.01164	0.07588	0.07848	0.02075	0.01621	0.01729	0.05565	0.00705	0.00534	0.00168	0.00687	0.00522	0.05041	0.04119
14	0.06523	0.03322	0.08412	0.01834	0.10362	0.01415	0.12814	0.12573	0.07389	0.06008	0.04403	0.11342	0.01807	0.00904	0.00681	0.00211	0.00704	0.03222	0.00494	0.05580
15	0.03420	0.14098	0.41846	0.01594	0.02272	0.06231	0.01825	0.01947	0.01400	0.01964	0.05482	0.01758	0.04482	0.00761	0.00754	0.00204	0.08214	0.00551	0.00328	0.00869
16	0.01544	0.01134	0.05344	0.01103	0.01424	0.01043	0.00909	0.07069	0.17599	0.13816	0.03207	0.18221	0.11714	0.01228	0.00704	0.00223	0.00497	0.03890	0.08503	0.00827
17	0.01706	0.01836	0.02197	0.29997	0.28485	0.20859	0.01750	0.02056	0.01528	0.01832	0.01154	0.01559	0.00929	0.00638	0.00639	0.00198	0.00926	0.00543	0.00317	0.00852
18	0.01397	0.01290	0.02049	0.40135	0.17570	0.01472	0.04575	0.03582	0.11623	0.02016	0.01588	0.05168	0.01315	0.00768	0.00678	0.00219	0.00784	0.02541	0.00387	0.00843
19	0.01358	0.01340	0.01859	0.59055	0.03898	0.08573	0.01651	0.01832	0.05444	0.01737	0.01398	0.06455	0.01160	0.00762	0.00664	0.00218	0.00856	0.00660	0.00339	0.00740

[dist]
# distance from previous block
# <min> <max>
1	101

[block]
# block no. 5 follows, 33 sequences, length 29
# corresponding to MSA columns:
# 445-473
name=unknown_F
#
# <colnr> <probs for GDERKNQSTAVLIFYWHMCP>
#	G	D	E	R	K	N	Q	S	T	A	V	L	I	F	Y	W	H	M	C	P
0	0.01847	0.05436	0.02403	0.03087	0.47294	0.09842	0.01702	0.06639	0.01660	0.06858	0.01389	0.01791	0.01152	0.00666	0.00640	0.00192	0.00791	0.03020	0.00391	0.03200
1	0.11917	0.05051	0.01695	0.01484	0.06307	0.13374	0.01102	0.20029	0.17827	0.02803	0.07700	0.02009	0.01689	0.03331	0.00708	0.00213	0.00691	0.00623	0.00537	0.00910
2	0.11354	0.01451	0.01731	0.04040	0.01922	0.01531	0.06381	0.27721	0.09772	0.12049	0.01966	0.02019	0.04752	0.02332	0.00685	0.00207	0.00644	0.00638	0.02551	0.06256
3	0.07069	0.02027	0.02565	0.04433	0.05665	0.23211	0.28380	0.04712	0.05097	0.02073	0.01397	0.05829	0.01176	0.00726	0.00717	0.00207	0.02821	0.00679	0.00381	0.00833
4	0.00822	0.00656	0.00736	0.00742	0.00923	0.00571	0.00547	0.01021	0.01567	0.01996	0.23837	0.14926	0.46072	0.01632	0.00786	0.00224	0.00334	0.01398	0.00642	0.00571
5	0.02503	0.01844	0.01976	0.01515	0.02042	0.02042	0.01251	0.70562	0.03095	0.04149	0.01581	0.01581	0.01120	0.00790	0.00659	0.00198	0.00724	0.00593	0.00659	0.01120
6	0.00840	0.00661	0.00759	0.00751	0.00932	0.00580	0.00557	0.01059	0.01623	0.02108	0.32181	0.11635	0.40823	0.01574	0.00783	0.00220	0.00329	0.01352	0.00656	0.00580
7	0.01194	0.00830	0.01161	0.01242	0.05320	0.00792	0.03175	0.05779	0.01475	0.07557	0.03105	0.51115	0.03468	0.01674	0.00795	0.00249	0.00486	0.06583	0.00597	0.03403
8	0.02060	0.01569	0.01793	0.01437	0.01864	0.01716	0.04493	0.46524	0.11407	0.03415	0.01964	0.10061	0.01663	0.05867	0.00860	0.00238	0.00674	0.00785	0.00622	0.00988
9	0.81514	0.01273	0.00968	0.00866	0.01273	0.01477	0.00713	0.01935	0.01120	0.02954	0.00917	0.01069	0.00713	0.00611	0.00407	0.00204	0.00509	0.00356	0.00407	0.00713
10	0.01584	0.01701	0.03425	0.02467	0.03083	0.01623	0.55875	0.05989	0.01597	0.02205	0.01307	0.01706	0.00997	0.00591	0.00808	0.00211	0.04685	0.00717	0.00355	0.09075
11	0.00802	0.00573	0.00764	0.00917	0.00955	0.00535	0.00611	0.00917	0.01260	0.01681	0.03628	0.76434	0.04354	0.02062	0.00840	0.00267	0.00382	0.01872	0.00611	0.00535
12	0.01540	0.01718	0.03655	0.07652	0.09462	0.01643	0.59993	0.02073	0.01534	0.02084	0.01313	0.01762	0.00995	0.00564	0.00758	0.00220	0.01066	0.00748	0.00330	0.00891
13	0.01860	0.01662	0.01966	0.05933	0.04540	0.10536	0.09084	0.16789	0.18884	0.05755	0.01789	0.04358	0.01420	0.01103	0.05623	0.00270	0.06313	0.00681	0.00511	0.00922
14	0.00912	0.00641	0.00824	0.00927	0.01012	0.00608	0.00638	0.01131	0.04780	0.03871	0.07975	0.62741	0.07645	0.01905	0.00820	0.00257	0.00387	0.01715	0.00627	0.00583
15	0.00799	0.00586	0.00751	0.00883	0.00946	0.00538	0.00596	0.00920	0.01293	0.01694	0.04037	0.67022	0.13503	0.02009	0.00832	0.00261	0.00375	0.01807	0.00611	0.00538
16	0.13411	0.62780	0.06272	0.01122	0.01681	0.02391	0.01125	0.01971	0.01308	0.01779	0.00928	0.01073	0.00825	0.00573	0.00429	0.00153	0.00688	0.00359	0.00300	0.00831
17	0.00808	0.00583	0.00766	0.00900	0.00954	0.00541	0.00607	0.00937	0.01306	0.01740	0.07734	0.69199	0.07481	0.02004	0.00834	0.00262	0.00376	0.01811	0.00618	0.00541
18	0.01459	0.01226	0.01416	0.01020	0.01600	0.00974	0.00819	0.07373	0.01509	0.02311	0.01204	0.01383	0.00987	0.00513	0.00502	0.00106	0.00507	0.00407	0.00412	0.74272
19	0.01982	0.01327	0.01495	0.01214	0.01640	0.01356	0.00972	0.28191	0.10780	0.15384	0.02710	0.09231	0.10977	0.01009	0.00676	0.00202	0.00565	0.00825	0.00651	0.08815
20	0.01300	0.01213	0.02039	0.57868	0.16402	0.01435	0.01812	0.01721	0.01362	0.01784	0.01332	0.02101	0.01096	0.00721	0.00673	0.00221	0.00843	0.04980	0.00319	0.00778
21	0.02414	0.01800	0.01926	0.01497	0.02008	0.02000	0.01230	0.63718	0.10083	0.04007	0.01693	0.01670	0.01210	0.00801	0.00660	0.00200	0.00704	0.00608	0.00660	0.01112
22	0.01614	0.01476	0.02381	0.11641	0.52456	0.01520	0.01815	0.02170	0.09455	0.04128	0.01430	0.01745	0.01148	0.00632	0.00649	0.00198	0.00747	0.00600	0.00377	0.03819
23	0.00937	0.00708	0.00870	0.00835	0.01007	0.00662	0.00624	0.01298	0.05743	0.02435	0.52542	0.09664	0.17367	0.01422	0.00775	0.00215	0.00331	0.01244	0.00694	0.00628
24	0.01109	0.00584	0.00848	0.00845	0.00868	0.00574	0.00571	0.00888	0.00960	0.01277	0.06083	0.02438	0.05547	0.02191	0.02354	0.71009	0.00541	0.00659	0.00333	0.00323
25	0.00850	0.00660	0.00773	0.00765	0.00939	0.00583	0.00566	0.01077	0.01641	0.02160	0.36196	0.12676	0.35628	0.01561	0.00784	0.00220	0.00328	0.01347	0.00663	0.00583
26	0.01584	0.01526	0.02626	0.11923	0.63368	0.01556	0.03783	0.01985	0.01480	0.02098	0.01233	0.01647	0.01023	0.00594	0.00656	0.00199	0.00801	0.00591	0.00322	0.01004
27	0.01395	0.01026	0.01472	0.03584	0.19405	0.00998	0.01082	0.06803	0.01615	0.09083	0.11406	0.27244	0.06973	0.01271	0.00734	0.00221	0.00531	0.01137	0.00561	0.03458
28	0.01534	0.01464	0.02458	0.06975	0.63102	0.01468	0.01873	0.01907	0.01491	0.02095	0.01730	0.02064	0.07548	0.00688	0.00664	0.00199	0.00746	0.00660	0.00350	0.00984

[dist]
# distance from previous block
# <min> <max>
2	18

[block]
# block no. 6 follows, 33 sequences, length 44
# corresponding to MSA columns:
# 492-535
name=unknown_G
#
# <colnr> <probs for GDERKNQSTAVLIFYWHMCP>
#	G	D	E	R	K	N	Q	S	T	A	V	L	I	F	Y	W	H	M	C	P
0	0.01597	0.20209	0.12083	0.06559	0.09105	0.01680	0.08709	0.09063	0.03955	0.04829	0.01702	0.11050	0.01561	0.00872	0.00644	0.00204	0.00748	0.04136	0.00421	0.00874
1	0.01179	0.00971	0.04167	0.01064	0.01239	0.00998	0.00851	0.03613	0.10155	0.02070	0.05667	0.17724	0.02372	0.04429	0.14653	0.00391	0.08729	0.00936	0.18110	0.00681
2	0.01618	0.02076	0.23664	0.04193	0.02834	0.01498	0.31294	0.02196	0.03702	0.11040	0.01562	0.04927	0.01196	0.00715	0.00779	0.00221	0.04461	0.00708	0.00397	0.00920
3	0.02408	0.00997	0.01341	0.01077	0.01491	0.00869	0.00870	0.02660	0.01830	0.54560	0.14183	0.06640	0.06057	0.01007	0.00695	0.00208	0.00499	0.00845	0.00780	0.00981
4	0.01795	0.73504	0.03369	0.01155	0.01707	0.06234	0.01134	0.02005	0.01364	0.01552	0.00920	0.01063	0.00845	0.00569	0.00431	0.00142	0.00729	0.00356	0.00285	0.00841
5	0.00867	0.00633	0.00820	0.00923	0.00998	0.00605	0.00635	0.01103	0.04927	0.01899	0.15347	0.60451	0.04553	0.01881	0.00821	0.00255	0.00377	0.01698	0.00634	0.00575
6	0.00891	0.00667	0.00826	0.00796	0.00961	0.00602	0.00593	0.01159	0.01751	0.02398	0.54135	0.08816	0.21072	0.01454	0.00780	0.00214	0.00319	0.01270	0.00693	0.00602
7	0.01320	0.03405	0.73453	0.01876	0.02849	0.01529	0.02432	0.02085	0.01390	0.02085	0.01181	0.01390	0.00834	0.00625	0.00625	0.00208	0.00973	0.00486	0.00278	0.00973
8	0.00812	0.00603	0.00736	0.00835	0.00914	0.00551	0.00562	0.00928	0.01287	0.01662	0.04207	0.51880	0.20727	0.09745	0.01086	0.00295	0.00397	0.01659	0.00589	0.00526
9	0.01996	0.02369	0.01895	0.01685	0.01880	0.42687	0.01322	0.02158	0.01494	0.01597	0.00985	0.01341	0.00885	0.01029	0.04025	0.00251	0.30848	0.00495	0.00319	0.00739
10	0.00845	0.00661	0.00766	0.00757	0.00935	0.00582	0.00561	0.01068	0.01633	0.02135	0.34233	0.11844	0.38496	0.01566	0.00783	0.00220	0.00328	0.01347	0.00659	0.00582
11	0.01589	0.01523	0.02600	0.11427	0.65684	0.01554	0.02000	0.01985	0.01480	0.02102	0.01231	0.01642	0.01026	0.00594	0.00652	0.00198	0.00792	0.00586	0.00322	0.01010
12	0.01760	0.77260	0.03450	0.01126	0.01690	0.02605	0.01126	0.01971	0.01338	0.01549	0.00915	0.01056	0.00845	0.00563	0.00422	0.00141	0.00704	0.00352	0.00282	0.00845
13	0.01239	0.00689	0.00722	0.00703	0.00875	0.00697	0.00531	0.05414	0.01467	0.02432	0.02452	0.06352	0.06155	0.01067	0.03674	0.00205	0.00399	0.00727	0.63568	0.00634
14	0.01103	0.00809	0.01062	0.01077	0.01173	0.00875	0.00787	0.06590	0.01366	0.04249	0.02859	0.49026	0.03244	0.04265	0.09252	0.00361	0.09307	0.01423	0.00549	0.00624
15	0.00841	0.00618	0.00789	0.00854	0.00955	0.00566	0.00599	0.01026	0.01489	0.02005	0.26386	0.43780	0.14110	0.01777	0.00811	0.00242	0.00352	0.01585	0.00648	0.00566
16	0.02324	0.02913	0.01886	0.01700	0.01995	0.64671	0.01294	0.02491	0.01752	0.01608	0.00997	0.01221	0.00850	0.00741	0.00801	0.00185	0.11037	0.00444	0.00332	0.00758
17	0.01243	0.01170	0.01975	0.75282	0.04534	0.01463	0.01828	0.01682	0.01316	0.01682	0.01170	0.01755	0.00878	0.00658	0.00658	0.00219	0.00878	0.00585	0.00293	0.00731
18	0.81514	0.01273	0.00968	0.00866	0.01273	0.01477	0.00713	0.01935	0.01120	0.02954	0.00917	0.01069	0.00713	0.00611	0.00407	0.00204	0.00509	0.00356	0.00407	0.00713
19	0.01760	0.77260	0.03450	0.01126	0.01690	0.02605	0.01126	0.01971	0.01338	0.01549	0.00915	0.01056	0.00845	0.00563	0.00422	0.00141	0.00704	0.00352	0.00282	0.00845
20	0.01061	0.00758	0.01061	0.01212	0.01364	0.00758	0.01061	0.01364	0.01515	0.01970	0.03486	0.07426	0.03789	0.01819	0.00909	0.00303	0.00606	0.68326	0.00606	0.00606
21	0.01144	0.00572	0.00858	0.00858	0.00858	0.00572	0.00572	0.00858	0.00858	0.01144	0.01144	0.02001	0.01144	0.02287	0.02573	0.80846	0.00572	0.00572	0.00286	0.00286
22	0.07022	0.04451	0.01132	0.01107	0.07785	0.00918	0.00761	0.03613	0.01524	0.06232	0.14067	0.03281	0.11600	0.02945	0.00730	0.02470	0.00441	0.02951	0.26276	0.00694
23	0.00855	0.00625	0.00732	0.00793	0.00871	0.00581	0.00524	0.00951	0.01230	0.01580	0.03910	0.31788	0.21706	0.26896	0.01663	0.00380	0.00461	0.03415	0.00540	0.00497
24	0.02448	0.01888	0.01932	0.01508	0.02008	0.06632	0.01233	0.64074	0.02960	0.03911	0.01607	0.03838	0.01201	0.00822	0.00660	0.00198	0.00744	0.00621	0.00637	0.01079
25	0.05059	0.01781	0.01911	0.01595	0.05510	0.03970	0.01242	0.54125	0.09317	0.06316	0.01665	0.01661	0.01197	0.00781	0.00649	0.00200	0.00708	0.00596	0.00631	0.01085
26	0.01531	0.01873	0.14453	0.10542	0.20648	0.01610	0.22226	0.03861	0.10360	0.02186	0.01430	0.01745	0.01097	0.00650	0.00728	0.00214	0.02887	0.00646	0.00367	0.00945
27	0.00862	0.00625	0.00807	0.00931	0.01001	0.00590	0.00642	0.03012	0.01341	0.01773	0.03754	0.66804	0.08552	0.01989	0.00834	0.00264	0.00399	0.04652	0.00612	0.00557
28	0.01103	0.00960	0.01461	0.01247	0.01488	0.00962	0.11961	0.01560	0.08748	0.02283	0.33427	0.13802	0.10972	0.01289	0.00861	0.00226	0.05200	0.01152	0.00602	0.00695
29	0.18150	0.43721	0.02604	0.01217	0.01712	0.13911	0.03094	0.02137	0.01413	0.05448	0.01029	0.01161	0.00862	0.00604	0.00470	0.00164	0.00748	0.00393	0.00345	0.00820
30	0.04676	0.01601	0.01761	0.01451	0.01884	0.01816	0.03066	0.31469	0.35959	0.03285	0.02056	0.01986	0.01523	0.00841	0.00713	0.00214	0.03354	0.00662	0.00633	0.01047
31	0.01227	0.00614	0.00614	0.00614	0.00767	0.00614	0.00460	0.01534	0.01381	0.02454	0.02148	0.02454	0.01687	0.00767	0.00460	0.00153	0.00307	0.00614	0.80518	0.00614
32	0.00919	0.00667	0.00866	0.00828	0.00979	0.00614	0.00617	0.01214	0.01817	0.02556	0.66261	0.09080	0.08314	0.01398	0.00780	0.00211	0.00315	0.01236	0.00714	0.00614
33	0.00954	0.00650	0.00777	0.00777	0.00798	0.00670	0.00473	0.00995	0.00975	0.01320	0.02020	0.04009	0.02263	0.64365	0.15672	0.00711	0.00834	0.00914	0.00391	0.00432
34	0.01886	0.01415	0.01505	0.01370	0.03903	0.07782	0.01055	0.22539	0.10778	0.11406	0.04910	0.12152	0.05714	0.01140	0.00719	0.00223	0.00631	0.09352	0.00628	0.00894
35	0.36506	0.09255	0.20068	0.01315	0.01881	0.12131	0.01312	0.06829	0.01454	0.02487	0.01045	0.01203	0.00804	0.00632	0.00509	0.00194	0.00760	0.00416	0.00370	0.00828
36	0.01543	0.01853	0.07167	0.02732	0.03413	0.01658	0.67161	0.02108	0.01546	0.02108	0.01325	0.01758	0.00991	0.00558	0.00770	0.00221	0.01103	0.00763	0.00330	0.00892
37	0.01462	0.01393	0.02370	0.34920	0.43186	0.01520	0.01937	0.01874	0.01420	0.01948	0.01209	0.01684	0.00971	0.00618	0.00655	0.00206	0.00823	0.00586	0.00311	0.00908
38	0.00898	0.00621	0.00808	0.00900	0.00991	0.00572	0.00630	0.01058	0.01401	0.04162	0.14020	0.54501	0.10802	0.01871	0.00822	0.00254	0.00381	0.04104	0.00634	0.00571
39	0.06779	0.01383	0.01491	0.01289	0.01661	0.04547	0.03310	0.08910	0.37357	0.09930	0.04503	0.02697	0.05488	0.04719	0.00802	0.00238	0.00584	0.02750	0.00625	0.00938
40	0.00934	0.00634	0.00753	0.00775	0.00790	0.00639	0.00465	0.00970	0.01009	0.01356	0.02273	0.14566	0.02614	0.60136	0.08846	0.00619	0.00694	0.01068	0.00426	0.00434
41	0.00894	0.00669	0.00815	0.00879	0.01003	0.00629	0.00636	0.01125	0.04900	0.01845	0.11045	0.34456	0.22883	0.04013	0.00970	0.04062	0.00405	0.07599	0.00603	0.00565
42	0.04306	0.42122	0.11453	0.01389	0.01930	0.23795	0.01320	0.03730	0.01535	0.01734	0.00993	0.01148	0.00847	0.00612	0.00503	0.00161	0.00876	0.00396	0.00311	0.00838
43	0.02353	0.01753	0.01829	0.01457	0.01941	0.05271	0.01184	0.47372	0.17597	0.09500	0.01874	0.01805	0.01340	0.00809	0.00658	0.00202	0.00689	0.00623	0.00659	0.01086

[dist]
# distance from previous block
# <min> <max>
0	1

[block]
# block no. 7 follows, 33 sequences, length 58
# corresponding to MSA columns:
# 537-594
name=unknown_H
#
# <colnr> <probs for GDERKNQSTAVLIFYWHMCP>
#	G	D	E	R	K	N	Q	S	T	A	V	L	I	F	Y	W	H	M	C	P
0	0.00846	0.00689	0.00753	0.00752	0.00948	0.00611	0.00558	0.01106	0.04427	0.01980	0.19297	0.12991	0.49489	0.01611	0.00780	0.00224	0.00342	0.01372	0.00636	0.00587
1	0.01243	0.01170	0.01975	0.75282	0.04534	0.01463	0.01828	0.01682	0.01316	0.01682	0.01170	0.01755	0.00878	0.00658	0.00658	0.00219	0.00878	0.00585	0.00293	0.00731
2	0.28627	0.01132	0.01234	0.01055	0.01451	0.01158	0.00844	0.02510	0.09844	0.31786	0.02188	0.11912	0.01739	0.00925	0.00602	0.00215	0.00514	0.00734	0.00635	0.00896
3	0.01602	0.01436	0.01421	0.01281	0.01633	0.06200	0.00993	0.04851	0.55811	0.02611	0.05086	0.02833	0.09424	0.00971	0.00679	0.00219	0.00543	0.00801	0.00644	0.00962
4	0.00970	0.00687	0.00860	0.00808	0.00989	0.00620	0.00609	0.01250	0.01792	0.04870	0.57015	0.05107	0.19183	0.01391	0.00773	0.00210	0.00324	0.01212	0.00705	0.00625
5	0.01716	0.01764	0.02472	0.09282	0.54144	0.12445	0.01872	0.02069	0.01521	0.02012	0.01186	0.01566	0.00994	0.00627	0.00699	0.00197	0.03585	0.00562	0.00324	0.00964
6	0.64928	0.01362	0.03657	0.01061	0.01516	0.01436	0.05491	0.02090	0.01241	0.10478	0.01136	0.01255	0.00836	0.00630	0.00467	0.00205	0.00571	0.00422	0.00442	0.00778
7	0.00797	0.00668	0.00693	0.00687	0.00901	0.00564	0.00515	0.00981	0.01545	0.01885	0.14776	0.06161	0.64316	0.01628	0.00778	0.00220	0.00331	0.01365	0.00625	0.00564
8	0.00942	0.00700	0.01033	0.01033	0.01141	0.00809	0.00791	0.01159	0.01051	0.01509	0.01787	0.02715	0.01702	0.10305	0.68964	0.01027	0.01679	0.00724	0.00356	0.00574
9	0.01265	0.01191	0.01986	0.61604	0.13133	0.01421	0.01774	0.01682	0.01351	0.01748	0.01508	0.02013	0.05189	0.00709	0.00665	0.00216	0.00833	0.00633	0.00316	0.00761
10	0.02081	0.27152	0.11942	0.01536	0.02032	0.41342	0.01380	0.02343	0.01631	0.01654	0.01006	0.01172	0.00845	0.00634	0.00542	0.00165	0.01002	0.00409	0.00312	0.00818
11	0.81514	0.01273	0.00968	0.00866	0.01273	0.01477	0.00713	0.01935	0.01120	0.02954	0.00917	0.01069	0.00713	0.00611	0.00407	0.00204	0.00509	0.00356	0.00407	0.00713
12	0.01566	0.01600	0.05863	0.12971	0.60870	0.01550	0.02015	0.01980	0.01471	0.02088	0.01227	0.01634	0.01012	0.00597	0.00651	0.00199	0.00803	0.00582	0.00319	0.01000
13	0.01629	0.01564	0.02672	0.04041	0.72757	0.01564	0.02020	0.02020	0.01499	0.02151	0.01238	0.01629	0.01043	0.00587	0.00652	0.00196	0.00782	0.00587	0.00326	0.01043
14	0.00918	0.00718	0.00864	0.02967	0.01089	0.00670	0.00634	0.01251	0.05106	0.02286	0.41772	0.07577	0.28848	0.01439	0.00770	0.00216	0.00348	0.01243	0.00666	0.00619
15	0.03523	0.00628	0.00767	0.00847	0.00925	0.00595	0.00571	0.00999	0.01307	0.01786	0.11924	0.46726	0.11292	0.13520	0.01202	0.00311	0.00412	0.01546	0.00585	0.00532
16	0.02516	0.01822	0.01962	0.01504	0.02031	0.02009	0.01243	0.68547	0.03059	0.06215	0.01611	0.01600	0.01135	0.00791	0.00659	0.00198	0.00720	0.00595	0.00663	0.01120
17	0.74608	0.01323	0.01056	0.00922	0.01340	0.01526	0.00760	0.07933	0.01293	0.03058	0.00975	0.01114	0.00748	0.00627	0.00429	0.00203	0.00528	0.00377	0.00429	0.00748
18	0.00940	0.00705	0.01058	0.01058	0.01176	0.00823	0.00823	0.01176	0.01058	0.01528	0.01763	0.02586	0.01646	0.04937	0.74255	0.01058	0.01763	0.00705	0.00353	0.00588
19	0.00819	0.00666	0.00725	0.00716	0.00916	0.00572	0.00535	0.01021	0.01588	0.01999	0.23600	0.08009	0.53348	0.01596	0.00779	0.00220	0.00329	0.01352	0.00641	0.00572
20	0.59135	0.08007	0.01350	0.01034	0.01450	0.12338	0.00850	0.03777	0.01317	0.04411	0.00990	0.01128	0.00777	0.00627	0.00449	0.00193	0.00633	0.00380	0.00403	0.00752
21	0.01567	0.16781	0.48365	0.01793	0.05055	0.11629	0.02021	0.02136	0.01449	0.01925	0.01113	0.01310	0.00845	0.00620	0.00585	0.00190	0.00946	0.00457	0.00289	0.00924
22	0.02071	0.09632	0.07229	0.02168	0.14787	0.31034	0.09357	0.11997	0.01857	0.02150	0.01174	0.01390	0.00937	0.00649	0.00620	0.00184	0.00980	0.00514	0.00372	0.00900
23	0.01637	0.01414	0.01489	0.01340	0.01712	0.01637	0.01042	0.03498	0.71568	0.02754	0.02679	0.02456	0.02010	0.00893	0.00670	0.00223	0.00521	0.00744	0.00670	0.01042
24	0.01444	0.01375	0.02338	0.38173	0.40071	0.01516	0.01928	0.01858	0.01412	0.01926	0.01206	0.01690	0.00964	0.00621	0.00655	0.00207	0.00828	0.00586	0.00310	0.00894
25	0.00851	0.00670	0.00769	0.00744	0.00934	0.00587	0.00558	0.01087	0.01674	0.02190	0.38045	0.05659	0.40858	0.01514	0.00777	0.00215	0.00323	0.01295	0.00665	0.00587
26	0.00877	0.00671	0.00804	0.00771	0.00950	0.00598	0.00578	0.01137	0.01735	0.02334	0.49100	0.05420	0.29712	0.01460	0.00777	0.00212	0.00319	0.01261	0.00684	0.00598
27	0.00956	0.00645	0.00752	0.00752	0.00764	0.00657	0.00442	0.00979	0.00967	0.01302	0.02043	0.04135	0.02318	0.69627	0.10484	0.00680	0.00751	0.00932	0.00394	0.00418
28	0.01364	0.01167	0.01943	0.70037	0.04332	0.01428	0.01767	0.01790	0.01357	0.06744	0.01271	0.01790	0.00931	0.00669	0.00658	0.00218	0.00855	0.00590	0.00329	0.00759
29	0.02503	0.01844	0.01976	0.01515	0.02042	0.02042	0.01251	0.70562	0.03095	0.04149	0.01581	0.01581	0.01120	0.00790	0.00659	0.00198	0.00724	0.00593	0.00659	0.01120
30	0.01337	0.06178	0.70825	0.01848	0.02806	0.01569	0.02383	0.02081	0.01388	0.02065	0.01171	0.01377	0.00834	0.00623	0.00618	0.00206	0.00963	0.00481	0.00278	0.00968
31	0.02503	0.01844	0.01976	0.01515	0.02042	0.02042	0.01251	0.70562	0.03095	0.04149	0.01581	0.01581	0.01120	0.00790	0.00659	0.00198	0.00724	0.00593	0.00659	0.01120
32	0.02933	0.01153	0.01548	0.01187	0.01697	0.01016	0.00980	0.06265	0.01939	0.70079	0.02551	0.02211	0.01606	0.00814	0.00662	0.00203	0.00568	0.00659	0.00808	0.01120
33	0.01327	0.01255	0.02125	0.59888	0.19275	0.01485	0.01870	0.01755	0.01356	0.01783	0.01185	0.01728	0.00913	0.00643	0.00657	0.00214	0.00857	0.00585	0.00300	0.00799
34	0.00815	0.00594	0.00772	0.00909	0.00973	0.00551	0.00627	0.00947	0.01301	0.01708	0.03936	0.64926	0.11407	0.02006	0.00838	0.00265	0.00391	0.05883	0.00611	0.00541
35	0.00814	0.00658	0.00726	0.00746	0.00931	0.00570	0.00555	0.01000	0.01519	0.01893	0.15299	0.15893	0.50972	0.01683	0.00792	0.00230	0.00348	0.04178	0.00627	0.00564
36	0.00957	0.00638	0.00718	0.00718	0.00718	0.00638	0.00399	0.00957	0.00957	0.01276	0.02074	0.04308	0.02393	0.76864	0.03351	0.00638	0.00638	0.00957	0.00399	0.00399
37	0.00824	0.00597	0.00784	0.00925	0.00988	0.00557	0.00645	0.00961	0.01302	0.01715	0.03846	0.64668	0.09470	0.02010	0.00842	0.00267	0.00399	0.08045	0.00611	0.00543
38	0.00795	0.00668	0.00690	0.00684	0.00899	0.00563	0.00513	0.00977	0.01540	0.01871	0.13745	0.06183	0.65356	0.01633	0.00778	0.00221	0.00331	0.01368	0.00624	0.00563
39	0.01554	0.01776	0.03885	0.02775	0.03441	0.01665	0.70366	0.02109	0.01554	0.02109	0.01332	0.01776	0.00999	0.00555	0.00777	0.00222	0.01110	0.00777	0.00333	0.00888
40	0.00778	0.00667	0.00667	0.00667	0.00889	0.00556	0.00500	0.00945	0.01501	0.01778	0.06669	0.06336	0.72490	0.01667	0.00778	0.00222	0.00333	0.01389	0.00611	0.00556
41	0.01637	0.01414	0.01489	0.01340	0.01712	0.01637	0.01042	0.03498	0.71568	0.02754	0.02679	0.02456	0.02010	0.00893	0.00670	0.00223	0.00521	0.00744	0.00670	0.01042
42	0.01646	0.40544	0.29073	0.01525	0.02225	0.08031	0.04826	0.02073	0.01410	0.01777	0.01041	0.01223	0.00848	0.00595	0.00527	0.00172	0.00861	0.00427	0.00287	0.00887
43	0.01320	0.03405	0.73453	0.01876	0.02849	0.01529	0.02432	0.02085	0.01390	0.02085	0.01181	0.01390	0.00834	0.00625	0.00625	0.00208	0.00973	0.00486	0.00278	0.00973
44	0.01061	0.00758	0.01061	0.01212	0.01364	0.00758	0.01061	0.01364	0.01515	0.01970	0.03486	0.07426	0.03789	0.01819	0.00909	0.00303	0.00606	0.68326	0.00606	0.00606
45	0.01144	0.00572	0.00858	0.00858	0.00858	0.00572	0.00572	0.00858	0.00858	0.01144	0.01144	0.02001	0.01144	0.02287	0.02573	0.80846	0.00572	0.00572	0.00286	0.00286
46	0.01919	0.05663	0.02019	0.01678	0.01866	0.31501	0.01349	0.05158	0.01468	0.01710	0.00962	0.01326	0.00868	0.00915	0.01373	0.00229	0.38405	0.00504	0.00325	0.00762
47	0.00957	0.00638	0.00718	0.00718	0.00718	0.00638	0.00399	0.00957	0.00957	0.01276	0.02074	0.04308	0.02393	0.76864	0.03351	0.00638	0.00638	0.00957	0.00399	0.00399
48	0.01393	0.15667	0.61830	0.01752	0.02657	0.01708	0.02216	0.02066	0.01381	0.01996	0.01137	0.01334	0.00836	0.00615	0.00592	0.00197	0.00928	0.00464	0.00279	0.00952
49	0.01382	0.03185	0.63916	0.01959	0.02886	0.01559	0.09513	0.04241	0.01461	0.02152	0.01210	0.01436	0.00860	0.00623	0.00642	0.00210	0.00979	0.00520	0.00296	0.00969
50	0.02179	0.02272	0.01791	0.01625	0.04280	0.34618	0.01225	0.17557	0.20413	0.02493	0.01666	0.01828	0.01316	0.00794	0.00640	0.00195	0.00879	0.02808	0.00504	0.00918
51	0.81514	0.01273	0.00968	0.00866	0.01273	0.01477	0.00713	0.01935	0.01120	0.02954	0.00917	0.01069	0.00713	0.00611	0.00407	0.00204	0.00509	0.00356	0.00407	0.00713
52	0.01366	0.11078	0.66181	0.01798	0.02729	0.01641	0.02297	0.02073	0.01384	0.02029	0.01154	0.01355	0.00835	0.00619	0.00604	0.00201	0.00945	0.00472	0.00278	0.00960
53	0.01411	0.01697	0.09587	0.02554	0.15484	0.01441	0.39544	0.01888	0.01519	0.02057	0.02227	0.02505	0.13403	0.00760	0.00740	0.00216	0.00903	0.00822	0.00375	0.00866
54	0.01042	0.00802	0.00965	0.01020	0.01155	0.00834	0.00741	0.01574	0.17389	0.01917	0.03311	0.38551	0.06613	0.09403	0.03740	0.00325	0.00513	0.08862	0.00593	0.00648
55	0.00957	0.00638	0.00718	0.00718	0.00718	0.00638	0.00399	0.00957	0.00957	0.01276	0.02074	0.04308	0.02393	0.76864	0.03351	0.00638	0.00638	0.00957	0.00399	0.00399
56	0.01437	0.01532	0.02959	0.02238	0.02637	0.01650	0.40981	0.01830	0.01329	0.01878	0.01257	0.01791	0.01049	0.01329	0.11273	0.00356	0.22645	0.00709	0.00323	0.00798
57	0.01629	0.01564	0.02672	0.04041	0.72757	0.01564	0.02020	0.02020	0.01499	0.02151	0.01238	0.01629	0.01043	0.00587	0.00652	0.00196	0.00782	0.00587	0.00326	0.01043

[dist]
# distance from previous block
# <min> <max>
0	11

[block]
# block no. 8 follows, 33 sequences, length 22
# corresponding to MSA columns:
# 606-627
name=unknown_I
#
# <colnr> <probs for GDERKNQSTAVLIFYWHMCP>
#	G	D	E	R	K	N	Q	S	T	A	V	L	I	F	Y	W	H	M	C	P
0	0.01538	0.01534	0.04816	0.15897	0.56882	0.01522	0.01973	0.01946	0.01465	0.02064	0.01291	0.01813	0.01089	0.00636	0.00660	0.00203	0.00799	0.02570	0.00327	0.00975
