[name]
unknown

[dist]
# distance from previous block
# <min> <max>
57	184

[block]
# block no. 0 follows, 31 sequences, length 49
# corresponding to MSA columns:
# 212-260
name=unknown_A
#
# <colnr> <probs for GDERKNQSTAVLIFYWHMCP>
#	G	D	E	R	K	N	Q	S	T	A	V	L	I	F	Y	W	H	M	C	P
0	0.16737	0.15709	0.11089	0.04001	0.07843	0.09804	0.03988	0.11114	0.01654	0.02410	0.01221	0.03521	0.01021	0.00744	0.00706	0.00205	0.06413	0.00534	0.00393	0.00894
1	0.17273	0.12128	0.06186	0.06528	0.04982	0.09433	0.01254	0.10934	0.12222	0.02577	0.03992	0.01677	0.01296	0.00747	0.00634	0.00200	0.02841	0.00545	0.00461	0.04090
2	0.11037	0.09594	0.03578	0.01333	0.01767	0.07635	0.04300	0.19354	0.05300	0.05115	0.07870	0.04621	0.06182	0.01182	0.05474	0.00261	0.00765	0.00712	0.00535	0.03386
3	0.08094	0.10618	0.13645	0.01464	0.02017	0.11338	0.04195	0.09448	0.07746	0.06145	0.03424	0.01711	0.01279	0.00987	0.05220	0.00245	0.00857	0.00551	0.00451	0.10563
4	0.05157	0.13675	0.10082	0.09933	0.09101	0.12116	0.07170	0.06663	0.08820	0.07170	0.01470	0.01660	0.01126	0.00782	0.02043	0.00218	0.00882	0.00568	0.00424	0.00940
5	0.12319	0.30791	0.12715	0.01319	0.01892	0.04012	0.01298	0.12339	0.03804	0.04973	0.01591	0.01848	0.04102	0.00766	0.00565	0.00191	0.00731	0.03398	0.00433	0.00914
6	0.06925	0.05854	0.21726	0.08752	0.02530	0.12256	0.09286	0.02175	0.07156	0.02134	0.04797	0.05281	0.01543	0.00843	0.00720	0.00220	0.02995	0.03541	0.00401	0.00864
7	0.19564	0.19393	0.22706	0.01388	0.02017	0.01733	0.03746	0.05241	0.01541	0.07215	0.08155	0.01735	0.01470	0.00725	0.00575	0.00199	0.00733	0.00543	0.00425	0.00898
8	0.01692	0.36284	0.11222	0.01397	0.04415	0.01999	0.01302	0.04589	0.03824	0.03727	0.01263	0.01470	0.01054	0.00812	0.02868	0.00201	0.06444	0.00474	0.05401	0.09560
9	0.01829	0.76368	0.03585	0.01171	0.01756	0.02707	0.01171	0.02049	0.01390	0.01610	0.00951	0.01097	0.00878	0.00585	0.00439	0.00146	0.00732	0.00366	0.00293	0.00878
10	0.01083	0.00752	0.00918	0.00939	0.01088	0.00722	0.00673	0.01412	0.07591	0.05933	0.16831	0.31653	0.14097	0.09488	0.01101	0.00293	0.00434	0.03696	0.00652	0.00644
11	0.06022	0.01170	0.01566	0.01205	0.01730	0.01026	0.00995	0.03284	0.01928	0.69538	0.02633	0.02282	0.01657	0.00839	0.00678	0.00212	0.00580	0.00676	0.00831	0.01148
12	0.01710	0.01702	0.05249	0.18180	0.37949	0.05629	0.05017	0.08565	0.01693	0.02312	0.01338	0.01725	0.01063	0.00659	0.00672	0.00207	0.00853	0.00607	0.03891	0.00977
13	0.09106	0.01627	0.01741	0.01333	0.01881	0.01677	0.01090	0.39473	0.05689	0.03492	0.01505	0.01570	0.01124	0.00713	0.00607	0.00175	0.00647	0.00537	0.00576	0.25437
14	0.01653	0.01596	0.02541	0.17656	0.29756	0.05565	0.13099	0.05794	0.01611	0.02216	0.01361	0.01783	0.01084	0.00677	0.00745	0.00212	0.03915	0.00635	0.07175	0.00926
15	0.11477	0.00860	0.01049	0.01006	0.01187	0.00959	0.00771	0.05133	0.01291	0.02012	0.04912	0.02936	0.05715	0.11760	0.41383	0.00756	0.01254	0.00765	0.04137	0.00637
16	0.01275	0.00847	0.01178	0.01260	0.01429	0.00867	0.01073	0.01556	0.01549	0.08191	0.03382	0.13446	0.03603	0.01778	0.00998	0.00301	0.05311	0.50646	0.00629	0.00678
17	0.01830	0.00951	0.01272	0.01206	0.01511	0.00894	0.01016	0.04761	0.01763	0.27042	0.03433	0.08776	0.07346	0.01479	0.00831	0.00267	0.00589	0.33491	0.00710	0.00834
18	0.01648	0.01579	0.02695	0.12118	0.64124	0.01614	0.02077	0.02060	0.01536	0.02180	0.01279	0.01708	0.01064	0.00618	0.00678	0.00206	0.00824	0.00609	0.00335	0.01047
19	0.11953	0.02003	0.01914	0.01516	0.02025	0.10414	0.01236	0.53498	0.02821	0.03853	0.01491	0.01531	0.01080	0.00785	0.00645	0.00203	0.00783	0.00566	0.00614	0.01069
20	0.00841	0.00683	0.00716	0.00724	0.00910	0.00590	0.00519	0.00995	0.01487	0.01814	0.08916	0.10630	0.55487	0.11274	0.01156	0.00289	0.00389	0.01409	0.00612	0.00558
21	0.02189	0.00969	0.01306	0.01068	0.01443	0.00855	0.00855	0.02478	0.01949	0.43079	0.31452	0.03494	0.03688	0.01078	0.00738	0.00213	0.00473	0.00918	0.00808	0.00947
22	0.74980	0.03696	0.01125	0.00945	0.01371	0.04687	0.00779	0.02044	0.01205	0.02964	0.00957	0.01116	0.00751	0.00637	0.00432	0.00208	0.00566	0.00373	0.00416	0.00747
23	0.00841	0.00599	0.00792	0.00943	0.00981	0.00561	0.00625	0.00955	0.01295	0.01727	0.03695	0.72191	0.04430	0.05592	0.00995	0.00296	0.00409	0.01901	0.00625	0.00549
24	0.00832	0.00600	0.00789	0.00940	0.00989	0.00557	0.00630	0.00954	0.01322	0.01751	0.03921	0.72222	0.07715	0.02124	0.00870	0.00276	0.00395	0.01921	0.00635	0.00557
25	0.07582	0.01436	0.01532	0.01341	0.01755	0.01616	0.01056	0.05912	0.54204	0.11828	0.02600	0.02387	0.01907	0.00893	0.00675	0.00227	0.00554	0.00728	0.00695	0.01072
26	0.01824	0.01442	0.01551	0.01377	0.01776	0.01639	0.01076	0.03608	0.64305	0.09082	0.02777	0.02532	0.02053	0.00921	0.00695	0.00230	0.00545	0.00766	0.00710	0.01090
27	0.03070	0.01164	0.01588	0.01217	0.01746	0.01006	0.01006	0.03334	0.01958	0.72163	0.02699	0.02329	0.01694	0.00847	0.00688	0.00212	0.00582	0.00688	0.00847	0.01164
28	0.02601	0.01916	0.02053	0.01574	0.02122	0.02122	0.01300	0.69408	0.03217	0.04312	0.01643	0.01643	0.01163	0.00821	0.00684	0.00205	0.00753	0.00616	0.00684	0.01163
29	0.01088	0.00740	0.00994	0.01001	0.01170	0.00699	0.00799	0.01397	0.01800	0.05277	0.45000	0.08854	0.05413	0.01559	0.00847	0.00248	0.00430	0.21313	0.00714	0.00658
30	0.00992	0.00730	0.01075	0.01079	0.01205	0.00835	0.00842	0.01245	0.01170	0.01695	0.05289	0.03001	0.02031	0.04673	0.64375	0.00993	0.01660	0.03401	0.03093	0.00614
31	0.02464	0.01026	0.01365	0.01092	0.01519	0.00896	0.00885	0.02735	0.01904	0.51924	0.15197	0.03106	0.06977	0.00999	0.00707	0.00211	0.00508	0.00832	0.04645	0.01009
32	0.76398	0.01432	0.01058	0.00948	0.01368	0.05558	0.00774	0.02052	0.01208	0.02991	0.00958	0.01118	0.00749	0.00639	0.00434	0.00210	0.00569	0.00374	0.00419	0.00744
33	0.01025	0.00748	0.01003	0.01137	0.01290	0.00727	0.00957	0.01293	0.01538	0.01979	0.04120	0.16491	0.13768	0.01901	0.00916	0.00298	0.00558	0.49008	0.00631	0.00613
34	0.17837	0.26109	0.16884	0.06654	0.02254	0.13521	0.04024	0.02160	0.01451	0.02063	0.01061	0.01274	0.00857	0.00635	0.00540	0.00188	0.00858	0.00442	0.00331	0.00857
35	0.04485	0.34463	0.14107	0.01596	0.05945	0.15079	0.01453	0.09459	0.01703	0.02094	0.01277	0.01426	0.02896	0.00678	0.00555	0.00177	0.00858	0.00473	0.00362	0.00914
36	0.01893	0.01126	0.01659	0.01353	0.01742	0.01049	0.10740	0.08677	0.01834	0.26088	0.05830	0.16508	0.13073	0.01244	0.00773	0.00234	0.00604	0.04013	0.00674	0.00885
37	0.08037	0.04351	0.12940	0.05745	0.06836	0.01744	0.34181	0.02182	0.05852	0.02212	0.01341	0.01706	0.01034	0.00681	0.00861	0.00229	0.08123	0.00672	0.00358	0.00914
38	0.06110	0.10992	0.21766	0.12328	0.02763	0.13762	0.11001	0.04009	0.01603	0.02114	0.06210	0.01729	0.01303	0.00704	0.00646	0.00205	0.00938	0.00583	0.00362	0.00873
39	0.04642	0.01276	0.07143	0.01329	0.04973	0.01033	0.01086	0.04670	0.01753	0.33542	0.08072	0.05988	0.04439	0.05220	0.00864	0.00242	0.00600	0.06482	0.00665	0.05981
40	0.02010	0.09886	0.25754	0.01805	0.04931	0.14761	0.03900	0.13789	0.04640	0.07911	0.01416	0.01544	0.01049	0.00721	0.00686	0.00203	0.03030	0.00540	0.00432	0.00992
41	0.03725	0.21007	0.20949	0.01733	0.04913	0.05805	0.10037	0.06106	0.01607	0.06943	0.02704	0.01776	0.03400	0.00982	0.05236	0.00253	0.00925	0.00581	0.00392	0.00924
42	0.01087	0.05934	0.09282	0.01083	0.01336	0.04331	0.00918	0.01371	0.03425	0.01910	0.09549	0.35119	0.14285	0.04436	0.00887	0.00259	0.00534	0.03027	0.00564	0.00663
43	0.10674	0.07490	0.05559	0.01190	0.01664	0.01372	0.01034	0.10791	0.09014	0.26608	0.05931	0.02415	0.06134	0.00878	0.00637	0.00206	0.00583	0.00690	0.06151	0.00978
44	0.03773	0.05237	0.17758	0.04949	0.02777	0.09107	0.22868	0.11832	0.08474	0.02475	0.01510	0.01833	0.01158	0.00713	0.00700	0.00217	0.00960	0.02282	0.00421	0.00958
45	0.06215	0.34695	0.06744	0.01563	0.04778	0.09897	0.07711	0.07510	0.01656	0.02127	0.06965	0.01703	0.02557	0.00725	0.00613	0.00183	0.02542	0.00549	0.00389	0.00877
46	0.01433	0.13483	0.18355	0.01335	0.01798	0.01333	0.03241	0.06550	0.01623	0.06614	0.09665	0.22614	0.04326	0.01224	0.00719	0.00225	0.00653	0.03469	0.00520	0.00820
47	0.01764	0.17325	0.08655	0.01339	0.03699	0.01625	0.01169	0.16678	0.03950	0.06449	0.04865	0.08028	0.04270	0.02361	0.00722	0.00202	0.02613	0.00716	0.05546	0.08024
48	0.14167	0.08157	0.26168	0.01486	0.02064	0.03791	0.03575	0.07956	0.01549	0.02355	0.01770	0.11735	0.03465	0.00950	0.00709	0.00221	0.03734	0.02994	0.00421	0.02732

[dist]
# distance from previous block
# <min> <max>
9	167

[block]
# block no. 1 follows, 31 sequences, length 21
# corresponding to MSA columns:
# 430-450
name=unknown_B
#
# <colnr> <probs for GDERKNQSTAVLIFYWHMCP>
#	G	D	E	R	K	N	Q	S	T	A	V	L	I	F	Y	W	H	M	C	P
0	0.01695	0.13840	0.08538	0.03557	0.03635	0.01574	0.02993	0.15785	0.01782	0.05470	0.06489	0.05596	0.01751	0.08429	0.03446	0.00270	0.04022	0.00696	0.00477	0.09955
1	0.08630	0.03779	0.01584	0.07994	0.04267	0.08495	0.01093	0.07613	0.16569	0.07787	0.01967	0.04522	0.01648	0.05500	0.00816	0.00234	0.00672	0.04223	0.04051	0.08556
2	0.04959	0.01284	0.01727	0.01704	0.11001	0.01334	0.04231	0.14159	0.01741	0.06219	0.04192	0.21163	0.02156	0.01143	0.00889	0.00223	0.09161	0.00957	0.00529	0.11230
3	0.01811	0.09839	0.11514	0.01535	0.04128	0.01538	0.07071	0.15720	0.07588	0.10811	0.06631	0.06455	0.08338	0.03019	0.00771	0.00225	0.00698	0.00809	0.00558	0.00942
4	0.01953	0.01817	0.05905	0.03933	0.13822	0.04764	0.10108	0.25566	0.13698	0.03050	0.06887	0.02065	0.01650	0.00799	0.00705	0.00213	0.00784	0.00699	0.00547	0.01034
5	0.05356	0.01435	0.05621	0.38088	0.09415	0.05806	0.01590	0.01968	0.03897	0.06807	0.08419	0.05390	0.01719	0.00830	0.00686	0.00221	0.00793	0.00714	0.00425	0.00822
6	0.01702	0.08191	0.06897	0.21747	0.30913	0.10325	0.04865	0.03686	0.01575	0.02030	0.01221	0.01612	0.00983	0.00645	0.00656	0.00204	0.00909	0.00571	0.00333	0.00937
7	0.01735	0.24168	0.02318	0.06037	0.02019	0.01724	0.03602	0.12854	0.01706	0.02347	0.01211	0.01400	0.00991	0.00596	0.00538	0.00145	0.00666	0.00456	0.00408	0.35080
8	0.01815	0.01496	0.01550	0.01368	0.01764	0.04605	0.01066	0.06813	0.53367	0.07088	0.02625	0.05930	0.02035	0.00948	0.00692	0.00223	0.00576	0.00786	0.00674	0.04577
9	0.08279	0.00673	0.00804	0.00922	0.01016	0.00649	0.00634	0.01054	0.01321	0.01880	0.03821	0.61747	0.10802	0.01962	0.00825	0.00267	0.00404	0.01749	0.00615	0.00575
10	0.00995	0.00663	0.00746	0.00746	0.00746	0.00663	0.00415	0.00995	0.00995	0.01327	0.02156	0.04477	0.02487	0.75957	0.03482	0.00663	0.00663	0.00995	0.00415	0.00415
11	0.01801	0.30335	0.31775	0.01599	0.02333	0.09164	0.01763	0.09944	0.01678	0.02159	0.01156	0.01318	0.00907	0.00651	0.00572	0.00185	0.00900	0.00460	0.00342	0.00958
12	0.00894	0.00660	0.00780	0.00838	0.00938	0.00610	0.00575	0.01025	0.01361	0.01757	0.09083	0.28253	0.23206	0.21015	0.01528	0.00362	0.00460	0.05531	0.00586	0.00537
13	0.02467	0.01752	0.01899	0.01473	0.01965	0.01917	0.01197	0.59077	0.02929	0.07661	0.01750	0.01960	0.01323	0.08270	0.00962	0.00251	0.00735	0.00657	0.00666	0.01089
14	0.00995	0.00789	0.01036	0.01144	0.07999	0.00723	0.00754	0.01284	0.01792	0.02440	0.46149	0.05189	0.24318	0.01415	0.00795	0.00218	0.00378	0.01234	0.00679	0.00670
15	0.01247	0.02056	0.32016	0.01403	0.01977	0.01220	0.01521	0.02022	0.12852	0.02424	0.23360	0.03249	0.09757	0.01030	0.00721	0.00220	0.00659	0.00865	0.00531	0.00869
16	0.06422	0.01223	0.01488	0.07404	0.03556	0.01074	0.00995	0.05343	0.01536	0.05439	0.01537	0.02140	0.01328	0.00706	0.00583	0.00154	0.00579	0.07296	0.00454	0.50744
17	0.01856	0.02155	0.09614	0.01988	0.12812	0.23804	0.03729	0.02422	0.11802	0.05095	0.09044	0.05623	0.01899	0.00885	0.00758	0.00211	0.04228	0.00711	0.00468	0.00895
18	0.11673	0.09274	0.09339	0.04402	0.16476	0.05343	0.03504	0.05099	0.05553	0.04872	0.01560	0.01879	0.02927	0.04759	0.00816	0.00225	0.03440	0.00587	0.03756	0.04516
19	0.01859	0.31287	0.09640	0.03416	0.07149	0.03641	0.04331	0.05406	0.01611	0.12460	0.03503	0.09684	0.01583	0.00841	0.00611	0.00193	0.00733	0.00682	0.00451	0.00919
20	0.06390	0.01803	0.10547	0.01571	0.06209	0.08620	0.01306	0.17311	0.03395	0.19466	0.05224	0.05602	0.04126	0.00945	0.00692	0.00216	0.00725	0.04269	0.00601	0.00980

[dist]
# distance from previous block
# <min> <max>
3	58

[block]
# block no. 2 follows, 31 sequences, length 13
# corresponding to MSA columns:
# 509-521
name=unknown_C
#
# <colnr> <probs for GDERKNQSTAVLIFYWHMCP>
#	G	D	E	R	K	N	Q	S	T	A	V	L	I	F	Y	W	H	M	C	P
0	0.01110	0.00940	0.01415	0.08587	0.04328	0.00953	0.07940	0.01469	0.05161	0.02010	0.16195	0.08268	0.14111	0.12722	0.09166	0.00392	0.00733	0.03304	0.00525	0.00671
1	0.01641	0.05067	0.21732	0.06245	0.15993	0.04307	0.05566	0.08685	0.06715	0.03676	0.01510	0.01973	0.01239	0.08553	0.01034	0.03257	0.00852	0.00629	0.00399	0.00927
2	0.01750	0.01517	0.02325	0.11041	0.36744	0.05529	0.06377	0.02159	0.03916	0.09329	0.01640	0.02273	0.01385	0.07306	0.00942	0.00253	0.00818	0.03325	0.00419	0.00951
3	0.00855	0.00608	0.00802	0.00932	0.00980	0.00570	0.00623	0.00985	0.01346	0.01809	0.09592	0.65184	0.04575	0.06402	0.01020	0.00295	0.00406	0.01827	0.00632	0.00555
4	0.01375	0.01163	0.01689	0.24771	0.04943	0.01276	0.05461	0.11307	0.05628	0.02285	0.07392	0.17130	0.07331	0.04142	0.00860	0.00251	0.00684	0.01018	0.00511	0.00781
5	0.09953	0.04372	0.15145	0.05176	0.22123	0.01716	0.10191	0.14028	0.04139	0.02642	0.01419	0.03519	0.01127	0.00705	0.00662	0.00212	0.00832	0.00624	0.00418	0.00997
6	0.01452	0.01342	0.01999	0.14404	0.24116	0.01535	0.01541	0.02039	0.12591	0.02095	0.04589	0.02322	0.05470	0.01266	0.07320	0.00309	0.13588	0.00717	0.00420	0.00884
7	0.00992	0.00667	0.00764	0.00758	0.00775	0.00661	0.00438	0.01026	0.01093	0.01473	0.09327	0.04543	0.02899	0.68227	0.03205	0.00617	0.00628	0.01020	0.00450	0.00438
8	0.13260	0.06819	0.04845	0.01861	0.10891	0.22527	0.08281	0.02186	0.04290	0.02131	0.01606	0.07027	0.03215	0.00817	0.00657	0.00203	0.02336	0.00654	0.05568	0.00828
9	0.00890	0.00666	0.00848	0.00936	0.01049	0.00593	0.00643	0.01032	0.01343	0.01804	0.03791	0.62049	0.10030	0.01943	0.00831	0.00256	0.00404	0.01747	0.00612	0.08533
10	0.05138	0.25710	0.02538	0.01676	0.08951	0.07319	0.03570	0.19765	0.01908	0.02527	0.01247	0.01442	0.01020	0.00847	0.03410	0.00212	0.03184	0.00502	0.00426	0.08608
11	0.01609	0.11658	0.35234	0.02049	0.09306	0.04533	0.08380	0.06052	0.01571	0.02200	0.01219	0.01468	0.00937	0.00652	0.00692	0.00199	0.03749	0.00527	0.00335	0.07631
12	0.10119	0.28006	0.16917	0.01565	0.02191	0.12041	0.07230	0.07771	0.01647	0.05007	0.01187	0.01347	0.00932	0.00650	0.00567	0.00186	0.00870	0.00476	0.00373	0.00918

[dist]
# distance from previous block
# <min> <max>
0	1

[block]
# block no. 3 follows, 31 sequences, length 38
# corresponding to MSA columns:
# 523-560
name=unknown_D
#
# <colnr> <probs for GDERKNQSTAVLIFYWHMCP>
#	G	D	E	R	K	N	Q	S	T	A	V	L	I	F	Y	W	H	M	C	P
0	0.01505	0.24673	0.52439	0.01724	0.02611	0.01913	0.02134	0.02132	0.01429	0.02005	0.01147	0.01344	0.00870	0.00631	0.00589	0.00196	0.00930	0.00465	0.00290	0.00972
1	0.01563	0.01873	0.14529	0.02232	0.19261	0.04392	0.07698	0.05185	0.11922	0.02287	0.02096	0.02342	0.08272	0.03755	0.00853	0.00228	0.03493	0.00710	0.00436	0.06873
2	0.00977	0.00669	0.00832	0.00883	0.00948	0.00667	0.00604	0.01107	0.01231	0.01691	0.05918	0.21018	0.05724	0.32151	0.10133	0.00518	0.00681	0.07941	0.05784	0.00523
3	0.00986	0.00720	0.00930	0.00917	0.01093	0.00647	0.02494	0.01210	0.01626	0.04876	0.26180	0.25495	0.25046	0.01681	0.00826	0.00241	0.00393	0.03339	0.00673	0.00627
4	0.13939	0.01685	0.11683	0.05539	0.17086	0.08032	0.01417	0.01897	0.03218	0.02143	0.01574	0.07405	0.01410	0.01664	0.15079	0.00388	0.00986	0.00673	0.03359	0.00825
5	0.03794	0.24677	0.27179	0.05696	0.05916	0.04668	0.06280	0.04602	0.01486	0.02027	0.01133	0.01395	0.00905	0.00678	0.00724	0.00201	0.06895	0.00500	0.00319	0.00924
6	0.01281	0.00949	0.01266	0.01134	0.01314	0.01022	0.04416	0.12007	0.01450	0.02014	0.01966	0.05620	0.01936	0.26380	0.30239	0.00706	0.01142	0.00841	0.03666	0.00652
7	0.01824	0.01463	0.01608	0.01264	0.01767	0.01462	0.01007	0.22465	0.19409	0.02969	0.01788	0.01926	0.01404	0.04484	0.00757	0.00194	0.00597	0.00591	0.00563	0.32459
8	0.11619	0.01088	0.01254	0.01026	0.01422	0.01064	0.00831	0.09541	0.01824	0.33882	0.02227	0.02186	0.01545	0.00803	0.00587	0.00194	0.00507	0.00626	0.26834	0.00940
9	0.01174	0.00599	0.00880	0.00880	0.00880	0.00599	0.00580	0.00899	0.00899	0.01199	0.01262	0.02262	0.01287	0.07984	0.02735	0.74042	0.00599	0.00625	0.00306	0.00306
10	0.00867	0.00640	0.00807	0.00931	0.01004	0.00603	0.00630	0.01053	0.03777	0.01783	0.04037	0.62542	0.11974	0.04695	0.00953	0.00285	0.00406	0.01812	0.00629	0.00572
11	0.00834	0.00595	0.00794	0.00953	0.00992	0.00556	0.00635	0.00953	0.01310	0.01746	0.03771	0.75510	0.04525	0.02143	0.00873	0.00278	0.00397	0.01945	0.00635	0.00556
12	0.01565	0.01520	0.02660	0.25301	0.45894	0.01602	0.07492	0.02001	0.01505	0.02084	0.01273	0.01745	0.01028	0.00629	0.00690	0.00213	0.00870	0.00625	0.00329	0.00973
13	0.01762	0.65606	0.13756	0.01286	0.01934	0.02542	0.01371	0.02066	0.01398	0.01692	0.00992	0.01149	0.00876	0.00595	0.00470	0.00157	0.00773	0.00386	0.00292	0.00898
14	0.00924	0.00687	0.00860	0.00839	0.01001	0.00624	0.00621	0.01198	0.01801	0.02473	0.52278	0.12616	0.18475	0.01538	0.00814	0.00225	0.00335	0.01349	0.00719	0.00624
15	0.00864	0.00617	0.00829	0.00988	0.01041	0.00582	0.00688	0.01005	0.01340	0.01781	0.03754	0.67801	0.04458	0.02115	0.00881	0.00282	0.00423	0.09352	0.00634	0.00564
16	0.00858	0.00691	0.00764	0.00755	0.00957	0.00597	0.00563	0.01074	0.01662	0.02114	0.26207	0.09221	0.48835	0.01650	0.00811	0.00228	0.00342	0.01404	0.00671	0.00597
17	0.01615	0.01845	0.04037	0.02884	0.03576	0.01730	0.69204	0.02191	0.01615	0.02191	0.01384	0.01845	0.01038	0.00577	0.00807	0.00231	0.01153	0.00807	0.00346	0.00923
18	0.80789	0.01323	0.01006	0.00900	0.01323	0.01535	0.00741	0.02011	0.01164	0.03070	0.00953	0.01111	0.00741	0.00635	0.00423	0.00212	0.00529	0.00370	0.00423	0.00741
19	0.01580	0.01641	0.02222	0.09829	0.08863	0.09347	0.06697	0.01828	0.01270	0.01754	0.01083	0.01626	0.00979	0.01242	0.06242	0.00316	0.41763	0.00609	0.00317	0.00790
20	0.01048	0.00766	0.00885	0.00885	0.01082	0.00703	0.00658	0.05542	0.01652	0.04815	0.12469	0.25911	0.35150	0.01727	0.00819	0.00244	0.00405	0.03937	0.00659	0.00641
21	0.00956	0.00677	0.00835	0.00847	0.00910	0.00687	0.00559	0.01057	0.01156	0.01556	0.06520	0.11166	0.09463	0.41388	0.18660	0.00658	0.00853	0.01084	0.00465	0.00501
22	0.00851	0.00643	0.00787	0.00861	0.00978	0.00578	0.00604	0.01023	0.01497	0.01959	0.17065	0.42649	0.24249	0.01888	0.00842	0.00253	0.00369	0.01670	0.00657	0.00578
23	0.01702	0.01470	0.01547	0.01392	0.01779	0.01702	0.01083	0.03635	0.70453	0.02862	0.02785	0.02553	0.02088	0.00928	0.00696	0.00232	0.00541	0.00773	0.00696	0.01083
24	0.02043	0.04738	0.04484	0.01593	0.04531	0.12954	0.01265	0.26108	0.18619	0.02955	0.02055	0.07004	0.01741	0.00971	0.00697	0.00218	0.00757	0.05694	0.00585	0.00987
25	0.01769	0.01434	0.02049	0.20111	0.22472	0.04400	0.01597	0.09413	0.01696	0.09386	0.01652	0.02282	0.01358	0.00991	0.03506	0.00256	0.05610	0.05682	0.03418	0.00919
26	0.01754	0.01770	0.02202	0.01839	0.01989	0.10167	0.05958	0.09713	0.01440	0.01997	0.01035	0.01507	0.00936	0.01056	0.01782	0.00270	0.52821	0.00597	0.00353	0.00814
27	0.00866	0.00620	0.00787	0.00895	0.00950	0.00580	0.00592	0.00984	0.01320	0.01753	0.08183	0.54559	0.09264	0.13749	0.01277	0.00331	0.00430	0.01711	0.00608	0.00541
28	0.00861	0.00618	0.00792	0.00904	0.00962	0.00577	0.00603	0.00987	0.01342	0.01786	0.09286	0.57128	0.08900	0.10449	0.01160	0.00313	0.00418	0.01746	0.00620	0.00548
29	0.00993	0.00669	0.00775	0.00775	0.00785	0.00679	0.00450	0.01013	0.01003	0.01348	0.02129	0.04332	0.02424	0.70202	0.09151	0.00699	0.00758	0.00974	0.00411	0.00430
30	0.00980	0.00665	0.00788	0.00801	0.00817	0.00675	0.00480	0.01016	0.01032	0.01389	0.02252	0.10057	0.02570	0.62369	0.10746	0.00679	0.00767	0.01044	0.00427	0.00447
31	0.03070	0.01164	0.01588	0.01217	0.01746	0.01006	0.01006	0.03334	0.01958	0.72163	0.02699	0.02329	0.01694	0.00847	0.00688	0.00212	0.00582	0.00688	0.00847	0.01164
32	0.01068	0.00813	0.01068	0.01040	0.01121	0.00930	0.00752	0.01322	0.05679	0.01588	0.02017	0.06199	0.02069	0.30444	0.34066	0.00783	0.07179	0.00870	0.00412	0.00579
33	0.00831	0.00606	0.00782	0.00923	0.00985	0.00558	0.00622	0.00956	0.01338	0.01758	0.04130	0.67673	0.12130	0.02097	0.00866	0.00273	0.00391	0.01888	0.00635	0.00558
34	0.01495	0.01176	0.01406	0.01033	0.01599	0.00914	0.00827	0.01792	0.01430	0.06833	0.01362	0.01576	0.01112	0.00882	0.06070	0.00185	0.00613	0.00449	0.00432	0.68815
35	0.01843	0.01815	0.02594	0.06856	0.55482	0.09798	0.01941	0.07285	0.01719	0.02308	0.01285	0.01643	0.01059	0.00640	0.00671	0.00201	0.00860	0.00591	0.00365	0.01042
36	0.01902	0.01713	0.01617	0.01451	0.04174	0.15912	0.01074	0.17815	0.11088	0.04412	0.04970	0.08154	0.01877	0.09467	0.01053	0.00255	0.03510	0.00762	0.00539	0.08255
37	0.01988	0.06718	0.09914	0.01461	0.02024	0.05319	0.01297	0.26448	0.19250	0.03054	0.01734	0.01753	0.01302	0.00755	0.00635	0.00191	0.00711	0.00583	0.00554	0.14309

[dist]
# distance from previous block
# <min> <max>
0	1

[block]
# block no. 4 follows, 31 sequences, length 14
# corresponding to MSA columns:
# 562-575
name=unknown_E
#
# <colnr> <probs for GDERKNQSTAVLIFYWHMCP>
#	G	D	E	R	K	N	Q	S	T	A	V	L	I	F	Y	W	H	M	C	P
0	0.47616	0.10912	0.01634	0.06171	0.01784	0.05784	0.01008	0.11767	0.01543	0.02859	0.01075	0.01253	0.00843	0.00678	0.00541	0.00204	0.02645	0.00432	0.00429	0.00824
1	0.02004	0.15338	0.10146	0.01697	0.05283	0.01840	0.08330	0.13009	0.20441	0.12182	0.01882	0.01885	0.01385	0.00757	0.00652	0.00206	0.00741	0.00630	0.00545	0.01045
2	0.01314	0.00829	0.01027	0.00925	0.01145	0.00779	0.00688	0.01690	0.06889	0.11839	0.40212	0.04431	0.08759	0.12817	0.01188	0.00283	0.00434	0.01080	0.00692	0.02978
3	0.01674	0.01670	0.02471	0.09379	0.33020	0.08638	0.10427	0.05123	0.03392	0.02224	0.06449	0.05097	0.01595	0.00794	0.00795	0.00217	0.04972	0.00725	0.00403	0.00936
4	0.01002	0.00741	0.01024	0.01215	0.04218	0.00716	0.00910	0.01240	0.01494	0.01971	0.07632	0.32837	0.07944	0.01894	0.00891	0.00286	0.00516	0.32224	0.00627	0.00619
5	0.02163	0.01730	0.01754	0.01448	0.01896	0.05821	0.01160	0.35947	0.28432	0.03490	0.02084	0.02029	0.01540	0.00853	0.00670	0.00210	0.00669	0.00667	0.06360	0.01075
6	0.80789	0.01323	0.01006	0.00900	0.01323	0.01535	0.00741	0.02011	0.01164	0.03070	0.00953	0.01111	0.00741	0.00635	0.00423	0.00212	0.00529	0.00370	0.00423	0.00741
7	0.02457	0.02828	0.02026	0.01906	0.07109	0.52315	0.01381	0.14589	0.02103	0.02186	0.01172	0.01351	0.00947	0.00740	0.00702	0.00189	0.04222	0.00491	0.00409	0.00879
8	0.00832	0.00603	0.00786	0.00933	0.00987	0.00557	0.00626	0.00955	0.01329	0.01754	0.04011	0.70260	0.09620	0.02112	0.00868	0.00274	0.00393	0.01907	0.00635	0.00557
9	0.05855	0.02299	0.02063	0.06012	0.07269	0.30419	0.05141	0.21253	0.05977	0.02614	0.01382	0.01565	0.01073	0.00876	0.03027	0.00227	0.00995	0.00557	0.00464	0.00931
10	0.00935	0.00734	0.00832	0.00853	0.01021	0.00685	0.00620	0.01239	0.06688	0.01985	0.14249	0.20072	0.33690	0.08957	0.01080	0.00285	0.00412	0.04422	0.00634	0.00607
11	0.01327	0.01153	0.01758	0.22984	0.19564	0.01260	0.01399	0.03820	0.01553	0.02146	0.13929	0.02951	0.08107	0.05629	0.00961	0.00246	0.04613	0.00814	0.04998	0.00788
12	0.02385	0.01854	0.01858	0.01506	0.01980	0.08937	0.01211	0.42846	0.15288	0.08567	0.01967	0.05142	0.01495	0.00891	0.00689	0.00211	0.00733	0.00693	0.00663	0.01085
13	0.22310	0.01653	0.01804	0.16065	0.13183	0.09731	0.01364	0.10402	0.10202	0.04907	0.01435	0.01638	0.01092	0.00714	0.00610	0.00211	0.00758	0.00552	0.00458	0.00911

[dist]
# distance from previous block
# <min> <max>
2	9

[block]
# block no. 5 follows, 31 sequences, length 45
# corresponding to MSA columns:
# 586-630
name=unknown_F
#
# <colnr> <probs for GDERKNQSTAVLIFYWHMCP>
#	G	D	E	R	K	N	Q	S	T	A	V	L	I	F	Y	W	H	M	C	P
0	0.38018	0.01354	0.01672	0.19985	0.16263	0.01527	0.01329	0.02093	0.03921	0.06218	0.01246	0.01524	0.00953	0.00664	0.00564	0.00215	0.00685	0.00510	0.00409	0.00849
1	0.05362	0.01615	0.01667	0.03669	0.01855	0.06471	0.01098	0.39864	0.02460	0.03299	0.06645	0.04153	0.07227	0.01052	0.00836	0.06309	0.00688	0.00725	0.00596	0.04410
2	0.01758	0.01513	0.01634	0.01398	0.01759	0.03907	0.01112	0.14650	0.35667	0.02812	0.04998	0.02489	0.06263	0.00978	0.00892	0.00225	0.10226	0.00748	0.00610	0.06363
3	0.01292	0.01216	0.02052	0.74312	0.04712	0.01520	0.01900	0.01748	0.01368	0.01748	0.01216	0.01824	0.00912	0.00684	0.00684	0.00228	0.00912	0.00608	0.00304	0.00760
4	0.00977	0.00733	0.01100	0.01100	0.01222	0.00855	0.00855	0.01222	0.01100	0.01588	0.01833	0.02688	0.01710	0.05131	0.73245	0.01100	0.01833	0.00733	0.00367	0.00611
5	0.01188	0.00594	0.00891	0.00891	0.00891	0.00594	0.00594	0.00891	0.00891	0.01188	0.01188	0.02080	0.01188	0.02377	0.02674	0.80095	0.00594	0.00594	0.00297	0.00297
6	0.03731	0.00875	0.01017	0.00888	0.01174	0.00846	0.00698	0.03914	0.04711	0.21505	0.11324	0.02764	0.02323	0.00891	0.00591	0.00187	0.00417	0.00728	0.40598	0.00817
7	0.00944	0.00698	0.00881	0.00835	0.01007	0.00635	0.00627	0.01245	0.01880	0.02609	0.61643	0.05332	0.16224	0.01449	0.00807	0.00218	0.00326	0.01268	0.00735	0.00635
8	0.00834	0.00595	0.00794	0.00953	0.00992	0.00556	0.00635	0.00953	0.01310	0.01746	0.03771	0.75510	0.04525	0.02143	0.00873	0.00278	0.00397	0.01945	0.00635	0.00556
9	0.01627	0.01558	0.02658	0.15707	0.60696	0.01608	0.02067	0.02042	0.01527	0.02155	0.01275	0.01715	0.01056	0.00622	0.00678	0.00207	0.00829	0.00609	0.00333	0.01031
10	0.21111	0.42644	0.02623	0.01231	0.01704	0.12402	0.01110	0.02109	0.01390	0.01976	0.00963	0.01147	0.00846	0.00656	0.00583	0.00177	0.05776	0.00393	0.00333	0.00824
11	0.01681	0.06511	0.02335	0.05957	0.02211	0.08452	0.09984	0.06514	0.04123	0.01973	0.01164	0.01596	0.01010	0.01067	0.03772	0.00274	0.36218	0.00600	0.00358	0.04199
12	0.01457	0.01200	0.01299	0.01208	0.01508	0.01318	0.00920	0.08528	0.38866	0.02593	0.03510	0.19413	0.12692	0.01309	0.00751	0.00240	0.00499	0.01120	0.00673	0.00898
13	0.00876	0.00613	0.00781	0.00898	0.00927	0.00584	0.00577	0.00964	0.01227	0.01635	0.03344	0.56726	0.03986	0.21663	0.01563	0.00380	0.00467	0.01694	0.00577	0.00518
14	0.02451	0.01763	0.01918	0.01509	0.02018	0.01945	0.01235	0.53302	0.12701	0.08623	0.01884	0.01853	0.01350	0.00977	0.03019	0.00238	0.00746	0.00647	0.00687	0.01134
15	0.00904	0.00638	0.00834	0.00958	0.01012	0.00610	0.00664	0.01037	0.01314	0.01750	0.05665	0.51326	0.04154	0.14757	0.01329	0.00347	0.00474	0.11082	0.00600	0.00545
16	0.01046	0.00829	0.01214	0.01175	0.01277	0.01009	0.00920	0.01267	0.01088	0.01585	0.01724	0.02607	0.01637	0.07567	0.61106	0.00977	0.11264	0.00726	0.00360	0.00621
17	0.10125	0.02362	0.01765	0.01542	0.01949	0.35395	0.01195	0.14108	0.17547	0.05080	0.01595	0.01628	0.01217	0.00773	0.00630	0.00199	0.00903	0.00547	0.00511	0.00929
18	0.02548	0.06971	0.02157	0.01547	0.02097	0.02161	0.01292	0.64835	0.03093	0.04128	0.01596	0.01606	0.01144	0.00805	0.00668	0.00201	0.00751	0.00599	0.00658	0.01144
19	0.01769	0.01402	0.01614	0.04861	0.01887	0.01328	0.01016	0.24874	0.02064	0.02938	0.06128	0.04128	0.01535	0.00735	0.00608	0.00157	0.00596	0.00592	0.00526	0.41240
20	0.01859	0.01572	0.01857	0.05872	0.05020	0.01776	0.04627	0.16958	0.46243	0.03036	0.02325	0.02251	0.01735	0.00861	0.00698	0.00225	0.00649	0.00726	0.00638	0.01073
21	0.01651	0.40544	0.34671	0.01547	0.02315	0.04961	0.01791	0.02129	0.01436	0.01864	0.01080	0.01260	0.00873	0.00619	0.00541	0.00179	0.00878	0.00432	0.00293	0.00935
22	0.00863	0.00647	0.00800	0.00863	0.00983	0.00585	0.00609	0.01049	0.01538	0.02036	0.22415	0.39513	0.21920	0.01843	0.00839	0.00249	0.00365	0.01631	0.00666	0.00585
23	0.00977	0.00733	0.01100	0.01100	0.01222	0.00855	0.00855	0.01222	0.01100	0.01588	0.01833	0.02688	0.01710	0.05131	0.73245	0.01100	0.01833	0.00733	0.00367	0.00611
24	0.00995	0.00663	0.00746	0.00746	0.00746	0.00663	0.00415	0.00995	0.00995	0.01327	0.02156	0.04477	0.02487	0.75957	0.03482	0.00663	0.00663	0.00995	0.00415	0.00415
25	0.01419	0.01216	0.01419	0.01013	0.01621	0.00912	0.00811	0.01723	0.01419	0.02229	0.01216	0.01419	0.01013	0.00507	0.00507	0.00101	0.00507	0.00405	0.00405	0.80139
26	0.01152	0.01060	0.07337	0.01031	0.01270	0.03807	0.00850	0.01430	0.01665	0.06789	0.30571	0.26071	0.11267	0.01527	0.00797	0.00234	0.00465	0.01339	0.00653	0.00684
27	0.00883	0.00630	0.00841	0.00980	0.01042	0.00596	0.00690	0.01038	0.01376	0.01839	0.08211	0.59499	0.04509	0.04510	0.00965	0.00291	0.00432	0.10466	0.00635	0.00567
28	0.01828	0.01606	0.04516	0.01408	0.01827	0.04621	0.01142	0.07872	0.52957	0.06845	0.05845	0.02499	0.02111	0.00918	0.00695	0.00225	0.00596	0.00755	0.00675	0.01057
29	0.00824	0.00686	0.00719	0.00726	0.00937	0.00582	0.00539	0.01006	0.01573	0.01916	0.12127	0.11531	0.61014	0.01735	0.00813	0.00233	0.00348	0.01463	0.00645	0.00582
30	0.01829	0.76368	0.03585	0.01171	0.01756	0.02707	0.01171	0.02049	0.01390	0.01610	0.00951	0.01097	0.00878	0.00585	0.00439	0.00146	0.00732	0.00366	0.00293	0.00878
31	0.00850	0.00614	0.00809	0.00958	0.01017	0.00572	0.00660	0.00985	0.01342	0.01772	0.03942	0.67033	0.08317	0.02103	0.00874	0.00278	0.00410	0.06269	0.00635	0.00562
32	0.01512	0.01468	0.02199	0.51703	0.18740	0.06432	0.01881	0.04414	0.01516	0.01943	0.01236	0.01749	0.00956	0.00675	0.00678	0.00218	0.00907	0.00597	0.00329	0.00846
33	0.01775	0.17658	0.10683	0.01479	0.01899	0.19567	0.01327	0.05713	0.07068	0.01935	0.01385	0.01695	0.01173	0.01702	0.16650	0.00392	0.06140	0.00544	0.00377	0.00837
34	0.01424	0.00881	0.01089	0.00971	0.01237	0.00836	0.00750	0.01921	0.10575	0.15304	0.41746	0.04471	0.13483	0.01282	0.00771	0.00219	0.00401	0.01105	0.00748	0.00787
35	0.01853	0.01964	0.12288	0.01781	0.02330	0.06337	0.14895	0.15056	0.21491	0.05658	0.05265	0.04478	0.01725	0.00842	0.00715	0.00221	0.00802	0.00747	0.00550	0.01002
36	0.01905	0.07240	0.07039	0.10220	0.23860	0.08911	0.01630	0.16272	0.01888	0.05381	0.01471	0.03991	0.01201	0.00990	0.04817	0.00254	0.00897	0.00621	0.00435	0.00976
37	0.00982	0.00722	0.00805	0.00769	0.00998	0.00621	0.00582	0.01201	0.01685	0.06120	0.24280	0.05938	0.49674	0.01591	0.00801	0.00226	0.00354	0.01344	0.00680	0.00630
38	0.01587	0.05541	0.33732	0.07078	0.10885	0.01636	0.11022	0.06666	0.01605	0.05147	0.01593	0.01836	0.04350	0.00727	0.00739	0.00218	0.03671	0.00623	0.00371	0.00971
39	0.01081	0.00815	0.01015	0.01018	0.01163	0.00836	0.00760	0.01361	0.05662	0.05307	0.10811	0.32883	0.21078	0.01718	0.00982	0.00257	0.08482	0.03493	0.00624	0.00655
40	0.05001	0.12536	0.13796	0.01719	0.06745	0.01555	0.12780	0.05961	0.05953	0.06427	0.02116	0.02388	0.07558	0.00818	0.00650	0.00206	0.00742	0.02879	0.09269	0.00900
41	0.01886	0.01926	0.07784	0.05959	0.35124	0.10042	0.07825	0.09299	0.01779	0.06343	0.01483	0.04753	0.01219	0.00724	0.00690	0.00208	0.00875	0.00660	0.00414	0.01007
42	0.04099	0.01899	0.02073	0.12355	0.07638	0.17316	0.05959	0.19833	0.01981	0.02526	0.04110	0.03706	0.01348	0.03234	0.00936	0.00231	0.08765	0.00651	0.00453	0.00887
43	0.08224	0.14342	0.13926	0.04634	0.07651	0.06674	0.01390	0.11578	0.07233	0.02368	0.01669	0.09850	0.01515	0.05125	0.00791	0.00233	0.00758	0.00703	0.00444	0.00890
44	0.13905	0.04863	0.08656	0.05794	0.09015	0.06027	0.01341	0.10828	0.03525	0.09356	0.01716	0.11413	0.01517	0.00948	0.00804	0.00224	0.07957	0.00731	0.00484	0.00894

[dist]
# distance from previous block
# <min> <max>
0	5

[block]
# block no. 6 follows, 31 sequences, length 6
# corresponding to MSA columns:
# 636-641
name=unknown_G
#
# <colnr> <probs for GDERKNQSTAVLIFYWHMCP>
#	G	D	E	R	K	N	Q	S	T	A	V	L	I	F	Y	W	H	M	C	P
0	0.10849	0.01453	0.01574	0.01360	0.01757	0.04204	0.04061	0.07269	0.38879	0.05745	0.04276	0.04740	0.01910	0.01111	0.04357	0.00265	0.00662	0.00738	0.00613	0.04177
1	0.09592	0.01574	0.04302	0.16236	0.20792	0.05702	0.01542	0.07151	0.11204	0.05948	0.01671	0.02120	0.01344	0.00942	0.03424	0.00252	0.00811	0.04003	0.00456	0.00936
2	0.01677	0.03831	0.04176	0.02258	0.20844	0.06801	0.05875	0.05372	0.22126	0.02425	0.07715	0.02231	0.01837	0.01051	0.04510	0.00263	0.04838	0.00709	0.00493	0.00967
3	0.00974	0.00655	0.00752	0.00773	0.00778	0.00649	0.00443	0.00989	0.01035	0.01380	0.02362	0.13574	0.02748	0.66503	0.03148	0.00614	0.00629	0.01117	0.00443	0.00433
4	0.01697	0.01813	0.11029	0.06531	0.38097	0.01673	0.01866	0.10703	0.04990	0.02474	0.04940	0.01861	0.01365	0.00751	0.00817	0.00217	0.07113	0.00636	0.00410	0.01018
5	0.00858	0.00666	0.00781	0.00814	0.00970	0.00589	0.00587	0.01054	0.01584	0.02052	0.22825	0.26589	0.34650	0.01767	0.00827	0.00241	0.00355	0.01538	0.00666	0.00589

[dist]
# distance from previous block
# <min> <max>
0	1

[block]
# block no. 7 follows, 31 sequences, length 33
# corresponding to MSA columns:
# 643-675
name=unknown_H
#
# <colnr> <probs for GDERKNQSTAVLIFYWHMCP>
#	G	D	E	R	K	N	Q	S	T	A	V	L	I	F	Y	W	H	M	C	P
0	0.01573	0.01571	0.09161	0.03279	0.05232	0.05907	0.01224	0.11844	0.09185	0.04532	0.14261	0.03249	0.11125	0.01178	0.02374	0.00244	0.06749	0.03922	0.02536	0.00855
1	0.01694	0.01387	0.01565	0.04885	0.06193	0.03491	0.01118	0.06366	0.41888	0.06686	0.08715	0.05920	0.05079	0.01006	0.00713	0.00226	0.00575	0.00851	0.00654	0.00987
2	0.01956	0.12888	0.18677	0.02232	0.17668	0.21935	0.01740	0.07930	0.04803	0.02175	0.01258	0.01458	0.00999	0.00674	0.00622	0.00192	0.00949	0.00512	0.00369	0.00963
3	0.04133	0.07520	0.27387	0.03647	0.11936	0.08361	0.01801	0.14895	0.01879	0.07834	0.03358	0.01642	0.01172	0.00714	0.00645	0.00204	0.00869	0.00558	0.00436	0.01008
4	0.01664	0.05321	0.02594	0.22667	0.33133	0.04901	0.07065	0.05943	0.01584	0.02127	0.01245	0.01675	0.01007	0.00680	0.00773	0.00214	0.05514	0.00605	0.00346	0.00943
5	0.01800	0.01582	0.01663	0.01608	0.07906	0.07735	0.01152	0.14403	0.35037	0.02913	0.12496	0.02682	0.04101	0.00952	0.00705	0.00218	0.00625	0.00788	0.00640	0.00995
6	0.00959	0.00686	0.00901	0.00920	0.00988	0.00728	0.00635	0.01086	0.01106	0.01515	0.02451	0.12449	0.05823	0.32995	0.32884	0.00782	0.01116	0.01021	0.00432	0.00524
7	0.01545	0.01499	0.05577	0.09447	0.34294	0.01466	0.01626	0.05621	0.12581	0.02427	0.10267	0.04329	0.04628	0.00857	0.00706	0.00215	0.00698	0.00772	0.00476	0.00968
8	0.00976	0.00655	0.00752	0.00770	0.00775	0.00651	0.00440	0.00990	0.01032	0.01376	0.02345	0.12794	0.02726	0.67314	0.03177	0.00618	0.00632	0.01106	0.00440	0.00431
9	0.01457	0.01378	0.01534	0.12746	0.10391	0.11008	0.01179	0.06846	0.05216	0.02109	0.06206	0.03642	0.18524	0.05196	0.04756	0.00292	0.00767	0.05490	0.00496	0.00767
10	0.02974	0.01220	0.01610	0.01245	0.01768	0.01101	0.01025	0.06886	0.05564	0.64951	0.02647	0.02303	0.01686	0.00850	0.00688	0.00212	0.00589	0.00689	0.00830	0.01160
11	0.06355	0.72066	0.03437	0.01155	0.01731	0.02640	0.01146	0.02046	0.01377	0.01693	0.00951	0.01098	0.00870	0.00588	0.00438	0.00150	0.00720	0.00366	0.00300	0.00870
12	0.02524	0.02022	0.02001	0.01579	0.02094	0.09565	0.01285	0.57165	0.08428	0.03919	0.01672	0.01672	0.01207	0.00818	0.00678	0.00204	0.00787	0.00610	0.00650	0.01118
13	0.03508	0.11032	0.27268	0.01673	0.08355	0.01523	0.01580	0.05698	0.01487	0.02133	0.04236	0.02180	0.04457	0.10295	0.01063	0.00258	0.04464	0.00628	0.00380	0.07782
14	0.01409	0.01389	0.01629	0.01444	0.01568	0.11752	0.04890	0.01583	0.01213	0.01600	0.01466	0.02419	0.01455	0.17415	0.22061	0.00576	0.24417	0.00706	0.00352	0.00658
15	0.02577	0.01757	0.01927	0.01487	0.02003	0.01906	0.01218	0.57574	0.02944	0.12681	0.01802	0.01875	0.01298	0.04706	0.00829	0.00230	0.00727	0.00645	0.00691	0.01125
16	0.02956	0.01198	0.01582	0.01219	0.01734	0.01074	0.01005	0.08267	0.02031	0.63995	0.02599	0.02286	0.01656	0.00843	0.00679	0.00209	0.00584	0.00680	0.04262	0.01141
17	0.01595	0.01451	0.02300	0.37962	0.28962	0.01630	0.01878	0.09190	0.04264	0.02244	0.01347	0.01784	0.01047	0.00681	0.00682	0.00217	0.00844	0.00616	0.00372	0.00935
18	0.02245	0.05080	0.01981	0.01533	0.01966	0.05304	0.01255	0.36191	0.18054	0.07036	0.01807	0.01825	0.01343	0.00879	0.00871	0.00220	0.10101	0.00634	0.00614	0.01063
19	0.01188	0.00594	0.00891	0.00891	0.00891	0.00594	0.00594	0.00891	0.00891	0.01188	0.01188	0.02080	0.01188	0.02377	0.02674	0.80095	0.00594	0.00594	0.00297	0.00297
20	0.01437	0.00903	0.01074	0.00970	0.01202	0.00931	0.00747	0.08719	0.06728	0.07987	0.22026	0.03284	0.03090	0.05117	0.11293	0.00349	0.00636	0.00852	0.21900	0.00753
21	0.02396	0.02478	0.02147	0.02192	0.16198	0.34833	0.01472	0.25010	0.02291	0.02674	0.01301	0.01464	0.01017	0.00725	0.00652	0.00191	0.00987	0.00534	0.00461	0.00976
22	0.05938	0.01371	0.04846	0.01267	0.01759	0.01253	0.01083	0.15069	0.05729	0.40053	0.04991	0.02478	0.01822	0.00892	0.00678	0.00214	0.00606	0.03615	0.05275	0.01061
23	0.00828	0.00618	0.00770	0.00892	0.00976	0.00561	0.00608	0.00959	0.01368	0.01770	0.04513	0.59316	0.20239	0.02047	0.00858	0.00267	0.00385	0.01827	0.00635	0.00561
24	0.01645	0.01566	0.02612	0.12498	0.59206	0.01618	0.02012	0.02153	0.05858	0.02216	0.01372	0.01763	0.01126	0.00639	0.00679	0.00208	0.00808	0.00620	0.00357	0.01045
25	0.01595	0.01525	0.02599	0.21366	0.55290	0.01600	0.02051	0.02014	0.01511	0.02116	0.01270	0.01725	0.01042	0.00628	0.00679	0.00209	0.00837	0.00609	0.00330	0.01004
26	0.01590	0.02020	0.11075	0.02787	0.03512	0.01716	0.62341	0.02189	0.01597	0.02189	0.01368	0.01804	0.01020	0.00584	0.00791	0.00229	0.01139	0.00776	0.00340	0.00932
27	0.01245	0.01210	0.02190	0.08557	0.02344	0.01232	0.24635	0.01598	0.01505	0.02029	0.09812	0.16810	0.09007	0.01235	0.00959	0.00251	0.07953	0.06206	0.00483	0.00738
28	0.00995	0.00663	0.00746	0.00746	0.00746	0.00663	0.00415	0.00995	0.00995	0.01327	0.02156	0.04477	0.02487	0.75957	0.03482	0.00663	0.00663	0.00995	0.00415	0.00415
29	0.02727	0.01302	0.01623	0.01289	0.01789	0.01263	0.01050	0.09701	0.16967	0.50628	0.02617	0.02312	0.01729	0.00862	0.00689	0.00216	0.00590	0.00700	0.00799	0.01147
30	0.02130	0.01313	0.03279	0.01229	0.01650	0.01294	0.01003	0.13752	0.19416	0.25576	0.07585	0.02788	0.06055	0.03797	0.00797	0.00231	0.00565	0.00784	0.05749	0.01007
31	0.01686	0.01972	0.05568	0.02703	0.08829	0.09530	0.46988	0.02165	0.01588	0.02083	0.01365	0.03795	0.01106	0.00688	0.00884	0.00229	0.06815	0.00757	0.00349	0.00901
32	0.02276	0.02796	0.01891	0.01704	0.01975	0.56486	0.01295	0.02437	0.01727	0.01648	0.01099	0.01482	0.00985	0.05511	0.01075	0.00228	0.13774	0.00502	0.00347	0.00762

[dist]
# distance from previous block
# <min> <max>
0	5

[block]
# block no. 8 follows, 31 sequences, length 84
# corresponding to MSA columns:
# 681-764
name=unknown_I
#
# <colnr> <probs for GDERKNQSTAVLIFYWHMCP>
#	G	D	E	R	K	N	Q	S	T	A	V	L	I	F	Y	W	H	M	C	P
0	0.02571	0.01702	0.02095	0.01599	0.02146	0.01792	0.07495	0.43462	0.06614	0.20427	0.01939	0.01879	0.01333	0.00811	0.00697	0.00211	0.00737	0.00660	0.00693	0.01137
1	0.06359	0.27628	0.30280	0.01594	0.02335	0.02061	0.04167	0.13872	0.01726	0.02407	0.01197	0.01357	0.00921	0.00655	0.00577	0.00191	0.00849	0.00481	0.00369	0.00974
2	0.02254	0.06774	0.02138	0.02057	0.12519	0.44641	0.01419	0.06066	0.07713	0.01991	0.01255	0.01444	0.01030	0.00737	0.00720	0.00192	0.05269	0.00508	0.00391	0.00883
3	0.02168	0.35600	0.02675	0.05256	0.02090	0.38209	0.01285	0.02378	0.01666	0.01649	0.01018	0.01204	0.00881	0.00651	0.00541	0.00166	0.00994	0.00416	0.00323	0.00829
4	0.02401	0.01774	0.01942	0.01537	0.02023	0.01989	0.01258	0.50434	0.14981	0.07336	0.01856	0.01831	0.01339	0.00863	0.00777	0.00216	0.04999	0.00647	0.00672	0.01125
5	0.00907	0.00703	0.00839	0.00881	0.01059	0.00634	0.00686	0.01135	0.01608	0.02058	0.18718	0.14813	0.35703	0.01749	0.00846	0.00252	0.00409	0.15742	0.00658	0.00600
6	0.09681	0.01753	0.01904	0.01604	0.05509	0.01937	0.01247	0.47916	0.12108	0.06801	0.01763	0.01750	0.01270	0.00809	0.00662	0.00210	0.00699	0.00618	0.00651	0.01109
7	0.00856	0.00647	0.00791	0.00855	0.00979	0.00582	0.00603	0.01036	0.01523	0.01998	0.19704	0.39408	0.24824	0.01856	0.00839	0.00250	0.00365	0.01639	0.00661	0.00582
8	0.01662	0.01617	0.02590	0.09417	0.59882	0.04636	0.01977	0.02058	0.01578	0.02199	0.04819	0.01857	0.01334	0.00659	0.00682	0.00205	0.00814	0.00634	0.00358	0.01024
9	0.00834	0.00691	0.00709	0.00707	0.00913	0.00589	0.00517	0.00999	0.01527	0.01846	0.09823	0.06313	0.61675	0.08578	0.01056	0.00270	0.00375	0.01392	0.00621	0.00566
10	0.01419	0.01216	0.01419	0.01013	0.01621	0.00912	0.00811	0.01723	0.01419	0.02229	0.01216	0.01419	0.01013	0.00507	0.00507	0.00101	0.00507	0.00405	0.00405	0.80139
11	0.00844	0.00617	0.00797	0.00936	0.01005	0.00570	0.00644	0.00980	0.01355	0.01774	0.04160	0.63414	0.12901	0.02079	0.00869	0.00274	0.00402	0.05182	0.00635	0.00562
