[name]
unknown

[dist]
# distance from previous block
# <min> <max>
0	17

[block]
# block no. 0 follows, 34 sequences, length 76
# corresponding to MSA columns:
# 17-92
name=unknown_A
#
# <colnr> <probs for GDERKNQSTAVLIFYWHMCP>
#	G	D	E	R	K	N	Q	S	T	A	V	L	I	F	Y	W	H	M	C	P
0	0.02216	0.04946	0.01773	0.01346	0.01814	0.06728	0.01102	0.37290	0.08333	0.13271	0.01810	0.04030	0.01390	0.00818	0.00633	0.00190	0.00668	0.03117	0.00605	0.07919
1	0.07941	0.01495	0.01618	0.01347	0.01747	0.06791	0.05650	0.18271	0.26127	0.05409	0.07814	0.04732	0.03834	0.00874	0.00648	0.00203	0.00616	0.00722	0.00587	0.03574
2	0.17504	0.07468	0.01882	0.01590	0.10138	0.01773	0.01174	0.33591	0.04433	0.07231	0.01392	0.01475	0.01037	0.00708	0.00624	0.00191	0.03126	0.00520	0.00520	0.03623
3	0.05292	0.09540	0.40192	0.01845	0.02593	0.10188	0.14598	0.02137	0.01450	0.04626	0.01183	0.01397	0.00874	0.00608	0.00611	0.00196	0.00945	0.00511	0.00315	0.00898
4	0.01664	0.07761	0.15677	0.02190	0.06898	0.05075	0.31824	0.11994	0.04047	0.02327	0.03372	0.01670	0.01133	0.00631	0.00674	0.00202	0.00924	0.00638	0.00381	0.00917
5	0.00863	0.00747	0.00834	0.00809	0.00988	0.00728	0.00626	0.01025	0.01394	0.01712	0.05503	0.05628	0.57530	0.04893	0.01041	0.00248	0.09249	0.05067	0.00553	0.00560
6	0.00798	0.00570	0.00762	0.00912	0.00954	0.00534	0.00619	0.00918	0.01248	0.01661	0.03555	0.73921	0.04250	0.02014	0.00828	0.00264	0.00384	0.04680	0.00600	0.00528
7	0.01665	0.02439	0.35519	0.01804	0.04030	0.09942	0.12409	0.02176	0.01519	0.12825	0.01722	0.05234	0.04284	0.00747	0.00655	0.00204	0.00880	0.00644	0.00399	0.00904
8	0.01503	0.01431	0.02432	0.15812	0.58847	0.01478	0.01895	0.01884	0.01432	0.02015	0.01299	0.04677	0.01128	0.00646	0.00648	0.00199	0.00767	0.00627	0.00326	0.00952
9	0.02247	0.01655	0.01777	0.01389	0.01839	0.01828	0.01122	0.60381	0.05334	0.03691	0.01648	0.01897	0.01278	0.09759	0.00957	0.00246	0.00694	0.00629	0.00617	0.01013
10	0.01853	0.01333	0.01468	0.01283	0.01674	0.01482	0.01009	0.03379	0.58737	0.16205	0.02614	0.02370	0.01901	0.00862	0.00656	0.00215	0.00519	0.00715	0.00685	0.01037
11	0.01657	0.04493	0.07228	0.10688	0.43562	0.04713	0.05662	0.08649	0.03158	0.02214	0.01252	0.01579	0.01004	0.00613	0.00636	0.00194	0.00811	0.00568	0.00351	0.00967
12	0.79582	0.01245	0.00966	0.00858	0.01261	0.01435	0.00707	0.01935	0.01121	0.04939	0.00947	0.01083	0.00726	0.00606	0.00407	0.00200	0.00501	0.00359	0.00411	0.00711
13	0.02330	0.00975	0.01311	0.01048	0.01452	0.00851	0.00849	0.02590	0.01830	0.53505	0.19955	0.02998	0.05449	0.00960	0.00682	0.00201	0.00481	0.00804	0.00770	0.00958
14	0.01507	0.01307	0.01480	0.01328	0.01667	0.01481	0.04029	0.03076	0.60693	0.02552	0.02681	0.11120	0.02199	0.00997	0.00682	0.00224	0.00521	0.00862	0.00636	0.00958
15	0.00918	0.00620	0.00708	0.00725	0.00735	0.00613	0.00417	0.00935	0.00988	0.01311	0.02334	0.12256	0.04609	0.66840	0.02945	0.00575	0.00590	0.01050	0.00420	0.00411
16	0.00787	0.00562	0.00750	0.00900	0.00937	0.00525	0.00600	0.00900	0.01237	0.01649	0.03561	0.76871	0.04274	0.02024	0.00825	0.00262	0.00375	0.01837	0.00600	0.00525
17	0.01022	0.00734	0.01015	0.01144	0.01295	0.00727	0.00990	0.01316	0.01513	0.01978	0.08832	0.07065	0.06174	0.01745	0.00878	0.00288	0.00564	0.61522	0.00604	0.00594
18	0.00932	0.00659	0.00866	0.00979	0.01062	0.00644	0.00747	0.01103	0.01290	0.01692	0.03250	0.28443	0.05493	0.18243	0.01388	0.00356	0.00525	0.31250	0.00552	0.00527
19	0.65198	0.01354	0.01091	0.00961	0.01363	0.04663	0.00781	0.04464	0.07463	0.05957	0.01150	0.01241	0.00870	0.00642	0.00450	0.00200	0.00539	0.00407	0.00445	0.00761
20	0.01525	0.01743	0.03813	0.02723	0.03377	0.01634	0.70915	0.02070	0.01525	0.02070	0.01307	0.01743	0.00980	0.00545	0.00763	0.00218	0.01089	0.00763	0.00327	0.00871
21	0.00890	0.00671	0.00822	0.00915	0.01005	0.00659	0.00628	0.01202	0.09558	0.01760	0.03643	0.57558	0.10256	0.06036	0.00936	0.00273	0.00400	0.01613	0.00595	0.00578
22	0.00940	0.00641	0.00736	0.00748	0.00767	0.00641	0.00440	0.01013	0.02987	0.01378	0.04255	0.12720	0.02671	0.64156	0.02854	0.00560	0.00585	0.01046	0.00433	0.00431
23	0.11591	0.01454	0.01506	0.01291	0.01698	0.01653	0.01026	0.18164	0.45854	0.05435	0.02179	0.02049	0.01612	0.00818	0.00623	0.00211	0.00555	0.00649	0.00629	0.01003
24	0.01599	0.01535	0.02623	0.03966	0.73262	0.01535	0.01983	0.01983	0.01471	0.02111	0.01215	0.01599	0.01023	0.00576	0.00640	0.00192	0.00768	0.00576	0.00320	0.01023
25	0.10511	0.00747	0.00876	0.00901	0.01087	0.00719	0.00695	0.01307	0.01443	0.07126	0.13819	0.25467	0.17734	0.01547	0.00753	0.00239	0.00422	0.13386	0.00606	0.00615
26	0.00987	0.00753	0.00894	0.00832	0.01030	0.00714	0.00632	0.04502	0.05763	0.02452	0.48867	0.04891	0.22550	0.01350	0.00751	0.00207	0.00341	0.01166	0.00677	0.00639
27	0.01814	0.01642	0.01567	0.01379	0.01760	0.10237	0.01076	0.12247	0.54752	0.02752	0.02296	0.02151	0.01724	0.00839	0.00647	0.00210	0.00614	0.00674	0.00618	0.01001
28	0.00940	0.00626	0.00705	0.00705	0.00705	0.00626	0.00392	0.00940	0.00940	0.01253	0.02036	0.04228	0.02349	0.77292	0.03289	0.00626	0.00626	0.00940	0.00392	0.00392
29	0.00914	0.00629	0.00792	0.00835	0.00945	0.00575	0.00584	0.01081	0.01428	0.04803	0.21801	0.38705	0.14973	0.07651	0.00986	0.00266	0.00376	0.01473	0.00620	0.00563
30	0.00791	0.00566	0.00754	0.00897	0.00938	0.00528	0.00600	0.00910	0.01257	0.01681	0.05891	0.74451	0.04335	0.02001	0.00823	0.00260	0.00373	0.01814	0.00604	0.00528
31	0.02358	0.02987	0.01839	0.01666	0.01981	0.70660	0.01258	0.02523	0.01784	0.01580	0.00990	0.01179	0.00833	0.00692	0.00668	0.00173	0.05327	0.00424	0.00330	0.00747
32	0.02207	0.02136	0.01770	0.01501	0.01912	0.27256	0.01179	0.28541	0.21657	0.02826	0.01656	0.01654	0.01247	0.00765	0.00627	0.00191	0.00814	0.00565	0.00540	0.00956
33	0.00845	0.00617	0.00798	0.00889	0.00969	0.00584	0.00615	0.01064	0.03982	0.01897	0.18808	0.56407	0.06470	0.01817	0.00803	0.00247	0.00363	0.01637	0.00626	0.00562
34	0.00791	0.00565	0.00753	0.00897	0.00938	0.00527	0.00600	0.00909	0.01255	0.01678	0.05652	0.74699	0.04328	0.02003	0.00823	0.00261	0.00373	0.01817	0.00603	0.00527
35	0.00875	0.00659	0.00809	0.00772	0.00941	0.00593	0.00579	0.01143	0.01736	0.02371	0.55621	0.05189	0.23534	0.01403	0.00762	0.00207	0.00311	0.01219	0.00682	0.00593
36	0.01220	0.01148	0.01938	0.75739	0.04450	0.01436	0.01794	0.01651	0.01292	0.01651	0.01148	0.01723	0.00861	0.00646	0.00646	0.00215	0.00861	0.00574	0.00287	0.00718
37	0.00953	0.00682	0.00876	0.00865	0.00906	0.00746	0.00583	0.01042	0.00977	0.01354	0.01878	0.03507	0.02024	0.48162	0.28918	0.00761	0.04089	0.00836	0.00371	0.00471
38	0.00787	0.00562	0.00750	0.00900	0.00937	0.00525	0.00600	0.00900	0.01237	0.01649	0.03561	0.76871	0.04274	0.02024	0.00825	0.00262	0.00375	0.01837	0.00600	0.00525
39	0.02456	0.01810	0.01939	0.01487	0.02004	0.02004	0.01228	0.71107	0.03038	0.04072	0.01551	0.01551	0.01099	0.00776	0.00646	0.00194	0.00711	0.00582	0.00646	0.01099
40	0.01340	0.01148	0.01340	0.00957	0.01531	0.00861	0.00766	0.01627	0.01340	0.02105	0.01148	0.01340	0.00957	0.00479	0.00479	0.00096	0.00479	0.00383	0.00383	0.81242
41	0.01281	0.01211	0.02048	0.64166	0.15546	0.01452	0.01825	0.01704	0.01321	0.01725	0.01159	0.01703	0.00887	0.00635	0.00645	0.00212	0.00846	0.00574	0.00292	0.00767
42	0.00790	0.00656	0.00691	0.00682	0.00889	0.00557	0.00512	0.00979	0.01536	0.01895	0.18255	0.05973	0.61197	0.01581	0.00763	0.00216	0.00323	0.01329	0.00620	0.00557
43	0.00940	0.00626	0.00705	0.00705	0.00705	0.00626	0.00392	0.00940	0.00940	0.01253	0.02036	0.04228	0.02349	0.77292	0.03289	0.00626	0.00626	0.00940	0.00392	0.00392
44	0.81856	0.01250	0.00950	0.00850	0.01250	0.01449	0.00700	0.01899	0.01100	0.02899	0.00900	0.01050	0.00700	0.00600	0.00400	0.00200	0.00500	0.00350	0.00400	0.00700
45	0.00764	0.00655	0.00655	0.00655	0.00873	0.00545	0.00491	0.00927	0.01473	0.01745	0.06546	0.06218	0.73000	0.01636	0.00764	0.00218	0.00327	0.01364	0.00600	0.00545
46	0.01750	0.01678	0.01518	0.01364	0.01723	0.14484	0.01054	0.05044	0.55958	0.02517	0.02417	0.02269	0.03635	0.00857	0.00647	0.00209	0.00627	0.00688	0.00598	0.00964
47	0.02706	0.01327	0.01630	0.01259	0.01758	0.01298	0.01037	0.23669	0.05456	0.49413	0.02252	0.02013	0.01466	0.00796	0.00649	0.00199	0.00597	0.00633	0.00747	0.01096
48	0.00940	0.00626	0.00705	0.00705	0.00705	0.00626	0.00392	0.00940	0.00940	0.01253	0.02036	0.04228	0.02349	0.77292	0.03289	0.00626	0.00626	0.00940	0.00392	0.00392
49	0.00787	0.00562	0.00750	0.00900	0.00937	0.00525	0.00600	0.00900	0.01237	0.01649	0.03561	0.76871	0.04274	0.02024	0.00825	0.00262	0.00375	0.01837	0.00600	0.00525
50	0.01344	0.11588	0.66118	0.01760	0.02670	0.01618	0.02245	0.02034	0.01358	0.01988	0.01131	0.01328	0.00820	0.00607	0.00592	0.00197	0.00926	0.00463	0.00273	0.00941
51	0.00940	0.00626	0.00705	0.00705	0.00705	0.00626	0.00392	0.00940	0.00940	0.01253	0.02036	0.04228	0.02349	0.77292	0.03289	0.00626	0.00626	0.00940	0.00392	0.00392
52	0.00775	0.00610	0.00701	0.00773	0.00904	0.00535	0.00544	0.00914	0.01359	0.01699	0.05102	0.40386	0.39764	0.01824	0.00793	0.00240	0.00350	0.01592	0.00600	0.00535
53	0.01089	0.00872	0.01246	0.01148	0.01332	0.00864	0.07936	0.09144	0.01565	0.02105	0.12785	0.43270	0.08688	0.01578	0.00822	0.00239	0.02670	0.01419	0.00583	0.00645
54	0.41480	0.01624	0.01445	0.01186	0.01633	0.06887	0.00970	0.32230	0.02000	0.03319	0.01192	0.01277	0.00884	0.00681	0.00521	0.00195	0.00639	0.00456	0.00503	0.00878
55	0.01607	0.01388	0.01461	0.01315	0.01680	0.01607	0.01023	0.03433	0.72094	0.02703	0.02630	0.02411	0.01972	0.00877	0.00657	0.00219	0.00511	0.00731	0.00657	0.01023
56	0.01094	0.00770	0.00953	0.00879	0.01080	0.00741	0.00668	0.01564	0.10047	0.06450	0.55977	0.04500	0.10236	0.01263	0.00744	0.00206	0.00344	0.01103	0.00702	0.00680
57	0.00787	0.00562	0.00750	0.00900	0.00937	0.00525	0.00600	0.00900	0.01237	0.01649	0.03561	0.76871	0.04274	0.02024	0.00825	0.00262	0.00375	0.01837	0.00600	0.00525
58	0.00940	0.00626	0.00705	0.00705	0.00705	0.00626	0.00392	0.00940	0.00940	0.01253	0.02036	0.04228	0.02349	0.77292	0.03289	0.00626	0.00626	0.00940	0.00392	0.00392
59	0.00940	0.00626	0.00705	0.00705	0.00705	0.00626	0.00392	0.00940	0.00940	0.01253	0.02036	0.04228	0.02349	0.77292	0.03289	0.00626	0.00626	0.00940	0.00392	0.00392
60	0.02456	0.01810	0.01939	0.01487	0.02004	0.02004	0.01228	0.71107	0.03038	0.04072	0.01551	0.01551	0.01099	0.00776	0.00646	0.00194	0.00711	0.00582	0.00646	0.01099
61	0.01220	0.01148	0.01938	0.75739	0.04450	0.01436	0.01794	0.01651	0.01292	0.01651	0.01148	0.01723	0.00861	0.00646	0.00646	0.00215	0.00861	0.00574	0.00287	0.00718
62	0.01340	0.11004	0.66673	0.01766	0.02679	0.01609	0.02255	0.02035	0.01359	0.01992	0.01133	0.01330	0.00820	0.00608	0.00593	0.00198	0.00928	0.00464	0.00273	0.00942
63	0.02847	0.01183	0.01551	0.01189	0.01691	0.01073	0.00982	0.11124	0.01989	0.65537	0.02432	0.02123	0.01541	0.00797	0.00649	0.00199	0.00569	0.00642	0.00782	0.01100
64	0.00803	0.00659	0.00709	0.00706	0.00909	0.00565	0.00535	0.00998	0.01540	0.01911	0.18787	0.06002	0.57719	0.01584	0.00769	0.00219	0.00334	0.04071	0.00621	0.00559
65	0.01220	0.01148	0.01938	0.75739	0.04450	0.01436	0.01794	0.01651	0.01292	0.01651	0.01148	0.01723	0.00861	0.00646	0.00646	0.00215	0.00861	0.00574	0.00287	0.00718
66	0.00807	0.00595	0.00761	0.00885	0.00964	0.00549	0.00623	0.00946	0.01301	0.01693	0.04061	0.58146	0.16030	0.01935	0.00821	0.00258	0.00388	0.08103	0.00599	0.00535
67	0.02507	0.01728	0.01889	0.01448	0.01963	0.01883	0.01196	0.63307	0.02902	0.12065	0.01666	0.01626	0.01156	0.00778	0.00647	0.00195	0.00693	0.00590	0.00664	0.01099
68	0.01626	0.01306	0.01403	0.01254	0.01612	0.01475	0.00977	0.03210	0.61342	0.07345	0.06033	0.02663	0.05023	0.00923	0.00666	0.00217	0.00497	0.00771	0.00667	0.00989
69	0.00830	0.00606	0.00867	0.00964	0.01023	0.00567	0.03186	0.00940	0.01229	0.01641	0.03366	0.70642	0.04007	0.01980	0.00901	0.04003	0.00410	0.01738	0.00575	0.00526
70	0.01220	0.01148	0.01938	0.75739	0.04450	0.01436	0.01794	0.01651	0.01292	0.01651	0.01148	0.01723	0.00861	0.00646	0.00646	0.00215	0.00861	0.00574	0.00287	0.00718
71	0.00764	0.00655	0.00655	0.00655	0.00873	0.00545	0.00491	0.00927	0.01473	0.01745	0.06546	0.06218	0.73000	0.01636	0.00764	0.00218	0.00327	0.01364	0.00600	0.00545
72	0.01862	0.03669	0.02372	0.05072	0.47577	0.03490	0.01700	0.15228	0.03537	0.07167	0.01386	0.01626	0.01084	0.00639	0.00635	0.00192	0.00747	0.00575	0.00420	0.01022
73	0.03949	0.33833	0.09685	0.01320	0.01885	0.02006	0.03242	0.17642	0.07996	0.07196	0.01358	0.01419	0.01048	0.00652	0.00536	0.00171	0.00694	0.00480	0.00437	0.04451
74	0.07130	0.08004	0.01848	0.03392	0.01877	0.12505	0.02976	0.25319	0.10231	0.02756	0.04533	0.01641	0.01298	0.00724	0.00621	0.00179	0.02349	0.00544	0.00496	0.11578
75	0.17176	0.11664	0.04220	0.01539	0.08126	0.13909	0.02668	0.04250	0.13965	0.04583	0.03850	0.03635	0.01333	0.00760	0.00666	0.00196	0.05625	0.00560	0.00434	0.00841

[dist]
# distance from previous block
# <min> <max>
0	35

[block]
# block no. 1 follows, 34 sequences, length 103
# corresponding to MSA columns:
# 128-230
name=unknown_B
#
# <colnr> <probs for GDERKNQSTAVLIFYWHMCP>
#	G	D	E	R	K	N	Q	S	T	A	V	L	I	F	Y	W	H	M	C	P
0	0.01864	0.05799	0.02026	0.10553	0.09345	0.10707	0.08865	0.07389	0.12612	0.13636	0.01837	0.04035	0.02966	0.02752	0.00712	0.00209	0.00750	0.00657	0.00487	0.02800
1	0.01199	0.01010	0.03495	0.00987	0.01234	0.03827	0.00785	0.01805	0.15708	0.05474	0.47242	0.04049	0.08253	0.01178	0.00725	0.00206	0.00414	0.01017	0.00668	0.00726
2	0.00799	0.00571	0.00764	0.00901	0.00942	0.00543	0.00605	0.00915	0.01217	0.01629	0.03415	0.70585	0.04070	0.04527	0.04896	0.00316	0.00456	0.01747	0.00580	0.00523
3	0.01525	0.01743	0.03813	0.02723	0.03377	0.01634	0.70915	0.02070	0.01525	0.02070	0.01307	0.01743	0.00980	0.00545	0.00763	0.00218	0.01089	0.00763	0.00327	0.00871
4	0.01696	0.01391	0.01435	0.01252	0.01617	0.04412	0.00982	0.13517	0.44214	0.05621	0.07637	0.02744	0.08730	0.00952	0.00670	0.00211	0.00539	0.00781	0.00647	0.00953
5	0.02152	0.00924	0.01244	0.01042	0.01397	0.00818	0.00835	0.02401	0.01738	0.46663	0.14889	0.11373	0.02790	0.01076	0.00693	0.00210	0.00479	0.04282	0.04090	0.00904
6	0.00993	0.00682	0.00850	0.00796	0.00974	0.00616	0.00596	0.01255	0.01724	0.06205	0.53235	0.04934	0.18849	0.04409	0.00858	0.00223	0.00335	0.01170	0.00681	0.00615
7	0.02414	0.03079	0.01831	0.01665	0.01998	0.74698	0.01248	0.02580	0.01831	0.01581	0.00999	0.01165	0.00832	0.00666	0.00583	0.00166	0.01165	0.00416	0.00333	0.00749
8	0.00934	0.00624	0.00707	0.00713	0.00714	0.00622	0.00400	0.00938	0.00952	0.01269	0.02097	0.07142	0.02426	0.74273	0.03190	0.00612	0.00616	0.00976	0.00400	0.00397
9	0.20608	0.01213	0.01425	0.01120	0.01599	0.01181	0.00925	0.10510	0.01814	0.49952	0.02066	0.01868	0.01341	0.00752	0.00593	0.00199	0.00557	0.00575	0.00693	0.01010
10	0.01296	0.01193	0.01513	0.01379	0.01481	0.06073	0.01120	0.04544	0.01193	0.01676	0.01447	0.02317	0.01393	0.02644	0.31326	0.00579	0.31888	0.05920	0.00352	0.00666
11	0.00790	0.00652	0.00693	0.00691	0.00891	0.00555	0.00515	0.00975	0.01523	0.01883	0.17533	0.08826	0.59041	0.01599	0.00766	0.00217	0.00325	0.01350	0.00619	0.00555
12	0.01626	0.01263	0.01453	0.01068	0.01622	0.01080	0.00862	0.13363	0.03863	0.06678	0.01345	0.01459	0.01050	0.00559	0.00522	0.00122	0.00523	0.00443	0.00460	0.60639
13	0.00855	0.00636	0.00768	0.00841	0.00948	0.00589	0.00608	0.01001	0.01315	0.01684	0.06098	0.28868	0.24373	0.15086	0.01250	0.00318	0.00441	0.13234	0.00565	0.00522
14	0.01119	0.00641	0.00862	0.03093	0.01023	0.00644	0.00626	0.01165	0.01150	0.04826	0.06117	0.13332	0.02230	0.10113	0.07981	0.26935	0.00595	0.03304	0.13759	0.00486
15	0.00764	0.00655	0.00655	0.00655	0.00873	0.00545	0.00491	0.00927	0.01473	0.01745	0.06546	0.06218	0.73000	0.01636	0.00764	0.00218	0.00327	0.01364	0.00600	0.00545
16	0.78777	0.01271	0.00988	0.00874	0.01279	0.01471	0.00720	0.04583	0.01175	0.02944	0.00925	0.01069	0.00715	0.00607	0.00409	0.00200	0.00508	0.00359	0.00409	0.00715
17	0.00959	0.00663	0.00766	0.00757	0.00908	0.00596	0.00533	0.01111	0.01413	0.06045	0.17017	0.14917	0.32003	0.17886	0.01309	0.00308	0.00407	0.01259	0.00587	0.00554
18	0.01340	0.01148	0.01340	0.00957	0.01531	0.00861	0.00766	0.01627	0.01340	0.02105	0.01148	0.01340	0.00957	0.00479	0.00479	0.00096	0.00479	0.00383	0.00383	0.81242
19	0.00787	0.00562	0.00750	0.00900	0.00937	0.00525	0.00600	0.00900	0.01237	0.01649	0.03561	0.76871	0.04274	0.02024	0.00825	0.00262	0.00375	0.01837	0.00600	0.00525
20	0.02489	0.01757	0.01907	0.01462	0.01978	0.01926	0.01208	0.66095	0.02950	0.09208	0.01625	0.01599	0.01136	0.00777	0.00647	0.00194	0.00699	0.00587	0.00658	0.01099
21	0.00782	0.00623	0.00702	0.00751	0.00901	0.00542	0.00537	0.00937	0.01413	0.01767	0.09803	0.30947	0.44518	0.01752	0.00785	0.00233	0.00343	0.01517	0.00607	0.00542
22	0.12224	0.00768	0.00865	0.00801	0.01020	0.00734	0.00611	0.01363	0.01624	0.06910	0.41816	0.04421	0.19519	0.03629	0.00784	0.00219	0.00362	0.01058	0.00640	0.00632
23	0.00787	0.00562	0.00750	0.00900	0.00937	0.00525	0.00600	0.00900	0.01237	0.01649	0.03561	0.76871	0.04274	0.02024	0.00825	0.00262	0.00375	0.01837	0.00600	0.00525
24	0.01215	0.00931	0.01010	0.00943	0.01216	0.00941	0.00728	0.01938	0.25376	0.06690	0.06361	0.04514	0.37077	0.01347	0.00794	0.03361	0.00423	0.03777	0.00623	0.00736
25	0.10507	0.01284	0.01467	0.01295	0.04373	0.01360	0.00991	0.12371	0.25714	0.22219	0.09553	0.02309	0.02007	0.00847	0.00637	0.00206	0.00537	0.00687	0.00660	0.00977
26	0.01122	0.00561	0.00842	0.00842	0.00842	0.00561	0.00561	0.00842	0.00842	0.01122	0.01122	0.01964	0.01122	0.02245	0.02525	0.81201	0.00561	0.00561	0.00281	0.00281
27	0.01525	0.01743	0.03813	0.02723	0.03377	0.01634	0.70915	0.02070	0.01525	0.02070	0.01307	0.01743	0.00980	0.00545	0.00763	0.00218	0.01089	0.00763	0.00327	0.00871
28	0.00936	0.00688	0.01019	0.01019	0.01136	0.00798	0.00792	0.01169	0.01053	0.01540	0.01748	0.02533	0.01617	0.04663	0.71418	0.00999	0.01667	0.00688	0.03939	0.00578
29	0.01833	0.01590	0.01918	0.30931	0.05066	0.07277	0.01469	0.28537	0.07138	0.02662	0.01389	0.01648	0.01035	0.00732	0.00703	0.00206	0.03936	0.00576	0.00456	0.00897
30	0.02414	0.03079	0.01831	0.01665	0.01998	0.74698	0.01248	0.02580	0.01831	0.01581	0.00999	0.01165	0.00832	0.00666	0.00583	0.00166	0.01165	0.00416	0.00333	0.00749
31	0.00785	0.00621	0.00707	0.00758	0.00904	0.00543	0.00541	0.00941	0.01415	0.01780	0.10910	0.32220	0.42084	0.01754	0.00786	0.00233	0.00343	0.01523	0.00609	0.00543
32	0.02415	0.03041	0.01834	0.01659	0.01998	0.72509	0.01248	0.04644	0.01867	0.01656	0.01015	0.01177	0.00840	0.00669	0.00585	0.00167	0.01152	0.00421	0.00342	0.00760
33	0.07806	0.04300	0.26485	0.01494	0.02145	0.03799	0.01532	0.25798	0.02019	0.16184	0.01523	0.01547	0.01052	0.00703	0.00610	0.00197	0.00762	0.00531	0.00510	0.01003
34	0.00924	0.00687	0.01012	0.01012	0.01118	0.00793	0.00774	0.01137	0.01030	0.01480	0.01755	0.02675	0.01674	0.10688	0.68971	0.01005	0.01642	0.00712	0.00350	0.00562
35	0.00940	0.00626	0.00705	0.00705	0.00705	0.00626	0.00392	0.00940	0.00940	0.01253	0.02036	0.04228	0.02349	0.77292	0.03289	0.00626	0.00626	0.00940	0.00392	0.00392
36	0.00925	0.00737	0.00840	0.00813	0.01010	0.00695	0.00609	0.01338	0.09944	0.02188	0.32237	0.10249	0.33133	0.01449	0.00755	0.00216	0.00344	0.01245	0.00651	0.00626
37	0.06299	0.08794	0.07792	0.01566	0.02077	0.10825	0.09807	0.20964	0.16484	0.06615	0.01605	0.01651	0.01191	0.00713	0.00618	0.00195	0.00770	0.00576	0.00503	0.00955
38	0.00787	0.00562	0.00750	0.00900	0.00937	0.00525	0.00600	0.00900	0.01237	0.01649	0.03561	0.76871	0.04274	0.02024	0.00825	0.00262	0.00375	0.01837	0.00600	0.00525
39	0.01340	0.01148	0.01340	0.00957	0.01531	0.00861	0.00766	0.01627	0.01340	0.02105	0.01148	0.01340	0.00957	0.00479	0.00479	0.00096	0.00479	0.00383	0.00383	0.81242
40	0.00977	0.00715	0.00944	0.00921	0.00967	0.00807	0.00644	0.01072	0.00980	0.01372	0.01794	0.03270	0.01904	0.40430	0.31388	0.02940	0.07227	0.00801	0.00362	0.00487
41	0.00940	0.00626	0.00705	0.00705	0.00705	0.00626	0.00392	0.00940	0.00940	0.01253	0.02036	0.04228	0.02349	0.77292	0.03289	0.00626	0.00626	0.00940	0.00392	0.00392
42	0.01679	0.01567	0.02183	0.08542	0.15514	0.04563	0.13202	0.09798	0.30821	0.02492	0.01836	0.01947	0.01394	0.00725	0.00667	0.00209	0.00735	0.00666	0.00492	0.00968
43	0.01229	0.00668	0.00926	0.00930	0.01021	0.00651	0.00666	0.01245	0.03691	0.08880	0.04250	0.19234	0.02324	0.04272	0.01710	0.39701	0.00514	0.07135	0.00463	0.00488
44	0.02499	0.01741	0.01897	0.01454	0.01970	0.01902	0.01201	0.64550	0.02923	0.10791	0.01648	0.01614	0.01147	0.00778	0.00647	0.00194	0.00695	0.00588	0.00661	0.01099
45	0.00791	0.00660	0.00693	0.00697	0.00906	0.00562	0.00531	0.00973	0.01502	0.01824	0.11715	0.06165	0.63800	0.01619	0.00771	0.00221	0.00340	0.05068	0.00609	0.00553
46	0.01134	0.00699	0.00847	0.00836	0.00925	0.00691	0.00555	0.03884	0.01219	0.07422	0.04198	0.21177	0.02708	0.39025	0.06733	0.00476	0.00607	0.01087	0.05240	0.00538
47	0.00902	0.00630	0.00782	0.00861	0.00965	0.00581	0.00595	0.01076	0.03163	0.04711	0.05974	0.52682	0.17893	0.04865	0.00898	0.00263	0.00384	0.01609	0.00604	0.00563
48	0.00786	0.00655	0.00685	0.00678	0.00886	0.00555	0.00508	0.00970	0.01525	0.01870	0.16338	0.06013	0.63129	0.01590	0.00763	0.00216	0.00324	0.01335	0.00616	0.00555
49	0.01086	0.00566	0.00825	0.00835	0.00837	0.00564	0.00550	0.00853	0.00875	0.01166	0.01351	0.06947	0.01421	0.08151	0.02476	0.69653	0.00554	0.00673	0.00310	0.00305
50	0.01180	0.00735	0.00920	0.00924	0.01090	0.00693	0.00685	0.05136	0.01528	0.10177	0.12684	0.34947	0.11681	0.03891	0.00842	0.00247	0.00421	0.06902	0.04676	0.00641
51	0.08977	0.01722	0.01832	0.01415	0.01921	0.01896	0.01168	0.61435	0.02809	0.08086	0.01557	0.01548	0.01096	0.00763	0.00626	0.00195	0.00684	0.00567	0.00635	0.01066
52	0.04064	0.00680	0.00683	0.00686	0.00904	0.00595	0.00524	0.01021	0.01452	0.01840	0.05901	0.05839	0.62422	0.01550	0.00737	0.00217	0.00346	0.04652	0.05330	0.00557
53	0.00822	0.00649	0.00744	0.00788	0.00938	0.00586	0.00565	0.01047	0.04164	0.01841	0.12632	0.32081	0.37392	0.01716	0.00782	0.00233	0.00350	0.01493	0.00614	0.00563
54	0.01069	0.00679	0.00818	0.00798	0.00967	0.00612	0.00578	0.01256	0.01496	0.09424	0.22060	0.18674	0.24158	0.09682	0.01022	0.00262	0.00385	0.01250	0.04209	0.00602
55	0.01296	0.03342	0.73944	0.01842	0.02797	0.01501	0.02387	0.02046	0.01364	0.02046	0.01160	0.01364	0.00818	0.00614	0.00614	0.00205	0.00955	0.00477	0.00273	0.00955
56	0.00787	0.00562	0.00750	0.00900	0.00937	0.00525	0.00600	0.00900	0.01237	0.01649	0.03561	0.76871	0.04274	0.02024	0.00825	0.00262	0.00375	0.01837	0.00600	0.00525
57	0.00987	0.00627	0.00822	0.00907	0.00996	0.00589	0.00641	0.01141	0.01327	0.06375	0.08165	0.51866	0.03912	0.06933	0.00964	0.00276	0.00415	0.07718	0.04770	0.00569
58	0.02346	0.01758	0.01819	0.01417	0.01895	0.04913	0.01162	0.62216	0.02842	0.03824	0.01577	0.01610	0.01136	0.00769	0.00627	0.00189	0.00694	0.00577	0.07590	0.01041
59	0.01296	0.03342	0.73944	0.01842	0.02797	0.01501	0.02387	0.02046	0.01364	0.02046	0.01160	0.01364	0.00818	0.00614	0.00614	0.00205	0.00955	0.00477	0.00273	0.00955
60	0.01340	0.01148	0.01340	0.00957	0.01531	0.00861	0.00766	0.01627	0.01340	0.02105	0.01148	0.01340	0.00957	0.00479	0.00479	0.00096	0.00479	0.00383	0.00383	0.81242
61	0.00905	0.00612	0.00715	0.00750	0.00758	0.00603	0.00439	0.00930	0.01008	0.01344	0.02387	0.20943	0.02792	0.59974	0.02722	0.00543	0.00569	0.01146	0.00439	0.00422
62	0.00925	0.00644	0.00814	0.00823	0.00862	0.00678	0.00537	0.01006	0.00989	0.01355	0.02028	0.07976	0.02228	0.49700	0.25973	0.00737	0.00964	0.00914	0.00389	0.00459
63	0.00810	0.00648	0.00724	0.00723	0.00905	0.00562	0.00535	0.01009	0.01555	0.01982	0.25525	0.12212	0.47374	0.01580	0.00769	0.00218	0.00325	0.01350	0.00632	0.00562
64	0.01009	0.00676	0.00883	0.00834	0.00998	0.00620	0.00624	0.01291	0.01771	0.06406	0.61379	0.10623	0.07701	0.01359	0.00761	0.00208	0.00325	0.01201	0.00704	0.00628
65	0.02275	0.02829	0.01823	0.01647	0.01952	0.63800	0.01250	0.02538	0.05902	0.01645	0.01081	0.01261	0.00901	0.00720	0.00726	0.00180	0.07913	0.00448	0.00348	0.00761
66	0.01525	0.01743	0.03813	0.02723	0.03377	0.01634	0.70915	0.02070	0.01525	0.02070	0.01307	0.01743	0.00980	0.00545	0.00763	0.00218	0.01089	0.00763	0.00327	0.00871
67	0.00935	0.00662	0.00789	0.00789	0.00815	0.00686	0.00494	0.00981	0.01006	0.01348	0.02346	0.09855	0.06543	0.57104	0.09364	0.00596	0.03836	0.00998	0.00412	0.00441
68	0.01140	0.00761	0.01017	0.01102	0.01261	0.00748	0.00915	0.03422	0.01485	0.06143	0.03381	0.15850	0.06591	0.06657	0.01013	0.00302	0.00557	0.46444	0.00596	0.00615
69	0.00802	0.00573	0.00767	0.00917	0.00961	0.00538	0.00626	0.00926	0.01252	0.01666	0.03553	0.72764	0.04241	0.02010	0.00829	0.00264	0.00388	0.05796	0.00600	0.00529
70	0.02375	0.07441	0.01926	0.01626	0.01978	0.68088	0.01239	0.04760	0.01840	0.01658	0.01011	0.01170	0.00841	0.00663	0.00575	0.00166	0.01123	0.00417	0.00340	0.00765
71	0.00968	0.00755	0.01112	0.01086	0.01187	0.00907	0.00848	0.01182	0.01030	0.01496	0.01662	0.02497	0.01572	0.07119	0.65583	0.00955	0.08426	0.00690	0.00342	0.00582
72	0.18745	0.01461	0.04862	0.06460	0.15023	0.05009	0.01219	0.10734	0.01633	0.19047	0.01548	0.01777	0.01166	0.05271	0.03141	0.00249	0.00711	0.00559	0.00490	0.00895
73	0.01569	0.01150	0.01500	0.01650	0.15301	0.01189	0.01068	0.04399	0.24340	0.11997	0.18770	0.07443	0.04826	0.01000	0.00690	0.00209	0.00511	0.00873	0.00618	0.00896
74	0.01220	0.01148	0.01938	0.75739	0.04450	0.01436	0.01794	0.01651	0.01292	0.01651	0.01148	0.01723	0.00861	0.00646	0.00646	0.00215	0.00861	0.00574	0.00287	0.00718
75	0.02456	0.01810	0.01939	0.01487	0.02004	0.02004	0.01228	0.71107	0.03038	0.04072	0.01551	0.01551	0.01099	0.00776	0.00646	0.00194	0.00711	0.00582	0.00646	0.01099
76	0.01435	0.01518	0.05554	0.29533	0.19432	0.01518	0.24132	0.03449	0.01452	0.01979	0.01247	0.01699	0.00959	0.00602	0.00676	0.00208	0.00901	0.00632	0.02223	0.00852
77	0.00911	0.00635	0.00753	0.00760	0.00804	0.00636	0.00477	0.00975	0.01056	0.01408	0.05266	0.08506	0.09269	0.53087	0.12252	0.00604	0.00717	0.01009	0.00430	0.00447
78	0.01296	0.03342	0.73944	0.01842	0.02797	0.01501	0.02387	0.02046	0.01364	0.02046	0.01160	0.01364	0.00818	0.00614	0.00614	0.00205	0.00955	0.00477	0.00273	0.00955
79	0.15521	0.01671	0.01723	0.01363	0.01844	0.01869	0.01118	0.52309	0.10197	0.03729	0.01560	0.01561	0.01127	0.00757	0.00607	0.00198	0.00654	0.00559	0.00607	0.01024
80	0.01176	0.00738	0.00859	0.00825	0.01057	0.00650	0.00623	0.01402	0.03655	0.14332	0.06926	0.19569	0.41372	0.01539	0.00755	0.00225	0.00386	0.02616	0.00640	0.00655
81	0.20273	0.01306	0.01485	0.01165	0.01647	0.01317	0.00962	0.19448	0.01973	0.41046	0.01941	0.01787	0.01278	0.00750	0.00594	0.00198	0.00578	0.00567	0.00674	0.01011
82	0.00930	0.00686	0.00873	0.00822	0.00986	0.00642	0.00617	0.01282	0.04339	0.02545	0.66425	0.04823	0.09943	0.01324	0.00758	0.00205	0.00314	0.01164	0.00703	0.00621
83	0.01658	0.01236	0.01368	0.01229	0.01569	0.01370	0.00952	0.03044	0.52855	0.11612	0.06506	0.09370	0.02360	0.00997	0.00678	0.00220	0.00493	0.00846	0.00673	0.00964
84	0.01427	0.00841	0.01041	0.00977	0.01207	0.00808	0.00754	0.01814	0.09671	0.17853	0.12830	0.10575	0.12565	0.12395	0.01120	0.00288	0.00486	0.11997	0.00635	0.00716
85	0.49825	0.01408	0.01270	0.01057	0.01494	0.04525	0.00867	0.15446	0.01631	0.15136	0.01310	0.01347	0.00935	0.00670	0.00497	0.00197	0.00577	0.00448	0.00513	0.00847
86	0.01241	0.00638	0.00642	0.00628	0.00790	0.00644	0.00475	0.03556	0.01405	0.02458	0.02091	0.02384	0.01640	0.00753	0.00457	0.00152	0.00313	0.00602	0.78516	0.00617
87	0.00833	0.00624	0.00767	0.00800	0.00925	0.00564	0.00570	0.01026	0.01508	0.02012	0.29966	0.30314	0.22319	0.03698	0.00853	0.00239	0.00344	0.01445	0.00636	0.00558
88	0.01451	0.00894	0.01107	0.00988	0.01252	0.00872	0.00771	0.04174	0.12458	0.16447	0.37573	0.06193	0.07758	0.01193	0.00728	0.00211	0.00413	0.04035	0.00704	0.00777
89	0.02414	0.03079	0.01831	0.01665	0.01998	0.74698	0.01248	0.02580	0.01831	0.01581	0.00999	0.01165	0.00832	0.00666	0.00583	0.00166	0.01165	0.00416	0.00333	0.00749
90	0.00962	0.00624	0.00696	0.00696	0.00709	0.00624	0.00397	0.00987	0.00975	0.01350	0.02042	0.04075	0.02291	0.70851	0.03050	0.00586	0.00599	0.00911	0.07165	0.00409
91	0.09550	0.00955	0.01084	0.00952	0.01270	0.00925	0.00751	0.06855	0.06191	0.21497	0.07909	0.10088	0.22089	0.01182	0.00678	0.00212	0.00452	0.02705	0.03868	0.00786
92	0.00853	0.00658	0.00778	0.00748	0.00927	0.00583	0.00561	0.01099	0.01683	0.02244	0.45684	0.05398	0.33550	0.01450	0.00763	0.00209	0.00314	0.01249	0.00666	0.00583
93	0.00850	0.00658	0.00774	0.00745	0.00926	0.00582	0.00559	0.01095	0.01677	0.02230	0.44558	0.05421	0.34685	0.01456	0.00763	0.00210	0.00314	0.01252	0.00664	0.00582
94	0.00940	0.00698	0.00965	0.00972	0.01101	0.00750	0.00745	0.01212	0.04083	0.01754	0.13179	0.09673	0.08459	0.03367	0.40981	0.04282	0.01122	0.04669	0.00467	0.00581
95	0.12229	0.01019	0.01193	0.01038	0.01310	0.01057	0.00803	0.15986	0.01644	0.14391	0.07438	0.09257	0.03868	0.01525	0.05455	0.19175	0.00607	0.00751	0.00536	0.00717
96	0.00963	0.00682	0.00879	0.00867	0.00929	0.00738	0.00602	0.01094	0.01091	0.01551	0.08458	0.06123	0.02419	0.36365	0.25744	0.00664	0.04292	0.00877	0.05159	0.00503
97	0.01340	0.05173	0.62044	0.01946	0.02847	0.01549	0.12072	0.02046	0.01386	0.02035	0.01173	0.01409	0.00842	0.00602	0.00629	0.00205	0.00967	0.00514	0.00281	0.00940
98	0.01893	0.02143	0.02398	0.05735	0.32439	0.30066	0.09906	0.02252	0.03504	0.01897	0.01177	0.01474	0.00963	0.00618	0.00633	0.00187	0.00958	0.00540	0.00334	0.00886
99	0.01601	0.04464	0.01762	0.05131	0.15825	0.09588	0.01237	0.12236	0.01549	0.02010	0.01495	0.06161	0.01419	0.01198	0.01193	0.16260	0.08937	0.06802	0.00396	0.00735
100	0.01130	0.00888	0.01034	0.07796	0.01367	0.05130	0.00768	0.03349	0.05222	0.01863	0.18169	0.12313	0.11248	0.06844	0.01289	0.17196	0.00525	0.02804	0.00503	0.00562
101	0.03628	0.01678	0.01315	0.01271	0.03539	0.29200	0.00922	0.03638	0.03461	0.01796	0.08335	0.04530	0.12840	0.06286	0.12023	0.02767	0.00918	0.00756	0.00436	0.00662
102	0.32369	0.05299	0.01316	0.01126	0.03952	0.07421	0.00850	0.07062	0.03284	0.02371	0.01724	0.09326	0.05851	0.04963	0.00732	0.00217	0.02934	0.00647	0.00438	0.08119

[dist]
# distance from previous block
# <min> <max>
1	17

[block]
# block no. 2 follows, 34 sequences, length 39
# corresponding to MSA columns:
# 248-286
name=unknown_C
#
# <colnr> <probs for GDERKNQSTAVLIFYWHMCP>
#	G	D	E	R	K	N	Q	S	T	A	V	L	I	F	Y	W	H	M	C	P
0	0.02968	0.12862	0.11556	0.01154	0.01517	0.01163	0.03916	0.05673	0.01539	0.06032	0.15220	0.24025	0.07399	0.01219	0.00686	0.00211	0.00550	0.01054	0.00524	0.00732
1	0.01553	0.19508	0.02154	0.05348	0.03993	0.06864	0.01241	0.01892	0.07647	0.03222	0.04039	0.01756	0.02894	0.02984	0.01273	0.00232	0.31699	0.00573	0.00358	0.00770
2	0.01777	0.36918	0.06767	0.01221	0.01708	0.01942	0.01134	0.14926	0.08532	0.06309	0.04327	0.06892	0.01552	0.00808	0.00561	0.00179	0.00646	0.02455	0.00459	0.00885
3	0.01729	0.20391	0.31893	0.01525	0.02195	0.08938	0.01645	0.12251	0.05555	0.04221	0.03066	0.01463	0.01081	0.00666	0.00576	0.00184	0.00826	0.00492	0.00381	0.00925
4	0.01402	0.00981	0.01271	0.08673	0.01661	0.01035	0.00959	0.06753	0.09201	0.10788	0.13686	0.03522	0.09706	0.01695	0.12236	0.00345	0.03128	0.08539	0.00561	0.03858
5	0.01761	0.08435	0.02156	0.02388	0.31112	0.06396	0.01435	0.17043	0.08427	0.02450	0.01747	0.04040	0.04303	0.02762	0.00705	0.00206	0.00713	0.02533	0.00448	0.00943
6	0.01475	0.01525	0.02943	0.21135	0.27578	0.01551	0.30278	0.01937	0.01449	0.01981	0.01237	0.01689	0.00966	0.00580	0.00692	0.00208	0.00923	0.00652	0.00315	0.00886
7	0.01296	0.03342	0.73944	0.01842	0.02797	0.01501	0.02387	0.02046	0.01364	0.02046	0.01160	0.01364	0.00818	0.00614	0.00614	0.00205	0.00955	0.00477	0.00273	0.00955
8	0.77469	0.01281	0.01004	0.00885	0.01291	0.01480	0.00729	0.05723	0.01207	0.02964	0.00936	0.01077	0.00722	0.00610	0.00413	0.00200	0.00511	0.00363	0.00413	0.00722
9	0.00839	0.00713	0.00730	0.00716	0.00942	0.00633	0.00540	0.01141	0.07045	0.01870	0.10089	0.05838	0.63534	0.01558	0.00755	0.00217	0.00340	0.01303	0.00611	0.00587
10	0.02899	0.01100	0.01499	0.01150	0.01649	0.00950	0.00950	0.03149	0.01849	0.73709	0.02549	0.02199	0.01599	0.00800	0.00650	0.00200	0.00550	0.00650	0.00800	0.01100
11	0.00773	0.00655	0.00667	0.00664	0.00878	0.00549	0.00498	0.00945	0.01494	0.01796	0.10494	0.06135	0.69020	0.01618	0.00764	0.00217	0.00326	0.01352	0.00607	0.00549
12	0.00900	0.00596	0.00772	0.00874	0.00923	0.00561	0.00576	0.00998	0.01207	0.04485	0.03240	0.60519	0.03812	0.15795	0.01270	0.00327	0.00428	0.01624	0.00570	0.00524
13	0.02899	0.01100	0.01499	0.01150	0.01649	0.00950	0.00950	0.03149	0.01849	0.73709	0.02549	0.02199	0.01599	0.00800	0.00650	0.00200	0.00550	0.00650	0.00800	0.01100
14	0.00940	0.00626	0.00705	0.00705	0.00705	0.00626	0.00392	0.00940	0.00940	0.01253	0.02036	0.04228	0.02349	0.77292	0.03289	0.00626	0.00626	0.00940	0.00392	0.00392
15	0.02799	0.01261	0.01599	0.01226	0.01730	0.01189	0.01013	0.18551	0.02119	0.57927	0.02323	0.02052	0.01486	0.00794	0.00649	0.00199	0.00586	0.00634	0.00765	0.01099
16	0.00854	0.00630	0.00805	0.00892	0.00984	0.00596	0.00629	0.01085	0.04241	0.01894	0.17233	0.51347	0.09970	0.01800	0.00804	0.00247	0.00372	0.04427	0.00624	0.00566
17	0.66549	0.01326	0.01121	0.00958	0.01379	0.01509	0.00789	0.12224	0.01421	0.06235	0.01070	0.01175	0.00799	0.00635	0.00448	0.00199	0.00533	0.00398	0.00454	0.00777
18	0.01661	0.01652	0.02563	0.03792	0.67865	0.07076	0.01927	0.02028	0.01498	0.02071	0.01199	0.01566	0.01009	0.00583	0.00635	0.00190	0.00798	0.00564	0.00321	0.01003
19	0.00919	0.00614	0.00797	0.00861	0.00936	0.00575	0.00585	0.01062	0.01346	0.04576	0.18492	0.47465	0.04285	0.12954	0.01169	0.00301	0.00403	0.01512	0.00601	0.00546
20	0.04395	0.01049	0.01271	0.01079	0.01423	0.01036	0.00849	0.06980	0.14984	0.29558	0.16718	0.08519	0.04723	0.03474	0.00767	0.00223	0.00486	0.00874	0.00699	0.00893
21	0.01361	0.01327	0.01931	0.08891	0.07327	0.01778	0.01434	0.01557	0.01060	0.01601	0.00992	0.01568	0.00938	0.01408	0.09008	0.00344	0.55886	0.00580	0.00292	0.00719
22	0.02582	0.01608	0.01814	0.01391	0.01903	0.01704	0.01149	0.51792	0.02700	0.23865	0.01835	0.01735	0.01241	0.00782	0.00647	0.00196	0.00665	0.00601	0.00690	0.01099
23	0.01065	0.00722	0.00880	0.00887	0.01072	0.00668	0.00672	0.01356	0.05394	0.08373	0.17141	0.23748	0.24926	0.01578	0.00777	0.00234	0.00395	0.08837	0.00641	0.00633
24	0.01749	0.01239	0.01379	0.01214	0.01574	0.01355	0.00956	0.04845	0.47562	0.14625	0.07432	0.02754	0.04138	0.00933	0.00666	0.00214	0.00500	0.02647	0.03248	0.00972
25	0.00803	0.00571	0.00750	0.00882	0.00921	0.00536	0.00584	0.00914	0.01236	0.01654	0.05959	0.68758	0.04194	0.07699	0.01009	0.00288	0.00391	0.01745	0.00588	0.00518
26	0.00799	0.00567	0.00746	0.00885	0.00920	0.00533	0.00584	0.00903	0.01215	0.01619	0.03446	0.71369	0.04128	0.07725	0.01011	0.00290	0.00394	0.01769	0.00584	0.00515
27	0.01621	0.00850	0.01035	0.00947	0.01193	0.00821	0.00724	0.04158	0.07474	0.22153	0.04012	0.17739	0.04691	0.06920	0.00859	0.00241	0.00457	0.04521	0.18823	0.00759
28	0.10032	0.00681	0.00691	0.00706	0.00868	0.00700	0.00536	0.01460	0.01312	0.02317	0.02211	0.09815	0.01980	0.03405	0.00607	0.00193	0.00363	0.05877	0.55648	0.00598
29	0.00923	0.00692	0.01038	0.01038	0.01154	0.00808	0.00808	0.01154	0.01038	0.01500	0.01731	0.02538	0.01615	0.04846	0.74732	0.01038	0.01731	0.00692	0.00346	0.00577
30	0.01168	0.00857	0.01111	0.01054	0.01212	0.00951	0.00798	0.12991	0.01392	0.01925	0.01979	0.12324	0.01970	0.13096	0.43266	0.00740	0.01238	0.00855	0.00436	0.00635
31	0.00993	0.00682	0.00926	0.00912	0.01006	0.00723	0.00661	0.03226	0.01192	0.01655	0.12641	0.07010	0.04206	0.15997	0.31630	0.13742	0.01000	0.00858	0.00427	0.00515
32	0.01811	0.60266	0.03037	0.01238	0.01714	0.13757	0.01151	0.02007	0.01369	0.01532	0.00910	0.01085	0.00831	0.00614	0.00570	0.00154	0.06488	0.00373	0.00286	0.00807
33	0.00944	0.00719	0.01059	0.01047	0.01152	0.00847	0.00810	0.01159	0.01031	0.01489	0.01711	0.02585	0.01624	0.08694	0.67751	0.00984	0.04777	0.00701	0.00346	0.00572
34	0.00910	0.00691	0.01013	0.01015	0.01110	0.00678	0.05278	0.01045	0.01227	0.01652	0.07018	0.42259	0.06310	0.10842	0.07970	0.04841	0.02090	0.03001	0.00517	0.00535
35	0.01552	0.01261	0.01832	0.33901	0.13773	0.01424	0.01491	0.10884	0.09550	0.06181	0.01746	0.02219	0.03030	0.00776	0.00655	0.00210	0.00721	0.04256	0.03685	0.00853
36	0.01818	0.02225	0.07863	0.15407	0.07569	0.33415	0.01476	0.02182	0.05948	0.01721	0.01144	0.01455	0.00935	0.00783	0.00870	0.03323	0.10252	0.00506	0.00331	0.00774
37	0.01098	0.00770	0.00902	0.00866	0.00940	0.00800	0.00572	0.08513	0.01253	0.01679	0.04212	0.15961	0.04795	0.45039	0.02357	0.04934	0.03307	0.01037	0.00459	0.00506
38	0.03894	0.01290	0.01884	0.06657	0.24653	0.01358	0.01367	0.09637	0.01624	0.20007	0.01743	0.07475	0.01421	0.01077	0.05198	0.00261	0.08341	0.00690	0.00494	0.00928

[dist]
# distance from previous block
# <min> <max>
2	5

[block]
# block no. 3 follows, 34 sequences, length 9
# corresponding to MSA columns:
# 292-300
name=unknown_D
#
# <colnr> <probs for GDERKNQSTAVLIFYWHMCP>
#	G	D	E	R	K	N	Q	S	T	A	V	L	I	F	Y	W	H	M	C	P
0	0.11734	0.02042	0.10401	0.10240	0.28584	0.18792	0.05194	0.02090	0.01482	0.02027	0.01116	0.01421	0.00895	0.00610	0.00600	0.00192	0.00876	0.00508	0.00324	0.00871
1	0.01415	0.06116	0.01586	0.04497	0.06951	0.02992	0.04698	0.10502	0.07711	0.05118	0.02427	0.31665	0.02505	0.01256	0.00709	0.00221	0.00578	0.03839	0.00532	0.04681
2	0.00936	0.00636	0.00753	0.00750	0.00773	0.00646	0.00454	0.00982	0.01009	0.01369	0.06636	0.04074	0.02510	0.64010	0.11322	0.00646	0.00732	0.00926	0.00407	0.00427
3	0.02122	0.01799	0.01973	0.14021	0.08725	0.11623	0.01394	0.37765	0.02284	0.05339	0.01371	0.01545	0.01019	0.00744	0.00726	0.00199	0.05336	0.00559	0.00499	0.00958
4	0.00928	0.00711	0.00873	0.00904	0.01048	0.00703	0.00671	0.01270	0.08075	0.01918	0.15607	0.24161	0.18449	0.05858	0.09399	0.00350	0.00554	0.07342	0.00584	0.00596
5	0.01404	0.01190	0.01839	0.33329	0.19753	0.01329	0.01484	0.09397	0.01458	0.01945	0.01452	0.02015	0.03621	0.05446	0.01051	0.10810	0.00750	0.00624	0.00352	0.00751
6	0.00892	0.00674	0.00862	0.00911	0.01050	0.00589	0.00631	0.01038	0.01257	0.01736	0.03103	0.62514	0.03643	0.01730	0.00759	0.00231	0.00395	0.01560	0.00559	0.15868
7	0.01576	0.01356	0.01583	0.01442	0.04495	0.01520	0.04425	0.06949	0.54284	0.02715	0.10117	0.02561	0.02287	0.00891	0.00673	0.00215	0.00538	0.00765	0.00633	0.00975
8	0.01502	0.01438	0.02474	0.10161	0.56652	0.01455	0.05731	0.01887	0.01459	0.02045	0.01511	0.02092	0.03454	0.00683	0.00666	0.00202	0.00770	0.04529	0.00342	0.00947

[dist]
# distance from previous block
# <min> <max>
0	15

[block]
# block no. 4 follows, 34 sequences, length 81
# corresponding to MSA columns:
# 316-396
name=unknown_E
#
# <colnr> <probs for GDERKNQSTAVLIFYWHMCP>
#	G	D	E	R	K	N	Q	S	T	A	V	L	I	F	Y	W	H	M	C	P
0	0.11752	0.01503	0.08798	0.10697	0.20507	0.01404	0.01417	0.12422	0.03491	0.07071	0.04305	0.02067	0.06386	0.00957	0.04283	0.00243	0.00733	0.00631	0.00446	0.00885
1	0.03769	0.01655	0.02153	0.07210	0.26818	0.10418	0.07157	0.08242	0.14237	0.04726	0.04084	0.01825	0.01351	0.00709	0.00685	0.00201	0.02768	0.00618	0.00439	0.00935
2	0.04489	0.06420	0.08023	0.06255	0.19481	0.03408	0.16209	0.03765	0.08384	0.02095	0.03520	0.03819	0.01351	0.01128	0.08554	0.00291	0.00904	0.00659	0.00379	0.00867
3	0.11790	0.03460	0.01795	0.01344	0.01848	0.01582	0.06319	0.31590	0.07412	0.05451	0.01470	0.01559	0.01100	0.00782	0.02519	0.00198	0.00670	0.00535	0.00524	0.18052
4	0.01009	0.00720	0.01043	0.01021	0.01137	0.00821	0.00783	0.01218	0.01083	0.04116	0.04167	0.02736	0.01816	0.11491	0.60632	0.00919	0.03602	0.00727	0.00377	0.00583
5	0.00921	0.00673	0.00956	0.00962	0.01050	0.00758	0.00711	0.01099	0.01025	0.01453	0.01865	0.05688	0.01872	0.20207	0.56706	0.00921	0.01444	0.00788	0.00365	0.00535
6	0.00935	0.00624	0.00706	0.00711	0.00712	0.00623	0.00398	0.00938	0.00950	0.01266	0.02087	0.06659	0.02413	0.74774	0.03206	0.00614	0.00618	0.00970	0.00398	0.00396
7	0.01530	0.11911	0.06715	0.05363	0.03165	0.01743	0.55907	0.02034	0.01481	0.01979	0.01240	0.01632	0.00949	0.00553	0.00705	0.00207	0.01021	0.00687	0.00316	0.00863
8	0.02147	0.04189	0.03930	0.01473	0.01885	0.20229	0.01212	0.28302	0.04205	0.07122	0.03273	0.01555	0.01166	0.00776	0.00789	0.00190	0.09765	0.00538	0.00495	0.06758
9	0.01673	0.62456	0.10038	0.01481	0.09413	0.02347	0.01322	0.01951	0.01335	0.01633	0.00957	0.01128	0.00849	0.00561	0.00458	0.00150	0.00724	0.00383	0.00281	0.00862
