[name]
unknown

[dist]
# distance from previous block
# <min> <max>
0	7

[block]
# block no. 0 follows, 33 sequences, length 6
# corresponding to MSA columns:
# 25-30
name=unknown_A
#
# <colnr> <probs for GDERKNQSTAVLIFYWHMCP>
#	G	D	E	R	K	N	Q	S	T	A	V	L	I	F	Y	W	H	M	C	P
0	0.01232	0.00887	0.01170	0.01248	0.01444	0.00910	0.01083	0.09586	0.01703	0.02229	0.03259	0.06731	0.03472	0.01696	0.00880	0.00291	0.00620	0.60278	0.00612	0.00667
1	0.01290	0.00989	0.01408	0.03750	0.06127	0.01023	0.05882	0.06790	0.04705	0.05214	0.02201	0.05928	0.06555	0.19101	0.22477	0.00549	0.00974	0.00828	0.00447	0.03760
2	0.01645	0.01680	0.10450	0.01412	0.01744	0.10006	0.04411	0.10770	0.04937	0.06615	0.06685	0.02341	0.01701	0.13192	0.05485	0.00330	0.12153	0.00686	0.02968	0.00787
3	0.04939	0.00961	0.01432	0.17847	0.09703	0.01037	0.03186	0.01481	0.01293	0.04922	0.08058	0.02968	0.06003	0.17585	0.15372	0.00464	0.00882	0.00784	0.00416	0.00669
4	0.01650	0.18442	0.31691	0.04745	0.05760	0.08440	0.05772	0.07140	0.06500	0.02113	0.01256	0.01438	0.00962	0.00643	0.00597	0.00192	0.00881	0.00504	0.00345	0.00931
5	0.01395	0.01002	0.01144	0.01051	0.01243	0.04216	0.00783	0.08995	0.04809	0.08850	0.08614	0.13608	0.07586	0.17008	0.13278	0.00443	0.03770	0.00980	0.00539	0.00686

[dist]
# distance from previous block
# <min> <max>
0	1

[block]
# block no. 1 follows, 33 sequences, length 7
# corresponding to MSA columns:
# 32-38
name=unknown_B
#
# <colnr> <probs for GDERKNQSTAVLIFYWHMCP>
#	G	D	E	R	K	N	Q	S	T	A	V	L	I	F	Y	W	H	M	C	P
0	0.01568	0.01476	0.02122	0.13647	0.07300	0.04648	0.14735	0.08743	0.18691	0.02322	0.05633	0.02281	0.03860	0.03932	0.00903	0.00236	0.05833	0.00728	0.00469	0.00871
1	0.05339	0.01400	0.01741	0.05724	0.20117	0.05921	0.01262	0.05908	0.18623	0.10363	0.14393	0.02433	0.02230	0.00842	0.00665	0.00205	0.00625	0.00720	0.00554	0.00932
2	0.04574	0.04911	0.16479	0.01679	0.07598	0.01460	0.08156	0.09748	0.11114	0.05470	0.05791	0.02066	0.03193	0.00905	0.03097	0.00229	0.02873	0.00645	0.06773	0.03240
3	0.00860	0.00636	0.00720	0.00750	0.00844	0.00586	0.00493	0.00960	0.01264	0.01617	0.08041	0.20783	0.27318	0.30165	0.01764	0.00389	0.00458	0.01320	0.00537	0.00496
4	0.08018	0.12062	0.01635	0.01047	0.01563	0.04530	0.00860	0.01884	0.06983	0.02131	0.01332	0.04584	0.01157	0.00617	0.00506	0.00133	0.00550	0.00475	0.00406	0.49526
5	0.01764	0.04278	0.09382	0.01820	0.14802	0.11518	0.01326	0.10231	0.01697	0.07233	0.03230	0.04256	0.04205	0.02582	0.00737	0.00191	0.03469	0.00611	0.00438	0.16230
6	0.09078	0.32408	0.18245	0.01459	0.02073	0.08912	0.06633	0.02223	0.04369	0.07245	0.01215	0.01345	0.00950	0.00624	0.00537	0.00178	0.00804	0.00461	0.00358	0.00885

[dist]
# distance from previous block
# <min> <max>
2	11

[block]
# block no. 2 follows, 33 sequences, length 40
# corresponding to MSA columns:
# 50-89
name=unknown_C
#
# <colnr> <probs for GDERKNQSTAVLIFYWHMCP>
#	G	D	E	R	K	N	Q	S	T	A	V	L	I	F	Y	W	H	M	C	P
0	0.24780	0.01645	0.04484	0.01340	0.03344	0.10136	0.04726	0.11810	0.04509	0.13485	0.01636	0.01685	0.03767	0.00711	0.00571	0.00190	0.00677	0.00536	0.00502	0.09468
1	0.22152	0.03505	0.01680	0.06276	0.04312	0.17601	0.04494	0.14647	0.03599	0.02582	0.01316	0.03083	0.01053	0.00701	0.00562	0.00188	0.00748	0.00522	0.06181	0.04797
2	0.01327	0.02480	0.44402	0.01636	0.02330	0.01382	0.05224	0.05389	0.03760	0.02227	0.08489	0.05023	0.04314	0.00831	0.00728	0.00211	0.04258	0.00678	0.02677	0.02633
3	0.00819	0.00586	0.00779	0.00905	0.00959	0.00546	0.00612	0.00960	0.01341	0.01809	0.12853	0.66843	0.04603	0.01966	0.00832	0.00259	0.00372	0.01780	0.00626	0.00546
4	0.06580	0.10796	0.22665	0.03983	0.02107	0.03953	0.01472	0.12027	0.12111	0.06900	0.01564	0.01710	0.01186	0.01169	0.08689	0.00293	0.00875	0.00553	0.00444	0.00925
5	0.00828	0.00672	0.00737	0.00758	0.00940	0.00593	0.00554	0.01054	0.03714	0.01888	0.13452	0.20424	0.48691	0.01687	0.00787	0.00230	0.00347	0.01445	0.00626	0.00574
6	0.01665	0.04580	0.08196	0.01547	0.04699	0.10084	0.07152	0.14440	0.11990	0.02358	0.01881	0.10795	0.01704	0.08796	0.00981	0.00253	0.02721	0.00781	0.04540	0.00839
7	0.02859	0.01200	0.01568	0.01210	0.01716	0.01095	0.00997	0.09508	0.04789	0.63942	0.02506	0.02188	0.01597	0.00816	0.00662	0.00204	0.00574	0.00659	0.00794	0.01117
8	0.01359	0.03622	0.01178	0.01001	0.01280	0.02965	0.00778	0.04288	0.17877	0.08732	0.25625	0.06980	0.19228	0.01232	0.00723	0.00213	0.00441	0.01043	0.00662	0.00773
9	0.01440	0.01440	0.02016	0.01728	0.01728	0.02016	0.01440	0.01584	0.01008	0.01584	0.00864	0.01440	0.00864	0.01152	0.02160	0.00288	0.75659	0.00576	0.00288	0.00720
10	0.00954	0.00653	0.00795	0.00795	0.00821	0.00680	0.00495	0.01007	0.00980	0.01333	0.02004	0.03919	0.02224	0.60614	0.19370	0.00733	0.00892	0.00900	0.00388	0.00442
11	0.03403	0.03904	0.06677	0.05083	0.02034	0.10897	0.01255	0.32292	0.13583	0.02994	0.02049	0.02210	0.06424	0.00868	0.00657	0.00204	0.00738	0.03214	0.00556	0.00958
12	0.02459	0.03138	0.01866	0.01696	0.02035	0.74221	0.01272	0.02629	0.01866	0.01611	0.01018	0.01187	0.00848	0.00678	0.00594	0.00170	0.01187	0.00424	0.00339	0.00763
13	0.01764	0.01752	0.09117	0.02598	0.24717	0.03608	0.19014	0.07402	0.07726	0.09172	0.01560	0.01809	0.01185	0.00874	0.04500	0.00251	0.00897	0.00648	0.00427	0.00979
14	0.00925	0.00746	0.00833	0.00798	0.01010	0.00692	0.00602	0.01321	0.08842	0.02207	0.31310	0.05396	0.39988	0.01465	0.00766	0.00217	0.00344	0.01247	0.00661	0.00631
15	0.00929	0.00682	0.00966	0.00976	0.01103	0.00628	0.04152	0.01126	0.01470	0.03830	0.22134	0.46548	0.09474	0.01733	0.00811	0.00244	0.00401	0.01568	0.00633	0.00593
16	0.00820	0.00613	0.00763	0.00843	0.00945	0.00555	0.00587	0.00982	0.01425	0.01877	0.16805	0.47252	0.20449	0.01841	0.00814	0.00246	0.00358	0.01637	0.00632	0.00555
17	0.01587	0.01734	0.03537	0.02571	0.03140	0.01731	0.57625	0.05510	0.01559	0.02142	0.01282	0.01721	0.00987	0.00647	0.00956	0.00230	0.11080	0.00741	0.00343	0.00877
18	0.00797	0.00658	0.00702	0.00729	0.00921	0.00563	0.00542	0.00965	0.01475	0.01791	0.07483	0.16293	0.58498	0.01723	0.00792	0.00232	0.00352	0.04316	0.00613	0.00556
19	0.01316	0.01168	0.01955	0.72113	0.04412	0.01441	0.01791	0.01747	0.01341	0.04741	0.01231	0.01776	0.00910	0.00665	0.00658	0.00219	0.00864	0.00588	0.00315	0.00748
20	0.00960	0.00639	0.00847	0.00896	0.00961	0.00639	0.00611	0.01069	0.01185	0.03877	0.06949	0.33832	0.03216	0.21131	0.16193	0.03957	0.00731	0.01276	0.00506	0.00525
21	0.02370	0.06786	0.05483	0.01671	0.02058	0.64766	0.01321	0.04746	0.01855	0.01713	0.01039	0.01203	0.00856	0.00674	0.00589	0.00171	0.01138	0.00429	0.00344	0.00789
22	0.77595	0.01301	0.01018	0.00898	0.01311	0.01505	0.00740	0.05339	0.01218	0.03013	0.00950	0.01095	0.00733	0.00620	0.00420	0.00203	0.00520	0.00368	0.00420	0.00733
23	0.01332	0.03325	0.70017	0.01921	0.02879	0.01536	0.05787	0.02086	0.01398	0.02086	0.01189	0.01409	0.00842	0.00622	0.00633	0.00209	0.00980	0.00501	0.00281	0.00969
24	0.00956	0.00690	0.00924	0.01046	0.01167	0.00668	0.00842	0.01184	0.01440	0.01881	0.07229	0.25942	0.09768	0.04888	0.00972	0.00295	0.00508	0.38420	0.00606	0.00575
25	0.01827	0.70176	0.03298	0.01181	0.01723	0.09449	0.01140	0.02034	0.01388	0.01555	0.00925	0.01069	0.00845	0.00574	0.00439	0.00144	0.00750	0.00359	0.00287	0.00837
26	0.02195	0.01524	0.01732	0.01388	0.01845	0.01655	0.03282	0.34543	0.22245	0.13381	0.02073	0.01995	0.01484	0.00814	0.00651	0.00203	0.00624	0.00653	0.06660	0.01052
27	0.01696	0.01323	0.01408	0.01251	0.01611	0.01499	0.00977	0.06643	0.56012	0.06282	0.02554	0.02401	0.01906	0.00869	0.00643	0.00212	0.00507	0.00716	0.10491	0.00997
28	0.00993	0.00700	0.01007	0.01012	0.01136	0.00769	0.00770	0.01206	0.01154	0.04312	0.04276	0.12367	0.04986	0.06235	0.54891	0.00853	0.01408	0.00903	0.00426	0.00595
29	0.01341	0.06814	0.70222	0.01842	0.02796	0.01579	0.02372	0.02080	0.01387	0.02060	0.01169	0.01374	0.00834	0.00623	0.00616	0.00205	0.00961	0.00480	0.00278	0.00967
30	0.00910	0.00669	0.00851	0.00813	0.00972	0.00611	0.00607	0.01197	0.01801	0.02508	0.62455	0.07524	0.13817	0.01408	0.00779	0.00211	0.00316	0.01237	0.00708	0.00611
31	0.01899	0.01619	0.01969	0.02029	0.17777	0.06617	0.04986	0.20617	0.19683	0.05832	0.03981	0.02223	0.06123	0.00823	0.00673	0.00205	0.00695	0.00699	0.00553	0.00996
32	0.01567	0.01400	0.05304	0.09119	0.05200	0.01301	0.06554	0.19185	0.01799	0.02511	0.03460	0.10630	0.01568	0.01014	0.03234	0.02518	0.00703	0.00720	0.00467	0.21745
33	0.01478	0.01617	0.09011	0.19860	0.39017	0.01511	0.07259	0.01992	0.04700	0.02081	0.04174	0.01819	0.01236	0.00649	0.00666	0.00206	0.00816	0.00624	0.00346	0.00936
34	0.77610	0.01301	0.01017	0.00898	0.01311	0.01505	0.00740	0.05326	0.01218	0.03013	0.00949	0.01095	0.00733	0.00620	0.00420	0.00203	0.00520	0.00368	0.00420	0.00733
35	0.00924	0.00632	0.00798	0.00890	0.00999	0.00574	0.00628	0.01067	0.01359	0.05537	0.04238	0.53586	0.19222	0.01897	0.00820	0.00256	0.00392	0.04984	0.00622	0.00574
36	0.11270	0.01937	0.04482	0.15063	0.02386	0.22558	0.03093	0.11030	0.01750	0.08817	0.01286	0.01472	0.00964	0.00665	0.00592	0.00184	0.00837	0.00497	0.00427	0.10691
37	0.08145	0.06290	0.08336	0.05036	0.01955	0.06786	0.03113	0.10586	0.06725	0.09800	0.01472	0.01653	0.01135	0.03548	0.00676	0.00187	0.00682	0.00518	0.00462	0.22895
38	0.04492	0.03234	0.02887	0.04074	0.01484	0.02721	0.03236	0.09770	0.06508	0.02238	0.09965	0.21622	0.13617	0.04612	0.00855	0.00249	0.00539	0.06626	0.00569	0.00703
39	0.08117	0.11132	0.21996	0.01531	0.05473	0.01619	0.01455	0.18074	0.01784	0.04530	0.05079	0.08094	0.01510	0.00830	0.00658	0.00200	0.02859	0.00649	0.00452	0.03958

[dist]
# distance from previous block
# <min> <max>
2	34

[block]
# block no. 3 follows, 33 sequences, length 46
# corresponding to MSA columns:
# 126-171
name=unknown_D
#
# <colnr> <probs for GDERKNQSTAVLIFYWHMCP>
#	G	D	E	R	K	N	Q	S	T	A	V	L	I	F	Y	W	H	M	C	P
0	0.07000	0.29187	0.33037	0.01429	0.02101	0.03885	0.01613	0.03526	0.01368	0.01920	0.01147	0.01463	0.00958	0.05225	0.03413	0.00239	0.00855	0.00466	0.00308	0.00859
1	0.05227	0.26077	0.26435	0.01586	0.03680	0.08585	0.03262	0.13871	0.01705	0.02268	0.01145	0.01300	0.00891	0.00636	0.00559	0.00182	0.00845	0.00460	0.00358	0.00927
2	0.01556	0.11119	0.18843	0.01438	0.01923	0.06461	0.05711	0.07535	0.10122	0.04683	0.01693	0.05263	0.01477	0.11212	0.07822	0.00337	0.00876	0.00673	0.00422	0.00833
3	0.07066	0.14023	0.17575	0.01472	0.03505	0.01541	0.06907	0.04275	0.08770	0.08755	0.06902	0.03907	0.04393	0.04087	0.00802	0.00222	0.03805	0.00671	0.00455	0.00867
4	0.01215	0.01222	0.09876	0.01101	0.01414	0.00982	0.02540	0.07043	0.05078	0.01964	0.04643	0.09203	0.04281	0.24415	0.09981	0.00426	0.00755	0.00842	0.00448	0.12569
5	0.04050	0.00841	0.01020	0.00921	0.01170	0.00784	0.00705	0.03726	0.03575	0.13650	0.27700	0.09185	0.13668	0.07412	0.00944	0.00247	0.00435	0.04417	0.00651	0.04901
6	0.05813	0.06571	0.12530	0.31450	0.02977	0.09098	0.01530	0.01975	0.06845	0.01954	0.04176	0.01832	0.03118	0.00706	0.00614	0.00197	0.00799	0.00569	0.00363	0.06881
7	0.04906	0.71168	0.03286	0.01140	0.01688	0.05578	0.01116	0.01998	0.01351	0.01606	0.00920	0.01062	0.00840	0.00570	0.00429	0.00144	0.00717	0.00355	0.00289	0.00836
8	0.01652	0.07663	0.05037	0.05353	0.04352	0.14932	0.03041	0.05736	0.06256	0.01925	0.02811	0.01653	0.01164	0.01224	0.08188	0.00293	0.21151	0.00558	0.00369	0.06642
9	0.00866	0.00619	0.00838	0.00990	0.01056	0.00590	0.00723	0.01028	0.01324	0.01752	0.03593	0.59327	0.04214	0.02002	0.00857	0.00276	0.00438	0.18346	0.00610	0.00552
10	0.02686	0.01550	0.01794	0.01375	0.01895	0.01605	0.01136	0.43215	0.02604	0.32191	0.01993	0.01849	0.01327	0.00800	0.00660	0.00200	0.00658	0.00621	0.00722	0.01120
11	0.01908	0.39300	0.02756	0.04448	0.06812	0.23033	0.03282	0.02199	0.04229	0.01678	0.01055	0.01252	0.00911	0.00640	0.00593	0.00168	0.04146	0.00435	0.00319	0.00834
12	0.00950	0.00690	0.00993	0.00993	0.01087	0.00783	0.00742	0.01128	0.01034	0.01473	0.01798	0.02865	0.01759	0.17267	0.59803	0.03453	0.01532	0.00745	0.00359	0.00546
13	0.01699	0.07344	0.02973	0.02574	0.17449	0.10486	0.28540	0.03915	0.01510	0.01980	0.01168	0.01557	0.00958	0.00689	0.00944	0.00215	0.14169	0.00623	0.00329	0.00879
14	0.01027	0.00702	0.00864	0.00806	0.01005	0.00626	0.00611	0.01293	0.01762	0.07235	0.49002	0.05136	0.24670	0.01400	0.00769	0.00211	0.00334	0.01211	0.00699	0.00637
15	0.01395	0.00927	0.01110	0.00974	0.01240	0.00913	0.00760	0.08642	0.07538	0.11888	0.35688	0.04227	0.17770	0.01242	0.00774	0.00212	0.02198	0.01049	0.00693	0.00761
16	0.04717	0.01255	0.01350	0.01210	0.01555	0.01395	0.00953	0.07497	0.44599	0.06177	0.08414	0.03049	0.07007	0.01004	0.00680	0.00220	0.00505	0.04344	0.03132	0.00936
17	0.01479	0.01406	0.02386	0.26516	0.48704	0.01497	0.01912	0.01876	0.01433	0.01986	0.01298	0.04200	0.01102	0.00659	0.00660	0.00206	0.00799	0.00630	0.00325	0.00927
18	0.00831	0.00597	0.00793	0.00933	0.00992	0.00559	0.00649	0.00972	0.01317	0.01751	0.06663	0.65012	0.06366	0.01998	0.00842	0.00267	0.00398	0.07900	0.00616	0.00546
19	0.81514	0.01273	0.00968	0.00866	0.01273	0.01477	0.00713	0.01935	0.01120	0.02954	0.00917	0.01069	0.00713	0.00611	0.00407	0.00204	0.00509	0.00356	0.00407	0.00713
20	0.02051	0.48354	0.02821	0.01328	0.01810	0.27618	0.01171	0.02249	0.01544	0.04349	0.01016	0.01148	0.00876	0.00613	0.00492	0.00153	0.00868	0.00389	0.00322	0.00827
21	0.06446	0.01635	0.01766	0.01371	0.01882	0.01748	0.01123	0.46856	0.09374	0.08712	0.01675	0.01660	0.01204	0.00755	0.00625	0.00188	0.00652	0.00575	0.00624	0.11130
22	0.02194	0.20617	0.02180	0.01492	0.01892	0.44363	0.01200	0.04155	0.07717	0.04107	0.01278	0.01506	0.01072	0.00712	0.00573	0.00173	0.00964	0.02598	0.00385	0.00822
23	0.01824	0.70528	0.03306	0.01178	0.01721	0.09109	0.01140	0.02031	0.01386	0.01555	0.00925	0.01068	0.00845	0.00574	0.00438	0.00143	0.00748	0.00359	0.00287	0.00837
24	0.01569	0.01101	0.01451	0.01288	0.01624	0.01099	0.03715	0.04710	0.10895	0.12518	0.02492	0.04054	0.02315	0.01173	0.00836	0.00232	0.05737	0.27271	0.00575	0.15345
25	0.01626	0.01573	0.02722	0.03988	0.69884	0.01568	0.04853	0.02024	0.01501	0.02149	0.01242	0.01635	0.01041	0.00585	0.00657	0.00197	0.00796	0.00594	0.00326	0.01036
26	0.00947	0.00674	0.00860	0.00951	0.01062	0.00644	0.00689	0.01206	0.05282	0.03843	0.09172	0.49315	0.11088	0.01838	0.00823	0.00258	0.00411	0.09711	0.00628	0.00597
27	0.01447	0.01309	0.01473	0.01177	0.04373	0.04821	0.00891	0.01796	0.04292	0.02121	0.01215	0.01414	0.01010	0.00544	0.00572	0.00118	0.03474	0.00421	0.00392	0.67139
28	0.00886	0.00671	0.00816	0.00780	0.00955	0.00602	0.00585	0.01153	0.01755	0.02382	0.52744	0.05342	0.26038	0.01442	0.00777	0.00212	0.00317	0.01250	0.00691	0.00602
29	0.00869	0.00670	0.00794	0.00763	0.00945	0.00595	0.00572	0.01122	0.01716	0.02290	0.45743	0.05493	0.33097	0.01476	0.00777	0.00213	0.00320	0.01271	0.00679	0.00595
30	0.01325	0.00689	0.00732	0.00701	0.00881	0.00686	0.00531	0.04429	0.01495	0.05717	0.05903	0.05721	0.02014	0.00856	0.00511	0.00165	0.00339	0.00699	0.65953	0.00655
31	0.01641	0.01312	0.01430	0.01276	0.01624	0.01462	0.01020	0.16427	0.39016	0.02868	0.06698	0.03276	0.05725	0.01057	0.00705	0.00226	0.00546	0.09849	0.02904	0.00940
32	0.01544	0.01844	0.06816	0.02737	0.03416	0.01659	0.67504	0.02108	0.01547	0.02108	0.01326	0.01760	0.00992	0.00558	0.00771	0.00221	0.01104	0.00765	0.00331	0.00891
33	0.00801	0.00664	0.00704	0.00716	0.00918	0.00567	0.00537	0.00980	0.01511	0.01841	0.11118	0.11080	0.60471	0.01677	0.00787	0.00227	0.00345	0.03876	0.00619	0.00561
34	0.10714	0.01123	0.01454	0.01132	0.01621	0.01009	0.00933	0.03028	0.01808	0.64295	0.04338	0.02197	0.01664	0.00809	0.00640	0.00204	0.00548	0.00646	0.00772	0.01066
35	0.01416	0.06739	0.57163	0.02078	0.08545	0.03614	0.07258	0.02091	0.01421	0.02053	0.01179	0.01416	0.00864	0.00616	0.00628	0.00204	0.00960	0.00508	0.00288	0.00960
36	0.00802	0.00573	0.00764	0.00917	0.00955	0.00535	0.00611	0.00917	0.01260	0.01681	0.03628	0.76434	0.04354	0.02062	0.00840	0.00267	0.00382	0.01872	0.00611	0.00535
37	0.00940	0.00703	0.01046	0.01042	0.01162	0.00809	0.00809	0.01180	0.01113	0.01604	0.06608	0.02746	0.01959	0.04691	0.69216	0.01000	0.01664	0.00739	0.00378	0.00590
38	0.01622	0.06774	0.09931	0.14750	0.02780	0.15031	0.20395	0.04860	0.01519	0.01885	0.01266	0.01767	0.01048	0.06074	0.04338	0.00274	0.03938	0.00614	0.00335	0.00799
39	0.01567	0.01463	0.02419	0.30736	0.24334	0.01597	0.11388	0.09542	0.06290	0.02225	0.01359	0.01748	0.01046	0.00652	0.00674	0.00210	0.00841	0.00624	0.00374	0.00910
40	0.01131	0.00763	0.00959	0.00893	0.01098	0.00718	0.00687	0.01527	0.06587	0.08121	0.51342	0.04822	0.12626	0.01332	0.00767	0.00215	0.00363	0.04656	0.00710	0.00682
41	0.00855	0.00724	0.00888	0.00822	0.01047	0.00628	0.04190	0.01074	0.01581	0.01993	0.21564	0.07711	0.51473	0.01545	0.00779	0.00220	0.00370	0.01325	0.00623	0.00588
42	0.05101	0.00692	0.00807	0.00850	0.00974	0.00674	0.00595	0.01141	0.04344	0.01857	0.11189	0.33058	0.18688	0.11708	0.04979	0.00336	0.00483	0.01385	0.00574	0.00565
43	0.05602	0.06393	0.01486	0.00992	0.01549	0.01047	0.00807	0.03399	0.01391	0.02184	0.01219	0.03444	0.01051	0.00551	0.00493	0.00113	0.00506	0.00432	0.00396	0.66943
44	0.07429	0.05814	0.09511	0.06158	0.09072	0.07908	0.03323	0.20449	0.08616	0.07815	0.01571	0.01828	0.01211	0.00766	0.00681	0.00205	0.03139	0.03059	0.00489	0.00955
45	0.03473	0.01612	0.05121	0.01279	0.01545	0.21949	0.05018	0.03577	0.01599	0.01952	0.11596	0.21416	0.07529	0.04366	0.00821	0.00232	0.00702	0.02893	0.02642	0.00676

[dist]
# distance from previous block
# <min> <max>
3	14

[block]
# block no. 4 follows, 33 sequences, length 15
# corresponding to MSA columns:
# 186-200
name=unknown_E
#
# <colnr> <probs for GDERKNQSTAVLIFYWHMCP>
#	G	D	E	R	K	N	Q	S	T	A	V	L	I	F	Y	W	H	M	C	P
0	0.05929	0.01287	0.01507	0.23711	0.03777	0.08076	0.01174	0.09220	0.03460	0.02134	0.06236	0.11333	0.01861	0.06993	0.00925	0.00245	0.03530	0.00784	0.03843	0.03975
1	0.11554	0.16338	0.02143	0.04923	0.08782	0.15865	0.01256	0.15097	0.04222	0.02358	0.01173	0.01365	0.00951	0.00700	0.00692	0.00187	0.07233	0.00480	0.00403	0.04277
2	0.00914	0.00665	0.00804	0.00870	0.00942	0.00654	0.00583	0.01114	0.05482	0.01634	0.03317	0.37448	0.10173	0.25694	0.03774	0.00402	0.00516	0.03946	0.00540	0.00529
3	0.00858	0.00634	0.00805	0.00864	0.00980	0.00582	0.00625	0.01058	0.01517	0.02031	0.26654	0.36203	0.16803	0.01743	0.00813	0.00242	0.00365	0.06005	0.00648	0.00571
4	0.00801	0.00668	0.00699	0.00691	0.00904	0.00566	0.00519	0.00990	0.01556	0.01910	0.16683	0.06120	0.62394	0.01618	0.00778	0.00220	0.00330	0.01359	0.00629	0.00566
5	0.01937	0.01563	0.01657	0.01400	0.01826	0.01777	0.01114	0.26695	0.47884	0.03236	0.02299	0.02153	0.01702	0.00858	0.00666	0.00214	0.00591	0.00692	0.00666	0.01069
6	0.00860	0.00626	0.00821	0.00948	0.01035	0.00588	0.00694	0.01029	0.01368	0.01798	0.07241	0.51149	0.11528	0.01935	0.00845	0.00267	0.00420	0.15676	0.00616	0.00556
7	0.02446	0.01923	0.01937	0.01519	0.02021	0.07894	0.01240	0.60939	0.07173	0.03857	0.01602	0.01602	0.01152	0.00787	0.00654	0.00197	0.00750	0.00588	0.00633	0.01086
8	0.05243	0.01644	0.01813	0.06832	0.02107	0.01835	0.01214	0.45430	0.16799	0.07547	0.01807	0.01790	0.01297	0.00796	0.00652	0.00205	0.00677	0.00618	0.00633	0.01060
9	0.01585	0.01519	0.02592	0.12269	0.64877	0.01552	0.01998	0.01981	0.01478	0.02097	0.01230	0.01644	0.01024	0.00595	0.00652	0.00198	0.00793	0.00586	0.00322	0.01007
10	0.00843	0.00635	0.00738	0.00800	0.00909	0.00580	0.00556	0.00967	0.01307	0.01654	0.04463	0.29904	0.30028	0.17357	0.01340	0.00329	0.00432	0.06072	0.00567	0.00520
11	0.01112	0.00583	0.00834	0.00834	0.00834	0.00583	0.00542	0.00875	0.00875	0.01166	0.01303	0.02397	0.01358	0.15087	0.02706	0.67080	0.00583	0.00638	0.00305	0.00305
12	0.07394	0.01392	0.02030	0.41933	0.14682	0.05915	0.04705	0.05309	0.01449	0.01982	0.01220	0.01697	0.00959	0.00930	0.05515	0.00266	0.00915	0.00575	0.00334	0.00799
13	0.06383	0.16406	0.02329	0.09252	0.09818	0.05060	0.06270	0.16615	0.07313	0.08124	0.01428	0.01581	0.01089	0.00693	0.00647	0.00192	0.03053	0.00549	0.00456	0.02742
14	0.12913	0.13273	0.10811	0.01562	0.05390	0.16110	0.04228	0.11211	0.03392	0.10414	0.01331	0.01430	0.01000	0.00664	0.00572	0.00184	0.00802	0.00490	0.00437	0.03787

[dist]
# distance from previous block
# <min> <max>
0	9

[block]
# block no. 5 follows, 33 sequences, length 19
# corresponding to MSA columns:
# 210-228
name=unknown_F
#
# <colnr> <probs for GDERKNQSTAVLIFYWHMCP>
#	G	D	E	R	K	N	Q	S	T	A	V	L	I	F	Y	W	H	M	C	P
0	0.12795	0.14369	0.07939	0.01388	0.01863	0.13164	0.03865	0.15461	0.08632	0.04476	0.04257	0.01652	0.01286	0.00967	0.04946	0.00241	0.00821	0.00540	0.00457	0.00882
1	0.01901	0.09279	0.05989	0.10871	0.11527	0.23175	0.01411	0.08336	0.01734	0.06411	0.05973	0.03614	0.01446	0.00785	0.00682	0.00195	0.03385	0.02021	0.00416	0.00850
2	0.01806	0.58808	0.08515	0.01322	0.01918	0.02369	0.05869	0.07005	0.01501	0.04102	0.01065	0.01205	0.00899	0.00592	0.00486	0.00157	0.00748	0.00418	0.00329	0.00886
3	0.00957	0.00638	0.00718	0.00718	0.00718	0.00638	0.00399	0.00957	0.00957	0.01276	0.02074	0.04308	0.02393	0.76864	0.03351	0.00638	0.00638	0.00957	0.00399	0.00399
4	0.14189	0.12604	0.23466	0.05188	0.02280	0.05005	0.07516	0.06047	0.01518	0.09175	0.03346	0.01535	0.01087	0.00682	0.00646	0.00200	0.03708	0.00522	0.00395	0.00888
5	0.01380	0.01270	0.02058	0.14919	0.41201	0.01312	0.01623	0.01785	0.03843	0.02053	0.05850	0.07200	0.06941	0.00894	0.00697	0.00214	0.00695	0.04780	0.00409	0.00875
6	0.00802	0.00573	0.00764	0.00917	0.00955	0.00535	0.00611	0.00917	0.01260	0.01681	0.03628	0.76434	0.04354	0.02062	0.00840	0.00267	0.00382	0.01872	0.00611	0.00535
7	0.00969	0.00683	0.00856	0.00850	0.01018	0.00620	0.00643	0.01217	0.01670	0.04999	0.39530	0.15064	0.20625	0.01536	0.00792	0.00227	0.00360	0.07051	0.00677	0.00613
8	0.00986	0.00689	0.00825	0.00820	0.00836	0.00726	0.00518	0.01027	0.01000	0.01349	0.02078	0.04238	0.02351	0.63925	0.07825	0.00629	0.04420	0.04916	0.00403	0.00440
9	0.00847	0.00634	0.00789	0.00845	0.00968	0.00576	0.00610	0.01040	0.01506	0.01996	0.24209	0.35243	0.21450	0.01747	0.00810	0.00241	0.00361	0.04917	0.00644	0.00568
10	0.00802	0.00573	0.00764	0.00917	0.00955	0.00535	0.00611	0.00917	0.01260	0.01681	0.03628	0.76434	0.04354	0.02062	0.00840	0.00267	0.00382	0.01872	0.00611	0.00535
11	0.03987	0.01813	0.02749	0.07228	0.29534	0.12555	0.22778	0.02214	0.03860	0.04942	0.01323	0.01651	0.01036	0.00615	0.00676	0.00203	0.00925	0.00622	0.00361	0.00928
12	0.02138	0.01460	0.01475	0.01226	0.01618	0.08247	0.00978	0.22145	0.15385	0.17285	0.02071	0.02041	0.01495	0.00799	0.00611	0.00191	0.00602	0.00624	0.18652	0.00957
13	0.00791	0.00661	0.00690	0.00696	0.00901	0.00559	0.00517	0.00965	0.01511	0.01836	0.11359	0.11135	0.62780	0.01671	0.00782	0.00224	0.00335	0.01408	0.00620	0.00559
14	0.01547	0.01480	0.02523	0.19316	0.58129	0.01542	0.01979	0.01948	0.01460	0.02050	0.01224	0.01656	0.01007	0.00602	0.00653	0.00201	0.00803	0.00586	0.00319	0.00976
15	0.01588	0.16023	0.40546	0.01934	0.07124	0.03916	0.08878	0.08630	0.01581	0.02180	0.01187	0.01398	0.00894	0.00622	0.00609	0.00195	0.00909	0.00507	0.00325	0.00954
16	0.01310	0.00804	0.01107	0.01181	0.01386	0.00778	0.01022	0.01600	0.01566	0.11840	0.03510	0.06657	0.06664	0.01672	0.00869	0.00286	0.00587	0.55850	0.00635	0.00675
17	0.00940	0.00705	0.01058	0.01058	0.01176	0.00823	0.00823	0.01176	0.01058	0.01528	0.01763	0.02586	0.01646	0.04937	0.74255	0.01058	0.01763	0.00705	0.00353	0.00588
18	0.13083	0.01449	0.07045	0.01385	0.05668	0.05291	0.02771	0.06015	0.15428	0.07962	0.11633	0.08310	0.06941	0.00994	0.00705	0.00215	0.02895	0.00813	0.00553	0.00842

[dist]
# distance from previous block
# <min> <max>
0	3

# created by:
# /home/berkeley/.conda/envs/busco_data_prod/bin/msa2prfl.pl pipeline/OGs_align_augustus/4893/31371.fs
