[name]
unknown

[dist]
# distance from previous block
# <min> <max>
5	118

[block]
# block no. 0 follows, 31 sequences, length 15
# corresponding to MSA columns:
# 120-134
name=unknown_A
#
# <colnr> <probs for GDERKNQSTAVLIFYWHMCP>
#	G	D	E	R	K	N	Q	S	T	A	V	L	I	F	Y	W	H	M	C	P
0	0.01163	0.01126	0.00994	0.01012	0.01183	0.13829	0.00730	0.01341	0.01599	0.01927	0.15354	0.30848	0.23060	0.01642	0.00797	0.00236	0.00523	0.01412	0.00603	0.00620
1	0.01358	0.03115	0.59578	0.15149	0.03280	0.01576	0.02413	0.02090	0.01430	0.02090	0.01226	0.01514	0.00875	0.00656	0.00656	0.00219	0.00993	0.00524	0.00292	0.00965
2	0.01562	0.18380	0.02460	0.08643	0.05347	0.02157	0.01490	0.01768	0.01179	0.01675	0.00958	0.01447	0.00904	0.00983	0.01616	0.00254	0.47536	0.00548	0.00300	0.00794
3	0.01305	0.01386	0.14272	0.08479	0.05689	0.01102	0.01267	0.06532	0.01372	0.01952	0.03272	0.04040	0.01476	0.02215	0.18663	0.19001	0.00994	0.00669	0.05620	0.00694
4	0.00858	0.00614	0.00816	0.00936	0.00998	0.00572	0.00637	0.01014	0.01424	0.01928	0.16094	0.62669	0.04877	0.02008	0.00861	0.00266	0.00383	0.01816	0.00657	0.00572
5	0.02023	0.01620	0.01862	0.14774	0.02465	0.01854	0.01328	0.32293	0.28204	0.03298	0.01995	0.02018	0.01466	0.00836	0.00689	0.00220	0.00702	0.00674	0.00619	0.01060
6	0.01278	0.01219	0.01249	0.01204	0.01363	0.14070	0.00921	0.01498	0.01335	0.01701	0.07143	0.05009	0.04741	0.05782	0.43999	0.00754	0.04894	0.00785	0.00410	0.00644
7	0.01364	0.01315	0.01970	0.01688	0.01773	0.01731	0.06383	0.01572	0.01104	0.01671	0.01189	0.01847	0.01130	0.02222	0.21463	0.00512	0.49372	0.00651	0.00321	0.00724
8	0.01109	0.00784	0.00944	0.00939	0.01153	0.00731	0.00735	0.01459	0.06078	0.06784	0.21186	0.11800	0.28530	0.01605	0.00823	0.00245	0.00425	0.13317	0.00681	0.00673
9	0.01292	0.01216	0.02052	0.74312	0.04712	0.01520	0.01900	0.01748	0.01368	0.01748	0.01216	0.01824	0.00912	0.00684	0.00684	0.00228	0.00912	0.00608	0.00304	0.00760
10	0.01758	0.15012	0.01962	0.03879	0.04794	0.03850	0.02475	0.12735	0.10675	0.08398	0.03777	0.18063	0.03856	0.01115	0.00766	0.00220	0.04304	0.00919	0.00554	0.00888
11	0.01035	0.00669	0.00848	0.00913	0.01000	0.00653	0.00636	0.03951	0.01345	0.01872	0.03158	0.42262	0.07745	0.02031	0.03972	0.13927	0.00488	0.01395	0.11548	0.00552
12	0.00888	0.00638	0.00803	0.00917	0.00968	0.00610	0.00603	0.01041	0.03305	0.01707	0.03581	0.57471	0.06921	0.15554	0.01341	0.00345	0.00448	0.01716	0.00597	0.00546
13	0.01862	0.04635	0.01731	0.01278	0.01732	0.03793	0.01048	0.05652	0.03630	0.14953	0.01477	0.01626	0.01145	0.00744	0.00897	0.00174	0.15159	0.00517	0.00482	0.37466
14	0.04110	0.03908	0.07293	0.02227	0.09830	0.05673	0.19646	0.02092	0.05882	0.02055	0.01249	0.01633	0.01032	0.00804	0.01167	0.00233	0.23762	0.00625	0.00355	0.06422

[dist]
# distance from previous block
# <min> <max>
5	27

[block]
# block no. 1 follows, 31 sequences, length 93
# corresponding to MSA columns:
# 163-255
name=unknown_B
#
# <colnr> <probs for GDERKNQSTAVLIFYWHMCP>
#	G	D	E	R	K	N	Q	S	T	A	V	L	I	F	Y	W	H	M	C	P
0	0.02180	0.01674	0.01747	0.01448	0.01901	0.04822	0.01159	0.29886	0.32752	0.08811	0.04688	0.02205	0.01790	0.00886	0.00691	0.00217	0.00651	0.00706	0.00691	0.01094
1	0.01848	0.01452	0.01502	0.01294	0.01636	0.05864	0.01008	0.36334	0.02359	0.03075	0.02857	0.25211	0.09984	0.01328	0.00753	0.00229	0.00627	0.01112	0.00643	0.00886
2	0.01435	0.01383	0.01838	0.13482	0.04310	0.06088	0.01394	0.01673	0.01233	0.01770	0.03685	0.01889	0.01262	0.01563	0.10983	0.00370	0.39076	0.00633	0.05197	0.00735
3	0.01515	0.01472	0.01988	0.33468	0.16233	0.09185	0.01628	0.04450	0.01529	0.01959	0.04084	0.06060	0.01520	0.03577	0.00905	0.00243	0.05783	0.03215	0.00381	0.00807
4	0.01420	0.00967	0.01168	0.01079	0.01324	0.00973	0.00832	0.14084	0.03982	0.08106	0.19429	0.21202	0.11156	0.01707	0.05281	0.00291	0.00561	0.04998	0.00674	0.00764
5	0.07524	0.01283	0.01621	0.05778	0.01944	0.01254	0.01081	0.09509	0.09588	0.49394	0.02409	0.02182	0.01580	0.00830	0.00672	0.00214	0.00611	0.00666	0.00755	0.01104
6	0.01082	0.00863	0.01017	0.01006	0.01096	0.05263	0.00717	0.01229	0.01112	0.01494	0.01907	0.03278	0.01954	0.31792	0.42217	0.00876	0.01351	0.00814	0.00384	0.00547
7	0.01008	0.00774	0.00942	0.01024	0.05390	0.00699	0.00695	0.01270	0.03355	0.04597	0.21141	0.15632	0.37776	0.01592	0.00802	0.00232	0.00390	0.01372	0.00654	0.00655
8	0.00969	0.00730	0.00872	0.00966	0.05231	0.00688	0.00583	0.01079	0.01294	0.01676	0.08864	0.09704	0.23865	0.38145	0.02119	0.00444	0.00533	0.01189	0.00517	0.00532
9	0.02655	0.01595	0.01840	0.01427	0.01942	0.01674	0.01175	0.43358	0.02670	0.26557	0.02003	0.01934	0.01372	0.01097	0.05179	0.00263	0.00763	0.00647	0.00718	0.01130
10	0.05785	0.00640	0.00807	0.00949	0.01013	0.00616	0.00642	0.01018	0.01301	0.01828	0.03596	0.70903	0.04291	0.02050	0.00845	0.00274	0.00405	0.01847	0.00622	0.00567
11	0.00919	0.00648	0.00777	0.00826	0.00922	0.00603	0.00561	0.01075	0.01414	0.01921	0.16062	0.31142	0.16050	0.16442	0.01336	0.00326	0.00422	0.01443	0.06559	0.00554
12	0.02645	0.01659	0.01865	0.01443	0.01967	0.01763	0.01188	0.47035	0.05691	0.22126	0.01989	0.01891	0.01361	0.00832	0.00679	0.00207	0.00685	0.00642	0.03189	0.01144
13	0.02361	0.00996	0.01256	0.01026	0.01413	0.00910	0.00825	0.05374	0.01809	0.43221	0.02536	0.05016	0.01794	0.00876	0.00623	0.00196	0.00493	0.00713	0.27598	0.00964
14	0.00914	0.00701	0.00844	0.00850	0.01030	0.00631	0.00651	0.01166	0.01708	0.02252	0.34173	0.10651	0.30842	0.01634	0.00828	0.00237	0.00373	0.09217	0.00686	0.00612
15	0.02154	0.01505	0.01664	0.01340	0.01820	0.01590	0.01080	0.26610	0.24075	0.13062	0.02134	0.02052	0.01547	0.00817	0.00654	0.00199	0.00605	0.00650	0.05206	0.11236
16	0.02781	0.01627	0.01874	0.01437	0.01977	0.01693	0.01187	0.44011	0.02733	0.30392	0.02049	0.01906	0.01367	0.00831	0.00686	0.00208	0.00687	0.00644	0.00747	0.01164
17	0.80789	0.01323	0.01006	0.00900	0.01323	0.01535	0.00741	0.02011	0.01164	0.03070	0.00953	0.01111	0.00741	0.00635	0.00423	0.00212	0.00529	0.00370	0.00423	0.00741
18	0.00954	0.00646	0.00758	0.00798	0.00808	0.00636	0.00470	0.00984	0.01074	0.01432	0.02563	0.22381	0.03001	0.57352	0.02825	0.00566	0.00596	0.01234	0.00470	0.00450
19	0.00857	0.00690	0.00754	0.00747	0.00944	0.00597	0.00551	0.01058	0.01620	0.02045	0.22584	0.08816	0.49862	0.04717	0.00921	0.00247	0.00356	0.01394	0.00655	0.00587
20	0.04460	0.01627	0.01694	0.01418	0.01863	0.04521	0.01132	0.24695	0.35641	0.09604	0.04428	0.02224	0.01803	0.00884	0.00684	0.00218	0.00633	0.00704	0.00686	0.01081
21	0.00965	0.00795	0.01234	0.01194	0.01362	0.00738	0.09465	0.01179	0.01436	0.01887	0.06299	0.46249	0.13557	0.01830	0.00861	0.00267	0.00510	0.08952	0.00602	0.00617
22	0.00829	0.00694	0.00721	0.00714	0.00936	0.00586	0.00536	0.01021	0.01607	0.01961	0.15074	0.06398	0.63197	0.01690	0.00808	0.00229	0.00344	0.01418	0.00650	0.00586
23	0.02586	0.01822	0.01981	0.01531	0.02067	0.01997	0.01261	0.59491	0.07269	0.10222	0.01807	0.01760	0.01268	0.00830	0.00685	0.00208	0.00725	0.00632	0.00699	0.01159
24	0.00848	0.00607	0.00807	0.00942	0.00996	0.00566	0.00636	0.00990	0.01379	0.01857	0.11262	0.67704	0.04739	0.02061	0.00866	0.00271	0.00389	0.01866	0.00648	0.00566
25	0.00982	0.00716	0.01013	0.01013	0.01105	0.00808	0.00747	0.01166	0.01074	0.01524	0.01912	0.03126	0.01901	0.22484	0.56153	0.00993	0.01546	0.00797	0.00378	0.00563
26	0.02313	0.01633	0.01787	0.01451	0.01933	0.01797	0.01172	0.34022	0.29586	0.13408	0.02244	0.02100	0.01604	0.00867	0.00690	0.00217	0.00645	0.00688	0.00712	0.01132
27	0.01608	0.07931	0.07877	0.07159	0.15785	0.01602	0.18169	0.06087	0.01621	0.05177	0.06632	0.02231	0.04232	0.03126	0.03074	0.00257	0.05390	0.00726	0.00415	0.00902
28	0.01586	0.01320	0.01507	0.01106	0.01694	0.01109	0.00888	0.10527	0.05315	0.02531	0.01354	0.01508	0.01090	0.00569	0.00540	0.00122	0.00540	0.00452	0.00457	0.65787
29	0.01188	0.00594	0.00891	0.00891	0.00891	0.00594	0.00594	0.00891	0.00891	0.01188	0.01188	0.02080	0.01188	0.02377	0.02674	0.80095	0.00594	0.00594	0.00297	0.00297
30	0.01568	0.01863	0.08335	0.14548	0.07995	0.03936	0.40733	0.02079	0.01518	0.02055	0.01285	0.01753	0.00991	0.00661	0.00889	0.00232	0.07627	0.00710	0.00331	0.00893
31	0.04008	0.07567	0.14031	0.01713	0.07909	0.06049	0.04976	0.12700	0.05722	0.06714	0.04025	0.14453	0.01892	0.01165	0.03780	0.00255	0.00795	0.00834	0.00501	0.00912
32	0.01465	0.01480	0.02416	0.16189	0.04721	0.01851	0.13813	0.01765	0.01260	0.01822	0.03601	0.01760	0.01132	0.00975	0.01582	0.00267	0.42125	0.00662	0.00326	0.00788
33	0.00871	0.00622	0.00837	0.00996	0.01052	0.00588	0.00701	0.01018	0.01347	0.01789	0.03750	0.65940	0.04442	0.02108	0.00883	0.00283	0.00430	0.11141	0.00634	0.00566
34	0.24588	0.01780	0.01794	0.01673	0.06056	0.14410	0.01278	0.04398	0.01347	0.02193	0.00993	0.01357	0.00871	0.00899	0.01281	0.00243	0.33182	0.00506	0.00361	0.00790
35	0.00977	0.00733	0.01100	0.01100	0.01222	0.00855	0.00855	0.01222	0.01100	0.01588	0.01833	0.02688	0.01710	0.05131	0.73245	0.01100	0.01833	0.00733	0.00367	0.00611
36	0.02216	0.01810	0.01831	0.01509	0.01976	0.06346	0.01209	0.37355	0.31682	0.03533	0.02091	0.02004	0.01539	0.00859	0.00685	0.00215	0.00693	0.00672	0.00669	0.01106
37	0.02680	0.01644	0.01870	0.01440	0.01967	0.01731	0.01187	0.46985	0.02790	0.24630	0.04598	0.01980	0.01523	0.00851	0.00690	0.00208	0.00685	0.00661	0.00736	0.01144
38	0.01133	0.00746	0.01091	0.01284	0.08336	0.00737	0.00808	0.01173	0.03247	0.01669	0.07389	0.23705	0.02706	0.01984	0.01658	0.36244	0.00540	0.04568	0.00462	0.00520
39	0.01592	0.10431	0.16990	0.02516	0.03257	0.01812	0.48980	0.02171	0.01557	0.02122	0.01306	0.01686	0.00988	0.00592	0.00737	0.00219	0.01080	0.00701	0.00329	0.00935
40	0.00857	0.00695	0.00760	0.00744	0.00954	0.00598	0.00558	0.01076	0.01674	0.02120	0.26505	0.06136	0.51667	0.01631	0.00808	0.00226	0.00339	0.01381	0.00671	0.00598
41	0.02556	0.03261	0.01939	0.01763	0.02115	0.73210	0.01322	0.02732	0.01939	0.01674	0.01058	0.01234	0.00881	0.00705	0.00617	0.00176	0.01234	0.00441	0.00353	0.00793
42	0.01168	0.00928	0.01089	0.01115	0.01311	0.00978	0.00842	0.01937	0.24360	0.02243	0.08748	0.30889	0.09038	0.01616	0.00815	0.00260	0.00469	0.10781	0.00663	0.00750
43	0.00825	0.00668	0.00720	0.00759	0.00931	0.00577	0.00542	0.00975	0.01469	0.01796	0.05909	0.23220	0.51499	0.05773	0.00966	0.00265	0.00376	0.01542	0.00624	0.00564
44	0.02218	0.01261	0.01515	0.01220	0.01619	0.01270	0.00976	0.24761	0.02267	0.26260	0.17052	0.02874	0.02602	0.06778	0.03905	0.00281	0.00641	0.00807	0.00720	0.00973
45	0.02525	0.01752	0.01911	0.01481	0.02004	0.01901	0.01218	0.56092	0.05398	0.11653	0.02081	0.02014	0.04985	0.00876	0.00692	0.00208	0.00705	0.00674	0.00700	0.01130
46	0.01937	0.00935	0.01245	0.01094	0.01410	0.00857	0.00877	0.02244	0.04257	0.32849	0.19052	0.06304	0.05327	0.03613	0.00937	0.03647	0.00518	0.11304	0.00736	0.00859
47	0.07530	0.01082	0.01267	0.01092	0.01449	0.01081	0.00862	0.02536	0.19123	0.24193	0.21495	0.03460	0.09776	0.01087	0.00715	0.00220	0.00475	0.00908	0.00733	0.00917
48	0.02412	0.02941	0.01869	0.01700	0.02053	0.61051	0.01289	0.04777	0.08600	0.01885	0.01352	0.01650	0.01137	0.00781	0.00641	0.00188	0.01126	0.03315	0.00408	0.00825
49	0.00858	0.00608	0.00801	0.00945	0.00985	0.00574	0.00632	0.00973	0.01291	0.01719	0.03619	0.66661	0.04320	0.08806	0.01112	0.00314	0.00429	0.04193	0.00615	0.00546
50	0.75999	0.01359	0.01070	0.00941	0.01372	0.01571	0.00775	0.06140	0.01290	0.03146	0.00995	0.01144	0.00767	0.00646	0.00439	0.00211	0.00543	0.00385	0.00439	0.00767
51	0.22863	0.01011	0.01143	0.01117	0.01409	0.01054	0.00932	0.01954	0.05717	0.12317	0.08899	0.07072	0.02898	0.01311	0.00738	0.00257	0.00554	0.27370	0.00620	0.00761
52	0.00977	0.00733	0.01100	0.01100	0.01222	0.00855	0.00855	0.01222	0.01100	0.01588	0.01833	0.02688	0.01710	0.05131	0.73245	0.01100	0.01833	0.00733	0.00367	0.00611
53	0.00830	0.00608	0.00781	0.00919	0.00984	0.00558	0.00620	0.00956	0.01342	0.01759	0.04176	0.66671	0.13103	0.02091	0.00865	0.00272	0.00390	0.01881	0.00635	0.00558
54	0.01783	0.01378	0.01505	0.01324	0.01705	0.01541	0.01037	0.07355	0.52270	0.08753	0.11026	0.02788	0.02529	0.00972	0.00708	0.00227	0.00531	0.00813	0.00715	0.01042
55	0.01419	0.01216	0.01419	0.01013	0.01621	0.00912	0.00811	0.01723	0.01419	0.02229	0.01216	0.01419	0.01013	0.00507	0.00507	0.00101	0.00507	0.00405	0.00405	0.80139
56	0.01410	0.01181	0.01371	0.00990	0.01571	0.00895	0.00790	0.01715	0.01420	0.02249	0.01278	0.01488	0.01059	0.00524	0.00505	0.00105	0.00495	0.00420	0.05267	0.75268
57	0.00858	0.00667	0.00760	0.00792	0.00942	0.00591	0.00561	0.01028	0.01510	0.01927	0.16528	0.23567	0.37486	0.08362	0.01062	0.00279	0.00383	0.01496	0.00635	0.00569
58	0.00834	0.00595	0.00794	0.00953	0.00992	0.00556	0.00635	0.00953	0.01310	0.01746	0.03771	0.75510	0.04525	0.02143	0.00873	0.00278	0.00397	0.01945	0.00635	0.00556
59	0.80789	0.01323	0.01006	0.00900	0.01323	0.01535	0.00741	0.02011	0.01164	0.03070	0.00953	0.01111	0.00741	0.00635	0.00423	0.00212	0.00529	0.00370	0.00423	0.00741
60	0.00911	0.00686	0.00820	0.00839	0.00995	0.00621	0.00621	0.01110	0.01585	0.02070	0.25288	0.14798	0.30163	0.06681	0.01066	0.02755	0.00400	0.07366	0.00645	0.00581
61	0.00871	0.00656	0.00772	0.00835	0.00966	0.00591	0.00593	0.01036	0.01460	0.01889	0.11115	0.32998	0.30239	0.06437	0.00995	0.00276	0.00395	0.04362	0.02945	0.00569
62	0.02821	0.01382	0.01690	0.01303	0.01819	0.01351	0.01074	0.24862	0.02342	0.46266	0.02329	0.02116	0.01523	0.00836	0.00676	0.00207	0.00624	0.00662	0.04983	0.01136
63	0.01829	0.76368	0.03585	0.01171	0.01756	0.02707	0.01171	0.02049	0.01390	0.01610	0.00951	0.01097	0.00878	0.00585	0.00439	0.00146	0.00732	0.00366	0.00293	0.00878
64	0.02237	0.05896	0.01780	0.01360	0.01803	0.07129	0.01100	0.31389	0.08666	0.14663	0.02459	0.09322	0.07131	0.01012	0.00695	0.00212	0.00674	0.00808	0.00656	0.01007
65	0.01497	0.01497	0.02095	0.01796	0.01796	0.02095	0.01497	0.01646	0.01048	0.01646	0.00898	0.01497	0.00898	0.01197	0.02245	0.00299	0.74704	0.00599	0.00299	0.00748
66	0.80789	0.01323	0.01006	0.00900	0.01323	0.01535	0.00741	0.02011	0.01164	0.03070	0.00953	0.01111	0.00741	0.00635	0.00423	0.00212	0.00529	0.00370	0.00423	0.00741
67	0.01419	0.01216	0.01419	0.01013	0.01621	0.00912	0.00811	0.01723	0.01419	0.02229	0.01216	0.01419	0.01013	0.00507	0.00507	0.00101	0.00507	0.00405	0.00405	0.80139
68	0.00869	0.00695	0.00777	0.00757	0.00961	0.00603	0.00568	0.01099	0.01703	0.02189	0.31421	0.06024	0.46709	0.01606	0.00808	0.00225	0.00337	0.01365	0.00680	0.00603
69	0.01470	0.01096	0.01243	0.01161	0.01455	0.01166	0.00900	0.02504	0.34079	0.08525	0.12012	0.12146	0.11864	0.01294	0.00763	0.00240	0.00483	0.06028	0.00697	0.00876
70	0.00834	0.00595	0.00794	0.00953	0.00992	0.00556	0.00635	0.00953	0.01310	0.01746	0.03771	0.75510	0.04525	0.02143	0.00873	0.00278	0.00397	0.01945	0.00635	0.00556
71	0.02549	0.02023	0.02015	0.01583	0.02103	0.08987	0.01291	0.59456	0.06662	0.03979	0.01646	0.01651	0.01185	0.00816	0.00678	0.00204	0.00788	0.00607	0.00653	0.01123
72	0.01374	0.00802	0.01002	0.00956	0.01086	0.00817	0.00678	0.05627	0.07265	0.06214	0.02137	0.11827	0.03673	0.08957	0.01801	0.34040	0.00542	0.00854	0.09785	0.00564
73	0.00917	0.00665	0.00848	0.00966	0.01045	0.00632	0.00671	0.03437	0.01403	0.01850	0.03875	0.60792	0.09524	0.04678	0.00959	0.00288	0.00429	0.05815	0.00629	0.00579
74	0.05287	0.01507	0.01779	0.01368	0.01902	0.01524	0.01130	0.33006	0.02499	0.39492	0.02169	0.01982	0.01425	0.00829	0.00678	0.00209	0.00657	0.00646	0.00761	0.01151
75	0.00979	0.00759	0.00848	0.00833	0.00999	0.00723	0.00595	0.01309	0.07940	0.02005	0.18467	0.08366	0.30209	0.19359	0.01444	0.00336	0.00446	0.03171	0.00612	0.00601
76	0.05567	0.00729	0.00841	0.00861	0.01039	0.00671	0.00630	0.01224	0.01512	0.05926	0.14176	0.26916	0.28304	0.04865	0.00918	0.00262	0.00406	0.03894	0.00642	0.00618
77	0.74620	0.01286	0.01017	0.00913	0.01324	0.01474	0.00746	0.02013	0.01199	0.05471	0.01135	0.04322	0.00936	0.00707	0.00452	0.00215	0.00525	0.00449	0.00447	0.00748
78	0.00984	0.00662	0.00763	0.00773	0.00780	0.00664	0.00445	0.01001	0.01018	0.01362	0.02242	0.08759	0.02582	0.68676	0.06039	0.00657	0.00692	0.01043	0.00426	0.00431
79	0.01030	0.00725	0.00863	0.00812	0.01026	0.00639	0.00615	0.01287	0.01780	0.06622	0.40215	0.05556	0.33306	0.01504	0.00800	0.00222	0.00349	0.01290	0.00710	0.00649
80	0.01456	0.01238	0.01439	0.01031	0.01637	0.00950	0.00826	0.03866	0.01476	0.02295	0.01229	0.01426	0.01018	0.00517	0.00512	0.00105	0.00514	0.00412	0.00414	0.77638
81	0.02438	0.01813	0.01938	0.01517	0.02030	0.02015	0.01243	0.58557	0.11776	0.04063	0.01810	0.01792	0.01303	0.00834	0.00679	0.00207	0.00710	0.00637	0.03503	0.01134
82	0.00977	0.00733	0.01100	0.01100	0.01222	0.00855	0.00855	0.01222	0.01100	0.01588	0.01833	0.02688	0.01710	0.05131	0.73245	0.01100	0.01833	0.00733	0.00367	0.00611
83	0.02426	0.01322	0.01592	0.01294	0.01729	0.01325	0.01037	0.25820	0.04269	0.32685	0.02546	0.16530	0.02079	0.01096	0.00724	0.00223	0.00604	0.00913	0.00744	0.01042
84	0.01003	0.00723	0.01048	0.01045	0.01173	0.00823	0.00810	0.01258	0.01180	0.01743	0.06171	0.02826	0.02008	0.04525	0.62463	0.00963	0.01608	0.00756	0.07260	0.00615
85	0.03806	0.00838	0.01031	0.01026	0.01206	0.00816	0.00747	0.08770	0.01663	0.09510	0.11283	0.46808	0.06380	0.01715	0.00809	0.00252	0.00449	0.01519	0.00669	0.00703
86	0.13363	0.01527	0.01720	0.01336	0.01860	0.01584	0.01104	0.33149	0.02422	0.32022	0.01983	0.01853	0.01324	0.00807	0.00651	0.00209	0.00652	0.00612	0.00716	0.01107
87	0.01098	0.00831	0.01211	0.01163	0.01252	0.01008	0.00907	0.01261	0.01078	0.01586	0.01619	0.02417	0.01517	0.03981	0.50032	0.11066	0.13078	0.00690	0.03610	0.00593
88	0.01244	0.05561	0.01204	0.01002	0.01236	0.03522	0.00769	0.06512	0.06725	0.03784	0.32059	0.16971	0.13946	0.01417	0.00770	0.00223	0.00449	0.01221	0.00666	0.00719
89	0.00994	0.00668	0.00768	0.00768	0.00775	0.00675	0.00442	0.01009	0.01001	0.01343	0.02136	0.04367	0.02440	0.71617	0.07756	0.00690	0.00735	0.00979	0.00412	0.00427
90	0.02086	0.02384	0.07655	0.04639	0.04023	0.32983	0.08675	0.06508	0.01811	0.07280	0.03447	0.01895	0.04892	0.00906	0.02360	0.00225	0.06330	0.00617	0.00424	0.00859
91	0.01863	0.01692	0.02155	0.04364	0.02120	0.05617	0.06686	0.22120	0.03951	0.02536	0.01355	0.04641	0.01174	0.01023	0.01421	0.00254	0.35016	0.00673	0.00447	0.00892
92	0.31759	0.03970	0.01458	0.03831	0.05927	0.01286	0.00931	0.01994	0.01370	0.07978	0.01227	0.01393	0.00959	0.00598	0.00504	0.00164	0.00563	0.00433	0.00435	0.33222

[dist]
# distance from previous block
# <min> <max>
1	14

[block]
# block no. 2 follows, 31 sequences, length 65
# corresponding to MSA columns:
# 270-334
name=unknown_C
#
# <colnr> <probs for GDERKNQSTAVLIFYWHMCP>
#	G	D	E	R	K	N	Q	S	T	A	V	L	I	F	Y	W	H	M	C	P
0	0.04403	0.03906	0.04169	0.01206	0.01655	0.01316	0.01003	0.17351	0.03988	0.12023	0.04267	0.07258	0.04127	0.04520	0.00841	0.00211	0.03757	0.00718	0.02871	0.20410
1	0.02162	0.01671	0.01832	0.01503	0.01853	0.06773	0.01225	0.30416	0.07532	0.09498	0.01669	0.01819	0.01267	0.01049	0.03389	0.00253	0.17794	0.00624	0.06693	0.00977
2	0.00994	0.00666	0.00760	0.00760	0.00765	0.00671	0.00432	0.01004	0.00999	0.01337	0.02143	0.04408	0.02457	0.73209	0.06188	0.00680	0.00709	0.00985	0.00413	0.00422
3	0.04433	0.01541	0.01721	0.07152	0.01993	0.11914	0.03641	0.06776	0.06886	0.17569	0.02156	0.04804	0.06287	0.01328	0.07122	0.00303	0.12239	0.00728	0.00531	0.00876
4	0.01431	0.00868	0.01127	0.01114	0.03612	0.00804	0.00785	0.04953	0.01574	0.14134	0.10425	0.29537	0.05546	0.08655	0.01107	0.03187	0.00500	0.03458	0.00626	0.06557
5	0.02050	0.01604	0.01708	0.01410	0.01856	0.01786	0.01131	0.35677	0.29808	0.03490	0.04689	0.02505	0.07269	0.00954	0.00703	0.00218	0.00623	0.00764	0.00687	0.01069
6	0.00879	0.00655	0.00818	0.00864	0.00989	0.00594	0.00615	0.01087	0.01599	0.02145	0.29976	0.34519	0.19200	0.01776	0.00835	0.00244	0.00358	0.01573	0.00680	0.00594
7	0.04122	0.00767	0.00936	0.00898	0.01098	0.00710	0.00676	0.01473	0.01640	0.11118	0.26880	0.14239	0.16155	0.07642	0.01005	0.00267	0.00425	0.05534	0.03745	0.00671
8	0.02068	0.00982	0.01147	0.00958	0.01295	0.00953	0.00766	0.10751	0.01842	0.27041	0.02320	0.02359	0.01658	0.00817	0.00577	0.00183	0.00465	0.00652	0.42276	0.00888
9	0.00995	0.00663	0.00746	0.00746	0.00746	0.00663	0.00415	0.00995	0.00995	0.01327	0.02156	0.04477	0.02487	0.75957	0.03482	0.00663	0.00663	0.00995	0.00415	0.00415
10	0.04539	0.00997	0.01139	0.01020	0.01301	0.01016	0.00781	0.04506	0.16169	0.15695	0.10905	0.06574	0.06337	0.09904	0.01009	0.00267	0.00492	0.02534	0.13993	0.00821
11	0.01201	0.00824	0.00936	0.00920	0.01092	0.03223	0.00664	0.01458	0.04088	0.08600	0.20363	0.24147	0.15080	0.09169	0.01062	0.00277	0.00446	0.01317	0.04477	0.00655
12	0.00849	0.00698	0.00750	0.00747	0.00962	0.00598	0.00567	0.01055	0.01626	0.02014	0.18121	0.06373	0.57096	0.01681	0.00814	0.00232	0.00354	0.04214	0.00656	0.00592
13	0.80789	0.01323	0.01006	0.00900	0.01323	0.01535	0.00741	0.02011	0.01164	0.03070	0.00953	0.01111	0.00741	0.00635	0.00423	0.00212	0.00529	0.00370	0.00423	0.00741
14	0.00954	0.00713	0.00813	0.00778	0.00993	0.00620	0.00587	0.01190	0.01723	0.04765	0.32205	0.05847	0.43220	0.01568	0.00804	0.00224	0.00346	0.01335	0.00690	0.00626
15	0.02697	0.01762	0.01958	0.01501	0.02045	0.01893	0.01240	0.55886	0.02959	0.18197	0.01859	0.01783	0.01272	0.00826	0.00685	0.00207	0.00718	0.00631	0.00718	0.01164
16	0.01702	0.01470	0.01547	0.01392	0.01779	0.01702	0.01083	0.03635	0.70453	0.02862	0.02785	0.02553	0.02088	0.00928	0.00696	0.00232	0.00541	0.00773	0.00696	0.01083
17	0.02598	0.01986	0.02047	0.01584	0.02121	0.05805	0.01301	0.65953	0.03150	0.04175	0.01612	0.01621	0.01149	0.00815	0.00681	0.00204	0.00778	0.00607	0.00667	0.01144
18	0.05813	0.01224	0.01569	0.01215	0.01724	0.01125	0.01001	0.10176	0.02036	0.59076	0.02500	0.02222	0.01605	0.00834	0.00668	0.00208	0.00585	0.00666	0.04627	0.01123
19	0.00903	0.00647	0.00848	0.00985	0.01046	0.00617	0.00675	0.03292	0.01384	0.01844	0.03693	0.70526	0.04389	0.02089	0.00869	0.00277	0.00418	0.04282	0.00637	0.00579
20	0.00981	0.00720	0.01031	0.01031	0.01130	0.00818	0.00770	0.01178	0.01079	0.01538	0.01895	0.03033	0.01860	0.18797	0.59784	0.01015	0.01607	0.00784	0.00376	0.00573
21	0.00995	0.00663	0.00746	0.00746	0.00746	0.00663	0.00415	0.00995	0.00995	0.01327	0.02156	0.04477	0.02487	0.75957	0.03482	0.00663	0.00663	0.00995	0.00415	0.00415
22	0.05124	0.01776	0.01904	0.01473	0.01991	0.01950	0.01214	0.59470	0.02970	0.07565	0.01711	0.01718	0.01214	0.00815	0.00663	0.00203	0.00709	0.00613	0.05803	0.01115
23	0.10381	0.01271	0.01589	0.01231	0.01752	0.01192	0.01016	0.11249	0.02036	0.57356	0.02405	0.02130	0.01539	0.00824	0.00662	0.00211	0.00598	0.00649	0.00787	0.01124
24	0.00834	0.00595	0.00794	0.00953	0.00992	0.00556	0.00635	0.00953	0.01310	0.01746	0.03771	0.75510	0.04525	0.02143	0.00873	0.00278	0.00397	0.01945	0.00635	0.00556
25	0.00854	0.00631	0.00767	0.00859	0.00944	0.00578	0.00578	0.00977	0.01348	0.01747	0.06543	0.47037	0.20337	0.12029	0.01209	0.00317	0.00419	0.01673	0.00609	0.00545
26	0.01767	0.01455	0.01549	0.01384	0.01777	0.01669	0.01079	0.03621	0.67193	0.06160	0.02780	0.02542	0.02070	0.00924	0.00696	0.00231	0.00543	0.00769	0.00703	0.01087
27	0.01383	0.00693	0.00717	0.00693	0.00879	0.00692	0.00526	0.01753	0.03777	0.06168	0.02275	0.02539	0.01762	0.00804	0.00496	0.00165	0.00340	0.00645	0.73014	0.00680
28	0.02555	0.01281	0.01577	0.01281	0.01749	0.01263	0.01033	0.08934	0.20180	0.44474	0.02685	0.06005	0.01895	0.00931	0.00699	0.00220	0.00577	0.00768	0.00782	0.01112
29	0.01694	0.01619	0.02729	0.04090	0.68977	0.01628	0.02060	0.02159	0.04230	0.02259	0.01345	0.01727	0.01123	0.00622	0.00678	0.00204	0.00802	0.00616	0.00353	0.01084
30	0.00834	0.00595	0.00794	0.00953	0.00992	0.00556	0.00635	0.00953	0.01310	0.01746	0.03771	0.75510	0.04525	0.02143	0.00873	0.00278	0.00397	0.01945	0.00635	0.00556
31	0.01006	0.00745	0.01070	0.01060	0.01163	0.00863	0.00805	0.01218	0.01095	0.01588	0.01858	0.02880	0.01788	0.14197	0.59303	0.00984	0.03987	0.00760	0.03038	0.00590
32	0.01419	0.01216	0.01419	0.01013	0.01621	0.00912	0.00811	0.01723	0.01419	0.02229	0.01216	0.01419	0.01013	0.00507	0.00507	0.00101	0.00507	0.00405	0.00405	0.80139
33	0.04794	0.19328	0.13246	0.08509	0.11261	0.06105	0.06053	0.07064	0.05666	0.08171	0.01399	0.01587	0.01072	0.00687	0.00647	0.00199	0.02292	0.00548	0.00410	0.00961
34	0.01659	0.01437	0.01957	0.19612	0.15282	0.01648	0.01500	0.12554	0.20927	0.02517	0.01773	0.02040	0.01384	0.01200	0.07538	0.00306	0.04559	0.00667	0.00483	0.00956
35	0.01704	0.01679	0.02779	0.07042	0.62860	0.04244	0.05433	0.02112	0.01566	0.02192	0.01280	0.01690	0.01067	0.00615	0.00682	0.00205	0.00850	0.00613	0.00338	0.01051
36	0.00890	0.00645	0.00817	0.00936	0.00992	0.00619	0.00622	0.01074	0.04235	0.01744	0.03629	0.61025	0.06408	0.11481	0.01196	0.00323	0.00435	0.01757	0.00610	0.00561
37	0.00880	0.00603	0.00778	0.00915	0.00963	0.00568	0.00610	0.01010	0.01304	0.01793	0.03554	0.65538	0.04181	0.05920	0.00977	0.00288	0.00404	0.01783	0.07377	0.00555
38	0.02623	0.01881	0.02031	0.01557	0.02104	0.02068	0.01286	0.66263	0.03157	0.07541	0.01693	0.01675	0.01189	0.00822	0.00685	0.00206	0.00745	0.00619	0.00692	0.01164
39	0.00816	0.00693	0.00704	0.00701	0.00929	0.00581	0.00526	0.00997	0.01578	0.01891	0.10043	0.06513	0.68272	0.01717	0.00808	0.00230	0.00345	0.01434	0.00641	0.00581
40	0.02601	0.01916	0.02053	0.01574	0.02122	0.02122	0.01300	0.69408	0.03217	0.04312	0.01643	0.01643	0.01163	0.00821	0.00684	0.00205	0.00753	0.00616	0.00684	0.01163
41	0.00918	0.00618	0.00770	0.00881	0.00940	0.00587	0.00590	0.01052	0.01296	0.01800	0.03460	0.52066	0.06348	0.12401	0.01191	0.00316	0.00428	0.03105	0.10683	0.00549
42	0.01419	0.01216	0.01419	0.01013	0.01621	0.00912	0.00811	0.01723	0.01419	0.02229	0.01216	0.01419	0.01013	0.00507	0.00507	0.00101	0.00507	0.00405	0.00405	0.80139
43	0.01773	0.01454	0.01549	0.01383	0.01777	0.01666	0.01079	0.03620	0.66904	0.06452	0.02780	0.02541	0.02068	0.00924	0.00696	0.00231	0.00544	0.00769	0.00704	0.01087
44	0.01702	0.01470	0.01547	0.01392	0.01779	0.01702	0.01083	0.03635	0.70453	0.02862	0.02785	0.02553	0.02088	0.00928	0.00696	0.00232	0.00541	0.00773	0.00696	0.01083
45	0.01302	0.00703	0.00755	0.00725	0.00859	0.00701	0.00503	0.03166	0.01358	0.05552	0.02214	0.03157	0.01980	0.25747	0.01491	0.00330	0.00457	0.00758	0.47639	0.00602
46	0.00981	0.00707	0.00954	0.00954	0.01051	0.00774	0.00693	0.01153	0.01113	0.01564	0.02295	0.03467	0.06810	0.24983	0.45776	0.00882	0.01343	0.00854	0.03092	0.00553
47	0.80789	0.01323	0.01006	0.00900	0.01323	0.01535	0.00741	0.02011	0.01164	0.03070	0.00953	0.01111	0.00741	0.00635	0.00423	0.00212	0.00529	0.00370	0.00423	0.00741
48	0.00845	0.00646	0.00779	0.00870	0.00991	0.00580	0.00618	0.01004	0.01444	0.01847	0.08175	0.43567	0.28876	0.01945	0.00850	0.00260	0.00387	0.05104	0.00641	0.00572
49	0.02680	0.01789	0.01974	0.01514	0.02058	0.01932	0.01250	0.58200	0.03003	0.15821	0.01822	0.01759	0.01253	0.00826	0.00685	0.00206	0.00724	0.00628	0.00712	0.01164
50	0.02601	0.01916	0.02053	0.01574	0.02122	0.02122	0.01300	0.69408	0.03217	0.04312	0.01643	0.01643	0.01163	0.00821	0.00684	0.00205	0.00753	0.00616	0.00684	0.01163
51	0.00904	0.00643	0.00834	0.00893	0.00974	0.00603	0.00613	0.01086	0.01510	0.02074	0.29217	0.40253	0.05013	0.10733	0.01162	0.00300	0.00401	0.01562	0.00653	0.00573
52	0.00867	0.00661	0.00792	0.00831	0.00971	0.00591	0.00593	0.01060	0.01569	0.02057	0.24093	0.29697	0.28463	0.03453	0.00891	0.00252	0.00364	0.01546	0.00664	0.00586
53	0.69378	0.01278	0.01058	0.00929	0.01350	0.01441	0.00762	0.02106	0.01279	0.09821	0.04473	0.01421	0.01106	0.00692	0.00468	0.00212	0.00525	0.00443	0.00481	0.00778
54	0.02360	0.01748	0.01889	0.01496	0.01980	0.01928	0.01216	0.58546	0.06383	0.03956	0.01935	0.09843	0.01581	0.00973	0.00706	0.00215	0.00703	0.00771	0.00680	0.01092
55	0.01631	0.02039	0.12668	0.02711	0.03438	0.01689	0.58502	0.02225	0.01604	0.04454	0.01407	0.01810	0.01037	0.00595	0.00783	0.00228	0.01117	0.00765	0.00355	0.00942
56	0.00991	0.00672	0.00848	0.00886	0.01010	0.00614	0.00623	0.01173	0.01530	0.05542	0.22595	0.36777	0.15105	0.07129	0.01024	0.00278	0.00397	0.01542	0.00662	0.00604
57	0.00830	0.00608	0.00781	0.00920	0.00984	0.00558	0.00621	0.00956	0.01341	0.01759	0.04168	0.66849	0.12930	0.02092	0.00865	0.00272	0.00391	0.01882	0.00635	0.00558
58	0.01612	0.01565	0.02499	0.29396	0.39571	0.04669	0.04413	0.04286	0.01564	0.02103	0.01267	0.01725	0.01014	0.00647	0.00682	0.00212	0.00877	0.00609	0.00339	0.00951
59	0.01073	0.00847	0.01020	0.05430	0.01326	0.03231	0.00787	0.01243	0.01447	0.04197	0.09761	0.29073	0.21596	0.04026	0.01061	0.03060	0.05296	0.04333	0.00582	0.00613
60	0.04300	0.07100	0.04183	0.05892	0.15595	0.01386	0.04673	0.06427	0.01579	0.04465	0.01284	0.01525	0.01030	0.00586	0.00579	0.00156	0.00673	0.00498	0.00404	0.37665
61	0.01143	0.00612	0.00871	0.00874	0.00890	0.00614	0.00581	0.00954	0.00975	0.01330	0.03626	0.04639	0.01645	0.11268	0.05201	0.60084	0.00625	0.00709	0.03008	0.00353
62	0.00995	0.00663	0.00746	0.00746	0.00746	0.00663	0.00415	0.00995	0.00995	0.01327	0.02156	0.04477	0.02487	0.75957	0.03482	0.00663	0.00663	0.00995	0.00415	0.00415
63	0.01430	0.01042	0.01319	0.07389	0.01517	0.04690	0.00929	0.07571	0.01232	0.01629	0.01251	0.02054	0.01194	0.06909	0.02208	0.44556	0.11600	0.00618	0.00345	0.00517
64	0.02043	0.01975	0.04174	0.01570	0.01988	0.18361	0.05340	0.24463	0.07843	0.02742	0.01585	0.01805	0.01248	0.01387	0.10896	0.00325	0.03520	0.00605	0.04270	0.03860

[dist]
# distance from previous block
# <min> <max>
1	17

[block]
# block no. 3 follows, 31 sequences, length 39
# corresponding to MSA columns:
# 352-390
name=unknown_D
#
# <colnr> <probs for GDERKNQSTAVLIFYWHMCP>
#	G	D	E	R	K	N	Q	S	T	A	V	L	I	F	Y	W	H	M	C	P
0	0.18577	0.06855	0.06922	0.04313	0.06194	0.08554	0.03900	0.03608	0.11676	0.04321	0.01418	0.01561	0.01104	0.00663	0.00571	0.00184	0.00707	0.00508	0.00438	0.17926
1	0.03923	0.04950	0.01218	0.01091	0.01252	0.04777	0.00844	0.01331	0.01196	0.01663	0.02092	0.10361	0.04145	0.06384	0.50605	0.00838	0.01457	0.00844	0.00402	0.00626
2	0.00846	0.00604	0.00808	0.00967	0.01012	0.00566	0.00656	0.00974	0.01322	0.01760	0.03764	0.72424	0.04498	0.02132	0.00876	0.00280	0.00408	0.04910	0.00635	0.00559
3	0.02104	0.48740	0.02963	0.01394	0.01892	0.29351	0.01228	0.02307	0.01597	0.01634	0.00991	0.01149	0.00879	0.00631	0.00506	0.00158	0.00921	0.00394	0.00315	0.00846
4	0.00834	0.00595	0.00794	0.00953	0.00992	0.00556	0.00635	0.00953	0.01310	0.01746	0.03771	0.75510	0.04525	0.02143	0.00873	0.00278	0.00397	0.01945	0.00635	0.00556
5	0.40832	0.01484	0.01412	0.01164	0.01625	0.04064	0.00954	0.18726	0.01846	0.16825	0.01499	0.01541	0.01071	0.00886	0.03166	0.00241	0.00666	0.00508	0.00566	0.00924
6	0.01314	0.01203	0.01951	0.53349	0.11723	0.01412	0.01711	0.03460	0.01503	0.01972	0.08369	0.02378	0.05235	0.00805	0.00702	0.00223	0.00809	0.00714	0.00379	0.00787
7	0.00962	0.00699	0.00906	0.00854	0.01018	0.00643	0.00641	0.01279	0.01922	0.02709	0.68840	0.05167	0.08965	0.01412	0.00807	0.00216	0.00324	0.01245	0.00749	0.00643
8	0.00995	0.00663	0.00746	0.00746	0.00746	0.00663	0.00415	0.00995	0.00995	0.01327	0.02156	0.04477	0.02487	0.75957	0.03482	0.00663	0.00663	0.00995	0.00415	0.00415
9	0.15889	0.01640	0.04069	0.13251	0.28838	0.05797	0.07676	0.03892	0.03278	0.02292	0.01243	0.01616	0.01001	0.00723	0.00761	0.02999	0.03189	0.00575	0.00365	0.00905
10	0.04577	0.01224	0.01331	0.01171	0.01491	0.01337	0.00894	0.08678	0.33411	0.10066	0.06095	0.02865	0.02189	0.13911	0.01155	0.00295	0.00556	0.00788	0.07054	0.00911
11	0.00946	0.00648	0.00755	0.00793	0.00815	0.00633	0.00474	0.00984	0.01101	0.01456	0.02802	0.21836	0.06655	0.54079	0.02706	0.00547	0.00582	0.01249	0.00480	0.00457
12	0.02886	0.01222	0.01599	0.01236	0.01745	0.01111	0.01017	0.10766	0.02101	0.60108	0.06823	0.02422	0.01927	0.00878	0.00695	0.00211	0.00586	0.00714	0.00822	0.01132
13	0.04288	0.00695	0.00893	0.00887	0.01012	0.00681	0.00641	0.01190	0.01298	0.04624	0.11874	0.12396	0.13602	0.02221	0.10024	0.26374	0.00623	0.00996	0.05151	0.00530
14	0.01146	0.00747	0.00876	0.00851	0.01006	0.00702	0.00598	0.03984	0.01521	0.06890	0.15143	0.17802	0.18752	0.20344	0.01462	0.00339	0.00463	0.01253	0.05509	0.00612
15	0.00995	0.00759	0.01134	0.01124	0.01242	0.00898	0.00877	0.01236	0.01098	0.01590	0.01800	0.02646	0.01682	0.04995	0.70784	0.01072	0.04358	0.00728	0.00364	0.00616
16	0.05374	0.01080	0.01268	0.01105	0.01438	0.01092	0.00861	0.04627	0.19521	0.20750	0.20848	0.06735	0.07623	0.03563	0.00816	0.00237	0.00486	0.00953	0.00722	0.00898
17	0.01383	0.00822	0.01008	0.00911	0.01145	0.00752	0.00683	0.04264	0.01754	0.15314	0.28530	0.09618	0.19403	0.10020	0.01094	0.00274	0.00438	0.01178	0.00694	0.00715
18	0.00920	0.00700	0.00848	0.00819	0.01003	0.00628	0.00619	0.01193	0.01799	0.02424	0.47717	0.05686	0.27875	0.01526	0.00812	0.00224	0.00341	0.03533	0.00710	0.00622
19	0.57634	0.01293	0.01096	0.00959	0.01337	0.01470	0.00765	0.10739	0.01427	0.03008	0.01241	0.01636	0.01045	0.09375	0.00814	0.00261	0.00564	0.00487	0.04094	0.00754
20	0.01040	0.00751	0.00892	0.00924	0.01071	0.00722	0.00652	0.01382	0.08917	0.04757	0.10682	0.35561	0.19149	0.08931	0.01078	0.00291	0.00427	0.01495	0.00640	0.00637
21	0.01090	0.00730	0.00914	0.00987	0.01090	0.00713	0.00697	0.05970	0.01463	0.03980	0.03319	0.51205	0.03775	0.08830	0.01077	0.00302	0.00465	0.06641	0.06137	0.00614
22	0.02384	0.01248	0.01524	0.01269	0.01716	0.01242	0.01029	0.06223	0.23509	0.39349	0.02924	0.02926	0.04950	0.00982	0.00713	0.00226	0.00570	0.05371	0.00768	0.01076
23	0.01264	0.00665	0.00953	0.00928	0.00957	0.00676	0.00632	0.04543	0.01015	0.01355	0.01213	0.02056	0.01187	0.02294	0.02568	0.75837	0.00603	0.00595	0.00318	0.00343
24	0.00889	0.00692	0.00784	0.00763	0.00944	0.00612	0.00557	0.01102	0.01647	0.02139	0.31203	0.05802	0.39388	0.09193	0.01081	0.00269	0.00370	0.01319	0.00658	0.00587
25	0.02887	0.01457	0.01769	0.01356	0.01893	0.01440	0.01120	0.29084	0.02449	0.45720	0.02287	0.02061	0.01487	0.00837	0.00687	0.00209	0.00649	0.00660	0.00783	0.01164
26	0.01757	0.01497	0.01578	0.01404	0.01800	0.01728	0.01096	0.07703	0.66295	0.02952	0.02714	0.02496	0.02031	0.00922	0.00695	0.00230	0.00555	0.00764	0.00695	0.01088
27	0.20443	0.01687	0.01756	0.01376	0.01893	0.01848	0.01136	0.45778	0.02592	0.12553	0.01618	0.01608	0.01134	0.00782	0.00625	0.00208	0.00681	0.00569	0.00645	0.01067
28	0.01240	0.01033	0.01237	0.07409	0.04579	0.01100	0.00909	0.02045	0.24342	0.02340	0.19043	0.04070	0.17167	0.09246	0.01043	0.00273	0.00508	0.01019	0.00618	0.00780
29	0.00977	0.00742	0.00906	0.00865	0.01049	0.00694	0.00648	0.01362	0.06076	0.02537	0.51879	0.08068	0.18710	0.01464	0.00803	0.00222	0.00344	0.01277	0.00722	0.00656
30	0.02458	0.01736	0.01892	0.01495	0.02006	0.01906	0.01220	0.47794	0.17639	0.11564	0.02008	0.01916	0.01423	0.00847	0.00687	0.00212	0.00688	0.00658	0.00705	0.01146
31	0.00992	0.00763	0.01061	0.01129	0.01294	0.00723	0.03787	0.01236	0.01504	0.01932	0.04264	0.25059	0.18231	0.01867	0.00891	0.00284	0.00531	0.33219	0.00620	0.00612
32	0.00866	0.00640	0.00809	0.00931	0.01021	0.00591	0.00660	0.01015	0.01380	0.01788	0.04324	0.51596	0.17581	0.04448	0.00954	0.00286	0.00423	0.09496	0.00627	0.00564
33	0.01725	0.01727	0.02647	0.02935	0.31256	0.05922	0.12833	0.05241	0.06621	0.02195	0.01322	0.01705	0.01097	0.00785	0.01075	0.00232	0.18703	0.00642	0.00373	0.00963
34	0.01317	0.03117	0.03753	0.01220	0.01378	0.04111	0.00963	0.06877	0.03410	0.01994	0.07123	0.18658	0.05678	0.13839	0.04084	0.00348	0.17375	0.01037	0.03031	0.00685
35	0.05447	0.01720	0.04914	0.10221	0.11376	0.12268	0.04079	0.06222	0.06390	0.09767	0.01980	0.02137	0.07089	0.00821	0.00750	0.00207	0.05101	0.00653	0.02527	0.06331
36	0.04250	0.02146	0.27327	0.01672	0.07128	0.06934	0.01591	0.02356	0.01693	0.21534	0.11973	0.04623	0.02046	0.00863	0.00683	0.00213	0.00761	0.00708	0.00535	0.00965
37	0.06779	0.11188	0.33264	0.01542	0.02279	0.01592	0.01705	0.08672	0.01691	0.16035	0.01582	0.01778	0.01158	0.00729	0.00624	0.00203	0.00801	0.02701	0.00461	0.05215
38	0.04642	0.06722	0.11759	0.01925	0.07202	0.01573	0.17354	0.04261	0.09984	0.02232	0.04429	0.08412	0.04670	0.01117	0.04145	0.00269	0.07172	0.00814	0.00440	0.00878

[dist]
# distance from previous block
# <min> <max>
13	57

[block]
# block no. 4 follows, 31 sequences, length 42
# corresponding to MSA columns:
# 454-495
name=unknown_E
#
# <colnr> <probs for GDERKNQSTAVLIFYWHMCP>
#	G	D	E	R	K	N	Q	S	T	A	V	L	I	F	Y	W	H	M	C	P
0	0.01162	0.01498	0.16490	0.01301	0.03455	0.03549	0.03453	0.01561	0.04941	0.01874	0.05958	0.06747	0.14858	0.16990	0.12742	0.00452	0.00872	0.00937	0.00454	0.00704
1	0.01628	0.01431	0.02128	0.13824	0.16035	0.03458	0.09220	0.07710	0.08209	0.04712	0.02968	0.01976	0.01339	0.01242	0.08682	0.02725	0.02572	0.00651	0.00432	0.09058
2	0.01762	0.03960	0.09838	0.03577	0.11471	0.12552	0.06575	0.03702	0.03188	0.09449	0.02035	0.08706	0.04413	0.00935	0.00732	0.00212	0.02862	0.04446	0.04082	0.05504
3	0.01723	0.09185	0.02232	0.26946	0.12476	0.03713	0.03594	0.10703	0.10566	0.04849	0.01531	0.01823	0.01178	0.00867	0.03218	0.00239	0.00837	0.00608	0.00434	0.03277
4	0.01274	0.01170	0.01906	0.01591	0.03955	0.01095	0.20301	0.06778	0.01646	0.02157	0.03595	0.13044	0.23251	0.03940	0.00892	0.00249	0.00673	0.06580	0.00526	0.05377
5	0.04216	0.01228	0.01951	0.19920	0.15788	0.01328	0.06807	0.04189	0.01522	0.06197	0.03833	0.12460	0.02014	0.02667	0.00893	0.00251	0.05056	0.08402	0.00459	0.00819
6	0.01896	0.03898	0.02399	0.10191	0.09242	0.16002	0.14768	0.10213	0.06772	0.04756	0.01683	0.03937	0.03679	0.00815	0.00820	0.00218	0.06679	0.00689	0.00438	0.00905
7	0.00945	0.00663	0.00760	0.00774	0.00829	0.00636	0.00479	0.01016	0.01207	0.01590	0.09589	0.13564	0.13404	0.48789	0.02511	0.00509	0.00551	0.01201	0.00506	0.00478
8	0.01136	0.00699	0.00829	0.00810	0.00868	0.00678	0.00499	0.01195	0.01178	0.06862	0.08392	0.10543	0.02951	0.57315	0.02809	0.00556	0.00604	0.01075	0.00496	0.00504
9	0.01692	0.01564	0.02451	0.18814	0.27131	0.01739	0.07977	0.10841	0.07516	0.02374	0.01406	0.01779	0.01114	0.00748	0.00882	0.00226	0.09736	0.00641	0.00402	0.00967
10	0.01886	0.70660	0.03456	0.01217	0.01784	0.08211	0.01182	0.02102	0.01433	0.01615	0.00959	0.01108	0.00878	0.00595	0.00453	0.00149	0.00771	0.00372	0.00297	0.00871
11	0.01357	0.01123	0.01357	0.01041	0.01522	0.00935	0.00830	0.01640	0.01409	0.03768	0.04761	0.02048	0.05448	0.01164	0.08553	0.00235	0.04309	0.00555	0.00435	0.57510
12	0.01577	0.01131	0.01245	0.01111	0.01403	0.04746	0.00865	0.10239	0.10448	0.11274	0.23614	0.08702	0.12909	0.01445	0.04066	0.00263	0.00568	0.02893	0.00683	0.00818
13	0.06535	0.01156	0.01359	0.01209	0.01562	0.01195	0.00952	0.05063	0.24136	0.23405	0.05961	0.15389	0.02595	0.01175	0.00729	0.00236	0.00531	0.05149	0.00713	0.00951
14	0.00961	0.00717	0.01065	0.01083	0.01195	0.00821	0.00830	0.01191	0.01124	0.01606	0.02054	0.11021	0.02032	0.04789	0.64964	0.01005	0.01668	0.00872	0.00397	0.00605
15	0.01033	0.00742	0.00888	0.00917	0.01065	0.00708	0.00652	0.03921	0.03797	0.04397	0.07641	0.35542	0.22323	0.08029	0.04780	0.00329	0.00501	0.01495	0.00621	0.00621
16	0.00979	0.00714	0.00877	0.00955	0.01036	0.00708	0.00657	0.01254	0.07338	0.01805	0.05829	0.40076	0.06133	0.20616	0.01519	0.00371	0.00494	0.07475	0.00589	0.00577
17	0.15511	0.01003	0.01193	0.01067	0.01383	0.00973	0.00819	0.05178	0.01611	0.29269	0.02720	0.28643	0.02558	0.03883	0.00806	0.00251	0.00517	0.01096	0.00675	0.00845
18	0.01234	0.00797	0.00949	0.00899	0.01092	0.00744	0.00656	0.05297	0.01632	0.09670	0.17709	0.16480	0.21764	0.15037	0.01286	0.00312	0.00463	0.02678	0.00645	0.00657
19	0.01973	0.01492	0.01631	0.01345	0.01759	0.01624	0.01090	0.38974	0.13394	0.03508	0.13111	0.03079	0.07999	0.01064	0.00731	0.00220	0.00613	0.04710	0.00690	0.00992
20	0.01026	0.00752	0.00965	0.01051	0.01193	0.00735	0.00839	0.01318	0.03962	0.01992	0.10440	0.15303	0.12705	0.10871	0.01206	0.00329	0.00535	0.33554	0.00619	0.00605
21	0.00916	0.00652	0.00805	0.00894	0.00958	0.00622	0.00609	0.01027	0.01269	0.01660	0.03591	0.36202	0.11446	0.25960	0.01719	0.00402	0.00506	0.09676	0.00563	0.00522
22	0.00963	0.00628	0.00821	0.00938	0.01001	0.00587	0.00629	0.01087	0.01319	0.04953	0.03543	0.64121	0.04142	0.07801	0.01055	0.00301	0.00423	0.01769	0.03344	0.00575
23	0.05465	0.01552	0.01712	0.01379	0.01846	0.01678	0.01118	0.34615	0.17718	0.15024	0.08746	0.02270	0.01948	0.00897	0.00689	0.00214	0.00627	0.00713	0.00710	0.01079
24	0.00848	0.00624	0.00799	0.00933	0.01011	0.00575	0.00649	0.00989	0.01367	0.01783	0.04259	0.59966	0.15046	0.02061	0.00868	0.00273	0.00405	0.06344	0.00635	0.00564
