[name]
unknown

[dist]
# distance from previous block
# <min> <max>
7	40

[block]
# block no. 0 follows, 34 sequences, length 30
# corresponding to MSA columns:
# 48-77
name=unknown_A
#
# <colnr> <probs for GDERKNQSTAVLIFYWHMCP>
#	G	D	E	R	K	N	Q	S	T	A	V	L	I	F	Y	W	H	M	C	P
0	0.15122	0.17289	0.14563	0.03870	0.04432	0.06700	0.01278	0.07922	0.05483	0.02198	0.01393	0.05305	0.01212	0.00986	0.04993	0.00240	0.00775	0.02653	0.00389	0.03197
1	0.08203	0.10965	0.12463	0.07691	0.05931	0.10250	0.01309	0.06805	0.06752	0.02110	0.04333	0.03968	0.08706	0.00872	0.00688	0.00202	0.04438	0.03093	0.00418	0.00804
2	0.01624	0.13994	0.09592	0.01703	0.06277	0.13797	0.12587	0.07345	0.03700	0.02042	0.07915	0.02051	0.04425	0.02992	0.04800	0.00248	0.03060	0.00639	0.00396	0.00814
3	0.11730	0.01526	0.06237	0.29010	0.05894	0.08404	0.01394	0.07614	0.03949	0.11172	0.03520	0.01796	0.01194	0.03070	0.00693	0.00216	0.00760	0.00569	0.00428	0.00823
4	0.01391	0.02951	0.06424	0.03809	0.03632	0.06021	0.00891	0.03009	0.07432	0.09250	0.05630	0.12348	0.05047	0.24980	0.01492	0.00338	0.00621	0.00900	0.00490	0.03344
5	0.01726	0.05695	0.12490	0.06708	0.10330	0.04642	0.08062	0.08366	0.06515	0.12504	0.07216	0.02024	0.02725	0.00872	0.03153	0.00222	0.00767	0.00636	0.00470	0.04876
6	0.01661	0.08948	0.02121	0.01836	0.09963	0.23711	0.11606	0.01965	0.02895	0.01890	0.11023	0.06737	0.01993	0.00900	0.00757	0.00202	0.05583	0.05033	0.00411	0.00766
7	0.00842	0.00742	0.00919	0.03526	0.01169	0.00652	0.04993	0.01052	0.01501	0.01838	0.11924	0.05649	0.59883	0.01503	0.00759	0.00217	0.00393	0.01280	0.00581	0.00578
8	0.01710	0.04558	0.01490	0.01026	0.01582	0.01008	0.00838	0.05240	0.01517	0.15929	0.01426	0.01502	0.01082	0.00558	0.00517	0.00122	0.00513	0.00442	0.00471	0.58472
9	0.04710	0.03254	0.70851	0.01800	0.02731	0.01498	0.02316	0.02040	0.01353	0.02082	0.01149	0.01351	0.00813	0.00613	0.00605	0.00204	0.00936	0.00472	0.00278	0.00944
10	0.01297	0.01081	0.01184	0.01092	0.01371	0.01182	0.00837	0.02467	0.42827	0.02522	0.21476	0.06429	0.11294	0.01125	0.00704	0.00217	0.00431	0.00961	0.00663	0.00840
11	0.04161	0.01576	0.08605	0.12589	0.19708	0.01402	0.21336	0.02160	0.01515	0.15932	0.01632	0.01871	0.03165	0.00655	0.00672	0.00206	0.00825	0.00651	0.00417	0.00923
12	0.06117	0.02594	0.01856	0.03972	0.07933	0.52391	0.01285	0.09628	0.01877	0.04895	0.01137	0.01295	0.00902	0.00672	0.00590	0.00176	0.01019	0.00458	0.00385	0.00819
13	0.00929	0.00622	0.00708	0.00718	0.00720	0.00620	0.00405	0.00937	0.00960	0.01279	0.02138	0.09091	0.02478	0.72254	0.03124	0.00602	0.00610	0.01000	0.00405	0.00400
14	0.09018	0.57533	0.04854	0.01148	0.01682	0.04462	0.01108	0.05861	0.03700	0.04073	0.01051	0.01159	0.00893	0.00592	0.00452	0.00154	0.00686	0.00386	0.00338	0.00848
15	0.01619	0.09573	0.05636	0.02676	0.21087	0.01697	0.34807	0.08300	0.01612	0.02192	0.01331	0.04019	0.01087	0.00625	0.00681	0.00202	0.00902	0.00679	0.00356	0.00919
16	0.00940	0.00626	0.00705	0.00705	0.00705	0.00626	0.00392	0.00940	0.00940	0.01253	0.02036	0.04228	0.02349	0.77292	0.03289	0.00626	0.00626	0.00940	0.00392	0.00392
17	0.01354	0.01203	0.01582	0.01400	0.04126	0.04753	0.11325	0.02123	0.23214	0.04694	0.18739	0.08162	0.12399	0.01082	0.00718	0.00214	0.00560	0.00969	0.00586	0.00799
18	0.01692	0.01430	0.01509	0.01332	0.01712	0.01647	0.01043	0.10178	0.65212	0.02839	0.02522	0.02325	0.01885	0.00867	0.00656	0.00217	0.00531	0.00716	0.00656	0.01030
19	0.00801	0.00656	0.00706	0.00694	0.00896	0.00561	0.00520	0.01000	0.01561	0.01955	0.22987	0.05874	0.56428	0.01558	0.00763	0.00214	0.00322	0.01315	0.00628	0.00561
20	0.01727	0.77681	0.03386	0.01106	0.01658	0.02557	0.01106	0.01935	0.01313	0.01520	0.00898	0.01036	0.00829	0.00553	0.00415	0.00138	0.00691	0.00345	0.00276	0.00829
21	0.01194	0.00825	0.01324	0.18227	0.11355	0.00888	0.01032	0.01180	0.01045	0.01397	0.01247	0.05136	0.01188	0.01650	0.01773	0.48477	0.00649	0.00622	0.00301	0.00490
22	0.00830	0.00651	0.00757	0.00788	0.00956	0.00578	0.00597	0.01029	0.01507	0.01919	0.18817	0.17369	0.40609	0.01654	0.00788	0.00232	0.00362	0.09373	0.00621	0.00561
23	0.01905	0.04546	0.25170	0.01433	0.02018	0.05402	0.01448	0.13836	0.06223	0.19135	0.06070	0.06606	0.01655	0.00833	0.00644	0.00202	0.00719	0.00670	0.00533	0.00954
24	0.01336	0.10300	0.67340	0.01773	0.02690	0.01599	0.02267	0.02036	0.01359	0.01997	0.01135	0.01333	0.00819	0.00608	0.00595	0.00198	0.00930	0.00465	0.00273	0.00943
25	0.03176	0.05879	0.42498	0.01733	0.04513	0.11903	0.01871	0.11245	0.01683	0.07722	0.01281	0.01413	0.00921	0.00653	0.00605	0.00194	0.00897	0.00491	0.00374	0.00948
26	0.01801	0.12981	0.05410	0.11340	0.14186	0.19962	0.11062	0.06551	0.05091	0.01968	0.01199	0.01468	0.00960	0.00642	0.00648	0.00189	0.02800	0.00532	0.00348	0.00862
27	0.01562	0.01388	0.01724	0.17268	0.14597	0.06760	0.01306	0.14325	0.08545	0.02378	0.08350	0.04877	0.07103	0.00883	0.00709	0.00205	0.03166	0.00736	0.03280	0.00837
28	0.05226	0.01252	0.03899	0.01489	0.06752	0.01129	0.10154	0.01793	0.04885	0.06127	0.07567	0.09798	0.01808	0.00826	0.00733	0.00180	0.06417	0.00714	0.00448	0.28802
29	0.03692	0.00999	0.05987	0.05662	0.01413	0.00869	0.00844	0.03382	0.08330	0.05069	0.11573	0.15893	0.26287	0.04116	0.00821	0.00238	0.00471	0.03109	0.00571	0.00674

[dist]
# distance from previous block
# <min> <max>
18	47

[block]
# block no. 1 follows, 34 sequences, length 58
# corresponding to MSA columns:
# 128-185
name=unknown_B
#
# <colnr> <probs for GDERKNQSTAVLIFYWHMCP>
#	G	D	E	R	K	N	Q	S	T	A	V	L	I	F	Y	W	H	M	C	P
0	0.01109	0.00953	0.05448	0.03832	0.06127	0.00865	0.00910	0.01423	0.07534	0.03766	0.15322	0.26867	0.05571	0.01520	0.01058	0.12099	0.03310	0.01127	0.00522	0.00636
1	0.00863	0.00641	0.00747	0.00794	0.00945	0.00568	0.00578	0.01023	0.01410	0.03817	0.08892	0.30074	0.37718	0.03817	0.00858	0.00248	0.00373	0.05473	0.00606	0.00557
2	0.01122	0.00561	0.00842	0.00842	0.00842	0.00561	0.00561	0.00842	0.00842	0.01122	0.01122	0.01964	0.01122	0.02245	0.02525	0.81201	0.00561	0.00561	0.00281	0.00281
3	0.03476	0.14353	0.19227	0.05058	0.08907	0.10996	0.03523	0.07529	0.01592	0.09520	0.01429	0.04290	0.01172	0.00744	0.00651	0.00195	0.03147	0.02906	0.00398	0.00887
4	0.01276	0.01210	0.02018	0.62647	0.12053	0.01483	0.01790	0.01682	0.01292	0.01697	0.01136	0.01688	0.00879	0.00671	0.00744	0.00217	0.05901	0.00574	0.00291	0.00752
5	0.27136	0.01087	0.01094	0.00945	0.01262	0.01162	0.00743	0.14210	0.01623	0.11219	0.06506	0.06314	0.01753	0.07648	0.00789	0.00232	0.00501	0.00662	0.14357	0.00759
6	0.01554	0.01434	0.02365	0.33576	0.26926	0.01570	0.09114	0.11619	0.01623	0.02191	0.01245	0.01659	0.00962	0.00630	0.00656	0.00205	0.00833	0.00596	0.00353	0.00890
7	0.01648	0.01679	0.15084	0.01402	0.01891	0.01414	0.04202	0.11675	0.28472	0.08848	0.05637	0.02697	0.07241	0.00917	0.00676	0.00214	0.00630	0.04152	0.00577	0.00944
8	0.00884	0.00638	0.00723	0.00719	0.00805	0.00599	0.00466	0.00987	0.01254	0.01644	0.16445	0.07567	0.21414	0.40759	0.02073	0.00428	0.00480	0.01126	0.00513	0.00477
9	0.01013	0.00696	0.00792	0.00746	0.00960	0.00605	0.00559	0.01213	0.01571	0.08644	0.23534	0.05355	0.44358	0.05994	0.00903	0.00237	0.00360	0.01220	0.00636	0.00605
10	0.01624	0.01345	0.01436	0.01286	0.01647	0.01538	0.01001	0.03324	0.66322	0.05349	0.05778	0.02511	0.02143	0.00894	0.00662	0.00218	0.00504	0.00747	0.00665	0.01007
11	0.00787	0.00562	0.00750	0.00900	0.00937	0.00525	0.00600	0.00900	0.01237	0.01649	0.03561	0.76871	0.04274	0.02024	0.00825	0.00262	0.00375	0.01837	0.00600	0.00525
12	0.01795	0.01419	0.01521	0.01324	0.01717	0.01610	0.01042	0.11472	0.59157	0.07632	0.02496	0.02294	0.01843	0.00859	0.00656	0.00215	0.00538	0.00707	0.00666	0.01037
13	0.01719	0.00912	0.01088	0.00965	0.01241	0.00891	0.00746	0.10160	0.04932	0.21982	0.04202	0.19533	0.04888	0.01110	0.00642	0.00202	0.00446	0.00942	0.22603	0.00797
14	0.00893	0.00746	0.00791	0.00774	0.00999	0.00688	0.00591	0.01276	0.09922	0.01963	0.13449	0.05653	0.54046	0.01517	0.00756	0.00220	0.00358	0.04128	0.00619	0.00612
15	0.23686	0.01139	0.01355	0.01071	0.01544	0.01081	0.00884	0.02820	0.01652	0.55067	0.02115	0.01897	0.01363	0.00747	0.00584	0.00200	0.00537	0.00571	0.00694	0.00994
16	0.00825	0.00634	0.00755	0.00774	0.00923	0.00564	0.00562	0.01027	0.01544	0.02030	0.30062	0.23472	0.31262	0.01619	0.00778	0.00224	0.00331	0.01411	0.00641	0.00564
17	0.01320	0.00997	0.01151	0.01085	0.01326	0.01060	0.00824	0.06637	0.27205	0.05464	0.18410	0.21736	0.05155	0.01301	0.00732	0.00227	0.00445	0.03481	0.00657	0.00789
18	0.00798	0.00644	0.00712	0.00733	0.00912	0.00558	0.00543	0.00978	0.01487	0.01855	0.15213	0.16802	0.50813	0.01657	0.00777	0.00226	0.00341	0.03783	0.00615	0.00553
19	0.81856	0.01250	0.00950	0.00850	0.01250	0.01449	0.00700	0.01899	0.01100	0.02899	0.00900	0.01050	0.00700	0.00600	0.00400	0.00200	0.00500	0.00350	0.00400	0.00700
20	0.06195	0.00717	0.00729	0.00705	0.00867	0.00739	0.00517	0.05724	0.01383	0.02344	0.02087	0.07501	0.01827	0.10570	0.00847	0.00224	0.00385	0.00711	0.55319	0.00607
21	0.00803	0.00647	0.00680	0.00682	0.00854	0.00562	0.00487	0.00948	0.01402	0.01719	0.10169	0.08242	0.54726	0.13848	0.01173	0.00285	0.00376	0.01298	0.00574	0.00524
22	0.02899	0.01100	0.01499	0.01150	0.01649	0.00950	0.00950	0.03149	0.01849	0.73709	0.02549	0.02199	0.01599	0.00800	0.00650	0.00200	0.00550	0.00650	0.00800	0.01100
23	0.76301	0.01239	0.00988	0.00871	0.01278	0.01414	0.00717	0.01987	0.01152	0.07881	0.01016	0.01131	0.00763	0.00614	0.00417	0.00200	0.00503	0.00371	0.00428	0.00728
24	0.01166	0.00820	0.00904	0.00840	0.00926	0.00858	0.00534	0.09530	0.05967	0.01689	0.02018	0.03785	0.02174	0.62978	0.02795	0.00547	0.00629	0.00883	0.00440	0.00519
25	0.00783	0.00605	0.00714	0.00792	0.00911	0.00537	0.00554	0.00925	0.01362	0.01730	0.07762	0.43935	0.33420	0.01830	0.00796	0.00241	0.00352	0.01608	0.00605	0.00537
26	0.01525	0.01743	0.03813	0.02723	0.03377	0.01634	0.70915	0.02070	0.01525	0.02070	0.01307	0.01743	0.00980	0.00545	0.00763	0.00218	0.01089	0.00763	0.00327	0.00871
27	0.00804	0.00656	0.00710	0.00696	0.00897	0.00562	0.00522	0.01005	0.01567	0.01969	0.24112	0.05850	0.55294	0.01553	0.00763	0.00214	0.00321	0.01312	0.00629	0.00562
28	0.06382	0.00695	0.00769	0.00760	0.00820	0.00708	0.00473	0.01122	0.03554	0.01598	0.10581	0.08363	0.02790	0.55867	0.02553	0.00511	0.00560	0.00974	0.00452	0.00468
29	0.01607	0.01388	0.01461	0.01315	0.01680	0.01607	0.01023	0.03433	0.72094	0.02703	0.02630	0.02411	0.01972	0.00877	0.00657	0.00219	0.00511	0.00731	0.00657	0.01023
30	0.01296	0.03342	0.73944	0.01842	0.02797	0.01501	0.02387	0.02046	0.01364	0.02046	0.01160	0.01364	0.00818	0.00614	0.00614	0.00205	0.00955	0.00477	0.00273	0.00955
31	0.01599	0.01314	0.01410	0.01275	0.01618	0.01495	0.00987	0.05702	0.60369	0.04866	0.02678	0.09682	0.02154	0.00983	0.00673	0.00222	0.00507	0.00831	0.00656	0.00979
32	0.00793	0.00565	0.00748	0.00893	0.00929	0.00528	0.00593	0.00901	0.01227	0.01636	0.03508	0.74340	0.04206	0.04647	0.00911	0.00275	0.00384	0.01806	0.00593	0.00520
33	0.03407	0.00679	0.00866	0.00814	0.00974	0.00636	0.00612	0.01240	0.01807	0.02601	0.70703	0.04710	0.05930	0.01299	0.00751	0.00203	0.00311	0.01143	0.00702	0.00612
34	0.02414	0.03079	0.01831	0.01665	0.01998	0.74698	0.01248	0.02580	0.01831	0.01581	0.00999	0.01165	0.00832	0.00666	0.00583	0.00166	0.01165	0.00416	0.00333	0.00749
35	0.01107	0.00561	0.00838	0.00844	0.00846	0.00560	0.00563	0.00844	0.00859	0.01146	0.01232	0.05322	0.01264	0.02235	0.02449	0.77573	0.00553	0.00618	0.00295	0.00292
36	0.01599	0.01535	0.02623	0.03966	0.73262	0.01535	0.01983	0.01983	0.01471	0.02111	0.01215	0.01599	0.01023	0.00576	0.00640	0.00192	0.00768	0.00576	0.00320	0.01023
37	0.01953	0.01560	0.01656	0.01385	0.01812	0.01769	0.01106	0.30979	0.43986	0.03260	0.02191	0.02061	0.01617	0.00836	0.00653	0.00209	0.00593	0.00670	0.00653	0.01054
38	0.81856	0.01250	0.00950	0.00850	0.01250	0.01449	0.00700	0.01899	0.01100	0.02899	0.00900	0.01050	0.00700	0.00600	0.00400	0.00200	0.00500	0.00350	0.00400	0.00700
39	0.01310	0.01262	0.01783	0.03504	0.01652	0.01723	0.01294	0.01481	0.01043	0.01595	0.04223	0.01748	0.01202	0.01700	0.13230	0.00394	0.59249	0.00612	0.00312	0.00683
40	0.01204	0.00602	0.00602	0.00602	0.00753	0.00602	0.00452	0.01506	0.01355	0.02409	0.02108	0.02409	0.01656	0.00753	0.00452	0.00151	0.00301	0.00602	0.80879	0.00602
41	0.05359	0.03501	0.03691	0.03335	0.05517	0.03240	0.07285	0.09619	0.08905	0.39615	0.02064	0.01951	0.01391	0.00745	0.00641	0.00200	0.00657	0.00625	0.00637	0.01023
42	0.01257	0.01168	0.01938	0.73544	0.04378	0.01452	0.01778	0.03705	0.01344	0.01722	0.01160	0.01718	0.00868	0.00650	0.00646	0.00215	0.00857	0.00574	0.00298	0.00729
43	0.02414	0.03079	0.01831	0.01665	0.01998	0.74698	0.01248	0.02580	0.01831	0.01581	0.00999	0.01165	0.00832	0.00666	0.00583	0.00166	0.01165	0.00416	0.00333	0.00749
44	0.01094	0.00567	0.00826	0.00832	0.00833	0.00566	0.00547	0.00853	0.00865	0.01153	0.01293	0.04898	0.01347	0.08920	0.02531	0.71073	0.00560	0.00641	0.00302	0.00299
45	0.00814	0.00586	0.00745	0.00861	0.00914	0.00548	0.00577	0.00923	0.01227	0.01615	0.03622	0.58301	0.10226	0.12097	0.01153	0.00309	0.00412	0.03988	0.00572	0.00511
46	0.00787	0.00562	0.00750	0.00900	0.00937	0.00525	0.00600	0.00900	0.01237	0.01649	0.03561	0.76871	0.04274	0.02024	0.00825	0.00262	0.00375	0.01837	0.00600	0.00525
47	0.02414	0.03079	0.01831	0.01665	0.01998	0.74698	0.01248	0.02580	0.01831	0.01581	0.00999	0.01165	0.00832	0.00666	0.00583	0.00166	0.01165	0.00416	0.00333	0.00749
48	0.01574	0.01509	0.02577	0.08783	0.68643	0.01529	0.01970	0.01961	0.01459	0.02080	0.01211	0.01607	0.01013	0.00580	0.00640	0.00193	0.00774	0.00576	0.00318	0.01003
49	0.02458	0.01749	0.01895	0.01459	0.01970	0.01921	0.01203	0.64445	0.05177	0.08628	0.01652	0.01622	0.01160	0.00780	0.00647	0.00195	0.00694	0.00591	0.00657	0.01096
50	0.00940	0.00626	0.00705	0.00705	0.00705	0.00626	0.00392	0.00940	0.00940	0.01253	0.02036	0.04228	0.02349	0.77292	0.03289	0.00626	0.00626	0.00940	0.00392	0.00392
51	0.01204	0.00602	0.00602	0.00602	0.00753	0.00602	0.00452	0.01506	0.01355	0.02409	0.02108	0.02409	0.01656	0.00753	0.00452	0.00151	0.00301	0.00602	0.80879	0.00602
52	0.01204	0.00602	0.00602	0.00602	0.00753	0.00602	0.00452	0.01506	0.01355	0.02409	0.02108	0.02409	0.01656	0.00753	0.00452	0.00151	0.00301	0.00602	0.80879	0.00602
53	0.02182	0.01519	0.01760	0.01386	0.01852	0.04866	0.05225	0.29557	0.12447	0.18467	0.07444	0.02053	0.01697	0.00801	0.00651	0.00194	0.00645	0.00655	0.00636	0.05964
54	0.18345	0.15130	0.06671	0.03864	0.10824	0.10331	0.03579	0.03671	0.01479	0.06939	0.06095	0.03739	0.05321	0.00754	0.00566	0.00188	0.00693	0.00587	0.00414	0.00811
55	0.03168	0.03263	0.08332	0.04565	0.07200	0.00977	0.00990	0.03927	0.05046	0.02274	0.31014	0.03926	0.14759	0.04672	0.00826	0.00227	0.00498	0.03075	0.00556	0.00707
56	0.01575	0.08157	0.12017	0.01434	0.06486	0.04012	0.03170	0.08046	0.07342	0.10021	0.18911	0.04799	0.02566	0.03604	0.00754	0.00214	0.00623	0.03129	0.00533	0.02608
57	0.01565	0.10835	0.16469	0.04064	0.03717	0.10246	0.03709	0.08566	0.06845	0.04147	0.03444	0.14625	0.03817	0.00933	0.00639	0.00198	0.00725	0.00774	0.00443	0.04237

[dist]
# distance from previous block
# <min> <max>
2	24

[block]
# block no. 2 follows, 34 sequences, length 284
# corresponding to MSA columns:
# 210-493
name=unknown_C
#
# <colnr> <probs for GDERKNQSTAVLIFYWHMCP>
#	G	D	E	R	K	N	Q	S	T	A	V	L	I	F	Y	W	H	M	C	P
0	0.15228	0.06774	0.03759	0.07896	0.03432	0.14071	0.01046	0.03469	0.01348	0.01928	0.01474	0.09330	0.01436	0.07282	0.05430	0.00282	0.05070	0.02678	0.00384	0.07683
1	0.01315	0.01116	0.03591	0.07651	0.13698	0.01079	0.01100	0.09133	0.06202	0.03874	0.10235	0.20590	0.06823	0.03105	0.00773	0.00225	0.00556	0.03054	0.00525	0.05356
2	0.00838	0.00585	0.00738	0.00837	0.00866	0.00558	0.00535	0.00920	0.01159	0.01548	0.04724	0.52606	0.03719	0.25388	0.01589	0.00374	0.00451	0.01542	0.00538	0.00485
3	0.01373	0.08679	0.01416	0.01101	0.01363	0.03225	0.02838	0.09489	0.11429	0.04812	0.12499	0.18132	0.07221	0.08111	0.00940	0.00254	0.00536	0.05282	0.00569	0.00732
4	0.01552	0.01349	0.02215	0.08290	0.51455	0.01359	0.01678	0.01959	0.03502	0.06537	0.11860	0.02141	0.01819	0.00712	0.00659	0.00196	0.00686	0.00671	0.00414	0.00946
5	0.01158	0.01078	0.01765	0.65440	0.03961	0.01313	0.01619	0.01551	0.01309	0.01661	0.01789	0.04718	0.08451	0.00795	0.00664	0.00217	0.00790	0.00699	0.00330	0.00693
6	0.04961	0.24543	0.19619	0.01809	0.02470	0.04007	0.22500	0.08966	0.01568	0.02123	0.01151	0.01382	0.00894	0.00592	0.00594	0.00187	0.00880	0.00528	0.00335	0.00891
7	0.06350	0.07635	0.57231	0.01751	0.02593	0.01536	0.06761	0.01998	0.01374	0.02091	0.04094	0.01492	0.01040	0.00634	0.00604	0.00201	0.00892	0.00509	0.00303	0.00911
8	0.04428	0.00770	0.00920	0.00927	0.01062	0.00775	0.00671	0.05928	0.03702	0.04163	0.08159	0.25972	0.07623	0.18594	0.03480	0.02681	0.00528	0.08484	0.00548	0.00585
9	0.01517	0.07099	0.37657	0.02084	0.07657	0.01575	0.19091	0.06050	0.01521	0.05091	0.01343	0.03980	0.01036	0.00654	0.00651	0.00204	0.00909	0.00605	0.00344	0.00932
10	0.01204	0.00602	0.00602	0.00602	0.00753	0.00602	0.00452	0.01506	0.01355	0.02409	0.02108	0.02409	0.01656	0.00753	0.00452	0.00151	0.00301	0.00602	0.80879	0.00602
11	0.00883	0.00949	0.08923	0.00869	0.01129	0.00675	0.00758	0.01162	0.01576	0.02094	0.31095	0.11410	0.33231	0.01436	0.00752	0.00215	0.00393	0.01232	0.00606	0.00614
12	0.01756	0.20643	0.23919	0.01861	0.13214	0.12139	0.01619	0.02234	0.04998	0.08220	0.02816	0.01493	0.01094	0.00645	0.00574	0.00181	0.00820	0.00495	0.00365	0.00915
13	0.01702	0.19194	0.16579	0.02029	0.04793	0.16001	0.26727	0.02132	0.01505	0.01849	0.01125	0.01397	0.00889	0.00584	0.00618	0.00187	0.00980	0.00543	0.00306	0.00859
14	0.71775	0.01300	0.01058	0.05560	0.01486	0.03899	0.00794	0.01944	0.01159	0.04906	0.00968	0.01130	0.00741	0.00611	0.00429	0.00200	0.00546	0.00375	0.00403	0.00715
15	0.00881	0.00673	0.00823	0.00865	0.01005	0.00636	0.00636	0.01167	0.05487	0.01975	0.20872	0.30188	0.21834	0.01764	0.03135	0.00262	0.00412	0.06175	0.00622	0.00585
16	0.01122	0.00561	0.00842	0.00842	0.00842	0.00561	0.00561	0.00842	0.00842	0.01122	0.01122	0.01964	0.01122	0.02245	0.02525	0.81201	0.00561	0.00561	0.00281	0.00281
17	0.01046	0.00771	0.00877	0.00820	0.01049	0.00719	0.00625	0.01465	0.10034	0.06453	0.30079	0.05017	0.35862	0.01381	0.00744	0.00212	0.00354	0.01175	0.00659	0.00659
18	0.01785	0.04717	0.27621	0.01676	0.06228	0.21252	0.01585	0.02283	0.05106	0.07921	0.01300	0.01433	0.00978	0.00632	0.00586	0.00176	0.00866	0.00475	0.00372	0.13010
19	0.01236	0.00786	0.01187	0.20127	0.01852	0.00870	0.00922	0.01301	0.05926	0.03628	0.01278	0.01940	0.01129	0.01694	0.01855	0.52260	0.00634	0.00579	0.00325	0.00470
20	0.02014	0.03622	0.06191	0.04183	0.08692	0.08926	0.04148	0.33031	0.15104	0.02983	0.01615	0.01736	0.01223	0.02749	0.00708	0.00208	0.00756	0.00597	0.00526	0.00989
21	0.36984	0.02012	0.01370	0.01235	0.01585	0.32629	0.00958	0.05900	0.01521	0.02287	0.01116	0.01487	0.00958	0.04550	0.00653	0.00210	0.00804	0.02625	0.00391	0.00724
22	0.08179	0.01275	0.03209	0.04748	0.04642	0.01271	0.01026	0.11210	0.07752	0.06246	0.03726	0.04197	0.07288	0.00959	0.03068	0.00212	0.07996	0.00641	0.00478	0.21878
23	0.00943	0.00742	0.00869	0.00796	0.01020	0.00642	0.00584	0.01143	0.01430	0.01944	0.20747	0.10737	0.24944	0.10789	0.04081	0.00279	0.00450	0.01087	0.00549	0.16225
24	0.04800	0.01011	0.01166	0.01041	0.01287	0.01043	0.00785	0.18394	0.03931	0.10672	0.04330	0.18661	0.07260	0.14265	0.03645	0.03043	0.00581	0.02780	0.00576	0.00730
25	0.01820	0.10030	0.01688	0.01083	0.01634	0.01234	0.00903	0.11783	0.01668	0.15048	0.01426	0.01488	0.01077	0.00586	0.00525	0.00133	0.00549	0.00454	0.00482	0.46389
26	0.00938	0.00633	0.00737	0.00737	0.00748	0.00644	0.00431	0.00960	0.00949	0.01277	0.02007	0.04066	0.02279	0.70333	0.10152	0.00666	0.00733	0.00916	0.00387	0.00409
27	0.00912	0.00691	0.00810	0.00839	0.00975	0.00646	0.00594	0.03092	0.03338	0.01803	0.08287	0.31275	0.23488	0.13111	0.01158	0.00294	0.00422	0.04613	0.00571	0.03081
28	0.00906	0.00735	0.00818	0.00845	0.01026	0.00700	0.00622	0.01301	0.11516	0.01889	0.07229	0.26662	0.37861	0.01637	0.00771	0.00234	0.00376	0.03650	0.00612	0.00611
29	0.00940	0.00626	0.00705	0.00705	0.00705	0.00626	0.00392	0.00940	0.00940	0.01253	0.02036	0.04228	0.02349	0.77292	0.03289	0.00626	0.00626	0.00940	0.00392	0.00392
30	0.00981	0.00753	0.00884	0.00892	0.01070	0.00725	0.00693	0.03100	0.06461	0.02018	0.17094	0.07825	0.27466	0.09794	0.01060	0.00280	0.00444	0.17260	0.00602	0.00600
31	0.05943	0.01001	0.01112	0.01012	0.01259	0.01044	0.00761	0.12893	0.13234	0.06639	0.11933	0.17659	0.10979	0.10367	0.01014	0.00268	0.00485	0.01050	0.00607	0.00740
32	0.00812	0.00576	0.00756	0.00890	0.00927	0.00543	0.00594	0.00920	0.01215	0.01618	0.03396	0.66724	0.04052	0.09901	0.01085	0.00302	0.00409	0.04188	0.00578	0.00513
33	0.02456	0.01810	0.01939	0.01487	0.02004	0.02004	0.01228	0.71107	0.03038	0.04072	0.01551	0.01551	0.01099	0.00776	0.00646	0.00194	0.00711	0.00582	0.00646	0.01099
34	0.00870	0.00635	0.00788	0.00793	0.00929	0.00580	0.00575	0.01099	0.01596	0.02191	0.41513	0.20748	0.17587	0.03450	0.00830	0.00228	0.00332	0.01325	0.03357	0.00574
35	0.03949	0.00822	0.00962	0.00927	0.01130	0.00806	0.00687	0.07244	0.05769	0.09237	0.11765	0.30902	0.14501	0.03215	0.00789	0.00234	0.00419	0.01260	0.04703	0.00679
36	0.00940	0.00626	0.00705	0.00705	0.00705	0.00626	0.00392	0.00940	0.00940	0.01253	0.02036	0.04228	0.02349	0.77292	0.03289	0.00626	0.00626	0.00940	0.00392	0.00392
37	0.09306	0.01144	0.01467	0.01141	0.01629	0.01045	0.00940	0.05187	0.04157	0.63371	0.02385	0.02092	0.01522	0.00785	0.00629	0.00200	0.00549	0.00626	0.00757	0.01064
38	0.01145	0.00871	0.01044	0.01069	0.01241	0.00908	0.00811	0.07517	0.15056	0.02141	0.05766	0.35693	0.05721	0.03741	0.00856	0.00262	0.00475	0.14387	0.00612	0.00683
39	0.01025	0.00707	0.00839	0.00854	0.01037	0.00646	0.00635	0.01286	0.05135	0.07914	0.10654	0.27773	0.31734	0.01630	0.00775	0.00234	0.00385	0.05491	0.00629	0.00619
40	0.02472	0.01784	0.01923	0.01474	0.01991	0.01965	0.01218	0.68630	0.02995	0.06611	0.01588	0.01575	0.01117	0.00777	0.00646	0.00194	0.00705	0.00584	0.00652	0.01099
41	0.06629	0.01265	0.01368	0.01177	0.01562	0.03484	0.00931	0.03040	0.37685	0.23972	0.02404	0.02231	0.01721	0.00819	0.00617	0.00204	0.00521	0.00662	0.08732	0.00977
42	0.00810	0.00570	0.00738	0.00869	0.00917	0.00533	0.00581	0.00927	0.01239	0.01668	0.03559	0.67936	0.06871	0.05058	0.00908	0.00271	0.00380	0.01730	0.03910	0.00523
43	0.00939	0.00672	0.00899	0.01028	0.01124	0.00657	0.00787	0.03428	0.01392	0.01838	0.03441	0.48196	0.03958	0.01892	0.00844	0.00273	0.00469	0.26992	0.00600	0.00570
44	0.00899	0.00660	0.00842	0.00796	0.00956	0.00603	0.00597	0.01188	0.01791	0.02502	0.65908	0.04974	0.13165	0.01354	0.00762	0.00205	0.00307	0.01189	0.00700	0.00603
45	0.01467	0.01424	0.02160	0.17685	0.43805	0.05808	0.01691	0.01854	0.03439	0.01947	0.01620	0.09315	0.03429	0.00780	0.00660	0.00204	0.00751	0.00720	0.00360	0.00882
46	0.00990	0.00764	0.01101	0.03498	0.01244	0.00909	0.00834	0.01192	0.01040	0.01508	0.01679	0.02613	0.01612	0.13276	0.54259	0.00861	0.08471	0.00705	0.02875	0.00571
47	0.00854	0.00641	0.00779	0.00778	0.00921	0.00579	0.00563	0.01072	0.01583	0.02130	0.39441	0.17102	0.23566	0.05959	0.00920	0.00242	0.00341	0.01318	0.00644	0.00566
48	0.02899	0.01100	0.01499	0.01150	0.01649	0.00950	0.00950	0.03149	0.01849	0.73709	0.02549	0.02199	0.01599	0.00800	0.00650	0.00200	0.00550	0.00650	0.00800	0.01100
49	0.01340	0.01148	0.01340	0.00957	0.01531	0.00861	0.00766	0.01627	0.01340	0.02105	0.01148	0.01340	0.00957	0.00479	0.00479	0.00096	0.00479	0.00383	0.00383	0.81242
50	0.01073	0.00764	0.01034	0.01150	0.01295	0.00770	0.00982	0.03383	0.01479	0.01929	0.03226	0.06810	0.03503	0.09338	0.01126	0.00327	0.00602	0.60044	0.00576	0.00590
51	0.02899	0.01100	0.01499	0.01150	0.01649	0.00950	0.00950	0.03149	0.01849	0.73709	0.02549	0.02199	0.01599	0.00800	0.00650	0.00200	0.00550	0.00650	0.00800	0.01100
52	0.04859	0.01382	0.01440	0.01296	0.01663	0.01601	0.01010	0.03371	0.69218	0.02711	0.02560	0.02356	0.01921	0.00865	0.00647	0.00218	0.00511	0.00715	0.00647	0.01010
53	0.81856	0.01250	0.00950	0.00850	0.01250	0.01449	0.00700	0.01899	0.01100	0.02899	0.00900	0.01050	0.00700	0.00600	0.00400	0.00200	0.00500	0.00350	0.00400	0.00700
54	0.02456	0.01810	0.01939	0.01487	0.02004	0.02004	0.01228	0.71107	0.03038	0.04072	0.01551	0.01551	0.01099	0.00776	0.00646	0.00194	0.00711	0.00582	0.00646	0.01099
55	0.81856	0.01250	0.00950	0.00850	0.01250	0.01449	0.00700	0.01899	0.01100	0.02899	0.00900	0.01050	0.00700	0.00600	0.00400	0.00200	0.00500	0.00350	0.00400	0.00700
56	0.00764	0.00655	0.00655	0.00655	0.00873	0.00545	0.00491	0.00927	0.01473	0.01745	0.06546	0.06218	0.73000	0.01636	0.00764	0.00218	0.00327	0.01364	0.00600	0.00545
57	0.02327	0.01746	0.01866	0.01461	0.01954	0.01943	0.01197	0.60802	0.13554	0.03864	0.01716	0.01682	0.01232	0.00791	0.00648	0.00198	0.00681	0.00604	0.00648	0.01087
58	0.01296	0.03342	0.73944	0.01842	0.02797	0.01501	0.02387	0.02046	0.01364	0.02046	0.01160	0.01364	0.00818	0.00614	0.00614	0.00205	0.00955	0.00477	0.00273	0.00955
59	0.00764	0.00655	0.00655	0.00655	0.00873	0.00545	0.00491	0.00927	0.01473	0.01745	0.06546	0.06218	0.73000	0.01636	0.00764	0.00218	0.00327	0.01364	0.00600	0.00545
60	0.01599	0.01535	0.02623	0.03966	0.73262	0.01535	0.01983	0.01983	0.01471	0.02111	0.01215	0.01599	0.01023	0.00576	0.00640	0.00192	0.00768	0.00576	0.00320	0.01023
61	0.01061	0.00785	0.00974	0.00891	0.01082	0.00768	0.00678	0.05845	0.06801	0.02694	0.63459	0.04449	0.05490	0.01255	0.00747	0.00204	0.00345	0.01100	0.00703	0.00670
62	0.01162	0.00678	0.00998	0.00959	0.00959	0.00756	0.00678	0.00940	0.00862	0.01182	0.01085	0.01889	0.01085	0.02092	0.02470	0.70092	0.10932	0.00562	0.00281	0.00339
63	0.00910	0.00660	0.00857	0.00808	0.00962	0.00608	0.00606	0.01210	0.01818	0.02564	0.70787	0.04871	0.08247	0.01331	0.00762	0.00204	0.00306	0.01175	0.00708	0.00608
64	0.02402	0.01783	0.01908	0.01476	0.01983	0.01978	0.01215	0.66754	0.07480	0.03984	0.01621	0.01607	0.01155	0.00782	0.00647	0.00196	0.00698	0.00591	0.00647	0.01094
65	0.81856	0.01250	0.00950	0.00850	0.01250	0.01449	0.00700	0.01899	0.01100	0.02899	0.00900	0.01050	0.00700	0.00600	0.00400	0.00200	0.00500	0.00350	0.00400	0.00700
66	0.00940	0.00626	0.00705	0.00705	0.00705	0.00626	0.00392	0.00940	0.00940	0.01253	0.02036	0.04228	0.02349	0.77292	0.03289	0.00626	0.00626	0.00940	0.00392	0.00392
67	0.04146	0.02054	0.24119	0.04904	0.30187	0.01490	0.15595	0.01961	0.01441	0.02099	0.03167	0.01741	0.02885	0.00630	0.00655	0.00203	0.00858	0.00610	0.00326	0.00930
68	0.00939	0.00716	0.01070	0.01060	0.01172	0.00847	0.00828	0.01167	0.01037	0.01502	0.01701	0.02501	0.01590	0.04723	0.72321	0.01013	0.04200	0.00688	0.00344	0.00581
69	0.01656	0.01816	0.05900	0.10818	0.37314	0.14264	0.04562	0.02168	0.08597	0.02008	0.01391	0.04111	0.01164	0.00678	0.00642	0.00197	0.00831	0.00608	0.00360	0.00916
70	0.01771	0.30578	0.07388	0.01905	0.17272	0.04603	0.04257	0.13372	0.01665	0.02185	0.01136	0.01328	0.00934	0.00595	0.00541	0.00164	0.00741	0.00466	0.00361	0.08737
71	0.01406	0.17091	0.53846	0.01909	0.09384	0.01702	0.02108	0.02019	0.01365	0.01954	0.01116	0.01325	0.00840	0.00599	0.00579	0.00191	0.00887	0.00462	0.00278	0.00938
72	0.00940	0.00626	0.00705	0.00705	0.00705	0.00626	0.00392	0.00940	0.00940	0.01253	0.02036	0.04228	0.02349	0.77292	0.03289	0.00626	0.00626	0.00940	0.00392	0.00392
73	0.00807	0.00574	0.00757	0.00887	0.00924	0.00546	0.00588	0.00914	0.01200	0.01605	0.03339	0.66829	0.03979	0.09371	0.04107	0.00329	0.00455	0.01703	0.00569	0.00514
74	0.16786	0.06563	0.01785	0.01440	0.01845	0.38758	0.01136	0.20009	0.01979	0.02456	0.01117	0.01236	0.00877	0.00676	0.00557	0.00178	0.00902	0.00443	0.00422	0.00834
75	0.14125	0.00801	0.00906	0.00919	0.01093	0.00803	0.00661	0.03642	0.03577	0.06154	0.05769	0.43819	0.05277	0.05813	0.00859	0.00257	0.00434	0.01312	0.00568	0.03213
76	0.01343	0.01048	0.01416	0.05232	0.15723	0.01055	0.01050	0.06375	0.10209	0.06536	0.08987	0.18878	0.12723	0.01196	0.00712	0.00216	0.00523	0.02765	0.00554	0.03460
77	0.01607	0.01388	0.01461	0.01315	0.01680	0.01607	0.01023	0.03433	0.72094	0.02703	0.02630	0.02411	0.01972	0.00877	0.00657	0.00219	0.00511	0.00731	0.00657	0.01023
78	0.00787	0.00562	0.00750	0.00900	0.00937	0.00525	0.00600	0.00900	0.01237	0.01649	0.03561	0.76871	0.04274	0.02024	0.00825	0.00262	0.00375	0.01837	0.00600	0.00525
79	0.01101	0.00700	0.00831	0.00798	0.00998	0.00615	0.00589	0.01286	0.01522	0.11745	0.18291	0.17134	0.34156	0.06158	0.00913	0.00245	0.00380	0.01281	0.00637	0.00621
80	0.00898	0.00660	0.00840	0.00795	0.00955	0.00602	0.00596	0.01187	0.01789	0.02497	0.65499	0.04982	0.13577	0.01356	0.00762	0.00205	0.00307	0.01190	0.00699	0.00602
81	0.01599	0.01535	0.02623	0.03966	0.73262	0.01535	0.01983	0.01983	0.01471	0.02111	0.01215	0.01599	0.01023	0.00576	0.00640	0.00192	0.00768	0.00576	0.00320	0.01023
82	0.02434	0.01742	0.01878	0.01444	0.01949	0.01915	0.01192	0.66069	0.02935	0.06889	0.01610	0.01606	0.01137	0.00776	0.00640	0.00193	0.00691	0.00585	0.03232	0.01083
83	0.00858	0.00678	0.00776	0.00748	0.00939	0.00605	0.00562	0.01135	0.03608	0.02171	0.37724	0.05456	0.39484	0.01467	0.00760	0.00211	0.00322	0.01254	0.00654	0.00589
84	0.02877	0.01136	0.01522	0.01167	0.01667	0.01003	0.00964	0.06598	0.01910	0.70175	0.02498	0.02166	0.01574	0.00798	0.00650	0.00200	0.00558	0.00646	0.00792	0.01100
85	0.00787	0.00562	0.00750	0.00900	0.00937	0.00525	0.00600	0.00900	0.01237	0.01649	0.03561	0.76871	0.04274	0.02024	0.00825	0.00262	0.00375	0.01837	0.00600	0.00525
86	0.01340	0.01148	0.01340	0.00957	0.01531	0.00861	0.00766	0.01627	0.01340	0.02105	0.01148	0.01340	0.00957	0.00479	0.00479	0.00096	0.00479	0.00383	0.00383	0.81242
87	0.00787	0.00562	0.00750	0.00900	0.00937	0.00525	0.00600	0.00900	0.01237	0.01649	0.03561	0.76871	0.04274	0.02024	0.00825	0.00262	0.00375	0.01837	0.00600	0.00525
88	0.02695	0.01145	0.01493	0.01176	0.01654	0.01054	0.00961	0.03194	0.12950	0.62488	0.02562	0.02233	0.01658	0.00812	0.00651	0.00203	0.00544	0.00663	0.00777	0.01087
89	0.00764	0.00655	0.00655	0.00655	0.00873	0.00545	0.00491	0.00927	0.01473	0.01745	0.06546	0.06218	0.73000	0.01636	0.00764	0.00218	0.00327	0.01364	0.00600	0.00545
90	0.02471	0.01786	0.01925	0.01475	0.01992	0.01969	0.01219	0.68851	0.02998	0.06384	0.01584	0.01573	0.01115	0.00776	0.00646	0.00194	0.00706	0.00584	0.00651	0.01099
91	0.02505	0.01731	0.01890	0.01449	0.01964	0.01887	0.01197	0.63560	0.02906	0.11806	0.01662	0.01623	0.01154	0.00778	0.00647	0.00195	0.00693	0.00589	0.00663	0.01099
92	0.79361	0.03629	0.01026	0.00858	0.01262	0.01484	0.00712	0.01900	0.01106	0.02856	0.00900	0.01049	0.00704	0.00598	0.00400	0.00198	0.00506	0.00350	0.00396	0.00704
93	0.00787	0.00562	0.00750	0.00900	0.00937	0.00525	0.00600	0.00900	0.01237	0.01649	0.03561	0.76871	0.04274	0.02024	0.00825	0.00262	0.00375	0.01837	0.00600	0.00525
94	0.02485	0.01764	0.01911	0.01465	0.01981	0.01935	0.01210	0.66694	0.02961	0.08594	0.01616	0.01593	0.01131	0.00777	0.00647	0.00194	0.00701	0.00586	0.00656	0.01099
95	0.00877	0.00653	0.00815	0.00786	0.00945	0.00592	0.00585	0.01141	0.01722	0.02365	0.55420	0.09465	0.19396	0.01427	0.00766	0.00210	0.00314	0.01248	0.00682	0.00592
96	0.81856	0.01250	0.00950	0.00850	0.01250	0.01449	0.00700	0.01899	0.01100	0.02899	0.00900	0.01050	0.00700	0.00600	0.00400	0.00200	0.00500	0.00350	0.00400	0.00700
97	0.01599	0.01535	0.02623	0.03966	0.73262	0.01535	0.01983	0.01983	0.01471	0.02111	0.01215	0.01599	0.01023	0.00576	0.00640	0.00192	0.00768	0.00576	0.00320	0.01023
98	0.01296	0.03342	0.73944	0.01842	0.02797	0.01501	0.02387	0.02046	0.01364	0.02046	0.01160	0.01364	0.00818	0.00614	0.00614	0.00205	0.00955	0.00477	0.00273	0.00955
99	0.81856	0.01250	0.00950	0.00850	0.01250	0.01449	0.00700	0.01899	0.01100	0.02899	0.00900	0.01050	0.00700	0.00600	0.00400	0.00200	0.00500	0.00350	0.00400	0.00700
100	0.01340	0.01148	0.01340	0.00957	0.01531	0.00861	0.00766	0.01627	0.01340	0.02105	0.01148	0.01340	0.00957	0.00479	0.00479	0.00096	0.00479	0.00383	0.00383	0.81242
101	0.02456	0.01810	0.01939	0.01487	0.02004	0.02004	0.01228	0.71107	0.03038	0.04072	0.01551	0.01551	0.01099	0.00776	0.00646	0.00194	0.00711	0.00582	0.00646	0.01099
102	0.00914	0.00660	0.00864	0.00813	0.00965	0.00610	0.00610	0.01219	0.01829	0.02591	0.72921	0.04827	0.06097	0.01321	0.00762	0.00203	0.00305	0.01169	0.00711	0.00610
103	0.01414	0.01414	0.01979	0.01696	0.01696	0.01979	0.01414	0.01555	0.00990	0.01555	0.00848	0.01414	0.00848	0.01131	0.02120	0.00283	0.76110	0.00565	0.00283	0.00707
104	0.00923	0.00692	0.01038	0.01038	0.01154	0.00808	0.00808	0.01154	0.01038	0.01500	0.01731	0.02538	0.01615	0.04846	0.74732	0.01038	0.01731	0.00692	0.00346	0.00577
105	0.02899	0.01100	0.01499	0.01150	0.01649	0.00950	0.00950	0.03149	0.01849	0.73709	0.02549	0.02199	0.01599	0.00800	0.00650	0.00200	0.00550	0.00650	0.00800	0.01100
106	0.01766	0.01352	0.01466	0.01295	0.01676	0.01526	0.01014	0.03398	0.63438	0.11453	0.02620	0.02385	0.01926	0.00867	0.00657	0.00217	0.00516	0.00721	0.00675	0.01032
107	0.01204	0.00602	0.00602	0.00602	0.00753	0.00602	0.00452	0.01506	0.01355	0.02409	0.02108	0.02409	0.01656	0.00753	0.00452	0.00151	0.00301	0.00602	0.80879	0.00602
108	0.01169	0.00608	0.00620	0.00617	0.00771	0.00600	0.00463	0.01465	0.01389	0.02393	0.06624	0.02711	0.04819	0.00823	0.00483	0.00157	0.00302	0.00668	0.72716	0.00600
109	0.74671	0.01236	0.01000	0.00877	0.01286	0.01404	0.00722	0.02013	0.01168	0.09343	0.01050	0.01154	0.00782	0.00618	0.00423	0.00200	0.00504	0.00377	0.00436	0.00736
110	0.00929	0.00668	0.00917	0.00917	0.00990	0.00742	0.00656	0.01076	0.01002	0.01410	0.01842	0.03155	0.01883	0.31277	0.48667	0.00888	0.01328	0.00783	0.00363	0.00509
111	0.00877	0.00661	0.00814	0.00814	0.00962	0.00609	0.00596	0.01159	0.03831	0.02214	0.41860	0.20549	0.19614	0.01525	0.00773	0.00220	0.00331	0.01340	0.00662	0.00591
112	0.00813	0.00647	0.00724	0.00723	0.00901	0.00564	0.00532	0.01009	0.01541	0.01967	0.25131	0.12025	0.46180	0.03332	0.00827	0.00227	0.00332	0.01340	0.00627	0.00558
113	0.01649	0.01247	0.01369	0.01212	0.01559	0.01385	0.00946	0.04987	0.51348	0.09630	0.12224	0.02697	0.02467	0.00923	0.00664	0.00212	0.00486	0.00774	0.03257	0.00962
114	0.02038	0.02337	0.02191	0.08227	0.22247	0.39623	0.05844	0.06283	0.01738	0.01910	0.01123	0.01389	0.00913	0.00638	0.00619	0.00182	0.00999	0.00505	0.00343	0.00851
115	0.01024	0.00578	0.00828	0.00857	0.00874	0.00580	0.00574	0.00888	0.00944	0.01268	0.01728	0.16755	0.01885	0.09191	0.08225	0.51600	0.00627	0.00854	0.00358	0.00362
116	0.00793	0.00568	0.00745	0.00885	0.00926	0.00530	0.00588	0.00902	0.01232	0.01636	0.03584	0.71834	0.06172	0.05125	0.00925	0.00276	0.00384	0.01786	0.00591	0.00520
117	0.00869	0.00623	0.00814	0.00939	0.01002	0.00597	0.00649	0.03769	0.01324	0.01763	0.03472	0.70021	0.04115	0.01961	0.00821	0.00262	0.00401	0.05447	0.00601	0.00552
118	0.09817	0.01398	0.02170	0.30323	0.29637	0.01542	0.04542	0.09077	0.01531	0.02222	0.01197	0.01590	0.00935	0.00624	0.00623	0.00203	0.00783	0.00560	0.00350	0.00877
119	0.04403	0.45320	0.02797	0.08836	0.09160	0.09182	0.01284	0.04802	0.01422	0.01751	0.00989	0.01216	0.00860	0.00619	0.00582	0.00166	0.05053	0.00420	0.00307	0.00830
120	0.01668	0.03834	0.08918	0.01566	0.09079	0.05806	0.01216	0.16265	0.19453	0.04536	0.15926	0.02528	0.04623	0.00887	0.00661	0.00201	0.00621	0.00734	0.00564	0.00914
121	0.00826	0.00595	0.00791	0.00928	0.00992	0.00559	0.00658	0.00973	0.01301	0.01724	0.05895	0.61826	0.07095	0.01952	0.00830	0.00264	0.00402	0.11250	0.00603	0.00538
122	0.05125	0.01515	0.01641	0.01591	0.08586	0.05769	0.01145	0.09476	0.44476	0.07216	0.02150	0.02070	0.01612	0.00820	0.00699	0.00212	0.03657	0.00656	0.00589	0.00993
123	0.00931	0.00661	0.00880	0.00880	0.00941	0.00722	0.00610	0.01052	0.00992	0.01383	0.01876	0.03341	0.01964	0.39244	0.40810	0.00843	0.01206	0.00810	0.00368	0.00489
124	0.02267	0.01712	0.01823	0.01465	0.03953	0.05422	0.01161	0.48970	0.05477	0.07906	0.01565	0.01580	0.01131	0.00729	0.00620	0.00180	0.00685	0.00556	0.00595	0.12204
125	0.01590	0.08116	0.24386	0.06099	0.12047	0.03555	0.08256	0.09528	0.11456	0.02261	0.01385	0.01590	0.01058	0.00684	0.00714	0.00204	0.05188	0.00563	0.00381	0.00939
126	0.01495	0.01694	0.03686	0.02648	0.03276	0.01588	0.68008	0.02021	0.01513	0.02052	0.01400	0.04849	0.01117	0.00606	0.00765	0.00220	0.01060	0.00807	0.00338	0.00857
127	0.02029	0.01307	0.01496	0.01215	0.01575	0.01393	0.00957	0.34544	0.04985	0.15569	0.01889	0.02342	0.01529	0.16411	0.09440	0.00376	0.00771	0.00683	0.00590	0.00897
128	0.01334	0.06987	0.65526	0.01865	0.02779	0.01563	0.07065	0.02042	0.01373	0.02021	0.01157	0.01374	0.00830	0.00606	0.00614	0.00202	0.00951	0.00491	0.00277	0.00943
129	0.00924	0.00690	0.01029	0.01029	0.01141	0.00802	0.00796	0.01148	0.01036	0.01493	0.01740	0.02588	0.01637	0.06956	0.72651	0.01026	0.01699	0.00699	0.00347	0.00572
130	0.00795	0.00568	0.00759	0.00909	0.00950	0.00532	0.00614	0.00914	0.01245	0.01659	0.03557	0.74634	0.04256	0.02017	0.00827	0.00264	0.00382	0.03993	0.00600	0.00527
131	0.01315	0.01127	0.01186	0.01089	0.01398	0.01232	0.00840	0.02557	0.46909	0.02414	0.08170	0.03683	0.23150	0.01128	0.00695	0.00218	0.00444	0.00944	0.00644	0.00856
132	0.02899	0.01100	0.01499	0.01150	0.01649	0.00950	0.00950	0.03149	0.01849	0.73709	0.02549	0.02199	0.01599	0.00800	0.00650	0.00200	0.00550	0.00650	0.00800	0.01100
133	0.05226	0.01338	0.01620	0.01252	0.01750	0.01318	0.01032	0.24606	0.04300	0.47322	0.02184	0.01964	0.01424	0.00788	0.00641	0.00199	0.00598	0.00621	0.00734	0.01084
134	0.07141	0.01688	0.01791	0.01411	0.01897	0.01876	0.01155	0.54221	0.13756	0.05880	0.01712	0.01676	0.01227	0.00782	0.00633	0.00198	0.00662	0.00593	0.00638	0.01063
135	0.48454	0.01186	0.01182	0.00977	0.01419	0.01238	0.00805	0.02428	0.01417	0.32855	0.01597	0.01536	0.01080	0.00684	0.00506	0.00200	0.00521	0.00477	0.00569	0.00869
136	0.23085	0.01167	0.01377	0.01087	0.01562	0.01121	0.00897	0.05630	0.01706	0.52720	0.02086	0.01878	0.01349	0.00748	0.00586	0.00200	0.00544	0.00570	0.00691	0.00997
137	0.81856	0.01250	0.00950	0.00850	0.01250	0.01449	0.00700	0.01899	0.01100	0.02899	0.00900	0.01050	0.00700	0.00600	0.00400	0.00200	0.00500	0.00350	0.00400	0.00700
138	0.00914	0.00660	0.00864	0.00813	0.00965	0.00610	0.00610	0.01219	0.01829	0.02591	0.72921	0.04827	0.06097	0.01321	0.00762	0.00203	0.00305	0.01169	0.00711	0.00610
139	0.02881	0.01128	0.01517	0.01163	0.01664	0.00992	0.00961	0.05903	0.01898	0.70887	0.02509	0.02173	0.01579	0.00799	0.00650	0.00200	0.00556	0.00647	0.00794	0.01100
140	0.00914	0.00660	0.00864	0.00813	0.00965	0.00610	0.00610	0.01219	0.01829	0.02591	0.72921	0.04827	0.06097	0.01321	0.00762	0.00203	0.00305	0.01169	0.00711	0.00610
141	0.02899	0.01100	0.01499	0.01150	0.01649	0.00950	0.00950	0.03149	0.01849	0.73709	0.02549	0.02199	0.01599	0.00800	0.00650	0.00200	0.00550	0.00650	0.00800	0.01100
142	0.00940	0.00626	0.00705	0.00705	0.00705	0.00626	0.00392	0.00940	0.00940	0.01253	0.02036	0.04228	0.02349	0.77292	0.03289	0.00626	0.00626	0.00940	0.00392	0.00392
143	0.79253	0.01245	0.00968	0.00860	0.01263	0.01433	0.00708	0.01941	0.01124	0.05233	0.00954	0.01088	0.00729	0.00606	0.00408	0.00200	0.00501	0.00360	0.00413	0.00713
144	0.02756	0.01275	0.01602	0.01234	0.01734	0.01217	0.01017	0.19118	0.04227	0.55232	0.02317	0.02053	0.01493	0.00796	0.00649	0.00199	0.00587	0.00636	0.00759	0.01097
145	0.01340	0.01148	0.01340	0.00957	0.01531	0.00861	0.00766	0.01627	0.01340	0.02105	0.01148	0.01340	0.00957	0.00479	0.00479	0.00096	0.00479	0.00383	0.00383	0.81242
146	0.00764	0.00655	0.00655	0.00655	0.00873	0.00545	0.00491	0.00927	0.01473	0.01745	0.06546	0.06218	0.73000	0.01636	0.00764	0.00218	0.00327	0.01364	0.00600	0.00545
147	0.81856	0.01250	0.00950	0.00850	0.01250	0.01449	0.00700	0.01899	0.01100	0.02899	0.00900	0.01050	0.00700	0.00600	0.00400	0.00200	0.00500	0.00350	0.00400	0.00700
148	0.81856	0.01250	0.00950	0.00850	0.01250	0.01449	0.00700	0.01899	0.01100	0.02899	0.00900	0.01050	0.00700	0.00600	0.00400	0.00200	0.00500	0.00350	0.00400	0.00700
149	0.00914	0.00660	0.00864	0.00813	0.00965	0.00610	0.00610	0.01219	0.01829	0.02591	0.72921	0.04827	0.06097	0.01321	0.00762	0.00203	0.00305	0.01169	0.00711	0.00610
150	0.00787	0.00562	0.00750	0.00900	0.00937	0.00525	0.00600	0.00900	0.01237	0.01649	0.03561	0.76871	0.04274	0.02024	0.00825	0.00262	0.00375	0.01837	0.00600	0.00525
151	0.00940	0.00626	0.00705	0.00705	0.00705	0.00626	0.00392	0.00940	0.00940	0.01253	0.02036	0.04228	0.02349	0.77292	0.03289	0.00626	0.00626	0.00940	0.00392	0.00392
