[name]
unknown

[dist]
# distance from previous block
# <min> <max>
0	0

[block]
# block no. 0 follows, 34 sequences, length 28
# corresponding to MSA columns:
# 0-27
name=unknown_A
#
# <colnr> <probs for GDERKNQSTAVLIFYWHMCP>
#	G	D	E	R	K	N	Q	S	T	A	V	L	I	F	Y	W	H	M	C	P
0	0.01041	0.00744	0.01041	0.01190	0.01339	0.00744	0.01041	0.01339	0.01487	0.01934	0.03421	0.07288	0.03719	0.01785	0.00892	0.00297	0.00595	0.68913	0.00595	0.00595
1	0.02518	0.01630	0.01818	0.01403	0.01909	0.01747	0.01156	0.52648	0.05896	0.19785	0.01826	0.01737	0.01252	0.00786	0.00648	0.00196	0.00665	0.00604	0.00682	0.01096
2	0.01914	0.01421	0.01528	0.01245	0.01597	0.01564	0.00966	0.42020	0.12215	0.03094	0.01839	0.02418	0.01570	0.22078	0.01383	0.00318	0.00659	0.00702	0.00577	0.00891
3	0.01525	0.01743	0.03813	0.02723	0.03377	0.01634	0.70915	0.02070	0.01525	0.02070	0.01307	0.01743	0.00980	0.00545	0.00763	0.00218	0.01089	0.00763	0.00327	0.00871
4	0.00877	0.00608	0.00715	0.00762	0.00792	0.00588	0.00466	0.00926	0.01078	0.01419	0.02890	0.27417	0.08761	0.47222	0.02300	0.00478	0.00522	0.01259	0.00475	0.00446
5	0.00915	0.00623	0.00739	0.00755	0.00781	0.00616	0.00458	0.00970	0.01078	0.01457	0.09565	0.14684	0.02988	0.56122	0.05133	0.00545	0.00595	0.01084	0.00453	0.00440
6	0.01685	0.00824	0.01091	0.01023	0.01265	0.00755	0.00764	0.01946	0.05336	0.30815	0.03102	0.42659	0.03068	0.01467	0.00745	0.00235	0.00453	0.01297	0.00684	0.00784
7	0.01546	0.01481	0.02526	0.14061	0.63583	0.01521	0.01956	0.01936	0.01446	0.02046	0.01206	0.01617	0.01001	0.00586	0.00641	0.00195	0.00781	0.00575	0.00315	0.00980
8	0.01607	0.01388	0.01461	0.01315	0.01680	0.01607	0.01023	0.03433	0.72094	0.02703	0.02630	0.02411	0.01972	0.00877	0.00657	0.00219	0.00511	0.00731	0.00657	0.01023
9	0.02166	0.01763	0.01775	0.01368	0.01882	0.08737	0.01111	0.46665	0.02486	0.03327	0.01395	0.01460	0.01037	0.00689	0.00597	0.00166	0.00695	0.00515	0.00548	0.21618
10	0.01754	0.01538	0.02660	0.02151	0.08255	0.01532	0.33286	0.09979	0.15025	0.09743	0.05859	0.02061	0.01544	0.00706	0.00708	0.00211	0.00812	0.00734	0.00494	0.00945
11	0.13630	0.39842	0.16818	0.01247	0.01839	0.02027	0.01293	0.04792	0.06833	0.04680	0.01170	0.01272	0.00935	0.00615	0.00488	0.00171	0.00697	0.00422	0.00357	0.00870
12	0.00975	0.00796	0.00869	0.00777	0.01053	0.00689	0.00596	0.05158	0.01608	0.02087	0.17452	0.04970	0.46008	0.01357	0.00714	0.00196	0.00368	0.01137	0.00590	0.12600
13	0.01492	0.07185	0.53304	0.01868	0.02687	0.11374	0.09148	0.02114	0.01440	0.01958	0.01139	0.01358	0.00837	0.00610	0.00614	0.00197	0.00982	0.00491	0.00287	0.00912
14	0.00798	0.00600	0.00740	0.00824	0.00924	0.00542	0.00573	0.00950	0.01379	0.01803	0.13802	0.48585	0.22477	0.01827	0.00800	0.00243	0.00353	0.01622	0.00615	0.00542
15	0.00939	0.00630	0.00721	0.00721	0.00727	0.00635	0.00412	0.00950	0.00945	0.01265	0.02021	0.04145	0.02313	0.73701	0.06830	0.00647	0.00681	0.00927	0.00389	0.00401
16	0.01548	0.06230	0.17980	0.02269	0.02913	0.04799	0.41685	0.04001	0.03486	0.02055	0.01256	0.01594	0.00955	0.00617	0.00785	0.00212	0.05756	0.00648	0.00329	0.00881
17	0.70083	0.01292	0.01071	0.00925	0.01341	0.01471	0.00762	0.08280	0.01319	0.07073	0.01054	0.01161	0.00788	0.00627	0.00437	0.00199	0.00522	0.00388	0.00445	0.00759
18	0.00923	0.00692	0.01038	0.01038	0.01154	0.00808	0.00808	0.01154	0.01038	0.01500	0.01731	0.02538	0.01615	0.04846	0.74732	0.01038	0.01731	0.00692	0.00346	0.00577
19	0.01408	0.01189	0.01376	0.00989	0.01560	0.00931	0.00794	0.05848	0.01443	0.02225	0.01173	0.01353	0.00966	0.00497	0.00489	0.00102	0.00493	0.00395	0.00399	0.76374
20	0.02002	0.13066	0.14052	0.01431	0.01992	0.01857	0.01343	0.34241	0.13018	0.06074	0.03552	0.01694	0.01305	0.00747	0.00612	0.00192	0.00700	0.00571	0.00540	0.01010
21	0.00940	0.00626	0.00705	0.00705	0.00705	0.00626	0.00392	0.00940	0.00940	0.01253	0.02036	0.04228	0.02349	0.77292	0.03289	0.00626	0.00626	0.00940	0.00392	0.00392
22	0.05439	0.13505	0.18097	0.06160	0.08182	0.11438	0.11011	0.05668	0.10466	0.02115	0.01316	0.01507	0.01018	0.00642	0.00601	0.00192	0.00851	0.00533	0.00367	0.00893
23	0.01481	0.02082	0.19513	0.02655	0.10583	0.01594	0.48215	0.02055	0.01483	0.02069	0.01264	0.01642	0.00948	0.00564	0.00716	0.00212	0.01025	0.00679	0.00314	0.00906
24	0.01322	0.01002	0.01234	0.01079	0.01339	0.01021	0.04521	0.19823	0.01828	0.02461	0.10490	0.18107	0.17313	0.04169	0.06042	0.00287	0.00586	0.01087	0.05576	0.00714
25	0.02040	0.06552	0.09098	0.01439	0.01870	0.26535	0.01224	0.11676	0.14521	0.08965	0.04500	0.01742	0.01376	0.00824	0.00708	0.04203	0.00815	0.00557	0.00481	0.00875
26	0.01748	0.04740	0.05281	0.11847	0.02126	0.03608	0.01219	0.19017	0.17498	0.07327	0.02030	0.06342	0.04798	0.00884	0.00737	0.00207	0.05343	0.00699	0.00528	0.04021
27	0.01915	0.18903	0.04443	0.01300	0.01731	0.23685	0.01090	0.07330	0.09352	0.06012	0.01475	0.04679	0.01225	0.00721	0.00555	0.00167	0.00759	0.00530	0.05095	0.09034

[dist]
# distance from previous block
# <min> <max>
1	24

[block]
# block no. 1 follows, 34 sequences, length 83
# corresponding to MSA columns:
# 52-134
name=unknown_B
#
# <colnr> <probs for GDERKNQSTAVLIFYWHMCP>
#	G	D	E	R	K	N	Q	S	T	A	V	L	I	F	Y	W	H	M	C	P
0	0.12169	0.20887	0.15004	0.01532	0.06807	0.04496	0.06317	0.04406	0.01499	0.11165	0.05701	0.01602	0.01272	0.00658	0.00557	0.00181	0.00716	0.00517	0.00410	0.04104
1	0.16223	0.07207	0.10779	0.06357	0.01933	0.01621	0.01192	0.28684	0.01912	0.02834	0.01408	0.04084	0.01175	0.08221	0.00840	0.00235	0.00686	0.00578	0.00468	0.03565
2	0.19018	0.01575	0.02022	0.05796	0.13738	0.06544	0.11822	0.14526	0.01696	0.05197	0.01244	0.01459	0.00952	0.00618	0.00584	0.00185	0.00736	0.00523	0.00422	0.11342
3	0.00899	0.00695	0.00795	0.00765	0.00935	0.00644	0.00557	0.01194	0.05571	0.02087	0.33461	0.05150	0.31403	0.11721	0.01099	0.00267	0.00369	0.01189	0.00622	0.00579
4	0.01073	0.00988	0.01228	0.01148	0.04198	0.03037	0.07511	0.01571	0.13436	0.02004	0.09451	0.06872	0.42336	0.01321	0.00737	0.00216	0.00474	0.01140	0.00572	0.00687
5	0.02139	0.01480	0.01832	0.01432	0.01891	0.01560	0.07333	0.35281	0.11911	0.15431	0.10857	0.02209	0.01923	0.00842	0.00673	0.00202	0.00639	0.00704	0.00654	0.01006
6	0.02407	0.01732	0.01874	0.01450	0.01947	0.01903	0.01192	0.65636	0.02919	0.06694	0.01671	0.04599	0.01246	0.00827	0.00654	0.00197	0.00691	0.00635	0.00650	0.01076
7	0.00924	0.00723	0.01008	0.04151	0.07998	0.00692	0.00784	0.01143	0.01468	0.01986	0.23667	0.35637	0.12120	0.01576	0.00777	0.00233	0.00413	0.03499	0.00593	0.00609
8	0.00849	0.00631	0.00797	0.00895	0.00980	0.00602	0.00617	0.01091	0.05705	0.01817	0.10669	0.58801	0.10432	0.01849	0.00803	0.00250	0.00372	0.01660	0.00614	0.00566
9	0.02473	0.01782	0.01922	0.01473	0.01990	0.01963	0.01217	0.68453	0.02992	0.06792	0.01590	0.01577	0.01118	0.00777	0.00647	0.00194	0.00705	0.00584	0.00652	0.01099
10	0.01340	0.01148	0.01340	0.00957	0.01531	0.00861	0.00766	0.01627	0.01340	0.02105	0.01148	0.01340	0.00957	0.00479	0.00479	0.00096	0.00479	0.00383	0.00383	0.81242
11	0.01204	0.00602	0.00602	0.00602	0.00753	0.00602	0.00452	0.01506	0.01355	0.02409	0.02108	0.02409	0.01656	0.00753	0.00452	0.00151	0.00301	0.00602	0.80879	0.00602
12	0.77077	0.01261	0.00996	0.00878	0.01284	0.01450	0.00723	0.03969	0.01180	0.05130	0.00970	0.01100	0.00739	0.00611	0.00415	0.00200	0.00508	0.00366	0.00419	0.00724
13	0.01220	0.01148	0.01938	0.75739	0.04450	0.01436	0.01794	0.01651	0.01292	0.01651	0.01148	0.01723	0.00861	0.00646	0.00646	0.00215	0.00861	0.00574	0.00287	0.00718
14	0.00938	0.00631	0.00728	0.00728	0.00735	0.00639	0.00420	0.00954	0.00946	0.01270	0.02015	0.04113	0.02299	0.72335	0.08177	0.00655	0.00702	0.00923	0.00388	0.00404
15	0.00872	0.00632	0.00824	0.00941	0.01030	0.00599	0.00701	0.01042	0.01334	0.01748	0.06268	0.42191	0.11060	0.07026	0.01004	0.00291	0.00447	0.20859	0.00588	0.00541
16	0.02899	0.01100	0.01499	0.01150	0.01649	0.00950	0.00950	0.03149	0.01849	0.73709	0.02549	0.02199	0.01599	0.00800	0.00650	0.00200	0.00550	0.00650	0.00800	0.01100
17	0.00929	0.00721	0.00965	0.01146	0.07450	0.00707	0.00724	0.01150	0.04037	0.01741	0.07628	0.37349	0.12413	0.10876	0.08748	0.00368	0.00575	0.01354	0.00533	0.00587
18	0.02526	0.01697	0.01869	0.01433	0.01948	0.01837	0.01184	0.60338	0.02850	0.15107	0.01709	0.01654	0.01178	0.00779	0.00647	0.00195	0.00685	0.00593	0.00671	0.01099
19	0.01621	0.01411	0.01543	0.01492	0.06560	0.03687	0.01088	0.07295	0.54554	0.02606	0.02338	0.02277	0.01788	0.01200	0.07306	0.00288	0.00670	0.00698	0.00596	0.00979
20	0.01665	0.07876	0.15693	0.02816	0.40234	0.01610	0.01803	0.05751	0.08367	0.05922	0.01403	0.01618	0.01096	0.00632	0.00620	0.00193	0.00757	0.00558	0.00382	0.01003
21	0.04700	0.13666	0.30115	0.01527	0.02189	0.06343	0.01614	0.18058	0.08404	0.05371	0.01385	0.01466	0.01020	0.00677	0.00588	0.00191	0.00799	0.00504	0.00424	0.00959
22	0.10056	0.04031	0.05749	0.04176	0.11656	0.12196	0.01254	0.13808	0.09678	0.08721	0.03623	0.01775	0.01316	0.01118	0.07794	0.00275	0.00832	0.00570	0.00474	0.00894
23	0.00898	0.00648	0.00849	0.00824	0.00962	0.00599	0.00608	0.01178	0.01752	0.02469	0.63917	0.14179	0.05860	0.01412	0.00770	0.00211	0.00314	0.01255	0.00697	0.00599
24	0.01448	0.01390	0.02376	0.07447	0.39153	0.01416	0.12767	0.01918	0.06432	0.02060	0.05748	0.02195	0.03694	0.05939	0.00896	0.00233	0.02923	0.00701	0.00378	0.00888
25	0.00880	0.00651	0.00822	0.00797	0.00949	0.00592	0.00591	0.01147	0.01722	0.02380	0.56748	0.11505	0.15955	0.01431	0.00768	0.00211	0.00314	0.01258	0.00685	0.00592
26	0.00931	0.00637	0.00775	0.00799	0.00827	0.00649	0.00509	0.00991	0.01017	0.01367	0.02228	0.10742	0.02520	0.55972	0.12167	0.00625	0.00745	0.05639	0.00418	0.00441
27	0.01724	0.01400	0.01640	0.01639	0.11355	0.01550	0.01143	0.16771	0.35493	0.04841	0.02489	0.02425	0.07984	0.00887	0.00708	0.00210	0.03238	0.00724	0.02805	0.00975
28	0.74270	0.01424	0.01034	0.00928	0.01321	0.08444	0.00752	0.01964	0.01169	0.02773	0.00909	0.01061	0.00712	0.00606	0.00417	0.00197	0.00563	0.00356	0.00393	0.00704
29	0.06337	0.12004	0.36986	0.01665	0.08954	0.01457	0.01688	0.01860	0.01398	0.02087	0.08253	0.01813	0.03655	0.00689	0.00583	0.00184	0.00745	0.00548	0.00349	0.08745
30	0.01471	0.09458	0.11636	0.08153	0.06654	0.12541	0.03959	0.04286	0.05325	0.01939	0.01976	0.12220	0.05787	0.03150	0.00703	0.00209	0.00722	0.00762	0.08283	0.00765
31	0.00902	0.00598	0.00733	0.00787	0.00800	0.00584	0.00481	0.00917	0.01037	0.01383	0.02498	0.29939	0.02925	0.43702	0.02341	0.07733	0.00531	0.01226	0.00456	0.00429
32	0.01646	0.19332	0.33169	0.01733	0.02442	0.08462	0.11141	0.08847	0.03614	0.02107	0.01188	0.01373	0.00905	0.00619	0.00592	0.00188	0.00897	0.00499	0.00334	0.00913
33	0.01559	0.06487	0.04125	0.04451	0.11804	0.12869	0.04720	0.04808	0.15415	0.02074	0.04934	0.02556	0.13739	0.00910	0.00767	0.00205	0.06563	0.00730	0.00455	0.00828
34	0.01051	0.01215	0.13105	0.01192	0.01481	0.00901	0.04952	0.03445	0.07777	0.02031	0.12134	0.38980	0.06215	0.01460	0.00756	0.00235	0.00522	0.01309	0.00552	0.00689
35	0.00797	0.00571	0.00769	0.00909	0.00952	0.00544	0.00614	0.00917	0.01223	0.01639	0.03436	0.71784	0.04092	0.02217	0.05882	0.00316	0.00468	0.01759	0.00582	0.00528
36	0.00866	0.00626	0.00786	0.00852	0.00941	0.00602	0.00591	0.01066	0.03287	0.01812	0.13877	0.41787	0.11380	0.08936	0.06074	0.00330	0.00476	0.01446	0.03717	0.00548
37	0.01677	0.04677	0.24688	0.04153	0.12961	0.07534	0.06951	0.13623	0.10695	0.02402	0.01559	0.01711	0.03067	0.00695	0.00636	0.00199	0.00829	0.00581	0.00409	0.00952
38	0.00907	0.00646	0.00854	0.00991	0.03285	0.00602	0.00678	0.01067	0.01350	0.03747	0.08898	0.49659	0.12482	0.03918	0.00877	0.00262	0.00410	0.08200	0.00598	0.00568
39	0.01744	0.12658	0.04354	0.05140	0.16531	0.05101	0.01261	0.07312	0.07421	0.08693	0.01399	0.01541	0.01090	0.00615	0.00562	0.00161	0.00662	0.00498	0.00424	0.22832
40	0.00795	0.00586	0.00722	0.00832	0.00916	0.00532	0.00569	0.00926	0.01297	0.01696	0.04225	0.57694	0.20539	0.01892	0.00798	0.00248	0.00361	0.01685	0.03154	0.00532
41	0.04765	0.01628	0.02011	0.02441	0.32194	0.08553	0.01441	0.17045	0.10148	0.03956	0.03951	0.02003	0.05496	0.00753	0.00640	0.00195	0.00709	0.00637	0.00472	0.00962
42	0.01977	0.50738	0.02834	0.01295	0.01781	0.23553	0.01156	0.06856	0.01582	0.01713	0.00972	0.01109	0.00849	0.00601	0.00479	0.00150	0.00831	0.00382	0.00318	0.00824
43	0.00988	0.00695	0.00887	0.00827	0.01001	0.00645	0.00624	0.01325	0.03814	0.04820	0.64195	0.04767	0.10328	0.01313	0.00756	0.00205	0.00320	0.01152	0.00705	0.00633
44	0.00923	0.00692	0.01038	0.01038	0.01154	0.00808	0.00808	0.01154	0.01038	0.01500	0.01731	0.02538	0.01615	0.04846	0.74732	0.01038	0.01731	0.00692	0.00346	0.00577
45	0.01779	0.67676	0.05783	0.01187	0.01733	0.09596	0.01166	0.02002	0.01366	0.01545	0.00918	0.01061	0.00829	0.00566	0.00438	0.00143	0.00747	0.00357	0.00282	0.00826
46	0.00785	0.00571	0.00741	0.00876	0.00931	0.00527	0.00589	0.00902	0.01260	0.01659	0.03846	0.70124	0.10837	0.01987	0.00819	0.00258	0.00370	0.01792	0.00600	0.00527
47	0.01504	0.01800	0.12145	0.02620	0.27307	0.03857	0.08697	0.01854	0.01289	0.01870	0.01070	0.01498	0.00919	0.00792	0.01212	0.00230	0.29593	0.00572	0.00300	0.00870
48	0.00940	0.00626	0.00705	0.00705	0.00705	0.00626	0.00392	0.00940	0.00940	0.01253	0.02036	0.04228	0.02349	0.77292	0.03289	0.00626	0.00626	0.00940	0.00392	0.00392
49	0.02456	0.01810	0.01939	0.01487	0.02004	0.02004	0.01228	0.71107	0.03038	0.04072	0.01551	0.01551	0.01099	0.00776	0.00646	0.00194	0.00711	0.00582	0.00646	0.01099
50	0.01340	0.01148	0.01340	0.00957	0.01531	0.00861	0.00766	0.01627	0.01340	0.02105	0.01148	0.01340	0.00957	0.00479	0.00479	0.00096	0.00479	0.00383	0.00383	0.81242
51	0.13312	0.01593	0.01718	0.01333	0.01831	0.01719	0.01101	0.48227	0.02539	0.17741	0.01661	0.01612	0.01144	0.00757	0.00614	0.00196	0.00650	0.00564	0.00643	0.01045
52	0.81856	0.01250	0.00950	0.00850	0.01250	0.01449	0.00700	0.01899	0.01100	0.02899	0.00900	0.01050	0.00700	0.00600	0.00400	0.00200	0.00500	0.00350	0.00400	0.00700
53	0.02383	0.02802	0.01810	0.01603	0.01960	0.60893	0.01221	0.13394	0.02007	0.02001	0.01121	0.01265	0.00900	0.00686	0.00589	0.00170	0.01067	0.00448	0.02881	0.00800
54	0.00931	0.00662	0.00887	0.00887	0.00950	0.00725	0.00619	0.01057	0.00994	0.01388	0.01869	0.03305	0.01948	0.37711	0.42322	0.00852	0.01230	0.00804	0.00367	0.00493
55	0.00796	0.00572	0.00757	0.00902	0.00949	0.00533	0.00612	0.00917	0.01254	0.01663	0.03662	0.71859	0.06683	0.02002	0.00825	0.00262	0.00381	0.04244	0.00600	0.00528
56	0.07764	0.01893	0.01863	0.01461	0.01953	0.08851	0.01195	0.59987	0.02794	0.03758	0.01455	0.01481	0.01047	0.00753	0.00624	0.00192	0.00740	0.00551	0.00600	0.01039
57	0.01699	0.01434	0.01513	0.01334	0.01715	0.01650	0.01045	0.10785	0.64593	0.02852	0.02513	0.02317	0.01877	0.00866	0.00656	0.00216	0.00533	0.00714	0.00656	0.01031
58	0.01122	0.00561	0.00842	0.00842	0.00842	0.00561	0.00561	0.00842	0.00842	0.01122	0.01122	0.01964	0.01122	0.02245	0.02525	0.81201	0.00561	0.00561	0.00281	0.00281
59	0.01337	0.03053	0.61278	0.02001	0.02901	0.01525	0.14764	0.02050	0.01393	0.02050	0.01186	0.01433	0.00848	0.00601	0.00641	0.00207	0.00979	0.00529	0.00283	0.00940
60	0.01220	0.01148	0.01938	0.75739	0.04450	0.01436	0.01794	0.01651	0.01292	0.01651	0.01148	0.01723	0.00861	0.00646	0.00646	0.00215	0.00861	0.00574	0.00287	0.00718
61	0.01554	0.01124	0.01326	0.00991	0.01515	0.00906	0.00793	0.01937	0.06476	0.12891	0.01834	0.01879	0.06056	0.00634	0.00537	0.00129	0.00481	0.00515	0.00480	0.57942
62	0.02020	0.01545	0.01767	0.04154	0.01893	0.01759	0.01180	0.48633	0.02427	0.03280	0.01742	0.12795	0.01531	0.01006	0.00873	0.00217	0.10891	0.00767	0.00577	0.00946
63	0.01437	0.00897	0.01010	0.00889	0.01176	0.02706	0.00692	0.06335	0.01744	0.18296	0.19048	0.06198	0.34425	0.01306	0.00726	0.00209	0.00422	0.01094	0.00665	0.00727
64	0.01784	0.23768	0.02705	0.01722	0.04695	0.11160	0.18110	0.12943	0.03690	0.02199	0.06249	0.01769	0.03212	0.00705	0.00645	0.00184	0.02594	0.00601	0.00405	0.00859
65	0.01772	0.53376	0.14430	0.01316	0.01897	0.14376	0.01335	0.02060	0.01407	0.01615	0.00957	0.01110	0.00828	0.00581	0.00474	0.00154	0.00812	0.00378	0.00285	0.00836
66	0.01651	0.08042	0.15220	0.01248	0.01853	0.01331	0.01191	0.08479	0.10544	0.09203	0.01490	0.01557	0.01124	0.00619	0.00553	0.00154	0.00618	0.00486	0.00453	0.34184
67	0.01875	0.14070	0.20599	0.01829	0.07141	0.15894	0.08418	0.13949	0.04142	0.04297	0.01262	0.01420	0.00962	0.00647	0.00602	0.00186	0.00887	0.00511	0.00385	0.00923
68	0.01383	0.04033	0.01901	0.01562	0.01626	0.01826	0.01297	0.01535	0.01025	0.01578	0.00950	0.01544	0.00941	0.04011	0.04904	0.00308	0.62513	0.00564	0.00296	0.06205
69	0.01477	0.06255	0.05195	0.04399	0.35071	0.01510	0.22797	0.01885	0.01450	0.02003	0.01500	0.08566	0.01364	0.00735	0.00687	0.00207	0.00828	0.02822	0.00351	0.00899
70	0.02414	0.03079	0.01831	0.01665	0.01998	0.74698	0.01248	0.02580	0.01831	0.01581	0.00999	0.01165	0.00832	0.00666	0.00583	0.00166	0.01165	0.00416	0.00333	0.00749
71	0.01094	0.00682	0.00868	0.00804	0.00980	0.00632	0.00609	0.01394	0.01759	0.07430	0.57471	0.04284	0.05122	0.01200	0.00708	0.00195	0.00321	0.01048	0.12756	0.00642
72	0.01599	0.01535	0.02623	0.03966	0.73262	0.01535	0.01983	0.01983	0.01471	0.02111	0.01215	0.01599	0.01023	0.00576	0.00640	0.00192	0.00768	0.00576	0.00320	0.01023
73	0.00804	0.00656	0.00711	0.00697	0.00898	0.00563	0.00523	0.01006	0.01569	0.01973	0.24395	0.05844	0.55008	0.01552	0.00763	0.00214	0.00321	0.01311	0.00630	0.00563
74	0.01122	0.00561	0.00842	0.00842	0.00842	0.00561	0.00561	0.00842	0.00842	0.01122	0.01122	0.01964	0.01122	0.02245	0.02525	0.81201	0.00561	0.00561	0.00281	0.00281
75	0.01081	0.02858	0.06461	0.01093	0.01272	0.05242	0.00901	0.01307	0.01105	0.01528	0.01656	0.02569	0.01587	0.15598	0.47820	0.00795	0.03719	0.00686	0.02127	0.00596
76	0.00787	0.00562	0.00750	0.00900	0.00937	0.00525	0.00600	0.00900	0.01237	0.01649	0.03561	0.76871	0.04274	0.02024	0.00825	0.00262	0.00375	0.01837	0.00600	0.00525
77	0.02414	0.03079	0.01831	0.01665	0.01998	0.74698	0.01248	0.02580	0.01831	0.01581	0.00999	0.01165	0.00832	0.00666	0.00583	0.00166	0.01165	0.00416	0.00333	0.00749
78	0.01407	0.01875	0.19680	0.04562	0.22979	0.01408	0.16193	0.01984	0.06193	0.02095	0.03532	0.06849	0.01388	0.00714	0.00666	0.00201	0.00805	0.00691	0.00366	0.06410
79	0.04100	0.17297	0.24647	0.01704	0.09043	0.03882	0.04257	0.06019	0.04071	0.02104	0.03831	0.03597	0.01204	0.00683	0.00623	0.00183	0.03100	0.00538	0.00358	0.08759
80	0.01148	0.01222	0.11017	0.01117	0.01410	0.00956	0.05633	0.03513	0.08103	0.01783	0.02245	0.10227	0.06228	0.33398	0.01782	0.00382	0.00639	0.00895	0.00436	0.07865
81	0.01521	0.08382	0.06992	0.01731	0.15870	0.03326	0.03036	0.03907	0.06526	0.05399	0.03821	0.06153	0.03108	0.00717	0.00586	0.00164	0.00621	0.00611	0.00424	0.27103
82	0.04415	0.10500	0.07149	0.03237	0.08311	0.08508	0.01280	0.25470	0.04777	0.10214	0.01446	0.01517	0.01072	0.00680	0.00588	0.00178	0.00723	0.00518	0.00494	0.08921

[dist]
# distance from previous block
# <min> <max>
0	11

[block]
# block no. 2 follows, 34 sequences, length 42
# corresponding to MSA columns:
# 146-187
name=unknown_C
#
# <colnr> <probs for GDERKNQSTAVLIFYWHMCP>
#	G	D	E	R	K	N	Q	S	T	A	V	L	I	F	Y	W	H	M	C	P
0	0.01213	0.03555	0.16550	0.01258	0.01689	0.01140	0.04664	0.04152	0.08182	0.02140	0.13010	0.09735	0.13761	0.01055	0.00763	0.00204	0.05191	0.00881	0.00487	0.10371
1	0.01464	0.02052	0.25524	0.01840	0.11332	0.05653	0.05210	0.07108	0.13073	0.02332	0.11237	0.04805	0.03867	0.00834	0.00664	0.00205	0.00736	0.00714	0.00454	0.00897
2	0.01466	0.01116	0.01323	0.00983	0.01504	0.00877	0.00782	0.03860	0.01446	0.08419	0.03615	0.05930	0.01368	0.00632	0.00528	0.00121	0.00481	0.00521	0.00450	0.64580
3	0.01471	0.01037	0.01489	0.07833	0.16866	0.01027	0.01098	0.06919	0.01770	0.12347	0.30546	0.03415	0.07858	0.01023	0.00705	0.00204	0.00523	0.02472	0.00590	0.00807
4	0.00927	0.00677	0.00962	0.00962	0.01051	0.00766	0.00712	0.01105	0.01016	0.01443	0.01801	0.02925	0.01783	0.21418	0.58390	0.00944	0.01478	0.00749	0.00357	0.00534
5	0.01725	0.05288	0.28724	0.01953	0.02667	0.01595	0.23896	0.11294	0.04212	0.10153	0.01452	0.01625	0.01034	0.00640	0.00663	0.00205	0.00895	0.00605	0.00411	0.00960
6	0.00923	0.00692	0.01038	0.01038	0.01154	0.00808	0.00808	0.01154	0.01038	0.01500	0.01731	0.02538	0.01615	0.04846	0.74732	0.01038	0.01731	0.00692	0.00346	0.00577
7	0.06181	0.01619	0.03266	0.05008	0.14972	0.01559	0.50354	0.01988	0.01482	0.02100	0.01464	0.01850	0.03733	0.00598	0.00717	0.00212	0.00964	0.00724	0.00339	0.00870
8	0.02276	0.01041	0.01401	0.01144	0.01516	0.01006	0.00925	0.04528	0.04103	0.47686	0.04707	0.02379	0.01748	0.04599	0.13705	0.00367	0.04580	0.00683	0.00666	0.00941
9	0.01709	0.01591	0.02433	0.10164	0.56036	0.05798	0.01842	0.06141	0.01582	0.04679	0.01264	0.01604	0.01022	0.00607	0.00638	0.00193	0.00788	0.00569	0.00354	0.00987
10	0.01891	0.01468	0.01595	0.01315	0.01731	0.01613	0.01059	0.34373	0.26325	0.03270	0.10046	0.02387	0.02039	0.00889	0.00663	0.00202	0.00581	0.02852	0.00643	0.05060
11	0.01514	0.01722	0.03748	0.05260	0.03414	0.01627	0.68513	0.02055	0.01517	0.02055	0.01302	0.01742	0.00976	0.00548	0.00758	0.00218	0.01081	0.00756	0.00325	0.00866
12	0.02429	0.02611	0.01871	0.01599	0.02000	0.47889	0.01241	0.27853	0.02276	0.02500	0.01203	0.01308	0.00931	0.00706	0.00606	0.00177	0.00998	0.00477	0.00449	0.00878
13	0.48965	0.01490	0.01299	0.01086	0.01519	0.06919	0.00887	0.17301	0.01670	0.11657	0.01250	0.01308	0.00906	0.00668	0.00498	0.00196	0.00601	0.00442	0.00498	0.00840
14	0.01122	0.00561	0.00842	0.00842	0.00842	0.00561	0.00561	0.00842	0.00842	0.01122	0.01122	0.01964	0.01122	0.02245	0.02525	0.81201	0.00561	0.00561	0.00281	0.00281
15	0.02017	0.01329	0.01486	0.01212	0.01578	0.01420	0.00947	0.30912	0.14073	0.15060	0.03855	0.02476	0.01734	0.17507	0.01228	0.00294	0.00621	0.00712	0.00620	0.00919
16	0.00799	0.00575	0.00761	0.00905	0.00955	0.00537	0.00618	0.00923	0.01259	0.01668	0.03669	0.70633	0.06885	0.01997	0.00826	0.00262	0.00384	0.05216	0.00600	0.00529
17	0.01525	0.01743	0.03813	0.02723	0.03377	0.01634	0.70915	0.02070	0.01525	0.02070	0.01307	0.01743	0.00980	0.00545	0.00763	0.00218	0.01089	0.00763	0.00327	0.00871
18	0.00938	0.00631	0.00729	0.00729	0.00738	0.00640	0.00422	0.00955	0.00947	0.01271	0.02013	0.04104	0.02295	0.71943	0.08564	0.00657	0.00708	0.00921	0.00388	0.00405
19	0.02438	0.01775	0.01910	0.01471	0.01982	0.01961	0.01213	0.66826	0.05471	0.05935	0.01617	0.01600	0.01144	0.00780	0.00647	0.00195	0.00699	0.00589	0.00651	0.01096
20	0.01594	0.01550	0.02706	0.03879	0.68382	0.01542	0.06796	0.01989	0.01475	0.02108	0.01222	0.01609	0.01020	0.00574	0.00648	0.00194	0.00790	0.00589	0.00320	0.01013
21	0.00798	0.00570	0.00763	0.00913	0.00955	0.00535	0.00619	0.00919	0.01248	0.01662	0.03555	0.73787	0.04249	0.02014	0.00828	0.00264	0.00385	0.04810	0.00600	0.00528
22	0.01727	0.77681	0.03386	0.01106	0.01658	0.02557	0.01106	0.01935	0.01313	0.01520	0.00898	0.01036	0.00829	0.00553	0.00415	0.00138	0.00691	0.00345	0.00276	0.00829
23	0.02267	0.18973	0.02162	0.01545	0.01925	0.59329	0.01218	0.02443	0.01721	0.01568	0.00977	0.01138	0.00832	0.00642	0.00547	0.00160	0.01064	0.00401	0.00321	0.00766
24	0.00930	0.00664	0.00895	0.00895	0.00961	0.00730	0.00629	0.01062	0.00996	0.01394	0.01862	0.03265	0.01931	0.36011	0.43999	0.00861	0.01256	0.00799	0.00366	0.00497
25	0.02687	0.01054	0.01422	0.01106	0.01574	0.00911	0.00908	0.02934	0.01827	0.66363	0.05901	0.02550	0.05960	0.00872	0.00661	0.00201	0.00526	0.00714	0.00784	0.01046
26	0.00825	0.00627	0.00745	0.00803	0.00926	0.00567	0.00575	0.00982	0.01385	0.01780	0.12475	0.30781	0.29923	0.08344	0.01015	0.00273	0.00387	0.06458	0.00594	0.00536
27	0.01494	0.01428	0.02433	0.23864	0.54185	0.01508	0.01931	0.01891	0.01422	0.01983	0.01197	0.01633	0.00979	0.00595	0.00641	0.00198	0.00794	0.00575	0.00311	0.00939
28	0.01308	0.01216	0.02123	0.09601	0.02324	0.01240	0.25083	0.08171	0.04115	0.02074	0.02212	0.27254	0.02256	0.01168	0.00805	0.00236	0.03069	0.04530	0.00469	0.00747
29	0.00932	0.00629	0.00712	0.00709	0.00726	0.00622	0.00408	0.00955	0.01011	0.01349	0.06333	0.04336	0.05157	0.70091	0.03049	0.00587	0.00597	0.00969	0.00418	0.00410
30	0.41428	0.03877	0.01599	0.01731	0.18780	0.05778	0.01112	0.06468	0.04238	0.05224	0.01161	0.01327	0.00908	0.00622	0.00507	0.00191	0.00624	0.00450	0.00413	0.03563
31	0.03479	0.01577	0.02418	0.05716	0.55612	0.05290	0.01820	0.01985	0.03111	0.02036	0.01185	0.01566	0.01003	0.00656	0.00807	0.00203	0.09691	0.00565	0.00325	0.00955
32	0.01420	0.20765	0.50480	0.01753	0.02584	0.01763	0.08710	0.02022	0.01368	0.01924	0.01112	0.01323	0.00837	0.00593	0.00581	0.00190	0.00906	0.00474	0.00279	0.00917
33	0.00794	0.00584	0.00745	0.00856	0.00930	0.00535	0.00584	0.00930	0.01322	0.01742	0.09792	0.60344	0.14655	0.01908	0.00810	0.00251	0.00362	0.01711	0.00609	0.00535
34	0.01292	0.01222	0.02068	0.62085	0.17541	0.01455	0.01830	0.01714	0.01326	0.01738	0.01161	0.01699	0.00892	0.00633	0.00645	0.00211	0.00843	0.00575	0.00293	0.00776
35	0.00769	0.00652	0.00664	0.00666	0.00877	0.00547	0.00498	0.00935	0.01477	0.01768	0.08457	0.08206	0.69012	0.01638	0.00765	0.00219	0.00328	0.01371	0.00603	0.00547
36	0.01035	0.00717	0.00887	0.00819	0.01014	0.00657	0.00622	0.03395	0.01795	0.06198	0.53578	0.04871	0.19285	0.01341	0.00753	0.00206	0.00335	0.01163	0.00691	0.00637
37	0.01599	0.01535	0.02623	0.03966	0.73262	0.01535	0.01983	0.01983	0.01471	0.02111	0.01215	0.01599	0.01023	0.00576	0.00640	0.00192	0.00768	0.00576	0.00320	0.01023
38	0.00791	0.00596	0.00732	0.00823	0.00921	0.00537	0.00570	0.00933	0.01350	0.01751	0.09865	0.51181	0.23891	0.01859	0.00802	0.00245	0.00356	0.01650	0.00609	0.00537
39	0.03829	0.43103	0.06396	0.01280	0.01816	0.05919	0.01196	0.20127	0.06729	0.02332	0.01208	0.01291	0.00976	0.00644	0.00511	0.00165	0.00717	0.00445	0.00405	0.00912
40	0.09141	0.05174	0.01849	0.01433	0.01733	0.01524	0.10802	0.16298	0.04421	0.02329	0.01870	0.11077	0.05228	0.06810	0.02662	0.00273	0.15350	0.00797	0.00456	0.00774
41	0.01941	0.07148	0.12815	0.01640	0.05328	0.12388	0.05525	0.08817	0.16423	0.13183	0.01668	0.01711	0.01231	0.00733	0.00698	0.00198	0.04671	0.00572	0.00485	0.02827

[dist]
# distance from previous block
# <min> <max>
0	5

[block]
# block no. 3 follows, 34 sequences, length 13
# corresponding to MSA columns:
# 193-205
name=unknown_D
#
# <colnr> <probs for GDERKNQSTAVLIFYWHMCP>
#	G	D	E	R	K	N	Q	S	T	A	V	L	I	F	Y	W	H	M	C	P
0	0.01535	0.10311	0.04915	0.01536	0.12813	0.03407	0.01093	0.04071	0.09947	0.08670	0.10743	0.05443	0.08773	0.00874	0.00623	0.00181	0.00568	0.00732	0.00502	0.13264
1	0.09172	0.02041	0.15670	0.05359	0.13459	0.14759	0.03349	0.04147	0.12564	0.04272	0.03447	0.01799	0.03425	0.00732	0.00661	0.00201	0.03071	0.00578	0.00413	0.00881
2	0.00928	0.00628	0.00701	0.00701	0.00716	0.00621	0.00398	0.00939	0.00976	0.01286	0.02343	0.04364	0.07168	0.72131	0.03116	0.00599	0.00606	0.00969	0.00406	0.00402
3	0.01962	0.44959	0.02740	0.01434	0.04368	0.28844	0.01200	0.02159	0.01496	0.01565	0.00945	0.01117	0.00838	0.00616	0.00545	0.00156	0.03567	0.00387	0.00299	0.00803
4	0.00940	0.00626	0.00705	0.00705	0.00705	0.00626	0.00392	0.00940	0.00940	0.01253	0.02036	0.04228	0.02349	0.77292	0.03289	0.00626	0.00626	0.00940	0.00392	0.00392
5	0.01774	0.35186	0.11527	0.01498	0.02053	0.12157	0.08770	0.06318	0.11198	0.01964	0.01263	0.01389	0.01017	0.00632	0.00546	0.00173	0.00808	0.00483	0.00363	0.00880
6	0.01752	0.04739	0.04703	0.06323	0.33041	0.06597	0.11097	0.10743	0.01650	0.04387	0.01245	0.01561	0.00994	0.00663	0.00778	0.00202	0.07631	0.00580	0.00369	0.00943
7	0.01340	0.01148	0.01340	0.00957	0.01531	0.00861	0.00766	0.01627	0.01340	0.02105	0.01148	0.01340	0.00957	0.00479	0.00479	0.00096	0.00479	0.00383	0.00383	0.81242
8	0.00933	0.00654	0.00846	0.00846	0.00895	0.00703	0.00568	0.01031	0.00982	0.01358	0.01906	0.03511	0.02038	0.46539	0.33616	0.00801	0.01095	0.00835	0.00372	0.00470
9	0.10201	0.01222	0.01515	0.01173	0.01666	0.01156	0.00969	0.13358	0.01960	0.56520	0.02244	0.01993	0.01439	0.00777	0.00626	0.00199	0.00570	0.00611	0.00739	0.01062
10	0.01436	0.01271	0.01714	0.06026	0.23763	0.01369	0.01271	0.02424	0.32106	0.02404	0.13610	0.02678	0.05372	0.00876	0.00673	0.00208	0.00568	0.00772	0.00540	0.00919
11	0.00785	0.00571	0.00741	0.00877	0.00931	0.00527	0.00590	0.00902	0.01259	0.01658	0.03840	0.70277	0.10688	0.01988	0.00819	0.00258	0.00370	0.01793	0.00600	0.00527
12	0.01623	0.04349	0.01535	0.01360	0.06584	0.05167	0.00996	0.23158	0.09691	0.02828	0.22921	0.07842	0.04956	0.01021	0.00680	0.00198	0.00556	0.00855	0.00601	0.03080

[dist]
# distance from previous block
# <min> <max>
2	9

[block]
# block no. 4 follows, 34 sequences, length 109
# corresponding to MSA columns:
# 215-323
name=unknown_E
#
# <colnr> <probs for GDERKNQSTAVLIFYWHMCP>
#	G	D	E	R	K	N	Q	S	T	A	V	L	I	F	Y	W	H	M	C	P
0	0.10862	0.01596	0.03222	0.06409	0.03061	0.01548	0.55255	0.01983	0.01478	0.02171	0.04984	0.01822	0.01208	0.00597	0.00714	0.00215	0.00967	0.00725	0.00353	0.00829
1	0.01404	0.01270	0.01789	0.01566	0.05629	0.03464	0.09193	0.03737	0.01331	0.03715	0.01656	0.04453	0.03342	0.07850	0.01301	0.00252	0.21509	0.07840	0.00397	0.18302
2	0.00900	0.00629	0.00703	0.00711	0.00755	0.00606	0.00427	0.00944	0.01076	0.01402	0.05054	0.08793	0.14836	0.57507	0.02631	0.00522	0.00550	0.01072	0.00449	0.00433
3	0.05447	0.01643	0.01735	0.01402	0.01862	0.01846	0.01136	0.45155	0.26523	0.03556	0.01892	0.01824	0.01380	0.00803	0.00640	0.00203	0.00634	0.00623	0.00640	0.01056
4	0.01765	0.01405	0.01529	0.03571	0.01788	0.01596	0.01060	0.13101	0.54210	0.06568	0.04500	0.02326	0.01915	0.00864	0.00658	0.00214	0.00547	0.00713	0.00654	0.01016
5	0.00928	0.00671	0.00930	0.00930	0.01007	0.00749	0.00672	0.01084	0.01006	0.01419	0.01830	0.03090	0.01855	0.28485	0.51420	0.00904	0.01370	0.00773	0.00361	0.00516
6	0.01003	0.00828	0.01326	0.01240	0.01407	0.00791	0.12260	0.04766	0.01386	0.01853	0.03080	0.58537	0.03548	0.01708	0.00807	0.00252	0.00517	0.03520	0.00557	0.00614
7	0.00806	0.00656	0.00713	0.00698	0.00898	0.00563	0.00524	0.01008	0.01572	0.01980	0.24965	0.05832	0.54433	0.01549	0.00763	0.00214	0.00321	0.01310	0.00631	0.00563
8	0.02456	0.01810	0.01939	0.01487	0.02004	0.02004	0.01228	0.71107	0.03038	0.04072	0.01551	0.01551	0.01099	0.00776	0.00646	0.00194	0.00711	0.00582	0.00646	0.01099
9	0.01340	0.01148	0.01340	0.00957	0.01531	0.00861	0.00766	0.01627	0.01340	0.02105	0.01148	0.01340	0.00957	0.00479	0.00479	0.00096	0.00479	0.00383	0.00383	0.81242
10	0.02769	0.01308	0.01628	0.01248	0.01753	0.01259	0.01031	0.23078	0.02198	0.53287	0.02256	0.02009	0.01453	0.00793	0.00649	0.00198	0.00597	0.00630	0.00755	0.01099
11	0.01345	0.11860	0.65860	0.01757	0.02666	0.01622	0.02240	0.02033	0.01358	0.01986	0.01130	0.01327	0.00820	0.00607	0.00591	0.00197	0.00925	0.00462	0.00273	0.00941
12	0.01329	0.01274	0.01635	0.01432	0.01446	0.04625	0.01136	0.01434	0.01011	0.01476	0.01169	0.02149	0.01245	0.21296	0.02367	0.00369	0.53009	0.00658	0.00314	0.00625
13	0.01340	0.01148	0.01340	0.00957	0.01531	0.00861	0.00766	0.01627	0.01340	0.02105	0.01148	0.01340	0.00957	0.00479	0.00479	0.00096	0.00479	0.00383	0.00383	0.81242
14	0.01607	0.01388	0.01461	0.01315	0.01680	0.01607	0.01023	0.03433	0.72094	0.02703	0.02630	0.02411	0.01972	0.00877	0.00657	0.00219	0.00511	0.00731	0.00657	0.01023
15	0.00776	0.00655	0.00672	0.00668	0.00880	0.00551	0.00501	0.00951	0.01502	0.01815	0.12032	0.06103	0.67469	0.01610	0.00764	0.00217	0.00325	0.01348	0.00609	0.00551
16	0.01262	0.00619	0.00633	0.00621	0.00783	0.00614	0.00469	0.01561	0.01372	0.04829	0.02123	0.02402	0.01654	0.00754	0.00458	0.00152	0.00310	0.00604	0.78161	0.00619
17	0.01607	0.01388	0.01461	0.01315	0.01680	0.01607	0.01023	0.03433	0.72094	0.02703	0.02630	0.02411	0.01972	0.00877	0.00657	0.00219	0.00511	0.00731	0.00657	0.01023
18	0.00940	0.00626	0.00705	0.00705	0.00705	0.00626	0.00392	0.00940	0.00940	0.01253	0.02036	0.04228	0.02349	0.77292	0.03289	0.00626	0.00626	0.00940	0.00392	0.00392
19	0.01782	0.01418	0.01523	0.01321	0.01708	0.01597	0.01051	0.18976	0.47720	0.05001	0.02553	0.02601	0.04265	0.00926	0.00671	0.00217	0.00557	0.04454	0.00654	0.01003
20	0.01456	0.01184	0.01476	0.01265	0.08620	0.00933	0.00896	0.01750	0.01382	0.06247	0.01236	0.01415	0.01001	0.00507	0.00504	0.00111	0.00511	0.00417	0.00401	0.68687
21	0.01296	0.03342	0.73944	0.01842	0.02797	0.01501	0.02387	0.02046	0.01364	0.02046	0.01160	0.01364	0.00818	0.00614	0.00614	0.00205	0.00955	0.00477	0.00273	0.00955
22	0.01599	0.01535	0.02623	0.03966	0.73262	0.01535	0.01983	0.01983	0.01471	0.02111	0.01215	0.01599	0.01023	0.00576	0.00640	0.00192	0.00768	0.00576	0.00320	0.01023
23	0.26353	0.01700	0.05787	0.01301	0.01808	0.01764	0.01124	0.43433	0.02307	0.06478	0.01373	0.01416	0.00983	0.00714	0.00570	0.00197	0.00655	0.00509	0.00557	0.00970
24	0.81856	0.01250	0.00950	0.00850	0.01250	0.01449	0.00700	0.01899	0.01100	0.02899	0.00900	0.01050	0.00700	0.00600	0.00400	0.00200	0.00500	0.00350	0.00400	0.00700
25	0.01599	0.01535	0.02623	0.03966	0.73262	0.01535	0.01983	0.01983	0.01471	0.02111	0.01215	0.01599	0.01023	0.00576	0.00640	0.00192	0.00768	0.00576	0.00320	0.01023
26	0.01340	0.01148	0.01340	0.00957	0.01531	0.00861	0.00766	0.01627	0.01340	0.02105	0.01148	0.01340	0.00957	0.00479	0.00479	0.00096	0.00479	0.00383	0.00383	0.81242
27	0.02899	0.01100	0.01499	0.01150	0.01649	0.00950	0.00950	0.03149	0.01849	0.73709	0.02549	0.02199	0.01599	0.00800	0.00650	0.00200	0.00550	0.00650	0.00800	0.01100
28	0.01357	0.01447	0.02804	0.04065	0.02594	0.01489	0.41642	0.01751	0.01412	0.01939	0.05995	0.05934	0.07600	0.00876	0.01032	0.00232	0.15835	0.00847	0.00377	0.00774
29	0.00787	0.00562	0.00750	0.00900	0.00937	0.00525	0.00600	0.00900	0.01237	0.01649	0.03561	0.76871	0.04274	0.02024	0.00825	0.00262	0.00375	0.01837	0.00600	0.00525
30	0.01797	0.01409	0.01509	0.01302	0.01696	0.01585	0.01028	0.15588	0.51641	0.07220	0.02630	0.02437	0.05443	0.00893	0.00660	0.00213	0.00541	0.00731	0.00661	0.01017
31	0.00764	0.00655	0.00655	0.00655	0.00873	0.00545	0.00491	0.00927	0.01473	0.01745	0.06546	0.06218	0.73000	0.01636	0.00764	0.00218	0.00327	0.01364	0.00600	0.00545
32	0.01070	0.00595	0.00893	0.00893	0.00923	0.00626	0.00626	0.00923	0.00893	0.01221	0.01282	0.02114	0.01251	0.02925	0.21421	0.60224	0.00867	0.00595	0.00298	0.00358
33	0.01755	0.01242	0.01456	0.01068	0.01622	0.01050	0.00865	0.12484	0.01679	0.13615	0.01429	0.01507	0.01079	0.00574	0.00531	0.00127	0.00525	0.00455	0.00488	0.56449
34	0.00781	0.00636	0.00691	0.00718	0.00894	0.00547	0.00523	0.00946	0.01454	0.01796	0.11418	0.20654	0.53315	0.01690	0.00776	0.00226	0.00335	0.01445	0.00609	0.00547
35	0.01529	0.01160	0.01294	0.01170	0.01474	0.01260	0.00906	0.11361	0.34489	0.06826	0.10190	0.14846	0.06473	0.01156	0.00706	0.00222	0.00489	0.02918	0.00656	0.00876
36	0.01345	0.03019	0.61061	0.01862	0.02734	0.01522	0.07849	0.02185	0.08361	0.02113	0.01317	0.01498	0.00946	0.00634	0.00630	0.00207	0.00922	0.00526	0.00315	0.00955
37	0.81856	0.01250	0.00950	0.00850	0.01250	0.01449	0.00700	0.01899	0.01100	0.02899	0.00900	0.01050	0.00700	0.00600	0.00400	0.00200	0.00500	0.00350	0.00400	0.00700
38	0.01558	0.01583	0.05654	0.02586	0.34396	0.07693	0.06830	0.02102	0.09931	0.04306	0.12580	0.02309	0.04063	0.00772	0.00668	0.00198	0.00715	0.00707	0.00442	0.00909
39	0.00910	0.00764	0.00775	0.00741	0.00985	0.00691	0.00564	0.05060	0.05738	0.01934	0.06030	0.05728	0.64717	0.01543	0.00751	0.00217	0.00360	0.01282	0.00606	0.00605
40	0.01591	0.08131	0.06060	0.01440	0.01874	0.03566	0.09234	0.04509	0.39771	0.04625	0.08323	0.02402	0.03928	0.00843	0.00655	0.00207	0.00622	0.00726	0.00562	0.00932
41	0.01599	0.01535	0.02623	0.03966	0.73262	0.01535	0.01983	0.01983	0.01471	0.02111	0.01215	0.01599	0.01023	0.00576	0.00640	0.00192	0.00768	0.00576	0.00320	0.01023
42	0.01568	0.01532	0.02697	0.08337	0.62054	0.01539	0.08777	0.01971	0.01465	0.02078	0.01220	0.01621	0.01009	0.00577	0.00652	0.00196	0.00805	0.00594	0.00318	0.00989
43	0.00764	0.00655	0.00655	0.00655	0.00873	0.00545	0.00491	0.00927	0.01473	0.01745	0.06546	0.06218	0.73000	0.01636	0.00764	0.00218	0.00327	0.01364	0.00600	0.00545
44	0.02179	0.00964	0.01284	0.01043	0.01421	0.00863	0.00838	0.02512	0.04745	0.46870	0.26207	0.03091	0.03127	0.00978	0.00688	0.00202	0.00466	0.00827	0.00764	0.00932
45	0.01908	0.01514	0.01613	0.01365	0.01781	0.01715	0.01086	0.24766	0.48506	0.04967	0.02288	0.02134	0.01687	0.00843	0.00654	0.00211	0.00575	0.00682	0.00658	0.01049
46	0.01599	0.01535	0.02623	0.03966	0.73262	0.01535	0.01983	0.01983	0.01471	0.02111	0.01215	0.01599	0.01023	0.00576	0.00640	0.00192	0.00768	0.00576	0.00320	0.01023
47	0.01674	0.01430	0.01720	0.01454	0.01854	0.01590	0.07941	0.13744	0.48045	0.02782	0.02494	0.02607	0.03990	0.00904	0.00683	0.00220	0.00599	0.04673	0.00618	0.00981
48	0.00940	0.00626	0.00705	0.00705	0.00705	0.00626	0.00392	0.00940	0.00940	0.01253	0.02036	0.04228	0.02349	0.77292	0.03289	0.00626	0.00626	0.00940	0.00392	0.00392
49	0.00940	0.00626	0.00705	0.00705	0.00705	0.00626	0.00392	0.00940	0.00940	0.01253	0.02036	0.04228	0.02349	0.77292	0.03289	0.00626	0.00626	0.00940	0.00392	0.00392
50	0.01599	0.01535	0.02623	0.03966	0.73262	0.01535	0.01983	0.01983	0.01471	0.02111	0.01215	0.01599	0.01023	0.00576	0.00640	0.00192	0.00768	0.00576	0.00320	0.01023
51	0.02899	0.01100	0.01499	0.01150	0.01649	0.00950	0.00950	0.03149	0.01849	0.73709	0.02549	0.02199	0.01599	0.00800	0.00650	0.00200	0.00550	0.00650	0.00800	0.01100
52	0.01727	0.77681	0.03386	0.01106	0.01658	0.02557	0.01106	0.01935	0.01313	0.01520	0.00898	0.01036	0.00829	0.00553	0.00415	0.00138	0.00691	0.00345	0.00276	0.00829
53	0.02456	0.01810	0.01939	0.01487	0.02004	0.02004	0.01228	0.71107	0.03038	0.04072	0.01551	0.01551	0.01099	0.00776	0.00646	0.00194	0.00711	0.00582	0.00646	0.01099
54	0.01204	0.00602	0.00602	0.00602	0.00753	0.00602	0.00452	0.01506	0.01355	0.02409	0.02108	0.02409	0.01656	0.00753	0.00452	0.00151	0.00301	0.00602	0.80879	0.00602
55	0.01514	0.01710	0.03632	0.02622	0.03211	0.01668	0.64053	0.02019	0.01472	0.02019	0.01262	0.01710	0.00967	0.00603	0.00897	0.00224	0.08496	0.00743	0.00322	0.00855
56	0.00787	0.00562	0.00750	0.00900	0.00937	0.00525	0.00600	0.00900	0.01237	0.01649	0.03561	0.76871	0.04274	0.02024	0.00825	0.00262	0.00375	0.01837	0.00600	0.00525
57	0.01609	0.01611	0.02799	0.03698	0.59768	0.03516	0.13385	0.02013	0.01490	0.02090	0.01225	0.01611	0.01011	0.00573	0.00658	0.00196	0.00832	0.00602	0.00321	0.00991
58	0.01122	0.00561	0.00842	0.00842	0.00842	0.00561	0.00561	0.00842	0.00842	0.01122	0.01122	0.01964	0.01122	0.02245	0.02525	0.81201	0.00561	0.00561	0.00281	0.00281
59	0.02415	0.03035	0.01835	0.01658	0.01998	0.72128	0.01248	0.05003	0.01874	0.01669	0.01018	0.01179	0.00842	0.00670	0.00585	0.00167	0.01149	0.00422	0.00344	0.00761
60	0.01794	0.16709	0.04014	0.01206	0.01710	0.01375	0.05032	0.09730	0.01624	0.16053	0.01693	0.09908	0.01439	0.00769	0.00577	0.00164	0.00599	0.00636	0.00490	0.24477
61	0.01078	0.00998	0.01811	0.01546	0.01788	0.00973	0.22935	0.01347	0.01339	0.01805	0.02693	0.42441	0.02999	0.01486	0.00879	0.00253	0.04570	0.07912	0.00496	0.00651
62	0.81856	0.01250	0.00950	0.00850	0.01250	0.01449	0.00700	0.01899	0.01100	0.02899	0.00900	0.01050	0.00700	0.00600	0.00400	0.00200	0.00500	0.00350	0.00400	0.00700
63	0.02414	0.03079	0.01831	0.01665	0.01998	0.74698	0.01248	0.02580	0.01831	0.01581	0.00999	0.01165	0.00832	0.00666	0.00583	0.00166	0.01165	0.00416	0.00333	0.00749
64	0.02899	0.01100	0.01499	0.01150	0.01649	0.00950	0.00950	0.03149	0.01849	0.73709	0.02549	0.02199	0.01599	0.00800	0.00650	0.00200	0.00550	0.00650	0.00800	0.01100
65	0.00846	0.00658	0.00769	0.00741	0.00923	0.00581	0.00556	0.01087	0.01667	0.02208	0.42828	0.05457	0.36428	0.01464	0.00763	0.00210	0.00315	0.01257	0.00661	0.00581
66	0.00787	0.00562	0.00750	0.00900	0.00937	0.00525	0.00600	0.00900	0.01237	0.01649	0.03561	0.76871	0.04274	0.02024	0.00825	0.00262	0.00375	0.01837	0.00600	0.00525
67	0.05409	0.00636	0.00620	0.00615	0.00779	0.00646	0.00465	0.01526	0.01342	0.02434	0.02045	0.02338	0.01606	0.00745	0.00449	0.00153	0.00311	0.00589	0.76684	0.00607
68	0.00869	0.00707	0.03190	0.00938	0.01058	0.00609	0.00718	0.01077	0.01429	0.01929	0.19815	0.43355	0.08574	0.01757	0.00809	0.00249	0.00406	0.11324	0.00614	0.00570
69	0.02717	0.01116	0.01478	0.01157	0.01634	0.01005	0.00948	0.03124	0.08784	0.64739	0.04496	0.02293	0.01760	0.00822	0.00654	0.00202	0.00539	0.00672	0.00783	0.01079
70	0.01074	0.00924	0.00951	0.00898	0.01170	0.00936	0.00687	0.01850	0.27464	0.02098	0.05104	0.04817	0.46859	0.01357	0.00725	0.00219	0.00395	0.01131	0.00621	0.00721
