[name]
unknown

[dist]
# distance from previous block
# <min> <max>
0	24

[block]
# block no. 0 follows, 34 sequences, length 21
# corresponding to MSA columns:
# 24-44
name=unknown_A
#
# <colnr> <probs for GDERKNQSTAVLIFYWHMCP>
#	G	D	E	R	K	N	Q	S	T	A	V	L	I	F	Y	W	H	M	C	P
0	0.01041	0.00744	0.01041	0.01190	0.01339	0.00744	0.01041	0.01339	0.01487	0.01934	0.03421	0.07288	0.03719	0.01785	0.00892	0.00297	0.00595	0.68913	0.00595	0.00595
1	0.01730	0.60538	0.13202	0.01248	0.01849	0.04573	0.01298	0.05972	0.01436	0.01744	0.00976	0.01116	0.00843	0.00578	0.00461	0.00152	0.00744	0.00380	0.00299	0.00860
2	0.00920	0.00663	0.00912	0.00921	0.00994	0.00731	0.00659	0.01068	0.01018	0.01429	0.01942	0.07648	0.02017	0.28286	0.46913	0.00857	0.01288	0.00843	0.00376	0.00513
3	0.01339	0.10810	0.66856	0.01768	0.02682	0.01607	0.02259	0.02035	0.01359	0.01993	0.01133	0.01331	0.00820	0.00608	0.00594	0.00198	0.00928	0.00464	0.00273	0.00942
4	0.01617	0.09297	0.27039	0.01933	0.10880	0.01729	0.06133	0.12216	0.14345	0.02391	0.01456	0.01604	0.01104	0.00697	0.00699	0.00203	0.04724	0.00560	0.00406	0.00966
5	0.00798	0.00624	0.00723	0.00765	0.00911	0.00550	0.00548	0.00968	0.01455	0.01859	0.17021	0.29921	0.38130	0.01713	0.00784	0.00231	0.00340	0.01490	0.00619	0.00550
6	0.01056	0.00712	0.00903	0.00966	0.01080	0.00694	0.00679	0.04844	0.05491	0.06292	0.06064	0.61242	0.03883	0.01790	0.00793	0.00250	0.00408	0.01609	0.00622	0.00622
7	0.00996	0.00738	0.00913	0.00882	0.00894	0.00824	0.00581	0.01041	0.00972	0.01338	0.01933	0.07899	0.02190	0.56330	0.08866	0.00591	0.11250	0.00919	0.00385	0.00459
8	0.47283	0.15275	0.08933	0.01343	0.05429	0.01677	0.08059	0.01942	0.01226	0.02443	0.00982	0.01176	0.00780	0.00586	0.00472	0.00191	0.00652	0.00415	0.00354	0.00782
9	0.00787	0.00562	0.00750	0.00900	0.00937	0.00525	0.00600	0.00900	0.01237	0.01649	0.03561	0.76871	0.04274	0.02024	0.00825	0.00262	0.00375	0.01837	0.00600	0.00525
10	0.01516	0.01889	0.12329	0.02947	0.22112	0.01591	0.43729	0.02043	0.01490	0.02078	0.01264	0.01657	0.00972	0.00562	0.00711	0.00209	0.00986	0.00676	0.00318	0.00923
11	0.01346	0.01262	0.04839	0.01011	0.01597	0.00916	0.00852	0.01704	0.03572	0.02121	0.01196	0.01375	0.00982	0.00498	0.00491	0.00105	0.00502	0.00398	0.00386	0.74849
12	0.00788	0.00604	0.00723	0.00802	0.00915	0.00539	0.00560	0.00934	0.01368	0.01755	0.09802	0.45361	0.29870	0.01829	0.00797	0.00242	0.00352	0.01612	0.00608	0.00539
13	0.00806	0.00590	0.00732	0.00830	0.00901	0.00544	0.00557	0.00923	0.01271	0.01661	0.06852	0.52965	0.16422	0.10451	0.01090	0.00293	0.00392	0.01622	0.00581	0.00517
14	0.01960	0.16045	0.14188	0.01570	0.02055	0.38030	0.04120	0.04593	0.03401	0.01840	0.05489	0.01466	0.01195	0.00681	0.00580	0.00174	0.00959	0.00487	0.00354	0.00812
15	0.02375	0.05362	0.01598	0.01231	0.01633	0.11421	0.00993	0.08920	0.01816	0.40456	0.02323	0.09816	0.04059	0.00936	0.00712	0.00202	0.03824	0.00739	0.00644	0.00941
16	0.08961	0.07640	0.24531	0.03474	0.02249	0.05866	0.08154	0.10998	0.05699	0.04445	0.03775	0.01575	0.01143	0.00685	0.00658	0.00195	0.03768	0.00538	0.00401	0.05244
17	0.01903	0.05997	0.10524	0.03938	0.05487	0.07360	0.06607	0.20350	0.08426	0.09696	0.01604	0.01872	0.01249	0.07682	0.00868	0.00231	0.00759	0.00601	0.00487	0.04358
18	0.01563	0.01024	0.01087	0.00985	0.01251	0.08398	0.00748	0.01773	0.01634	0.21267	0.17965	0.18489	0.16292	0.01289	0.00718	0.00210	0.00484	0.01099	0.00643	0.03081
19	0.01979	0.06209	0.09554	0.04558	0.15666	0.06474	0.05467	0.22339	0.04115	0.11129	0.01593	0.05232	0.01246	0.00749	0.00640	0.00196	0.00762	0.00628	0.00489	0.00975
20	0.05049	0.25417	0.15642	0.15973	0.05284	0.04346	0.04239	0.06367	0.03199	0.04397	0.03593	0.01518	0.01090	0.00645	0.00564	0.00184	0.00779	0.00505	0.00354	0.00855

[dist]
# distance from previous block
# <min> <max>
0	5

[block]
# block no. 1 follows, 34 sequences, length 48
# corresponding to MSA columns:
# 50-97
name=unknown_B
#
# <colnr> <probs for GDERKNQSTAVLIFYWHMCP>
#	G	D	E	R	K	N	Q	S	T	A	V	L	I	F	Y	W	H	M	C	P
0	0.04502	0.31721	0.18333	0.01519	0.05293	0.01843	0.06691	0.05598	0.02748	0.05116	0.01247	0.03777	0.01034	0.00638	0.00540	0.00171	0.00739	0.00501	0.00354	0.07633
1	0.07344	0.13298	0.04918	0.01113	0.01493	0.05139	0.00953	0.12717	0.01810	0.13122	0.20345	0.08921	0.04258	0.00987	0.00636	0.00194	0.00561	0.00803	0.00572	0.00815
2	0.04038	0.01062	0.01166	0.01071	0.01289	0.06358	0.00815	0.09901	0.04534	0.08276	0.02130	0.08711	0.04607	0.12306	0.27913	0.00562	0.01020	0.00796	0.02754	0.00693
3	0.01134	0.00813	0.01152	0.03753	0.01339	0.00837	0.03837	0.01413	0.05079	0.08034	0.15047	0.41704	0.03684	0.01548	0.00892	0.00243	0.06890	0.01361	0.00589	0.00652
4	0.07925	0.11102	0.25197	0.01949	0.05508	0.03195	0.22573	0.02186	0.04298	0.08083	0.01328	0.01533	0.00980	0.00610	0.00624	0.00199	0.00873	0.00565	0.00362	0.00908
5	0.05116	0.01449	0.02001	0.16552	0.10613	0.01630	0.06538	0.26708	0.01951	0.02714	0.06547	0.01854	0.01382	0.00952	0.04015	0.00246	0.07757	0.00629	0.00461	0.00886
6	0.01200	0.00830	0.01093	0.01027	0.01208	0.00916	0.00798	0.09720	0.01359	0.04800	0.02071	0.04115	0.05362	0.06985	0.48656	0.00759	0.01303	0.00739	0.06406	0.00652
7	0.03607	0.00704	0.00845	0.00873	0.01015	0.00678	0.00624	0.01301	0.06584	0.05001	0.18230	0.36658	0.12934	0.04573	0.00857	0.00248	0.00383	0.01387	0.02890	0.00608
8	0.01918	0.03116	0.04489	0.01421	0.04820	0.01433	0.03166	0.15650	0.26560	0.17092	0.05623	0.05450	0.04536	0.00899	0.00665	0.00208	0.00584	0.00752	0.00634	0.00983
9	0.01302	0.00890	0.01107	0.01068	0.04194	0.00876	0.00771	0.04553	0.11877	0.10232	0.38058	0.07337	0.10377	0.03467	0.00803	0.00221	0.00412	0.01042	0.00670	0.00743
10	0.00818	0.00585	0.00786	0.00935	0.00987	0.00552	0.00654	0.00954	0.01268	0.01684	0.03544	0.68310	0.04205	0.01995	0.00833	0.00267	0.00402	0.10089	0.00599	0.00533
11	0.05658	0.48347	0.14498	0.01264	0.01867	0.02178	0.01302	0.10717	0.01556	0.05757	0.01109	0.01216	0.00895	0.00606	0.00488	0.00162	0.00720	0.00413	0.00356	0.00892
12	0.01560	0.08621	0.16072	0.04446	0.08091	0.06463	0.37587	0.02135	0.04876	0.02008	0.01277	0.01597	0.00976	0.00587	0.00677	0.00203	0.00978	0.00632	0.00327	0.00889
13	0.00834	0.00578	0.00753	0.00867	0.00927	0.00541	0.00590	0.00985	0.01321	0.01825	0.12297	0.62243	0.04315	0.01842	0.00789	0.00247	0.00361	0.01661	0.06482	0.00541
14	0.02867	0.01152	0.01532	0.01174	0.01675	0.01027	0.00970	0.08116	0.01936	0.68619	0.02476	0.02152	0.01563	0.00798	0.00650	0.00199	0.00562	0.00645	0.00789	0.01100
15	0.00927	0.00736	0.01036	0.00924	0.01123	0.00670	0.05726	0.01217	0.01723	0.02366	0.53095	0.06755	0.18551	0.01343	0.00764	0.00209	0.00368	0.01194	0.00659	0.00614
16	0.07858	0.01582	0.01845	0.04471	0.01938	0.04799	0.04806	0.33827	0.02071	0.06330	0.01398	0.01666	0.01090	0.04156	0.01040	0.00231	0.16031	0.00583	0.03377	0.00900
17	0.01050	0.00630	0.00839	0.00921	0.01013	0.00581	0.00633	0.01174	0.01298	0.10360	0.03372	0.64653	0.03866	0.05164	0.00911	0.00271	0.00407	0.01654	0.00615	0.00589
18	0.01220	0.01148	0.01938	0.75739	0.04450	0.01436	0.01794	0.01651	0.01292	0.01651	0.01148	0.01723	0.00861	0.00646	0.00646	0.00215	0.00861	0.00574	0.00287	0.00718
19	0.02209	0.01813	0.17670	0.01385	0.01969	0.01415	0.01332	0.25865	0.03629	0.27323	0.02195	0.02092	0.06483	0.00813	0.00649	0.00201	0.00677	0.00642	0.00613	0.01025
20	0.01400	0.05269	0.18564	0.01276	0.01912	0.01208	0.03196	0.04485	0.01400	0.02116	0.01146	0.01355	0.00920	0.00557	0.00597	0.00139	0.04073	0.00430	0.00356	0.49601
21	0.03435	0.03621	0.10779	0.04554	0.02130	0.18021	0.02836	0.25302	0.05160	0.08395	0.01439	0.01611	0.01084	0.00765	0.00744	0.00200	0.06821	0.01696	0.00481	0.00928
22	0.02414	0.03079	0.01831	0.01665	0.01998	0.74698	0.01248	0.02580	0.01831	0.01581	0.00999	0.01165	0.00832	0.00666	0.00583	0.00166	0.01165	0.00416	0.00333	0.00749
23	0.01220	0.01148	0.01938	0.75739	0.04450	0.01436	0.01794	0.01651	0.01292	0.01651	0.01148	0.01723	0.00861	0.00646	0.00646	0.00215	0.00861	0.00574	0.00287	0.00718
24	0.01724	0.37576	0.08629	0.04615	0.05187	0.11956	0.01270	0.04664	0.11444	0.01874	0.01474	0.01576	0.04163	0.00679	0.00532	0.00170	0.00748	0.00494	0.00367	0.00858
25	0.00828	0.00638	0.00755	0.00772	0.00919	0.00576	0.00558	0.01017	0.01481	0.01934	0.24528	0.20295	0.32817	0.05229	0.04443	0.00281	0.00412	0.01355	0.00610	0.00554
26	0.01103	0.00697	0.00871	0.00830	0.01023	0.00621	0.00620	0.01332	0.01640	0.11108	0.35377	0.17220	0.22192	0.01457	0.00759	0.00217	0.00353	0.01268	0.00675	0.00640
27	0.40991	0.01152	0.01358	0.32121	0.02568	0.01374	0.01157	0.01718	0.01183	0.02260	0.01156	0.04666	0.00963	0.00875	0.03931	0.00248	0.00702	0.00523	0.00359	0.00694
28	0.01594	0.04710	0.36575	0.07433	0.08952	0.01656	0.09756	0.16073	0.01720	0.02415	0.01247	0.01483	0.00916	0.00645	0.00660	0.00203	0.02103	0.00544	0.00360	0.00956
29	0.02188	0.01736	0.01784	0.01441	0.01902	0.05253	0.01165	0.46683	0.24660	0.03527	0.01864	0.01803	0.01361	0.00802	0.00647	0.00201	0.00669	0.00621	0.00635	0.01059
30	0.81856	0.01250	0.00950	0.00850	0.01250	0.01449	0.00700	0.01899	0.01100	0.02899	0.00900	0.01050	0.00700	0.00600	0.00400	0.00200	0.00500	0.00350	0.00400	0.00700
31	0.00808	0.00589	0.00751	0.00850	0.00923	0.00543	0.00579	0.00947	0.01332	0.01770	0.13116	0.55488	0.12836	0.05127	0.00915	0.00265	0.00371	0.01651	0.00606	0.00533
32	0.00823	0.00588	0.00787	0.00912	0.00959	0.00569	0.00625	0.00947	0.01208	0.01620	0.03270	0.61363	0.03855	0.07697	0.08077	0.00364	0.00533	0.04720	0.00560	0.00523
33	0.09960	0.11025	0.02204	0.08341	0.15292	0.01713	0.07454	0.18634	0.08667	0.05470	0.01503	0.04313	0.01200	0.00717	0.00609	0.00196	0.00706	0.00605	0.00461	0.00929
34	0.04892	0.02098	0.13936	0.11865	0.11386	0.14019	0.15232	0.11357	0.01676	0.02212	0.01195	0.01496	0.00918	0.00653	0.00710	0.00203	0.04356	0.00561	0.00357	0.00879
35	0.00794	0.00572	0.00741	0.00873	0.00921	0.00531	0.00582	0.00904	0.01237	0.01635	0.03681	0.68375	0.08753	0.05922	0.00949	0.00278	0.00385	0.01759	0.00589	0.00519
36	0.00879	0.00655	0.00810	0.00874	0.00973	0.00629	0.00606	0.01150	0.06529	0.01882	0.16470	0.45571	0.11504	0.07145	0.00971	0.00270	0.00385	0.01519	0.00610	0.00569
37	0.01375	0.01703	0.12817	0.33708	0.12917	0.10714	0.01664	0.01772	0.01404	0.01775	0.01638	0.08453	0.04511	0.00820	0.00658	0.00210	0.00830	0.01917	0.00342	0.00773
38	0.01281	0.00888	0.01142	0.04506	0.04412	0.00887	0.00815	0.08540	0.04963	0.08156	0.33336	0.15122	0.06737	0.05223	0.00867	0.00235	0.00449	0.01094	0.00635	0.00713
39	0.00950	0.00729	0.01019	0.01047	0.01156	0.00711	0.04906	0.04281	0.04377	0.01813	0.03226	0.62505	0.03746	0.05106	0.00913	0.00271	0.00450	0.01628	0.00579	0.00588
40	0.07972	0.12075	0.19333	0.01515	0.05069	0.13320	0.02759	0.07189	0.01609	0.12731	0.01679	0.04826	0.04469	0.00822	0.01742	0.00204	0.00795	0.00585	0.00431	0.00876
41	0.02936	0.05094	0.05133	0.07188	0.04906	0.04886	0.12574	0.20686	0.01827	0.02447	0.04940	0.06745	0.01658	0.06502	0.00952	0.04126	0.00748	0.03657	0.02189	0.00807
42	0.01520	0.00891	0.01096	0.00995	0.01257	0.00865	0.00760	0.02036	0.14740	0.20574	0.19740	0.16182	0.10167	0.03996	0.00818	0.00234	0.00437	0.02228	0.00681	0.00784
43	0.00796	0.00566	0.00747	0.00888	0.00923	0.00531	0.00587	0.00902	0.01219	0.01625	0.03469	0.72461	0.04157	0.06593	0.00974	0.00285	0.00390	0.01782	0.00587	0.00517
44	0.01661	0.38811	0.16044	0.01556	0.08341	0.01928	0.04408	0.02084	0.04631	0.06540	0.01239	0.01385	0.00992	0.00602	0.00518	0.00165	0.00722	0.00458	0.03513	0.04403
45	0.07045	0.01413	0.04703	0.08063	0.04446	0.08269	0.06195	0.06658	0.06051	0.06549	0.11185	0.02615	0.07733	0.02413	0.03171	0.00243	0.06655	0.01972	0.03849	0.00774
46	0.03252	0.01238	0.06478	0.01056	0.01397	0.04233	0.00891	0.10038	0.07850	0.17749	0.05375	0.02268	0.01697	0.03902	0.00819	0.05704	0.00540	0.00637	0.24069	0.00807
47	0.00950	0.00789	0.04565	0.00803	0.00899	0.00675	0.00554	0.01032	0.01043	0.01408	0.02359	0.10496	0.06798	0.55542	0.05533	0.00540	0.00640	0.00988	0.00415	0.03971

[dist]
# distance from previous block
# <min> <max>
2	11

[block]
# block no. 2 follows, 34 sequences, length 31
# corresponding to MSA columns:
# 109-139
name=unknown_C
#
# <colnr> <probs for GDERKNQSTAVLIFYWHMCP>
#	G	D	E	R	K	N	Q	S	T	A	V	L	I	F	Y	W	H	M	C	P
0	0.01492	0.06105	0.06040	0.01352	0.06954	0.02479	0.02923	0.06871	0.05369	0.11644	0.11953	0.10529	0.13511	0.01237	0.03673	0.00239	0.03213	0.00906	0.00546	0.02966
1	0.02067	0.04463	0.06490	0.01466	0.05568	0.11912	0.04728	0.08016	0.05215	0.25070	0.02041	0.04524	0.04265	0.06236	0.00824	0.00222	0.00710	0.00667	0.00543	0.04971
2	0.03549	0.00648	0.00852	0.00868	0.00931	0.00666	0.00603	0.01009	0.01117	0.01563	0.09994	0.18850	0.05805	0.14590	0.11477	0.22979	0.02586	0.01008	0.00441	0.00462
3	0.00913	0.00626	0.00798	0.00840	0.00912	0.00600	0.00572	0.00973	0.01150	0.01531	0.05155	0.27864	0.10379	0.20084	0.07033	0.12529	0.00567	0.03991	0.00480	0.03005
4	0.01604	0.01578	0.08406	0.11132	0.25646	0.01420	0.19871	0.03876	0.01527	0.09284	0.01573	0.05314	0.01302	0.00725	0.00691	0.00211	0.00830	0.03703	0.00396	0.00911
5	0.00832	0.00612	0.00766	0.00831	0.00929	0.00563	0.00582	0.00997	0.01406	0.01870	0.20353	0.39772	0.16881	0.07138	0.00977	0.00268	0.00375	0.03697	0.00611	0.00541
6	0.11809	0.01110	0.01263	0.01052	0.01418	0.01114	0.00841	0.17296	0.01877	0.25580	0.06771	0.10476	0.06901	0.00988	0.00633	0.00202	0.00506	0.00803	0.08489	0.00871
7	0.05692	0.01800	0.01879	0.01458	0.01961	0.03572	0.01200	0.64404	0.05323	0.03921	0.01550	0.01552	0.01107	0.00769	0.00635	0.00194	0.00705	0.00574	0.00630	0.01072
8	0.01361	0.06569	0.67964	0.01795	0.02715	0.01567	0.02285	0.04784	0.01428	0.02103	0.01164	0.01357	0.00830	0.00618	0.00606	0.00201	0.00934	0.00476	0.00288	0.00955
9	0.00827	0.00599	0.00782	0.00906	0.00977	0.00561	0.00641	0.00973	0.01308	0.01726	0.06976	0.56742	0.10141	0.03985	0.00892	0.00270	0.00402	0.10156	0.00599	0.00536
10	0.00915	0.00699	0.00767	0.00736	0.00954	0.00614	0.00557	0.01174	0.03988	0.04846	0.22704	0.05584	0.51156	0.01499	0.00755	0.00214	0.00337	0.01265	0.00637	0.00600
11	0.01220	0.01148	0.01938	0.75739	0.04450	0.01436	0.01794	0.01651	0.01292	0.01651	0.01148	0.01723	0.00861	0.00646	0.00646	0.00215	0.00861	0.00574	0.00287	0.00718
12	0.01341	0.00749	0.00774	0.00717	0.00912	0.00770	0.00552	0.09815	0.01577	0.02616	0.05213	0.02415	0.01788	0.00781	0.00489	0.00158	0.00350	0.00625	0.67696	0.00662
13	0.00934	0.00664	0.00784	0.00777	0.00957	0.00584	0.00574	0.01136	0.01560	0.05999	0.26345	0.18756	0.35445	0.01564	0.00768	0.00221	0.00342	0.01352	0.00646	0.00592
14	0.02881	0.01128	0.01517	0.01163	0.01664	0.00992	0.00961	0.05892	0.01897	0.70898	0.02509	0.02173	0.01579	0.00799	0.00650	0.00200	0.00556	0.00647	0.00794	0.01100
15	0.02414	0.03079	0.01831	0.01665	0.01998	0.74698	0.01248	0.02580	0.01831	0.01581	0.00999	0.01165	0.00832	0.00666	0.00583	0.00166	0.01165	0.00416	0.00333	0.00749
16	0.03938	0.01070	0.01219	0.00997	0.01348	0.01078	0.00801	0.19332	0.01909	0.24528	0.02073	0.02141	0.01493	0.02526	0.00624	0.00188	0.00491	0.00613	0.32754	0.00875
17	0.00840	0.00609	0.00775	0.00868	0.00947	0.00569	0.00609	0.00988	0.01330	0.01762	0.12164	0.45589	0.12454	0.09601	0.01069	0.00291	0.00408	0.08006	0.00591	0.00531
18	0.01517	0.00859	0.01063	0.00915	0.01201	0.00787	0.00718	0.06799	0.01842	0.21273	0.34044	0.04208	0.19725	0.01215	0.00724	0.00205	0.00404	0.01033	0.00705	0.00760
19	0.01771	0.72959	0.03287	0.01141	0.01680	0.07123	0.01115	0.01976	0.01346	0.01524	0.00905	0.01045	0.00829	0.00560	0.00425	0.00140	0.00721	0.00350	0.00280	0.00824
20	0.02287	0.10055	0.01934	0.01574	0.01923	0.65091	0.01207	0.02457	0.01769	0.01582	0.01197	0.01342	0.03532	0.00691	0.00573	0.00166	0.01089	0.00445	0.00338	0.00749
21	0.01750	0.70802	0.05900	0.01164	0.01719	0.06520	0.01161	0.01975	0.01344	0.01543	0.00913	0.01056	0.00829	0.00561	0.00431	0.00142	0.00727	0.00354	0.00279	0.00829
22	0.01837	0.22641	0.12686	0.01476	0.05643	0.10511	0.01305	0.05096	0.08948	0.10898	0.01552	0.01620	0.03086	0.00699	0.00624	0.00178	0.03833	0.00513	0.00422	0.06432
23	0.02414	0.03079	0.01831	0.01665	0.01998	0.74698	0.01248	0.02580	0.01831	0.01581	0.00999	0.01165	0.00832	0.00666	0.00583	0.00166	0.01165	0.00416	0.00333	0.00749
24	0.01220	0.01127	0.01885	0.72757	0.04303	0.01402	0.01741	0.01645	0.01294	0.01681	0.01187	0.01750	0.00893	0.00650	0.00638	0.00213	0.00839	0.00575	0.03486	0.00713
25	0.01507	0.05008	0.21204	0.06018	0.12426	0.08726	0.05240	0.04166	0.04390	0.03828	0.04094	0.06586	0.03840	0.00820	0.00742	0.00205	0.06051	0.00670	0.03632	0.00848
26	0.00966	0.00869	0.04872	0.00844	0.01077	0.00717	0.00674	0.01295	0.07340	0.04158	0.09215	0.12906	0.40214	0.08820	0.02890	0.00281	0.00453	0.01220	0.00574	0.00614
27	0.00914	0.00638	0.00771	0.00799	0.00845	0.00630	0.00508	0.01046	0.03115	0.01600	0.12782	0.23202	0.03365	0.42147	0.04448	0.00471	0.00545	0.01194	0.00499	0.00481
28	0.01085	0.00741	0.00939	0.00956	0.01094	0.00729	0.00725	0.04790	0.01430	0.05031	0.09066	0.23743	0.14904	0.07129	0.01178	0.07746	0.02723	0.14848	0.00565	0.00578
29	0.19597	0.11811	0.13588	0.01416	0.03875	0.03525	0.03024	0.22075	0.01827	0.07672	0.01297	0.01405	0.00963	0.00676	0.00586	0.00191	0.02405	0.00488	0.02666	0.00913
30	0.10340	0.15141	0.06255	0.06134	0.13224	0.06976	0.01276	0.07623	0.01547	0.06591	0.06246	0.04003	0.03365	0.00775	0.00682	0.00191	0.05725	0.00591	0.00415	0.02901

[dist]
# distance from previous block
# <min> <max>
1	14

[block]
# block no. 3 follows, 34 sequences, length 14
# corresponding to MSA columns:
# 154-167
name=unknown_D
#
# <colnr> <probs for GDERKNQSTAVLIFYWHMCP>
#	G	D	E	R	K	N	Q	S	T	A	V	L	I	F	Y	W	H	M	C	P
0	0.01160	0.04464	0.05819	0.00981	0.01211	0.00895	0.00787	0.05272	0.06752	0.05766	0.05321	0.27556	0.15494	0.12521	0.01108	0.00287	0.00497	0.02896	0.00554	0.00656
1	0.00976	0.04919	0.00977	0.00926	0.01053	0.04817	0.00668	0.01168	0.03367	0.01735	0.08133	0.44591	0.13624	0.05900	0.00911	0.00261	0.00452	0.04386	0.00565	0.00572
2	0.01609	0.41179	0.07972	0.10637	0.04389	0.04434	0.01292	0.05771	0.04577	0.01821	0.01281	0.01773	0.01143	0.03037	0.00616	0.00187	0.00731	0.04941	0.00345	0.02266
3	0.01397	0.01405	0.11470	0.03632	0.01728	0.01296	0.01191	0.17561	0.04796	0.02281	0.04835	0.02155	0.01538	0.02628	0.34017	0.00582	0.05625	0.00649	0.00430	0.00784
4	0.05669	0.01027	0.01523	0.01319	0.01537	0.03065	0.11061	0.05131	0.01233	0.01780	0.01599	0.04836	0.01492	0.07190	0.40223	0.04180	0.05415	0.00711	0.00367	0.00642
5	0.01093	0.00696	0.00856	0.00831	0.01005	0.00630	0.00615	0.01290	0.01525	0.10129	0.24816	0.15008	0.22461	0.10762	0.01075	0.00272	0.00405	0.05293	0.00630	0.00609
6	0.33369	0.03036	0.01338	0.06375	0.01666	0.01337	0.00893	0.12705	0.01584	0.09203	0.05280	0.01700	0.03486	0.00698	0.00524	0.00181	0.00548	0.00512	0.00484	0.15083
7	0.07055	0.01825	0.06644	0.20460	0.16336	0.15912	0.08467	0.05072	0.01528	0.02014	0.01204	0.03176	0.00978	0.00647	0.00618	0.00192	0.00865	0.00557	0.00342	0.06107
8	0.00918	0.00660	0.00765	0.00769	0.00949	0.00576	0.00565	0.01103	0.01512	0.05885	0.18914	0.21635	0.40187	0.01614	0.00771	0.00224	0.00346	0.01392	0.00633	0.00584
9	0.00840	0.00576	0.00732	0.00847	0.00886	0.00547	0.00555	0.00946	0.01195	0.01632	0.03209	0.59743	0.03777	0.14627	0.01216	0.00316	0.00412	0.01605	0.05831	0.00507
10	0.04775	0.01817	0.14303	0.04536	0.25125	0.05500	0.08410	0.04940	0.09605	0.05455	0.03798	0.05926	0.01433	0.00743	0.00652	0.00204	0.00767	0.00669	0.00417	0.00926
11	0.00847	0.00602	0.00781	0.00902	0.00957	0.00573	0.00627	0.00971	0.01236	0.01632	0.03414	0.52700	0.06481	0.13783	0.01219	0.00323	0.00445	0.11426	0.00566	0.00515
12	0.10900	0.22317	0.07099	0.01379	0.04923	0.13338	0.01163	0.09346	0.08106	0.06142	0.01618	0.01817	0.04499	0.02327	0.00611	0.00191	0.00723	0.02220	0.00429	0.00852
13	0.12826	0.25142	0.10596	0.01374	0.03973	0.03810	0.06605	0.07547	0.01497	0.02135	0.05612	0.05264	0.07151	0.00804	0.00614	0.00188	0.03038	0.00625	0.00396	0.00802

[dist]
# distance from previous block
# <min> <max>
0	12

[block]
# block no. 4 follows, 34 sequences, length 26
# corresponding to MSA columns:
# 180-205
name=unknown_E
#
# <colnr> <probs for GDERKNQSTAVLIFYWHMCP>
#	G	D	E	R	K	N	Q	S	T	A	V	L	I	F	Y	W	H	M	C	P
0	0.07318	0.07850	0.05952	0.03766	0.01681	0.04093	0.01056	0.21824	0.03141	0.06573	0.06933	0.10469	0.08668	0.03177	0.00792	0.00218	0.04334	0.00800	0.00530	0.00824
1	0.04753	0.13389	0.20693	0.01606	0.07188	0.01639	0.02986	0.08866	0.16787	0.10657	0.04047	0.01784	0.01376	0.00717	0.00603	0.00195	0.00701	0.00574	0.00476	0.00963
2	0.00800	0.00579	0.00756	0.00874	0.00936	0.00535	0.00594	0.00936	0.01317	0.01759	0.11343	0.64451	0.08885	0.01922	0.00814	0.00253	0.00364	0.01733	0.00612	0.00535
3	0.01487	0.01601	0.03205	0.05414	0.16192	0.01603	0.45245	0.01937	0.01437	0.01990	0.01321	0.04566	0.01096	0.00675	0.00886	0.00222	0.09188	0.00741	0.00330	0.00863
4	0.01121	0.00835	0.01093	0.01224	0.04483	0.00855	0.00926	0.04992	0.07072	0.01976	0.03029	0.20179	0.03277	0.10462	0.01115	0.00312	0.00561	0.35285	0.00567	0.00636
5	0.01250	0.01176	0.01965	0.63239	0.10199	0.01444	0.01755	0.01656	0.01284	0.01681	0.01163	0.01730	0.00904	0.00825	0.03594	0.00248	0.04275	0.00579	0.00292	0.00738
6	0.01892	0.01400	0.01527	0.01296	0.01680	0.01548	0.01025	0.27489	0.31930	0.07900	0.02332	0.10993	0.01898	0.00969	0.00667	0.00212	0.00564	0.00800	0.02894	0.00984
7	0.00953	0.00694	0.00818	0.00808	0.00995	0.00629	0.00606	0.01228	0.04317	0.05251	0.26862	0.15891	0.33060	0.01531	0.00768	0.00222	0.00354	0.03758	0.00646	0.00608
8	0.01699	0.00836	0.01103	0.00936	0.01233	0.00741	0.00737	0.01971	0.01811	0.31024	0.39876	0.03876	0.09182	0.01135	0.00717	0.00203	0.00405	0.00975	0.00739	0.00801
9	0.00906	0.00663	0.00871	0.01002	0.01090	0.00651	0.00742	0.01177	0.05852	0.01791	0.03465	0.53948	0.03981	0.01888	0.00832	0.00269	0.00441	0.19254	0.00602	0.00575
10	0.00989	0.00704	0.00856	0.00861	0.01033	0.00654	0.00643	0.01293	0.05628	0.05645	0.25613	0.22865	0.23332	0.01559	0.00775	0.00229	0.00371	0.05685	0.00647	0.00619
11	0.01563	0.01459	0.02430	0.25533	0.40315	0.01558	0.06687	0.08725	0.01575	0.02162	0.01235	0.01642	0.00978	0.00615	0.00651	0.00201	0.00813	0.00589	0.00343	0.00927
12	0.02414	0.03079	0.01831	0.01665	0.01998	0.74698	0.01248	0.02580	0.01831	0.01581	0.00999	0.01165	0.00832	0.00666	0.00583	0.00166	0.01165	0.00416	0.00333	0.00749
13	0.00837	0.00588	0.00761	0.00879	0.00917	0.00561	0.00587	0.00939	0.01193	0.01587	0.03233	0.56842	0.03833	0.17709	0.01343	0.00341	0.00443	0.06348	0.00556	0.00502
14	0.01238	0.00671	0.00711	0.00692	0.00865	0.00664	0.00518	0.01588	0.05028	0.05695	0.04957	0.06154	0.06871	0.03281	0.00609	0.00183	0.00339	0.00749	0.58553	0.00634
15	0.00891	0.00618	0.00788	0.00880	0.00977	0.00569	0.00622	0.01036	0.01334	0.04326	0.07043	0.50912	0.15601	0.04684	0.00903	0.00267	0.00397	0.06995	0.00604	0.00553
16	0.23568	0.35350	0.23011	0.01247	0.01874	0.01949	0.01363	0.01957	0.01269	0.02049	0.00974	0.01134	0.00791	0.00583	0.00468	0.00174	0.00714	0.00385	0.00309	0.00830
17	0.05264	0.06615	0.01900	0.01573	0.01954	0.54538	0.01217	0.15523	0.02007	0.02098	0.01095	0.01228	0.00878	0.00678	0.00579	0.00171	0.01031	0.00442	0.00392	0.00818
18	0.01463	0.13898	0.26872	0.09819	0.07480	0.08473	0.03630	0.03572	0.01440	0.01899	0.04088	0.03515	0.02741	0.04661	0.00738	0.00211	0.00822	0.00577	0.00336	0.03765
19	0.06485	0.05093	0.26168	0.01812	0.09394	0.06550	0.04838	0.09938	0.07627	0.07800	0.01582	0.01984	0.01250	0.00751	0.00632	0.00205	0.00796	0.05734	0.00431	0.00929
20	0.00978	0.00745	0.01145	0.03151	0.01294	0.00834	0.04386	0.01215	0.01088	0.01576	0.01785	0.04402	0.01686	0.09818	0.56729	0.00865	0.01463	0.00734	0.05524	0.00582
21	0.01403	0.01050	0.01292	0.06705	0.04000	0.01150	0.00956	0.04171	0.25149	0.07482	0.09663	0.04557	0.07179	0.03349	0.09768	0.00324	0.02112	0.03274	0.05609	0.00805
22	0.01499	0.02136	0.24100	0.11988	0.23251	0.09396	0.04162	0.04516	0.01501	0.02006	0.01502	0.06066	0.03583	0.00734	0.00646	0.00202	0.00851	0.00636	0.00341	0.00885
23	0.01406	0.03413	0.02028	0.38611	0.16732	0.03108	0.04148	0.01774	0.01380	0.05327	0.01519	0.04583	0.01328	0.00815	0.00738	0.00220	0.04148	0.07576	0.00362	0.00786
24	0.01072	0.00666	0.00771	0.00767	0.00890	0.00650	0.00539	0.03237	0.01361	0.04003	0.11561	0.16120	0.08918	0.18313	0.04531	0.00330	0.00471	0.01029	0.24207	0.00565
25	0.08051	0.01268	0.01518	0.01199	0.01654	0.01254	0.00979	0.22805	0.02106	0.41041	0.04842	0.06821	0.01730	0.00877	0.00647	0.00202	0.00573	0.00705	0.00711	0.01016

[dist]
# distance from previous block
# <min> <max>
0	1

[block]
# block no. 5 follows, 34 sequences, length 14
# corresponding to MSA columns:
# 207-220
name=unknown_F
#
# <colnr> <probs for GDERKNQSTAVLIFYWHMCP>
#	G	D	E	R	K	N	Q	S	T	A	V	L	I	F	Y	W	H	M	C	P
0	0.03545	0.03510	0.05295	0.07476	0.08135	0.08392	0.04091	0.06341	0.07599	0.01994	0.06248	0.02509	0.04131	0.14687	0.08719	0.00358	0.02515	0.00699	0.00419	0.03337
1	0.00850	0.00624	0.00742	0.00788	0.00915	0.00567	0.00565	0.01031	0.01429	0.01903	0.17627	0.28863	0.26275	0.05532	0.00898	0.00250	0.00364	0.04308	0.05920	0.00549
2	0.01503	0.01241	0.01913	0.20157	0.07298	0.01314	0.12276	0.02227	0.18007	0.07930	0.04113	0.04416	0.01560	0.00755	0.00650	0.00202	0.00680	0.00696	0.07200	0.05862
3	0.32214	0.01253	0.01374	0.06040	0.01713	0.01344	0.03925	0.09991	0.08520	0.05520	0.04047	0.04249	0.01330	0.00903	0.03812	0.00228	0.00617	0.00561	0.00473	0.11887
4	0.01491	0.01295	0.03936	0.01185	0.03852	0.01098	0.00944	0.07506	0.07433	0.04616	0.05022	0.01665	0.01331	0.00625	0.00607	0.00138	0.03764	0.00494	0.00448	0.52549
5	0.00944	0.00679	0.00869	0.00968	0.01053	0.00663	0.00682	0.06806	0.01404	0.01871	0.03384	0.65963	0.03971	0.01904	0.00814	0.00259	0.00418	0.06168	0.00603	0.00578
6	0.00860	0.00622	0.00773	0.00834	0.00906	0.00602	0.00570	0.00977	0.01202	0.01584	0.05881	0.31114	0.13943	0.23800	0.09290	0.00441	0.00592	0.04991	0.00517	0.00502
7	0.05351	0.03170	0.05538	0.03509	0.14477	0.03179	0.05850	0.16400	0.05150	0.11647	0.03585	0.10689	0.03395	0.04199	0.00775	0.00224	0.00672	0.00777	0.00517	0.00897
8	0.00927	0.00666	0.00900	0.07137	0.01241	0.00675	0.00715	0.01121	0.01323	0.01827	0.15659	0.30702	0.03647	0.13072	0.06048	0.00349	0.00545	0.07347	0.05547	0.00551
9	0.00805	0.00584	0.00763	0.00892	0.00955	0.00542	0.00615	0.00940	0.01296	0.01714	0.06850	0.64286	0.09816	0.01949	0.00821	0.00258	0.00380	0.05397	0.00604	0.00534
10	0.03421	0.08122	0.19008	0.15961	0.15020	0.01442	0.05406	0.04817	0.01463	0.05034	0.01855	0.06471	0.07666	0.00796	0.00640	0.00203	0.00759	0.00688	0.00378	0.00850
11	0.01728	0.03117	0.11193	0.11624	0.08181	0.04598	0.03895	0.21648	0.05873	0.04057	0.03263	0.03202	0.01320	0.00940	0.03123	0.00238	0.07899	0.02749	0.00453	0.00901
12	0.06318	0.01228	0.02965	0.03632	0.05193	0.05670	0.01007	0.10388	0.11623	0.02264	0.02615	0.17038	0.08128	0.01387	0.04299	0.00266	0.03071	0.08871	0.03283	0.00754
13	0.06605	0.04272	0.06645	0.07009	0.07957	0.07588	0.15280	0.10259	0.01581	0.03930	0.03305	0.05054	0.01347	0.05981	0.04105	0.00267	0.04713	0.00667	0.00400	0.03034

[dist]
# distance from previous block
# <min> <max>
8	15

[block]
# block no. 6 follows, 34 sequences, length 9
# corresponding to MSA columns:
# 236-244
name=unknown_G
#
# <colnr> <probs for GDERKNQSTAVLIFYWHMCP>
#	G	D	E	R	K	N	Q	S	T	A	V	L	I	F	Y	W	H	M	C	P
0	0.01877	0.01198	0.01378	0.01171	0.01495	0.01254	0.00904	0.25841	0.10105	0.16172	0.02367	0.18559	0.02153	0.11210	0.01038	0.00270	0.00573	0.00933	0.00633	0.00871
1	0.05655	0.36118	0.27346	0.01548	0.02241	0.01966	0.10267	0.02032	0.01366	0.04464	0.01099	0.01280	0.00866	0.00584	0.00534	0.00176	0.00816	0.00454	0.00307	0.00881
2	0.00805	0.00579	0.00746	0.00863	0.00915	0.00539	0.00576	0.00922	0.01260	0.01675	0.07453	0.62387	0.08590	0.08187	0.01021	0.00286	0.00389	0.01696	0.00589	0.00520
3	0.00796	0.00575	0.00739	0.00865	0.00915	0.00534	0.00576	0.00905	0.01235	0.01629	0.03698	0.65747	0.09823	0.07457	0.00999	0.00285	0.00389	0.01733	0.00585	0.00517
4	0.01613	0.07751	0.05262	0.04307	0.01578	0.11974	0.00973	0.12802	0.03194	0.05186	0.14389	0.07804	0.02312	0.04005	0.00725	0.00204	0.00617	0.00751	0.13792	0.00761
5	0.01757	0.45772	0.19638	0.01314	0.01945	0.02096	0.01396	0.05956	0.05089	0.07821	0.01221	0.01309	0.00964	0.00616	0.00506	0.00166	0.00733	0.00434	0.00359	0.00906
6	0.00897	0.00644	0.00737	0.00764	0.00850	0.00615	0.00502	0.01055	0.03573	0.01649	0.08676	0.21776	0.18121	0.31874	0.01770	0.00388	0.00461	0.01239	0.03906	0.00502
7	0.01055	0.00721	0.00879	0.00898	0.01061	0.00682	0.00662	0.01360	0.06994	0.07433	0.13513	0.29762	0.19751	0.05446	0.00906	0.00257	0.00409	0.06961	0.00624	0.00624
8	0.08256	0.13029	0.31658	0.01941	0.09936	0.05411	0.10623	0.04996	0.01482	0.05168	0.01194	0.01399	0.00898	0.00609	0.00591	0.00193	0.00861	0.00504	0.00337	0.00914

[dist]
# distance from previous block
# <min> <max>
8	15

[block]
# block no. 7 follows, 34 sequences, length 19
# corresponding to MSA columns:
# 262-280
name=unknown_H
#
# <colnr> <probs for GDERKNQSTAVLIFYWHMCP>
#	G	D	E	R	K	N	Q	S	T	A	V	L	I	F	Y	W	H	M	C	P
0	0.01672	0.41977	0.14165	0.01437	0.02002	0.09066	0.08592	0.04678	0.01435	0.01753	0.01097	0.01398	0.00952	0.04700	0.02423	0.00209	0.00842	0.00465	0.00309	0.00827
1	0.00861	0.00624	0.00776	0.00851	0.00952	0.00574	0.00598	0.01012	0.01316	0.01764	0.08906	0.43809	0.14164	0.08617	0.01013	0.00277	0.00402	0.06547	0.03674	0.03261
2	0.03641	0.01404	0.10718	0.04616	0.05523	0.01188	0.08786	0.10769	0.05196	0.09054	0.08060	0.17959	0.02337	0.04802	0.00832	0.00240	0.00650	0.02893	0.00523	0.00811
3	0.05331	0.00863	0.01084	0.00962	0.01129	0.00862	0.05859	0.08158	0.01368	0.01882	0.07394	0.10758	0.12631	0.36751	0.01917	0.00409	0.00575	0.01020	0.00484	0.00564
4	0.00837	0.00589	0.00759	0.00860	0.00904	0.00559	0.00571	0.00949	0.01237	0.01662	0.09546	0.53738	0.04035	0.17177	0.01319	0.00332	0.00425	0.03426	0.00568	0.00507
5	0.02361	0.01287	0.01545	0.01221	0.01664	0.01291	0.00995	0.25142	0.07274	0.35049	0.12868	0.02399	0.02142	0.00876	0.00666	0.00200	0.00563	0.00712	0.00726	0.01020
6	0.01609	0.05363	0.15117	0.05063	0.10722	0.04494	0.20081	0.09480	0.09145	0.02238	0.01402	0.02986	0.01106	0.00708	0.00793	0.00211	0.07556	0.00631	0.00383	0.00910
7	0.01016	0.00787	0.00952	0.03667	0.01153	0.02601	0.00710	0.01271	0.05526	0.01763	0.10665	0.23486	0.05450	0.19985	0.06058	0.00383	0.03979	0.06373	0.03610	0.00565
8	0.00834	0.00629	0.00758	0.00825	0.00957	0.00577	0.00607	0.01009	0.01381	0.01793	0.08710	0.32181	0.30220	0.01905	0.04554	0.00281	0.00440	0.08040	0.03750	0.00550
9	0.01315	0.01322	0.08393	0.15004	0.13040	0.04101	0.02358	0.06267	0.01465	0.03149	0.06740	0.09772	0.06404	0.05303	0.06691	0.03940	0.00765	0.00807	0.02427	0.00735
10	0.01470	0.01465	0.05101	0.29660	0.15107	0.05232	0.12256	0.05570	0.01523	0.03996	0.03770	0.05988	0.01414	0.00775	0.00683	0.00213	0.00828	0.03755	0.00378	0.00817
11	0.01215	0.00769	0.00944	0.00886	0.01097	0.00719	0.00673	0.01548	0.07160	0.12012	0.27448	0.10027	0.20262	0.04062	0.00918	0.03877	0.00404	0.04667	0.00648	0.00665
12	0.02424	0.01395	0.01613	0.01257	0.01717	0.01438	0.01031	0.37462	0.02411	0.28467	0.05814	0.02030	0.01593	0.00812	0.00637	0.00193	0.00598	0.00639	0.07438	0.01031
13	0.04351	0.04137	0.01993	0.01927	0.17371	0.05519	0.07970	0.09913	0.10828	0.07166	0.03496	0.01878	0.01361	0.04811	0.00756	0.00203	0.00686	0.00598	0.00461	0.14576
14	0.01808	0.01711	0.06826	0.04078	0.08300	0.14334	0.01210	0.13112	0.13028	0.08638	0.07522	0.04581	0.03753	0.01054	0.04419	0.00240	0.00759	0.00689	0.03058	0.00880
15	0.01115	0.00745	0.00890	0.00846	0.01048	0.00691	0.00640	0.05482	0.01672	0.07733	0.27379	0.16384	0.24202	0.01434	0.00744	0.00216	0.00373	0.02908	0.04854	0.00644
16	0.12388	0.03928	0.21229	0.04596	0.09969	0.01323	0.05748	0.04072	0.05044	0.02233	0.06311	0.02349	0.11754	0.00805	0.00618	0.00198	0.00679	0.00670	0.00412	0.05673
17	0.02025	0.10682	0.04282	0.01444	0.01874	0.20263	0.03928	0.24562	0.04317	0.04256	0.01478	0.06095	0.01257	0.03875	0.00748	0.00201	0.02414	0.00602	0.00469	0.05229
18	0.04396	0.05937	0.07353	0.01598	0.09494	0.02774	0.10304	0.03864	0.06502	0.09514	0.09704	0.10347	0.13461	0.01017	0.00684	0.00208	0.00620	0.00899	0.00513	0.00810

[dist]
# distance from previous block
# <min> <max>
3	45

[block]
# block no. 8 follows, 34 sequences, length 27
# corresponding to MSA columns:
# 326-352
name=unknown_I
#
# <colnr> <probs for GDERKNQSTAVLIFYWHMCP>
#	G	D	E	R	K	N	Q	S	T	A	V	L	I	F	Y	W	H	M	C	P
0	0.05516	0.23159	0.31977	0.01588	0.04659	0.03725	0.03929	0.04437	0.04728	0.05039	0.01326	0.02954	0.01071	0.00679	0.00570	0.00189	0.00797	0.02408	0.00353	0.00898
1	0.01698	0.21038	0.26476	0.01468	0.02073	0.10560	0.01531	0.14279	0.01731	0.02236	0.05347	0.04134	0.01366	0.00753	0.00590	0.00186	0.00806	0.02454	0.00392	0.00881
2	0.06319	0.22881	0.29550	0.01432	0.02079	0.04312	0.01555	0.05720	0.09570	0.02115	0.01367	0.01669	0.01109	0.00689	0.00561	0.00187	0.00764	0.03817	0.00367	0.03936
3	0.05285	0.20793	0.30347	0.01351	0.01993	0.01588	0.01492	0.04388	0.03857	0.07188	0.04469	0.03473	0.06648	0.00755	0.00576	0.00186	0.00713	0.00582	0.00396	0.03917
4	0.01440	0.11761	0.42211	0.05164	0.02366	0.01512	0.01783	0.07495	0.01507	0.04849	0.01685	0.05931	0.05606	0.00767	0.00612	0.00197	0.00796	0.00610	0.00367	0.03341
5	0.01517	0.29089	0.39990	0.01507	0.02251	0.01876	0.01761	0.06626	0.03555	0.02008	0.01309	0.01447	0.03168	0.00644	0.00552	0.00182	0.00813	0.00474	0.00321	0.00910
6	0.01715	0.54471	0.09139	0.01227	0.01759	0.07957	0.01202	0.04863	0.04529	0.01736	0.01183	0.05447	0.01085	0.00674	0.00489	0.00159	0.00726	0.00474	0.00331	0.00836
7	0.01448	0.01019	0.01198	0.00945	0.01338	0.00870	0.00721	0.04930	0.03904	0.10598	0.06278	0.03750	0.05204	0.15334	0.01086	0.00234	0.00508	0.00662	0.00490	0.39482
8	0.07845	0.03930	0.01344	0.01152	0.01405	0.12945	0.02462	0.12555	0.03109	0.02197	0.02049	0.15409	0.04552	0.05618	0.09092	0.00318	0.02791	0.00824	0.09698	0.00707
9	0.07013	0.01150	0.01217	0.01052	0.01376	0.03533	0.00821	0.14423	0.12137	0.05983	0.14844	0.10480	0.07436	0.01031	0.00645	0.00195	0.00488	0.00856	0.06443	0.08877
10	0.01641	0.17585	0.45496	0.01615	0.02391	0.05857	0.01885	0.08007	0.01553	0.06487	0.01218	0.01356	0.00893	0.00630	0.00578	0.00188	0.00870	0.00468	0.00341	0.00940
11	0.01014	0.00789	0.03633	0.00882	0.01081	0.00651	0.00685	0.03006	0.01443	0.07356	0.04553	0.34633	0.31958	0.01674	0.00776	0.00237	0.00409	0.04006	0.00604	0.00612
12	0.01216	0.00824	0.01066	0.01010	0.01210	0.00791	0.03143	0.07700	0.03916	0.09178	0.13597	0.37728	0.12960	0.01547	0.00766	0.00233	0.00436	0.01372	0.00632	0.00677
13	0.05049	0.01236	0.01869	0.01530	0.01845	0.05904	0.21476	0.05117	0.01439	0.04532	0.02140	0.10872	0.04306	0.14054	0.07466	0.00364	0.00848	0.08818	0.00445	0.00691
14	0.02004	0.06246	0.01632	0.01391	0.01694	0.42872	0.01061	0.04871	0.05771	0.05178	0.01598	0.10518	0.01451	0.01074	0.04558	0.00228	0.00937	0.00645	0.05520	0.00754
15	0.00810	0.00601	0.00735	0.00831	0.00916	0.00552	0.00572	0.00932	0.01276	0.01645	0.04139	0.47869	0.21301	0.10043	0.01079	0.00292	0.00401	0.04909	0.00577	0.00519
16	0.01978	0.01337	0.01472	0.01221	0.01618	0.01444	0.00978	0.25096	0.25420	0.13893	0.05195	0.02328	0.04237	0.00862	0.00637	0.00199	0.00544	0.00695	0.09870	0.00978
17	0.11743	0.05051	0.06914	0.04823	0.07808	0.04258	0.22692	0.02026	0.06894	0.03374	0.01510	0.01920	0.03452	0.00760	0.00858	0.00219	0.11497	0.03001	0.00375	0.00827
18	0.04068	0.00865	0.00939	0.00854	0.01088	0.00888	0.00663	0.10756	0.05302	0.04977	0.10601	0.03237	0.12209	0.03839	0.04322	0.00242	0.00474	0.02419	0.31560	0.00695
19	0.01051	0.00662	0.00819	0.00841	0.00980	0.00598	0.00592	0.01198	0.01387	0.09891	0.10921	0.36623	0.19816	0.10252	0.01064	0.00280	0.00405	0.01424	0.00610	0.00588
20	0.01238	0.02956	0.63569	0.01693	0.02521	0.01371	0.02122	0.01899	0.01354	0.02006	0.04282	0.04981	0.01275	0.05043	0.00781	0.00231	0.00884	0.00592	0.00312	0.00890
21	0.05397	0.03970	0.01367	0.03242	0.11305	0.01080	0.00950	0.01939	0.14467	0.10219	0.13598	0.07644	0.18384	0.01117	0.00686	0.00211	0.00489	0.02561	0.00580	0.00794
22	0.05661	0.00876	0.00935	0.00855	0.01108	0.00866	0.00660	0.08598	0.08266	0.02393	0.23291	0.04583	0.34265	0.01303	0.00710	0.00208	0.00387	0.01088	0.03272	0.00675
23	0.01239	0.00845	0.01035	0.00957	0.01163	0.00840	0.00720	0.06488	0.10231	0.08006	0.39787	0.16165	0.04459	0.04075	0.00835	0.00230	0.00401	0.01138	0.00677	0.00709
24	0.01839	0.13061	0.14150	0.01558	0.07929	0.01617	0.01343	0.23661	0.03305	0.08639	0.04298	0.04820	0.01528	0.00818	0.00618	0.00194	0.00680	0.03957	0.05050	0.00934
25	0.03497	0.01653	0.03763	0.06871	0.34947	0.07322	0.06036	0.12257	0.03467	0.02349	0.01466	0.01723	0.03637	0.00654	0.00630	0.00187	0.00768	0.00585	0.00393	0.07795
26	0.01833	0.14293	0.21335	0.01679	0.02236	0.29044	0.08201	0.05415	0.01604	0.01854	0.01128	0.01359	0.00905	0.00894	0.05304	0.00234	0.01044	0.00480	0.00323	0.00833

[dist]
# distance from previous block
# <min> <max>
7	13

[block]
# block no. 9 follows, 34 sequences, length 19
# corresponding to MSA columns:
# 368-386
name=unknown_J
#
# <colnr> <probs for GDERKNQSTAVLIFYWHMCP>
#	G	D	E	R	K	N	Q	S	T	A	V	L	I	F	Y	W	H	M	C	P
0	0.03784	0.02962	0.05311	0.10712	0.01861	0.02685	0.02314	0.06500	0.08728	0.09094	0.08065	0.14963	0.10396	0.01107	0.00772	0.00216	0.05289	0.00921	0.00528	0.03792
1	0.01314	0.01085	0.01234	0.01239	0.06510	0.02769	0.00875	0.05134	0.26921	0.02531	0.25943	0.03510	0.11214	0.01070	0.00688	0.00205	0.00452	0.00913	0.05587	0.00804
2	0.04718	0.06805	0.01632	0.04509	0.01660	0.01524	0.01044	0.21819	0.06199	0.02440	0.01818	0.14356	0.01763	0.07357	0.01119	0.00254	0.13472	0.02750	0.00491	0.04269
3	0.06137	0.04031	0.14322	0.02055	0.19807	0.07935	0.04298	0.10869	0.03758	0.06707	0.01948	0.05826	0.07894	0.00811	0.00638	0.00199	0.00742	0.00681	0.00438	0.00902
4	0.00928	0.00675	0.00824	0.00857	0.01014	0.00621	0.00642	0.01176	0.03574	0.04164	0.20659	0.25811	0.25622	0.01642	0.00789	0.00236	0.00378	0.09162	0.00633	0.00591
5	0.01450	0.01745	0.07943	0.02518	0.03139	0.01534	0.60823	0.01972	0.01491	0.02034	0.01484	0.07925	0.01242	0.00671	0.00758	0.00221	0.01022	0.00833	0.00346	0.00848
6	0.03487	0.08043	0.08393	0.13848	0.22902	0.09483	0.03458	0.05097	0.07857	0.03717	0.01365	0.03599	0.01117	0.00703	0.00686	0.00199	0.04205	0.00580	0.00372	0.00890
7	0.01977	0.15069	0.06458	0.06140	0.06460	0.25994	0.02936	0.04273	0.09746	0.09339	0.04524	0.01650	0.01295	0.00703	0.00593	0.00182	0.00838	0.00533	0.00426	0.00864
8	0.00798	0.00579	0.00745	0.00864	0.00923	0.00535	0.00582	0.00921	0.01280	0.01693	0.07484	0.63370	0.10946	0.04879	0.00911	0.00269	0.00376	0.01721	0.00598	0.00526
9	0.00903	0.00604	0.00755	0.00834	0.00880	0.00572	0.00538	0.00984	0.01167	0.03781	0.03138	0.47893	0.06134	0.26823	0.01630	0.00379	0.00462	0.01486	0.00537	0.00500
10	0.01629	0.11534	0.17391	0.01692	0.03931	0.07993	0.13492	0.11064	0.05157	0.03934	0.01871	0.06179	0.05394	0.00843	0.00657	0.00204	0.00806	0.04938	0.00426	0.00865
11	0.02075	0.01256	0.01430	0.01166	0.01572	0.01298	0.00940	0.23347	0.14620	0.22995	0.05710	0.02592	0.09139	0.00912	0.00649	0.00199	0.00536	0.00736	0.07866	0.00962
12	0.00786	0.00569	0.00743	0.00882	0.00932	0.00526	0.00592	0.00902	0.01254	0.01656	0.03778	0.71746	0.09259	0.01996	0.00820	0.00259	0.00371	0.01803	0.00600	0.00526
13	0.03857	0.30100	0.18026	0.01370	0.01951	0.10750	0.01372	0.10125	0.03807	0.08154	0.03939	0.01466	0.01153	0.00666	0.00545	0.00174	0.00772	0.00479	0.00400	0.00895
14	0.01470	0.01398	0.04398	0.07597	0.10165	0.12941	0.01086	0.01854	0.07110	0.06712	0.07903	0.05098	0.15770	0.01130	0.02853	0.02237	0.01973	0.00804	0.06754	0.00747
15	0.00969	0.00610	0.00810	0.00912	0.00986	0.00564	0.00619	0.01087	0.01274	0.07584	0.03409	0.67424	0.03966	0.05320	0.00921	0.00274	0.00401	0.01698	0.00607	0.00566
16	0.15263	0.01903	0.20372	0.01479	0.01981	0.05379	0.07093	0.07837	0.06359	0.07430	0.01413	0.01701	0.01105	0.03959	0.06991	0.02072	0.05858	0.00558	0.00410	0.00837
17	0.07514	0.03142	0.09945	0.01315	0.03804	0.06316	0.02805	0.13401	0.01701	0.07854	0.05244	0.11461	0.01695	0.00847	0.00606	0.00181	0.00628	0.00696	0.02651	0.18194
18	0.01474	0.01557	0.08259	0.03364	0.57659	0.01402	0.01817	0.01844	0.01412	0.02018	0.01432	0.07204	0.01325	0.05479	0.00817	0.00225	0.00746	0.00682	0.00341	0.00942

[dist]
# distance from previous block
# <min> <max>
0	1

[block]
# block no. 10 follows, 34 sequences, length 39
# corresponding to MSA columns:
# 388-426
name=unknown_K
#
# <colnr> <probs for GDERKNQSTAVLIFYWHMCP>
#	G	D	E	R	K	N	Q	S	T	A	V	L	I	F	Y	W	H	M	C	P
