[name]
unknown

[dist]
# distance from previous block
# <min> <max>
0	14

[block]
# block no. 0 follows, 32 sequences, length 15
# corresponding to MSA columns:
# 14-28
name=unknown_A
#
# <colnr> <probs for GDERKNQSTAVLIFYWHMCP>
#	G	D	E	R	K	N	Q	S	T	A	V	L	I	F	Y	W	H	M	C	P
0	0.03411	0.10954	0.22839	0.04620	0.15362	0.05252	0.04613	0.06653	0.02815	0.02156	0.01255	0.01629	0.01025	0.00724	0.00796	0.00207	0.09027	0.02244	0.00350	0.04067
1	0.14934	0.21560	0.07963	0.08244	0.07128	0.13466	0.03193	0.03544	0.01515	0.02100	0.05726	0.01713	0.01309	0.00708	0.00566	0.00188	0.00787	0.02406	0.00373	0.02577
2	0.08500	0.32229	0.11323	0.01345	0.01900	0.09510	0.01281	0.07146	0.11575	0.07237	0.01406	0.01463	0.01096	0.00681	0.00544	0.00181	0.00751	0.00481	0.00426	0.00926
3	0.01431	0.21276	0.35854	0.08346	0.02610	0.01758	0.06721	0.01992	0.02907	0.01927	0.01450	0.03254	0.03494	0.00851	0.03212	0.00230	0.00907	0.00568	0.00320	0.00893
4	0.12641	0.00815	0.00951	0.00867	0.01101	0.00785	0.00668	0.01524	0.01759	0.09060	0.49497	0.04330	0.11013	0.01244	0.00727	0.00212	0.00371	0.01060	0.00690	0.00687
5	0.01584	0.01810	0.03959	0.02828	0.03507	0.01697	0.69796	0.02149	0.01584	0.02149	0.01357	0.01810	0.01018	0.00566	0.00792	0.00226	0.01131	0.00792	0.00339	0.00905
6	0.01002	0.00758	0.00953	0.00854	0.01080	0.00666	0.00648	0.01306	0.01801	0.02557	0.57191	0.04593	0.10142	0.01269	0.00749	0.00196	0.00344	0.01110	0.00682	0.12099
7	0.12917	0.01158	0.01300	0.00978	0.01503	0.00965	0.00784	0.01802	0.01439	0.07268	0.07721	0.01741	0.01490	0.00618	0.00525	0.00133	0.00489	0.00487	0.00461	0.56222
8	0.13111	0.02846	0.41510	0.01721	0.02472	0.11941	0.04624	0.07683	0.01611	0.04760	0.01230	0.01401	0.00892	0.00660	0.00611	0.00206	0.00926	0.00494	0.00363	0.00937
9	0.02288	0.01942	0.01854	0.01519	0.01982	0.12249	0.01216	0.41052	0.22669	0.03445	0.01854	0.01812	0.01365	0.00820	0.00665	0.00205	0.00746	0.00624	0.00628	0.01066
10	0.02302	0.01693	0.01836	0.01456	0.01922	0.01860	0.01182	0.60080	0.02886	0.03868	0.01911	0.12290	0.01614	0.00992	0.00698	0.00212	0.00688	0.00791	0.00664	0.01056
11	0.02065	0.01592	0.01753	0.01314	0.01875	0.01584	0.01074	0.41392	0.02416	0.03374	0.01436	0.01519	0.01079	0.00676	0.00598	0.00159	0.00637	0.00518	0.00557	0.34382
12	0.08706	0.01125	0.01268	0.00991	0.01465	0.00966	0.00784	0.04171	0.04303	0.05617	0.08376	0.05984	0.05980	0.00789	0.00575	0.00150	0.00480	0.00645	0.00497	0.47126
13	0.03913	0.01706	0.14425	0.01438	0.04587	0.05878	0.01243	0.11752	0.14886	0.02617	0.17062	0.12721	0.02797	0.01075	0.00706	0.00219	0.00632	0.00906	0.00569	0.00869
14	0.01732	0.09746	0.07753	0.07206	0.18902	0.06460	0.21190	0.05818	0.03178	0.04989	0.01489	0.01769	0.02994	0.00655	0.00671	0.00201	0.00892	0.00634	0.00381	0.03342

[dist]
# distance from previous block
# <min> <max>
7	28

[block]
# block no. 1 follows, 32 sequences, length 17
# corresponding to MSA columns:
# 60-76
name=unknown_B
#
# <colnr> <probs for GDERKNQSTAVLIFYWHMCP>
#	G	D	E	R	K	N	Q	S	T	A	V	L	I	F	Y	W	H	M	C	P
0	0.10660	0.01221	0.01491	0.01400	0.07481	0.01232	0.01027	0.11049	0.09927	0.25780	0.13181	0.02861	0.04688	0.00957	0.00680	0.00214	0.00556	0.03961	0.00675	0.00957
1	0.02492	0.11862	0.02194	0.01477	0.02009	0.05283	0.06325	0.28502	0.04610	0.25708	0.01845	0.01781	0.01279	0.00762	0.00646	0.00197	0.00727	0.00605	0.00630	0.01065
2	0.01509	0.01189	0.01586	0.01452	0.04724	0.03330	0.08476	0.15247	0.04006	0.06129	0.09675	0.23537	0.08043	0.01341	0.00776	0.00236	0.00605	0.06739	0.00604	0.00797
3	0.00971	0.00696	0.00880	0.00975	0.01054	0.00679	0.00666	0.06730	0.01425	0.01903	0.03441	0.66027	0.04058	0.05851	0.00974	0.00286	0.00432	0.01750	0.00616	0.00588
4	0.01233	0.01139	0.01869	0.60861	0.03996	0.01412	0.01700	0.01628	0.01327	0.01722	0.01493	0.08259	0.01327	0.00875	0.00790	0.00236	0.05283	0.03790	0.00340	0.00722
5	0.01915	0.39591	0.09373	0.01598	0.07837	0.08436	0.01375	0.13109	0.06999	0.02205	0.01240	0.01363	0.01012	0.00655	0.00542	0.00173	0.00781	0.00468	0.00387	0.00943
6	0.01503	0.01457	0.02550	0.31187	0.40694	0.01563	0.07453	0.01934	0.01461	0.02005	0.01243	0.01722	0.00994	0.00623	0.00677	0.00211	0.00862	0.00613	0.00320	0.00928
7	0.00976	0.00651	0.00732	0.00732	0.00732	0.00651	0.00407	0.00976	0.00976	0.01301	0.02114	0.04391	0.02439	0.76419	0.03415	0.00651	0.00651	0.00976	0.00407	0.00407
8	0.01861	0.01513	0.06972	0.04724	0.01918	0.01478	0.01191	0.19568	0.23733	0.10882	0.12278	0.02792	0.02355	0.00964	0.00705	0.00220	0.00613	0.04597	0.00653	0.00984
9	0.00968	0.00680	0.00881	0.00881	0.00933	0.00732	0.00593	0.01072	0.01020	0.01412	0.01978	0.03635	0.02111	0.45668	0.33718	0.00835	0.01145	0.00865	0.00386	0.00490
10	0.01622	0.01552	0.02343	0.16220	0.34967	0.05014	0.06694	0.05898	0.09431	0.02260	0.03846	0.02032	0.03681	0.00721	0.00683	0.00209	0.00796	0.00669	0.00408	0.00953
11	0.05388	0.01195	0.01379	0.00998	0.01581	0.00929	0.00801	0.01777	0.01404	0.05509	0.01248	0.01418	0.01012	0.00519	0.00501	0.00110	0.00501	0.00409	0.00419	0.72904
12	0.24486	0.04760	0.01690	0.01462	0.05143	0.23779	0.01105	0.12477	0.05358	0.08679	0.01333	0.01419	0.01011	0.00696	0.00564	0.00190	0.00789	0.00480	0.00472	0.04107
13	0.01835	0.07604	0.18952	0.01535	0.04308	0.16292	0.01409	0.07393	0.05402	0.09723	0.05143	0.06274	0.05751	0.00865	0.00648	0.00197	0.00793	0.00682	0.00473	0.04720
14	0.04703	0.01659	0.07238	0.01902	0.14390	0.06894	0.03198	0.10939	0.06711	0.08050	0.04041	0.09570	0.01652	0.00909	0.00819	0.00211	0.08143	0.00732	0.00488	0.07752
15	0.03872	0.03317	0.02085	0.01766	0.07920	0.11430	0.11255	0.07965	0.05100	0.20408	0.01771	0.05009	0.01358	0.00771	0.00707	0.00196	0.03226	0.00654	0.00528	0.10661
16	0.06712	0.03513	0.11364	0.05382	0.05870	0.10126	0.05574	0.15044	0.05561	0.11796	0.01866	0.03716	0.04878	0.00806	0.00684	0.00205	0.02354	0.00645	0.00502	0.03401

[dist]
# distance from previous block
# <min> <max>
1	20

[block]
# block no. 2 follows, 32 sequences, length 60
# corresponding to MSA columns:
# 97-156
name=unknown_C
#
# <colnr> <probs for GDERKNQSTAVLIFYWHMCP>
#	G	D	E	R	K	N	Q	S	T	A	V	L	I	F	Y	W	H	M	C	P
0	0.11850	0.10696	0.04943	0.01347	0.05150	0.03335	0.01079	0.11984	0.09451	0.11057	0.03705	0.10378	0.01700	0.00880	0.00613	0.00196	0.00612	0.00705	0.00535	0.09784
1	0.24131	0.06902	0.01605	0.01308	0.04757	0.03917	0.03959	0.06744	0.13016	0.08175	0.08004	0.04901	0.01817	0.03862	0.00707	0.00221	0.00598	0.00663	0.00526	0.04187
2	0.25184	0.09524	0.01959	0.01594	0.08126	0.11095	0.04235	0.22457	0.01953	0.02926	0.04167	0.01508	0.01160	0.00708	0.00573	0.00195	0.00738	0.00520	0.00472	0.00906
3	0.01295	0.01176	0.01568	0.01425	0.04658	0.04125	0.07317	0.01646	0.05453	0.02004	0.06891	0.11236	0.06910	0.05848	0.01074	0.00247	0.09758	0.09874	0.00483	0.17016
4	0.01614	0.33651	0.25645	0.03612	0.02141	0.03745	0.01540	0.04317	0.01505	0.04223	0.04482	0.01708	0.04496	0.00701	0.00561	0.00178	0.00776	0.00520	0.00358	0.04225
5	0.01849	0.06642	0.08879	0.01564	0.02046	0.06730	0.12571	0.10945	0.07234	0.13697	0.12179	0.06713	0.02236	0.00925	0.00704	0.00212	0.00733	0.02665	0.00561	0.00913
6	0.02094	0.03674	0.14130	0.01877	0.02480	0.03675	0.21980	0.05500	0.04189	0.25899	0.01775	0.01862	0.01231	0.00733	0.00796	0.00217	0.05711	0.00660	0.00518	0.00999
7	0.00862	0.00615	0.00816	0.00937	0.00999	0.00579	0.00651	0.01015	0.01372	0.01847	0.12550	0.58382	0.04557	0.05096	0.00960	0.00283	0.00408	0.06886	0.00629	0.00556
8	0.01987	0.04253	0.08317	0.01980	0.16835	0.03766	0.05739	0.06456	0.06109	0.22577	0.10590	0.04641	0.02026	0.00844	0.00686	0.00207	0.00689	0.00738	0.00572	0.00987
9	0.05324	0.04533	0.11811	0.03246	0.04509	0.10407	0.11949	0.05041	0.14161	0.02290	0.07651	0.06855	0.07499	0.00918	0.00689	0.00214	0.00764	0.00797	0.00480	0.00861
10	0.00833	0.00602	0.00792	0.00937	0.00996	0.00561	0.00645	0.00965	0.01317	0.01738	0.03891	0.67057	0.08811	0.02060	0.00857	0.00272	0.00401	0.06092	0.00623	0.00551
11	0.01707	0.01478	0.11149	0.10873	0.02211	0.01247	0.05794	0.08833	0.08385	0.16284	0.13917	0.02998	0.08153	0.00967	0.00715	0.00218	0.00659	0.02928	0.00587	0.00898
12	0.03528	0.03867	0.11944	0.05241	0.18505	0.01527	0.17968	0.06994	0.04830	0.10265	0.04138	0.05127	0.01458	0.00747	0.00695	0.00213	0.00822	0.00715	0.00450	0.00966
13	0.01459	0.05456	0.58460	0.01905	0.02777	0.01609	0.06617	0.02141	0.01423	0.05268	0.01250	0.01474	0.00900	0.00675	0.00745	0.00216	0.05819	0.00525	0.00312	0.00972
14	0.00968	0.00680	0.00882	0.00882	0.00934	0.00732	0.00594	0.01072	0.01020	0.01412	0.01977	0.03629	0.02109	0.45438	0.33944	0.00836	0.01148	0.00864	0.00386	0.00490
15	0.01506	0.01304	0.01667	0.01590	0.14381	0.01088	0.01051	0.05635	0.01516	0.02303	0.01229	0.01452	0.01015	0.00533	0.00537	0.00123	0.00565	0.00445	0.00401	0.61658
16	0.08956	0.63736	0.09188	0.01189	0.01784	0.02457	0.01223	0.02016	0.01348	0.01755	0.00956	0.01107	0.00848	0.00584	0.00447	0.00155	0.00723	0.00371	0.00298	0.00860
17	0.00956	0.00642	0.00738	0.00757	0.00761	0.00638	0.00433	0.00971	0.01014	0.01352	0.02309	0.13175	0.02685	0.67300	0.03101	0.00604	0.00618	0.01090	0.00433	0.00424
18	0.02551	0.01879	0.02014	0.01544	0.02081	0.02081	0.01275	0.69996	0.03155	0.04229	0.01611	0.01611	0.01141	0.00805	0.00671	0.00201	0.00738	0.00604	0.00671	0.01141
19	0.04300	0.09111	0.13768	0.06661	0.05694	0.01486	0.12728	0.07091	0.01566	0.04382	0.01325	0.03259	0.01061	0.00631	0.00606	0.00175	0.00764	0.00556	0.00388	0.24447
20	0.06276	0.01433	0.01486	0.01337	0.01719	0.01659	0.01043	0.03473	0.66971	0.02819	0.02627	0.02421	0.01972	0.00894	0.00667	0.00226	0.00530	0.00736	0.00667	0.01043
21	0.00818	0.00584	0.00779	0.00934	0.00973	0.00545	0.00623	0.00934	0.01285	0.01713	0.03698	0.75981	0.04438	0.02102	0.00856	0.00273	0.00389	0.01908	0.00623	0.00545
22	0.00844	0.00677	0.00753	0.00744	0.00940	0.00587	0.00554	0.01058	0.01635	0.02086	0.27287	0.09284	0.47961	0.01614	0.00795	0.00224	0.00335	0.01375	0.00660	0.00587
23	0.01625	0.01797	0.03039	0.12027	0.12236	0.10464	0.36665	0.02060	0.01538	0.01986	0.01363	0.05049	0.01136	0.00704	0.00821	0.00222	0.05326	0.00736	0.00344	0.00863
24	0.03010	0.01142	0.01557	0.01194	0.01713	0.00986	0.00986	0.03270	0.01920	0.72698	0.02647	0.02284	0.01661	0.00830	0.00675	0.00208	0.00571	0.00675	0.00830	0.01142
25	0.00930	0.00685	0.00870	0.00824	0.00991	0.00625	0.00618	0.01229	0.01854	0.02583	0.63894	0.05189	0.14384	0.01412	0.00792	0.00213	0.00319	0.01238	0.00724	0.00625
26	0.00959	0.00649	0.00758	0.00770	0.00785	0.00648	0.00454	0.00994	0.01049	0.01410	0.05280	0.10965	0.02762	0.63297	0.06007	0.00614	0.00660	0.01062	0.00439	0.00437
27	0.01638	0.01571	0.02682	0.08216	0.68314	0.01588	0.02048	0.02039	0.01517	0.02164	0.01258	0.01668	0.01053	0.00602	0.00665	0.00201	0.00803	0.00598	0.00330	0.01044
28	0.02432	0.01871	0.02252	0.01701	0.02256	0.02034	0.09683	0.61671	0.02962	0.03974	0.01580	0.01635	0.01126	0.00776	0.00686	0.00204	0.00787	0.00627	0.00631	0.01112
29	0.02506	0.03198	0.01901	0.01729	0.02074	0.73725	0.01296	0.02679	0.01901	0.01642	0.01037	0.01210	0.00864	0.00691	0.00605	0.00173	0.01210	0.00432	0.00346	0.00778
30	0.02467	0.01745	0.01902	0.01480	0.01983	0.01907	0.01213	0.61025	0.02950	0.08595	0.01817	0.06560	0.01393	0.00893	0.00684	0.00206	0.00704	0.00695	0.00679	0.01102
31	0.01089	0.00748	0.00921	0.00909	0.00981	0.00782	0.00620	0.05612	0.01192	0.01610	0.02148	0.07128	0.02334	0.44321	0.16340	0.05286	0.00858	0.06180	0.00435	0.00508
32	0.02311	0.24188	0.02397	0.01514	0.01974	0.35082	0.01248	0.19455	0.02062	0.02276	0.01152	0.01272	0.00933	0.00686	0.00571	0.00172	0.00949	0.00454	0.00411	0.00894
33	0.00888	0.00649	0.00784	0.00841	0.00970	0.00584	0.00595	0.01053	0.01459	0.03388	0.14388	0.36795	0.26748	0.05063	0.00935	0.00264	0.00383	0.03005	0.00634	0.00573
34	0.11184	0.13316	0.09220	0.01674	0.08527	0.08594	0.05225	0.09835	0.04952	0.07603	0.01346	0.01487	0.01037	0.00663	0.00613	0.00183	0.02367	0.00507	0.00431	0.11238
35	0.01326	0.01018	0.01129	0.01127	0.01288	0.05704	0.00823	0.12080	0.01646	0.05225	0.03053	0.52206	0.03433	0.01713	0.00847	0.00253	0.02911	0.02918	0.00611	0.00688
36	0.02447	0.01346	0.01602	0.01293	0.01759	0.01372	0.01046	0.15855	0.21931	0.36606	0.05607	0.02343	0.01885	0.00873	0.00682	0.00212	0.00580	0.00710	0.00754	0.01096
37	0.01257	0.01158	0.01869	0.59400	0.06460	0.01396	0.01696	0.01741	0.04525	0.01806	0.01782	0.02492	0.05784	0.00822	0.00696	0.00229	0.00821	0.04958	0.00358	0.00751
38	0.06415	0.08813	0.33819	0.05051	0.08011	0.01588	0.04906	0.06636	0.01610	0.14780	0.01458	0.01588	0.01033	0.00671	0.00626	0.00205	0.00836	0.00541	0.00420	0.00992
39	0.01267	0.01193	0.02013	0.74806	0.04621	0.01491	0.01863	0.01714	0.01342	0.01714	0.01193	0.01789	0.00894	0.00671	0.00671	0.00224	0.00894	0.00596	0.00298	0.00745
40	0.00818	0.00584	0.00779	0.00934	0.00973	0.00545	0.00623	0.00934	0.01285	0.01713	0.03698	0.75981	0.04438	0.02102	0.00856	0.00273	0.00389	0.01908	0.00623	0.00545
41	0.01968	0.16402	0.15930	0.01530	0.02070	0.21605	0.01424	0.05623	0.18900	0.05848	0.01579	0.01620	0.01208	0.00726	0.00605	0.00192	0.00853	0.00532	0.00446	0.00940
42	0.06028	0.01625	0.11308	0.35010	0.20228	0.01595	0.01876	0.01854	0.01346	0.01946	0.01158	0.01630	0.00918	0.00708	0.00838	0.00224	0.09978	0.00569	0.00311	0.00852
43	0.00798	0.00660	0.00700	0.00733	0.00920	0.00562	0.00533	0.00957	0.01478	0.01792	0.06152	0.20944	0.57892	0.01783	0.00806	0.00236	0.00350	0.01518	0.00623	0.00562
44	0.01336	0.01284	0.02267	0.35451	0.15773	0.01411	0.12890	0.01753	0.01471	0.01988	0.10014	0.05660	0.01779	0.00810	0.00762	0.00223	0.03179	0.00766	0.00380	0.00805
45	0.02294	0.06672	0.09233	0.01847	0.06336	0.12834	0.12319	0.16417	0.02010	0.20944	0.01651	0.01707	0.01164	0.00713	0.00663	0.00200	0.00858	0.00600	0.00528	0.01011
46	0.01717	0.01778	0.03489	0.02912	0.16208	0.01725	0.48698	0.10457	0.01766	0.02412	0.01371	0.01758	0.01042	0.00601	0.00753	0.00218	0.01020	0.00732	0.00379	0.00964
47	0.01369	0.01297	0.02197	0.56428	0.22200	0.01518	0.01914	0.01804	0.01390	0.01839	0.01211	0.01756	0.00938	0.00652	0.00669	0.00217	0.00869	0.00597	0.00307	0.00828
48	0.01790	0.01955	0.11908	0.02056	0.09743	0.06269	0.14426	0.15349	0.19251	0.02668	0.01841	0.02214	0.01457	0.00803	0.00704	0.00219	0.00824	0.05035	0.00498	0.00991
49	0.16631	0.01957	0.01689	0.01510	0.05140	0.21528	0.01140	0.19783	0.07534	0.11867	0.01703	0.01722	0.03397	0.00771	0.00612	0.00198	0.00781	0.00560	0.00539	0.00938
50	0.11058	0.00881	0.01276	0.10951	0.10649	0.00945	0.00959	0.01272	0.01053	0.01596	0.01153	0.01841	0.01063	0.01680	0.01843	0.49759	0.00643	0.00560	0.00313	0.00504
51	0.02374	0.01782	0.01960	0.01617	0.05182	0.01966	0.01267	0.58802	0.08388	0.03960	0.04623	0.01826	0.01426	0.00828	0.00677	0.00204	0.00707	0.00642	0.00660	0.01110
52	0.04374	0.00925	0.01269	0.01333	0.08946	0.00936	0.00871	0.06571	0.04660	0.09219	0.09227	0.02307	0.01799	0.01639	0.01689	0.41919	0.00582	0.00666	0.00452	0.00616
53	0.04578	0.01837	0.01883	0.10609	0.05597	0.19289	0.03607	0.12699	0.07318	0.23221	0.01767	0.01796	0.01247	0.00753	0.00653	0.00202	0.00818	0.00593	0.00559	0.00974
54	0.03944	0.01171	0.01530	0.01618	0.13315	0.01171	0.01072	0.14842	0.01715	0.10591	0.02054	0.03000	0.04093	0.10388	0.01279	0.10749	0.00644	0.09343	0.00514	0.06969
55	0.01903	0.01857	0.01993	0.05466	0.11270	0.19110	0.06638	0.08331	0.04881	0.05571	0.01352	0.01547	0.01060	0.00634	0.00610	0.00167	0.00808	0.00521	0.00425	0.25857
56	0.09540	0.01438	0.01706	0.01513	0.06964	0.01501	0.03283	0.26745	0.08497	0.12012	0.01907	0.07655	0.01562	0.05236	0.00811	0.00229	0.00642	0.00716	0.00591	0.07452
57	0.16589	0.01541	0.01949	0.04671	0.28849	0.04545	0.01405	0.10593	0.06906	0.04881	0.03039	0.01669	0.01206	0.00674	0.00604	0.00193	0.00690	0.00557	0.00448	0.08990
58	0.01725	0.05387	0.07788	0.06261	0.18900	0.03585	0.01441	0.15507	0.10007	0.02589	0.03774	0.01907	0.03577	0.00726	0.00633	0.00187	0.00704	0.00605	0.00465	0.14233
59	0.01739	0.04818	0.06102	0.06096	0.18281	0.14614	0.03721	0.09808	0.03218	0.03704	0.03369	0.10014	0.03948	0.03274	0.00757	0.00215	0.00792	0.00752	0.00441	0.04337

[dist]
# distance from previous block
# <min> <max>
5	46

[block]
# block no. 3 follows, 32 sequences, length 32
# corresponding to MSA columns:
# 206-237
name=unknown_D
#
# <colnr> <probs for GDERKNQSTAVLIFYWHMCP>
#	G	D	E	R	K	N	Q	S	T	A	V	L	I	F	Y	W	H	M	C	P
0	0.04049	0.01676	0.01889	0.03886	0.03714	0.12058	0.07518	0.12880	0.07965	0.16996	0.01679	0.01731	0.01221	0.00695	0.00628	0.00180	0.00737	0.00570	0.00536	0.19391
1	0.01652	0.11581	0.25148	0.01499	0.02116	0.09174	0.03917	0.09027	0.06279	0.04523	0.04314	0.02223	0.09962	0.00822	0.00638	0.00196	0.00788	0.00648	0.00438	0.05056
2	0.01868	0.10268	0.02359	0.13383	0.15888	0.01614	0.08423	0.10256	0.06352	0.11997	0.01544	0.01733	0.01158	0.00669	0.00636	0.00191	0.00748	0.00589	0.00461	0.09863
3	0.02395	0.01802	0.01926	0.01512	0.02022	0.02008	0.01238	0.58274	0.15130	0.03978	0.01809	0.01768	0.01301	0.00824	0.00673	0.00206	0.00702	0.00631	0.00673	0.01127
4	0.02341	0.01775	0.01895	0.01501	0.02001	0.01983	0.01225	0.54164	0.19329	0.03890	0.01878	0.01824	0.01357	0.00830	0.00674	0.00208	0.00689	0.00641	0.00674	0.01122
5	0.01661	0.01594	0.02724	0.04119	0.72233	0.01594	0.02059	0.02059	0.01528	0.02192	0.01262	0.01661	0.01063	0.00598	0.00664	0.00199	0.00797	0.00598	0.00332	0.01063
6	0.00814	0.00681	0.00709	0.00702	0.00919	0.00575	0.00526	0.01004	0.01579	0.01930	0.15511	0.06264	0.63174	0.01655	0.00793	0.00224	0.00337	0.01389	0.00639	0.00575
7	0.01546	0.01353	0.01397	0.01276	0.01601	0.05009	0.00990	0.02982	0.51209	0.02694	0.16245	0.03137	0.02903	0.01028	0.00710	0.00225	0.00526	0.03547	0.00674	0.00946
8	0.00876	0.00640	0.00824	0.00868	0.00980	0.00588	0.00617	0.01090	0.01592	0.02174	0.35452	0.36517	0.11842	0.01726	0.00820	0.00240	0.00351	0.01540	0.00676	0.00588
9	0.01749	0.18646	0.38949	0.01601	0.02343	0.09710	0.01814	0.02261	0.01538	0.10261	0.04199	0.01571	0.01174	0.00683	0.00601	0.00193	0.00881	0.00510	0.00374	0.00943
10	0.01611	0.01543	0.02633	0.13132	0.63612	0.01581	0.02034	0.02015	0.01504	0.02131	0.01253	0.01677	0.01041	0.00607	0.00665	0.00202	0.00810	0.00598	0.00328	0.01022
11	0.01538	0.01663	0.03347	0.02391	0.03050	0.01506	0.53352	0.02040	0.01538	0.02158	0.01318	0.01710	0.01012	0.00549	0.00722	0.00196	0.00980	0.00698	0.00353	0.19879
12	0.01693	0.01674	0.02503	0.10210	0.55189	0.07342	0.01906	0.02189	0.06712	0.02150	0.01347	0.01699	0.01105	0.00635	0.00662	0.00202	0.00819	0.00596	0.00356	0.01011
13	0.06035	0.01697	0.07433	0.01728	0.09885	0.01706	0.01314	0.17783	0.36192	0.05875	0.02099	0.02042	0.01557	0.00812	0.00660	0.00216	0.00645	0.00661	0.00601	0.01060
14	0.02551	0.01879	0.02014	0.01544	0.02081	0.02081	0.01275	0.69996	0.03155	0.04229	0.01611	0.01611	0.01141	0.00805	0.00671	0.00201	0.00738	0.00604	0.00671	0.01141
15	0.00793	0.00680	0.00680	0.00680	0.00906	0.00566	0.00510	0.00963	0.01529	0.01813	0.06797	0.06457	0.71961	0.01699	0.00793	0.00227	0.00340	0.01416	0.00623	0.00566
16	0.00973	0.00660	0.00778	0.00778	0.00793	0.00675	0.00464	0.01005	0.00989	0.01335	0.02072	0.04160	0.02339	0.67005	0.12692	0.00707	0.00802	0.00942	0.00400	0.00432
17	0.01768	0.70814	0.03400	0.01197	0.01725	0.02607	0.01174	0.01978	0.01337	0.01582	0.00929	0.01108	0.00863	0.00622	0.00572	0.00155	0.06656	0.00377	0.00288	0.00851
18	0.01267	0.01193	0.02013	0.74806	0.04621	0.01491	0.01863	0.01714	0.01342	0.01714	0.01193	0.01789	0.00894	0.00671	0.00671	0.00224	0.00894	0.00596	0.00298	0.00745
19	0.00959	0.00719	0.01078	0.01078	0.01198	0.00839	0.00839	0.01198	0.01078	0.01558	0.01797	0.02636	0.01677	0.05032	0.73760	0.01078	0.01797	0.00719	0.00359	0.00599
20	0.02551	0.01879	0.02014	0.01544	0.02081	0.02081	0.01275	0.69996	0.03155	0.04229	0.01611	0.01611	0.01141	0.00805	0.00671	0.00201	0.00738	0.00604	0.00671	0.01141
21	0.02097	0.02194	0.01939	0.01667	0.01942	0.28669	0.01326	0.16333	0.08334	0.02277	0.01263	0.01498	0.01038	0.00894	0.01150	0.00223	0.25312	0.00549	0.00427	0.00865
22	0.01207	0.00821	0.01036	0.00928	0.01140	0.00787	0.00712	0.07795	0.02018	0.06494	0.61693	0.04552	0.05602	0.01291	0.00774	0.00210	0.00369	0.01128	0.00737	0.00707
23	0.01005	0.00741	0.00978	0.01090	0.01254	0.00714	0.00923	0.01278	0.01549	0.01992	0.07790	0.10018	0.17861	0.01807	0.00890	0.00286	0.00536	0.48058	0.00625	0.00605
24	0.02072	0.02382	0.02402	0.02613	0.24805	0.35937	0.08955	0.04600	0.01735	0.01959	0.01154	0.01449	0.00955	0.00681	0.00744	0.00195	0.05581	0.00540	0.00348	0.00893
25	0.01687	0.01649	0.08359	0.16772	0.10706	0.01502	0.27495	0.05672	0.01658	0.10481	0.06011	0.02010	0.01409	0.00691	0.00722	0.00217	0.00898	0.00712	0.00427	0.00920
26	0.12715	0.01625	0.02063	0.16674	0.18082	0.07772	0.05031	0.14191	0.04257	0.09130	0.01433	0.01657	0.01069	0.00692	0.00636	0.00207	0.00791	0.00576	0.00457	0.00943
27	0.04371	0.01449	0.02269	0.02368	0.21844	0.03861	0.13609	0.02149	0.06697	0.10472	0.03315	0.05203	0.01491	0.01214	0.07703	0.00303	0.09610	0.00722	0.00443	0.00908
28	0.01330	0.01227	0.02018	0.21613	0.19558	0.01302	0.07186	0.01699	0.01443	0.02016	0.09567	0.04572	0.01845	0.01172	0.06760	0.00282	0.04709	0.02790	0.00395	0.08515
29	0.06950	0.06337	0.07095	0.01639	0.10723	0.08173	0.01230	0.09020	0.09607	0.08020	0.01619	0.05480	0.01322	0.00740	0.00601	0.00180	0.00682	0.00592	0.00476	0.19515
30	0.01595	0.01496	0.10381	0.04920	0.01828	0.03789	0.01157	0.07193	0.11590	0.09876	0.07494	0.02602	0.04208	0.07397	0.06783	0.00309	0.04005	0.01998	0.00517	0.10862
31	0.09266	0.07506	0.10913	0.01273	0.01725	0.03471	0.01190	0.08918	0.01647	0.09228	0.02186	0.03330	0.04325	0.01243	0.04485	0.00263	0.00730	0.18379	0.00509	0.09412

[dist]
# distance from previous block
# <min> <max>
6	61

[block]
# block no. 4 follows, 32 sequences, length 15
# corresponding to MSA columns:
# 299-313
name=unknown_E
#
# <colnr> <probs for GDERKNQSTAVLIFYWHMCP>
#	G	D	E	R	K	N	Q	S	T	A	V	L	I	F	Y	W	H	M	C	P
0	0.11996	0.01361	0.01574	0.06919	0.10222	0.05601	0.01125	0.07834	0.10081	0.13288	0.04392	0.02275	0.06469	0.01159	0.06568	0.00272	0.00731	0.00663	0.00530	0.06941
1	0.01727	0.01656	0.02018	0.18407	0.20552	0.11495	0.01529	0.10729	0.08962	0.02299	0.03434	0.01926	0.03007	0.00871	0.02706	0.00229	0.03422	0.00624	0.00426	0.03982
2	0.01635	0.01549	0.02532	0.08538	0.59270	0.01596	0.01927	0.02216	0.09818	0.02233	0.01433	0.01770	0.01169	0.00640	0.00667	0.00204	0.00772	0.00617	0.00372	0.01041
3	0.01420	0.01312	0.02182	0.19680	0.42982	0.01376	0.01721	0.01766	0.01416	0.01960	0.01600	0.10770	0.01529	0.06364	0.00891	0.00247	0.00760	0.00782	0.00365	0.00880
4	0.07937	0.01279	0.02065	0.55068	0.17391	0.01512	0.01807	0.01802	0.01361	0.01914	0.01185	0.01706	0.00913	0.00653	0.00648	0.00218	0.00845	0.00577	0.00314	0.00805
5	0.01453	0.01382	0.02348	0.41428	0.36547	0.01540	0.01956	0.01877	0.01430	0.01940	0.01225	0.01728	0.00974	0.00636	0.00668	0.00212	0.00848	0.00597	0.00314	0.00895
6	0.00818	0.00584	0.00779	0.00934	0.00973	0.00545	0.00623	0.00934	0.01285	0.01713	0.03698	0.75981	0.04438	0.02102	0.00856	0.00273	0.00389	0.01908	0.00623	0.00545
7	0.00931	0.00685	0.00871	0.00825	0.00991	0.00625	0.00618	0.01230	0.01855	0.02586	0.64104	0.05185	0.14172	0.01411	0.00792	0.00213	0.00319	0.01238	0.00725	0.00625
8	0.01299	0.01225	0.02071	0.69029	0.10148	0.01499	0.01879	0.01743	0.01357	0.01753	0.01198	0.01778	0.00908	0.00665	0.00670	0.00222	0.00886	0.00596	0.00301	0.00771
9	0.29778	0.01332	0.06564	0.01129	0.01615	0.01196	0.00994	0.02567	0.01545	0.37571	0.01879	0.01836	0.01279	0.01088	0.06556	0.00279	0.00684	0.00557	0.00608	0.00943
10	0.02107	0.39793	0.08086	0.01388	0.01932	0.18827	0.01284	0.09743	0.01734	0.07739	0.01192	0.01291	0.00957	0.00652	0.00533	0.00167	0.00843	0.00439	0.00387	0.00905
11	0.01914	0.28514	0.15153	0.01734	0.06272	0.14002	0.08961	0.02278	0.01573	0.09622	0.03232	0.01516	0.01129	0.00656	0.00586	0.00182	0.00871	0.00515	0.00377	0.00911
12	0.01090	0.00850	0.01137	0.09857	0.01597	0.00906	0.00935	0.01399	0.04897	0.03927	0.08300	0.22664	0.15635	0.03612	0.00997	0.00269	0.06571	0.14142	0.00567	0.00648
13	0.01612	0.21903	0.04730	0.01572	0.05877	0.01675	0.10568	0.05543	0.12038	0.04696	0.09681	0.05554	0.01991	0.00836	0.00638	0.00193	0.00675	0.02509	0.00479	0.07228
14	0.05961	0.01536	0.05403	0.04844	0.13227	0.06355	0.05846	0.12367	0.03632	0.07282	0.02395	0.08039	0.09976	0.00978	0.00693	0.00213	0.00704	0.04887	0.00507	0.05154

[dist]
# distance from previous block
# <min> <max>
17	58

[block]
# block no. 5 follows, 32 sequences, length 13
# corresponding to MSA columns:
# 378-390
name=unknown_F
#
# <colnr> <probs for GDERKNQSTAVLIFYWHMCP>
#	G	D	E	R	K	N	Q	S	T	A	V	L	I	F	Y	W	H	M	C	P
0	0.14903	0.04319	0.08618	0.01537	0.06638	0.12404	0.03422	0.05227	0.04333	0.02313	0.07332	0.04909	0.03907	0.01052	0.00686	0.00227	0.00729	0.16175	0.00483	0.00787
1	0.14411	0.08024	0.01547	0.01186	0.01546	0.06491	0.00948	0.19422	0.07553	0.05753	0.07498	0.15753	0.05036	0.01077	0.00654	0.00213	0.00597	0.00868	0.00576	0.00846
2	0.21466	0.20545	0.09689	0.01234	0.01759	0.01832	0.01154	0.11738	0.12232	0.06316	0.01706	0.01733	0.04531	0.00745	0.00552	0.00195	0.00647	0.00538	0.00477	0.00912
3	0.08737	0.31538	0.19686	0.01321	0.01927	0.01898	0.01375	0.05096	0.06334	0.08385	0.03635	0.01651	0.01252	0.03747	0.00662	0.00203	0.00726	0.00512	0.00409	0.00906
4	0.01529	0.32776	0.35619	0.01502	0.02222	0.01932	0.01728	0.04721	0.01454	0.01953	0.01333	0.07910	0.01185	0.00749	0.00575	0.00190	0.00817	0.00570	0.00331	0.00905
5	0.04539	0.39928	0.17135	0.01260	0.01809	0.04852	0.01302	0.01865	0.01433	0.01866	0.07725	0.08605	0.03558	0.00837	0.00561	0.00182	0.00711	0.00638	0.00374	0.00822
6	0.05790	0.19251	0.06565	0.01269	0.01727	0.01492	0.07161	0.07978	0.01676	0.13265	0.08846	0.04186	0.10211	0.04782	0.00787	0.00223	0.00646	0.02781	0.00522	0.00843
7	0.02232	0.01974	0.10828	0.01521	0.02086	0.01889	0.01363	0.53311	0.06227	0.03724	0.01977	0.01969	0.06081	0.00852	0.00676	0.00206	0.00732	0.00655	0.00620	0.01078
8	0.46064	0.04880	0.15264	0.01230	0.01772	0.07989	0.01186	0.06869	0.01452	0.06315	0.01131	0.01261	0.00845	0.00653	0.00507	0.00203	0.00698	0.00428	0.00417	0.00838
9	0.09211	0.32924	0.19263	0.01321	0.01977	0.01943	0.01383	0.08117	0.01540	0.04799	0.01156	0.01292	0.00918	0.00614	0.00517	0.00168	0.00731	0.00430	0.00367	0.11328
10	0.01678	0.40981	0.31107	0.01505	0.02226	0.08530	0.01693	0.02115	0.01432	0.01803	0.01050	0.01224	0.00857	0.00610	0.00529	0.00174	0.00871	0.00420	0.00291	0.00906
11	0.00982	0.00891	0.05646	0.01111	0.01289	0.00866	0.00925	0.01263	0.01173	0.01695	0.08025	0.02771	0.02041	0.04425	0.62571	0.00946	0.01613	0.00749	0.00388	0.00627
12	0.01384	0.02996	0.55725	0.01982	0.02844	0.01564	0.11444	0.02142	0.04266	0.02136	0.01373	0.01766	0.01045	0.00704	0.00717	0.00221	0.03124	0.03285	0.00321	0.00960

[dist]
# distance from previous block
# <min> <max>
0	3

[block]
# block no. 6 follows, 32 sequences, length 7
# corresponding to MSA columns:
# 394-400
name=unknown_G
#
# <colnr> <probs for GDERKNQSTAVLIFYWHMCP>
#	G	D	E	R	K	N	Q	S	T	A	V	L	I	F	Y	W	H	M	C	P
0	0.01546	0.02803	0.46669	0.02130	0.09862	0.01635	0.07811	0.08989	0.07742	0.02403	0.01398	0.01589	0.01020	0.00668	0.00660	0.00213	0.00918	0.00565	0.00367	0.01013
1	0.09679	0.01491	0.02015	0.21048	0.09172	0.01724	0.04895	0.18081	0.08892	0.04850	0.01445	0.01715	0.01098	0.00778	0.00844	0.00223	0.10069	0.00603	0.00458	0.00918
2	0.01902	0.01227	0.01426	0.01208	0.01581	0.01287	0.00957	0.12315	0.26572	0.18912	0.21600	0.03017	0.03011	0.01004	0.00709	0.00215	0.00511	0.00843	0.00730	0.00973
3	0.01854	0.01615	0.01793	0.01412	0.01896	0.11070	0.07066	0.09076	0.12849	0.08797	0.03915	0.01806	0.01393	0.00712	0.00678	0.00172	0.03665	0.00575	0.00505	0.29149
4	0.08330	0.06977	0.27359	0.01466	0.02110	0.01329	0.05795	0.02162	0.01532	0.16422	0.07350	0.06069	0.01676	0.00797	0.00635	0.00201	0.00726	0.00660	0.00475	0.07932
5	0.01240	0.01025	0.04743	0.01203	0.05293	0.00903	0.00915	0.09402	0.01777	0.05299	0.20459	0.18171	0.17429	0.01454	0.00784	0.00234	0.00486	0.07827	0.00632	0.00725
6	0.02166	0.38634	0.02688	0.01437	0.01905	0.34829	0.01224	0.06685	0.01722	0.01778	0.01024	0.01171	0.00881	0.00642	0.00525	0.00161	0.00942	0.00408	0.00338	0.00841

[dist]
# distance from previous block
# <min> <max>
0	1

[block]
# block no. 7 follows, 32 sequences, length 55
# corresponding to MSA columns:
# 402-456
name=unknown_H
#
# <colnr> <probs for GDERKNQSTAVLIFYWHMCP>
#	G	D	E	R	K	N	Q	S	T	A	V	L	I	F	Y	W	H	M	C	P
0	0.01729	0.68006	0.05336	0.01152	0.01699	0.02476	0.01141	0.01996	0.03343	0.01614	0.01062	0.01323	0.00988	0.05061	0.00620	0.00178	0.00716	0.00411	0.00305	0.00844
1	0.01749	0.43538	0.23338	0.01372	0.02042	0.02083	0.01500	0.02189	0.03672	0.08557	0.03475	0.01460	0.01145	0.00653	0.00533	0.00174	0.00765	0.00468	0.00364	0.00925
2	0.01571	0.05840	0.10866	0.02650	0.03354	0.01732	0.59499	0.02140	0.01556	0.02117	0.01320	0.01733	0.00993	0.00573	0.00758	0.00221	0.01096	0.00740	0.00331	0.00911
3	0.00944	0.00743	0.00860	0.00827	0.01026	0.00691	0.00621	0.01329	0.07495	0.02326	0.38513	0.07821	0.31364	0.01486	0.00785	0.00221	0.00346	0.01278	0.00685	0.00640
4	0.00825	0.00587	0.00776	0.00925	0.00962	0.00550	0.00613	0.00936	0.01271	0.01694	0.03626	0.72719	0.04347	0.05489	0.00973	0.00290	0.00401	0.01865	0.00613	0.00539
5	0.01550	0.01912	0.14753	0.02943	0.31624	0.01606	0.17933	0.02173	0.08048	0.02187	0.01589	0.01893	0.03596	0.00693	0.00771	0.00216	0.04496	0.00670	0.00367	0.00980
6	0.00976	0.00651	0.00732	0.00732	0.00732	0.00651	0.00407	0.00976	0.00976	0.01301	0.02114	0.04391	0.02439	0.76419	0.03415	0.00651	0.00651	0.00976	0.00407	0.00407
7	0.00809	0.00615	0.00746	0.00851	0.00951	0.00552	0.00586	0.00944	0.01365	0.01745	0.04712	0.53241	0.26523	0.01970	0.00836	0.00257	0.00373	0.01747	0.00623	0.00552
8	0.02506	0.03198	0.01901	0.01729	0.02074	0.73725	0.01296	0.02679	0.01901	0.01642	0.01037	0.01210	0.00864	0.00691	0.00605	0.00173	0.01210	0.00432	0.00346	0.00778
9	0.03879	0.09422	0.36715	0.01618	0.02315	0.05441	0.01767	0.02625	0.24906	0.02306	0.01678	0.01732	0.01252	0.00726	0.00626	0.00209	0.00809	0.00565	0.00425	0.00985
10	0.02891	0.01334	0.01676	0.01285	0.01809	0.01271	0.01062	0.20661	0.02242	0.54853	0.02377	0.02108	0.01525	0.00824	0.00674	0.00206	0.00615	0.00656	0.00789	0.01142
11	0.04275	0.56118	0.15391	0.01281	0.01894	0.04484	0.01349	0.02003	0.01378	0.01728	0.01100	0.04304	0.01006	0.00655	0.00489	0.00164	0.00760	0.00450	0.00307	0.00864
12	0.01778	0.01203	0.05531	0.01083	0.01542	0.00974	0.00920	0.04562	0.07137	0.23496	0.11625	0.03090	0.14265	0.00967	0.00668	0.00188	0.00510	0.00802	0.00635	0.19022
13	0.08229	0.05297	0.01771	0.06265	0.14303	0.04571	0.01203	0.19148	0.01929	0.05653	0.10347	0.14218	0.02247	0.01012	0.00679	0.00212	0.00644	0.00854	0.00540	0.00879
14	0.01794	0.76823	0.03516	0.01148	0.01722	0.02655	0.01148	0.02009	0.01363	0.01579	0.00933	0.01076	0.00861	0.00574	0.00431	0.00144	0.00718	0.00359	0.00287	0.00861
15	0.00812	0.00636	0.00736	0.00805	0.00942	0.00560	0.00568	0.00965	0.01435	0.01810	0.08562	0.38363	0.37687	0.01869	0.00822	0.00247	0.00361	0.01632	0.00629	0.00560
16	0.02795	0.01246	0.01601	0.01255	0.01754	0.01166	0.01038	0.13433	0.04377	0.56198	0.02538	0.02462	0.01708	0.00882	0.00688	0.00213	0.00598	0.04147	0.00790	0.01112
17	0.01824	0.73713	0.03448	0.01173	0.01737	0.05657	0.01154	0.02037	0.01386	0.01581	0.00937	0.01082	0.00861	0.00579	0.00438	0.00145	0.00738	0.00362	0.00290	0.00858
18	0.00816	0.00588	0.00775	0.00924	0.00970	0.00546	0.00618	0.00935	0.01295	0.01717	0.03826	0.73121	0.07216	0.02086	0.00854	0.00271	0.00387	0.01887	0.00623	0.00546
19	0.24552	0.01328	0.01487	0.01175	0.01669	0.01341	0.00970	0.15812	0.01944	0.40172	0.01973	0.01823	0.01302	0.00768	0.00602	0.00206	0.00589	0.00575	0.00685	0.01027
20	0.01606	0.46084	0.32610	0.01468	0.02217	0.02195	0.01706	0.02058	0.01386	0.01808	0.01047	0.01219	0.00856	0.00601	0.00517	0.00172	0.00832	0.00416	0.00285	0.00916
21	0.01617	0.01280	0.01378	0.01236	0.01594	0.01420	0.00962	0.03083	0.53160	0.07894	0.06847	0.03136	0.11406	0.01032	0.00702	0.00225	0.00498	0.00862	0.00689	0.00981
22	0.02072	0.01638	0.01719	0.01401	0.01874	0.04065	0.01123	0.30393	0.30601	0.05790	0.02039	0.01962	0.01505	0.00810	0.00654	0.00200	0.00635	0.00640	0.00640	0.10241
23	0.00918	0.00679	0.00822	0.00875	0.00993	0.00644	0.00642	0.01077	0.01352	0.01741	0.07466	0.16704	0.23368	0.20445	0.05267	0.00399	0.00556	0.14952	0.00560	0.00539
24	0.05770	0.24071	0.32205	0.01650	0.04552	0.01940	0.01755	0.05433	0.01447	0.04502	0.01145	0.01355	0.00900	0.00697	0.00760	0.00201	0.09884	0.00475	0.00332	0.00924
25	0.01640	0.01573	0.02687	0.07788	0.68723	0.01589	0.02049	0.02041	0.01518	0.02167	0.01259	0.01667	0.01054	0.00602	0.00665	0.00201	0.00802	0.00598	0.00330	0.01046
26	0.03010	0.01142	0.01557	0.01194	0.01713	0.00986	0.00986	0.03270	0.01920	0.72698	0.02647	0.02284	0.01661	0.00830	0.00675	0.00208	0.00571	0.00675	0.00830	0.01142
27	0.01985	0.02112	0.07180	0.02473	0.18931	0.19068	0.17700	0.08130	0.03562	0.07819	0.01476	0.03838	0.01169	0.00704	0.00686	0.00204	0.00947	0.00646	0.00420	0.00949
28	0.01130	0.00732	0.00908	0.00924	0.01109	0.00668	0.00696	0.01373	0.03357	0.10037	0.13696	0.28766	0.23331	0.01685	0.00812	0.00247	0.00415	0.08796	0.00663	0.00653
29	0.00848	0.00675	0.00761	0.00754	0.00944	0.00588	0.00560	0.01065	0.01639	0.02107	0.28886	0.10881	0.44687	0.01616	0.00797	0.00224	0.00335	0.01381	0.00663	0.00588
30	0.01055	0.00772	0.01011	0.00904	0.01140	0.00685	0.04197	0.01322	0.01734	0.06936	0.37235	0.05252	0.32374	0.01427	0.00784	0.00218	0.00385	0.01238	0.00677	0.00654
31	0.02328	0.01816	0.05175	0.02036	0.16003	0.01858	0.01452	0.45780	0.05044	0.09273	0.01648	0.01699	0.01187	0.00763	0.00669	0.00203	0.00740	0.00609	0.00600	0.01116
32	0.04005	0.01728	0.06204	0.08793	0.23832	0.11325	0.01572	0.04954	0.01543	0.05737	0.01487	0.05251	0.01304	0.00859	0.00898	0.00220	0.12276	0.03461	0.03674	0.00879
33	0.01267	0.01193	0.02013	0.74806	0.04621	0.01491	0.01863	0.01714	0.01342	0.01714	0.01193	0.01789	0.00894	0.00671	0.00671	0.00224	0.00894	0.00596	0.00298	0.00745
34	0.01403	0.01203	0.01397	0.01010	0.01597	0.00928	0.00807	0.01771	0.04410	0.02213	0.01259	0.01440	0.01040	0.00515	0.00505	0.00105	0.00498	0.00413	0.00410	0.77076
35	0.00971	0.00670	0.00832	0.00832	0.00866	0.00705	0.00531	0.01040	0.01005	0.01375	0.02023	0.03885	0.02220	0.55853	0.23681	0.00774	0.00981	0.00902	0.00393	0.00462
36	0.04604	0.01877	0.08237	0.05704	0.11846	0.08054	0.03703	0.23815	0.07763	0.15149	0.01698	0.01755	0.01215	0.00745	0.00659	0.00205	0.00779	0.00602	0.00552	0.01038
37	0.02454	0.11205	0.02189	0.01511	0.02036	0.08324	0.01262	0.55839	0.02827	0.03680	0.01478	0.01511	0.01083	0.00767	0.00636	0.00192	0.00776	0.00559	0.00596	0.01075
38	0.00816	0.00590	0.00772	0.00917	0.00969	0.00546	0.00615	0.00936	0.01301	0.01720	0.03909	0.71263	0.09020	0.02075	0.00852	0.00269	0.00386	0.01874	0.00623	0.00546
39	0.04450	0.13753	0.09646	0.01279	0.01668	0.07999	0.01153	0.05725	0.05100	0.07159	0.07720	0.02245	0.03823	0.01944	0.19938	0.00429	0.04069	0.00648	0.00446	0.00807
40	0.02145	0.05170	0.13110	0.01584	0.02151	0.01488	0.10389	0.16835	0.03613	0.24800	0.02094	0.05977	0.03683	0.00856	0.00730	0.00214	0.02844	0.00723	0.00585	0.01010
41	0.00976	0.00651	0.00732	0.00732	0.00732	0.00651	0.00407	0.00976	0.00976	0.01301	0.02114	0.04391	0.02439	0.76419	0.03415	0.00651	0.00651	0.00976	0.00407	0.00407
42	0.09482	0.01502	0.01814	0.01529	0.05063	0.03634	0.07099	0.28608	0.04019	0.13309	0.06241	0.06575	0.06285	0.00928	0.00682	0.00211	0.00668	0.00772	0.00615	0.00963
43	0.01807	0.10952	0.05017	0.02137	0.05551	0.08939	0.32869	0.04287	0.03706	0.08814	0.01719	0.04121	0.03094	0.00743	0.00708	0.00211	0.00928	0.03071	0.00424	0.00901
44	0.01463	0.01122	0.03360	0.04822	0.04770	0.01095	0.06607	0.04237	0.12292	0.09989	0.02849	0.18278	0.02802	0.01367	0.00798	0.00257	0.00629	0.21862	0.00597	0.00805
45	0.01711	0.41515	0.24752	0.01603	0.04255	0.09090	0.04727	0.02117	0.01446	0.01797	0.01055	0.01245	0.00871	0.00605	0.00534	0.00173	0.00871	0.00435	0.00295	0.00901
46	0.00953	0.00641	0.00739	0.00761	0.00767	0.00635	0.00438	0.00970	0.01020	0.01360	0.02343	0.14722	0.02728	0.65694	0.03046	0.00596	0.00613	0.01110	0.00438	0.00427
47	0.01473	0.01491	0.08462	0.01350	0.01718	0.07819	0.07058	0.09501	0.06217	0.04802	0.12332	0.17395	0.08050	0.03040	0.00804	0.00231	0.00648	0.02985	0.00557	0.04067
48	0.01809	0.10768	0.04306	0.01445	0.04272	0.05795	0.01154	0.07071	0.40846	0.06236	0.04217	0.02147	0.01764	0.00821	0.00639	0.00204	0.00624	0.00660	0.00585	0.04636
49	0.01544	0.06669	0.43743	0.02409	0.20422	0.04202	0.02179	0.04898	0.01518	0.02167	0.01205	0.01464	0.00918	0.00650	0.00684	0.00206	0.03293	0.00520	0.00314	0.00993
50	0.06104	0.19962	0.24670	0.01823	0.10471	0.06529	0.01668	0.11941	0.01719	0.07312	0.01282	0.01424	0.00971	0.00658	0.00586	0.00190	0.00827	0.00493	0.00395	0.00973
51	0.04222	0.02710	0.47554	0.01967	0.10385	0.01483	0.02043	0.02225	0.07420	0.04780	0.03618	0.01669	0.01183	0.00678	0.00635	0.00206	0.00850	0.00549	0.00368	0.05453
52	0.01568	0.04279	0.15964	0.01779	0.11563	0.01328	0.05323	0.13166	0.01798	0.07256	0.09461	0.15240	0.06268	0.01060	0.00714	0.00218	0.00680	0.00926	0.00522	0.00888
53	0.05350	0.07529	0.23618	0.01971	0.11846	0.01505	0.09221	0.02243	0.03477	0.13107	0.03320	0.01714	0.01211	0.00682	0.00686	0.00199	0.03369	0.00575	0.00421	0.07954
54	0.04817	0.01751	0.07799	0.02616	0.30395	0.05757	0.07999	0.06330	0.04097	0.15016	0.01558	0.01731	0.01161	0.00663	0.00655	0.00198	0.00787	0.00598	0.00458	0.05611

[dist]
# distance from previous block
# <min> <max>
0	20

[block]
# block no. 8 follows, 32 sequences, length 56
# corresponding to MSA columns:
# 477-532
name=unknown_I
#
# <colnr> <probs for GDERKNQSTAVLIFYWHMCP>
#	G	D	E	R	K	N	Q	S	T	A	V	L	I	F	Y	W	H	M	C	P
0	0.17678	0.01564	0.02039	0.10538	0.29977	0.07132	0.03537	0.02182	0.06380	0.05112	0.01328	0.01594	0.01048	0.00641	0.00604	0.00197	0.00745	0.00543	0.00396	0.06764
1	0.18495	0.01441	0.02067	0.18278	0.33749	0.01577	0.01616	0.04519	0.07768	0.02391	0.01323	0.01642	0.01047	0.00655	0.00615	0.00209	0.00733	0.00563	0.00386	0.00926
2	0.13863	0.01465	0.01892	0.18062	0.19134	0.03511	0.01437	0.14468	0.06765	0.05473	0.06276	0.01897	0.01441	0.00743	0.00638	0.00209	0.00715	0.00615	0.00473	0.00922
3	0.07840	0.01339	0.01873	0.36340	0.10310	0.01545	0.01527	0.07342	0.15380	0.07475	0.01623	0.01886	0.01203	0.00729	0.00653	0.00218	0.00748	0.00617	0.00454	0.00898
4	0.04185	0.01263	0.01966	0.54153	0.10161	0.01515	0.01715	0.04749	0.06909	0.01989	0.01352	0.01834	0.01035	0.00852	0.03428	0.00253	0.00871	0.00606	0.00354	0.00810
5	0.13247	0.01336	0.01917	0.35724	0.14131	0.01518	0.01556	0.07743	0.01527	0.07064	0.01290	0.01656	0.00974	0.00685	0.00679	0.00211	0.03383	0.00559	0.00393	0.04406
6	0.31503	0.01467	0.01468	0.07205	0.04786	0.07043	0.01045	0.11628	0.04601	0.15756	0.03443	0.01842	0.04027	0.00768	0.00580	0.00207	0.00643	0.00567	0.00536	0.00885
7	0.04760	0.01645	0.02234	0.01778	0.04988	0.09881	0.19103	0.09107	0.01750	0.11358	0.04451	0.01809	0.01323	0.00810	0.02882	0.00212	0.02557	0.00617	0.00468	0.18266
8	0.01655	0.01654	0.02593	0.05410	0.08336	0.06249	0.27887	0.06854	0.14948	0.02348	0.01738	0.04964	0.01422	0.00753	0.00713	0.00211	0.00854	0.02512	0.00450	0.08450
9	0.01751	0.01420	0.02349	0.08825	0.51339	0.01418	0.01775	0.02119	0.01573	0.11883	0.04547	0.05021	0.01498	0.00732	0.00680	0.00206	0.00736	0.00689	0.00428	0.01010
10	0.01789	0.01879	0.02409	0.08873	0.46058	0.16807	0.01804	0.02128	0.01564	0.02013	0.01189	0.01556	0.00997	0.00645	0.00714	0.00196	0.04192	0.00554	0.00333	0.04301
11	0.01531	0.33824	0.44214	0.01596	0.02415	0.02012	0.01928	0.02077	0.01395	0.01899	0.01092	0.01276	0.00855	0.00611	0.00552	0.00184	0.00878	0.00439	0.00285	0.00938
12	0.51291	0.01543	0.01335	0.01128	0.01570	0.04734	0.00920	0.20113	0.06747	0.03260	0.01247	0.01335	0.00937	0.00695	0.00510	0.00206	0.00607	0.00458	0.00499	0.00863
13	0.01487	0.02859	0.55950	0.01702	0.02534	0.01373	0.02079	0.02129	0.01473	0.10670	0.01796	0.07201	0.04176	0.00813	0.00665	0.00217	0.00869	0.00659	0.00389	0.00959
14	0.01470	0.01399	0.02378	0.38432	0.39413	0.01544	0.01964	0.01892	0.01437	0.01960	0.01228	0.01723	0.00981	0.00633	0.00667	0.00211	0.00844	0.00597	0.00316	0.00909
15	0.00900	0.00654	0.00819	0.00886	0.00980	0.00620	0.00629	0.01057	0.01369	0.01810	0.12901	0.30489	0.14758	0.16343	0.04264	0.00367	0.00506	0.09519	0.00586	0.00545
16	0.00822	0.00592	0.00780	0.00920	0.00972	0.00550	0.00619	0.00949	0.01320	0.01758	0.06687	0.70211	0.07226	0.02055	0.00851	0.00268	0.00384	0.01859	0.00628	0.00550
