[name]
unknown

[dist]
# distance from previous block
# <min> <max>
0	25

[block]
# block no. 0 follows, 28 sequences, length 26
# corresponding to MSA columns:
# 25-50
name=unknown_A
#
# <colnr> <probs for GDERKNQSTAVLIFYWHMCP>
#	G	D	E	R	K	N	Q	S	T	A	V	L	I	F	Y	W	H	M	C	P
0	0.08983	0.18007	0.04792	0.08741	0.07318	0.09657	0.01324	0.05074	0.01767	0.09123	0.10596	0.02342	0.01966	0.00862	0.00655	0.00206	0.00769	0.03177	0.00497	0.04145
1	0.08762	0.04198	0.02033	0.20379	0.05702	0.12936	0.03429	0.05896	0.04323	0.08289	0.01474	0.01815	0.01149	0.01056	0.03904	0.03518	0.06075	0.00604	0.00442	0.04018
2	0.01513	0.01218	0.04325	0.11750	0.05547	0.01169	0.04038	0.05660	0.06350	0.06218	0.07847	0.07808	0.05002	0.04550	0.04454	0.14367	0.00746	0.00871	0.00508	0.06059
3	0.14297	0.04506	0.07557	0.10661	0.03728	0.18553	0.03322	0.05518	0.04374	0.02316	0.01850	0.07957	0.04689	0.03607	0.00782	0.00237	0.00869	0.00726	0.00449	0.04003
4	0.02006	0.01917	0.02784	0.12228	0.35930	0.11140	0.10540	0.05331	0.01802	0.07166	0.01462	0.01818	0.01143	0.00695	0.00731	0.00220	0.00965	0.00657	0.00413	0.01053
5	0.01007	0.00652	0.00877	0.00961	0.01020	0.00614	0.00653	0.01031	0.01349	0.01796	0.09919	0.40919	0.09254	0.02236	0.01472	0.23133	0.00471	0.01532	0.00583	0.00522
6	0.10142	0.00928	0.01118	0.01123	0.04006	0.00892	0.00796	0.01749	0.03519	0.12756	0.20657	0.18882	0.14110	0.04922	0.00933	0.00267	0.00474	0.01262	0.00694	0.00770
7	0.01114	0.00973	0.01369	0.01212	0.01488	0.00919	0.09465	0.01583	0.09300	0.02275	0.15991	0.18578	0.29682	0.01606	0.00858	0.00252	0.00511	0.01430	0.00663	0.00731
8	0.14719	0.01417	0.01606	0.01286	0.01778	0.01442	0.01050	0.19748	0.05182	0.30209	0.08638	0.02581	0.05243	0.00960	0.00704	0.00225	0.00618	0.00754	0.00757	0.01082
9	0.11523	0.00946	0.01032	0.00983	0.01226	0.00949	0.00742	0.06844	0.04505	0.02679	0.25316	0.18076	0.19413	0.01543	0.00802	0.00245	0.00440	0.01315	0.00692	0.00728
10	0.11879	0.00935	0.01015	0.00987	0.01224	0.00937	0.00734	0.04004	0.07066	0.05333	0.13997	0.23088	0.19873	0.04536	0.00916	0.00270	0.00462	0.01345	0.00670	0.00728
11	0.00909	0.00738	0.00806	0.00789	0.01012	0.00635	0.00592	0.01140	0.01775	0.02244	0.25668	0.06535	0.51146	0.01736	0.00859	0.00241	0.00361	0.01469	0.00712	0.00635
12	0.05300	0.01068	0.01237	0.01130	0.01397	0.01098	0.00849	0.09942	0.11003	0.10686	0.15863	0.20245	0.03528	0.08091	0.01051	0.00286	0.00525	0.01178	0.04681	0.00840
13	0.05178	0.01147	0.01300	0.01166	0.01449	0.01189	0.00880	0.17096	0.07355	0.08097	0.11773	0.20873	0.07982	0.09783	0.01132	0.00299	0.00562	0.01205	0.00689	0.00843
14	0.01122	0.00857	0.01032	0.01082	0.01234	0.00863	0.00771	0.04172	0.12257	0.02285	0.11667	0.47003	0.09058	0.01892	0.00877	0.00273	0.00448	0.01686	0.00702	0.00718
15	0.01057	0.00705	0.00793	0.00793	0.00793	0.00705	0.00440	0.01057	0.01057	0.01409	0.02290	0.04757	0.02643	0.74454	0.03700	0.00705	0.00705	0.01057	0.00440	0.00440
16	0.05168	0.00816	0.00954	0.00951	0.01143	0.00773	0.00688	0.01485	0.04841	0.07531	0.17114	0.26346	0.20097	0.07446	0.01067	0.00291	0.00446	0.01463	0.00690	0.00690
17	0.01092	0.00792	0.00957	0.00987	0.01160	0.00754	0.00714	0.01453	0.07677	0.05068	0.14605	0.34076	0.21193	0.01997	0.03710	0.00300	0.00480	0.01595	0.00698	0.00692
18	0.08061	0.00770	0.00824	0.00809	0.00878	0.00782	0.00497	0.01207	0.01191	0.01768	0.07447	0.04467	0.04973	0.56474	0.02950	0.00585	0.00636	0.01015	0.04159	0.00507
19	0.01641	0.01836	0.05779	0.15346	0.05259	0.04687	0.25329	0.02060	0.01463	0.02020	0.01235	0.01780	0.01014	0.00872	0.01345	0.00266	0.26133	0.00707	0.00340	0.00888
20	0.01285	0.00960	0.01374	0.01230	0.01500	0.00897	0.08550	0.01660	0.06382	0.08229	0.10383	0.23170	0.22343	0.04522	0.00976	0.00277	0.00545	0.04304	0.00665	0.00746
21	0.16096	0.01004	0.01130	0.04422	0.01425	0.01085	0.00839	0.06812	0.01573	0.02438	0.09656	0.19832	0.08036	0.10264	0.04364	0.00348	0.03343	0.03426	0.03206	0.00701
22	0.01832	0.01275	0.01387	0.01230	0.01536	0.06105	0.00941	0.07806	0.13150	0.13532	0.09000	0.05940	0.05276	0.09807	0.04483	0.07222	0.00702	0.04159	0.00637	0.03983
23	0.12262	0.01908	0.06173	0.12684	0.09025	0.11898	0.04125	0.04210	0.05320	0.02373	0.01324	0.01629	0.01058	0.00733	0.00776	0.00207	0.06607	0.00554	0.00409	0.16725
24	0.08457	0.01564	0.01650	0.05332	0.01913	0.07234	0.01135	0.18631	0.07940	0.07644	0.04838	0.02591	0.05704	0.07444	0.06731	0.00344	0.06474	0.00752	0.00575	0.03046
25	0.08514	0.01448	0.10813	0.01218	0.01557	0.03761	0.01067	0.06405	0.01590	0.05516	0.05172	0.14173	0.12697	0.10943	0.09579	0.00412	0.02784	0.01049	0.00538	0.00764

[dist]
# distance from previous block
# <min> <max>
5	28

[block]
# block no. 1 follows, 28 sequences, length 20
# corresponding to MSA columns:
# 81-100
name=unknown_B
#
# <colnr> <probs for GDERKNQSTAVLIFYWHMCP>
#	G	D	E	R	K	N	Q	S	T	A	V	L	I	F	Y	W	H	M	C	P
0	0.05765	0.01726	0.07298	0.14325	0.02494	0.10120	0.07607	0.09530	0.01814	0.04641	0.09272	0.06688	0.03751	0.10517	0.01128	0.00292	0.00844	0.00854	0.00501	0.00835
1	0.01748	0.10787	0.04534	0.31763	0.06206	0.04598	0.05976	0.06547	0.05347	0.06380	0.03398	0.02125	0.01376	0.05177	0.00881	0.00253	0.00887	0.00675	0.00433	0.00908
2	0.06885	0.01629	0.10606	0.18074	0.08123	0.01426	0.03476	0.04604	0.05598	0.04760	0.04334	0.02058	0.01442	0.01285	0.08926	0.00320	0.00925	0.00641	0.00441	0.14449
3	0.02192	0.01802	0.01844	0.01504	0.01947	0.08606	0.01199	0.36845	0.02561	0.03399	0.04179	0.12600	0.01893	0.01070	0.00821	0.00218	0.04702	0.00839	0.00626	0.11154
4	0.10711	0.01495	0.02252	0.21200	0.04984	0.01726	0.11657	0.10747	0.01670	0.02455	0.01574	0.08770	0.01402	0.01087	0.02880	0.00279	0.13011	0.00790	0.00436	0.00873
5	0.00945	0.00728	0.00863	0.00855	0.01041	0.00646	0.00631	0.01199	0.01821	0.02413	0.37150	0.14032	0.31615	0.01719	0.00866	0.00243	0.00362	0.01490	0.00736	0.00646
6	0.01660	0.01583	0.04761	0.13052	0.06828	0.06721	0.08400	0.08110	0.09174	0.05391	0.11150	0.03325	0.14629	0.01059	0.00776	0.00233	0.00758	0.00922	0.00564	0.00906
7	0.01536	0.01459	0.02475	0.46587	0.29851	0.01658	0.02100	0.02000	0.01531	0.02055	0.01321	0.01885	0.01039	0.00696	0.00724	0.00232	0.00929	0.00647	0.00337	0.00939
8	0.01096	0.01000	0.03641	0.01214	0.01482	0.00875	0.09765	0.01405	0.01704	0.02306	0.29209	0.07422	0.19158	0.09582	0.06575	0.00360	0.00657	0.01236	0.00622	0.00690
9	0.01340	0.01305	0.05535	0.11863	0.04680	0.01237	0.03940	0.01670	0.01376	0.01998	0.01790	0.04686	0.03780	0.06575	0.15746	0.00437	0.08519	0.00725	0.02229	0.20569
10	0.02715	0.03464	0.02060	0.01873	0.02247	0.71536	0.01404	0.02903	0.02060	0.01779	0.01124	0.01311	0.00936	0.00749	0.00655	0.00187	0.01311	0.00468	0.00375	0.00843
11	0.09468	0.04625	0.06863	0.05632	0.08715	0.09166	0.05346	0.06834	0.05321	0.02395	0.01716	0.11227	0.01585	0.00992	0.00850	0.02358	0.05247	0.00768	0.00457	0.10435
12	0.01917	0.71068	0.07404	0.01288	0.01934	0.02812	0.01321	0.02183	0.01480	0.01742	0.01026	0.01186	0.00932	0.00626	0.00478	0.00159	0.00793	0.00397	0.00311	0.00940
13	0.02989	0.01179	0.01590	0.01239	0.01759	0.01019	0.01016	0.03269	0.02055	0.62428	0.07231	0.02909	0.05907	0.00989	0.00746	0.00226	0.00588	0.00812	0.00881	0.01168
14	0.02763	0.02036	0.02182	0.01672	0.02254	0.02254	0.01382	0.67496	0.03418	0.04581	0.01745	0.01745	0.01236	0.00873	0.00727	0.00218	0.00800	0.00654	0.00727	0.01236
15	0.00884	0.00639	0.00837	0.00996	0.01050	0.00592	0.00667	0.01014	0.01408	0.01862	0.04208	0.69964	0.08693	0.02251	0.00924	0.00292	0.00419	0.02035	0.00675	0.00592
16	0.02388	0.04822	0.02073	0.01574	0.02041	0.04361	0.04908	0.36060	0.02548	0.12149	0.01998	0.02585	0.01628	0.09500	0.01142	0.00285	0.03268	0.04975	0.00648	0.01049
17	0.01608	0.01124	0.01264	0.05077	0.01590	0.03702	0.00884	0.09347	0.02012	0.12851	0.18930	0.04627	0.28236	0.01349	0.00796	0.00227	0.00528	0.01126	0.00701	0.04021
18	0.01507	0.01292	0.01507	0.01077	0.01723	0.00969	0.00861	0.01830	0.01507	0.02369	0.01292	0.01507	0.01077	0.00538	0.00538	0.00108	0.00538	0.00431	0.00431	0.78898
19	0.01037	0.00727	0.00937	0.00949	0.01001	0.00772	0.00633	0.01144	0.01123	0.01546	0.02289	0.09171	0.02494	0.43321	0.28862	0.00848	0.01148	0.01028	0.00439	0.00530

[dist]
# distance from previous block
# <min> <max>
0	1

[block]
# block no. 2 follows, 28 sequences, length 22
# corresponding to MSA columns:
# 102-114,116-124
name=unknown_C
#
# <colnr> <probs for GDERKNQSTAVLIFYWHMCP>
#	G	D	E	R	K	N	Q	S	T	A	V	L	I	F	Y	W	H	M	C	P
0	0.00886	0.00633	0.00843	0.01012	0.01054	0.00590	0.00675	0.01012	0.01392	0.01856	0.04006	0.73979	0.04808	0.02277	0.00928	0.00295	0.00422	0.02066	0.00675	0.00590
1	0.01857	0.62267	0.15679	0.01391	0.02093	0.02665	0.01500	0.02199	0.01487	0.01815	0.01063	0.01231	0.00931	0.00634	0.00506	0.00169	0.00830	0.00415	0.00310	0.00958
2	0.01817	0.01673	0.02872	0.10921	0.58146	0.01692	0.04640	0.02255	0.01656	0.05250	0.01428	0.01848	0.01160	0.00665	0.00726	0.00220	0.00877	0.00659	0.00380	0.01115
3	0.00924	0.00729	0.00837	0.00856	0.01048	0.00641	0.00639	0.01149	0.01722	0.02204	0.22617	0.16292	0.40539	0.01822	0.00877	0.00253	0.00386	0.05126	0.00707	0.00632
4	0.02724	0.03219	0.02081	0.01838	0.02248	0.59611	0.01401	0.14021	0.02294	0.02261	0.01231	0.01386	0.00988	0.00770	0.00668	0.00193	0.01223	0.00500	0.00435	0.00910
5	0.01841	0.01962	0.05318	0.14243	0.40408	0.10799	0.06369	0.04211	0.01723	0.02265	0.01406	0.03577	0.01178	0.00720	0.00726	0.00221	0.00957	0.00670	0.00374	0.01032
6	0.01203	0.00978	0.01101	0.03976	0.01251	0.05751	0.00748	0.01313	0.01175	0.01543	0.02018	0.03752	0.02160	0.44520	0.21640	0.00758	0.04239	0.00906	0.00412	0.00555
7	0.01263	0.00631	0.00947	0.00947	0.00947	0.00631	0.00631	0.00947	0.00947	0.01263	0.01263	0.02210	0.01263	0.02525	0.02841	0.78851	0.00631	0.00631	0.00316	0.00316
8	0.01318	0.01182	0.01651	0.01509	0.01551	0.01541	0.01205	0.01489	0.01171	0.01728	0.01744	0.09794	0.01841	0.09539	0.18996	0.00559	0.38767	0.03318	0.00397	0.00700
9	0.01141	0.00774	0.01012	0.00946	0.01141	0.00723	0.00718	0.01460	0.01939	0.06515	0.54078	0.05142	0.11255	0.01869	0.07740	0.00321	0.00517	0.01248	0.00755	0.00707
10	0.40369	0.04651	0.04978	0.04478	0.15413	0.01733	0.01309	0.08084	0.04110	0.06811	0.01349	0.01528	0.01029	0.00712	0.00577	0.00221	0.00695	0.00518	0.00476	0.00958
11	0.79588	0.01406	0.01068	0.00956	0.01406	0.01631	0.00787	0.02137	0.01237	0.03261	0.01012	0.01181	0.00787	0.00675	0.00450	0.00225	0.00562	0.00394	0.00450	0.00787
12	0.07643	0.11370	0.10816	0.04885	0.02327	0.04986	0.03282	0.21848	0.12391	0.10721	0.01802	0.01832	0.01311	0.00805	0.00673	0.00218	0.00802	0.00619	0.00579	0.01089
13	0.01953	0.01379	0.01558	0.01352	0.01783	0.01453	0.01055	0.03286	0.41802	0.15368	0.02848	0.09469	0.02259	0.01043	0.00733	0.00231	0.00564	0.00880	0.00727	0.10258
14	0.01642	0.02352	0.24368	0.02404	0.05808	0.01669	0.28943	0.08514	0.01809	0.02523	0.03973	0.07237	0.01612	0.00855	0.00797	0.00242	0.01018	0.02812	0.00429	0.00995
15	0.00873	0.00737	0.00756	0.00751	0.00990	0.00620	0.00563	0.01070	0.01690	0.02042	0.12487	0.06867	0.64453	0.01812	0.00859	0.00244	0.00366	0.01516	0.00685	0.00620
16	0.01393	0.01293	0.02159	0.57165	0.12755	0.01539	0.01915	0.01857	0.01538	0.02025	0.07950	0.02261	0.01566	0.00791	0.00739	0.00238	0.00895	0.00711	0.00374	0.00839
17	0.02715	0.03464	0.02060	0.01873	0.02247	0.71536	0.01404	0.02903	0.02060	0.01779	0.01124	0.01311	0.00936	0.00749	0.00655	0.00187	0.01311	0.00468	0.00375	0.00843
18	0.01893	0.08616	0.03925	0.01308	0.01641	0.10216	0.01062	0.04879	0.08736	0.13338	0.02405	0.10089	0.03706	0.05645	0.04249	0.10148	0.00782	0.05968	0.00564	0.00831
19	0.30584	0.14844	0.20721	0.01805	0.07348	0.01892	0.08987	0.02217	0.01444	0.02564	0.01169	0.01407	0.00911	0.00661	0.00584	0.00216	0.00834	0.00503	0.00371	0.00938
20	0.02059	0.01910	0.06663	0.01563	0.01965	0.09195	0.01308	0.29129	0.07013	0.03022	0.01834	0.05247	0.01575	0.08065	0.09472	0.00385	0.07321	0.00748	0.00557	0.00970
21	0.00890	0.00730	0.00785	0.00787	0.01005	0.00625	0.00584	0.01098	0.01708	0.02121	0.17910	0.11490	0.54125	0.01810	0.00864	0.00246	0.00368	0.01534	0.00697	0.00625

[dist]
# distance from previous block
# <min> <max>
0	1

[block]
# block no. 3 follows, 28 sequences, length 39
# corresponding to MSA columns:
# 126-131,143-175
name=unknown_D
#
# <colnr> <probs for GDERKNQSTAVLIFYWHMCP>
#	G	D	E	R	K	N	Q	S	T	A	V	L	I	F	Y	W	H	M	C	P
0	0.01526	0.01646	0.07229	0.38424	0.20424	0.01653	0.11784	0.02036	0.01555	0.02095	0.01429	0.02104	0.01145	0.00734	0.00752	0.00239	0.00978	0.02968	0.00350	0.00930
1	0.00886	0.00633	0.00843	0.01012	0.01054	0.00590	0.00675	0.01012	0.01392	0.01856	0.04006	0.73979	0.04808	0.02277	0.00928	0.00295	0.00422	0.02066	0.00675	0.00590
2	0.01822	0.01550	0.01632	0.01454	0.01867	0.01776	0.01135	0.07973	0.60757	0.03088	0.03107	0.02871	0.05665	0.01023	0.00745	0.00245	0.00580	0.00848	0.00735	0.01128
3	0.02051	0.04962	0.02506	0.17893	0.10494	0.06012	0.09881	0.26337	0.02271	0.02974	0.01651	0.06603	0.01359	0.00858	0.00741	0.00227	0.00902	0.00749	0.00509	0.01020
4	0.05012	0.10657	0.02253	0.15495	0.08412	0.01578	0.05257	0.07451	0.01850	0.22647	0.04206	0.02283	0.04759	0.00830	0.00695	0.00215	0.00751	0.00698	0.00571	0.04381
5	0.51167	0.01599	0.01475	0.10309	0.05266	0.07389	0.01110	0.05657	0.01516	0.06958	0.01221	0.01422	0.00923	0.00710	0.00546	0.00223	0.00705	0.00477	0.00464	0.00862
6	0.05039	0.11304	0.13829	0.06352	0.09114	0.05441	0.16722	0.08669	0.01816	0.04608	0.06311	0.02044	0.01525	0.03148	0.00809	0.00235	0.00930	0.00690	0.00437	0.00975
7	0.04058	0.01467	0.02000	0.08466	0.09303	0.01422	0.07811	0.08743	0.10442	0.02618	0.02127	0.02296	0.07506	0.00790	0.00679	0.00191	0.00698	0.00689	0.00500	0.28197
8	0.16852	0.24181	0.04823	0.01484	0.01939	0.24640	0.01278	0.04472	0.01671	0.02182	0.03230	0.01419	0.01104	0.00768	0.00723	0.00200	0.07294	0.00480	0.00387	0.00871
9	0.01765	0.07687	0.07939	0.15461	0.21220	0.01894	0.12905	0.07823	0.07539	0.02425	0.01485	0.01844	0.01165	0.00741	0.00817	0.00230	0.04957	0.00669	0.00408	0.01025
10	0.01726	0.01453	0.01816	0.01579	0.01735	0.05329	0.01275	0.11103	0.01527	0.04918	0.01413	0.01987	0.01257	0.02254	0.17789	0.08623	0.32336	0.00666	0.00419	0.00796
11	0.75047	0.01443	0.01134	0.00998	0.01456	0.01668	0.00822	0.06000	0.01366	0.03339	0.01055	0.01214	0.00814	0.00686	0.00466	0.00225	0.00576	0.00409	0.00466	0.00814
12	0.01363	0.00977	0.01170	0.01116	0.01345	0.00977	0.00848	0.12083	0.05174	0.04815	0.21800	0.26291	0.11429	0.01665	0.00859	0.00258	0.00486	0.05841	0.00727	0.00775
13	0.00919	0.00707	0.00841	0.00874	0.01036	0.00629	0.00630	0.01135	0.01701	0.02225	0.25555	0.26600	0.30805	0.01862	0.00879	0.00255	0.00376	0.01626	0.00714	0.00629
14	0.00926	0.00673	0.00876	0.00987	0.01078	0.00624	0.00692	0.01109	0.01557	0.02084	0.16816	0.51654	0.10773	0.02074	0.00912	0.00280	0.00415	0.05157	0.00698	0.00615
15	0.02763	0.02036	0.02182	0.01672	0.02254	0.02254	0.01382	0.67496	0.03418	0.04581	0.01745	0.01745	0.01236	0.00873	0.00727	0.00218	0.00800	0.00654	0.00727	0.01236
16	0.02715	0.03464	0.02060	0.01873	0.02247	0.71536	0.01404	0.02903	0.02060	0.01779	0.01124	0.01311	0.00936	0.00749	0.00655	0.00187	0.01311	0.00468	0.00375	0.00843
17	0.79588	0.01406	0.01068	0.00956	0.01406	0.01631	0.00787	0.02137	0.01237	0.03261	0.01012	0.01181	0.00787	0.00675	0.00450	0.00225	0.00562	0.00394	0.00450	0.00787
18	0.01218	0.00794	0.00941	0.00921	0.01160	0.00696	0.00704	0.01441	0.01731	0.10810	0.15096	0.16166	0.37173	0.01747	0.00864	0.00255	0.00428	0.06430	0.00721	0.00704
19	0.79588	0.01406	0.01068	0.00956	0.01406	0.01631	0.00787	0.02137	0.01237	0.03261	0.01012	0.01181	0.00787	0.00675	0.00450	0.00225	0.00562	0.00394	0.00450	0.00787
20	0.01943	0.74891	0.03809	0.01244	0.01866	0.02876	0.01244	0.02177	0.01477	0.01710	0.01011	0.01166	0.00933	0.00622	0.00466	0.00155	0.00777	0.00389	0.00311	0.00933
21	0.02671	0.03380	0.02103	0.01998	0.05520	0.68160	0.01444	0.02870	0.02040	0.01808	0.01135	0.01334	0.00947	0.00744	0.00659	0.00189	0.01289	0.00477	0.00374	0.00858
22	0.01534	0.01436	0.04818	0.01580	0.07784	0.01450	0.01163	0.02851	0.39477	0.02773	0.13778	0.03609	0.12382	0.01142	0.00771	0.00240	0.00559	0.00971	0.00685	0.00998
23	0.00889	0.00732	0.00788	0.00824	0.01036	0.00630	0.00621	0.01079	0.01625	0.01968	0.06633	0.15619	0.55721	0.01911	0.00880	0.00260	0.00401	0.07093	0.00674	0.00616
24	0.02428	0.26963	0.02622	0.01651	0.02109	0.46393	0.01342	0.02697	0.04242	0.01801	0.01152	0.01313	0.00981	0.00716	0.00596	0.00179	0.01109	0.00455	0.00367	0.00883
25	0.02152	0.55560	0.03336	0.01414	0.01969	0.21458	0.01287	0.02373	0.01635	0.01729	0.01041	0.01205	0.00934	0.00656	0.00518	0.00164	0.00922	0.00410	0.00328	0.00908
26	0.01049	0.00701	0.00795	0.00803	0.00805	0.00699	0.00452	0.01055	0.01073	0.01431	0.02372	0.08031	0.02745	0.71040	0.03569	0.00685	0.00691	0.01105	0.00452	0.00448
27	0.01458	0.03760	0.70688	0.02072	0.03146	0.01688	0.02686	0.02302	0.01535	0.02302	0.01304	0.01535	0.00921	0.00691	0.00691	0.00230	0.01074	0.00537	0.00307	0.01074
28	0.01253	0.01052	0.01127	0.01053	0.01348	0.01082	0.00806	0.02180	0.27223	0.02556	0.17607	0.05064	0.31927	0.01447	0.00813	0.00243	0.00442	0.01221	0.00724	0.00832
29	0.00975	0.00884	0.04192	0.00892	0.01139	0.00702	0.00723	0.01272	0.01857	0.02469	0.39024	0.05931	0.34095	0.01604	0.00850	0.00236	0.00389	0.01374	0.00722	0.00673
30	0.01139	0.00823	0.01044	0.00994	0.01155	0.00824	0.00739	0.05205	0.01774	0.02462	0.36312	0.04873	0.07308	0.15342	0.13028	0.00475	0.00718	0.04469	0.00651	0.00664
31	0.01852	0.21697	0.13897	0.02360	0.20761	0.05067	0.01748	0.06049	0.09971	0.02305	0.01450	0.01680	0.01179	0.00790	0.00780	0.02663	0.03743	0.00574	0.00403	0.01031
32	0.01050	0.00702	0.00795	0.00802	0.00804	0.00700	0.00450	0.01055	0.01071	0.01428	0.02361	0.07615	0.02732	0.71474	0.03585	0.00688	0.00693	0.01099	0.00450	0.00447
33	0.01937	0.01691	0.02454	0.29290	0.23255	0.04578	0.04009	0.16563	0.02001	0.05063	0.01469	0.01849	0.01114	0.00739	0.00726	0.00226	0.00910	0.00651	0.00447	0.01026
34	0.00877	0.00715	0.00775	0.00806	0.01004	0.00614	0.00587	0.01060	0.01630	0.02008	0.11033	0.20867	0.51683	0.01907	0.00873	0.00255	0.00378	0.01630	0.00684	0.00614
35	0.01980	0.15373	0.05557	0.01521	0.02009	0.01932	0.03981	0.26276	0.10717	0.03018	0.02023	0.08581	0.01762	0.01465	0.08151	0.00322	0.00880	0.02865	0.00574	0.01012
36	0.16255	0.07811	0.01926	0.01430	0.01856	0.08250	0.04256	0.05599	0.06050	0.04941	0.01474	0.04194	0.01254	0.01019	0.03646	0.00247	0.11592	0.00596	0.00459	0.17147
37	0.03990	0.10041	0.02523	0.10608	0.19920	0.09563	0.05981	0.10607	0.11426	0.02525	0.01604	0.01937	0.01297	0.03926	0.00820	0.00237	0.00876	0.00650	0.00458	0.01012
38	0.04998	0.11874	0.07675	0.02149	0.15777	0.14361	0.03668	0.06336	0.01809	0.11152	0.01641	0.01802	0.03236	0.00766	0.00728	0.00203	0.03848	0.00591	0.00461	0.06925

[dist]
# distance from previous block
# <min> <max>
0	13

[block]
# block no. 4 follows, 28 sequences, length 16
# corresponding to MSA columns:
# 191-206
name=unknown_E
#
# <colnr> <probs for GDERKNQSTAVLIFYWHMCP>
#	G	D	E	R	K	N	Q	S	T	A	V	L	I	F	Y	W	H	M	C	P
0	0.68934	0.01590	0.01214	0.01069	0.01523	0.06430	0.00871	0.06804	0.01447	0.03254	0.01071	0.01230	0.00829	0.00694	0.00483	0.00222	0.00630	0.00417	0.00464	0.00823
1	0.01969	0.56838	0.14969	0.01388	0.02082	0.02528	0.01474	0.02309	0.01536	0.07408	0.01212	0.01335	0.01001	0.00656	0.00526	0.00174	0.00815	0.00442	0.00358	0.00982
2	0.79588	0.01406	0.01068	0.00956	0.01406	0.01631	0.00787	0.02137	0.01237	0.03261	0.01012	0.01181	0.00787	0.00675	0.00450	0.00225	0.00562	0.00394	0.00450	0.00787
3	0.01100	0.00792	0.01081	0.01213	0.01367	0.00774	0.01014	0.01400	0.01681	0.02212	0.12087	0.16923	0.07651	0.01974	0.00969	0.00312	0.00581	0.45526	0.00686	0.00658
4	0.02266	0.01048	0.01359	0.01117	0.01504	0.00955	0.00893	0.05819	0.02082	0.36715	0.25780	0.03483	0.03525	0.01095	0.00751	0.00220	0.00503	0.00923	0.08972	0.00988
5	0.00977	0.00716	0.00806	0.00809	0.00917	0.00665	0.00531	0.01098	0.01427	0.01850	0.14384	0.10466	0.24900	0.34870	0.02157	0.00455	0.00521	0.01321	0.00587	0.00544
6	0.01258	0.00786	0.01044	0.01027	0.01208	0.00731	0.00782	0.01538	0.01839	0.09609	0.38179	0.18024	0.05383	0.04902	0.01005	0.00277	0.00449	0.10494	0.00753	0.00713
7	0.00916	0.00735	0.00821	0.00832	0.01040	0.00640	0.00626	0.01139	0.01724	0.02176	0.20631	0.12303	0.46758	0.01808	0.00872	0.00251	0.00384	0.05011	0.00702	0.00631
8	0.01912	0.01613	0.01702	0.01500	0.01930	0.01856	0.01176	0.10769	0.61531	0.03208	0.02827	0.02607	0.02112	0.00974	0.00738	0.00243	0.00600	0.00804	0.00738	0.01160
9	0.02149	0.01619	0.01815	0.01351	0.01965	0.01543	0.01102	0.31018	0.02382	0.06662	0.01570	0.01660	0.01183	0.00704	0.00631	0.00162	0.00658	0.00544	0.00585	0.40697
10	0.01498	0.08217	0.52074	0.02036	0.02919	0.01779	0.07645	0.02194	0.01505	0.02199	0.01386	0.04694	0.01108	0.00796	0.00837	0.00236	0.06907	0.00627	0.00329	0.01013
11	0.02204	0.02565	0.02638	0.02857	0.24199	0.34740	0.09886	0.02521	0.01810	0.02037	0.01231	0.01572	0.01028	0.00742	0.00842	0.00214	0.07006	0.00588	0.00364	0.00955
12	0.23240	0.25859	0.18044	0.03886	0.05662	0.02090	0.04605	0.05110	0.01530	0.02467	0.01159	0.01373	0.00924	0.00667	0.00563	0.00204	0.00818	0.00479	0.00372	0.00947
13	0.01053	0.00720	0.00870	0.00870	0.00897	0.00747	0.00537	0.01107	0.01080	0.01467	0.02220	0.04365	0.02473	0.60244	0.17678	0.00800	0.00961	0.01000	0.00430	0.00483
14	0.00990	0.00738	0.00938	0.01028	0.01178	0.00686	0.00797	0.01229	0.01653	0.02158	0.15889	0.26465	0.20530	0.01957	0.00922	0.00284	0.00470	0.20758	0.00694	0.00636
15	0.01767	0.01386	0.01628	0.12813	0.02221	0.03364	0.01198	0.11938	0.26516	0.05338	0.04016	0.10421	0.02114	0.01265	0.01015	0.09901	0.00676	0.00885	0.00610	0.00926

[dist]
# distance from previous block
# <min> <max>
1	4

[block]
# block no. 5 follows, 28 sequences, length 10
# corresponding to MSA columns:
# 212-221
name=unknown_F
#
# <colnr> <probs for GDERKNQSTAVLIFYWHMCP>
#	G	D	E	R	K	N	Q	S	T	A	V	L	I	F	Y	W	H	M	C	P
0	0.01855	0.01536	0.02153	0.05634	0.18109	0.01732	0.03097	0.11876	0.10233	0.06974	0.08470	0.05082	0.01993	0.01025	0.01113	0.00249	0.16525	0.00799	0.00541	0.01003
1	0.06859	0.01798	0.02037	0.14102	0.02635	0.02040	0.01425	0.42763	0.12544	0.03798	0.01801	0.01889	0.01308	0.00852	0.00713	0.00227	0.00783	0.00662	0.00642	0.01122
2	0.09200	0.14633	0.02247	0.05120	0.02160	0.02067	0.01251	0.34511	0.05129	0.03429	0.01509	0.01607	0.01145	0.00759	0.00629	0.00194	0.00736	0.00558	0.00565	0.12553
3	0.01215	0.01467	0.13806	0.01551	0.01917	0.01153	0.10926	0.01591	0.01297	0.01849	0.01814	0.02770	0.01675	0.14015	0.38738	0.00799	0.01505	0.00789	0.00379	0.00742
4	0.02921	0.14373	0.02168	0.01367	0.01944	0.01645	0.01168	0.17269	0.02266	0.43952	0.02296	0.02085	0.01524	0.00845	0.00684	0.00211	0.00686	0.00654	0.00758	0.01183
5	0.01392	0.01271	0.01982	0.29309	0.21461	0.01386	0.01657	0.01877	0.05476	0.02111	0.02767	0.05777	0.13551	0.01068	0.00777	0.00245	0.00770	0.05796	0.00458	0.00869
6	0.01666	0.14827	0.13049	0.19142	0.25675	0.01910	0.09404	0.02157	0.01566	0.02122	0.01290	0.01699	0.01031	0.00664	0.00688	0.00217	0.00945	0.00609	0.00336	0.01003
7	0.01632	0.02542	0.25751	0.02743	0.03588	0.01790	0.46401	0.02320	0.01657	0.02320	0.01417	0.01823	0.01044	0.00638	0.00804	0.00240	0.01177	0.00754	0.00348	0.01011
8	0.01042	0.00766	0.01102	0.01102	0.01210	0.00873	0.00827	0.01256	0.01149	0.01639	0.02007	0.03189	0.01962	0.17538	0.59685	0.01087	0.01729	0.00828	0.00398	0.00612
9	0.01418	0.05679	0.19050	0.01516	0.02016	0.04529	0.04338	0.02147	0.13402	0.02282	0.05316	0.08085	0.12244	0.01395	0.03183	0.00282	0.00788	0.10910	0.00541	0.00879

[dist]
# distance from previous block
# <min> <max>
3	4

[block]
# block no. 6 follows, 28 sequences, length 27
# corresponding to MSA columns:
# 226-252
name=unknown_G
#
# <colnr> <probs for GDERKNQSTAVLIFYWHMCP>
#	G	D	E	R	K	N	Q	S	T	A	V	L	I	F	Y	W	H	M	C	P
0	0.70766	0.01386	0.01140	0.00995	0.01458	0.01566	0.00820	0.02299	0.01335	0.11024	0.01227	0.01330	0.00904	0.00701	0.00482	0.00225	0.00569	0.00433	0.00502	0.00839
1	0.00934	0.00727	0.00848	0.00844	0.01034	0.00641	0.00623	0.01179	0.01796	0.02353	0.33263	0.14076	0.35595	0.01741	0.00866	0.00244	0.00364	0.01503	0.00728	0.00641
2	0.01147	0.01246	0.11880	0.01236	0.01508	0.00914	0.01108	0.01443	0.01530	0.04184	0.07489	0.29465	0.12413	0.04941	0.01078	0.00298	0.04157	0.12649	0.00603	0.00712
3	0.09609	0.01052	0.01309	0.01122	0.01508	0.00970	0.00890	0.02277	0.01688	0.28500	0.05781	0.12615	0.05640	0.01611	0.08167	0.00323	0.00685	0.03165	0.03045	0.10040
4	0.24231	0.17110	0.05557	0.04699	0.05404	0.11605	0.01336	0.12343	0.01772	0.02677	0.01180	0.01394	0.00952	0.00751	0.00706	0.00212	0.06223	0.00492	0.00427	0.00928
5	0.02275	0.44425	0.03073	0.01498	0.02028	0.27550	0.01311	0.06702	0.01814	0.01922	0.01099	0.01256	0.00954	0.00684	0.00551	0.00171	0.00971	0.00435	0.00361	0.00920
6	0.01635	0.01487	0.01678	0.06893	0.01998	0.04502	0.01222	0.02823	0.36395	0.02534	0.06002	0.02876	0.07839	0.01108	0.01072	0.00255	0.15032	0.00839	0.02853	0.00959
7	0.05647	0.29905	0.18428	0.01624	0.02312	0.02242	0.05555	0.11754	0.11321	0.02555	0.01487	0.01601	0.01160	0.00727	0.00616	0.00203	0.00836	0.00551	0.00440	0.01035
8	0.00993	0.00709	0.00966	0.01134	0.01223	0.00683	0.00861	0.01197	0.01497	0.01975	0.03947	0.49365	0.04574	0.02177	0.00956	0.00310	0.00514	0.25626	0.00673	0.00620
9	0.01171	0.00837	0.01171	0.01339	0.01506	0.00837	0.01171	0.01506	0.01673	0.02175	0.03849	0.08199	0.04183	0.02008	0.01004	0.00335	0.00669	0.65027	0.00669	0.00669
10	0.79588	0.01406	0.01068	0.00956	0.01406	0.01631	0.00787	0.02137	0.01237	0.03261	0.01012	0.01181	0.00787	0.00675	0.00450	0.00225	0.00562	0.00394	0.00450	0.00787
11	0.00998	0.00685	0.00805	0.00855	0.00878	0.00667	0.00514	0.01043	0.01181	0.01564	0.03015	0.25120	0.06216	0.50138	0.02764	0.00565	0.00607	0.01374	0.00519	0.00492
12	0.01507	0.01292	0.01507	0.01077	0.01723	0.00969	0.00861	0.01830	0.01507	0.02369	0.01292	0.01507	0.01077	0.00538	0.00538	0.00108	0.00538	0.00431	0.00431	0.78898
13	0.01691	0.01573	0.02489	0.31782	0.31829	0.05046	0.04215	0.02118	0.01602	0.05084	0.01512	0.05096	0.01257	0.00768	0.00734	0.00230	0.00910	0.00712	0.00384	0.00969
14	0.02715	0.03464	0.02060	0.01873	0.02247	0.71536	0.01404	0.02903	0.02060	0.01779	0.01124	0.01311	0.00936	0.00749	0.00655	0.00187	0.01311	0.00468	0.00375	0.00843
15	0.00910	0.00651	0.00852	0.01003	0.01056	0.00611	0.00679	0.01040	0.01394	0.01846	0.04022	0.63556	0.07254	0.06958	0.01110	0.00322	0.00450	0.05041	0.00659	0.00585
16	0.01507	0.01292	0.01507	0.01077	0.01723	0.00969	0.00861	0.01830	0.01507	0.02369	0.01292	0.01507	0.01077	0.00538	0.00538	0.00108	0.00538	0.00431	0.00431	0.78898
17	0.75829	0.01371	0.01050	0.00943	0.01379	0.01585	0.00774	0.02115	0.01251	0.03235	0.01077	0.01254	0.00839	0.00683	0.00453	0.00222	0.00552	0.00407	0.04200	0.00782
18	0.00911	0.00651	0.00872	0.01041	0.01094	0.00612	0.00719	0.01056	0.01417	0.01884	0.03992	0.68162	0.04752	0.02254	0.00935	0.00299	0.00444	0.07635	0.00674	0.00597
19	0.02858	0.01307	0.01608	0.01270	0.01746	0.03347	0.01016	0.09913	0.02077	0.50587	0.02607	0.02649	0.01819	0.09932	0.01086	0.00280	0.00661	0.00753	0.03376	0.01108
20	0.00919	0.00703	0.00843	0.00883	0.01038	0.00627	0.00634	0.01131	0.01687	0.02213	0.24879	0.29156	0.28899	0.01882	0.00882	0.00257	0.00379	0.01648	0.00712	0.00627
21	0.00989	0.00741	0.00916	0.00872	0.01061	0.00669	0.00654	0.01294	0.01963	0.02690	0.54861	0.05799	0.21674	0.01570	0.00858	0.00233	0.00349	0.01366	0.00771	0.00669
22	0.00911	0.00695	0.00826	0.00882	0.01021	0.00622	0.00620	0.01093	0.01597	0.02071	0.17358	0.33215	0.28874	0.05527	0.01026	0.00285	0.00401	0.01681	0.00687	0.00609
23	0.01903	0.67681	0.03747	0.05027	0.02118	0.02763	0.04364	0.02167	0.01487	0.01747	0.01047	0.01243	0.00943	0.00627	0.00498	0.00164	0.00808	0.00424	0.00314	0.00929
24	0.01778	0.01504	0.01581	0.01427	0.01822	0.01734	0.01109	0.03721	0.64227	0.03019	0.02920	0.02712	0.02196	0.00977	0.00725	0.00242	0.00560	0.00812	0.05815	0.01120
25	0.01229	0.00991	0.01214	0.01173	0.01299	0.04628	0.00875	0.04425	0.01300	0.01775	0.02000	0.05599	0.01994	0.19894	0.44122	0.00903	0.04657	0.00857	0.00423	0.00645
26	0.01830	0.01615	0.02769	0.16924	0.26988	0.01680	0.15031	0.05368	0.05207	0.08005	0.03991	0.02081	0.01414	0.00754	0.00807	0.00233	0.03091	0.00729	0.00450	0.01033

[dist]
# distance from previous block
# <min> <max>
1	8

[block]
# block no. 7 follows, 28 sequences, length 34
# corresponding to MSA columns:
# 261-294
name=unknown_H
#
# <colnr> <probs for GDERKNQSTAVLIFYWHMCP>
#	G	D	E	R	K	N	Q	S	T	A	V	L	I	F	Y	W	H	M	C	P
0	0.01689	0.06901	0.03196	0.03044	0.08137	0.01348	0.01134	0.07247	0.13284	0.10629	0.08647	0.11961	0.11663	0.01445	0.04013	0.00281	0.00660	0.03154	0.00641	0.00925
1	0.01849	0.10835	0.14754	0.04933	0.08327	0.06161	0.07425	0.09953	0.04290	0.06147	0.02029	0.04643	0.05645	0.00878	0.00706	0.00215	0.00848	0.02882	0.00477	0.07003
2	0.05880	0.01004	0.01141	0.00968	0.01346	0.00883	0.00756	0.01784	0.05135	0.09929	0.19003	0.04301	0.24395	0.01240	0.00740	0.00206	0.00452	0.01035	0.00661	0.19143
3	0.01566	0.01327	0.01539	0.01105	0.01748	0.01030	0.00886	0.04924	0.01597	0.02473	0.01313	0.01519	0.01084	0.00554	0.00547	0.00113	0.00551	0.00441	0.00445	0.75238
4	0.01176	0.01142	0.07729	0.00993	0.01124	0.04242	0.00735	0.01283	0.01159	0.01531	0.02117	0.04163	0.02343	0.59605	0.07240	0.00660	0.00843	0.00961	0.00421	0.00534
5	0.01234	0.00769	0.00972	0.01033	0.01202	0.00718	0.00793	0.01454	0.01571	0.08448	0.04177	0.27981	0.14961	0.05661	0.01022	0.00300	0.00503	0.18214	0.08311	0.00676
6	0.02060	0.53618	0.03322	0.01501	0.05226	0.06603	0.01309	0.09485	0.06934	0.02163	0.01266	0.01388	0.01076	0.00686	0.00539	0.00174	0.00799	0.00468	0.00396	0.00988
7	0.01338	0.00805	0.01021	0.00985	0.01209	0.00721	0.00747	0.01586	0.01799	0.13614	0.25657	0.20499	0.19829	0.01677	0.00862	0.00253	0.00432	0.05475	0.00752	0.00739
8	0.01020	0.00747	0.00921	0.00957	0.01026	0.00761	0.00656	0.01131	0.01273	0.01683	0.03407	0.20155	0.12589	0.33054	0.09379	0.00555	0.03745	0.05860	0.00531	0.00550
9	0.00903	0.00668	0.00844	0.00948	0.01046	0.00609	0.00655	0.01073	0.01542	0.02039	0.14762	0.51528	0.16563	0.02078	0.00905	0.00276	0.00400	0.01856	0.00694	0.00609
10	0.02715	0.03464	0.02060	0.01873	0.02247	0.71536	0.01404	0.02903	0.02060	0.01779	0.01124	0.01311	0.00936	0.00749	0.00655	0.00187	0.01311	0.00468	0.00375	0.00843
11	0.01497	0.08187	0.01699	0.03993	0.03824	0.05040	0.03198	0.04335	0.17475	0.02500	0.18699	0.12597	0.03499	0.04184	0.00902	0.00260	0.00622	0.06008	0.00630	0.00850
12	0.02417	0.31158	0.02699	0.01484	0.02013	0.19813	0.01273	0.15947	0.02111	0.09794	0.03892	0.01619	0.01306	0.00767	0.00611	0.00187	0.00884	0.00534	0.00494	0.00997
13	0.01534	0.01283	0.01496	0.01096	0.01693	0.01016	0.00875	0.05555	0.01669	0.02547	0.07746	0.01890	0.01630	0.00647	0.00579	0.00125	0.00535	0.00527	0.00482	0.67074
14	0.01930	0.02262	0.16569	0.08308	0.12727	0.04424	0.17159	0.19439	0.02099	0.02847	0.01562	0.04462	0.01230	0.00779	0.00754	0.00230	0.00982	0.00722	0.00457	0.01058
15	0.01887	0.05076	0.12137	0.09277	0.22520	0.01878	0.07524	0.14334	0.12899	0.02794	0.01675	0.01902	0.01279	0.00753	0.00722	0.00226	0.00872	0.00669	0.00477	0.01100
16	0.01671	0.16792	0.07602	0.02172	0.02647	0.02112	0.25904	0.02063	0.01440	0.01988	0.01232	0.01704	0.01048	0.01078	0.04961	0.00297	0.23380	0.00669	0.00338	0.00902
17	0.01772	0.01284	0.04126	0.01395	0.01652	0.01370	0.01155	0.11854	0.01660	0.11947	0.01925	0.02714	0.01674	0.06563	0.19954	0.06698	0.14602	0.04489	0.02338	0.00829
18	0.01038	0.00779	0.01168	0.01168	0.01298	0.00909	0.00909	0.01298	0.01168	0.01687	0.01947	0.02856	0.01817	0.05452	0.71573	0.01168	0.01947	0.00779	0.00389	0.00649
19	0.02039	0.62121	0.03519	0.01337	0.01920	0.05716	0.01277	0.08304	0.01669	0.01983	0.01082	0.01243	0.00962	0.00677	0.00575	0.00169	0.03675	0.00427	0.00353	0.00952
20	0.01649	0.00981	0.01245	0.07496	0.01651	0.00948	0.00894	0.07006	0.01784	0.18004	0.07745	0.19376	0.17887	0.08639	0.01100	0.00293	0.00558	0.01254	0.00684	0.00807
21	0.04894	0.16926	0.14446	0.01698	0.06699	0.11845	0.01489	0.05359	0.01804	0.21301	0.01722	0.01876	0.01287	0.04630	0.00805	0.00231	0.00859	0.00587	0.00517	0.01027
22	0.02565	0.01937	0.02070	0.01632	0.02179	0.02162	0.01334	0.54274	0.16963	0.04261	0.01997	0.01946	0.01440	0.00896	0.00730	0.00224	0.00753	0.00689	0.00730	0.01218
23	0.01926	0.67672	0.03570	0.01235	0.01820	0.02726	0.01203	0.04768	0.01532	0.01810	0.01114	0.01396	0.01043	0.04869	0.00663	0.00190	0.00774	0.00438	0.00335	0.00917
24	0.75078	0.01527	0.01127	0.01010	0.01455	0.05732	0.00823	0.02182	0.01285	0.03174	0.01019	0.01188	0.00796	0.00679	0.00462	0.00223	0.00606	0.00398	0.00445	0.00790
25	0.01897	0.04460	0.12771	0.09465	0.16030	0.01470	0.01625	0.04767	0.04597	0.16808	0.05375	0.06650	0.06073	0.00972	0.00803	0.00233	0.03626	0.00815	0.00547	0.01014
26	0.04902	0.11849	0.10719	0.19340	0.12447	0.01666	0.04454	0.02168	0.05381	0.06994	0.01782	0.09632	0.01554	0.01026	0.02831	0.00257	0.00857	0.00769	0.00437	0.00935
27	0.02563	0.01937	0.02069	0.01632	0.02178	0.02161	0.01333	0.54168	0.17071	0.04259	0.01999	0.01948	0.01442	0.00896	0.00730	0.00224	0.00753	0.00690	0.00730	0.01218
28	0.02061	0.01764	0.01781	0.01542	0.01987	0.05573	0.01214	0.17488	0.51094	0.03305	0.02601	0.02431	0.01940	0.00949	0.00733	0.00237	0.00662	0.00767	0.00718	0.01153
29	0.15904	0.01614	0.01692	0.01349	0.01857	0.04383	0.01103	0.27997	0.02409	0.23819	0.02257	0.02171	0.04944	0.00892	0.00675	0.00219	0.00681	0.00673	0.04274	0.01086
30	0.01175	0.01090	0.03923	0.09805	0.11303	0.01048	0.01157	0.01512	0.04011	0.02028	0.06085	0.20670	0.18046	0.05860	0.04062	0.00323	0.03190	0.03422	0.00545	0.00745
31	0.01773	0.01687	0.02586	0.15778	0.36007	0.05078	0.06049	0.08266	0.01764	0.02391	0.01570	0.07390	0.01388	0.00841	0.00820	0.00232	0.04194	0.00762	0.00412	0.01012
32	0.00884	0.00641	0.00835	0.00991	0.01049	0.00592	0.00665	0.01015	0.01412	0.01864	0.04265	0.68814	0.09806	0.02244	0.00923	0.00291	0.00418	0.02025	0.00675	0.00592
33	0.02358	0.02390	0.01798	0.01705	0.04504	0.38857	0.01268	0.02753	0.08121	0.11966	0.02247	0.05617	0.04995	0.01030	0.00732	0.00221	0.00979	0.07015	0.00540	0.00901

[dist]
# distance from previous block
# <min> <max>
2	9

[block]
# block no. 8 follows, 28 sequences, length 28
# corresponding to MSA columns:
# 304-306,308-332
name=unknown_I
#
# <colnr> <probs for GDERKNQSTAVLIFYWHMCP>
#	G	D	E	R	K	N	Q	S	T	A	V	L	I	F	Y	W	H	M	C	P
0	0.06569	0.05992	0.09132	0.08935	0.17780	0.09338	0.07202	0.02161	0.01603	0.02260	0.01341	0.01770	0.01110	0.00677	0.00655	0.00193	0.00868	0.02241	0.00382	0.19790
1	0.02229	0.03717	0.02157	0.11461	0.05988	0.07927	0.04498	0.28452	0.06112	0.07854	0.01992	0.02660	0.01625	0.00965	0.00756	0.00235	0.00848	0.08880	0.00600	0.01042
2	0.01292	0.00895	0.01087	0.01028	0.01262	0.00856	0.00782	0.01582	0.04296	0.08940	0.10499	0.21780	0.23053	0.01606	0.00927	0.00248	0.05487	0.03255	0.04529	0.06595
3	0.01223	0.00859	0.01044	0.01074	0.01262	0.00833	0.00800	0.04953	0.06706	0.06106	0.08238	0.36780	0.16827	0.01868	0.00883	0.00274	0.00476	0.08372	0.00702	0.00722
4	0.01961	0.04095	0.07350	0.04419	0.06681	0.10111	0.08406	0.18046	0.06505	0.02669	0.05113	0.02087	0.01529	0.03202	0.01161	0.09571	0.04989	0.00690	0.00489	0.00927
5	0.55990	0.01911	0.06455	0.01190	0.01663	0.13933	0.01026	0.02227	0.01427	0.02859	0.01388	0.01537	0.04450	0.00751	0.00526	0.00220	0.00723	0.00478	0.00438	0.00809
6	0.04466	0.26896	0.17821	0.09740	0.06477	0.02026	0.10329	0.02160	0.03708	0.02093	0.01727	0.01961	0.06164	0.00754	0.00648	0.00209	0.00882	0.00626	0.00368	0.00946
7	0.01431	0.14047	0.04052	0.18775	0.04715	0.01553	0.03633	0.02028	0.11345	0.02225	0.14193	0.06556	0.06946	0.04435	0.00866	0.00248	0.00697	0.00897	0.00514	0.00843
8	0.01781	0.01312	0.01502	0.01310	0.01650	0.01439	0.01030	0.08508	0.29410	0.10475	0.15457	0.03497	0.09433	0.03315	0.00981	0.00257	0.05989	0.00951	0.00721	0.00982
9	0.01763	0.01850	0.08842	0.20916	0.34122	0.03743	0.09725	0.02250	0.01637	0.06087	0.01433	0.01853	0.01110	0.00685	0.00734	0.00227	0.00950	0.00661	0.00378	0.01034
10	0.00896	0.00666	0.00823	0.00933	0.01026	0.00606	0.00636	0.01040	0.01471	0.01914	0.08142	0.51613	0.19632	0.05717	0.01046	0.00301	0.00419	0.01855	0.00670	0.00593
11	0.01373	0.01292	0.02180	0.72707	0.05006	0.01615	0.02019	0.01857	0.01453	0.01857	0.01292	0.01938	0.00969	0.00727	0.00727	0.00242	0.00969	0.00646	0.00323	0.00807
12	0.00877	0.00724	0.00769	0.00785	0.00999	0.00617	0.00578	0.01067	0.01658	0.02030	0.12143	0.15093	0.56422	0.01865	0.00867	0.00250	0.00373	0.01581	0.00685	0.00617
13	0.00859	0.00736	0.00736	0.00736	0.00982	0.00614	0.00552	0.01043	0.01657	0.01964	0.07364	0.06996	0.69624	0.01841	0.00859	0.00245	0.00368	0.01534	0.00675	0.00614
14	0.01151	0.00861	0.01234	0.01201	0.01360	0.00996	0.00939	0.05604	0.01315	0.01876	0.01934	0.02783	0.01779	0.05154	0.66965	0.01106	0.01872	0.00771	0.00411	0.00687
15	0.01034	0.00749	0.00976	0.01106	0.01216	0.00723	0.00825	0.03805	0.01565	0.02056	0.04100	0.49304	0.08855	0.02121	0.00935	0.00299	0.00498	0.18518	0.00675	0.00639
16	0.01458	0.03760	0.70688	0.02072	0.03146	0.01688	0.02686	0.02302	0.01535	0.02302	0.01304	0.01535	0.00921	0.00691	0.00691	0.00230	0.01074	0.00537	0.00307	0.01074
17	0.02566	0.01889	0.02017	0.01579	0.02114	0.02093	0.01294	0.56477	0.09501	0.04294	0.01908	0.01910	0.01377	0.00882	0.00712	0.00217	0.00744	0.00672	0.06569	0.01186
18	0.00935	0.01018	0.07257	0.00882	0.01195	0.00722	0.00767	0.01200	0.01694	0.02111	0.14396	0.06298	0.55581	0.01691	0.00843	0.00242	0.00431	0.01415	0.00656	0.00665
19	0.31999	0.02157	0.01753	0.01551	0.04335	0.20068	0.01191	0.23416	0.02170	0.03269	0.01290	0.01419	0.00984	0.00757	0.00602	0.00213	0.00845	0.00506	0.00516	0.00959
20	0.01137	0.00803	0.00913	0.00896	0.00950	0.00840	0.00553	0.01380	0.08399	0.01607	0.02337	0.04392	0.02535	0.61296	0.08476	0.00690	0.00784	0.01011	0.00469	0.00533
21	0.00894	0.00639	0.00851	0.01006	0.01056	0.00596	0.00675	0.01033	0.01431	0.01918	0.07869	0.69939	0.04929	0.02231	0.00924	0.00291	0.00417	0.02022	0.00682	0.00596
22	0.01775	0.01703	0.02908	0.08247	0.66319	0.01721	0.02219	0.02210	0.01644	0.02346	0.01363	0.01807	0.01141	0.00652	0.00720	0.00217	0.00869	0.00648	0.00358	0.01132
23	0.00911	0.00738	0.00808	0.00791	0.01014	0.00636	0.00593	0.01143	0.01779	0.02253	0.26283	0.06519	0.50525	0.01733	0.00859	0.00240	0.00361	0.01467	0.00713	0.00636
24	0.01943	0.74891	0.03809	0.01244	0.01866	0.02876	0.01244	0.02177	0.01477	0.01710	0.01011	0.01166	0.00933	0.00622	0.00466	0.00155	0.00777	0.00389	0.00311	0.00933
25	0.01120	0.00780	0.00873	0.00836	0.01087	0.00668	0.00631	0.01337	0.01750	0.08684	0.17276	0.10107	0.48798	0.01715	0.00850	0.00243	0.00391	0.01450	0.00718	0.00684
26	0.01833	0.16168	0.03291	0.11413	0.12386	0.01984	0.25444	0.09936	0.01819	0.02442	0.01426	0.01795	0.01117	0.00678	0.00710	0.00216	0.00955	0.00675	0.04726	0.00986
27	0.01063	0.00814	0.01206	0.01188	0.01314	0.00957	0.00927	0.01323	0.01216	0.01760	0.05746	0.02944	0.02064	0.05033	0.64348	0.01075	0.05150	0.00803	0.00409	0.00658

[dist]
# distance from previous block
# <min> <max>
1	4

[block]
# block no. 9 follows, 28 sequences, length 10
# corresponding to MSA columns:
# 337-346
name=unknown_J
#
# <colnr> <probs for GDERKNQSTAVLIFYWHMCP>
#	G	D	E	R	K	N	Q	S	T	A	V	L	I	F	Y	W	H	M	C	P
0	0.10764	0.33857	0.06913	0.01728	0.05934	0.18879	0.05812	0.04757	0.01690	0.02118	0.01133	0.01334	0.00951	0.00672	0.00573	0.00187	0.00934	0.00473	0.00363	0.00930
1	0.01550	0.01523	0.05527	0.08533	0.02182	0.08848	0.07913	0.01986	0.05954	0.05734	0.01960	0.02586	0.03672	0.07565	0.25916	0.00597	0.05954	0.00761	0.00435	0.00802
2	0.01263	0.00631	0.00947	0.00947	0.00947	0.00631	0.00631	0.00947	0.00947	0.01263	0.01263	0.02210	0.01263	0.02525	0.02841	0.78851	0.00631	0.00631	0.00316	0.00316
3	0.01125	0.01291	0.09723	0.05343	0.08296	0.00993	0.01108	0.01562	0.05976	0.02168	0.09260	0.05158	0.42377	0.01443	0.00809	0.00240	0.00549	0.01215	0.00591	0.00773
4	0.01501	0.03462	0.59679	0.02236	0.03254	0.01713	0.13395	0.02306	0.01565	0.02306	0.01332	0.01605	0.00951	0.00678	0.00718	0.00233	0.01099	0.00590	0.00317	0.01059
5	0.00883	0.00643	0.00833	0.00985	0.01047	0.00593	0.00663	0.01015	0.01418	0.01866	0.04336	0.67414	0.11161	0.02235	0.00921	0.00290	0.00416	0.02014	0.00675	0.00593
6	0.01042	0.00727	0.00923	0.00928	0.00979	0.00763	0.00612	0.01146	0.01154	0.01588	0.05374	0.07361	0.02675	0.45805	0.25038	0.00811	0.01070	0.01027	0.00452	0.00525
