[name]
unknown

[dist]
# distance from previous block
# <min> <max>
4	187

[block]
# block no. 0 follows, 34 sequences, length 26
# corresponding to MSA columns:
# 244-269
name=unknown_A
#
# <colnr> <probs for GDERKNQSTAVLIFYWHMCP>
#	G	D	E	R	K	N	Q	S	T	A	V	L	I	F	Y	W	H	M	C	P
0	0.01132	0.04113	0.03674	0.00924	0.01180	0.00863	0.00760	0.09037	0.01641	0.03868	0.10694	0.15584	0.30636	0.01437	0.00734	0.00221	0.00444	0.07922	0.04476	0.00658
1	0.01581	0.01438	0.05649	0.14727	0.19177	0.05596	0.01398	0.12494	0.03549	0.06383	0.01913	0.19513	0.01816	0.00991	0.00682	0.00213	0.00695	0.00870	0.00466	0.00849
2	0.13245	0.10394	0.09539	0.01549	0.08865	0.05677	0.01243	0.16367	0.10584	0.04261	0.03664	0.02025	0.01421	0.03971	0.00706	0.00215	0.00685	0.04230	0.00472	0.00888
3	0.10182	0.01480	0.05673	0.01217	0.01655	0.04427	0.01029	0.20135	0.12491	0.14475	0.11644	0.02334	0.04891	0.00858	0.00631	0.00196	0.00584	0.00681	0.00607	0.04809
4	0.05286	0.00700	0.00815	0.00859	0.00955	0.00691	0.00582	0.05084	0.01306	0.01806	0.05757	0.41778	0.09703	0.20022	0.01380	0.00337	0.00455	0.01399	0.00546	0.00541
5	0.01190	0.06663	0.01460	0.04212	0.06967	0.01045	0.05446	0.03912	0.05055	0.01717	0.03520	0.12588	0.02169	0.23091	0.07251	0.07093	0.00717	0.04863	0.00426	0.00616
6	0.05843	0.19238	0.07506	0.01630	0.07893	0.14274	0.01323	0.11449	0.04217	0.08092	0.01243	0.01400	0.00984	0.00725	0.00777	0.00191	0.11438	0.00489	0.00404	0.00883
7	0.04139	0.01352	0.01569	0.05629	0.01834	0.01472	0.01069	0.22779	0.19138	0.14987	0.04699	0.05727	0.03467	0.00900	0.00731	0.00207	0.04645	0.00715	0.00616	0.04325
8	0.54182	0.01245	0.01257	0.06750	0.06320	0.01374	0.00924	0.03624	0.01319	0.15878	0.01258	0.01360	0.00908	0.00642	0.00486	0.00200	0.00558	0.00442	0.00465	0.00805
9	0.01417	0.01351	0.02088	0.33128	0.31291	0.04283	0.01711	0.01889	0.05562	0.01954	0.05201	0.02064	0.01377	0.00711	0.00657	0.00207	0.00776	0.03129	0.00358	0.00848
10	0.01740	0.01384	0.01553	0.05665	0.01766	0.09124	0.03051	0.14278	0.09176	0.11066	0.02037	0.08087	0.04425	0.06425	0.09300	0.00335	0.08508	0.00757	0.00510	0.00812
11	0.00972	0.00639	0.00796	0.00816	0.00932	0.00593	0.00579	0.01115	0.01389	0.04704	0.19805	0.23980	0.15728	0.10817	0.01209	0.06603	0.00407	0.03910	0.04465	0.00542
12	0.00993	0.00601	0.00804	0.00842	0.00888	0.00582	0.00580	0.00925	0.01056	0.01377	0.02501	0.14767	0.10488	0.13734	0.02015	0.38804	0.00519	0.07711	0.00415	0.00397
13	0.08490	0.07345	0.03994	0.14735	0.07743	0.08267	0.01345	0.13753	0.07003	0.07466	0.01360	0.01586	0.01050	0.00854	0.02763	0.00228	0.10181	0.00542	0.00429	0.00868
14	0.04893	0.01241	0.01711	0.06067	0.26107	0.04121	0.01255	0.06507	0.06066	0.06703	0.03650	0.02079	0.04748	0.01212	0.03728	0.17382	0.00700	0.00631	0.00414	0.00785
15	0.03274	0.00677	0.00905	0.00903	0.01026	0.00637	0.03524	0.01058	0.01348	0.01837	0.17823	0.30091	0.14892	0.08261	0.01164	0.07943	0.00432	0.03116	0.00557	0.00532
16	0.18753	0.03024	0.05135	0.04768	0.04450	0.01175	0.00955	0.05721	0.05745	0.04249	0.13777	0.06784	0.02326	0.08798	0.06496	0.00315	0.02872	0.03454	0.00486	0.00716
17	0.13386	0.01414	0.01648	0.04734	0.11763	0.05704	0.01156	0.14525	0.04226	0.09694	0.01535	0.07282	0.01294	0.00882	0.00831	0.03373	0.08318	0.00627	0.00472	0.07138
18	0.05858	0.05284	0.04413	0.09252	0.04120	0.07774	0.04073	0.19354	0.11592	0.05220	0.05763	0.03711	0.01530	0.00985	0.04431	0.00238	0.00756	0.00632	0.00498	0.04515
19	0.07460	0.06151	0.13119	0.03348	0.01807	0.06020	0.03948	0.07155	0.10307	0.04075	0.04981	0.06459	0.05187	0.01497	0.11370	0.00329	0.00839	0.04693	0.00460	0.00795
20	0.10773	0.08412	0.05367	0.05106	0.06642	0.04556	0.05998	0.13428	0.07230	0.06124	0.03516	0.04600	0.01319	0.00732	0.00630	0.00186	0.02731	0.00589	0.00457	0.11603
21	0.01780	0.08936	0.05622	0.08281	0.05404	0.04495	0.09760	0.16296	0.07347	0.08585	0.03839	0.02074	0.03950	0.00863	0.02008	0.00217	0.04807	0.02236	0.02610	0.00891
22	0.01886	0.11608	0.09066	0.04134	0.01962	0.15369	0.01255	0.18350	0.05261	0.05151	0.01629	0.01823	0.04783	0.00773	0.00680	0.00184	0.04932	0.02232	0.00448	0.08474
23	0.11846	0.11457	0.10547	0.01679	0.10440	0.07597	0.04654	0.08428	0.04850	0.05053	0.04720	0.01703	0.01276	0.03969	0.00793	0.00210	0.05822	0.00549	0.00407	0.04001
24	0.01781	0.12975	0.12066	0.03992	0.10883	0.10584	0.05377	0.11488	0.08081	0.04860	0.03398	0.01603	0.01189	0.00681	0.00640	0.00184	0.02883	0.00541	0.00415	0.06377
25	0.05862	0.26718	0.05763	0.01486	0.06666	0.04563	0.03251	0.12711	0.10912	0.02260	0.01544	0.03769	0.03219	0.00758	0.00659	0.00187	0.05679	0.00563	0.02553	0.00876

[dist]
# distance from previous block
# <min> <max>
31	116

[block]
# block no. 1 follows, 34 sequences, length 20
# corresponding to MSA columns:
# 405-424
name=unknown_B
#
# <colnr> <probs for GDERKNQSTAVLIFYWHMCP>
#	G	D	E	R	K	N	Q	S	T	A	V	L	I	F	Y	W	H	M	C	P
0	0.01339	0.01185	0.04877	0.01402	0.04351	0.03227	0.10882	0.05102	0.08100	0.06454	0.12192	0.21263	0.06196	0.01189	0.00722	0.00218	0.00578	0.03639	0.03959	0.03126
1	0.05979	0.04994	0.01078	0.00964	0.01125	0.05461	0.00700	0.07642	0.01421	0.01906	0.05072	0.32921	0.07325	0.16450	0.01229	0.00308	0.00532	0.03773	0.00521	0.00599
2	0.01809	0.01622	0.01838	0.03721	0.15355	0.11260	0.04335	0.21838	0.09076	0.02551	0.01857	0.02172	0.05559	0.07847	0.00915	0.00235	0.02270	0.00662	0.04197	0.00881
3	0.06050	0.00949	0.01056	0.00989	0.01189	0.00992	0.00714	0.10357	0.12950	0.02190	0.06805	0.24663	0.02756	0.19626	0.01322	0.00318	0.00509	0.01074	0.00548	0.04944
4	0.01991	0.01677	0.08087	0.06454	0.14280	0.01583	0.01412	0.33111	0.02175	0.08901	0.01564	0.01852	0.01195	0.00738	0.00637	0.00191	0.00708	0.03717	0.00520	0.09206
5	0.01692	0.01602	0.02397	0.13324	0.53559	0.08251	0.01835	0.02055	0.01500	0.05798	0.01257	0.01608	0.01014	0.00605	0.00636	0.00193	0.00805	0.00565	0.00342	0.00961
6	0.01664	0.67370	0.03156	0.01157	0.01640	0.02429	0.01121	0.01867	0.01271	0.01523	0.00929	0.01135	0.00864	0.00788	0.03723	0.00190	0.07704	0.00381	0.00280	0.00807
7	0.01340	0.01148	0.01340	0.00957	0.01531	0.00861	0.00766	0.01627	0.01340	0.02105	0.01148	0.01340	0.00957	0.00479	0.00479	0.00096	0.00479	0.00383	0.00383	0.81242
8	0.00946	0.00642	0.00762	0.00774	0.00796	0.00652	0.00481	0.00991	0.00992	0.01329	0.02116	0.04312	0.02389	0.64684	0.09702	0.00639	0.00726	0.06241	0.00403	0.00425
9	0.16889	0.01804	0.02078	0.12828	0.20629	0.19037	0.07862	0.02036	0.01428	0.02020	0.01074	0.01408	0.00875	0.00653	0.00710	0.00200	0.06813	0.00511	0.00331	0.00814
10	0.01122	0.00561	0.00842	0.00842	0.00842	0.00561	0.00561	0.00842	0.00842	0.01122	0.01122	0.01964	0.01122	0.02245	0.02525	0.81201	0.00561	0.00561	0.00281	0.00281
11	0.07770	0.26619	0.06754	0.01401	0.01816	0.22203	0.01240	0.05514	0.01510	0.06114	0.01065	0.01247	0.00882	0.00707	0.00764	0.00184	0.12605	0.00438	0.00351	0.00816
12	0.05210	0.08424	0.08718	0.05839	0.15499	0.07119	0.04597	0.14837	0.08064	0.06811	0.01489	0.01792	0.01187	0.06674	0.00820	0.00227	0.00759	0.00581	0.00440	0.00911
13	0.11517	0.03338	0.01405	0.01133	0.01387	0.03390	0.08376	0.01548	0.03900	0.06939	0.04175	0.01868	0.01290	0.01404	0.01485	0.37896	0.00615	0.00568	0.00380	0.07386
14	0.05361	0.08011	0.21682	0.02231	0.22671	0.06549	0.04783	0.06162	0.01543	0.06570	0.01524	0.01728	0.04412	0.00807	0.03054	0.00221	0.00836	0.00564	0.00372	0.00921
15	0.05257	0.01434	0.04222	0.01229	0.01603	0.03848	0.01013	0.18688	0.22545	0.02784	0.07878	0.02284	0.04803	0.00867	0.00711	0.00197	0.05243	0.00673	0.07989	0.06731
16	0.07313	0.05220	0.23811	0.01459	0.02002	0.04326	0.03150	0.14464	0.14387	0.02525	0.01656	0.06303	0.01339	0.00802	0.00667	0.00204	0.03584	0.00627	0.05258	0.00902
17	0.05442	0.02661	0.06023	0.01570	0.08217	0.06507	0.06647	0.13245	0.03884	0.11936	0.05867	0.11267	0.05018	0.01143	0.04592	0.00247	0.00721	0.00796	0.00521	0.03697
18	0.01573	0.01258	0.01337	0.01156	0.03936	0.05484	0.00873	0.16977	0.04488	0.06722	0.02961	0.02992	0.21740	0.02993	0.03561	0.00221	0.00595	0.00771	0.00533	0.19829
19	0.21863	0.04118	0.03006	0.03067	0.03307	0.10510	0.05129	0.03302	0.10701	0.05731	0.06952	0.05755	0.01617	0.00851	0.01994	0.00205	0.00656	0.00616	0.00464	0.10156

[dist]
# distance from previous block
# <min> <max>
3	19

[block]
# block no. 2 follows, 34 sequences, length 15
# corresponding to MSA columns:
# 444-458
name=unknown_C
#
# <colnr> <probs for GDERKNQSTAVLIFYWHMCP>
#	G	D	E	R	K	N	Q	S	T	A	V	L	I	F	Y	W	H	M	C	P
0	0.01515	0.01404	0.01769	0.15170	0.11923	0.08246	0.03688	0.09168	0.06872	0.02148	0.04858	0.04065	0.01448	0.01236	0.09652	0.00290	0.02850	0.00630	0.00414	0.12654
1	0.01580	0.01194	0.03345	0.04269	0.05685	0.01114	0.03075	0.13109	0.06122	0.10941	0.16669	0.02869	0.08768	0.04332	0.00775	0.00205	0.00547	0.00775	0.00567	0.14056
2	0.04358	0.05040	0.02955	0.02107	0.02690	0.11129	0.42713	0.02039	0.01506	0.02017	0.01204	0.01535	0.00940	0.00550	0.00656	0.00183	0.00943	0.00611	0.00339	0.16484
3	0.00923	0.00692	0.01038	0.01038	0.01154	0.00808	0.00808	0.01154	0.01038	0.01500	0.01731	0.02538	0.01615	0.04846	0.74732	0.01038	0.01731	0.00692	0.00346	0.00577
4	0.81856	0.01250	0.00950	0.00850	0.01250	0.01449	0.00700	0.01899	0.01100	0.02899	0.00900	0.01050	0.00700	0.00600	0.00400	0.00200	0.00500	0.00350	0.00400	0.00700
5	0.01792	0.01480	0.01565	0.01352	0.01751	0.01693	0.01067	0.18166	0.57061	0.03001	0.02395	0.02224	0.01782	0.00855	0.00655	0.00214	0.00555	0.00698	0.00655	0.01039
6	0.02080	0.01400	0.01865	0.09316	0.04937	0.01506	0.06319	0.16469	0.19304	0.22530	0.01983	0.01970	0.01404	0.00789	0.00742	0.00211	0.04931	0.00649	0.00598	0.00999
7	0.00900	0.00610	0.00716	0.00756	0.00765	0.00600	0.00446	0.00929	0.01017	0.01356	0.02434	0.23201	0.02852	0.57634	0.02645	0.00531	0.00561	0.01174	0.00446	0.00426
8	0.00893	0.00706	0.00884	0.04576	0.01158	0.00705	0.00677	0.01141	0.03334	0.01785	0.13654	0.07380	0.30107	0.08379	0.19617	0.00459	0.00742	0.02708	0.00521	0.00572
9	0.04072	0.01261	0.02000	0.53705	0.16035	0.01487	0.01726	0.04928	0.04938	0.01934	0.01244	0.01705	0.00950	0.00650	0.00637	0.00210	0.00809	0.00575	0.00331	0.00803
10	0.01466	0.01424	0.02108	0.41049	0.25972	0.07045	0.01748	0.04467	0.01446	0.01878	0.01200	0.01670	0.00953	0.00816	0.03918	0.00240	0.00887	0.00568	0.00317	0.00826
11	0.08335	0.04039	0.02002	0.16416	0.22156	0.09240	0.01473	0.11940	0.04745	0.02261	0.01352	0.05451	0.01149	0.00755	0.00720	0.00204	0.05895	0.00605	0.00394	0.00866
12	0.01583	0.01482	0.06057	0.16363	0.25262	0.03588	0.01568	0.05185	0.06968	0.07660	0.01735	0.04688	0.04800	0.00813	0.00821	0.00213	0.09251	0.00668	0.00410	0.00885
13	0.01587	0.01385	0.01691	0.19134	0.08751	0.07603	0.01280	0.13345	0.07083	0.04638	0.04652	0.09838	0.03653	0.01035	0.02890	0.00234	0.06208	0.00751	0.00463	0.03780
14	0.03843	0.01383	0.04283	0.21009	0.19702	0.03901	0.01443	0.09244	0.04615	0.07056	0.03123	0.06981	0.03110	0.02843	0.00722	0.00216	0.00711	0.02097	0.00437	0.03280

[dist]
# distance from previous block
# <min> <max>
3	16

[block]
# block no. 3 follows, 34 sequences, length 26
# corresponding to MSA columns:
# 475-500
name=unknown_D
#
# <colnr> <probs for GDERKNQSTAVLIFYWHMCP>
#	G	D	E	R	K	N	Q	S	T	A	V	L	I	F	Y	W	H	M	C	P
0	0.08063	0.04560	0.01857	0.12090	0.08597	0.14332	0.05085	0.09090	0.08763	0.12974	0.01902	0.01989	0.06394	0.00762	0.00623	0.00197	0.00749	0.00617	0.00481	0.00875
1	0.05263	0.04016	0.02139	0.05995	0.12047	0.05419	0.14808	0.06545	0.06286	0.02177	0.01695	0.02038	0.05797	0.00730	0.00706	0.00189	0.04667	0.02764	0.00404	0.16314
2	0.07088	0.01227	0.07354	0.04059	0.04910	0.01111	0.02447	0.12420	0.06186	0.04630	0.06642	0.22319	0.10092	0.01252	0.00710	0.00226	0.00555	0.05459	0.00551	0.00762
3	0.03540	0.07475	0.01359	0.01063	0.01366	0.01236	0.00839	0.14429	0.16104	0.04758	0.11858	0.16476	0.14480	0.01211	0.00689	0.00212	0.00482	0.01019	0.00608	0.00793
4	0.01520	0.01072	0.01255	0.03088	0.01461	0.01078	0.00852	0.21055	0.04248	0.07745	0.05184	0.27336	0.07498	0.04096	0.00800	0.00226	0.00515	0.01079	0.00594	0.09299
5	0.03738	0.01545	0.01862	0.28480	0.08805	0.14513	0.05843	0.04023	0.07309	0.06132	0.01873	0.04386	0.07158	0.00793	0.00652	0.00205	0.00802	0.00675	0.00410	0.00797
6	0.11769	0.17562	0.14239	0.03901	0.09184	0.05355	0.01378	0.10328	0.07305	0.11047	0.01405	0.01491	0.01050	0.00662	0.00560	0.00187	0.00719	0.00498	0.00436	0.00927
7	0.01816	0.01544	0.06300	0.08879	0.09799	0.01436	0.15354	0.17735	0.01853	0.11779	0.04697	0.01834	0.01315	0.00790	0.02645	0.00214	0.00783	0.00626	0.00477	0.10124
8	0.05534	0.01366	0.01602	0.01475	0.07628	0.01464	0.01097	0.32226	0.08173	0.09305	0.08845	0.02475	0.01911	0.01072	0.03340	0.02381	0.00647	0.05656	0.02873	0.00929
9	0.01596	0.43861	0.22919	0.01428	0.05179	0.02006	0.01468	0.01973	0.01352	0.03792	0.01057	0.01216	0.00869	0.00571	0.00493	0.00157	0.00744	0.00405	0.00302	0.08613
10	0.01405	0.07275	0.55748	0.01700	0.02508	0.01460	0.05232	0.02019	0.01364	0.06556	0.01314	0.01656	0.01005	0.07037	0.00835	0.00236	0.00892	0.00533	0.00319	0.00906
11	0.01100	0.00699	0.00843	0.00805	0.01004	0.00618	0.00598	0.01300	0.01564	0.11442	0.24368	0.16136	0.30610	0.04891	0.00871	0.00237	0.00371	0.01268	0.00649	0.00627
12	0.04166	0.08195	0.09931	0.05052	0.03629	0.06352	0.01300	0.28415	0.11576	0.10007	0.01775	0.01786	0.03429	0.00760	0.00618	0.00195	0.00713	0.00585	0.00538	0.00980
13	0.00977	0.00703	0.00991	0.00980	0.01084	0.00811	0.00748	0.01189	0.01064	0.01584	0.01771	0.02646	0.01663	0.11354	0.56200	0.00865	0.04322	0.00701	0.09781	0.00567
14	0.00787	0.00562	0.00750	0.00900	0.00937	0.00525	0.00600	0.00900	0.01237	0.01649	0.03561	0.76871	0.04274	0.02024	0.00825	0.00262	0.00375	0.01837	0.00600	0.00525
15	0.01376	0.01308	0.02220	0.46165	0.32805	0.01477	0.01872	0.01788	0.01366	0.01840	0.01176	0.01672	0.00928	0.00617	0.00643	0.00206	0.00823	0.00575	0.00301	0.00844
16	0.01359	0.03654	0.04297	0.01602	0.01940	0.03574	0.16279	0.05046	0.09029	0.02110	0.02469	0.04506	0.02437	0.01236	0.00837	0.00254	0.03413	0.34699	0.00506	0.00752
17	0.00797	0.00643	0.00709	0.00719	0.00900	0.00556	0.00529	0.00983	0.01513	0.01903	0.19545	0.15325	0.50366	0.01624	0.00771	0.00221	0.00329	0.01387	0.00622	0.00556
18	0.00932	0.00655	0.00850	0.00850	0.00901	0.00705	0.00573	0.01033	0.00983	0.01361	0.01903	0.03491	0.02029	0.45688	0.34455	0.00806	0.01108	0.00832	0.00372	0.00472
19	0.02220	0.05753	0.07921	0.05088	0.02158	0.60758	0.01358	0.02488	0.03405	0.01648	0.01054	0.01232	0.00859	0.00661	0.00584	0.00172	0.01100	0.00433	0.00331	0.00774
20	0.81856	0.01250	0.00950	0.00850	0.01250	0.01449	0.00700	0.01899	0.01100	0.02899	0.00900	0.01050	0.00700	0.00600	0.00400	0.00200	0.00500	0.00350	0.00400	0.00700
21	0.01362	0.02804	0.52819	0.02091	0.10103	0.01566	0.06389	0.02022	0.03018	0.02018	0.01176	0.01442	0.00880	0.00667	0.00786	0.00213	0.08900	0.00520	0.00291	0.00932
22	0.01055	0.00906	0.01116	0.01103	0.01228	0.07011	0.00850	0.01269	0.01116	0.01518	0.01759	0.07166	0.01696	0.04198	0.61487	0.00892	0.03940	0.00739	0.00359	0.00592
23	0.01388	0.05033	0.12488	0.09398	0.23156	0.01444	0.11627	0.01837	0.03692	0.01964	0.01520	0.10279	0.01377	0.00799	0.00755	0.00208	0.05849	0.00723	0.03045	0.03419
24	0.01142	0.00781	0.00935	0.00858	0.01101	0.00702	0.00649	0.01472	0.06127	0.09555	0.26894	0.13586	0.24042	0.01345	0.00727	0.00206	0.00374	0.01159	0.00642	0.07703
25	0.01368	0.01240	0.01389	0.07259	0.01773	0.05637	0.00874	0.01650	0.01362	0.02008	0.01273	0.05552	0.01125	0.00590	0.00518	0.00120	0.00549	0.00482	0.00384	0.64850

[dist]
# distance from previous block
# <min> <max>
1	2

[block]
# block no. 4 follows, 34 sequences, length 17
# corresponding to MSA columns:
# 503-519
name=unknown_E
#
# <colnr> <probs for GDERKNQSTAVLIFYWHMCP>
#	G	D	E	R	K	N	Q	S	T	A	V	L	I	F	Y	W	H	M	C	P
0	0.00813	0.00634	0.00708	0.00741	0.00882	0.00563	0.00524	0.00956	0.01371	0.01720	0.09944	0.20828	0.41350	0.12705	0.01147	0.00288	0.00387	0.03336	0.00577	0.00525
1	0.01566	0.10909	0.34043	0.02227	0.13714	0.03199	0.16387	0.02111	0.01450	0.06571	0.01255	0.01492	0.00936	0.00600	0.00628	0.00197	0.00903	0.00547	0.00327	0.00939
2	0.01937	0.29704	0.08083	0.01579	0.08394	0.10422	0.01302	0.20020	0.01854	0.04656	0.01331	0.05505	0.01133	0.00720	0.00561	0.00175	0.00757	0.00539	0.00418	0.00910
3	0.01498	0.02818	0.55221	0.01783	0.02572	0.01496	0.04846	0.02117	0.01384	0.10026	0.01287	0.01478	0.00916	0.00688	0.00787	0.00213	0.09075	0.00518	0.00335	0.00941
4	0.01352	0.01283	0.02176	0.50838	0.28324	0.01470	0.01860	0.01766	0.01354	0.01810	0.01172	0.01680	0.00918	0.00622	0.00644	0.00207	0.00829	0.00575	0.00298	0.00824
5	0.01538	0.05840	0.42626	0.05517	0.09756	0.10918	0.06747	0.02101	0.01465	0.04072	0.02804	0.01494	0.00996	0.00632	0.00620	0.00197	0.00931	0.00519	0.00315	0.00910
6	0.01683	0.10732	0.19681	0.14030	0.06170	0.16444	0.05396	0.02128	0.03804	0.05202	0.01193	0.01458	0.00927	0.00682	0.00742	0.00199	0.07842	0.00511	0.00332	0.00845
7	0.01440	0.01621	0.03459	0.02491	0.03096	0.01512	0.63021	0.01942	0.01519	0.02033	0.01894	0.02245	0.09053	0.00667	0.00763	0.00218	0.01004	0.00830	0.00357	0.00835
8	0.00847	0.00597	0.00809	0.00953	0.01011	0.00568	0.00683	0.00982	0.01272	0.01687	0.03456	0.61145	0.04066	0.01985	0.00892	0.02858	0.00423	0.14646	0.00589	0.00530
9	0.01401	0.01388	0.04062	0.18704	0.34276	0.03350	0.06896	0.03538	0.01442	0.01959	0.01634	0.15246	0.01565	0.00860	0.00682	0.00211	0.00756	0.00811	0.00372	0.00848
10	0.00908	0.09221	0.01060	0.00933	0.01041	0.00767	0.00681	0.01044	0.01269	0.01656	0.03348	0.61781	0.06019	0.01832	0.00781	0.00249	0.00423	0.05860	0.00563	0.00564
11	0.00892	0.00682	0.00970	0.12041	0.01521	0.00696	0.00845	0.01083	0.01294	0.01699	0.03286	0.51922	0.06104	0.01767	0.00807	0.00260	0.00481	0.12532	0.00553	0.00566
12	0.01669	0.13586	0.23638	0.07060	0.05375	0.03866	0.11206	0.16654	0.01724	0.02329	0.01230	0.01477	0.00941	0.00789	0.03135	0.00224	0.03277	0.00538	0.00368	0.00915
13	0.04764	0.03916	0.06386	0.13017	0.07752	0.07473	0.10869	0.08708	0.01557	0.02082	0.01827	0.14590	0.01784	0.01008	0.00751	0.00223	0.03661	0.08433	0.00424	0.00775
14	0.01752	0.49782	0.18155	0.01323	0.01955	0.02244	0.01398	0.12987	0.01599	0.02039	0.01058	0.01188	0.00870	0.00601	0.00494	0.00161	0.00750	0.00411	0.00335	0.00899
15	0.01680	0.01511	0.01788	0.19256	0.16641	0.13389	0.01376	0.08251	0.04956	0.07247	0.01736	0.10114	0.01563	0.03947	0.00771	0.00225	0.00767	0.03520	0.00439	0.00822
16	0.04222	0.03668	0.09446	0.08525	0.19669	0.06720	0.09492	0.08988	0.01654	0.08582	0.02031	0.02192	0.10433	0.00768	0.00652	0.00200	0.00767	0.00673	0.00428	0.00889

[dist]
# distance from previous block
# <min> <max>
2	25

[block]
# block no. 5 follows, 34 sequences, length 22
# corresponding to MSA columns:
# 545-566
name=unknown_F
#
# <colnr> <probs for GDERKNQSTAVLIFYWHMCP>
#	G	D	E	R	K	N	Q	S	T	A	V	L	I	F	Y	W	H	M	C	P
0	0.01329	0.00950	0.01097	0.01024	0.01224	0.00980	0.00757	0.18943	0.04646	0.03636	0.05163	0.29328	0.09557	0.11573	0.01164	0.03813	0.00510	0.03048	0.00580	0.00681
1	0.01723	0.01572	0.02277	0.20749	0.38439	0.05129	0.01746	0.16196	0.01768	0.02379	0.01258	0.01598	0.00991	0.00638	0.00640	0.00197	0.00798	0.00569	0.00380	0.00952
2	0.01802	0.01651	0.02174	0.06905	0.26745	0.10585	0.07963	0.11999	0.09371	0.06099	0.01637	0.07222	0.01369	0.00768	0.00662	0.00201	0.00777	0.00688	0.00449	0.00935
3	0.02126	0.01855	0.01941	0.07001	0.02175	0.12878	0.04434	0.39554	0.05826	0.03054	0.01407	0.01532	0.01053	0.00742	0.00717	0.00191	0.05238	0.00555	0.00516	0.07206
4	0.00856	0.00639	0.00728	0.00718	0.00885	0.00561	0.00526	0.00968	0.01429	0.01797	0.18276	0.05198	0.47460	0.01684	0.01076	0.14577	0.00364	0.01184	0.00565	0.00511
5	0.01340	0.00995	0.01082	0.00975	0.01230	0.04260	0.00754	0.11648	0.04785	0.07700	0.27129	0.10088	0.20890	0.01302	0.00733	0.00212	0.00450	0.03060	0.00649	0.00718
6	0.10772	0.32827	0.07208	0.04863	0.01906	0.12277	0.01210	0.11408	0.04852	0.02142	0.01220	0.01516	0.01031	0.00681	0.00525	0.00175	0.00753	0.03414	0.00380	0.00842
7	0.00793	0.00572	0.00751	0.00882	0.00935	0.00530	0.00595	0.00918	0.01281	0.01705	0.07447	0.69320	0.07947	0.01966	0.00818	0.00257	0.00369	0.01776	0.00606	0.00530
8	0.01662	0.01376	0.01463	0.01308	0.01679	0.01579	0.01020	0.03421	0.69115	0.05715	0.02626	0.02402	0.01957	0.00873	0.00657	0.00218	0.00513	0.00727	0.00663	0.01026
9	0.01462	0.05881	0.53035	0.02105	0.12274	0.05430	0.04197	0.04552	0.01466	0.02084	0.01167	0.01391	0.00862	0.00613	0.00614	0.00198	0.00925	0.00495	0.00298	0.00951
10	0.01455	0.01405	0.02429	0.30149	0.41029	0.01508	0.06965	0.01905	0.03217	0.01954	0.01234	0.01676	0.00985	0.00607	0.00651	0.00203	0.00819	0.00593	0.00317	0.00900
11	0.00780	0.00648	0.00681	0.00687	0.00886	0.00550	0.00510	0.00953	0.01489	0.01818	0.12536	0.11291	0.61679	0.01635	0.00768	0.00220	0.00329	0.01380	0.00610	0.00550
12	0.01621	0.01555	0.02449	0.14671	0.56057	0.04588	0.01884	0.05604	0.01542	0.02122	0.01214	0.01597	0.00995	0.00601	0.00639	0.00195	0.00795	0.00569	0.00333	0.00969
13	0.02109	0.16793	0.07230	0.04005	0.05677	0.20047	0.01289	0.09010	0.07321	0.15270	0.01469	0.01531	0.01100	0.00705	0.00642	0.00184	0.03742	0.00510	0.00455	0.00911
14	0.00877	0.00661	0.00743	0.00737	0.00929	0.00572	0.00547	0.01070	0.01538	0.04518	0.20915	0.14152	0.47278	0.01582	0.00766	0.00219	0.00336	0.01350	0.00632	0.00577
15	0.00804	0.00595	0.00756	0.00876	0.00958	0.00547	0.00616	0.00942	0.01304	0.01692	0.04130	0.57287	0.17606	0.01929	0.00818	0.00257	0.00384	0.07364	0.00599	0.00535
16	0.01125	0.00969	0.01266	0.01277	0.05109	0.04791	0.06656	0.06324	0.01537	0.02004	0.10434	0.38220	0.11131	0.01532	0.00774	0.00236	0.00521	0.04881	0.00562	0.00649
17	0.01529	0.18401	0.29929	0.02156	0.17888	0.04571	0.06914	0.04169	0.01454	0.01979	0.01238	0.04663	0.01038	0.00656	0.00597	0.00189	0.00843	0.00552	0.00316	0.00915
18	0.02027	0.02126	0.05106	0.08676	0.09107	0.25630	0.04095	0.21109	0.08705	0.02461	0.01383	0.01559	0.01066	0.00837	0.03085	0.00218	0.00919	0.00546	0.00441	0.00902
19	0.04950	0.01355	0.03945	0.21896	0.09199	0.05802	0.07661	0.05877	0.04164	0.05040	0.01827	0.16317	0.01729	0.00978	0.00742	0.00222	0.03676	0.03412	0.00430	0.00777
20	0.16598	0.08881	0.04474	0.04144	0.18101	0.17684	0.05678	0.02034	0.01420	0.02033	0.01053	0.01320	0.00873	0.00625	0.00646	0.00183	0.05459	0.00468	0.00335	0.07991
21	0.05010	0.01664	0.06180	0.07285	0.17155	0.07753	0.04482	0.13719	0.12156	0.08404	0.01683	0.05868	0.01347	0.00763	0.00639	0.00199	0.00726	0.00648	0.00481	0.03838

[dist]
# distance from previous block
# <min> <max>
1	11

[block]
# block no. 6 follows, 34 sequences, length 20
# corresponding to MSA columns:
# 578-597
name=unknown_G
#
# <colnr> <probs for GDERKNQSTAVLIFYWHMCP>
#	G	D	E	R	K	N	Q	S	T	A	V	L	I	F	Y	W	H	M	C	P
0	0.01533	0.04904	0.11937	0.04566	0.04327	0.09087	0.10807	0.07251	0.12541	0.02105	0.01710	0.05434	0.02763	0.06726	0.04074	0.00266	0.02521	0.00679	0.00418	0.06349
1	0.01867	0.43007	0.07196	0.01381	0.03605	0.22151	0.01228	0.03867	0.04509	0.01706	0.01221	0.01344	0.03201	0.00642	0.00506	0.00159	0.00821	0.00434	0.00328	0.00826
2	0.01920	0.60474	0.03006	0.01195	0.01710	0.13609	0.01116	0.02124	0.01433	0.06861	0.01036	0.01142	0.00887	0.00589	0.00458	0.00147	0.00754	0.00379	0.00324	0.00837
3	0.01710	0.74676	0.06238	0.01135	0.01704	0.02514	0.01157	0.01939	0.01315	0.01541	0.00909	0.01050	0.00829	0.00555	0.00423	0.00141	0.00702	0.00351	0.00276	0.00834
4	0.00825	0.00604	0.00770	0.00856	0.00944	0.00557	0.00599	0.00986	0.01385	0.01846	0.17517	0.47904	0.13686	0.04356	0.00890	0.00259	0.00373	0.04486	0.00614	0.00543
5	0.00918	0.00738	0.00890	0.00946	0.04337	0.00679	0.00681	0.01224	0.04617	0.02102	0.27619	0.05499	0.37184	0.01467	0.00767	0.00221	0.00377	0.08496	0.00626	0.00614
6	0.00806	0.00640	0.00681	0.00695	0.00849	0.00562	0.00486	0.00936	0.01353	0.01664	0.07459	0.13075	0.49584	0.16842	0.01276	0.00304	0.00391	0.01321	0.00562	0.00515
7	0.00839	0.00636	0.00774	0.00785	0.00931	0.00571	0.00571	0.01057	0.01584	0.02117	0.36759	0.21890	0.25976	0.01579	0.00777	0.00221	0.00328	0.01382	0.00652	0.00571
8	0.01611	0.01499	0.02465	0.14538	0.57243	0.01558	0.01894	0.07455	0.01570	0.02199	0.01232	0.01614	0.01005	0.00602	0.00641	0.00196	0.00777	0.00576	0.00341	0.00984
9	0.01296	0.03342	0.73944	0.01842	0.02797	0.01501	0.02387	0.02046	0.01364	0.02046	0.01160	0.01364	0.00818	0.00614	0.00614	0.00205	0.00955	0.00477	0.00273	0.00955
10	0.01434	0.01547	0.05062	0.32127	0.16267	0.04578	0.18888	0.01858	0.01379	0.01840	0.01166	0.01641	0.00916	0.00653	0.00806	0.00216	0.07886	0.00610	0.00304	0.00820
11	0.01523	0.01466	0.02277	0.14364	0.49784	0.04376	0.01770	0.01992	0.06258	0.02040	0.01569	0.02037	0.03778	0.00694	0.00654	0.00201	0.00758	0.03166	0.00359	0.00933
12	0.00841	0.00680	0.00850	0.00821	0.01004	0.00601	0.03124	0.01053	0.01541	0.01997	0.25968	0.18077	0.37958	0.01569	0.00774	0.00221	0.00357	0.01366	0.00624	0.00573
13	0.01957	0.20660	0.05368	0.01353	0.01831	0.13588	0.01167	0.23483	0.10814	0.02534	0.01488	0.05039	0.01228	0.00748	0.00576	0.00176	0.00733	0.00558	0.00470	0.06229
14	0.01724	0.01467	0.04441	0.01183	0.01746	0.01297	0.00995	0.25199	0.04138	0.02787	0.01332	0.01446	0.01031	0.00597	0.00546	0.00137	0.00577	0.00465	0.00476	0.48417
15	0.00987	0.00755	0.00996	0.03889	0.04308	0.00744	0.00764	0.04672	0.04723	0.01862	0.03115	0.60048	0.03586	0.01723	0.00777	0.00245	0.00438	0.01553	0.00571	0.04245
16	0.01427	0.08689	0.51360	0.01698	0.02504	0.01577	0.04518	0.07152	0.04749	0.02169	0.01261	0.01455	0.00934	0.00774	0.03213	0.00224	0.00907	0.00500	0.00328	0.04562
17	0.01312	0.01305	0.08240	0.20635	0.25695	0.01193	0.01527	0.01663	0.01390	0.05307	0.04528	0.20500	0.01992	0.00996	0.00690	0.00217	0.00682	0.00906	0.00415	0.00805
18	0.05607	0.01569	0.05565	0.09339	0.61194	0.01522	0.01921	0.01955	0.01434	0.02112	0.01192	0.01571	0.00986	0.00584	0.00627	0.00195	0.00770	0.00560	0.00319	0.00980
19	0.01405	0.01383	0.02038	0.46074	0.09902	0.06902	0.05144	0.04329	0.01391	0.01789	0.01243	0.05020	0.01041	0.00754	0.00811	0.00218	0.08845	0.00628	0.00323	0.00760

[dist]
# distance from previous block
# <min> <max>
0	1

[block]
# block no. 7 follows, 34 sequences, length 13
# corresponding to MSA columns:
# 599-611
name=unknown_H
#
# <colnr> <probs for GDERKNQSTAVLIFYWHMCP>
#	G	D	E	R	K	N	Q	S	T	A	V	L	I	F	Y	W	H	M	C	P
0	0.01427	0.21814	0.21172	0.10968	0.05530	0.01662	0.09827	0.01906	0.04343	0.03264	0.01502	0.06696	0.02649	0.03719	0.00709	0.00211	0.00791	0.00634	0.00344	0.00832
1	0.00981	0.00727	0.00916	0.00903	0.01018	0.00773	0.00649	0.03856	0.03682	0.01614	0.02649	0.08432	0.12103	0.25541	0.32523	0.00686	0.01030	0.00934	0.00435	0.00550
2	0.03788	0.01206	0.09583	0.01440	0.06448	0.02796	0.05760	0.01380	0.01210	0.01722	0.02075	0.18745	0.04707	0.02466	0.25575	0.03614	0.05513	0.00914	0.00396	0.00662
3	0.04542	0.14908	0.02167	0.12891	0.08847	0.21448	0.04254	0.05389	0.04269	0.04253	0.01382	0.03960	0.02802	0.00742	0.00686	0.00191	0.05525	0.00561	0.00372	0.00811
4	0.01466	0.08927	0.14007	0.23491	0.03259	0.06017	0.25513	0.01933	0.01400	0.01835	0.01155	0.01559	0.00890	0.00626	0.00740	0.00208	0.05260	0.00593	0.00300	0.00819
5	0.01500	0.01472	0.04515	0.16680	0.17020	0.05218	0.09070	0.09132	0.05012	0.02154	0.05455	0.01932	0.01381	0.01224	0.10054	0.00307	0.03326	0.00634	0.00391	0.03523
6	0.05625	0.00924	0.04296	0.01199	0.05486	0.00835	0.05779	0.01278	0.03986	0.01765	0.05129	0.30309	0.06328	0.22436	0.01446	0.00344	0.00552	0.01202	0.00486	0.00595
7	0.01597	0.05878	0.02314	0.21220	0.32974	0.06708	0.04596	0.08288	0.01576	0.02077	0.01340	0.06057	0.01157	0.00702	0.00641	0.00198	0.00800	0.00635	0.00357	0.00887
8	0.00921	0.00634	0.00770	0.00770	0.00816	0.00629	0.00489	0.01016	0.01169	0.01602	0.17975	0.09902	0.03280	0.48818	0.08072	0.00535	0.00621	0.01042	0.00476	0.00465
9	0.01910	0.49519	0.02875	0.01529	0.08394	0.22867	0.01227	0.02122	0.01474	0.01592	0.00956	0.01125	0.00848	0.00587	0.00483	0.00151	0.00832	0.00387	0.00296	0.00825
10	0.01458	0.01600	0.09013	0.22787	0.25658	0.01531	0.11442	0.02162	0.13707	0.02076	0.01451	0.01772	0.01119	0.00647	0.00659	0.00208	0.00811	0.00619	0.00366	0.00912
11	0.02216	0.01636	0.04942	0.01547	0.06148	0.01654	0.01234	0.43191	0.06318	0.12916	0.01770	0.01927	0.01310	0.00923	0.03029	0.00223	0.00711	0.03257	0.00609	0.04438
12	0.00898	0.00702	0.00946	0.01170	0.08934	0.00658	0.00715	0.01056	0.01330	0.01763	0.09735	0.42701	0.16354	0.08711	0.01016	0.00275	0.00427	0.01470	0.00559	0.00579

[dist]
# distance from previous block
# <min> <max>
0	2

[block]
# block no. 8 follows, 34 sequences, length 27
# corresponding to MSA columns:
# 614-640
name=unknown_I
#
# <colnr> <probs for GDERKNQSTAVLIFYWHMCP>
#	G	D	E	R	K	N	Q	S	T	A	V	L	I	F	Y	W	H	M	C	P
0	0.00952	0.00682	0.00922	0.00972	0.01083	0.00644	0.02772	0.03960	0.01399	0.03884	0.08482	0.58650	0.08071	0.01815	0.00804	0.00250	0.00412	0.03055	0.00607	0.00584
1	0.01689	0.17057	0.14614	0.04985	0.06017	0.06474	0.03527	0.13099	0.13400	0.02283	0.01659	0.01774	0.04654	0.00753	0.00689	0.00195	0.05228	0.00573	0.00422	0.00906
2	0.00910	0.00631	0.00763	0.00794	0.00830	0.00632	0.00507	0.00976	0.01051	0.01400	0.02531	0.15801	0.06031	0.50101	0.10365	0.00577	0.00690	0.04520	0.00440	0.00450
3	0.01427	0.13200	0.36692	0.02284	0.20133	0.01625	0.07844	0.01963	0.01402	0.01975	0.01406	0.01640	0.04330	0.00639	0.00612	0.00194	0.00852	0.00550	0.00305	0.00927
4	0.05706	0.06717	0.19601	0.09238	0.23711	0.15921	0.01751	0.04142	0.01529	0.04163	0.01169	0.01425	0.00913	0.00622	0.00598	0.00190	0.00874	0.00498	0.00333	0.00901
5	0.01315	0.10669	0.55366	0.01780	0.05864	0.01537	0.02065	0.01935	0.01329	0.01936	0.01197	0.01468	0.00915	0.01062	0.08592	0.00287	0.01002	0.00492	0.00283	0.00904
6	0.01143	0.00832	0.00937	0.00875	0.00951	0.00897	0.00570	0.06228	0.08769	0.01625	0.02007	0.03702	0.02145	0.59833	0.02759	0.00535	0.04360	0.00873	0.00433	0.00526
7	0.01465	0.01759	0.14661	0.11265	0.50108	0.01469	0.01958	0.01905	0.01433	0.02032	0.01463	0.01801	0.04537	0.00642	0.00642	0.00198	0.00788	0.00598	0.00322	0.00955
8	0.02104	0.01977	0.01829	0.06247	0.04992	0.22184	0.01277	0.30566	0.07901	0.02748	0.01561	0.01972	0.01272	0.00833	0.00716	0.00202	0.04262	0.05945	0.00503	0.00910
9	0.00912	0.00687	0.01000	0.01000	0.01118	0.00783	0.00771	0.01130	0.01066	0.01509	0.02084	0.02858	0.06716	0.07113	0.67012	0.00966	0.01593	0.00749	0.00366	0.00568
10	0.01766	0.01561	0.02136	0.27029	0.29656	0.10169	0.01673	0.06519	0.01596	0.09748	0.01333	0.01650	0.01014	0.00647	0.00637	0.00198	0.00819	0.00565	0.00383	0.00903
11	0.01505	0.14607	0.19206	0.07829	0.22316	0.01715	0.19801	0.01988	0.01422	0.01955	0.01169	0.01499	0.00922	0.00578	0.00629	0.00194	0.00888	0.00564	0.00301	0.00914
12	0.00803	0.00585	0.00761	0.00895	0.00959	0.00543	0.00620	0.00934	0.01279	0.01680	0.03860	0.64607	0.11351	0.01967	0.00823	0.00260	0.00386	0.06557	0.00599	0.00532
13	0.00955	0.00801	0.01154	0.06529	0.07399	0.00781	0.04279	0.01221	0.04295	0.01795	0.05248	0.41122	0.18766	0.01582	0.00771	0.00238	0.00471	0.01422	0.00545	0.00625
14	0.01561	0.15569	0.41781	0.01960	0.10126	0.11489	0.04832	0.02093	0.01436	0.01903	0.01106	0.01323	0.00851	0.00604	0.00585	0.00188	0.00924	0.00470	0.00289	0.00910
15	0.01367	0.05884	0.55972	0.04180	0.15900	0.01547	0.02246	0.02020	0.01380	0.02027	0.01159	0.01404	0.00858	0.00605	0.00612	0.00200	0.00907	0.00493	0.00282	0.00956
16	0.01253	0.01213	0.02140	0.67860	0.04334	0.01457	0.09253	0.01696	0.01317	0.01696	0.01166	0.01725	0.00874	0.00635	0.00659	0.00216	0.00886	0.00595	0.00291	0.00734
17	0.01403	0.06907	0.13550	0.32586	0.26017	0.01564	0.05218	0.01859	0.01373	0.01871	0.01162	0.01581	0.00910	0.00607	0.00629	0.00201	0.00845	0.00553	0.00297	0.00868
18	0.01429	0.01615	0.10138	0.17614	0.35587	0.01517	0.07875	0.01840	0.01371	0.01934	0.01275	0.05025	0.01096	0.00711	0.00801	0.00212	0.08116	0.00638	0.00318	0.00888
19	0.01010	0.00693	0.00776	0.00761	0.00981	0.00594	0.00574	0.01184	0.01493	0.09528	0.07571	0.15209	0.52195	0.01593	0.00763	0.00224	0.00365	0.03258	0.00625	0.00606
20	0.01403	0.01433	0.02864	0.13264	0.09622	0.01405	0.40626	0.01853	0.01478	0.03326	0.03345	0.06766	0.03118	0.00786	0.00745	0.00223	0.00903	0.05647	0.00379	0.00814
21	0.01415	0.19176	0.30161	0.01823	0.11059	0.03060	0.04984	0.02933	0.01400	0.01910	0.03053	0.06999	0.04792	0.00781	0.00664	0.00196	0.03761	0.00632	0.00338	0.00862
22	0.01607	0.12138	0.40759	0.01914	0.09889	0.01586	0.06116	0.05000	0.01498	0.09796	0.01361	0.03150	0.01024	0.00656	0.00610	0.00196	0.00843	0.00542	0.00361	0.00953
23	0.01018	0.00785	0.00885	0.00868	0.01039	0.04286	0.00645	0.01235	0.01548	0.05279	0.28963	0.17226	0.22357	0.01851	0.08741	0.00306	0.00531	0.01224	0.00609	0.00604
24	0.01303	0.01295	0.03728	0.44953	0.19869	0.03181	0.04091	0.01693	0.01351	0.01779	0.01426	0.09782	0.01269	0.00775	0.00666	0.00214	0.00805	0.00711	0.00331	0.00779
25	0.01719	0.05358	0.11073	0.07129	0.36103	0.01579	0.04616	0.12881	0.01711	0.06423	0.01533	0.01766	0.03865	0.00668	0.00638	0.00195	0.00767	0.00597	0.00400	0.00979
26	0.01567	0.01643	0.05642	0.08906	0.50397	0.06677	0.03793	0.02011	0.04687	0.02035	0.01390	0.05787	0.01211	0.00683	0.00650	0.00198	0.00787	0.00642	0.00347	0.00945

[dist]
# distance from previous block
# <min> <max>
1	11

[block]
# block no. 9 follows, 34 sequences, length 218
# corresponding to MSA columns:
# 652-869
name=unknown_J
#
# <colnr> <probs for GDERKNQSTAVLIFYWHMCP>
#	G	D	E	R	K	N	Q	S	T	A	V	L	I	F	Y	W	H	M	C	P
0	0.01608	0.01670	0.09985	0.13528	0.36194	0.01488	0.15713	0.02057	0.01477	0.08034	0.01330	0.01672	0.01019	0.00602	0.00663	0.00202	0.00846	0.00609	0.00352	0.00949
1	0.01561	0.11254	0.03662	0.07303	0.32481	0.09219	0.01470	0.04252	0.03520	0.02075	0.11080	0.02196	0.05709	0.00762	0.00629	0.00188	0.00714	0.00655	0.00401	0.00869
2	0.00785	0.00570	0.00742	0.00880	0.00932	0.00527	0.00591	0.00902	0.01256	0.01657	0.03805	0.71092	0.09895	0.01993	0.00820	0.00259	0.00371	0.01798	0.00600	0.00527
3	0.00856	0.00658	0.00782	0.00751	0.00929	0.00585	0.00563	0.01106	0.01690	0.02262	0.47061	0.05369	0.32162	0.01444	0.00763	0.00209	0.00314	0.01245	0.00668	0.00585
4	0.01340	0.01148	0.01340	0.00957	0.01531	0.00861	0.00766	0.01627	0.01340	0.02105	0.01148	0.01340	0.00957	0.00479	0.00479	0.00096	0.00479	0.00383	0.00383	0.81242
5	0.01648	0.11161	0.19242	0.01862	0.07395	0.06556	0.13913	0.08169	0.10064	0.04640	0.01693	0.02050	0.03319	0.00744	0.00646	0.00202	0.00821	0.04552	0.00415	0.00909
6	0.00787	0.00581	0.00737	0.00855	0.00927	0.00531	0.00582	0.00914	0.01295	0.01695	0.06212	0.62663	0.15983	0.01937	0.00812	0.00253	0.00365	0.01736	0.00603	0.00531
7	0.06485	0.07468	0.01860	0.01525	0.07404	0.04682	0.01151	0.30375	0.16537	0.08095	0.04124	0.01798	0.01418	0.00759	0.00613	0.00191	0.00647	0.00592	0.00572	0.03702
8	0.03863	0.20335	0.16981	0.01713	0.08497	0.03500	0.07815	0.10173	0.03739	0.10572	0.01355	0.01477	0.01018	0.00630	0.00576	0.00180	0.00762	0.00510	0.00411	0.05891
9	0.01738	0.12699	0.19811	0.02127	0.19089	0.01680	0.06348	0.13741	0.03803	0.06384	0.01363	0.01541	0.01035	0.00638	0.00602	0.00187	0.00773	0.00538	0.02887	0.03018
10	0.01580	0.41944	0.21005	0.01460	0.03979	0.04091	0.05372	0.04479	0.01432	0.01814	0.01430	0.01571	0.06047	0.00658	0.00530	0.00170	0.00771	0.00493	0.00318	0.00856
11	0.00976	0.08974	0.01122	0.00964	0.03196	0.00838	0.00705	0.02824	0.01449	0.01871	0.12919	0.32534	0.22604	0.01584	0.00750	0.00227	0.00418	0.04866	0.00572	0.00607
12	0.04324	0.13922	0.04350	0.07950	0.06326	0.20394	0.05074	0.06171	0.03328	0.08719	0.01756	0.08450	0.04907	0.00825	0.00613	0.00190	0.00794	0.00662	0.00427	0.00818
13	0.01447	0.10360	0.15579	0.06917	0.12451	0.01496	0.13662	0.04380	0.01461	0.04301	0.05872	0.06289	0.01599	0.04368	0.00858	0.00228	0.04698	0.02818	0.00383	0.00834
14	0.00880	0.00659	0.00816	0.00777	0.00944	0.00595	0.00583	0.01153	0.01749	0.02400	0.57931	0.05141	0.21206	0.01392	0.00762	0.00207	0.00310	0.01213	0.00686	0.00595
15	0.01678	0.02072	0.10641	0.02884	0.27658	0.14094	0.27329	0.02124	0.01541	0.01998	0.01206	0.01552	0.00953	0.00584	0.00672	0.00198	0.00975	0.00607	0.00320	0.00913
16	0.01765	0.03997	0.09176	0.09015	0.23364	0.11544	0.05419	0.08619	0.07835	0.06623	0.01530	0.05520	0.01249	0.00730	0.00643	0.00198	0.00803	0.00632	0.00417	0.00923
17	0.01755	0.01255	0.01323	0.01160	0.01511	0.05735	0.00907	0.02752	0.35564	0.18016	0.10924	0.03041	0.11258	0.00993	0.00676	0.00210	0.00514	0.00823	0.00667	0.00916
18	0.00838	0.00610	0.00826	0.00907	0.00966	0.00573	0.02532	0.00938	0.01205	0.01595	0.03386	0.58148	0.07850	0.12584	0.01217	0.02714	0.00433	0.01615	0.00553	0.00510
19	0.01956	0.01816	0.06047	0.14790	0.11985	0.18207	0.05969	0.06834	0.03880	0.15037	0.01558	0.03692	0.01184	0.00717	0.00636	0.00195	0.00829	0.00599	0.03185	0.00884
20	0.01486	0.01257	0.01984	0.56212	0.11113	0.01480	0.01706	0.09249	0.01529	0.05962	0.01277	0.01718	0.00945	0.00661	0.00646	0.00210	0.00818	0.00579	0.00358	0.00811
21	0.01980	0.01914	0.02224	0.12382	0.14351	0.17349	0.09581	0.23700	0.05674	0.02571	0.01348	0.01567	0.01028	0.00679	0.00646	0.00195	0.00872	0.00573	0.00438	0.00928
22	0.04463	0.64801	0.12996	0.01198	0.01801	0.02373	0.01268	0.01949	0.01312	0.01641	0.00934	0.01082	0.00823	0.00563	0.00441	0.00149	0.00721	0.00364	0.00280	0.00842
23	0.02328	0.02825	0.01918	0.01933	0.10807	0.63276	0.01330	0.02524	0.01787	0.03961	0.01075	0.01252	0.00881	0.00659	0.00592	0.00171	0.01096	0.00443	0.00346	0.00794
24	0.35633	0.03970	0.01409	0.01216	0.05468	0.03392	0.00924	0.06938	0.07661	0.22663	0.01610	0.01652	0.01165	0.02968	0.00613	0.00210	0.00572	0.00514	0.00540	0.00881
25	0.00949	0.00791	0.01167	0.01092	0.03154	0.00724	0.08209	0.01219	0.01597	0.02138	0.32711	0.13801	0.23345	0.01416	0.00774	0.00221	0.00433	0.05030	0.00609	0.00620
26	0.00796	0.00576	0.00753	0.00877	0.00936	0.00533	0.00594	0.00928	0.01301	0.01734	0.09563	0.66476	0.08659	0.01941	0.00816	0.00255	0.00366	0.01752	0.00609	0.00533
27	0.01675	0.01269	0.01415	0.01295	0.01596	0.05057	0.01069	0.25567	0.06370	0.05155	0.02465	0.08431	0.02374	0.01515	0.05868	0.00296	0.00723	0.26451	0.00593	0.00815
28	0.02297	0.06876	0.02014	0.01882	0.10809	0.51774	0.01318	0.09062	0.01874	0.04648	0.01132	0.01289	0.00911	0.00664	0.00589	0.00172	0.01022	0.00457	0.00376	0.00835
29	0.05937	0.01391	0.02300	0.22032	0.49162	0.01480	0.01823	0.01865	0.01390	0.02016	0.01199	0.01633	0.00985	0.00744	0.03212	0.00228	0.00810	0.00567	0.00317	0.00912
30	0.05529	0.33941	0.07350	0.01426	0.04263	0.22247	0.01234	0.02026	0.01411	0.01658	0.01032	0.01280	0.00907	0.01036	0.07704	0.00250	0.05188	0.00428	0.00306	0.00785
31	0.02293	0.02803	0.01773	0.01610	0.01946	0.63052	0.01219	0.04575	0.08947	0.01776	0.01251	0.01485	0.01041	0.00724	0.00601	0.00176	0.01069	0.02496	0.00382	0.00782
32	0.00805	0.00602	0.00712	0.00790	0.00879	0.00548	0.00531	0.00915	0.01263	0.01615	0.04262	0.42474	0.25847	0.14226	0.01209	0.00308	0.00401	0.01539	0.00566	0.00510
33	0.01296	0.03342	0.73944	0.01842	0.02797	0.01501	0.02387	0.02046	0.01364	0.02046	0.01160	0.01364	0.00818	0.00614	0.00614	0.00205	0.00955	0.00477	0.00273	0.00955
34	0.00844	0.00643	0.00776	0.00773	0.00930	0.00575	0.00568	0.01072	0.01618	0.02162	0.39951	0.16460	0.28209	0.01536	0.00772	0.00217	0.00323	0.01337	0.00657	0.00575
35	0.04314	0.01418	0.01690	0.09811	0.13042	0.05593	0.01233	0.08339	0.28241	0.09112	0.01932	0.02077	0.01485	0.03779	0.04850	0.00267	0.00718	0.00645	0.00524	0.00930
36	0.00892	0.00656	0.00835	0.00797	0.00953	0.00599	0.00595	0.01173	0.01766	0.02458	0.62612	0.07505	0.13985	0.01383	0.00764	0.00207	0.00310	0.01215	0.00694	0.00599
37	0.01226	0.01154	0.01888	0.61860	0.03902	0.01465	0.01686	0.01608	0.01238	0.01630	0.01147	0.01734	0.00906	0.00965	0.05393	0.00274	0.10345	0.00580	0.00290	0.00708
38	0.01727	0.77681	0.03386	0.01106	0.01658	0.02557	0.01106	0.01935	0.01313	0.01520	0.00898	0.01036	0.00829	0.00553	0.00415	0.00138	0.00691	0.00345	0.00276	0.00829
39	0.00907	0.00627	0.00714	0.00727	0.00759	0.00615	0.00435	0.00942	0.01028	0.01350	0.02660	0.10426	0.10447	0.59987	0.05291	0.00565	0.00610	0.01053	0.00431	0.00426
40	0.01541	0.01474	0.02492	0.06000	0.67115	0.01477	0.01894	0.01914	0.01466	0.02076	0.01509	0.01860	0.05016	0.00637	0.00647	0.00194	0.00746	0.00619	0.00334	0.00987
41	0.01607	0.01388	0.01461	0.01315	0.01680	0.01607	0.01023	0.03433	0.72094	0.02703	0.02630	0.02411	0.01972	0.00877	0.00657	0.00219	0.00511	0.00731	0.00657	0.01023
42	0.00787	0.00562	0.00750	0.00900	0.00937	0.00525	0.00600	0.00900	0.01237	0.01649	0.03561	0.76871	0.04274	0.02024	0.00825	0.00262	0.00375	0.01837	0.00600	0.00525
43	0.08313	0.01142	0.01481	0.05288	0.01780	0.01079	0.00986	0.03005	0.08840	0.57500	0.02362	0.02112	0.01532	0.00785	0.00632	0.00203	0.00560	0.00632	0.00728	0.01042
