[name]
unknown

[dist]
# distance from previous block
# <min> <max>
0	11

[block]
# block no. 0 follows, 31 sequences, length 12
# corresponding to MSA columns:
# 11-22
name=unknown_A
#
# <colnr> <probs for GDERKNQSTAVLIFYWHMCP>
#	G	D	E	R	K	N	Q	S	T	A	V	L	I	F	Y	W	H	M	C	P
0	0.01102	0.00787	0.01102	0.01260	0.01417	0.00787	0.01102	0.01417	0.01575	0.02047	0.03622	0.07717	0.03937	0.01890	0.00945	0.00315	0.00630	0.67084	0.00630	0.00630
1	0.00968	0.00699	0.00914	0.00861	0.01022	0.00646	0.00646	0.01291	0.01937	0.02743	0.71328	0.05110	0.06455	0.01399	0.00807	0.00215	0.00323	0.01237	0.00753	0.00646
2	0.00977	0.00733	0.01100	0.01100	0.01222	0.00855	0.00855	0.01222	0.01100	0.01588	0.01833	0.02688	0.01710	0.05131	0.73245	0.01100	0.01833	0.00733	0.00367	0.00611
3	0.00991	0.00671	0.00784	0.00778	0.00802	0.00672	0.00463	0.01039	0.01101	0.01492	0.09522	0.04447	0.02868	0.64114	0.07021	0.00639	0.00691	0.01006	0.00448	0.00450
4	0.00980	0.00724	0.01053	0.01053	0.01160	0.00830	0.00798	0.01192	0.01086	0.01554	0.01875	0.02921	0.01812	0.14376	0.64139	0.01043	0.01680	0.00767	0.00373	0.00585
5	0.01520	0.08781	0.29930	0.11517	0.04839	0.01722	0.08676	0.04322	0.10212	0.02202	0.01444	0.01701	0.01095	0.00721	0.00756	0.00218	0.05629	0.00589	0.03183	0.00943
6	0.02331	0.01681	0.01825	0.01455	0.01928	0.01846	0.01180	0.51825	0.09602	0.06709	0.02005	0.08207	0.01590	0.00947	0.00695	0.00213	0.00679	0.00751	0.03447	0.01084
7	0.01507	0.01967	0.15643	0.06020	0.20372	0.01569	0.31430	0.02039	0.01554	0.02148	0.01806	0.02146	0.07124	0.00703	0.00741	0.00221	0.00962	0.00750	0.00357	0.00942
8	0.01840	0.01355	0.01605	0.01212	0.01757	0.03977	0.03656	0.09769	0.01735	0.13834	0.01672	0.06367	0.01363	0.00714	0.00597	0.00151	0.00595	0.00592	0.00520	0.46687
9	0.01713	0.16038	0.18444	0.01384	0.01923	0.03610	0.01357	0.08783	0.12975	0.08393	0.04902	0.08521	0.04757	0.03326	0.00746	0.00223	0.00705	0.00757	0.00512	0.00928
10	0.08661	0.18113	0.26924	0.01516	0.02165	0.10094	0.03961	0.02095	0.01503	0.04056	0.04799	0.05157	0.01357	0.00745	0.00597	0.00192	0.00830	0.00572	0.00375	0.06287
11	0.23544	0.08056	0.01537	0.01177	0.01534	0.04423	0.00952	0.16169	0.06725	0.02665	0.01588	0.04239	0.01376	0.05529	0.17220	0.00431	0.00922	0.00618	0.00478	0.00818

[dist]
# distance from previous block
# <min> <max>
0	1

[block]
# block no. 1 follows, 31 sequences, length 133
# corresponding to MSA columns:
# 25-157
name=unknown_B
#
# <colnr> <probs for GDERKNQSTAVLIFYWHMCP>
#	G	D	E	R	K	N	Q	S	T	A	V	L	I	F	Y	W	H	M	C	P
0	0.01643	0.12920	0.12852	0.09080	0.02249	0.01558	0.05729	0.08122	0.10437	0.08011	0.06990	0.04685	0.08120	0.00897	0.00671	0.00208	0.00704	0.00751	0.00506	0.03868
1	0.09540	0.01307	0.01489	0.03318	0.03378	0.01271	0.00959	0.14942	0.03563	0.02736	0.08112	0.01958	0.01626	0.02704	0.00723	0.00178	0.03518	0.00575	0.03258	0.34848
2	0.01128	0.00950	0.01371	0.01284	0.01366	0.01204	0.01020	0.01334	0.01080	0.01593	0.01578	0.02427	0.01512	0.07282	0.49503	0.00848	0.22823	0.00706	0.00349	0.00641
3	0.01687	0.01363	0.02385	0.01846	0.02270	0.01348	0.27759	0.09878	0.05784	0.08604	0.01820	0.06051	0.01536	0.01426	0.06271	0.14588	0.00908	0.03188	0.00470	0.00819
4	0.00839	0.00677	0.00747	0.00766	0.00952	0.00585	0.00561	0.01028	0.01578	0.01978	0.17021	0.18455	0.48917	0.01750	0.00820	0.00237	0.00351	0.01498	0.00655	0.00585
5	0.01107	0.00747	0.00883	0.00835	0.01067	0.00656	0.00644	0.01350	0.01735	0.09214	0.29318	0.05691	0.37747	0.01533	0.00803	0.00228	0.00376	0.04706	0.00698	0.00663
6	0.01506	0.01129	0.01295	0.01200	0.01494	0.01214	0.00937	0.05363	0.32901	0.07297	0.17251	0.10945	0.05380	0.01258	0.00764	0.00239	0.00497	0.07738	0.00703	0.00888
7	0.80789	0.01323	0.01006	0.00900	0.01323	0.01535	0.00741	0.02011	0.01164	0.03070	0.00953	0.01111	0.00741	0.00635	0.00423	0.00212	0.00529	0.00370	0.00423	0.00741
8	0.01631	0.01562	0.02664	0.15124	0.61253	0.01609	0.02069	0.02045	0.01528	0.02159	0.01276	0.01714	0.01057	0.00621	0.00678	0.00207	0.00828	0.00609	0.00333	0.01033
9	0.01937	0.65531	0.03341	0.01258	0.01809	0.13158	0.01193	0.02150	0.01471	0.01619	0.00967	0.01118	0.00878	0.00603	0.00465	0.00151	0.00806	0.00377	0.00302	0.00865
10	0.01676	0.01621	0.02806	0.06493	0.66540	0.01626	0.04954	0.02092	0.01554	0.02217	0.01289	0.01704	0.01076	0.00611	0.00683	0.00205	0.00831	0.00618	0.00338	0.01066
11	0.01093	0.04913	0.07876	0.00956	0.01094	0.00932	0.00738	0.01208	0.01070	0.01457	0.01926	0.03739	0.02118	0.55815	0.08904	0.00616	0.03754	0.00877	0.00387	0.00526
12	0.01372	0.03539	0.72412	0.01950	0.02961	0.01589	0.02528	0.02167	0.01444	0.02167	0.01228	0.01444	0.00867	0.00650	0.00650	0.00217	0.01011	0.00506	0.00289	0.01011
13	0.02556	0.03261	0.01939	0.01763	0.02115	0.73210	0.01322	0.02732	0.01939	0.01674	0.01058	0.01234	0.00881	0.00705	0.00617	0.00176	0.01234	0.00441	0.00353	0.00793
14	0.01829	0.76368	0.03585	0.01171	0.01756	0.02707	0.01171	0.02049	0.01390	0.01610	0.00951	0.01097	0.00878	0.00585	0.00439	0.00146	0.00732	0.00366	0.00293	0.00878
15	0.01026	0.00659	0.00880	0.00989	0.01076	0.00615	0.00696	0.01175	0.01387	0.06781	0.05606	0.59524	0.04254	0.04679	0.00959	0.00289	0.00439	0.07717	0.00645	0.00603
16	0.00834	0.00595	0.00794	0.00953	0.00992	0.00556	0.00635	0.00953	0.01310	0.01746	0.03771	0.75510	0.04525	0.02143	0.00873	0.00278	0.00397	0.01945	0.00635	0.00556
17	0.00816	0.00693	0.00703	0.00701	0.00929	0.00581	0.00526	0.00996	0.01577	0.01890	0.09919	0.06516	0.68397	0.01717	0.00808	0.00230	0.00345	0.01434	0.00641	0.00581
18	0.01693	0.01626	0.02777	0.04199	0.71689	0.01626	0.02100	0.02100	0.01558	0.02235	0.01287	0.01693	0.01084	0.00610	0.00677	0.00203	0.00813	0.00610	0.00339	0.01084
19	0.01120	0.00858	0.01242	0.01182	0.01251	0.01047	0.00912	0.01236	0.01046	0.01514	0.01552	0.02452	0.01504	0.08187	0.42409	0.14682	0.16195	0.00698	0.00344	0.00572
20	0.62919	0.01411	0.01195	0.01022	0.01454	0.01614	0.00835	0.14810	0.01549	0.03241	0.01129	0.01338	0.00887	0.03482	0.00587	0.00227	0.00577	0.00441	0.00473	0.00809
21	0.00982	0.00714	0.01004	0.01004	0.01093	0.00803	0.00736	0.01160	0.01071	0.01517	0.01920	0.03172	0.01920	0.24289	0.54374	0.00982	0.01516	0.00804	0.00379	0.00558
22	0.01460	0.01387	0.02355	0.44983	0.32729	0.01564	0.01983	0.01895	0.01447	0.01952	0.01246	0.01769	0.00984	0.00653	0.00681	0.00218	0.00870	0.00609	0.00318	0.00895
23	0.01421	0.11294	0.65083	0.01867	0.02833	0.01708	0.02383	0.02154	0.01439	0.02107	0.01198	0.01407	0.00868	0.00643	0.00628	0.00209	0.00981	0.00491	0.00289	0.00997
24	0.00889	0.00660	0.00967	0.01050	0.01122	0.00618	0.04197	0.01014	0.01308	0.01746	0.03537	0.68551	0.04201	0.02072	0.00947	0.03679	0.00445	0.01828	0.00606	0.00564
25	0.10665	0.02863	0.01982	0.03628	0.02193	0.56586	0.05612	0.05104	0.01870	0.01955	0.01094	0.01291	0.00888	0.00693	0.00613	0.00186	0.01128	0.00468	0.00371	0.00809
26	0.01006	0.00774	0.01139	0.01141	0.01251	0.00907	0.00892	0.01238	0.01137	0.01628	0.02014	0.08420	0.01989	0.04486	0.59483	0.00946	0.06273	0.04265	0.00396	0.00616
27	0.00948	0.00750	0.00937	0.00915	0.01108	0.00693	0.02440	0.01241	0.03896	0.02155	0.25645	0.12451	0.30821	0.03649	0.02898	0.00274	0.00447	0.07457	0.00652	0.00624
28	0.01188	0.00594	0.00891	0.00891	0.00891	0.00594	0.00594	0.00891	0.00891	0.01188	0.01188	0.02080	0.01188	0.02377	0.02674	0.80095	0.00594	0.00594	0.00297	0.00297
29	0.00995	0.00663	0.00746	0.00746	0.00746	0.00663	0.00415	0.00995	0.00995	0.01327	0.02156	0.04477	0.02487	0.75957	0.03482	0.00663	0.00663	0.00995	0.00415	0.00415
30	0.01497	0.01497	0.02095	0.01796	0.01796	0.02095	0.01497	0.01646	0.01048	0.01646	0.00898	0.01497	0.00898	0.01197	0.02245	0.00299	0.74704	0.00599	0.00299	0.00748
31	0.02475	0.01145	0.01471	0.01192	0.01635	0.01076	0.00961	0.03058	0.14651	0.48053	0.13850	0.02821	0.02539	0.00951	0.00709	0.00216	0.00533	0.00793	0.00804	0.01065
32	0.01810	0.73263	0.06520	0.01204	0.01807	0.02659	0.01228	0.02054	0.01392	0.01633	0.00963	0.01112	0.00877	0.00588	0.00448	0.00149	0.00744	0.00372	0.00292	0.00884
33	0.01749	0.01757	0.02640	0.09198	0.59780	0.08720	0.02008	0.02136	0.01581	0.02143	0.01259	0.01657	0.01051	0.00625	0.00672	0.00202	0.00862	0.00593	0.00337	0.01031
34	0.00978	0.00729	0.01081	0.01081	0.01196	0.00845	0.00832	0.01210	0.01094	0.01574	0.01850	0.02783	0.01752	0.08901	0.69532	0.01076	0.01770	0.00747	0.00369	0.00600
35	0.02665	0.01814	0.01990	0.01526	0.02071	0.01970	0.01260	0.60410	0.03045	0.13551	0.01786	0.01736	0.01236	0.00825	0.00685	0.00206	0.00730	0.00626	0.00707	0.01164
36	0.02601	0.01916	0.02053	0.01574	0.02122	0.02122	0.01300	0.69408	0.03217	0.04312	0.01643	0.01643	0.01163	0.00821	0.00684	0.00205	0.00753	0.00616	0.00684	0.01163
37	0.65905	0.01293	0.01117	0.00960	0.01404	0.01433	0.00792	0.02264	0.01316	0.16302	0.01287	0.01344	0.00923	0.00676	0.00474	0.00212	0.00539	0.00431	0.00504	0.00822
38	0.01497	0.01497	0.02095	0.01796	0.01796	0.02095	0.01497	0.01646	0.01048	0.01646	0.00898	0.01497	0.00898	0.01197	0.02245	0.00299	0.74704	0.00599	0.00299	0.00748
39	0.00881	0.00696	0.00793	0.00769	0.00968	0.00608	0.00577	0.01122	0.01730	0.02253	0.36040	0.05918	0.42049	0.01582	0.00808	0.00224	0.00336	0.01350	0.00689	0.00608
40	0.00977	0.00733	0.01100	0.01100	0.01222	0.00855	0.00855	0.01222	0.01100	0.01588	0.01833	0.02688	0.01710	0.05131	0.73245	0.01100	0.01833	0.00733	0.00367	0.00611
41	0.00840	0.00601	0.00800	0.00948	0.00994	0.00560	0.00636	0.00969	0.01341	0.01796	0.07139	0.72000	0.04621	0.02106	0.00870	0.00275	0.00393	0.01910	0.00641	0.00560
42	0.01665	0.01646	0.02956	0.06621	0.58010	0.01639	0.13087	0.02101	0.01560	0.02210	0.01300	0.01723	0.01070	0.00607	0.00699	0.00209	0.00872	0.00642	0.00339	0.01045
43	0.00882	0.00666	0.00971	0.01062	0.01139	0.00623	0.04212	0.01031	0.01333	0.01778	0.03642	0.69705	0.04327	0.02055	0.00872	0.00276	0.00443	0.03785	0.00620	0.00577
44	0.01448	0.01428	0.02001	0.05631	0.12847	0.07017	0.08534	0.01765	0.03861	0.01888	0.01789	0.17291	0.01821	0.03375	0.03087	0.00278	0.19718	0.00905	0.00410	0.04907
45	0.01890	0.04511	0.16899	0.01373	0.02019	0.06587	0.01315	0.07647	0.05137	0.14026	0.01557	0.01626	0.01146	0.00658	0.00597	0.00166	0.00710	0.00510	0.00483	0.31141
46	0.08982	0.21592	0.02409	0.04446	0.10993	0.23735	0.01361	0.05970	0.03653	0.02033	0.01123	0.01355	0.00948	0.00715	0.00728	0.00192	0.08054	0.00478	0.00363	0.00872
47	0.01438	0.03090	0.54592	0.02242	0.05663	0.01622	0.17354	0.02170	0.01487	0.02175	0.01265	0.01543	0.00913	0.00632	0.00686	0.00219	0.01035	0.00577	0.00303	0.00994
48	0.01711	0.01709	0.02918	0.03943	0.60299	0.03997	0.11038	0.02133	0.01578	0.02211	0.01292	0.01698	0.01071	0.00608	0.00693	0.00206	0.00872	0.00630	0.00340	0.01053
49	0.02213	0.06631	0.06133	0.01590	0.02134	0.01939	0.05695	0.36742	0.19922	0.07036	0.01903	0.01876	0.01383	0.00809	0.00678	0.00211	0.00730	0.00650	0.00626	0.01100
50	0.01029	0.00719	0.00872	0.00916	0.01065	0.00663	0.00653	0.04279	0.01542	0.05471	0.08995	0.44401	0.23138	0.01853	0.00833	0.00254	0.00404	0.01633	0.00656	0.00626
51	0.07207	0.24535	0.13403	0.06008	0.02319	0.06763	0.07165	0.10909	0.01712	0.08804	0.01304	0.01471	0.00997	0.00693	0.00660	0.00196	0.03984	0.00517	0.00413	0.00938
52	0.01794	0.70834	0.08815	0.01230	0.01847	0.02622	0.01274	0.02058	0.01394	0.01652	0.00972	0.01124	0.00877	0.00590	0.00455	0.00152	0.00753	0.00376	0.00292	0.00888
53	0.00950	0.00694	0.00892	0.00853	0.01013	0.00636	0.00636	0.01251	0.01877	0.02627	0.63174	0.08730	0.11186	0.01461	0.00810	0.00219	0.00328	0.01288	0.00738	0.00636
54	0.01464	0.01260	0.01527	0.01094	0.01703	0.00979	0.03119	0.03967	0.01484	0.02297	0.01236	0.01440	0.01019	0.00519	0.00523	0.00109	0.00536	0.00426	0.00413	0.74883
55	0.04463	0.07615	0.05475	0.22168	0.10210	0.06338	0.13465	0.06477	0.03440	0.09323	0.01432	0.01724	0.01069	0.00674	0.00666	0.00208	0.00877	0.00607	0.00413	0.03354
56	0.01581	0.18676	0.53249	0.01738	0.02627	0.01785	0.02142	0.02219	0.01467	0.06703	0.01267	0.01430	0.00924	0.00649	0.00608	0.00202	0.00924	0.00488	0.00327	0.00993
57	0.00947	0.00698	0.00884	0.00838	0.01009	0.00636	0.00628	0.01249	0.01885	0.02622	0.62597	0.05310	0.15262	0.01444	0.00807	0.00217	0.00326	0.01265	0.00737	0.00636
58	0.00885	0.00665	0.00820	0.00846	0.00988	0.00600	0.00610	0.01106	0.01645	0.02204	0.33778	0.27322	0.22600	0.01716	0.00828	0.00239	0.00352	0.01510	0.00686	0.00600
59	0.02133	0.04125	0.06741	0.01864	0.02301	0.37071	0.13077	0.06798	0.03627	0.04058	0.01371	0.04284	0.01139	0.00784	0.00773	0.00204	0.06015	0.00605	0.02172	0.00858
60	0.01919	0.66493	0.03300	0.01164	0.01729	0.02471	0.01136	0.02146	0.01464	0.08441	0.03571	0.01356	0.01151	0.00639	0.00476	0.00155	0.00703	0.00427	0.00362	0.00897
61	0.01275	0.00638	0.00638	0.00638	0.00797	0.00638	0.00478	0.01594	0.01435	0.02551	0.02232	0.02551	0.01754	0.00797	0.00478	0.00159	0.00319	0.00638	0.79755	0.00638
62	0.00846	0.00608	0.00806	0.00960	0.01011	0.00568	0.00655	0.00977	0.01331	0.01765	0.03860	0.70015	0.06548	0.02118	0.00875	0.00278	0.00407	0.05177	0.00635	0.00560
63	0.01615	0.01845	0.04037	0.02884	0.03576	0.01730	0.69204	0.02191	0.01615	0.02191	0.01384	0.01845	0.01038	0.00577	0.00807	0.00231	0.01153	0.00807	0.00346	0.00923
64	0.00844	0.00607	0.00803	0.00956	0.01008	0.00567	0.00651	0.00974	0.01331	0.01763	0.03883	0.69983	0.07015	0.02117	0.00874	0.00278	0.00405	0.04746	0.00635	0.00560
65	0.01262	0.00640	0.00650	0.00647	0.00807	0.00638	0.00485	0.01581	0.01456	0.02559	0.05223	0.02661	0.01957	0.00823	0.00492	0.00162	0.00319	0.00664	0.76335	0.00638
66	0.01693	0.01626	0.02777	0.04199	0.71689	0.01626	0.02100	0.02100	0.01558	0.02235	0.01287	0.01693	0.01084	0.00610	0.00677	0.00203	0.00813	0.00610	0.00339	0.01084
67	0.02693	0.01769	0.01962	0.01504	0.02048	0.01903	0.01242	0.56436	0.02970	0.17632	0.01850	0.01777	0.01268	0.00826	0.00685	0.00207	0.00719	0.00630	0.00716	0.01164
68	0.01634	0.02872	0.42744	0.02078	0.10407	0.09339	0.02077	0.07242	0.06384	0.02320	0.01492	0.01903	0.01176	0.00755	0.00672	0.00217	0.00939	0.04382	0.00378	0.00990
69	0.02601	0.01916	0.02053	0.01574	0.02122	0.02122	0.01300	0.69408	0.03217	0.04312	0.01643	0.01643	0.01163	0.00821	0.00684	0.00205	0.00753	0.00616	0.00684	0.01163
70	0.00859	0.00731	0.00798	0.00849	0.03758	0.00626	0.00595	0.01056	0.01596	0.01950	0.12905	0.06247	0.62352	0.01656	0.00803	0.00228	0.00363	0.01391	0.00635	0.00604
71	0.01651	0.01869	0.06570	0.02726	0.03387	0.01718	0.60335	0.02202	0.01589	0.04694	0.01399	0.01828	0.01047	0.00624	0.00876	0.00233	0.05188	0.00779	0.00359	0.00925
72	0.77425	0.01316	0.01031	0.00913	0.01341	0.01512	0.00752	0.02068	0.01199	0.06060	0.01028	0.01164	0.00782	0.00644	0.00435	0.00212	0.00532	0.00384	0.00442	0.00759
73	0.02556	0.03261	0.01939	0.01763	0.02115	0.73210	0.01322	0.02732	0.01939	0.01674	0.01058	0.01234	0.00881	0.00705	0.00617	0.00176	0.01234	0.00441	0.00353	0.00793
74	0.01693	0.01626	0.02777	0.04199	0.71689	0.01626	0.02100	0.02100	0.01558	0.02235	0.01287	0.01693	0.01084	0.00610	0.00677	0.00203	0.00813	0.00610	0.00339	0.01084
75	0.00956	0.00715	0.01043	0.01141	0.01249	0.00685	0.03967	0.01159	0.01409	0.01864	0.03612	0.50325	0.04174	0.01989	0.00893	0.00288	0.00507	0.22807	0.00620	0.00597
76	0.02065	0.10074	0.01910	0.01290	0.01826	0.09319	0.02911	0.13619	0.01899	0.14674	0.04539	0.01730	0.01364	0.00691	0.00594	0.00160	0.00677	0.00537	0.00524	0.29597
77	0.01590	0.01993	0.10823	0.02702	0.03395	0.01725	0.57937	0.02228	0.04171	0.02199	0.01407	0.01821	0.01056	0.00615	0.00828	0.00231	0.03225	0.00770	0.00352	0.00933
78	0.01275	0.00638	0.00638	0.00638	0.00797	0.00638	0.00478	0.01594	0.01435	0.02551	0.02232	0.02551	0.01754	0.00797	0.00478	0.00159	0.00319	0.00638	0.79755	0.00638
79	0.01898	0.05318	0.01778	0.01527	0.04804	0.04456	0.01160	0.14211	0.46604	0.04734	0.02403	0.04380	0.01849	0.00905	0.00683	0.00221	0.00620	0.00740	0.00648	0.01062
80	0.00809	0.00690	0.00697	0.00702	0.00926	0.00577	0.00524	0.00981	0.01551	0.01845	0.06822	0.08955	0.69111	0.01747	0.00811	0.00233	0.00348	0.01461	0.00635	0.00577
81	0.00843	0.00660	0.00764	0.00810	0.00964	0.00581	0.00580	0.01022	0.01535	0.01959	0.16331	0.30191	0.37685	0.01820	0.00831	0.00245	0.00360	0.01584	0.00654	0.00581
82	0.07429	0.01022	0.01219	0.01041	0.01363	0.01009	0.04176	0.09956	0.03543	0.11156	0.08492	0.03859	0.25118	0.03700	0.05031	0.00279	0.00577	0.00961	0.09296	0.00773
83	0.01741	0.01489	0.01569	0.01400	0.01794	0.01720	0.01092	0.06482	0.67543	0.02925	0.02735	0.02513	0.02048	0.00924	0.00696	0.00231	0.00551	0.00767	0.00696	0.01086
84	0.03854	0.01219	0.01406	0.01010	0.01612	0.00931	0.00809	0.01732	0.01411	0.02255	0.01208	0.01409	0.01005	0.00511	0.00504	0.00105	0.00507	0.00404	0.00406	0.77703
85	0.01188	0.00594	0.00891	0.00891	0.00891	0.00594	0.00594	0.00891	0.00891	0.01188	0.01188	0.02080	0.01188	0.02377	0.02674	0.80095	0.00594	0.00594	0.00297	0.00297
86	0.01492	0.01404	0.01796	0.01572	0.01710	0.01825	0.01280	0.02189	0.22151	0.02026	0.01902	0.02198	0.05867	0.01318	0.04709	0.00309	0.44262	0.00712	0.00444	0.00833
87	0.02556	0.03261	0.01939	0.01763	0.02115	0.73210	0.01322	0.02732	0.01939	0.01674	0.01058	0.01234	0.00881	0.00705	0.00617	0.00176	0.01234	0.00441	0.00353	0.00793
88	0.00834	0.00595	0.00794	0.00953	0.00992	0.00556	0.00635	0.00953	0.01310	0.01746	0.03771	0.75510	0.04525	0.02143	0.00873	0.00278	0.00397	0.01945	0.00635	0.00556
89	0.01336	0.01260	0.02131	0.66708	0.11976	0.01531	0.01922	0.01786	0.01389	0.01801	0.01224	0.01810	0.00931	0.00676	0.00683	0.00225	0.00901	0.00608	0.00308	0.00795
90	0.01679	0.01611	0.02751	0.06728	0.69273	0.01622	0.02092	0.02087	0.01551	0.02218	0.01284	0.01698	0.01077	0.00612	0.00678	0.00204	0.00816	0.00610	0.00337	0.01072
91	0.02620	0.02519	0.01954	0.01636	0.02085	0.37486	0.01285	0.30213	0.02466	0.09087	0.01446	0.01500	0.01070	0.00766	0.00651	0.00191	0.00977	0.00535	0.00533	0.00979
92	0.42314	0.01420	0.01821	0.12891	0.22088	0.01568	0.04740	0.02006	0.01330	0.02589	0.01109	0.01421	0.00879	0.00632	0.00554	0.00213	0.00699	0.00496	0.00377	0.00851
93	0.01350	0.03105	0.01302	0.01145	0.01344	0.01107	0.00889	0.08485	0.05856	0.05943	0.01919	0.02722	0.01740	0.13732	0.43392	0.00793	0.03266	0.00743	0.00451	0.00714
94	0.01114	0.00810	0.01128	0.01265	0.01412	0.00831	0.01097	0.01414	0.01539	0.02012	0.03482	0.07399	0.03786	0.03988	0.01065	0.00324	0.03313	0.62782	0.00612	0.00628
95	0.01805	0.02002	0.07203	0.03678	0.56501	0.12625	0.02008	0.02201	0.01609	0.02144	0.01248	0.01606	0.01038	0.00627	0.00666	0.00200	0.00890	0.00577	0.00338	0.01034
96	0.01504	0.01213	0.01427	0.01024	0.01628	0.00917	0.00821	0.01806	0.01447	0.05864	0.01293	0.01466	0.01049	0.00524	0.00516	0.00107	0.00511	0.00420	0.00428	0.76035
97	0.80789	0.01323	0.01006	0.00900	0.01323	0.01535	0.00741	0.02011	0.01164	0.03070	0.00953	0.01111	0.00741	0.00635	0.00423	0.00212	0.00529	0.00370	0.00423	0.00741
98	0.01372	0.03539	0.72412	0.01950	0.02961	0.01589	0.02528	0.02167	0.01444	0.02167	0.01228	0.01444	0.00867	0.00650	0.00650	0.00217	0.01011	0.00506	0.00289	0.01011
99	0.00968	0.00699	0.00914	0.00861	0.01022	0.00646	0.00646	0.01291	0.01937	0.02743	0.71328	0.05110	0.06455	0.01399	0.00807	0.00215	0.00323	0.01237	0.00753	0.00646
100	0.02654	0.01830	0.02000	0.01533	0.02079	0.01994	0.01267	0.61828	0.03072	0.12095	0.01764	0.01721	0.01224	0.00824	0.00685	0.00206	0.00733	0.00624	0.00703	0.01164
101	0.00994	0.00668	0.00770	0.00770	0.00779	0.00676	0.00445	0.01010	0.01002	0.01345	0.02133	0.04354	0.02434	0.71090	0.08276	0.00693	0.00744	0.00977	0.00411	0.00428
102	0.01693	0.01626	0.02777	0.04199	0.71689	0.01626	0.02100	0.02100	0.01558	0.02235	0.01287	0.01693	0.01084	0.00610	0.00677	0.00203	0.00813	0.00610	0.00339	0.01084
103	0.02491	0.01824	0.01985	0.03556	0.02145	0.02021	0.01284	0.58410	0.09926	0.06626	0.01786	0.01765	0.01270	0.00829	0.00686	0.00209	0.00729	0.00634	0.00681	0.01144
104	0.01290	0.01074	0.01343	0.01380	0.05111	0.01146	0.03191	0.02214	0.29762	0.02329	0.06980	0.27476	0.05224	0.01438	0.00789	0.00252	0.00518	0.07018	0.00641	0.00824
105	0.01633	0.01603	0.02565	0.27150	0.37867	0.05337	0.07256	0.04535	0.01581	0.02118	0.01272	0.01723	0.01016	0.00645	0.00687	0.00212	0.00892	0.00616	0.00341	0.00951
106	0.02052	0.03614	0.02106	0.18416	0.07167	0.09166	0.08793	0.08946	0.01812	0.19828	0.03828	0.02295	0.01507	0.03626	0.00804	0.00232	0.00824	0.03536	0.00521	0.00925
107	0.01068	0.00666	0.00735	0.00725	0.00897	0.00623	0.00541	0.01348	0.01601	0.02419	0.23015	0.06920	0.18675	0.01227	0.00660	0.00196	0.00329	0.01037	0.36695	0.00623
108	0.01558	0.01419	0.02427	0.25660	0.20630	0.01512	0.13994	0.02170	0.09343	0.05406	0.05094	0.02277	0.01533	0.00760	0.00722	0.00224	0.00834	0.03096	0.00424	0.00916
109	0.01603	0.01534	0.02614	0.19918	0.56674	0.01602	0.02055	0.02021	0.01515	0.02126	0.01271	0.01723	0.01045	0.00626	0.00679	0.00209	0.00835	0.00609	0.00331	0.01011
110	0.01120	0.00895	0.01303	0.06621	0.13164	0.00905	0.01065	0.01404	0.03424	0.01916	0.04787	0.27813	0.05364	0.09850	0.01125	0.00309	0.00588	0.17125	0.00542	0.00679
111	0.01535	0.06785	0.27627	0.02200	0.05339	0.05344	0.26874	0.02162	0.03894	0.02198	0.07985	0.01957	0.01512	0.00701	0.00712	0.00215	0.00971	0.00688	0.00373	0.00929
112	0.01353	0.00660	0.00679	0.00663	0.00838	0.00654	0.00501	0.01669	0.01457	0.05564	0.02252	0.02541	0.01751	0.00799	0.00487	0.00162	0.00330	0.00640	0.76339	0.00660
113	0.10014	0.00935	0.01158	0.01063	0.01190	0.01068	0.00788	0.01491	0.01140	0.08452	0.01795	0.02987	0.01775	0.31218	0.19670	0.00618	0.12816	0.00770	0.00427	0.00624
114	0.24812	0.01453	0.04096	0.01378	0.01890	0.03421	0.09414	0.04639	0.04696	0.31913	0.04390	0.01951	0.01463	0.00765	0.00629	0.00214	0.00665	0.00620	0.00616	0.00976
115	0.01292	0.01216	0.02052	0.74312	0.04712	0.01520	0.01900	0.01748	0.01368	0.01748	0.01216	0.01824	0.00912	0.00684	0.00684	0.00228	0.00912	0.00608	0.00304	0.00760
116	0.01884	0.70801	0.03460	0.01216	0.01783	0.08076	0.01182	0.02101	0.01432	0.01615	0.00959	0.01108	0.00878	0.00594	0.00453	0.00149	0.00770	0.00372	0.00297	0.00872
117	0.02335	0.02834	0.02233	0.01897	0.02312	0.53242	0.11823	0.05052	0.08075	0.01953	0.01283	0.01461	0.01024	0.00709	0.00656	0.00191	0.01142	0.00533	0.00394	0.00852
118	0.01780	0.01573	0.02664	0.07356	0.58215	0.01577	0.04654	0.02224	0.03379	0.07795	0.01439	0.01779	0.01148	0.00639	0.00684	0.00207	0.00806	0.00628	0.00387	0.01067
119	0.01044	0.00739	0.00876	0.00889	0.01070	0.00679	0.00647	0.01340	0.05844	0.06513	0.16377	0.29721	0.28288	0.01711	0.00816	0.00243	0.00387	0.01492	0.00673	0.00650
120	0.00845	0.00608	0.00804	0.00951	0.01005	0.00567	0.00647	0.00979	0.01346	0.01789	0.05837	0.68752	0.06974	0.02099	0.00871	0.00276	0.00401	0.04052	0.00638	0.00562
121	0.05281	0.03193	0.01906	0.01732	0.02087	0.70713	0.01302	0.02707	0.01912	0.01723	0.01054	0.01229	0.00876	0.00703	0.00610	0.00177	0.01209	0.00438	0.00355	0.00791
122	0.01365	0.01319	0.02319	0.60091	0.11619	0.01551	0.08400	0.01828	0.01412	0.01842	0.01240	0.01812	0.00942	0.00666	0.00695	0.00226	0.00925	0.00627	0.00312	0.00810
123	0.00832	0.00600	0.00789	0.00939	0.00989	0.00557	0.00629	0.00954	0.01323	0.01752	0.03935	0.71928	0.08001	0.02122	0.00870	0.00275	0.00394	0.01919	0.00635	0.00557
124	0.05361	0.11087	0.08535	0.08781	0.09047	0.03968	0.07210	0.06507	0.08712	0.17608	0.03229	0.02053	0.01433	0.00770	0.00659	0.00210	0.00764	0.02570	0.00515	0.00982
125	0.01693	0.01626	0.02777	0.04199	0.71689	0.01626	0.02100	0.02100	0.01558	0.02235	0.01287	0.01693	0.01084	0.00610	0.00677	0.00203	0.00813	0.00610	0.00339	0.01084
126	0.01698	0.01463	0.01616	0.08419	0.02075	0.01701	0.01170	0.06079	0.61119	0.02813	0.02588	0.02446	0.01938	0.00900	0.00694	0.00231	0.00586	0.00751	0.00658	0.01055
127	0.01292	0.01216	0.02052	0.74312	0.04712	0.01520	0.01900	0.01748	0.01368	0.01748	0.01216	0.01824	0.00912	0.00684	0.00684	0.00228	0.00912	0.00608	0.00304	0.00760
128	0.00926	0.00686	0.00863	0.00843	0.01002	0.00624	0.00623	0.01200	0.01800	0.02478	0.52699	0.13580	0.17060	0.01541	0.00815	0.00225	0.00335	0.01354	0.00720	0.00624
129	0.01480	0.10461	0.63143	0.01848	0.02800	0.01675	0.02340	0.02199	0.01458	0.04725	0.01256	0.01444	0.00899	0.00651	0.00631	0.00210	0.00968	0.00499	0.00310	0.01004
130	0.00863	0.00648	0.00803	0.00879	0.00996	0.00587	0.00624	0.01043	0.01506	0.01978	0.17730	0.41648	0.22056	0.01884	0.00846	0.00255	0.00378	0.04037	0.00658	0.00581
131	0.04105	0.03794	0.04821	0.01025	0.01250	0.00981	0.00821	0.01602	0.06718	0.06507	0.09779	0.07865	0.08643	0.17848	0.15911	0.00492	0.02729	0.00933	0.03494	0.00679
132	0.01745	0.34503	0.27943	0.04091	0.02344	0.12246	0.01702	0.02235	0.03978	0.01869	0.01141	0.01319	0.00919	0.00641	0.00558	0.00182	0.00903	0.00450	0.00315	0.00917

[dist]
# distance from previous block
# <min> <max>
0	5

[block]
# block no. 2 follows, 31 sequences, length 44
# corresponding to MSA columns:
# 163-206
name=unknown_C
#
# <colnr> <probs for GDERKNQSTAVLIFYWHMCP>
#	G	D	E	R	K	N	Q	S	T	A	V	L	I	F	Y	W	H	M	C	P
0	0.05238	0.03431	0.68936	0.01899	0.02881	0.01586	0.02441	0.02159	0.01431	0.02211	0.01214	0.01428	0.00861	0.00649	0.00639	0.00216	0.00988	0.00499	0.00295	0.00998
1	0.01919	0.01897	0.13483	0.01873	0.11230	0.07388	0.05389	0.10103	0.08436	0.13524	0.02050	0.06108	0.04475	0.00840	0.00680	0.00205	0.00759	0.00711	0.00523	0.08405
2	0.01069	0.00804	0.00972	0.01033	0.01160	0.00825	0.00740	0.01548	0.15496	0.01939	0.03442	0.39837	0.07411	0.08661	0.01181	0.04760	0.00480	0.07389	0.00608	0.00644
3	0.00849	0.00606	0.00811	0.00970	0.01016	0.00569	0.00661	0.00979	0.01325	0.01763	0.03762	0.71679	0.04492	0.02129	0.00877	0.00280	0.00410	0.05626	0.00635	0.00560
4	0.01698	0.01711	0.02129	0.08891	0.02211	0.12295	0.05297	0.01913	0.01285	0.04984	0.01088	0.01580	0.00963	0.01126	0.03536	0.00287	0.47291	0.00596	0.00337	0.00782
5	0.01578	0.11808	0.28914	0.06486	0.05785	0.01699	0.16204	0.02268	0.07853	0.05395	0.01545	0.04733	0.01220	0.00723	0.00675	0.00215	0.00902	0.00656	0.00383	0.00958
6	0.05791	0.01170	0.01567	0.01206	0.01732	0.01024	0.00996	0.03288	0.01930	0.69743	0.02638	0.02286	0.01660	0.00839	0.00679	0.00212	0.00580	0.00677	0.00832	0.01149
7	0.01676	0.01608	0.02745	0.07246	0.68779	0.01621	0.02091	0.02084	0.01550	0.02214	0.01284	0.01699	0.01076	0.00613	0.00678	0.00204	0.00817	0.00610	0.00337	0.01070
8	0.01652	0.01596	0.02761	0.10811	0.62463	0.01620	0.04896	0.02070	0.01542	0.02187	0.01284	0.01712	0.01065	0.00615	0.00683	0.00207	0.00836	0.00618	0.00336	0.01046
9	0.02217	0.06134	0.07671	0.01533	0.02077	0.01999	0.01333	0.42518	0.21031	0.03597	0.01877	0.01840	0.01372	0.00823	0.00671	0.00210	0.00716	0.00635	0.00634	0.01113
10	0.01664	0.01596	0.02725	0.09252	0.66862	0.01618	0.02085	0.02074	0.01544	0.02200	0.01282	0.01703	0.01071	0.00615	0.00678	0.00205	0.00820	0.00609	0.00336	0.01060
11	0.02038	0.49831	0.06280	0.01394	0.01926	0.24965	0.01282	0.02270	0.01566	0.01656	0.00998	0.01157	0.00878	0.00626	0.00505	0.00159	0.00904	0.00396	0.00311	0.00857
12	0.39154	0.01380	0.03881	0.03587	0.01663	0.01365	0.00935	0.06255	0.04431	0.07118	0.01308	0.01468	0.01007	0.00854	0.03908	0.00228	0.00633	0.00462	0.00462	0.19902
13	0.05320	0.23415	0.32553	0.04048	0.04124	0.09826	0.01743	0.02088	0.01439	0.01924	0.01188	0.01551	0.00992	0.06180	0.00787	0.00225	0.00901	0.00495	0.00314	0.00887
14	0.01185	0.00726	0.00904	0.00869	0.00946	0.00738	0.00568	0.01264	0.01108	0.08013	0.02134	0.03876	0.02239	0.53091	0.18821	0.00719	0.00917	0.00908	0.00444	0.00529
15	0.00952	0.00650	0.00754	0.00789	0.00808	0.00636	0.00467	0.00985	0.01088	0.01441	0.02716	0.20100	0.05930	0.56590	0.02795	0.00560	0.00591	0.01222	0.00472	0.00452
16	0.01448	0.01436	0.05397	0.01321	0.01639	0.09579	0.05697	0.04833	0.15755	0.03831	0.19508	0.16938	0.07277	0.01248	0.00758	0.00228	0.00609	0.01087	0.00610	0.00803
17	0.01873	0.08823	0.10671	0.10460	0.10166	0.27037	0.07583	0.02300	0.04510	0.01951	0.05131	0.01699	0.01281	0.00726	0.00697	0.00200	0.03084	0.00575	0.00367	0.00868
18	0.00975	0.00746	0.01077	0.01080	0.01192	0.00855	0.00828	0.01193	0.01141	0.01613	0.02280	0.09937	0.05911	0.06555	0.57301	0.00926	0.04490	0.00892	0.00406	0.00603
19	0.00847	0.00668	0.00764	0.00796	0.00962	0.00585	0.00576	0.01035	0.01566	0.01996	0.18702	0.24962	0.40560	0.01778	0.00826	0.00241	0.00356	0.01539	0.00658	0.00585
20	0.02085	0.04070	0.24837	0.01689	0.02360	0.03782	0.09071	0.09247	0.05989	0.23709	0.01927	0.05050	0.01401	0.00801	0.00688	0.00216	0.00815	0.00679	0.00546	0.01037
21	0.02032	0.08835	0.08409	0.04438	0.02141	0.13640	0.07514	0.13356	0.03966	0.13401	0.07734	0.02361	0.07453	0.00867	0.00680	0.00204	0.00797	0.00706	0.00537	0.00929
22	0.02327	0.02885	0.02018	0.01796	0.02104	0.58205	0.03830	0.02518	0.01785	0.01699	0.01110	0.01458	0.00966	0.00803	0.00874	0.00200	0.12128	0.02155	0.00351	0.00787
23	0.01533	0.01327	0.02167	0.53029	0.17471	0.01541	0.01860	0.05199	0.01528	0.05898	0.01333	0.01818	0.01001	0.00685	0.00683	0.00221	0.00866	0.00613	0.00360	0.00865
24	0.01551	0.26296	0.40918	0.01694	0.02491	0.01922	0.05626	0.04591	0.01497	0.02052	0.01282	0.04802	0.01061	0.00701	0.00604	0.00198	0.00892	0.00549	0.00324	0.00949
25	0.01660	0.01606	0.04674	0.29102	0.16480	0.08797	0.04583	0.07932	0.01668	0.05389	0.01714	0.08499	0.03249	0.00846	0.00701	0.00219	0.00849	0.00744	0.00415	0.00874
26	0.00858	0.00621	0.00820	0.00955	0.01018	0.00570	0.00642	0.00985	0.01314	0.01766	0.03665	0.72439	0.04379	0.02076	0.00858	0.00271	0.00401	0.01881	0.00626	0.03854
27	0.00855	0.00686	0.00813	0.04380	0.01140	0.00622	0.00637	0.01036	0.01497	0.01886	0.11152	0.29874	0.39398	0.01794	0.00825	0.00246	0.00389	0.01557	0.00629	0.00585
28	0.01481	0.07065	0.45772	0.02018	0.07881	0.04550	0.07232	0.02087	0.01483	0.03929	0.01521	0.09093	0.01295	0.00798	0.00675	0.00217	0.00926	0.00678	0.00350	0.00950
29	0.01510	0.04947	0.54606	0.01957	0.02852	0.01596	0.10138	0.04646	0.01566	0.05054	0.03875	0.01659	0.01135	0.00681	0.00672	0.00216	0.00969	0.00575	0.00349	0.00996
30	0.01471	0.03400	0.68276	0.01907	0.02890	0.01555	0.02439	0.02235	0.01474	0.06254	0.01314	0.01496	0.00915	0.00661	0.00652	0.00216	0.00986	0.00516	0.00321	0.01020
31	0.01636	0.01599	0.02364	0.12991	0.35079	0.08106	0.07254	0.02028	0.02973	0.04082	0.01864	0.05152	0.06731	0.00819	0.00776	0.00217	0.04280	0.00736	0.00392	0.00923
32	0.01338	0.04163	0.30541	0.01903	0.02549	0.01399	0.19884	0.01937	0.03736	0.02150	0.06459	0.13165	0.02038	0.00979	0.00748	0.00234	0.00869	0.04616	0.00419	0.00873
33	0.01305	0.01230	0.02076	0.71971	0.06948	0.01524	0.01907	0.01760	0.01374	0.01764	0.01218	0.01820	0.00918	0.00682	0.00684	0.00227	0.00909	0.00608	0.00305	0.00771
34	0.01659	0.01549	0.02453	0.11368	0.52561	0.04139	0.01881	0.02087	0.03762	0.04136	0.01536	0.06982	0.01352	0.00747	0.00691	0.00211	0.00794	0.00706	0.00382	0.01002
35	0.01677	0.01312	0.02192	0.09873	0.07510	0.01327	0.18328	0.06099	0.03448	0.13515	0.05452	0.13097	0.06769	0.01038	0.00845	0.00234	0.04923	0.00956	0.00529	0.00875
36	0.05121	0.06677	0.12004	0.01331	0.01848	0.01180	0.04031	0.02531	0.01708	0.37500	0.05742	0.11296	0.02097	0.00997	0.00696	0.00220	0.00643	0.02745	0.00653	0.00981
37	0.01713	0.01620	0.02718	0.07036	0.66098	0.01641	0.02059	0.04776	0.01616	0.02298	0.01298	0.01697	0.01080	0.00621	0.00678	0.00204	0.00815	0.00610	0.00351	0.01073
38	0.01654	0.01585	0.02705	0.11134	0.65064	0.01615	0.02080	0.02065	0.01539	0.02187	0.01280	0.01706	0.01067	0.00617	0.00678	0.00206	0.00823	0.00609	0.00335	0.01052
39	0.01823	0.01716	0.04624	0.07984	0.04719	0.15583	0.14353	0.05038	0.01708	0.11898	0.02203	0.15731	0.03753	0.01056	0.00746	0.00228	0.00844	0.04645	0.00503	0.00843
40	0.04515	0.01550	0.02429	0.09114	0.33704	0.04110	0.09297	0.05373	0.01696	0.16311	0.01658	0.04355	0.01290	0.00727	0.00691	0.00212	0.00803	0.00680	0.00468	0.01017
41	0.01731	0.01697	0.02741	0.04093	0.68666	0.04736	0.02066	0.02127	0.01574	0.02211	0.01277	0.01673	0.01075	0.00614	0.00675	0.00202	0.00831	0.00602	0.00339	0.01071
42	0.01646	0.01588	0.02622	0.12937	0.55433	0.03623	0.04667	0.02055	0.01541	0.02168	0.01314	0.01739	0.01082	0.00628	0.00673	0.00205	0.00831	0.00614	0.03626	0.01009
43	0.01606	0.01650	0.04543	0.09403	0.29332	0.08535	0.08186	0.05726	0.01661	0.02204	0.06819	0.08767	0.04202	0.00892	0.00770	0.00218	0.03355	0.00805	0.00422	0.00902

[dist]
# distance from previous block
# <min> <max>
0	25

# created by:
# /home/berkeley/.conda/envs/busco_data_prod/bin/msa2prfl.pl pipeline/OGs_align_augustus/4893/31548.fs
