[name]
unknown

[dist]
# distance from previous block
# <min> <max>
0	12

[block]
# block no. 0 follows, 33 sequences, length 84
# corresponding to MSA columns:
# 12-95
name=unknown_A
#
# <colnr> <probs for GDERKNQSTAVLIFYWHMCP>
#	G	D	E	R	K	N	Q	S	T	A	V	L	I	F	Y	W	H	M	C	P
0	0.01177	0.00846	0.01090	0.01124	0.01314	0.00866	0.00927	0.01658	0.10708	0.05414	0.14878	0.10547	0.07970	0.01563	0.00865	0.00265	0.02507	0.34960	0.00636	0.00684
1	0.00906	0.00677	0.00848	0.00846	0.01009	0.00619	0.00650	0.01171	0.01701	0.02301	0.44487	0.09513	0.21127	0.01521	0.00798	0.00226	0.00358	0.09966	0.00677	0.00599
2	0.01365	0.01170	0.01365	0.00975	0.01560	0.00878	0.00780	0.01658	0.01365	0.02145	0.01170	0.01365	0.00975	0.00488	0.00488	0.00098	0.00488	0.00390	0.00390	0.80888
3	0.01365	0.01170	0.01365	0.00975	0.01560	0.00878	0.00780	0.01658	0.01365	0.02145	0.01170	0.01365	0.00975	0.00488	0.00488	0.00098	0.00488	0.00390	0.00390	0.80888
4	0.00778	0.00667	0.00667	0.00667	0.00889	0.00556	0.00500	0.00945	0.01501	0.01778	0.06669	0.06336	0.72490	0.01667	0.00778	0.00222	0.00333	0.01389	0.00611	0.00556
5	0.02459	0.03138	0.01866	0.01696	0.02035	0.74221	0.01272	0.02629	0.01866	0.01611	0.01018	0.01187	0.00848	0.00678	0.00594	0.00170	0.01187	0.00424	0.00339	0.00763
6	0.01257	0.00667	0.00686	0.00675	0.00838	0.00674	0.00507	0.04665	0.01451	0.02480	0.02221	0.07397	0.01841	0.00855	0.00495	0.00163	0.00331	0.00697	0.71466	0.00632
7	0.00785	0.00667	0.00677	0.00674	0.00894	0.00559	0.00506	0.00958	0.01517	0.01818	0.09690	0.06270	0.69444	0.01652	0.00778	0.00222	0.00332	0.01380	0.00617	0.00559
8	0.00954	0.00653	0.00794	0.00794	0.00820	0.00679	0.00493	0.01006	0.00980	0.01333	0.02005	0.03925	0.02227	0.60857	0.19130	0.00732	0.00889	0.00901	0.00389	0.00441
9	0.13823	0.06555	0.01821	0.01540	0.01908	0.57091	0.01183	0.05346	0.01783	0.01908	0.01021	0.01180	0.00840	0.00668	0.00561	0.00174	0.01046	0.00418	0.00360	0.00775
10	0.00996	0.00759	0.01049	0.01020	0.01089	0.00886	0.00754	0.01149	0.01022	0.01456	0.01769	0.03004	0.01799	0.26844	0.45018	0.00850	0.08862	0.00770	0.00360	0.00543
11	0.00802	0.00573	0.00764	0.00917	0.00955	0.00535	0.00611	0.00917	0.01260	0.01681	0.03628	0.76434	0.04354	0.02062	0.00840	0.00267	0.00382	0.01872	0.00611	0.00535
12	0.01522	0.01898	0.10222	0.02595	0.03228	0.01684	0.57691	0.02058	0.01488	0.02058	0.01275	0.01709	0.00971	0.00616	0.00890	0.00227	0.07931	0.00731	0.00324	0.00880
13	0.01590	0.01793	0.03539	0.02715	0.07888	0.05022	0.56271	0.02079	0.01514	0.02041	0.01268	0.01708	0.00983	0.00617	0.00887	0.00224	0.07926	0.00729	0.00329	0.00877
14	0.01533	0.01831	0.07017	0.05080	0.03449	0.01652	0.65028	0.02094	0.01539	0.02094	0.01320	0.01757	0.00987	0.00562	0.00766	0.00221	0.01096	0.00757	0.00329	0.00887
15	0.01707	0.01465	0.01508	0.01332	0.01709	0.03697	0.01042	0.10656	0.57808	0.02837	0.04503	0.02524	0.04430	0.00915	0.00673	0.00218	0.00550	0.00753	0.00659	0.01014
16	0.01306	0.01079	0.01264	0.01121	0.01439	0.01086	0.02408	0.05211	0.25633	0.02374	0.10443	0.19827	0.06388	0.01164	0.00693	0.00206	0.00472	0.01014	0.00597	0.16276
17	0.00921	0.00673	0.00866	0.00817	0.00977	0.00617	0.00613	0.01222	0.01839	0.02582	0.67982	0.05013	0.10676	0.01368	0.00777	0.00208	0.00312	0.01204	0.00717	0.00617
18	0.01748	0.01602	0.01673	0.01674	0.09522	0.08022	0.01179	0.06342	0.54641	0.02652	0.02325	0.02214	0.01761	0.00836	0.00661	0.00214	0.00617	0.00692	0.00603	0.01021
19	0.00904	0.00649	0.00714	0.00711	0.00785	0.00613	0.00443	0.00973	0.01175	0.01513	0.08139	0.04935	0.22893	0.50062	0.02434	0.00489	0.00528	0.01098	0.00482	0.00459
20	0.01144	0.00572	0.00858	0.00858	0.00858	0.00572	0.00572	0.00858	0.00858	0.01144	0.01144	0.02001	0.01144	0.02287	0.02573	0.80846	0.00572	0.00572	0.00286	0.00286
21	0.00802	0.00573	0.00764	0.00917	0.00955	0.00535	0.00611	0.00917	0.01260	0.01681	0.03628	0.76434	0.04354	0.02062	0.00840	0.00267	0.00382	0.01872	0.00611	0.00535
22	0.00949	0.00672	0.00891	0.00891	0.00951	0.00732	0.00615	0.01068	0.01009	0.01405	0.01916	0.03432	0.02013	0.40284	0.39410	0.00852	0.01210	0.00829	0.00375	0.00495
23	0.01351	0.03192	0.64349	0.01994	0.02927	0.01547	0.11322	0.02088	0.01411	0.02088	0.01201	0.01440	0.00856	0.00616	0.00645	0.00210	0.00991	0.00524	0.00285	0.00962
24	0.01615	0.01868	0.03749	0.02702	0.03346	0.06552	0.65712	0.02144	0.01575	0.02075	0.01311	0.01736	0.00989	0.00563	0.00765	0.00218	0.01115	0.00753	0.00333	0.00880
25	0.01110	0.00854	0.01016	0.00945	0.01155	0.00860	0.00716	0.04529	0.14815	0.02605	0.47613	0.08491	0.10101	0.01303	0.00755	0.00214	0.00373	0.01136	0.00697	0.00710
26	0.44251	0.01479	0.02063	0.01599	0.02057	0.01615	0.23470	0.05110	0.01341	0.02603	0.01077	0.01358	0.00839	0.00653	0.00706	0.00217	0.07864	0.00525	0.00383	0.00789
27	0.01076	0.00863	0.00962	0.00935	0.01168	0.00859	0.00734	0.06064	0.11010	0.02057	0.04676	0.05269	0.38341	0.05247	0.06812	0.00320	0.00558	0.11793	0.00591	0.00663
28	0.01243	0.01170	0.01975	0.75282	0.04534	0.01463	0.01828	0.01682	0.01316	0.01682	0.01170	0.01755	0.00878	0.00658	0.00658	0.00219	0.00878	0.00585	0.00293	0.00731
29	0.00787	0.00670	0.00679	0.00684	0.00904	0.00562	0.00518	0.00958	0.01501	0.01784	0.06569	0.06370	0.70326	0.01672	0.00782	0.00225	0.00342	0.03498	0.00611	0.00557
30	0.01334	0.01278	0.02198	0.57396	0.14911	0.01497	0.06453	0.01812	0.03269	0.01812	0.01233	0.01756	0.00942	0.00647	0.00666	0.00216	0.00869	0.00603	0.00311	0.00798
31	0.81514	0.01273	0.00968	0.00866	0.01273	0.01477	0.00713	0.01935	0.01120	0.02954	0.00917	0.01069	0.00713	0.00611	0.00407	0.00204	0.00509	0.00356	0.00407	0.00713
32	0.01606	0.01531	0.02563	0.08323	0.64590	0.01562	0.01954	0.02081	0.05357	0.02155	0.01314	0.01683	0.01086	0.00608	0.00653	0.00199	0.00774	0.00595	0.00343	0.01023
33	0.00789	0.00667	0.00682	0.00678	0.00896	0.00560	0.00509	0.00966	0.01526	0.01839	0.11292	0.06236	0.67829	0.01645	0.00778	0.00221	0.00332	0.01375	0.00619	0.00560
34	0.04639	0.03688	0.01832	0.18249	0.02438	0.03852	0.01274	0.35338	0.02301	0.09867	0.08453	0.01967	0.01582	0.00801	0.00653	0.00202	0.00710	0.00636	0.00568	0.00950
35	0.81514	0.01273	0.00968	0.00866	0.01273	0.01477	0.00713	0.01935	0.01120	0.02954	0.00917	0.01069	0.00713	0.00611	0.00407	0.00204	0.00509	0.00356	0.00407	0.00713
36	0.00957	0.00638	0.00718	0.00718	0.00718	0.00638	0.00399	0.00957	0.00957	0.01276	0.02074	0.04308	0.02393	0.76864	0.03351	0.00638	0.00638	0.00957	0.00399	0.00399
37	0.01760	0.77260	0.03450	0.01126	0.01690	0.02605	0.01126	0.01971	0.01338	0.01549	0.00915	0.01056	0.00845	0.00563	0.00422	0.00141	0.00704	0.00352	0.00282	0.00845
38	0.01320	0.03405	0.73453	0.01876	0.02849	0.01529	0.02432	0.02085	0.01390	0.02085	0.01181	0.01390	0.00834	0.00625	0.00625	0.00208	0.00973	0.00486	0.00278	0.00973
39	0.00957	0.00638	0.00718	0.00718	0.00718	0.00638	0.00399	0.00957	0.00957	0.01276	0.02074	0.04308	0.02393	0.76864	0.03351	0.00638	0.00638	0.00957	0.00399	0.00399
40	0.01061	0.00758	0.01061	0.01212	0.01364	0.00758	0.01061	0.01364	0.01515	0.01970	0.03486	0.07426	0.03789	0.01819	0.00909	0.00303	0.00606	0.68326	0.00606	0.00606
41	0.02459	0.03138	0.01866	0.01696	0.02035	0.74221	0.01272	0.02629	0.01866	0.01611	0.01018	0.01187	0.00848	0.00678	0.00594	0.00170	0.01187	0.00424	0.00339	0.00763
42	0.00900	0.00665	0.00840	0.00810	0.00967	0.00605	0.00602	0.01175	0.01768	0.02445	0.57848	0.09949	0.16096	0.01443	0.00781	0.00213	0.00319	0.01266	0.00700	0.00605
43	0.00932	0.00673	0.00880	0.00828	0.00984	0.00621	0.00621	0.01242	0.01863	0.02640	0.72410	0.04918	0.06212	0.01346	0.00776	0.00207	0.00311	0.01191	0.00725	0.00621
44	0.00794	0.00668	0.00689	0.00684	0.00899	0.00563	0.00513	0.00976	0.01538	0.01868	0.13541	0.06187	0.65562	0.01634	0.00778	0.00221	0.00331	0.01369	0.00623	0.00563
45	0.01720	0.70555	0.09805	0.01195	0.01795	0.02507	0.01245	0.01982	0.01342	0.01598	0.00939	0.01086	0.00844	0.00569	0.00441	0.00147	0.00728	0.00364	0.00281	0.00856
46	0.01742	0.46843	0.22007	0.01409	0.02050	0.12557	0.01498	0.02096	0.01427	0.01702	0.01001	0.01164	0.00842	0.00596	0.00501	0.00163	0.00845	0.00398	0.00289	0.00868
47	0.02954	0.01120	0.01528	0.01171	0.01681	0.00968	0.00968	0.03208	0.01884	0.73213	0.02597	0.02241	0.01630	0.00815	0.00662	0.00204	0.00560	0.00662	0.00815	0.01120
48	0.00941	0.00902	0.06520	0.00937	0.01141	0.00721	0.00757	0.01291	0.06091	0.02103	0.26572	0.26503	0.17237	0.04168	0.00867	0.00244	0.00414	0.01343	0.00619	0.00630
49	0.01336	0.03299	0.68937	0.01935	0.02888	0.01538	0.06842	0.02086	0.01401	0.02086	0.01191	0.01415	0.00845	0.00621	0.00635	0.00209	0.00982	0.00505	0.00282	0.00967
50	0.00836	0.00665	0.00750	0.00737	0.00927	0.00579	0.00550	0.01054	0.01625	0.02094	0.30913	0.08751	0.45061	0.01565	0.00780	0.00219	0.00327	0.01336	0.00653	0.00579
51	0.01455	0.01189	0.01389	0.00998	0.01579	0.00916	0.00801	0.03822	0.01436	0.04682	0.01232	0.01402	0.01002	0.00508	0.00499	0.00104	0.00497	0.00406	0.00413	0.75667
52	0.00884	0.00667	0.00817	0.00789	0.00957	0.00600	0.00588	0.01147	0.01738	0.02364	0.51520	0.08584	0.24003	0.01465	0.00780	0.00214	0.00320	0.01275	0.00689	0.00600
53	0.01873	0.61683	0.05249	0.01252	0.01787	0.15497	0.01192	0.02093	0.01434	0.01576	0.00942	0.01090	0.00845	0.00586	0.00459	0.00148	0.00799	0.00369	0.00292	0.00834
54	0.01898	0.01677	0.11022	0.01512	0.07540	0.06154	0.01235	0.14205	0.01833	0.15713	0.05785	0.03909	0.01523	0.00864	0.02757	0.00201	0.00701	0.00605	0.00518	0.20347
55	0.01765	0.03528	0.08099	0.02886	0.40757	0.01466	0.05600	0.04242	0.05491	0.12022	0.06301	0.01954	0.01503	0.00693	0.00662	0.00200	0.00736	0.00643	0.00444	0.01008
56	0.01905	0.07371	0.01772	0.01396	0.01810	0.09444	0.01114	0.16608	0.45353	0.02820	0.02154	0.02043	0.01623	0.00825	0.00641	0.00206	0.00645	0.00651	0.00604	0.01013
57	0.79168	0.01290	0.00998	0.00885	0.01296	0.01494	0.00729	0.03973	0.01179	0.02989	0.00936	0.01085	0.00725	0.00616	0.00415	0.00204	0.00516	0.00363	0.00415	0.00725
58	0.01581	0.01523	0.07925	0.07758	0.25254	0.03554	0.01457	0.10884	0.05671	0.05426	0.14249	0.02609	0.07532	0.00868	0.00682	0.00204	0.00669	0.00753	0.00495	0.00907
59	0.01320	0.03405	0.73453	0.01876	0.02849	0.01529	0.02432	0.02085	0.01390	0.02085	0.01181	0.01390	0.00834	0.00625	0.00625	0.00208	0.00973	0.00486	0.00278	0.00973
60	0.01402	0.12376	0.10966	0.04969	0.03975	0.07731	0.11764	0.04086	0.01484	0.01915	0.05382	0.19752	0.05270	0.01071	0.00768	0.00216	0.04756	0.00928	0.00424	0.00765
61	0.04918	0.07883	0.01283	0.01023	0.03165	0.00992	0.00781	0.06284	0.01685	0.04648	0.28279	0.12020	0.11827	0.01213	0.00695	0.00201	0.00445	0.03344	0.00593	0.08720
62	0.11304	0.29810	0.30108	0.01423	0.02109	0.04058	0.01583	0.03806	0.04633	0.03995	0.01165	0.01300	0.00906	0.00624	0.00528	0.00182	0.00787	0.00439	0.00339	0.00899
63	0.01649	0.05264	0.06529	0.11707	0.46635	0.08608	0.06156	0.02047	0.01503	0.02011	0.01197	0.01571	0.00982	0.00603	0.00643	0.00196	0.00859	0.00566	0.00319	0.00957
64	0.40850	0.01314	0.01331	0.01081	0.01543	0.01392	0.00892	0.13754	0.01716	0.27809	0.01616	0.01565	0.01102	0.00712	0.00538	0.00203	0.00563	0.00503	0.00592	0.00923
65	0.01331	0.01162	0.01632	0.07709	0.22428	0.01221	0.01226	0.02064	0.19816	0.02372	0.21958	0.05142	0.07194	0.00992	0.00705	0.00211	0.00551	0.00882	0.00550	0.00856
66	0.01559	0.01461	0.02346	0.09093	0.39116	0.01468	0.08137	0.04069	0.09158	0.02200	0.01429	0.01803	0.01171	0.03273	0.00740	0.00206	0.00749	0.00610	0.00382	0.11032
67	0.00802	0.00573	0.00764	0.00917	0.00955	0.00535	0.00611	0.00917	0.01260	0.01681	0.03628	0.76434	0.04354	0.02062	0.00840	0.00267	0.00382	0.01872	0.00611	0.00535
68	0.81514	0.01273	0.00968	0.00866	0.01273	0.01477	0.00713	0.01935	0.01120	0.02954	0.00917	0.01069	0.00713	0.00611	0.00407	0.00204	0.00509	0.00356	0.00407	0.00713
69	0.01365	0.01313	0.02285	0.51880	0.22194	0.01503	0.06495	0.01799	0.01380	0.01833	0.01199	0.01724	0.00929	0.00633	0.00665	0.00213	0.00868	0.00598	0.00304	0.00823
70	0.00782	0.00667	0.00673	0.00672	0.00892	0.00558	0.00504	0.00953	0.01511	0.01803	0.08560	0.06295	0.70584	0.01658	0.00778	0.00222	0.00333	0.01384	0.00615	0.00558
71	0.00849	0.00607	0.00818	0.00971	0.01030	0.00576	0.00693	0.00999	0.01307	0.01734	0.03602	0.63796	0.04251	0.02018	0.00853	0.00274	0.00423	0.14042	0.00610	0.00548
72	0.00802	0.00573	0.00764	0.00917	0.00955	0.00535	0.00611	0.00917	0.01260	0.01681	0.03628	0.76434	0.04354	0.02062	0.00840	0.00267	0.00382	0.01872	0.00611	0.00535
73	0.01629	0.01564	0.02672	0.04041	0.72757	0.01564	0.02020	0.02020	0.01499	0.02151	0.01238	0.01629	0.01043	0.00587	0.00652	0.00196	0.00782	0.00587	0.00326	0.01043
74	0.81514	0.01273	0.00968	0.00866	0.01273	0.01477	0.00713	0.01935	0.01120	0.02954	0.00917	0.01069	0.00713	0.00611	0.00407	0.00204	0.00509	0.00356	0.00407	0.00713
75	0.01760	0.77260	0.03450	0.01126	0.01690	0.02605	0.01126	0.01971	0.01338	0.01549	0.00915	0.01056	0.00845	0.00563	0.00422	0.00141	0.00704	0.00352	0.00282	0.00845
76	0.02459	0.03138	0.01866	0.01696	0.02035	0.74221	0.01272	0.02629	0.01866	0.01611	0.01018	0.01187	0.00848	0.00678	0.00594	0.00170	0.01187	0.00424	0.00339	0.00763
77	0.00778	0.00667	0.00667	0.00667	0.00889	0.00556	0.00500	0.00945	0.01501	0.01778	0.06669	0.06336	0.72490	0.01667	0.00778	0.00222	0.00333	0.01389	0.00611	0.00556
78	0.01637	0.01414	0.01489	0.01340	0.01712	0.01637	0.01042	0.03498	0.71568	0.02754	0.02679	0.02456	0.02010	0.00893	0.00670	0.00223	0.00521	0.00744	0.00670	0.01042
79	0.00802	0.00573	0.00764	0.00917	0.00955	0.00535	0.00611	0.00917	0.01260	0.01681	0.03628	0.76434	0.04354	0.02062	0.00840	0.00267	0.00382	0.01872	0.00611	0.00535
80	0.00793	0.00665	0.00689	0.00689	0.00900	0.00561	0.00514	0.00971	0.01527	0.01855	0.12613	0.08124	0.64549	0.01649	0.00780	0.00222	0.00333	0.01384	0.00622	0.00561
81	0.01609	0.01364	0.01453	0.01300	0.01659	0.01561	0.01012	0.06105	0.62305	0.02802	0.09026	0.02645	0.02357	0.00930	0.00679	0.00221	0.00510	0.00779	0.00674	0.01007
82	0.02280	0.01470	0.01681	0.01287	0.01812	0.01465	0.01052	0.32227	0.07514	0.20916	0.01821	0.01761	0.01280	0.00732	0.00620	0.00177	0.00612	0.00573	0.00635	0.20085
83	0.01617	0.01244	0.01261	0.04484	0.01507	0.11848	0.00878	0.06840	0.04313	0.13562	0.34378	0.03589	0.09574	0.01103	0.00714	0.00203	0.00546	0.00923	0.00645	0.00771

[dist]
# distance from previous block
# <min> <max>
0	16

# created by:
# /home/berkeley/.conda/envs/busco_data_prod/bin/msa2prfl.pl pipeline/OGs_align_augustus/4893/31635.fs
