[name]
unknown

[dist]
# distance from previous block
# <min> <max>
21	93

[block]
# block no. 0 follows, 34 sequences, length 18
# corresponding to MSA columns:
# 108-125
name=unknown_A
#
# <colnr> <probs for GDERKNQSTAVLIFYWHMCP>
#	G	D	E	R	K	N	Q	S	T	A	V	L	I	F	Y	W	H	M	C	P
0	0.01344	0.01416	0.12693	0.03403	0.01738	0.01135	0.03947	0.08441	0.13203	0.04616	0.12524	0.12649	0.08304	0.01145	0.02551	0.00226	0.00599	0.00900	0.00537	0.08631
1	0.01732	0.06817	0.06484	0.01462	0.03318	0.08815	0.08031	0.18153	0.08332	0.06272	0.09713	0.06124	0.08092	0.00944	0.00673	0.00202	0.00687	0.02750	0.00535	0.00863
2	0.11026	0.27050	0.04432	0.01295	0.01762	0.17447	0.01126	0.14536	0.06964	0.04608	0.03316	0.01416	0.01125	0.00678	0.00532	0.00173	0.00753	0.00469	0.00426	0.00866
3	0.15413	0.21382	0.06006	0.01340	0.04245	0.12735	0.01125	0.10876	0.09273	0.04523	0.01406	0.04760	0.01168	0.00723	0.00538	0.00182	0.00703	0.00526	0.02222	0.00854
4	0.51952	0.09431	0.01456	0.01073	0.01496	0.11387	0.00888	0.11663	0.01490	0.02746	0.01004	0.01134	0.00786	0.00628	0.00460	0.00188	0.00638	0.00391	0.00413	0.00775
5	0.00787	0.00635	0.00700	0.00727	0.00898	0.00549	0.00529	0.00956	0.01464	0.01826	0.13834	0.21394	0.50076	0.01683	0.00777	0.00226	0.00335	0.01443	0.00613	0.00549
6	0.01555	0.01391	0.01872	0.13688	0.16288	0.01630	0.01400	0.07984	0.25952	0.02274	0.01686	0.01956	0.01349	0.03537	0.01007	0.00237	0.14197	0.00641	0.00454	0.00902
7	0.01296	0.03342	0.73944	0.01842	0.02797	0.01501	0.02387	0.02046	0.01364	0.02046	0.01160	0.01364	0.00818	0.00614	0.00614	0.00205	0.00955	0.00477	0.00273	0.00955
8	0.01875	0.01391	0.05873	0.16460	0.06632	0.01299	0.05096	0.11848	0.05333	0.20028	0.01809	0.01912	0.03052	0.00709	0.00627	0.00189	0.00676	0.00603	0.02959	0.11629
9	0.01767	0.73515	0.03306	0.01127	0.01677	0.02526	0.01112	0.05733	0.01408	0.01660	0.00934	0.01065	0.00844	0.00565	0.00427	0.00141	0.00692	0.00358	0.00297	0.00844
10	0.01023	0.00685	0.00899	0.00831	0.01003	0.00628	0.00628	0.01325	0.01830	0.06497	0.69056	0.04682	0.05850	0.01292	0.00756	0.00203	0.00318	0.01140	0.00716	0.00637
11	0.81856	0.01250	0.00950	0.00850	0.01250	0.01449	0.00700	0.01899	0.01100	0.02899	0.00900	0.01050	0.00700	0.00600	0.00400	0.00200	0.00500	0.00350	0.00400	0.00700
12	0.00764	0.00655	0.00655	0.00655	0.00873	0.00545	0.00491	0.00927	0.01473	0.01745	0.06546	0.06218	0.73000	0.01636	0.00764	0.00218	0.00327	0.01364	0.00600	0.00545
13	0.01633	0.01415	0.01456	0.01297	0.01653	0.04164	0.01010	0.07621	0.59232	0.02743	0.08360	0.02512	0.02219	0.00900	0.00663	0.00214	0.00531	0.00746	0.00650	0.00983
14	0.04796	0.01180	0.04711	0.03708	0.10857	0.04637	0.03326	0.01433	0.01236	0.01774	0.01992	0.27089	0.02129	0.01585	0.06942	0.03538	0.13795	0.00994	0.03605	0.00674
15	0.00952	0.00686	0.00895	0.00884	0.00932	0.00756	0.00606	0.01054	0.00983	0.01368	0.01861	0.03411	0.01983	0.44041	0.33014	0.00784	0.04121	0.00822	0.00368	0.00481
16	0.00801	0.00580	0.00760	0.00891	0.00950	0.00539	0.00611	0.00933	0.01289	0.01709	0.06848	0.66203	0.08899	0.01958	0.00821	0.00258	0.00377	0.04436	0.00605	0.00533
17	0.02201	0.01729	0.01826	0.05012	0.02047	0.04593	0.01209	0.49747	0.18706	0.03550	0.01758	0.01742	0.01277	0.00788	0.00647	0.00200	0.00689	0.00609	0.00620	0.01050

[dist]
# distance from previous block
# <min> <max>
0	1

[block]
# block no. 1 follows, 34 sequences, length 40
# corresponding to MSA columns:
# 127-166
name=unknown_B
#
# <colnr> <probs for GDERKNQSTAVLIFYWHMCP>
#	G	D	E	R	K	N	Q	S	T	A	V	L	I	F	Y	W	H	M	C	P
0	0.09683	0.22850	0.38354	0.01673	0.06420	0.01807	0.03499	0.05202	0.01411	0.02090	0.01088	0.01276	0.00838	0.00600	0.00545	0.00185	0.00819	0.00447	0.00308	0.00904
1	0.01170	0.01140	0.01152	0.01116	0.01288	0.13209	0.04285	0.03389	0.01449	0.01750	0.03517	0.38982	0.18811	0.01558	0.00815	0.00233	0.03652	0.01346	0.00529	0.00610
2	0.01564	0.01183	0.01376	0.01017	0.01542	0.00988	0.00818	0.10388	0.01614	0.07504	0.05094	0.01647	0.01314	0.00592	0.00526	0.00123	0.00497	0.00475	0.03219	0.58517
3	0.81856	0.01250	0.00950	0.00850	0.01250	0.01449	0.00700	0.01899	0.01100	0.02899	0.00900	0.01050	0.00700	0.00600	0.00400	0.00200	0.00500	0.00350	0.00400	0.00700
4	0.00940	0.00626	0.00705	0.00705	0.00705	0.00626	0.00392	0.00940	0.00940	0.01253	0.02036	0.04228	0.02349	0.77292	0.03289	0.00626	0.00626	0.00940	0.00392	0.00392
5	0.01898	0.01517	0.01945	0.16091	0.14299	0.05386	0.03487	0.24772	0.05806	0.08935	0.01741	0.01919	0.04090	0.00936	0.04088	0.00239	0.00791	0.00627	0.00495	0.00937
6	0.81856	0.01250	0.00950	0.00850	0.01250	0.01449	0.00700	0.01899	0.01100	0.02899	0.00900	0.01050	0.00700	0.00600	0.00400	0.00200	0.00500	0.00350	0.00400	0.00700
7	0.01525	0.01743	0.03813	0.02723	0.03377	0.01634	0.70915	0.02070	0.01525	0.02070	0.01307	0.01743	0.00980	0.00545	0.00763	0.00218	0.01089	0.00763	0.00327	0.00871
8	0.00764	0.00655	0.00655	0.00655	0.00873	0.00545	0.00491	0.00927	0.01473	0.01745	0.06546	0.06218	0.73000	0.01636	0.00764	0.00218	0.00327	0.01364	0.00600	0.00545
9	0.01599	0.01535	0.02623	0.03966	0.73262	0.01535	0.01983	0.01983	0.01471	0.02111	0.01215	0.01599	0.01023	0.00576	0.00640	0.00192	0.00768	0.00576	0.00320	0.01023
10	0.01525	0.01743	0.03813	0.02723	0.03377	0.01634	0.70915	0.02070	0.01525	0.02070	0.01307	0.01743	0.00980	0.00545	0.00763	0.00218	0.01089	0.00763	0.00327	0.00871
11	0.01220	0.01148	0.01938	0.75739	0.04450	0.01436	0.01794	0.01651	0.01292	0.01651	0.01148	0.01723	0.00861	0.00646	0.00646	0.00215	0.00861	0.00574	0.00287	0.00718
12	0.00924	0.00690	0.01028	0.01028	0.01139	0.00802	0.00794	0.01147	0.01035	0.01492	0.01741	0.02593	0.01639	0.07198	0.72412	0.01025	0.01695	0.00700	0.00348	0.00571
13	0.01809	0.01488	0.01575	0.01356	0.01757	0.01701	0.01072	0.19512	0.55688	0.03028	0.02374	0.02207	0.01765	0.00853	0.00655	0.00213	0.00559	0.00695	0.00655	0.01041
14	0.01727	0.77681	0.03386	0.01106	0.01658	0.02557	0.01106	0.01935	0.01313	0.01520	0.00898	0.01036	0.00829	0.00553	0.00415	0.00138	0.00691	0.00345	0.00276	0.00829
15	0.00940	0.00626	0.00705	0.00705	0.00705	0.00626	0.00392	0.00940	0.00940	0.01253	0.02036	0.04228	0.02349	0.77292	0.03289	0.00626	0.00626	0.00940	0.00392	0.00392
16	0.00859	0.00614	0.00832	0.00982	0.01051	0.00587	0.00725	0.01024	0.01308	0.01730	0.03522	0.57167	0.04116	0.01957	0.00844	0.00272	0.00437	0.20830	0.00598	0.00545
17	0.00914	0.00660	0.00864	0.00813	0.00965	0.00610	0.00610	0.01219	0.01829	0.02591	0.72921	0.04827	0.06097	0.01321	0.00762	0.00203	0.00305	0.01169	0.00711	0.00610
18	0.02335	0.02949	0.01843	0.01667	0.01974	0.68993	0.01261	0.02500	0.01765	0.01579	0.00987	0.01185	0.00834	0.00702	0.00703	0.00176	0.07045	0.00428	0.00329	0.00746
19	0.01296	0.03342	0.73944	0.01842	0.02797	0.01501	0.02387	0.02046	0.01364	0.02046	0.01160	0.01364	0.00818	0.00614	0.00614	0.00205	0.00955	0.00477	0.00273	0.00955
20	0.00775	0.00655	0.00671	0.00667	0.00880	0.00550	0.00500	0.00950	0.01500	0.01811	0.11710	0.06110	0.67794	0.01612	0.00764	0.00217	0.00326	0.01348	0.00609	0.00550
21	0.05104	0.42039	0.02756	0.01451	0.05137	0.07851	0.06092	0.08899	0.11204	0.02057	0.01250	0.01361	0.01026	0.00630	0.00518	0.00168	0.00729	0.00467	0.00379	0.00882
22	0.01526	0.01706	0.07928	0.02835	0.38648	0.09632	0.09184	0.01902	0.01522	0.02042	0.07395	0.07569	0.01721	0.00790	0.00676	0.00202	0.00790	0.02665	0.00380	0.00887
23	0.01716	0.19998	0.25242	0.01852	0.04611	0.03852	0.18329	0.05765	0.01544	0.09259	0.01292	0.01474	0.00960	0.00610	0.00608	0.00190	0.00872	0.00539	0.00363	0.00924
24	0.69368	0.07610	0.01214	0.00932	0.01339	0.07039	0.00774	0.01953	0.01172	0.02688	0.00907	0.01057	0.00720	0.00601	0.00415	0.00192	0.00565	0.00354	0.00385	0.00714
25	0.01901	0.02622	0.24099	0.01885	0.08488	0.25798	0.03740	0.14444	0.04438	0.02269	0.01311	0.03669	0.01042	0.00706	0.00624	0.00192	0.00935	0.00543	0.00389	0.00905
26	0.00947	0.00694	0.00891	0.00836	0.00998	0.00656	0.00629	0.01322	0.05078	0.02596	0.69671	0.04715	0.05906	0.01300	0.00757	0.00204	0.00314	0.01148	0.00709	0.00629
27	0.00883	0.00659	0.00819	0.00779	0.00946	0.00596	0.00585	0.01157	0.01754	0.02412	0.58856	0.05121	0.20273	0.01388	0.00762	0.00206	0.00310	0.01210	0.00688	0.00596
28	0.01331	0.01299	0.01751	0.01539	0.01578	0.04191	0.01264	0.01495	0.01030	0.01543	0.01063	0.01672	0.01030	0.01998	0.19319	0.00458	0.55872	0.00590	0.00300	0.00677
29	0.00787	0.00562	0.00750	0.00900	0.00937	0.00525	0.00600	0.00900	0.01237	0.01649	0.03561	0.76871	0.04274	0.02024	0.00825	0.00262	0.00375	0.01837	0.00600	0.00525
30	0.01495	0.01361	0.01576	0.06933	0.12397	0.06133	0.01170	0.02601	0.38824	0.02353	0.07860	0.08304	0.02237	0.00954	0.00678	0.00216	0.00592	0.02860	0.00558	0.00899
31	0.01727	0.77681	0.03386	0.01106	0.01658	0.02557	0.01106	0.01935	0.01313	0.01520	0.00898	0.01036	0.00829	0.00553	0.00415	0.00138	0.00691	0.00345	0.00276	0.00829
32	0.01636	0.01659	0.02415	0.15422	0.53361	0.10399	0.01863	0.02001	0.01486	0.01971	0.01178	0.01567	0.00974	0.00598	0.00634	0.00193	0.00831	0.00556	0.00316	0.00940
33	0.81856	0.01250	0.00950	0.00850	0.01250	0.01449	0.00700	0.01899	0.01100	0.02899	0.00900	0.01050	0.00700	0.00600	0.00400	0.00200	0.00500	0.00350	0.00400	0.00700
34	0.00940	0.00626	0.00705	0.00705	0.00705	0.00626	0.00392	0.00940	0.00940	0.01253	0.02036	0.04228	0.02349	0.77292	0.03289	0.00626	0.00626	0.00940	0.00392	0.00392
35	0.01749	0.01818	0.02478	0.03544	0.60196	0.14950	0.01848	0.02092	0.01537	0.02014	0.01176	0.01520	0.00988	0.00592	0.00629	0.00187	0.00841	0.00546	0.00322	0.00973
36	0.01024	0.00751	0.01050	0.01216	0.03903	0.00740	0.00986	0.01311	0.01509	0.01987	0.10759	0.10288	0.06741	0.01698	0.00861	0.00279	0.00549	0.53144	0.00597	0.00607
37	0.01419	0.01146	0.01348	0.00967	0.01537	0.00866	0.00775	0.01704	0.01366	0.05718	0.01219	0.01383	0.00989	0.00495	0.00487	0.00101	0.00482	0.00396	0.00404	0.77198
38	0.01660	0.01566	0.02575	0.06123	0.63341	0.03999	0.04447	0.02038	0.01493	0.04721	0.01258	0.01616	0.01031	0.00588	0.00643	0.00193	0.00788	0.00580	0.00337	0.01001
39	0.01551	0.01416	0.02350	0.10599	0.55941	0.01418	0.01784	0.01925	0.01472	0.04237	0.04570	0.01761	0.01255	0.00617	0.00635	0.00188	0.00729	0.00592	0.00354	0.06606

[dist]
# distance from previous block
# <min> <max>
0	3

[block]
# block no. 2 follows, 34 sequences, length 227
# corresponding to MSA columns:
# 170-396
name=unknown_C
#
# <colnr> <probs for GDERKNQSTAVLIFYWHMCP>
#	G	D	E	R	K	N	Q	S	T	A	V	L	I	F	Y	W	H	M	C	P
0	0.01436	0.01562	0.14443	0.01200	0.01841	0.01013	0.03950	0.01814	0.01383	0.06505	0.01243	0.01414	0.00973	0.00525	0.00525	0.00127	0.00593	0.00432	0.00387	0.58636
1	0.01539	0.01592	0.03065	0.09043	0.38816	0.01569	0.30654	0.01993	0.01480	0.02058	0.01248	0.01669	0.00993	0.00568	0.00691	0.00205	0.00909	0.00653	0.00320	0.00936
2	0.01353	0.01154	0.01662	0.10398	0.12196	0.01053	0.05154	0.03730	0.01418	0.03865	0.01663	0.13015	0.01579	0.00815	0.00615	0.00169	0.00599	0.03286	0.00418	0.35857
3	0.02254	0.01710	0.01825	0.01446	0.01927	0.01909	0.01179	0.55016	0.19458	0.03747	0.01808	0.01756	0.01307	0.00800	0.00649	0.00200	0.00664	0.00617	0.00649	0.01081
4	0.01797	0.04255	0.02248	0.19224	0.29720	0.01437	0.05814	0.04400	0.03690	0.16539	0.01515	0.01752	0.01122	0.00647	0.00638	0.00197	0.00744	0.00592	0.00431	0.03238
5	0.01472	0.14106	0.57484	0.01693	0.02551	0.01664	0.02092	0.05666	0.01460	0.04395	0.01187	0.01353	0.00860	0.00619	0.00587	0.00194	0.00890	0.00469	0.00310	0.00949
6	0.01390	0.02971	0.58478	0.01985	0.02868	0.01508	0.15181	0.02086	0.01410	0.04351	0.01232	0.01462	0.00874	0.00607	0.00643	0.00207	0.00967	0.00536	0.00300	0.00944
7	0.01406	0.01433	0.09536	0.06448	0.13764	0.06965	0.01219	0.05825	0.03423	0.06464	0.15030	0.12238	0.11436	0.01074	0.00695	0.00208	0.00616	0.00924	0.00511	0.00786
8	0.01708	0.06514	0.11334	0.11055	0.25688	0.07249	0.08332	0.05507	0.04469	0.07872	0.01490	0.01725	0.02850	0.00658	0.00636	0.00196	0.00817	0.00587	0.00385	0.00929
9	0.02158	0.01652	0.17006	0.01738	0.11057	0.01186	0.05911	0.02591	0.03745	0.38734	0.03792	0.02052	0.01470	0.03048	0.00731	0.00215	0.00693	0.00636	0.00578	0.01008
10	0.01556	0.02140	0.21412	0.04915	0.16862	0.07685	0.21769	0.06488	0.01569	0.02119	0.01384	0.06527	0.01156	0.00696	0.00676	0.00206	0.00917	0.00674	0.00349	0.00900
11	0.01507	0.01839	0.10761	0.16901	0.14552	0.06965	0.27045	0.01961	0.01425	0.01908	0.01179	0.01600	0.00923	0.00641	0.00817	0.00214	0.07982	0.00620	0.00308	0.00851
12	0.01581	0.05640	0.42784	0.02279	0.19674	0.01494	0.04671	0.02154	0.01450	0.10309	0.01328	0.01518	0.00965	0.00621	0.00622	0.00199	0.00857	0.00526	0.00347	0.00980
13	0.01757	0.05232	0.34082	0.01423	0.02074	0.01280	0.01561	0.07330	0.01659	0.21484	0.07975	0.04308	0.05337	0.00827	0.00644	0.00202	0.00713	0.00670	0.00506	0.00937
14	0.01323	0.07966	0.69556	0.01796	0.02726	0.01566	0.02308	0.02039	0.01361	0.02014	0.01143	0.01344	0.00819	0.00610	0.00601	0.00200	0.00938	0.00469	0.00273	0.00947
15	0.01728	0.01150	0.04281	0.05325	0.01611	0.03464	0.00973	0.07604	0.03698	0.23482	0.02733	0.19704	0.08711	0.03843	0.03688	0.00267	0.05367	0.00974	0.00589	0.00806
16	0.02011	0.01821	0.22928	0.06415	0.10661	0.01243	0.01538	0.06077	0.01659	0.31380	0.01998	0.04173	0.03600	0.00771	0.00646	0.00203	0.00711	0.00640	0.00535	0.00989
17	0.01501	0.01522	0.04740	0.29197	0.39917	0.03884	0.04205	0.03747	0.01460	0.01980	0.01195	0.01625	0.00953	0.00609	0.00644	0.00201	0.00829	0.00573	0.00316	0.00901
18	0.01220	0.01148	0.01938	0.75739	0.04450	0.01436	0.01794	0.01651	0.01292	0.01651	0.01148	0.01723	0.00861	0.00646	0.00646	0.00215	0.00861	0.00574	0.00287	0.00718
19	0.01558	0.01752	0.07428	0.07213	0.13103	0.06300	0.35799	0.01994	0.01463	0.04361	0.01374	0.05529	0.01139	0.00703	0.00830	0.00217	0.07314	0.00718	0.00347	0.00857
20	0.08893	0.18101	0.19885	0.01453	0.02023	0.12862	0.03738	0.11967	0.04009	0.04973	0.03118	0.03744	0.01166	0.00705	0.00571	0.00185	0.00797	0.00528	0.00403	0.00878
21	0.00966	0.00671	0.00776	0.00760	0.00760	0.00702	0.00449	0.00974	0.00942	0.01270	0.01969	0.04070	0.02265	0.73018	0.03223	0.00607	0.04863	0.00919	0.00385	0.00409
22	0.01619	0.02053	0.19879	0.04567	0.24090	0.08572	0.10415	0.02196	0.07184	0.06271	0.05687	0.01815	0.01359	0.00674	0.00653	0.00200	0.00834	0.00612	0.00388	0.00932
23	0.00903	0.00664	0.00851	0.00814	0.00972	0.00604	0.00604	0.01178	0.01730	0.02422	0.59148	0.11968	0.10666	0.01390	0.00760	0.00207	0.00318	0.01227	0.00683	0.02891
24	0.03938	0.45270	0.24129	0.01499	0.05807	0.06125	0.01529	0.02005	0.01359	0.01751	0.00998	0.01171	0.00833	0.00580	0.00495	0.00164	0.00794	0.00401	0.00284	0.00869
25	0.01741	0.10638	0.15677	0.01250	0.01877	0.01370	0.01212	0.12644	0.01666	0.11158	0.01356	0.01448	0.01016	0.00599	0.00544	0.00150	0.00640	0.00460	0.00441	0.34113
26	0.06419	0.05132	0.52705	0.01880	0.06631	0.03925	0.05799	0.02116	0.01406	0.06396	0.01225	0.01413	0.00880	0.00618	0.00605	0.00201	0.00898	0.00495	0.00320	0.00937
27	0.00857	0.00633	0.00793	0.00877	0.00977	0.00590	0.00619	0.02959	0.01410	0.01860	0.12416	0.51325	0.15858	0.01829	0.00805	0.00247	0.00377	0.04397	0.00614	0.00558
28	0.01285	0.01215	0.02055	0.63442	0.16240	0.01453	0.01827	0.01708	0.01323	0.01730	0.01160	0.01701	0.00889	0.00634	0.00645	0.00211	0.00845	0.00574	0.00293	0.00770
29	0.02019	0.01749	0.09753	0.03771	0.20098	0.09849	0.05048	0.06523	0.05885	0.21962	0.03472	0.04006	0.01411	0.00742	0.00649	0.00198	0.00751	0.00637	0.00506	0.00970
30	0.01494	0.02429	0.34435	0.02269	0.06615	0.01594	0.30099	0.06778	0.03894	0.02218	0.01298	0.01578	0.00952	0.00603	0.00679	0.00209	0.00969	0.00614	0.00335	0.00937
31	0.00787	0.00565	0.00747	0.00893	0.00935	0.00525	0.00597	0.00900	0.01244	0.01652	0.03645	0.74881	0.06209	0.02013	0.00823	0.00261	0.00374	0.01824	0.00600	0.00525
32	0.00981	0.00753	0.03081	0.00849	0.01038	0.00641	0.00667	0.01280	0.01768	0.04981	0.61122	0.07680	0.10040	0.01331	0.00756	0.00207	0.00337	0.01169	0.00689	0.00630
33	0.04790	0.16578	0.53361	0.01622	0.02451	0.01653	0.01990	0.02093	0.01376	0.06733	0.01194	0.01347	0.00867	0.00615	0.00571	0.00192	0.00862	0.00460	0.00314	0.00931
34	0.00818	0.00633	0.00752	0.00808	0.00950	0.00566	0.00595	0.00997	0.01446	0.01851	0.14677	0.29709	0.34196	0.01735	0.00796	0.00238	0.00365	0.07702	0.00615	0.00552
35	0.00851	0.00592	0.00743	0.00839	0.00866	0.00569	0.00539	0.00929	0.01138	0.01515	0.03004	0.48267	0.03558	0.29271	0.01719	0.00395	0.00473	0.03729	0.00524	0.00479
36	0.68177	0.06452	0.03852	0.00942	0.01376	0.01552	0.00819	0.04791	0.03067	0.02819	0.00981	0.01117	0.00763	0.00612	0.00426	0.00196	0.00538	0.00374	0.00404	0.00743
37	0.01311	0.05955	0.71465	0.01816	0.02757	0.01538	0.02342	0.02042	0.01362	0.02028	0.01150	0.01353	0.00819	0.00612	0.00607	0.00202	0.00946	0.00473	0.00273	0.00950
38	0.03842	0.12983	0.42599	0.01589	0.02348	0.01696	0.01824	0.14122	0.03840	0.07331	0.01326	0.01433	0.00955	0.00654	0.00590	0.00194	0.00823	0.00494	0.00390	0.00968
39	0.01791	0.72405	0.03266	0.01128	0.01671	0.05158	0.01106	0.01999	0.01350	0.03909	0.00957	0.01080	0.00855	0.00565	0.00429	0.00141	0.00704	0.00358	0.00296	0.00835
40	0.00997	0.00695	0.00899	0.00872	0.01023	0.00659	0.00657	0.01317	0.04029	0.04385	0.52816	0.09997	0.05246	0.06308	0.00935	0.00244	0.00370	0.07261	0.00673	0.00616
41	0.04072	0.01622	0.11570	0.01737	0.07586	0.04081	0.14276	0.10984	0.04012	0.12403	0.10191	0.08156	0.01976	0.00857	0.00676	0.00206	0.00712	0.00774	0.03226	0.00883
42	0.01593	0.01633	0.04793	0.05613	0.61490	0.03252	0.08120	0.01998	0.01477	0.02081	0.01215	0.01598	0.01005	0.00578	0.00649	0.00195	0.00814	0.00586	0.00319	0.00993
43	0.00773	0.00658	0.00668	0.00673	0.00889	0.00552	0.00510	0.00942	0.01473	0.01752	0.06436	0.06256	0.70565	0.01642	0.00768	0.00221	0.00337	0.03738	0.00600	0.00547
44	0.01257	0.03065	0.66389	0.01735	0.02607	0.01408	0.02204	0.01961	0.01412	0.02103	0.08578	0.01722	0.01364	0.00687	0.00629	0.00204	0.00888	0.00549	0.00318	0.00919
45	0.01796	0.24785	0.28204	0.01418	0.02073	0.04771	0.01533	0.11004	0.01638	0.10309	0.01340	0.01440	0.00997	0.00648	0.00552	0.00178	0.00769	0.00476	0.05147	0.00923
46	0.00914	0.00660	0.00864	0.00813	0.00965	0.00610	0.00610	0.01219	0.01829	0.02591	0.72921	0.04827	0.06097	0.01321	0.00762	0.00203	0.00305	0.01169	0.00711	0.00610
47	0.00926	0.00680	0.00978	0.00978	0.01073	0.00775	0.00733	0.01115	0.01021	0.01456	0.01786	0.02842	0.01747	0.17867	0.61891	0.00964	0.01532	0.00737	0.00354	0.00544
48	0.01315	0.01250	0.02158	0.46986	0.21709	0.01421	0.06301	0.01719	0.01331	0.01776	0.01230	0.01811	0.00992	0.03381	0.03785	0.00257	0.00880	0.00604	0.00304	0.00789
49	0.01894	0.02196	0.06219	0.01615	0.03826	0.33071	0.03339	0.06657	0.15888	0.02056	0.01768	0.02257	0.03222	0.00873	0.00737	0.00205	0.05280	0.07627	0.00444	0.00826
50	0.12704	0.01167	0.01342	0.01086	0.01505	0.05477	0.00879	0.02630	0.01748	0.48245	0.14041	0.02428	0.02191	0.00853	0.00632	0.00198	0.00540	0.00684	0.00705	0.00944
51	0.04402	0.01741	0.02346	0.04480	0.09047	0.12812	0.22608	0.04558	0.21876	0.04686	0.03699	0.01906	0.01403	0.00704	0.00670	0.00205	0.00826	0.00665	0.00459	0.00907
52	0.01606	0.01517	0.02480	0.06482	0.57291	0.01557	0.04376	0.04112	0.09940	0.02217	0.01394	0.01705	0.01131	0.00619	0.00647	0.00197	0.00751	0.00601	0.00368	0.01007
53	0.01014	0.00735	0.01003	0.01137	0.01293	0.00724	0.00987	0.01298	0.01486	0.01915	0.03728	0.07183	0.10514	0.01770	0.00880	0.00290	0.00569	0.62287	0.00595	0.00590
54	0.01306	0.03284	0.71635	0.01910	0.05078	0.01502	0.02374	0.02044	0.01368	0.02048	0.01161	0.01372	0.00825	0.00613	0.00615	0.00204	0.00949	0.00481	0.00274	0.00957
55	0.01705	0.01425	0.01504	0.01317	0.01699	0.01628	0.01034	0.13582	0.59045	0.02875	0.02611	0.02421	0.04454	0.00889	0.00660	0.00215	0.00535	0.00731	0.00654	0.01017
56	0.01761	0.01783	0.14471	0.01605	0.06473	0.01545	0.03978	0.21209	0.21617	0.06021	0.06034	0.02127	0.03896	0.00803	0.00652	0.00202	0.00665	0.00666	0.00550	0.03942
57	0.01547	0.01482	0.02529	0.13770	0.63863	0.01522	0.01957	0.01938	0.01447	0.02048	0.01206	0.01616	0.01001	0.00585	0.00641	0.00195	0.00780	0.00576	0.00315	0.00982
58	0.02179	0.01635	0.01806	0.07810	0.04256	0.04989	0.01211	0.47213	0.04533	0.07737	0.06014	0.01907	0.01472	0.03367	0.00740	0.00211	0.00702	0.00630	0.00597	0.00992
59	0.00932	0.00628	0.00703	0.00703	0.00712	0.00623	0.00396	0.00939	0.00962	0.01273	0.02221	0.04310	0.05252	0.74184	0.03185	0.00610	0.00614	0.00957	0.00400	0.00398
60	0.03812	0.37087	0.39756	0.01478	0.02234	0.01979	0.01756	0.01991	0.01333	0.01832	0.01033	0.01206	0.00820	0.00586	0.00517	0.00174	0.00822	0.00414	0.00278	0.00890
61	0.01676	0.68762	0.11851	0.01194	0.01795	0.02430	0.01259	0.01948	0.01319	0.01583	0.00930	0.01076	0.00828	0.00560	0.00439	0.00146	0.00723	0.00361	0.00276	0.00844
62	0.01599	0.01535	0.02623	0.03966	0.73262	0.01535	0.01983	0.01983	0.01471	0.02111	0.01215	0.01599	0.01023	0.00576	0.00640	0.00192	0.00768	0.00576	0.00320	0.01023
63	0.04303	0.01432	0.01515	0.01249	0.01654	0.07281	0.00994	0.22052	0.12254	0.24893	0.04304	0.07045	0.03881	0.03224	0.00736	0.00216	0.00616	0.00738	0.00653	0.00960
64	0.01386	0.04519	0.28358	0.01405	0.01949	0.03736	0.03437	0.02118	0.14118	0.06264	0.18291	0.02754	0.04730	0.00906	0.00669	0.00207	0.00672	0.03127	0.00498	0.00856
65	0.01220	0.01148	0.01938	0.75739	0.04450	0.01436	0.01794	0.01651	0.01292	0.01651	0.01148	0.01723	0.00861	0.00646	0.00646	0.00215	0.00861	0.00574	0.00287	0.00718
66	0.01660	0.01376	0.01463	0.01308	0.01679	0.01580	0.01020	0.03422	0.69208	0.05620	0.02627	0.02402	0.01957	0.00873	0.00657	0.00218	0.00513	0.00727	0.00663	0.01026
67	0.01683	0.01650	0.02574	0.05921	0.58911	0.06358	0.05481	0.05729	0.01576	0.02165	0.01222	0.01580	0.01008	0.00593	0.00643	0.00192	0.00810	0.00575	0.00338	0.00992
68	0.00782	0.00638	0.00692	0.00716	0.00894	0.00548	0.00523	0.00950	0.01462	0.01807	0.12227	0.19421	0.53736	0.01680	0.00775	0.00225	0.00334	0.01435	0.00610	0.00548
69	0.01414	0.01414	0.01979	0.01696	0.01696	0.01979	0.01414	0.01555	0.00990	0.01555	0.00848	0.01414	0.00848	0.01131	0.02120	0.00283	0.76110	0.00565	0.00283	0.00707
70	0.01472	0.01662	0.03553	0.02558	0.03165	0.01572	0.64322	0.01980	0.01506	0.02034	0.01637	0.02027	0.05697	0.00633	0.00801	0.00220	0.03174	0.00796	0.00343	0.00845
71	0.00814	0.00592	0.00771	0.00907	0.00960	0.00561	0.00611	0.00984	0.03593	0.01687	0.03608	0.72556	0.05992	0.01976	0.00818	0.00260	0.00378	0.01788	0.00602	0.00542
72	0.00786	0.00566	0.00746	0.00890	0.00935	0.00526	0.00596	0.00901	0.01246	0.01653	0.03674	0.74190	0.06881	0.02010	0.00822	0.00261	0.00373	0.01819	0.00600	0.00526
73	0.01220	0.01148	0.01938	0.75739	0.04450	0.01436	0.01794	0.01651	0.01292	0.01651	0.01148	0.01723	0.00861	0.00646	0.00646	0.00215	0.00861	0.00574	0.00287	0.00718
74	0.01915	0.01713	0.12301	0.04487	0.22786	0.01429	0.14818	0.06583	0.04555	0.20412	0.01641	0.01780	0.01172	0.00659	0.00663	0.00203	0.00788	0.00623	0.00469	0.01000
75	0.05804	0.01105	0.01479	0.01139	0.01635	0.00968	0.00940	0.03103	0.01822	0.71104	0.02488	0.02157	0.01566	0.00792	0.00641	0.00200	0.00548	0.00639	0.00785	0.01085
76	0.00940	0.00626	0.00705	0.00705	0.00705	0.00626	0.00392	0.00940	0.00940	0.01253	0.02036	0.04228	0.02349	0.77292	0.03289	0.00626	0.00626	0.00940	0.00392	0.00392
77	0.02185	0.18469	0.04851	0.01683	0.05909	0.52992	0.01301	0.02394	0.01686	0.01615	0.00996	0.01170	0.00842	0.00635	0.00552	0.00163	0.01037	0.00413	0.00318	0.00788
78	0.02391	0.05495	0.01881	0.01646	0.01987	0.72362	0.01244	0.02559	0.01814	0.01579	0.00995	0.01161	0.00832	0.00662	0.00577	0.00166	0.01150	0.00414	0.00331	0.00752
79	0.01367	0.02876	0.54292	0.02210	0.09862	0.01528	0.14665	0.02044	0.01404	0.02057	0.01192	0.01455	0.00868	0.00598	0.00643	0.00206	0.00961	0.00538	0.00287	0.00947
80	0.00787	0.00562	0.00750	0.00900	0.00937	0.00525	0.00600	0.00900	0.01237	0.01649	0.03561	0.76871	0.04274	0.02024	0.00825	0.00262	0.00375	0.01837	0.00600	0.00525
81	0.01296	0.03342	0.73944	0.01842	0.02797	0.01501	0.02387	0.02046	0.01364	0.02046	0.01160	0.01364	0.00818	0.00614	0.00614	0.00205	0.00955	0.00477	0.00273	0.00955
82	0.02456	0.01810	0.01939	0.01487	0.02004	0.02004	0.01228	0.71107	0.03038	0.04072	0.01551	0.01551	0.01099	0.00776	0.00646	0.00194	0.00711	0.00582	0.00646	0.01099
83	0.00914	0.00660	0.00864	0.00813	0.00965	0.00610	0.00610	0.01219	0.01829	0.02591	0.72921	0.04827	0.06097	0.01321	0.00762	0.00203	0.00305	0.01169	0.00711	0.00610
84	0.01607	0.01388	0.01461	0.01315	0.01680	0.01607	0.01023	0.03433	0.72094	0.02703	0.02630	0.02411	0.01972	0.00877	0.00657	0.00219	0.00511	0.00731	0.00657	0.01023
85	0.01906	0.01537	0.01630	0.01375	0.01794	0.01747	0.01095	0.27281	0.47759	0.03185	0.02250	0.02108	0.01665	0.00841	0.00654	0.00210	0.00582	0.00678	0.00654	0.01050
86	0.06493	0.24253	0.21026	0.01282	0.01922	0.01612	0.01339	0.04036	0.01479	0.17314	0.01373	0.01429	0.01009	0.00620	0.00532	0.00168	0.00689	0.00457	0.00420	0.12548
87	0.03551	0.11151	0.20610	0.04496	0.02101	0.06675	0.01439	0.12474	0.21427	0.02443	0.01676	0.01847	0.01296	0.00747	0.00604	0.00198	0.00732	0.02564	0.03040	0.00928
88	0.02414	0.03079	0.01831	0.01665	0.01998	0.74698	0.01248	0.02580	0.01831	0.01581	0.00999	0.01165	0.00832	0.00666	0.00583	0.00166	0.01165	0.00416	0.00333	0.00749
89	0.01620	0.01401	0.01592	0.01387	0.01732	0.01630	0.03622	0.06848	0.57169	0.02644	0.02348	0.02251	0.01779	0.00877	0.00783	0.00221	0.07202	0.00705	0.03210	0.00980
90	0.00930	0.00622	0.00708	0.00717	0.00720	0.00620	0.00405	0.00937	0.00959	0.01279	0.02135	0.08961	0.02474	0.72388	0.03128	0.00603	0.00610	0.00998	0.00405	0.00400
91	0.01493	0.01459	0.02348	0.05649	0.49627	0.03799	0.05592	0.01835	0.01445	0.02009	0.03965	0.04157	0.05937	0.00761	0.00785	0.00205	0.06981	0.00687	0.00356	0.00910
92	0.00782	0.00655	0.00679	0.00673	0.00884	0.00553	0.00505	0.00962	0.01515	0.01846	0.14421	0.06053	0.65061	0.01599	0.00763	0.00216	0.00325	0.01341	0.00613	0.00553
93	0.10644	0.01114	0.01446	0.01120	0.01610	0.00999	0.00925	0.03026	0.01776	0.66763	0.02387	0.02086	0.01511	0.00780	0.00625	0.00200	0.00545	0.00620	0.00760	0.01060
94	0.01096	0.00959	0.01543	0.48478	0.03222	0.01132	0.01417	0.01435	0.01305	0.01688	0.02010	0.19961	0.02033	0.01117	0.00720	0.00237	0.00713	0.09879	0.00401	0.00657
95	0.02528	0.01859	0.01783	0.04477	0.01997	0.18192	0.01173	0.32360	0.02337	0.24222	0.01707	0.01664	0.01178	0.00753	0.00633	0.00190	0.00772	0.00564	0.00606	0.01004
96	0.11702	0.02377	0.01678	0.01489	0.01844	0.43088	0.01147	0.10037	0.14041	0.02202	0.01325	0.01417	0.01044	0.00721	0.00630	0.00186	0.03329	0.00486	0.00430	0.00827
97	0.01420	0.01427	0.02190	0.49424	0.19576	0.07461	0.05774	0.01825	0.01390	0.01772	0.01160	0.01651	0.00902	0.00626	0.00646	0.00206	0.00878	0.00572	0.00300	0.00798
98	0.04668	0.02258	0.02273	0.04796	0.26493	0.35990	0.08335	0.02249	0.01616	0.01856	0.01100	0.01389	0.00909	0.00632	0.00655	0.00186	0.02906	0.00511	0.00327	0.00851
99	0.02223	0.01694	0.01808	0.01440	0.01915	0.01895	0.01172	0.52542	0.21982	0.03697	0.01847	0.01787	0.01338	0.00803	0.00649	0.00201	0.00656	0.00623	0.00649	0.01078
100	0.01220	0.01148	0.01938	0.75739	0.04450	0.01436	0.01794	0.01651	0.01292	0.01651	0.01148	0.01723	0.00861	0.00646	0.00646	0.00215	0.00861	0.00574	0.00287	0.00718
101	0.01001	0.00749	0.00940	0.00884	0.01061	0.00732	0.00672	0.01486	0.10167	0.02585	0.62497	0.04613	0.05536	0.01282	0.00754	0.00208	0.00338	0.03136	0.00701	0.00658
102	0.02389	0.07073	0.01966	0.01562	0.01980	0.42270	0.01232	0.29023	0.02266	0.02540	0.01206	0.01307	0.00935	0.00701	0.00597	0.00175	0.00961	0.00476	0.00451	0.00889
103	0.01563	0.01523	0.02478	0.16169	0.58980	0.04089	0.01925	0.01947	0.01453	0.02014	0.01196	0.01605	0.00989	0.00591	0.00639	0.00195	0.00798	0.00570	0.00315	0.00962
104	0.01491	0.02068	0.20367	0.02871	0.23511	0.01573	0.34404	0.02039	0.01471	0.02076	0.01245	0.01610	0.00954	0.00570	0.00691	0.00207	0.00964	0.00640	0.00312	0.00936
105	0.01528	0.20009	0.26816	0.01400	0.02000	0.01585	0.03683	0.02182	0.12029	0.08372	0.07701	0.04390	0.04048	0.00791	0.00605	0.00193	0.00701	0.00639	0.00438	0.00889
106	0.00961	0.00741	0.01085	0.03766	0.11585	0.00734	0.00843	0.01109	0.01226	0.01659	0.02799	0.47937	0.03225	0.08637	0.05231	0.03653	0.00560	0.03162	0.00503	0.00587
107	0.01093	0.00878	0.00918	0.03318	0.01169	0.05436	0.00669	0.01367	0.03988	0.06511	0.25276	0.07335	0.36873	0.01382	0.00739	0.00211	0.00414	0.01168	0.00620	0.00633
108	0.01520	0.13832	0.53446	0.01712	0.02519	0.12314	0.02040	0.02108	0.01425	0.01904	0.01099	0.01289	0.00822	0.00613	0.00581	0.00190	0.00948	0.00450	0.00282	0.00907
109	0.01475	0.01563	0.03148	0.19125	0.08309	0.01564	0.45910	0.04555	0.01518	0.02042	0.01341	0.03934	0.01058	0.00622	0.00725	0.00216	0.00981	0.00732	0.00338	0.00846
110	0.01796	0.01717	0.01552	0.01387	0.01754	0.14945	0.01074	0.06654	0.55846	0.02567	0.02279	0.02141	0.01721	0.00833	0.00643	0.00208	0.00640	0.00666	0.00598	0.00977
111	0.01561	0.01497	0.02554	0.11120	0.66403	0.01525	0.01964	0.01950	0.01453	0.02065	0.01209	0.01611	0.01007	0.00583	0.00640	0.00194	0.00777	0.00576	0.00317	0.00993
112	0.01727	0.77681	0.03386	0.01106	0.01658	0.02557	0.01106	0.01935	0.01313	0.01520	0.00898	0.01036	0.00829	0.00553	0.00415	0.00138	0.00691	0.00345	0.00276	0.00829
113	0.02584	0.01407	0.10752	0.01341	0.04421	0.01059	0.01169	0.04627	0.01803	0.58346	0.04136	0.02123	0.01584	0.00781	0.00648	0.00200	0.00607	0.00637	0.00709	0.01066
114	0.02414	0.03079	0.01831	0.01665	0.01998	0.74698	0.01248	0.02580	0.01831	0.01581	0.00999	0.01165	0.00832	0.00666	0.00583	0.00166	0.01165	0.00416	0.00333	0.00749
115	0.81856	0.01250	0.00950	0.00850	0.01250	0.01449	0.00700	0.01899	0.01100	0.02899	0.00900	0.01050	0.00700	0.00600	0.00400	0.00200	0.00500	0.00350	0.00400	0.00700
116	0.00910	0.00660	0.00857	0.00808	0.00962	0.00608	0.00606	0.01210	0.01818	0.02564	0.70804	0.04871	0.08230	0.01331	0.00762	0.00204	0.00306	0.01175	0.00708	0.00608
117	0.01245	0.03015	0.65024	0.01712	0.02570	0.01390	0.02167	0.01937	0.01411	0.02088	0.08002	0.01827	0.03388	0.00709	0.00632	0.00205	0.00876	0.00567	0.00323	0.00911
118	0.02414	0.03079	0.01831	0.01665	0.01998	0.74698	0.01248	0.02580	0.01831	0.01581	0.00999	0.01165	0.00832	0.00666	0.00583	0.00166	0.01165	0.00416	0.00333	0.00749
119	0.01115	0.00566	0.00849	0.00849	0.00854	0.00571	0.00571	0.00854	0.00849	0.01137	0.01145	0.01986	0.01141	0.02343	0.05265	0.78159	0.00606	0.00566	0.00283	0.00292
120	0.81856	0.01250	0.00950	0.00850	0.01250	0.01449	0.00700	0.01899	0.01100	0.02899	0.00900	0.01050	0.00700	0.00600	0.00400	0.00200	0.00500	0.00350	0.00400	0.00700
121	0.00923	0.00692	0.01038	0.01038	0.01154	0.00808	0.00808	0.01154	0.01038	0.01500	0.01731	0.02538	0.01615	0.04846	0.74732	0.01038	0.01731	0.00692	0.00346	0.00577
122	0.81856	0.01250	0.00950	0.00850	0.01250	0.01449	0.00700	0.01899	0.01100	0.02899	0.00900	0.01050	0.00700	0.00600	0.00400	0.00200	0.00500	0.00350	0.00400	0.00700
123	0.01368	0.01165	0.01355	0.00971	0.01543	0.00890	0.00777	0.03394	0.01383	0.02155	0.01159	0.01345	0.00961	0.00486	0.00483	0.00098	0.00484	0.00388	0.00390	0.79204
124	0.02337	0.01613	0.01709	0.01376	0.01839	0.05909	0.01113	0.34102	0.20448	0.19561	0.02025	0.01898	0.01423	0.00801	0.00646	0.00200	0.00649	0.00626	0.00666	0.01059
125	0.01574	0.01505	0.02565	0.03872	0.71047	0.01504	0.01941	0.01950	0.01464	0.02097	0.01287	0.03905	0.01123	0.00620	0.00645	0.00194	0.00756	0.00614	0.00328	0.01008
126	0.01771	0.25252	0.28489	0.01521	0.02171	0.16949	0.01601	0.08883	0.01609	0.01994	0.01086	0.01243	0.00857	0.00618	0.00547	0.00172	0.00880	0.00432	0.00327	0.03599
127	0.00945	0.00634	0.00745	0.00745	0.00764	0.00649	0.00447	0.00984	0.00964	0.01318	0.01998	0.03956	0.02234	0.65672	0.12494	0.00666	0.00761	0.00898	0.02703	0.00422
128	0.00801	0.00623	0.00729	0.00772	0.00913	0.00550	0.00553	0.00973	0.01457	0.01873	0.18160	0.31216	0.35643	0.01715	0.00785	0.00231	0.00340	0.01496	0.00621	0.00550
129	0.01414	0.01414	0.01979	0.01696	0.01696	0.01979	0.01414	0.01555	0.00990	0.01555	0.00848	0.01414	0.00848	0.01131	0.02120	0.00283	0.76110	0.00565	0.00283	0.00707
130	0.00940	0.00626	0.00705	0.00705	0.00705	0.00626	0.00392	0.00940	0.00940	0.01253	0.02036	0.04228	0.02349	0.77292	0.03289	0.00626	0.00626	0.00940	0.00392	0.00392
131	0.01607	0.01388	0.01461	0.01315	0.01680	0.01607	0.01023	0.03433	0.72094	0.02703	0.02630	0.02411	0.01972	0.00877	0.00657	0.00219	0.00511	0.00731	0.00657	0.01023
132	0.00927	0.00690	0.00880	0.00970	0.01073	0.00684	0.00703	0.01278	0.09249	0.01925	0.12470	0.50624	0.04186	0.01775	0.00806	0.00254	0.00408	0.09879	0.00620	0.00600
133	0.01114	0.00980	0.01495	0.01347	0.01459	0.01218	0.05157	0.01338	0.01065	0.01563	0.01479	0.02276	0.01399	0.03352	0.45743	0.00734	0.24735	0.02578	0.00332	0.00635
134	0.01599	0.01535	0.02623	0.03966	0.73262	0.01535	0.01983	0.01983	0.01471	0.02111	0.01215	0.01599	0.01023	0.00576	0.00640	0.00192	0.00768	0.00576	0.00320	0.01023
135	0.01296	0.03342	0.73944	0.01842	0.02797	0.01501	0.02387	0.02046	0.01364	0.02046	0.01160	0.01364	0.00818	0.00614	0.00614	0.00205	0.00955	0.00477	0.00273	0.00955
136	0.02414	0.03079	0.01831	0.01665	0.01998	0.74698	0.01248	0.02580	0.01831	0.01581	0.00999	0.01165	0.00832	0.00666	0.00583	0.00166	0.01165	0.00416	0.00333	0.00749
137	0.01599	0.01535	0.02623	0.03966	0.73262	0.01535	0.01983	0.01983	0.01471	0.02111	0.01215	0.01599	0.01023	0.00576	0.00640	0.00192	0.00768	0.00576	0.00320	0.01023
138	0.01727	0.77681	0.03386	0.01106	0.01658	0.02557	0.01106	0.01935	0.01313	0.01520	0.00898	0.01036	0.00829	0.00553	0.00415	0.00138	0.00691	0.00345	0.00276	0.00829
139	0.01607	0.01388	0.01461	0.01315	0.01680	0.01607	0.01023	0.03433	0.72094	0.02703	0.02630	0.02411	0.01972	0.00877	0.00657	0.00219	0.00511	0.00731	0.00657	0.01023
140	0.01041	0.00744	0.01041	0.01190	0.01339	0.00744	0.01041	0.01339	0.01487	0.01934	0.03421	0.07288	0.03719	0.01785	0.00892	0.00297	0.00595	0.68913	0.00595	0.00595
141	0.01624	0.57086	0.18237	0.01366	0.02010	0.02274	0.05951	0.01967	0.01338	0.01667	0.00980	0.01152	0.00837	0.00565	0.00479	0.00157	0.00773	0.00401	0.00279	0.00858
142	0.04193	0.00966	0.01274	0.01035	0.01414	0.00869	0.00833	0.02487	0.03861	0.46325	0.25804	0.03046	0.03076	0.00969	0.00681	0.00202	0.00466	0.00816	0.00756	0.00925
143	0.01387	0.00767	0.01005	0.00885	0.01126	0.00688	0.00685	0.01670	0.01813	0.19808	0.51845	0.04272	0.09026	0.01213	0.00735	0.00203	0.00366	0.01054	0.00726	0.00725
144	0.02414	0.03079	0.01831	0.01665	0.01998	0.74698	0.01248	0.02580	0.01831	0.01581	0.00999	0.01165	0.00832	0.00666	0.00583	0.00166	0.01165	0.00416	0.00333	0.00749
145	0.01066	0.00869	0.00970	0.00933	0.01155	0.00887	0.00701	0.01771	0.23325	0.02244	0.21889	0.14606	0.24326	0.01376	0.00739	0.00221	0.00385	0.01185	0.00646	0.00706
146	0.00772	0.00621	0.00689	0.00744	0.00896	0.00538	0.00531	0.00917	0.01386	0.01710	0.05451	0.32120	0.47804	0.01779	0.00786	0.00234	0.00345	0.01537	0.00600	0.00538
147	0.02067	0.01207	0.01381	0.01154	0.01544	0.01263	0.00922	0.12006	0.27130	0.25939	0.02365	0.02227	0.01677	0.00816	0.00616	0.00197	0.00512	0.00661	0.15336	0.00981
148	0.01557	0.01492	0.02546	0.11987	0.65572	0.01524	0.01962	0.01946	0.01451	0.02060	0.01208	0.01613	0.01005	0.00584	0.00640	0.00195	0.00778	0.00576	0.00316	0.00989
149	0.00871	0.00615	0.00805	0.00868	0.00912	0.00627	0.00580	0.00975	0.01089	0.01480	0.02606	0.34506	0.02984	0.27949	0.19552	0.00572	0.00788	0.01259	0.00469	0.00493
150	0.00836	0.00597	0.00806	0.00956	0.01015	0.00567	0.00685	0.00984	0.01285	0.01704	0.03534	0.63459	0.04167	0.01978	0.00838	0.00269	0.00417	0.14765	0.00599	0.00538
151	0.01220	0.01148	0.01938	0.75739	0.04450	0.01436	0.01794	0.01651	0.01292	0.01651	0.01148	0.01723	0.00861	0.00646	0.00646	0.00215	0.00861	0.00574	0.00287	0.00718
152	0.00924	0.00698	0.00845	0.00849	0.01005	0.00661	0.00639	0.01234	0.05467	0.02108	0.31765	0.11694	0.21219	0.08157	0.01000	0.00262	0.00393	0.09861	0.00629	0.00589
153	0.01340	0.01148	0.01340	0.00957	0.01531	0.00861	0.00766	0.01627	0.01340	0.02105	0.01148	0.01340	0.00957	0.00479	0.00479	0.00096	0.00479	0.00383	0.00383	0.81242
154	0.01954	0.01613	0.01630	0.01384	0.01797	0.06259	0.01097	0.23914	0.44629	0.05199	0.02198	0.02066	0.01625	0.00831	0.00649	0.00208	0.00614	0.00663	0.00638	0.01031
155	0.01337	0.01268	0.02150	0.53547	0.25727	0.01466	0.01853	0.01754	0.01347	0.01793	0.01169	0.01684	0.00911	0.00624	0.00644	0.00208	0.00832	0.00575	0.00297	0.00812
156	0.01289	0.00738	0.00970	0.00951	0.01136	0.00682	0.00711	0.01549	0.03817	0.16494	0.22015	0.33450	0.06306	0.01524	0.00770	0.00233	0.00408	0.05600	0.00672	0.00685
157	0.00837	0.00672	0.00757	0.00776	0.00972	0.00591	0.00609	0.01047	0.01530	0.01909	0.16144	0.06200	0.50120	0.01615	0.00787	0.00230	0.00373	0.13648	0.00616	0.00564
158	0.01220	0.01148	0.01938	0.75739	0.04450	0.01436	0.01794	0.01651	0.01292	0.01651	0.01148	0.01723	0.00861	0.00646	0.00646	0.00215	0.00861	0.00574	0.00287	0.00718
159	0.01023	0.00728	0.00931	0.00904	0.00988	0.00792	0.00632	0.05255	0.01111	0.01535	0.01867	0.03296	0.01939	0.39606	0.35759	0.00789	0.01136	0.00805	0.00386	0.00519
160	0.02828	0.01214	0.01570	0.01204	0.01706	0.01119	0.00994	0.14055	0.02040	0.62534	0.02389	0.02095	0.01519	0.00796	0.00649	0.00199	0.00576	0.00639	0.00775	0.01099
161	0.81856	0.01250	0.00950	0.00850	0.01250	0.01449	0.00700	0.01899	0.01100	0.02899	0.00900	0.01050	0.00700	0.00600	0.00400	0.00200	0.00500	0.00350	0.00400	0.00700
162	0.01650	0.01478	0.01481	0.01334	0.01697	0.05505	0.01035	0.03388	0.68347	0.02643	0.02543	0.02344	0.01912	0.00865	0.00653	0.00216	0.00546	0.00714	0.00640	0.01008
163	0.01599	0.01535	0.02623	0.03966	0.73262	0.01535	0.01983	0.01983	0.01471	0.02111	0.01215	0.01599	0.01023	0.00576	0.00640	0.00192	0.00768	0.00576	0.00320	0.01023
164	0.01727	0.77681	0.03386	0.01106	0.01658	0.02557	0.01106	0.01935	0.01313	0.01520	0.00898	0.01036	0.00829	0.00553	0.00415	0.00138	0.00691	0.00345	0.00276	0.00829
165	0.01220	0.01148	0.01938	0.75739	0.04450	0.01436	0.01794	0.01651	0.01292	0.01651	0.01148	0.01723	0.00861	0.00646	0.00646	0.00215	0.00861	0.00574	0.00287	0.00718
166	0.01220	0.01148	0.01938	0.75739	0.04450	0.01436	0.01794	0.01651	0.01292	0.01651	0.01148	0.01723	0.00861	0.00646	0.00646	0.00215	0.00861	0.00574	0.00287	0.00718
167	0.21473	0.01135	0.01370	0.01079	0.01555	0.01067	0.00891	0.02855	0.01673	0.57052	0.02161	0.01929	0.01388	0.00753	0.00591	0.00200	0.00538	0.00579	0.00706	0.01006
168	0.00893	0.00660	0.00833	0.00790	0.00952	0.00600	0.00592	0.01177	0.01777	0.02469	0.63316	0.05028	0.15778	0.01367	0.00762	0.00205	0.00308	0.01197	0.00695	0.00600
169	0.01607	0.01388	0.01461	0.01315	0.01680	0.01607	0.01023	0.03433	0.72094	0.02703	0.02630	0.02411	0.01972	0.00877	0.00657	0.00219	0.00511	0.00731	0.00657	0.01023
170	0.01263	0.00648	0.00670	0.00652	0.00821	0.00649	0.00493	0.01616	0.03873	0.04699	0.04523	0.02484	0.01815	0.00778	0.00476	0.00156	0.00317	0.00627	0.72808	0.00633
171	0.01525	0.01743	0.03813	0.02723	0.03377	0.01634	0.70915	0.02070	0.01525	0.02070	0.01307	0.01743	0.00980	0.00545	0.00763	0.00218	0.01089	0.00763	0.00327	0.00871
172	0.01233	0.01161	0.01961	0.73359	0.06732	0.01439	0.01801	0.01662	0.01298	0.01666	0.01151	0.01719	0.00867	0.00644	0.00646	0.00215	0.00858	0.00574	0.00288	0.00728
173	0.00862	0.00616	0.00834	0.00974	0.01047	0.00588	0.00720	0.01033	0.01331	0.01769	0.06630	0.54789	0.04205	0.01928	0.00840	0.00269	0.00431	0.19982	0.00603	0.00548
174	0.02293	0.01652	0.01765	0.01371	0.01841	0.01821	0.01127	0.62034	0.02819	0.03855	0.01624	0.01663	0.01171	0.00773	0.00621	0.00188	0.00658	0.00584	0.11105	0.01034
175	0.00802	0.00645	0.00716	0.00722	0.00903	0.00558	0.00532	0.00993	0.01529	0.01935	0.21961	0.14405	0.48814	0.01608	0.00771	0.00220	0.00328	0.01374	0.00626	0.00558
176	0.06855	0.01747	0.01852	0.01431	0.01938	0.01929	0.01179	0.63198	0.05086	0.03910	0.01538	0.01545	0.01100	0.00761	0.00628	0.00192	0.00687	0.00568	0.00626	0.03228
177	0.04616	0.01544	0.02293	0.16397	0.45323	0.06456	0.01774	0.01975	0.03795	0.01999	0.01196	0.01584	0.00987	0.00649	0.00744	0.00203	0.06664	0.00561	0.00326	0.00913
178	0.00783	0.00646	0.00681	0.00690	0.00881	0.00551	0.00507	0.00948	0.01464	0.01789	0.11394	0.12318	0.59534	0.03874	0.00843	0.00233	0.00339	0.01378	0.00603	0.00544
179	0.61190	0.01479	0.01222	0.01112	0.03843	0.06891	0.00864	0.12550	0.01462	0.02956	0.01017	0.01153	0.00781	0.00631	0.00459	0.00196	0.00590	0.00398	0.00430	0.00775
180	0.00855	0.00621	0.00808	0.00848	0.00957	0.00574	0.00608	0.01071	0.01553	0.02132	0.38346	0.34995	0.09355	0.01644	0.00791	0.00231	0.00342	0.03044	0.00655	0.00570
181	0.01649	0.64103	0.16273	0.01240	0.01866	0.02364	0.01340	0.01955	0.01322	0.01616	0.00946	0.01096	0.00827	0.00564	0.00451	0.00150	0.00739	0.00370	0.00276	0.00852
