[name]
unknown

[dist]
# distance from previous block
# <min> <max>
0	0

[block]
# block no. 0 follows, 34 sequences, length 56
# corresponding to MSA columns:
# 0-55
name=unknown_A
#
# <colnr> <probs for GDERKNQSTAVLIFYWHMCP>
#	G	D	E	R	K	N	Q	S	T	A	V	L	I	F	Y	W	H	M	C	P
0	0.01041	0.00744	0.01041	0.01190	0.01339	0.00744	0.01041	0.01339	0.01487	0.01934	0.03421	0.07288	0.03719	0.01785	0.00892	0.00297	0.00595	0.68913	0.00595	0.00595
1	0.01220	0.01148	0.01938	0.75739	0.04450	0.01436	0.01794	0.01651	0.01292	0.01651	0.01148	0.01723	0.00861	0.00646	0.00646	0.00215	0.00861	0.00574	0.00287	0.00718
2	0.01525	0.01743	0.03813	0.02723	0.03377	0.01634	0.70915	0.02070	0.01525	0.02070	0.01307	0.01743	0.00980	0.00545	0.00763	0.00218	0.01089	0.00763	0.00327	0.00871
3	0.01582	0.01518	0.02592	0.07150	0.70209	0.01531	0.01975	0.01968	0.01463	0.02091	0.01212	0.01605	0.01016	0.00579	0.00640	0.00193	0.00772	0.00576	0.00318	0.01010
4	0.01220	0.01148	0.01938	0.75739	0.04450	0.01436	0.01794	0.01651	0.01292	0.01651	0.01148	0.01723	0.00861	0.00646	0.00646	0.00215	0.00861	0.00574	0.00287	0.00718
5	0.02899	0.01100	0.01499	0.01150	0.01649	0.00950	0.00950	0.03149	0.01849	0.73709	0.02549	0.02199	0.01599	0.00800	0.00650	0.00200	0.00550	0.00650	0.00800	0.01100
6	0.01599	0.01535	0.02623	0.03966	0.73262	0.01535	0.01983	0.01983	0.01471	0.02111	0.01215	0.01599	0.01023	0.00576	0.00640	0.00192	0.00768	0.00576	0.00320	0.01023
7	0.02529	0.01693	0.01867	0.01431	0.01945	0.01830	0.01182	0.59915	0.02842	0.15541	0.01716	0.01658	0.01181	0.00780	0.00647	0.00195	0.00684	0.00593	0.00672	0.01099
8	0.00923	0.00692	0.01038	0.01038	0.01154	0.00808	0.00808	0.01154	0.01038	0.01500	0.01731	0.02538	0.01615	0.04846	0.74732	0.01038	0.01731	0.00692	0.00346	0.00577
9	0.01318	0.01249	0.02115	0.57136	0.22286	0.01461	0.01843	0.01737	0.01338	0.01770	0.01166	0.01691	0.00903	0.00628	0.00644	0.00209	0.00837	0.00575	0.00296	0.00797
10	0.01599	0.01535	0.02623	0.03966	0.73262	0.01535	0.01983	0.01983	0.01471	0.02111	0.01215	0.01599	0.01023	0.00576	0.00640	0.00192	0.00768	0.00576	0.00320	0.01023
11	0.01525	0.01743	0.03813	0.02723	0.03377	0.01634	0.70915	0.02070	0.01525	0.02070	0.01307	0.01743	0.00980	0.00545	0.00763	0.00218	0.01089	0.00763	0.00327	0.00871
12	0.00924	0.00660	0.00906	0.01056	0.01153	0.00642	0.00837	0.01136	0.01372	0.01802	0.03486	0.39487	0.03975	0.01896	0.00861	0.00281	0.00493	0.37874	0.00597	0.00563
13	0.00820	0.00602	0.00773	0.00888	0.00958	0.00566	0.00606	0.01004	0.03475	0.01761	0.09061	0.63984	0.09284	0.01907	0.00810	0.00253	0.00370	0.01718	0.00610	0.00548
14	0.00914	0.00660	0.00864	0.00813	0.00965	0.00610	0.00610	0.01219	0.01829	0.02591	0.72921	0.04827	0.06097	0.01321	0.00762	0.00203	0.00305	0.01169	0.00711	0.00610
15	0.00923	0.00692	0.01038	0.01038	0.01154	0.00808	0.00808	0.01154	0.01038	0.01500	0.01731	0.02538	0.01615	0.04846	0.74732	0.01038	0.01731	0.00692	0.00346	0.00577
16	0.02292	0.02551	0.01853	0.01619	0.01936	0.49757	0.01256	0.12288	0.01878	0.05392	0.01130	0.01308	0.00910	0.00758	0.00827	0.00190	0.12379	0.00474	0.00393	0.00810
17	0.01394	0.01384	0.01941	0.01670	0.01674	0.01932	0.01389	0.01539	0.00992	0.01553	0.00884	0.01459	0.00879	0.01281	0.05057	0.00313	0.73102	0.00571	0.00285	0.00702
18	0.01795	0.01576	0.01509	0.01347	0.01717	0.10531	0.01045	0.03309	0.58660	0.07430	0.02424	0.02243	0.01807	0.00845	0.00648	0.00211	0.00594	0.00686	0.00627	0.00994
19	0.00940	0.00626	0.00705	0.00705	0.00705	0.00626	0.00392	0.00940	0.00940	0.01253	0.02036	0.04228	0.02349	0.77292	0.03289	0.00626	0.00626	0.00940	0.00392	0.00392
20	0.01569	0.01504	0.02568	0.09685	0.67779	0.01527	0.01968	0.01957	0.01457	0.02074	0.01210	0.01609	0.01011	0.00581	0.00640	0.00194	0.00775	0.00576	0.00317	0.00999
21	0.00940	0.00626	0.00705	0.00705	0.00705	0.00626	0.00392	0.00940	0.00940	0.01253	0.02036	0.04228	0.02349	0.77292	0.03289	0.00626	0.00626	0.00940	0.00392	0.00392
22	0.01220	0.01148	0.01938	0.75739	0.04450	0.01436	0.01794	0.01651	0.01292	0.01651	0.01148	0.01723	0.00861	0.00646	0.00646	0.00215	0.00861	0.00574	0.00287	0.00718
23	0.01385	0.03028	0.61034	0.01949	0.02844	0.01502	0.12546	0.02087	0.01405	0.04487	0.01229	0.01449	0.00869	0.00610	0.00637	0.00206	0.00961	0.00526	0.00299	0.00947
24	0.01340	0.01148	0.01340	0.00957	0.01531	0.00861	0.00766	0.01627	0.01340	0.02105	0.01148	0.01340	0.00957	0.00479	0.00479	0.00096	0.00479	0.00383	0.00383	0.81242
25	0.00923	0.00692	0.01038	0.01038	0.01154	0.00808	0.00808	0.01154	0.01038	0.01500	0.01731	0.02538	0.01615	0.04846	0.74732	0.01038	0.01731	0.00692	0.00346	0.00577
26	0.01525	0.01743	0.03813	0.02723	0.03377	0.01634	0.70915	0.02070	0.01525	0.02070	0.01307	0.01743	0.00980	0.00545	0.00763	0.00218	0.01089	0.00763	0.00327	0.00871
27	0.00986	0.00679	0.00869	0.00811	0.00986	0.00618	0.00612	0.01273	0.01791	0.05654	0.62598	0.04861	0.13155	0.01332	0.00757	0.00205	0.00318	0.01167	0.00703	0.00624
28	0.00781	0.00585	0.00726	0.00838	0.00921	0.00530	0.00573	0.00907	0.01296	0.01673	0.04309	0.59171	0.21491	0.01927	0.00809	0.00251	0.00363	0.01718	0.00600	0.00530
29	0.00881	0.00652	0.00822	0.00795	0.00949	0.00593	0.00590	0.01149	0.01727	0.02385	0.57096	0.10595	0.16522	0.01425	0.00767	0.00210	0.00314	0.01251	0.00685	0.00593
30	0.01727	0.77681	0.03386	0.01106	0.01658	0.02557	0.01106	0.01935	0.01313	0.01520	0.00898	0.01036	0.00829	0.00553	0.00415	0.00138	0.00691	0.00345	0.00276	0.00829
31	0.01865	0.56852	0.06462	0.01270	0.01792	0.19147	0.01201	0.02089	0.01435	0.01560	0.00934	0.01082	0.00829	0.00582	0.00463	0.00148	0.00813	0.00368	0.00289	0.00817
32	0.01571	0.01740	0.08562	0.02508	0.06506	0.01510	0.53692	0.02078	0.01518	0.07198	0.01503	0.05791	0.01193	0.00649	0.00741	0.00217	0.00986	0.00782	0.00371	0.00883
33	0.00773	0.00616	0.00694	0.00756	0.00899	0.00537	0.00536	0.00916	0.01375	0.01706	0.05312	0.35432	0.44582	0.01797	0.00789	0.00236	0.00347	0.01559	0.00600	0.00537
34	0.00914	0.00660	0.00864	0.00813	0.00965	0.00610	0.00610	0.01219	0.01829	0.02591	0.72921	0.04827	0.06097	0.01321	0.00762	0.00203	0.00305	0.01169	0.00711	0.00610
35	0.01247	0.00955	0.01343	0.01223	0.01451	0.00966	0.09213	0.07709	0.11023	0.04157	0.02813	0.37989	0.02932	0.01413	0.00743	0.00235	0.00520	0.05165	0.08193	0.00712
36	0.01568	0.37680	0.28258	0.01454	0.02129	0.01969	0.04850	0.02110	0.06714	0.03911	0.03049	0.01421	0.01077	0.00625	0.00536	0.00175	0.00776	0.00471	0.00332	0.00893
37	0.01738	0.01140	0.01227	0.01059	0.01383	0.01235	0.00836	0.15587	0.25088	0.09624	0.02216	0.02226	0.01649	0.00803	0.00576	0.00186	0.00473	0.00645	0.31428	0.00883
38	0.01714	0.01617	0.01591	0.01377	0.01623	0.17310	0.03845	0.15356	0.07111	0.02191	0.01641	0.07357	0.01503	0.10036	0.04753	0.00298	0.12957	0.00701	0.06260	0.00760
39	0.12686	0.07662	0.11101	0.10491	0.21453	0.12874	0.04635	0.02154	0.07253	0.02080	0.01221	0.01472	0.00967	0.00627	0.00585	0.00193	0.00813	0.00511	0.00348	0.00872
40	0.02530	0.01691	0.01866	0.01430	0.01945	0.01828	0.01182	0.59780	0.02840	0.15679	0.01718	0.01659	0.01182	0.00780	0.00647	0.00195	0.00684	0.00593	0.00672	0.01099
41	0.02139	0.02050	0.02018	0.05580	0.15853	0.23727	0.01407	0.25505	0.03769	0.04567	0.01306	0.01482	0.01010	0.00725	0.00727	0.00193	0.06022	0.00535	0.00451	0.00932
42	0.00935	0.00645	0.00800	0.00800	0.00833	0.00678	0.00510	0.01001	0.00968	0.01323	0.01949	0.03747	0.02140	0.56651	0.23645	0.00744	0.00941	0.00869	0.00379	0.00444
43	0.01855	0.55906	0.02896	0.01238	0.01716	0.19961	0.01126	0.02054	0.01425	0.01534	0.00963	0.01140	0.00868	0.00786	0.04018	0.00188	0.00856	0.00379	0.00293	0.00798
44	0.00790	0.00568	0.00744	0.00884	0.00928	0.00528	0.00589	0.00902	0.01240	0.01643	0.03653	0.71793	0.07271	0.04021	0.00888	0.00270	0.00379	0.01792	0.00594	0.00522
45	0.01120	0.00865	0.03339	0.00933	0.01184	0.00751	0.00740	0.01480	0.05533	0.06854	0.34290	0.11935	0.08975	0.01581	0.07829	0.00279	0.00520	0.01039	0.00606	0.10148
46	0.07180	0.01529	0.02394	0.06955	0.56591	0.01580	0.01797	0.10096	0.01621	0.02373	0.01230	0.01562	0.01002	0.00604	0.00624	0.00194	0.00747	0.00561	0.00362	0.00995
47	0.68101	0.01354	0.01082	0.00943	0.01353	0.05004	0.00771	0.05346	0.01286	0.08345	0.01063	0.01168	0.00795	0.00627	0.00440	0.00198	0.00546	0.00387	0.00439	0.00752
48	0.00787	0.00562	0.00750	0.00900	0.00937	0.00525	0.00600	0.00900	0.01237	0.01649	0.03561	0.76871	0.04274	0.02024	0.00825	0.00262	0.00375	0.01837	0.00600	0.00525
49	0.05442	0.01701	0.04739	0.08830	0.37831	0.06821	0.18764	0.02005	0.01460	0.02045	0.01189	0.01574	0.00959	0.00600	0.00702	0.00202	0.03304	0.00596	0.00321	0.00915
50	0.01380	0.01400	0.02050	0.60900	0.07489	0.09209	0.05059	0.01786	0.01369	0.01686	0.01143	0.01659	0.00872	0.00640	0.00645	0.00209	0.00900	0.00567	0.00295	0.00743
51	0.01557	0.01336	0.01418	0.01279	0.01629	0.01535	0.00993	0.03274	0.67042	0.02695	0.07684	0.02584	0.02269	0.00909	0.00665	0.00218	0.00497	0.00762	0.00661	0.00993
52	0.00793	0.00567	0.00755	0.00896	0.00939	0.00529	0.00600	0.00915	0.01265	0.01694	0.06852	0.73452	0.04360	0.01991	0.00822	0.00260	0.00372	0.01805	0.00605	0.00529
53	0.01592	0.01748	0.03678	0.02634	0.03278	0.01661	0.65904	0.07034	0.01634	0.02214	0.01325	0.01729	0.00989	0.00561	0.00754	0.00216	0.01062	0.00750	0.00350	0.00888
54	0.02852	0.01175	0.01546	0.01185	0.01687	0.01061	0.00979	0.10346	0.01975	0.66334	0.02443	0.02131	0.01546	0.00797	0.00649	0.00199	0.00567	0.00643	0.00783	0.01100
55	0.01430	0.11981	0.60463	0.01729	0.02606	0.01661	0.02153	0.06999	0.01478	0.02130	0.01157	0.01339	0.00840	0.00618	0.00593	0.00196	0.00906	0.00469	0.00300	0.00950

[dist]
# distance from previous block
# <min> <max>
0	2

[block]
# block no. 1 follows, 34 sequences, length 35
# corresponding to MSA columns:
# 58-92
name=unknown_B
#
# <colnr> <probs for GDERKNQSTAVLIFYWHMCP>
#	G	D	E	R	K	N	Q	S	T	A	V	L	I	F	Y	W	H	M	C	P
0	0.00899	0.00660	0.00842	0.00796	0.00956	0.00603	0.00597	0.01189	0.01792	0.02503	0.66026	0.04971	0.13046	0.01354	0.00762	0.00205	0.00307	0.01189	0.00700	0.00603
1	0.01599	0.01535	0.02623	0.03966	0.73262	0.01535	0.01983	0.01983	0.01471	0.02111	0.01215	0.01599	0.01023	0.00576	0.00640	0.00192	0.00768	0.00576	0.00320	0.01023
2	0.01138	0.00919	0.01115	0.00894	0.01269	0.00742	0.00693	0.01425	0.01540	0.02288	0.31209	0.06075	0.03246	0.00897	0.00612	0.00148	0.00402	0.00774	0.00529	0.44083
3	0.01041	0.00744	0.01041	0.01190	0.01339	0.00744	0.01041	0.01339	0.01487	0.01934	0.03421	0.07288	0.03719	0.01785	0.00892	0.00297	0.00595	0.68913	0.00595	0.00595
4	0.00837	0.00704	0.00710	0.00690	0.00921	0.00608	0.00523	0.03950	0.01540	0.01846	0.06330	0.06017	0.69903	0.01599	0.00759	0.00217	0.00344	0.01330	0.00602	0.00569
5	0.01607	0.01388	0.01461	0.01315	0.01680	0.01607	0.01023	0.03433	0.72094	0.02703	0.02630	0.02411	0.01972	0.00877	0.00657	0.00219	0.00511	0.00731	0.00657	0.01023
6	0.01525	0.01743	0.03813	0.02723	0.03377	0.01634	0.70915	0.02070	0.01525	0.02070	0.01307	0.01743	0.00980	0.00545	0.00763	0.00218	0.01089	0.00763	0.00327	0.00871
7	0.01204	0.00602	0.00602	0.00602	0.00753	0.00602	0.00452	0.01506	0.01355	0.02409	0.02108	0.02409	0.01656	0.00753	0.00452	0.00151	0.00301	0.00602	0.80879	0.00602
8	0.01204	0.00602	0.00602	0.00602	0.00753	0.00602	0.00452	0.01506	0.01355	0.02409	0.02108	0.02409	0.01656	0.00753	0.00452	0.00151	0.00301	0.00602	0.80879	0.00602
9	0.00944	0.00711	0.00906	0.00998	0.01170	0.00673	0.00842	0.01197	0.01495	0.01895	0.07030	0.06841	0.26893	0.01718	0.00845	0.00268	0.00495	0.43901	0.00601	0.00579
10	0.01578	0.01747	0.03706	0.02653	0.03299	0.01655	0.66946	0.06002	0.01611	0.02184	0.01321	0.01732	0.00987	0.00558	0.00756	0.00217	0.01068	0.00752	0.00345	0.00884
11	0.02613	0.01242	0.01783	0.01683	0.13510	0.01143	0.03151	0.07918	0.01865	0.54752	0.02221	0.02040	0.01450	0.00754	0.00651	0.00199	0.00613	0.00636	0.00696	0.01080
12	0.00785	0.00572	0.00739	0.00873	0.00930	0.00527	0.00588	0.00903	0.01263	0.01660	0.03884	0.69240	0.11696	0.01982	0.00818	0.00258	0.00370	0.01786	0.00600	0.00527
13	0.00923	0.00692	0.01038	0.01038	0.01154	0.00808	0.00808	0.01154	0.01038	0.01500	0.01731	0.02538	0.01615	0.04846	0.74732	0.01038	0.01731	0.00692	0.00346	0.00577
14	0.01620	0.13061	0.41864	0.01833	0.08375	0.01633	0.03882	0.05963	0.04827	0.09000	0.01356	0.01489	0.00986	0.00639	0.00600	0.00194	0.00833	0.00510	0.00368	0.00966
15	0.01739	0.01401	0.03725	0.01295	0.01684	0.01498	0.01046	0.11427	0.48379	0.08992	0.02561	0.05563	0.03729	0.01029	0.02722	0.00239	0.00576	0.00760	0.00644	0.00990
16	0.09479	0.03991	0.07925	0.20815	0.21579	0.18348	0.01617	0.05276	0.01533	0.02021	0.01121	0.01441	0.00889	0.00628	0.00597	0.00192	0.00867	0.00503	0.00333	0.00845
17	0.02186	0.15359	0.02054	0.01583	0.03719	0.56437	0.01208	0.02367	0.01702	0.01587	0.01172	0.01343	0.02976	0.00795	0.02722	0.00189	0.01068	0.00444	0.00331	0.00759
18	0.01483	0.04286	0.14536	0.05709	0.03281	0.01633	0.55207	0.02044	0.01484	0.02031	0.01265	0.01662	0.00946	0.00560	0.00724	0.00213	0.01047	0.00698	0.00315	0.00876
19	0.25976	0.23422	0.19775	0.01335	0.01908	0.05825	0.04344	0.02014	0.01302	0.04290	0.01034	0.01209	0.00818	0.00619	0.00560	0.00186	0.03807	0.00419	0.00334	0.00821
20	0.02714	0.01101	0.01470	0.01147	0.01615	0.00979	0.00939	0.06855	0.01888	0.64177	0.04702	0.05747	0.01835	0.00872	0.00661	0.00203	0.00543	0.00718	0.00779	0.01058
21	0.00764	0.00655	0.00655	0.00655	0.00873	0.00545	0.00491	0.00927	0.01473	0.01745	0.06546	0.06218	0.73000	0.01636	0.00764	0.00218	0.00327	0.01364	0.00600	0.00545
22	0.03889	0.38529	0.12324	0.01281	0.01847	0.04232	0.01262	0.13241	0.01662	0.10813	0.01279	0.01374	0.00996	0.00817	0.03713	0.00205	0.00768	0.00456	0.00407	0.00906
23	0.01167	0.00930	0.04655	0.01192	0.01437	0.00782	0.09040	0.01408	0.01413	0.09880	0.03472	0.36613	0.13051	0.01559	0.00788	0.00246	0.00529	0.10601	0.00574	0.00663
24	0.17107	0.01127	0.01401	0.01096	0.01577	0.01040	0.00905	0.02924	0.01714	0.60967	0.02252	0.01992	0.01438	0.00764	0.00605	0.00200	0.00541	0.00596	0.00728	0.01028
25	0.01576	0.01511	0.02580	0.08439	0.68973	0.01529	0.01971	0.01962	0.01460	0.02082	0.01211	0.01607	0.01013	0.00580	0.00640	0.00193	0.00773	0.00576	0.00318	0.01004
26	0.05731	0.01704	0.10793	0.13015	0.02562	0.05562	0.16077	0.07205	0.16648	0.04447	0.01765	0.06047	0.01439	0.00799	0.00672	0.00215	0.00788	0.03211	0.00451	0.00869
27	0.00937	0.00639	0.00767	0.00767	0.00788	0.00660	0.00469	0.00979	0.00958	0.01299	0.01979	0.03914	0.02213	0.63828	0.16567	0.00703	0.00832	0.00894	0.00383	0.00426
28	0.01296	0.03342	0.73944	0.01842	0.02797	0.01501	0.02387	0.02046	0.01364	0.02046	0.01160	0.01364	0.00818	0.00614	0.00614	0.00205	0.00955	0.00477	0.00273	0.00955
29	0.01220	0.01148	0.01938	0.75739	0.04450	0.01436	0.01794	0.01651	0.01292	0.01651	0.01148	0.01723	0.00861	0.00646	0.00646	0.00215	0.00861	0.00574	0.00287	0.00718
30	0.01220	0.01148	0.01938	0.75739	0.04450	0.01436	0.01794	0.01651	0.01292	0.01651	0.01148	0.01723	0.00861	0.00646	0.00646	0.00215	0.00861	0.00574	0.00287	0.00718
31	0.01220	0.01148	0.01938	0.75739	0.04450	0.01436	0.01794	0.01651	0.01292	0.01651	0.01148	0.01723	0.00861	0.00646	0.00646	0.00215	0.00861	0.00574	0.00287	0.00718
32	0.01204	0.00602	0.00602	0.00602	0.00753	0.00602	0.00452	0.01506	0.01355	0.02409	0.02108	0.02409	0.01656	0.00753	0.00452	0.00151	0.00301	0.00602	0.80879	0.00602
33	0.05647	0.03005	0.01795	0.01631	0.01967	0.71717	0.01226	0.02552	0.01801	0.01635	0.00995	0.01161	0.00827	0.00663	0.00575	0.00168	0.01138	0.00413	0.00336	0.00747
34	0.01414	0.01414	0.01979	0.01696	0.01696	0.01979	0.01414	0.01555	0.00990	0.01555	0.00848	0.01414	0.00848	0.01131	0.02120	0.00283	0.76110	0.00565	0.00283	0.00707

[dist]
# distance from previous block
# <min> <max>
0	1

[block]
# block no. 2 follows, 34 sequences, length 91
# corresponding to MSA columns:
# 94-184
name=unknown_C
#
# <colnr> <probs for GDERKNQSTAVLIFYWHMCP>
#	G	D	E	R	K	N	Q	S	T	A	V	L	I	F	Y	W	H	M	C	P
0	0.01197	0.00982	0.01154	0.00893	0.01305	0.00784	0.00682	0.01434	0.01324	0.01988	0.08898	0.02386	0.04678	0.12666	0.03412	0.00225	0.00519	0.00600	0.00426	0.54447
1	0.04582	0.01512	0.02538	0.06184	0.68336	0.01529	0.01929	0.01969	0.01452	0.02125	0.01201	0.01583	0.01006	0.00579	0.00631	0.00193	0.00761	0.00567	0.00322	0.01001
2	0.01478	0.34620	0.44257	0.01532	0.02318	0.01945	0.01848	0.01999	0.01343	0.01825	0.01050	0.01226	0.00823	0.00588	0.00530	0.00177	0.00844	0.00422	0.00274	0.00902
3	0.01738	0.01145	0.01384	0.01018	0.01566	0.00910	0.00821	0.02071	0.04015	0.19967	0.01551	0.01593	0.01154	0.00573	0.00528	0.00126	0.00497	0.00462	0.00497	0.58386
4	0.01480	0.01395	0.02354	0.08050	0.60074	0.01408	0.01801	0.01841	0.01453	0.02061	0.04089	0.08188	0.01482	0.00732	0.00661	0.00200	0.00722	0.00706	0.00356	0.00946
5	0.01862	0.01865	0.13473	0.01389	0.01967	0.03463	0.01270	0.30875	0.11703	0.02982	0.01516	0.01573	0.01128	0.00683	0.00598	0.00173	0.00675	0.00529	0.00511	0.21765
6	0.01452	0.01132	0.01340	0.00968	0.01526	0.00862	0.00776	0.01737	0.01393	0.07790	0.03169	0.01501	0.01145	0.00526	0.00500	0.00107	0.00480	0.00425	0.00425	0.72749
7	0.01474	0.01061	0.02980	0.01311	0.07348	0.03292	0.03429	0.07344	0.01601	0.14996	0.03415	0.23946	0.18217	0.03416	0.00804	0.00235	0.00535	0.03260	0.00585	0.00751
8	0.01330	0.07237	0.67597	0.01880	0.05293	0.01558	0.02304	0.02038	0.01365	0.02021	0.01148	0.01355	0.00827	0.00609	0.00604	0.00201	0.00934	0.00474	0.00275	0.00951
9	0.01204	0.00602	0.00602	0.00602	0.00753	0.00602	0.00452	0.01506	0.01355	0.02409	0.02108	0.02409	0.01656	0.00753	0.00452	0.00151	0.00301	0.00602	0.80879	0.00602
10	0.00793	0.00630	0.00715	0.00767	0.00921	0.00552	0.00559	0.00955	0.01420	0.01772	0.09178	0.28358	0.44254	0.01748	0.00789	0.00235	0.00354	0.04848	0.00606	0.00545
11	0.01335	0.07623	0.42183	0.06794	0.02534	0.01440	0.07580	0.01973	0.05544	0.03990	0.01600	0.11583	0.01388	0.00816	0.00646	0.00210	0.00826	0.00700	0.00360	0.00874
12	0.02428	0.04611	0.01988	0.01479	0.01991	0.04737	0.01224	0.66039	0.02930	0.03887	0.01507	0.01518	0.01079	0.00763	0.00636	0.00191	0.00727	0.00567	0.00621	0.01076
13	0.00876	0.00659	0.00810	0.00772	0.00942	0.00593	0.00579	0.01144	0.01738	0.02374	0.55881	0.05184	0.23271	0.01402	0.00762	0.00207	0.00311	0.01219	0.00683	0.00593
14	0.00914	0.00660	0.00864	0.00813	0.00965	0.00610	0.00610	0.01219	0.01829	0.02591	0.72921	0.04827	0.06097	0.01321	0.00762	0.00203	0.00305	0.01169	0.00711	0.00610
15	0.02063	0.31763	0.02310	0.01317	0.01733	0.33900	0.01104	0.04157	0.01620	0.05536	0.01159	0.01294	0.00955	0.00640	0.00511	0.00157	0.00856	0.00423	0.07708	0.00795
16	0.00846	0.00658	0.00769	0.00741	0.00923	0.00580	0.00556	0.01087	0.01667	0.02207	0.42747	0.05459	0.36510	0.01464	0.00763	0.00210	0.00315	0.01257	0.00661	0.00580
17	0.02226	0.08239	0.02085	0.02008	0.14129	0.53497	0.01362	0.05654	0.01788	0.01784	0.01054	0.01248	0.00877	0.00647	0.00583	0.00170	0.01041	0.00446	0.00341	0.00818
18	0.81856	0.01250	0.00950	0.00850	0.01250	0.01449	0.00700	0.01899	0.01100	0.02899	0.00900	0.01050	0.00700	0.00600	0.00400	0.00200	0.00500	0.00350	0.00400	0.00700
19	0.01753	0.01677	0.10444	0.04558	0.15644	0.04107	0.12889	0.07175	0.06288	0.13088	0.07756	0.01991	0.01563	0.00762	0.00796	0.00209	0.07249	0.00662	0.00464	0.00924
20	0.02414	0.03079	0.01831	0.01665	0.01998	0.74698	0.01248	0.02580	0.01831	0.01581	0.00999	0.01165	0.00832	0.00666	0.00583	0.00166	0.01165	0.00416	0.00333	0.00749
21	0.01550	0.01490	0.02567	0.07635	0.64694	0.01500	0.04410	0.01933	0.01456	0.02070	0.01293	0.04101	0.01121	0.00626	0.00651	0.00196	0.00771	0.00624	0.00328	0.00985
22	0.01414	0.01414	0.01979	0.01696	0.01696	0.01979	0.01414	0.01555	0.00990	0.01555	0.00848	0.01414	0.00848	0.01131	0.02120	0.00283	0.76110	0.00565	0.00283	0.00707
23	0.01220	0.01148	0.01938	0.75739	0.04450	0.01436	0.01794	0.01651	0.01292	0.01651	0.01148	0.01723	0.00861	0.00646	0.00646	0.00215	0.00861	0.00574	0.00287	0.00718
24	0.00923	0.00692	0.01038	0.01038	0.01154	0.00808	0.00808	0.01154	0.01038	0.01500	0.01731	0.02538	0.01615	0.04846	0.74732	0.01038	0.01731	0.00692	0.00346	0.00577
25	0.00886	0.00659	0.00824	0.00783	0.00948	0.00597	0.00587	0.01163	0.01761	0.02429	0.60216	0.05093	0.18902	0.01381	0.00762	0.00206	0.00309	0.01206	0.00690	0.00597
26	0.00911	0.00658	0.00860	0.00815	0.00965	0.00607	0.00609	0.01210	0.01812	0.02565	0.70966	0.06857	0.06045	0.01341	0.00764	0.00205	0.00307	0.01187	0.00708	0.00607
27	0.02899	0.01100	0.01499	0.01150	0.01649	0.00950	0.00950	0.03149	0.01849	0.73709	0.02549	0.02199	0.01599	0.00800	0.00650	0.00200	0.00550	0.00650	0.00800	0.01100
28	0.02098	0.01572	0.01680	0.01363	0.01805	0.01754	0.01102	0.42107	0.26257	0.05148	0.01976	0.01913	0.01442	0.00809	0.00638	0.00200	0.00613	0.00635	0.05847	0.01041
29	0.01525	0.01743	0.03813	0.02723	0.03377	0.01634	0.70915	0.02070	0.01525	0.02070	0.01307	0.01743	0.00980	0.00545	0.00763	0.00218	0.01089	0.00763	0.00327	0.00871
30	0.01792	0.70636	0.03239	0.01158	0.01690	0.09369	0.01119	0.01996	0.01362	0.01526	0.00908	0.01049	0.00829	0.00563	0.00430	0.00141	0.00736	0.00352	0.00282	0.00822
31	0.00879	0.00701	0.00806	0.00801	0.01001	0.00620	0.00606	0.01127	0.03416	0.01967	0.18921	0.15593	0.37685	0.01546	0.00762	0.00220	0.00365	0.06769	0.00610	0.05604
32	0.06460	0.20276	0.23327	0.01634	0.06516	0.09191	0.03699	0.04372	0.01492	0.09470	0.02920	0.01452	0.01051	0.00669	0.00647	0.00188	0.04888	0.00490	0.00370	0.00889
33	0.00827	0.00672	0.00741	0.00781	0.00953	0.00606	0.00571	0.01075	0.05414	0.01778	0.05348	0.26722	0.46598	0.01712	0.00780	0.00234	0.00360	0.03658	0.00603	0.00568
34	0.01220	0.01148	0.01938	0.75739	0.04450	0.01436	0.01794	0.01651	0.01292	0.01651	0.01148	0.01723	0.00861	0.00646	0.00646	0.00215	0.00861	0.00574	0.00287	0.00718
35	0.03735	0.01279	0.01903	0.67036	0.04141	0.05465	0.01713	0.03965	0.01372	0.01763	0.01146	0.01666	0.00863	0.00650	0.00635	0.00212	0.00862	0.00559	0.00305	0.00731
36	0.01657	0.01374	0.02115	0.06778	0.40234	0.01400	0.03178	0.07762	0.07786	0.08407	0.04040	0.04920	0.05898	0.00783	0.00664	0.00202	0.00679	0.00714	0.00455	0.00955
37	0.00787	0.00562	0.00750	0.00900	0.00937	0.00525	0.00600	0.00900	0.01237	0.01649	0.03561	0.76871	0.04274	0.02024	0.00825	0.00262	0.00375	0.01837	0.00600	0.00525
38	0.01220	0.01148	0.01938	0.75739	0.04450	0.01436	0.01794	0.01651	0.01292	0.01651	0.01148	0.01723	0.00861	0.00646	0.00646	0.00215	0.00861	0.00574	0.00287	0.00718
39	0.01528	0.01485	0.02230	0.30018	0.28484	0.05826	0.05276	0.04510	0.08036	0.02015	0.01315	0.01695	0.01035	0.00658	0.00693	0.00206	0.03169	0.00590	0.00351	0.00879
40	0.00920	0.00713	0.00844	0.00802	0.00991	0.00665	0.00604	0.01296	0.07003	0.02339	0.47193	0.05073	0.26391	0.01385	0.00755	0.00209	0.00327	0.01196	0.00673	0.00621
41	0.01340	0.01148	0.01340	0.00957	0.01531	0.00861	0.00766	0.01627	0.01340	0.02105	0.01148	0.01340	0.00957	0.00479	0.00479	0.00096	0.00479	0.00383	0.00383	0.81242
42	0.81856	0.01250	0.00950	0.00850	0.01250	0.01449	0.00700	0.01899	0.01100	0.02899	0.00900	0.01050	0.00700	0.00600	0.00400	0.00200	0.00500	0.00350	0.00400	0.00700
43	0.00914	0.00660	0.00864	0.00813	0.00965	0.00610	0.00610	0.01219	0.01829	0.02591	0.72921	0.04827	0.06097	0.01321	0.00762	0.00203	0.00305	0.01169	0.00711	0.00610
44	0.01340	0.01148	0.01340	0.00957	0.01531	0.00861	0.00766	0.01627	0.01340	0.02105	0.01148	0.01340	0.00957	0.00479	0.00479	0.00096	0.00479	0.00383	0.00383	0.81242
45	0.00814	0.00593	0.00774	0.00907	0.00977	0.00553	0.00640	0.00954	0.01292	0.01693	0.03864	0.61179	0.11548	0.01955	0.00826	0.00262	0.00396	0.09640	0.00599	0.00535
46	0.00848	0.00648	0.00777	0.00766	0.00929	0.00578	0.00566	0.01082	0.01641	0.02192	0.42093	0.12839	0.29684	0.01506	0.00769	0.00215	0.00320	0.01308	0.00660	0.00578
47	0.01221	0.01120	0.01567	0.01397	0.01429	0.01494	0.01125	0.01371	0.00997	0.01504	0.01233	0.02057	0.01238	0.11085	0.22517	0.00534	0.46519	0.00645	0.00313	0.00634
48	0.00932	0.00717	0.00864	0.00922	0.01081	0.00688	0.00717	0.01251	0.06739	0.01886	0.08983	0.19926	0.25855	0.05426	0.00930	0.00269	0.00442	0.21183	0.00600	0.00589
49	0.02232	0.02180	0.01833	0.01632	0.05456	0.29216	0.01226	0.30277	0.12277	0.02801	0.03555	0.01626	0.01264	0.00755	0.00627	0.00187	0.00844	0.00557	0.00516	0.00939
50	0.01220	0.01148	0.01938	0.75739	0.04450	0.01436	0.01794	0.01651	0.01292	0.01651	0.01148	0.01723	0.00861	0.00646	0.00646	0.00215	0.00861	0.00574	0.00287	0.00718
51	0.02548	0.01663	0.01848	0.01417	0.01931	0.01786	0.01171	0.57075	0.02793	0.18451	0.01757	0.01685	0.01202	0.00781	0.00647	0.00195	0.00678	0.00596	0.00678	0.01099
52	0.00914	0.00660	0.00864	0.00813	0.00965	0.00610	0.00610	0.01219	0.01829	0.02591	0.72921	0.04827	0.06097	0.01321	0.00762	0.00203	0.00305	0.01169	0.00711	0.00610
53	0.01041	0.00744	0.01041	0.01190	0.01339	0.00744	0.01041	0.01339	0.01487	0.01934	0.03421	0.07288	0.03719	0.01785	0.00892	0.00297	0.00595	0.68913	0.00595	0.00595
54	0.00874	0.00659	0.00808	0.00771	0.00941	0.00593	0.00578	0.01142	0.01734	0.02366	0.55241	0.05197	0.23917	0.01405	0.00762	0.00207	0.00311	0.01220	0.00682	0.00593
55	0.01031	0.00737	0.01030	0.01178	0.01323	0.00735	0.01024	0.01321	0.01477	0.01922	0.03427	0.10055	0.03741	0.01794	0.00890	0.00296	0.00586	0.66246	0.00595	0.00592
56	0.01296	0.03342	0.73944	0.01842	0.02797	0.01501	0.02387	0.02046	0.01364	0.02046	0.01160	0.01364	0.00818	0.00614	0.00614	0.00205	0.00955	0.00477	0.00273	0.00955
57	0.01340	0.01148	0.01340	0.00957	0.01531	0.00861	0.00766	0.01627	0.01340	0.02105	0.01148	0.01340	0.00957	0.00479	0.00479	0.00096	0.00479	0.00383	0.00383	0.81242
58	0.00786	0.00566	0.00746	0.00890	0.00935	0.00526	0.00595	0.00901	0.01247	0.01653	0.03684	0.73973	0.07093	0.02008	0.00822	0.00261	0.00373	0.01817	0.00600	0.00526
59	0.02456	0.01810	0.01939	0.01487	0.02004	0.02004	0.01228	0.71107	0.03038	0.04072	0.01551	0.01551	0.01099	0.00776	0.00646	0.00194	0.00711	0.00582	0.00646	0.01099
60	0.01705	0.37332	0.07009	0.12413	0.02199	0.04010	0.01291	0.10099	0.14149	0.02077	0.01338	0.01467	0.01068	0.00657	0.00536	0.00175	0.00716	0.00486	0.00390	0.00884
61	0.02654	0.01285	0.01557	0.01222	0.01699	0.03595	0.00999	0.13487	0.07789	0.52887	0.04302	0.02156	0.01653	0.00812	0.00651	0.00200	0.00585	0.00653	0.00747	0.01068
62	0.02456	0.01810	0.01939	0.01487	0.02004	0.02004	0.01228	0.71107	0.03038	0.04072	0.01551	0.01551	0.01099	0.00776	0.00646	0.00194	0.00711	0.00582	0.00646	0.01099
63	0.02069	0.01744	0.21871	0.03592	0.02039	0.01176	0.03663	0.07849	0.01729	0.34280	0.04903	0.04971	0.01592	0.00800	0.00645	0.00202	0.00674	0.00664	0.04565	0.00972
64	0.01449	0.01526	0.06083	0.21383	0.37928	0.01507	0.11993	0.01870	0.01407	0.01955	0.01267	0.03874	0.01058	0.00652	0.00712	0.00207	0.03280	0.00635	0.00318	0.00897
65	0.01134	0.00764	0.02656	0.00878	0.01078	0.00659	0.00677	0.01368	0.01578	0.11464	0.31431	0.18046	0.16469	0.04069	0.04503	0.00272	0.00451	0.01213	0.00643	0.00646
66	0.02450	0.02004	0.01923	0.01514	0.02003	0.13109	0.01231	0.60638	0.02854	0.03692	0.01467	0.01492	0.01058	0.00759	0.00637	0.00190	0.00780	0.00556	0.00598	0.01045
67	0.01579	0.01708	0.11053	0.27067	0.24551	0.04160	0.07781	0.07836	0.01563	0.04693	0.01263	0.01626	0.00961	0.00629	0.00648	0.00203	0.00851	0.00577	0.00350	0.00900
68	0.01483	0.10402	0.13131	0.20956	0.09849	0.01408	0.06331	0.01890	0.01436	0.09594	0.04008	0.02462	0.03136	0.00918	0.02706	0.00232	0.00793	0.08039	0.00401	0.00825
69	0.01420	0.01220	0.04485	0.01821	0.14203	0.01143	0.11548	0.01979	0.12232	0.08086	0.17264	0.06040	0.02691	0.04147	0.00879	0.02644	0.00625	0.06231	0.00529	0.00814
70	0.01296	0.03342	0.73944	0.01842	0.02797	0.01501	0.02387	0.02046	0.01364	0.02046	0.01160	0.01364	0.00818	0.00614	0.00614	0.00205	0.00955	0.00477	0.00273	0.00955
71	0.01635	0.02180	0.23541	0.07031	0.15275	0.09349	0.14315	0.05501	0.01589	0.06509	0.03686	0.01791	0.03287	0.00675	0.00657	0.00201	0.00886	0.00610	0.00373	0.00907
72	0.01715	0.10812	0.19331	0.08097	0.06256	0.01715	0.21702	0.14217	0.01726	0.06321	0.01320	0.01556	0.00973	0.00626	0.00645	0.00199	0.00881	0.00585	0.00387	0.00934
73	0.01599	0.01535	0.02623	0.03966	0.73262	0.01535	0.01983	0.01983	0.01471	0.02111	0.01215	0.01599	0.01023	0.00576	0.00640	0.00192	0.00768	0.00576	0.00320	0.01023
74	0.00787	0.00562	0.00750	0.00900	0.00937	0.00525	0.00600	0.00900	0.01237	0.01649	0.03561	0.76871	0.04274	0.02024	0.00825	0.00262	0.00375	0.01837	0.00600	0.00525
75	0.00967	0.00718	0.00958	0.00947	0.01038	0.00793	0.00687	0.01209	0.04622	0.01612	0.09183	0.07828	0.02436	0.24233	0.36891	0.00728	0.03295	0.00879	0.00425	0.00551
76	0.04240	0.01651	0.06905	0.06178	0.56032	0.01566	0.04384	0.07294	0.01568	0.02265	0.01228	0.01573	0.00999	0.00596	0.00635	0.00195	0.00781	0.00569	0.00344	0.00998
77	0.81856	0.01250	0.00950	0.00850	0.01250	0.01449	0.00700	0.01899	0.01100	0.02899	0.00900	0.01050	0.00700	0.00600	0.00400	0.00200	0.00500	0.00350	0.00400	0.00700
78	0.00787	0.00562	0.00750	0.00900	0.00937	0.00525	0.00600	0.00900	0.01237	0.01649	0.03561	0.76871	0.04274	0.02024	0.00825	0.00262	0.00375	0.01837	0.00600	0.00525
79	0.02414	0.03079	0.01831	0.01665	0.01998	0.74698	0.01248	0.02580	0.01831	0.01581	0.00999	0.01165	0.00832	0.00666	0.00583	0.00166	0.01165	0.00416	0.00333	0.00749
80	0.01807	0.69310	0.03222	0.01153	0.01696	0.04765	0.01120	0.07463	0.01466	0.01725	0.00953	0.01081	0.00851	0.00574	0.00438	0.00144	0.00707	0.00367	0.00308	0.00848
81	0.01601	0.01201	0.01405	0.01033	0.01585	0.00988	0.00831	0.06735	0.05019	0.10095	0.01403	0.01502	0.01087	0.00554	0.00518	0.00120	0.00504	0.00443	0.00460	0.62915
82	0.01715	0.01735	0.02386	0.08734	0.48701	0.12867	0.03828	0.05802	0.01593	0.02085	0.01274	0.03987	0.01090	0.00652	0.00641	0.00193	0.00830	0.00598	0.00347	0.00941
83	0.01304	0.00983	0.01160	0.01136	0.03403	0.06395	0.00836	0.01553	0.03252	0.09597	0.08449	0.09519	0.07158	0.08674	0.25379	0.00520	0.03949	0.03071	0.00484	0.03178
84	0.05266	0.03446	0.08301	0.01263	0.01778	0.01306	0.01118	0.13427	0.12070	0.39444	0.02295	0.02101	0.03599	0.00801	0.00635	0.00201	0.00602	0.00638	0.00672	0.01037
85	0.47515	0.01312	0.01390	0.01511	0.14331	0.01440	0.01013	0.10104	0.01478	0.05656	0.04771	0.01697	0.01232	0.00709	0.00520	0.00202	0.00569	0.03283	0.00454	0.00813
86	0.04465	0.01110	0.07013	0.01260	0.07392	0.00952	0.00945	0.03784	0.09797	0.08325	0.15135	0.18607	0.16112	0.01263	0.00713	0.00219	0.00480	0.01091	0.00586	0.00752
87	0.05546	0.04132	0.05308	0.04365	0.25742	0.01254	0.06414	0.01922	0.01480	0.09893	0.07971	0.04858	0.01626	0.00709	0.00616	0.00180	0.00650	0.00641	0.00431	0.16264
88	0.11377	0.04636	0.10776	0.03452	0.06137	0.03878	0.01255	0.04297	0.14370	0.15796	0.01680	0.03469	0.01278	0.00780	0.00760	0.00204	0.08946	0.00581	0.00489	0.05839
89	0.01971	0.12272	0.12230	0.01450	0.03584	0.11091	0.04695	0.11788	0.01784	0.16528	0.05458	0.01821	0.03209	0.00719	0.00601	0.00178	0.00736	0.00568	0.00485	0.08833
90	0.08124	0.02287	0.30518	0.01619	0.05072	0.06271	0.01615	0.13080	0.06587	0.08412	0.03387	0.01604	0.01160	0.00707	0.00662	0.00199	0.03590	0.00534	0.00435	0.04137

[dist]
# distance from previous block
# <min> <max>
1	16

[block]
# block no. 3 follows, 34 sequences, length 27
# corresponding to MSA columns:
# 201-227
name=unknown_D
#
# <colnr> <probs for GDERKNQSTAVLIFYWHMCP>
#	G	D	E	R	K	N	Q	S	T	A	V	L	I	F	Y	W	H	M	C	P
0	0.08430	0.01486	0.02063	0.06055	0.28936	0.04246	0.05471	0.07699	0.09597	0.09868	0.01503	0.01678	0.01146	0.00647	0.00613	0.00189	0.00700	0.00569	0.00446	0.08658
1	0.01496	0.01381	0.02245	0.10607	0.51917	0.01411	0.01717	0.05702	0.01544	0.02150	0.04323	0.05411	0.05759	0.00752	0.00661	0.00200	0.00712	0.00703	0.00379	0.00930
2	0.10283	0.01371	0.02132	0.20924	0.41432	0.01465	0.01680	0.04744	0.01453	0.02146	0.01479	0.01828	0.05007	0.00664	0.00622	0.00200	0.00734	0.00595	0.00350	0.00889
3	0.01439	0.01379	0.02153	0.24692	0.37405	0.03403	0.01692	0.01801	0.01395	0.01922	0.01395	0.01786	0.04013	0.00655	0.00686	0.00193	0.03684	0.00584	0.00328	0.09397
4	0.01346	0.01247	0.02049	0.16545	0.43139	0.01294	0.01605	0.01677	0.01377	0.01896	0.01854	0.06887	0.07234	0.04964	0.03922	0.00261	0.00757	0.00743	0.00359	0.00844
5	0.72393	0.01261	0.01108	0.05260	0.05845	0.01454	0.00840	0.01890	0.01133	0.02780	0.00933	0.01121	0.00729	0.00601	0.00428	0.00200	0.00537	0.00376	0.00389	0.00721
6	0.01287	0.01086	0.01272	0.00958	0.01454	0.00863	0.00756	0.01658	0.05382	0.02184	0.09911	0.04106	0.01731	0.00649	0.00533	0.00121	0.00456	0.00541	0.00444	0.64609
7	0.01643	0.01549	0.02588	0.03839	0.69620	0.01559	0.01944	0.05516	0.01551	0.02211	0.01233	0.01597	0.01027	0.00586	0.00640	0.00192	0.00765	0.00576	0.00337	0.01027
8	0.29477	0.01683	0.11540	0.01510	0.02049	0.04246	0.17297	0.05076	0.01475	0.13671	0.01381	0.01528	0.00993	0.00638	0.00572	0.00201	0.00730	0.00535	0.04549	0.00850
9	0.01373	0.01117	0.01317	0.00956	0.01501	0.00849	0.00763	0.01660	0.01389	0.04874	0.05602	0.01586	0.01297	0.00542	0.00502	0.00106	0.00471	0.00441	0.00419	0.73234
10	0.02414	0.03079	0.01831	0.01665	0.01998	0.74698	0.01248	0.02580	0.01831	0.01581	0.00999	0.01165	0.00832	0.00666	0.00583	0.00166	0.01165	0.00416	0.00333	0.00749
11	0.01340	0.01148	0.01340	0.00957	0.01531	0.00861	0.00766	0.01627	0.01340	0.02105	0.01148	0.01340	0.00957	0.00479	0.00479	0.00096	0.00479	0.00383	0.00383	0.81242
12	0.00787	0.00562	0.00750	0.00900	0.00937	0.00525	0.00600	0.00900	0.01237	0.01649	0.03561	0.76871	0.04274	0.02024	0.00825	0.00262	0.00375	0.01837	0.00600	0.00525
13	0.02456	0.01810	0.01939	0.01487	0.02004	0.02004	0.01228	0.71107	0.03038	0.04072	0.01551	0.01551	0.01099	0.00776	0.00646	0.00194	0.00711	0.00582	0.00646	0.01099
14	0.00987	0.00730	0.00992	0.01089	0.03520	0.00701	0.00858	0.01279	0.01620	0.02183	0.30939	0.06046	0.10199	0.01551	0.00822	0.00250	0.00465	0.34525	0.00632	0.00611
15	0.01583	0.01519	0.02593	0.07030	0.70324	0.01531	0.01975	0.01969	0.01464	0.02091	0.01213	0.01604	0.01017	0.00579	0.00640	0.00193	0.00772	0.00576	0.00318	0.01010
16	0.01599	0.01535	0.02623	0.03966	0.73262	0.01535	0.01983	0.01983	0.01471	0.02111	0.01215	0.01599	0.01023	0.00576	0.00640	0.00192	0.00768	0.00576	0.00320	0.01023
17	0.01528	0.01404	0.02355	0.22596	0.49998	0.01463	0.01851	0.01916	0.01430	0.04141	0.01235	0.01639	0.00995	0.00597	0.00635	0.00194	0.00773	0.00569	0.00328	0.04352
18	0.01548	0.01438	0.02363	0.08995	0.48082	0.01472	0.06027	0.06196	0.05202	0.02271	0.08572	0.01983	0.01575	0.00682	0.00662	0.00198	0.00732	0.00656	0.00395	0.00952
19	0.03402	0.01480	0.03459	0.06483	0.24076	0.07538	0.04282	0.05745	0.11506	0.09017	0.11565	0.04969	0.02000	0.00818	0.00662	0.00202	0.00681	0.00721	0.00494	0.00903
20	0.01708	0.03758	0.15905	0.01782	0.12417	0.09108	0.03029	0.09967	0.09404	0.07678	0.09265	0.02062	0.03397	0.00761	0.00633	0.00189	0.00719	0.00629	0.00474	0.07115
21	0.05275	0.08863	0.12064	0.01805	0.13751	0.10973	0.02859	0.09579	0.05747	0.05407	0.01419	0.04706	0.01169	0.00784	0.02225	0.00198	0.00769	0.00558	0.00412	0.11436
22	0.01758	0.04436	0.06678	0.01683	0.12924	0.07917	0.01219	0.16585	0.08684	0.07458	0.04853	0.06762	0.07571	0.00871	0.00641	0.00191	0.00657	0.00718	0.00513	0.07882
23	0.06375	0.01789	0.09230	0.04872	0.06992	0.06024	0.11743	0.19564	0.07734	0.06955	0.01464	0.01603	0.01084	0.00661	0.00622	0.00188	0.00762	0.00565	0.00467	0.11305
24	0.09403	0.07281	0.12482	0.05392	0.08389	0.08204	0.01353	0.17365	0.01736	0.02448	0.01380	0.06203	0.01187	0.00766	0.00650	0.00190	0.03615	0.02069	0.00419	0.09467
25	0.04732	0.07059	0.11560	0.04777	0.11287	0.07452	0.03005	0.06828	0.03271	0.08204	0.04869	0.01817	0.03448	0.00808	0.02834	0.00200	0.00733	0.00558	0.00424	0.16133
26	0.03636	0.10724	0.16865	0.01707	0.09201	0.01603	0.05742	0.15081	0.09481	0.08552	0.05401	0.01869	0.02883	0.00727	0.00617	0.00192	0.00709	0.00600	0.00475	0.03937

[dist]
# distance from previous block
# <min> <max>
3	26

[block]
# block no. 4 follows, 34 sequences, length 22
# corresponding to MSA columns:
# 254-275
name=unknown_E
#
# <colnr> <probs for GDERKNQSTAVLIFYWHMCP>
#	G	D	E	R	K	N	Q	S	T	A	V	L	I	F	Y	W	H	M	C	P
0	0.08524	0.15978	0.06075	0.01599	0.07799	0.03924	0.06906	0.12032	0.14125	0.12189	0.03581	0.01740	0.01335	0.00708	0.00593	0.00191	0.00684	0.00573	0.00498	0.00945
1	0.05509	0.11145	0.06492	0.01908	0.17860	0.01602	0.03305	0.09735	0.11235	0.04160	0.03912	0.01912	0.01386	0.02688	0.00765	0.00203	0.05515	0.02454	0.00436	0.07778
2	0.08868	0.05732	0.06797	0.02102	0.23107	0.10072	0.01396	0.11744	0.07576	0.07218	0.01539	0.01668	0.03057	0.00681	0.00595	0.00185	0.00725	0.00547	0.00440	0.05952
3	0.04212	0.01566	0.04060	0.09848	0.42126	0.03419	0.01684	0.10302	0.06824	0.07538	0.01432	0.01674	0.01108	0.00648	0.00634	0.00197	0.00742	0.00579	0.00416	0.00990
4	0.10487	0.01549	0.02243	0.16936	0.35814	0.05787	0.05849	0.07588	0.03666	0.02253	0.01230	0.01566	0.00978	0.00620	0.00620	0.00198	0.00786	0.00558	0.00360	0.00910
5	0.10269	0.01322	0.02116	0.37388	0.32950	0.01479	0.01753	0.01818	0.01346	0.01981	0.01149	0.01597	0.00912	0.00611	0.00616	0.00204	0.00782	0.00550	0.00313	0.00844
6	0.10130	0.01198	0.01950	0.62787	0.04028	0.01450	0.06119	0.01705	0.01286	0.01815	0.01131	0.01650	0.00851	0.00634	0.00626	0.00214	0.00836	0.00562	0.00302	0.00726
7	0.01466	0.01315	0.02069	0.51552	0.17305	0.01534	0.01751	0.11463	0.01571	0.02079	0.01218	0.01675	0.00926	0.00651	0.00645	0.00208	0.00822	0.00576	0.00344	0.00830
8	0.01223	0.01127	0.01881	0.63172	0.08276	0.01365	0.01723	0.01637	0.01324	0.01710	0.01403	0.02329	0.01186	0.00767	0.00673	0.00223	0.00826	0.08109	0.00323	0.00723
9	0.10482	0.01473	0.02255	0.14710	0.46588	0.01562	0.01729	0.09529	0.01574	0.02341	0.01207	0.01553	0.00970	0.00611	0.00615	0.00197	0.00747	0.00551	0.00359	0.00948
10	0.01409	0.01397	0.01938	0.01649	0.01686	0.01907	0.01372	0.01560	0.01012	0.01590	0.00867	0.01409	0.00855	0.01089	0.02015	0.00271	0.71246	0.00554	0.00289	0.05886
11	0.06007	0.01425	0.02189	0.19974	0.38448	0.01567	0.01704	0.05965	0.07773	0.02179	0.01306	0.01656	0.01046	0.00665	0.00720	0.00206	0.05313	0.00576	0.00363	0.00919
12	0.01971	0.01525	0.01855	0.06224	0.12155	0.01652	0.01269	0.39599	0.02293	0.05416	0.02001	0.02086	0.08995	0.00842	0.00739	0.00199	0.05213	0.00658	0.00543	0.04762
13	0.10575	0.01573	0.01786	0.01853	0.16971	0.10645	0.03061	0.15084	0.03456	0.13049	0.01531	0.01867	0.01226	0.09136	0.00938	0.00240	0.02636	0.00586	0.00480	0.03305
14	0.04257	0.01396	0.01665	0.01526	0.07693	0.03587	0.02878	0.15616	0.22720	0.17343	0.09849	0.02277	0.01973	0.00852	0.00707	0.00206	0.03157	0.00696	0.00624	0.00975
15	0.05405	0.07544	0.09304	0.01757	0.12489	0.11955	0.01329	0.16042	0.14221	0.04223	0.01810	0.01868	0.05501	0.00751	0.00609	0.00190	0.00729	0.00588	0.00472	0.03213
16	0.06500	0.04552	0.10296	0.06506	0.05936	0.12300	0.01294	0.13412	0.14552	0.06965	0.03005	0.06252	0.01444	0.00798	0.00620	0.00197	0.00725	0.00634	0.00488	0.03525
17	0.03667	0.07590	0.10035	0.03719	0.06108	0.02873	0.06585	0.11159	0.01638	0.09387	0.01930	0.11880	0.05123	0.00862	0.00626	0.00187	0.00658	0.00736	0.00468	0.14769
18	0.04140	0.10672	0.09041	0.03517	0.03699	0.05592	0.05793	0.10305	0.08279	0.09408	0.06905	0.02097	0.05803	0.00833	0.00787	0.00202	0.09002	0.00643	0.00474	0.02808
19	0.09421	0.06307	0.13647	0.09681	0.06348	0.06953	0.01356	0.10576	0.06704	0.11656	0.03139	0.01757	0.03009	0.00709	0.00594	0.00190	0.00715	0.00554	0.00461	0.06222
20	0.01857	0.13122	0.09408	0.05421	0.02079	0.09229	0.06063	0.08972	0.09582	0.12267	0.01650	0.01726	0.03107	0.00709	0.00644	0.00183	0.03194	0.00556	0.00459	0.09771
21	0.16536	0.05554	0.18467	0.01408	0.03210	0.05510	0.05753	0.04294	0.05406	0.04409	0.09521	0.02533	0.03350	0.00857	0.00623	0.00206	0.00690	0.08124	0.00448	0.03100

[dist]
# distance from previous block
# <min> <max>
0	23

# created by:
# /home/berkeley/.conda/envs/busco_data_prod/bin/msa2prfl.pl pipeline/OGs_align_augustus/4893/31689.fs
