[name]
unknown

[dist]
# distance from previous block
# <min> <max>
0	445

[block]
# block no. 0 follows, 33 sequences, length 192
# corresponding to MSA columns:
# 445-636
name=unknown_A
#
# <colnr> <probs for GDERKNQSTAVLIFYWHMCP>
#	G	D	E	R	K	N	Q	S	T	A	V	L	I	F	Y	W	H	M	C	P
0	0.06288	0.03657	0.05376	0.01246	0.01690	0.01217	0.04994	0.02414	0.19880	0.15098	0.12533	0.02646	0.02262	0.00869	0.00649	0.00197	0.00559	0.04174	0.00588	0.13664
1	0.01517	0.02820	0.49702	0.01712	0.02488	0.04184	0.01985	0.10281	0.10672	0.02378	0.01532	0.05115	0.01188	0.00750	0.00644	0.00211	0.00865	0.00596	0.00391	0.00971
2	0.16987	0.01489	0.01672	0.01367	0.01814	0.04170	0.06407	0.15105	0.24594	0.14876	0.03583	0.01959	0.01518	0.00785	0.00625	0.00209	0.00627	0.00632	0.00606	0.00976
3	0.00885	0.00620	0.00739	0.00789	0.00832	0.00594	0.00495	0.00959	0.01167	0.01545	0.07226	0.29523	0.09881	0.39399	0.02086	0.00445	0.00501	0.01328	0.00512	0.00474
4	0.02323	0.01679	0.01824	0.01431	0.01931	0.01832	0.01169	0.49918	0.15539	0.08932	0.01839	0.01781	0.01315	0.00797	0.00653	0.00198	0.00663	0.00616	0.00659	0.04902
5	0.00945	0.00639	0.00726	0.00729	0.00744	0.00631	0.00420	0.00969	0.01028	0.01372	0.05624	0.06917	0.04893	0.68248	0.03058	0.00591	0.00604	0.01014	0.00429	0.00419
6	0.21396	0.01348	0.01355	0.01158	0.01526	0.05060	0.00915	0.18537	0.07715	0.14238	0.03467	0.10615	0.01731	0.04555	0.03309	0.00259	0.00635	0.00734	0.00581	0.00865
7	0.06704	0.01537	0.04574	0.01684	0.01835	0.03976	0.06496	0.01763	0.04753	0.01802	0.01288	0.01717	0.04331	0.01050	0.01698	0.00265	0.52824	0.00616	0.00335	0.00751
8	0.00798	0.00618	0.00728	0.00805	0.00928	0.00548	0.00564	0.00944	0.01392	0.01768	0.08205	0.42986	0.33646	0.01859	0.00811	0.00245	0.00358	0.01632	0.00617	0.00548
9	0.02807	0.01180	0.01547	0.01194	0.01688	0.01072	0.00983	0.10692	0.02019	0.62084	0.05806	0.02294	0.01790	0.00837	0.00667	0.00203	0.00567	0.00679	0.00793	0.01097
10	0.00941	0.00702	0.01039	0.01037	0.01152	0.00808	0.00800	0.01172	0.01093	0.01573	0.05136	0.02751	0.01886	0.07003	0.68553	0.01004	0.01659	0.00736	0.00372	0.00584
11	0.00983	0.00755	0.01024	0.01040	0.01173	0.00725	0.04434	0.06817	0.01457	0.01921	0.03672	0.58299	0.11501	0.01830	0.00815	0.00254	0.00445	0.01651	0.00600	0.00605
12	0.01177	0.00938	0.01088	0.01004	0.01240	0.00982	0.00766	0.02036	0.26823	0.02640	0.44295	0.04103	0.07861	0.01199	0.00738	0.00214	0.00387	0.01040	0.00700	0.00769
13	0.00952	0.00636	0.00720	0.00725	0.00726	0.00635	0.00406	0.00956	0.00967	0.01290	0.02126	0.06700	0.02458	0.74383	0.03267	0.00626	0.00630	0.00988	0.00406	0.00403
14	0.01390	0.02920	0.52744	0.02144	0.03025	0.01569	0.22655	0.02092	0.01439	0.02092	0.01226	0.01505	0.00883	0.00604	0.00671	0.00213	0.01014	0.00573	0.00294	0.00948
15	0.02536	0.01790	0.01943	0.01489	0.02015	0.01962	0.01230	0.65580	0.03006	0.09258	0.01656	0.01629	0.01157	0.00792	0.00659	0.00198	0.00712	0.00598	0.00670	0.01120
16	0.00932	0.00673	0.00880	0.00828	0.00984	0.00621	0.00621	0.01242	0.01863	0.02640	0.72410	0.04918	0.06212	0.01346	0.00776	0.00207	0.00311	0.01191	0.00725	0.00621
17	0.00814	0.00580	0.00771	0.00919	0.00959	0.00544	0.00617	0.00931	0.01258	0.01676	0.03574	0.72146	0.04275	0.04456	0.00923	0.00280	0.00397	0.03742	0.00604	0.00532
18	0.01531	0.01948	0.11591	0.02730	0.06406	0.01645	0.59801	0.02102	0.01533	0.02108	0.01311	0.01726	0.00982	0.00564	0.00755	0.00219	0.01080	0.00736	0.00327	0.00904
19	0.01038	0.00716	0.00927	0.00859	0.01036	0.00669	0.00649	0.01397	0.04176	0.05523	0.67248	0.04727	0.05885	0.01309	0.00768	0.00207	0.00328	0.01154	0.00727	0.00655
20	0.00924	0.00673	0.00869	0.00820	0.00979	0.00618	0.00615	0.01227	0.01845	0.02596	0.69023	0.04991	0.09626	0.01362	0.00777	0.00208	0.00312	0.01201	0.00719	0.00618
21	0.00788	0.00659	0.00676	0.00686	0.00885	0.00558	0.00503	0.00944	0.01459	0.01748	0.06248	0.10896	0.64627	0.05273	0.00905	0.00245	0.00351	0.01401	0.00601	0.00547
22	0.00826	0.00669	0.00734	0.00717	0.00919	0.00576	0.00538	0.01038	0.01614	0.02049	0.27286	0.05891	0.51705	0.01566	0.00778	0.00218	0.00326	0.01327	0.00647	0.00576
23	0.02680	0.01454	0.01715	0.01319	0.01826	0.01476	0.01089	0.35731	0.02454	0.37539	0.02091	0.01928	0.01385	0.00801	0.00654	0.00199	0.00631	0.00627	0.03298	0.01104
24	0.00887	0.00618	0.00749	0.00802	0.00843	0.00593	0.00507	0.00970	0.01189	0.01590	0.09901	0.31970	0.06855	0.37231	0.02014	0.00434	0.00493	0.01350	0.00522	0.00480
25	0.02795	0.01187	0.01550	0.01196	0.01690	0.01083	0.00985	0.11442	0.02033	0.61071	0.06029	0.02295	0.01800	0.00839	0.00667	0.00203	0.00568	0.00680	0.00791	0.01095
26	0.81514	0.01273	0.00968	0.00866	0.01273	0.01477	0.00713	0.01935	0.01120	0.02954	0.00917	0.01069	0.00713	0.00611	0.00407	0.00204	0.00509	0.00356	0.00407	0.00713
27	0.00957	0.00638	0.00718	0.00718	0.00718	0.00638	0.00399	0.00957	0.00957	0.01276	0.02074	0.04308	0.02393	0.76864	0.03351	0.00638	0.00638	0.00957	0.00399	0.00399
28	0.01138	0.00574	0.00853	0.00853	0.00853	0.00574	0.00567	0.00861	0.00861	0.01148	0.01172	0.02071	0.01181	0.04538	0.02596	0.78426	0.00574	0.00583	0.00289	0.00289
29	0.02079	0.01350	0.01454	0.01166	0.01558	0.01450	0.00947	0.40846	0.02391	0.08651	0.01859	0.01942	0.01361	0.00784	0.00588	0.00182	0.00563	0.00605	0.29286	0.00938
30	0.02871	0.01190	0.01563	0.01206	0.01712	0.01080	0.00994	0.08792	0.04392	0.65063	0.02516	0.02194	0.01601	0.00815	0.00662	0.00204	0.00572	0.00659	0.00797	0.01118
31	0.01254	0.01062	0.01496	0.03501	0.03405	0.01327	0.01107	0.07344	0.01238	0.01793	0.01445	0.02104	0.01326	0.03197	0.42052	0.00704	0.23948	0.00650	0.00357	0.00690
32	0.02068	0.01524	0.01671	0.01376	0.01805	0.01678	0.01118	0.38269	0.22102	0.07156	0.07313	0.02508	0.01956	0.00932	0.00688	0.00213	0.00620	0.05306	0.00671	0.01026
33	0.81514	0.01273	0.00968	0.00866	0.01273	0.01477	0.00713	0.01935	0.01120	0.02954	0.00917	0.01069	0.00713	0.00611	0.00407	0.00204	0.00509	0.00356	0.00407	0.00713
34	0.00802	0.00573	0.00764	0.00917	0.00955	0.00535	0.00611	0.00917	0.01260	0.01681	0.03628	0.76434	0.04354	0.02062	0.00840	0.00267	0.00382	0.01872	0.00611	0.00535
35	0.00802	0.00573	0.00764	0.00917	0.00955	0.00535	0.00611	0.00917	0.01260	0.01681	0.03628	0.76434	0.04354	0.02062	0.00840	0.00267	0.00382	0.01872	0.00611	0.00535
36	0.01375	0.01179	0.01369	0.00988	0.01565	0.00904	0.00789	0.01722	0.03813	0.02166	0.01223	0.01403	0.01011	0.00502	0.00494	0.00102	0.00489	0.00402	0.00400	0.78104
37	0.01629	0.01564	0.02672	0.04041	0.72757	0.01564	0.02020	0.02020	0.01499	0.02151	0.01238	0.01629	0.01043	0.00587	0.00652	0.00196	0.00782	0.00587	0.00326	0.01043
38	0.01779	0.02009	0.10757	0.02383	0.08824	0.08049	0.36387	0.10554	0.01752	0.05219	0.01354	0.01645	0.01011	0.00613	0.00700	0.00204	0.00975	0.00652	0.00389	0.04745
39	0.33038	0.01405	0.01452	0.01161	0.01636	0.01499	0.00958	0.23731	0.01968	0.24635	0.01633	0.01584	0.01118	0.00729	0.00563	0.00202	0.00592	0.00523	0.00609	0.00963
40	0.01554	0.01776	0.03885	0.02775	0.03441	0.01665	0.70366	0.02109	0.01554	0.02109	0.01332	0.01776	0.00999	0.00555	0.00777	0.00222	0.01110	0.00777	0.00333	0.00888
41	0.01629	0.01564	0.02672	0.04041	0.72757	0.01564	0.02020	0.02020	0.01499	0.02151	0.01238	0.01629	0.01043	0.00587	0.00652	0.00196	0.00782	0.00587	0.00326	0.01043
42	0.00912	0.00685	0.00803	0.00773	0.00969	0.00613	0.00584	0.01141	0.01619	0.04135	0.31581	0.05394	0.39625	0.01761	0.06209	0.00278	0.00437	0.01241	0.00642	0.00600
43	0.00805	0.00668	0.00705	0.00696	0.00906	0.00567	0.00522	0.00998	0.01565	0.01931	0.18325	0.06084	0.60739	0.01610	0.00778	0.00220	0.00329	0.01354	0.00631	0.00567
44	0.02503	0.01844	0.01976	0.01515	0.02042	0.02042	0.01251	0.70562	0.03095	0.04149	0.01581	0.01581	0.01120	0.00790	0.00659	0.00198	0.00724	0.00593	0.00659	0.01120
45	0.01413	0.00943	0.01392	0.15369	0.09858	0.00963	0.01103	0.04109	0.01481	0.13859	0.02643	0.35507	0.02726	0.01365	0.00752	0.00239	0.00573	0.04398	0.00555	0.00752
46	0.00797	0.00593	0.00743	0.00863	0.00941	0.00539	0.00587	0.00923	0.01312	0.01702	0.04282	0.61367	0.19000	0.01978	0.00827	0.00258	0.00372	0.01768	0.00611	0.00539
47	0.02459	0.03138	0.01866	0.01696	0.02035	0.74221	0.01272	0.02629	0.01866	0.01611	0.01018	0.01187	0.00848	0.00678	0.00594	0.00170	0.01187	0.00424	0.00339	0.00763
48	0.00932	0.00677	0.00881	0.00840	0.00998	0.00625	0.00637	0.01238	0.01835	0.02579	0.66950	0.05082	0.08411	0.01379	0.00783	0.00212	0.00325	0.04283	0.00715	0.00618
49	0.01760	0.77260	0.03450	0.01126	0.01690	0.02605	0.01126	0.01971	0.01338	0.01549	0.00915	0.01056	0.00845	0.00563	0.00422	0.00141	0.00704	0.00352	0.00282	0.00845
50	0.00817	0.00584	0.00777	0.00907	0.00958	0.00544	0.00612	0.00953	0.01328	0.01788	0.11300	0.68458	0.04561	0.01983	0.00833	0.00261	0.00374	0.01796	0.00624	0.00544
51	0.00951	0.00635	0.00720	0.00727	0.00728	0.00634	0.00408	0.00956	0.00971	0.01294	0.02142	0.07462	0.02479	0.73593	0.03241	0.00622	0.00627	0.00997	0.00408	0.00405
52	0.01637	0.01414	0.01489	0.01340	0.01712	0.01637	0.01042	0.03498	0.71568	0.02754	0.02679	0.02456	0.02010	0.00893	0.00670	0.00223	0.00521	0.00744	0.00670	0.01042
53	0.01365	0.01170	0.01365	0.00975	0.01560	0.00878	0.00780	0.01658	0.01365	0.02145	0.01170	0.01365	0.00975	0.00488	0.00488	0.00098	0.00488	0.00390	0.00390	0.80888
54	0.01449	0.00679	0.00731	0.00685	0.00884	0.00659	0.00525	0.01749	0.01445	0.11525	0.02205	0.02427	0.01680	0.00773	0.00486	0.00160	0.00339	0.00620	0.70301	0.00679
55	0.00802	0.00573	0.00764	0.00917	0.00955	0.00535	0.00611	0.00917	0.01260	0.01681	0.03628	0.76434	0.04354	0.02062	0.00840	0.00267	0.00382	0.01872	0.00611	0.00535
56	0.00778	0.00667	0.00667	0.00667	0.00889	0.00556	0.00500	0.00945	0.01501	0.01778	0.06669	0.06336	0.72490	0.01667	0.00778	0.00222	0.00333	0.01389	0.00611	0.00556
57	0.00957	0.00641	0.00734	0.00734	0.00740	0.00647	0.00419	0.00968	0.00962	0.01288	0.02059	0.04226	0.02358	0.73440	0.06726	0.00658	0.00692	0.00945	0.00397	0.00408
58	0.02503	0.01844	0.01976	0.01515	0.02042	0.02042	0.01251	0.70562	0.03095	0.04149	0.01581	0.01581	0.01120	0.00790	0.00659	0.00198	0.00724	0.00593	0.00659	0.01120
59	0.01629	0.01564	0.02672	0.04041	0.72757	0.01564	0.02020	0.02020	0.01499	0.02151	0.01238	0.01629	0.01043	0.00587	0.00652	0.00196	0.00782	0.00587	0.00326	0.01043
60	0.00814	0.00582	0.00778	0.00931	0.00974	0.00545	0.00633	0.00938	0.01273	0.01694	0.03622	0.73150	0.04327	0.02051	0.00844	0.00269	0.00393	0.05034	0.00611	0.00538
61	0.06159	0.01127	0.01505	0.01159	0.01664	0.00988	0.00957	0.03156	0.01853	0.70346	0.02529	0.02193	0.01592	0.00806	0.00652	0.00204	0.00558	0.00650	0.00798	0.01104
62	0.01461	0.01393	0.02369	0.35012	0.43098	0.01520	0.01937	0.01873	0.01420	0.01947	0.01209	0.01684	0.00971	0.00618	0.00655	0.00206	0.00824	0.00586	0.00311	0.00907
63	0.02432	0.01854	0.01918	0.01505	0.01985	0.07290	0.01232	0.57610	0.02806	0.07072	0.01567	0.01610	0.01131	0.00929	0.03070	0.00227	0.03493	0.00587	0.00619	0.01062
64	0.00802	0.00573	0.00764	0.00917	0.00955	0.00535	0.00611	0.00917	0.01260	0.01681	0.03628	0.76434	0.04354	0.02062	0.00840	0.00267	0.00382	0.01872	0.00611	0.00535
65	0.02503	0.01844	0.01976	0.01515	0.02042	0.02042	0.01251	0.70562	0.03095	0.04149	0.01581	0.01581	0.01120	0.00790	0.00659	0.00198	0.00724	0.00593	0.00659	0.01120
66	0.00938	0.00684	0.00907	0.01009	0.01138	0.00652	0.00805	0.01175	0.01500	0.01977	0.14925	0.25760	0.11994	0.01793	0.00855	0.00269	0.00467	0.31942	0.00627	0.00583
67	0.02954	0.01120	0.01528	0.01171	0.01681	0.00968	0.00968	0.03208	0.01884	0.73213	0.02597	0.02241	0.01630	0.00815	0.00662	0.00204	0.00560	0.00662	0.00815	0.01120
68	0.01616	0.01550	0.02648	0.06525	0.70378	0.01561	0.02014	0.02009	0.01493	0.02134	0.01236	0.01634	0.01037	0.00589	0.00652	0.00196	0.00785	0.00587	0.00325	0.01032
69	0.00890	0.00690	0.00711	0.00693	0.00930	0.00577	0.00524	0.01061	0.01520	0.05458	0.06459	0.06125	0.68840	0.01623	0.00772	0.00221	0.00345	0.01352	0.00622	0.00585
70	0.00855	0.00611	0.00788	0.00892	0.00956	0.00576	0.00614	0.00992	0.01313	0.01750	0.10394	0.50620	0.07743	0.11884	0.01170	0.00311	0.00424	0.06980	0.00594	0.00532
71	0.01320	0.03405	0.73453	0.01876	0.02849	0.01529	0.02432	0.02085	0.01390	0.02085	0.01181	0.01390	0.00834	0.00625	0.00625	0.00208	0.00973	0.00486	0.00278	0.00973
72	0.00784	0.00664	0.00677	0.00681	0.00894	0.00557	0.00508	0.00953	0.01503	0.01801	0.08543	0.08827	0.68027	0.01672	0.00780	0.00223	0.00335	0.01401	0.00615	0.00557
73	0.20754	0.01424	0.01566	0.01229	0.01722	0.01484	0.01015	0.27972	0.02160	0.31453	0.01835	0.01727	0.01230	0.00759	0.00603	0.00201	0.00610	0.00566	0.00664	0.01027
74	0.00822	0.00669	0.00728	0.00713	0.00916	0.00575	0.00535	0.01030	0.01605	0.02026	0.25550	0.05928	0.53455	0.01575	0.00778	0.00218	0.00327	0.01332	0.00644	0.00575
75	0.00778	0.00667	0.00667	0.00667	0.00889	0.00556	0.00500	0.00945	0.01501	0.01778	0.06669	0.06336	0.72490	0.01667	0.00778	0.00222	0.00333	0.01389	0.00611	0.00556
76	0.01365	0.01170	0.01365	0.00975	0.01560	0.00878	0.00780	0.01658	0.01365	0.02145	0.01170	0.01365	0.00975	0.00488	0.00488	0.00098	0.00488	0.00390	0.00390	0.80888
77	0.00826	0.00612	0.00766	0.00846	0.00941	0.00558	0.00586	0.00985	0.01414	0.01872	0.17303	0.47218	0.17877	0.03886	0.00884	0.00257	0.00366	0.01623	0.00627	0.00552
78	0.00957	0.00638	0.00718	0.00718	0.00718	0.00638	0.00399	0.00957	0.00957	0.01276	0.02074	0.04308	0.02393	0.76864	0.03351	0.00638	0.00638	0.00957	0.00399	0.00399
79	0.00952	0.00660	0.00830	0.00830	0.00869	0.00699	0.00539	0.01029	0.00991	0.01360	0.01972	0.03740	0.02147	0.53129	0.26749	0.00777	0.01010	0.00874	0.00384	0.00461
80	0.18703	0.01124	0.01347	0.01078	0.01535	0.01063	0.00883	0.02778	0.04228	0.50357	0.04784	0.02310	0.05259	0.00838	0.00620	0.00205	0.00528	0.00658	0.00713	0.00989
81	0.00826	0.00605	0.00776	0.00868	0.00953	0.00555	0.00600	0.00987	0.01414	0.01891	0.18236	0.53227	0.12901	0.01867	0.00820	0.00249	0.00361	0.01673	0.00635	0.00555
82	0.01918	0.01554	0.01647	0.01397	0.01819	0.01769	0.01110	0.25283	0.49326	0.03207	0.02323	0.02172	0.01720	0.00860	0.00666	0.00215	0.00587	0.00695	0.00666	0.01067
83	0.01601	0.01377	0.01457	0.01321	0.01679	0.01589	0.01023	0.03385	0.68494	0.02707	0.02721	0.05691	0.02112	0.00944	0.00677	0.00225	0.00515	0.00794	0.00667	0.01020
84	0.59620	0.01232	0.01054	0.00924	0.01305	0.01387	0.00742	0.05935	0.04157	0.07414	0.01408	0.01655	0.03216	0.06787	0.00696	0.00240	0.00530	0.00486	0.00465	0.00746
85	0.00811	0.00668	0.00712	0.00701	0.00909	0.00570	0.00526	0.01008	0.01578	0.01961	0.20622	0.06035	0.58423	0.01599	0.00778	0.00219	0.00329	0.01347	0.00635	0.00570
86	0.02503	0.01844	0.01976	0.01515	0.02042	0.02042	0.01251	0.70562	0.03095	0.04149	0.01581	0.01581	0.01120	0.00790	0.00659	0.00198	0.00724	0.00593	0.00659	0.01120
87	0.00958	0.00656	0.00820	0.00820	0.00854	0.00690	0.00526	0.01017	0.00984	0.01345	0.01959	0.03749	0.02144	0.54116	0.23752	0.02943	0.00960	0.00874	0.00383	0.00450
88	0.10387	0.00734	0.00791	0.00809	0.00949	0.00728	0.00567	0.01206	0.03617	0.01916	0.09671	0.21545	0.17484	0.19927	0.01363	0.00330	0.00449	0.02749	0.04219	0.00557
89	0.02471	0.01761	0.01900	0.01462	0.01973	0.01934	0.01206	0.64650	0.02970	0.07254	0.01650	0.01647	0.01166	0.00790	0.00651	0.00196	0.00700	0.00597	0.03924	0.01099
90	0.81514	0.01273	0.00968	0.00866	0.01273	0.01477	0.00713	0.01935	0.01120	0.02954	0.00917	0.01069	0.00713	0.00611	0.00407	0.00204	0.00509	0.00356	0.00407	0.00713
91	0.01576	0.01473	0.02446	0.17295	0.53606	0.01543	0.01901	0.05456	0.01531	0.02142	0.01262	0.01685	0.01037	0.00768	0.03314	0.00231	0.00833	0.00591	0.00338	0.00971
92	0.00888	0.00637	0.00756	0.00811	0.00935	0.00571	0.00564	0.01025	0.01371	0.04196	0.07735	0.38128	0.29327	0.08654	0.01037	0.00280	0.00390	0.01537	0.00604	0.00554
93	0.00985	0.00729	0.00951	0.01045	0.01195	0.00710	0.00851	0.01300	0.04370	0.02009	0.12544	0.19263	0.13054	0.01746	0.00853	0.00271	0.00490	0.36405	0.00625	0.00606
94	0.10334	0.01519	0.01711	0.01324	0.01832	0.01586	0.01093	0.38801	0.02452	0.29775	0.01895	0.01777	0.01270	0.00782	0.00635	0.00200	0.00642	0.00596	0.00692	0.01080
95	0.01382	0.01289	0.01972	0.26526	0.26565	0.03707	0.01600	0.01844	0.05958	0.01941	0.04828	0.02189	0.01461	0.01296	0.10378	0.00324	0.02565	0.02976	0.00369	0.00829
96	0.00893	0.00656	0.00739	0.00755	0.00898	0.00585	0.00526	0.01032	0.01387	0.03734	0.10891	0.19534	0.37108	0.16751	0.01302	0.00313	0.00408	0.01360	0.00585	0.00542
97	0.00856	0.00606	0.00798	0.00932	0.00981	0.00577	0.00646	0.00982	0.01258	0.01671	0.03421	0.58441	0.04041	0.11075	0.01153	0.00317	0.00443	0.10689	0.00585	0.00528
98	0.16837	0.06566	0.11633	0.17871	0.14732	0.01681	0.03358	0.07640	0.01443	0.02259	0.01123	0.01459	0.00889	0.00690	0.00760	0.00212	0.09126	0.00518	0.00349	0.00857
99	0.00811	0.00577	0.00761	0.00905	0.00941	0.00541	0.00599	0.00919	0.01243	0.01657	0.03539	0.72284	0.04241	0.06367	0.00985	0.00289	0.00397	0.01819	0.00599	0.00527
100	0.01796	0.73442	0.03368	0.01156	0.01707	0.06294	0.01134	0.02005	0.01365	0.01552	0.00921	0.01063	0.00845	0.00569	0.00431	0.00142	0.00729	0.00356	0.00285	0.00841
101	0.01431	0.01299	0.01972	0.13690	0.32560	0.01381	0.01510	0.02061	0.13760	0.02257	0.14505	0.02382	0.02126	0.00804	0.00718	0.00206	0.02862	0.00718	0.00455	0.03303
102	0.01777	0.70212	0.06429	0.01189	0.01758	0.06247	0.01191	0.02010	0.01367	0.01576	0.00932	0.01077	0.00845	0.00572	0.00440	0.00145	0.00741	0.00362	0.00284	0.00846
103	0.01320	0.03405	0.73453	0.01876	0.02849	0.01529	0.02432	0.02085	0.01390	0.02085	0.01181	0.01390	0.00834	0.00625	0.00625	0.00208	0.00973	0.00486	0.00278	0.00973
104	0.01902	0.01545	0.01637	0.01393	0.01813	0.01761	0.01106	0.23980	0.50656	0.03180	0.02344	0.02189	0.01738	0.00862	0.00666	0.00215	0.00583	0.00698	0.00666	0.01066
105	0.02423	0.03069	0.01901	0.01799	0.05128	0.71044	0.01305	0.02602	0.01850	0.01635	0.01027	0.01207	0.00857	0.00674	0.00596	0.00171	0.01169	0.00431	0.00339	0.00775
106	0.00957	0.00638	0.00718	0.00718	0.00718	0.00638	0.00399	0.00957	0.00957	0.01276	0.02074	0.04308	0.02393	0.76864	0.03351	0.00638	0.00638	0.00957	0.00399	0.00399
107	0.00924	0.00673	0.00869	0.00820	0.00979	0.00618	0.00615	0.01227	0.01845	0.02596	0.69023	0.04991	0.09626	0.01362	0.00777	0.00208	0.00312	0.01201	0.00719	0.00618
108	0.00891	0.00665	0.00828	0.00800	0.00962	0.00602	0.00595	0.01159	0.01749	0.02398	0.54231	0.09865	0.19907	0.01459	0.00781	0.00214	0.00320	0.01276	0.00694	0.00602
109	0.10740	0.01136	0.01472	0.01141	0.01640	0.01018	0.00942	0.03082	0.01809	0.66250	0.02431	0.02125	0.01539	0.00795	0.00637	0.00204	0.00555	0.00632	0.00774	0.01080
110	0.02459	0.03138	0.01866	0.01696	0.02035	0.74221	0.01272	0.02629	0.01866	0.01611	0.01018	0.01187	0.00848	0.00678	0.00594	0.00170	0.01187	0.00424	0.00339	0.00763
111	0.02503	0.01844	0.01976	0.01515	0.02042	0.02042	0.01251	0.70562	0.03095	0.04149	0.01581	0.01581	0.01120	0.00790	0.00659	0.00198	0.00724	0.00593	0.00659	0.01120
112	0.00817	0.00668	0.00721	0.00708	0.00913	0.00572	0.00531	0.01021	0.01593	0.01998	0.23400	0.05975	0.55622	0.01585	0.00778	0.00218	0.00328	0.01339	0.00640	0.00572
113	0.00957	0.00638	0.00718	0.00718	0.00718	0.00638	0.00399	0.00957	0.00957	0.01276	0.02074	0.04308	0.02393	0.76864	0.03351	0.00638	0.00638	0.00957	0.00399	0.00399
114	0.81514	0.01273	0.00968	0.00866	0.01273	0.01477	0.00713	0.01935	0.01120	0.02954	0.00917	0.01069	0.00713	0.00611	0.00407	0.00204	0.00509	0.00356	0.00407	0.00713
115	0.02459	0.03138	0.01866	0.01696	0.02035	0.74221	0.01272	0.02629	0.01866	0.01611	0.01018	0.01187	0.00848	0.00678	0.00594	0.00170	0.01187	0.00424	0.00339	0.00763
116	0.02503	0.01844	0.01976	0.01515	0.02042	0.02042	0.01251	0.70562	0.03095	0.04149	0.01581	0.01581	0.01120	0.00790	0.00659	0.00198	0.00724	0.00593	0.00659	0.01120
117	0.02459	0.03138	0.01866	0.01696	0.02035	0.74221	0.01272	0.02629	0.01866	0.01611	0.01018	0.01187	0.00848	0.00678	0.00594	0.00170	0.01187	0.00424	0.00339	0.00763
118	0.02503	0.01844	0.01976	0.01515	0.02042	0.02042	0.01251	0.70562	0.03095	0.04149	0.01581	0.01581	0.01120	0.00790	0.00659	0.00198	0.00724	0.00593	0.00659	0.01120
119	0.00802	0.00573	0.00764	0.00917	0.00955	0.00535	0.00611	0.00917	0.01260	0.01681	0.03628	0.76434	0.04354	0.02062	0.00840	0.00267	0.00382	0.01872	0.00611	0.00535
120	0.01365	0.01170	0.01365	0.00975	0.01560	0.00878	0.00780	0.01658	0.01365	0.02145	0.01170	0.01365	0.00975	0.00488	0.00488	0.00098	0.00488	0.00390	0.00390	0.80888
121	0.00932	0.00673	0.00880	0.00828	0.00984	0.00621	0.00621	0.01242	0.01863	0.02640	0.72410	0.04918	0.06212	0.01346	0.00776	0.00207	0.00311	0.01191	0.00725	0.00621
122	0.02503	0.01844	0.01976	0.01515	0.02042	0.02042	0.01251	0.70562	0.03095	0.04149	0.01581	0.01581	0.01120	0.00790	0.00659	0.00198	0.00724	0.00593	0.00659	0.01120
123	0.00802	0.00573	0.00764	0.00917	0.00955	0.00535	0.00611	0.00917	0.01260	0.01681	0.03628	0.76434	0.04354	0.02062	0.00840	0.00267	0.00382	0.01872	0.00611	0.00535
124	0.01637	0.01414	0.01489	0.01340	0.01712	0.01637	0.01042	0.03498	0.71568	0.02754	0.02679	0.02456	0.02010	0.00893	0.00670	0.00223	0.00521	0.00744	0.00670	0.01042
125	0.00839	0.00602	0.00797	0.00891	0.00963	0.00560	0.00614	0.01010	0.01433	0.01956	0.23352	0.55926	0.04887	0.01857	0.00822	0.00250	0.00361	0.01676	0.00644	0.00560
126	0.02503	0.01844	0.01976	0.01515	0.02042	0.02042	0.01251	0.70562	0.03095	0.04149	0.01581	0.01581	0.01120	0.00790	0.00659	0.00198	0.00724	0.00593	0.00659	0.01120
127	0.00802	0.00573	0.00764	0.00917	0.00955	0.00535	0.00611	0.00917	0.01260	0.01681	0.03628	0.76434	0.04354	0.02062	0.00840	0.00267	0.00382	0.01872	0.00611	0.00535
128	0.02954	0.01120	0.01528	0.01171	0.01681	0.00968	0.00968	0.03208	0.01884	0.73213	0.02597	0.02241	0.01630	0.00815	0.00662	0.00204	0.00560	0.00662	0.00815	0.01120
129	0.00940	0.00705	0.01058	0.01058	0.01176	0.00823	0.00823	0.01176	0.01058	0.01528	0.01763	0.02586	0.01646	0.04937	0.74255	0.01058	0.01763	0.00705	0.00353	0.00588
130	0.01696	0.01443	0.01521	0.01351	0.01734	0.01665	0.01056	0.08007	0.66965	0.02848	0.02606	0.02397	0.01950	0.00886	0.00669	0.00222	0.00535	0.00734	0.00669	0.01047
131	0.00802	0.00573	0.00764	0.00917	0.00955	0.00535	0.00611	0.00917	0.01260	0.01681	0.03628	0.76434	0.04354	0.02062	0.00840	0.00267	0.00382	0.01872	0.00611	0.00535
132	0.01365	0.01170	0.01365	0.00975	0.01560	0.00878	0.00780	0.01658	0.01365	0.02145	0.01170	0.01365	0.00975	0.00488	0.00488	0.00098	0.00488	0.00390	0.00390	0.80888
133	0.33996	0.15840	0.01793	0.01260	0.01667	0.32090	0.01022	0.02232	0.01471	0.02138	0.00959	0.01116	0.00793	0.00631	0.00488	0.00178	0.00828	0.00384	0.00356	0.00758
134	0.00802	0.00573	0.00764	0.00917	0.00955	0.00535	0.00611	0.00917	0.01260	0.01681	0.03628	0.76434	0.04354	0.02062	0.00840	0.00267	0.00382	0.01872	0.00611	0.00535
135	0.01485	0.01440	0.09361	0.01291	0.01669	0.01351	0.01097	0.02767	0.44663	0.05853	0.07086	0.14414	0.02505	0.01077	0.00699	0.00227	0.00537	0.00922	0.00627	0.00930
136	0.01144	0.00572	0.00858	0.00858	0.00858	0.00572	0.00572	0.00858	0.00858	0.01144	0.01144	0.02001	0.01144	0.02287	0.02573	0.80846	0.00572	0.00572	0.00286	0.00286
137	0.01760	0.77260	0.03450	0.01126	0.01690	0.02605	0.01126	0.01971	0.01338	0.01549	0.00915	0.01056	0.00845	0.00563	0.00422	0.00141	0.00704	0.00352	0.00282	0.00845
138	0.01518	0.04809	0.16871	0.02547	0.03267	0.01673	0.55166	0.02099	0.01515	0.02084	0.01289	0.01678	0.00962	0.00568	0.00736	0.00217	0.01070	0.00707	0.00321	0.00902
139	0.00789	0.00667	0.00682	0.00679	0.00896	0.00560	0.00509	0.00966	0.01527	0.01841	0.11427	0.06233	0.67693	0.01644	0.00778	0.00221	0.00332	0.01375	0.00620	0.00560
140	0.01551	0.01214	0.01572	0.01229	0.04941	0.00959	0.04441	0.01858	0.01435	0.09477	0.01329	0.01489	0.01047	0.00529	0.00528	0.00119	0.00541	0.00447	0.00428	0.64867
141	0.05974	0.15588	0.02092	0.01562	0.01942	0.58766	0.01222	0.02486	0.01742	0.01662	0.00996	0.01160	0.00841	0.00656	0.00556	0.00166	0.01074	0.00409	0.00333	0.00775
142	0.01760	0.77260	0.03450	0.01126	0.01690	0.02605	0.01126	0.01971	0.01338	0.01549	0.00915	0.01056	0.00845	0.00563	0.00422	0.00141	0.00704	0.00352	0.00282	0.00845
143	0.02217	0.02307	0.01775	0.01544	0.01937	0.35137	0.01197	0.18688	0.23570	0.02552	0.01659	0.01669	0.01268	0.00770	0.00632	0.00193	0.00875	0.00562	0.00515	0.00932
144	0.01434	0.01293	0.02052	0.58665	0.11850	0.01542	0.01782	0.09816	0.01546	0.02024	0.01226	0.01721	0.00924	0.00666	0.00658	0.00214	0.00849	0.00586	0.00339	0.00812
145	0.01808	0.72201	0.03342	0.01165	0.01713	0.07493	0.01136	0.02016	0.01374	0.01553	0.00922	0.01065	0.00845	0.00571	0.00434	0.00143	0.00737	0.00357	0.00286	0.00839
146	0.02466	0.02920	0.01884	0.01666	0.02036	0.62107	0.01269	0.14030	0.02072	0.02037	0.01112	0.01253	0.00894	0.00697	0.00605	0.00174	0.01110	0.00452	0.00393	0.00823
147	0.00915	0.00672	0.00856	0.00810	0.00973	0.00614	0.00608	0.01209	0.01823	0.02544	0.65078	0.05076	0.13604	0.01382	0.00777	0.00209	0.00313	0.01213	0.00712	0.00614
148	0.02954	0.01120	0.01528	0.01171	0.01681	0.00968	0.00968	0.03208	0.01884	0.73213	0.02597	0.02241	0.01630	0.00815	0.00662	0.00204	0.00560	0.00662	0.00815	0.01120
149	0.02503	0.01844	0.01976	0.01515	0.02042	0.02042	0.01251	0.70562	0.03095	0.04149	0.01581	0.01581	0.01120	0.00790	0.00659	0.00198	0.00724	0.00593	0.00659	0.01120
150	0.01243	0.01170	0.01975	0.75282	0.04534	0.01463	0.01828	0.01682	0.01316	0.01682	0.01170	0.01755	0.00878	0.00658	0.00658	0.00219	0.00878	0.00585	0.00293	0.00731
151	0.81514	0.01273	0.00968	0.00866	0.01273	0.01477	0.00713	0.01935	0.01120	0.02954	0.00917	0.01069	0.00713	0.00611	0.00407	0.00204	0.00509	0.00356	0.00407	0.00713
152	0.00783	0.00649	0.00685	0.00714	0.00902	0.00552	0.00521	0.00940	0.01455	0.01760	0.06098	0.19503	0.59691	0.01742	0.00790	0.00231	0.00343	0.01480	0.00611	0.00552
153	0.00802	0.00573	0.00764	0.00917	0.00955	0.00535	0.00611	0.00917	0.01260	0.01681	0.03628	0.76434	0.04354	0.02062	0.00840	0.00267	0.00382	0.01872	0.00611	0.00535
154	0.00940	0.00705	0.01058	0.01058	0.01176	0.00823	0.00823	0.01176	0.01058	0.01528	0.01763	0.02586	0.01646	0.04937	0.74255	0.01058	0.01763	0.00705	0.00353	0.00588
155	0.00802	0.00573	0.00764	0.00917	0.00955	0.00535	0.00611	0.00917	0.01260	0.01681	0.03628	0.76434	0.04354	0.02062	0.00840	0.00267	0.00382	0.01872	0.00611	0.00535
156	0.00802	0.00573	0.00764	0.00917	0.00955	0.00535	0.00611	0.00917	0.01260	0.01681	0.03628	0.76434	0.04354	0.02062	0.00840	0.00267	0.00382	0.01872	0.00611	0.00535
157	0.00778	0.00667	0.00667	0.00667	0.00889	0.00556	0.00500	0.00945	0.01501	0.01778	0.06669	0.06336	0.72490	0.01667	0.00778	0.00222	0.00333	0.01389	0.00611	0.00556
158	0.00970	0.00634	0.00727	0.00727	0.00727	0.00634	0.00410	0.00951	0.00951	0.01268	0.02013	0.04157	0.02311	0.71973	0.03300	0.05898	0.00634	0.00932	0.00391	0.00391
159	0.01554	0.01776	0.03885	0.02775	0.03441	0.01665	0.70366	0.02109	0.01554	0.02109	0.01332	0.01776	0.00999	0.00555	0.00777	0.00222	0.01110	0.00777	0.00333	0.00888
160	0.01554	0.01776	0.03885	0.02775	0.03441	0.01665	0.70366	0.02109	0.01554	0.02109	0.01332	0.01776	0.00999	0.00555	0.00777	0.00222	0.01110	0.00777	0.00333	0.00888
161	0.00795	0.00653	0.00683	0.00702	0.00884	0.00560	0.00506	0.00942	0.01427	0.01726	0.05922	0.14904	0.58389	0.07740	0.00992	0.00261	0.00364	0.01415	0.00594	0.00541
162	0.81514	0.01273	0.00968	0.00866	0.01273	0.01477	0.00713	0.01935	0.01120	0.02954	0.00917	0.01069	0.00713	0.00611	0.00407	0.00204	0.00509	0.00356	0.00407	0.00713
163	0.01536	0.01722	0.03583	0.02606	0.03164	0.01722	0.59251	0.02024	0.01466	0.02024	0.01256	0.01722	0.00977	0.00651	0.01000	0.00233	0.13132	0.00745	0.00326	0.00861
164	0.01103	0.00745	0.01019	0.01077	0.01246	0.00720	0.00903	0.01406	0.01654	0.05477	0.27466	0.06313	0.04534	0.01608	0.00852	0.00265	0.00501	0.41819	0.00657	0.00635
165	0.00801	0.00577	0.00760	0.00906	0.00952	0.00536	0.00606	0.00918	0.01271	0.01685	0.03761	0.73369	0.07334	0.02045	0.00838	0.00265	0.00380	0.01850	0.00611	0.00536
166	0.01243	0.01170	0.01975	0.75282	0.04534	0.01463	0.01828	0.01682	0.01316	0.01682	0.01170	0.01755	0.00878	0.00658	0.00658	0.00219	0.00878	0.00585	0.00293	0.00731
167	0.01144	0.00572	0.00858	0.00858	0.00858	0.00572	0.00572	0.00858	0.00858	0.01144	0.01144	0.02001	0.01144	0.02287	0.02573	0.80846	0.00572	0.00572	0.00286	0.00286
168	0.02406	0.01796	0.01921	0.01495	0.02005	0.01996	0.01228	0.63082	0.10732	0.03993	0.01703	0.01678	0.01219	0.00802	0.00660	0.00200	0.00702	0.00610	0.00660	0.01111
169	0.01111	0.00593	0.00890	0.00890	0.00909	0.00612	0.00612	0.00909	0.00890	0.01206	0.01243	0.02096	0.01225	0.02714	0.14133	0.67979	0.00764	0.00593	0.00297	0.00335
170	0.81514	0.01273	0.00968	0.00866	0.01273	0.01477	0.00713	0.01935	0.01120	0.02954	0.00917	0.01069	0.00713	0.00611	0.00407	0.00204	0.00509	0.00356	0.00407	0.00713
171	0.00941	0.00703	0.01044	0.01044	0.01157	0.00815	0.00806	0.01167	0.01054	0.01518	0.01776	0.02657	0.01676	0.07872	0.71362	0.01041	0.01717	0.00716	0.00355	0.00580
172	0.02421	0.03065	0.01903	0.01804	0.05285	0.70882	0.01306	0.02601	0.01849	0.01636	0.01028	0.01208	0.00857	0.00674	0.00596	0.00171	0.01169	0.00431	0.00339	0.00776
173	0.01577	0.01456	0.02232	0.03105	0.49128	0.01509	0.01663	0.02334	0.19296	0.02342	0.07169	0.02096	0.01692	0.00724	0.00666	0.00203	0.00679	0.00674	0.00444	0.01010
174	0.00802	0.00573	0.00764	0.00917	0.00955	0.00535	0.00611	0.00917	0.01260	0.01681	0.03628	0.76434	0.04354	0.02062	0.00840	0.00267	0.00382	0.01872	0.00611	0.00535
175	0.00992	0.00708	0.00982	0.01133	0.01255	0.00698	0.00941	0.01245	0.01447	0.01893	0.03524	0.25850	0.03940	0.01884	0.00891	0.00294	0.00546	0.50584	0.00608	0.00587
176	0.01367	0.01297	0.02199	0.52399	0.26448	0.01495	0.01890	0.01791	0.01375	0.01833	0.01192	0.01715	0.00931	0.00635	0.00656	0.00212	0.00847	0.00586	0.00303	0.00831
177	0.01144	0.00572	0.00858	0.00858	0.00858	0.00572	0.00572	0.00858	0.00858	0.01144	0.01144	0.02001	0.01144	0.02287	0.02573	0.80846	0.00572	0.00572	0.00286	0.00286
178	0.02364	0.01774	0.01919	0.03707	0.02078	0.01977	0.01244	0.60665	0.11038	0.03912	0.01697	0.01688	0.01216	0.00798	0.00660	0.00201	0.00705	0.00610	0.00649	0.01099
179	0.64644	0.08697	0.07435	0.01003	0.01461	0.01605	0.00921	0.01941	0.01161	0.02704	0.00938	0.01107	0.00740	0.00624	0.00480	0.00201	0.02835	0.00374	0.00381	0.00748
180	0.05600	0.17234	0.52351	0.01672	0.02502	0.05935	0.02030	0.02087	0.01394	0.02001	0.01108	0.01299	0.00831	0.00616	0.00574	0.00193	0.00911	0.00451	0.00289	0.00923
181	0.02087	0.05640	0.01890	0.15053	0.02405	0.41028	0.01314	0.11423	0.05090	0.02020	0.01483	0.01661	0.04633	0.00745	0.00620	0.00186	0.00973	0.00537	0.00400	0.00810
182	0.10928	0.09858	0.01844	0.04581	0.01838	0.05322	0.06174	0.02258	0.20901	0.02236	0.05708	0.02204	0.03722	0.00855	0.00796	0.00208	0.09623	0.02985	0.00467	0.07492
183	0.01528	0.05302	0.09599	0.05097	0.02381	0.08424	0.19139	0.01918	0.03416	0.01847	0.01392	0.01753	0.04343	0.00836	0.01165	0.00228	0.25742	0.00629	0.00335	0.04930
184	0.04084	0.01797	0.06575	0.01634	0.01860	0.14553	0.04363	0.03867	0.01328	0.01815	0.01204	0.03968	0.01138	0.01114	0.03584	0.00266	0.37540	0.03692	0.00345	0.05274
185	0.01434	0.01039	0.01286	0.05060	0.01645	0.03047	0.01090	0.10894	0.05811	0.06602	0.05331	0.08508	0.03075	0.01470	0.00818	0.00265	0.00624	0.40651	0.00610	0.00739
186	0.01413	0.01252	0.01496	0.09372	0.01908	0.03150	0.00983	0.03826	0.05600	0.02159	0.05381	0.01687	0.01322	0.00648	0.00675	0.00145	0.06501	0.00501	0.00414	0.51566
187	0.01343	0.01278	0.04029	0.08685	0.02133	0.01079	0.12662	0.03731	0.01507	0.02203	0.10716	0.04216	0.01765	0.00690	0.00612	0.00157	0.00627	0.00634	0.00426	0.41507
188	0.05932	0.01692	0.01801	0.01410	0.01902	0.01855	0.01154	0.56179	0.07267	0.03781	0.01801	0.03830	0.03217	0.00835	0.00649	0.00198	0.00671	0.00641	0.00633	0.04552
189	0.01411	0.01412	0.02723	0.02037	0.02516	0.01346	0.41829	0.07630	0.01700	0.02304	0.13347	0.10827	0.05907	0.00928	0.00774	0.00223	0.00827	0.00982	0.00469	0.00808
190	0.01272	0.00896	0.01036	0.00949	0.01189	0.00871	0.00722	0.14278	0.01858	0.06559	0.20479	0.20213	0.24185	0.01462	0.00762	0.00223	0.00426	0.01255	0.00659	0.00706
191	0.04203	0.02058	0.19484	0.02123	0.02787	0.04040	0.34709	0.05722	0.01619	0.10867	0.01544	0.05066	0.01181	0.00689	0.00706	0.00215	0.00942	0.00710	0.00411	0.00922

[dist]
# distance from previous block
# <min> <max>
2	5

[block]
# block no. 1 follows, 33 sequences, length 7
# corresponding to MSA columns:
# 642-648
name=unknown_B
#
# <colnr> <probs for GDERKNQSTAVLIFYWHMCP>
#	G	D	E	R	K	N	Q	S	T	A	V	L	I	F	Y	W	H	M	C	P
0	0.02026	0.01578	0.07221	0.10272	0.02187	0.08013	0.04994	0.11968	0.07221	0.22776	0.12729	0.02331	0.02036	0.00839	0.00676	0.00205	0.00699	0.00702	0.00594	0.00934
1	0.10422	0.01550	0.01987	0.07161	0.02222	0.08635	0.15790	0.06682	0.13320	0.06506	0.06876	0.01946	0.01545	0.00718	0.00637	0.00194	0.00733	0.00635	0.00481	0.11960
2	0.08793	0.07025	0.06976	0.13902	0.02408	0.12183	0.06171	0.07821	0.08951	0.11203	0.01491	0.01630	0.01102	0.00683	0.00605	0.00192	0.00782	0.00544	0.00453	0.07085
3	0.03643	0.04531	0.05524	0.04726	0.01817	0.08670	0.05130	0.11953	0.05617	0.06750	0.04828	0.14195	0.04258	0.05117	0.00826	0.00233	0.00677	0.04741	0.00516	0.06248
4	0.10566	0.06373	0.11193	0.01314	0.01777	0.03831	0.04896	0.14806	0.04726	0.07953	0.02232	0.14796	0.07153	0.00997	0.00649	0.00207	0.00647	0.00826	0.00516	0.04543
5	0.07056	0.13810	0.18514	0.01367	0.01939	0.04428	0.03563	0.06920	0.04855	0.14132	0.04891	0.02171	0.04484	0.00794	0.00612	0.00194	0.00706	0.03749	0.00481	0.05334
6	0.06449	0.08905	0.09408	0.04529	0.01892	0.12641	0.01189	0.12789	0.08046	0.09242	0.05222	0.07725	0.04895	0.00885	0.00629	0.00197	0.00709	0.00696	0.00507	0.03445

[dist]
# distance from previous block
# <min> <max>
11	72

[block]
# block no. 2 follows, 33 sequences, length 85
# corresponding to MSA columns:
# 722-806
name=unknown_C
#
# <colnr> <probs for GDERKNQSTAVLIFYWHMCP>
#	G	D	E	R	K	N	Q	S	T	A	V	L	I	F	Y	W	H	M	C	P
0	0.01826	0.01444	0.01554	0.01295	0.01688	0.03422	0.01033	0.31363	0.18737	0.03062	0.06423	0.04891	0.04850	0.01352	0.08552	0.00293	0.00730	0.00738	0.00603	0.06143
1	0.02052	0.04116	0.01824	0.01417	0.01858	0.09910	0.03725	0.31906	0.10492	0.06332	0.04218	0.02048	0.05334	0.00965	0.03087	0.00222	0.02690	0.00647	0.00568	0.06592
2	0.10988	0.07599	0.04667	0.01421	0.01946	0.01842	0.04130	0.38612	0.09923	0.06671	0.01579	0.01601	0.01152	0.00736	0.00610	0.00194	0.00685	0.00563	0.00570	0.04513
3	0.01463	0.01087	0.01307	0.01133	0.01420	0.01112	0.03701	0.16739	0.09938	0.05134	0.08714	0.08777	0.12984	0.12210	0.01159	0.02398	0.00560	0.05977	0.00586	0.03600
4	0.07936	0.00989	0.01185	0.03045	0.03144	0.04079	0.03632	0.05135	0.04344	0.01834	0.04400	0.13479	0.05964	0.17363	0.01685	0.16865	0.03000	0.00901	0.00442	0.00577
5	0.01729	0.15202	0.03934	0.04234	0.04153	0.09793	0.03031	0.17469	0.07424	0.02385	0.06743	0.08247	0.01776	0.01268	0.07537	0.00277	0.02768	0.00707	0.00475	0.00851
6	0.01558	0.01479	0.02517	0.10025	0.52496	0.01500	0.07023	0.04353	0.01544	0.02152	0.01583	0.02119	0.04121	0.00701	0.00679	0.00206	0.00786	0.03833	0.00360	0.00965
7	0.01153	0.00925	0.01099	0.01013	0.01236	0.00932	0.03580	0.07546	0.13283	0.02125	0.07816	0.15801	0.24189	0.13048	0.01159	0.00293	0.00492	0.03044	0.00587	0.00678
8	0.04052	0.01069	0.04493	0.10347	0.17700	0.01017	0.03654	0.01422	0.01254	0.01788	0.06075	0.02408	0.06669	0.03292	0.01351	0.26524	0.00642	0.00684	0.04923	0.00636
9	0.01932	0.09516	0.02247	0.01642	0.02078	0.19141	0.14346	0.19752	0.05862	0.02446	0.03562	0.06892	0.03928	0.02819	0.00732	0.00209	0.00846	0.00711	0.00472	0.00867
10	0.01602	0.01540	0.02343	0.15989	0.33486	0.06018	0.08954	0.05293	0.07902	0.02106	0.01393	0.01816	0.01136	0.03199	0.00835	0.03673	0.00819	0.00623	0.00369	0.00903
11	0.01471	0.00940	0.01097	0.00994	0.01236	0.00948	0.00759	0.11210	0.08564	0.10545	0.12515	0.10677	0.10494	0.08994	0.01056	0.03604	0.00488	0.04865	0.08809	0.00735
12	0.01581	0.01228	0.01514	0.03470	0.08443	0.03749	0.03896	0.18909	0.04585	0.04516	0.10990	0.09601	0.07937	0.01089	0.00699	0.00212	0.00586	0.06488	0.09688	0.00820
13	0.03833	0.04184	0.01921	0.06069	0.15725	0.03688	0.07419	0.06528	0.05973	0.09970	0.03545	0.02310	0.01542	0.07087	0.04820	0.00286	0.04919	0.02923	0.06408	0.00848
14	0.05665	0.00847	0.00982	0.00923	0.01114	0.00850	0.00681	0.09146	0.01561	0.06186	0.13854	0.15015	0.14372	0.16541	0.07137	0.00373	0.00587	0.02955	0.00572	0.00641
15	0.03679	0.00742	0.00884	0.03531	0.01088	0.00734	0.00634	0.03271	0.01443	0.01972	0.22542	0.04764	0.16560	0.25845	0.03946	0.00384	0.00530	0.06344	0.00549	0.00557
16	0.05323	0.06954	0.15669	0.01542	0.02038	0.19766	0.03296	0.10716	0.12829	0.05769	0.01557	0.03910	0.01234	0.00906	0.03069	0.00228	0.03267	0.00580	0.00448	0.00901
17	0.07758	0.01357	0.02079	0.20128	0.38119	0.03406	0.01639	0.01833	0.01491	0.02162	0.11963	0.02100	0.01755	0.00723	0.00651	0.00203	0.00723	0.00655	0.00385	0.00871
18	0.00921	0.00668	0.00773	0.00763	0.00920	0.00599	0.00544	0.01099	0.01503	0.04129	0.24399	0.12829	0.32624	0.13879	0.01201	0.00290	0.00389	0.01290	0.00615	0.00564
19	0.01352	0.01189	0.01886	0.44006	0.15845	0.01358	0.01613	0.03677	0.04438	0.03876	0.01846	0.06564	0.05475	0.00846	0.00684	0.00220	0.00762	0.03180	0.00388	0.00795
20	0.08894	0.01634	0.01874	0.01439	0.01958	0.01742	0.04012	0.47232	0.02604	0.19341	0.01743	0.01695	0.01196	0.00772	0.00644	0.00200	0.00687	0.00597	0.00660	0.01078
21	0.01406	0.01286	0.01425	0.01276	0.01490	0.14281	0.06082	0.01675	0.03614	0.05478	0.04402	0.02629	0.03876	0.12161	0.32942	0.00628	0.03551	0.00725	0.00409	0.00666
22	0.00889	0.00635	0.00864	0.01016	0.01092	0.00610	0.00762	0.01067	0.01346	0.01778	0.03580	0.53250	0.04164	0.01981	0.00863	0.00279	0.00457	0.24197	0.00609	0.00559
23	0.02459	0.03138	0.01866	0.01696	0.02035	0.74221	0.01272	0.02629	0.01866	0.01611	0.01018	0.01187	0.00848	0.00678	0.00594	0.00170	0.01187	0.00424	0.00339	0.00763
24	0.01365	0.01170	0.01365	0.00975	0.01560	0.00878	0.00780	0.01658	0.01365	0.02145	0.01170	0.01365	0.00975	0.00488	0.00488	0.00098	0.00488	0.00390	0.00390	0.80888
25	0.01365	0.01170	0.01365	0.00975	0.01560	0.00878	0.00780	0.01658	0.01365	0.02145	0.01170	0.01365	0.00975	0.00488	0.00488	0.00098	0.00488	0.00390	0.00390	0.80888
26	0.00802	0.00573	0.00764	0.00917	0.00955	0.00535	0.00611	0.00917	0.01260	0.01681	0.03628	0.76434	0.04354	0.02062	0.00840	0.00267	0.00382	0.01872	0.00611	0.00535
27	0.00986	0.00678	0.01008	0.01008	0.01106	0.00771	0.00766	0.01129	0.01032	0.01488	0.01663	0.02477	0.01557	0.04331	0.59050	0.15415	0.01503	0.00678	0.02819	0.00534
28	0.02619	0.01658	0.01860	0.01426	0.01949	0.01765	0.01178	0.53228	0.02784	0.21923	0.01842	0.01750	0.01251	0.00797	0.00659	0.00199	0.00682	0.00611	0.00699	0.01120
29	0.01061	0.00758	0.01061	0.01212	0.01364	0.00758	0.01061	0.01364	0.01515	0.01970	0.03486	0.07426	0.03789	0.01819	0.00909	0.00303	0.00606	0.68326	0.00606	0.00606
30	0.00827	0.00638	0.00757	0.00810	0.00950	0.00569	0.00586	0.01006	0.01479	0.01906	0.17287	0.31608	0.32822	0.01759	0.00806	0.00239	0.00359	0.04396	0.00631	0.00562
31	0.00927	0.00651	0.00756	0.00769	0.00873	0.00602	0.00513	0.01045	0.01314	0.03626	0.12961	0.18815	0.23110	0.29124	0.01726	0.00380	0.00457	0.01279	0.00554	0.00518
32	0.06073	0.01627	0.01813	0.01395	0.01912	0.01732	0.01152	0.49684	0.02688	0.22432	0.01821	0.01733	0.01237	0.00789	0.00649	0.00199	0.00671	0.00601	0.00689	0.01102
33	0.00890	0.00671	0.00821	0.00784	0.00958	0.00603	0.00588	0.01161	0.01764	0.02403	0.54342	0.05307	0.24427	0.01434	0.00777	0.00211	0.00317	0.01245	0.00694	0.00603
34	0.03880	0.00663	0.00750	0.00793	0.00945	0.00602	0.00572	0.01025	0.01434	0.01886	0.13470	0.27909	0.34904	0.04835	0.00894	0.00254	0.00374	0.03641	0.00609	0.00558
35	0.00916	0.00672	0.00858	0.00811	0.00974	0.00614	0.00608	0.01211	0.01825	0.02549	0.65473	0.05067	0.13206	0.01380	0.00777	0.00209	0.00313	0.01212	0.00713	0.00614
36	0.02954	0.01120	0.01528	0.01171	0.01681	0.00968	0.00968	0.03208	0.01884	0.73213	0.02597	0.02241	0.01630	0.00815	0.00662	0.00204	0.00560	0.00662	0.00815	0.01120
37	0.02361	0.01322	0.01522	0.01206	0.01644	0.01359	0.00983	0.29608	0.05990	0.27975	0.02109	0.02033	0.01459	0.00800	0.00621	0.00192	0.00573	0.00629	0.16599	0.01015
38	0.00802	0.00665	0.00686	0.00683	0.00884	0.00566	0.00502	0.00968	0.01489	0.01807	0.11272	0.06086	0.62560	0.06965	0.00960	0.00251	0.00353	0.01344	0.00605	0.00550
39	0.04774	0.01367	0.01687	0.01355	0.01725	0.01482	0.03477	0.06904	0.15277	0.02282	0.01407	0.01620	0.01149	0.00783	0.01012	0.00192	0.21621	0.00539	0.00435	0.30912
40	0.01447	0.01229	0.01459	0.01140	0.04640	0.00979	0.00862	0.05946	0.01478	0.02270	0.01198	0.01390	0.00987	0.00511	0.00505	0.00108	0.00515	0.00411	0.00404	0.72522
