[name]
unknown

[dist]
# distance from previous block
# <min> <max>
0	34

[block]
# block no. 0 follows, 33 sequences, length 14
# corresponding to MSA columns:
# 34-47
name=unknown_A
#
# <colnr> <probs for GDERKNQSTAVLIFYWHMCP>
#	G	D	E	R	K	N	Q	S	T	A	V	L	I	F	Y	W	H	M	C	P
0	0.03895	0.00944	0.01118	0.01117	0.01336	0.03138	0.00926	0.08496	0.01743	0.02359	0.19149	0.07879	0.06739	0.01487	0.00805	0.00251	0.00542	0.34235	0.00618	0.03223
1	0.02049	0.01560	0.03788	0.01332	0.01819	0.01563	0.01102	0.39996	0.07182	0.07533	0.01847	0.09522	0.01518	0.00873	0.00647	0.00189	0.00629	0.00702	0.00604	0.15546
2	0.00802	0.00573	0.00764	0.00917	0.00955	0.00535	0.00611	0.00917	0.01260	0.01681	0.03628	0.76434	0.04354	0.02062	0.00840	0.00267	0.00382	0.01872	0.00611	0.00535
3	0.01365	0.01170	0.01365	0.00975	0.01560	0.00878	0.00780	0.01658	0.01365	0.02145	0.01170	0.01365	0.00975	0.00488	0.00488	0.00098	0.00488	0.00390	0.00390	0.80888
4	0.05551	0.18395	0.11918	0.01510	0.02106	0.01827	0.09026	0.23783	0.01983	0.09367	0.03416	0.01585	0.01175	0.00687	0.00599	0.00185	0.00747	0.00549	0.00480	0.05109
5	0.01144	0.00572	0.00858	0.00858	0.00858	0.00572	0.00572	0.00858	0.00858	0.01144	0.01144	0.02001	0.01144	0.02287	0.02573	0.80846	0.00572	0.00572	0.00286	0.00286
6	0.01227	0.00614	0.00614	0.00614	0.00767	0.00614	0.00460	0.01534	0.01381	0.02454	0.02148	0.02454	0.01687	0.00767	0.00460	0.00153	0.00307	0.00614	0.80518	0.00614
7	0.01382	0.01195	0.01448	0.01168	0.06049	0.00921	0.00858	0.01681	0.01374	0.02146	0.01174	0.01382	0.00979	0.00494	0.00498	0.00104	0.00506	0.00402	0.00386	0.75854
8	0.01615	0.01315	0.03947	0.03416	0.04053	0.01073	0.06410	0.02075	0.07283	0.11530	0.01498	0.01623	0.01144	0.00582	0.00563	0.00142	0.00584	0.00500	0.00456	0.50190
9	0.00983	0.00762	0.01101	0.01080	0.01171	0.00904	0.00829	0.01181	0.01052	0.01514	0.01791	0.05832	0.01765	0.11806	0.57060	0.00909	0.08550	0.00769	0.00362	0.00579
10	0.02264	0.11371	0.02276	0.01650	0.05227	0.04351	0.05375	0.48845	0.06488	0.03451	0.01510	0.01564	0.01115	0.00741	0.00634	0.00192	0.00751	0.00576	0.00567	0.01052
11	0.08678	0.09644	0.01935	0.01569	0.09157	0.07464	0.01159	0.23125	0.08807	0.06741	0.01469	0.01542	0.01118	0.00682	0.00579	0.00176	0.00678	0.00518	0.00502	0.14455
12	0.01351	0.01257	0.01752	0.21205	0.07788	0.04495	0.06430	0.02044	0.18027	0.02101	0.09787	0.13285	0.02271	0.01008	0.00774	0.00225	0.04028	0.00887	0.00484	0.00800
13	0.01596	0.01530	0.02612	0.10211	0.66848	0.01555	0.02004	0.01991	0.01483	0.02110	0.01232	0.01640	0.01028	0.00593	0.00652	0.00198	0.00790	0.00586	0.00323	0.01016

[dist]
# distance from previous block
# <min> <max>
0	1

[block]
# block no. 1 follows, 33 sequences, length 62
# corresponding to MSA columns:
# 49-110
name=unknown_B
#
# <colnr> <probs for GDERKNQSTAVLIFYWHMCP>
#	G	D	E	R	K	N	Q	S	T	A	V	L	I	F	Y	W	H	M	C	P
0	0.01866	0.50444	0.05192	0.01274	0.01785	0.13078	0.01179	0.07132	0.06706	0.01857	0.01198	0.03464	0.01055	0.00668	0.00502	0.00161	0.00763	0.00459	0.00356	0.00862
1	0.07563	0.01319	0.01567	0.01240	0.03974	0.01199	0.03213	0.13911	0.04277	0.06913	0.03600	0.01607	0.01225	0.00617	0.00553	0.00145	0.00561	0.00497	0.00481	0.45538
2	0.01482	0.03723	0.08155	0.01510	0.10277	0.07552	0.01130	0.08301	0.09089	0.04997	0.22232	0.03296	0.13479	0.01035	0.00695	0.00204	0.00591	0.00868	0.00561	0.00823
3	0.01720	0.01552	0.01529	0.01370	0.01744	0.06983	0.01064	0.05150	0.64693	0.02706	0.02529	0.02341	0.01901	0.00875	0.00664	0.00219	0.00575	0.00717	0.00645	0.01024
4	0.65518	0.01535	0.01181	0.01039	0.01439	0.11736	0.03083	0.02028	0.01247	0.02723	0.00978	0.01147	0.00768	0.00623	0.00447	0.00198	0.00619	0.00387	0.02580	0.00723
5	0.01358	0.02895	0.57518	0.01808	0.02649	0.01418	0.07390	0.02032	0.01454	0.04968	0.06653	0.04080	0.01391	0.00727	0.00657	0.00211	0.00899	0.00612	0.00348	0.00932
6	0.01540	0.30230	0.43164	0.01662	0.04985	0.01907	0.01897	0.02074	0.01389	0.03977	0.01128	0.01302	0.00869	0.00607	0.00553	0.00183	0.00856	0.00446	0.00297	0.00933
7	0.00900	0.00659	0.00845	0.00826	0.00971	0.00604	0.00609	0.01171	0.01749	0.02433	0.57197	0.14909	0.11725	0.01473	0.00785	0.00217	0.00322	0.01302	0.00699	0.00604
8	0.00945	0.00689	0.00973	0.00973	0.01061	0.00777	0.00717	0.01121	0.01033	0.01465	0.01841	0.03017	0.01833	0.22937	0.56511	0.00953	0.01482	0.00768	0.00364	0.00541
9	0.01227	0.00614	0.00614	0.00614	0.00767	0.00614	0.00460	0.01534	0.01381	0.02454	0.02148	0.02454	0.01687	0.00767	0.00460	0.00153	0.00307	0.00614	0.80518	0.00614
10	0.00815	0.00691	0.00706	0.00698	0.00921	0.00594	0.00525	0.01043	0.03729	0.01862	0.10587	0.06126	0.66195	0.01623	0.00775	0.00221	0.00338	0.01357	0.00620	0.00575
11	0.01227	0.00614	0.00614	0.00614	0.00767	0.00614	0.00460	0.01534	0.01381	0.02454	0.02148	0.02454	0.01687	0.00767	0.00460	0.00153	0.00307	0.00614	0.80518	0.00614
12	0.01629	0.01564	0.02672	0.04041	0.72757	0.01564	0.02020	0.02020	0.01499	0.02151	0.01238	0.01629	0.01043	0.00587	0.00652	0.00196	0.00782	0.00587	0.00326	0.01043
13	0.01572	0.01505	0.02568	0.14690	0.62559	0.01549	0.01992	0.01970	0.01472	0.02081	0.01228	0.01648	0.01018	0.00597	0.00653	0.00199	0.00796	0.00586	0.00321	0.00996
14	0.01400	0.01214	0.01452	0.01068	0.01632	0.00983	0.02847	0.01871	0.09021	0.02210	0.01339	0.01496	0.01089	0.00534	0.00516	0.00115	0.00509	0.00440	0.00419	0.69844
15	0.01760	0.77260	0.03450	0.01126	0.01690	0.02605	0.01126	0.01971	0.01338	0.01549	0.00915	0.01056	0.00845	0.00563	0.00422	0.00141	0.00704	0.00352	0.00282	0.00845
16	0.09429	0.02076	0.14500	0.01471	0.01942	0.14438	0.01338	0.21495	0.07664	0.02622	0.01444	0.01652	0.01129	0.01383	0.12016	0.00333	0.03171	0.00551	0.00453	0.00892
17	0.81514	0.01273	0.00968	0.00866	0.01273	0.01477	0.00713	0.01935	0.01120	0.02954	0.00917	0.01069	0.00713	0.00611	0.00407	0.00204	0.00509	0.00356	0.00407	0.00713
18	0.01377	0.11381	0.63741	0.01859	0.04798	0.01647	0.02278	0.02071	0.01387	0.02029	0.01154	0.01361	0.00841	0.00618	0.00604	0.00201	0.00938	0.00475	0.00280	0.00961
19	0.00802	0.00573	0.00764	0.00917	0.00955	0.00535	0.00611	0.00917	0.01260	0.01681	0.03628	0.76434	0.04354	0.02062	0.00840	0.00267	0.00382	0.01872	0.00611	0.00535
20	0.01061	0.00758	0.01061	0.01212	0.01364	0.00758	0.01061	0.01364	0.01515	0.01970	0.03486	0.07426	0.03789	0.01819	0.00909	0.00303	0.00606	0.68326	0.00606	0.00606
21	0.01020	0.00692	0.00908	0.00843	0.01014	0.00636	0.00636	0.01328	0.01864	0.05723	0.69360	0.04801	0.06011	0.01323	0.00771	0.00207	0.00321	0.01167	0.00729	0.00643
22	0.70383	0.01250	0.01132	0.00988	0.01383	0.01416	0.05007	0.01868	0.01158	0.02804	0.01150	0.06896	0.01010	0.00719	0.00463	0.00210	0.00537	0.00499	0.00418	0.00710
23	0.01227	0.00614	0.00614	0.00614	0.00767	0.00614	0.00460	0.01534	0.01381	0.02454	0.02148	0.02454	0.01687	0.00767	0.00460	0.00153	0.00307	0.00614	0.80518	0.00614
24	0.01760	0.77260	0.03450	0.01126	0.01690	0.02605	0.01126	0.01971	0.01338	0.01549	0.00915	0.01056	0.00845	0.00563	0.00422	0.00141	0.00704	0.00352	0.00282	0.00845
25	0.81514	0.01273	0.00968	0.00866	0.01273	0.01477	0.00713	0.01935	0.01120	0.02954	0.00917	0.01069	0.00713	0.00611	0.00407	0.00204	0.00509	0.00356	0.00407	0.00713
26	0.01227	0.00614	0.00614	0.00614	0.00767	0.00614	0.00460	0.01534	0.01381	0.02454	0.02148	0.02454	0.01687	0.00767	0.00460	0.00153	0.00307	0.00614	0.80518	0.00614
27	0.06609	0.62896	0.08543	0.01164	0.01726	0.02359	0.01185	0.01936	0.01314	0.01676	0.00980	0.01163	0.00878	0.00800	0.04299	0.00198	0.00768	0.00381	0.00293	0.00833
28	0.01747	0.75076	0.05520	0.01149	0.01724	0.02573	0.01165	0.01975	0.01339	0.01565	0.00923	0.01066	0.00845	0.00565	0.00428	0.00143	0.00712	0.00356	0.00282	0.00849
29	0.01144	0.00572	0.00858	0.00858	0.00858	0.00572	0.00572	0.00858	0.00858	0.01144	0.01144	0.02001	0.01144	0.02287	0.02573	0.80846	0.00572	0.00572	0.00286	0.00286
30	0.00956	0.00642	0.00736	0.00736	0.00742	0.00648	0.00421	0.00969	0.00963	0.01290	0.02058	0.04218	0.02354	0.73102	0.07060	0.00660	0.00697	0.00944	0.00396	0.00409
31	0.01440	0.01440	0.02016	0.01728	0.01728	0.02016	0.01440	0.01584	0.01008	0.01584	0.00864	0.01440	0.00864	0.01152	0.02160	0.00288	0.75659	0.00576	0.00288	0.00720
32	0.00957	0.00638	0.00718	0.00718	0.00718	0.00638	0.00399	0.00957	0.00957	0.01276	0.02074	0.04308	0.02393	0.76864	0.03351	0.00638	0.00638	0.00957	0.00399	0.00399
33	0.02104	0.01721	0.04665	0.04819	0.20368	0.03743	0.01463	0.31087	0.11894	0.08917	0.01683	0.01757	0.01238	0.00740	0.00656	0.00202	0.00725	0.00609	0.00551	0.01060
34	0.01227	0.00614	0.00614	0.00614	0.00767	0.00614	0.00460	0.01534	0.01381	0.02454	0.02148	0.02454	0.01687	0.00767	0.00460	0.00153	0.00307	0.00614	0.80518	0.00614
35	0.00872	0.00631	0.00835	0.00945	0.01036	0.00594	0.00694	0.01059	0.01423	0.01898	0.14880	0.47011	0.08750	0.01875	0.00840	0.00262	0.00412	0.14791	0.00628	0.00564
36	0.01507	0.01453	0.02389	0.19294	0.43693	0.01631	0.01864	0.01860	0.01362	0.01936	0.01149	0.01620	0.00971	0.00714	0.00951	0.00219	0.15584	0.00584	0.00311	0.00910
37	0.00805	0.00666	0.00706	0.00712	0.00917	0.00568	0.00536	0.00989	0.01530	0.01873	0.13540	0.09279	0.60204	0.01655	0.00785	0.00225	0.00342	0.03482	0.00623	0.00563
38	0.01446	0.01187	0.01387	0.00996	0.01577	0.00912	0.00799	0.03595	0.01429	0.04422	0.01226	0.01398	0.01000	0.00506	0.00498	0.00104	0.00496	0.00404	0.00411	0.76207
39	0.04829	0.06219	0.38022	0.03350	0.06548	0.01461	0.01748	0.06228	0.07443	0.02256	0.05142	0.06422	0.05889	0.00837	0.00643	0.00209	0.00766	0.00682	0.00405	0.00900
40	0.01667	0.01591	0.06462	0.02723	0.32311	0.03330	0.13940	0.02234	0.09276	0.08938	0.06073	0.05253	0.01647	0.00753	0.00690	0.00208	0.00766	0.00729	0.00446	0.00962
41	0.00944	0.00692	0.00992	0.00992	0.01086	0.00787	0.00740	0.01133	0.01038	0.01479	0.01824	0.02922	0.01792	0.18968	0.60423	0.00976	0.01544	0.00755	0.00362	0.00551
42	0.01612	0.01623	0.02544	0.24082	0.34739	0.07648	0.11355	0.04735	0.01549	0.02045	0.01227	0.01647	0.00976	0.00619	0.00666	0.00204	0.00887	0.00599	0.00332	0.00911
43	0.01689	0.21117	0.18192	0.06974	0.12558	0.10003	0.01660	0.06364	0.01496	0.01941	0.01085	0.01363	0.00894	0.00696	0.00793	0.00196	0.11287	0.00486	0.00319	0.00885
44	0.00802	0.00573	0.00764	0.00917	0.00955	0.00535	0.00611	0.00917	0.01260	0.01681	0.03628	0.76434	0.04354	0.02062	0.00840	0.00267	0.00382	0.01872	0.00611	0.00535
45	0.00919	0.00672	0.00862	0.00815	0.00976	0.00616	0.00611	0.01217	0.01833	0.02567	0.66853	0.05037	0.11814	0.01373	0.00777	0.00208	0.00313	0.01207	0.00715	0.00616
46	0.01375	0.00961	0.03660	0.00941	0.01108	0.00915	0.00679	0.11129	0.01371	0.08424	0.01997	0.03494	0.02029	0.50888	0.07830	0.00550	0.00738	0.00842	0.00467	0.00603
47	0.05640	0.01725	0.01930	0.01594	0.05666	0.01889	0.01248	0.55791	0.02757	0.10604	0.01614	0.01623	0.01141	0.00785	0.00690	0.00201	0.02789	0.00589	0.00636	0.01088
48	0.00956	0.00644	0.00749	0.00749	0.00760	0.00655	0.00438	0.00978	0.00967	0.01300	0.02046	0.04149	0.02324	0.70217	0.09903	0.00677	0.00742	0.00934	0.00395	0.00416
49	0.00956	0.00719	0.01017	0.01007	0.01102	0.00824	0.00757	0.01143	0.01054	0.01494	0.01966	0.02994	0.04346	0.17758	0.55995	0.00923	0.04248	0.00771	0.00368	0.00557
50	0.01227	0.00614	0.00614	0.00614	0.00767	0.00614	0.00460	0.01534	0.01381	0.02454	0.02148	0.02454	0.01687	0.00767	0.00460	0.00153	0.00307	0.00614	0.80518	0.00614
51	0.01435	0.01215	0.01401	0.01019	0.01591	0.00971	0.00816	0.05176	0.04747	0.02274	0.01261	0.01427	0.01031	0.00522	0.00505	0.00108	0.00501	0.00417	0.00417	0.73168
52	0.00940	0.00705	0.01058	0.01058	0.01176	0.00823	0.00823	0.01176	0.01058	0.01528	0.01763	0.02586	0.01646	0.04937	0.74255	0.01058	0.01763	0.00705	0.00353	0.00588
53	0.01215	0.00615	0.00618	0.00618	0.00765	0.00615	0.00457	0.01507	0.01361	0.02399	0.02144	0.02541	0.01721	0.04339	0.00596	0.00176	0.00322	0.00630	0.76758	0.00604
54	0.01588	0.01793	0.06239	0.05295	0.03344	0.01646	0.60446	0.03768	0.03416	0.03636	0.01388	0.01784	0.01031	0.00581	0.00759	0.00220	0.01060	0.00752	0.00356	0.00900
55	0.02782	0.04461	0.01602	0.01172	0.01668	0.01078	0.00973	0.05311	0.03537	0.63564	0.05048	0.02270	0.01755	0.00824	0.00656	0.00201	0.00562	0.00667	0.00780	0.01088
56	0.81514	0.01273	0.00968	0.00866	0.01273	0.01477	0.00713	0.01935	0.01120	0.02954	0.00917	0.01069	0.00713	0.00611	0.00407	0.00204	0.00509	0.00356	0.00407	0.00713
57	0.00802	0.00668	0.00700	0.00692	0.00904	0.00566	0.00519	0.00991	0.01557	0.01913	0.16941	0.06114	0.62134	0.01617	0.00778	0.00220	0.00330	0.01358	0.00629	0.00566
58	0.01661	0.01415	0.01499	0.01344	0.01717	0.01630	0.01052	0.06583	0.66278	0.02796	0.02652	0.02562	0.02021	0.00916	0.00676	0.00224	0.00533	0.02739	0.00667	0.01033
59	0.66227	0.01290	0.01096	0.01080	0.05027	0.03816	0.00811	0.01882	0.01158	0.02717	0.01026	0.01263	0.00833	0.01068	0.08213	0.00292	0.00678	0.00408	0.00395	0.00719
60	0.01617	0.01442	0.01913	0.04263	0.19922	0.06365	0.05428	0.04018	0.01540	0.05876	0.02901	0.01765	0.01217	0.00620	0.00593	0.00156	0.00673	0.02500	0.00408	0.36781
61	0.20619	0.06269	0.01696	0.01408	0.05707	0.14474	0.01074	0.11571	0.01750	0.17917	0.03778	0.01602	0.01217	0.00732	0.00642	0.00192	0.04218	0.00519	0.00510	0.04105

[dist]
# distance from previous block
# <min> <max>
1	16

[block]
# block no. 2 follows, 33 sequences, length 23
# corresponding to MSA columns:
# 127-149
name=unknown_C
#
# <colnr> <probs for GDERKNQSTAVLIFYWHMCP>
#	G	D	E	R	K	N	Q	S	T	A	V	L	I	F	Y	W	H	M	C	P
0	0.31310	0.03445	0.04201	0.04032	0.06513	0.03304	0.01024	0.08165	0.01532	0.02590	0.11490	0.02632	0.06608	0.00926	0.00664	0.00214	0.03774	0.06336	0.00480	0.00758
1	0.01701	0.04776	0.19618	0.01955	0.15820	0.05061	0.03561	0.07932	0.05750	0.08112	0.04258	0.01738	0.01295	0.00673	0.00615	0.00183	0.00742	0.00561	0.02576	0.13071
2	0.01016	0.00813	0.04873	0.00990	0.01130	0.00694	0.00761	0.01204	0.01342	0.05992	0.07809	0.50976	0.06656	0.01851	0.03508	0.00278	0.03443	0.01503	0.04546	0.00613
3	0.01320	0.01146	0.01429	0.09957	0.01890	0.00973	0.00923	0.01614	0.01339	0.02040	0.01302	0.05815	0.01157	0.00627	0.00595	0.00130	0.03503	0.00508	0.00387	0.63346
4	0.01483	0.01383	0.02329	0.26531	0.46808	0.01476	0.01868	0.01884	0.01434	0.02019	0.01270	0.01718	0.01028	0.00620	0.00643	0.00201	0.00785	0.00588	0.05016	0.00918
5	0.01680	0.01435	0.01513	0.01348	0.01728	0.01657	0.01052	0.06818	0.68178	0.02823	0.02625	0.02413	0.01966	0.00888	0.00669	0.00222	0.00531	0.00737	0.00669	0.01046
6	0.00892	0.00714	0.01005	0.01056	0.03123	0.00656	0.04734	0.01086	0.01430	0.01879	0.13093	0.41286	0.20238	0.01736	0.00811	0.00246	0.00425	0.04400	0.00601	0.00589
7	0.01144	0.00572	0.00858	0.00858	0.00858	0.00572	0.00572	0.00858	0.00858	0.01144	0.01144	0.02001	0.01144	0.02287	0.02573	0.80846	0.00572	0.00572	0.00286	0.00286
8	0.01580	0.01514	0.02583	0.13127	0.64056	0.01551	0.01996	0.01977	0.01476	0.02091	0.01230	0.01645	0.01022	0.00596	0.00653	0.00199	0.00794	0.00586	0.00322	0.01003
9	0.01298	0.01226	0.02074	0.65170	0.14217	0.01477	0.01856	0.01730	0.01342	0.01749	0.01180	0.01737	0.00901	0.00648	0.00657	0.00216	0.00864	0.00585	0.00297	0.00776
10	0.01598	0.01532	0.02615	0.09853	0.67191	0.01556	0.02005	0.01993	0.01484	0.02113	0.01233	0.01640	0.01029	0.00592	0.00652	0.00197	0.00790	0.00586	0.00323	0.01017
11	0.01227	0.00614	0.00614	0.00614	0.00767	0.00614	0.00460	0.01534	0.01381	0.02454	0.02148	0.02454	0.01687	0.00767	0.00460	0.00153	0.00307	0.00614	0.80518	0.00614
12	0.01243	0.01170	0.01975	0.75282	0.04534	0.01463	0.01828	0.01682	0.01316	0.01682	0.01170	0.01755	0.00878	0.00658	0.00658	0.00219	0.00878	0.00585	0.00293	0.00731
13	0.00840	0.00614	0.00793	0.00883	0.00973	0.00567	0.00622	0.01013	0.01434	0.01920	0.19382	0.49525	0.12227	0.01847	0.00822	0.00251	0.00371	0.04720	0.00636	0.00560
14	0.01668	0.04057	0.16920	0.03200	0.02193	0.06136	0.09720	0.16102	0.01768	0.04205	0.01663	0.08683	0.03295	0.00835	0.00742	0.00199	0.05286	0.00690	0.00439	0.12199
15	0.15528	0.35462	0.08895	0.01265	0.01776	0.13473	0.01184	0.06474	0.04109	0.02064	0.01159	0.03842	0.01006	0.00675	0.00504	0.00173	0.00755	0.00460	0.00362	0.00835
16	0.01227	0.00614	0.00614	0.00614	0.00767	0.00614	0.00460	0.01534	0.01381	0.02454	0.02148	0.02454	0.01687	0.00767	0.00460	0.00153	0.00307	0.00614	0.80518	0.00614
17	0.00945	0.00686	0.00961	0.00961	0.01046	0.00770	0.00703	0.01114	0.01029	0.01457	0.01852	0.03075	0.01858	0.25358	0.54125	0.00939	0.01444	0.00777	0.00366	0.00534
18	0.01512	0.02015	0.21302	0.15295	0.29703	0.04239	0.01940	0.04905	0.03326	0.02096	0.01329	0.04297	0.01094	0.00703	0.00704	0.00209	0.03454	0.00604	0.00340	0.00934
19	0.01618	0.01540	0.12118	0.01167	0.01797	0.01061	0.01078	0.06412	0.01543	0.10546	0.01365	0.01485	0.01040	0.00566	0.00540	0.00133	0.00584	0.00449	0.00440	0.54520
20	0.01177	0.00621	0.00635	0.00632	0.00790	0.00610	0.00474	0.01474	0.01422	0.02422	0.07236	0.02883	0.06761	0.00867	0.00503	0.00162	0.00309	0.00705	0.69707	0.00610
21	0.03776	0.08694	0.07091	0.05778	0.09321	0.01323	0.10332	0.03941	0.03692	0.18244	0.02112	0.14199	0.01880	0.00980	0.00690	0.00218	0.00692	0.05641	0.00516	0.00879
22	0.01694	0.18712	0.23801	0.07687	0.04358	0.01798	0.07282	0.10906	0.03504	0.06058	0.01292	0.01484	0.00978	0.00658	0.00652	0.00192	0.03446	0.00520	0.00380	0.04598

[dist]
# distance from previous block
# <min> <max>
0	2

[block]
# block no. 3 follows, 33 sequences, length 24
# corresponding to MSA columns:
# 152-175
name=unknown_D
#
# <colnr> <probs for GDERKNQSTAVLIFYWHMCP>
#	G	D	E	R	K	N	Q	S	T	A	V	L	I	F	Y	W	H	M	C	P
0	0.04569	0.16725	0.06166	0.08575	0.11280	0.30863	0.01421	0.05916	0.01684	0.05356	0.01153	0.01350	0.00922	0.00650	0.00577	0.00178	0.00926	0.00468	0.00361	0.00858
1	0.02503	0.01844	0.01976	0.01515	0.02042	0.02042	0.01251	0.70562	0.03095	0.04149	0.01581	0.01581	0.01120	0.00790	0.00659	0.00198	0.00724	0.00593	0.00659	0.01120
2	0.01629	0.01564	0.02672	0.04041	0.72757	0.01564	0.02020	0.02020	0.01499	0.02151	0.01238	0.01629	0.01043	0.00587	0.00652	0.00196	0.00782	0.00587	0.00326	0.01043
3	0.00940	0.00705	0.01058	0.01058	0.01176	0.00823	0.00823	0.01176	0.01058	0.01528	0.01763	0.02586	0.01646	0.04937	0.74255	0.01058	0.01763	0.00705	0.00353	0.00588
4	0.01227	0.00614	0.00614	0.00614	0.00767	0.00614	0.00460	0.01534	0.01381	0.02454	0.02148	0.02454	0.01687	0.00767	0.00460	0.00153	0.00307	0.00614	0.80518	0.00614
5	0.07581	0.01695	0.01786	0.01390	0.01876	0.01875	0.01144	0.59797	0.02810	0.03917	0.01588	0.01626	0.01144	0.00776	0.00624	0.00194	0.00672	0.00579	0.07877	0.01047
6	0.03875	0.04531	0.37646	0.06699	0.16252	0.01566	0.04907	0.07743	0.01545	0.02262	0.01216	0.01471	0.00914	0.00620	0.00621	0.00197	0.00862	0.00519	0.00334	0.06222
7	0.01507	0.02966	0.57533	0.02005	0.06931	0.01489	0.07237	0.02186	0.01454	0.08654	0.01326	0.01511	0.00932	0.00635	0.00641	0.00208	0.00934	0.00530	0.00334	0.00984
8	0.01440	0.01440	0.02016	0.01728	0.01728	0.02016	0.01440	0.01584	0.01008	0.01584	0.00864	0.01440	0.00864	0.01152	0.02160	0.00288	0.75659	0.00576	0.00288	0.00720
9	0.71358	0.01253	0.01040	0.00905	0.01326	0.01411	0.00746	0.02100	0.01219	0.12036	0.01134	0.01221	0.00831	0.00637	0.00440	0.00204	0.00516	0.00396	0.00460	0.00766
10	0.01195	0.01730	0.23388	0.09949	0.12225	0.01171	0.05493	0.01637	0.01433	0.01996	0.07913	0.17349	0.04980	0.01088	0.00722	0.00227	0.00721	0.05561	0.00428	0.00794
11	0.04420	0.04280	0.28309	0.01813	0.05333	0.01353	0.14922	0.02076	0.04135	0.10975	0.01842	0.14221	0.01607	0.00883	0.00684	0.00218	0.00798	0.00803	0.00434	0.00894
12	0.00945	0.00686	0.00962	0.00962	0.01046	0.00771	0.00703	0.01114	0.01030	0.01457	0.01851	0.03072	0.01857	0.25243	0.54238	0.00940	0.01446	0.00776	0.00366	0.00534
13	0.00992	0.00717	0.00972	0.01077	0.01221	0.00696	0.00897	0.01268	0.01551	0.02051	0.16442	0.14347	0.08429	0.01748	0.00869	0.00277	0.00511	0.44708	0.00629	0.00598
14	0.01592	0.03900	0.05078	0.25527	0.18614	0.08622	0.17503	0.04227	0.04720	0.02013	0.01282	0.01671	0.00995	0.00632	0.00670	0.00207	0.00917	0.00611	0.00342	0.00877
15	0.14039	0.13409	0.09250	0.03912	0.04562	0.15296	0.08191	0.06629	0.07637	0.06895	0.01485	0.01607	0.02985	0.00691	0.00585	0.00192	0.00806	0.00536	0.00420	0.00874
16	0.01110	0.00699	0.00883	0.00902	0.01075	0.00630	0.00675	0.01305	0.01519	0.10768	0.15012	0.31368	0.21377	0.01671	0.00800	0.00242	0.00404	0.08274	0.00654	0.00634
17	0.01123	0.00718	0.00941	0.00936	0.01082	0.00682	0.00700	0.03902	0.01581	0.06685	0.28635	0.22577	0.07376	0.01654	0.01020	0.10359	0.00426	0.08373	0.00626	0.00604
18	0.02036	0.20143	0.10725	0.04427	0.05329	0.14496	0.03787	0.11662	0.04961	0.11911	0.01481	0.01683	0.01145	0.00713	0.00599	0.00187	0.00817	0.02522	0.00447	0.00929
19	0.01452	0.01431	0.02367	0.41222	0.29252	0.04173	0.06963	0.01872	0.01421	0.01882	0.01201	0.01690	0.00946	0.00625	0.00662	0.00209	0.00871	0.00594	0.00309	0.00858
20	0.03550	0.00693	0.00870	0.00905	0.01032	0.00670	0.00653	0.01287	0.04273	0.04630	0.25969	0.35927	0.04447	0.04480	0.00875	0.00252	0.00391	0.04447	0.04037	0.00611
21	0.13584	0.09117	0.12578	0.03992	0.17180	0.06195	0.08762	0.06317	0.07279	0.02302	0.01371	0.01723	0.01111	0.00796	0.02671	0.00225	0.00821	0.02691	0.00386	0.00900
22	0.04810	0.03888	0.01122	0.03669	0.01333	0.04054	0.00772	0.01673	0.13218	0.02133	0.12849	0.14566	0.20601	0.01276	0.00699	0.00212	0.00464	0.03052	0.03648	0.05961
23	0.12548	0.18893	0.02056	0.04094	0.07480	0.04495	0.03149	0.08514	0.03590	0.04105	0.01378	0.01834	0.01183	0.00697	0.00552	0.00172	0.00659	0.05657	0.00416	0.18528

[dist]
# distance from previous block
# <min> <max>
0	12

[block]
# block no. 4 follows, 33 sequences, length 9
# corresponding to MSA columns:
# 188-196
name=unknown_E
#
# <colnr> <probs for GDERKNQSTAVLIFYWHMCP>
#	G	D	E	R	K	N	Q	S	T	A	V	L	I	F	Y	W	H	M	C	P
0	0.01468	0.08767	0.24677	0.11731	0.11525	0.03066	0.03690	0.03465	0.03261	0.06229	0.01868	0.06568	0.06429	0.00960	0.03288	0.00237	0.00824	0.00686	0.00388	0.00873
1	0.10791	0.05081	0.09802	0.07994	0.09641	0.06073	0.06799	0.04534	0.01581	0.18413	0.04018	0.09204	0.01576	0.00833	0.00643	0.00207	0.00722	0.00708	0.00491	0.00888
2	0.00906	0.00676	0.00861	0.00956	0.03387	0.00641	0.00631	0.01119	0.03462	0.01915	0.20431	0.35712	0.12147	0.12663	0.01172	0.00298	0.00414	0.01440	0.00600	0.00571
3	0.00871	0.00637	0.00805	0.00831	0.00946	0.00585	0.00589	0.01079	0.01561	0.02129	0.36953	0.28992	0.13511	0.06290	0.00957	0.00256	0.00358	0.01429	0.00653	0.00570
4	0.04408	0.01411	0.02313	0.20905	0.36858	0.01527	0.06221	0.01986	0.06832	0.02061	0.01411	0.04874	0.01194	0.00717	0.00735	0.00213	0.04412	0.00656	0.00358	0.00907
5	0.01668	0.18389	0.07628	0.08458	0.12198	0.01813	0.27589	0.04549	0.04257	0.05266	0.01323	0.01612	0.01022	0.00607	0.00649	0.00198	0.00887	0.00610	0.00360	0.00916
6	0.00991	0.00714	0.00975	0.01105	0.01240	0.00698	0.00921	0.01254	0.01493	0.01955	0.08472	0.19605	0.07511	0.01822	0.00881	0.00286	0.00532	0.48337	0.00616	0.00592
7	0.01157	0.00759	0.00965	0.00944	0.01122	0.00735	0.00699	0.01530	0.08127	0.09558	0.27205	0.26867	0.09299	0.01748	0.05893	0.00288	0.00482	0.01289	0.00659	0.00678
8	0.03600	0.02030	0.12341	0.07232	0.12332	0.09347	0.15474	0.15104	0.03885	0.02401	0.01283	0.01571	0.00991	0.00708	0.00822	0.00213	0.08757	0.00593	0.00391	0.00924

[dist]
# distance from previous block
# <min> <max>
2	9

[block]
# block no. 5 follows, 33 sequences, length 16
# corresponding to MSA columns:
# 206-221
name=unknown_F
#
# <colnr> <probs for GDERKNQSTAVLIFYWHMCP>
#	G	D	E	R	K	N	Q	S	T	A	V	L	I	F	Y	W	H	M	C	P
0	0.04584	0.06142	0.15065	0.02351	0.21596	0.08251	0.10390	0.06730	0.01605	0.06917	0.01552	0.01773	0.04516	0.00711	0.00727	0.00203	0.04968	0.00601	0.00387	0.00931
1	0.00957	0.00638	0.00718	0.00718	0.00718	0.00638	0.00399	0.00957	0.00957	0.01276	0.02074	0.04308	0.02393	0.76864	0.03351	0.00638	0.00638	0.00957	0.00399	0.00399
2	0.01596	0.01919	0.13244	0.05727	0.33735	0.05702	0.15806	0.05530	0.01590	0.02164	0.01569	0.01876	0.05169	0.00668	0.00678	0.00204	0.00875	0.00648	0.00353	0.00948
3	0.02029	0.02028	0.06706	0.07031	0.12064	0.20254	0.01409	0.17735	0.09932	0.06983	0.01765	0.01955	0.03961	0.00785	0.00651	0.00199	0.00827	0.02262	0.00487	0.00937
4	0.00941	0.00645	0.00802	0.00862	0.00947	0.00615	0.00592	0.01058	0.01239	0.04086	0.03507	0.34019	0.14128	0.22241	0.06761	0.00417	0.00562	0.05505	0.00542	0.00530
5	0.81514	0.01273	0.00968	0.00866	0.01273	0.01477	0.00713	0.01935	0.01120	0.02954	0.00917	0.01069	0.00713	0.00611	0.00407	0.00204	0.00509	0.00356	0.00407	0.00713
6	0.05822	0.01823	0.10866	0.12519	0.05010	0.08319	0.19127	0.06514	0.08178	0.08337	0.01621	0.06065	0.01286	0.00750	0.00678	0.00213	0.00856	0.00692	0.00434	0.00888
7	0.08906	0.13776	0.09161	0.01578	0.08261	0.06669	0.01277	0.12641	0.01636	0.05923	0.01592	0.09968	0.02747	0.00887	0.00777	0.00203	0.09189	0.00665	0.00435	0.03707
8	0.22269	0.15628	0.09019	0.03739	0.05918	0.01637	0.01185	0.07887	0.01495	0.10482	0.01271	0.01414	0.00971	0.00663	0.00603	0.00185	0.04498	0.00466	0.02584	0.08087
9	0.00919	0.00632	0.00775	0.00824	0.00856	0.00626	0.00527	0.00993	0.01117	0.01500	0.05607	0.24244	0.03140	0.44986	0.06052	0.00520	0.00610	0.05125	0.00481	0.00468
10	0.01289	0.00924	0.01045	0.00862	0.01249	0.00759	0.00676	0.01575	0.04212	0.11113	0.04134	0.03981	0.36505	0.01129	0.00661	0.00178	0.00422	0.00933	0.00565	0.27788
11	0.01587	0.24561	0.12435	0.01592	0.09384	0.11801	0.01320	0.01989	0.05317	0.01878	0.05491	0.05940	0.01507	0.01032	0.05566	0.00235	0.00823	0.00591	0.00373	0.06579
12	0.04699	0.10152	0.10788	0.05698	0.10827	0.09808	0.03848	0.03850	0.01619	0.15421	0.07851	0.01862	0.01523	0.00710	0.00610	0.00184	0.00736	0.00578	0.00460	0.08777
13	0.01829	0.30193	0.13125	0.05787	0.06249	0.08625	0.01426	0.14486	0.04175	0.02223	0.01194	0.01352	0.00955	0.00638	0.00550	0.00172	0.00788	0.00465	0.00377	0.05390
14	0.01344	0.04275	0.03423	0.14874	0.01876	0.00981	0.00974	0.03999	0.01613	0.11565	0.18376	0.09978	0.17172	0.01151	0.00704	0.00208	0.00522	0.00983	0.00568	0.05413
15	0.01574	0.20298	0.06154	0.01254	0.03899	0.04069	0.03347	0.03634	0.03849	0.06927	0.12338	0.02123	0.04337	0.00743	0.00575	0.00160	0.00605	0.00599	0.00454	0.23062

[dist]
# distance from previous block
# <min> <max>
0	8

[block]
# block no. 6 follows, 33 sequences, length 21
# corresponding to MSA columns:
# 230-250
name=unknown_G
#
# <colnr> <probs for GDERKNQSTAVLIFYWHMCP>
#	G	D	E	R	K	N	Q	S	T	A	V	L	I	F	Y	W	H	M	C	P
0	0.00959	0.00767	0.01033	0.03982	0.03540	0.00759	0.02882	0.01296	0.08386	0.01855	0.06324	0.47849	0.12270	0.03793	0.00867	0.00260	0.00449	0.01521	0.00585	0.00623
1	0.01126	0.00768	0.01078	0.01031	0.01149	0.00863	0.00779	0.01313	0.01129	0.06922	0.04605	0.02926	0.01925	0.18683	0.47122	0.00828	0.05983	0.00764	0.00407	0.00600
2	0.04328	0.40490	0.07957	0.01551	0.07475	0.07452	0.04057	0.09937	0.03214	0.02066	0.01115	0.01274	0.00927	0.00609	0.00518	0.00163	0.00761	0.00441	0.00353	0.05313
3	0.03846	0.01925	0.15401	0.11097	0.22669	0.04403	0.11007	0.08907	0.04847	0.07439	0.01413	0.01665	0.01057	0.00653	0.00658	0.00206	0.00847	0.00595	0.00401	0.00966
4	0.00824	0.00638	0.00755	0.00820	0.00958	0.00569	0.00596	0.00996	0.01448	0.01847	0.12360	0.33426	0.34089	0.01796	0.00811	0.00244	0.00369	0.06274	0.00623	0.00558
5	0.00854	0.00659	0.00758	0.00755	0.00911	0.00592	0.00544	0.01042	0.01514	0.01967	0.25917	0.11318	0.35947	0.10805	0.03249	0.00296	0.00409	0.01296	0.00613	0.00556
6	0.16172	0.04727	0.15097	0.01380	0.01891	0.04675	0.06141	0.09405	0.08083	0.10144	0.09239	0.02138	0.01743	0.00797	0.00617	0.00204	0.00680	0.02558	0.03426	0.00881
7	0.06676	0.09925	0.08689	0.06186	0.06366	0.27965	0.06031	0.11197	0.01784	0.05042	0.01229	0.01471	0.00975	0.02897	0.00680	0.00199	0.00929	0.00509	0.00391	0.00861
8	0.07553	0.68931	0.03210	0.01129	0.01673	0.05263	0.01102	0.01994	0.01342	0.01653	0.00919	0.01062	0.00835	0.00571	0.00428	0.00146	0.00708	0.00355	0.00293	0.00832
9	0.05390	0.04652	0.05126	0.09650	0.11784	0.06789	0.12829	0.10842	0.06384	0.05960	0.08687	0.02109	0.01659	0.00756	0.00664	0.00203	0.00772	0.02135	0.00463	0.03146
10	0.04618	0.04343	0.01899	0.25601	0.06842	0.06435	0.05614	0.04622	0.12231	0.01994	0.01560	0.04529	0.01332	0.06465	0.04232	0.00285	0.05542	0.00669	0.00398	0.00790
11	0.00894	0.00669	0.00943	0.01170	0.06190	0.00643	0.00759	0.01056	0.01310	0.01764	0.05716	0.59671	0.04011	0.02040	0.04115	0.00298	0.00488	0.07097	0.00582	0.00583
12	0.04911	0.09273	0.05311	0.02383	0.24461	0.13785	0.11314	0.01990	0.01515	0.01980	0.01676	0.02192	0.05667	0.00772	0.00693	0.00201	0.03185	0.05172	0.02663	0.00855
13	0.01648	0.28202	0.31781	0.01622	0.04434	0.04740	0.03905	0.06053	0.04404	0.04028	0.01327	0.01467	0.02394	0.00650	0.00568	0.00184	0.00831	0.00491	0.00345	0.00927
14	0.00802	0.00573	0.00764	0.00917	0.00955	0.00535	0.00611	0.00917	0.01260	0.01681	0.03628	0.76434	0.04354	0.02062	0.00840	0.00267	0.00382	0.01872	0.00611	0.00535
15	0.01350	0.07475	0.24651	0.07688	0.04437	0.03952	0.14420	0.01876	0.04177	0.01974	0.04738	0.07365	0.08348	0.00872	0.00739	0.00214	0.03745	0.00765	0.00382	0.00831
16	0.02049	0.07775	0.08971	0.04631	0.06743	0.15992	0.04491	0.13254	0.05003	0.13706	0.06633	0.01843	0.01476	0.00768	0.00698	0.00197	0.03749	0.00599	0.00494	0.00927
17	0.01757	0.10462	0.18946	0.02169	0.11570	0.14073	0.17304	0.09149	0.01695	0.02162	0.01396	0.01628	0.03397	0.00659	0.00645	0.00195	0.00939	0.00582	0.00358	0.00914
18	0.01221	0.04226	0.03857	0.06791	0.05088	0.01099	0.14553	0.01515	0.01424	0.05027	0.05564	0.24718	0.10826	0.01304	0.00838	0.00238	0.04496	0.06007	0.00495	0.00712
19	0.01707	0.18748	0.05428	0.14959	0.10056	0.06462	0.10647	0.12699	0.01697	0.02182	0.03243	0.01712	0.03137	0.00704	0.00683	0.00195	0.03902	0.00584	0.00379	0.00875
20	0.01400	0.07312	0.41053	0.07180	0.05565	0.04774	0.08413	0.02038	0.04260	0.02041	0.04266	0.01943	0.03652	0.00724	0.00649	0.00208	0.00888	0.02393	0.00342	0.00898

[dist]
# distance from previous block
# <min> <max>
0	1

[block]
# block no. 7 follows, 33 sequences, length 37
# corresponding to MSA columns:
# 252-288
name=unknown_H
#
# <colnr> <probs for GDERKNQSTAVLIFYWHMCP>
#	G	D	E	R	K	N	Q	S	T	A	V	L	I	F	Y	W	H	M	C	P
0	0.03944	0.03784	0.09067	0.13284	0.09631	0.07775	0.13775	0.04038	0.06068	0.04522	0.07321	0.02264	0.06919	0.00803	0.00737	0.00211	0.03891	0.00705	0.00420	0.00842
1	0.09615	0.15336	0.25387	0.01555	0.02185	0.05854	0.06168	0.12180	0.07997	0.02399	0.01407	0.04589	0.01132	0.00720	0.00595	0.00197	0.00799	0.00563	0.00404	0.00917
2	0.09677	0.01522	0.06928	0.04429	0.13987	0.08083	0.09796	0.01886	0.01548	0.08080	0.11788	0.05321	0.10253	0.00919	0.00717	0.00210	0.02781	0.00795	0.00470	0.00811
3	0.01659	0.04112	0.02062	0.05794	0.18165	0.01604	0.07645	0.05607	0.35494	0.04742	0.02188	0.02220	0.04147	0.00791	0.00670	0.00212	0.00662	0.00704	0.00530	0.00993
4	0.00965	0.00790	0.01101	0.09466	0.08825	0.00785	0.00889	0.01169	0.01344	0.01742	0.03720	0.28915	0.21427	0.06841	0.04041	0.00303	0.00557	0.05985	0.00520	0.00613
5	0.04344	0.01266	0.03370	0.01128	0.03575	0.03300	0.00886	0.04504	0.01463	0.02218	0.03843	0.06924	0.01473	0.00701	0.00552	0.00136	0.00533	0.02806	0.00429	0.56549
6	0.11055	0.11517	0.09093	0.03927	0.15380	0.08141	0.03801	0.12076	0.06111	0.04191	0.03519	0.03374	0.03593	0.00743	0.00605	0.00195	0.00742	0.00596	0.00434	0.00907
7	0.00997	0.00723	0.00879	0.00940	0.03109	0.00685	0.00641	0.01279	0.06084	0.04283	0.15193	0.28449	0.20786	0.09254	0.01036	0.00274	0.00409	0.01359	0.03009	0.00610
8	0.01727	0.02141	0.16799	0.08520	0.32238	0.12420	0.06157	0.03910	0.03285	0.04696	0.01288	0.01575	0.01003	0.00633	0.00647	0.00199	0.00893	0.00561	0.00351	0.00958
9	0.04543	0.05179	0.14020	0.02229	0.19640	0.03349	0.09048	0.10654	0.08898	0.13538	0.01610	0.01726	0.01179	0.00683	0.00646	0.00202	0.00778	0.00598	0.00472	0.01009
10	0.01628	0.01878	0.13213	0.14043	0.24005	0.07479	0.12400	0.02164	0.05589	0.05911	0.01466	0.01919	0.01164	0.00687	0.00676	0.00210	0.00875	0.03395	0.00374	0.00923
11	0.00899	0.04021	0.06722	0.00942	0.01135	0.00723	0.00766	0.01101	0.01376	0.01794	0.08235	0.40773	0.21276	0.03281	0.00841	0.00251	0.00441	0.04256	0.00573	0.00594
12	0.04624	0.14543	0.31465	0.01559	0.03682	0.01575	0.03997	0.02246	0.05574	0.13684	0.01683	0.01761	0.04181	0.00717	0.00653	0.00197	0.03310	0.00555	0.00416	0.03576
13	0.04260	0.01439	0.08315	0.01502	0.04403	0.01306	0.08903	0.15047	0.08639	0.07860	0.09606	0.14691	0.06730	0.01080	0.00756	0.00221	0.02879	0.00938	0.00564	0.00861
14	0.00805	0.00587	0.00759	0.00888	0.00950	0.00541	0.00601	0.00934	0.01311	0.01732	0.06940	0.66332	0.11214	0.01992	0.00831	0.00260	0.00374	0.01794	0.00616	0.00541
15	0.04690	0.16500	0.17147	0.05387	0.04330	0.16419	0.10489	0.05949	0.06433	0.02083	0.03734	0.01557	0.01149	0.00668	0.00605	0.00190	0.00888	0.00538	0.00368	0.00876
16	0.01737	0.01712	0.07083	0.06617	0.25341	0.08091	0.08695	0.07581	0.08243	0.07374	0.07392	0.02109	0.03545	0.00751	0.00675	0.00203	0.00776	0.00676	0.00456	0.00942
17	0.00940	0.00705	0.01058	0.01058	0.01176	0.00823	0.00823	0.01176	0.01058	0.01528	0.01763	0.02586	0.01646	0.04937	0.74255	0.01058	0.01763	0.00705	0.00353	0.00588
18	0.01047	0.00811	0.01046	0.02885	0.02972	0.00762	0.03565	0.05917	0.01568	0.04163	0.09729	0.28610	0.31247	0.01590	0.00781	0.00233	0.00438	0.01392	0.00603	0.00640
19	0.08326	0.18193	0.07604	0.01638	0.04453	0.04681	0.15811	0.05772	0.05765	0.13110	0.04429	0.01760	0.01329	0.00685	0.00605	0.00192	0.00754	0.00590	0.03399	0.00906
20	0.01136	0.00575	0.00852	0.00852	0.00852	0.00575	0.00565	0.00862	0.00862	0.01149	0.01183	0.02098	0.01196	0.05417	0.02606	0.77480	0.00575	0.00588	0.00291	0.00291
21	0.00906	0.00640	0.00799	0.00840	0.00964	0.00581	0.00595	0.01088	0.01494	0.04136	0.24209	0.36435	0.18764	0.04316	0.00890	0.00251	0.00365	0.01506	0.00643	0.00577
22	0.05079	0.18884	0.15138	0.08378	0.12242	0.14704	0.06207	0.06310	0.03519	0.02038	0.01165	0.01399	0.00928	0.00631	0.00586	0.00186	0.00879	0.00496	0.00341	0.00890
23	0.01724	0.15666	0.23570	0.01757	0.07279	0.11075	0.06357	0.04181	0.08102	0.06748	0.03903	0.01791	0.03605	0.00714	0.00615	0.00193	0.00829	0.00574	0.00402	0.00917
24	0.00976	0.00681	0.00866	0.00825	0.00994	0.00619	0.00617	0.01250	0.01770	0.05053	0.55788	0.10216	0.15027	0.01423	0.00777	0.00213	0.00328	0.01248	0.00704	0.00624
25	0.02173	0.05791	0.01811	0.04261	0.01985	0.58602	0.01214	0.02361	0.01729	0.01609	0.01290	0.01522	0.03402	0.01140	0.08086	0.00262	0.01185	0.00489	0.00346	0.00740
26	0.03775	0.13168	0.15928	0.01638	0.08754	0.10093	0.01393	0.09277	0.06061	0.06759	0.03948	0.06712	0.05928	0.00859	0.00668	0.00199	0.02831	0.00674	0.00449	0.00887
27	0.01447	0.01403	0.07856	0.08629	0.29535	0.03238	0.01509	0.03671	0.01482	0.06230	0.02014	0.19254	0.01990	0.01189	0.03397	0.00253	0.00736	0.04875	0.00441	0.00850
28	0.00814	0.00597	0.00760	0.00884	0.00954	0.00551	0.00606	0.00941	0.01299	0.01695	0.04045	0.60224	0.14893	0.04454	0.00916	0.00274	0.00392	0.04561	0.00604	0.00537
29	0.01689	0.01533	0.01449	0.07199	0.01726	0.19160	0.03467	0.10021	0.03753	0.06383	0.01873	0.10485	0.01837	0.24807	0.01513	0.00341	0.00785	0.00818	0.00462	0.00700
30	0.12330	0.06889	0.09574	0.01756	0.11295	0.01575	0.05930	0.14987	0.01717	0.09919	0.01366	0.01539	0.01035	0.00791	0.02710	0.00214	0.04690	0.00530	0.00449	0.10703
31	0.04518	0.13657	0.10141	0.01605	0.02084	0.08706	0.14041	0.10451	0.04048	0.05736	0.03825	0.11811	0.01624	0.00886	0.00716	0.00207	0.03892	0.00753	0.00446	0.00854
32	0.18737	0.17209	0.08179	0.01568	0.10252	0.03990	0.03468	0.08598	0.04977	0.04163	0.03582	0.06500	0.01405	0.03917	0.00682	0.00212	0.00677	0.00609	0.00426	0.00848
33	0.13693	0.10498	0.11612	0.04445	0.01989	0.24446	0.01275	0.05271	0.06424	0.04745	0.03388	0.01508	0.01136	0.00803	0.02613	0.00208	0.00863	0.00489	0.00401	0.04194
34	0.01658	0.18821	0.17236	0.01567	0.02127	0.04852	0.11516	0.06711	0.05912	0.06649	0.06082	0.04316	0.01521	0.02915	0.00741	0.00207	0.02866	0.00636	0.00421	0.03247
35	0.01655	0.04509	0.18804	0.01544	0.02100	0.06014	0.08872	0.09736	0.10861	0.07352	0.03352	0.04235	0.08045	0.00840	0.00700	0.00202	0.02832	0.00698	0.00477	0.07171
36	0.09165	0.05817	0.12576	0.01493	0.06184	0.08379	0.03613	0.05089	0.04551	0.19746	0.06908	0.07951	0.03960	0.00882	0.00643	0.00204	0.00686	0.00722	0.00533	0.00896

[dist]
# distance from previous block
# <min> <max>
2	26

[block]
# block no. 8 follows, 33 sequences, length 19
# corresponding to MSA columns:
# 315-333
name=unknown_I
#
# <colnr> <probs for GDERKNQSTAVLIFYWHMCP>
#	G	D	E	R	K	N	Q	S	T	A	V	L	I	F	Y	W	H	M	C	P
0	0.05311	0.01756	0.02216	0.02778	0.38684	0.10382	0.01591	0.15318	0.05239	0.05146	0.01381	0.01595	0.01086	0.00657	0.00630	0.00191	0.00776	0.00561	0.00432	0.04271
1	0.08464	0.01578	0.01935	0.16831	0.15667	0.08732	0.03520	0.14204	0.05748	0.05058	0.01403	0.01658	0.01077	0.00703	0.00679	0.00200	0.03816	0.00565	0.04734	0.03427
2	0.03965	0.03606	0.01998	0.05133	0.18456	0.09206	0.03301	0.17603	0.09142	0.13557	0.01887	0.03786	0.03829	0.00786	0.00652	0.00201	0.00729	0.00653	0.00529	0.00982
3	0.06088	0.01465	0.02367	0.28233	0.34987	0.03464	0.07367	0.01976	0.03974	0.02039	0.01250	0.01671	0.00993	0.00624	0.00649	0.00207	0.00827	0.00590	0.00332	0.00896
4	0.03981	0.01577	0.01819	0.13643	0.13552	0.11088	0.01332	0.10569	0.10530	0.12224	0.03578	0.02024	0.04333	0.00785	0.00694	0.00202	0.03114	0.00631	0.00499	0.03827
5	0.01576	0.01414	0.01947	0.15739	0.28411	0.06901	0.01492	0.05363	0.03810	0.06029	0.06490	0.04653	0.08732	0.00864	0.00734	0.00209	0.03588	0.00742	0.00437	0.00869
6	0.01730	0.01415	0.02181	0.02107	0.17789	0.01385	0.13701	0.07592	0.09419	0.10515	0.06830	0.02002	0.01578	0.00718	0.00718	0.00191	0.03682	0.00656	0.00487	0.15305
7	0.01529	0.01387	0.02167	0.19324	0.37781	0.01444	0.01668	0.06821	0.04136	0.02246	0.06606	0.01905	0.01426	0.00676	0.00649	0.00194	0.00728	0.00619	0.00390	0.08304
8	0.01473	0.01406	0.02169	0.22719	0.39008	0.04101	0.01716	0.01951	0.06093	0.02067	0.06901	0.02118	0.03984	0.00725	0.00666	0.00205	0.00754	0.00665	0.00380	0.00899
9	0.05972	0.01620	0.01694	0.09023	0.06995	0.13204	0.01201	0.11755	0.16245	0.17990	0.01861	0.01895	0.01354	0.00909	0.03247	0.00232	0.00757	0.00604	0.02492	0.00951
10	0.00793	0.00661	0.00694	0.00717	0.00917	0.00562	0.00536	0.00960	0.01476	0.01777	0.06215	0.13652	0.62426	0.01715	0.00790	0.00231	0.00350	0.04361	0.00611	0.00556
11	0.01227	0.00614	0.00614	0.00614	0.00767	0.00614	0.00460	0.01534	0.01381	0.02454	0.02148	0.02454	0.01687	0.00767	0.00460	0.00153	0.00307	0.00614	0.80518	0.00614
12	0.81514	0.01273	0.00968	0.00866	0.01273	0.01477	0.00713	0.01935	0.01120	0.02954	0.00917	0.01069	0.00713	0.00611	0.00407	0.00204	0.00509	0.00356	0.00407	0.00713
13	0.00943	0.00695	0.01005	0.01005	0.01104	0.00794	0.00757	0.01142	0.01042	0.01489	0.01812	0.02854	0.01762	0.16137	0.63215	0.00993	0.01588	0.00745	0.00360	0.00558
14	0.01628	0.01323	0.01475	0.06283	0.03844	0.04093	0.01052	0.17070	0.20197	0.02628	0.02353	0.02456	0.08395	0.01131	0.04713	0.00253	0.06339	0.00712	0.13192	0.00864
15	0.01974	0.05374	0.02019	0.07611	0.05050	0.06278	0.07943	0.22767	0.04397	0.10882	0.05030	0.03934	0.01462	0.00758	0.00642	0.00187	0.00718	0.00638	0.00527	0.11808
16	0.01696	0.34065	0.13216	0.01374	0.01884	0.08098	0.01327	0.05043	0.13962	0.01967	0.01522	0.01623	0.03809	0.00742	0.00680	0.00186	0.07023	0.00517	0.00384	0.00882
17	0.01026	0.00732	0.00991	0.01066	0.04468	0.00779	0.00723	0.01151	0.01173	0.01669	0.05349	0.16978	0.06909	0.13471	0.17697	0.09784	0.05733	0.00989	0.08767	0.00548
18	0.01599	0.04311	0.21338	0.05158	0.09925	0.03250	0.12424	0.08877	0.07773	0.06178	0.05951	0.02193	0.06507	0.00777	0.00675	0.00208	0.00797	0.00689	0.00444	0.00926

[dist]
# distance from previous block
# <min> <max>
5	8

[block]
# block no. 9 follows, 33 sequences, length 8
# corresponding to MSA columns:
# 342-349
name=unknown_J
#
# <colnr> <probs for GDERKNQSTAVLIFYWHMCP>
#	G	D	E	R	K	N	Q	S	T	A	V	L	I	F	Y	W	H	M	C	P
0	0.01634	0.19427	0.40662	0.01830	0.06947	0.05601	0.05332	0.02171	0.01456	0.07333	0.01232	0.01404	0.00919	0.00623	0.00591	0.00191	0.00888	0.00487	0.00328	0.00945
1	0.01596	0.20515	0.41551	0.01670	0.05195	0.01742	0.01855	0.06453	0.01543	0.06539	0.04539	0.01549	0.01162	0.00665	0.00590	0.00191	0.00829	0.00509	0.00359	0.00948
2	0.00937	0.00635	0.00718	0.00729	0.00744	0.00626	0.00419	0.00954	0.01008	0.01332	0.02435	0.09479	0.06372	0.67495	0.03034	0.00589	0.00604	0.01045	0.00425	0.00417
3	0.04939	0.00860	0.01057	0.00988	0.01218	0.00849	0.00761	0.03835	0.08569	0.12128	0.30570	0.15610	0.06681	0.01448	0.03075	0.00251	0.00464	0.05293	0.00674	0.00732
4	0.02002	0.11651	0.08137	0.05010	0.05282	0.05987	0.04323	0.07676	0.07657	0.21623	0.01817	0.04029	0.01402	0.05600	0.00795	0.00220	0.00710	0.00630	0.00520	0.04926
