[name]
unknown

[dist]
# distance from previous block
# <min> <max>
0	4

[block]
# block no. 0 follows, 34 sequences, length 47
# corresponding to MSA columns:
# 4-50
name=unknown_A
#
# <colnr> <probs for GDERKNQSTAVLIFYWHMCP>
#	G	D	E	R	K	N	Q	S	T	A	V	L	I	F	Y	W	H	M	C	P
0	0.07278	0.01273	0.04007	0.01306	0.03698	0.01231	0.01086	0.20676	0.03884	0.02667	0.04042	0.03684	0.02151	0.01088	0.00693	0.00217	0.00608	0.25523	0.00545	0.14343
1	0.00786	0.00566	0.00746	0.00889	0.00934	0.00526	0.00595	0.00901	0.01247	0.01654	0.03690	0.73821	0.07239	0.02008	0.00822	0.00260	0.00373	0.01816	0.00600	0.00526
2	0.01449	0.01414	0.02455	0.29686	0.28100	0.01524	0.13904	0.02034	0.09069	0.02000	0.01360	0.01757	0.01060	0.00629	0.00665	0.00208	0.00831	0.00625	0.00346	0.00885
3	0.03785	0.06719	0.26817	0.01965	0.11555	0.15284	0.03646	0.13190	0.04031	0.02287	0.01219	0.01408	0.00934	0.00668	0.00665	0.00194	0.03836	0.00505	0.00368	0.00925
4	0.00937	0.00687	0.00889	0.00821	0.00996	0.00623	0.00618	0.01241	0.01803	0.02565	0.69089	0.04640	0.05822	0.01276	0.00747	0.00197	0.00314	0.01127	0.00694	0.04915
5	0.00880	0.00650	0.00822	0.00797	0.00949	0.00592	0.00591	0.01146	0.01721	0.02378	0.56621	0.11706	0.15882	0.01433	0.00768	0.00211	0.00315	0.01259	0.00684	0.00592
6	0.00923	0.00692	0.01038	0.01038	0.01154	0.00808	0.00808	0.01154	0.01038	0.01500	0.01731	0.02538	0.01615	0.04846	0.74732	0.01038	0.01731	0.00692	0.00346	0.00577
7	0.01204	0.00602	0.00602	0.00602	0.00753	0.00602	0.00452	0.01506	0.01355	0.02409	0.02108	0.02409	0.01656	0.00753	0.00452	0.00151	0.00301	0.00602	0.80879	0.00602
8	0.53426	0.11157	0.11002	0.01043	0.01545	0.01548	0.00999	0.02044	0.01234	0.09449	0.01093	0.01201	0.00819	0.00615	0.00454	0.00193	0.00589	0.00395	0.00406	0.00789
9	0.00894	0.00660	0.00835	0.00791	0.00953	0.00601	0.00593	0.01179	0.01780	0.02475	0.63773	0.05018	0.15317	0.01364	0.00762	0.00205	0.00308	0.01195	0.00696	0.00601
10	0.01204	0.00602	0.00602	0.00602	0.00753	0.00602	0.00452	0.01506	0.01355	0.02409	0.02108	0.02409	0.01656	0.00753	0.00452	0.00151	0.00301	0.00602	0.80879	0.00602
11	0.04966	0.07301	0.01910	0.01400	0.01883	0.01941	0.01157	0.49194	0.17553	0.03552	0.01710	0.01679	0.01251	0.00775	0.00623	0.00195	0.00660	0.00588	0.00613	0.01049
12	0.00900	0.00661	0.00948	0.00975	0.01063	0.00736	0.00722	0.01083	0.01063	0.01499	0.02099	0.16254	0.02183	0.12600	0.53134	0.00850	0.01358	0.00929	0.00397	0.00546
13	0.01340	0.01148	0.01340	0.00957	0.01531	0.00861	0.00766	0.01627	0.01340	0.02105	0.01148	0.01340	0.00957	0.00479	0.00479	0.00096	0.00479	0.00383	0.00383	0.81242
14	0.01389	0.01081	0.01272	0.00960	0.01462	0.00850	0.00759	0.01707	0.03824	0.07357	0.01812	0.06971	0.05832	0.00696	0.00539	0.00127	0.00468	0.00577	0.00452	0.61863
15	0.01408	0.22618	0.55649	0.01651	0.02501	0.01774	0.02055	0.02017	0.01351	0.01910	0.01092	0.01279	0.00821	0.00598	0.00562	0.00187	0.00886	0.00443	0.00274	0.00922
16	0.00923	0.00692	0.01038	0.01038	0.01154	0.00808	0.00808	0.01154	0.01038	0.01500	0.01731	0.02538	0.01615	0.04846	0.74732	0.01038	0.01731	0.00692	0.00346	0.00577
17	0.01204	0.00602	0.00602	0.00602	0.00753	0.00602	0.00452	0.01506	0.01355	0.02409	0.02108	0.02409	0.01656	0.00753	0.00452	0.00151	0.00301	0.00602	0.80879	0.00602
18	0.01296	0.03342	0.73944	0.01842	0.02797	0.01501	0.02387	0.02046	0.01364	0.02046	0.01160	0.01364	0.00818	0.00614	0.00614	0.00205	0.00955	0.00477	0.00273	0.00955
19	0.00940	0.00626	0.00705	0.00705	0.00705	0.00626	0.00392	0.00940	0.00940	0.01253	0.02036	0.04228	0.02349	0.77292	0.03289	0.00626	0.00626	0.00940	0.00392	0.00392
20	0.02126	0.01646	0.01753	0.01420	0.01878	0.01849	0.01148	0.44773	0.29910	0.03539	0.01971	0.01886	0.01439	0.00815	0.00651	0.00204	0.00633	0.00640	0.00651	0.01069
21	0.81856	0.01250	0.00950	0.00850	0.01250	0.01449	0.00700	0.01899	0.01100	0.02899	0.00900	0.01050	0.00700	0.00600	0.00400	0.00200	0.00500	0.00350	0.00400	0.00700
22	0.01599	0.01535	0.02623	0.03966	0.73262	0.01535	0.01983	0.01983	0.01471	0.02111	0.01215	0.01599	0.01023	0.00576	0.00640	0.00192	0.00768	0.00576	0.00320	0.01023
23	0.00816	0.00583	0.00740	0.00847	0.00895	0.00547	0.00558	0.00921	0.01227	0.01627	0.06230	0.56980	0.08827	0.14540	0.01229	0.00318	0.00411	0.01628	0.00569	0.00507
24	0.01573	0.01508	0.02575	0.08983	0.68452	0.01528	0.01970	0.01960	0.01459	0.02079	0.01211	0.01608	0.01012	0.00581	0.00640	0.00194	0.00774	0.00576	0.00318	0.01002
25	0.01220	0.01148	0.01938	0.75739	0.04450	0.01436	0.01794	0.01651	0.01292	0.01651	0.01148	0.01723	0.00861	0.00646	0.00646	0.00215	0.00861	0.00574	0.00287	0.00718
26	0.01204	0.00602	0.00602	0.00602	0.00753	0.00602	0.00452	0.01506	0.01355	0.02409	0.02108	0.02409	0.01656	0.00753	0.00452	0.00151	0.00301	0.00602	0.80879	0.00602
27	0.01599	0.01535	0.02623	0.03966	0.73262	0.01535	0.01983	0.01983	0.01471	0.02111	0.01215	0.01599	0.01023	0.00576	0.00640	0.00192	0.00768	0.00576	0.00320	0.01023
28	0.01234	0.00784	0.01076	0.01095	0.06493	0.00722	0.00757	0.01528	0.01778	0.12405	0.53922	0.06358	0.06837	0.01221	0.00739	0.00204	0.00376	0.01076	0.00688	0.00705
29	0.01122	0.00561	0.00842	0.00842	0.00842	0.00561	0.00561	0.00842	0.00842	0.01122	0.01122	0.01964	0.01122	0.02245	0.02525	0.81201	0.00561	0.00561	0.00281	0.00281
30	0.00796	0.00569	0.00758	0.00894	0.00939	0.00531	0.00600	0.00922	0.01278	0.01715	0.08356	0.71890	0.04400	0.01976	0.00820	0.00258	0.00370	0.01791	0.00607	0.00531
31	0.01641	0.01580	0.05029	0.13675	0.15993	0.01616	0.21167	0.13612	0.01671	0.04351	0.01378	0.04593	0.01118	0.00735	0.00840	0.00216	0.08824	0.00676	0.00391	0.00893
32	0.01373	0.16558	0.61401	0.01711	0.02594	0.01688	0.02159	0.02026	0.01355	0.01953	0.01113	0.01306	0.00820	0.00603	0.00578	0.00193	0.00908	0.00454	0.00273	0.00933
33	0.02367	0.02519	0.01830	0.01728	0.06797	0.51278	0.01251	0.04523	0.04339	0.12583	0.01315	0.01415	0.01010	0.00708	0.00657	0.00180	0.03756	0.00484	0.00421	0.00839
34	0.01457	0.11941	0.02173	0.01615	0.01691	0.02059	0.01371	0.01607	0.01034	0.01550	0.00855	0.01362	0.00846	0.01051	0.01885	0.00263	0.65700	0.00535	0.00282	0.00724
35	0.01624	0.01237	0.01701	0.09507	0.02079	0.01087	0.07788	0.05132	0.03553	0.12257	0.01423	0.01584	0.01075	0.00574	0.00562	0.00144	0.00602	0.00498	0.00446	0.47127
36	0.01721	0.46221	0.21382	0.01387	0.02042	0.02124	0.04169	0.06815	0.01482	0.05708	0.01115	0.01246	0.00892	0.00597	0.00508	0.00166	0.00768	0.00428	0.00331	0.00896
37	0.00864	0.00665	0.00868	0.06507	0.01233	0.00656	0.00698	0.01104	0.05071	0.01743	0.05575	0.56221	0.12793	0.01791	0.00793	0.00249	0.00411	0.01604	0.00582	0.00571
38	0.00927	0.00675	0.00953	0.00953	0.01038	0.00761	0.00701	0.01099	0.01013	0.01436	0.01809	0.02972	0.01804	0.23450	0.56386	0.00933	0.01447	0.00756	0.00358	0.00529
39	0.02051	0.05084	0.07390	0.01446	0.05606	0.03174	0.03043	0.07494	0.20073	0.26711	0.06384	0.02144	0.01745	0.00789	0.00639	0.00197	0.00613	0.00652	0.00614	0.04150
40	0.01574	0.01625	0.04536	0.03314	0.47312	0.03147	0.18197	0.04093	0.01538	0.02129	0.01526	0.01863	0.04849	0.00634	0.00674	0.00199	0.00832	0.00656	0.00346	0.00956
41	0.00908	0.00736	0.03055	0.01050	0.01163	0.00671	0.04945	0.01047	0.01200	0.01632	0.04803	0.48046	0.03261	0.02352	0.12872	0.09153	0.00671	0.01392	0.00502	0.00542
42	0.00923	0.00692	0.01038	0.01038	0.01154	0.00808	0.00808	0.01154	0.01038	0.01500	0.01731	0.02538	0.01615	0.04846	0.74732	0.01038	0.01731	0.00692	0.00346	0.00577
43	0.59336	0.11143	0.01383	0.00954	0.01392	0.01608	0.00811	0.08188	0.01336	0.05353	0.01024	0.01142	0.00792	0.00614	0.00435	0.00189	0.00545	0.00382	0.00420	0.02954
44	0.06367	0.35658	0.10436	0.01263	0.01813	0.09126	0.01211	0.05854	0.03238	0.17392	0.01368	0.01396	0.01028	0.00646	0.00521	0.00170	0.00723	0.00454	0.00429	0.00905
45	0.04273	0.25458	0.20451	0.01341	0.01925	0.03279	0.03844	0.05459	0.03730	0.11830	0.07827	0.01929	0.04556	0.00740	0.00577	0.00183	0.00703	0.00576	0.00436	0.00881
46	0.01658	0.30885	0.20704	0.01540	0.06957	0.05365	0.01460	0.04877	0.09126	0.04578	0.01438	0.01538	0.03099	0.00657	0.00545	0.00174	0.00744	0.00491	0.00369	0.03797

[dist]
# distance from previous block
# <min> <max>
0	9

[block]
# block no. 1 follows, 34 sequences, length 143
# corresponding to MSA columns:
# 60-202
name=unknown_B
#
# <colnr> <probs for GDERKNQSTAVLIFYWHMCP>
#	G	D	E	R	K	N	Q	S	T	A	V	L	I	F	Y	W	H	M	C	P
0	0.04398	0.19763	0.26730	0.01747	0.10003	0.09647	0.01625	0.05050	0.01542	0.11861	0.01287	0.01406	0.00960	0.00633	0.00567	0.00183	0.00816	0.00475	0.00377	0.00929
1	0.18075	0.12202	0.12966	0.01208	0.01741	0.05543	0.01150	0.04329	0.01571	0.28551	0.03521	0.01780	0.03257	0.00725	0.00564	0.00191	0.00650	0.00539	0.00527	0.00912
2	0.01265	0.06524	0.01158	0.00919	0.01151	0.00858	0.00715	0.01635	0.06686	0.11730	0.42792	0.12524	0.06998	0.01257	0.00721	0.00207	0.00390	0.01093	0.00669	0.00708
3	0.10968	0.01617	0.09561	0.01320	0.01833	0.01493	0.01171	0.20923	0.17921	0.23542	0.01969	0.01857	0.01366	0.00768	0.00619	0.00203	0.00623	0.00598	0.00625	0.01022
4	0.19661	0.01624	0.03591	0.01708	0.14296	0.12087	0.01173	0.10960	0.05405	0.15071	0.01640	0.07186	0.01323	0.00784	0.00595	0.00199	0.00683	0.00616	0.00503	0.00896
5	0.01628	0.01546	0.02512	0.08268	0.51661	0.04465	0.07845	0.02008	0.01482	0.04615	0.01253	0.01604	0.01017	0.00582	0.00637	0.00188	0.00789	0.00574	0.00341	0.06986
6	0.00945	0.00603	0.00806	0.00918	0.00990	0.00557	0.00626	0.01068	0.01283	0.07044	0.03485	0.71281	0.04073	0.01933	0.00812	0.00258	0.00388	0.01748	0.00615	0.00568
7	0.14030	0.01088	0.01373	0.01082	0.01541	0.00996	0.00889	0.02826	0.01741	0.58270	0.07581	0.02232	0.01808	0.00810	0.00622	0.00200	0.00524	0.00646	0.00736	0.01006
8	0.03776	0.11402	0.44975	0.01860	0.07482	0.01593	0.06604	0.04018	0.01463	0.09091	0.01283	0.01447	0.00926	0.00622	0.00601	0.00196	0.00861	0.00504	0.00345	0.00951
9	0.02456	0.01810	0.01939	0.01487	0.02004	0.02004	0.01228	0.71107	0.03038	0.04072	0.01551	0.01551	0.01099	0.00776	0.00646	0.00194	0.00711	0.00582	0.00646	0.01099
10	0.02456	0.01810	0.01939	0.01487	0.02004	0.02004	0.01228	0.71107	0.03038	0.04072	0.01551	0.01551	0.01099	0.00776	0.00646	0.00194	0.00711	0.00582	0.00646	0.01099
11	0.00764	0.00655	0.00655	0.00655	0.00873	0.00545	0.00491	0.00927	0.01473	0.01745	0.06546	0.06218	0.73000	0.01636	0.00764	0.00218	0.00327	0.01364	0.00600	0.00545
12	0.81856	0.01250	0.00950	0.00850	0.01250	0.01449	0.00700	0.01899	0.01100	0.02899	0.00900	0.01050	0.00700	0.00600	0.00400	0.00200	0.00500	0.00350	0.00400	0.00700
13	0.10193	0.10344	0.53371	0.01582	0.02375	0.01534	0.01940	0.01957	0.01365	0.02128	0.06477	0.01556	0.01202	0.00659	0.00581	0.00197	0.00830	0.00502	0.00320	0.00888
14	0.01747	0.02620	0.49754	0.01796	0.07157	0.01355	0.01974	0.02338	0.01502	0.21305	0.01537	0.01604	0.01042	0.00661	0.00625	0.00203	0.00834	0.00530	0.00418	0.00998
15	0.01220	0.01148	0.01938	0.75739	0.04450	0.01436	0.01794	0.01651	0.01292	0.01651	0.01148	0.01723	0.00861	0.00646	0.00646	0.00215	0.00861	0.00574	0.00287	0.00718
16	0.01296	0.03342	0.73944	0.01842	0.02797	0.01501	0.02387	0.02046	0.01364	0.02046	0.01160	0.01364	0.00818	0.00614	0.00614	0.00205	0.00955	0.00477	0.00273	0.00955
17	0.08498	0.03144	0.63987	0.01745	0.02621	0.05029	0.02183	0.02059	0.01363	0.02099	0.01129	0.01327	0.00809	0.00615	0.00593	0.00202	0.00925	0.00463	0.00287	0.00922
18	0.01566	0.01725	0.09844	0.03706	0.63586	0.01535	0.04573	0.01993	0.01462	0.02103	0.01213	0.01581	0.01001	0.00578	0.00642	0.00194	0.00798	0.00573	0.00315	0.01011
19	0.00787	0.00562	0.00750	0.00900	0.00937	0.00525	0.00600	0.00900	0.01237	0.01649	0.03561	0.76871	0.04274	0.02024	0.00825	0.00262	0.00375	0.01837	0.00600	0.00525
20	0.01296	0.03342	0.73944	0.01842	0.02797	0.01501	0.02387	0.02046	0.01364	0.02046	0.01160	0.01364	0.00818	0.00614	0.00614	0.00205	0.00955	0.00477	0.00273	0.00955
21	0.01599	0.01535	0.02623	0.03966	0.73262	0.01535	0.01983	0.01983	0.01471	0.02111	0.01215	0.01599	0.01023	0.00576	0.00640	0.00192	0.00768	0.00576	0.00320	0.01023
22	0.01832	0.57102	0.03064	0.01530	0.11538	0.02282	0.01227	0.07190	0.01495	0.05960	0.01086	0.01220	0.00921	0.00587	0.00476	0.00153	0.00695	0.00412	0.00340	0.00892
23	0.00787	0.00562	0.00750	0.00900	0.00937	0.00525	0.00600	0.00900	0.01237	0.01649	0.03561	0.76871	0.04274	0.02024	0.00825	0.00262	0.00375	0.01837	0.00600	0.00525
24	0.01157	0.01189	0.06027	0.02052	0.19010	0.01042	0.14788	0.01457	0.01357	0.01866	0.02415	0.39620	0.02644	0.01303	0.00756	0.00233	0.00643	0.01243	0.00460	0.00738
25	0.01508	0.01442	0.02457	0.21283	0.56659	0.01511	0.01937	0.01903	0.01428	0.02000	0.01199	0.01629	0.00984	0.00593	0.00641	0.00198	0.00790	0.00575	0.00312	0.00950
26	0.00801	0.00585	0.00758	0.00891	0.00956	0.00542	0.00617	0.00932	0.01281	0.01679	0.03894	0.64151	0.12125	0.01964	0.00822	0.00260	0.00384	0.06227	0.00599	0.00532
27	0.01476	0.02086	0.18847	0.02534	0.03252	0.01605	0.56224	0.02065	0.01491	0.02065	0.01276	0.01662	0.00946	0.00559	0.00731	0.00215	0.01061	0.00701	0.00315	0.00889
28	0.02013	0.01313	0.01666	0.10259	0.10195	0.03398	0.01195	0.09385	0.19521	0.24912	0.02187	0.07625	0.01671	0.00861	0.00661	0.00209	0.00622	0.00728	0.00606	0.00974
29	0.01562	0.01497	0.02555	0.11096	0.66426	0.01525	0.01964	0.01950	0.01453	0.02065	0.01209	0.01611	0.01007	0.00583	0.00640	0.00194	0.00777	0.00576	0.00317	0.00993
30	0.01450	0.02270	0.26913	0.02433	0.03186	0.01590	0.48343	0.02062	0.01472	0.02062	0.01259	0.01618	0.00927	0.00567	0.00714	0.00214	0.01045	0.00669	0.00309	0.00899
31	0.01328	0.05306	0.65810	0.01898	0.02815	0.01542	0.08348	0.02045	0.01377	0.02033	0.01165	0.01388	0.00833	0.00606	0.00621	0.00204	0.00959	0.00499	0.00278	0.00944
32	0.02440	0.02656	0.01842	0.01656	0.03985	0.54369	0.01240	0.13740	0.02018	0.08313	0.01230	0.01331	0.00948	0.00693	0.00600	0.00175	0.01026	0.00468	0.00424	0.00844
33	0.01337	0.01268	0.02150	0.53528	0.25745	0.01466	0.01853	0.01754	0.01347	0.01793	0.01169	0.01684	0.00912	0.00624	0.00644	0.00208	0.00832	0.00575	0.00297	0.00812
34	0.01315	0.05513	0.69923	0.01844	0.02779	0.01536	0.04225	0.02044	0.01367	0.02031	0.01156	0.01365	0.00823	0.00610	0.00612	0.00203	0.00951	0.00481	0.00274	0.00949
35	0.01505	0.01907	0.11605	0.02717	0.08543	0.01612	0.58054	0.02061	0.01503	0.02070	0.01284	0.01690	0.00965	0.00555	0.00737	0.00214	0.01050	0.00717	0.00320	0.00892
36	0.01220	0.01148	0.01938	0.75739	0.04450	0.01436	0.01794	0.01651	0.01292	0.01651	0.01148	0.01723	0.00861	0.00646	0.00646	0.00215	0.00861	0.00574	0.00287	0.00718
37	0.01296	0.03342	0.73944	0.01842	0.02797	0.01501	0.02387	0.02046	0.01364	0.02046	0.01160	0.01364	0.00818	0.00614	0.00614	0.00205	0.00955	0.00477	0.00273	0.00955
38	0.00787	0.00562	0.00750	0.00900	0.00937	0.00525	0.00600	0.00900	0.01237	0.01649	0.03561	0.76871	0.04274	0.02024	0.00825	0.00262	0.00375	0.01837	0.00600	0.00525
39	0.02654	0.01326	0.07134	0.01345	0.01893	0.01053	0.07441	0.02968	0.01783	0.61809	0.02332	0.02095	0.01485	0.00763	0.00657	0.00202	0.00629	0.00647	0.00717	0.01068
40	0.01556	0.01484	0.02526	0.08709	0.66340	0.01503	0.01940	0.01940	0.01460	0.02074	0.01281	0.01789	0.01098	0.00619	0.00648	0.00197	0.00768	0.02751	0.00326	0.00989
41	0.01599	0.01535	0.02623	0.03966	0.73262	0.01535	0.01983	0.01983	0.01471	0.02111	0.01215	0.01599	0.01023	0.00576	0.00640	0.00192	0.00768	0.00576	0.00320	0.01023
42	0.00787	0.00562	0.00750	0.00900	0.00937	0.00525	0.00600	0.00900	0.01237	0.01649	0.03561	0.76871	0.04274	0.02024	0.00825	0.00262	0.00375	0.01837	0.00600	0.00525
43	0.02483	0.01767	0.01913	0.01466	0.01982	0.01940	0.01211	0.67016	0.02966	0.08264	0.01611	0.01590	0.01129	0.00777	0.00647	0.00194	0.00701	0.00586	0.00656	0.01099
44	0.02456	0.01810	0.01939	0.01487	0.02004	0.02004	0.01228	0.71107	0.03038	0.04072	0.01551	0.01551	0.01099	0.00776	0.00646	0.00194	0.00711	0.00582	0.00646	0.01099
45	0.01585	0.01521	0.02597	0.06620	0.70717	0.01532	0.01976	0.01971	0.01465	0.02094	0.01213	0.01604	0.01017	0.00578	0.00640	0.00193	0.00771	0.00576	0.00319	0.01012
46	0.00893	0.00660	0.00834	0.00791	0.00952	0.00601	0.00593	0.01178	0.01779	0.02472	0.63554	0.05023	0.15538	0.01365	0.00762	0.00205	0.00308	0.01196	0.00696	0.00601
47	0.00819	0.00657	0.00731	0.00712	0.00907	0.00569	0.00534	0.01034	0.01603	0.02055	0.30804	0.05710	0.48548	0.01521	0.00763	0.00213	0.00319	0.01292	0.00641	0.00569
48	0.00768	0.00655	0.00660	0.00659	0.00875	0.00547	0.00494	0.00936	0.01483	0.01769	0.08414	0.06179	0.71116	0.01628	0.00764	0.00218	0.00327	0.01358	0.00603	0.00547
49	0.01508	0.01443	0.02459	0.21165	0.56773	0.01511	0.01938	0.01903	0.01428	0.02001	0.01199	0.01629	0.00985	0.00593	0.00641	0.00198	0.00790	0.00575	0.00312	0.00950
50	0.01220	0.01148	0.01938	0.75739	0.04450	0.01436	0.01794	0.01651	0.01292	0.01651	0.01148	0.01723	0.00861	0.00646	0.00646	0.00215	0.00861	0.00574	0.00287	0.00718
51	0.01296	0.03342	0.73944	0.01842	0.02797	0.01501	0.02387	0.02046	0.01364	0.02046	0.01160	0.01364	0.00818	0.00614	0.00614	0.00205	0.00955	0.00477	0.00273	0.00955
52	0.02866	0.01153	0.01532	0.01175	0.01676	0.01029	0.00971	0.08236	0.01938	0.68496	0.02474	0.02151	0.01562	0.00798	0.00650	0.00199	0.00562	0.00645	0.00788	0.01100
53	0.01220	0.01148	0.01938	0.75739	0.04450	0.01436	0.01794	0.01651	0.01292	0.01651	0.01148	0.01723	0.00861	0.00646	0.00646	0.00215	0.00861	0.00574	0.00287	0.00718
54	0.01607	0.01388	0.01461	0.01315	0.01680	0.01607	0.01023	0.03433	0.72094	0.02703	0.02630	0.02411	0.01972	0.00877	0.00657	0.00219	0.00511	0.00731	0.00657	0.01023
55	0.01599	0.01535	0.02623	0.03966	0.73262	0.01535	0.01983	0.01983	0.01471	0.02111	0.01215	0.01599	0.01023	0.00576	0.00640	0.00192	0.00768	0.00576	0.00320	0.01023
56	0.01287	0.01217	0.02060	0.62998	0.16666	0.01453	0.01828	0.01710	0.01324	0.01733	0.01160	0.01701	0.00890	0.00634	0.00645	0.00211	0.00845	0.00574	0.00293	0.00772
57	0.01599	0.01535	0.02623	0.03966	0.73262	0.01535	0.01983	0.01983	0.01471	0.02111	0.01215	0.01599	0.01023	0.00576	0.00640	0.00192	0.00768	0.00576	0.00320	0.01023
58	0.01400	0.00922	0.01011	0.00897	0.01082	0.00980	0.00653	0.18791	0.01601	0.02330	0.01911	0.02873	0.01768	0.29270	0.07403	0.00407	0.00637	0.00728	0.24687	0.00648
59	0.00865	0.00683	0.00798	0.00853	0.01040	0.00616	0.00689	0.01078	0.01481	0.01833	0.07311	0.08799	0.44748	0.01691	0.00810	0.00247	0.00421	0.24871	0.00602	0.00564
60	0.00869	0.00651	0.00806	0.00783	0.00941	0.00588	0.00581	0.01126	0.01699	0.02318	0.51871	0.10857	0.21634	0.01451	0.00767	0.00211	0.00316	0.01267	0.00676	0.00588
61	0.02677	0.01051	0.01428	0.01112	0.01573	0.00912	0.00912	0.02933	0.01847	0.65755	0.10420	0.02493	0.02102	0.00858	0.00662	0.00200	0.00522	0.00708	0.00790	0.01045
62	0.00779	0.00655	0.00676	0.00671	0.00882	0.00552	0.00503	0.00957	0.01509	0.01833	0.13387	0.06075	0.66103	0.01604	0.00763	0.00217	0.00325	0.01344	0.00611	0.00552
63	0.02473	0.01737	0.01950	0.01489	0.02009	0.01888	0.03244	0.62305	0.02875	0.10958	0.01644	0.01622	0.01145	0.00771	0.00650	0.00195	0.00706	0.00594	0.00652	0.01092
64	0.81856	0.01250	0.00950	0.00850	0.01250	0.01449	0.00700	0.01899	0.01100	0.02899	0.00900	0.01050	0.00700	0.00600	0.00400	0.00200	0.00500	0.00350	0.00400	0.00700
65	0.00787	0.00562	0.00750	0.00900	0.00937	0.00525	0.00600	0.00900	0.01237	0.01649	0.03561	0.76871	0.04274	0.02024	0.00825	0.00262	0.00375	0.01837	0.00600	0.00525
66	0.01296	0.03342	0.73944	0.01842	0.02797	0.01501	0.02387	0.02046	0.01364	0.02046	0.01160	0.01364	0.00818	0.00614	0.00614	0.00205	0.00955	0.00477	0.00273	0.00955
67	0.00899	0.00660	0.00843	0.00797	0.00956	0.00603	0.00598	0.01190	0.01793	0.02507	0.66302	0.04965	0.12768	0.01352	0.00762	0.00205	0.00307	0.01188	0.00700	0.00603
68	0.00928	0.00622	0.00708	0.00719	0.00722	0.00619	0.00407	0.00937	0.00962	0.01283	0.02150	0.09666	0.02493	0.71658	0.03104	0.00599	0.00608	0.01007	0.00407	0.00401
69	0.01388	0.17703	0.57751	0.01730	0.02597	0.01710	0.04590	0.02025	0.01360	0.01945	0.01114	0.01314	0.00826	0.00600	0.00581	0.00192	0.00909	0.00462	0.00275	0.00928
70	0.00782	0.00655	0.00680	0.00674	0.00884	0.00553	0.00505	0.00962	0.01516	0.01847	0.14522	0.06051	0.64959	0.01598	0.00763	0.00216	0.00325	0.01340	0.00613	0.00553
71	0.01727	0.77681	0.03386	0.01106	0.01658	0.02557	0.01106	0.01935	0.01313	0.01520	0.00898	0.01036	0.00829	0.00553	0.00415	0.00138	0.00691	0.00345	0.00276	0.00829
72	0.01041	0.00744	0.01041	0.01190	0.01339	0.00744	0.01041	0.01339	0.01487	0.01934	0.03421	0.07288	0.03719	0.01785	0.00892	0.00297	0.00595	0.68913	0.00595	0.00595
73	0.01599	0.01535	0.02623	0.03966	0.73262	0.01535	0.01983	0.01983	0.01471	0.02111	0.01215	0.01599	0.01023	0.00576	0.00640	0.00192	0.00768	0.00576	0.00320	0.01023
74	0.01599	0.01535	0.02623	0.03966	0.73262	0.01535	0.01983	0.01983	0.01471	0.02111	0.01215	0.01599	0.01023	0.00576	0.00640	0.00192	0.00768	0.00576	0.00320	0.01023
75	0.00787	0.00562	0.00750	0.00900	0.00937	0.00525	0.00600	0.00900	0.01237	0.01649	0.03561	0.76871	0.04274	0.02024	0.00825	0.00262	0.00375	0.01837	0.00600	0.00525
76	0.02860	0.01162	0.01538	0.01179	0.01680	0.01042	0.00974	0.09096	0.01953	0.67615	0.02462	0.02143	0.01556	0.00798	0.00649	0.00199	0.00564	0.00644	0.00786	0.01100
77	0.01599	0.01535	0.02623	0.03966	0.73262	0.01535	0.01983	0.01983	0.01471	0.02111	0.01215	0.01599	0.01023	0.00576	0.00640	0.00192	0.00768	0.00576	0.00320	0.01023
78	0.01607	0.01388	0.01461	0.01315	0.01680	0.01607	0.01023	0.03433	0.72094	0.02703	0.02630	0.02411	0.01972	0.00877	0.00657	0.00219	0.00511	0.00731	0.00657	0.01023
79	0.00940	0.00626	0.00705	0.00705	0.00705	0.00626	0.00392	0.00940	0.00940	0.01253	0.02036	0.04228	0.02349	0.77292	0.03289	0.00626	0.00626	0.00940	0.00392	0.00392
80	0.02899	0.01100	0.01499	0.01150	0.01649	0.00950	0.00950	0.03149	0.01849	0.73709	0.02549	0.02199	0.01599	0.00800	0.00650	0.00200	0.00550	0.00650	0.00800	0.01100
81	0.02456	0.01810	0.01939	0.01487	0.02004	0.02004	0.01228	0.71107	0.03038	0.04072	0.01551	0.01551	0.01099	0.00776	0.00646	0.00194	0.00711	0.00582	0.00646	0.01099
82	0.01565	0.01500	0.02561	0.10419	0.67075	0.01526	0.01966	0.01953	0.01455	0.02070	0.01209	0.01610	0.01009	0.00582	0.00640	0.00194	0.00776	0.00576	0.00317	0.00996
83	0.00940	0.00626	0.00705	0.00705	0.00705	0.00626	0.00392	0.00940	0.00940	0.01253	0.02036	0.04228	0.02349	0.77292	0.03289	0.00626	0.00626	0.00940	0.00392	0.00392
84	0.02899	0.01100	0.01499	0.01150	0.01649	0.00950	0.00950	0.03149	0.01849	0.73709	0.02549	0.02199	0.01599	0.00800	0.00650	0.00200	0.00550	0.00650	0.00800	0.01100
85	0.01607	0.01388	0.01461	0.01315	0.01680	0.01607	0.01023	0.03433	0.72094	0.02703	0.02630	0.02411	0.01972	0.00877	0.00657	0.00219	0.00511	0.00731	0.00657	0.01023
86	0.81856	0.01250	0.00950	0.00850	0.01250	0.01449	0.00700	0.01899	0.01100	0.02899	0.00900	0.01050	0.00700	0.00600	0.00400	0.00200	0.00500	0.00350	0.00400	0.00700
87	0.01204	0.00602	0.00602	0.00602	0.00753	0.00602	0.00452	0.01506	0.01355	0.02409	0.02108	0.02409	0.01656	0.00753	0.00452	0.00151	0.00301	0.00602	0.80879	0.00602
88	0.02489	0.01757	0.01906	0.01461	0.01977	0.01925	0.01207	0.66020	0.02949	0.09285	0.01626	0.01600	0.01136	0.00777	0.00647	0.00194	0.00699	0.00587	0.00658	0.01099
89	0.00901	0.00660	0.00845	0.00799	0.00957	0.00604	0.00599	0.01194	0.01798	0.02517	0.67112	0.04948	0.11952	0.01349	0.00762	0.00205	0.00307	0.01186	0.00702	0.00604
90	0.02484	0.01764	0.01911	0.01465	0.01981	0.01936	0.01210	0.66767	0.02962	0.08519	0.01615	0.01593	0.01131	0.00777	0.00647	0.00194	0.00701	0.00586	0.00656	0.01099
91	0.01599	0.01535	0.02623	0.03966	0.73262	0.01535	0.01983	0.01983	0.01471	0.02111	0.01215	0.01599	0.01023	0.00576	0.00640	0.00192	0.00768	0.00576	0.00320	0.01023
92	0.02414	0.03079	0.01831	0.01665	0.01998	0.74698	0.01248	0.02580	0.01831	0.01581	0.00999	0.01165	0.00832	0.00666	0.00583	0.00166	0.01165	0.00416	0.00333	0.00749
93	0.02312	0.00971	0.01306	0.01045	0.01446	0.00848	0.00846	0.02574	0.01831	0.52846	0.20872	0.03017	0.05228	0.00963	0.00683	0.00201	0.00479	0.00808	0.00770	0.00954
94	0.01296	0.03342	0.73944	0.01842	0.02797	0.01501	0.02387	0.02046	0.01364	0.02046	0.01160	0.01364	0.00818	0.00614	0.00614	0.00205	0.00955	0.00477	0.00273	0.00955
95	0.01599	0.01535	0.02623	0.03966	0.73262	0.01535	0.01983	0.01983	0.01471	0.02111	0.01215	0.01599	0.01023	0.00576	0.00640	0.00192	0.00768	0.00576	0.00320	0.01023
96	0.01599	0.01535	0.02623	0.03966	0.73262	0.01535	0.01983	0.01983	0.01471	0.02111	0.01215	0.01599	0.01023	0.00576	0.00640	0.00192	0.00768	0.00576	0.00320	0.01023
97	0.01383	0.18339	0.59710	0.01693	0.02567	0.01714	0.02129	0.02024	0.01354	0.01940	0.01107	0.01298	0.00821	0.00602	0.00574	0.00191	0.00902	0.00451	0.00274	0.00930
98	0.01328	0.08907	0.68663	0.01787	0.02711	0.01580	0.02291	0.02038	0.01360	0.02007	0.01140	0.01340	0.00819	0.00609	0.00599	0.00200	0.00935	0.00468	0.00273	0.00946
99	0.00838	0.00657	0.00758	0.00733	0.00918	0.00577	0.00550	0.01071	0.01649	0.02163	0.39292	0.05532	0.39992	0.01481	0.00763	0.00211	0.00316	0.01267	0.00655	0.00577
100	0.00869	0.00659	0.00800	0.00765	0.00937	0.00590	0.00574	0.01131	0.01721	0.02334	0.52746	0.05250	0.26432	0.01417	0.00763	0.00208	0.00312	0.01228	0.00677	0.00590
101	0.00815	0.00654	0.00728	0.00715	0.00906	0.00567	0.00534	0.01025	0.01587	0.02029	0.28903	0.07668	0.48515	0.01540	0.00765	0.00214	0.00321	0.01311	0.00638	0.00567
102	0.01525	0.01743	0.03813	0.02723	0.03377	0.01634	0.70915	0.02070	0.01525	0.02070	0.01307	0.01743	0.00980	0.00545	0.00763	0.00218	0.01089	0.00763	0.00327	0.00871
103	0.81856	0.01250	0.00950	0.00850	0.01250	0.01449	0.00700	0.01899	0.01100	0.02899	0.00900	0.01050	0.00700	0.00600	0.00400	0.00200	0.00500	0.00350	0.00400	0.00700
104	0.01727	0.77681	0.03386	0.01106	0.01658	0.02557	0.01106	0.01935	0.01313	0.01520	0.00898	0.01036	0.00829	0.00553	0.00415	0.00138	0.00691	0.00345	0.00276	0.00829
105	0.00874	0.00644	0.00817	0.00805	0.00948	0.00587	0.00592	0.01129	0.01686	0.02326	0.52805	0.16424	0.15015	0.01476	0.00772	0.00215	0.00319	0.01301	0.00678	0.00587
106	0.01529	0.00784	0.01056	0.01036	0.01259	0.00715	0.00812	0.01732	0.01508	0.25005	0.03370	0.32190	0.07175	0.01550	0.00781	0.00248	0.00481	0.17378	0.00663	0.00728
107	0.01552	0.47392	0.32134	0.01405	0.02122	0.02126	0.01628	0.01980	0.01334	0.01735	0.01005	0.01170	0.00825	0.00578	0.00496	0.00165	0.00799	0.00399	0.00275	0.00880
108	0.09134	0.06445	0.52375	0.01770	0.02597	0.01533	0.09415	0.02085	0.01378	0.05746	0.01208	0.01401	0.00865	0.00612	0.00601	0.00202	0.00892	0.00498	0.00318	0.00923
109	0.01026	0.00689	0.00910	0.00858	0.01028	0.00637	0.00659	0.01327	0.01804	0.06184	0.64114	0.04876	0.05688	0.01329	0.00766	0.00210	0.00339	0.06213	0.00707	0.00634
110	0.01327	0.08766	0.63730	0.01794	0.02684	0.01560	0.05051	0.02016	0.01380	0.02023	0.03166	0.01453	0.00974	0.00626	0.00609	0.00200	0.00922	0.00499	0.00288	0.00932
111	0.02475	0.01349	0.01755	0.01724	0.14542	0.03728	0.01182	0.10239	0.08800	0.43994	0.02158	0.02008	0.01453	0.00760	0.00646	0.00199	0.00623	0.00629	0.00667	0.01066
112	0.00943	0.00722	0.01077	0.01065	0.01176	0.00856	0.00833	0.01170	0.01036	0.01502	0.01695	0.02492	0.01584	0.04694	0.71755	0.01007	0.04780	0.00687	0.00344	0.00582
113	0.00765	0.00648	0.00661	0.00671	0.00877	0.00544	0.00498	0.00925	0.01457	0.01739	0.06348	0.10900	0.68446	0.01662	0.00768	0.00221	0.00330	0.01395	0.00600	0.00544
114	0.01421	0.01419	0.02005	0.01789	0.04630	0.01961	0.01437	0.01573	0.01009	0.01578	0.00863	0.01421	0.00855	0.01108	0.02060	0.00279	0.73021	0.00566	0.00284	0.00720
115	0.11576	0.01567	0.01909	0.01663	0.08905	0.01659	0.05458	0.37271	0.04217	0.16875	0.01648	0.01657	0.01157	0.00729	0.00625	0.00198	0.00679	0.00582	0.00596	0.01029
116	0.00796	0.00576	0.00755	0.00895	0.00949	0.00535	0.00611	0.00920	0.01263	0.01667	0.03753	0.69336	0.08805	0.01989	0.00823	0.00261	0.00381	0.04556	0.00600	0.00529
117	0.00787	0.00562	0.00750	0.00900	0.00937	0.00525	0.00600	0.00900	0.01237	0.01649	0.03561	0.76871	0.04274	0.02024	0.00825	0.00262	0.00375	0.01837	0.00600	0.00525
118	0.01547	0.02809	0.55007	0.02031	0.11954	0.01433	0.02145	0.02183	0.01442	0.11469	0.01349	0.01505	0.00948	0.00633	0.00622	0.00202	0.00877	0.00513	0.00348	0.00983
119	0.01313	0.03222	0.68694	0.01908	0.02840	0.01511	0.07517	0.02048	0.01376	0.02048	0.01171	0.01393	0.00831	0.00609	0.00625	0.00206	0.00965	0.00499	0.00277	0.00949
120	0.01572	0.01512	0.02550	0.06363	0.65443	0.01565	0.01934	0.01939	0.01429	0.02053	0.01185	0.01590	0.01005	0.00620	0.00751	0.00200	0.06411	0.00575	0.00316	0.00989
121	0.81856	0.01250	0.00950	0.00850	0.01250	0.01449	0.00700	0.01899	0.01100	0.02899	0.00900	0.01050	0.00700	0.00600	0.00400	0.00200	0.00500	0.00350	0.00400	0.00700
122	0.00869	0.00621	0.00844	0.00993	0.01067	0.00595	0.00742	0.01041	0.01318	0.01741	0.03516	0.54450	0.04095	0.01947	0.00847	0.00274	0.00446	0.23450	0.00598	0.00547
123	0.01578	0.04126	0.08640	0.03696	0.65047	0.01565	0.01989	0.01987	0.01457	0.02087	0.01201	0.01561	0.01000	0.00578	0.00630	0.00191	0.00781	0.00560	0.00314	0.01011
124	0.07245	0.45495	0.10754	0.01311	0.01844	0.20443	0.01258	0.02107	0.01434	0.01687	0.00953	0.01106	0.00820	0.00591	0.00478	0.00157	0.00827	0.00378	0.00298	0.00815
125	0.00914	0.00660	0.00864	0.00813	0.00965	0.00610	0.00610	0.01219	0.01829	0.02591	0.72921	0.04827	0.06097	0.01321	0.00762	0.00203	0.00305	0.01169	0.00711	0.00610
126	0.01599	0.01535	0.02623	0.03966	0.73262	0.01535	0.01983	0.01983	0.01471	0.02111	0.01215	0.01599	0.01023	0.00576	0.00640	0.00192	0.00768	0.00576	0.00320	0.01023
127	0.00913	0.00659	0.00865	0.00833	0.00979	0.00611	0.00627	0.01207	0.01783	0.02513	0.66281	0.08865	0.05900	0.01378	0.00771	0.00210	0.00321	0.03983	0.00700	0.00604
128	0.01296	0.03342	0.73944	0.01842	0.02797	0.01501	0.02387	0.02046	0.01364	0.02046	0.01160	0.01364	0.00818	0.00614	0.00614	0.00205	0.00955	0.00477	0.00273	0.00955
129	0.01298	0.01184	0.01722	0.01550	0.06829	0.01212	0.14110	0.02169	0.26573	0.02354	0.18055	0.03395	0.14714	0.01017	0.00717	0.00213	0.00563	0.00928	0.00573	0.00824
130	0.00778	0.00655	0.00675	0.00670	0.00882	0.00552	0.00503	0.00956	0.01508	0.01828	0.13057	0.06082	0.66436	0.01605	0.00763	0.00217	0.00325	0.01345	0.00611	0.00552
131	0.01685	0.70435	0.10264	0.01177	0.01769	0.02454	0.01231	0.01946	0.01318	0.01571	0.00924	0.01068	0.00828	0.00559	0.00434	0.00145	0.00717	0.00358	0.00276	0.00841
132	0.04937	0.01432	0.01501	0.01253	0.01668	0.08600	0.00998	0.09564	0.24164	0.30134	0.07026	0.02239	0.01866	0.00837	0.00644	0.00202	0.00596	0.00670	0.00674	0.00994
133	0.02078	0.01426	0.02271	0.02808	0.41212	0.01387	0.05180	0.07538	0.01713	0.25330	0.01675	0.01796	0.01212	0.00661	0.00650	0.00196	0.00710	0.00610	0.00499	0.01046
134	0.01605	0.01473	0.02489	0.03702	0.66793	0.01466	0.01881	0.01980	0.01496	0.04444	0.03738	0.01862	0.01278	0.00637	0.00650	0.00195	0.00741	0.02213	0.00355	0.01002
135	0.01589	0.01524	0.02603	0.05988	0.71323	0.01532	0.01978	0.01974	0.01466	0.02098	0.01213	0.01603	0.01019	0.00578	0.00640	0.00193	0.00770	0.00576	0.00319	0.01015
136	0.01599	0.01535	0.02623	0.03966	0.73262	0.01535	0.01983	0.01983	0.01471	0.02111	0.01215	0.01599	0.01023	0.00576	0.00640	0.00192	0.00768	0.00576	0.00320	0.01023
137	0.01586	0.01522	0.02599	0.06445	0.70885	0.01532	0.01976	0.01972	0.01465	0.02095	0.01213	0.01603	0.01018	0.00578	0.00640	0.00193	0.00771	0.00576	0.00319	0.01013
138	0.01638	0.01305	0.01919	0.02128	0.27226	0.01145	0.04100	0.01965	0.01459	0.11190	0.01357	0.01558	0.01063	0.00557	0.00569	0.00148	0.00616	0.00501	0.00411	0.39145
139	0.01727	0.03909	0.09037	0.01407	0.06489	0.01293	0.01143	0.02578	0.25312	0.14762	0.01890	0.01861	0.01398	0.00692	0.00591	0.00174	0.00577	0.00568	0.00529	0.24062
140	0.04005	0.01752	0.18293	0.01395	0.01962	0.01339	0.03699	0.02767	0.26633	0.20090	0.02024	0.01946	0.01439	0.00737	0.00624	0.00198	0.00640	0.00607	0.00557	0.09294
141	0.06743	0.05814	0.20174	0.01357	0.01912	0.04884	0.01319	0.02539	0.28345	0.04608	0.03674	0.01834	0.01439	0.00719	0.00591	0.00189	0.00656	0.00567	0.00475	0.12162
142	0.18562	0.01290	0.03377	0.01312	0.06918	0.01249	0.00984	0.02461	0.19456	0.16678	0.01842	0.04353	0.01406	0.00734	0.00570	0.00186	0.00537	0.00585	0.00539	0.16963

[dist]
# distance from previous block
# <min> <max>
0	12

# created by:
# /home/berkeley/.conda/envs/busco_data_prod/bin/msa2prfl.pl pipeline/OGs_align_augustus/4893/31744.fs
