[name]
unknown

[dist]
# distance from previous block
# <min> <max>
0	49

[block]
# block no. 0 follows, 34 sequences, length 46
# corresponding to MSA columns:
# 49-94
name=unknown_A
#
# <colnr> <probs for GDERKNQSTAVLIFYWHMCP>
#	G	D	E	R	K	N	Q	S	T	A	V	L	I	F	Y	W	H	M	C	P
0	0.01866	0.10418	0.12313	0.01548	0.04967	0.14230	0.01345	0.22379	0.07940	0.02555	0.03560	0.02259	0.03428	0.00847	0.00636	0.00198	0.00775	0.07355	0.00480	0.00901
1	0.01800	0.06774	0.08816	0.01626	0.05687	0.07384	0.06952	0.15977	0.24888	0.04407	0.04743	0.01914	0.01522	0.00753	0.00634	0.00196	0.00707	0.00625	0.00519	0.04076
2	0.02272	0.01624	0.01764	0.01378	0.01865	0.01762	0.01128	0.51205	0.11555	0.08713	0.01758	0.01727	0.01258	0.00773	0.00631	0.00190	0.00646	0.00595	0.03618	0.05539
3	0.01491	0.01411	0.02364	0.13141	0.56546	0.01432	0.01820	0.01861	0.01428	0.02024	0.01334	0.05799	0.01180	0.00661	0.00643	0.00194	0.00744	0.00636	0.00334	0.04959
4	0.01551	0.01334	0.01410	0.01273	0.01624	0.01531	0.00988	0.03260	0.66842	0.02670	0.05960	0.02631	0.04208	0.00919	0.00665	0.00218	0.00497	0.00769	0.00658	0.00990
5	0.00832	0.00617	0.00854	0.01071	0.04969	0.00581	0.00677	0.00960	0.01250	0.01675	0.03430	0.72674	0.04092	0.01944	0.00814	0.00258	0.00397	0.01767	0.00584	0.00553
6	0.01331	0.02473	0.43624	0.01629	0.02431	0.01301	0.08034	0.01910	0.01371	0.02068	0.01169	0.01390	0.00879	0.00563	0.00583	0.00170	0.00810	0.00472	0.00314	0.27478
7	0.00787	0.00562	0.00750	0.00900	0.00937	0.00525	0.00600	0.00900	0.01237	0.01649	0.03561	0.76871	0.04274	0.02024	0.00825	0.00262	0.00375	0.01837	0.00600	0.00525
8	0.00924	0.00651	0.00817	0.00813	0.00870	0.00677	0.00540	0.01026	0.01065	0.01457	0.07720	0.03854	0.05773	0.45609	0.24793	0.00700	0.00924	0.00902	0.00413	0.00473
9	0.02265	0.01659	0.01807	0.01384	0.01902	0.01767	0.01136	0.54441	0.06045	0.06678	0.01585	0.01588	0.01141	0.00737	0.00622	0.00181	0.00659	0.00562	0.00614	0.13229
10	0.01719	0.01423	0.02348	0.11636	0.38078	0.01446	0.08905	0.07341	0.03392	0.10565	0.01565	0.05912	0.01278	0.00711	0.00666	0.00203	0.00754	0.00678	0.00422	0.00958
11	0.01774	0.14108	0.16290	0.02151	0.20839	0.01710	0.05333	0.15328	0.03789	0.07172	0.01573	0.01716	0.04006	0.00684	0.00613	0.00190	0.00758	0.00573	0.00420	0.00971
12	0.01546	0.09283	0.07688	0.05317	0.13521	0.01631	0.22172	0.06073	0.15858	0.02238	0.03672	0.05121	0.01454	0.00727	0.00668	0.00205	0.00788	0.00705	0.00423	0.00911
13	0.00859	0.00619	0.00782	0.00817	0.00910	0.00575	0.00565	0.01037	0.01452	0.01981	0.31647	0.31651	0.10159	0.12573	0.01150	0.00288	0.00379	0.01400	0.00615	0.00542
14	0.03335	0.01832	0.17320	0.01903	0.06210	0.01402	0.20566	0.08332	0.04620	0.23657	0.01756	0.03298	0.01246	0.00701	0.00672	0.00207	0.00802	0.00657	0.00504	0.00981
15	0.01707	0.02157	0.24944	0.02362	0.24004	0.04040	0.04819	0.15042	0.03593	0.05165	0.01385	0.01677	0.01074	0.04286	0.00763	0.00218	0.00822	0.00573	0.00398	0.00973
16	0.01414	0.01414	0.01979	0.01696	0.01696	0.01979	0.01414	0.01555	0.00990	0.01555	0.00848	0.01414	0.00848	0.01131	0.02120	0.00283	0.76110	0.00565	0.00283	0.00707
17	0.04387	0.02604	0.01722	0.01538	0.01888	0.55572	0.01169	0.05457	0.07638	0.07198	0.03934	0.01493	0.01186	0.00720	0.00598	0.00177	0.00998	0.00492	0.00423	0.00806
18	0.01797	0.12878	0.02132	0.01697	0.08609	0.08470	0.06657	0.11330	0.34457	0.02492	0.01854	0.01859	0.01424	0.00743	0.00620	0.00197	0.00692	0.00614	0.00513	0.00967
19	0.01797	0.03697	0.12917	0.12122	0.23857	0.01458	0.03546	0.10644	0.01672	0.13680	0.01441	0.01639	0.01061	0.00642	0.00624	0.00190	0.00751	0.00557	0.00429	0.07275
20	0.01914	0.22018	0.08052	0.01996	0.17243	0.19510	0.03351	0.06601	0.06616	0.05040	0.01256	0.01412	0.01005	0.00637	0.00570	0.00176	0.00836	0.00489	0.00373	0.00905
21	0.01803	0.66002	0.03223	0.01223	0.01762	0.07531	0.03709	0.05319	0.01440	0.01668	0.00952	0.01096	0.00848	0.00571	0.00450	0.00146	0.00740	0.00377	0.00300	0.00838
22	0.01337	0.00641	0.00673	0.00645	0.00823	0.00629	0.00491	0.01635	0.01394	0.08005	0.02142	0.02392	0.01652	0.00756	0.00467	0.00154	0.00321	0.00606	0.74594	0.00641
23	0.01122	0.00561	0.00842	0.00842	0.00842	0.00561	0.00561	0.00842	0.00842	0.01122	0.01122	0.01964	0.01122	0.02245	0.02525	0.81201	0.00561	0.00561	0.00281	0.00281
24	0.00909	0.00660	0.00856	0.00807	0.00962	0.00607	0.00605	0.01208	0.01815	0.02559	0.70371	0.04880	0.08667	0.01333	0.00762	0.00204	0.00306	0.01176	0.00707	0.00607
25	0.01894	0.01444	0.01554	0.01283	0.01690	0.01586	0.01029	0.34429	0.25389	0.05074	0.08048	0.02589	0.09212	0.00941	0.00671	0.00206	0.00570	0.00759	0.00654	0.00978
26	0.00891	0.00659	0.00850	0.00860	0.00985	0.00638	0.00626	0.01157	0.03529	0.02088	0.35487	0.22493	0.10885	0.04895	0.10618	0.00346	0.00530	0.01269	0.00611	0.00582
27	0.05408	0.16000	0.02491	0.01808	0.07830	0.04809	0.20211	0.07436	0.01451	0.01974	0.01296	0.01755	0.01113	0.04068	0.14985	0.02447	0.03179	0.00600	0.00350	0.00788
28	0.08094	0.15255	0.13176	0.01726	0.04014	0.23261	0.12342	0.04461	0.01526	0.01915	0.01096	0.01351	0.00892	0.00819	0.03888	0.00223	0.04323	0.00491	0.00327	0.00819
29	0.01220	0.01148	0.01938	0.75739	0.04450	0.01436	0.01794	0.01651	0.01292	0.01651	0.01148	0.01723	0.00861	0.00646	0.00646	0.00215	0.00861	0.00574	0.00287	0.00718
30	0.01533	0.01456	0.02470	0.03716	0.67376	0.01453	0.01870	0.01895	0.01452	0.02073	0.01406	0.07724	0.01288	0.00694	0.00655	0.00198	0.00736	0.00678	0.00343	0.00983
31	0.00777	0.00651	0.00675	0.00679	0.00883	0.00550	0.00505	0.00949	0.01490	0.01807	0.11615	0.09428	0.64520	0.01630	0.00766	0.00219	0.00328	0.01371	0.00609	0.00550
32	0.00922	0.00688	0.01016	0.01010	0.01130	0.00783	0.00783	0.01162	0.01138	0.01637	0.10698	0.02827	0.02180	0.04402	0.65414	0.00933	0.01551	0.00752	0.00392	0.00581
33	0.01851	0.64305	0.03107	0.01206	0.01719	0.15491	0.01131	0.02050	0.01406	0.01531	0.00916	0.01060	0.00830	0.00573	0.00445	0.00143	0.00776	0.00358	0.00287	0.00815
34	0.01064	0.00696	0.00899	0.00828	0.01014	0.00632	0.00628	0.01353	0.01803	0.08309	0.61987	0.04722	0.10982	0.01303	0.00753	0.00204	0.00327	0.01142	0.00710	0.00644
35	0.02035	0.01715	0.01695	0.01418	0.01844	0.08266	0.01129	0.31764	0.36867	0.03178	0.02032	0.01939	0.01504	0.00816	0.00646	0.00204	0.00653	0.00640	0.00624	0.01030
36	0.01728	0.06645	0.06313	0.10744	0.35952	0.01557	0.08902	0.06922	0.01586	0.09414	0.01351	0.01628	0.01040	0.00615	0.00634	0.00193	0.00783	0.00577	0.00385	0.03030
37	0.00935	0.00643	0.00789	0.00789	0.00818	0.00672	0.00497	0.00994	0.00965	0.01315	0.01959	0.03801	0.02163	0.58957	0.21370	0.00731	0.00906	0.00877	0.00380	0.00438
38	0.00789	0.00577	0.00743	0.00866	0.00930	0.00531	0.00587	0.00915	0.01289	0.01698	0.06612	0.65445	0.12744	0.01950	0.00815	0.00255	0.00366	0.01753	0.00604	0.00531
39	0.03000	0.25388	0.11368	0.10843	0.12160	0.06121	0.04164	0.07614	0.04202	0.06006	0.01286	0.02850	0.01035	0.00653	0.00570	0.00182	0.00776	0.00520	0.00370	0.00891
40	0.01465	0.18868	0.49514	0.01686	0.02497	0.01758	0.05001	0.05360	0.04364	0.02059	0.01190	0.01363	0.00889	0.00616	0.00582	0.00191	0.00875	0.00477	0.00310	0.00934
41	0.01711	0.01918	0.01873	0.07460	0.01984	0.26554	0.01354	0.01888	0.01302	0.01568	0.00972	0.01416	0.00887	0.01142	0.05531	0.00280	0.40619	0.00523	0.00304	0.00715
42	0.01512	0.04053	0.01554	0.03763	0.07389	0.01007	0.00927	0.01805	0.01394	0.08522	0.01271	0.01440	0.01012	0.00524	0.00510	0.00118	0.00529	0.00427	0.00408	0.61836
43	0.36303	0.18773	0.14122	0.01332	0.05709	0.04569	0.01213	0.07592	0.01399	0.02447	0.01018	0.01176	0.00804	0.00607	0.00480	0.00185	0.00678	0.00405	0.00364	0.00824
44	0.45091	0.04233	0.06035	0.01201	0.07000	0.01323	0.00939	0.03592	0.01300	0.05561	0.04345	0.05082	0.04764	0.03405	0.00619	0.00219	0.00554	0.03555	0.00442	0.00741
45	0.05725	0.17058	0.08776	0.01216	0.01732	0.08575	0.01100	0.08523	0.01605	0.16373	0.01444	0.01594	0.01112	0.03672	0.03393	0.00211	0.00722	0.00490	0.00453	0.16225

[dist]
# distance from previous block
# <min> <max>
0	5

[block]
# block no. 1 follows, 34 sequences, length 17
# corresponding to MSA columns:
# 100-116
name=unknown_B
#
# <colnr> <probs for GDERKNQSTAVLIFYWHMCP>
#	G	D	E	R	K	N	Q	S	T	A	V	L	I	F	Y	W	H	M	C	P
0	0.01665	0.12794	0.26157	0.02180	0.13421	0.07649	0.14891	0.09773	0.01628	0.02177	0.01191	0.01432	0.00914	0.00609	0.00620	0.00192	0.00905	0.00535	0.00337	0.00932
1	0.01510	0.01083	0.06046	0.01253	0.05054	0.00964	0.00970	0.09734	0.01549	0.16281	0.02533	0.23280	0.05269	0.03568	0.17353	0.00414	0.00814	0.01005	0.00548	0.00770
2	0.00789	0.00615	0.00718	0.00778	0.00910	0.00543	0.00551	0.00945	0.01405	0.01788	0.11924	0.37198	0.35982	0.01775	0.00790	0.00236	0.00346	0.01552	0.00611	0.00543
3	0.00893	0.09180	0.01036	0.00891	0.01011	0.00756	0.00644	0.01027	0.01290	0.01673	0.05568	0.58095	0.12000	0.01795	0.00770	0.00242	0.00403	0.01596	0.00567	0.00564
4	0.10734	0.31131	0.16617	0.01552	0.06913	0.05032	0.04520	0.07984	0.01525	0.06850	0.01160	0.01300	0.00907	0.00611	0.00526	0.00175	0.00757	0.00450	0.00363	0.00892
5	0.01128	0.00973	0.01422	0.05107	0.09410	0.01167	0.01059	0.01314	0.01094	0.01570	0.01671	0.10971	0.01729	0.13697	0.24570	0.00554	0.20759	0.00810	0.00360	0.00634
6	0.02733	0.01135	0.01553	0.01211	0.01655	0.01065	0.01001	0.02971	0.01753	0.65659	0.02359	0.02112	0.01516	0.00837	0.00814	0.00209	0.08980	0.00640	0.00742	0.01056
7	0.81856	0.01250	0.00950	0.00850	0.01250	0.01449	0.00700	0.01899	0.01100	0.02899	0.00900	0.01050	0.00700	0.00600	0.00400	0.00200	0.00500	0.00350	0.00400	0.00700
8	0.01595	0.01605	0.05383	0.04930	0.40961	0.01575	0.11658	0.04445	0.16729	0.02279	0.01540	0.01787	0.01211	0.00646	0.00660	0.00203	0.00767	0.00632	0.00401	0.00993
9	0.01727	0.77681	0.03386	0.01106	0.01658	0.02557	0.01106	0.01935	0.01313	0.01520	0.00898	0.01036	0.00829	0.00553	0.00415	0.00138	0.00691	0.00345	0.00276	0.00829
10	0.00776	0.00655	0.00672	0.00667	0.00880	0.00551	0.00501	0.00951	0.01502	0.01814	0.11937	0.06105	0.67565	0.01611	0.00764	0.00217	0.00325	0.01348	0.00609	0.00551
11	0.01831	0.01463	0.01561	0.01344	0.01745	0.01663	0.01062	0.17311	0.55203	0.05733	0.02405	0.02226	0.01779	0.00853	0.00655	0.00213	0.00554	0.00697	0.00661	0.01041
12	0.04146	0.16527	0.21517	0.02172	0.14988	0.01762	0.16184	0.08681	0.01577	0.04733	0.01230	0.01461	0.00942	0.00603	0.00609	0.00191	0.00848	0.00542	0.00352	0.00937
13	0.01203	0.01088	0.07858	0.04841	0.01592	0.00889	0.05575	0.05000	0.01625	0.07495	0.20906	0.13941	0.15233	0.01304	0.00752	0.00225	0.00528	0.08661	0.00581	0.00702
14	0.01011	0.01000	0.09053	0.01094	0.01289	0.00790	0.00920	0.04684	0.03641	0.01884	0.03058	0.44906	0.03449	0.05558	0.00926	0.00277	0.00517	0.14763	0.00556	0.00624
15	0.01543	0.04258	0.08915	0.02820	0.42609	0.01416	0.01658	0.01962	0.04449	0.06790	0.03642	0.10113	0.01575	0.00817	0.00728	0.00206	0.04442	0.00727	0.00401	0.00932
16	0.01779	0.36125	0.09293	0.01366	0.01840	0.16546	0.01260	0.02336	0.15004	0.01812	0.01272	0.01382	0.01050	0.00682	0.00627	0.00175	0.05776	0.00461	0.00361	0.00854

[dist]
# distance from previous block
# <min> <max>
6	17

[block]
# block no. 2 follows, 34 sequences, length 22
# corresponding to MSA columns:
# 134-155
name=unknown_C
#
# <colnr> <probs for GDERKNQSTAVLIFYWHMCP>
#	G	D	E	R	K	N	Q	S	T	A	V	L	I	F	Y	W	H	M	C	P
0	0.01651	0.56006	0.20853	0.01305	0.01956	0.02271	0.01429	0.04887	0.01399	0.01759	0.00991	0.01140	0.00838	0.00577	0.00474	0.00157	0.00757	0.00388	0.00291	0.00872
1	0.01877	0.10599	0.20348	0.01963	0.11646	0.13402	0.06700	0.16280	0.04671	0.04568	0.01305	0.01461	0.00989	0.00655	0.00611	0.00189	0.00865	0.00524	0.00401	0.00948
2	0.00986	0.00782	0.01058	0.01044	0.01150	0.03101	0.00797	0.01188	0.01051	0.01478	0.01712	0.02637	0.01644	0.12187	0.62655	0.00944	0.03965	0.00706	0.00348	0.00567
3	0.00810	0.00598	0.00793	0.00921	0.00964	0.00581	0.00627	0.00926	0.01237	0.01649	0.03571	0.71329	0.06741	0.01976	0.00872	0.00262	0.03254	0.01771	0.00588	0.00533
4	0.00985	0.00683	0.00844	0.00790	0.00979	0.00612	0.00597	0.01250	0.01737	0.06324	0.51632	0.05045	0.23360	0.01375	0.00756	0.00207	0.00324	0.01191	0.00687	0.00620
5	0.81856	0.01250	0.00950	0.00850	0.01250	0.01449	0.00700	0.01899	0.01100	0.02899	0.00900	0.01050	0.00700	0.00600	0.00400	0.00200	0.00500	0.00350	0.00400	0.00700
6	0.00923	0.00692	0.01038	0.01038	0.01154	0.00808	0.00808	0.01154	0.01038	0.01500	0.01731	0.02538	0.01615	0.04846	0.74732	0.01038	0.01731	0.00692	0.00346	0.00577
7	0.00812	0.00581	0.00777	0.00919	0.00970	0.00545	0.00634	0.00947	0.01282	0.01712	0.06498	0.68406	0.04308	0.01976	0.00827	0.00263	0.00389	0.07017	0.00604	0.00534
8	0.02899	0.01100	0.01499	0.01150	0.01649	0.00950	0.00950	0.03149	0.01849	0.73709	0.02549	0.02199	0.01599	0.00800	0.00650	0.00200	0.00550	0.00650	0.00800	0.01100
9	0.01668	0.01515	0.01489	0.01341	0.01704	0.07088	0.01040	0.03369	0.66826	0.02619	0.02508	0.02317	0.01887	0.00861	0.00652	0.00215	0.00560	0.00707	0.00633	0.01002
10	0.01616	0.18805	0.27743	0.01559	0.06153	0.03943	0.01557	0.08131	0.01542	0.05154	0.01250	0.01497	0.00989	0.00627	0.00558	0.00170	0.00759	0.02181	0.00362	0.15403
11	0.01324	0.10568	0.45275	0.01545	0.02218	0.01442	0.01791	0.01902	0.04015	0.04460	0.01654	0.14904	0.01510	0.00896	0.00690	0.00211	0.03643	0.00725	0.00365	0.00863
12	0.01296	0.03342	0.73944	0.01842	0.02797	0.01501	0.02387	0.02046	0.01364	0.02046	0.01160	0.01364	0.00818	0.00614	0.00614	0.00205	0.00955	0.00477	0.00273	0.00955
13	0.01538	0.03004	0.63016	0.01737	0.02623	0.01417	0.02170	0.02213	0.01437	0.12857	0.01369	0.01490	0.00936	0.00642	0.00619	0.00204	0.00894	0.00503	0.00352	0.00977
14	0.01830	0.01555	0.09415	0.08324	0.26249	0.01384	0.04496	0.08955	0.04971	0.17238	0.03280	0.01964	0.02997	0.00864	0.03405	0.00232	0.00760	0.00633	0.00477	0.00972
15	0.01473	0.01826	0.16806	0.15864	0.44459	0.01514	0.01995	0.01993	0.04098	0.02041	0.01246	0.01604	0.00990	0.00607	0.00636	0.00200	0.00812	0.00562	0.00318	0.00957
16	0.00787	0.00562	0.00750	0.00900	0.00937	0.00525	0.00600	0.00900	0.01237	0.01649	0.03561	0.76871	0.04274	0.02024	0.00825	0.00262	0.00375	0.01837	0.00600	0.00525
17	0.00787	0.00562	0.00750	0.00900	0.00937	0.00525	0.00600	0.00900	0.01237	0.01649	0.03561	0.76871	0.04274	0.02024	0.00825	0.00262	0.00375	0.01837	0.00600	0.00525
18	0.01848	0.01595	0.01764	0.01587	0.05796	0.06727	0.05010	0.14716	0.45180	0.05290	0.02179	0.02089	0.01624	0.00807	0.00655	0.00209	0.00638	0.00674	0.00601	0.01011
19	0.09061	0.02788	0.01805	0.01717	0.05897	0.61526	0.01242	0.05256	0.01798	0.01822	0.01025	0.01195	0.00843	0.00660	0.00573	0.00172	0.01069	0.00426	0.00350	0.00774
20	0.06132	0.04547	0.09061	0.02579	0.36170	0.01528	0.01590	0.08684	0.08476	0.04571	0.01384	0.01590	0.01089	0.00625	0.00601	0.00184	0.00700	0.00542	0.00404	0.09543
21	0.02174	0.25087	0.04216	0.01606	0.08716	0.15607	0.01259	0.19619	0.01932	0.11952	0.01341	0.01409	0.01020	0.00667	0.00563	0.00173	0.00780	0.00485	0.00454	0.00940

[dist]
# distance from previous block
# <min> <max>
0	1

[block]
# block no. 3 follows, 34 sequences, length 7
# corresponding to MSA columns:
# 157-163
name=unknown_D
#
# <colnr> <probs for GDERKNQSTAVLIFYWHMCP>
#	G	D	E	R	K	N	Q	S	T	A	V	L	I	F	Y	W	H	M	C	P
0	0.18085	0.01516	0.01880	0.02256	0.28825	0.08108	0.04018	0.08526	0.04630	0.02504	0.11816	0.01959	0.01735	0.00729	0.00610	0.00195	0.00677	0.00617	0.00441	0.00872
1	0.01226	0.01070	0.07778	0.01105	0.01340	0.00945	0.00962	0.01540	0.01632	0.09121	0.43040	0.03929	0.04189	0.01214	0.00957	0.00223	0.12084	0.06338	0.00604	0.00702
2	0.01325	0.02699	0.50273	0.08888	0.02915	0.01452	0.11861	0.01972	0.01378	0.02018	0.01178	0.01449	0.00859	0.00594	0.00625	0.00197	0.00920	0.00518	0.00292	0.08588
3	0.00964	0.00693	0.00933	0.00960	0.01111	0.00662	0.00778	0.01266	0.01696	0.02334	0.45759	0.05789	0.05167	0.01502	0.00813	0.00240	0.00418	0.27644	0.00666	0.00604
4	0.01523	0.07467	0.30390	0.04446	0.14548	0.07588	0.07292	0.02151	0.08122	0.01994	0.01263	0.01511	0.00982	0.00672	0.00748	0.00204	0.07321	0.00537	0.00328	0.00913
5	0.00908	0.00679	0.00866	0.00866	0.01025	0.00607	0.00634	0.01132	0.01525	0.02114	0.32771	0.30654	0.09295	0.01530	0.00762	0.00219	0.00363	0.04506	0.00624	0.08919
6	0.01617	0.01700	0.11951	0.06802	0.29758	0.04469	0.03324	0.06553	0.09388	0.05955	0.07270	0.01972	0.01552	0.00713	0.00642	0.00197	0.00723	0.00630	0.03846	0.00938

[dist]
# distance from previous block
# <min> <max>
0	13

[block]
# block no. 4 follows, 34 sequences, length 73
# corresponding to MSA columns:
# 177-249
name=unknown_E
#
# <colnr> <probs for GDERKNQSTAVLIFYWHMCP>
#	G	D	E	R	K	N	Q	S	T	A	V	L	I	F	Y	W	H	M	C	P
0	0.03927	0.15725	0.26638	0.01552	0.04048	0.11770	0.01540	0.02429	0.19709	0.02101	0.03545	0.01647	0.01276	0.00697	0.00585	0.00191	0.00786	0.00530	0.00399	0.00906
1	0.01017	0.00725	0.00919	0.04455	0.01083	0.00777	0.00623	0.04412	0.01119	0.01524	0.04012	0.05591	0.02184	0.46093	0.22097	0.00674	0.00922	0.00870	0.00402	0.00501
2	0.01688	0.73971	0.03264	0.01091	0.01625	0.02463	0.01082	0.01900	0.01338	0.01572	0.04367	0.01219	0.01083	0.00590	0.00431	0.00141	0.00672	0.00385	0.00297	0.00819
3	0.02218	0.05325	0.01871	0.01404	0.01870	0.01871	0.01152	0.57397	0.06763	0.03647	0.01768	0.08532	0.01429	0.00886	0.00652	0.00199	0.00668	0.00695	0.00625	0.01028
4	0.01727	0.01407	0.01498	0.01320	0.01703	0.01607	0.01035	0.08444	0.63858	0.05948	0.02546	0.02338	0.01891	0.00866	0.00656	0.00216	0.00528	0.00716	0.00663	0.01032
5	0.05301	0.01218	0.01377	0.01373	0.07028	0.01352	0.00979	0.02707	0.46307	0.02616	0.17481	0.02902	0.04696	0.00956	0.00669	0.00213	0.00482	0.00811	0.00629	0.00906
6	0.00933	0.00624	0.00707	0.00713	0.00715	0.00622	0.00401	0.00938	0.00953	0.01270	0.02103	0.07445	0.02434	0.73960	0.03180	0.00610	0.00615	0.00979	0.00401	0.00397
7	0.00914	0.00660	0.00864	0.00813	0.00965	0.00610	0.00610	0.01219	0.01829	0.02591	0.72921	0.04827	0.06097	0.01321	0.00762	0.00203	0.00305	0.01169	0.00711	0.00610
8	0.01603	0.01516	0.04060	0.03073	0.50709	0.03401	0.01664	0.03679	0.01524	0.04364	0.04421	0.01699	0.01246	0.00608	0.00617	0.00177	0.00708	0.00566	0.00369	0.13995
9	0.01528	0.26089	0.37091	0.01711	0.07665	0.07912	0.01779	0.02012	0.01418	0.01875	0.04519	0.01430	0.01092	0.00630	0.00559	0.00180	0.00845	0.00472	0.00304	0.00887
10	0.00805	0.00576	0.00766	0.00887	0.00941	0.00537	0.00601	0.00945	0.01321	0.01784	0.13442	0.66608	0.04533	0.01924	0.00816	0.00254	0.00365	0.01742	0.00616	0.00537
11	0.01340	0.01148	0.01340	0.00957	0.01531	0.00861	0.00766	0.01627	0.01340	0.02105	0.01148	0.01340	0.00957	0.00479	0.00479	0.00096	0.00479	0.00383	0.00383	0.81242
12	0.01974	0.01352	0.01520	0.01256	0.01699	0.01421	0.01002	0.12486	0.37953	0.18425	0.02271	0.02107	0.01638	0.00794	0.00631	0.00195	0.00543	0.00647	0.00652	0.11433
13	0.01388	0.03214	0.69794	0.01802	0.02731	0.01469	0.02305	0.02109	0.01392	0.06152	0.01239	0.01412	0.00863	0.00625	0.00616	0.00204	0.00932	0.00487	0.00303	0.00963
14	0.01461	0.31750	0.46982	0.01560	0.02362	0.01904	0.01898	0.02004	0.01345	0.01845	0.01060	0.01239	0.00823	0.00591	0.00538	0.00179	0.00854	0.00427	0.00274	0.00907
15	0.01543	0.01474	0.02463	0.03580	0.62654	0.01522	0.01853	0.01900	0.01448	0.02088	0.05309	0.01768	0.01300	0.00669	0.00780	0.00201	0.07528	0.00609	0.00339	0.00971
16	0.00806	0.00570	0.00744	0.00875	0.00908	0.00538	0.00573	0.00905	0.01199	0.01599	0.03368	0.67690	0.04030	0.11537	0.01136	0.00308	0.00407	0.01723	0.00573	0.00508
17	0.02187	0.01578	0.01717	0.01366	0.01814	0.01730	0.01110	0.51122	0.11104	0.07030	0.05429	0.05492	0.01645	0.00876	0.00658	0.00200	0.00633	0.00693	0.02588	0.01026
18	0.00790	0.00656	0.00691	0.00682	0.00889	0.00557	0.00511	0.00978	0.01534	0.01892	0.18031	0.05977	0.61423	0.01582	0.00763	0.00216	0.00323	0.01330	0.00619	0.00557
19	0.02550	0.01088	0.01466	0.04715	0.01722	0.00992	0.00965	0.05571	0.03460	0.57919	0.10306	0.02449	0.02055	0.00851	0.00662	0.00201	0.00543	0.00703	0.00756	0.01025
20	0.01607	0.01388	0.01461	0.01315	0.01680	0.01607	0.01023	0.03433	0.72094	0.02703	0.02630	0.02411	0.01972	0.00877	0.00657	0.00219	0.00511	0.00731	0.00657	0.01023
21	0.01821	0.67484	0.03173	0.01182	0.01705	0.12417	0.01125	0.02023	0.01384	0.01529	0.00912	0.01054	0.00830	0.00568	0.00438	0.00142	0.00756	0.00355	0.00284	0.00818
22	0.00972	0.00728	0.01000	0.00985	0.01105	0.00810	0.00735	0.01245	0.04939	0.01545	0.01884	0.05500	0.01845	0.17576	0.52668	0.00861	0.01375	0.00771	0.00382	0.03074
23	0.16350	0.05121	0.05687	0.05674	0.22029	0.07387	0.02941	0.20356	0.04024	0.02697	0.01256	0.01451	0.00972	0.00653	0.00586	0.00193	0.00745	0.00518	0.00427	0.00933
24	0.01724	0.01797	0.02153	0.23157	0.22101	0.18634	0.05463	0.05753	0.09055	0.02019	0.01318	0.01624	0.01035	0.00657	0.00637	0.00197	0.00875	0.00565	0.00367	0.00869
25	0.01727	0.77681	0.03386	0.01106	0.01658	0.02557	0.01106	0.01935	0.01313	0.01520	0.00898	0.01036	0.00829	0.00553	0.00415	0.00138	0.00691	0.00345	0.00276	0.00829
26	0.00915	0.00652	0.00875	0.00891	0.00952	0.00706	0.00620	0.01042	0.01020	0.01417	0.02044	0.11015	0.02187	0.33417	0.38505	0.00793	0.01148	0.00911	0.00391	0.00498
27	0.01579	0.01920	0.14237	0.02720	0.33229	0.07316	0.09388	0.02266	0.13458	0.02173	0.04291	0.01807	0.01332	0.00666	0.00652	0.00200	0.00804	0.00617	0.00387	0.00957
28	0.01499	0.07323	0.06097	0.21602	0.47051	0.01586	0.01889	0.01899	0.01409	0.01948	0.01172	0.01575	0.00958	0.00593	0.00623	0.00194	0.00795	0.00553	0.00306	0.00929
29	0.01414	0.01414	0.01979	0.01696	0.01696	0.01979	0.01414	0.01555	0.00990	0.01555	0.00848	0.01414	0.00848	0.01131	0.02120	0.00283	0.76110	0.00565	0.00283	0.00707
30	0.01538	0.01524	0.02310	0.02876	0.38943	0.03789	0.01705	0.01806	0.01264	0.01845	0.01043	0.01503	0.00939	0.00829	0.01307	0.00232	0.34803	0.00567	0.00303	0.00873
31	0.00940	0.00626	0.00705	0.00705	0.00705	0.00626	0.00392	0.00940	0.00940	0.01253	0.02036	0.04228	0.02349	0.77292	0.03289	0.00626	0.00626	0.00940	0.00392	0.00392
32	0.00787	0.00562	0.00750	0.00900	0.00937	0.00525	0.00600	0.00900	0.01237	0.01649	0.03561	0.76871	0.04274	0.02024	0.00825	0.00262	0.00375	0.01837	0.00600	0.00525
33	0.01727	0.77681	0.03386	0.01106	0.01658	0.02557	0.01106	0.01935	0.01313	0.01520	0.00898	0.01036	0.00829	0.00553	0.00415	0.00138	0.00691	0.00345	0.00276	0.00829
34	0.00787	0.00562	0.00750	0.00900	0.00937	0.00525	0.00600	0.00900	0.01237	0.01649	0.03561	0.76871	0.04274	0.02024	0.00825	0.00262	0.00375	0.01837	0.00600	0.00525
35	0.02139	0.08839	0.14948	0.01679	0.02148	0.54249	0.03110	0.02422	0.01700	0.01672	0.01027	0.01205	0.00833	0.00645	0.00580	0.00172	0.01089	0.00430	0.00318	0.00795
36	0.01554	0.01497	0.02581	0.12139	0.63242	0.01527	0.04079	0.01948	0.01452	0.02057	0.01211	0.01618	0.01004	0.00583	0.00644	0.00195	0.00788	0.00581	0.00316	0.00984
37	0.01496	0.01144	0.01356	0.00976	0.01543	0.00870	0.00784	0.01779	0.01391	0.09269	0.01289	0.01426	0.01021	0.00511	0.00496	0.00106	0.00486	0.00410	0.00425	0.73225
38	0.00796	0.00569	0.00760	0.00910	0.00952	0.00533	0.00616	0.00916	0.01246	0.01660	0.03556	0.74344	0.04253	0.02016	0.00827	0.00264	0.00383	0.04272	0.00600	0.00527
39	0.00796	0.00578	0.00741	0.00863	0.00920	0.00534	0.00579	0.00914	0.01264	0.01667	0.05801	0.64110	0.11212	0.05590	0.00935	0.00274	0.00380	0.01726	0.00593	0.00523
40	0.01198	0.00954	0.01320	0.01469	0.12851	0.00858	0.00986	0.01420	0.01358	0.01908	0.04131	0.07513	0.06121	0.01243	0.00908	0.09916	0.00549	0.19887	0.00453	0.24955
41	0.01525	0.01743	0.03813	0.02723	0.03377	0.01634	0.70915	0.02070	0.01525	0.02070	0.01307	0.01743	0.00980	0.00545	0.00763	0.00218	0.01089	0.00763	0.00327	0.00871
42	0.00874	0.00659	0.00816	0.00836	0.00992	0.00601	0.00640	0.01112	0.01598	0.02127	0.34346	0.14863	0.24782	0.01573	0.00790	0.00229	0.00364	0.11575	0.00647	0.00578
43	0.00854	0.00587	0.00798	0.00933	0.00982	0.00558	0.00655	0.00953	0.01232	0.01636	0.03303	0.60158	0.03889	0.02014	0.01001	0.08229	0.00423	0.10719	0.00568	0.00510
44	0.01154	0.00971	0.01246	0.23641	0.05159	0.04509	0.00959	0.01391	0.03960	0.01521	0.01743	0.04842	0.01783	0.40414	0.02013	0.00425	0.00712	0.00793	0.02197	0.00569
45	0.49801	0.01361	0.01279	0.01053	0.01497	0.01503	0.00868	0.18892	0.01691	0.14656	0.01325	0.01358	0.00942	0.00675	0.00500	0.00198	0.00559	0.00455	0.00524	0.00861
46	0.02052	0.27387	0.02451	0.01783	0.11878	0.34414	0.01297	0.06199	0.03655	0.01808	0.01073	0.01241	0.00905	0.00628	0.00541	0.00164	0.00909	0.00433	0.00339	0.00842
47	0.00934	0.00630	0.00733	0.00738	0.00748	0.00638	0.00432	0.00956	0.00957	0.01285	0.02059	0.06351	0.02350	0.69093	0.08989	0.00648	0.00708	0.00948	0.00394	0.00411
48	0.01787	0.01559	0.01687	0.01654	0.09667	0.05341	0.01174	0.14420	0.49331	0.02807	0.02213	0.02116	0.01666	0.00816	0.00650	0.00209	0.00606	0.00673	0.00602	0.01022
49	0.01413	0.01334	0.02253	0.30870	0.42690	0.01439	0.01825	0.01809	0.01426	0.01968	0.05738	0.01851	0.01284	0.00650	0.00650	0.00201	0.00774	0.00613	0.00332	0.00882
50	0.01647	0.49836	0.26064	0.01345	0.02025	0.02135	0.01511	0.02032	0.01356	0.05321	0.01066	0.01201	0.00864	0.00585	0.00491	0.00163	0.00769	0.00403	0.00302	0.00883
51	0.00940	0.00626	0.00705	0.00705	0.00705	0.00626	0.00392	0.00940	0.00940	0.01253	0.02036	0.04228	0.02349	0.77292	0.03289	0.00626	0.00626	0.00940	0.00392	0.00392
52	0.00923	0.00692	0.01038	0.01038	0.01154	0.00808	0.00808	0.01154	0.01038	0.01500	0.01731	0.02538	0.01615	0.04846	0.74732	0.01038	0.01731	0.00692	0.00346	0.00577
53	0.00820	0.00624	0.00754	0.00791	0.00925	0.00559	0.00567	0.01010	0.01503	0.01980	0.26538	0.30515	0.27731	0.01672	0.00785	0.00229	0.00337	0.01467	0.00635	0.00559
54	0.01727	0.77681	0.03386	0.01106	0.01658	0.02557	0.01106	0.01935	0.01313	0.01520	0.00898	0.01036	0.00829	0.00553	0.00415	0.00138	0.00691	0.00345	0.00276	0.00829
55	0.01525	0.01743	0.03813	0.02723	0.03377	0.01634	0.70915	0.02070	0.01525	0.02070	0.01307	0.01743	0.00980	0.00545	0.00763	0.00218	0.01089	0.00763	0.00327	0.00871
56	0.00810	0.00656	0.00719	0.00703	0.00901	0.00565	0.00527	0.01017	0.01582	0.02005	0.26906	0.05791	0.52478	0.01540	0.00763	0.00214	0.00320	0.01304	0.00634	0.00565
57	0.01521	0.01593	0.01963	0.01693	0.01729	0.09811	0.01396	0.01665	0.01080	0.01558	0.00864	0.01387	0.00846	0.01081	0.01955	0.00270	0.68038	0.00549	0.00288	0.00711
58	0.01220	0.01148	0.01938	0.75739	0.04450	0.01436	0.01794	0.01651	0.01292	0.01651	0.01148	0.01723	0.00861	0.00646	0.00646	0.00215	0.00861	0.00574	0.00287	0.00718
59	0.01340	0.01148	0.01340	0.00957	0.01531	0.00861	0.00766	0.01627	0.01340	0.02105	0.01148	0.01340	0.00957	0.00479	0.00479	0.00096	0.00479	0.00383	0.00383	0.81242
60	0.01220	0.01148	0.01938	0.75739	0.04450	0.01436	0.01794	0.01651	0.01292	0.01651	0.01148	0.01723	0.00861	0.00646	0.00646	0.00215	0.00861	0.00574	0.00287	0.00718
61	0.01414	0.01414	0.01979	0.01696	0.01696	0.01979	0.01414	0.01555	0.00990	0.01555	0.00848	0.01414	0.00848	0.01131	0.02120	0.00283	0.76110	0.00565	0.00283	0.00707
62	0.00925	0.00685	0.01000	0.01000	0.01103	0.00787	0.00760	0.01129	0.01027	0.01472	0.01765	0.02731	0.01699	0.13085	0.66607	0.00992	0.01605	0.00720	0.00351	0.00556
63	0.81856	0.01250	0.00950	0.00850	0.01250	0.01449	0.00700	0.01899	0.01100	0.02899	0.00900	0.01050	0.00700	0.00600	0.00400	0.00200	0.00500	0.00350	0.00400	0.00700
64	0.01564	0.03756	0.02594	0.17318	0.47480	0.05235	0.08811	0.01957	0.01456	0.01975	0.01192	0.01599	0.00973	0.00590	0.00644	0.00196	0.00836	0.00580	0.00314	0.00931
65	0.58462	0.01466	0.06835	0.01507	0.14470	0.01474	0.01072	0.01977	0.03547	0.02684	0.01034	0.01219	0.00810	0.00606	0.00468	0.00199	0.00584	0.00413	0.00384	0.00789
66	0.02456	0.01810	0.01939	0.01487	0.02004	0.02004	0.01228	0.71107	0.03038	0.04072	0.01551	0.01551	0.01099	0.00776	0.00646	0.00194	0.00711	0.00582	0.00646	0.01099
67	0.02899	0.01100	0.01499	0.01150	0.01649	0.00950	0.00950	0.03149	0.01849	0.73709	0.02549	0.02199	0.01599	0.00800	0.00650	0.00200	0.00550	0.00650	0.00800	0.01100
68	0.01330	0.01140	0.01368	0.01070	0.04358	0.00876	0.00807	0.01622	0.01369	0.02129	0.04602	0.01518	0.01207	0.00523	0.00499	0.00105	0.00482	0.00428	0.00396	0.74174
69	0.00787	0.00562	0.00750	0.00900	0.00937	0.00525	0.00600	0.00900	0.01237	0.01649	0.03561	0.76871	0.04274	0.02024	0.00825	0.00262	0.00375	0.01837	0.00600	0.00525
70	0.00940	0.00626	0.00705	0.00705	0.00705	0.00626	0.00392	0.00940	0.00940	0.01253	0.02036	0.04228	0.02349	0.77292	0.03289	0.00626	0.00626	0.00940	0.00392	0.00392
71	0.81856	0.01250	0.00950	0.00850	0.01250	0.01449	0.00700	0.01899	0.01100	0.02899	0.00900	0.01050	0.00700	0.00600	0.00400	0.00200	0.00500	0.00350	0.00400	0.00700
72	0.02414	0.03079	0.01831	0.01665	0.01998	0.74698	0.01248	0.02580	0.01831	0.01581	0.00999	0.01165	0.00832	0.00666	0.00583	0.00166	0.01165	0.00416	0.00333	0.00749

[dist]
# distance from previous block
# <min> <max>
0	1

[block]
# block no. 5 follows, 34 sequences, length 196
# corresponding to MSA columns:
# 251-446
name=unknown_F
#
# <colnr> <probs for GDERKNQSTAVLIFYWHMCP>
#	G	D	E	R	K	N	Q	S	T	A	V	L	I	F	Y	W	H	M	C	P
0	0.00943	0.00624	0.00710	0.00710	0.00717	0.00621	0.00403	0.00935	0.00952	0.01262	0.02137	0.04183	0.04558	0.71259	0.03171	0.04484	0.00614	0.00935	0.00393	0.00391
1	0.00787	0.00562	0.00750	0.00900	0.00937	0.00525	0.00600	0.00900	0.01237	0.01649	0.03561	0.76871	0.04274	0.02024	0.00825	0.00262	0.00375	0.01837	0.00600	0.00525
2	0.01296	0.03342	0.73944	0.01842	0.02797	0.01501	0.02387	0.02046	0.01364	0.02046	0.01160	0.01364	0.00818	0.00614	0.00614	0.00205	0.00955	0.00477	0.00273	0.00955
3	0.01383	0.01147	0.01344	0.00962	0.01535	0.00864	0.00771	0.01669	0.01354	0.04101	0.01187	0.01364	0.00975	0.00487	0.00483	0.00099	0.00481	0.00390	0.00394	0.79008
4	0.00796	0.00588	0.00725	0.00828	0.00902	0.00539	0.00557	0.00909	0.01262	0.01635	0.04084	0.54711	0.19307	0.08702	0.01033	0.00285	0.00387	0.01652	0.00581	0.00517
5	0.02254	0.01709	0.01825	0.01446	0.01927	0.01909	0.01179	0.54995	0.19479	0.03746	0.01808	0.01756	0.01307	0.00800	0.00649	0.00200	0.00663	0.00617	0.00649	0.01081
6	0.01483	0.01396	0.02354	0.03527	0.62898	0.01390	0.01785	0.01828	0.01438	0.02045	0.01552	0.12385	0.01489	0.00783	0.00666	0.00202	0.00711	0.00756	0.00360	0.00952
7	0.01607	0.01388	0.01461	0.01315	0.01680	0.01607	0.01023	0.03433	0.72094	0.02703	0.02630	0.02411	0.01972	0.00877	0.00657	0.00219	0.00511	0.00731	0.00657	0.01023
8	0.02366	0.01254	0.01538	0.01168	0.01677	0.01152	0.00957	0.17851	0.01993	0.38935	0.04410	0.01943	0.01491	0.00737	0.00613	0.00174	0.00561	0.00590	0.00665	0.19927
9	0.01122	0.00561	0.00842	0.00842	0.00842	0.00561	0.00561	0.00842	0.00842	0.01122	0.01122	0.01964	0.01122	0.02245	0.02525	0.81201	0.00561	0.00561	0.00281	0.00281
10	0.01056	0.00605	0.00907	0.00907	0.00946	0.00643	0.00643	0.00946	0.00907	0.01248	0.01325	0.02155	0.01287	0.03111	0.26573	0.54503	0.00951	0.00605	0.00302	0.00379
11	0.00963	0.00660	0.00870	0.00849	0.00993	0.00610	0.00630	0.01232	0.01717	0.04824	0.56640	0.17425	0.05565	0.01438	0.00772	0.00216	0.00333	0.02959	0.00692	0.00611
12	0.00832	0.00657	0.00749	0.00726	0.00914	0.00574	0.00544	0.01059	0.01633	0.02126	0.36431	0.05592	0.42876	0.01494	0.00763	0.00211	0.00317	0.01276	0.00650	0.00574
13	0.01340	0.01148	0.01340	0.00957	0.01531	0.00861	0.00766	0.01627	0.01340	0.02105	0.01148	0.01340	0.00957	0.00479	0.00479	0.00096	0.00479	0.00383	0.00383	0.81242
14	0.00975	0.00781	0.00868	0.00857	0.01071	0.00755	0.00661	0.01457	0.13337	0.02089	0.16799	0.08711	0.36776	0.01459	0.00751	0.00224	0.00383	0.08132	0.03271	0.00642
15	0.01133	0.00712	0.00893	0.00822	0.01018	0.00642	0.00615	0.01381	0.01671	0.10478	0.43709	0.07739	0.15115	0.06167	0.00899	0.00231	0.00364	0.01121	0.02920	0.02372
16	0.01122	0.00561	0.00842	0.00842	0.00842	0.00561	0.00561	0.00842	0.00842	0.01122	0.01122	0.01964	0.01122	0.02245	0.02525	0.81201	0.00561	0.00561	0.00281	0.00281
17	0.14308	0.00709	0.00836	0.00896	0.01011	0.00740	0.00637	0.01129	0.01187	0.01849	0.06219	0.42187	0.03165	0.07930	0.13780	0.00411	0.00647	0.01289	0.00512	0.00557
18	0.01340	0.01148	0.01340	0.00957	0.01531	0.00861	0.00766	0.01627	0.01340	0.02105	0.01148	0.01340	0.00957	0.00479	0.00479	0.00096	0.00479	0.00383	0.00383	0.81242
19	0.00914	0.00654	0.00843	0.00805	0.00954	0.00604	0.00600	0.01205	0.01775	0.02516	0.65319	0.07977	0.08071	0.01344	0.00755	0.00205	0.00309	0.01186	0.03364	0.00604
20	0.00898	0.00660	0.00841	0.00796	0.00955	0.00603	0.00597	0.01188	0.01791	0.02501	0.65816	0.04975	0.13258	0.01355	0.00762	0.00205	0.00307	0.01189	0.00699	0.00603
21	0.01072	0.00760	0.00898	0.00880	0.01023	0.00743	0.00622	0.07762	0.03276	0.03843	0.16362	0.27172	0.13842	0.17234	0.01288	0.00311	0.00447	0.01280	0.00588	0.00598
22	0.00939	0.00713	0.01057	0.01048	0.01156	0.00839	0.00813	0.01159	0.01034	0.01493	0.01713	0.02560	0.01616	0.07187	0.69990	0.01000	0.04065	0.00697	0.00346	0.00575
23	0.01324	0.01274	0.01704	0.01492	0.01513	0.03536	0.01208	0.01456	0.01009	0.01509	0.01105	0.01907	0.01131	0.11846	0.09804	0.00405	0.56194	0.00626	0.00305	0.00652
24	0.00843	0.00630	0.00745	0.00805	0.00913	0.00579	0.00569	0.00979	0.01314	0.01680	0.07683	0.27666	0.27184	0.16702	0.01295	0.00320	0.00428	0.08584	0.00564	0.00517
25	0.14618	0.01119	0.01388	0.08172	0.04711	0.01230	0.01016	0.10334	0.05921	0.13766	0.04429	0.02173	0.03722	0.01881	0.20474	0.00428	0.02674	0.00639	0.00497	0.00807
26	0.01136	0.00927	0.01215	0.08835	0.06374	0.00972	0.00912	0.01784	0.17167	0.02434	0.41289	0.05965	0.06130	0.01133	0.00721	0.00209	0.00441	0.00997	0.00623	0.00735
27	0.14172	0.01144	0.01435	0.01117	0.01604	0.01055	0.00923	0.05130	0.01780	0.61373	0.02282	0.02014	0.01455	0.00770	0.00614	0.00200	0.00548	0.00605	0.00738	0.01042
28	0.01048	0.00633	0.00822	0.00872	0.00943	0.00602	0.00582	0.01122	0.01184	0.08154	0.02853	0.43744	0.03235	0.21769	0.03995	0.05488	0.00513	0.01374	0.00535	0.00529
29	0.01485	0.01479	0.02501	0.07709	0.27424	0.03813	0.20350	0.02023	0.08456	0.02068	0.03293	0.04733	0.01523	0.00790	0.00765	0.00217	0.03969	0.06130	0.00392	0.00879
30	0.04738	0.02690	0.01804	0.01626	0.01902	0.58756	0.01245	0.02356	0.01652	0.01617	0.00992	0.01240	0.00853	0.00855	0.02907	0.00211	0.13048	0.00445	0.00327	0.00736
31	0.00997	0.00743	0.01054	0.01149	0.01306	0.00724	0.03145	0.01265	0.01454	0.01883	0.03670	0.16184	0.10292	0.01763	0.00867	0.00283	0.00556	0.51488	0.00588	0.00590
32	0.02232	0.02621	0.01806	0.01578	0.01928	0.53909	0.01212	0.09637	0.01843	0.01894	0.01060	0.01243	0.00874	0.00696	0.00702	0.00172	0.07032	0.00442	0.00367	0.08753
33	0.01775	0.01594	0.02141	0.01874	0.10391	0.11113	0.16151	0.02203	0.06457	0.11809	0.01585	0.01755	0.02950	0.00672	0.00719	0.00181	0.05519	0.00589	0.00432	0.20090
34	0.01085	0.00807	0.00978	0.00889	0.01131	0.00717	0.00664	0.01273	0.01351	0.05540	0.08482	0.19586	0.17718	0.08819	0.03710	0.00270	0.03071	0.02981	0.00525	0.20404
35	0.03186	0.00694	0.00806	0.00817	0.00877	0.00694	0.00517	0.04386	0.01159	0.03589	0.02450	0.25525	0.02795	0.47067	0.02279	0.00474	0.00550	0.01165	0.00477	0.00493
36	0.02555	0.01155	0.01472	0.01166	0.01623	0.01088	0.00950	0.07605	0.11798	0.54034	0.05593	0.02307	0.01819	0.00831	0.00650	0.00201	0.00538	0.00678	0.02883	0.01054
37	0.03658	0.00776	0.00886	0.00869	0.01060	0.00769	0.00646	0.01548	0.12377	0.04470	0.22318	0.20185	0.16773	0.01367	0.00712	0.00216	0.00370	0.01183	0.09157	0.00660
38	0.01069	0.00709	0.00819	0.00805	0.00875	0.00712	0.00517	0.01246	0.06118	0.04671	0.04651	0.06226	0.04871	0.56874	0.02607	0.00522	0.00586	0.05163	0.00464	0.00496
39	0.00886	0.00619	0.00781	0.00881	0.00935	0.00597	0.00586	0.03503	0.01262	0.01704	0.03206	0.60510	0.03775	0.13378	0.01180	0.00311	0.00423	0.01612	0.03322	0.00528
40	0.00939	0.00630	0.00721	0.00721	0.00726	0.00635	0.00412	0.00950	0.00944	0.01265	0.02021	0.04147	0.02314	0.73812	0.06721	0.00646	0.00679	0.00928	0.00389	0.00400
41	0.28293	0.00964	0.00969	0.00846	0.01167	0.00995	0.00671	0.02042	0.03368	0.20039	0.02024	0.02163	0.04522	0.04433	0.00639	0.00207	0.00451	0.00584	0.24866	0.00756
42	0.00935	0.00646	0.00828	0.00829	0.00961	0.00593	0.00598	0.01159	0.01596	0.04635	0.42358	0.24688	0.11223	0.04883	0.00887	0.00239	0.00349	0.01342	0.00660	0.00588
43	0.81856	0.01250	0.00950	0.00850	0.01250	0.01449	0.00700	0.01899	0.01100	0.02899	0.00900	0.01050	0.00700	0.00600	0.00400	0.00200	0.00500	0.00350	0.00400	0.00700
44	0.03462	0.00690	0.00832	0.00839	0.01004	0.00646	0.00637	0.01189	0.03272	0.02194	0.35619	0.15511	0.21642	0.01513	0.00771	0.00225	0.00362	0.08353	0.00645	0.00593
45	0.00933	0.00632	0.00729	0.00727	0.00744	0.00635	0.00426	0.00961	0.00984	0.01318	0.04127	0.04191	0.04218	0.68712	0.07596	0.00630	0.00678	0.00942	0.00403	0.00413
46	0.00987	0.00677	0.00887	0.00825	0.00990	0.00622	0.00622	0.01290	0.01830	0.05201	0.70338	0.04730	0.05932	0.01302	0.00758	0.00203	0.00314	0.01149	0.00715	0.00628
47	0.01122	0.00561	0.00842	0.00842	0.00842	0.00561	0.00561	0.00842	0.00842	0.01122	0.01122	0.01964	0.01122	0.02245	0.02525	0.81201	0.00561	0.00561	0.00281	0.00281
48	0.01607	0.01388	0.01461	0.01315	0.01680	0.01607	0.01023	0.03433	0.72094	0.02703	0.02630	0.02411	0.01972	0.00877	0.00657	0.00219	0.00511	0.00731	0.00657	0.01023
49	0.00809	0.00571	0.00743	0.00872	0.00904	0.00539	0.00570	0.00905	0.01195	0.01593	0.03346	0.66609	0.04002	0.12657	0.01173	0.00314	0.00410	0.01710	0.00570	0.00506
50	0.00773	0.00646	0.00673	0.00685	0.00883	0.00546	0.00507	0.00938	0.01466	0.01774	0.09189	0.13030	0.63356	0.01660	0.00770	0.00222	0.00331	0.01401	0.00605	0.00546
51	0.01296	0.03342	0.73944	0.01842	0.02797	0.01501	0.02387	0.02046	0.01364	0.02046	0.01160	0.01364	0.00818	0.00614	0.00614	0.00205	0.00955	0.00477	0.00273	0.00955
52	0.00923	0.00692	0.01038	0.01038	0.01154	0.00808	0.00808	0.01154	0.01038	0.01500	0.01731	0.02538	0.01615	0.04846	0.74732	0.01038	0.01731	0.00692	0.00346	0.00577
53	0.39056	0.01178	0.01090	0.00937	0.01291	0.01311	0.00759	0.16463	0.01597	0.05200	0.01429	0.01592	0.01090	0.00827	0.02997	0.00214	0.00537	0.00485	0.21180	0.00768
54	0.00834	0.00596	0.00803	0.00953	0.01011	0.00565	0.00681	0.00981	0.01283	0.01702	0.03535	0.64044	0.04171	0.01980	0.00837	0.00269	0.00415	0.14201	0.00599	0.00538
55	0.01414	0.01414	0.01979	0.01696	0.01696	0.01979	0.01414	0.01555	0.00990	0.01555	0.00848	0.01414	0.00848	0.01131	0.02120	0.00283	0.76110	0.00565	0.00283	0.00707
56	0.01220	0.01148	0.01938	0.75739	0.04450	0.01436	0.01794	0.01651	0.01292	0.01651	0.01148	0.01723	0.00861	0.00646	0.00646	0.00215	0.00861	0.00574	0.00287	0.00718
57	0.00940	0.00626	0.00705	0.00705	0.00705	0.00626	0.00392	0.00940	0.00940	0.01253	0.02036	0.04228	0.02349	0.77292	0.03289	0.00626	0.00626	0.00940	0.00392	0.00392
58	0.00795	0.00571	0.00754	0.00886	0.00937	0.00531	0.00597	0.00921	0.01282	0.01712	0.08034	0.70099	0.06551	0.01968	0.00819	0.00257	0.00369	0.01780	0.00607	0.00531
59	0.00940	0.00626	0.00705	0.00705	0.00705	0.00626	0.00392	0.00940	0.00940	0.01253	0.02036	0.04228	0.02349	0.77292	0.03289	0.00626	0.00626	0.00940	0.00392	0.00392
60	0.01414	0.01414	0.01979	0.01696	0.01696	0.01979	0.01414	0.01555	0.00990	0.01555	0.00848	0.01414	0.00848	0.01131	0.02120	0.00283	0.76110	0.00565	0.00283	0.00707
61	0.00876	0.00605	0.00746	0.00815	0.00845	0.00586	0.00520	0.00951	0.01132	0.01514	0.05895	0.36166	0.03414	0.37837	0.01999	0.00435	0.00501	0.04192	0.00505	0.00468
62	0.01727	0.77681	0.03386	0.01106	0.01658	0.02557	0.01106	0.01935	0.01313	0.01520	0.00898	0.01036	0.00829	0.00553	0.00415	0.00138	0.00691	0.00345	0.00276	0.00829
63	0.01787	0.38608	0.23519	0.01423	0.02050	0.15235	0.01496	0.02147	0.01449	0.05407	0.01078	0.01215	0.00866	0.00604	0.00515	0.00166	0.00846	0.00412	0.00313	0.00865
64	0.01212	0.00958	0.01279	0.16978	0.03829	0.06148	0.00997	0.01265	0.01088	0.01406	0.01374	0.02048	0.03030	0.02197	0.16197	0.34334	0.04239	0.00601	0.00308	0.00512
65	0.00822	0.00598	0.00780	0.00900	0.00975	0.00556	0.00636	0.00974	0.01333	0.01764	0.09392	0.57088	0.10936	0.01906	0.00821	0.00257	0.00388	0.08726	0.00608	0.00541
66	0.01340	0.01148	0.01340	0.00957	0.01531	0.00861	0.00766	0.01627	0.01340	0.02105	0.01148	0.01340	0.00957	0.00479	0.00479	0.00096	0.00479	0.00383	0.00383	0.81242
67	0.01444	0.10277	0.44943	0.07491	0.02855	0.06336	0.13773	0.02044	0.01411	0.01938	0.01147	0.01410	0.00851	0.00602	0.00620	0.00199	0.00958	0.00516	0.00287	0.00897
68	0.02067	0.02085	0.01952	0.01740	0.05588	0.25762	0.01333	0.23035	0.01912	0.02357	0.01130	0.01384	0.00928	0.00842	0.01093	0.00213	0.24789	0.00522	0.00412	0.00856
69	0.02168	0.02639	0.02167	0.01812	0.02222	0.52699	0.14230	0.04393	0.04893	0.01814	0.01150	0.01346	0.00923	0.00648	0.00617	0.00176	0.01081	0.00498	0.00357	0.04168
70	0.01050	0.00685	0.00830	0.00812	0.00984	0.00618	0.00602	0.01217	0.01477	0.08363	0.20016	0.12240	0.28587	0.09418	0.01121	0.04452	0.00409	0.05931	0.00605	0.00582
