[name]
unknown

[dist]
# distance from previous block
# <min> <max>
0	53

[block]
# block no. 0 follows, 31 sequences, length 15
# corresponding to MSA columns:
# 53-67
name=unknown_A
#
# <colnr> <probs for GDERKNQSTAVLIFYWHMCP>
#	G	D	E	R	K	N	Q	S	T	A	V	L	I	F	Y	W	H	M	C	P
0	0.10661	0.01481	0.09145	0.06082	0.09157	0.01327	0.09731	0.08205	0.01661	0.02413	0.02226	0.04053	0.02165	0.01154	0.00770	0.00256	0.00768	0.27430	0.00493	0.00822
1	0.01770	0.01709	0.02631	0.09020	0.58473	0.05830	0.01991	0.06229	0.01668	0.02294	0.01290	0.01673	0.01064	0.00634	0.00675	0.00204	0.00841	0.00600	0.00358	0.01048
2	0.06527	0.01223	0.01392	0.01006	0.01602	0.00952	0.00806	0.01741	0.01402	0.02283	0.01199	0.01399	0.00996	0.00515	0.00501	0.00108	0.00508	0.00403	0.00406	0.75028
3	0.00986	0.00660	0.00749	0.00757	0.00759	0.00657	0.00426	0.00993	0.01012	0.01349	0.02243	0.08316	0.02597	0.71967	0.03341	0.00642	0.00649	0.01046	0.00426	0.00422
4	0.01732	0.01669	0.04662	0.11265	0.10150	0.01746	0.27496	0.07149	0.01597	0.07295	0.01359	0.01761	0.01050	0.00768	0.01069	0.00239	0.16996	0.00686	0.00391	0.00920
5	0.61013	0.14590	0.01538	0.06312	0.01647	0.01741	0.00902	0.01998	0.01219	0.02715	0.00972	0.01161	0.00778	0.00630	0.00445	0.00201	0.00593	0.00387	0.00392	0.00767
6	0.00818	0.00657	0.00730	0.00789	0.00949	0.00569	0.00562	0.00971	0.01467	0.01811	0.05766	0.31995	0.46752	0.01884	0.00832	0.00248	0.00365	0.01629	0.00635	0.00569
7	0.01579	0.01326	0.01493	0.01332	0.01633	0.01528	0.01042	0.08441	0.41681	0.02771	0.14218	0.07265	0.02779	0.01101	0.00885	0.00237	0.08188	0.00893	0.00660	0.00948
8	0.00976	0.00666	0.00741	0.00741	0.00765	0.00654	0.00425	0.00994	0.01053	0.01381	0.02650	0.04695	0.09620	0.68276	0.03205	0.00619	0.00630	0.01041	0.00437	0.00431
9	0.01396	0.00798	0.00814	0.00770	0.00975	0.00834	0.00588	0.05724	0.08680	0.02685	0.02255	0.02498	0.01754	0.00812	0.00513	0.00170	0.00367	0.00650	0.67004	0.00714
10	0.01564	0.01232	0.01390	0.01088	0.01574	0.01116	0.00854	0.06077	0.15996	0.04719	0.01750	0.01969	0.01414	0.05262	0.00743	0.00177	0.00527	0.00557	0.06296	0.45695
11	0.01702	0.01470	0.01547	0.01392	0.01779	0.01702	0.01083	0.03635	0.70453	0.02862	0.02785	0.02553	0.02088	0.00928	0.00696	0.00232	0.00541	0.00773	0.00696	0.01083
12	0.41776	0.01305	0.01305	0.01072	0.01532	0.01382	0.00882	0.10263	0.01682	0.26371	0.01681	0.01651	0.01159	0.00736	0.00545	0.00208	0.00563	0.00518	0.04442	0.00927
13	0.00865	0.00648	0.00778	0.00838	0.00951	0.00588	0.00579	0.01020	0.01451	0.01891	0.15312	0.36139	0.24655	0.09699	0.01119	0.00295	0.00398	0.01582	0.00631	0.00562
14	0.01844	0.17405	0.06872	0.01484	0.05291	0.08366	0.02782	0.06311	0.12856	0.06644	0.01527	0.01614	0.01193	0.00666	0.00580	0.00168	0.00710	0.00516	0.00456	0.22715

[dist]
# distance from previous block
# <min> <max>
0	1

[block]
# block no. 1 follows, 31 sequences, length 34
# corresponding to MSA columns:
# 69-102
name=unknown_B
#
# <colnr> <probs for GDERKNQSTAVLIFYWHMCP>
#	G	D	E	R	K	N	Q	S	T	A	V	L	I	F	Y	W	H	M	C	P
0	0.01662	0.19587	0.39484	0.01679	0.02455	0.01798	0.04782	0.07710	0.01610	0.06499	0.01443	0.05739	0.01164	0.00745	0.00627	0.00204	0.00870	0.00590	0.00379	0.00973
1	0.01754	0.08709	0.22619	0.01904	0.08131	0.01700	0.09310	0.16215	0.06508	0.05281	0.01932	0.02067	0.06507	0.00934	0.03210	0.00241	0.00862	0.00664	0.00461	0.00991
2	0.01103	0.00963	0.06082	0.00990	0.01225	0.00796	0.00807	0.01543	0.08216	0.04662	0.28683	0.21786	0.12788	0.01469	0.00778	0.00231	0.00423	0.01284	0.05471	0.00700
3	0.02048	0.01468	0.01693	0.07437	0.02002	0.01604	0.01147	0.41739	0.02451	0.06810	0.02075	0.14932	0.01864	0.05939	0.03324	0.00279	0.00725	0.00881	0.00625	0.00957
4	0.01672	0.07807	0.02338	0.20756	0.26970	0.01622	0.03908	0.02320	0.12985	0.07227	0.04497	0.02011	0.01455	0.00728	0.00672	0.00211	0.00760	0.00654	0.00439	0.00967
5	0.02003	0.06838	0.10535	0.01804	0.07436	0.15664	0.05419	0.23269	0.04164	0.02785	0.09212	0.04396	0.01766	0.00844	0.00679	0.00203	0.00839	0.00681	0.00508	0.00955
6	0.00835	0.00675	0.00750	0.00779	0.00959	0.00591	0.00569	0.01013	0.01520	0.01893	0.11593	0.20569	0.48972	0.01935	0.03938	0.00277	0.00419	0.01499	0.00634	0.00580
7	0.02188	0.01791	0.01822	0.05784	0.02058	0.10657	0.01233	0.36413	0.07139	0.05615	0.01873	0.01976	0.04250	0.01012	0.03149	0.00240	0.06130	0.00646	0.05037	0.00985
8	0.01669	0.01667	0.02546	0.16195	0.48134	0.07562	0.03795	0.02060	0.01543	0.02079	0.01314	0.01850	0.01112	0.00684	0.00730	0.00212	0.03013	0.02518	0.00341	0.00975
9	0.01530	0.01420	0.02373	0.12773	0.48859	0.01446	0.04047	0.01922	0.01525	0.02164	0.01827	0.02192	0.06938	0.00727	0.00677	0.00206	0.00757	0.00687	0.06974	0.00957
10	0.00851	0.00695	0.00751	0.00737	0.00950	0.00595	0.00553	0.01063	0.01659	0.02084	0.23866	0.06197	0.54329	0.01645	0.00808	0.00227	0.00340	0.01390	0.00666	0.00595
11	0.01130	0.00850	0.00973	0.00930	0.01155	0.00830	0.00699	0.03359	0.11622	0.05122	0.18713	0.12916	0.29531	0.03630	0.05143	0.00294	0.00492	0.01253	0.00657	0.00700
12	0.01736	0.01638	0.02759	0.08603	0.56510	0.01667	0.06861	0.07655	0.01686	0.02371	0.01319	0.01709	0.01075	0.00630	0.00688	0.00207	0.00839	0.00624	0.00365	0.01057
13	0.00834	0.00595	0.00794	0.00953	0.00992	0.00556	0.00635	0.00953	0.01310	0.01746	0.03771	0.75510	0.04525	0.02143	0.00873	0.00278	0.00397	0.01945	0.00635	0.00556
14	0.80789	0.01323	0.01006	0.00900	0.01323	0.01535	0.00741	0.02011	0.01164	0.03070	0.00953	0.01111	0.00741	0.00635	0.00423	0.00212	0.00529	0.00370	0.00423	0.00741
15	0.80789	0.01323	0.01006	0.00900	0.01323	0.01535	0.00741	0.02011	0.01164	0.03070	0.00953	0.01111	0.00741	0.00635	0.00423	0.00212	0.00529	0.00370	0.00423	0.00741
16	0.08551	0.01753	0.08523	0.01601	0.07087	0.11566	0.04126	0.02507	0.20978	0.07377	0.02438	0.08993	0.07046	0.00967	0.00677	0.00219	0.00699	0.00802	0.03189	0.00902
17	0.00977	0.00684	0.00897	0.00910	0.00980	0.00722	0.00629	0.01121	0.01163	0.01632	0.07980	0.11842	0.02729	0.31955	0.29430	0.00732	0.01039	0.01011	0.03036	0.00532
18	0.02349	0.01832	0.01868	0.01510	0.01989	0.06821	0.01218	0.44898	0.18325	0.06332	0.01977	0.04427	0.01493	0.00885	0.00689	0.00212	0.00719	0.00689	0.00669	0.01098
19	0.07787	0.01556	0.02274	0.18392	0.37575	0.03952	0.01762	0.07709	0.05698	0.02367	0.01373	0.01738	0.01099	0.00806	0.02881	0.00238	0.00836	0.00599	0.00389	0.00971
20	0.01791	0.70302	0.09318	0.01236	0.01856	0.02614	0.01284	0.02058	0.01395	0.01656	0.00974	0.01126	0.00877	0.00591	0.00457	0.00152	0.00755	0.00377	0.00292	0.00889
21	0.00834	0.00595	0.00794	0.00953	0.00992	0.00556	0.00635	0.00953	0.01310	0.01746	0.03771	0.75510	0.04525	0.02143	0.00873	0.00278	0.00397	0.01945	0.00635	0.00556
22	0.01558	0.01344	0.01491	0.07364	0.01929	0.01539	0.01105	0.03127	0.54921	0.02637	0.03050	0.03133	0.07875	0.01032	0.00719	0.00237	0.00561	0.04737	0.00655	0.00987
23	0.04902	0.01353	0.01887	0.31710	0.12573	0.03415	0.01499	0.06347	0.05651	0.07239	0.01590	0.06189	0.01299	0.00772	0.00660	0.00207	0.00754	0.00664	0.00434	0.10854
24	0.01661	0.02069	0.13435	0.02198	0.08863	0.11861	0.22403	0.06476	0.03155	0.02145	0.01590	0.08118	0.01414	0.04887	0.03355	0.00275	0.04053	0.00772	0.00394	0.00876
25	0.01240	0.00983	0.01043	0.00965	0.01180	0.06772	0.00731	0.01647	0.06607	0.05567	0.49799	0.04515	0.10682	0.01289	0.00766	0.00212	0.00427	0.01109	0.03762	0.00704
26	0.02266	0.02738	0.02092	0.01826	0.02148	0.51521	0.06425	0.04800	0.01807	0.01815	0.01177	0.01585	0.01024	0.00822	0.00899	0.00206	0.12608	0.03074	0.00366	0.00803
27	0.00955	0.00699	0.00896	0.00847	0.01014	0.00640	0.00635	0.01265	0.01905	0.02669	0.65996	0.05232	0.11833	0.01426	0.00807	0.00216	0.00325	0.01254	0.00743	0.00640
28	0.00831	0.00604	0.00785	0.00930	0.00986	0.00558	0.00625	0.00955	0.01332	0.01755	0.04046	0.69509	0.10348	0.02108	0.00868	0.00274	0.00393	0.01901	0.00635	0.00558
29	0.00912	0.00694	0.00839	0.00810	0.00990	0.00621	0.00605	0.01180	0.01794	0.02421	0.48285	0.08036	0.27258	0.01532	0.00810	0.00222	0.00333	0.01328	0.00711	0.00621
30	0.01123	0.00804	0.00962	0.00890	0.01103	0.00757	0.00676	0.06935	0.01906	0.04448	0.43017	0.09187	0.20704	0.01442	0.00789	0.00220	0.00375	0.01245	0.02735	0.00681
31	0.64236	0.07784	0.01339	0.01033	0.01460	0.10808	0.00851	0.02106	0.01282	0.02770	0.00966	0.01126	0.00770	0.00640	0.00449	0.00202	0.00636	0.00379	0.00403	0.00759
32	0.02004	0.10542	0.08193	0.01816	0.08679	0.13545	0.03659	0.23886	0.02058	0.02627	0.01540	0.07724	0.01361	0.03768	0.00866	0.00225	0.05422	0.00679	0.00469	0.00937
33	0.01712	0.01569	0.01770	0.09521	0.03914	0.11195	0.06067	0.16546	0.11351	0.02517	0.04833	0.10860	0.06602	0.01377	0.06764	0.00294	0.00843	0.00869	0.00533	0.00863

[dist]
# distance from previous block
# <min> <max>
1	8

[block]
# block no. 2 follows, 31 sequences, length 36
# corresponding to MSA columns:
# 111-146
name=unknown_C
#
# <colnr> <probs for GDERKNQSTAVLIFYWHMCP>
#	G	D	E	R	K	N	Q	S	T	A	V	L	I	F	Y	W	H	M	C	P
0	0.01979	0.01607	0.01703	0.01448	0.01885	0.01831	0.01150	0.23930	0.49706	0.03309	0.02432	0.02272	0.01803	0.00895	0.00693	0.00224	0.00607	0.00725	0.00693	0.01108
1	0.02339	0.04780	0.03887	0.04343	0.04230	0.27907	0.04924	0.05490	0.04554	0.20126	0.04140	0.01810	0.01372	0.00770	0.00700	0.00196	0.03036	0.00587	0.00516	0.04292
2	0.01693	0.01626	0.02777	0.04199	0.71689	0.01626	0.02100	0.02100	0.01558	0.02235	0.01287	0.01693	0.01084	0.00610	0.00677	0.00203	0.00813	0.00610	0.00339	0.01084
3	0.00980	0.00722	0.01044	0.01044	0.01147	0.00825	0.00786	0.01186	0.01083	0.01547	0.01883	0.02969	0.01832	0.16263	0.62281	0.01031	0.01649	0.00774	0.00374	0.00580
4	0.01704	0.07743	0.05130	0.21414	0.31023	0.11751	0.07521	0.02104	0.01550	0.01976	0.01216	0.01619	0.00983	0.00639	0.00662	0.00204	0.00927	0.00579	0.00327	0.00927
5	0.00991	0.00680	0.00832	0.00832	0.00861	0.00710	0.00521	0.01050	0.01020	0.01390	0.02077	0.04043	0.02299	0.58793	0.20388	0.00769	0.00947	0.00931	0.00403	0.00462
6	0.02326	0.01101	0.01404	0.01128	0.01542	0.01020	0.00912	0.10724	0.02070	0.41027	0.19839	0.03126	0.05765	0.01017	0.00715	0.00211	0.00519	0.00846	0.03719	0.00991
7	0.01150	0.00798	0.00987	0.00910	0.01125	0.00755	0.00692	0.01595	0.08053	0.07140	0.52595	0.04886	0.13944	0.01363	0.00789	0.00218	0.00362	0.01186	0.00739	0.00710
8	0.01661	0.01498	0.02651	0.18953	0.38247	0.01535	0.12350	0.02090	0.01554	0.06984	0.01497	0.02079	0.01219	0.00699	0.00713	0.00219	0.00862	0.03836	0.00382	0.00972
9	0.01822	0.02004	0.01981	0.01723	0.01909	0.25485	0.04477	0.04831	0.01477	0.01792	0.01211	0.04455	0.01134	0.01420	0.08623	0.00331	0.33578	0.00623	0.00355	0.00768
10	0.01292	0.01216	0.02052	0.74312	0.04712	0.01520	0.01900	0.01748	0.01368	0.01748	0.01216	0.01824	0.00912	0.00684	0.00684	0.00228	0.00912	0.00608	0.00304	0.00760
11	0.01881	0.04173	0.01507	0.01200	0.01542	0.10660	0.00926	0.02220	0.07455	0.17960	0.01868	0.02402	0.01577	0.16797	0.05034	0.00332	0.05875	0.00659	0.00513	0.15418
12	0.01829	0.76368	0.03585	0.01171	0.01756	0.02707	0.01171	0.02049	0.01390	0.01610	0.00951	0.01097	0.00878	0.00585	0.00439	0.00146	0.00732	0.00366	0.00293	0.00878
13	0.00866	0.00702	0.00776	0.00794	0.01000	0.00611	0.00612	0.01075	0.01602	0.01987	0.14905	0.09094	0.52124	0.01723	0.00827	0.00241	0.00380	0.09439	0.00650	0.00592
14	0.01298	0.00797	0.00972	0.00886	0.01137	0.00713	0.00679	0.01600	0.03829	0.14510	0.33069	0.07791	0.27225	0.01430	0.00786	0.00223	0.00385	0.01225	0.00724	0.00723
15	0.00981	0.00669	0.00775	0.00783	0.00815	0.00658	0.00476	0.01035	0.01141	0.01524	0.08795	0.08043	0.05889	0.59857	0.02910	0.00573	0.00605	0.03540	0.00473	0.00457
16	0.00895	0.00684	0.00825	0.00847	0.01011	0.00615	0.00632	0.01125	0.01655	0.02179	0.30145	0.18886	0.29644	0.01696	0.00830	0.00240	0.00368	0.06440	0.00679	0.00603
17	0.01871	0.37639	0.11761	0.03810	0.02049	0.09652	0.01388	0.09311	0.01629	0.04059	0.01193	0.01408	0.00993	0.00996	0.05811	0.00245	0.04453	0.00473	0.00363	0.00896
18	0.01656	0.04222	0.01386	0.01081	0.01456	0.01080	0.00860	0.09505	0.03749	0.14099	0.04308	0.04886	0.08919	0.05324	0.14542	0.00378	0.00785	0.00761	0.03383	0.17621
19	0.09744	0.09938	0.14729	0.06560	0.07059	0.07344	0.11110	0.08319	0.04358	0.07779	0.01375	0.01589	0.01039	0.00711	0.00736	0.00212	0.05474	0.00569	0.00416	0.00941
20	0.09291	0.01281	0.01469	0.01207	0.01624	0.01329	0.00977	0.14180	0.12903	0.27450	0.04308	0.02599	0.08512	0.00948	0.00733	0.00216	0.03688	0.00741	0.05550	0.00993
21	0.00861	0.00680	0.00779	0.00804	0.00980	0.00597	0.00595	0.01063	0.01596	0.02035	0.20391	0.19394	0.41470	0.01744	0.00826	0.00240	0.00363	0.04330	0.00661	0.00591
22	0.01655	0.31185	0.15226	0.01348	0.01849	0.15137	0.01306	0.01955	0.01513	0.01797	0.05393	0.09720	0.04250	0.04058	0.00720	0.00208	0.00801	0.00688	0.00382	0.00809
23	0.04273	0.09900	0.26243	0.01959	0.09807	0.01667	0.08482	0.04358	0.13883	0.04952	0.04370	0.04088	0.01491	0.00768	0.00663	0.00213	0.00806	0.00658	0.00439	0.00982
24	0.00839	0.00655	0.00761	0.00817	0.00963	0.00577	0.00581	0.01009	0.01508	0.01921	0.13779	0.33617	0.36832	0.01853	0.00834	0.00248	0.00363	0.01616	0.00650	0.00577
25	0.01005	0.00774	0.01153	0.01137	0.01253	0.00922	0.00890	0.01245	0.01097	0.01591	0.01782	0.02623	0.01667	0.04919	0.69415	0.01056	0.05764	0.00726	0.00363	0.00618
26	0.01804	0.24810	0.17775	0.04694	0.02632	0.01908	0.20438	0.02256	0.01526	0.11181	0.01368	0.01583	0.01030	0.00657	0.00693	0.00202	0.03538	0.00578	0.00380	0.00947
27	0.01065	0.00844	0.01238	0.14973	0.04199	0.00869	0.02902	0.01351	0.03879	0.03612	0.03354	0.44119	0.09466	0.01650	0.00815	0.00258	0.00543	0.03640	0.00562	0.00661
28	0.01188	0.00594	0.00891	0.00891	0.00891	0.00594	0.00594	0.00891	0.00891	0.01188	0.01188	0.02080	0.01188	0.02377	0.02674	0.80095	0.00594	0.00594	0.00297	0.00297
29	0.00919	0.00695	0.00963	0.01188	0.06607	0.00653	0.00748	0.01090	0.01422	0.01921	0.12629	0.57637	0.07131	0.01907	0.00846	0.00262	0.00418	0.01726	0.00627	0.00610
30	0.02598	0.01753	0.01831	0.05384	0.02100	0.10851	0.01214	0.28273	0.08981	0.26854	0.02014	0.01921	0.01383	0.00818	0.00678	0.00208	0.00745	0.00633	0.00678	0.01086
31	0.80789	0.01323	0.01006	0.00900	0.01323	0.01535	0.00741	0.02011	0.01164	0.03070	0.00953	0.01111	0.00741	0.00635	0.00423	0.00212	0.00529	0.00370	0.00423	0.00741
32	0.01533	0.18711	0.50787	0.01836	0.02710	0.04865	0.06281	0.02167	0.01464	0.02030	0.01172	0.01387	0.00880	0.00634	0.00614	0.00201	0.00971	0.00492	0.00296	0.00968
33	0.01850	0.60149	0.11611	0.01325	0.01937	0.09851	0.01348	0.02133	0.01453	0.01683	0.00995	0.01153	0.00877	0.00605	0.00482	0.00158	0.00817	0.00390	0.00298	0.00885
34	0.01056	0.00723	0.00845	0.00822	0.01033	0.00630	0.00613	0.01269	0.01656	0.08370	0.22761	0.15928	0.38535	0.01627	0.00807	0.00232	0.00369	0.01396	0.00685	0.00645
35	0.04846	0.01284	0.01424	0.01270	0.01601	0.01395	0.00980	0.19685	0.23836	0.07870	0.02721	0.25085	0.02532	0.01264	0.00737	0.00237	0.00553	0.01078	0.00674	0.00931

[dist]
# distance from previous block
# <min> <max>
0	18

[block]
# block no. 3 follows, 31 sequences, length 28
# corresponding to MSA columns:
# 165-192
name=unknown_D
#
# <colnr> <probs for GDERKNQSTAVLIFYWHMCP>
#	G	D	E	R	K	N	Q	S	T	A	V	L	I	F	Y	W	H	M	C	P
0	0.05855	0.14200	0.08639	0.43634	0.03662	0.01718	0.05914	0.01951	0.01410	0.05091	0.01236	0.01652	0.00936	0.00662	0.00633	0.00212	0.00869	0.00561	0.00335	0.00830
1	0.01363	0.00824	0.01127	0.01199	0.01406	0.00795	0.01026	0.01657	0.01612	0.11963	0.03572	0.09917	0.05987	0.01713	0.00885	0.00291	0.00592	0.50151	0.03219	0.00700
2	0.00947	0.00686	0.00881	0.00981	0.01069	0.00647	0.00676	0.03717	0.01385	0.01861	0.03491	0.63599	0.04118	0.05369	0.00970	0.00286	0.00436	0.04039	0.00616	0.04226
3	0.01681	0.06040	0.07703	0.08296	0.20458	0.04344	0.11001	0.05162	0.01545	0.06433	0.01495	0.06284	0.01288	0.01028	0.04345	0.00266	0.10622	0.00701	0.00393	0.00916
4	0.01065	0.00719	0.00944	0.00925	0.01093	0.00680	0.00697	0.01324	0.01667	0.06617	0.37014	0.16070	0.12524	0.02050	0.10747	0.00352	0.00571	0.03622	0.00669	0.00650
5	0.00846	0.00610	0.00805	0.00956	0.01011	0.00569	0.00654	0.00978	0.01336	0.01767	0.03915	0.68673	0.07710	0.02110	0.00874	0.00278	0.00407	0.05306	0.00635	0.00561
6	0.01599	0.04225	0.02450	0.22899	0.17546	0.01544	0.13563	0.03899	0.01496	0.07370	0.01445	0.01934	0.01154	0.02623	0.08872	0.00327	0.05132	0.00662	0.00380	0.00880
7	0.01901	0.05574	0.15860	0.07816	0.04168	0.05038	0.07526	0.16441	0.10235	0.09765	0.01974	0.04769	0.04188	0.00835	0.00687	0.00215	0.00803	0.00700	0.00516	0.00989
8	0.01521	0.01425	0.02340	0.49699	0.15090	0.04443	0.08563	0.01961	0.01473	0.05074	0.01305	0.01804	0.00986	0.00670	0.00693	0.00221	0.00918	0.00625	0.00340	0.00848
9	0.00983	0.00711	0.00986	0.00986	0.01070	0.00794	0.00714	0.01149	0.01066	0.01504	0.01936	0.03260	0.01959	0.27786	0.50930	0.00960	0.01459	0.00817	0.00382	0.00548
10	0.02111	0.01781	0.05085	0.03873	0.02403	0.01815	0.15647	0.33722	0.13548	0.06561	0.01818	0.01989	0.01352	0.04088	0.00834	0.00237	0.00806	0.00698	0.00584	0.01049
11	0.01427	0.04524	0.01211	0.01023	0.01279	0.03220	0.00773	0.04813	0.01551	0.11490	0.06607	0.23853	0.09872	0.10568	0.03040	0.00300	0.00567	0.04154	0.00588	0.09141
12	0.23393	0.03921	0.01764	0.01954	0.21596	0.01421	0.01206	0.04659	0.01446	0.05702	0.01439	0.06674	0.01284	0.03601	0.00761	0.00214	0.03890	0.00612	0.00431	0.14033
13	0.01516	0.01222	0.01522	0.01136	0.01675	0.01016	0.03849	0.04508	0.04097	0.05614	0.01453	0.01750	0.01204	0.04102	0.05608	0.00213	0.00647	0.00506	0.00444	0.57917
14	0.00909	0.00633	0.00799	0.00902	0.00936	0.00610	0.00591	0.01001	0.01218	0.01620	0.03193	0.45741	0.03767	0.28049	0.01795	0.00416	0.00507	0.06244	0.00557	0.00511
15	0.06589	0.08317	0.15402	0.05634	0.14075	0.01769	0.09518	0.08548	0.11492	0.02433	0.01541	0.01905	0.01233	0.00764	0.00762	0.00220	0.05434	0.02975	0.00421	0.00967
16	0.12434	0.17987	0.05509	0.05474	0.07908	0.32681	0.01342	0.02318	0.01614	0.01943	0.01064	0.01277	0.00886	0.00650	0.00559	0.00178	0.00941	0.00440	0.00345	0.04451
17	0.01038	0.00708	0.00824	0.00815	0.00859	0.00731	0.00506	0.01180	0.04245	0.01532	0.04464	0.04114	0.02478	0.58366	0.11087	0.00654	0.00763	0.00946	0.04203	0.00486
18	0.01405	0.01407	0.01391	0.03809	0.01591	0.18795	0.03713	0.01644	0.01439	0.01773	0.08205	0.05029	0.03929	0.06444	0.33367	0.00626	0.01299	0.00774	0.02695	0.00666
19	0.00878	0.00684	0.00800	0.00816	0.00990	0.00606	0.00606	0.01097	0.01641	0.02129	0.26996	0.17372	0.36464	0.01699	0.00825	0.00237	0.00360	0.04528	0.00673	0.00598
20	0.00995	0.00663	0.00746	0.00746	0.00746	0.00663	0.00415	0.00995	0.00995	0.01327	0.02156	0.04477	0.02487	0.75957	0.03482	0.00663	0.00663	0.00995	0.00415	0.00415
21	0.00815	0.00689	0.00705	0.00709	0.00930	0.00579	0.00529	0.00991	0.01563	0.01875	0.09020	0.09251	0.66541	0.01737	0.00811	0.00232	0.00348	0.01457	0.00639	0.00579
22	0.80789	0.01323	0.01006	0.00900	0.01323	0.01535	0.00741	0.02011	0.01164	0.03070	0.00953	0.01111	0.00741	0.00635	0.00423	0.00212	0.00529	0.00370	0.00423	0.00741
23	0.01292	0.01216	0.02052	0.74312	0.04712	0.01520	0.01900	0.01748	0.01368	0.01748	0.01216	0.01824	0.00912	0.00684	0.00684	0.00228	0.00912	0.00608	0.00304	0.00760
24	0.00891	0.00683	0.00754	0.00752	0.00944	0.00599	0.00558	0.01111	0.01628	0.02132	0.23066	0.11031	0.43670	0.01598	0.00785	0.00224	0.00342	0.01360	0.07271	0.00599
25	0.06248	0.05416	0.02168	0.09834	0.07921	0.18766	0.05511	0.17907	0.05463	0.06881	0.01416	0.01608	0.01081	0.00760	0.00761	0.00208	0.06069	0.00572	0.00468	0.00942
26	0.09816	0.27980	0.02397	0.01350	0.01859	0.14695	0.03474	0.07775	0.07161	0.08804	0.01374	0.01452	0.01078	0.00675	0.00551	0.00175	0.00769	0.00481	0.00443	0.07691
27	0.04272	0.14557	0.08417	0.01670	0.06640	0.07791	0.07644	0.05061	0.14379	0.03729	0.01616	0.01872	0.01306	0.03763	0.03975	0.00254	0.03287	0.00599	0.04555	0.04612

[dist]
# distance from previous block
# <min> <max>
0	14

[block]
# block no. 4 follows, 31 sequences, length 29
# corresponding to MSA columns:
# 207-235
name=unknown_E
#
# <colnr> <probs for GDERKNQSTAVLIFYWHMCP>
#	G	D	E	R	K	N	Q	S	T	A	V	L	I	F	Y	W	H	M	C	P
0	0.07036	0.09577	0.01957	0.01472	0.04152	0.07720	0.01167	0.32660	0.10406	0.03145	0.01885	0.01932	0.05201	0.00960	0.03082	0.00226	0.00752	0.00618	0.00560	0.05491
1	0.01102	0.00848	0.01093	0.01009	0.01247	0.00795	0.04576	0.01512	0.08514	0.05509	0.21678	0.15970	0.28738	0.01528	0.00805	0.00236	0.00432	0.03054	0.00664	0.00691
2	0.05021	0.25348	0.06147	0.01727	0.09434	0.07213	0.08010	0.02248	0.05739	0.07810	0.01437	0.03943	0.01189	0.00685	0.00584	0.00178	0.00761	0.00557	0.00409	0.11559
3	0.01730	0.12552	0.28080	0.05754	0.07560	0.01791	0.07398	0.14040	0.04299	0.04327	0.03073	0.01829	0.01236	0.00732	0.00659	0.00209	0.00864	0.02457	0.00418	0.00992
4	0.00840	0.00611	0.00779	0.00910	0.00970	0.00564	0.00609	0.00958	0.01321	0.01735	0.04053	0.63310	0.12322	0.06299	0.01014	0.00294	0.00406	0.01832	0.00623	0.00550
5	0.01373	0.11995	0.33519	0.01810	0.06304	0.01515	0.09759	0.01922	0.01575	0.02217	0.16683	0.02423	0.04354	0.00828	0.00682	0.00209	0.00809	0.00718	0.00411	0.00894
6	0.03785	0.06469	0.14601	0.11871	0.15965	0.03532	0.14983	0.02146	0.07369	0.02114	0.01477	0.02009	0.01216	0.03235	0.00843	0.00236	0.03831	0.03033	0.00369	0.00915
7	0.01156	0.00807	0.00989	0.01048	0.03551	0.00762	0.00726	0.06211	0.01572	0.06459	0.06403	0.33645	0.22022	0.07736	0.01035	0.00283	0.00463	0.03847	0.00628	0.00657
8	0.01404	0.00739	0.00780	0.00731	0.00941	0.00724	0.00560	0.04682	0.01577	0.07404	0.04528	0.02972	0.08932	0.00913	0.00544	0.00174	0.00359	0.00738	0.60607	0.00692
9	0.01528	0.04605	0.15390	0.08035	0.15263	0.06927	0.03908	0.05121	0.03798	0.02074	0.02036	0.03966	0.09840	0.01070	0.03596	0.00257	0.10598	0.00718	0.00394	0.00876
10	0.01652	0.01752	0.14081	0.04913	0.20923	0.01418	0.10424	0.09286	0.01718	0.07993	0.02081	0.12252	0.04495	0.00953	0.00732	0.00226	0.00787	0.02896	0.00470	0.00947
11	0.20175	0.03238	0.01455	0.01256	0.01519	0.01064	0.11475	0.01495	0.01340	0.02167	0.02512	0.33288	0.02744	0.04090	0.00828	0.00263	0.00583	0.06530	0.03306	0.00671
12	0.55837	0.04358	0.01511	0.01393	0.07658	0.07891	0.03091	0.04346	0.01353	0.02778	0.01025	0.01228	0.00818	0.00664	0.00557	0.00209	0.03646	0.00428	0.00406	0.00801
13	0.01561	0.00795	0.00925	0.00829	0.01068	0.00763	0.00643	0.04558	0.01719	0.14600	0.19142	0.03100	0.02866	0.00953	0.00603	0.00184	0.00382	0.00792	0.43766	0.00751
14	0.01506	0.01361	0.05836	0.03615	0.12167	0.01342	0.07083	0.10749	0.01586	0.04504	0.02004	0.02561	0.06521	0.08750	0.16542	0.00450	0.07658	0.00748	0.04201	0.00820
15	0.07798	0.08422	0.02237	0.13001	0.18980	0.10604	0.01515	0.21769	0.02002	0.02684	0.01317	0.01581	0.01035	0.00851	0.03148	0.00231	0.00869	0.00556	0.00439	0.00963
16	0.01139	0.00665	0.00772	0.00767	0.00919	0.00670	0.00577	0.01435	0.01473	0.02378	0.15190	0.05455	0.05230	0.01695	0.12504	0.00330	0.00571	0.00834	0.46765	0.00630
17	0.01968	0.18139	0.05195	0.01445	0.01826	0.38437	0.01189	0.02190	0.01709	0.01776	0.06952	0.07112	0.04946	0.01031	0.03072	0.00216	0.00966	0.00654	0.00402	0.00776
18	0.01972	0.01538	0.01684	0.01411	0.01825	0.01731	0.01130	0.32198	0.28889	0.03332	0.05229	0.02283	0.01828	0.01440	0.09979	0.00331	0.00790	0.00720	0.00651	0.01038
19	0.01930	0.04131	0.04881	0.13427	0.17598	0.09154	0.08325	0.12456	0.12002	0.06899	0.01613	0.01813	0.01216	0.00722	0.00681	0.00211	0.00847	0.00630	0.00469	0.00995
20	0.01710	0.04825	0.02150	0.01752	0.01972	0.18364	0.08445	0.02031	0.05597	0.01786	0.01409	0.01814	0.03679	0.01338	0.07651	0.00320	0.33385	0.00629	0.00359	0.00784
21	0.00985	0.00659	0.00749	0.00759	0.00761	0.00657	0.00428	0.00992	0.01014	0.01352	0.02254	0.08823	0.02612	0.71441	0.03323	0.00640	0.00647	0.01053	0.00428	0.00423
22	0.01211	0.00953	0.01049	0.03859	0.01325	0.05168	0.00765	0.01513	0.03501	0.06729	0.28793	0.07999	0.24155	0.01385	0.00773	0.00219	0.00460	0.04288	0.00650	0.05206
23	0.01466	0.01334	0.02075	0.23712	0.30730	0.01432	0.01671	0.05098	0.05797	0.02168	0.02256	0.02817	0.10291	0.00892	0.00716	0.00223	0.00750	0.05250	0.00425	0.00897
24	0.01894	0.42301	0.11751	0.04001	0.08809	0.17229	0.01485	0.02202	0.01528	0.01758	0.01049	0.01250	0.00898	0.00624	0.00534	0.00169	0.00886	0.00430	0.00310	0.00893
25	0.01836	0.10750	0.01573	0.01089	0.01475	0.01328	0.00890	0.11581	0.11349	0.15422	0.08478	0.02899	0.09904	0.03552	0.00741	0.00212	0.00533	0.00774	0.11926	0.03685
26	0.01779	0.01679	0.07021	0.04511	0.17965	0.05625	0.03225	0.10377	0.08736	0.07543	0.04432	0.06526	0.03488	0.00919	0.00890	0.00222	0.10017	0.00740	0.00490	0.03816
27	0.02009	0.01439	0.01744	0.04852	0.01936	0.01553	0.04956	0.32210	0.10881	0.07162	0.04388	0.02221	0.03866	0.01060	0.00936	0.10236	0.00667	0.00698	0.06248	0.00937
28	0.01878	0.04308	0.06216	0.06409	0.11915	0.04491	0.01367	0.23986	0.12296	0.04409	0.01980	0.11463	0.01728	0.03481	0.00791	0.00233	0.00721	0.00803	0.00550	0.00976

[dist]
# distance from previous block
# <min> <max>
0	12

[block]
# block no. 5 follows, 31 sequences, length 18
# corresponding to MSA columns:
# 248-265
name=unknown_F
#
# <colnr> <probs for GDERKNQSTAVLIFYWHMCP>
#	G	D	E	R	K	N	Q	S	T	A	V	L	I	F	Y	W	H	M	C	P
0	0.01580	0.10010	0.09010	0.05438	0.08533	0.13083	0.04800	0.03905	0.01595	0.02013	0.02205	0.06978	0.10874	0.00907	0.00656	0.00191	0.00766	0.02818	0.00419	0.14219
1	0.01582	0.01180	0.01307	0.01119	0.01445	0.01231	0.00877	0.21432	0.12532	0.04989	0.22338	0.03925	0.17797	0.04102	0.00855	0.00235	0.00507	0.01005	0.00689	0.00854
2	0.00890	0.00680	0.00816	0.00817	0.00983	0.00607	0.00599	0.01126	0.01700	0.02262	0.37416	0.17317	0.29029	0.01640	0.00819	0.00231	0.00343	0.01428	0.00692	0.00607
3	0.00995	0.00663	0.00746	0.00746	0.00746	0.00663	0.00415	0.00995	0.00995	0.01327	0.02156	0.04477	0.02487	0.75957	0.03482	0.00663	0.00663	0.00995	0.00415	0.00415
4	0.00877	0.00696	0.00788	0.00765	0.00966	0.00607	0.00574	0.01114	0.01721	0.02232	0.34524	0.05953	0.43578	0.01590	0.00808	0.00224	0.00336	0.01355	0.00686	0.00607
5	0.02057	0.01676	0.01709	0.01454	0.01890	0.05649	0.01152	0.21667	0.45175	0.06313	0.02373	0.02221	0.01751	0.00883	0.00688	0.00221	0.00639	0.00708	0.00681	0.01093
6	0.01872	0.72208	0.03499	0.01193	0.01776	0.02674	0.01178	0.05812	0.01492	0.01761	0.00990	0.01128	0.00894	0.00598	0.00453	0.00150	0.00733	0.00380	0.00315	0.00894
7	0.05610	0.08277	0.03850	0.01434	0.01842	0.12087	0.03025	0.20092	0.14899	0.02784	0.01690	0.01812	0.01310	0.00913	0.02526	0.00225	0.05718	0.00594	0.10377	0.00933
8	0.05218	0.00937	0.01108	0.01039	0.01287	0.00898	0.00764	0.07823	0.04625	0.09144	0.02979	0.37908	0.05650	0.06062	0.00918	0.00258	0.00490	0.01291	0.00610	0.10992
9	0.01911	0.08495	0.11304	0.03726	0.03909	0.11777	0.04948	0.16059	0.07157	0.04288	0.01461	0.03353	0.01186	0.01011	0.03736	0.00254	0.13439	0.00612	0.00443	0.00930
10	0.72517	0.01386	0.01116	0.00971	0.01408	0.01597	0.00800	0.09142	0.01381	0.03201	0.01026	0.01168	0.00786	0.00655	0.00451	0.00211	0.00553	0.00396	0.00451	0.00786
11	0.02334	0.01393	0.04842	0.01358	0.01818	0.05099	0.05238	0.04758	0.05680	0.39586	0.07866	0.02635	0.05799	0.01152	0.04675	0.00264	0.03051	0.00760	0.00688	0.01002
12	0.01292	0.01216	0.02052	0.74312	0.04712	0.01520	0.01900	0.01748	0.01368	0.01748	0.01216	0.01824	0.00912	0.00684	0.00684	0.00228	0.00912	0.00608	0.00304	0.00760
13	0.01450	0.00888	0.01208	0.01039	0.01318	0.00819	0.03880	0.01846	0.05592	0.16766	0.44377	0.04395	0.11123	0.01255	0.00777	0.00218	0.00428	0.01100	0.00739	0.00781
14	0.01788	0.14819	0.10569	0.04463	0.13055	0.09695	0.14176	0.03914	0.08127	0.05762	0.01782	0.01957	0.05427	0.00733	0.00662	0.00203	0.00867	0.00645	0.00414	0.00942
15	0.02945	0.01179	0.01578	0.01218	0.01730	0.01043	0.01003	0.06491	0.02019	0.65455	0.05973	0.02430	0.01898	0.00872	0.00694	0.00212	0.00578	0.00711	0.00834	0.01139
16	0.03070	0.01164	0.01588	0.01217	0.01746	0.01006	0.01006	0.03334	0.01958	0.72163	0.02699	0.02329	0.01694	0.00847	0.00688	0.00212	0.00582	0.00688	0.00847	0.01164
17	0.01340	0.01024	0.01495	0.32439	0.02752	0.01131	0.01283	0.05738	0.01582	0.07365	0.04621	0.14719	0.11878	0.01233	0.00764	0.00243	0.00671	0.08467	0.00515	0.00741

[dist]
# distance from previous block
# <min> <max>
0	1

[block]
# block no. 6 follows, 31 sequences, length 25
# corresponding to MSA columns:
# 267-291
name=unknown_G
#
# <colnr> <probs for GDERKNQSTAVLIFYWHMCP>
#	G	D	E	R	K	N	Q	S	T	A	V	L	I	F	Y	W	H	M	C	P
0	0.01492	0.13644	0.30210	0.05579	0.04154	0.01533	0.01655	0.04310	0.05471	0.05964	0.06357	0.12982	0.01922	0.00948	0.00670	0.00215	0.00760	0.00787	0.00442	0.00903
1	0.06656	0.02128	0.22765	0.02257	0.04743	0.01528	0.34980	0.02018	0.01494	0.02187	0.03224	0.05663	0.01365	0.04864	0.00885	0.00251	0.00976	0.00767	0.00363	0.00886
2	0.45094	0.07138	0.01559	0.01244	0.01641	0.22077	0.01003	0.05257	0.01487	0.02548	0.01011	0.01191	0.00818	0.00691	0.00592	0.00202	0.04849	0.00414	0.00399	0.00785
3	0.00878	0.00671	0.00809	0.00850	0.01000	0.00602	0.00623	0.01086	0.01593	0.02083	0.24033	0.26652	0.29362	0.01769	0.00835	0.00245	0.00371	0.05278	0.00668	0.00593
4	0.01617	0.01226	0.01477	0.01082	0.01646	0.00990	0.00873	0.01907	0.01461	0.10393	0.01372	0.01530	0.01086	0.00586	0.00627	0.00126	0.04748	0.00449	0.00451	0.66353
5	0.00849	0.00684	0.00757	0.00762	0.00955	0.00591	0.00563	0.01052	0.01621	0.02050	0.21902	0.13887	0.48529	0.01699	0.00815	0.00232	0.00346	0.01450	0.00663	0.00591
6	0.00934	0.00694	0.00870	0.00835	0.01003	0.00629	0.00623	0.01221	0.01842	0.02540	0.56856	0.08486	0.17954	0.01491	0.00810	0.00221	0.00330	0.01305	0.00727	0.00629
7	0.01497	0.01497	0.02095	0.01796	0.01796	0.02095	0.01497	0.01646	0.01048	0.01646	0.00898	0.01497	0.00898	0.01197	0.02245	0.00299	0.74704	0.00599	0.00299	0.00748
8	0.01227	0.01008	0.01307	0.01070	0.01410	0.00916	0.02857	0.01458	0.01243	0.01859	0.01558	0.02371	0.01484	0.16519	0.20579	0.00489	0.03618	0.00627	0.00391	0.38010
9	0.01693	0.01626	0.02777	0.04199	0.71689	0.01626	0.02100	0.02100	0.01558	0.02235	0.01287	0.01693	0.01084	0.00610	0.00677	0.00203	0.00813	0.00610	0.00339	0.01084
10	0.01188	0.00594	0.00891	0.00891	0.00891	0.00594	0.00594	0.00891	0.00891	0.01188	0.01188	0.02080	0.01188	0.02377	0.02674	0.80095	0.00594	0.00594	0.00297	0.00297
11	0.00851	0.00669	0.00769	0.00798	0.00964	0.00587	0.00578	0.01044	0.01579	0.02023	0.20590	0.24175	0.39413	0.01764	0.00825	0.00240	0.00354	0.01528	0.00662	0.00587
12	0.01007	0.00758	0.00994	0.05815	0.01355	0.00759	0.00811	0.03093	0.04325	0.02022	0.11800	0.40352	0.08735	0.03924	0.00922	0.00277	0.00476	0.11325	0.00624	0.00627
13	0.01829	0.76368	0.03585	0.01171	0.01756	0.02707	0.01171	0.02049	0.01390	0.01610	0.00951	0.01097	0.00878	0.00585	0.00439	0.00146	0.00732	0.00366	0.00293	0.00878
14	0.01275	0.00638	0.00638	0.00638	0.00797	0.00638	0.00478	0.01594	0.01435	0.02551	0.02232	0.02551	0.01754	0.00797	0.00478	0.00159	0.00319	0.00638	0.79755	0.00638
15	0.01339	0.01383	0.05658	0.01731	0.05705	0.04562	0.12155	0.01702	0.03497	0.01987	0.10645	0.05539	0.02319	0.06592	0.11394	0.00397	0.14731	0.07473	0.00442	0.00748
16	0.01493	0.08929	0.02339	0.24490	0.33100	0.03616	0.01714	0.01858	0.01495	0.01958	0.01974	0.02308	0.10334	0.00781	0.00671	0.00208	0.00785	0.00690	0.00363	0.00890
17	0.01292	0.01216	0.02052	0.74312	0.04712	0.01520	0.01900	0.01748	0.01368	0.01748	0.01216	0.01824	0.00912	0.00684	0.00684	0.00228	0.00912	0.00608	0.00304	0.00760
18	0.27097	0.08845	0.01642	0.01274	0.01644	0.22807	0.01020	0.09639	0.01661	0.02450	0.01298	0.01733	0.01121	0.04905	0.00762	0.00223	0.03177	0.02967	0.04948	0.00788
19	0.13236	0.01148	0.01458	0.01158	0.01641	0.01046	0.00946	0.03002	0.01810	0.58370	0.02538	0.06972	0.01753	0.00904	0.00665	0.00216	0.00563	0.00728	0.00777	0.01068
20	0.01306	0.00953	0.01190	0.01221	0.03905	0.00960	0.00900	0.01943	0.17570	0.06891	0.14844	0.22676	0.05600	0.01466	0.00795	0.00246	0.00487	0.12011	0.00661	0.04377
21	0.00854	0.00623	0.00807	0.00932	0.01007	0.00576	0.00645	0.01004	0.01399	0.01853	0.09715	0.59589	0.11510	0.02028	0.00864	0.00269	0.00396	0.04715	0.00645	0.00569
22	0.01601	0.19652	0.25223	0.01728	0.02472	0.01766	0.14151	0.05765	0.01556	0.02173	0.01213	0.01443	0.00948	0.00601	0.00602	0.00179	0.00854	0.00514	0.00346	0.17211
23	0.00994	0.00704	0.00934	0.00943	0.01015	0.00756	0.00667	0.01137	0.01122	0.01553	0.05042	0.03946	0.02416	0.36340	0.33918	0.00812	0.01162	0.05590	0.00423	0.00526
24	0.01902	0.43480	0.14038	0.01462	0.02082	0.08789	0.05664	0.03996	0.01571	0.07291	0.03205	0.01437	0.01117	0.00656	0.00548	0.00174	0.00826	0.00479	0.00367	0.00917

[dist]
# distance from previous block
# <min> <max>
0	1

[block]
# block no. 7 follows, 31 sequences, length 8
# corresponding to MSA columns:
# 293-300
name=unknown_H
#
# <colnr> <probs for GDERKNQSTAVLIFYWHMCP>
#	G	D	E	R	K	N	Q	S	T	A	V	L	I	F	Y	W	H	M	C	P
0	0.01166	0.03865	0.09230	0.01168	0.01390	0.01086	0.00999	0.04704	0.01224	0.01725	0.01755	0.02834	0.01714	0.22290	0.36971	0.00765	0.05336	0.00748	0.00380	0.00650
1	0.00977	0.00733	0.01100	0.01100	0.01222	0.00855	0.00855	0.01222	0.01100	0.01588	0.01833	0.02688	0.01710	0.05131	0.73245	0.01100	0.01833	0.00733	0.00367	0.00611
2	0.01038	0.00920	0.06041	0.01165	0.01348	0.00738	0.05245	0.01261	0.01416	0.04960	0.07557	0.55403	0.04017	0.01825	0.00844	0.00265	0.00501	0.04201	0.00609	0.00646
3	0.00898	0.00673	0.00840	0.00938	0.01036	0.00639	0.00649	0.01158	0.05707	0.01931	0.11016	0.55052	0.13034	0.01940	0.00847	0.00263	0.00392	0.01736	0.00651	0.00600
4	0.01720	0.18552	0.28291	0.01810	0.07578	0.06153	0.05345	0.02272	0.04671	0.06930	0.01342	0.01506	0.01025	0.00643	0.00602	0.00186	0.00850	0.00509	0.00371	0.09641
5	0.02080	0.07189	0.02104	0.10163	0.12216	0.37338	0.01435	0.04571	0.07082	0.01919	0.01297	0.01621	0.01086	0.03981	0.00801	0.00214	0.03133	0.00539	0.00380	0.00853
6	0.01275	0.00925	0.00976	0.00909	0.01122	0.05388	0.00680	0.01572	0.05431	0.05274	0.22953	0.06236	0.14645	0.01340	0.00921	0.09197	0.00450	0.00971	0.15146	0.04589
7	0.01627	0.04550	0.06768	0.01806	0.13665	0.01227	0.04394	0.02057	0.06319	0.14150	0.06619	0.15463	0.04188	0.01135	0.00805	0.00229	0.04091	0.05843	0.00553	0.04512

[dist]
# distance from previous block
# <min> <max>
0	2

[block]
# block no. 8 follows, 31 sequences, length 19
# corresponding to MSA columns:
# 303-321
name=unknown_I
#
# <colnr> <probs for GDERKNQSTAVLIFYWHMCP>
#	G	D	E	R	K	N	Q	S	T	A	V	L	I	F	Y	W	H	M	C	P
0	0.16787	0.23140	0.06880	0.04553	0.03921	0.07665	0.07253	0.09705	0.03256	0.02379	0.03491	0.01653	0.03420	0.00724	0.00613	0.00195	0.02538	0.00543	0.00408	0.00875
1	0.01767	0.01434	0.05879	0.03332	0.11724	0.01370	0.03584	0.15025	0.13143	0.10766	0.03854	0.20536	0.02295	0.01135	0.00738	0.00231	0.00641	0.00997	0.00602	0.00949
2	0.01974	0.19792	0.08177	0.01424	0.05109	0.01683	0.01224	0.10687	0.09355	0.14445	0.01702	0.03537	0.01314	0.00728	0.00594	0.00178	0.00663	0.00568	0.00513	0.16333
3	0.01087	0.03349	0.01070	0.00985	0.01095	0.00875	0.00712	0.01323	0.06912	0.01592	0.02170	0.08077	0.04313	0.21562	0.29769	0.12182	0.01070	0.00875	0.00421	0.00561
4	0.01730	0.31488	0.27200	0.01873	0.10708	0.02104	0.01779	0.09583	0.01623	0.02181	0.01163	0.01363	0.00931	0.00655	0.00622	0.00189	0.03012	0.00479	0.00341	0.00977
5	0.01913	0.13943	0.22039	0.05013	0.07641	0.01861	0.11513	0.17600	0.01911	0.08055	0.01421	0.01597	0.01044	0.00682	0.00654	0.00204	0.00876	0.00579	0.00436	0.01019
6	0.00819	0.00693	0.00708	0.00704	0.00931	0.00582	0.00528	0.01003	0.01585	0.01908	0.11269	0.06485	0.67036	0.01710	0.00808	0.00230	0.00345	0.01430	0.00643	0.00582
7	0.73905	0.01309	0.01057	0.00928	0.01361	0.01488	0.00764	0.02128	0.01235	0.09190	0.01107	0.01219	0.00825	0.00654	0.00447	0.00212	0.00534	0.00399	0.00461	0.00778
8	0.01797	0.01400	0.07224	0.12863	0.05472	0.01303	0.03344	0.13347	0.04705	0.15988	0.05076	0.09051	0.05355	0.02804	0.06869	0.00305	0.00790	0.00836	0.00563	0.00908
9	0.30177	0.26441	0.10482	0.01283	0.01815	0.16092	0.01207	0.02184	0.01424	0.02211	0.01005	0.01170	0.00828	0.00634	0.00494	0.00184	0.00792	0.00399	0.00351	0.00828
10	0.02546	0.01292	0.01576	0.01252	0.01719	0.01252	0.01017	0.22009	0.02232	0.40418	0.02859	0.08659	0.07954	0.01027	0.00713	0.00217	0.00595	0.00840	0.00763	0.01061
11	0.01266	0.00722	0.00783	0.00770	0.00943	0.00760	0.00586	0.01710	0.07186	0.02433	0.02218	0.02571	0.01775	0.01458	0.11400	0.00306	0.00564	0.00663	0.61213	0.00671
12	0.01850	0.36953	0.07211	0.01262	0.01767	0.09747	0.01174	0.07388	0.03664	0.06691	0.02046	0.02260	0.09701	0.02780	0.00655	0.00195	0.00739	0.02612	0.00434	0.00869
13	0.01364	0.00898	0.01002	0.07193	0.03838	0.04178	0.00753	0.04318	0.01511	0.02362	0.07746	0.02587	0.01959	0.03091	0.00825	0.07269	0.00482	0.00681	0.47286	0.00657
14	0.01479	0.04409	0.01237	0.01062	0.01203	0.09920	0.00774	0.07277	0.01362	0.01694	0.06845	0.02333	0.04800	0.01845	0.01911	0.49640	0.00662	0.00656	0.00389	0.00501
15	0.01825	0.26785	0.07313	0.01412	0.04711	0.01851	0.01228	0.09879	0.07520	0.08911	0.10675	0.02022	0.01842	0.00814	0.00708	0.00190	0.05493	0.00612	0.00493	0.05716
16	0.01799	0.10871	0.10023	0.08154	0.15736	0.01653	0.06505	0.12653	0.03288	0.07136	0.01517	0.04673	0.01225	0.00721	0.00643	0.00193	0.00770	0.00621	0.00442	0.11376
17	0.01121	0.07691	0.01322	0.04165	0.06735	0.01005	0.00864	0.01478	0.07573	0.01999	0.12899	0.24497	0.14866	0.07742	0.00997	0.00271	0.00503	0.03013	0.00571	0.00687
18	0.08089	0.08665	0.14297	0.01752	0.07943	0.12084	0.05257	0.05071	0.01567	0.06873	0.01761	0.08866	0.04213	0.03095	0.00875	0.00230	0.07363	0.00714	0.00424	0.00862

[dist]
# distance from previous block
# <min> <max>
6	26

[block]
# block no. 9 follows, 31 sequences, length 37
# corresponding to MSA columns:
# 349-385
name=unknown_J
#
# <colnr> <probs for GDERKNQSTAVLIFYWHMCP>
#	G	D	E	R	K	N	Q	S	T	A	V	L	I	F	Y	W	H	M	C	P
0	0.07000	0.08368	0.09152	0.01735	0.09453	0.05385	0.06281	0.10864	0.07783	0.10195	0.04911	0.05011	0.03866	0.03249	0.00749	0.00220	0.00729	0.00703	0.00512	0.03833
1	0.01797	0.24736	0.17197	0.01466	0.02110	0.04193	0.04483	0.11523	0.06145	0.04651	0.01532	0.01638	0.03290	0.00691	0.00586	0.00178	0.00768	0.00529	0.00422	0.12065
2	0.02012	0.15368	0.04572	0.06753	0.04236	0.04465	0.07753	0.19944	0.10201	0.08134	0.01604	0.01740	0.01216	0.00886	0.03010	0.00230	0.03511	0.00600	0.00502	0.03264
3	0.08471	0.05002	0.04531	0.04292	0.04069	0.11124	0.01137	0.12164	0.11467	0.07012	0.06342	0.15284	0.02219	0.01079	0.00691	0.00221	0.00683	0.02776	0.00563	0.00873
4	0.01708	0.01536	0.06961	0.03864	0.04004	0.05574	0.12505	0.04255	0.11246	0.12668	0.08020	0.09191	0.06871	0.00973	0.00721	0.00214	0.00703	0.00872	0.00558	0.07555
5	0.04607	0.03850	0.02012	0.14141	0.08241	0.03463	0.07029	0.14710	0.07040	0.04631	0.05535	0.02213	0.06030	0.00815	0.00719	0.00204	0.03102	0.00684	0.00491	0.10483
6	0.01509	0.01441	0.02003	0.06539	0.08883	0.05594	0.12516	0.04062	0.16253	0.02301	0.08311	0.09092	0.05764	0.00981	0.00812	0.00220	0.04923	0.00871	0.00507	0.07418
7	0.04463	0.01402	0.01887	0.20733	0.10869	0.01566	0.01431	0.20291	0.04448	0.08474	0.06532	0.05526	0.01736	0.00910	0.00783	0.00225	0.04639	0.02626	0.00530	0.00931
8	0.01709	0.01559	0.01597	0.10662	0.07373	0.14331	0.01150	0.10473	0.07648	0.05011	0.04461	0.09057	0.08305	0.07578	0.00939	0.00248	0.00734	0.00833	0.00509	0.05821
9	0.01110	0.00740	0.00929	0.00946	0.01134	0.00657	0.00703	0.01305	0.01515	0.08298	0.10361	0.35353	0.18874	0.01729	0.00818	0.00247	0.00427	0.08061	0.00649	0.06144
10	0.01400	0.01172	0.01386	0.06926	0.07371	0.04246	0.01039	0.12259	0.10002	0.02342	0.03187	0.29748	0.11158	0.01434	0.00775	0.00242	0.00580	0.03355	0.00589	0.00788
11	0.14904	0.16386	0.04551	0.01424	0.03805	0.22780	0.01155	0.08876	0.04002	0.02267	0.01539	0.06179	0.03708	0.00802	0.00581	0.00188	0.00808	0.00580	0.00425	0.05042
12	0.01587	0.01517	0.02585	0.22809	0.53911	0.01598	0.02047	0.02006	0.01507	0.02106	0.01268	0.01728	0.01038	0.00629	0.00679	0.00210	0.00839	0.00609	0.00329	0.00998
13	0.01119	0.00751	0.00958	0.01063	0.05362	0.00744	0.00644	0.01204	0.01159	0.04558	0.02416	0.12423	0.02686	0.50986	0.05178	0.00558	0.00678	0.06514	0.00469	0.00530
14	0.04681	0.06346	0.02501	0.12209	0.43506	0.05452	0.01800	0.06148	0.01656	0.07293	0.01355	0.01670	0.01075	0.00653	0.00652	0.00202	0.00812	0.00583	0.00392	0.01013
15	0.01674	0.01445	0.01910	0.07572	0.06570	0.01376	0.07152	0.13367	0.09882	0.02610	0.01492	0.01678	0.01164	0.00636	0.00611	0.00163	0.00662	0.00549	0.00469	0.39017
16	0.01835	0.07464	0.07479	0.04544	0.14413	0.12660	0.26667	0.07750	0.01716	0.02205	0.01262	0.01608	0.00997	0.00670	0.00800	0.00213	0.05785	0.00633	0.00362	0.00937
17	0.57574	0.01208	0.01066	0.00932	0.01336	0.01322	0.00759	0.02084	0.01375	0.13176	0.08143	0.01957	0.05161	0.00796	0.00519	0.00213	0.00508	0.00556	0.00528	0.00786
