[name]
unknown

[dist]
# distance from previous block
# <min> <max>
0	18

[block]
# block no. 0 follows, 34 sequences, length 13
# corresponding to MSA columns:
# 18-30
name=unknown_A
#
# <colnr> <probs for GDERKNQSTAVLIFYWHMCP>
#	G	D	E	R	K	N	Q	S	T	A	V	L	I	F	Y	W	H	M	C	P
0	0.03995	0.01396	0.01921	0.33543	0.17008	0.06678	0.01565	0.09189	0.01606	0.07804	0.01503	0.02161	0.01229	0.00761	0.00656	0.00211	0.00789	0.06739	0.00407	0.00839
1	0.15749	0.17926	0.01976	0.01319	0.01755	0.24322	0.01084	0.15225	0.08157	0.02380	0.01217	0.01309	0.00966	0.00664	0.00531	0.00174	0.00785	0.00448	0.00422	0.03590
2	0.02456	0.01810	0.01939	0.01487	0.02004	0.02004	0.01228	0.71107	0.03038	0.04072	0.01551	0.01551	0.01099	0.00776	0.00646	0.00194	0.00711	0.00582	0.00646	0.01099
3	0.00795	0.00585	0.00745	0.00854	0.00930	0.00536	0.00584	0.00933	0.01327	0.01749	0.10282	0.59459	0.15050	0.01901	0.00810	0.00250	0.00361	0.01703	0.00610	0.00536
4	0.01161	0.00720	0.00914	0.00831	0.01043	0.00645	0.00635	0.01432	0.01767	0.12236	0.51236	0.04716	0.17562	0.01306	0.00747	0.00205	0.00343	0.01132	0.00703	0.00666
5	0.01654	0.01843	0.04990	0.08748	0.04333	0.15791	0.29757	0.07990	0.03558	0.02066	0.01524	0.09242	0.01327	0.00899	0.03111	0.00236	0.00972	0.00754	0.00387	0.00819
6	0.01981	0.36154	0.04727	0.01320	0.01831	0.08797	0.01184	0.23053	0.10770	0.02460	0.01330	0.01386	0.01054	0.00673	0.00536	0.00170	0.00726	0.00476	0.00441	0.00931
7	0.00972	0.00689	0.00756	0.00730	0.00956	0.00586	0.00550	0.01153	0.01523	0.08319	0.11978	0.10411	0.55954	0.01558	0.00757	0.00218	0.00349	0.01313	0.00628	0.00600
8	0.08572	0.01110	0.01460	0.01128	0.01621	0.00986	0.00932	0.03059	0.01795	0.68621	0.02431	0.02117	0.01535	0.00785	0.00632	0.00200	0.00546	0.00628	0.00771	0.01071
9	0.02012	0.01323	0.01504	0.01227	0.01619	0.01390	0.00985	0.35367	0.06369	0.15116	0.10190	0.09212	0.06850	0.01113	0.02462	0.00225	0.00596	0.00835	0.00666	0.00939
10	0.01713	0.01711	0.02252	0.14454	0.16267	0.12869	0.08833	0.08189	0.01524	0.03729	0.01145	0.01529	0.00937	0.00770	0.01043	0.00219	0.21058	0.00570	0.00348	0.00839
11	0.12207	0.01350	0.01417	0.01124	0.01591	0.03527	0.00899	0.15257	0.12441	0.08362	0.03846	0.01756	0.01354	0.02705	0.00628	0.00175	0.00556	0.00531	0.00519	0.29758
12	0.16597	0.08400	0.01707	0.03112	0.01737	0.10890	0.05964	0.09007	0.10373	0.03753	0.04993	0.04175	0.04207	0.02294	0.00630	0.00193	0.00658	0.00609	0.00463	0.10238

[dist]
# distance from previous block
# <min> <max>
2	9

[block]
# block no. 1 follows, 34 sequences, length 15
# corresponding to MSA columns:
# 40-54
name=unknown_B
#
# <colnr> <probs for GDERKNQSTAVLIFYWHMCP>
#	G	D	E	R	K	N	Q	S	T	A	V	L	I	F	Y	W	H	M	C	P
0	0.04221	0.11507	0.04707	0.01737	0.03344	0.12786	0.17012	0.09744	0.01579	0.02069	0.02499	0.04765	0.01170	0.00908	0.03369	0.00230	0.12904	0.00613	0.00373	0.04464
1	0.08907	0.01951	0.18207	0.03761	0.09834	0.05624	0.08798	0.12304	0.09849	0.06895	0.01569	0.04123	0.01234	0.03249	0.00719	0.00218	0.00776	0.00620	0.00445	0.00918
2	0.00886	0.00805	0.05042	0.00908	0.01066	0.00664	0.00697	0.01163	0.05267	0.01872	0.14648	0.40137	0.16631	0.05988	0.00923	0.00260	0.00411	0.01455	0.00590	0.00587
3	0.06137	0.01319	0.01386	0.01065	0.01566	0.05662	0.00848	0.07811	0.06828	0.04739	0.05598	0.01647	0.01350	0.00613	0.00531	0.00134	0.00537	0.00482	0.00457	0.51289
4	0.15001	0.08240	0.05751	0.05709	0.01775	0.01446	0.02186	0.13173	0.09048	0.06659	0.12859	0.02090	0.01896	0.00933	0.03215	0.00221	0.02207	0.00621	0.00507	0.06462
5	0.00816	0.00599	0.00795	0.00892	0.00968	0.00578	0.00623	0.00967	0.01273	0.01706	0.08815	0.52859	0.10483	0.02385	0.12612	0.00378	0.00581	0.01559	0.00568	0.00542
6	0.00957	0.00715	0.00873	0.00936	0.01023	0.00736	0.00639	0.01328	0.12476	0.01729	0.02989	0.45654	0.03350	0.17104	0.06040	0.00378	0.00534	0.01407	0.00551	0.00581
7	0.04677	0.61115	0.12111	0.01192	0.01787	0.02291	0.01244	0.02017	0.01342	0.05751	0.01025	0.01145	0.00867	0.00576	0.00453	0.00152	0.00709	0.00380	0.00310	0.00856
8	0.01727	0.77681	0.03386	0.01106	0.01658	0.02557	0.01106	0.01935	0.01313	0.01520	0.00898	0.01036	0.00829	0.00553	0.00415	0.00138	0.00691	0.00345	0.00276	0.00829
9	0.01878	0.04752	0.05337	0.01495	0.01948	0.01591	0.09594	0.29909	0.13762	0.07350	0.02037	0.13750	0.01742	0.00948	0.00680	0.00210	0.00671	0.00818	0.00578	0.00949
10	0.01210	0.07462	0.04017	0.01257	0.03673	0.01128	0.04242	0.09119	0.01390	0.01915	0.05183	0.10691	0.01950	0.05450	0.37589	0.00633	0.01185	0.00802	0.00417	0.00687
11	0.00910	0.00737	0.01159	0.01274	0.06005	0.00695	0.07211	0.01081	0.01279	0.01719	0.03195	0.64868	0.03751	0.01790	0.00807	0.00254	0.00467	0.01653	0.00556	0.00590
12	0.00969	0.00850	0.04411	0.11627	0.01515	0.00783	0.00828	0.03338	0.01294	0.01705	0.05315	0.31594	0.10836	0.18655	0.01333	0.00327	0.00538	0.03017	0.00497	0.00568
13	0.01492	0.12412	0.19100	0.08000	0.02500	0.10522	0.17867	0.03852	0.01474	0.01884	0.01533	0.13473	0.01423	0.00828	0.00655	0.00204	0.00869	0.00747	0.00357	0.00808
14	0.01651	0.01668	0.04494	0.10954	0.50257	0.05816	0.06852	0.06618	0.01579	0.02159	0.01223	0.01587	0.00992	0.00600	0.00646	0.00195	0.00825	0.00577	0.00338	0.00968

[dist]
# distance from previous block
# <min> <max>
0	2

[block]
# block no. 2 follows, 34 sequences, length 6
# corresponding to MSA columns:
# 57-62
name=unknown_C
#
# <colnr> <probs for GDERKNQSTAVLIFYWHMCP>
#	G	D	E	R	K	N	Q	S	T	A	V	L	I	F	Y	W	H	M	C	P
0	0.01777	0.11081	0.21683	0.02206	0.21772	0.13353	0.01696	0.02322	0.07805	0.08257	0.01371	0.01525	0.01050	0.00644	0.00600	0.00188	0.00831	0.00517	0.00376	0.00945
1	0.00810	0.00606	0.00753	0.00822	0.00928	0.00549	0.00576	0.00977	0.01425	0.01882	0.19711	0.44103	0.20950	0.01776	0.00796	0.00239	0.00348	0.01576	0.00625	0.00549
2	0.07912	0.01651	0.13183	0.08162	0.02080	0.01459	0.01295	0.26000	0.04341	0.11357	0.01757	0.08592	0.01424	0.01165	0.06456	0.00272	0.00771	0.00684	0.00526	0.00915
3	0.01331	0.00964	0.01193	0.01131	0.04081	0.00914	0.00817	0.08805	0.05996	0.07401	0.06252	0.28173	0.05517	0.01489	0.05761	0.00258	0.00556	0.01060	0.00555	0.17747
4	0.11410	0.01630	0.05462	0.03698	0.03537	0.12666	0.06590	0.06141	0.09621	0.13334	0.10096	0.04166	0.01820	0.00843	0.00739	0.00207	0.06011	0.00669	0.00511	0.00848
5	0.01211	0.06915	0.01314	0.06654	0.01448	0.01075	0.00857	0.08935	0.04243	0.02147	0.21580	0.13542	0.09406	0.01515	0.04720	0.07717	0.04553	0.00978	0.00529	0.00660

[dist]
# distance from previous block
# <min> <max>
6	37

[block]
# block no. 3 follows, 34 sequences, length 100
# corresponding to MSA columns:
# 100-199
name=unknown_D
#
# <colnr> <probs for GDERKNQSTAVLIFYWHMCP>
#	G	D	E	R	K	N	Q	S	T	A	V	L	I	F	Y	W	H	M	C	P
0	0.01825	0.03510	0.06398	0.01420	0.04520	0.01489	0.02984	0.29083	0.12057	0.07485	0.11872	0.04262	0.04664	0.02810	0.00739	0.00215	0.00618	0.02518	0.00601	0.00931
1	0.01673	0.10189	0.09543	0.01415	0.04314	0.06852	0.06207	0.08535	0.03505	0.10943	0.12847	0.04244	0.02051	0.03336	0.03118	0.00227	0.00709	0.01864	0.00492	0.07934
2	0.03948	0.04496	0.11359	0.03402	0.04114	0.14477	0.01233	0.12094	0.06669	0.11826	0.04870	0.08420	0.01606	0.00832	0.00623	0.00190	0.00721	0.00663	0.00498	0.07961
3	0.09115	0.03507	0.11893	0.04072	0.06799	0.03850	0.03684	0.05517	0.05461	0.09698	0.09472	0.02366	0.05676	0.02836	0.00732	0.00206	0.02877	0.01846	0.02872	0.07521
4	0.09258	0.04531	0.04988	0.05711	0.04373	0.08760	0.04229	0.17120	0.10900	0.06254	0.04692	0.08596	0.06047	0.00905	0.00640	0.00204	0.00672	0.00740	0.00519	0.00862
5	0.01729	0.11542	0.04466	0.01760	0.13440	0.05675	0.03709	0.11942	0.13964	0.06507	0.04013	0.03971	0.05624	0.00838	0.00687	0.00197	0.03499	0.02431	0.00488	0.03517
6	0.08943	0.12410	0.05794	0.01267	0.03462	0.13764	0.01039	0.04717	0.13494	0.02218	0.09495	0.05781	0.01831	0.00803	0.00577	0.00179	0.00645	0.00626	0.02785	0.10169
7	0.09244	0.36990	0.09558	0.04652	0.04137	0.08385	0.01253	0.06559	0.04104	0.01979	0.01076	0.01240	0.00892	0.00610	0.00523	0.00165	0.02040	0.00418	0.00340	0.05835
8	0.01567	0.04209	0.09597	0.17667	0.28303	0.09277	0.01656	0.04376	0.01493	0.02013	0.01198	0.01532	0.00959	0.00605	0.00600	0.00181	0.00794	0.00519	0.03187	0.10266
9	0.00947	0.00722	0.01095	0.01142	0.03714	0.00833	0.00849	0.01183	0.01054	0.01522	0.01712	0.02505	0.01594	0.04694	0.72102	0.01008	0.01697	0.00688	0.00345	0.00593
10	0.01886	0.08514	0.14050	0.04106	0.08594	0.04114	0.09292	0.19550	0.06000	0.10683	0.01746	0.03110	0.03944	0.00741	0.00640	0.00197	0.00767	0.00627	0.00481	0.00959
11	0.04081	0.01367	0.08457	0.10451	0.18183	0.01241	0.10921	0.01794	0.04119	0.04688	0.04911	0.06991	0.01653	0.01432	0.12172	0.00339	0.00895	0.02491	0.03006	0.00808
12	0.00923	0.00692	0.01038	0.01038	0.01154	0.00808	0.00808	0.01154	0.01038	0.01500	0.01731	0.02538	0.01615	0.04846	0.74732	0.01038	0.01731	0.00692	0.00346	0.00577
13	0.01668	0.04903	0.17352	0.04471	0.05029	0.14406	0.03761	0.06414	0.19920	0.04068	0.03830	0.04207	0.03209	0.03066	0.00716	0.00213	0.00775	0.00651	0.00457	0.00885
14	0.06314	0.15043	0.09086	0.07623	0.12651	0.08296	0.07056	0.03448	0.13773	0.03956	0.03503	0.03779	0.01334	0.00711	0.00601	0.00193	0.00751	0.00595	0.00407	0.00880
15	0.00924	0.00688	0.01014	0.01014	0.01121	0.00795	0.00777	0.01138	0.01031	0.01482	0.01753	0.02661	0.01669	0.10098	0.69552	0.01009	0.01651	0.00710	0.00349	0.00563
16	0.00889	0.00650	0.00818	0.00893	0.00990	0.00616	0.00623	0.04599	0.01437	0.01917	0.13460	0.55778	0.11266	0.01822	0.00801	0.00246	0.00378	0.01631	0.00618	0.00569
17	0.04455	0.15418	0.11152	0.01750	0.04677	0.03958	0.17565	0.12034	0.05232	0.15277	0.01516	0.01616	0.01100	0.00656	0.00619	0.00192	0.00795	0.00576	0.00461	0.00951
18	0.01539	0.08135	0.14310	0.06905	0.07205	0.01660	0.39507	0.06289	0.01553	0.02133	0.01276	0.01626	0.00967	0.00585	0.00679	0.00204	0.00953	0.00645	0.02944	0.00886
19	0.00795	0.00568	0.00756	0.00895	0.00939	0.00530	0.00600	0.00918	0.01272	0.01704	0.07602	0.72674	0.04380	0.01983	0.00821	0.00259	0.00371	0.01798	0.00606	0.00530
20	0.06065	0.32865	0.13489	0.01462	0.02002	0.25032	0.04216	0.04747	0.01546	0.01810	0.01011	0.01176	0.00838	0.00608	0.00520	0.00166	0.00888	0.00414	0.00316	0.00828
21	0.08519	0.11258	0.08165	0.03428	0.01877	0.08052	0.01185	0.23246	0.10894	0.07898	0.05411	0.01889	0.03883	0.00779	0.00601	0.00192	0.00685	0.00591	0.00524	0.00924
22	0.01785	0.01834	0.02136	0.17412	0.27004	0.18861	0.01616	0.08995	0.04038	0.02063	0.01202	0.01529	0.00971	0.00688	0.00752	0.00199	0.07136	0.00543	0.00357	0.00878
23	0.01364	0.01166	0.01185	0.01056	0.01345	0.07640	0.02593	0.09560	0.13457	0.04952	0.12633	0.08308	0.29668	0.01249	0.00716	0.00211	0.00505	0.01046	0.00605	0.00742
24	0.13645	0.10204	0.16066	0.03397	0.06184	0.01465	0.07841	0.05147	0.01474	0.14420	0.01552	0.04215	0.01238	0.00900	0.03423	0.00234	0.02863	0.03023	0.01839	0.00870
25	0.13410	0.07403	0.31225	0.05983	0.06100	0.06752	0.09109	0.01951	0.01344	0.02038	0.01161	0.01460	0.00905	0.00986	0.07285	0.00273	0.00954	0.00506	0.00312	0.00841
26	0.00940	0.00722	0.01052	0.01052	0.01145	0.00844	0.00806	0.01140	0.01056	0.01513	0.01915	0.11934	0.01929	0.07048	0.57723	0.00873	0.06521	0.00838	0.00376	0.00572
27	0.01571	0.11790	0.17949	0.07396	0.12589	0.07457	0.19036	0.02209	0.09884	0.02008	0.01333	0.01584	0.01031	0.00621	0.00634	0.00197	0.00886	0.00578	0.00345	0.00903
28	0.01588	0.03699	0.04037	0.05201	0.14960	0.09581	0.08954	0.04160	0.11170	0.06800	0.13642	0.07190	0.02282	0.00901	0.00683	0.00206	0.00698	0.02906	0.00496	0.00847
29	0.00881	0.00669	0.00815	0.00803	0.00962	0.00615	0.00593	0.01174	0.04041	0.02243	0.43612	0.15802	0.22426	0.01489	0.00768	0.00216	0.00328	0.01302	0.00665	0.00595
30	0.00834	0.00640	0.00853	0.07628	0.01256	0.00620	0.00702	0.00997	0.01313	0.01711	0.06542	0.53163	0.15837	0.01799	0.00798	0.00249	0.00414	0.03516	0.00576	0.00551
31	0.04603	0.28013	0.06913	0.05386	0.08074	0.07649	0.11190	0.06207	0.07500	0.04072	0.03699	0.01556	0.01177	0.00646	0.00571	0.00180	0.00778	0.00532	0.00380	0.00875
32	0.01522	0.05174	0.07894	0.02605	0.09966	0.01679	0.49881	0.02061	0.03644	0.02033	0.01281	0.01672	0.00989	0.00602	0.00814	0.00215	0.06062	0.00693	0.00328	0.00883
33	0.01810	0.01399	0.01513	0.01305	0.01695	0.01572	0.01030	0.14611	0.51607	0.08277	0.06094	0.02377	0.02012	0.00877	0.00660	0.00213	0.00537	0.00722	0.00669	0.01020
34	0.01480	0.01429	0.05004	0.22023	0.09612	0.01480	0.16437	0.11659	0.01582	0.02174	0.01535	0.01973	0.03764	0.03330	0.03165	0.00250	0.06246	0.00659	0.05384	0.00815
35	0.01726	0.01514	0.04937	0.10057	0.20626	0.06849	0.11950	0.04576	0.03443	0.13367	0.04275	0.07460	0.01628	0.00821	0.00685	0.00209	0.00768	0.03760	0.00459	0.00890
36	0.00851	0.00658	0.00775	0.00746	0.00926	0.00583	0.00559	0.01096	0.01678	0.02234	0.44878	0.05415	0.34363	0.01454	0.00763	0.00210	0.00314	0.01251	0.00664	0.00583
37	0.02155	0.12835	0.04866	0.01649	0.03862	0.36937	0.04889	0.12728	0.05776	0.04208	0.01227	0.01362	0.00971	0.00686	0.00635	0.00179	0.03294	0.00485	0.00400	0.00858
38	0.11354	0.28724	0.02395	0.01386	0.01829	0.16742	0.07890	0.07487	0.01586	0.04064	0.04380	0.01673	0.01240	0.00712	0.00593	0.00180	0.02961	0.03611	0.00386	0.00807
39	0.05186	0.01747	0.07318	0.04955	0.12437	0.01617	0.48979	0.02009	0.01454	0.02072	0.01239	0.01653	0.00954	0.00589	0.00788	0.00216	0.04901	0.00687	0.00323	0.00875
40	0.00810	0.00576	0.00744	0.00864	0.00906	0.00541	0.00570	0.00914	0.01221	0.01625	0.05270	0.63322	0.06215	0.11795	0.01142	0.00307	0.00404	0.01688	0.00576	0.00510
41	0.12110	0.09224	0.19977	0.01336	0.01868	0.11366	0.01311	0.06707	0.08772	0.08771	0.05847	0.02006	0.06506	0.00781	0.00592	0.00194	0.00719	0.00591	0.00458	0.00863
42	0.04346	0.21864	0.18415	0.01416	0.03704	0.04971	0.03294	0.06805	0.03646	0.02003	0.04098	0.13499	0.01657	0.01071	0.03949	0.00234	0.03111	0.00714	0.00394	0.00810
43	0.04767	0.01049	0.01188	0.01015	0.01345	0.01038	0.00801	0.17558	0.04551	0.16635	0.11487	0.10266	0.23237	0.01206	0.00702	0.00211	0.00474	0.01002	0.00657	0.00810
44	0.00870	0.00747	0.00756	0.00771	0.00942	0.03949	0.00558	0.01035	0.01466	0.01806	0.13914	0.19702	0.44715	0.04757	0.00872	0.00240	0.00385	0.01372	0.00593	0.00552
45	0.04445	0.17545	0.20901	0.04395	0.10375	0.05809	0.03716	0.08491	0.07447	0.06637	0.03418	0.01583	0.01170	0.00667	0.00586	0.00188	0.00774	0.00528	0.00400	0.00924
46	0.01570	0.01796	0.10692	0.09457	0.31186	0.06454	0.11992	0.04115	0.08170	0.02123	0.01459	0.01946	0.01198	0.00685	0.00667	0.00206	0.00837	0.04151	0.00369	0.00927
47	0.00926	0.00621	0.00709	0.00722	0.00725	0.00618	0.00410	0.00936	0.00966	0.01287	0.02169	0.10558	0.02517	0.70733	0.03074	0.00595	0.00604	0.01018	0.00410	0.00403
48	0.12896	0.06943	0.09185	0.04111	0.03237	0.28874	0.06771	0.03899	0.01555	0.02028	0.03916	0.01499	0.01108	0.00689	0.00634	0.00185	0.04245	0.00500	0.06953	0.00771
49	0.06783	0.18321	0.15278	0.01722	0.07953	0.08987	0.07399	0.10513	0.03263	0.06554	0.03374	0.01509	0.01112	0.00675	0.00643	0.00188	0.03911	0.00521	0.00396	0.00898
50	0.00778	0.00652	0.00677	0.00678	0.00883	0.00551	0.00505	0.00953	0.01496	0.01818	0.12418	0.08598	0.64537	0.01622	0.00766	0.00218	0.00327	0.01363	0.00610	0.00551
51	0.02405	0.01751	0.01925	0.01558	0.04650	0.01925	0.01236	0.62687	0.06007	0.06817	0.01628	0.01618	0.01156	0.00774	0.00647	0.00195	0.00698	0.00591	0.00641	0.01093
52	0.01703	0.05107	0.04833	0.04861	0.09089	0.03595	0.06115	0.16407	0.17182	0.06783	0.04441	0.10795	0.04370	0.00930	0.00671	0.00208	0.00653	0.00803	0.00540	0.00911
53	0.01825	0.24373	0.11913	0.04781	0.10831	0.17032	0.09647	0.08693	0.01635	0.01985	0.01111	0.01332	0.00897	0.00611	0.00574	0.00177	0.00888	0.00485	0.00335	0.00879
54	0.01826	0.01375	0.01500	0.01288	0.01676	0.01532	0.01018	0.15235	0.47231	0.09832	0.08217	0.02437	0.02121	0.00888	0.00663	0.00211	0.00534	0.00732	0.00674	0.01010
55	0.05980	0.04895	0.15460	0.07438	0.05451	0.10476	0.07105	0.09135	0.10182	0.10213	0.01836	0.01920	0.05588	0.00744	0.00629	0.00199	0.00780	0.00609	0.00457	0.00902
56	0.06693	0.13271	0.06319	0.01870	0.12500	0.04370	0.11084	0.04317	0.07869	0.10571	0.06660	0.01831	0.01460	0.00739	0.00750	0.00200	0.07558	0.00607	0.00439	0.00890
57	0.00940	0.00626	0.00705	0.00705	0.00705	0.00626	0.00392	0.00940	0.00940	0.01253	0.02036	0.04228	0.02349	0.77292	0.03289	0.00626	0.00626	0.00940	0.00392	0.00392
58	0.01188	0.01011	0.03489	0.01275	0.05878	0.00901	0.09570	0.01609	0.07232	0.06735	0.20791	0.04152	0.27562	0.01172	0.00721	0.00208	0.00491	0.01035	0.04260	0.00720
59	0.06851	0.13963	0.16001	0.01804	0.10932	0.15949	0.03536	0.10684	0.07873	0.02231	0.01332	0.03654	0.01084	0.00692	0.00585	0.00187	0.00821	0.00533	0.00390	0.00896
60	0.01662	0.15076	0.13001	0.05422	0.08220	0.03461	0.01349	0.14696	0.17047	0.02411	0.01774	0.01926	0.03938	0.03455	0.00692	0.00206	0.00692	0.00595	0.03463	0.00914
61	0.01481	0.01278	0.01340	0.01216	0.01559	0.01448	0.00943	0.03058	0.61523	0.02560	0.03216	0.02981	0.12605	0.00990	0.00673	0.00219	0.00484	0.00825	0.00649	0.00951
62	0.12671	0.10797	0.02212	0.14938	0.19973	0.16039	0.04631	0.04360	0.01474	0.02003	0.01079	0.01390	0.00883	0.00638	0.00647	0.00191	0.04420	0.00494	0.00332	0.00830
63	0.06096	0.05792	0.11623	0.01578	0.02096	0.11086	0.13080	0.09084	0.11847	0.06136	0.05657	0.01817	0.01419	0.00826	0.02831	0.00216	0.00807	0.00600	0.00453	0.06956
64	0.00866	0.00648	0.00809	0.00903	0.00995	0.00623	0.00629	0.01131	0.06691	0.01806	0.08633	0.55230	0.11590	0.03260	0.00849	0.00258	0.00386	0.03512	0.00608	0.00570
65	0.01293	0.00996	0.01322	0.01287	0.04570	0.03841	0.00947	0.01473	0.01135	0.08028	0.01622	0.02464	0.01521	0.15527	0.34790	0.00665	0.16806	0.00688	0.00380	0.00647
66	0.03643	0.17882	0.23139	0.05179	0.09643	0.04443	0.05900	0.02140	0.09166	0.04116	0.05025	0.01665	0.01276	0.00685	0.00646	0.00193	0.03451	0.00549	0.00369	0.00890
67	0.01745	0.12247	0.24113	0.04455	0.22642	0.04303	0.01784	0.13630	0.01705	0.05588	0.01264	0.01461	0.00963	0.00633	0.00602	0.00189	0.00812	0.00514	0.00376	0.00974
68	0.01209	0.00995	0.01442	0.07686	0.01674	0.03344	0.07079	0.01482	0.03201	0.04941	0.01870	0.12398	0.01822	0.09914	0.25691	0.00539	0.09937	0.00840	0.03288	0.00648
69	0.01643	0.09058	0.14508	0.01903	0.11929	0.08899	0.07791	0.11217	0.08122	0.02217	0.01751	0.04096	0.05998	0.00865	0.01989	0.00216	0.05858	0.00645	0.00409	0.00886
70	0.01509	0.06377	0.25728	0.05715	0.18475	0.08180	0.14097	0.01992	0.01440	0.01942	0.01378	0.01667	0.03882	0.00661	0.00707	0.00202	0.04260	0.00582	0.00313	0.00891
71	0.01039	0.00865	0.04279	0.01036	0.01187	0.00786	0.00801	0.07461	0.03943	0.01954	0.04882	0.46656	0.03525	0.06682	0.03096	0.00301	0.00517	0.09801	0.00573	0.00618
72	0.01840	0.07608	0.18025	0.02846	0.05234	0.06921	0.01453	0.23830	0.09674	0.04773	0.06966	0.01808	0.01474	0.00773	0.00688	0.00198	0.03861	0.00592	0.00488	0.00950
73	0.01753	0.06198	0.10644	0.04232	0.25195	0.05209	0.05828	0.04396	0.04701	0.13679	0.01805	0.06622	0.03865	0.00780	0.00675	0.00201	0.02161	0.00681	0.00443	0.00932
74	0.00969	0.00781	0.01131	0.01103	0.01257	0.00753	0.07470	0.03361	0.05589	0.01885	0.06633	0.52234	0.09211	0.01705	0.00797	0.00248	0.00461	0.03214	0.00583	0.00613
75	0.01617	0.01458	0.01686	0.01458	0.01659	0.07227	0.01180	0.15949	0.10264	0.02199	0.01420	0.01796	0.01208	0.01819	0.17699	0.00416	0.29118	0.00606	0.00421	0.00800
76	0.01424	0.02399	0.37644	0.06822	0.09138	0.01517	0.13833	0.05961	0.07222	0.02184	0.01570	0.01785	0.04193	0.00677	0.00656	0.00208	0.00878	0.00607	0.00354	0.00927
77	0.04132	0.09103	0.04024	0.01626	0.04245	0.03578	0.12979	0.19973	0.15251	0.07915	0.01866	0.06794	0.01525	0.00834	0.00656	0.00205	0.00712	0.03115	0.00529	0.00938
78	0.00776	0.00630	0.00688	0.00727	0.00894	0.00542	0.00525	0.00931	0.01423	0.01752	0.08314	0.25233	0.51857	0.01729	0.00780	0.00230	0.00339	0.01484	0.00604	0.00542
79	0.01583	0.09087	0.05189	0.01279	0.01851	0.04582	0.07301	0.10094	0.04116	0.02273	0.01233	0.01403	0.00988	0.00556	0.00535	0.00135	0.00636	0.00455	0.00401	0.46301
80	0.01680	0.10454	0.19533	0.13705	0.09557	0.10626	0.05583	0.03921	0.07725	0.06912	0.01357	0.01559	0.01024	0.00647	0.00607	0.00191	0.00840	0.00531	0.00373	0.03174
81	0.01167	0.01359	0.14491	0.01378	0.04586	0.01058	0.06321	0.03388	0.06322	0.03146	0.06157	0.02896	0.10440	0.08275	0.25540	0.00518	0.01032	0.00781	0.00423	0.00723
82	0.00824	0.00589	0.00792	0.00942	0.00995	0.00557	0.00664	0.00963	0.01273	0.01691	0.03541	0.66769	0.04193	0.01990	0.00835	0.00268	0.00407	0.11575	0.00599	0.00535
83	0.03937	0.01844	0.06199	0.04211	0.11963	0.08836	0.14059	0.21050	0.08309	0.04319	0.01418	0.01619	0.01078	0.00720	0.00783	0.00207	0.07458	0.00600	0.00449	0.00943
84	0.01024	0.00844	0.01144	0.01111	0.01219	0.03533	0.00866	0.01235	0.01058	0.01499	0.01632	0.02445	0.01542	0.07052	0.62474	0.00920	0.08795	0.00680	0.00341	0.00589
85	0.00940	0.00626	0.00705	0.00705	0.00705	0.00626	0.00392	0.00940	0.00940	0.01253	0.02036	0.04228	0.02349	0.77292	0.03289	0.00626	0.00626	0.00940	0.00392	0.00392
86	0.01455	0.24733	0.38272	0.01625	0.02357	0.01799	0.08029	0.02101	0.07261	0.01968	0.03792	0.01514	0.01121	0.00637	0.00578	0.00188	0.00830	0.00510	0.00326	0.00904
87	0.02203	0.01486	0.01467	0.01205	0.01607	0.13664	0.00959	0.15851	0.03997	0.27547	0.09028	0.02448	0.07422	0.00876	0.00642	0.00189	0.00630	0.00693	0.04314	0.03769
88	0.00787	0.00562	0.00750	0.00900	0.00937	0.00525	0.00600	0.00900	0.01237	0.01649	0.03561	0.76871	0.04274	0.02024	0.00825	0.00262	0.00375	0.01837	0.00600	0.00525
89	0.03247	0.56216	0.15798	0.01258	0.01868	0.05253	0.01326	0.02039	0.01365	0.05083	0.01028	0.01156	0.00862	0.00581	0.00468	0.00155	0.00747	0.00387	0.00305	0.00859
90	0.01352	0.01145	0.01380	0.01034	0.01543	0.00930	0.02802	0.04811	0.03916	0.02158	0.01437	0.07408	0.01297	0.02619	0.00601	0.00135	0.00504	0.00544	0.00420	0.63964
91	0.00824	0.00677	0.00728	0.00712	0.00918	0.00592	0.00535	0.01070	0.03601	0.01977	0.22425	0.05773	0.54826	0.01538	0.00760	0.00215	0.00327	0.01298	0.00628	0.00575
92	0.01233	0.00854	0.01069	0.01064	0.01287	0.00847	0.00881	0.05699	0.07347	0.07126	0.17140	0.05574	0.13780	0.01473	0.00798	0.00249	0.00497	0.31752	0.00640	0.00689
93	0.01220	0.01148	0.01938	0.75739	0.04450	0.01436	0.01794	0.01651	0.01292	0.01651	0.01148	0.01723	0.00861	0.00646	0.00646	0.00215	0.00861	0.00574	0.00287	0.00718
94	0.04345	0.01326	0.05241	0.44059	0.24108	0.01414	0.01758	0.01724	0.01312	0.01817	0.01158	0.01660	0.00917	0.00722	0.00750	0.05232	0.00806	0.00561	0.00300	0.00790
95	0.00796	0.00569	0.00760	0.00910	0.00952	0.00533	0.00616	0.00915	0.01246	0.01660	0.03556	0.74375	0.04254	0.02016	0.00827	0.00264	0.00383	0.04242	0.00600	0.00527
96	0.02199	0.02714	0.01868	0.01791	0.06474	0.59522	0.01296	0.02379	0.01689	0.01609	0.01024	0.01271	0.00875	0.00866	0.03524	0.00213	0.09150	0.00453	0.00327	0.00756
97	0.01501	0.01463	0.02191	0.04198	0.02035	0.04517	0.12650	0.01729	0.01160	0.04944	0.01070	0.01572	0.00951	0.01214	0.06159	0.00308	0.50671	0.00604	0.00319	0.00746
98	0.02315	0.01249	0.01495	0.01207	0.01621	0.03918	0.00981	0.18981	0.01968	0.37757	0.02279	0.02247	0.04635	0.01573	0.14320	0.00353	0.00820	0.00664	0.00653	0.00965
99	0.02174	0.01744	0.01753	0.01412	0.01862	0.07425	0.01141	0.47999	0.15760	0.03480	0.04232	0.01981	0.04377	0.00839	0.00652	0.00198	0.00680	0.00648	0.00624	0.01019

[dist]
# distance from previous block
# <min> <max>
0	1

[block]
# block no. 4 follows, 34 sequences, length 64
# corresponding to MSA columns:
# 201-264
name=unknown_E
#
# <colnr> <probs for GDERKNQSTAVLIFYWHMCP>
#	G	D	E	R	K	N	Q	S	T	A	V	L	I	F	Y	W	H	M	C	P
0	0.05808	0.01764	0.01872	0.01451	0.01955	0.01960	0.01195	0.64695	0.06478	0.03952	0.01578	0.01574	0.01126	0.00773	0.00636	0.00195	0.00692	0.00579	0.00636	0.01078
1	0.01923	0.01169	0.01418	0.01074	0.01577	0.01004	0.00866	0.10566	0.01724	0.24720	0.04805	0.04925	0.01533	0.00716	0.00579	0.00152	0.00518	0.00585	0.00568	0.39580
2	0.02407	0.02517	0.01850	0.01667	0.04925	0.47110	0.01243	0.17967	0.04077	0.08259	0.01308	0.01392	0.00997	0.00704	0.00607	0.00178	0.00977	0.00488	0.00451	0.00876
3	0.01137	0.00769	0.00885	0.00823	0.01059	0.00698	0.00627	0.04397	0.03646	0.10080	0.21091	0.11288	0.38181	0.01444	0.00748	0.00215	0.00373	0.01227	0.00652	0.00658
4	0.00914	0.00660	0.00864	0.00813	0.00965	0.00610	0.00610	0.01219	0.01829	0.02591	0.72921	0.04827	0.06097	0.01321	0.00762	0.00203	0.00305	0.01169	0.00711	0.00610
5	0.01391	0.01317	0.02252	0.26227	0.40583	0.01399	0.04637	0.01773	0.01413	0.01948	0.04062	0.07320	0.01401	0.00731	0.00665	0.00206	0.00764	0.00698	0.00345	0.00868
6	0.01462	0.01395	0.02374	0.29989	0.48312	0.01499	0.01915	0.01863	0.01406	0.01944	0.01191	0.01644	0.00965	0.00601	0.00642	0.00200	0.00802	0.00575	0.00308	0.00913
7	0.08422	0.36732	0.22505	0.01389	0.02004	0.14110	0.01454	0.03486	0.01430	0.01844	0.01001	0.01161	0.00821	0.00597	0.00501	0.00168	0.00827	0.00399	0.00303	0.00846
8	0.02472	0.01785	0.01924	0.01475	0.01991	0.01966	0.01218	0.68703	0.02996	0.06536	0.01587	0.01574	0.01117	0.00776	0.00646	0.00194	0.00705	0.00584	0.00652	0.01099
9	0.00940	0.00626	0.00705	0.00705	0.00705	0.00626	0.00392	0.00940	0.00940	0.01253	0.02036	0.04228	0.02349	0.77292	0.03289	0.00626	0.00626	0.00940	0.00392	0.00392
10	0.03842	0.01549	0.02235	0.17288	0.43050	0.07154	0.01724	0.05239	0.04349	0.03570	0.01403	0.01727	0.02738	0.00648	0.00634	0.00197	0.00781	0.00584	0.00362	0.00928
11	0.01825	0.01811	0.01974	0.06654	0.08374	0.18100	0.09444	0.13561	0.19591	0.02392	0.01867	0.04552	0.03277	0.00818	0.00664	0.00204	0.00798	0.02716	0.00484	0.00893
12	0.01246	0.01072	0.01294	0.03701	0.08311	0.06393	0.01096	0.01748	0.12110	0.01987	0.02867	0.16364	0.02988	0.01454	0.00792	0.00258	0.00614	0.34451	0.00550	0.00704
13	0.00820	0.00583	0.00776	0.00919	0.00966	0.00551	0.00633	0.00945	0.01247	0.01658	0.03474	0.66480	0.04126	0.05635	0.00950	0.00283	0.00409	0.08428	0.00589	0.00525
14	0.06643	0.05511	0.01682	0.09361	0.07544	0.03694	0.02910	0.12085	0.11012	0.12697	0.13685	0.02520	0.06180	0.00869	0.00647	0.00200	0.00604	0.00723	0.00560	0.00874
15	0.01866	0.01886	0.02117	0.02617	0.34323	0.18641	0.01530	0.08508	0.17562	0.02292	0.01512	0.01676	0.01199	0.00682	0.00631	0.00192	0.00798	0.00574	0.00427	0.00966
16	0.00774	0.00652	0.00671	0.00672	0.00881	0.00549	0.00502	0.00945	0.01488	0.01796	0.10694	0.08374	0.66539	0.01629	0.00765	0.00219	0.00327	0.01366	0.00607	0.00549
17	0.04156	0.60788	0.10360	0.01226	0.01794	0.09201	0.01238	0.02006	0.01360	0.01621	0.00934	0.01082	0.00825	0.00571	0.00450	0.00149	0.00757	0.00366	0.00285	0.00831
18	0.01951	0.02110	0.20305	0.05175	0.08397	0.07689	0.11397	0.15936	0.03988	0.14409	0.01525	0.01645	0.01083	0.00678	0.00650	0.00200	0.00842	0.00582	0.00464	0.00976
19	0.02475	0.01779	0.01920	0.01472	0.01989	0.01959	0.01216	0.68201	0.02987	0.07050	0.01594	0.01579	0.01120	0.00777	0.00647	0.00194	0.00704	0.00585	0.00653	0.01099
20	0.00787	0.00562	0.00750	0.00900	0.00937	0.00525	0.00600	0.00900	0.01237	0.01649	0.03561	0.76871	0.04274	0.02024	0.00825	0.00262	0.00375	0.01837	0.00600	0.00525
21	0.02855	0.01633	0.18260	0.05273	0.08732	0.03043	0.10069	0.03752	0.01409	0.01957	0.05161	0.07837	0.10763	0.10939	0.01054	0.00265	0.02520	0.00829	0.02904	0.00746
22	0.00939	0.00629	0.00719	0.00719	0.00723	0.00634	0.00409	0.00948	0.00944	0.01263	0.02023	0.04158	0.02319	0.74295	0.06245	0.00643	0.00672	0.00929	0.00390	0.00399
23	0.00813	0.00578	0.00766	0.00906	0.00948	0.00545	0.00615	0.00930	0.01234	0.01643	0.03456	0.67847	0.04117	0.06742	0.00984	0.00288	0.00405	0.06076	0.00586	0.00521
24	0.03908	0.32937	0.36403	0.01593	0.04064	0.01948	0.03955	0.01976	0.01328	0.01843	0.01040	0.01243	0.00831	0.00607	0.00595	0.00181	0.03945	0.00436	0.00281	0.00886
25	0.01749	0.07926	0.32754	0.01675	0.04928	0.01483	0.06158	0.11772	0.01681	0.14564	0.01647	0.07911	0.01302	0.00777	0.00638	0.00203	0.00784	0.00649	0.00449	0.00951
26	0.01663	0.01830	0.01942	0.01688	0.01772	0.20145	0.01372	0.01811	0.01200	0.01562	0.00886	0.01352	0.00844	0.01015	0.01736	0.00254	0.57388	0.00528	0.00295	0.00717
27	0.05669	0.01524	0.04135	0.04769	0.07428	0.03705	0.09504	0.17835	0.03636	0.02559	0.01365	0.03882	0.01105	0.00645	0.00590	0.00165	0.00679	0.00555	0.00438	0.29815
28	0.01808	0.47924	0.07070	0.01307	0.01828	0.11712	0.02866	0.07159	0.06860	0.01861	0.01197	0.01434	0.01032	0.00652	0.00507	0.00163	0.00763	0.02650	0.00351	0.00854
29	0.00893	0.00628	0.00787	0.00821	0.00866	0.00640	0.00537	0.00978	0.01055	0.01421	0.02529	0.20318	0.06029	0.40407	0.18654	0.00617	0.00803	0.01107	0.00438	0.00471
30	0.01595	0.01493	0.06155	0.05231	0.41933	0.01400	0.06190	0.06383	0.03752	0.06635	0.01673	0.11535	0.01501	0.00804	0.00672	0.00206	0.00725	0.00758	0.00415	0.00944
31	0.01572	0.45126	0.32111	0.01423	0.02133	0.04294	0.01633	0.02000	0.01349	0.01737	0.01008	0.01174	0.00825	0.00581	0.00501	0.00166	0.00813	0.00401	0.00277	0.00878
32	0.05116	0.01197	0.01472	0.01170	0.01604	0.01176	0.00955	0.17930	0.04002	0.41644	0.06707	0.02221	0.01759	0.01097	0.05682	0.00255	0.00638	0.00661	0.03716	0.00998
33	0.08348	0.14253	0.48713	0.01566	0.02361	0.01594	0.01884	0.02143	0.01390	0.10249	0.01257	0.01383	0.00900	0.00625	0.00570	0.00194	0.00830	0.00466	0.00344	0.00931
34	0.02026	0.01409	0.01560	0.01352	0.03955	0.03128	0.01043	0.23441	0.25091	0.16604	0.02612	0.04473	0.08531	0.00922	0.00665	0.00207	0.00580	0.00750	0.00656	0.00994
35	0.00923	0.00692	0.01038	0.01038	0.01154	0.00808	0.00808	0.01154	0.01038	0.01500	0.01731	0.02538	0.01615	0.04846	0.74732	0.01038	0.01731	0.00692	0.00346	0.00577
36	0.01305	0.01202	0.01968	0.68473	0.07339	0.01471	0.01771	0.05511	0.01397	0.01805	0.01174	0.01708	0.00882	0.00650	0.00646	0.00213	0.00849	0.00575	0.00308	0.00752
37	0.00772	0.00649	0.00670	0.00677	0.00881	0.00547	0.00503	0.00938	0.01473	0.01777	0.09272	0.10681	0.65658	0.01647	0.00767	0.00220	0.00329	0.01385	0.00605	0.00547
38	0.01470	0.01404	0.02390	0.28345	0.49889	0.01501	0.01919	0.01870	0.01410	0.01955	0.01193	0.01641	0.00968	0.00600	0.00642	0.00200	0.00799	0.00575	0.00309	0.00920
39	0.00939	0.00630	0.00723	0.00723	0.00730	0.00636	0.00415	0.00952	0.00945	0.01267	0.02019	0.04134	0.02308	0.73266	0.07260	0.00649	0.00688	0.00926	0.00389	0.00402
40	0.01599	0.01535	0.02623	0.03966	0.73262	0.01535	0.01983	0.01983	0.01471	0.02111	0.01215	0.01599	0.01023	0.00576	0.00640	0.00192	0.00768	0.00576	0.00320	0.01023
41	0.01477	0.01638	0.03466	0.14857	0.05673	0.01598	0.57375	0.01998	0.01485	0.02002	0.01278	0.01735	0.00962	0.00562	0.00739	0.00217	0.01042	0.00726	0.00320	0.00851
42	0.01315	0.00709	0.00720	0.00680	0.00863	0.00726	0.00520	0.07632	0.01503	0.02555	0.02059	0.02333	0.01607	0.00755	0.00469	0.00154	0.00337	0.00600	0.73817	0.00646
43	0.00810	0.00579	0.00775	0.00916	0.00966	0.00543	0.00630	0.00944	0.01280	0.01710	0.06601	0.68984	0.04316	0.01977	0.00827	0.00262	0.00387	0.06357	0.00604	0.00533
44	0.00796	0.00656	0.00701	0.00703	0.00904	0.00561	0.00530	0.00983	0.01518	0.01871	0.15964	0.08249	0.58834	0.01608	0.00770	0.00220	0.00335	0.03628	0.00616	0.00556
45	0.01253	0.01182	0.01997	0.69534	0.10399	0.01444	0.01811	0.01680	0.01307	0.01691	0.01154	0.01712	0.00875	0.00640	0.00645	0.00213	0.00853	0.00574	0.00290	0.00744
46	0.04546	0.01144	0.01387	0.01096	0.01524	0.01104	0.00896	0.16506	0.01967	0.42925	0.02212	0.02082	0.01486	0.00780	0.00601	0.00188	0.00529	0.00618	0.17424	0.00985
47	0.01283	0.00661	0.00678	0.00652	0.00829	0.00658	0.00495	0.03894	0.01433	0.04710	0.02288	0.02532	0.04603	0.00792	0.00478	0.00156	0.00324	0.00635	0.72268	0.00633
48	0.05316	0.09355	0.34796	0.01581	0.02269	0.08632	0.01702	0.17448	0.05839	0.05166	0.01332	0.01435	0.00973	0.00670	0.00595	0.00193	0.00837	0.00498	0.00409	0.00954
49	0.00804	0.00574	0.00769	0.00918	0.00963	0.00539	0.00628	0.00928	0.01253	0.01668	0.03552	0.72361	0.04238	0.02009	0.00829	0.00265	0.00389	0.06184	0.00599	0.00529
50	0.00830	0.00670	0.00747	0.00764	0.00962	0.00587	0.00597	0.01036	0.01526	0.01897	0.15489	0.06194	0.52203	0.01616	0.00784	0.00229	0.00368	0.12324	0.00615	0.00563
51	0.02279	0.01300	0.01540	0.01230	0.01660	0.01324	0.00997	0.27382	0.08180	0.30111	0.12022	0.04991	0.02170	0.00913	0.00671	0.00202	0.00565	0.00746	0.00713	0.01004
52	0.02012	0.04068	0.01952	0.01723	0.05320	0.31064	0.01316	0.13485	0.05554	0.02066	0.01139	0.01390	0.00952	0.00831	0.01070	0.00210	0.24127	0.00512	0.00384	0.00823
53	0.00954	0.00706	0.01015	0.01003	0.01090	0.00817	0.00755	0.01123	0.01013	0.01447	0.01722	0.02750	0.01686	0.16569	0.57210	0.03947	0.04582	0.00723	0.00349	0.00541
54	0.00950	0.00691	0.00878	0.00971	0.01063	0.00680	0.00687	0.05742	0.03901	0.01899	0.05594	0.62165	0.03999	0.01861	0.00809	0.00257	0.00415	0.06242	0.00608	0.00588
55	0.01860	0.05288	0.01826	0.01701	0.09802	0.26982	0.02844	0.10563	0.12260	0.02213	0.07829	0.02168	0.07155	0.00842	0.00696	0.00192	0.03822	0.00649	0.00465	0.00840
56	0.08937	0.02663	0.01759	0.01563	0.01914	0.55141	0.01196	0.10245	0.04802	0.02017	0.01116	0.01259	0.00899	0.00696	0.00626	0.00178	0.03361	0.00447	0.00386	0.00794
57	0.01382	0.01264	0.01330	0.01207	0.01444	0.12113	0.05976	0.13049	0.01675	0.02074	0.03023	0.29774	0.13333	0.06253	0.00904	0.00251	0.00619	0.03119	0.00534	0.00677
58	0.00789	0.00580	0.00741	0.00860	0.00929	0.00531	0.00584	0.00917	0.01296	0.01702	0.06869	0.63533	0.14423	0.01938	0.00813	0.00253	0.00365	0.01740	0.00604	0.00531
59	0.01563	0.01549	0.02313	0.18421	0.48227	0.07726	0.01804	0.01975	0.03701	0.01974	0.01308	0.04166	0.01114	0.00657	0.00643	0.00198	0.00799	0.00609	0.00334	0.00920
60	0.08957	0.01737	0.04279	0.05001	0.04853	0.13022	0.27764	0.02223	0.05360	0.10585	0.01684	0.04218	0.03855	0.00728	0.00708	0.00208	0.02863	0.00686	0.00423	0.00845
61	0.01230	0.01082	0.01169	0.02997	0.01400	0.06516	0.02634	0.05532	0.16995	0.02142	0.10373	0.23652	0.15973	0.01377	0.00739	0.00227	0.00508	0.04154	0.00591	0.00711
62	0.01386	0.04728	0.06062	0.01246	0.01486	0.16337	0.04334	0.01624	0.01323	0.01718	0.04015	0.06273	0.01662	0.10126	0.18732	0.00442	0.06589	0.00694	0.10571	0.00653
63	0.02072	0.09149	0.04211	0.02971	0.02015	0.26493	0.07067	0.13886	0.10492	0.08080	0.03709	0.01731	0.01303	0.03153	0.00701	0.00200	0.00853	0.00569	0.00468	0.00877

[dist]
# distance from previous block
# <min> <max>
0	1

[block]
# block no. 5 follows, 34 sequences, length 7
# corresponding to MSA columns:
# 266-272
name=unknown_F
#
# <colnr> <probs for GDERKNQSTAVLIFYWHMCP>
#	G	D	E	R	K	N	Q	S	T	A	V	L	I	F	Y	W	H	M	C	P
0	0.04759	0.23318	0.42929	0.01763	0.08009	0.05011	0.01888	0.02028	0.01369	0.01923	0.01075	0.01272	0.00834	0.00596	0.00552	0.00184	0.00859	0.00442	0.00285	0.00907
1	0.00801	0.00643	0.00715	0.00725	0.00903	0.00557	0.00533	0.00990	0.01521	0.01925	0.21238	0.15742	0.48199	0.01619	0.00772	0.00221	0.00329	0.01385	0.00625	0.00557
2	0.01943	0.01543	0.01545	0.01458	0.05909	0.14468	0.01084	0.13783	0.14118	0.14758	0.02281	0.07765	0.04214	0.01192	0.04658	0.00255	0.00741	0.06827	0.00573	0.00886
3	0.05216	0.16710	0.19454	0.05804	0.06501	0.04893	0.07380	0.11875	0.01660	0.09324	0.01397	0.04522	0.01102	0.00696	0.00597	0.00191	0.00790	0.00566	0.00408	0.00912
4	0.07445	0.01444	0.02282	0.16901	0.32619	0.01534	0.08799	0.09897	0.04401	0.02315	0.01402	0.01930	0.01155	0.00688	0.00651	0.00207	0.00773	0.04258	0.00386	0.00911
5	0.01058	0.04426	0.04232	0.01172	0.06036	0.04650	0.00837	0.01374	0.06379	0.01884	0.11183	0.35399	0.15902	0.01502	0.00743	0.00227	0.00475	0.01317	0.00555	0.00650
6	0.01756	0.01754	0.10132	0.01916	0.15518	0.07175	0.03580	0.17136	0.14739	0.05522	0.04116	0.05769	0.04796	0.00860	0.00665	0.00205	0.00706	0.02200	0.00511	0.00941

[dist]
# distance from previous block
# <min> <max>
1	7

[block]
# block no. 6 follows, 34 sequences, length 34
# corresponding to MSA columns:
# 280-313
name=unknown_G
#
# <colnr> <probs for GDERKNQSTAVLIFYWHMCP>
#	G	D	E	R	K	N	Q	S	T	A	V	L	I	F	Y	W	H	M	C	P
0	0.03108	0.01155	0.03853	0.01233	0.04258	0.01123	0.00947	0.15744	0.11564	0.09450	0.06476	0.21907	0.10879	0.01267	0.00718	0.00224	0.00518	0.04144	0.00615	0.00814
1	0.06124	0.04291	0.03953	0.01449	0.01918	0.15312	0.05141	0.27879	0.09743	0.05103	0.01496	0.01629	0.01146	0.03345	0.00696	0.00197	0.00761	0.00550	0.00506	0.08762
2	0.01990	0.01677	0.04801	0.01650	0.08430	0.08117	0.04679	0.29611	0.05099	0.09038	0.01892	0.08925	0.03651	0.00860	0.00654	0.00195	0.00703	0.00713	0.00546	0.06769
3	0.11565	0.01567	0.01434	0.01222	0.01601	0.15606	0.00963	0.12863	0.10765	0.19006	0.08677	0.04811	0.05391	0.00888	0.00630	0.00198	0.00644	0.00693	0.00595	0.00881
4	0.01967	0.01525	0.01633	0.01368	0.01794	0.01718	0.01092	0.27465	0.44370	0.06413	0.02243	0.02096	0.01645	0.00837	0.00653	0.00209	0.00584	0.00674	0.00660	0.01053
5	0.01379	0.01357	0.02148	0.50273	0.14657	0.04788	0.06592	0.01859	0.04856	0.01797	0.01227	0.01705	0.00948	0.00655	0.00696	0.00212	0.03157	0.00588	0.00315	0.00792
6	0.05492	0.39145	0.36251	0.01437	0.02170	0.02008	0.01685	0.01985	0.01326	0.01834	0.01020	0.01190	0.00818	0.00584	0.00507	0.00172	0.00805	0.00407	0.00281	0.00882
7	0.02740	0.01084	0.01465	0.01126	0.01615	0.00931	0.00927	0.02994	0.01823	0.67231	0.05383	0.02265	0.01753	0.00805	0.00646	0.00195	0.00536	0.00658	0.00775	0.05046
8	0.00807	0.00571	0.00744	0.00874	0.00907	0.00538	0.00572	0.00905	0.01198	0.01597	0.03360	0.67287	0.04020	0.11954	0.01150	0.00310	0.00408	0.01718	0.00572	0.00507
9	0.00900	0.00612	0.00781	0.00862	0.00954	0.00560	0.00594	0.01040	0.01344	0.05015	0.11060	0.53643	0.13194	0.05107	0.00909	0.00263	0.00380	0.01613	0.00611	0.00557
10	0.00923	0.00692	0.01038	0.01038	0.01154	0.00808	0.00808	0.01154	0.01038	0.01500	0.01731	0.02538	0.01615	0.04846	0.74732	0.01038	0.01731	0.00692	0.00346	0.00577
11	0.02360	0.02826	0.01803	0.01605	0.01958	0.62511	0.01219	0.11520	0.01977	0.01914	0.01269	0.01396	0.03438	0.00715	0.00597	0.00172	0.01076	0.00472	0.00384	0.00788
12	0.01614	0.01528	0.02566	0.07103	0.67473	0.01548	0.01946	0.04579	0.01522	0.02164	0.01225	0.01603	0.01019	0.00586	0.00640	0.00193	0.00770	0.00576	0.00331	0.01013
13	0.00940	0.00626	0.00705	0.00705	0.00705	0.00626	0.00392	0.00940	0.00940	0.01253	0.02036	0.04228	0.02349	0.77292	0.03289	0.00626	0.00626	0.00940	0.00392	0.00392
14	0.02452	0.01424	0.06978	0.05859	0.02017	0.01263	0.03532	0.17485	0.01990	0.43520	0.02070	0.01969	0.01369	0.00939	0.03874	0.00237	0.00703	0.00624	0.00661	0.01035
15	0.01991	0.01498	0.01775	0.01439	0.01882	0.01627	0.06191	0.30662	0.26345	0.09102	0.02296	0.02400	0.04678	0.00883	0.00676	0.00211	0.00634	0.04068	0.00635	0.01007
16	0.01167	0.03807	0.01125	0.09724	0.01515	0.02686	0.00799	0.06183	0.04376	0.05631	0.10075	0.09433	0.38405	0.01324	0.00718	0.00213	0.00471	0.01110	0.00569	0.00671
17	0.06251	0.01431	0.01676	0.01290	0.01793	0.01454	0.01066	0.34167	0.02359	0.38680	0.02019	0.01851	0.01330	0.00780	0.00637	0.00197	0.00621	0.00605	0.00712	0.01081
18	0.03828	0.14434	0.36938	0.01549	0.02259	0.01606	0.05149	0.09972	0.01559	0.02230	0.03542	0.04724	0.01187	0.00691	0.00589	0.00186	0.00791	0.00552	0.00361	0.07854
19	0.01623	0.16198	0.23631	0.01398	0.01964	0.04776	0.01428	0.08104	0.14628	0.06614	0.04201	0.04659	0.03751	0.00828	0.00616	0.00198	0.00712	0.03309	0.00460	0.00903
20	0.00949	0.00686	0.00904	0.00892	0.00948	0.00756	0.00620	0.01067	0.01019	0.01424	0.04651	0.03411	0.02121	0.39943	0.34179	0.00776	0.03954	0.00827	0.00380	0.00493
21	0.01455	0.01310	0.01711	0.04753	0.18404	0.08937	0.05260	0.05246	0.04345	0.04252	0.01835	0.04273	0.03845	0.10688	0.17950	0.00444	0.00986	0.03137	0.00407	0.00761
22	0.03340	0.04870	0.04802	0.01485	0.01976	0.04037	0.11583	0.20465	0.13573	0.08279	0.01968	0.05622	0.04495	0.00802	0.00643	0.00193	0.00683	0.00688	0.00532	0.09963
23	0.01259	0.01360	0.05177	0.07170	0.02318	0.04288	0.28017	0.01624	0.01457	0.01959	0.10815	0.18401	0.04582	0.01034	0.00804	0.00221	0.04177	0.01000	0.00438	0.03899
24	0.01248	0.00863	0.00989	0.00892	0.01147	0.00822	0.00687	0.10404	0.04118	0.08850	0.23095	0.10516	0.31127	0.01370	0.00739	0.00213	0.00401	0.01162	0.00656	0.00699
25	0.06647	0.05098	0.10379	0.05855	0.08056	0.06616	0.07529	0.13623	0.05599	0.04268	0.07417	0.02471	0.11994	0.00856	0.00648	0.00200	0.00704	0.00716	0.00473	0.00849
26	0.01456	0.04239	0.42939	0.01661	0.02380	0.01467	0.07301	0.08927	0.07433	0.03874	0.03113	0.03632	0.03933	0.00742	0.00636	0.00204	0.00812	0.00618	0.03712	0.00921
27	0.00786	0.00611	0.00718	0.00800	0.00923	0.00542	0.00567	0.00929	0.01353	0.01704	0.04902	0.42375	0.35242	0.01840	0.00800	0.00244	0.00362	0.04166	0.00600	0.00537
28	0.01305	0.01002	0.01218	0.01063	0.01339	0.01011	0.04301	0.12082	0.12441	0.04979	0.19169	0.10825	0.20722	0.04552	0.00841	0.00233	0.00472	0.01077	0.00625	0.00743
