[name]
unknown

[dist]
# distance from previous block
# <min> <max>
8	66

[block]
# block no. 0 follows, 33 sequences, length 47
# corresponding to MSA columns:
# 92-138
name=unknown_A
#
# <colnr> <probs for GDERKNQSTAVLIFYWHMCP>
#	G	D	E	R	K	N	Q	S	T	A	V	L	I	F	Y	W	H	M	C	P
0	0.09717	0.05799	0.01981	0.04142	0.04497	0.08651	0.10201	0.07481	0.06517	0.11253	0.08396	0.02064	0.01655	0.00815	0.00793	0.00206	0.08422	0.02090	0.00488	0.04831
1	0.08731	0.01713	0.09521	0.21379	0.06319	0.11799	0.01405	0.07801	0.04628	0.04643	0.01646	0.08661	0.03054	0.00862	0.00679	0.01946	0.00776	0.00674	0.00416	0.03347
2	0.01727	0.04120	0.05638	0.06968	0.20241	0.12592	0.01403	0.12897	0.01737	0.02277	0.01512	0.04350	0.03396	0.00907	0.03961	0.00219	0.00816	0.00594	0.00406	0.14239
3	0.05784	0.06525	0.01856	0.11765	0.09556	0.06875	0.01260	0.14878	0.05537	0.09562	0.01665	0.08459	0.01411	0.01001	0.03330	0.00236	0.05465	0.00678	0.00481	0.03675
4	0.11797	0.06238	0.04587	0.06371	0.06425	0.06820	0.09954	0.08265	0.01550	0.07252	0.04480	0.01896	0.03937	0.01057	0.05402	0.00266	0.11835	0.00619	0.00421	0.00828
5	0.05765	0.11499	0.11407	0.01701	0.07590	0.10721	0.05626	0.16881	0.03402	0.04050	0.01461	0.03220	0.02888	0.00733	0.00671	0.00189	0.04059	0.00564	0.00428	0.07146
6	0.01467	0.01411	0.08524	0.04213	0.09994	0.03105	0.02735	0.13459	0.04119	0.04856	0.06760	0.21590	0.07915	0.01198	0.00813	0.00226	0.05257	0.01019	0.00526	0.00814
7	0.03689	0.00644	0.00826	0.00919	0.01017	0.00611	0.00647	0.01098	0.01340	0.04819	0.08456	0.56270	0.08287	0.01986	0.03594	0.00287	0.00446	0.03877	0.00611	0.00577
8	0.02172	0.05071	0.04634	0.03122	0.04478	0.06088	0.04362	0.29210	0.04532	0.16109	0.01918	0.06038	0.03285	0.00849	0.00692	0.00201	0.02483	0.00680	0.00581	0.03495
9	0.08983	0.07793	0.15958	0.01982	0.09243	0.06324	0.14123	0.04770	0.04958	0.07168	0.01305	0.01544	0.01005	0.00712	0.00837	0.00213	0.11233	0.00565	0.00382	0.00902
10	0.00839	0.00604	0.00801	0.00929	0.00996	0.00565	0.00653	0.00992	0.01349	0.01800	0.09972	0.60676	0.06809	0.01960	0.00839	0.00264	0.00396	0.08387	0.00621	0.00550
11	0.29531	0.15006	0.04303	0.01175	0.01665	0.06830	0.01020	0.14956	0.05939	0.04606	0.01235	0.01327	0.00955	0.00652	0.00508	0.00180	0.00648	0.00444	0.00448	0.08570
12	0.00957	0.00638	0.00718	0.00718	0.00718	0.00638	0.00399	0.00957	0.00957	0.01276	0.02074	0.04308	0.02393	0.76864	0.03351	0.00638	0.00638	0.00957	0.00399	0.00399
13	0.01517	0.09900	0.36290	0.05225	0.09002	0.04344	0.10935	0.04080	0.01489	0.04269	0.01381	0.06111	0.01129	0.00710	0.00643	0.00205	0.00894	0.00617	0.00342	0.00919
14	0.01614	0.09278	0.20004	0.02488	0.19661	0.01719	0.18824	0.05508	0.04030	0.03971	0.01297	0.01584	0.01005	0.00648	0.00749	0.00207	0.05514	0.00594	0.00351	0.00954
15	0.01266	0.01201	0.01680	0.01484	0.01607	0.04431	0.07599	0.01525	0.03875	0.01733	0.04055	0.17845	0.02083	0.04331	0.09143	0.00361	0.30813	0.03873	0.00415	0.00678
16	0.00963	0.00738	0.01101	0.01088	0.01200	0.00877	0.00851	0.01194	0.01056	0.01531	0.01723	0.02535	0.01611	0.04767	0.71006	0.01023	0.05094	0.00700	0.00350	0.00594
17	0.01642	0.07879	0.02702	0.14868	0.30581	0.09724	0.13966	0.02013	0.01472	0.01918	0.01167	0.01567	0.00958	0.00641	0.00756	0.00203	0.06152	0.00582	0.00317	0.00894
18	0.00792	0.00656	0.00694	0.00708	0.00904	0.00558	0.00522	0.00963	0.01499	0.01830	0.11147	0.14382	0.59697	0.01690	0.00785	0.00226	0.00337	0.01431	0.00620	0.00558
19	0.01243	0.01170	0.01975	0.75282	0.04534	0.01463	0.01828	0.01682	0.01316	0.01682	0.01170	0.01755	0.00878	0.00658	0.00658	0.00219	0.00878	0.00585	0.00293	0.00731
20	0.02385	0.01786	0.01910	0.01491	0.01997	0.01987	0.01223	0.61480	0.12368	0.03960	0.01729	0.01699	0.01240	0.00804	0.00660	0.00201	0.00697	0.00613	0.00660	0.01109
21	0.02388	0.02874	0.01974	0.01726	0.02089	0.60427	0.04389	0.10139	0.01959	0.01915	0.01089	0.01266	0.00886	0.00702	0.00663	0.00179	0.03692	0.00464	0.00373	0.00807
22	0.00794	0.00657	0.00696	0.00708	0.00904	0.00559	0.00523	0.00967	0.01505	0.01840	0.11885	0.13982	0.59343	0.01684	0.00785	0.00226	0.00337	0.01426	0.00621	0.00559
23	0.08092	0.02918	0.54999	0.01861	0.02714	0.01547	0.09941	0.02162	0.05726	0.02202	0.01269	0.01473	0.00915	0.00633	0.00627	0.00211	0.00922	0.00525	0.00319	0.00946
24	0.01140	0.00908	0.01268	0.01225	0.01365	0.00966	0.05142	0.08827	0.01483	0.02003	0.02928	0.46966	0.03325	0.01696	0.00975	0.00263	0.09066	0.09242	0.00562	0.00651
25	0.00802	0.00573	0.00764	0.00917	0.00955	0.00535	0.00611	0.00917	0.01260	0.01681	0.03628	0.76434	0.04354	0.02062	0.00840	0.00267	0.00382	0.01872	0.00611	0.00535
26	0.00778	0.00667	0.00667	0.00667	0.00889	0.00556	0.00500	0.00945	0.01501	0.01778	0.06669	0.06336	0.72490	0.01667	0.00778	0.00222	0.00333	0.01389	0.00611	0.00556
27	0.01528	0.01708	0.03656	0.02798	0.08906	0.01609	0.61932	0.02051	0.01537	0.02094	0.01421	0.04913	0.01144	0.00621	0.00770	0.00222	0.01053	0.00808	0.00344	0.00885
28	0.01745	0.74651	0.05922	0.01153	0.01731	0.02567	0.01173	0.01975	0.01339	0.01568	0.00925	0.01068	0.00844	0.00565	0.00430	0.00143	0.00714	0.00357	0.00281	0.00849
29	0.00950	0.00696	0.00995	0.01003	0.01100	0.00786	0.00756	0.01145	0.01062	0.01504	0.01906	0.03144	0.01890	0.18053	0.57537	0.00943	0.01498	0.04104	0.00374	0.00554
30	0.02781	0.01397	0.01699	0.01302	0.01818	0.01378	0.01076	0.28935	0.02347	0.46833	0.02209	0.01989	0.01435	0.00805	0.00661	0.00201	0.00623	0.00636	0.00755	0.01120
31	0.01769	0.01640	0.02347	0.16814	0.34426	0.06078	0.03963	0.15894	0.01782	0.02398	0.01261	0.01610	0.01003	0.00681	0.00748	0.00206	0.05454	0.00583	0.00386	0.00957
32	0.01449	0.01362	0.02304	0.22551	0.46552	0.01453	0.01833	0.01835	0.01400	0.01956	0.01280	0.01772	0.01068	0.01101	0.09038	0.00300	0.00919	0.00600	0.00320	0.00909
33	0.01519	0.07332	0.11154	0.05955	0.01990	0.03920	0.01150	0.07666	0.01529	0.02214	0.01182	0.01382	0.00948	0.00555	0.00530	0.00134	0.00639	0.00431	0.00382	0.49387
34	0.00811	0.00660	0.00719	0.00721	0.00914	0.00567	0.00534	0.01003	0.01554	0.01946	0.19805	0.11968	0.53232	0.01635	0.00783	0.00223	0.00333	0.01390	0.00634	0.00567
35	0.01517	0.01307	0.04868	0.01197	0.01787	0.00979	0.07215	0.01847	0.01430	0.08858	0.01381	0.03333	0.01116	0.00570	0.00545	0.00128	0.00571	0.00492	0.00425	0.60432
36	0.01560	0.01458	0.01678	0.05213	0.13096	0.08026	0.01110	0.04013	0.07161	0.02182	0.01301	0.01504	0.01057	0.00571	0.00552	0.00139	0.00629	0.00469	0.00401	0.47878
37	0.00804	0.00627	0.00731	0.00790	0.00927	0.00554	0.00560	0.00964	0.01436	0.01827	0.12275	0.36100	0.36454	0.01802	0.00804	0.00240	0.00352	0.01574	0.00623	0.00554
38	0.05513	0.20400	0.02100	0.04442	0.01896	0.05942	0.01140	0.17672	0.29096	0.02663	0.01765	0.01754	0.01354	0.00754	0.00589	0.00193	0.00662	0.00572	0.00525	0.00967
39	0.00966	0.00681	0.00990	0.00990	0.01078	0.00770	0.00738	0.01110	0.01022	0.01451	0.01734	0.02749	0.01688	0.14232	0.56630	0.10091	0.01478	0.00724	0.00351	0.00528
40	0.08003	0.15840	0.34076	0.01660	0.05568	0.01610	0.04807	0.02281	0.01473	0.16653	0.01413	0.01508	0.01007	0.00647	0.00588	0.00195	0.00801	0.00506	0.00404	0.00959
41	0.00945	0.00659	0.00838	0.00845	0.00887	0.00698	0.00555	0.01031	0.01006	0.01382	0.02037	0.06962	0.02223	0.48561	0.27815	0.00767	0.01017	0.00911	0.00392	0.00470
42	0.00817	0.00579	0.00760	0.00898	0.00932	0.00545	0.00591	0.00921	0.01232	0.01642	0.03481	0.69603	0.04168	0.09147	0.01078	0.00302	0.00406	0.01785	0.00591	0.00522
43	0.01376	0.01142	0.01271	0.01227	0.01496	0.01279	0.00944	0.02650	0.47073	0.02413	0.02994	0.20192	0.02761	0.01273	0.00737	0.00243	0.00499	0.08908	0.00649	0.00873
44	0.01666	0.02012	0.11405	0.06452	0.11232	0.08755	0.31211	0.06886	0.03697	0.02158	0.01283	0.01633	0.00991	0.00659	0.00820	0.00216	0.07022	0.00645	0.00353	0.00903
45	0.01007	0.00770	0.01122	0.01091	0.01181	0.00920	0.00841	0.01183	0.01033	0.01492	0.01653	0.02556	0.01587	0.09667	0.56997	0.05880	0.09405	0.00702	0.00345	0.00569
46	0.01557	0.01467	0.02234	0.16323	0.36351	0.05935	0.04873	0.01909	0.01491	0.04986	0.05098	0.02123	0.06074	0.00762	0.00773	0.00209	0.05896	0.00671	0.00378	0.00889

[dist]
# distance from previous block
# <min> <max>
0	5

[block]
# block no. 1 follows, 33 sequences, length 102
# corresponding to MSA columns:
# 144-245
name=unknown_B
#
# <colnr> <probs for GDERKNQSTAVLIFYWHMCP>
#	G	D	E	R	K	N	Q	S	T	A	V	L	I	F	Y	W	H	M	C	P
0	0.03279	0.01168	0.01441	0.04135	0.07853	0.01071	0.00956	0.07187	0.06769	0.04415	0.05839	0.05239	0.06727	0.00958	0.03739	0.00197	0.00581	0.00656	0.00478	0.37312
1	0.01402	0.01231	0.01558	0.01395	0.10593	0.01012	0.00965	0.01701	0.01367	0.02123	0.01166	0.01402	0.00979	0.00528	0.00578	0.00118	0.03638	0.00423	0.00378	0.67446
2	0.00868	0.00631	0.00824	0.00929	0.01012	0.00579	0.00640	0.01001	0.01268	0.01711	0.03357	0.62734	0.03967	0.05988	0.00955	0.00277	0.00418	0.05896	0.00583	0.06362
3	0.01820	0.01604	0.01958	0.06730	0.05564	0.04726	0.07396	0.19041	0.30011	0.02774	0.01865	0.01929	0.01411	0.00802	0.00773	0.00213	0.06137	0.00653	0.00543	0.04050
4	0.02044	0.25071	0.04336	0.01679	0.10053	0.06278	0.04168	0.16169	0.07068	0.11462	0.01475	0.01544	0.01122	0.00674	0.00579	0.00178	0.00729	0.00524	0.00470	0.04376
5	0.02302	0.02726	0.01924	0.03703	0.08446	0.55131	0.01336	0.08110	0.06612	0.01944	0.01199	0.01358	0.00966	0.00693	0.00611	0.00179	0.01061	0.00478	0.00385	0.00835
6	0.01440	0.07307	0.60832	0.01839	0.02737	0.01573	0.05944	0.02163	0.02995	0.05342	0.01273	0.01455	0.00907	0.00633	0.00625	0.00206	0.00936	0.00509	0.00315	0.00969
7	0.01408	0.01933	0.20525	0.11760	0.21556	0.03151	0.14968	0.01898	0.01449	0.02006	0.01551	0.07994	0.01382	0.00792	0.00699	0.00218	0.00872	0.04605	0.00350	0.00883
8	0.00942	0.00700	0.01033	0.01033	0.01142	0.00810	0.00792	0.01160	0.01051	0.01510	0.01786	0.02711	0.01700	0.10156	0.69111	0.01028	0.01682	0.00724	0.00356	0.00574
9	0.01344	0.01215	0.01186	0.01195	0.01399	0.12641	0.00954	0.01821	0.12571	0.02007	0.09343	0.04927	0.06789	0.07124	0.01044	0.03074	0.00645	0.29493	0.00558	0.00672
10	0.00832	0.00590	0.00775	0.00913	0.00953	0.00557	0.00614	0.00945	0.01244	0.01655	0.03464	0.65402	0.04125	0.09610	0.01098	0.00307	0.00420	0.05382	0.00589	0.00525
11	0.05643	0.01721	0.01674	0.01392	0.01833	0.11450	0.01110	0.23891	0.25780	0.15482	0.02027	0.01918	0.01457	0.00807	0.00644	0.00204	0.00680	0.00623	0.00636	0.01028
12	0.00778	0.00667	0.00667	0.00667	0.00889	0.00556	0.00500	0.00945	0.01501	0.01778	0.06669	0.06336	0.72490	0.01667	0.00778	0.00222	0.00333	0.01389	0.00611	0.00556
13	0.01680	0.01835	0.05780	0.05789	0.48100	0.09368	0.13676	0.02093	0.01537	0.02068	0.01226	0.01601	0.01000	0.00595	0.00666	0.00199	0.00893	0.00597	0.00325	0.00973
14	0.01481	0.01248	0.01348	0.01220	0.01547	0.01407	0.00947	0.05091	0.52203	0.02641	0.10569	0.03019	0.08130	0.01221	0.04680	0.00266	0.00557	0.00838	0.00654	0.00934
15	0.00984	0.00698	0.00837	0.00853	0.01044	0.00625	0.00663	0.01200	0.01562	0.06041	0.17607	0.14758	0.35539	0.01635	0.00802	0.00238	0.00397	0.13267	0.00643	0.00606
16	0.02349	0.02961	0.01807	0.01650	0.01973	0.68895	0.01239	0.02523	0.01807	0.01605	0.01072	0.01289	0.00906	0.00987	0.05938	0.00234	0.01229	0.00444	0.00340	0.00750
17	0.01105	0.00850	0.01190	0.01161	0.01335	0.00856	0.05394	0.09126	0.01518	0.02025	0.03133	0.39124	0.06667	0.02119	0.10038	0.00359	0.00676	0.12115	0.00565	0.00645
18	0.00802	0.00573	0.00764	0.00917	0.00955	0.00535	0.00611	0.00917	0.01260	0.01681	0.03628	0.76434	0.04354	0.02062	0.00840	0.00267	0.00382	0.01872	0.00611	0.00535
19	0.00800	0.00581	0.00755	0.00895	0.00949	0.00537	0.00601	0.00919	0.01282	0.01689	0.03896	0.70276	0.10340	0.02028	0.00835	0.00263	0.00378	0.01829	0.00611	0.00537
20	0.02084	0.01463	0.01610	0.01324	0.01751	0.01600	0.01064	0.29770	0.27859	0.12385	0.07274	0.02260	0.01901	0.00871	0.00664	0.00207	0.00584	0.00701	0.03590	0.01037
21	0.00912	0.00671	0.00968	0.01016	0.01110	0.00737	0.00763	0.01110	0.01131	0.01581	0.02352	0.22029	0.02494	0.07003	0.48345	0.00795	0.01297	0.04684	0.00435	0.00567
22	0.01586	0.01360	0.01444	0.01303	0.01659	0.01564	0.01011	0.03335	0.66510	0.02746	0.07739	0.02635	0.02314	0.00926	0.00678	0.00222	0.00506	0.00777	0.00674	0.01011
23	0.01306	0.00690	0.00698	0.00670	0.00846	0.00702	0.00509	0.05820	0.01487	0.02560	0.02112	0.02400	0.01652	0.00768	0.00473	0.00156	0.00333	0.00612	0.75560	0.00645
24	0.01314	0.01261	0.02160	0.59785	0.12192	0.01511	0.05548	0.01740	0.01336	0.01755	0.01173	0.01727	0.00903	0.00667	0.00733	0.00220	0.04309	0.00595	0.00298	0.00775
25	0.01379	0.01435	0.02809	0.43593	0.04056	0.01551	0.31783	0.01869	0.01420	0.01869	0.01241	0.01764	0.00931	0.00613	0.00710	0.00221	0.00979	0.00669	0.00310	0.00800
26	0.00802	0.00573	0.00764	0.00917	0.00955	0.00535	0.00611	0.00917	0.01260	0.01681	0.03628	0.76434	0.04354	0.02062	0.00840	0.00267	0.00382	0.01872	0.00611	0.00535
27	0.02158	0.14716	0.02033	0.01501	0.04115	0.28787	0.03639	0.05291	0.04424	0.15547	0.03370	0.08448	0.01515	0.00833	0.00619	0.00187	0.00830	0.00646	0.00480	0.00860
28	0.02595	0.01234	0.01548	0.01227	0.01689	0.01183	0.00997	0.17312	0.05055	0.48645	0.02484	0.09253	0.01800	0.00933	0.00679	0.00209	0.00576	0.00767	0.00756	0.01060
29	0.00790	0.00646	0.00699	0.00731	0.00908	0.00554	0.00531	0.00952	0.01462	0.01794	0.08901	0.22331	0.53929	0.01743	0.00792	0.00232	0.00344	0.01491	0.00616	0.00554
30	0.01546	0.01751	0.03749	0.02699	0.03316	0.01690	0.65365	0.02071	0.01514	0.02071	0.01298	0.01751	0.00989	0.00598	0.00877	0.00227	0.06519	0.00762	0.00330	0.00876
31	0.03672	0.01924	0.07636	0.29045	0.15550	0.18167	0.08902	0.02078	0.01514	0.03663	0.01195	0.01573	0.00924	0.00640	0.00646	0.00202	0.00946	0.00557	0.00328	0.00837
32	0.00801	0.00578	0.00759	0.00903	0.00951	0.00536	0.00605	0.00918	0.01273	0.01686	0.03793	0.72634	0.08048	0.02041	0.00837	0.00265	0.00379	0.01845	0.00611	0.00536
33	0.01365	0.01170	0.01365	0.00975	0.01560	0.00878	0.00780	0.01658	0.01365	0.02145	0.01170	0.01365	0.00975	0.00488	0.00488	0.00098	0.00488	0.00390	0.00390	0.80888
34	0.00940	0.00705	0.01058	0.01058	0.01176	0.00823	0.00823	0.01176	0.01058	0.01528	0.01763	0.02586	0.01646	0.04937	0.74255	0.01058	0.01763	0.00705	0.00353	0.00588
35	0.00977	0.00951	0.00812	0.00791	0.01024	0.09029	0.00593	0.01149	0.01555	0.01789	0.08265	0.05695	0.61987	0.01543	0.00757	0.00216	0.00431	0.01272	0.00584	0.00582
36	0.02173	0.00948	0.01278	0.01039	0.01411	0.00834	0.00834	0.02449	0.01876	0.45964	0.29552	0.03274	0.03399	0.01020	0.00706	0.00205	0.00464	0.00866	0.00780	0.00928
37	0.00955	0.00671	0.00850	0.00841	0.00997	0.00610	0.00624	0.01203	0.01681	0.04709	0.44221	0.18345	0.16787	0.01528	0.00789	0.00223	0.00345	0.03324	0.00684	0.00611
38	0.00865	0.00654	0.00803	0.00863	0.00982	0.00609	0.00610	0.01115	0.04668	0.01969	0.19891	0.41922	0.19094	0.01762	0.00805	0.00242	0.00362	0.01563	0.00640	0.00582
39	0.02459	0.03138	0.01866	0.01696	0.02035	0.74221	0.01272	0.02629	0.01866	0.01611	0.01018	0.01187	0.00848	0.00678	0.00594	0.00170	0.01187	0.00424	0.00339	0.00763
40	0.01365	0.01170	0.01365	0.00975	0.01560	0.00878	0.00780	0.01658	0.01365	0.02145	0.01170	0.01365	0.00975	0.00488	0.00488	0.00098	0.00488	0.00390	0.00390	0.80888
41	0.01979	0.02239	0.02076	0.02367	0.23648	0.35822	0.01488	0.04538	0.01638	0.01854	0.01141	0.01467	0.00977	0.01018	0.06138	0.00257	0.09653	0.00518	0.00341	0.00844
42	0.00789	0.00667	0.00683	0.00679	0.00896	0.00561	0.00509	0.00967	0.01527	0.01842	0.11522	0.06231	0.67598	0.01644	0.00778	0.00221	0.00332	0.01375	0.00620	0.00561
43	0.01506	0.03268	0.61978	0.01834	0.02719	0.07952	0.02245	0.07101	0.01555	0.02193	0.01196	0.01386	0.00856	0.00642	0.00625	0.00204	0.00974	0.00489	0.00311	0.00965
44	0.01363	0.02090	0.25457	0.08818	0.09611	0.06624	0.15562	0.01846	0.01463	0.01952	0.02070	0.08887	0.09623	0.00867	0.00697	0.00215	0.00860	0.00791	0.00369	0.00837
45	0.02061	0.01658	0.01666	0.01380	0.01811	0.06968	0.01103	0.33591	0.26793	0.05778	0.02408	0.02300	0.07700	0.00896	0.00668	0.00207	0.00646	0.00706	0.00641	0.01017
46	0.02144	0.02624	0.01795	0.01628	0.01895	0.55796	0.01244	0.02318	0.01654	0.01598	0.01081	0.01382	0.00941	0.01230	0.09201	0.00287	0.11634	0.00477	0.00334	0.00737
47	0.02090	0.01687	0.05011	0.20433	0.04786	0.01802	0.01453	0.42989	0.04963	0.05967	0.01527	0.01676	0.01095	0.00748	0.00657	0.00205	0.00762	0.00594	0.00545	0.01009
48	0.00811	0.00580	0.00772	0.00910	0.00957	0.00541	0.00612	0.00940	0.01304	0.01750	0.08619	0.71245	0.04489	0.02010	0.00836	0.00263	0.00377	0.01822	0.00619	0.00541
49	0.00958	0.00731	0.01091	0.01081	0.01195	0.00864	0.00844	0.01190	0.01056	0.01530	0.01732	0.02547	0.01619	0.04806	0.71755	0.01031	0.04326	0.00701	0.00350	0.00592
50	0.00813	0.00581	0.00776	0.00929	0.00972	0.00544	0.00630	0.00935	0.01271	0.01693	0.03623	0.73576	0.04331	0.02052	0.00843	0.00269	0.00391	0.04624	0.00611	0.00538
51	0.01620	0.01572	0.02489	0.16019	0.50972	0.04674	0.03287	0.04462	0.01521	0.02095	0.01216	0.01625	0.01000	0.00634	0.00718	0.00203	0.04016	0.00583	0.00331	0.00963
52	0.01800	0.01495	0.01580	0.01373	0.01774	0.01713	0.01081	0.16076	0.58726	0.03016	0.02473	0.02292	0.01843	0.00874	0.00668	0.00218	0.00559	0.00716	0.00668	0.01057
53	0.00802	0.00573	0.00764	0.00917	0.00955	0.00535	0.00611	0.00917	0.01260	0.01681	0.03628	0.76434	0.04354	0.02062	0.00840	0.00267	0.00382	0.01872	0.00611	0.00535
54	0.01405	0.02740	0.48036	0.05201	0.07390	0.01560	0.11642	0.02227	0.09374	0.02151	0.01375	0.01595	0.01005	0.00645	0.00655	0.00212	0.00924	0.00567	0.00334	0.00963
55	0.02328	0.01678	0.01819	0.01443	0.01930	0.01852	0.01176	0.48462	0.19774	0.09616	0.01935	0.01851	0.01381	0.00818	0.00662	0.00204	0.00661	0.00636	0.00674	0.01101
56	0.00802	0.00573	0.00764	0.00917	0.00955	0.00535	0.00611	0.00917	0.01260	0.01681	0.03628	0.76434	0.04354	0.02062	0.00840	0.00267	0.00382	0.01872	0.00611	0.00535
57	0.00805	0.00577	0.00761	0.00906	0.00948	0.00538	0.00604	0.00918	0.01259	0.01673	0.03662	0.73164	0.05861	0.03788	0.00897	0.00275	0.00387	0.01839	0.00606	0.00532
58	0.02417	0.07898	0.02014	0.01442	0.01947	0.04574	0.01197	0.54831	0.02749	0.09188	0.01657	0.04171	0.01240	0.00814	0.00644	0.00195	0.00715	0.00617	0.00627	0.01064
59	0.01080	0.01006	0.00952	0.01001	0.04345	0.09715	0.00702	0.01286	0.01576	0.01937	0.14927	0.10176	0.40105	0.01432	0.00740	0.00214	0.00465	0.02811	0.04914	0.00616
60	0.01789	0.08850	0.32048	0.04927	0.08188	0.11037	0.04947	0.05225	0.04541	0.10263	0.01392	0.01538	0.01016	0.00662	0.00622	0.00197	0.00888	0.00528	0.00388	0.00953
61	0.00945	0.00686	0.00960	0.00977	0.01064	0.00760	0.00723	0.01121	0.01071	0.01501	0.02036	0.06915	0.02092	0.22266	0.48795	0.00870	0.01349	0.04938	0.00392	0.00540
62	0.01365	0.01170	0.01365	0.00975	0.01560	0.00878	0.00780	0.01658	0.01365	0.02145	0.01170	0.01365	0.00975	0.00488	0.00488	0.00098	0.00488	0.00390	0.00390	0.80888
63	0.00940	0.00705	0.01058	0.01058	0.01176	0.00823	0.00823	0.01176	0.01058	0.01528	0.01763	0.02586	0.01646	0.04937	0.74255	0.01058	0.01763	0.00705	0.00353	0.00588
64	0.30715	0.33078	0.10564	0.01239	0.01798	0.01947	0.06145	0.02023	0.01299	0.04610	0.01034	0.01192	0.00834	0.00596	0.00474	0.00179	0.00689	0.00411	0.00349	0.00824
65	0.00800	0.00579	0.00757	0.00900	0.00950	0.00536	0.00604	0.00919	0.01277	0.01687	0.03835	0.71682	0.08973	0.02036	0.00836	0.00264	0.00379	0.01839	0.00611	0.00536
66	0.01275	0.01226	0.01881	0.01598	0.01752	0.03357	0.11091	0.01517	0.01130	0.01637	0.01311	0.01960	0.01209	0.02633	0.31998	0.00597	0.32160	0.00655	0.00323	0.00690
67	0.01969	0.38073	0.02715	0.01549	0.04865	0.29149	0.04087	0.02184	0.01529	0.01621	0.01010	0.01222	0.00887	0.00770	0.02966	0.00192	0.03663	0.00426	0.00310	0.00812
68	0.01599	0.10487	0.03821	0.16284	0.12591	0.04677	0.10649	0.02119	0.08989	0.04997	0.01363	0.01651	0.01075	0.00677	0.00749	0.00196	0.07042	0.00572	0.00377	0.10083
69	0.01883	0.20542	0.19519	0.01557	0.04212	0.10095	0.04097	0.10543	0.01694	0.08979	0.01288	0.01409	0.00978	0.00635	0.00571	0.00173	0.00806	0.00479	0.00400	0.10138
70	0.01654	0.01285	0.01861	0.08010	0.30143	0.02981	0.01389	0.03759	0.08919	0.12581	0.05131	0.10792	0.06751	0.00939	0.00690	0.00211	0.00642	0.00837	0.00508	0.00916
71	0.00980	0.00745	0.00936	0.01013	0.01195	0.00713	0.00848	0.01294	0.03965	0.01984	0.09484	0.06720	0.26034	0.01703	0.00849	0.00267	0.00494	0.39549	0.00619	0.00606
72	0.01414	0.01258	0.02103	0.13646	0.10162	0.01293	0.17851	0.05531	0.05479	0.05395	0.09738	0.08940	0.09748	0.00972	0.00779	0.00221	0.03274	0.00905	0.00478	0.00811
73	0.06446	0.06812	0.05230	0.08792	0.06836	0.04763	0.06649	0.09362	0.09002	0.13404	0.02099	0.08006	0.04314	0.00908	0.00665	0.00213	0.00698	0.04391	0.00519	0.00889
74	0.01030	0.00847	0.01265	0.05021	0.17197	0.00829	0.01002	0.01251	0.01393	0.01880	0.08190	0.41720	0.08641	0.01572	0.00785	0.00243	0.00499	0.05424	0.00541	0.00669
75	0.00926	0.00672	0.00853	0.00959	0.01032	0.00665	0.00673	0.01180	0.06560	0.01739	0.03294	0.49944	0.03792	0.13640	0.01230	0.00327	0.00464	0.10907	0.00582	0.00562
76	0.01607	0.01731	0.08002	0.09551	0.07040	0.09844	0.04251	0.04294	0.34688	0.02330	0.02270	0.04093	0.05690	0.00856	0.00670	0.00214	0.00708	0.00720	0.00514	0.00925
77	0.05189	0.07690	0.36156	0.02041	0.08786	0.04297	0.12215	0.02201	0.08068	0.02123	0.01301	0.01527	0.00986	0.00656	0.00694	0.00208	0.04043	0.00550	0.00337	0.00934
78	0.00922	0.00623	0.00729	0.00764	0.00772	0.00615	0.00447	0.00948	0.01027	0.01369	0.02430	0.20826	0.02842	0.59733	0.02776	0.00553	0.00580	0.01167	0.00447	0.00430
79	0.00948	0.00798	0.00861	0.00985	0.01050	0.07008	0.00669	0.01067	0.01314	0.01674	0.03399	0.69824	0.04046	0.01941	0.00819	0.00259	0.00453	0.01744	0.00587	0.00555
80	0.01901	0.47738	0.11474	0.01375	0.01926	0.22370	0.01325	0.02168	0.01491	0.01631	0.00976	0.01133	0.00844	0.00603	0.00495	0.00157	0.00871	0.00388	0.00297	0.00838
81	0.01704	0.59727	0.17014	0.01297	0.01930	0.05440	0.01387	0.02021	0.01370	0.01656	0.00971	0.01127	0.00843	0.00580	0.00469	0.00155	0.00777	0.00381	0.00283	0.00866
82	0.01440	0.01440	0.02016	0.01728	0.01728	0.02016	0.01440	0.01584	0.01008	0.01584	0.00864	0.01440	0.00864	0.01152	0.02160	0.00288	0.75659	0.00576	0.00288	0.00720
83	0.03611	0.02225	0.15125	0.02312	0.02955	0.12902	0.42323	0.04541	0.01613	0.02127	0.01276	0.01612	0.00962	0.00601	0.00702	0.00209	0.01051	0.00652	0.02322	0.00880
84	0.01760	0.77260	0.03450	0.01126	0.01690	0.02605	0.01126	0.01971	0.01338	0.01549	0.00915	0.01056	0.00845	0.00563	0.00422	0.00141	0.00704	0.00352	0.00282	0.00845
85	0.01889	0.01490	0.01546	0.01349	0.01747	0.04913	0.01059	0.08291	0.55395	0.10905	0.02514	0.02310	0.01848	0.00867	0.00665	0.00217	0.00571	0.00709	0.00671	0.01044
86	0.00802	0.00594	0.00750	0.00867	0.00944	0.00542	0.00591	0.00933	0.01326	0.01732	0.06549	0.60844	0.17197	0.01964	0.00826	0.00257	0.00370	0.01758	0.00615	0.00542
87	0.01080	0.00982	0.05442	0.01180	0.01438	0.00829	0.08841	0.01452	0.04167	0.04110	0.33400	0.19305	0.07498	0.01380	0.00784	0.00230	0.00493	0.06094	0.00617	0.00679
88	0.01429	0.01372	0.06546	0.01250	0.01610	0.01373	0.01034	0.02814	0.49319	0.02597	0.13736	0.06319	0.05699	0.01031	0.00696	0.00222	0.00506	0.00875	0.00645	0.00927
89	0.00802	0.00573	0.00764	0.00917	0.00955	0.00535	0.00611	0.00917	0.01260	0.01681	0.03628	0.76434	0.04354	0.02062	0.00840	0.00267	0.00382	0.01872	0.00611	0.00535
90	0.02662	0.01588	0.01817	0.01393	0.01914	0.01662	0.01151	0.46773	0.02668	0.28542	0.01940	0.01814	0.01300	0.00799	0.00660	0.00200	0.00666	0.00617	0.00714	0.01120
91	0.06037	0.07815	0.05173	0.18921	0.22383	0.13389	0.01563	0.02166	0.06593	0.05031	0.03890	0.01705	0.01214	0.00678	0.00617	0.00196	0.00811	0.00561	0.00380	0.00878
92	0.81514	0.01273	0.00968	0.00866	0.01273	0.01477	0.00713	0.01935	0.01120	0.02954	0.00917	0.01069	0.00713	0.00611	0.00407	0.00204	0.00509	0.00356	0.00407	0.00713
93	0.00878	0.00611	0.00772	0.00871	0.00905	0.00589	0.00573	0.00967	0.01175	0.01562	0.03071	0.45499	0.03619	0.28329	0.01728	0.00401	0.00490	0.06932	0.00536	0.00493
94	0.01540	0.01823	0.09196	0.05790	0.14416	0.01627	0.45308	0.02187	0.07192	0.02148	0.01407	0.01775	0.01069	0.00598	0.00731	0.00217	0.00989	0.00712	0.00353	0.00926
95	0.01320	0.03405	0.73453	0.01876	0.02849	0.01529	0.02432	0.02085	0.01390	0.02085	0.01181	0.01390	0.00834	0.00625	0.00625	0.00208	0.00973	0.00486	0.00278	0.00973
96	0.00826	0.00669	0.00733	0.00717	0.00918	0.00576	0.00538	0.01037	0.01613	0.02045	0.27020	0.05897	0.51972	0.01568	0.00778	0.00218	0.00326	0.01328	0.00646	0.00576
97	0.07227	0.01228	0.01447	0.06364	0.01795	0.06600	0.04348	0.09791	0.04564	0.02259	0.02726	0.04594	0.07845	0.01306	0.00834	0.00254	0.04111	0.31447	0.00532	0.00727
98	0.07887	0.18022	0.28280	0.05537	0.04923	0.06486	0.04811	0.08340	0.03209	0.02217	0.03674	0.01494	0.01087	0.00659	0.00583	0.00192	0.00832	0.00507	0.00358	0.00901
99	0.01322	0.04443	0.04117	0.00930	0.01131	0.00974	0.00714	0.10438	0.01414	0.04700	0.02104	0.04924	0.04187	0.33226	0.09421	0.00466	0.00712	0.00805	0.13343	0.00629
100	0.01007	0.00817	0.01045	0.01055	0.01167	0.04756	0.00796	0.01210	0.01120	0.01536	0.01969	0.11626	0.01978	0.08727	0.56994	0.00888	0.01495	0.00848	0.00386	0.00579
101	0.04956	0.13126	0.04198	0.01139	0.01639	0.03529	0.00972	0.10051	0.01552	0.02248	0.01368	0.07924	0.01245	0.00718	0.00605	0.00150	0.03787	0.00550	0.00416	0.39828

[dist]
# distance from previous block
# <min> <max>
1	9

[block]
# block no. 2 follows, 33 sequences, length 31
# corresponding to MSA columns:
# 255-285
name=unknown_C
#
# <colnr> <probs for GDERKNQSTAVLIFYWHMCP>
#	G	D	E	R	K	N	Q	S	T	A	V	L	I	F	Y	W	H	M	C	P
0	0.01523	0.11280	0.33228	0.05925	0.11075	0.01529	0.07374	0.02018	0.01402	0.07854	0.01380	0.01809	0.01107	0.08665	0.00909	0.00245	0.00854	0.00576	0.00347	0.00898
1	0.01851	0.03841	0.02043	0.02066	0.18850	0.03614	0.05667	0.20115	0.05603	0.08807	0.03491	0.12566	0.01738	0.00944	0.00782	0.00214	0.05540	0.00802	0.00522	0.00942
2	0.00964	0.00709	0.00823	0.00780	0.00988	0.00632	0.00590	0.01245	0.03543	0.05251	0.36355	0.05411	0.37379	0.01464	0.00769	0.00215	0.00338	0.01251	0.00673	0.00623
3	0.01256	0.00908	0.01046	0.01015	0.03672	0.00953	0.00653	0.12321	0.04700	0.01873	0.02141	0.03662	0.04595	0.51604	0.06445	0.00539	0.00702	0.00877	0.00456	0.00585
4	0.01603	0.18916	0.13793	0.05266	0.23684	0.01759	0.16614	0.02034	0.01457	0.04513	0.01297	0.03817	0.01073	0.00637	0.00630	0.00194	0.00848	0.00602	0.00335	0.00929
5	0.00957	0.00638	0.00718	0.00718	0.00718	0.00638	0.00399	0.00957	0.00957	0.01276	0.02074	0.04308	0.02393	0.76864	0.03351	0.00638	0.00638	0.00957	0.00399	0.00399
6	0.00802	0.00573	0.00764	0.00917	0.00955	0.00535	0.00611	0.00917	0.01260	0.01681	0.03628	0.76434	0.04354	0.02062	0.00840	0.00267	0.00382	0.01872	0.00611	0.00535
7	0.02320	0.17939	0.02182	0.01582	0.01966	0.59920	0.01243	0.02497	0.01760	0.01599	0.00997	0.01161	0.00847	0.00655	0.00559	0.00164	0.01091	0.00410	0.00328	0.00779
8	0.01541	0.14641	0.12072	0.01619	0.07270	0.03656	0.10771	0.03412	0.03388	0.08470	0.07477	0.09098	0.03732	0.08888	0.00941	0.00247	0.00724	0.00790	0.00447	0.00817
9	0.01440	0.01440	0.02016	0.01728	0.01728	0.02016	0.01440	0.01584	0.01008	0.01584	0.00864	0.01440	0.00864	0.01152	0.02160	0.00288	0.75659	0.00576	0.00288	0.00720
10	0.00799	0.00583	0.00753	0.00889	0.00948	0.00537	0.00599	0.00920	0.01287	0.01691	0.03963	0.68727	0.11846	0.02019	0.00833	0.00262	0.00377	0.01819	0.00611	0.00537
11	0.01345	0.01289	0.02188	0.45040	0.19596	0.01501	0.05688	0.01739	0.01342	0.01805	0.01285	0.05247	0.01086	0.00745	0.00802	0.00222	0.07304	0.00657	0.00317	0.00801
12	0.01737	0.52425	0.10424	0.01288	0.01819	0.11343	0.01270	0.01996	0.01399	0.01626	0.01227	0.01379	0.04248	0.00669	0.00576	0.00163	0.04842	0.00437	0.00304	0.00828
13	0.01243	0.01170	0.01975	0.75282	0.04534	0.01463	0.01828	0.01682	0.01316	0.01682	0.01170	0.01755	0.00878	0.00658	0.00658	0.00219	0.00878	0.00585	0.00293	0.00731
14	0.00808	0.00668	0.00713	0.00740	0.00941	0.00574	0.00564	0.00983	0.01482	0.01789	0.06112	0.12135	0.60267	0.01714	0.00796	0.00234	0.00364	0.07946	0.00611	0.00559
15	0.02023	0.01328	0.01553	0.01387	0.05028	0.01396	0.01045	0.22496	0.19433	0.18585	0.02634	0.11898	0.06168	0.01029	0.00692	0.00216	0.00572	0.00859	0.00671	0.00987
16	0.01061	0.00758	0.01061	0.01212	0.01364	0.00758	0.01061	0.01364	0.01515	0.01970	0.03486	0.07426	0.03789	0.01819	0.00909	0.00303	0.00606	0.68326	0.00606	0.00606
17	0.01629	0.01564	0.02672	0.04041	0.72757	0.01564	0.02020	0.02020	0.01499	0.02151	0.01238	0.01629	0.01043	0.00587	0.00652	0.00196	0.00782	0.00587	0.00326	0.01043
18	0.00816	0.00589	0.00775	0.00911	0.00968	0.00548	0.00623	0.00949	0.01308	0.01738	0.06724	0.67076	0.08007	0.02002	0.00837	0.00264	0.00385	0.04323	0.00616	0.00542
19	0.00797	0.00591	0.00745	0.00868	0.00942	0.00539	0.00590	0.00922	0.01307	0.01699	0.04216	0.62882	0.17527	0.01986	0.00828	0.00259	0.00373	0.01778	0.00611	0.00539
20	0.02216	0.01036	0.01325	0.01078	0.01480	0.00950	0.00868	0.04727	0.07894	0.44181	0.15817	0.03180	0.10278	0.01012	0.00696	0.00208	0.00491	0.00844	0.00759	0.00960
21	0.01629	0.01385	0.01487	0.03161	0.01758	0.01594	0.01049	0.06973	0.62193	0.02744	0.02634	0.06485	0.02063	0.00946	0.00678	0.00224	0.00533	0.00794	0.00657	0.01010
22	0.01694	0.01863	0.01979	0.01720	0.01805	0.20001	0.01398	0.01844	0.01222	0.01591	0.00902	0.01377	0.00860	0.01034	0.01770	0.00259	0.57109	0.00538	0.00301	0.00731
23	0.01013	0.00813	0.01198	0.01156	0.01256	0.00997	0.00913	0.01235	0.01051	0.01536	0.01632	0.02419	0.01532	0.04385	0.63742	0.00946	0.12538	0.00687	0.00343	0.00607
24	0.00809	0.00584	0.00766	0.00898	0.00953	0.00541	0.00606	0.00938	0.01310	0.01743	0.07910	0.68351	0.08162	0.01998	0.00833	0.00261	0.00375	0.01805	0.00618	0.00541
25	0.02217	0.01815	0.08524	0.05631	0.13753	0.06710	0.04397	0.24326	0.04620	0.18847	0.01687	0.01742	0.01192	0.00727	0.00656	0.00201	0.00769	0.00599	0.00551	0.01037
26	0.00814	0.00586	0.00772	0.00900	0.00955	0.00544	0.00608	0.00949	0.01326	0.01775	0.10296	0.67340	0.06732	0.01981	0.00832	0.00260	0.00374	0.01791	0.00622	0.00544
27	0.01021	0.00756	0.00931	0.00955	0.01117	0.00728	0.00730	0.07005	0.01651	0.02189	0.20308	0.27425	0.17057	0.01666	0.00811	0.00245	0.00426	0.13716	0.00641	0.00622
28	0.02073	0.12681	0.22102	0.01582	0.04319	0.05567	0.01531	0.21346	0.05460	0.14717	0.01564	0.01591	0.01116	0.00710	0.00614	0.00194	0.00779	0.00540	0.00500	0.01015
29	0.01608	0.01759	0.03277	0.02387	0.02968	0.05557	0.50856	0.04575	0.01563	0.02119	0.01269	0.01664	0.00982	0.00611	0.00842	0.00210	0.07041	0.00692	0.00348	0.09673
30	0.01859	0.10686	0.03869	0.05944	0.12840	0.15143	0.08752	0.15695	0.05759	0.02432	0.09154	0.01896	0.01603	0.00743	0.00643	0.00192	0.00815	0.00624	0.00450	0.00902

[dist]
# distance from previous block
# <min> <max>
2	15

[block]
# block no. 3 follows, 33 sequences, length 35
# corresponding to MSA columns:
# 301-335
name=unknown_D
#
# <colnr> <probs for GDERKNQSTAVLIFYWHMCP>
#	G	D	E	R	K	N	Q	S	T	A	V	L	I	F	Y	W	H	M	C	P
0	0.07880	0.03249	0.07059	0.04950	0.12740	0.01485	0.06064	0.14833	0.04848	0.06007	0.01499	0.04853	0.01236	0.03002	0.00776	0.00206	0.04473	0.00615	0.00452	0.13772
1	0.07643	0.20670	0.09584	0.06801	0.15707	0.16391	0.01456	0.05588	0.01552	0.02006	0.01153	0.03131	0.00979	0.00652	0.00561	0.00178	0.00825	0.00492	0.00343	0.04289
2	0.05405	0.03954	0.01478	0.03449	0.07679	0.01208	0.01134	0.04832	0.06911	0.04689	0.10115	0.04326	0.02767	0.01270	0.00914	0.00250	0.09000	0.27525	0.02344	0.00751
3	0.00802	0.00668	0.00700	0.00692	0.00904	0.00566	0.00519	0.00991	0.01556	0.01911	0.16781	0.06118	0.62295	0.01618	0.00778	0.00220	0.00330	0.01359	0.00629	0.00566
4	0.81514	0.01273	0.00968	0.00866	0.01273	0.01477	0.00713	0.01935	0.01120	0.02954	0.00917	0.01069	0.00713	0.00611	0.00407	0.00204	0.00509	0.00356	0.00407	0.00713
5	0.00937	0.00719	0.00819	0.00781	0.00990	0.00649	0.00590	0.01255	0.05328	0.03834	0.33877	0.05445	0.39435	0.01473	0.00769	0.00216	0.00339	0.01256	0.00667	0.00622
6	0.00810	0.00610	0.00751	0.00839	0.00940	0.00550	0.00582	0.00961	0.01393	0.01814	0.12133	0.49416	0.23062	0.01875	0.00816	0.00248	0.00361	0.01665	0.00624	0.00550
7	0.01542	0.10544	0.05497	0.01823	0.02050	0.05652	0.12038	0.01784	0.01190	0.01683	0.00963	0.01432	0.00881	0.00945	0.01600	0.00251	0.48485	0.00569	0.00296	0.00773
8	0.01580	0.01488	0.02482	0.22838	0.39737	0.01583	0.07884	0.06787	0.05099	0.02190	0.01325	0.01714	0.01048	0.00633	0.00666	0.00206	0.00820	0.00611	0.00358	0.00950
9	0.01934	0.31034	0.09487	0.07575	0.08796	0.21108	0.01427	0.04315	0.01578	0.05515	0.01127	0.01311	0.00915	0.00630	0.00547	0.00171	0.00872	0.00448	0.00341	0.00868
10	0.00862	0.00615	0.00814	0.00916	0.00987	0.00579	0.00645	0.01030	0.01397	0.01890	0.18083	0.51178	0.04595	0.05660	0.00960	0.00277	0.00401	0.07935	0.00624	0.00553
11	0.01783	0.05191	0.02096	0.05908	0.20898	0.17651	0.03000	0.07039	0.01616	0.02087	0.01157	0.01433	0.00958	0.00636	0.00689	0.00171	0.05673	0.00494	0.00363	0.21157
12	0.00828	0.00676	0.00733	0.00737	0.00932	0.00591	0.00546	0.01055	0.03255	0.01938	0.17382	0.13402	0.52345	0.01636	0.00782	0.00225	0.00339	0.01391	0.00632	0.00577
13	0.05391	0.01480	0.01716	0.01325	0.01828	0.01521	0.01092	0.37407	0.02474	0.33337	0.04252	0.01949	0.01484	0.00812	0.00655	0.00201	0.00634	0.00633	0.00718	0.01090
14	0.03432	0.19885	0.17304	0.01888	0.08466	0.04614	0.13162	0.12158	0.03872	0.04484	0.01285	0.01469	0.00988	0.00631	0.00602	0.00187	0.00834	0.00533	0.00386	0.03819
15	0.00835	0.00592	0.00779	0.00910	0.00954	0.00559	0.00614	0.00955	0.01265	0.01690	0.05862	0.63327	0.04199	0.09293	0.01086	0.00303	0.00416	0.05237	0.00594	0.00528
16	0.00847	0.00668	0.00756	0.00735	0.00922	0.00585	0.00547	0.01068	0.01632	0.02117	0.33591	0.05684	0.42871	0.04028	0.00863	0.00230	0.00334	0.01293	0.00651	0.00577
17	0.01585	0.01645	0.04884	0.14450	0.37923	0.09748	0.01706	0.02070	0.07639	0.02013	0.01497	0.05457	0.01304	0.00781	0.00709	0.02183	0.00799	0.02331	0.00370	0.00905
18	0.01410	0.01447	0.02608	0.30185	0.07040	0.01674	0.22769	0.01805	0.01319	0.01812	0.01144	0.01673	0.00920	0.00751	0.01085	0.00237	0.20382	0.00642	0.00306	0.00793
19	0.01274	0.01065	0.01113	0.01018	0.01257	0.06042	0.00777	0.04948	0.17972	0.02598	0.40941	0.03927	0.08729	0.01166	0.00721	0.00206	0.00440	0.00996	0.04063	0.00746
20	0.04840	0.01755	0.11819	0.01428	0.01871	0.06201	0.04987	0.26655	0.04050	0.04403	0.03759	0.02071	0.01425	0.09056	0.09047	0.03763	0.00878	0.00641	0.00487	0.00862
21	0.01430	0.21753	0.56062	0.01690	0.02561	0.01796	0.02108	0.02057	0.01377	0.01952	0.01115	0.01307	0.00837	0.00610	0.00575	0.00192	0.00906	0.00453	0.00279	0.00941
22	0.00953	0.00657	0.00814	0.00814	0.00848	0.00691	0.00519	0.01019	0.00986	0.01348	0.01986	0.03820	0.02181	0.56455	0.23469	0.00757	0.00957	0.00886	0.00386	0.00452
23	0.00921	0.00673	0.00865	0.00817	0.00977	0.00617	0.00613	0.01222	0.01838	0.02580	0.67830	0.05016	0.10829	0.01368	0.00777	0.00208	0.00312	0.01204	0.00717	0.00617
24	0.35492	0.02169	0.01469	0.01314	0.01694	0.34940	0.01021	0.05954	0.06474	0.02386	0.01121	0.01247	0.00887	0.00671	0.00524	0.00189	0.00833	0.00427	0.00407	0.00780
25	0.01760	0.77260	0.03450	0.01126	0.01690	0.02605	0.01126	0.01971	0.01338	0.01549	0.00915	0.01056	0.00845	0.00563	0.00422	0.00141	0.00704	0.00352	0.00282	0.00845
26	0.00835	0.00611	0.00792	0.00924	0.01003	0.00568	0.00658	0.00982	0.01328	0.01734	0.04023	0.57328	0.13563	0.01975	0.00841	0.00266	0.00406	0.11004	0.00610	0.00547
27	0.01341	0.00836	0.00857	0.00816	0.01030	0.00899	0.00622	0.02081	0.20913	0.02538	0.02296	0.02455	0.01777	0.00802	0.00519	0.00173	0.00366	0.00650	0.58298	0.00733
28	0.01173	0.00978	0.01262	0.08619	0.01504	0.04228	0.05183	0.03885	0.01183	0.01559	0.01865	0.07993	0.02005	0.43279	0.06941	0.00510	0.06002	0.00887	0.00394	0.00551
29	0.00886	0.00657	0.00831	0.00848	0.00989	0.00601	0.00631	0.01128	0.01642	0.02229	0.40650	0.20896	0.17316	0.01594	0.00801	0.00230	0.00353	0.06458	0.00671	0.00590
30	0.01664	0.01736	0.06313	0.03638	0.57468	0.03755	0.08856	0.04661	0.01571	0.02203	0.01251	0.01617	0.01025	0.00596	0.00662	0.00198	0.00835	0.00596	0.00337	0.01018
31	0.00943	0.00694	0.01001	0.01001	0.01098	0.00792	0.00751	0.01139	0.01041	0.01486	0.01816	0.02877	0.01772	0.17085	0.62280	0.00987	0.01573	0.00748	0.00360	0.00556
32	0.01900	0.62438	0.03133	0.01240	0.01759	0.16926	0.01156	0.02103	0.01443	0.01561	0.00936	0.01082	0.00845	0.00586	0.00457	0.00147	0.00801	0.00366	0.00293	0.00829
33	0.01429	0.01320	0.01947	0.18570	0.10914	0.01501	0.06647	0.05030	0.13146	0.02079	0.01813	0.07239	0.04397	0.00907	0.00947	0.00224	0.14320	0.00737	0.00421	0.06411
34	0.01661	0.01458	0.02127	0.01672	0.02113	0.07154	0.23061	0.02357	0.17470	0.11167	0.07066	0.06485	0.08763	0.00911	0.00717	0.00213	0.00727	0.00858	0.00540	0.03480

[dist]
# distance from previous block
# <min> <max>
7	25

[block]
# block no. 4 follows, 33 sequences, length 32
# corresponding to MSA columns:
# 361-392
name=unknown_E
#
# <colnr> <probs for GDERKNQSTAVLIFYWHMCP>
#	G	D	E	R	K	N	Q	S	T	A	V	L	I	F	Y	W	H	M	C	P
0	0.64488	0.01454	0.01163	0.01006	0.01427	0.06085	0.00821	0.10284	0.01430	0.05303	0.01058	0.01177	0.00800	0.00644	0.00458	0.00201	0.00579	0.00399	0.00447	0.00778
1	0.03610	0.04062	0.19306	0.02256	0.12193	0.08256	0.18568	0.06613	0.01570	0.05789	0.01257	0.01546	0.00965	0.00693	0.00851	0.00214	0.10385	0.00587	0.00361	0.00919
2	0.01702	0.51641	0.09224	0.01340	0.01915	0.07723	0.06491	0.01994	0.01421	0.01723	0.03800	0.01321	0.01075	0.00603	0.00498	0.00155	0.00766	0.00437	0.00314	0.05858
3	0.00857	0.00665	0.00780	0.00763	0.00941	0.00588	0.00568	0.01093	0.01670	0.02208	0.39706	0.09671	0.35068	0.01528	0.00781	0.00217	0.00325	0.01317	0.00669	0.00588
4	0.01628	0.01739	0.11865	0.01804	0.11469	0.01648	0.01397	0.06486	0.45899	0.02604	0.02145	0.02109	0.01622	0.00819	0.00719	0.00219	0.03579	0.00672	0.00553	0.01024
5	0.00955	0.00641	0.00730	0.00726	0.00738	0.00637	0.00416	0.00979	0.01026	0.01380	0.07439	0.04355	0.02685	0.71104	0.03154	0.00605	0.00613	0.00975	0.00424	0.00416
6	0.01908	0.01456	0.01617	0.01247	0.01768	0.01442	0.01008	0.27106	0.14625	0.06595	0.01663	0.01684	0.01247	0.00687	0.00591	0.00162	0.00583	0.00541	0.00559	0.33510
7	0.01237	0.00682	0.00714	0.00703	0.00870	0.00708	0.00532	0.01657	0.06710	0.02407	0.02159	0.02464	0.01709	0.01092	0.06054	0.00227	0.00433	0.00630	0.68368	0.00644
8	0.00794	0.00668	0.00689	0.00684	0.00899	0.00563	0.00513	0.00976	0.01538	0.01868	0.13532	0.06188	0.65571	0.01634	0.00778	0.00221	0.00331	0.01369	0.00623	0.00563
9	0.06431	0.01175	0.01345	0.00974	0.01546	0.00918	0.00781	0.01719	0.01365	0.04213	0.01195	0.01371	0.00977	0.00505	0.00487	0.00107	0.00491	0.00396	0.00403	0.73602
10	0.01481	0.01188	0.01409	0.01190	0.01578	0.01199	0.04393	0.04489	0.31153	0.06841	0.05153	0.07078	0.13778	0.01004	0.00673	0.00200	0.00508	0.00858	0.00600	0.15227
11	0.01379	0.21328	0.01766	0.01060	0.01377	0.05310	0.00898	0.07954	0.01594	0.01969	0.08255	0.03537	0.29885	0.01156	0.00826	0.00202	0.09423	0.00878	0.00484	0.00721
12	0.00818	0.00581	0.00765	0.00900	0.00939	0.00545	0.00597	0.00931	0.01261	0.01688	0.06050	0.68767	0.04286	0.07259	0.01013	0.00291	0.00397	0.01783	0.00600	0.00528
13	0.01320	0.03405	0.73453	0.01876	0.02849	0.01529	0.02432	0.02085	0.01390	0.02085	0.01181	0.01390	0.00834	0.00625	0.00625	0.00208	0.00973	0.00486	0.00278	0.00973
14	0.00940	0.00705	0.01058	0.01058	0.01176	0.00823	0.00823	0.01176	0.01058	0.01528	0.01763	0.02586	0.01646	0.04937	0.74255	0.01058	0.01763	0.00705	0.00353	0.00588
15	0.00851	0.00667	0.00770	0.00751	0.00936	0.00586	0.00561	0.01083	0.01663	0.02179	0.37420	0.08004	0.39118	0.01530	0.00779	0.00217	0.00324	0.01312	0.00665	0.00586
16	0.00920	0.00667	0.00868	0.00981	0.01074	0.00646	0.00731	0.01144	0.03484	0.01811	0.06688	0.41273	0.07657	0.08186	0.01060	0.00302	0.00467	0.20878	0.00599	0.00564
17	0.01622	0.01480	0.01928	0.01603	0.02029	0.01642	0.13742	0.03244	0.58741	0.02636	0.02433	0.02332	0.01824	0.00831	0.00689	0.00223	0.00629	0.00750	0.00608	0.01014
18	0.01320	0.03405	0.73453	0.01876	0.02849	0.01529	0.02432	0.02085	0.01390	0.02085	0.01181	0.01390	0.00834	0.00625	0.00625	0.00208	0.00973	0.00486	0.00278	0.00973
19	0.00854	0.00649	0.00786	0.00796	0.00947	0.00581	0.00580	0.01074	0.01613	0.02150	0.36014	0.21248	0.27101	0.01608	0.00791	0.00225	0.00334	0.01406	0.00663	0.00581
20	0.00837	0.00596	0.00745	0.00850	0.00893	0.00561	0.00552	0.00929	0.01207	0.01592	0.03500	0.53774	0.09275	0.19785	0.01431	0.00352	0.00439	0.01616	0.00561	0.00504
21	0.01629	0.01564	0.02672	0.04041	0.72757	0.01564	0.02020	0.02020	0.01499	0.02151	0.01238	0.01629	0.01043	0.00587	0.00652	0.00196	0.00782	0.00587	0.00326	0.01043
