[name]
unknown

[dist]
# distance from previous block
# <min> <max>
0	30

[block]
# block no. 0 follows, 29 sequences, length 20
# corresponding to MSA columns:
# 34-53
name=unknown_A
#
# <colnr> <probs for GDERKNQSTAVLIFYWHMCP>
#	G	D	E	R	K	N	Q	S	T	A	V	L	I	F	Y	W	H	M	C	P
0	0.01876	0.16403	0.28564	0.01845	0.02547	0.16605	0.07524	0.07406	0.01767	0.02208	0.01400	0.01874	0.01158	0.00769	0.00666	0.00210	0.01013	0.04833	0.00376	0.00957
1	0.01662	0.51377	0.15366	0.01311	0.01928	0.02275	0.01379	0.01985	0.01462	0.01808	0.01706	0.07585	0.05956	0.00835	0.00559	0.00183	0.00758	0.00618	0.00357	0.00890
2	0.05818	0.39861	0.02806	0.06353	0.05110	0.11383	0.01269	0.05499	0.04897	0.02093	0.05365	0.01605	0.01350	0.00714	0.00560	0.00178	0.00794	0.00509	0.00396	0.03438
3	0.01718	0.21371	0.18345	0.01491	0.02017	0.12625	0.01475	0.02077	0.01542	0.04953	0.03659	0.02141	0.07171	0.01408	0.09529	0.00320	0.06269	0.00627	0.00392	0.00868
4	0.01005	0.00768	0.00939	0.01040	0.01153	0.00764	0.00723	0.01425	0.11855	0.02005	0.04035	0.57906	0.09668	0.02001	0.00875	0.00278	0.00432	0.01794	0.00671	0.00665
5	0.01152	0.00826	0.01066	0.01036	0.01146	0.00901	0.00740	0.06623	0.01298	0.01794	0.02155	0.08304	0.02237	0.30874	0.35759	0.00840	0.01257	0.00941	0.00446	0.00602
6	0.01690	0.05844	0.38631	0.05251	0.03027	0.01672	0.16639	0.05145	0.01647	0.08198	0.01478	0.01740	0.01068	0.00882	0.03742	0.00264	0.01054	0.00625	0.00386	0.01017
7	0.08249	0.01327	0.02269	0.29766	0.08245	0.01426	0.15434	0.01935	0.01505	0.06797	0.01853	0.14534	0.01686	0.00955	0.00750	0.00242	0.00843	0.00904	0.00438	0.00841
8	0.01021	0.00702	0.00822	0.00812	0.00858	0.00693	0.00500	0.01098	0.01233	0.01667	0.13845	0.04783	0.06486	0.55693	0.06423	0.00613	0.00675	0.01087	0.00499	0.00490
9	0.01215	0.01144	0.01536	0.01462	0.04493	0.06991	0.10958	0.01465	0.01585	0.02012	0.09501	0.28041	0.15913	0.05113	0.00983	0.00276	0.00637	0.05407	0.00577	0.00691
10	0.01782	0.08407	0.17694	0.06300	0.02530	0.07334	0.12294	0.06189	0.04668	0.08914	0.06720	0.02299	0.04673	0.01139	0.05683	0.00283	0.00961	0.00717	0.00472	0.00942
11	0.01429	0.06332	0.42671	0.07965	0.02825	0.01563	0.06062	0.05289	0.01584	0.02233	0.01878	0.10896	0.04372	0.00923	0.00716	0.00232	0.00915	0.00782	0.00387	0.00947
12	0.02128	0.01830	0.05754	0.05364	0.02497	0.01846	0.12548	0.38307	0.04476	0.03494	0.04792	0.02644	0.01750	0.00952	0.00769	0.00234	0.00835	0.08119	0.00610	0.01052
13	0.05686	0.14296	0.19036	0.11508	0.02775	0.11163	0.09291	0.02227	0.01533	0.05167	0.01266	0.01583	0.00993	0.00860	0.02790	0.00244	0.07752	0.00561	0.00356	0.00910
14	0.01931	0.01912	0.11283	0.27415	0.06196	0.10756	0.01722	0.02437	0.05452	0.14785	0.01604	0.01867	0.01168	0.00786	0.00808	0.00227	0.05966	0.00616	0.00452	0.02616
15	0.07266	0.03911	0.04911	0.21874	0.02686	0.07455	0.02908	0.07486	0.01737	0.12359	0.04786	0.12120	0.01851	0.00975	0.00705	0.00224	0.00769	0.00818	0.00518	0.04640
16	0.01660	0.04906	0.13104	0.08879	0.02474	0.01537	0.10200	0.07991	0.06389	0.07408	0.02194	0.09532	0.06247	0.00990	0.00866	0.00231	0.06974	0.00835	0.00491	0.07094
17	0.07705	0.08132	0.05329	0.08871	0.02180	0.11589	0.01251	0.16280	0.02019	0.10404	0.05037	0.05204	0.05814	0.00903	0.00669	0.00206	0.00767	0.00702	0.00544	0.06392
18	0.06285	0.03082	0.04804	0.20167	0.05638	0.01532	0.01418	0.07370	0.07723	0.02374	0.03328	0.06814	0.01643	0.00955	0.00876	0.00230	0.09029	0.03950	0.02641	0.10141
19	0.01762	0.01862	0.16905	0.06430	0.02449	0.01441	0.10257	0.09516	0.04736	0.11328	0.07538	0.07976	0.02013	0.00967	0.00816	0.00230	0.04023	0.02798	0.00536	0.06417

[dist]
# distance from previous block
# <min> <max>
8	61

[block]
# block no. 1 follows, 29 sequences, length 6
# corresponding to MSA columns:
# 135-140
name=unknown_B
#
# <colnr> <probs for GDERKNQSTAVLIFYWHMCP>
#	G	D	E	R	K	N	Q	S	T	A	V	L	I	F	Y	W	H	M	C	P
0	0.06894	0.02029	0.12075	0.19490	0.02947	0.09548	0.06353	0.09831	0.06682	0.02370	0.01391	0.01744	0.01083	0.00964	0.03335	0.00267	0.11066	0.00613	0.00408	0.00910
1	0.01845	0.01987	0.12192	0.09122	0.02573	0.10854	0.12400	0.05757	0.07069	0.09852	0.04509	0.04495	0.04792	0.04006	0.00954	0.00251	0.05155	0.00774	0.00491	0.00921
2	0.06387	0.01307	0.01562	0.08385	0.01905	0.04421	0.03301	0.12803	0.01775	0.05892	0.07624	0.13009	0.05128	0.09862	0.01211	0.00286	0.06956	0.00942	0.00545	0.06699
3	0.14180	0.06435	0.06970	0.12289	0.02325	0.19106	0.03491	0.02046	0.01559	0.02112	0.05622	0.08158	0.04119	0.00961	0.00818	0.00226	0.07648	0.00723	0.00418	0.00795
4	0.01846	0.01812	0.07516	0.12902	0.02624	0.09289	0.09006	0.07860	0.09373	0.08343	0.01901	0.02224	0.03572	0.01017	0.03765	0.00256	0.03664	0.02471	0.00489	0.10071
5	0.05226	0.01560	0.04939	0.34086	0.03267	0.09234	0.04980	0.02058	0.05669	0.05312	0.02196	0.06200	0.07651	0.00957	0.00731	0.00236	0.00853	0.03579	0.00444	0.00821

[dist]
# distance from previous block
# <min> <max>
0	56

[block]
# block no. 2 follows, 29 sequences, length 9
# corresponding to MSA columns:
# 203-211
name=unknown_C
#
# <colnr> <probs for GDERKNQSTAVLIFYWHMCP>
#	G	D	E	R	K	N	Q	S	T	A	V	L	I	F	Y	W	H	M	C	P
0	0.17153	0.10168	0.07700	0.03767	0.01984	0.13127	0.03720	0.02350	0.12019	0.02368	0.04865	0.04749	0.03381	0.00867	0.00714	0.00214	0.04571	0.00649	0.00461	0.05173
1	0.01944	0.05129	0.04498	0.11321	0.02297	0.23154	0.03758	0.06364	0.01786	0.08044	0.03916	0.13009	0.01873	0.05107	0.00870	0.00240	0.00883	0.00824	0.00485	0.04499
2	0.10765	0.10410	0.01886	0.07000	0.01998	0.19493	0.01171	0.02276	0.01643	0.11941	0.04455	0.05542	0.04646	0.00918	0.00798	0.00210	0.07749	0.00663	0.00481	0.05954
3	0.11214	0.06306	0.04062	0.09822	0.02193	0.17824	0.01260	0.05817	0.01784	0.14919	0.04278	0.02342	0.04685	0.00900	0.00731	0.00216	0.03671	0.04016	0.00519	0.03439
4	0.07620	0.04109	0.07373	0.11133	0.02270	0.18821	0.01313	0.02325	0.08990	0.05385	0.06111	0.02229	0.04519	0.03678	0.00850	0.00228	0.04218	0.00654	0.00465	0.07711
5	0.05348	0.01582	0.05669	0.16868	0.02386	0.11120	0.01272	0.02272	0.09474	0.11380	0.10812	0.08905	0.05855	0.01040	0.00725	0.00226	0.00728	0.00865	0.00560	0.02912
6	0.01655	0.17796	0.13791	0.23370	0.03338	0.07359	0.14341	0.02115	0.01515	0.01932	0.01209	0.01610	0.00956	0.00698	0.00772	0.00218	0.05522	0.00587	0.00323	0.00893
7	0.09170	0.01430	0.10117	0.09611	0.01981	0.01289	0.01211	0.09043	0.05874	0.02189	0.01503	0.05461	0.01326	0.01449	0.01490	0.28106	0.04073	0.00663	0.00415	0.03599
8	0.01581	0.01368	0.01725	0.06880	0.02093	0.01183	0.04494	0.06575	0.05927	0.02472	0.01410	0.01624	0.01130	0.00596	0.00584	0.00139	0.00616	0.00500	0.00450	0.58652

[dist]
# distance from previous block
# <min> <max>
5	7

[block]
# block no. 3 follows, 29 sequences, length 42
# corresponding to MSA columns:
# 220-261
name=unknown_D
#
# <colnr> <probs for GDERKNQSTAVLIFYWHMCP>
#	G	D	E	R	K	N	Q	S	T	A	V	L	I	F	Y	W	H	M	C	P
0	0.01389	0.01347	0.02393	0.53309	0.04317	0.01536	0.13332	0.01869	0.01507	0.01986	0.05504	0.02092	0.01329	0.00729	0.00734	0.00231	0.00936	0.00699	0.00357	0.04403
1	0.01918	0.01611	0.01762	0.06853	0.02131	0.04869	0.01137	0.21615	0.09439	0.02964	0.01567	0.01697	0.01208	0.00696	0.00623	0.00166	0.00675	0.00546	0.00530	0.37992
2	0.01155	0.00911	0.01338	0.01200	0.01393	0.00960	0.04810	0.01340	0.01207	0.01715	0.02052	0.02901	0.06032	0.10718	0.36711	0.09234	0.05629	0.00780	0.00396	0.09519
3	0.05723	0.00682	0.00828	0.00938	0.00993	0.00667	0.00614	0.01069	0.01277	0.01799	0.03350	0.53594	0.03970	0.19270	0.01520	0.00379	0.00487	0.01692	0.00594	0.00555
4	0.01524	0.01347	0.02396	0.52240	0.04281	0.01535	0.13173	0.01998	0.01543	0.07111	0.04826	0.02111	0.01318	0.00742	0.00741	0.00236	0.00936	0.00707	0.00389	0.00846
5	0.01444	0.01200	0.01316	0.05591	0.01651	0.03515	0.00945	0.07139	0.25834	0.02444	0.07239	0.18328	0.07749	0.10960	0.01153	0.00305	0.00583	0.01138	0.00635	0.00831
6	0.00972	0.00675	0.00830	0.00905	0.00946	0.00653	0.00588	0.01064	0.01266	0.01685	0.06015	0.32470	0.05484	0.35898	0.02169	0.00474	0.00555	0.06272	0.00559	0.00521
7	0.00913	0.00677	0.00858	0.00955	0.01068	0.00622	0.00688	0.01104	0.01549	0.02041	0.15467	0.43174	0.17863	0.01993	0.00892	0.00273	0.00414	0.08161	0.00681	0.00606
8	0.01372	0.01282	0.02102	0.68696	0.04710	0.01594	0.01923	0.01944	0.05738	0.01893	0.01369	0.01947	0.01027	0.00728	0.00713	0.00238	0.00925	0.00644	0.00342	0.00812
9	0.02499	0.03131	0.01988	0.01804	0.02132	0.63488	0.01366	0.02684	0.01907	0.01736	0.01127	0.01377	0.00960	0.00993	0.04196	0.00239	0.06712	0.00485	0.00363	0.00813
10	0.00941	0.00745	0.01130	0.01160	0.01275	0.00692	0.06835	0.01112	0.01408	0.01867	0.03897	0.63710	0.08379	0.02055	0.00898	0.00282	0.00482	0.01884	0.00633	0.00615
11	0.00883	0.00640	0.00808	0.00935	0.00995	0.00594	0.00621	0.01000	0.01357	0.01781	0.04126	0.58545	0.12270	0.10419	0.01208	0.00329	0.00438	0.01850	0.00635	0.00564
12	0.00954	0.00714	0.00895	0.00944	0.01097	0.00655	0.00714	0.01197	0.01694	0.02249	0.27333	0.23670	0.21282	0.01819	0.00881	0.00261	0.00413	0.11898	0.00702	0.00628
13	0.00887	0.00633	0.00815	0.00952	0.00998	0.00593	0.00627	0.00998	0.01335	0.01768	0.03868	0.62648	0.07500	0.11281	0.01244	0.00337	0.00445	0.01877	0.00632	0.00561
14	0.01938	0.72112	0.03653	0.01247	0.01845	0.05985	0.01226	0.02165	0.01473	0.01678	0.00995	0.01149	0.00914	0.00615	0.00465	0.00154	0.00785	0.00384	0.00307	0.00910
15	0.01220	0.01061	0.01533	0.01416	0.01495	0.01373	0.01140	0.01437	0.01124	0.01676	0.01543	0.02333	0.01464	0.03808	0.46013	0.00833	0.28777	0.00711	0.00355	0.00689
16	0.01051	0.00713	0.00836	0.00867	0.00971	0.00666	0.00583	0.01157	0.01339	0.04760	0.03992	0.21486	0.20027	0.32126	0.02011	0.00442	0.00538	0.05304	0.00576	0.00556
17	0.00907	0.00673	0.00836	0.00901	0.01015	0.00613	0.00629	0.01094	0.01576	0.02097	0.22174	0.38965	0.18719	0.05170	0.00997	0.00280	0.00394	0.01676	0.00684	0.00601
18	0.09961	0.00823	0.00981	0.01045	0.01239	0.00810	0.00846	0.01375	0.01618	0.02299	0.15702	0.15152	0.16593	0.01733	0.00861	0.00276	0.00502	0.26877	0.00655	0.00651
19	0.01370	0.00831	0.01054	0.01010	0.01227	0.00768	0.00759	0.04587	0.01811	0.13228	0.24865	0.26391	0.13583	0.01644	0.00841	0.00249	0.00438	0.03863	0.00737	0.00743
20	0.00931	0.00683	0.00862	0.00972	0.01072	0.00637	0.00700	0.01097	0.01454	0.01893	0.07106	0.41521	0.16554	0.08797	0.01157	0.00321	0.00467	0.12545	0.00644	0.00586
21	0.00888	0.00634	0.00815	0.00951	0.00996	0.00594	0.00625	0.00999	0.01333	0.01766	0.03858	0.62231	0.07487	0.11714	0.01260	0.00339	0.00447	0.01871	0.00631	0.00560
22	0.01007	0.00678	0.00785	0.00813	0.00820	0.00671	0.00470	0.01028	0.01091	0.01455	0.02529	0.16508	0.02949	0.62636	0.03164	0.00622	0.00643	0.01203	0.00470	0.00456
23	0.01477	0.01266	0.01477	0.01055	0.01687	0.00949	0.00844	0.01793	0.01477	0.02320	0.01266	0.01477	0.01055	0.00527	0.00527	0.00105	0.00527	0.00422	0.00422	0.79328
24	0.01036	0.00690	0.00777	0.00777	0.00777	0.00690	0.00431	0.01036	0.01036	0.01381	0.02244	0.04660	0.02589	0.74975	0.03624	0.00690	0.00690	0.01036	0.00431	0.00431
25	0.02707	0.01995	0.02137	0.01638	0.02208	0.02208	0.01353	0.68159	0.03348	0.04488	0.01710	0.01710	0.01211	0.00855	0.00712	0.00214	0.00784	0.00641	0.00712	0.01211
26	0.00966	0.00707	0.00906	0.00992	0.01098	0.00674	0.00710	0.01228	0.04184	0.02114	0.18885	0.42927	0.08920	0.04986	0.01002	0.00290	0.00433	0.07675	0.00681	0.00623
27	0.01022	0.00745	0.01053	0.01053	0.01148	0.00840	0.00776	0.01213	0.01117	0.01585	0.01991	0.03262	0.01982	0.22727	0.55043	0.01031	0.01603	0.00831	0.00394	0.00585
28	0.02544	0.03150	0.01965	0.01784	0.02156	0.62926	0.01343	0.02966	0.10801	0.01904	0.01335	0.01463	0.01081	0.00764	0.00653	0.00191	0.01190	0.00504	0.00414	0.00865
29	0.00891	0.00712	0.00797	0.00800	0.00998	0.00618	0.00591	0.01108	0.01703	0.02171	0.24336	0.13913	0.45345	0.01754	0.00849	0.00241	0.00360	0.01501	0.00695	0.00618
30	0.00865	0.00630	0.00815	0.00963	0.01025	0.00581	0.00648	0.00995	0.01391	0.01829	0.04272	0.67370	0.11626	0.02186	0.00902	0.00284	0.00408	0.01969	0.00661	0.00581
31	0.01495	0.01419	0.02408	0.48449	0.28543	0.01622	0.02052	0.01951	0.01495	0.02002	0.01292	0.01849	0.01014	0.00684	0.00709	0.00228	0.00912	0.00633	0.00329	0.00912
32	0.02309	0.01592	0.01747	0.01400	0.01867	0.01711	0.01130	0.39123	0.11454	0.11746	0.05174	0.02654	0.07613	0.04272	0.00855	0.00241	0.00665	0.00789	0.02577	0.01079
33	0.50393	0.01108	0.00980	0.00945	0.01252	0.01228	0.00731	0.01727	0.01354	0.02815	0.10743	0.19583	0.02508	0.01148	0.00607	0.00238	0.00489	0.00903	0.00539	0.00711
34	0.00996	0.00688	0.00774	0.00788	0.00823	0.00669	0.00465	0.01030	0.01140	0.01489	0.03037	0.10937	0.11609	0.59177	0.03028	0.00597	0.00623	0.01181	0.00481	0.00466
35	0.02609	0.02467	0.02048	0.01694	0.02175	0.27746	0.01342	0.38743	0.08513	0.03354	0.01589	0.01635	0.01186	0.00820	0.00688	0.00205	0.00948	0.00588	0.00587	0.01063
36	0.01860	0.02089	0.18895	0.01814	0.05672	0.01668	0.06958	0.24641	0.07511	0.03098	0.04410	0.02579	0.05095	0.00923	0.00729	0.00227	0.00797	0.04670	0.05340	0.01025
37	0.01031	0.00748	0.00975	0.01012	0.01168	0.00708	0.00798	0.01316	0.01759	0.02383	0.34733	0.10412	0.11530	0.06085	0.01057	0.00291	0.00467	0.22182	0.00702	0.00640
38	0.01771	0.01530	0.01610	0.01449	0.01852	0.01771	0.01127	0.03784	0.69247	0.02979	0.02898	0.02657	0.02174	0.00966	0.00725	0.00242	0.00564	0.00805	0.00725	0.01127
39	0.01004	0.00681	0.00803	0.00833	0.00846	0.00679	0.00495	0.01038	0.01100	0.01473	0.02535	0.17330	0.02938	0.58444	0.06322	0.00638	0.00696	0.01203	0.00471	0.00468
40	0.02704	0.02080	0.02130	0.01650	0.02208	0.06462	0.01355	0.64184	0.03267	0.04321	0.01673	0.01684	0.01193	0.00847	0.00708	0.00212	0.00814	0.00630	0.00691	0.01187
41	0.01638	0.18899	0.46058	0.01754	0.02594	0.08354	0.02081	0.02247	0.01538	0.02107	0.01263	0.01475	0.00962	0.00677	0.00615	0.00202	0.00967	0.00497	0.05092	0.00978

[dist]
# distance from previous block
# <min> <max>
0	6

[block]
# block no. 4 follows, 29 sequences, length 19
# corresponding to MSA columns:
# 268-286
name=unknown_E
#
# <colnr> <probs for GDERKNQSTAVLIFYWHMCP>
#	G	D	E	R	K	N	Q	S	T	A	V	L	I	F	Y	W	H	M	C	P
0	0.02257	0.05104	0.01863	0.06063	0.02116	0.28468	0.01250	0.07201	0.12807	0.12262	0.01800	0.01944	0.01386	0.01432	0.10566	0.00335	0.01078	0.00615	0.00520	0.00932
1	0.01904	0.75404	0.03731	0.01218	0.01828	0.02818	0.01218	0.02132	0.01447	0.01675	0.00990	0.01142	0.00914	0.00609	0.00457	0.00152	0.00761	0.00381	0.00305	0.00914
2	0.01039	0.00700	0.00812	0.00815	0.00839	0.00696	0.00490	0.01086	0.01154	0.01550	0.08310	0.04896	0.03032	0.64643	0.03240	0.00630	0.00657	0.04472	0.00474	0.00464
3	0.01063	0.00777	0.00924	0.00916	0.01098	0.00739	0.00669	0.01376	0.05842	0.04753	0.17748	0.16984	0.26780	0.08520	0.08200	0.00375	0.00570	0.01359	0.00650	0.00657
4	0.01736	0.01355	0.01678	0.06021	0.05300	0.06646	0.06048	0.06671	0.11400	0.11093	0.16883	0.03356	0.11090	0.01179	0.00901	0.05582	0.00656	0.00915	0.00621	0.00871
5	0.01737	0.32799	0.37349	0.01682	0.02490	0.08725	0.01939	0.02260	0.01529	0.01971	0.01144	0.01336	0.00908	0.00655	0.00584	0.00192	0.00956	0.00461	0.00308	0.00975
6	0.00886	0.00720	0.00790	0.00811	0.01019	0.00623	0.00613	0.01090	0.01645	0.02037	0.13903	0.13100	0.51843	0.01816	0.00858	0.00250	0.00385	0.06326	0.00675	0.00611
7	0.01085	0.00723	0.00940	0.00998	0.01134	0.00671	0.00737	0.01297	0.01604	0.06185	0.19426	0.34565	0.10945	0.05381	0.01017	0.00290	0.00451	0.11216	0.00691	0.00644
8	0.08593	0.07986	0.05474	0.04171	0.01902	0.06231	0.07733	0.04100	0.09358	0.03839	0.10752	0.06652	0.06400	0.06253	0.04035	0.00300	0.00765	0.04111	0.00528	0.00819
9	0.01017	0.00763	0.01144	0.01144	0.01272	0.00890	0.00890	0.01272	0.01144	0.01653	0.01907	0.02797	0.01780	0.05340	0.72153	0.01144	0.01907	0.00763	0.00381	0.00636
10	0.01050	0.00681	0.00856	0.00890	0.00999	0.00652	0.00637	0.01168	0.01415	0.01961	0.12849	0.17974	0.14454	0.06981	0.04951	0.15476	0.00530	0.04997	0.10927	0.00552
11	0.01533	0.01438	0.02251	0.31095	0.18101	0.01753	0.01813	0.04731	0.01443	0.02008	0.01252	0.01825	0.01048	0.01139	0.05661	0.00308	0.20748	0.00639	0.00344	0.00870
12	0.01599	0.04594	0.01564	0.08451	0.01837	0.11221	0.01076	0.05151	0.04106	0.06227	0.01987	0.02725	0.04383	0.13951	0.23201	0.00579	0.05406	0.00748	0.00446	0.00749
13	0.03877	0.01026	0.01278	0.11177	0.01810	0.01044	0.00947	0.07702	0.04503	0.12220	0.21753	0.03934	0.16236	0.01184	0.00745	0.00223	0.00519	0.00996	0.08006	0.00818
14	0.07163	0.06689	0.09048	0.08806	0.12179	0.10949	0.15592	0.06955	0.05140	0.04387	0.01729	0.01970	0.04739	0.00753	0.00699	0.00218	0.00930	0.00669	0.00427	0.00958
15	0.01411	0.06494	0.01311	0.01016	0.01321	0.04520	0.00799	0.01803	0.06112	0.08901	0.35090	0.04385	0.16263	0.01272	0.00762	0.00212	0.00472	0.01075	0.00687	0.06093
16	0.01042	0.00758	0.00897	0.00880	0.00996	0.00738	0.00599	0.01331	0.06105	0.02127	0.28151	0.11171	0.10619	0.29324	0.01891	0.00409	0.00495	0.01245	0.00624	0.00597
17	0.12753	0.26809	0.02242	0.01251	0.01707	0.04830	0.01075	0.14863	0.08217	0.02709	0.10072	0.06889	0.02045	0.00917	0.00614	0.00201	0.00663	0.00698	0.00527	0.00915
18	0.01831	0.15064	0.13519	0.01415	0.01979	0.01724	0.01348	0.15598	0.05326	0.06322	0.10491	0.02123	0.01886	0.00971	0.02824	0.00224	0.04162	0.00644	0.00521	0.12026

[dist]
# distance from previous block
# <min> <max>
0	14

[block]
# block no. 5 follows, 29 sequences, length 8
# corresponding to MSA columns:
# 325-332
name=unknown_F
#
# <colnr> <probs for GDERKNQSTAVLIFYWHMCP>
#	G	D	E	R	K	N	Q	S	T	A	V	L	I	F	Y	W	H	M	C	P
0	0.06604	0.12284	0.02171	0.04127	0.13806	0.08657	0.06746	0.03883	0.04600	0.02251	0.07773	0.11178	0.04593	0.01086	0.00725	0.00228	0.00750	0.07194	0.00490	0.00856
1	0.28104	0.01944	0.05335	0.01627	0.08475	0.14227	0.01226	0.12093	0.01797	0.06160	0.01313	0.01485	0.01014	0.00836	0.02706	0.00227	0.00812	0.00500	0.00470	0.09650
2	0.12365	0.06319	0.07960	0.03803	0.12261	0.01581	0.01321	0.12859	0.09135	0.05265	0.06739	0.02622	0.10631	0.00926	0.00676	0.00216	0.00666	0.00747	0.00544	0.03365
3	0.01911	0.01414	0.01648	0.08354	0.02057	0.01506	0.01141	0.25468	0.12835	0.07457	0.06351	0.12044	0.06046	0.01103	0.00740	0.00224	0.00634	0.00921	0.00657	0.07490
4	0.01040	0.00819	0.01161	0.01107	0.01291	0.00771	0.05034	0.01264	0.01466	0.01998	0.12736	0.26622	0.10227	0.09508	0.10793	0.00416	0.00703	0.05744	0.00579	0.06719
5	0.06208	0.01135	0.06620	0.10926	0.01883	0.01043	0.01106	0.01659	0.08105	0.02192	0.10218	0.21498	0.08520	0.01799	0.06838	0.00334	0.00698	0.07915	0.00567	0.00735
6	0.07756	0.08127	0.01242	0.01015	0.01242	0.01023	0.00763	0.01626	0.06712	0.07538	0.05803	0.34696	0.12313	0.05722	0.00937	0.00275	0.00491	0.01380	0.00622	0.00718
7	0.01214	0.01179	0.08096	0.01421	0.05867	0.01041	0.01118	0.06555	0.01466	0.02030	0.02516	0.13758	0.05844	0.07257	0.32155	0.00669	0.01214	0.05392	0.00475	0.00732

[dist]
# distance from previous block
# <min> <max>
1	15

[block]
# block no. 6 follows, 29 sequences, length 27
# corresponding to MSA columns:
# 348-374
name=unknown_G
#
# <colnr> <probs for GDERKNQSTAVLIFYWHMCP>
#	G	D	E	R	K	N	Q	S	T	A	V	L	I	F	Y	W	H	M	C	P
0	0.29429	0.01856	0.05246	0.05845	0.10924	0.08857	0.04353	0.13423	0.05376	0.06316	0.01407	0.01575	0.01059	0.00725	0.00614	0.00218	0.00782	0.00548	0.00487	0.00960
1	0.01495	0.03626	0.01401	0.01348	0.04761	0.04898	0.03926	0.01689	0.01521	0.12703	0.03039	0.35740	0.03260	0.10220	0.01159	0.00312	0.00615	0.06939	0.00611	0.00737
2	0.53909	0.08389	0.01674	0.01222	0.01706	0.01785	0.06199	0.06756	0.07816	0.03048	0.01255	0.01394	0.00971	0.00693	0.00519	0.00217	0.00639	0.00478	0.00467	0.00863
3	0.00868	0.00620	0.00826	0.00991	0.01033	0.00578	0.00661	0.00991	0.01363	0.01818	0.03925	0.74510	0.04710	0.02231	0.00909	0.00289	0.00413	0.02024	0.00661	0.00578
4	0.00868	0.00620	0.00826	0.00991	0.01033	0.00578	0.00661	0.00991	0.01363	0.01818	0.03925	0.74510	0.04710	0.02231	0.00909	0.00289	0.00413	0.02024	0.00661	0.00578
5	0.47416	0.01437	0.01195	0.01063	0.01446	0.07012	0.00850	0.08114	0.01605	0.03000	0.10541	0.02222	0.06361	0.01078	0.03818	0.00261	0.00651	0.00626	0.00517	0.00786
6	0.01714	0.01567	0.02571	0.03798	0.59036	0.01580	0.01939	0.02210	0.05169	0.02398	0.01533	0.01910	0.01262	0.00674	0.00683	0.00208	0.00773	0.00647	0.09255	0.01075
7	0.01036	0.00690	0.00777	0.00777	0.00777	0.00690	0.00431	0.01036	0.01036	0.01381	0.02244	0.04660	0.02589	0.74975	0.03624	0.00690	0.00690	0.01036	0.00431	0.00431
8	0.01558	0.01558	0.02181	0.01869	0.01869	0.02181	0.01558	0.01714	0.01091	0.01714	0.00935	0.01558	0.00935	0.01246	0.02337	0.00312	0.73672	0.00623	0.00312	0.00779
9	0.02660	0.03394	0.02018	0.01834	0.02201	0.72116	0.01376	0.02843	0.02018	0.01743	0.01101	0.01284	0.00917	0.00734	0.00642	0.00183	0.01284	0.00459	0.00367	0.00825
10	0.01109	0.00834	0.00911	0.00847	0.01109	0.00749	0.00649	0.05965	0.01849	0.05211	0.20376	0.05967	0.48598	0.01621	0.00827	0.00234	0.00396	0.01362	0.00701	0.00686
11	0.01117	0.00766	0.00921	0.00870	0.01097	0.00678	0.00666	0.01385	0.01845	0.07771	0.37096	0.05812	0.31804	0.01570	0.00836	0.00234	0.00379	0.03731	0.00737	0.00685
12	0.01088	0.00895	0.00988	0.00956	0.01128	0.05505	0.00707	0.01373	0.01899	0.02567	0.51562	0.13798	0.11787	0.01534	0.00835	0.00231	0.00412	0.01343	0.00729	0.00664
13	0.01011	0.00728	0.01000	0.01013	0.01093	0.00801	0.00724	0.01173	0.01126	0.01578	0.02176	0.09072	0.02273	0.27610	0.44360	0.00930	0.01396	0.00951	0.00420	0.00565
14	0.01139	0.00941	0.01264	0.01222	0.01333	0.03570	0.00947	0.01359	0.01161	0.01642	0.01795	0.02750	0.01718	0.10221	0.56281	0.00980	0.09901	0.00758	0.00377	0.00643
15	0.07473	0.01639	0.01723	0.01425	0.01877	0.01833	0.01144	0.35618	0.22949	0.03667	0.02178	0.05576	0.01692	0.00940	0.00690	0.00222	0.00647	0.00743	0.06882	0.01082
16	0.02007	0.01440	0.05431	0.10793	0.02262	0.01393	0.04500	0.20498	0.02078	0.14914	0.07356	0.04503	0.01977	0.01202	0.01038	0.11205	0.00732	0.05161	0.00596	0.00914
17	0.01558	0.01438	0.01518	0.01147	0.01700	0.07581	0.00908	0.01857	0.01549	0.02280	0.05916	0.01723	0.01422	0.00636	0.00627	0.00128	0.03325	0.00492	0.00437	0.63760
18	0.01643	0.00925	0.01146	0.01054	0.01325	0.00870	0.00814	0.05112	0.04291	0.19398	0.13164	0.15361	0.14166	0.06688	0.01007	0.00277	0.00505	0.07442	0.04008	0.00804
19	0.07087	0.00807	0.00968	0.00944	0.01118	0.00798	0.00689	0.01419	0.01429	0.08219	0.10972	0.12874	0.14253	0.19149	0.13245	0.00498	0.00744	0.03565	0.00579	0.00643
20	0.01566	0.07449	0.07592	0.22337	0.25185	0.01665	0.05000	0.04184	0.04087	0.02171	0.03387	0.01974	0.01308	0.01158	0.07677	0.00309	0.00977	0.00654	0.00376	0.00946
21	0.07131	0.01249	0.01701	0.05395	0.08324	0.01345	0.03656	0.08314	0.07459	0.13901	0.03986	0.05009	0.01745	0.03254	0.12328	0.05478	0.05459	0.00753	0.02624	0.00888
22	0.01088	0.00713	0.00912	0.00952	0.01097	0.00651	0.00694	0.01254	0.01570	0.06472	0.16956	0.32279	0.18144	0.01908	0.01023	0.06513	0.00433	0.06044	0.00670	0.00626
23	0.01546	0.01370	0.01311	0.01274	0.01524	0.13522	0.01008	0.08164	0.03701	0.04152	0.11405	0.13226	0.11179	0.01663	0.03509	0.00289	0.00720	0.19058	0.00624	0.00753
24	0.02045	0.01616	0.02149	0.19079	0.18262	0.05136	0.01615	0.15642	0.07458	0.11573	0.01784	0.04613	0.01385	0.00843	0.00777	0.00227	0.03540	0.00702	0.00526	0.01028
25	0.01708	0.01467	0.04112	0.07343	0.06260	0.09830	0.01143	0.08802	0.04270	0.08941	0.05128	0.11732	0.06850	0.13420	0.01240	0.00312	0.00734	0.05337	0.00559	0.00813
26	0.03070	0.00982	0.03085	0.04133	0.01541	0.00960	0.03941	0.01584	0.01416	0.10627	0.04740	0.17667	0.09063	0.11662	0.15980	0.00497	0.04717	0.03077	0.00545	0.00712

[dist]
# distance from previous block
# <min> <max>
3	25

[block]
# block no. 7 follows, 29 sequences, length 58
# corresponding to MSA columns:
# 400-406,408-458
name=unknown_H
#
# <colnr> <probs for GDERKNQSTAVLIFYWHMCP>
#	G	D	E	R	K	N	Q	S	T	A	V	L	I	F	Y	W	H	M	C	P
0	0.01224	0.01043	0.05030	0.03683	0.03283	0.00947	0.00917	0.03966	0.08471	0.02165	0.16803	0.06750	0.13265	0.07924	0.04105	0.14874	0.00612	0.03706	0.00559	0.00673
1	0.01400	0.00868	0.01064	0.01036	0.01244	0.00839	0.00766	0.01779	0.09045	0.13299	0.07410	0.23585	0.13827	0.12204	0.03566	0.00349	0.00554	0.05757	0.00669	0.00738
2	0.01524	0.00999	0.01297	0.11060	0.01829	0.01004	0.00984	0.08805	0.01854	0.12606	0.15064	0.14416	0.15392	0.03975	0.00908	0.00261	0.00561	0.06006	0.00664	0.00791
3	0.01703	0.01657	0.04968	0.17541	0.18773	0.04324	0.13824	0.03855	0.05006	0.05914	0.01687	0.04651	0.01424	0.00864	0.00888	0.00241	0.06964	0.04346	0.00425	0.00945
4	0.06030	0.00851	0.01008	0.00968	0.01171	0.00817	0.00722	0.04373	0.01657	0.08857	0.18256	0.15089	0.15793	0.11765	0.01274	0.03061	0.00495	0.06480	0.00654	0.00680
5	0.01137	0.00778	0.01118	0.01096	0.01234	0.00868	0.00835	0.01359	0.01192	0.05489	0.02124	0.03099	0.03496	0.13488	0.58144	0.01016	0.01650	0.00811	0.00422	0.00642
6	0.01941	0.02134	0.16889	0.04771	0.11697	0.05205	0.09131	0.11220	0.14944	0.09069	0.04501	0.02073	0.01548	0.00795	0.00722	0.00225	0.00850	0.00693	0.00526	0.01066
7	0.05252	0.00990	0.01176	0.01243	0.06296	0.00979	0.00851	0.09986	0.01713	0.04887	0.04063	0.19746	0.24120	0.08932	0.03419	0.00321	0.00577	0.04108	0.00610	0.00732
8	0.01500	0.01039	0.01224	0.01147	0.01345	0.01095	0.00846	0.14336	0.08424	0.04835	0.02610	0.17917	0.02675	0.20662	0.04758	0.06646	0.00680	0.06948	0.00586	0.00728
9	0.00953	0.00726	0.00875	0.00838	0.01030	0.00648	0.00629	0.01237	0.01886	0.02547	0.49305	0.05827	0.27764	0.01571	0.00840	0.00229	0.00344	0.01359	0.00743	0.00648
10	0.01716	0.01645	0.02807	0.12013	0.63253	0.01680	0.02162	0.02145	0.01599	0.02270	0.01331	0.01777	0.01108	0.00643	0.00706	0.00214	0.00857	0.00634	0.00348	0.01091
11	0.04793	0.00995	0.01124	0.01046	0.01280	0.01019	0.00795	0.11270	0.07789	0.02442	0.11994	0.08704	0.19406	0.07071	0.01285	0.11220	0.00532	0.05918	0.00614	0.00704
12	0.03751	0.01503	0.01462	0.01293	0.01614	0.09636	0.00998	0.17361	0.16013	0.02778	0.08536	0.06885	0.07267	0.05164	0.07283	0.02457	0.00773	0.00876	0.03474	0.00875
13	0.02163	0.01426	0.01615	0.01377	0.01815	0.01538	0.01091	0.08317	0.42052	0.20987	0.07403	0.02708	0.02306	0.00969	0.00729	0.00233	0.00575	0.00803	0.00769	0.01124
14	0.01167	0.00768	0.00935	0.00881	0.01104	0.00679	0.00664	0.01426	0.01831	0.09556	0.36035	0.10825	0.28311	0.01577	0.00833	0.00234	0.00379	0.01360	0.00742	0.00696
15	0.02004	0.01310	0.01446	0.01279	0.01618	0.05163	0.01001	0.15109	0.10618	0.17644	0.05140	0.17602	0.02652	0.03682	0.00861	0.00255	0.00616	0.06126	0.04942	0.00932
16	0.01111	0.00796	0.00952	0.00967	0.01162	0.00747	0.00722	0.01474	0.07351	0.06011	0.16596	0.25653	0.25453	0.01755	0.00855	0.00257	0.00424	0.06325	0.00700	0.00690
17	0.01019	0.00755	0.01106	0.01106	0.01220	0.00869	0.00843	0.01247	0.01133	0.01625	0.01942	0.02990	0.01864	0.12552	0.65056	0.01097	0.01781	0.00791	0.00387	0.00615
18	0.00980	0.00719	0.00914	0.01037	0.01116	0.00708	0.00719	0.01272	0.07189	0.01905	0.03686	0.57558	0.04271	0.08088	0.01122	0.00321	0.00467	0.06661	0.00647	0.00619
19	0.05190	0.01070	0.01275	0.01157	0.01484	0.01058	0.00897	0.04853	0.14334	0.22350	0.05066	0.21302	0.11362	0.01401	0.00784	0.00249	0.00519	0.04013	0.00732	0.00905
20	0.01017	0.00763	0.01144	0.01144	0.01272	0.00890	0.00890	0.01272	0.01144	0.01653	0.01907	0.02797	0.01780	0.05340	0.72153	0.01144	0.01907	0.00763	0.00381	0.00636
21	0.80005	0.01377	0.01047	0.00936	0.01377	0.01597	0.00771	0.02093	0.01212	0.03195	0.00991	0.01157	0.00771	0.00661	0.00441	0.00220	0.00551	0.00386	0.00441	0.00771
22	0.00909	0.00688	0.00812	0.00851	0.00987	0.00620	0.00596	0.01087	0.01567	0.02043	0.19929	0.27373	0.28002	0.09841	0.01166	0.00301	0.00407	0.01566	0.00664	0.00592
23	0.35534	0.01305	0.01239	0.01097	0.01458	0.01447	0.00865	0.14829	0.06654	0.03046	0.05454	0.08047	0.05729	0.07597	0.00891	0.00272	0.00581	0.02568	0.00566	0.00820
24	0.51656	0.01296	0.01173	0.01048	0.01456	0.01447	0.00852	0.02345	0.10237	0.09479	0.07926	0.02173	0.01750	0.00855	0.00565	0.00228	0.00543	0.03568	0.00561	0.00845
25	0.02111	0.01698	0.01801	0.01518	0.01981	0.01930	0.01209	0.27140	0.45338	0.03526	0.02467	0.02313	0.01824	0.00926	0.00720	0.00231	0.00643	0.00746	0.00720	0.01158
26	0.01715	0.01193	0.01376	0.01209	0.01548	0.01235	0.00961	0.15367	0.15418	0.10205	0.20265	0.06623	0.11882	0.01292	0.00793	0.00238	0.00532	0.06497	0.00738	0.00913
27	0.01017	0.00763	0.01144	0.01144	0.01272	0.00890	0.00890	0.01272	0.01144	0.01653	0.01907	0.02797	0.01780	0.05340	0.72153	0.01144	0.01907	0.00763	0.00381	0.00636
28	0.00907	0.00655	0.00864	0.01004	0.01079	0.00613	0.00707	0.01072	0.01457	0.01936	0.09099	0.58360	0.08445	0.02120	0.00908	0.00286	0.00430	0.08795	0.00670	0.00595
29	0.01792	0.01111	0.01287	0.01133	0.01437	0.01154	0.00885	0.14914	0.09707	0.12299	0.09809	0.09652	0.02641	0.04578	0.04416	0.00287	0.00598	0.03163	0.18258	0.00880
30	0.09632	0.00908	0.01042	0.01041	0.01222	0.00933	0.00769	0.01716	0.08666	0.07710	0.02983	0.17101	0.05297	0.24043	0.01667	0.00399	0.00587	0.13011	0.00591	0.00680
31	0.02819	0.01232	0.01596	0.01256	0.01753	0.01125	0.01025	0.10826	0.02140	0.53592	0.05827	0.06230	0.05213	0.01012	0.00736	0.00224	0.00595	0.00833	0.00836	0.01129
32	0.43686	0.01424	0.01344	0.01168	0.01612	0.01594	0.00952	0.09184	0.15539	0.10751	0.01797	0.02006	0.01381	0.00833	0.00584	0.00229	0.00588	0.03810	0.00586	0.00932
33	0.01143	0.00777	0.00873	0.00847	0.00889	0.00790	0.00507	0.05685	0.01212	0.01618	0.02291	0.07956	0.02600	0.66192	0.03286	0.00637	0.00683	0.01058	0.00462	0.00493
34	0.01036	0.00690	0.00777	0.00777	0.00777	0.00690	0.00431	0.01036	0.01036	0.01381	0.02244	0.04660	0.02589	0.74975	0.03624	0.00690	0.00690	0.01036	0.00431	0.00431
35	0.01036	0.00690	0.00777	0.00777	0.00777	0.00690	0.00431	0.01036	0.01036	0.01381	0.02244	0.04660	0.02589	0.74975	0.03624	0.00690	0.00690	0.01036	0.00431	0.00431
36	0.01881	0.01263	0.01435	0.01226	0.01600	0.01306	0.00966	0.18224	0.15878	0.13846	0.13626	0.09390	0.13830	0.01240	0.00772	0.00233	0.00543	0.01039	0.00740	0.00961
37	0.00899	0.00658	0.00828	0.00920	0.01010	0.00606	0.00629	0.01059	0.01492	0.01981	0.15644	0.47641	0.14818	0.07026	0.01073	0.00298	0.00411	0.01751	0.00666	0.00588
38	0.01310	0.00667	0.00679	0.00676	0.00842	0.00664	0.00507	0.01642	0.01522	0.02666	0.05994	0.02799	0.02090	0.00863	0.00516	0.00169	0.00332	0.00697	0.74699	0.00664
39	0.00967	0.00678	0.00844	0.00906	0.00967	0.00649	0.00602	0.01096	0.01381	0.01860	0.14891	0.31395	0.06401	0.28432	0.01883	0.00424	0.00512	0.04969	0.00599	0.00546
40	0.17285	0.01125	0.01234	0.01160	0.01470	0.01198	0.00903	0.02381	0.19893	0.12072	0.08810	0.18879	0.02959	0.01298	0.00739	0.00250	0.00521	0.06282	0.00675	0.00868
41	0.00953	0.00706	0.00851	0.00920	0.01057	0.00649	0.00680	0.01107	0.01476	0.01874	0.07132	0.22896	0.28805	0.09834	0.01289	0.04594	0.00477	0.13506	0.00621	0.00574
42	0.01699	0.01367	0.01480	0.01340	0.01702	0.01530	0.01036	0.05714	0.50633	0.05855	0.06285	0.09602	0.06353	0.01144	0.00753	0.00243	0.00538	0.00969	0.00724	0.01033
43	0.04054	0.00830	0.00979	0.00952	0.01135	0.00803	0.00688	0.04031	0.04642	0.06134	0.22878	0.22134	0.14906	0.11169	0.01188	0.00304	0.00456	0.01361	0.00675	0.00681
44	0.01063	0.00784	0.00899	0.00869	0.01075	0.00720	0.00649	0.01374	0.05081	0.04737	0.25219	0.05829	0.33764	0.09931	0.01154	0.00291	0.00426	0.04797	0.00683	0.00655
45	0.01472	0.01396	0.02366	0.52247	0.24926	0.01616	0.02041	0.01931	0.01484	0.01974	0.01288	0.01857	0.01004	0.00688	0.00710	0.00229	0.00918	0.00633	0.00327	0.00894
46	0.01403	0.01325	0.02240	0.63725	0.13991	0.01597	0.02006	0.01870	0.01451	0.01890	0.01276	0.01880	0.00974	0.00701	0.00711	0.00234	0.00935	0.00633	0.00321	0.00838
47	0.01012	0.00750	0.01096	0.01103	0.01215	0.00857	0.00837	0.01237	0.01144	0.01635	0.02031	0.06275	0.01990	0.11628	0.62540	0.01063	0.01726	0.00846	0.00399	0.00614
48	0.01692	0.01750	0.06606	0.12697	0.58721	0.01676	0.02185	0.02144	0.01591	0.02260	0.01327	0.01765	0.01093	0.00646	0.00704	0.00215	0.00870	0.00628	0.00345	0.01082
49	0.39359	0.04621	0.01577	0.01262	0.01723	0.09821	0.01028	0.17401	0.05254	0.06866	0.01397	0.01503	0.01056	0.00916	0.03268	0.00248	0.00751	0.00505	0.00525	0.00920
50	0.01009	0.00753	0.00943	0.00913	0.01093	0.00701	0.00689	0.01368	0.04247	0.02635	0.52089	0.09421	0.15539	0.01555	0.00846	0.00235	0.00366	0.04176	0.00752	0.00672
51	0.01710	0.12073	0.12968	0.01921	0.02382	0.01882	0.16035	0.02095	0.01451	0.08137	0.03849	0.01853	0.01289	0.01129	0.05082	0.00295	0.23889	0.00663	0.00391	0.00905
52	0.01444	0.01248	0.02115	0.43513	0.09868	0.01407	0.06914	0.01876	0.01557	0.05756	0.07775	0.06156	0.01897	0.00917	0.00758	0.00241	0.00843	0.04454	0.00431	0.00829
53	0.00945	0.00743	0.00870	0.00922	0.01121	0.00668	0.00733	0.01177	0.01644	0.02057	0.11548	0.11696	0.41411	0.01849	0.00886	0.00267	0.00446	0.19727	0.00670	0.00621
54	0.00914	0.00694	0.00846	0.00904	0.01050	0.00626	0.00661	0.01122	0.01625	0.02123	0.20769	0.30623	0.26829	0.01885	0.00876	0.00260	0.00396	0.06494	0.00690	0.00614
55	0.11736	0.01447	0.01537	0.01257	0.01694	0.07217	0.01011	0.14656	0.02173	0.29044	0.17865	0.02716	0.02621	0.00971	0.00705	0.00217	0.00626	0.00774	0.00732	0.01001
56	0.14460	0.02019	0.05982	0.01808	0.04745	0.15023	0.07910	0.09461	0.04015	0.09021	0.01425	0.01666	0.01108	0.01006	0.03671	0.00267	0.14432	0.00593	0.00462	0.00927
57	0.04424	0.05704	0.09204	0.01513	0.01974	0.06294	0.08374	0.17061	0.01991	0.02616	0.03030	0.11258	0.15092	0.01220	0.00766	0.00237	0.00747	0.07069	0.00555	0.00869

[dist]
# distance from previous block
# <min> <max>
1	50

# created by:
# /home/berkeley/.conda/envs/busco_data_prod/bin/msa2prfl.pl pipeline/OGs_align_augustus/4893/32090.fs
