[name]
unknown

[dist]
# distance from previous block
# <min> <max>
6	35

[block]
# block no. 0 follows, 33 sequences, length 47
# corresponding to MSA columns:
# 39-85
name=unknown_A
#
# <colnr> <probs for GDERKNQSTAVLIFYWHMCP>
#	G	D	E	R	K	N	Q	S	T	A	V	L	I	F	Y	W	H	M	C	P
0	0.04626	0.09471	0.28623	0.04070	0.05136	0.09590	0.03800	0.07474	0.04759	0.04301	0.04114	0.03959	0.01271	0.00742	0.00673	0.00200	0.03557	0.00576	0.00388	0.02669
1	0.07361	0.01263	0.02764	0.03417	0.01615	0.03436	0.00923	0.12395	0.06590	0.06243	0.10542	0.08152	0.04672	0.00916	0.00628	0.00181	0.00544	0.02915	0.00540	0.24902
2	0.01850	0.01504	0.04042	0.04331	0.09980	0.06601	0.04046	0.12686	0.03329	0.13376	0.03812	0.04773	0.03319	0.00814	0.00702	0.00188	0.03593	0.02855	0.00509	0.17688
3	0.09722	0.01387	0.04631	0.27829	0.17204	0.01471	0.06168	0.04459	0.01433	0.02112	0.04161	0.02028	0.01281	0.00754	0.00757	0.00216	0.06149	0.04142	0.00365	0.03731
4	0.00950	0.00668	0.00868	0.00868	0.00920	0.00720	0.00586	0.01054	0.01002	0.01388	0.01937	0.03548	0.02063	0.45095	0.34668	0.00824	0.01135	0.00846	0.00378	0.00482
5	0.02078	0.01606	0.01929	0.12046	0.07720	0.01803	0.01360	0.41224	0.10556	0.04963	0.01693	0.01935	0.01284	0.00819	0.00722	0.00211	0.03386	0.03077	0.00572	0.01017
6	0.01760	0.77260	0.03450	0.01126	0.01690	0.02605	0.01126	0.01971	0.01338	0.01549	0.00915	0.01056	0.00845	0.00563	0.00422	0.00141	0.00704	0.00352	0.00282	0.00845
7	0.02421	0.02224	0.01866	0.01530	0.01973	0.26778	0.01217	0.43589	0.02583	0.03188	0.01417	0.01491	0.01056	0.00751	0.00626	0.00186	0.00862	0.00536	0.04738	0.00971
8	0.01365	0.01170	0.01365	0.00975	0.01560	0.00878	0.00780	0.01658	0.01365	0.02145	0.01170	0.01365	0.00975	0.00488	0.00488	0.00098	0.00488	0.00390	0.00390	0.80888
9	0.01365	0.03047	0.58419	0.05759	0.02893	0.04423	0.08204	0.02051	0.01423	0.02037	0.01365	0.01595	0.03171	0.00657	0.00644	0.00209	0.00968	0.00544	0.00297	0.00931
10	0.00956	0.00645	0.00753	0.00753	0.00766	0.00657	0.00443	0.00980	0.00968	0.01303	0.02042	0.04129	0.02315	0.69364	0.10744	0.00682	0.00756	0.00931	0.00394	0.00419
11	0.01452	0.13696	0.50431	0.01948	0.04918	0.03578	0.10945	0.02084	0.01419	0.02001	0.01160	0.01394	0.00864	0.00608	0.00616	0.00199	0.00952	0.00506	0.00289	0.00940
12	0.07702	0.09975	0.21812	0.07471	0.02258	0.01659	0.01495	0.13811	0.13599	0.09464	0.03431	0.01747	0.01293	0.00730	0.00611	0.00202	0.00727	0.00567	0.00483	0.00962
13	0.00963	0.00682	0.00826	0.00914	0.00971	0.03423	0.00623	0.01001	0.01202	0.01584	0.02998	0.48345	0.06580	0.02074	0.03270	0.18714	0.00490	0.01416	0.03430	0.00492
14	0.03749	0.01308	0.02015	0.08034	0.40593	0.01361	0.01523	0.06463	0.01593	0.02355	0.09544	0.02106	0.01705	0.00736	0.00681	0.00196	0.02987	0.00653	0.11499	0.00898
15	0.01672	0.39584	0.26981	0.01446	0.02120	0.06937	0.01579	0.04293	0.06306	0.01900	0.01155	0.01292	0.00931	0.00622	0.00527	0.00173	0.00816	0.00437	0.00323	0.00905
16	0.01900	0.14770	0.10994	0.04733	0.13146	0.08466	0.10387	0.06995	0.04462	0.12020	0.01433	0.01588	0.01077	0.00648	0.00615	0.00187	0.00816	0.00552	0.00421	0.04791
17	0.00796	0.00654	0.00701	0.00718	0.00908	0.00559	0.00528	0.00968	0.01499	0.01844	0.12293	0.16445	0.56419	0.01695	0.00787	0.00227	0.00338	0.01441	0.00622	0.00559
18	0.02032	0.01196	0.01543	0.01329	0.03844	0.01184	0.03518	0.18390	0.04877	0.25701	0.12876	0.06678	0.05148	0.01065	0.00720	0.00218	0.00575	0.07487	0.00688	0.00933
19	0.05015	0.01830	0.14974	0.01682	0.06526	0.01531	0.05999	0.18246	0.13759	0.20802	0.01890	0.01859	0.01320	0.00749	0.00654	0.00207	0.00715	0.00620	0.00579	0.01045
20	0.01756	0.07361	0.13004	0.02067	0.04073	0.24032	0.26588	0.02164	0.01581	0.01876	0.01320	0.03871	0.01111	0.00855	0.03626	0.00235	0.01072	0.02235	0.00339	0.00833
21	0.00802	0.00573	0.00764	0.00917	0.00955	0.00535	0.00611	0.00917	0.01260	0.01681	0.03628	0.76434	0.04354	0.02062	0.00840	0.00267	0.00382	0.01872	0.00611	0.00535
22	0.00957	0.00638	0.00718	0.00718	0.00718	0.00638	0.00399	0.00957	0.00957	0.01276	0.02074	0.04308	0.02393	0.76864	0.03351	0.00638	0.00638	0.00957	0.00399	0.00399
23	0.01348	0.06320	0.67753	0.01883	0.02827	0.01578	0.05185	0.02081	0.01395	0.02064	0.01177	0.01392	0.00841	0.00620	0.00624	0.00206	0.00968	0.00493	0.00280	0.00964
24	0.00888	0.00706	0.00814	0.00859	0.01046	0.00645	0.00674	0.01152	0.04050	0.01895	0.08876	0.13874	0.42524	0.01701	0.00812	0.00246	0.00410	0.17621	0.00618	0.00587
25	0.02459	0.03138	0.01866	0.01696	0.02035	0.74221	0.01272	0.02629	0.01866	0.01611	0.01018	0.01187	0.00848	0.00678	0.00594	0.00170	0.01187	0.00424	0.00339	0.00763
26	0.78270	0.01267	0.00991	0.00878	0.01290	0.01456	0.00723	0.01988	0.01152	0.05855	0.00986	0.01118	0.00751	0.00620	0.00418	0.00204	0.00511	0.00369	0.00424	0.00730
27	0.01602	0.01690	0.03071	0.06155	0.02898	0.04637	0.42791	0.06546	0.01541	0.02111	0.01267	0.01698	0.00995	0.00709	0.01019	0.00229	0.15940	0.00694	0.03562	0.00846
28	0.00800	0.00632	0.00721	0.00775	0.00922	0.00553	0.00552	0.00958	0.01439	0.01811	0.10831	0.32871	0.41225	0.01792	0.00802	0.00238	0.00350	0.01557	0.00620	0.00553
29	0.20469	0.01758	0.01705	0.01355	0.01839	0.07335	0.01109	0.44704	0.02462	0.08914	0.01464	0.01485	0.01045	0.00743	0.00597	0.00197	0.00698	0.00531	0.00589	0.01000
30	0.01637	0.01414	0.01489	0.01340	0.01712	0.01637	0.01042	0.03498	0.71568	0.02754	0.02679	0.02456	0.02010	0.00893	0.00670	0.00223	0.00521	0.00744	0.00670	0.01042
31	0.00851	0.00609	0.00796	0.00916	0.00978	0.00574	0.00638	0.00991	0.01312	0.01747	0.08349	0.55339	0.06797	0.08363	0.01055	0.00297	0.00421	0.08829	0.00600	0.00538
32	0.01774	0.02133	0.05730	0.02482	0.07200	0.19229	0.43364	0.02301	0.05293	0.02024	0.01315	0.01646	0.01012	0.00607	0.00714	0.00207	0.01073	0.00668	0.00350	0.00878
33	0.01531	0.01710	0.03517	0.02569	0.03104	0.01734	0.56804	0.02006	0.01446	0.02006	0.01240	0.01710	0.00972	0.00672	0.01049	0.00235	0.15778	0.00737	0.00324	0.00855
34	0.00957	0.00641	0.00732	0.00732	0.00737	0.00646	0.00416	0.00966	0.00962	0.01287	0.02061	0.04237	0.02362	0.73888	0.06284	0.00656	0.00685	0.00947	0.00397	0.00407
35	0.01141	0.00959	0.00987	0.00918	0.01167	0.03166	0.00696	0.06365	0.14354	0.02249	0.16948	0.06807	0.36205	0.04065	0.00837	0.00232	0.00429	0.01150	0.00629	0.00695
36	0.05332	0.01709	0.05803	0.02045	0.16632	0.03808	0.06073	0.21911	0.16645	0.10635	0.01769	0.01817	0.01298	0.00737	0.00654	0.00205	0.00720	0.00623	0.00547	0.01037
37	0.12171	0.01462	0.01551	0.01299	0.01735	0.01622	0.01042	0.20214	0.35170	0.13403	0.02166	0.02028	0.01565	0.00820	0.00633	0.00211	0.00577	0.00645	0.00655	0.01031
38	0.00802	0.00573	0.00764	0.00917	0.00955	0.00535	0.00611	0.00917	0.01260	0.01681	0.03628	0.76434	0.04354	0.02062	0.00840	0.00267	0.00382	0.01872	0.00611	0.00535
39	0.01596	0.02700	0.37746	0.05071	0.11257	0.10777	0.11359	0.05711	0.01561	0.02114	0.01199	0.01471	0.00901	0.00643	0.00694	0.00206	0.03197	0.00542	0.00320	0.00934
40	0.05224	0.01621	0.01991	0.14347	0.17262	0.04376	0.01452	0.27567	0.14298	0.02930	0.01584	0.01738	0.01192	0.00732	0.00646	0.00205	0.00735	0.00601	0.00507	0.00995
41	0.01574	0.01583	0.01207	0.01138	0.01302	0.26366	0.00793	0.06338	0.01476	0.01683	0.01888	0.12870	0.02014	0.32409	0.01769	0.00378	0.00790	0.00861	0.02960	0.00601
42	0.01025	0.00854	0.01139	0.03230	0.04063	0.03166	0.04104	0.03384	0.01460	0.01934	0.13821	0.33812	0.12404	0.02013	0.10097	0.00341	0.00642	0.01332	0.00555	0.00626
43	0.01815	0.18641	0.16676	0.10483	0.11453	0.06868	0.04109	0.09508	0.04146	0.08302	0.01341	0.01522	0.01016	0.00655	0.00600	0.00190	0.00820	0.00523	0.00394	0.00939
44	0.01799	0.04496	0.05200	0.13154	0.18313	0.22015	0.11930	0.04129	0.04136	0.01945	0.01206	0.01534	0.00969	0.00672	0.00745	0.00201	0.05781	0.00563	0.00342	0.00868
45	0.61075	0.01531	0.03892	0.01140	0.04004	0.06049	0.00916	0.07602	0.04264	0.02898	0.01071	0.01207	0.00824	0.00641	0.00467	0.00202	0.00596	0.00409	0.00427	0.00784
46	0.08193	0.18911	0.02478	0.02179	0.20777	0.25814	0.06348	0.02187	0.01569	0.01913	0.03188	0.01419	0.01059	0.00634	0.00575	0.00178	0.00887	0.00494	0.00339	0.00857

[dist]
# distance from previous block
# <min> <max>
0	3

[block]
# block no. 1 follows, 33 sequences, length 29
# corresponding to MSA columns:
# 89-117
name=unknown_B
#
# <colnr> <probs for GDERKNQSTAVLIFYWHMCP>
#	G	D	E	R	K	N	Q	S	T	A	V	L	I	F	Y	W	H	M	C	P
0	0.01257	0.00872	0.01043	0.00944	0.01187	0.00851	0.00734	0.09184	0.05116	0.07722	0.34147	0.06294	0.19447	0.01504	0.04378	0.00256	0.00473	0.03205	0.00671	0.00715
1	0.02095	0.02283	0.01991	0.10696	0.14324	0.35915	0.01438	0.11728	0.09189	0.02175	0.01323	0.01515	0.01043	0.00698	0.00628	0.00189	0.00949	0.00527	0.00409	0.00885
2	0.02108	0.01299	0.01513	0.01248	0.01671	0.01343	0.01005	0.16590	0.23596	0.24520	0.10125	0.02597	0.02192	0.00911	0.00677	0.00208	0.00552	0.02841	0.00704	0.04300
3	0.01621	0.01594	0.02572	0.03628	0.60025	0.05238	0.05668	0.02004	0.01535	0.02132	0.03936	0.01949	0.01322	0.00663	0.00670	0.00200	0.00797	0.03106	0.00352	0.00988
4	0.01195	0.00742	0.00978	0.00920	0.01123	0.00686	0.00723	0.01485	0.01764	0.11409	0.47140	0.04918	0.09727	0.01502	0.03613	0.00253	0.00439	0.10008	0.00698	0.00677
5	0.00896	0.00672	0.00830	0.00790	0.00961	0.00606	0.00593	0.01172	0.01778	0.02437	0.56954	0.05251	0.21794	0.01421	0.00777	0.00211	0.00316	0.01237	0.00698	0.00606
6	0.01739	0.25513	0.35686	0.01587	0.02317	0.08804	0.03933	0.02219	0.01476	0.09203	0.01235	0.01369	0.00926	0.00629	0.00569	0.00184	0.00874	0.00467	0.00342	0.00926
7	0.02189	0.02675	0.01972	0.12697	0.10308	0.55478	0.01437	0.02423	0.01744	0.01682	0.01065	0.01320	0.00874	0.00665	0.00610	0.00180	0.01097	0.00466	0.00331	0.00790
8	0.00794	0.00660	0.00694	0.00701	0.00903	0.00560	0.00520	0.00969	0.01513	0.01847	0.12227	0.11919	0.61088	0.01671	0.00783	0.00225	0.00335	0.01411	0.00621	0.00560
9	0.01948	0.41616	0.02597	0.01294	0.01754	0.24919	0.01126	0.07140	0.01648	0.01780	0.01505	0.01602	0.07193	0.00714	0.00525	0.00161	0.00825	0.00484	0.00357	0.00814
10	0.01677	0.01621	0.02360	0.04981	0.52074	0.06901	0.01766	0.04419	0.09502	0.02203	0.01421	0.01739	0.01167	0.00851	0.04278	0.00240	0.00831	0.00599	0.00377	0.00995
11	0.01516	0.01449	0.02468	0.24876	0.52804	0.01534	0.01964	0.01921	0.01446	0.02014	0.01218	0.01666	0.00994	0.00608	0.00654	0.00203	0.00810	0.00586	0.00316	0.00952
12	0.02520	0.01603	0.01801	0.01404	0.01908	0.01711	0.01152	0.44943	0.10787	0.22209	0.01977	0.01857	0.01358	0.00809	0.00661	0.00202	0.00657	0.00629	0.00701	0.01111
13	0.01039	0.00826	0.00937	0.00911	0.01094	0.03627	0.00697	0.04567	0.01758	0.02339	0.39349	0.11819	0.18797	0.01473	0.00783	0.00224	0.00407	0.08067	0.00660	0.00628
14	0.01663	0.14378	0.17648	0.01491	0.02016	0.06796	0.09431	0.02182	0.08279	0.11193	0.04285	0.05061	0.03031	0.06569	0.02934	0.00256	0.00800	0.00682	0.00444	0.00860
15	0.01694	0.01867	0.01743	0.01925	0.16073	0.27657	0.01252	0.01976	0.04275	0.01861	0.07179	0.08619	0.09116	0.01002	0.00870	0.00209	0.10717	0.00771	0.00423	0.00773
16	0.00778	0.00667	0.00667	0.00667	0.00889	0.00556	0.00500	0.00945	0.01501	0.01778	0.06669	0.06336	0.72490	0.01667	0.00778	0.00222	0.00333	0.01389	0.00611	0.00556
17	0.04067	0.16558	0.17191	0.09077	0.07699	0.07076	0.04452	0.01988	0.04079	0.01846	0.01102	0.01425	0.00914	0.00752	0.00961	0.00213	0.18929	0.00513	0.00312	0.00845
18	0.01568	0.01954	0.16178	0.05731	0.38829	0.08344	0.01828	0.03985	0.01572	0.02147	0.07083	0.04887	0.01534	0.00734	0.00659	0.00200	0.00805	0.00653	0.00370	0.00938
19	0.01053	0.00817	0.00933	0.00870	0.01089	0.00785	0.00660	0.07213	0.06654	0.02415	0.34128	0.08917	0.29141	0.01422	0.00763	0.00216	0.00373	0.01217	0.00668	0.00665
20	0.20388	0.01686	0.01740	0.09728	0.11486	0.10466	0.01260	0.18658	0.13484	0.02798	0.01451	0.01586	0.01104	0.00711	0.00593	0.00202	0.00721	0.00541	0.00479	0.00917
21	0.13266	0.02000	0.19867	0.02120	0.18668	0.04522	0.04998	0.09229	0.06889	0.02433	0.01485	0.07039	0.01253	0.00769	0.00667	0.00210	0.02618	0.00638	0.00408	0.00921
22	0.00926	0.00682	0.00856	0.00958	0.01045	0.00667	0.00660	0.04306	0.05237	0.01859	0.03606	0.65979	0.06876	0.01922	0.00820	0.00260	0.00404	0.01730	0.00617	0.00591
23	0.00948	0.00728	0.00838	0.00817	0.01004	0.00671	0.00613	0.04902	0.01658	0.02164	0.27019	0.11854	0.34208	0.05264	0.00910	0.00244	0.00380	0.04536	0.00640	0.00601
24	0.01736	0.04597	0.04514	0.03174	0.49364	0.04621	0.01761	0.09728	0.07700	0.02367	0.01511	0.01764	0.02878	0.00666	0.00645	0.00196	0.00761	0.00602	0.00397	0.01018
25	0.03479	0.05192	0.07637	0.01784	0.12706	0.08071	0.04609	0.12183	0.09707	0.10453	0.13215	0.02358	0.04046	0.00839	0.00663	0.00200	0.00689	0.00705	0.00537	0.00926
26	0.00986	0.00708	0.00856	0.00856	0.01016	0.00668	0.00641	0.04566	0.01660	0.02284	0.30952	0.20402	0.17665	0.01513	0.00765	0.00224	0.00369	0.05542	0.07714	0.00613
27	0.02361	0.03161	0.08015	0.01711	0.02105	0.67977	0.01372	0.02582	0.01825	0.01652	0.01032	0.01205	0.00847	0.00674	0.00596	0.00173	0.01169	0.00429	0.00334	0.00781
28	0.13910	0.10021	0.19593	0.01382	0.01971	0.04510	0.04158	0.04250	0.12177	0.09720	0.01710	0.01758	0.03869	0.00709	0.00581	0.00192	0.00702	0.00549	0.00452	0.07786

[dist]
# distance from previous block
# <min> <max>
0	1

[block]
# block no. 2 follows, 33 sequences, length 63
# corresponding to MSA columns:
# 119-181
name=unknown_C
#
# <colnr> <probs for GDERKNQSTAVLIFYWHMCP>
#	G	D	E	R	K	N	Q	S	T	A	V	L	I	F	Y	W	H	M	C	P
0	0.01396	0.09725	0.05240	0.01202	0.01485	0.05679	0.02734	0.14683	0.01694	0.02206	0.05543	0.37342	0.02838	0.01523	0.03360	0.00255	0.00629	0.01194	0.00538	0.00734
1	0.01039	0.00713	0.00904	0.00854	0.01033	0.00659	0.00640	0.01367	0.04009	0.06353	0.54331	0.10338	0.12469	0.01390	0.00772	0.00214	0.00339	0.01220	0.00708	0.00649
2	0.01371	0.01306	0.02078	0.05426	0.16542	0.01460	0.11970	0.01787	0.06415	0.02004	0.06295	0.04476	0.09183	0.00975	0.01102	0.00231	0.21220	0.00785	0.04572	0.00802
3	0.01580	0.04274	0.10548	0.10493	0.41834	0.02981	0.05363	0.06028	0.01568	0.02165	0.01463	0.01931	0.03014	0.00684	0.00660	0.00203	0.00814	0.03084	0.00354	0.00959
4	0.00913	0.00680	0.00797	0.00804	0.00989	0.00602	0.00611	0.01127	0.01582	0.04145	0.23368	0.13907	0.38679	0.01615	0.00793	0.00230	0.00365	0.07556	0.00647	0.00592
5	0.02114	0.28831	0.06160	0.01488	0.01944	0.34174	0.01287	0.09822	0.01753	0.01893	0.01046	0.01207	0.00877	0.00669	0.00614	0.00170	0.04335	0.00428	0.00349	0.00840
6	0.04974	0.09626	0.06801	0.04104	0.08302	0.08604	0.04034	0.11950	0.01867	0.30619	0.01758	0.01738	0.01215	0.00717	0.00622	0.00194	0.00737	0.00570	0.00562	0.01004
7	0.00799	0.00649	0.00710	0.00747	0.00923	0.00560	0.00547	0.00965	0.01464	0.01801	0.08874	0.22019	0.52131	0.01746	0.00796	0.00234	0.00352	0.03512	0.00616	0.00556
8	0.01431	0.19620	0.49533	0.01676	0.02497	0.01748	0.03881	0.02020	0.01370	0.01955	0.01116	0.01326	0.00850	0.00617	0.00622	0.00190	0.03116	0.00461	0.00287	0.05683
9	0.01356	0.11634	0.39410	0.01637	0.06378	0.01461	0.01746	0.04406	0.01553	0.02220	0.16298	0.02118	0.02007	0.00769	0.00629	0.00194	0.00757	0.00625	0.00395	0.04408
10	0.05879	0.01731	0.01661	0.01375	0.01813	0.13180	0.01095	0.24912	0.17477	0.15972	0.01953	0.04572	0.01462	0.00830	0.00642	0.00200	0.00694	0.00643	0.00618	0.03293
11	0.02046	0.07681	0.19617	0.01462	0.02056	0.04003	0.01422	0.14987	0.18621	0.18517	0.01904	0.01839	0.01347	0.00759	0.00634	0.00203	0.00714	0.00594	0.00563	0.01032
12	0.00802	0.00573	0.00764	0.00917	0.00955	0.00535	0.00611	0.00917	0.01260	0.01681	0.03628	0.76434	0.04354	0.02062	0.00840	0.00267	0.00382	0.01872	0.00611	0.00535
13	0.04144	0.60827	0.03112	0.01334	0.04953	0.12978	0.01176	0.02068	0.01416	0.01626	0.00945	0.01102	0.00850	0.00582	0.00457	0.00149	0.00773	0.00373	0.00296	0.00838
14	0.01524	0.01448	0.02471	0.24197	0.45650	0.01532	0.05470	0.03876	0.01496	0.02067	0.01295	0.01831	0.01071	0.00645	0.00667	0.00207	0.00820	0.02462	0.00334	0.00936
15	0.03883	0.01295	0.04618	0.01180	0.01590	0.01224	0.00964	0.08392	0.24999	0.08594	0.07908	0.11648	0.02229	0.00957	0.00651	0.00196	0.00521	0.00806	0.00594	0.17753
16	0.01527	0.01861	0.09000	0.02646	0.05552	0.01685	0.56157	0.02053	0.01486	0.02057	0.01272	0.01709	0.00975	0.00620	0.00896	0.00226	0.08342	0.00729	0.00324	0.00883
17	0.00829	0.00631	0.00763	0.00811	0.00941	0.00565	0.00577	0.01013	0.01501	0.01969	0.23011	0.34219	0.27307	0.01741	0.00803	0.00236	0.00347	0.01531	0.00642	0.00565
18	0.00831	0.00705	0.00722	0.00723	0.00942	0.00619	0.00539	0.01095	0.05649	0.01830	0.06239	0.10563	0.63969	0.01646	0.00776	0.00225	0.00348	0.01382	0.00615	0.00583
19	0.02511	0.01476	0.01799	0.01401	0.01903	0.01519	0.04142	0.29306	0.13260	0.32280	0.02160	0.01998	0.01464	0.00806	0.00667	0.00205	0.00642	0.00653	0.00710	0.01098
20	0.01263	0.01191	0.02011	0.71578	0.08081	0.01468	0.01838	0.01700	0.01326	0.01706	0.01174	0.01749	0.00886	0.00654	0.00658	0.00218	0.00873	0.00585	0.00294	0.00748
21	0.01441	0.23724	0.54194	0.01670	0.02530	0.01825	0.02073	0.02054	0.01376	0.01937	0.01108	0.01298	0.00837	0.00608	0.00570	0.00190	0.00899	0.00449	0.00279	0.00938
22	0.01629	0.01564	0.02672	0.04041	0.72757	0.01564	0.02020	0.02020	0.01499	0.02151	0.01238	0.01629	0.01043	0.00587	0.00652	0.00196	0.00782	0.00587	0.00326	0.01043
23	0.00798	0.00588	0.00748	0.00876	0.00944	0.00538	0.00593	0.00921	0.01299	0.01696	0.04120	0.65096	0.15375	0.01999	0.00830	0.00260	0.00374	0.01794	0.00611	0.00538
24	0.01371	0.01272	0.01168	0.01071	0.01341	0.11743	0.00817	0.06879	0.16533	0.02339	0.20532	0.06761	0.23104	0.01231	0.00721	0.00211	0.00523	0.01023	0.00615	0.00745
25	0.01243	0.01170	0.01975	0.75282	0.04534	0.01463	0.01828	0.01682	0.01316	0.01682	0.01170	0.01755	0.00878	0.00658	0.00658	0.00219	0.00878	0.00585	0.00293	0.00731
26	0.01760	0.77260	0.03450	0.01126	0.01690	0.02605	0.01126	0.01971	0.01338	0.01549	0.00915	0.01056	0.00845	0.00563	0.00422	0.00141	0.00704	0.00352	0.00282	0.00845
27	0.01117	0.00743	0.00919	0.00853	0.01049	0.00684	0.00641	0.03843	0.01768	0.08148	0.44681	0.09578	0.17680	0.04292	0.00866	0.00230	0.00368	0.01199	0.00688	0.00653
28	0.01604	0.01496	0.02292	0.34234	0.29356	0.04277	0.04068	0.10760	0.01642	0.02186	0.01248	0.01666	0.00973	0.00646	0.00657	0.00206	0.00842	0.00587	0.00355	0.00903
29	0.01296	0.00978	0.01182	0.01098	0.01279	0.02803	0.00835	0.15342	0.01502	0.02041	0.01936	0.07228	0.01895	0.17541	0.36966	0.00708	0.01200	0.03060	0.00448	0.00662
30	0.02436	0.01811	0.01938	0.01501	0.02016	0.02010	0.01235	0.65401	0.08365	0.04042	0.01665	0.01648	0.01188	0.00798	0.00659	0.00200	0.00709	0.00604	0.00659	0.01114
31	0.00939	0.00665	0.00811	0.00811	0.00967	0.00597	0.00589	0.01148	0.01584	0.04931	0.31883	0.21767	0.24640	0.04556	0.00888	0.00242	0.00357	0.01376	0.00656	0.00593
32	0.01586	0.01802	0.03663	0.05456	0.07023	0.04844	0.61256	0.02111	0.01556	0.02073	0.01307	0.01742	0.00990	0.00566	0.00758	0.00218	0.01088	0.00744	0.00331	0.00885
33	0.06331	0.03108	0.61899	0.01905	0.02811	0.01539	0.09206	0.02078	0.01390	0.02141	0.01180	0.01409	0.00843	0.00617	0.00627	0.00210	0.00958	0.00508	0.00292	0.00948
34	0.01014	0.00682	0.00764	0.00747	0.00766	0.00689	0.00430	0.03497	0.01035	0.01381	0.02056	0.04209	0.02347	0.74088	0.03253	0.00622	0.00641	0.00944	0.00408	0.00425
35	0.01561	0.01750	0.03724	0.02801	0.07638	0.01658	0.63681	0.02153	0.04061	0.02134	0.01374	0.01791	0.01038	0.00569	0.00765	0.00220	0.01069	0.00764	0.00345	0.00903
36	0.10021	0.05877	0.06971	0.04276	0.18439	0.14209	0.01372	0.10820	0.08173	0.02332	0.01735	0.01897	0.06546	0.00809	0.00686	0.03180	0.00763	0.00591	0.00424	0.00879
37	0.01489	0.00988	0.01170	0.01066	0.01353	0.01032	0.00829	0.02236	0.24027	0.14623	0.05194	0.07100	0.15569	0.01908	0.15459	0.00387	0.00722	0.00912	0.03116	0.00820
38	0.01528	0.01725	0.03725	0.08832	0.03532	0.01648	0.64641	0.02073	0.01534	0.02073	0.01318	0.01774	0.00989	0.00564	0.00767	0.00222	0.01090	0.00761	0.00330	0.00875
39	0.01379	0.01345	0.04323	0.18121	0.20105	0.01332	0.13228	0.06483	0.01567	0.02116	0.05215	0.10859	0.06497	0.00935	0.00720	0.00220	0.00756	0.03547	0.00422	0.00826
40	0.04599	0.02316	0.24538	0.05993	0.06970	0.07134	0.22885	0.11208	0.01685	0.02331	0.01252	0.01541	0.00935	0.00644	0.00714	0.00210	0.03167	0.00594	0.00359	0.00925
41	0.00950	0.00669	0.00872	0.00872	0.00925	0.00722	0.00590	0.01056	0.01003	0.01390	0.01934	0.03530	0.02056	0.44374	0.35379	0.00828	0.01146	0.00844	0.00378	0.00484
42	0.01864	0.01293	0.01498	0.01392	0.04867	0.01401	0.01036	0.05566	0.44406	0.17479	0.02649	0.09539	0.02082	0.00973	0.00684	0.00221	0.00535	0.00824	0.00679	0.01012
43	0.09532	0.06173	0.10646	0.03886	0.18723	0.09737	0.07895	0.08500	0.07947	0.08588	0.01445	0.01606	0.01091	0.00667	0.00621	0.00198	0.00804	0.00560	0.00431	0.00953
44	0.00910	0.00699	0.00838	0.00823	0.00993	0.00648	0.00609	0.01240	0.05552	0.02274	0.40701	0.14795	0.24471	0.01508	0.00780	0.00220	0.00338	0.01314	0.00674	0.00614
45	0.01285	0.01017	0.01195	0.05504	0.01554	0.01066	0.00949	0.11249	0.13818	0.02366	0.06890	0.04995	0.22762	0.01383	0.00775	0.00242	0.00533	0.21058	0.00613	0.00746
46	0.01593	0.01527	0.02606	0.10785	0.66298	0.01555	0.02002	0.01988	0.01482	0.02106	0.01232	0.01641	0.01027	0.00593	0.00652	0.00198	0.00791	0.00586	0.00323	0.01013
47	0.01839	0.08737	0.02371	0.13028	0.14715	0.01573	0.12571	0.14697	0.01791	0.12223	0.01691	0.08791	0.01402	0.00799	0.00671	0.00206	0.00763	0.00728	0.00474	0.00929
48	0.00831	0.00678	0.00741	0.00750	0.00955	0.00587	0.00579	0.01034	0.01554	0.01923	0.15750	0.06253	0.55396	0.01638	0.00792	0.00229	0.00360	0.08751	0.00627	0.00571
49	0.02459	0.03138	0.01866	0.01696	0.02035	0.74221	0.01272	0.02629	0.01866	0.01611	0.01018	0.01187	0.00848	0.00678	0.00594	0.00170	0.01187	0.00424	0.00339	0.00763
50	0.01796	0.29246	0.31205	0.01479	0.02179	0.06610	0.01637	0.02288	0.03792	0.12058	0.01328	0.01415	0.00991	0.00643	0.00558	0.00182	0.00817	0.00468	0.00373	0.00937
51	0.01395	0.05044	0.11250	0.12254	0.28865	0.01433	0.11570	0.01821	0.01471	0.02014	0.04411	0.03830	0.08207	0.00792	0.00685	0.00209	0.00789	0.02712	0.00370	0.00877
52	0.02881	0.01220	0.01541	0.01201	0.01697	0.04216	0.00984	0.03194	0.04561	0.67356	0.02531	0.02203	0.01610	0.00812	0.00659	0.00203	0.00586	0.00655	0.00788	0.01102
53	0.01500	0.01559	0.06151	0.24041	0.45857	0.01539	0.05941	0.01933	0.01445	0.02012	0.01221	0.01661	0.00983	0.00607	0.00659	0.00204	0.00838	0.00592	0.00314	0.00942
54	0.04734	0.07066	0.10699	0.01386	0.04361	0.06540	0.03901	0.07610	0.01734	0.19278	0.12280	0.11145	0.04495	0.00986	0.00671	0.00206	0.00646	0.00828	0.00565	0.00869
55	0.02127	0.04243	0.04639	0.01684	0.08205	0.01392	0.09741	0.16937	0.03955	0.25665	0.09515	0.02223	0.01840	0.00965	0.03614	0.00237	0.00723	0.00698	0.00607	0.00991
56	0.00807	0.00578	0.00775	0.00922	0.00963	0.00545	0.00619	0.00926	0.01253	0.01675	0.03559	0.73701	0.04254	0.02169	0.03557	0.00297	0.00433	0.01828	0.00602	0.00537
57	0.04319	0.15501	0.17796	0.01691	0.08160	0.16907	0.01475	0.09894	0.01697	0.08027	0.01390	0.04739	0.01138	0.00885	0.03424	0.00221	0.00882	0.00550	0.00405	0.00899
58	0.04757	0.06697	0.17742	0.02042	0.05180	0.07977	0.26708	0.02198	0.03461	0.08635	0.01552	0.04618	0.01254	0.00724	0.00682	0.00211	0.00913	0.03360	0.00396	0.00893
59	0.01672	0.11575	0.28548	0.02019	0.08425	0.09608	0.13547	0.03679	0.08314	0.04434	0.01362	0.01549	0.01028	0.00644	0.00632	0.00198	0.00909	0.00554	0.00362	0.00940
60	0.04105	0.02376	0.33299	0.04075	0.05796	0.06138	0.15154	0.02086	0.01476	0.07280	0.04012	0.04542	0.01268	0.00737	0.00744	0.00214	0.04793	0.00639	0.00369	0.00899
61	0.01779	0.04766	0.17382	0.01654	0.02141	0.13778	0.09267	0.07629	0.01674	0.09914	0.03824	0.04786	0.01624	0.00924	0.00813	0.00220	0.07122	0.09392	0.00452	0.00858
62	0.02023	0.01762	0.09745	0.01584	0.04498	0.11877	0.07778	0.09342	0.08313	0.20547	0.05048	0.07974	0.01734	0.00924	0.00748	0.03149	0.00745	0.00734	0.00554	0.00920

[dist]
# distance from previous block
# <min> <max>
9	26

[block]
# block no. 3 follows, 33 sequences, length 116
# corresponding to MSA columns:
# 220-335
name=unknown_D
#
# <colnr> <probs for GDERKNQSTAVLIFYWHMCP>
#	G	D	E	R	K	N	Q	S	T	A	V	L	I	F	Y	W	H	M	C	P
0	0.03317	0.09054	0.14602	0.06505	0.02365	0.11364	0.11862	0.12707	0.05088	0.02296	0.03534	0.06399	0.01353	0.00782	0.00694	0.00201	0.03261	0.00651	0.00415	0.03550
1	0.08923	0.03357	0.08700	0.01527	0.01982	0.06311	0.13791	0.07551	0.13542	0.06680	0.11149	0.05299	0.04163	0.00903	0.00681	0.00213	0.00703	0.03139	0.00524	0.00861
2	0.03594	0.01575	0.07243	0.11832	0.14167	0.03705	0.13802	0.04228	0.04553	0.09280	0.03799	0.02058	0.05256	0.00774	0.00820	0.00213	0.08109	0.00672	0.00423	0.03898
3	0.06447	0.05113	0.02222	0.03871	0.04842	0.04436	0.19752	0.10258	0.08234	0.12339	0.02317	0.02381	0.10851	0.00812	0.00674	0.00205	0.00739	0.00736	0.00510	0.03263
4	0.01572	0.01638	0.04901	0.08927	0.08547	0.06356	0.29295	0.04203	0.04433	0.03854	0.01559	0.05184	0.01312	0.00722	0.00698	0.00204	0.00875	0.03938	0.00396	0.11386
5	0.04833	0.01522	0.02474	0.09264	0.08924	0.03917	0.25915	0.09991	0.04118	0.04553	0.03597	0.05117	0.01395	0.03852	0.00840	0.00227	0.02802	0.00725	0.00425	0.05509
6	0.01856	0.01711	0.02238	0.01891	0.06748	0.11458	0.17266	0.16689	0.06323	0.06137	0.10198	0.03777	0.01805	0.00846	0.00838	0.00213	0.07885	0.00726	0.00498	0.00895
7	0.01638	0.01825	0.05386	0.09199	0.05036	0.08955	0.36944	0.05156	0.08319	0.02135	0.01456	0.01905	0.01147	0.00695	0.00805	0.00220	0.05206	0.02719	0.00380	0.00875
8	0.00953	0.00696	0.00832	0.00822	0.01011	0.00629	0.00635	0.01185	0.01605	0.04557	0.27973	0.05667	0.34304	0.04327	0.03111	0.00267	0.00423	0.09762	0.00641	0.00599
9	0.01037	0.00841	0.02872	0.00919	0.01126	0.00775	0.00724	0.03526	0.07366	0.02576	0.55602	0.04499	0.09246	0.01465	0.04286	0.00250	0.00428	0.01107	0.00682	0.00674
10	0.00798	0.00668	0.00695	0.00688	0.00902	0.00564	0.00516	0.00984	0.01549	0.01892	0.15360	0.06148	0.63728	0.01625	0.00778	0.00220	0.00330	0.01363	0.00626	0.00564
11	0.01321	0.03040	0.61293	0.01795	0.02677	0.01469	0.04369	0.02006	0.01384	0.02067	0.01320	0.01532	0.02741	0.00655	0.00670	0.00203	0.03187	0.00514	0.00298	0.07458
12	0.01219	0.01114	0.01851	0.65278	0.04106	0.01367	0.01725	0.01639	0.01343	0.01721	0.01483	0.02521	0.01271	0.00815	0.00692	0.00231	0.00841	0.09734	0.00335	0.00714
13	0.01436	0.22860	0.55013	0.01679	0.02544	0.01812	0.02088	0.02055	0.01376	0.01944	0.01111	0.01302	0.00837	0.00609	0.00572	0.00191	0.00902	0.00451	0.00279	0.00939
14	0.01780	0.03814	0.01511	0.01057	0.01622	0.01035	0.00862	0.06689	0.01588	0.16758	0.01480	0.01548	0.01114	0.00578	0.00533	0.00127	0.00526	0.00458	0.00491	0.56427
15	0.00786	0.00658	0.00683	0.00695	0.00898	0.00556	0.00515	0.00952	0.01491	0.01799	0.08642	0.12746	0.63941	0.01693	0.00784	0.00226	0.00337	0.01427	0.00615	0.00556
16	0.02459	0.03138	0.01866	0.01696	0.02035	0.74221	0.01272	0.02629	0.01866	0.01611	0.01018	0.01187	0.00848	0.00678	0.00594	0.00170	0.01187	0.00424	0.00339	0.00763
17	0.02459	0.03138	0.01866	0.01696	0.02035	0.74221	0.01272	0.02629	0.01866	0.01611	0.01018	0.01187	0.00848	0.00678	0.00594	0.00170	0.01187	0.00424	0.00339	0.00763
18	0.01320	0.03405	0.73453	0.01876	0.02849	0.01529	0.02432	0.02085	0.01390	0.02085	0.01181	0.01390	0.00834	0.00625	0.00625	0.00208	0.00973	0.00486	0.00278	0.00973
19	0.01320	0.03405	0.73453	0.01876	0.02849	0.01529	0.02432	0.02085	0.01390	0.02085	0.01181	0.01390	0.00834	0.00625	0.00625	0.00208	0.00973	0.00486	0.00278	0.00973
20	0.00950	0.00635	0.00720	0.00728	0.00729	0.00633	0.00409	0.00955	0.00972	0.01296	0.02149	0.07769	0.02487	0.73275	0.03230	0.00620	0.00626	0.01001	0.00409	0.00405
21	0.02705	0.01115	0.01481	0.01163	0.01636	0.01002	0.00951	0.03101	0.07850	0.62430	0.07303	0.02439	0.01971	0.00857	0.00670	0.00206	0.00540	0.00705	0.00796	0.01080
22	0.00940	0.00705	0.01058	0.01058	0.01176	0.00823	0.00823	0.01176	0.01058	0.01528	0.01763	0.02586	0.01646	0.04937	0.74255	0.01058	0.01763	0.00705	0.00353	0.00588
23	0.01554	0.01776	0.03885	0.02775	0.03441	0.01665	0.70366	0.02109	0.01554	0.02109	0.01332	0.01776	0.00999	0.00555	0.00777	0.00222	0.01110	0.00777	0.00333	0.00888
24	0.01583	0.01848	0.07743	0.02675	0.03354	0.01636	0.64423	0.02141	0.01555	0.04264	0.01362	0.01768	0.01009	0.00567	0.00765	0.00221	0.01085	0.00757	0.00344	0.00900
25	0.02165	0.02726	0.06262	0.04378	0.02222	0.50607	0.05812	0.04704	0.05109	0.01810	0.01138	0.01353	0.00924	0.00721	0.00749	0.00191	0.07481	0.00490	0.00355	0.00804
26	0.00802	0.00573	0.00764	0.00917	0.00955	0.00535	0.00611	0.00917	0.01260	0.01681	0.03628	0.76434	0.04354	0.02062	0.00840	0.00267	0.00382	0.01872	0.00611	0.00535
27	0.00778	0.00667	0.00667	0.00667	0.00889	0.00556	0.00500	0.00945	0.01501	0.01778	0.06669	0.06336	0.72490	0.01667	0.00778	0.00222	0.00333	0.01389	0.00611	0.00556
28	0.01390	0.01681	0.10900	0.46791	0.03954	0.05797	0.16427	0.01876	0.01408	0.01817	0.01197	0.01683	0.00896	0.00634	0.00676	0.00216	0.00957	0.00605	0.00302	0.00795
29	0.01463	0.04532	0.24114	0.02444	0.07231	0.01600	0.41161	0.02042	0.01493	0.02073	0.01500	0.01828	0.04036	0.00626	0.00714	0.00214	0.01004	0.00693	0.00327	0.00906
30	0.01243	0.01170	0.01975	0.75282	0.04534	0.01463	0.01828	0.01682	0.01316	0.01682	0.01170	0.01755	0.00878	0.00658	0.00658	0.00219	0.00878	0.00585	0.00293	0.00731
31	0.01836	0.67138	0.06153	0.01181	0.01750	0.05165	0.01177	0.02071	0.01391	0.05621	0.01025	0.01142	0.00889	0.00584	0.00451	0.00148	0.00725	0.00378	0.00314	0.00863
32	0.01384	0.06602	0.33651	0.13813	0.03158	0.01580	0.23116	0.01973	0.01420	0.01981	0.01311	0.04626	0.01037	0.00664	0.00675	0.00213	0.00960	0.00641	0.00311	0.00883
33	0.01320	0.03405	0.73453	0.01876	0.02849	0.01529	0.02432	0.02085	0.01390	0.02085	0.01181	0.01390	0.00834	0.00625	0.00625	0.00208	0.00973	0.00486	0.00278	0.00973
34	0.00778	0.00667	0.00667	0.00667	0.00889	0.00556	0.00500	0.00945	0.01501	0.01778	0.06669	0.06336	0.72490	0.01667	0.00778	0.00222	0.00333	0.01389	0.00611	0.00556
35	0.02195	0.01580	0.01778	0.01415	0.01868	0.03148	0.03540	0.43464	0.09487	0.10673	0.04341	0.07558	0.04039	0.00934	0.00684	0.00207	0.00659	0.00759	0.00655	0.01018
36	0.02278	0.02813	0.01927	0.04233	0.02125	0.60777	0.03695	0.04137	0.01789	0.01689	0.01061	0.01295	0.00886	0.00835	0.02948	0.00208	0.05729	0.00464	0.00343	0.00767
37	0.00778	0.00667	0.00667	0.00667	0.00889	0.00556	0.00500	0.00945	0.01501	0.01778	0.06669	0.06336	0.72490	0.01667	0.00778	0.00222	0.00333	0.01389	0.00611	0.00556
38	0.01334	0.03309	0.69357	0.01929	0.02884	0.01537	0.06432	0.02086	0.01400	0.02086	0.01190	0.01413	0.00844	0.00621	0.00634	0.00209	0.00981	0.00504	0.00281	0.00968
39	0.01645	0.01749	0.06434	0.29178	0.03485	0.06905	0.25359	0.12990	0.01728	0.02242	0.01281	0.01674	0.00954	0.00644	0.00693	0.00213	0.00961	0.00636	0.00368	0.00863
40	0.78511	0.04135	0.01061	0.00876	0.01289	0.01519	0.00729	0.01937	0.01129	0.02901	0.00917	0.01069	0.00718	0.00609	0.00408	0.00201	0.00517	0.00356	0.00403	0.00718
41	0.00801	0.00670	0.00699	0.00698	0.00912	0.00568	0.00528	0.00985	0.01535	0.01866	0.12815	0.06233	0.64171	0.01641	0.00782	0.00223	0.00339	0.03347	0.00622	0.00563
42	0.04439	0.01376	0.01399	0.01234	0.01583	0.04920	0.00970	0.13964	0.36518	0.02811	0.12190	0.03028	0.08912	0.01014	0.00686	0.00216	0.00543	0.02639	0.00643	0.00916
43	0.01364	0.10783	0.66460	0.01801	0.02733	0.01636	0.02302	0.02074	0.01385	0.02031	0.01155	0.01357	0.00835	0.00619	0.00605	0.00202	0.00946	0.00473	0.00278	0.00960
44	0.00799	0.00583	0.00753	0.00889	0.00948	0.00537	0.00599	0.00920	0.01287	0.01691	0.03965	0.68670	0.11901	0.02019	0.00833	0.00262	0.00377	0.01818	0.00611	0.00537
45	0.02423	0.03078	0.01871	0.01697	0.02024	0.71682	0.01278	0.02592	0.01835	0.01610	0.01012	0.01196	0.00849	0.00695	0.00649	0.00174	0.03806	0.00429	0.00337	0.00762
46	0.17132	0.17874	0.40566	0.01584	0.02343	0.01746	0.06205	0.02034	0.01337	0.02148	0.01085	0.01284	0.00823	0.00605	0.00551	0.00195	0.00836	0.00452	0.00308	0.00891
47	0.00810	0.00661	0.00716	0.00717	0.00913	0.00567	0.00532	0.01002	0.01555	0.01942	0.19463	0.11151	0.54415	0.01632	0.00782	0.00223	0.00332	0.01385	0.00634	0.00567
48	0.00957	0.00638	0.00718	0.00718	0.00718	0.00638	0.00399	0.00957	0.00957	0.01276	0.02074	0.04308	0.02393	0.76864	0.03351	0.00638	0.00638	0.00957	0.00399	0.00399
49	0.01566	0.01548	0.02666	0.08015	0.42185	0.01641	0.13478	0.02050	0.05992	0.02075	0.01293	0.01691	0.01063	0.00683	0.00880	0.00216	0.11038	0.00628	0.00342	0.00952
50	0.01760	0.77260	0.03450	0.01126	0.01690	0.02605	0.01126	0.01971	0.01338	0.01549	0.00915	0.01056	0.00845	0.00563	0.00422	0.00141	0.00704	0.00352	0.00282	0.00845
51	0.00802	0.00573	0.00764	0.00917	0.00955	0.00535	0.00611	0.00917	0.01260	0.01681	0.03628	0.76434	0.04354	0.02062	0.00840	0.00267	0.00382	0.01872	0.00611	0.00535
52	0.65785	0.01387	0.01168	0.00995	0.01426	0.01589	0.00820	0.15597	0.01514	0.03192	0.01049	0.01171	0.00794	0.00647	0.00457	0.00202	0.00552	0.00404	0.00457	0.00794
53	0.09797	0.01818	0.01664	0.01390	0.01814	0.17560	0.01108	0.19027	0.15531	0.18518	0.01811	0.01758	0.01299	0.00786	0.00671	0.00201	0.03104	0.00578	0.00590	0.00976
54	0.00879	0.00662	0.00813	0.00794	0.00956	0.00596	0.00588	0.01133	0.01711	0.02323	0.48643	0.11993	0.23500	0.01498	0.00783	0.00217	0.00323	0.01307	0.00684	0.00596
55	0.00909	0.00672	0.00848	0.00804	0.00969	0.00611	0.00603	0.01198	0.01810	0.02512	0.62632	0.05128	0.16070	0.01394	0.00777	0.00209	0.00314	0.01220	0.00708	0.00611
56	0.01530	0.01829	0.07647	0.05804	0.03393	0.01647	0.61098	0.02138	0.04029	0.02112	0.01364	0.01777	0.01020	0.00575	0.00759	0.00221	0.01071	0.00751	0.00340	0.00891
57	0.01549	0.04344	0.06227	0.02651	0.03300	0.01704	0.63228	0.02085	0.01521	0.02071	0.01296	0.01726	0.00983	0.00579	0.00809	0.00221	0.03748	0.00745	0.00328	0.00883
58	0.01554	0.01776	0.03885	0.02775	0.03441	0.01665	0.70366	0.02109	0.01554	0.02109	0.01332	0.01776	0.00999	0.00555	0.00777	0.00222	0.01110	0.00777	0.00333	0.00888
59	0.73017	0.01335	0.01076	0.00936	0.01356	0.01538	0.00771	0.09316	0.01333	0.03082	0.00988	0.01124	0.00757	0.00630	0.00434	0.00203	0.00532	0.00382	0.00434	0.00757
60	0.01365	0.01255	0.05895	0.01401	0.01701	0.01211	0.09764	0.09834	0.01646	0.05285	0.10825	0.11926	0.13767	0.01263	0.00992	0.00240	0.12663	0.07687	0.00531	0.00751
61	0.00927	0.00666	0.00905	0.01052	0.01152	0.00644	0.00827	0.01136	0.01393	0.01825	0.03660	0.40448	0.06357	0.01930	0.00872	0.00283	0.00490	0.34253	0.00609	0.00570
62	0.00932	0.00673	0.00880	0.00828	0.00984	0.00621	0.00621	0.01242	0.01863	0.02640	0.72410	0.04918	0.06212	0.01346	0.00776	0.00207	0.00311	0.01191	0.00725	0.00621
63	0.01760	0.77260	0.03450	0.01126	0.01690	0.02605	0.01126	0.01971	0.01338	0.01549	0.00915	0.01056	0.00845	0.00563	0.00422	0.00141	0.00704	0.00352	0.00282	0.00845
64	0.02403	0.02915	0.01885	0.01681	0.02018	0.63156	0.01280	0.08933	0.01930	0.01847	0.01061	0.01239	0.00874	0.00717	0.00693	0.00179	0.05580	0.00449	0.00366	0.00794
65	0.00778	0.00667	0.00667	0.00667	0.00889	0.00556	0.00500	0.00945	0.01501	0.01778	0.06669	0.06336	0.72490	0.01667	0.00778	0.00222	0.00333	0.01389	0.00611	0.00556
66	0.01320	0.03405	0.73453	0.01876	0.02849	0.01529	0.02432	0.02085	0.01390	0.02085	0.01181	0.01390	0.00834	0.00625	0.00625	0.00208	0.00973	0.00486	0.00278	0.00973
67	0.02819	0.01449	0.01648	0.01288	0.01785	0.07911	0.01052	0.16517	0.02123	0.52934	0.02250	0.02013	0.01457	0.00797	0.00655	0.00199	0.00650	0.00626	0.00740	0.01087
68	0.02459	0.03138	0.01866	0.01696	0.02035	0.74221	0.01272	0.02629	0.01866	0.01611	0.01018	0.01187	0.00848	0.00678	0.00594	0.00170	0.01187	0.00424	0.00339	0.00763
69	0.00781	0.00656	0.00679	0.00697	0.00897	0.00553	0.00514	0.00941	0.01472	0.01767	0.06304	0.14753	0.64308	0.01715	0.00786	0.00228	0.00339	0.01447	0.00611	0.00553
70	0.00941	0.00703	0.01044	0.01044	0.01157	0.00815	0.00806	0.01167	0.01054	0.01518	0.01776	0.02657	0.01676	0.07888	0.71347	0.01041	0.01717	0.00716	0.00355	0.00580
71	0.02248	0.01841	0.01824	0.01481	0.01945	0.08688	0.01193	0.44757	0.22827	0.03507	0.01846	0.01797	0.01352	0.00810	0.00656	0.00202	0.00709	0.00621	0.00632	0.01064
72	0.01698	0.01056	0.01260	0.01098	0.01415	0.01082	0.00854	0.02552	0.27456	0.20272	0.26679	0.03321	0.03378	0.03891	0.00806	0.00228	0.00463	0.00886	0.00715	0.00892
73	0.02040	0.01277	0.03635	0.01219	0.01607	0.01243	0.01004	0.23092	0.04199	0.23747	0.17013	0.10197	0.02686	0.01053	0.00742	0.00212	0.02531	0.00871	0.00693	0.00937
74	0.01928	0.47264	0.05340	0.01313	0.01828	0.16000	0.01203	0.08016	0.08040	0.01909	0.01162	0.01266	0.00975	0.00637	0.00505	0.00161	0.00790	0.00427	0.00360	0.00875
75	0.02373	0.08325	0.02006	0.01626	0.01998	0.54407	0.01265	0.13430	0.01989	0.02012	0.01094	0.01251	0.00892	0.00707	0.00656	0.00177	0.04132	0.00452	0.00384	0.00825
76	0.01877	0.01361	0.01496	0.01309	0.01706	0.01515	0.01028	0.03445	0.58860	0.15603	0.02664	0.02417	0.01940	0.00879	0.00668	0.00220	0.00528	0.00729	0.00696	0.01056
77	0.01814	0.01716	0.02865	0.15724	0.08328	0.10113	0.34559	0.02246	0.01591	0.12315	0.01442	0.01759	0.01054	0.00629	0.00708	0.00211	0.00973	0.00669	0.00396	0.00890
78	0.04404	0.01362	0.01707	0.01574	0.04271	0.08801	0.09645	0.10191	0.04125	0.04666	0.02364	0.13322	0.02370	0.01258	0.00851	0.00247	0.05182	0.22364	0.00525	0.00769
79	0.16236	0.01146	0.01433	0.01120	0.01612	0.01054	0.00925	0.02993	0.01755	0.61334	0.02313	0.02043	0.01475	0.00780	0.00619	0.00204	0.00552	0.00610	0.00746	0.01051
80	0.02561	0.01693	0.01856	0.04622	0.02057	0.05206	0.01205	0.47191	0.02651	0.21493	0.01794	0.01737	0.01226	0.00785	0.00656	0.00199	0.00711	0.00602	0.00667	0.01086
81	0.01752	0.06782	0.05750	0.27823	0.09906	0.23514	0.09483	0.03897	0.01578	0.01830	0.01145	0.01508	0.00901	0.00641	0.00635	0.00196	0.00978	0.00539	0.00323	0.00818
82	0.01340	0.03266	0.67495	0.01953	0.02900	0.01541	0.08250	0.02087	0.01404	0.02087	0.01194	0.01423	0.00848	0.00619	0.00638	0.00210	0.00985	0.00511	0.00283	0.00966
83	0.00802	0.00573	0.00764	0.00917	0.00955	0.00535	0.00611	0.00917	0.01260	0.01681	0.03628	0.76434	0.04354	0.02062	0.00840	0.00267	0.00382	0.01872	0.00611	0.00535
84	0.01989	0.14043	0.02165	0.11354	0.02295	0.27062	0.04116	0.13057	0.08456	0.02140	0.01360	0.03889	0.01124	0.00752	0.00663	0.00191	0.03523	0.00558	0.00412	0.00851
85	0.01512	0.01445	0.02461	0.25636	0.52077	0.01533	0.01962	0.01918	0.01444	0.02009	0.01218	0.01667	0.00993	0.00608	0.00654	0.00203	0.00811	0.00586	0.00316	0.00948
86	0.02954	0.01120	0.01528	0.01171	0.01681	0.00968	0.00968	0.03208	0.01884	0.73213	0.02597	0.02241	0.01630	0.00815	0.00662	0.00204	0.00560	0.00662	0.00815	0.01120
87	0.01042	0.00791	0.01125	0.12607	0.01725	0.00832	0.01015	0.03710	0.01436	0.01886	0.03072	0.31735	0.03402	0.01764	0.02519	0.00290	0.00596	0.29281	0.00555	0.00617
88	0.05995	0.01475	0.01886	0.52663	0.06348	0.11883	0.01630	0.04218	0.01451	0.01847	0.01237	0.04250	0.01001	0.00710	0.00641	0.00211	0.00875	0.00595	0.00331	0.00753
89	0.01471	0.01179	0.01420	0.01270	0.01498	0.04418	0.01018	0.19869	0.01651	0.02254	0.01668	0.02332	0.01481	0.03212	0.42669	0.00697	0.07644	0.03062	0.00438	0.00750
90	0.09047	0.01729	0.03611	0.02596	0.03238	0.01647	0.63839	0.02093	0.01513	0.02188	0.01293	0.01710	0.00972	0.00560	0.00742	0.00220	0.01054	0.00738	0.00340	0.00872
91	0.01447	0.01341	0.02205	0.47286	0.26947	0.01531	0.01857	0.05935	0.01484	0.01985	0.01217	0.01703	0.00947	0.00642	0.00656	0.00210	0.00837	0.00586	0.00326	0.00858
92	0.14405	0.01614	0.01846	0.24581	0.09726	0.11055	0.01426	0.14090	0.01675	0.02375	0.03039	0.01582	0.01047	0.00736	0.00758	0.00211	0.08065	0.00545	0.00396	0.00829
93	0.05294	0.01630	0.01839	0.01443	0.01940	0.01765	0.03573	0.42507	0.15929	0.11818	0.01864	0.01807	0.01326	0.00788	0.00650	0.00201	0.00664	0.00621	0.00649	0.03691
94	0.07852	0.02193	0.01899	0.03831	0.02087	0.26454	0.03486	0.34075	0.06820	0.02972	0.01393	0.01479	0.01045	0.00735	0.00624	0.00192	0.00871	0.00535	0.00511	0.00946
95	0.01512	0.01444	0.02460	0.25709	0.52007	0.01533	0.01962	0.01917	0.01443	0.02008	0.01218	0.01668	0.00993	0.00608	0.00654	0.00203	0.00811	0.00586	0.00316	0.00948
96	0.01120	0.00684	0.00998	0.07962	0.01280	0.00724	0.00733	0.03137	0.01049	0.01404	0.01603	0.12321	0.01665	0.05884	0.08907	0.48276	0.00695	0.00783	0.00354	0.00422
97	0.01267	0.00759	0.00945	0.08557	0.07898	0.00789	0.00746	0.01595	0.01385	0.02347	0.01963	0.02306	0.01544	0.00739	0.00498	0.00164	0.00410	0.00608	0.64814	0.00666
98	0.00826	0.00599	0.00781	0.00892	0.00964	0.00554	0.00615	0.00978	0.01374	0.01839	0.14220	0.59179	0.09392	0.01921	0.00828	0.00256	0.00373	0.03230	0.00628	0.00551
99	0.01009	0.00799	0.01213	0.01170	0.01299	0.00929	0.02997	0.01256	0.01138	0.01627	0.04031	0.03004	0.01910	0.04101	0.57151	0.00874	0.07368	0.07131	0.00383	0.00610
