[name]
unknown

[dist]
# distance from previous block
# <min> <max>
0	55

[block]
# block no. 0 follows, 34 sequences, length 86
# corresponding to MSA columns:
# 55-140
name=unknown_A
#
# <colnr> <probs for GDERKNQSTAVLIFYWHMCP>
#	G	D	E	R	K	N	Q	S	T	A	V	L	I	F	Y	W	H	M	C	P
0	0.01041	0.00744	0.01041	0.01190	0.01339	0.00744	0.01041	0.01339	0.01487	0.01934	0.03421	0.07288	0.03719	0.01785	0.00892	0.00297	0.00595	0.68913	0.00595	0.00595
1	0.01599	0.01535	0.02623	0.03966	0.73262	0.01535	0.01983	0.01983	0.01471	0.02111	0.01215	0.01599	0.01023	0.00576	0.00640	0.00192	0.00768	0.00576	0.00320	0.01023
2	0.00768	0.00636	0.00674	0.00704	0.00886	0.00541	0.00513	0.00922	0.01425	0.01726	0.05938	0.20592	0.59018	0.01715	0.00776	0.00227	0.00337	0.01460	0.00600	0.00541
3	0.00787	0.00562	0.00750	0.00900	0.00937	0.00525	0.00600	0.00900	0.01237	0.01649	0.03561	0.76871	0.04274	0.02024	0.00825	0.00262	0.00375	0.01837	0.00600	0.00525
4	0.01687	0.01428	0.01506	0.01331	0.01711	0.01645	0.01042	0.09835	0.65562	0.02832	0.02528	0.02329	0.01890	0.00867	0.00656	0.00217	0.00530	0.00716	0.00656	0.01030
5	0.02067	0.01884	0.18386	0.07112	0.06279	0.01478	0.10254	0.18757	0.01921	0.22858	0.01668	0.01732	0.01141	0.00697	0.00654	0.00202	0.00782	0.00599	0.00522	0.01006
6	0.01369	0.12887	0.59573	0.01811	0.02692	0.01648	0.07301	0.02033	0.01369	0.01980	0.01137	0.01350	0.00832	0.00601	0.00599	0.00197	0.00931	0.00481	0.00277	0.00932
7	0.01296	0.03342	0.73944	0.01842	0.02797	0.01501	0.02387	0.02046	0.01364	0.02046	0.01160	0.01364	0.00818	0.00614	0.00614	0.00205	0.00955	0.00477	0.00273	0.00955
8	0.00770	0.00655	0.00663	0.00661	0.00876	0.00548	0.00496	0.00939	0.01487	0.01780	0.09219	0.06162	0.70305	0.01624	0.00764	0.00218	0.00326	0.01356	0.00604	0.00548
9	0.01534	0.10924	0.40667	0.02063	0.13533	0.08666	0.04535	0.04450	0.01500	0.02043	0.03493	0.01480	0.01042	0.00632	0.00605	0.00192	0.00892	0.00509	0.00316	0.00923
10	0.06977	0.04288	0.13407	0.01242	0.01796	0.01135	0.01169	0.02796	0.03808	0.51060	0.02198	0.04102	0.01480	0.00786	0.00626	0.00201	0.00612	0.00630	0.00661	0.01024
11	0.01511	0.01607	0.02352	0.01909	0.02070	0.07325	0.15944	0.01739	0.01164	0.01665	0.00955	0.01464	0.00875	0.00974	0.01722	0.00260	0.54828	0.00596	0.00296	0.00744
12	0.01482	0.01337	0.02039	0.39146	0.15852	0.01596	0.01661	0.11484	0.01517	0.02056	0.01190	0.01655	0.00945	0.00851	0.03099	0.00243	0.12105	0.00578	0.00345	0.00820
13	0.01528	0.04676	0.01487	0.04212	0.01567	0.01245	0.01009	0.12653	0.01482	0.11436	0.01657	0.02117	0.01385	0.02911	0.39228	0.00640	0.08931	0.00635	0.00442	0.00760
14	0.01322	0.01193	0.01745	0.01515	0.01595	0.01566	0.04016	0.01512	0.01058	0.04253	0.01202	0.01803	0.01118	0.02240	0.24386	0.00510	0.47339	0.00616	0.00323	0.00688
15	0.01607	0.01388	0.01461	0.01315	0.01680	0.01607	0.01023	0.03433	0.72094	0.02703	0.02630	0.02411	0.01972	0.00877	0.00657	0.00219	0.00511	0.00731	0.00657	0.01023
16	0.00799	0.00582	0.00755	0.00882	0.00947	0.00538	0.00606	0.00930	0.01291	0.01702	0.06150	0.64308	0.11598	0.01951	0.00819	0.00257	0.00376	0.04373	0.00603	0.00533
17	0.01861	0.01388	0.01885	0.04896	0.23924	0.01445	0.01376	0.23715	0.04123	0.10225	0.02080	0.04460	0.04490	0.00920	0.00688	0.00213	0.00671	0.10150	0.00538	0.00953
18	0.81856	0.01250	0.00950	0.00850	0.01250	0.01449	0.00700	0.01899	0.01100	0.02899	0.00900	0.01050	0.00700	0.00600	0.00400	0.00200	0.00500	0.00350	0.00400	0.00700
19	0.75504	0.01237	0.00994	0.00874	0.01282	0.01409	0.00720	0.02000	0.01160	0.08596	0.01032	0.01142	0.00772	0.00616	0.00420	0.00200	0.00504	0.00374	0.00432	0.00732
20	0.01020	0.00672	0.00810	0.00813	0.00990	0.00592	0.00595	0.01202	0.01501	0.09324	0.17193	0.28048	0.31610	0.01616	0.00771	0.00228	0.00361	0.01405	0.00641	0.00608
21	0.01369	0.01514	0.09509	0.02864	0.41699	0.01308	0.08278	0.01753	0.01436	0.02016	0.03944	0.09867	0.06989	0.00986	0.03407	0.00236	0.00765	0.00796	0.00378	0.00886
22	0.81856	0.01250	0.00950	0.00850	0.01250	0.01449	0.00700	0.01899	0.01100	0.02899	0.00900	0.01050	0.00700	0.00600	0.00400	0.00200	0.00500	0.00350	0.00400	0.00700
23	0.04951	0.00967	0.01257	0.01031	0.01413	0.00866	0.00827	0.02542	0.01660	0.50821	0.02638	0.07586	0.03971	0.05273	0.00795	0.00227	0.00511	0.03125	0.08612	0.00925
24	0.03924	0.00719	0.00912	0.00888	0.01072	0.00661	0.00663	0.01408	0.01578	0.12855	0.29513	0.26426	0.11577	0.01481	0.00757	0.00225	0.00382	0.03642	0.00664	0.00653
25	0.13392	0.01060	0.01329	0.01071	0.01511	0.00972	0.00883	0.02686	0.01703	0.53582	0.04641	0.02649	0.06024	0.00894	0.00640	0.00207	0.00525	0.04543	0.00719	0.00969
26	0.81856	0.01250	0.00950	0.00850	0.01250	0.01449	0.00700	0.01899	0.01100	0.02899	0.00900	0.01050	0.00700	0.00600	0.00400	0.00200	0.00500	0.00350	0.00400	0.00700
27	0.05440	0.00627	0.00751	0.00830	0.00889	0.00611	0.00544	0.00985	0.01182	0.01659	0.06584	0.46216	0.05690	0.23206	0.01493	0.00358	0.00448	0.01450	0.00535	0.00502
28	0.01994	0.00891	0.01175	0.00997	0.01335	0.00779	0.00784	0.02216	0.01691	0.42517	0.12317	0.15945	0.12181	0.01190	0.00710	0.00214	0.00458	0.01017	0.00727	0.00863
29	0.05401	0.00745	0.00769	0.00743	0.00971	0.00688	0.00564	0.01224	0.06897	0.02030	0.17454	0.05397	0.51917	0.01466	0.00735	0.00215	0.00347	0.01225	0.00612	0.00602
30	0.02437	0.01770	0.01905	0.01469	0.01979	0.01953	0.01211	0.66150	0.05780	0.06304	0.01627	0.01607	0.01150	0.00781	0.00647	0.00195	0.00698	0.00590	0.00652	0.01096
31	0.39577	0.01117	0.01162	0.00972	0.01375	0.01145	0.00785	0.02333	0.01418	0.33085	0.01797	0.05327	0.01349	0.05109	0.00691	0.00227	0.00522	0.00583	0.00580	0.00845
32	0.01535	0.00775	0.01011	0.00929	0.01154	0.00695	0.00690	0.01722	0.01541	0.26057	0.16136	0.25653	0.08811	0.09011	0.00997	0.00264	0.00442	0.01187	0.00667	0.00722
33	0.12037	0.00727	0.00773	0.00805	0.00997	0.00692	0.00613	0.01120	0.01392	0.01958	0.08901	0.21272	0.35814	0.01576	0.00741	0.00233	0.00390	0.08808	0.00579	0.00572
34	0.00954	0.00632	0.00748	0.00755	0.00768	0.00639	0.00456	0.00965	0.00966	0.01292	0.02032	0.04148	0.02302	0.65291	0.07188	0.05248	0.00684	0.04135	0.00392	0.00405
35	0.01530	0.01465	0.02498	0.17081	0.60688	0.01517	0.01949	0.01922	0.01438	0.02027	0.01203	0.01622	0.00994	0.00589	0.00641	0.00196	0.00785	0.00575	0.00314	0.00968
36	0.00883	0.00628	0.00788	0.00814	0.00897	0.00599	0.00558	0.01041	0.01366	0.01861	0.26341	0.23591	0.08520	0.22874	0.04012	0.00369	0.00472	0.03294	0.00570	0.00521
37	0.07123	0.00780	0.00999	0.00970	0.01180	0.00731	0.00734	0.01637	0.01497	0.20550	0.13770	0.35573	0.03565	0.01479	0.00745	0.00235	0.00436	0.06639	0.00654	0.00705
38	0.01340	0.01148	0.01340	0.00957	0.01531	0.00861	0.00766	0.01627	0.01340	0.02105	0.01148	0.01340	0.00957	0.00479	0.00479	0.00096	0.00479	0.00383	0.00383	0.81242
39	0.01213	0.01021	0.01618	0.38658	0.07403	0.01182	0.01442	0.01558	0.01362	0.03916	0.03794	0.09817	0.02028	0.01087	0.00796	0.00241	0.04341	0.17407	0.00418	0.00698
40	0.01318	0.01248	0.02115	0.57178	0.22246	0.01461	0.01843	0.01737	0.01338	0.01770	0.01166	0.01691	0.00903	0.00628	0.00644	0.00209	0.00837	0.00575	0.00296	0.00797
41	0.00932	0.00655	0.00850	0.00850	0.00900	0.00705	0.00572	0.01033	0.00983	0.01360	0.01903	0.03494	0.02030	0.45824	0.34322	0.00805	0.01106	0.00832	0.00372	0.00472
42	0.01340	0.01148	0.01340	0.00957	0.01531	0.00861	0.00766	0.01627	0.01340	0.02105	0.01148	0.01340	0.00957	0.00479	0.00479	0.00096	0.00479	0.00383	0.00383	0.81242
43	0.03796	0.01424	0.02233	0.15206	0.41203	0.01549	0.01705	0.08006	0.01505	0.04016	0.01218	0.01612	0.00995	0.00737	0.00866	0.03477	0.08618	0.00570	0.00353	0.00909
44	0.00930	0.00626	0.00725	0.00746	0.00757	0.00622	0.00442	0.00955	0.00994	0.01323	0.02248	0.11324	0.02598	0.66501	0.02939	0.00576	0.00601	0.04257	0.00421	0.00414
45	0.01988	0.02363	0.02424	0.06147	0.18094	0.39628	0.15983	0.02295	0.01661	0.01803	0.01118	0.01410	0.00907	0.00620	0.00636	0.00185	0.01046	0.00532	0.00326	0.00833
46	0.01230	0.01036	0.01207	0.00917	0.01391	0.00797	0.00713	0.01479	0.01322	0.01999	0.01808	0.08305	0.06798	0.04351	0.00663	0.00145	0.00465	0.00608	0.00418	0.64348
47	0.05808	0.01541	0.02173	0.02207	0.21168	0.01600	0.09583	0.26835	0.04806	0.10158	0.01671	0.02050	0.01308	0.00761	0.00664	0.00205	0.00729	0.05216	0.00522	0.00996
48	0.04888	0.01495	0.01950	0.13128	0.17737	0.08105	0.05262	0.03941	0.15334	0.18896	0.01773	0.01863	0.01288	0.00709	0.00639	0.00202	0.00724	0.00611	0.00504	0.00951
49	0.00956	0.00658	0.00902	0.01027	0.01115	0.00645	0.00805	0.01118	0.01307	0.01718	0.03165	0.30070	0.03576	0.07005	0.01181	0.07701	0.00520	0.35448	0.00554	0.00529
50	0.01541	0.01349	0.01434	0.01169	0.01634	0.03674	0.00920	0.04933	0.35065	0.02441	0.01862	0.01851	0.01441	0.00684	0.00573	0.00160	0.00525	0.00556	0.00521	0.37668
51	0.01167	0.00625	0.00919	0.00892	0.00951	0.00629	0.00626	0.01014	0.00933	0.04143	0.01286	0.02052	0.01221	0.02577	0.14843	0.61435	0.00760	0.00581	0.00316	0.03030
52	0.02456	0.01810	0.01939	0.01487	0.02004	0.02004	0.01228	0.71107	0.03038	0.04072	0.01551	0.01551	0.01099	0.00776	0.00646	0.00194	0.00711	0.00582	0.00646	0.01099
53	0.00847	0.00652	0.00779	0.00798	0.00960	0.00584	0.00602	0.01066	0.01565	0.02047	0.29112	0.16189	0.32712	0.01597	0.00785	0.00227	0.00352	0.07918	0.00639	0.00570
54	0.01505	0.01439	0.02453	0.21739	0.56222	0.01511	0.01936	0.01901	0.01427	0.01997	0.01199	0.01630	0.00983	0.00593	0.00641	0.00198	0.00791	0.00575	0.00312	0.00948
55	0.01607	0.01388	0.01461	0.01315	0.01680	0.01607	0.01023	0.03433	0.72094	0.02703	0.02630	0.02411	0.01972	0.00877	0.00657	0.00219	0.00511	0.00731	0.00657	0.01023
56	0.07383	0.01108	0.01468	0.01133	0.01627	0.00978	0.00935	0.03078	0.01807	0.69688	0.02455	0.02134	0.01548	0.00788	0.00636	0.00200	0.00547	0.00633	0.00777	0.01077
57	0.00868	0.00636	0.00783	0.00872	0.00955	0.00606	0.00611	0.01040	0.03261	0.01656	0.03707	0.40692	0.14823	0.16220	0.01288	0.00328	0.00447	0.10121	0.00561	0.00526
58	0.01063	0.00677	0.00814	0.00792	0.00827	0.00685	0.00493	0.04909	0.01075	0.01440	0.04168	0.06090	0.02180	0.50222	0.02791	0.19493	0.00597	0.00869	0.00398	0.00417
59	0.00764	0.00655	0.00655	0.00655	0.00873	0.00545	0.00491	0.00927	0.01473	0.01745	0.06546	0.06218	0.73000	0.01636	0.00764	0.00218	0.00327	0.01364	0.00600	0.00545
60	0.01679	0.01314	0.01444	0.01275	0.01629	0.01465	0.01015	0.15043	0.42996	0.05473	0.09846	0.02977	0.02404	0.00991	0.00689	0.00220	0.00535	0.07391	0.00660	0.00954
61	0.01340	0.01148	0.01340	0.00957	0.01531	0.00861	0.00766	0.01627	0.01340	0.02105	0.01148	0.01340	0.00957	0.00479	0.00479	0.00096	0.00479	0.00383	0.00383	0.81242
62	0.01340	0.01148	0.01340	0.00957	0.01531	0.00861	0.00766	0.01627	0.01340	0.02105	0.01148	0.01340	0.00957	0.00479	0.00479	0.00096	0.00479	0.00383	0.00383	0.81242
63	0.01548	0.01326	0.01410	0.01272	0.01619	0.01522	0.00988	0.03245	0.66110	0.02693	0.08617	0.02616	0.02324	0.00914	0.00666	0.00218	0.00494	0.00768	0.00662	0.00988
64	0.01024	0.00639	0.00850	0.00903	0.01013	0.00587	0.00636	0.01197	0.01441	0.08882	0.20442	0.51978	0.04460	0.01733	0.00792	0.00242	0.00375	0.01558	0.00647	0.00601
65	0.00801	0.00568	0.00746	0.00882	0.00916	0.00534	0.00581	0.00903	0.01211	0.01614	0.03426	0.70407	0.04102	0.08722	0.01044	0.00295	0.00397	0.01757	0.00581	0.00513
66	0.01941	0.01280	0.01458	0.01268	0.01659	0.01384	0.01012	0.05519	0.46031	0.21625	0.02627	0.02669	0.01966	0.00917	0.00672	0.00219	0.00534	0.05513	0.00691	0.01016
67	0.02408	0.01264	0.01537	0.01209	0.01656	0.01250	0.00987	0.23854	0.05042	0.38501	0.12972	0.02408	0.02145	0.00875	0.00666	0.00199	0.00561	0.00711	0.00733	0.01022
68	0.00764	0.00655	0.00655	0.00655	0.00873	0.00545	0.00491	0.00927	0.01473	0.01745	0.06546	0.06218	0.73000	0.01636	0.00764	0.00218	0.00327	0.01364	0.00600	0.00545
69	0.01171	0.00665	0.00733	0.02521	0.00940	0.00669	0.00559	0.03490	0.01436	0.02341	0.08536	0.05912	0.03991	0.03747	0.00641	0.00190	0.00359	0.04609	0.56881	0.00608
70	0.05222	0.01104	0.01483	0.01141	0.01638	0.00964	0.00942	0.03112	0.01827	0.71626	0.02501	0.02165	0.01573	0.00794	0.00642	0.00200	0.00548	0.00641	0.00788	0.01088
71	0.01296	0.03342	0.73944	0.01842	0.02797	0.01501	0.02387	0.02046	0.01364	0.02046	0.01160	0.01364	0.00818	0.00614	0.00614	0.00205	0.00955	0.00477	0.00273	0.00955
72	0.01333	0.03296	0.70195	0.01858	0.02788	0.03581	0.04019	0.02062	0.01381	0.02034	0.01159	0.01368	0.00823	0.00614	0.00617	0.00204	0.00964	0.00483	0.00276	0.00947
73	0.07322	0.01206	0.01529	0.01179	0.01676	0.01124	0.00974	0.12462	0.01971	0.60072	0.02318	0.02044	0.01479	0.00785	0.00635	0.00199	0.00569	0.00623	0.00756	0.01077
74	0.02456	0.01810	0.01939	0.01487	0.02004	0.02004	0.01228	0.71107	0.03038	0.04072	0.01551	0.01551	0.01099	0.00776	0.00646	0.00194	0.00711	0.00582	0.00646	0.01099
75	0.02229	0.02612	0.01752	0.01573	0.01924	0.53440	0.01195	0.06836	0.18200	0.01989	0.01410	0.01477	0.01113	0.00721	0.00604	0.00180	0.00987	0.00499	0.00427	0.00833
76	0.08242	0.01655	0.02104	0.11722	0.30940	0.09996	0.01562	0.13029	0.01696	0.05959	0.01253	0.01531	0.00985	0.00677	0.00716	0.00199	0.05870	0.00543	0.00397	0.00922
77	0.00938	0.00635	0.00746	0.00746	0.00760	0.00649	0.00443	0.00966	0.00952	0.01283	0.01998	0.04019	0.02258	0.68326	0.12131	0.00677	0.00763	0.00909	0.00386	0.00414
78	0.01682	0.69787	0.10879	0.01184	0.01779	0.02445	0.01242	0.01947	0.01318	0.01576	0.00926	0.01071	0.00828	0.00559	0.00436	0.00145	0.00719	0.00360	0.00276	0.00843
79	0.01970	0.01781	0.14337	0.13997	0.08415	0.05970	0.13255	0.04906	0.01634	0.24829	0.01633	0.01766	0.01129	0.00673	0.00657	0.00203	0.00823	0.00604	0.00473	0.00946
80	0.01087	0.00999	0.04262	0.01415	0.06614	0.00918	0.07301	0.01541	0.10047	0.01960	0.05421	0.31669	0.07634	0.01492	0.00784	0.00248	0.00547	0.14820	0.00551	0.00689
81	0.01236	0.01000	0.01443	0.01817	0.17221	0.01028	0.01246	0.01748	0.10501	0.02071	0.02834	0.05413	0.02902	0.01403	0.00807	0.00264	0.00622	0.45156	0.00542	0.00744
82	0.00923	0.00692	0.01038	0.01038	0.01154	0.00808	0.00808	0.01154	0.01038	0.01500	0.01731	0.02538	0.01615	0.04846	0.74732	0.01038	0.01731	0.00692	0.00346	0.00577
83	0.48179	0.01459	0.01352	0.01106	0.01555	0.01642	0.00913	0.28532	0.01874	0.06201	0.01216	0.01289	0.00889	0.00675	0.00505	0.00198	0.00583	0.00451	0.00511	0.00869
84	0.14865	0.08073	0.01805	0.01293	0.01779	0.01785	0.01078	0.39047	0.08529	0.13058	0.01625	0.01593	0.01159	0.00741	0.00589	0.00193	0.00636	0.00548	0.00598	0.01006
85	0.38733	0.08573	0.04515	0.01359	0.04599	0.12429	0.04366	0.14294	0.01616	0.02686	0.01072	0.01222	0.00833	0.00633	0.00507	0.00189	0.00709	0.00434	0.00411	0.00821

[dist]
# distance from previous block
# <min> <max>
4	9

[block]
# block no. 1 follows, 34 sequences, length 85
# corresponding to MSA columns:
# 150-234
name=unknown_B
#
# <colnr> <probs for GDERKNQSTAVLIFYWHMCP>
#	G	D	E	R	K	N	Q	S	T	A	V	L	I	F	Y	W	H	M	C	P
0	0.01501	0.13081	0.46182	0.07463	0.02535	0.01529	0.01899	0.02070	0.01432	0.09767	0.05575	0.01645	0.01225	0.00671	0.00602	0.00196	0.00828	0.00527	0.00358	0.00914
1	0.01494	0.13442	0.43073	0.04499	0.09522	0.01618	0.03419	0.05450	0.01467	0.05027	0.01307	0.04520	0.01034	0.00675	0.00604	0.00196	0.00845	0.00546	0.00334	0.00929
2	0.01686	0.01562	0.02150	0.04655	0.04999	0.09682	0.11661	0.01929	0.01297	0.10132	0.01210	0.01612	0.01006	0.01126	0.05636	0.00288	0.37624	0.00596	0.00361	0.00788
3	0.01574	0.01687	0.09632	0.19137	0.21967	0.06896	0.14428	0.01996	0.01488	0.07292	0.03699	0.04611	0.01274	0.00692	0.00669	0.00205	0.00851	0.00660	0.00369	0.00872
4	0.01350	0.01396	0.10431	0.47126	0.07182	0.01333	0.04564	0.01787	0.01391	0.07170	0.05666	0.04996	0.01379	0.00743	0.00661	0.00213	0.00800	0.00664	0.00365	0.00782
5	0.01145	0.00666	0.01032	0.06972	0.05473	0.00687	0.00746	0.00977	0.00932	0.01245	0.01231	0.05037	0.01227	0.02009	0.02193	0.66558	0.00590	0.00616	0.00297	0.00370
6	0.06614	0.04691	0.11205	0.04253	0.35356	0.01529	0.06516	0.07856	0.01611	0.12148	0.01394	0.01607	0.01050	0.00628	0.00624	0.00195	0.00761	0.00565	0.00410	0.00988
7	0.06587	0.02185	0.10791	0.02253	0.15688	0.21361	0.17087	0.08994	0.01716	0.02212	0.04166	0.01583	0.01137	0.00650	0.00640	0.00193	0.00929	0.00575	0.00373	0.00878
8	0.01024	0.00835	0.00971	0.01092	0.03312	0.05096	0.00753	0.03999	0.01381	0.01804	0.03140	0.57567	0.03650	0.01762	0.00789	0.00248	0.00472	0.07600	0.00568	0.03939
9	0.01944	0.01521	0.01661	0.01284	0.01793	0.01561	0.01041	0.36708	0.14344	0.03192	0.01605	0.01630	0.01202	0.00696	0.00593	0.00166	0.00601	0.00542	0.00562	0.27355
10	0.01185	0.00817	0.01047	0.03994	0.03799	0.00826	0.00785	0.01575	0.11716	0.07800	0.05139	0.28904	0.08042	0.11181	0.01162	0.03960	0.00494	0.06356	0.00565	0.00652
11	0.08494	0.01613	0.02101	0.02592	0.35275	0.07334	0.03254	0.15556	0.06253	0.02523	0.01482	0.01971	0.01250	0.02608	0.00701	0.00210	0.00744	0.04665	0.00431	0.00944
12	0.01490	0.27445	0.30079	0.01713	0.02410	0.03611	0.15877	0.01978	0.01419	0.01898	0.05401	0.01536	0.01172	0.00623	0.00587	0.00184	0.00861	0.00532	0.00313	0.00870
13	0.01566	0.01546	0.02452	0.14785	0.53178	0.05879	0.04318	0.01946	0.01468	0.02000	0.01278	0.01810	0.01086	0.00636	0.00651	0.00199	0.00811	0.03128	0.00326	0.00938
14	0.01001	0.00669	0.00805	0.00830	0.00944	0.00641	0.00583	0.01220	0.04103	0.04568	0.13242	0.24976	0.11986	0.19156	0.01341	0.00322	0.00437	0.05299	0.07316	0.00560
15	0.00850	0.00631	0.00785	0.00817	0.00942	0.00576	0.00590	0.01053	0.01521	0.02040	0.31774	0.27276	0.19475	0.04780	0.00892	0.00246	0.00356	0.04199	0.00635	0.00560
16	0.01436	0.10732	0.61850	0.01730	0.02614	0.01602	0.02168	0.04184	0.01429	0.04783	0.01198	0.01369	0.00858	0.00620	0.00596	0.00197	0.00905	0.00474	0.00305	0.00952
17	0.44202	0.01463	0.01400	0.01238	0.04537	0.01654	0.00961	0.25291	0.08538	0.03241	0.01297	0.01371	0.00969	0.00684	0.00517	0.00199	0.00583	0.00473	0.00504	0.00878
18	0.06296	0.00685	0.00841	0.00902	0.01007	0.00667	0.00626	0.03278	0.01339	0.05263	0.09176	0.53659	0.03810	0.08092	0.00984	0.00279	0.00417	0.01511	0.00590	0.00577
19	0.02089	0.01699	0.01679	0.01393	0.01785	0.10909	0.01121	0.45781	0.02459	0.03183	0.01807	0.07120	0.01580	0.04259	0.03860	0.00257	0.00775	0.06748	0.00576	0.00921
20	0.02034	0.03842	0.01759	0.01682	0.08282	0.41164	0.01191	0.07121	0.09474	0.03672	0.09978	0.01863	0.01665	0.00871	0.02450	0.00202	0.00913	0.00578	0.00444	0.00816
21	0.02132	0.02610	0.01873	0.01674	0.01913	0.54189	0.01295	0.02291	0.01594	0.01574	0.00956	0.01235	0.00837	0.00797	0.01016	0.00199	0.22302	0.00458	0.00319	0.00737
22	0.01540	0.01492	0.02596	0.14210	0.59180	0.01527	0.06088	0.01940	0.01449	0.02042	0.01211	0.01626	0.00998	0.00584	0.00648	0.00197	0.00800	0.00587	0.00316	0.00970
23	0.00923	0.00692	0.01038	0.01038	0.01154	0.00808	0.00808	0.01154	0.01038	0.01500	0.01731	0.02538	0.01615	0.04846	0.74732	0.01038	0.01731	0.00692	0.00346	0.00577
24	0.01599	0.01535	0.02623	0.03966	0.73262	0.01535	0.01983	0.01983	0.01471	0.02111	0.01215	0.01599	0.01023	0.00576	0.00640	0.00192	0.00768	0.00576	0.00320	0.01023
25	0.00768	0.00653	0.00662	0.00664	0.00877	0.00547	0.00496	0.00934	0.01476	0.01765	0.08155	0.07768	0.69769	0.01637	0.00765	0.00219	0.00328	0.01369	0.00603	0.00547
26	0.00771	0.00655	0.00665	0.00663	0.00878	0.00549	0.00497	0.00942	0.01491	0.01789	0.09975	0.06146	0.69543	0.01620	0.00764	0.00217	0.00326	0.01354	0.00606	0.00549
27	0.06634	0.01114	0.01210	0.01101	0.01392	0.01233	0.00851	0.02526	0.41834	0.02675	0.28115	0.03201	0.03391	0.01020	0.00679	0.00212	0.00435	0.00865	0.00660	0.00851
28	0.51382	0.01272	0.01178	0.00999	0.01415	0.01406	0.00817	0.09587	0.06813	0.14287	0.04334	0.01545	0.01205	0.00701	0.00500	0.00201	0.00523	0.00485	0.00522	0.00827
29	0.05333	0.00930	0.01199	0.01029	0.01365	0.00842	0.00805	0.04178	0.01663	0.41041	0.06635	0.22323	0.07462	0.01200	0.00699	0.00218	0.00478	0.01026	0.00707	0.00867
30	0.01122	0.00561	0.00842	0.00842	0.00842	0.00561	0.00561	0.00842	0.00842	0.01122	0.01122	0.01964	0.01122	0.02245	0.02525	0.81201	0.00561	0.00561	0.00281	0.00281
31	0.02899	0.01100	0.01499	0.01150	0.01649	0.00950	0.00950	0.03149	0.01849	0.73709	0.02549	0.02199	0.01599	0.00800	0.00650	0.00200	0.00550	0.00650	0.00800	0.01100
32	0.17736	0.01121	0.01370	0.01091	0.01552	0.01055	0.00894	0.02850	0.04314	0.55317	0.02272	0.04400	0.01529	0.00804	0.00608	0.00203	0.00533	0.00634	0.00712	0.01002
33	0.02434	0.01754	0.01888	0.01451	0.01957	0.01931	0.01197	0.67025	0.02953	0.06182	0.01598	0.01596	0.01130	0.00776	0.00641	0.00193	0.00694	0.00584	0.02931	0.01085
34	0.00856	0.00611	0.00829	0.00978	0.01046	0.00584	0.00719	0.01019	0.01305	0.01726	0.03523	0.58037	0.04123	0.01960	0.00843	0.00272	0.00434	0.19992	0.00598	0.00544
35	0.00987	0.00650	0.00975	0.00975	0.01053	0.00728	0.00728	0.01053	0.00975	0.01378	0.01534	0.02353	0.01456	0.04006	0.51408	0.26932	0.01353	0.00650	0.00325	0.00481
36	0.68775	0.01236	0.01039	0.00906	0.01317	0.01393	0.00744	0.02117	0.03973	0.11806	0.01175	0.01248	0.00863	0.00636	0.00441	0.00201	0.00507	0.00403	0.00460	0.00763
37	0.02490	0.01755	0.01905	0.01461	0.01977	0.01923	0.01207	0.65906	0.02947	0.09402	0.01628	0.01601	0.01137	0.00777	0.00647	0.00194	0.00699	0.00587	0.00658	0.01099
38	0.01122	0.00561	0.00842	0.00842	0.00842	0.00561	0.00561	0.00842	0.00842	0.01122	0.01122	0.01964	0.01122	0.02245	0.02525	0.81201	0.00561	0.00561	0.00281	0.00281
39	0.01187	0.01442	0.15225	0.10800	0.16627	0.01135	0.01412	0.01595	0.01548	0.02204	0.30835	0.04495	0.03120	0.00958	0.00764	0.00208	0.04369	0.00828	0.00473	0.00776
40	0.00844	0.00639	0.00801	0.00869	0.00964	0.00612	0.00621	0.00995	0.01325	0.01738	0.10286	0.39478	0.19882	0.07310	0.03787	0.00305	0.02708	0.05720	0.00576	0.00540
41	0.00874	0.00659	0.00808	0.00771	0.00941	0.00593	0.00578	0.01141	0.01734	0.02366	0.55230	0.05197	0.23928	0.01405	0.00762	0.00207	0.00311	0.01221	0.00682	0.00593
42	0.02168	0.29764	0.02387	0.01465	0.01876	0.48894	0.01197	0.02349	0.01646	0.01559	0.00963	0.01119	0.00831	0.00625	0.00523	0.00156	0.00996	0.00391	0.00313	0.00778
43	0.01302	0.01232	0.02086	0.60207	0.19342	0.01457	0.01835	0.01723	0.01331	0.01750	0.01163	0.01696	0.00896	0.00631	0.00645	0.00210	0.00841	0.00575	0.00294	0.00784
44	0.01727	0.77681	0.03386	0.01106	0.01658	0.02557	0.01106	0.01935	0.01313	0.01520	0.00898	0.01036	0.00829	0.00553	0.00415	0.00138	0.00691	0.00345	0.00276	0.00829
45	0.01442	0.01309	0.01898	0.02282	0.32756	0.01171	0.01306	0.01764	0.01387	0.02086	0.01227	0.03208	0.01061	0.00571	0.00592	0.00145	0.02211	0.00504	0.00358	0.42724
46	0.00776	0.00657	0.00683	0.00683	0.00894	0.00565	0.00515	0.00944	0.01440	0.01727	0.06185	0.05943	0.67652	0.01877	0.06305	0.00280	0.00432	0.01313	0.00581	0.00548
47	0.01041	0.00744	0.01041	0.01190	0.01339	0.00744	0.01041	0.01339	0.01487	0.01934	0.03421	0.07288	0.03719	0.01785	0.00892	0.00297	0.00595	0.68913	0.00595	0.00595
48	0.01728	0.01598	0.01519	0.01361	0.01727	0.10087	0.01055	0.05520	0.61726	0.02617	0.02406	0.02239	0.01812	0.00849	0.00648	0.00212	0.00594	0.00689	0.00620	0.00993
49	0.01696	0.01381	0.02108	0.11053	0.39183	0.01438	0.01586	0.04517	0.13657	0.10266	0.05315	0.01984	0.01497	0.00705	0.00651	0.00201	0.00684	0.00641	0.00458	0.00978
50	0.02208	0.01238	0.01478	0.01206	0.01642	0.01246	0.00969	0.09379	0.25954	0.34690	0.07044	0.02341	0.01944	0.00842	0.00651	0.00201	0.00532	0.00692	0.00710	0.05034
51	0.01525	0.01743	0.03813	0.02723	0.03377	0.01634	0.70915	0.02070	0.01525	0.02070	0.01307	0.01743	0.00980	0.00545	0.00763	0.00218	0.01089	0.00763	0.00327	0.00871
52	0.01599	0.01535	0.02623	0.03966	0.73262	0.01535	0.01983	0.01983	0.01471	0.02111	0.01215	0.01599	0.01023	0.00576	0.00640	0.00192	0.00768	0.00576	0.00320	0.01023
53	0.02302	0.00975	0.01263	0.01011	0.01432	0.00837	0.00821	0.02528	0.01744	0.53593	0.03666	0.03323	0.21558	0.01034	0.00682	0.00205	0.00488	0.00849	0.00744	0.00945
54	0.00914	0.00660	0.00864	0.00813	0.00965	0.00610	0.00610	0.01219	0.01829	0.02591	0.72921	0.04827	0.06097	0.01321	0.00762	0.00203	0.00305	0.01169	0.00711	0.00610
55	0.01525	0.01743	0.03813	0.02723	0.03377	0.01634	0.70915	0.02070	0.01525	0.02070	0.01307	0.01743	0.00980	0.00545	0.00763	0.00218	0.01089	0.00763	0.00327	0.00871
56	0.02899	0.01100	0.01499	0.01150	0.01649	0.00950	0.00950	0.03149	0.01849	0.73709	0.02549	0.02199	0.01599	0.00800	0.00650	0.00200	0.00550	0.00650	0.00800	0.01100
57	0.01220	0.01148	0.01938	0.75739	0.04450	0.01436	0.01794	0.01651	0.01292	0.01651	0.01148	0.01723	0.00861	0.00646	0.00646	0.00215	0.00861	0.00574	0.00287	0.00718
58	0.01041	0.00744	0.01041	0.01190	0.01339	0.00744	0.01041	0.01339	0.01487	0.01934	0.03421	0.07288	0.03719	0.01785	0.00892	0.00297	0.00595	0.68913	0.00595	0.00595
59	0.00923	0.00692	0.01038	0.01038	0.01154	0.00808	0.00808	0.01154	0.01038	0.01500	0.01731	0.02538	0.01615	0.04846	0.74732	0.01038	0.01731	0.00692	0.00346	0.00577
60	0.02899	0.01100	0.01499	0.01150	0.01649	0.00950	0.00950	0.03149	0.01849	0.73709	0.02549	0.02199	0.01599	0.00800	0.00650	0.00200	0.00550	0.00650	0.00800	0.01100
61	0.01525	0.01743	0.03813	0.02723	0.03377	0.01634	0.70915	0.02070	0.01525	0.02070	0.01307	0.01743	0.00980	0.00545	0.00763	0.00218	0.01089	0.00763	0.00327	0.00871
62	0.09831	0.00852	0.00926	0.00846	0.00991	0.00882	0.00566	0.04942	0.05990	0.09142	0.01985	0.03425	0.02009	0.52266	0.02400	0.00488	0.00602	0.00815	0.00465	0.00575
63	0.00800	0.00641	0.00715	0.00728	0.00903	0.00556	0.00534	0.00985	0.01511	0.01911	0.20259	0.17406	0.47515	0.01632	0.00773	0.00222	0.00330	0.01399	0.00624	0.00556
64	0.01651	0.01410	0.01486	0.01324	0.01697	0.01628	0.01033	0.06930	0.68527	0.02774	0.02574	0.02366	0.01927	0.00871	0.00657	0.00218	0.00522	0.00723	0.00657	0.01027
65	0.00905	0.00660	0.00851	0.00803	0.00960	0.00606	0.00603	0.01202	0.01808	0.02540	0.68942	0.04910	0.10107	0.01340	0.00762	0.00204	0.00306	0.01180	0.00705	0.00606
66	0.15883	0.00875	0.01012	0.00921	0.01202	0.00839	0.00720	0.01780	0.01516	0.21915	0.14018	0.14700	0.13366	0.03389	0.00756	0.00231	0.00448	0.05068	0.00630	0.00731
67	0.00804	0.00574	0.00769	0.00919	0.00964	0.00539	0.00629	0.00929	0.01254	0.01668	0.03552	0.72293	0.04237	0.02009	0.00829	0.00265	0.00389	0.06250	0.00599	0.00529
68	0.00787	0.00562	0.00750	0.00900	0.00937	0.00525	0.00600	0.00900	0.01237	0.01649	0.03561	0.76871	0.04274	0.02024	0.00825	0.00262	0.00375	0.01837	0.00600	0.00525
69	0.00787	0.00562	0.00750	0.00900	0.00937	0.00525	0.00600	0.00900	0.01237	0.01649	0.03561	0.76871	0.04274	0.02024	0.00825	0.00262	0.00375	0.01837	0.00600	0.00525
70	0.37591	0.01148	0.01226	0.00998	0.01442	0.01157	0.00822	0.02541	0.01502	0.40016	0.01807	0.01701	0.01205	0.00710	0.00533	0.00198	0.00519	0.00516	0.03462	0.00906
71	0.07129	0.01733	0.01831	0.01431	0.01926	0.01930	0.01176	0.60091	0.09930	0.03863	0.01622	0.01608	0.01164	0.00775	0.00633	0.00197	0.00678	0.00583	0.00633	0.01067
72	0.00899	0.00672	0.00846	0.00864	0.01025	0.00619	0.00677	0.01156	0.01631	0.02183	0.37139	0.10032	0.21688	0.01543	0.00795	0.00231	0.00379	0.16385	0.00652	0.00586
73	0.59335	0.01137	0.01011	0.00927	0.01289	0.01265	0.00771	0.01906	0.01255	0.09324	0.04172	0.02234	0.01441	0.00823	0.00511	0.00215	0.00511	0.10675	0.00478	0.00718
74	0.00786	0.00567	0.00745	0.00887	0.00934	0.00526	0.00594	0.00901	0.01249	0.01654	0.03715	0.73221	0.07824	0.02004	0.00822	0.00260	0.00372	0.01812	0.00600	0.00526
75	0.02413	0.01827	0.01912	0.01483	0.01987	0.04161	0.01218	0.65683	0.06442	0.03929	0.01588	0.01583	0.01134	0.00777	0.00645	0.00194	0.00715	0.00584	0.00638	0.01085
76	0.01173	0.00905	0.01295	0.01302	0.01518	0.00922	0.05821	0.04294	0.07585	0.02120	0.06024	0.06165	0.03378	0.01564	0.00848	0.00277	0.00614	0.52935	0.00589	0.00671
77	0.00933	0.00686	0.01029	0.01029	0.01138	0.00795	0.00795	0.01138	0.01029	0.01481	0.01700	0.02510	0.01591	0.04716	0.71134	0.05032	0.01672	0.00686	0.00343	0.00562
78	0.06634	0.09825	0.62859	0.01711	0.02593	0.01591	0.02162	0.02027	0.01342	0.02055	0.01119	0.01314	0.00812	0.00608	0.00582	0.00198	0.00901	0.00457	0.00282	0.00927
79	0.01965	0.03861	0.23265	0.04140	0.09204	0.19147	0.07746	0.06591	0.01683	0.14211	0.01394	0.01530	0.01007	0.00658	0.00627	0.00193	0.00908	0.00533	0.00410	0.00928
80	0.01686	0.01586	0.02521	0.05834	0.62977	0.03361	0.01891	0.08277	0.01617	0.02263	0.01239	0.01588	0.01021	0.00598	0.00639	0.00192	0.00775	0.00572	0.00349	0.01014
81	0.00950	0.00746	0.01094	0.08319	0.03146	0.00747	0.03882	0.03946	0.01335	0.01779	0.03090	0.61384	0.03590	0.01740	0.00793	0.00251	0.00477	0.01585	0.00553	0.00594
82	0.01662	0.01842	0.02064	0.07411	0.02099	0.20514	0.06167	0.01860	0.01265	0.01604	0.00941	0.01396	0.00854	0.00935	0.01521	0.00243	0.46051	0.00541	0.00299	0.00730
83	0.05351	0.01153	0.01320	0.00952	0.01517	0.00891	0.00762	0.01641	0.01328	0.02145	0.01136	0.01325	0.00944	0.00485	0.00475	0.00101	0.00480	0.00381	0.00384	0.77229
84	0.02042	0.31753	0.09406	0.01467	0.01945	0.39912	0.01304	0.02281	0.01587	0.01603	0.00976	0.01135	0.00830	0.00617	0.00521	0.00159	0.00963	0.00395	0.00305	0.00800

[dist]
# distance from previous block
# <min> <max>
0	4

[block]
# block no. 2 follows, 34 sequences, length 23
# corresponding to MSA columns:
# 239-261
name=unknown_C
#
# <colnr> <probs for GDERKNQSTAVLIFYWHMCP>
#	G	D	E	R	K	N	Q	S	T	A	V	L	I	F	Y	W	H	M	C	P
0	0.01839	0.01625	0.02508	0.04469	0.39778	0.07851	0.13064	0.02292	0.05469	0.12473	0.01482	0.01719	0.01132	0.00629	0.00658	0.00197	0.00811	0.00612	0.00410	0.00979
1	0.04377	0.04434	0.07292	0.20946	0.16075	0.03264	0.14636	0.01872	0.01344	0.04197	0.01199	0.01665	0.00972	0.03065	0.00941	0.00228	0.11750	0.00595	0.00324	0.00825
2	0.01608	0.01851	0.11653	0.05109	0.42801	0.03693	0.15685	0.05840	0.01561	0.02176	0.01237	0.01587	0.00984	0.00590	0.00660	0.00199	0.00866	0.00596	0.00333	0.00973
3	0.01275	0.04021	0.08811	0.01583	0.05012	0.01112	0.16016	0.04017	0.01487	0.05757	0.10605	0.28239	0.02802	0.01227	0.00789	0.00228	0.03093	0.02683	0.00500	0.00742
4	0.03364	0.06223	0.12355	0.13322	0.07500	0.21666	0.04551	0.02077	0.03612	0.05675	0.01650	0.06703	0.03405	0.00822	0.00639	0.00201	0.00858	0.04188	0.00387	0.00801
5	0.01364	0.02642	0.50557	0.18499	0.03060	0.01468	0.02116	0.02081	0.05281	0.05050	0.01298	0.01539	0.00925	0.00644	0.00625	0.00208	0.00892	0.00521	0.00320	0.00911
6	0.01769	0.10911	0.02731	0.02351	0.19107	0.01688	0.21782	0.13912	0.01744	0.06679	0.01503	0.02043	0.01241	0.00727	0.00723	0.00205	0.03529	0.06004	0.00422	0.00927
7	0.01359	0.01386	0.02427	0.48162	0.06496	0.03799	0.18867	0.01790	0.01355	0.01764	0.01167	0.01687	0.00895	0.00649	0.00763	0.00218	0.05536	0.00615	0.00299	0.00767
8	0.01247	0.01200	0.02102	0.69369	0.04357	0.01453	0.07825	0.01687	0.01312	0.01687	0.01162	0.01724	0.00872	0.00637	0.00656	0.00216	0.00881	0.00591	0.00291	0.00731
9	0.01122	0.00561	0.00842	0.00842	0.00842	0.00561	0.00561	0.00842	0.00842	0.01122	0.01122	0.01964	0.01122	0.02245	0.02525	0.81201	0.00561	0.00561	0.00281	0.00281
10	0.01519	0.13515	0.48756	0.01854	0.05737	0.03711	0.07427	0.02113	0.01418	0.06387	0.01218	0.01404	0.00890	0.00611	0.00600	0.00194	0.00901	0.00494	0.00314	0.00937
11	0.01755	0.01848	0.05944	0.15145	0.24019	0.18068	0.07093	0.02096	0.01518	0.07460	0.01350	0.04880	0.01119	0.00714	0.00711	0.00201	0.04243	0.00610	0.00363	0.00863
12	0.01941	0.00867	0.01165	0.01017	0.01323	0.00765	0.00786	0.02152	0.01643	0.40660	0.11106	0.25974	0.05262	0.01270	0.00721	0.00220	0.00460	0.01104	0.00721	0.00846
13	0.00785	0.00570	0.00742	0.00879	0.00932	0.00527	0.00591	0.00902	0.01257	0.01658	0.03815	0.70869	0.10111	0.01991	0.00820	0.00259	0.00371	0.01797	0.00600	0.00527
14	0.01605	0.08771	0.27887	0.06867	0.23761	0.01556	0.08733	0.02109	0.01453	0.09296	0.01309	0.01550	0.00979	0.00611	0.00624	0.00197	0.00842	0.00547	0.00347	0.00957
15	0.01497	0.07367	0.12713	0.11840	0.02488	0.01355	0.18689	0.01919	0.01493	0.11223	0.12927	0.02234	0.01874	0.01057	0.06111	0.00266	0.02989	0.00703	0.00433	0.00820
16	0.02747	0.01066	0.01451	0.01124	0.01597	0.00924	0.00924	0.03001	0.01848	0.68263	0.07938	0.02400	0.01944	0.00840	0.00658	0.00200	0.00531	0.00689	0.00793	0.01062
17	0.01585	0.02938	0.60900	0.01717	0.02590	0.01401	0.02128	0.02245	0.01452	0.14950	0.01410	0.01515	0.00959	0.00647	0.00620	0.00204	0.00882	0.00508	0.00368	0.00981
18	0.01529	0.02284	0.31261	0.09559	0.08909	0.09433	0.08750	0.02025	0.01485	0.07437	0.03662	0.04559	0.04753	0.00748	0.00653	0.00204	0.00864	0.00644	0.00371	0.00871
19	0.01424	0.06521	0.49308	0.02089	0.06513	0.01601	0.16679	0.04608	0.01463	0.02104	0.01195	0.01447	0.00874	0.00600	0.00638	0.00203	0.00951	0.00540	0.00301	0.00940
20	0.01368	0.03183	0.66725	0.01867	0.02784	0.01533	0.05707	0.05654	0.01460	0.02153	0.01187	0.01393	0.00841	0.00619	0.00623	0.00205	0.00949	0.00497	0.00295	0.00958
21	0.01673	0.01718	0.16076	0.16428	0.25548	0.01394	0.05178	0.02184	0.04642	0.14348	0.01552	0.01885	0.01169	0.00681	0.00652	0.00206	0.00784	0.02527	0.00410	0.00946
22	0.01598	0.04560	0.16066	0.13610	0.05467	0.04280	0.03386	0.03685	0.03144	0.15333	0.02037	0.14423	0.01833	0.00991	0.00682	0.00219	0.00716	0.06657	0.00479	0.00835

[dist]
# distance from previous block
# <min> <max>
2	10

[block]
# block no. 3 follows, 34 sequences, length 16
# corresponding to MSA columns:
# 272-287
name=unknown_D
#
# <colnr> <probs for GDERKNQSTAVLIFYWHMCP>
#	G	D	E	R	K	N	Q	S	T	A	V	L	I	F	Y	W	H	M	C	P
0	0.01899	0.01356	0.01715	0.03282	0.01874	0.01415	0.06277	0.14349	0.23594	0.16219	0.02053	0.05455	0.01567	0.00827	0.00717	0.00200	0.04269	0.00686	0.00591	0.11656
1	0.51797	0.01213	0.01143	0.07564	0.01598	0.01384	0.00854	0.04025	0.09930	0.05817	0.07874	0.01688	0.01418	0.00718	0.00504	0.00204	0.00523	0.00511	0.00474	0.00761
2	0.01154	0.00924	0.01282	0.07803	0.05274	0.01008	0.04116	0.04190	0.08123	0.01699	0.01896	0.06193	0.01899	0.32980	0.16384	0.00548	0.02677	0.00826	0.00409	0.00616
3	0.01447	0.01069	0.01447	0.21284	0.04163	0.04202	0.02688	0.06123	0.01652	0.11444	0.24448	0.06530	0.02925	0.06708	0.00890	0.00239	0.00608	0.00860	0.00539	0.00737
4	0.02169	0.06990	0.01910	0.01384	0.01885	0.01875	0.01145	0.49253	0.13576	0.03498	0.01637	0.01630	0.01204	0.00748	0.00616	0.00185	0.00657	0.00570	0.00598	0.08470
5	0.02339	0.02923	0.01797	0.01632	0.01968	0.67948	0.01228	0.02659	0.08320	0.01685	0.01149	0.01280	0.00938	0.00685	0.00590	0.00171	0.01105	0.00445	0.00363	0.00774
6	0.01470	0.06425	0.54394	0.01934	0.05229	0.01557	0.09736	0.04471	0.01464	0.05580	0.01247	0.01446	0.00892	0.00617	0.00625	0.00202	0.00923	0.00518	0.00319	0.00954
7	0.01526	0.42918	0.36382	0.01450	0.02191	0.02063	0.01705	0.01987	0.01337	0.01766	0.01020	0.01190	0.00824	0.00581	0.00508	0.00169	0.00814	0.00407	0.00275	0.00888
8	0.01220	0.01148	0.01938	0.75739	0.04450	0.01436	0.01794	0.01651	0.01292	0.01651	0.01148	0.01723	0.00861	0.00646	0.00646	0.00215	0.00861	0.00574	0.00287	0.00718
9	0.00975	0.00801	0.01088	0.06774	0.09315	0.00766	0.00852	0.01251	0.01598	0.02124	0.30967	0.04924	0.27220	0.01335	0.00752	0.00217	0.00433	0.07379	0.00588	0.00641
10	0.02082	0.07996	0.05703	0.02259	0.22554	0.30141	0.01501	0.15996	0.01906	0.02249	0.01172	0.01367	0.00940	0.00651	0.00601	0.00179	0.00914	0.00493	0.00384	0.00914
11	0.16059	0.01329	0.01534	0.01196	0.01684	0.01337	0.00988	0.22510	0.02065	0.41738	0.01984	0.01819	0.01304	0.00759	0.00607	0.00198	0.00588	0.00580	0.00688	0.01032
12	0.01596	0.01545	0.02681	0.03905	0.69829	0.01540	0.05369	0.01987	0.01474	0.02109	0.01220	0.01606	0.01021	0.00574	0.00646	0.00193	0.00783	0.00585	0.00320	0.01016
13	0.00764	0.00655	0.00655	0.00655	0.00873	0.00545	0.00491	0.00927	0.01473	0.01745	0.06546	0.06218	0.73000	0.01636	0.00764	0.00218	0.00327	0.01364	0.00600	0.00545
14	0.00935	0.00644	0.00791	0.00791	0.00821	0.00673	0.00500	0.00995	0.00965	0.01317	0.01957	0.03790	0.02159	0.58491	0.21830	0.00733	0.00913	0.00875	0.00380	0.00440
15	0.01553	0.01488	0.02540	0.12681	0.64906	0.01523	0.01960	0.01943	0.01449	0.02055	0.01207	0.01614	0.01004	0.00584	0.00640	0.00195	0.00779	0.00576	0.00316	0.00986

[dist]
# distance from previous block
# <min> <max>
0	2

# created by:
# /home/berkeley/.conda/envs/busco_data_prod/bin/msa2prfl.pl pipeline/OGs_align_augustus/4893/32206.fs
