[name]
unknown

[dist]
# distance from previous block
# <min> <max>
0	9

[block]
# block no. 0 follows, 24 sequences, length 9
# corresponding to MSA columns:
# 9-17
name=unknown_A
#
# <colnr> <probs for GDERKNQSTAVLIFYWHMCP>
#	G	D	E	R	K	N	Q	S	T	A	V	L	I	F	Y	W	H	M	C	P
0	0.01496	0.01083	0.01242	0.01165	0.01450	0.01077	0.00896	0.08365	0.09264	0.06370	0.13091	0.11919	0.23876	0.06499	0.03096	0.00337	0.00596	0.06574	0.00756	0.00847
1	0.04823	0.07919	0.10248	0.02444	0.17742	0.04257	0.05136	0.07541	0.11998	0.02896	0.08306	0.02357	0.01990	0.00871	0.00753	0.00228	0.00842	0.00745	0.00539	0.08364
2	0.01111	0.00765	0.00896	0.00924	0.00956	0.00759	0.00560	0.01162	0.01256	0.01667	0.03093	0.15080	0.07111	0.53080	0.07694	0.00705	0.00790	0.01329	0.00531	0.00532
3	0.01912	0.21446	0.20330	0.01776	0.04985	0.14420	0.01691	0.02338	0.01735	0.02196	0.01762	0.09184	0.01629	0.03229	0.00796	0.00238	0.00959	0.00743	0.07664	0.00968
4	0.02109	0.08789	0.01980	0.01408	0.01969	0.01714	0.01146	0.07693	0.26206	0.09799	0.02351	0.02309	0.01775	0.00869	0.00698	0.00206	0.00647	0.00695	0.04952	0.22683
5	0.01316	0.01082	0.01517	0.01356	0.01628	0.01083	0.06904	0.02007	0.13490	0.02850	0.33524	0.15022	0.07754	0.01820	0.04695	0.00323	0.00623	0.01393	0.00765	0.00849
6	0.01160	0.00816	0.01126	0.01134	0.01246	0.00907	0.00835	0.01385	0.01294	0.01883	0.02342	0.06545	0.02319	0.19209	0.46427	0.01032	0.01614	0.00965	0.07101	0.00660
7	0.00990	0.00717	0.00926	0.01083	0.01156	0.00667	0.00741	0.01139	0.01545	0.02031	0.04619	0.58825	0.10966	0.05829	0.01157	0.00341	0.00484	0.05417	0.00723	0.00643
8	0.02500	0.02185	0.11481	0.04974	0.20246	0.05187	0.01878	0.13682	0.08528	0.18200	0.02089	0.02161	0.01498	0.00864	0.00784	0.00243	0.00897	0.00721	0.00631	0.01252

[dist]
# distance from previous block
# <min> <max>
1	10

[block]
# block no. 1 follows, 24 sequences, length 15
# corresponding to MSA columns:
# 28-42
name=unknown_B
#
# <colnr> <probs for GDERKNQSTAVLIFYWHMCP>
#	G	D	E	R	K	N	Q	S	T	A	V	L	I	F	Y	W	H	M	C	P
0	0.12943	0.06285	0.13553	0.20466	0.03233	0.05852	0.04505	0.09403	0.05113	0.02717	0.01570	0.02012	0.01235	0.03775	0.03887	0.00312	0.01028	0.00661	0.00456	0.00995
1	0.06484	0.13719	0.02542	0.02038	0.10682	0.07151	0.07786	0.09296	0.07589	0.06001	0.02614	0.06368	0.09039	0.04202	0.00909	0.00261	0.00842	0.00884	0.00563	0.01029
2	0.01177	0.00868	0.01070	0.01119	0.01265	0.00847	0.00797	0.04717	0.04985	0.02481	0.17566	0.39498	0.09940	0.06392	0.01157	0.00324	0.00496	0.03818	0.00756	0.00728
3	0.01151	0.00798	0.00975	0.00995	0.01169	0.00726	0.00712	0.01363	0.01766	0.05741	0.18978	0.26392	0.23561	0.07706	0.03953	0.00360	0.00527	0.01679	0.00747	0.00702
4	0.02932	0.02180	0.02334	0.01808	0.02428	0.02421	0.01487	0.59782	0.08621	0.04865	0.02008	0.01987	0.01433	0.00962	0.00794	0.00240	0.00853	0.00728	0.00794	0.01341
5	0.01983	0.02244	0.16320	0.11649	0.18185	0.01841	0.07606	0.14931	0.02151	0.04652	0.02067	0.02350	0.05428	0.00874	0.00795	0.00246	0.00960	0.00768	0.03817	0.01134
6	0.01377	0.00689	0.01033	0.01033	0.01033	0.00689	0.00689	0.01033	0.01033	0.01377	0.01377	0.02410	0.01377	0.02755	0.03099	0.76928	0.00689	0.00689	0.00344	0.00344
7	0.02281	0.11119	0.02611	0.06557	0.10065	0.18324	0.04138	0.09039	0.18526	0.02687	0.01840	0.02003	0.01452	0.00893	0.00853	0.00238	0.05063	0.00682	0.00531	0.01100
8	0.02400	0.01665	0.01787	0.01474	0.01947	0.01825	0.01183	0.29854	0.18768	0.07924	0.02485	0.02483	0.01828	0.00978	0.00737	0.00233	0.00672	0.00771	0.19814	0.01172
9	0.01908	0.02210	0.16772	0.09610	0.02708	0.05606	0.04771	0.12458	0.10518	0.04758	0.07367	0.02859	0.05078	0.05368	0.00996	0.00280	0.00888	0.00840	0.03960	0.01044
10	0.01270	0.00888	0.01073	0.01027	0.01265	0.00839	0.00786	0.01702	0.05929	0.05842	0.33600	0.07585	0.20983	0.01842	0.03762	0.00302	0.00504	0.04380	0.05636	0.00782
11	0.01749	0.05542	0.13674	0.15642	0.07019	0.01708	0.04503	0.11318	0.04401	0.02753	0.07931	0.02689	0.02013	0.06818	0.05025	0.00345	0.00970	0.00803	0.04104	0.00993
12	0.06148	0.00961	0.01078	0.01081	0.01280	0.00957	0.00770	0.04241	0.07417	0.04406	0.07354	0.29320	0.17108	0.12563	0.01384	0.00359	0.00539	0.01579	0.00705	0.00749
13	0.02285	0.06311	0.21074	0.02055	0.02794	0.05089	0.07962	0.27966	0.04990	0.03464	0.01779	0.04496	0.01383	0.00929	0.00860	0.00248	0.03820	0.00741	0.00567	0.01186
14	0.15083	0.08806	0.01893	0.01435	0.01859	0.14534	0.01151	0.13092	0.08284	0.02952	0.02429	0.02614	0.08809	0.03997	0.00907	0.00255	0.03631	0.00745	0.06563	0.00962

[dist]
# distance from previous block
# <min> <max>
2	12

[block]
# block no. 2 follows, 24 sequences, length 12
# corresponding to MSA columns:
# 55-66
name=unknown_C
#
# <colnr> <probs for GDERKNQSTAVLIFYWHMCP>
#	G	D	E	R	K	N	Q	S	T	A	V	L	I	F	Y	W	H	M	C	P
0	0.06151	0.12781	0.12819	0.01900	0.05303	0.04951	0.03669	0.15158	0.15663	0.03080	0.01909	0.04044	0.01522	0.00922	0.00813	0.00240	0.04010	0.00710	0.00561	0.03795
1	0.05589	0.14343	0.05325	0.01764	0.04356	0.17433	0.04647	0.09307	0.02043	0.05937	0.02580	0.06248	0.11115	0.01096	0.00851	0.00236	0.04781	0.00838	0.00532	0.00980
2	0.01646	0.01229	0.01333	0.01179	0.01552	0.03206	0.00936	0.08910	0.06361	0.06316	0.12559	0.04901	0.20445	0.01414	0.00832	0.00242	0.00568	0.07482	0.08096	0.10794
3	0.01146	0.00897	0.01006	0.01032	0.01208	0.00876	0.00722	0.01601	0.11109	0.02209	0.07382	0.25481	0.24978	0.14900	0.01510	0.00376	0.00519	0.01627	0.00705	0.00717
4	0.12469	0.00920	0.01054	0.01014	0.01229	0.00941	0.00760	0.01503	0.01707	0.02588	0.26016	0.04853	0.14935	0.10633	0.15489	0.00527	0.00827	0.01171	0.00654	0.00712
5	0.01039	0.00819	0.01114	0.11306	0.01775	0.00815	0.00928	0.01248	0.01584	0.02047	0.04637	0.48960	0.16505	0.02141	0.00965	0.00303	0.00537	0.01912	0.00679	0.00684
6	0.01571	0.01314	0.01529	0.01129	0.01729	0.01014	0.00871	0.01871	0.01571	0.02429	0.01571	0.02171	0.01428	0.11207	0.01099	0.00214	0.00614	0.00571	0.00471	0.65624
7	0.01709	0.01357	0.01580	0.01254	0.01770	0.01199	0.00982	0.12961	0.02087	0.03019	0.11645	0.12867	0.02755	0.01092	0.00740	0.00189	0.00587	0.00925	0.00628	0.40652
8	0.01473	0.01285	0.01565	0.12891	0.06867	0.04782	0.01237	0.06930	0.05242	0.02476	0.06871	0.19945	0.18242	0.01618	0.00899	0.00277	0.00687	0.05220	0.00645	0.00848
9	0.05811	0.01931	0.05739	0.02182	0.10682	0.10484	0.09126	0.06476	0.01815	0.02511	0.01959	0.12349	0.01874	0.03723	0.04088	0.00312	0.07240	0.00920	0.03388	0.07392
10	0.01897	0.01526	0.01983	0.04972	0.13456	0.01337	0.01298	0.07148	0.01870	0.06218	0.01603	0.01852	0.01275	0.00681	0.00657	0.00164	0.00689	0.00570	0.03676	0.47127
11	0.24921	0.01942	0.06074	0.01900	0.11204	0.07586	0.01387	0.06262	0.04202	0.05266	0.01490	0.01727	0.01179	0.00962	0.03281	0.00257	0.03007	0.00566	0.00497	0.16288

[dist]
# distance from previous block
# <min> <max>
0	1

[block]
# block no. 3 follows, 24 sequences, length 11
# corresponding to MSA columns:
# 68-78
name=unknown_D
#
# <colnr> <probs for GDERKNQSTAVLIFYWHMCP>
#	G	D	E	R	K	N	Q	S	T	A	V	L	I	F	Y	W	H	M	C	P
0	0.01157	0.00841	0.01052	0.01147	0.01265	0.00814	0.00799	0.06853	0.01769	0.02354	0.07273	0.58531	0.08582	0.02278	0.00984	0.00308	0.00490	0.02043	0.00748	0.00714
1	0.01754	0.02031	0.10701	0.08518	0.26751	0.03963	0.10593	0.02455	0.08853	0.02516	0.02446	0.06172	0.07770	0.00974	0.00829	0.00254	0.00939	0.00909	0.00480	0.01092
2	0.01090	0.00881	0.01057	0.01202	0.06268	0.00800	0.00781	0.01296	0.01711	0.02160	0.10866	0.10728	0.38611	0.14142	0.01478	0.00360	0.00527	0.04678	0.00675	0.00690
3	0.01616	0.01744	0.08087	0.02195	0.17629	0.08723	0.01467	0.02095	0.05203	0.02524	0.11249	0.11941	0.10615	0.01314	0.00834	0.00253	0.00747	0.03712	0.07118	0.00934
4	0.01036	0.00829	0.00916	0.00904	0.01134	0.00713	0.00649	0.01231	0.01710	0.02174	0.11046	0.17174	0.39781	0.09720	0.01265	0.00319	0.00464	0.01597	0.00698	0.06640
5	0.04034	0.09555	0.11160	0.10405	0.07090	0.21054	0.05386	0.05577	0.07518	0.02499	0.06806	0.02120	0.01704	0.00868	0.00750	0.00232	0.01054	0.00689	0.00476	0.01022
6	0.01050	0.00752	0.00875	0.00934	0.01036	0.00699	0.00618	0.01187	0.01531	0.02022	0.08556	0.28338	0.19682	0.23392	0.01886	0.00433	0.00530	0.01654	0.04214	0.00612
7	0.11045	0.11323	0.06129	0.05142	0.15808	0.06155	0.01552	0.05320	0.01742	0.02524	0.05914	0.07636	0.01952	0.03500	0.06323	0.00341	0.05348	0.00808	0.00474	0.00966
8	0.08494	0.01269	0.01713	0.09281	0.02132	0.01365	0.06052	0.09059	0.01784	0.05337	0.04150	0.10202	0.05730	0.17229	0.03834	0.00422	0.04095	0.06450	0.00579	0.00824
9	0.09855	0.11905	0.04765	0.01584	0.02018	0.30344	0.01290	0.05624	0.02024	0.02395	0.07225	0.08608	0.07079	0.01102	0.00732	0.00227	0.00979	0.00826	0.00516	0.00901
10	0.02334	0.23307	0.13290	0.01818	0.02409	0.23949	0.01688	0.09294	0.02048	0.02386	0.03850	0.01675	0.01308	0.00859	0.00831	0.00219	0.06711	0.00571	0.00431	0.01024

[dist]
# distance from previous block
# <min> <max>
0	10

[block]
# block no. 4 follows, 24 sequences, length 7
# corresponding to MSA columns:
# 89-95
name=unknown_E
#
# <colnr> <probs for GDERKNQSTAVLIFYWHMCP>
#	G	D	E	R	K	N	Q	S	T	A	V	L	I	F	Y	W	H	M	C	P
0	0.08381	0.08609	0.16609	0.09901	0.06660	0.01773	0.07831	0.05779	0.01831	0.12511	0.01801	0.04211	0.01391	0.01085	0.04084	0.00289	0.00986	0.00712	0.00507	0.05048
1	0.06263	0.14287	0.12483	0.09837	0.09417	0.01958	0.10295	0.08905	0.01861	0.02595	0.01851	0.11072	0.01708	0.03055	0.00862	0.00262	0.00931	0.00873	0.00468	0.01018
2	0.01315	0.04351	0.04135	0.01207	0.01452	0.01036	0.03521	0.05647	0.01856	0.02560	0.19450	0.24915	0.07887	0.10292	0.01274	0.00328	0.00578	0.01464	0.05970	0.00762
3	0.01473	0.01218	0.05848	0.01231	0.01505	0.01046	0.00964	0.04894	0.08752	0.05903	0.03335	0.26048	0.07365	0.13936	0.01611	0.06699	0.00637	0.01361	0.00639	0.05532
4	0.01942	0.08070	0.06427	0.02019	0.02547	0.14109	0.16751	0.02571	0.09550	0.02390	0.01906	0.06876	0.01645	0.01181	0.04210	0.00287	0.04738	0.00816	0.04698	0.07268
5	0.02066	0.06110	0.10067	0.07943	0.14087	0.09762	0.11699	0.05465	0.05656	0.05805	0.01710	0.02001	0.01315	0.00775	0.00753	0.00227	0.00990	0.00689	0.05510	0.07372
6	0.01118	0.00921	0.01192	0.01151	0.01370	0.00864	0.04681	0.01499	0.07004	0.02280	0.10659	0.28426	0.28092	0.05639	0.01114	0.00311	0.00515	0.01714	0.00719	0.00731

[dist]
# distance from previous block
# <min> <max>
0	2

[block]
# block no. 5 follows, 24 sequences, length 12
# corresponding to MSA columns:
# 98-109
name=unknown_F
#
# <colnr> <probs for GDERKNQSTAVLIFYWHMCP>
#	G	D	E	R	K	N	Q	S	T	A	V	L	I	F	Y	W	H	M	C	P
0	0.05599	0.06023	0.09898	0.01783	0.05290	0.04501	0.05511	0.07835	0.10013	0.07770	0.07132	0.07006	0.02418	0.06193	0.01078	0.00293	0.02738	0.04446	0.03461	0.01012
1	0.07322	0.01292	0.01588	0.01438	0.04831	0.01294	0.04665	0.11470	0.04716	0.08060	0.06482	0.05600	0.14347	0.01347	0.03150	0.00271	0.00662	0.00982	0.16149	0.04335
2	0.01124	0.00818	0.01009	0.01013	0.01160	0.00754	0.00708	0.01327	0.01680	0.02298	0.21890	0.21709	0.09701	0.20337	0.01753	0.00402	0.00537	0.04995	0.00689	0.06095
3	0.09518	0.01849	0.04490	0.05621	0.06897	0.10080	0.07915	0.08178	0.09469	0.02844	0.04931	0.05891	0.01995	0.06053	0.00986	0.00279	0.00849	0.00841	0.10350	0.00964
4	0.16105	0.02035	0.02288	0.08674	0.09035	0.13361	0.08648	0.09679	0.01970	0.02851	0.01553	0.05089	0.01307	0.00830	0.00716	0.00223	0.00933	0.00684	0.00487	0.13533
5	0.23973	0.01857	0.01623	0.01531	0.05541	0.12724	0.01108	0.15589	0.02056	0.03199	0.01714	0.02224	0.01444	0.09847	0.01067	0.00294	0.00806	0.00657	0.11816	0.00931
6	0.07177	0.01586	0.06561	0.16624	0.08861	0.04415	0.03662	0.04091	0.05368	0.02546	0.09564	0.14815	0.08963	0.01290	0.00836	0.00265	0.00780	0.01122	0.00567	0.00906
7	0.02077	0.08471	0.13244	0.07281	0.07446	0.04456	0.06249	0.02521	0.01814	0.16008	0.06599	0.04951	0.01935	0.01255	0.04838	0.00305	0.05704	0.00799	0.00548	0.03498
8	0.01126	0.00773	0.00857	0.00857	0.00891	0.00756	0.00496	0.01151	0.01236	0.01614	0.03198	0.05498	0.10971	0.63267	0.03644	0.00705	0.00722	0.01219	0.00513	0.00504
9	0.01322	0.00703	0.01004	0.01004	0.01038	0.00686	0.00678	0.01046	0.01131	0.01474	0.02219	0.03070	0.09655	0.02660	0.02826	0.67238	0.00652	0.00813	0.00394	0.00385
10	0.01743	0.05910	0.39498	0.05177	0.06757	0.02035	0.02410	0.05104	0.06259	0.02522	0.01493	0.01806	0.01144	0.00896	0.01089	0.00266	0.13742	0.00639	0.00394	0.01116
11	0.02033	0.25806	0.17841	0.05571	0.10903	0.06948	0.06612	0.06223	0.06420	0.02451	0.01482	0.01722	0.01180	0.00757	0.00696	0.00221	0.01005	0.00604	0.00415	0.01109

[dist]
# distance from previous block
# <min> <max>
0	1

[block]
# block no. 6 follows, 24 sequences, length 6
# corresponding to MSA columns:
# 111-116
name=unknown_G
#
# <colnr> <probs for GDERKNQSTAVLIFYWHMCP>
#	G	D	E	R	K	N	Q	S	T	A	V	L	I	F	Y	W	H	M	C	P
0	0.01027	0.00733	0.00990	0.01173	0.01246	0.00696	0.00841	0.01209	0.01578	0.02092	0.04337	0.59437	0.05112	0.02427	0.01028	0.00330	0.00513	0.13833	0.00735	0.00661
1	0.07598	0.01945	0.02152	0.01815	0.02154	0.17288	0.12158	0.06471	0.01785	0.02312	0.01930	0.09271	0.01884	0.12707	0.09570	0.00458	0.06256	0.00918	0.00481	0.00847
2	0.01138	0.00830	0.01173	0.01173	0.01279	0.00936	0.00864	0.01351	0.01244	0.01765	0.02217	0.03631	0.02206	0.22413	0.52830	0.01149	0.01787	0.00925	0.00439	0.00651
3	0.02062	0.15362	0.12588	0.09548	0.16730	0.02026	0.03971	0.05439	0.09692	0.09072	0.01916	0.02310	0.01513	0.00864	0.00752	0.00240	0.00906	0.03351	0.00512	0.01144
4	0.01579	0.01087	0.01283	0.01155	0.01474	0.01043	0.00891	0.04883	0.09577	0.07577	0.19944	0.08045	0.08822	0.06336	0.01058	0.00279	0.00538	0.06059	0.08034	0.10337
5	0.07547	0.02265	0.10782	0.02447	0.07693	0.06686	0.17493	0.10059	0.06342	0.02819	0.01748	0.02382	0.01448	0.00970	0.01091	0.00272	0.11566	0.04837	0.00489	0.01064

[dist]
# distance from previous block
# <min> <max>
4	7

[block]
# block no. 7 follows, 24 sequences, length 33
# corresponding to MSA columns:
# 125-157
name=unknown_H
#
# <colnr> <probs for GDERKNQSTAVLIFYWHMCP>
#	G	D	E	R	K	N	Q	S	T	A	V	L	I	F	Y	W	H	M	C	P
0	0.10037	0.17581	0.18051	0.04290	0.05195	0.05022	0.01730	0.11363	0.04812	0.05033	0.01550	0.01747	0.01201	0.00992	0.03481	0.00264	0.00962	0.00584	0.00479	0.05628
1	0.13503	0.06071	0.02391	0.02150	0.10327	0.17634	0.03796	0.20965	0.02343	0.03176	0.01494	0.01750	0.01189	0.01154	0.04883	0.00296	0.04650	0.00624	0.00527	0.01075
2	0.06034	0.07587	0.07487	0.01854	0.08688	0.01934	0.01453	0.21670	0.09607	0.03418	0.01975	0.02167	0.01524	0.01098	0.03461	0.00272	0.03212	0.00695	0.14757	0.01107
3	0.00998	0.00791	0.00887	0.00911	0.01115	0.00694	0.00669	0.01215	0.01803	0.02273	0.16669	0.16723	0.41911	0.05750	0.01120	0.00304	0.00440	0.04311	0.00745	0.00671
4	0.01367	0.05331	0.13939	0.01549	0.02055	0.01294	0.09772	0.01934	0.06249	0.02501	0.13024	0.10098	0.21795	0.01404	0.00863	0.00258	0.00708	0.01233	0.03739	0.00886
5	0.01059	0.00739	0.00906	0.01023	0.01127	0.00692	0.00715	0.01238	0.01572	0.02128	0.04585	0.42755	0.14571	0.08553	0.01232	0.00343	0.00491	0.06713	0.08910	0.00651
6	0.02162	0.06417	0.09415	0.05524	0.07600	0.09869	0.04068	0.20855	0.06109	0.03055	0.02078	0.10822	0.01871	0.05408	0.00994	0.00278	0.00930	0.00897	0.00576	0.01069
7	0.00965	0.00696	0.00914	0.01088	0.01146	0.00645	0.00729	0.01106	0.01534	0.02031	0.04572	0.68095	0.08634	0.02458	0.01008	0.00319	0.00457	0.02222	0.00736	0.00645
8	0.08000	0.04864	0.17335	0.02678	0.21818	0.08627	0.01952	0.02848	0.14865	0.02728	0.01819	0.02023	0.01415	0.00817	0.00730	0.00239	0.00919	0.00668	0.04518	0.01135
9	0.01478	0.00739	0.00739	0.00739	0.00924	0.00739	0.00554	0.01848	0.01663	0.02956	0.02587	0.02956	0.02033	0.00924	0.00554	0.00185	0.00370	0.00739	0.76534	0.00739
10	0.02016	0.02211	0.04859	0.17385	0.18087	0.15929	0.07560	0.02732	0.11776	0.02398	0.01761	0.04001	0.01437	0.00879	0.00861	0.00250	0.03592	0.00755	0.00459	0.01053
11	0.01221	0.01110	0.01784	0.01505	0.01813	0.01047	0.14267	0.01549	0.01842	0.02438	0.19468	0.17986	0.24193	0.01695	0.01026	0.00277	0.03795	0.01526	0.00679	0.00777
12	0.01244	0.00727	0.00930	0.00949	0.00964	0.00722	0.00594	0.01141	0.01171	0.01606	0.02238	0.10497	0.02460	0.33098	0.03153	0.31326	0.00682	0.01050	0.04990	0.00457
13	0.14158	0.01927	0.01710	0.01523	0.01978	0.11618	0.01186	0.05347	0.37504	0.03102	0.02768	0.02663	0.05815	0.01015	0.00741	0.00248	0.00735	0.00788	0.00678	0.04494
14	0.05228	0.16853	0.05497	0.01634	0.02195	0.07982	0.06384	0.11499	0.09768	0.05424	0.12818	0.02536	0.02387	0.00949	0.00737	0.00222	0.00819	0.00768	0.00601	0.05697
15	0.02069	0.04843	0.08307	0.01781	0.04985	0.10872	0.01508	0.09303	0.02110	0.10714	0.02881	0.08812	0.02782	0.01457	0.00894	0.00286	0.00878	0.23887	0.00654	0.00976
16	0.01906	0.01871	0.03296	0.09866	0.52309	0.01909	0.09751	0.02394	0.01774	0.02514	0.01482	0.01988	0.01226	0.00734	0.00870	0.00246	0.03555	0.00733	0.00389	0.01189
17	0.01390	0.01029	0.01267	0.08549	0.01801	0.01022	0.00972	0.01946	0.10214	0.07476	0.20433	0.08218	0.26903	0.01610	0.00903	0.00268	0.00532	0.03872	0.00756	0.00840
18	0.06361	0.08516	0.09964	0.05681	0.10923	0.12216	0.05397	0.12955	0.02150	0.05349	0.04419	0.04759	0.01640	0.00903	0.00743	0.00232	0.00948	0.00734	0.05045	0.01064
19	0.02094	0.01804	0.01968	0.02055	0.11744	0.08691	0.01387	0.10000	0.27292	0.06412	0.07865	0.10184	0.02672	0.01171	0.00825	0.00257	0.00749	0.00993	0.00708	0.01129
20	0.00995	0.00702	0.00912	0.01067	0.01106	0.00664	0.00696	0.01112	0.01461	0.01949	0.04079	0.61275	0.04877	0.13325	0.01483	0.00392	0.00508	0.02083	0.00696	0.00619
21	0.01017	0.00736	0.00881	0.00974	0.01049	0.00686	0.00634	0.01125	0.01465	0.01901	0.04519	0.39306	0.16473	0.23272	0.01904	0.00445	0.00541	0.01812	0.00660	0.00600
22	0.01896	0.12494	0.36346	0.02044	0.02891	0.05917	0.06735	0.04626	0.01768	0.06382	0.01551	0.01841	0.01180	0.01247	0.06870	0.00332	0.03748	0.00630	0.00408	0.01093
23	0.02171	0.02255	0.07186	0.03710	0.35301	0.08257	0.15811	0.07614	0.02030	0.05619	0.01594	0.01962	0.01246	0.00744	0.00811	0.00241	0.01071	0.00736	0.00451	0.01190
24	0.01640	0.01627	0.07009	0.01262	0.02005	0.01120	0.01100	0.02038	0.01647	0.02578	0.01411	0.01647	0.01161	0.00601	0.00601	0.00128	0.00635	0.00479	0.00459	0.70853
25	0.01490	0.01129	0.01531	0.15520	0.05251	0.01177	0.01246	0.06118	0.04514	0.06388	0.04094	0.21971	0.16583	0.01667	0.00913	0.00287	0.00670	0.07936	0.00663	0.00853
26	0.02407	0.02688	0.21596	0.02049	0.06457	0.06102	0.01882	0.30583	0.02635	0.06880	0.01807	0.02117	0.01377	0.06625	0.01039	0.00283	0.00980	0.00703	0.00595	0.01195
27	0.01477	0.01469	0.06825	0.01593	0.05562	0.05207	0.01210	0.08374	0.01857	0.02469	0.07099	0.32212	0.07973	0.02129	0.06842	0.00370	0.04391	0.01466	0.00631	0.00841
28	0.07793	0.04571	0.02156	0.11685	0.12036	0.01647	0.04325	0.01982	0.01578	0.05645	0.05962	0.14025	0.02323	0.05485	0.01361	0.00309	0.14695	0.01015	0.00506	0.00899
29	0.02030	0.04508	0.01936	0.01836	0.10278	0.05570	0.01271	0.17431	0.04492	0.05869	0.11610	0.08853	0.02691	0.01417	0.04949	0.00294	0.00803	0.00934	0.06790	0.06438
30	0.02036	0.01939	0.02298	0.01974	0.02113	0.10093	0.01617	0.05100	0.04325	0.06133	0.01366	0.01871	0.01205	0.01436	0.04637	0.00351	0.49441	0.00694	0.00436	0.00936
31	0.01958	0.05239	0.02032	0.07783	0.09004	0.06921	0.04795	0.02375	0.04266	0.14273	0.11702	0.10749	0.05628	0.01321	0.00864	0.00264	0.00775	0.08415	0.00666	0.00971
32	0.06690	0.12080	0.09316	0.06210	0.12787	0.09176	0.01664	0.02736	0.07828	0.11061	0.01858	0.05023	0.01503	0.00899	0.00797	0.00233	0.03792	0.00702	0.00519	0.05124

[dist]
# distance from previous block
# <min> <max>
1	5

[block]
# block no. 8 follows, 24 sequences, length 18
# corresponding to MSA columns:
# 163-180
name=unknown_I
#
# <colnr> <probs for GDERKNQSTAVLIFYWHMCP>
#	G	D	E	R	K	N	Q	S	T	A	V	L	I	F	Y	W	H	M	C	P
0	0.06611	0.02239	0.14839	0.11925	0.19981	0.02013	0.07903	0.08399	0.01819	0.02677	0.01419	0.01860	0.01126	0.00864	0.01083	0.00265	0.12781	0.00687	0.00415	0.01092
1	0.01132	0.00801	0.00974	0.00981	0.01177	0.00714	0.00716	0.01383	0.01909	0.05498	0.27977	0.23818	0.26105	0.01948	0.00950	0.00275	0.00420	0.01702	0.00797	0.00722
2	0.05058	0.04474	0.05955	0.01301	0.01668	0.05424	0.01087	0.05226	0.01918	0.14332	0.14866	0.11852	0.03250	0.05533	0.08889	0.00393	0.00837	0.01055	0.05972	0.00909
3	0.01639	0.01327	0.01464	0.01339	0.01601	0.04527	0.01009	0.09557	0.16667	0.02676	0.10797	0.03622	0.02853	0.16192	0.20514	0.00637	0.01107	0.00963	0.00625	0.00882
4	0.01010	0.00741	0.00930	0.01016	0.01126	0.00680	0.00701	0.01203	0.01706	0.02275	0.19118	0.41973	0.15350	0.06895	0.01186	0.00327	0.00452	0.01900	0.00750	0.00661
5	0.02220	0.13778	0.12064	0.05300	0.08648	0.02127	0.04816	0.17602	0.10398	0.06506	0.01819	0.01949	0.01370	0.00821	0.00732	0.00225	0.00884	0.00665	0.00561	0.07513
6	0.05825	0.02101	0.15537	0.08188	0.21444	0.01701	0.04674	0.02687	0.04828	0.14845	0.01871	0.02141	0.01394	0.01146	0.05099	0.00316	0.03827	0.00713	0.00514	0.01149
7	0.01027	0.00737	0.00975	0.01063	0.01164	0.00685	0.00741	0.01257	0.01801	0.02474	0.28664	0.46038	0.06116	0.02148	0.00982	0.00294	0.00427	0.01935	0.00789	0.00685
8	0.01828	0.05191	0.08260	0.08450	0.12126	0.01817	0.01640	0.12186	0.09949	0.02951	0.12118	0.03062	0.07542	0.01115	0.00996	0.00257	0.07975	0.00893	0.00591	0.01053
9	0.01113	0.00921	0.00990	0.00967	0.01231	0.00860	0.00725	0.01619	0.10621	0.02474	0.17262	0.10686	0.43972	0.01844	0.00924	0.00268	0.00431	0.01562	0.00770	0.00762
10	0.02145	0.08699	0.09387	0.01957	0.02483	0.15904	0.10033	0.05864	0.12182	0.05871	0.06276	0.05514	0.01967	0.01017	0.00948	0.00250	0.07098	0.00815	0.00547	0.01043
11	0.05063	0.01106	0.01385	0.01163	0.01549	0.01032	0.00924	0.05619	0.02210	0.28311	0.27040	0.03867	0.03994	0.01205	0.00803	0.00238	0.00524	0.01012	0.11941	0.01014
12	0.02145	0.12644	0.13074	0.02121	0.09347	0.17224	0.01732	0.05043	0.07394	0.05050	0.04817	0.05513	0.01740	0.00987	0.00922	0.00241	0.07735	0.00735	0.00490	0.01046
13	0.01146	0.00774	0.00909	0.00945	0.00967	0.00769	0.00581	0.01194	0.01253	0.01665	0.02849	0.12366	0.03282	0.58472	0.03452	0.00685	0.00733	0.06908	0.00530	0.00521
14	0.01538	0.01196	0.01535	0.01386	0.01611	0.03773	0.05193	0.04939	0.03920	0.05585	0.03087	0.16427	0.08374	0.10684	0.13623	0.00512	0.06983	0.01188	0.07644	0.00799
15	0.16128	0.01818	0.02012	0.01734	0.04743	0.06060	0.05459	0.23470	0.02257	0.03366	0.01732	0.02301	0.01461	0.10890	0.01343	0.00320	0.07136	0.00725	0.06046	0.01000
16	0.02072	0.04969	0.06776	0.05776	0.11438	0.06419	0.04722	0.17461	0.10363	0.03121	0.07455	0.08213	0.02218	0.01083	0.00897	0.00253	0.04161	0.00902	0.00602	0.01099
17	0.06805	0.11745	0.05444	0.01583	0.02141	0.07562	0.04261	0.15779	0.09346	0.08818	0.02061	0.05530	0.01645	0.00934	0.00711	0.00223	0.00806	0.00735	0.07672	0.06199

[dist]
# distance from previous block
# <min> <max>
2	12

[block]
# block no. 9 follows, 24 sequences, length 79
# corresponding to MSA columns:
# 194-272
name=unknown_J
#
# <colnr> <probs for GDERKNQSTAVLIFYWHMCP>
#	G	D	E	R	K	N	Q	S	T	A	V	L	I	F	Y	W	H	M	C	P
0	0.04156	0.01545	0.09448	0.05211	0.01964	0.04436	0.01249	0.04191	0.01828	0.08321	0.05553	0.10829	0.18814	0.01887	0.06929	0.00355	0.00832	0.07200	0.00628	0.04622
1	0.10116	0.11070	0.02408	0.01778	0.05342	0.01960	0.06881	0.18414	0.05859	0.07323	0.07881	0.05393	0.04522	0.01039	0.00845	0.00242	0.04125	0.00838	0.00631	0.03332
2	0.02151	0.26428	0.09333	0.01815	0.02469	0.02275	0.09866	0.10329	0.11242	0.07301	0.02024	0.02531	0.01667	0.00931	0.00739	0.00236	0.00892	0.06108	0.00550	0.01112
3	0.01186	0.00850	0.01007	0.00979	0.01177	0.00787	0.00708	0.01516	0.04725	0.05001	0.29163	0.13406	0.23279	0.11073	0.01342	0.00332	0.00466	0.01509	0.00768	0.00724
4	0.01233	0.01057	0.01625	0.06710	0.07634	0.01025	0.07216	0.01550	0.01786	0.02390	0.19031	0.17285	0.17530	0.05797	0.04235	0.00345	0.00695	0.01426	0.00648	0.00782
5	0.02161	0.08916	0.04924	0.06792	0.09104	0.14904	0.05043	0.12518	0.02099	0.02677	0.01583	0.03930	0.01352	0.04089	0.00870	0.00231	0.00960	0.00668	0.00482	0.16697
6	0.01740	0.01779	0.02893	0.02328	0.02564	0.02193	0.17909	0.02155	0.04970	0.02157	0.01496	0.05843	0.01396	0.01245	0.01981	0.00321	0.44836	0.00856	0.00408	0.00929
7	0.01157	0.00749	0.00892	0.00973	0.01058	0.00726	0.00664	0.01327	0.01483	0.02117	0.03602	0.28845	0.06766	0.22508	0.01804	0.00425	0.00552	0.06888	0.16837	0.00625
8	0.02853	0.03603	0.02257	0.07119	0.02676	0.63946	0.01582	0.03082	0.02198	0.01947	0.01239	0.01481	0.01024	0.00815	0.00721	0.00209	0.01402	0.00525	0.00404	0.00916
9	0.01559	0.03862	0.63191	0.02160	0.03247	0.01764	0.02754	0.02414	0.01637	0.02441	0.01500	0.01927	0.01140	0.05889	0.00990	0.00288	0.01143	0.00627	0.00345	0.01122
10	0.01137	0.00833	0.01191	0.01191	0.01304	0.00946	0.00888	0.01363	0.01250	0.01779	0.02200	0.03536	0.02165	0.19388	0.55798	0.01172	0.01849	0.00911	0.00436	0.00662
11	0.01126	0.00813	0.01018	0.01100	0.01202	0.00796	0.00775	0.01413	0.05136	0.02193	0.12572	0.33323	0.06795	0.18118	0.01688	0.00415	0.00561	0.09589	0.00700	0.00667
12	0.05302	0.01701	0.01741	0.01447	0.01909	0.08162	0.01153	0.18702	0.08986	0.18189	0.13664	0.03152	0.05844	0.01115	0.00794	0.00240	0.00710	0.00893	0.05190	0.01107
13	0.03014	0.02221	0.02380	0.01825	0.02459	0.02459	0.01507	0.64541	0.03728	0.04998	0.01904	0.01904	0.01349	0.00952	0.00793	0.00238	0.00873	0.00714	0.00793	0.01349
14	0.00966	0.00690	0.00920	0.01104	0.01150	0.00644	0.00736	0.01104	0.01518	0.02024	0.04371	0.71614	0.05245	0.02484	0.01012	0.00322	0.00460	0.02254	0.00736	0.00644
15	0.01046	0.00775	0.00859	0.00878	0.00997	0.00714	0.00573	0.01161	0.01511	0.01922	0.08474	0.14226	0.28031	0.32749	0.02303	0.00493	0.00568	0.01503	0.00632	0.00588
16	0.01012	0.00775	0.00933	0.01002	0.01170	0.00697	0.00736	0.01237	0.01789	0.02313	0.17214	0.29585	0.29064	0.02118	0.00977	0.00292	0.00446	0.07199	0.00761	0.00681
17	0.03014	0.02221	0.02380	0.01825	0.02459	0.02459	0.01507	0.64541	0.03728	0.04998	0.01904	0.01904	0.01349	0.00952	0.00793	0.00238	0.00873	0.00714	0.00793	0.01349
18	0.01876	0.02119	0.04546	0.03263	0.04048	0.02004	0.61401	0.02617	0.04814	0.02576	0.01679	0.02177	0.01259	0.00687	0.00930	0.00267	0.01304	0.00934	0.00420	0.01078
19	0.00966	0.00690	0.00920	0.01104	0.01150	0.00644	0.00736	0.01104	0.01518	0.02024	0.04371	0.71614	0.05245	0.02484	0.01012	0.00322	0.00460	0.02254	0.00736	0.00644
20	0.01590	0.04102	0.68023	0.02260	0.03432	0.01842	0.02930	0.02511	0.01674	0.02511	0.01423	0.01674	0.01005	0.00753	0.00753	0.00251	0.01172	0.00586	0.00335	0.01172
21	0.01134	0.00772	0.00859	0.00859	0.00883	0.00760	0.00491	0.01152	0.01211	0.01591	0.02991	0.05407	0.08581	0.65886	0.03760	0.00724	0.00736	0.01200	0.00503	0.00497
22	0.01827	0.02214	0.10134	0.24507	0.12237	0.07872	0.22593	0.02395	0.01763	0.02305	0.01456	0.01983	0.01121	0.00759	0.00889	0.00258	0.03537	0.00751	0.00376	0.01024
23	0.01129	0.00783	0.00943	0.00950	0.00995	0.00801	0.00597	0.01201	0.01229	0.01651	0.02817	0.07732	0.06413	0.52493	0.16245	0.00819	0.00996	0.01171	0.00495	0.00542
24	0.01644	0.01409	0.01644	0.01175	0.01879	0.01057	0.00940	0.01997	0.01644	0.02584	0.01409	0.01644	0.01175	0.00587	0.00587	0.00117	0.00587	0.00470	0.00470	0.76979
25	0.01023	0.00743	0.00956	0.01104	0.01193	0.00696	0.00782	0.01192	0.01571	0.02054	0.04635	0.49788	0.12202	0.07584	0.01241	0.00355	0.00517	0.11000	0.00716	0.00648
26	0.01306	0.00838	0.01080	0.01000	0.01214	0.00774	0.00757	0.01676	0.02194	0.07199	0.57069	0.05457	0.06652	0.01519	0.00893	0.00243	0.00393	0.01332	0.07618	0.00785
27	0.01153	0.00769	0.00865	0.00865	0.00865	0.00769	0.00480	0.01153	0.01153	0.01538	0.02499	0.05189	0.02883	0.72131	0.04036	0.00769	0.00769	0.01153	0.00480	0.00480
28	0.03014	0.02221	0.02380	0.01825	0.02459	0.02459	0.01507	0.64541	0.03728	0.04998	0.01904	0.01904	0.01349	0.00952	0.00793	0.00238	0.00873	0.00714	0.00793	0.01349
29	0.01910	0.01618	0.02237	0.23056	0.14468	0.04775	0.01798	0.08075	0.04999	0.06346	0.02123	0.03283	0.01862	0.01091	0.00936	0.00270	0.04838	0.11562	0.00533	0.04223
30	0.04724	0.01352	0.01384	0.04449	0.01719	0.07822	0.01013	0.02238	0.16406	0.02642	0.19423	0.09745	0.11569	0.01889	0.07006	0.03162	0.00755	0.01163	0.00684	0.00855
31	0.05914	0.01486	0.01586	0.01329	0.01781	0.04417	0.01061	0.13273	0.12082	0.21266	0.05473	0.03091	0.07836	0.01077	0.00753	0.00237	0.00640	0.00860	0.14739	0.01098
32	0.01498	0.01409	0.02378	0.70226	0.05462	0.01762	0.02202	0.02026	0.01586	0.02026	0.01409	0.02114	0.01057	0.00793	0.00793	0.00264	0.01057	0.00705	0.00352	0.00881
33	0.01814	0.01967	0.08308	0.11516	0.14519	0.08035	0.10043	0.08885	0.01936	0.02543	0.02135	0.16267	0.02047	0.01414	0.04685	0.00318	0.01037	0.01033	0.00501	0.00996
34	0.01524	0.01410	0.02358	0.47910	0.16530	0.01655	0.02057	0.01998	0.01596	0.02116	0.01652	0.06017	0.01409	0.01329	0.06877	0.00352	0.01097	0.00804	0.00388	0.00923
35	0.01195	0.00770	0.00944	0.00986	0.01044	0.00741	0.00623	0.01286	0.01417	0.04883	0.07982	0.28909	0.04029	0.38672	0.02574	0.00546	0.00625	0.01552	0.00624	0.00599
36	0.01765	0.01417	0.02122	0.09100	0.13720	0.01446	0.07238	0.12100	0.02086	0.05992	0.06623	0.19066	0.07624	0.01408	0.00892	0.00273	0.00771	0.04746	0.00635	0.00977
37	0.01894	0.01999	0.14063	0.02016	0.02576	0.04750	0.18128	0.05835	0.01819	0.08235	0.02058	0.05360	0.01766	0.01328	0.01256	0.13995	0.00969	0.06320	0.04705	0.00927
38	0.01950	0.02199	0.03630	0.02748	0.03272	0.11093	0.37566	0.02421	0.01781	0.02336	0.04546	0.02127	0.01441	0.00909	0.01311	0.00277	0.18154	0.00844	0.00412	0.00985
39	0.01643	0.03391	0.48359	0.02295	0.03299	0.01793	0.13077	0.05158	0.01811	0.02594	0.02064	0.02294	0.06919	0.00860	0.00803	0.00255	0.01118	0.00748	0.00402	0.01118
40	0.11604	0.01850	0.02259	0.10368	0.06329	0.06807	0.07416	0.18785	0.05150	0.11958	0.02087	0.08207	0.01687	0.01001	0.00784	0.00252	0.00879	0.00840	0.00634	0.01101
41	0.02402	0.05330	0.11784	0.01792	0.02417	0.02035	0.04575	0.33489	0.05809	0.07422	0.01980	0.02280	0.01525	0.06121	0.07083	0.00368	0.01018	0.00749	0.00646	0.01175
42	0.01036	0.00759	0.00982	0.01109	0.01212	0.00727	0.00798	0.01218	0.01556	0.02039	0.04543	0.42137	0.13712	0.07866	0.07292	0.00438	0.00662	0.10571	0.00689	0.00654
43	0.51715	0.01429	0.01305	0.01117	0.01619	0.01515	0.00904	0.02418	0.01532	0.12566	0.01678	0.06772	0.01384	0.00883	0.00586	0.00235	0.00608	0.00623	0.00577	0.10534
44	0.01936	0.01548	0.01980	0.01495	0.02112	0.01390	0.06683	0.12551	0.05691	0.06232	0.06686	0.05130	0.01956	0.00859	0.00719	0.00184	0.00687	0.00739	0.00603	0.40820
45	0.01003	0.00796	0.00902	0.00897	0.01117	0.00694	0.00665	0.01258	0.01931	0.02487	0.27834	0.12851	0.40917	0.01919	0.00943	0.00266	0.00398	0.01644	0.00783	0.00694
46	0.03065	0.02139	0.02329	0.01786	0.02418	0.02338	0.01475	0.58843	0.03591	0.10888	0.02019	0.01979	0.01406	0.00955	0.00794	0.00239	0.00854	0.00722	0.00811	0.01349
47	0.01295	0.00999	0.01463	0.01600	0.07850	0.01142	0.01100	0.01572	0.01350	0.02002	0.02060	0.03068	0.01926	0.10492	0.44814	0.00951	0.06818	0.00840	0.07902	0.00757
48	0.02970	0.01480	0.01787	0.01404	0.01950	0.01434	0.01149	0.20072	0.02569	0.38295	0.03176	0.02946	0.07581	0.01059	0.00785	0.00239	0.00675	0.00847	0.08354	0.01229
49	0.00964	0.00699	0.00911	0.01082	0.01144	0.00646	0.00726	0.01107	0.01540	0.02033	0.04643	0.66851	0.09832	0.02449	0.01007	0.00318	0.00456	0.02211	0.00736	0.00646
50	0.06028	0.08758	0.02206	0.01823	0.06947	0.02092	0.01370	0.14206	0.35781	0.08489	0.02548	0.02433	0.01897	0.00964	0.00757	0.00248	0.00718	0.00773	0.00726	0.01236
51	0.21868	0.09514	0.08344	0.01731	0.02271	0.35268	0.01474	0.06606	0.01996	0.02589	0.01244	0.01431	0.00998	0.00786	0.00647	0.00218	0.01109	0.00502	0.00440	0.00963
52	0.02814	0.11084	0.02537	0.01777	0.02374	0.10682	0.01472	0.44487	0.08229	0.04100	0.01827	0.01851	0.01353	0.00911	0.00750	0.00228	0.00919	0.00668	0.00691	0.01247
53	0.02678	0.02047	0.02323	0.01794	0.02400	0.08280	0.07522	0.31012	0.05111	0.12429	0.01993	0.02046	0.01436	0.00871	0.00762	0.00222	0.00874	0.00704	0.04438	0.11058
54	0.02520	0.01828	0.04573	0.05182	0.10543	0.01842	0.01530	0.25494	0.11031	0.15765	0.09193	0.02632	0.02226	0.01000	0.00809	0.00246	0.00778	0.00825	0.00751	0.01232
55	0.01013	0.00724	0.00970	0.01130	0.01203	0.00681	0.00792	0.01197	0.01621	0.02173	0.10502	0.58832	0.05397	0.02370	0.01013	0.00319	0.00479	0.08172	0.00749	0.00663
56	0.01072	0.00855	0.00960	0.00996	0.01192	0.00800	0.00714	0.01457	0.08017	0.02266	0.10351	0.27340	0.33512	0.05409	0.01097	0.00308	0.00458	0.01740	0.00741	0.00716
57	0.01729	0.01436	0.01663	0.01233	0.01882	0.01164	0.00980	0.08078	0.01840	0.02780	0.01678	0.06879	0.01495	0.00764	0.00639	0.00145	0.00606	0.00627	0.00521	0.63862
58	0.01845	0.01755	0.02026	0.02205	0.15493	0.11332	0.03693	0.11007	0.02057	0.02609	0.04990	0.06482	0.15977	0.01879	0.10112	0.00388	0.03626	0.01007	0.00560	0.00955
59	0.01036	0.00769	0.00958	0.01072	0.01199	0.00713	0.00782	0.01231	0.01650	0.02133	0.07978	0.36744	0.20139	0.07460	0.01230	0.00346	0.00513	0.12666	0.00722	0.00658
60	0.01230	0.00956	0.01078	0.01025	0.01281	0.00903	0.00771	0.07561	0.03971	0.02746	0.24025	0.14943	0.32911	0.01827	0.00929	0.00267	0.00454	0.01563	0.00784	0.00773
61	0.02050	0.02469	0.12472	0.08254	0.24295	0.10853	0.13101	0.06123	0.07642	0.02640	0.01637	0.01978	0.01273	0.00774	0.00801	0.00244	0.01086	0.00721	0.00444	0.01143
62	0.01054	0.00796	0.00946	0.01030	0.01215	0.00723	0.00789	0.01291	0.01751	0.02250	0.08705	0.23991	0.31573	0.02100	0.00973	0.00298	0.00486	0.14965	0.04382	0.00683
63	0.00978	0.00799	0.00867	0.00884	0.01118	0.00688	0.00663	0.01202	0.01835	0.02267	0.14608	0.13185	0.51344	0.02012	0.00951	0.00275	0.00419	0.04474	0.00753	0.00679
64	0.02872	0.01921	0.02229	0.01963	0.08010	0.05029	0.01471	0.31925	0.02812	0.21387	0.02400	0.02367	0.04617	0.01015	0.00932	0.00248	0.06025	0.00771	0.00755	0.01252
65	0.02380	0.11403	0.04573	0.08371	0.12021	0.33502	0.08496	0.02723	0.01945	0.02108	0.01301	0.01643	0.01077	0.00793	0.00824	0.00225	0.04632	0.00601	0.00387	0.00996
66	0.02167	0.68804	0.04050	0.01395	0.02058	0.06776	0.01367	0.02418	0.01646	0.01870	0.01109	0.01281	0.01018	0.00686	0.00520	0.00172	0.00880	0.00429	0.00343	0.01012
67	0.01927	0.01857	0.02604	0.08701	0.29411	0.07725	0.06504	0.05618	0.10898	0.02638	0.02158	0.09089	0.01946	0.01036	0.00833	0.00258	0.00919	0.04260	0.00521	0.01099
68	0.02115	0.01894	0.01842	0.01630	0.02085	0.07918	0.01271	0.10441	0.49888	0.03310	0.03172	0.02967	0.05743	0.01091	0.00804	0.00260	0.00713	0.00885	0.00766	0.01203
69	0.02954	0.01680	0.01976	0.01549	0.02092	0.01729	0.01256	0.32017	0.02801	0.28698	0.02441	0.02570	0.01757	0.07579	0.04854	0.00345	0.00856	0.00793	0.00818	0.01236
70	0.01899	0.01621	0.01842	0.01851	0.07770	0.01826	0.01309	0.06628	0.49153	0.03176	0.03148	0.11227	0.02610	0.01209	0.00829	0.00271	0.00647	0.01037	0.00761	0.01185
71	0.02053	0.01636	0.01765	0.01567	0.01995	0.01847	0.01222	0.11639	0.46944	0.05716	0.03105	0.06505	0.02497	0.04641	0.00982	0.00294	0.00663	0.02953	0.00790	0.01185
72	0.01405	0.00904	0.01057	0.00972	0.01233	0.00839	0.00743	0.04664	0.02101	0.07723	0.32212	0.05442	0.21768	0.01526	0.00854	0.00242	0.00427	0.01298	0.13793	0.00799
73	0.01154	0.00813	0.01088	0.01088	0.01173	0.00891	0.00767	0.01326	0.01240	0.01760	0.02294	0.03952	0.02350	0.32661	0.39978	0.01027	0.01506	0.00969	0.03346	0.00617
74	0.01776	0.02146	0.10035	0.16083	0.09850	0.01951	0.38316	0.02402	0.01763	0.02416	0.01515	0.02056	0.01154	0.00736	0.00952	0.00266	0.04323	0.00827	0.00382	0.01051
75	0.01003	0.00782	0.00915	0.00963	0.01152	0.00694	0.00711	0.01232	0.01817	0.02327	0.18149	0.24171	0.35106	0.02071	0.00967	0.00285	0.00433	0.05778	0.00762	0.00682
76	0.01149	0.00790	0.01017	0.01123	0.01248	0.00743	0.00796	0.01412	0.04017	0.05138	0.10389	0.51019	0.10210	0.02229	0.00987	0.00308	0.00479	0.05470	0.00762	0.00715
77	0.09012	0.05660	0.10825	0.04599	0.08646	0.08411	0.07913	0.07255	0.10510	0.02833	0.01796	0.02050	0.01395	0.00860	0.00824	0.00241	0.04832	0.00685	0.10607	0.01047
78	0.01622	0.05593	0.04799	0.08526	0.05417	0.07251	0.06312	0.06524	0.01846	0.02390	0.05782	0.12927	0.10090	0.01960	0.10850	0.00399	0.01020	0.01068	0.00537	0.05088

[dist]
# distance from previous block
# <min> <max>
10	36

# created by:
# /home/berkeley/.conda/envs/busco_data_prod/bin/msa2prfl.pl pipeline/OGs_align_augustus/4893/32221.fs
