[name]
unknown

[dist]
# distance from previous block
# <min> <max>
4	55

[block]
# block no. 0 follows, 33 sequences, length 7
# corresponding to MSA columns:
# 55-61
name=unknown_A
#
# <colnr> <probs for GDERKNQSTAVLIFYWHMCP>
#	G	D	E	R	K	N	Q	S	T	A	V	L	I	F	Y	W	H	M	C	P
0	0.01657	0.01370	0.01469	0.01299	0.01659	0.01553	0.01014	0.12515	0.52648	0.02890	0.08800	0.05880	0.02367	0.00972	0.00685	0.00220	0.00524	0.00814	0.00671	0.00992
1	0.01544	0.01301	0.01583	0.01366	0.09038	0.01104	0.00972	0.10890	0.01610	0.02413	0.01232	0.01421	0.01001	0.00538	0.00527	0.00121	0.00550	0.00438	0.00419	0.61930
2	0.20533	0.01270	0.01339	0.01010	0.01546	0.01150	0.00817	0.09447	0.01501	0.02562	0.01156	0.01319	0.00929	0.00551	0.00488	0.00134	0.00519	0.00405	0.00424	0.52900
3	0.11814	0.16546	0.03985	0.01772	0.13920	0.09587	0.01279	0.17130	0.08227	0.04891	0.01359	0.01470	0.01059	0.00672	0.00567	0.00183	0.00727	0.00504	0.00450	0.03857
4	0.19154	0.07121	0.04948	0.03960	0.15539	0.10685	0.05895	0.09293	0.01638	0.08752	0.01273	0.01448	0.00973	0.00638	0.00574	0.00188	0.00755	0.00503	0.00422	0.06242
5	0.06772	0.10812	0.02173	0.01506	0.02019	0.07814	0.07333	0.36077	0.07231	0.05573	0.01486	0.01547	0.01103	0.00715	0.00613	0.00188	0.00749	0.00556	0.00536	0.05196
6	0.01801	0.20151	0.09905	0.02027	0.16456	0.14804	0.03536	0.06753	0.03569	0.02004	0.01145	0.01380	0.00950	0.00668	0.00714	0.00183	0.07527	0.00489	0.00346	0.05592

[dist]
# distance from previous block
# <min> <max>
4	23

[block]
# block no. 1 follows, 33 sequences, length 53
# corresponding to MSA columns:
# 85-137
name=unknown_B
#
# <colnr> <probs for GDERKNQSTAVLIFYWHMCP>
#	G	D	E	R	K	N	Q	S	T	A	V	L	I	F	Y	W	H	M	C	P
0	0.08899	0.20956	0.12631	0.01685	0.10814	0.01727	0.04861	0.10351	0.03812	0.05180	0.05596	0.05793	0.01481	0.00755	0.00589	0.00189	0.00700	0.00612	0.00427	0.02941
1	0.04162	0.34880	0.02560	0.04144	0.05805	0.15261	0.04942	0.04804	0.03804	0.01939	0.08574	0.01814	0.01547	0.00725	0.00561	0.00174	0.00771	0.02328	0.00384	0.00823
2	0.01595	0.36008	0.09070	0.01857	0.16488	0.06187	0.04792	0.01911	0.01465	0.01843	0.06259	0.01904	0.06646	0.00716	0.00566	0.00174	0.00739	0.00572	0.00351	0.00858
3	0.01469	0.08388	0.01552	0.10863	0.04521	0.01249	0.01017	0.10392	0.07772	0.07298	0.07239	0.09125	0.15622	0.03102	0.00755	0.00220	0.00568	0.03602	0.00543	0.04704
4	0.04718	0.01799	0.15351	0.02126	0.22445	0.04952	0.01516	0.06067	0.06257	0.06187	0.01929	0.05627	0.06922	0.00808	0.00680	0.00198	0.02703	0.00673	0.00432	0.08607
5	0.01538	0.01578	0.05260	0.12081	0.46725	0.01533	0.09533	0.01951	0.01451	0.02065	0.01220	0.01627	0.00999	0.00608	0.00712	0.00199	0.03680	0.00590	0.00324	0.06326
6	0.00950	0.00635	0.00720	0.00728	0.00730	0.00633	0.00409	0.00955	0.00972	0.01296	0.02150	0.07832	0.02489	0.73209	0.03228	0.00620	0.00626	0.01002	0.00409	0.00406
7	0.00982	0.00746	0.01092	0.01072	0.01170	0.00882	0.00826	0.01177	0.01041	0.01502	0.01706	0.02614	0.01631	0.09750	0.62073	0.03505	0.06599	0.00710	0.00350	0.00574
8	0.01271	0.00925	0.01107	0.03785	0.01357	0.00883	0.00769	0.06312	0.08450	0.07344	0.27083	0.08807	0.17513	0.01213	0.00716	0.00202	0.00428	0.01038	0.00635	0.10161
9	0.01243	0.01170	0.01975	0.75282	0.04534	0.01463	0.01828	0.01682	0.01316	0.01682	0.01170	0.01755	0.00878	0.00658	0.00658	0.00219	0.00878	0.00585	0.00293	0.00731
10	0.01365	0.01170	0.01365	0.00975	0.01560	0.00878	0.00780	0.01658	0.01365	0.02145	0.01170	0.01365	0.00975	0.00488	0.00488	0.00098	0.00488	0.00390	0.00390	0.80888
11	0.02503	0.01844	0.01976	0.01515	0.02042	0.02042	0.01251	0.70562	0.03095	0.04149	0.01581	0.01581	0.01120	0.00790	0.00659	0.00198	0.00724	0.00593	0.00659	0.01120
12	0.00800	0.00581	0.00756	0.00896	0.00950	0.00536	0.00602	0.00919	0.01280	0.01688	0.03874	0.70775	0.09855	0.02031	0.00835	0.00264	0.00378	0.01833	0.00611	0.00536
13	0.81514	0.01273	0.00968	0.00866	0.01273	0.01477	0.00713	0.01935	0.01120	0.02954	0.00917	0.01069	0.00713	0.00611	0.00407	0.00204	0.00509	0.00356	0.00407	0.00713
14	0.00802	0.00573	0.00764	0.00917	0.00955	0.00535	0.00611	0.00917	0.01260	0.01681	0.03628	0.76434	0.04354	0.02062	0.00840	0.00267	0.00382	0.01872	0.00611	0.00535
15	0.01605	0.01413	0.02345	0.24695	0.45214	0.01497	0.01856	0.02057	0.04150	0.06800	0.01364	0.01739	0.01071	0.00635	0.00655	0.00204	0.00785	0.00597	0.00362	0.00956
16	0.00844	0.00604	0.00802	0.00944	0.01003	0.00571	0.00664	0.00983	0.01293	0.01710	0.03638	0.61879	0.06169	0.04788	0.00941	0.00285	0.00422	0.11317	0.00603	0.00541
17	0.01144	0.00572	0.00858	0.00858	0.00858	0.00572	0.00572	0.00858	0.00858	0.01144	0.01144	0.02001	0.01144	0.02287	0.02573	0.80846	0.00572	0.00572	0.00286	0.00286
18	0.81514	0.01273	0.00968	0.00866	0.01273	0.01477	0.00713	0.01935	0.01120	0.02954	0.00917	0.01069	0.00713	0.00611	0.00407	0.00204	0.00509	0.00356	0.00407	0.00713
19	0.01365	0.01170	0.01365	0.00975	0.01560	0.00878	0.00780	0.01658	0.01365	0.02145	0.01170	0.01365	0.00975	0.00488	0.00488	0.00098	0.00488	0.00390	0.00390	0.80888
20	0.00807	0.00575	0.00762	0.00910	0.00947	0.00538	0.00604	0.00918	0.01251	0.01667	0.03578	0.74103	0.04291	0.04480	0.00921	0.00279	0.00390	0.01842	0.00604	0.00530
21	0.00932	0.00673	0.00880	0.00828	0.00984	0.00621	0.00621	0.01242	0.01863	0.02640	0.72410	0.04918	0.06212	0.01346	0.00776	0.00207	0.00311	0.01191	0.00725	0.00621
22	0.01365	0.01170	0.01365	0.00975	0.01560	0.00878	0.00780	0.01658	0.01365	0.02145	0.01170	0.01365	0.00975	0.00488	0.00488	0.00098	0.00488	0.00390	0.00390	0.80888
23	0.02910	0.01190	0.01571	0.01204	0.01715	0.01071	0.00995	0.09676	0.02001	0.66581	0.02500	0.02177	0.01581	0.00812	0.00662	0.00203	0.00576	0.00655	0.00800	0.01120
24	0.02343	0.01749	0.01890	0.01439	0.01974	0.01878	0.01185	0.60867	0.02852	0.03867	0.01523	0.01550	0.01099	0.00748	0.00635	0.00183	0.00691	0.00564	0.00621	0.12343
25	0.01760	0.77260	0.03450	0.01126	0.01690	0.02605	0.01126	0.01971	0.01338	0.01549	0.00915	0.01056	0.00845	0.00563	0.00422	0.00141	0.00704	0.00352	0.00282	0.00845
26	0.02459	0.03138	0.01866	0.01696	0.02035	0.74221	0.01272	0.02629	0.01866	0.01611	0.01018	0.01187	0.00848	0.00678	0.00594	0.00170	0.01187	0.00424	0.00339	0.00763
27	0.01336	0.01235	0.02005	0.37151	0.21274	0.01388	0.03783	0.01862	0.08117	0.01927	0.01679	0.10278	0.01505	0.00850	0.00689	0.00222	0.00763	0.02733	0.00383	0.00821
28	0.01778	0.01257	0.01368	0.01179	0.01559	0.05367	0.00937	0.04638	0.24846	0.17257	0.10164	0.03078	0.06641	0.00982	0.00678	0.00204	0.00542	0.06147	0.00644	0.10734
29	0.78446	0.01267	0.00989	0.00878	0.01289	0.01457	0.00723	0.01985	0.01150	0.05697	0.00982	0.01115	0.00749	0.00619	0.00417	0.00204	0.00511	0.00368	0.00423	0.00729
30	0.00802	0.00573	0.00764	0.00917	0.00955	0.00535	0.00611	0.00917	0.01260	0.01681	0.03628	0.76434	0.04354	0.02062	0.00840	0.00267	0.00382	0.01872	0.00611	0.00535
31	0.01115	0.00591	0.00886	0.00886	0.00902	0.00607	0.00607	0.00902	0.00886	0.01198	0.01231	0.02083	0.01214	0.02660	0.12658	0.69620	0.00739	0.00591	0.00295	0.00328
32	0.02013	0.01567	0.01675	0.01400	0.01836	0.01767	0.01119	0.28944	0.43062	0.05826	0.02259	0.02116	0.01658	0.00851	0.00665	0.00213	0.00600	0.00684	0.00671	0.01074
33	0.00802	0.00573	0.00764	0.00917	0.00955	0.00535	0.00611	0.00917	0.01260	0.01681	0.03628	0.76434	0.04354	0.02062	0.00840	0.00267	0.00382	0.01872	0.00611	0.00535
34	0.00867	0.00659	0.00798	0.00787	0.00950	0.00590	0.00581	0.01109	0.01677	0.02252	0.43324	0.13772	0.27171	0.01533	0.00784	0.00219	0.00326	0.01334	0.00675	0.00590
35	0.46747	0.01312	0.01228	0.01057	0.01478	0.01464	0.00857	0.06186	0.17379	0.14003	0.01617	0.01596	0.01174	0.00717	0.00521	0.00208	0.00532	0.00505	0.00545	0.00874
36	0.01081	0.00737	0.00832	0.00794	0.01028	0.00648	0.00600	0.01332	0.04095	0.10114	0.14083	0.12447	0.46711	0.01540	0.00767	0.00223	0.00368	0.01305	0.00651	0.00644
37	0.01554	0.01776	0.03885	0.02775	0.03441	0.01665	0.70366	0.02109	0.01554	0.02109	0.01332	0.01776	0.00999	0.00555	0.00777	0.00222	0.01110	0.00777	0.00333	0.00888
38	0.01848	0.01519	0.01607	0.01382	0.01792	0.01736	0.01093	0.19823	0.54900	0.03093	0.02412	0.02243	0.01793	0.00868	0.00667	0.00217	0.00571	0.00707	0.00667	0.01061
39	0.16370	0.00985	0.01193	0.01029	0.01383	0.00932	0.00817	0.02270	0.01604	0.37277	0.07963	0.16642	0.04449	0.01113	0.00670	0.00220	0.00493	0.03043	0.00684	0.00865
40	0.00891	0.00663	0.00805	0.00818	0.00956	0.00608	0.00600	0.01098	0.01542	0.02053	0.30975	0.14138	0.22725	0.11539	0.01137	0.00284	0.00396	0.07583	0.00627	0.00563
41	0.78589	0.01294	0.01005	0.00890	0.01302	0.01498	0.00733	0.04475	0.01193	0.02998	0.00941	0.01088	0.00728	0.00618	0.00417	0.00203	0.00517	0.00365	0.00417	0.00728
42	0.01071	0.00669	0.00842	0.00878	0.01017	0.00603	0.00620	0.01223	0.01417	0.10203	0.09854	0.43454	0.17938	0.05843	0.00938	0.00266	0.00401	0.01523	0.00633	0.00608
43	0.04154	0.00652	0.00765	0.00800	0.00835	0.00660	0.00498	0.01003	0.01049	0.01466	0.02399	0.22380	0.02768	0.49346	0.07958	0.00558	0.00653	0.01146	0.00450	0.00460
44	0.01372	0.00686	0.00779	0.00743	0.00903	0.00661	0.00533	0.01589	0.01351	0.12088	0.02338	0.09919	0.02084	0.16928	0.01134	0.00274	0.00419	0.00814	0.44753	0.00632
45	0.00944	0.00667	0.00886	0.00992	0.01080	0.00649	0.00755	0.01134	0.01373	0.01827	0.10407	0.29763	0.03996	0.14324	0.01278	0.00337	0.00506	0.27947	0.00586	0.00549
46	0.01387	0.01216	0.01793	0.10349	0.06368	0.04070	0.09706	0.07746	0.01386	0.01896	0.01555	0.02136	0.03453	0.04237	0.17970	0.09308	0.10720	0.00666	0.03333	0.00703
47	0.01272	0.01199	0.02027	0.69976	0.09615	0.01470	0.01843	0.01707	0.01330	0.01717	0.01175	0.01746	0.00890	0.00653	0.00658	0.00218	0.00870	0.00585	0.00295	0.00755
48	0.04849	0.00664	0.00748	0.00767	0.00823	0.00659	0.00479	0.01011	0.01095	0.01517	0.04443	0.16540	0.09551	0.49024	0.04680	0.00516	0.00586	0.01123	0.00463	0.00464
49	0.01351	0.01285	0.02030	0.56984	0.15461	0.04360	0.01776	0.01735	0.01346	0.01730	0.01174	0.01724	0.00917	0.00727	0.00748	0.04153	0.00859	0.00578	0.00300	0.00762
50	0.06669	0.01401	0.01902	0.19104	0.17386	0.04147	0.03584	0.11231	0.08879	0.07000	0.05279	0.04906	0.01609	0.00819	0.00666	0.00212	0.00718	0.03117	0.00476	0.00893
51	0.00875	0.00629	0.00801	0.00914	0.00977	0.00599	0.00616	0.03527	0.01321	0.01751	0.03599	0.65481	0.07434	0.06898	0.00995	0.00287	0.00409	0.01740	0.00599	0.00549
52	0.27434	0.01112	0.01445	0.33976	0.02710	0.01316	0.01230	0.01731	0.01265	0.04916	0.04763	0.01824	0.01226	0.01285	0.10937	0.00331	0.00842	0.00560	0.00380	0.00715

[dist]
# distance from previous block
# <min> <max>
0	41

[block]
# block no. 2 follows, 33 sequences, length 28
# corresponding to MSA columns:
# 179-206
name=unknown_C
#
# <colnr> <probs for GDERKNQSTAVLIFYWHMCP>
#	G	D	E	R	K	N	Q	S	T	A	V	L	I	F	Y	W	H	M	C	P
0	0.04483	0.01462	0.01825	0.01967	0.19094	0.04107	0.01278	0.17359	0.08889	0.07422	0.01791	0.08467	0.01547	0.00877	0.00742	0.00203	0.05112	0.02986	0.00511	0.09877
1	0.04600	0.01531	0.02223	0.02697	0.36296	0.06130	0.07631	0.02173	0.07810	0.06977	0.01491	0.01859	0.01223	0.05624	0.00813	0.00219	0.00750	0.00609	0.00406	0.08937
2	0.01569	0.01163	0.01271	0.01266	0.06427	0.08183	0.00878	0.06057	0.07762	0.12566	0.15510	0.11241	0.10545	0.07109	0.01020	0.04565	0.00561	0.00963	0.00589	0.00754
3	0.01049	0.00807	0.00924	0.00894	0.01080	0.00791	0.00656	0.06393	0.08555	0.02212	0.21908	0.19667	0.23433	0.07429	0.00973	0.00259	0.00409	0.01282	0.00633	0.00646
4	0.04993	0.01366	0.02169	0.17537	0.42964	0.01432	0.01691	0.05114	0.01547	0.02195	0.06268	0.02168	0.06269	0.00736	0.00660	0.00203	0.00725	0.00671	0.00385	0.00909
5	0.01476	0.01386	0.02230	0.32119	0.35709	0.01534	0.01809	0.02089	0.11094	0.02047	0.01410	0.01794	0.01110	0.00657	0.00657	0.00209	0.00784	0.00608	0.00360	0.00918
6	0.01929	0.59374	0.03067	0.01264	0.01773	0.19886	0.01162	0.02130	0.01465	0.01564	0.00940	0.01088	0.00846	0.00591	0.00464	0.00148	0.00821	0.00369	0.00296	0.00825
7	0.00785	0.00667	0.00676	0.00674	0.00893	0.00559	0.00505	0.00958	0.01516	0.01816	0.09526	0.06274	0.69609	0.01653	0.00778	0.00222	0.00332	0.01381	0.00616	0.00559
8	0.02808	0.01354	0.01672	0.01282	0.01797	0.01314	0.01059	0.24946	0.02275	0.50924	0.02269	0.02028	0.01465	0.00807	0.00661	0.00202	0.00613	0.00640	0.00764	0.01120
9	0.01755	0.50198	0.11114	0.05798	0.02145	0.11416	0.05736	0.02059	0.01423	0.01661	0.01000	0.01198	0.00856	0.00590	0.00504	0.00162	0.00832	0.00417	0.00292	0.00845
10	0.00866	0.00639	0.00713	0.00735	0.00828	0.00591	0.00478	0.00956	0.01236	0.01572	0.06495	0.16678	0.28288	0.34838	0.01921	0.00412	0.00475	0.01270	0.00522	0.00486
11	0.01365	0.01170	0.01365	0.00975	0.01560	0.00878	0.00780	0.01658	0.01365	0.02145	0.01170	0.01365	0.00975	0.00488	0.00488	0.00098	0.00488	0.00390	0.00390	0.80888
12	0.02171	0.01679	0.01789	0.01448	0.01915	0.01887	0.01171	0.44864	0.29333	0.03614	0.02002	0.01916	0.01461	0.00830	0.00663	0.00207	0.00646	0.00651	0.00663	0.01090
13	0.00802	0.00573	0.00764	0.00917	0.00955	0.00535	0.00611	0.00917	0.01260	0.01681	0.03628	0.76434	0.04354	0.02062	0.00840	0.00267	0.00382	0.01872	0.00611	0.00535
14	0.02459	0.03138	0.01866	0.01696	0.02035	0.74221	0.01272	0.02629	0.01866	0.01611	0.01018	0.01187	0.00848	0.00678	0.00594	0.00170	0.01187	0.00424	0.00339	0.00763
15	0.01221	0.01146	0.01912	0.71700	0.04359	0.01419	0.01765	0.01647	0.01325	0.01687	0.01434	0.01975	0.04315	0.00707	0.00664	0.00220	0.00851	0.00624	0.00308	0.00723
16	0.00957	0.00638	0.00718	0.00718	0.00718	0.00638	0.00399	0.00957	0.00957	0.01276	0.02074	0.04308	0.02393	0.76864	0.03351	0.00638	0.00638	0.00957	0.00399	0.00399
17	0.02503	0.01844	0.01976	0.01515	0.02042	0.02042	0.01251	0.70562	0.03095	0.04149	0.01581	0.01581	0.01120	0.00790	0.00659	0.00198	0.00724	0.00593	0.00659	0.01120
18	0.01627	0.01530	0.01830	0.01841	0.12541	0.07230	0.06680	0.02881	0.43295	0.02511	0.08872	0.02412	0.02093	0.00846	0.00680	0.00213	0.00640	0.00740	0.00570	0.00968
19	0.08162	0.01423	0.01512	0.01305	0.01714	0.01600	0.01034	0.11592	0.49813	0.10830	0.02397	0.02215	0.01756	0.00850	0.00647	0.00216	0.00549	0.00686	0.00664	0.01034
20	0.01639	0.06033	0.02056	0.07544	0.02026	0.05044	0.03335	0.12373	0.01457	0.02041	0.01077	0.01528	0.00953	0.02786	0.01492	0.00246	0.40366	0.00560	0.00360	0.07083
21	0.56269	0.01268	0.01275	0.01405	0.13314	0.01384	0.00931	0.01876	0.01259	0.02739	0.06601	0.01486	0.01218	0.00656	0.00483	0.00195	0.00538	0.00463	0.00417	0.06222
22	0.09135	0.26123	0.11407	0.01463	0.06505	0.03487	0.03707	0.08350	0.04135	0.07803	0.06274	0.01925	0.05591	0.00749	0.00573	0.00185	0.00688	0.00579	0.00438	0.00884
23	0.00986	0.00805	0.01087	0.01066	0.01269	0.00768	0.05476	0.01347	0.06985	0.01968	0.09299	0.20727	0.25417	0.01630	0.00816	0.00251	0.00479	0.18392	0.00604	0.00630
24	0.07524	0.00873	0.01106	0.01030	0.01230	0.00925	0.00800	0.05524	0.01472	0.06985	0.18395	0.10419	0.02937	0.05431	0.22821	0.00487	0.04130	0.03855	0.00530	0.03525
25	0.01051	0.00769	0.00945	0.00966	0.01131	0.00757	0.00737	0.01469	0.10093	0.03935	0.21064	0.19569	0.13134	0.06701	0.00975	0.00272	0.00442	0.14713	0.00637	0.00641
26	0.09405	0.01742	0.05797	0.01319	0.01767	0.15001	0.01095	0.10070	0.13116	0.20686	0.01943	0.06844	0.01501	0.00833	0.00625	0.00198	0.00693	0.00649	0.00574	0.06141
27	0.01808	0.04148	0.01681	0.05335	0.04433	0.12880	0.01085	0.13858	0.12153	0.04999	0.01653	0.06700	0.01380	0.00764	0.00604	0.00172	0.00678	0.00609	0.00489	0.24573

[dist]
# distance from previous block
# <min> <max>
1	107

[block]
# block no. 3 follows, 33 sequences, length 35
# corresponding to MSA columns:
# 315-349
name=unknown_D
#
# <colnr> <probs for GDERKNQSTAVLIFYWHMCP>
#	G	D	E	R	K	N	Q	S	T	A	V	L	I	F	Y	W	H	M	C	P
0	0.27153	0.01576	0.01471	0.02960	0.03629	0.11361	0.02759	0.19011	0.01793	0.02736	0.01880	0.02005	0.09616	0.01052	0.05091	0.00249	0.00741	0.00595	0.00475	0.03846
1	0.10095	0.00979	0.01250	0.01213	0.05600	0.01006	0.05994	0.07085	0.03478	0.01959	0.02319	0.08331	0.07164	0.35314	0.01889	0.00411	0.00632	0.04201	0.00460	0.00620
2	0.05052	0.01194	0.01631	0.01348	0.03471	0.03556	0.12910	0.09297	0.01416	0.01991	0.01569	0.02600	0.01527	0.29423	0.01780	0.05777	0.00718	0.00711	0.00404	0.13625
3	0.04033	0.01457	0.02057	0.19616	0.12427	0.08806	0.11206	0.07077	0.01525	0.05414	0.01429	0.01961	0.01180	0.06006	0.12599	0.00368	0.01018	0.00636	0.00380	0.00805
4	0.02023	0.01565	0.02002	0.03652	0.08512	0.01680	0.07782	0.43147	0.02366	0.03184	0.01594	0.04667	0.01308	0.06240	0.01010	0.06363	0.00740	0.00682	0.00539	0.00944
5	0.07018	0.05524	0.05272	0.09266	0.04552	0.01630	0.06506	0.23083	0.09960	0.12270	0.01643	0.01719	0.01188	0.00714	0.00627	0.00196	0.00705	0.00585	0.00534	0.07010
6	0.11222	0.01362	0.02029	0.43634	0.21703	0.03732	0.01711	0.03522	0.01400	0.02018	0.01162	0.01617	0.00905	0.00638	0.00624	0.00209	0.00814	0.00553	0.00326	0.00820
7	0.00972	0.00632	0.00761	0.00766	0.00779	0.00637	0.00460	0.00963	0.00984	0.01323	0.03615	0.06867	0.02362	0.58606	0.07440	0.10408	0.00681	0.00937	0.00398	0.00407
8	0.06008	0.04105	0.01590	0.11820	0.01993	0.04281	0.05266	0.10722	0.07207	0.06603	0.12966	0.05311	0.11052	0.01011	0.00684	0.00209	0.00614	0.03964	0.00544	0.04050
9	0.01928	0.01598	0.01574	0.01360	0.01717	0.11430	0.01082	0.19520	0.21856	0.08798	0.02480	0.05601	0.07643	0.01013	0.00777	0.00218	0.05254	0.04627	0.00600	0.00924
10	0.01052	0.00701	0.00834	0.00839	0.00932	0.00682	0.00569	0.01221	0.03898	0.05069	0.08944	0.12813	0.10059	0.40465	0.02117	0.00448	0.00539	0.07767	0.00523	0.00529
11	0.01657	0.01418	0.02314	0.27040	0.40640	0.01515	0.01830	0.06200	0.01566	0.07520	0.01340	0.01714	0.01038	0.00640	0.00655	0.00204	0.00793	0.00592	0.00372	0.00951
12	0.01641	0.01520	0.02365	0.30036	0.29366	0.03613	0.06598	0.12733	0.01697	0.02274	0.01267	0.01667	0.00985	0.00646	0.00662	0.00206	0.00843	0.00596	0.00367	0.00920
13	0.01322	0.00815	0.01023	0.00964	0.01160	0.00792	0.00713	0.04932	0.05733	0.13116	0.21266	0.23139	0.07411	0.08735	0.05508	0.00317	0.00522	0.01194	0.00642	0.00698
14	0.00937	0.00679	0.00833	0.00896	0.01024	0.00638	0.00649	0.01179	0.04622	0.03692	0.10906	0.37326	0.19663	0.05878	0.00952	0.00271	0.00411	0.08237	0.00618	0.00586
15	0.00975	0.00678	0.00997	0.00997	0.01086	0.00767	0.00747	0.01106	0.01017	0.01445	0.01689	0.02634	0.01627	0.10474	0.56777	0.13932	0.01477	0.00705	0.00346	0.00523
16	0.12729	0.00683	0.00788	0.00890	0.00986	0.00680	0.00611	0.01070	0.01231	0.01849	0.03243	0.58895	0.06004	0.06030	0.00915	0.00277	0.00413	0.01580	0.00569	0.00554
17	0.00951	0.00696	0.00844	0.00905	0.01000	0.00677	0.00619	0.04970	0.03650	0.01845	0.06368	0.48846	0.11067	0.12922	0.01186	0.00310	0.00436	0.01549	0.00589	0.00570
18	0.07300	0.01195	0.01301	0.01129	0.01447	0.01290	0.00868	0.14359	0.24075	0.10392	0.07686	0.05765	0.04010	0.12839	0.01081	0.00279	0.00546	0.00808	0.02767	0.00864
19	0.81514	0.01273	0.00968	0.00866	0.01273	0.01477	0.00713	0.01935	0.01120	0.02954	0.00917	0.01069	0.00713	0.00611	0.00407	0.00204	0.00509	0.00356	0.00407	0.00713
20	0.02175	0.01508	0.01667	0.01358	0.01806	0.01645	0.01095	0.31835	0.27389	0.14583	0.06151	0.02189	0.01809	0.00863	0.00670	0.00208	0.00602	0.00692	0.00691	0.01064
21	0.01128	0.00722	0.00921	0.00927	0.01081	0.00675	0.00671	0.04577	0.01592	0.09083	0.22324	0.40618	0.09828	0.01653	0.00792	0.00238	0.00393	0.01469	0.00664	0.00645
22	0.00814	0.00607	0.00758	0.00849	0.00944	0.00551	0.00588	0.00966	0.01394	0.01829	0.13393	0.51316	0.19833	0.01879	0.00818	0.00249	0.00362	0.01674	0.00626	0.00551
23	0.00800	0.00580	0.00757	0.00898	0.00950	0.00536	0.00603	0.00919	0.01279	0.01688	0.03860	0.71107	0.09532	0.02032	0.00836	0.00264	0.00378	0.01835	0.00611	0.00536
24	0.02171	0.01556	0.01699	0.01338	0.01764	0.01693	0.01076	0.52949	0.02676	0.05894	0.09088	0.02272	0.01819	0.09778	0.00987	0.00250	0.00666	0.00700	0.00640	0.00983
25	0.01554	0.01776	0.03885	0.02775	0.03441	0.01665	0.70366	0.02109	0.01554	0.02109	0.01332	0.01776	0.00999	0.00555	0.00777	0.00222	0.01110	0.00777	0.00333	0.00888
26	0.02503	0.01844	0.01976	0.01515	0.02042	0.02042	0.01251	0.70562	0.03095	0.04149	0.01581	0.01581	0.01120	0.00790	0.00659	0.00198	0.00724	0.00593	0.00659	0.01120
27	0.01167	0.00795	0.01000	0.01047	0.01189	0.00797	0.00784	0.05617	0.06778	0.05992	0.03178	0.38748	0.03490	0.09558	0.01083	0.00303	0.00502	0.16723	0.00607	0.00644
28	0.00802	0.00573	0.00764	0.00917	0.00955	0.00535	0.00611	0.00917	0.01260	0.01681	0.03628	0.76434	0.04354	0.02062	0.00840	0.00267	0.00382	0.01872	0.00611	0.00535
29	0.01320	0.03405	0.73453	0.01876	0.02849	0.01529	0.02432	0.02085	0.01390	0.02085	0.01181	0.01390	0.00834	0.00625	0.00625	0.00208	0.00973	0.00486	0.00278	0.00973
30	0.01711	0.01002	0.01194	0.01053	0.01352	0.00992	0.00805	0.05521	0.16820	0.22790	0.09522	0.13218	0.11160	0.08610	0.00976	0.00261	0.00493	0.01005	0.00675	0.00839
31	0.01615	0.00966	0.01079	0.00971	0.01234	0.01003	0.00761	0.12445	0.10185	0.10588	0.02365	0.07297	0.01990	0.04606	0.00735	0.00216	0.00469	0.05871	0.34819	0.00784
32	0.01243	0.01170	0.01975	0.75282	0.04534	0.01463	0.01828	0.01682	0.01316	0.01682	0.01170	0.01755	0.00878	0.00658	0.00658	0.00219	0.00878	0.00585	0.00293	0.00731
33	0.00824	0.00586	0.00778	0.00924	0.00966	0.00552	0.00626	0.00944	0.01260	0.01677	0.03546	0.69099	0.04228	0.05642	0.00965	0.00287	0.00407	0.05555	0.00601	0.00532
34	0.01724	0.01689	0.04176	0.01902	0.15667	0.10360	0.01289	0.06948	0.37588	0.02551	0.07378	0.02239	0.01905	0.00826	0.00663	0.00208	0.00664	0.00691	0.00553	0.00979

[dist]
# distance from previous block
# <min> <max>
0	1

[block]
# block no. 4 follows, 33 sequences, length 45
# corresponding to MSA columns:
# 351-384,389-399
name=unknown_E
#
# <colnr> <probs for GDERKNQSTAVLIFYWHMCP>
#	G	D	E	R	K	N	Q	S	T	A	V	L	I	F	Y	W	H	M	C	P
0	0.00801	0.00579	0.00758	0.00901	0.00951	0.00536	0.00604	0.00918	0.01275	0.01687	0.03817	0.72078	0.08589	0.02038	0.00836	0.00265	0.00379	0.01842	0.00611	0.00536
1	0.05016	0.01550	0.05341	0.05486	0.59676	0.01487	0.01872	0.01953	0.01500	0.02206	0.06473	0.01841	0.01397	0.00647	0.00649	0.00198	0.00746	0.00617	0.00356	0.00986
2	0.00940	0.00705	0.01058	0.01058	0.01176	0.00823	0.00823	0.01176	0.01058	0.01528	0.01763	0.02586	0.01646	0.04937	0.74255	0.01058	0.01763	0.00705	0.00353	0.00588
3	0.01760	0.77260	0.03450	0.01126	0.01690	0.02605	0.01126	0.01971	0.01338	0.01549	0.00915	0.01056	0.00845	0.00563	0.00422	0.00141	0.00704	0.00352	0.00282	0.00845
4	0.01365	0.01170	0.01365	0.00975	0.01560	0.00878	0.00780	0.01658	0.01365	0.02145	0.01170	0.01365	0.00975	0.00488	0.00488	0.00098	0.00488	0.00390	0.00390	0.80888
5	0.01144	0.00572	0.00858	0.00858	0.00858	0.00572	0.00572	0.00858	0.00858	0.01144	0.01144	0.02001	0.01144	0.02287	0.02573	0.80846	0.00572	0.00572	0.00286	0.00286
6	0.01266	0.01184	0.12475	0.03224	0.01499	0.00925	0.01034	0.03485	0.01386	0.08065	0.08118	0.07196	0.02061	0.02417	0.27778	0.00515	0.01004	0.00761	0.14891	0.00717
7	0.01384	0.14152	0.63267	0.01767	0.02681	0.01685	0.02242	0.02068	0.01382	0.02007	0.01143	0.01341	0.00836	0.00616	0.00596	0.00199	0.00934	0.00467	0.00279	0.00954
8	0.01357	0.03148	0.62460	0.02018	0.02943	0.01550	0.13167	0.02089	0.01416	0.02089	0.01205	0.01451	0.00860	0.00614	0.00649	0.00211	0.00995	0.00532	0.00287	0.00959
9	0.02536	0.01035	0.01411	0.01145	0.01578	0.00910	0.00947	0.02801	0.01837	0.57994	0.09147	0.03122	0.02316	0.00987	0.00703	0.00216	0.00543	0.08982	0.00781	0.01011
10	0.01475	0.01411	0.02375	0.30411	0.43342	0.01552	0.01916	0.01870	0.01403	0.01944	0.01192	0.01665	0.00971	0.00645	0.00740	0.00210	0.05073	0.00585	0.00311	0.00909
11	0.05299	0.01548	0.01647	0.01315	0.01760	0.01704	0.01071	0.45706	0.11692	0.06655	0.01829	0.01837	0.01329	0.00794	0.00620	0.00195	0.00619	0.00610	0.12757	0.01017
12	0.01347	0.00760	0.01008	0.00906	0.01128	0.00688	0.00693	0.01634	0.01830	0.17357	0.53518	0.08802	0.05137	0.01279	0.00756	0.00210	0.00367	0.01122	0.00737	0.00720
13	0.01243	0.01170	0.01975	0.75282	0.04534	0.01463	0.01828	0.01682	0.01316	0.01682	0.01170	0.01755	0.00878	0.00658	0.00658	0.00219	0.00878	0.00585	0.00293	0.00731
14	0.01660	0.48614	0.26137	0.01406	0.02089	0.06705	0.01561	0.02049	0.01387	0.01727	0.01008	0.01173	0.00841	0.00591	0.00499	0.00165	0.00822	0.00400	0.00284	0.00881
15	0.01629	0.01564	0.02672	0.04041	0.72757	0.01564	0.02020	0.02020	0.01499	0.02151	0.01238	0.01629	0.01043	0.00587	0.00652	0.00196	0.00782	0.00587	0.00326	0.01043
16	0.01599	0.01650	0.03162	0.03530	0.44775	0.01605	0.29610	0.02056	0.01521	0.02134	0.01276	0.01688	0.01025	0.00574	0.00702	0.00206	0.00914	0.00663	0.00329	0.00980
17	0.00942	0.00632	0.00722	0.00737	0.00741	0.00628	0.00419	0.00953	0.00987	0.01316	0.02225	0.11297	0.02583	0.69616	0.03108	0.00602	0.00613	0.01046	0.00419	0.00412
18	0.00954	0.00650	0.00777	0.00777	0.00797	0.00670	0.00472	0.00995	0.00975	0.01320	0.02021	0.04011	0.02264	0.64434	0.15604	0.00711	0.00833	0.00914	0.00391	0.00432
19	0.02459	0.03138	0.01866	0.01696	0.02035	0.74221	0.01272	0.02629	0.01866	0.01611	0.01018	0.01187	0.00848	0.00678	0.00594	0.00170	0.01187	0.00424	0.00339	0.00763
20	0.01864	0.66213	0.03214	0.01211	0.01741	0.13278	0.01148	0.02069	0.01416	0.01558	0.00930	0.01076	0.00845	0.00580	0.00448	0.00145	0.00776	0.00363	0.00290	0.00833
21	0.00804	0.00662	0.00707	0.00708	0.00908	0.00565	0.00526	0.00990	0.01543	0.01908	0.16869	0.10468	0.57782	0.01641	0.00782	0.00223	0.00333	0.01388	0.00629	0.00565
22	0.00871	0.00673	0.00795	0.00773	0.00956	0.00598	0.00585	0.01120	0.01697	0.02249	0.41971	0.05610	0.34407	0.01499	0.00782	0.00217	0.00331	0.03602	0.00672	0.00593
23	0.01509	0.01470	0.02597	0.20022	0.47250	0.01523	0.09750	0.01922	0.01457	0.02026	0.01302	0.03815	0.01095	0.00641	0.00673	0.00206	0.00830	0.00645	0.00327	0.00940
24	0.00949	0.00673	0.00894	0.00894	0.00955	0.00734	0.00618	0.01070	0.01009	0.01407	0.01913	0.03417	0.02007	0.39641	0.40045	0.00855	0.01221	0.00827	0.00375	0.00497
25	0.00940	0.00705	0.01058	0.01058	0.01176	0.00823	0.00823	0.01176	0.01058	0.01528	0.01763	0.02586	0.01646	0.04937	0.74255	0.01058	0.01763	0.00705	0.00353	0.00588
26	0.01506	0.01552	0.01972	0.01703	0.01735	0.07784	0.01406	0.01655	0.01079	0.01585	0.00907	0.01458	0.00889	0.01241	0.04450	0.00304	0.67193	0.00568	0.00294	0.00719
27	0.01320	0.03405	0.73453	0.01876	0.02849	0.01529	0.02432	0.02085	0.01390	0.02085	0.01181	0.01390	0.00834	0.00625	0.00625	0.00208	0.00973	0.00486	0.00278	0.00973
28	0.81514	0.01273	0.00968	0.00866	0.01273	0.01477	0.00713	0.01935	0.01120	0.02954	0.00917	0.01069	0.00713	0.00611	0.00407	0.00204	0.00509	0.00356	0.00407	0.00713
29	0.00834	0.00669	0.00744	0.00726	0.00924	0.00580	0.00544	0.01053	0.01633	0.02092	0.30589	0.05820	0.48375	0.01550	0.00777	0.00217	0.00325	0.01317	0.00653	0.00580
30	0.01760	0.77260	0.03450	0.01126	0.01690	0.02605	0.01126	0.01971	0.01338	0.01549	0.00915	0.01056	0.00845	0.00563	0.00422	0.00141	0.00704	0.00352	0.00282	0.00845
31	0.01512	0.01229	0.01425	0.01029	0.01607	0.00985	0.00828	0.07913	0.01535	0.04296	0.01247	0.01409	0.01006	0.00524	0.00508	0.00109	0.00511	0.00416	0.00426	0.71486
32	0.01814	0.01552	0.01494	0.01347	0.01705	0.11149	0.01048	0.03155	0.49680	0.09299	0.02524	0.05675	0.01993	0.00946	0.00676	0.00219	0.00611	0.03506	0.00635	0.00973
33	0.01516	0.01602	0.07528	0.20738	0.51661	0.01538	0.02004	0.01945	0.01448	0.02035	0.01218	0.01642	0.00989	0.00606	0.00651	0.00202	0.00818	0.00579	0.00315	0.00964
34	0.00897	0.00658	0.00758	0.00740	0.00857	0.00609	0.00503	0.01050	0.01419	0.01880	0.27106	0.05096	0.23806	0.29814	0.01744	0.00373	0.00440	0.01160	0.00570	0.00519
35	0.01548	0.01519	0.02480	0.11682	0.53726	0.04008	0.05384	0.01929	0.01494	0.02049	0.01629	0.01983	0.06288	0.00676	0.00666	0.00201	0.00791	0.00650	0.00344	0.00954
36	0.01114	0.00713	0.00938	0.00859	0.01046	0.00652	0.00652	0.01420	0.01865	0.09002	0.66116	0.04676	0.05799	0.01298	0.00766	0.00207	0.00333	0.01143	0.00733	0.00666
37	0.01600	0.01529	0.02576	0.09331	0.65019	0.01559	0.01970	0.02048	0.04028	0.02137	0.01285	0.01669	0.01065	0.00603	0.00653	0.00198	0.00780	0.00592	0.00336	0.01019
38	0.01717	0.73312	0.03317	0.01111	0.01653	0.02503	0.01100	0.01934	0.01365	0.01605	0.04601	0.01255	0.01122	0.00604	0.00441	0.00144	0.00684	0.00395	0.00304	0.00833
39	0.02341	0.01328	0.07998	0.01335	0.05374	0.01034	0.01105	0.04617	0.01797	0.46058	0.09595	0.02302	0.01927	0.00806	0.00651	0.00192	0.00579	0.00667	0.00682	0.09610
40	0.01569	0.01133	0.01345	0.05073	0.03604	0.04083	0.01010	0.08041	0.15449	0.11283	0.16321	0.10319	0.03120	0.01211	0.00744	0.00231	0.00558	0.13445	0.00638	0.00822
41	0.02490	0.02214	0.01944	0.01567	0.02040	0.22693	0.01257	0.51126	0.02743	0.03423	0.01419	0.01468	0.01042	0.00758	0.00640	0.00190	0.00857	0.00544	0.00567	0.01018
42	0.81514	0.01273	0.00968	0.00866	0.01273	0.01477	0.00713	0.01935	0.01120	0.02954	0.00917	0.01069	0.00713	0.00611	0.00407	0.00204	0.00509	0.00356	0.00407	0.00713
43	0.06214	0.07010	0.02077	0.01769	0.05892	0.38917	0.07460	0.05578	0.14792	0.02074	0.01381	0.01504	0.01093	0.00697	0.00610	0.00187	0.00949	0.00524	0.00413	0.00860
44	0.01414	0.04951	0.01287	0.00998	0.01358	0.01051	0.00793	0.06041	0.13918	0.08454	0.19713	0.03487	0.16998	0.01053	0.00669	0.00188	0.00451	0.00880	0.00611	0.15684

[dist]
# distance from previous block
# <min> <max>
0	4

[block]
# block no. 5 follows, 33 sequences, length 64
# corresponding to MSA columns:
# 419-482
name=unknown_F
#
# <colnr> <probs for GDERKNQSTAVLIFYWHMCP>
#	G	D	E	R	K	N	Q	S	T	A	V	L	I	F	Y	W	H	M	C	P
0	0.00874	0.00640	0.00833	0.00942	0.01045	0.00599	0.00702	0.01062	0.01421	0.01872	0.11930	0.42764	0.13545	0.01870	0.00841	0.00263	0.00419	0.17189	0.00623	0.00564
1	0.02137	0.01718	0.01773	0.01355	0.01888	0.06658	0.01102	0.43894	0.02459	0.03335	0.01411	0.01485	0.01055	0.00686	0.00600	0.00164	0.00681	0.00516	0.00551	0.26533
2	0.01280	0.01055	0.01184	0.01111	0.01379	0.01126	0.00837	0.02315	0.36621	0.02406	0.13957	0.20763	0.05256	0.01242	0.00719	0.00223	0.00446	0.01082	0.00643	0.06356
3	0.02459	0.03138	0.01866	0.01696	0.02035	0.74221	0.01272	0.02629	0.01866	0.01611	0.01018	0.01187	0.00848	0.00678	0.00594	0.00170	0.01187	0.00424	0.00339	0.00763
4	0.00999	0.00801	0.00887	0.00863	0.01079	0.00766	0.00652	0.04733	0.09523	0.02148	0.16881	0.14822	0.38235	0.01538	0.00772	0.00227	0.00385	0.03401	0.00640	0.00649
5	0.01441	0.01306	0.01400	0.01025	0.01593	0.05946	0.00814	0.01725	0.01400	0.02108	0.01160	0.01353	0.00966	0.00501	0.00495	0.00102	0.00536	0.00392	0.00387	0.75352
6	0.01350	0.03200	0.64704	0.01989	0.02924	0.01546	0.10975	0.02088	0.01411	0.02088	0.01200	0.01438	0.00855	0.00617	0.00645	0.00210	0.00990	0.00523	0.00285	0.00962
7	0.00915	0.00672	0.00857	0.00810	0.00973	0.00614	0.00608	0.01210	0.01824	0.02545	0.65172	0.05074	0.13509	0.01381	0.00777	0.00209	0.00313	0.01212	0.00712	0.00614
8	0.01550	0.01483	0.02529	0.18687	0.58731	0.01543	0.01981	0.01951	0.01461	0.02054	0.01224	0.01655	0.01009	0.00601	0.00653	0.00200	0.00802	0.00586	0.00319	0.00979
9	0.01554	0.01776	0.03885	0.02775	0.03441	0.01665	0.70366	0.02109	0.01554	0.02109	0.01332	0.01776	0.00999	0.00555	0.00777	0.00222	0.01110	0.00777	0.00333	0.00888
10	0.14977	0.01740	0.01800	0.01406	0.01909	0.01939	0.01159	0.57512	0.05019	0.03914	0.01511	0.01528	0.01084	0.00765	0.00619	0.00199	0.00684	0.00560	0.00619	0.01053
11	0.00918	0.00672	0.00861	0.00814	0.00975	0.00615	0.00610	0.01216	0.01831	0.02563	0.66567	0.05044	0.12102	0.01374	0.00777	0.00208	0.00313	0.01208	0.00715	0.00615
12	0.02954	0.01120	0.01528	0.01171	0.01681	0.00968	0.00968	0.03208	0.01884	0.73213	0.02597	0.02241	0.01630	0.00815	0.00662	0.00204	0.00560	0.00662	0.00815	0.01120
13	0.00836	0.00604	0.00779	0.00870	0.00943	0.00560	0.00593	0.00988	0.01384	0.01863	0.17997	0.52597	0.09334	0.06219	0.00968	0.00273	0.00379	0.01644	0.00622	0.00546
14	0.01873	0.00882	0.01176	0.00983	0.01307	0.00781	0.00779	0.02153	0.01861	0.35653	0.37542	0.03711	0.06267	0.01108	0.00723	0.00206	0.00428	0.00950	0.00763	0.00853
15	0.01243	0.01170	0.01975	0.75282	0.04534	0.01463	0.01828	0.01682	0.01316	0.01682	0.01170	0.01755	0.00878	0.00658	0.00658	0.00219	0.00878	0.00585	0.00293	0.00731
16	0.02954	0.01120	0.01528	0.01171	0.01681	0.00968	0.00968	0.03208	0.01884	0.73213	0.02597	0.02241	0.01630	0.00815	0.00662	0.00204	0.00560	0.00662	0.00815	0.01120
17	0.01578	0.01644	0.03208	0.05673	0.03018	0.01674	0.48375	0.02230	0.10126	0.04196	0.01472	0.01832	0.01120	0.00681	0.00922	0.00229	0.10017	0.00737	0.00381	0.00886
18	0.02333	0.01345	0.01490	0.01224	0.01641	0.07704	0.00979	0.08717	0.13902	0.37852	0.13177	0.02540	0.02289	0.00896	0.00675	0.00204	0.00585	0.00730	0.00720	0.00998
19	0.01521	0.03218	0.55942	0.01928	0.02773	0.13044	0.08286	0.02173	0.01480	0.02012	0.01169	0.01392	0.00851	0.00628	0.00634	0.00204	0.01019	0.00502	0.00293	0.00932
20	0.02824	0.01317	0.01692	0.01301	0.01811	0.04718	0.04119	0.09468	0.01982	0.59992	0.02367	0.02106	0.01515	0.00794	0.00663	0.00202	0.00631	0.00649	0.00755	0.01092
21	0.01568	0.16872	0.28500	0.07687	0.02701	0.01731	0.16385	0.06757	0.01539	0.04716	0.01351	0.04844	0.01082	0.00684	0.00634	0.00201	0.00883	0.00606	0.00353	0.00907
22	0.02432	0.02897	0.01865	0.01658	0.02023	0.61734	0.01260	0.11693	0.04807	0.01994	0.01159	0.01290	0.00930	0.00702	0.00605	0.00175	0.01099	0.00459	0.00395	0.00822
23	0.01197	0.00946	0.01121	0.00923	0.01289	0.00783	0.00704	0.03884	0.01367	0.01956	0.02445	0.11815	0.13619	0.01249	0.02945	0.10212	0.00504	0.00786	0.00452	0.41802
24	0.00829	0.00659	0.00744	0.00743	0.00926	0.00574	0.00550	0.01035	0.01589	0.02038	0.26926	0.13210	0.44634	0.01608	0.00784	0.00222	0.00331	0.01378	0.00647	0.00574
25	0.01111	0.00936	0.00975	0.00910	0.01185	0.00939	0.00698	0.04494	0.22361	0.02212	0.09091	0.04914	0.44909	0.01384	0.00741	0.00221	0.00403	0.01155	0.00637	0.00726
26	0.01676	0.01539	0.02497	0.16689	0.47762	0.01615	0.04603	0.11401	0.01688	0.02338	0.01277	0.01652	0.01021	0.00626	0.00659	0.00201	0.00805	0.00595	0.00366	0.00990
27	0.01144	0.00572	0.00858	0.00858	0.00858	0.00572	0.00572	0.00858	0.00858	0.01144	0.01144	0.02001	0.01144	0.02287	0.02573	0.80846	0.00572	0.00572	0.00286	0.00286
28	0.00927	0.00650	0.00839	0.00863	0.00908	0.00683	0.00574	0.01024	0.01039	0.01424	0.02217	0.15148	0.02454	0.41044	0.26596	0.00720	0.00973	0.01018	0.00417	0.00483
29	0.81514	0.01273	0.00968	0.00866	0.01273	0.01477	0.00713	0.01935	0.01120	0.02954	0.00917	0.01069	0.00713	0.00611	0.00407	0.00204	0.00509	0.00356	0.00407	0.00713
30	0.01365	0.01170	0.01365	0.00975	0.01560	0.00878	0.00780	0.01658	0.01365	0.02145	0.01170	0.01365	0.00975	0.00488	0.00488	0.00098	0.00488	0.00390	0.00390	0.80888
31	0.00801	0.00606	0.00740	0.00837	0.00936	0.00545	0.00578	0.00941	0.01363	0.01757	0.07943	0.51758	0.24998	0.01908	0.00818	0.00251	0.00364	0.01692	0.00617	0.00545
32	0.01476	0.23795	0.45456	0.01646	0.02429	0.04695	0.03954	0.02031	0.01383	0.01890	0.01134	0.01359	0.00883	0.00821	0.04209	0.00230	0.00950	0.00466	0.00287	0.00907
33	0.00946	0.00679	0.00952	0.00963	0.01053	0.00758	0.00709	0.01129	0.01065	0.01526	0.01969	0.08026	0.01983	0.18851	0.52129	0.00884	0.01386	0.00832	0.03612	0.00548
34	0.01604	0.01697	0.07579	0.03713	0.61312	0.01570	0.05659	0.02090	0.04367	0.02169	0.01298	0.01655	0.01066	0.00600	0.00657	0.00199	0.00802	0.00596	0.00337	0.01030
35	0.01365	0.01170	0.01365	0.00975	0.01560	0.00878	0.00780	0.01658	0.01365	0.02145	0.01170	0.01365	0.00975	0.00488	0.00488	0.00098	0.00488	0.00390	0.00390	0.80888
36	0.01063	0.00823	0.01261	0.01295	0.01481	0.00804	0.07145	0.01360	0.01488	0.01941	0.03437	0.15075	0.06321	0.01729	0.00884	0.00288	0.00614	0.51787	0.00583	0.00621
37	0.02321	0.01747	0.01875	0.01460	0.01969	0.01920	0.01196	0.57578	0.12152	0.03846	0.01704	0.01685	0.01230	0.00786	0.00650	0.00195	0.00683	0.00601	0.00644	0.05757
38	0.01081	0.00734	0.00818	0.00782	0.00824	0.00750	0.00467	0.06513	0.01128	0.01506	0.02035	0.04090	0.02292	0.70792	0.03136	0.00603	0.00645	0.00928	0.00420	0.00456
39	0.05820	0.02032	0.01784	0.01487	0.01925	0.19735	0.01181	0.34280	0.19486	0.03127	0.01681	0.01675	0.01252	0.00780	0.00634	0.00197	0.00779	0.00578	0.00571	0.00994
40	0.01443	0.24014	0.53919	0.01667	0.02526	0.01829	0.02068	0.02053	0.01375	0.01935	0.01107	0.01297	0.00837	0.00608	0.00569	0.00190	0.00898	0.00449	0.00279	0.00937
41	0.00947	0.00679	0.00924	0.00924	0.00996	0.00750	0.00656	0.01090	0.01018	0.01429	0.01885	0.03262	0.01939	0.33184	0.46410	0.00893	0.01322	0.00804	0.00371	0.00514
42	0.00802	0.00573	0.00764	0.00917	0.00955	0.00535	0.00611	0.00917	0.01260	0.01681	0.03628	0.76434	0.04354	0.02062	0.00840	0.00267	0.00382	0.01872	0.00611	0.00535
43	0.07339	0.64834	0.03125	0.01164	0.01694	0.09460	0.01112	0.02032	0.01374	0.01652	0.00925	0.01070	0.00836	0.00578	0.00438	0.00148	0.00737	0.00359	0.00296	0.00828
44	0.01465	0.01423	0.02501	0.33003	0.38386	0.01532	0.08373	0.01891	0.01430	0.01955	0.01219	0.01694	0.00971	0.00613	0.00666	0.00208	0.00852	0.00604	0.00313	0.00901
45	0.00865	0.00631	0.00826	0.00947	0.01040	0.00592	0.00699	0.01041	0.01385	0.01820	0.08517	0.48253	0.12252	0.01915	0.00844	0.00266	0.00421	0.16508	0.00618	0.00559
46	0.01329	0.03345	0.70873	0.01910	0.02871	0.01534	0.04951	0.02086	0.01396	0.02086	0.01187	0.01404	0.00840	0.00623	0.00631	0.00209	0.00978	0.00497	0.00280	0.00970
47	0.01022	0.00811	0.01156	0.01110	0.01191	0.00983	0.00854	0.01206	0.01034	0.01497	0.01670	0.02677	0.01640	0.15701	0.51646	0.00870	0.13279	0.00725	0.00350	0.00579
48	0.01339	0.01310	0.01675	0.01483	0.01574	0.07803	0.03342	0.01523	0.01115	0.01570	0.01255	0.01951	0.01204	0.05784	0.26782	0.00556	0.38113	0.00631	0.00321	0.00669
49	0.00811	0.00577	0.00761	0.00905	0.00941	0.00541	0.00598	0.00919	0.01242	0.01656	0.03536	0.72125	0.04237	0.06531	0.00990	0.00290	0.00397	0.01817	0.00598	0.00527
50	0.01692	0.39485	0.24860	0.01475	0.02097	0.11531	0.01572	0.02065	0.01400	0.01726	0.01008	0.01203	0.00843	0.00638	0.00628	0.00176	0.06030	0.00419	0.00288	0.00865
51	0.01076	0.00800	0.01052	0.01163	0.01340	0.00806	0.00998	0.01489	0.07105	0.02012	0.03769	0.06910	0.11144	0.01728	0.00876	0.00288	0.00570	0.55627	0.00612	0.00635
52	0.01417	0.01171	0.01325	0.03518	0.01517	0.06780	0.04289	0.06865	0.15645	0.03713	0.05112	0.08147	0.03816	0.14151	0.08287	0.00370	0.00736	0.05504	0.06907	0.00731
53	0.01537	0.45648	0.26418	0.01347	0.02008	0.02064	0.01512	0.01941	0.01404	0.01828	0.07658	0.01526	0.01341	0.00657	0.00523	0.00169	0.00757	0.00475	0.00322	0.00866
54	0.01050	0.00751	0.00915	0.00981	0.04429	0.00758	0.00594	0.05270	0.01194	0.01599	0.02436	0.16865	0.05185	0.48674	0.06068	0.00529	0.00650	0.01083	0.00455	0.00514
55	0.00833	0.00605	0.00736	0.00826	0.00889	0.00562	0.00543	0.00931	0.01236	0.01607	0.03836	0.47165	0.16461	0.18952	0.01398	0.00343	0.00431	0.01575	0.00563	0.00508
56	0.01573	0.07878	0.05789	0.09108	0.04822	0.08084	0.33392	0.04048	0.04676	0.02013	0.01598	0.06174	0.03433	0.00748	0.00758	0.00214	0.03733	0.00745	0.00371	0.00843
57	0.04088	0.16656	0.06677	0.01860	0.12176	0.24314	0.01398	0.15033	0.01862	0.05421	0.01208	0.01366	0.00958	0.00683	0.00640	0.00182	0.03680	0.00484	0.00403	0.00912
58	0.01391	0.02990	0.02101	0.21662	0.35849	0.01375	0.01673	0.01810	0.04052	0.01975	0.01751	0.09029	0.01658	0.00896	0.00697	0.00221	0.00738	0.08884	0.00388	0.00860
59	0.01591	0.01669	0.02134	0.35307	0.20838	0.15218	0.01728	0.01934	0.01430	0.01775	0.01124	0.01581	0.00912	0.00700	0.00814	0.00212	0.09357	0.00554	0.00309	0.00814
60	0.01899	0.01745	0.01890	0.11693	0.12300	0.15964	0.03620	0.11991	0.16691	0.07404	0.02014	0.02101	0.06175	0.00798	0.00659	0.00203	0.00776	0.00656	0.00498	0.00923
61	0.01419	0.01172	0.01836	0.09240	0.21929	0.01177	0.07382	0.05125	0.03775	0.06960	0.07934	0.10131	0.12004	0.03652	0.03103	0.00255	0.00681	0.00917	0.00486	0.00821
62	0.01741	0.07181	0.08240	0.15531	0.29608	0.17147	0.01726	0.02104	0.01538	0.04140	0.01287	0.01754	0.01072	0.00678	0.00633	0.00196	0.00882	0.03306	0.00343	0.00893
63	0.01473	0.01781	0.19925	0.01838	0.15422	0.06193	0.01447	0.01953	0.05337	0.08685	0.14046	0.12040	0.05065	0.01001	0.00693	0.00212	0.00676	0.00864	0.00494	0.00857

[dist]
# distance from previous block
# <min> <max>
11	32

[block]
# block no. 6 follows, 33 sequences, length 19
# corresponding to MSA columns:
# 522-540
name=unknown_G
#
# <colnr> <probs for GDERKNQSTAVLIFYWHMCP>
#	G	D	E	R	K	N	Q	S	T	A	V	L	I	F	Y	W	H	M	C	P
0	0.03680	0.01202	0.03487	0.04824	0.24101	0.01127	0.04249	0.04169	0.03279	0.07770	0.09327	0.03485	0.24521	0.01036	0.00703	0.00209	0.00586	0.00907	0.00511	0.00828
1	0.01610	0.06625	0.08319	0.11947	0.27608	0.07688	0.11874	0.05043	0.03715	0.02100	0.03504	0.04363	0.01277	0.00694	0.00661	0.00202	0.00848	0.00647	0.00365	0.00911
