[name]
unknown

[dist]
# distance from previous block
# <min> <max>
0	17

[block]
# block no. 0 follows, 34 sequences, length 86
# corresponding to MSA columns:
# 17-102
name=unknown_A
#
# <colnr> <probs for GDERKNQSTAVLIFYWHMCP>
#	G	D	E	R	K	N	Q	S	T	A	V	L	I	F	Y	W	H	M	C	P
0	0.01272	0.00952	0.01225	0.01211	0.01448	0.00976	0.03112	0.11903	0.05162	0.02292	0.03326	0.05747	0.10451	0.01502	0.00812	0.00262	0.00585	0.43838	0.03228	0.00695
1	0.04498	0.01668	0.04361	0.01524	0.02007	0.01737	0.08818	0.46493	0.07172	0.03407	0.03021	0.05129	0.01379	0.00843	0.00695	0.01887	0.00703	0.00669	0.03005	0.00984
2	0.01686	0.08863	0.03909	0.01571	0.01974	0.14914	0.11622	0.02673	0.33388	0.02171	0.01934	0.06624	0.01588	0.00833	0.00696	0.00206	0.03272	0.00701	0.00487	0.00888
3	0.03061	0.01007	0.01138	0.01107	0.03116	0.04579	0.00808	0.10825	0.03469	0.09363	0.05217	0.25697	0.12519	0.04081	0.10603	0.00343	0.00672	0.01118	0.00567	0.00710
4	0.12515	0.01781	0.01594	0.07625	0.06081	0.21818	0.01151	0.09811	0.16159	0.02311	0.03265	0.01759	0.01307	0.01175	0.08641	0.00286	0.00884	0.00561	0.00449	0.00828
5	0.00884	0.00650	0.00803	0.00891	0.00984	0.00616	0.00614	0.04974	0.01371	0.01796	0.03874	0.59826	0.14745	0.03631	0.00862	0.00260	0.00393	0.01670	0.00598	0.00558
6	0.01220	0.01148	0.01938	0.75739	0.04450	0.01436	0.01794	0.01651	0.01292	0.01651	0.01148	0.01723	0.00861	0.00646	0.00646	0.00215	0.00861	0.00574	0.00287	0.00718
7	0.01437	0.01365	0.02317	0.30033	0.45998	0.01468	0.01873	0.01829	0.01399	0.01929	0.01262	0.03916	0.01062	0.00645	0.00648	0.00203	0.00790	0.00613	0.00316	0.00897
8	0.01409	0.00802	0.01029	0.00969	0.01163	0.00768	0.00719	0.07923	0.01579	0.15633	0.13738	0.30709	0.05964	0.01604	0.02471	0.08703	0.00473	0.01188	0.02478	0.00678
9	0.01225	0.00894	0.01067	0.00951	0.01185	0.00897	0.00734	0.10250	0.09485	0.04599	0.50940	0.04166	0.08612	0.01209	0.00734	0.00205	0.00385	0.01045	0.00694	0.00724
10	0.32053	0.01127	0.01191	0.00991	0.01400	0.01151	0.00807	0.04377	0.05608	0.30709	0.05890	0.02143	0.05651	0.00803	0.00562	0.00200	0.00499	0.00608	0.03359	0.00870
11	0.00874	0.00638	0.00783	0.00848	0.00938	0.00601	0.00580	0.03345	0.01364	0.01803	0.11486	0.46274	0.14811	0.11191	0.01108	0.00292	0.00402	0.01535	0.00588	0.00541
12	0.01626	0.00909	0.01075	0.00944	0.01179	0.00923	0.00721	0.12874	0.05665	0.13019	0.02146	0.04070	0.05793	0.01262	0.01120	0.22354	0.00491	0.00677	0.22463	0.00688
13	0.00945	0.00624	0.00696	0.00700	0.00725	0.00617	0.00408	0.00980	0.01010	0.01379	0.02348	0.06348	0.06449	0.64989	0.02858	0.00557	0.00577	0.00966	0.06404	0.00420
14	0.05189	0.00717	0.00885	0.00854	0.01040	0.00662	0.00635	0.01361	0.01598	0.10654	0.34426	0.22352	0.14292	0.01442	0.00746	0.00219	0.00364	0.01259	0.00663	0.00642
15	0.04329	0.00869	0.01152	0.01017	0.01314	0.00779	0.00783	0.02116	0.01611	0.38657	0.10537	0.28511	0.02997	0.01278	0.00716	0.00222	0.00460	0.01112	0.00708	0.00833
16	0.00936	0.00673	0.00795	0.00845	0.00969	0.00647	0.00597	0.02753	0.05638	0.01953	0.10478	0.40080	0.16373	0.03818	0.00821	0.00242	0.00374	0.01421	0.10003	0.00585
17	0.00925	0.00686	0.01009	0.01009	0.01114	0.00792	0.00771	0.01135	0.01030	0.01478	0.01758	0.02687	0.01680	0.11218	0.68448	0.01002	0.01634	0.00714	0.00350	0.00561
18	0.01113	0.00690	0.00871	0.00878	0.01031	0.00642	0.00635	0.01365	0.04121	0.10152	0.20249	0.35778	0.10709	0.03131	0.00808	0.00236	0.00380	0.01366	0.05212	0.00633
19	0.00914	0.00604	0.00774	0.00868	0.00933	0.00563	0.00579	0.01019	0.01236	0.05170	0.03458	0.57803	0.07991	0.13443	0.01189	0.00312	0.00419	0.01612	0.00578	0.00534
20	0.00867	0.00635	0.00792	0.00796	0.00919	0.00584	0.00567	0.01079	0.01560	0.02129	0.41024	0.20153	0.15559	0.09176	0.01030	0.00261	0.00355	0.01316	0.00639	0.00560
21	0.81856	0.01250	0.00950	0.00850	0.01250	0.01449	0.00700	0.01899	0.01100	0.02899	0.00900	0.01050	0.00700	0.00600	0.00400	0.00200	0.00500	0.00350	0.00400	0.00700
22	0.00868	0.00644	0.00793	0.00782	0.00922	0.00586	0.00567	0.01096	0.01612	0.02192	0.44689	0.14097	0.19976	0.07135	0.00958	0.00245	0.00342	0.01277	0.00650	0.00569
23	0.01340	0.01148	0.01340	0.00957	0.01531	0.00861	0.00766	0.01627	0.01340	0.02105	0.01148	0.01340	0.00957	0.00479	0.00479	0.00096	0.00479	0.00383	0.00383	0.81242
24	0.00925	0.00610	0.00804	0.00894	0.00980	0.00561	0.00617	0.01072	0.01358	0.05952	0.12592	0.60576	0.06924	0.01848	0.00804	0.00249	0.00374	0.01664	0.00626	0.00570
25	0.01122	0.00561	0.00842	0.00842	0.00842	0.00561	0.00561	0.00842	0.00842	0.01122	0.01122	0.01964	0.01122	0.02245	0.02525	0.81201	0.00561	0.00561	0.00281	0.00281
26	0.03690	0.00711	0.01035	0.01032	0.01157	0.00830	0.00804	0.01179	0.01041	0.01548	0.01702	0.02487	0.01584	0.04701	0.72191	0.01010	0.01689	0.00681	0.00348	0.00581
27	0.01595	0.01572	0.02637	0.08232	0.62165	0.03744	0.06593	0.01986	0.01475	0.02064	0.01211	0.01603	0.01005	0.00581	0.00647	0.00194	0.00807	0.00583	0.00319	0.00986
28	0.00804	0.00575	0.00752	0.00886	0.00930	0.00538	0.00594	0.00915	0.01232	0.01634	0.03552	0.67756	0.06380	0.07076	0.00991	0.00286	0.00396	0.03598	0.00586	0.00518
29	0.01607	0.01388	0.01461	0.01315	0.01680	0.01607	0.01023	0.03433	0.72094	0.02703	0.02630	0.02411	0.01972	0.00877	0.00657	0.00219	0.00511	0.00731	0.00657	0.01023
30	0.01939	0.01632	0.01598	0.01376	0.01777	0.09267	0.01083	0.16958	0.46709	0.07060	0.02238	0.02095	0.01656	0.00830	0.00647	0.00207	0.00622	0.00663	0.00630	0.01014
31	0.00848	0.00697	0.00751	0.00730	0.00941	0.00621	0.00550	0.01139	0.05513	0.02007	0.22650	0.05663	0.52571	0.01516	0.00757	0.00215	0.00332	0.01280	0.00631	0.00588
32	0.01018	0.00838	0.01308	0.01204	0.01337	0.00980	0.05573	0.01247	0.01060	0.01530	0.01624	0.02460	0.01532	0.08351	0.57717	0.00877	0.09706	0.00698	0.00341	0.00600
33	0.01220	0.01148	0.01938	0.75739	0.04450	0.01436	0.01794	0.01651	0.01292	0.01651	0.01148	0.01723	0.00861	0.00646	0.00646	0.00215	0.00861	0.00574	0.00287	0.00718
34	0.02784	0.01074	0.01463	0.01130	0.01610	0.00930	0.00930	0.03037	0.01848	0.69587	0.06628	0.02352	0.01860	0.00830	0.00656	0.00200	0.00536	0.00680	0.00795	0.01071
35	0.01519	0.06985	0.01732	0.01316	0.05809	0.01297	0.02596	0.07992	0.08688	0.02259	0.01304	0.01474	0.01061	0.00602	0.00633	0.00141	0.05645	0.00465	0.00414	0.48069
36	0.00787	0.00562	0.00750	0.00900	0.00937	0.00525	0.00600	0.00900	0.01237	0.01649	0.03561	0.76871	0.04274	0.02024	0.00825	0.00262	0.00375	0.01837	0.00600	0.00525
37	0.01340	0.01148	0.01340	0.00957	0.01531	0.00861	0.00766	0.01627	0.01340	0.02105	0.01148	0.01340	0.00957	0.00479	0.00479	0.00096	0.00479	0.00383	0.00383	0.81242
38	0.05578	0.01074	0.03562	0.05531	0.01523	0.02786	0.00896	0.09641	0.01715	0.15184	0.16463	0.08998	0.14671	0.01428	0.06211	0.00273	0.00604	0.02505	0.00597	0.00760
39	0.03115	0.10483	0.34581	0.01894	0.07922	0.06200	0.08072	0.02216	0.09315	0.03803	0.01315	0.01504	0.00999	0.00665	0.00695	0.00201	0.05225	0.00528	0.00345	0.00918
40	0.00974	0.00744	0.01070	0.01059	0.01193	0.00867	0.00824	0.01324	0.06330	0.01590	0.01798	0.02529	0.01642	0.04550	0.69215	0.00977	0.01640	0.00695	0.00369	0.00610
41	0.00764	0.00655	0.00655	0.00655	0.00873	0.00545	0.00491	0.00927	0.01473	0.01745	0.06546	0.06218	0.73000	0.01636	0.00764	0.00218	0.00327	0.01364	0.00600	0.00545
42	0.04547	0.07946	0.28284	0.11239	0.14296	0.07194	0.07677	0.05493	0.01482	0.02055	0.01149	0.01438	0.00883	0.00628	0.00655	0.00199	0.03105	0.00518	0.00316	0.00895
43	0.02277	0.08570	0.02101	0.01504	0.02002	0.07429	0.05869	0.42493	0.09536	0.09295	0.01628	0.01630	0.01177	0.00744	0.00630	0.00192	0.00735	0.00581	0.00582	0.01025
44	0.00789	0.00571	0.00747	0.00882	0.00934	0.00529	0.00593	0.00911	0.01269	0.01683	0.05752	0.70447	0.08546	0.01980	0.00819	0.00258	0.00370	0.01788	0.00603	0.00529
45	0.01555	0.01574	0.02180	0.10589	0.04619	0.08486	0.11126	0.07014	0.01352	0.01847	0.01079	0.01556	0.00937	0.01122	0.05718	0.00290	0.37274	0.00589	0.00327	0.00768
46	0.01843	0.13104	0.24434	0.01743	0.06732	0.18059	0.01623	0.11128	0.03537	0.04352	0.01200	0.01371	0.00930	0.00687	0.00702	0.00191	0.06614	0.00484	0.00365	0.00902
47	0.06258	0.20051	0.02311	0.01681	0.05708	0.45815	0.05611	0.02332	0.01635	0.01694	0.01001	0.01189	0.00844	0.00624	0.00549	0.00166	0.00996	0.00427	0.00322	0.00787
48	0.01353	0.01274	0.01972	0.09849	0.34806	0.03598	0.04828	0.01687	0.01465	0.01990	0.05688	0.07225	0.08933	0.00912	0.00685	0.00205	0.00681	0.06532	0.00409	0.05905
49	0.01272	0.01147	0.01258	0.01148	0.01204	0.08410	0.00839	0.03667	0.01133	0.01501	0.01632	0.06998	0.01788	0.37816	0.04285	0.00452	0.23714	0.00805	0.00372	0.00559
50	0.04471	0.01842	0.06664	0.02181	0.10934	0.09148	0.24004	0.16130	0.01753	0.02369	0.01290	0.01664	0.01032	0.03431	0.03315	0.00250	0.07628	0.00623	0.00390	0.00882
51	0.01716	0.75740	0.05228	0.01125	0.01688	0.02529	0.01139	0.01938	0.01314	0.01534	0.00905	0.01045	0.00829	0.00554	0.00420	0.00140	0.00698	0.00349	0.00276	0.00832
52	0.00845	0.00649	0.00756	0.00744	0.00905	0.00578	0.00543	0.01054	0.01573	0.02073	0.35135	0.10219	0.33750	0.07158	0.00955	0.00245	0.00343	0.01278	0.00633	0.00561
53	0.01460	0.01477	0.02022	0.01864	0.07036	0.04328	0.01451	0.01620	0.01053	0.01597	0.00880	0.01419	0.00861	0.01074	0.01960	0.00272	0.68044	0.00561	0.00287	0.00732
54	0.00911	0.00663	0.00880	0.00979	0.01100	0.00632	0.00771	0.01139	0.01468	0.01942	0.16092	0.28479	0.11297	0.01763	0.00835	0.00262	0.00448	0.29151	0.00618	0.00571
55	0.01375	0.00974	0.01155	0.01020	0.01283	0.01001	0.00791	0.08910	0.17864	0.08062	0.44568	0.03754	0.04324	0.01127	0.00718	0.00206	0.00411	0.00972	0.00699	0.00789
56	0.00787	0.00648	0.00692	0.00698	0.00891	0.00553	0.00517	0.00966	0.01503	0.01856	0.15585	0.12054	0.57766	0.01625	0.00769	0.00220	0.00328	0.01377	0.00616	0.00553
57	0.01340	0.01148	0.01340	0.00957	0.01531	0.00861	0.00766	0.01627	0.01340	0.02105	0.01148	0.01340	0.00957	0.00479	0.00479	0.00096	0.00479	0.00383	0.00383	0.81242
58	0.00908	0.00658	0.00839	0.00795	0.00940	0.00607	0.00586	0.01181	0.01741	0.02440	0.63681	0.04862	0.09689	0.07118	0.00954	0.00236	0.00331	0.01162	0.00681	0.00589
59	0.00926	0.00679	0.00972	0.00972	0.01065	0.00772	0.00725	0.01111	0.01019	0.01451	0.01791	0.02874	0.01761	0.19246	0.60531	0.00957	0.01511	0.00741	0.00355	0.00540
60	0.00831	0.00649	0.00754	0.00745	0.00919	0.00571	0.00552	0.01052	0.01606	0.02104	0.35091	0.12007	0.37736	0.01535	0.00768	0.00216	0.00322	0.01322	0.00648	0.00571
61	0.01531	0.07311	0.02429	0.25358	0.35101	0.07011	0.05742	0.01906	0.01435	0.01878	0.01232	0.01756	0.01030	0.00640	0.00636	0.00198	0.00833	0.02784	0.00317	0.00872
62	0.02248	0.01657	0.01802	0.01401	0.01879	0.01816	0.01151	0.60361	0.02754	0.03732	0.01562	0.01641	0.01148	0.01070	0.06268	0.00252	0.00765	0.00581	0.02975	0.04936
63	0.01848	0.39246	0.07026	0.01335	0.04094	0.13517	0.01182	0.03883	0.05595	0.07136	0.01368	0.01452	0.03153	0.00646	0.00513	0.00159	0.00739	0.00457	0.00374	0.06278
64	0.10024	0.01106	0.01226	0.06744	0.01591	0.01223	0.00896	0.06770	0.28381	0.02550	0.17298	0.08404	0.09050	0.01066	0.00671	0.00215	0.00481	0.00896	0.00603	0.00805
65	0.00996	0.00800	0.01183	0.01266	0.06640	0.00916	0.00901	0.01220	0.01097	0.01560	0.02001	0.02720	0.06859	0.06393	0.56366	0.00849	0.06528	0.00733	0.00360	0.00611
66	0.01415	0.01367	0.02222	0.32861	0.31934	0.03729	0.05148	0.01849	0.03423	0.01875	0.01266	0.01738	0.01022	0.00939	0.06283	0.00267	0.00900	0.00593	0.00319	0.00849
67	0.01051	0.00720	0.00822	0.00788	0.00836	0.00743	0.00485	0.06182	0.01103	0.01482	0.01977	0.03900	0.02200	0.66083	0.08527	0.00626	0.00717	0.00894	0.00407	0.00458
68	0.01421	0.01362	0.06793	0.01063	0.01661	0.00996	0.00922	0.06944	0.01471	0.02251	0.01180	0.01358	0.00957	0.00511	0.00501	0.00111	0.00532	0.00405	0.00395	0.69166
69	0.01831	0.66450	0.03152	0.01190	0.01709	0.13417	0.01127	0.02032	0.01391	0.01529	0.00913	0.01056	0.00830	0.00570	0.00440	0.00142	0.00762	0.00356	0.00285	0.00817
70	0.00811	0.00625	0.00741	0.00778	0.00919	0.00555	0.00558	0.00994	0.01486	0.01934	0.22848	0.29584	0.32476	0.01684	0.00784	0.00229	0.00337	0.01472	0.00629	0.00555
71	0.01407	0.05803	0.01915	0.01549	0.01613	0.04071	0.01292	0.01560	0.01081	0.01595	0.01319	0.01773	0.06245	0.01109	0.01822	0.00262	0.61453	0.00609	0.02822	0.00700
72	0.01765	0.48935	0.15161	0.01472	0.06065	0.05863	0.03221	0.02086	0.01404	0.07153	0.01103	0.01239	0.00901	0.00589	0.00497	0.00161	0.00765	0.00419	0.00322	0.00879
73	0.08657	0.01281	0.06970	0.01180	0.01707	0.01029	0.01040	0.02972	0.01757	0.62984	0.02321	0.02050	0.01473	0.00771	0.00628	0.00200	0.00577	0.00614	0.00730	0.01059
74	0.00928	0.00687	0.00820	0.00791	0.00973	0.00624	0.00591	0.01220	0.04063	0.04088	0.40395	0.10638	0.28892	0.01455	0.00761	0.00213	0.00331	0.01258	0.00665	0.00608
75	0.01525	0.01743	0.03813	0.02723	0.03377	0.01634	0.70915	0.02070	0.01525	0.02070	0.01307	0.01743	0.00980	0.00545	0.00763	0.00218	0.01089	0.00763	0.00327	0.00871
76	0.01386	0.01073	0.01121	0.03348	0.01356	0.08680	0.00806	0.01834	0.10996	0.10881	0.26641	0.12298	0.12711	0.01243	0.00723	0.00213	0.00490	0.02847	0.00631	0.00724
77	0.01470	0.01720	0.06210	0.02545	0.03172	0.01551	0.63005	0.02004	0.01542	0.02108	0.06749	0.01963	0.01364	0.00606	0.00757	0.00216	0.01025	0.00783	0.00354	0.00855
78	0.01154	0.00720	0.00903	0.00822	0.01038	0.00642	0.00629	0.01418	0.01748	0.12243	0.47618	0.04789	0.21153	0.01323	0.00747	0.00206	0.00344	0.01142	0.00697	0.00662
79	0.02319	0.13412	0.02046	0.01587	0.01951	0.64706	0.01229	0.02491	0.01759	0.01573	0.00985	0.01147	0.00832	0.00650	0.00559	0.00163	0.01100	0.00406	0.00325	0.00760
80	0.01738	0.01544	0.08039	0.01537	0.01793	0.01699	0.01343	0.11124	0.06713	0.12282	0.01394	0.01679	0.01114	0.01189	0.05686	0.00292	0.38956	0.00592	0.00435	0.00852
81	0.00904	0.00856	0.06360	0.01207	0.06592	0.00687	0.00853	0.01103	0.01312	0.01787	0.07872	0.58399	0.03874	0.01754	0.00793	0.00250	0.00450	0.03781	0.00561	0.00603
82	0.00786	0.00568	0.00744	0.00885	0.00933	0.00526	0.00593	0.00901	0.01252	0.01655	0.03744	0.72532	0.08493	0.02000	0.00821	0.00260	0.00372	0.01808	0.00600	0.00526
83	0.01968	0.13032	0.05096	0.06008	0.08970	0.32986	0.11436	0.07461	0.01710	0.01905	0.01167	0.03157	0.00975	0.00662	0.00606	0.00181	0.00972	0.00529	0.00348	0.00831
84	0.02162	0.01961	0.11446	0.01674	0.06859	0.04190	0.01399	0.44744	0.10571	0.06037	0.01620	0.01640	0.01167	0.00750	0.00641	0.00197	0.00733	0.00582	0.00572	0.01055
85	0.01368	0.01257	0.02228	0.11180	0.27012	0.01253	0.16325	0.01718	0.01431	0.04182	0.05862	0.09995	0.04150	0.06550	0.00900	0.00244	0.00746	0.02384	0.00404	0.00810

[dist]
# distance from previous block
# <min> <max>
0	6

[block]
# block no. 1 follows, 34 sequences, length 14
# corresponding to MSA columns:
# 109-122
name=unknown_B
#
# <colnr> <probs for GDERKNQSTAVLIFYWHMCP>
#	G	D	E	R	K	N	Q	S	T	A	V	L	I	F	Y	W	H	M	C	P
0	0.10433	0.03289	0.01702	0.08537	0.10539	0.07982	0.04998	0.01901	0.04015	0.07579	0.04125	0.01888	0.01336	0.04124	0.10789	0.00316	0.03733	0.00578	0.00405	0.11732
1	0.00856	0.00654	0.00786	0.00763	0.00932	0.00583	0.00568	0.01103	0.01677	0.02253	0.46586	0.08924	0.29039	0.01465	0.00766	0.00211	0.00316	0.01269	0.00667	0.00583
2	0.04778	0.12551	0.04412	0.01434	0.01937	0.23860	0.08555	0.03589	0.03476	0.03776	0.01161	0.01333	0.00937	0.00587	0.00546	0.00152	0.00808	0.00451	0.00367	0.25289
3	0.01122	0.00561	0.00842	0.00842	0.00842	0.00561	0.00561	0.00842	0.00842	0.01122	0.01122	0.01964	0.01122	0.02245	0.02525	0.81201	0.00561	0.00561	0.00281	0.00281
4	0.02382	0.01868	0.01853	0.01470	0.01950	0.09949	0.01194	0.52702	0.10360	0.07191	0.01658	0.01635	0.01190	0.00776	0.00641	0.00194	0.00731	0.00583	0.00621	0.01052
5	0.00798	0.00583	0.00752	0.00863	0.00933	0.00536	0.00589	0.00938	0.01328	0.01763	0.11441	0.61213	0.12075	0.01905	0.00811	0.00251	0.00362	0.01712	0.00612	0.00536
6	0.01589	0.02063	0.11883	0.02450	0.03072	0.09588	0.51608	0.02096	0.01512	0.01988	0.01233	0.01618	0.00938	0.00596	0.00794	0.00214	0.04899	0.00681	0.00319	0.00860
7	0.00848	0.00642	0.00783	0.00781	0.00933	0.00576	0.00573	0.01079	0.01622	0.02181	0.41487	0.17633	0.25436	0.01535	0.00773	0.00218	0.00323	0.01341	0.00659	0.00576
8	0.01126	0.01026	0.01259	0.01211	0.01370	0.08920	0.08361	0.03914	0.01404	0.01780	0.02904	0.52376	0.03332	0.03940	0.00862	0.00257	0.00570	0.04245	0.00536	0.00608
9	0.01504	0.09767	0.02220	0.01676	0.09730	0.01283	0.15944	0.01847	0.01410	0.04680	0.01241	0.01483	0.00999	0.00531	0.00555	0.00142	0.00662	0.00497	0.02684	0.41144
10	0.01066	0.00759	0.01044	0.01019	0.01174	0.00799	0.00788	0.01270	0.01179	0.05205	0.02291	0.11417	0.04863	0.09834	0.37078	0.00660	0.03949	0.08261	0.00438	0.06906
11	0.01728	0.16049	0.21440	0.01525	0.03677	0.20425	0.01453	0.04842	0.09389	0.02017	0.05210	0.01572	0.01268	0.00680	0.00576	0.00176	0.00831	0.00504	0.00378	0.06260
12	0.01694	0.12517	0.40137	0.01794	0.05957	0.11756	0.03812	0.08161	0.01597	0.05040	0.01202	0.01368	0.00893	0.00631	0.00594	0.00189	0.00906	0.00481	0.00340	0.00930
13	0.09606	0.16582	0.04801	0.01779	0.15430	0.05300	0.02446	0.04418	0.13578	0.02121	0.01624	0.07443	0.01458	0.00969	0.03256	0.00230	0.04493	0.03198	0.00418	0.00851

[dist]
# distance from previous block
# <min> <max>
2	10

[block]
# block no. 2 follows, 34 sequences, length 19
# corresponding to MSA columns:
# 133-151
name=unknown_C
#
# <colnr> <probs for GDERKNQSTAVLIFYWHMCP>
#	G	D	E	R	K	N	Q	S	T	A	V	L	I	F	Y	W	H	M	C	P
0	0.01754	0.11976	0.17721	0.04133	0.03780	0.16171	0.01464	0.09157	0.10254	0.04013	0.01570	0.02082	0.01319	0.00813	0.00687	0.00202	0.04059	0.07559	0.00419	0.00870
1	0.01822	0.10660	0.19110	0.02011	0.12468	0.13271	0.08974	0.13613	0.03171	0.04503	0.01340	0.03744	0.01068	0.00683	0.00620	0.00191	0.00867	0.00567	0.00391	0.00926
2	0.01390	0.22825	0.12575	0.01237	0.01612	0.09801	0.01158	0.01667	0.01280	0.01629	0.04512	0.01973	0.01415	0.07390	0.23690	0.00472	0.03761	0.00567	0.00332	0.00716
3	0.01201	0.01101	0.01571	0.01411	0.01461	0.01471	0.01151	0.01381	0.01011	0.01531	0.01231	0.01901	0.01181	0.02741	0.33598	0.00610	0.43866	0.00620	0.00310	0.00650
4	0.00934	0.00705	0.00873	0.00852	0.01023	0.00664	0.00652	0.01293	0.05739	0.02349	0.47942	0.08094	0.17355	0.01423	0.00771	0.00218	0.00350	0.07472	0.00673	0.00617
5	0.00870	0.00644	0.00811	0.00800	0.00946	0.00586	0.00589	0.01121	0.01677	0.02304	0.51103	0.16354	0.16838	0.01483	0.00772	0.00215	0.00320	0.01305	0.00675	0.00586
6	0.01766	0.17322	0.06424	0.07471	0.03670	0.10082	0.01264	0.13723	0.19913	0.02321	0.01748	0.01821	0.04278	0.00774	0.00674	0.00194	0.04619	0.00579	0.00458	0.00899
7	0.00803	0.00569	0.00745	0.00880	0.00913	0.00535	0.00578	0.00904	0.01206	0.01609	0.03404	0.69381	0.04075	0.09785	0.01079	0.00300	0.00401	0.01744	0.00578	0.00511
8	0.01159	0.03558	0.07467	0.01720	0.16634	0.01026	0.06004	0.01544	0.03189	0.02252	0.33104	0.07746	0.08514	0.01088	0.00717	0.00207	0.00539	0.02249	0.00535	0.00750
9	0.01040	0.01032	0.06857	0.01020	0.01245	0.03906	0.00812	0.04776	0.01401	0.01862	0.03206	0.48368	0.10418	0.01584	0.00745	0.00228	0.00479	0.01399	0.00541	0.09079
10	0.08309	0.65834	0.03064	0.01100	0.01637	0.02385	0.01071	0.04435	0.01377	0.04497	0.00985	0.01101	0.00858	0.00574	0.00431	0.00148	0.00671	0.00366	0.00320	0.00839
11	0.03745	0.35836	0.24427	0.01416	0.02089	0.01974	0.04311	0.09213	0.01515	0.02054	0.01083	0.01244	0.00867	0.00590	0.00518	0.00166	0.00767	0.00430	0.00328	0.07427
12	0.01655	0.03459	0.01313	0.01058	0.01325	0.01241	0.00790	0.23762	0.08694	0.07910	0.02178	0.03046	0.05464	0.33258	0.01767	0.00380	0.00623	0.00787	0.00538	0.00755
13	0.01070	0.00815	0.00959	0.00900	0.01125	0.00773	0.00689	0.05353	0.06972	0.02299	0.27009	0.14051	0.17298	0.01341	0.00726	0.00209	0.00393	0.05842	0.04222	0.07956
14	0.62992	0.01540	0.08607	0.01037	0.01509	0.01528	0.00944	0.11118	0.01385	0.02967	0.01013	0.01149	0.00765	0.00625	0.00455	0.00200	0.00575	0.00394	0.00420	0.00779
15	0.01063	0.00761	0.00961	0.00941	0.01043	0.00816	0.00666	0.08244	0.01245	0.01704	0.02150	0.16425	0.02301	0.29620	0.28435	0.00665	0.00990	0.00975	0.00439	0.00556
16	0.01935	0.01626	0.01753	0.01425	0.01833	0.10625	0.06719	0.28540	0.13425	0.06315	0.10334	0.02369	0.05943	0.01001	0.02985	0.00226	0.00721	0.00720	0.00586	0.00919
17	0.01410	0.00985	0.01210	0.01227	0.07113	0.00959	0.00856	0.09062	0.08931	0.11150	0.07251	0.18869	0.20649	0.01291	0.00719	0.00216	0.00472	0.02643	0.00609	0.04378
18	0.12025	0.01081	0.01265	0.01007	0.01450	0.00970	0.00809	0.05755	0.01594	0.28831	0.02403	0.08036	0.08857	0.00869	0.00597	0.00178	0.00496	0.00703	0.00593	0.22479

[dist]
# distance from previous block
# <min> <max>
0	3

[block]
# block no. 3 follows, 34 sequences, length 22
# corresponding to MSA columns:
# 155-176
name=unknown_D
#
# <colnr> <probs for GDERKNQSTAVLIFYWHMCP>
#	G	D	E	R	K	N	Q	S	T	A	V	L	I	F	Y	W	H	M	C	P
0	0.01152	0.01232	0.11505	0.01239	0.01530	0.01012	0.07396	0.06054	0.01245	0.01751	0.01669	0.02680	0.01600	0.24113	0.29912	0.00643	0.01141	0.00722	0.00368	0.03035
1	0.10742	0.45514	0.02528	0.01172	0.01615	0.16435	0.01039	0.03651	0.01418	0.01749	0.01135	0.05948	0.01083	0.02911	0.00561	0.00174	0.00742	0.00477	0.00334	0.00774
2	0.09914	0.01642	0.04764	0.01429	0.03950	0.01713	0.01161	0.40562	0.13291	0.09213	0.01730	0.01788	0.01272	0.03762	0.00726	0.00216	0.00655	0.00597	0.00601	0.01012
3	0.01517	0.04637	0.02192	0.16942	0.37315	0.01553	0.01647	0.02253	0.18703	0.02137	0.01601	0.01967	0.01296	0.00698	0.00643	0.00204	0.00715	0.02636	0.00402	0.00943
4	0.01289	0.02317	0.39967	0.03407	0.10023	0.04001	0.01760	0.01814	0.02663	0.01959	0.08330	0.02171	0.01606	0.11951	0.01079	0.00267	0.03590	0.00631	0.00348	0.00825
5	0.05816	0.01457	0.01530	0.01315	0.01711	0.01659	0.01042	0.19826	0.49054	0.03043	0.04870	0.02221	0.01847	0.00854	0.00646	0.00211	0.00552	0.00691	0.00644	0.01010
6	0.01148	0.00927	0.01007	0.00950	0.01201	0.00953	0.00719	0.01936	0.27433	0.03795	0.13983	0.09789	0.29251	0.03003	0.00783	0.00228	0.00407	0.01114	0.00636	0.00737
7	0.00872	0.00653	0.00809	0.00784	0.00943	0.00590	0.00583	0.01133	0.01710	0.02339	0.53459	0.10016	0.20854	0.01439	0.00767	0.00211	0.00315	0.01257	0.00679	0.00590
8	0.00942	0.00898	0.07974	0.00942	0.01074	0.00742	0.00738	0.01099	0.01063	0.01470	0.02147	0.16820	0.02353	0.36332	0.21943	0.00630	0.00912	0.00992	0.00406	0.00521
9	0.00969	0.00727	0.00948	0.00936	0.00971	0.00818	0.00650	0.01061	0.01015	0.01410	0.02041	0.14115	0.02265	0.38613	0.21192	0.00639	0.09774	0.00963	0.00398	0.00496
10	0.01967	0.51668	0.02844	0.01301	0.01777	0.27712	0.01155	0.02160	0.01494	0.01542	0.00933	0.01081	0.00830	0.00592	0.00473	0.00148	0.00856	0.00370	0.00296	0.00801
11	0.01703	0.44851	0.05401	0.01264	0.04175	0.05274	0.01107	0.11947	0.01555	0.01921	0.01312	0.06599	0.01257	0.08207	0.00781	0.00208	0.00700	0.00556	0.00368	0.00814
12	0.01757	0.10125	0.24504	0.03751	0.12340	0.12274	0.06072	0.03390	0.03832	0.09358	0.01323	0.01489	0.00993	0.00629	0.00600	0.00185	0.00850	0.00511	0.00372	0.05646
13	0.02205	0.01535	0.01607	0.01299	0.01705	0.06477	0.01028	0.34788	0.11260	0.16360	0.01910	0.02149	0.01470	0.12007	0.01032	0.00260	0.00674	0.00655	0.00618	0.00962
14	0.01021	0.11955	0.01219	0.00857	0.01069	0.00891	0.00684	0.01295	0.01698	0.02322	0.53290	0.06836	0.10204	0.01267	0.00717	0.00199	0.00373	0.02836	0.00632	0.00634
15	0.01151	0.00990	0.08101	0.06538	0.01460	0.00765	0.00883	0.01425	0.01527	0.10718	0.20292	0.20406	0.20489	0.01372	0.00740	0.00221	0.00461	0.01190	0.00595	0.00677
16	0.01817	0.03933	0.05671	0.04640	0.12525	0.08148	0.06567	0.20356	0.10475	0.04086	0.01505	0.01727	0.01176	0.01135	0.07995	0.00285	0.05984	0.00597	0.00455	0.00924
17	0.02216	0.10188	0.02274	0.01765	0.02167	0.56919	0.11452	0.02442	0.01735	0.01647	0.01034	0.01237	0.00854	0.00637	0.00593	0.00171	0.01108	0.00460	0.00326	0.00775
18	0.01863	0.62997	0.03080	0.01216	0.01725	0.16756	0.01134	0.02062	0.01415	0.01532	0.00918	0.01062	0.00830	0.00575	0.00448	0.00144	0.00784	0.00359	0.00288	0.00813
19	0.00819	0.00592	0.00743	0.00834	0.00898	0.00550	0.00558	0.00940	0.01279	0.01695	0.10526	0.50904	0.12154	0.12949	0.01173	0.00305	0.00399	0.01584	0.00580	0.00516
20	0.01324	0.01148	0.01470	0.01393	0.11993	0.00927	0.00928	0.01608	0.01349	0.02062	0.01394	0.08773	0.01291	0.00644	0.00536	0.00126	0.00511	0.00553	0.00395	0.61574
21	0.01212	0.01100	0.01198	0.01067	0.01188	0.11601	0.07452	0.01306	0.01135	0.01399	0.01790	0.03414	0.01940	0.53310	0.07802	0.00549	0.00830	0.00828	0.00373	0.00504

[dist]
# distance from previous block
# <min> <max>
0	1

[block]
# block no. 4 follows, 34 sequences, length 22
# corresponding to MSA columns:
# 178-199
name=unknown_E
#
# <colnr> <probs for GDERKNQSTAVLIFYWHMCP>
#	G	D	E	R	K	N	Q	S	T	A	V	L	I	F	Y	W	H	M	C	P
0	0.01085	0.00701	0.00849	0.00804	0.01010	0.00617	0.00605	0.01308	0.01629	0.10824	0.31368	0.13259	0.30603	0.01457	0.00756	0.00215	0.00351	0.01255	0.00667	0.00635
1	0.02797	0.01262	0.01600	0.01227	0.01731	0.01191	0.01013	0.18726	0.02122	0.57748	0.02320	0.02051	0.01485	0.00794	0.00649	0.00199	0.00587	0.00634	0.00765	0.01099
2	0.01629	0.10536	0.03584	0.02442	0.03055	0.08375	0.56615	0.02101	0.01529	0.01963	0.01232	0.01610	0.00950	0.00557	0.00706	0.00204	0.01051	0.00683	0.00322	0.00856
3	0.01730	0.01298	0.01430	0.01253	0.01606	0.01435	0.00979	0.14502	0.42021	0.09004	0.06653	0.10890	0.02295	0.01010	0.00680	0.00217	0.00521	0.00850	0.00665	0.00961
4	0.00824	0.00602	0.00768	0.00875	0.00953	0.00559	0.00613	0.00967	0.01314	0.01727	0.08426	0.51707	0.13834	0.06300	0.00962	0.00277	0.00398	0.07767	0.00595	0.00532
5	0.00849	0.00639	0.00786	0.00789	0.00935	0.00575	0.00577	0.01077	0.01614	0.02176	0.41311	0.19962	0.23251	0.01548	0.00775	0.00219	0.00325	0.01357	0.00659	0.00575
6	0.01436	0.07442	0.55054	0.01766	0.02532	0.08265	0.02098	0.02032	0.01361	0.01917	0.01094	0.01333	0.00824	0.00674	0.00771	0.00206	0.09541	0.00474	0.00280	0.00901
7	0.01556	0.08531	0.02090	0.01639	0.01727	0.10336	0.01367	0.01707	0.01115	0.01555	0.00870	0.01351	0.00845	0.01025	0.01790	0.00256	0.60701	0.00528	0.00288	0.00723
8	0.01448	0.01140	0.01241	0.01140	0.01448	0.01247	0.00876	0.02674	0.46384	0.07093	0.05786	0.11553	0.12957	0.01132	0.00696	0.00222	0.00464	0.00961	0.00654	0.00885
9	0.00940	0.00626	0.00705	0.00705	0.00705	0.00626	0.00392	0.00940	0.00940	0.01253	0.02036	0.04228	0.02349	0.77292	0.03289	0.00626	0.00626	0.00940	0.00392	0.00392
10	0.08827	0.01969	0.20760	0.02153	0.17765	0.04698	0.10144	0.04715	0.03311	0.10395	0.01502	0.05968	0.01206	0.00730	0.00680	0.00206	0.03013	0.00632	0.00407	0.00919
11	0.00935	0.00718	0.00909	0.00973	0.01077	0.00723	0.00700	0.01227	0.07552	0.01807	0.06460	0.50037	0.07317	0.04262	0.00940	0.00264	0.03927	0.06421	0.00581	0.03172
12	0.01296	0.03342	0.73944	0.01842	0.02797	0.01501	0.02387	0.02046	0.01364	0.02046	0.01160	0.01364	0.00818	0.00614	0.00614	0.00205	0.00955	0.00477	0.00273	0.00955
13	0.01343	0.00860	0.01098	0.05353	0.01293	0.03800	0.00773	0.07515	0.01217	0.05441	0.01501	0.06765	0.01424	0.04623	0.11816	0.42862	0.00766	0.00673	0.00377	0.00503
14	0.03818	0.09510	0.13670	0.06918	0.02370	0.13199	0.10578	0.14080	0.15057	0.02386	0.01465	0.01597	0.01108	0.00686	0.00620	0.00195	0.00837	0.00562	0.00430	0.00913
15	0.01483	0.01548	0.07404	0.13742	0.05832	0.04082	0.07095	0.04550	0.01308	0.04517	0.03645	0.01692	0.01124	0.01070	0.04612	0.00277	0.34297	0.00602	0.00342	0.00779
16	0.00859	0.00591	0.00731	0.00810	0.00837	0.00568	0.00510	0.00915	0.01110	0.01474	0.02950	0.42668	0.05424	0.33035	0.01888	0.02764	0.00483	0.01416	0.00505	0.00463
17	0.06037	0.06693	0.02160	0.01595	0.02089	0.15478	0.09147	0.40369	0.02398	0.05776	0.01387	0.01470	0.01019	0.00708	0.00622	0.00189	0.00822	0.00549	0.00523	0.00972
18	0.03846	0.01901	0.05638	0.07366	0.22749	0.15108	0.03248	0.20244	0.01892	0.02466	0.01346	0.05071	0.01124	0.00747	0.00707	0.00199	0.04412	0.00602	0.00418	0.00918
19	0.15428	0.10491	0.06148	0.01326	0.05399	0.12301	0.02778	0.03640	0.06694	0.04456	0.02135	0.05195	0.11496	0.01077	0.04818	0.00237	0.00726	0.00660	0.00433	0.04562
20	0.03428	0.07518	0.05813	0.03678	0.04799	0.02436	0.01055	0.13551	0.03261	0.02154	0.04448	0.05550	0.01600	0.06359	0.19342	0.03274	0.03639	0.00668	0.01670	0.05757
21	0.03690	0.06268	0.06180	0.03252	0.03130	0.15022	0.10307	0.13617	0.11519	0.02305	0.02013	0.08418	0.06423	0.00901	0.00695	0.00205	0.02655	0.02089	0.00468	0.00843

[dist]
# distance from previous block
# <min> <max>
1	13

[block]
# block no. 5 follows, 34 sequences, length 71
# corresponding to MSA columns:
# 213-283
name=unknown_F
#
# <colnr> <probs for GDERKNQSTAVLIFYWHMCP>
#	G	D	E	R	K	N	Q	S	T	A	V	L	I	F	Y	W	H	M	C	P
0	0.06135	0.08342	0.08423	0.05405	0.02035	0.19107	0.07852	0.07723	0.06326	0.02107	0.08042	0.02020	0.04238	0.03503	0.00815	0.00212	0.05885	0.00622	0.00415	0.00793
1	0.01994	0.17682	0.04117	0.08588	0.09369	0.21429	0.01352	0.12946	0.05226	0.05882	0.01259	0.01427	0.00992	0.00687	0.00651	0.00183	0.04441	0.00495	0.00401	0.00880
2	0.02120	0.07984	0.09271	0.01576	0.02060	0.29051	0.05968	0.19383	0.03844	0.06387	0.01588	0.01667	0.04782	0.00735	0.00616	0.00184	0.00895	0.00553	0.00449	0.00887
3	0.00956	0.00709	0.00927	0.00992	0.01146	0.00690	0.00807	0.01255	0.03365	0.02028	0.19683	0.12173	0.14838	0.01814	0.04722	0.00298	0.00526	0.31866	0.00611	0.00595
4	0.02616	0.01206	0.01529	0.01191	0.01662	0.01140	0.00977	0.15776	0.04199	0.52704	0.08068	0.02297	0.01881	0.00840	0.00658	0.00200	0.00559	0.00681	0.00759	0.01057
5	0.00820	0.00657	0.00733	0.00714	0.00908	0.00570	0.00536	0.01037	0.01607	0.02063	0.31479	0.05695	0.47868	0.01518	0.00763	0.00213	0.00319	0.01290	0.00642	0.00570
6	0.04479	0.07460	0.08176	0.01413	0.01906	0.14938	0.01221	0.29502	0.08260	0.04591	0.01518	0.04542	0.01200	0.00756	0.00603	0.00183	0.00753	0.00568	0.00504	0.07426
7	0.00923	0.00692	0.01038	0.01038	0.01154	0.00808	0.00808	0.01154	0.01038	0.01500	0.01731	0.02538	0.01615	0.04846	0.74732	0.01038	0.01731	0.00692	0.00346	0.00577
8	0.02183	0.14633	0.02122	0.04742	0.04896	0.27884	0.01251	0.20640	0.05448	0.05996	0.01299	0.01409	0.01007	0.00703	0.00631	0.00180	0.03144	0.00494	0.00443	0.00895
9	0.01340	0.01148	0.01340	0.00957	0.01531	0.00861	0.00766	0.01627	0.01340	0.02105	0.01148	0.01340	0.00957	0.00479	0.00479	0.00096	0.00479	0.00383	0.00383	0.81242
10	0.02099	0.10281	0.06931	0.01836	0.07839	0.44889	0.05809	0.02474	0.06843	0.03412	0.01191	0.01352	0.00957	0.00654	0.00591	0.00176	0.01004	0.00477	0.00356	0.00829
11	0.00877	0.00674	0.00812	0.00820	0.00998	0.00609	0.00643	0.01124	0.01621	0.02126	0.33067	0.05850	0.32696	0.01535	0.00787	0.00227	0.00368	0.13941	0.00645	0.00581
12	0.01414	0.01414	0.01979	0.01696	0.01696	0.01979	0.01414	0.01555	0.00990	0.01555	0.00848	0.01414	0.00848	0.01131	0.02120	0.00283	0.76110	0.00565	0.00283	0.00707
13	0.00787	0.00578	0.00738	0.00862	0.00928	0.00530	0.00584	0.00911	0.01286	0.01686	0.05669	0.64755	0.14416	0.01950	0.00814	0.00254	0.00366	0.01751	0.00603	0.00530
14	0.02454	0.01877	0.01933	0.01496	0.02003	0.05834	0.01229	0.67496	0.02974	0.03941	0.01522	0.01531	0.01085	0.00770	0.00643	0.00192	0.00735	0.00573	0.00630	0.01080
15	0.00810	0.00644	0.00731	0.00770	0.00938	0.00566	0.00575	0.00990	0.01464	0.01834	0.12864	0.20722	0.45392	0.01695	0.00788	0.00233	0.00359	0.07462	0.00612	0.00553
16	0.02254	0.01747	0.01801	0.01429	0.01889	0.05257	0.01156	0.54655	0.12633	0.03614	0.01704	0.01796	0.01276	0.04817	0.00784	0.00219	0.00699	0.00614	0.00620	0.01035
17	0.00787	0.00562	0.00750	0.00900	0.00937	0.00525	0.00600	0.00900	0.01237	0.01649	0.03561	0.76871	0.04274	0.02024	0.00825	0.00262	0.00375	0.01837	0.00600	0.00525
18	0.00787	0.00562	0.00750	0.00900	0.00937	0.00525	0.00600	0.00900	0.01237	0.01649	0.03561	0.76871	0.04274	0.02024	0.00825	0.00262	0.00375	0.01837	0.00600	0.00525
19	0.02065	0.04991	0.01833	0.01556	0.05184	0.15560	0.01186	0.27124	0.28192	0.02901	0.01803	0.01777	0.01357	0.00774	0.00629	0.00196	0.00725	0.00596	0.00561	0.00990
20	0.81856	0.01250	0.00950	0.00850	0.01250	0.01449	0.00700	0.01899	0.01100	0.02899	0.00900	0.01050	0.00700	0.00600	0.00400	0.00200	0.00500	0.00350	0.00400	0.00700
21	0.04978	0.74581	0.03287	0.01095	0.01642	0.02512	0.01089	0.01933	0.01304	0.01576	0.00898	0.01037	0.00824	0.00555	0.00414	0.00141	0.00683	0.00346	0.00281	0.00824
22	0.73557	0.01288	0.01041	0.00907	0.01318	0.01477	0.00747	0.07195	0.01268	0.05019	0.00997	0.01121	0.00756	0.00619	0.00426	0.00199	0.00517	0.00376	0.00430	0.00742
23	0.01719	0.05655	0.03903	0.11127	0.02151	0.12330	0.04056	0.18549	0.08808	0.02320	0.01555	0.05622	0.01312	0.01405	0.11484	0.00325	0.05760	0.00643	0.00442	0.00832
24	0.01340	0.01148	0.01340	0.00957	0.01531	0.00861	0.00766	0.01627	0.01340	0.02105	0.01148	0.01340	0.00957	0.00479	0.00479	0.00096	0.00479	0.00383	0.00383	0.81242
25	0.00876	0.00659	0.00810	0.00772	0.00942	0.00593	0.00579	0.01145	0.01738	0.02375	0.55973	0.05182	0.23179	0.01401	0.00762	0.00207	0.00311	0.01218	0.00683	0.00593
26	0.06845	0.08057	0.01796	0.05281	0.01885	0.01516	0.01085	0.27547	0.02162	0.31823	0.04264	0.01862	0.01413	0.00768	0.00618	0.00193	0.00627	0.00595	0.00645	0.01016
27	0.01122	0.00561	0.00842	0.00842	0.00842	0.00561	0.00561	0.00842	0.00842	0.01122	0.01122	0.01964	0.01122	0.02245	0.02525	0.81201	0.00561	0.00561	0.00281	0.00281
28	0.01582	0.28909	0.39709	0.01584	0.02335	0.05773	0.04631	0.02084	0.01399	0.04868	0.01125	0.01291	0.00863	0.00601	0.00551	0.00180	0.00863	0.00447	0.00302	0.00903
29	0.00769	0.00655	0.00663	0.00661	0.00876	0.00548	0.00495	0.00938	0.01486	0.01778	0.09086	0.06165	0.70439	0.01624	0.00764	0.00218	0.00326	0.01356	0.00604	0.00548
30	0.01600	0.39666	0.33145	0.01468	0.02191	0.02018	0.03320	0.03997	0.01407	0.04261	0.01093	0.01246	0.00862	0.00593	0.00522	0.00172	0.00808	0.00428	0.00304	0.00900
31	0.01967	0.04456	0.10313	0.03092	0.08362	0.07815	0.04307	0.25712	0.08987	0.06966	0.01499	0.01595	0.01115	0.00704	0.00661	0.00188	0.02851	0.00555	0.00491	0.08363
32	0.01657	0.01227	0.01371	0.01193	0.01535	0.01340	0.00936	0.10990	0.39282	0.09625	0.20287	0.02899	0.02876	0.00970	0.00682	0.00210	0.00487	0.00816	0.00683	0.00935
33	0.01039	0.00682	0.00880	0.00950	0.01054	0.00651	0.00664	0.05560	0.01418	0.06611	0.06296	0.64061	0.03970	0.01834	0.00799	0.00251	0.00405	0.01650	0.00621	0.00603
34	0.01541	0.03575	0.05816	0.11787	0.29699	0.06384	0.13760	0.02127	0.10258	0.02068	0.03482	0.03876	0.01322	0.00685	0.00662	0.00203	0.00813	0.00658	0.00376	0.00907
35	0.01654	0.13844	0.16293	0.04185	0.17726	0.07870	0.10669	0.02209	0.08455	0.04908	0.01322	0.01547	0.01036	0.00654	0.00693	0.00196	0.04917	0.00550	0.00356	0.00915
36	0.00991	0.00796	0.01202	0.01138	0.01281	0.00921	0.03710	0.01282	0.03485	0.01576	0.01873	0.02576	0.04163	0.04222	0.62661	0.00907	0.05531	0.00714	0.00362	0.00610
37	0.00900	0.00615	0.00712	0.00743	0.00761	0.00602	0.00439	0.00931	0.01027	0.01358	0.02567	0.19336	0.06124	0.58120	0.02659	0.00532	0.00560	0.01145	0.00445	0.00426
38	0.01847	0.01515	0.01567	0.01353	0.01752	0.04140	0.01067	0.16367	0.53781	0.05645	0.02365	0.02196	0.01752	0.00847	0.00652	0.00212	0.00573	0.00688	0.00650	0.01031
39	0.01340	0.01148	0.01340	0.00957	0.01531	0.00861	0.00766	0.01627	0.01340	0.02105	0.01148	0.01340	0.00957	0.00479	0.00479	0.00096	0.00479	0.00383	0.00383	0.81242
40	0.00870	0.00609	0.00744	0.00812	0.00855	0.00585	0.00527	0.00955	0.01163	0.01540	0.06020	0.34410	0.07901	0.34305	0.01881	0.00415	0.00489	0.04927	0.00515	0.00476
41	0.01220	0.01148	0.01938	0.75739	0.04450	0.01436	0.01794	0.01651	0.01292	0.01651	0.01148	0.01723	0.00861	0.00646	0.00646	0.00215	0.00861	0.00574	0.00287	0.00718
42	0.01509	0.11428	0.20900	0.09683	0.29699	0.03099	0.10701	0.01984	0.01421	0.01962	0.01163	0.01491	0.00923	0.00587	0.00620	0.00194	0.00863	0.00543	0.00301	0.00928
43	0.00899	0.00614	0.00741	0.00797	0.00818	0.00603	0.00498	0.00953	0.01067	0.01420	0.02599	0.26962	0.03035	0.49040	0.02369	0.00492	0.00546	0.05632	0.00469	0.00446
44	0.00809	0.00585	0.00758	0.00874	0.00936	0.00543	0.00596	0.00941	0.01298	0.01724	0.09320	0.60769	0.09620	0.05017	0.00918	0.00270	0.00382	0.03512	0.00600	0.00530
45	0.02481	0.01697	0.01860	0.01434	0.01943	0.01846	0.01182	0.59198	0.05679	0.13407	0.01730	0.01674	0.01202	0.00783	0.00647	0.00196	0.00681	0.00597	0.00667	0.01096
46	0.01440	0.01211	0.01393	0.01013	0.01575	0.00981	0.00812	0.07358	0.03986	0.02287	0.01234	0.01395	0.01005	0.00517	0.00499	0.00108	0.00499	0.00411	0.00414	0.71862
47	0.00814	0.00596	0.00760	0.00861	0.00940	0.00550	0.00597	0.00960	0.01337	0.01768	0.11889	0.53572	0.13710	0.04549	0.00899	0.00264	0.00378	0.04414	0.00605	0.00536
48	0.00911	0.00659	0.00850	0.00803	0.00950	0.00609	0.00596	0.01198	0.01776	0.02503	0.67659	0.04837	0.07805	0.04962	0.00883	0.00224	0.00321	0.01163	0.00693	0.00597
49	0.02414	0.03079	0.01831	0.01665	0.01998	0.74698	0.01248	0.02580	0.01831	0.01581	0.00999	0.01165	0.00832	0.00666	0.00583	0.00166	0.01165	0.00416	0.00333	0.00749
50	0.00936	0.00625	0.00706	0.00709	0.00710	0.00624	0.00397	0.00939	0.00947	0.01262	0.02073	0.05995	0.02396	0.75462	0.03229	0.00618	0.00620	0.00961	0.00397	0.00395
51	0.01607	0.01388	0.01461	0.01315	0.01680	0.01607	0.01023	0.03433	0.72094	0.02703	0.02630	0.02411	0.01972	0.00877	0.00657	0.00219	0.00511	0.00731	0.00657	0.01023
52	0.00905	0.00660	0.00851	0.00803	0.00960	0.00606	0.00602	0.01201	0.01807	0.02539	0.68817	0.04913	0.10233	0.01340	0.00762	0.00204	0.00306	0.01181	0.00704	0.00606
53	0.01727	0.77681	0.03386	0.01106	0.01658	0.02557	0.01106	0.01935	0.01313	0.01520	0.00898	0.01036	0.00829	0.00553	0.00415	0.00138	0.00691	0.00345	0.00276	0.00829
54	0.01800	0.01450	0.01544	0.01338	0.01735	0.01651	0.01055	0.15039	0.57680	0.05526	0.02442	0.02255	0.01809	0.00856	0.00655	0.00214	0.00547	0.00702	0.00661	0.01039
55	0.16289	0.09527	0.01942	0.01378	0.01863	0.09337	0.03648	0.38028	0.02267	0.07740	0.01369	0.01420	0.01002	0.00704	0.00577	0.00188	0.00722	0.00511	0.00531	0.00957
56	0.00792	0.00651	0.00697	0.00695	0.00893	0.00556	0.00518	0.00979	0.01526	0.01895	0.18476	0.09343	0.57545	0.01598	0.00766	0.00218	0.00325	0.01351	0.00620	0.00556
57	0.01076	0.01040	0.08678	0.00975	0.01251	0.00815	0.00836	0.03238	0.07981	0.04840	0.29114	0.15462	0.19484	0.01351	0.00740	0.00217	0.00428	0.01168	0.00619	0.00687
58	0.01057	0.00908	0.01325	0.01219	0.01375	0.03958	0.06221	0.01298	0.01103	0.01543	0.01630	0.02409	0.01514	0.06209	0.60093	0.00888	0.05615	0.00687	0.00342	0.00608
59	0.01064	0.00868	0.01177	0.01098	0.01143	0.01062	0.00825	0.01192	0.01014	0.01462	0.03706	0.02880	0.01790	0.28726	0.27847	0.00663	0.21820	0.00757	0.00355	0.00550
60	0.02416	0.03019	0.01836	0.01656	0.01998	0.71223	0.01247	0.05856	0.01889	0.01700	0.01025	0.01184	0.00845	0.00671	0.00586	0.00168	0.01143	0.00424	0.00348	0.00766
61	0.01774	0.72820	0.03293	0.01130	0.01681	0.02521	0.01113	0.06367	0.01423	0.01684	0.00940	0.01069	0.00846	0.00567	0.00429	0.00142	0.00692	0.00361	0.00300	0.00846
62	0.00787	0.00562	0.00750	0.00900	0.00937	0.00525	0.00600	0.00900	0.01237	0.01649	0.03561	0.76871	0.04274	0.02024	0.00825	0.00262	0.00375	0.01837	0.00600	0.00525
63	0.06537	0.02873	0.01814	0.01691	0.04062	0.65883	0.01248	0.02487	0.01750	0.01665	0.00994	0.01182	0.00832	0.00677	0.00634	0.00173	0.03987	0.00423	0.00334	0.00753
64	0.00794	0.00568	0.00756	0.00895	0.00939	0.00529	0.00600	0.00917	0.01269	0.01700	0.07319	0.72968	0.04372	0.01986	0.00821	0.00259	0.00371	0.01801	0.00606	0.00529
65	0.07781	0.06355	0.03612	0.01556	0.01735	0.04399	0.04217	0.05354	0.01217	0.03961	0.01049	0.01490	0.00940	0.01284	0.07728	0.00315	0.45373	0.00550	0.00335	0.00750
66	0.02047	0.01568	0.01977	0.01767	0.09920	0.01686	0.06436	0.40244	0.07380	0.06806	0.03841	0.04310	0.03349	0.00857	0.00715	0.00206	0.02790	0.02519	0.00582	0.00998
67	0.00786	0.00566	0.00746	0.00889	0.00934	0.00526	0.00595	0.00901	0.01247	0.01653	0.03687	0.73885	0.07177	0.02008	0.00822	0.00261	0.00373	0.01817	0.00600	0.00526
68	0.05331	0.02105	0.01927	0.04168	0.15028	0.32936	0.03001	0.06199	0.01697	0.07763	0.03747	0.01532	0.01137	0.00711	0.00720	0.00187	0.06651	0.00521	0.00399	0.04241
69	0.15926	0.14745	0.11171	0.02959	0.02064	0.27763	0.06915	0.06041	0.03282	0.02066	0.01083	0.01258	0.00862	0.00630	0.00548	0.00180	0.00892	0.00449	0.00352	0.00815
70	0.03915	0.01306	0.01614	0.12447	0.05905	0.01424	0.01159	0.24516	0.09063	0.11039	0.06857	0.08351	0.05636	0.00948	0.00709	0.00210	0.02643	0.00780	0.00576	0.00900

[dist]
# distance from previous block
# <min> <max>
0	8

[block]
# block no. 6 follows, 34 sequences, length 40
# corresponding to MSA columns:
# 292-331
name=unknown_G
#
# <colnr> <probs for GDERKNQSTAVLIFYWHMCP>
#	G	D	E	R	K	N	Q	S	T	A	V	L	I	F	Y	W	H	M	C	P
