[name]
unknown

[dist]
# distance from previous block
# <min> <max>
0	1

[block]
# block no. 0 follows, 31 sequences, length 15
# corresponding to MSA columns:
# 1-15
name=unknown_A
#
# <colnr> <probs for GDERKNQSTAVLIFYWHMCP>
#	G	D	E	R	K	N	Q	S	T	A	V	L	I	F	Y	W	H	M	C	P
0	0.01095	0.00783	0.01092	0.01238	0.01396	0.00780	0.01077	0.01410	0.01595	0.02086	0.07341	0.07574	0.04076	0.01863	0.00937	0.00310	0.00613	0.63468	0.00637	0.00631
1	0.02188	0.01650	0.01809	0.01383	0.01912	0.01715	0.01131	0.47909	0.02691	0.03695	0.07471	0.01886	0.01579	0.00797	0.00654	0.00182	0.00659	0.00620	0.00625	0.19443
2	0.01308	0.01681	0.16134	0.59829	0.04362	0.01534	0.02026	0.01832	0.01383	0.01832	0.01218	0.01748	0.00903	0.00677	0.00677	0.00226	0.00932	0.00587	0.00301	0.00810
3	0.00970	0.00641	0.00822	0.00915	0.00978	0.00601	0.00607	0.01081	0.01306	0.04915	0.05719	0.54292	0.05878	0.16279	0.01364	0.00346	0.00453	0.01668	0.00606	0.00560
4	0.01372	0.01298	0.02197	0.60279	0.18117	0.01541	0.01940	0.01818	0.01406	0.01845	0.01230	0.01798	0.00946	0.00669	0.00683	0.00223	0.00892	0.00608	0.00311	0.00825
5	0.01472	0.01412	0.02435	0.42210	0.32532	0.01573	0.04745	0.01912	0.01457	0.01969	0.01252	0.01770	0.00989	0.00649	0.00686	0.00218	0.00881	0.00617	0.00320	0.00901
6	0.01089	0.00929	0.00880	0.00906	0.00991	0.08435	0.00591	0.01168	0.01273	0.01563	0.03231	0.24517	0.13529	0.35542	0.02024	0.00435	0.00601	0.01273	0.00504	0.00520
7	0.02159	0.16227	0.05372	0.01670	0.02023	0.42991	0.01382	0.02365	0.01639	0.01679	0.01014	0.01271	0.00883	0.00779	0.00912	0.00197	0.15838	0.00462	0.00328	0.00809
8	0.16962	0.03432	0.01955	0.33191	0.07968	0.12167	0.03090	0.04258	0.01498	0.04357	0.01192	0.01569	0.00921	0.00700	0.00689	0.00215	0.04113	0.00539	0.00367	0.00816
9	0.13450	0.03899	0.07691	0.03931	0.22151	0.03742	0.09164	0.12485	0.03521	0.04419	0.01349	0.01583	0.01043	0.00654	0.00630	0.00199	0.00787	0.00565	0.00428	0.08309
10	0.01102	0.00716	0.00908	0.00886	0.01064	0.00645	0.00654	0.01344	0.01721	0.08761	0.37335	0.21940	0.17159	0.01585	0.00812	0.00233	0.00369	0.01393	0.00713	0.00660
11	0.00889	0.00630	0.00821	0.00943	0.01020	0.00587	0.00665	0.01002	0.01339	0.01746	0.03988	0.52081	0.13765	0.02077	0.01025	0.07065	0.00432	0.08776	0.00606	0.00545
12	0.24670	0.14283	0.06390	0.01432	0.05164	0.05384	0.05838	0.09830	0.01607	0.02537	0.07686	0.03334	0.01510	0.00882	0.00734	0.06187	0.00697	0.00584	0.00436	0.00817
13	0.09035	0.07700	0.01580	0.03955	0.03302	0.03483	0.00981	0.12433	0.01576	0.02260	0.01924	0.05964	0.06123	0.10391	0.12409	0.00395	0.06008	0.00725	0.00449	0.09307
14	0.13643	0.09752	0.09757	0.05088	0.05814	0.03005	0.01309	0.17636	0.07000	0.05965	0.05333	0.02368	0.04189	0.00875	0.00643	0.00213	0.00697	0.05260	0.00521	0.00930

[dist]
# distance from previous block
# <min> <max>
1	23

[block]
# block no. 1 follows, 31 sequences, length 55
# corresponding to MSA columns:
# 42-96
name=unknown_B
#
# <colnr> <probs for GDERKNQSTAVLIFYWHMCP>
#	G	D	E	R	K	N	Q	S	T	A	V	L	I	F	Y	W	H	M	C	P
0	0.07841	0.37552	0.16770	0.01414	0.02018	0.05786	0.05531	0.02011	0.01411	0.01894	0.01334	0.01592	0.03780	0.03588	0.00685	0.00197	0.02339	0.00499	0.00331	0.03429
1	0.07398	0.42827	0.13491	0.01325	0.01909	0.10016	0.01327	0.05256	0.01552	0.01976	0.03329	0.01550	0.04150	0.00697	0.00528	0.00174	0.00788	0.00480	0.00355	0.00873
2	0.15354	0.17091	0.26676	0.04748	0.02207	0.03845	0.01567	0.04387	0.05078	0.02272	0.01565	0.01880	0.04165	0.00753	0.00588	0.00203	0.00780	0.03286	0.00383	0.03173
3	0.01235	0.11274	0.04316	0.01010	0.01296	0.01044	0.02824	0.01541	0.03925	0.04931	0.23044	0.04235	0.16652	0.07591	0.01033	0.03464	0.00511	0.04666	0.04719	0.00688
4	0.04965	0.10707	0.04534	0.01162	0.01655	0.01386	0.00980	0.13384	0.04870	0.05988	0.01679	0.07826	0.01498	0.06979	0.00824	0.00206	0.00607	0.00645	0.00490	0.29613
5	0.04455	0.15164	0.06956	0.01021	0.01292	0.01161	0.00885	0.01408	0.01333	0.01781	0.05514	0.07172	0.11140	0.24765	0.01578	0.00365	0.00628	0.12280	0.00469	0.00634
6	0.07022	0.01108	0.04568	0.01239	0.01406	0.01159	0.03571	0.01469	0.04030	0.01882	0.05257	0.13624	0.06697	0.16565	0.06067	0.00396	0.16476	0.06345	0.00467	0.00653
7	0.01419	0.01216	0.01419	0.01013	0.01621	0.00912	0.00811	0.01723	0.01419	0.02229	0.01216	0.01419	0.01013	0.00507	0.00507	0.00101	0.00507	0.00405	0.00405	0.80139
8	0.00923	0.00674	0.00887	0.01026	0.01130	0.00638	0.00782	0.01117	0.01433	0.01863	0.04121	0.43369	0.12821	0.02004	0.00890	0.00285	0.00471	0.24349	0.00633	0.00584
9	0.01829	0.76368	0.03585	0.01171	0.01756	0.02707	0.01171	0.02049	0.01390	0.01610	0.00951	0.01097	0.00878	0.00585	0.00439	0.00146	0.00732	0.00366	0.00293	0.00878
10	0.01570	0.01602	0.10839	0.01313	0.01761	0.01446	0.01163	0.13789	0.30596	0.02797	0.08470	0.03274	0.16315	0.01074	0.00720	0.00224	0.00583	0.00884	0.00632	0.00950
11	0.01624	0.33817	0.30445	0.01604	0.02343	0.02011	0.07238	0.02144	0.03330	0.04208	0.01465	0.01616	0.04055	0.00678	0.00583	0.00189	0.00849	0.00526	0.00340	0.00936
12	0.01436	0.13699	0.62810	0.01841	0.02793	0.01745	0.02338	0.02150	0.01437	0.02089	0.01189	0.01396	0.00868	0.00641	0.00621	0.00207	0.00972	0.00486	0.00289	0.00993
13	0.01615	0.01845	0.04037	0.02884	0.03576	0.01730	0.69204	0.02191	0.01615	0.02191	0.01384	0.01845	0.01038	0.00577	0.00807	0.00231	0.01153	0.00807	0.00346	0.00923
14	0.01459	0.16096	0.58276	0.01845	0.02772	0.01787	0.04454	0.02147	0.01441	0.02071	0.01185	0.01397	0.00874	0.00636	0.00619	0.00205	0.00967	0.00491	0.00291	0.00985
15	0.01458	0.07551	0.55036	0.01996	0.05645	0.04572	0.06396	0.02141	0.01499	0.02144	0.04440	0.01619	0.01144	0.00677	0.00654	0.00211	0.00973	0.00551	0.00319	0.00975
16	0.00861	0.00618	0.00806	0.00939	0.00993	0.00584	0.00637	0.00984	0.01302	0.01725	0.03737	0.61329	0.07633	0.08263	0.03132	0.00332	0.00466	0.04501	0.00609	0.00550
17	0.00817	0.00691	0.00707	0.00709	0.00931	0.00580	0.00529	0.00997	0.01571	0.01890	0.10094	0.08495	0.66202	0.01728	0.00810	0.00232	0.00347	0.01448	0.00641	0.00580
18	0.03652	0.05834	0.13702	0.10061	0.08807	0.04712	0.32845	0.07898	0.01686	0.02297	0.01311	0.01672	0.00991	0.00630	0.00714	0.00217	0.01011	0.00660	0.00361	0.00941
19	0.01794	0.04343	0.02594	0.15395	0.41072	0.10883	0.05396	0.06390	0.01677	0.02189	0.01262	0.01641	0.01024	0.00645	0.00670	0.00204	0.00895	0.00590	0.00355	0.00981
20	0.00917	0.00635	0.00765	0.00834	0.00860	0.00613	0.00515	0.00976	0.01154	0.01530	0.03044	0.35474	0.06048	0.40952	0.02243	0.00479	0.00535	0.01426	0.00519	0.00482
21	0.01530	0.03252	0.63468	0.01865	0.02809	0.01544	0.02339	0.02327	0.04361	0.08119	0.01417	0.01565	0.00987	0.00678	0.00655	0.00217	0.00955	0.00532	0.00353	0.01027
22	0.01124	0.00891	0.01317	0.04485	0.10663	0.00870	0.03680	0.01440	0.04361	0.03871	0.15519	0.35000	0.08304	0.01563	0.00812	0.00248	0.00507	0.04040	0.00600	0.00706
23	0.06010	0.01929	0.01847	0.29802	0.02987	0.23908	0.01448	0.11451	0.04463	0.02199	0.01673	0.01939	0.05920	0.00790	0.00659	0.00208	0.00916	0.00609	0.00416	0.00825
24	0.02533	0.02867	0.01859	0.01663	0.02029	0.59229	0.01259	0.06082	0.01978	0.08827	0.01370	0.04637	0.01137	0.00788	0.00639	0.00186	0.01108	0.00540	0.00431	0.00838
25	0.01663	0.01492	0.04796	0.01386	0.01680	0.07199	0.01141	0.14226	0.10777	0.05561	0.04060	0.08036	0.04589	0.02007	0.17396	0.00431	0.11397	0.00799	0.00518	0.00846
26	0.01784	0.04297	0.01616	0.01555	0.10946	0.01260	0.01066	0.16380	0.04682	0.13337	0.17486	0.13769	0.04417	0.01135	0.00726	0.00217	0.00557	0.00976	0.02887	0.00906
27	0.01697	0.04668	0.05009	0.21516	0.20545	0.04552	0.01613	0.10664	0.08580	0.04721	0.01842	0.05837	0.04153	0.00826	0.00684	0.00215	0.00778	0.00711	0.00450	0.00939
28	0.02412	0.03017	0.01987	0.07863	0.05529	0.64001	0.01405	0.02622	0.01874	0.01706	0.01081	0.01304	0.00893	0.00699	0.00625	0.00182	0.01188	0.00462	0.00348	0.00804
29	0.03857	0.07370	0.14127	0.05635	0.24216	0.10516	0.04014	0.06530	0.01601	0.02149	0.01377	0.05069	0.01214	0.04552	0.00879	0.00232	0.04737	0.00635	0.00368	0.00921
30	0.03773	0.01284	0.02088	0.17074	0.19547	0.01351	0.10420	0.04536	0.06200	0.02107	0.01991	0.11814	0.04532	0.01077	0.00898	0.07075	0.00753	0.02233	0.00427	0.00822
31	0.01239	0.00912	0.01145	0.01097	0.01291	0.03008	0.00852	0.04329	0.05912	0.05433	0.02464	0.05407	0.08182	0.03691	0.46773	0.00777	0.01358	0.00822	0.04616	0.00695
32	0.01066	0.00723	0.00880	0.00870	0.01060	0.00648	0.00655	0.01289	0.01650	0.07479	0.25787	0.15722	0.28048	0.04609	0.00926	0.00255	0.00400	0.06616	0.00679	0.00638
33	0.04810	0.02517	0.02515	0.05065	0.09588	0.39650	0.18702	0.02504	0.04517	0.01961	0.01236	0.01508	0.00987	0.00668	0.00671	0.00198	0.01106	0.00569	0.00364	0.00864
34	0.01139	0.00803	0.00979	0.03745	0.01241	0.00777	0.00714	0.01486	0.06823	0.07548	0.19468	0.11501	0.25764	0.07414	0.07196	0.00337	0.00552	0.01208	0.00630	0.00673
35	0.00862	0.00614	0.00814	0.00949	0.01001	0.00577	0.00646	0.01000	0.01356	0.01819	0.08978	0.64322	0.04567	0.05149	0.00980	0.00290	0.00412	0.04471	0.00635	0.00560
36	0.11968	0.01609	0.01661	0.01359	0.01813	0.01804	0.01099	0.37104	0.21201	0.03607	0.01921	0.01905	0.01415	0.00825	0.00637	0.00209	0.00629	0.00630	0.07560	0.01043
37	0.05131	0.00744	0.00870	0.00907	0.01055	0.00720	0.00669	0.01249	0.04120	0.02038	0.15833	0.21242	0.19103	0.12380	0.01203	0.00312	0.00457	0.10755	0.00615	0.00597
38	0.04096	0.00802	0.00973	0.00944	0.01154	0.00758	0.00695	0.01688	0.05030	0.15644	0.09361	0.30312	0.11491	0.04485	0.00863	0.00252	0.00435	0.01292	0.09007	0.00720
39	0.01048	0.00822	0.01073	0.01073	0.01191	0.03810	0.00812	0.01265	0.01145	0.01607	0.01924	0.05787	0.01865	0.11205	0.58350	0.00955	0.01589	0.00792	0.03088	0.00599
40	0.00995	0.00691	0.00891	0.00981	0.01088	0.00658	0.00696	0.01252	0.05053	0.04652	0.11664	0.53730	0.07427	0.01911	0.00850	0.00266	0.00414	0.05499	0.00660	0.00622
41	0.00981	0.00683	0.00856	0.00886	0.01034	0.00617	0.00643	0.01191	0.01606	0.05307	0.26313	0.31935	0.19975	0.01744	0.00831	0.00245	0.00377	0.03474	0.00683	0.00620
42	0.01281	0.00761	0.00837	0.00799	0.00974	0.00781	0.00598	0.07170	0.01548	0.02460	0.06508	0.05889	0.05027	0.07101	0.08017	0.00306	0.00537	0.00794	0.47954	0.00657
43	0.22368	0.01124	0.01152	0.00973	0.01338	0.01178	0.00785	0.12678	0.01753	0.17473	0.01907	0.01991	0.01387	0.00769	0.00540	0.00191	0.00496	0.00576	0.30464	0.00856
44	0.69896	0.01271	0.01004	0.00906	0.01301	0.01459	0.00733	0.01993	0.04365	0.02929	0.01396	0.01594	0.04569	0.03604	0.00574	0.00231	0.00525	0.00469	0.00447	0.00736
45	0.04237	0.00818	0.00978	0.00980	0.01163	0.00800	0.00733	0.04935	0.04780	0.05748	0.16271	0.27744	0.14351	0.05535	0.00950	0.00271	0.00453	0.07932	0.00653	0.00670
46	0.01036	0.00703	0.00835	0.00858	0.00913	0.00719	0.00564	0.01197	0.03903	0.01607	0.02444	0.11443	0.02674	0.47563	0.08627	0.00577	0.00703	0.06604	0.06523	0.00507
47	0.00861	0.00630	0.00815	0.00948	0.01027	0.00584	0.00667	0.01012	0.01385	0.01816	0.05968	0.58159	0.12975	0.02046	0.00870	0.00274	0.00412	0.08346	0.00638	0.00568
48	0.01273	0.00874	0.01157	0.01104	0.01319	0.00846	0.03647	0.06559	0.01598	0.07646	0.05282	0.16862	0.17637	0.07887	0.04904	0.03056	0.00615	0.16460	0.00602	0.00673
49	0.01041	0.00794	0.01090	0.01121	0.01250	0.00781	0.04317	0.04071	0.04913	0.01940	0.03415	0.48346	0.05179	0.08113	0.01081	0.00307	0.00512	0.10499	0.00606	0.00625
50	0.02094	0.01020	0.01303	0.01092	0.01452	0.00938	0.00867	0.08076	0.01917	0.35744	0.15791	0.08542	0.09383	0.04954	0.00885	0.00245	0.00520	0.03511	0.00751	0.00913
51	0.05745	0.01383	0.01699	0.12565	0.05095	0.01569	0.03816	0.06412	0.39663	0.02717	0.09843	0.02537	0.02190	0.00895	0.00695	0.00226	0.00619	0.00765	0.00600	0.00966
52	0.04894	0.01563	0.02217	0.28754	0.28276	0.06157	0.01761	0.06936	0.05888	0.04956	0.01406	0.01762	0.01086	0.00687	0.00668	0.00213	0.00834	0.00602	0.00397	0.00943
53	0.01703	0.01193	0.01588	0.08011	0.06849	0.01232	0.03414	0.11000	0.11243	0.13521	0.15805	0.03383	0.10209	0.01234	0.03738	0.00259	0.00643	0.03447	0.00633	0.00896
54	0.01634	0.04657	0.06184	0.16596	0.29855	0.01718	0.06704	0.06823	0.04609	0.02224	0.01312	0.01697	0.01056	0.00709	0.00836	0.00216	0.08532	0.00608	0.00367	0.03664

[dist]
# distance from previous block
# <min> <max>
0	10

[block]
# block no. 2 follows, 31 sequences, length 25
# corresponding to MSA columns:
# 107-131
name=unknown_C
#
# <colnr> <probs for GDERKNQSTAVLIFYWHMCP>
#	G	D	E	R	K	N	Q	S	T	A	V	L	I	F	Y	W	H	M	C	P
0	0.40696	0.01475	0.04061	0.11112	0.09071	0.01570	0.01188	0.08460	0.06537	0.06242	0.01321	0.01498	0.00994	0.00686	0.00551	0.00211	0.00650	0.00500	0.00459	0.02719
1	0.01542	0.10889	0.02206	0.08547	0.20058	0.01588	0.04265	0.06410	0.05926	0.02165	0.02068	0.05183	0.09166	0.00955	0.02115	0.00222	0.06768	0.00727	0.00425	0.08776
2	0.01211	0.01482	0.15579	0.01523	0.07314	0.01166	0.01301	0.04557	0.01447	0.02018	0.06971	0.04713	0.13164	0.03751	0.20557	0.00478	0.07902	0.03661	0.00443	0.00760
3	0.01725	0.01376	0.02048	0.16606	0.23295	0.01463	0.03926	0.11134	0.06618	0.08003	0.01761	0.02460	0.01490	0.11197	0.01086	0.00280	0.00770	0.03374	0.00468	0.00920
4	0.05152	0.00990	0.01382	0.17250	0.03655	0.01046	0.03889	0.06231	0.01516	0.04895	0.08329	0.12583	0.11247	0.09006	0.01173	0.06753	0.00620	0.00983	0.02616	0.00682
5	0.01157	0.00784	0.01068	0.01039	0.01242	0.00706	0.03629	0.01372	0.01539	0.09001	0.11905	0.33891	0.16140	0.01685	0.00824	0.00249	0.00460	0.08424	0.00647	0.04239
6	0.00902	0.00630	0.00798	0.00886	0.00920	0.00613	0.00571	0.00991	0.01203	0.01615	0.04785	0.44652	0.03697	0.28173	0.05954	0.00459	0.00571	0.01524	0.00545	0.00512
7	0.07505	0.00760	0.00901	0.00945	0.01101	0.00740	0.00677	0.01369	0.05426	0.05857	0.12532	0.44046	0.12115	0.01736	0.00800	0.00253	0.00410	0.01531	0.00648	0.00648
8	0.05188	0.00758	0.00944	0.00946	0.01103	0.00717	0.00680	0.01440	0.01459	0.12304	0.12919	0.31571	0.06873	0.14603	0.01270	0.00323	0.00478	0.05144	0.00634	0.00648
9	0.35767	0.03413	0.01475	0.01162	0.01599	0.01588	0.03655	0.22932	0.01897	0.04770	0.01671	0.01776	0.04467	0.00767	0.00552	0.00203	0.00596	0.00556	0.10282	0.00872
10	0.01564	0.00917	0.01095	0.00967	0.01214	0.00891	0.00724	0.07517	0.05460	0.15917	0.20717	0.06773	0.09460	0.15868	0.01269	0.00302	0.00493	0.01004	0.07089	0.00758
11	0.01844	0.01932	0.02813	0.02140	0.02652	0.18055	0.36298	0.02225	0.01662	0.07667	0.01787	0.05059	0.04274	0.05080	0.00902	0.00240	0.01014	0.00785	0.00418	0.03154
12	0.02626	0.01876	0.02028	0.01555	0.02101	0.02061	0.01284	0.65844	0.03149	0.07971	0.01700	0.01680	0.01192	0.00823	0.00685	0.00206	0.00744	0.00620	0.00693	0.01164
13	0.00850	0.00689	0.00761	0.00802	0.00993	0.00600	0.00607	0.01035	0.01532	0.01878	0.07719	0.17291	0.51758	0.01805	0.00834	0.00247	0.00386	0.08993	0.00638	0.00582
14	0.09707	0.00912	0.00969	0.00884	0.01179	0.00870	0.00685	0.04635	0.05636	0.10464	0.11920	0.07670	0.39124	0.01407	0.00744	0.00226	0.00423	0.01164	0.00656	0.00725
15	0.01164	0.00629	0.00677	0.00713	0.00839	0.00620	0.00511	0.01424	0.01387	0.02316	0.02573	0.18979	0.02407	0.04439	0.00700	0.00208	0.00352	0.00946	0.58506	0.00609
16	0.02559	0.01896	0.02030	0.01566	0.02106	0.02102	0.01290	0.66390	0.06302	0.04245	0.01695	0.01684	0.01206	0.00826	0.00685	0.00207	0.00743	0.00623	0.00685	0.01160
17	0.01042	0.00659	0.00790	0.00846	0.00946	0.00638	0.00608	0.01211	0.01349	0.01948	0.06208	0.20632	0.08666	0.15500	0.01352	0.04461	0.00462	0.10587	0.21541	0.00554
18	0.00886	0.00704	0.00803	0.00824	0.01022	0.00622	0.00638	0.01107	0.01624	0.02048	0.18796	0.09576	0.45471	0.01710	0.00832	0.00243	0.00387	0.11452	0.00657	0.00598
19	0.08344	0.01784	0.01519	0.01368	0.01723	0.19579	0.01054	0.06625	0.27949	0.07217	0.02354	0.08692	0.04588	0.01103	0.02848	0.00243	0.00749	0.00772	0.00579	0.00911
20	0.01070	0.00679	0.00900	0.00976	0.01093	0.00626	0.00700	0.01247	0.01483	0.08174	0.12929	0.51269	0.07461	0.01890	0.00850	0.00264	0.00419	0.06672	0.00669	0.00629
21	0.01308	0.01247	0.02149	0.70815	0.04656	0.01530	0.05196	0.01770	0.01380	0.01770	0.01224	0.01825	0.00918	0.00679	0.00690	0.00228	0.00924	0.00618	0.00306	0.00768
22	0.01019	0.00795	0.01180	0.01156	0.01268	0.00956	0.00907	0.01256	0.01095	0.01593	0.01757	0.02591	0.01644	0.04812	0.67486	0.01035	0.07744	0.00722	0.00361	0.00622
23	0.01841	0.09209	0.34506	0.01878	0.05412	0.15906	0.01906	0.11773	0.01764	0.02291	0.01208	0.01416	0.00924	0.00719	0.00750	0.00207	0.06460	0.00508	0.00361	0.00962
24	0.01030	0.00776	0.00891	0.00924	0.01093	0.00746	0.00666	0.01413	0.10646	0.04022	0.04589	0.31682	0.27395	0.07274	0.01018	0.00283	0.00432	0.03842	0.00633	0.00644

[dist]
# distance from previous block
# <min> <max>
0	1

[block]
# block no. 3 follows, 31 sequences, length 10
# corresponding to MSA columns:
# 133-142
name=unknown_D
#
# <colnr> <probs for GDERKNQSTAVLIFYWHMCP>
#	G	D	E	R	K	N	Q	S	T	A	V	L	I	F	Y	W	H	M	C	P
0	0.01106	0.00830	0.01079	0.02878	0.01315	0.00771	0.04032	0.01418	0.04339	0.06172	0.16492	0.08408	0.32970	0.04533	0.00923	0.00258	0.00473	0.10698	0.00638	0.00665
1	0.01865	0.01996	0.01983	0.06558	0.12963	0.24264	0.01435	0.02361	0.13302	0.01934	0.01370	0.01681	0.01144	0.00944	0.01150	0.05082	0.18153	0.00581	0.00390	0.00846
2	0.01855	0.42041	0.10633	0.01444	0.01958	0.10250	0.01388	0.06332	0.04312	0.01902	0.01103	0.01300	0.00947	0.00720	0.00761	0.00186	0.11182	0.00454	0.00340	0.00891
3	0.00953	0.00710	0.00949	0.00965	0.01088	0.00744	0.00724	0.01153	0.01270	0.01724	0.08386	0.08085	0.13969	0.14406	0.36225	0.00722	0.01133	0.05735	0.00481	0.00577
4	0.01513	0.01223	0.01536	0.05794	0.10477	0.04604	0.03644	0.09671	0.03835	0.05024	0.03871	0.11226	0.06553	0.16478	0.01272	0.00301	0.00659	0.00904	0.03959	0.07455
5	0.01023	0.00866	0.01208	0.06393	0.04487	0.00833	0.04986	0.01348	0.04328	0.02038	0.13046	0.17136	0.29198	0.01552	0.00816	0.00245	0.00501	0.08733	0.00598	0.00664
6	0.01441	0.01130	0.01264	0.11456	0.01730	0.06163	0.00895	0.06946	0.05595	0.06352	0.06926	0.09197	0.06062	0.26206	0.01641	0.00365	0.00665	0.00928	0.00511	0.04525
7	0.08941	0.01507	0.06268	0.30500	0.15258	0.05330	0.01599	0.03278	0.05460	0.02060	0.01445	0.02117	0.01220	0.05376	0.00916	0.03545	0.00818	0.03176	0.00373	0.00815
8	0.07238	0.01310	0.01908	0.19757	0.18291	0.01414	0.04080	0.11702	0.01682	0.04610	0.05695	0.06640	0.01734	0.09831	0.01023	0.00272	0.00743	0.00766	0.00455	0.00851
9	0.01111	0.00835	0.01008	0.01041	0.03901	0.00820	0.00717	0.07738	0.01557	0.02043	0.10504	0.14263	0.22309	0.17065	0.06653	0.02639	0.00601	0.04008	0.00565	0.00622

[dist]
# distance from previous block
# <min> <max>
0	2

[block]
# block no. 4 follows, 31 sequences, length 29
# corresponding to MSA columns:
# 145-173
name=unknown_E
#
# <colnr> <probs for GDERKNQSTAVLIFYWHMCP>
#	G	D	E	R	K	N	Q	S	T	A	V	L	I	F	Y	W	H	M	C	P
0	0.08507	0.01712	0.02256	0.08164	0.25966	0.10176	0.08516	0.07428	0.04726	0.02367	0.01463	0.04050	0.01240	0.00729	0.00661	0.00203	0.00820	0.02434	0.00412	0.08171
1	0.00922	0.00662	0.00780	0.00816	0.00896	0.00624	0.00539	0.01034	0.01313	0.01724	0.11954	0.21680	0.16824	0.32630	0.01939	0.00423	0.00497	0.03671	0.00558	0.00515
2	0.01421	0.01380	0.01986	0.33683	0.10203	0.07602	0.05421	0.01773	0.01371	0.01801	0.01359	0.01993	0.01146	0.04450	0.11288	0.00367	0.07753	0.00639	0.03600	0.00764
3	0.00871	0.00684	0.00788	0.00786	0.00969	0.00600	0.00580	0.01094	0.01671	0.02170	0.30597	0.14210	0.39228	0.01657	0.00816	0.00231	0.00344	0.01426	0.00679	0.00600
4	0.02225	0.10686	0.04691	0.01622	0.03930	0.20989	0.01308	0.24586	0.17991	0.02834	0.01645	0.01675	0.01255	0.00776	0.00640	0.00197	0.00841	0.00573	0.00530	0.01006
5	0.05659	0.02740	0.04294	0.01682	0.02083	0.46089	0.01336	0.16996	0.04402	0.02354	0.01233	0.01383	0.00977	0.00761	0.00720	0.00194	0.05279	0.00498	0.00433	0.00885
6	0.01667	0.01420	0.02033	0.17403	0.08239	0.04602	0.09504	0.13165	0.01688	0.05850	0.01661	0.06380	0.01479	0.11217	0.04557	0.00327	0.06772	0.00764	0.00443	0.00830
7	0.01724	0.01417	0.01936	0.22133	0.11246	0.04425	0.04434	0.08455	0.14972	0.08797	0.08972	0.02323	0.01858	0.00969	0.03145	0.00248	0.00778	0.00719	0.00520	0.00927
8	0.00826	0.00674	0.00731	0.00759	0.00946	0.00578	0.00553	0.01000	0.01538	0.01898	0.11361	0.20543	0.52633	0.01790	0.00822	0.00239	0.00355	0.01530	0.00645	0.00578
9	0.02227	0.10575	0.02466	0.05227	0.02437	0.47531	0.13055	0.02554	0.04268	0.01803	0.01172	0.01400	0.00953	0.00677	0.00637	0.00187	0.01127	0.00516	0.00355	0.00833
10	0.03480	0.00937	0.01154	0.07967	0.05308	0.00918	0.00864	0.01688	0.07733	0.10461	0.07779	0.04548	0.35917	0.04528	0.03475	0.00275	0.00541	0.01085	0.00600	0.00740
11	0.01047	0.00790	0.00924	0.00935	0.01096	0.00764	0.00671	0.07308	0.04159	0.02157	0.13453	0.34898	0.21338	0.06001	0.00974	0.00271	0.00427	0.01503	0.00645	0.00640
12	0.02556	0.03261	0.01939	0.01763	0.02115	0.73210	0.01322	0.02732	0.01939	0.01674	0.01058	0.01234	0.00881	0.00705	0.00617	0.00176	0.01234	0.00441	0.00353	0.00793
13	0.03649	0.00751	0.00868	0.00858	0.01034	0.00730	0.00648	0.03632	0.01547	0.02172	0.16872	0.07931	0.22471	0.07676	0.06463	0.03203	0.00531	0.06828	0.11527	0.00608
14	0.01322	0.00912	0.01042	0.00949	0.01230	0.00872	0.00738	0.04620	0.11296	0.10531	0.21507	0.04992	0.32333	0.01402	0.00778	0.00227	0.00422	0.03369	0.00700	0.00759
15	0.00876	0.00689	0.00910	0.00954	0.01091	0.00624	0.03306	0.01051	0.01452	0.01876	0.09317	0.44092	0.24931	0.01895	0.00849	0.00259	0.00415	0.04196	0.00632	0.00586
16	0.00829	0.00613	0.00776	0.00906	0.00980	0.00560	0.00614	0.00958	0.01355	0.01765	0.04342	0.63048	0.16618	0.02069	0.00862	0.00269	0.00388	0.01854	0.00635	0.00560
17	0.01089	0.00768	0.00912	0.00876	0.01086	0.00700	0.00663	0.04281	0.01760	0.06302	0.29117	0.14434	0.29980	0.01579	0.00809	0.00232	0.00386	0.03675	0.00692	0.00661
18	0.01034	0.00755	0.00928	0.01003	0.01096	0.00759	0.00697	0.04258	0.07311	0.01903	0.03295	0.48650	0.03765	0.15023	0.01316	0.00341	0.00489	0.06166	0.00603	0.00608
19	0.00888	0.00709	0.00797	0.00828	0.01012	0.00637	0.00619	0.01130	0.03655	0.01960	0.12518	0.17735	0.43628	0.03648	0.00896	0.00256	0.00392	0.07450	0.00643	0.00597
20	0.08244	0.02095	0.21652	0.01490	0.02059	0.04670	0.01455	0.21237	0.07191	0.08568	0.01881	0.10246	0.01581	0.03622	0.00774	0.00235	0.00755	0.00742	0.00536	0.00967
21	0.01188	0.00594	0.00891	0.00891	0.00891	0.00594	0.00594	0.00891	0.00891	0.01188	0.01188	0.02080	0.01188	0.02377	0.02674	0.80095	0.00594	0.00594	0.00297	0.00297
22	0.01022	0.01127	0.09621	0.01069	0.01380	0.00829	0.04191	0.04260	0.01619	0.02111	0.13712	0.20047	0.33320	0.01548	0.00797	0.00236	0.00492	0.01342	0.00597	0.00677
23	0.11065	0.01185	0.01324	0.01096	0.01468	0.01205	0.00874	0.19622	0.02084	0.17875	0.17427	0.03159	0.09824	0.04304	0.00807	0.00230	0.00532	0.00841	0.04191	0.00886
24	0.01460	0.01078	0.01166	0.01057	0.01264	0.03983	0.00770	0.16144	0.03972	0.04193	0.06857	0.13022	0.09999	0.20986	0.04772	0.06358	0.00655	0.01022	0.00555	0.00686
25	0.05547	0.14993	0.11684	0.01488	0.02014	0.20383	0.01343	0.12216	0.05829	0.12360	0.01598	0.04818	0.01261	0.00788	0.00619	0.00195	0.00848	0.00580	0.00488	0.00948
26	0.07385	0.04911	0.14092	0.02138	0.13536	0.04928	0.07003	0.07765	0.08097	0.04233	0.01358	0.01628	0.01078	0.00808	0.01017	0.00230	0.17855	0.00590	0.00403	0.00945
27	0.04494	0.04168	0.01361	0.01152	0.01357	0.04197	0.00894	0.07701	0.01597	0.07750	0.16664	0.12183	0.02897	0.09088	0.12606	0.00410	0.09261	0.00948	0.00545	0.00726
28	0.10781	0.12052	0.17004	0.04829	0.15464	0.06636	0.01608	0.05125	0.01540	0.02242	0.02844	0.01932	0.01256	0.00763	0.00688	0.00205	0.04076	0.05132	0.00379	0.05445

[dist]
# distance from previous block
# <min> <max>
0	16

[block]
# block no. 5 follows, 31 sequences, length 42
# corresponding to MSA columns:
# 190-231
name=unknown_F
#
# <colnr> <probs for GDERKNQSTAVLIFYWHMCP>
#	G	D	E	R	K	N	Q	S	T	A	V	L	I	F	Y	W	H	M	C	P
0	0.01147	0.00815	0.00990	0.01013	0.01185	0.00802	0.00749	0.04217	0.09387	0.05266	0.10075	0.35348	0.14808	0.01746	0.00887	0.02939	0.00447	0.06849	0.00653	0.00677
1	0.04653	0.01319	0.05972	0.05473	0.06579	0.01254	0.15756	0.01782	0.07724	0.02073	0.05165	0.19191	0.02418	0.07867	0.01107	0.00285	0.05245	0.04891	0.00478	0.00769
2	0.03204	0.00710	0.00857	0.00875	0.01013	0.00662	0.00623	0.01221	0.01476	0.05791	0.17962	0.24705	0.17158	0.15443	0.01311	0.00324	0.00448	0.04999	0.00624	0.00595
3	0.01020	0.00694	0.00834	0.00881	0.00955	0.00685	0.00591	0.03842	0.01318	0.01813	0.04774	0.32026	0.05676	0.28105	0.03411	0.00418	0.00538	0.04131	0.07743	0.00545
4	0.01071	0.00774	0.00967	0.06007	0.01259	0.00799	0.00710	0.05321	0.01391	0.01898	0.05584	0.32968	0.07392	0.20996	0.01527	0.00357	0.02463	0.01330	0.06599	0.00587
5	0.01478	0.01544	0.02862	0.02187	0.02533	0.01705	0.34727	0.01825	0.01324	0.01878	0.01316	0.02047	0.01176	0.09261	0.04725	0.00340	0.27191	0.00751	0.00338	0.00792
6	0.00879	0.00662	0.00813	0.00847	0.00985	0.00596	0.00608	0.01091	0.01619	0.02159	0.30727	0.29732	0.23296	0.01745	0.00830	0.00241	0.00355	0.01536	0.00681	0.00596
7	0.01419	0.01216	0.01419	0.01013	0.01621	0.00912	0.00811	0.01723	0.01419	0.02229	0.01216	0.01419	0.01013	0.00507	0.00507	0.00101	0.00507	0.00405	0.00405	0.80139
8	0.01184	0.00975	0.01300	0.01261	0.01343	0.01143	0.00978	0.05427	0.01425	0.01984	0.08624	0.33348	0.03294	0.03703	0.01340	0.00289	0.22388	0.08789	0.00543	0.00662
9	0.00915	0.00646	0.00836	0.00902	0.00988	0.00605	0.00630	0.01070	0.01459	0.01971	0.22131	0.37894	0.09100	0.08939	0.01195	0.04389	0.00420	0.04721	0.00629	0.00559
10	0.00892	0.00676	0.00989	0.01057	0.01134	0.00635	0.04814	0.01031	0.01308	0.01746	0.03519	0.66342	0.04178	0.06894	0.01040	0.00300	0.00461	0.01813	0.00603	0.00569
11	0.01023	0.00715	0.00879	0.02988	0.03092	0.00735	0.00550	0.01072	0.01033	0.01391	0.02072	0.04149	0.02327	0.64912	0.09786	0.00677	0.00783	0.00948	0.00405	0.00463
12	0.03118	0.00728	0.00860	0.00854	0.01021	0.00671	0.00617	0.02765	0.01511	0.05374	0.15241	0.20496	0.28110	0.05209	0.01141	0.09343	0.00422	0.01320	0.00611	0.00591
13	0.00995	0.00792	0.00906	0.00884	0.01088	0.00757	0.00659	0.01462	0.11314	0.02303	0.29361	0.14132	0.29700	0.01550	0.00800	0.00231	0.00372	0.01338	0.00687	0.00670
14	0.05237	0.01577	0.01874	0.01467	0.01984	0.01656	0.04314	0.31625	0.14254	0.25489	0.02139	0.02009	0.01471	0.00830	0.00684	0.00213	0.00673	0.00666	0.00713	0.01124
15	0.01329	0.01079	0.01372	0.04258	0.05392	0.05308	0.06526	0.01653	0.04149	0.07732	0.11410	0.10057	0.24819	0.03806	0.00855	0.00241	0.00567	0.04288	0.04430	0.00727
16	0.00966	0.00698	0.00838	0.00889	0.01025	0.00647	0.00630	0.01196	0.04258	0.04125	0.11419	0.36021	0.23374	0.07507	0.01037	0.00285	0.00414	0.03429	0.00639	0.00603
17	0.01226	0.00923	0.01100	0.01043	0.01266	0.00930	0.00810	0.10279	0.08078	0.02637	0.31394	0.14081	0.12469	0.01478	0.00807	0.00238	0.00449	0.09368	0.00695	0.00730
18	0.01635	0.01594	0.02470	0.11765	0.53165	0.05028	0.01897	0.02091	0.04662	0.02157	0.01680	0.02024	0.05400	0.00706	0.00684	0.00208	0.00804	0.00660	0.00370	0.01002
19	0.04899	0.01430	0.02114	0.30998	0.24659	0.04229	0.01710	0.07205	0.01559	0.02144	0.01403	0.05194	0.01194	0.01024	0.05157	0.00273	0.02901	0.00662	0.00371	0.00874
20	0.01209	0.00661	0.00933	0.00930	0.00962	0.00666	0.00635	0.03864	0.01051	0.01401	0.01538	0.08231	0.01604	0.05848	0.02429	0.63896	0.00590	0.02824	0.00357	0.00371
21	0.01786	0.01219	0.01370	0.01214	0.01553	0.03582	0.00989	0.20137	0.04065	0.12864	0.08247	0.07690	0.15118	0.01330	0.00781	0.00239	0.00590	0.15687	0.00679	0.00859
22	0.04338	0.07246	0.08461	0.13080	0.13070	0.07477	0.03007	0.09599	0.03992	0.05405	0.01935	0.14112	0.03484	0.00962	0.00686	0.00217	0.00766	0.00819	0.00461	0.00883
23	0.01840	0.17899	0.21029	0.01828	0.07497	0.08118	0.05315	0.15859	0.04958	0.02456	0.01478	0.06013	0.01235	0.00773	0.00636	0.00200	0.00854	0.00618	0.00422	0.00971
24	0.00961	0.00720	0.00917	0.01031	0.01172	0.00686	0.00812	0.01221	0.03322	0.01923	0.04406	0.30037	0.19513	0.01913	0.00883	0.00281	0.00485	0.28476	0.00635	0.00605
25	0.01757	0.27673	0.35163	0.01665	0.02434	0.06301	0.05506	0.02264	0.01510	0.07983	0.01260	0.01413	0.00952	0.00645	0.00589	0.00191	0.00902	0.00487	0.00345	0.00961
26	0.05734	0.14782	0.02327	0.04345	0.12951	0.08827	0.06005	0.16944	0.07177	0.02558	0.03500	0.04473	0.01487	0.03314	0.00741	0.00218	0.00781	0.02433	0.00471	0.00933
27	0.01484	0.19817	0.54395	0.01810	0.02714	0.01845	0.04732	0.02141	0.01439	0.02043	0.01172	0.01382	0.00876	0.00633	0.00609	0.00201	0.00954	0.00486	0.00292	0.00978
28	0.00843	0.00644	0.00761	0.00836	0.00954	0.00577	0.00579	0.00990	0.01430	0.01831	0.09684	0.40193	0.29850	0.06321	0.00999	0.00279	0.00388	0.01648	0.00630	0.00562
29	0.10409	0.10079	0.04986	0.01566	0.05087	0.16670	0.01259	0.19974	0.08054	0.13085	0.01598	0.01619	0.01173	0.00749	0.00617	0.00197	0.00798	0.00547	0.00539	0.00995
30	0.08688	0.13359	0.04940	0.01787	0.02293	0.11208	0.18827	0.13329	0.05341	0.02452	0.01535	0.04998	0.01312	0.00807	0.00716	0.00212	0.03211	0.03642	0.00441	0.00900
31	0.00834	0.00595	0.00794	0.00953	0.00992	0.00556	0.00635	0.00953	0.01310	0.01746	0.03771	0.75510	0.04525	0.02143	0.00873	0.00278	0.00397	0.01945	0.00635	0.00556
32	0.01317	0.01244	0.02084	0.68670	0.07440	0.01546	0.01894	0.01759	0.01364	0.01765	0.01207	0.01806	0.00919	0.00700	0.00741	0.00230	0.03629	0.00608	0.00305	0.00773
33	0.16045	0.05102	0.01934	0.08437	0.11388	0.06798	0.03227	0.12869	0.13816	0.07181	0.01607	0.01741	0.01218	0.00753	0.00674	0.00211	0.03208	0.00584	0.02250	0.00954
34	0.00990	0.00710	0.00938	0.01068	0.01164	0.00692	0.00798	0.04172	0.01471	0.01948	0.03633	0.52904	0.04206	0.02012	0.00885	0.00285	0.00479	0.20405	0.00636	0.00604
35	0.01666	0.01602	0.02696	0.06876	0.59987	0.01649	0.04255	0.02147	0.05063	0.02220	0.01347	0.01739	0.01118	0.00653	0.00750	0.00211	0.03992	0.00624	0.00354	0.01050
36	0.00977	0.00733	0.01100	0.01100	0.01222	0.00855	0.00855	0.01222	0.01100	0.01588	0.01833	0.02688	0.01710	0.05131	0.73245	0.01100	0.01833	0.00733	0.00367	0.00611
37	0.01717	0.01685	0.02708	0.06934	0.65726	0.04957	0.02055	0.02115	0.01568	0.02189	0.01273	0.01677	0.01067	0.00617	0.00675	0.00203	0.00836	0.00602	0.00338	0.01057
38	0.00983	0.00711	0.00989	0.00989	0.01073	0.00795	0.00717	0.01151	0.01067	0.01506	0.01934	0.03248	0.01954	0.27308	0.51401	0.00963	0.01466	0.00815	0.00382	0.00549
39	0.01693	0.01626	0.02777	0.04199	0.71689	0.01626	0.02100	0.02100	0.01558	0.02235	0.01287	0.01693	0.01084	0.00610	0.00677	0.00203	0.00813	0.00610	0.00339	0.01084
40	0.02565	0.02968	0.01964	0.01722	0.02116	0.57739	0.01317	0.17242	0.02217	0.02248	0.01185	0.01323	0.00943	0.00730	0.00632	0.00183	0.01129	0.00479	0.00425	0.00874
41	0.02481	0.01034	0.01399	0.01117	0.01543	0.00905	0.00905	0.02762	0.01952	0.52710	0.21930	0.03108	0.03028	0.01001	0.00721	0.00213	0.00509	0.00842	0.00821	0.01019

[dist]
# distance from previous block
# <min> <max>
0	0

# created by:
# /home/berkeley/.conda/envs/busco_data_prod/bin/msa2prfl.pl pipeline/OGs_align_augustus/4893/32320.fs
