[name]
unknown

[dist]
# distance from previous block
# <min> <max>
0	72

[block]
# block no. 0 follows, 34 sequences, length 26
# corresponding to MSA columns:
# 77-102
name=unknown_A
#
# <colnr> <probs for GDERKNQSTAVLIFYWHMCP>
#	G	D	E	R	K	N	Q	S	T	A	V	L	I	F	Y	W	H	M	C	P
0	0.01835	0.01981	0.11718	0.01651	0.02143	0.16636	0.13155	0.12276	0.05477	0.08276	0.03224	0.01958	0.01334	0.01135	0.07898	0.00278	0.00954	0.03172	0.00448	0.04450
1	0.10693	0.09356	0.04592	0.10406	0.12838	0.22508	0.01305	0.05319	0.01576	0.01997	0.02927	0.02069	0.07194	0.00780	0.00599	0.00191	0.00806	0.03676	0.00382	0.00787
2	0.17599	0.08562	0.04817	0.01515	0.04552	0.11982	0.08226	0.11635	0.01673	0.09224	0.05741	0.01618	0.01272	0.00724	0.00690	0.00194	0.06261	0.00543	0.00447	0.02726
3	0.19223	0.01907	0.01574	0.01421	0.04400	0.22999	0.01069	0.20973	0.08794	0.02686	0.03084	0.04009	0.01274	0.03065	0.00664	0.00205	0.00759	0.00563	0.00483	0.00849
4	0.00998	0.00830	0.00964	0.01012	0.01110	0.04310	0.00716	0.01233	0.05701	0.01741	0.05099	0.54581	0.03540	0.04567	0.00968	0.00260	0.05773	0.01483	0.00553	0.04561
5	0.07802	0.01592	0.01621	0.01364	0.01763	0.06799	0.01111	0.33920	0.16225	0.05196	0.02008	0.02445	0.02995	0.00924	0.00705	0.00213	0.03101	0.08673	0.00594	0.00947
6	0.07538	0.02133	0.02207	0.02047	0.11347	0.31957	0.16807	0.02321	0.08479	0.01941	0.01313	0.01656	0.01087	0.05446	0.00794	0.00218	0.00952	0.00573	0.00370	0.00813
7	0.00768	0.00639	0.00671	0.00696	0.00884	0.00542	0.00509	0.00923	0.01433	0.01729	0.06043	0.18107	0.61435	0.01702	0.00774	0.00226	0.00335	0.01443	0.00600	0.00542
8	0.01340	0.01148	0.01340	0.00957	0.01531	0.00861	0.00766	0.01627	0.01340	0.02105	0.01148	0.01340	0.00957	0.00479	0.00479	0.00096	0.00479	0.00383	0.00383	0.81242
9	0.06410	0.14358	0.58790	0.01669	0.02529	0.01656	0.02089	0.02020	0.01340	0.02021	0.01104	0.01295	0.00813	0.00604	0.00571	0.00194	0.00887	0.00450	0.00281	0.00920
10	0.01200	0.00726	0.00939	0.00848	0.01060	0.00655	0.00650	0.01483	0.01797	0.13270	0.55784	0.04565	0.11955	0.01273	0.00745	0.00204	0.00344	0.01109	0.00714	0.00678
11	0.00814	0.00683	0.00712	0.00709	0.00925	0.00593	0.00539	0.01048	0.03842	0.01846	0.11090	0.06034	0.63055	0.01594	0.00765	0.00220	0.00342	0.04012	0.00610	0.00568
12	0.01763	0.66078	0.03157	0.01194	0.01689	0.08538	0.01139	0.01962	0.01333	0.01528	0.00903	0.01074	0.00831	0.00603	0.00549	0.00151	0.06047	0.00367	0.00282	0.00814
13	0.01340	0.01148	0.01340	0.00957	0.01531	0.00861	0.00766	0.01627	0.01340	0.02105	0.01148	0.01340	0.00957	0.00479	0.00479	0.00096	0.00479	0.00383	0.00383	0.81242
14	0.76027	0.01242	0.01021	0.06263	0.01481	0.01448	0.00779	0.01881	0.01114	0.02809	0.00918	0.01098	0.00711	0.00603	0.00418	0.00201	0.00526	0.00366	0.00392	0.00701
15	0.00859	0.00699	0.00768	0.00760	0.00967	0.00627	0.00583	0.01146	0.05106	0.01992	0.20680	0.05797	0.49874	0.01539	0.00767	0.00221	0.00350	0.06050	0.00627	0.00587
16	0.01658	0.01330	0.01423	0.01270	0.01637	0.01506	0.00991	0.03287	0.63462	0.07788	0.02821	0.02587	0.05520	0.00909	0.00662	0.00218	0.00505	0.00757	0.00665	0.01004
17	0.00782	0.00634	0.00694	0.00723	0.00895	0.00546	0.00526	0.00946	0.01451	0.01797	0.11643	0.21896	0.51821	0.01696	0.00777	0.00227	0.00336	0.01453	0.00610	0.00546
18	0.01340	0.01148	0.01340	0.00957	0.01531	0.00861	0.00766	0.01627	0.01340	0.02105	0.01148	0.01340	0.00957	0.00479	0.00479	0.00096	0.00479	0.00383	0.00383	0.81242
19	0.00768	0.00637	0.00673	0.00701	0.00885	0.00542	0.00512	0.00922	0.01428	0.01727	0.05977	0.19673	0.59912	0.01710	0.00775	0.00227	0.00336	0.01454	0.00600	0.00542
20	0.00927	0.00676	0.00957	0.00957	0.01045	0.00764	0.00707	0.01102	0.01014	0.01440	0.01805	0.02949	0.01793	0.22429	0.57392	0.00938	0.01463	0.00752	0.00357	0.00532
21	0.01363	0.14852	0.63020	0.01728	0.02620	0.01664	0.02189	0.02029	0.01356	0.01965	0.01119	0.01313	0.00820	0.00604	0.00583	0.00194	0.00914	0.00457	0.00273	0.00935
22	0.01515	0.41158	0.38052	0.01467	0.02218	0.02038	0.01735	0.01990	0.01338	0.01779	0.01027	0.01197	0.00824	0.00583	0.00513	0.00171	0.00821	0.00410	0.00275	0.00891
23	0.01513	0.32724	0.31882	0.01408	0.02079	0.01871	0.01587	0.06290	0.03564	0.02035	0.08139	0.01614	0.01390	0.00676	0.00552	0.00178	0.00757	0.00506	0.00352	0.00882
24	0.01119	0.02982	0.07919	0.01025	0.01254	0.05972	0.00851	0.01346	0.01395	0.05267	0.11926	0.25760	0.12655	0.06749	0.08777	0.00338	0.00653	0.02858	0.00525	0.00629
25	0.06668	0.09341	0.16711	0.01509	0.03343	0.10162	0.06234	0.13608	0.04568	0.04165	0.06258	0.04613	0.04698	0.00849	0.00635	0.00200	0.00756	0.04374	0.00455	0.00855

[dist]
# distance from previous block
# <min> <max>
0	50

[block]
# block no. 1 follows, 34 sequences, length 48
# corresponding to MSA columns:
# 153-200
name=unknown_B
#
# <colnr> <probs for GDERKNQSTAVLIFYWHMCP>
#	G	D	E	R	K	N	Q	S	T	A	V	L	I	F	Y	W	H	M	C	P
0	0.01538	0.25579	0.04202	0.01210	0.01569	0.11229	0.03515	0.09271	0.01619	0.01992	0.09184	0.20280	0.04194	0.01063	0.00627	0.00192	0.00652	0.00878	0.00459	0.00749
1	0.13242	0.07818	0.10202	0.01606	0.02182	0.04122	0.20195	0.05907	0.03587	0.05124	0.01319	0.03481	0.01049	0.00625	0.00589	0.00180	0.00757	0.00562	0.00393	0.17059
2	0.08391	0.03974	0.12579	0.04242	0.02370	0.11985	0.21653	0.04132	0.03335	0.06866	0.05056	0.01927	0.04843	0.00738	0.00734	0.00206	0.05088	0.00645	0.00403	0.00833
3	0.01690	0.05289	0.03439	0.02407	0.03033	0.01640	0.56079	0.07188	0.01643	0.06965	0.01384	0.01716	0.01023	0.00577	0.00723	0.00208	0.00991	0.00712	0.00381	0.02910
4	0.01459	0.01246	0.01515	0.01106	0.01667	0.01037	0.04144	0.07655	0.05478	0.02305	0.01274	0.01437	0.01027	0.00529	0.00516	0.00117	0.00529	0.00437	0.00418	0.66103
5	0.01525	0.01743	0.03813	0.02723	0.03377	0.01634	0.70915	0.02070	0.01525	0.02070	0.01307	0.01743	0.00980	0.00545	0.00763	0.00218	0.01089	0.00763	0.00327	0.00871
6	0.01599	0.01535	0.02623	0.03966	0.73262	0.01535	0.01983	0.01983	0.01471	0.02111	0.01215	0.01599	0.01023	0.00576	0.00640	0.00192	0.00768	0.00576	0.00320	0.01023
7	0.00786	0.00566	0.00746	0.00890	0.00935	0.00526	0.00595	0.00901	0.01247	0.01653	0.03681	0.74039	0.07028	0.02009	0.00822	0.00261	0.00373	0.01818	0.00600	0.00526
8	0.81856	0.01250	0.00950	0.00850	0.01250	0.01449	0.00700	0.01899	0.01100	0.02899	0.00900	0.01050	0.00700	0.00600	0.00400	0.00200	0.00500	0.00350	0.00400	0.00700
9	0.02312	0.01712	0.01830	0.01416	0.01908	0.01880	0.01165	0.65143	0.02905	0.03874	0.01976	0.01948	0.07210	0.00849	0.00656	0.00196	0.00678	0.00648	0.00642	0.01052
10	0.00923	0.00692	0.01038	0.01038	0.01154	0.00808	0.00808	0.01154	0.01038	0.01500	0.01731	0.02538	0.01615	0.04846	0.74732	0.01038	0.01731	0.00692	0.00346	0.00577
11	0.01220	0.01148	0.01938	0.75739	0.04450	0.01436	0.01794	0.01651	0.01292	0.01651	0.01148	0.01723	0.00861	0.00646	0.00646	0.00215	0.00861	0.00574	0.00287	0.00718
12	0.02319	0.01273	0.01527	0.01216	0.01652	0.01281	0.00988	0.22764	0.10245	0.34353	0.13002	0.02435	0.02182	0.00881	0.00667	0.00201	0.00555	0.00718	0.00725	0.01016
13	0.01272	0.01202	0.02032	0.65876	0.13906	0.01449	0.01820	0.01697	0.01317	0.01714	0.01158	0.01706	0.00884	0.00636	0.00645	0.00212	0.00848	0.00574	0.00292	0.00760
14	0.02728	0.01138	0.01494	0.01171	0.01653	0.01037	0.00959	0.03187	0.11149	0.64309	0.02560	0.02227	0.01649	0.00810	0.00651	0.00202	0.00545	0.00660	0.00781	0.01089
15	0.75010	0.01427	0.07153	0.00934	0.01381	0.01454	0.00843	0.01912	0.01122	0.02827	0.00922	0.01076	0.00710	0.00601	0.00418	0.00200	0.00539	0.00361	0.00389	0.00721
16	0.01556	0.01491	0.02544	0.12231	0.65338	0.01524	0.01961	0.01945	0.01451	0.02058	0.01208	0.01613	0.01005	0.00584	0.00640	0.00195	0.00778	0.00576	0.00316	0.00988
17	0.00913	0.00620	0.00708	0.00725	0.00740	0.00611	0.00421	0.00934	0.01000	0.01323	0.02430	0.12914	0.05925	0.64805	0.02878	0.00564	0.00582	0.01066	0.00426	0.00415
18	0.02456	0.01810	0.01939	0.01487	0.02004	0.02004	0.01228	0.71107	0.03038	0.04072	0.01551	0.01551	0.01099	0.00776	0.00646	0.00194	0.00711	0.00582	0.00646	0.01099
19	0.02414	0.03079	0.01831	0.01665	0.01998	0.74698	0.01248	0.02580	0.01831	0.01581	0.00999	0.01165	0.00832	0.00666	0.00583	0.00166	0.01165	0.00416	0.00333	0.00749
20	0.01607	0.01388	0.01461	0.01315	0.01680	0.01607	0.01023	0.03433	0.72094	0.02703	0.02630	0.02411	0.01972	0.00877	0.00657	0.00219	0.00511	0.00731	0.00657	0.01023
21	0.00787	0.00562	0.00750	0.00900	0.00937	0.00525	0.00600	0.00900	0.01237	0.01649	0.03561	0.76871	0.04274	0.02024	0.00825	0.00262	0.00375	0.01837	0.00600	0.00525
22	0.02456	0.01810	0.01939	0.01487	0.02004	0.02004	0.01228	0.71107	0.03038	0.04072	0.01551	0.01551	0.01099	0.00776	0.00646	0.00194	0.00711	0.00582	0.00646	0.01099
23	0.02414	0.03079	0.01831	0.01665	0.01998	0.74698	0.01248	0.02580	0.01831	0.01581	0.00999	0.01165	0.00832	0.00666	0.00583	0.00166	0.01165	0.00416	0.00333	0.00749
24	0.00787	0.00562	0.00750	0.00900	0.00937	0.00525	0.00600	0.00900	0.01237	0.01649	0.03561	0.76871	0.04274	0.02024	0.00825	0.00262	0.00375	0.01837	0.00600	0.00525
25	0.00787	0.00562	0.00750	0.00900	0.00937	0.00525	0.00600	0.00900	0.01237	0.01649	0.03561	0.76871	0.04274	0.02024	0.00825	0.00262	0.00375	0.01837	0.00600	0.00525
26	0.01340	0.01148	0.01340	0.00957	0.01531	0.00861	0.00766	0.01627	0.01340	0.02105	0.01148	0.01340	0.00957	0.00479	0.00479	0.00096	0.00479	0.00383	0.00383	0.81242
27	0.02381	0.01772	0.01897	0.01471	0.01975	0.01969	0.01210	0.65109	0.09159	0.03951	0.01647	0.01627	0.01176	0.00785	0.00647	0.00196	0.00693	0.00595	0.00647	0.01092
28	0.00764	0.00655	0.00655	0.00655	0.00873	0.00545	0.00491	0.00927	0.01473	0.01745	0.06546	0.06218	0.73000	0.01636	0.00764	0.00218	0.00327	0.01364	0.00600	0.00545
29	0.02456	0.01810	0.01939	0.01487	0.02004	0.02004	0.01228	0.71107	0.03038	0.04072	0.01551	0.01551	0.01099	0.00776	0.00646	0.00194	0.00711	0.00582	0.00646	0.01099
30	0.02899	0.01100	0.01499	0.01150	0.01649	0.00950	0.00950	0.03149	0.01849	0.73709	0.02549	0.02199	0.01599	0.00800	0.00650	0.00200	0.00550	0.00650	0.00800	0.01100
31	0.01538	0.01472	0.02511	0.15644	0.62065	0.01519	0.01952	0.01929	0.01442	0.02036	0.01204	0.01619	0.00997	0.00587	0.00641	0.00196	0.00783	0.00575	0.00315	0.00974
32	0.00787	0.00562	0.00750	0.00900	0.00937	0.00525	0.00600	0.00900	0.01237	0.01649	0.03561	0.76871	0.04274	0.02024	0.00825	0.00262	0.00375	0.01837	0.00600	0.00525
33	0.01414	0.01414	0.01979	0.01696	0.01696	0.01979	0.01414	0.01555	0.00990	0.01555	0.00848	0.01414	0.00848	0.01131	0.02120	0.00283	0.76110	0.00565	0.00283	0.00707
34	0.01502	0.01447	0.01976	0.01679	0.01722	0.01981	0.01398	0.07466	0.01164	0.01769	0.00908	0.01425	0.00869	0.01101	0.01995	0.00275	0.69702	0.00567	0.00314	0.00740
35	0.06926	0.02021	0.01863	0.01485	0.01960	0.15847	0.01202	0.54125	0.02698	0.03531	0.01409	0.01449	0.01025	0.00745	0.00620	0.00189	0.00786	0.00537	0.00573	0.01010
36	0.01570	0.01455	0.02381	0.22983	0.48772	0.01548	0.01868	0.07769	0.01556	0.02154	0.01226	0.01628	0.00986	0.00612	0.00642	0.00198	0.00788	0.00576	0.00339	0.00948
37	0.01599	0.01535	0.02623	0.03966	0.73262	0.01535	0.01983	0.01983	0.01471	0.02111	0.01215	0.01599	0.01023	0.00576	0.00640	0.00192	0.00768	0.00576	0.00320	0.01023
38	0.24170	0.01821	0.01816	0.01742	0.11288	0.19849	0.07312	0.07612	0.05111	0.11435	0.01346	0.01464	0.01008	0.00661	0.00573	0.00193	0.00777	0.00507	0.00448	0.00867
39	0.21603	0.01532	0.01779	0.01568	0.07892	0.01662	0.05419	0.30336	0.09558	0.10116	0.01561	0.01599	0.01129	0.00715	0.00594	0.00200	0.00651	0.00558	0.00555	0.00973
40	0.16827	0.01720	0.02026	0.02015	0.15672	0.11996	0.08991	0.10014	0.10001	0.02397	0.01293	0.01517	0.01029	0.00723	0.00803	0.00208	0.10935	0.00549	0.00410	0.00873
41	0.42225	0.01435	0.01521	0.01503	0.10517	0.05854	0.05070	0.04208	0.08147	0.04707	0.03347	0.01480	0.01099	0.00673	0.00577	0.00200	0.03350	0.00492	0.00430	0.03166
42	0.01723	0.01671	0.02075	0.02391	0.28357	0.15177	0.06619	0.03869	0.05531	0.06091	0.03942	0.06539	0.03295	0.00777	0.00690	0.00192	0.03002	0.00677	0.00418	0.06964
43	0.11281	0.01866	0.06894	0.02043	0.21266	0.17386	0.01361	0.10982	0.01759	0.07796	0.07448	0.01887	0.03802	0.00741	0.00613	0.00191	0.00759	0.00590	0.00449	0.00886
44	0.07379	0.04724	0.03877	0.01524	0.08140	0.15788	0.01136	0.09258	0.06113	0.14938	0.09307	0.03789	0.01737	0.00813	0.00690	0.00192	0.04470	0.00625	0.00514	0.04988
45	0.10266	0.11508	0.01947	0.01347	0.01799	0.08125	0.09175	0.09779	0.10453	0.13618	0.07200	0.02034	0.04149	0.00764	0.00604	0.00188	0.00664	0.00624	0.00520	0.05236
46	0.12740	0.13511	0.09983	0.01282	0.01804	0.12440	0.01159	0.15028	0.03826	0.04766	0.03473	0.01440	0.01107	0.00654	0.00540	0.00168	0.00711	0.00469	0.00430	0.14470
47	0.06244	0.21603	0.18701	0.01253	0.01772	0.03562	0.01249	0.04375	0.10613	0.05879	0.05816	0.01961	0.01508	0.08963	0.00850	0.00229	0.00686	0.00568	0.00417	0.03751

[dist]
# distance from previous block
# <min> <max>
38	150

[block]
# block no. 2 follows, 34 sequences, length 12
# corresponding to MSA columns:
# 395-406
name=unknown_C
#
# <colnr> <probs for GDERKNQSTAVLIFYWHMCP>
#	G	D	E	R	K	N	Q	S	T	A	V	L	I	F	Y	W	H	M	C	P
0	0.05862	0.07669	0.01742	0.01329	0.01711	0.21332	0.02713	0.09410	0.03786	0.07068	0.06849	0.01853	0.01475	0.00900	0.03141	0.00206	0.06186	0.02398	0.00448	0.13923
1	0.01595	0.01266	0.02124	0.04909	0.02206	0.01115	0.23676	0.01951	0.01500	0.14339	0.03792	0.06018	0.04713	0.00722	0.00648	0.00176	0.00690	0.00706	0.00463	0.27392
2	0.04856	0.01338	0.01795	0.01304	0.01875	0.01166	0.11833	0.11392	0.01596	0.02407	0.01219	0.01421	0.00970	0.00535	0.00543	0.00133	0.00608	0.00469	0.00411	0.54131
3	0.01239	0.01148	0.01844	0.64007	0.03992	0.01345	0.01633	0.01647	0.01299	0.01722	0.01148	0.01663	0.00876	0.00620	0.00620	0.00197	0.00801	0.00544	0.00302	0.13351
4	0.11694	0.01611	0.01563	0.17795	0.04011	0.16248	0.01186	0.07295	0.18810	0.02279	0.04689	0.03805	0.04731	0.00814	0.00619	0.00203	0.00720	0.00643	0.00467	0.00815
5	0.02456	0.01810	0.01939	0.01487	0.02004	0.02004	0.01228	0.71107	0.03038	0.04072	0.01551	0.01551	0.01099	0.00776	0.00646	0.00194	0.00711	0.00582	0.00646	0.01099
6	0.17569	0.04402	0.01688	0.01376	0.01787	0.24594	0.01093	0.27949	0.05628	0.02820	0.01368	0.04408	0.01103	0.00756	0.00580	0.00189	0.00788	0.00536	0.00488	0.00877
7	0.01739	0.49394	0.18882	0.01357	0.01965	0.13639	0.01414	0.02061	0.01406	0.01647	0.00972	0.01130	0.00827	0.00584	0.00485	0.00157	0.00824	0.00386	0.00284	0.00845
8	0.02342	0.13713	0.02166	0.01427	0.01950	0.02090	0.01209	0.60255	0.02767	0.03672	0.01449	0.01471	0.01057	0.00741	0.00610	0.00185	0.00708	0.00545	0.00588	0.01057
9	0.00936	0.00642	0.00783	0.00783	0.00810	0.00669	0.00489	0.00990	0.00963	0.01311	0.01964	0.03831	0.02177	0.60264	0.20081	0.00723	0.00886	0.00881	0.00381	0.00435
10	0.07256	0.01627	0.01601	0.01380	0.01778	0.10256	0.03145	0.11458	0.44923	0.06297	0.02145	0.02036	0.01597	0.00807	0.00633	0.00208	0.00632	0.00646	0.00598	0.00977
11	0.01218	0.00931	0.01026	0.03417	0.01178	0.04194	0.00687	0.12053	0.01395	0.01831	0.02201	0.19687	0.02408	0.36771	0.07756	0.00475	0.00703	0.01029	0.00468	0.00574

[dist]
# distance from previous block
# <min> <max>
0	29

[block]
# block no. 3 follows, 34 sequences, length 17
# corresponding to MSA columns:
# 436-452
name=unknown_D
#
# <colnr> <probs for GDERKNQSTAVLIFYWHMCP>
#	G	D	E	R	K	N	Q	S	T	A	V	L	I	F	Y	W	H	M	C	P
0	0.02407	0.01887	0.01905	0.01491	0.01986	0.07713	0.01219	0.62033	0.06690	0.03801	0.01566	0.01567	0.01125	0.00772	0.00642	0.00193	0.00736	0.00577	0.00622	0.01067
1	0.01220	0.01148	0.01938	0.75739	0.04450	0.01436	0.01794	0.01651	0.01292	0.01651	0.01148	0.01723	0.00861	0.00646	0.00646	0.00215	0.00861	0.00574	0.00287	0.00718
2	0.01767	0.01467	0.01551	0.01347	0.01741	0.01682	0.01061	0.16178	0.59090	0.02961	0.02427	0.02249	0.01808	0.00858	0.00655	0.00214	0.00549	0.00702	0.00655	0.01037
3	0.01220	0.01148	0.01938	0.75739	0.04450	0.01436	0.01794	0.01651	0.01292	0.01651	0.01148	0.01723	0.00861	0.00646	0.00646	0.00215	0.00861	0.00574	0.00287	0.00718
4	0.02283	0.02862	0.01850	0.01669	0.01958	0.65226	0.01270	0.02447	0.01721	0.01578	0.00979	0.01198	0.00834	0.00726	0.00783	0.00182	0.10927	0.00436	0.00326	0.00744
5	0.02417	0.02994	0.01838	0.01653	0.01998	0.69792	0.01247	0.07205	0.01913	0.01749	0.01036	0.01191	0.00850	0.00673	0.00587	0.00168	0.01135	0.00427	0.00354	0.00773
6	0.01607	0.01388	0.01461	0.01315	0.01680	0.01607	0.01023	0.03433	0.72094	0.02703	0.02630	0.02411	0.01972	0.00877	0.00657	0.00219	0.00511	0.00731	0.00657	0.01023
7	0.00942	0.00714	0.00888	0.00908	0.01085	0.00674	0.00728	0.01268	0.04438	0.02172	0.31314	0.05854	0.22671	0.01529	0.00799	0.00237	0.00409	0.22122	0.00644	0.00605
8	0.02356	0.01827	0.01879	0.01476	0.01966	0.05706	0.01206	0.59784	0.10926	0.03786	0.01647	0.01630	0.01186	0.00782	0.00644	0.00195	0.00711	0.00590	0.00631	0.01072
9	0.02456	0.01810	0.01939	0.01487	0.02004	0.02004	0.01228	0.71107	0.03038	0.04072	0.01551	0.01551	0.01099	0.00776	0.00646	0.00194	0.00711	0.00582	0.00646	0.01099
10	0.01532	0.01723	0.03701	0.02840	0.09912	0.01625	0.64469	0.02062	0.01520	0.02074	0.01299	0.01729	0.00984	0.00548	0.00751	0.00215	0.01059	0.00745	0.00326	0.00886
11	0.00790	0.00646	0.00686	0.00695	0.00879	0.00554	0.00507	0.00955	0.01460	0.01796	0.12694	0.12194	0.56613	0.05539	0.00899	0.00242	0.00345	0.01364	0.00600	0.00542
12	0.01730	0.01449	0.01530	0.01340	0.01727	0.01665	0.01053	0.13257	0.62070	0.02902	0.02473	0.02286	0.01846	0.00862	0.00656	0.00215	0.00540	0.00709	0.00656	0.01034
13	0.05269	0.01829	0.01823	0.01431	0.01913	0.08677	0.01169	0.56227	0.02734	0.07335	0.01548	0.01561	0.01105	0.00760	0.00625	0.00190	0.00723	0.00562	0.03484	0.01034
14	0.00894	0.00692	0.00836	0.00878	0.01050	0.00616	0.00667	0.01077	0.01368	0.01770	0.04242	0.27274	0.26949	0.05039	0.00896	0.00256	0.00428	0.16345	0.00569	0.08153
15	0.02456	0.01810	0.01939	0.01487	0.02004	0.02004	0.01228	0.71107	0.03038	0.04072	0.01551	0.01551	0.01099	0.00776	0.00646	0.00194	0.00711	0.00582	0.00646	0.01099
16	0.12153	0.01825	0.01857	0.01455	0.01945	0.08631	0.03686	0.50743	0.02581	0.06719	0.01456	0.01490	0.01043	0.00737	0.00615	0.00193	0.00734	0.00548	0.00582	0.01009

[dist]
# distance from previous block
# <min> <max>
0	11

[block]
# block no. 4 follows, 34 sequences, length 9
# corresponding to MSA columns:
# 464-472
name=unknown_E
#
# <colnr> <probs for GDERKNQSTAVLIFYWHMCP>
#	G	D	E	R	K	N	Q	S	T	A	V	L	I	F	Y	W	H	M	C	P
0	0.27074	0.01714	0.01632	0.01326	0.01779	0.10149	0.03627	0.30859	0.07004	0.06834	0.01402	0.01451	0.01026	0.00708	0.00568	0.00196	0.00690	0.00511	0.00530	0.00921
1	0.11851	0.02000	0.01551	0.01378	0.01711	0.32009	0.01075	0.06746	0.11828	0.08316	0.06783	0.01989	0.01575	0.00827	0.00686	0.00197	0.04679	0.03502	0.00484	0.00815
2	0.00842	0.00669	0.00770	0.00767	0.00954	0.00577	0.00561	0.01034	0.01487	0.01933	0.19990	0.21815	0.37542	0.01576	0.00757	0.00217	0.00344	0.01361	0.00609	0.06194
3	0.01122	0.00561	0.00842	0.00842	0.00842	0.00561	0.00561	0.00842	0.00842	0.01122	0.01122	0.01964	0.01122	0.02245	0.02525	0.81201	0.00561	0.00561	0.00281	0.00281
4	0.09941	0.01504	0.01619	0.01335	0.01730	0.04724	0.04023	0.32702	0.14015	0.05573	0.01925	0.10422	0.01637	0.04942	0.00786	0.00229	0.00644	0.00749	0.00583	0.00918
5	0.05543	0.02005	0.01676	0.01409	0.01835	0.24637	0.01106	0.22126	0.18481	0.02674	0.01551	0.01582	0.01184	0.00720	0.00597	0.00179	0.00769	0.00530	0.00507	0.10886
6	0.02177	0.02439	0.01689	0.01514	0.01860	0.48294	0.01152	0.05500	0.17988	0.05002	0.04987	0.01689	0.01395	0.00756	0.00614	0.00183	0.00929	0.00542	0.00458	0.00834
7	0.08187	0.14430	0.01985	0.01367	0.01796	0.16049	0.07044	0.08172	0.15601	0.05824	0.04453	0.01964	0.05700	0.00764	0.00593	0.00185	0.00718	0.00601	0.00474	0.04094
8	0.02210	0.01874	0.01627	0.01374	0.01779	0.23715	0.01089	0.21167	0.08673	0.14989	0.02099	0.02255	0.06437	0.00861	0.00645	0.00193	0.00762	0.04212	0.00564	0.03474

[dist]
# distance from previous block
# <min> <max>
8	121

[block]
# block no. 5 follows, 34 sequences, length 7
# corresponding to MSA columns:
# 630-636
name=unknown_F
#
# <colnr> <probs for GDERKNQSTAVLIFYWHMCP>
#	G	D	E	R	K	N	Q	S	T	A	V	L	I	F	Y	W	H	M	C	P
0	0.08060	0.01514	0.01726	0.01420	0.01787	0.14069	0.11554	0.07523	0.04949	0.11945	0.09863	0.11095	0.03739	0.00945	0.00712	0.00204	0.03151	0.00803	0.00522	0.04419
1	0.28182	0.01376	0.01480	0.01224	0.01617	0.07438	0.09241	0.06300	0.08722	0.02512	0.08906	0.04514	0.07243	0.00826	0.00586	0.00195	0.00602	0.00670	0.00479	0.07888
2	0.11269	0.11850	0.01569	0.01064	0.01497	0.07532	0.00879	0.06106	0.04443	0.06845	0.07496	0.02283	0.06487	0.00789	0.00562	0.00165	0.00571	0.04099	0.00472	0.24022
3	0.21670	0.12388	0.01711	0.01237	0.01638	0.25647	0.00997	0.07632	0.01634	0.08844	0.03806	0.04383	0.01220	0.00725	0.00538	0.00178	0.00754	0.00507	0.00436	0.04057
4	0.07709	0.01716	0.01587	0.01336	0.01701	0.19558	0.03678	0.18857	0.01948	0.10590	0.04564	0.02575	0.13093	0.00944	0.00726	0.00202	0.04628	0.03227	0.00530	0.00830
5	0.01103	0.00817	0.01052	0.01035	0.01163	0.00868	0.00809	0.03406	0.01422	0.04741	0.13388	0.15437	0.12909	0.11168	0.01303	0.00300	0.10920	0.16998	0.00554	0.00605
6	0.01076	0.00561	0.00829	0.00850	0.00855	0.00556	0.00567	0.00850	0.00896	0.01195	0.01459	0.12311	0.01558	0.02214	0.02290	0.70021	0.00535	0.00737	0.00325	0.00314

[dist]
# distance from previous block
# <min> <max>
2	8

[block]
# block no. 6 follows, 34 sequences, length 16
# corresponding to MSA columns:
# 645-660
name=unknown_G
#
# <colnr> <probs for GDERKNQSTAVLIFYWHMCP>
#	G	D	E	R	K	N	Q	S	T	A	V	L	I	F	Y	W	H	M	C	P
0	0.01220	0.01148	0.01938	0.75739	0.04450	0.01436	0.01794	0.01651	0.01292	0.01651	0.01148	0.01723	0.00861	0.00646	0.00646	0.00215	0.00861	0.00574	0.00287	0.00718
1	0.01635	0.01647	0.02663	0.01960	0.02533	0.07370	0.36209	0.04523	0.07639	0.04595	0.01405	0.01657	0.01073	0.00582	0.00657	0.00181	0.00856	0.00623	0.00397	0.21797
2	0.01220	0.01148	0.01938	0.75739	0.04450	0.01436	0.01794	0.01651	0.01292	0.01651	0.01148	0.01723	0.00861	0.00646	0.00646	0.00215	0.00861	0.00574	0.00287	0.00718
3	0.02518	0.01711	0.01878	0.01440	0.01955	0.01857	0.01189	0.61673	0.02873	0.13739	0.01690	0.01641	0.01168	0.00779	0.00647	0.00195	0.00689	0.00591	0.00668	0.01099
4	0.01531	0.01373	0.02361	0.01831	0.02191	0.01463	0.26179	0.01937	0.05402	0.09063	0.01594	0.08758	0.01391	0.01033	0.03698	0.00257	0.21403	0.00763	0.00412	0.07360
5	0.02456	0.01810	0.01939	0.01487	0.02004	0.02004	0.01228	0.71107	0.03038	0.04072	0.01551	0.01551	0.01099	0.00776	0.00646	0.00194	0.00711	0.00582	0.00646	0.01099
6	0.02361	0.02969	0.01807	0.01642	0.01977	0.69941	0.01234	0.02636	0.06404	0.01654	0.01105	0.01246	0.00906	0.00680	0.00587	0.00170	0.01123	0.00437	0.00354	0.00767
7	0.02684	0.01230	0.01554	0.01215	0.01701	0.01171	0.00996	0.12357	0.10448	0.55779	0.02424	0.02137	0.01577	0.00806	0.00650	0.00201	0.00567	0.00650	0.00762	0.01090
8	0.02456	0.01810	0.01939	0.01487	0.02004	0.02004	0.01228	0.71107	0.03038	0.04072	0.01551	0.01551	0.01099	0.00776	0.00646	0.00194	0.00711	0.00582	0.00646	0.01099
9	0.02456	0.01810	0.01939	0.01487	0.02004	0.02004	0.01228	0.71107	0.03038	0.04072	0.01551	0.01551	0.01099	0.00776	0.00646	0.00194	0.00711	0.00582	0.00646	0.01099
10	0.00777	0.00650	0.00677	0.00682	0.00884	0.00549	0.00507	0.00949	0.01488	0.01809	0.11772	0.10337	0.63435	0.01634	0.00767	0.00220	0.00328	0.01376	0.00609	0.00549
11	0.00923	0.00692	0.01038	0.01038	0.01154	0.00808	0.00808	0.01154	0.01038	0.01500	0.01731	0.02538	0.01615	0.04846	0.74732	0.01038	0.01731	0.00692	0.00346	0.00577
12	0.01503	0.01093	0.01243	0.01151	0.01461	0.01167	0.00919	0.02545	0.37061	0.10948	0.07515	0.03928	0.12346	0.01161	0.00719	0.00230	0.00493	0.12993	0.00659	0.00865
13	0.01727	0.77681	0.03386	0.01106	0.01658	0.02557	0.01106	0.01935	0.01313	0.01520	0.00898	0.01036	0.00829	0.00553	0.00415	0.00138	0.00691	0.00345	0.00276	0.00829
14	0.02899	0.01100	0.01499	0.01150	0.01649	0.00950	0.00950	0.03149	0.01849	0.73709	0.02549	0.02199	0.01599	0.00800	0.00650	0.00200	0.00550	0.00650	0.00800	0.01100
15	0.01698	0.01264	0.01846	0.01382	0.01900	0.01117	0.14607	0.06558	0.05638	0.15204	0.01843	0.06274	0.03412	0.00717	0.00615	0.00165	0.00618	0.00653	0.00499	0.33988

[dist]
# distance from previous block
# <min> <max>
10	27

[block]
# block no. 7 follows, 34 sequences, length 6
# corresponding to MSA columns:
# 688-693
name=unknown_H
#
# <colnr> <probs for GDERKNQSTAVLIFYWHMCP>
#	G	D	E	R	K	N	Q	S	T	A	V	L	I	F	Y	W	H	M	C	P
0	0.06761	0.01477	0.01690	0.01344	0.01796	0.01586	0.03506	0.31733	0.15700	0.13792	0.02098	0.02039	0.05349	0.00827	0.00689	0.00201	0.03265	0.00647	0.00618	0.04882
1	0.07995	0.01637	0.01718	0.01386	0.01848	0.01839	0.01125	0.44927	0.24450	0.03559	0.01840	0.01783	0.01342	0.00794	0.00632	0.00202	0.00633	0.00611	0.00632	0.01046
2	0.01616	0.01478	0.01325	0.01198	0.01404	0.18415	0.00901	0.09249	0.05554	0.05089	0.05012	0.03149	0.05355	0.23567	0.01573	0.00335	0.07334	0.06297	0.00469	0.00680
3	0.15764	0.01053	0.01097	0.01021	0.01246	0.06973	0.00787	0.04300	0.01277	0.07319	0.01963	0.02533	0.06721	0.10174	0.34280	0.00618	0.01121	0.00675	0.00424	0.00653
4	0.06267	0.01213	0.01285	0.01140	0.01466	0.03458	0.00892	0.11616	0.26604	0.08836	0.05174	0.08313	0.12436	0.01369	0.06713	0.00281	0.00616	0.00858	0.00607	0.00856
5	0.09900	0.01203	0.01213	0.01109	0.01371	0.07113	0.00869	0.07903	0.09687	0.02221	0.05945	0.14012	0.14631	0.01205	0.00808	0.00219	0.07361	0.06030	0.00527	0.06674

[dist]
# distance from previous block
# <min> <max>
2	21

[block]
# block no. 8 follows, 34 sequences, length 138
# corresponding to MSA columns:
# 715-852
name=unknown_I
#
# <colnr> <probs for GDERKNQSTAVLIFYWHMCP>
#	G	D	E	R	K	N	Q	S	T	A	V	L	I	F	Y	W	H	M	C	P
0	0.01844	0.01772	0.02585	0.01932	0.02455	0.10033	0.29572	0.16848	0.01830	0.05189	0.01315	0.01568	0.01000	0.00650	0.00766	0.00192	0.06257	0.00607	0.00420	0.13164
1	0.01692	0.16482	0.23617	0.01409	0.02001	0.03447	0.01444	0.08097	0.13344	0.08993	0.01732	0.01775	0.04198	0.00737	0.00652	0.00190	0.03928	0.00555	0.00441	0.05266
2	0.21219	0.01291	0.01191	0.01004	0.01369	0.06538	0.00794	0.17159	0.01727	0.02639	0.05275	0.02559	0.14829	0.04047	0.00685	0.00202	0.00545	0.00677	0.05767	0.10481
3	0.01320	0.01127	0.01319	0.00955	0.01510	0.00849	0.00760	0.01601	0.01336	0.02089	0.01235	0.04044	0.01076	0.00534	0.00491	0.00102	0.00475	0.00435	0.00391	0.78352
4	0.01005	0.00748	0.00875	0.00893	0.01029	0.00730	0.00630	0.08444	0.03276	0.01954	0.07285	0.39811	0.18163	0.10748	0.01080	0.00285	0.00431	0.01435	0.00587	0.00591
5	0.00888	0.00659	0.00827	0.00785	0.00949	0.00599	0.00589	0.01169	0.01767	0.02444	0.61385	0.05068	0.17724	0.01376	0.00762	0.00206	0.00309	0.01202	0.00692	0.00599
6	0.11314	0.01429	0.09036	0.01420	0.01927	0.01200	0.14500	0.04969	0.05012	0.25733	0.02461	0.02426	0.10902	0.00822	0.00646	0.00205	0.00653	0.00714	0.03734	0.00896
7	0.01727	0.77681	0.03386	0.01106	0.01658	0.02557	0.01106	0.01935	0.01313	0.01520	0.00898	0.01036	0.00829	0.00553	0.00415	0.00138	0.00691	0.00345	0.00276	0.00829
8	0.01551	0.47345	0.32179	0.01406	0.02123	0.02126	0.01629	0.01980	0.01334	0.01735	0.01005	0.01170	0.00825	0.00578	0.00496	0.00165	0.00799	0.00399	0.00275	0.00880
9	0.00880	0.00695	0.00800	0.00785	0.00978	0.00631	0.00601	0.01180	0.04627	0.02136	0.32563	0.05580	0.38307	0.01489	0.00768	0.00218	0.00346	0.06175	0.00646	0.00595
10	0.01727	0.77681	0.03386	0.01106	0.01658	0.02557	0.01106	0.01935	0.01313	0.01520	0.00898	0.01036	0.00829	0.00553	0.00415	0.00138	0.00691	0.00345	0.00276	0.00829
11	0.01423	0.01198	0.01384	0.00996	0.01566	0.00946	0.00800	0.06799	0.01466	0.02252	0.01178	0.01356	0.00968	0.00501	0.00491	0.00103	0.00496	0.00398	0.00402	0.75277
12	0.01200	0.01144	0.01949	0.58147	0.03844	0.01355	0.07675	0.01606	0.01344	0.01733	0.04670	0.02229	0.07176	0.00760	0.00704	0.00217	0.02519	0.00682	0.00335	0.00712
13	0.02491	0.01754	0.01904	0.01460	0.01976	0.01920	0.01206	0.65725	0.02944	0.09587	0.01630	0.01603	0.01138	0.00778	0.00647	0.00194	0.00698	0.00587	0.00659	0.01099
14	0.00768	0.00638	0.00672	0.00698	0.00884	0.00542	0.00510	0.00922	0.01431	0.01728	0.06014	0.18797	0.60764	0.01705	0.00775	0.00226	0.00336	0.01448	0.00600	0.00542
15	0.02414	0.03079	0.01831	0.01665	0.01998	0.74698	0.01248	0.02580	0.01831	0.01581	0.00999	0.01165	0.00832	0.00666	0.00583	0.00166	0.01165	0.00416	0.00333	0.00749
16	0.01122	0.00561	0.00842	0.00842	0.00842	0.00561	0.00561	0.00842	0.00842	0.01122	0.01122	0.01964	0.01122	0.02245	0.02525	0.81201	0.00561	0.00561	0.00281	0.00281
17	0.00914	0.00660	0.00864	0.00813	0.00965	0.00610	0.00610	0.01219	0.01829	0.02591	0.72921	0.04827	0.06097	0.01321	0.00762	0.00203	0.00305	0.01169	0.00711	0.00610
18	0.01981	0.01574	0.01671	0.01390	0.01822	0.01782	0.01113	0.33197	0.41722	0.03305	0.02155	0.02033	0.01588	0.00832	0.00653	0.00208	0.00599	0.00665	0.00653	0.01056
19	0.01509	0.01336	0.01368	0.01296	0.01598	0.06593	0.01025	0.02818	0.48996	0.02414	0.02722	0.06537	0.02362	0.01104	0.00709	0.00234	0.00570	0.15301	0.00619	0.00891
20	0.01710	0.74597	0.06313	0.01136	0.01706	0.02513	0.01159	0.01939	0.01315	0.01542	0.00909	0.01050	0.00829	0.00555	0.00423	0.00141	0.00702	0.00351	0.00276	0.00834
21	0.01323	0.01138	0.01354	0.01114	0.04194	0.00960	0.00835	0.01757	0.08862	0.02112	0.01629	0.07243	0.03279	0.00688	0.00578	0.00133	0.02346	0.00567	0.00429	0.59460
22	0.02038	0.01607	0.01608	0.01363	0.01754	0.09537	0.01085	0.30299	0.20352	0.08882	0.02139	0.09296	0.01773	0.00962	0.00672	0.00210	0.00658	0.04183	0.00621	0.00961
23	0.00914	0.00660	0.00864	0.00813	0.00965	0.00610	0.00610	0.01219	0.01829	0.02591	0.72921	0.04827	0.06097	0.01321	0.00762	0.00203	0.00305	0.01169	0.00711	0.00610
24	0.01327	0.01146	0.01392	0.01007	0.01565	0.00873	0.02810	0.01616	0.01342	0.02089	0.01234	0.03870	0.01068	0.00532	0.00498	0.00105	0.00493	0.00442	0.00388	0.76202
25	0.01969	0.01293	0.01493	0.01160	0.01634	0.01239	0.00932	0.22377	0.07063	0.18029	0.01942	0.05040	0.03177	0.03653	0.00705	0.00186	0.00562	0.00629	0.00584	0.26335
26	0.00774	0.00658	0.00670	0.00675	0.00891	0.00553	0.00512	0.00943	0.01473	0.01753	0.06424	0.06260	0.70293	0.01642	0.00769	0.00221	0.00338	0.04002	0.00600	0.00547
27	0.02414	0.03079	0.01831	0.01665	0.01998	0.74698	0.01248	0.02580	0.01831	0.01581	0.00999	0.01165	0.00832	0.00666	0.00583	0.00166	0.01165	0.00416	0.00333	0.00749
28	0.01482	0.01651	0.03466	0.10971	0.03377	0.01636	0.57978	0.01985	0.01460	0.01985	0.01256	0.01717	0.00957	0.00599	0.00848	0.00222	0.06523	0.00727	0.00319	0.00842
29	0.00764	0.00655	0.00655	0.00655	0.00873	0.00545	0.00491	0.00927	0.01473	0.01745	0.06546	0.06218	0.73000	0.01636	0.00764	0.00218	0.00327	0.01364	0.00600	0.00545
30	0.05453	0.01819	0.01820	0.01444	0.01923	0.08011	0.01175	0.52279	0.10664	0.06414	0.01642	0.01623	0.01180	0.00772	0.00633	0.00195	0.00712	0.00578	0.00618	0.01045
31	0.02137	0.02500	0.01785	0.01596	0.01900	0.48849	0.01226	0.05319	0.14978	0.01887	0.01308	0.01446	0.01059	0.00769	0.00795	0.00192	0.10545	0.00501	0.00400	0.00809
32	0.00787	0.00562	0.00750	0.00900	0.00937	0.00525	0.00600	0.00900	0.01237	0.01649	0.03561	0.76871	0.04274	0.02024	0.00825	0.00262	0.00375	0.01837	0.00600	0.00525
33	0.00786	0.00569	0.00743	0.00882	0.00933	0.00526	0.00592	0.00902	0.01254	0.01656	0.03774	0.71829	0.09178	0.01997	0.00820	0.00259	0.00371	0.01803	0.00600	0.00526
34	0.01340	0.01148	0.01340	0.00957	0.01531	0.00861	0.00766	0.01627	0.01340	0.02105	0.01148	0.01340	0.00957	0.00479	0.00479	0.00096	0.00479	0.00383	0.00383	0.81242
35	0.01709	0.01439	0.01518	0.01336	0.01719	0.01655	0.01047	0.11568	0.63794	0.02867	0.02500	0.02307	0.01867	0.00864	0.00656	0.00216	0.00535	0.00713	0.00656	0.01032
36	0.02356	0.09367	0.01962	0.01617	0.01969	0.68618	0.01236	0.02526	0.01787	0.01576	0.00990	0.01154	0.00832	0.00656	0.00568	0.00164	0.01125	0.00410	0.00328	0.00756
37	0.01607	0.01388	0.01461	0.01315	0.01680	0.01607	0.01023	0.03433	0.72094	0.02703	0.02630	0.02411	0.01972	0.00877	0.00657	0.00219	0.00511	0.00731	0.00657	0.01023
38	0.00787	0.00655	0.00687	0.00679	0.00887	0.00555	0.00509	0.00972	0.01528	0.01876	0.16806	0.06003	0.62657	0.01588	0.00763	0.00216	0.00324	0.01333	0.00617	0.00555
39	0.02421	0.01792	0.01919	0.01480	0.01990	0.01987	0.01220	0.68299	0.05903	0.04015	0.01596	0.01587	0.01135	0.00780	0.00647	0.00195	0.00703	0.00588	0.00647	0.01096
40	0.00771	0.00653	0.00657	0.00657	0.00866	0.00549	0.00487	0.00928	0.01450	0.01724	0.06353	0.06133	0.69987	0.04862	0.00871	0.00236	0.00340	0.01346	0.00591	0.00539
41	0.02456	0.01810	0.01939	0.01487	0.02004	0.02004	0.01228	0.71107	0.03038	0.04072	0.01551	0.01551	0.01099	0.00776	0.00646	0.00194	0.00711	0.00582	0.00646	0.01099
42	0.02414	0.03079	0.01831	0.01665	0.01998	0.74698	0.01248	0.02580	0.01831	0.01581	0.00999	0.01165	0.00832	0.00666	0.00583	0.00166	0.01165	0.00416	0.00333	0.00749
43	0.00894	0.00660	0.00836	0.00792	0.00953	0.00601	0.00594	0.01180	0.01781	0.02478	0.64047	0.05013	0.15041	0.01363	0.00762	0.00205	0.00308	0.01195	0.00696	0.00601
44	0.00930	0.00641	0.00791	0.00794	0.00828	0.00666	0.00504	0.00998	0.00998	0.01362	0.03974	0.06185	0.02338	0.55326	0.20330	0.00702	0.00875	0.00915	0.00396	0.00446
45	0.01909	0.01486	0.01646	0.01227	0.01772	0.01444	0.01002	0.37081	0.02206	0.03109	0.01354	0.01448	0.01029	0.00630	0.00564	0.00146	0.00597	0.00484	0.00517	0.40347
46	0.00787	0.00562	0.00750	0.00900	0.00937	0.00525	0.00600	0.00900	0.01237	0.01649	0.03561	0.76871	0.04274	0.02024	0.00825	0.00262	0.00375	0.01837	0.00600	0.00525
47	0.01525	0.01743	0.03813	0.02723	0.03377	0.01634	0.70915	0.02070	0.01525	0.02070	0.01307	0.01743	0.00980	0.00545	0.00763	0.00218	0.01089	0.00763	0.00327	0.00871
48	0.01487	0.01740	0.08243	0.02409	0.05791	0.01653	0.45126	0.03831	0.01439	0.02010	0.01301	0.04611	0.01079	0.00728	0.01006	0.00229	0.15403	0.00734	0.00334	0.00845
49	0.01525	0.01743	0.03813	0.02723	0.03377	0.01634	0.70915	0.02070	0.01525	0.02070	0.01307	0.01743	0.00980	0.00545	0.00763	0.00218	0.01089	0.00763	0.00327	0.00871
50	0.01525	0.01743	0.03813	0.02723	0.03377	0.01634	0.70915	0.02070	0.01525	0.02070	0.01307	0.01743	0.00980	0.00545	0.00763	0.00218	0.01089	0.00763	0.00327	0.00871
51	0.01361	0.01104	0.01296	0.00950	0.01486	0.00839	0.00756	0.01635	0.01363	0.05125	0.01524	0.04428	0.04111	0.00599	0.00511	0.00112	0.00471	0.00490	0.00418	0.71421
52	0.01455	0.01575	0.03014	0.02272	0.02659	0.01719	0.42404	0.01833	0.01315	0.01862	0.01224	0.04535	0.01059	0.00820	0.01269	0.00244	0.28893	0.00731	0.00321	0.00797
53	0.00809	0.00574	0.00752	0.00876	0.00917	0.00539	0.00581	0.00921	0.01241	0.01663	0.07158	0.66083	0.04189	0.09138	0.01055	0.00294	0.00395	0.01716	0.00586	0.00517
54	0.02125	0.01893	0.01605	0.01390	0.01762	0.25498	0.01100	0.21586	0.07800	0.10826	0.02150	0.04642	0.06326	0.00943	0.00664	0.00201	0.00778	0.07284	0.00553	0.00875
55	0.02377	0.07104	0.01915	0.01634	0.01979	0.70807	0.01241	0.02545	0.01803	0.01578	0.00993	0.01158	0.00832	0.00660	0.00574	0.00165	0.01140	0.00412	0.00330	0.00753
56	0.02504	0.01188	0.01488	0.01200	0.01659	0.01151	0.00972	0.03236	0.23332	0.51994	0.02574	0.02264	0.01713	0.00823	0.00652	0.00206	0.00538	0.00674	0.00756	0.01076
57	0.00834	0.00654	0.00755	0.00736	0.00918	0.00574	0.00550	0.01061	0.01629	0.02132	0.37085	0.08106	0.39648	0.01505	0.00765	0.00213	0.00319	0.01291	0.00651	0.00574
58	0.02414	0.03079	0.01831	0.01665	0.01998	0.74698	0.01248	0.02580	0.01831	0.01581	0.00999	0.01165	0.00832	0.00666	0.00583	0.00166	0.01165	0.00416	0.00333	0.00749
59	0.00787	0.00562	0.00750	0.00900	0.00937	0.00525	0.00600	0.00900	0.01237	0.01649	0.03561	0.76871	0.04274	0.02024	0.00825	0.00262	0.00375	0.01837	0.00600	0.00525
60	0.01607	0.01388	0.01461	0.01315	0.01680	0.01607	0.01023	0.03433	0.72094	0.02703	0.02630	0.02411	0.01972	0.00877	0.00657	0.00219	0.00511	0.00731	0.00657	0.01023
61	0.02456	0.01810	0.01939	0.01487	0.02004	0.02004	0.01228	0.71107	0.03038	0.04072	0.01551	0.01551	0.01099	0.00776	0.00646	0.00194	0.00711	0.00582	0.00646	0.01099
62	0.01844	0.01294	0.01446	0.01274	0.01655	0.01425	0.01009	0.03262	0.53766	0.17338	0.02656	0.02630	0.01989	0.00910	0.00669	0.00219	0.00524	0.04392	0.00683	0.01016
63	0.02456	0.01810	0.01939	0.01487	0.02004	0.02004	0.01228	0.71107	0.03038	0.04072	0.01551	0.01551	0.01099	0.00776	0.00646	0.00194	0.00711	0.00582	0.00646	0.01099
64	0.00787	0.00562	0.00750	0.00900	0.00937	0.00525	0.00600	0.00900	0.01237	0.01649	0.03561	0.76871	0.04274	0.02024	0.00825	0.00262	0.00375	0.01837	0.00600	0.00525
65	0.02741	0.01065	0.01449	0.01123	0.01595	0.00923	0.00923	0.02996	0.01848	0.68064	0.08135	0.02408	0.01956	0.00841	0.00659	0.00200	0.00530	0.00691	0.00793	0.01061
66	0.01607	0.01388	0.01461	0.01315	0.01680	0.01607	0.01023	0.03433	0.72094	0.02703	0.02630	0.02411	0.01972	0.00877	0.00657	0.00219	0.00511	0.00731	0.00657	0.01023
67	0.00787	0.00562	0.00750	0.00900	0.00937	0.00525	0.00600	0.00900	0.01237	0.01649	0.03561	0.76871	0.04274	0.02024	0.00825	0.00262	0.00375	0.01837	0.00600	0.00525
68	0.01204	0.00602	0.00602	0.00602	0.00753	0.00602	0.00452	0.01506	0.01355	0.02409	0.02108	0.02409	0.01656	0.00753	0.00452	0.00151	0.00301	0.00602	0.80879	0.00602
69	0.01938	0.01422	0.01579	0.01317	0.01691	0.01543	0.01060	0.48333	0.02488	0.03331	0.03923	0.18554	0.02131	0.01144	0.00708	0.00218	0.00618	0.06448	0.00634	0.00920
70	0.01685	0.01719	0.02557	0.05467	0.60182	0.10331	0.04615	0.02050	0.01512	0.02034	0.01191	0.01556	0.00995	0.00587	0.00638	0.00190	0.00831	0.00564	0.00321	0.00977
71	0.00932	0.00656	0.00855	0.00855	0.00907	0.00708	0.00579	0.01036	0.00984	0.01364	0.01898	0.03467	0.02019	0.44669	0.35460	0.00812	0.01124	0.00828	0.00371	0.00475
72	0.81856	0.01250	0.00950	0.00850	0.01250	0.01449	0.00700	0.01899	0.01100	0.02899	0.00900	0.01050	0.00700	0.00600	0.00400	0.00200	0.00500	0.00350	0.00400	0.00700
73	0.01493	0.05488	0.28016	0.04742	0.10826	0.09733	0.04623	0.02231	0.14208	0.02092	0.05051	0.01998	0.05202	0.00746	0.00635	0.00200	0.00803	0.00618	0.00396	0.00896
74	0.00914	0.00660	0.00864	0.00813	0.00965	0.00610	0.00610	0.01219	0.01829	0.02591	0.72921	0.04827	0.06097	0.01321	0.00762	0.00203	0.00305	0.01169	0.00711	0.00610
75	0.00959	0.00800	0.00945	0.01059	0.06865	0.00752	0.00704	0.03170	0.07323	0.01935	0.07860	0.19999	0.42179	0.01531	0.00754	0.00224	0.00398	0.01316	0.00588	0.00638
76	0.02424	0.01794	0.01921	0.01480	0.01992	0.01989	0.01220	0.68555	0.05642	0.04021	0.01592	0.01584	0.01132	0.00779	0.00647	0.00195	0.00703	0.00587	0.00647	0.01096
77	0.02830	0.01211	0.01568	0.01202	0.01705	0.01115	0.00993	0.13787	0.02035	0.62809	0.02393	0.02098	0.01521	0.00796	0.00649	0.00199	0.00575	0.00639	0.00776	0.01099
78	0.01238	0.01160	0.01916	0.72262	0.04321	0.01444	0.01758	0.01734	0.04600	0.01700	0.01218	0.01755	0.00913	0.00657	0.00647	0.00216	0.00845	0.00582	0.00304	0.00732
79	0.01607	0.01388	0.01461	0.01315	0.01680	0.01607	0.01023	0.03433	0.72094	0.02703	0.02630	0.02411	0.01972	0.00877	0.00657	0.00219	0.00511	0.00731	0.00657	0.01023
80	0.00828	0.00582	0.00749	0.00866	0.00899	0.00554	0.00568	0.00922	0.01180	0.01572	0.03227	0.58982	0.03840	0.18314	0.01360	0.00342	0.00436	0.03725	0.00555	0.00498
81	0.01629	0.01533	0.04301	0.20810	0.43999	0.01581	0.01834	0.12357	0.01662	0.02295	0.01249	0.01615	0.00990	0.00624	0.00642	0.00198	0.00787	0.00574	0.00360	0.00959
82	0.50017	0.01476	0.01216	0.08825	0.01716	0.11925	0.00925	0.02069	0.07237	0.02514	0.01211	0.01514	0.00979	0.00684	0.00493	0.00200	0.00632	0.02877	0.02759	0.00729
83	0.00819	0.00618	0.00750	0.00809	0.00927	0.00559	0.00575	0.00985	0.01417	0.01847	0.17245	0.36001	0.25943	0.04901	0.00899	0.00254	0.00365	0.03930	0.00612	0.00544
84	0.02375	0.03015	0.01837	0.01666	0.01986	0.71878	0.01255	0.02540	0.01798	0.01580	0.00993	0.01175	0.00833	0.00684	0.00642	0.00171	0.04072	0.00422	0.00331	0.00747
85	0.01014	0.00733	0.01003	0.01132	0.01287	0.00723	0.00980	0.01301	0.01500	0.01945	0.06419	0.07105	0.09374	0.01755	0.00877	0.00287	0.00562	0.60812	0.00600	0.00592
86	0.02899	0.01100	0.01499	0.01150	0.01649	0.00950	0.00950	0.03149	0.01849	0.73709	0.02549	0.02199	0.01599	0.00800	0.00650	0.00200	0.00550	0.00650	0.00800	0.01100
87	0.00780	0.00592	0.00719	0.00821	0.00917	0.00531	0.00565	0.00908	0.01312	0.01680	0.04514	0.54313	0.26216	0.01900	0.00805	0.00248	0.00360	0.01686	0.00600	0.00531
88	0.00914	0.00660	0.00864	0.00813	0.00965	0.00610	0.00610	0.01219	0.01829	0.02591	0.72921	0.04827	0.06097	0.01321	0.00762	0.00203	0.00305	0.01169	0.00711	0.00610
89	0.01296	0.03342	0.73944	0.01842	0.02797	0.01501	0.02387	0.02046	0.01364	0.02046	0.01160	0.01364	0.00818	0.00614	0.00614	0.00205	0.00955	0.00477	0.00273	0.00955
