[name]
unknown

[dist]
# distance from previous block
# <min> <max>
20	90

[block]
# block no. 0 follows, 33 sequences, length 10
# corresponding to MSA columns:
# 95-104
name=unknown_A
#
# <colnr> <probs for GDERKNQSTAVLIFYWHMCP>
#	G	D	E	R	K	N	Q	S	T	A	V	L	I	F	Y	W	H	M	C	P
0	0.01537	0.01169	0.01467	0.01569	0.13621	0.01195	0.01034	0.11633	0.15564	0.08168	0.17305	0.03490	0.17333	0.01075	0.00709	0.00210	0.00515	0.00916	0.00620	0.00871
1	0.01366	0.01304	0.01825	0.42110	0.13112	0.06678	0.01543	0.05194	0.01493	0.01881	0.02026	0.07069	0.09958	0.00871	0.00679	0.00215	0.00780	0.00756	0.00379	0.00763
2	0.01588	0.01613	0.04563	0.02102	0.11985	0.06317	0.13716	0.10065	0.01540	0.02108	0.01522	0.10935	0.01455	0.01006	0.01171	0.00240	0.24163	0.02685	0.00398	0.00828
3	0.00943	0.00694	0.00999	0.00999	0.01096	0.00791	0.00749	0.01138	0.01041	0.01485	0.01817	0.02885	0.01776	0.17433	0.61937	0.00985	0.01568	0.00749	0.00361	0.00555
4	0.02208	0.01756	0.02158	0.01665	0.02153	0.01947	0.09756	0.49341	0.10637	0.03549	0.01624	0.01695	0.01188	0.00800	0.00785	0.00210	0.06251	0.00632	0.00593	0.01053
5	0.01673	0.01379	0.01477	0.01316	0.01671	0.01566	0.01022	0.13922	0.51938	0.02845	0.02620	0.11430	0.02156	0.01021	0.00689	0.00225	0.00536	0.00859	0.00661	0.00992
6	0.05062	0.04679	0.01780	0.01686	0.11592	0.01459	0.03729	0.16363	0.09128	0.06496	0.03561	0.11157	0.01793	0.03373	0.09374	0.00325	0.06275	0.00791	0.00509	0.00869
7	0.02003	0.01409	0.01726	0.09353	0.02040	0.01556	0.02874	0.30442	0.07462	0.12593	0.04775	0.02230	0.01583	0.10204	0.01110	0.00265	0.06184	0.00687	0.00577	0.00927
8	0.06810	0.01377	0.01989	0.19528	0.21108	0.01573	0.01526	0.07781	0.05637	0.07967	0.01557	0.01855	0.03650	0.00797	0.00908	0.00221	0.13800	0.00615	0.00415	0.00887
9	0.05942	0.03342	0.01748	0.08214	0.08202	0.08185	0.03492	0.16791	0.07390	0.09086	0.06393	0.04548	0.04858	0.00850	0.00669	0.00200	0.01949	0.00693	0.04076	0.03372

[dist]
# distance from previous block
# <min> <max>
0	20

[block]
# block no. 1 follows, 33 sequences, length 46
# corresponding to MSA columns:
# 125-170
name=unknown_B
#
# <colnr> <probs for GDERKNQSTAVLIFYWHMCP>
#	G	D	E	R	K	N	Q	S	T	A	V	L	I	F	Y	W	H	M	C	P
0	0.04716	0.07361	0.19243	0.08182	0.18347	0.10220	0.05304	0.04901	0.03536	0.06354	0.01410	0.05002	0.01147	0.00709	0.00631	0.00200	0.00844	0.00597	0.00379	0.00917
1	0.08344	0.18831	0.19313	0.10125	0.11821	0.04516	0.05692	0.04161	0.03703	0.03873	0.01205	0.01437	0.00939	0.00622	0.00577	0.00189	0.00809	0.00498	0.00344	0.03001
2	0.07318	0.01932	0.14919	0.04812	0.40311	0.04464	0.10684	0.02084	0.01481	0.04025	0.01243	0.01568	0.00981	0.00602	0.00644	0.00201	0.00850	0.00573	0.00337	0.00971
3	0.01532	0.04368	0.04094	0.09946	0.30049	0.01301	0.01438	0.03956	0.03241	0.07536	0.08121	0.05137	0.06653	0.00814	0.00654	0.00193	0.00651	0.00722	0.00447	0.09143
4	0.01568	0.06930	0.09319	0.17756	0.04874	0.07237	0.11944	0.03595	0.06294	0.04751	0.05717	0.01826	0.01341	0.00721	0.00755	0.00201	0.06327	0.00610	0.00390	0.07844
5	0.01651	0.05161	0.26670	0.05148	0.06540	0.06111	0.06817	0.05515	0.03161	0.11093	0.06795	0.02183	0.06748	0.00800	0.00698	0.00206	0.02694	0.00662	0.00441	0.00906
6	0.04611	0.00760	0.03644	0.03972	0.01235	0.00680	0.00788	0.01093	0.01292	0.01790	0.03293	0.58826	0.03843	0.01855	0.00813	0.00264	0.00457	0.09632	0.00576	0.00576
7	0.01474	0.02171	0.24070	0.08432	0.16040	0.01590	0.32401	0.02052	0.01477	0.02076	0.01258	0.01633	0.00949	0.00590	0.00700	0.00213	0.00991	0.00641	0.00312	0.00929
8	0.02503	0.01844	0.01976	0.01515	0.02042	0.02042	0.01251	0.70562	0.03095	0.04149	0.01581	0.01581	0.01120	0.00790	0.00659	0.00198	0.00724	0.00593	0.00659	0.01120
9	0.02503	0.01844	0.01976	0.01515	0.02042	0.02042	0.01251	0.70562	0.03095	0.04149	0.01581	0.01581	0.01120	0.00790	0.00659	0.00198	0.00724	0.00593	0.00659	0.01120
10	0.01772	0.04654	0.28536	0.08290	0.09593	0.04389	0.10038	0.14945	0.01786	0.07718	0.01370	0.01572	0.00991	0.00661	0.00650	0.00204	0.00885	0.00566	0.00404	0.00976
11	0.00917	0.00672	0.00859	0.00813	0.00974	0.00615	0.00609	0.01213	0.01828	0.02556	0.66030	0.05055	0.12644	0.01377	0.00777	0.00209	0.00313	0.01210	0.00714	0.00615
12	0.01365	0.01170	0.01365	0.00975	0.01560	0.00878	0.00780	0.01658	0.01365	0.02145	0.01170	0.01365	0.00975	0.00488	0.00488	0.00098	0.00488	0.00390	0.00390	0.80888
13	0.02364	0.01710	0.01850	0.01457	0.01952	0.01889	0.01191	0.52824	0.16410	0.08609	0.01865	0.01797	0.01329	0.00812	0.00661	0.00203	0.00673	0.00627	0.00671	0.01104
14	0.02465	0.01825	0.01955	0.01507	0.02027	0.02024	0.01242	0.67653	0.06065	0.04088	0.01628	0.01619	0.01158	0.00795	0.00659	0.00199	0.00716	0.00599	0.00659	0.01116
15	0.01243	0.01170	0.01975	0.75282	0.04534	0.01463	0.01828	0.01682	0.01316	0.01682	0.01170	0.01755	0.00878	0.00658	0.00658	0.00219	0.00878	0.00585	0.00293	0.00731
16	0.00788	0.00652	0.00691	0.00713	0.00903	0.00555	0.00523	0.00952	0.01476	0.01796	0.08740	0.17582	0.58922	0.01718	0.00788	0.00229	0.00340	0.01459	0.00616	0.00555
17	0.02530	0.01799	0.01948	0.01494	0.02019	0.01975	0.01234	0.66407	0.03021	0.08410	0.01643	0.01621	0.01151	0.00792	0.00659	0.00198	0.00714	0.00597	0.00668	0.01120
18	0.01243	0.01170	0.01975	0.75282	0.04534	0.01463	0.01828	0.01682	0.01316	0.01682	0.01170	0.01755	0.00878	0.00658	0.00658	0.00219	0.00878	0.00585	0.00293	0.00731
19	0.00802	0.00573	0.00764	0.00917	0.00955	0.00535	0.00611	0.00917	0.01260	0.01681	0.03628	0.76434	0.04354	0.02062	0.00840	0.00267	0.00382	0.01872	0.00611	0.00535
20	0.00957	0.00641	0.00732	0.00732	0.00737	0.00646	0.00416	0.00966	0.00961	0.01287	0.02062	0.04237	0.02363	0.73909	0.06263	0.00655	0.00684	0.00947	0.00397	0.00407
21	0.01440	0.01440	0.02016	0.01728	0.01728	0.02016	0.01440	0.01584	0.01008	0.01584	0.00864	0.01440	0.00864	0.01152	0.02160	0.00288	0.75659	0.00576	0.00288	0.00720
22	0.00940	0.00705	0.01058	0.01058	0.01176	0.00823	0.00823	0.01176	0.01058	0.01528	0.01763	0.02586	0.01646	0.04937	0.74255	0.01058	0.01763	0.00705	0.00353	0.00588
23	0.81514	0.01273	0.00968	0.00866	0.01273	0.01477	0.00713	0.01935	0.01120	0.02954	0.00917	0.01069	0.00713	0.00611	0.00407	0.00204	0.00509	0.00356	0.00407	0.00713
24	0.02402	0.01806	0.01980	0.01535	0.02012	0.02039	0.01269	0.64043	0.02898	0.03907	0.01513	0.01567	0.01095	0.00824	0.00801	0.00206	0.07807	0.00591	0.00624	0.01082
25	0.00802	0.00573	0.00764	0.00917	0.00955	0.00535	0.00611	0.00917	0.01260	0.01681	0.03628	0.76434	0.04354	0.02062	0.00840	0.00267	0.00382	0.01872	0.00611	0.00535
26	0.02954	0.01120	0.01528	0.01171	0.01681	0.00968	0.00968	0.03208	0.01884	0.73213	0.02597	0.02241	0.01630	0.00815	0.00662	0.00204	0.00560	0.00662	0.00815	0.01120
27	0.02954	0.01120	0.01528	0.01171	0.01681	0.00968	0.00968	0.03208	0.01884	0.73213	0.02597	0.02241	0.01630	0.00815	0.00662	0.00204	0.00560	0.00662	0.00815	0.01120
28	0.64441	0.01554	0.01172	0.01028	0.01438	0.10369	0.00832	0.08505	0.01398	0.02904	0.00992	0.01132	0.00768	0.00636	0.00454	0.00199	0.00612	0.00387	0.00423	0.00757
29	0.00913	0.00672	0.00853	0.00808	0.00972	0.00613	0.00606	0.01205	0.01818	0.02532	0.64203	0.05095	0.14486	0.01386	0.00777	0.00209	0.00313	0.01215	0.00711	0.00613
30	0.78535	0.01295	0.01006	0.00890	0.01302	0.01498	0.00733	0.04522	0.01195	0.02999	0.00942	0.01089	0.00728	0.00618	0.00417	0.00203	0.00517	0.00365	0.00417	0.00728
31	0.00964	0.00683	0.00843	0.00902	0.01053	0.00627	0.00690	0.01156	0.01452	0.04711	0.09407	0.24098	0.26133	0.06238	0.00976	0.00277	0.00440	0.18156	0.00614	0.00581
32	0.02445	0.06016	0.01986	0.01591	0.02022	0.39806	0.01256	0.31865	0.02371	0.02702	0.01255	0.01351	0.00965	0.00721	0.00614	0.00180	0.00965	0.00493	0.00474	0.00921
33	0.02116	0.00936	0.01253	0.01024	0.01390	0.00822	0.00820	0.02388	0.01861	0.44150	0.28665	0.03399	0.06184	0.01046	0.00709	0.00206	0.00458	0.00887	0.00773	0.00912
34	0.02954	0.01120	0.01528	0.01171	0.01681	0.00968	0.00968	0.03208	0.01884	0.73213	0.02597	0.02241	0.01630	0.00815	0.00662	0.00204	0.00560	0.00662	0.00815	0.01120
35	0.02347	0.01419	0.01691	0.01446	0.05104	0.01474	0.01121	0.27194	0.14331	0.27331	0.05030	0.02323	0.01754	0.00869	0.00676	0.00209	0.00614	0.03305	0.00699	0.01063
36	0.04165	0.14406	0.10303	0.02378	0.11581	0.01831	0.33072	0.04692	0.01498	0.02084	0.01195	0.01542	0.00947	0.00626	0.00780	0.00207	0.06847	0.00617	0.00330	0.00899
37	0.54011	0.01442	0.01331	0.01201	0.04805	0.01635	0.00928	0.20038	0.04331	0.03223	0.01173	0.01282	0.00884	0.00668	0.00495	0.00202	0.00579	0.00444	0.00480	0.00848
38	0.00811	0.00626	0.00712	0.00773	0.00893	0.00558	0.00531	0.00935	0.01335	0.01675	0.04872	0.33911	0.36437	0.11476	0.01133	0.00294	0.00392	0.01525	0.00584	0.00527
39	0.02342	0.01848	0.02022	0.01580	0.02083	0.06970	0.06009	0.50083	0.11459	0.06276	0.01701	0.01702	0.01223	0.00780	0.00664	0.00201	0.00752	0.00615	0.00621	0.01069
40	0.01502	0.02399	0.28897	0.04666	0.05812	0.04753	0.38086	0.02106	0.01499	0.02067	0.01255	0.01604	0.00931	0.00590	0.00706	0.00214	0.01044	0.00643	0.00312	0.00914
41	0.01290	0.00772	0.01014	0.00964	0.01174	0.00719	0.00755	0.01610	0.03810	0.14130	0.38190	0.12235	0.07333	0.01405	0.00782	0.00229	0.00413	0.11768	0.00703	0.00703
42	0.05175	0.01234	0.01494	0.01178	0.01628	0.01201	0.00962	0.20535	0.02151	0.39532	0.11134	0.02605	0.06330	0.00919	0.00673	0.00204	0.00557	0.00743	0.00736	0.01010
43	0.01541	0.01455	0.02465	0.29649	0.38116	0.01566	0.07056	0.06400	0.01542	0.02108	0.01243	0.01683	0.00985	0.00624	0.00664	0.00206	0.00838	0.00601	0.00336	0.00923
44	0.81514	0.01273	0.00968	0.00866	0.01273	0.01477	0.00713	0.01935	0.01120	0.02954	0.00917	0.01069	0.00713	0.00611	0.00407	0.00204	0.00509	0.00356	0.00407	0.00713
45	0.01691	0.02059	0.08307	0.07270	0.15069	0.14892	0.33971	0.02140	0.01553	0.01976	0.01219	0.01600	0.00954	0.00617	0.00756	0.00209	0.03873	0.00638	0.00325	0.00882

[dist]
# distance from previous block
# <min> <max>
0	4

[block]
# block no. 2 follows, 33 sequences, length 76
# corresponding to MSA columns:
# 175-250
name=unknown_C
#
# <colnr> <probs for GDERKNQSTAVLIFYWHMCP>
#	G	D	E	R	K	N	Q	S	T	A	V	L	I	F	Y	W	H	M	C	P
0	0.02276	0.01780	0.01911	0.03941	0.04648	0.04364	0.01262	0.51696	0.15059	0.03665	0.01730	0.01730	0.01257	0.00793	0.00658	0.00202	0.00711	0.00613	0.00626	0.01079
1	0.01465	0.01219	0.01403	0.01041	0.01585	0.01008	0.00830	0.08945	0.03935	0.02353	0.01392	0.05295	0.01200	0.00614	0.00530	0.00121	0.00508	0.00500	0.00439	0.65615
2	0.02080	0.07901	0.02014	0.01521	0.01976	0.12884	0.05093	0.27407	0.26660	0.02952	0.01813	0.01797	0.01361	0.00778	0.00641	0.00199	0.00744	0.00611	0.00565	0.01003
3	0.01028	0.00600	0.00827	0.00872	0.00892	0.00592	0.00586	0.00930	0.01016	0.01350	0.02040	0.18728	0.02281	0.16547	0.02220	0.41768	0.00547	0.06386	0.00403	0.00386
4	0.01611	0.01546	0.02640	0.07361	0.69578	0.01559	0.02011	0.02005	0.01490	0.02129	0.01235	0.01635	0.01035	0.00590	0.00652	0.00197	0.00787	0.00586	0.00324	0.01028
5	0.05503	0.09558	0.05442	0.01560	0.04642	0.02035	0.01301	0.55094	0.02698	0.03666	0.01455	0.01500	0.01059	0.00745	0.00623	0.00192	0.00727	0.00554	0.00580	0.01066
6	0.00900	0.00645	0.00847	0.00975	0.01045	0.00621	0.00688	0.03756	0.01363	0.01813	0.03530	0.65507	0.04160	0.01984	0.00841	0.00269	0.00421	0.09458	0.00612	0.00566
7	0.00796	0.00646	0.00706	0.00737	0.00912	0.00556	0.00535	0.00962	0.01474	0.01824	0.11163	0.22425	0.51503	0.01733	0.00792	0.00232	0.00343	0.01485	0.00620	0.00556
8	0.00813	0.00583	0.00787	0.00928	0.00972	0.00557	0.00628	0.00937	0.01245	0.01669	0.03483	0.70657	0.04142	0.02287	0.06584	0.00329	0.00490	0.01780	0.00591	0.00539
9	0.02503	0.01844	0.01976	0.01515	0.02042	0.02042	0.01251	0.70562	0.03095	0.04149	0.01581	0.01581	0.01120	0.00790	0.00659	0.00198	0.00724	0.00593	0.00659	0.01120
10	0.01673	0.60480	0.13510	0.01306	0.01934	0.02347	0.04530	0.01983	0.01356	0.01673	0.00982	0.01148	0.00855	0.00569	0.00470	0.00153	0.00754	0.00393	0.00287	0.03594
11	0.02539	0.01641	0.04411	0.01406	0.01933	0.01653	0.01189	0.41833	0.07661	0.25830	0.01968	0.01847	0.01336	0.00800	0.00659	0.00202	0.00667	0.00622	0.00695	0.01109
12	0.02459	0.03138	0.01866	0.01696	0.02035	0.74221	0.01272	0.02629	0.01866	0.01611	0.01018	0.01187	0.00848	0.00678	0.00594	0.00170	0.01187	0.00424	0.00339	0.00763
13	0.00821	0.00669	0.00729	0.00732	0.00931	0.00577	0.00553	0.01019	0.01561	0.01947	0.18849	0.08680	0.54276	0.01628	0.00786	0.00225	0.00344	0.04471	0.00633	0.00570
14	0.01684	0.40529	0.28067	0.01427	0.02115	0.04695	0.01583	0.02177	0.05008	0.05472	0.01190	0.01312	0.00941	0.00619	0.00526	0.00173	0.00800	0.00438	0.00330	0.00912
15	0.01318	0.01189	0.01996	0.69218	0.07980	0.01452	0.01811	0.01748	0.01344	0.03994	0.01219	0.01764	0.00910	0.00659	0.00658	0.00218	0.00862	0.00588	0.00311	0.00760
16	0.00778	0.00667	0.00667	0.00667	0.00889	0.00556	0.00500	0.00945	0.01501	0.01778	0.06669	0.06336	0.72490	0.01667	0.00778	0.00222	0.00333	0.01389	0.00611	0.00556
17	0.01894	0.01298	0.01458	0.01267	0.01657	0.01416	0.00997	0.03283	0.50937	0.18980	0.07238	0.02568	0.02198	0.00905	0.00675	0.00218	0.00516	0.00755	0.00707	0.01032
18	0.01873	0.01937	0.02367	0.11263	0.32159	0.21573	0.07153	0.02201	0.01580	0.05947	0.01235	0.01559	0.00991	0.00660	0.00724	0.00198	0.04762	0.00561	0.00352	0.00905
19	0.01630	0.01559	0.02628	0.03940	0.70115	0.01567	0.01984	0.02075	0.04105	0.02173	0.01292	0.01660	0.01079	0.00598	0.00652	0.00197	0.00772	0.00592	0.00339	0.01043
20	0.00950	0.00635	0.00720	0.00727	0.00729	0.00633	0.00409	0.00955	0.00971	0.01295	0.02146	0.07650	0.02484	0.73398	0.03234	0.00621	0.00626	0.01000	0.00409	0.00405
21	0.02518	0.01819	0.01960	0.01503	0.02029	0.02005	0.01242	0.68251	0.03054	0.06518	0.01615	0.01603	0.01137	0.00791	0.00659	0.00198	0.00719	0.00595	0.00664	0.01120
22	0.01587	0.01682	0.03348	0.03335	0.34135	0.01620	0.40102	0.02070	0.01530	0.02127	0.01290	0.01711	0.01018	0.00569	0.00721	0.00210	0.00965	0.00693	0.00330	0.00956
23	0.01061	0.00758	0.01061	0.01212	0.01364	0.00758	0.01061	0.01364	0.01515	0.01970	0.03486	0.07426	0.03789	0.01819	0.00909	0.00303	0.00606	0.68326	0.00606	0.00606
24	0.01243	0.01170	0.01975	0.75282	0.04534	0.01463	0.01828	0.01682	0.01316	0.01682	0.01170	0.01755	0.00878	0.00658	0.00658	0.00219	0.00878	0.00585	0.00293	0.00731
25	0.81514	0.01273	0.00968	0.00866	0.01273	0.01477	0.00713	0.01935	0.01120	0.02954	0.00917	0.01069	0.00713	0.00611	0.00407	0.00204	0.00509	0.00356	0.00407	0.00713
26	0.02712	0.01067	0.01450	0.01130	0.01597	0.00926	0.00926	0.02973	0.01882	0.64774	0.10945	0.02561	0.02178	0.00878	0.00676	0.00204	0.00530	0.00725	0.00804	0.01061
27	0.02954	0.01120	0.01528	0.01171	0.01681	0.00968	0.00968	0.03208	0.01884	0.73213	0.02597	0.02241	0.01630	0.00815	0.00662	0.00204	0.00560	0.00662	0.00815	0.01120
28	0.00802	0.00573	0.00764	0.00917	0.00955	0.00535	0.00611	0.00917	0.01260	0.01681	0.03628	0.76434	0.04354	0.02062	0.00840	0.00267	0.00382	0.01872	0.00611	0.00535
29	0.01629	0.01564	0.02672	0.04041	0.72757	0.01564	0.02020	0.02020	0.01499	0.02151	0.01238	0.01629	0.01043	0.00587	0.00652	0.00196	0.00782	0.00587	0.00326	0.01043
30	0.00793	0.00658	0.00695	0.00707	0.00904	0.00559	0.00522	0.00967	0.01506	0.01840	0.11857	0.13606	0.59754	0.01682	0.00784	0.00226	0.00337	0.01424	0.00621	0.00559
31	0.81514	0.01273	0.00968	0.00866	0.01273	0.01477	0.00713	0.01935	0.01120	0.02954	0.00917	0.01069	0.00713	0.00611	0.00407	0.00204	0.00509	0.00356	0.00407	0.00713
32	0.01554	0.01776	0.03885	0.02775	0.03441	0.01665	0.70366	0.02109	0.01554	0.02109	0.01332	0.01776	0.00999	0.00555	0.00777	0.00222	0.01110	0.00777	0.00333	0.00888
33	0.00954	0.00694	0.00931	0.01066	0.01192	0.00670	0.00868	0.01187	0.01439	0.01864	0.03877	0.27507	0.11497	0.01873	0.00875	0.00284	0.00511	0.41523	0.00608	0.00580
34	0.01030	0.00736	0.01025	0.01177	0.01315	0.00731	0.01007	0.01310	0.01485	0.01936	0.03503	0.15677	0.03856	0.01848	0.00901	0.00299	0.00579	0.60380	0.00607	0.00598
35	0.02503	0.01844	0.01976	0.01515	0.02042	0.02042	0.01251	0.70562	0.03095	0.04149	0.01581	0.01581	0.01120	0.00790	0.00659	0.00198	0.00724	0.00593	0.00659	0.01120
36	0.00957	0.00638	0.00718	0.00718	0.00718	0.00638	0.00399	0.00957	0.00957	0.01276	0.02074	0.04308	0.02393	0.76864	0.03351	0.00638	0.00638	0.00957	0.00399	0.00399
37	0.01554	0.01776	0.03885	0.02775	0.03441	0.01665	0.70366	0.02109	0.01554	0.02109	0.01332	0.01776	0.00999	0.00555	0.00777	0.00222	0.01110	0.00777	0.00333	0.00888
38	0.04316	0.74825	0.03370	0.01118	0.01676	0.02569	0.01113	0.01970	0.01331	0.01594	0.00915	0.01056	0.00841	0.00565	0.00422	0.00143	0.00698	0.00352	0.00286	0.00841
39	0.01615	0.19243	0.47523	0.01641	0.02458	0.01785	0.01957	0.08796	0.01570	0.05820	0.01235	0.01379	0.00905	0.00638	0.00586	0.00192	0.00869	0.00477	0.00343	0.00967
40	0.01626	0.01563	0.02544	0.12893	0.60368	0.03442	0.01956	0.03893	0.01530	0.02133	0.01233	0.01632	0.01019	0.00604	0.00651	0.00198	0.00803	0.00582	0.00331	0.00998
41	0.00896	0.00658	0.00840	0.00824	0.00969	0.00601	0.00607	0.01163	0.01736	0.02407	0.55251	0.15576	0.13051	0.01486	0.00786	0.00218	0.00324	0.01312	0.00696	0.00601
42	0.00802	0.00573	0.00764	0.00917	0.00955	0.00535	0.00611	0.00917	0.01260	0.01681	0.03628	0.76434	0.04354	0.02062	0.00840	0.00267	0.00382	0.01872	0.00611	0.00535
43	0.01365	0.01170	0.01365	0.00975	0.01560	0.00878	0.00780	0.01658	0.01365	0.02145	0.01170	0.01365	0.00975	0.00488	0.00488	0.00098	0.00488	0.00390	0.00390	0.80888
44	0.01533	0.01335	0.02051	0.21493	0.30315	0.01343	0.01562	0.01980	0.05035	0.05696	0.01347	0.01671	0.01063	0.00608	0.00615	0.00180	0.00710	0.00550	0.00376	0.20537
45	0.01361	0.03119	0.61216	0.02034	0.02953	0.01553	0.14381	0.02089	0.01419	0.02089	0.01208	0.01458	0.00863	0.00613	0.00652	0.00211	0.00997	0.00538	0.00288	0.00958
46	0.00814	0.00581	0.00778	0.00930	0.00974	0.00545	0.00632	0.00937	0.01272	0.01694	0.03622	0.73237	0.04328	0.02051	0.00843	0.00269	0.00392	0.04950	0.00611	0.00538
47	0.00940	0.00705	0.01058	0.01058	0.01176	0.00823	0.00823	0.01176	0.01058	0.01528	0.01763	0.02586	0.01646	0.04937	0.74255	0.01058	0.01763	0.00705	0.00353	0.00588
48	0.01307	0.02361	0.39124	0.05504	0.02548	0.01399	0.11005	0.02076	0.10452	0.02153	0.06192	0.02337	0.09028	0.00807	0.00678	0.00214	0.00821	0.00702	0.00399	0.00892
49	0.00810	0.00689	0.00701	0.00694	0.00918	0.00590	0.00522	0.01033	0.03563	0.01847	0.09616	0.06156	0.67343	0.01630	0.00775	0.00222	0.00338	0.01361	0.00618	0.00573
50	0.00800	0.00581	0.00755	0.00894	0.00949	0.00537	0.00601	0.00919	0.01282	0.01689	0.03902	0.70125	0.10487	0.02027	0.00835	0.00263	0.00378	0.01828	0.00611	0.00537
51	0.02521	0.01815	0.01958	0.01501	0.02027	0.01999	0.01240	0.67866	0.03047	0.06914	0.01621	0.01607	0.01140	0.00791	0.00659	0.00198	0.00718	0.00595	0.00665	0.01120
52	0.01304	0.01224	0.02023	0.64021	0.11538	0.01482	0.01808	0.01811	0.04941	0.01786	0.01255	0.01778	0.00953	0.00663	0.00658	0.00217	0.00849	0.00593	0.00315	0.00780
53	0.00932	0.00673	0.00880	0.00828	0.00984	0.00621	0.00621	0.01242	0.01863	0.02640	0.72410	0.04918	0.06212	0.01346	0.00776	0.00207	0.00311	0.01191	0.00725	0.00621
54	0.01554	0.01776	0.03885	0.02775	0.03441	0.01665	0.70366	0.02109	0.01554	0.02109	0.01332	0.01776	0.00999	0.00555	0.00777	0.00222	0.01110	0.00777	0.00333	0.00888
55	0.02459	0.03138	0.01866	0.01696	0.02035	0.74221	0.01272	0.02629	0.01866	0.01611	0.01018	0.01187	0.00848	0.00678	0.00594	0.00170	0.01187	0.00424	0.00339	0.00763
56	0.10940	0.01983	0.01848	0.04173	0.02049	0.14512	0.01218	0.48855	0.02604	0.03489	0.01396	0.01464	0.01020	0.00747	0.00620	0.00194	0.00787	0.00538	0.00563	0.01000
57	0.02954	0.01120	0.01528	0.01171	0.01681	0.00968	0.00968	0.03208	0.01884	0.73213	0.02597	0.02241	0.01630	0.00815	0.00662	0.00204	0.00560	0.00662	0.00815	0.01120
58	0.01943	0.02277	0.01942	0.01712	0.01880	0.37614	0.01357	0.02099	0.01431	0.01598	0.00940	0.01316	0.00856	0.00919	0.01388	0.00230	0.38944	0.00501	0.00313	0.00741
59	0.01001	0.00789	0.01149	0.01115	0.01210	0.00953	0.00868	0.01210	0.01045	0.01518	0.01677	0.02567	0.01603	0.09404	0.60785	0.00937	0.10522	0.00707	0.00348	0.00591
60	0.01061	0.00758	0.01061	0.01212	0.01364	0.00758	0.01061	0.01364	0.01515	0.01970	0.03486	0.07426	0.03789	0.01819	0.00909	0.00303	0.00606	0.68326	0.00606	0.00606
61	0.01365	0.01170	0.01365	0.00975	0.01560	0.00878	0.00780	0.01658	0.01365	0.02145	0.01170	0.01365	0.00975	0.00488	0.00488	0.00098	0.00488	0.00390	0.00390	0.80888
62	0.01455	0.01536	0.02966	0.06791	0.06856	0.01484	0.41768	0.01901	0.01472	0.02053	0.03525	0.01935	0.03734	0.00663	0.00827	0.00206	0.06763	0.00714	0.00357	0.12993
63	0.01308	0.01205	0.01975	0.71495	0.04406	0.01492	0.01799	0.05217	0.01408	0.01809	0.01191	0.01746	0.00890	0.00665	0.00658	0.00218	0.00870	0.00585	0.00311	0.00751
64	0.01554	0.01776	0.03885	0.02775	0.03441	0.01665	0.70366	0.02109	0.01554	0.02109	0.01332	0.01776	0.00999	0.00555	0.00777	0.00222	0.01110	0.00777	0.00333	0.00888
65	0.00802	0.00573	0.00764	0.00917	0.00955	0.00535	0.00611	0.00917	0.01260	0.01681	0.03628	0.76434	0.04354	0.02062	0.00840	0.00267	0.00382	0.01872	0.00611	0.00535
66	0.01628	0.35498	0.26691	0.01518	0.02168	0.10431	0.05107	0.02033	0.01424	0.01773	0.01193	0.05532	0.01050	0.00683	0.00553	0.00178	0.00853	0.00514	0.00309	0.00863
67	0.01356	0.01285	0.02177	0.54560	0.24378	0.01492	0.01884	0.01780	0.01369	0.01818	0.01190	0.01719	0.00926	0.00637	0.00656	0.00212	0.00850	0.00585	0.00302	0.00822
68	0.00880	0.00636	0.00832	0.00856	0.00970	0.00588	0.00614	0.01116	0.01635	0.02268	0.45607	0.30899	0.07407	0.01615	0.00800	0.00229	0.00337	0.01443	0.00680	0.00588
69	0.00954	0.00682	0.00939	0.01091	0.01196	0.00666	0.00876	0.01180	0.01411	0.01851	0.03544	0.35820	0.04021	0.01919	0.00881	0.00288	0.00514	0.40983	0.00608	0.00577
70	0.02073	0.01594	0.01827	0.04291	0.17859	0.11386	0.01284	0.11048	0.12906	0.18716	0.05356	0.02209	0.04859	0.00813	0.00662	0.00201	0.00699	0.00673	0.00566	0.00979
71	0.01501	0.01309	0.02145	0.43162	0.22291	0.01477	0.03691	0.02036	0.07240	0.06657	0.01413	0.01813	0.01069	0.00666	0.00661	0.00212	0.00808	0.00609	0.00369	0.00870
72	0.01320	0.03405	0.73453	0.01876	0.02849	0.01529	0.02432	0.02085	0.01390	0.02085	0.01181	0.01390	0.00834	0.00625	0.00625	0.00208	0.00973	0.00486	0.00278	0.00973
73	0.00823	0.00582	0.00758	0.00890	0.00923	0.00549	0.00582	0.00922	0.01219	0.01626	0.03418	0.66689	0.04089	0.12170	0.01179	0.00317	0.00417	0.01748	0.00582	0.00516
74	0.76107	0.04057	0.01090	0.00896	0.01313	0.01536	0.00745	0.04112	0.01191	0.02940	0.00938	0.01085	0.00731	0.00615	0.00416	0.00201	0.00523	0.00364	0.00411	0.00731
75	0.02103	0.03465	0.07931	0.04776	0.02009	0.03851	0.02852	0.20378	0.06180	0.20837	0.03705	0.03797	0.01448	0.00770	0.00634	0.00188	0.00667	0.00622	0.00581	0.13205

[dist]
# distance from previous block
# <min> <max>
5	7

[block]
# block no. 3 follows, 33 sequences, length 23
# corresponding to MSA columns:
# 258-280
name=unknown_D
#
# <colnr> <probs for GDERKNQSTAVLIFYWHMCP>
#	G	D	E	R	K	N	Q	S	T	A	V	L	I	F	Y	W	H	M	C	P
0	0.00950	0.00635	0.00720	0.00728	0.00730	0.00633	0.00409	0.00955	0.00972	0.01296	0.02151	0.07859	0.02490	0.73181	0.03227	0.00620	0.00626	0.01002	0.00409	0.00406
1	0.05839	0.01594	0.09335	0.02134	0.21208	0.01404	0.06608	0.14400	0.01814	0.15873	0.01897	0.05643	0.03860	0.00790	0.00654	0.00204	0.00702	0.00689	0.04380	0.00973
2	0.01993	0.01705	0.02132	0.09194	0.18562	0.06147	0.04035	0.32370	0.06838	0.02954	0.01480	0.01687	0.01131	0.00901	0.03694	0.00238	0.02847	0.00601	0.00494	0.00997
3	0.00957	0.00638	0.00718	0.00718	0.00718	0.00638	0.00399	0.00957	0.00957	0.01276	0.02074	0.04308	0.02393	0.76864	0.03351	0.00638	0.00638	0.00957	0.00399	0.00399
4	0.01837	0.50675	0.13881	0.01352	0.01939	0.14719	0.01356	0.04387	0.01495	0.01729	0.00996	0.01147	0.00853	0.00600	0.00491	0.00158	0.00829	0.00393	0.00304	0.00860
5	0.01579	0.01802	0.09551	0.14589	0.35476	0.10099	0.01753	0.01970	0.01479	0.01990	0.01256	0.03701	0.01059	0.00644	0.00629	0.00188	0.00819	0.00570	0.00333	0.10515
6	0.00986	0.00803	0.00930	0.04183	0.01212	0.00783	0.00687	0.01473	0.12070	0.02252	0.31236	0.05004	0.33157	0.01382	0.00756	0.00216	0.00377	0.01180	0.00650	0.00661
7	0.01365	0.01170	0.01365	0.00975	0.01560	0.00878	0.00780	0.01658	0.01365	0.02145	0.01170	0.01365	0.00975	0.00488	0.00488	0.00098	0.00488	0.00390	0.00390	0.80888
8	0.00874	0.00681	0.00779	0.00814	0.00983	0.00614	0.00624	0.01060	0.01459	0.01824	0.10373	0.08760	0.41623	0.10543	0.01112	0.00289	0.00429	0.16013	0.00594	0.00553
9	0.02954	0.01120	0.01528	0.01171	0.01681	0.00968	0.00968	0.03208	0.01884	0.73213	0.02597	0.02241	0.01630	0.00815	0.00662	0.00204	0.00560	0.00662	0.00815	0.01120
10	0.02954	0.01120	0.01528	0.01171	0.01681	0.00968	0.00968	0.03208	0.01884	0.73213	0.02597	0.02241	0.01630	0.00815	0.00662	0.00204	0.00560	0.00662	0.00815	0.01120
11	0.02954	0.01120	0.01528	0.01171	0.01681	0.00968	0.00968	0.03208	0.01884	0.73213	0.02597	0.02241	0.01630	0.00815	0.00662	0.00204	0.00560	0.00662	0.00815	0.01120
12	0.02503	0.01844	0.01976	0.01515	0.02042	0.02042	0.01251	0.70562	0.03095	0.04149	0.01581	0.01581	0.01120	0.00790	0.00659	0.00198	0.00724	0.00593	0.00659	0.01120
13	0.00778	0.00667	0.00667	0.00667	0.00889	0.00556	0.00500	0.00945	0.01501	0.01778	0.06669	0.06336	0.72490	0.01667	0.00778	0.00222	0.00333	0.01389	0.00611	0.00556
14	0.81514	0.01273	0.00968	0.00866	0.01273	0.01477	0.00713	0.01935	0.01120	0.02954	0.00917	0.01069	0.00713	0.00611	0.00407	0.00204	0.00509	0.00356	0.00407	0.00713
15	0.01554	0.01776	0.03885	0.02775	0.03441	0.01665	0.70366	0.02109	0.01554	0.02109	0.01332	0.01776	0.00999	0.00555	0.00777	0.00222	0.01110	0.00777	0.00333	0.00888
16	0.00932	0.00673	0.00880	0.00828	0.00984	0.00621	0.00621	0.01242	0.01863	0.02640	0.72410	0.04918	0.06212	0.01346	0.00776	0.00207	0.00311	0.01191	0.00725	0.00621
17	0.01440	0.01440	0.02016	0.01728	0.01728	0.02016	0.01440	0.01584	0.01008	0.01584	0.00864	0.01440	0.00864	0.01152	0.02160	0.00288	0.75659	0.00576	0.00288	0.00720
18	0.01978	0.05736	0.19485	0.04670	0.12100	0.19778	0.01613	0.09138	0.03521	0.10836	0.01408	0.01564	0.01053	0.00832	0.03256	0.00223	0.00926	0.00529	0.00417	0.00936
19	0.06347	0.01127	0.01504	0.01158	0.01663	0.00990	0.00957	0.03153	0.01851	0.70178	0.02525	0.02190	0.01590	0.00806	0.00651	0.00204	0.00558	0.00649	0.00797	0.01103
20	0.01231	0.01581	0.19577	0.01331	0.04542	0.01120	0.01229	0.04353	0.14320	0.02488	0.31272	0.03429	0.08709	0.01054	0.00710	0.00211	0.00553	0.00900	0.00574	0.00817
21	0.00815	0.00582	0.00778	0.00931	0.00975	0.00546	0.00633	0.00938	0.01273	0.01695	0.03621	0.73073	0.04327	0.02051	0.00844	0.00269	0.00393	0.05108	0.00611	0.00538
22	0.01427	0.01195	0.01583	0.01657	0.15384	0.03096	0.02928	0.03779	0.01473	0.05967	0.02146	0.15946	0.07107	0.00946	0.00681	0.00178	0.02692	0.00821	0.00462	0.30533

[dist]
# distance from previous block
# <min> <max>
0	1

[block]
# block no. 4 follows, 33 sequences, length 108
# corresponding to MSA columns:
# 282-389
name=unknown_E
#
# <colnr> <probs for GDERKNQSTAVLIFYWHMCP>
#	G	D	E	R	K	N	Q	S	T	A	V	L	I	F	Y	W	H	M	C	P
0	0.02175	0.19857	0.02205	0.01457	0.01904	0.26350	0.01195	0.20902	0.13291	0.02464	0.01413	0.01467	0.01107	0.00716	0.00583	0.00179	0.00842	0.00504	0.00465	0.00923
1	0.75875	0.01288	0.01109	0.03445	0.01463	0.01483	0.03305	0.01933	0.01143	0.02880	0.00940	0.01118	0.00729	0.00611	0.00429	0.00205	0.00544	0.00380	0.00401	0.00720
2	0.01502	0.19079	0.36462	0.01758	0.02501	0.01802	0.11873	0.02288	0.12541	0.02077	0.01383	0.01542	0.01047	0.00644	0.00610	0.00198	0.00862	0.00540	0.00349	0.00943
3	0.01493	0.07571	0.28313	0.14202	0.29184	0.04064	0.02051	0.02008	0.01432	0.01992	0.01177	0.01507	0.00920	0.00613	0.00625	0.00199	0.00875	0.00528	0.00301	0.00945
4	0.00980	0.00661	0.00813	0.00775	0.00935	0.00615	0.00581	0.01280	0.01744	0.02546	0.54233	0.04528	0.09727	0.01253	0.00714	0.00198	0.00311	0.01090	0.16398	0.00615
5	0.00932	0.00673	0.00880	0.00828	0.00984	0.00621	0.00621	0.01242	0.01863	0.02640	0.72410	0.04918	0.06212	0.01346	0.00776	0.00207	0.00311	0.01191	0.00725	0.00621
6	0.00953	0.00670	0.00867	0.00833	0.00985	0.00624	0.00629	0.01257	0.01798	0.02570	0.62653	0.07011	0.05748	0.01349	0.00763	0.00209	0.00325	0.04095	0.06043	0.00617
7	0.01629	0.01564	0.02672	0.04041	0.72757	0.01564	0.02020	0.02020	0.01499	0.02151	0.01238	0.01629	0.01043	0.00587	0.00652	0.00196	0.00782	0.00587	0.00326	0.01043
8	0.00862	0.00670	0.00784	0.00755	0.00941	0.00592	0.00566	0.01108	0.01699	0.02250	0.42644	0.05560	0.36221	0.01491	0.00777	0.00214	0.00321	0.01281	0.00673	0.00592
9	0.01554	0.01776	0.03885	0.02775	0.03441	0.01665	0.70366	0.02109	0.01554	0.02109	0.01332	0.01776	0.00999	0.00555	0.00777	0.00222	0.01110	0.00777	0.00333	0.00888
10	0.00940	0.00705	0.01058	0.01058	0.01176	0.00823	0.00823	0.01176	0.01058	0.01528	0.01763	0.02586	0.01646	0.04937	0.74255	0.01058	0.01763	0.00705	0.00353	0.00588
11	0.01365	0.01170	0.01365	0.00975	0.01560	0.00878	0.00780	0.01658	0.01365	0.02145	0.01170	0.01365	0.00975	0.00488	0.00488	0.00098	0.00488	0.00390	0.00390	0.80888
12	0.81514	0.01273	0.00968	0.00866	0.01273	0.01477	0.00713	0.01935	0.01120	0.02954	0.00917	0.01069	0.00713	0.00611	0.00407	0.00204	0.00509	0.00356	0.00407	0.00713
13	0.00932	0.00673	0.00880	0.00828	0.00984	0.00621	0.00621	0.01242	0.01863	0.02640	0.72410	0.04918	0.06212	0.01346	0.00776	0.00207	0.00311	0.01191	0.00725	0.00621
14	0.01537	0.01470	0.02505	0.21062	0.56457	0.01540	0.01974	0.01940	0.01455	0.02039	0.01222	0.01659	0.01003	0.00604	0.00653	0.00201	0.00805	0.00586	0.00318	0.00968
15	0.01658	0.60046	0.19766	0.01301	0.01960	0.02354	0.01431	0.01998	0.01350	0.01674	0.00977	0.01134	0.00842	0.00578	0.00470	0.00157	0.00767	0.00383	0.00281	0.00875
16	0.02503	0.01844	0.01976	0.01515	0.02042	0.02042	0.01251	0.70562	0.03095	0.04149	0.01581	0.01581	0.01120	0.00790	0.00659	0.00198	0.00724	0.00593	0.00659	0.01120
17	0.00778	0.00667	0.00667	0.00667	0.00889	0.00556	0.00500	0.00945	0.01501	0.01778	0.06669	0.06336	0.72490	0.01667	0.00778	0.00222	0.00333	0.01389	0.00611	0.00556
18	0.01760	0.77260	0.03450	0.01126	0.01690	0.02605	0.01126	0.01971	0.01338	0.01549	0.00915	0.01056	0.00845	0.00563	0.00422	0.00141	0.00704	0.00352	0.00282	0.00845
19	0.02503	0.01844	0.01976	0.01515	0.02042	0.02042	0.01251	0.70562	0.03095	0.04149	0.01581	0.01581	0.01120	0.00790	0.00659	0.00198	0.00724	0.00593	0.00659	0.01120
20	0.01760	0.77260	0.03450	0.01126	0.01690	0.02605	0.01126	0.01971	0.01338	0.01549	0.00915	0.01056	0.00845	0.00563	0.00422	0.00141	0.00704	0.00352	0.00282	0.00845
21	0.00802	0.00573	0.00764	0.00917	0.00955	0.00535	0.00611	0.00917	0.01260	0.01681	0.03628	0.76434	0.04354	0.02062	0.00840	0.00267	0.00382	0.01872	0.00611	0.00535
22	0.02466	0.02929	0.01883	0.01667	0.02036	0.62600	0.01269	0.13566	0.02064	0.02020	0.01108	0.01251	0.00892	0.00696	0.00604	0.00174	0.01113	0.00451	0.00391	0.00821
23	0.02464	0.02981	0.01879	0.01674	0.02036	0.65487	0.01269	0.10849	0.02014	0.01918	0.01086	0.01235	0.00881	0.00692	0.00601	0.00173	0.01131	0.00444	0.00378	0.00806
24	0.00823	0.00616	0.00766	0.00852	0.00956	0.00559	0.00600	0.00983	0.01412	0.01848	0.13949	0.46986	0.21379	0.01857	0.00818	0.00249	0.00367	0.03800	0.00627	0.00554
25	0.00819	0.00585	0.00784	0.00936	0.00982	0.00549	0.00641	0.00946	0.01277	0.01700	0.03619	0.71867	0.04317	0.02046	0.00845	0.00270	0.00397	0.06270	0.00611	0.00539
26	0.01031	0.00737	0.01026	0.01170	0.01311	0.00731	0.01001	0.01317	0.01505	0.01969	0.06164	0.13829	0.03936	0.01823	0.00898	0.00296	0.00574	0.59471	0.00611	0.00600
27	0.00829	0.00589	0.00758	0.00877	0.00919	0.00554	0.00577	0.00935	0.01245	0.01658	0.05986	0.61048	0.06166	0.13117	0.01208	0.00319	0.00416	0.01697	0.00584	0.00518
28	0.00811	0.00579	0.00774	0.00927	0.00969	0.00542	0.00626	0.00932	0.01269	0.01690	0.03624	0.74103	0.04335	0.02054	0.00843	0.00269	0.00390	0.04117	0.00611	0.00537
29	0.09176	0.01364	0.01409	0.01269	0.01634	0.01571	0.00990	0.03237	0.61394	0.02767	0.06008	0.02448	0.02097	0.00889	0.00650	0.00221	0.00509	0.00730	0.00648	0.00990
30	0.02954	0.01120	0.01528	0.01171	0.01681	0.00968	0.00968	0.03208	0.01884	0.73213	0.02597	0.02241	0.01630	0.00815	0.00662	0.00204	0.00560	0.00662	0.00815	0.01120
31	0.02444	0.01815	0.01943	0.01503	0.02019	0.02014	0.01237	0.65997	0.07756	0.04054	0.01655	0.01640	0.01180	0.00797	0.00659	0.00199	0.00711	0.00603	0.00659	0.01114
32	0.01854	0.01483	0.02032	0.35404	0.10455	0.01691	0.01584	0.29764	0.02078	0.05198	0.01393	0.01688	0.01019	0.00710	0.00658	0.00208	0.00795	0.00591	0.00463	0.00935
33	0.00807	0.00575	0.00762	0.00910	0.00947	0.00538	0.00604	0.00918	0.01250	0.01667	0.03575	0.73949	0.04287	0.04640	0.00927	0.00280	0.00391	0.01840	0.00604	0.00530
34	0.00802	0.00573	0.00764	0.00917	0.00955	0.00535	0.00611	0.00917	0.01260	0.01681	0.03628	0.76434	0.04354	0.02062	0.00840	0.00267	0.00382	0.01872	0.00611	0.00535
35	0.01365	0.01170	0.01365	0.00975	0.01560	0.00878	0.00780	0.01658	0.01365	0.02145	0.01170	0.01365	0.00975	0.00488	0.00488	0.00098	0.00488	0.00390	0.00390	0.80888
36	0.01588	0.01522	0.02597	0.11730	0.65394	0.01553	0.02000	0.01984	0.01479	0.02100	0.01231	0.01643	0.01025	0.00594	0.00652	0.00198	0.00792	0.00586	0.00322	0.01009
37	0.81514	0.01273	0.00968	0.00866	0.01273	0.01477	0.00713	0.01935	0.01120	0.02954	0.00917	0.01069	0.00713	0.00611	0.00407	0.00204	0.00509	0.00356	0.00407	0.00713
38	0.00802	0.00573	0.00764	0.00917	0.00955	0.00535	0.00611	0.00917	0.01260	0.01681	0.03628	0.76434	0.04354	0.02062	0.00840	0.00267	0.00382	0.01872	0.00611	0.00535
39	0.00957	0.00641	0.00733	0.00733	0.00738	0.00646	0.00417	0.00967	0.00962	0.01287	0.02061	0.04233	0.02361	0.73733	0.06437	0.00657	0.00687	0.00946	0.00397	0.00407
40	0.00802	0.00573	0.00764	0.00917	0.00955	0.00535	0.00611	0.00917	0.01260	0.01681	0.03628	0.76434	0.04354	0.02062	0.00840	0.00267	0.00382	0.01872	0.00611	0.00535
41	0.01719	0.70364	0.09986	0.01196	0.01798	0.02504	0.01248	0.01982	0.01343	0.01599	0.00940	0.01087	0.00844	0.00569	0.00441	0.00147	0.00729	0.00365	0.00281	0.00857
42	0.01619	0.01628	0.05116	0.03966	0.70343	0.01563	0.02035	0.02023	0.01495	0.02148	0.01236	0.01621	0.01036	0.00588	0.00651	0.00196	0.00789	0.00583	0.00324	0.01040
43	0.01637	0.01414	0.01489	0.01340	0.01712	0.01637	0.01042	0.03498	0.71568	0.02754	0.02679	0.02456	0.02010	0.00893	0.00670	0.00223	0.00521	0.00744	0.00670	0.01042
44	0.00859	0.00670	0.00779	0.00752	0.00939	0.00590	0.00564	0.01102	0.01692	0.02232	0.41303	0.05589	0.37573	0.01498	0.00777	0.00214	0.00321	0.01285	0.00671	0.00590
45	0.02653	0.08319	0.10169	0.01250	0.01819	0.01183	0.01154	0.02963	0.01776	0.58318	0.02277	0.02033	0.01465	0.00770	0.00636	0.00199	0.00622	0.00613	0.00703	0.01078
46	0.02459	0.03138	0.01866	0.01696	0.02035	0.74221	0.01272	0.02629	0.01866	0.01611	0.01018	0.01187	0.00848	0.00678	0.00594	0.00170	0.01187	0.00424	0.00339	0.00763
47	0.02941	0.01141	0.01541	0.01181	0.01691	0.00998	0.00976	0.05137	0.01919	0.71235	0.02568	0.02222	0.01615	0.00814	0.00662	0.00204	0.00565	0.00660	0.00810	0.01120
48	0.01269	0.01197	0.02022	0.70458	0.09154	0.01470	0.01841	0.01705	0.01329	0.01714	0.01175	0.01747	0.00889	0.00653	0.00658	0.00218	0.00871	0.00585	0.00295	0.00752
49	0.01530	0.01380	0.01930	0.11930	0.27473	0.01512	0.01463	0.02561	0.32028	0.02389	0.07231	0.02254	0.01833	0.00787	0.00670	0.00212	0.00645	0.00701	0.00501	0.00970
50	0.01320	0.03405	0.73453	0.01876	0.02849	0.01529	0.02432	0.02085	0.01390	0.02085	0.01181	0.01390	0.00834	0.00625	0.00625	0.00208	0.00973	0.00486	0.00278	0.00973
51	0.00802	0.00573	0.00764	0.00917	0.00955	0.00535	0.00611	0.00917	0.01260	0.01681	0.03628	0.76434	0.04354	0.02062	0.00840	0.00267	0.00382	0.01872	0.00611	0.00535
52	0.07027	0.01532	0.02535	0.06012	0.65824	0.01555	0.01926	0.02004	0.01468	0.02191	0.01214	0.01595	0.01015	0.00590	0.00635	0.00197	0.00767	0.00571	0.00330	0.01011
53	0.01138	0.00670	0.03361	0.00895	0.00930	0.00604	0.00637	0.00902	0.00889	0.01194	0.01227	0.04455	0.01240	0.02222	0.02448	0.75382	0.00579	0.00612	0.00296	0.00318
54	0.01320	0.03405	0.73453	0.01876	0.02849	0.01529	0.02432	0.02085	0.01390	0.02085	0.01181	0.01390	0.00834	0.00625	0.00625	0.00208	0.00973	0.00486	0.00278	0.00973
55	0.01227	0.00614	0.00614	0.00614	0.00767	0.00614	0.00460	0.01534	0.01381	0.02454	0.02148	0.02454	0.01687	0.00767	0.00460	0.00153	0.00307	0.00614	0.80518	0.00614
56	0.01760	0.77260	0.03450	0.01126	0.01690	0.02605	0.01126	0.01971	0.01338	0.01549	0.00915	0.01056	0.00845	0.00563	0.00422	0.00141	0.00704	0.00352	0.00282	0.00845
57	0.00940	0.00705	0.01058	0.01058	0.01176	0.00823	0.00823	0.01176	0.01058	0.01528	0.01763	0.02586	0.01646	0.04937	0.74255	0.01058	0.01763	0.00705	0.00353	0.00588
58	0.01225	0.01255	0.04496	0.04031	0.13580	0.08084	0.01084	0.01533	0.03624	0.01973	0.13355	0.12941	0.21069	0.01263	0.00817	0.00222	0.04907	0.03315	0.00510	0.00716
59	0.01243	0.01170	0.01975	0.75282	0.04534	0.01463	0.01828	0.01682	0.01316	0.01682	0.01170	0.01755	0.00878	0.00658	0.00658	0.00219	0.00878	0.00585	0.00293	0.00731
60	0.01320	0.03405	0.73453	0.01876	0.02849	0.01529	0.02432	0.02085	0.01390	0.02085	0.01181	0.01390	0.00834	0.00625	0.00625	0.00208	0.00973	0.00486	0.00278	0.00973
61	0.02904	0.01199	0.01577	0.01209	0.01720	0.01085	0.00999	0.10552	0.02016	0.65683	0.02486	0.02169	0.01574	0.00812	0.00662	0.00203	0.00578	0.00654	0.00798	0.01120
62	0.03751	0.04369	0.07314	0.13765	0.11550	0.08316	0.13992	0.11067	0.04441	0.09959	0.01532	0.04318	0.01189	0.00718	0.00664	0.00206	0.00843	0.00646	0.00439	0.00920
63	0.02744	0.01085	0.01438	0.01118	0.01588	0.00960	0.00919	0.05051	0.01864	0.63102	0.02516	0.02245	0.01621	0.00809	0.00639	0.00198	0.00536	0.00654	0.09852	0.01063
64	0.00810	0.00582	0.00771	0.00919	0.00966	0.00543	0.00622	0.00932	0.01276	0.01693	0.03716	0.72088	0.06398	0.02043	0.00841	0.00267	0.00388	0.03999	0.00611	0.00538
65	0.01498	0.01655	0.06115	0.07605	0.24682	0.01540	0.34749	0.02024	0.03983	0.02094	0.01690	0.02041	0.05812	0.00661	0.00720	0.00213	0.00915	0.00733	0.00356	0.00913
66	0.01582	0.01651	0.05055	0.09461	0.46083	0.04079	0.08502	0.01965	0.01432	0.02011	0.01182	0.01606	0.00987	0.00669	0.00862	0.00212	0.10801	0.00594	0.00318	0.00947
67	0.00957	0.00638	0.00718	0.00718	0.00718	0.00638	0.00399	0.00957	0.00957	0.01276	0.02074	0.04308	0.02393	0.76864	0.03351	0.00638	0.00638	0.00957	0.00399	0.00399
68	0.15970	0.02522	0.44099	0.11368	0.05128	0.01478	0.01938	0.02071	0.01365	0.06512	0.01220	0.01440	0.00873	0.00637	0.00593	0.00208	0.00845	0.00490	0.00338	0.00905
69	0.04146	0.09154	0.21104	0.04769	0.16856	0.03978	0.06417	0.04166	0.06785	0.11702	0.01551	0.03866	0.01195	0.00702	0.00631	0.00201	0.00794	0.00599	0.00420	0.00962
70	0.00802	0.00573	0.00764	0.00917	0.00955	0.00535	0.00611	0.00917	0.01260	0.01681	0.03628	0.76434	0.04354	0.02062	0.00840	0.00267	0.00382	0.01872	0.00611	0.00535
71	0.00810	0.00583	0.00769	0.00903	0.00955	0.00541	0.00608	0.00939	0.01309	0.01748	0.08355	0.69363	0.06675	0.02002	0.00834	0.00262	0.00376	0.01810	0.00619	0.00541
72	0.01733	0.01664	0.06257	0.03477	0.53093	0.01555	0.10090	0.05098	0.01596	0.07041	0.01354	0.01674	0.01070	0.00609	0.00666	0.00200	0.00813	0.00610	0.00372	0.01029
73	0.08319	0.57494	0.02999	0.01304	0.04797	0.09764	0.01151	0.04528	0.01445	0.01790	0.00964	0.01115	0.00853	0.00588	0.00457	0.00153	0.00742	0.00379	0.00313	0.00844
74	0.01760	0.77260	0.03450	0.01126	0.01690	0.02605	0.01126	0.01971	0.01338	0.01549	0.00915	0.01056	0.00845	0.00563	0.00422	0.00141	0.00704	0.00352	0.00282	0.00845
75	0.01482	0.01239	0.01428	0.01030	0.01610	0.00997	0.00828	0.08728	0.01543	0.02351	0.01212	0.01387	0.00990	0.00519	0.00505	0.00108	0.00512	0.00411	0.00418	0.72703
76	0.01205	0.00753	0.00967	0.00876	0.01089	0.00692	0.00670	0.01544	0.03942	0.11798	0.56106	0.04603	0.10606	0.01288	0.00758	0.00208	0.00351	0.01123	0.00726	0.00694
77	0.00934	0.00629	0.00725	0.00747	0.00753	0.00623	0.00430	0.00951	0.01002	0.01336	0.02305	0.15004	0.02684	0.65772	0.02978	0.00583	0.00600	0.01093	0.00430	0.00419
78	0.01267	0.04022	0.24063	0.04205	0.07356	0.01192	0.01412	0.06115	0.03868	0.02460	0.33057	0.03032	0.03308	0.00962	0.00693	0.00205	0.00621	0.00823	0.00518	0.00820
79	0.01036	0.00783	0.00970	0.00904	0.01092	0.00772	0.00684	0.01577	0.12200	0.02657	0.62070	0.04553	0.05589	0.01279	0.00761	0.00209	0.00342	0.01124	0.00717	0.00684
80	0.01365	0.01170	0.01365	0.00975	0.01560	0.00878	0.00780	0.01658	0.01365	0.02145	0.01170	0.01365	0.00975	0.00488	0.00488	0.00098	0.00488	0.00390	0.00390	0.80888
81	0.01446	0.01409	0.02125	0.07248	0.18903	0.01763	0.03314	0.01727	0.03291	0.01770	0.01166	0.04119	0.01104	0.03071	0.01606	0.00267	0.43907	0.00643	0.00324	0.00797
