[name]
unknown

[dist]
# distance from previous block
# <min> <max>
4	75

[block]
# block no. 0 follows, 32 sequences, length 33
# corresponding to MSA columns:
# 89-121
name=unknown_A
#
# <colnr> <probs for GDERKNQSTAVLIFYWHMCP>
#	G	D	E	R	K	N	Q	S	T	A	V	L	I	F	Y	W	H	M	C	P
0	0.07779	0.04717	0.02060	0.15886	0.06327	0.04912	0.10633	0.14948	0.06366	0.03672	0.01629	0.06887	0.01375	0.03203	0.02551	0.00244	0.00796	0.00702	0.02597	0.02716
1	0.04746	0.01406	0.04636	0.14074	0.08569	0.02858	0.09445	0.09373	0.07920	0.02331	0.02182	0.05163	0.09130	0.01042	0.03959	0.00245	0.00760	0.00751	0.04311	0.07099
2	0.05313	0.01232	0.07240	0.08011	0.01759	0.01131	0.01054	0.11868	0.01615	0.04952	0.04214	0.14315	0.11432	0.03294	0.10957	0.00348	0.03030	0.00928	0.02166	0.05140
3	0.01538	0.01292	0.01709	0.13048	0.03876	0.05654	0.08007	0.07842	0.08733	0.07430	0.02609	0.16782	0.08688	0.01136	0.00771	0.00228	0.02573	0.03703	0.00528	0.03855
4	0.01186	0.00992	0.01052	0.01115	0.03942	0.06504	0.00768	0.05543	0.04999	0.03633	0.06496	0.35681	0.19878	0.03933	0.00866	0.00252	0.00496	0.01402	0.00598	0.00664
5	0.01514	0.01529	0.06782	0.05981	0.01807	0.13495	0.02956	0.06327	0.01485	0.05360	0.01913	0.16935	0.01888	0.05041	0.15688	0.02573	0.06687	0.00875	0.00440	0.00723
6	0.08247	0.04775	0.01762	0.01504	0.01853	0.46828	0.01159	0.04899	0.01778	0.09709	0.01268	0.01425	0.00998	0.00795	0.00740	0.03639	0.03883	0.00478	0.03460	0.00801
7	0.01640	0.35516	0.24956	0.07074	0.04582	0.06461	0.04606	0.02127	0.03898	0.01851	0.01136	0.01344	0.00915	0.00621	0.00556	0.00181	0.00860	0.00464	0.00308	0.00903
8	0.01788	0.01439	0.03745	0.03588	0.01826	0.01493	0.01104	0.16157	0.28069	0.08005	0.07787	0.05143	0.02025	0.00916	0.00747	0.00209	0.04272	0.00739	0.00617	0.10331
9	0.00986	0.00629	0.00841	0.00950	0.01029	0.00581	0.00650	0.01121	0.01355	0.07030	0.06184	0.67830	0.04302	0.01980	0.00840	0.00265	0.00400	0.01790	0.00643	0.00593
10	0.01706	0.01758	0.10420	0.02620	0.31354	0.01584	0.05158	0.16060	0.08470	0.02612	0.01989	0.04917	0.06697	0.00815	0.00688	0.00210	0.00749	0.00725	0.00463	0.01005
11	0.05387	0.01178	0.01339	0.01016	0.01524	0.00992	0.00806	0.08074	0.01571	0.02434	0.05719	0.05979	0.01544	0.00688	0.00547	0.00133	0.00498	0.00560	0.03061	0.56952
12	0.01736	0.59800	0.03009	0.01169	0.01658	0.06478	0.01093	0.04464	0.01452	0.01699	0.01325	0.10867	0.01338	0.00789	0.00505	0.00164	0.00704	0.00574	0.00349	0.00826
13	0.05142	0.03846	0.01597	0.01267	0.06440	0.01111	0.00944	0.06003	0.01564	0.11757	0.01397	0.01518	0.01080	0.00575	0.00537	0.00133	0.00550	0.00458	0.00464	0.53616
14	0.01711	0.01773	0.07462	0.11597	0.18552	0.09384	0.06191	0.09773	0.09988	0.04001	0.01902	0.02119	0.06435	0.00945	0.03459	0.00243	0.02428	0.00672	0.00440	0.00924
15	0.72510	0.01280	0.01049	0.00917	0.01344	0.01448	0.00755	0.02116	0.01228	0.10723	0.01124	0.01222	0.00830	0.00646	0.00444	0.00208	0.00525	0.00398	0.00461	0.00773
16	0.01794	0.76823	0.03516	0.01148	0.01722	0.02655	0.01148	0.02009	0.01363	0.01579	0.00933	0.01076	0.00861	0.00574	0.00431	0.00144	0.00718	0.00359	0.00287	0.00861
17	0.01669	0.01441	0.01517	0.01365	0.01745	0.01669	0.01062	0.03565	0.71021	0.02807	0.02731	0.02503	0.02048	0.00910	0.00683	0.00228	0.00531	0.00759	0.00683	0.01062
18	0.00967	0.00666	0.00821	0.00826	0.00857	0.00695	0.00523	0.01031	0.01011	0.01378	0.02082	0.06114	0.02307	0.56097	0.21146	0.00747	0.00933	0.00939	0.00401	0.00459
19	0.01346	0.03471	0.72942	0.01912	0.02904	0.01558	0.02479	0.02125	0.01417	0.02125	0.01204	0.01417	0.00850	0.00637	0.00637	0.00212	0.00992	0.00496	0.00283	0.00992
20	0.01081	0.00772	0.01081	0.01236	0.01390	0.00772	0.01081	0.01390	0.01545	0.02008	0.03553	0.07569	0.03862	0.01854	0.00927	0.00309	0.00618	0.67717	0.00618	0.00618
21	0.67267	0.01366	0.01250	0.01301	0.09673	0.01549	0.00915	0.05926	0.01304	0.02985	0.01012	0.01187	0.00790	0.00631	0.00459	0.00206	0.00564	0.00405	0.00420	0.00790
22	0.00837	0.00598	0.00801	0.00957	0.01004	0.00562	0.00657	0.00968	0.01304	0.01735	0.03687	0.70892	0.04395	0.02084	0.00862	0.00275	0.00406	0.06803	0.00622	0.00550
23	0.00960	0.00712	0.01043	0.01043	0.01151	0.00820	0.00795	0.01175	0.01068	0.01531	0.01830	0.02815	0.01755	0.12323	0.66576	0.01035	0.01680	0.00745	0.00364	0.00579
24	0.00879	0.00679	0.00841	0.00954	0.02755	0.00632	0.00656	0.01079	0.03069	0.01816	0.07109	0.40108	0.25043	0.04503	0.03138	0.00292	0.00448	0.04813	0.00606	0.00581
25	0.02465	0.01608	0.07069	0.01556	0.06227	0.01495	0.01260	0.23028	0.12620	0.32233	0.02159	0.02014	0.01467	0.00806	0.00671	0.00209	0.00660	0.00648	0.00690	0.01114
26	0.02551	0.01879	0.02014	0.01544	0.02081	0.02081	0.01275	0.69996	0.03155	0.04229	0.01611	0.01611	0.01141	0.00805	0.00671	0.00201	0.00738	0.00604	0.00671	0.01141
27	0.01544	0.01941	0.11500	0.06900	0.06129	0.01664	0.53377	0.02164	0.03815	0.02144	0.01372	0.01781	0.01027	0.00592	0.00759	0.00224	0.01069	0.00738	0.00342	0.00917
28	0.01620	0.01939	0.10071	0.26113	0.23720	0.12613	0.10353	0.02061	0.01520	0.01942	0.01211	0.01625	0.00950	0.00636	0.00670	0.00208	0.00954	0.00585	0.00319	0.00890
29	0.01398	0.08856	0.62305	0.01927	0.02863	0.01652	0.07665	0.02118	0.01426	0.02086	0.01196	0.01422	0.00864	0.00627	0.00634	0.00208	0.00982	0.00509	0.00288	0.00975
30	0.00994	0.00769	0.01120	0.03089	0.05566	0.00740	0.04173	0.03089	0.01362	0.01803	0.03420	0.50769	0.10440	0.01838	0.00966	0.06676	0.00484	0.01545	0.00558	0.00599
31	0.03788	0.10348	0.15989	0.11463	0.02830	0.01569	0.23394	0.02123	0.01490	0.11305	0.01514	0.04002	0.01172	0.00936	0.04912	0.00262	0.00953	0.00664	0.00394	0.00893
32	0.01675	0.09192	0.28750	0.15824	0.02936	0.05809	0.08880	0.04071	0.05580	0.08883	0.01422	0.01638	0.01033	0.00673	0.00646	0.00208	0.00901	0.00565	0.00382	0.00934

[dist]
# distance from previous block
# <min> <max>
12	16

[block]
# block no. 1 follows, 32 sequences, length 13
# corresponding to MSA columns:
# 138-150
name=unknown_B
#
# <colnr> <probs for GDERKNQSTAVLIFYWHMCP>
#	G	D	E	R	K	N	Q	S	T	A	V	L	I	F	Y	W	H	M	C	P
0	0.00867	0.00644	0.00788	0.00854	0.00963	0.00591	0.00603	0.01029	0.01429	0.01870	0.15194	0.34995	0.21471	0.09809	0.01108	0.00294	0.00408	0.05912	0.00618	0.00554
1	0.01513	0.01246	0.01502	0.01487	0.08044	0.01344	0.01060	0.12494	0.22865	0.02575	0.07296	0.09227	0.07357	0.01382	0.06248	0.00284	0.03806	0.03148	0.00580	0.06541
2	0.01322	0.01171	0.01825	0.50320	0.03590	0.01394	0.03439	0.06544	0.05145	0.01932	0.01597	0.08221	0.01397	0.05646	0.03448	0.00283	0.00845	0.00749	0.00382	0.00752
3	0.01231	0.00896	0.01183	0.01086	0.01261	0.00935	0.04216	0.09891	0.01495	0.02066	0.05526	0.12855	0.08222	0.12812	0.11873	0.07188	0.03134	0.05535	0.07965	0.00629
4	0.01228	0.00795	0.00945	0.00945	0.01118	0.00772	0.00680	0.05783	0.05873	0.08554	0.03644	0.38017	0.13786	0.06933	0.00957	0.00269	0.00442	0.01391	0.07197	0.00671
5	0.01332	0.01208	0.01655	0.28142	0.11974	0.04824	0.01350	0.04420	0.07857	0.02001	0.04902	0.17523	0.05201	0.03685	0.00811	0.00242	0.00698	0.00948	0.00457	0.00769
6	0.01364	0.01286	0.02198	0.22037	0.29771	0.01348	0.08249	0.01756	0.01491	0.02030	0.07321	0.02650	0.07177	0.01037	0.04363	0.00260	0.00824	0.03598	0.00392	0.00848
7	0.01132	0.00756	0.00908	0.00911	0.01073	0.00714	0.00649	0.04347	0.03916	0.07895	0.09956	0.34129	0.19213	0.09890	0.01087	0.00288	0.00436	0.01432	0.00631	0.00637
8	0.04452	0.00699	0.00952	0.01038	0.04274	0.00696	0.00691	0.01076	0.01162	0.01619	0.07805	0.13559	0.08041	0.06897	0.06436	0.34847	0.00606	0.04241	0.00436	0.00475
9	0.01074	0.00794	0.01057	0.01015	0.01113	0.00896	0.00744	0.04806	0.01181	0.01658	0.04315	0.03184	0.02024	0.27951	0.40604	0.00821	0.04980	0.00808	0.00402	0.00573
10	0.11093	0.01193	0.01837	0.10585	0.09401	0.01258	0.12228	0.01818	0.04675	0.06283	0.10868	0.08205	0.04615	0.05807	0.03089	0.00277	0.04670	0.00848	0.00473	0.00778
11	0.00903	0.00646	0.00770	0.00825	0.00919	0.00604	0.00568	0.01042	0.01338	0.01776	0.10199	0.28133	0.18461	0.20872	0.01478	0.00351	0.00451	0.05859	0.04275	0.00531
12	0.05837	0.12697	0.02296	0.05161	0.25046	0.19713	0.01480	0.02278	0.05719	0.05123	0.01296	0.01552	0.01065	0.00864	0.03769	0.00229	0.04068	0.00528	0.00375	0.00904

[dist]
# distance from previous block
# <min> <max>
0	1

[block]
# block no. 2 follows, 32 sequences, length 17
# corresponding to MSA columns:
# 152-168
name=unknown_C
#
# <colnr> <probs for GDERKNQSTAVLIFYWHMCP>
#	G	D	E	R	K	N	Q	S	T	A	V	L	I	F	Y	W	H	M	C	P
0	0.05790	0.10974	0.03584	0.03197	0.07460	0.22148	0.01283	0.04807	0.06524	0.04964	0.02974	0.07192	0.01395	0.00897	0.00895	0.00211	0.13822	0.00634	0.00416	0.00833
1	0.00854	0.00656	0.00762	0.00786	0.00932	0.00585	0.00559	0.01034	0.01519	0.01969	0.22186	0.22230	0.33614	0.08003	0.01028	0.00269	0.00372	0.01443	0.00634	0.00565
2	0.00938	0.00647	0.00829	0.00879	0.00990	0.00600	0.00643	0.01035	0.01386	0.01807	0.14356	0.22816	0.21477	0.01905	0.01218	0.17489	0.00435	0.09462	0.00569	0.00518
3	0.01374	0.02963	0.57536	0.01727	0.02572	0.01466	0.02125	0.07137	0.01596	0.02318	0.07690	0.02006	0.05033	0.00769	0.00662	0.00212	0.00880	0.00614	0.00370	0.00950
4	0.01394	0.01216	0.01512	0.03954	0.01781	0.00948	0.03419	0.01708	0.01397	0.02167	0.01199	0.01423	0.00991	0.00506	0.00515	0.00109	0.00536	0.00420	0.00391	0.74416
5	0.00854	0.00659	0.00779	0.00799	0.00956	0.00585	0.00580	0.01062	0.01599	0.02095	0.28754	0.22754	0.32747	0.01682	0.00808	0.00232	0.00344	0.01464	0.00663	0.00585
6	0.01290	0.00954	0.01359	0.08048	0.01663	0.01006	0.07037	0.06006	0.04284	0.04484	0.02383	0.20941	0.02391	0.11910	0.03598	0.00318	0.03511	0.04102	0.14029	0.00684
7	0.01512	0.01294	0.01372	0.01246	0.01590	0.01461	0.00965	0.03085	0.57588	0.02684	0.08682	0.03155	0.10385	0.01037	0.00704	0.00226	0.00492	0.00870	0.00680	0.00971
8	0.05011	0.00849	0.00984	0.00960	0.01154	0.00864	0.00725	0.01648	0.14443	0.02371	0.30502	0.12412	0.11351	0.06899	0.00964	0.00263	0.00427	0.06839	0.00653	0.00683
9	0.00911	0.00622	0.00807	0.00872	0.00950	0.00590	0.00602	0.01028	0.01345	0.01832	0.15587	0.38535	0.09796	0.06453	0.04557	0.09427	0.00472	0.01432	0.03650	0.00531
10	0.01267	0.01193	0.02013	0.74806	0.04621	0.01491	0.01863	0.01714	0.01342	0.01714	0.01193	0.01789	0.00894	0.00671	0.00671	0.00224	0.00894	0.00596	0.00298	0.00745
11	0.00974	0.00654	0.00751	0.00765	0.00774	0.00652	0.00449	0.00994	0.01017	0.01353	0.02252	0.07570	0.02594	0.69614	0.03185	0.00618	0.00638	0.04298	0.00426	0.00423
12	0.01016	0.00663	0.00833	0.00879	0.00996	0.00606	0.00610	0.01166	0.01422	0.07201	0.13323	0.41721	0.14885	0.10105	0.01108	0.00294	0.00414	0.01538	0.00631	0.00590
13	0.01416	0.02916	0.51605	0.02105	0.05545	0.01623	0.12601	0.02142	0.04071	0.02119	0.01263	0.01531	0.00932	0.00676	0.00782	0.00221	0.06615	0.00562	0.00310	0.00964
14	0.00810	0.00613	0.00749	0.00857	0.00953	0.00552	0.00588	0.00943	0.01359	0.01743	0.04640	0.54852	0.24959	0.01980	0.00837	0.00259	0.00374	0.01758	0.00623	0.00552
15	0.02282	0.01632	0.01781	0.01426	0.01888	0.01791	0.01157	0.46667	0.14639	0.08915	0.01989	0.02212	0.01520	0.05358	0.00846	0.00237	0.00680	0.03249	0.00668	0.01064
16	0.04742	0.00932	0.01103	0.00979	0.01275	0.00890	0.00763	0.05776	0.05731	0.21854	0.10235	0.10962	0.15840	0.04542	0.00828	0.00237	0.00469	0.03581	0.08463	0.00799

[dist]
# distance from previous block
# <min> <max>
0	1

[block]
# block no. 3 follows, 32 sequences, length 12
# corresponding to MSA columns:
# 170-181
name=unknown_D
#
# <colnr> <probs for GDERKNQSTAVLIFYWHMCP>
#	G	D	E	R	K	N	Q	S	T	A	V	L	I	F	Y	W	H	M	C	P
0	0.00879	0.00642	0.00742	0.00785	0.00918	0.00580	0.00553	0.01054	0.01453	0.01935	0.14415	0.28305	0.29175	0.06953	0.00968	0.00263	0.00372	0.01442	0.08004	0.00563
1	0.00947	0.00660	0.00763	0.00792	0.00841	0.00641	0.00505	0.01010	0.01133	0.01475	0.03022	0.11615	0.12003	0.52408	0.02589	0.00526	0.00582	0.07550	0.00476	0.00461
2	0.00956	0.00669	0.00846	0.00897	0.01013	0.00625	0.00630	0.01187	0.03682	0.04365	0.21647	0.42262	0.11935	0.04897	0.00928	0.00264	0.00387	0.01558	0.00653	0.00601
3	0.01391	0.01193	0.01391	0.00994	0.01590	0.00894	0.00795	0.01690	0.01391	0.02186	0.01193	0.01391	0.00994	0.00497	0.00497	0.00099	0.00497	0.00398	0.00398	0.80521
4	0.00859	0.00658	0.00787	0.00806	0.00960	0.00587	0.00585	0.01072	0.01610	0.02123	0.30907	0.23261	0.30012	0.01675	0.00808	0.00232	0.00343	0.01461	0.00667	0.00587
5	0.00977	0.00652	0.00808	0.00869	0.00977	0.00595	0.00596	0.01110	0.01369	0.06179	0.07797	0.44547	0.17678	0.11208	0.01149	0.00303	0.00419	0.01577	0.00615	0.00574
6	0.01066	0.00714	0.00892	0.00941	0.01091	0.00666	0.00697	0.03504	0.01526	0.06410	0.10331	0.38475	0.17132	0.01764	0.00817	0.00252	0.00421	0.09555	0.03120	0.00626
7	0.01861	0.01030	0.01263	0.01111	0.01432	0.01011	0.00875	0.09550	0.09864	0.24982	0.09890	0.16813	0.05794	0.01226	0.00728	0.00225	0.00501	0.05084	0.05879	0.00880
8	0.01129	0.00803	0.01091	0.01047	0.01175	0.00900	0.00786	0.07516	0.01235	0.01727	0.01769	0.02761	0.01699	0.15672	0.48998	0.08578	0.01401	0.00736	0.00389	0.00589
9	0.01391	0.01193	0.01391	0.00994	0.01590	0.00894	0.00795	0.01690	0.01391	0.02186	0.01193	0.01391	0.00994	0.00497	0.00497	0.00099	0.00497	0.00398	0.00398	0.80521
10	0.00835	0.00677	0.00744	0.00759	0.00954	0.00586	0.00571	0.01029	0.01562	0.01945	0.16082	0.12999	0.51876	0.01697	0.00806	0.00233	0.00356	0.05071	0.00640	0.00577
11	0.01758	0.01268	0.01407	0.01217	0.01572	0.01380	0.00971	0.19892	0.24106	0.07812	0.04471	0.02926	0.08639	0.01375	0.07464	0.00294	0.00664	0.03572	0.08288	0.00926

[dist]
# distance from previous block
# <min> <max>
0	28

[block]
# block no. 4 follows, 32 sequences, length 67
# corresponding to MSA columns:
# 210-276
name=unknown_E
#
# <colnr> <probs for GDERKNQSTAVLIFYWHMCP>
#	G	D	E	R	K	N	Q	S	T	A	V	L	I	F	Y	W	H	M	C	P
0	0.60559	0.01389	0.01148	0.01011	0.01416	0.05026	0.00821	0.06099	0.04427	0.06287	0.01193	0.01340	0.00919	0.00924	0.04865	0.00259	0.00646	0.00435	0.00455	0.00781
1	0.02262	0.01607	0.02037	0.01696	0.06242	0.01705	0.07605	0.39875	0.05797	0.13069	0.01799	0.01957	0.01332	0.04504	0.05112	0.00278	0.00804	0.00662	0.00612	0.01045
2	0.01060	0.00784	0.01072	0.01076	0.01234	0.00753	0.04754	0.01387	0.07879	0.05287	0.03751	0.48391	0.11952	0.03473	0.00881	0.00267	0.00464	0.04274	0.00617	0.00646
3	0.01021	0.00769	0.01035	0.01000	0.01164	0.00734	0.04000	0.05218	0.01530	0.02025	0.15605	0.29003	0.18441	0.01876	0.04070	0.07771	0.00506	0.03042	0.00590	0.00598
4	0.01166	0.00583	0.00874	0.00874	0.00874	0.00583	0.00583	0.00874	0.00874	0.01166	0.01166	0.02040	0.01166	0.02331	0.02622	0.80478	0.00583	0.00583	0.00291	0.00291
5	0.01108	0.00704	0.00930	0.00914	0.01027	0.00759	0.00668	0.01299	0.01148	0.04925	0.01988	0.03057	0.01884	0.22820	0.39159	0.00765	0.01181	0.00768	0.14320	0.00578
6	0.03876	0.01479	0.02537	0.26155	0.27691	0.01586	0.14434	0.02133	0.09325	0.02125	0.01414	0.01808	0.01102	0.00651	0.00685	0.00216	0.00852	0.00645	0.00365	0.00922
7	0.00866	0.00630	0.00811	0.00938	0.01017	0.00590	0.00669	0.01013	0.01339	0.01748	0.03979	0.51957	0.12875	0.06386	0.01010	0.00295	0.00435	0.12281	0.00609	0.00551
8	0.00847	0.00631	0.00773	0.00842	0.00946	0.00574	0.00582	0.01005	0.01436	0.01888	0.16847	0.41038	0.21160	0.06987	0.01005	0.00276	0.00382	0.01596	0.00629	0.00557
9	0.01318	0.01245	0.02105	0.65616	0.13412	0.01504	0.01889	0.01759	0.01366	0.01776	0.01202	0.01772	0.00916	0.00661	0.00670	0.00220	0.00882	0.00597	0.00303	0.00787
10	0.01414	0.01267	0.01935	0.08413	0.26400	0.01339	0.04537	0.07306	0.01584	0.02161	0.06456	0.03049	0.12811	0.04792	0.03955	0.00278	0.07259	0.03769	0.00442	0.00832
11	0.03838	0.00969	0.01248	0.01038	0.01395	0.00882	0.00826	0.05171	0.01871	0.37687	0.22600	0.07641	0.06520	0.01096	0.00710	0.00211	0.00472	0.00927	0.03995	0.00902
12	0.00864	0.00588	0.00762	0.00901	0.00952	0.00554	0.00606	0.01002	0.01298	0.01798	0.03535	0.68020	0.04143	0.01959	0.00814	0.00260	0.00381	0.01769	0.09238	0.00554
13	0.01441	0.03139	0.58931	0.02034	0.02956	0.01605	0.12696	0.05460	0.01527	0.02232	0.01248	0.01486	0.00890	0.00635	0.00663	0.00214	0.01001	0.00546	0.00311	0.00986
14	0.01082	0.00769	0.00965	0.00980	0.01074	0.00791	0.00691	0.07425	0.01368	0.01821	0.03045	0.37433	0.09501	0.10688	0.03997	0.11802	0.04140	0.01336	0.00530	0.00561
15	0.04695	0.01063	0.01415	0.01128	0.01578	0.00937	0.00915	0.02918	0.01811	0.60159	0.02675	0.09149	0.01900	0.00941	0.00673	0.00211	0.00537	0.00779	0.05470	0.01045
16	0.81159	0.01298	0.00986	0.00882	0.01298	0.01505	0.00727	0.01972	0.01142	0.03010	0.00934	0.01090	0.00727	0.00623	0.00415	0.00208	0.00519	0.00363	0.00415	0.00727
17	0.01391	0.01193	0.01391	0.00994	0.01590	0.00894	0.00795	0.01690	0.01391	0.02186	0.01193	0.01391	0.00994	0.00497	0.00497	0.00099	0.00497	0.00398	0.00398	0.80521
18	0.02438	0.01824	0.01950	0.01521	0.02038	0.02028	0.01248	0.61515	0.11819	0.04047	0.01754	0.01725	0.01257	0.00819	0.00673	0.00205	0.00712	0.00624	0.00673	0.01131
19	0.00976	0.00651	0.00732	0.00732	0.00732	0.00651	0.00407	0.00976	0.00976	0.01301	0.02114	0.04391	0.02439	0.76419	0.03415	0.00651	0.00651	0.00976	0.00407	0.00407
20	0.00822	0.00705	0.00707	0.00702	0.00934	0.00603	0.00528	0.01048	0.03809	0.01845	0.06664	0.06328	0.69668	0.01673	0.00789	0.00227	0.00346	0.01395	0.00625	0.00583
21	0.01661	0.01594	0.02724	0.04119	0.72233	0.01594	0.02059	0.02059	0.01528	0.02192	0.01262	0.01661	0.01063	0.00598	0.00664	0.00199	0.00797	0.00598	0.00332	0.01063
22	0.00818	0.00584	0.00779	0.00934	0.00973	0.00545	0.00623	0.00934	0.01285	0.01713	0.03698	0.75981	0.04438	0.02102	0.00856	0.00273	0.00389	0.01908	0.00623	0.00545
23	0.81159	0.01298	0.00986	0.00882	0.01298	0.01505	0.00727	0.01972	0.01142	0.03010	0.00934	0.01090	0.00727	0.00623	0.00415	0.00208	0.00519	0.00363	0.00415	0.00727
24	0.01584	0.01810	0.03959	0.02828	0.03507	0.01697	0.69796	0.02149	0.01584	0.02149	0.01357	0.01810	0.01018	0.00566	0.00792	0.00226	0.01131	0.00792	0.00339	0.00905
25	0.01166	0.00583	0.00874	0.00874	0.00874	0.00583	0.00583	0.00874	0.00874	0.01166	0.01166	0.02040	0.01166	0.02331	0.02622	0.80478	0.00583	0.00583	0.00291	0.00291
26	0.02932	0.01160	0.01555	0.01204	0.01715	0.01026	0.00991	0.03287	0.05988	0.68583	0.02652	0.02297	0.01684	0.00835	0.00675	0.00209	0.00569	0.00680	0.00822	0.01137
27	0.54318	0.01349	0.01247	0.01039	0.01492	0.01483	0.00857	0.11893	0.01584	0.17163	0.01374	0.01403	0.00973	0.00690	0.00504	0.00207	0.00561	0.00460	0.00535	0.00869
28	0.02593	0.01811	0.01971	0.01511	0.02047	0.01979	0.01249	0.63803	0.03040	0.10583	0.01707	0.01673	0.01189	0.00808	0.00672	0.00202	0.00723	0.00611	0.00686	0.01141
29	0.01267	0.01193	0.02013	0.74806	0.04621	0.01491	0.01863	0.01714	0.01342	0.01714	0.01193	0.01789	0.00894	0.00671	0.00671	0.00224	0.00894	0.00596	0.00298	0.00745
30	0.01787	0.01689	0.01571	0.01417	0.01791	0.11824	0.01095	0.03441	0.61280	0.02643	0.02492	0.02321	0.01881	0.00879	0.00672	0.00220	0.00627	0.00713	0.00635	0.01022
31	0.01794	0.76823	0.03516	0.01148	0.01722	0.02655	0.01148	0.02009	0.01363	0.01579	0.00933	0.01076	0.00861	0.00574	0.00431	0.00144	0.00718	0.00359	0.00287	0.00861
32	0.00841	0.00670	0.00762	0.00823	0.00993	0.00591	0.00621	0.01019	0.01472	0.01817	0.05571	0.23476	0.45628	0.01820	0.00828	0.00250	0.00393	0.11234	0.00622	0.00569
33	0.00969	0.00648	0.00734	0.00740	0.00742	0.00646	0.00416	0.00974	0.00989	0.01318	0.02181	0.07421	0.02524	0.73274	0.03307	0.00635	0.00639	0.01015	0.00416	0.00412
34	0.01995	0.04965	0.01753	0.01249	0.01796	0.01523	0.01028	0.33755	0.02233	0.05207	0.01462	0.01553	0.01107	0.00667	0.00580	0.00155	0.00615	0.00510	0.03909	0.33940
35	0.01530	0.01874	0.18881	0.07223	0.09761	0.01532	0.04506	0.04995	0.04886	0.05036	0.05458	0.01803	0.01336	0.00801	0.00980	0.00215	0.16687	0.00600	0.00395	0.11504
36	0.39661	0.06140	0.15768	0.01183	0.01725	0.01477	0.01162	0.02274	0.06061	0.13146	0.04627	0.01609	0.01246	0.00708	0.00535	0.00206	0.00625	0.00502	0.00476	0.00868
37	0.00875	0.00608	0.00761	0.00860	0.00885	0.00584	0.00544	0.00949	0.01172	0.01562	0.03118	0.49778	0.03706	0.29304	0.01793	0.00411	0.00485	0.01566	0.00544	0.00494
38	0.01251	0.00625	0.00625	0.00625	0.00782	0.00625	0.00469	0.01563	0.01407	0.02502	0.02189	0.02502	0.01720	0.00782	0.00469	0.00156	0.00313	0.00625	0.80144	0.00625
39	0.01604	0.04307	0.08675	0.04850	0.02074	0.10231	0.10490	0.01911	0.01477	0.08778	0.06704	0.06887	0.07417	0.01145	0.03406	0.00258	0.17768	0.00785	0.00437	0.00795
40	0.01340	0.02885	0.56204	0.01750	0.02589	0.01397	0.05226	0.02006	0.01481	0.04598	0.06025	0.02152	0.07856	0.00784	0.00670	0.00214	0.00882	0.00645	0.00364	0.00932
41	0.00829	0.00590	0.00782	0.00923	0.00966	0.00552	0.00615	0.00949	0.01299	0.01738	0.06417	0.70511	0.04443	0.04752	0.00946	0.00284	0.00396	0.01846	0.00620	0.00544
42	0.48983	0.01453	0.01327	0.01113	0.01551	0.01644	0.00919	0.24920	0.01846	0.03366	0.01307	0.01571	0.01024	0.00739	0.00524	0.00208	0.00591	0.03195	0.02860	0.00859
43	0.01884	0.01971	0.03975	0.06779	0.31649	0.16792	0.05793	0.08735	0.09317	0.02288	0.01397	0.01658	0.01114	0.00691	0.00708	0.00203	0.03083	0.00590	0.00402	0.00972
44	0.00818	0.00584	0.00779	0.00934	0.00973	0.00545	0.00623	0.00934	0.01285	0.01713	0.03698	0.75981	0.04438	0.02102	0.00856	0.00273	0.00389	0.01908	0.00623	0.00545
45	0.01468	0.01468	0.02055	0.01762	0.01762	0.02055	0.01468	0.01615	0.01028	0.01615	0.00881	0.01468	0.00881	0.01174	0.02202	0.00294	0.75191	0.00587	0.00294	0.00734
46	0.02551	0.01879	0.02014	0.01544	0.02081	0.02081	0.01275	0.69996	0.03155	0.04229	0.01611	0.01611	0.01141	0.00805	0.00671	0.00201	0.00738	0.00604	0.00671	0.01141
47	0.02332	0.02976	0.06271	0.02035	0.10942	0.58306	0.01463	0.04469	0.01861	0.01813	0.01092	0.01290	0.00896	0.00680	0.00616	0.00179	0.01132	0.00462	0.00349	0.00837
48	0.11372	0.01041	0.01253	0.01043	0.01397	0.01010	0.00834	0.09139	0.01946	0.27357	0.31998	0.03241	0.03497	0.01035	0.00694	0.00208	0.00473	0.00861	0.00725	0.00874
49	0.01743	0.01602	0.02352	0.20841	0.37596	0.04601	0.01811	0.13420	0.03345	0.02393	0.01318	0.01680	0.01044	0.00676	0.00704	0.00208	0.02705	0.00595	0.00388	0.00978
50	0.01793	0.01264	0.01647	0.01529	0.12443	0.01055	0.01041	0.04088	0.01571	0.16461	0.01509	0.01619	0.01143	0.00589	0.00564	0.00140	0.00565	0.00490	0.00483	0.50005
51	0.01468	0.01468	0.02055	0.01762	0.01762	0.02055	0.01468	0.01615	0.01028	0.01615	0.00881	0.01468	0.00881	0.01174	0.02202	0.00294	0.75191	0.00587	0.00294	0.00734
52	0.04660	0.01737	0.01883	0.01439	0.01978	0.01858	0.01185	0.55934	0.02814	0.08043	0.01604	0.01610	0.01143	0.00765	0.00643	0.00190	0.00693	0.00577	0.00641	0.10603
53	0.00979	0.00688	0.00849	0.00916	0.00983	0.00678	0.00609	0.03959	0.03788	0.01732	0.03150	0.46640	0.05725	0.19511	0.01549	0.05168	0.00481	0.01496	0.00556	0.00542
54	0.01751	0.01837	0.13972	0.13929	0.26101	0.01578	0.08618	0.08827	0.05772	0.08809	0.01499	0.01758	0.01118	0.00672	0.00676	0.00211	0.00835	0.00617	0.00419	0.01001
55	0.00961	0.00710	0.01032	0.01032	0.01136	0.00813	0.00781	0.01168	0.01065	0.01523	0.01840	0.02872	0.01780	0.14618	0.64315	0.01021	0.01643	0.00753	0.00366	0.00573
56	0.01777	0.01495	0.01578	0.01387	0.01786	0.01719	0.01088	0.11718	0.62692	0.02981	0.02594	0.02394	0.01937	0.00897	0.00681	0.00224	0.00556	0.00740	0.00681	0.01072
57	0.01427	0.01693	0.13006	0.07983	0.34292	0.01446	0.06698	0.01876	0.03089	0.02051	0.01848	0.09903	0.05478	0.00874	0.00791	0.00221	0.05245	0.00787	0.00377	0.00914
58	0.01761	0.08811	0.16098	0.08799	0.22150	0.08575	0.03447	0.13105	0.01755	0.02327	0.01343	0.04547	0.01115	0.00727	0.00682	0.00203	0.02617	0.00600	0.00383	0.00956
59	0.01604	0.01623	0.10471	0.05684	0.22391	0.01404	0.11583	0.05215	0.08208	0.07832	0.08634	0.02577	0.05931	0.00837	0.00711	0.00216	0.00750	0.02910	0.00478	0.00942
60	0.00824	0.00641	0.00749	0.00806	0.00946	0.00567	0.00572	0.00991	0.01478	0.01888	0.14159	0.34689	0.35654	0.01821	0.00819	0.00243	0.00357	0.01590	0.00638	0.00567
61	0.01356	0.00876	0.01063	0.07962	0.05521	0.00921	0.00804	0.07358	0.03871	0.02590	0.11792	0.02663	0.02213	0.00849	0.00569	0.00179	0.00439	0.00706	0.47547	0.00721
62	0.05173	0.07009	0.30896	0.05706	0.08064	0.06701	0.15909	0.08638	0.01641	0.02290	0.01239	0.01504	0.00927	0.00637	0.00652	0.00207	0.00954	0.00561	0.00347	0.00947
63	0.02089	0.01247	0.01489	0.01254	0.01632	0.01273	0.01010	0.25904	0.04709	0.22098	0.09063	0.14114	0.02566	0.01167	0.00736	0.00226	0.00581	0.07183	0.00709	0.00950
64	0.00864	0.00603	0.00765	0.00875	0.00903	0.00576	0.00560	0.00946	0.01194	0.01592	0.03234	0.55013	0.03853	0.23869	0.01606	0.00383	0.00466	0.01635	0.00560	0.00504
65	0.20521	0.10463	0.09499	0.02023	0.15469	0.14933	0.09312	0.02143	0.01474	0.02203	0.01107	0.01354	0.00893	0.00613	0.00571	0.00189	0.00839	0.00485	0.00349	0.05561
66	0.05910	0.08345	0.04304	0.02984	0.01375	0.06562	0.00852	0.01616	0.05847	0.02316	0.34351	0.03996	0.16671	0.01183	0.00705	0.00206	0.00496	0.00986	0.00591	0.00703

[dist]
# distance from previous block
# <min> <max>
0	2

[block]
# block no. 5 follows, 32 sequences, length 27
# corresponding to MSA columns:
# 279-305
name=unknown_F
#
# <colnr> <probs for GDERKNQSTAVLIFYWHMCP>
#	G	D	E	R	K	N	Q	S	T	A	V	L	I	F	Y	W	H	M	C	P
0	0.05900	0.19839	0.18215	0.01583	0.05761	0.07803	0.04708	0.05314	0.03913	0.02008	0.01424	0.05059	0.01266	0.05486	0.08670	0.00314	0.00927	0.00600	0.00366	0.00842
1	0.01848	0.17704	0.19350	0.05517	0.13673	0.06448	0.03400	0.17912	0.01850	0.02451	0.01237	0.01447	0.00962	0.00674	0.00651	0.00194	0.02795	0.00520	0.00389	0.00977
2	0.00893	0.00629	0.00750	0.00809	0.00854	0.00600	0.00510	0.00968	0.01188	0.01564	0.05562	0.32612	0.10950	0.36719	0.02042	0.00442	0.00503	0.01396	0.00526	0.00486
3	0.04219	0.44115	0.19617	0.01417	0.02037	0.09014	0.01483	0.04474	0.01468	0.01853	0.01029	0.01207	0.00865	0.00637	0.00584	0.00173	0.04197	0.00417	0.00309	0.00884
4	0.01606	0.37728	0.26664	0.01515	0.02190	0.05032	0.04863	0.02096	0.04204	0.01841	0.01175	0.01385	0.00963	0.00887	0.05036	0.00233	0.00909	0.00467	0.00311	0.00896
5	0.01353	0.00786	0.00962	0.00859	0.01125	0.00687	0.00665	0.01600	0.01761	0.18101	0.31179	0.04956	0.30618	0.01376	0.00766	0.00216	0.00383	0.01171	0.00715	0.00722
6	0.00976	0.00651	0.00732	0.00732	0.00732	0.00651	0.00407	0.00976	0.00976	0.01301	0.02114	0.04391	0.02439	0.76419	0.03415	0.00651	0.00651	0.00976	0.00407	0.00407
7	0.01526	0.30443	0.43083	0.01687	0.02505	0.01972	0.06120	0.02084	0.01407	0.01925	0.01113	0.01315	0.00864	0.00610	0.00571	0.00188	0.00899	0.00463	0.00288	0.00938
8	0.01385	0.03187	0.63218	0.01864	0.02776	0.01546	0.04206	0.04025	0.04511	0.02235	0.03965	0.01617	0.01123	0.00680	0.00651	0.00213	0.00943	0.00546	0.00330	0.00983
9	0.00947	0.00650	0.00729	0.00737	0.00764	0.00635	0.00430	0.00972	0.01055	0.01381	0.02725	0.08489	0.10350	0.64020	0.02983	0.00583	0.00602	0.01076	0.00443	0.00432
10	0.01984	0.15586	0.02483	0.08483	0.07808	0.29318	0.08983	0.06382	0.01704	0.01922	0.03041	0.01487	0.01066	0.00708	0.00731	0.00192	0.06397	0.00530	0.00356	0.00841
11	0.01548	0.12703	0.32970	0.08941	0.05535	0.01651	0.01800	0.04832	0.04659	0.05860	0.05158	0.01751	0.01299	0.00736	0.00715	0.00206	0.05237	0.00565	0.02912	0.00923
12	0.01673	0.03833	0.12063	0.04316	0.31084	0.01615	0.03397	0.05306	0.20624	0.04660	0.03551	0.01954	0.01452	0.00725	0.00667	0.00209	0.00738	0.00645	0.00460	0.01030
13	0.01459	0.01237	0.01426	0.01038	0.01621	0.00989	0.00831	0.04883	0.05142	0.02312	0.01293	0.01460	0.01056	0.00533	0.00515	0.00111	0.00510	0.00426	0.00425	0.72736
14	0.00863	0.00659	0.00797	0.00870	0.00990	0.00609	0.00611	0.01094	0.04320	0.01911	0.13278	0.44595	0.23250	0.01848	0.00823	0.00250	0.00372	0.01635	0.00640	0.00584
15	0.81159	0.01298	0.00986	0.00882	0.01298	0.01505	0.00727	0.01972	0.01142	0.03010	0.00934	0.01090	0.00727	0.00623	0.00415	0.00208	0.00519	0.00363	0.00415	0.00727
16	0.01009	0.00670	0.00807	0.00772	0.00937	0.00624	0.00579	0.01310	0.01738	0.02554	0.47745	0.04528	0.11846	0.01257	0.00711	0.00199	0.00318	0.01086	0.20685	0.00624
17	0.81159	0.01298	0.00986	0.00882	0.01298	0.01505	0.00727	0.01972	0.01142	0.03010	0.00934	0.01090	0.00727	0.00623	0.00415	0.00208	0.00519	0.00363	0.00415	0.00727
18	0.02920	0.01287	0.01647	0.01263	0.01785	0.01201	0.01043	0.16383	0.02163	0.59242	0.02444	0.02152	0.01559	0.00826	0.00674	0.00206	0.00604	0.00661	0.00799	0.01142
19	0.00801	0.00680	0.00691	0.00688	0.00911	0.00570	0.00516	0.00979	0.01549	0.01859	0.10228	0.06381	0.68501	0.01682	0.00793	0.00226	0.00339	0.01405	0.00629	0.00570
20	0.03010	0.01142	0.01557	0.01194	0.01713	0.00986	0.00986	0.03270	0.01920	0.72698	0.02647	0.02284	0.01661	0.00830	0.00675	0.00208	0.00571	0.00675	0.00830	0.01142
21	0.01584	0.01810	0.03959	0.02828	0.03507	0.01697	0.69796	0.02149	0.01584	0.02149	0.01357	0.01810	0.01018	0.00566	0.00792	0.00226	0.01131	0.00792	0.00339	0.00905
22	0.00950	0.00686	0.00897	0.00844	0.01002	0.00633	0.00633	0.01266	0.01899	0.02691	0.71879	0.05012	0.06331	0.01372	0.00791	0.00211	0.00317	0.01213	0.00739	0.00633
23	0.01109	0.00941	0.01367	0.01281	0.01365	0.01199	0.01025	0.01321	0.01063	0.01575	0.01526	0.02290	0.01442	0.03891	0.52586	0.00846	0.23515	0.00680	0.00340	0.00639
24	0.01060	0.00748	0.00997	0.01040	0.04880	0.00690	0.00724	0.01343	0.01771	0.05803	0.49359	0.12131	0.12372	0.01424	0.00789	0.00221	0.00372	0.02918	0.00694	0.00664
25	0.55927	0.01211	0.01116	0.00954	0.01373	0.01310	0.00781	0.02226	0.01390	0.19666	0.07115	0.01695	0.01406	0.00733	0.00508	0.00208	0.00515	0.00507	0.00541	0.00818
26	0.01604	0.01854	0.12669	0.03477	0.52237	0.01619	0.04414	0.02143	0.05756	0.02191	0.01329	0.01674	0.01083	0.00649	0.00740	0.00208	0.04377	0.00599	0.00345	0.01031

[dist]
# distance from previous block
# <min> <max>
2	22

[block]
# block no. 6 follows, 32 sequences, length 87
# corresponding to MSA columns:
# 328-414
name=unknown_G
#
# <colnr> <probs for GDERKNQSTAVLIFYWHMCP>
#	G	D	E	R	K	N	Q	S	T	A	V	L	I	F	Y	W	H	M	C	P
0	0.06512	0.25094	0.14553	0.01263	0.01739	0.06411	0.01214	0.02079	0.09995	0.04222	0.01769	0.12475	0.01654	0.04917	0.00739	0.00220	0.00694	0.00714	0.02910	0.00827
1	0.28306	0.04167	0.13168	0.01604	0.05705	0.06084	0.09039	0.09995	0.04776	0.02624	0.01441	0.07615	0.01228	0.00778	0.00598	0.00212	0.00743	0.00624	0.00432	0.00863
2	0.04820	0.06012	0.02140	0.01939	0.09286	0.43436	0.05397	0.10312	0.06542	0.02144	0.01250	0.01414	0.01000	0.00694	0.00621	0.00185	0.01019	0.00506	0.00403	0.00877
3	0.04098	0.01540	0.02305	0.44378	0.13806	0.08396	0.09939	0.04045	0.01501	0.01949	0.01212	0.01690	0.00933	0.00652	0.00670	0.00214	0.00922	0.00597	0.00328	0.00825
4	0.01222	0.09181	0.01186	0.00919	0.00993	0.00834	0.00665	0.01025	0.00944	0.01240	0.01184	0.01973	0.01167	0.02324	0.07408	0.65811	0.00684	0.00567	0.00296	0.00377
5	0.01119	0.00640	0.00697	0.00698	0.00830	0.00629	0.00500	0.01367	0.01393	0.02242	0.10647	0.06791	0.06659	0.12050	0.03273	0.00273	0.00414	0.00855	0.48334	0.00586
6	0.03010	0.01142	0.01557	0.01194	0.01713	0.00986	0.00986	0.03270	0.01920	0.72698	0.02647	0.02284	0.01661	0.00830	0.00675	0.00208	0.00571	0.00675	0.00830	0.01142
7	0.00885	0.00679	0.00812	0.00802	0.00977	0.00606	0.00601	0.01130	0.01700	0.02259	0.39601	0.10906	0.31124	0.01568	0.00802	0.00225	0.00341	0.03698	0.00682	0.00601
8	0.01661	0.01594	0.02724	0.04119	0.72233	0.01594	0.02059	0.02059	0.01528	0.02192	0.01262	0.01661	0.01063	0.00598	0.00664	0.00199	0.00797	0.00598	0.00332	0.01063
9	0.00866	0.00683	0.00781	0.00757	0.00951	0.00598	0.00568	0.01105	0.01703	0.02224	0.37267	0.05781	0.41234	0.01546	0.00792	0.00219	0.00329	0.01321	0.00677	0.00598
10	0.00828	0.00654	0.00747	0.00781	0.00943	0.00573	0.00564	0.01010	0.01528	0.01944	0.17758	0.25796	0.40989	0.01753	0.00811	0.00237	0.00350	0.01518	0.00644	0.00573
11	0.01468	0.01468	0.02055	0.01762	0.01762	0.02055	0.01468	0.01615	0.01028	0.01615	0.00881	0.01468	0.00881	0.01174	0.02202	0.00294	0.75191	0.00587	0.00294	0.00734
12	0.01391	0.01193	0.01391	0.00994	0.01590	0.00894	0.00795	0.01690	0.01391	0.02186	0.01193	0.01391	0.00994	0.00497	0.00497	0.00099	0.00497	0.00398	0.00398	0.80521
13	0.05161	0.04151	0.02000	0.09954	0.04661	0.32786	0.01411	0.05768	0.01583	0.01852	0.01039	0.01382	0.00889	0.00833	0.01091	0.00218	0.23581	0.00508	0.00343	0.00790
14	0.01902	0.00889	0.01175	0.00986	0.01309	0.00792	0.00780	0.02189	0.01870	0.34479	0.34559	0.03645	0.05359	0.01095	0.00718	0.00206	0.00432	0.00936	0.05816	0.00862
15	0.08860	0.01214	0.01594	0.29713	0.02721	0.02978	0.01256	0.05554	0.03992	0.14090	0.05983	0.04857	0.04175	0.00823	0.00647	0.00205	0.00676	0.00684	0.00493	0.09485
16	0.01702	0.07212	0.04549	0.26274	0.21841	0.06183	0.01690	0.11125	0.08688	0.02285	0.01393	0.01702	0.01083	0.00686	0.00647	0.00205	0.00821	0.00583	0.00397	0.00934
17	0.01575	0.01724	0.05534	0.02821	0.25316	0.04774	0.29076	0.02169	0.08280	0.02172	0.01948	0.02221	0.07750	0.00724	0.00726	0.00215	0.00889	0.00757	0.00395	0.00937
18	0.00809	0.00680	0.00703	0.00697	0.00916	0.00573	0.00523	0.00995	0.01568	0.01905	0.13641	0.06305	0.65059	0.01665	0.00793	0.00225	0.00337	0.01395	0.00635	0.00573
19	0.02142	0.14462	0.02242	0.11398	0.07845	0.21179	0.01375	0.21718	0.02045	0.05075	0.01306	0.01499	0.01018	0.00833	0.02850	0.00214	0.00913	0.00522	0.00441	0.00922
20	0.01320	0.01237	0.02036	0.65215	0.09455	0.01509	0.01830	0.01850	0.05492	0.01815	0.01289	0.01822	0.00975	0.00680	0.00671	0.00222	0.00866	0.00606	0.00323	0.00788
21	0.01794	0.76823	0.03516	0.01148	0.01722	0.02655	0.01148	0.02009	0.01363	0.01579	0.00933	0.01076	0.00861	0.00574	0.00431	0.00144	0.00718	0.00359	0.00287	0.00861
22	0.00816	0.00588	0.00774	0.00922	0.00970	0.00546	0.00617	0.00936	0.01296	0.01718	0.03845	0.72685	0.07639	0.02083	0.00853	0.00270	0.00387	0.01884	0.00623	0.00546
23	0.01592	0.01537	0.02662	0.15825	0.57814	0.01582	0.05146	0.02006	0.01499	0.02111	0.01255	0.01689	0.01033	0.00609	0.00671	0.00205	0.00829	0.00607	0.00327	0.01003
24	0.00795	0.00671	0.00688	0.00702	0.00912	0.00565	0.00520	0.00960	0.01508	0.01804	0.06531	0.12433	0.66157	0.01734	0.00798	0.00231	0.00344	0.01458	0.00623	0.00565
25	0.01081	0.00772	0.01081	0.01236	0.01390	0.00772	0.01081	0.01390	0.01545	0.02008	0.03553	0.07569	0.03862	0.01854	0.00927	0.00309	0.00618	0.67717	0.00618	0.00618
26	0.01706	0.04036	0.04450	0.19994	0.24137	0.05499	0.03860	0.12092	0.09928	0.02370	0.01470	0.01778	0.01150	0.00865	0.03593	0.00242	0.00857	0.00609	0.00414	0.00950
27	0.01059	0.00774	0.00817	0.00808	0.00843	0.02985	0.00481	0.01181	0.05174	0.01416	0.02176	0.06850	0.02442	0.66805	0.03070	0.00596	0.00651	0.00981	0.00429	0.00462
28	0.06909	0.00692	0.00765	0.00765	0.00803	0.00704	0.00459	0.01052	0.01032	0.01491	0.04329	0.08308	0.02498	0.60564	0.02920	0.04258	0.00611	0.00975	0.00425	0.00440
29	0.02992	0.01171	0.01575	0.01208	0.01728	0.01030	0.00998	0.05946	0.01970	0.69952	0.02606	0.02257	0.01640	0.00829	0.00675	0.00207	0.00578	0.00672	0.00824	0.01142
30	0.02047	0.12273	0.07972	0.06595	0.02105	0.24514	0.01327	0.08586	0.04235	0.09483	0.03908	0.01865	0.01343	0.00800	0.00714	0.00197	0.05280	0.03005	0.02885	0.00868
31	0.01599	0.00936	0.01130	0.01028	0.01300	0.00916	0.00783	0.02144	0.15552	0.20236	0.12065	0.14530	0.11326	0.07613	0.00965	0.00263	0.00476	0.03111	0.03221	0.00809
32	0.00808	0.00675	0.00703	0.00707	0.00918	0.00571	0.00526	0.00987	0.01548	0.01882	0.12138	0.10041	0.62811	0.01693	0.00796	0.00228	0.00341	0.01425	0.00633	0.00571
33	0.02095	0.45719	0.02834	0.01393	0.01871	0.32679	0.01211	0.02292	0.01591	0.01605	0.00977	0.01133	0.00862	0.00624	0.00504	0.00156	0.00926	0.00390	0.00312	0.00826
34	0.04209	0.01242	0.03711	0.05200	0.03915	0.03715	0.01092	0.14992	0.01794	0.13312	0.02225	0.05641	0.02017	0.04003	0.01014	0.08366	0.00657	0.16809	0.05288	0.00799
35	0.00808	0.00653	0.00718	0.00759	0.00930	0.00564	0.00548	0.00971	0.01481	0.01830	0.09308	0.25691	0.49809	0.01794	0.00811	0.00239	0.00352	0.01542	0.00629	0.00564
36	0.01391	0.01193	0.01391	0.00994	0.01590	0.00894	0.00795	0.01690	0.01391	0.02186	0.01193	0.01391	0.00994	0.00497	0.00497	0.00099	0.00497	0.00398	0.00398	0.80521
37	0.04166	0.01494	0.01533	0.01377	0.01742	0.03977	0.01074	0.03414	0.63989	0.02731	0.02551	0.02379	0.01925	0.00904	0.00729	0.00228	0.03378	0.00729	0.00649	0.01030
38	0.01066	0.00767	0.01060	0.01206	0.01364	0.00761	0.01051	0.01367	0.01544	0.01998	0.03726	0.07510	0.07491	0.01845	0.00920	0.00305	0.00603	0.64183	0.00618	0.00615
39	0.01335	0.03391	0.70892	0.01882	0.02850	0.01532	0.02427	0.02101	0.01430	0.02141	0.03215	0.01519	0.01006	0.00658	0.00642	0.00212	0.00972	0.00516	0.00296	0.00981
40	0.01166	0.00583	0.00874	0.00874	0.00874	0.00583	0.00583	0.00874	0.00874	0.01166	0.01166	0.02040	0.01166	0.02331	0.02622	0.80478	0.00583	0.00583	0.00291	0.00291
41	0.00817	0.00587	0.00775	0.00925	0.00971	0.00546	0.00619	0.00935	0.01293	0.01716	0.03808	0.73518	0.06830	0.02088	0.00854	0.00271	0.00388	0.01890	0.00623	0.00546
42	0.02551	0.01879	0.02014	0.01544	0.02081	0.02081	0.01275	0.69996	0.03155	0.04229	0.01611	0.01611	0.01141	0.00805	0.00671	0.00201	0.00738	0.00604	0.00671	0.01141
43	0.00826	0.00587	0.00776	0.00923	0.00960	0.00551	0.00611	0.00936	0.01268	0.01691	0.03614	0.72165	0.04331	0.06063	0.00993	0.00293	0.00403	0.01858	0.00611	0.00538
44	0.01384	0.01193	0.01428	0.05375	0.01770	0.00930	0.00858	0.01691	0.01388	0.02158	0.01193	0.01415	0.00988	0.00507	0.00507	0.00107	0.00521	0.00409	0.00392	0.75785
45	0.02130	0.27843	0.05009	0.01362	0.01835	0.22487	0.01184	0.09962	0.04215	0.09294	0.03581	0.01559	0.01233	0.00710	0.00562	0.00173	0.00816	0.00500	0.04655	0.00890
46	0.01346	0.03471	0.72942	0.01912	0.02904	0.01558	0.02479	0.02125	0.01417	0.02125	0.01204	0.01417	0.00850	0.00637	0.00637	0.00212	0.00992	0.00496	0.00283	0.00992
47	0.00950	0.00686	0.00897	0.00844	0.01002	0.00633	0.00633	0.01266	0.01899	0.02691	0.71879	0.05012	0.06331	0.01372	0.00791	0.00211	0.00317	0.01213	0.00739	0.00633
48	0.01620	0.05898	0.45245	0.05736	0.02755	0.09975	0.06709	0.04680	0.01555	0.05336	0.01284	0.01511	0.00940	0.00790	0.02920	0.00233	0.01007	0.00528	0.00337	0.00943
49	0.01814	0.02227	0.07099	0.02486	0.03099	0.18663	0.48225	0.04106	0.01692	0.02085	0.01281	0.01642	0.00976	0.00606	0.00736	0.00212	0.01132	0.00686	0.00347	0.00886
50	0.00976	0.00651	0.00732	0.00732	0.00732	0.00651	0.00407	0.00976	0.00976	0.01301	0.02114	0.04391	0.02439	0.76419	0.03415	0.00651	0.00651	0.00976	0.00407	0.00407
51	0.02435	0.01929	0.07544	0.01538	0.02101	0.01941	0.01338	0.56171	0.06938	0.08653	0.01716	0.01694	0.01207	0.00800	0.00669	0.00204	0.00735	0.00610	0.00652	0.01125
52	0.00807	0.00682	0.00709	0.00707	0.00925	0.00583	0.00532	0.00986	0.01518	0.01830	0.08791	0.06204	0.65936	0.01866	0.04682	0.00271	0.00417	0.01372	0.00613	0.00570
53	0.00839	0.00597	0.00792	0.00941	0.00984	0.00562	0.00637	0.00960	0.01284	0.01709	0.03615	0.68967	0.04313	0.05613	0.00981	0.00292	0.00414	0.05345	0.00612	0.00542
54	0.01081	0.00772	0.01081	0.01236	0.01390	0.00772	0.01081	0.01390	0.01545	0.02008	0.03553	0.07569	0.03862	0.01854	0.00927	0.00309	0.00618	0.67717	0.00618	0.00618
55	0.01958	0.02270	0.02079	0.25929	0.14934	0.37841	0.01612	0.02259	0.01655	0.01760	0.01126	0.01476	0.00908	0.00669	0.00637	0.00194	0.01036	0.00514	0.00328	0.00816
56	0.00840	0.00616	0.00794	0.00928	0.01004	0.00570	0.00652	0.00983	0.01344	0.01755	0.04117	0.59619	0.13815	0.02022	0.00854	0.00270	0.00405	0.08236	0.00622	0.00555
57	0.01584	0.01810	0.03959	0.02828	0.03507	0.01697	0.69796	0.02149	0.01584	0.02149	0.01357	0.01810	0.01018	0.00566	0.00792	0.00226	0.01131	0.00792	0.00339	0.00905
58	0.00818	0.00584	0.00779	0.00934	0.00973	0.00545	0.00623	0.00934	0.01285	0.01713	0.03698	0.75981	0.04438	0.02102	0.00856	0.00273	0.00389	0.01908	0.00623	0.00545
59	0.01794	0.76823	0.03516	0.01148	0.01722	0.02655	0.01148	0.02009	0.01363	0.01579	0.00933	0.01076	0.00861	0.00574	0.00431	0.00144	0.00718	0.00359	0.00287	0.00861
60	0.00828	0.00591	0.00790	0.00946	0.00989	0.00554	0.00641	0.00952	0.01295	0.01724	0.03693	0.73345	0.04416	0.02093	0.00859	0.00274	0.00398	0.04444	0.00623	0.00548
61	0.01267	0.01193	0.02013	0.74806	0.04621	0.01491	0.01863	0.01714	0.01342	0.01714	0.01193	0.01789	0.00894	0.00671	0.00671	0.00224	0.00894	0.00596	0.00298	0.00745
62	0.00793	0.00680	0.00680	0.00680	0.00906	0.00566	0.00510	0.00963	0.01529	0.01813	0.06797	0.06457	0.71961	0.01699	0.00793	0.00227	0.00340	0.01416	0.00623	0.00566
63	0.01346	0.03471	0.72942	0.01912	0.02904	0.01558	0.02479	0.02125	0.01417	0.02125	0.01204	0.01417	0.00850	0.00637	0.00637	0.00212	0.00992	0.00496	0.00283	0.00992
64	0.02098	0.01095	0.01262	0.01033	0.01394	0.01096	0.00832	0.19007	0.02013	0.24310	0.04605	0.02302	0.01719	0.00823	0.00593	0.00185	0.00497	0.00656	0.33569	0.00911
