[name]
unknown

[dist]
# distance from previous block
# <min> <max>
0	2

[block]
# block no. 0 follows, 33 sequences, length 93
# corresponding to MSA columns:
# 2-94
name=unknown_A
#
# <colnr> <probs for GDERKNQSTAVLIFYWHMCP>
#	G	D	E	R	K	N	Q	S	T	A	V	L	I	F	Y	W	H	M	C	P
0	0.01110	0.05234	0.03834	0.01232	0.01437	0.00892	0.01115	0.01425	0.01501	0.01950	0.03255	0.06841	0.03513	0.01703	0.00871	0.00290	0.00625	0.61964	0.00576	0.00633
1	0.09309	0.15233	0.25385	0.01454	0.02099	0.01802	0.01519	0.23789	0.01940	0.04891	0.05528	0.01599	0.01260	0.00714	0.00591	0.00193	0.00752	0.00532	0.00454	0.00956
2	0.08975	0.17854	0.47784	0.01642	0.02453	0.01764	0.03865	0.04867	0.01429	0.02145	0.01124	0.01312	0.00841	0.00616	0.00570	0.00194	0.00869	0.00460	0.00308	0.00927
3	0.00825	0.00604	0.00776	0.00869	0.00953	0.00555	0.00600	0.00985	0.01411	0.01885	0.17814	0.53617	0.12939	0.01871	0.00820	0.00250	0.00362	0.01677	0.00634	0.00555
4	0.01881	0.05295	0.16627	0.01598	0.02068	0.36383	0.04031	0.06192	0.01697	0.01879	0.01603	0.01809	0.06442	0.01180	0.08220	0.00276	0.01089	0.00561	0.00365	0.00801
5	0.00786	0.00667	0.00678	0.00675	0.00894	0.00559	0.00506	0.00960	0.01519	0.01822	0.10016	0.06263	0.69116	0.01651	0.00778	0.00222	0.00332	0.01379	0.00617	0.00559
6	0.02003	0.51533	0.02900	0.01324	0.01810	0.27462	0.01177	0.02199	0.01521	0.01570	0.00951	0.01102	0.00846	0.00603	0.00482	0.00151	0.00872	0.00377	0.00302	0.00816
7	0.01055	0.00663	0.00780	0.00770	0.00805	0.00658	0.00462	0.01086	0.01030	0.05191	0.02180	0.08392	0.02434	0.65026	0.06315	0.00612	0.00671	0.00984	0.00432	0.00455
8	0.01725	0.31441	0.13223	0.01937	0.14072	0.06859	0.07948	0.06640	0.01548	0.02000	0.01116	0.01334	0.00919	0.00593	0.00556	0.00170	0.00814	0.00475	0.00330	0.06299
9	0.01736	0.01009	0.01346	0.01361	0.08718	0.00973	0.00938	0.04086	0.10313	0.24386	0.18602	0.16644	0.04717	0.01171	0.00723	0.00218	0.00488	0.01023	0.00679	0.00868
10	0.00917	0.00621	0.00730	0.00769	0.00779	0.00612	0.00454	0.00947	0.01035	0.01380	0.02474	0.22871	0.02898	0.57612	0.02705	0.00543	0.00572	0.01193	0.00454	0.00434
11	0.03906	0.01813	0.13362	0.06902	0.38655	0.01574	0.12973	0.01971	0.01426	0.02079	0.01223	0.01623	0.00992	0.00757	0.02931	0.00235	0.05713	0.00598	0.00319	0.00947
12	0.01715	0.09135	0.16786	0.05668	0.38904	0.08537	0.01884	0.02138	0.01511	0.05844	0.01246	0.01523	0.00989	0.00616	0.00620	0.00192	0.00843	0.00533	0.00338	0.00976
13	0.01243	0.01170	0.01975	0.75282	0.04534	0.01463	0.01828	0.01682	0.01316	0.01682	0.01170	0.01755	0.00878	0.00658	0.00658	0.00219	0.00878	0.00585	0.00293	0.00731
14	0.00923	0.00632	0.00790	0.00847	0.00943	0.00583	0.00579	0.01064	0.01368	0.04520	0.14367	0.41900	0.14256	0.12661	0.01177	0.00303	0.00408	0.01518	0.00606	0.00554
15	0.01088	0.01252	0.11817	0.01140	0.01424	0.03667	0.02894	0.01551	0.09258	0.02072	0.18145	0.27708	0.09750	0.04128	0.00849	0.00245	0.00526	0.01230	0.00567	0.00691
16	0.01886	0.03379	0.01776	0.01770	0.14205	0.01452	0.01201	0.22624	0.06117	0.12781	0.02078	0.16380	0.01862	0.01186	0.03579	0.00250	0.05112	0.00857	0.00570	0.00936
17	0.00815	0.00583	0.00776	0.00908	0.00958	0.00544	0.00612	0.00950	0.01323	0.01780	0.10726	0.69055	0.04546	0.01989	0.00834	0.00261	0.00375	0.01801	0.00623	0.00544
18	0.08871	0.01333	0.01916	0.12126	0.02120	0.01756	0.04878	0.01619	0.01095	0.01748	0.01022	0.01576	0.00933	0.01360	0.08564	0.00340	0.47138	0.00579	0.00308	0.00717
19	0.06529	0.10241	0.04308	0.01871	0.14725	0.01872	0.01356	0.38388	0.02338	0.09843	0.01491	0.01559	0.01092	0.00716	0.00617	0.00192	0.00713	0.00555	0.00546	0.01048
20	0.01746	0.02042	0.16329	0.08059	0.18118	0.07530	0.17332	0.08189	0.03558	0.07052	0.01431	0.01765	0.01091	0.00666	0.00678	0.00207	0.00903	0.01959	0.00394	0.00951
21	0.00937	0.00680	0.00952	0.00961	0.01043	0.00757	0.00699	0.01103	0.01044	0.01471	0.01955	0.07413	0.02002	0.23608	0.51331	0.00901	0.01387	0.00840	0.00380	0.00535
22	0.03238	0.01693	0.05425	0.07767	0.08220	0.05634	0.12270	0.18376	0.04516	0.02571	0.01336	0.01565	0.01029	0.00646	0.00667	0.00181	0.02894	0.00557	0.00432	0.20983
23	0.07100	0.06224	0.12773	0.04161	0.17676	0.09372	0.04702	0.11202	0.12874	0.05367	0.01499	0.01639	0.01140	0.00687	0.00623	0.00199	0.00791	0.00564	0.00440	0.00967
24	0.00956	0.00642	0.00738	0.00738	0.00745	0.00649	0.00424	0.00970	0.00963	0.01291	0.02056	0.04205	0.02349	0.72574	0.07580	0.00663	0.00705	0.00942	0.00396	0.00410
25	0.01418	0.19820	0.57894	0.01710	0.02592	0.01768	0.02142	0.02060	0.01378	0.01966	0.01122	0.01316	0.00836	0.00612	0.00580	0.00193	0.00913	0.00457	0.00279	0.00944
26	0.33020	0.08130	0.09096	0.01348	0.01797	0.32872	0.01164	0.02252	0.01486	0.02178	0.00988	0.01152	0.00794	0.00638	0.00511	0.00185	0.00864	0.00399	0.00355	0.00772
27	0.04610	0.02028	0.07238	0.01538	0.02065	0.07709	0.01324	0.55144	0.04420	0.03675	0.01499	0.01539	0.01082	0.00774	0.00674	0.00199	0.02264	0.00568	0.00591	0.01059
28	0.01360	0.01150	0.01338	0.00962	0.01532	0.00868	0.00769	0.01653	0.01366	0.02156	0.01205	0.01404	0.01001	0.00498	0.00487	0.00100	0.00481	0.00398	0.03277	0.77996
29	0.02357	0.12457	0.02122	0.01636	0.03819	0.44529	0.01267	0.19892	0.02101	0.02266	0.01154	0.01282	0.00922	0.00690	0.00589	0.00174	0.00995	0.00462	0.00413	0.00872
30	0.02521	0.01814	0.01957	0.01501	0.02027	0.01997	0.01240	0.67790	0.03045	0.06992	0.01622	0.01608	0.01141	0.00791	0.00659	0.00198	0.00718	0.00596	0.00665	0.01120
31	0.00816	0.00583	0.00780	0.00933	0.00977	0.00547	0.00635	0.00941	0.01274	0.01696	0.03621	0.72713	0.04324	0.02049	0.00844	0.00269	0.00394	0.05455	0.00611	0.00539
32	0.00817	0.00584	0.00777	0.00907	0.00958	0.00545	0.00612	0.00954	0.01329	0.01790	0.11505	0.68245	0.04567	0.01980	0.00833	0.00260	0.00374	0.01794	0.00624	0.00545
33	0.00957	0.00638	0.00718	0.00718	0.00718	0.00638	0.00399	0.00957	0.00957	0.01276	0.02074	0.04308	0.02393	0.76864	0.03351	0.00638	0.00638	0.00957	0.00399	0.00399
34	0.01067	0.00737	0.00932	0.00862	0.01053	0.00690	0.00653	0.01448	0.05614	0.06386	0.59826	0.04749	0.10819	0.01317	0.00765	0.00209	0.00337	0.01153	0.00718	0.00666
35	0.01010	0.00729	0.00899	0.00937	0.01047	0.00713	0.00655	0.08157	0.01523	0.02047	0.13785	0.48673	0.06729	0.08601	0.01037	0.00283	0.00428	0.01535	0.00614	0.00597
36	0.81514	0.01273	0.00968	0.00866	0.01273	0.01477	0.00713	0.01935	0.01120	0.02954	0.00917	0.01069	0.00713	0.00611	0.00407	0.00204	0.00509	0.00356	0.00407	0.00713
37	0.02503	0.01844	0.01976	0.01515	0.02042	0.02042	0.01251	0.70562	0.03095	0.04149	0.01581	0.01581	0.01120	0.00790	0.00659	0.00198	0.00724	0.00593	0.00659	0.01120
38	0.02345	0.01649	0.01877	0.09069	0.02225	0.01817	0.01258	0.49237	0.09183	0.11902	0.01761	0.01758	0.01238	0.00789	0.00660	0.00203	0.00702	0.00614	0.00640	0.01072
39	0.02182	0.24688	0.02405	0.01756	0.09221	0.43637	0.01298	0.02389	0.01673	0.03656	0.01055	0.01224	0.00889	0.00639	0.00551	0.00165	0.00986	0.00426	0.00334	0.00826
40	0.01822	0.07180	0.28527	0.01505	0.02165	0.01433	0.04175	0.04293	0.12999	0.19377	0.04476	0.01899	0.01444	0.00732	0.00633	0.00199	0.00729	0.00597	0.00506	0.05308
41	0.01366	0.11026	0.66230	0.01799	0.02730	0.01640	0.02298	0.02073	0.01385	0.02030	0.01154	0.01355	0.00835	0.00619	0.00605	0.00202	0.00945	0.00473	0.00278	0.00960
42	0.02372	0.14260	0.02092	0.01590	0.01969	0.60598	0.01238	0.02552	0.01787	0.04341	0.01063	0.01208	0.00877	0.00666	0.00570	0.00167	0.01090	0.00422	0.00349	0.00789
43	0.01365	0.01170	0.01365	0.00975	0.01560	0.00878	0.00780	0.01658	0.01365	0.02145	0.01170	0.01365	0.00975	0.00488	0.00488	0.00098	0.00488	0.00390	0.00390	0.80888
44	0.00940	0.00705	0.01058	0.01058	0.01176	0.00823	0.00823	0.01176	0.01058	0.01528	0.01763	0.02586	0.01646	0.04937	0.74255	0.01058	0.01763	0.00705	0.00353	0.00588
45	0.01565	0.01744	0.03701	0.02966	0.13914	0.01650	0.60039	0.02095	0.01546	0.02115	0.01318	0.01754	0.01006	0.00560	0.00758	0.00218	0.01060	0.00748	0.00332	0.00911
46	0.01629	0.01564	0.02672	0.04041	0.72757	0.01564	0.02020	0.02020	0.01499	0.02151	0.01238	0.01629	0.01043	0.00587	0.00652	0.00196	0.00782	0.00587	0.00326	0.01043
47	0.01768	0.01479	0.01562	0.01366	0.01762	0.01699	0.01074	0.13632	0.61222	0.02965	0.02513	0.02324	0.01875	0.00878	0.00668	0.00219	0.00552	0.00721	0.00668	0.01054
48	0.01689	0.01440	0.01518	0.01350	0.01732	0.01662	0.01054	0.07498	0.67484	0.02837	0.02614	0.02404	0.01957	0.00887	0.00669	0.00222	0.00533	0.00735	0.00669	0.01047
49	0.00895	0.00691	0.00713	0.00694	0.00932	0.00578	0.00525	0.01067	0.01521	0.05630	0.06450	0.06115	0.68669	0.01621	0.00772	0.00221	0.00346	0.01350	0.00622	0.00586
50	0.00811	0.00577	0.00761	0.00905	0.00942	0.00541	0.00599	0.00919	0.01243	0.01658	0.03541	0.72367	0.04244	0.06280	0.00982	0.00288	0.00396	0.01820	0.00599	0.00527
51	0.01455	0.01485	0.02265	0.01868	0.01956	0.01970	0.10613	0.01654	0.01081	0.01654	0.00926	0.01485	0.00882	0.01073	0.01976	0.00279	0.65738	0.00603	0.00294	0.00742
52	0.02218	0.16241	0.02091	0.01545	0.01914	0.54419	0.01212	0.02468	0.04596	0.01643	0.01108	0.01291	0.00938	0.00896	0.04538	0.00215	0.01104	0.00439	0.00343	0.00780
53	0.01144	0.00572	0.00858	0.00858	0.00858	0.00572	0.00572	0.00858	0.00858	0.01144	0.01144	0.02001	0.01144	0.02287	0.02573	0.80846	0.00572	0.00572	0.00286	0.00286
54	0.00806	0.00582	0.00763	0.00899	0.00952	0.00539	0.00605	0.00931	0.01297	0.01723	0.06431	0.69746	0.08267	0.02013	0.00834	0.00263	0.00376	0.01818	0.00615	0.00539
55	0.00824	0.00600	0.00782	0.00919	0.00987	0.00558	0.00642	0.00962	0.01309	0.01718	0.03929	0.62639	0.11331	0.01999	0.00840	0.00266	0.00398	0.08141	0.00611	0.00544
56	0.59363	0.01469	0.01247	0.01053	0.01488	0.03657	0.00864	0.19271	0.01640	0.03218	0.01087	0.01202	0.00819	0.00658	0.00476	0.00201	0.00583	0.00418	0.00469	0.00817
57	0.00940	0.00705	0.01058	0.01058	0.01176	0.00823	0.00823	0.01176	0.01058	0.01528	0.01763	0.02586	0.01646	0.04937	0.74255	0.01058	0.01763	0.00705	0.00353	0.00588
58	0.01320	0.03405	0.73453	0.01876	0.02849	0.01529	0.02432	0.02085	0.01390	0.02085	0.01181	0.01390	0.00834	0.00625	0.00625	0.00208	0.00973	0.00486	0.00278	0.00973
59	0.00956	0.00645	0.00753	0.00753	0.00765	0.00657	0.00443	0.00980	0.00968	0.01302	0.02042	0.04130	0.02316	0.69442	0.10667	0.00682	0.00754	0.00931	0.00394	0.00418
60	0.01354	0.01170	0.01420	0.07723	0.01830	0.00931	0.00875	0.01660	0.01361	0.02103	0.01170	0.01401	0.00966	0.00503	0.00503	0.00109	0.00523	0.00408	0.00381	0.73609
61	0.02826	0.01186	0.01551	0.01205	0.01704	0.01083	0.00990	0.07248	0.07299	0.63692	0.02543	0.02218	0.01628	0.00819	0.00662	0.00205	0.00567	0.00664	0.00794	0.01114
62	0.01637	0.01414	0.01489	0.01340	0.01712	0.01637	0.01042	0.03498	0.71568	0.02754	0.02679	0.02456	0.02010	0.00893	0.00670	0.00223	0.00521	0.00744	0.00670	0.01042
63	0.00814	0.00585	0.00772	0.00900	0.00956	0.00544	0.00609	0.00949	0.01326	0.01776	0.10339	0.67393	0.06633	0.01981	0.00832	0.00260	0.00374	0.01791	0.00622	0.00544
64	0.00857	0.00683	0.00698	0.00685	0.00918	0.00571	0.00517	0.01027	0.01515	0.04379	0.06521	0.06187	0.69910	0.01636	0.00774	0.00222	0.00342	0.01363	0.00619	0.00576
65	0.02651	0.01083	0.01452	0.01135	0.01595	0.00957	0.00929	0.05356	0.01925	0.60726	0.12452	0.02596	0.02260	0.00889	0.00678	0.00204	0.00531	0.00734	0.00796	0.01050
66	0.00881	0.00624	0.00749	0.00793	0.00853	0.00592	0.00511	0.00981	0.01243	0.01653	0.12574	0.28776	0.11643	0.33002	0.01868	0.00408	0.00473	0.01345	0.00538	0.00492
67	0.00940	0.00677	0.00846	0.00872	0.00966	0.00658	0.00605	0.01201	0.05209	0.02003	0.28144	0.26985	0.04420	0.19262	0.01399	0.00331	0.00432	0.03880	0.00606	0.00564
68	0.01428	0.01263	0.01674	0.01699	0.18381	0.01040	0.01073	0.01743	0.01397	0.02147	0.01186	0.01428	0.00991	0.00511	0.00526	0.00121	0.00557	0.00436	0.00375	0.62024
69	0.20605	0.14641	0.17467	0.01960	0.17255	0.06543	0.03143	0.07369	0.01509	0.02345	0.01110	0.01321	0.00879	0.00618	0.00550	0.00190	0.00775	0.00466	0.00354	0.00901
70	0.07734	0.01521	0.02505	0.07521	0.63710	0.01552	0.01910	0.01996	0.01460	0.02188	0.01210	0.01593	0.01009	0.00592	0.00633	0.00197	0.00766	0.00569	0.00330	0.01001
71	0.08560	0.00735	0.00816	0.00773	0.00982	0.00695	0.00588	0.01341	0.01614	0.05292	0.33395	0.06064	0.22872	0.01276	0.00694	0.00204	0.00347	0.01078	0.12044	0.00630
72	0.00985	0.00694	0.00841	0.00791	0.00988	0.00617	0.00598	0.01244	0.01741	0.06036	0.46384	0.05260	0.28532	0.01428	0.00771	0.00212	0.00331	0.01231	0.00691	0.00625
73	0.00837	0.00668	0.00732	0.00724	0.00909	0.00584	0.00535	0.01026	0.01537	0.01938	0.21332	0.05862	0.49146	0.08186	0.01007	0.00257	0.00363	0.03181	0.00619	0.00559
74	0.00787	0.00662	0.00683	0.00690	0.00898	0.00558	0.00513	0.00958	0.01504	0.01815	0.09708	0.10420	0.65206	0.01675	0.00782	0.00224	0.00335	0.01408	0.00617	0.00558
75	0.01637	0.01414	0.01489	0.01340	0.01712	0.01637	0.01042	0.03498	0.71568	0.02754	0.02679	0.02456	0.02010	0.00893	0.00670	0.00223	0.00521	0.00744	0.00670	0.01042
76	0.14437	0.01891	0.01812	0.01435	0.01925	0.09404	0.01172	0.53183	0.02670	0.03707	0.01422	0.01463	0.01030	0.00752	0.00614	0.00196	0.00740	0.00540	0.00588	0.01021
77	0.07039	0.01310	0.01684	0.01290	0.01804	0.01254	0.03658	0.17696	0.02093	0.51748	0.02238	0.02017	0.01446	0.00789	0.00652	0.00203	0.00614	0.00635	0.00741	0.01089
78	0.14692	0.01221	0.01481	0.01150	0.01650	0.01150	0.00948	0.09882	0.01866	0.51638	0.02161	0.01948	0.01403	0.00764	0.00614	0.00197	0.00566	0.00594	0.00714	0.05360
79	0.01629	0.01564	0.02672	0.04041	0.72757	0.01564	0.02020	0.02020	0.01499	0.02151	0.01238	0.01629	0.01043	0.00587	0.00652	0.00196	0.00782	0.00587	0.00326	0.01043
80	0.04694	0.01146	0.01512	0.01177	0.01673	0.01031	0.00967	0.03201	0.07209	0.66165	0.02564	0.02230	0.01637	0.00816	0.00657	0.00205	0.00556	0.00661	0.00794	0.01105
81	0.01535	0.01461	0.02451	0.21488	0.53019	0.01542	0.01933	0.01998	0.04338	0.02060	0.01281	0.01694	0.01042	0.00617	0.00654	0.00203	0.00795	0.00593	0.00332	0.00966
82	0.01402	0.01384	0.01943	0.01677	0.01686	0.01925	0.01393	0.01553	0.01012	0.01580	0.00933	0.01528	0.00924	0.01442	0.07688	0.00347	0.69993	0.00586	0.00293	0.00710
83	0.00800	0.00583	0.00754	0.00891	0.00948	0.00537	0.00600	0.00920	0.01285	0.01691	0.03942	0.69201	0.11385	0.02022	0.00834	0.00263	0.00377	0.01822	0.00611	0.00537
84	0.01432	0.02142	0.25273	0.01699	0.02216	0.09898	0.11465	0.02084	0.11456	0.02021	0.01908	0.16418	0.01780	0.00993	0.00778	0.00226	0.04734	0.02216	0.00422	0.00839
85	0.08747	0.04341	0.07737	0.04651	0.43632	0.01495	0.01686	0.03836	0.01482	0.04146	0.01229	0.01524	0.00995	0.00591	0.00599	0.00183	0.00726	0.00526	0.00358	0.11517
86	0.11603	0.01157	0.01450	0.01142	0.01610	0.01085	0.00938	0.08123	0.01866	0.53989	0.06069	0.02212	0.01734	0.00942	0.02839	0.00229	0.00590	0.00652	0.00738	0.01032
87	0.00972	0.00753	0.02880	0.00849	0.01039	0.00635	0.00659	0.01238	0.01700	0.05013	0.45509	0.14064	0.19300	0.01462	0.00776	0.00218	0.00352	0.01278	0.00678	0.00626
88	0.05028	0.28617	0.31940	0.01469	0.02174	0.04639	0.01639	0.03989	0.03547	0.09415	0.01274	0.01378	0.00958	0.00637	0.00551	0.00183	0.00806	0.00461	0.00364	0.00931
89	0.01085	0.00927	0.01477	0.01742	0.15417	0.00926	0.06322	0.01314	0.01363	0.01864	0.05453	0.43033	0.03280	0.01558	0.00871	0.00252	0.04469	0.07444	0.00520	0.00682
90	0.00953	0.00649	0.00741	0.00753	0.00779	0.00642	0.00456	0.00988	0.01036	0.01363	0.02485	0.04681	0.07121	0.66153	0.02994	0.00585	0.00616	0.06151	0.00429	0.00425
91	0.04846	0.08994	0.10952	0.02851	0.39413	0.13461	0.01762	0.04266	0.01577	0.04140	0.01203	0.01471	0.00975	0.00618	0.00609	0.00188	0.00845	0.00520	0.00346	0.00963
92	0.04147	0.23471	0.17925	0.02045	0.17105	0.10043	0.03637	0.04636	0.01526	0.05792	0.01178	0.01379	0.00938	0.00634	0.00616	0.00184	0.02992	0.00483	0.00344	0.00924

[dist]
# distance from previous block
# <min> <max>
1	13

[block]
# block no. 1 follows, 33 sequences, length 10
# corresponding to MSA columns:
# 108-117
name=unknown_B
#
# <colnr> <probs for GDERKNQSTAVLIFYWHMCP>
#	G	D	E	R	K	N	Q	S	T	A	V	L	I	F	Y	W	H	M	C	P
0	0.27745	0.13675	0.06436	0.01824	0.18790	0.01690	0.01265	0.04871	0.09466	0.02461	0.01254	0.01419	0.01001	0.00631	0.00527	0.00188	0.00644	0.00475	0.00399	0.05237
1	0.00909	0.00650	0.00766	0.00767	0.00846	0.00625	0.00502	0.01023	0.01260	0.01680	0.16987	0.09863	0.15350	0.38959	0.06630	0.00480	0.00572	0.01129	0.00513	0.00492
2	0.04087	0.01680	0.08648	0.02921	0.42913	0.01572	0.01717	0.08360	0.13423	0.02462	0.01536	0.01761	0.01212	0.00668	0.00637	0.00200	0.00721	0.00599	0.03868	0.01015
3	0.00818	0.00601	0.00738	0.00839	0.00910	0.00553	0.00560	0.00928	0.01270	0.01647	0.04045	0.52616	0.18014	0.11834	0.01158	0.00307	0.00406	0.01653	0.00583	0.00521
4	0.01372	0.12100	0.65212	0.01788	0.02713	0.01656	0.02279	0.02071	0.01384	0.02022	0.01150	0.01351	0.00835	0.00618	0.00602	0.00201	0.00941	0.00471	0.00278	0.00958
5	0.00801	0.00623	0.00728	0.00798	0.00927	0.00550	0.00562	0.00953	0.01412	0.01794	0.09932	0.39654	0.35254	0.01833	0.00808	0.00243	0.00355	0.01605	0.00619	0.00550
6	0.01121	0.00602	0.00907	0.04669	0.01054	0.00614	0.00639	0.00905	0.00914	0.01215	0.01349	0.08091	0.01393	0.02185	0.02333	0.70116	0.00572	0.00679	0.00313	0.00329
7	0.01488	0.02254	0.24698	0.02570	0.06810	0.01619	0.46484	0.02097	0.01502	0.02104	0.01282	0.01653	0.00952	0.00578	0.00725	0.00217	0.01052	0.00680	0.00316	0.00921
8	0.01388	0.01248	0.01975	0.66789	0.04247	0.01529	0.01762	0.09612	0.01521	0.01966	0.01217	0.01735	0.00905	0.00673	0.00658	0.00217	0.00860	0.00586	0.00335	0.00776
9	0.02073	0.02333	0.01937	0.05630	0.13065	0.39878	0.01373	0.10104	0.01827	0.02000	0.01509	0.01713	0.05954	0.00784	0.00755	0.00193	0.07101	0.00557	0.00387	0.00828

[dist]
# distance from previous block
# <min> <max>
0	1

[block]
# block no. 2 follows, 33 sequences, length 317
# corresponding to MSA columns:
# 119-435
name=unknown_C
#
# <colnr> <probs for GDERKNQSTAVLIFYWHMCP>
#	G	D	E	R	K	N	Q	S	T	A	V	L	I	F	Y	W	H	M	C	P
0	0.01623	0.01582	0.02773	0.03936	0.67016	0.01573	0.07681	0.02028	0.01504	0.02147	0.01246	0.01641	0.01039	0.00584	0.00662	0.00198	0.00809	0.00602	0.00326	0.01030
1	0.01579	0.41547	0.35298	0.01484	0.02228	0.04111	0.01725	0.02041	0.01376	0.01795	0.01039	0.01212	0.00840	0.00595	0.00520	0.00172	0.00840	0.00415	0.00282	0.00901
2	0.01654	0.10363	0.01576	0.01006	0.01514	0.01067	0.00832	0.01928	0.01523	0.15844	0.09736	0.02042	0.03679	0.00691	0.00555	0.00139	0.00503	0.00558	0.00503	0.44286
3	0.06499	0.05274	0.48717	0.01609	0.02389	0.03918	0.01906	0.02203	0.01492	0.12734	0.06006	0.01709	0.01297	0.00699	0.00619	0.00204	0.00838	0.00544	0.00397	0.00944
4	0.01418	0.01403	0.01956	0.01682	0.01682	0.01953	0.01392	0.01555	0.01006	0.01570	0.00920	0.01573	0.00935	0.04662	0.02216	0.00304	0.72182	0.00594	0.00293	0.00705
5	0.02461	0.03091	0.01870	0.01690	0.02035	0.71638	0.01271	0.05059	0.01910	0.01702	0.01038	0.01201	0.00858	0.00682	0.00596	0.00171	0.01171	0.00430	0.00351	0.00776
6	0.01765	0.06471	0.05794	0.03122	0.47254	0.05798	0.04211	0.02184	0.03916	0.08583	0.01453	0.03964	0.01197	0.00668	0.00644	0.00196	0.00780	0.00616	0.00387	0.00996
7	0.05108	0.01560	0.02645	0.03853	0.66922	0.01564	0.04646	0.02020	0.01485	0.02184	0.01228	0.01611	0.01027	0.00586	0.00646	0.00197	0.00783	0.00584	0.00330	0.01022
8	0.00802	0.00573	0.00764	0.00917	0.00955	0.00535	0.00611	0.00917	0.01260	0.01681	0.03628	0.76434	0.04354	0.02062	0.00840	0.00267	0.00382	0.01872	0.00611	0.00535
9	0.00957	0.00638	0.00718	0.00718	0.00718	0.00638	0.00399	0.00957	0.00957	0.01276	0.02074	0.04308	0.02393	0.76864	0.03351	0.00638	0.00638	0.00957	0.00399	0.00399
10	0.01545	0.19836	0.28283	0.01722	0.10026	0.01684	0.01630	0.06303	0.06005	0.04370	0.08687	0.01956	0.03746	0.00745	0.00607	0.00192	0.00745	0.00594	0.00405	0.00920
11	0.01834	0.69473	0.03283	0.01186	0.01726	0.10128	0.01142	0.02040	0.01393	0.01555	0.00926	0.01070	0.00845	0.00575	0.00440	0.00144	0.00755	0.00360	0.00288	0.00836
12	0.01071	0.00688	0.00889	0.00867	0.01032	0.00625	0.00639	0.01312	0.01674	0.08865	0.41717	0.23369	0.11709	0.01514	0.00783	0.00224	0.00355	0.01337	0.00693	0.00639
13	0.00808	0.00665	0.00710	0.00706	0.00909	0.00567	0.00527	0.00999	0.01560	0.01936	0.18811	0.08470	0.57813	0.01621	0.00780	0.00221	0.00331	0.01369	0.00632	0.00567
14	0.06814	0.10210	0.28201	0.01996	0.12331	0.01627	0.08791	0.07500	0.03711	0.08454	0.03369	0.01628	0.01152	0.00663	0.00621	0.00200	0.00814	0.00559	0.00400	0.00960
15	0.01221	0.01063	0.09462	0.05632	0.01529	0.00827	0.00968	0.04415	0.01451	0.10306	0.05062	0.48932	0.03325	0.01585	0.00773	0.00245	0.00515	0.01412	0.00582	0.00695
16	0.00855	0.00653	0.00795	0.00865	0.01006	0.00592	0.00650	0.01046	0.01469	0.01887	0.13263	0.29451	0.29722	0.01784	0.00821	0.00249	0.00395	0.13305	0.00624	0.00566
17	0.01865	0.01889	0.05185	0.07432	0.39037	0.14970	0.05681	0.04608	0.03982	0.07044	0.01351	0.01623	0.01062	0.00641	0.00649	0.00196	0.00863	0.00574	0.00382	0.00968
18	0.05852	0.14818	0.26627	0.01842	0.11675	0.04127	0.01671	0.13968	0.04223	0.04773	0.01466	0.01596	0.03200	0.00688	0.00596	0.00193	0.00793	0.00530	0.00402	0.00961
19	0.02715	0.01222	0.01513	0.01187	0.01661	0.03570	0.00970	0.08576	0.04361	0.57317	0.04494	0.02247	0.01711	0.00824	0.00654	0.00200	0.00575	0.00664	0.04472	0.01067
20	0.81514	0.01273	0.00968	0.00866	0.01273	0.01477	0.00713	0.01935	0.01120	0.02954	0.00917	0.01069	0.00713	0.00611	0.00407	0.00204	0.00509	0.00356	0.00407	0.00713
21	0.01756	0.01681	0.02471	0.05040	0.50992	0.06532	0.04128	0.08612	0.07972	0.02343	0.01387	0.01677	0.01118	0.00640	0.00654	0.00198	0.00794	0.00597	0.00388	0.01018
22	0.01746	0.01535	0.01590	0.03257	0.08316	0.10164	0.01122	0.06972	0.37288	0.06479	0.08511	0.02564	0.05758	0.00903	0.00673	0.00210	0.00620	0.00747	0.00599	0.00948
23	0.00917	0.00672	0.00859	0.00812	0.00974	0.00615	0.00609	0.01213	0.01828	0.02556	0.65984	0.05056	0.12690	0.01377	0.00777	0.00209	0.00313	0.01210	0.00714	0.00615
24	0.81514	0.01273	0.00968	0.00866	0.01273	0.01477	0.00713	0.01935	0.01120	0.02954	0.00917	0.01069	0.00713	0.00611	0.00407	0.00204	0.00509	0.00356	0.00407	0.00713
25	0.01170	0.00872	0.01005	0.00981	0.01211	0.00873	0.00754	0.01785	0.18811	0.06246	0.13656	0.16363	0.23754	0.01463	0.00768	0.00235	0.00426	0.08255	0.00652	0.00719
26	0.01484	0.01069	0.01280	0.00975	0.01468	0.00837	0.00768	0.01752	0.01416	0.10611	0.01670	0.10179	0.01476	0.00721	0.00548	0.00132	0.00476	0.00604	0.04181	0.58352
27	0.01285	0.01934	0.27475	0.01591	0.04823	0.01263	0.06773	0.02055	0.14997	0.02253	0.12585	0.09844	0.04697	0.00951	0.00690	0.00213	0.00686	0.00833	0.00476	0.04576
28	0.01769	0.01829	0.02536	0.03646	0.60860	0.13787	0.01894	0.02123	0.01561	0.02060	0.01201	0.01555	0.01010	0.00602	0.00642	0.00191	0.00850	0.00559	0.00328	0.00996
29	0.01873	0.65245	0.03193	0.01219	0.01746	0.14214	0.01150	0.02078	0.01423	0.01559	0.00932	0.01077	0.00845	0.00582	0.00450	0.00145	0.00782	0.00364	0.00291	0.00832
30	0.02044	0.01718	0.06125	0.01590	0.04182	0.01725	0.06686	0.45233	0.05577	0.03441	0.08605	0.02170	0.03718	0.03200	0.00765	0.00217	0.00708	0.00700	0.00598	0.01000
31	0.00942	0.00700	0.01030	0.01030	0.01138	0.00808	0.00788	0.01157	0.01050	0.01507	0.01789	0.02729	0.01708	0.10895	0.68382	0.01023	0.01670	0.00726	0.00357	0.00572
32	0.01526	0.01969	0.12136	0.02668	0.03370	0.01649	0.62309	0.02106	0.01534	0.02106	0.01314	0.01730	0.00979	0.00563	0.00759	0.00220	0.01094	0.00742	0.00326	0.00898
33	0.81514	0.01273	0.00968	0.00866	0.01273	0.01477	0.00713	0.01935	0.01120	0.02954	0.00917	0.01069	0.00713	0.00611	0.00407	0.00204	0.00509	0.00356	0.00407	0.00713
34	0.01629	0.01564	0.02672	0.04041	0.72757	0.01564	0.02020	0.02020	0.01499	0.02151	0.01238	0.01629	0.01043	0.00587	0.00652	0.00196	0.00782	0.00587	0.00326	0.01043
35	0.00947	0.00634	0.00721	0.00732	0.00734	0.00631	0.00414	0.00955	0.00978	0.01304	0.02181	0.09273	0.02528	0.71715	0.03178	0.00613	0.00621	0.01020	0.00414	0.00408
36	0.00947	0.00721	0.00902	0.00993	0.01173	0.00676	0.00835	0.01195	0.01509	0.01893	0.04767	0.06987	0.31435	0.01758	0.00856	0.00271	0.00496	0.41390	0.00608	0.00586
37	0.01832	0.01559	0.01488	0.01406	0.04161	0.16136	0.01038	0.02640	0.27301	0.13000	0.05596	0.14033	0.02209	0.01043	0.00737	0.00217	0.03271	0.00856	0.00592	0.00885
38	0.01360	0.03131	0.61749	0.02027	0.02949	0.01552	0.13861	0.02089	0.01417	0.02089	0.01207	0.01455	0.00862	0.00614	0.00651	0.00211	0.00996	0.00535	0.00287	0.00959
39	0.01144	0.00572	0.00858	0.00858	0.00858	0.00572	0.00572	0.00858	0.00858	0.01144	0.01144	0.02001	0.01144	0.02287	0.02573	0.80846	0.00572	0.00572	0.00286	0.00286
40	0.02063	0.02516	0.09258	0.02084	0.15478	0.38594	0.01485	0.02621	0.13402	0.04175	0.01403	0.01537	0.01102	0.00696	0.00623	0.00189	0.00958	0.00522	0.00400	0.00895
41	0.06269	0.01176	0.01341	0.00968	0.01543	0.00914	0.00776	0.01675	0.01350	0.02195	0.01155	0.01347	0.00959	0.00495	0.00483	0.00104	0.00489	0.00388	0.00391	0.75983
42	0.00935	0.00728	0.00923	0.00944	0.01051	0.00741	0.00692	0.01096	0.01388	0.03260	0.13534	0.37716	0.21861	0.01725	0.00973	0.00249	0.09538	0.01470	0.00592	0.00586
43	0.01144	0.00572	0.00858	0.00858	0.00858	0.00572	0.00572	0.00858	0.00858	0.01144	0.01144	0.02001	0.01144	0.02287	0.02573	0.80846	0.00572	0.00572	0.00286	0.00286
44	0.01491	0.26689	0.49356	0.01635	0.02461	0.03920	0.01988	0.02064	0.01387	0.01902	0.01093	0.01279	0.00838	0.00607	0.00561	0.00186	0.00894	0.00442	0.00281	0.00927
45	0.04143	0.04677	0.38007	0.01629	0.04481	0.01412	0.01753	0.04836	0.05889	0.24205	0.01711	0.01713	0.01165	0.00702	0.00629	0.00205	0.00782	0.00556	0.00486	0.01019
46	0.02925	0.01127	0.01527	0.01175	0.01681	0.00982	0.00969	0.03215	0.03418	0.71662	0.02599	0.02245	0.01638	0.00817	0.00662	0.00204	0.00559	0.00664	0.00812	0.01119
47	0.01008	0.00787	0.01104	0.01275	0.10784	0.00741	0.00815	0.01301	0.01723	0.02405	0.49800	0.11252	0.09890	0.01344	0.00769	0.00215	0.00391	0.03080	0.00648	0.00666
48	0.05420	0.01698	0.06838	0.03451	0.56487	0.01617	0.01891	0.10433	0.01671	0.02429	0.01262	0.01583	0.01024	0.00615	0.00640	0.00197	0.00774	0.00571	0.00368	0.01033
49	0.01632	0.04664	0.33884	0.02294	0.21666	0.01531	0.01923	0.02388	0.11884	0.09441	0.01555	0.01690	0.01147	0.00672	0.00637	0.00205	0.00803	0.00566	0.00404	0.01013
50	0.09236	0.03864	0.01812	0.04126	0.01887	0.31809	0.01247	0.04234	0.01500	0.05119	0.01099	0.01411	0.00932	0.01066	0.05284	0.00263	0.23489	0.00500	0.00360	0.00764
51	0.11274	0.12739	0.37790	0.01574	0.02306	0.04939	0.01762	0.15929	0.01716	0.02514	0.01188	0.01336	0.00879	0.00651	0.00577	0.00195	0.00840	0.00472	0.00374	0.00945
52	0.00886	0.00615	0.00746	0.00816	0.00847	0.00594	0.00514	0.00952	0.01129	0.01494	0.02995	0.35355	0.06524	0.39105	0.02084	0.00450	0.00513	0.03406	0.00506	0.00471
53	0.01879	0.02546	0.18436	0.04411	0.16319	0.28091	0.03601	0.04782	0.09741	0.02062	0.01323	0.01515	0.01032	0.00673	0.00631	0.00194	0.00954	0.00528	0.00370	0.00914
54	0.06072	0.00929	0.03398	0.00926	0.01179	0.00849	0.00730	0.01648	0.10386	0.06500	0.33078	0.06688	0.13549	0.07486	0.00935	0.00245	0.00425	0.01036	0.00631	0.03310
55	0.00893	0.00665	0.00808	0.00781	0.00932	0.00604	0.00568	0.01130	0.01662	0.02258	0.46961	0.07530	0.21725	0.09349	0.01048	0.00258	0.00353	0.01236	0.00660	0.00579
56	0.01732	0.72579	0.07887	0.01174	0.01763	0.02537	0.01209	0.01978	0.01341	0.01583	0.00932	0.01077	0.00844	0.00567	0.00435	0.00145	0.00721	0.00361	0.00281	0.00853
57	0.00980	0.00677	0.00785	0.00750	0.00941	0.00607	0.00565	0.01235	0.01662	0.04595	0.35844	0.05027	0.30340	0.01370	0.00730	0.00205	0.00327	0.01169	0.11579	0.00612
58	0.02551	0.01656	0.01846	0.01427	0.01941	0.01777	0.01175	0.51422	0.06959	0.19538	0.01875	0.01781	0.01288	0.00802	0.00660	0.00200	0.00675	0.00617	0.00694	0.01115
59	0.01394	0.00880	0.01050	0.01007	0.01216	0.03908	0.00739	0.03576	0.01559	0.15717	0.13531	0.41172	0.03654	0.01518	0.00758	0.00229	0.00457	0.01343	0.00643	0.05649
60	0.74277	0.05995	0.01151	0.00901	0.01321	0.01563	0.00754	0.03934	0.01191	0.02901	0.00936	0.01083	0.00733	0.00613	0.00416	0.00200	0.00528	0.00363	0.00407	0.00733
61	0.00801	0.00576	0.00761	0.00909	0.00953	0.00535	0.00607	0.00918	0.01268	0.01684	0.03727	0.74154	0.06570	0.02050	0.00838	0.00266	0.00380	0.01856	0.00611	0.00535
62	0.02503	0.01844	0.01976	0.01515	0.02042	0.02042	0.01251	0.70562	0.03095	0.04149	0.01581	0.01581	0.01120	0.00790	0.00659	0.00198	0.00724	0.00593	0.00659	0.01120
63	0.01767	0.01651	0.02257	0.15710	0.35669	0.07445	0.01706	0.13475	0.07181	0.02386	0.01366	0.01666	0.01080	0.00681	0.00697	0.00203	0.03103	0.00586	0.00402	0.00968
64	0.01026	0.00811	0.00944	0.00912	0.01110	0.00805	0.00681	0.01599	0.16158	0.02340	0.33872	0.15012	0.19356	0.01424	0.00764	0.00222	0.00369	0.01239	0.00673	0.00682
65	0.01132	0.00572	0.00855	0.00860	0.00861	0.00571	0.00573	0.00860	0.00871	0.01161	0.01224	0.04422	0.01248	0.02280	0.02517	0.78226	0.00566	0.00614	0.00296	0.00294
66	0.01621	0.02841	0.54367	0.01982	0.09810	0.01440	0.02149	0.02263	0.01482	0.13804	0.01420	0.01555	0.00986	0.00653	0.00634	0.00206	0.00885	0.00526	0.00371	0.01004
67	0.04062	0.03531	0.01400	0.01370	0.09977	0.01015	0.03150	0.04689	0.06641	0.06742	0.40430	0.03766	0.08364	0.01109	0.00718	0.00205	0.00463	0.00971	0.00629	0.00768
68	0.01629	0.01564	0.02672	0.04041	0.72757	0.01564	0.02020	0.02020	0.01499	0.02151	0.01238	0.01629	0.01043	0.00587	0.00652	0.00196	0.00782	0.00587	0.00326	0.01043
69	0.01760	0.77260	0.03450	0.01126	0.01690	0.02605	0.01126	0.01971	0.01338	0.01549	0.00915	0.01056	0.00845	0.00563	0.00422	0.00141	0.00704	0.00352	0.00282	0.00845
70	0.01696	0.17232	0.30819	0.01636	0.06544	0.04116	0.01654	0.04488	0.04291	0.10948	0.03122	0.01838	0.02684	0.00719	0.00603	0.00192	0.00782	0.02483	0.00409	0.03742
71	0.01693	0.03431	0.04114	0.04820	0.24167	0.18478	0.12203	0.02188	0.08692	0.02006	0.01985	0.02180	0.09595	0.00766	0.00669	0.00200	0.00854	0.00683	0.00396	0.00879
72	0.01320	0.03405	0.73453	0.01876	0.02849	0.01529	0.02432	0.02085	0.01390	0.02085	0.01181	0.01390	0.00834	0.00625	0.00625	0.00208	0.00973	0.00486	0.00278	0.00973
73	0.01435	0.01622	0.06471	0.05006	0.12229	0.01472	0.41602	0.01980	0.04768	0.02084	0.02089	0.02508	0.09843	0.00758	0.00748	0.00220	0.00913	0.03001	0.00386	0.00865
74	0.07864	0.01185	0.01555	0.01265	0.03987	0.01080	0.01002	0.06899	0.01892	0.62542	0.02389	0.02109	0.01524	0.00793	0.00645	0.00203	0.00573	0.00636	0.00764	0.01092
75	0.00914	0.00648	0.00860	0.00918	0.00977	0.00671	0.00642	0.01042	0.01125	0.01530	0.02572	0.25953	0.02886	0.26967	0.23058	0.00620	0.00886	0.06751	0.00467	0.00512
76	0.00804	0.00605	0.00747	0.00857	0.00950	0.00548	0.00595	0.00939	0.01336	0.01718	0.04473	0.54563	0.23362	0.01944	0.00825	0.00256	0.00376	0.03949	0.00611	0.00543
77	0.02285	0.01613	0.02111	0.05282	0.10792	0.04118	0.07624	0.31146	0.02243	0.19289	0.01691	0.01767	0.01198	0.00837	0.02229	0.00222	0.03320	0.00620	0.00577	0.01035
78	0.01058	0.00704	0.00919	0.00857	0.01037	0.00645	0.00653	0.01360	0.01840	0.07033	0.63352	0.04884	0.08213	0.01340	0.00774	0.00211	0.00337	0.03412	0.00722	0.00650
79	0.02727	0.01484	0.01753	0.01344	0.01862	0.01507	0.01110	0.37063	0.02493	0.38498	0.02086	0.01909	0.01373	0.00802	0.00660	0.00201	0.00643	0.00627	0.00736	0.01120
80	0.04792	0.01804	0.01932	0.01485	0.02008	0.01990	0.01227	0.66396	0.02999	0.06361	0.01595	0.01587	0.01124	0.00786	0.00651	0.00198	0.00713	0.00588	0.00656	0.01108
81	0.01629	0.01460	0.02429	0.20787	0.50738	0.01529	0.01899	0.04394	0.01529	0.05403	0.01297	0.01686	0.01033	0.00621	0.00654	0.00202	0.00793	0.00590	0.00352	0.00975
82	0.56561	0.01207	0.01061	0.00915	0.01314	0.01336	0.00749	0.06007	0.01371	0.12703	0.01334	0.01425	0.00979	0.00668	0.00463	0.00197	0.00505	0.00443	0.09980	0.00781
83	0.02476	0.01831	0.01961	0.01509	0.02031	0.02029	0.01245	0.68501	0.05200	0.04106	0.01614	0.01607	0.01147	0.00793	0.00659	0.00198	0.00718	0.00597	0.00659	0.01117
84	0.01760	0.77260	0.03450	0.01126	0.01690	0.02605	0.01126	0.01971	0.01338	0.01549	0.00915	0.01056	0.00845	0.00563	0.00422	0.00141	0.00704	0.00352	0.00282	0.00845
85	0.01640	0.01601	0.02651	0.06100	0.52985	0.04094	0.10220	0.05169	0.01576	0.02182	0.01360	0.04894	0.01173	0.00662	0.00674	0.00202	0.00820	0.00660	0.00354	0.00984
86	0.00957	0.00638	0.00718	0.00718	0.00718	0.00638	0.00399	0.00957	0.00957	0.01276	0.02074	0.04308	0.02393	0.76864	0.03351	0.00638	0.00638	0.00957	0.00399	0.00399
87	0.01061	0.00758	0.01061	0.01212	0.01364	0.00758	0.01061	0.01364	0.01515	0.01970	0.03486	0.07426	0.03789	0.01819	0.00909	0.00303	0.00606	0.68326	0.00606	0.00606
88	0.02104	0.40901	0.02677	0.01400	0.01859	0.35513	0.01197	0.04348	0.01634	0.01656	0.00982	0.01132	0.00855	0.00623	0.00508	0.00156	0.00927	0.00392	0.00319	0.00816
89	0.00884	0.00627	0.00803	0.00903	0.00955	0.00606	0.00602	0.02937	0.01277	0.01711	0.05399	0.58271	0.03924	0.14191	0.03353	0.00346	0.00471	0.01632	0.00574	0.00534
90	0.00853	0.00609	0.00822	0.00974	0.01035	0.00578	0.00699	0.01004	0.01310	0.01737	0.03601	0.62962	0.04244	0.02015	0.00854	0.00274	0.00426	0.14845	0.00610	0.00549
91	0.02481	0.01726	0.01884	0.01461	0.01973	0.01886	0.01202	0.57310	0.08710	0.11843	0.01788	0.01729	0.01252	0.00802	0.00660	0.00200	0.00689	0.00613	0.00677	0.01113
92	0.01895	0.59883	0.04907	0.01265	0.01791	0.17545	0.01190	0.02112	0.01449	0.01576	0.00943	0.01092	0.00845	0.00589	0.00463	0.00149	0.00812	0.00370	0.00294	0.00831
93	0.01320	0.03405	0.73453	0.01876	0.02849	0.01529	0.02432	0.02085	0.01390	0.02085	0.01181	0.01390	0.00834	0.00625	0.00625	0.00208	0.00973	0.00486	0.00278	0.00973
94	0.00986	0.00716	0.00967	0.01096	0.01237	0.00697	0.00916	0.01245	0.01485	0.01927	0.06192	0.18300	0.10992	0.01826	0.00880	0.00286	0.00532	0.48519	0.00612	0.00590
95	0.00932	0.00673	0.00880	0.00828	0.00984	0.00621	0.00621	0.01242	0.01863	0.02640	0.72410	0.04918	0.06212	0.01346	0.00776	0.00207	0.00311	0.01191	0.00725	0.00621
96	0.01614	0.01553	0.01941	0.47035	0.06022	0.11257	0.01618	0.10705	0.07890	0.02097	0.01339	0.01715	0.01011	0.00696	0.00650	0.00210	0.00864	0.00579	0.00380	0.00823
97	0.02917	0.01129	0.01527	0.01176	0.01681	0.00986	0.00970	0.03216	0.03851	0.71225	0.02600	0.02247	0.01640	0.00817	0.00662	0.00204	0.00559	0.00664	0.00811	0.01118
98	0.00991	0.00686	0.00899	0.00838	0.01004	0.00631	0.00631	0.01300	0.01864	0.04694	0.70378	0.04840	0.06078	0.01330	0.00773	0.00207	0.00318	0.01175	0.00727	0.00636
99	0.01760	0.77260	0.03450	0.01126	0.01690	0.02605	0.01126	0.01971	0.01338	0.01549	0.00915	0.01056	0.00845	0.00563	0.00422	0.00141	0.00704	0.00352	0.00282	0.00845
100	0.01336	0.06048	0.70948	0.01850	0.02808	0.01567	0.02386	0.02081	0.01388	0.02066	0.01172	0.01378	0.00834	0.00623	0.00618	0.00206	0.00963	0.00482	0.00278	0.00968
101	0.01332	0.05323	0.71635	0.01857	0.02819	0.01557	0.02398	0.02082	0.01389	0.02071	0.01175	0.01381	0.00834	0.00624	0.00620	0.00207	0.00966	0.00483	0.00278	0.00970
102	0.00801	0.00579	0.00758	0.00901	0.00951	0.00536	0.00604	0.00918	0.01275	0.01687	0.03814	0.72145	0.08523	0.02038	0.00836	0.00265	0.00379	0.01842	0.00611	0.00536
103	0.01629	0.01590	0.02585	0.07787	0.64298	0.03946	0.01966	0.02007	0.01484	0.02088	0.01215	0.01615	0.01021	0.00613	0.00701	0.00199	0.03345	0.00581	0.00323	0.01006
104	0.00791	0.00670	0.00685	0.00688	0.00906	0.00564	0.00520	0.00967	0.01513	0.01813	0.08767	0.06319	0.68345	0.01661	0.00782	0.00224	0.00340	0.03272	0.00615	0.00559
105	0.01725	0.01462	0.01568	0.01426	0.03560	0.01677	0.01088	0.10258	0.62838	0.02880	0.02531	0.02346	0.01895	0.00875	0.00668	0.00220	0.00548	0.00725	0.00660	0.01050
106	0.02416	0.07673	0.01963	0.01661	0.02014	0.69839	0.01263	0.02589	0.01833	0.01607	0.01011	0.01179	0.00848	0.00671	0.00583	0.00168	0.01158	0.00420	0.00336	0.00768
107	0.02895	0.01214	0.01586	0.01216	0.01727	0.01106	0.01004	0.11895	0.02040	0.64306	0.02466	0.02156	0.01564	0.00812	0.00662	0.00203	0.00581	0.00653	0.00795	0.01120
108	0.01617	0.01598	0.02866	0.03838	0.61652	0.01580	0.12970	0.02035	0.01508	0.02144	0.01253	0.01653	0.01036	0.00582	0.00672	0.00200	0.00835	0.00617	0.00327	0.01018
109	0.00811	0.00579	0.00774	0.00927	0.00969	0.00542	0.00626	0.00932	0.01269	0.01690	0.03624	0.74124	0.04335	0.02054	0.00843	0.00269	0.00389	0.04096	0.00611	0.00537
110	0.02518	0.01819	0.01960	0.01503	0.02029	0.02004	0.01241	0.68204	0.03053	0.06567	0.01616	0.01604	0.01137	0.00791	0.00659	0.00198	0.00719	0.00595	0.00664	0.01120
111	0.01745	0.74750	0.05829	0.01152	0.01729	0.02568	0.01171	0.01975	0.01339	0.01567	0.00924	0.01067	0.00844	0.00565	0.00429	0.00143	0.00713	0.00357	0.00281	0.00849
112	0.01705	0.01708	0.02598	0.03826	0.66291	0.08208	0.01952	0.02076	0.01533	0.02101	0.01218	0.01589	0.01025	0.00595	0.00646	0.00193	0.00819	0.00572	0.00327	0.01017
113	0.00805	0.00668	0.00704	0.00695	0.00906	0.00567	0.00521	0.00997	0.01564	0.01930	0.18228	0.06086	0.60836	0.01611	0.00778	0.00220	0.00329	0.01354	0.00631	0.00567
114	0.01320	0.03405	0.73453	0.01876	0.02849	0.01529	0.02432	0.02085	0.01390	0.02085	0.01181	0.01390	0.00834	0.00625	0.00625	0.00208	0.00973	0.00486	0.00278	0.00973
115	0.02304	0.08931	0.05264	0.01586	0.01980	0.50890	0.01276	0.02625	0.06432	0.08275	0.01268	0.01376	0.00997	0.00709	0.00646	0.00180	0.03566	0.00469	0.00396	0.00830
116	0.01610	0.01677	0.07003	0.03908	0.68480	0.01562	0.02046	0.02024	0.01492	0.02147	0.01235	0.01615	0.01030	0.00589	0.00650	0.00196	0.00794	0.00580	0.00323	0.01039
117	0.00778	0.00667	0.00667	0.00667	0.00889	0.00556	0.00500	0.00945	0.01501	0.01778	0.06669	0.06336	0.72490	0.01667	0.00778	0.00222	0.00333	0.01389	0.00611	0.00556
118	0.01724	0.71143	0.09248	0.01189	0.01786	0.02516	0.01235	0.01981	0.01342	0.01593	0.00937	0.01084	0.00844	0.00568	0.00439	0.00146	0.00726	0.00363	0.00281	0.00855
119	0.01737	0.70118	0.05781	0.01330	0.06077	0.02505	0.01226	0.01978	0.01349	0.01604	0.00944	0.01102	0.00857	0.00567	0.00443	0.00146	0.00718	0.00371	0.00284	0.00861
120	0.06701	0.11882	0.01666	0.01156	0.01549	0.01446	0.00960	0.18520	0.08653	0.09264	0.16393	0.05347	0.02515	0.00966	0.00647	0.00198	0.00554	0.05078	0.00597	0.05909
121	0.01642	0.01580	0.02563	0.10681	0.62201	0.03660	0.01959	0.03970	0.01538	0.02148	0.01235	0.01627	0.01024	0.00602	0.00651	0.00197	0.00801	0.00582	0.00333	0.01007
122	0.00944	0.00635	0.00734	0.00746	0.00753	0.00637	0.00431	0.00962	0.00985	0.01317	0.02187	0.09963	0.02523	0.68418	0.05634	0.00624	0.00657	0.01021	0.00414	0.00416
123	0.00871	0.00643	0.00824	0.00952	0.01018	0.00626	0.00647	0.01130	0.07084	0.01769	0.03550	0.70307	0.04160	0.01966	0.00826	0.00264	0.00393	0.01778	0.00616	0.00577
124	0.01700	0.01644	0.02610	0.03839	0.66900	0.04749	0.01958	0.04737	0.01578	0.02206	0.01242	0.01608	0.01037	0.00599	0.00649	0.00194	0.00797	0.00580	0.00340	0.01034
125	0.01621	0.01587	0.02801	0.03906	0.65363	0.01575	0.09311	0.02030	0.01505	0.02146	0.01248	0.01645	0.01038	0.00583	0.00665	0.00198	0.00817	0.00607	0.00327	0.01026
126	0.00818	0.00624	0.00748	0.00837	0.00951	0.00563	0.00594	0.00962	0.01357	0.01723	0.04696	0.42261	0.29764	0.04832	0.00921	0.00268	0.00390	0.06547	0.00603	0.00543
127	0.08645	0.01632	0.01773	0.01388	0.01887	0.01772	0.01140	0.47081	0.09277	0.15951	0.01811	0.01739	0.01262	0.00790	0.00641	0.00202	0.00660	0.00601	0.00667	0.01081
128	0.14580	0.01484	0.01492	0.01163	0.01665	0.06420	0.00938	0.19476	0.03579	0.07398	0.03509	0.01552	0.01188	0.00655	0.00550	0.00158	0.00601	0.00489	0.00502	0.32602
129	0.01559	0.34951	0.31585	0.01640	0.05516	0.02008	0.04113	0.02151	0.07191	0.01913	0.01199	0.01359	0.00951	0.00617	0.00548	0.00180	0.00815	0.00465	0.00316	0.00924
130	0.00845	0.00608	0.00806	0.00925	0.00997	0.00570	0.00653	0.01008	0.01379	0.01847	0.13367	0.57161	0.06890	0.01924	0.00836	0.00261	0.00393	0.08349	0.00627	0.00555
131	0.09560	0.01590	0.01689	0.01417	0.04000	0.06491	0.01109	0.30542	0.08942	0.22385	0.01923	0.04317	0.01396	0.00820	0.00640	0.00203	0.00662	0.00637	0.00646	0.01029
132	0.08444	0.01407	0.03624	0.01412	0.07617	0.01275	0.01073	0.17038	0.01862	0.20454	0.01602	0.01630	0.01151	0.00657	0.00579	0.00166	0.00597	0.00518	0.00548	0.28344
133	0.00834	0.00595	0.00791	0.00925	0.00978	0.00559	0.00637	0.00972	0.01310	0.01754	0.08262	0.64527	0.04382	0.04259	0.00917	0.00277	0.00401	0.06466	0.00612	0.00542
134	0.01254	0.00663	0.00690	0.00679	0.00844	0.00673	0.00520	0.03827	0.01432	0.02463	0.02161	0.02600	0.01739	0.00945	0.02990	0.00191	0.00381	0.02932	0.72386	0.00629
135	0.05080	0.01175	0.01347	0.00970	0.01547	0.00905	0.00777	0.01671	0.01354	0.02183	0.01158	0.01351	0.00963	0.00493	0.00484	0.00102	0.00489	0.00388	0.00391	0.77172
136	0.01637	0.06536	0.04581	0.01856	0.14883	0.04790	0.07388	0.08443	0.08251	0.02322	0.01355	0.01546	0.01082	0.00597	0.00582	0.00158	0.00686	0.00515	0.00411	0.32381
