[name]
unknown

[dist]
# distance from previous block
# <min> <max>
0	39

[block]
# block no. 0 follows, 32 sequences, length 9
# corresponding to MSA columns:
# 39-47
name=unknown_A
#
# <colnr> <probs for GDERKNQSTAVLIFYWHMCP>
#	G	D	E	R	K	N	Q	S	T	A	V	L	I	F	Y	W	H	M	C	P
0	0.01081	0.00772	0.01081	0.01236	0.01390	0.00772	0.01081	0.01390	0.01545	0.02008	0.03553	0.07569	0.03862	0.01854	0.00927	0.00309	0.00618	0.67717	0.00618	0.00618
1	0.01675	0.01184	0.01420	0.01029	0.01612	0.00911	0.00829	0.01966	0.01484	0.14538	0.01447	0.01548	0.01111	0.00555	0.00528	0.00118	0.00510	0.00446	0.00473	0.66616
2	0.01391	0.01193	0.01391	0.00994	0.01590	0.00894	0.00795	0.01690	0.01391	0.02186	0.01193	0.01391	0.00994	0.00497	0.00497	0.00099	0.00497	0.00398	0.00398	0.80521
3	0.01661	0.01594	0.02724	0.04119	0.72233	0.01594	0.02059	0.02059	0.01528	0.02192	0.01262	0.01661	0.01063	0.00598	0.00664	0.00199	0.00797	0.00598	0.00332	0.01063
4	0.49791	0.01825	0.01371	0.01188	0.01609	0.17765	0.00950	0.14046	0.01664	0.02918	0.01076	0.01208	0.00830	0.00670	0.00503	0.00199	0.00712	0.00421	0.00445	0.00811
5	0.13700	0.00808	0.01093	0.13824	0.01605	0.00890	0.00833	0.01220	0.01067	0.01653	0.05878	0.02046	0.01396	0.01708	0.01812	0.48460	0.00610	0.00593	0.00342	0.00462
6	0.01488	0.01418	0.02411	0.35214	0.42490	0.01549	0.01973	0.01908	0.01446	0.01982	0.01232	0.01717	0.00989	0.00630	0.00667	0.00210	0.00840	0.00597	0.00317	0.00923
7	0.01544	0.01860	0.14912	0.14806	0.49497	0.01572	0.02102	0.02017	0.01479	0.02106	0.01241	0.01638	0.00999	0.00616	0.00661	0.00205	0.00846	0.00580	0.00318	0.01001
8	0.01724	0.65332	0.14392	0.01268	0.01907	0.02483	0.01357	0.02027	0.01372	0.01664	0.00975	0.01130	0.00859	0.00584	0.00463	0.00154	0.00761	0.00380	0.00286	0.00882

[dist]
# distance from previous block
# <min> <max>
0	1

[block]
# block no. 1 follows, 32 sequences, length 38
# corresponding to MSA columns:
# 49-86
name=unknown_B
#
# <colnr> <probs for GDERKNQSTAVLIFYWHMCP>
#	G	D	E	R	K	N	Q	S	T	A	V	L	I	F	Y	W	H	M	C	P
0	0.02861	0.01382	0.01706	0.01308	0.01832	0.01342	0.01080	0.24964	0.02322	0.50437	0.02310	0.02065	0.01492	0.00822	0.00674	0.00206	0.00625	0.00652	0.00779	0.01142
1	0.09476	0.01910	0.09526	0.02451	0.03120	0.01697	0.51507	0.07691	0.01654	0.02402	0.01323	0.01688	0.00985	0.00597	0.00731	0.00221	0.01027	0.00708	0.00369	0.00914
2	0.73915	0.01473	0.01070	0.00960	0.01369	0.08157	0.00779	0.02037	0.01212	0.02884	0.00944	0.01101	0.00739	0.00629	0.00433	0.00204	0.00583	0.00370	0.00409	0.00731
3	0.02206	0.02668	0.01962	0.02092	0.15026	0.53576	0.01377	0.02434	0.01832	0.01841	0.07604	0.01644	0.01405	0.00737	0.00633	0.00181	0.01051	0.00535	0.00379	0.00818
4	0.08466	0.00858	0.01126	0.01089	0.01265	0.00982	0.00850	0.06890	0.01268	0.01921	0.01830	0.07337	0.01731	0.04083	0.56117	0.00872	0.01498	0.00757	0.00408	0.00652
5	0.01636	0.01244	0.01458	0.01057	0.01642	0.01000	0.00852	0.07434	0.01585	0.08848	0.01361	0.01492	0.01067	0.00553	0.00528	0.00118	0.00524	0.00440	0.00460	0.66704
6	0.09303	0.01547	0.01625	0.01390	0.01810	0.07431	0.04054	0.04749	0.42581	0.14640	0.02327	0.02180	0.01698	0.00835	0.00655	0.00217	0.00623	0.00679	0.00640	0.01016
7	0.01865	0.01413	0.01630	0.01404	0.01817	0.01568	0.04062	0.03459	0.57673	0.13202	0.02658	0.02440	0.01945	0.00883	0.00686	0.00225	0.00563	0.00748	0.00690	0.01067
8	0.09595	0.01733	0.01996	0.01547	0.02051	0.01893	0.06797	0.53531	0.02715	0.03777	0.01668	0.06575	0.01314	0.00856	0.00670	0.00209	0.00727	0.00685	0.00617	0.01044
9	0.01165	0.00912	0.01292	0.07195	0.01577	0.01080	0.00986	0.07595	0.01283	0.01809	0.01683	0.02471	0.01544	0.07154	0.53149	0.00856	0.06506	0.00701	0.00381	0.00662
10	0.01278	0.00828	0.00971	0.00910	0.01176	0.00759	0.00719	0.01644	0.07350	0.13351	0.16049	0.05364	0.36275	0.01461	0.00781	0.00231	0.00421	0.09039	0.00679	0.00716
11	0.01661	0.01594	0.02724	0.04119	0.72233	0.01594	0.02059	0.02059	0.01528	0.02192	0.01262	0.01661	0.01063	0.00598	0.00664	0.00199	0.00797	0.00598	0.00332	0.01063
12	0.01387	0.10226	0.66548	0.01842	0.02795	0.01659	0.02357	0.02114	0.01412	0.02075	0.01179	0.01385	0.00851	0.00632	0.00618	0.00206	0.00966	0.00483	0.00284	0.00980
13	0.01659	0.01924	0.03791	0.02738	0.03389	0.07600	0.64182	0.02193	0.01610	0.02108	0.01331	0.01761	0.01005	0.00576	0.00777	0.00222	0.01138	0.00762	0.00340	0.00895
14	0.01362	0.03359	0.68308	0.01974	0.02945	0.01568	0.07001	0.02127	0.01428	0.02127	0.01214	0.01443	0.00861	0.00633	0.00648	0.00213	0.01001	0.00516	0.00287	0.00986
15	0.02261	0.02490	0.02167	0.02413	0.23090	0.39739	0.01521	0.14127	0.02006	0.02254	0.01204	0.01414	0.00972	0.00683	0.00634	0.00186	0.01005	0.00511	0.00398	0.00926
16	0.00877	0.00672	0.00804	0.00794	0.00964	0.00599	0.00587	0.01118	0.01695	0.02258	0.40321	0.13482	0.30253	0.01574	0.00799	0.00224	0.00333	0.01366	0.00683	0.00599
17	0.01894	0.01559	0.01692	0.01521	0.04650	0.01771	0.01156	0.20492	0.50888	0.03146	0.02386	0.02242	0.01777	0.00871	0.00679	0.00220	0.00595	0.00713	0.00666	0.01082
18	0.00829	0.00684	0.00730	0.00725	0.00938	0.00584	0.00549	0.01029	0.01595	0.01973	0.18149	0.06237	0.58363	0.01646	0.00797	0.00226	0.00344	0.03379	0.00643	0.00580
19	0.01571	0.27183	0.22506	0.03660	0.02629	0.02003	0.21174	0.02041	0.01412	0.01898	0.01130	0.01429	0.00905	0.00641	0.00744	0.00201	0.07130	0.00545	0.00302	0.00896
20	0.01794	0.76823	0.03516	0.01148	0.01722	0.02655	0.01148	0.02009	0.01363	0.01579	0.00933	0.01076	0.00861	0.00574	0.00431	0.00144	0.00718	0.00359	0.00287	0.00861
21	0.00818	0.00584	0.00779	0.00934	0.00973	0.00545	0.00623	0.00934	0.01285	0.01713	0.03698	0.75981	0.04438	0.02102	0.00856	0.00273	0.00389	0.01908	0.00623	0.00545
22	0.00818	0.00584	0.00779	0.00934	0.00973	0.00545	0.00623	0.00934	0.01285	0.01713	0.03698	0.75981	0.04438	0.02102	0.00856	0.00273	0.00389	0.01908	0.00623	0.00545
23	0.00976	0.00651	0.00732	0.00732	0.00732	0.00651	0.00407	0.00976	0.00976	0.01301	0.02114	0.04391	0.02439	0.76419	0.03415	0.00651	0.00651	0.00976	0.00407	0.00407
24	0.01358	0.01161	0.01353	0.00983	0.01553	0.00875	0.00782	0.01647	0.01393	0.02162	0.01429	0.03588	0.03207	0.00577	0.00516	0.00108	0.00489	0.00469	0.00410	0.75941
25	0.01456	0.01386	0.02354	0.40834	0.37115	0.01541	0.01958	0.01880	0.01431	0.01944	0.01226	0.01727	0.00975	0.00636	0.00668	0.00212	0.00848	0.00597	0.00314	0.00898
26	0.02551	0.01879	0.02014	0.01544	0.02081	0.02081	0.01275	0.69996	0.03155	0.04229	0.01611	0.01611	0.01141	0.00805	0.00671	0.00201	0.00738	0.00604	0.00671	0.01141
27	0.01414	0.01043	0.01183	0.01067	0.01358	0.01085	0.00824	0.04994	0.27118	0.08294	0.25255	0.06195	0.14985	0.01213	0.00740	0.00221	0.00439	0.01034	0.00700	0.00838
28	0.00903	0.00698	0.00751	0.00728	0.00953	0.00594	0.00549	0.01102	0.01610	0.04584	0.18321	0.06044	0.57594	0.01609	0.00788	0.00223	0.00344	0.01352	0.00651	0.00600
29	0.01235	0.00931	0.01124	0.01087	0.01311	0.00970	0.00850	0.02003	0.22407	0.04518	0.31430	0.10587	0.04323	0.01365	0.00785	0.00238	0.00447	0.12929	0.00693	0.00765
30	0.06222	0.02063	0.02177	0.03432	0.02240	0.22867	0.12138	0.17979	0.02004	0.12734	0.01437	0.01587	0.01064	0.00762	0.00810	0.00208	0.08282	0.00580	0.00487	0.00927
31	0.00824	0.00596	0.00782	0.00927	0.00982	0.00554	0.00630	0.00951	0.01309	0.01729	0.03894	0.69309	0.08782	0.02068	0.00855	0.00271	0.00393	0.03973	0.00623	0.00549
32	0.03010	0.01142	0.01557	0.01194	0.01713	0.00986	0.00986	0.03270	0.01920	0.72698	0.02647	0.02284	0.01661	0.00830	0.00675	0.00208	0.00571	0.00675	0.00830	0.01142
33	0.01585	0.01517	0.02587	0.17704	0.59239	0.01574	0.02022	0.01993	0.01492	0.02100	0.01249	0.01685	0.01030	0.00612	0.00666	0.00204	0.00816	0.00598	0.00326	0.01002
34	0.01496	0.17422	0.52390	0.01808	0.02681	0.01799	0.06382	0.04856	0.01487	0.02107	0.01178	0.01384	0.00874	0.00628	0.00609	0.00200	0.00937	0.00492	0.00303	0.00967
35	0.04675	0.01034	0.01206	0.01020	0.01345	0.01025	0.00809	0.13661	0.04802	0.17806	0.25289	0.03420	0.09345	0.01070	0.00688	0.00204	0.00461	0.00890	0.10406	0.00843
36	0.05912	0.03788	0.04571	0.01364	0.01789	0.08828	0.07071	0.12109	0.01782	0.11467	0.06704	0.07731	0.05619	0.03977	0.00833	0.00216	0.03728	0.00758	0.00525	0.11228
37	0.07008	0.03323	0.04367	0.04935	0.02251	0.06258	0.18914	0.04832	0.07975	0.04533	0.11900	0.02170	0.01864	0.00848	0.00927	0.00221	0.12479	0.00712	0.00456	0.04027

[dist]
# distance from previous block
# <min> <max>
0	31

[block]
# block no. 2 follows, 32 sequences, length 92
# corresponding to MSA columns:
# 118-209
name=unknown_C
#
# <colnr> <probs for GDERKNQSTAVLIFYWHMCP>
#	G	D	E	R	K	N	Q	S	T	A	V	L	I	F	Y	W	H	M	C	P
0	0.13199	0.02074	0.18155	0.01637	0.05399	0.07167	0.05433	0.15361	0.07336	0.05190	0.04152	0.01680	0.01260	0.00709	0.00617	0.00197	0.00766	0.00561	0.00467	0.08641
1	0.21949	0.19801	0.18698	0.01488	0.03980	0.03838	0.04634	0.09651	0.03547	0.04988	0.01216	0.01356	0.00931	0.00649	0.00546	0.00193	0.00758	0.00471	0.00397	0.00909
2	0.01705	0.01639	0.02356	0.12524	0.44548	0.07174	0.01766	0.06703	0.01629	0.02227	0.01251	0.01606	0.01022	0.00617	0.00641	0.00188	0.00801	0.00561	0.00360	0.10683
3	0.01602	0.01501	0.02476	0.21935	0.49761	0.01593	0.01945	0.05196	0.03485	0.02183	0.01302	0.01714	0.01051	0.00635	0.00667	0.00206	0.00812	0.00602	0.00349	0.00986
4	0.00861	0.00638	0.00807	0.00880	0.00991	0.00584	0.00629	0.01049	0.01502	0.01998	0.21743	0.41132	0.17516	0.01826	0.00832	0.00250	0.00374	0.05163	0.00652	0.00575
5	0.00985	0.00746	0.00930	0.00981	0.01135	0.00726	0.00751	0.01370	0.08106	0.02139	0.20953	0.25847	0.14738	0.01693	0.00830	0.00254	0.00428	0.16098	0.00656	0.00635
6	0.00843	0.00657	0.00765	0.00789	0.00950	0.00580	0.00573	0.01041	0.01572	0.02033	0.24214	0.23458	0.36711	0.01709	0.00808	0.00234	0.00346	0.01482	0.00655	0.00580
7	0.04694	0.02350	0.01892	0.01574	0.02021	0.31823	0.01243	0.33493	0.04929	0.07391	0.01459	0.01504	0.01080	0.00758	0.00637	0.00191	0.00911	0.00536	0.00539	0.00976
8	0.01636	0.01569	0.02679	0.08582	0.67964	0.01588	0.02047	0.02037	0.01516	0.02162	0.01258	0.01669	0.01052	0.00602	0.00665	0.00201	0.00803	0.00598	0.00330	0.01043
9	0.01794	0.76823	0.03516	0.01148	0.01722	0.02655	0.01148	0.02009	0.01363	0.01579	0.00933	0.01076	0.00861	0.00574	0.00431	0.00144	0.00718	0.00359	0.00287	0.00861
10	0.02831	0.01156	0.01535	0.01199	0.01696	0.01038	0.00983	0.03240	0.08142	0.64415	0.04622	0.02381	0.01829	0.00853	0.00679	0.00210	0.00560	0.00698	0.00815	0.01120
11	0.09845	0.01436	0.01603	0.01269	0.01734	0.01500	0.01038	0.33416	0.04239	0.22626	0.08547	0.02345	0.05603	0.00898	0.00666	0.00207	0.00606	0.00705	0.00695	0.01022
12	0.00929	0.00707	0.00870	0.00970	0.01076	0.00694	0.00681	0.01278	0.09918	0.01869	0.03916	0.56799	0.11576	0.01902	0.00831	0.00263	0.00409	0.04068	0.00630	0.00614
13	0.03010	0.01142	0.01557	0.01194	0.01713	0.00986	0.00986	0.03270	0.01920	0.72698	0.02647	0.02284	0.01661	0.00830	0.00675	0.00208	0.00571	0.00675	0.00830	0.01142
14	0.00849	0.00606	0.00813	0.00958	0.01014	0.00571	0.00667	0.00993	0.01338	0.01786	0.06878	0.66206	0.04472	0.02044	0.00860	0.00273	0.00407	0.08080	0.00628	0.00556
15	0.01584	0.01810	0.03959	0.02828	0.03507	0.01697	0.69796	0.02149	0.01584	0.02149	0.01357	0.01810	0.01018	0.00566	0.00792	0.00226	0.01131	0.00792	0.00339	0.00905
16	0.01274	0.01202	0.02014	0.72191	0.04519	0.01511	0.01849	0.01711	0.01330	0.01711	0.01181	0.01777	0.00894	0.00689	0.00726	0.00226	0.03554	0.00596	0.00298	0.00745
17	0.10432	0.01821	0.01911	0.01478	0.02002	0.02023	0.01220	0.63175	0.02953	0.04107	0.01543	0.01559	0.01100	0.00787	0.00646	0.00202	0.00716	0.00580	0.00646	0.01100
18	0.02896	0.01326	0.01671	0.01281	0.01805	0.01259	0.01058	0.19891	0.02228	0.55643	0.02389	0.02116	0.01531	0.00824	0.00674	0.00206	0.00613	0.00657	0.00791	0.01142
19	0.01669	0.01441	0.01517	0.01365	0.01745	0.01669	0.01062	0.03565	0.71021	0.02807	0.02731	0.02503	0.02048	0.00910	0.00683	0.00228	0.00531	0.00759	0.00683	0.01062
20	0.00938	0.00685	0.00880	0.00831	0.00995	0.00628	0.00624	0.01243	0.01871	0.02623	0.66858	0.05124	0.11395	0.01397	0.00792	0.00212	0.00318	0.01229	0.00730	0.00628
21	0.00976	0.00651	0.00732	0.00732	0.00732	0.00651	0.00407	0.00976	0.00976	0.01301	0.02114	0.04391	0.02439	0.76419	0.03415	0.00651	0.00651	0.00976	0.00407	0.00407
22	0.00950	0.00686	0.00897	0.00844	0.01002	0.00633	0.00633	0.01266	0.01899	0.02691	0.71879	0.05012	0.06331	0.01372	0.00791	0.00211	0.00317	0.01213	0.00739	0.00633
23	0.02509	0.03114	0.01909	0.01717	0.02075	0.69151	0.01295	0.06978	0.01981	0.01807	0.01074	0.01236	0.00882	0.00699	0.00609	0.00175	0.01180	0.00443	0.00367	0.00801
24	0.01458	0.01455	0.02053	0.05217	0.01897	0.02028	0.01487	0.01620	0.01042	0.01620	0.00896	0.01483	0.00881	0.01151	0.02130	0.00290	0.71676	0.00588	0.00294	0.00735
25	0.00822	0.00588	0.00783	0.00931	0.00974	0.00548	0.00623	0.00946	0.01307	0.01748	0.06134	0.73446	0.04506	0.02076	0.00854	0.00270	0.00387	0.01883	0.00627	0.00548
26	0.00861	0.00604	0.00795	0.00937	0.00986	0.00572	0.00642	0.00991	0.01290	0.01734	0.03546	0.64043	0.04191	0.06605	0.01008	0.00295	0.00421	0.07044	0.02891	0.00545
27	0.01011	0.00737	0.00989	0.01125	0.01257	0.00729	0.00917	0.01317	0.04110	0.01941	0.03718	0.27708	0.07186	0.01884	0.00890	0.00291	0.00533	0.42424	0.00622	0.00611
28	0.01073	0.00732	0.00918	0.00888	0.00933	0.00788	0.00588	0.01146	0.01036	0.03928	0.01989	0.03745	0.02147	0.53066	0.19248	0.00711	0.05281	0.00884	0.00404	0.00496
29	0.03010	0.01142	0.01557	0.01194	0.01713	0.00986	0.00986	0.03270	0.01920	0.72698	0.02647	0.02284	0.01661	0.00830	0.00675	0.00208	0.00571	0.00675	0.00830	0.01142
30	0.01279	0.01216	0.02087	0.72067	0.04579	0.01499	0.04448	0.01731	0.01351	0.01731	0.01199	0.01790	0.00899	0.00667	0.00675	0.00224	0.00903	0.00604	0.00300	0.00751
31	0.01411	0.06542	0.55507	0.01858	0.02702	0.04958	0.06178	0.02078	0.01459	0.02067	0.01414	0.01994	0.01145	0.00748	0.00663	0.00217	0.00962	0.06842	0.00321	0.00935
32	0.03852	0.01240	0.04151	0.01001	0.01271	0.12116	0.00801	0.01495	0.01555	0.06321	0.07545	0.09127	0.35117	0.03629	0.02306	0.02460	0.00584	0.04220	0.00556	0.00652
33	0.02884	0.01201	0.01579	0.01217	0.01724	0.01086	0.01003	0.10117	0.02048	0.62905	0.05199	0.02319	0.01786	0.00849	0.00679	0.00207	0.00579	0.00688	0.00810	0.01122
34	0.01651	0.01426	0.02436	0.09793	0.42435	0.01449	0.08159	0.02017	0.01507	0.08790	0.01629	0.09333	0.01437	0.00803	0.00765	0.00216	0.04033	0.00757	0.00405	0.00959
35	0.03947	0.12429	0.20963	0.01714	0.04880	0.14391	0.04757	0.18186	0.01881	0.02439	0.01295	0.01554	0.01026	0.03319	0.04163	0.00249	0.00947	0.00532	0.00402	0.00927
36	0.01827	0.02083	0.03379	0.02595	0.06358	0.16179	0.49013	0.06067	0.01733	0.02166	0.01303	0.01671	0.00996	0.00606	0.00742	0.00213	0.01109	0.00700	0.00359	0.00900
37	0.09358	0.55158	0.02935	0.01217	0.01724	0.14231	0.01123	0.02091	0.01422	0.01723	0.00977	0.01149	0.00875	0.00738	0.02762	0.00184	0.00814	0.00383	0.00311	0.00826
38	0.01374	0.01281	0.02129	0.60766	0.15637	0.01527	0.01876	0.04040	0.01433	0.01876	0.01218	0.01762	0.00930	0.00663	0.00670	0.00219	0.00873	0.00597	0.00316	0.00811
39	0.01591	0.01524	0.02598	0.16567	0.60327	0.01576	0.02025	0.01999	0.01495	0.02108	0.01250	0.01683	0.01033	0.00611	0.00665	0.00204	0.00814	0.00598	0.00326	0.01007
40	0.02465	0.01896	0.01962	0.01535	0.02049	0.05180	0.01256	0.60765	0.09518	0.03981	0.01692	0.01678	0.01215	0.00810	0.00669	0.00203	0.00739	0.00611	0.00658	0.01118
41	0.01241	0.00627	0.00634	0.00632	0.00789	0.00626	0.00474	0.01554	0.01423	0.02508	0.04431	0.02582	0.01868	0.00801	0.00479	0.00158	0.00313	0.00644	0.77589	0.00626
42	0.02516	0.02905	0.01926	0.01688	0.02076	0.57815	0.01292	0.17629	0.02180	0.02217	0.01165	0.01299	0.00926	0.00717	0.00620	0.00179	0.01105	0.00470	0.00418	0.00859
43	0.05934	0.05384	0.08829	0.01018	0.01364	0.00964	0.00913	0.03318	0.01726	0.07616	0.35462	0.04072	0.13415	0.01186	0.00717	0.00209	0.00473	0.03540	0.00619	0.03240
44	0.01865	0.44770	0.09631	0.01459	0.02007	0.14711	0.05171	0.04017	0.04560	0.01799	0.01095	0.01265	0.00930	0.00644	0.00585	0.00171	0.03678	0.00442	0.00328	0.00873
45	0.01794	0.76823	0.03516	0.01148	0.01722	0.02655	0.01148	0.02009	0.01363	0.01579	0.00933	0.01076	0.00861	0.00574	0.00431	0.00144	0.00718	0.00359	0.00287	0.00861
46	0.00875	0.00683	0.00794	0.00766	0.00957	0.00602	0.00575	0.01122	0.01724	0.02274	0.41022	0.05697	0.37448	0.01527	0.00792	0.00218	0.00328	0.01310	0.00684	0.00602
47	0.00887	0.00638	0.00875	0.01012	0.01084	0.00626	0.00741	0.01057	0.01313	0.01754	0.03444	0.53508	0.03995	0.02399	0.09507	0.00375	0.00602	0.15026	0.00591	0.00566
48	0.03631	0.15111	0.12106	0.01738	0.06254	0.15881	0.07630	0.10432	0.01814	0.11939	0.03419	0.01836	0.01292	0.00741	0.00631	0.00195	0.00858	0.03105	0.00454	0.00933
49	0.05223	0.01196	0.01571	0.01208	0.01726	0.01075	0.00998	0.07714	0.01981	0.66099	0.02528	0.02204	0.01599	0.00823	0.00667	0.00207	0.00581	0.00661	0.00808	0.01130
50	0.00828	0.00592	0.00788	0.00927	0.00975	0.00552	0.00624	0.00960	0.01332	0.01788	0.08959	0.70506	0.04584	0.02046	0.00851	0.00268	0.00384	0.01854	0.00632	0.00552
51	0.01605	0.49099	0.23027	0.04836	0.02163	0.02200	0.01537	0.01996	0.01401	0.01789	0.04130	0.01379	0.01099	0.00632	0.00516	0.00170	0.00786	0.00446	0.00306	0.00883
52	0.01571	0.01445	0.02478	0.06628	0.04904	0.01609	0.23583	0.02071	0.07957	0.07321	0.04773	0.02021	0.01418	0.01180	0.06789	0.00308	0.21965	0.00717	0.00413	0.00848
53	0.01010	0.00715	0.00786	0.00785	0.00998	0.00633	0.00590	0.01244	0.03341	0.06386	0.07198	0.15379	0.46651	0.01604	0.00770	0.00229	0.00373	0.03725	0.06961	0.00621
54	0.81159	0.01298	0.00986	0.00882	0.01298	0.01505	0.00727	0.01972	0.01142	0.03010	0.00934	0.01090	0.00727	0.00623	0.00415	0.00208	0.00519	0.00363	0.00415	0.00727
55	0.01092	0.00920	0.01355	0.01243	0.01328	0.01034	0.06886	0.01237	0.01159	0.01608	0.02271	0.24408	0.02554	0.23769	0.07333	0.00445	0.16818	0.03512	0.00443	0.00584
56	0.24599	0.01473	0.07041	0.01142	0.01658	0.01321	0.01000	0.12573	0.04005	0.10234	0.07010	0.01760	0.01458	0.00710	0.00560	0.00180	0.00575	0.00534	0.00518	0.21650
57	0.57453	0.04608	0.01396	0.01077	0.01537	0.01467	0.05157	0.02238	0.01331	0.16451	0.01294	0.01367	0.00933	0.00657	0.00490	0.00206	0.00577	0.00451	0.00486	0.00825
58	0.00879	0.00614	0.00756	0.00843	0.00875	0.00588	0.00533	0.00952	0.01173	0.01555	0.03209	0.44668	0.06607	0.31428	0.01864	0.00420	0.00490	0.01518	0.00537	0.00491
59	0.01594	0.01709	0.08705	0.10999	0.55976	0.01584	0.02029	0.02101	0.04787	0.02167	0.01319	0.01692	0.01074	0.00624	0.00663	0.00204	0.00811	0.00596	0.00341	0.01024
60	0.14593	0.01643	0.01612	0.01284	0.01781	0.07140	0.01035	0.26792	0.10895	0.04891	0.01524	0.01573	0.01146	0.00705	0.00584	0.00178	0.00649	0.00522	0.00543	0.20911
61	0.00954	0.00699	0.00823	0.00832	0.01022	0.00611	0.00617	0.01149	0.01537	0.04907	0.15912	0.23975	0.34996	0.01676	0.00799	0.00234	0.00378	0.04547	0.00641	0.03691
62	0.00874	0.00662	0.00806	0.00813	0.00967	0.00594	0.00594	0.01104	0.01657	0.02217	0.37679	0.20493	0.25845	0.01626	0.00806	0.00229	0.00339	0.01422	0.00679	0.00594
63	0.01619	0.01581	0.03973	0.31080	0.03160	0.10010	0.10683	0.07873	0.05588	0.04679	0.06046	0.02407	0.01594	0.00825	0.00707	0.00221	0.00863	0.05831	0.00434	0.00826
64	0.04049	0.15726	0.24892	0.01522	0.02122	0.13932	0.01544	0.10493	0.05512	0.04203	0.03975	0.06256	0.01396	0.00794	0.00616	0.00196	0.00837	0.00604	0.00420	0.00910
65	0.01546	0.01477	0.02516	0.24753	0.52496	0.01564	0.02002	0.01959	0.01473	0.02053	0.01242	0.01698	0.01014	0.00619	0.00666	0.00206	0.00826	0.00597	0.00322	0.00970
66	0.00935	0.00676	0.00903	0.01009	0.01122	0.00644	0.00780	0.01163	0.01512	0.02017	0.17382	0.33918	0.08317	0.01847	0.00865	0.00271	0.00453	0.24953	0.00644	0.00589
67	0.01530	0.24348	0.12483	0.01441	0.01960	0.03612	0.11530	0.04505	0.01647	0.04857	0.18320	0.02581	0.06742	0.00864	0.00647	0.00193	0.00709	0.00737	0.00460	0.00833
68	0.10038	0.23028	0.32314	0.01637	0.06629	0.01781	0.01703	0.02226	0.01448	0.11518	0.01298	0.01420	0.00962	0.00642	0.00564	0.00191	0.00798	0.00475	0.00374	0.00953
69	0.00972	0.00707	0.01049	0.01049	0.01156	0.00814	0.00802	0.01167	0.01061	0.01521	0.01772	0.02681	0.01681	0.08206	0.65973	0.06072	0.01667	0.00722	0.00357	0.00571
70	0.01556	0.01989	0.12558	0.02590	0.03272	0.01687	0.55036	0.02221	0.05932	0.02173	0.01412	0.01794	0.01058	0.00613	0.00803	0.00226	0.03058	0.00746	0.00353	0.00921
71	0.01730	0.02124	0.22357	0.10654	0.15968	0.05859	0.07428	0.07211	0.01618	0.09246	0.01404	0.01686	0.01053	0.00892	0.04131	0.00253	0.04455	0.00588	0.00390	0.00953
72	0.02313	0.03870	0.05649	0.01159	0.01623	0.01056	0.01008	0.06843	0.01873	0.43653	0.08114	0.03017	0.09129	0.00981	0.00688	0.00210	0.00562	0.03700	0.03565	0.00985
73	0.01140	0.00882	0.01436	0.01284	0.01515	0.00818	0.12951	0.01404	0.01525	0.06470	0.14298	0.33355	0.09586	0.01572	0.00826	0.00251	0.00542	0.08872	0.00604	0.00670
74	0.01574	0.04967	0.32340	0.07150	0.05329	0.04651	0.10843	0.02169	0.04741	0.08442	0.01621	0.08151	0.01330	0.00803	0.00721	0.00218	0.02942	0.00693	0.00395	0.00922
75	0.01120	0.00789	0.01216	0.05454	0.01482	0.00760	0.06844	0.01276	0.01347	0.06201	0.03173	0.38469	0.08478	0.01776	0.01060	0.10695	0.00540	0.08170	0.00548	0.00602
76	0.01426	0.01308	0.02118	0.44102	0.23659	0.01486	0.01783	0.06066	0.01515	0.02015	0.01551	0.04795	0.03825	0.00753	0.00681	0.00217	0.00816	0.00680	0.00357	0.00847
77	0.01699	0.01512	0.02518	0.12262	0.56981	0.01546	0.01929	0.02153	0.04223	0.06611	0.01398	0.01748	0.01119	0.00633	0.00666	0.00204	0.00784	0.00609	0.00373	0.01030
78	0.04522	0.03633	0.04741	0.05754	0.14118	0.01413	0.22877	0.04635	0.01655	0.19118	0.02029	0.05596	0.05189	0.00787	0.00708	0.00215	0.00801	0.00766	0.00494	0.00949
79	0.01643	0.02179	0.21446	0.05264	0.06622	0.13942	0.09341	0.02058	0.01508	0.06966	0.01576	0.09046	0.01379	0.02932	0.03098	0.00247	0.03774	0.00699	0.00390	0.05888
80	0.01626	0.01674	0.07029	0.11818	0.56423	0.01598	0.02017	0.04314	0.02999	0.02214	0.01293	0.01676	0.01053	0.00622	0.00664	0.00204	0.00813	0.00595	0.00344	0.01025
81	0.01614	0.01343	0.04251	0.08749	0.12427	0.01304	0.09126	0.09463	0.09041	0.09404	0.07314	0.10392	0.06251	0.03628	0.00813	0.00233	0.00677	0.00885	0.00534	0.02551
82	0.01688	0.07835	0.07835	0.05728	0.06121	0.11576	0.12786	0.06371	0.03421	0.04672	0.04608	0.07971	0.01540	0.00784	0.00652	0.00189	0.00801	0.00691	0.00428	0.14303
83	0.10569	0.07192	0.11575	0.03574	0.06774	0.05176	0.07240	0.12722	0.09092	0.07128	0.06023	0.04505	0.01567	0.00809	0.00692	0.00210	0.03079	0.00658	0.00489	0.00927
84	0.09138	0.04267	0.03968	0.01859	0.12703	0.07617	0.08059	0.07107	0.14533	0.11391	0.06907	0.02022	0.01647	0.00758	0.00646	0.00201	0.00709	0.00645	0.00523	0.05299
85	0.01736	0.11720	0.19419	0.03206	0.01958	0.03929	0.01341	0.02327	0.10288	0.16303	0.10563	0.04444	0.04492	0.00868	0.00647	0.00200	0.00672	0.00704	0.00529	0.04653
86	0.11737	0.05607	0.05926	0.07481	0.09959	0.01498	0.04462	0.08360	0.09467	0.06592	0.05936	0.06604	0.03034	0.00864	0.00730	0.00211	0.04977	0.00704	0.00485	0.05365
87	0.16987	0.14261	0.13697	0.03638	0.06342	0.08441	0.01360	0.09902	0.07958	0.07305	0.01444	0.03388	0.01133	0.00722	0.00577	0.00197	0.00748	0.00536	0.00444	0.00919
88	0.10498	0.10511	0.10364	0.01463	0.03904	0.05877	0.06189	0.04486	0.11630	0.12006	0.10387	0.02251	0.01911	0.00815	0.00634	0.00202	0.00686	0.02398	0.00520	0.03267
89	0.08060	0.24635	0.15165	0.01399	0.01981	0.07330	0.05538	0.06468	0.03363	0.06021	0.03943	0.01821	0.05630	0.00729	0.00577	0.00183	0.00754	0.00557	0.00412	0.05436
90	0.12556	0.03889	0.14253	0.01926	0.12256	0.01420	0.11533	0.02323	0.06874	0.15042	0.01885	0.02157	0.03970	0.00762	0.00652	0.00211	0.00744	0.03561	0.00478	0.03508
91	0.05358	0.19135	0.13241	0.03945	0.07621	0.10028	0.04554	0.04071	0.08370	0.02089	0.03653	0.05462	0.04122	0.00817	0.00617	0.00196	0.00771	0.02616	0.00409	0.02924

[dist]
# distance from previous block
# <min> <max>
19	181

# created by:
# /home/berkeley/.conda/envs/busco_data_prod/bin/msa2prfl.pl pipeline/OGs_align_augustus/4893/32506.fs
