[name]
unknown

[dist]
# distance from previous block
# <min> <max>
0	3

[block]
# block no. 0 follows, 33 sequences, length 253
# corresponding to MSA columns:
# 4-256
name=unknown_A
#
# <colnr> <probs for GDERKNQSTAVLIFYWHMCP>
#	G	D	E	R	K	N	Q	S	T	A	V	L	I	F	Y	W	H	M	C	P
0	0.08365	0.04982	0.01722	0.01304	0.01772	0.01614	0.01080	0.33790	0.09075	0.17414	0.04467	0.02175	0.01593	0.00850	0.00644	0.00203	0.00626	0.04386	0.00646	0.03292
1	0.05920	0.10778	0.11558	0.01361	0.04406	0.01482	0.01189	0.11624	0.13147	0.04915	0.02070	0.05513	0.06285	0.01521	0.12555	0.00338	0.00826	0.00688	0.00478	0.03345
2	0.02100	0.01573	0.08175	0.01253	0.01717	0.10807	0.01076	0.04486	0.07447	0.30148	0.05026	0.07712	0.05466	0.00907	0.00655	0.00196	0.00642	0.00737	0.00611	0.09267
3	0.01122	0.00747	0.00932	0.00929	0.01116	0.00677	0.00683	0.03760	0.01507	0.08419	0.11278	0.39187	0.14938	0.01634	0.00778	0.00234	0.00413	0.04473	0.00627	0.06549
4	0.01555	0.04353	0.16424	0.02352	0.05373	0.07606	0.41129	0.02078	0.01542	0.02058	0.03190	0.01903	0.01189	0.00644	0.00715	0.00211	0.01010	0.03118	0.00343	0.03208
5	0.01628	0.01760	0.04935	0.25819	0.27901	0.11709	0.10788	0.03964	0.01542	0.01977	0.01206	0.01617	0.00953	0.00625	0.00661	0.00203	0.00917	0.00585	0.00326	0.00885
6	0.00867	0.00661	0.00797	0.00782	0.00949	0.00591	0.00579	0.01110	0.01683	0.02256	0.43566	0.12156	0.28565	0.01523	0.00783	0.00218	0.00325	0.01322	0.00675	0.00591
7	0.02183	0.01506	0.01652	0.01316	0.01750	0.01619	0.01065	0.49047	0.02581	0.08542	0.01928	0.10003	0.01569	0.00922	0.00654	0.00198	0.00625	0.00736	0.08972	0.03131
8	0.01624	0.24267	0.28118	0.01587	0.02251	0.06484	0.08044	0.05813	0.03609	0.03914	0.05479	0.01705	0.02982	0.00693	0.00595	0.00188	0.00830	0.00551	0.00368	0.00897
9	0.00813	0.00581	0.00757	0.00893	0.00935	0.00543	0.00591	0.00921	0.01246	0.01654	0.03622	0.68471	0.06672	0.07676	0.01027	0.00294	0.00399	0.01785	0.00595	0.00525
10	0.00806	0.00625	0.00735	0.00799	0.00930	0.00553	0.00564	0.00965	0.01430	0.01828	0.12487	0.38268	0.34032	0.01813	0.00806	0.00241	0.00353	0.01588	0.00624	0.00553
11	0.01609	0.01543	0.02635	0.07864	0.69096	0.01559	0.02010	0.02002	0.01489	0.02126	0.01235	0.01636	0.01034	0.00590	0.00652	0.00197	0.00787	0.00586	0.00324	0.01026
12	0.13793	0.59304	0.02927	0.01127	0.01648	0.06581	0.01070	0.02049	0.03379	0.01799	0.00973	0.01106	0.00859	0.00587	0.00437	0.00154	0.00698	0.00368	0.00315	0.00826
13	0.01632	0.55778	0.23811	0.01345	0.02027	0.02292	0.01506	0.02004	0.01353	0.01705	0.00993	0.01153	0.00842	0.00581	0.00481	0.00160	0.00782	0.00391	0.00281	0.00882
14	0.01304	0.00942	0.01098	0.01011	0.01250	0.00929	0.00762	0.17133	0.01844	0.04654	0.14747	0.30589	0.14482	0.01478	0.00756	0.00224	0.00452	0.01283	0.00637	0.04424
15	0.02384	0.01845	0.01905	0.01499	0.01997	0.05265	0.01224	0.58414	0.12292	0.03845	0.01703	0.01681	0.01227	0.00799	0.00657	0.00200	0.00718	0.00606	0.00646	0.01093
16	0.00960	0.00689	0.00875	0.00928	0.01059	0.00626	0.00645	0.01158	0.03493	0.03848	0.05477	0.57241	0.05985	0.03798	0.00854	0.00252	0.00406	0.01575	0.00592	0.09539
17	0.01450	0.08472	0.61248	0.04570	0.02758	0.01569	0.02225	0.02131	0.01414	0.06450	0.01250	0.01433	0.00886	0.00634	0.00614	0.00204	0.00924	0.00491	0.00312	0.00964
18	0.03971	0.08978	0.02172	0.39677	0.17565	0.04896	0.01645	0.06113	0.01483	0.01955	0.01283	0.05058	0.01077	0.00707	0.00631	0.00205	0.00811	0.00608	0.00342	0.00822
19	0.00955	0.00738	0.00823	0.00802	0.01012	0.00675	0.00600	0.01301	0.07650	0.04143	0.21724	0.11968	0.42140	0.01534	0.00771	0.00222	0.00355	0.01309	0.00650	0.00628
20	0.01686	0.01325	0.01970	0.48522	0.10488	0.04115	0.01650	0.07290	0.01579	0.12920	0.01422	0.01783	0.01027	0.00686	0.00656	0.00211	0.00819	0.00592	0.00406	0.00853
21	0.04689	0.25790	0.25850	0.08687	0.09503	0.01849	0.04825	0.04321	0.01456	0.03730	0.02882	0.01462	0.01025	0.00629	0.00572	0.00187	0.00814	0.00497	0.00330	0.00903
22	0.00863	0.00698	0.00756	0.00743	0.00948	0.00613	0.00555	0.03152	0.01603	0.02012	0.19102	0.11025	0.52399	0.01606	0.00779	0.00222	0.00345	0.01361	0.00635	0.00584
23	0.01561	0.01495	0.02550	0.16563	0.60765	0.01546	0.01987	0.01961	0.01467	0.02068	0.01226	0.01651	0.01014	0.00599	0.00653	0.00200	0.00799	0.00586	0.00320	0.00988
24	0.01640	0.18724	0.43249	0.01693	0.02467	0.09482	0.03748	0.07934	0.01578	0.02098	0.01146	0.01325	0.00866	0.00630	0.00586	0.00190	0.00922	0.00468	0.00319	0.00934
25	0.04089	0.01845	0.03454	0.02518	0.03120	0.08826	0.58112	0.02115	0.01586	0.02110	0.04578	0.01841	0.01216	0.00606	0.00747	0.00216	0.01062	0.00748	0.00354	0.00858
26	0.00812	0.00584	0.00764	0.00895	0.00946	0.00543	0.00600	0.00935	0.01292	0.01720	0.07066	0.67674	0.07482	0.04186	0.00907	0.00273	0.00384	0.01790	0.00610	0.00536
27	0.01134	0.00921	0.01242	0.01206	0.04561	0.00884	0.06653	0.04800	0.08110	0.04270	0.06342	0.23936	0.28592	0.01483	0.00773	0.00233	0.00483	0.03089	0.00592	0.00694
28	0.01657	0.01616	0.02645	0.03963	0.70414	0.03971	0.01996	0.02041	0.01511	0.02133	0.01231	0.01615	0.01036	0.00590	0.00650	0.00195	0.00796	0.00581	0.00326	0.01034
29	0.01435	0.05551	0.43010	0.02287	0.07513	0.01617	0.25025	0.02084	0.01450	0.02077	0.01225	0.01521	0.00903	0.00597	0.00670	0.00210	0.00996	0.00585	0.00300	0.00944
30	0.01638	0.01599	0.02602	0.08106	0.66167	0.04244	0.01982	0.02023	0.01502	0.02103	0.01226	0.01620	0.01026	0.00594	0.00650	0.00196	0.00803	0.00580	0.00324	0.01014
31	0.02503	0.01844	0.01976	0.01515	0.02042	0.02042	0.01251	0.70562	0.03095	0.04149	0.01581	0.01581	0.01120	0.00790	0.00659	0.00198	0.00724	0.00593	0.00659	0.01120
32	0.01630	0.01322	0.01423	0.01275	0.01633	0.01495	0.00992	0.03242	0.60672	0.06396	0.08644	0.02729	0.03729	0.00943	0.00681	0.00221	0.00502	0.00790	0.00681	0.01001
33	0.00983	0.00781	0.00887	0.00857	0.01037	0.02589	0.00637	0.03048	0.04305	0.02316	0.40665	0.13758	0.22744	0.01468	0.00773	0.00218	0.00367	0.01273	0.00668	0.00626
34	0.01434	0.22451	0.55401	0.01683	0.02550	0.01806	0.02096	0.02056	0.01376	0.01947	0.01113	0.01304	0.00837	0.00609	0.00573	0.00191	0.00904	0.00452	0.00279	0.00940
35	0.00940	0.00705	0.01058	0.01058	0.01176	0.00823	0.00823	0.01176	0.01058	0.01528	0.01763	0.02586	0.01646	0.04937	0.74255	0.01058	0.01763	0.00705	0.00353	0.00588
36	0.01533	0.01843	0.07455	0.04792	0.03441	0.01652	0.64875	0.02095	0.01539	0.02095	0.01319	0.01755	0.00987	0.00562	0.00766	0.00221	0.01096	0.00756	0.00329	0.00888
37	0.00802	0.00573	0.00764	0.00917	0.00955	0.00535	0.00611	0.00917	0.01260	0.01681	0.03628	0.76434	0.04354	0.02062	0.00840	0.00267	0.00382	0.01872	0.00611	0.00535
38	0.02210	0.13103	0.02135	0.01584	0.01971	0.40514	0.03035	0.14043	0.05087	0.02096	0.01190	0.01355	0.00969	0.00812	0.02322	0.00201	0.05648	0.00482	0.00397	0.00845
39	0.01629	0.01564	0.02672	0.04041	0.72757	0.01564	0.02020	0.02020	0.01499	0.02151	0.01238	0.01629	0.01043	0.00587	0.00652	0.00196	0.00782	0.00587	0.00326	0.01043
40	0.01279	0.02445	0.42110	0.01922	0.05304	0.01361	0.15481	0.01870	0.01450	0.02072	0.05910	0.08251	0.05934	0.00837	0.00693	0.00216	0.00865	0.00761	0.00365	0.00876
41	0.02517	0.01821	0.01962	0.01504	0.02030	0.02008	0.01242	0.68432	0.03057	0.06333	0.01613	0.01601	0.01136	0.00791	0.00659	0.00198	0.00719	0.00595	0.00664	0.01120
42	0.01801	0.17429	0.13081	0.02541	0.30504	0.04492	0.03506	0.14750	0.01761	0.02368	0.01222	0.01456	0.00978	0.00628	0.00603	0.00186	0.00807	0.00524	0.00372	0.00992
43	0.01764	0.01469	0.02308	0.05381	0.48463	0.01507	0.01709	0.07826	0.04034	0.08986	0.05848	0.01911	0.01446	0.00707	0.00721	0.00202	0.03641	0.00637	0.00433	0.01008
44	0.01238	0.01046	0.01490	0.18930	0.02160	0.03762	0.04309	0.07289	0.01352	0.01838	0.01581	0.02268	0.01385	0.05507	0.39656	0.00671	0.01329	0.00666	0.02841	0.00682
45	0.00924	0.00667	0.00920	0.00943	0.01017	0.00728	0.00675	0.01076	0.01061	0.01483	0.02133	0.14340	0.02264	0.24171	0.43645	0.00822	0.01245	0.00952	0.00405	0.00528
46	0.35435	0.09284	0.13092	0.03444	0.05560	0.07512	0.07724	0.07040	0.01453	0.02507	0.01076	0.01277	0.00833	0.00622	0.00530	0.00197	0.00751	0.00456	0.00374	0.00834
47	0.03344	0.18257	0.14073	0.01444	0.01897	0.16828	0.01343	0.07489	0.04801	0.04540	0.01367	0.04421	0.01167	0.01208	0.08433	0.00284	0.07331	0.00553	0.00383	0.00838
48	0.01085	0.00708	0.00894	0.00835	0.01029	0.00636	0.00630	0.01351	0.01762	0.09030	0.49472	0.09102	0.18167	0.01398	0.00770	0.00213	0.00342	0.01218	0.00705	0.00651
49	0.01447	0.02252	0.29758	0.02131	0.05179	0.01533	0.26577	0.05974	0.03695	0.02176	0.01576	0.05227	0.03076	0.00861	0.03018	0.00245	0.03303	0.00707	0.00361	0.00904
50	0.01801	0.19547	0.28660	0.01852	0.09928	0.09158	0.01743	0.15652	0.01775	0.02332	0.01190	0.01358	0.00917	0.00645	0.00586	0.00186	0.00864	0.00482	0.00365	0.00960
51	0.13064	0.01594	0.01482	0.01218	0.01617	0.09942	0.00980	0.34263	0.02227	0.05839	0.01597	0.01698	0.01187	0.00748	0.00569	0.00185	0.00642	0.00548	0.19697	0.00901
52	0.00810	0.00587	0.00758	0.00886	0.00942	0.00543	0.00594	0.00932	0.01290	0.01707	0.06209	0.65504	0.09966	0.04770	0.00926	0.00275	0.00385	0.01774	0.00607	0.00534
53	0.01705	0.05708	0.19535	0.02713	0.29413	0.09009	0.10132	0.07492	0.04002	0.02224	0.01274	0.01543	0.00998	0.00626	0.00645	0.00198	0.00891	0.00564	0.00352	0.00976
54	0.01083	0.04361	0.01261	0.03670	0.09806	0.00908	0.00933	0.03642	0.04578	0.01895	0.03013	0.48088	0.03409	0.01650	0.00787	0.00251	0.00503	0.08940	0.00556	0.00667
55	0.00837	0.00620	0.00787	0.00887	0.00984	0.00570	0.00634	0.01003	0.01402	0.01841	0.12444	0.48234	0.17307	0.01879	0.00827	0.00255	0.00385	0.07922	0.00624	0.00556
56	0.02218	0.05448	0.02179	0.01848	0.05429	0.42357	0.09279	0.12486	0.08498	0.02168	0.01298	0.01447	0.01023	0.00692	0.00627	0.00185	0.01011	0.00524	0.00413	0.00872
57	0.01286	0.01075	0.01434	0.01265	0.01518	0.04283	0.10484	0.08394	0.05954	0.04570	0.05791	0.33751	0.12259	0.03696	0.00849	0.00247	0.00568	0.01296	0.00573	0.00707
58	0.02541	0.01614	0.01813	0.01408	0.01916	0.01722	0.01157	0.46618	0.09147	0.22175	0.01950	0.01836	0.01336	0.00806	0.00661	0.00202	0.00662	0.00625	0.00701	0.01113
59	0.01541	0.01623	0.03144	0.11142	0.13080	0.01623	0.42708	0.02249	0.11711	0.02159	0.01496	0.01852	0.01138	0.00621	0.00730	0.00218	0.00951	0.00723	0.00376	0.00914
60	0.06536	0.03322	0.07458	0.14995	0.32691	0.08695	0.04008	0.03411	0.01511	0.02092	0.04528	0.05158	0.01344	0.00718	0.00644	0.00202	0.00804	0.00637	0.00361	0.00886
61	0.02282	0.04769	0.01880	0.01476	0.01911	0.20363	0.01186	0.42623	0.02543	0.03188	0.06983	0.01761	0.01460	0.00955	0.03442	0.00222	0.00849	0.00592	0.00557	0.00959
62	0.00940	0.00678	0.00893	0.00867	0.01018	0.00631	0.00662	0.01243	0.01811	0.02545	0.63677	0.07522	0.05923	0.01414	0.00791	0.00218	0.00341	0.07500	0.00710	0.00617
63	0.06569	0.05093	0.02369	0.06819	0.28886	0.09176	0.10389	0.02197	0.10640	0.02117	0.01552	0.01816	0.03680	0.00709	0.00731	0.00206	0.05140	0.00618	0.00382	0.00910
64	0.02255	0.10480	0.06460	0.01432	0.01934	0.10065	0.01236	0.40540	0.02433	0.08420	0.04272	0.01745	0.01324	0.03578	0.00727	0.00206	0.00758	0.00582	0.00561	0.00993
65	0.00856	0.00669	0.00783	0.00836	0.00982	0.00614	0.00603	0.01105	0.04852	0.01890	0.12522	0.34156	0.32009	0.01757	0.00802	0.00241	0.00369	0.03747	0.00627	0.00580
66	0.01400	0.01443	0.05765	0.43085	0.29805	0.01510	0.03933	0.01840	0.01395	0.01888	0.01201	0.01691	0.00940	0.00627	0.00658	0.00210	0.00853	0.00586	0.00305	0.00864
67	0.08621	0.24002	0.23993	0.05247	0.02436	0.11649	0.11445	0.02096	0.01435	0.01927	0.01081	0.01312	0.00854	0.00605	0.00567	0.00186	0.00899	0.00475	0.00307	0.00861
68	0.05880	0.08829	0.06643	0.17663	0.20401	0.07789	0.11282	0.07259	0.01594	0.04746	0.01244	0.01561	0.00965	0.00630	0.00631	0.00199	0.00859	0.00563	0.00362	0.00901
69	0.00805	0.00601	0.00751	0.00867	0.00953	0.00547	0.00600	0.00938	0.01326	0.01713	0.04342	0.57596	0.20424	0.01961	0.00828	0.00258	0.00378	0.03959	0.00611	0.00542
70	0.08776	0.10485	0.04647	0.17019	0.05858	0.16930	0.07889	0.11038	0.03761	0.02187	0.01190	0.01464	0.00936	0.00682	0.00679	0.00198	0.04517	0.00525	0.00375	0.00846
71	0.01645	0.21210	0.34694	0.01997	0.13408	0.09104	0.01876	0.05212	0.01519	0.02009	0.01126	0.01334	0.00884	0.00617	0.00578	0.00185	0.00887	0.00468	0.00310	0.00938
72	0.00902	0.00672	0.00839	0.00797	0.00965	0.00609	0.00598	0.01185	0.01794	0.02474	0.59783	0.05190	0.18942	0.01408	0.00777	0.00210	0.00315	0.01229	0.00703	0.00609
73	0.02106	0.28282	0.02454	0.04982	0.04583	0.37202	0.01279	0.06431	0.01696	0.01766	0.01027	0.01216	0.00872	0.00655	0.00589	0.00168	0.03109	0.00427	0.00335	0.00820
74	0.04101	0.01603	0.05858	0.18163	0.34143	0.01622	0.06974	0.10409	0.04164	0.02320	0.01301	0.01656	0.01023	0.00656	0.00703	0.00208	0.03179	0.00595	0.00372	0.00952
75	0.00868	0.00621	0.00807	0.00934	0.00990	0.00592	0.00630	0.03477	0.01321	0.01762	0.03519	0.72081	0.04192	0.03677	0.00889	0.00273	0.00400	0.01804	0.00608	0.00553
76	0.10729	0.01785	0.01871	0.01447	0.01962	0.01983	0.01195	0.63416	0.02890	0.04025	0.01511	0.01527	0.01077	0.00772	0.00632	0.00198	0.00702	0.00568	0.00632	0.01077
77	0.01640	0.09774	0.11305	0.08294	0.21347	0.11743	0.14402	0.02101	0.04225	0.01950	0.01312	0.04292	0.01103	0.00684	0.00692	0.00201	0.03086	0.00616	0.00339	0.00893
78	0.01421	0.10782	0.54521	0.05551	0.09014	0.01654	0.02199	0.03835	0.01435	0.02069	0.01169	0.01399	0.00863	0.00621	0.00609	0.00201	0.00917	0.00489	0.00293	0.00958
79	0.02432	0.02829	0.01892	0.01662	0.02026	0.57806	0.01274	0.15683	0.02073	0.02099	0.01121	0.01272	0.00901	0.00716	0.00660	0.00179	0.03682	0.00462	0.00399	0.00830
80	0.01518	0.01511	0.05024	0.27207	0.45747	0.01544	0.01950	0.03955	0.01483	0.02054	0.01224	0.01660	0.00983	0.00618	0.00653	0.00204	0.00819	0.00583	0.00323	0.00941
81	0.02050	0.03823	0.04385	0.01383	0.01813	0.01745	0.01148	0.41333	0.13367	0.05088	0.01785	0.02039	0.01404	0.08914	0.04319	0.00288	0.02893	0.00650	0.00588	0.00983
82	0.02666	0.01582	0.01813	0.01390	0.01911	0.01652	0.01148	0.46141	0.02656	0.29190	0.01949	0.01820	0.01304	0.00799	0.00660	0.00200	0.00665	0.00618	0.00715	0.01120
83	0.00885	0.00740	0.00748	0.00720	0.00961	0.00648	0.00547	0.05270	0.01600	0.01926	0.06353	0.06040	0.68056	0.01613	0.00771	0.00221	0.00358	0.01340	0.00614	0.00591
84	0.01875	0.13222	0.25018	0.02003	0.13535	0.12051	0.01735	0.18497	0.01874	0.02445	0.01225	0.01398	0.00939	0.00657	0.00604	0.00189	0.00875	0.00500	0.00386	0.00971
85	0.01324	0.01228	0.02003	0.65817	0.06886	0.01518	0.01791	0.04819	0.01390	0.01807	0.01177	0.01728	0.00894	0.00684	0.00727	0.00221	0.04328	0.00585	0.00310	0.00760
86	0.00940	0.00705	0.01058	0.01058	0.01176	0.00823	0.00823	0.01176	0.01058	0.01528	0.01763	0.02586	0.01646	0.04937	0.74255	0.01058	0.01763	0.00705	0.00353	0.00588
87	0.01677	0.42166	0.25427	0.01513	0.02198	0.06360	0.05854	0.04575	0.01463	0.01852	0.01056	0.01233	0.00861	0.00597	0.00527	0.00171	0.00843	0.00434	0.00301	0.00893
88	0.00837	0.00669	0.00749	0.00729	0.00926	0.00581	0.00547	0.01059	0.01640	0.02111	0.32010	0.05789	0.46942	0.01543	0.00777	0.00216	0.00325	0.01313	0.00655	0.00581
89	0.00798	0.00656	0.00692	0.00705	0.00894	0.00561	0.00514	0.00960	0.01472	0.01795	0.09953	0.13460	0.58371	0.05105	0.00901	0.00245	0.00351	0.01408	0.00608	0.00550
90	0.01679	0.06063	0.01406	0.01170	0.01376	0.26166	0.00839	0.09026	0.01530	0.01728	0.01645	0.05260	0.01705	0.35558	0.01860	0.00389	0.00831	0.00732	0.00407	0.00632
91	0.01743	0.28408	0.20000	0.04644	0.07958	0.10489	0.06076	0.07310	0.03945	0.02013	0.01165	0.01360	0.00930	0.00625	0.00569	0.00180	0.00861	0.00480	0.00336	0.00908
92	0.02533	0.01087	0.01436	0.01130	0.01573	0.00979	0.00922	0.07734	0.01968	0.54645	0.15918	0.02706	0.02472	0.00915	0.00684	0.00204	0.00524	0.00758	0.00786	0.01025
93	0.01637	0.01414	0.01489	0.01340	0.01712	0.01637	0.01042	0.03498	0.71568	0.02754	0.02679	0.02456	0.02010	0.00893	0.00670	0.00223	0.00521	0.00744	0.00670	0.01042
94	0.01489	0.01554	0.07482	0.25471	0.34992	0.01542	0.01833	0.02160	0.12793	0.02099	0.01447	0.01785	0.01133	0.00661	0.00655	0.00208	0.00783	0.00604	0.00368	0.00941
95	0.00885	0.00641	0.00763	0.00830	0.00970	0.00569	0.00594	0.01034	0.01397	0.04522	0.04890	0.40908	0.33520	0.01835	0.00809	0.00247	0.00376	0.04022	0.00619	0.00569
96	0.01142	0.00995	0.01418	0.01302	0.01364	0.01288	0.01039	0.01324	0.01031	0.01532	0.01425	0.02253	0.01387	0.08721	0.40095	0.00718	0.31337	0.00672	0.00330	0.00627
97	0.01345	0.07525	0.69548	0.01835	0.02785	0.01589	0.02359	0.02079	0.01387	0.02055	0.01167	0.01371	0.00835	0.00622	0.00614	0.00205	0.00958	0.00479	0.00278	0.00966
98	0.01226	0.00999	0.01210	0.01308	0.05987	0.01073	0.00910	0.02081	0.29629	0.02184	0.05141	0.30408	0.03122	0.04367	0.00862	0.00261	0.00492	0.07351	0.00611	0.00776
99	0.00812	0.00664	0.00720	0.00739	0.00934	0.00572	0.00557	0.00996	0.01512	0.01861	0.12254	0.12844	0.55725	0.01684	0.00792	0.00230	0.00353	0.05567	0.00621	0.00563
100	0.06790	0.22884	0.19367	0.04445	0.08893	0.17719	0.01564	0.07521	0.01604	0.02044	0.01093	0.01286	0.00876	0.00630	0.00556	0.00180	0.00877	0.00450	0.00335	0.00886
101	0.01551	0.01505	0.01755	0.12467	0.09554	0.12725	0.05284	0.04159	0.17947	0.02144	0.03962	0.07375	0.02062	0.01026	0.00718	0.00228	0.00747	0.13475	0.00493	0.00823
102	0.01637	0.01414	0.01489	0.01340	0.01712	0.01637	0.01042	0.03498	0.71568	0.02754	0.02679	0.02456	0.02010	0.00893	0.00670	0.00223	0.00521	0.00744	0.00670	0.01042
103	0.02236	0.06040	0.03799	0.01411	0.01898	0.01800	0.01188	0.42799	0.13729	0.10560	0.01934	0.04254	0.01475	0.00864	0.00660	0.00205	0.00666	0.02789	0.00641	0.01053
104	0.02166	0.12650	0.04574	0.01368	0.01862	0.01826	0.01172	0.33881	0.15462	0.11870	0.01897	0.05209	0.01450	0.00833	0.00634	0.00199	0.00656	0.00650	0.00609	0.01033
105	0.00837	0.00696	0.00728	0.00736	0.00947	0.00610	0.00560	0.01060	0.03641	0.01802	0.06063	0.06215	0.61234	0.05137	0.00905	0.00248	0.00377	0.07034	0.00603	0.00568
106	0.00987	0.00774	0.01148	0.01121	0.01227	0.00935	0.00881	0.01214	0.01053	0.01533	0.01679	0.02479	0.01573	0.04583	0.67504	0.00986	0.08683	0.00693	0.00347	0.00600
107	0.01794	0.47560	0.13143	0.01474	0.02075	0.11583	0.07818	0.04465	0.01494	0.01775	0.01028	0.01206	0.00868	0.00594	0.00515	0.00164	0.00843	0.00428	0.00306	0.00866
108	0.01556	0.01520	0.02491	0.22281	0.51309	0.03996	0.03413	0.01956	0.01466	0.02011	0.01215	0.01650	0.00993	0.00607	0.00654	0.00201	0.00827	0.00585	0.00318	0.00950
109	0.00786	0.00667	0.00678	0.00676	0.00894	0.00559	0.00507	0.00961	0.01520	0.01825	0.10197	0.06260	0.68933	0.01650	0.00778	0.00221	0.00332	0.01379	0.00617	0.00559
110	0.01090	0.00771	0.00948	0.00893	0.01081	0.00745	0.00677	0.06616	0.01731	0.04475	0.36374	0.10195	0.16083	0.04470	0.06934	0.00301	0.00500	0.03107	0.02361	0.00646
111	0.11150	0.01982	0.05851	0.04179	0.16059	0.17606	0.17154	0.05696	0.01624	0.07148	0.01264	0.01524	0.00974	0.00659	0.00709	0.00203	0.04374	0.00568	0.00386	0.00890
112	0.00955	0.00647	0.00762	0.00762	0.00778	0.00662	0.00454	0.00986	0.00971	0.01309	0.02034	0.04083	0.02296	0.67454	0.12626	0.00693	0.00785	0.00924	0.00393	0.00424
113	0.16365	0.07422	0.01786	0.03393	0.03956	0.28580	0.03442	0.08701	0.07959	0.02330	0.08647	0.01742	0.01522	0.00750	0.00589	0.00189	0.00814	0.00552	0.00445	0.00815
114	0.01924	0.33495	0.13572	0.01678	0.07748	0.05954	0.07273	0.07008	0.01606	0.12022	0.01306	0.01425	0.01002	0.00632	0.00561	0.00177	0.00793	0.00492	0.00394	0.00937
115	0.00875	0.00627	0.00782	0.00872	0.00925	0.00604	0.00573	0.01037	0.03770	0.01673	0.06667	0.50703	0.06148	0.19866	0.01429	0.00350	0.00443	0.01563	0.00568	0.00525
116	0.01025	0.00763	0.00953	0.00951	0.01126	0.00747	0.02822	0.01439	0.09445	0.02126	0.14498	0.24112	0.15960	0.01487	0.00750	0.00231	0.00413	0.08254	0.12260	0.00639
117	0.09535	0.11494	0.19986	0.03941	0.08905	0.18985	0.03883	0.07854	0.03339	0.02165	0.01325	0.01503	0.03001	0.00675	0.00589	0.00190	0.00880	0.00506	0.00363	0.00881
118	0.06620	0.01888	0.12316	0.10194	0.14037	0.07016	0.22960	0.01985	0.01435	0.02022	0.01278	0.01830	0.01054	0.00713	0.00836	0.00221	0.08721	0.03681	0.00333	0.00857
119	0.00801	0.00646	0.00715	0.00755	0.00925	0.00560	0.00552	0.00967	0.01462	0.01810	0.09648	0.23991	0.49410	0.01753	0.00797	0.00235	0.00352	0.03447	0.00618	0.00556
120	0.03671	0.33087	0.29908	0.01502	0.02180	0.13887	0.01637	0.02152	0.01452	0.03544	0.01075	0.01235	0.00857	0.00613	0.00534	0.00175	0.00878	0.00423	0.00306	0.00884
121	0.01638	0.06710	0.11882	0.14985	0.02743	0.06671	0.16518	0.10908	0.03866	0.04254	0.04695	0.04308	0.01424	0.00785	0.00735	0.00213	0.03626	0.02760	0.00415	0.00863
122	0.01022	0.00694	0.00927	0.01031	0.01143	0.00686	0.00794	0.01269	0.03406	0.04186	0.03273	0.36538	0.03635	0.05427	0.05515	0.00338	0.00566	0.25324	0.03631	0.00595
123	0.00798	0.00588	0.00748	0.00876	0.00944	0.00538	0.00593	0.00921	0.01299	0.01696	0.04121	0.65082	0.15388	0.01998	0.00830	0.00260	0.00374	0.01793	0.00611	0.00538
124	0.01562	0.35244	0.16787	0.01454	0.04317	0.05191	0.03905	0.02068	0.07979	0.01945	0.08727	0.02002	0.01659	0.00752	0.00574	0.00183	0.00735	0.03676	0.00384	0.00859
125	0.01630	0.04318	0.32102	0.01668	0.02295	0.01431	0.09027	0.02210	0.05502	0.14743	0.03621	0.01968	0.03737	0.00995	0.04634	0.00260	0.07875	0.00630	0.00431	0.00923
126	0.01467	0.03260	0.66010	0.01827	0.02744	0.04798	0.02294	0.02175	0.01440	0.06209	0.01256	0.01430	0.00881	0.00639	0.00626	0.00206	0.00959	0.00494	0.00312	0.00972
127	0.00932	0.00692	0.00855	0.00927	0.01038	0.00668	0.00660	0.03517	0.04667	0.01916	0.10010	0.47112	0.12961	0.05230	0.00931	0.00271	0.00414	0.05995	0.00616	0.00588
128	0.10918	0.12141	0.04422	0.03593	0.01906	0.01758	0.01156	0.33274	0.02219	0.17194	0.01661	0.04112	0.01231	0.00777	0.00604	0.00195	0.00667	0.00587	0.00584	0.01000
129	0.04517	0.05652	0.16699	0.07503	0.02768	0.06186	0.28155	0.04384	0.01523	0.04263	0.01484	0.06751	0.01255	0.00759	0.00739	0.00217	0.03251	0.02669	0.00371	0.00855
130	0.01746	0.74813	0.05769	0.01151	0.01728	0.02569	0.01170	0.01975	0.01339	0.01567	0.00924	0.01067	0.00844	0.00565	0.00429	0.00143	0.00713	0.00356	0.00281	0.00849
131	0.05202	0.01160	0.01432	0.01132	0.01595	0.01070	0.00917	0.09314	0.06025	0.41554	0.04804	0.05681	0.05040	0.00881	0.00648	0.00194	0.00536	0.00720	0.00699	0.11398
132	0.00880	0.00602	0.00789	0.00907	0.00977	0.00554	0.00617	0.01011	0.01321	0.04206	0.06464	0.66709	0.08571	0.01967	0.00828	0.00260	0.00382	0.01773	0.00623	0.00560
133	0.01419	0.19080	0.57070	0.01736	0.02615	0.01761	0.03611	0.02061	0.01382	0.01971	0.01128	0.01327	0.00840	0.00611	0.00586	0.00194	0.00919	0.00464	0.00280	0.00944
134	0.02051	0.01619	0.01721	0.01423	0.01869	0.01830	0.01142	0.35525	0.38868	0.03420	0.02155	0.02038	0.01585	0.00844	0.00664	0.00211	0.00618	0.00672	0.00664	0.01079
135	0.78565	0.04082	0.01059	0.00875	0.01289	0.01519	0.00728	0.01937	0.01128	0.02902	0.00917	0.01069	0.00718	0.00609	0.00408	0.00201	0.00516	0.00356	0.00403	0.00718
136	0.01176	0.00621	0.00654	0.00651	0.00801	0.00612	0.00486	0.01478	0.01443	0.02459	0.11682	0.04783	0.02371	0.00880	0.00513	0.00164	0.00309	0.00725	0.67580	0.00612
137	0.01365	0.01170	0.01365	0.00975	0.01560	0.00878	0.00780	0.01658	0.01365	0.02145	0.01170	0.01365	0.00975	0.00488	0.00488	0.00098	0.00488	0.00390	0.00390	0.80888
138	0.05263	0.08454	0.01830	0.09338	0.01964	0.12202	0.03796	0.08411	0.01450	0.01933	0.01304	0.01765	0.01129	0.01972	0.22025	0.00453	0.13083	0.00571	0.02311	0.00743
139	0.00802	0.00573	0.00764	0.00917	0.00955	0.00535	0.00611	0.00917	0.01260	0.01681	0.03628	0.76434	0.04354	0.02062	0.00840	0.00267	0.00382	0.01872	0.00611	0.00535
140	0.00801	0.00576	0.00760	0.00908	0.00952	0.00535	0.00607	0.00918	0.01269	0.01684	0.03738	0.73897	0.06820	0.02048	0.00838	0.00266	0.00380	0.01854	0.00611	0.00535
141	0.01469	0.04127	0.16205	0.06709	0.11680	0.01659	0.31054	0.01957	0.01402	0.01974	0.01223	0.01648	0.00968	0.00827	0.03701	0.00255	0.11306	0.00645	0.00313	0.00878
142	0.00779	0.00663	0.00671	0.00678	0.00892	0.00555	0.00505	0.00943	0.01489	0.01774	0.06528	0.09580	0.69336	0.01686	0.00781	0.00224	0.00336	0.01412	0.00611	0.00555
143	0.01440	0.01440	0.02016	0.01728	0.01728	0.02016	0.01440	0.01584	0.01008	0.01584	0.00864	0.01440	0.00864	0.01152	0.02160	0.00288	0.75659	0.00576	0.00288	0.00720
144	0.00952	0.00708	0.00983	0.00974	0.01064	0.00799	0.00720	0.01122	0.01052	0.01478	0.02042	0.03157	0.05089	0.22677	0.51008	0.00892	0.03569	0.00796	0.00374	0.00543
145	0.01078	0.00799	0.01060	0.04971	0.01414	0.00821	0.00921	0.05641	0.04739	0.02005	0.03269	0.35845	0.03627	0.01754	0.00840	0.00273	0.00529	0.29181	0.00598	0.00635
146	0.00804	0.00589	0.00756	0.00881	0.00947	0.00541	0.00597	0.00933	0.01315	0.01730	0.06641	0.64559	0.13324	0.01984	0.00830	0.00259	0.00373	0.01783	0.00615	0.00541
147	0.01769	0.01589	0.01556	0.01382	0.01763	0.07724	0.01076	0.08307	0.60767	0.02760	0.02461	0.02287	0.01848	0.00868	0.00663	0.00217	0.00591	0.00707	0.00641	0.01024
148	0.01373	0.01038	0.01393	0.07199	0.04208	0.01092	0.03776	0.08926	0.10273	0.04498	0.02925	0.08889	0.06671	0.01323	0.00772	0.00250	0.00606	0.28485	0.05546	0.00759
149	0.02783	0.01146	0.01510	0.01175	0.01666	0.01029	0.00965	0.05481	0.05973	0.64125	0.02714	0.02379	0.04198	0.00849	0.00667	0.00205	0.00555	0.00691	0.00794	0.01095
150	0.01217	0.01110	0.01841	0.67516	0.04152	0.01370	0.01694	0.01631	0.01316	0.01718	0.01358	0.06115	0.01117	0.00745	0.00660	0.00219	0.00822	0.00661	0.04024	0.00714
151	0.01811	0.71837	0.03334	0.01168	0.01715	0.07844	0.01137	0.02019	0.01376	0.01553	0.00923	0.01066	0.00845	0.00572	0.00435	0.00143	0.00739	0.00357	0.00286	0.00839
152	0.00957	0.00638	0.00718	0.00718	0.00718	0.00638	0.00399	0.00957	0.00957	0.01276	0.02074	0.04308	0.02393	0.76864	0.03351	0.00638	0.00638	0.00957	0.00399	0.00399
153	0.01493	0.01775	0.08514	0.06714	0.03179	0.01628	0.51821	0.02007	0.01469	0.02049	0.01305	0.01746	0.00999	0.00632	0.00874	0.00224	0.08031	0.00718	0.03965	0.00857
154	0.01657	0.59891	0.19913	0.01303	0.01962	0.02352	0.01434	0.01998	0.01350	0.01675	0.00978	0.01135	0.00842	0.00578	0.00470	0.00157	0.00767	0.00384	0.00281	0.00875
155	0.01541	0.01746	0.03760	0.04845	0.03409	0.01672	0.65824	0.02077	0.01527	0.02077	0.01310	0.01763	0.00990	0.00580	0.00825	0.00224	0.03859	0.00764	0.00330	0.00877
156	0.01274	0.00888	0.01132	0.01145	0.01360	0.00896	0.00968	0.10460	0.01780	0.04389	0.13645	0.05923	0.07471	0.01544	0.00828	0.00263	0.00552	0.41689	0.03106	0.00688
157	0.01502	0.01252	0.01422	0.01259	0.01580	0.03419	0.04126	0.06856	0.37649	0.04679	0.12664	0.11187	0.07350	0.01108	0.00713	0.00222	0.00524	0.00955	0.00646	0.00886
158	0.01206	0.00775	0.00962	0.00875	0.01101	0.00717	0.00670	0.01580	0.06170	0.11494	0.47086	0.04681	0.17506	0.01309	0.00755	0.00210	0.00360	0.01132	0.00712	0.00699
159	0.00990	0.00705	0.00969	0.01114	0.01230	0.00695	0.00916	0.01231	0.01425	0.01865	0.03458	0.24933	0.03870	0.05290	0.01003	0.00309	0.00550	0.48271	0.00598	0.00579
160	0.02940	0.01142	0.01541	0.01181	0.01691	0.00999	0.00976	0.05178	0.01920	0.71194	0.02567	0.02221	0.01615	0.00814	0.00662	0.00204	0.00565	0.00660	0.00810	0.01120
161	0.01898	0.08768	0.02586	0.07931	0.09868	0.17500	0.20560	0.08945	0.01735	0.06966	0.01454	0.06121	0.01206	0.00727	0.00666	0.00199	0.00917	0.00667	0.00408	0.00878
162	0.01000	0.01024	0.08444	0.00962	0.01238	0.00793	0.00840	0.01452	0.07620	0.02331	0.38118	0.04853	0.22229	0.01343	0.00760	0.00218	0.00421	0.05043	0.00637	0.00676
163	0.02550	0.01769	0.01929	0.01479	0.02004	0.01930	0.01222	0.63549	0.02969	0.11340	0.01686	0.01649	0.01173	0.00793	0.00659	0.00198	0.00707	0.00600	0.00675	0.01120
164	0.01792	0.01491	0.01576	0.01371	0.01771	0.01710	0.01079	0.15497	0.59317	0.03004	0.02483	0.02300	0.01850	0.00875	0.00668	0.00219	0.00557	0.00717	0.00668	0.01056
165	0.01617	0.45028	0.23200	0.01345	0.01995	0.02113	0.01470	0.05895	0.03307	0.01924	0.03515	0.01504	0.03284	0.00662	0.00523	0.00170	0.00753	0.00473	0.00336	0.00886
166	0.01760	0.77260	0.03450	0.01126	0.01690	0.02605	0.01126	0.01971	0.01338	0.01549	0.00915	0.01056	0.00845	0.00563	0.00422	0.00141	0.00704	0.00352	0.00282	0.00845
167	0.01216	0.00737	0.00965	0.00872	0.01080	0.00669	0.00667	0.01514	0.01854	0.12711	0.60197	0.04582	0.07796	0.01281	0.00760	0.00207	0.00347	0.01122	0.00734	0.00690
168	0.01557	0.01768	0.03837	0.02824	0.06143	0.01661	0.67701	0.02105	0.01552	0.02110	0.01328	0.01770	0.01001	0.00556	0.00772	0.00221	0.01097	0.00769	0.00333	0.00894
169	0.01340	0.01215	0.01901	0.62226	0.04042	0.01487	0.01701	0.05431	0.07993	0.01920	0.01404	0.01987	0.01086	0.00723	0.00667	0.00221	0.00828	0.02693	0.00357	0.00777
170	0.01612	0.01392	0.01465	0.01320	0.01688	0.01606	0.01026	0.03424	0.69529	0.02726	0.02796	0.02569	0.04060	0.00916	0.00673	0.00223	0.00516	0.00763	0.00668	0.01028
171	0.01197	0.00798	0.01021	0.01011	0.01216	0.00772	0.00826	0.04024	0.03810	0.07361	0.28903	0.05493	0.10654	0.01456	0.00798	0.00242	0.00460	0.25720	0.03561	0.00676
172	0.04329	0.01390	0.02305	0.11132	0.12762	0.01449	0.19726	0.10774	0.01654	0.04623	0.01945	0.08197	0.04942	0.00924	0.00809	0.00227	0.05153	0.06371	0.00443	0.00847
173	0.01536	0.01469	0.02504	0.21233	0.56293	0.01540	0.01974	0.01939	0.01455	0.02038	0.01222	0.01660	0.01003	0.00604	0.00653	0.00201	0.00805	0.00586	0.00318	0.00968
174	0.00856	0.00623	0.00807	0.00861	0.00962	0.00573	0.00607	0.01059	0.01537	0.02101	0.33451	0.40628	0.10037	0.01726	0.00808	0.00238	0.00348	0.01544	0.00660	0.00573
175	0.00957	0.00638	0.00718	0.00718	0.00718	0.00638	0.00399	0.00957	0.00957	0.01276	0.02074	0.04308	0.02393	0.76864	0.03351	0.00638	0.00638	0.00957	0.00399	0.00399
176	0.09462	0.01600	0.02044	0.01589	0.02077	0.05613	0.14265	0.24749	0.07754	0.16833	0.01848	0.06082	0.01404	0.00810	0.00667	0.00209	0.00735	0.00697	0.00585	0.00978
177	0.06445	0.01496	0.02399	0.30624	0.24701	0.05743	0.12974	0.01913	0.01447	0.01997	0.03269	0.01737	0.01091	0.00638	0.00660	0.00208	0.00865	0.00611	0.00332	0.00849
178	0.00929	0.00730	0.00862	0.00930	0.01042	0.03458	0.00677	0.01125	0.01503	0.01988	0.23177	0.39473	0.11034	0.01744	0.00814	0.00246	0.00413	0.08644	0.00632	0.00578
179	0.01845	0.04234	0.04564	0.01311	0.01867	0.03610	0.03042	0.26602	0.07745	0.02874	0.01433	0.01528	0.01098	0.00645	0.00578	0.00155	0.00640	0.00506	0.00498	0.35223
180	0.34034	0.11883	0.12881	0.01215	0.01726	0.01531	0.05085	0.05559	0.01434	0.06907	0.06055	0.03938	0.03802	0.00753	0.00544	0.00199	0.00635	0.00567	0.00438	0.00812
181	0.00954	0.00755	0.01129	0.01081	0.01227	0.00724	0.08117	0.01159	0.01378	0.01898	0.10076	0.44771	0.10899	0.01638	0.00830	0.00242	0.02985	0.01477	0.08064	0.00597
182	0.00913	0.00714	0.00833	0.00795	0.00990	0.00656	0.00599	0.01259	0.05847	0.02310	0.42559	0.05327	0.31897	0.01445	0.00771	0.00214	0.00332	0.01242	0.00677	0.00620
183	0.01946	0.07248	0.23984	0.01828	0.09557	0.06212	0.01642	0.21242	0.09154	0.08528	0.01540	0.01613	0.01123	0.00709	0.00630	0.00198	0.00800	0.00554	0.00477	0.01018
184	0.01604	0.01548	0.02673	0.08126	0.66462	0.01562	0.04319	0.02004	0.01490	0.02122	0.01238	0.01642	0.01032	0.00590	0.00656	0.00198	0.00799	0.00593	0.00324	0.01020
185	0.00957	0.00638	0.00718	0.00718	0.00718	0.00638	0.00399	0.00957	0.00957	0.01276	0.02074	0.04308	0.02393	0.76864	0.03351	0.00638	0.00638	0.00957	0.00399	0.00399
186	0.01841	0.62663	0.03145	0.04644	0.01873	0.13253	0.01181	0.02056	0.01416	0.01564	0.00942	0.01108	0.00847	0.00585	0.00459	0.00149	0.00784	0.00374	0.00291	0.00827
187	0.08045	0.05023	0.02952	0.09149	0.32806	0.01633	0.26733	0.02015	0.01466	0.02134	0.01226	0.01622	0.00977	0.00582	0.00668	0.00205	0.00884	0.00626	0.00330	0.00925
188	0.00818	0.00584	0.00782	0.00935	0.00980	0.00549	0.00639	0.00944	0.01276	0.01699	0.03620	0.72147	0.04319	0.02047	0.00845	0.00270	0.00396	0.06000	0.00611	0.00539
189	0.00824	0.00590	0.00775	0.00911	0.00961	0.00553	0.00618	0.00948	0.01282	0.01704	0.05482	0.65836	0.06442	0.05482	0.00956	0.00283	0.00401	0.04814	0.00604	0.00535
190	0.04645	0.10275	0.38781	0.06251	0.05708	0.01574	0.01825	0.04342	0.07253	0.06613	0.05496	0.01727	0.01309	0.00699	0.00615	0.00202	0.00803	0.00554	0.00390	0.00937
191	0.16454	0.12255	0.01978	0.08486	0.02083	0.04339	0.01186	0.37150	0.04885	0.03194	0.01351	0.01452	0.01009	0.00714	0.00579	0.00193	0.00705	0.00516	0.00515	0.00956
192	0.00798	0.00606	0.00737	0.00834	0.00935	0.00544	0.00576	0.00936	0.01356	0.01741	0.06722	0.51889	0.26122	0.01914	0.00818	0.00251	0.00364	0.01697	0.00615	0.00544
193	0.00953	0.00815	0.00836	0.00805	0.01055	0.00772	0.00611	0.01458	0.15368	0.01997	0.07802	0.05527	0.56614	0.01505	0.00757	0.00222	0.00370	0.01256	0.00626	0.00654
194	0.00997	0.00789	0.01060	0.01051	0.01171	0.03501	0.00805	0.01218	0.01113	0.01559	0.04510	0.02733	0.01841	0.09110	0.64278	0.00966	0.01616	0.00730	0.00370	0.00584
195	0.01760	0.77260	0.03450	0.01126	0.01690	0.02605	0.01126	0.01971	0.01338	0.01549	0.00915	0.01056	0.00845	0.00563	0.00422	0.00141	0.00704	0.00352	0.00282	0.00845
196	0.00880	0.00659	0.00753	0.00788	0.00960	0.00575	0.00577	0.01048	0.01465	0.04286	0.09338	0.26803	0.43487	0.01741	0.00797	0.00237	0.00365	0.04040	0.00625	0.00575
197	0.00887	0.00657	0.00827	0.00814	0.00964	0.00598	0.00599	0.01145	0.01715	0.02356	0.51396	0.15566	0.17032	0.01504	0.00786	0.00218	0.00325	0.01323	0.00689	0.00598
198	0.01320	0.03405	0.73453	0.01876	0.02849	0.01529	0.02432	0.02085	0.01390	0.02085	0.01181	0.01390	0.00834	0.00625	0.00625	0.00208	0.00973	0.00486	0.00278	0.00973
199	0.05276	0.00865	0.01064	0.00969	0.01272	0.00781	0.00780	0.01868	0.01594	0.27271	0.04090	0.09035	0.25880	0.03329	0.00814	0.00243	0.00481	0.12954	0.00668	0.00767
200	0.01365	0.00771	0.01007	0.00892	0.01130	0.00692	0.00688	0.01652	0.01842	0.18078	0.52281	0.04433	0.10039	0.01253	0.00751	0.00207	0.00367	0.01089	0.00736	0.00726
201	0.01243	0.01170	0.01975	0.75282	0.04534	0.01463	0.01828	0.01682	0.01316	0.01682	0.01170	0.01755	0.00878	0.00658	0.00658	0.00219	0.00878	0.00585	0.00293	0.00731
202	0.07189	0.01515	0.01643	0.01442	0.04984	0.04242	0.01102	0.21541	0.26938	0.17242	0.02112	0.02002	0.01514	0.00807	0.00640	0.00206	0.00615	0.00640	0.02589	0.01038
203	0.05884	0.07301	0.61441	0.01769	0.02651	0.05797	0.02198	0.02102	0.01400	0.02077	0.01143	0.01342	0.00829	0.00624	0.00600	0.00202	0.00945	0.00468	0.00289	0.00939
204	0.02019	0.02475	0.02848	0.02221	0.02719	0.38921	0.34888	0.02376	0.01714	0.01853	0.01170	0.01474	0.00921	0.00618	0.00683	0.00195	0.01150	0.00596	0.00336	0.00824
205	0.01253	0.01149	0.01804	0.06564	0.13684	0.01134	0.13672	0.04328	0.06468	0.02119	0.06768	0.03583	0.26153	0.01192	0.03381	0.00243	0.00663	0.00946	0.04124	0.00772
206	0.02503	0.01844	0.01976	0.01515	0.02042	0.02042	0.01251	0.70562	0.03095	0.04149	0.01581	0.01581	0.01120	0.00790	0.00659	0.00198	0.00724	0.00593	0.00659	0.01120
207	0.00802	0.00573	0.00764	0.00917	0.00955	0.00535	0.00611	0.00917	0.01260	0.01681	0.03628	0.76434	0.04354	0.02062	0.00840	0.00267	0.00382	0.01872	0.00611	0.00535
208	0.01635	0.00843	0.01098	0.00990	0.01258	0.00755	0.00753	0.03658	0.01658	0.26663	0.16354	0.28119	0.07787	0.01379	0.00745	0.00223	0.00440	0.01206	0.00696	0.03741
209	0.00800	0.00667	0.00700	0.00708	0.00916	0.00567	0.00534	0.00980	0.01517	0.01842	0.10993	0.08943	0.62765	0.01666	0.00785	0.00226	0.00344	0.03869	0.00619	0.00561
210	0.01271	0.01199	0.02025	0.70100	0.09496	0.01470	0.01842	0.01707	0.01330	0.01716	0.01175	0.01746	0.00890	0.00653	0.00658	0.00218	0.00871	0.00585	0.00295	0.00754
211	0.00836	0.00596	0.00766	0.00870	0.00922	0.00559	0.00578	0.00956	0.01287	0.01724	0.10476	0.56399	0.06783	0.12566	0.01187	0.00312	0.00409	0.01655	0.00593	0.00525
212	0.00974	0.00637	0.00712	0.00712	0.00721	0.00637	0.00403	0.00993	0.00984	0.01350	0.02079	0.04193	0.02350	0.72136	0.03171	0.00608	0.00618	0.00936	0.05377	0.00412
213	0.01629	0.01564	0.02672	0.04041	0.72757	0.01564	0.02020	0.02020	0.01499	0.02151	0.01238	0.01629	0.01043	0.00587	0.00652	0.00196	0.00782	0.00587	0.00326	0.01043
214	0.00836	0.00669	0.00748	0.00728	0.00925	0.00581	0.00546	0.01058	0.01638	0.02105	0.31603	0.05798	0.47352	0.01545	0.00777	0.00217	0.00325	0.01314	0.00654	0.00581
215	0.00823	0.00659	0.00748	0.00760	0.00933	0.00592	0.00559	0.01002	0.01449	0.01828	0.13717	0.14422	0.45883	0.04781	0.08531	0.00328	0.00497	0.01338	0.00591	0.00559
216	0.01764	0.55808	0.06286	0.01255	0.01760	0.04742	0.01209	0.02123	0.06813	0.04095	0.01120	0.01261	0.00963	0.00659	0.00628	0.00167	0.07732	0.00423	0.00332	0.00861
217	0.00922	0.00695	0.00960	0.05339	0.04485	0.00688	0.00745	0.01104	0.01349	0.01827	0.15495	0.38490	0.06172	0.10893	0.05671	0.00343	0.00537	0.03152	0.00558	0.00575
218	0.01320	0.03405	0.73453	0.01876	0.02849	0.01529	0.02432	0.02085	0.01390	0.02085	0.01181	0.01390	0.00834	0.00625	0.00625	0.00208	0.00973	0.00486	0.00278	0.00973
219	0.01353	0.16319	0.54922	0.01642	0.02479	0.01639	0.02039	0.01970	0.01390	0.01964	0.01592	0.01743	0.06816	0.00701	0.00602	0.00198	0.00872	0.00538	0.00306	0.00915
220	0.01344	0.01222	0.02047	0.53146	0.12280	0.01425	0.05852	0.03749	0.01411	0.01909	0.01292	0.01802	0.00988	0.00657	0.00646	0.00210	0.00822	0.00600	0.07822	0.00779
221	0.01320	0.03405	0.73453	0.01876	0.02849	0.01529	0.02432	0.02085	0.01390	0.02085	0.01181	0.01390	0.00834	0.00625	0.00625	0.00208	0.00973	0.00486	0.00278	0.00973
222	0.01760	0.77260	0.03450	0.01126	0.01690	0.02605	0.01126	0.01971	0.01338	0.01549	0.00915	0.01056	0.00845	0.00563	0.00422	0.00141	0.00704	0.00352	0.00282	0.00845
223	0.00997	0.00830	0.03283	0.01105	0.03401	0.00721	0.03903	0.01251	0.03964	0.04524	0.04042	0.42379	0.20564	0.01704	0.00800	0.00248	0.00456	0.04609	0.00589	0.00630
224	0.01493	0.01425	0.02425	0.29289	0.48578	0.01528	0.01952	0.01900	0.01434	0.01985	0.01214	0.01674	0.00984	0.00612	0.00654	0.00204	0.00816	0.00586	0.00314	0.00932
225	0.00778	0.00667	0.00667	0.00667	0.00889	0.00556	0.00500	0.00945	0.01501	0.01778	0.06669	0.06336	0.72490	0.01667	0.00778	0.00222	0.00333	0.01389	0.00611	0.00556
226	0.01495	0.01620	0.13781	0.01239	0.01644	0.09425	0.01143	0.08046	0.05632	0.08029	0.09397	0.06570	0.19019	0.01184	0.00722	0.00220	0.00639	0.08850	0.00556	0.00788
227	0.02671	0.01248	0.04417	0.01437	0.06195	0.01045	0.04228	0.02970	0.01826	0.60270	0.04967	0.02248	0.01703	0.00801	0.00669	0.00204	0.00605	0.00675	0.00739	0.01081
228	0.01111	0.00933	0.01000	0.00953	0.01212	0.00954	0.00731	0.01898	0.26408	0.02223	0.12274	0.07575	0.34969	0.01378	0.00747	0.00226	0.00409	0.03617	0.00644	0.00737
229	0.01255	0.01193	0.02047	0.72524	0.04493	0.01470	0.04435	0.01698	0.01325	0.01698	0.01176	0.01756	0.00882	0.00654	0.00663	0.00219	0.00886	0.00592	0.00294	0.00737
230	0.02192	0.05099	0.04205	0.01875	0.08048	0.54794	0.03956	0.02474	0.04325	0.01734	0.01230	0.04714	0.01072	0.00731	0.00615	0.00181	0.01067	0.00528	0.00359	0.00801
231	0.00784	0.00667	0.00675	0.00673	0.00893	0.00558	0.00505	0.00956	0.01514	0.01810	0.09085	0.06284	0.70054	0.01655	0.00778	0.00222	0.00333	0.01382	0.00615	0.00558
232	0.00784	0.00664	0.00677	0.00680	0.00894	0.00557	0.00508	0.00954	0.01506	0.01805	0.08802	0.08337	0.68258	0.01668	0.00780	0.00223	0.00334	0.01397	0.00615	0.00557
233	0.01624	0.01775	0.12643	0.03489	0.56721	0.01500	0.01993	0.02059	0.01502	0.05424	0.01381	0.01850	0.01147	0.00651	0.00659	0.00202	0.00792	0.03217	0.00353	0.01019
234	0.01791	0.01557	0.02222	0.02809	0.38943	0.04834	0.04260	0.02605	0.22505	0.08959	0.01790	0.01919	0.01376	0.00703	0.00660	0.00204	0.00714	0.00641	0.00475	0.01031
235	0.01608	0.01563	0.02728	0.06913	0.65074	0.01567	0.06792	0.02013	0.01495	0.02128	0.01242	0.01645	0.01033	0.00587	0.00661	0.00198	0.00809	0.00600	0.00325	0.01019
236	0.01384	0.03316	0.70648	0.01849	0.02804	0.01507	0.02375	0.02129	0.01409	0.04858	0.01237	0.01423	0.00865	0.00633	0.00627	0.00208	0.00957	0.00493	0.00299	0.00979
237	0.00879	0.00732	0.00929	0.12855	0.01524	0.00711	0.00775	0.01089	0.01425	0.01773	0.06646	0.22038	0.39398	0.01596	0.00780	0.00236	0.00447	0.05021	0.00562	0.00584
238	0.01376	0.03255	0.67702	0.01908	0.02852	0.01522	0.06184	0.02115	0.01412	0.03936	0.01227	0.01434	0.00864	0.00626	0.00635	0.00209	0.00970	0.00507	0.00295	0.00972
239	0.01725	0.01065	0.01454	0.01240	0.01569	0.01031	0.06884	0.12106	0.03830	0.20321	0.05474	0.18367	0.09859	0.03665	0.00836	0.00244	0.00570	0.08291	0.00644	0.00824
240	0.01445	0.08191	0.60941	0.01894	0.05297	0.06958	0.02245	0.02115	0.01426	0.02017	0.01154	0.01362	0.00843	0.00624	0.00611	0.00201	0.00964	0.00477	0.00285	0.00952
241	0.02018	0.01568	0.02241	0.10856	0.33956	0.01651	0.01631	0.25147	0.02055	0.10172	0.01487	0.01691	0.01111	0.00687	0.00656	0.00200	0.00750	0.00596	0.00485	0.01042
