[name]
unknown

[dist]
# distance from previous block
# <min> <max>
0	31

[block]
# block no. 0 follows, 29 sequences, length 14
# corresponding to MSA columns:
# 31-44
name=unknown_A
#
# <colnr> <probs for GDERKNQSTAVLIFYWHMCP>
#	G	D	E	R	K	N	Q	S	T	A	V	L	I	F	Y	W	H	M	C	P
0	0.06409	0.09479	0.09085	0.01733	0.09358	0.04717	0.06299	0.02197	0.06094	0.05175	0.01619	0.01889	0.02955	0.00696	0.00617	0.00177	0.00730	0.02064	0.00435	0.28273
1	0.01090	0.00831	0.01071	0.01128	0.01215	0.00893	0.00811	0.04326	0.04751	0.02011	0.03322	0.54481	0.03807	0.02084	0.04033	0.00317	0.08014	0.01654	0.03500	0.00660
2	0.01512	0.01003	0.00954	0.00897	0.01126	0.04832	0.00684	0.04814	0.11797	0.02738	0.05136	0.02651	0.02005	0.00872	0.00563	0.00183	0.00438	0.00699	0.56332	0.00765
3	0.05509	0.02060	0.14772	0.18340	0.31815	0.06056	0.07045	0.02163	0.01567	0.02208	0.01288	0.01698	0.01015	0.00663	0.00695	0.00220	0.00944	0.00607	0.00341	0.00993
4	0.01645	0.03088	0.49263	0.02131	0.06236	0.04603	0.08437	0.05519	0.01658	0.05598	0.01487	0.04474	0.01136	0.00749	0.00705	0.00226	0.01006	0.00632	0.00374	0.01035
5	0.00908	0.00637	0.00814	0.00939	0.00971	0.00606	0.00605	0.01002	0.01284	0.01712	0.03516	0.57551	0.04195	0.19893	0.01568	0.00387	0.00480	0.01784	0.00605	0.00543
6	0.01033	0.00754	0.01020	0.01016	0.01090	0.00833	0.00724	0.01190	0.01165	0.01635	0.05879	0.08026	0.02493	0.29533	0.36983	0.00850	0.03810	0.00962	0.00436	0.00567
7	0.01917	0.13433	0.19376	0.05393	0.09390	0.12008	0.11199	0.06934	0.01770	0.06515	0.01620	0.01824	0.04031	0.00735	0.00679	0.00209	0.00962	0.00617	0.00406	0.00983
8	0.01533	0.01417	0.03271	0.01652	0.08821	0.08507	0.04542	0.04407	0.09775	0.05503	0.08262	0.16935	0.12066	0.01550	0.05192	0.00295	0.03768	0.01096	0.00572	0.00834
9	0.01027	0.00727	0.00879	0.00938	0.01089	0.00667	0.00666	0.01271	0.04454	0.05530	0.08945	0.42970	0.24338	0.01929	0.00866	0.00265	0.00409	0.01701	0.00683	0.00647
10	0.04248	0.01485	0.01504	0.01320	0.01693	0.05157	0.01031	0.16398	0.30777	0.03040	0.10727	0.06715	0.10594	0.01139	0.00745	0.00232	0.00589	0.00938	0.00691	0.00976
11	0.04385	0.06038	0.10174	0.02093	0.12632	0.07713	0.10754	0.05683	0.06434	0.14019	0.02090	0.06482	0.04367	0.00998	0.02751	0.00248	0.00864	0.00764	0.00515	0.00995
12	0.13932	0.10516	0.14007	0.03161	0.07599	0.06714	0.01350	0.07023	0.01545	0.02346	0.01395	0.01815	0.01168	0.04579	0.03985	0.06519	0.02404	0.00560	0.08546	0.00836
13	0.07625	0.04393	0.03634	0.07147	0.05535	0.06656	0.04832	0.06744	0.04410	0.02266	0.01895	0.09837	0.03723	0.04750	0.07531	0.00318	0.03999	0.00780	0.00455	0.13469

[dist]
# distance from previous block
# <min> <max>
0	3

[block]
# block no. 1 follows, 29 sequences, length 9
# corresponding to MSA columns:
# 48-56
name=unknown_B
#
# <colnr> <probs for GDERKNQSTAVLIFYWHMCP>
#	G	D	E	R	K	N	Q	S	T	A	V	L	I	F	Y	W	H	M	C	P
0	0.04227	0.15867	0.05980	0.01946	0.10002	0.04036	0.11074	0.14036	0.01869	0.04456	0.01773	0.04397	0.05123	0.00817	0.00741	0.00204	0.04140	0.00679	0.00458	0.08176
1	0.06721	0.15266	0.10988	0.01627	0.04112	0.14911	0.04625	0.08420	0.07289	0.04515	0.06019	0.02154	0.06262	0.00861	0.00710	0.00208	0.03256	0.00655	0.00472	0.00928
2	0.01175	0.00852	0.01028	0.03332	0.01212	0.00887	0.00715	0.01559	0.07702	0.02215	0.20279	0.03997	0.06535	0.21241	0.06572	0.00407	0.03440	0.00977	0.12617	0.03260
3	0.01537	0.01467	0.02425	0.28417	0.27407	0.01590	0.07903	0.02165	0.09580	0.02187	0.01948	0.02314	0.06370	0.00786	0.00732	0.00229	0.00846	0.00738	0.00408	0.00952
4	0.00889	0.00629	0.00820	0.00964	0.01000	0.00593	0.00632	0.00997	0.01322	0.01762	0.03712	0.65671	0.04441	0.11437	0.01253	0.00340	0.00448	0.01899	0.00632	0.00560
5	0.01750	0.01647	0.06192	0.13370	0.02513	0.01714	0.04559	0.12867	0.35658	0.02857	0.02470	0.05119	0.04208	0.00949	0.00734	0.00237	0.00709	0.00806	0.00607	0.01033
6	0.00963	0.00701	0.00811	0.00812	0.00921	0.00652	0.00542	0.01106	0.01465	0.01934	0.20817	0.11812	0.21364	0.30779	0.01951	0.00419	0.00490	0.01311	0.00601	0.00550
7	0.08141	0.01296	0.03579	0.01364	0.01768	0.01257	0.07126	0.08350	0.11816	0.16490	0.10716	0.10306	0.07201	0.01417	0.05632	0.00297	0.00699	0.00961	0.00659	0.00926
8	0.04622	0.01344	0.01575	0.03886	0.01868	0.01143	0.00959	0.09175	0.01722	0.09200	0.01453	0.01598	0.01126	0.00609	0.00570	0.00138	0.00580	0.00481	0.00494	0.57458

[dist]
# distance from previous block
# <min> <max>
6	11

[block]
# block no. 2 follows, 29 sequences, length 6
# corresponding to MSA columns:
# 71-76
name=unknown_C
#
# <colnr> <probs for GDERKNQSTAVLIFYWHMCP>
#	G	D	E	R	K	N	Q	S	T	A	V	L	I	F	Y	W	H	M	C	P
0	0.10093	0.01725	0.02120	0.09097	0.08765	0.09988	0.09659	0.09335	0.01731	0.02479	0.01378	0.04316	0.01156	0.00739	0.00729	0.00196	0.04337	0.00610	0.00428	0.21119
1	0.01076	0.00781	0.00939	0.00923	0.01033	0.00801	0.00635	0.04776	0.01318	0.01749	0.03134	0.09359	0.14525	0.34951	0.20246	0.00671	0.00927	0.01098	0.00491	0.00567
2	0.01149	0.00993	0.04922	0.01076	0.01260	0.00911	0.00837	0.04747	0.06214	0.02016	0.08101	0.16965	0.07687	0.21467	0.14687	0.00534	0.00828	0.04397	0.00546	0.00660
3	0.01389	0.01029	0.01173	0.01181	0.04697	0.03872	0.00819	0.03929	0.06260	0.07511	0.14043	0.12656	0.16421	0.12270	0.01257	0.00302	0.03293	0.01147	0.06018	0.00735
4	0.01460	0.16697	0.01804	0.06282	0.04156	0.01426	0.01000	0.07305	0.01742	0.04926	0.14288	0.03870	0.22140	0.05292	0.00957	0.00243	0.04108	0.00965	0.00554	0.00787
5	0.07480	0.08382	0.16505	0.03995	0.07067	0.23993	0.01577	0.05743	0.01775	0.07036	0.01311	0.01483	0.01008	0.00694	0.00624	0.00192	0.00950	0.00502	0.00410	0.09272

[dist]
# distance from previous block
# <min> <max>
0	6

[block]
# block no. 3 follows, 29 sequences, length 26
# corresponding to MSA columns:
# 83-108
name=unknown_D
#
# <colnr> <probs for GDERKNQSTAVLIFYWHMCP>
#	G	D	E	R	K	N	Q	S	T	A	V	L	I	F	Y	W	H	M	C	P
0	0.09780	0.03732	0.04027	0.01673	0.03892	0.01670	0.10224	0.16857	0.06498	0.02807	0.04711	0.04749	0.01767	0.03306	0.02857	0.00276	0.10366	0.04495	0.05407	0.00906
1	0.01620	0.04295	0.01476	0.05389	0.03696	0.01220	0.00990	0.09692	0.08634	0.11461	0.16744	0.07154	0.19420	0.01271	0.00830	0.00232	0.03288	0.01055	0.00669	0.00864
2	0.01428	0.03683	0.71286	0.02030	0.03082	0.01654	0.02631	0.02255	0.01503	0.02255	0.01278	0.01503	0.00902	0.00677	0.00677	0.00226	0.01052	0.00526	0.00301	0.01052
3	0.01026	0.00763	0.00883	0.00887	0.01085	0.00695	0.00651	0.01336	0.05572	0.04778	0.19434	0.22638	0.34139	0.01750	0.00846	0.00248	0.00389	0.01514	0.00699	0.00664
4	0.00924	0.00722	0.00822	0.00803	0.00990	0.00647	0.00588	0.01140	0.01669	0.02160	0.27051	0.05941	0.39366	0.09413	0.04361	0.00323	0.00457	0.01351	0.00665	0.00608
5	0.01367	0.00710	0.00726	0.00709	0.00898	0.00705	0.00536	0.01738	0.03571	0.04663	0.02658	0.02908	0.06078	0.00896	0.00532	0.00174	0.00349	0.00722	0.69370	0.00690
6	0.01334	0.00941	0.01056	0.00950	0.01086	0.00963	0.00627	0.12088	0.01445	0.01956	0.02085	0.03910	0.02239	0.55459	0.05982	0.00598	0.00750	0.00923	0.00475	0.05134
7	0.01717	0.01645	0.02791	0.03973	0.59787	0.01651	0.05571	0.02228	0.05526	0.02338	0.01554	0.05171	0.01351	0.00725	0.00723	0.00218	0.00829	0.00719	0.00389	0.01094
8	0.05460	0.05287	0.05812	0.01876	0.10109	0.03690	0.01428	0.37398	0.09331	0.03474	0.01702	0.01832	0.01291	0.01183	0.06646	0.00291	0.00878	0.00634	0.00583	0.01095
9	0.01953	0.01518	0.01637	0.01439	0.01863	0.01718	0.01129	0.06488	0.59759	0.09814	0.02839	0.02593	0.02092	0.00953	0.00723	0.00238	0.00577	0.00789	0.00740	0.01139
10	0.01008	0.00700	0.00914	0.00942	0.00992	0.00735	0.00631	0.01103	0.01124	0.01541	0.02380	0.15854	0.02629	0.36529	0.26068	0.03735	0.01048	0.01097	0.00449	0.00520
11	0.01016	0.00705	0.00934	0.06141	0.01308	0.00683	0.00738	0.01190	0.01433	0.04135	0.07313	0.50520	0.09116	0.05892	0.01006	0.00291	0.00461	0.01677	0.04823	0.00617
12	0.05373	0.01885	0.09153	0.09479	0.18994	0.04706	0.06409	0.17793	0.04878	0.05390	0.01732	0.05462	0.01430	0.00851	0.00721	0.00227	0.00844	0.03151	0.00496	0.01025
13	0.00874	0.00692	0.00787	0.00828	0.00998	0.00605	0.00596	0.01061	0.01604	0.02031	0.15647	0.26841	0.41158	0.01879	0.00861	0.00253	0.00373	0.01626	0.00680	0.00605
14	0.01029	0.00687	0.00779	0.00786	0.00787	0.00686	0.00441	0.01034	0.01049	0.01399	0.02313	0.07557	0.02677	0.71958	0.03512	0.00674	0.00679	0.01077	0.00441	0.00438
15	0.01687	0.01664	0.08813	0.05188	0.24333	0.03438	0.09686	0.04917	0.03651	0.07276	0.05302	0.06335	0.07074	0.00905	0.00732	0.00222	0.00776	0.00829	0.06210	0.00963
16	0.05634	0.03560	0.67526	0.01971	0.02991	0.01651	0.02531	0.02246	0.01488	0.02305	0.01263	0.01485	0.00895	0.00676	0.00664	0.00225	0.01026	0.00519	0.00308	0.01037
17	0.09201	0.01222	0.01457	0.01166	0.01619	0.01186	0.00950	0.13147	0.02073	0.38394	0.05995	0.02400	0.01868	0.00880	0.00658	0.00209	0.00564	0.00697	0.15269	0.01044
18	0.01523	0.01510	0.02174	0.13568	0.02367	0.02083	0.01627	0.01731	0.01145	0.01731	0.00989	0.01614	0.00937	0.01159	0.02071	0.00299	0.61756	0.00625	0.00312	0.00781
19	0.01868	0.17975	0.02662	0.08043	0.12841	0.10435	0.08933	0.07084	0.12162	0.02274	0.01648	0.06026	0.01409	0.00821	0.00718	0.00213	0.02795	0.00689	0.00442	0.00962
20	0.01099	0.01103	0.06692	0.01224	0.03314	0.02788	0.00975	0.01347	0.01297	0.01753	0.02944	0.06834	0.15231	0.11983	0.34094	0.00713	0.04543	0.00960	0.00444	0.00661
21	0.00954	0.00675	0.00803	0.00870	0.00924	0.00644	0.00560	0.01037	0.01260	0.01644	0.03591	0.30116	0.12648	0.35733	0.02156	0.00469	0.00545	0.04299	0.00555	0.00517
22	0.02287	0.02164	0.04199	0.10016	0.04103	0.26832	0.04392	0.04755	0.11189	0.15576	0.01805	0.01976	0.01357	0.03238	0.02774	0.00253	0.00975	0.00633	0.00521	0.00953
23	0.04311	0.12140	0.14204	0.06057	0.15626	0.07799	0.11369	0.11385	0.03964	0.04468	0.01404	0.01647	0.01079	0.00694	0.00675	0.00211	0.00929	0.00598	0.00417	0.01022
24	0.01342	0.04484	0.04272	0.01268	0.05997	0.03286	0.00931	0.04738	0.06484	0.02247	0.06642	0.09103	0.09779	0.08292	0.11859	0.00397	0.00767	0.00934	0.16429	0.00749
25	0.07291	0.03345	0.03440	0.01402	0.03605	0.01128	0.10127	0.04473	0.06704	0.02291	0.08637	0.25480	0.13112	0.04570	0.00916	0.00267	0.00597	0.01276	0.00580	0.00758

[dist]
# distance from previous block
# <min> <max>
0	28

[block]
# block no. 4 follows, 29 sequences, length 37
# corresponding to MSA columns:
# 140-176
name=unknown_E
#
# <colnr> <probs for GDERKNQSTAVLIFYWHMCP>
#	G	D	E	R	K	N	Q	S	T	A	V	L	I	F	Y	W	H	M	C	P
0	0.10939	0.09911	0.01804	0.01544	0.07919	0.11182	0.01104	0.15543	0.01916	0.02601	0.06268	0.16103	0.05000	0.04104	0.00810	0.00239	0.00708	0.00914	0.00535	0.00854
1	0.01998	0.18745	0.04507	0.01719	0.06716	0.16070	0.06321	0.09241	0.01830	0.05824	0.03847	0.01879	0.03304	0.01110	0.06324	0.00261	0.00953	0.00596	0.00442	0.08313
2	0.01436	0.04594	0.17344	0.03752	0.01980	0.07884	0.05138	0.03944	0.01504	0.01957	0.02233	0.12777	0.06080	0.04454	0.01204	0.13136	0.00793	0.05902	0.00436	0.03450
3	0.11756	0.20920	0.14435	0.01617	0.02191	0.20321	0.05726	0.04868	0.04726	0.02194	0.01334	0.04443	0.01132	0.00752	0.00607	0.00199	0.00928	0.00554	0.00390	0.00907
4	0.01509	0.01230	0.01288	0.01229	0.03349	0.05965	0.00897	0.05922	0.18721	0.04847	0.11837	0.10238	0.12102	0.06167	0.03634	0.00290	0.00606	0.01028	0.05685	0.03458
5	0.01020	0.00751	0.01086	0.01086	0.01193	0.00858	0.00817	0.01234	0.01127	0.01610	0.01961	0.03093	0.01908	0.16387	0.61282	0.01072	0.01714	0.00806	0.00389	0.00603
6	0.01028	0.00815	0.01251	0.01204	0.01360	0.00828	0.06600	0.01259	0.01353	0.01841	0.06023	0.24683	0.07936	0.08451	0.26983	0.00621	0.01054	0.05557	0.00522	0.00633
7	0.06565	0.01072	0.01330	0.01190	0.01542	0.01039	0.00983	0.08712	0.01910	0.26593	0.06062	0.07859	0.04960	0.01281	0.00771	0.00248	0.00577	0.18351	0.08047	0.00907
8	0.01885	0.01586	0.01674	0.01472	0.01895	0.01824	0.01155	0.11586	0.61260	0.03162	0.02754	0.02542	0.02057	0.00953	0.00723	0.00238	0.00590	0.00785	0.00723	0.01137
9	0.00895	0.00696	0.00798	0.00826	0.00987	0.00616	0.00589	0.01082	0.01601	0.02053	0.19049	0.22739	0.36687	0.06841	0.01048	0.00280	0.00391	0.01553	0.00671	0.00599
10	0.70220	0.01319	0.01055	0.00937	0.01365	0.01502	0.00768	0.02142	0.01278	0.07046	0.01187	0.01332	0.00900	0.00685	0.00460	0.00217	0.00539	0.00424	0.05835	0.00789
11	0.01017	0.00808	0.00925	0.01030	0.01114	0.04371	0.00722	0.01159	0.01389	0.01788	0.03662	0.46658	0.08502	0.11401	0.05280	0.00383	0.00599	0.08006	0.00600	0.00585
12	0.00895	0.00640	0.00830	0.00971	0.01022	0.00601	0.00653	0.01018	0.01353	0.01791	0.03896	0.61554	0.07432	0.09591	0.01185	0.00329	0.00449	0.04583	0.00637	0.00568
13	0.01125	0.00800	0.00984	0.01030	0.01135	0.00796	0.00719	0.08190	0.01566	0.02098	0.07600	0.43595	0.03989	0.17063	0.01450	0.00362	0.00520	0.05724	0.00627	0.00626
14	0.01820	0.01397	0.01514	0.01341	0.01731	0.01556	0.01048	0.06091	0.50404	0.08843	0.07635	0.02986	0.05760	0.01024	0.00729	0.00235	0.00543	0.00853	0.03425	0.01065
15	0.02084	0.01566	0.01698	0.01458	0.01904	0.01755	0.01153	0.13874	0.51040	0.11155	0.02701	0.02481	0.01974	0.00939	0.00722	0.00235	0.00603	0.00769	0.00741	0.01150
16	0.01577	0.01200	0.01430	0.01075	0.01619	0.00965	0.00848	0.01922	0.03723	0.08210	0.01559	0.01888	0.01299	0.05615	0.05509	0.00226	0.00637	0.00522	0.00470	0.59707
17	0.05614	0.03454	0.63162	0.01947	0.02937	0.01686	0.02451	0.06493	0.01607	0.02448	0.01291	0.01499	0.00915	0.00687	0.00667	0.00224	0.01009	0.00526	0.00335	0.01048
18	0.02433	0.14420	0.02301	0.01742	0.02110	0.54422	0.01369	0.02621	0.01837	0.01729	0.01067	0.01289	0.00918	0.00765	0.00781	0.00191	0.08354	0.00463	0.00352	0.00835
19	0.01589	0.01539	0.02653	0.30122	0.37902	0.01683	0.06312	0.02029	0.01523	0.02100	0.01297	0.01813	0.01047	0.00693	0.00802	0.00228	0.04711	0.00647	0.00337	0.00972
20	0.01889	0.01571	0.01781	0.01690	0.06587	0.01785	0.01261	0.15723	0.43765	0.03104	0.02563	0.02823	0.02032	0.01017	0.00804	0.00244	0.03398	0.06197	0.00675	0.01091
21	0.01879	0.01365	0.01270	0.01117	0.01456	0.14229	0.00865	0.02115	0.01885	0.21576	0.16053	0.04277	0.26483	0.01279	0.00768	0.00221	0.00600	0.01045	0.00690	0.00829
22	0.00940	0.00692	0.00877	0.00959	0.01014	0.00688	0.00645	0.01049	0.01291	0.01715	0.03635	0.44851	0.10445	0.18969	0.05532	0.00424	0.03515	0.01619	0.00579	0.00558
23	0.02466	0.02939	0.01935	0.03881	0.04080	0.57802	0.01345	0.02727	0.04255	0.04726	0.01439	0.06420	0.01262	0.00847	0.00670	0.00197	0.01149	0.00598	0.00419	0.00843
24	0.00984	0.00755	0.01072	0.01090	0.01239	0.00701	0.05283	0.01198	0.01515	0.02031	0.09695	0.42545	0.14837	0.01881	0.00871	0.00269	0.00471	0.07799	0.05136	0.00628
25	0.01534	0.01523	0.02135	0.01837	0.01843	0.02124	0.01528	0.01694	0.01093	0.01711	0.00978	0.01613	0.00972	0.01428	0.05439	0.00349	0.70483	0.00629	0.00315	0.00773
26	0.01472	0.07238	0.49737	0.01967	0.05535	0.04791	0.04383	0.02121	0.01492	0.02121	0.01446	0.04914	0.01191	0.03234	0.05084	0.00291	0.01055	0.00626	0.00333	0.00970
27	0.05082	0.21240	0.12157	0.06914	0.15691	0.06782	0.06837	0.08512	0.01728	0.02292	0.01585	0.01816	0.04966	0.00732	0.00641	0.00202	0.00871	0.00598	0.00388	0.00969
28	0.01218	0.00817	0.00952	0.00962	0.01158	0.00777	0.00701	0.04412	0.05926	0.07362	0.04488	0.34980	0.22990	0.01735	0.00817	0.00252	0.00431	0.01510	0.07809	0.00704
29	0.00956	0.00672	0.00821	0.00874	0.00932	0.00640	0.00564	0.01069	0.01355	0.01820	0.14335	0.31360	0.07949	0.31127	0.01978	0.00436	0.00508	0.01478	0.00590	0.00536
30	0.01193	0.00928	0.01252	0.08859	0.07381	0.00954	0.00955	0.07296	0.01544	0.02041	0.03273	0.33138	0.11090	0.10677	0.03654	0.02531	0.00623	0.01371	0.00556	0.00684
31	0.01636	0.06177	0.11055	0.16036	0.25732	0.10575	0.01811	0.02052	0.01593	0.02067	0.04669	0.02110	0.04237	0.01098	0.05939	0.00281	0.00977	0.00659	0.00373	0.00925
32	0.01289	0.01120	0.03295	0.12341	0.07117	0.04704	0.01125	0.01570	0.01504	0.04320	0.06702	0.23651	0.08068	0.01699	0.06282	0.00314	0.03474	0.03091	0.07604	0.00729
33	0.00966	0.00665	0.00863	0.00974	0.01045	0.00632	0.00684	0.01085	0.01373	0.01827	0.05701	0.43604	0.09046	0.09840	0.01337	0.06595	0.00482	0.10053	0.02670	0.00558
34	0.01911	0.06923	0.08431	0.11992	0.14385	0.12480	0.12143	0.06615	0.04625	0.06463	0.05893	0.01972	0.01478	0.00753	0.00709	0.00215	0.00932	0.00668	0.00442	0.00970
35	0.07275	0.14335	0.10905	0.04055	0.02274	0.09354	0.07687	0.15548	0.09168	0.02680	0.04197	0.02089	0.05779	0.00830	0.00665	0.00211	0.00830	0.00660	0.00492	0.00966
36	0.01916	0.06492	0.08179	0.01531	0.01954	0.18160	0.04525	0.18177	0.02016	0.02472	0.02140	0.10197	0.06294	0.07034	0.05465	0.00311	0.00940	0.00830	0.00500	0.00868

[dist]
# distance from previous block
# <min> <max>
0	11

[block]
# block no. 5 follows, 29 sequences, length 41
# corresponding to MSA columns:
# 188-228
name=unknown_F
#
# <colnr> <probs for GDERKNQSTAVLIFYWHMCP>
#	G	D	E	R	K	N	Q	S	T	A	V	L	I	F	Y	W	H	M	C	P
0	0.01730	0.03714	0.01787	0.05854	0.09050	0.01393	0.03553	0.14265	0.09237	0.06812	0.02587	0.10801	0.07686	0.01176	0.02535	0.00242	0.00678	0.03457	0.03842	0.09601
1	0.05362	0.12312	0.06398	0.09213	0.16750	0.06339	0.06626	0.02049	0.01551	0.06730	0.02061	0.04681	0.08345	0.04097	0.00889	0.00239	0.04298	0.00741	0.00424	0.00896
2	0.01182	0.00832	0.01020	0.01098	0.03966	0.00815	0.00711	0.05311	0.03527	0.04569	0.03472	0.32703	0.11113	0.24376	0.01705	0.00395	0.00545	0.01430	0.00591	0.00638
3	0.00909	0.00644	0.00817	0.00930	0.00977	0.00607	0.00608	0.01019	0.01337	0.01780	0.06886	0.53470	0.07257	0.17522	0.01475	0.00369	0.00466	0.01757	0.00618	0.00553
4	0.01656	0.06229	0.09128	0.10355	0.04741	0.09476	0.23578	0.02165	0.04333	0.03785	0.06098	0.05442	0.03142	0.02669	0.00812	0.00235	0.00936	0.00800	0.03540	0.00881
5	0.01704	0.01826	0.04759	0.16114	0.29804	0.11140	0.09434	0.02112	0.01604	0.02098	0.01556	0.01979	0.03569	0.00912	0.03591	0.00256	0.03015	0.00667	0.02922	0.00939
6	0.01428	0.03683	0.71286	0.02030	0.03082	0.01654	0.02631	0.02255	0.01503	0.02255	0.01278	0.01503	0.00902	0.00677	0.00677	0.00226	0.01052	0.00526	0.00301	0.01052
7	0.01013	0.00732	0.00884	0.00920	0.01071	0.00677	0.00654	0.01279	0.04591	0.04335	0.18382	0.33589	0.22218	0.05068	0.00982	0.00276	0.00408	0.01593	0.00686	0.00642
8	0.01701	0.01370	0.01867	0.16121	0.13384	0.05465	0.03741	0.06772	0.03898	0.09971	0.04927	0.14244	0.05355	0.04381	0.00941	0.00257	0.03242	0.00957	0.00528	0.00877
9	0.01185	0.00747	0.00964	0.00979	0.01133	0.00702	0.00713	0.01377	0.01535	0.09433	0.14390	0.28755	0.13170	0.09663	0.08084	0.00391	0.00601	0.04866	0.00653	0.00659
10	0.00988	0.00745	0.00871	0.00852	0.01044	0.00683	0.00634	0.01319	0.04467	0.02441	0.36283	0.11296	0.28050	0.01584	0.00822	0.00232	0.00360	0.01367	0.05306	0.00657
11	0.04188	0.02431	0.27316	0.05449	0.05418	0.01727	0.24532	0.07614	0.07141	0.02510	0.01572	0.01983	0.01199	0.00730	0.00744	0.00234	0.01001	0.02797	0.00407	0.01009
12	0.01684	0.01223	0.01878	0.41759	0.06493	0.01385	0.01580	0.04719	0.04430	0.13848	0.01997	0.12346	0.01693	0.00970	0.00741	0.00240	0.00787	0.00853	0.00497	0.00878
13	0.00879	0.00636	0.00812	0.00946	0.01004	0.00590	0.00630	0.00998	0.01362	0.01792	0.04114	0.61885	0.11099	0.08276	0.01129	0.00318	0.00431	0.01889	0.00642	0.00568
14	0.00868	0.00620	0.00826	0.00991	0.01033	0.00578	0.00661	0.00991	0.01363	0.01818	0.03925	0.74510	0.04710	0.02231	0.00909	0.00289	0.00413	0.02024	0.00661	0.00578
15	0.01920	0.01532	0.01617	0.01402	0.01814	0.01741	0.01105	0.17137	0.47848	0.03261	0.02584	0.02457	0.01932	0.00927	0.00697	0.00227	0.00584	0.00755	0.09365	0.01094
16	0.02393	0.01631	0.01753	0.01382	0.01852	0.01775	0.01129	0.48784	0.02831	0.07224	0.01912	0.01975	0.01388	0.00850	0.00660	0.00202	0.00664	0.00650	0.19867	0.01077
17	0.02358	0.02152	0.04734	0.01628	0.02132	0.13739	0.01338	0.34636	0.23477	0.03471	0.01959	0.01924	0.01448	0.00862	0.00703	0.00218	0.00810	0.00657	0.00642	0.01114
18	0.02063	0.02207	0.01705	0.06925	0.02067	0.33861	0.01201	0.13864	0.02097	0.02346	0.07360	0.10380	0.08803	0.01081	0.00724	0.00213	0.00909	0.00845	0.00518	0.00830
19	0.07190	0.03171	0.01994	0.01862	0.04497	0.63286	0.01367	0.04886	0.02000	0.01937	0.01122	0.01307	0.00925	0.00730	0.00635	0.00188	0.01210	0.00466	0.00382	0.00845
20	0.01641	0.01490	0.02382	0.42410	0.25979	0.01691	0.01972	0.09717	0.01714	0.02297	0.01342	0.01832	0.01038	0.00703	0.00710	0.00226	0.00896	0.00634	0.00375	0.00950
21	0.00887	0.00667	0.00821	0.00901	0.01019	0.00602	0.00631	0.01065	0.01555	0.02040	0.17184	0.43361	0.22736	0.01971	0.00878	0.00264	0.00385	0.01746	0.00684	0.00602
22	0.02660	0.03394	0.02018	0.01834	0.02201	0.72116	0.01376	0.02843	0.02018	0.01743	0.01101	0.01284	0.00917	0.00734	0.00642	0.00183	0.01284	0.00459	0.00367	0.00825
23	0.01762	0.01692	0.02890	0.04371	0.70533	0.01692	0.02185	0.02185	0.01621	0.02326	0.01339	0.01762	0.01128	0.00634	0.00705	0.00211	0.00846	0.00634	0.00352	0.01128
24	0.02647	0.01937	0.02073	0.01596	0.02148	0.02141	0.01316	0.65268	0.03267	0.04408	0.01736	0.01751	0.01238	0.00854	0.00703	0.00212	0.00764	0.00642	0.04113	0.01187
25	0.02707	0.01995	0.02137	0.01638	0.02208	0.02208	0.01353	0.68159	0.03348	0.04488	0.01710	0.01710	0.01211	0.00855	0.00712	0.00214	0.00784	0.00641	0.00712	0.01211
26	0.02598	0.01920	0.02054	0.01585	0.02135	0.02114	0.01306	0.64227	0.03247	0.04337	0.02032	0.02011	0.05254	0.00910	0.00720	0.00215	0.00759	0.00692	0.00709	0.01175
27	0.00917	0.00652	0.00869	0.01024	0.01080	0.00619	0.00716	0.01062	0.01383	0.01836	0.03804	0.61034	0.04499	0.06454	0.01078	0.00318	0.00464	0.10961	0.00647	0.00581
28	0.01227	0.00625	0.00937	0.00937	0.00943	0.00630	0.00630	0.00943	0.00937	0.01255	0.01267	0.02193	0.01261	0.02601	0.05865	0.75811	0.00676	0.00625	0.00312	0.00324
29	0.01124	0.00870	0.01152	0.01116	0.01291	0.00886	0.04171	0.04531	0.04501	0.02101	0.03727	0.33018	0.15465	0.02137	0.09376	0.00362	0.03583	0.01404	0.08505	0.00680
30	0.01005	0.00654	0.00917	0.01003	0.01050	0.00657	0.00695	0.01042	0.01205	0.01628	0.02787	0.37906	0.03172	0.06016	0.14508	0.20804	0.00757	0.03169	0.00509	0.00515
31	0.01013	0.00746	0.01078	0.01085	0.01191	0.00848	0.00815	0.01226	0.01139	0.01621	0.02044	0.06228	0.02025	0.15119	0.59250	0.01042	0.01668	0.00857	0.00401	0.00604
32	0.01478	0.01402	0.02377	0.51251	0.25874	0.01617	0.02044	0.01936	0.01487	0.01981	0.01289	0.01855	0.01006	0.00687	0.00710	0.00229	0.00916	0.00633	0.00328	0.00899
33	0.01759	0.01701	0.02943	0.04315	0.67832	0.01696	0.04844	0.02189	0.01624	0.02324	0.01343	0.01769	0.01126	0.00633	0.00710	0.00213	0.00860	0.00643	0.00353	0.01121
34	0.00871	0.00632	0.00823	0.00966	0.01028	0.00584	0.00652	0.01008	0.01410	0.01867	0.06816	0.66352	0.10033	0.02166	0.00901	0.00283	0.00406	0.01953	0.00666	0.00584
35	0.01056	0.00772	0.01044	0.01027	0.01148	0.00836	0.00758	0.03097	0.01327	0.01854	0.11438	0.05445	0.05521	0.18930	0.41561	0.00841	0.01310	0.00949	0.00474	0.00612
36	0.01276	0.00891	0.01052	0.00987	0.01235	0.00851	0.00757	0.04808	0.07934	0.07996	0.27387	0.12088	0.24068	0.01539	0.00827	0.00241	0.00429	0.04154	0.00729	0.00751
37	0.00899	0.00697	0.00938	0.01005	0.01122	0.00634	0.03217	0.01063	0.01461	0.01905	0.07479	0.53854	0.19006	0.02040	0.00888	0.00274	0.00428	0.01832	0.00655	0.00602
38	0.01841	0.01407	0.01868	0.01783	0.09623	0.04210	0.07230	0.18052	0.03524	0.07994	0.02147	0.08377	0.03547	0.07368	0.08491	0.07070	0.00879	0.03170	0.00541	0.00879
39	0.04638	0.01519	0.04499	0.24497	0.11074	0.06985	0.07134	0.04777	0.01569	0.02136	0.01794	0.13774	0.01687	0.02685	0.00849	0.00245	0.03437	0.00862	0.05013	0.00825
40	0.08388	0.08208	0.29078	0.04733	0.05093	0.01689	0.06812	0.02086	0.04672	0.02215	0.03373	0.04693	0.01356	0.01140	0.05726	0.00295	0.08491	0.00656	0.00375	0.00919

[dist]
# distance from previous block
# <min> <max>
2	12

[block]
# block no. 6 follows, 29 sequences, length 34
# corresponding to MSA columns:
# 244-277
name=unknown_G
#
# <colnr> <probs for GDERKNQSTAVLIFYWHMCP>
#	G	D	E	R	K	N	Q	S	T	A	V	L	I	F	Y	W	H	M	C	P
0	0.03861	0.12497	0.05543	0.01847	0.12583	0.10757	0.01321	0.10169	0.08344	0.02342	0.02073	0.11620	0.04604	0.04468	0.02610	0.00262	0.02888	0.00821	0.00484	0.00906
1	0.01222	0.01072	0.01269	0.01239	0.03551	0.04740	0.02763	0.01504	0.04903	0.01972	0.06071	0.23257	0.13181	0.11009	0.01278	0.00300	0.06003	0.03859	0.00550	0.10258
2	0.01951	0.32021	0.02773	0.08078	0.05025	0.17162	0.04671	0.06436	0.01668	0.01932	0.01265	0.04081	0.01131	0.00958	0.03008	0.03178	0.02873	0.00557	0.00366	0.00867
3	0.01096	0.03571	0.01127	0.01020	0.01156	0.00907	0.00763	0.01354	0.03823	0.01974	0.16313	0.11408	0.07254	0.11955	0.22983	0.03792	0.03975	0.01056	0.03841	0.00631
4	0.01486	0.01163	0.01231	0.01111	0.01392	0.05492	0.02467	0.13248	0.04464	0.04581	0.09572	0.17157	0.21617	0.01414	0.00769	0.00230	0.00533	0.01198	0.10097	0.00778
5	0.05051	0.10302	0.08405	0.06355	0.05655	0.01741	0.06632	0.16376	0.08449	0.02645	0.01799	0.04673	0.01576	0.07802	0.01002	0.00265	0.02464	0.04182	0.00494	0.04134
6	0.01386	0.01062	0.01212	0.01146	0.01411	0.01122	0.00864	0.02359	0.29815	0.05860	0.19721	0.18006	0.10300	0.01413	0.00800	0.00246	0.00461	0.01227	0.00728	0.00862
7	0.01060	0.00684	0.00753	0.00763	0.00822	0.00669	0.00470	0.01149	0.01202	0.01703	0.02872	0.08915	0.09482	0.48990	0.02582	0.00521	0.00572	0.01076	0.15215	0.00502
8	0.01306	0.01114	0.01376	0.05746	0.06228	0.04353	0.02649	0.05898	0.05699	0.02172	0.07773	0.18164	0.13640	0.09026	0.02824	0.00320	0.02348	0.08057	0.00575	0.00733
9	0.01988	0.04848	0.04514	0.13150	0.12135	0.06848	0.06230	0.16068	0.01929	0.08453	0.01547	0.01860	0.01193	0.01119	0.06031	0.00289	0.07021	0.00640	0.03164	0.00974
10	0.02730	0.01957	0.02114	0.01621	0.02190	0.02153	0.01339	0.65075	0.03285	0.07660	0.01762	0.01744	0.01237	0.00856	0.00713	0.00214	0.00775	0.00645	0.00720	0.01211
11	0.29538	0.01237	0.01399	0.01138	0.01624	0.01211	0.00931	0.02863	0.01717	0.43943	0.02243	0.05851	0.01579	0.00878	0.00632	0.00224	0.00577	0.00672	0.00718	0.01026
12	0.04452	0.02338	0.24820	0.07823	0.05016	0.05613	0.01761	0.18317	0.04211	0.08919	0.01938	0.02268	0.04201	0.00868	0.00708	0.00227	0.00862	0.04121	0.00512	0.01026
13	0.01416	0.01418	0.02145	0.24916	0.09186	0.07992	0.13213	0.01769	0.01524	0.01940	0.02129	0.24804	0.02175	0.01168	0.00790	0.00247	0.00846	0.01093	0.00441	0.00788
14	0.01558	0.01558	0.02181	0.01869	0.01869	0.02181	0.01558	0.01714	0.01091	0.01714	0.00935	0.01558	0.00935	0.01246	0.02337	0.00312	0.73672	0.00623	0.00312	0.00779
15	0.01243	0.00886	0.01054	0.01026	0.03901	0.00818	0.00661	0.03641	0.01380	0.04735	0.05010	0.08734	0.11573	0.38070	0.02173	0.00445	0.00598	0.01034	0.00512	0.12506
16	0.02685	0.01779	0.01965	0.01524	0.02065	0.01920	0.01253	0.50766	0.06577	0.15886	0.01989	0.01923	0.01383	0.00864	0.00705	0.00214	0.00723	0.00664	0.03930	0.01184
17	0.02660	0.03394	0.02018	0.01834	0.02201	0.72116	0.01376	0.02843	0.02018	0.01743	0.01101	0.01284	0.00917	0.00734	0.00642	0.00183	0.01284	0.00459	0.00367	0.00825
18	0.01018	0.00760	0.01129	0.01129	0.01251	0.00882	0.00871	0.01262	0.01140	0.01641	0.01922	0.02876	0.01814	0.08284	0.69256	0.01125	0.01856	0.00774	0.00384	0.00627
19	0.01017	0.00763	0.01144	0.01144	0.01272	0.00890	0.00890	0.01272	0.01144	0.01653	0.01907	0.02797	0.01780	0.05340	0.72153	0.01144	0.01907	0.00763	0.00381	0.00636
20	0.01733	0.00976	0.01033	0.00905	0.01179	0.01010	0.00711	0.15634	0.01914	0.07351	0.02226	0.02443	0.01693	0.00838	0.00556	0.00179	0.00443	0.00662	0.57700	0.00812
21	0.01237	0.00618	0.00928	0.00928	0.00928	0.00618	0.00618	0.00928	0.00928	0.01237	0.01237	0.02165	0.01237	0.02474	0.02783	0.79283	0.00618	0.00618	0.00309	0.00309
22	0.02637	0.03326	0.04384	0.01821	0.02218	0.67153	0.01407	0.02846	0.02001	0.04239	0.01168	0.01332	0.00947	0.00737	0.00646	0.00186	0.01252	0.00470	0.00383	0.00847
23	0.01748	0.01414	0.01523	0.01375	0.01737	0.01604	0.01064	0.05305	0.54728	0.05342	0.02839	0.03086	0.02267	0.08256	0.01021	0.00288	0.00589	0.04076	0.00698	0.01041
24	0.01794	0.00972	0.01219	0.01097	0.01373	0.00924	0.00837	0.08868	0.01850	0.22098	0.11878	0.20834	0.06531	0.08693	0.01077	0.00288	0.00532	0.04650	0.03650	0.00833
25	0.01362	0.01284	0.02168	0.70357	0.07673	0.01587	0.01986	0.01835	0.01432	0.01841	0.01269	0.01893	0.00957	0.00709	0.00712	0.00236	0.00945	0.00633	0.00318	0.00805
26	0.01237	0.00618	0.00928	0.00928	0.00928	0.00618	0.00618	0.00928	0.00928	0.01237	0.01237	0.02165	0.01237	0.02474	0.02783	0.79283	0.00618	0.00618	0.00309	0.00309
27	0.01000	0.00716	0.00898	0.00909	0.00991	0.00731	0.00623	0.01131	0.01238	0.01667	0.07459	0.08697	0.10615	0.35825	0.21698	0.00696	0.00945	0.03134	0.00489	0.00539
28	0.01040	0.00728	0.00967	0.00967	0.01043	0.00795	0.00679	0.01192	0.01116	0.01589	0.02069	0.03568	0.02120	0.34205	0.39932	0.00906	0.01320	0.00872	0.04341	0.00552
29	0.01837	0.70691	0.03541	0.01187	0.01773	0.02678	0.01176	0.02062	0.01458	0.01691	0.01383	0.01503	0.05289	0.00685	0.00481	0.00158	0.00736	0.00452	0.00327	0.00894
30	0.01600	0.01671	0.01273	0.01206	0.01459	0.25963	0.00897	0.01809	0.01822	0.04265	0.17525	0.13619	0.21378	0.01381	0.00776	0.00223	0.00698	0.01134	0.00589	0.00712
31	0.01177	0.01235	0.09819	0.01184	0.01504	0.00960	0.03765	0.05323	0.05993	0.02403	0.18875	0.22416	0.16660	0.01502	0.00811	0.00243	0.00525	0.01316	0.03534	0.00753
32	0.09131	0.05695	0.10604	0.04944	0.02059	0.03717	0.01253	0.09449	0.11749	0.07918	0.01972	0.04488	0.04254	0.00819	0.00638	0.00196	0.00683	0.00646	0.00525	0.19261
33	0.01658	0.04173	0.05161	0.01540	0.07495	0.03180	0.03888	0.10327	0.09267	0.06996	0.02774	0.07697	0.11977	0.08137	0.02773	0.04650	0.00699	0.00895	0.00548	0.06162

[dist]
# distance from previous block
# <min> <max>
0	3

[block]
# block no. 7 follows, 29 sequences, length 34
# corresponding to MSA columns:
# 282-315
name=unknown_H
#
# <colnr> <probs for GDERKNQSTAVLIFYWHMCP>
#	G	D	E	R	K	N	Q	S	T	A	V	L	I	F	Y	W	H	M	C	P
0	0.06090	0.07526	0.20782	0.01826	0.10200	0.07633	0.01587	0.04046	0.04670	0.09198	0.08863	0.05653	0.03954	0.00950	0.00701	0.00222	0.00786	0.03864	0.00500	0.00948
1	0.01568	0.01502	0.02603	0.25984	0.39624	0.01590	0.06804	0.02014	0.01592	0.02200	0.06384	0.02079	0.01479	0.00717	0.00727	0.00223	0.00867	0.00697	0.00373	0.00975
2	0.01793	0.10890	0.04887	0.01690	0.07427	0.01628	0.06031	0.12391	0.15695	0.07234	0.02705	0.09719	0.07849	0.01100	0.00740	0.00232	0.00689	0.05738	0.00590	0.00971
3	0.01996	0.07606	0.17097	0.04203	0.04970	0.04412	0.01509	0.11668	0.04813	0.15079	0.02106	0.04978	0.05466	0.00894	0.00762	0.00215	0.04214	0.00699	0.00535	0.06779
4	0.00895	0.00651	0.00838	0.00969	0.01043	0.00605	0.00669	0.01042	0.01421	0.01871	0.06756	0.56982	0.11952	0.05307	0.01022	0.00301	0.00432	0.06005	0.00655	0.00583
5	0.01092	0.00799	0.01015	0.09110	0.01395	0.00832	0.00724	0.03819	0.01306	0.01734	0.05090	0.18973	0.05858	0.39652	0.05138	0.00517	0.00687	0.01200	0.00499	0.00559
6	0.03206	0.11359	0.26136	0.01802	0.04915	0.13037	0.01754	0.06779	0.08723	0.02292	0.01508	0.04525	0.01240	0.00833	0.00801	0.00219	0.07301	0.00608	0.01998	0.00965
7	0.01865	0.04886	0.06584	0.07210	0.13896	0.07617	0.05652	0.07518	0.04779	0.11041	0.04734	0.09038	0.02091	0.01045	0.00756	0.00235	0.00796	0.08771	0.00539	0.00946
8	0.01505	0.01097	0.01257	0.01143	0.01446	0.01146	0.00879	0.02495	0.29477	0.09270	0.26234	0.07156	0.11404	0.01273	0.00784	0.00236	0.00461	0.01092	0.00750	0.00898
9	0.01612	0.01411	0.02318	0.16707	0.35980	0.01480	0.04128	0.06409	0.01582	0.02177	0.01481	0.05882	0.01313	0.01040	0.01049	0.12616	0.00815	0.00716	0.00381	0.00904
10	0.07884	0.01919	0.11997	0.13798	0.16066	0.08829	0.03999	0.06870	0.01690	0.05899	0.01711	0.03599	0.03125	0.01145	0.05861	0.00291	0.00958	0.03000	0.00429	0.00930
11	0.01032	0.00703	0.00843	0.00843	0.00865	0.00726	0.00514	0.01078	0.01055	0.01430	0.02183	0.04326	0.02444	0.62480	0.15921	0.00772	0.00909	0.00987	0.00422	0.00468
12	0.01952	0.01014	0.01128	0.00961	0.01277	0.01019	0.00762	0.14002	0.01937	0.16754	0.02310	0.02438	0.01702	0.00845	0.00580	0.00185	0.00468	0.00670	0.49122	0.00873
13	0.01151	0.00920	0.00937	0.00985	0.03336	0.05872	0.00584	0.01202	0.01200	0.01515	0.02687	0.08368	0.08862	0.56175	0.02897	0.00573	0.00693	0.01078	0.00458	0.00508
14	0.01960	0.01785	0.04762	0.15069	0.12908	0.01816	0.20094	0.19476	0.06952	0.05592	0.01621	0.01900	0.01199	0.00731	0.00747	0.00228	0.00922	0.00706	0.00488	0.01044
15	0.01957	0.02161	0.02125	0.04134	0.02089	0.24775	0.01504	0.04979	0.01499	0.01847	0.01033	0.01487	0.00942	0.01046	0.01666	0.00264	0.44761	0.00571	0.00347	0.00813
16	0.03760	0.00956	0.01096	0.01013	0.01255	0.00930	0.00750	0.07585	0.06235	0.02407	0.16607	0.17258	0.11901	0.12581	0.01212	0.00299	0.00503	0.03452	0.00625	0.09574
17	0.01904	0.01641	0.02406	0.17485	0.32969	0.01773	0.01831	0.19865	0.04757	0.02821	0.01593	0.02087	0.01286	0.00781	0.00721	0.00224	0.00831	0.03496	0.00470	0.01061
18	0.01940	0.71931	0.03649	0.01248	0.01846	0.06160	0.01226	0.02166	0.01474	0.01679	0.00995	0.01149	0.00914	0.00615	0.00466	0.00154	0.00787	0.00385	0.00308	0.00910
19	0.01798	0.01144	0.01246	0.01057	0.01391	0.01182	0.00839	0.21452	0.04570	0.08339	0.09682	0.03178	0.11146	0.01037	0.00666	0.00203	0.00499	0.00839	0.28856	0.00877
20	0.02742	0.01938	0.02102	0.01612	0.02180	0.02124	0.01331	0.63485	0.03253	0.09296	0.01789	0.01761	0.01251	0.00857	0.00713	0.00214	0.00771	0.00647	0.00725	0.01211
21	0.02850	0.01621	0.01879	0.01447	0.01993	0.01671	0.01193	0.39048	0.02738	0.31588	0.02184	0.02039	0.01461	0.00865	0.00705	0.00214	0.00693	0.00673	0.03947	0.01189
22	0.01237	0.00618	0.00928	0.00928	0.00928	0.00618	0.00618	0.00928	0.00928	0.01237	0.01237	0.02165	0.01237	0.02474	0.02783	0.79283	0.00618	0.00618	0.00309	0.00309
23	0.02057	0.27820	0.05762	0.01408	0.01890	0.04628	0.01253	0.24290	0.03977	0.02625	0.01342	0.01577	0.01102	0.01028	0.01009	0.12590	0.03724	0.00538	0.00457	0.00923
24	0.02664	0.01235	0.01571	0.01282	0.01751	0.01176	0.01035	0.03310	0.16793	0.48899	0.02843	0.02864	0.02009	0.05054	0.00892	0.00256	0.00604	0.03827	0.00811	0.01124
25	0.00886	0.00627	0.00821	0.00968	0.01005	0.00590	0.00636	0.00996	0.01328	0.01770	0.03743	0.66946	0.04480	0.10109	0.01203	0.00333	0.00443	0.01917	0.00636	0.00562
26	0.18521	0.01515	0.01644	0.01347	0.01834	0.01618	0.01108	0.24178	0.11105	0.21430	0.02157	0.02366	0.01601	0.00917	0.00679	0.00229	0.00651	0.05334	0.00699	0.01069
27	0.01182	0.03566	0.01461	0.01297	0.01401	0.01258	0.01031	0.01393	0.01134	0.01649	0.01662	0.02571	0.01602	0.09207	0.47647	0.00874	0.19298	0.00735	0.00365	0.00666
28	0.01171	0.00812	0.01053	0.01110	0.01283	0.00795	0.00894	0.01499	0.04311	0.05143	0.12755	0.11429	0.11751	0.08919	0.04032	0.00360	0.00609	0.30753	0.00654	0.00667
29	0.01244	0.00823	0.01054	0.01027	0.01211	0.00816	0.00769	0.01571	0.05351	0.09263	0.19977	0.23731	0.12743	0.02094	0.09858	0.00362	0.03170	0.01327	0.02893	0.00716
30	0.01525	0.01050	0.01106	0.04987	0.01410	0.04410	0.00810	0.13169	0.01808	0.02686	0.02477	0.19360	0.02307	0.01154	0.00651	0.00208	0.00510	0.00970	0.38648	0.00754
31	0.08837	0.07095	0.03020	0.08399	0.05300	0.01786	0.31560	0.07234	0.01645	0.02381	0.01353	0.01823	0.01089	0.03659	0.00942	0.00242	0.05978	0.00687	0.00391	0.06579
32	0.07489	0.04568	0.02230	0.04051	0.04050	0.07703	0.16961	0.14047	0.03768	0.02607	0.05693	0.07880	0.10482	0.01198	0.03858	0.00267	0.00856	0.00895	0.00519	0.00880
33	0.14378	0.09595	0.05867	0.02126	0.15700	0.03970	0.09774	0.04478	0.04471	0.02345	0.01323	0.01668	0.01095	0.01040	0.04801	0.04000	0.05768	0.00580	0.00392	0.06630

[dist]
# distance from previous block
# <min> <max>
4	11

[block]
# block no. 8 follows, 29 sequences, length 11
# corresponding to MSA columns:
# 329-339
name=unknown_I
#
# <colnr> <probs for GDERKNQSTAVLIFYWHMCP>
#	G	D	E	R	K	N	Q	S	T	A	V	L	I	F	Y	W	H	M	C	P
0	0.05135	0.04232	0.10107	0.06329	0.13060	0.07153	0.10718	0.09523	0.05316	0.02446	0.01758	0.09276	0.01570	0.00933	0.00819	0.00233	0.05202	0.02732	0.02523	0.00937
1	0.02005	0.31824	0.22119	0.01598	0.02259	0.13862	0.01649	0.05128	0.01663	0.06807	0.01244	0.01398	0.00984	0.00706	0.00660	0.00192	0.04086	0.00479	0.00372	0.00965
2	0.01213	0.01056	0.06033	0.01158	0.01368	0.01011	0.00949	0.07156	0.01361	0.01947	0.01928	0.02937	0.01816	0.16820	0.44910	0.00866	0.01449	0.00779	0.04561	0.00680
3	0.01806	0.02388	0.16708	0.06976	0.06729	0.19283	0.08533	0.04602	0.06995	0.02183	0.01698	0.01972	0.03937	0.01035	0.04479	0.00267	0.04766	0.00645	0.04088	0.00912
4	0.01624	0.01259	0.02053	0.43581	0.03678	0.01425	0.07858	0.02134	0.05414	0.11038	0.01712	0.02233	0.01299	0.05241	0.00887	0.00258	0.00847	0.00700	0.05909	0.00851
5	0.00880	0.00639	0.00820	0.00950	0.01017	0.00590	0.00640	0.01016	0.01412	0.01867	0.07819	0.60999	0.11364	0.05136	0.01010	0.00297	0.00415	0.01890	0.00658	0.00580
6	0.07627	0.01602	0.02093	0.24852	0.03027	0.09447	0.10339	0.05963	0.08861	0.08788	0.03279	0.05308	0.01483	0.00888	0.00780	0.02706	0.00860	0.00728	0.00482	0.00887
7	0.01953	0.06947	0.05822	0.06219	0.19319	0.08983	0.04895	0.11784	0.04081	0.07781	0.06008	0.02459	0.03507	0.00868	0.00712	0.00217	0.00817	0.04249	0.02390	0.00990
8	0.06317	0.01617	0.01982	0.18953	0.05020	0.07865	0.04849	0.17663	0.01934	0.02612	0.01855	0.04674	0.03643	0.00997	0.00898	0.00242	0.08512	0.06941	0.02543	0.00883
9	0.01027	0.00766	0.01014	0.05143	0.01263	0.00820	0.00754	0.01164	0.01222	0.01645	0.02823	0.21873	0.06447	0.28889	0.15070	0.00589	0.04182	0.04256	0.00491	0.00562
10	0.16646	0.12284	0.08143	0.01689	0.04819	0.18683	0.06604	0.07389	0.01721	0.02390	0.05174	0.01684	0.01311	0.00992	0.04356	0.00255	0.04003	0.00562	0.00415	0.00880

[dist]
# distance from previous block
# <min> <max>
5	36

[block]
# block no. 9 follows, 29 sequences, length 35
# corresponding to MSA columns:
# 376-410
name=unknown_J
#
# <colnr> <probs for GDERKNQSTAVLIFYWHMCP>
#	G	D	E	R	K	N	Q	S	T	A	V	L	I	F	Y	W	H	M	C	P
0	0.01314	0.01275	0.06248	0.05426	0.01899	0.01123	0.09324	0.07705	0.01596	0.02171	0.02844	0.23850	0.09723	0.09599	0.01158	0.00289	0.03144	0.01173	0.00520	0.09619
1	0.06838	0.04680	0.12767	0.01647	0.04458	0.04086	0.10364	0.06706	0.06386	0.06076	0.06268	0.06807	0.09192	0.00984	0.00754	0.00223	0.02759	0.00837	0.04931	0.03237
2	0.01452	0.04027	0.08210	0.01300	0.01729	0.01105	0.07502	0.01940	0.07181	0.07174	0.11922	0.12325	0.05021	0.04030	0.00826	0.00226	0.00600	0.00943	0.07979	0.14506
3	0.04335	0.15226	0.13934	0.02165	0.17626	0.14442	0.01618	0.04907	0.04437	0.02168	0.01366	0.01742	0.01158	0.05654	0.00857	0.00230	0.02402	0.00561	0.02235	0.02935
4	0.04648	0.00852	0.01060	0.03514	0.01336	0.00790	0.00766	0.01666	0.01732	0.15737	0.22325	0.15233	0.22004	0.01627	0.03226	0.00269	0.00491	0.01267	0.00707	0.00752
5	0.07666	0.12165	0.19982	0.01502	0.04550	0.01551	0.01434	0.07043	0.06047	0.08826	0.02177	0.09335	0.06326	0.01018	0.00754	0.03485	0.00720	0.00762	0.00493	0.04162
6	0.04851	0.01872	0.14034	0.01833	0.08676	0.01640	0.03333	0.13104	0.16764	0.04537	0.06847	0.04698	0.01870	0.01075	0.03259	0.00261	0.06303	0.00744	0.00543	0.03756
7	0.01102	0.01050	0.05664	0.01057	0.01242	0.03506	0.00831	0.01384	0.04150	0.01957	0.10093	0.23241	0.13634	0.13485	0.08315	0.00408	0.03152	0.01280	0.03801	0.00647
8	0.01458	0.00934	0.01168	0.01035	0.01311	0.00866	0.02737	0.05144	0.03461	0.13357	0.15416	0.09672	0.21872	0.11794	0.01204	0.00299	0.00516	0.03848	0.00673	0.03234
9	0.01866	0.09207	0.08695	0.13101	0.06950	0.08958	0.15405	0.06934	0.04028	0.06771	0.01504	0.01819	0.01155	0.00899	0.03373	0.00252	0.03980	0.00642	0.03521	0.00943
10	0.04802	0.08597	0.35869	0.04750	0.20578	0.01794	0.02168	0.06657	0.03950	0.02424	0.01343	0.01594	0.01023	0.00682	0.00662	0.00216	0.00917	0.00558	0.00363	0.01055
11	0.00876	0.00687	0.00793	0.00843	0.01002	0.00604	0.00603	0.01061	0.01592	0.02029	0.15700	0.30312	0.37566	0.01900	0.00865	0.00255	0.00375	0.01653	0.00680	0.00604
12	0.01178	0.00800	0.00990	0.01020	0.03573	0.00718	0.00730	0.01410	0.01705	0.08835	0.21503	0.12815	0.30270	0.05479	0.00987	0.00268	0.00439	0.05901	0.00690	0.00689
13	0.01869	0.09751	0.13152	0.06774	0.15607	0.13958	0.01741	0.02427	0.09182	0.04474	0.01408	0.01675	0.01131	0.00807	0.00937	0.00225	0.12939	0.00581	0.00393	0.00966
14	0.01132	0.00819	0.01093	0.05838	0.01354	0.00886	0.00806	0.03816	0.01276	0.01716	0.02548	0.14344	0.06822	0.21951	0.16624	0.10403	0.03896	0.03644	0.00463	0.00570
15	0.00842	0.00721	0.00721	0.00721	0.00962	0.00601	0.00541	0.01022	0.01623	0.01924	0.07213	0.06853	0.70244	0.01803	0.00842	0.00240	0.00361	0.01503	0.00661	0.00601
16	0.01881	0.52217	0.18261	0.01451	0.02140	0.06919	0.01541	0.04924	0.01574	0.01922	0.01089	0.01253	0.00924	0.00642	0.00527	0.00173	0.00859	0.00428	0.00324	0.00951
17	0.01554	0.01292	0.01555	0.06585	0.08425	0.03557	0.01153	0.13273	0.14904	0.02590	0.05232	0.20698	0.07162	0.01542	0.04530	0.00293	0.00693	0.03475	0.00608	0.00879
