[name]
unknown

[dist]
# distance from previous block
# <min> <max>
10	29

[block]
# block no. 0 follows, 31 sequences, length 13
# corresponding to MSA columns:
# 30-42
name=unknown_A
#
# <colnr> <probs for GDERKNQSTAVLIFYWHMCP>
#	G	D	E	R	K	N	Q	S	T	A	V	L	I	F	Y	W	H	M	C	P
0	0.21341	0.01943	0.15563	0.01929	0.07090	0.04085	0.18589	0.06943	0.03999	0.02524	0.01526	0.08639	0.01310	0.00793	0.00660	0.00222	0.00827	0.00709	0.00419	0.00888
1	0.01598	0.07904	0.09071	0.05308	0.06604	0.08359	0.01299	0.04616	0.05140	0.05957	0.06978	0.06054	0.07373	0.03372	0.02573	0.00255	0.12685	0.00767	0.03263	0.00823
2	0.01591	0.01213	0.01488	0.05838	0.04846	0.01169	0.01005	0.12193	0.08902	0.06680	0.08355	0.14383	0.02268	0.00989	0.00671	0.00190	0.00556	0.00847	0.00565	0.26252
3	0.00891	0.00650	0.00816	0.00867	0.00970	0.00599	0.00602	0.01074	0.01523	0.02053	0.26635	0.35930	0.13913	0.08928	0.01093	0.00288	0.00391	0.01550	0.00653	0.00575
4	0.01891	0.01688	0.01931	0.06933	0.15284	0.06836	0.01386	0.14713	0.36040	0.02838	0.02071	0.02087	0.01570	0.00817	0.00684	0.00218	0.00704	0.00680	0.00575	0.01055
5	0.00893	0.00626	0.00804	0.00923	0.00961	0.00599	0.00613	0.00996	0.01250	0.01663	0.03358	0.53017	0.03976	0.20487	0.01527	0.00376	0.00480	0.06343	0.00580	0.00526
6	0.01321	0.01393	0.07986	0.04582	0.17435	0.01272	0.06955	0.01810	0.06136	0.02355	0.26763	0.03204	0.06653	0.01031	0.00891	0.00224	0.07741	0.00895	0.00517	0.00837
7	0.01472	0.01415	0.02537	0.21201	0.19881	0.01513	0.19246	0.01882	0.01437	0.02026	0.01404	0.01997	0.01159	0.05137	0.00989	0.00248	0.06963	0.00685	0.07960	0.00848
8	0.01934	0.31190	0.02691	0.19491	0.02664	0.17860	0.03561	0.09462	0.01712	0.01971	0.01129	0.01390	0.00923	0.00662	0.00577	0.00182	0.00903	0.00483	0.00353	0.00863
9	0.01920	0.14693	0.01870	0.01299	0.01685	0.08973	0.01065	0.17520	0.09214	0.09241	0.04771	0.13753	0.04267	0.01109	0.00691	0.00215	0.00669	0.05558	0.00587	0.00899
10	0.04623	0.11853	0.37142	0.01821	0.02606	0.01724	0.11218	0.05828	0.05668	0.09008	0.01460	0.01605	0.01054	0.00675	0.00645	0.00210	0.00896	0.00564	0.00400	0.00999
11	0.09407	0.20160	0.02277	0.04922	0.13770	0.07875	0.01306	0.04575	0.24408	0.02361	0.01657	0.01741	0.01311	0.00729	0.00596	0.00198	0.00713	0.00567	0.00464	0.00964
12	0.56184	0.17425	0.05283	0.01044	0.01538	0.01815	0.00951	0.05236	0.01324	0.02772	0.00999	0.01151	0.00797	0.00634	0.00451	0.00198	0.00608	0.00388	0.00401	0.00804

[dist]
# distance from previous block
# <min> <max>
0	1

[block]
# block no. 1 follows, 31 sequences, length 17
# corresponding to MSA columns:
# 44-60
name=unknown_B
#
# <colnr> <probs for GDERKNQSTAVLIFYWHMCP>
#	G	D	E	R	K	N	Q	S	T	A	V	L	I	F	Y	W	H	M	C	P
0	0.00976	0.00671	0.00811	0.00809	0.00857	0.00664	0.00511	0.01075	0.01241	0.01700	0.18235	0.09436	0.03496	0.49095	0.07124	0.00561	0.00641	0.01100	0.00505	0.00490
1	0.01251	0.00987	0.01426	0.03805	0.05980	0.00996	0.07270	0.09452	0.03873	0.02227	0.02894	0.44337	0.03154	0.01544	0.00788	0.00247	0.00552	0.01406	0.07084	0.00727
2	0.01018	0.00658	0.00875	0.00951	0.01051	0.00607	0.00663	0.01192	0.01492	0.06849	0.18500	0.55007	0.04752	0.01890	0.00846	0.00260	0.00394	0.01703	0.00676	0.00618
3	0.01673	0.34114	0.11748	0.13929	0.15747	0.04664	0.05340	0.02056	0.01457	0.01854	0.01120	0.01418	0.00930	0.00618	0.00577	0.00185	0.00853	0.00496	0.00308	0.00914
4	0.16184	0.07905	0.01805	0.01239	0.01760	0.01436	0.04869	0.08287	0.01564	0.07928	0.01287	0.01457	0.01012	0.00648	0.00661	0.00166	0.06036	0.00475	0.00448	0.34834
5	0.00939	0.00649	0.00753	0.00792	0.00821	0.00630	0.00477	0.00983	0.01121	0.01474	0.02964	0.21900	0.08990	0.51573	0.02616	0.00532	0.00571	0.01265	0.00487	0.00463
6	0.00964	0.00667	0.00840	0.00889	0.01020	0.00603	0.00631	0.01151	0.01546	0.05235	0.21096	0.40696	0.18490	0.01816	0.00835	0.00250	0.00377	0.01610	0.00674	0.00610
7	0.01466	0.01393	0.05676	0.01219	0.01813	0.01061	0.05670	0.06052	0.01593	0.02400	0.07367	0.01786	0.01491	0.00618	0.00573	0.00133	0.00580	0.00525	0.00443	0.58140
8	0.00951	0.00748	0.00968	0.01028	0.01133	0.00747	0.00753	0.01108	0.01349	0.01805	0.03772	0.48684	0.13185	0.01879	0.00981	0.00267	0.07559	0.07336	0.00589	0.05157
9	0.00832	0.00601	0.00788	0.00938	0.00989	0.00557	0.00629	0.00954	0.01323	0.01752	0.03943	0.71763	0.08161	0.02121	0.00870	0.00275	0.00394	0.01918	0.00635	0.00557
10	0.01815	0.03840	0.02254	0.15249	0.12486	0.01420	0.13775	0.07454	0.03878	0.15920	0.02498	0.02624	0.11995	0.00862	0.00718	0.00218	0.00761	0.00787	0.00515	0.00933
11	0.01818	0.01537	0.02277	0.05615	0.02335	0.07314	0.20981	0.08443	0.05687	0.11143	0.07210	0.04145	0.03716	0.01011	0.01025	0.07188	0.06419	0.00778	0.00499	0.00857
12	0.01160	0.01068	0.03691	0.06458	0.04860	0.01117	0.04741	0.01491	0.05689	0.01847	0.02681	0.24812	0.08415	0.04921	0.08466	0.02103	0.12088	0.01133	0.02572	0.00690
13	0.01791	0.08339	0.20843	0.01560	0.02056	0.05837	0.01536	0.16581	0.01796	0.04747	0.02837	0.03603	0.01262	0.00867	0.00944	0.00218	0.15286	0.00604	0.08377	0.00917
14	0.10056	0.23006	0.16125	0.04761	0.02079	0.06371	0.03167	0.08692	0.01562	0.03990	0.01307	0.01673	0.01094	0.05831	0.07304	0.00301	0.00910	0.00528	0.00379	0.00863
15	0.23600	0.10861	0.12393	0.01396	0.05338	0.04211	0.01204	0.09095	0.07952	0.02508	0.01537	0.05567	0.01359	0.09212	0.00899	0.00258	0.00700	0.00619	0.00443	0.00848
16	0.07518	0.11001	0.12369	0.08816	0.11565	0.16628	0.01454	0.02070	0.01566	0.04236	0.05613	0.02067	0.05790	0.03188	0.00715	0.00210	0.00830	0.00609	0.00395	0.03359

[dist]
# distance from previous block
# <min> <max>
2	24

[block]
# block no. 2 follows, 31 sequences, length 14
# corresponding to MSA columns:
# 85-98
name=unknown_C
#
# <colnr> <probs for GDERKNQSTAVLIFYWHMCP>
#	G	D	E	R	K	N	Q	S	T	A	V	L	I	F	Y	W	H	M	C	P
0	0.03894	0.15644	0.02361	0.05791	0.02176	0.08242	0.12912	0.11589	0.10280	0.05287	0.04572	0.02241	0.04455	0.06591	0.00875	0.00238	0.00791	0.00691	0.00481	0.00887
1	0.06363	0.07685	0.15556	0.05714	0.04306	0.11088	0.01453	0.13996	0.01838	0.06205	0.05489	0.03747	0.01457	0.00810	0.00705	0.00201	0.03944	0.01800	0.00459	0.07185
2	0.08038	0.08573	0.28298	0.01681	0.02312	0.09899	0.09141	0.04310	0.01515	0.02133	0.01472	0.08296	0.01291	0.01112	0.06038	0.00274	0.00969	0.00658	0.00369	0.03621
3	0.01731	0.06839	0.09750	0.04894	0.07117	0.06419	0.17659	0.08143	0.01634	0.07642	0.01635	0.08919	0.01420	0.01046	0.00983	0.11298	0.00849	0.00752	0.00427	0.00843
4	0.01466	0.17720	0.26415	0.12558	0.08140	0.01779	0.07139	0.01945	0.01406	0.01927	0.01364	0.07338	0.01197	0.00789	0.00754	0.00214	0.05985	0.00644	0.00328	0.00891
5	0.02155	0.34002	0.07570	0.01648	0.08351	0.11881	0.01368	0.12141	0.01823	0.11123	0.01340	0.01432	0.01042	0.00676	0.00567	0.00177	0.00811	0.00486	0.00433	0.00973
6	0.01671	0.06706	0.06931	0.16715	0.10629	0.07058	0.03813	0.04284	0.01592	0.10276	0.01994	0.11981	0.01851	0.01031	0.00758	0.00230	0.02637	0.08521	0.00470	0.00852
7	0.00881	0.00633	0.00808	0.00887	0.00980	0.00580	0.00615	0.01022	0.01449	0.01926	0.17773	0.44731	0.15812	0.01941	0.00974	0.05781	0.00387	0.01625	0.00636	0.00560
8	0.00967	0.00701	0.00870	0.00981	0.01070	0.00695	0.00676	0.01313	0.09390	0.01935	0.03543	0.61676	0.04038	0.01903	0.00824	0.00264	0.00408	0.01713	0.06408	0.00623
9	0.04438	0.01752	0.02344	0.01778	0.02332	0.04759	0.16854	0.30732	0.07413	0.17732	0.01845	0.01868	0.01290	0.00768	0.00705	0.00213	0.00809	0.00673	0.00620	0.01076
10	0.01551	0.01747	0.09182	0.17484	0.33021	0.01665	0.14305	0.02010	0.01472	0.02068	0.01248	0.01706	0.01004	0.00677	0.00848	0.00223	0.07877	0.00635	0.00325	0.00952
11	0.01081	0.00876	0.01051	0.01045	0.01109	0.04370	0.00742	0.01205	0.01139	0.01536	0.02187	0.16857	0.02396	0.28643	0.25276	0.00674	0.07806	0.01026	0.00427	0.00554
12	0.49819	0.12794	0.01626	0.06887	0.01786	0.13566	0.00993	0.02115	0.01342	0.02517	0.00991	0.01186	0.00798	0.00643	0.00478	0.00197	0.00706	0.00400	0.00383	0.00771
13	0.01067	0.00735	0.00851	0.00828	0.01053	0.00641	0.00632	0.01282	0.01653	0.08476	0.18993	0.11413	0.42883	0.01626	0.00810	0.00235	0.00384	0.05116	0.00678	0.00646

[dist]
# distance from previous block
# <min> <max>
3	7

[block]
# block no. 3 follows, 31 sequences, length 32
# corresponding to MSA columns:
# 106-137
name=unknown_D
#
# <colnr> <probs for GDERKNQSTAVLIFYWHMCP>
#	G	D	E	R	K	N	Q	S	T	A	V	L	I	F	Y	W	H	M	C	P
0	0.50171	0.08287	0.06773	0.01130	0.01586	0.08018	0.01003	0.05276	0.01368	0.02680	0.01092	0.01307	0.00879	0.01033	0.06728	0.00279	0.00769	0.00430	0.00403	0.00787
1	0.01838	0.11224	0.23081	0.04320	0.06816	0.09756	0.01623	0.07674	0.09831	0.08775	0.07080	0.01926	0.01571	0.00771	0.00648	0.00204	0.00817	0.00607	0.00467	0.00972
2	0.11805	0.01650	0.09632	0.13561	0.40149	0.01514	0.01828	0.01957	0.01448	0.02228	0.01415	0.07192	0.01251	0.00744	0.00657	0.00215	0.00780	0.00668	0.00362	0.00944
3	0.01172	0.00605	0.00907	0.00907	0.00916	0.00614	0.00614	0.00916	0.00907	0.01219	0.01237	0.02126	0.01228	0.02585	0.08007	0.74125	0.00688	0.00605	0.00302	0.00321
4	0.00828	0.00689	0.00722	0.00723	0.00938	0.00584	0.00539	0.01015	0.01591	0.01945	0.14045	0.09470	0.61132	0.01713	0.00811	0.00231	0.00346	0.01443	0.00649	0.00584
5	0.01816	0.01679	0.06979	0.01462	0.01916	0.01731	0.01233	0.15474	0.50009	0.03040	0.02493	0.02521	0.01905	0.00928	0.00701	0.00229	0.00619	0.03531	0.00660	0.01073
6	0.20634	0.01444	0.04566	0.14733	0.07438	0.07014	0.03239	0.05044	0.01505	0.04256	0.05501	0.15983	0.01915	0.01009	0.00703	0.00227	0.02713	0.00834	0.00461	0.00782
7	0.03907	0.25368	0.26967	0.01841	0.06012	0.02012	0.09677	0.09348	0.04690	0.02286	0.01269	0.01458	0.00984	0.00649	0.00604	0.00195	0.00870	0.00523	0.00363	0.00975
8	0.01671	0.05626	0.02642	0.03671	0.58993	0.01647	0.01921	0.02178	0.06756	0.02239	0.01502	0.02036	0.01295	0.00698	0.00680	0.00208	0.00778	0.04031	0.00378	0.01049
9	0.02649	0.01179	0.01511	0.01208	0.01674	0.01102	0.00990	0.08090	0.07714	0.51311	0.04320	0.02609	0.01903	0.00906	0.00686	0.00213	0.00567	0.03510	0.06776	0.01082
10	0.01178	0.01009	0.01596	0.06508	0.07209	0.01093	0.08425	0.01373	0.01283	0.01765	0.06269	0.16971	0.05420	0.12683	0.07944	0.06478	0.10682	0.01029	0.00437	0.00648
11	0.01472	0.06424	0.37024	0.02280	0.06688	0.01669	0.23671	0.02089	0.01480	0.02109	0.01366	0.04861	0.01098	0.00710	0.00768	0.00223	0.04123	0.00669	0.00326	0.00949
12	0.00850	0.00613	0.00805	0.00929	0.00993	0.00568	0.00631	0.00997	0.01401	0.01878	0.12494	0.63504	0.07741	0.02031	0.00862	0.00268	0.00385	0.01833	0.00650	0.00568
13	0.01031	0.00670	0.00876	0.00954	0.01065	0.00621	0.00691	0.01150	0.01392	0.05593	0.06396	0.40869	0.14562	0.01976	0.01071	0.09647	0.00449	0.09804	0.00611	0.00574
14	0.04640	0.28232	0.16446	0.02087	0.13501	0.07383	0.11080	0.02122	0.01500	0.01977	0.01245	0.01669	0.01062	0.00669	0.00605	0.00193	0.00883	0.03454	0.00331	0.00921
15	0.01150	0.00916	0.01324	0.05296	0.11472	0.00938	0.01067	0.03792	0.01580	0.02154	0.15636	0.28210	0.03825	0.01574	0.00883	0.00259	0.03287	0.15349	0.00586	0.00703
16	0.01002	0.00680	0.00881	0.00980	0.01063	0.00648	0.00672	0.04092	0.01432	0.04401	0.06095	0.64893	0.04285	0.04203	0.00933	0.00281	0.00425	0.01786	0.00643	0.00604
17	0.25218	0.03949	0.01952	0.05140	0.08821	0.29399	0.06116	0.04284	0.01604	0.02254	0.01086	0.01336	0.00882	0.00691	0.00664	0.00202	0.04722	0.00482	0.00375	0.00824
18	0.00894	0.00664	0.00783	0.00830	0.00977	0.00593	0.00606	0.01008	0.01427	0.01786	0.07692	0.22233	0.38638	0.01914	0.01084	0.10965	0.00412	0.06360	0.00594	0.00541
19	0.16087	0.01193	0.01898	0.01682	0.06391	0.01194	0.19940	0.03383	0.01389	0.02157	0.02127	0.24063	0.02238	0.11859	0.01127	0.00301	0.00708	0.01074	0.00465	0.00723
20	0.08947	0.29830	0.10953	0.01434	0.01927	0.04487	0.05064	0.02009	0.01362	0.05281	0.01178	0.01458	0.00995	0.01101	0.07210	0.00274	0.11443	0.00493	0.00348	0.04207
21	0.01483	0.15518	0.04965	0.01093	0.01397	0.01158	0.00909	0.04300	0.01543	0.13174	0.05107	0.37017	0.06747	0.01465	0.00736	0.00232	0.00530	0.01268	0.00592	0.00765
22	0.01071	0.00734	0.00824	0.00808	0.00844	0.00748	0.00480	0.03570	0.03539	0.01508	0.02233	0.07569	0.02519	0.67194	0.03163	0.00614	0.00650	0.01017	0.00444	0.00472
23	0.09869	0.02046	0.14421	0.02540	0.16600	0.04942	0.24858	0.05462	0.01618	0.06193	0.01345	0.01648	0.01018	0.00658	0.00751	0.00219	0.03833	0.00632	0.00385	0.00963
24	0.09914	0.22799	0.14438	0.01591	0.04008	0.08201	0.06525	0.04835	0.04760	0.12547	0.01417	0.01524	0.01068	0.00693	0.00634	0.00196	0.02955	0.00519	0.00431	0.00947
25	0.05268	0.16553	0.11864	0.07943	0.07199	0.01469	0.03723	0.01994	0.01558	0.12385	0.12031	0.04625	0.05412	0.04203	0.00776	0.00224	0.00685	0.00741	0.00485	0.00860
26	0.09194	0.01172	0.06586	0.01010	0.01187	0.06049	0.00764	0.01449	0.04953	0.01769	0.02269	0.19053	0.02491	0.36836	0.02024	0.00440	0.00653	0.01049	0.00464	0.00589
27	0.14372	0.23582	0.13344	0.01481	0.03980	0.01765	0.07959	0.06100	0.01501	0.02229	0.01661	0.10413	0.03952	0.00844	0.00597	0.00199	0.00724	0.00686	0.00403	0.04210
28	0.06107	0.01610	0.05387	0.02718	0.03761	0.04964	0.06253	0.20849	0.12736	0.04536	0.04620	0.05374	0.03486	0.07639	0.00944	0.00256	0.00712	0.03214	0.00560	0.04274
29	0.09616	0.18449	0.17095	0.01526	0.04074	0.09247	0.04777	0.08119	0.01621	0.05569	0.01634	0.03690	0.04393	0.06438	0.00818	0.00231	0.00811	0.00607	0.00411	0.00875
30	0.09994	0.02170	0.19894	0.02167	0.13475	0.07071	0.10330	0.05483	0.05845	0.04927	0.01417	0.03317	0.01123	0.00748	0.00792	0.00219	0.07183	0.00609	0.00400	0.02835
31	0.06573	0.17896	0.06078	0.08972	0.11748	0.06750	0.03860	0.08058	0.01680	0.04755	0.06243	0.01992	0.05173	0.00754	0.00614	0.00189	0.00746	0.00607	0.00427	0.06886

[dist]
# distance from previous block
# <min> <max>
2	164

[block]
# block no. 4 follows, 31 sequences, length 16
# corresponding to MSA columns:
# 308-323
name=unknown_E
#
# <colnr> <probs for GDERKNQSTAVLIFYWHMCP>
#	G	D	E	R	K	N	Q	S	T	A	V	L	I	F	Y	W	H	M	C	P
0	0.06595	0.29423	0.18119	0.01523	0.04962	0.10451	0.01461	0.05866	0.01606	0.02097	0.04946	0.01951	0.03643	0.00773	0.00586	0.00190	0.00808	0.03736	0.00382	0.00880
1	0.05991	0.06255	0.01710	0.01327	0.01696	0.06909	0.01068	0.20492	0.03466	0.17640	0.04654	0.15445	0.02028	0.01092	0.00820	0.00223	0.06777	0.00860	0.00618	0.00930
2	0.09091	0.09136	0.02219	0.04025	0.02055	0.01586	0.15346	0.01988	0.05628	0.08648	0.01863	0.15966	0.01761	0.01067	0.01024	0.00242	0.16198	0.00876	0.00461	0.00821
3	0.08355	0.06683	0.10634	0.19906	0.08019	0.08077	0.07483	0.06599	0.04946	0.02193	0.01474	0.01783	0.03567	0.00756	0.00774	0.00218	0.06681	0.00601	0.00379	0.00873
4	0.05666	0.05677	0.24353	0.01677	0.04452	0.01485	0.06385	0.02135	0.04679	0.10503	0.05893	0.06614	0.01628	0.00877	0.00860	0.00221	0.09949	0.00694	0.00446	0.05806
5	0.10139	0.05860	0.01095	0.00962	0.01166	0.00868	0.00711	0.01361	0.01391	0.06317	0.06531	0.45322	0.07428	0.01622	0.00751	0.00240	0.00446	0.01420	0.00592	0.05777
6	0.52809	0.15129	0.01609	0.05499	0.01658	0.01692	0.00920	0.02147	0.01306	0.10312	0.01160	0.01286	0.00881	0.00652	0.00471	0.00201	0.00596	0.00419	0.00438	0.00814
7	0.02601	0.01916	0.02053	0.01574	0.02122	0.02122	0.01300	0.69408	0.03217	0.04312	0.01643	0.01643	0.01163	0.00821	0.00684	0.00205	0.00753	0.00616	0.00684	0.01163
8	0.01419	0.01216	0.01419	0.01013	0.01621	0.00912	0.00811	0.01723	0.01419	0.02229	0.01216	0.01419	0.01013	0.00507	0.00507	0.00101	0.00507	0.00405	0.00405	0.80139
9	0.01012	0.00769	0.00953	0.01054	0.01166	0.00782	0.00749	0.01478	0.14070	0.01972	0.03579	0.57505	0.04036	0.01902	0.00845	0.00272	0.00439	0.06110	0.00646	0.00658
10	0.01693	0.01626	0.02777	0.04199	0.71689	0.01626	0.02100	0.02100	0.01558	0.02235	0.01287	0.01693	0.01084	0.00610	0.00677	0.00203	0.00813	0.00610	0.00339	0.01084
11	0.01583	0.01513	0.02577	0.23540	0.53213	0.01596	0.02045	0.02003	0.01505	0.02101	0.01267	0.01729	0.01036	0.00630	0.00679	0.00210	0.00840	0.00609	0.00329	0.00994
12	0.01094	0.00887	0.01214	0.01201	0.01298	0.00975	0.02887	0.04099	0.01396	0.01897	0.05014	0.40434	0.06788	0.05224	0.01240	0.00295	0.14162	0.08703	0.00559	0.00633
13	0.01631	0.01617	0.02922	0.12367	0.51101	0.01632	0.14443	0.02074	0.01546	0.02169	0.01296	0.01737	0.01055	0.00612	0.00702	0.00211	0.00887	0.00646	0.00336	0.01015
14	0.01487	0.01174	0.01268	0.01117	0.01455	0.04381	0.00859	0.10108	0.10142	0.05957	0.03073	0.18444	0.12987	0.02863	0.02779	0.00243	0.00575	0.03202	0.00587	0.17300
15	0.01802	0.25787	0.02633	0.01846	0.12029	0.07033	0.10283	0.03718	0.01615	0.09289	0.06380	0.06501	0.03738	0.00980	0.03297	0.00226	0.00803	0.00706	0.00443	0.00890

[dist]
# distance from previous block
# <min> <max>
0	44

[block]
# block no. 5 follows, 31 sequences, length 11
# corresponding to MSA columns:
# 368-378
name=unknown_F
#
# <colnr> <probs for GDERKNQSTAVLIFYWHMCP>
#	G	D	E	R	K	N	Q	S	T	A	V	L	I	F	Y	W	H	M	C	P
0	0.04125	0.01813	0.09373	0.12751	0.08305	0.10012	0.04321	0.10411	0.09299	0.05360	0.01871	0.05167	0.01618	0.00942	0.00764	0.00230	0.03360	0.08895	0.00481	0.00902
1	0.01616	0.04535	0.01726	0.06537	0.07778	0.01291	0.01088	0.07243	0.11459	0.04502	0.03626	0.01774	0.01356	0.00652	0.00586	0.00154	0.00591	0.00537	0.00474	0.42474
2	0.00979	0.00869	0.05371	0.00890	0.01123	0.00659	0.00714	0.01179	0.01491	0.05744	0.05273	0.29084	0.40632	0.01751	0.00813	0.00245	0.00419	0.01509	0.00625	0.00631
3	0.01320	0.01439	0.10506	0.07580	0.02013	0.01245	0.06291	0.04030	0.04421	0.02159	0.09173	0.02703	0.08684	0.04146	0.05628	0.00284	0.09914	0.00756	0.04456	0.13251
4	0.01425	0.01096	0.01239	0.01129	0.01395	0.01159	0.00864	0.15275	0.17159	0.02727	0.18555	0.15684	0.09909	0.05498	0.00923	0.00258	0.00502	0.03719	0.00673	0.00811
5	0.01176	0.00763	0.00950	0.00952	0.01049	0.00778	0.00675	0.01368	0.04076	0.06106	0.02467	0.04671	0.02607	0.44057	0.11763	0.00604	0.00799	0.14090	0.00491	0.00559
6	0.10199	0.09987	0.02051	0.05344	0.06226	0.20346	0.03141	0.09641	0.19074	0.02437	0.01556	0.01665	0.01218	0.00761	0.00676	0.00204	0.03516	0.00562	0.00469	0.00926
7	0.01520	0.01566	0.02482	0.02013	0.02150	0.02023	0.14977	0.01755	0.01161	0.01755	0.00995	0.01566	0.00926	0.01074	0.01959	0.00286	0.60061	0.00640	0.00309	0.00783
8	0.01772	0.67334	0.12122	0.01267	0.01905	0.02568	0.01339	0.02063	0.01397	0.01679	0.00985	0.01140	0.00877	0.00593	0.00465	0.00155	0.00766	0.00383	0.00292	0.00894
9	0.00930	0.00678	0.00872	0.00978	0.01052	0.00670	0.00683	0.01154	0.04783	0.01768	0.03468	0.49503	0.06123	0.11427	0.06623	0.00387	0.00563	0.07173	0.00590	0.00576
10	0.05095	0.15115	0.08195	0.04062	0.04720	0.04899	0.13526	0.04473	0.06296	0.04606	0.01351	0.01611	0.01077	0.00727	0.00840	0.00204	0.11089	0.00570	0.03176	0.08368

[dist]
# distance from previous block
# <min> <max>
0	8

[block]
# block no. 6 follows, 31 sequences, length 34
# corresponding to MSA columns:
# 387-420
name=unknown_G
#
# <colnr> <probs for GDERKNQSTAVLIFYWHMCP>
#	G	D	E	R	K	N	Q	S	T	A	V	L	I	F	Y	W	H	M	C	P
0	0.01718	0.01732	0.13711	0.01504	0.03713	0.03196	0.03385	0.12464	0.22183	0.07386	0.05678	0.11385	0.02126	0.01002	0.00701	0.00222	0.00657	0.00848	0.05430	0.00961
1	0.01514	0.04252	0.07934	0.01156	0.01750	0.03459	0.01017	0.06646	0.01609	0.02375	0.07048	0.01726	0.01453	0.00626	0.00558	0.00133	0.00587	0.00498	0.00438	0.55221
2	0.01020	0.00759	0.00931	0.00976	0.01120	0.00714	0.00689	0.06695	0.01526	0.02038	0.06244	0.54415	0.11548	0.01857	0.00825	0.00253	0.00425	0.01655	0.00629	0.05683
3	0.04797	0.01555	0.02181	0.04396	0.16862	0.01637	0.10034	0.18270	0.16229	0.07157	0.06374	0.02245	0.03492	0.00818	0.00703	0.00216	0.00721	0.00728	0.00562	0.01023
4	0.00851	0.00659	0.00779	0.00849	0.00990	0.00587	0.00613	0.01024	0.01492	0.01900	0.11283	0.34754	0.34076	0.01880	0.00843	0.00254	0.00382	0.05561	0.00646	0.00578
5	0.04053	0.01580	0.02613	0.06492	0.06052	0.05774	0.29595	0.06600	0.04227	0.04447	0.05673	0.05720	0.01881	0.00922	0.00814	0.00237	0.02910	0.09081	0.00465	0.00865
6	0.01614	0.04553	0.02352	0.22238	0.24794	0.01539	0.06434	0.02050	0.03753	0.06200	0.01360	0.01729	0.01073	0.00671	0.00749	0.00202	0.05218	0.00593	0.00377	0.12501
7	0.02574	0.01320	0.01606	0.01301	0.01784	0.01319	0.01052	0.08034	0.25211	0.44003	0.02654	0.02357	0.01790	0.00873	0.00690	0.00218	0.00580	0.00712	0.00785	0.01137
8	0.01395	0.03679	0.01991	0.07108	0.15187	0.01234	0.11397	0.03432	0.05442	0.04218	0.04282	0.21879	0.02303	0.04319	0.03578	0.00275	0.00729	0.01029	0.00481	0.06043
9	0.01985	0.01604	0.05060	0.02253	0.22435	0.04333	0.05484	0.08163	0.04140	0.16425	0.04186	0.01897	0.01406	0.00721	0.00712	0.00193	0.03169	0.00619	0.00507	0.14708
10	0.04753	0.01250	0.01433	0.01111	0.01601	0.01128	0.00881	0.13520	0.03630	0.12084	0.01964	0.06423	0.04322	0.05093	0.00769	0.00190	0.00557	0.00657	0.00546	0.38088
11	0.01438	0.08241	0.01518	0.05408	0.01634	0.01225	0.00912	0.12954	0.04670	0.02470	0.13236	0.12279	0.09800	0.03284	0.00762	0.00207	0.00540	0.00920	0.00556	0.17946
12	0.01719	0.06342	0.06093	0.01410	0.01834	0.06148	0.05206	0.15293	0.23319	0.02727	0.10678	0.02796	0.07047	0.05308	0.00860	0.00240	0.00671	0.00798	0.00587	0.00926
13	0.04834	0.15531	0.08979	0.01376	0.04261	0.15100	0.01172	0.02174	0.01737	0.13550	0.19674	0.02577	0.04482	0.00903	0.00649	0.00195	0.00710	0.00712	0.00530	0.00855
14	0.01505	0.01226	0.01235	0.01102	0.01348	0.08873	0.00822	0.11193	0.03712	0.04772	0.07470	0.03454	0.08223	0.22072	0.11775	0.00455	0.00833	0.03115	0.00515	0.06299
15	0.05343	0.39956	0.02891	0.01421	0.01974	0.04439	0.07333	0.13171	0.07640	0.07774	0.01398	0.01478	0.01100	0.00678	0.00558	0.00180	0.00753	0.00509	0.00446	0.00959
16	0.07099	0.02575	0.01804	0.01625	0.04355	0.47404	0.01204	0.05169	0.01829	0.03988	0.01160	0.01325	0.00940	0.00668	0.00590	0.00167	0.00997	0.00449	0.00394	0.16257
17	0.04821	0.33989	0.24663	0.01527	0.02199	0.13866	0.01612	0.06489	0.01605	0.02022	0.01099	0.01264	0.00888	0.00642	0.00549	0.00179	0.00895	0.00438	0.00331	0.00919
18	0.01540	0.12144	0.32877	0.02269	0.03082	0.01796	0.32275	0.02163	0.01514	0.02106	0.01262	0.01580	0.00945	0.00609	0.00693	0.00214	0.01039	0.00623	0.00315	0.00954
19	0.01349	0.01274	0.02155	0.64342	0.14236	0.01535	0.01928	0.01798	0.01395	0.01817	0.01226	0.01805	0.00936	0.00673	0.00683	0.00224	0.00898	0.00608	0.00309	0.00806
20	0.03234	0.00740	0.00955	0.00999	0.01163	0.00704	0.00791	0.01323	0.01662	0.04159	0.28731	0.17381	0.11128	0.01673	0.00848	0.00259	0.00448	0.22487	0.00677	0.00636
21	0.01715	0.01622	0.02720	0.06746	0.66357	0.01641	0.02060	0.04794	0.01617	0.02300	0.01298	0.01696	0.01080	0.00621	0.00678	0.00204	0.00814	0.00610	0.00351	0.01075
22	0.00834	0.00595	0.00794	0.00953	0.00992	0.00556	0.00635	0.00953	0.01310	0.01746	0.03771	0.75510	0.04525	0.02143	0.00873	0.00278	0.00397	0.01945	0.00635	0.00556
23	0.01372	0.03539	0.72412	0.01950	0.02961	0.01589	0.02528	0.02167	0.01444	0.02167	0.01228	0.01444	0.00867	0.00650	0.00650	0.00217	0.01011	0.00506	0.00289	0.01011
24	0.02202	0.01514	0.01841	0.01504	0.01926	0.05789	0.06426	0.08253	0.24767	0.24766	0.05149	0.02287	0.01811	0.00897	0.00842	0.00225	0.07382	0.00720	0.00662	0.01037
25	0.00928	0.00635	0.00766	0.00832	0.00848	0.00619	0.00506	0.00977	0.01126	0.01501	0.02826	0.33967	0.03333	0.45313	0.02399	0.00503	0.00553	0.01389	0.00506	0.00473
26	0.00834	0.00595	0.00794	0.00953	0.00992	0.00556	0.00635	0.00953	0.01310	0.01746	0.03771	0.75510	0.04525	0.02143	0.00873	0.00278	0.00397	0.01945	0.00635	0.00556
27	0.01615	0.01845	0.04037	0.02884	0.03576	0.01730	0.69204	0.02191	0.01615	0.02191	0.01384	0.01845	0.01038	0.00577	0.00807	0.00231	0.01153	0.00807	0.00346	0.00923
28	0.01392	0.01341	0.02228	0.50110	0.13119	0.01639	0.04310	0.01794	0.01348	0.01812	0.01178	0.01752	0.00937	0.00757	0.00951	0.00237	0.13365	0.00614	0.00309	0.00807
29	0.00833	0.00636	0.00765	0.00855	0.00970	0.00569	0.00595	0.00983	0.01436	0.01842	0.08897	0.46808	0.28445	0.01953	0.00846	0.00257	0.00375	0.01725	0.00642	0.00569
30	0.00834	0.00595	0.00794	0.00953	0.00992	0.00556	0.00635	0.00953	0.01310	0.01746	0.03771	0.75510	0.04525	0.02143	0.00873	0.00278	0.00397	0.01945	0.00635	0.00556
31	0.00985	0.00659	0.00749	0.00759	0.00761	0.00657	0.00428	0.00992	0.01014	0.01352	0.02252	0.08730	0.02609	0.71537	0.03326	0.00640	0.00647	0.01052	0.00428	0.00423
32	0.01489	0.01257	0.01456	0.01047	0.01651	0.00984	0.00840	0.05732	0.01525	0.02353	0.01241	0.01432	0.01022	0.00525	0.00517	0.00107	0.00521	0.00418	0.00422	0.75460
33	0.01734	0.15965	0.42128	0.01703	0.02489	0.09059	0.01944	0.04679	0.05973	0.06193	0.01361	0.01491	0.01006	0.00679	0.00616	0.00201	0.00921	0.00506	0.00368	0.00984

[dist]
# distance from previous block
# <min> <max>
0	25

[block]
# block no. 7 follows, 31 sequences, length 143
# corresponding to MSA columns:
# 446-588
name=unknown_H
#
# <colnr> <probs for GDERKNQSTAVLIFYWHMCP>
#	G	D	E	R	K	N	Q	S	T	A	V	L	I	F	Y	W	H	M	C	P
0	0.12960	0.01792	0.01830	0.01523	0.01920	0.17885	0.08901	0.13256	0.03854	0.09672	0.01838	0.06585	0.03715	0.01291	0.07774	0.00299	0.02835	0.00700	0.00505	0.00867
1	0.09218	0.04409	0.02586	0.01869	0.02418	0.01642	0.26182	0.11635	0.04600	0.07260	0.01444	0.01681	0.01095	0.00687	0.00790	0.00204	0.06680	0.00628	0.00454	0.14518
2	0.02069	0.01663	0.02216	0.01723	0.02158	0.04415	0.13586	0.27453	0.04449	0.09306	0.04044	0.03624	0.01474	0.03810	0.01047	0.00240	0.11708	0.00712	0.00550	0.03752
3	0.01220	0.00944	0.01147	0.01010	0.01301	0.00887	0.00788	0.01685	0.09251	0.04534	0.31369	0.06546	0.10357	0.01212	0.00793	0.00205	0.03395	0.04636	0.00633	0.18087
4	0.02027	0.07510	0.05135	0.08996	0.02584	0.04133	0.13646	0.30074	0.09871	0.03039	0.01572	0.01726	0.01169	0.00732	0.00677	0.00205	0.00829	0.00628	0.00517	0.04931
5	0.00976	0.00663	0.00764	0.00786	0.00805	0.00655	0.00469	0.01008	0.01072	0.01418	0.02561	0.11615	0.05441	0.62779	0.03018	0.00594	0.00624	0.03857	0.00454	0.00444
6	0.04258	0.18061	0.44980	0.01782	0.05377	0.05398	0.02002	0.02173	0.03651	0.02074	0.01384	0.01558	0.03121	0.00680	0.00605	0.00200	0.00905	0.00511	0.00323	0.00955
7	0.02036	0.08286	0.09963	0.01639	0.02190	0.04728	0.07956	0.26506	0.18883	0.05304	0.01876	0.04413	0.01443	0.00827	0.00679	0.00212	0.00768	0.00681	0.00568	0.01043
8	0.01725	0.01014	0.01466	0.01262	0.01570	0.00957	0.07485	0.06516	0.04077	0.22572	0.11788	0.30532	0.03304	0.01388	0.00786	0.00239	0.00544	0.01248	0.00689	0.00839
9	0.00871	0.00625	0.00818	0.00936	0.01003	0.00585	0.00645	0.01022	0.01398	0.01872	0.12350	0.56944	0.07427	0.05540	0.00990	0.00288	0.00410	0.05072	0.00639	0.00565
10	0.01792	0.01650	0.05713	0.05157	0.04713	0.03975	0.27699	0.02179	0.01511	0.13930	0.01585	0.04642	0.01263	0.01011	0.03977	0.00275	0.16860	0.00743	0.00429	0.00898
11	0.01573	0.08665	0.55450	0.01904	0.02784	0.11282	0.04773	0.02235	0.01513	0.02062	0.01191	0.01406	0.00876	0.00650	0.00636	0.00207	0.01026	0.00498	0.00300	0.00969
12	0.01019	0.00792	0.00951	0.00968	0.01109	0.03663	0.00727	0.01286	0.01745	0.02379	0.44236	0.21887	0.05462	0.01605	0.00831	0.00240	0.00415	0.09361	0.00694	0.00629
13	0.12489	0.34144	0.15527	0.01470	0.02064	0.17814	0.03870	0.02221	0.01499	0.01943	0.01041	0.01220	0.00864	0.00630	0.00528	0.00178	0.00882	0.00425	0.00325	0.00867
14	0.01688	0.10713	0.01766	0.12123	0.02058	0.10383	0.03174	0.02003	0.03776	0.12948	0.05043	0.18607	0.02442	0.01198	0.00727	0.00230	0.00704	0.09086	0.00538	0.00793
15	0.02282	0.01523	0.01882	0.01497	0.01986	0.04206	0.07727	0.18679	0.16968	0.23813	0.02425	0.02469	0.04296	0.00890	0.00706	0.00216	0.00684	0.03307	0.00677	0.03769
16	0.01016	0.00734	0.00956	0.00949	0.01001	0.00807	0.00658	0.01127	0.01060	0.01469	0.02034	0.03796	0.02179	0.42914	0.29492	0.00796	0.04576	0.03525	0.00400	0.00512
17	0.01568	0.01263	0.01467	0.01068	0.01661	0.01015	0.00857	0.05708	0.04167	0.05382	0.01364	0.01514	0.01092	0.00555	0.00532	0.00117	0.00525	0.00443	0.00451	0.69252
18	0.10603	0.12041	0.02246	0.01661	0.01970	0.25190	0.06215	0.02197	0.01472	0.04525	0.01067	0.01373	0.00913	0.00836	0.01112	0.00221	0.24688	0.00510	0.00353	0.00808
19	0.01311	0.01067	0.01160	0.01065	0.01326	0.03784	0.00814	0.02152	0.24911	0.04358	0.37277	0.04186	0.11362	0.01235	0.00760	0.00221	0.00440	0.01059	0.00709	0.00804
20	0.01799	0.06987	0.07070	0.04126	0.07160	0.01507	0.11696	0.09841	0.01695	0.09445	0.01408	0.01618	0.01078	0.00660	0.00724	0.00179	0.05416	0.00557	0.00442	0.26590
21	0.00856	0.00595	0.00800	0.00949	0.00986	0.00558	0.00632	0.00949	0.01283	0.01711	0.03607	0.70845	0.04313	0.02158	0.00988	0.05349	0.00409	0.01859	0.00614	0.00539
22	0.02400	0.05821	0.02126	0.02102	0.12431	0.59879	0.01432	0.02612	0.01861	0.01755	0.01087	0.01297	0.00911	0.00686	0.00619	0.00179	0.01152	0.00463	0.00348	0.00840
23	0.00897	0.00602	0.00803	0.00923	0.00959	0.00569	0.00611	0.00947	0.01233	0.01638	0.03357	0.58028	0.05576	0.07200	0.01317	0.12153	0.00443	0.01667	0.00570	0.00508
24	0.02351	0.23883	0.02403	0.01596	0.02014	0.53323	0.01279	0.02539	0.01784	0.01656	0.01027	0.01195	0.00880	0.00671	0.00567	0.00168	0.01092	0.00420	0.00336	0.00817
25	0.00817	0.00693	0.00705	0.00702	0.00929	0.00581	0.00527	0.00999	0.01580	0.01898	0.10480	0.06503	0.67831	0.01714	0.00808	0.00230	0.00345	0.01432	0.00642	0.00581
26	0.01462	0.01241	0.01442	0.01034	0.01640	0.00956	0.00828	0.04185	0.01484	0.02305	0.01232	0.01427	0.01019	0.00518	0.00513	0.00105	0.00516	0.00413	0.00415	0.77266
27	0.00978	0.00715	0.00838	0.00797	0.01005	0.00628	0.00601	0.01229	0.01761	0.05105	0.38517	0.05687	0.36588	0.01532	0.00803	0.00222	0.00344	0.01312	0.00702	0.00635
28	0.01829	0.76368	0.03585	0.01171	0.01756	0.02707	0.01171	0.02049	0.01390	0.01610	0.00951	0.01097	0.00878	0.00585	0.00439	0.00146	0.00732	0.00366	0.00293	0.00878
29	0.01372	0.03539	0.72412	0.01950	0.02961	0.01589	0.02528	0.02167	0.01444	0.02167	0.01228	0.01444	0.00867	0.00650	0.00650	0.00217	0.01011	0.00506	0.00289	0.01011
30	0.01430	0.01400	0.02004	0.09511	0.02059	0.01926	0.01484	0.01620	0.01087	0.01652	0.01013	0.01635	0.00970	0.01484	0.08239	0.00361	0.60469	0.00611	0.00306	0.00738
31	0.78142	0.01389	0.01037	0.00929	0.01350	0.03960	0.00761	0.02035	0.01191	0.03022	0.00956	0.01116	0.00746	0.00637	0.00430	0.00210	0.00553	0.00373	0.00421	0.00743
32	0.02556	0.03261	0.01939	0.01763	0.02115	0.73210	0.01322	0.02732	0.01939	0.01674	0.01058	0.01234	0.00881	0.00705	0.00617	0.00176	0.01234	0.00441	0.00353	0.00793
33	0.01702	0.01470	0.01547	0.01392	0.01779	0.01702	0.01083	0.03635	0.70453	0.02862	0.02785	0.02553	0.02088	0.00928	0.00696	0.00232	0.00541	0.00773	0.00696	0.01083
34	0.01867	0.01265	0.01503	0.01117	0.01690	0.01058	0.00901	0.06461	0.06011	0.17466	0.01662	0.01700	0.01237	0.00626	0.00569	0.00140	0.00541	0.00503	0.00536	0.53147
35	0.00834	0.00595	0.00794	0.00953	0.00992	0.00556	0.00635	0.00953	0.01310	0.01746	0.03771	0.75510	0.04525	0.02143	0.00873	0.00278	0.00397	0.01945	0.00635	0.00556
36	0.01497	0.01497	0.02095	0.01796	0.01796	0.02095	0.01497	0.01646	0.01048	0.01646	0.00898	0.01497	0.00898	0.01197	0.02245	0.00299	0.74704	0.00599	0.00299	0.00748
37	0.01188	0.00594	0.00891	0.00891	0.00891	0.00594	0.00594	0.00891	0.00891	0.01188	0.01188	0.02080	0.01188	0.02377	0.02674	0.80095	0.00594	0.00594	0.00297	0.00297
38	0.00834	0.00595	0.00794	0.00953	0.00992	0.00556	0.00635	0.00953	0.01310	0.01746	0.03771	0.75510	0.04525	0.02143	0.00873	0.00278	0.00397	0.01945	0.00635	0.00556
39	0.01730	0.01100	0.01191	0.01062	0.01378	0.01185	0.00829	0.05054	0.30636	0.11602	0.02503	0.02491	0.01866	0.00859	0.00604	0.00198	0.00461	0.00701	0.33637	0.00911
40	0.02567	0.01900	0.02034	0.01567	0.02109	0.02106	0.01292	0.66937	0.05742	0.04257	0.01685	0.01677	0.01198	0.00825	0.00685	0.00206	0.00745	0.00622	0.00685	0.01160
41	0.00870	0.00733	0.00759	0.00745	0.00977	0.00641	0.00561	0.01147	0.05070	0.01990	0.13260	0.06231	0.61322	0.01658	0.00803	0.00229	0.00354	0.01389	0.00650	0.00610
42	0.03070	0.01164	0.01588	0.01217	0.01746	0.01006	0.01006	0.03334	0.01958	0.72163	0.02699	0.02329	0.01694	0.00847	0.00688	0.00212	0.00582	0.00688	0.00847	0.01164
43	0.02562	0.03061	0.01956	0.01735	0.02116	0.62655	0.01319	0.12631	0.02128	0.02066	0.01144	0.01294	0.00923	0.00722	0.00627	0.00181	0.01162	0.00467	0.00402	0.00848
44	0.00870	0.00651	0.00809	0.00864	0.00986	0.00589	0.00612	0.01066	0.01565	0.02085	0.25841	0.37523	0.20409	0.01814	0.00838	0.00247	0.00362	0.01607	0.00672	0.00589
45	0.04753	0.20638	0.20602	0.08864	0.04793	0.06447	0.01607	0.07283	0.06849	0.09835	0.01448	0.01574	0.01082	0.00694	0.00602	0.00197	0.00821	0.00524	0.00423	0.00965
46	0.00905	0.00661	0.00863	0.00993	0.01075	0.00631	0.00709	0.01125	0.03700	0.01884	0.07578	0.57036	0.07349	0.02010	0.00871	0.00276	0.00427	0.10676	0.00643	0.00589
47	0.01077	0.00809	0.00991	0.00936	0.01127	0.00790	0.00703	0.04072	0.08463	0.02655	0.50985	0.11695	0.10207	0.01427	0.00798	0.00224	0.00369	0.01252	0.00725	0.00694
48	0.01692	0.01663	0.02754	0.08787	0.61859	0.04073	0.04948	0.02102	0.01560	0.02181	0.01278	0.01693	0.01063	0.00616	0.00681	0.00205	0.00849	0.00612	0.00337	0.01045
49	0.01648	0.14919	0.19053	0.05072	0.07478	0.11040	0.14212	0.02097	0.01514	0.02008	0.01311	0.01628	0.01044	0.00816	0.03207	0.00228	0.02589	0.00565	0.08694	0.00879
50	0.00874	0.00640	0.00858	0.00994	0.01042	0.00623	0.00689	0.01011	0.01336	0.01792	0.05987	0.67132	0.04437	0.02073	0.00922	0.00278	0.02958	0.05157	0.00627	0.00569
51	0.00925	0.00698	0.00855	0.00816	0.00996	0.00627	0.00612	0.01208	0.01836	0.02504	0.54072	0.05505	0.23861	0.01488	0.00807	0.00219	0.00329	0.01293	0.00722	0.00627
52	0.06830	0.01798	0.15413	0.10641	0.37290	0.01473	0.01886	0.01963	0.01528	0.02271	0.08406	0.02174	0.01642	0.00751	0.00678	0.00214	0.00786	0.02920	0.00383	0.00952
53	0.01733	0.01937	0.02028	0.04851	0.02060	0.24091	0.08436	0.01945	0.01436	0.01710	0.01564	0.02065	0.06179	0.05846	0.03927	0.00296	0.28136	0.00663	0.00355	0.00743
54	0.80789	0.01323	0.01006	0.00900	0.01323	0.01535	0.00741	0.02011	0.01164	0.03070	0.00953	0.01111	0.00741	0.00635	0.00423	0.00212	0.00529	0.00370	0.00423	0.00741
55	0.02738	0.01548	0.01807	0.01402	0.01929	0.01594	0.01153	0.34995	0.07912	0.34260	0.02200	0.02018	0.01471	0.00841	0.00687	0.00210	0.00661	0.00660	0.00757	0.01158
56	0.02201	0.35219	0.04962	0.01502	0.01986	0.37165	0.01294	0.05084	0.01734	0.01768	0.01040	0.01197	0.00891	0.00655	0.00543	0.00166	0.00987	0.00417	0.00338	0.00852
57	0.01292	0.01216	0.02052	0.74312	0.04712	0.01520	0.01900	0.01748	0.01368	0.01748	0.01216	0.01824	0.00912	0.00684	0.00684	0.00228	0.00912	0.00608	0.00304	0.00760
58	0.00917	0.00691	0.00965	0.11233	0.01486	0.00704	0.00787	0.01069	0.01281	0.01697	0.03221	0.56754	0.03776	0.10672	0.01155	0.00316	0.00501	0.01645	0.00562	0.00568
59	0.00921	0.00716	0.00884	0.00912	0.01084	0.00647	0.00665	0.01105	0.01403	0.01861	0.06968	0.34483	0.22569	0.02159	0.09148	0.00340	0.00566	0.04020	0.00585	0.08965
60	0.77945	0.01345	0.01044	0.00924	0.01352	0.01556	0.00761	0.04463	0.01239	0.03115	0.00978	0.01131	0.00756	0.00642	0.00433	0.00211	0.00537	0.00379	0.00433	0.00756
61	0.01829	0.76368	0.03585	0.01171	0.01756	0.02707	0.01171	0.02049	0.01390	0.01610	0.00951	0.01097	0.00878	0.00585	0.00439	0.00146	0.00732	0.00366	0.00293	0.00878
62	0.02169	0.02552	0.02239	0.07505	0.26571	0.43393	0.01632	0.02445	0.01767	0.01875	0.01148	0.01434	0.00954	0.00670	0.00642	0.00189	0.01065	0.00511	0.00344	0.00892
63	0.01776	0.01426	0.01561	0.01391	0.01739	0.07136	0.03399	0.21272	0.10269	0.05543	0.02977	0.06692	0.09353	0.01281	0.00783	0.00246	0.00682	0.20969	0.00631	0.00873
64	0.80789	0.01323	0.01006	0.00900	0.01323	0.01535	0.00741	0.02011	0.01164	0.03070	0.00953	0.01111	0.00741	0.00635	0.00423	0.00212	0.00529	0.00370	0.00423	0.00741
65	0.01372	0.03539	0.72412	0.01950	0.02961	0.01589	0.02528	0.02167	0.01444	0.02167	0.01228	0.01444	0.00867	0.00650	0.00650	0.00217	0.01011	0.00506	0.00289	0.01011
66	0.02397	0.01815	0.01939	0.01533	0.02044	0.02027	0.01251	0.54511	0.18445	0.03983	0.01901	0.01849	0.01373	0.00845	0.00687	0.00211	0.00705	0.00652	0.00687	0.01145
67	0.02320	0.01040	0.01339	0.01069	0.01490	0.00923	0.00863	0.04856	0.01877	0.42866	0.13445	0.02714	0.02393	0.00900	0.00661	0.00196	0.00501	0.00744	0.12747	0.07056
68	0.00834	0.00595	0.00794	0.00953	0.00992	0.00556	0.00635	0.00953	0.01310	0.01746	0.03771	0.75510	0.04525	0.02143	0.00873	0.00278	0.00397	0.01945	0.00635	0.00556
69	0.00962	0.00699	0.00906	0.00854	0.01018	0.00643	0.00641	0.01279	0.01922	0.02708	0.68810	0.05168	0.08995	0.01412	0.00807	0.00216	0.00324	0.01245	0.00749	0.00643
70	0.01693	0.01626	0.02777	0.04199	0.71689	0.01626	0.02100	0.02100	0.01558	0.02235	0.01287	0.01693	0.01084	0.00610	0.00677	0.00203	0.00813	0.00610	0.00339	0.01084
71	0.06175	0.01381	0.01694	0.01304	0.01834	0.01340	0.01077	0.21762	0.02277	0.50305	0.02331	0.02086	0.01506	0.00831	0.00676	0.00210	0.00628	0.00655	0.00784	0.01146
72	0.01005	0.00738	0.00946	0.00887	0.01060	0.00699	0.00668	0.01409	0.05390	0.02749	0.67874	0.04982	0.06235	0.01375	0.00801	0.00216	0.00334	0.01214	0.00750	0.00668
73	0.01693	0.01626	0.02777	0.04199	0.71689	0.01626	0.02100	0.02100	0.01558	0.02235	0.01287	0.01693	0.01084	0.00610	0.00677	0.00203	0.00813	0.00610	0.00339	0.01084
74	0.02555	0.01894	0.02028	0.01565	0.02104	0.02100	0.01289	0.66093	0.06605	0.04239	0.01700	0.01688	0.01210	0.00827	0.00685	0.00207	0.00742	0.00624	0.00685	0.01159
75	0.00968	0.00699	0.00914	0.00861	0.01022	0.00646	0.00646	0.01291	0.01937	0.02743	0.71328	0.05110	0.06455	0.01399	0.00807	0.00215	0.00323	0.01237	0.00753	0.00646
76	0.02556	0.03261	0.01939	0.01763	0.02115	0.73210	0.01322	0.02732	0.01939	0.01674	0.01058	0.01234	0.00881	0.00705	0.00617	0.00176	0.01234	0.00441	0.00353	0.00793
77	0.02556	0.03261	0.01939	0.01763	0.02115	0.73210	0.01322	0.02732	0.01939	0.01674	0.01058	0.01234	0.00881	0.00705	0.00617	0.00176	0.01234	0.00441	0.00353	0.00793
78	0.00977	0.00733	0.01100	0.01100	0.01222	0.00855	0.00855	0.01222	0.01100	0.01588	0.01833	0.02688	0.01710	0.05131	0.73245	0.01100	0.01833	0.00733	0.00367	0.00611
79	0.01812	0.73632	0.06170	0.01200	0.01801	0.02665	0.01222	0.02053	0.01392	0.01631	0.00962	0.01110	0.00878	0.00588	0.00447	0.00149	0.00742	0.00371	0.00293	0.00883
80	0.02619	0.01886	0.02035	0.01560	0.02107	0.02077	0.01289	0.66762	0.03166	0.07029	0.01685	0.01670	0.01185	0.00822	0.00685	0.00206	0.00746	0.00619	0.00691	0.01164
81	0.80789	0.01323	0.01006	0.00900	0.01323	0.01535	0.00741	0.02011	0.01164	0.03070	0.00953	0.01111	0.00741	0.00635	0.00423	0.00212	0.00529	0.00370	0.00423	0.00741
82	0.01702	0.01470	0.01547	0.01392	0.01779	0.01702	0.01083	0.03635	0.70453	0.02862	0.02785	0.02553	0.02088	0.00928	0.00696	0.00232	0.00541	0.00773	0.00696	0.01083
83	0.00995	0.00663	0.00746	0.00746	0.00746	0.00663	0.00415	0.00995	0.00995	0.01327	0.02156	0.04477	0.02487	0.75957	0.03482	0.00663	0.00663	0.00995	0.00415	0.00415
84	0.01372	0.03539	0.72412	0.01950	0.02961	0.01589	0.02528	0.02167	0.01444	0.02167	0.01228	0.01444	0.00867	0.00650	0.00650	0.00217	0.01011	0.00506	0.00289	0.01011
85	0.01616	0.05735	0.52269	0.01836	0.05044	0.01533	0.02126	0.02349	0.05242	0.11047	0.01671	0.01775	0.03289	0.00721	0.00655	0.00214	0.00893	0.00571	0.00394	0.01018
86	0.00834	0.00595	0.00794	0.00953	0.00992	0.00556	0.00635	0.00953	0.01310	0.01746	0.03771	0.75510	0.04525	0.02143	0.00873	0.00278	0.00397	0.01945	0.00635	0.00556
87	0.00834	0.00595	0.00794	0.00953	0.00992	0.00556	0.00635	0.00953	0.01310	0.01746	0.03771	0.75510	0.04525	0.02143	0.00873	0.00278	0.00397	0.01945	0.00635	0.00556
88	0.01857	0.73565	0.03522	0.01193	0.01770	0.05410	0.01176	0.02075	0.01411	0.01612	0.00955	0.01103	0.00878	0.00590	0.00446	0.00147	0.00751	0.00369	0.00295	0.00875
89	0.01099	0.00832	0.01183	0.01142	0.01283	0.00972	0.00891	0.05538	0.01228	0.01754	0.01798	0.02638	0.01673	0.07031	0.63894	0.01001	0.04283	0.00729	0.00386	0.00644
90	0.00862	0.00616	0.00826	0.00985	0.01037	0.00580	0.00684	0.01002	0.01338	0.01778	0.03755	0.68363	0.04463	0.02117	0.00881	0.00282	0.00421	0.08812	0.00635	0.00564
91	0.00977	0.00733	0.01100	0.01100	0.01222	0.00855	0.00855	0.01222	0.01100	0.01588	0.01833	0.02688	0.01710	0.05131	0.73245	0.01100	0.01833	0.00733	0.00367	0.00611
92	0.01419	0.01216	0.01419	0.01013	0.01621	0.00912	0.00811	0.01723	0.01419	0.02229	0.01216	0.01419	0.01013	0.00507	0.00507	0.00101	0.00507	0.00405	0.00405	0.80139
93	0.01275	0.00638	0.00638	0.00638	0.00797	0.00638	0.00478	0.01594	0.01435	0.02551	0.02232	0.02551	0.01754	0.00797	0.00478	0.00159	0.00319	0.00638	0.79755	0.00638
94	0.00842	0.00616	0.00794	0.00932	0.01002	0.00569	0.00640	0.00976	0.01354	0.01773	0.04179	0.63544	0.13280	0.02079	0.00868	0.00273	0.00400	0.04683	0.00635	0.00562
95	0.00858	0.00695	0.00761	0.00745	0.00954	0.00598	0.00558	0.01077	0.01675	0.02124	0.26736	0.06131	0.51434	0.01630	0.00808	0.00226	0.00339	0.01380	0.00672	0.00598
