[name]
unknown

[dist]
# distance from previous block
# <min> <max>
0	26

[block]
# block no. 0 follows, 34 sequences, length 18
# corresponding to MSA columns:
# 26-43
name=unknown_A
#
# <colnr> <probs for GDERKNQSTAVLIFYWHMCP>
#	G	D	E	R	K	N	Q	S	T	A	V	L	I	F	Y	W	H	M	C	P
0	0.00978	0.00897	0.05845	0.00948	0.01149	0.00745	0.00762	0.01287	0.06082	0.01782	0.03371	0.23211	0.16216	0.13486	0.04950	0.00335	0.00552	0.08953	0.03485	0.04967
1	0.01519	0.29111	0.44882	0.01563	0.02351	0.01900	0.01869	0.06335	0.01451	0.01990	0.01093	0.01262	0.00840	0.00603	0.00547	0.00181	0.00848	0.00438	0.00297	0.00920
2	0.01908	0.05499	0.08616	0.01656	0.07978	0.08783	0.06012	0.22012	0.06470	0.08716	0.05509	0.02055	0.05998	0.00782	0.00638	0.00190	0.00724	0.00641	0.00513	0.05301
3	0.01253	0.00914	0.03350	0.01059	0.01296	0.00830	0.04570	0.07574	0.01581	0.08228	0.13986	0.20609	0.12709	0.01567	0.03653	0.05783	0.00533	0.05368	0.04471	0.00667
4	0.00935	0.00679	0.00794	0.00803	0.00977	0.00612	0.00587	0.01180	0.04148	0.05410	0.18687	0.25045	0.34553	0.01611	0.00771	0.00227	0.00354	0.01396	0.00634	0.00597
5	0.05591	0.13733	0.02774	0.01874	0.02352	0.03859	0.32120	0.02052	0.03960	0.08499	0.01599	0.06718	0.01379	0.00790	0.00775	0.00213	0.06067	0.04408	0.00406	0.00830
6	0.05758	0.16732	0.16758	0.04372	0.07356	0.13714	0.10328	0.08609	0.03989	0.04759	0.01230	0.01414	0.00947	0.00630	0.00588	0.00186	0.00864	0.00507	0.00367	0.00892
7	0.01434	0.01132	0.06627	0.03445	0.03073	0.03618	0.00858	0.09673	0.01594	0.04639	0.04470	0.02404	0.05752	0.00819	0.00596	0.00175	0.03164	0.00646	0.45157	0.00722
8	0.01357	0.01077	0.05679	0.01019	0.01319	0.00950	0.00855	0.14693	0.02011	0.07574	0.46383	0.03887	0.08260	0.01155	0.00723	0.00202	0.00441	0.00990	0.00671	0.00754
9	0.09400	0.28883	0.22732	0.01665	0.09102	0.03514	0.03848	0.06696	0.01483	0.05547	0.01143	0.01303	0.00894	0.00606	0.00534	0.00178	0.00773	0.00452	0.00345	0.00902
10	0.01076	0.00879	0.01315	0.04591	0.01415	0.00927	0.09289	0.03615	0.01176	0.01590	0.02159	0.07312	0.06774	0.33933	0.16986	0.00562	0.04545	0.00898	0.00399	0.00561
11	0.00907	0.00637	0.00817	0.00898	0.00989	0.00604	0.00630	0.01116	0.03833	0.03584	0.13184	0.50249	0.08120	0.06393	0.00956	0.00273	0.00399	0.05236	0.00609	0.00565
12	0.01375	0.01393	0.06316	0.07805	0.02070	0.05212	0.14328	0.10657	0.05012	0.02136	0.04543	0.23832	0.04776	0.03412	0.00862	0.00238	0.03773	0.01029	0.00480	0.00752
13	0.01597	0.04518	0.11895	0.01881	0.18605	0.04024	0.01357	0.05310	0.09662	0.06635	0.01719	0.01837	0.05007	0.00672	0.00591	0.00170	0.00657	0.00560	0.00428	0.22875
14	0.11323	0.01602	0.13399	0.05248	0.09880	0.03128	0.03543	0.08193	0.11466	0.04602	0.09840	0.05839	0.07473	0.00889	0.00644	0.00207	0.00639	0.00744	0.00490	0.00848
15	0.00860	0.00614	0.00729	0.00772	0.00835	0.00579	0.00499	0.00956	0.01218	0.01608	0.11167	0.28099	0.14386	0.32669	0.01816	0.00398	0.00463	0.01321	0.00527	0.00483
16	0.01285	0.06729	0.05046	0.04288	0.14309	0.01204	0.03131	0.04865	0.09399	0.01867	0.02011	0.10539	0.03628	0.23197	0.05427	0.00373	0.00711	0.00842	0.00426	0.00723
17	0.08281	0.05314	0.11789	0.08049	0.09196	0.08965	0.06020	0.08375	0.02818	0.07159	0.01584	0.11389	0.01404	0.00849	0.00700	0.00206	0.04258	0.00698	0.00423	0.02524

[dist]
# distance from previous block
# <min> <max>
3	11

[block]
# block no. 1 follows, 34 sequences, length 6
# corresponding to MSA columns:
# 55-60
name=unknown_B
#
# <colnr> <probs for GDERKNQSTAVLIFYWHMCP>
#	G	D	E	R	K	N	Q	S	T	A	V	L	I	F	Y	W	H	M	C	P
0	0.01855	0.05949	0.12610	0.03519	0.06591	0.10270	0.03389	0.21254	0.16758	0.02660	0.01596	0.01689	0.01206	0.00733	0.00654	0.00196	0.02653	0.00571	0.04901	0.00948
1	0.05794	0.01642	0.19556	0.13155	0.07773	0.01269	0.01461	0.03780	0.03192	0.07332	0.13653	0.06501	0.04403	0.00912	0.00774	0.00214	0.06588	0.00744	0.00448	0.00810
2	0.01418	0.01159	0.01373	0.01163	0.05556	0.00999	0.00854	0.07728	0.05637	0.02303	0.01517	0.06799	0.01319	0.00663	0.00535	0.00133	0.00496	0.00550	0.06685	0.53114
3	0.01179	0.00945	0.01258	0.01274	0.05027	0.00960	0.04769	0.08929	0.10635	0.02171	0.06839	0.36286	0.08856	0.01499	0.00768	0.00239	0.00498	0.06571	0.00588	0.00707
4	0.07222	0.15142	0.17538	0.05665	0.05190	0.07544	0.06283	0.06600	0.09292	0.05353	0.01343	0.01488	0.01026	0.00639	0.00573	0.00183	0.00771	0.00505	0.00392	0.07251
5	0.01795	0.01638	0.13847	0.07598	0.05159	0.01348	0.09606	0.17058	0.01924	0.15447	0.15602	0.02318	0.02087	0.00814	0.00678	0.00203	0.00702	0.00712	0.00544	0.00918

[dist]
# distance from previous block
# <min> <max>
18	31

[block]
# block no. 2 follows, 34 sequences, length 17
# corresponding to MSA columns:
# 95-111
name=unknown_C
#
# <colnr> <probs for GDERKNQSTAVLIFYWHMCP>
#	G	D	E	R	K	N	Q	S	T	A	V	L	I	F	Y	W	H	M	C	P
0	0.04704	0.12664	0.03608	0.02523	0.01676	0.04653	0.08733	0.07472	0.03083	0.08837	0.03863	0.22433	0.04346	0.03373	0.00749	0.00223	0.00628	0.03373	0.00503	0.02554
1	0.01023	0.00836	0.01150	0.06154	0.09631	0.00857	0.00912	0.01285	0.03779	0.01777	0.05784	0.18522	0.16966	0.10693	0.04552	0.00324	0.03338	0.11288	0.00504	0.00623
2	0.03739	0.01153	0.04666	0.04541	0.09892	0.01077	0.12871	0.01505	0.02979	0.02077	0.18352	0.06114	0.21193	0.01110	0.00815	0.00216	0.05510	0.00979	0.00494	0.00718
3	0.05135	0.25265	0.24644	0.01358	0.01914	0.06477	0.01431	0.05610	0.01471	0.01973	0.03900	0.09644	0.01595	0.00869	0.00592	0.00194	0.00744	0.05993	0.00378	0.00815
4	0.01200	0.00936	0.00985	0.00970	0.01157	0.06564	0.00716	0.04309	0.05705	0.06616	0.08934	0.29320	0.18008	0.01785	0.07086	0.00295	0.00569	0.01243	0.02949	0.00651
5	0.01528	0.00959	0.01132	0.00991	0.01282	0.00951	0.00773	0.08064	0.13635	0.15998	0.26159	0.06577	0.13282	0.01146	0.00701	0.00206	0.00427	0.00973	0.04411	0.00802
6	0.00971	0.00624	0.00781	0.00843	0.00931	0.00579	0.00570	0.01092	0.01274	0.06405	0.06194	0.46555	0.10437	0.15380	0.01235	0.00313	0.00422	0.01482	0.03366	0.00547
7	0.01655	0.01580	0.02316	0.16272	0.45791	0.06377	0.01777	0.07640	0.06248	0.02191	0.01310	0.01642	0.01051	0.00630	0.00639	0.00196	0.00789	0.00576	0.00363	0.00957
8	0.04588	0.01228	0.01999	0.40740	0.19341	0.01381	0.04362	0.01852	0.04155	0.05514	0.01484	0.05409	0.01240	0.00747	0.00657	0.00214	0.00773	0.03139	0.00367	0.00810
9	0.03865	0.00791	0.00944	0.00895	0.01103	0.00746	0.00671	0.05910	0.01590	0.11770	0.17327	0.21346	0.19258	0.06996	0.00932	0.00254	0.00427	0.03885	0.00630	0.00660
10	0.00832	0.00631	0.00724	0.00746	0.00870	0.00570	0.00516	0.00980	0.01386	0.01789	0.17695	0.20209	0.31946	0.16687	0.01278	0.00306	0.00392	0.01340	0.00580	0.00523
11	0.03450	0.01244	0.03447	0.01161	0.01441	0.06909	0.03301	0.13155	0.10250	0.02354	0.10916	0.20447	0.12487	0.03005	0.00779	0.00230	0.00555	0.03555	0.00577	0.00740
12	0.01580	0.47700	0.21127	0.05336	0.08923	0.02135	0.01549	0.01953	0.01340	0.01717	0.01007	0.01208	0.00847	0.00575	0.00498	0.00164	0.00774	0.00412	0.00280	0.00874
13	0.01414	0.01228	0.05901	0.01093	0.01403	0.04376	0.00900	0.11285	0.13239	0.06530	0.15965	0.14890	0.13579	0.01204	0.00703	0.00212	0.00504	0.01020	0.03775	0.00777
14	0.06491	0.00791	0.00962	0.00951	0.01144	0.00767	0.00716	0.03504	0.04431	0.11633	0.14679	0.31001	0.09595	0.03193	0.00807	0.00244	0.00432	0.07359	0.00630	0.00669
15	0.06690	0.01251	0.01692	0.09710	0.06923	0.01328	0.08343	0.09153	0.18881	0.02437	0.07734	0.05288	0.07121	0.00928	0.00673	0.00211	0.00616	0.04902	0.00519	0.05599
16	0.07705	0.07447	0.03253	0.01120	0.01474	0.13188	0.00902	0.07798	0.06283	0.04717	0.09114	0.07101	0.07205	0.06733	0.00814	0.00217	0.00625	0.02213	0.00488	0.11604

[dist]
# distance from previous block
# <min> <max>
2	83

[block]
# block no. 3 follows, 34 sequences, length 21
# corresponding to MSA columns:
# 195-215
name=unknown_D
#
# <colnr> <probs for GDERKNQSTAVLIFYWHMCP>
#	G	D	E	R	K	N	Q	S	T	A	V	L	I	F	Y	W	H	M	C	P
0	0.06667	0.06325	0.20399	0.09486	0.05638	0.06668	0.01492	0.06851	0.13180	0.04625	0.01714	0.06134	0.03299	0.00808	0.00681	0.00207	0.03891	0.00635	0.00425	0.00874
1	0.06579	0.03658	0.11311	0.04740	0.09957	0.09682	0.03473	0.04153	0.09861	0.02128	0.07361	0.04095	0.06341	0.00933	0.00793	0.00215	0.07709	0.05761	0.00439	0.00808
2	0.11200	0.08978	0.02062	0.04428	0.30510	0.03338	0.01391	0.06077	0.08079	0.03828	0.01383	0.01649	0.01124	0.00927	0.05343	0.00246	0.03664	0.00547	0.04329	0.00895
3	0.00906	0.00639	0.00807	0.00883	0.00986	0.00599	0.00626	0.01100	0.03123	0.03819	0.11366	0.45340	0.14076	0.06296	0.00952	0.00271	0.00400	0.06640	0.00606	0.00563
4	0.09579	0.04127	0.06460	0.07573	0.08722	0.08348	0.08849	0.05948	0.07856	0.07366	0.06054	0.10804	0.01778	0.00973	0.02553	0.00228	0.00739	0.00753	0.00464	0.00827
5	0.01332	0.01230	0.01699	0.15797	0.25604	0.07048	0.01336	0.01619	0.01441	0.03377	0.06680	0.14607	0.08345	0.03798	0.00790	0.00228	0.00670	0.03207	0.00431	0.00760
6	0.01333	0.00845	0.00967	0.00912	0.01093	0.00860	0.00662	0.10735	0.06053	0.07228	0.04906	0.23010	0.04417	0.15309	0.01149	0.00286	0.00468	0.01047	0.18049	0.00669
7	0.02432	0.01084	0.01376	0.01103	0.01527	0.01007	0.00907	0.11143	0.01895	0.48727	0.02554	0.02588	0.04096	0.00878	0.00641	0.00199	0.00531	0.04737	0.11593	0.00983
8	0.03484	0.00804	0.00963	0.00888	0.01110	0.00777	0.00678	0.03711	0.07494	0.08429	0.38653	0.08950	0.16765	0.01401	0.02787	0.00233	0.00409	0.01111	0.00666	0.00685
9	0.02892	0.00685	0.00822	0.00836	0.00987	0.00649	0.00608	0.01272	0.04956	0.04374	0.25729	0.28880	0.15585	0.01510	0.00742	0.00222	0.00354	0.01324	0.06966	0.00608
10	0.00818	0.00591	0.00782	0.00923	0.00985	0.00554	0.00650	0.00958	0.01283	0.01691	0.03712	0.63941	0.08094	0.01972	0.00830	0.00264	0.00400	0.10417	0.00599	0.00535
11	0.01727	0.77681	0.03386	0.01106	0.01658	0.02557	0.01106	0.01935	0.01313	0.01520	0.00898	0.01036	0.00829	0.00553	0.00415	0.00138	0.00691	0.00345	0.00276	0.00829
12	0.01003	0.00670	0.00785	0.00801	0.00858	0.00677	0.00515	0.04436	0.01166	0.01626	0.02380	0.21844	0.02649	0.42469	0.06517	0.00489	0.00600	0.01095	0.08927	0.00492
13	0.01187	0.00747	0.00868	0.05226	0.01141	0.00758	0.00642	0.06676	0.01633	0.02511	0.24325	0.03259	0.06742	0.00972	0.00591	0.00178	0.00368	0.00816	0.40713	0.00646
14	0.01062	0.00869	0.01178	0.01104	0.01144	0.01066	0.00827	0.01184	0.00998	0.01435	0.01654	0.05503	0.01749	0.28813	0.26764	0.00654	0.22314	0.00784	0.00353	0.00547
15	0.01439	0.01358	0.01616	0.01437	0.01519	0.09588	0.01152	0.01566	0.01162	0.04560	0.01585	0.08639	0.05346	0.01515	0.06983	0.05455	0.43331	0.00722	0.00361	0.00666
16	0.01811	0.01227	0.01432	0.01256	0.01592	0.01290	0.01032	0.32697	0.02182	0.09909	0.02648	0.13854	0.05308	0.01263	0.00744	0.00233	0.00601	0.19424	0.00639	0.00859
17	0.01449	0.01392	0.02430	0.39025	0.24517	0.01528	0.12479	0.05747	0.01480	0.01989	0.01216	0.01680	0.00941	0.00617	0.00662	0.00208	0.00860	0.00604	0.00323	0.00854
18	0.01647	0.01414	0.06157	0.09623	0.17353	0.04160	0.06930	0.08386	0.03566	0.11105	0.03514	0.05796	0.03502	0.04784	0.03062	0.00248	0.00736	0.00714	0.06446	0.00857
19	0.06971	0.01716	0.01580	0.08033	0.04090	0.20138	0.01108	0.19227	0.04640	0.04971	0.03710	0.04015	0.01432	0.07883	0.07407	0.00305	0.00876	0.00626	0.00466	0.00805
20	0.05912	0.03462	0.08234	0.38440	0.03083	0.04052	0.01494	0.08821	0.01516	0.04873	0.04827	0.02015	0.01291	0.00834	0.00749	0.05048	0.00772	0.03432	0.00384	0.00760

[dist]
# distance from previous block
# <min> <max>
1	7

[block]
# block no. 4 follows, 34 sequences, length 46
# corresponding to MSA columns:
# 223-268
name=unknown_E
#
# <colnr> <probs for GDERKNQSTAVLIFYWHMCP>
#	G	D	E	R	K	N	Q	S	T	A	V	L	I	F	Y	W	H	M	C	P
0	0.01682	0.15507	0.10342	0.03345	0.03382	0.23739	0.01187	0.03649	0.06173	0.02891	0.02182	0.02277	0.14238	0.00932	0.00720	0.05184	0.00784	0.00630	0.00396	0.00758
1	0.01708	0.01190	0.01458	0.04496	0.01705	0.01099	0.02702	0.13228	0.05440	0.13819	0.08089	0.02210	0.05770	0.00756	0.00598	0.00161	0.00534	0.00626	0.02850	0.31560
2	0.08932	0.05410	0.06155	0.06353	0.15792	0.05645	0.01332	0.19738	0.03792	0.11830	0.01737	0.03285	0.04407	0.00752	0.00613	0.00194	0.00698	0.00603	0.00494	0.02237
3	0.01759	0.04149	0.01656	0.01455	0.06001	0.08047	0.04659	0.16744	0.10843	0.09218	0.06965	0.09468	0.02143	0.08413	0.00937	0.00250	0.00660	0.05237	0.00556	0.00843
4	0.01127	0.00563	0.00829	0.00829	0.00837	0.00563	0.00555	0.00876	0.00869	0.01189	0.01174	0.01987	0.01150	0.02167	0.02417	0.76975	0.00548	0.00563	0.04483	0.00297
5	0.12197	0.01158	0.01355	0.01285	0.06686	0.01190	0.00943	0.12539	0.09971	0.19481	0.02694	0.06996	0.11483	0.01126	0.03322	0.00239	0.00575	0.02977	0.02908	0.00874
6	0.01819	0.01657	0.01456	0.03974	0.01700	0.20862	0.01011	0.15309	0.11610	0.07264	0.04993	0.16059	0.07393	0.01074	0.00677	0.00206	0.00693	0.00876	0.00552	0.00815
7	0.05151	0.01031	0.01177	0.01066	0.01339	0.01066	0.00816	0.14920	0.12253	0.10212	0.11908	0.24935	0.08871	0.01298	0.00715	0.00222	0.00470	0.01114	0.00644	0.00790
8	0.00968	0.00725	0.01050	0.00984	0.01077	0.00772	0.04894	0.01109	0.01021	0.01418	0.01849	0.03288	0.01923	0.38821	0.36450	0.00794	0.01170	0.00813	0.00366	0.00507
9	0.00939	0.00630	0.00722	0.00722	0.00728	0.00636	0.00413	0.00951	0.00945	0.01266	0.02020	0.04140	0.02311	0.73515	0.07014	0.00648	0.00684	0.00927	0.00389	0.00401
10	0.06512	0.37624	0.21512	0.01579	0.07238	0.04241	0.04001	0.02089	0.04878	0.03304	0.01127	0.01285	0.00910	0.00598	0.00517	0.00172	0.00771	0.00440	0.00319	0.00883
11	0.00786	0.00567	0.00745	0.00886	0.00934	0.00526	0.00594	0.00901	0.01250	0.01655	0.03725	0.72997	0.08042	0.02003	0.00821	0.00260	0.00372	0.01811	0.00600	0.00526
12	0.01133	0.00786	0.00891	0.00863	0.00957	0.00814	0.00561	0.03910	0.11376	0.03962	0.02338	0.14168	0.02500	0.50259	0.02376	0.00486	0.00574	0.01015	0.00482	0.00550
13	0.09781	0.01471	0.01838	0.09804	0.13581	0.01576	0.01292	0.28086	0.06169	0.17493	0.01657	0.01712	0.01176	0.00723	0.00623	0.00199	0.00672	0.00580	0.00563	0.01003
14	0.01459	0.01345	0.06670	0.01355	0.03800	0.01332	0.01102	0.11494	0.29328	0.02455	0.02591	0.11057	0.04335	0.04927	0.00883	0.00253	0.02772	0.11414	0.00576	0.00854
15	0.01391	0.00958	0.01100	0.00962	0.01243	0.00963	0.00749	0.09356	0.13937	0.07810	0.29290	0.03497	0.09561	0.01059	0.00669	0.00194	0.00412	0.00896	0.11181	0.04771
16	0.00919	0.00713	0.00849	0.00893	0.01053	0.00680	0.00679	0.01254	0.07569	0.01942	0.13855	0.22752	0.26505	0.03700	0.00861	0.00253	0.00409	0.13905	0.00614	0.00596
17	0.06591	0.34301	0.11787	0.01435	0.01978	0.07398	0.08986	0.07972	0.04869	0.02022	0.01298	0.06264	0.01141	0.00702	0.00549	0.00178	0.00765	0.00551	0.00365	0.00848
18	0.01064	0.00753	0.00920	0.00964	0.01087	0.00755	0.00688	0.03878	0.09672	0.04459	0.04778	0.42919	0.06060	0.12127	0.01134	0.00303	0.00458	0.06779	0.00589	0.00615
19	0.00787	0.00562	0.00750	0.00900	0.00937	0.00525	0.00600	0.00900	0.01237	0.01649	0.03561	0.76871	0.04274	0.02024	0.00825	0.00262	0.00375	0.01837	0.00600	0.00525
20	0.02008	0.07293	0.02049	0.01654	0.06146	0.14900	0.06547	0.21490	0.12605	0.06352	0.01706	0.01779	0.03754	0.00770	0.00717	0.00194	0.05370	0.00595	0.00497	0.03574
21	0.01115	0.00668	0.00887	0.00883	0.00937	0.00672	0.00599	0.06117	0.01152	0.01546	0.05349	0.18591	0.02210	0.11907	0.02030	0.43054	0.00528	0.00919	0.00413	0.00425
22	0.01395	0.01181	0.01370	0.00983	0.01555	0.00918	0.00789	0.05081	0.01424	0.02203	0.01168	0.01350	0.00964	0.00493	0.00487	0.00101	0.00490	0.00393	0.00396	0.77258
23	0.01728	0.11730	0.02137	0.05495	0.06099	0.06384	0.06449	0.15112	0.07874	0.03956	0.01589	0.01813	0.04355	0.00951	0.03208	0.00234	0.16694	0.00603	0.02733	0.00854
24	0.25523	0.09607	0.25971	0.01412	0.02019	0.06982	0.03568	0.06193	0.08967	0.02403	0.01229	0.01358	0.00930	0.00643	0.00540	0.00195	0.00752	0.00464	0.00380	0.00865
25	0.00949	0.00764	0.00943	0.00945	0.01042	0.00811	0.00689	0.01166	0.04770	0.01736	0.09328	0.27767	0.19066	0.13229	0.01354	0.00305	0.10776	0.03255	0.00536	0.00568
26	0.09339	0.00798	0.00924	0.00957	0.01110	0.00813	0.00688	0.07606	0.03977	0.04736	0.02960	0.52940	0.03301	0.01612	0.00733	0.00240	0.00426	0.01423	0.04779	0.00638
27	0.01678	0.05931	0.18883	0.04048	0.14912	0.06548	0.09677	0.06354	0.03491	0.09204	0.04075	0.05617	0.01375	0.00761	0.00722	0.00204	0.04551	0.00650	0.00411	0.00908
28	0.00940	0.00626	0.00705	0.00705	0.00705	0.00626	0.00392	0.00940	0.00940	0.01253	0.02036	0.04228	0.02349	0.77292	0.03289	0.00626	0.00626	0.00940	0.00392	0.00392
29	0.01188	0.00667	0.00921	0.00888	0.00933	0.00688	0.00609	0.05959	0.01023	0.01374	0.01284	0.02195	0.01274	0.09713	0.07213	0.62115	0.00655	0.00609	0.00322	0.00370
30	0.03542	0.07689	0.04122	0.03195	0.01635	0.01165	0.00912	0.04414	0.10420	0.02235	0.07260	0.04230	0.01594	0.00679	0.00544	0.00143	0.00520	0.00551	0.00446	0.44704
31	0.00924	0.00688	0.01018	0.01018	0.01126	0.00797	0.00782	0.01141	0.01032	0.01485	0.01749	0.02642	0.01660	0.09272	0.70367	0.01013	0.01663	0.00707	0.00349	0.00566
32	0.01669	0.00883	0.01129	0.00964	0.01269	0.00779	0.00734	0.01928	0.03605	0.27205	0.15517	0.15069	0.04524	0.09573	0.00971	0.00245	0.00469	0.00953	0.00639	0.11873
33	0.01371	0.02995	0.58025	0.04379	0.06840	0.05774	0.04689	0.02032	0.01418	0.02030	0.03760	0.01517	0.01030	0.00639	0.00625	0.00202	0.00935	0.00518	0.00297	0.00923
34	0.02321	0.01718	0.01849	0.01445	0.01927	0.01900	0.01182	0.63966	0.06072	0.03870	0.01717	0.05952	0.01322	0.00853	0.00657	0.00199	0.00682	0.00661	0.00644	0.01062
35	0.01317	0.01146	0.01913	0.71419	0.04288	0.01407	0.01746	0.01738	0.01324	0.05824	0.01230	0.01750	0.00904	0.00655	0.00646	0.00214	0.00843	0.00579	0.00317	0.00740
36	0.00802	0.00626	0.00733	0.00800	0.00939	0.00556	0.00582	0.00964	0.01401	0.01768	0.08718	0.33731	0.37316	0.01782	0.00797	0.00241	0.00365	0.06730	0.00606	0.00545
37	0.01575	0.11650	0.29329	0.01718	0.05778	0.07265	0.07460	0.04324	0.03652	0.05541	0.01553	0.01713	0.05119	0.00700	0.00676	0.00191	0.04394	0.00554	0.00362	0.06448
38	0.01138	0.00758	0.05142	0.05475	0.01175	0.00669	0.00742	0.00961	0.00900	0.01208	0.01126	0.01915	0.01089	0.02053	0.02300	0.71563	0.00602	0.00557	0.00281	0.00346
39	0.00927	0.00637	0.00779	0.00788	0.00815	0.00659	0.00493	0.00983	0.00979	0.01330	0.02064	0.08306	0.02310	0.57252	0.18366	0.00692	0.00846	0.00942	0.00395	0.00439
40	0.01422	0.01338	0.02283	0.03251	0.54372	0.01325	0.05115	0.01756	0.01424	0.02011	0.01720	0.17650	0.01714	0.00883	0.00685	0.00208	0.00700	0.00854	0.00380	0.00910
41	0.01406	0.01167	0.08816	0.01354	0.01689	0.00936	0.08830	0.03357	0.01527	0.13896	0.02889	0.18538	0.04939	0.01381	0.00786	0.00251	0.00631	0.26294	0.00569	0.00743
42	0.50816	0.01601	0.01286	0.01121	0.01500	0.15559	0.04013	0.06270	0.01399	0.02609	0.01137	0.03945	0.00942	0.00680	0.00485	0.00194	0.00653	0.00463	0.04598	0.00730
43	0.08570	0.01792	0.01611	0.01401	0.01707	0.26809	0.08688	0.02132	0.12525	0.01899	0.01711	0.09630	0.01612	0.12950	0.01048	0.00263	0.00806	0.00725	0.00427	0.03694
44	0.02033	0.09204	0.06300	0.01385	0.01836	0.11844	0.01175	0.33014	0.10286	0.04646	0.01773	0.05356	0.03051	0.04298	0.00746	0.00212	0.00731	0.00643	0.00534	0.00934
45	0.01365	0.09601	0.04179	0.05121	0.10537	0.04619	0.01049	0.05807	0.01573	0.05329	0.13814	0.18331	0.07116	0.01133	0.00676	0.00204	0.00564	0.02958	0.02371	0.03654

[dist]
# distance from previous block
# <min> <max>
2	7

[block]
# block no. 5 follows, 34 sequences, length 7
# corresponding to MSA columns:
# 277-283
name=unknown_F
#
# <colnr> <probs for GDERKNQSTAVLIFYWHMCP>
#	G	D	E	R	K	N	Q	S	T	A	V	L	I	F	Y	W	H	M	C	P
0	0.01405	0.01298	0.05679	0.07438	0.01902	0.03114	0.07991	0.08216	0.07204	0.04108	0.01664	0.04902	0.01477	0.12456	0.12152	0.00373	0.00849	0.00678	0.00424	0.16667
1	0.07808	0.07323	0.01515	0.01227	0.03554	0.05710	0.00935	0.18403	0.01651	0.02304	0.04151	0.07725	0.01686	0.11862	0.14189	0.00402	0.04403	0.00709	0.00453	0.03990
2	0.69191	0.01442	0.01099	0.00966	0.01369	0.07465	0.00786	0.07349	0.01310	0.02883	0.00959	0.01098	0.00742	0.00619	0.00434	0.00197	0.00571	0.00373	0.00414	0.00735
3	0.04060	0.07089	0.17221	0.01513	0.02013	0.09110	0.08291	0.13292	0.07511	0.02353	0.05249	0.07062	0.05111	0.00921	0.00664	0.00209	0.00756	0.06263	0.00464	0.00846
4	0.02062	0.01780	0.01706	0.01431	0.01855	0.11190	0.01137	0.31285	0.34506	0.03124	0.01974	0.01895	0.01465	0.00808	0.00643	0.00202	0.00678	0.00629	0.00611	0.01019
5	0.02101	0.02425	0.04614	0.06680	0.09108	0.42069	0.04604	0.06168	0.09834	0.04359	0.01318	0.01475	0.01029	0.00683	0.00616	0.00185	0.00976	0.00513	0.00396	0.00849
6	0.00809	0.00578	0.00775	0.00924	0.00971	0.00544	0.00637	0.00937	0.01258	0.01674	0.03549	0.70930	0.04226	0.02004	0.00830	0.00265	0.00394	0.07563	0.00599	0.00531

[dist]
# distance from previous block
# <min> <max>
0	1

[block]
# block no. 6 follows, 34 sequences, length 22
# corresponding to MSA columns:
# 285-306
name=unknown_G
#
# <colnr> <probs for GDERKNQSTAVLIFYWHMCP>
#	G	D	E	R	K	N	Q	S	T	A	V	L	I	F	Y	W	H	M	C	P
0	0.01368	0.01060	0.01158	0.01034	0.01336	0.01084	0.00832	0.21357	0.07754	0.02571	0.08452	0.04631	0.32534	0.01328	0.00739	0.00222	0.00489	0.10674	0.00624	0.00755
1	0.24606	0.01529	0.01586	0.01250	0.01732	0.01664	0.01032	0.39873	0.02289	0.16038	0.01546	0.01526	0.01076	0.00731	0.00578	0.00197	0.00624	0.00529	0.00605	0.00988
2	0.00851	0.00675	0.00864	0.00864	0.01026	0.00688	0.00664	0.01051	0.01236	0.01612	0.03919	0.04211	0.34059	0.03387	0.41114	0.00666	0.01093	0.00997	0.00462	0.00563
3	0.01526	0.01493	0.02387	0.24805	0.49926	0.04848	0.01894	0.01913	0.01435	0.01952	0.01186	0.01615	0.00967	0.00600	0.00639	0.00198	0.00813	0.00568	0.00311	0.00922
4	0.01780	0.01263	0.01875	0.01456	0.01903	0.04504	0.16844	0.04282	0.01570	0.21530	0.02023	0.15218	0.01751	0.01020	0.03114	0.00219	0.00700	0.00821	0.00527	0.17598
5	0.01340	0.01148	0.01340	0.00957	0.01531	0.00861	0.00766	0.01627	0.01340	0.02105	0.01148	0.01340	0.00957	0.00479	0.00479	0.00096	0.00479	0.00383	0.00383	0.81242
6	0.01118	0.00653	0.00852	0.00898	0.00998	0.00606	0.00613	0.01237	0.01291	0.11851	0.05446	0.51050	0.03614	0.15113	0.01233	0.00316	0.00442	0.01488	0.00595	0.00586
7	0.02149	0.01367	0.01584	0.01270	0.01668	0.01460	0.01023	0.38947	0.02264	0.17633	0.01830	0.02097	0.01404	0.08531	0.13357	0.00377	0.00842	0.00647	0.00604	0.00946
8	0.01506	0.13341	0.22310	0.12462	0.25257	0.04031	0.05022	0.02034	0.04448	0.01949	0.01202	0.01495	0.00949	0.00607	0.00605	0.00192	0.00837	0.00524	0.00311	0.00918
9	0.01251	0.01078	0.01667	0.04355	0.31349	0.01094	0.01257	0.04459	0.01460	0.02035	0.10488	0.24163	0.02649	0.04532	0.03302	0.00263	0.02325	0.01035	0.00465	0.00774
10	0.00913	0.00678	0.00831	0.00908	0.00992	0.00674	0.00617	0.01226	0.09665	0.01776	0.07325	0.51213	0.06098	0.12530	0.01149	0.00304	0.00421	0.01524	0.00583	0.00571
11	0.01089	0.00926	0.01453	0.41712	0.02849	0.01109	0.01251	0.01376	0.01154	0.01526	0.01483	0.02479	0.01372	0.19104	0.17998	0.00495	0.01004	0.00684	0.00324	0.00611
12	0.01550	0.01406	0.02122	0.06871	0.05194	0.01660	0.12749	0.15475	0.01533	0.02155	0.01265	0.01777	0.01087	0.03945	0.11776	0.00364	0.27263	0.00633	0.00377	0.00798
13	0.01021	0.00591	0.00755	0.00764	0.00843	0.00561	0.00530	0.00958	0.01099	0.01490	0.02812	0.07447	0.20140	0.01870	0.01686	0.44388	0.00454	0.00850	0.11333	0.00407
14	0.02316	0.13681	0.02052	0.01585	0.01949	0.64447	0.01228	0.02488	0.01757	0.01573	0.00984	0.01147	0.00832	0.00650	0.00559	0.00162	0.01098	0.00406	0.00325	0.00760
15	0.01642	0.17809	0.23315	0.01900	0.14659	0.01766	0.01621	0.07193	0.17107	0.04602	0.01513	0.01609	0.01157	0.00670	0.00590	0.00191	0.00739	0.00536	0.00410	0.00971
16	0.01032	0.00774	0.00993	0.01110	0.04210	0.00774	0.00791	0.03751	0.06367	0.01907	0.07154	0.29053	0.07811	0.12170	0.01151	0.00308	0.00499	0.18967	0.00570	0.00607
17	0.00901	0.00626	0.00801	0.00900	0.00977	0.00594	0.00613	0.01094	0.04300	0.04044	0.05746	0.61623	0.07526	0.05827	0.00936	0.00273	0.00395	0.01659	0.00601	0.00561
18	0.01561	0.01600	0.08088	0.14612	0.19526	0.07888	0.05489	0.05854	0.07554	0.05318	0.02949	0.08665	0.01582	0.03161	0.00751	0.00222	0.00765	0.03134	0.00424	0.00855
19	0.04266	0.06058	0.04535	0.01744	0.09722	0.11884	0.08631	0.09518	0.12066	0.10011	0.04301	0.03755	0.05591	0.00829	0.00691	0.00202	0.02934	0.01876	0.00495	0.00892
20	0.00874	0.00653	0.00807	0.00874	0.00997	0.00607	0.00637	0.03009	0.01458	0.01910	0.14503	0.40123	0.20850	0.01767	0.00802	0.00245	0.00385	0.08317	0.00617	0.00566
21	0.01494	0.11008	0.25430	0.17279	0.04194	0.04908	0.10657	0.04387	0.01459	0.05200	0.01397	0.07175	0.01160	0.00727	0.00634	0.00203	0.00857	0.00632	0.00349	0.00851

[dist]
# distance from previous block
# <min> <max>
0	1

[block]
# block no. 7 follows, 34 sequences, length 43
# corresponding to MSA columns:
# 308-350
name=unknown_H
#
# <colnr> <probs for GDERKNQSTAVLIFYWHMCP>
#	G	D	E	R	K	N	Q	S	T	A	V	L	I	F	Y	W	H	M	C	P
0	0.01869	0.05610	0.01584	0.05080	0.03243	0.21012	0.01045	0.10780	0.01770	0.12801	0.08755	0.09886	0.03315	0.01369	0.08699	0.00286	0.00846	0.00749	0.00508	0.00795
1	0.02061	0.02521	0.02211	0.05979	0.02343	0.48291	0.13788	0.02307	0.01639	0.01669	0.01043	0.01331	0.00862	0.00702	0.00814	0.00193	0.10651	0.00506	0.00323	0.00764
2	0.02138	0.08272	0.03985	0.01416	0.01891	0.07941	0.01188	0.43425	0.13028	0.03247	0.01767	0.01774	0.03517	0.00884	0.02411	0.00212	0.00736	0.00595	0.00571	0.01001
3	0.01460	0.01353	0.04466	0.06082	0.28489	0.03408	0.01404	0.07739	0.04564	0.03580	0.03203	0.11721	0.04137	0.03775	0.05069	0.00276	0.04933	0.03069	0.00433	0.00840
4	0.00914	0.00654	0.00798	0.00867	0.00937	0.00633	0.00577	0.04817	0.01286	0.01699	0.03332	0.49856	0.09210	0.19644	0.01390	0.00341	0.00449	0.01517	0.00553	0.00527
5	0.02093	0.02270	0.01560	0.01418	0.01724	0.47644	0.01070	0.04734	0.01748	0.08835	0.01909	0.09178	0.07111	0.01114	0.04527	0.00230	0.00973	0.00675	0.00439	0.00749
6	0.01674	0.01489	0.01494	0.01338	0.01706	0.05460	0.01040	0.05312	0.66438	0.02683	0.02513	0.02321	0.01888	0.00863	0.00653	0.00216	0.00551	0.00710	0.00640	0.01010
7	0.01395	0.01169	0.03508	0.00993	0.01516	0.00894	0.00816	0.01768	0.04991	0.05908	0.03849	0.04318	0.01356	0.00614	0.00522	0.00122	0.00483	0.00504	0.03213	0.62062
8	0.01804	0.03678	0.05084	0.05994	0.06711	0.06881	0.08419	0.04745	0.01625	0.22360	0.06119	0.17493	0.02173	0.01030	0.00696	0.00214	0.00669	0.02909	0.00552	0.00845
9	0.01471	0.08302	0.02019	0.01577	0.01666	0.01931	0.01332	0.05232	0.01163	0.01726	0.01063	0.01737	0.01039	0.01087	0.01780	0.00263	0.59271	0.04350	0.02260	0.00730
10	0.01141	0.00969	0.01131	0.01076	0.01178	0.06736	0.00802	0.03414	0.01131	0.01524	0.01663	0.02747	0.01661	0.23707	0.39985	0.00757	0.08725	0.00722	0.00360	0.00569
11	0.02774	0.05500	0.26018	0.04043	0.13434	0.04951	0.05158	0.02935	0.01486	0.02023	0.06612	0.02803	0.13730	0.00896	0.00664	0.00206	0.00746	0.04801	0.00398	0.00823
12	0.00920	0.00662	0.00894	0.01002	0.01115	0.00636	0.00791	0.01148	0.01458	0.01941	0.15660	0.31197	0.06964	0.01783	0.00841	0.00266	0.00457	0.31077	0.00617	0.00571
13	0.01637	0.01350	0.01919	0.02460	0.35038	0.03577	0.01407	0.12773	0.01784	0.06707	0.10919	0.07482	0.04803	0.00917	0.00685	0.00204	0.00647	0.04289	0.00494	0.00906
14	0.01281	0.01075	0.01387	0.01259	0.01392	0.06056	0.04805	0.01462	0.01188	0.05272	0.01817	0.03190	0.01824	0.19971	0.19918	0.00537	0.16625	0.09926	0.00399	0.00618
15	0.01592	0.01551	0.02536	0.10317	0.64794	0.03895	0.01942	0.01973	0.01467	0.02053	0.01202	0.01596	0.01003	0.00585	0.00638	0.00193	0.00789	0.00570	0.00317	0.00987
16	0.00825	0.00600	0.00726	0.00799	0.00882	0.00550	0.00539	0.00920	0.01255	0.01619	0.06189	0.40870	0.22484	0.12735	0.01255	0.04804	0.00406	0.01488	0.00556	0.00500
17	0.01375	0.05999	0.23121	0.01858	0.04898	0.06371	0.17717	0.01840	0.03024	0.01893	0.01688	0.15431	0.01615	0.00940	0.00810	0.00221	0.07101	0.02917	0.00371	0.00809
18	0.01555	0.01329	0.01771	0.02126	0.25735	0.07451	0.02677	0.10511	0.01483	0.01963	0.01479	0.04332	0.03649	0.01333	0.03591	0.23775	0.03503	0.00635	0.00370	0.00732
19	0.00963	0.00618	0.00722	0.00722	0.00722	0.00618	0.00413	0.00927	0.00927	0.01236	0.01920	0.03941	0.02193	0.67762	0.03192	0.10858	0.00618	0.00892	0.00377	0.00377
20	0.00814	0.00613	0.00757	0.00845	0.00954	0.00557	0.00606	0.00974	0.01382	0.01791	0.11102	0.43906	0.24167	0.01825	0.00807	0.00247	0.00372	0.07126	0.00610	0.00545
21	0.02310	0.01610	0.01736	0.01350	0.01816	0.01760	0.01109	0.58197	0.02749	0.07438	0.01678	0.01701	0.01200	0.00774	0.00620	0.00188	0.00647	0.00588	0.11497	0.01032
22	0.01509	0.12964	0.33623	0.02059	0.02808	0.06147	0.27762	0.02072	0.01446	0.01954	0.01169	0.01449	0.00881	0.00583	0.00640	0.00198	0.00982	0.00562	0.00297	0.00894
23	0.00869	0.00581	0.00721	0.00824	0.00900	0.00545	0.00565	0.01029	0.01302	0.01841	0.06710	0.54879	0.08486	0.01728	0.00748	0.00236	0.00355	0.01544	0.15593	0.00545
24	0.00784	0.00574	0.00738	0.00869	0.00929	0.00527	0.00586	0.00903	0.01267	0.01662	0.03940	0.67899	0.13001	0.01975	0.00817	0.00257	0.00369	0.01777	0.00600	0.00527
25	0.01548	0.01272	0.01451	0.01056	0.01619	0.01074	0.00852	0.14557	0.01656	0.02471	0.01223	0.01379	0.00983	0.00534	0.00510	0.00114	0.00522	0.00420	0.00432	0.66328
26	0.01012	0.00762	0.00852	0.00775	0.01047	0.00631	0.00582	0.01198	0.01438	0.06129	0.06873	0.12896	0.43186	0.03853	0.00792	0.00212	0.00383	0.01171	0.00568	0.15640
27	0.01946	0.01899	0.01715	0.01489	0.01801	0.28692	0.04999	0.12016	0.01772	0.08046	0.01750	0.02351	0.03943	0.02660	0.08831	0.00303	0.07198	0.07352	0.00451	0.00785
28	0.01364	0.15051	0.62831	0.01726	0.02617	0.01667	0.02185	0.02029	0.01356	0.01963	0.01118	0.01313	0.00820	0.00604	0.00582	0.00194	0.00913	0.00457	0.00273	0.00935
29	0.01527	0.02790	0.42280	0.01809	0.02515	0.14241	0.08760	0.02065	0.01429	0.01933	0.01120	0.01369	0.00851	0.00646	0.00733	0.00196	0.07018	0.00494	0.00299	0.07924
30	0.02220	0.01370	0.01517	0.01198	0.01619	0.01450	0.00978	0.40693	0.02387	0.16650	0.01879	0.01891	0.01334	0.00774	0.00597	0.00184	0.00577	0.00600	0.21109	0.00973
31	0.02414	0.03079	0.01831	0.01665	0.01998	0.74698	0.01248	0.02580	0.01831	0.01581	0.00999	0.01165	0.00832	0.00666	0.00583	0.00166	0.01165	0.00416	0.00333	0.00749
32	0.01100	0.00765	0.00872	0.00835	0.00957	0.00780	0.00563	0.01410	0.10699	0.05290	0.02851	0.04038	0.13748	0.43538	0.09390	0.00523	0.00666	0.00942	0.00478	0.00557
33	0.02414	0.03079	0.01831	0.01665	0.01998	0.74698	0.01248	0.02580	0.01831	0.01581	0.00999	0.01165	0.00832	0.00666	0.00583	0.00166	0.01165	0.00416	0.00333	0.00749
34	0.01351	0.01282	0.02175	0.50914	0.28251	0.01470	0.01860	0.01766	0.01354	0.01810	0.01172	0.01680	0.00917	0.00622	0.00644	0.00207	0.00829	0.00575	0.00298	0.00824
35	0.01967	0.01560	0.01955	0.18355	0.11632	0.01744	0.01409	0.40382	0.06212	0.03100	0.01496	0.01742	0.01131	0.03530	0.00743	0.00216	0.00738	0.00601	0.00515	0.00974
36	0.38573	0.01221	0.01272	0.01039	0.01482	0.01267	0.00854	0.09140	0.01608	0.32770	0.01734	0.03759	0.01220	0.00742	0.00541	0.00201	0.00538	0.00541	0.00598	0.00902
37	0.01714	0.05598	0.06299	0.01865	0.13406	0.08867	0.06931	0.19488	0.06833	0.02497	0.04021	0.11760	0.03791	0.00936	0.00673	0.00206	0.00726	0.03018	0.00488	0.00884
38	0.00797	0.00643	0.00697	0.00707	0.00883	0.00557	0.00514	0.00965	0.01465	0.01824	0.15165	0.13805	0.52015	0.05944	0.00914	0.00244	0.00347	0.01365	0.00604	0.00543
39	0.02146	0.01313	0.01554	0.01293	0.01696	0.01371	0.01068	0.31861	0.05170	0.21727	0.02272	0.05680	0.01873	0.01224	0.04592	0.00262	0.00681	0.12601	0.00661	0.00959
40	0.04113	0.04774	0.06861	0.12846	0.22785	0.05529	0.06511	0.04838	0.07644	0.11307	0.01508	0.01743	0.01146	0.00878	0.04526	0.00243	0.00826	0.00587	0.00419	0.00920
41	0.11356	0.07484	0.11749	0.02093	0.18569	0.06124	0.10301	0.09138	0.01571	0.03625	0.01496	0.10807	0.01347	0.00789	0.00626	0.00201	0.00762	0.00690	0.00400	0.00871
42	0.01279	0.01242	0.02092	0.01683	0.02008	0.04978	0.27896	0.05382	0.01434	0.01897	0.02105	0.25201	0.02172	0.06833	0.10332	0.00360	0.00901	0.01070	0.00436	0.00700

[dist]
# distance from previous block
# <min> <max>
0	2

[block]
# block no. 8 follows, 34 sequences, length 11
# corresponding to MSA columns:
# 353-363
name=unknown_I
#
# <colnr> <probs for GDERKNQSTAVLIFYWHMCP>
#	G	D	E	R	K	N	Q	S	T	A	V	L	I	F	Y	W	H	M	C	P
0	0.01952	0.01517	0.01667	0.01263	0.01793	0.01520	0.01029	0.38716	0.07056	0.03192	0.01464	0.01525	0.01102	0.00664	0.00580	0.00156	0.00604	0.00512	0.00542	0.33146
1	0.24391	0.15797	0.20468	0.07649	0.02037	0.01628	0.01342	0.05445	0.05120	0.02294	0.03554	0.05203	0.01208	0.00717	0.00538	0.00195	0.00683	0.00534	0.00381	0.00817
2	0.01950	0.07192	0.05734	0.08008	0.02319	0.18811	0.09286	0.19050	0.16524	0.02494	0.01519	0.01631	0.01151	0.00710	0.00630	0.00194	0.00843	0.00573	0.00464	0.00917
3	0.01298	0.07732	0.03532	0.01342	0.09644	0.04968	0.00934	0.07124	0.01505	0.01989	0.05343	0.18557	0.12800	0.07059	0.00862	0.00225	0.00559	0.00954	0.00475	0.13098
4	0.01089	0.00570	0.00839	0.00842	0.00857	0.00564	0.00567	0.00877	0.00945	0.01274	0.07410	0.05777	0.01700	0.02155	0.02293	0.70385	0.00530	0.00674	0.00333	0.00320
5	0.04901	0.12576	0.04208	0.01437	0.01833	0.35932	0.01180	0.05269	0.01717	0.15327	0.03609	0.01495	0.01153	0.00729	0.00680	0.00181	0.06007	0.00491	0.00435	0.00838
6	0.09123	0.01476	0.07905	0.06708	0.12337	0.04279	0.05202	0.10605	0.01572	0.04079	0.01911	0.06043	0.06853	0.07396	0.00859	0.00232	0.00685	0.02925	0.00434	0.09375
7	0.01680	0.01523	0.01705	0.09851	0.09249	0.11416	0.01235	0.12294	0.12629	0.04155	0.06974	0.02080	0.03332	0.01104	0.04812	0.02904	0.09571	0.00646	0.00465	0.02373
8	0.06164	0.04825	0.01768	0.03703	0.13588	0.13904	0.04849	0.04507	0.02929	0.04083	0.06892	0.10574	0.06864	0.00985	0.00760	0.00207	0.05958	0.03685	0.00446	0.03310
9	0.08938	0.08000	0.01634	0.03427	0.01715	0.09648	0.00995	0.18289	0.12736	0.02561	0.01891	0.06043	0.05868	0.00813	0.00587	0.00179	0.00631	0.00631	0.00497	0.14916
10	0.13934	0.04827	0.12991	0.04749	0.10525	0.07353	0.01391	0.19920	0.05576	0.05942	0.01485	0.03945	0.01186	0.00751	0.00603	0.00199	0.00733	0.02510	0.00463	0.00918

[dist]
# distance from previous block
# <min> <max>
1	9

[block]
# block no. 9 follows, 34 sequences, length 30
# corresponding to MSA columns:
# 373-402
name=unknown_J
#
# <colnr> <probs for GDERKNQSTAVLIFYWHMCP>
#	G	D	E	R	K	N	Q	S	T	A	V	L	I	F	Y	W	H	M	C	P
0	0.01924	0.06204	0.06169	0.15581	0.05078	0.04333	0.01354	0.25007	0.01949	0.09937	0.01390	0.01562	0.01027	0.00706	0.00701	0.00189	0.05474	0.00536	0.00472	0.10406
1	0.08632	0.08286	0.13340	0.05109	0.07080	0.04154	0.01331	0.18785	0.04556	0.04885	0.01355	0.01631	0.01078	0.05497	0.00803	0.00213	0.03511	0.00529	0.00433	0.08794
2	0.01701	0.09358	0.24889	0.01577	0.06541	0.08089	0.01496	0.10259	0.01662	0.07454	0.04905	0.01584	0.01218	0.00653	0.00582	0.00172	0.00755	0.00508	0.00407	0.16191
3	0.01629	0.06001	0.01650	0.01661	0.16208	0.01280	0.01094	0.13090	0.09142	0.10891	0.06366	0.05501	0.18346	0.01034	0.00679	0.00205	0.00558	0.03228	0.00564	0.00871
4	0.00890	0.00618	0.00718	0.00755	0.00790	0.00598	0.00465	0.00939	0.01075	0.01410	0.02882	0.20726	0.10188	0.50720	0.02416	0.00494	0.00538	0.02871	0.00465	0.00442
5	0.01496	0.00904	0.01133	0.01036	0.01223	0.00939	0.00764	0.06499	0.06641	0.16851	0.02417	0.20532	0.02379	0.21118	0.08004	0.00405	0.05396	0.01008	0.00553	0.00704
6	0.01914	0.10507	0.06774	0.05937	0.02053	0.04226	0.04463	0.18368	0.20813	0.11163	0.01813	0.01848	0.01343	0.00971	0.04710	0.00244	0.00751	0.00604	0.00535	0.00963
7	0.01795	0.70588	0.03246	0.01147	0.01691	0.04762	0.01118	0.06309	0.01438	0.01683	0.00943	0.01073	0.00846	0.00570	0.00434	0.00143	0.00707	0.00363	0.00301	0.00844
8	0.01005	0.00681	0.00958	0.00943	0.01001	0.00758	0.00682	0.01038	0.00977	0.01358	0.01742	0.02753	0.04262	0.16814	0.34050	0.24213	0.05241	0.00717	0.00341	0.00463
9	0.01556	0.01597	0.01540	0.04029	0.08359	0.20864	0.02854	0.05730	0.10115	0.01984	0.05011	0.20768	0.07082	0.01138	0.00759	0.00214	0.04218	0.00948	0.00484	0.00752
10	0.01184	0.00997	0.01363	0.06271	0.15764	0.03905	0.01012	0.03986	0.01246	0.01688	0.01837	0.10994	0.01881	0.21241	0.23206	0.00559	0.00992	0.00837	0.00388	0.00650
11	0.00975	0.00704	0.00830	0.00798	0.00968	0.00654	0.00582	0.01268	0.05448	0.04749	0.32885	0.09881	0.25308	0.10810	0.01069	0.00265	0.00377	0.01202	0.00631	0.00598
12	0.01109	0.00918	0.01438	0.05519	0.09135	0.00934	0.09206	0.01362	0.01325	0.01872	0.11989	0.09288	0.07157	0.15751	0.09007	0.00375	0.03218	0.00920	0.08840	0.00638
13	0.01742	0.21652	0.23186	0.01621	0.02229	0.12533	0.08349	0.11991	0.01653	0.02102	0.01164	0.01376	0.00920	0.00846	0.04361	0.00226	0.02331	0.00490	0.00346	0.00882
14	0.01700	0.12123	0.18910	0.06194	0.17066	0.16008	0.01697	0.05367	0.01498	0.01912	0.01083	0.01367	0.00885	0.00686	0.00790	0.00196	0.10839	0.00491	0.00315	0.00874
15	0.00884	0.00602	0.00724	0.00780	0.00826	0.00576	0.00498	0.00957	0.01150	0.01549	0.05617	0.32241	0.09258	0.32379	0.01861	0.03476	0.00474	0.01300	0.04380	0.00470
16	0.00867	0.00638	0.00720	0.00749	0.00888	0.00567	0.00521	0.00997	0.01343	0.03789	0.06951	0.24806	0.38483	0.14291	0.01197	0.00297	0.00396	0.01394	0.00575	0.00533
17	0.01352	0.04894	0.08167	0.10058	0.01950	0.01336	0.03008	0.06362	0.26546	0.02197	0.02397	0.16692	0.04474	0.03841	0.03572	0.00265	0.00647	0.00904	0.00517	0.00821
18	0.01817	0.20282	0.04459	0.04013	0.06253	0.20799	0.01187	0.04186	0.01505	0.05567	0.01266	0.01503	0.01039	0.00826	0.02896	0.00202	0.08674	0.00485	0.12250	0.00789
19	0.01340	0.01148	0.01340	0.00957	0.01531	0.00861	0.00766	0.01627	0.01340	0.02105	0.01148	0.01340	0.00957	0.00479	0.00479	0.00096	0.00479	0.00383	0.00383	0.81242
20	0.00813	0.00618	0.00751	0.00811	0.00935	0.00556	0.00581	0.00987	0.01440	0.01876	0.18179	0.36863	0.27409	0.01749	0.00794	0.00237	0.00353	0.03873	0.00622	0.00551
21	0.17822	0.05340	0.28031	0.01477	0.02038	0.12105	0.01526	0.08579	0.01498	0.02258	0.01198	0.01542	0.00966	0.00937	0.04756	0.00249	0.05742	0.02743	0.00358	0.00834
22	0.00990	0.00637	0.00781	0.00778	0.00825	0.00628	0.00498	0.01018	0.03534	0.01437	0.07922	0.07134	0.08891	0.36596	0.02429	0.23597	0.00539	0.00923	0.00423	0.00420
23	0.01431	0.00864	0.01072	0.00990	0.01237	0.00837	0.00774	0.04346	0.08360	0.16872	0.17874	0.10046	0.13692	0.05666	0.04334	0.00285	0.00519	0.09418	0.00647	0.00736
24	0.00996	0.00809	0.04336	0.00847	0.00945	0.00733	0.00600	0.03688	0.01140	0.01549	0.06481	0.08434	0.04584	0.50230	0.11432	0.00579	0.00737	0.00956	0.00429	0.00494
25	0.07167	0.05405	0.01987	0.06888	0.14210	0.10136	0.01322	0.32388	0.02176	0.07773	0.01455	0.03629	0.01124	0.00735	0.00616	0.00192	0.00749	0.00575	0.00506	0.00966
26	0.01517	0.17147	0.01809	0.01114	0.01527	0.01467	0.00930	0.09368	0.06312	0.02137	0.01419	0.05100	0.01265	0.04414	0.00818	0.00180	0.08439	0.00547	0.04849	0.29645
27	0.01147	0.00880	0.01036	0.00965	0.01184	0.00850	0.00702	0.08041	0.07700	0.02065	0.07417	0.29904	0.06148	0.11390	0.03632	0.00292	0.00510	0.01145	0.00544	0.14449
28	0.04261	0.15625	0.26302	0.15626	0.05509	0.06002	0.04288	0.06410	0.04113	0.04285	0.01224	0.01452	0.00924	0.00633	0.00587	0.00192	0.00841	0.00500	0.00342	0.00883
29	0.05220	0.11719	0.12909	0.03928	0.06076	0.01446	0.04293	0.01918	0.13278	0.01901	0.01644	0.02360	0.01482	0.14760	0.07494	0.00352	0.04890	0.03167	0.00391	0.00770

[dist]
# distance from previous block
# <min> <max>
0	1

[block]
# block no. 10 follows, 34 sequences, length 42
# corresponding to MSA columns:
# 404-445
name=unknown_K
#
# <colnr> <probs for GDERKNQSTAVLIFYWHMCP>
#	G	D	E	R	K	N	Q	S	T	A	V	L	I	F	Y	W	H	M	C	P
0	0.01430	0.01373	0.02333	0.29131	0.41622	0.01490	0.04061	0.01819	0.01391	0.01914	0.01345	0.01783	0.03179	0.00654	0.00708	0.00205	0.03760	0.00605	0.00316	0.00883
1	0.05344	0.01321	0.01675	0.07666	0.04241	0.09377	0.11605	0.09116	0.01632	0.06120	0.04555	0.20093	0.10868	0.01140	0.00710	0.00218	0.00675	0.02397	0.00503	0.00744
2	0.10022	0.28866	0.08453	0.01408	0.04003	0.13138	0.01242	0.16626	0.06580	0.02346	0.01201	0.01304	0.00956	0.00649	0.00528	0.00173	0.00761	0.00451	0.00402	0.00890
3	0.00976	0.00647	0.00797	0.00829	0.00934	0.00600	0.00574	0.01112	0.01330	0.06004	0.13055	0.30051	0.14875	0.20409	0.01409	0.00335	0.00441	0.04503	0.00575	0.00544
4	0.01513	0.20690	0.41140	0.01715	0.02438	0.07569	0.07468	0.02032	0.01377	0.01855	0.01076	0.01305	0.00837	0.00632	0.00675	0.00192	0.05847	0.00470	0.00283	0.00886
5	0.01564	0.16864	0.11903	0.14321	0.18728	0.08053	0.05880	0.01998	0.03713	0.01880	0.01161	0.01450	0.00936	0.00594	0.00581	0.00178	0.00811	0.00501	0.00318	0.08567
6	0.01390	0.05252	0.01337	0.03481	0.01446	0.01122	0.00891	0.07398	0.13446	0.08831	0.13590	0.04773	0.04691	0.02347	0.26486	0.00495	0.00934	0.00792	0.00533	0.00764
