[name]
unknown

[dist]
# distance from previous block
# <min> <max>
0	80

[block]
# block no. 0 follows, 32 sequences, length 18
# corresponding to MSA columns:
# 100-117
name=unknown_A
#
# <colnr> <probs for GDERKNQSTAVLIFYWHMCP>
#	G	D	E	R	K	N	Q	S	T	A	V	L	I	F	Y	W	H	M	C	P
0	0.01245	0.00818	0.01030	0.00996	0.01126	0.00839	0.00731	0.08112	0.06506	0.01942	0.10076	0.09613	0.06034	0.07890	0.01725	0.31825	0.00545	0.07902	0.00497	0.00550
1	0.01224	0.00996	0.01600	0.09352	0.10361	0.01085	0.06408	0.04651	0.01270	0.01766	0.01581	0.02372	0.01441	0.08066	0.35746	0.09079	0.01273	0.00695	0.00359	0.00675
2	0.03635	0.00802	0.00970	0.00992	0.01119	0.00825	0.00723	0.05229	0.04434	0.02032	0.10650	0.35170	0.09973	0.10342	0.01175	0.00301	0.03917	0.06501	0.00593	0.00618
3	0.01202	0.00772	0.00926	0.00898	0.01089	0.00721	0.00656	0.01499	0.06427	0.11012	0.15380	0.20112	0.21544	0.11512	0.01136	0.00290	0.00439	0.03080	0.00644	0.00662
4	0.01696	0.01460	0.01775	0.11576	0.05505	0.06493	0.05496	0.11996	0.23263	0.05228	0.09329	0.05567	0.02090	0.01104	0.04171	0.00258	0.00740	0.00779	0.00561	0.00914
5	0.07603	0.00783	0.00912	0.00892	0.01043	0.00786	0.00634	0.04408	0.01394	0.05294	0.11539	0.19901	0.11251	0.21105	0.09097	0.00429	0.00625	0.01156	0.00549	0.00599
6	0.01238	0.00816	0.00957	0.00890	0.01081	0.00799	0.00655	0.06727	0.04895	0.06486	0.26243	0.11411	0.11160	0.12518	0.01129	0.00278	0.00433	0.01097	0.10515	0.00671
7	0.00847	0.00609	0.00757	0.00863	0.00916	0.00569	0.00565	0.00946	0.01250	0.01640	0.03738	0.53048	0.11993	0.17346	0.01375	0.00345	0.00437	0.01658	0.00578	0.00519
8	0.00920	0.00695	0.00926	0.06068	0.01276	0.00655	0.00713	0.01071	0.01279	0.01735	0.03154	0.58165	0.03695	0.06841	0.00978	0.00276	0.00453	0.01595	0.00562	0.08945
9	0.10176	0.01268	0.01903	0.32837	0.15390	0.01449	0.04052	0.05724	0.01418	0.02091	0.01336	0.01976	0.01126	0.08816	0.00997	0.00262	0.03941	0.00620	0.03829	0.00787
10	0.04440	0.00736	0.00854	0.00883	0.01037	0.00702	0.00644	0.04410	0.01525	0.02057	0.14454	0.30231	0.22873	0.06675	0.00975	0.00272	0.00419	0.05600	0.00619	0.00596
11	0.01469	0.01256	0.01534	0.01389	0.09005	0.01095	0.00971	0.05208	0.09921	0.02328	0.01581	0.06756	0.01376	0.00684	0.00570	0.00142	0.00537	0.00577	0.00454	0.53145
12	0.04989	0.01842	0.02156	0.08892	0.26340	0.11852	0.01559	0.22339	0.08608	0.02764	0.01454	0.01652	0.01124	0.00709	0.00651	0.00201	0.00811	0.00583	0.00468	0.01005
13	0.01596	0.00920	0.01322	0.01448	0.12099	0.00894	0.00912	0.05552	0.01355	0.13640	0.02048	0.02461	0.08663	0.01654	0.01685	0.41389	0.00598	0.00689	0.00446	0.00633
14	0.00992	0.00682	0.00810	0.00817	0.00989	0.00606	0.00594	0.01186	0.01555	0.06435	0.20267	0.24280	0.30759	0.03602	0.00861	0.00243	0.00370	0.01421	0.02920	0.00609
15	0.00919	0.00650	0.00779	0.00810	0.00873	0.00628	0.00527	0.01018	0.01230	0.01635	0.10798	0.19913	0.11747	0.37986	0.05517	0.00482	0.00573	0.02901	0.00519	0.00495
16	0.01131	0.00898	0.01198	0.04721	0.05456	0.00970	0.00886	0.05522	0.01443	0.01968	0.12207	0.25565	0.06652	0.14725	0.01427	0.00322	0.09391	0.04350	0.00532	0.00637
17	0.01786	0.01553	0.06505	0.03167	0.08030	0.01536	0.08492	0.23093	0.04509	0.06794	0.01973	0.05519	0.04157	0.01435	0.09709	0.00329	0.06061	0.03916	0.00515	0.00923

[dist]
# distance from previous block
# <min> <max>
0	8

[block]
# block no. 1 follows, 32 sequences, length 45
# corresponding to MSA columns:
# 126-170
name=unknown_B
#
# <colnr> <probs for GDERKNQSTAVLIFYWHMCP>
#	G	D	E	R	K	N	Q	S	T	A	V	L	I	F	Y	W	H	M	C	P
0	0.02162	0.01741	0.01799	0.01374	0.01917	0.06601	0.01117	0.42650	0.02482	0.03372	0.01432	0.01510	0.01073	0.00695	0.00609	0.00165	0.00690	0.00524	0.00558	0.27529
1	0.00992	0.00692	0.00844	0.00938	0.04574	0.00687	0.00522	0.01028	0.01045	0.01401	0.02271	0.13370	0.02621	0.62905	0.02942	0.00578	0.00625	0.01074	0.00430	0.00459
2	0.01734	0.01445	0.01544	0.01386	0.05355	0.08450	0.01015	0.20112	0.06270	0.02465	0.01535	0.01964	0.01303	0.06657	0.10990	0.09049	0.00848	0.00594	0.00465	0.16819
3	0.01332	0.00976	0.01155	0.01107	0.01341	0.01039	0.00833	0.02164	0.27366	0.07641	0.12481	0.23575	0.05761	0.01738	0.07982	0.00321	0.00584	0.01156	0.00651	0.00801
4	0.00887	0.00631	0.00752	0.00809	0.00865	0.00597	0.00517	0.00974	0.01225	0.01610	0.07280	0.32349	0.13328	0.32914	0.01908	0.00420	0.00487	0.01411	0.00539	0.00495
5	0.00982	0.00690	0.00861	0.00888	0.01030	0.00640	0.00642	0.01236	0.03810	0.04879	0.25534	0.31999	0.16588	0.03968	0.00892	0.00254	0.00384	0.03445	0.00663	0.00615
6	0.00995	0.00691	0.00826	0.00847	0.00976	0.00643	0.00588	0.01200	0.03768	0.05164	0.14972	0.28403	0.20129	0.16138	0.01311	0.00320	0.00430	0.01404	0.00611	0.00583
7	0.07283	0.00873	0.01020	0.01002	0.01206	0.00880	0.00741	0.05294	0.08266	0.10482	0.05406	0.35739	0.05642	0.04563	0.00851	0.00257	0.00460	0.03174	0.06146	0.00717
8	0.07968	0.00931	0.01082	0.00990	0.01241	0.00914	0.00741	0.09747	0.01645	0.16440	0.05620	0.25524	0.10818	0.09435	0.01015	0.00275	0.00495	0.01156	0.03218	0.00744
9	0.01914	0.00988	0.01245	0.01087	0.01419	0.00938	0.00846	0.02425	0.13491	0.32308	0.12886	0.17159	0.07936	0.01226	0.00736	0.00225	0.00477	0.01054	0.00738	0.00901
10	0.04414	0.00788	0.00909	0.00881	0.01075	0.00744	0.00647	0.05202	0.01578	0.07516	0.14741	0.21179	0.24591	0.09729	0.01065	0.00279	0.00436	0.02959	0.00627	0.00640
11	0.01292	0.01039	0.01142	0.01073	0.01334	0.01097	0.00819	0.08281	0.25223	0.02411	0.08910	0.14593	0.20195	0.04879	0.00883	0.00254	0.00476	0.04668	0.00646	0.00785
12	0.05779	0.01052	0.01224	0.01074	0.01406	0.01039	0.00856	0.06554	0.13019	0.10930	0.17514	0.03627	0.05266	0.04212	0.00808	0.00227	0.00500	0.09792	0.03445	0.11674
13	0.00926	0.00679	0.00930	0.00957	0.01059	0.00725	0.00703	0.01113	0.01184	0.01645	0.05497	0.16993	0.08481	0.12403	0.41002	0.00749	0.01181	0.01050	0.02158	0.00565
14	0.01064	0.00725	0.00879	0.00863	0.01050	0.00661	0.00644	0.01327	0.03547	0.07550	0.26772	0.17243	0.25750	0.04639	0.00905	0.00249	0.00389	0.04434	0.00669	0.00638
15	0.01417	0.01191	0.01271	0.01152	0.01475	0.01305	0.00892	0.05449	0.43662	0.02633	0.12903	0.03670	0.17893	0.01141	0.00721	0.00224	0.00469	0.00957	0.00677	0.00899
16	0.01000	0.00779	0.01157	0.01133	0.01244	0.00937	0.00889	0.01232	0.01074	0.01562	0.01723	0.02542	0.01613	0.04722	0.67997	0.01015	0.07708	0.00708	0.00354	0.00610
17	0.03622	0.01016	0.04045	0.01050	0.01287	0.01012	0.00841	0.07760	0.12275	0.02350	0.05206	0.16744	0.02362	0.02001	0.16602	0.00401	0.00757	0.00925	0.19009	0.00736
18	0.04280	0.00715	0.00812	0.00808	0.00978	0.00656	0.00581	0.01194	0.01460	0.05998	0.14894	0.16483	0.30497	0.14345	0.01231	0.00304	0.00425	0.03144	0.00607	0.00587
19	0.00941	0.00671	0.00902	0.01010	0.01108	0.00645	0.00770	0.01155	0.01472	0.01975	0.16326	0.35491	0.04489	0.05842	0.01005	0.00294	0.00468	0.24228	0.00631	0.00579
20	0.01487	0.01417	0.02410	0.35307	0.42402	0.01549	0.01973	0.01907	0.01446	0.01981	0.01231	0.01717	0.00989	0.00630	0.00667	0.00210	0.00840	0.00597	0.00317	0.00923
21	0.17658	0.09521	0.12037	0.01404	0.01948	0.08855	0.01288	0.21948	0.09706	0.07277	0.01485	0.01530	0.01097	0.00724	0.00587	0.00199	0.00742	0.00522	0.00506	0.00966
22	0.01430	0.01470	0.02126	0.58449	0.04138	0.10107	0.07297	0.01847	0.01433	0.01744	0.01321	0.01833	0.02600	0.00689	0.00676	0.00218	0.00938	0.00612	0.00315	0.00758
23	0.01004	0.00695	0.00833	0.00805	0.00972	0.00626	0.00583	0.01213	0.01612	0.05885	0.33170	0.11086	0.25586	0.11590	0.01144	0.00280	0.00388	0.01272	0.00654	0.00602
24	0.00844	0.00595	0.00771	0.00900	0.00932	0.00563	0.00586	0.00941	0.01233	0.01643	0.03431	0.63901	0.04101	0.14642	0.01288	0.00336	0.00433	0.01750	0.00586	0.00522
25	0.05034	0.01973	0.01926	0.01517	0.02023	0.11595	0.01236	0.52944	0.02815	0.09883	0.01604	0.01600	0.01137	0.00787	0.00655	0.00198	0.00780	0.00580	0.00634	0.01079
26	0.02041	0.01803	0.05838	0.02141	0.02752	0.08584	0.37915	0.02480	0.01689	0.21195	0.01660	0.01840	0.01169	0.00649	0.00720	0.00209	0.00948	0.00691	0.00474	0.05204
27	0.00959	0.00719	0.01078	0.01078	0.01198	0.00839	0.00839	0.01198	0.01078	0.01558	0.01797	0.02636	0.01677	0.05032	0.73760	0.01078	0.01797	0.00719	0.00359	0.00599
28	0.01839	0.01624	0.02485	0.05523	0.51745	0.01679	0.01829	0.18007	0.01915	0.02671	0.03303	0.01746	0.01222	0.00670	0.00670	0.00201	0.00773	0.00616	0.00422	0.01060
29	0.01610	0.01571	0.02202	0.25572	0.23090	0.10019	0.05616	0.02036	0.04722	0.04381	0.01466	0.06523	0.01256	0.00792	0.00791	0.00219	0.06213	0.00683	0.00373	0.00865
30	0.00818	0.00584	0.00779	0.00934	0.00973	0.00545	0.00623	0.00934	0.01285	0.01713	0.03698	0.75981	0.04438	0.02102	0.00856	0.00273	0.00389	0.01908	0.00623	0.00545
31	0.01610	0.01469	0.02121	0.02107	0.16553	0.01533	0.12880	0.07627	0.29062	0.02562	0.04569	0.02533	0.07865	0.00849	0.00703	0.00214	0.00679	0.00779	0.00538	0.03747
32	0.06075	0.05773	0.01659	0.07056	0.01921	0.04245	0.00992	0.12299	0.01665	0.02452	0.01221	0.01415	0.00981	0.00578	0.00534	0.00137	0.00609	0.00443	0.00424	0.49523
33	0.01727	0.63958	0.13100	0.01262	0.01887	0.02468	0.01330	0.02080	0.03833	0.01698	0.01034	0.01174	0.00901	0.00595	0.00468	0.00156	0.00749	0.00392	0.00300	0.00886
34	0.01351	0.15632	0.14678	0.01247	0.03722	0.07378	0.01120	0.01635	0.01411	0.01829	0.08946	0.05881	0.08496	0.16506	0.01199	0.00281	0.00692	0.00775	0.00416	0.06805
35	0.01667	0.15931	0.08495	0.01268	0.01665	0.13769	0.01108	0.11865	0.01769	0.04299	0.05673	0.17749	0.09834	0.01125	0.00669	0.00205	0.00696	0.00913	0.00499	0.00799
36	0.08601	0.41378	0.10524	0.01190	0.01777	0.02014	0.01181	0.04314	0.04314	0.02037	0.01148	0.01295	0.00959	0.00602	0.00483	0.00156	0.00674	0.00415	0.03168	0.13771
37	0.01495	0.20266	0.27630	0.01426	0.02002	0.03970	0.01507	0.09335	0.01570	0.02094	0.01768	0.18297	0.01742	0.03134	0.00719	0.00219	0.00759	0.00806	0.00410	0.00852
38	0.01780	0.10260	0.11281	0.01834	0.11432	0.14393	0.05019	0.11202	0.01754	0.04179	0.05500	0.04711	0.01661	0.08379	0.00932	0.00245	0.00828	0.03315	0.00435	0.00860
39	0.06205	0.06962	0.04936	0.01466	0.05888	0.18611	0.02822	0.07470	0.01651	0.02051	0.02457	0.16350	0.09330	0.04142	0.00802	0.00235	0.00742	0.06657	0.00475	0.00748
40	0.01781	0.08423	0.01587	0.03774	0.01666	0.15571	0.00989	0.07695	0.07946	0.11046	0.02706	0.12248	0.12328	0.01309	0.04901	0.00255	0.00742	0.00864	0.00539	0.03632
41	0.12906	0.05358	0.04651	0.02226	0.21015	0.13204	0.08126	0.07058	0.07365	0.04559	0.01554	0.01734	0.03572	0.00697	0.00623	0.00197	0.00802	0.00582	0.00423	0.03346
42	0.01825	0.07945	0.08508	0.09435	0.19271	0.13426	0.04040	0.11019	0.08714	0.02338	0.03455	0.01704	0.01238	0.00698	0.00640	0.00195	0.00838	0.00578	0.00416	0.03717
43	0.01811	0.01838	0.05585	0.04913	0.15827	0.15531	0.04189	0.12070	0.10171	0.04127	0.02136	0.06792	0.06374	0.00931	0.00696	0.00213	0.00793	0.04607	0.00489	0.00907
44	0.10907	0.03822	0.07244	0.04887	0.18403	0.01519	0.16755	0.06799	0.01572	0.04060	0.02002	0.04427	0.09525	0.00822	0.00749	0.00217	0.04250	0.00738	0.00416	0.00883

[dist]
# distance from previous block
# <min> <max>
3	71

[block]
# block no. 2 follows, 32 sequences, length 56
# corresponding to MSA columns:
# 242-297
name=unknown_C
#
# <colnr> <probs for GDERKNQSTAVLIFYWHMCP>
#	G	D	E	R	K	N	Q	S	T	A	V	L	I	F	Y	W	H	M	C	P
0	0.01548	0.12242	0.02025	0.06339	0.21469	0.06489	0.01328	0.09023	0.01647	0.02125	0.02198	0.17022	0.05403	0.01096	0.00696	0.00217	0.00694	0.07145	0.00459	0.00835
1	0.03503	0.04750	0.03322	0.09275	0.06603	0.04704	0.03300	0.01918	0.09119	0.07657	0.01824	0.06888	0.01693	0.18499	0.03662	0.00343	0.07566	0.00762	0.00443	0.04166
2	0.01510	0.04743	0.01747	0.05332	0.12063	0.03746	0.03425	0.12213	0.04699	0.02329	0.02332	0.09854	0.03929	0.01343	0.04241	0.00270	0.00735	0.18417	0.00510	0.06563
3	0.16126	0.10033	0.01664	0.03774	0.03316	0.16955	0.03182	0.07905	0.01554	0.02123	0.01792	0.12497	0.03992	0.09456	0.02660	0.00273	0.00769	0.00759	0.00435	0.00734
4	0.08375	0.01356	0.01865	0.04478	0.22031	0.03803	0.05751	0.05437	0.12704	0.04682	0.03510	0.12462	0.01875	0.03714	0.04741	0.00280	0.00740	0.00831	0.00483	0.00880
5	0.06033	0.16327	0.09954	0.04964	0.04930	0.07642	0.03433	0.10946	0.01632	0.02186	0.01777	0.12453	0.03901	0.03563	0.02454	0.00232	0.00756	0.00740	0.00427	0.05648
6	0.06971	0.17609	0.19397	0.01546	0.02098	0.17799	0.01505	0.13107	0.01736	0.02246	0.01165	0.01368	0.00932	0.00886	0.03809	0.00230	0.05852	0.00479	0.00373	0.00891
7	0.07545	0.13226	0.02171	0.07648	0.07290	0.09956	0.04842	0.12418	0.03974	0.02261	0.01555	0.01799	0.05216	0.00947	0.03312	0.00235	0.11326	0.00587	0.00409	0.03283
8	0.06281	0.12861	0.20931	0.04313	0.11849	0.09432	0.01597	0.02219	0.04864	0.06715	0.01298	0.01482	0.01006	0.00655	0.00631	0.00187	0.02955	0.00495	0.00374	0.09855
9	0.04004	0.16845	0.08935	0.17120	0.08475	0.15693	0.09191	0.02076	0.01491	0.01861	0.01120	0.01442	0.00906	0.00638	0.00647	0.00190	0.03032	0.00512	0.00320	0.05503
10	0.01473	0.16374	0.14350	0.14751	0.13743	0.01688	0.01580	0.05791	0.01475	0.01969	0.01822	0.02163	0.08951	0.04037	0.00874	0.00225	0.06882	0.00641	0.00362	0.00849
11	0.08081	0.01813	0.01801	0.08447	0.07890	0.13903	0.01269	0.22342	0.17404	0.02839	0.01796	0.01870	0.03506	0.00785	0.00641	0.00202	0.00754	0.00609	0.00526	0.03522
12	0.28564	0.03742	0.03284	0.01006	0.01299	0.01297	0.00794	0.11566	0.03640	0.02419	0.01560	0.02421	0.01476	0.25024	0.08944	0.00434	0.00745	0.00645	0.00445	0.00696
13	0.09166	0.00745	0.00853	0.03084	0.01051	0.00749	0.00592	0.01205	0.01193	0.05082	0.02908	0.22204	0.10454	0.33271	0.04214	0.00442	0.00577	0.01165	0.00502	0.00544
14	0.02303	0.01623	0.01776	0.01433	0.01912	0.01784	0.01160	0.37367	0.26900	0.13188	0.02149	0.02018	0.01533	0.00846	0.00676	0.00211	0.00642	0.00668	0.00697	0.01113
15	0.02551	0.01879	0.02014	0.01544	0.02081	0.02081	0.01275	0.69996	0.03155	0.04229	0.01611	0.01611	0.01141	0.00805	0.00671	0.00201	0.00738	0.00604	0.00671	0.01141
16	0.01004	0.00786	0.01166	0.01139	0.01248	0.00947	0.00895	0.01235	0.01074	0.01563	0.01715	0.02532	0.01606	0.04688	0.67369	0.01008	0.08352	0.00707	0.00354	0.00611
17	0.00818	0.00584	0.00779	0.00934	0.00973	0.00545	0.00623	0.00934	0.01285	0.01713	0.03698	0.75981	0.04438	0.02102	0.00856	0.00273	0.00389	0.01908	0.00623	0.00545
18	0.01729	0.66121	0.13645	0.01260	0.01895	0.02495	0.01342	0.02026	0.01371	0.01658	0.00972	0.01126	0.00859	0.00583	0.00461	0.00154	0.00758	0.00379	0.00286	0.00880
19	0.01495	0.02463	0.31967	0.02599	0.10963	0.01629	0.34739	0.02129	0.01509	0.02144	0.01284	0.01633	0.00955	0.00599	0.00715	0.00218	0.01037	0.00649	0.00316	0.00958
20	0.00976	0.00651	0.00732	0.00732	0.00732	0.00651	0.00407	0.00976	0.00976	0.01301	0.02114	0.04391	0.02439	0.76419	0.03415	0.00651	0.00651	0.00976	0.00407	0.00407
21	0.00825	0.00589	0.00787	0.00943	0.00985	0.00551	0.00636	0.00947	0.01292	0.01721	0.03694	0.74049	0.04422	0.02095	0.00858	0.00274	0.00396	0.03766	0.00623	0.00547
22	0.02407	0.01802	0.02014	0.09754	0.02366	0.02015	0.01341	0.62344	0.02952	0.03947	0.01564	0.01631	0.01113	0.00790	0.00671	0.00204	0.00756	0.00603	0.00629	0.01097
23	0.11768	0.01159	0.01493	0.01159	0.01666	0.01044	0.00957	0.03125	0.01833	0.64889	0.02455	0.02150	0.01556	0.00807	0.00646	0.00208	0.00565	0.00640	0.00784	0.01095
24	0.00793	0.00680	0.00680	0.00680	0.00906	0.00566	0.00510	0.00963	0.01529	0.01813	0.06797	0.06457	0.71961	0.01699	0.00793	0.00227	0.00340	0.01416	0.00623	0.00566
25	0.01619	0.01552	0.02648	0.11634	0.65045	0.01583	0.02038	0.02023	0.01508	0.02141	0.01255	0.01674	0.01045	0.00606	0.00665	0.00202	0.00807	0.00598	0.00329	0.01029
26	0.00793	0.00680	0.00680	0.00680	0.00906	0.00566	0.00510	0.00963	0.01529	0.01813	0.06797	0.06457	0.71961	0.01699	0.00793	0.00227	0.00340	0.01416	0.00623	0.00566
27	0.00976	0.00651	0.00732	0.00732	0.00732	0.00651	0.00407	0.00976	0.00976	0.01301	0.02114	0.04391	0.02439	0.76419	0.03415	0.00651	0.00651	0.00976	0.00407	0.00407
28	0.81159	0.01298	0.00986	0.00882	0.01298	0.01505	0.00727	0.01972	0.01142	0.03010	0.00934	0.01090	0.00727	0.00623	0.00415	0.00208	0.00519	0.00363	0.00415	0.00727
29	0.01034	0.00840	0.01118	0.01110	0.01241	0.04391	0.00861	0.01270	0.01118	0.01562	0.01760	0.02566	0.01638	0.04821	0.70195	0.01034	0.01769	0.00705	0.00359	0.00608
30	0.00818	0.00584	0.00779	0.00934	0.00973	0.00545	0.00623	0.00934	0.01285	0.01713	0.03698	0.75981	0.04438	0.02102	0.00856	0.00273	0.00389	0.01908	0.00623	0.00545
31	0.01410	0.13923	0.63049	0.01804	0.02736	0.01715	0.02289	0.02108	0.01409	0.02047	0.01165	0.01368	0.00852	0.00628	0.00608	0.00203	0.00953	0.00476	0.00284	0.00973
32	0.01661	0.01594	0.02724	0.04119	0.72233	0.01594	0.02059	0.02059	0.01528	0.02192	0.01262	0.01661	0.01063	0.00598	0.00664	0.00199	0.00797	0.00598	0.00332	0.01063
33	0.01310	0.01106	0.01304	0.00985	0.01502	0.00845	0.00771	0.01582	0.01376	0.02119	0.01550	0.12021	0.01485	0.00726	0.00548	0.00124	0.00482	0.00613	0.00430	0.69124
34	0.00950	0.00686	0.00897	0.00844	0.01002	0.00633	0.00633	0.01266	0.01899	0.02691	0.71879	0.05012	0.06331	0.01372	0.00791	0.00211	0.00317	0.01213	0.00739	0.00633
35	0.00969	0.00648	0.00734	0.00740	0.00742	0.00646	0.00416	0.00974	0.00989	0.01319	0.02182	0.07451	0.02525	0.73242	0.03306	0.00634	0.00639	0.01016	0.00416	0.00412
36	0.01620	0.01721	0.02033	0.01757	0.01807	0.12518	0.01443	0.01770	0.01155	0.01619	0.00904	0.01430	0.00878	0.01104	0.01969	0.00276	0.64390	0.00565	0.00301	0.00740
37	0.01715	0.34598	0.33477	0.01526	0.02276	0.02071	0.01737	0.09711	0.01602	0.03937	0.01171	0.01315	0.00908	0.00634	0.00554	0.00182	0.00835	0.00454	0.00342	0.00956
38	0.00818	0.00584	0.00779	0.00934	0.00973	0.00545	0.00623	0.00934	0.01285	0.01713	0.03698	0.75981	0.04438	0.02102	0.00856	0.00273	0.00389	0.01908	0.00623	0.00545
39	0.01571	0.01356	0.01423	0.01289	0.01651	0.01545	0.01000	0.03274	0.63234	0.02695	0.03187	0.02947	0.09883	0.00999	0.00695	0.00227	0.00510	0.00832	0.00676	0.01007
40	0.01661	0.01594	0.02724	0.04119	0.72233	0.01594	0.02059	0.02059	0.01528	0.02192	0.01262	0.01661	0.01063	0.00598	0.00664	0.00199	0.00797	0.00598	0.00332	0.01063
41	0.02433	0.07007	0.02030	0.01649	0.02042	0.48066	0.01290	0.19995	0.02157	0.02306	0.01173	0.01317	0.00936	0.00735	0.00680	0.00184	0.04222	0.00479	0.00424	0.00875
42	0.01049	0.00762	0.01036	0.01173	0.01336	0.00749	0.01017	0.01342	0.01543	0.01986	0.03916	0.07444	0.11493	0.01836	0.00912	0.00300	0.00587	0.60287	0.00618	0.00612
43	0.01557	0.01488	0.02536	0.22778	0.54385	0.01567	0.02008	0.01968	0.01479	0.02066	0.01244	0.01695	0.01018	0.00617	0.00666	0.00206	0.00823	0.00597	0.00323	0.00979
44	0.01669	0.01447	0.01558	0.01458	0.04122	0.01666	0.01096	0.03515	0.68677	0.02786	0.02681	0.02475	0.02015	0.00900	0.00682	0.00227	0.00540	0.00753	0.00671	0.01062
45	0.01517	0.01854	0.09335	0.13524	0.03624	0.01655	0.54101	0.02082	0.01534	0.02082	0.01320	0.01774	0.00986	0.00587	0.00761	0.00225	0.01084	0.00738	0.00329	0.00888
46	0.01546	0.01477	0.02516	0.24769	0.52481	0.01564	0.02002	0.01958	0.01473	0.02053	0.01242	0.01698	0.01014	0.00619	0.00666	0.00206	0.00826	0.00597	0.00322	0.00970
47	0.00848	0.00606	0.00814	0.00969	0.01021	0.00571	0.00676	0.00987	0.01315	0.01747	0.03681	0.68076	0.04371	0.02073	0.00865	0.00277	0.00416	0.09512	0.00622	0.00553
48	0.01782	0.36122	0.21598	0.01617	0.02294	0.06698	0.09119	0.09717	0.01637	0.02087	0.01134	0.01316	0.00907	0.00623	0.00563	0.00179	0.00869	0.00475	0.00339	0.00926
49	0.01440	0.11400	0.53520	0.02056	0.06890	0.01698	0.09661	0.02111	0.01435	0.02070	0.01194	0.01436	0.00882	0.00620	0.00633	0.00205	0.00965	0.00519	0.00293	0.00972
50	0.77291	0.04978	0.01109	0.00895	0.01318	0.01561	0.00747	0.01974	0.01153	0.02941	0.00934	0.01089	0.00733	0.00620	0.00416	0.00204	0.00529	0.00363	0.00409	0.00733
51	0.01346	0.03471	0.72942	0.01912	0.02904	0.01558	0.02479	0.02125	0.01417	0.02125	0.01204	0.01417	0.00850	0.00637	0.00637	0.00212	0.00992	0.00496	0.00283	0.00992
52	0.00842	0.00671	0.00754	0.00756	0.00942	0.00584	0.00558	0.01048	0.01610	0.02058	0.25463	0.13826	0.45221	0.01649	0.00800	0.00227	0.00339	0.01412	0.00657	0.00584
53	0.00870	0.00625	0.00835	0.00975	0.01046	0.00590	0.00701	0.01033	0.01370	0.01820	0.07373	0.58131	0.06408	0.02008	0.00864	0.00274	0.00424	0.13460	0.00628	0.00563
54	0.00815	0.00595	0.00767	0.00906	0.00966	0.00547	0.00610	0.00938	0.01312	0.01724	0.04046	0.68190	0.12005	0.02057	0.00849	0.00267	0.00384	0.01852	0.00623	0.00547
55	0.00834	0.00613	0.00782	0.00884	0.00968	0.00561	0.00608	0.00988	0.01412	0.01874	0.14351	0.55260	0.14532	0.01934	0.00837	0.00257	0.00371	0.01732	0.00640	0.00561

[dist]
# distance from previous block
# <min> <max>
0	3

[block]
# block no. 3 follows, 32 sequences, length 28
# corresponding to MSA columns:
# 301-328
name=unknown_D
#
# <colnr> <probs for GDERKNQSTAVLIFYWHMCP>
#	G	D	E	R	K	N	Q	S	T	A	V	L	I	F	Y	W	H	M	C	P
0	0.01794	0.76823	0.03516	0.01148	0.01722	0.02655	0.01148	0.02009	0.01363	0.01579	0.00933	0.01076	0.00861	0.00574	0.00431	0.00144	0.00718	0.00359	0.00287	0.00861
1	0.02134	0.42249	0.02780	0.01390	0.01888	0.24396	0.01214	0.13062	0.01814	0.02021	0.01073	0.01203	0.00907	0.00647	0.00523	0.00162	0.00872	0.00420	0.00366	0.00880
2	0.02450	0.01683	0.01849	0.01456	0.01960	0.01835	0.01190	0.47054	0.16070	0.14336	0.01984	0.01885	0.01395	0.00830	0.00674	0.00207	0.00673	0.00645	0.00698	0.01126
3	0.01002	0.00775	0.00879	0.00848	0.01052	0.00720	0.00634	0.07395	0.01737	0.02257	0.23505	0.17741	0.35793	0.01598	0.00792	0.00228	0.00379	0.01372	0.00659	0.00634
4	0.81159	0.01298	0.00986	0.00882	0.01298	0.01505	0.00727	0.01972	0.01142	0.03010	0.00934	0.01090	0.00727	0.00623	0.00415	0.00208	0.00519	0.00363	0.00415	0.00727
5	0.00967	0.00647	0.00734	0.00743	0.00745	0.00645	0.00419	0.00973	0.00993	0.01324	0.02202	0.08370	0.02550	0.72288	0.03273	0.00630	0.00636	0.01028	0.00419	0.00414
6	0.02555	0.01217	0.01508	0.01195	0.01665	0.01158	0.00975	0.12378	0.08925	0.47481	0.02878	0.02602	0.08099	0.00913	0.00680	0.00209	0.00561	0.00740	0.03196	0.01065
7	0.00793	0.00680	0.00680	0.00680	0.00906	0.00566	0.00510	0.00963	0.01529	0.01813	0.06797	0.06457	0.71961	0.01699	0.00793	0.00227	0.00340	0.01416	0.00623	0.00566
8	0.00938	0.00676	0.00886	0.00852	0.01000	0.00625	0.00632	0.01236	0.01843	0.02601	0.65604	0.11544	0.06157	0.01439	0.00797	0.00217	0.00323	0.01277	0.00728	0.00625
9	0.00935	0.00685	0.00877	0.00829	0.00994	0.00627	0.00622	0.01238	0.01865	0.02610	0.65889	0.05145	0.12372	0.01402	0.00792	0.00212	0.00319	0.01232	0.00728	0.00627
10	0.01364	0.06473	0.70101	0.01881	0.02856	0.01603	0.02425	0.02120	0.01414	0.02103	0.01193	0.01403	0.00850	0.00635	0.00629	0.00210	0.00980	0.00490	0.00283	0.00986
11	0.81159	0.01298	0.00986	0.00882	0.01298	0.01505	0.00727	0.01972	0.01142	0.03010	0.00934	0.01090	0.00727	0.00623	0.00415	0.00208	0.00519	0.00363	0.00415	0.00727
12	0.06780	0.01601	0.01616	0.01391	0.01809	0.04455	0.01100	0.19061	0.48185	0.03110	0.02294	0.02158	0.01710	0.00860	0.00661	0.00218	0.00604	0.00686	0.00651	0.01049
13	0.00818	0.00584	0.00779	0.00934	0.00973	0.00545	0.00623	0.00934	0.01285	0.01713	0.03698	0.75981	0.04438	0.02102	0.00856	0.00273	0.00389	0.01908	0.00623	0.00545
14	0.01597	0.04535	0.08579	0.02606	0.03250	0.04056	0.56340	0.02127	0.01541	0.02079	0.01293	0.01717	0.00988	0.00612	0.00849	0.00225	0.05649	0.00732	0.00331	0.00895
15	0.00909	0.00746	0.00812	0.00828	0.01025	0.00693	0.00607	0.01275	0.09545	0.01956	0.09380	0.22047	0.44390	0.01682	0.00795	0.00236	0.00372	0.01442	0.00637	0.00623
16	0.00947	0.00696	0.01002	0.01018	0.01113	0.00784	0.00759	0.01142	0.01085	0.01539	0.02029	0.10177	0.02054	0.14281	0.57097	0.00941	0.01504	0.00872	0.00392	0.00568
17	0.01468	0.01468	0.02055	0.01762	0.01762	0.02055	0.01468	0.01615	0.01028	0.01615	0.00881	0.01468	0.00881	0.01174	0.02202	0.00294	0.75191	0.00587	0.00294	0.00734
18	0.01540	0.02189	0.24079	0.14935	0.33644	0.05590	0.02095	0.02043	0.01468	0.02044	0.01208	0.01576	0.00953	0.00646	0.00703	0.00209	0.03252	0.00557	0.00311	0.00962
19	0.01118	0.00727	0.00930	0.00871	0.01068	0.00659	0.00664	0.01402	0.01817	0.08956	0.51765	0.07296	0.14919	0.01408	0.00788	0.00218	0.00357	0.03646	0.00723	0.00667
20	0.01724	0.17572	0.28598	0.01659	0.02318	0.01706	0.08130	0.05928	0.01574	0.11186	0.01570	0.02076	0.01268	0.00793	0.00728	0.00212	0.04894	0.06717	0.00413	0.00936
21	0.01690	0.06148	0.09064	0.12350	0.02724	0.12410	0.16928	0.04776	0.10009	0.02043	0.01342	0.01658	0.01060	0.00765	0.00943	0.00223	0.14016	0.00612	0.00373	0.00867
22	0.01862	0.10202	0.09721	0.08911	0.06660	0.08508	0.05448	0.19494	0.10466	0.02579	0.01631	0.01781	0.03400	0.00756	0.00693	0.00201	0.03280	0.00598	0.00460	0.03349
23	0.07583	0.05198	0.08222	0.06178	0.07165	0.05999	0.03554	0.18162	0.08223	0.04825	0.01420	0.01593	0.01089	0.00740	0.00766	0.00200	0.07892	0.00552	0.00462	0.10177
24	0.13775	0.10732	0.07178	0.01905	0.14759	0.05909	0.05084	0.11391	0.07612	0.09010	0.01527	0.01762	0.01190	0.00716	0.00608	0.00199	0.00738	0.02543	0.00468	0.02893
25	0.07080	0.12259	0.10039	0.01473	0.04093	0.14443	0.03207	0.08612	0.11908	0.02213	0.01805	0.03971	0.03668	0.09036	0.00925	0.00250	0.00782	0.02949	0.00446	0.00842
26	0.09443	0.05096	0.01589	0.01243	0.01614	0.03885	0.02630	0.10280	0.11933	0.10477	0.07149	0.04470	0.06099	0.01189	0.05443	0.00261	0.07025	0.00715	0.00548	0.08909
27	0.13584	0.12473	0.04776	0.05944	0.01869	0.03680	0.06991	0.08343	0.07954	0.02302	0.04360	0.04345	0.09794	0.05791	0.03039	0.00262	0.00707	0.02529	0.00466	0.00793

[dist]
# distance from previous block
# <min> <max>
5	94

[block]
# block no. 4 follows, 32 sequences, length 47
# corresponding to MSA columns:
# 429-475
name=unknown_E
#
# <colnr> <probs for GDERKNQSTAVLIFYWHMCP>
#	G	D	E	R	K	N	Q	S	T	A	V	L	I	F	Y	W	H	M	C	P
0	0.04549	0.10810	0.03779	0.01198	0.01600	0.09949	0.00994	0.12093	0.07828	0.12567	0.05368	0.07168	0.10646	0.02683	0.00708	0.00208	0.00637	0.00779	0.03219	0.03217
1	0.10604	0.31322	0.10167	0.01283	0.01802	0.05423	0.01212	0.13298	0.06826	0.02311	0.01320	0.01583	0.01110	0.05677	0.03263	0.00241	0.00772	0.00500	0.00407	0.00880
2	0.01742	0.20076	0.22919	0.01413	0.02018	0.01721	0.01453	0.14484	0.04306	0.07439	0.01655	0.08965	0.01430	0.03689	0.00720	0.00212	0.00741	0.00660	0.00452	0.03904
3	0.04308	0.26645	0.15499	0.08332	0.02141	0.01841	0.03381	0.06313	0.04275	0.01952	0.01315	0.01798	0.01151	0.09386	0.04920	0.00291	0.04721	0.00552	0.00352	0.00826
4	0.10850	0.25142	0.16277	0.01440	0.02001	0.10902	0.05044	0.05979	0.06261	0.02152	0.03880	0.01612	0.01218	0.03792	0.00678	0.00205	0.00804	0.00517	0.00381	0.00865
5	0.01514	0.17557	0.16942	0.01296	0.01787	0.05429	0.01260	0.09081	0.01560	0.02096	0.01708	0.11693	0.01639	0.05370	0.04724	0.00264	0.00775	0.02882	0.03490	0.08934
6	0.06155	0.05962	0.07539	0.01324	0.01872	0.04554	0.01162	0.28677	0.04714	0.07753	0.01831	0.01859	0.05563	0.00762	0.00611	0.00180	0.00671	0.00580	0.00542	0.17689
7	0.07918	0.01644	0.04511	0.01331	0.01771	0.06778	0.01104	0.29986	0.09236	0.03125	0.08830	0.06667	0.01977	0.00931	0.00662	0.00202	0.00653	0.03210	0.00588	0.08876
8	0.26306	0.18033	0.04370	0.01250	0.01702	0.12580	0.01082	0.06598	0.07938	0.08132	0.01373	0.01558	0.01091	0.00727	0.00584	0.00195	0.02939	0.02233	0.00449	0.00861
9	0.03681	0.13831	0.08005	0.01088	0.01360	0.01182	0.00959	0.01431	0.01185	0.01707	0.01745	0.06985	0.01683	0.10076	0.36184	0.00661	0.01204	0.00719	0.05651	0.00663
10	0.06267	0.27466	0.01742	0.00904	0.01263	0.04180	0.00780	0.01458	0.01455	0.01797	0.04072	0.05863	0.38072	0.01209	0.00637	0.00195	0.00518	0.00955	0.00482	0.00687
11	0.12940	0.12628	0.05829	0.23066	0.02571	0.01661	0.01365	0.06281	0.03870	0.09022	0.01361	0.01665	0.01054	0.01064	0.06440	0.00279	0.07117	0.00545	0.00406	0.00836
12	0.00966	0.00700	0.00926	0.01000	0.01088	0.00716	0.00707	0.05344	0.01341	0.01818	0.03051	0.51007	0.03493	0.05539	0.18417	0.00476	0.00759	0.01505	0.00555	0.00590
13	0.01573	0.01419	0.02147	0.12262	0.38102	0.01508	0.01640	0.06440	0.14368	0.02318	0.01818	0.10147	0.01605	0.00846	0.00690	0.00216	0.00711	0.00774	0.00446	0.00968
14	0.04424	0.08196	0.01485	0.01234	0.01508	0.32173	0.00937	0.01834	0.01635	0.01790	0.06554	0.16745	0.16536	0.01193	0.00681	0.00204	0.00760	0.00951	0.00475	0.00687
15	0.42364	0.06866	0.01539	0.01263	0.01658	0.32615	0.00998	0.02279	0.01482	0.02332	0.00978	0.01141	0.00794	0.00649	0.00498	0.00189	0.00828	0.00393	0.00377	0.00757
16	0.37165	0.00957	0.00918	0.00928	0.01155	0.01040	0.00688	0.04022	0.01282	0.02382	0.02325	0.37249	0.02579	0.03561	0.00725	0.00252	0.00469	0.01134	0.00525	0.00646
17	0.45119	0.02279	0.33478	0.01348	0.02023	0.01529	0.01518	0.02041	0.01266	0.02611	0.01056	0.01237	0.00782	0.00629	0.00516	0.00210	0.00732	0.00423	0.00356	0.00846
18	0.01599	0.01543	0.02666	0.14539	0.59566	0.01583	0.04645	0.02012	0.01502	0.02120	0.01256	0.01685	0.01036	0.00607	0.00670	0.00204	0.00824	0.00605	0.00327	0.01010
19	0.00971	0.00669	0.00826	0.00826	0.00858	0.00702	0.00524	0.01036	0.01004	0.01371	0.02028	0.03915	0.02233	0.57074	0.22478	0.00766	0.00961	0.00906	0.00394	0.00459
20	0.01584	0.01810	0.03959	0.02828	0.03507	0.01697	0.69796	0.02149	0.01584	0.02149	0.01357	0.01810	0.01018	0.00566	0.00792	0.00226	0.01131	0.00792	0.00339	0.00905
21	0.00818	0.00584	0.00779	0.00934	0.00973	0.00545	0.00623	0.00934	0.01285	0.01713	0.03698	0.75981	0.04438	0.02102	0.00856	0.00273	0.00389	0.01908	0.00623	0.00545
22	0.00818	0.00584	0.00779	0.00934	0.00973	0.00545	0.00623	0.00934	0.01285	0.01713	0.03698	0.75981	0.04438	0.02102	0.00856	0.00273	0.00389	0.01908	0.00623	0.00545
23	0.02506	0.03198	0.01901	0.01729	0.02074	0.73725	0.01296	0.02679	0.01901	0.01642	0.01037	0.01210	0.00864	0.00691	0.00605	0.00173	0.01210	0.00432	0.00346	0.00778
24	0.01529	0.01331	0.01542	0.01626	0.11482	0.01461	0.01103	0.05071	0.45694	0.02578	0.03267	0.03113	0.15278	0.01014	0.00701	0.00223	0.00539	0.00857	0.00622	0.00970
25	0.00946	0.00690	0.00893	0.00854	0.01016	0.00636	0.00649	0.01253	0.01857	0.02599	0.64142	0.05238	0.10409	0.01418	0.00799	0.00217	0.00334	0.04697	0.00725	0.00628
26	0.01598	0.01521	0.02544	0.15335	0.57551	0.01582	0.01974	0.02085	0.05256	0.02149	0.01330	0.01727	0.01089	0.00626	0.00666	0.00205	0.00798	0.00606	0.00346	0.01012
27	0.02265	0.01456	0.01708	0.01299	0.01839	0.04265	0.03306	0.18918	0.04735	0.25722	0.01829	0.01786	0.01284	0.00707	0.00619	0.00172	0.00632	0.00567	0.00612	0.26281
28	0.81159	0.01298	0.00986	0.00882	0.01298	0.01505	0.00727	0.01972	0.01142	0.03010	0.00934	0.01090	0.00727	0.00623	0.00415	0.00208	0.00519	0.00363	0.00415	0.00727
29	0.02480	0.03084	0.01893	0.01709	0.02063	0.68346	0.01288	0.05478	0.04286	0.01788	0.01118	0.01270	0.00916	0.00704	0.00610	0.00176	0.01168	0.00450	0.00370	0.00802
30	0.01396	0.01207	0.01427	0.01035	0.01599	0.00957	0.00831	0.01685	0.01372	0.02156	0.01176	0.01396	0.00988	0.00534	0.00589	0.00110	0.04536	0.00408	0.00392	0.76206
31	0.00908	0.00664	0.00853	0.00849	0.00988	0.00609	0.00620	0.01170	0.01737	0.02408	0.51834	0.20206	0.11543	0.01555	0.00805	0.00225	0.00334	0.01378	0.00704	0.00609
32	0.02462	0.01835	0.01964	0.01526	0.02047	0.02039	0.01254	0.63324	0.09971	0.04086	0.01723	0.01701	0.01232	0.00816	0.00672	0.00204	0.00718	0.00620	0.00672	0.01133
33	0.02551	0.01879	0.02014	0.01544	0.02081	0.02081	0.01275	0.69996	0.03155	0.04229	0.01611	0.01611	0.01141	0.00805	0.00671	0.00201	0.00738	0.00604	0.00671	0.01141
34	0.00818	0.00584	0.00779	0.00934	0.00973	0.00545	0.00623	0.00934	0.01285	0.01713	0.03698	0.75981	0.04438	0.02102	0.00856	0.00273	0.00389	0.01908	0.00623	0.00545
35	0.01072	0.00715	0.00926	0.00856	0.01042	0.00652	0.00648	0.01376	0.01877	0.07127	0.63342	0.04928	0.10161	0.01358	0.00784	0.00212	0.00334	0.01192	0.00737	0.00662
36	0.02477	0.02357	0.01939	0.01603	0.02057	0.29555	0.01270	0.39894	0.07028	0.03145	0.01463	0.01514	0.01093	0.00768	0.00647	0.00192	0.00906	0.00548	0.00547	0.00997
37	0.00793	0.00680	0.00680	0.00680	0.00906	0.00566	0.00510	0.00963	0.01529	0.01813	0.06797	0.06457	0.71961	0.01699	0.00793	0.00227	0.00340	0.01416	0.00623	0.00566
38	0.00837	0.00598	0.00801	0.00957	0.01004	0.00562	0.00657	0.00968	0.01304	0.01735	0.03687	0.70879	0.04395	0.02084	0.00862	0.00275	0.00406	0.06815	0.00622	0.00550
39	0.02071	0.02361	0.02248	0.02784	0.33733	0.36531	0.01626	0.02456	0.06168	0.01965	0.01247	0.01497	0.01030	0.00663	0.00637	0.00188	0.00980	0.00528	0.00361	0.00925
40	0.00818	0.00584	0.00779	0.00934	0.00973	0.00545	0.00623	0.00934	0.01285	0.01713	0.03698	0.75981	0.04438	0.02102	0.00856	0.00273	0.00389	0.01908	0.00623	0.00545
41	0.00976	0.00651	0.00732	0.00732	0.00732	0.00651	0.00407	0.00976	0.00976	0.01301	0.02114	0.04391	0.02439	0.76419	0.03415	0.00651	0.00651	0.00976	0.00407	0.00407
42	0.01741	0.01462	0.01550	0.01366	0.01755	0.01677	0.01070	0.10915	0.60866	0.02962	0.05167	0.02496	0.02105	0.00916	0.00685	0.00224	0.00546	0.00758	0.00684	0.01055
43	0.12063	0.17679	0.08669	0.06122	0.02068	0.09990	0.01315	0.18987	0.03707	0.02530	0.01302	0.04148	0.01081	0.00777	0.00708	0.00200	0.06788	0.00543	0.00430	0.00892
44	0.02223	0.01919	0.01996	0.07133	0.04909	0.16829	0.05608	0.24907	0.10165	0.10114	0.01640	0.01713	0.01203	0.00743	0.00655	0.00196	0.00820	0.00591	0.00541	0.06096
45	0.01927	0.09336	0.02098	0.01625	0.04596	0.13340	0.07542	0.20208	0.01978	0.04440	0.04052	0.02311	0.01547	0.01088	0.04565	0.00250	0.05041	0.07331	0.02868	0.03856
46	0.04565	0.10469	0.04225	0.06299	0.06944	0.03655	0.04825	0.21695	0.08623	0.08873	0.05694	0.01864	0.01474	0.00749	0.00632	0.00192	0.00705	0.00608	0.00529	0.07378

[dist]
# distance from previous block
# <min> <max>
13	99

[block]
# block no. 5 follows, 32 sequences, length 111
# corresponding to MSA columns:
# 580-690
name=unknown_F
#
# <colnr> <probs for GDERKNQSTAVLIFYWHMCP>
#	G	D	E	R	K	N	Q	S	T	A	V	L	I	F	Y	W	H	M	C	P
0	0.01801	0.08971	0.09978	0.01632	0.06443	0.13123	0.04065	0.17914	0.04817	0.02468	0.05602	0.08395	0.01712	0.03358	0.04374	0.00256	0.00840	0.00716	0.00473	0.03062
1	0.03939	0.06621	0.11373	0.01549	0.04741	0.04236	0.03757	0.24220	0.03357	0.04585	0.01987	0.08093	0.06223	0.04102	0.00882	0.00229	0.05683	0.00743	0.00504	0.03173
2	0.08393	0.15894	0.05641	0.07609	0.04606	0.10154	0.03323	0.10189	0.03628	0.07493	0.01561	0.04337	0.03365	0.00785	0.00698	0.00195	0.05548	0.00587	0.00436	0.05558
3	0.11177	0.16301	0.01907	0.03535	0.01759	0.03768	0.01034	0.21090	0.08156	0.04923	0.04134	0.02016	0.05708	0.03067	0.00670	0.00198	0.00638	0.00600	0.00515	0.08803
4	0.06394	0.06210	0.08037	0.04886	0.01713	0.03251	0.01057	0.13818	0.01806	0.12635	0.11164	0.09965	0.07636	0.07389	0.00910	0.00248	0.00618	0.00868	0.00569	0.00826
5	0.01804	0.04370	0.13115	0.03023	0.02104	0.27702	0.05721	0.05603	0.05432	0.02051	0.04091	0.09925	0.01564	0.00850	0.00649	0.00191	0.00885	0.00683	0.00419	0.09818
6	0.01669	0.09095	0.08169	0.01459	0.04293	0.09200	0.04437	0.07848	0.12399	0.04869	0.02015	0.06691	0.04133	0.05729	0.00825	0.00224	0.00713	0.04025	0.00482	0.11722
7	0.01205	0.00944	0.01179	0.05870	0.01475	0.00940	0.00831	0.07845	0.04044	0.02136	0.09781	0.28341	0.02970	0.08691	0.03112	0.00282	0.03211	0.01131	0.00539	0.15473
8	0.09860	0.03541	0.03705	0.08133	0.02086	0.01384	0.07260	0.15795	0.01711	0.04747	0.01400	0.01740	0.01126	0.04214	0.07406	0.00275	0.00790	0.00554	0.00445	0.23828
9	0.09777	0.04201	0.10442	0.01191	0.01628	0.03271	0.01064	0.09001	0.04923	0.07296	0.07624	0.07838	0.03734	0.03740	0.09043	0.00308	0.00748	0.00728	0.00499	0.12942
10	0.01731	0.01322	0.01778	0.05310	0.09382	0.01299	0.05525	0.17346	0.04748	0.08438	0.11657	0.06456	0.02138	0.00878	0.00675	0.00192	0.00623	0.02230	0.00556	0.17717
11	0.00956	0.00725	0.00914	0.00948	0.01126	0.00652	0.00727	0.01178	0.01503	0.02011	0.15278	0.27893	0.16705	0.01682	0.00812	0.00244	0.00432	0.16641	0.00617	0.08957
12	0.01480	0.01249	0.01438	0.01048	0.01629	0.01010	0.00839	0.06172	0.05022	0.02349	0.01297	0.01462	0.01057	0.00538	0.00518	0.00112	0.00514	0.00429	0.00430	0.71408
13	0.01815	0.20147	0.14413	0.05951	0.21408	0.18448	0.01687	0.02245	0.04361	0.01909	0.01178	0.01418	0.00965	0.00637	0.00592	0.00185	0.00900	0.00492	0.00329	0.00921
14	0.00868	0.00667	0.00794	0.00796	0.00961	0.00593	0.00584	0.01095	0.01656	0.02191	0.35581	0.17255	0.31302	0.01618	0.00803	0.00227	0.00338	0.01406	0.00675	0.00593
15	0.00875	0.00679	0.00796	0.00775	0.00959	0.00600	0.00578	0.01120	0.01713	0.02266	0.40586	0.08207	0.35345	0.01543	0.00794	0.00220	0.00330	0.01328	0.00683	0.00600
16	0.05846	0.01148	0.01536	0.01183	0.01698	0.01005	0.00977	0.03223	0.01892	0.70170	0.02585	0.02241	0.01627	0.00823	0.00665	0.00208	0.00569	0.00663	0.00815	0.01127
17	0.01284	0.01091	0.01706	0.50935	0.03511	0.01317	0.01509	0.05289	0.01433	0.01949	0.03962	0.02080	0.01292	0.01269	0.09930	0.00323	0.00918	0.00638	0.08836	0.00731
18	0.03010	0.01142	0.01557	0.01194	0.01713	0.00986	0.00986	0.03270	0.01920	0.72698	0.02647	0.02284	0.01661	0.00830	0.00675	0.00208	0.00571	0.00675	0.00830	0.01142
19	0.08804	0.01418	0.01677	0.01295	0.01813	0.01418	0.01070	0.27056	0.02303	0.42876	0.02146	0.01952	0.01404	0.00806	0.00654	0.00205	0.00627	0.00626	0.00742	0.01110
20	0.01888	0.03758	0.03606	0.01437	0.01862	0.08131	0.01160	0.14746	0.49583	0.02895	0.02301	0.02169	0.01725	0.00857	0.00666	0.00216	0.00644	0.00686	0.00630	0.01043
21	0.01824	0.73732	0.03448	0.01172	0.01737	0.05638	0.01154	0.02037	0.01386	0.01581	0.00937	0.01082	0.00861	0.00579	0.00438	0.00145	0.00738	0.00362	0.00289	0.00858
22	0.01251	0.00625	0.00625	0.00625	0.00782	0.00625	0.00469	0.01563	0.01407	0.02502	0.02189	0.02502	0.01720	0.00782	0.00469	0.00156	0.00313	0.00625	0.80144	0.00625
23	0.01755	0.01422	0.01520	0.01354	0.01743	0.01625	0.01057	0.03546	0.66571	0.07307	0.02726	0.02489	0.02023	0.00905	0.00682	0.00226	0.00534	0.00753	0.00692	0.01067
24	0.00804	0.00680	0.00695	0.00691	0.00913	0.00571	0.00518	0.00984	0.01555	0.01873	0.11252	0.06359	0.67469	0.01677	0.00793	0.00226	0.00338	0.01402	0.00631	0.00571
25	0.10555	0.01157	0.01502	0.01164	0.01673	0.01036	0.00961	0.03145	0.01845	0.65970	0.02482	0.02169	0.01571	0.00810	0.00650	0.00208	0.00566	0.00645	0.00790	0.01102
26	0.00813	0.00681	0.00707	0.00701	0.00919	0.00575	0.00525	0.01001	0.01576	0.01924	0.15057	0.06274	0.63632	0.01658	0.00793	0.00225	0.00337	0.01390	0.00638	0.00575
27	0.00793	0.00680	0.00680	0.00680	0.00906	0.00566	0.00510	0.00963	0.01529	0.01813	0.06797	0.06457	0.71961	0.01699	0.00793	0.00227	0.00340	0.01416	0.00623	0.00566
28	0.01391	0.01193	0.01391	0.00994	0.01590	0.00894	0.00795	0.01690	0.01391	0.02186	0.01193	0.01391	0.00994	0.00497	0.00497	0.00099	0.00497	0.00398	0.00398	0.80521
29	0.01973	0.01298	0.01537	0.01135	0.01703	0.01119	0.00922	0.13713	0.01818	0.19271	0.01609	0.01641	0.01177	0.00629	0.00569	0.00142	0.00556	0.00499	0.00547	0.48143
30	0.01953	0.01776	0.02996	0.02296	0.05692	0.01837	0.35188	0.25680	0.02087	0.04820	0.01436	0.01718	0.01069	0.00711	0.00866	0.00222	0.07507	0.00697	0.00464	0.00985
31	0.02854	0.01393	0.01713	0.01313	0.01838	0.01359	0.01085	0.26019	0.02341	0.49354	0.02294	0.02054	0.01484	0.00822	0.00674	0.00205	0.00628	0.00651	0.00776	0.01142
32	0.00976	0.00651	0.00732	0.00732	0.00732	0.00651	0.00407	0.00976	0.00976	0.01301	0.02114	0.04391	0.02439	0.76419	0.03415	0.00651	0.00651	0.00976	0.00407	0.00407
33	0.02128	0.01533	0.07538	0.10132	0.15801	0.01373	0.08729	0.07424	0.04594	0.28509	0.04099	0.02040	0.01458	0.00744	0.00686	0.00211	0.00744	0.00666	0.00562	0.01027
34	0.01720	0.01814	0.02252	0.24321	0.30624	0.17365	0.01766	0.02132	0.04345	0.01928	0.01234	0.01625	0.01001	0.00680	0.00728	0.00206	0.04464	0.00567	0.00337	0.00891
35	0.00818	0.00584	0.00779	0.00934	0.00973	0.00545	0.00623	0.00934	0.01285	0.01713	0.03698	0.75981	0.04438	0.02102	0.00856	0.00273	0.00389	0.01908	0.00623	0.00545
36	0.01417	0.01179	0.01348	0.01344	0.03756	0.01312	0.01011	0.02682	0.44506	0.02491	0.05863	0.14686	0.02844	0.01249	0.00751	0.00245	0.00522	0.11244	0.00655	0.00896
37	0.02115	0.01486	0.10055	0.01285	0.01758	0.01244	0.01145	0.20353	0.02137	0.26782	0.15904	0.08156	0.02556	0.01004	0.00706	0.00212	0.00602	0.00834	0.00688	0.00978
38	0.01666	0.01630	0.02503	0.07513	0.57743	0.06186	0.01911	0.02112	0.04460	0.02148	0.01415	0.01957	0.01216	0.00681	0.00674	0.00205	0.00809	0.03804	0.00360	0.01006
39	0.00959	0.00716	0.01062	0.01062	0.01176	0.00830	0.00818	0.01188	0.01073	0.01545	0.01812	0.02720	0.01714	0.08447	0.70395	0.01058	0.01742	0.00731	0.00362	0.00590
40	0.01391	0.01193	0.01391	0.00994	0.01590	0.00894	0.00795	0.01690	0.01391	0.02186	0.01193	0.01391	0.00994	0.00497	0.00497	0.00099	0.00497	0.00398	0.00398	0.80521
41	0.01301	0.01236	0.02112	0.68269	0.08933	0.01503	0.03760	0.01749	0.01360	0.01757	0.01202	0.01781	0.00909	0.00663	0.00674	0.00222	0.00895	0.00602	0.00301	0.00770
