[name]
unknown

[dist]
# distance from previous block
# <min> <max>
0	19

[block]
# block no. 0 follows, 34 sequences, length 17
# corresponding to MSA columns:
# 19-35
name=unknown_A
#
# <colnr> <probs for GDERKNQSTAVLIFYWHMCP>
#	G	D	E	R	K	N	Q	S	T	A	V	L	I	F	Y	W	H	M	C	P
0	0.01519	0.28577	0.06789	0.04196	0.02133	0.01768	0.17184	0.05914	0.05657	0.01990	0.03678	0.04365	0.05830	0.00761	0.00605	0.00185	0.00737	0.02864	0.00390	0.04857
1	0.04342	0.04696	0.11127	0.13920	0.04487	0.07913	0.10027	0.08985	0.04158	0.09948	0.03610	0.01869	0.03864	0.00761	0.00772	0.00208	0.07408	0.00616	0.00427	0.00862
2	0.02069	0.15045	0.23826	0.01417	0.02059	0.05642	0.01457	0.11396	0.01746	0.23811	0.01576	0.01573	0.01099	0.00678	0.00588	0.00184	0.00749	0.00513	0.00489	0.04084
3	0.00876	0.00681	0.00848	0.04845	0.01123	0.00630	0.00635	0.01132	0.01656	0.02220	0.44075	0.08363	0.27713	0.01420	0.00759	0.00211	0.00346	0.01230	0.00647	0.00591
4	0.01732	0.26796	0.09301	0.09767	0.02169	0.12980	0.04427	0.06886	0.06596	0.04229	0.01362	0.05532	0.01163	0.00774	0.00641	0.03100	0.00788	0.00557	0.00376	0.00824
5	0.01243	0.01113	0.01472	0.05374	0.01576	0.04071	0.01099	0.04384	0.01174	0.01655	0.01505	0.04858	0.01479	0.06802	0.27866	0.00561	0.28682	0.04081	0.00356	0.00650
6	0.00785	0.00572	0.00740	0.00875	0.00931	0.00527	0.00589	0.00902	0.01261	0.01659	0.03862	0.69746	0.11203	0.01985	0.00819	0.00258	0.00370	0.01789	0.00600	0.00527
7	0.00796	0.00636	0.00714	0.00737	0.00904	0.00553	0.00536	0.00975	0.01487	0.01880	0.18088	0.21242	0.45852	0.01662	0.00777	0.00225	0.00333	0.01430	0.00620	0.00553
8	0.10294	0.01719	0.01622	0.06717	0.01947	0.18962	0.04872	0.06760	0.25360	0.04569	0.05030	0.06040	0.01679	0.00837	0.00630	0.00204	0.00720	0.00675	0.00511	0.00854
9	0.01410	0.00918	0.03546	0.03819	0.01368	0.00821	0.00826	0.03643	0.05735	0.17571	0.11617	0.22986	0.12350	0.05417	0.00877	0.00249	0.00480	0.05014	0.00627	0.00727
10	0.00786	0.00568	0.00744	0.00886	0.00934	0.00526	0.00594	0.00901	0.01250	0.01655	0.03731	0.72847	0.08188	0.02002	0.00821	0.00260	0.00372	0.01810	0.00600	0.00526
11	0.08764	0.05731	0.04147	0.19056	0.13101	0.06926	0.06945	0.11849	0.02868	0.06218	0.01404	0.01667	0.02771	0.00703	0.00703	0.00203	0.05110	0.00570	0.00401	0.00865
12	0.04084	0.05286	0.02010	0.08510	0.02224	0.13232	0.04955	0.36268	0.06923	0.02968	0.01405	0.01527	0.01052	0.00725	0.00662	0.00191	0.02939	0.00550	0.00504	0.03987
13	0.09153	0.09363	0.04148	0.12293	0.08498	0.06063	0.03367	0.17718	0.06473	0.05553	0.01341	0.01522	0.01025	0.00680	0.00643	0.00189	0.03634	0.00523	0.00438	0.07376
14	0.14983	0.04860	0.01780	0.06408	0.08721	0.09042	0.03779	0.18116	0.10479	0.03968	0.05398	0.01850	0.03422	0.00745	0.00598	0.00193	0.00682	0.00588	0.00488	0.03900
15	0.04522	0.01148	0.01323	0.06059	0.03784	0.02960	0.00930	0.15979	0.08796	0.02351	0.06675	0.14350	0.06343	0.10362	0.04230	0.00296	0.03341	0.00900	0.00520	0.05129
16	0.10024	0.01366	0.06260	0.03961	0.03882	0.06881	0.04671	0.01891	0.08852	0.08638	0.04635	0.04685	0.20205	0.01165	0.03547	0.00242	0.05378	0.00815	0.00495	0.02405

[dist]
# distance from previous block
# <min> <max>
0	9

[block]
# block no. 1 follows, 34 sequences, length 37
# corresponding to MSA columns:
# 45-81
name=unknown_B
#
# <colnr> <probs for GDERKNQSTAVLIFYWHMCP>
#	G	D	E	R	K	N	Q	S	T	A	V	L	I	F	Y	W	H	M	C	P
0	0.09700	0.05992	0.03150	0.01194	0.03089	0.03970	0.00937	0.14737	0.07918	0.09636	0.07647	0.17617	0.05014	0.03777	0.00783	0.00226	0.02340	0.00901	0.00563	0.00806
1	0.07836	0.08336	0.08655	0.03891	0.04981	0.05423	0.01071	0.06810	0.01533	0.09720	0.08674	0.13034	0.07985	0.01112	0.00806	0.05332	0.02730	0.00827	0.00489	0.00755
2	0.06841	0.13890	0.06692	0.04942	0.02060	0.03090	0.07145	0.21156	0.03843	0.02546	0.01302	0.01586	0.01046	0.00699	0.00682	0.00183	0.05863	0.02431	0.00430	0.13575
3	0.06283	0.06873	0.12720	0.01628	0.04609	0.01461	0.13282	0.10090	0.08379	0.20074	0.04528	0.02006	0.03639	0.00743	0.00642	0.00201	0.00716	0.00646	0.00526	0.00953
4	0.00909	0.00673	0.00783	0.00793	0.00958	0.00610	0.00575	0.01149	0.04119	0.04236	0.19783	0.23179	0.33633	0.04546	0.00869	0.00241	0.00360	0.01376	0.00625	0.00584
5	0.03812	0.00931	0.01125	0.01051	0.01280	0.00934	0.02939	0.13444	0.05549	0.06421	0.03475	0.38060	0.15377	0.01512	0.00748	0.00233	0.00469	0.01324	0.00608	0.00706
6	0.04438	0.04082	0.02025	0.04390	0.02139	0.41882	0.08572	0.06218	0.04884	0.08207	0.01261	0.01425	0.00979	0.00707	0.00713	0.00189	0.06160	0.00509	0.00400	0.00821
7	0.05284	0.02938	0.01805	0.01636	0.01957	0.68774	0.01236	0.02510	0.01767	0.01629	0.00988	0.01172	0.00828	0.00684	0.00644	0.00173	0.04477	0.00420	0.00333	0.00745
8	0.00932	0.00660	0.00817	0.00866	0.00991	0.00611	0.00614	0.03649	0.01467	0.04197	0.15355	0.45833	0.18099	0.01747	0.00790	0.00239	0.00372	0.01549	0.00626	0.00582
9	0.00992	0.00678	0.00873	0.00819	0.00989	0.00618	0.00616	0.01277	0.01783	0.05855	0.62143	0.07033	0.11187	0.01343	0.00759	0.00206	0.00320	0.01180	0.00703	0.00625
10	0.00954	0.00738	0.01098	0.01080	0.01188	0.00882	0.00846	0.01179	0.01035	0.01503	0.01675	0.02467	0.01567	0.04611	0.70136	0.00991	0.06438	0.00684	0.00342	0.00585
11	0.00980	0.00768	0.01123	0.03963	0.01284	0.00918	0.00857	0.01187	0.01034	0.01485	0.01660	0.02580	0.01593	0.11804	0.57993	0.00896	0.08253	0.00702	0.00343	0.00575
12	0.01070	0.00855	0.00938	0.00898	0.01124	0.00867	0.00677	0.01746	0.21817	0.02242	0.19623	0.10960	0.26991	0.01327	0.00719	0.00215	0.00378	0.01133	0.05722	0.00699
13	0.01450	0.01145	0.01351	0.00971	0.01540	0.00868	0.00779	0.01734	0.01376	0.07153	0.01247	0.01400	0.01002	0.00501	0.00491	0.00103	0.00484	0.00402	0.00412	0.75593
14	0.01220	0.01148	0.01938	0.75739	0.04450	0.01436	0.01794	0.01651	0.01292	0.01651	0.01148	0.01723	0.00861	0.00646	0.00646	0.00215	0.00861	0.00574	0.00287	0.00718
15	0.00906	0.00682	0.00783	0.00791	0.00969	0.00616	0.00580	0.01167	0.04813	0.04217	0.18731	0.22373	0.37815	0.01603	0.00769	0.00225	0.00350	0.01385	0.00631	0.00593
16	0.01389	0.01348	0.02333	0.41495	0.21580	0.01502	0.11326	0.01935	0.06992	0.01909	0.01305	0.01749	0.01007	0.00632	0.00661	0.00210	0.00841	0.00613	0.00330	0.00841
17	0.01934	0.17343	0.04403	0.07118	0.02053	0.05100	0.03793	0.33731	0.03832	0.02843	0.03389	0.01853	0.05501	0.00768	0.00602	0.00185	0.00709	0.00594	0.03328	0.00921
18	0.01186	0.01004	0.03027	0.08787	0.10379	0.00930	0.00995	0.03642	0.03171	0.03944	0.12977	0.14776	0.11358	0.04002	0.02816	0.00239	0.00556	0.03055	0.00504	0.12651
19	0.07047	0.08390	0.09025	0.13094	0.19838	0.03890	0.10804	0.07403	0.03341	0.02186	0.01213	0.01508	0.00954	0.00603	0.00603	0.00187	0.00792	0.00537	0.00354	0.08231
20	0.01458	0.05934	0.02451	0.05315	0.09724	0.03753	0.26385	0.05390	0.09460	0.02171	0.08054	0.08873	0.04215	0.00876	0.00710	0.00213	0.00771	0.02969	0.00449	0.00830
21	0.00839	0.00641	0.00948	0.01012	0.01093	0.00598	0.05051	0.00986	0.01279	0.01713	0.06152	0.69276	0.04137	0.01903	0.00818	0.00257	0.00417	0.01743	0.00587	0.00550
22	0.01488	0.01727	0.17249	0.06763	0.09049	0.03609	0.14333	0.04657	0.03411	0.08367	0.07906	0.02255	0.04923	0.01262	0.09806	0.00308	0.00915	0.00698	0.00424	0.00848
23	0.01546	0.01530	0.05990	0.23622	0.05064	0.08974	0.14993	0.02041	0.06470	0.07712	0.01671	0.04939	0.01383	0.00914	0.03025	0.00239	0.00863	0.04984	0.03238	0.00803
24	0.00888	0.00603	0.00795	0.00915	0.00986	0.00562	0.00638	0.01020	0.01283	0.04287	0.03610	0.62976	0.07322	0.04118	0.00892	0.00271	0.00404	0.07278	0.00601	0.00549
25	0.01051	0.00714	0.00856	0.00800	0.00990	0.00661	0.00599	0.01367	0.04790	0.06804	0.41034	0.04724	0.21349	0.06123	0.00894	0.00231	0.00355	0.01119	0.04909	0.00629
26	0.08244	0.09237	0.08836	0.06425	0.07954	0.19135	0.05779	0.09660	0.01618	0.05467	0.01166	0.01410	0.00923	0.00742	0.00795	0.02740	0.08156	0.00503	0.00373	0.00836
27	0.12872	0.01498	0.08168	0.01251	0.01770	0.01334	0.01110	0.21005	0.02024	0.36432	0.04712	0.01902	0.01453	0.00771	0.00617	0.00199	0.00614	0.00597	0.00655	0.01015
28	0.01003	0.00727	0.00847	0.00859	0.00993	0.00707	0.00604	0.03145	0.07117	0.03663	0.08778	0.26011	0.19126	0.19353	0.01363	0.00328	0.00451	0.03777	0.00570	0.00578
29	0.00936	0.00609	0.00727	0.00750	0.00756	0.00603	0.00443	0.00923	0.00976	0.01301	0.02175	0.15390	0.02516	0.57171	0.02817	0.09476	0.00580	0.01039	0.00412	0.00400
30	0.01625	0.04464	0.21221	0.05943	0.04418	0.17049	0.17547	0.02158	0.05939	0.01908	0.01273	0.01649	0.01017	0.00707	0.00800	0.00209	0.08572	0.02318	0.00334	0.00848
31	0.05860	0.01611	0.03600	0.01353	0.01797	0.01724	0.01118	0.48855	0.10442	0.03432	0.01772	0.01831	0.03789	0.00951	0.00825	0.08218	0.00656	0.00611	0.00588	0.00967
32	0.01749	0.04676	0.07182	0.04656	0.15627	0.06497	0.11364	0.10749	0.12825	0.05742	0.01514	0.01674	0.01155	0.00652	0.00626	0.00186	0.00759	0.00580	0.00440	0.11348
33	0.01161	0.00939	0.00990	0.00938	0.01133	0.05415	0.00675	0.04627	0.05853	0.03536	0.08768	0.22752	0.13437	0.15155	0.03522	0.00311	0.00539	0.01124	0.00535	0.08589
34	0.01156	0.00808	0.01296	0.09516	0.01576	0.00822	0.08240	0.03634	0.01145	0.01504	0.01909	0.10599	0.07756	0.01751	0.01712	0.44326	0.00616	0.00797	0.00363	0.00473
35	0.10335	0.01449	0.01702	0.01435	0.03674	0.08710	0.08517	0.13203	0.04275	0.07448	0.10632	0.02224	0.04567	0.03057	0.00934	0.03407	0.08252	0.00672	0.00491	0.05020
36	0.01559	0.10927	0.03871	0.04320	0.04435	0.10367	0.10437	0.07842	0.07305	0.03650	0.01982	0.14292	0.04324	0.01228	0.05374	0.00262	0.04156	0.02435	0.00444	0.00789

[dist]
# distance from previous block
# <min> <max>
0	4

[block]
# block no. 2 follows, 34 sequences, length 38
# corresponding to MSA columns:
# 86-123
name=unknown_C
#
# <colnr> <probs for GDERKNQSTAVLIFYWHMCP>
#	G	D	E	R	K	N	Q	S	T	A	V	L	I	F	Y	W	H	M	C	P
0	0.01777	0.40364	0.04788	0.01272	0.01791	0.10553	0.03969	0.02241	0.10975	0.05127	0.01275	0.01367	0.01041	0.00614	0.00506	0.00155	0.00715	0.00446	0.00374	0.10650
1	0.01187	0.04037	0.01165	0.04738	0.01374	0.00845	0.00737	0.03561	0.01468	0.05306	0.12158	0.13539	0.16528	0.05195	0.00791	0.00202	0.00458	0.00942	0.00518	0.25250
2	0.01052	0.00750	0.00932	0.02857	0.01127	0.00765	0.00684	0.06677	0.06057	0.01809	0.02872	0.40584	0.05143	0.13435	0.01352	0.08703	0.00487	0.03613	0.00534	0.00566
3	0.01412	0.07357	0.28848	0.15381	0.10454	0.01503	0.05345	0.03704	0.04396	0.04201	0.06215	0.01878	0.03059	0.00715	0.00674	0.00204	0.02815	0.00600	0.00363	0.00877
4	0.03575	0.00609	0.00783	0.00887	0.00961	0.00578	0.00617	0.00991	0.01311	0.01806	0.12358	0.56343	0.06912	0.01870	0.00874	0.03626	0.00385	0.04384	0.00594	0.00535
5	0.01079	0.00944	0.01622	0.01358	0.01555	0.00959	0.18395	0.01291	0.01157	0.01586	0.01966	0.14037	0.02069	0.27302	0.18323	0.00548	0.03868	0.00960	0.00392	0.00587
6	0.01375	0.08371	0.48181	0.04395	0.05392	0.01649	0.06672	0.01999	0.03115	0.01954	0.01151	0.01419	0.00872	0.00674	0.00795	0.00210	0.10069	0.00511	0.00290	0.00906
7	0.01631	0.00853	0.01128	0.01065	0.01341	0.00788	0.00879	0.01924	0.03467	0.26551	0.08834	0.09667	0.11794	0.01385	0.00773	0.00243	0.00507	0.25725	0.00677	0.00769
8	0.16084	0.01211	0.01316	0.01090	0.01477	0.01266	0.00875	0.17806	0.10144	0.20052	0.09477	0.02517	0.07304	0.03189	0.00699	0.00214	0.00525	0.00706	0.03156	0.00891
9	0.01536	0.01975	0.18226	0.08486	0.13842	0.01577	0.30548	0.09140	0.01611	0.02231	0.01346	0.04009	0.01060	0.00644	0.00692	0.00210	0.00931	0.00673	0.00353	0.00913
10	0.13166	0.10628	0.01773	0.01194	0.01691	0.01492	0.01009	0.20892	0.02000	0.36979	0.01863	0.01732	0.01253	0.00737	0.00587	0.00191	0.00603	0.00555	0.00642	0.01013
11	0.00822	0.00675	0.00718	0.00718	0.00915	0.00593	0.00535	0.01045	0.03641	0.01840	0.12742	0.08627	0.56136	0.05090	0.00883	0.00240	0.00354	0.03263	0.00603	0.00560
12	0.01093	0.00712	0.00848	0.00839	0.00929	0.00701	0.00577	0.03367	0.01226	0.05261	0.05857	0.04739	0.07470	0.49079	0.02362	0.00486	0.00585	0.12878	0.00485	0.00506
13	0.01549	0.01525	0.06868	0.04177	0.11509	0.01445	0.22546	0.12160	0.04573	0.04414	0.01709	0.10962	0.01522	0.03462	0.04877	0.00275	0.04330	0.00807	0.00431	0.00858
14	0.01122	0.00561	0.00842	0.00842	0.00842	0.00561	0.00561	0.00842	0.00842	0.01122	0.01122	0.01964	0.01122	0.02245	0.02525	0.81201	0.00561	0.00561	0.00281	0.00281
15	0.01599	0.01535	0.02623	0.03966	0.73262	0.01535	0.01983	0.01983	0.01471	0.02111	0.01215	0.01599	0.01023	0.00576	0.00640	0.00192	0.00768	0.00576	0.00320	0.01023
16	0.00862	0.00581	0.00776	0.00909	0.00962	0.00540	0.00612	0.00979	0.01259	0.04195	0.03525	0.74233	0.04179	0.01981	0.00819	0.00260	0.00381	0.01795	0.00607	0.00545
17	0.01476	0.05828	0.44332	0.02132	0.07536	0.01616	0.18266	0.07300	0.01534	0.02188	0.01217	0.01469	0.00892	0.00605	0.00645	0.00203	0.00944	0.00553	0.00317	0.00946
18	0.00800	0.00660	0.00705	0.00704	0.00909	0.00565	0.00535	0.00992	0.01529	0.01887	0.16824	0.06049	0.59298	0.01594	0.00769	0.00219	0.00336	0.04449	0.00617	0.00558
19	0.02456	0.01810	0.01939	0.01487	0.02004	0.02004	0.01228	0.71107	0.03038	0.04072	0.01551	0.01551	0.01099	0.00776	0.00646	0.00194	0.00711	0.00582	0.00646	0.01099
20	0.01296	0.03342	0.73944	0.01842	0.02797	0.01501	0.02387	0.02046	0.01364	0.02046	0.01160	0.01364	0.00818	0.00614	0.00614	0.00205	0.00955	0.00477	0.00273	0.00955
21	0.01340	0.01148	0.01340	0.00957	0.01531	0.00861	0.00766	0.01627	0.01340	0.02105	0.01148	0.01340	0.00957	0.00479	0.00479	0.00096	0.00479	0.00383	0.00383	0.81242
22	0.01553	0.01235	0.01562	0.06100	0.01818	0.01328	0.06603	0.13141	0.26658	0.05965	0.16824	0.02958	0.06993	0.03385	0.00775	0.00224	0.00564	0.00832	0.00611	0.00872
23	0.00781	0.00624	0.00699	0.00746	0.00900	0.00543	0.00534	0.00936	0.01416	0.01765	0.09611	0.29617	0.46067	0.01746	0.00784	0.00232	0.00342	0.01509	0.00607	0.00543
24	0.04330	0.07600	0.01872	0.03975	0.06950	0.06906	0.01129	0.29126	0.02043	0.02805	0.01274	0.01409	0.00987	0.00631	0.00562	0.00157	0.00671	0.00480	0.00467	0.26626
25	0.00837	0.00666	0.00767	0.00773	0.00956	0.00573	0.00562	0.01018	0.01450	0.01876	0.15609	0.26171	0.37165	0.01613	0.00760	0.00219	0.00349	0.01397	0.00601	0.06639
26	0.05104	0.08803	0.06152	0.01430	0.03805	0.06369	0.02685	0.19845	0.01849	0.15932	0.03257	0.01767	0.01272	0.02971	0.05737	0.00262	0.08252	0.00573	0.00503	0.03433
27	0.01613	0.16678	0.21903	0.06626	0.11710	0.06606	0.03653	0.05765	0.15171	0.02127	0.01414	0.01565	0.01093	0.00660	0.00594	0.00191	0.00793	0.00530	0.00379	0.00929
28	0.00940	0.00626	0.00705	0.00705	0.00705	0.00626	0.00392	0.00940	0.00940	0.01253	0.02036	0.04228	0.02349	0.77292	0.03289	0.00626	0.00626	0.00940	0.00392	0.00392
29	0.00935	0.00671	0.00928	0.00923	0.01016	0.00738	0.00678	0.01121	0.01107	0.01584	0.09197	0.03168	0.02254	0.21361	0.47929	0.00827	0.01278	0.00797	0.02950	0.00538
30	0.01671	0.08108	0.11113	0.09247	0.08721	0.03298	0.05127	0.15347	0.01718	0.08939	0.01755	0.11406	0.01550	0.01170	0.06020	0.00266	0.00806	0.02410	0.00460	0.00867
31	0.01165	0.00760	0.00911	0.00847	0.01065	0.00702	0.00638	0.01507	0.06871	0.11285	0.30737	0.09739	0.25284	0.04533	0.00850	0.00230	0.00377	0.01166	0.00664	0.00668
32	0.01122	0.00561	0.00842	0.00842	0.00842	0.00561	0.00561	0.00842	0.00842	0.01122	0.01122	0.01964	0.01122	0.02245	0.02525	0.81201	0.00561	0.00561	0.00281	0.00281
33	0.01943	0.33887	0.06561	0.01682	0.09280	0.30253	0.01335	0.02181	0.01520	0.01636	0.00983	0.01177	0.00851	0.00625	0.00580	0.00164	0.03808	0.00412	0.00303	0.00821
34	0.03941	0.04000	0.14053	0.07805	0.04564	0.05598	0.11043	0.09597	0.04911	0.14918	0.03397	0.05289	0.01407	0.03120	0.00783	0.00220	0.03321	0.00668	0.00471	0.00894
35	0.01502	0.01124	0.08662	0.01046	0.01380	0.00917	0.02941	0.04188	0.03771	0.15864	0.17826	0.02980	0.07454	0.01073	0.03027	0.00220	0.02888	0.00785	0.21581	0.00771
36	0.00855	0.00631	0.00702	0.00728	0.00819	0.00585	0.00477	0.00941	0.01196	0.01513	0.03972	0.15454	0.28945	0.36191	0.01927	0.00413	0.00478	0.03194	0.00505	0.00474
37	0.04567	0.01422	0.13286	0.10344	0.10545	0.01171	0.01340	0.04486	0.03393	0.09442	0.10048	0.02978	0.04456	0.04185	0.02916	0.00256	0.02902	0.08677	0.02784	0.00801

[dist]
# distance from previous block
# <min> <max>
0	1

[block]
# block no. 3 follows, 34 sequences, length 35
# corresponding to MSA columns:
# 125-159
name=unknown_D
#
# <colnr> <probs for GDERKNQSTAVLIFYWHMCP>
#	G	D	E	R	K	N	Q	S	T	A	V	L	I	F	Y	W	H	M	C	P
0	0.07922	0.01836	0.07583	0.07307	0.08916	0.16003	0.03378	0.10578	0.05660	0.05228	0.01457	0.06659	0.01237	0.00913	0.02703	0.00225	0.07773	0.00618	0.00421	0.03583
1	0.01417	0.00922	0.01066	0.10752	0.01516	0.04428	0.02206	0.03787	0.03738	0.07527	0.03822	0.02349	0.03050	0.00967	0.04085	0.00214	0.00539	0.00634	0.46290	0.00693
2	0.01744	0.03714	0.02361	0.11613	0.09817	0.08175	0.19407	0.09826	0.01668	0.08687	0.03349	0.01761	0.01192	0.00883	0.04702	0.00239	0.02405	0.00617	0.00415	0.07429
3	0.05930	0.01431	0.01789	0.06341	0.08770	0.03821	0.04127	0.20532	0.08440	0.18897	0.04761	0.03867	0.03065	0.00830	0.00721	0.00206	0.04269	0.00672	0.00576	0.00956
4	0.01083	0.00561	0.00831	0.00849	0.00853	0.00557	0.00566	0.00849	0.00889	0.01185	0.01411	0.10843	0.01496	0.02219	0.02324	0.71607	0.00539	0.00712	0.00318	0.00310
5	0.02027	0.03955	0.01754	0.01520	0.03810	0.22590	0.01161	0.17951	0.33098	0.02636	0.01844	0.01808	0.01399	0.00778	0.00627	0.00196	0.00754	0.00594	0.00543	0.00956
6	0.02959	0.00694	0.00871	0.03292	0.02695	0.00650	0.00668	0.01163	0.01438	0.04080	0.16952	0.32251	0.19319	0.01556	0.00750	0.00227	0.00389	0.03264	0.04442	0.02339
7	0.01790	0.01293	0.01526	0.01217	0.01622	0.04989	0.04477	0.17019	0.04175	0.13439	0.03610	0.02160	0.03312	0.07217	0.09322	0.02109	0.00756	0.00629	0.00517	0.18821
8	0.01553	0.01592	0.02994	0.05544	0.43010	0.01589	0.26397	0.01983	0.01462	0.02056	0.01228	0.01645	0.00995	0.00593	0.00754	0.00206	0.04493	0.00641	0.00320	0.00945
9	0.00791	0.00585	0.00740	0.00851	0.00928	0.00534	0.00581	0.00925	0.01316	0.01726	0.08458	0.59995	0.16383	0.01912	0.00810	0.00251	0.00362	0.01712	0.00607	0.00534
10	0.08736	0.01230	0.01482	0.01196	0.01645	0.01214	0.00988	0.17087	0.05562	0.41407	0.02399	0.02559	0.03512	0.00896	0.00655	0.00209	0.00576	0.06939	0.00705	0.01003
11	0.00917	0.00708	0.00795	0.00805	0.00992	0.00651	0.00602	0.01209	0.06451	0.03459	0.11974	0.16268	0.41346	0.04928	0.00883	0.00247	0.00382	0.06181	0.00610	0.00592
12	0.00829	0.00582	0.00764	0.00871	0.00934	0.00544	0.00595	0.00985	0.01351	0.01856	0.16223	0.60378	0.04493	0.01839	0.00797	0.00247	0.00359	0.01660	0.04151	0.00544
13	0.11993	0.07108	0.01600	0.01159	0.01603	0.01473	0.00962	0.25370	0.05991	0.22685	0.01953	0.01897	0.03210	0.00770	0.00582	0.00189	0.00573	0.00586	0.09338	0.00957
14	0.81856	0.01250	0.00950	0.00850	0.01250	0.01449	0.00700	0.01899	0.01100	0.02899	0.00900	0.01050	0.00700	0.00600	0.00400	0.00200	0.00500	0.00350	0.00400	0.00700
15	0.01159	0.00715	0.00846	0.00808	0.01032	0.00620	0.00606	0.01345	0.01536	0.14394	0.13365	0.18984	0.39112	0.01527	0.00755	0.00222	0.00373	0.01307	0.00648	0.00646
16	0.00811	0.00581	0.00736	0.00850	0.00921	0.00535	0.00579	0.00948	0.01301	0.01743	0.07185	0.60935	0.12876	0.01880	0.00796	0.00249	0.00362	0.01686	0.04491	0.00535
17	0.06124	0.03430	0.01686	0.01357	0.03702	0.01646	0.01073	0.45753	0.04440	0.05745	0.10432	0.04649	0.03451	0.00887	0.00646	0.00197	0.00612	0.00702	0.02505	0.00964
18	0.01608	0.01325	0.01407	0.01263	0.01610	0.01514	0.00988	0.08587	0.57642	0.02741	0.02554	0.04536	0.01992	0.00917	0.00653	0.00216	0.00511	0.02637	0.06324	0.00973
19	0.01380	0.05138	0.07570	0.25108	0.21956	0.05501	0.03390	0.01747	0.01336	0.01784	0.01323	0.05318	0.01156	0.01207	0.09495	0.00305	0.04538	0.00627	0.00320	0.00803
20	0.07843	0.17444	0.11130	0.01423	0.01960	0.03527	0.08457	0.10885	0.07391	0.07009	0.01372	0.01556	0.01074	0.02913	0.00705	0.00193	0.03754	0.00520	0.00421	0.10424
21	0.01451	0.01592	0.09461	0.23009	0.20758	0.03783	0.09894	0.05969	0.04768	0.02058	0.01536	0.06999	0.01333	0.00775	0.00676	0.00213	0.00814	0.03681	0.00373	0.00856
22	0.00915	0.00628	0.00766	0.00787	0.00811	0.00642	0.00489	0.00969	0.00998	0.01350	0.02203	0.14297	0.02503	0.54710	0.14637	0.00642	0.00771	0.01027	0.00414	0.00441
23	0.03485	0.06475	0.13693	0.05688	0.08493	0.04800	0.08485	0.03504	0.04870	0.01991	0.04036	0.12674	0.08780	0.01046	0.00730	0.00219	0.02804	0.07015	0.00434	0.00776
24	0.04024	0.10698	0.08173	0.01797	0.05602	0.04677	0.17574	0.19141	0.10806	0.02599	0.05611	0.01814	0.01403	0.00796	0.02248	0.00215	0.00805	0.00630	0.00462	0.00924
25	0.00802	0.00580	0.00748	0.00864	0.00923	0.00538	0.00582	0.00928	0.01286	0.01708	0.08866	0.62217	0.10002	0.05545	0.00933	0.00272	0.00378	0.01705	0.00598	0.00526
26	0.01645	0.01986	0.05771	0.02543	0.03160	0.12136	0.58706	0.02142	0.01564	0.01999	0.01258	0.01648	0.00954	0.00564	0.00732	0.00210	0.01096	0.00704	0.00326	0.00857
27	0.05329	0.03611	0.12047	0.17427	0.11829	0.10229	0.04730	0.14879	0.05698	0.06074	0.01361	0.01579	0.01015	0.00671	0.00623	0.00198	0.00825	0.00550	0.00415	0.00910
28	0.06238	0.03590	0.04236	0.10153	0.08714	0.08701	0.18316	0.11389	0.05732	0.11308	0.01461	0.01664	0.01078	0.00681	0.00708	0.00204	0.03871	0.00604	0.00443	0.00908
29	0.01121	0.00933	0.01162	0.01146	0.03330	0.06630	0.03841	0.01313	0.01229	0.03630	0.05994	0.11768	0.05823	0.15828	0.32589	0.00636	0.01098	0.00907	0.00427	0.00594
30	0.01030	0.00663	0.00813	0.00796	0.00844	0.00680	0.00506	0.01090	0.01004	0.04775	0.01996	0.03776	0.02159	0.58393	0.18188	0.00693	0.00855	0.00874	0.00402	0.00464
31	0.00844	0.00669	0.00763	0.00773	0.00944	0.00603	0.00566	0.01106	0.04507	0.01993	0.23523	0.19488	0.38706	0.01596	0.00771	0.00223	0.00338	0.01377	0.00632	0.00579
32	0.01688	0.73953	0.03264	0.01091	0.01625	0.02462	0.01082	0.01900	0.01338	0.01572	0.04384	0.01220	0.01084	0.00590	0.00431	0.00141	0.00672	0.00385	0.00297	0.00819
33	0.07584	0.45265	0.17941	0.04430	0.02012	0.04067	0.01381	0.05042	0.01414	0.04178	0.01049	0.01199	0.00856	0.00594	0.00488	0.00165	0.00749	0.00406	0.00320	0.00860
34	0.04125	0.01752	0.01873	0.03429	0.05013	0.04378	0.01233	0.52823	0.12696	0.03620	0.01647	0.01655	0.01196	0.00770	0.00640	0.00197	0.00699	0.00591	0.00609	0.01054

[dist]
# distance from previous block
# <min> <max>
0	1

[block]
# block no. 4 follows, 34 sequences, length 27
# corresponding to MSA columns:
# 161-187
name=unknown_E
#
# <colnr> <probs for GDERKNQSTAVLIFYWHMCP>
#	G	D	E	R	K	N	Q	S	T	A	V	L	I	F	Y	W	H	M	C	P
0	0.54879	0.05964	0.01360	0.07811	0.01696	0.08560	0.00929	0.06316	0.01319	0.02614	0.00971	0.01163	0.00764	0.00634	0.00506	0.00196	0.02791	0.00397	0.00388	0.00739
1	0.01605	0.03251	0.04045	0.06959	0.14416	0.08459	0.07036	0.12241	0.10410	0.02246	0.02180	0.04095	0.11091	0.00928	0.00817	0.03197	0.05003	0.00725	0.00449	0.00845
2	0.01248	0.00807	0.00949	0.00874	0.01104	0.00784	0.00668	0.01748	0.12421	0.10227	0.30703	0.06900	0.15576	0.01198	0.00693	0.00203	0.00369	0.01025	0.11790	0.00711
3	0.03980	0.04329	0.09662	0.06390	0.04345	0.03532	0.03096	0.15382	0.04592	0.17915	0.02542	0.02616	0.13180	0.01012	0.02781	0.00227	0.00688	0.02288	0.00547	0.00896
4	0.08852	0.01747	0.11532	0.09915	0.23440	0.06688	0.03204	0.11380	0.03182	0.02304	0.01529	0.07058	0.02605	0.02953	0.00707	0.00214	0.00760	0.00655	0.00398	0.00877
5	0.00993	0.01022	0.09096	0.04244	0.06970	0.00843	0.01047	0.01256	0.01247	0.01716	0.02526	0.30874	0.02755	0.05334	0.17640	0.00444	0.00835	0.10059	0.00463	0.00634
6	0.00909	0.00673	0.00983	0.01000	0.01099	0.00764	0.00756	0.01111	0.01053	0.01499	0.01953	0.10833	0.01959	0.09569	0.61638	0.00924	0.01505	0.00835	0.00377	0.00558
7	0.03920	0.09662	0.12008	0.12899	0.17898	0.05448	0.06838	0.01989	0.03372	0.06956	0.04371	0.01929	0.05063	0.00727	0.00692	0.00200	0.04176	0.00612	0.00379	0.00862
8	0.01789	0.12819	0.05033	0.07998	0.11152	0.15568	0.06065	0.07277	0.08897	0.04878	0.03173	0.01770	0.01252	0.00736	0.00707	0.00195	0.05649	0.02193	0.01985	0.00864
9	0.01084	0.00567	0.00825	0.00832	0.00848	0.00559	0.00558	0.00850	0.00901	0.01187	0.01584	0.05623	0.05925	0.02195	0.02334	0.72294	0.00538	0.00671	0.00316	0.00309
10	0.01379	0.01416	0.06052	0.38699	0.33497	0.01457	0.01880	0.01802	0.01379	0.01877	0.01256	0.01844	0.01027	0.00654	0.00650	0.00208	0.00817	0.02938	0.00311	0.00856
11	0.01484	0.03526	0.07966	0.04715	0.07108	0.04727	0.06940	0.06800	0.01475	0.09629	0.04291	0.09637	0.01901	0.13953	0.10662	0.00385	0.00848	0.02751	0.00453	0.00751
12	0.01690	0.14398	0.06377	0.11972	0.14613	0.10126	0.12806	0.06248	0.04103	0.04736	0.03694	0.01772	0.03301	0.00675	0.00624	0.00191	0.00828	0.00595	0.00379	0.00870
13	0.00977	0.00798	0.01038	0.01017	0.01128	0.00902	0.00776	0.01213	0.04032	0.01667	0.03121	0.18542	0.18385	0.04789	0.23069	0.00492	0.13221	0.01066	0.03173	0.00594
14	0.00933	0.00626	0.00718	0.00724	0.00730	0.00629	0.00415	0.00946	0.00955	0.01278	0.02086	0.07086	0.02400	0.71677	0.05746	0.00627	0.00656	0.00967	0.00398	0.00403
15	0.00927	0.00703	0.00836	0.00881	0.01034	0.00659	0.00662	0.04974	0.01493	0.01917	0.09056	0.29667	0.28387	0.03889	0.00870	0.00255	0.00415	0.12196	0.00603	0.00578
16	0.01387	0.01213	0.01384	0.03759	0.01654	0.03255	0.00834	0.03680	0.01393	0.02108	0.01176	0.01397	0.00977	0.00655	0.03139	0.00139	0.00566	0.00408	0.00384	0.70491
17	0.03873	0.00786	0.00922	0.00903	0.01091	0.00789	0.00682	0.03922	0.08846	0.02161	0.22502	0.17151	0.20563	0.01829	0.08887	0.00313	0.00531	0.03007	0.00602	0.00639
18	0.01095	0.00572	0.00836	0.00847	0.00854	0.00570	0.00568	0.00867	0.00885	0.01178	0.01351	0.05127	0.01408	0.06992	0.02454	0.70261	0.00559	0.02958	0.00310	0.00308
19	0.03415	0.01527	0.02987	0.08923	0.09212	0.14271	0.03470	0.04767	0.13602	0.06882	0.02034	0.02157	0.06274	0.00775	0.00604	0.00188	0.00676	0.00633	0.14776	0.02827
20	0.04169	0.04515	0.08989	0.02088	0.02669	0.04357	0.37970	0.08328	0.03411	0.09525	0.03903	0.01784	0.01218	0.00659	0.00741	0.00209	0.03470	0.00677	0.00419	0.00900
21	0.01103	0.00772	0.01047	0.01022	0.01147	0.00774	0.03846	0.05555	0.01309	0.04554	0.02620	0.26673	0.02884	0.25113	0.09159	0.00449	0.00681	0.10211	0.00508	0.00573
22	0.00875	0.00609	0.00773	0.00842	0.00914	0.00578	0.00581	0.00956	0.01214	0.01592	0.06433	0.34243	0.14632	0.14205	0.04322	0.09987	0.00495	0.05739	0.00523	0.00488
23	0.03434	0.01910	0.04298	0.08659	0.13010	0.22840	0.01337	0.14042	0.04620	0.03839	0.07236	0.02087	0.04710	0.00810	0.00681	0.00196	0.02864	0.02129	0.00449	0.00849
24	0.03625	0.09176	0.04085	0.11707	0.19852	0.05624	0.12766	0.03429	0.03215	0.01956	0.01849	0.07131	0.06852	0.00832	0.00696	0.00206	0.02637	0.03159	0.00379	0.00822
25	0.04827	0.01319	0.01584	0.02921	0.03107	0.03140	0.03750	0.23215	0.03637	0.09548	0.04636	0.02238	0.03636	0.03318	0.08662	0.02501	0.03143	0.02929	0.00523	0.11368
26	0.04577	0.01396	0.06071	0.10398	0.08667	0.06392	0.04611	0.04495	0.07478	0.09281	0.04804	0.10288	0.03581	0.04073	0.03457	0.00256	0.03282	0.02459	0.00471	0.03963

[dist]
# distance from previous block
# <min> <max>
1	10

[block]
# block no. 5 follows, 34 sequences, length 14
# corresponding to MSA columns:
# 198-211
name=unknown_F
#
# <colnr> <probs for GDERKNQSTAVLIFYWHMCP>
#	G	D	E	R	K	N	Q	S	T	A	V	L	I	F	Y	W	H	M	C	P
0	0.04168	0.11674	0.07670	0.05367	0.06305	0.03534	0.02569	0.07946	0.05005	0.03400	0.04306	0.23863	0.05086	0.01240	0.02710	0.00236	0.02729	0.00959	0.00472	0.00762
1	0.01236	0.00912	0.03560	0.01100	0.05438	0.00809	0.00793	0.01623	0.08626	0.10263	0.12708	0.20807	0.16992	0.04275	0.00813	0.00231	0.00441	0.01137	0.05613	0.02620
2	0.05489	0.29067	0.22136	0.04652	0.04204	0.01712	0.01415	0.03991	0.01454	0.03537	0.09012	0.02078	0.04900	0.00764	0.00568	0.00184	0.00701	0.02929	0.00378	0.00828
3	0.01540	0.11105	0.07588	0.01614	0.09292	0.03514	0.08846	0.08245	0.03809	0.07955	0.06261	0.12919	0.08086	0.01070	0.02584	0.00222	0.00684	0.00845	0.00481	0.03341
4	0.00803	0.00586	0.00760	0.00892	0.00958	0.00543	0.00619	0.00934	0.01282	0.01681	0.03891	0.63879	0.12050	0.01963	0.00823	0.00260	0.00385	0.06562	0.00599	0.00532
5	0.01507	0.00814	0.01022	0.00905	0.01172	0.00748	0.00711	0.01851	0.05155	0.22047	0.30903	0.04061	0.13596	0.01167	0.00703	0.00204	0.00398	0.03976	0.08305	0.00755
6	0.01082	0.00777	0.01068	0.01034	0.01200	0.00742	0.04838	0.05030	0.03187	0.05880	0.12847	0.42958	0.09736	0.03562	0.00849	0.00250	0.00447	0.03275	0.00608	0.00632
7	0.00886	0.00659	0.00795	0.00867	0.00976	0.00620	0.00613	0.04047	0.01368	0.01766	0.04086	0.44452	0.21344	0.08386	0.01020	0.00282	0.00415	0.06284	0.00583	0.00549
8	0.00924	0.00666	0.00938	0.00959	0.01050	0.00737	0.00713	0.01109	0.01071	0.01523	0.02056	0.11408	0.02105	0.15823	0.49970	0.00830	0.01314	0.03097	0.03164	0.00543
9	0.04389	0.01557	0.01589	0.01289	0.01715	0.09854	0.01037	0.27662	0.08569	0.22286	0.09374	0.02115	0.01813	0.00831	0.00641	0.00195	0.00642	0.00651	0.02814	0.00976
10	0.04832	0.01143	0.01526	0.05876	0.01768	0.01180	0.06640	0.04113	0.13582	0.10522	0.06443	0.02691	0.01896	0.05413	0.00903	0.00227	0.05960	0.07025	0.05239	0.13023
11	0.01130	0.00854	0.01039	0.00908	0.01193	0.00761	0.03520	0.06370	0.01622	0.06345	0.13750	0.12044	0.36842	0.01354	0.00724	0.00205	0.00418	0.01158	0.00596	0.09168
12	0.01887	0.01634	0.01609	0.04224	0.01773	0.16258	0.02888	0.21892	0.01889	0.06790	0.01682	0.02045	0.03919	0.08323	0.05935	0.00287	0.05930	0.00616	0.04830	0.05590
13	0.01583	0.05218	0.15421	0.08650	0.07297	0.04336	0.03617	0.14715	0.10875	0.02438	0.05977	0.03955	0.01563	0.00900	0.02870	0.00221	0.00755	0.02191	0.00454	0.06966

[dist]
# distance from previous block
# <min> <max>
4	13

[block]
# block no. 6 follows, 34 sequences, length 21
# corresponding to MSA columns:
# 225-245
name=unknown_G
#
# <colnr> <probs for GDERKNQSTAVLIFYWHMCP>
#	G	D	E	R	K	N	Q	S	T	A	V	L	I	F	Y	W	H	M	C	P
0	0.04780	0.00823	0.03813	0.00846	0.01070	0.00676	0.00657	0.01186	0.01411	0.04091	0.14937	0.23447	0.25186	0.06276	0.00889	0.00241	0.00409	0.01241	0.00569	0.07454
1	0.01595	0.01493	0.04604	0.01190	0.01640	0.08704	0.00979	0.15379	0.01698	0.02341	0.01544	0.08175	0.01422	0.03913	0.00739	0.00177	0.02824	0.03539	0.00450	0.37596
2	0.04767	0.00817	0.01001	0.00955	0.01048	0.03025	0.00686	0.03696	0.04804	0.03708	0.01481	0.07450	0.01410	0.01781	0.01863	0.49915	0.04420	0.00657	0.06051	0.00467
3	0.06532	0.30950	0.09192	0.01392	0.01902	0.22611	0.02957	0.07244	0.05332	0.01950	0.01110	0.01243	0.00910	0.00624	0.00521	0.00165	0.00833	0.00427	0.00351	0.03753
4	0.01164	0.00958	0.01206	0.01120	0.01316	0.05202	0.06606	0.03578	0.04931	0.04253	0.12259	0.32673	0.06934	0.07963	0.00978	0.00264	0.00528	0.04473	0.00562	0.03031
5	0.00857	0.00640	0.00779	0.00799	0.00930	0.00584	0.00579	0.01056	0.01511	0.02012	0.30615	0.20198	0.23015	0.08673	0.01018	0.00264	0.00371	0.04925	0.00623	0.00554
6	0.01802	0.01248	0.01395	0.01193	0.01549	0.01340	0.00940	0.16653	0.29504	0.13649	0.07180	0.02942	0.06924	0.07179	0.00891	0.00246	0.00545	0.03244	0.00653	0.00924
7	0.04201	0.03776	0.11162	0.05969	0.04557	0.03511	0.14480	0.08813	0.01520	0.02102	0.03551	0.09224	0.07139	0.04722	0.04794	0.00273	0.04758	0.00789	0.00412	0.04248
8	0.01876	0.01350	0.01573	0.02790	0.06308	0.03602	0.01067	0.30033	0.02143	0.10656	0.10970	0.02512	0.07636	0.01252	0.06915	0.00270	0.04024	0.00730	0.03402	0.00892
9	0.00935	0.00645	0.00787	0.00870	0.00965	0.00619	0.00605	0.04870	0.01373	0.01897	0.03508	0.56303	0.09698	0.01746	0.00758	0.00239	0.00379	0.01556	0.11677	0.00569
10	0.01163	0.00836	0.00984	0.00968	0.01145	0.00836	0.00728	0.10137	0.04888	0.03982	0.07388	0.22138	0.15752	0.13679	0.01180	0.00303	0.00492	0.12180	0.00586	0.00635
11	0.01817	0.13637	0.02365	0.18339	0.10141	0.23440	0.08120	0.02110	0.01500	0.05103	0.01131	0.01439	0.00910	0.00665	0.00716	0.00191	0.06725	0.00513	0.00330	0.00809
12	0.00994	0.00743	0.01115	0.01071	0.01231	0.00684	0.08132	0.01175	0.01347	0.05513	0.05787	0.46516	0.13637	0.05279	0.00917	0.00265	0.00471	0.03955	0.00575	0.00594
13	0.01433	0.00948	0.01106	0.01022	0.01246	0.00963	0.00766	0.16134	0.05418	0.09244	0.05442	0.27353	0.08891	0.10080	0.01023	0.00272	0.00497	0.03610	0.03828	0.00723
14	0.01408	0.01099	0.04852	0.01080	0.01388	0.01016	0.00890	0.09350	0.15085	0.10208	0.08480	0.15440	0.18863	0.01305	0.00731	0.00226	0.00489	0.06679	0.00629	0.00784
15	0.01635	0.10952	0.11438	0.11308	0.13015	0.03509	0.04539	0.05763	0.10411	0.08424	0.03919	0.02002	0.01399	0.00887	0.03210	0.00231	0.02973	0.03062	0.00429	0.00895
16	0.00976	0.00756	0.01115	0.01178	0.04939	0.00862	0.00843	0.01189	0.01093	0.01566	0.04837	0.05665	0.01915	0.10616	0.55120	0.00857	0.04742	0.00769	0.00372	0.00589
17	0.01104	0.00775	0.00915	0.00901	0.01123	0.00728	0.00710	0.01478	0.08322	0.08142	0.15192	0.09914	0.32465	0.01496	0.00772	0.00232	0.00414	0.14022	0.00639	0.00656
18	0.01504	0.01395	0.01569	0.10955	0.05991	0.11799	0.03293	0.06267	0.12572	0.04207	0.04735	0.09180	0.07336	0.03931	0.07170	0.00299	0.05754	0.00805	0.00469	0.00769
19	0.08223	0.18838	0.06010	0.03872	0.03641	0.11666	0.05860	0.09956	0.06162	0.05851	0.02559	0.01509	0.01100	0.00807	0.02657	0.00209	0.06555	0.00513	0.00406	0.03608
20	0.09908	0.03025	0.09425	0.04541	0.07684	0.01271	0.03688	0.05088	0.05763	0.04327	0.02977	0.01990	0.05917	0.01219	0.09442	0.00284	0.05110	0.00591	0.00411	0.17339

[dist]
# distance from previous block
# <min> <max>
0	7

[block]
# block no. 7 follows, 34 sequences, length 26
# corresponding to MSA columns:
# 253-278
name=unknown_H
#
# <colnr> <probs for GDERKNQSTAVLIFYWHMCP>
#	G	D	E	R	K	N	Q	S	T	A	V	L	I	F	Y	W	H	M	C	P
0	0.09277	0.07531	0.04062	0.01755	0.09664	0.13594	0.09740	0.12760	0.06109	0.02363	0.04326	0.06447	0.01414	0.00769	0.00649	0.00191	0.02542	0.00635	0.00434	0.05738
1	0.06487	0.09997	0.12763	0.08418	0.07627	0.05801	0.03918	0.08129	0.03129	0.03669	0.05187	0.07089	0.02795	0.03672	0.00736	0.00209	0.02170	0.00661	0.02313	0.05230
2	0.02006	0.11593	0.06996	0.01391	0.01853	0.20737	0.01191	0.15555	0.07740	0.07726	0.04345	0.01600	0.01268	0.00720	0.00641	0.00176	0.03606	0.00520	0.00464	0.09872
3	0.07740	0.03807	0.05981	0.04566	0.10013	0.03440	0.04983	0.20624	0.10205	0.08997	0.03670	0.01896	0.01367	0.00738	0.00622	0.00193	0.00682	0.02483	0.00514	0.07479
4	0.01076	0.00712	0.00831	0.00792	0.00885	0.00698	0.00515	0.01233	0.04006	0.04376	0.08558	0.03954	0.02569	0.52358	0.04486	0.00506	0.00597	0.03171	0.03832	0.04846
5	0.01187	0.00694	0.00915	0.00917	0.01069	0.00647	0.00668	0.01365	0.01424	0.13795	0.14660	0.34933	0.08542	0.06995	0.06741	0.00326	0.00519	0.03354	0.00617	0.00633
6	0.04644	0.03407	0.06313	0.01432	0.01858	0.09472	0.05428	0.22096	0.05751	0.13746	0.01850	0.07947	0.01528	0.01149	0.05498	0.00261	0.02969	0.03206	0.00541	0.00904
7	0.06968	0.04590	0.04711	0.21883	0.24742	0.04298	0.04233	0.01957	0.07883	0.02068	0.06604	0.04387	0.01500	0.00729	0.00634	0.00203	0.00735	0.00647	0.00383	0.00846
8	0.02000	0.02323	0.01844	0.04417	0.01946	0.42909	0.01291	0.04930	0.01552	0.01657	0.00985	0.01314	0.00862	0.00884	0.01155	0.03674	0.24721	0.00482	0.00326	0.00729
9	0.00812	0.00595	0.00766	0.00875	0.00954	0.00549	0.00611	0.00962	0.01345	0.01778	0.11348	0.56157	0.13314	0.01886	0.00814	0.00252	0.00374	0.05456	0.00611	0.00540
10	0.06380	0.08149	0.01925	0.01542	0.01936	0.49183	0.01206	0.18100	0.02031	0.02210	0.01112	0.01238	0.00886	0.00679	0.00576	0.00172	0.00994	0.00445	0.00404	0.00832
11	0.01612	0.07260	0.02141	0.08885	0.06244	0.09165	0.13424	0.05338	0.01476	0.07129	0.01722	0.08884	0.04357	0.02382	0.00964	0.00223	0.13846	0.00737	0.03429	0.00783
12	0.00845	0.00630	0.00769	0.00814	0.00932	0.00577	0.00584	0.01022	0.01439	0.01897	0.21954	0.28134	0.22657	0.08901	0.01032	0.00273	0.00383	0.06003	0.00608	0.00544
13	0.05624	0.01097	0.01364	0.01094	0.01514	0.01041	0.00888	0.08244	0.07370	0.46168	0.09117	0.02389	0.01989	0.00841	0.00632	0.00197	0.00511	0.00684	0.08253	0.00984
14	0.01475	0.01448	0.02113	0.14743	0.34238	0.07831	0.05167	0.03343	0.01472	0.01952	0.04489	0.08000	0.03817	0.03344	0.00810	0.00220	0.03595	0.00734	0.00372	0.00838
15	0.01674	0.01157	0.01304	0.01168	0.01495	0.01254	0.00932	0.08045	0.35330	0.11901	0.07537	0.03074	0.02318	0.00984	0.00666	0.00214	0.00501	0.08928	0.10610	0.00906
16	0.00840	0.00579	0.00742	0.00866	0.00925	0.00545	0.00592	0.00976	0.01258	0.01722	0.03494	0.61787	0.06828	0.04404	0.00872	0.00264	0.00383	0.04279	0.08113	0.00531
17	0.01616	0.02021	0.16038	0.02350	0.10928	0.07670	0.32071	0.04451	0.04424	0.04882	0.01492	0.04080	0.01202	0.00688	0.00699	0.00211	0.00939	0.02967	0.00376	0.00897
18	0.03125	0.03921	0.01237	0.06452	0.01466	0.01065	0.00844	0.05767	0.09961	0.08048	0.11291	0.07836	0.18069	0.07826	0.05858	0.00304	0.04726	0.00943	0.00548	0.00713
19	0.04822	0.01454	0.01609	0.01298	0.01722	0.01565	0.01048	0.41229	0.09607	0.12680	0.07620	0.08616	0.01918	0.00937	0.00665	0.00204	0.00600	0.00755	0.00660	0.00988
20	0.00841	0.00630	0.00766	0.00839	0.00940	0.00587	0.00585	0.01030	0.03390	0.01765	0.10611	0.42232	0.20140	0.08781	0.01030	0.00280	0.00393	0.04027	0.00593	0.00542
21	0.01707	0.01265	0.03946	0.01358	0.06008	0.01169	0.02926	0.10216	0.09616	0.14853	0.04973	0.09108	0.03649	0.00874	0.00692	0.00185	0.03784	0.00727	0.02862	0.20081
22	0.01598	0.04057	0.05013	0.15104	0.18547	0.08220	0.05124	0.04468	0.01445	0.07100	0.01564	0.03367	0.04071	0.06865	0.01041	0.00243	0.10331	0.00647	0.00377	0.00816
23	0.12096	0.01343	0.01317	0.01146	0.01481	0.05765	0.00901	0.18240	0.21726	0.02889	0.12294	0.05199	0.02192	0.00900	0.00616	0.00199	0.00536	0.00720	0.09582	0.00855
24	0.05199	0.25400	0.05999	0.03504	0.01901	0.14872	0.01217	0.14215	0.06874	0.05263	0.01254	0.01372	0.00994	0.00688	0.00642	0.00177	0.05649	0.00470	0.00411	0.03900
25	0.01510	0.08973	0.11929	0.03353	0.05019	0.09477	0.05331	0.06623	0.04180	0.04102	0.02378	0.05201	0.15026	0.00865	0.00623	0.00182	0.00688	0.00711	0.00434	0.13396

[dist]
# distance from previous block
# <min> <max>
1	3

[block]
# block no. 8 follows, 34 sequences, length 23
# corresponding to MSA columns:
# 282-304
name=unknown_I
#
# <colnr> <probs for GDERKNQSTAVLIFYWHMCP>
#	G	D	E	R	K	N	Q	S	T	A	V	L	I	F	Y	W	H	M	C	P
0	0.01249	0.00964	0.02816	0.04601	0.01393	0.00948	0.00819	0.04411	0.17962	0.06844	0.14111	0.19234	0.14865	0.01284	0.00713	0.00219	0.00445	0.01109	0.05275	0.00740
1	0.01008	0.00706	0.00834	0.00828	0.01001	0.00657	0.00609	0.03442	0.03758	0.05135	0.22490	0.24475	0.24610	0.01517	0.00749	0.00221	0.00360	0.01319	0.05665	0.00616
2	0.01923	0.06104	0.01639	0.03551	0.04081	0.04135	0.01072	0.23416	0.07460	0.14500	0.04284	0.05961	0.03744	0.04687	0.00807	0.00232	0.00635	0.10281	0.00596	0.00892
3	0.06187	0.06540	0.05860	0.05297	0.12355	0.19227	0.06315	0.08212	0.03826	0.04212	0.01630	0.01927	0.05564	0.00931	0.03723	0.00231	0.04510	0.02221	0.00399	0.00834
4	0.01599	0.01124	0.01288	0.01301	0.09178	0.05234	0.00882	0.10483	0.03351	0.14226	0.11037	0.03514	0.19680	0.09232	0.00959	0.00245	0.00542	0.00885	0.04463	0.00777
5	0.00855	0.00767	0.05356	0.00943	0.01068	0.00615	0.00724	0.01043	0.01342	0.01812	0.13244	0.52108	0.07533	0.04573	0.00894	0.00264	0.00420	0.05286	0.00587	0.00564
6	0.01674	0.15555	0.08883	0.05434	0.01866	0.13556	0.01233	0.08269	0.04174	0.04199	0.01635	0.04272	0.05088	0.00963	0.03050	0.00222	0.12214	0.00596	0.06323	0.00794
7	0.01741	0.06206	0.08080	0.04570	0.22412	0.10022	0.13506	0.05044	0.07954	0.07441	0.01553	0.05821	0.01274	0.00717	0.00652	0.00199	0.00819	0.00658	0.00411	0.00921
8	0.00900	0.00619	0.00784	0.00861	0.00957	0.00571	0.00598	0.01039	0.01319	0.04751	0.08250	0.48821	0.15585	0.06947	0.03244	0.00297	0.00433	0.02878	0.00594	0.00552
9	0.04700	0.01388	0.14012	0.01273	0.06704	0.01130	0.01081	0.05751	0.09439	0.02384	0.02040	0.02226	0.05517	0.00796	0.00636	0.00187	0.04672	0.00623	0.34664	0.00778
10	0.04345	0.05523	0.04637	0.20889	0.14697	0.01447	0.05757	0.05665	0.05904	0.06251	0.05853	0.04162	0.01484	0.00854	0.02319	0.00224	0.04799	0.00654	0.03702	0.00835
11	0.04622	0.03426	0.04059	0.00997	0.01304	0.06003	0.00813	0.04366	0.09085	0.10620	0.14249	0.03956	0.24598	0.05934	0.00853	0.00234	0.00512	0.03056	0.00586	0.00729
12	0.01631	0.01116	0.01191	0.01037	0.01336	0.01206	0.00825	0.24312	0.12168	0.02917	0.02268	0.05153	0.04002	0.00908	0.00592	0.00189	0.00484	0.04443	0.33402	0.00819
13	0.03672	0.01152	0.03366	0.05472	0.05610	0.05623	0.09765	0.03031	0.01302	0.04144	0.04358	0.04391	0.01830	0.17943	0.21683	0.00527	0.01029	0.04041	0.00400	0.00661
14	0.01775	0.31853	0.09598	0.01525	0.05791	0.13553	0.05346	0.02092	0.03159	0.07303	0.01248	0.01519	0.01047	0.04062	0.05090	0.00242	0.03125	0.00492	0.00350	0.00831
15	0.00857	0.00641	0.00902	0.00978	0.01063	0.00603	0.03504	0.01008	0.01287	0.01706	0.05643	0.56127	0.07449	0.06607	0.00979	0.00283	0.00439	0.08805	0.00579	0.00542
