[name]
unknown

[dist]
# distance from previous block
# <min> <max>
0	17

[block]
# block no. 0 follows, 34 sequences, length 18
# corresponding to MSA columns:
# 17-34
name=unknown_A
#
# <colnr> <probs for GDERKNQSTAVLIFYWHMCP>
#	G	D	E	R	K	N	Q	S	T	A	V	L	I	F	Y	W	H	M	C	P
0	0.00864	0.00644	0.00915	0.00978	0.01072	0.00604	0.03297	0.01049	0.01391	0.01883	0.17546	0.52975	0.04468	0.01803	0.00816	0.00252	0.00408	0.07861	0.00612	0.00562
1	0.01440	0.05673	0.10218	0.01426	0.03594	0.03929	0.09157	0.13566	0.01761	0.04419	0.13507	0.17477	0.07184	0.01124	0.00708	0.00213	0.00637	0.02654	0.00526	0.00786
2	0.01499	0.23781	0.29065	0.01947	0.02681	0.01846	0.26395	0.02023	0.01407	0.01906	0.01138	0.01406	0.00879	0.00572	0.00610	0.00191	0.00928	0.00542	0.00293	0.00890
3	0.01296	0.03342	0.73944	0.01842	0.02797	0.01501	0.02387	0.02046	0.01364	0.02046	0.01160	0.01364	0.00818	0.00614	0.00614	0.00205	0.00955	0.00477	0.00273	0.00955
4	0.00796	0.00605	0.00718	0.00794	0.00899	0.00544	0.00547	0.00928	0.01330	0.01704	0.08019	0.43004	0.28712	0.07097	0.00972	0.00269	0.00372	0.01572	0.00591	0.00527
5	0.01552	0.20599	0.37109	0.01477	0.02163	0.01665	0.01673	0.08991	0.01559	0.06088	0.04404	0.07146	0.01373	0.00761	0.00593	0.00192	0.00774	0.00597	0.00384	0.00901
6	0.02689	0.01219	0.01547	0.01210	0.01695	0.01155	0.00992	0.11254	0.10537	0.56801	0.02440	0.02148	0.01585	0.00806	0.00650	0.00202	0.00564	0.00652	0.00764	0.01090
7	0.00804	0.00642	0.00720	0.00730	0.00905	0.00558	0.00536	0.00995	0.01526	0.01940	0.22495	0.16357	0.46280	0.01616	0.00772	0.00221	0.00329	0.01386	0.00627	0.00558
8	0.01536	0.25701	0.44573	0.01580	0.02339	0.04514	0.01867	0.02059	0.01372	0.04702	0.01119	0.01292	0.00854	0.00622	0.00605	0.00186	0.03430	0.00445	0.00297	0.00907
9	0.02899	0.01100	0.01499	0.01150	0.01649	0.00950	0.00950	0.03149	0.01849	0.73709	0.02549	0.02199	0.01599	0.00800	0.00650	0.00200	0.00550	0.00650	0.00800	0.01100
10	0.00764	0.00655	0.00655	0.00655	0.00873	0.00545	0.00491	0.00927	0.01473	0.01745	0.06546	0.06218	0.73000	0.01636	0.00764	0.00218	0.00327	0.01364	0.00600	0.00545
11	0.00923	0.00692	0.01038	0.01038	0.01154	0.00808	0.00808	0.01154	0.01038	0.01500	0.01731	0.02538	0.01615	0.04846	0.74732	0.01038	0.01731	0.00692	0.00346	0.00577
12	0.01340	0.01148	0.01340	0.00957	0.01531	0.00861	0.00766	0.01627	0.01340	0.02105	0.01148	0.01340	0.00957	0.00479	0.00479	0.00096	0.00479	0.00383	0.00383	0.81242
13	0.18502	0.36280	0.22898	0.01292	0.01916	0.06018	0.01393	0.01995	0.01311	0.01964	0.00979	0.01140	0.00799	0.00586	0.00478	0.00172	0.00752	0.00388	0.00304	0.00833
14	0.01196	0.01011	0.01021	0.01042	0.01148	0.11164	0.00742	0.01329	0.01288	0.04927	0.02600	0.40389	0.02904	0.10640	0.07867	0.00356	0.04839	0.01253	0.03698	0.00586
15	0.00848	0.00612	0.00809	0.00908	0.00994	0.00574	0.00656	0.01030	0.01411	0.01898	0.18872	0.48523	0.07766	0.01820	0.00817	0.00252	0.00387	0.10644	0.00624	0.00554
16	0.01681	0.06519	0.10637	0.01692	0.10400	0.07636	0.01320	0.12895	0.25844	0.02478	0.02057	0.06795	0.03460	0.00874	0.00647	0.00206	0.00681	0.02732	0.00510	0.00935
17	0.01306	0.04839	0.06821	0.37122	0.12181	0.01382	0.04358	0.05418	0.01485	0.01973	0.08364	0.04716	0.05748	0.00802	0.00661	0.00208	0.00748	0.00710	0.00380	0.00778

[dist]
# distance from previous block
# <min> <max>
3	5

[block]
# block no. 1 follows, 34 sequences, length 26
# corresponding to MSA columns:
# 40-65
name=unknown_B
#
# <colnr> <probs for GDERKNQSTAVLIFYWHMCP>
#	G	D	E	R	K	N	Q	S	T	A	V	L	I	F	Y	W	H	M	C	P
0	0.09247	0.08229	0.01850	0.01439	0.03784	0.10124	0.01138	0.30962	0.21303	0.03042	0.01659	0.01654	0.01245	0.00750	0.00600	0.00193	0.00689	0.00562	0.00551	0.00978
1	0.01021	0.00938	0.01500	0.19372	0.02162	0.00942	0.11723	0.01325	0.01462	0.01877	0.12595	0.10603	0.27944	0.01223	0.00743	0.00221	0.00583	0.02627	0.00496	0.00645
2	0.00876	0.00635	0.00707	0.00715	0.00874	0.00569	0.00520	0.01077	0.01476	0.01996	0.19714	0.14294	0.35171	0.05147	0.00845	0.00230	0.00339	0.01244	0.13012	0.00558
3	0.01527	0.01102	0.04054	0.04333	0.05545	0.01060	0.05252	0.07088	0.03677	0.13710	0.08749	0.11915	0.05095	0.01289	0.01047	0.10616	0.05349	0.07317	0.00531	0.00745
4	0.00840	0.00642	0.00779	0.00829	0.00973	0.00580	0.00621	0.01039	0.01487	0.01930	0.19891	0.25821	0.29834	0.01695	0.00798	0.00238	0.00371	0.10449	0.00624	0.00560
5	0.06420	0.01447	0.02276	0.07668	0.52798	0.01493	0.01719	0.06294	0.04088	0.02307	0.06142	0.01819	0.01378	0.00655	0.00635	0.00196	0.00713	0.00608	0.00382	0.00962
6	0.00888	0.00659	0.00827	0.00785	0.00949	0.00598	0.00589	0.01168	0.01766	0.02442	0.61252	0.05071	0.17858	0.01376	0.00762	0.00206	0.00309	0.01203	0.00692	0.00598
7	0.01384	0.01175	0.01364	0.00978	0.01550	0.00907	0.00784	0.04382	0.01407	0.02183	0.01164	0.01348	0.00963	0.00490	0.00485	0.00100	0.00488	0.00391	0.00393	0.78064
8	0.01559	0.04934	0.20945	0.02345	0.03045	0.06389	0.45071	0.03974	0.01539	0.02067	0.01243	0.01581	0.00929	0.00576	0.00699	0.00208	0.01037	0.00650	0.00321	0.00889
9	0.01324	0.01284	0.01849	0.11108	0.01978	0.01754	0.01382	0.01514	0.01035	0.01560	0.01004	0.01602	0.00952	0.01561	0.11555	0.00374	0.56598	0.00583	0.00292	0.00691
10	0.01352	0.13074	0.64707	0.01745	0.02648	0.01639	0.02219	0.02032	0.01357	0.01977	0.01125	0.01321	0.00820	0.00606	0.00588	0.00196	0.00920	0.00460	0.00273	0.00938
11	0.01367	0.13248	0.06497	0.04069	0.05123	0.05215	0.01189	0.05460	0.01273	0.01723	0.01323	0.01886	0.01205	0.05039	0.28532	0.00531	0.14684	0.00580	0.00334	0.00722
12	0.00890	0.00668	0.00800	0.00809	0.00959	0.00614	0.00612	0.01099	0.01513	0.01987	0.27616	0.05630	0.27489	0.13238	0.01176	0.00290	0.00413	0.13041	0.00604	0.00552
13	0.01906	0.01542	0.01801	0.01620	0.07243	0.04234	0.05343	0.21327	0.33499	0.07532	0.03569	0.02171	0.03580	0.00824	0.00661	0.00207	0.00636	0.00690	0.00606	0.01008
14	0.00835	0.00626	0.00774	0.00803	0.00933	0.00566	0.00577	0.01041	0.01544	0.02069	0.33453	0.29096	0.22056	0.01633	0.00783	0.00227	0.00334	0.01439	0.00647	0.00566
15	0.01502	0.01663	0.03409	0.04734	0.06527	0.01678	0.54506	0.01971	0.01430	0.01978	0.01225	0.01683	0.00958	0.00642	0.00969	0.00227	0.13013	0.00717	0.00318	0.00848
16	0.00816	0.00644	0.00739	0.00767	0.00933	0.00567	0.00570	0.01006	0.01500	0.01909	0.19105	0.19493	0.42104	0.01656	0.00783	0.00229	0.00349	0.05652	0.00622	0.00558
17	0.02403	0.01783	0.01909	0.01476	0.01983	0.01979	0.01215	0.66862	0.07370	0.03986	0.01619	0.01605	0.01154	0.00782	0.00647	0.00195	0.00698	0.00591	0.00647	0.01094
18	0.00916	0.00619	0.00722	0.00740	0.00756	0.00611	0.00436	0.00953	0.01043	0.01401	0.07079	0.14766	0.02882	0.61248	0.02761	0.00545	0.00568	0.01085	0.00443	0.00426
19	0.06265	0.01286	0.01350	0.00999	0.01546	0.05920	0.00794	0.01708	0.01359	0.02118	0.01123	0.01310	0.00933	0.00499	0.00481	0.00107	0.00527	0.00383	0.00380	0.70913
20	0.02111	0.05372	0.06284	0.01479	0.04722	0.06520	0.02915	0.21958	0.14123	0.16770	0.01777	0.01748	0.01278	0.00724	0.00616	0.00186	0.00677	0.00575	0.00567	0.09601
21	0.14231	0.05118	0.12402	0.04665	0.10030	0.20867	0.01389	0.02209	0.03993	0.08443	0.01300	0.03797	0.01052	0.00734	0.00706	0.00199	0.07116	0.00526	0.00387	0.00835
22	0.00923	0.00692	0.01038	0.01038	0.01154	0.00808	0.00808	0.01154	0.01038	0.01500	0.01731	0.02538	0.01615	0.04846	0.74732	0.01038	0.01731	0.00692	0.00346	0.00577
23	0.01340	0.01148	0.01340	0.00957	0.01531	0.00861	0.00766	0.01627	0.01340	0.02105	0.01148	0.01340	0.00957	0.00479	0.00479	0.00096	0.00479	0.00383	0.00383	0.81242
24	0.02369	0.01525	0.03978	0.01424	0.03998	0.01538	0.01152	0.30134	0.16695	0.27071	0.02085	0.01941	0.01435	0.00793	0.00649	0.00201	0.00625	0.00632	0.00679	0.01077
25	0.03094	0.06883	0.19381	0.01709	0.08958	0.01500	0.05797	0.10636	0.14005	0.08169	0.07478	0.02091	0.03386	0.00898	0.02984	0.00227	0.00737	0.00649	0.00484	0.00935

[dist]
# distance from previous block
# <min> <max>
0	1

[block]
# block no. 2 follows, 34 sequences, length 9
# corresponding to MSA columns:
# 67-75
name=unknown_C
#
# <colnr> <probs for GDERKNQSTAVLIFYWHMCP>
#	G	D	E	R	K	N	Q	S	T	A	V	L	I	F	Y	W	H	M	C	P
0	0.01952	0.01236	0.01471	0.01107	0.01636	0.01088	0.00897	0.10993	0.07050	0.23083	0.01716	0.01696	0.01237	0.00639	0.00563	0.00148	0.00531	0.00511	0.00557	0.41889
1	0.01340	0.01148	0.01340	0.00957	0.01531	0.00861	0.00766	0.01627	0.01340	0.02105	0.01148	0.01340	0.00957	0.00479	0.00479	0.00096	0.00479	0.00383	0.00383	0.81242
2	0.01686	0.01801	0.02321	0.18296	0.02747	0.16826	0.16035	0.07548	0.01509	0.01894	0.01099	0.01511	0.00896	0.00775	0.01071	0.00223	0.22066	0.00579	0.00333	0.00784
3	0.00858	0.00638	0.00799	0.00802	0.00941	0.00579	0.00585	0.01093	0.01630	0.02222	0.44952	0.20998	0.18451	0.01536	0.00776	0.00219	0.00325	0.01353	0.00665	0.00579
4	0.00847	0.00621	0.00805	0.00903	0.01002	0.00578	0.00663	0.01028	0.01403	0.01855	0.14519	0.44191	0.13833	0.01823	0.00819	0.00253	0.00396	0.13292	0.00616	0.00553
5	0.05344	0.18012	0.52403	0.01627	0.02451	0.01736	0.01987	0.05767	0.01432	0.02092	0.01116	0.01294	0.00830	0.00610	0.00565	0.00191	0.00867	0.00451	0.00300	0.00925
6	0.00873	0.00643	0.00816	0.00807	0.00948	0.00586	0.00592	0.01125	0.01679	0.02316	0.52148	0.17493	0.14605	0.01484	0.00773	0.00215	0.00320	0.01310	0.00677	0.00586
7	0.04880	0.05687	0.02071	0.17094	0.11696	0.07683	0.05149	0.25306	0.01990	0.05708	0.01627	0.01812	0.04996	0.00732	0.00632	0.00196	0.00770	0.00601	0.00462	0.00909
8	0.17466	0.00834	0.00893	0.00857	0.01058	0.00864	0.00644	0.03623	0.03817	0.02220	0.20534	0.10128	0.14372	0.10986	0.06596	0.00329	0.00531	0.03092	0.00545	0.00610

[dist]
# distance from previous block
# <min> <max>
2	18

[block]
# block no. 3 follows, 34 sequences, length 16
# corresponding to MSA columns:
# 94-109
name=unknown_D
#
# <colnr> <probs for GDERKNQSTAVLIFYWHMCP>
#	G	D	E	R	K	N	Q	S	T	A	V	L	I	F	Y	W	H	M	C	P
0	0.01561	0.05143	0.01501	0.06973	0.06274	0.07133	0.01030	0.06154	0.01421	0.11645	0.01663	0.02148	0.01391	0.05942	0.27699	0.00519	0.03763	0.00623	0.06671	0.00746
1	0.00954	0.00650	0.00818	0.00899	0.00982	0.00631	0.00621	0.05509	0.01343	0.01833	0.03247	0.57359	0.06391	0.01840	0.00909	0.06394	0.00403	0.01539	0.07127	0.00551
2	0.01369	0.01439	0.04636	0.28341	0.16768	0.03405	0.19409	0.01830	0.03540	0.01890	0.01565	0.08829	0.02551	0.00760	0.00691	0.00214	0.00847	0.00753	0.00350	0.00812
3	0.01714	0.07932	0.16525	0.01555	0.02034	0.11543	0.06223	0.05912	0.03615	0.07531	0.01268	0.01540	0.01015	0.03107	0.00965	0.00209	0.15249	0.00525	0.00378	0.11162
4	0.01153	0.01069	0.07234	0.10864	0.01930	0.00910	0.10647	0.01437	0.01372	0.07261	0.06296	0.41353	0.02996	0.01400	0.00760	0.00238	0.00592	0.01292	0.00517	0.00680
5	0.00940	0.00609	0.00701	0.00735	0.00762	0.00601	0.00445	0.01004	0.01059	0.01491	0.02382	0.20053	0.02685	0.50706	0.02375	0.00484	0.00529	0.01094	0.10896	0.00448
6	0.01501	0.02357	0.29690	0.02363	0.08433	0.04189	0.32845	0.03658	0.04641	0.02119	0.01298	0.01595	0.00965	0.00597	0.00684	0.00209	0.00983	0.00624	0.00328	0.00922
7	0.05963	0.13419	0.43595	0.01740	0.05522	0.04193	0.06263	0.01972	0.01411	0.02052	0.06967	0.01609	0.01264	0.00658	0.00595	0.00194	0.00846	0.00528	0.00324	0.00885
8	0.00854	0.00614	0.00810	0.00854	0.00952	0.00570	0.00605	0.01068	0.01549	0.02146	0.40132	0.38885	0.05235	0.01653	0.00792	0.00231	0.00338	0.01484	0.00659	0.00570
9	0.00954	0.00682	0.00939	0.01072	0.01188	0.00667	0.00874	0.01196	0.01438	0.01898	0.08861	0.28250	0.04072	0.01822	0.00862	0.00280	0.00506	0.43261	0.00605	0.00575
10	0.03481	0.35173	0.06211	0.01587	0.07587	0.03705	0.06545	0.06547	0.04029	0.11251	0.01284	0.01418	0.01013	0.00666	0.00666	0.00180	0.06876	0.00490	0.00393	0.00899
11	0.02146	0.01771	0.06649	0.07404	0.08107	0.01789	0.05911	0.44468	0.05560	0.07358	0.01557	0.01644	0.01116	0.00730	0.00652	0.00199	0.00749	0.00596	0.00557	0.01036
12	0.01109	0.00764	0.00923	0.00872	0.01052	0.02031	0.00661	0.01496	0.06305	0.05944	0.50390	0.08390	0.04888	0.01251	0.00722	0.00204	0.00358	0.03128	0.08854	0.00657
13	0.01038	0.00655	0.00906	0.00891	0.00917	0.00712	0.00612	0.00980	0.00923	0.01270	0.01517	0.02737	0.01584	0.25029	0.19190	0.34758	0.04844	0.00703	0.00329	0.00404
14	0.01666	0.01719	0.07663	0.07301	0.06616	0.13508	0.01376	0.05540	0.02880	0.07463	0.05807	0.01805	0.01348	0.01215	0.07348	0.00293	0.24671	0.00595	0.00392	0.00796
15	0.01489	0.01808	0.15154	0.05937	0.14143	0.01441	0.27275	0.05854	0.01529	0.02196	0.01319	0.01652	0.01011	0.00589	0.00649	0.00191	0.00853	0.00609	0.06771	0.09529

[dist]
# distance from previous block
# <min> <max>
0	4

[block]
# block no. 4 follows, 34 sequences, length 13
# corresponding to MSA columns:
# 114-126
name=unknown_E
#
# <colnr> <probs for GDERKNQSTAVLIFYWHMCP>
#	G	D	E	R	K	N	Q	S	T	A	V	L	I	F	Y	W	H	M	C	P
0	0.01815	0.16874	0.18179	0.01397	0.01953	0.03714	0.02806	0.21070	0.06738	0.07380	0.01717	0.03425	0.03911	0.05323	0.00761	0.00215	0.00731	0.00603	0.00468	0.00919
1	0.00907	0.00660	0.00853	0.00805	0.00960	0.00606	0.00603	0.01204	0.01810	0.02547	0.69476	0.04899	0.09569	0.01337	0.00762	0.00204	0.00306	0.01179	0.00705	0.00606
2	0.01204	0.00602	0.00602	0.00602	0.00753	0.00602	0.00452	0.01506	0.01355	0.02409	0.02108	0.02409	0.01656	0.00753	0.00452	0.00151	0.00301	0.00602	0.80879	0.00602
3	0.00814	0.00611	0.00748	0.00808	0.00918	0.00553	0.00566	0.00979	0.01422	0.01871	0.19663	0.39502	0.23127	0.04245	0.00876	0.00249	0.00355	0.01532	0.00618	0.00545
4	0.00937	0.00639	0.00766	0.00766	0.00787	0.00660	0.00468	0.00979	0.00958	0.01298	0.01980	0.03918	0.02214	0.63982	0.16415	0.00702	0.00829	0.00894	0.00383	0.00426
5	0.01699	0.58769	0.16249	0.01267	0.01891	0.02324	0.01350	0.06746	0.01442	0.01794	0.00992	0.01132	0.00846	0.00579	0.00467	0.00154	0.00741	0.00386	0.00301	0.00871
6	0.00932	0.00623	0.00707	0.00715	0.00717	0.00621	0.00402	0.00938	0.00955	0.01273	0.02114	0.07950	0.02448	0.73436	0.03162	0.00608	0.00614	0.00986	0.00402	0.00398
7	0.00842	0.00609	0.00791	0.00915	0.00988	0.00574	0.00655	0.00986	0.01285	0.01683	0.03723	0.51924	0.10845	0.07290	0.01006	0.00290	0.00428	0.14050	0.00584	0.00530
8	0.01876	0.01314	0.01471	0.01244	0.01628	0.01426	0.00988	0.17126	0.35398	0.14123	0.13679	0.02586	0.02394	0.00915	0.00671	0.00208	0.00526	0.00757	0.00686	0.00984
9	0.09092	0.03050	0.62638	0.01725	0.02601	0.01526	0.02156	0.06162	0.01439	0.02249	0.01158	0.01345	0.00824	0.00622	0.00595	0.00204	0.00897	0.00471	0.00307	0.00939
10	0.01465	0.00810	0.01046	0.01010	0.01209	0.00764	0.00742	0.07639	0.01573	0.19832	0.06155	0.48539	0.03409	0.01579	0.00763	0.00238	0.00445	0.01402	0.00658	0.00722
11	0.06668	0.38852	0.02433	0.01190	0.01678	0.02054	0.01061	0.10258	0.19447	0.08180	0.01547	0.01540	0.01205	0.00683	0.00521	0.00174	0.00625	0.00495	0.00466	0.00923
12	0.33554	0.11188	0.09462	0.03086	0.01742	0.12343	0.01097	0.02283	0.06282	0.11625	0.01284	0.01361	0.00958	0.00652	0.00509	0.00190	0.00688	0.00444	0.00428	0.00826

[dist]
# distance from previous block
# <min> <max>
1	2

[block]
# block no. 5 follows, 34 sequences, length 8
# corresponding to MSA columns:
# 129-136
name=unknown_F
#
# <colnr> <probs for GDERKNQSTAVLIFYWHMCP>
#	G	D	E	R	K	N	Q	S	T	A	V	L	I	F	Y	W	H	M	C	P
0	0.05925	0.06749	0.01136	0.00932	0.01130	0.00940	0.00744	0.01362	0.01149	0.01817	0.01669	0.02241	0.01474	0.03127	0.44245	0.00673	0.01196	0.00609	0.18128	0.04753
1	0.01560	0.06698	0.23543	0.01363	0.01892	0.06240	0.01381	0.14412	0.04387	0.05373	0.11444	0.02820	0.09752	0.00943	0.00663	0.00204	0.00697	0.05278	0.00496	0.00854
2	0.05789	0.06595	0.38803	0.04828	0.08295	0.06645	0.07307	0.06720	0.05126	0.02191	0.01238	0.01445	0.00922	0.00630	0.00609	0.00199	0.00884	0.00513	0.00337	0.00923
3	0.01356	0.12399	0.24198	0.01571	0.02140	0.04054	0.13726	0.01763	0.01315	0.01811	0.01340	0.04294	0.01177	0.06373	0.08158	0.03294	0.00920	0.00600	0.00323	0.09187
4	0.10947	0.13745	0.25497	0.01729	0.07746	0.01720	0.07220	0.12206	0.06318	0.02432	0.03715	0.01542	0.01134	0.00660	0.00585	0.00193	0.00770	0.00529	0.00392	0.00918
5	0.03703	0.16753	0.27768	0.01486	0.02129	0.01535	0.08110	0.02099	0.06269	0.09126	0.05934	0.01937	0.05003	0.00719	0.00600	0.00189	0.00739	0.00592	0.00409	0.04899
6	0.08296	0.17086	0.11896	0.01429	0.01955	0.12330	0.06353	0.07977	0.07142	0.08610	0.01502	0.01592	0.03203	0.00689	0.00604	0.00182	0.02510	0.00520	0.00422	0.05703
7	0.05897	0.16129	0.15824	0.03996	0.01939	0.03292	0.02916	0.06373	0.06779	0.15897	0.07204	0.04949	0.01632	0.00776	0.00596	0.00189	0.00669	0.00619	0.00487	0.03836

[dist]
# distance from previous block
# <min> <max>
3	15

[block]
# block no. 6 follows, 34 sequences, length 8
# corresponding to MSA columns:
# 152-159
name=unknown_G
#
# <colnr> <probs for GDERKNQSTAVLIFYWHMCP>
#	G	D	E	R	K	N	Q	S	T	A	V	L	I	F	Y	W	H	M	C	P
0	0.03713	0.09400	0.14692	0.08010	0.06226	0.06952	0.11642	0.01915	0.06918	0.01934	0.04040	0.08882	0.01650	0.03833	0.00816	0.00228	0.03705	0.04259	0.00389	0.00795
1	0.01404	0.07851	0.08047	0.01557	0.08388	0.01211	0.09385	0.06384	0.03933	0.06854	0.11894	0.13679	0.06552	0.03236	0.00769	0.00221	0.00622	0.04292	0.00506	0.03217
2	0.05638	0.03612	0.23404	0.01763	0.05042	0.01417	0.15367	0.09066	0.04115	0.11070	0.07466	0.02167	0.03362	0.00764	0.00663	0.00207	0.00777	0.02730	0.00461	0.00911
3	0.01446	0.09719	0.11187	0.01427	0.01804	0.11407	0.09659	0.04428	0.01522	0.04312	0.08779	0.21032	0.04605	0.01103	0.00756	0.00212	0.04456	0.00944	0.00456	0.00746
4	0.00909	0.00725	0.00854	0.00822	0.01043	0.00611	0.00600	0.01095	0.01400	0.01879	0.11606	0.30287	0.26126	0.01499	0.00726	0.00207	0.00373	0.01307	0.00567	0.17364
5	0.01520	0.01566	0.05800	0.04281	0.07740	0.07036	0.10899	0.06726	0.01509	0.02123	0.01300	0.05363	0.01121	0.00666	0.00684	0.00163	0.05385	0.00567	0.00381	0.35172
6	0.01229	0.05037	0.01584	0.01270	0.01573	0.01141	0.11738	0.04528	0.18938	0.02182	0.10884	0.19997	0.14736	0.01242	0.00728	0.00222	0.00534	0.01116	0.00569	0.00753
7	0.01681	0.53885	0.09278	0.06122	0.01939	0.09780	0.01252	0.01952	0.01399	0.01643	0.05040	0.01340	0.01130	0.00620	0.00485	0.00156	0.00753	0.00426	0.00307	0.00812

[dist]
# distance from previous block
# <min> <max>
0	5

[block]
# block no. 7 follows, 34 sequences, length 58
# corresponding to MSA columns:
# 165-222
name=unknown_H
#
# <colnr> <probs for GDERKNQSTAVLIFYWHMCP>
#	G	D	E	R	K	N	Q	S	T	A	V	L	I	F	Y	W	H	M	C	P
0	0.01346	0.01085	0.01272	0.00981	0.01469	0.00875	0.00778	0.01720	0.06254	0.04947	0.01797	0.07122	0.04522	0.00727	0.00550	0.00133	0.00474	0.03232	0.00451	0.60264
1	0.01110	0.09105	0.01090	0.00815	0.00931	0.04068	0.00541	0.01164	0.01059	0.01372	0.01870	0.06591	0.02103	0.57198	0.02563	0.00502	0.00636	0.00852	0.00385	0.06047
2	0.01374	0.06705	0.47752	0.01527	0.02278	0.01369	0.01814	0.04668	0.01494	0.05415	0.07339	0.02015	0.06485	0.00746	0.00619	0.00194	0.00782	0.00595	0.00378	0.06452
3	0.52971	0.01340	0.01147	0.01017	0.01358	0.05909	0.00820	0.04847	0.06402	0.02721	0.09162	0.01627	0.01434	0.00751	0.00605	0.00205	0.06000	0.00499	0.00451	0.00733
4	0.01122	0.00561	0.00842	0.00842	0.00842	0.00561	0.00561	0.00842	0.00842	0.01122	0.01122	0.01964	0.01122	0.02245	0.02525	0.81201	0.00561	0.00561	0.00281	0.00281
5	0.01035	0.00816	0.01019	0.01038	0.04115	0.00863	0.00717	0.01413	0.10233	0.01842	0.14713	0.03852	0.14060	0.21417	0.16646	0.00490	0.03684	0.00939	0.00496	0.00611
6	0.04453	0.01249	0.02027	0.01525	0.02020	0.01146	0.19565	0.05646	0.01778	0.39921	0.08700	0.02426	0.04831	0.00808	0.00688	0.00206	0.00668	0.00746	0.00639	0.00959
7	0.02456	0.01810	0.01939	0.01487	0.02004	0.02004	0.01228	0.71107	0.03038	0.04072	0.01551	0.01551	0.01099	0.00776	0.00646	0.00194	0.00711	0.00582	0.00646	0.01099
8	0.01537	0.39071	0.34503	0.03360	0.02284	0.02024	0.03486	0.03699	0.01383	0.01833	0.01047	0.01229	0.00836	0.00587	0.00523	0.00173	0.00823	0.00426	0.00286	0.00890
9	0.01340	0.01148	0.01340	0.00957	0.01531	0.00861	0.00766	0.01627	0.01340	0.02105	0.01148	0.01340	0.00957	0.00479	0.00479	0.00096	0.00479	0.00383	0.00383	0.81242
10	0.00804	0.00656	0.00710	0.00697	0.00897	0.00563	0.00523	0.01005	0.01568	0.01971	0.24249	0.05847	0.55156	0.01552	0.00763	0.00214	0.00321	0.01312	0.00630	0.00563
11	0.01458	0.01198	0.01332	0.01203	0.01502	0.01360	0.00932	0.07726	0.45149	0.02549	0.10497	0.02718	0.02344	0.04576	0.12142	0.00357	0.00694	0.00773	0.00604	0.00887
12	0.01727	0.77681	0.03386	0.01106	0.01658	0.02557	0.01106	0.01935	0.01313	0.01520	0.00898	0.01036	0.00829	0.00553	0.00415	0.00138	0.00691	0.00345	0.00276	0.00829
13	0.01220	0.01148	0.01938	0.75739	0.04450	0.01436	0.01794	0.01651	0.01292	0.01651	0.01148	0.01723	0.00861	0.00646	0.00646	0.00215	0.00861	0.00574	0.00287	0.00718
14	0.59616	0.01313	0.01301	0.01390	0.12547	0.01457	0.00945	0.05629	0.01312	0.07825	0.01099	0.01243	0.00835	0.00619	0.00468	0.00198	0.00556	0.00418	0.00428	0.00799
15	0.02456	0.01810	0.01939	0.01487	0.02004	0.02004	0.01228	0.71107	0.03038	0.04072	0.01551	0.01551	0.01099	0.00776	0.00646	0.00194	0.00711	0.00582	0.00646	0.01099
16	0.01636	0.01449	0.01474	0.01328	0.01692	0.04263	0.01031	0.03402	0.69541	0.02662	0.02571	0.02365	0.01931	0.00869	0.00655	0.00217	0.00535	0.00719	0.00646	0.01013
17	0.00940	0.00626	0.00705	0.00705	0.00705	0.00626	0.00392	0.00940	0.00940	0.01253	0.02036	0.04228	0.02349	0.77292	0.03289	0.00626	0.00626	0.00940	0.00392	0.00392
18	0.00944	0.00765	0.01053	0.01042	0.01251	0.00708	0.05601	0.01199	0.01499	0.01902	0.09331	0.08573	0.31991	0.01615	0.00820	0.00252	0.00493	0.29783	0.00587	0.00593
19	0.23983	0.01140	0.01353	0.01070	0.01543	0.01083	0.00883	0.02815	0.01649	0.54800	0.02109	0.01892	0.01359	0.00746	0.00583	0.00200	0.00536	0.00570	0.00693	0.00993
20	0.00932	0.00636	0.00765	0.00770	0.00792	0.00655	0.00472	0.00976	0.00967	0.01309	0.02032	0.06303	0.02282	0.62035	0.15829	0.00687	0.00813	0.00925	0.00390	0.00429
21	0.02754	0.01105	0.01469	0.01145	0.01624	0.00986	0.00940	0.03119	0.06883	0.66429	0.02541	0.02221	0.01628	0.00804	0.00644	0.00200	0.00539	0.00654	0.03234	0.01079
22	0.02096	0.01190	0.01412	0.01188	0.01593	0.01219	0.00946	0.03080	0.34482	0.33598	0.07572	0.02602	0.04263	0.00897	0.00665	0.00210	0.00508	0.00745	0.00721	0.01013
23	0.01585	0.01446	0.02319	0.11028	0.14288	0.01719	0.11806	0.04781	0.01332	0.06829	0.01161	0.01591	0.00961	0.00855	0.01331	0.00240	0.34948	0.00604	0.00347	0.00829
24	0.01434	0.00827	0.01045	0.00920	0.01180	0.00769	0.00714	0.01839	0.07726	0.19575	0.43347	0.04134	0.11485	0.01191	0.00726	0.00205	0.00383	0.01027	0.00717	0.00756
25	0.02045	0.17949	0.02086	0.01476	0.04154	0.21989	0.01165	0.14073	0.21370	0.05086	0.01588	0.01601	0.01227	0.00721	0.00583	0.00182	0.00772	0.00530	0.00481	0.00922
26	0.02245	0.01818	0.04953	0.01441	0.01938	0.04684	0.01217	0.57751	0.04611	0.03690	0.04741	0.01886	0.04365	0.00826	0.00653	0.00195	0.00701	0.00632	0.00619	0.01033
27	0.01296	0.03342	0.73944	0.01842	0.02797	0.01501	0.02387	0.02046	0.01364	0.02046	0.01160	0.01364	0.00818	0.00614	0.00614	0.00205	0.00955	0.00477	0.00273	0.00955
28	0.01528	0.18818	0.45626	0.01670	0.02458	0.01702	0.06518	0.02170	0.04994	0.06842	0.01283	0.01430	0.00943	0.00622	0.00586	0.00192	0.00858	0.00493	0.00333	0.00936
29	0.01523	0.26553	0.35554	0.01640	0.02369	0.01849	0.09590	0.06751	0.01501	0.02045	0.04124	0.01461	0.01081	0.00627	0.00576	0.00184	0.00842	0.00504	0.00324	0.00901
30	0.02899	0.01100	0.01499	0.01150	0.01649	0.00950	0.00950	0.03149	0.01849	0.73709	0.02549	0.02199	0.01599	0.00800	0.00650	0.00200	0.00550	0.00650	0.00800	0.01100
31	0.01016	0.00761	0.01057	0.14108	0.01507	0.00804	0.03727	0.01141	0.01074	0.01453	0.01979	0.09709	0.02152	0.50002	0.02354	0.00480	0.00650	0.00925	0.04608	0.00493
32	0.01755	0.09495	0.09732	0.01515	0.05126	0.01231	0.09924	0.02155	0.05005	0.22914	0.02270	0.15720	0.02020	0.01024	0.00689	0.00217	0.00658	0.07137	0.00543	0.00870
33	0.01415	0.01270	0.02010	0.18037	0.36494	0.01333	0.01607	0.06490	0.01539	0.02085	0.02023	0.04528	0.07435	0.00891	0.00690	0.00215	0.00714	0.09964	0.00403	0.00855
34	0.00790	0.00573	0.00740	0.00871	0.00924	0.00530	0.00583	0.00903	0.01250	0.01646	0.03790	0.68114	0.10557	0.04305	0.00895	0.00270	0.00378	0.01766	0.00593	0.00523
35	0.01597	0.53923	0.23632	0.01369	0.02040	0.02224	0.03719	0.01971	0.01334	0.01689	0.00986	0.01153	0.00831	0.00570	0.00483	0.00160	0.00779	0.00397	0.00277	0.00867
36	0.01189	0.01158	0.02110	0.06723	0.04186	0.01145	0.27269	0.01621	0.06492	0.01901	0.02529	0.30176	0.06481	0.01208	0.00798	0.00235	0.02414	0.01175	0.00465	0.00724
37	0.00786	0.00568	0.00744	0.00886	0.00934	0.00526	0.00594	0.00901	0.01250	0.01655	0.03730	0.72881	0.08154	0.02002	0.00821	0.00260	0.00372	0.01810	0.00600	0.00526
38	0.01489	0.01423	0.02423	0.24872	0.53218	0.01506	0.01928	0.01886	0.01419	0.01977	0.01196	0.01635	0.00976	0.00596	0.00642	0.00199	0.00795	0.00575	0.00310	0.00934
39	0.01451	0.01182	0.01308	0.01237	0.01532	0.01327	0.00981	0.05442	0.46885	0.02514	0.02792	0.08527	0.02443	0.01134	0.00708	0.00234	0.00518	0.14848	0.04050	0.00885
40	0.01698	0.72544	0.08262	0.01156	0.01737	0.02484	0.01194	0.01942	0.01316	0.01557	0.00916	0.01059	0.00828	0.00557	0.00428	0.00143	0.00709	0.00355	0.00276	0.00838
41	0.01985	0.01769	0.01763	0.04864	0.03793	0.13501	0.01163	0.29479	0.07941	0.02798	0.01392	0.01512	0.01068	0.00706	0.00680	0.00175	0.04899	0.00520	0.00490	0.19502
42	0.01582	0.01517	0.02591	0.07262	0.70102	0.01531	0.01974	0.01968	0.01463	0.02090	0.01212	0.01605	0.01016	0.00579	0.00640	0.00193	0.00772	0.00576	0.00318	0.01009
43	0.00849	0.00672	0.00775	0.00806	0.00993	0.00599	0.00635	0.01062	0.01522	0.01911	0.15712	0.08521	0.45260	0.01635	0.00794	0.00235	0.00385	0.16452	0.00616	0.00566
44	0.01804	0.01332	0.01897	0.37821	0.06716	0.04578	0.03719	0.11402	0.01691	0.16792	0.01596	0.02023	0.01187	0.00741	0.00659	0.00210	0.00781	0.03728	0.00460	0.00864
45	0.01451	0.01384	0.02355	0.31997	0.46387	0.01496	0.01909	0.01853	0.01401	0.01931	0.01189	0.01647	0.00960	0.00603	0.00642	0.00201	0.00804	0.00575	0.00307	0.00904
46	0.18492	0.01098	0.01223	0.00999	0.01391	0.01102	0.00812	0.11456	0.01740	0.31797	0.03923	0.02000	0.01487	0.00759	0.00556	0.00188	0.00497	0.00583	0.19005	0.00891
47	0.02044	0.02134	0.02420	0.01916	0.02347	0.28098	0.22489	0.09735	0.05008	0.07596	0.01331	0.01545	0.01019	0.00709	0.00811	0.00202	0.08740	0.00587	0.00410	0.00859
48	0.01414	0.01414	0.01979	0.01696	0.01696	0.01979	0.01414	0.01555	0.00990	0.01555	0.00848	0.01414	0.00848	0.01131	0.02120	0.00283	0.76110	0.00565	0.00283	0.00707
49	0.01111	0.00696	0.00893	0.00846	0.01030	0.00628	0.00633	0.01359	0.01687	0.10852	0.44275	0.16426	0.14248	0.01415	0.00759	0.00214	0.00349	0.01241	0.00689	0.00646
50	0.01022	0.00738	0.01014	0.01153	0.01306	0.00730	0.01003	0.01310	0.01486	0.01921	0.03637	0.07214	0.08506	0.01775	0.00884	0.00292	0.00576	0.64245	0.00595	0.00592
51	0.01857	0.01313	0.01446	0.01270	0.04388	0.01422	0.00970	0.29985	0.16516	0.06373	0.03810	0.02259	0.04963	0.00837	0.00611	0.00190	0.00540	0.00670	0.19653	0.00925
52	0.02899	0.01100	0.01499	0.01150	0.01649	0.00950	0.00950	0.03149	0.01849	0.73709	0.02549	0.02199	0.01599	0.00800	0.00650	0.00200	0.00550	0.00650	0.00800	0.01100
53	0.01122	0.00561	0.00842	0.00842	0.00842	0.00561	0.00561	0.00842	0.00842	0.01122	0.01122	0.01964	0.01122	0.02245	0.02525	0.81201	0.00561	0.00561	0.00281	0.00281
54	0.01220	0.01148	0.01938	0.75739	0.04450	0.01436	0.01794	0.01651	0.01292	0.01651	0.01148	0.01723	0.00861	0.00646	0.00646	0.00215	0.00861	0.00574	0.00287	0.00718
55	0.00819	0.00680	0.00723	0.00733	0.00941	0.00594	0.00561	0.01046	0.03436	0.01830	0.09594	0.08109	0.59737	0.01622	0.00773	0.00225	0.00355	0.07048	0.00607	0.00566
56	0.01521	0.01484	0.02471	0.09514	0.47737	0.01633	0.05001	0.01860	0.01348	0.01942	0.01130	0.01574	0.00967	0.00708	0.00986	0.00216	0.18100	0.00582	0.00309	0.00918
57	0.32855	0.01437	0.04230	0.07782	0.03758	0.03116	0.17686	0.05920	0.01474	0.05376	0.09128	0.01791	0.01452	0.00690	0.00588	0.00205	0.00700	0.00594	0.00430	0.00788

[dist]
# distance from previous block
# <min> <max>
0	7

[block]
# block no. 8 follows, 34 sequences, length 64
# corresponding to MSA columns:
# 230-293
name=unknown_I
#
# <colnr> <probs for GDERKNQSTAVLIFYWHMCP>
#	G	D	E	R	K	N	Q	S	T	A	V	L	I	F	Y	W	H	M	C	P
0	0.18075	0.03834	0.01907	0.14332	0.07410	0.21219	0.07101	0.10564	0.03841	0.02296	0.01188	0.01429	0.00924	0.00652	0.00578	0.00192	0.00835	0.00503	0.02308	0.00813
1	0.20231	0.11926	0.21827	0.01382	0.01970	0.09693	0.03449	0.06088	0.01528	0.12402	0.03063	0.01454	0.01057	0.00660	0.00551	0.00190	0.00757	0.00480	0.00417	0.00875
2	0.01052	0.00702	0.00814	0.00768	0.00991	0.00608	0.00582	0.01261	0.01598	0.10286	0.23736	0.09442	0.42829	0.01477	0.00754	0.00215	0.00350	0.01256	0.00653	0.00626
3	0.01611	0.01275	0.01346	0.01214	0.03550	0.05372	0.00920	0.15937	0.21032	0.07179	0.16360	0.03318	0.16035	0.01060	0.00690	0.00206	0.00524	0.00878	0.00635	0.00858
4	0.00931	0.00659	0.00871	0.00869	0.00930	0.00713	0.00599	0.01052	0.01018	0.01417	0.04317	0.03436	0.02125	0.39857	0.37554	0.00810	0.01146	0.00829	0.00381	0.00488
5	0.01531	0.01727	0.03723	0.02816	0.08614	0.01627	0.65749	0.02063	0.01521	0.02073	0.01300	0.01732	0.00984	0.00547	0.00753	0.00216	0.01065	0.00749	0.00326	0.00883
6	0.01727	0.77681	0.03386	0.01106	0.01658	0.02557	0.01106	0.01935	0.01313	0.01520	0.00898	0.01036	0.00829	0.00553	0.00415	0.00138	0.00691	0.00345	0.00276	0.00829
7	0.01812	0.01188	0.01251	0.01031	0.01360	0.01282	0.00828	0.35282	0.02172	0.03216	0.01838	0.01993	0.01386	0.00764	0.00546	0.00172	0.00500	0.00592	0.41944	0.00843
8	0.01727	0.77681	0.03386	0.01106	0.01658	0.02557	0.01106	0.01935	0.01313	0.01520	0.00898	0.01036	0.00829	0.00553	0.00415	0.00138	0.00691	0.00345	0.00276	0.00829
9	0.01727	0.77681	0.03386	0.01106	0.01658	0.02557	0.01106	0.01935	0.01313	0.01520	0.00898	0.01036	0.00829	0.00553	0.00415	0.00138	0.00691	0.00345	0.00276	0.00829
10	0.01727	0.77681	0.03386	0.01106	0.01658	0.02557	0.01106	0.01935	0.01313	0.01520	0.00898	0.01036	0.00829	0.00553	0.00415	0.00138	0.00691	0.00345	0.00276	0.00829
11	0.81856	0.01250	0.00950	0.00850	0.01250	0.01449	0.00700	0.01899	0.01100	0.02899	0.00900	0.01050	0.00700	0.00600	0.00400	0.00200	0.00500	0.00350	0.00400	0.00700
12	0.01296	0.03342	0.73944	0.01842	0.02797	0.01501	0.02387	0.02046	0.01364	0.02046	0.01160	0.01364	0.00818	0.00614	0.00614	0.00205	0.00955	0.00477	0.00273	0.00955
13	0.01827	0.01380	0.01498	0.01306	0.01698	0.01552	0.01027	0.07983	0.58607	0.11700	0.02547	0.02326	0.01866	0.00860	0.00656	0.00215	0.00530	0.00710	0.00675	0.01038
14	0.02899	0.01100	0.01499	0.01150	0.01649	0.00950	0.00950	0.03149	0.01849	0.73709	0.02549	0.02199	0.01599	0.00800	0.00650	0.00200	0.00550	0.00650	0.00800	0.01100
15	0.02856	0.01169	0.01543	0.01183	0.01684	0.01053	0.00977	0.09815	0.01966	0.66879	0.02451	0.02136	0.01550	0.00797	0.00649	0.00199	0.00566	0.00643	0.00785	0.01100
16	0.81856	0.01250	0.00950	0.00850	0.01250	0.01449	0.00700	0.01899	0.01100	0.02899	0.00900	0.01050	0.00700	0.00600	0.00400	0.00200	0.00500	0.00350	0.00400	0.00700
17	0.26898	0.01637	0.01635	0.01291	0.01772	0.01833	0.01065	0.49803	0.02441	0.03711	0.01351	0.01397	0.00976	0.00722	0.00570	0.00196	0.00646	0.00510	0.00570	0.00976
18	0.01220	0.01148	0.01938	0.75739	0.04450	0.01436	0.01794	0.01651	0.01292	0.01651	0.01148	0.01723	0.00861	0.00646	0.00646	0.00215	0.00861	0.00574	0.00287	0.00718
19	0.00997	0.00719	0.00986	0.01125	0.01266	0.00708	0.00959	0.01266	0.01460	0.01891	0.03631	0.14690	0.08106	0.01801	0.00877	0.00289	0.00555	0.57494	0.00596	0.00584
20	0.00787	0.00562	0.00750	0.00900	0.00937	0.00525	0.00600	0.00900	0.01237	0.01649	0.03561	0.76871	0.04274	0.02024	0.00825	0.00262	0.00375	0.01837	0.00600	0.00525
21	0.01512	0.01577	0.01965	0.01693	0.01726	0.09112	0.01397	0.01656	0.01072	0.01558	0.00863	0.01389	0.00847	0.01085	0.01970	0.00271	0.68759	0.00551	0.00288	0.00711
22	0.00787	0.00562	0.00750	0.00900	0.00937	0.00525	0.00600	0.00900	0.01237	0.01649	0.03561	0.76871	0.04274	0.02024	0.00825	0.00262	0.00375	0.01837	0.00600	0.00525
23	0.00811	0.00632	0.00740	0.00796	0.00942	0.00562	0.00584	0.00984	0.01437	0.01824	0.12699	0.29187	0.37507	0.01740	0.00794	0.00237	0.00362	0.07000	0.00612	0.00550
24	0.01723	0.01521	0.01476	0.01310	0.01665	0.09496	0.01018	0.07621	0.50782	0.04833	0.09272	0.02448	0.02183	0.00888	0.00659	0.00210	0.00577	0.00727	0.00631	0.00960
25	0.01057	0.00741	0.00835	0.00806	0.01029	0.00669	0.00605	0.01362	0.06809	0.08958	0.12997	0.15577	0.43127	0.01517	0.00753	0.00221	0.00367	0.01292	0.00637	0.00640
26	0.01041	0.00744	0.01041	0.01190	0.01339	0.00744	0.01041	0.01339	0.01487	0.01934	0.03421	0.07288	0.03719	0.01785	0.00892	0.00297	0.00595	0.68913	0.00595	0.00595
27	0.07949	0.68039	0.03159	0.01225	0.05108	0.02421	0.01117	0.01934	0.01304	0.01656	0.00914	0.01065	0.00829	0.00558	0.00424	0.00146	0.00680	0.00357	0.00288	0.00829
28	0.01624	0.00856	0.01097	0.00945	0.01231	0.00789	0.00740	0.02009	0.06708	0.26248	0.38537	0.03790	0.08070	0.01117	0.00708	0.00203	0.00402	0.00959	0.03170	0.00798
29	0.01122	0.00561	0.00842	0.00842	0.00842	0.00561	0.00561	0.00842	0.00842	0.01122	0.01122	0.01964	0.01122	0.02245	0.02525	0.81201	0.00561	0.00561	0.00281	0.00281
30	0.12310	0.20354	0.02084	0.01430	0.01823	0.48496	0.01145	0.02342	0.01617	0.01734	0.00963	0.01120	0.00815	0.00631	0.00520	0.00164	0.00970	0.00391	0.00328	0.00762
31	0.01014	0.00680	0.00876	0.00815	0.00988	0.00623	0.00615	0.01308	0.01797	0.06059	0.63792	0.04696	0.09247	0.01294	0.00747	0.00202	0.00318	0.01136	0.03163	0.00630
32	0.00900	0.00682	0.00849	0.00904	0.01069	0.00631	0.00727	0.01139	0.01537	0.01987	0.19240	0.11352	0.28288	0.01652	0.00815	0.00248	0.00425	0.26356	0.00622	0.00576
33	0.00914	0.00660	0.00864	0.00813	0.00965	0.00610	0.00610	0.01219	0.01829	0.02591	0.72921	0.04827	0.06097	0.01321	0.00762	0.00203	0.00305	0.01169	0.00711	0.00610
34	0.01622	0.00821	0.01071	0.00917	0.01204	0.00726	0.00719	0.01890	0.01792	0.28526	0.38933	0.04037	0.12736	0.01169	0.00721	0.00204	0.00397	0.01003	0.00730	0.00781
35	0.00914	0.00660	0.00864	0.00813	0.00965	0.00610	0.00610	0.01219	0.01829	0.02591	0.72921	0.04827	0.06097	0.01321	0.00762	0.00203	0.00305	0.01169	0.00711	0.00610
36	0.10878	0.01001	0.01251	0.01021	0.01398	0.00934	0.00823	0.04906	0.01805	0.40478	0.25001	0.02896	0.02931	0.00945	0.00658	0.00201	0.00471	0.00782	0.00722	0.00898
37	0.01220	0.01148	0.01938	0.75739	0.04450	0.01436	0.01794	0.01651	0.01292	0.01651	0.01148	0.01723	0.00861	0.00646	0.00646	0.00215	0.00861	0.00574	0.00287	0.00718
38	0.01122	0.00561	0.00842	0.00842	0.00842	0.00561	0.00561	0.00842	0.00842	0.01122	0.01122	0.01964	0.01122	0.02245	0.02525	0.81201	0.00561	0.00561	0.00281	0.00281
39	0.00940	0.00626	0.00705	0.00705	0.00705	0.00626	0.00392	0.00940	0.00940	0.01253	0.02036	0.04228	0.02349	0.77292	0.03289	0.00626	0.00626	0.00940	0.00392	0.00392
40	0.52231	0.01633	0.01230	0.03538	0.01564	0.16211	0.00890	0.02238	0.10975	0.02566	0.01165	0.01281	0.00906	0.00653	0.00480	0.00196	0.00647	0.00423	0.00418	0.00754
41	0.81856	0.01250	0.00950	0.00850	0.01250	0.01449	0.00700	0.01899	0.01100	0.02899	0.00900	0.01050	0.00700	0.00600	0.00400	0.00200	0.00500	0.00350	0.00400	0.00700
42	0.04059	0.01094	0.01251	0.01093	0.01432	0.01139	0.00858	0.02615	0.32301	0.18870	0.17471	0.03202	0.09807	0.01019	0.00680	0.00211	0.00459	0.00855	0.00688	0.00898
43	0.01406	0.01404	0.01978	0.04437	0.01798	0.01959	0.01428	0.01559	0.01001	0.01559	0.00859	0.01425	0.00849	0.01113	0.02066	0.00280	0.73324	0.00566	0.00283	0.00707
44	0.00768	0.00636	0.00674	0.00704	0.00886	0.00541	0.00513	0.00922	0.01425	0.01726	0.05939	0.20575	0.59035	0.01715	0.00776	0.00227	0.00337	0.01460	0.00600	0.00541
45	0.81856	0.01250	0.00950	0.00850	0.01250	0.01449	0.00700	0.01899	0.01100	0.02899	0.00900	0.01050	0.00700	0.00600	0.00400	0.00200	0.00500	0.00350	0.00400	0.00700
46	0.01340	0.01148	0.01340	0.00957	0.01531	0.00861	0.00766	0.01627	0.01340	0.02105	0.01148	0.01340	0.00957	0.00479	0.00479	0.00096	0.00479	0.00383	0.00383	0.81242
47	0.01750	0.75328	0.03341	0.01117	0.01669	0.02540	0.01109	0.04080	0.01366	0.01599	0.00919	0.01052	0.00838	0.00560	0.00422	0.00140	0.00692	0.00353	0.00288	0.00838
48	0.01220	0.01148	0.01938	0.75739	0.04450	0.01436	0.01794	0.01651	0.01292	0.01651	0.01148	0.01723	0.00861	0.00646	0.00646	0.00215	0.00861	0.00574	0.00287	0.00718
49	0.00940	0.00626	0.00705	0.00705	0.00705	0.00626	0.00392	0.00940	0.00940	0.01253	0.02036	0.04228	0.02349	0.77292	0.03289	0.00626	0.00626	0.00940	0.00392	0.00392
50	0.01551	0.01486	0.02536	0.13090	0.64514	0.01523	0.01959	0.01941	0.01448	0.02052	0.01207	0.01615	0.01003	0.00585	0.00640	0.00195	0.00780	0.00576	0.00316	0.00985
51	0.01414	0.01414	0.01979	0.01696	0.01696	0.01979	0.01414	0.01555	0.00990	0.01555	0.00848	0.01414	0.00848	0.01131	0.02120	0.00283	0.76110	0.00565	0.00283	0.00707
52	0.00764	0.00655	0.00655	0.00655	0.00873	0.00545	0.00491	0.00927	0.01473	0.01745	0.06546	0.06218	0.73000	0.01636	0.00764	0.00218	0.00327	0.01364	0.00600	0.00545
53	0.02414	0.03079	0.01831	0.01665	0.01998	0.74698	0.01248	0.02580	0.01831	0.01581	0.00999	0.01165	0.00832	0.00666	0.00583	0.00166	0.01165	0.00416	0.00333	0.00749
54	0.02378	0.01692	0.01833	0.01422	0.01909	0.01855	0.01168	0.63088	0.02862	0.07318	0.01691	0.04395	0.01258	0.00822	0.00647	0.00195	0.00678	0.00632	0.03094	0.01063
55	0.01875	0.01263	0.01406	0.01223	0.01604	0.01380	0.00963	0.03223	0.50578	0.19072	0.02572	0.02362	0.01863	0.00850	0.00640	0.00210	0.00504	0.00702	0.06702	0.01009
56	0.02645	0.01156	0.01492	0.01182	0.01655	0.01079	0.00964	0.03205	0.15643	0.59766	0.02565	0.02241	0.01673	0.00815	0.00651	0.00204	0.00542	0.00666	0.00772	0.01085
57	0.01220	0.01148	0.01938	0.75739	0.04450	0.01436	0.01794	0.01651	0.01292	0.01651	0.01148	0.01723	0.00861	0.00646	0.00646	0.00215	0.00861	0.00574	0.00287	0.00718
58	0.01387	0.16376	0.56934	0.01769	0.02633	0.01696	0.06597	0.02028	0.01366	0.01955	0.01123	0.01331	0.00831	0.00599	0.00588	0.00194	0.00917	0.00473	0.00277	0.00927
59	0.02635	0.01041	0.01415	0.01105	0.01558	0.00904	0.00904	0.02892	0.01847	0.64249	0.11910	0.02549	0.02198	0.00869	0.00665	0.00200	0.00517	0.00719	0.00788	0.01034
60	0.00860	0.00647	0.00796	0.00783	0.00938	0.00583	0.00578	0.01105	0.01664	0.02258	0.47353	0.14144	0.22943	0.01489	0.00770	0.00214	0.00319	0.01301	0.00669	0.00583
61	0.00806	0.00598	0.00753	0.00837	0.00930	0.00545	0.00581	0.00965	0.01393	0.01844	0.17093	0.49877	0.17777	0.01819	0.00801	0.00243	0.00353	0.01621	0.00621	0.00545
62	0.01554	0.01581	0.02358	0.28505	0.38159	0.09532	0.05247	0.01938	0.01451	0.01891	0.01173	0.01601	0.00944	0.00608	0.00642	0.00199	0.00860	0.00567	0.00310	0.00880
63	0.29042	0.01105	0.01255	0.01029	0.01458	0.01081	0.00838	0.02547	0.01549	0.44176	0.02083	0.07963	0.01520	0.00834	0.00581	0.00205	0.00519	0.00648	0.00650	0.00919

[dist]
# distance from previous block
# <min> <max>
0	21

# created by:
# /home/berkeley/.conda/envs/busco_data_prod/bin/msa2prfl.pl pipeline/OGs_align_augustus/4893/3265.fs
