[name]
unknown

[dist]
# distance from previous block
# <min> <max>
0	103

[block]
# block no. 0 follows, 34 sequences, length 50
# corresponding to MSA columns:
# 103-152
name=unknown_A
#
# <colnr> <probs for GDERKNQSTAVLIFYWHMCP>
#	G	D	E	R	K	N	Q	S	T	A	V	L	I	F	Y	W	H	M	C	P
0	0.00797	0.00626	0.00722	0.00775	0.00921	0.00552	0.00561	0.00961	0.01425	0.01801	0.11795	0.30776	0.40006	0.01747	0.00790	0.00235	0.00352	0.04003	0.00610	0.00546
1	0.00867	0.00659	0.00798	0.00763	0.00936	0.00589	0.00572	0.01127	0.01717	0.02325	0.51999	0.05265	0.27185	0.01420	0.00763	0.00208	0.00312	0.01230	0.00676	0.00589
2	0.01182	0.00808	0.01191	0.01290	0.06934	0.00772	0.04994	0.01441	0.03958	0.09109	0.03001	0.47211	0.03261	0.01558	0.00762	0.00241	0.00480	0.05336	0.05802	0.00671
3	0.02899	0.01100	0.01499	0.01150	0.01649	0.00950	0.00950	0.03149	0.01849	0.73709	0.02549	0.02199	0.01599	0.00800	0.00650	0.00200	0.00550	0.00650	0.00800	0.01100
4	0.01340	0.01148	0.01340	0.00957	0.01531	0.00861	0.00766	0.01627	0.01340	0.02105	0.01148	0.01340	0.00957	0.00479	0.00479	0.00096	0.00479	0.00383	0.00383	0.81242
5	0.00940	0.00626	0.00705	0.00705	0.00705	0.00626	0.00392	0.00940	0.00940	0.01253	0.02036	0.04228	0.02349	0.77292	0.03289	0.00626	0.00626	0.00940	0.00392	0.00392
6	0.02281	0.01570	0.01695	0.01322	0.01779	0.01711	0.01085	0.55572	0.02691	0.08176	0.01704	0.01731	0.01220	0.00773	0.00615	0.00187	0.00635	0.00589	0.13644	0.01018
7	0.78454	0.04495	0.01053	0.00861	0.01267	0.01496	0.00717	0.01901	0.01109	0.02840	0.00900	0.01049	0.00705	0.00598	0.00400	0.00197	0.00508	0.00350	0.00395	0.00705
8	0.81856	0.01250	0.00950	0.00850	0.01250	0.01449	0.00700	0.01899	0.01100	0.02899	0.00900	0.01050	0.00700	0.00600	0.00400	0.00200	0.00500	0.00350	0.00400	0.00700
9	0.01525	0.01743	0.03813	0.02723	0.03377	0.01634	0.70915	0.02070	0.01525	0.02070	0.01307	0.01743	0.00980	0.00545	0.00763	0.00218	0.01089	0.00763	0.00327	0.00871
10	0.49926	0.03885	0.01268	0.01055	0.03562	0.01417	0.00829	0.09943	0.01411	0.05418	0.01180	0.04006	0.00963	0.00660	0.00473	0.00184	0.00533	0.00454	0.00442	0.12392
11	0.01499	0.01441	0.02401	0.18134	0.50042	0.01573	0.01871	0.01860	0.01372	0.01946	0.01154	0.01600	0.00968	0.00662	0.00834	0.00208	0.10632	0.00574	0.00308	0.00920
12	0.08845	0.01290	0.01557	0.01465	0.08321	0.01358	0.03114	0.28833	0.02009	0.02867	0.08415	0.15571	0.02135	0.03191	0.03465	0.00246	0.00633	0.00850	0.00549	0.05285
13	0.81856	0.01250	0.00950	0.00850	0.01250	0.01449	0.00700	0.01899	0.01100	0.02899	0.00900	0.01050	0.00700	0.00600	0.00400	0.00200	0.00500	0.00350	0.00400	0.00700
14	0.00914	0.00660	0.00864	0.00813	0.00965	0.00610	0.00610	0.01219	0.01829	0.02591	0.72921	0.04827	0.06097	0.01321	0.00762	0.00203	0.00305	0.01169	0.00711	0.00610
15	0.01318	0.07202	0.70281	0.01803	0.02737	0.01555	0.02321	0.02040	0.01362	0.02019	0.01146	0.01347	0.00819	0.00611	0.00604	0.00201	0.00941	0.00471	0.00273	0.00948
16	0.01739	0.20525	0.02567	0.02677	0.38697	0.15258	0.01559	0.02025	0.01487	0.01844	0.01219	0.05289	0.01109	0.00662	0.00583	0.00178	0.00802	0.00555	0.00326	0.00899
17	0.81856	0.01250	0.00950	0.00850	0.01250	0.01449	0.00700	0.01899	0.01100	0.02899	0.00900	0.01050	0.00700	0.00600	0.00400	0.00200	0.00500	0.00350	0.00400	0.00700
18	0.01340	0.01148	0.01340	0.00957	0.01531	0.00861	0.00766	0.01627	0.01340	0.02105	0.01148	0.01340	0.00957	0.00479	0.00479	0.00096	0.00479	0.00383	0.00383	0.81242
19	0.01557	0.07614	0.05330	0.10572	0.51640	0.01613	0.05633	0.02008	0.04084	0.02036	0.01239	0.01596	0.01017	0.00592	0.00629	0.00193	0.00786	0.00570	0.00324	0.00967
20	0.00925	0.00686	0.01005	0.01005	0.01109	0.00790	0.00767	0.01133	0.01029	0.01476	0.01761	0.02705	0.01688	0.12002	0.67675	0.00998	0.01622	0.00717	0.00351	0.00559
21	0.00907	0.00652	0.00869	0.00999	0.01094	0.00629	0.00773	0.01097	0.01343	0.01755	0.03591	0.37075	0.08287	0.06787	0.01011	0.00299	0.00485	0.31216	0.00584	0.00548
22	0.00830	0.00593	0.00799	0.00948	0.01004	0.00561	0.00674	0.00973	0.01279	0.01697	0.03538	0.65210	0.04181	0.01984	0.00836	0.00268	0.00412	0.13078	0.00599	0.00537
23	0.01600	0.01591	0.02511	0.13520	0.57186	0.06380	0.03887	0.01980	0.01472	0.02012	0.01195	0.01591	0.00988	0.00590	0.00640	0.00194	0.00816	0.00570	0.00316	0.00959
24	0.01570	0.01618	0.02538	0.02002	0.02252	0.06647	0.23606	0.01846	0.01248	0.04384	0.01068	0.01531	0.00917	0.00900	0.01530	0.00251	0.44372	0.00622	0.00319	0.00777
25	0.81856	0.01250	0.00950	0.00850	0.01250	0.01449	0.00700	0.01899	0.01100	0.02899	0.00900	0.01050	0.00700	0.00600	0.00400	0.00200	0.00500	0.00350	0.00400	0.00700
26	0.00786	0.00566	0.00746	0.00890	0.00935	0.00526	0.00596	0.00901	0.01246	0.01653	0.03675	0.74171	0.06900	0.02009	0.00822	0.00261	0.00373	0.01819	0.00600	0.00526
27	0.01494	0.01896	0.18504	0.11503	0.07861	0.01463	0.28520	0.05003	0.01534	0.04832	0.04335	0.01757	0.01177	0.00623	0.00677	0.00202	0.00894	0.00640	0.00362	0.06723
28	0.01937	0.05574	0.12628	0.01686	0.06070	0.11001	0.01435	0.22166	0.10137	0.05737	0.01424	0.01559	0.01088	0.00790	0.00877	0.00208	0.13730	0.00552	0.00461	0.00940
29	0.11386	0.28976	0.05472	0.01586	0.02111	0.06309	0.16787	0.12370	0.01610	0.02217	0.01101	0.01313	0.00889	0.00629	0.00632	0.00183	0.04714	0.00495	0.00362	0.00857
30	0.00789	0.00589	0.00735	0.00839	0.00924	0.00534	0.00576	0.00925	0.01325	0.01726	0.08274	0.56680	0.19941	0.01896	0.00807	0.00249	0.00360	0.01691	0.00606	0.00534
31	0.03944	0.02533	0.39445	0.01984	0.07086	0.06377	0.14303	0.02125	0.06698	0.02135	0.06081	0.01733	0.01296	0.00669	0.00647	0.00204	0.00891	0.00592	0.00351	0.00904
32	0.06917	0.12578	0.37282	0.01693	0.04927	0.07494	0.04410	0.05772	0.05374	0.05882	0.01276	0.01418	0.00945	0.00637	0.00584	0.00193	0.00847	0.00489	0.00358	0.00923
33	0.00821	0.00669	0.03036	0.00928	0.01017	0.00573	0.00676	0.00975	0.01291	0.01715	0.05787	0.63170	0.08788	0.01918	0.00816	0.00258	0.00402	0.06020	0.00593	0.00547
34	0.81856	0.01250	0.00950	0.00850	0.01250	0.01449	0.00700	0.01899	0.01100	0.02899	0.00900	0.01050	0.00700	0.00600	0.00400	0.00200	0.00500	0.00350	0.00400	0.00700
35	0.01112	0.00568	0.00852	0.00852	0.00858	0.00574	0.00574	0.00858	0.00852	0.01142	0.01154	0.01994	0.01148	0.02380	0.06275	0.77038	0.00622	0.00568	0.00284	0.00296
36	0.03369	0.17921	0.18320	0.01902	0.13634	0.07083	0.03665	0.12606	0.11195	0.02325	0.01359	0.01494	0.01055	0.00656	0.00585	0.00187	0.00783	0.00517	0.00398	0.00948
37	0.01348	0.01119	0.01237	0.01134	0.01422	0.01237	0.00878	0.02603	0.45873	0.02618	0.24885	0.03424	0.05368	0.01065	0.00700	0.00216	0.00444	0.02891	0.00671	0.00866
38	0.05170	0.06598	0.24757	0.01786	0.11165	0.01531	0.04150	0.09048	0.14628	0.03886	0.04349	0.01945	0.03989	0.00739	0.00618	0.00199	0.00716	0.00610	0.03183	0.00931
39	0.00862	0.00675	0.00832	0.00886	0.03655	0.00606	0.00615	0.01085	0.01583	0.02098	0.33680	0.17111	0.30900	0.01528	0.00768	0.00218	0.00342	0.01330	0.00636	0.00587
40	0.01437	0.02319	0.34021	0.05213	0.06771	0.05262	0.09810	0.05742	0.06729	0.02185	0.07619	0.04091	0.01518	0.00759	0.00714	0.00209	0.03684	0.00646	0.00383	0.00888
41	0.01540	0.06257	0.28255	0.09881	0.04596	0.09268	0.01670	0.07914	0.03750	0.02103	0.01343	0.01806	0.01097	0.00721	0.00668	0.00194	0.03649	0.04936	0.00360	0.09993
42	0.01478	0.01204	0.01396	0.01008	0.01575	0.00963	0.00811	0.07693	0.01501	0.04190	0.01221	0.01381	0.00987	0.00513	0.00498	0.00107	0.00501	0.00407	0.00417	0.72150
43	0.00819	0.00586	0.00769	0.00903	0.00954	0.00551	0.00620	0.00941	0.01247	0.01651	0.03551	0.63465	0.06501	0.07066	0.00995	0.00288	0.00409	0.07576	0.00585	0.00523
44	0.01973	0.32750	0.07076	0.01643	0.08782	0.06501	0.06622	0.07333	0.01594	0.15045	0.01331	0.01438	0.01021	0.00649	0.00611	0.00176	0.03632	0.00494	0.00411	0.00919
45	0.34554	0.03956	0.25450	0.01374	0.01976	0.08258	0.03984	0.04645	0.01399	0.07358	0.01148	0.01288	0.00842	0.00628	0.00528	0.00197	0.00750	0.00443	0.00383	0.00841
46	0.01556	0.01551	0.17306	0.07194	0.11070	0.01175	0.01414	0.04456	0.01534	0.15074	0.08161	0.11346	0.02092	0.00992	0.00766	0.00218	0.05046	0.05213	0.02989	0.00847
47	0.01626	0.28261	0.18168	0.01452	0.02054	0.06179	0.07394	0.08382	0.04538	0.02033	0.01384	0.01543	0.03597	0.00763	0.02685	0.00195	0.00803	0.00504	0.00357	0.08083
48	0.04356	0.00916	0.07377	0.00924	0.01112	0.00759	0.00755	0.01153	0.01209	0.01687	0.07144	0.11552	0.15711	0.21072	0.18909	0.00518	0.00809	0.03018	0.00457	0.00561
49	0.01532	0.03690	0.24845	0.04288	0.04345	0.01305	0.06026	0.11706	0.01768	0.08792	0.17720	0.02671	0.02329	0.00883	0.00680	0.00208	0.00707	0.05135	0.00498	0.00872

[dist]
# distance from previous block
# <min> <max>
6	21

[block]
# block no. 1 follows, 34 sequences, length 21
# corresponding to MSA columns:
# 175-195
name=unknown_B
#
# <colnr> <probs for GDERKNQSTAVLIFYWHMCP>
#	G	D	E	R	K	N	Q	S	T	A	V	L	I	F	Y	W	H	M	C	P
0	0.01697	0.01871	0.01882	0.12419	0.20113	0.26301	0.01411	0.02036	0.05115	0.01801	0.01884	0.02111	0.10570	0.00820	0.00764	0.00199	0.07205	0.00633	0.00371	0.00797
1	0.01527	0.00871	0.01061	0.00934	0.01227	0.00804	0.00735	0.04177	0.06566	0.22264	0.21877	0.06097	0.24158	0.01255	0.00727	0.00213	0.00421	0.03628	0.00690	0.00770
2	0.01569	0.01510	0.02542	0.06610	0.64632	0.01568	0.01928	0.01935	0.01424	0.02047	0.01182	0.01589	0.01003	0.00624	0.00762	0.00200	0.06998	0.00575	0.00315	0.00985
3	0.01623	0.01784	0.01923	0.42885	0.09679	0.24987	0.01594	0.01953	0.01480	0.01670	0.01191	0.04157	0.00986	0.00694	0.00631	0.00199	0.00934	0.00568	0.00316	0.00748
4	0.01553	0.01129	0.01330	0.00981	0.01513	0.00895	0.00788	0.04693	0.01492	0.11993	0.01804	0.01870	0.07005	0.00631	0.00533	0.00124	0.00486	0.00509	0.00469	0.60204
5	0.07353	0.15476	0.02280	0.05545	0.06672	0.24044	0.10134	0.02443	0.16033	0.01991	0.01370	0.01521	0.01090	0.00662	0.00586	0.00185	0.00850	0.00526	0.00390	0.00848
6	0.01084	0.00788	0.00955	0.00983	0.01118	0.00787	0.00709	0.12415	0.01560	0.02070	0.05005	0.50584	0.08180	0.05652	0.00921	0.00268	0.00450	0.05253	0.00599	0.00619
7	0.00914	0.00660	0.00864	0.00813	0.00965	0.00610	0.00610	0.01219	0.01829	0.02591	0.72921	0.04827	0.06097	0.01321	0.00762	0.00203	0.00305	0.01169	0.00711	0.00610
8	0.75331	0.01237	0.00995	0.00874	0.01283	0.01408	0.00720	0.02003	0.01162	0.08751	0.01036	0.01145	0.00774	0.00616	0.00421	0.00200	0.00504	0.00375	0.00433	0.00733
9	0.01321	0.09980	0.56241	0.01683	0.04329	0.01490	0.02021	0.01955	0.01381	0.02051	0.04225	0.01571	0.01116	0.00648	0.00589	0.00193	0.00844	0.00507	0.06955	0.00901
10	0.02411	0.01239	0.01483	0.01188	0.01624	0.03611	0.00962	0.12039	0.10396	0.44219	0.11502	0.02443	0.02134	0.00869	0.00663	0.00201	0.00556	0.00710	0.00735	0.01015
11	0.01785	0.01483	0.01512	0.01333	0.01715	0.05364	0.01043	0.07601	0.59638	0.07291	0.02473	0.02279	0.01835	0.00854	0.00652	0.00214	0.00560	0.00700	0.00649	0.01018
12	0.01448	0.02243	0.28854	0.02586	0.19103	0.01598	0.23101	0.01989	0.01400	0.02019	0.01186	0.01539	0.00918	0.00636	0.00817	0.00214	0.08533	0.00596	0.00301	0.00920
13	0.01094	0.00922	0.01384	0.04987	0.21783	0.00926	0.01074	0.01415	0.06171	0.01854	0.02725	0.47076	0.03043	0.01473	0.00753	0.00237	0.00517	0.01347	0.00511	0.00710
14	0.00792	0.00649	0.00698	0.00700	0.00894	0.00555	0.00520	0.00977	0.01520	0.01889	0.18163	0.10821	0.56365	0.01607	0.00768	0.00219	0.00327	0.01361	0.00620	0.00555
15	0.01082	0.00941	0.01282	0.01206	0.01330	0.04744	0.02761	0.01306	0.01085	0.01527	0.01560	0.02292	0.01453	0.04007	0.58986	0.00868	0.11961	0.00663	0.00336	0.00611
16	0.06173	0.10768	0.12512	0.05467	0.19324	0.14019	0.13854	0.02056	0.01449	0.01926	0.01107	0.01417	0.00896	0.00629	0.00705	0.00195	0.05797	0.00528	0.00312	0.00867
17	0.02234	0.01529	0.01669	0.01410	0.04214	0.04420	0.01098	0.32829	0.17655	0.17117	0.01990	0.01916	0.01416	0.00790	0.00632	0.00196	0.00625	0.00622	0.06609	0.01029
18	0.01011	0.00856	0.00907	0.00855	0.01034	0.06633	0.00641	0.01280	0.01768	0.02364	0.55707	0.04766	0.17114	0.01322	0.00748	0.00203	0.00379	0.01141	0.00661	0.00610
19	0.04741	0.01367	0.02016	0.15894	0.26248	0.01479	0.03569	0.10956	0.08208	0.07220	0.01637	0.07839	0.01376	0.00798	0.00712	0.00210	0.03678	0.00695	0.00445	0.00912
20	0.01654	0.16315	0.25307	0.04824	0.22290	0.01675	0.04164	0.03943	0.03352	0.08631	0.01308	0.01504	0.00995	0.00619	0.00595	0.00189	0.00799	0.00519	0.00358	0.00958

[dist]
# distance from previous block
# <min> <max>
0	1

[block]
# block no. 2 follows, 34 sequences, length 67
# corresponding to MSA columns:
# 197-263
name=unknown_C
#
# <colnr> <probs for GDERKNQSTAVLIFYWHMCP>
#	G	D	E	R	K	N	Q	S	T	A	V	L	I	F	Y	W	H	M	C	P
0	0.01725	0.00997	0.01207	0.01030	0.01340	0.00989	0.00811	0.09935	0.11489	0.21399	0.28543	0.05477	0.03350	0.01035	0.00680	0.00201	0.00445	0.00878	0.07622	0.00847
1	0.01461	0.00802	0.01024	0.00971	0.01190	0.00751	0.00723	0.03616	0.05447	0.20913	0.11891	0.35878	0.07440	0.01457	0.00742	0.00229	0.00424	0.01283	0.03024	0.00733
2	0.04412	0.07988	0.02388	0.02051	0.13478	0.13209	0.13058	0.15070	0.01800	0.10558	0.01341	0.01534	0.01023	0.00703	0.00779	0.00199	0.08489	0.00565	0.00434	0.00920
3	0.01780	0.11444	0.24873	0.06084	0.07714	0.11533	0.03661	0.02183	0.01477	0.13999	0.01397	0.01672	0.01075	0.05512	0.00808	0.00219	0.02766	0.00536	0.00385	0.00883
4	0.34051	0.21860	0.09539	0.01270	0.03906	0.14044	0.01127	0.02087	0.03437	0.02195	0.01005	0.01157	0.00817	0.00608	0.00472	0.00179	0.00719	0.00392	0.00348	0.00789
5	0.03850	0.01604	0.11839	0.36670	0.17553	0.01527	0.01770	0.07794	0.07204	0.02124	0.01310	0.01670	0.00993	0.00656	0.00634	0.00207	0.00803	0.00568	0.00355	0.00868
6	0.00928	0.00633	0.00766	0.00817	0.00848	0.00626	0.00532	0.00995	0.01081	0.01433	0.02534	0.18006	0.02918	0.51575	0.02459	0.00508	0.00575	0.11855	0.00462	0.00448
7	0.01492	0.01080	0.01292	0.00958	0.01472	0.00839	0.00766	0.01770	0.01456	0.11871	0.07538	0.01958	0.04591	0.00642	0.00538	0.00124	0.00467	0.00527	0.00476	0.60144
8	0.00835	0.00602	0.00791	0.00859	0.00946	0.00558	0.00600	0.01023	0.01470	0.02012	0.30148	0.47310	0.06949	0.01744	0.00799	0.00239	0.00347	0.01568	0.00642	0.00558
9	0.01607	0.01388	0.01461	0.01315	0.01680	0.01607	0.01023	0.03433	0.72094	0.02703	0.02630	0.02411	0.01972	0.00877	0.00657	0.00219	0.00511	0.00731	0.00657	0.01023
10	0.00788	0.00576	0.00742	0.00868	0.00930	0.00530	0.00587	0.00912	0.01282	0.01688	0.05892	0.66368	0.12547	0.01958	0.00816	0.00255	0.00367	0.01761	0.00603	0.00530
11	0.81856	0.01250	0.00950	0.00850	0.01250	0.01449	0.00700	0.01899	0.01100	0.02899	0.00900	0.01050	0.00700	0.00600	0.00400	0.00200	0.00500	0.00350	0.00400	0.00700
12	0.81856	0.01250	0.00950	0.00850	0.01250	0.01449	0.00700	0.01899	0.01100	0.02899	0.00900	0.01050	0.00700	0.00600	0.00400	0.00200	0.00500	0.00350	0.00400	0.00700
13	0.01727	0.77681	0.03386	0.01106	0.01658	0.02557	0.01106	0.01935	0.01313	0.01520	0.00898	0.01036	0.00829	0.00553	0.00415	0.00138	0.00691	0.00345	0.00276	0.00829
14	0.01414	0.01414	0.01979	0.01696	0.01696	0.01979	0.01414	0.01555	0.00990	0.01555	0.00848	0.01414	0.00848	0.01131	0.02120	0.00283	0.76110	0.00565	0.00283	0.00707
15	0.02456	0.01810	0.01939	0.01487	0.02004	0.02004	0.01228	0.71107	0.03038	0.04072	0.01551	0.01551	0.01099	0.00776	0.00646	0.00194	0.00711	0.00582	0.00646	0.01099
16	0.00769	0.00655	0.00662	0.00660	0.00876	0.00548	0.00495	0.00937	0.01485	0.01774	0.08790	0.06171	0.70738	0.01626	0.00764	0.00218	0.00327	0.01357	0.00604	0.00548
17	0.07887	0.01131	0.01478	0.01141	0.01635	0.01013	0.00942	0.05124	0.01838	0.67119	0.02414	0.02107	0.01527	0.00786	0.00634	0.00200	0.00552	0.00629	0.00770	0.01074
18	0.00857	0.00681	0.00786	0.00840	0.01030	0.00611	0.00677	0.01063	0.01471	0.01805	0.05415	0.08710	0.47861	0.01698	0.00808	0.00246	0.00418	0.23863	0.00598	0.00561
19	0.76855	0.01240	0.00984	0.00869	0.01275	0.01418	0.00716	0.01978	0.01147	0.07384	0.01004	0.01122	0.00757	0.00612	0.00416	0.00200	0.00503	0.00369	0.00425	0.00725
20	0.01813	0.01490	0.01577	0.01356	0.01758	0.01703	0.01072	0.19803	0.55390	0.03034	0.02369	0.02203	0.01761	0.00852	0.00655	0.00213	0.00560	0.00695	0.00655	0.01041
21	0.00900	0.00660	0.00843	0.00797	0.00956	0.00603	0.00598	0.01191	0.01794	0.02508	0.66385	0.04964	0.12684	0.01352	0.00762	0.00205	0.00307	0.01188	0.00700	0.00603
22	0.02426	0.01642	0.01812	0.01407	0.01895	0.01775	0.01155	0.57754	0.02773	0.13653	0.01801	0.05797	0.01344	0.00848	0.00657	0.00199	0.00670	0.00660	0.00665	0.01067
23	0.40582	0.01171	0.01237	0.01006	0.01459	0.01188	0.00830	0.02553	0.01492	0.39914	0.01762	0.01651	0.01170	0.00704	0.00530	0.00200	0.00526	0.00507	0.00609	0.00909
24	0.01224	0.00797	0.01007	0.00911	0.01128	0.00767	0.00697	0.01702	0.10133	0.10759	0.56547	0.04240	0.05094	0.01209	0.00737	0.00205	0.00357	0.01057	0.00715	0.00715
25	0.00858	0.00629	0.00860	0.00926	0.00996	0.00595	0.02780	0.00991	0.01263	0.01688	0.08769	0.51482	0.05694	0.14318	0.01226	0.00317	0.00443	0.05073	0.00565	0.00524
26	0.04086	0.35905	0.26441	0.01548	0.06012	0.04077	0.01576	0.07754	0.01506	0.04097	0.01108	0.01257	0.00877	0.00605	0.00523	0.00172	0.00788	0.00433	0.00329	0.00906
27	0.01593	0.01566	0.04761	0.08883	0.50437	0.01526	0.11146	0.02088	0.05370	0.04336	0.01341	0.01684	0.01070	0.00602	0.00657	0.00199	0.00802	0.00609	0.00351	0.00980
28	0.01010	0.00807	0.01153	0.01104	0.01183	0.00984	0.00853	0.01192	0.01016	0.01474	0.01622	0.02586	0.01588	0.14542	0.52025	0.00849	0.14391	0.00706	0.00342	0.00573
29	0.01357	0.04462	0.01428	0.00963	0.01537	0.00935	0.00780	0.01640	0.01339	0.02080	0.01138	0.01327	0.00951	0.00482	0.00476	0.00098	0.00488	0.00381	0.00378	0.77761
30	0.01865	0.58649	0.05427	0.01254	0.01772	0.18495	0.01181	0.02081	0.01429	0.01552	0.00929	0.01076	0.00830	0.00580	0.00459	0.00147	0.00805	0.00366	0.00289	0.00816
31	0.02354	0.00970	0.01316	0.01071	0.01464	0.00848	0.00858	0.02594	0.01768	0.54651	0.12426	0.12104	0.02564	0.01028	0.00688	0.00208	0.00494	0.00873	0.00762	0.00958
32	0.67006	0.01130	0.00886	0.00804	0.01158	0.01293	0.00654	0.01827	0.01147	0.02809	0.01122	0.01300	0.00876	0.00628	0.00409	0.00191	0.00463	0.00396	0.15219	0.00682
33	0.00811	0.00580	0.00771	0.00884	0.00942	0.00541	0.00602	0.00959	0.01347	0.01824	0.16398	0.63537	0.04611	0.01894	0.00813	0.00251	0.00362	0.01713	0.00620	0.00541
34	0.00786	0.00567	0.00745	0.00887	0.00934	0.00526	0.00594	0.00901	0.01249	0.01654	0.03716	0.73203	0.07842	0.02004	0.00822	0.00260	0.00372	0.01812	0.00600	0.00526
35	0.01122	0.00561	0.00842	0.00842	0.00842	0.00561	0.00561	0.00842	0.00842	0.01122	0.01122	0.01964	0.01122	0.02245	0.02525	0.81201	0.00561	0.00561	0.00281	0.00281
36	0.00792	0.00656	0.00693	0.00684	0.00890	0.00557	0.00513	0.00982	0.01539	0.01903	0.18876	0.05960	0.60571	0.01578	0.00763	0.00215	0.00323	0.01327	0.00621	0.00557
37	0.01727	0.77681	0.03386	0.01106	0.01658	0.02557	0.01106	0.01935	0.01313	0.01520	0.00898	0.01036	0.00829	0.00553	0.00415	0.00138	0.00691	0.00345	0.00276	0.00829
38	0.02899	0.01100	0.01499	0.01150	0.01649	0.00950	0.00950	0.03149	0.01849	0.73709	0.02549	0.02199	0.01599	0.00800	0.00650	0.00200	0.00550	0.00650	0.00800	0.01100
39	0.01414	0.01414	0.01979	0.01696	0.01696	0.01979	0.01414	0.01555	0.00990	0.01555	0.00848	0.01414	0.00848	0.01131	0.02120	0.00283	0.76110	0.00565	0.00283	0.00707
40	0.02817	0.01118	0.01497	0.01160	0.01651	0.00991	0.00954	0.03167	0.06299	0.69211	0.02554	0.02213	0.01623	0.00805	0.00650	0.00201	0.00547	0.00655	0.00791	0.01095
41	0.01727	0.77681	0.03386	0.01106	0.01658	0.02557	0.01106	0.01935	0.01313	0.01520	0.00898	0.01036	0.00829	0.00553	0.00415	0.00138	0.00691	0.00345	0.00276	0.00829
42	0.00764	0.00655	0.00655	0.00655	0.00873	0.00545	0.00491	0.00927	0.01473	0.01745	0.06546	0.06218	0.73000	0.01636	0.00764	0.00218	0.00327	0.01364	0.00600	0.00545
43	0.02350	0.02974	0.01840	0.01667	0.01978	0.70092	0.01259	0.02515	0.01778	0.01580	0.00989	0.01181	0.00833	0.00695	0.00680	0.00174	0.05913	0.00426	0.00330	0.00746
44	0.01607	0.01388	0.01461	0.01315	0.01680	0.01607	0.01023	0.03433	0.72094	0.02703	0.02630	0.02411	0.01972	0.00877	0.00657	0.00219	0.00511	0.00731	0.00657	0.01023
45	0.00915	0.00693	0.00839	0.00835	0.01018	0.00601	0.00601	0.01104	0.01392	0.01922	0.13941	0.36613	0.16736	0.01526	0.00727	0.00212	0.00369	0.01345	0.04750	0.13862
46	0.01741	0.14263	0.36009	0.01663	0.04439	0.01705	0.03820	0.13476	0.05531	0.09274	0.01403	0.01500	0.01015	0.00660	0.00599	0.00193	0.00809	0.00516	0.00409	0.00976
47	0.04499	0.01599	0.01691	0.01368	0.01816	0.01791	0.01108	0.44357	0.24392	0.03524	0.01896	0.01848	0.01388	0.00801	0.00632	0.00200	0.00621	0.00622	0.04808	0.01037
48	0.01633	0.01401	0.01475	0.01320	0.01690	0.01619	0.01029	0.05476	0.70010	0.02744	0.02597	0.02385	0.01946	0.00874	0.00657	0.00218	0.00517	0.00726	0.00657	0.01025
49	0.06216	0.29383	0.29346	0.01389	0.02059	0.08052	0.01527	0.01974	0.01371	0.01867	0.01170	0.01330	0.02621	0.00608	0.00518	0.00167	0.00789	0.00430	0.00306	0.08877
50	0.02402	0.01783	0.01909	0.01476	0.01983	0.01979	0.01215	0.66820	0.07412	0.03985	0.01620	0.01606	0.01154	0.00782	0.00647	0.00196	0.00698	0.00591	0.00647	0.01094
51	0.81856	0.01250	0.00950	0.00850	0.01250	0.01449	0.00700	0.01899	0.01100	0.02899	0.00900	0.01050	0.00700	0.00600	0.00400	0.00200	0.00500	0.00350	0.00400	0.00700
52	0.02357	0.02986	0.01839	0.01666	0.01981	0.70605	0.01258	0.02522	0.01784	0.01580	0.00990	0.01179	0.00833	0.00692	0.00669	0.00173	0.05384	0.00425	0.00330	0.00747
53	0.00783	0.00578	0.00734	0.00858	0.00926	0.00528	0.00581	0.00904	0.01277	0.01666	0.04070	0.64828	0.15988	0.01958	0.00814	0.00255	0.00367	0.01756	0.00600	0.00528
54	0.01414	0.01414	0.01979	0.01696	0.01696	0.01979	0.01414	0.01555	0.00990	0.01555	0.00848	0.01414	0.00848	0.01131	0.02120	0.00283	0.76110	0.00565	0.00283	0.00707
55	0.81856	0.01250	0.00950	0.00850	0.01250	0.01449	0.00700	0.01899	0.01100	0.02899	0.00900	0.01050	0.00700	0.00600	0.00400	0.00200	0.00500	0.00350	0.00400	0.00700
56	0.01204	0.00602	0.00602	0.00602	0.00753	0.00602	0.00452	0.01506	0.01355	0.02409	0.02108	0.02409	0.01656	0.00753	0.00452	0.00151	0.00301	0.00602	0.80879	0.00602
57	0.01340	0.01148	0.01340	0.00957	0.01531	0.00861	0.00766	0.01627	0.01340	0.02105	0.01148	0.01340	0.00957	0.00479	0.00479	0.00096	0.00479	0.00383	0.00383	0.81242
58	0.00914	0.00660	0.00864	0.00813	0.00965	0.00610	0.00610	0.01219	0.01829	0.02591	0.72921	0.04827	0.06097	0.01321	0.00762	0.00203	0.00305	0.01169	0.00711	0.00610
59	0.02481	0.01771	0.01915	0.01468	0.01984	0.01946	0.01213	0.67358	0.02972	0.07914	0.01606	0.01587	0.01126	0.00777	0.00647	0.00194	0.00702	0.00585	0.00655	0.01099
60	0.00940	0.00626	0.00705	0.00705	0.00705	0.00626	0.00392	0.00940	0.00940	0.01253	0.02036	0.04228	0.02349	0.77292	0.03289	0.00626	0.00626	0.00940	0.00392	0.00392
61	0.00904	0.00592	0.00791	0.00913	0.00976	0.00548	0.00619	0.01024	0.01271	0.05625	0.03505	0.72751	0.04126	0.01957	0.00815	0.00259	0.00385	0.01771	0.00611	0.00557
62	0.00960	0.00686	0.00948	0.01097	0.01210	0.00674	0.00900	0.01198	0.01407	0.01843	0.03466	0.29583	0.03896	0.01862	0.00871	0.00286	0.00524	0.47421	0.00597	0.00572
63	0.75617	0.01393	0.01019	0.00914	0.01308	0.07202	0.00743	0.01953	0.01157	0.02796	0.00907	0.01059	0.00710	0.00605	0.00414	0.00197	0.00552	0.00355	0.00395	0.00704
64	0.00813	0.00581	0.00778	0.00919	0.00970	0.00546	0.00635	0.00948	0.01282	0.01713	0.06553	0.68287	0.04309	0.01975	0.00827	0.00263	0.00389	0.07076	0.00604	0.00534
65	0.02076	0.16657	0.09461	0.01701	0.05699	0.46130	0.01385	0.02319	0.01622	0.01643	0.00999	0.01198	0.00841	0.00661	0.00644	0.00173	0.05254	0.00426	0.00313	0.00796
66	0.05894	0.05749	0.10038	0.11595	0.30716	0.01469	0.01614	0.05998	0.01512	0.07587	0.01279	0.01539	0.00993	0.00605	0.00594	0.00182	0.00725	0.00522	0.00376	0.11014

[dist]
# distance from previous block
# <min> <max>
0	4

[block]
# block no. 3 follows, 34 sequences, length 10
# corresponding to MSA columns:
# 268-277
name=unknown_D
#
# <colnr> <probs for GDERKNQSTAVLIFYWHMCP>
#	G	D	E	R	K	N	Q	S	T	A	V	L	I	F	Y	W	H	M	C	P
0	0.05699	0.08924	0.18440	0.01663	0.09266	0.13259	0.01431	0.07050	0.03930	0.02181	0.07620	0.02145	0.01610	0.00809	0.00677	0.00198	0.04076	0.05479	0.04711	0.00832
1	0.01366	0.00905	0.01048	0.00954	0.01186	0.00933	0.00732	0.07307	0.15873	0.06874	0.18311	0.03343	0.10035	0.01238	0.00923	0.11435	0.00440	0.02849	0.13539	0.00709
2	0.01296	0.01102	0.01293	0.00952	0.01484	0.00835	0.00752	0.01569	0.01332	0.02069	0.01340	0.07340	0.01220	0.00601	0.00506	0.00109	0.00470	0.00498	0.00400	0.74830
3	0.06838	0.08776	0.19990	0.01815	0.14804	0.01473	0.01495	0.08491	0.03609	0.13417	0.01422	0.01530	0.01048	0.00633	0.00578	0.00179	0.00704	0.00505	0.00432	0.12259
4	0.02219	0.01522	0.01771	0.01465	0.06328	0.01536	0.01123	0.39461	0.02351	0.15057	0.01603	0.01613	0.01145	0.00699	0.00608	0.00172	0.00634	0.00547	0.00591	0.19556
5	0.00832	0.00587	0.00763	0.00886	0.00925	0.00558	0.00595	0.00938	0.01203	0.01600	0.03284	0.59120	0.03896	0.15202	0.01262	0.00329	0.00435	0.06515	0.00563	0.00507
6	0.01853	0.13021	0.07730	0.04653	0.27832	0.05686	0.07608	0.16949	0.01810	0.04930	0.01279	0.01503	0.00998	0.00630	0.00614	0.00187	0.00802	0.00546	0.00398	0.00972
7	0.01122	0.00561	0.00842	0.00842	0.00842	0.00561	0.00561	0.00842	0.00842	0.01122	0.01122	0.01964	0.01122	0.02245	0.02525	0.81201	0.00561	0.00561	0.00281	0.00281
8	0.00888	0.00644	0.00794	0.00781	0.00931	0.00587	0.00576	0.01142	0.01659	0.02303	0.47442	0.13945	0.18180	0.01433	0.00751	0.00210	0.00318	0.01254	0.05574	0.00587
9	0.01450	0.01342	0.01467	0.01216	0.06272	0.07326	0.00887	0.01733	0.01391	0.02060	0.01140	0.01342	0.00951	0.00501	0.00498	0.00108	0.00557	0.00398	0.00374	0.68987

[dist]
# distance from previous block
# <min> <max>
0	2

[block]
# block no. 4 follows, 34 sequences, length 30
# corresponding to MSA columns:
# 280-309
name=unknown_E
#
# <colnr> <probs for GDERKNQSTAVLIFYWHMCP>
#	G	D	E	R	K	N	Q	S	T	A	V	L	I	F	Y	W	H	M	C	P
0	0.41693	0.01452	0.01575	0.06216	0.18904	0.05854	0.01163	0.07100	0.01438	0.07514	0.01158	0.01345	0.00886	0.00627	0.00519	0.00196	0.00645	0.00459	0.00415	0.00838
1	0.01840	0.03972	0.01744	0.01917	0.19003	0.28147	0.01211	0.04952	0.07396	0.02099	0.01472	0.01685	0.01181	0.00683	0.00569	0.00173	0.00775	0.00530	0.19830	0.00819
2	0.00799	0.00572	0.00761	0.00891	0.00940	0.00533	0.00601	0.00930	0.01293	0.01739	0.10152	0.70024	0.04447	0.01957	0.00819	0.00257	0.00368	0.01773	0.00610	0.00533
3	0.01648	0.06868	0.02382	0.19657	0.37883	0.01679	0.01732	0.12793	0.01644	0.02248	0.01213	0.01571	0.00976	0.00648	0.00696	0.00198	0.04307	0.00560	0.00359	0.00937
4	0.01355	0.01172	0.01417	0.01138	0.05842	0.00902	0.00839	0.01648	0.01348	0.02106	0.01152	0.01355	0.00961	0.00484	0.00488	0.00101	0.00496	0.00394	0.00379	0.76421
5	0.01969	0.05621	0.19504	0.02092	0.15630	0.29005	0.01654	0.12972	0.01817	0.02179	0.01160	0.01350	0.00906	0.00649	0.00604	0.00184	0.00950	0.00484	0.00362	0.00908
6	0.01547	0.01482	0.02528	0.13924	0.63715	0.01521	0.01957	0.01937	0.01446	0.02047	0.01206	0.01616	0.01001	0.00585	0.00641	0.00195	0.00781	0.00575	0.00315	0.00981
7	0.00764	0.00655	0.00655	0.00655	0.00873	0.00545	0.00491	0.00927	0.01473	0.01745	0.06546	0.06218	0.73000	0.01636	0.00764	0.00218	0.00327	0.01364	0.00600	0.00545
8	0.02592	0.01032	0.01401	0.01097	0.01543	0.00897	0.00897	0.02850	0.01846	0.62691	0.13452	0.02606	0.02296	0.00880	0.00667	0.00200	0.00512	0.00730	0.00786	0.01024
9	0.00924	0.00690	0.01026	0.01026	0.01137	0.00801	0.00792	0.01146	0.01035	0.01491	0.01742	0.02601	0.01643	0.07543	0.72072	0.01023	0.01690	0.00701	0.00348	0.00570
10	0.00772	0.00655	0.00666	0.00663	0.00878	0.00549	0.00497	0.00943	0.01492	0.01791	0.10111	0.06144	0.69406	0.01619	0.00764	0.00217	0.00326	0.01353	0.00606	0.00549
11	0.81856	0.01250	0.00950	0.00850	0.01250	0.01449	0.00700	0.01899	0.01100	0.02899	0.00900	0.01050	0.00700	0.00600	0.00400	0.00200	0.00500	0.00350	0.00400	0.00700
12	0.00787	0.00562	0.00750	0.00900	0.00937	0.00525	0.00600	0.00900	0.01237	0.01649	0.03561	0.76871	0.04274	0.02024	0.00825	0.00262	0.00375	0.01837	0.00600	0.00525
13	0.01220	0.01148	0.01938	0.75739	0.04450	0.01436	0.01794	0.01651	0.01292	0.01651	0.01148	0.01723	0.00861	0.00646	0.00646	0.00215	0.00861	0.00574	0.00287	0.00718
14	0.01757	0.74601	0.03327	0.01121	0.01672	0.02534	0.01111	0.04743	0.01383	0.01624	0.00925	0.01057	0.00840	0.00562	0.00424	0.00140	0.00692	0.00355	0.00291	0.00840
15	0.00870	0.00652	0.00807	0.00783	0.00942	0.00588	0.00581	0.01128	0.01702	0.02325	0.52385	0.10539	0.21429	0.01446	0.00767	0.00211	0.00315	0.01264	0.00677	0.00588
16	0.01705	0.73759	0.07108	0.01144	0.01718	0.02501	0.01173	0.01941	0.01316	0.01548	0.00912	0.01054	0.00829	0.00556	0.00425	0.00142	0.00705	0.00352	0.00276	0.00836
17	0.01888	0.06010	0.19106	0.01428	0.04779	0.01330	0.01336	0.11755	0.03966	0.19759	0.01647	0.03602	0.01215	0.00692	0.00594	0.00175	0.00664	0.00553	0.00500	0.18999
18	0.44201	0.04208	0.11403	0.01085	0.01595	0.01373	0.01019	0.02233	0.04475	0.17217	0.01363	0.01403	0.00974	0.00648	0.00497	0.00194	0.00580	0.00448	0.00470	0.04613
19	0.01296	0.03342	0.73944	0.01842	0.02797	0.01501	0.02387	0.02046	0.01364	0.02046	0.01160	0.01364	0.00818	0.00614	0.00614	0.00205	0.00955	0.00477	0.00273	0.00955
20	0.01545	0.01480	0.02525	0.14167	0.63482	0.01521	0.01956	0.01936	0.01446	0.02046	0.01206	0.01617	0.01000	0.00586	0.00641	0.00195	0.00781	0.00575	0.00315	0.00980
21	0.01547	0.01675	0.09745	0.09298	0.46597	0.01492	0.11581	0.01983	0.01466	0.04339	0.01402	0.01748	0.02921	0.00616	0.00658	0.00200	0.00820	0.00615	0.00336	0.00960
22	0.00774	0.00650	0.00672	0.00677	0.00882	0.00548	0.00504	0.00943	0.01482	0.01791	0.10374	0.09929	0.65288	0.01638	0.00767	0.00220	0.00328	0.01377	0.00607	0.00548
23	0.00783	0.00577	0.00735	0.00861	0.00927	0.00528	0.00582	0.00904	0.01275	0.01665	0.04037	0.65600	0.15237	0.01962	0.00815	0.00255	0.00367	0.01761	0.00600	0.00528
24	0.01514	0.01448	0.02468	0.20163	0.57733	0.01513	0.01940	0.01908	0.01431	0.02007	0.01200	0.01627	0.00987	0.00592	0.00641	0.00197	0.00789	0.00575	0.00312	0.00954
25	0.01569	0.34152	0.32668	0.05647	0.04529	0.07708	0.01718	0.02018	0.01379	0.01770	0.01039	0.01239	0.00833	0.00593	0.00531	0.00174	0.00850	0.00426	0.00281	0.00875
26	0.01262	0.01288	0.01253	0.01234	0.01365	0.18295	0.03962	0.01409	0.01369	0.01644	0.02610	0.48812	0.03004	0.01556	0.00881	0.00239	0.07374	0.01338	0.00496	0.00610
27	0.63569	0.01671	0.01153	0.01037	0.01422	0.18311	0.00826	0.02056	0.01268	0.02596	0.00922	0.01076	0.00730	0.00615	0.00442	0.00192	0.00653	0.00365	0.00384	0.00711
28	0.00764	0.00655	0.00655	0.00655	0.00873	0.00545	0.00491	0.00927	0.01473	0.01745	0.06546	0.06218	0.73000	0.01636	0.00764	0.00218	0.00327	0.01364	0.00600	0.00545
29	0.02079	0.01468	0.01908	0.02144	0.24732	0.04681	0.01335	0.09951	0.17352	0.22209	0.01920	0.01912	0.01390	0.00726	0.00640	0.00196	0.00654	0.00618	0.00564	0.03521

[dist]
# distance from previous block
# <min> <max>
0	1

[block]
# block no. 5 follows, 34 sequences, length 25
# corresponding to MSA columns:
# 311-335
name=unknown_F
#
# <colnr> <probs for GDERKNQSTAVLIFYWHMCP>
#	G	D	E	R	K	N	Q	S	T	A	V	L	I	F	Y	W	H	M	C	P
0	0.02703	0.01147	0.01502	0.01163	0.01639	0.01043	0.00956	0.10651	0.01982	0.60654	0.07604	0.02319	0.01873	0.00835	0.00658	0.00199	0.00550	0.00680	0.00776	0.01064
1	0.00937	0.00636	0.00754	0.00754	0.00771	0.00653	0.00453	0.00971	0.00954	0.01289	0.01991	0.03980	0.02241	0.66663	0.13771	0.00687	0.00788	0.00903	0.00385	0.00419
2	0.02394	0.01779	0.01904	0.01474	0.01980	0.01975	0.01213	0.66138	0.08109	0.03972	0.01630	0.01614	0.01163	0.00783	0.00647	0.00196	0.00696	0.00593	0.00647	0.01093
3	0.01041	0.00744	0.01041	0.01190	0.01339	0.00744	0.01041	0.01339	0.01487	0.01934	0.03421	0.07288	0.03719	0.01785	0.00892	0.00297	0.00595	0.68913	0.00595	0.00595
4	0.00923	0.00692	0.01038	0.01038	0.01154	0.00808	0.00808	0.01154	0.01038	0.01500	0.01731	0.02538	0.01615	0.04846	0.74732	0.01038	0.01731	0.00692	0.00346	0.00577
5	0.01414	0.01414	0.01979	0.01696	0.01696	0.01979	0.01414	0.01555	0.00990	0.01555	0.00848	0.01414	0.00848	0.01131	0.02120	0.00283	0.76110	0.00565	0.00283	0.00707
6	0.00886	0.00659	0.00824	0.00783	0.00948	0.00597	0.00587	0.01164	0.01761	0.02430	0.60241	0.05092	0.18877	0.01381	0.00762	0.00206	0.00309	0.01206	0.00690	0.00597
7	0.01727	0.77681	0.03386	0.01106	0.01658	0.02557	0.01106	0.01935	0.01313	0.01520	0.00898	0.01036	0.00829	0.00553	0.00415	0.00138	0.00691	0.00345	0.00276	0.00829
8	0.01327	0.01257	0.02130	0.55589	0.23769	0.01464	0.01847	0.01744	0.01342	0.01780	0.01167	0.01688	0.00907	0.00626	0.00644	0.00209	0.00835	0.00575	0.00296	0.00804
9	0.00921	0.00672	0.00953	0.00960	0.01046	0.00756	0.00708	0.01096	0.01026	0.01453	0.01877	0.06145	0.01891	0.20541	0.55914	0.00915	0.01431	0.00796	0.00367	0.00534
10	0.81856	0.01250	0.00950	0.00850	0.01250	0.01449	0.00700	0.01899	0.01100	0.02899	0.00900	0.01050	0.00700	0.00600	0.00400	0.00200	0.00500	0.00350	0.00400	0.00700
11	0.00796	0.00652	0.00707	0.00741	0.00930	0.00564	0.00562	0.00967	0.01445	0.01753	0.05848	0.15089	0.57206	0.01700	0.00785	0.00232	0.00361	0.08514	0.00599	0.00548
12	0.02414	0.03079	0.01831	0.01665	0.01998	0.74698	0.01248	0.02580	0.01831	0.01581	0.00999	0.01165	0.00832	0.00666	0.00583	0.00166	0.01165	0.00416	0.00333	0.00749
13	0.08079	0.01690	0.05244	0.02500	0.31910	0.08422	0.04499	0.07388	0.09334	0.12322	0.01537	0.01680	0.01159	0.00665	0.00624	0.00196	0.00744	0.00575	0.00453	0.00979
14	0.00914	0.00660	0.00864	0.00813	0.00965	0.00610	0.00610	0.01219	0.01829	0.02591	0.72921	0.04827	0.06097	0.01321	0.00762	0.00203	0.00305	0.01169	0.00711	0.00610
15	0.00773	0.00655	0.00668	0.00664	0.00878	0.00549	0.00498	0.00945	0.01495	0.01798	0.10669	0.06132	0.68843	0.01617	0.00764	0.00217	0.00326	0.01352	0.00607	0.00549
16	0.01315	0.06708	0.70750	0.01808	0.02745	0.01548	0.02329	0.02041	0.01362	0.02022	0.01148	0.01349	0.00819	0.00611	0.00605	0.00202	0.00943	0.00471	0.00273	0.00949
17	0.01041	0.00744	0.01041	0.01190	0.01339	0.00744	0.01041	0.01339	0.01487	0.01934	0.03421	0.07288	0.03719	0.01785	0.00892	0.00297	0.00595	0.68913	0.00595	0.00595
18	0.02899	0.01100	0.01499	0.01150	0.01649	0.00950	0.00950	0.03149	0.01849	0.73709	0.02549	0.02199	0.01599	0.00800	0.00650	0.00200	0.00550	0.00650	0.00800	0.01100
19	0.00827	0.00596	0.00793	0.00937	0.01000	0.00561	0.00667	0.00972	0.01288	0.01700	0.03664	0.62586	0.07082	0.01969	0.00833	0.00266	0.00409	0.12715	0.00599	0.00537
20	0.01485	0.04110	0.29226	0.05827	0.25496	0.01513	0.13674	0.02022	0.01442	0.04452	0.01322	0.01749	0.01043	0.00638	0.00655	0.00205	0.00880	0.02992	0.00327	0.00941
21	0.02572	0.01176	0.01582	0.01369	0.06463	0.01110	0.01037	0.09503	0.01865	0.54021	0.02310	0.04719	0.01576	0.00838	0.00712	0.00203	0.03822	0.00675	0.03408	0.01040
22	0.00809	0.00639	0.00728	0.00743	0.00910	0.00559	0.00543	0.01001	0.01525	0.01955	0.23808	0.18953	0.42290	0.01624	0.00775	0.00222	0.00330	0.01399	0.00630	0.00559
23	0.07964	0.05447	0.01872	0.01595	0.04321	0.26962	0.01239	0.10904	0.01624	0.04647	0.01110	0.01367	0.00921	0.00816	0.01038	0.00208	0.23779	0.00495	0.02891	0.00799
24	0.01430	0.03994	0.01533	0.01229	0.06829	0.04184	0.00899	0.01781	0.04354	0.02088	0.01200	0.01386	0.00995	0.00513	0.00500	0.00113	0.00538	0.00412	0.00384	0.65638

[dist]
# distance from previous block
# <min> <max>
0	5

[block]
# block no. 6 follows, 34 sequences, length 85
# corresponding to MSA columns:
# 341-425
name=unknown_G
#
# <colnr> <probs for GDERKNQSTAVLIFYWHMCP>
#	G	D	E	R	K	N	Q	S	T	A	V	L	I	F	Y	W	H	M	C	P
0	0.44955	0.03680	0.06683	0.01114	0.01585	0.01589	0.00985	0.20098	0.03871	0.05698	0.01242	0.01331	0.00919	0.00666	0.00499	0.00196	0.00590	0.00451	0.02997	0.00848
1	0.01340	0.01148	0.01340	0.00957	0.01531	0.00861	0.00766	0.01627	0.01340	0.02105	0.01148	0.01340	0.00957	0.00479	0.00479	0.00096	0.00479	0.00383	0.00383	0.81242
2	0.00797	0.00649	0.00705	0.00706	0.00897	0.00557	0.00524	0.00986	0.01529	0.01913	0.20072	0.11187	0.54029	0.01600	0.00768	0.00218	0.00326	0.01358	0.00623	0.00557
3	0.01039	0.00804	0.01089	0.01167	0.01304	0.00854	0.00996	0.01294	0.01419	0.01855	0.03551	0.08644	0.12865	0.01696	0.01017	0.00284	0.09398	0.49565	0.00559	0.00599
4	0.01069	0.00605	0.00679	0.00699	0.00828	0.00588	0.00510	0.01334	0.01419	0.02293	0.15390	0.17490	0.02986	0.01107	0.00582	0.00182	0.00316	0.00949	0.50384	0.00588
5	0.02456	0.01810	0.01939	0.01487	0.02004	0.02004	0.01228	0.71107	0.03038	0.04072	0.01551	0.01551	0.01099	0.00776	0.00646	0.00194	0.00711	0.00582	0.00646	0.01099
6	0.00925	0.00686	0.01007	0.01007	0.01111	0.00790	0.00768	0.01133	0.01029	0.01476	0.01760	0.02699	0.01685	0.11729	0.67944	0.00999	0.01626	0.00716	0.00350	0.00559
7	0.01727	0.77681	0.03386	0.01106	0.01658	0.02557	0.01106	0.01935	0.01313	0.01520	0.00898	0.01036	0.00829	0.00553	0.00415	0.00138	0.00691	0.00345	0.00276	0.00829
8	0.00914	0.00660	0.00864	0.00813	0.00965	0.00610	0.00610	0.01219	0.01829	0.02591	0.72921	0.04827	0.06097	0.01321	0.00762	0.00203	0.00305	0.01169	0.00711	0.00610
9	0.01727	0.77681	0.03386	0.01106	0.01658	0.02557	0.01106	0.01935	0.01313	0.01520	0.00898	0.01036	0.00829	0.00553	0.00415	0.00138	0.00691	0.00345	0.00276	0.00829
10	0.08870	0.01155	0.01485	0.01148	0.01641	0.01054	0.00948	0.07302	0.01867	0.63977	0.02361	0.02071	0.01500	0.00783	0.00631	0.00200	0.00556	0.00623	0.00760	0.01069
11	0.00830	0.00649	0.00753	0.00745	0.00918	0.00571	0.00552	0.01050	0.01604	0.02099	0.34685	0.12106	0.38053	0.01537	0.00769	0.00216	0.00322	0.01324	0.00648	0.00571
12	0.01727	0.77681	0.03386	0.01106	0.01658	0.02557	0.01106	0.01935	0.01313	0.01520	0.00898	0.01036	0.00829	0.00553	0.00415	0.00138	0.00691	0.00345	0.00276	0.00829
13	0.01340	0.01148	0.01340	0.00957	0.01531	0.00861	0.00766	0.01627	0.01340	0.02105	0.01148	0.01340	0.00957	0.00479	0.00479	0.00096	0.00479	0.00383	0.00383	0.81242
14	0.00885	0.00682	0.01031	0.01086	0.01188	0.00645	0.06031	0.01060	0.01300	0.01728	0.03367	0.59837	0.03932	0.01873	0.00831	0.00265	0.00465	0.12655	0.00578	0.00563
15	0.00929	0.00669	0.00921	0.00921	0.00996	0.00744	0.00662	0.01079	0.01004	0.01413	0.01838	0.03131	0.01873	0.30257	0.49672	0.00894	0.01343	0.00779	0.00362	0.00512
16	0.00895	0.00662	0.00836	0.00799	0.00962	0.00604	0.00603	0.01178	0.01764	0.02442	0.60704	0.05111	0.16368	0.01383	0.00766	0.00208	0.00316	0.03108	0.00691	0.00599
17	0.01340	0.01148	0.01340	0.00957	0.01531	0.00861	0.00766	0.01627	0.01340	0.02105	0.01148	0.01340	0.00957	0.00479	0.00479	0.00096	0.00479	0.00383	0.00383	0.81242
18	0.02899	0.01100	0.01499	0.01150	0.01649	0.00950	0.00950	0.03149	0.01849	0.73709	0.02549	0.02199	0.01599	0.00800	0.00650	0.00200	0.00550	0.00650	0.00800	0.01100
19	0.01607	0.01388	0.01461	0.01315	0.01680	0.01607	0.01023	0.03433	0.72094	0.02703	0.02630	0.02411	0.01972	0.00877	0.00657	0.00219	0.00511	0.00731	0.00657	0.01023
20	0.81856	0.01250	0.00950	0.00850	0.01250	0.01449	0.00700	0.01899	0.01100	0.02899	0.00900	0.01050	0.00700	0.00600	0.00400	0.00200	0.00500	0.00350	0.00400	0.00700
21	0.01563	0.01342	0.01423	0.01283	0.01635	0.01544	0.00997	0.03294	0.67660	0.02696	0.07065	0.02563	0.02233	0.00905	0.00664	0.00218	0.00498	0.00758	0.00661	0.00997
22	0.01340	0.01148	0.01340	0.00957	0.01531	0.00861	0.00766	0.01627	0.01340	0.02105	0.01148	0.01340	0.00957	0.00479	0.00479	0.00096	0.00479	0.00383	0.00383	0.81242
23	0.00914	0.00660	0.00864	0.00813	0.00965	0.00610	0.00610	0.01219	0.01829	0.02591	0.72921	0.04827	0.06097	0.01321	0.00762	0.00203	0.00305	0.01169	0.00711	0.00610
24	0.01244	0.01173	0.01981	0.71210	0.08792	0.01442	0.01806	0.01672	0.01303	0.01680	0.01153	0.01715	0.00872	0.00642	0.00646	0.00214	0.00855	0.00574	0.00289	0.00737
25	0.81856	0.01250	0.00950	0.00850	0.01250	0.01449	0.00700	0.01899	0.01100	0.02899	0.00900	0.01050	0.00700	0.00600	0.00400	0.00200	0.00500	0.00350	0.00400	0.00700
26	0.81856	0.01250	0.00950	0.00850	0.01250	0.01449	0.00700	0.01899	0.01100	0.02899	0.00900	0.01050	0.00700	0.00600	0.00400	0.00200	0.00500	0.00350	0.00400	0.00700
27	0.00787	0.00562	0.00750	0.00900	0.00937	0.00525	0.00600	0.00900	0.01237	0.01649	0.03561	0.76871	0.04274	0.02024	0.00825	0.00262	0.00375	0.01837	0.00600	0.00525
28	0.01607	0.01388	0.01461	0.01315	0.01680	0.01607	0.01023	0.03433	0.72094	0.02703	0.02630	0.02411	0.01972	0.00877	0.00657	0.00219	0.00511	0.00731	0.00657	0.01023
29	0.00787	0.00562	0.00750	0.00900	0.00937	0.00525	0.00600	0.00900	0.01237	0.01649	0.03561	0.76871	0.04274	0.02024	0.00825	0.00262	0.00375	0.01837	0.00600	0.00525
30	0.01220	0.01148	0.01938	0.75739	0.04450	0.01436	0.01794	0.01651	0.01292	0.01651	0.01148	0.01723	0.00861	0.00646	0.00646	0.00215	0.00861	0.00574	0.00287	0.00718
