[name]
unknown

[dist]
# distance from previous block
# <min> <max>
0	22

[block]
# block no. 0 follows, 33 sequences, length 34
# corresponding to MSA columns:
# 22-55
name=unknown_A
#
# <colnr> <probs for GDERKNQSTAVLIFYWHMCP>
#	G	D	E	R	K	N	Q	S	T	A	V	L	I	F	Y	W	H	M	C	P
0	0.01587	0.01552	0.02298	0.08912	0.50156	0.07979	0.01791	0.01948	0.01520	0.02038	0.01558	0.02488	0.01433	0.00789	0.00686	0.00212	0.00799	0.10958	0.00367	0.00927
1	0.01698	0.00983	0.01082	0.00929	0.01220	0.01012	0.00736	0.17271	0.03712	0.11594	0.02374	0.02496	0.06279	0.01032	0.03919	0.00217	0.00506	0.00674	0.41468	0.00797
2	0.01128	0.00722	0.00911	0.00835	0.01043	0.00647	0.00636	0.01405	0.01795	0.10384	0.51774	0.04894	0.18612	0.01349	0.00764	0.00210	0.00343	0.01170	0.00713	0.00664
3	0.00932	0.00673	0.00880	0.00828	0.00984	0.00621	0.00621	0.01242	0.01863	0.02640	0.72410	0.04918	0.06212	0.01346	0.00776	0.00207	0.00311	0.01191	0.00725	0.00621
4	0.00790	0.00662	0.00687	0.00693	0.00900	0.00559	0.00515	0.00963	0.01510	0.01830	0.10865	0.10534	0.63899	0.01670	0.00782	0.00224	0.00335	0.01406	0.00619	0.00559
5	0.01565	0.01625	0.02532	0.02131	0.06507	0.05114	0.19323	0.04260	0.01292	0.01848	0.01041	0.01532	0.00918	0.00929	0.01587	0.00257	0.45799	0.00623	0.00318	0.00799
6	0.01778	0.02074	0.01534	0.01383	0.01647	0.39136	0.03247	0.02002	0.04108	0.01674	0.02519	0.02793	0.18054	0.08261	0.01032	0.00240	0.06672	0.00739	0.00417	0.00690
7	0.63479	0.01524	0.06731	0.01041	0.01510	0.01565	0.00927	0.12218	0.01437	0.03065	0.01037	0.01171	0.00783	0.00639	0.00462	0.00203	0.00577	0.00402	0.00435	0.00794
8	0.02084	0.01632	0.02124	0.01779	0.06455	0.01752	0.11558	0.30882	0.23116	0.08653	0.01929	0.01925	0.01402	0.00775	0.00680	0.00209	0.00712	0.00671	0.00605	0.01057
9	0.01740	0.01541	0.01796	0.01536	0.01727	0.07386	0.01248	0.12188	0.11990	0.05408	0.01406	0.01716	0.01166	0.01197	0.04712	0.02333	0.37382	0.00602	0.02093	0.00830
10	0.01763	0.01499	0.01942	0.20914	0.02637	0.01759	0.04753	0.22674	0.20819	0.02715	0.01671	0.01856	0.01260	0.00816	0.00849	0.00222	0.09770	0.00639	0.00505	0.00937
11	0.01532	0.01303	0.01398	0.01263	0.01603	0.01485	0.00979	0.03161	0.61135	0.02737	0.13116	0.02825	0.02639	0.00961	0.00686	0.00221	0.00490	0.00811	0.00678	0.00979
12	0.00865	0.00666	0.00790	0.00768	0.00945	0.00591	0.00573	0.01109	0.01692	0.02254	0.43177	0.08702	0.32476	0.01506	0.00780	0.00216	0.00323	0.01300	0.00675	0.00591
13	0.02605	0.01025	0.01362	0.01073	0.01513	0.00899	0.00876	0.02870	0.01808	0.59480	0.05639	0.02392	0.01842	0.00831	0.00637	0.00196	0.00511	0.00678	0.12740	0.01022
14	0.81514	0.01273	0.00968	0.00866	0.01273	0.01477	0.00713	0.01935	0.01120	0.02954	0.00917	0.01069	0.00713	0.00611	0.00407	0.00204	0.00509	0.00356	0.00407	0.00713
15	0.00957	0.00638	0.00718	0.00718	0.00718	0.00638	0.00399	0.00957	0.00957	0.01276	0.02074	0.04308	0.02393	0.76864	0.03351	0.00638	0.00638	0.00957	0.00399	0.00399
16	0.02493	0.02133	0.01951	0.01555	0.02040	0.18142	0.01256	0.55409	0.02821	0.03583	0.01455	0.01493	0.01059	0.00765	0.00644	0.00191	0.00828	0.00555	0.00587	0.01040
17	0.02289	0.02850	0.02064	0.01783	0.02155	0.61695	0.09970	0.02513	0.01804	0.01713	0.01109	0.01319	0.00905	0.00667	0.00611	0.00175	0.01137	0.00477	0.03991	0.00772
18	0.01369	0.01194	0.01837	0.14307	0.07728	0.01253	0.11514	0.08689	0.09112	0.02437	0.21788	0.03306	0.05316	0.00996	0.00734	0.00219	0.00652	0.06210	0.00535	0.00803
19	0.01568	0.38616	0.37740	0.01507	0.02270	0.02059	0.01771	0.04226	0.01420	0.01895	0.01067	0.01237	0.00848	0.00601	0.00530	0.00176	0.00837	0.00426	0.00292	0.00916
20	0.00987	0.00744	0.00999	0.01049	0.01174	0.00729	0.02953	0.04337	0.04880	0.01972	0.08791	0.51187	0.05573	0.01804	0.00824	0.00259	0.00449	0.10061	0.00615	0.00614
21	0.01365	0.01170	0.01365	0.00975	0.01560	0.00878	0.00780	0.01658	0.01365	0.02145	0.01170	0.01365	0.00975	0.00488	0.00488	0.00098	0.00488	0.00390	0.00390	0.80888
22	0.04451	0.01825	0.08717	0.02524	0.09191	0.01635	0.45852	0.09666	0.01706	0.02391	0.04437	0.01824	0.01222	0.00626	0.00728	0.00215	0.00971	0.00720	0.00384	0.00916
23	0.07354	0.00688	0.00727	0.00742	0.00896	0.00697	0.00546	0.03100	0.01400	0.02354	0.06332	0.20744	0.02510	0.01108	0.00573	0.00190	0.00352	0.00936	0.48138	0.00615
24	0.00957	0.00750	0.00879	0.00858	0.01054	0.00710	0.00656	0.01369	0.08830	0.02270	0.34881	0.07756	0.28455	0.01471	0.00779	0.00223	0.00365	0.06433	0.00667	0.00638
25	0.00926	0.00676	0.00747	0.00766	0.00935	0.00616	0.00559	0.03467	0.01506	0.02011	0.10477	0.23447	0.36171	0.01574	0.00741	0.00221	0.00353	0.01350	0.12875	0.00584
26	0.01537	0.01272	0.01457	0.01057	0.01633	0.01053	0.00851	0.12069	0.01627	0.02448	0.01232	0.01398	0.00997	0.00533	0.00513	0.00113	0.00523	0.00421	0.00431	0.68835
27	0.02494	0.01776	0.01924	0.01484	0.02003	0.01952	0.01223	0.63052	0.06099	0.08690	0.01698	0.01664	0.01194	0.00797	0.00659	0.00199	0.00704	0.00604	0.00669	0.01116
28	0.10404	0.01624	0.02033	0.01561	0.02068	0.01733	0.11471	0.39221	0.07036	0.10185	0.04836	0.01829	0.01397	0.00771	0.00657	0.00205	0.00712	0.00640	0.00603	0.01016
29	0.00940	0.00705	0.01058	0.01058	0.01176	0.00823	0.00823	0.01176	0.01058	0.01528	0.01763	0.02586	0.01646	0.04937	0.74255	0.01058	0.01763	0.00705	0.00353	0.00588
30	0.01061	0.00726	0.00892	0.00918	0.01090	0.00679	0.00687	0.01357	0.05847	0.07480	0.14112	0.30252	0.21782	0.01662	0.00798	0.00243	0.00406	0.08724	0.00646	0.00637
31	0.01589	0.01444	0.02494	0.11164	0.29686	0.01474	0.17101	0.05064	0.06229	0.04982	0.01600	0.02166	0.01313	0.00848	0.03075	0.00240	0.00844	0.04796	0.02970	0.00923
32	0.01413	0.07201	0.01928	0.18953	0.19813	0.07574	0.01395	0.01780	0.03826	0.01858	0.04034	0.07642	0.01534	0.01406	0.11656	0.00325	0.00905	0.00686	0.00372	0.05699
33	0.08676	0.10753	0.03748	0.04651	0.21748	0.08288	0.01357	0.07534	0.05863	0.11972	0.04038	0.04487	0.01450	0.00763	0.00616	0.00196	0.00711	0.01753	0.00468	0.00929

[dist]
# distance from previous block
# <min> <max>
0	19

[block]
# block no. 1 follows, 33 sequences, length 13
# corresponding to MSA columns:
# 75-87
name=unknown_B
#
# <colnr> <probs for GDERKNQSTAVLIFYWHMCP>
#	G	D	E	R	K	N	Q	S	T	A	V	L	I	F	Y	W	H	M	C	P
0	0.23489	0.23095	0.08399	0.01394	0.05344	0.05208	0.06431	0.02026	0.01395	0.07799	0.03836	0.01672	0.04235	0.00784	0.02228	0.00206	0.00716	0.00520	0.00398	0.00825
1	0.01568	0.10095	0.27245	0.03857	0.07675	0.01638	0.03293	0.11630	0.13452	0.02478	0.09057	0.01974	0.01666	0.00760	0.00639	0.00202	0.00750	0.00623	0.00450	0.00950
2	0.01098	0.00895	0.01293	0.04505	0.11608	0.00897	0.02430	0.01370	0.03917	0.01760	0.02352	0.21916	0.03856	0.14352	0.14379	0.00442	0.00790	0.04175	0.00453	0.07514
3	0.00899	0.00948	0.08393	0.00881	0.01139	0.00682	0.00761	0.01182	0.01614	0.02149	0.32283	0.11452	0.32270	0.01464	0.00767	0.00219	0.00396	0.01257	0.00622	0.00624
4	0.00956	0.00644	0.00747	0.00747	0.00757	0.00654	0.00435	0.00976	0.00966	0.01298	0.02048	0.04161	0.02329	0.70705	0.09422	0.00674	0.00735	0.00936	0.00395	0.00415
5	0.52798	0.18936	0.07823	0.01026	0.01523	0.01719	0.00968	0.02012	0.01227	0.05631	0.01013	0.01145	0.00794	0.00610	0.00441	0.00190	0.00596	0.00380	0.00385	0.00784
6	0.01485	0.01232	0.01528	0.01756	0.15665	0.03981	0.01117	0.02348	0.28581	0.06302	0.02515	0.21356	0.02335	0.01363	0.05094	0.00276	0.00639	0.00985	0.00563	0.00878
7	0.01188	0.14081	0.01383	0.00971	0.01142	0.05414	0.00742	0.01293	0.01137	0.01446	0.01920	0.02883	0.06403	0.22361	0.25783	0.09181	0.01025	0.00726	0.00362	0.00559
8	0.01640	0.18333	0.42199	0.01699	0.05145	0.05095	0.01879	0.04884	0.01507	0.07012	0.01235	0.01387	0.00917	0.00628	0.00582	0.00187	0.00862	0.00472	0.00340	0.03995
9	0.00960	0.00704	0.00934	0.01061	0.01200	0.00678	0.00874	0.01201	0.01460	0.01878	0.04041	0.21632	0.15258	0.01844	0.00873	0.00282	0.00514	0.43412	0.00608	0.00583
10	0.00887	0.00664	0.00837	0.00933	0.01050	0.00627	0.00692	0.01124	0.03804	0.01872	0.09862	0.41183	0.17399	0.01840	0.00831	0.00259	0.00415	0.14525	0.00622	0.00577
11	0.01720	0.36403	0.16327	0.01548	0.02155	0.06171	0.11363	0.05504	0.01517	0.05015	0.01301	0.05803	0.01123	0.00692	0.00569	0.00180	0.00817	0.00559	0.00354	0.00878
12	0.15667	0.01679	0.19154	0.06937	0.02035	0.01241	0.01335	0.03919	0.01548	0.23358	0.05014	0.02364	0.05623	0.00853	0.00678	0.00215	0.02926	0.04036	0.00526	0.00891

[dist]
# distance from previous block
# <min> <max>
1	13

[block]
# block no. 2 follows, 33 sequences, length 10
# corresponding to MSA columns:
# 101-110
name=unknown_C
#
# <colnr> <probs for GDERKNQSTAVLIFYWHMCP>
#	G	D	E	R	K	N	Q	S	T	A	V	L	I	F	Y	W	H	M	C	P
0	0.14482	0.08099	0.31777	0.06310	0.04495	0.05601	0.01689	0.08772	0.08592	0.02400	0.01300	0.01458	0.00971	0.00665	0.00584	0.00201	0.00808	0.00497	0.00381	0.00918
1	0.14439	0.09176	0.01617	0.03397	0.03648	0.01436	0.01001	0.10690	0.09840	0.16004	0.01887	0.07912	0.01547	0.01322	0.08865	0.00301	0.02994	0.00678	0.02372	0.00873
2	0.01613	0.16642	0.35440	0.01570	0.02304	0.09696	0.03948	0.02104	0.01455	0.04960	0.01177	0.01350	0.00900	0.00603	0.00568	0.00174	0.00855	0.00456	0.00328	0.13858
3	0.00884	0.00663	0.00819	0.00797	0.00959	0.00598	0.00591	0.01144	0.01725	0.02353	0.50853	0.11341	0.21887	0.01484	0.00782	0.00216	0.00322	0.01296	0.00688	0.00598
4	0.00947	0.00681	0.00934	0.00934	0.01009	0.00756	0.00669	0.01096	0.01021	0.01437	0.01876	0.03213	0.01918	0.31111	0.48454	0.00905	0.01354	0.00797	0.00369	0.00519
5	0.01569	0.01387	0.01675	0.01439	0.01821	0.01554	0.07887	0.03168	0.58688	0.02680	0.08478	0.02598	0.02267	0.00898	0.00690	0.00222	0.00562	0.00786	0.00641	0.00991
6	0.00858	0.00688	0.00775	0.00827	0.00984	0.00635	0.00591	0.01141	0.07113	0.01817	0.05068	0.35435	0.38150	0.01770	0.00795	0.00241	0.00369	0.01539	0.00616	0.00587
7	0.00943	0.00685	0.00884	0.00926	0.01046	0.00672	0.00707	0.01149	0.01401	0.01871	0.17450	0.10552	0.12970	0.16441	0.10705	0.00431	0.00647	0.19405	0.00559	0.00555
8	0.01842	0.65107	0.03185	0.01191	0.01733	0.06154	0.01139	0.06834	0.04410	0.01783	0.01040	0.01157	0.00913	0.00599	0.00458	0.00150	0.00722	0.00389	0.00327	0.00868
9	0.05745	0.07508	0.11303	0.04349	0.12859	0.15590	0.01447	0.17206	0.04138	0.02477	0.01262	0.01434	0.00983	0.00654	0.00592	0.00179	0.00813	0.00497	0.00414	0.10550

[dist]
# distance from previous block
# <min> <max>
0	1

[block]
# block no. 3 follows, 33 sequences, length 19
# corresponding to MSA columns:
# 112-130
name=unknown_D
#
# <colnr> <probs for GDERKNQSTAVLIFYWHMCP>
#	G	D	E	R	K	N	Q	S	T	A	V	L	I	F	Y	W	H	M	C	P
0	0.01763	0.02228	0.09087	0.15403	0.02760	0.28161	0.15031	0.02106	0.01527	0.01759	0.01189	0.03295	0.00999	0.02339	0.00887	0.00218	0.09547	0.00592	0.00325	0.00784
1	0.77453	0.05143	0.01094	0.00879	0.01294	0.01534	0.00734	0.01937	0.01131	0.02882	0.00917	0.01069	0.00720	0.00609	0.00408	0.00200	0.00519	0.00356	0.00401	0.00720
2	0.00855	0.00634	0.00806	0.00855	0.00972	0.00584	0.00614	0.01057	0.01514	0.02038	0.28308	0.34832	0.16655	0.01834	0.03328	0.00266	0.00402	0.03231	0.00642	0.00572
3	0.01365	0.01170	0.01365	0.00975	0.01560	0.00878	0.00780	0.01658	0.01365	0.02145	0.01170	0.01365	0.00975	0.00488	0.00488	0.00098	0.00488	0.00390	0.00390	0.80888
4	0.01152	0.00965	0.01142	0.01112	0.01277	0.06470	0.00860	0.01572	0.09177	0.01730	0.01834	0.02457	0.01629	0.03903	0.55853	0.00841	0.01491	0.00683	0.05196	0.00654
5	0.02218	0.28736	0.02413	0.01499	0.01916	0.49488	0.01222	0.02402	0.01683	0.01590	0.00982	0.01142	0.00847	0.00639	0.00534	0.00160	0.01020	0.00399	0.00319	0.00791
6	0.01144	0.00572	0.00858	0.00858	0.00858	0.00572	0.00572	0.00858	0.00858	0.01144	0.01144	0.02001	0.01144	0.02287	0.02573	0.80846	0.00572	0.00572	0.00286	0.00286
7	0.01535	0.29830	0.35504	0.01719	0.07727	0.01932	0.01790	0.02178	0.08306	0.01962	0.01237	0.01393	0.00970	0.00626	0.00558	0.00184	0.00816	0.00471	0.00322	0.00939
8	0.07481	0.03616	0.01382	0.01101	0.01494	0.00970	0.00915	0.02487	0.01756	0.44000	0.13778	0.03338	0.02605	0.01030	0.00693	0.00217	0.00529	0.10959	0.00724	0.00926
9	0.00834	0.00610	0.00792	0.00925	0.01002	0.00568	0.00658	0.00981	0.01326	0.01732	0.03999	0.58080	0.13007	0.01979	0.00842	0.00266	0.00406	0.10836	0.00610	0.00547
10	0.01560	0.13024	0.50931	0.01748	0.04942	0.01586	0.02030	0.02164	0.01445	0.09797	0.01387	0.01669	0.01039	0.00680	0.00613	0.00202	0.00871	0.02999	0.00351	0.00961
11	0.01808	0.01530	0.09013	0.14885	0.16159	0.01351	0.13623	0.04743	0.01605	0.19273	0.01782	0.06594	0.01404	0.00781	0.00693	0.00215	0.00789	0.02346	0.00472	0.00935
12	0.01428	0.01553	0.03282	0.02396	0.02938	0.01460	0.56992	0.01885	0.01463	0.01981	0.01594	0.07842	0.01418	0.09371	0.01075	0.00273	0.01000	0.00882	0.00362	0.00805
13	0.01101	0.00585	0.00845	0.00860	0.00885	0.00591	0.00586	0.00941	0.00953	0.01328	0.01514	0.09381	0.01540	0.02351	0.07785	0.60465	0.00625	0.00713	0.06591	0.00359
14	0.05525	0.01657	0.11064	0.41336	0.10502	0.03932	0.08622	0.05983	0.01482	0.02031	0.01201	0.01635	0.00906	0.00643	0.00650	0.00212	0.00885	0.00576	0.00327	0.00831
15	0.01028	0.00730	0.01084	0.01062	0.01142	0.00855	0.00811	0.01131	0.01006	0.01441	0.01546	0.02358	0.01465	0.04011	0.51534	0.20078	0.07197	0.00663	0.00332	0.00526
16	0.00805	0.00661	0.00714	0.00748	0.00938	0.00570	0.00563	0.00976	0.01468	0.01781	0.05971	0.16363	0.57076	0.01736	0.00798	0.00235	0.00363	0.07066	0.00611	0.00557
17	0.00935	0.00682	0.00942	0.00943	0.01035	0.00748	0.00689	0.01112	0.01105	0.01552	0.06712	0.05461	0.04295	0.22267	0.47567	0.00850	0.01307	0.00854	0.00404	0.00541
18	0.01666	0.08773	0.36866	0.04626	0.11143	0.04021	0.08308	0.07252	0.01592	0.07732	0.01315	0.01514	0.00961	0.00639	0.00631	0.00200	0.00893	0.00537	0.00362	0.00970

[dist]
# distance from previous block
# <min> <max>
0	1

[block]
# block no. 4 follows, 33 sequences, length 16
# corresponding to MSA columns:
# 132-147
name=unknown_E
#
# <colnr> <probs for GDERKNQSTAVLIFYWHMCP>
#	G	D	E	R	K	N	Q	S	T	A	V	L	I	F	Y	W	H	M	C	P
0	0.01498	0.01731	0.09999	0.08565	0.11614	0.01579	0.32283	0.05784	0.01574	0.02190	0.07918	0.01968	0.01460	0.00719	0.00862	0.00221	0.08070	0.00717	0.00374	0.00875
1	0.00802	0.00573	0.00764	0.00917	0.00955	0.00535	0.00611	0.00917	0.01260	0.01681	0.03628	0.76434	0.04354	0.02062	0.00840	0.00267	0.00382	0.01872	0.00611	0.00535
2	0.22247	0.01470	0.02306	0.11401	0.37322	0.01543	0.10479	0.01970	0.01387	0.02298	0.01159	0.01518	0.00932	0.00597	0.00605	0.00204	0.00765	0.00551	0.00344	0.00901
3	0.01374	0.00791	0.00939	0.00855	0.01081	0.00762	0.00656	0.04046	0.05523	0.12115	0.28347	0.06927	0.07450	0.01104	0.00657	0.00194	0.00373	0.00940	0.25144	0.00719
4	0.05880	0.18167	0.04202	0.01982	0.15998	0.13557	0.05245	0.16994	0.05036	0.02415	0.01339	0.03879	0.01114	0.00703	0.00596	0.00186	0.00803	0.00557	0.00419	0.00928
5	0.01410	0.01070	0.01251	0.01030	0.01415	0.00956	0.00794	0.07439	0.06912	0.05410	0.01960	0.11235	0.01886	0.11538	0.00995	0.00230	0.00530	0.05268	0.00496	0.38176
6	0.01614	0.10082	0.37550	0.01833	0.06247	0.06280	0.04972	0.06020	0.11403	0.03912	0.01414	0.01557	0.01056	0.00681	0.00657	0.00202	0.02646	0.00536	0.00376	0.00962
7	0.01439	0.21293	0.52979	0.01738	0.02596	0.01797	0.05476	0.02058	0.01385	0.01956	0.01124	0.01328	0.00845	0.00607	0.00584	0.00193	0.00914	0.00468	0.00282	0.00938
8	0.01000	0.00785	0.01101	0.01083	0.01223	0.00820	0.04262	0.01390	0.09596	0.01849	0.08986	0.31882	0.03178	0.07004	0.22107	0.00504	0.00842	0.01231	0.00527	0.00628
9	0.01517	0.01165	0.01381	0.00994	0.01572	0.00886	0.00798	0.01806	0.01415	0.08947	0.01307	0.01449	0.01038	0.00519	0.00504	0.00108	0.00494	0.00416	0.00431	0.73254
10	0.00830	0.00595	0.00789	0.00897	0.00961	0.00554	0.00613	0.00988	0.01392	0.01890	0.18635	0.60830	0.04759	0.01906	0.00826	0.00254	0.00366	0.01723	0.00636	0.00554
11	0.01078	0.00671	0.00824	0.00793	0.00958	0.00624	0.00592	0.01357	0.01669	0.05939	0.41522	0.11166	0.09158	0.01274	0.00703	0.00201	0.00330	0.01108	0.19401	0.00631
12	0.00981	0.00700	0.00803	0.00760	0.00977	0.00607	0.00576	0.01206	0.01659	0.06895	0.30461	0.05541	0.43465	0.01492	0.00770	0.00215	0.00340	0.01268	0.00667	0.00618
13	0.01583	0.01291	0.01404	0.01248	0.01582	0.01446	0.00970	0.12537	0.44995	0.02862	0.14633	0.07728	0.02766	0.01035	0.00698	0.00220	0.00504	0.00875	0.00674	0.00946
14	0.00918	0.00672	0.00872	0.00897	0.01040	0.00626	0.00689	0.01180	0.01661	0.02264	0.41086	0.17102	0.12712	0.01586	0.00812	0.00237	0.00380	0.13996	0.00672	0.00597
15	0.01634	0.01162	0.01393	0.01008	0.01581	0.00893	0.00812	0.01921	0.01453	0.14195	0.01412	0.01514	0.01086	0.00543	0.00517	0.00116	0.00500	0.00436	0.00462	0.67363

[dist]
# distance from previous block
# <min> <max>
0	6

[block]
# block no. 5 follows, 33 sequences, length 13
# corresponding to MSA columns:
# 154-166
name=unknown_F
#
# <colnr> <probs for GDERKNQSTAVLIFYWHMCP>
#	G	D	E	R	K	N	Q	S	T	A	V	L	I	F	Y	W	H	M	C	P
0	0.11605	0.05145	0.03981	0.03774	0.08435	0.05807	0.01106	0.09591	0.09339	0.06698	0.04129	0.01672	0.01295	0.00667	0.00566	0.00169	0.00626	0.00521	0.00469	0.24403
1	0.01607	0.30115	0.33678	0.01749	0.09072	0.01906	0.01770	0.02165	0.05094	0.05347	0.01236	0.01387	0.00958	0.00622	0.00558	0.00183	0.00812	0.00469	0.00330	0.00943
2	0.00960	0.00778	0.01058	0.04159	0.01315	0.00721	0.04348	0.01203	0.03259	0.01860	0.08654	0.35758	0.16384	0.04772	0.00884	0.00250	0.00462	0.04257	0.00562	0.08358
3	0.01953	0.24404	0.11873	0.01439	0.04357	0.08289	0.01295	0.11745	0.06955	0.12120	0.01582	0.05449	0.01274	0.00750	0.00582	0.00182	0.00730	0.00572	0.00465	0.03984
4	0.04552	0.01466	0.05742	0.08467	0.04369	0.07107	0.03827	0.08188	0.06521	0.10103	0.01999	0.06311	0.01776	0.00948	0.00675	0.00208	0.00692	0.13015	0.00507	0.13529
5	0.04608	0.01710	0.14921	0.07648	0.15984	0.01408	0.06840	0.07509	0.07206	0.11654	0.02054	0.05285	0.06811	0.00828	0.00705	0.00213	0.02501	0.00714	0.00470	0.00931
6	0.01127	0.00876	0.00997	0.07512	0.01380	0.03883	0.00745	0.01430	0.03931	0.07150	0.28313	0.04797	0.32708	0.01337	0.00747	0.00213	0.00433	0.01134	0.00627	0.00659
7	0.01112	0.00939	0.01438	0.19835	0.13493	0.00989	0.01226	0.01418	0.01455	0.01934	0.10541	0.17159	0.09000	0.01311	0.00767	0.00241	0.00604	0.15348	0.00498	0.00692
8	0.01598	0.02581	0.37953	0.04036	0.13066	0.06564	0.03926	0.10225	0.06172	0.02333	0.01425	0.01781	0.01108	0.00710	0.00651	0.00208	0.00886	0.03435	0.00375	0.00966
9	0.01491	0.01699	0.07741	0.29625	0.19021	0.05691	0.21284	0.01960	0.01460	0.01931	0.01223	0.01675	0.00944	0.00612	0.00684	0.00211	0.00947	0.00624	0.00313	0.00863
10	0.00935	0.00687	0.00984	0.00993	0.01087	0.00776	0.00740	0.01124	0.01053	0.01495	0.01922	0.07118	0.01926	0.16764	0.58214	0.00943	0.01496	0.00814	0.00375	0.00553
11	0.01050	0.00755	0.00966	0.00972	0.01058	0.00808	0.00718	0.03366	0.01288	0.01801	0.08879	0.14755	0.02956	0.24417	0.11183	0.00472	0.06164	0.11722	0.06114	0.00558
12	0.01554	0.18861	0.42820	0.01989	0.12037	0.05322	0.01998	0.04541	0.01478	0.02031	0.01139	0.01348	0.00876	0.00615	0.00585	0.00190	0.00891	0.00472	0.00302	0.00950

[dist]
# distance from previous block
# <min> <max>
0	1

[block]
# block no. 6 follows, 33 sequences, length 73
# corresponding to MSA columns:
# 168-240
name=unknown_G
#
# <colnr> <probs for GDERKNQSTAVLIFYWHMCP>
#	G	D	E	R	K	N	Q	S	T	A	V	L	I	F	Y	W	H	M	C	P
0	0.02559	0.01175	0.01760	0.01356	0.01825	0.01077	0.08377	0.02844	0.01789	0.55874	0.06215	0.02424	0.01825	0.00861	0.00772	0.00213	0.04883	0.02416	0.00723	0.01032
1	0.00895	0.00612	0.00736	0.00798	0.00813	0.00597	0.00484	0.00941	0.01079	0.01438	0.02697	0.33226	0.03180	0.46873	0.02344	0.00490	0.00535	0.01324	0.00484	0.00453
2	0.07617	0.11841	0.18299	0.03036	0.01732	0.08607	0.01218	0.01755	0.03268	0.02006	0.06912	0.17389	0.02086	0.01161	0.03487	0.00236	0.00712	0.00820	0.07070	0.00749
3	0.10317	0.01431	0.02292	0.21887	0.40206	0.01537	0.04815	0.02010	0.05334	0.02150	0.01270	0.01653	0.01016	0.00624	0.00633	0.00205	0.00777	0.00578	0.00346	0.00919
4	0.00865	0.00611	0.00800	0.00888	0.00930	0.00609	0.00591	0.00970	0.01149	0.01551	0.02921	0.45684	0.03404	0.21896	0.13498	0.00493	0.00674	0.01444	0.00514	0.00508
5	0.24446	0.01839	0.01952	0.09523	0.26446	0.19551	0.03223	0.02116	0.01466	0.02197	0.01088	0.01377	0.00884	0.00623	0.00572	0.00194	0.00823	0.00486	0.00349	0.00845
6	0.00953	0.00679	0.00825	0.00784	0.00945	0.00617	0.00572	0.01186	0.01658	0.04179	0.45341	0.05110	0.21697	0.11271	0.01110	0.00267	0.00366	0.01194	0.00657	0.00590
7	0.01365	0.01170	0.01365	0.00975	0.01560	0.00878	0.00780	0.01658	0.01365	0.02145	0.01170	0.01365	0.00975	0.00488	0.00488	0.00098	0.00488	0.00390	0.00390	0.80888
8	0.01099	0.00794	0.00993	0.00951	0.01150	0.00776	0.00749	0.04534	0.05786	0.04292	0.41390	0.05036	0.12869	0.01547	0.03863	0.00261	0.00460	0.12109	0.00673	0.00669
9	0.00880	0.00622	0.00777	0.00836	0.00898	0.00590	0.00557	0.01009	0.01312	0.01768	0.17242	0.35127	0.07536	0.24094	0.01571	0.00364	0.00447	0.03284	0.00571	0.00515
10	0.01512	0.01700	0.03670	0.05969	0.03387	0.01617	0.64106	0.02047	0.01521	0.02063	0.01344	0.01812	0.01023	0.00759	0.04118	0.00260	0.01129	0.00765	0.00332	0.00867
11	0.00848	0.00649	0.00765	0.00826	0.00961	0.00587	0.00604	0.01012	0.01409	0.01790	0.09567	0.26672	0.32900	0.08461	0.01042	0.00282	0.00408	0.10070	0.00600	0.00547
12	0.00863	0.00653	0.00797	0.00798	0.00951	0.00586	0.00584	0.01096	0.01647	0.02213	0.40687	0.18649	0.24930	0.01572	0.00789	0.00223	0.00330	0.01375	0.00671	0.00586
13	0.01484	0.01460	0.01218	0.01095	0.01381	0.19239	0.00835	0.10630	0.01854	0.02228	0.16925	0.07657	0.25378	0.01209	0.00706	0.00200	0.00604	0.00984	0.00561	0.04352
14	0.01374	0.03334	0.70198	0.01860	0.02813	0.01552	0.02379	0.05203	0.01468	0.02179	0.01200	0.01399	0.00847	0.00633	0.00627	0.00208	0.00962	0.00491	0.00295	0.00980
15	0.01634	0.01223	0.01436	0.01043	0.01615	0.00988	0.00841	0.07821	0.01571	0.09897	0.01358	0.01477	0.01057	0.00549	0.00521	0.00118	0.00516	0.00437	0.00459	0.65440
16	0.00823	0.00589	0.00783	0.00902	0.00960	0.00549	0.00613	0.00970	0.01359	0.01837	0.14879	0.64736	0.04658	0.01945	0.00830	0.00257	0.00370	0.01760	0.00630	0.00549
17	0.05263	0.01073	0.01378	0.01084	0.01533	0.00972	0.00888	0.05715	0.01827	0.56410	0.02425	0.02209	0.01587	0.00799	0.00620	0.00195	0.00524	0.00641	0.13832	0.01024
18	0.01144	0.01110	0.00971	0.00919	0.01147	0.12679	0.00691	0.01441	0.05173	0.02069	0.26059	0.04857	0.36570	0.01367	0.00742	0.00209	0.00475	0.01137	0.00605	0.00634
19	0.02436	0.01346	0.01600	0.01293	0.01757	0.01377	0.01053	0.17964	0.20988	0.36672	0.02427	0.02327	0.01693	0.00864	0.00672	0.00211	0.00587	0.02918	0.00734	0.01082
20	0.00814	0.00578	0.00760	0.00902	0.00937	0.00543	0.00595	0.00920	0.01237	0.01650	0.03511	0.70963	0.04205	0.07737	0.01031	0.00295	0.00401	0.01802	0.00595	0.00524
21	0.05849	0.01762	0.01898	0.01460	0.01981	0.01932	0.01206	0.62325	0.02916	0.09597	0.01634	0.01612	0.01143	0.00785	0.00648	0.00198	0.00702	0.00588	0.00660	0.01103
22	0.01057	0.00872	0.01418	0.01353	0.01551	0.00846	0.12216	0.01377	0.03748	0.01903	0.03164	0.34052	0.03500	0.01679	0.00852	0.00273	0.00596	0.28341	0.00566	0.00638
23	0.76980	0.01306	0.01025	0.00903	0.01317	0.01509	0.00744	0.05873	0.01234	0.03022	0.00955	0.01099	0.00736	0.00621	0.00422	0.00203	0.00522	0.00370	0.00422	0.00736
24	0.01496	0.01428	0.02432	0.28591	0.49247	0.01529	0.01954	0.01904	0.01436	0.01989	0.01215	0.01673	0.00986	0.00611	0.00654	0.00204	0.00815	0.00586	0.00314	0.00935
25	0.02139	0.01848	0.01980	0.01925	0.14867	0.11057	0.01325	0.36092	0.08200	0.03120	0.01493	0.01589	0.01129	0.00714	0.00631	0.00185	0.00751	0.00560	0.00528	0.09865
26	0.02279	0.01858	0.01842	0.01488	0.01957	0.08802	0.01200	0.47118	0.20320	0.03554	0.01805	0.01765	0.01319	0.00806	0.00655	0.00201	0.00717	0.00615	0.00631	0.01066
27	0.17900	0.01258	0.01488	0.01165	0.01657	0.01226	0.00962	0.13097	0.01920	0.49397	0.02123	0.01918	0.01378	0.00772	0.00613	0.00203	0.00575	0.00593	0.00713	0.01042
28	0.00811	0.00594	0.00744	0.00859	0.00924	0.00547	0.00575	0.00925	0.01274	0.01663	0.03996	0.58939	0.15335	0.08251	0.01040	0.00291	0.00395	0.01716	0.00593	0.00527
29	0.00917	0.00672	0.00860	0.00813	0.00975	0.00615	0.00610	0.01214	0.01829	0.02558	0.66159	0.05052	0.12514	0.01376	0.00777	0.00209	0.00313	0.01209	0.00714	0.00615
30	0.00858	0.00667	0.00780	0.00757	0.00940	0.00589	0.00566	0.01098	0.01682	0.02222	0.40643	0.07548	0.36261	0.01512	0.00779	0.00216	0.00323	0.01300	0.00670	0.00589
31	0.01781	0.75025	0.03402	0.01144	0.01700	0.04764	0.01131	0.01991	0.01354	0.01551	0.00918	0.01060	0.00845	0.00567	0.00428	0.00142	0.00719	0.00354	0.00283	0.00842
32	0.00838	0.00664	0.00760	0.00795	0.00971	0.00587	0.00603	0.01034	0.01517	0.01909	0.15163	0.17045	0.44165	0.01701	0.00803	0.00237	0.00371	0.09640	0.00627	0.00568
33	0.74637	0.01323	0.01055	0.00922	0.01340	0.01526	0.00760	0.07909	0.01292	0.03058	0.00974	0.01114	0.00748	0.00627	0.00429	0.00203	0.00528	0.00377	0.00429	0.00748
34	0.09345	0.01250	0.01564	0.01256	0.01644	0.01307	0.01027	0.09871	0.04468	0.41725	0.02037	0.02050	0.01423	0.04651	0.01019	0.00239	0.12859	0.00632	0.00650	0.00980
35	0.02225	0.01676	0.01871	0.11191	0.06957	0.08120	0.01304	0.30709	0.12297	0.14229	0.01774	0.01802	0.01268	0.00768	0.00654	0.00202	0.00734	0.00609	0.00587	0.01021
36	0.56653	0.01418	0.03523	0.01604	0.16468	0.01518	0.01069	0.03736	0.04466	0.02779	0.01089	0.01273	0.00855	0.00624	0.00484	0.00203	0.00587	0.00432	0.00405	0.00815
37	0.01457	0.00805	0.00907	0.00818	0.01047	0.00802	0.00633	0.06426	0.05213	0.10281	0.17378	0.02905	0.02637	0.00905	0.00574	0.00177	0.00374	0.00749	0.45185	0.00726
38	0.01840	0.01839	0.01996	0.10301	0.15433	0.17241	0.04537	0.08606	0.26506	0.02368	0.01727	0.01844	0.01329	0.00739	0.00653	0.00204	0.00797	0.00617	0.00476	0.00947
39	0.00915	0.00672	0.00857	0.00811	0.00974	0.00614	0.00608	0.01211	0.01825	0.02549	0.65432	0.05068	0.13247	0.01380	0.00777	0.00209	0.00313	0.01212	0.00713	0.00614
40	0.01632	0.13798	0.01785	0.01285	0.01684	0.01764	0.01040	0.03173	0.58006	0.02528	0.02509	0.02342	0.03906	0.00862	0.00633	0.00210	0.00545	0.00699	0.00605	0.00995
41	0.01409	0.01114	0.01323	0.00971	0.01506	0.00855	0.00774	0.01702	0.01448	0.06245	0.08847	0.01794	0.01571	0.00598	0.00528	0.00115	0.00473	0.00491	0.00450	0.67788
42	0.00825	0.00669	0.00732	0.00717	0.00918	0.00576	0.00537	0.01036	0.01612	0.02043	0.26892	0.05899	0.52102	0.01568	0.00778	0.00218	0.00326	0.01328	0.00646	0.00576
43	0.00846	0.00661	0.00783	0.00785	0.00953	0.00598	0.00582	0.01059	0.01551	0.02027	0.27412	0.13959	0.36290	0.01900	0.07314	0.00297	0.00459	0.01321	0.00625	0.00578
44	0.01714	0.69517	0.10789	0.01205	0.01811	0.02492	0.01263	0.01983	0.01343	0.01605	0.00943	0.01091	0.00844	0.00570	0.00444	0.00148	0.00732	0.00366	0.00281	0.00858
45	0.81514	0.01273	0.00968	0.00866	0.01273	0.01477	0.00713	0.01935	0.01120	0.02954	0.00917	0.01069	0.00713	0.00611	0.00407	0.00204	0.00509	0.00356	0.00407	0.00713
46	0.03846	0.01190	0.01238	0.01109	0.01417	0.03370	0.00861	0.09311	0.30787	0.02668	0.20218	0.03581	0.15465	0.01117	0.00704	0.00214	0.00476	0.00932	0.00654	0.00842
47	0.00867	0.00651	0.00803	0.00807	0.00954	0.00587	0.00589	0.01101	0.01648	0.02227	0.41855	0.20193	0.22157	0.01575	0.00790	0.00223	0.00331	0.01382	0.00673	0.00587
48	0.00988	0.00679	0.00815	0.00792	0.00948	0.00615	0.00568	0.01183	0.01548	0.05902	0.30975	0.12789	0.24010	0.13838	0.01199	0.00288	0.00392	0.01254	0.00632	0.00584
49	0.01681	0.01554	0.02532	0.10775	0.58808	0.01603	0.01923	0.09016	0.01645	0.02310	0.01267	0.01637	0.01034	0.00614	0.00653	0.00198	0.00786	0.00587	0.00357	0.01020
50	0.04448	0.05601	0.02207	0.01722	0.02165	0.26213	0.12512	0.17956	0.13788	0.02495	0.01464	0.01585	0.01126	0.00727	0.00685	0.00197	0.03161	0.00573	0.00464	0.00912
51	0.34747	0.01196	0.01272	0.01066	0.01471	0.01272	0.00871	0.09878	0.01572	0.24999	0.01659	0.01744	0.01200	0.01403	0.12595	0.00343	0.00754	0.00536	0.00555	0.00866
52	0.01163	0.00796	0.01061	0.12992	0.01603	0.00777	0.00817	0.01452	0.01665	0.09495	0.34217	0.04389	0.21476	0.01238	0.00733	0.00211	0.00435	0.01065	0.03739	0.00674
53	0.01109	0.00886	0.01242	0.01513	0.12885	0.00877	0.01008	0.01508	0.06859	0.02154	0.18964	0.15819	0.08862	0.01465	0.00799	0.00246	0.00508	0.22003	0.00593	0.00700
54	0.01425	0.01692	0.13910	0.36370	0.28009	0.01525	0.01978	0.03763	0.01441	0.01980	0.01207	0.01647	0.00935	0.00631	0.00651	0.00209	0.00856	0.00570	0.00312	0.00890
55	0.02493	0.02120	0.01952	0.01553	0.02040	0.17453	0.01256	0.56057	0.02833	0.03607	0.01460	0.01497	0.01062	0.00766	0.00645	0.00192	0.00823	0.00557	0.00590	0.01043
56	0.01504	0.01436	0.02446	0.27137	0.50639	0.01531	0.01958	0.01911	0.01440	0.01999	0.01216	0.01670	0.00989	0.00610	0.00654	0.00203	0.00813	0.00586	0.00315	0.00942
57	0.00924	0.00657	0.00783	0.00783	0.00845	0.00665	0.00507	0.01002	0.01068	0.01413	0.02759	0.04268	0.13697	0.49024	0.18249	0.00661	0.00831	0.00974	0.00424	0.00465
58	0.48036	0.01228	0.01218	0.01005	0.01456	0.01289	0.00829	0.04296	0.01478	0.31018	0.01605	0.01551	0.01090	0.00697	0.00516	0.00204	0.00535	0.00485	0.00577	0.00886
59	0.81514	0.01273	0.00968	0.00866	0.01273	0.01477	0.00713	0.01935	0.01120	0.02954	0.00917	0.01069	0.00713	0.00611	0.00407	0.00204	0.00509	0.00356	0.00407	0.00713
60	0.02121	0.50766	0.02823	0.01196	0.01729	0.07237	0.01106	0.05728	0.01588	0.18167	0.01343	0.01364	0.01039	0.00641	0.00501	0.00160	0.00706	0.00440	0.00427	0.00916
61	0.00957	0.00638	0.00718	0.00718	0.00718	0.00638	0.00399	0.00957	0.00957	0.01276	0.02074	0.04308	0.02393	0.76864	0.03351	0.00638	0.00638	0.00957	0.00399	0.00399
62	0.00802	0.00573	0.00764	0.00917	0.00955	0.00535	0.00611	0.00917	0.01260	0.01681	0.03628	0.76434	0.04354	0.02062	0.00840	0.00267	0.00382	0.01872	0.00611	0.00535
63	0.01874	0.65136	0.03191	0.01220	0.01746	0.14319	0.01150	0.02079	0.01424	0.01559	0.00932	0.01077	0.00845	0.00582	0.00450	0.00146	0.00783	0.00364	0.00291	0.00831
64	0.00982	0.00652	0.00864	0.00864	0.00906	0.00694	0.00580	0.01020	0.00977	0.01346	0.01810	0.03309	0.01919	0.38673	0.28846	0.13909	0.01034	0.00803	0.00364	0.00449
65	0.01466	0.01691	0.06517	0.02592	0.09074	0.01532	0.51681	0.01967	0.01531	0.02100	0.05090	0.04923	0.03313	0.00703	0.00794	0.00222	0.02749	0.00822	0.00367	0.00865
66	0.00950	0.00704	0.00814	0.00789	0.00988	0.00630	0.00590	0.01225	0.03958	0.04899	0.30334	0.11343	0.37330	0.01523	0.00775	0.00220	0.00344	0.01306	0.00663	0.00616
67	0.01549	0.01324	0.01471	0.01380	0.04275	0.10036	0.03121	0.05214	0.08994	0.05651	0.04324	0.02871	0.06665	0.01335	0.06695	0.00286	0.13138	0.07333	0.13577	0.00763
68	0.01623	0.14761	0.27454	0.02361	0.21132	0.09204	0.07408	0.02162	0.04203	0.01994	0.01207	0.01451	0.00952	0.00615	0.00610	0.00192	0.00894	0.00518	0.00317	0.00945
69	0.01512	0.01209	0.01895	0.07680	0.19287	0.01242	0.08614	0.03464	0.06829	0.10012	0.02365	0.13903	0.07179	0.04823	0.00934	0.00246	0.04935	0.02550	0.00487	0.00837
70	0.00879	0.00705	0.02484	0.00928	0.01051	0.00625	0.00681	0.01053	0.01316	0.01777	0.09172	0.45224	0.10363	0.05294	0.08744	0.00350	0.00556	0.04095	0.00566	0.04134
71	0.01702	0.05871	0.13928	0.02005	0.15091	0.10005	0.06874	0.09305	0.02878	0.06853	0.01746	0.13861	0.01603	0.02631	0.00768	0.00219	0.02559	0.00780	0.00439	0.00884
72	0.03989	0.12323	0.16490	0.02051	0.20721	0.03483	0.01527	0.05329	0.04431	0.03949	0.01633	0.05171	0.04370	0.02477	0.00706	0.00200	0.02546	0.00617	0.00388	0.07597

[dist]
# distance from previous block
# <min> <max>
2	31

[block]
# block no. 7 follows, 33 sequences, length 37
# corresponding to MSA columns:
# 274-310
name=unknown_H
#
# <colnr> <probs for GDERKNQSTAVLIFYWHMCP>
#	G	D	E	R	K	N	Q	S	T	A	V	L	I	F	Y	W	H	M	C	P
0	0.03863	0.09512	0.05524	0.04187	0.10199	0.05730	0.06171	0.17294	0.12408	0.07492	0.01701	0.02018	0.01346	0.00766	0.00638	0.00198	0.00732	0.04561	0.00499	0.05161
1	0.12742	0.07845	0.03716	0.01892	0.16468	0.12113	0.07360	0.03741	0.04499	0.05650	0.06605	0.04632	0.05822	0.00803	0.00619	0.00196	0.00719	0.00672	0.03065	0.00840
2	0.04768	0.11320	0.04080	0.08313	0.11115	0.04781	0.01307	0.20555	0.12340	0.02662	0.01466	0.01597	0.01133	0.00683	0.00594	0.00182	0.00700	0.00538	0.00468	0.11398
3	0.02461	0.01823	0.01952	0.01506	0.02026	0.02022	0.01241	0.67313	0.06413	0.04081	0.01634	0.01623	0.01163	0.00795	0.00659	0.00199	0.00715	0.00600	0.00659	0.01116
4	0.01195	0.00905	0.01037	0.01010	0.01195	0.00975	0.00748	0.04672	0.20399	0.02192	0.06331	0.23518	0.07921	0.06448	0.05764	0.00308	0.02381	0.01110	0.11178	0.00712
5	0.01716	0.17001	0.21418	0.01969	0.11443	0.04793	0.09375	0.08210	0.01583	0.06793	0.01300	0.01539	0.01011	0.00914	0.05194	0.00247	0.03657	0.00541	0.00368	0.00928
6	0.01378	0.00891	0.01195	0.01071	0.01322	0.00868	0.03357	0.01728	0.05248	0.15050	0.26303	0.04628	0.16852	0.01318	0.00856	0.00230	0.05078	0.11234	0.00657	0.00734
7	0.01132	0.00576	0.00849	0.00849	0.00849	0.00576	0.00561	0.00864	0.00864	0.01152	0.01204	0.02150	0.01224	0.07096	0.02623	0.75674	0.00576	0.00597	0.00293	0.00293
8	0.01080	0.00906	0.01466	0.12431	0.05061	0.00982	0.07775	0.01325	0.01247	0.01728	0.05022	0.21366	0.02322	0.06810	0.18834	0.02740	0.04299	0.01011	0.02961	0.00634
9	0.01936	0.19260	0.14246	0.01807	0.02380	0.26093	0.15635	0.07484	0.01701	0.01971	0.01129	0.01342	0.00897	0.00627	0.00603	0.00182	0.00994	0.00504	0.00340	0.00868
10	0.02670	0.01576	0.01810	0.01387	0.01908	0.01643	0.01146	0.45578	0.02646	0.29768	0.01958	0.01825	0.01309	0.00799	0.00660	0.00200	0.00663	0.00618	0.00717	0.01120
11	0.01984	0.02155	0.03721	0.15754	0.02517	0.32514	0.05930	0.06894	0.07715	0.05977	0.01591	0.01777	0.04278	0.00761	0.00700	0.00199	0.03710	0.00581	0.00415	0.00827
12	0.01660	0.01706	0.10937	0.01423	0.01885	0.01653	0.01239	0.08252	0.57346	0.02769	0.02403	0.02252	0.01790	0.00851	0.00663	0.00219	0.00595	0.00699	0.00618	0.01039
13	0.01245	0.00689	0.00954	0.00921	0.00971	0.00713	0.00636	0.04675	0.05248	0.01399	0.01259	0.02007	0.01195	0.02124	0.02357	0.71742	0.00577	0.00583	0.00329	0.00375
14	0.00809	0.00657	0.00720	0.00752	0.00935	0.00569	0.00560	0.00984	0.01484	0.01827	0.10028	0.17906	0.52909	0.01722	0.00796	0.00234	0.00357	0.05573	0.00618	0.00559
15	0.01441	0.01479	0.02796	0.08768	0.14613	0.01447	0.33493	0.01864	0.01435	0.02009	0.01411	0.06219	0.01212	0.00843	0.03479	0.00238	0.04846	0.00731	0.00351	0.11323
16	0.01687	0.27762	0.20056	0.01802	0.02452	0.11276	0.18797	0.02185	0.04574	0.01879	0.01175	0.01395	0.00933	0.00605	0.00593	0.00185	0.00924	0.00517	0.00318	0.00885
17	0.00957	0.00638	0.00718	0.00718	0.00718	0.00638	0.00399	0.00957	0.00957	0.01276	0.02074	0.04308	0.02393	0.76864	0.03351	0.00638	0.00638	0.00957	0.00399	0.00399
18	0.01629	0.01564	0.02672	0.04041	0.72757	0.01564	0.02020	0.02020	0.01499	0.02151	0.01238	0.01629	0.01043	0.00587	0.00652	0.00196	0.00782	0.00587	0.00326	0.01043
19	0.02281	0.01848	0.01799	0.09112	0.05108	0.19926	0.01248	0.20106	0.05734	0.18312	0.01853	0.01884	0.04086	0.00797	0.00690	0.00199	0.02915	0.00604	0.00549	0.00948
20	0.01687	0.01443	0.01639	0.01400	0.01771	0.04498	0.05222	0.16275	0.36214	0.02704	0.02343	0.02386	0.04864	0.01534	0.12605	0.00351	0.00817	0.00726	0.00580	0.00941
21	0.01055	0.00751	0.01040	0.01183	0.01325	0.00751	0.01021	0.01339	0.01482	0.01928	0.03400	0.07238	0.03704	0.06354	0.01057	0.00323	0.00608	0.64255	0.00594	0.00594
22	0.00822	0.00593	0.00778	0.00892	0.00957	0.00549	0.00608	0.00969	0.01366	0.01837	0.14645	0.62165	0.07513	0.01932	0.00828	0.00256	0.00369	0.01743	0.00629	0.00549
23	0.01595	0.01837	0.06261	0.02677	0.03346	0.01680	0.64321	0.05700	0.01629	0.02215	0.01340	0.01752	0.00999	0.00570	0.00765	0.00220	0.01085	0.00757	0.00348	0.00903
24	0.00998	0.00689	0.00892	0.00832	0.01004	0.00630	0.00627	0.01299	0.01844	0.05203	0.66244	0.04896	0.09656	0.01344	0.00772	0.00208	0.00321	0.01182	0.00722	0.00636
25	0.02173	0.01563	0.01679	0.01341	0.01778	0.01721	0.01083	0.47070	0.13358	0.06067	0.01871	0.01972	0.01400	0.04797	0.00781	0.00220	0.00640	0.00640	0.08827	0.01018
26	0.01535	0.41480	0.08272	0.01124	0.01696	0.01821	0.01086	0.01812	0.01346	0.01797	0.01188	0.05820	0.01103	0.00636	0.00486	0.00140	0.00635	0.00469	0.00337	0.27217
27	0.01555	0.01363	0.02050	0.11950	0.36230	0.01418	0.01578	0.12884	0.01736	0.02349	0.02216	0.02822	0.10649	0.00891	0.00695	0.00213	0.00709	0.07342	0.00440	0.00909
28	0.01707	0.18289	0.14668	0.11661	0.18864	0.13166	0.01660	0.04936	0.01540	0.01949	0.01127	0.01396	0.00912	0.00615	0.00581	0.00180	0.00856	0.00483	0.00323	0.05087
29	0.00807	0.00577	0.00774	0.00922	0.00962	0.00545	0.00618	0.00926	0.01253	0.01675	0.03564	0.73882	0.04261	0.02162	0.03377	0.00295	0.00430	0.01831	0.00602	0.00537
30	0.03883	0.11414	0.05442	0.04495	0.05952	0.01557	0.20509	0.12659	0.01753	0.04908	0.08674	0.03509	0.06137	0.02119	0.00714	0.00206	0.00755	0.00732	0.00457	0.04128
31	0.01521	0.13526	0.57532	0.01711	0.02588	0.01631	0.02125	0.02165	0.01425	0.08084	0.01265	0.01416	0.00903	0.00633	0.00600	0.00199	0.00900	0.00483	0.00324	0.00968
32	0.01128	0.01000	0.01023	0.01062	0.01202	0.10287	0.00790	0.01403	0.04465	0.01980	0.19962	0.32503	0.04014	0.01799	0.05231	0.00290	0.00588	0.10065	0.00590	0.00620
33	0.01378	0.12529	0.47106	0.01835	0.04421	0.01642	0.07829	0.01969	0.01354	0.01948	0.01197	0.01491	0.00927	0.01007	0.07059	0.00278	0.04312	0.00519	0.00291	0.00906
34	0.01588	0.04689	0.08558	0.35501	0.18637	0.01604	0.01765	0.10900	0.04114	0.04442	0.01328	0.01684	0.01004	0.00666	0.00645	0.00207	0.00815	0.00576	0.00376	0.00900
35	0.01267	0.00872	0.01336	0.01174	0.01394	0.00893	0.07601	0.01511	0.01325	0.11041	0.08437	0.03294	0.08211	0.10837	0.33024	0.00630	0.03031	0.02975	0.00477	0.00671
36	0.01443	0.01092	0.01302	0.01210	0.01408	0.06452	0.00944	0.01867	0.10436	0.11091	0.02030	0.09555	0.01820	0.02897	0.35204	0.00617	0.08635	0.00786	0.00472	0.00738

[dist]
# distance from previous block
# <min> <max>
0	44

[block]
# block no. 8 follows, 33 sequences, length 16
# corresponding to MSA columns:
# 355-370
name=unknown_I
#
# <colnr> <probs for GDERKNQSTAVLIFYWHMCP>
#	G	D	E	R	K	N	Q	S	T	A	V	L	I	F	Y	W	H	M	C	P
0	0.01287	0.04489	0.01442	0.01273	0.04004	0.05503	0.03849	0.06358	0.02824	0.01986	0.12714	0.07019	0.10007	0.13126	0.07979	0.00365	0.09281	0.05334	0.00486	0.00672
1	0.05122	0.18110	0.01714	0.01141	0.01507	0.08984	0.00960	0.02045	0.14601	0.03576	0.02754	0.03416	0.13880	0.01051	0.00643	0.00203	0.00612	0.12695	0.00500	0.06487
2	0.01626	0.01637	0.01345	0.01223	0.01526	0.24821	0.00939	0.02029	0.09158	0.04597	0.15484	0.07686	0.07460	0.01057	0.00679	0.00195	0.00681	0.06341	0.00529	0.10988
3	0.01964	0.02162	0.01545	0.01409	0.01714	0.40052	0.01072	0.12907	0.01917	0.02062	0.02294	0.12187	0.10662	0.01061	0.00675	0.00200	0.00870	0.04017	0.00474	0.00755
4	0.19486	0.01247	0.01324	0.00993	0.01534	0.01105	0.00802	0.07175	0.01447	0.02486	0.01146	0.01316	0.00928	0.00539	0.00483	0.00129	0.00511	0.00399	0.00415	0.56537
5	0.00862	0.00624	0.00827	0.00968	0.01047	0.00589	0.00710	0.01025	0.01339	0.01757	0.03825	0.54697	0.09396	0.01974	0.00852	0.00272	0.00432	0.17639	0.00610	0.00553
6	0.01819	0.10768	0.12606	0.04190	0.02023	0.19982	0.01325	0.10974	0.16201	0.02308	0.06641	0.05076	0.01654	0.00823	0.00629	0.00195	0.00796	0.00636	0.00469	0.00885
7	0.11708	0.01424	0.02475	0.01875	0.02332	0.01436	0.33839	0.08792	0.01634	0.02414	0.10726	0.05078	0.04473	0.01022	0.04298	0.00260	0.04152	0.00809	0.00446	0.00807
8	0.01519	0.03339	0.05229	0.07537	0.35029	0.01443	0.01545	0.02219	0.16852	0.03784	0.04222	0.02306	0.07582	0.00778	0.00658	0.00202	0.00669	0.00693	0.00446	0.03950
9	0.01570	0.01605	0.05541	0.11824	0.59301	0.01556	0.04981	0.01989	0.01477	0.02094	0.01232	0.01640	0.01014	0.00595	0.00657	0.00200	0.00815	0.00591	0.00321	0.00999
10	0.02161	0.02675	0.05125	0.01763	0.04725	0.51102	0.01357	0.05357	0.01723	0.01758	0.01069	0.01330	0.00905	0.00936	0.04105	0.00230	0.12075	0.00475	0.00343	0.00785
11	0.00954	0.00650	0.00780	0.00780	0.00801	0.00672	0.00476	0.00997	0.00976	0.01322	0.02018	0.03995	0.02257	0.63782	0.16246	0.00715	0.00843	0.00912	0.00390	0.00433
12	0.00812	0.00581	0.00773	0.00910	0.00957	0.00541	0.00612	0.00941	0.01306	0.01753	0.08854	0.71001	0.04495	0.02008	0.00835	0.00263	0.00377	0.01820	0.00620	0.00541
13	0.00926	0.00699	0.01017	0.01011	0.01113	0.00728	0.03692	0.01098	0.01162	0.01600	0.05087	0.24281	0.04651	0.16703	0.32394	0.00664	0.01041	0.01126	0.00455	0.00552
14	0.01529	0.04538	0.08770	0.19988	0.39639	0.03512	0.06262	0.01953	0.01438	0.01979	0.01193	0.01607	0.00965	0.00624	0.00698	0.00204	0.03281	0.00576	0.00312	0.00930
15	0.06662	0.04765	0.01938	0.14708	0.22775	0.04542	0.01374	0.04990	0.04005	0.02194	0.04369	0.03210	0.01290	0.00663	0.00595	0.00176	0.00684	0.00565	0.00390	0.20106

[dist]
# distance from previous block
# <min> <max>
0	10

[block]
