[name]
unknown

[dist]
# distance from previous block
# <min> <max>
0	42

[block]
# block no. 0 follows, 34 sequences, length 27
# corresponding to MSA columns:
# 43-69
name=unknown_A
#
# <colnr> <probs for GDERKNQSTAVLIFYWHMCP>
#	G	D	E	R	K	N	Q	S	T	A	V	L	I	F	Y	W	H	M	C	P
0	0.01822	0.05186	0.09999	0.01278	0.01718	0.01338	0.01134	0.07857	0.25749	0.19450	0.05807	0.08094	0.02095	0.00962	0.00668	0.00214	0.00581	0.04478	0.00622	0.00948
1	0.01769	0.04222	0.08795	0.01306	0.03675	0.01269	0.02507	0.14467	0.11702	0.16655	0.21489	0.02792	0.04664	0.00933	0.00674	0.00201	0.00563	0.00783	0.00627	0.00908
2	0.01098	0.06485	0.01015	0.00833	0.00966	0.00808	0.00586	0.01280	0.03963	0.05624	0.13649	0.13008	0.08849	0.35034	0.01858	0.00398	0.00516	0.02960	0.00514	0.00556
3	0.01423	0.10846	0.50696	0.01793	0.04291	0.01577	0.07219	0.02091	0.04007	0.03915	0.01235	0.01423	0.00908	0.00608	0.00599	0.00192	0.00878	0.00496	0.00313	0.05488
4	0.04795	0.48833	0.19392	0.01307	0.01933	0.03833	0.01393	0.05860	0.04047	0.01882	0.01061	0.01195	0.00879	0.00596	0.00486	0.00163	0.00750	0.00405	0.00316	0.00873
5	0.00766	0.00647	0.00663	0.00675	0.00878	0.00544	0.00500	0.00925	0.01453	0.01737	0.06293	0.12207	0.67174	0.01669	0.00769	0.00222	0.00331	0.01404	0.00600	0.00544
6	0.01546	0.01534	0.02355	0.25564	0.47024	0.07013	0.01870	0.01927	0.01444	0.01932	0.01179	0.01604	0.00960	0.00604	0.00637	0.00197	0.00826	0.00563	0.00311	0.00910
7	0.00811	0.00593	0.00768	0.00898	0.00971	0.00550	0.00632	0.00949	0.01293	0.01691	0.03930	0.60592	0.13035	0.01950	0.00824	0.00260	0.00392	0.08729	0.00599	0.00535
8	0.01296	0.03342	0.73944	0.01842	0.02797	0.01501	0.02387	0.02046	0.01364	0.02046	0.01160	0.01364	0.00818	0.00614	0.00614	0.00205	0.00955	0.00477	0.00273	0.00955
9	0.01758	0.67711	0.07319	0.01176	0.01750	0.02455	0.01188	0.07149	0.01446	0.01742	0.00962	0.01094	0.00849	0.00573	0.00443	0.00146	0.00708	0.00371	0.00304	0.00857
10	0.00764	0.00655	0.00655	0.00655	0.00873	0.00545	0.00491	0.00927	0.01473	0.01745	0.06546	0.06218	0.73000	0.01636	0.00764	0.00218	0.00327	0.01364	0.00600	0.00545
11	0.01485	0.01298	0.01470	0.01181	0.05103	0.03870	0.00885	0.06966	0.03246	0.02248	0.01213	0.01388	0.00991	0.00523	0.00508	0.00114	0.00538	0.00417	0.00404	0.66150
12	0.00903	0.00660	0.00848	0.00801	0.00958	0.00605	0.00601	0.01197	0.01802	0.02527	0.67924	0.04931	0.11133	0.01345	0.00762	0.00204	0.00307	0.01183	0.00703	0.00605
13	0.01761	0.74026	0.03310	0.01133	0.01675	0.06091	0.01113	0.01966	0.01338	0.01523	0.00903	0.01043	0.00829	0.00558	0.00423	0.00140	0.00714	0.00349	0.00279	0.00825
14	0.01727	0.77681	0.03386	0.01106	0.01658	0.02557	0.01106	0.01935	0.01313	0.01520	0.00898	0.01036	0.00829	0.00553	0.00415	0.00138	0.00691	0.00345	0.00276	0.00829
15	0.00806	0.00653	0.00716	0.00707	0.00901	0.00562	0.00528	0.01006	0.01562	0.01974	0.24672	0.08528	0.51996	0.01564	0.00766	0.00216	0.00323	0.01328	0.00631	0.00562
16	0.01709	0.74478	0.06426	0.01137	0.01707	0.02511	0.01161	0.01940	0.01315	0.01543	0.00910	0.01051	0.00829	0.00555	0.00423	0.00141	0.00702	0.00351	0.00276	0.00835
17	0.00935	0.00630	0.00732	0.00754	0.00767	0.00627	0.00453	0.00965	0.01001	0.01331	0.02249	0.09922	0.02591	0.66291	0.02934	0.00576	0.00605	0.05801	0.00422	0.00416
18	0.05681	0.01744	0.01943	0.01511	0.02005	0.03953	0.06080	0.52842	0.09341	0.03612	0.01736	0.01748	0.03212	0.00783	0.00647	0.00198	0.00712	0.00616	0.00604	0.01032
19	0.01695	0.72075	0.08707	0.01161	0.01744	0.02477	0.01202	0.01943	0.01317	0.01560	0.00918	0.01061	0.00828	0.00557	0.00430	0.00143	0.00711	0.00355	0.00276	0.00839
20	0.00787	0.00562	0.00750	0.00900	0.00937	0.00525	0.00600	0.00900	0.01237	0.01649	0.03561	0.76871	0.04274	0.02024	0.00825	0.00262	0.00375	0.01837	0.00600	0.00525
21	0.01328	0.08948	0.68623	0.01786	0.02711	0.01580	0.02291	0.02038	0.01360	0.02007	0.01140	0.01339	0.00819	0.00609	0.00599	0.00200	0.00935	0.00468	0.00273	0.00945
22	0.01503	0.02160	0.27868	0.17964	0.24886	0.04685	0.01993	0.03931	0.01455	0.04022	0.01210	0.01533	0.00922	0.00633	0.00664	0.00203	0.02594	0.00535	0.00319	0.00920
23	0.01400	0.02502	0.39864	0.02299	0.10609	0.01522	0.22895	0.02070	0.03923	0.02080	0.01342	0.01750	0.01033	0.00639	0.00673	0.00211	0.00947	0.02996	0.00319	0.00927
24	0.00927	0.00677	0.00960	0.00960	0.01048	0.00765	0.00710	0.01104	0.01015	0.01442	0.01802	0.02935	0.01787	0.21843	0.57970	0.00942	0.01472	0.00750	0.00357	0.00533
25	0.08908	0.10972	0.05903	0.04226	0.15482	0.07207	0.17751	0.12514	0.01712	0.07388	0.01295	0.01512	0.00985	0.00624	0.00617	0.00192	0.00828	0.00561	0.00404	0.00920
26	0.00888	0.00653	0.00826	0.00800	0.00944	0.00604	0.00588	0.01141	0.01662	0.02299	0.52808	0.09531	0.14457	0.05914	0.03788	0.00266	0.00386	0.01206	0.00657	0.00582

[dist]
# distance from previous block
# <min> <max>
1	11

[block]
# block no. 1 follows, 34 sequences, length 49
# corresponding to MSA columns:
# 81-129
name=unknown_B
#
# <colnr> <probs for GDERKNQSTAVLIFYWHMCP>
#	G	D	E	R	K	N	Q	S	T	A	V	L	I	F	Y	W	H	M	C	P
0	0.12336	0.26307	0.12410	0.06226	0.05303	0.11060	0.01328	0.09475	0.01563	0.04305	0.01184	0.03678	0.00984	0.00667	0.00533	0.00179	0.00765	0.00481	0.00368	0.00849
1	0.09386	0.20984	0.27153	0.04033	0.07258	0.01781	0.01574	0.10628	0.03516	0.02223	0.01207	0.01476	0.00969	0.04423	0.00684	0.00207	0.00769	0.00486	0.00353	0.00888
2	0.00888	0.00639	0.00751	0.00743	0.00838	0.00599	0.00496	0.01028	0.01358	0.01819	0.26688	0.09234	0.17358	0.32716	0.01807	0.00384	0.00446	0.01153	0.00551	0.00502
3	0.02188	0.05103	0.11446	0.01673	0.03671	0.37378	0.01413	0.21329	0.02036	0.02338	0.01166	0.01316	0.00909	0.00707	0.00676	0.00184	0.04702	0.00479	0.00407	0.00879
4	0.00933	0.00627	0.00703	0.00703	0.00711	0.00623	0.00395	0.00939	0.00959	0.01271	0.02203	0.04302	0.04967	0.74489	0.03195	0.00611	0.00615	0.00955	0.00399	0.00397
5	0.01737	0.72545	0.05732	0.01150	0.01709	0.05043	0.01154	0.01961	0.01333	0.01540	0.00911	0.01052	0.00829	0.00559	0.00427	0.00141	0.00717	0.00352	0.00278	0.00831
6	0.01730	0.02018	0.02853	0.06977	0.02836	0.22928	0.38410	0.02122	0.01571	0.01866	0.01313	0.01894	0.01090	0.00691	0.00778	0.00211	0.04784	0.04788	0.00340	0.00801
7	0.00929	0.00671	0.00928	0.00928	0.01005	0.00748	0.00670	0.01083	0.01006	0.01418	0.01832	0.03097	0.01858	0.28800	0.51109	0.00902	0.01366	0.00774	0.00361	0.00516
8	0.00962	0.00675	0.00807	0.00778	0.00967	0.00596	0.00582	0.01188	0.01629	0.06488	0.35165	0.12227	0.32592	0.01485	0.00762	0.00215	0.00336	0.01280	0.00661	0.00605
9	0.00902	0.00660	0.00846	0.00799	0.00957	0.00604	0.00600	0.01195	0.01799	0.02519	0.67302	0.04944	0.11760	0.01348	0.00762	0.00204	0.00307	0.01185	0.00702	0.00604
10	0.00914	0.00660	0.00864	0.00813	0.00965	0.00610	0.00610	0.01219	0.01829	0.02591	0.72921	0.04827	0.06097	0.01321	0.00762	0.00203	0.00305	0.01169	0.00711	0.00610
11	0.01833	0.31800	0.02261	0.01253	0.01684	0.14516	0.01069	0.08100	0.21118	0.02133	0.01538	0.01583	0.01229	0.00695	0.00532	0.00171	0.00696	0.00503	0.06412	0.00874
12	0.81856	0.01250	0.00950	0.00850	0.01250	0.01449	0.00700	0.01899	0.01100	0.02899	0.00900	0.01050	0.00700	0.00600	0.00400	0.00200	0.00500	0.00350	0.00400	0.00700
13	0.02759	0.01097	0.01466	0.01139	0.01622	0.00966	0.00936	0.03080	0.05138	0.67704	0.02701	0.02358	0.04263	0.00834	0.00654	0.00202	0.00540	0.00680	0.00786	0.01075
14	0.01340	0.01148	0.01340	0.00957	0.01531	0.00861	0.00766	0.01627	0.01340	0.02105	0.01148	0.01340	0.00957	0.00479	0.00479	0.00096	0.00479	0.00383	0.00383	0.81242
15	0.00884	0.00659	0.00821	0.00781	0.00947	0.00597	0.00586	0.01160	0.01757	0.02420	0.59455	0.05109	0.19669	0.01385	0.00762	0.00206	0.00309	0.01208	0.00689	0.00597
16	0.01607	0.00830	0.00988	0.00850	0.01180	0.00705	0.00672	0.01805	0.01622	0.30180	0.04966	0.04630	0.44788	0.01306	0.00719	0.00211	0.00415	0.01082	0.00679	0.00764
17	0.01405	0.01146	0.01347	0.00965	0.01536	0.00865	0.00773	0.01691	0.01361	0.05096	0.01207	0.01376	0.00984	0.00492	0.00486	0.00100	0.00481	0.00394	0.00400	0.77895
18	0.01457	0.03126	0.64568	0.01787	0.02685	0.01541	0.02230	0.09413	0.01554	0.03966	0.01234	0.01404	0.00867	0.00635	0.00618	0.00203	0.00919	0.00493	0.00325	0.00974
19	0.08743	0.01531	0.01710	0.01326	0.01824	0.01619	0.01094	0.42351	0.04716	0.25679	0.01847	0.01742	0.01252	0.00773	0.00629	0.00197	0.00638	0.00590	0.00675	0.01066
20	0.01599	0.01535	0.02623	0.03966	0.73262	0.01535	0.01983	0.01983	0.01471	0.02111	0.01215	0.01599	0.01023	0.00576	0.00640	0.00192	0.00768	0.00576	0.00320	0.01023
21	0.00920	0.00664	0.00872	0.00830	0.00983	0.00616	0.00630	0.01225	0.01813	0.02561	0.69717	0.04940	0.05987	0.01342	0.00768	0.00208	0.00318	0.04291	0.00706	0.00609
22	0.06629	0.01152	0.01325	0.00962	0.01521	0.00905	0.00773	0.01741	0.01357	0.06681	0.01221	0.01375	0.00981	0.00507	0.00484	0.00109	0.00484	0.00398	0.00410	0.70986
23	0.01212	0.00725	0.00946	0.00875	0.01077	0.00657	0.00669	0.01482	0.01747	0.13688	0.49069	0.10367	0.09989	0.01333	0.00754	0.00212	0.00361	0.03458	0.00704	0.00675
24	0.00787	0.00562	0.00750	0.00900	0.00937	0.00525	0.00600	0.00900	0.01237	0.01649	0.03561	0.76871	0.04274	0.02024	0.00825	0.00262	0.00375	0.01837	0.00600	0.00525
25	0.01664	0.01643	0.04731	0.06185	0.29548	0.01654	0.19811	0.11814	0.07415	0.02367	0.01375	0.01684	0.01076	0.00658	0.00764	0.00208	0.05419	0.00635	0.00390	0.00959
26	0.01581	0.01517	0.02590	0.07340	0.70027	0.01531	0.01974	0.01967	0.01463	0.02089	0.01212	0.01605	0.01016	0.00579	0.00640	0.00193	0.00772	0.00576	0.00318	0.01009
27	0.02022	0.00905	0.01218	0.01001	0.01347	0.00799	0.00799	0.02296	0.01840	0.42266	0.33663	0.03361	0.03588	0.01030	0.00699	0.00201	0.00441	0.00879	0.00761	0.00883
28	0.00787	0.00562	0.00750	0.00900	0.00937	0.00525	0.00600	0.00900	0.01237	0.01649	0.03561	0.76871	0.04274	0.02024	0.00825	0.00262	0.00375	0.01837	0.00600	0.00525
29	0.14657	0.01540	0.01457	0.01285	0.01669	0.07288	0.01009	0.10067	0.48147	0.02788	0.02115	0.02007	0.01590	0.00805	0.00609	0.00209	0.00581	0.00630	0.00590	0.00957
30	0.37971	0.01508	0.01757	0.02187	0.29818	0.04986	0.01289	0.09321	0.01487	0.02650	0.01098	0.01326	0.00876	0.00612	0.00529	0.00195	0.00659	0.00467	0.00391	0.00872
31	0.00787	0.00562	0.00750	0.00900	0.00937	0.00525	0.00600	0.00900	0.01237	0.01649	0.03561	0.76871	0.04274	0.02024	0.00825	0.00262	0.00375	0.01837	0.00600	0.00525
32	0.00940	0.00626	0.00705	0.00705	0.00705	0.00626	0.00392	0.00940	0.00940	0.01253	0.02036	0.04228	0.02349	0.77292	0.03289	0.00626	0.00626	0.00940	0.00392	0.00392
33	0.02430	0.01768	0.01903	0.01468	0.01978	0.01953	0.01210	0.65849	0.06248	0.06136	0.01632	0.01611	0.01155	0.00781	0.00647	0.00195	0.00697	0.00591	0.00652	0.01095
34	0.01570	0.01617	0.03093	0.03475	0.45649	0.01574	0.29219	0.02017	0.01493	0.02095	0.01252	0.01656	0.01006	0.00563	0.00688	0.00202	0.00895	0.00650	0.00323	0.00963
35	0.02801	0.01078	0.01468	0.01133	0.01616	0.00933	0.00933	0.03053	0.01848	0.70185	0.06036	0.02329	0.01822	0.00826	0.00655	0.00200	0.00538	0.00675	0.00795	0.01075
36	0.74882	0.01264	0.01015	0.00889	0.01298	0.01446	0.00733	0.04630	0.01212	0.06453	0.01007	0.01126	0.00760	0.00616	0.00422	0.00200	0.00510	0.00374	0.00429	0.00735
37	0.01657	0.01797	0.09420	0.03465	0.56637	0.04621	0.04212	0.06473	0.01579	0.02208	0.01226	0.01560	0.00999	0.00595	0.00639	0.00193	0.00809	0.00566	0.00337	0.01005
38	0.00905	0.00660	0.00851	0.00803	0.00960	0.00606	0.00602	0.01202	0.01807	0.02540	0.68880	0.04911	0.10169	0.01340	0.00762	0.00204	0.00306	0.01180	0.00705	0.00606
39	0.00941	0.00704	0.00955	0.01009	0.05361	0.00657	0.00690	0.01229	0.01744	0.02454	0.60530	0.11430	0.07138	0.01349	0.00761	0.00208	0.00340	0.01200	0.00674	0.00625
40	0.01913	0.52819	0.05648	0.01299	0.01802	0.23786	0.01197	0.02129	0.01468	0.01558	0.00938	0.01087	0.00830	0.00588	0.00472	0.00149	0.00841	0.00371	0.00293	0.00810
41	0.00983	0.00725	0.00960	0.01078	0.01241	0.00702	0.00926	0.01252	0.01484	0.01894	0.04076	0.07064	0.18246	0.01754	0.00865	0.00281	0.00539	0.54749	0.00596	0.00585
42	0.01617	0.18441	0.39158	0.01734	0.02470	0.11980	0.08568	0.05283	0.01512	0.01968	0.01115	0.01314	0.00851	0.00609	0.00584	0.00186	0.00932	0.00474	0.00304	0.00899
43	0.00883	0.00625	0.00712	0.00729	0.00786	0.00596	0.00454	0.00950	0.01140	0.01489	0.07680	0.14794	0.16351	0.47433	0.02299	0.00470	0.00513	0.01161	0.00481	0.00454
44	0.01340	0.01148	0.01340	0.00957	0.01531	0.00861	0.00766	0.01627	0.01340	0.02105	0.01148	0.01340	0.00957	0.00479	0.00479	0.00096	0.00479	0.00383	0.00383	0.81242
45	0.00810	0.00638	0.00731	0.00746	0.00911	0.00559	0.00545	0.01003	0.01525	0.01961	0.24342	0.19656	0.41028	0.01625	0.00775	0.00223	0.00330	0.01402	0.00631	0.00559
46	0.01615	0.52139	0.23377	0.01384	0.02049	0.03967	0.03913	0.01987	0.01347	0.01690	0.00989	0.01157	0.00832	0.00573	0.00487	0.00161	0.00791	0.00399	0.00279	0.00864
47	0.01582	0.19008	0.44535	0.01638	0.02407	0.08127	0.03353	0.05490	0.01490	0.03484	0.01141	0.01311	0.00858	0.00613	0.00571	0.00185	0.00890	0.00457	0.00312	0.02550
48	0.27544	0.07631	0.16178	0.01289	0.01861	0.01459	0.04418	0.07730	0.01550	0.22354	0.01480	0.01503	0.01028	0.00666	0.00550	0.00196	0.00664	0.00496	0.00492	0.00912

[dist]
# distance from previous block
# <min> <max>
0	2

[block]
# block no. 2 follows, 34 sequences, length 48
# corresponding to MSA columns:
# 132-179
name=unknown_C
#
# <colnr> <probs for GDERKNQSTAVLIFYWHMCP>
#	G	D	E	R	K	N	Q	S	T	A	V	L	I	F	Y	W	H	M	C	P
0	0.01575	0.01442	0.02326	0.09023	0.55390	0.01486	0.01770	0.04563	0.06450	0.02209	0.01382	0.01719	0.01123	0.00622	0.00629	0.00193	0.00723	0.00588	0.05813	0.00974
1	0.01859	0.01563	0.01600	0.01373	0.01777	0.04546	0.01085	0.20981	0.51428	0.03015	0.02286	0.02139	0.01701	0.00842	0.00652	0.00211	0.00589	0.00680	0.00642	0.01032
2	0.01599	0.01535	0.02623	0.03966	0.73262	0.01535	0.01983	0.01983	0.01471	0.02111	0.01215	0.01599	0.01023	0.00576	0.00640	0.00192	0.00768	0.00576	0.00320	0.01023
3	0.81856	0.01250	0.00950	0.00850	0.01250	0.01449	0.00700	0.01899	0.01100	0.02899	0.00900	0.01050	0.00700	0.00600	0.00400	0.00200	0.00500	0.00350	0.00400	0.00700
4	0.01053	0.00830	0.01075	0.01006	0.01026	0.00989	0.00714	0.01128	0.00969	0.01370	0.01692	0.03245	0.01854	0.46022	0.15467	0.00614	0.19284	0.00805	0.00357	0.00501
5	0.00868	0.00587	0.00775	0.00900	0.00962	0.00542	0.00609	0.00988	0.01270	0.04449	0.03635	0.71304	0.06766	0.01962	0.00816	0.00258	0.00380	0.01773	0.00608	0.00548
6	0.00940	0.00626	0.00705	0.00705	0.00705	0.00626	0.00392	0.00940	0.00940	0.01253	0.02036	0.04228	0.02349	0.77292	0.03289	0.00626	0.00626	0.00940	0.00392	0.00392
7	0.00878	0.00656	0.00815	0.00782	0.00945	0.00593	0.00584	0.01147	0.01735	0.02381	0.56591	0.07355	0.20334	0.01410	0.00764	0.00208	0.00312	0.01231	0.00684	0.00593
8	0.01306	0.03274	0.70951	0.01879	0.02821	0.01506	0.05312	0.02047	0.01371	0.02047	0.01166	0.01380	0.00825	0.00611	0.00620	0.00205	0.00961	0.00490	0.00275	0.00951
9	0.01104	0.00624	0.00679	0.00694	0.00797	0.00624	0.00492	0.01309	0.01236	0.01993	0.02217	0.03480	0.02085	0.25212	0.01399	0.00317	0.00434	0.07601	0.47168	0.00534
10	0.27509	0.19891	0.14821	0.01230	0.03308	0.01606	0.01188	0.02235	0.01386	0.19366	0.01348	0.01391	0.00975	0.00638	0.00507	0.00186	0.00645	0.00449	0.00442	0.00880
11	0.02369	0.07674	0.02034	0.01451	0.01965	0.02032	0.01211	0.63315	0.05386	0.03825	0.01539	0.01542	0.01109	0.00762	0.00629	0.00191	0.00702	0.00569	0.00618	0.01075
12	0.01917	0.03917	0.01408	0.01145	0.04506	0.00950	0.00881	0.04018	0.01696	0.32044	0.13481	0.02908	0.08543	0.00912	0.00644	0.00183	0.00499	0.03332	0.00636	0.16381
13	0.05142	0.08385	0.07190	0.01290	0.01724	0.15260	0.03575	0.04882	0.04452	0.20967	0.13601	0.04553	0.02080	0.00839	0.00627	0.00189	0.00684	0.00674	0.00546	0.03340
14	0.02142	0.45708	0.02671	0.01182	0.01715	0.02064	0.01088	0.14110	0.01742	0.19820	0.01419	0.01413	0.01066	0.00652	0.00513	0.00163	0.00659	0.00461	0.00469	0.00942
15	0.18630	0.01161	0.01402	0.01106	0.01581	0.01105	0.00911	0.04978	0.04214	0.54923	0.02192	0.01957	0.01417	0.00762	0.00600	0.00200	0.00543	0.00591	0.00710	0.01017
16	0.01603	0.06385	0.02358	0.15902	0.38298	0.08883	0.04319	0.03479	0.05302	0.01991	0.01349	0.04803	0.01153	0.00677	0.00635	0.00196	0.00800	0.00614	0.00350	0.00904
17	0.01494	0.01641	0.09683	0.17927	0.52562	0.01512	0.01987	0.01924	0.01425	0.02014	0.01197	0.01600	0.00971	0.00593	0.00638	0.00198	0.00805	0.00565	0.00309	0.00956
18	0.01659	0.00841	0.01009	0.00862	0.01198	0.00715	0.00683	0.01858	0.01631	0.31905	0.04871	0.04534	0.43076	0.01286	0.00716	0.00211	0.00421	0.01064	0.00684	0.00778
19	0.00765	0.00650	0.00659	0.00667	0.00876	0.00544	0.00496	0.00926	0.01461	0.01741	0.06395	0.09784	0.69531	0.01656	0.00767	0.00220	0.00330	0.01388	0.00600	0.00544
20	0.01584	0.01530	0.02644	0.06352	0.68306	0.01536	0.04564	0.01975	0.01467	0.02094	0.01217	0.01609	0.01016	0.00577	0.00644	0.00194	0.00783	0.00583	0.00319	0.01007
21	0.01950	0.01072	0.01398	0.01204	0.01542	0.01044	0.03195	0.14772	0.03797	0.28808	0.02703	0.22991	0.02468	0.01235	0.00728	0.00228	0.00553	0.08761	0.00674	0.00876
22	0.00911	0.00621	0.00744	0.00770	0.00788	0.00626	0.00467	0.00953	0.01001	0.01345	0.02273	0.16742	0.02615	0.57311	0.09614	0.00602	0.00687	0.01073	0.00424	0.00432
23	0.01914	0.02247	0.01905	0.01680	0.01847	0.38339	0.01331	0.02068	0.01410	0.01568	0.00923	0.01289	0.00840	0.00898	0.01352	0.00225	0.38637	0.00491	0.00308	0.00728
24	0.65337	0.01278	0.01055	0.00945	0.01338	0.01482	0.00766	0.02215	0.15714	0.02859	0.01256	0.01330	0.00962	0.00657	0.00453	0.00204	0.00502	0.00428	0.00453	0.00766
25	0.01599	0.01535	0.02623	0.03966	0.73262	0.01535	0.01983	0.01983	0.01471	0.02111	0.01215	0.01599	0.01023	0.00576	0.00640	0.00192	0.00768	0.00576	0.00320	0.01023
26	0.01379	0.01311	0.02225	0.45659	0.33289	0.01477	0.01873	0.01790	0.01367	0.01844	0.01176	0.01671	0.00929	0.00617	0.00643	0.00206	0.00822	0.00575	0.00301	0.00846
27	0.00787	0.00562	0.00750	0.00900	0.00937	0.00525	0.00600	0.00900	0.01237	0.01649	0.03561	0.76871	0.04274	0.02024	0.00825	0.00262	0.00375	0.01837	0.00600	0.00525
28	0.01727	0.77681	0.03386	0.01106	0.01658	0.02557	0.01106	0.01935	0.01313	0.01520	0.00898	0.01036	0.00829	0.00553	0.00415	0.00138	0.00691	0.00345	0.00276	0.00829
29	0.01187	0.00684	0.00913	0.00916	0.01067	0.00623	0.00663	0.01382	0.01524	0.14232	0.24751	0.41943	0.04379	0.01599	0.00776	0.00234	0.00383	0.01429	0.00668	0.00649
30	0.01630	0.01594	0.02593	0.03879	0.70569	0.04299	0.01955	0.02006	0.01485	0.02091	0.01207	0.01583	0.01016	0.00579	0.00638	0.00191	0.00783	0.00570	0.00320	0.01013
31	0.01414	0.01414	0.01979	0.01696	0.01696	0.01979	0.01414	0.01555	0.00990	0.01555	0.00848	0.01414	0.00848	0.01131	0.02120	0.00283	0.76110	0.00565	0.00283	0.00707
32	0.01220	0.01148	0.01938	0.75739	0.04450	0.01436	0.01794	0.01651	0.01292	0.01651	0.01148	0.01723	0.00861	0.00646	0.00646	0.00215	0.00861	0.00574	0.00287	0.00718
33	0.00787	0.00562	0.00750	0.00900	0.00937	0.00525	0.00600	0.00900	0.01237	0.01649	0.03561	0.76871	0.04274	0.02024	0.00825	0.00262	0.00375	0.01837	0.00600	0.00525
34	0.00974	0.00661	0.00823	0.00838	0.00883	0.00679	0.00545	0.03481	0.01085	0.01466	0.02211	0.18601	0.02485	0.41529	0.14207	0.06846	0.00752	0.01042	0.00427	0.00466
35	0.00834	0.00629	0.00771	0.00795	0.00931	0.00566	0.00574	0.01041	0.01551	0.02071	0.33457	0.27081	0.24100	0.01622	0.00782	0.00225	0.00332	0.01426	0.00647	0.00566
36	0.01548	0.01693	0.01371	0.01301	0.01507	0.31775	0.00992	0.01752	0.01371	0.01534	0.01424	0.01963	0.01287	0.03094	0.43656	0.00673	0.01494	0.00577	0.00341	0.00649
37	0.10673	0.01515	0.01566	0.01322	0.01742	0.01724	0.01057	0.26079	0.41048	0.03186	0.02077	0.01972	0.01539	0.00812	0.00626	0.00209	0.00577	0.00639	0.00626	0.01013
38	0.00923	0.00660	0.00902	0.01034	0.01136	0.00639	0.00816	0.01143	0.01412	0.01872	0.09673	0.36467	0.04165	0.01845	0.00852	0.00274	0.00476	0.34538	0.00607	0.00567
39	0.01878	0.07767	0.02329	0.13658	0.27389	0.19125	0.04538	0.09202	0.01694	0.04641	0.01215	0.01493	0.00965	0.00633	0.00616	0.00187	0.00871	0.00531	0.00366	0.00900
40	0.01727	0.77681	0.03386	0.01106	0.01658	0.02557	0.01106	0.01935	0.01313	0.01520	0.00898	0.01036	0.00829	0.00553	0.00415	0.00138	0.00691	0.00345	0.00276	0.00829
41	0.00950	0.00683	0.00915	0.00935	0.01082	0.00649	0.00745	0.01245	0.01699	0.02348	0.48373	0.08346	0.05278	0.01494	0.00806	0.00235	0.00399	0.22547	0.00670	0.00602
42	0.01326	0.08589	0.68965	0.01790	0.02716	0.01575	0.02297	0.02038	0.01361	0.02009	0.01141	0.01341	0.00819	0.00610	0.00600	0.00200	0.00936	0.00468	0.00273	0.00946
43	0.01440	0.01373	0.02335	0.34078	0.44392	0.01493	0.01904	0.01844	0.01396	0.01918	0.01187	0.01651	0.00955	0.00605	0.00642	0.00202	0.00807	0.00575	0.00306	0.00895
44	0.00922	0.00670	0.00939	0.00944	0.01026	0.00749	0.00689	0.01087	0.01020	0.01440	0.01881	0.05796	0.01911	0.24059	0.52889	0.00899	0.01385	0.00801	0.00368	0.00525
45	0.32839	0.02190	0.01442	0.01297	0.01657	0.39000	0.01002	0.04894	0.03718	0.02244	0.01070	0.01217	0.00855	0.00654	0.00513	0.00181	0.00842	0.00413	0.03222	0.00746
46	0.04453	0.06364	0.04689	0.07198	0.02161	0.01919	0.01279	0.52833	0.05283	0.05207	0.01512	0.01560	0.01087	0.00746	0.00625	0.00194	0.00713	0.00564	0.00579	0.01034
47	0.01605	0.38280	0.17837	0.01397	0.03728	0.03826	0.03982	0.04879	0.01428	0.01882	0.01052	0.01226	0.00872	0.00565	0.00501	0.00152	0.00739	0.00413	0.00315	0.15320

[dist]
# distance from previous block
# <min> <max>
1	3

[block]
# block no. 3 follows, 34 sequences, length 48
# corresponding to MSA columns:
# 183-230
name=unknown_D
#
# <colnr> <probs for GDERKNQSTAVLIFYWHMCP>
#	G	D	E	R	K	N	Q	S	T	A	V	L	I	F	Y	W	H	M	C	P
0	0.01759	0.16260	0.25334	0.01483	0.02091	0.10588	0.01520	0.14373	0.01726	0.04435	0.04212	0.01485	0.01130	0.00685	0.00642	0.00181	0.04100	0.00495	0.00391	0.07108
1	0.04206	0.01456	0.01553	0.01447	0.06190	0.05385	0.01066	0.12659	0.39508	0.06670	0.08329	0.02292	0.01994	0.00845	0.00646	0.00204	0.00573	0.00693	0.00613	0.03671
2	0.04807	0.04863	0.61377	0.01815	0.02691	0.01537	0.06661	0.02099	0.04457	0.02101	0.01216	0.01413	0.00875	0.00619	0.00611	0.00204	0.00918	0.00498	0.00299	0.00938
3	0.01042	0.00713	0.00821	0.00799	0.00847	0.00732	0.00502	0.05516	0.01109	0.01484	0.02056	0.04109	0.02294	0.64344	0.07168	0.00606	0.00695	0.04292	0.00416	0.00458
4	0.01422	0.01586	0.09833	0.16616	0.37176	0.01472	0.06985	0.01842	0.01429	0.02020	0.07191	0.01867	0.01383	0.00689	0.00753	0.00206	0.05668	0.00628	0.00340	0.00893
5	0.01303	0.03296	0.71928	0.01867	0.02813	0.01504	0.04357	0.02047	0.01369	0.02047	0.01164	0.01375	0.00823	0.00612	0.00618	0.00205	0.00959	0.00486	0.00274	0.00953
6	0.01340	0.01148	0.01340	0.00957	0.01531	0.00861	0.00766	0.01627	0.01340	0.02105	0.01148	0.01340	0.00957	0.00479	0.00479	0.00096	0.00479	0.00383	0.00383	0.81242
7	0.01451	0.11688	0.29993	0.01896	0.14422	0.06091	0.01682	0.01959	0.03470	0.03512	0.13600	0.01998	0.01818	0.00751	0.00663	0.00194	0.02945	0.00607	0.00383	0.00876
8	0.00861	0.00634	0.00808	0.00886	0.00996	0.00590	0.00656	0.01050	0.01427	0.01885	0.17504	0.34736	0.16252	0.04975	0.00919	0.00265	0.00404	0.13989	0.00612	0.00552
9	0.01340	0.01148	0.01340	0.00957	0.01531	0.00861	0.00766	0.01627	0.01340	0.02105	0.01148	0.01340	0.00957	0.00479	0.00479	0.00096	0.00479	0.00383	0.00383	0.81242
10	0.07510	0.14914	0.35682	0.01481	0.02180	0.07195	0.01642	0.03494	0.07187	0.02089	0.01212	0.01358	0.00928	0.00616	0.00551	0.00179	0.00798	0.00453	0.00339	0.10191
11	0.00952	0.00652	0.00759	0.00754	0.00790	0.00643	0.00455	0.00989	0.00992	0.01339	0.02097	0.07312	0.02388	0.65190	0.06064	0.00595	0.00656	0.03152	0.00405	0.03817
12	0.01245	0.01158	0.08836	0.01271	0.01611	0.00911	0.12996	0.01606	0.01656	0.08933	0.40695	0.03646	0.03940	0.07490	0.00950	0.00241	0.00557	0.00960	0.00581	0.00717
13	0.01715	0.01386	0.04659	0.01137	0.01700	0.01163	0.00959	0.16135	0.04741	0.08770	0.01417	0.01505	0.01079	0.00590	0.00541	0.00135	0.00555	0.00466	0.00480	0.50867
14	0.02089	0.01627	0.01732	0.01412	0.01864	0.01832	0.01139	0.41823	0.32921	0.03480	0.02018	0.01923	0.01477	0.00819	0.00651	0.00205	0.00625	0.00646	0.00651	0.01066
15	0.24402	0.16950	0.09169	0.01267	0.01794	0.03700	0.01167	0.27342	0.03953	0.02930	0.01217	0.01305	0.00924	0.00666	0.00527	0.00186	0.00678	0.00459	0.00459	0.00908
16	0.01711	0.03848	0.07375	0.01238	0.01605	0.01353	0.01058	0.24345	0.06409	0.09222	0.01773	0.02246	0.01471	0.11554	0.21337	0.00482	0.00972	0.00657	0.00504	0.00841
17	0.00805	0.00585	0.00766	0.00894	0.00955	0.00537	0.00602	0.00925	0.01248	0.01667	0.03573	0.72207	0.06267	0.01961	0.00811	0.00256	0.00377	0.01774	0.00593	0.03199
18	0.01524	0.01459	0.02464	0.17725	0.53721	0.01523	0.04104	0.02001	0.05317	0.02053	0.01283	0.01672	0.01043	0.00605	0.00646	0.00199	0.00782	0.00590	0.00332	0.00959
19	0.02355	0.01715	0.01855	0.01437	0.01915	0.01894	0.01177	0.65751	0.02871	0.03847	0.01519	0.01583	0.01101	0.00888	0.00790	0.06369	0.00700	0.00580	0.00618	0.01036
20	0.01122	0.00561	0.00842	0.00842	0.00842	0.00561	0.00561	0.00842	0.00842	0.01122	0.01122	0.01964	0.01122	0.02245	0.02525	0.81201	0.00561	0.00561	0.00281	0.00281
21	0.00787	0.00562	0.00750	0.00900	0.00937	0.00525	0.00600	0.00900	0.01237	0.01649	0.03561	0.76871	0.04274	0.02024	0.00825	0.00262	0.00375	0.01837	0.00600	0.00525
22	0.01281	0.01296	0.05838	0.01802	0.02197	0.01145	0.31758	0.04012	0.01472	0.04148	0.02336	0.29414	0.02413	0.01202	0.00781	0.00238	0.00754	0.06702	0.00470	0.00742
23	0.01825	0.67037	0.03164	0.01185	0.01707	0.12850	0.01126	0.02027	0.01387	0.01529	0.00913	0.01055	0.00830	0.00569	0.00439	0.00142	0.00759	0.00356	0.00284	0.00818
24	0.05415	0.12132	0.43300	0.01851	0.06921	0.01593	0.09293	0.01988	0.01366	0.02034	0.01132	0.01360	0.00856	0.00584	0.00584	0.00187	0.00861	0.00483	0.00298	0.07763
25	0.01747	0.14068	0.15582	0.02105	0.12585	0.10069	0.16737	0.06905	0.03946	0.05633	0.01361	0.01694	0.01080	0.00658	0.00630	0.00193	0.00876	0.02848	0.00374	0.00910
26	0.44932	0.01212	0.00984	0.00906	0.01208	0.08371	0.00711	0.01719	0.01382	0.02598	0.19427	0.04712	0.03927	0.00868	0.00535	0.00197	0.00498	0.00649	0.04497	0.00668
27	0.01233	0.01161	0.01961	0.73366	0.06725	0.01439	0.01801	0.01662	0.01298	0.01666	0.01151	0.01719	0.00867	0.00644	0.00646	0.00215	0.00858	0.00574	0.00288	0.00728
28	0.01727	0.77681	0.03386	0.01106	0.01658	0.02557	0.01106	0.01935	0.01313	0.01520	0.00898	0.01036	0.00829	0.00553	0.00415	0.00138	0.00691	0.00345	0.00276	0.00829
29	0.01525	0.01743	0.03813	0.02723	0.03377	0.01634	0.70915	0.02070	0.01525	0.02070	0.01307	0.01743	0.00980	0.00545	0.00763	0.00218	0.01089	0.00763	0.00327	0.00871
30	0.00935	0.00644	0.00792	0.00792	0.00823	0.00674	0.00501	0.00996	0.00966	0.01318	0.01956	0.03785	0.02157	0.58282	0.22035	0.00735	0.00916	0.00875	0.00380	0.00440
31	0.00980	0.00677	0.00872	0.00814	0.00985	0.00618	0.00614	0.01272	0.01802	0.05295	0.65002	0.04833	0.11140	0.01325	0.00758	0.00204	0.00316	0.01164	0.00706	0.00624
32	0.00818	0.00599	0.00771	0.00866	0.00951	0.00552	0.00607	0.00980	0.01385	0.01845	0.16583	0.52102	0.13006	0.01838	0.00809	0.00248	0.00366	0.04507	0.00620	0.00546
33	0.01518	0.01723	0.03702	0.02661	0.03276	0.01655	0.66723	0.02039	0.01493	0.02039	0.01280	0.01723	0.00972	0.00580	0.00844	0.00222	0.05614	0.00751	0.00324	0.00862
34	0.01791	0.15266	0.02542	0.06777	0.41788	0.14663	0.01651	0.02103	0.01511	0.04371	0.01163	0.01450	0.00966	0.00599	0.00590	0.00179	0.00822	0.00509	0.00329	0.00927
35	0.23129	0.36065	0.06860	0.01174	0.01686	0.08945	0.01099	0.08397	0.01485	0.04584	0.01040	0.01159	0.00845	0.00609	0.00468	0.00169	0.00699	0.00394	0.00366	0.00829
36	0.01637	0.29062	0.21029	0.01690	0.10140	0.14384	0.01512	0.02007	0.01486	0.01843	0.08340	0.01593	0.01385	0.00669	0.00556	0.00173	0.00810	0.00502	0.00334	0.00848
37	0.01076	0.05138	0.04377	0.01470	0.11650	0.00921	0.01027	0.01377	0.03729	0.01892	0.07177	0.32160	0.05350	0.01522	0.00772	0.00246	0.00528	0.18380	0.00535	0.00672
38	0.01611	0.01332	0.01414	0.01268	0.01630	0.01515	0.00988	0.03270	0.64877	0.05635	0.02863	0.02631	0.06241	0.00919	0.00664	0.00218	0.00502	0.00765	0.00660	0.00997
39	0.14860	0.01367	0.01502	0.08150	0.01913	0.01532	0.01063	0.13402	0.33325	0.13042	0.02035	0.01964	0.01475	0.00784	0.00612	0.00209	0.00578	0.00620	0.00600	0.00965
40	0.00886	0.00659	0.00824	0.00783	0.00948	0.00597	0.00587	0.01164	0.01761	0.02430	0.60295	0.05091	0.18823	0.01381	0.00762	0.00206	0.00309	0.01206	0.00690	0.00597
41	0.01042	0.00660	0.00787	0.00778	0.00825	0.00653	0.00488	0.01097	0.01068	0.05228	0.05184	0.06745	0.02572	0.60490	0.05915	0.00574	0.00646	0.04344	0.00442	0.00461
42	0.01122	0.00561	0.00842	0.00842	0.00842	0.00561	0.00561	0.00842	0.00842	0.01122	0.01122	0.01964	0.01122	0.02245	0.02525	0.81201	0.00561	0.00561	0.00281	0.00281
43	0.02287	0.02876	0.01764	0.01611	0.01926	0.68402	0.01211	0.02459	0.01764	0.01574	0.01061	0.01282	0.00899	0.01022	0.06901	0.00241	0.01213	0.00440	0.00334	0.00734
44	0.01833	0.04093	0.01903	0.28755	0.02837	0.04578	0.01399	0.29238	0.13860	0.02770	0.01540	0.01726	0.01138	0.00733	0.00638	0.00203	0.00750	0.00590	0.00491	0.00923
45	0.01812	0.04703	0.01735	0.05670	0.07307	0.25176	0.04626	0.03556	0.04704	0.09809	0.02173	0.09523	0.06215	0.00998	0.00677	0.00207	0.00794	0.09059	0.00473	0.00783
46	0.01512	0.01218	0.01343	0.01352	0.07156	0.08501	0.00937	0.05486	0.10750	0.08626	0.07598	0.07840	0.04705	0.17816	0.03165	0.00328	0.06192	0.04230	0.00512	0.00733
47	0.01541	0.01963	0.21141	0.01634	0.02099	0.08807	0.10571	0.05509	0.01519	0.07466	0.04842	0.09652	0.04428	0.00970	0.00900	0.00223	0.11804	0.03690	0.00425	0.00816

[dist]
# distance from previous block
# <min> <max>
2	6

[block]
# block no. 4 follows, 34 sequences, length 71
# corresponding to MSA columns:
# 237-307
name=unknown_E
#
# <colnr> <probs for GDERKNQSTAVLIFYWHMCP>
#	G	D	E	R	K	N	Q	S	T	A	V	L	I	F	Y	W	H	M	C	P
0	0.08136	0.06674	0.08755	0.01518	0.02009	0.28522	0.04935	0.14918	0.01891	0.11969	0.01332	0.01415	0.00985	0.00675	0.00589	0.00181	0.00875	0.00492	0.00450	0.03680
1	0.01162	0.00846	0.04237	0.00907	0.01149	0.00687	0.00728	0.01441	0.01671	0.10889	0.42091	0.14522	0.10295	0.01308	0.00736	0.00207	0.00385	0.01144	0.00660	0.04936
2	0.04273	0.00681	0.00837	0.00791	0.00957	0.00640	0.00595	0.01249	0.01745	0.02540	0.61110	0.04593	0.09671	0.01272	0.00726	0.00200	0.00314	0.01108	0.06089	0.00609
3	0.01322	0.07894	0.69624	0.01797	0.02727	0.01565	0.02309	0.02039	0.01361	0.02014	0.01144	0.01344	0.00819	0.00610	0.00602	0.00201	0.00939	0.00469	0.00273	0.00947
4	0.02143	0.01432	0.01645	0.03728	0.01849	0.01436	0.01046	0.33084	0.05396	0.16727	0.01689	0.01688	0.01204	0.00704	0.00599	0.00171	0.00606	0.00551	0.02665	0.21639
5	0.01220	0.01148	0.01938	0.75739	0.04450	0.01436	0.01794	0.01651	0.01292	0.01651	0.01148	0.01723	0.00861	0.00646	0.00646	0.00215	0.00861	0.00574	0.00287	0.00718
6	0.01670	0.08446	0.16224	0.07996	0.26189	0.05632	0.05410	0.10658	0.07436	0.02274	0.01323	0.01560	0.01030	0.00639	0.00622	0.00194	0.00815	0.00552	0.00374	0.00957
7	0.02289	0.02864	0.02021	0.01928	0.08228	0.63915	0.05577	0.02497	0.01781	0.01657	0.01036	0.01238	0.00858	0.00651	0.00599	0.00172	0.01126	0.00451	0.00331	0.00780
8	0.01122	0.00561	0.00842	0.00842	0.00842	0.00561	0.00561	0.00842	0.00842	0.01122	0.01122	0.01964	0.01122	0.02245	0.02525	0.81201	0.00561	0.00561	0.00281	0.00281
9	0.02456	0.01810	0.01939	0.01487	0.02004	0.02004	0.01228	0.71107	0.03038	0.04072	0.01551	0.01551	0.01099	0.00776	0.00646	0.00194	0.00711	0.00582	0.00646	0.01099
10	0.02147	0.06935	0.01839	0.01498	0.01887	0.36347	0.01171	0.14974	0.22206	0.02343	0.01560	0.01584	0.01207	0.00739	0.00605	0.00185	0.00867	0.00532	0.00478	0.00895
11	0.02215	0.08047	0.01932	0.01548	0.01918	0.41893	0.01216	0.16118	0.10430	0.02202	0.01288	0.01396	0.01023	0.00732	0.00683	0.00183	0.05404	0.00490	0.00427	0.00855
12	0.00993	0.00787	0.01011	0.00986	0.01162	0.00860	0.00761	0.01455	0.11852	0.01811	0.08109	0.03434	0.16452	0.03339	0.43163	0.00688	0.01158	0.00869	0.00471	0.00640
13	0.00885	0.00647	0.00831	0.00812	0.00954	0.00593	0.00599	0.01152	0.01720	0.02395	0.58174	0.14765	0.11175	0.01442	0.00771	0.00212	0.00316	0.01275	0.00687	0.00593
14	0.01445	0.01561	0.06574	0.41019	0.27775	0.06982	0.01854	0.01859	0.01398	0.01828	0.01161	0.01616	0.00912	0.00621	0.00637	0.00203	0.00858	0.00557	0.00301	0.00840
15	0.00951	0.00622	0.00713	0.00713	0.00713	0.00622	0.00402	0.00934	0.00934	0.01245	0.01980	0.04089	0.02274	0.72681	0.03242	0.05578	0.00622	0.00916	0.00385	0.00385
16	0.02456	0.01810	0.01939	0.01487	0.02004	0.02004	0.01228	0.71107	0.03038	0.04072	0.01551	0.01551	0.01099	0.00776	0.00646	0.00194	0.00711	0.00582	0.00646	0.01099
17	0.01432	0.01203	0.01389	0.01001	0.01570	0.00956	0.00804	0.07382	0.01480	0.02268	0.01182	0.01357	0.00969	0.00503	0.00492	0.00104	0.00498	0.00399	0.00405	0.74604
18	0.01525	0.01484	0.02536	0.13135	0.52264	0.01575	0.06118	0.01899	0.01400	0.01988	0.01173	0.01605	0.00981	0.00642	0.00806	0.00206	0.08826	0.00586	0.00312	0.00940
19	0.81856	0.01250	0.00950	0.00850	0.01250	0.01449	0.00700	0.01899	0.01100	0.02899	0.00900	0.01050	0.00700	0.00600	0.00400	0.00200	0.00500	0.00350	0.00400	0.00700
20	0.01673	0.01421	0.01498	0.01328	0.01705	0.01638	0.01039	0.08690	0.66731	0.02809	0.02546	0.02344	0.01905	0.00869	0.00657	0.00217	0.00527	0.00719	0.00657	0.01029
21	0.00916	0.00684	0.01015	0.01023	0.01131	0.00788	0.00786	0.01135	0.01047	0.01502	0.01835	0.06516	0.01774	0.06477	0.69062	0.00987	0.01632	0.00759	0.00361	0.00570
22	0.00807	0.00576	0.00772	0.00922	0.00968	0.00542	0.00634	0.00934	0.01257	0.01672	0.03550	0.71448	0.04230	0.02006	0.00830	0.00265	0.00392	0.07064	0.00599	0.00530
23	0.00923	0.00619	0.00710	0.00726	0.00730	0.00615	0.00414	0.00935	0.00972	0.01296	0.02202	0.12124	0.02558	0.69111	0.03021	0.00587	0.00599	0.01037	0.00414	0.00406
24	0.02428	0.01796	0.01923	0.01481	0.01993	0.01991	0.01221	0.68854	0.05337	0.04027	0.01587	0.01580	0.01128	0.00779	0.00647	0.00195	0.00704	0.00587	0.00647	0.01096
25	0.00929	0.00670	0.00924	0.00924	0.01000	0.00746	0.00666	0.01081	0.01005	0.01416	0.01835	0.03115	0.01866	0.29586	0.50334	0.00898	0.01354	0.00777	0.00362	0.00514
26	0.01414	0.01414	0.01979	0.01696	0.01696	0.01979	0.01414	0.01555	0.00990	0.01555	0.00848	0.01414	0.00848	0.01131	0.02120	0.00283	0.76110	0.00565	0.00283	0.00707
27	0.01595	0.35634	0.02529	0.01292	0.01787	0.06570	0.08598	0.02039	0.09487	0.01894	0.05802	0.03264	0.01409	0.00664	0.00534	0.00157	0.00675	0.00531	0.00383	0.15154
28	0.01499	0.01683	0.03598	0.07123	0.03368	0.01591	0.63857	0.02026	0.01503	0.02046	0.01291	0.01725	0.00972	0.00548	0.00744	0.00213	0.01051	0.00736	0.00327	0.04099
29	0.81856	0.01250	0.00950	0.00850	0.01250	0.01449	0.00700	0.01899	0.01100	0.02899	0.00900	0.01050	0.00700	0.00600	0.00400	0.00200	0.00500	0.00350	0.00400	0.00700
30	0.01011	0.00686	0.00868	0.00807	0.00992	0.00620	0.00611	0.01289	0.01770	0.06819	0.57462	0.04899	0.17044	0.01342	0.00755	0.00206	0.00324	0.01169	0.00698	0.00629
31	0.01880	0.01122	0.01328	0.01132	0.01490	0.01154	0.00895	0.05500	0.28633	0.25295	0.18698	0.02864	0.02757	0.00946	0.00672	0.00206	0.00478	0.00796	0.03213	0.00942
32	0.02507	0.01383	0.01646	0.01291	0.01764	0.01402	0.01068	0.33790	0.02366	0.34952	0.04983	0.02316	0.01681	0.00869	0.00667	0.00203	0.00616	0.04734	0.00714	0.01049
33	0.01122	0.00561	0.00842	0.00842	0.00842	0.00561	0.00561	0.00842	0.00842	0.01122	0.01122	0.01964	0.01122	0.02245	0.02525	0.81201	0.00561	0.00561	0.00281	0.00281
34	0.81856	0.01250	0.00950	0.00850	0.01250	0.01449	0.00700	0.01899	0.01100	0.02899	0.00900	0.01050	0.00700	0.00600	0.00400	0.00200	0.00500	0.00350	0.00400	0.00700
35	0.81856	0.01250	0.00950	0.00850	0.01250	0.01449	0.00700	0.01899	0.01100	0.02899	0.00900	0.01050	0.00700	0.00600	0.00400	0.00200	0.00500	0.00350	0.00400	0.00700
36	0.01640	0.01320	0.05438	0.01453	0.10384	0.01014	0.03041	0.01964	0.01449	0.14285	0.01400	0.01530	0.01068	0.00554	0.00543	0.00134	0.00568	0.00468	0.00439	0.51308
37	0.01888	0.02136	0.02234	0.02134	0.12761	0.30220	0.10691	0.04277	0.05288	0.01854	0.01139	0.01445	0.00953	0.00764	0.00996	0.00209	0.19300	0.00544	0.00345	0.00821
38	0.00940	0.00626	0.00705	0.00705	0.00705	0.00626	0.00392	0.00940	0.00940	0.01253	0.02036	0.04228	0.02349	0.77292	0.03289	0.00626	0.00626	0.00940	0.00392	0.00392
39	0.01617	0.40536	0.27933	0.01613	0.07465	0.04998	0.01630	0.04172	0.01418	0.01831	0.01038	0.01215	0.00849	0.00587	0.00515	0.00168	0.00809	0.00419	0.00292	0.00893
40	0.01212	0.01121	0.01874	0.69038	0.05935	0.01380	0.01717	0.01625	0.01296	0.01681	0.01271	0.04764	0.01023	0.00702	0.00648	0.00215	0.00825	0.00626	0.02332	0.00715
41	0.00787	0.00562	0.00750	0.00900	0.00937	0.00525	0.00600	0.00900	0.01237	0.01649	0.03561	0.76871	0.04274	0.02024	0.00825	0.00262	0.00375	0.01837	0.00600	0.00525
42	0.01320	0.01236	0.02082	0.50256	0.24299	0.01422	0.01803	0.01728	0.01356	0.01802	0.01308	0.02029	0.01084	0.00696	0.00659	0.00214	0.00818	0.04774	0.00316	0.00799
43	0.01220	0.01148	0.01938	0.75739	0.04450	0.01436	0.01794	0.01651	0.01292	0.01651	0.01148	0.01723	0.00861	0.00646	0.00646	0.00215	0.00861	0.00574	0.00287	0.00718
44	0.00938	0.00634	0.00745	0.00745	0.00759	0.00648	0.00442	0.00965	0.00952	0.01283	0.01999	0.04025	0.02261	0.68581	0.11879	0.00676	0.00759	0.00910	0.00386	0.00414
45	0.01170	0.00774	0.01040	0.00986	0.01125	0.00844	0.00735	0.05530	0.01196	0.07021	0.01862	0.02897	0.01776	0.23354	0.45828	0.00815	0.01289	0.00747	0.00411	0.00599
46	0.01414	0.01414	0.01979	0.01696	0.01696	0.01979	0.01414	0.01555	0.00990	0.01555	0.00848	0.01414	0.00848	0.01131	0.02120	0.00283	0.76110	0.00565	0.00283	0.00707
47	0.01340	0.01148	0.01340	0.00957	0.01531	0.00861	0.00766	0.01627	0.01340	0.02105	0.01148	0.01340	0.00957	0.00479	0.00479	0.00096	0.00479	0.00383	0.00383	0.81242
48	0.09702	0.24178	0.02495	0.01586	0.02037	0.35824	0.11719	0.02252	0.01565	0.01764	0.01007	0.01205	0.00841	0.00609	0.00544	0.00169	0.00953	0.00442	0.00322	0.00786
49	0.01064	0.00760	0.00955	0.00882	0.01072	0.00736	0.00669	0.01542	0.09919	0.05093	0.62366	0.04456	0.05464	0.01252	0.00746	0.00205	0.00337	0.01100	0.00708	0.00674
50	0.01475	0.01343	0.02156	0.44853	0.26058	0.01529	0.01793	0.09306	0.01539	0.02060	0.01214	0.01665	0.00939	0.00638	0.00644	0.00206	0.00815	0.00576	0.00337	0.00856
51	0.02012	0.01409	0.01516	0.09350	0.01956	0.09268	0.01075	0.02902	0.30084	0.24979	0.02506	0.02367	0.05973	0.00851	0.00652	0.00207	0.00621	0.00693	0.00624	0.00955
52	0.01683	0.01236	0.01355	0.01158	0.01486	0.01310	0.00916	0.37493	0.02229	0.02977	0.02934	0.19439	0.13992	0.01234	0.00704	0.00215	0.00546	0.03386	0.04875	0.00834
53	0.02388	0.14163	0.02126	0.01386	0.01906	0.01973	0.01176	0.51974	0.02619	0.11644	0.01559	0.01541	0.01112	0.00742	0.00609	0.00185	0.00689	0.00551	0.00603	0.01055
54	0.00906	0.00666	0.00852	0.00822	0.00982	0.00612	0.00628	0.01193	0.01761	0.02441	0.59778	0.05178	0.13899	0.01393	0.00772	0.00212	0.00329	0.06285	0.00689	0.00601
55	0.02456	0.01810	0.01939	0.01487	0.02004	0.02004	0.01228	0.71107	0.03038	0.04072	0.01551	0.01551	0.01099	0.00776	0.00646	0.00194	0.00711	0.00582	0.00646	0.01099
56	0.01424	0.01198	0.01385	0.00997	0.01567	0.00947	0.00800	0.06851	0.01468	0.02253	0.01179	0.01356	0.00968	0.00501	0.00491	0.00103	0.00496	0.00398	0.00403	0.75217
57	0.01977	0.04185	0.01656	0.01441	0.01792	0.34211	0.01108	0.04740	0.34142	0.02195	0.01806	0.01795	0.01397	0.00766	0.00609	0.00190	0.00805	0.00571	0.03733	0.00880
58	0.01296	0.03342	0.73944	0.01842	0.02797	0.01501	0.02387	0.02046	0.01364	0.02046	0.01160	0.01364	0.00818	0.00614	0.00614	0.00205	0.00955	0.00477	0.00273	0.00955
59	0.01573	0.01510	0.02567	0.07930	0.67467	0.01542	0.01957	0.01953	0.01448	0.02070	0.01202	0.01601	0.01010	0.00595	0.00680	0.00196	0.02810	0.00575	0.00317	0.00998
60	0.00926	0.00681	0.00979	0.00979	0.01073	0.00775	0.00733	0.01116	0.01021	0.01456	0.01785	0.02841	0.01747	0.17802	0.61956	0.00965	0.01533	0.00737	0.00354	0.00544
61	0.00787	0.00562	0.00750	0.00900	0.00937	0.00525	0.00600	0.00900	0.01237	0.01649	0.03561	0.76871	0.04274	0.02024	0.00825	0.00262	0.00375	0.01837	0.00600	0.00525
62	0.00908	0.00660	0.00855	0.00806	0.00961	0.00607	0.00605	0.01207	0.01814	0.02556	0.70175	0.04884	0.08864	0.01334	0.00762	0.00204	0.00306	0.01177	0.00707	0.00607
63	0.01628	0.01399	0.01473	0.01319	0.01688	0.01617	0.01028	0.05128	0.70365	0.02737	0.02603	0.02389	0.01951	0.00874	0.00657	0.00219	0.00516	0.00727	0.00657	0.01025
64	0.00915	0.00623	0.00745	0.00767	0.00784	0.00629	0.00464	0.00955	0.00994	0.01337	0.02235	0.14966	0.02565	0.58807	0.10006	0.00613	0.00698	0.01050	0.00418	0.00430
