[name]
unknown

[dist]
# distance from previous block
# <min> <max>
0	6

[block]
# block no. 0 follows, 32 sequences, length 26
# corresponding to MSA columns:
# 6-31
name=unknown_A
#
# <colnr> <probs for GDERKNQSTAVLIFYWHMCP>
#	G	D	E	R	K	N	Q	S	T	A	V	L	I	F	Y	W	H	M	C	P
0	0.01255	0.00919	0.01201	0.01245	0.01476	0.00913	0.01076	0.08251	0.01692	0.02245	0.03154	0.06437	0.03341	0.01631	0.00864	0.00280	0.00619	0.55167	0.00604	0.07630
1	0.01080	0.00642	0.00876	0.04823	0.01028	0.00656	0.00587	0.00961	0.00960	0.01276	0.01664	0.06885	0.01811	0.30420	0.02724	0.41461	0.00615	0.00804	0.00353	0.00373
2	0.02167	0.02132	0.01967	0.01623	0.02020	0.25651	0.06284	0.28817	0.02247	0.02712	0.01862	0.04329	0.07295	0.00900	0.00799	0.00206	0.06913	0.00673	0.00502	0.00901
3	0.01097	0.00758	0.00885	0.00874	0.00964	0.00759	0.00574	0.07040	0.01292	0.01774	0.02472	0.23740	0.02766	0.40025	0.04766	0.00477	0.00604	0.01154	0.04802	0.03177
4	0.01982	0.01542	0.01647	0.01385	0.01816	0.01727	0.01104	0.26409	0.41181	0.06033	0.02551	0.02391	0.05339	0.00912	0.00684	0.00218	0.00594	0.00736	0.00682	0.01067
5	0.02456	0.01844	0.02017	0.01563	0.02053	0.02079	0.01292	0.64040	0.02970	0.04001	0.01547	0.01599	0.01118	0.00838	0.00805	0.00209	0.07223	0.00603	0.00638	0.01106
6	0.02551	0.01879	0.02014	0.01544	0.02081	0.02081	0.01275	0.69996	0.03155	0.04229	0.01611	0.01611	0.01141	0.00805	0.00671	0.00201	0.00738	0.00604	0.00671	0.01141
7	0.00797	0.00664	0.00695	0.00720	0.00917	0.00563	0.00528	0.00958	0.01490	0.01797	0.06303	0.17544	0.61193	0.01764	0.00803	0.00234	0.00348	0.01494	0.00623	0.00563
8	0.01391	0.01193	0.01391	0.00994	0.01590	0.00894	0.00795	0.01690	0.01391	0.02186	0.01193	0.01391	0.00994	0.00497	0.00497	0.00099	0.00497	0.00398	0.00398	0.80521
9	0.00994	0.00740	0.00867	0.00798	0.01024	0.00642	0.00598	0.01233	0.01662	0.04466	0.34296	0.05146	0.31332	0.05294	0.00899	0.00230	0.00367	0.01193	0.00649	0.07570
10	0.01060	0.00763	0.00949	0.00898	0.01084	0.00739	0.00675	0.01463	0.07513	0.04943	0.43806	0.07286	0.14083	0.04221	0.07224	0.00307	0.00490	0.01158	0.00673	0.00665
11	0.24806	0.01523	0.01671	0.08051	0.01884	0.08837	0.01236	0.01811	0.01178	0.02031	0.00990	0.01424	0.00878	0.01129	0.05256	0.00293	0.35418	0.00514	0.00338	0.00730
12	0.01711	0.12000	0.05309	0.01619	0.07118	0.01680	0.05968	0.06371	0.31853	0.05265	0.01946	0.01975	0.01494	0.00901	0.03286	0.00228	0.00695	0.00630	0.00523	0.09427
13	0.05687	0.01388	0.01723	0.01389	0.01692	0.01576	0.01142	0.10249	0.01458	0.02252	0.03466	0.01558	0.01128	0.00869	0.01273	0.00207	0.33308	0.00532	0.00399	0.28703
14	0.03686	0.11342	0.08124	0.01628	0.01878	0.10026	0.01438	0.04078	0.01289	0.01804	0.00972	0.01377	0.00884	0.00942	0.01495	0.00240	0.43533	0.00520	0.00318	0.04427
15	0.01537	0.26285	0.18506	0.01717	0.05771	0.01926	0.07687	0.01915	0.01333	0.01842	0.01102	0.01417	0.00935	0.00892	0.04186	0.00235	0.14111	0.00501	0.00307	0.07794
16	0.10235	0.01630	0.05688	0.03826	0.01919	0.08746	0.05634	0.05644	0.06970	0.02232	0.03334	0.06509	0.01384	0.00858	0.00917	0.00205	0.15092	0.00633	0.00422	0.18123
17	0.09487	0.06394	0.01685	0.03746	0.04095	0.03849	0.01054	0.10960	0.15868	0.07786	0.04850	0.01880	0.01495	0.00865	0.02624	0.00208	0.03382	0.00579	0.00521	0.18672
18	0.05734	0.04080	0.10652	0.09634	0.02171	0.01574	0.03580	0.10466	0.04708	0.02298	0.02909	0.04262	0.03554	0.00877	0.00983	0.00216	0.17692	0.00634	0.03050	0.10926
19	0.15892	0.04997	0.01771	0.04232	0.06461	0.06898	0.01189	0.17644	0.07303	0.05812	0.01578	0.05373	0.01336	0.00885	0.00826	0.00217	0.10548	0.03045	0.00494	0.03500
20	0.11389	0.01280	0.01442	0.01389	0.08124	0.04495	0.00985	0.09127	0.06274	0.11217	0.09178	0.07977	0.08921	0.00978	0.00701	0.00201	0.02984	0.00793	0.00562	0.11984
21	0.08176	0.01342	0.07036	0.12268	0.03846	0.01312	0.01231	0.01801	0.03886	0.07119	0.03222	0.11475	0.01621	0.02974	0.01021	0.00229	0.15459	0.00739	0.00432	0.14811
22	0.22812	0.06731	0.05379	0.01370	0.06719	0.01482	0.01070	0.16028	0.04270	0.07671	0.03795	0.11619	0.03936	0.00929	0.00611	0.00208	0.00599	0.00737	0.00527	0.03508
23	0.06798	0.08481	0.01919	0.16968	0.06091	0.09440	0.04361	0.06783	0.07942	0.05516	0.01811	0.02190	0.05331	0.02758	0.00754	0.02256	0.00750	0.02815	0.00439	0.06596
24	0.07405	0.04075	0.01953	0.03960	0.03804	0.10072	0.09644	0.09212	0.04953	0.13783	0.01630	0.04481	0.01299	0.03230	0.00792	0.00207	0.04187	0.00626	0.00492	0.14195
25	0.12080	0.08740	0.01740	0.03871	0.08496	0.04539	0.04190	0.05364	0.06092	0.06001	0.03499	0.08413	0.04047	0.07674	0.02901	0.00268	0.02341	0.02951	0.00469	0.06326

[dist]
# distance from previous block
# <min> <max>
5	24

[block]
# block no. 1 follows, 32 sequences, length 45
# corresponding to MSA columns:
# 56-100
name=unknown_B
#
# <colnr> <probs for GDERKNQSTAVLIFYWHMCP>
#	G	D	E	R	K	N	Q	S	T	A	V	L	I	F	Y	W	H	M	C	P
0	0.06668	0.06745	0.11397	0.09371	0.11751	0.07087	0.01449	0.08397	0.04152	0.13068	0.01534	0.01774	0.01165	0.00703	0.00616	0.00192	0.00753	0.02255	0.00460	0.10464
1	0.14726	0.10043	0.06606	0.05758	0.08975	0.08633	0.04671	0.04149	0.05042	0.08202	0.04266	0.07921	0.01561	0.02962	0.00692	0.00213	0.00717	0.00670	0.00452	0.03742
2	0.11801	0.11294	0.14230	0.01473	0.04469	0.03358	0.04125	0.11576	0.04343	0.10099	0.01846	0.04370	0.03932	0.02874	0.00699	0.00216	0.00714	0.04375	0.00484	0.03724
3	0.03810	0.24126	0.07005	0.01542	0.08062	0.06533	0.01256	0.13796	0.05061	0.04025	0.03750	0.04449	0.03989	0.00843	0.00608	0.00190	0.00709	0.05011	0.00459	0.04776
4	0.06215	0.16201	0.21803	0.04404	0.06125	0.05772	0.01549	0.13233	0.01739	0.07983	0.01439	0.05219	0.01158	0.00739	0.00602	0.00193	0.00788	0.00569	0.00427	0.03842
5	0.06383	0.09933	0.17606	0.03438	0.02052	0.11302	0.01389	0.09154	0.08238	0.13210	0.04580	0.04625	0.01500	0.00915	0.02605	0.00225	0.00801	0.00621	0.00494	0.00930
6	0.08912	0.10116	0.15652	0.01473	0.03859	0.11179	0.01347	0.07321	0.08252	0.16197	0.05046	0.01839	0.01440	0.00915	0.03402	0.00232	0.00798	0.00575	0.00503	0.00942
7	0.06070	0.06172	0.01669	0.07524	0.01839	0.08474	0.03582	0.04673	0.10021	0.01983	0.01831	0.13303	0.01745	0.01890	0.16075	0.00407	0.10747	0.00806	0.00436	0.00754
8	0.08182	0.01860	0.01887	0.07178	0.02181	0.08447	0.01259	0.51064	0.02706	0.03653	0.04032	0.01674	0.01255	0.00792	0.00651	0.00201	0.00762	0.00592	0.00596	0.01028
9	0.01694	0.01372	0.01554	0.01137	0.01718	0.01204	0.00920	0.19500	0.01851	0.02719	0.01302	0.01449	0.01032	0.00577	0.00542	0.00126	0.00560	0.00451	0.00469	0.59823
10	0.00814	0.00653	0.00737	0.00782	0.00944	0.00575	0.00565	0.00977	0.01448	0.01804	0.08099	0.27318	0.45611	0.01968	0.04297	0.00281	0.00424	0.01524	0.00615	0.00564
11	0.01060	0.00716	0.00914	0.00946	0.01041	0.00709	0.00664	0.04588	0.04679	0.01855	0.10335	0.33362	0.06888	0.06179	0.01406	0.19763	0.00472	0.03332	0.00548	0.00543
12	0.01543	0.01624	0.02320	0.01910	0.02049	0.07230	0.12762	0.01761	0.01192	0.01709	0.01060	0.03846	0.01014	0.01067	0.01808	0.00273	0.55105	0.00651	0.00315	0.00760
13	0.01350	0.00777	0.00729	0.00704	0.00882	0.03703	0.00533	0.04094	0.01491	0.02529	0.02120	0.02416	0.01663	0.00779	0.00482	0.00159	0.00365	0.00617	0.73957	0.00650
14	0.01223	0.00807	0.00977	0.00935	0.01154	0.00753	0.00731	0.05219	0.01700	0.09391	0.20671	0.07982	0.24801	0.07319	0.01004	0.00269	0.00457	0.13278	0.00657	0.00670
15	0.00872	0.00651	0.00805	0.00874	0.00981	0.00605	0.00609	0.01089	0.03583	0.01947	0.17994	0.43771	0.17167	0.04659	0.00923	0.00264	0.00380	0.01605	0.00640	0.00577
16	0.02930	0.01270	0.01637	0.01255	0.01777	0.01177	0.01037	0.14883	0.02135	0.60782	0.02467	0.02167	0.01570	0.00826	0.00674	0.00207	0.00600	0.00662	0.00803	0.01142
17	0.81159	0.01298	0.00986	0.00882	0.01298	0.01505	0.00727	0.01972	0.01142	0.03010	0.00934	0.01090	0.00727	0.00623	0.00415	0.00208	0.00519	0.00363	0.00415	0.00727
18	0.72829	0.01281	0.01047	0.00916	0.01342	0.01450	0.00754	0.02111	0.01225	0.10438	0.01117	0.01217	0.00826	0.00645	0.00443	0.00208	0.00525	0.00397	0.00459	0.00771
19	0.00860	0.00680	0.00758	0.00774	0.00941	0.00608	0.00555	0.01074	0.03272	0.01917	0.16150	0.18564	0.41586	0.07977	0.01022	0.00268	0.00376	0.01419	0.00625	0.00572
20	0.81159	0.01298	0.00986	0.00882	0.01298	0.01505	0.00727	0.01972	0.01142	0.03010	0.00934	0.01090	0.00727	0.00623	0.00415	0.00208	0.00519	0.00363	0.00415	0.00727
21	0.81159	0.01298	0.00986	0.00882	0.01298	0.01505	0.00727	0.01972	0.01142	0.03010	0.00934	0.01090	0.00727	0.00623	0.00415	0.00208	0.00519	0.00363	0.00415	0.00727
22	0.07915	0.00969	0.01200	0.00993	0.01369	0.00870	0.00792	0.02301	0.01744	0.39383	0.14057	0.03566	0.17064	0.03756	0.00795	0.00228	0.00482	0.00901	0.00727	0.00886
23	0.00802	0.00680	0.00692	0.00689	0.00912	0.00570	0.00517	0.00980	0.01550	0.01862	0.10446	0.06376	0.68282	0.01681	0.00793	0.00226	0.00339	0.01405	0.00630	0.00570
24	0.81159	0.01298	0.00986	0.00882	0.01298	0.01505	0.00727	0.01972	0.01142	0.03010	0.00934	0.01090	0.00727	0.00623	0.00415	0.00208	0.00519	0.00363	0.00415	0.00727
25	0.01794	0.76823	0.03516	0.01148	0.01722	0.02655	0.01148	0.02009	0.01363	0.01579	0.00933	0.01076	0.00861	0.00574	0.00431	0.00144	0.00718	0.00359	0.00287	0.00861
26	0.02352	0.01781	0.01902	0.01504	0.02005	0.01988	0.01227	0.55006	0.18468	0.03908	0.01864	0.01812	0.01346	0.00829	0.00674	0.00207	0.00692	0.00639	0.00674	0.01123
27	0.02048	0.01031	0.01321	0.01088	0.01447	0.00965	0.00868	0.10716	0.02042	0.33535	0.30170	0.06081	0.03564	0.01091	0.00728	0.00211	0.00484	0.00928	0.00766	0.00916
28	0.01081	0.00772	0.01081	0.01236	0.01390	0.00772	0.01081	0.01390	0.01545	0.02008	0.03553	0.07569	0.03862	0.01854	0.00927	0.00309	0.00618	0.67717	0.00618	0.00618
29	0.01429	0.01411	0.01981	0.01710	0.01719	0.01963	0.01420	0.01583	0.01031	0.01610	0.00950	0.01557	0.00941	0.01468	0.07641	0.00353	0.69612	0.00597	0.00299	0.00724
30	0.02551	0.01879	0.02014	0.01544	0.02081	0.02081	0.01275	0.69996	0.03155	0.04229	0.01611	0.01611	0.01141	0.00805	0.00671	0.00201	0.00738	0.00604	0.00671	0.01141
31	0.00818	0.00584	0.00779	0.00934	0.00973	0.00545	0.00623	0.00934	0.01285	0.01713	0.03698	0.75981	0.04438	0.02102	0.00856	0.00273	0.00389	0.01908	0.00623	0.00545
32	0.01794	0.76823	0.03516	0.01148	0.01722	0.02655	0.01148	0.02009	0.01363	0.01579	0.00933	0.01076	0.00861	0.00574	0.00431	0.00144	0.00718	0.00359	0.00287	0.00861
33	0.01669	0.01441	0.01517	0.01365	0.01745	0.01669	0.01062	0.03565	0.71021	0.02807	0.02731	0.02503	0.02048	0.00910	0.00683	0.00228	0.00531	0.00759	0.00683	0.01062
34	0.00950	0.00686	0.00897	0.00844	0.01002	0.00633	0.00633	0.01266	0.01899	0.02691	0.71879	0.05012	0.06331	0.01372	0.00791	0.00211	0.00317	0.01213	0.00739	0.00633
35	0.01661	0.01594	0.02724	0.04119	0.72233	0.01594	0.02059	0.02059	0.01528	0.02192	0.01262	0.01661	0.01063	0.00598	0.00664	0.00199	0.00797	0.00598	0.00332	0.01063
36	0.01669	0.01441	0.01517	0.01365	0.01745	0.01669	0.01062	0.03565	0.71021	0.02807	0.02731	0.02503	0.02048	0.00910	0.00683	0.00228	0.00531	0.00759	0.00683	0.01062
37	0.01267	0.01193	0.02013	0.74806	0.04621	0.01491	0.01863	0.01714	0.01342	0.01714	0.01193	0.01789	0.00894	0.00671	0.00671	0.00224	0.00894	0.00596	0.00298	0.00745
38	0.01584	0.01810	0.03959	0.02828	0.03507	0.01697	0.69796	0.02149	0.01584	0.02149	0.01357	0.01810	0.01018	0.00566	0.00792	0.00226	0.01131	0.00792	0.00339	0.00905
39	0.01584	0.01810	0.03959	0.02828	0.03507	0.01697	0.69796	0.02149	0.01584	0.02149	0.01357	0.01810	0.01018	0.00566	0.00792	0.00226	0.01131	0.00792	0.00339	0.00905
40	0.81159	0.01298	0.00986	0.00882	0.01298	0.01505	0.00727	0.01972	0.01142	0.03010	0.00934	0.01090	0.00727	0.00623	0.00415	0.00208	0.00519	0.00363	0.00415	0.00727
41	0.02923	0.01193	0.01578	0.01220	0.01733	0.01074	0.01004	0.06655	0.05283	0.65901	0.02599	0.02260	0.01653	0.00833	0.00675	0.00208	0.00578	0.00675	0.00815	0.01138
42	0.01575	0.01253	0.01456	0.01054	0.01641	0.01008	0.00848	0.08043	0.01579	0.05742	0.01301	0.01454	0.01039	0.00541	0.00521	0.00114	0.00523	0.00430	0.00443	0.69434
43	0.11385	0.02087	0.01655	0.01450	0.01831	0.28900	0.01140	0.19698	0.06571	0.06160	0.01709	0.06124	0.01470	0.00904	0.00648	0.00206	0.00841	0.05826	0.00520	0.00876
44	0.01589	0.01257	0.04713	0.01117	0.01447	0.06349	0.00915	0.05893	0.12213	0.13623	0.31535	0.03708	0.10594	0.01133	0.00729	0.00211	0.00513	0.00955	0.00678	0.00827

[dist]
# distance from previous block
# <min> <max>
0	2

[block]
# block no. 2 follows, 32 sequences, length 160
# corresponding to MSA columns:
# 103-262
name=unknown_C
#
# <colnr> <probs for GDERKNQSTAVLIFYWHMCP>
#	G	D	E	R	K	N	Q	S	T	A	V	L	I	F	Y	W	H	M	C	P
0	0.01003	0.00774	0.01182	0.01270	0.05674	0.00886	0.00916	0.01252	0.01107	0.01598	0.01764	0.02575	0.01639	0.04753	0.69154	0.01023	0.01734	0.00711	0.00358	0.00628
1	0.01488	0.01447	0.02278	0.39926	0.32203	0.04726	0.01882	0.01898	0.01445	0.01924	0.01214	0.01697	0.00966	0.00636	0.00659	0.00207	0.00855	0.00583	0.00318	0.03649
2	0.02227	0.05665	0.02041	0.01809	0.05116	0.49135	0.01359	0.05805	0.01745	0.01789	0.01039	0.01299	0.00890	0.00789	0.00936	0.00199	0.16527	0.00477	0.00348	0.00803
3	0.01088	0.00787	0.01079	0.01222	0.01378	0.00793	0.01052	0.01447	0.04252	0.02021	0.03530	0.11681	0.03827	0.01832	0.00913	0.00303	0.00600	0.60946	0.00621	0.00631
4	0.00979	0.00713	0.00839	0.00846	0.01024	0.00636	0.00609	0.01160	0.03946	0.03871	0.06033	0.27742	0.32084	0.01759	0.00983	0.08811	0.00405	0.01371	0.00584	0.05604
5	0.08460	0.01632	0.01980	0.01558	0.02012	0.01799	0.08128	0.39542	0.06648	0.05422	0.04229	0.02107	0.03492	0.00883	0.00802	0.00218	0.06659	0.02842	0.00591	0.00995
6	0.02892	0.01216	0.01589	0.01231	0.01742	0.01111	0.01012	0.08255	0.06366	0.63199	0.02575	0.02248	0.01647	0.00834	0.00675	0.00208	0.00581	0.00675	0.00809	0.01137
7	0.01014	0.00759	0.01111	0.01095	0.01229	0.00882	0.00854	0.03589	0.01151	0.01650	0.01791	0.02600	0.01659	0.04885	0.71220	0.01048	0.01760	0.00715	0.00370	0.00618
8	0.06425	0.01304	0.02090	0.53452	0.17824	0.01533	0.01810	0.04205	0.01430	0.01980	0.01205	0.01713	0.00926	0.00658	0.00653	0.00217	0.00846	0.00582	0.00325	0.00822
9	0.01728	0.01433	0.01595	0.01520	0.06171	0.01620	0.01115	0.07105	0.57567	0.05042	0.05649	0.02505	0.02113	0.00903	0.00686	0.00223	0.00551	0.00757	0.00667	0.01050
10	0.00820	0.00677	0.00723	0.00744	0.00947	0.00580	0.00561	0.01000	0.01523	0.01851	0.08938	0.12650	0.59016	0.01732	0.00807	0.00235	0.00361	0.05636	0.00627	0.00570
11	0.01164	0.00714	0.00903	0.00878	0.00951	0.00715	0.00586	0.01213	0.01183	0.07685	0.07881	0.14075	0.04542	0.37146	0.04838	0.09922	0.03554	0.01042	0.00487	0.00518
12	0.01040	0.00693	0.00888	0.00923	0.01073	0.00636	0.00690	0.01253	0.01561	0.06923	0.22185	0.29438	0.15762	0.03451	0.00886	0.00258	0.00412	0.10644	0.00662	0.00620
13	0.01359	0.03376	0.69011	0.01965	0.02938	0.01566	0.06316	0.02126	0.01426	0.02126	0.01213	0.01439	0.00860	0.00633	0.00646	0.00213	0.01000	0.00513	0.00287	0.00987
14	0.01346	0.03471	0.72942	0.01912	0.02904	0.01558	0.02479	0.02125	0.01417	0.02125	0.01204	0.01417	0.00850	0.00637	0.00637	0.00212	0.00992	0.00496	0.00283	0.00992
15	0.81159	0.01298	0.00986	0.00882	0.01298	0.01505	0.00727	0.01972	0.01142	0.03010	0.00934	0.01090	0.00727	0.00623	0.00415	0.00208	0.00519	0.00363	0.00415	0.00727
16	0.00990	0.00681	0.00840	0.00836	0.00986	0.00617	0.00601	0.01197	0.01596	0.05646	0.32200	0.21360	0.19884	0.08250	0.01034	0.00267	0.00381	0.01369	0.00662	0.00603
17	0.01382	0.01153	0.01731	0.46963	0.03418	0.01351	0.01498	0.04548	0.08327	0.04530	0.01812	0.02492	0.04152	0.03096	0.00855	0.03807	0.00769	0.04801	0.00409	0.02906
18	0.06438	0.01279	0.02078	0.53358	0.18087	0.01496	0.01803	0.01851	0.01386	0.04202	0.01238	0.01735	0.00943	0.00658	0.00654	0.00217	0.00840	0.00584	0.00330	0.00822
19	0.81159	0.01298	0.00986	0.00882	0.01298	0.01505	0.00727	0.01972	0.01142	0.03010	0.00934	0.01090	0.00727	0.00623	0.00415	0.00208	0.00519	0.00363	0.00415	0.00727
20	0.00818	0.00584	0.00779	0.00934	0.00973	0.00545	0.00623	0.00934	0.01285	0.01713	0.03698	0.75981	0.04438	0.02102	0.00856	0.00273	0.00389	0.01908	0.00623	0.00545
21	0.00959	0.00719	0.01078	0.01078	0.01198	0.00839	0.00839	0.01198	0.01078	0.01558	0.01797	0.02636	0.01677	0.05032	0.73760	0.01078	0.01797	0.00719	0.00359	0.00599
22	0.62190	0.01404	0.01197	0.01017	0.01452	0.01605	0.00837	0.16533	0.01580	0.03258	0.01113	0.01239	0.00842	0.00666	0.00472	0.00205	0.00561	0.00422	0.02595	0.00813
23	0.81159	0.01298	0.00986	0.00882	0.01298	0.01505	0.00727	0.01972	0.01142	0.03010	0.00934	0.01090	0.00727	0.00623	0.00415	0.00208	0.00519	0.00363	0.00415	0.00727
24	0.00959	0.00719	0.01078	0.01078	0.01198	0.00839	0.00839	0.01198	0.01078	0.01558	0.01797	0.02636	0.01677	0.05032	0.73760	0.01078	0.01797	0.00719	0.00359	0.00599
25	0.14509	0.01286	0.01378	0.01192	0.01552	0.01394	0.00973	0.25254	0.07171	0.07917	0.02106	0.02994	0.01817	0.05797	0.00831	0.00248	0.00602	0.12748	0.09359	0.00871
26	0.09210	0.01154	0.01512	0.01169	0.01680	0.01027	0.00966	0.03167	0.01859	0.67169	0.02511	0.02189	0.01587	0.00814	0.00654	0.00208	0.00567	0.00650	0.00798	0.01109
27	0.03010	0.01142	0.01557	0.01194	0.01713	0.00986	0.00986	0.03270	0.01920	0.72698	0.02647	0.02284	0.01661	0.00830	0.00675	0.00208	0.00571	0.00675	0.00830	0.01142
28	0.01073	0.00766	0.01072	0.01226	0.01377	0.00765	0.01067	0.01376	0.01536	0.01999	0.03557	0.09721	0.03880	0.01861	0.00925	0.00308	0.00611	0.65646	0.00618	0.00616
29	0.00841	0.00605	0.00801	0.00941	0.00999	0.00565	0.00649	0.00982	0.01342	0.01788	0.07479	0.65516	0.06668	0.02034	0.00855	0.00270	0.00398	0.06081	0.00629	0.00555
30	0.81159	0.01298	0.00986	0.00882	0.01298	0.01505	0.00727	0.01972	0.01142	0.03010	0.00934	0.01090	0.00727	0.00623	0.00415	0.00208	0.00519	0.00363	0.00415	0.00727
31	0.02551	0.01879	0.02014	0.01544	0.02081	0.02081	0.01275	0.69996	0.03155	0.04229	0.01611	0.01611	0.01141	0.00805	0.00671	0.00201	0.00738	0.00604	0.00671	0.01141
32	0.00958	0.00647	0.00760	0.00793	0.00808	0.00641	0.00480	0.00994	0.01057	0.01406	0.02444	0.15629	0.02832	0.60537	0.02873	0.00572	0.00608	0.05068	0.00452	0.00440
33	0.01391	0.01193	0.01391	0.00994	0.01590	0.00894	0.00795	0.01690	0.01391	0.02186	0.01193	0.01391	0.00994	0.00497	0.00497	0.00099	0.00497	0.00398	0.00398	0.80521
34	0.02495	0.01852	0.01982	0.01533	0.02060	0.02055	0.01262	0.65810	0.07431	0.04139	0.01682	0.01667	0.01198	0.00812	0.00672	0.00203	0.00725	0.00614	0.00672	0.01136
35	0.02966	0.01214	0.01602	0.01228	0.01749	0.01093	0.01014	0.09793	0.02041	0.66005	0.02546	0.02218	0.01610	0.00828	0.00674	0.00207	0.00587	0.00668	0.00815	0.01142
36	0.07934	0.01152	0.01521	0.01174	0.01687	0.01019	0.00970	0.03188	0.01871	0.68307	0.02539	0.02209	0.01602	0.00817	0.00658	0.00208	0.00568	0.00655	0.00804	0.01116
37	0.00826	0.00680	0.00729	0.00737	0.00943	0.00583	0.00556	0.01017	0.01562	0.01922	0.14335	0.09846	0.57615	0.01687	0.00802	0.00231	0.00352	0.04366	0.00637	0.00576
38	0.00976	0.00651	0.00732	0.00732	0.00732	0.00651	0.00407	0.00976	0.00976	0.01301	0.02114	0.04391	0.02439	0.76419	0.03415	0.00651	0.00651	0.00976	0.00407	0.00407
39	0.00976	0.00651	0.00732	0.00732	0.00732	0.00651	0.00407	0.00976	0.00976	0.01301	0.02114	0.04391	0.02439	0.76419	0.03415	0.00651	0.00651	0.00976	0.00407	0.00407
40	0.58909	0.01329	0.01195	0.01007	0.01453	0.01470	0.00830	0.09159	0.01489	0.15813	0.01315	0.01360	0.00939	0.00679	0.00489	0.00207	0.00551	0.00445	0.00517	0.00845
41	0.01739	0.01476	0.01557	0.01380	0.01772	0.01702	0.01079	0.08871	0.65601	0.02920	0.02642	0.02432	0.01976	0.00902	0.00682	0.00225	0.00548	0.00746	0.00682	0.01068
42	0.00959	0.00719	0.01078	0.01078	0.01198	0.00839	0.00839	0.01198	0.01078	0.01558	0.01797	0.02636	0.01677	0.05032	0.73760	0.01078	0.01797	0.00719	0.00359	0.00599
43	0.01346	0.03471	0.72942	0.01912	0.02904	0.01558	0.02479	0.02125	0.01417	0.02125	0.01204	0.01417	0.00850	0.00637	0.00637	0.00212	0.00992	0.00496	0.00283	0.00992
44	0.00964	0.00678	0.00930	0.00939	0.01019	0.00733	0.00673	0.01082	0.01072	0.01480	0.02226	0.07571	0.06143	0.22544	0.40579	0.08351	0.01222	0.00883	0.00396	0.00516
45	0.01724	0.01328	0.01447	0.01251	0.01594	0.01460	0.00977	0.25148	0.25645	0.03050	0.09600	0.11702	0.04526	0.03535	0.00795	0.00234	0.00552	0.00916	0.03588	0.00929
46	0.01661	0.01594	0.02724	0.04119	0.72233	0.01594	0.02059	0.02059	0.01528	0.02192	0.01262	0.01661	0.01063	0.00598	0.00664	0.00199	0.00797	0.00598	0.00332	0.01063
47	0.01287	0.01213	0.02048	0.71234	0.08038	0.01496	0.01873	0.01732	0.01351	0.01739	0.01196	0.01782	0.00903	0.00667	0.00671	0.00222	0.00890	0.00596	0.00300	0.00761
48	0.01546	0.01516	0.04372	0.02755	0.34272	0.01499	0.09742	0.02351	0.19983	0.02352	0.06338	0.05161	0.03447	0.00812	0.00702	0.00215	0.00715	0.00771	0.00469	0.00982
49	0.01026	0.00731	0.01010	0.01160	0.01286	0.00723	0.00969	0.01286	0.01475	0.01927	0.03535	0.21013	0.03930	0.04319	0.00994	0.00313	0.00574	0.52523	0.00612	0.00597
50	0.00800	0.00676	0.00692	0.00696	0.00912	0.00568	0.00519	0.00973	0.01533	0.01840	0.09019	0.09205	0.66875	0.01704	0.00796	0.00228	0.00341	0.01429	0.00627	0.00568
51	0.14688	0.22865	0.17574	0.01443	0.01998	0.22547	0.01400	0.02254	0.03940	0.01989	0.01109	0.01283	0.00902	0.00762	0.02515	0.00205	0.00909	0.00434	0.00340	0.00844
52	0.01677	0.44064	0.21352	0.01612	0.06660	0.05418	0.01584	0.02044	0.01388	0.01766	0.01026	0.01238	0.00873	0.00641	0.00636	0.00177	0.06229	0.00430	0.00292	0.00895
53	0.01132	0.00595	0.00852	0.00858	0.00869	0.00597	0.00569	0.00922	0.00926	0.01263	0.01410	0.05025	0.01448	0.09674	0.04476	0.64293	0.00605	0.00676	0.03478	0.00334
54	0.25890	0.01685	0.06002	0.01803	0.04496	0.06083	0.21504	0.02259	0.01464	0.13799	0.01365	0.01575	0.01005	0.00694	0.00762	0.00219	0.07503	0.00580	0.00435	0.00876
55	0.00856	0.00672	0.00751	0.00747	0.00920	0.00592	0.00541	0.01046	0.01560	0.01997	0.24033	0.10490	0.42565	0.08990	0.01055	0.00267	0.00367	0.01350	0.00634	0.00568
56	0.02447	0.03099	0.01910	0.01731	0.02056	0.69609	0.01306	0.02618	0.01851	0.01641	0.01028	0.01225	0.00865	0.00719	0.00697	0.00180	0.05459	0.00441	0.00343	0.00775
57	0.01566	0.39551	0.38793	0.01536	0.02323	0.02098	0.01824	0.02068	0.01390	0.01856	0.01071	0.01249	0.00855	0.00606	0.00536	0.00179	0.00857	0.00428	0.00285	0.00927
58	0.01739	0.01476	0.01557	0.01380	0.01772	0.01702	0.01079	0.08871	0.65601	0.02920	0.02642	0.02432	0.01976	0.00902	0.00682	0.00225	0.00548	0.00746	0.00682	0.01068
59	0.01179	0.00808	0.00963	0.00915	0.01092	0.00800	0.00666	0.01577	0.10347	0.07343	0.20494	0.07376	0.14251	0.20670	0.05635	0.00383	0.00551	0.03692	0.00605	0.00652
60	0.02225	0.01627	0.01755	0.01421	0.01887	0.01805	0.01149	0.39724	0.26435	0.08364	0.02092	0.02001	0.01513	0.00842	0.00667	0.00209	0.00638	0.00663	0.03887	0.01093
61	0.01413	0.01387	0.01950	0.01688	0.01701	0.01924	0.01400	0.01570	0.01033	0.01609	0.00979	0.01594	0.00967	0.01589	0.09900	0.00378	0.67295	0.00601	0.00301	0.00719
62	0.00818	0.00584	0.00779	0.00934	0.00973	0.00545	0.00623	0.00934	0.01285	0.01713	0.03698	0.75981	0.04438	0.02102	0.00856	0.00273	0.00389	0.01908	0.00623	0.00545
63	0.01788	0.01265	0.01397	0.01198	0.01552	0.01358	0.00947	0.19943	0.23161	0.09455	0.08005	0.03165	0.08867	0.05843	0.00870	0.00244	0.00552	0.03792	0.05678	0.00921
64	0.02891	0.01333	0.01676	0.01285	0.01808	0.01270	0.01061	0.20572	0.02241	0.54944	0.02378	0.02109	0.01526	0.00824	0.00674	0.00206	0.00614	0.00656	0.00789	0.01142
65	0.81159	0.01298	0.00986	0.00882	0.01298	0.01505	0.00727	0.01972	0.01142	0.03010	0.00934	0.01090	0.00727	0.00623	0.00415	0.00208	0.00519	0.00363	0.00415	0.00727
66	0.00931	0.00632	0.00745	0.00789	0.00800	0.00621	0.00468	0.00964	0.01063	0.01417	0.02562	0.24631	0.03004	0.55408	0.02692	0.00544	0.00577	0.01239	0.00468	0.00446
67	0.10745	0.00686	0.00809	0.00904	0.01006	0.00675	0.00626	0.01093	0.01320	0.01948	0.09213	0.55888	0.06755	0.04007	0.00869	0.00268	0.00405	0.01612	0.00601	0.00572
68	0.81159	0.01298	0.00986	0.00882	0.01298	0.01505	0.00727	0.01972	0.01142	0.03010	0.00934	0.01090	0.00727	0.00623	0.00415	0.00208	0.00519	0.00363	0.00415	0.00727
69	0.01794	0.76823	0.03516	0.01148	0.01722	0.02655	0.01148	0.02009	0.01363	0.01579	0.00933	0.01076	0.00861	0.00574	0.00431	0.00144	0.00718	0.00359	0.00287	0.00861
70	0.00881	0.00610	0.00760	0.00854	0.00877	0.00587	0.00537	0.00951	0.01161	0.01549	0.03066	0.47427	0.03641	0.31744	0.01877	0.00423	0.00493	0.01536	0.00537	0.00490
71	0.01016	0.00701	0.00868	0.00817	0.00985	0.00639	0.00600	0.01267	0.01726	0.05485	0.48981	0.05077	0.17429	0.10180	0.01093	0.00265	0.00371	0.01198	0.00683	0.00617
72	0.02551	0.01879	0.02014	0.01544	0.02081	0.02081	0.01275	0.69996	0.03155	0.04229	0.01611	0.01611	0.01141	0.00805	0.00671	0.00201	0.00738	0.00604	0.00671	0.01141
73	0.02551	0.01879	0.02014	0.01544	0.02081	0.02081	0.01275	0.69996	0.03155	0.04229	0.01611	0.01611	0.01141	0.00805	0.00671	0.00201	0.00738	0.00604	0.00671	0.01141
74	0.00935	0.00662	0.00772	0.00764	0.00843	0.00629	0.00494	0.01052	0.01325	0.01777	0.22123	0.08047	0.13711	0.41533	0.02196	0.00451	0.00502	0.01147	0.00539	0.00499
75	0.01004	0.00701	0.00874	0.00822	0.01000	0.00635	0.00613	0.01276	0.01788	0.05279	0.53444	0.05153	0.18619	0.04751	0.00904	0.00233	0.00346	0.01220	0.00705	0.00631
76	0.00959	0.00719	0.01078	0.01078	0.01198	0.00839	0.00839	0.01198	0.01078	0.01558	0.01797	0.02636	0.01677	0.05032	0.73760	0.01078	0.01797	0.00719	0.00359	0.00599
77	0.00950	0.00686	0.00897	0.00844	0.01002	0.00633	0.00633	0.01266	0.01899	0.02691	0.71879	0.05012	0.06331	0.01372	0.00791	0.00211	0.00317	0.01213	0.00739	0.00633
78	0.01391	0.01193	0.01391	0.00994	0.01590	0.00894	0.00795	0.01690	0.01391	0.02186	0.01193	0.01391	0.00994	0.00497	0.00497	0.00099	0.00497	0.00398	0.00398	0.80521
79	0.02551	0.01879	0.02014	0.01544	0.02081	0.02081	0.01275	0.69996	0.03155	0.04229	0.01611	0.01611	0.01141	0.00805	0.00671	0.00201	0.00738	0.00604	0.00671	0.01141
80	0.01346	0.03471	0.72942	0.01912	0.02904	0.01558	0.02479	0.02125	0.01417	0.02125	0.01204	0.01417	0.00850	0.00637	0.00637	0.00212	0.00992	0.00496	0.00283	0.00992
81	0.00950	0.00686	0.00897	0.00844	0.01002	0.00633	0.00633	0.01266	0.01899	0.02691	0.71879	0.05012	0.06331	0.01372	0.00791	0.00211	0.00317	0.01213	0.00739	0.00633
82	0.00824	0.00587	0.00777	0.00926	0.00963	0.00549	0.00614	0.00936	0.01272	0.01696	0.03634	0.73098	0.04357	0.05095	0.00959	0.00288	0.00400	0.01870	0.00614	0.00539
83	0.01661	0.01594	0.02724	0.04119	0.72233	0.01594	0.02059	0.02059	0.01528	0.02192	0.01262	0.01661	0.01063	0.00598	0.00664	0.00199	0.00797	0.00598	0.00332	0.01063
84	0.01704	0.01459	0.01537	0.01373	0.01758	0.01685	0.01070	0.06195	0.68334	0.02863	0.02687	0.02468	0.02012	0.00906	0.00682	0.00227	0.00539	0.00752	0.00682	0.01065
85	0.01267	0.01193	0.02013	0.74806	0.04621	0.01491	0.01863	0.01714	0.01342	0.01714	0.01193	0.01789	0.00894	0.00671	0.00671	0.00224	0.00894	0.00596	0.00298	0.00745
86	0.00826	0.00590	0.00788	0.00944	0.00987	0.00552	0.00638	0.00949	0.01293	0.01722	0.03693	0.73756	0.04419	0.02094	0.00859	0.00274	0.00397	0.04048	0.00623	0.00547
87	0.01584	0.01810	0.03959	0.02828	0.03507	0.01697	0.69796	0.02149	0.01584	0.02149	0.01357	0.01810	0.01018	0.00566	0.00792	0.00226	0.01131	0.00792	0.00339	0.00905
88	0.00818	0.00584	0.00779	0.00934	0.00973	0.00545	0.00623	0.00934	0.01285	0.01713	0.03698	0.75981	0.04438	0.02102	0.00856	0.00273	0.00389	0.01908	0.00623	0.00545
89	0.01584	0.01810	0.03959	0.02828	0.03507	0.01697	0.69796	0.02149	0.01584	0.02149	0.01357	0.01810	0.01018	0.00566	0.00792	0.00226	0.01131	0.00792	0.00339	0.00905
90	0.81159	0.01298	0.00986	0.00882	0.01298	0.01505	0.00727	0.01972	0.01142	0.03010	0.00934	0.01090	0.00727	0.00623	0.00415	0.00208	0.00519	0.00363	0.00415	0.00727
91	0.01346	0.01206	0.01991	0.51401	0.17991	0.01408	0.01735	0.01767	0.01388	0.01907	0.01327	0.01849	0.01028	0.00669	0.00645	0.00211	0.00804	0.00600	0.09931	0.00796
92	0.00958	0.00697	0.00978	0.00982	0.01071	0.00776	0.00720	0.01139	0.01091	0.01543	0.04512	0.05549	0.02122	0.21979	0.51762	0.00917	0.01421	0.00838	0.00393	0.00552
93	0.07066	0.02980	0.04101	0.01635	0.01998	0.63854	0.01264	0.02570	0.01819	0.01777	0.01088	0.01267	0.00894	0.00690	0.00589	0.00175	0.01122	0.00439	0.03897	0.00775
94	0.02506	0.03198	0.01901	0.01729	0.02074	0.73725	0.01296	0.02679	0.01901	0.01642	0.01037	0.01210	0.00864	0.00691	0.00605	0.00173	0.01210	0.00432	0.00346	0.00778
95	0.04761	0.01380	0.06812	0.03249	0.01837	0.01068	0.03021	0.02064	0.06147	0.11197	0.01562	0.01816	0.01230	0.00638	0.00568	0.00149	0.00580	0.02907	0.00467	0.48547
96	0.01213	0.01065	0.01452	0.01308	0.01333	0.01377	0.01017	0.01335	0.01023	0.01508	0.01444	0.02593	0.01517	0.24622	0.17591	0.00566	0.37356	0.00732	0.00341	0.00607
97	0.01075	0.00728	0.00813	0.00783	0.00817	0.00741	0.00461	0.05324	0.01113	0.01485	0.02082	0.04216	0.02358	0.71655	0.03242	0.00622	0.00656	0.00952	0.00423	0.00453
98	0.01637	0.16922	0.02664	0.08212	0.02408	0.13323	0.19878	0.01939	0.01415	0.01738	0.01239	0.01780	0.01092	0.06674	0.06874	0.00309	0.10178	0.00612	0.00327	0.00779
99	0.02551	0.01879	0.02014	0.01544	0.02081	0.02081	0.01275	0.69996	0.03155	0.04229	0.01611	0.01611	0.01141	0.00805	0.00671	0.00201	0.00738	0.00604	0.00671	0.01141
100	0.76203	0.01417	0.01044	0.00936	0.01347	0.06056	0.00763	0.02017	0.01190	0.02924	0.00941	0.01098	0.00735	0.00627	0.00427	0.00205	0.00563	0.00368	0.00411	0.00730
101	0.00959	0.00719	0.01078	0.01078	0.01198	0.00839	0.00839	0.01198	0.01078	0.01558	0.01797	0.02636	0.01677	0.05032	0.73760	0.01078	0.01797	0.00719	0.00359	0.00599
102	0.02508	0.03155	0.01905	0.01723	0.02075	0.71378	0.01296	0.04885	0.01943	0.01727	0.01056	0.01223	0.00873	0.00695	0.00607	0.00174	0.01195	0.00438	0.00356	0.00790
103	0.00959	0.00719	0.01078	0.01078	0.01198	0.00839	0.00839	0.01198	0.01078	0.01558	0.01797	0.02636	0.01677	0.05032	0.73760	0.01078	0.01797	0.00719	0.00359	0.00599
104	0.01510	0.01350	0.02127	0.35099	0.26337	0.01502	0.01731	0.09816	0.01647	0.02227	0.05558	0.05216	0.01459	0.00768	0.00684	0.00214	0.00787	0.00693	0.00394	0.00882
105	0.06952	0.02834	0.01871	0.01665	0.02007	0.57366	0.01274	0.09062	0.01914	0.01969	0.01075	0.01261	0.00884	0.00734	0.00718	0.00187	0.06586	0.00456	0.00377	0.00807
106	0.00827	0.00590	0.00781	0.00924	0.00966	0.00552	0.00616	0.00948	0.01297	0.01735	0.06105	0.71077	0.04441	0.04511	0.00938	0.00283	0.00395	0.01852	0.00620	0.00544
107	0.01482	0.01318	0.01973	0.54664	0.06086	0.01586	0.01699	0.10019	0.10357	0.02164	0.01438	0.01854	0.01074	0.00715	0.00672	0.00221	0.00827	0.00618	0.00392	0.00842
108	0.01982	0.47417	0.02870	0.01367	0.01831	0.23826	0.01209	0.02243	0.04064	0.01645	0.01027	0.01193	0.00907	0.00658	0.00601	0.00165	0.05431	0.00409	0.00320	0.00836
109	0.02754	0.01141	0.01493	0.01176	0.01657	0.01037	0.00961	0.03193	0.09318	0.60699	0.02627	0.02321	0.01706	0.00836	0.00662	0.00206	0.00550	0.00681	0.05881	0.01100
110	0.01077	0.00752	0.00854	0.00805	0.01042	0.00665	0.00611	0.01359	0.04376	0.08762	0.22653	0.07820	0.43726	0.01517	0.00779	0.00222	0.00365	0.01285	0.00674	0.00656
111	0.01733	0.01328	0.02050	0.19802	0.26703	0.01427	0.01591	0.05727	0.03410	0.12968	0.03874	0.02329	0.01505	0.03030	0.00865	0.00233	0.05433	0.04612	0.00457	0.00924
112	0.01624	0.01415	0.01520	0.01365	0.01715	0.01653	0.01067	0.03347	0.64056	0.02695	0.02764	0.02584	0.04545	0.00956	0.00783	0.00232	0.05228	0.00772	0.00656	0.01023
113	0.00840	0.00682	0.00744	0.00729	0.00935	0.00586	0.00546	0.01053	0.01639	0.02074	0.26157	0.06028	0.52439	0.01602	0.00793	0.00222	0.00333	0.01356	0.00657	0.00586
114	0.03436	0.00724	0.00843	0.00819	0.01008	0.00673	0.00613	0.01240	0.04118	0.02303	0.38108	0.10103	0.28468	0.01594	0.02755	0.00245	0.00384	0.01275	0.00668	0.00621
115	0.01606	0.01535	0.02404	0.25648	0.43590	0.04236	0.01905	0.04691	0.03963	0.02126	0.01297	0.01711	0.01041	0.00643	0.00665	0.00207	0.00831	0.00597	0.00348	0.00957
116	0.01572	0.01852	0.15780	0.07906	0.07403	0.06127	0.03287	0.02612	0.29023	0.04666	0.08743	0.02410	0.03968	0.00854	0.00683	0.00216	0.00708	0.00721	0.00523	0.00946
117	0.01399	0.03396	0.70654	0.01889	0.02866	0.01540	0.02431	0.02162	0.01433	0.04388	0.01250	0.01444	0.00876	0.00644	0.00639	0.00212	0.00978	0.00502	0.00301	0.00996
118	0.81159	0.01298	0.00986	0.00882	0.01298	0.01505	0.00727	0.01972	0.01142	0.03010	0.00934	0.01090	0.00727	0.00623	0.00415	0.00208	0.00519	0.00363	0.00415	0.00727
119	0.01418	0.00830	0.01085	0.00955	0.01182	0.00771	0.00710	0.01604	0.04146	0.13140	0.19635	0.03046	0.02739	0.09033	0.07294	0.19191	0.00604	0.00790	0.00537	0.11290
120	0.13541	0.01732	0.06917	0.13463	0.05363	0.04428	0.21082	0.12970	0.01740	0.06328	0.01345	0.01618	0.00993	0.00650	0.00654	0.00207	0.00859	0.00600	0.00423	0.05087
121	0.02481	0.01335	0.01597	0.01296	0.01768	0.01357	0.01047	0.11240	0.26571	0.39842	0.02555	0.02282	0.01737	0.00856	0.00677	0.00214	0.00577	0.00696	0.00759	0.01113
122	0.00818	0.00584	0.00779	0.00934	0.00973	0.00545	0.00623	0.00934	0.01285	0.01713	0.03698	0.75981	0.04438	0.02102	0.00856	0.00273	0.00389	0.01908	0.00623	0.00545
123	0.00948	0.00642	0.00754	0.00780	0.00792	0.00640	0.00461	0.00977	0.01033	0.01382	0.02373	0.16593	0.02752	0.60854	0.05761	0.00603	0.00651	0.01125	0.00442	0.00438
124	0.00974	0.00656	0.00758	0.00758	0.00767	0.00665	0.00439	0.00992	0.00983	0.01320	0.02091	0.04260	0.02383	0.71106	0.08651	0.00682	0.00736	0.00957	0.00403	0.00421
125	0.81159	0.01298	0.00986	0.00882	0.01298	0.01505	0.00727	0.01972	0.01142	0.03010	0.00934	0.01090	0.00727	0.00623	0.00415	0.00208	0.00519	0.00363	0.00415	0.00727
126	0.00959	0.00719	0.01078	0.01078	0.01198	0.00839	0.00839	0.01198	0.01078	0.01558	0.01797	0.02636	0.01677	0.05032	0.73760	0.01078	0.01797	0.00719	0.00359	0.00599
127	0.01690	0.01651	0.02695	0.04034	0.69762	0.04135	0.02032	0.02081	0.01541	0.02173	0.01254	0.01645	0.01056	0.00601	0.00662	0.00198	0.00812	0.00592	0.00333	0.01053
128	0.03010	0.01142	0.01557	0.01194	0.01713	0.00986	0.00986	0.03270	0.01920	0.72698	0.02647	0.02284	0.01661	0.00830	0.00675	0.00208	0.00571	0.00675	0.00830	0.01142
129	0.01669	0.01441	0.01517	0.01365	0.01745	0.01669	0.01062	0.03565	0.71021	0.02807	0.02731	0.02503	0.02048	0.00910	0.00683	0.00228	0.00531	0.00759	0.00683	0.01062
130	0.00818	0.00584	0.00779	0.00934	0.00973	0.00545	0.00623	0.00934	0.01285	0.01713	0.03698	0.75981	0.04438	0.02102	0.00856	0.00273	0.00389	0.01908	0.00623	0.00545
131	0.02574	0.01349	0.01627	0.01271	0.01754	0.01335	0.01041	0.25707	0.04344	0.39412	0.07254	0.02435	0.04945	0.00900	0.00687	0.00207	0.00599	0.00723	0.00756	0.01079
132	0.01267	0.01193	0.02013	0.74806	0.04621	0.01491	0.01863	0.01714	0.01342	0.01714	0.01193	0.01789	0.00894	0.00671	0.00671	0.00224	0.00894	0.00596	0.00298	0.00745
133	0.01794	0.76823	0.03516	0.01148	0.01722	0.02655	0.01148	0.02009	0.01363	0.01579	0.00933	0.01076	0.00861	0.00574	0.00431	0.00144	0.00718	0.00359	0.00287	0.00861
134	0.00817	0.00588	0.00775	0.00924	0.00971	0.00546	0.00618	0.00935	0.01294	0.01717	0.03820	0.73256	0.07085	0.02086	0.00854	0.00271	0.00387	0.01888	0.00623	0.00546
135	0.01391	0.01193	0.01391	0.00994	0.01590	0.00894	0.00795	0.01690	0.01391	0.02186	0.01193	0.01391	0.00994	0.00497	0.00497	0.00099	0.00497	0.00398	0.00398	0.80521
136	0.00976	0.00651	0.00732	0.00732	0.00732	0.00651	0.00407	0.00976	0.00976	0.01301	0.02114	0.04391	0.02439	0.76419	0.03415	0.00651	0.00651	0.00976	0.00407	0.00407
137	0.02551	0.01879	0.02014	0.01544	0.02081	0.02081	0.01275	0.69996	0.03155	0.04229	0.01611	0.01611	0.01141	0.00805	0.00671	0.00201	0.00738	0.00604	0.00671	0.01141
138	0.09190	0.01187	0.01532	0.01185	0.01696	0.01076	0.00978	0.06135	0.01914	0.64124	0.02465	0.02159	0.01564	0.00813	0.00654	0.00207	0.00574	0.00647	0.00790	0.01109
139	0.00837	0.00592	0.00773	0.00909	0.00943	0.00558	0.00596	0.00939	0.01247	0.01662	0.03503	0.67148	0.04191	0.11272	0.01172	0.00319	0.00422	0.01793	0.00596	0.00528
140	0.01584	0.01810	0.03959	0.02828	0.03507	0.01697	0.69796	0.02149	0.01584	0.02149	0.01357	0.01810	0.01018	0.00566	0.00792	0.00226	0.01131	0.00792	0.00339	0.00905
141	0.00948	0.00639	0.00740	0.00768	0.00775	0.00632	0.00445	0.00968	0.01030	0.01374	0.02394	0.17055	0.02793	0.63273	0.02963	0.00584	0.00604	0.01141	0.00445	0.00431
142	0.05883	0.01148	0.01536	0.01182	0.01698	0.01005	0.00977	0.03222	0.01892	0.70136	0.02584	0.02240	0.01627	0.00823	0.00665	0.00208	0.00569	0.00663	0.00815	0.01127
143	0.00976	0.00651	0.00732	0.00732	0.00732	0.00651	0.00407	0.00976	0.00976	0.01301	0.02114	0.04391	0.02439	0.76419	0.03415	0.00651	0.00651	0.00976	0.00407	0.00407
144	0.00959	0.00719	0.01078	0.01078	0.01198	0.00839	0.00839	0.01198	0.01078	0.01558	0.01797	0.02636	0.01677	0.05032	0.73760	0.01078	0.01797	0.00719	0.00359	0.00599
145	0.01346	0.03471	0.72942	0.01912	0.02904	0.01558	0.02479	0.02125	0.01417	0.02125	0.01204	0.01417	0.00850	0.00637	0.00637	0.00212	0.00992	0.00496	0.00283	0.00992
146	0.01609	0.01621	0.05183	0.11243	0.62843	0.01582	0.02054	0.02026	0.01505	0.02141	0.01253	0.01665	0.01038	0.00607	0.00664	0.00202	0.00814	0.00594	0.00327	0.01028
147	0.00980	0.00648	0.00730	0.00734	0.00740	0.00647	0.00414	0.00994	0.00998	0.01351	0.02159	0.06238	0.02469	0.71987	0.03251	0.00624	0.00633	0.00989	0.02997	0.00417
148	0.01267	0.01193	0.02013	0.74806	0.04621	0.01491	0.01863	0.01714	0.01342	0.01714	0.01193	0.01789	0.00894	0.00671	0.00671	0.00224	0.00894	0.00596	0.00298	0.00745
149	0.01586	0.07264	0.09876	0.05556	0.21315	0.01719	0.38542	0.02098	0.01529	0.02102	0.01282	0.01681	0.00999	0.00585	0.00714	0.00212	0.00993	0.00676	0.00327	0.00945
150	0.01258	0.00682	0.00930	0.00919	0.01012	0.00657	0.00641	0.01244	0.03721	0.08525	0.04591	0.17842	0.06804	0.03963	0.01833	0.42947	0.00517	0.00959	0.00467	0.00489
151	0.03010	0.01142	0.01557	0.01194	0.01713	0.00986	0.00986	0.03270	0.01920	0.72698	0.02647	0.02284	0.01661	0.00830	0.00675	0.00208	0.00571	0.00675	0.00830	0.01142
152	0.00963	0.00659	0.00762	0.00762	0.00787	0.00663	0.00454	0.00996	0.01020	0.01358	0.02379	0.04354	0.06747	0.64905	0.09956	0.00665	0.00740	0.00979	0.00416	0.00435
153	0.04177	0.01367	0.01753	0.12406	0.18386	0.05893	0.01321	0.11170	0.07016	0.05924	0.04806	0.18723	0.02106	0.01051	0.00705	0.00221	0.00677	0.00918	0.00511	0.00869
154	0.04092	0.00676	0.00814	0.00872	0.01006	0.00631	0.00622	0.01110	0.01403	0.04169	0.10048	0.39357	0.21763	0.04565	0.03839	0.00297	0.00453	0.03087	0.00613	0.00584
155	0.01379	0.08930	0.67775	0.01856	0.02816	0.01640	0.02380	0.02116	0.01413	0.02084	0.01184	0.01391	0.00851	0.00633	0.00622	0.00207	0.00971	0.00486	0.00284	0.00982
156	0.27613	0.06523	0.02096	0.08382	0.10776	0.14262	0.10144	0.06306	0.01531	0.02381	0.01110	0.01381	0.00884	0.00656	0.00629	0.00203	0.03407	0.00503	0.00376	0.00836
157	0.01661	0.01585	0.02648	0.03945	0.67792	0.01599	0.01996	0.02154	0.05906	0.02231	0.01355	0.01714	0.01125	0.00618	0.00665	0.00201	0.00780	0.00608	0.00354	0.01063
158	0.01803	0.23563	0.07549	0.06011	0.02090	0.08939	0.03248	0.12770	0.10037	0.02296	0.01456	0.04442	0.01212	0.00723	0.00582	0.00177	0.00748	0.00556	0.00430	0.11368
159	0.08909	0.02838	0.01481	0.01307	0.04234	0.01131	0.07092	0.01765	0.07194	0.09444	0.06920	0.13135	0.15278	0.05197	0.01067	0.03043	0.07694	0.00995	0.00537	0.00739

[dist]
# distance from previous block
# <min> <max>
0	10

[block]
# block no. 3 follows, 32 sequences, length 40
# corresponding to MSA columns:
# 280-319
name=unknown_D
#
# <colnr> <probs for GDERKNQSTAVLIFYWHMCP>
#	G	D	E	R	K	N	Q	S	T	A	V	L	I	F	Y	W	H	M	C	P
0	0.00816	0.00590	0.00772	0.00917	0.00969	0.00546	0.00615	0.00936	0.01301	0.01720	0.03907	0.71296	0.08988	0.02075	0.00852	0.00269	0.00386	0.01874	0.00623	0.00546
1	0.02480	0.01844	0.01974	0.01530	0.02054	0.02048	0.01258	0.64688	0.08577	0.04115	0.01700	0.01682	0.01214	0.00814	0.00672	0.00203	0.00722	0.00616	0.00672	0.01135
2	0.00847	0.00655	0.00743	0.00770	0.00914	0.00583	0.00542	0.01006	0.01461	0.01863	0.15801	0.21792	0.37197	0.11398	0.01146	0.00289	0.00388	0.01439	0.00613	0.00551
3	0.04904	0.01311	0.01444	0.01201	0.01596	0.01363	0.00938	0.19389	0.19979	0.07006	0.05831	0.07843	0.02008	0.07616	0.00899	0.00237	0.00568	0.00767	0.00603	0.14495
4	0.04708	0.02070	0.01816	0.01495	0.01926	0.22063	0.01187	0.37997	0.02454	0.07424	0.01525	0.01696	0.01167	0.04018	0.05182	0.00265	0.00915	0.00575	0.00552	0.00965
5	0.01346	0.03471	0.72942	0.01912	0.02904	0.01558	0.02479	0.02125	0.01417	0.02125	0.01204	0.01417	0.00850	0.00637	0.00637	0.00212	0.00992	0.00496	0.00283	0.00992
6	0.00834	0.00658	0.00755	0.00802	0.00963	0.00579	0.00588	0.01013	0.01503	0.01897	0.13275	0.26167	0.41383	0.01785	0.00818	0.00242	0.00366	0.05164	0.00636	0.00571
