[name]
unknown

[dist]
# distance from previous block
# <min> <max>
54	353

[block]
# block no. 0 follows, 33 sequences, length 48
# corresponding to MSA columns:
# 438-485
name=unknown_A
#
# <colnr> <probs for GDERKNQSTAVLIFYWHMCP>
#	G	D	E	R	K	N	Q	S	T	A	V	L	I	F	Y	W	H	M	C	P
0	0.01917	0.05458	0.07405	0.04701	0.01879	0.01372	0.01140	0.23107	0.02023	0.15113	0.07412	0.07888	0.01873	0.00892	0.00649	0.00192	0.00623	0.02776	0.00578	0.13001
1	0.08148	0.01149	0.01220	0.01059	0.01375	0.01208	0.00823	0.21406	0.10313	0.02742	0.10922	0.09845	0.18082	0.05681	0.00851	0.00238	0.00507	0.00966	0.00609	0.02855
2	0.08183	0.01420	0.01639	0.01538	0.09201	0.01490	0.01114	0.28058	0.10278	0.05686	0.03925	0.05262	0.04911	0.00894	0.00649	0.00199	0.00607	0.04269	0.00575	0.10102
3	0.01934	0.01529	0.01552	0.01303	0.01692	0.08799	0.01040	0.25449	0.16392	0.08128	0.15217	0.02680	0.02396	0.00944	0.00681	0.00203	0.00623	0.04144	0.00637	0.04656
4	0.19524	0.01647	0.01446	0.01265	0.01645	0.13376	0.00990	0.15262	0.21235	0.02735	0.01839	0.09338	0.01559	0.00878	0.00606	0.00204	0.00650	0.00677	0.00537	0.04587
5	0.10625	0.29763	0.13691	0.01350	0.01843	0.18335	0.01289	0.02035	0.01447	0.01862	0.04335	0.04826	0.01235	0.00736	0.00606	0.00181	0.04186	0.00509	0.00344	0.00802
6	0.01732	0.01323	0.01575	0.06570	0.01870	0.01343	0.02943	0.27239	0.05356	0.05565	0.09994	0.02674	0.10304	0.00907	0.00661	0.00188	0.00590	0.02059	0.00578	0.16530
7	0.04100	0.01438	0.01570	0.01308	0.01730	0.01568	0.01043	0.24460	0.31624	0.10144	0.05773	0.04980	0.01908	0.00894	0.00662	0.00208	0.00572	0.00727	0.00662	0.04633
8	0.02073	0.01836	0.08209	0.01416	0.01901	0.11249	0.01208	0.14537	0.28134	0.14693	0.02029	0.01938	0.01469	0.00785	0.00641	0.00200	0.00691	0.00617	0.00596	0.05780
9	0.01962	0.15398	0.01913	0.01347	0.01718	0.24588	0.01070	0.10436	0.17495	0.04137	0.03440	0.01968	0.01472	0.09216	0.00901	0.00234	0.00796	0.00589	0.00470	0.00848
10	0.01837	0.01837	0.02593	0.02000	0.02501	0.10418	0.29020	0.13671	0.21752	0.02548	0.01704	0.01857	0.01284	0.00723	0.00748	0.00214	0.03175	0.00689	0.00481	0.00949
11	0.01010	0.00734	0.00924	0.00932	0.01073	0.00708	0.00684	0.06880	0.01694	0.02317	0.33291	0.33608	0.07428	0.01621	0.00798	0.00235	0.00388	0.04385	0.00664	0.00625
12	0.01396	0.01397	0.02620	0.33424	0.16571	0.01485	0.23058	0.01851	0.01440	0.01925	0.01426	0.02211	0.01188	0.00710	0.00715	0.00223	0.00909	0.06288	0.00337	0.00827
13	0.00877	0.00665	0.00822	0.00899	0.01044	0.00611	0.00693	0.01081	0.01477	0.01896	0.12166	0.26010	0.28040	0.01782	0.00830	0.00255	0.00417	0.19243	0.00622	0.00570
14	0.01310	0.00830	0.00860	0.00822	0.00933	0.05044	0.00544	0.01419	0.01224	0.09568	0.02214	0.09532	0.02239	0.42499	0.02103	0.00435	0.00575	0.00901	0.16395	0.00555
15	0.01670	0.01721	0.03688	0.02641	0.03294	0.01607	0.64585	0.02200	0.01581	0.08032	0.01437	0.01815	0.01051	0.00577	0.00767	0.00220	0.01064	0.00767	0.00373	0.00907
16	0.01294	0.01239	0.02146	0.65029	0.10152	0.01483	0.05926	0.01736	0.01346	0.01746	0.01185	0.01746	0.00899	0.00646	0.00665	0.00218	0.00883	0.00597	0.00298	0.00767
17	0.00977	0.00698	0.00965	0.01117	0.01232	0.00686	0.00915	0.01219	0.01433	0.01877	0.03532	0.29732	0.03971	0.01897	0.00887	0.00292	0.00534	0.46846	0.00608	0.00583
18	0.01809	0.54778	0.16516	0.01274	0.01909	0.02219	0.01357	0.02130	0.01408	0.09624	0.01153	0.01251	0.00930	0.00603	0.00488	0.00161	0.00739	0.00412	0.00340	0.00900
19	0.01406	0.17774	0.59833	0.01730	0.02624	0.01738	0.02178	0.02063	0.01380	0.01981	0.01130	0.01325	0.00836	0.00613	0.00586	0.00195	0.00921	0.00460	0.00279	0.00948
20	0.00867	0.00664	0.00804	0.00856	0.01011	0.00602	0.00654	0.01076	0.01522	0.01964	0.18476	0.21823	0.31352	0.01719	0.00816	0.00244	0.00391	0.13952	0.00633	0.00574
21	0.02444	0.10269	0.02107	0.01462	0.01981	0.06340	0.01222	0.54941	0.02756	0.07752	0.01533	0.01537	0.01103	0.00760	0.00629	0.00190	0.00740	0.00560	0.00607	0.01068
22	0.02492	0.01248	0.01776	0.01369	0.01858	0.01171	0.08694	0.08580	0.08325	0.47948	0.07475	0.02349	0.01886	0.00830	0.00684	0.00207	0.00613	0.00715	0.00728	0.01051
23	0.01243	0.01170	0.01975	0.75282	0.04534	0.01463	0.01828	0.01682	0.01316	0.01682	0.01170	0.01755	0.00878	0.00658	0.00658	0.00219	0.00878	0.00585	0.00293	0.00731
24	0.00915	0.00658	0.00876	0.00989	0.01089	0.00630	0.00756	0.01117	0.01420	0.01881	0.11634	0.36380	0.08029	0.05348	0.00971	0.00288	0.00463	0.25378	0.00613	0.00565
25	0.00859	0.00719	0.00756	0.00758	0.00969	0.00646	0.00563	0.01168	0.07327	0.01888	0.08969	0.13747	0.56044	0.01632	0.00776	0.00227	0.00353	0.01380	0.00621	0.00597
26	0.01779	0.01331	0.06495	0.09715	0.08438	0.04423	0.01224	0.02308	0.10684	0.21789	0.11699	0.07264	0.02411	0.00997	0.00703	0.00219	0.00627	0.06414	0.00593	0.00889
27	0.01027	0.00738	0.01018	0.01163	0.01308	0.00730	0.00998	0.01308	0.01494	0.01937	0.03641	0.13125	0.06937	0.01832	0.00898	0.00296	0.00575	0.59769	0.00607	0.00598
28	0.01338	0.06359	0.70653	0.01846	0.02803	0.01572	0.02380	0.02080	0.01388	0.02063	0.01171	0.01377	0.00834	0.00623	0.00617	0.00206	0.00962	0.00481	0.00278	0.00968
29	0.01522	0.08982	0.44387	0.01751	0.02498	0.06778	0.06036	0.07740	0.01585	0.02167	0.01446	0.02058	0.01198	0.00766	0.00650	0.00211	0.00913	0.08045	0.00354	0.00914
30	0.01592	0.01556	0.04594	0.01621	0.05062	0.10747	0.08365	0.10210	0.15264	0.02369	0.04992	0.07583	0.02340	0.01132	0.00747	0.00235	0.00730	0.19489	0.00541	0.00832
31	0.00949	0.00652	0.00791	0.00814	0.00864	0.00638	0.00536	0.01053	0.01221	0.01652	0.15705	0.11894	0.03465	0.46825	0.02344	0.00483	0.00547	0.08587	0.00505	0.00477
32	0.01893	0.10654	0.07411	0.01754	0.02201	0.27498	0.14118	0.06370	0.07824	0.01987	0.01478	0.03896	0.03042	0.00768	0.00747	0.00198	0.06328	0.00606	0.00387	0.00840
33	0.01890	0.01985	0.02433	0.03021	0.40673	0.21296	0.07304	0.02334	0.06572	0.04223	0.01330	0.01598	0.01073	0.00638	0.00648	0.00193	0.00894	0.00571	0.00369	0.00956
34	0.00827	0.00592	0.00786	0.00899	0.00960	0.00552	0.00613	0.00980	0.01378	0.01867	0.17010	0.62520	0.04716	0.01923	0.00828	0.00256	0.00368	0.01739	0.00633	0.00552
35	0.01310	0.00861	0.00959	0.00904	0.01090	0.00905	0.00685	0.11295	0.04939	0.02425	0.05341	0.13894	0.05527	0.07431	0.00897	0.00237	0.02802	0.04027	0.33795	0.00677
36	0.10954	0.01685	0.01885	0.04944	0.24198	0.13193	0.01366	0.15429	0.03562	0.02506	0.01370	0.01647	0.01101	0.01061	0.07305	0.00270	0.00863	0.00552	0.05213	0.00896
37	0.01738	0.01715	0.02188	0.02716	0.35929	0.12633	0.04727	0.07743	0.10673	0.02299	0.04870	0.04932	0.03348	0.00776	0.00668	0.00201	0.00772	0.00691	0.00436	0.00947
38	0.00844	0.00671	0.00739	0.00754	0.00933	0.00592	0.00564	0.01021	0.01478	0.01838	0.13086	0.08283	0.48578	0.09536	0.01063	0.00274	0.00392	0.08201	0.00601	0.00551
39	0.01765	0.24140	0.26349	0.01482	0.02099	0.14719	0.01543	0.02285	0.07043	0.06657	0.02700	0.01560	0.01139	0.03064	0.00656	0.00196	0.00847	0.00497	0.00369	0.00889
40	0.05450	0.17172	0.14965	0.03488	0.02228	0.01797	0.11633	0.14876	0.04876	0.05975	0.01493	0.06361	0.01232	0.00776	0.00704	0.00203	0.04794	0.00634	0.00431	0.00912
41	0.01587	0.01792	0.03528	0.02665	0.06314	0.05062	0.56410	0.02071	0.01505	0.02029	0.01261	0.01705	0.00979	0.00629	0.00917	0.00226	0.09393	0.00730	0.00328	0.00870
42	0.02075	0.03998	0.08409	0.01807	0.05344	0.26002	0.07479	0.21751	0.03459	0.02461	0.01295	0.01506	0.01016	0.00960	0.04864	0.00244	0.05454	0.00546	0.00427	0.00902
43	0.04427	0.03742	0.02146	0.01655	0.02117	0.09488	0.15519	0.21701	0.12732	0.08162	0.03668	0.03805	0.01515	0.00970	0.03621	0.00241	0.00824	0.02187	0.00539	0.00941
44	0.01382	0.01343	0.05578	0.01401	0.01739	0.04504	0.08367	0.05346	0.22783	0.02314	0.08139	0.09274	0.06335	0.01353	0.04073	0.00274	0.00684	0.13735	0.00567	0.00812
45	0.01007	0.00806	0.01134	0.01028	0.01272	0.00720	0.08375	0.01238	0.01521	0.05118	0.10822	0.16010	0.38909	0.01550	0.00794	0.00235	0.00461	0.07775	0.00599	0.00626
46	0.01792	0.01793	0.07231	0.01739	0.04608	0.13877	0.14098	0.12370	0.07931	0.07488	0.02016	0.14685	0.01834	0.00990	0.00712	0.00218	0.00802	0.04442	0.00505	0.00868
47	0.04069	0.22009	0.04112	0.02779	0.01869	0.16178	0.04861	0.13909	0.01788	0.06395	0.01854	0.07276	0.07059	0.00856	0.00634	0.00188	0.02213	0.00658	0.00448	0.00844

[dist]
# distance from previous block
# <min> <max>
13	54

[block]
# block no. 1 follows, 33 sequences, length 13
# corresponding to MSA columns:
# 540-552
name=unknown_B
#
# <colnr> <probs for GDERKNQSTAVLIFYWHMCP>
#	G	D	E	R	K	N	Q	S	T	A	V	L	I	F	Y	W	H	M	C	P
0	0.01583	0.42206	0.19302	0.01443	0.01967	0.02217	0.01503	0.01906	0.01272	0.01681	0.00965	0.01224	0.00847	0.00717	0.00881	0.00191	0.18532	0.00436	0.00282	0.00845
1	0.00824	0.00615	0.00773	0.00890	0.00984	0.00564	0.00634	0.00972	0.01345	0.01735	0.04334	0.52331	0.20442	0.01942	0.00833	0.00261	0.00395	0.08969	0.00611	0.00547
2	0.00853	0.00624	0.00806	0.00892	0.00990	0.00577	0.00640	0.01037	0.01454	0.01945	0.20276	0.45117	0.12766	0.01824	0.00824	0.00251	0.00379	0.07541	0.00638	0.00564
3	0.02451	0.02459	0.01719	0.01519	0.01880	0.50795	0.01163	0.02646	0.01803	0.18576	0.01454	0.01552	0.01099	0.01063	0.06695	0.00251	0.01086	0.00504	0.00453	0.00833
4	0.02663	0.01587	0.01817	0.01393	0.01913	0.01661	0.01151	0.46668	0.02666	0.28650	0.01941	0.01815	0.01301	0.00799	0.00660	0.00200	0.00666	0.00617	0.00714	0.01120
5	0.01191	0.01250	0.00955	0.00915	0.01147	0.18023	0.00675	0.01345	0.01542	0.01697	0.04950	0.04948	0.49719	0.07645	0.00947	0.00244	0.00561	0.01125	0.00529	0.00592
6	0.01934	0.01452	0.01601	0.01288	0.01766	0.01512	0.01033	0.22015	0.29377	0.09247	0.02003	0.01931	0.01479	0.00761	0.00623	0.00184	0.00574	0.00610	0.00613	0.19996
7	0.02017	0.02035	0.01600	0.01535	0.03810	0.35125	0.01174	0.02516	0.13444	0.09186	0.02048	0.02998	0.01825	0.00996	0.00690	0.00214	0.00863	0.16601	0.00506	0.00817
8	0.01473	0.00990	0.01184	0.01011	0.01290	0.00984	0.00794	0.17828	0.02134	0.09195	0.45259	0.03980	0.08810	0.01188	0.00738	0.00205	0.00432	0.01015	0.00710	0.00779
9	0.21230	0.01709	0.01737	0.01361	0.01859	0.01908	0.01124	0.54296	0.02627	0.03866	0.01423	0.01459	0.01023	0.00748	0.00599	0.00199	0.00673	0.00537	0.00599	0.01023
10	0.23004	0.01802	0.01723	0.01569	0.08077	0.12351	0.01160	0.31233	0.02162	0.08872	0.01377	0.01448	0.01008	0.00711	0.00583	0.00195	0.00728	0.00512	0.00530	0.00955
11	0.02234	0.02221	0.02065	0.02160	0.18022	0.33716	0.04244	0.07868	0.07575	0.11366	0.01466	0.01583	0.01116	0.00697	0.00635	0.00189	0.00920	0.00546	0.00450	0.00929
12	0.00999	0.00792	0.01171	0.01137	0.01241	0.00963	0.00896	0.01224	0.01052	0.01535	0.01657	0.02451	0.01554	0.04492	0.65767	0.00967	0.10463	0.00690	0.00345	0.00603

[dist]
# distance from previous block
# <min> <max>
0	1

[block]
# block no. 2 follows, 33 sequences, length 15
# corresponding to MSA columns:
# 554-568
name=unknown_C
#
# <colnr> <probs for GDERKNQSTAVLIFYWHMCP>
#	G	D	E	R	K	N	Q	S	T	A	V	L	I	F	Y	W	H	M	C	P
0	0.00815	0.00588	0.00774	0.00903	0.00954	0.00557	0.00608	0.00935	0.01249	0.01660	0.03619	0.65532	0.07730	0.05304	0.05115	0.00325	0.00469	0.01742	0.00588	0.00533
1	0.01539	0.06681	0.02553	0.28001	0.20394	0.01620	0.14724	0.08813	0.01585	0.02119	0.01357	0.05164	0.01126	0.00694	0.00671	0.00209	0.00848	0.00667	0.00360	0.00875
2	0.01708	0.05482	0.02494	0.12329	0.40605	0.12632	0.06058	0.02175	0.06370	0.02019	0.01286	0.01616	0.01047	0.00628	0.00642	0.00196	0.00854	0.00573	0.00346	0.00941
3	0.01190	0.01089	0.01093	0.05685	0.01446	0.09551	0.00866	0.01585	0.08807	0.01956	0.11294	0.04988	0.24483	0.06603	0.00945	0.00261	0.00569	0.16375	0.00561	0.00650
4	0.01699	0.01724	0.02188	0.15387	0.13782	0.13251	0.11606	0.04985	0.18775	0.02196	0.01566	0.01785	0.01210	0.00686	0.00655	0.00200	0.00826	0.00614	0.00424	0.06440
5	0.01955	0.01759	0.01981	0.01572	0.02008	0.12744	0.10239	0.30111	0.02149	0.02803	0.03478	0.05376	0.01380	0.01133	0.06627	0.00262	0.03599	0.00657	0.00499	0.09669
6	0.08082	0.01727	0.02003	0.20787	0.09530	0.17951	0.08396	0.02084	0.05667	0.01975	0.01264	0.01609	0.01007	0.00700	0.00748	0.00203	0.07295	0.00555	0.05377	0.03040
7	0.14924	0.01769	0.01558	0.01318	0.01671	0.18435	0.02572	0.21477	0.04093	0.02580	0.01476	0.04706	0.01307	0.11666	0.01041	0.00257	0.03314	0.00615	0.00471	0.04750
8	0.03911	0.06241	0.03777	0.07600	0.02015	0.09876	0.05956	0.12665	0.11515	0.04935	0.03763	0.05063	0.08844	0.01021	0.03353	0.00228	0.00740	0.00717	0.00496	0.07285
9	0.10912	0.06560	0.04726	0.01698	0.05369	0.12421	0.11630	0.17777	0.01881	0.06323	0.03683	0.01917	0.01310	0.00768	0.00690	0.00201	0.03556	0.04415	0.00465	0.03698
10	0.10650	0.09505	0.01998	0.07646	0.15785	0.12417	0.02830	0.11517	0.03123	0.02299	0.01614	0.01820	0.06097	0.00879	0.03439	0.00219	0.00791	0.00569	0.00409	0.06393
11	0.03242	0.01617	0.05758	0.04197	0.04145	0.11715	0.06984	0.09406	0.12056	0.04254	0.06670	0.04975	0.03749	0.05701	0.06001	0.00284	0.00803	0.00721	0.00483	0.07240
12	0.01820	0.01741	0.04250	0.05500	0.15047	0.12524	0.08071	0.08923	0.04099	0.07639	0.01379	0.01650	0.01089	0.00949	0.04990	0.00246	0.09155	0.00573	0.00413	0.09946
13	0.01629	0.09746	0.02274	0.15023	0.04988	0.10531	0.14672	0.10488	0.05249	0.02215	0.08337	0.04282	0.06073	0.00823	0.00672	0.00202	0.00801	0.00729	0.00440	0.00826
14	0.06082	0.05197	0.02072	0.01578	0.01999	0.11474	0.14528	0.17120	0.05719	0.06226	0.04092	0.05559	0.01512	0.03880	0.05873	0.00276	0.02373	0.00692	0.00483	0.03265

[dist]
# distance from previous block
# <min> <max>
26	113

[block]
# block no. 3 follows, 33 sequences, length 23
# corresponding to MSA columns:
# 687-709
name=unknown_D
#
# <colnr> <probs for GDERKNQSTAVLIFYWHMCP>
#	G	D	E	R	K	N	Q	S	T	A	V	L	I	F	Y	W	H	M	C	P
0	0.05002	0.01274	0.06721	0.06798	0.04221	0.04083	0.04366	0.03867	0.09043	0.01953	0.04284	0.11761	0.06094	0.19972	0.01395	0.00322	0.03104	0.00892	0.00456	0.04394
1	0.04590	0.09054	0.01689	0.01400	0.08398	0.07354	0.00999	0.13776	0.03596	0.02346	0.07099	0.04138	0.03603	0.09044	0.02825	0.00242	0.00668	0.00649	0.00462	0.18069
2	0.03846	0.01598	0.01671	0.08182	0.04583	0.13713	0.03253	0.20587	0.04511	0.02427	0.01985	0.15646	0.04259	0.04545	0.00910	0.00237	0.05892	0.00848	0.00495	0.00812
3	0.01451	0.04022	0.01769	0.16738	0.07977	0.06286	0.05421	0.04393	0.14405	0.03456	0.09101	0.04637	0.04555	0.03261	0.06976	0.00290	0.00786	0.00753	0.00469	0.03253
4	0.01897	0.07860	0.01942	0.01780	0.13344	0.13661	0.01225	0.21285	0.07381	0.02565	0.01651	0.10147	0.01464	0.00839	0.00629	0.00186	0.00726	0.00680	0.00485	0.10251
5	0.11697	0.03789	0.02060	0.08923	0.07979	0.06688	0.11486	0.17470	0.13383	0.02686	0.01695	0.01847	0.03406	0.00733	0.00632	0.00204	0.00747	0.00622	0.03041	0.00911
6	0.04280	0.15892	0.02343	0.03742	0.09034	0.10419	0.07111	0.14065	0.04433	0.15535	0.01491	0.01595	0.01113	0.00716	0.00702	0.00194	0.05350	0.00553	0.00480	0.00950
7	0.01825	0.04598	0.10786	0.04408	0.25286	0.08948	0.09557	0.06330	0.08067	0.09187	0.01507	0.01716	0.01150	0.00786	0.02772	0.00224	0.00862	0.00597	0.00420	0.00972
8	0.01717	0.04495	0.15271	0.01721	0.10308	0.01536	0.01414	0.11673	0.24391	0.07124	0.01956	0.04314	0.01542	0.00812	0.00648	0.00204	0.00669	0.02810	0.00525	0.06870
9	0.00957	0.00638	0.00718	0.00718	0.00718	0.00638	0.00399	0.00957	0.00957	0.01276	0.02074	0.04308	0.02393	0.76864	0.03351	0.00638	0.00638	0.00957	0.00399	0.00399
10	0.01469	0.01268	0.01497	0.01589	0.10860	0.01397	0.01095	0.02766	0.46241	0.02521	0.07523	0.03232	0.08651	0.01022	0.00702	0.00224	0.00531	0.05855	0.00618	0.00938
11	0.00802	0.00573	0.00764	0.00917	0.00955	0.00535	0.00611	0.00917	0.01260	0.01681	0.03628	0.76434	0.04354	0.02062	0.00840	0.00267	0.00382	0.01872	0.00611	0.00535
12	0.02250	0.25332	0.02340	0.01525	0.01932	0.52777	0.01228	0.02432	0.01708	0.01593	0.00987	0.01148	0.00847	0.00644	0.00542	0.00161	0.01043	0.00402	0.00322	0.00788
13	0.01299	0.01100	0.01294	0.00968	0.01489	0.00837	0.00760	0.01570	0.01353	0.02090	0.01460	0.10227	0.01374	0.00673	0.00529	0.00118	0.00475	0.00565	0.00416	0.71403
14	0.02272	0.05473	0.01997	0.01909	0.10345	0.51717	0.01335	0.07673	0.07537	0.01954	0.01216	0.01367	0.00985	0.00689	0.00605	0.00178	0.01033	0.00479	0.00386	0.00848
15	0.60224	0.10201	0.01311	0.00922	0.01350	0.01520	0.00781	0.02069	0.01242	0.10755	0.01153	0.01252	0.00868	0.00634	0.00440	0.00194	0.00531	0.00400	0.03379	0.00771
16	0.00788	0.00663	0.00686	0.00702	0.00909	0.00560	0.00526	0.00955	0.01483	0.01777	0.06345	0.11600	0.65316	0.01701	0.00787	0.00228	0.00345	0.03461	0.00611	0.00556
17	0.01794	0.01877	0.02512	0.03574	0.58684	0.16023	0.01871	0.02141	0.01572	0.02043	0.01194	0.01541	0.01004	0.00605	0.00640	0.00190	0.00863	0.00554	0.00329	0.00987
18	0.01428	0.01359	0.02309	0.41102	0.37266	0.01511	0.01920	0.01844	0.01404	0.01907	0.01203	0.01695	0.00957	0.00624	0.00655	0.00208	0.00832	0.00586	0.00309	0.00881
19	0.01304	0.10152	0.02149	0.66528	0.04198	0.01597	0.01745	0.01716	0.01319	0.01666	0.01140	0.01673	0.00874	0.00647	0.00630	0.00210	0.00857	0.00558	0.00291	0.00745
20	0.10862	0.01329	0.02115	0.39979	0.29544	0.01502	0.01768	0.01838	0.01361	0.02007	0.01166	0.01627	0.00920	0.00626	0.00626	0.00209	0.00799	0.00559	0.00318	0.00845
21	0.10989	0.01320	0.01931	0.32364	0.21454	0.03704	0.01572	0.01923	0.01412	0.08099	0.03450	0.03950	0.01225	0.00725	0.00682	0.00212	0.03155	0.00616	0.00383	0.00836
22	0.04150	0.04892	0.01615	0.01440	0.03751	0.38575	0.02859	0.01989	0.01655	0.01786	0.08558	0.05559	0.12636	0.04004	0.00812	0.00210	0.03639	0.00739	0.00427	0.00706

[dist]
# distance from previous block
# <min> <max>
55	191

[block]
# block no. 4 follows, 33 sequences, length 14
# corresponding to MSA columns:
# 1016-1029
name=unknown_E
#
# <colnr> <probs for GDERKNQSTAVLIFYWHMCP>
#	G	D	E	R	K	N	Q	S	T	A	V	L	I	F	Y	W	H	M	C	P
0	0.04348	0.22355	0.08965	0.01417	0.01923	0.07948	0.05089	0.20013	0.01863	0.07106	0.01473	0.05512	0.01226	0.01094	0.06619	0.00257	0.00852	0.00588	0.00451	0.00901
1	0.09794	0.25371	0.02009	0.04210	0.01686	0.13165	0.01014	0.05903	0.08515	0.04073	0.05971	0.04525	0.09568	0.00860	0.00576	0.00185	0.00672	0.00648	0.00451	0.00801
2	0.01494	0.27376	0.27531	0.01356	0.01962	0.06219	0.01477	0.01914	0.01503	0.04046	0.13573	0.02135	0.05272	0.00788	0.00590	0.00184	0.00740	0.00607	0.00391	0.00841
3	0.01674	0.62786	0.17169	0.01273	0.01917	0.02394	0.01382	0.01994	0.01348	0.01654	0.00967	0.01121	0.00843	0.00575	0.00462	0.00154	0.00757	0.00378	0.00281	0.00870
4	0.01475	0.29343	0.48868	0.01613	0.02442	0.01907	0.01974	0.02045	0.01372	0.01897	0.01088	0.01273	0.00838	0.00604	0.00554	0.00185	0.00878	0.00439	0.00279	0.00928
5	0.01717	0.58860	0.17900	0.01284	0.01930	0.02316	0.01391	0.02045	0.01371	0.04552	0.01038	0.01173	0.00874	0.00586	0.00474	0.00157	0.00754	0.00392	0.00302	0.00883
6	0.72422	0.09936	0.01251	0.00895	0.01321	0.01605	0.00760	0.01939	0.01145	0.02794	0.00916	0.01068	0.00728	0.00606	0.00409	0.00197	0.00531	0.00356	0.00393	0.00728
7	0.01059	0.08056	0.09532	0.01158	0.01414	0.01067	0.01034	0.01352	0.01122	0.01594	0.01619	0.02309	0.01480	0.04043	0.59069	0.00877	0.01576	0.00648	0.00338	0.00655
8	0.01604	0.01711	0.09652	0.02293	0.02896	0.01441	0.48085	0.02093	0.01542	0.10163	0.01730	0.10484	0.01446	0.00767	0.00757	0.00224	0.00950	0.00865	0.00415	0.00881
9	0.01320	0.03405	0.73453	0.01876	0.02849	0.01529	0.02432	0.02085	0.01390	0.02085	0.01181	0.01390	0.00834	0.00625	0.00625	0.00208	0.00973	0.00486	0.00278	0.00973
10	0.01698	0.66874	0.13294	0.01232	0.01853	0.02454	0.01310	0.01987	0.01345	0.01624	0.00953	0.01103	0.00843	0.00572	0.00451	0.00150	0.00742	0.00371	0.00281	0.00863
11	0.01699	0.58889	0.17803	0.01305	0.01943	0.05434	0.01402	0.02023	0.01371	0.01662	0.00974	0.01130	0.00843	0.00581	0.00472	0.00156	0.00780	0.00383	0.00283	0.00868
12	0.01616	0.35390	0.36527	0.01535	0.02272	0.08682	0.01760	0.02086	0.01411	0.01809	0.01051	0.01227	0.00840	0.00603	0.00535	0.00176	0.00876	0.00422	0.00285	0.00898
13	0.09289	0.42118	0.20401	0.01394	0.02037	0.05115	0.04141	0.05343	0.01445	0.01965	0.01034	0.01199	0.00849	0.00599	0.00504	0.00171	0.00789	0.00417	0.00315	0.00876

[dist]
# distance from previous block
# <min> <max>
62	144

[block]
# block no. 5 follows, 33 sequences, length 91
# corresponding to MSA columns:
# 1261-1351
name=unknown_F
#
# <colnr> <probs for GDERKNQSTAVLIFYWHMCP>
#	G	D	E	R	K	N	Q	S	T	A	V	L	I	F	Y	W	H	M	C	P
0	0.01802	0.13256	0.04911	0.05139	0.10927	0.08922	0.01294	0.18586	0.06295	0.02460	0.05699	0.01822	0.01421	0.02995	0.03596	0.00233	0.03919	0.00581	0.00449	0.05694
1	0.10674	0.12046	0.18676	0.01540	0.07514	0.01546	0.01385	0.11348	0.05002	0.08012	0.01797	0.08384	0.03333	0.00853	0.00614	0.00202	0.00687	0.02911	0.00462	0.03015
2	0.07895	0.20471	0.09051	0.06661	0.02092	0.14549	0.02822	0.13065	0.03689	0.04293	0.01315	0.04400	0.01089	0.00709	0.00568	0.00180	0.00790	0.00526	0.00409	0.05428
3	0.01643	0.10288	0.07831	0.13761	0.04204	0.03939	0.03336	0.16939	0.10007	0.02453	0.06287	0.05109	0.03521	0.00885	0.00738	0.00210	0.04775	0.02722	0.00476	0.00875
4	0.01686	0.08298	0.08107	0.05970	0.09855	0.16457	0.04141	0.06482	0.03225	0.03890	0.07088	0.04735	0.04495	0.00845	0.00683	0.00193	0.02792	0.03332	0.00428	0.07296
5	0.04541	0.05500	0.07320	0.13346	0.10322	0.10731	0.01457	0.15515	0.06435	0.06462	0.01376	0.01582	0.01052	0.00726	0.00741	0.00200	0.06821	0.00545	0.00435	0.04894
6	0.01672	0.43468	0.14545	0.01246	0.01798	0.06615	0.01262	0.04656	0.01477	0.04226	0.03746	0.01805	0.05774	0.04408	0.00662	0.00190	0.00736	0.00523	0.00359	0.00834
7	0.00995	0.00891	0.04535	0.01118	0.04088	0.00745	0.00829	0.01291	0.04790	0.01921	0.07878	0.41517	0.08774	0.01597	0.00771	0.00236	0.00457	0.07223	0.00568	0.09775
8	0.01958	0.08253	0.08511	0.04881	0.07912	0.35175	0.06048	0.04504	0.01622	0.01807	0.01093	0.01381	0.00910	0.00845	0.03130	0.00222	0.10100	0.00500	0.00331	0.00819
9	0.00942	0.00700	0.01031	0.01031	0.01139	0.00808	0.00789	0.01158	0.01050	0.01508	0.01788	0.02725	0.01706	0.10736	0.68539	0.01024	0.01673	0.00726	0.00356	0.00573
10	0.01608	0.01394	0.01639	0.10488	0.07105	0.01602	0.01216	0.05823	0.53297	0.02615	0.02373	0.02420	0.01819	0.00865	0.00674	0.00222	0.00593	0.02655	0.00597	0.00995
11	0.00858	0.00638	0.00812	0.00930	0.01036	0.00592	0.00692	0.01028	0.01375	0.01771	0.04281	0.44376	0.19587	0.01916	0.00842	0.00266	0.00424	0.17411	0.00610	0.00556
12	0.00804	0.00605	0.00745	0.00842	0.00939	0.00546	0.00581	0.00946	0.01367	0.01771	0.09041	0.52371	0.23244	0.01906	0.00819	0.00251	0.00364	0.01693	0.00619	0.00546
13	0.01629	0.01564	0.02672	0.04041	0.72757	0.01564	0.02020	0.02020	0.01499	0.02151	0.01238	0.01629	0.01043	0.00587	0.00652	0.00196	0.00782	0.00587	0.00326	0.01043
14	0.02954	0.01120	0.01528	0.01171	0.01681	0.00968	0.00968	0.03208	0.01884	0.73213	0.02597	0.02241	0.01630	0.00815	0.00662	0.00204	0.00560	0.00662	0.00815	0.01120
15	0.01365	0.01170	0.01365	0.00975	0.01560	0.00878	0.00780	0.01658	0.01365	0.02145	0.01170	0.01365	0.00975	0.00488	0.00488	0.00098	0.00488	0.00390	0.00390	0.80888
16	0.02311	0.13671	0.02037	0.01423	0.01882	0.19791	0.01164	0.23032	0.12787	0.13004	0.01654	0.01632	0.01220	0.00747	0.00608	0.00187	0.00781	0.00547	0.00546	0.00977
17	0.02352	0.15817	0.02191	0.01522	0.01976	0.32730	0.01238	0.29564	0.02261	0.02611	0.01224	0.01320	0.00956	0.00702	0.00589	0.00176	0.00917	0.00478	0.00456	0.00920
18	0.00932	0.00673	0.00880	0.00828	0.00984	0.00621	0.00621	0.01242	0.01863	0.02640	0.72410	0.04918	0.06212	0.01346	0.00776	0.00207	0.00311	0.01191	0.00725	0.00621
19	0.01387	0.01356	0.02419	0.46755	0.22164	0.01517	0.11293	0.01829	0.01397	0.01863	0.01210	0.01725	0.00937	0.00625	0.00673	0.00214	0.00885	0.00612	0.00307	0.00834
20	0.02008	0.01486	0.07302	0.01332	0.01794	0.01427	0.01132	0.03297	0.44930	0.23914	0.02534	0.02305	0.01800	0.00848	0.00664	0.00216	0.00569	0.00699	0.00682	0.01060
21	0.00778	0.00667	0.00667	0.00667	0.00889	0.00556	0.00500	0.00945	0.01501	0.01778	0.06669	0.06336	0.72490	0.01667	0.00778	0.00222	0.00333	0.01389	0.00611	0.00556
22	0.01144	0.00572	0.00858	0.00858	0.00858	0.00572	0.00572	0.00858	0.00858	0.01144	0.01144	0.02001	0.01144	0.02287	0.02573	0.80846	0.00572	0.00572	0.00286	0.00286
23	0.01492	0.23214	0.32298	0.05061	0.09503	0.01823	0.11715	0.02012	0.01419	0.01944	0.02989	0.01484	0.01023	0.00614	0.00599	0.00191	0.00878	0.00523	0.00304	0.00913
24	0.01320	0.03405	0.73453	0.01876	0.02849	0.01529	0.02432	0.02085	0.01390	0.02085	0.01181	0.01390	0.00834	0.00625	0.00625	0.00208	0.00973	0.00486	0.00278	0.00973
25	0.00940	0.00705	0.01058	0.01058	0.01176	0.00823	0.00823	0.01176	0.01058	0.01528	0.01763	0.02586	0.01646	0.04937	0.74255	0.01058	0.01763	0.00705	0.00353	0.00588
26	0.01372	0.04916	0.01364	0.01194	0.03775	0.01254	0.00895	0.07235	0.29986	0.02575	0.21857	0.07663	0.10941	0.01135	0.00707	0.00214	0.00468	0.00966	0.00643	0.00841
27	0.01406	0.03578	0.12495	0.01365	0.01729	0.10397	0.04075	0.01957	0.11611	0.03744	0.09469	0.02681	0.09364	0.01758	0.15498	0.00382	0.06510	0.00748	0.00456	0.00777
28	0.81514	0.01273	0.00968	0.00866	0.01273	0.01477	0.00713	0.01935	0.01120	0.02954	0.00917	0.01069	0.00713	0.00611	0.00407	0.00204	0.00509	0.00356	0.00407	0.00713
29	0.00840	0.00696	0.00783	0.00823	0.03362	0.00603	0.00581	0.01042	0.01568	0.01967	0.20031	0.08123	0.54118	0.01576	0.00775	0.00220	0.00346	0.01336	0.00625	0.00585
30	0.13644	0.20549	0.04590	0.12386	0.02224	0.26352	0.01284	0.04851	0.01536	0.01919	0.01021	0.01257	0.00843	0.00663	0.00614	0.00183	0.04522	0.00437	0.00336	0.00790
31	0.81514	0.01273	0.00968	0.00866	0.01273	0.01477	0.00713	0.01935	0.01120	0.02954	0.00917	0.01069	0.00713	0.00611	0.00407	0.00204	0.00509	0.00356	0.00407	0.00713
32	0.01902	0.04164	0.07158	0.08182	0.19857	0.31752	0.01510	0.04462	0.01640	0.01910	0.01212	0.01554	0.01009	0.03108	0.00737	0.00200	0.03011	0.00519	0.05276	0.00838
33	0.01365	0.01170	0.01365	0.00975	0.01560	0.00878	0.00780	0.01658	0.01365	0.02145	0.01170	0.01365	0.00975	0.00488	0.00488	0.00098	0.00488	0.00390	0.00390	0.80888
34	0.02350	0.01674	0.01839	0.01398	0.01933	0.01763	0.01150	0.53751	0.02712	0.09348	0.01594	0.01598	0.01136	0.00742	0.00631	0.00181	0.00672	0.00565	0.00627	0.14336
35	0.00806	0.00668	0.00705	0.00696	0.00906	0.00568	0.00522	0.00998	0.01566	0.01934	0.18524	0.06080	0.60538	0.01609	0.00778	0.00220	0.00329	0.01354	0.00632	0.00568
36	0.01481	0.01413	0.02405	0.31370	0.46586	0.01525	0.01947	0.01891	0.01429	0.01971	0.01212	0.01678	0.00979	0.00614	0.00654	0.00205	0.00819	0.00586	0.00313	0.00923
37	0.17252	0.04368	0.04155	0.03652	0.09237	0.01418	0.08055	0.07189	0.01342	0.02140	0.01367	0.02027	0.01237	0.12124	0.14034	0.00421	0.08239	0.00620	0.00376	0.00748
38	0.00802	0.00573	0.00764	0.00917	0.00955	0.00535	0.00611	0.00917	0.01260	0.01681	0.03628	0.76434	0.04354	0.02062	0.00840	0.00267	0.00382	0.01872	0.00611	0.00535
39	0.01356	0.09359	0.67810	0.01816	0.02756	0.01616	0.02327	0.02076	0.01386	0.02042	0.01160	0.01363	0.00835	0.00620	0.00609	0.00203	0.00951	0.00476	0.00278	0.00963
40	0.01554	0.06813	0.44615	0.01994	0.02818	0.01653	0.18207	0.08597	0.01600	0.04135	0.01278	0.01503	0.00921	0.00626	0.00654	0.00207	0.00956	0.00562	0.00341	0.00964
41	0.01724	0.01541	0.05270	0.10999	0.44040	0.01496	0.05150	0.02272	0.08424	0.10272	0.01530	0.01792	0.01177	0.00651	0.00660	0.00204	0.00765	0.00616	0.00410	0.01007
42	0.00944	0.00692	0.00991	0.00991	0.01085	0.00786	0.00739	0.01132	0.01038	0.01478	0.01825	0.02927	0.01794	0.19164	0.60230	0.00975	0.01541	0.00755	0.00362	0.00550
43	0.81514	0.01273	0.00968	0.00866	0.01273	0.01477	0.00713	0.01935	0.01120	0.02954	0.00917	0.01069	0.00713	0.00611	0.00407	0.00204	0.00509	0.00356	0.00407	0.00713
44	0.02463	0.03032	0.01875	0.01681	0.02036	0.68348	0.01270	0.08156	0.01966	0.01818	0.01063	0.01219	0.00870	0.00688	0.00599	0.00172	0.01150	0.00438	0.00365	0.00792
45	0.01595	0.01524	0.02594	0.03913	0.69818	0.01522	0.01963	0.01975	0.01489	0.02131	0.01336	0.04692	0.01178	0.00647	0.00659	0.00198	0.00766	0.00639	0.00338	0.01022
46	0.01144	0.00572	0.00858	0.00858	0.00858	0.00572	0.00572	0.00858	0.00858	0.01144	0.01144	0.02001	0.01144	0.02287	0.02573	0.80846	0.00572	0.00572	0.00286	0.00286
47	0.01243	0.01170	0.01975	0.75282	0.04534	0.01463	0.01828	0.01682	0.01316	0.01682	0.01170	0.01755	0.00878	0.00658	0.00658	0.00219	0.00878	0.00585	0.00293	0.00731
48	0.01116	0.00786	0.01088	0.04169	0.04184	0.00764	0.02507	0.01415	0.06069	0.07624	0.07708	0.46171	0.08383	0.01650	0.00792	0.00248	0.00459	0.03599	0.00607	0.00662
49	0.01962	0.04733	0.02025	0.02218	0.21368	0.31453	0.01409	0.02627	0.19443	0.02057	0.01561	0.01789	0.01273	0.00733	0.00631	0.00193	0.00875	0.02315	0.00425	0.00910
50	0.01467	0.01401	0.02370	0.32740	0.42968	0.01537	0.01925	0.01870	0.01410	0.01944	0.01199	0.01674	0.00970	0.00633	0.00702	0.00208	0.03178	0.00586	0.00311	0.00907
51	0.02459	0.03138	0.01866	0.01696	0.02035	0.74221	0.01272	0.02629	0.01866	0.01611	0.01018	0.01187	0.00848	0.00678	0.00594	0.00170	0.01187	0.00424	0.00339	0.00763
52	0.01377	0.01281	0.02139	0.31231	0.35773	0.01387	0.01741	0.01775	0.01481	0.02040	0.11619	0.02159	0.01734	0.00725	0.00672	0.00206	0.00750	0.00674	0.00371	0.00860
53	0.01629	0.01564	0.02672	0.04041	0.72757	0.01564	0.02020	0.02020	0.01499	0.02151	0.01238	0.01629	0.01043	0.00587	0.00652	0.00196	0.00782	0.00587	0.00326	0.01043
54	0.01637	0.01414	0.01489	0.01340	0.01712	0.01637	0.01042	0.03498	0.71568	0.02754	0.02679	0.02456	0.02010	0.00893	0.00670	0.00223	0.00521	0.00744	0.00670	0.01042
55	0.00956	0.00646	0.00755	0.00755	0.00768	0.00658	0.00445	0.00981	0.00968	0.01304	0.02041	0.04122	0.02312	0.69071	0.11033	0.00684	0.00760	0.00930	0.00394	0.00419
56	0.05994	0.01408	0.01679	0.01293	0.01804	0.01407	0.01068	0.29391	0.02325	0.43436	0.02132	0.01936	0.01393	0.00797	0.00650	0.00201	0.00622	0.00623	0.00737	0.01103
57	0.01243	0.01170	0.01975	0.75282	0.04534	0.01463	0.01828	0.01682	0.01316	0.01682	0.01170	0.01755	0.00878	0.00658	0.00658	0.00219	0.00878	0.00585	0.00293	0.00731
58	0.01243	0.01170	0.01975	0.75282	0.04534	0.01463	0.01828	0.01682	0.01316	0.01682	0.01170	0.01755	0.00878	0.00658	0.00658	0.00219	0.00878	0.00585	0.00293	0.00731
59	0.01670	0.01641	0.02633	0.03927	0.69315	0.05100	0.01984	0.02050	0.01517	0.02124	0.01228	0.01608	0.01033	0.00591	0.00649	0.00194	0.00802	0.00579	0.00327	0.01029
60	0.01243	0.01170	0.01975	0.75282	0.04534	0.01463	0.01828	0.01682	0.01316	0.01682	0.01170	0.01755	0.00878	0.00658	0.00658	0.00219	0.00878	0.00585	0.00293	0.00731
61	0.00819	0.00602	0.00773	0.00902	0.00978	0.00556	0.00630	0.00957	0.01318	0.01719	0.04088	0.60016	0.14860	0.01982	0.00836	0.00263	0.00393	0.07154	0.00611	0.00544
62	0.00940	0.00705	0.01058	0.01058	0.01176	0.00823	0.00823	0.01176	0.01058	0.01528	0.01763	0.02586	0.01646	0.04937	0.74255	0.01058	0.01763	0.00705	0.00353	0.00588
63	0.01629	0.01564	0.02672	0.04041	0.72757	0.01564	0.02020	0.02020	0.01499	0.02151	0.01238	0.01629	0.01043	0.00587	0.00652	0.00196	0.00782	0.00587	0.00326	0.01043
64	0.00957	0.00640	0.00728	0.00728	0.00732	0.00644	0.00412	0.00964	0.00960	0.01284	0.02065	0.04256	0.02371	0.74698	0.05486	0.00651	0.00672	0.00950	0.00398	0.00405
65	0.00778	0.00667	0.00667	0.00667	0.00889	0.00556	0.00500	0.00945	0.01501	0.01778	0.06669	0.06336	0.72490	0.01667	0.00778	0.00222	0.00333	0.01389	0.00611	0.00556
66	0.00836	0.00629	0.00868	0.00961	0.01043	0.00583	0.02848	0.00982	0.01318	0.01743	0.06018	0.63450	0.10235	0.01949	0.00833	0.00261	0.00406	0.03880	0.00606	0.00553
67	0.02346	0.02846	0.01984	0.02013	0.11910	0.60072	0.01375	0.06313	0.01883	0.01827	0.01080	0.01271	0.00890	0.00672	0.00605	0.00175	0.01105	0.00456	0.00355	0.00822
68	0.81514	0.01273	0.00968	0.00866	0.01273	0.01477	0.00713	0.01935	0.01120	0.02954	0.00917	0.01069	0.00713	0.00611	0.00407	0.00204	0.00509	0.00356	0.00407	0.00713
69	0.00879	0.00697	0.00806	0.00858	0.01040	0.00634	0.00671	0.01123	0.03367	0.01868	0.07636	0.15906	0.42285	0.01726	0.00816	0.00248	0.00411	0.17835	0.00616	0.00581
70	0.01670	0.17456	0.20681	0.10709	0.21309	0.06105	0.01800	0.08971	0.01601	0.02129	0.01172	0.01435	0.00927	0.00626	0.00597	0.00189	0.00844	0.00504	0.00335	0.00940
71	0.01703	0.01758	0.05929	0.13078	0.47516	0.09298	0.04080	0.02095	0.01526	0.04935	0.01261	0.01617	0.01012	0.00616	0.00650	0.00198	0.00849	0.00573	0.00341	0.00966
72	0.77626	0.01287	0.01051	0.01020	0.04752	0.01481	0.00777	0.01939	0.01139	0.02915	0.00932	0.01097	0.00729	0.00610	0.00419	0.00203	0.00523	0.00368	0.00403	0.00729
73	0.01651	0.01644	0.02520	0.05897	0.57688	0.06516	0.01897	0.02001	0.01462	0.02035	0.01178	0.01582	0.01004	0.00660	0.00820	0.00205	0.09366	0.00574	0.00321	0.00977
74	0.02016	0.01602	0.01702	0.01416	0.01856	0.01814	0.01134	0.32833	0.41616	0.03364	0.02199	0.02073	0.01620	0.00848	0.00665	0.00212	0.00610	0.00678	0.00665	0.01076
75	0.02556	0.04638	0.15718	0.01331	0.01934	0.01216	0.01280	0.07552	0.01849	0.51713	0.02184	0.01982	0.01408	0.00766	0.00645	0.00202	0.00658	0.00611	0.00678	0.01081
76	0.04824	0.36676	0.21969	0.01684	0.05677	0.02071	0.09894	0.06582	0.01494	0.02018	0.01097	0.01296	0.00883	0.00597	0.00546	0.00178	0.00822	0.00467	0.00319	0.00907
77	0.01345	0.05804	0.68268	0.01888	0.02835	0.01570	0.05170	0.02082	0.01395	0.02068	0.01179	0.01395	0.00841	0.00620	0.00625	0.00207	0.00970	0.00494	0.00280	0.00965
78	0.01061	0.00758	0.01061	0.01212	0.01364	0.00758	0.01061	0.01364	0.01515	0.01970	0.03486	0.07426	0.03789	0.01819	0.00909	0.00303	0.00606	0.68326	0.00606	0.00606
79	0.00804	0.00672	0.00703	0.00706	0.00920	0.00571	0.00537	0.00989	0.01531	0.01857	0.11814	0.06274	0.63799	0.01649	0.00784	0.00225	0.00345	0.04636	0.00620	0.00563
80	0.01697	0.32251	0.14359	0.04613	0.18113	0.06317	0.07156	0.04813	0.01501	0.01929	0.01106	0.01349	0.00912	0.00597	0.00563	0.00177	0.00833	0.00483	0.00314	0.00916
81	0.01103	0.00868	0.00964	0.00944	0.01181	0.00863	0.00726	0.01716	0.19204	0.04334	0.08962	0.13250	0.33961	0.01485	0.00767	0.00234	0.00418	0.07679	0.00639	0.00703
82	0.00802	0.00573	0.00764	0.00917	0.00955	0.00535	0.00611	0.00917	0.01260	0.01681	0.03628	0.76434	0.04354	0.02062	0.00840	0.00267	0.00382	0.01872	0.00611	0.00535
83	0.01320	0.03405	0.73453	0.01876	0.02849	0.01529	0.02432	0.02085	0.01390	0.02085	0.01181	0.01390	0.00834	0.00625	0.00625	0.00208	0.00973	0.00486	0.00278	0.00973
84	0.01910	0.10055	0.21524	0.06097	0.10505	0.23572	0.01665	0.06873	0.04458	0.05499	0.01266	0.01440	0.00970	0.00663	0.00606	0.00189	0.00929	0.00497	0.00370	0.00911
85	0.01349	0.01286	0.02204	0.55352	0.21588	0.01494	0.03851	0.01779	0.01369	0.01812	0.01192	0.01724	0.00922	0.00637	0.00660	0.00213	0.00860	0.00591	0.00302	0.00814
86	0.01243	0.01170	0.01975	0.75282	0.04534	0.01463	0.01828	0.01682	0.01316	0.01682	0.01170	0.01755	0.00878	0.00658	0.00658	0.00219	0.00878	0.00585	0.00293	0.00731
87	0.00867	0.00656	0.00863	0.01022	0.04449	0.00608	0.00672	0.01029	0.01383	0.01833	0.12249	0.48820	0.15254	0.03843	0.00883	0.00260	0.00399	0.03732	0.00605	0.00572
88	0.00940	0.00705	0.01058	0.01058	0.01176	0.00823	0.00823	0.01176	0.01058	0.01528	0.01763	0.02586	0.01646	0.04937	0.74255	0.01058	0.01763	0.00705	0.00353	0.00588
89	0.01523	0.01479	0.02406	0.28537	0.46963	0.03855	0.01930	0.01923	0.01448	0.01972	0.01208	0.01659	0.00980	0.00614	0.00652	0.00203	0.00828	0.00581	0.00315	0.00926
90	0.01934	0.49393	0.02818	0.01301	0.01784	0.21646	0.01156	0.02309	0.08936	0.01693	0.01130	0.01240	0.00969	0.00629	0.00494	0.00157	0.00814	0.00413	0.00338	0.00844

[dist]
# distance from previous block
# <min> <max>
0	1

[block]
# block no. 6 follows, 33 sequences, length 20
# corresponding to MSA columns:
# 1353-1372
name=unknown_G
#
# <colnr> <probs for GDERKNQSTAVLIFYWHMCP>
#	G	D	E	R	K	N	Q	S	T	A	V	L	I	F	Y	W	H	M	C	P
0	0.01457	0.10305	0.61046	0.01776	0.02674	0.01672	0.02213	0.07581	0.01522	0.02200	0.01188	0.01373	0.00858	0.00633	0.00609	0.00201	0.00927	0.00482	0.00309	0.00973
1	0.01866	0.21711	0.05660	0.02055	0.15869	0.23841	0.03539	0.02123	0.01482	0.01732	0.01025	0.01309	0.00892	0.00704	0.00832	0.00191	0.13537	0.00476	0.00310	0.00845
2	0.75926	0.01405	0.01031	0.00924	0.01327	0.06619	0.00752	0.01984	0.01173	0.02859	0.00924	0.01078	0.00723	0.00616	0.00421	0.00201	0.00557	0.00361	0.00403	0.00717
3	0.01543	0.05667	0.52752	0.01816	0.02619	0.15093	0.04649	0.02155	0.01499	0.01998	0.03524	0.01473	0.01022	0.00655	0.00623	0.00199	0.00987	0.00505	0.00306	0.00915
4	0.00929	0.00734	0.01058	0.00982	0.01152	0.00675	0.06204	0.01179	0.01605	0.02189	0.37862	0.23157	0.14069	0.04085	0.00881	0.00240	0.00407	0.01350	0.00638	0.00604
5	0.01629	0.01564	0.02672	0.04041	0.72757	0.01564	0.02020	0.02020	0.01499	0.02151	0.01238	0.01629	0.01043	0.00587	0.00652	0.00196	0.00782	0.00587	0.00326	0.01043
6	0.01431	0.01342	0.02277	0.37042	0.38249	0.01479	0.01875	0.01818	0.01389	0.01894	0.01203	0.01702	0.00970	0.00686	0.00729	0.03332	0.00818	0.00585	0.00309	0.00869
7	0.01243	0.01170	0.01975	0.75282	0.04534	0.01463	0.01828	0.01682	0.01316	0.01682	0.01170	0.01755	0.00878	0.00658	0.00658	0.00219	0.00878	0.00585	0.00293	0.00731
8	0.01637	0.01414	0.01489	0.01340	0.01712	0.01637	0.01042	0.03498	0.71568	0.02754	0.02679	0.02456	0.02010	0.00893	0.00670	0.00223	0.00521	0.00744	0.00670	0.01042
9	0.00778	0.00667	0.00667	0.00667	0.00889	0.00556	0.00500	0.00945	0.01501	0.01778	0.06669	0.06336	0.72490	0.01667	0.00778	0.00222	0.00333	0.01389	0.00611	0.00556
10	0.77617	0.01377	0.04490	0.00915	0.01350	0.01479	0.00797	0.01942	0.01133	0.02911	0.00930	0.01085	0.00719	0.00612	0.00418	0.00204	0.00532	0.00363	0.00401	0.00726
11	0.01144	0.00572	0.00858	0.00858	0.00858	0.00572	0.00572	0.00858	0.00858	0.01144	0.01144	0.02001	0.01144	0.02287	0.02573	0.80846	0.00572	0.00572	0.00286	0.00286
12	0.00802	0.00573	0.00764	0.00917	0.00955	0.00535	0.00611	0.00917	0.01260	0.01681	0.03628	0.76434	0.04354	0.02062	0.00840	0.00267	0.00382	0.01872	0.00611	0.00535
13	0.01554	0.01776	0.03885	0.02775	0.03441	0.01665	0.70366	0.02109	0.01554	0.02109	0.01332	0.01776	0.00999	0.00555	0.00777	0.00222	0.01110	0.00777	0.00333	0.00888
14	0.01519	0.02020	0.14314	0.02640	0.03352	0.01644	0.60181	0.02105	0.01529	0.02105	0.01309	0.01718	0.00974	0.00566	0.00754	0.00220	0.01089	0.00733	0.00325	0.00901
15	0.02503	0.01844	0.01976	0.01515	0.02042	0.02042	0.01251	0.70562	0.03095	0.04149	0.01581	0.01581	0.01120	0.00790	0.00659	0.00198	0.00724	0.00593	0.00659	0.01120
16	0.00802	0.00573	0.00764	0.00917	0.00955	0.00535	0.00611	0.00917	0.01260	0.01681	0.03628	0.76434	0.04354	0.02062	0.00840	0.00267	0.00382	0.01872	0.00611	0.00535
17	0.02170	0.01525	0.01671	0.01364	0.01817	0.01669	0.01100	0.31776	0.29589	0.13873	0.02345	0.02192	0.04112	0.00866	0.00668	0.00209	0.00606	0.00691	0.00685	0.01069
18	0.81514	0.01273	0.00968	0.00866	0.01273	0.01477	0.00713	0.01935	0.01120	0.02954	0.00917	0.01069	0.00713	0.00611	0.00407	0.00204	0.00509	0.00356	0.00407	0.00713
19	0.00815	0.00692	0.00707	0.00711	0.00928	0.00599	0.00530	0.01049	0.04395	0.01812	0.06301	0.10830	0.65037	0.01661	0.00778	0.00225	0.00344	0.01395	0.00614	0.00575

[dist]
# distance from previous block
# <min> <max>
0	0

# created by:
# /home/berkeley/.conda/envs/busco_data_prod/bin/msa2prfl.pl pipeline/OGs_align_augustus/4893/32817.fs
