[name]
unknown

[dist]
# distance from previous block
# <min> <max>
0	175

[block]
# block no. 0 follows, 34 sequences, length 33
# corresponding to MSA columns:
# 175-207
name=unknown_A
#
# <colnr> <probs for GDERKNQSTAVLIFYWHMCP>
#	G	D	E	R	K	N	Q	S	T	A	V	L	I	F	Y	W	H	M	C	P
0	0.01340	0.01124	0.01216	0.01251	0.01462	0.08895	0.01045	0.08040	0.06072	0.02148	0.05080	0.09093	0.03155	0.01511	0.00814	0.00264	0.00643	0.45587	0.00579	0.00682
1	0.02286	0.01699	0.01828	0.01437	0.01912	0.01881	0.01173	0.61466	0.08294	0.03815	0.01761	0.06317	0.01365	0.00861	0.00658	0.00200	0.00675	0.00672	0.00644	0.01057
2	0.01261	0.01183	0.01960	0.67974	0.08621	0.01449	0.01772	0.01750	0.04431	0.01726	0.01218	0.01745	0.00921	0.00652	0.00646	0.00214	0.00840	0.00581	0.00306	0.00750
3	0.07027	0.64238	0.07679	0.01163	0.01721	0.05918	0.01168	0.01971	0.01327	0.01648	0.00920	0.01065	0.00820	0.00565	0.00435	0.00148	0.00718	0.00358	0.00287	0.00825
4	0.04631	0.03613	0.01862	0.01407	0.01892	0.03581	0.06539	0.32350	0.09745	0.18205	0.01819	0.01790	0.01284	0.00747	0.00626	0.00192	0.00662	0.00602	0.04514	0.03938
5	0.02379	0.01912	0.06740	0.01510	0.02057	0.01970	0.01305	0.66503	0.02926	0.03937	0.01525	0.01539	0.01080	0.00765	0.00644	0.00195	0.00727	0.00575	0.00621	0.01089
6	0.00845	0.00647	0.00961	0.01016	0.01102	0.00604	0.05289	0.00999	0.01295	0.01739	0.07929	0.67168	0.04173	0.01880	0.00816	0.00256	0.00418	0.01722	0.00589	0.00553
7	0.01814	0.01263	0.01669	0.01290	0.01784	0.01180	0.08249	0.04705	0.19536	0.19217	0.04642	0.01998	0.01571	0.00704	0.00610	0.00172	0.00569	0.00611	0.00566	0.27851
8	0.01340	0.01148	0.01340	0.00957	0.01531	0.00861	0.00766	0.01627	0.01340	0.02105	0.01148	0.01340	0.00957	0.00479	0.00479	0.00096	0.00479	0.00383	0.00383	0.81242
9	0.00897	0.00593	0.00794	0.00920	0.00983	0.00551	0.00629	0.01021	0.01274	0.05155	0.03508	0.71361	0.04129	0.01958	0.00818	0.00260	0.00389	0.03596	0.00609	0.00555
10	0.01598	0.01566	0.04106	0.11160	0.30626	0.05661	0.07997	0.02238	0.13845	0.04164	0.01481	0.01728	0.01160	0.00636	0.00634	0.00191	0.00754	0.00590	0.00396	0.09469
11	0.01270	0.00778	0.00989	0.00887	0.01115	0.00723	0.00682	0.01651	0.06239	0.14125	0.51953	0.04352	0.10205	0.01232	0.00737	0.00205	0.00360	0.01071	0.00714	0.00711
12	0.01386	0.05282	0.01715	0.12507	0.01993	0.05812	0.03839	0.01828	0.09732	0.04002	0.06444	0.02166	0.03286	0.01656	0.15020	0.00378	0.19336	0.00661	0.02220	0.00736
13	0.01008	0.00863	0.03759	0.00898	0.01149	0.00730	0.00722	0.01381	0.04778	0.02389	0.48829	0.04064	0.08946	0.01401	0.05329	0.00243	0.00453	0.01000	0.00618	0.11441
14	0.00791	0.00617	0.00719	0.00776	0.00910	0.00544	0.00550	0.00950	0.01416	0.01804	0.13024	0.35637	0.36436	0.01762	0.00789	0.00235	0.00345	0.01539	0.00613	0.00544
15	0.01678	0.38934	0.19377	0.08539	0.05016	0.13069	0.01524	0.02033	0.01407	0.01687	0.01010	0.01219	0.00838	0.00594	0.00517	0.00167	0.00843	0.00417	0.00287	0.00843
16	0.01537	0.44873	0.34526	0.01430	0.02161	0.02091	0.01671	0.01984	0.01336	0.01752	0.01014	0.01181	0.00824	0.00580	0.00503	0.00168	0.00807	0.00404	0.00275	0.00885
17	0.06408	0.01214	0.01558	0.01145	0.01680	0.01015	0.07890	0.05019	0.01409	0.02205	0.01263	0.03454	0.01086	0.03234	0.00618	0.00142	0.00556	0.00487	0.00397	0.59222
18	0.01509	0.05615	0.06019	0.01054	0.01644	0.01047	0.00917	0.04470	0.01441	0.07070	0.01247	0.01392	0.00991	0.00525	0.00502	0.00116	0.00534	0.00413	0.00409	0.63086
19	0.00806	0.00573	0.00754	0.00881	0.00923	0.00537	0.00586	0.00924	0.01256	0.01685	0.08083	0.67170	0.04265	0.07051	0.00987	0.00283	0.00387	0.01732	0.00593	0.00521
20	0.01571	0.01415	0.06062	0.24597	0.02511	0.07186	0.01284	0.07427	0.12518	0.09585	0.08373	0.07868	0.05031	0.00914	0.00670	0.00211	0.00684	0.00770	0.00503	0.00820
21	0.01590	0.10130	0.25731	0.03273	0.02274	0.11177	0.07983	0.04770	0.17847	0.02125	0.01614	0.05846	0.01309	0.00754	0.00627	0.00200	0.00822	0.00623	0.00407	0.00899
22	0.01563	0.02399	0.35475	0.04996	0.12376	0.03740	0.10894	0.06709	0.06384	0.05580	0.02847	0.01648	0.01112	0.00654	0.00647	0.00204	0.00871	0.00576	0.00373	0.00952
23	0.04449	0.01152	0.01397	0.01034	0.01563	0.00945	0.02386	0.04389	0.01466	0.13065	0.01417	0.01546	0.01092	0.00686	0.02796	0.00152	0.00546	0.00454	0.02854	0.56612
24	0.01296	0.03342	0.73944	0.01842	0.02797	0.01501	0.02387	0.02046	0.01364	0.02046	0.01160	0.01364	0.00818	0.00614	0.00614	0.00205	0.00955	0.00477	0.00273	0.00955
25	0.05800	0.01270	0.01519	0.01266	0.05439	0.01199	0.00956	0.11232	0.01533	0.04283	0.01272	0.03141	0.01075	0.02224	0.00756	0.00158	0.08823	0.00490	0.00422	0.47142
26	0.00940	0.00626	0.00705	0.00705	0.00705	0.00626	0.00392	0.00940	0.00940	0.01253	0.02036	0.04228	0.02349	0.77292	0.03289	0.00626	0.00626	0.00940	0.00392	0.00392
27	0.01420	0.42283	0.04291	0.01068	0.01479	0.03769	0.02502	0.01703	0.04742	0.01632	0.02240	0.05122	0.14213	0.06166	0.04648	0.00246	0.00685	0.00675	0.00379	0.00736
28	0.01819	0.44537	0.12602	0.01336	0.01898	0.02243	0.01330	0.18235	0.01705	0.02196	0.01085	0.01228	0.00893	0.00652	0.00610	0.00170	0.05760	0.00434	0.00364	0.00902
29	0.03675	0.01320	0.03681	0.06652	0.03927	0.01217	0.08499	0.10618	0.07193	0.13248	0.01842	0.01938	0.04368	0.00693	0.00599	0.00172	0.00616	0.00594	0.05860	0.23288
30	0.10080	0.09341	0.04438	0.01365	0.01861	0.09710	0.01161	0.35457	0.04973	0.13156	0.01532	0.01528	0.01099	0.00726	0.00592	0.00188	0.00716	0.00530	0.00561	0.00988
31	0.05135	0.08726	0.08914	0.03566	0.07170	0.18967	0.01320	0.14012	0.13347	0.10302	0.01552	0.01597	0.01156	0.00709	0.00600	0.00189	0.00790	0.00534	0.00480	0.00935
32	0.06363	0.02854	0.03026	0.01037	0.01198	0.00935	0.00834	0.01240	0.01066	0.01604	0.01802	0.02569	0.04130	0.08623	0.56145	0.00855	0.04082	0.00690	0.00356	0.00594

[dist]
# distance from previous block
# <min> <max>
0	1

[block]
# block no. 1 follows, 34 sequences, length 92
# corresponding to MSA columns:
# 209-300
name=unknown_B
#
# <colnr> <probs for GDERKNQSTAVLIFYWHMCP>
#	G	D	E	R	K	N	Q	S	T	A	V	L	I	F	Y	W	H	M	C	P
0	0.08971	0.03549	0.01411	0.01015	0.01539	0.01079	0.00821	0.06292	0.05193	0.07293	0.01319	0.01448	0.01041	0.00596	0.00549	0.02015	0.00511	0.00433	0.00439	0.54486
1	0.06618	0.20792	0.15692	0.01550	0.02082	0.18617	0.06436	0.08420	0.06664	0.02070	0.01180	0.01342	0.00938	0.00663	0.00633	0.00184	0.04420	0.00476	0.00361	0.00862
2	0.06091	0.01027	0.01131	0.04295	0.01429	0.01094	0.00820	0.05335	0.25933	0.04772	0.11763	0.10797	0.20541	0.01200	0.00696	0.00218	0.00452	0.01012	0.00616	0.00778
3	0.01336	0.01148	0.01360	0.03482	0.01630	0.00881	0.00800	0.01628	0.01338	0.02090	0.01148	0.01353	0.00954	0.00484	0.00484	0.00100	0.00491	0.00389	0.00380	0.78523
4	0.00764	0.00655	0.00655	0.00655	0.00873	0.00545	0.00491	0.00927	0.01473	0.01745	0.06546	0.06218	0.73000	0.01636	0.00764	0.00218	0.00327	0.01364	0.00600	0.00545
5	0.02899	0.01100	0.01499	0.01150	0.01649	0.00950	0.00950	0.03149	0.01849	0.73709	0.02549	0.02199	0.01599	0.00800	0.00650	0.00200	0.00550	0.00650	0.00800	0.01100
6	0.00774	0.00649	0.00673	0.00680	0.00882	0.00548	0.00505	0.00943	0.01479	0.01790	0.10331	0.10647	0.64603	0.01642	0.00767	0.00220	0.00329	0.01382	0.00607	0.00548
7	0.01727	0.77681	0.03386	0.01106	0.01658	0.02557	0.01106	0.01935	0.01313	0.01520	0.00898	0.01036	0.00829	0.00553	0.00415	0.00138	0.00691	0.00345	0.00276	0.00829
8	0.00940	0.00626	0.00705	0.00705	0.00705	0.00626	0.00392	0.00940	0.00940	0.01253	0.02036	0.04228	0.02349	0.77292	0.03289	0.00626	0.00626	0.00940	0.00392	0.00392
9	0.81856	0.01250	0.00950	0.00850	0.01250	0.01449	0.00700	0.01899	0.01100	0.02899	0.00900	0.01050	0.00700	0.00600	0.00400	0.00200	0.00500	0.00350	0.00400	0.00700
10	0.02401	0.01782	0.01908	0.01475	0.01983	0.01978	0.01215	0.66671	0.07565	0.03982	0.01622	0.01608	0.01156	0.00782	0.00647	0.00196	0.00698	0.00591	0.00647	0.01094
11	0.01628	0.01330	0.01448	0.01260	0.01527	0.07931	0.01001	0.25692	0.01813	0.02433	0.01578	0.02055	0.01347	0.04760	0.33688	0.00582	0.05162	0.00626	0.03363	0.00777
12	0.01666	0.02541	0.30049	0.03870	0.13053	0.15195	0.09410	0.06485	0.05825	0.02116	0.01259	0.01487	0.00958	0.00649	0.00670	0.00199	0.02768	0.00538	0.00344	0.00919
13	0.00862	0.00632	0.00809	0.00821	0.00947	0.00578	0.00594	0.01096	0.01621	0.02230	0.45900	0.25764	0.12631	0.01557	0.00780	0.00222	0.00327	0.01382	0.00667	0.00578
14	0.01264	0.01193	0.02017	0.67504	0.12346	0.01447	0.01816	0.01689	0.01313	0.01704	0.01156	0.01708	0.00880	0.00638	0.00645	0.00213	0.00851	0.00574	0.00291	0.00753
15	0.02899	0.01100	0.01499	0.01150	0.01649	0.00950	0.00950	0.03149	0.01849	0.73709	0.02549	0.02199	0.01599	0.00800	0.00650	0.00200	0.00550	0.00650	0.00800	0.01100
16	0.81856	0.01250	0.00950	0.00850	0.01250	0.01449	0.00700	0.01899	0.01100	0.02899	0.00900	0.01050	0.00700	0.00600	0.00400	0.00200	0.00500	0.00350	0.00400	0.00700
17	0.00925	0.00663	0.00901	0.00905	0.00974	0.00729	0.00641	0.01063	0.01007	0.01409	0.01906	0.05536	0.01982	0.32704	0.44839	0.00855	0.01262	0.00824	0.00372	0.00504
18	0.11436	0.01019	0.01101	0.01004	0.01280	0.01095	0.00777	0.02165	0.28126	0.04335	0.31335	0.03469	0.08158	0.01071	0.00674	0.00210	0.00414	0.00901	0.00647	0.00784
19	0.05874	0.06372	0.01844	0.01527	0.01905	0.51739	0.01182	0.12035	0.01942	0.06312	0.02754	0.01350	0.01026	0.00695	0.00583	0.00173	0.00993	0.00463	0.00413	0.00817
20	0.01557	0.03435	0.07023	0.06505	0.07601	0.05962	0.37072	0.07221	0.01574	0.02081	0.01562	0.01976	0.04832	0.04042	0.00887	0.00230	0.04530	0.00709	0.00360	0.00841
21	0.06225	0.06793	0.10464	0.01648	0.09399	0.10724	0.01320	0.16500	0.06229	0.19667	0.01619	0.01629	0.01156	0.00702	0.00603	0.00188	0.00733	0.00540	0.00522	0.03340
22	0.03454	0.06431	0.09553	0.09109	0.04350	0.07096	0.01175	0.04073	0.15359	0.07915	0.09920	0.09713	0.03802	0.04300	0.00768	0.00224	0.00642	0.00793	0.00506	0.00816
23	0.01340	0.01148	0.01340	0.00957	0.01531	0.00861	0.00766	0.01627	0.01340	0.02105	0.01148	0.01340	0.00957	0.00479	0.00479	0.00096	0.00479	0.00383	0.00383	0.81242
24	0.02203	0.01541	0.01703	0.01365	0.01817	0.01687	0.01109	0.41988	0.18527	0.12269	0.04113	0.01972	0.01536	0.00997	0.03911	0.00238	0.00678	0.00647	0.00657	0.01044
25	0.01264	0.01197	0.01659	0.01474	0.01483	0.01611	0.01188	0.01393	0.01025	0.01543	0.01384	0.13114	0.01514	0.07498	0.04470	0.00333	0.56068	0.00792	0.00342	0.00650
26	0.00968	0.04156	0.00948	0.00811	0.01020	0.03384	0.00622	0.01257	0.03903	0.02183	0.39180	0.04990	0.31483	0.01372	0.00738	0.00205	0.00368	0.01167	0.00634	0.00613
27	0.00939	0.00628	0.00715	0.00715	0.00718	0.00632	0.00404	0.00946	0.00943	0.01260	0.02027	0.04177	0.02327	0.75076	0.05474	0.00639	0.00660	0.00932	0.00390	0.00397
28	0.01412	0.04999	0.01447	0.01031	0.01541	0.01096	0.00830	0.04231	0.13715	0.02252	0.04017	0.01776	0.03350	0.00623	0.00530	0.00130	0.00492	0.00503	0.00451	0.55576
29	0.02208	0.02517	0.01713	0.01544	0.01893	0.50923	0.01172	0.02845	0.21570	0.05068	0.01525	0.01561	0.01186	0.00731	0.00607	0.00183	0.00954	0.00515	0.00445	0.00841
30	0.01316	0.01320	0.06477	0.46929	0.18533	0.01370	0.01738	0.01741	0.01399	0.03597	0.08070	0.01983	0.01412	0.00697	0.00654	0.00208	0.00787	0.00627	0.00346	0.00796
31	0.00791	0.00584	0.00729	0.00841	0.00912	0.00534	0.00567	0.00907	0.01268	0.01647	0.04067	0.59148	0.17669	0.05935	0.00943	0.00273	0.00379	0.01696	0.00589	0.00522
32	0.01902	0.01274	0.01441	0.01238	0.01625	0.01378	0.00978	0.06747	0.45005	0.19975	0.08962	0.02534	0.02212	0.00893	0.00665	0.00212	0.00512	0.00743	0.00696	0.01008
33	0.01298	0.01228	0.02079	0.60915	0.18663	0.01456	0.01833	0.01719	0.01329	0.01746	0.01162	0.01697	0.00895	0.00631	0.00645	0.00210	0.00842	0.00575	0.00294	0.00781
34	0.00997	0.00734	0.01023	0.00995	0.01056	0.00852	0.00731	0.01105	0.00987	0.01401	0.01665	0.02830	0.01690	0.23994	0.40839	0.08681	0.08829	0.00734	0.00346	0.00510
35	0.01255	0.01184	0.02000	0.69195	0.10724	0.01445	0.01812	0.01681	0.01308	0.01693	0.01155	0.01711	0.00876	0.00640	0.00645	0.00213	0.00853	0.00574	0.00290	0.00746
36	0.01727	0.68359	0.09757	0.01174	0.01762	0.02407	0.01217	0.01985	0.01335	0.03967	0.00977	0.01105	0.00854	0.00567	0.00441	0.00146	0.00710	0.00368	0.00293	0.00850
37	0.01220	0.01148	0.01938	0.75739	0.04450	0.01436	0.01794	0.01651	0.01292	0.01651	0.01148	0.01723	0.00861	0.00646	0.00646	0.00215	0.00861	0.00574	0.00287	0.00718
38	0.01568	0.01503	0.02566	0.09893	0.67579	0.01527	0.01967	0.01956	0.01456	0.02073	0.01210	0.01609	0.01010	0.00582	0.00640	0.00194	0.00775	0.00576	0.00317	0.00998
39	0.01149	0.00767	0.01016	0.06537	0.03062	0.00745	0.00802	0.01422	0.05133	0.10320	0.03656	0.39071	0.15190	0.01596	0.00772	0.00243	0.00458	0.06811	0.00596	0.00655
40	0.02311	0.02172	0.02024	0.01652	0.02092	0.31297	0.09892	0.20823	0.04440	0.12292	0.01529	0.01717	0.01156	0.00741	0.00644	0.00191	0.00910	0.02708	0.00499	0.00910
41	0.01463	0.01399	0.02366	0.28465	0.47249	0.01516	0.01899	0.01855	0.01393	0.01934	0.01180	0.01635	0.00962	0.00619	0.00693	0.00203	0.03379	0.00575	0.00307	0.00908
42	0.01928	0.01727	0.01533	0.01365	0.01726	0.19269	0.01057	0.03070	0.42495	0.11200	0.02175	0.02088	0.01630	0.01026	0.04561	0.00247	0.00740	0.00642	0.00580	0.00942
43	0.00925	0.00649	0.00849	0.00930	0.00995	0.00653	0.00675	0.01064	0.01182	0.01576	0.02789	0.24312	0.03153	0.27777	0.10462	0.00488	0.00682	0.19837	0.00498	0.00505
44	0.01593	0.01375	0.01455	0.01296	0.01672	0.01568	0.01009	0.03338	0.68347	0.02671	0.02551	0.02354	0.01919	0.00856	0.00648	0.00213	0.00510	0.00712	0.00643	0.05271
45	0.00954	0.00625	0.00699	0.00699	0.00707	0.00625	0.00395	0.00970	0.00962	0.01314	0.02040	0.04132	0.02312	0.73239	0.03138	0.00601	0.00609	0.00922	0.04654	0.00403
46	0.00827	0.00676	0.00732	0.00714	0.00919	0.00591	0.00537	0.01073	0.03498	0.01995	0.23995	0.05746	0.53362	0.01532	0.00760	0.00214	0.00326	0.01295	0.00631	0.00575
47	0.81856	0.01250	0.00950	0.00850	0.01250	0.01449	0.00700	0.01899	0.01100	0.02899	0.00900	0.01050	0.00700	0.00600	0.00400	0.00200	0.00500	0.00350	0.00400	0.00700
48	0.02263	0.02838	0.01795	0.06055	0.02099	0.66409	0.01258	0.02449	0.01757	0.01581	0.01046	0.01271	0.00875	0.00886	0.04514	0.00216	0.01177	0.00440	0.00331	0.00738
49	0.01758	0.74401	0.03317	0.01130	0.01673	0.05729	0.01112	0.01963	0.01336	0.01523	0.00903	0.01042	0.00829	0.00558	0.00422	0.00139	0.00712	0.00349	0.00279	0.00826
50	0.01421	0.01155	0.01237	0.01129	0.01430	0.01294	0.00872	0.02769	0.50178	0.02619	0.13923	0.02921	0.04917	0.00958	0.00653	0.00208	0.00447	0.00806	0.10172	0.00891
51	0.06595	0.01741	0.01472	0.04581	0.01707	0.24433	0.01029	0.17744	0.01808	0.02249	0.01769	0.19481	0.01747	0.01113	0.00798	0.04495	0.03255	0.00815	0.02429	0.00742
52	0.00792	0.00566	0.00754	0.00897	0.00938	0.00528	0.00600	0.00911	0.01257	0.01682	0.05936	0.74404	0.04336	0.02000	0.00823	0.00260	0.00372	0.01814	0.00604	0.00528
53	0.01727	0.77681	0.03386	0.01106	0.01658	0.02557	0.01106	0.01935	0.01313	0.01520	0.00898	0.01036	0.00829	0.00553	0.00415	0.00138	0.00691	0.00345	0.00276	0.00829
54	0.01572	0.01632	0.02954	0.02212	0.02710	0.08099	0.46852	0.01986	0.01501	0.06214	0.01632	0.11015	0.01429	0.00929	0.03470	0.00249	0.03491	0.00848	0.00389	0.00815
55	0.02374	0.01351	0.01588	0.01267	0.01738	0.01377	0.01028	0.19627	0.20959	0.34500	0.02265	0.02060	0.01549	0.00800	0.00643	0.00199	0.00575	0.00643	0.00705	0.04753
56	0.00907	0.00693	0.00836	0.00803	0.00978	0.00642	0.00601	0.01247	0.05432	0.02336	0.48936	0.08359	0.23013	0.01411	0.00760	0.00211	0.00325	0.01226	0.00675	0.00611
57	0.01219	0.01114	0.01854	0.71037	0.04219	0.01383	0.01710	0.01642	0.01296	0.01698	0.01208	0.01766	0.00911	0.00653	0.00634	0.00211	0.00826	0.00576	0.05331	0.00711
58	0.04709	0.01400	0.01547	0.01265	0.01674	0.01503	0.01016	0.36103	0.12632	0.12740	0.05925	0.09488	0.05144	0.00977	0.00669	0.00207	0.00582	0.00794	0.00657	0.00968
59	0.01515	0.01713	0.03645	0.02630	0.03224	0.01665	0.64578	0.02023	0.01476	0.02023	0.01265	0.01713	0.00968	0.00598	0.00886	0.00224	0.07929	0.00745	0.00323	0.00856
60	0.02577	0.01524	0.01756	0.01357	0.01858	0.01589	0.01123	0.44680	0.02567	0.29139	0.01962	0.01942	0.01351	0.00812	0.00654	0.00199	0.00650	0.02474	0.00700	0.01085
61	0.01446	0.01379	0.02345	0.33032	0.45395	0.01495	0.01907	0.01848	0.01399	0.01925	0.01188	0.01649	0.00958	0.00604	0.00642	0.00201	0.00806	0.00575	0.00307	0.00900
62	0.02291	0.01759	0.01876	0.04873	0.02075	0.03805	0.01229	0.57578	0.11677	0.03723	0.01655	0.01658	0.01192	0.00780	0.00646	0.00197	0.00704	0.00596	0.00623	0.01063
63	0.01386	0.01147	0.01345	0.00963	0.01535	0.00864	0.00771	0.01672	0.01355	0.04207	0.01190	0.01365	0.00976	0.00488	0.00484	0.00099	0.00481	0.00391	0.00395	0.78890
64	0.00937	0.00638	0.00764	0.00764	0.00784	0.00658	0.00465	0.00978	0.00957	0.01297	0.01982	0.03929	0.02219	0.64477	0.15926	0.00699	0.00822	0.00896	0.00383	0.00424
65	0.01727	0.77681	0.03386	0.01106	0.01658	0.02557	0.01106	0.01935	0.01313	0.01520	0.00898	0.01036	0.00829	0.00553	0.00415	0.00138	0.00691	0.00345	0.00276	0.00829
66	0.81856	0.01250	0.00950	0.00850	0.01250	0.01449	0.00700	0.01899	0.01100	0.02899	0.00900	0.01050	0.00700	0.00600	0.00400	0.00200	0.00500	0.00350	0.00400	0.00700
67	0.01962	0.01418	0.01554	0.01196	0.01698	0.04496	0.00963	0.24082	0.04364	0.13511	0.01642	0.05028	0.01280	0.00714	0.00584	0.00158	0.00590	0.00566	0.00547	0.33648
68	0.00881	0.00637	0.00791	0.00878	0.00963	0.00605	0.00633	0.01018	0.01261	0.01633	0.03651	0.30257	0.15306	0.20792	0.01449	0.00355	0.00482	0.17351	0.00546	0.00511
69	0.00848	0.00652	0.00776	0.00758	0.00928	0.00579	0.00564	0.01086	0.01653	0.02205	0.42887	0.10185	0.31564	0.01489	0.00767	0.00213	0.00318	0.01288	0.00661	0.00579
70	0.01765	0.01382	0.01491	0.01298	0.01680	0.01558	0.01021	0.11655	0.54988	0.07774	0.06214	0.02418	0.02057	0.00882	0.00661	0.00214	0.00528	0.00730	0.00669	0.01016
71	0.02414	0.03079	0.01831	0.01665	0.01998	0.74698	0.01248	0.02580	0.01831	0.01581	0.00999	0.01165	0.00832	0.00666	0.00583	0.00166	0.01165	0.00416	0.00333	0.00749
72	0.01122	0.00561	0.00842	0.00842	0.00842	0.00561	0.00561	0.00842	0.00842	0.01122	0.01122	0.01964	0.01122	0.02245	0.02525	0.81201	0.00561	0.00561	0.00281	0.00281
73	0.01710	0.51623	0.19448	0.01342	0.01961	0.10958	0.01418	0.02038	0.01387	0.01649	0.00970	0.01127	0.00827	0.00580	0.00481	0.00157	0.00809	0.00384	0.00282	0.00849
74	0.00924	0.00684	0.01001	0.01016	0.01121	0.00778	0.00780	0.01136	0.01065	0.01512	0.01930	0.06456	0.01906	0.09775	0.62143	0.00932	0.01526	0.04378	0.00375	0.00562
75	0.01276	0.00869	0.01061	0.00966	0.01204	0.00867	0.00746	0.01904	0.17218	0.10111	0.45642	0.04142	0.06827	0.01193	0.00731	0.00210	0.00386	0.03196	0.00701	0.00750
76	0.01348	0.12335	0.65409	0.01753	0.02659	0.01628	0.02232	0.02033	0.01358	0.01983	0.01128	0.01325	0.00820	0.00606	0.00590	0.00197	0.00923	0.00461	0.00273	0.00940
77	0.01555	0.48023	0.31536	0.01399	0.02112	0.02135	0.01617	0.01979	0.01333	0.01730	0.01003	0.01167	0.00825	0.00577	0.00494	0.00165	0.00796	0.00398	0.00275	0.00879
78	0.00832	0.00677	0.00750	0.00787	0.00988	0.00595	0.00627	0.01029	0.01476	0.01792	0.05771	0.06484	0.55820	0.01673	0.00796	0.00238	0.00394	0.18113	0.00599	0.00558
79	0.00867	0.00617	0.00832	0.00974	0.01042	0.00592	0.00717	0.01028	0.01296	0.01713	0.03451	0.53509	0.04026	0.05406	0.00957	0.00289	0.00450	0.21106	0.00589	0.00539
80	0.04121	0.15026	0.37837	0.01703	0.02454	0.01660	0.10887	0.06564	0.01532	0.10401	0.01313	0.01458	0.00946	0.00626	0.00600	0.00194	0.00853	0.00516	0.00369	0.00941
81	0.00923	0.00692	0.01038	0.01038	0.01154	0.00808	0.00808	0.01154	0.01038	0.01500	0.01731	0.02538	0.01615	0.04846	0.74732	0.01038	0.01731	0.00692	0.00346	0.00577
82	0.01584	0.01368	0.01439	0.01297	0.01658	0.01578	0.01008	0.03364	0.70131	0.02676	0.02739	0.02517	0.03947	0.00898	0.00660	0.00219	0.00506	0.00748	0.00656	0.01009
83	0.00933	0.00623	0.00707	0.00714	0.00715	0.00622	0.00401	0.00938	0.00953	0.01271	0.02106	0.07558	0.02437	0.73842	0.03176	0.00610	0.00615	0.00981	0.00401	0.00398
84	0.01739	0.01942	0.01977	0.01843	0.06722	0.24657	0.01401	0.01905	0.01286	0.01602	0.00920	0.01349	0.00855	0.00947	0.01538	0.00240	0.47515	0.00520	0.00301	0.00742
85	0.01414	0.01414	0.01979	0.01696	0.01696	0.01979	0.01414	0.01555	0.00990	0.01555	0.00848	0.01414	0.00848	0.01131	0.02120	0.00283	0.76110	0.00565	0.00283	0.00707
86	0.00787	0.00562	0.00750	0.00900	0.00937	0.00525	0.00600	0.00900	0.01237	0.01649	0.03561	0.76871	0.04274	0.02024	0.00825	0.00262	0.00375	0.01837	0.00600	0.00525
87	0.79569	0.03431	0.01019	0.00857	0.01261	0.01481	0.00711	0.01900	0.01106	0.02860	0.00900	0.01049	0.00703	0.00598	0.00400	0.00198	0.00505	0.00350	0.00396	0.00703
88	0.00959	0.00697	0.00892	0.00830	0.00996	0.00652	0.00626	0.03417	0.01858	0.02617	0.69018	0.04758	0.07603	0.01312	0.00758	0.00203	0.00318	0.01155	0.00706	0.00624
89	0.01499	0.01520	0.02089	0.06207	0.07472	0.12289	0.19861	0.05909	0.06478	0.02228	0.18891	0.06722	0.04149	0.00903	0.00709	0.00206	0.00755	0.00845	0.00480	0.00788
90	0.30926	0.01362	0.01307	0.01042	0.01520	0.04777	0.00842	0.09966	0.04749	0.07317	0.01257	0.01356	0.00962	0.00605	0.00494	0.00161	0.00552	0.00429	0.00457	0.29921
91	0.04381	0.23114	0.11821	0.01589	0.02095	0.28160	0.08497	0.02288	0.04773	0.03857	0.01137	0.01306	0.00916	0.00640	0.00602	0.00177	0.03016	0.00464	0.00338	0.00830

[dist]
# distance from previous block
# <min> <max>
0	1

[block]
# block no. 2 follows, 34 sequences, length 51
# corresponding to MSA columns:
# 302-352
name=unknown_C
#
# <colnr> <probs for GDERKNQSTAVLIFYWHMCP>
#	G	D	E	R	K	N	Q	S	T	A	V	L	I	F	Y	W	H	M	C	P
0	0.26196	0.13707	0.03551	0.01340	0.01724	0.36006	0.01098	0.02209	0.01475	0.01979	0.00949	0.01129	0.00792	0.00653	0.00586	0.00179	0.04941	0.00395	0.00340	0.00749
1	0.73625	0.01290	0.01052	0.02842	0.01391	0.01492	0.00769	0.07244	0.01254	0.02957	0.00957	0.01106	0.00735	0.00615	0.00425	0.00200	0.00526	0.00374	0.00416	0.00731
2	0.00847	0.00658	0.00770	0.00742	0.00924	0.00581	0.00556	0.01088	0.01669	0.02211	0.43067	0.05452	0.36187	0.01463	0.00763	0.00210	0.00315	0.01256	0.00661	0.00581
3	0.01827	0.01514	0.01763	0.08847	0.04554	0.03972	0.02893	0.28653	0.06597	0.02840	0.01401	0.01542	0.01067	0.00647	0.00588	0.00162	0.00658	0.00519	0.00488	0.29469
4	0.02415	0.03037	0.01835	0.01659	0.01998	0.72265	0.01248	0.04874	0.01871	0.01665	0.01017	0.01178	0.00841	0.00670	0.00585	0.00167	0.01150	0.00422	0.00343	0.00761
5	0.01444	0.01145	0.01351	0.00970	0.01539	0.00867	0.00778	0.01729	0.01374	0.06911	0.01242	0.01398	0.01000	0.00500	0.00490	0.00103	0.00483	0.00401	0.00411	0.75864
6	0.00804	0.00625	0.00734	0.00790	0.00930	0.00555	0.00571	0.00973	0.01431	0.01825	0.13648	0.32243	0.35964	0.01747	0.00792	0.00236	0.00354	0.04616	0.00614	0.00548
7	0.00798	0.00615	0.00729	0.00787	0.00916	0.00546	0.00557	0.00961	0.01425	0.01835	0.15596	0.37105	0.32297	0.01758	0.00790	0.00235	0.00345	0.01542	0.00617	0.00546
8	0.00827	0.00633	0.00755	0.00825	0.00955	0.00573	0.00605	0.00992	0.01388	0.01767	0.09172	0.31191	0.31600	0.05573	0.00929	0.00264	0.00393	0.10423	0.00596	0.00541
9	0.01879	0.01890	0.01590	0.01423	0.01787	0.22420	0.01097	0.06590	0.48638	0.02453	0.02112	0.02013	0.01604	0.00812	0.00636	0.00203	0.00707	0.00634	0.00565	0.00949
10	0.01296	0.03342	0.73944	0.01842	0.02797	0.01501	0.02387	0.02046	0.01364	0.02046	0.01160	0.01364	0.00818	0.00614	0.00614	0.00205	0.00955	0.00477	0.00273	0.00955
11	0.01402	0.01350	0.02163	0.43430	0.29875	0.03610	0.01802	0.01801	0.01377	0.01841	0.01169	0.01643	0.00925	0.00613	0.00634	0.00200	0.00818	0.00561	0.00305	0.04482
12	0.00847	0.00605	0.00818	0.00968	0.01032	0.00576	0.00704	0.01003	0.01296	0.01716	0.03528	0.60503	0.04143	0.01968	0.00841	0.00271	0.00427	0.17615	0.00599	0.00541
13	0.09202	0.01112	0.01456	0.01126	0.01618	0.00990	0.00930	0.03049	0.01789	0.68056	0.02417	0.02107	0.01528	0.00784	0.00630	0.00200	0.00546	0.00626	0.00768	0.01068
14	0.01632	0.01175	0.01269	0.01128	0.01454	0.01300	0.00881	0.05944	0.44058	0.08706	0.05991	0.02475	0.02039	0.00861	0.00617	0.00201	0.00467	0.00711	0.18172	0.00920
15	0.00845	0.00629	0.00800	0.00860	0.00974	0.00565	0.00601	0.01013	0.01388	0.01878	0.17717	0.50078	0.11694	0.01743	0.00784	0.00235	0.00362	0.01560	0.00609	0.05664
16	0.01571	0.01639	0.03466	0.04796	0.03181	0.01560	0.60389	0.02069	0.01513	0.06326	0.01438	0.04206	0.01117	0.00627	0.00791	0.00220	0.03084	0.00780	0.00362	0.00865
17	0.02494	0.01692	0.01860	0.01432	0.01942	0.01837	0.01181	0.59014	0.05049	0.14227	0.01732	0.01673	0.01200	0.00782	0.00647	0.00196	0.00681	0.00596	0.00669	0.01097
18	0.01525	0.01743	0.03813	0.02723	0.03377	0.01634	0.70915	0.02070	0.01525	0.02070	0.01307	0.01743	0.00980	0.00545	0.00763	0.00218	0.01089	0.00763	0.00327	0.00871
19	0.01220	0.01148	0.01938	0.75739	0.04450	0.01436	0.01794	0.01651	0.01292	0.01651	0.01148	0.01723	0.00861	0.00646	0.00646	0.00215	0.00861	0.00574	0.00287	0.00718
20	0.02380	0.01744	0.05289	0.01689	0.07804	0.07608	0.05229	0.31366	0.04201	0.23418	0.01762	0.01735	0.01218	0.00739	0.00647	0.00196	0.00734	0.00597	0.00603	0.01042
21	0.02371	0.02940	0.01937	0.01708	0.02067	0.66881	0.04747	0.06465	0.01885	0.01748	0.01046	0.01216	0.00855	0.00666	0.00595	0.00171	0.01135	0.00443	0.00350	0.00775
22	0.01112	0.00565	0.00834	0.00834	0.00834	0.00565	0.00552	0.00847	0.00847	0.01130	0.01174	0.02093	0.01192	0.06519	0.02569	0.76612	0.00565	0.00583	0.00287	0.00287
23	0.00923	0.00692	0.01038	0.01038	0.01154	0.00808	0.00808	0.01154	0.01038	0.01500	0.01731	0.02538	0.01615	0.04846	0.74732	0.01038	0.01731	0.00692	0.00346	0.00577
24	0.01486	0.02017	0.15814	0.02572	0.03278	0.01611	0.59188	0.02066	0.01498	0.02066	0.01282	0.01678	0.00953	0.00557	0.00737	0.00216	0.01066	0.00714	0.00318	0.00886
25	0.00856	0.00654	0.00794	0.00870	0.00987	0.00616	0.00618	0.01117	0.05946	0.01841	0.10810	0.45654	0.20854	0.01781	0.00796	0.00245	0.00373	0.04004	0.00614	0.00573
26	0.00799	0.00571	0.00762	0.00905	0.00950	0.00534	0.00613	0.00924	0.01266	0.01692	0.06056	0.72232	0.04323	0.01992	0.00824	0.00261	0.00379	0.03783	0.00604	0.00530
27	0.00939	0.00631	0.00727	0.00727	0.00735	0.00639	0.00419	0.00954	0.00946	0.01269	0.02015	0.04115	0.02300	0.72431	0.08083	0.00654	0.00701	0.00923	0.00388	0.00404
28	0.01296	0.03342	0.73944	0.01842	0.02797	0.01501	0.02387	0.02046	0.01364	0.02046	0.01160	0.01364	0.00818	0.00614	0.00614	0.00205	0.00955	0.00477	0.00273	0.00955
29	0.03419	0.01039	0.01098	0.00971	0.01262	0.01124	0.00761	0.10889	0.23051	0.07501	0.02199	0.02258	0.01657	0.00793	0.00551	0.00181	0.00437	0.00636	0.39346	0.00827
30	0.00933	0.00651	0.00829	0.00829	0.00872	0.00694	0.00546	0.01019	0.00976	0.01345	0.01922	0.03599	0.02076	0.50313	0.29894	0.00780	0.01038	0.00848	0.00375	0.00461
31	0.23076	0.19970	0.01960	0.01303	0.01696	0.32723	0.01068	0.02223	0.01480	0.04374	0.00995	0.01151	0.00824	0.00648	0.00567	0.00175	0.04254	0.00397	0.00351	0.00765
32	0.01147	0.00790	0.00962	0.00916	0.01113	0.00765	0.00692	0.05400	0.06997	0.06876	0.33052	0.18790	0.13034	0.01406	0.00751	0.00219	0.00386	0.03552	0.02481	0.00674
33	0.01577	0.01415	0.04300	0.01261	0.01841	0.01193	0.07349	0.15104	0.03407	0.02493	0.01277	0.01444	0.01006	0.00556	0.00546	0.00133	0.00597	0.00468	0.00431	0.53600
34	0.24189	0.01888	0.12639	0.02241	0.18860	0.06970	0.17805	0.04246	0.01441	0.02337	0.01135	0.01411	0.00881	0.00594	0.00593	0.00200	0.00823	0.00530	0.00349	0.00869
35	0.01178	0.00719	0.00948	0.00858	0.01056	0.00655	0.00655	0.01476	0.01832	0.12045	0.63566	0.04477	0.05499	0.01252	0.00747	0.00203	0.00337	0.01100	0.00723	0.00675
36	0.01911	0.01421	0.01544	0.01322	0.01729	0.01589	0.01047	0.14516	0.51836	0.11937	0.02442	0.02243	0.01782	0.00850	0.00655	0.00213	0.00549	0.00696	0.00674	0.01045
37	0.00942	0.00632	0.00728	0.00741	0.00752	0.00631	0.00439	0.00964	0.00983	0.01308	0.02168	0.06427	0.02491	0.70332	0.03066	0.00595	0.00617	0.05364	0.00410	0.00408
38	0.76746	0.01240	0.00985	0.00869	0.01275	0.01417	0.00716	0.01980	0.01148	0.07482	0.01006	0.01124	0.00758	0.00613	0.00416	0.00200	0.00503	0.00369	0.00426	0.00726
39	0.00787	0.00645	0.00693	0.00702	0.00892	0.00552	0.00519	0.00964	0.01496	0.01850	0.15202	0.13651	0.56537	0.01636	0.00770	0.00221	0.00329	0.01388	0.00615	0.00552
40	0.01700	0.72869	0.07953	0.01153	0.01732	0.02488	0.01189	0.01942	0.01316	0.01554	0.00915	0.01058	0.00828	0.00557	0.00427	0.00142	0.00708	0.00354	0.00276	0.00837
41	0.16863	0.06601	0.01830	0.01351	0.01834	0.07657	0.01118	0.46847	0.02448	0.05410	0.01375	0.01415	0.01002	0.00721	0.00582	0.00189	0.00703	0.00513	0.00557	0.00981
42	0.00863	0.00649	0.00947	0.01029	0.01116	0.00613	0.04193	0.01028	0.01303	0.01737	0.05429	0.61445	0.04084	0.01897	0.00829	0.00263	0.00439	0.10992	0.00589	0.00554
43	0.00928	0.00630	0.00748	0.00758	0.00774	0.00642	0.00455	0.00963	0.00971	0.01308	0.02098	0.08727	0.02385	0.63692	0.11737	0.00652	0.00743	0.00968	0.00400	0.00422
44	0.14518	0.01398	0.01588	0.01236	0.01727	0.01434	0.01021	0.29389	0.02200	0.36055	0.01915	0.01776	0.01270	0.00761	0.00611	0.00198	0.00605	0.00579	0.00680	0.01040
45	0.00938	0.00634	0.00744	0.00744	0.00758	0.00648	0.00441	0.00965	0.00951	0.01282	0.02000	0.04027	0.02262	0.68667	0.11794	0.00675	0.00758	0.00910	0.00386	0.00414
46	0.00966	0.00748	0.01091	0.01066	0.01162	0.00892	0.00824	0.01170	0.01026	0.01484	0.01681	0.02585	0.01612	0.10641	0.62502	0.00939	0.07991	0.00702	0.00345	0.00572
47	0.23966	0.01480	0.01510	0.01244	0.01656	0.13155	0.04519	0.02483	0.01546	0.32117	0.01677	0.01691	0.01175	0.00978	0.05325	0.00251	0.03268	0.00536	0.00545	0.00876
48	0.02051	0.02757	0.10895	0.01662	0.02041	0.52286	0.03405	0.02302	0.01646	0.01650	0.01132	0.03389	0.00976	0.00967	0.05021	0.00234	0.05999	0.00499	0.00330	0.00760
49	0.02108	0.02489	0.01810	0.06577	0.02104	0.50592	0.03604	0.04256	0.10469	0.01829	0.01283	0.01463	0.01031	0.00796	0.02276	0.00200	0.02875	0.00497	0.02955	0.00784
50	0.16542	0.16728	0.10658	0.01278	0.01812	0.03517	0.03530	0.10617	0.07642	0.04683	0.01269	0.01387	0.00987	0.00642	0.00575	0.00175	0.03116	0.00464	0.00415	0.13962

[dist]
# distance from previous block
# <min> <max>
0	3

[block]
# block no. 3 follows, 34 sequences, length 202
# corresponding to MSA columns:
# 356-557
name=unknown_D
#
# <colnr> <probs for GDERKNQSTAVLIFYWHMCP>
#	G	D	E	R	K	N	Q	S	T	A	V	L	I	F	Y	W	H	M	C	P
0	0.11555	0.13618	0.04286	0.01589	0.08130	0.17895	0.01219	0.16846	0.08622	0.02464	0.03930	0.01524	0.01195	0.00717	0.00630	0.00186	0.03761	0.00513	0.00439	0.00880
1	0.02217	0.01595	0.04232	0.01811	0.12546	0.01608	0.04797	0.35046	0.06237	0.16551	0.01753	0.01776	0.01244	0.00738	0.00642	0.00196	0.00684	0.00609	0.04677	0.01042
2	0.01816	0.15802	0.01928	0.01313	0.01747	0.01873	0.01083	0.18039	0.43617	0.02782	0.02068	0.01964	0.01566	0.00794	0.00609	0.00198	0.00589	0.00626	0.00583	0.01003
3	0.81856	0.01250	0.00950	0.00850	0.01250	0.01449	0.00700	0.01899	0.01100	0.02899	0.00900	0.01050	0.00700	0.00600	0.00400	0.00200	0.00500	0.00350	0.00400	0.00700
4	0.00790	0.00586	0.00740	0.00860	0.00937	0.00536	0.00592	0.00918	0.01291	0.01677	0.04146	0.60818	0.17814	0.01940	0.00815	0.00255	0.00372	0.03783	0.00600	0.00531
5	0.00966	0.00679	0.00870	0.00830	0.01001	0.00622	0.00636	0.01251	0.01761	0.04649	0.57588	0.05091	0.14113	0.01377	0.00768	0.00212	0.00336	0.05942	0.00692	0.00616
6	0.00789	0.00656	0.00682	0.00682	0.00886	0.00559	0.00511	0.00959	0.01476	0.01787	0.10679	0.06077	0.63763	0.04630	0.00868	0.00236	0.00345	0.03272	0.00599	0.00545
7	0.20296	0.20743	0.02043	0.01295	0.01746	0.21087	0.01083	0.20338	0.01855	0.02522	0.01097	0.01209	0.00872	0.00652	0.00516	0.00174	0.00777	0.00427	0.00417	0.00850
8	0.01658	0.01054	0.01110	0.00946	0.01230	0.01126	0.00749	0.27636	0.01983	0.03004	0.01957	0.05050	0.01551	0.00812	0.00540	0.00171	0.00458	0.00644	0.47535	0.00786
9	0.66467	0.01451	0.01133	0.00986	0.01395	0.06877	0.00804	0.10296	0.01387	0.02944	0.00986	0.01119	0.00758	0.00626	0.00443	0.00197	0.00574	0.00383	0.00425	0.00751
10	0.02045	0.02470	0.01843	0.01648	0.01870	0.49349	0.01281	0.02207	0.01540	0.01570	0.00983	0.01299	0.00870	0.00983	0.04159	0.00239	0.24124	0.00473	0.00318	0.00729
11	0.04443	0.03103	0.64181	0.01890	0.02794	0.01512	0.09096	0.02043	0.01370	0.02082	0.01164	0.01389	0.00830	0.00606	0.00620	0.00206	0.00951	0.00501	0.00283	0.00937
12	0.01662	0.66353	0.14137	0.01218	0.01832	0.02396	0.01301	0.01952	0.01321	0.01600	0.00938	0.01086	0.00828	0.00562	0.00445	0.00148	0.00731	0.00366	0.00276	0.00848
13	0.01632	0.01400	0.01475	0.01320	0.01690	0.01619	0.01029	0.05407	0.70080	0.02743	0.02598	0.02386	0.01947	0.00874	0.00657	0.00218	0.00517	0.00726	0.00657	0.01025
14	0.02090	0.11579	0.01970	0.01505	0.01829	0.39636	0.01198	0.10522	0.04359	0.01958	0.01155	0.01350	0.00956	0.00746	0.00788	0.00184	0.11870	0.00471	0.05037	0.00796
15	0.00887	0.00659	0.00826	0.00784	0.00949	0.00598	0.00588	0.01166	0.01764	0.02438	0.60879	0.05079	0.18234	0.01378	0.00762	0.00206	0.00309	0.01204	0.00691	0.00598
16	0.00777	0.00655	0.00673	0.00668	0.00881	0.00551	0.00501	0.00952	0.01503	0.01818	0.12256	0.06099	0.67244	0.01609	0.00764	0.00217	0.00325	0.01347	0.00610	0.00551
17	0.01340	0.01148	0.01340	0.00957	0.01531	0.00861	0.00766	0.01627	0.01340	0.02105	0.01148	0.01340	0.00957	0.00479	0.00479	0.00096	0.00479	0.00383	0.00383	0.81242
18	0.00860	0.00658	0.00788	0.00756	0.00932	0.00586	0.00567	0.01114	0.01700	0.02285	0.48911	0.05330	0.30297	0.01435	0.00763	0.00209	0.00313	0.01239	0.00671	0.00586
19	0.00878	0.00659	0.00813	0.00775	0.00943	0.00594	0.00581	0.01149	0.01743	0.02388	0.56955	0.05161	0.22190	0.01397	0.00762	0.00207	0.00310	0.01215	0.00685	0.00594
20	0.09645	0.32669	0.15576	0.01635	0.08627	0.10542	0.06025	0.02024	0.01393	0.01886	0.01061	0.01265	0.00875	0.00591	0.00515	0.00170	0.00794	0.00437	0.03428	0.00842
21	0.81856	0.01250	0.00950	0.00850	0.01250	0.01449	0.00700	0.01899	0.01100	0.02899	0.00900	0.01050	0.00700	0.00600	0.00400	0.00200	0.00500	0.00350	0.00400	0.00700
22	0.01690	0.01508	0.04670	0.15912	0.34289	0.03487	0.11910	0.02090	0.01518	0.11841	0.03786	0.01813	0.01225	0.00643	0.00662	0.00201	0.00803	0.00625	0.00393	0.00933
23	0.68291	0.01226	0.01037	0.00893	0.01313	0.01360	0.00735	0.02052	0.01208	0.12160	0.01126	0.01212	0.00828	0.00621	0.00436	0.00196	0.00506	0.00391	0.00452	0.03957
24	0.01032	0.00730	0.00832	0.00797	0.01021	0.00654	0.00621	0.03535	0.01625	0.06799	0.20034	0.05483	0.43029	0.01472	0.00755	0.00218	0.00374	0.07390	0.02980	0.00621
25	0.00802	0.00573	0.00765	0.00909	0.00955	0.00536	0.00619	0.00927	0.01265	0.01689	0.05586	0.71848	0.04304	0.01994	0.00826	0.00262	0.00382	0.04627	0.00603	0.00530
26	0.04338	0.01490	0.01640	0.01383	0.01791	0.01679	0.03391	0.23960	0.43402	0.03063	0.02240	0.05201	0.01728	0.00874	0.00657	0.00213	0.00586	0.00720	0.00633	0.01010
27	0.01426	0.25829	0.52601	0.01619	0.02452	0.01820	0.02000	0.02013	0.01349	0.01887	0.01081	0.01265	0.00822	0.00595	0.00554	0.00185	0.00875	0.00438	0.00274	0.00917
28	0.02621	0.01146	0.01460	0.01141	0.01602	0.01068	0.00935	0.11216	0.04738	0.55183	0.02387	0.02151	0.01559	0.00795	0.00629	0.00195	0.00542	0.00640	0.08945	0.01046
29	0.01599	0.01535	0.02623	0.03966	0.73262	0.01535	0.01983	0.01983	0.01471	0.02111	0.01215	0.01599	0.01023	0.00576	0.00640	0.00192	0.00768	0.00576	0.00320	0.01023
30	0.01220	0.01148	0.01938	0.75739	0.04450	0.01436	0.01794	0.01651	0.01292	0.01651	0.01148	0.01723	0.00861	0.00646	0.00646	0.00215	0.00861	0.00574	0.00287	0.00718
31	0.00768	0.00655	0.00661	0.00659	0.00876	0.00547	0.00495	0.00936	0.01484	0.01772	0.08590	0.06175	0.70939	0.01627	0.00764	0.00218	0.00327	0.01358	0.00603	0.00547
32	0.02287	0.12396	0.04690	0.01601	0.01985	0.62993	0.01273	0.02480	0.01749	0.01591	0.00992	0.01157	0.00831	0.00650	0.00563	0.00164	0.01098	0.00410	0.00324	0.00767
33	0.01122	0.00561	0.00842	0.00842	0.00842	0.00561	0.00561	0.00842	0.00842	0.01122	0.01122	0.01964	0.01122	0.02245	0.02525	0.81201	0.00561	0.00561	0.00281	0.00281
34	0.81856	0.01250	0.00950	0.00850	0.01250	0.01449	0.00700	0.01899	0.01100	0.02899	0.00900	0.01050	0.00700	0.00600	0.00400	0.00200	0.00500	0.00350	0.00400	0.00700
35	0.81856	0.01250	0.00950	0.00850	0.01250	0.01449	0.00700	0.01899	0.01100	0.02899	0.00900	0.01050	0.00700	0.00600	0.00400	0.00200	0.00500	0.00350	0.00400	0.00700
36	0.01777	0.01759	0.02077	0.26104	0.02862	0.17147	0.07649	0.12516	0.01654	0.04245	0.01179	0.01537	0.00922	0.00756	0.00918	0.00214	0.14948	0.00559	0.00370	0.00806
37	0.01539	0.01671	0.03321	0.02440	0.02940	0.01727	0.52324	0.04845	0.01468	0.02038	0.01214	0.01661	0.00956	0.00687	0.01064	0.00231	0.17991	0.00711	0.00330	0.00844
38	0.02694	0.01429	0.01703	0.01306	0.01814	0.01438	0.01079	0.34639	0.02400	0.41442	0.02087	0.01899	0.01367	0.00789	0.00648	0.00197	0.00625	0.00618	0.00729	0.01099
39	0.01244	0.00835	0.01000	0.00906	0.01151	0.00806	0.00697	0.01769	0.13563	0.11182	0.38973	0.04380	0.18446	0.01246	0.00731	0.00209	0.00374	0.01071	0.00690	0.00726
40	0.10156	0.49527	0.17444	0.01259	0.01870	0.04484	0.01333	0.04284	0.01375	0.01861	0.00977	0.01126	0.00822	0.00581	0.00467	0.00161	0.00740	0.00383	0.00303	0.00848
41	0.00926	0.00681	0.00979	0.00979	0.01074	0.00775	0.00733	0.01116	0.01021	0.01456	0.01785	0.02840	0.01746	0.17779	0.61978	0.00965	0.01534	0.00736	0.00354	0.00544
42	0.00796	0.00568	0.00759	0.00909	0.00951	0.00532	0.00615	0.00914	0.01245	0.01659	0.03557	0.74547	0.04255	0.02016	0.00827	0.00264	0.00382	0.04076	0.00600	0.00527
43	0.02193	0.01901	0.01877	0.01728	0.09239	0.14926	0.01258	0.35483	0.17258	0.05035	0.01673	0.01687	0.01242	0.00757	0.00637	0.00194	0.00752	0.00585	0.00563	0.01012
44	0.12383	0.20159	0.04148	0.01392	0.01846	0.29390	0.01172	0.18217	0.01882	0.02326	0.01095	0.01215	0.00876	0.00655	0.00535	0.00172	0.00857	0.00431	0.00399	0.00849
45	0.00810	0.00583	0.00771	0.00903	0.00961	0.00544	0.00624	0.00947	0.01296	0.01726	0.07760	0.65707	0.06894	0.01954	0.00823	0.00259	0.00383	0.05916	0.00606	0.00535
46	0.00874	0.00624	0.00849	0.00999	0.01075	0.00600	0.00751	0.01050	0.01323	0.01747	0.03513	0.53064	0.04084	0.01942	0.00848	0.00274	0.00450	0.24786	0.00598	0.00549
47	0.02291	0.01391	0.01606	0.01300	0.01749	0.01470	0.01053	0.24418	0.23225	0.27626	0.02227	0.02074	0.01555	0.00985	0.03754	0.00239	0.00638	0.00654	0.00690	0.01054
48	0.00803	0.00573	0.00768	0.00918	0.00962	0.00538	0.00627	0.00927	0.01253	0.01667	0.03553	0.72580	0.04239	0.02010	0.00829	0.00265	0.00388	0.05973	0.00599	0.00529
49	0.01599	0.01535	0.02623	0.03966	0.73262	0.01535	0.01983	0.01983	0.01471	0.02111	0.01215	0.01599	0.01023	0.00576	0.00640	0.00192	0.00768	0.00576	0.00320	0.01023
50	0.00923	0.00692	0.01038	0.01038	0.01154	0.00808	0.00808	0.01154	0.01038	0.01500	0.01731	0.02538	0.01615	0.04846	0.74732	0.01038	0.01731	0.00692	0.00346	0.00577
51	0.01340	0.01148	0.01340	0.00957	0.01531	0.00861	0.00766	0.01627	0.01340	0.02105	0.01148	0.01340	0.00957	0.00479	0.00479	0.00096	0.00479	0.00383	0.00383	0.81242
52	0.00923	0.00692	0.01038	0.01038	0.01154	0.00808	0.00808	0.01154	0.01038	0.01500	0.01731	0.02538	0.01615	0.04846	0.74732	0.01038	0.01731	0.00692	0.00346	0.00577
53	0.00940	0.00626	0.00705	0.00705	0.00705	0.00626	0.00392	0.00940	0.00940	0.01253	0.02036	0.04228	0.02349	0.77292	0.03289	0.00626	0.00626	0.00940	0.00392	0.00392
54	0.01340	0.01148	0.01340	0.00957	0.01531	0.00861	0.00766	0.01627	0.01340	0.02105	0.01148	0.01340	0.00957	0.00479	0.00479	0.00096	0.00479	0.00383	0.00383	0.81242
55	0.01740	0.01333	0.01434	0.01246	0.01627	0.01476	0.00982	0.12120	0.48274	0.09272	0.02934	0.02719	0.10072	0.00944	0.00668	0.00214	0.00520	0.00777	0.00662	0.00984
56	0.01599	0.01535	0.02623	0.03966	0.73262	0.01535	0.01983	0.01983	0.01471	0.02111	0.01215	0.01599	0.01023	0.00576	0.00640	0.00192	0.00768	0.00576	0.00320	0.01023
57	0.00890	0.00664	0.00862	0.00934	0.01060	0.00594	0.00664	0.01045	0.01275	0.01741	0.03198	0.59605	0.03741	0.01778	0.00781	0.00241	0.00410	0.07688	0.00568	0.12261
58	0.02284	0.01769	0.01803	0.01437	0.01904	0.07076	0.01166	0.50309	0.14164	0.06324	0.03944	0.01791	0.01397	0.00802	0.00647	0.00197	0.00692	0.00615	0.00634	0.01046
59	0.06497	0.14230	0.06958	0.01294	0.01708	0.13534	0.01118	0.08627	0.16553	0.02166	0.01528	0.01713	0.01240	0.01450	0.14135	0.00336	0.00919	0.00536	0.00426	0.05032
60	0.01284	0.00984	0.01236	0.01115	0.01286	0.03261	0.04564	0.12272	0.01440	0.03719	0.02141	0.19013	0.02247	0.24075	0.15735	0.00500	0.03038	0.00988	0.00470	0.00633
61	0.01511	0.01701	0.03580	0.02593	0.03164	0.01678	0.62096	0.02004	0.01457	0.02004	0.01249	0.01701	0.00964	0.00619	0.00935	0.00226	0.10608	0.00738	0.00321	0.00851
62	0.00930	0.00664	0.00895	0.00895	0.00961	0.00730	0.00629	0.01062	0.00996	0.01394	0.01862	0.03264	0.01931	0.35973	0.44036	0.00861	0.01256	0.00799	0.00366	0.00497
