[name]
unknown

[dist]
# distance from previous block
# <min> <max>
0	31

[block]
# block no. 0 follows, 34 sequences, length 10
# corresponding to MSA columns:
# 31-40
name=unknown_A
#
# <colnr> <probs for GDERKNQSTAVLIFYWHMCP>
#	G	D	E	R	K	N	Q	S	T	A	V	L	I	F	Y	W	H	M	C	P
0	0.06233	0.19819	0.17818	0.04090	0.06392	0.01640	0.01424	0.11676	0.01600	0.02234	0.01551	0.02396	0.01404	0.00824	0.00603	0.00196	0.00720	0.12878	0.00403	0.06099
1	0.14623	0.18601	0.08010	0.01460	0.05184	0.19909	0.03246	0.09306	0.01641	0.05433	0.01482	0.01588	0.05571	0.00699	0.00549	0.00179	0.00788	0.00502	0.00397	0.00832
2	0.06342	0.18819	0.21578	0.01544	0.02159	0.10180	0.08041	0.05574	0.05927	0.11902	0.01383	0.01476	0.01023	0.00649	0.00578	0.00186	0.00814	0.00506	0.00407	0.00912
3	0.06689	0.27029	0.24278	0.01606	0.06205	0.06693	0.04466	0.04459	0.03937	0.07251	0.01223	0.01358	0.00941	0.00620	0.00546	0.00180	0.00796	0.00465	0.00355	0.00903
4	0.07422	0.11465	0.12722	0.01440	0.03694	0.10110	0.04902	0.11046	0.03025	0.02182	0.03869	0.19533	0.01872	0.01006	0.00679	0.00206	0.02762	0.00829	0.00443	0.00794
5	0.00973	0.00811	0.01269	0.01321	0.05431	0.00783	0.09155	0.01259	0.05667	0.01792	0.03098	0.58913	0.03549	0.01692	0.00796	0.00250	0.00492	0.01567	0.00554	0.00626
6	0.07876	0.09857	0.14290	0.14147	0.08562	0.09973	0.08452	0.05101	0.01445	0.01979	0.01242	0.05750	0.01066	0.00737	0.00729	0.00204	0.06843	0.00589	0.00339	0.00818
7	0.09355	0.21190	0.11602	0.05383	0.12261	0.09104	0.01398	0.07413	0.01483	0.02035	0.01262	0.07329	0.01143	0.00757	0.00662	0.00191	0.05670	0.00567	0.00356	0.00837
8	0.00814	0.00562	0.00757	0.00895	0.00930	0.00528	0.00597	0.00895	0.01206	0.01607	0.03367	0.70890	0.04022	0.02042	0.00960	0.06724	0.00390	0.01735	0.00574	0.00505
9	0.64036	0.06142	0.04178	0.01133	0.05413	0.06320	0.00900	0.01957	0.01192	0.02650	0.00934	0.01100	0.00739	0.00600	0.00435	0.00194	0.00588	0.00372	0.00378	0.00739

[dist]
# distance from previous block
# <min> <max>
0	1

[block]
# block no. 1 follows, 34 sequences, length 54
# corresponding to MSA columns:
# 42-95
name=unknown_B
#
# <colnr> <probs for GDERKNQSTAVLIFYWHMCP>
#	G	D	E	R	K	N	Q	S	T	A	V	L	I	F	Y	W	H	M	C	P
0	0.00980	0.00668	0.00861	0.00826	0.00986	0.00609	0.00614	0.01245	0.01721	0.05818	0.54563	0.14084	0.11751	0.01415	0.00765	0.00212	0.00328	0.01247	0.00691	0.00617
1	0.04708	0.13435	0.14971	0.01718	0.02236	0.31762	0.11585	0.02281	0.01571	0.05244	0.01123	0.01322	0.00884	0.00646	0.00649	0.00184	0.04034	0.00482	0.00336	0.00828
2	0.05207	0.00718	0.00878	0.00858	0.01047	0.00668	0.00657	0.01316	0.01608	0.07841	0.34421	0.14962	0.18108	0.01446	0.00756	0.00223	0.00376	0.07628	0.00654	0.00627
3	0.00888	0.00671	0.00937	0.04349	0.01200	0.00642	0.02379	0.01107	0.01472	0.01993	0.25773	0.38315	0.08113	0.01658	0.00798	0.00241	0.00410	0.07863	0.00614	0.00577
4	0.02268	0.12414	0.02096	0.01392	0.01919	0.01993	0.01175	0.56047	0.02665	0.03562	0.01429	0.01463	0.01050	0.00721	0.00601	0.00179	0.00690	0.00533	0.00574	0.07228
5	0.01516	0.01718	0.03672	0.02644	0.03248	0.01661	0.65567	0.02030	0.01484	0.02030	0.01272	0.01718	0.00970	0.00590	0.00867	0.00223	0.06862	0.00747	0.00323	0.00859
6	0.02143	0.05454	0.02137	0.03504	0.02141	0.07966	0.09160	0.38874	0.11822	0.05254	0.01586	0.01651	0.01168	0.00753	0.00695	0.00199	0.03347	0.00598	0.00550	0.00997
7	0.02156	0.01778	0.07290	0.01428	0.01916	0.04389	0.01221	0.42027	0.15315	0.08632	0.01847	0.04172	0.01393	0.02543	0.00709	0.00211	0.00685	0.00648	0.00612	0.01027
8	0.00786	0.00565	0.00746	0.00891	0.00935	0.00526	0.00596	0.00901	0.01245	0.01653	0.03664	0.74450	0.06629	0.02011	0.00823	0.00261	0.00373	0.01821	0.00600	0.00526
9	0.01296	0.03342	0.73944	0.01842	0.02797	0.01501	0.02387	0.02046	0.01364	0.02046	0.01160	0.01364	0.00818	0.00614	0.00614	0.00205	0.00955	0.00477	0.00273	0.00955
10	0.03990	0.03931	0.07974	0.05814	0.05864	0.14367	0.37752	0.02220	0.01565	0.08265	0.01319	0.01611	0.00982	0.00601	0.00681	0.00203	0.00995	0.00633	0.00364	0.00869
11	0.01482	0.01569	0.05252	0.19736	0.35625	0.01539	0.21379	0.01935	0.01442	0.01993	0.01224	0.01659	0.00968	0.00584	0.00675	0.00205	0.00886	0.00625	0.00313	0.00909
12	0.00765	0.00650	0.00659	0.00667	0.00876	0.00544	0.00497	0.00926	0.01461	0.01741	0.06392	0.09859	0.69458	0.01656	0.00767	0.00220	0.00330	0.01388	0.00600	0.00544
13	0.14396	0.02552	0.45055	0.01640	0.02403	0.01473	0.06357	0.05093	0.04031	0.09183	0.01331	0.01465	0.00939	0.00641	0.00596	0.00204	0.00826	0.00506	0.00377	0.00931
14	0.02059	0.06234	0.02032	0.05015	0.13486	0.19263	0.01344	0.24657	0.12943	0.02643	0.01461	0.01574	0.01127	0.00723	0.00654	0.00191	0.02618	0.00550	0.00476	0.00951
15	0.02143	0.28174	0.02346	0.01445	0.01867	0.41318	0.01187	0.07283	0.05363	0.01796	0.01088	0.01213	0.00909	0.00646	0.00534	0.00162	0.00939	0.00420	0.00353	0.00815
16	0.02175	0.00939	0.01252	0.01020	0.01397	0.00820	0.00819	0.02427	0.01793	0.48270	0.19928	0.05716	0.08499	0.01035	0.00692	0.00204	0.00467	0.00873	0.00755	0.00917
17	0.01696	0.06056	0.16961	0.02007	0.02632	0.06333	0.29616	0.07821	0.12591	0.05534	0.01518	0.01703	0.01122	0.00648	0.00673	0.00205	0.00902	0.00637	0.00412	0.00930
18	0.04998	0.05876	0.01785	0.01518	0.05200	0.18394	0.03011	0.17635	0.12662	0.05441	0.01822	0.07772	0.03357	0.01018	0.03395	0.00230	0.03838	0.00677	0.00498	0.00871
19	0.01061	0.00750	0.01063	0.01105	0.03598	0.00734	0.03897	0.01208	0.01261	0.06756	0.03081	0.41483	0.07726	0.14373	0.03039	0.00332	0.03705	0.03701	0.00538	0.00589
20	0.01228	0.00983	0.01053	0.00968	0.01241	0.00999	0.00748	0.13751	0.14457	0.02340	0.05903	0.12729	0.36239	0.01390	0.00735	0.00221	0.00441	0.03224	0.00621	0.00729
21	0.02090	0.18734	0.02183	0.04993	0.06002	0.37355	0.01252	0.10701	0.05340	0.01964	0.01278	0.01418	0.02663	0.00683	0.00568	0.00171	0.00918	0.00476	0.00379	0.00832
22	0.03285	0.01571	0.05788	0.08803	0.20009	0.01489	0.31390	0.04478	0.04727	0.02124	0.01542	0.08921	0.01334	0.00731	0.00705	0.00214	0.00864	0.00775	0.00374	0.00877
23	0.01547	0.01645	0.03241	0.03015	0.25764	0.01618	0.42389	0.02074	0.04457	0.02085	0.01311	0.01709	0.01030	0.00597	0.00784	0.00213	0.04574	0.00691	0.00336	0.00919
24	0.01509	0.01170	0.01666	0.01408	0.01728	0.01198	0.12878	0.13992	0.14243	0.07711	0.02582	0.32001	0.02545	0.01257	0.00740	0.00230	0.00594	0.01148	0.00586	0.00816
25	0.00852	0.00779	0.04593	0.02685	0.01141	0.00670	0.00738	0.01027	0.01294	0.01710	0.06000	0.48998	0.17631	0.01893	0.03680	0.00278	0.03380	0.01528	0.00557	0.00567
26	0.01436	0.12731	0.45537	0.01939	0.08004	0.03417	0.08639	0.03894	0.01433	0.02011	0.01252	0.04559	0.01005	0.00661	0.00613	0.00197	0.00892	0.00554	0.00308	0.00916
27	0.01504	0.01873	0.09628	0.02442	0.03060	0.05722	0.55499	0.02019	0.01529	0.02044	0.04127	0.04677	0.01281	0.00644	0.00742	0.00215	0.01024	0.00775	0.00348	0.00848
28	0.01296	0.03342	0.73944	0.01842	0.02797	0.01501	0.02387	0.02046	0.01364	0.02046	0.01160	0.01364	0.00818	0.00614	0.00614	0.00205	0.00955	0.00477	0.00273	0.00955
29	0.01343	0.04839	0.32614	0.08636	0.02655	0.03451	0.15086	0.01940	0.05340	0.01945	0.01517	0.10298	0.01323	0.00812	0.00754	0.00217	0.05323	0.00713	0.00347	0.00846
30	0.05037	0.07502	0.02281	0.02367	0.27363	0.09131	0.07103	0.08319	0.09200	0.13072	0.01545	0.01675	0.01167	0.00665	0.00621	0.00192	0.00754	0.00576	0.00458	0.00973
31	0.01179	0.01093	0.01826	0.68656	0.04118	0.01349	0.01681	0.01580	0.01287	0.01651	0.01377	0.08835	0.01184	0.00776	0.00663	0.00220	0.00815	0.00694	0.00317	0.00700
32	0.00793	0.00565	0.00748	0.00892	0.00928	0.00529	0.00592	0.00901	0.01226	0.01634	0.03503	0.74084	0.04200	0.04912	0.00919	0.00276	0.00385	0.01802	0.00592	0.00520
33	0.01442	0.14750	0.53628	0.01839	0.05820	0.01696	0.04613	0.05353	0.01448	0.02065	0.01145	0.01346	0.00849	0.00608	0.00591	0.00194	0.00898	0.00477	0.00295	0.00942
34	0.01236	0.01164	0.01966	0.72831	0.07239	0.01440	0.01802	0.01664	0.01299	0.01670	0.01151	0.01718	0.00868	0.00643	0.00646	0.00214	0.00858	0.00574	0.00288	0.00730
35	0.02028	0.01189	0.01452	0.01199	0.01568	0.01246	0.00970	0.23460	0.05614	0.23819	0.04232	0.02194	0.01613	0.01909	0.20742	0.00425	0.00900	0.00659	0.03865	0.00918
36	0.01549	0.02009	0.18017	0.04128	0.12894	0.10194	0.17818	0.02113	0.07332	0.04627	0.01896	0.04215	0.06643	0.00779	0.00680	0.00208	0.00856	0.02775	0.00394	0.00872
37	0.02112	0.05943	0.14601	0.01633	0.02095	0.49314	0.01421	0.04902	0.08524	0.01855	0.01199	0.01328	0.00949	0.00676	0.00591	0.00178	0.01030	0.00460	0.00362	0.00827
38	0.02057	0.01111	0.01644	0.01864	0.20923	0.01035	0.01157	0.03799	0.01634	0.36414	0.02395	0.18974	0.02039	0.01016	0.00687	0.00212	0.00573	0.00898	0.00621	0.00948
39	0.00841	0.00627	0.00874	0.07978	0.01271	0.00625	0.00714	0.00992	0.01251	0.01671	0.05899	0.62860	0.03891	0.03990	0.03024	0.00288	0.00465	0.01634	0.00561	0.00544
40	0.05654	0.20653	0.12278	0.02001	0.14690	0.06230	0.10957	0.03696	0.08851	0.02053	0.03006	0.01549	0.01132	0.00655	0.00649	0.00190	0.03966	0.00541	0.00359	0.00891
41	0.01308	0.01200	0.01962	0.15608	0.40096	0.01233	0.01540	0.01644	0.01450	0.02002	0.09485	0.11330	0.06597	0.00911	0.00684	0.00207	0.00659	0.00842	0.00408	0.00835
42	0.00946	0.00652	0.00829	0.00883	0.00976	0.00658	0.00633	0.02617	0.01344	0.01930	0.10953	0.41951	0.05619	0.01920	0.07895	0.00308	0.03085	0.01346	0.14883	0.00573
43	0.01252	0.01216	0.01884	0.19053	0.11822	0.05945	0.12567	0.01560	0.01394	0.01828	0.06929	0.23240	0.02274	0.03040	0.00827	0.00234	0.02794	0.01004	0.00422	0.00714
44	0.10855	0.01568	0.04955	0.02086	0.14886	0.03032	0.16337	0.12059	0.09211	0.02432	0.01524	0.05968	0.01278	0.00956	0.04145	0.00251	0.06467	0.00677	0.00427	0.00883
45	0.01516	0.01505	0.02707	0.15524	0.46511	0.01552	0.14666	0.01929	0.01435	0.02008	0.01209	0.01640	0.00983	0.00601	0.00714	0.00204	0.03437	0.00610	0.00314	0.00934
46	0.01301	0.01248	0.02157	0.25867	0.27146	0.01309	0.10479	0.01678	0.01426	0.01918	0.05364	0.06542	0.09130	0.00825	0.00687	0.00210	0.00747	0.00783	0.00375	0.00808
47	0.11846	0.09833	0.07299	0.14066	0.05708	0.15459	0.02945	0.12028	0.01710	0.05730	0.06383	0.01651	0.01288	0.00701	0.00588	0.00189	0.00787	0.00537	0.00417	0.00835
48	0.01481	0.01074	0.01265	0.01148	0.01384	0.01161	0.00877	0.19927	0.09859	0.06138	0.05460	0.29158	0.04474	0.04170	0.05160	0.00291	0.04488	0.01115	0.00595	0.00775
49	0.00788	0.00579	0.00739	0.00860	0.00928	0.00531	0.00584	0.00914	0.01291	0.01694	0.06207	0.63916	0.14715	0.01943	0.00814	0.00254	0.00365	0.01744	0.00603	0.00531
50	0.04502	0.01893	0.22647	0.15972	0.11504	0.04205	0.03306	0.03870	0.09105	0.03896	0.01628	0.09330	0.01401	0.03079	0.00725	0.00223	0.00774	0.00694	0.00392	0.00853
51	0.01318	0.01238	0.02040	0.60408	0.06584	0.01499	0.05293	0.04146	0.04592	0.01817	0.01228	0.01732	0.00932	0.00673	0.00712	0.00217	0.03898	0.00591	0.00319	0.00763
52	0.01622	0.01630	0.02439	0.14739	0.55609	0.08814	0.01881	0.01992	0.01480	0.01988	0.01184	0.01575	0.00980	0.00595	0.00635	0.00193	0.00822	0.00560	0.00316	0.00949
53	0.00922	0.00734	0.00841	0.05641	0.01166	0.03726	0.00657	0.01060	0.01302	0.01676	0.03788	0.40961	0.20503	0.05156	0.00944	0.03360	0.00442	0.01418	0.05163	0.00541

[dist]
# distance from previous block
# <min> <max>
0	2

[block]
# block no. 2 follows, 34 sequences, length 19
# corresponding to MSA columns:
# 98-116
name=unknown_C
#
# <colnr> <probs for GDERKNQSTAVLIFYWHMCP>
#	G	D	E	R	K	N	Q	S	T	A	V	L	I	F	Y	W	H	M	C	P
0	0.02026	0.02358	0.07938	0.01651	0.05384	0.38241	0.03843	0.05901	0.06815	0.06254	0.01557	0.04605	0.03351	0.00752	0.00615	0.00180	0.00911	0.00571	0.00417	0.06627
1	0.02439	0.01234	0.01631	0.01440	0.06831	0.01233	0.01087	0.05497	0.13952	0.47524	0.02285	0.02102	0.01540	0.00824	0.00776	0.00210	0.07011	0.00649	0.00691	0.01047
2	0.02000	0.01735	0.01648	0.01407	0.01814	0.11990	0.01109	0.22200	0.40624	0.05246	0.02096	0.01988	0.01556	0.00816	0.00644	0.00204	0.00660	0.00642	0.00613	0.01008
3	0.01248	0.01176	0.01987	0.70569	0.09407	0.01443	0.01808	0.01675	0.01305	0.01684	0.01153	0.01714	0.00873	0.00641	0.00646	0.00214	0.00855	0.00574	0.00289	0.00740
4	0.00766	0.00647	0.00663	0.00675	0.00878	0.00544	0.00500	0.00925	0.01453	0.01737	0.06291	0.12245	0.67137	0.01669	0.00769	0.00222	0.00331	0.01404	0.00600	0.00544
5	0.02395	0.01779	0.01905	0.01474	0.01980	0.01975	0.01213	0.66234	0.08011	0.03974	0.01629	0.01613	0.01162	0.00783	0.00647	0.00196	0.00697	0.00592	0.00647	0.01093
6	0.01170	0.00717	0.00924	0.00845	0.01049	0.00646	0.00643	0.01443	0.01766	0.12421	0.52491	0.07515	0.13237	0.01313	0.00749	0.00207	0.00345	0.01146	0.00706	0.00667
7	0.01401	0.01333	0.02265	0.41492	0.37284	0.01483	0.01884	0.01809	0.01378	0.01870	0.01180	0.01664	0.00939	0.00612	0.00643	0.00204	0.00817	0.00575	0.00303	0.00864
8	0.01921	0.04851	0.15383	0.01870	0.08193	0.06322	0.15717	0.04382	0.01623	0.22443	0.03431	0.03583	0.03288	0.00748	0.00709	0.00204	0.03256	0.00661	0.00480	0.00933
9	0.01650	0.01707	0.04084	0.10438	0.49353	0.10075	0.01793	0.02166	0.08505	0.02061	0.01323	0.01635	0.01074	0.00624	0.00635	0.00194	0.00802	0.00570	0.00351	0.00960
10	0.01088	0.00798	0.00883	0.00951	0.01061	0.05910	0.00661	0.01216	0.01338	0.07784	0.03450	0.57342	0.08678	0.04505	0.00877	0.00260	0.00452	0.01567	0.00590	0.00587
11	0.01461	0.01444	0.02628	0.32529	0.24479	0.01539	0.19793	0.04617	0.01475	0.01992	0.01226	0.01685	0.00950	0.00604	0.00674	0.00208	0.00887	0.00624	0.00321	0.00864
12	0.03569	0.07393	0.32571	0.02300	0.18258	0.06608	0.10632	0.02162	0.06594	0.02067	0.01263	0.01497	0.00967	0.00615	0.00621	0.00197	0.00883	0.00538	0.00326	0.00936
13	0.01516	0.11943	0.16075	0.02441	0.07811	0.01724	0.44973	0.02042	0.01465	0.01997	0.01221	0.01574	0.00935	0.00560	0.00682	0.00203	0.00992	0.00645	0.00310	0.00891
14	0.00796	0.00643	0.00724	0.00743	0.00916	0.00571	0.00547	0.00971	0.01433	0.01793	0.12274	0.17172	0.49142	0.01941	0.07083	0.00294	0.00452	0.01363	0.00589	0.00551
15	0.01782	0.10793	0.13721	0.02079	0.15537	0.06860	0.11694	0.08082	0.03868	0.10199	0.04028	0.03773	0.01318	0.00714	0.00673	0.00196	0.02716	0.00619	0.00423	0.00926
16	0.01598	0.23334	0.16400	0.04680	0.10910	0.07176	0.09005	0.04567	0.06952	0.01978	0.03452	0.01582	0.01160	0.00808	0.03562	0.00218	0.00852	0.00536	0.00350	0.00879
17	0.00786	0.00584	0.00734	0.00849	0.00925	0.00532	0.00579	0.00915	0.01302	0.01697	0.06291	0.60679	0.17918	0.01926	0.00811	0.00252	0.00363	0.01723	0.00603	0.00532
18	0.01475	0.11854	0.22574	0.02013	0.07261	0.06717	0.22708	0.01982	0.02790	0.01993	0.06502	0.04172	0.01481	0.00721	0.00660	0.00201	0.00880	0.02803	0.00356	0.00856

[dist]
# distance from previous block
# <min> <max>
0	1

[block]
# block no. 3 follows, 34 sequences, length 26
# corresponding to MSA columns:
# 118-143
name=unknown_D
#
# <colnr> <probs for GDERKNQSTAVLIFYWHMCP>
#	G	D	E	R	K	N	Q	S	T	A	V	L	I	F	Y	W	H	M	C	P
0	0.09804	0.13393	0.14374	0.01530	0.06025	0.15563	0.01331	0.07506	0.04034	0.02075	0.02884	0.03330	0.02815	0.01075	0.06583	0.00259	0.05682	0.00545	0.00375	0.00816
1	0.01448	0.27909	0.47779	0.01633	0.02443	0.01856	0.04687	0.02010	0.01354	0.01873	0.01079	0.01271	0.00828	0.00591	0.00554	0.00183	0.00873	0.00445	0.00276	0.00910
2	0.00836	0.00779	0.04964	0.00877	0.01047	0.00623	0.00691	0.01019	0.01326	0.01702	0.04397	0.34011	0.30353	0.04637	0.05599	0.00306	0.00498	0.05218	0.00557	0.00560
3	0.01528	0.01683	0.11634	0.12650	0.16554	0.08851	0.03728	0.01901	0.01444	0.06621	0.01622	0.01882	0.05589	0.00909	0.04881	0.00227	0.00815	0.00576	0.00373	0.16530
4	0.01569	0.08041	0.08438	0.07474	0.02061	0.04637	0.04568	0.06984	0.05586	0.04711	0.01294	0.01468	0.01013	0.00579	0.00547	0.00147	0.00655	0.00469	0.00401	0.39360
5	0.01261	0.00755	0.01015	0.00954	0.01153	0.00699	0.03442	0.01529	0.03578	0.13875	0.17871	0.30186	0.09259	0.01407	0.00728	0.00220	0.00409	0.01248	0.09734	0.00676
6	0.01140	0.01229	0.07555	0.14963	0.11298	0.01092	0.13244	0.01469	0.01347	0.01803	0.02504	0.23652	0.09815	0.04898	0.00857	0.00246	0.00688	0.01062	0.00425	0.00712
7	0.01560	0.07530	0.04403	0.19876	0.22200	0.05131	0.10016	0.04770	0.04724	0.04764	0.03634	0.01981	0.05182	0.00703	0.00647	0.00199	0.00788	0.00640	0.00382	0.00869
8	0.01720	0.72810	0.03263	0.01119	0.01660	0.02496	0.01100	0.02030	0.05832	0.01596	0.01009	0.01124	0.00902	0.00573	0.00430	0.00143	0.00680	0.00370	0.00301	0.00842
9	0.00883	0.00708	0.00776	0.00764	0.00970	0.00633	0.00582	0.04189	0.01592	0.02000	0.17292	0.09989	0.50399	0.01575	0.00769	0.00222	0.00359	0.05097	0.00621	0.00583
10	0.01684	0.08055	0.12521	0.20193	0.12927	0.12098	0.07228	0.06224	0.03567	0.05666	0.01325	0.03303	0.01044	0.00673	0.00627	0.00197	0.00863	0.00573	0.00364	0.00868
11	0.01742	0.51982	0.16663	0.01334	0.01963	0.02205	0.04024	0.06438	0.01467	0.05366	0.01087	0.01216	0.00888	0.00591	0.00492	0.00161	0.00751	0.00417	0.00327	0.00885
12	0.00781	0.00655	0.00678	0.00673	0.00883	0.00553	0.00504	0.00960	0.01513	0.01841	0.14078	0.06060	0.65407	0.01601	0.00763	0.00216	0.00325	0.01342	0.00613	0.00553
13	0.01468	0.01682	0.10734	0.08511	0.43591	0.01475	0.13106	0.01909	0.01443	0.02030	0.01476	0.01841	0.04270	0.00748	0.02742	0.00224	0.00855	0.00634	0.00327	0.00935
14	0.09458	0.04304	0.12937	0.12255	0.14779	0.05285	0.12137	0.08763	0.03647	0.06173	0.01371	0.03620	0.01072	0.00673	0.00629	0.00202	0.00814	0.00595	0.00392	0.00894
15	0.01220	0.01148	0.01938	0.75739	0.04450	0.01436	0.01794	0.01651	0.01292	0.01651	0.01148	0.01723	0.00861	0.00646	0.00646	0.00215	0.00861	0.00574	0.00287	0.00718
16	0.00785	0.00608	0.00716	0.00790	0.00911	0.00539	0.00554	0.00930	0.01373	0.01746	0.08922	0.42421	0.33764	0.01817	0.00795	0.00240	0.00350	0.01595	0.00606	0.00539
17	0.01662	0.01534	0.07708	0.13229	0.29232	0.04198	0.01595	0.06262	0.03591	0.10345	0.03178	0.05100	0.01358	0.00951	0.04358	0.00246	0.03474	0.00650	0.00418	0.00911
18	0.07023	0.16734	0.26351	0.01367	0.01976	0.03244	0.01445	0.08005	0.03717	0.13205	0.07034	0.04197	0.01515	0.00754	0.00589	0.00191	0.00713	0.00583	0.00452	0.00905
19	0.00961	0.00746	0.00824	0.00908	0.01015	0.04820	0.00631	0.01092	0.01340	0.04554	0.03933	0.56248	0.16871	0.01824	0.00792	0.00246	0.00418	0.01619	0.00592	0.00565
20	0.04977	0.05790	0.05177	0.11718	0.34619	0.01591	0.04839	0.11835	0.04339	0.02327	0.01416	0.05918	0.01203	0.00708	0.00635	0.00199	0.00745	0.00637	0.00391	0.00934
21	0.06859	0.06277	0.17741	0.01736	0.09551	0.13859	0.07310	0.02098	0.08709	0.02133	0.09317	0.02073	0.04473	0.00759	0.00618	0.00193	0.00767	0.00628	0.04066	0.00833
22	0.09201	0.10350	0.09500	0.01664	0.05581	0.13704	0.09751	0.16252	0.06206	0.04115	0.03376	0.01546	0.01146	0.00672	0.00595	0.00185	0.00800	0.00538	0.00433	0.04383
23	0.01581	0.03964	0.06433	0.01901	0.16098	0.17983	0.05575	0.03666	0.10825	0.02071	0.09158	0.06732	0.09448	0.00910	0.00665	0.00199	0.00738	0.00774	0.00455	0.00823
24	0.09826	0.09891	0.03348	0.03396	0.04633	0.12478	0.01095	0.14759	0.05340	0.02375	0.08974	0.02205	0.07778	0.01050	0.04091	0.00235	0.06615	0.00644	0.00464	0.00804
25	0.04927	0.03723	0.06802	0.09321	0.07029	0.06275	0.07045	0.10563	0.08962	0.08926	0.05568	0.04053	0.01505	0.00856	0.02654	0.00214	0.00734	0.00634	0.00473	0.09737

[dist]
# distance from previous block
# <min> <max>
1	15

[block]
# block no. 4 follows, 34 sequences, length 42
# corresponding to MSA columns:
# 159-200
name=unknown_E
#
# <colnr> <probs for GDERKNQSTAVLIFYWHMCP>
#	G	D	E	R	K	N	Q	S	T	A	V	L	I	F	Y	W	H	M	C	P
0	0.06680	0.08187	0.08537	0.01568	0.06081	0.10219	0.05618	0.11355	0.11840	0.06460	0.03834	0.01668	0.01277	0.00702	0.00645	0.00184	0.03342	0.00549	0.00457	0.10797
1	0.06546	0.06636	0.05856	0.07452	0.08565	0.07474	0.02930	0.08904	0.09891	0.05517	0.06074	0.07147	0.01737	0.06281	0.03398	0.00261	0.03347	0.00706	0.00460	0.00817
2	0.06037	0.31872	0.05904	0.01660	0.12961	0.01900	0.03357	0.09284	0.08048	0.03862	0.01485	0.03442	0.03252	0.00687	0.00544	0.00174	0.00673	0.00537	0.00399	0.03920
3	0.11625	0.03738	0.12979	0.01616	0.10081	0.08093	0.01304	0.14402	0.01694	0.04773	0.02980	0.03270	0.01141	0.00685	0.00616	0.00177	0.02945	0.00521	0.00424	0.16936
4	0.19847	0.11017	0.09702	0.01514	0.02037	0.04154	0.13272	0.09457	0.18239	0.02528	0.01477	0.01579	0.01123	0.00672	0.00580	0.00199	0.00720	0.00551	0.00443	0.00891
5	0.34726	0.09088	0.12260	0.01161	0.01639	0.03593	0.03315	0.03555	0.01366	0.11916	0.03480	0.06833	0.01319	0.02501	0.00596	0.00208	0.00625	0.00571	0.00446	0.00798
6	0.01311	0.01274	0.02256	0.56740	0.14420	0.01473	0.09841	0.01748	0.01345	0.01767	0.01177	0.01707	0.00899	0.00624	0.00659	0.00212	0.00874	0.00596	0.00297	0.00780
7	0.01398	0.01425	0.02529	0.35993	0.16271	0.03676	0.20588	0.01824	0.01393	0.01843	0.01275	0.04294	0.01040	0.00668	0.00723	0.00214	0.03058	0.00665	0.00316	0.00809
8	0.01489	0.03334	0.07666	0.01153	0.01708	0.01106	0.03055	0.06165	0.04269	0.06163	0.01601	0.01724	0.05048	0.00632	0.00593	0.00139	0.02986	0.00503	0.00429	0.50238
9	0.50048	0.17482	0.05905	0.01062	0.01524	0.08888	0.00955	0.04208	0.01294	0.02470	0.00945	0.01093	0.00760	0.00603	0.00441	0.00184	0.00639	0.00370	0.00368	0.00760
10	0.01296	0.03342	0.73944	0.01842	0.02797	0.01501	0.02387	0.02046	0.01364	0.02046	0.01160	0.01364	0.00818	0.00614	0.00614	0.00205	0.00955	0.00477	0.00273	0.00955
11	0.02335	0.01749	0.01871	0.01462	0.01957	0.01947	0.01199	0.61421	0.12922	0.03876	0.01706	0.01674	0.01224	0.00790	0.00648	0.00198	0.00682	0.00603	0.00648	0.01088
12	0.01321	0.06079	0.68740	0.01846	0.02775	0.01545	0.04831	0.02043	0.01368	0.02027	0.01155	0.01366	0.00825	0.00609	0.00612	0.00203	0.00950	0.00483	0.00275	0.00947
13	0.01449	0.04539	0.07268	0.27199	0.34164	0.01560	0.06520	0.01917	0.03627	0.01933	0.01219	0.01633	0.00971	0.00622	0.00677	0.00203	0.02715	0.00577	0.00314	0.00892
14	0.01590	0.54080	0.25787	0.01339	0.02020	0.02221	0.01512	0.01970	0.01329	0.01687	0.00981	0.01141	0.00826	0.00572	0.00478	0.00159	0.00775	0.00387	0.00275	0.00869
15	0.00933	0.00652	0.00833	0.00833	0.00877	0.00696	0.00551	0.01022	0.00978	0.01348	0.01919	0.03579	0.02067	0.49477	0.30718	0.00785	0.01050	0.00845	0.00374	0.00463
16	0.00837	0.00642	0.00956	0.01023	0.01102	0.00600	0.05346	0.00979	0.01257	0.01678	0.03409	0.71800	0.04051	0.01924	0.00821	0.00259	0.00423	0.01764	0.00581	0.00548
17	0.00816	0.00643	0.00737	0.00741	0.00912	0.00564	0.00545	0.01019	0.01556	0.02009	0.27863	0.15849	0.41271	0.01588	0.00772	0.00220	0.00327	0.01367	0.00636	0.00564
18	0.01220	0.01148	0.01938	0.75739	0.04450	0.01436	0.01794	0.01651	0.01292	0.01651	0.01148	0.01723	0.00861	0.00646	0.00646	0.00215	0.00861	0.00574	0.00287	0.00718
19	0.01441	0.01243	0.01302	0.01185	0.01521	0.01398	0.00918	0.02939	0.58163	0.02514	0.03402	0.03162	0.15984	0.01026	0.00678	0.00219	0.00475	0.00855	0.00646	0.00929
20	0.81856	0.01250	0.00950	0.00850	0.01250	0.01449	0.00700	0.01899	0.01100	0.02899	0.00900	0.01050	0.00700	0.00600	0.00400	0.00200	0.00500	0.00350	0.00400	0.00700
21	0.01524	0.01724	0.08888	0.07306	0.39684	0.01573	0.22964	0.01981	0.01451	0.02047	0.01222	0.01623	0.00978	0.00594	0.00729	0.00205	0.03627	0.00624	0.00315	0.00943
22	0.00896	0.00755	0.00959	0.01166	0.10665	0.00681	0.00726	0.01092	0.01459	0.01856	0.11544	0.19839	0.42925	0.01542	0.00759	0.00222	0.00394	0.01335	0.00573	0.00612
23	0.01607	0.01388	0.01461	0.01315	0.01680	0.01607	0.01023	0.03433	0.72094	0.02703	0.02630	0.02411	0.01972	0.00877	0.00657	0.00219	0.00511	0.00731	0.00657	0.01023
24	0.11058	0.01115	0.01443	0.01119	0.01608	0.01001	0.00924	0.03020	0.01772	0.66392	0.02379	0.02080	0.01506	0.00779	0.00624	0.00200	0.00545	0.00619	0.00758	0.01058
25	0.00940	0.00626	0.00705	0.00705	0.00705	0.00626	0.00392	0.00940	0.00940	0.01253	0.02036	0.04228	0.02349	0.77292	0.03289	0.00626	0.00626	0.00940	0.00392	0.00392
26	0.81856	0.01250	0.00950	0.00850	0.01250	0.01449	0.00700	0.01899	0.01100	0.02899	0.00900	0.01050	0.00700	0.00600	0.00400	0.00200	0.00500	0.00350	0.00400	0.00700
27	0.02100	0.01944	0.01792	0.01506	0.01881	0.18641	0.01200	0.29260	0.20883	0.02842	0.01629	0.01675	0.01241	0.00818	0.00806	0.00205	0.09509	0.00581	0.00535	0.00953
28	0.01735	0.01443	0.02204	0.12256	0.35488	0.01528	0.03918	0.11193	0.08107	0.08195	0.01555	0.04151	0.01243	0.00721	0.00704	0.00205	0.03305	0.00643	0.00437	0.00968
29	0.01897	0.01258	0.01484	0.06351	0.03898	0.03511	0.01037	0.12685	0.20771	0.20385	0.09083	0.10540	0.02259	0.00980	0.00679	0.00211	0.00567	0.00827	0.00645	0.00930
30	0.41752	0.01846	0.17798	0.01381	0.06719	0.05903	0.01230	0.02089	0.08180	0.02501	0.01396	0.01519	0.03952	0.00676	0.00517	0.00201	0.00657	0.00479	0.00395	0.00809
31	0.00932	0.00628	0.00703	0.00703	0.00712	0.00623	0.00396	0.00939	0.00962	0.01274	0.02227	0.04313	0.05349	0.74080	0.03181	0.00609	0.00614	0.00958	0.00400	0.00398
32	0.01498	0.01497	0.09604	0.01570	0.07894	0.01360	0.05611	0.14133	0.20659	0.02643	0.14499	0.02979	0.08641	0.00963	0.00693	0.00211	0.00605	0.03486	0.00565	0.00889
33	0.00826	0.00621	0.00772	0.00860	0.00974	0.00567	0.00627	0.00996	0.01394	0.01808	0.11388	0.41079	0.23406	0.01815	0.00810	0.00249	0.00383	0.10264	0.00611	0.00548
34	0.01633	0.39820	0.30135	0.01402	0.02094	0.01992	0.01581	0.02143	0.05397	0.06585	0.01206	0.01317	0.00941	0.00611	0.00520	0.00172	0.00772	0.00438	0.00331	0.00906
35	0.06505	0.23696	0.06393	0.01578	0.10245	0.09796	0.01226	0.07118	0.11510	0.08269	0.04313	0.03872	0.01400	0.00731	0.00567	0.00182	0.00696	0.00562	0.00446	0.00895
36	0.05667	0.23153	0.26123	0.01385	0.02022	0.06504	0.01470	0.04472	0.05516	0.08649	0.03561	0.01496	0.01139	0.00651	0.00549	0.00177	0.00753	0.00481	0.00388	0.05844
37	0.05446	0.18461	0.15608	0.01512	0.04409	0.11538	0.04780	0.12628	0.01725	0.06812	0.05524	0.01750	0.03649	0.00821	0.02477	0.00205	0.00804	0.00554	0.00420	0.00875
38	0.13235	0.15143	0.06929	0.03077	0.01768	0.09974	0.01122	0.09899	0.14034	0.04480	0.01705	0.01782	0.05061	0.00877	0.02882	0.00215	0.03294	0.00548	0.00448	0.03529
39	0.01647	0.11864	0.10888	0.06549	0.03879	0.05508	0.06201	0.14830	0.06322	0.04478	0.01731	0.06947	0.03911	0.01014	0.04700	0.00235	0.00784	0.00657	0.00441	0.07414
40	0.01640	0.04178	0.11462	0.05530	0.13940	0.06134	0.01382	0.08344	0.08038	0.08738	0.01795	0.05925	0.03731	0.01190	0.07627	0.00278	0.04336	0.00662	0.00444	0.04627
41	0.08313	0.10653	0.12061	0.01534	0.07952	0.08639	0.01272	0.16419	0.01781	0.09606	0.04881	0.04241	0.01415	0.03539	0.03035	0.00230	0.00753	0.00593	0.00465	0.02620

[dist]
# distance from previous block
# <min> <max>
27	128

[block]
# block no. 5 follows, 34 sequences, length 40
# corresponding to MSA columns:
# 330-369
name=unknown_F
#
# <colnr> <probs for GDERKNQSTAVLIFYWHMCP>
#	G	D	E	R	K	N	Q	S	T	A	V	L	I	F	Y	W	H	M	C	P
0	0.04237	0.24183	0.15522	0.01234	0.01735	0.03306	0.01211	0.13410	0.04862	0.02177	0.02103	0.06197	0.10902	0.03589	0.02486	0.00223	0.00697	0.00676	0.00427	0.00825
1	0.08368	0.03281	0.13303	0.01477	0.07438	0.03786	0.01226	0.13382	0.09476	0.10708	0.05069	0.11756	0.06076	0.00959	0.00649	0.00208	0.00629	0.00791	0.00533	0.00883
2	0.03704	0.13422	0.18618	0.01614	0.08089	0.07318	0.01429	0.21168	0.01887	0.02515	0.05158	0.04910	0.05840	0.00806	0.00613	0.00191	0.00742	0.00632	0.00445	0.00900
3	0.05032	0.15292	0.12356	0.04598	0.09227	0.02958	0.01254	0.09908	0.04236	0.02252	0.09844	0.05948	0.07788	0.00857	0.00609	0.00187	0.00638	0.00697	0.00444	0.05874
4	0.08057	0.12067	0.09486	0.03736	0.06691	0.03881	0.01166	0.11499	0.03643	0.07936	0.03400	0.10142	0.04476	0.00849	0.00597	0.00186	0.00633	0.00685	0.00467	0.10404
5	0.01645	0.12744	0.17985	0.06750	0.08947	0.01557	0.03184	0.11713	0.05983	0.07220	0.01697	0.03831	0.04610	0.00728	0.00603	0.00185	0.00713	0.00595	0.00428	0.08881
6	0.11485	0.01139	0.04172	0.00980	0.01286	0.03726	0.00786	0.06871	0.08153	0.09149	0.09717	0.06617	0.15255	0.11206	0.00994	0.00258	0.00518	0.00864	0.03332	0.03490
7	0.01375	0.07891	0.05031	0.07509	0.17664	0.01338	0.04160	0.07610	0.08750	0.02188	0.07894	0.05104	0.15968	0.00984	0.00677	0.00206	0.00619	0.03730	0.00478	0.00822
8	0.10592	0.04771	0.05383	0.06679	0.07026	0.07628	0.04080	0.12798	0.03865	0.04252	0.03875	0.10822	0.06112	0.06196	0.02930	0.00257	0.00708	0.00777	0.00466	0.00783
9	0.01687	0.01621	0.04845	0.08538	0.26634	0.06464	0.14743	0.04224	0.10746	0.07559	0.05244	0.01916	0.01415	0.00683	0.00668	0.00202	0.00795	0.00654	0.00427	0.00935
10	0.01717	0.01400	0.05229	0.01160	0.01656	0.04265	0.00977	0.10315	0.06578	0.12332	0.07885	0.01866	0.01576	0.00698	0.00626	0.00155	0.03065	0.00550	0.00510	0.37440
11	0.29366	0.04874	0.04487	0.04782	0.01797	0.03484	0.01051	0.20028	0.01830	0.20227	0.01494	0.01506	0.01043	0.00696	0.00550	0.00196	0.00629	0.00500	0.00543	0.00918
12	0.05114	0.06036	0.36047	0.01535	0.02206	0.06782	0.03949	0.04694	0.04186	0.13463	0.06513	0.01881	0.03316	0.00733	0.00620	0.00199	0.00792	0.00583	0.00435	0.00916
13	0.01911	0.08128	0.01435	0.01042	0.01408	0.01114	0.00839	0.04718	0.12137	0.30356	0.11578	0.03087	0.10858	0.07426	0.00880	0.00236	0.00512	0.00807	0.00655	0.00875
14	0.01301	0.01428	0.08686	0.11136	0.27048	0.04749	0.01424	0.01703	0.04410	0.01964	0.08045	0.05311	0.14453	0.04612	0.00802	0.00225	0.00670	0.00812	0.00420	0.00801
15	0.01727	0.77681	0.03386	0.01106	0.01658	0.02557	0.01106	0.01935	0.01313	0.01520	0.00898	0.01036	0.00829	0.00553	0.00415	0.00138	0.00691	0.00345	0.00276	0.00829
16	0.01727	0.77681	0.03386	0.01106	0.01658	0.02557	0.01106	0.01935	0.01313	0.01520	0.00898	0.01036	0.00829	0.00553	0.00415	0.00138	0.00691	0.00345	0.00276	0.00829
17	0.81856	0.01250	0.00950	0.00850	0.01250	0.01449	0.00700	0.01899	0.01100	0.02899	0.00900	0.01050	0.00700	0.00600	0.00400	0.00200	0.00500	0.00350	0.00400	0.00700
18	0.01715	0.63625	0.03003	0.01127	0.01626	0.09340	0.01070	0.01921	0.01394	0.01587	0.04621	0.01443	0.04020	0.00645	0.00462	0.00147	0.00703	0.00434	0.00316	0.00799
19	0.01296	0.03342	0.73944	0.01842	0.02797	0.01501	0.02387	0.02046	0.01364	0.02046	0.01160	0.01364	0.00818	0.00614	0.00614	0.00205	0.00955	0.00477	0.00273	0.00955
20	0.01080	0.00859	0.03928	0.01012	0.01165	0.00803	0.00772	0.07454	0.01380	0.04327	0.02945	0.40803	0.07157	0.08172	0.12749	0.00402	0.02529	0.01315	0.00533	0.00618
21	0.01362	0.01244	0.01412	0.01275	0.01428	0.09124	0.01006	0.07991	0.03253	0.01848	0.05457	0.02358	0.03953	0.06882	0.29176	0.00559	0.19913	0.00684	0.00396	0.00678
22	0.00923	0.00692	0.01038	0.01038	0.01154	0.00808	0.00808	0.01154	0.01038	0.01500	0.01731	0.02538	0.01615	0.04846	0.74732	0.01038	0.01731	0.00692	0.00346	0.00577
23	0.01551	0.01755	0.03524	0.07827	0.07030	0.05149	0.59132	0.02061	0.01521	0.02019	0.01276	0.01706	0.00967	0.00559	0.00739	0.00214	0.01060	0.00723	0.00324	0.00863
24	0.01489	0.01382	0.04160	0.22087	0.34262	0.01397	0.07971	0.01880	0.01449	0.06340	0.05289	0.05063	0.01419	0.00719	0.00696	0.00207	0.02256	0.00680	0.00372	0.00882
25	0.01220	0.01148	0.01938	0.75739	0.04450	0.01436	0.01794	0.01651	0.01292	0.01651	0.01148	0.01723	0.00861	0.00646	0.00646	0.00215	0.00861	0.00574	0.00287	0.00718
26	0.00787	0.00562	0.00750	0.00900	0.00937	0.00525	0.00600	0.00900	0.01237	0.01649	0.03561	0.76871	0.04274	0.02024	0.00825	0.00262	0.00375	0.01837	0.00600	0.00525
27	0.01624	0.01567	0.02306	0.26473	0.36785	0.07403	0.03652	0.08596	0.01595	0.02109	0.01212	0.01603	0.00962	0.00624	0.00641	0.00198	0.00833	0.00568	0.00342	0.00907
28	0.05165	0.01551	0.02292	0.21289	0.39204	0.06513	0.03683	0.06463	0.01524	0.02105	0.01183	0.01571	0.00954	0.00630	0.00677	0.00200	0.03193	0.00560	0.00337	0.00905
29	0.01122	0.00561	0.00842	0.00842	0.00842	0.00561	0.00561	0.00842	0.00842	0.01122	0.01122	0.01964	0.01122	0.02245	0.02525	0.81201	0.00561	0.00561	0.00281	0.00281
30	0.00913	0.00708	0.00787	0.00777	0.00959	0.00654	0.00574	0.03075	0.04480	0.02000	0.18514	0.12226	0.38735	0.07056	0.00939	0.00249	0.00374	0.03096	0.03301	0.00584
31	0.01791	0.04326	0.09072	0.11486	0.24559	0.08102	0.04846	0.03920	0.05217	0.13665	0.05499	0.01858	0.01386	0.00693	0.00640	0.00196	0.00770	0.00606	0.00436	0.00931
32	0.07408	0.04354	0.06502	0.03815	0.16913	0.06971	0.30144	0.01959	0.01436	0.02013	0.01411	0.01761	0.03965	0.00760	0.02580	0.00228	0.05948	0.00647	0.00335	0.00849
33	0.01220	0.01148	0.01938	0.75739	0.04450	0.01436	0.01794	0.01651	0.01292	0.01651	0.01148	0.01723	0.00861	0.00646	0.00646	0.00215	0.00861	0.00574	0.00287	0.00718
34	0.05724	0.01809	0.01929	0.01691	0.08824	0.07180	0.01263	0.52363	0.02644	0.07927	0.01512	0.01546	0.01086	0.00742	0.00631	0.00192	0.00731	0.00564	0.00591	0.01049
35	0.01871	0.03437	0.06558	0.09278	0.16931	0.01553	0.12078	0.17075	0.01830	0.12736	0.03453	0.01782	0.01231	0.00707	0.00725	0.00203	0.04410	0.00621	0.02571	0.00952
36	0.19001	0.17576	0.03666	0.04633	0.07286	0.10952	0.08914	0.04942	0.01467	0.02120	0.03981	0.06417	0.05010	0.00769	0.00569	0.00190	0.00722	0.00618	0.00388	0.00779
37	0.06971	0.01189	0.01868	0.66664	0.04099	0.01466	0.01688	0.05216	0.01368	0.01863	0.01151	0.01666	0.00862	0.00649	0.00629	0.00213	0.00828	0.00559	0.00313	0.00736
38	0.09295	0.05149	0.02197	0.04919	0.21107	0.01517	0.12463	0.03529	0.13583	0.03778	0.01611	0.01838	0.03210	0.00836	0.03347	0.00228	0.03964	0.00614	0.00412	0.06403
39	0.04407	0.03941	0.04697	0.05331	0.07708	0.22395	0.01169	0.05563	0.06355	0.01967	0.07302	0.04689	0.05840	0.04847	0.05983	0.00277	0.05671	0.00682	0.00421	0.00754

[dist]
# distance from previous block
# <min> <max>
0	3

[block]
# block no. 6 follows, 34 sequences, length 123
# corresponding to MSA columns:
# 373-495
name=unknown_G
#
# <colnr> <probs for GDERKNQSTAVLIFYWHMCP>
#	G	D	E	R	K	N	Q	S	T	A	V	L	I	F	Y	W	H	M	C	P
0	0.01665	0.06233	0.04045	0.03329	0.01922	0.17988	0.09290	0.03692	0.06543	0.04240	0.01329	0.01771	0.01144	0.05249	0.09490	0.02599	0.17765	0.00588	0.00365	0.00753
1	0.01578	0.03613	0.06270	0.01381	0.06823	0.01222	0.03141	0.10978	0.06203	0.04319	0.01339	0.01484	0.01052	0.00572	0.00544	0.00138	0.00588	0.00469	0.00430	0.47857
2	0.09134	0.36677	0.12384	0.03719	0.04140	0.06553	0.01280	0.03905	0.01410	0.06563	0.01124	0.01281	0.00908	0.00623	0.00551	0.00169	0.03400	0.00426	0.02603	0.03151
3	0.01000	0.02942	0.00969	0.00986	0.03181	0.00754	0.00676	0.05621	0.03397	0.01833	0.05339	0.41827	0.16105	0.05657	0.01021	0.05710	0.00437	0.01407	0.00557	0.00583
4	0.01437	0.05540	0.10878	0.01201	0.03574	0.04299	0.01057	0.03571	0.01411	0.02096	0.01143	0.01332	0.00932	0.00518	0.00506	0.00120	0.00594	0.00405	0.00366	0.59019
5	0.01296	0.03342	0.73944	0.01842	0.02797	0.01501	0.02387	0.02046	0.01364	0.02046	0.01160	0.01364	0.00818	0.00614	0.00614	0.00205	0.00955	0.00477	0.00273	0.00955
6	0.01108	0.00607	0.00905	0.00896	0.00910	0.00641	0.00621	0.00905	0.00871	0.01184	0.01188	0.02016	0.01174	0.02529	0.11482	0.68446	0.03317	0.00578	0.00289	0.00332
7	0.01126	0.01317	0.11932	0.32539	0.02893	0.01154	0.08008	0.01488	0.01284	0.01717	0.01874	0.22914	0.01886	0.03713	0.00848	0.02551	0.00743	0.00946	0.00380	0.00688
8	0.01519	0.01448	0.02463	0.16149	0.59563	0.01497	0.01925	0.01909	0.01441	0.02028	0.01264	0.01774	0.01069	0.00620	0.00648	0.00199	0.00779	0.02425	0.00322	0.00960
9	0.01576	0.01199	0.01472	0.01202	0.05779	0.00997	0.00897	0.03868	0.03612	0.10392	0.01362	0.01495	0.01067	0.00559	0.00562	0.00125	0.02558	0.00446	0.00440	0.60392
10	0.01484	0.01531	0.01969	0.01694	0.01718	0.07106	0.01402	0.01627	0.01049	0.01557	0.00859	0.01396	0.00847	0.01098	0.02012	0.00275	0.70826	0.00555	0.00286	0.00710
11	0.01345	0.01166	0.01415	0.01010	0.01587	0.00885	0.02884	0.01640	0.01345	0.02104	0.01153	0.01352	0.00958	0.00481	0.00487	0.00099	0.00497	0.00394	0.00381	0.78815
12	0.01674	0.20459	0.13478	0.01727	0.10474	0.11046	0.03222	0.07318	0.08825	0.02049	0.01445	0.06562	0.01254	0.00764	0.00658	0.00189	0.04463	0.00591	0.02934	0.00870
13	0.00817	0.00656	0.00726	0.03610	0.00989	0.00592	0.00537	0.00954	0.01336	0.01638	0.05104	0.15001	0.48001	0.15706	0.01236	0.00300	0.00410	0.01317	0.00549	0.00521
14	0.01561	0.01267	0.01478	0.01150	0.03910	0.01083	0.00888	0.12030	0.04354	0.04142	0.01301	0.01442	0.01035	0.00549	0.00520	0.00121	0.00525	0.00438	0.00440	0.61766
15	0.10184	0.67472	0.03075	0.01084	0.01616	0.02413	0.01060	0.01973	0.03275	0.01699	0.00947	0.01076	0.00848	0.00567	0.00420	0.00147	0.00666	0.00357	0.00300	0.00821
16	0.02899	0.01100	0.01499	0.01150	0.01649	0.00950	0.00950	0.03149	0.01849	0.73709	0.02549	0.02199	0.01599	0.00800	0.00650	0.00200	0.00550	0.00650	0.00800	0.01100
17	0.01551	0.01594	0.05243	0.16247	0.56026	0.04153	0.01940	0.01949	0.01449	0.02010	0.01194	0.01596	0.00981	0.00593	0.00638	0.00196	0.00805	0.00566	0.00313	0.00958
18	0.00786	0.00566	0.00746	0.00891	0.00935	0.00526	0.00596	0.00901	0.01246	0.01653	0.03669	0.74324	0.06750	0.02010	0.00823	0.00261	0.00373	0.01820	0.00600	0.00526
19	0.02269	0.09412	0.01947	0.01588	0.01928	0.60752	0.01225	0.04909	0.01773	0.01662	0.01032	0.01226	0.00870	0.00826	0.03303	0.00200	0.03549	0.00431	0.00338	0.00761
20	0.05011	0.46214	0.09467	0.01297	0.01837	0.15678	0.01241	0.07048	0.01545	0.03975	0.01038	0.01163	0.00866	0.00605	0.00487	0.00158	0.00793	0.00397	0.00333	0.00849
21	0.04708	0.30532	0.17935	0.01440	0.03635	0.07209	0.05047	0.05584	0.05723	0.01960	0.01649	0.03909	0.06664	0.00735	0.00559	0.00180	0.00751	0.00566	0.00365	0.00847
22	0.00930	0.00623	0.00707	0.00717	0.00719	0.00620	0.00404	0.00937	0.00958	0.01277	0.02128	0.08621	0.02465	0.72741	0.03140	0.00604	0.00611	0.00994	0.00404	0.00400
23	0.01529	0.01456	0.02476	0.13268	0.61655	0.01494	0.01924	0.01916	0.01448	0.02044	0.01286	0.01820	0.01099	0.00628	0.00650	0.00199	0.00774	0.03038	0.00325	0.00968
24	0.00790	0.00656	0.00691	0.00682	0.00889	0.00557	0.00512	0.00978	0.01535	0.01893	0.18142	0.05975	0.61311	0.01581	0.00763	0.00216	0.00323	0.01330	0.00619	0.00557
25	0.01340	0.01148	0.01340	0.00957	0.01531	0.00861	0.00766	0.01627	0.01340	0.02105	0.01148	0.01340	0.00957	0.00479	0.00479	0.00096	0.00479	0.00383	0.00383	0.81242
26	0.79000	0.01244	0.00970	0.00861	0.01264	0.01431	0.00709	0.01945	0.01127	0.05461	0.00959	0.01091	0.00732	0.00607	0.00409	0.00200	0.00502	0.00361	0.00414	0.00714
27	0.01482	0.35429	0.43489	0.01524	0.02305	0.01956	0.01834	0.01998	0.01342	0.01819	0.01047	0.01223	0.00823	0.00588	0.00528	0.00176	0.00841	0.00420	0.00274	0.00901
28	0.00768	0.00655	0.00660	0.00659	0.00875	0.00547	0.00494	0.00936	0.01483	0.01770	0.08431	0.06179	0.71099	0.01627	0.00764	0.00218	0.00327	0.01358	0.00603	0.00547
29	0.00962	0.00690	0.00873	0.00857	0.00890	0.00755	0.00569	0.01036	0.00971	0.01341	0.01881	0.03582	0.02053	0.52127	0.23781	0.00725	0.05225	0.00847	0.00372	0.00463
30	0.02109	0.06935	0.01947	0.01402	0.01914	0.06529	0.03330	0.42220	0.07221	0.03214	0.01462	0.01517	0.01093	0.00698	0.00600	0.00173	0.00695	0.00534	0.00542	0.15867
31	0.01087	0.00836	0.01150	0.01256	0.06123	0.00828	0.03504	0.10071	0.01496	0.02010	0.03054	0.59089	0.03514	0.01707	0.00787	0.00247	0.00473	0.01547	0.00576	0.00646
32	0.00787	0.00562	0.00750	0.00900	0.00937	0.00525	0.00600	0.00900	0.01237	0.01649	0.03561	0.76871	0.04274	0.02024	0.00825	0.00262	0.00375	0.01837	0.00600	0.00525
33	0.00940	0.00626	0.00705	0.00705	0.00705	0.00626	0.00392	0.00940	0.00940	0.01253	0.02036	0.04228	0.02349	0.77292	0.03289	0.00626	0.00626	0.00940	0.00392	0.00392
34	0.04575	0.14224	0.02018	0.01498	0.01894	0.51950	0.01178	0.06928	0.01778	0.01809	0.01027	0.01179	0.00854	0.00642	0.00549	0.00160	0.00999	0.00412	0.00350	0.05975
35	0.00923	0.00692	0.01038	0.01038	0.01154	0.00808	0.00808	0.01154	0.01038	0.01500	0.01731	0.02538	0.01615	0.04846	0.74732	0.01038	0.01731	0.00692	0.00346	0.00577
36	0.01525	0.01743	0.03813	0.02723	0.03377	0.01634	0.70915	0.02070	0.01525	0.02070	0.01307	0.01743	0.00980	0.00545	0.00763	0.00218	0.01089	0.00763	0.00327	0.00871
37	0.01554	0.01489	0.02541	0.12494	0.65086	0.01523	0.01961	0.01944	0.01450	0.02056	0.01207	0.01614	0.01004	0.00584	0.00640	0.00195	0.00779	0.00576	0.00316	0.00987
38	0.01607	0.01388	0.01461	0.01315	0.01680	0.01607	0.01023	0.03433	0.72094	0.02703	0.02630	0.02411	0.01972	0.00877	0.00657	0.00219	0.00511	0.00731	0.00657	0.01023
39	0.04068	0.00625	0.00615	0.00611	0.00770	0.00632	0.00460	0.01520	0.01346	0.02426	0.02065	0.02361	0.01622	0.00747	0.00450	0.00152	0.00308	0.00593	0.78022	0.00606
40	0.00908	0.00660	0.00855	0.00806	0.00961	0.00607	0.00604	0.01207	0.01813	0.02554	0.70026	0.04887	0.09014	0.01335	0.00762	0.00204	0.00306	0.01177	0.00706	0.00607
41	0.01525	0.01743	0.03813	0.02723	0.03377	0.01634	0.70915	0.02070	0.01525	0.02070	0.01307	0.01743	0.00980	0.00545	0.00763	0.00218	0.01089	0.00763	0.00327	0.00871
42	0.01122	0.00561	0.00842	0.00842	0.00842	0.00561	0.00561	0.00842	0.00842	0.01122	0.01122	0.01964	0.01122	0.02245	0.02525	0.81201	0.00561	0.00561	0.00281	0.00281
