[name]
unknown

[dist]
# distance from previous block
# <min> <max>
0	28

[block]
# block no. 0 follows, 31 sequences, length 6
# corresponding to MSA columns:
# 28-33
name=unknown_A
#
# <colnr> <probs for GDERKNQSTAVLIFYWHMCP>
#	G	D	E	R	K	N	Q	S	T	A	V	L	I	F	Y	W	H	M	C	P
0	0.01102	0.00787	0.01102	0.01260	0.01417	0.00787	0.01102	0.01417	0.01575	0.02047	0.03622	0.07717	0.03937	0.01890	0.00945	0.00315	0.00630	0.67084	0.00630	0.00630
1	0.00943	0.00738	0.01049	0.01053	0.01186	0.00673	0.05313	0.01098	0.01324	0.01777	0.03469	0.54050	0.08047	0.08965	0.01088	0.00296	0.00479	0.01635	0.00578	0.06239
2	0.02066	0.01637	0.01809	0.05004	0.09146	0.06502	0.01231	0.34185	0.07046	0.06009	0.02197	0.06260	0.06490	0.06211	0.00896	0.00244	0.00723	0.00774	0.00591	0.00979
3	0.01629	0.01307	0.01849	0.17298	0.11754	0.01425	0.03808	0.13292	0.05569	0.07035	0.12646	0.02838	0.09589	0.00973	0.00827	0.00223	0.05703	0.00816	0.00534	0.00884
4	0.09256	0.01775	0.01796	0.25153	0.02777	0.16942	0.01378	0.15273	0.06546	0.05221	0.01573	0.06488	0.01286	0.00829	0.00659	0.00214	0.00843	0.00654	0.00469	0.00868
5	0.07149	0.01161	0.01624	0.06966	0.01893	0.01167	0.08901	0.09181	0.04320	0.18095	0.07037	0.12060	0.05339	0.10723	0.01081	0.00283	0.00647	0.00940	0.00596	0.00838

[dist]
# distance from previous block
# <min> <max>
12	60

[block]
# block no. 1 follows, 31 sequences, length 9
# corresponding to MSA columns:
# 102-110
name=unknown_B
#
# <colnr> <probs for GDERKNQSTAVLIFYWHMCP>
#	G	D	E	R	K	N	Q	S	T	A	V	L	I	F	Y	W	H	M	C	P
0	0.06297	0.06086	0.06636	0.10765	0.04462	0.08327	0.03395	0.08691	0.05672	0.06787	0.09299	0.02060	0.01721	0.00978	0.04171	0.00235	0.00783	0.00625	0.00479	0.12532
1	0.06723	0.01633	0.05925	0.12572	0.13547	0.01625	0.06967	0.13954	0.15451	0.06426	0.01689	0.01850	0.01262	0.00726	0.00664	0.00209	0.00749	0.00627	0.00499	0.06902
2	0.01489	0.03304	0.01852	0.32402	0.07292	0.07684	0.01464	0.01822	0.01437	0.05585	0.06727	0.02147	0.01522	0.03014	0.09872	0.00338	0.07656	0.00656	0.00387	0.03349
3	0.06098	0.01152	0.03742	0.01155	0.01510	0.01072	0.04584	0.09572	0.07216	0.12369	0.23559	0.06722	0.16054	0.01198	0.00743	0.00221	0.00513	0.01023	0.00670	0.00827
4	0.10985	0.01646	0.02062	0.01671	0.01996	0.07394	0.09304	0.13957	0.01693	0.10758	0.01376	0.01669	0.01086	0.01147	0.05507	0.00292	0.25504	0.00607	0.00460	0.00886
5	0.01701	0.01357	0.01522	0.04805	0.01829	0.05633	0.00951	0.06118	0.01597	0.09414	0.01420	0.01607	0.01119	0.00850	0.04754	0.00188	0.00673	0.00479	0.00457	0.53527
6	0.01261	0.00984	0.01216	0.09902	0.05646	0.03817	0.00929	0.04728	0.01590	0.05773	0.12097	0.16365	0.16719	0.10654	0.01116	0.00289	0.00571	0.05087	0.00568	0.00685
7	0.01892	0.01523	0.08202	0.01290	0.01748	0.01358	0.01108	0.23047	0.07991	0.11726	0.09158	0.07099	0.02150	0.08072	0.00952	0.00246	0.00632	0.00788	0.00614	0.10404
8	0.01561	0.01927	0.19408	0.10462	0.11145	0.05258	0.08516	0.02101	0.05621	0.07556	0.01855	0.13562	0.01650	0.00908	0.00705	0.00219	0.00812	0.00813	0.00436	0.05484

[dist]
# distance from previous block
# <min> <max>
0	3

[block]
# block no. 2 follows, 31 sequences, length 11
# corresponding to MSA columns:
# 114-124
name=unknown_C
#
# <colnr> <probs for GDERKNQSTAVLIFYWHMCP>
#	G	D	E	R	K	N	Q	S	T	A	V	L	I	F	Y	W	H	M	C	P
0	0.00858	0.00614	0.00816	0.00936	0.00998	0.00572	0.00637	0.01014	0.01423	0.01926	0.15961	0.62807	0.04873	0.02009	0.00861	0.00267	0.00384	0.01817	0.00656	0.00572
1	0.24205	0.01992	0.08051	0.07972	0.10944	0.17513	0.01369	0.05923	0.01651	0.12359	0.01351	0.01504	0.00999	0.00693	0.00593	0.00204	0.00818	0.00507	0.00449	0.00904
2	0.01936	0.06842	0.07447	0.04167	0.09644	0.08865	0.04184	0.07920	0.13684	0.14059	0.02235	0.05125	0.05836	0.01055	0.03730	0.00249	0.00790	0.00728	0.00539	0.00964
3	0.01670	0.14378	0.18946	0.04700	0.19827	0.11050	0.09619	0.02116	0.01570	0.02032	0.04336	0.01812	0.03608	0.00698	0.00650	0.00199	0.00907	0.00602	0.00349	0.00931
4	0.00852	0.00612	0.00823	0.00957	0.01010	0.00582	0.00651	0.00993	0.01335	0.01799	0.07927	0.65923	0.04450	0.02306	0.05951	0.00332	0.00493	0.01815	0.00624	0.00565
5	0.06041	0.01874	0.02000	0.01838	0.09097	0.15079	0.05517	0.17474	0.13944	0.12642	0.01773	0.01837	0.01315	0.00908	0.02712	0.00235	0.03529	0.00623	0.00556	0.01006
6	0.10201	0.09970	0.17720	0.01870	0.07059	0.20342	0.06496	0.14171	0.01871	0.02463	0.01216	0.01402	0.00938	0.00678	0.00616	0.00197	0.00942	0.00509	0.00397	0.00939
7	0.01568	0.08558	0.39921	0.05039	0.07681	0.04440	0.12096	0.02175	0.01535	0.05268	0.04409	0.01704	0.01196	0.00677	0.00667	0.00211	0.00951	0.00589	0.00350	0.00964
8	0.00874	0.00627	0.00809	0.00938	0.00997	0.00590	0.00643	0.01001	0.01316	0.01733	0.03807	0.56323	0.09169	0.10452	0.01170	0.00321	0.00444	0.07625	0.00610	0.00548
9	0.01949	0.12906	0.02583	0.04743	0.26892	0.11803	0.08311	0.05069	0.01684	0.09961	0.01556	0.06699	0.01323	0.00759	0.00661	0.00201	0.00840	0.00670	0.00425	0.00962
10	0.02084	0.19579	0.05495	0.02060	0.13609	0.08270	0.10484	0.12402	0.06303	0.10989	0.01521	0.01648	0.01154	0.00691	0.00635	0.00195	0.00830	0.00580	0.00465	0.01006

[dist]
# distance from previous block
# <min> <max>
0	11

[block]
# block no. 3 follows, 31 sequences, length 19
# corresponding to MSA columns:
# 136-154
name=unknown_D
#
# <colnr> <probs for GDERKNQSTAVLIFYWHMCP>
#	G	D	E	R	K	N	Q	S	T	A	V	L	I	F	Y	W	H	M	C	P
0	0.13118	0.01688	0.02170	0.04721	0.14509	0.07486	0.11011	0.16645	0.04249	0.05072	0.05279	0.01974	0.03717	0.00793	0.00748	0.00215	0.04520	0.00660	0.00485	0.00939
1	0.08606	0.35339	0.06210	0.01346	0.01885	0.18475	0.01216	0.08367	0.01670	0.02085	0.01080	0.01229	0.00906	0.00634	0.00519	0.00163	0.00824	0.00417	0.00364	0.08664
2	0.01596	0.01071	0.01244	0.01097	0.01411	0.01062	0.00846	0.13865	0.09829	0.12050	0.12845	0.18939	0.14561	0.01336	0.00755	0.00225	0.00489	0.01142	0.00684	0.04953
3	0.09090	0.02198	0.06608	0.05480	0.02218	0.27004	0.07938	0.10650	0.05460	0.05916	0.01532	0.06403	0.01277	0.00883	0.00748	0.03726	0.00919	0.00641	0.00452	0.00857
4	0.01846	0.09685	0.23433	0.08425	0.12957	0.01642	0.01750	0.10973	0.04258	0.12292	0.01650	0.05259	0.01282	0.00773	0.00658	0.00210	0.00803	0.00636	0.00460	0.01008
5	0.01279	0.00851	0.01006	0.00914	0.01165	0.00789	0.00700	0.07629	0.01878	0.09969	0.30181	0.10488	0.27602	0.01459	0.00789	0.00224	0.00404	0.01247	0.00707	0.00719
6	0.00994	0.00714	0.00981	0.00995	0.01079	0.00784	0.00729	0.01163	0.01107	0.01541	0.02101	0.03738	0.02170	0.28714	0.43302	0.00883	0.01331	0.06722	0.00406	0.00546
7	0.02280	0.12590	0.04319	0.03176	0.02079	0.21328	0.03727	0.20141	0.08569	0.09402	0.01590	0.01652	0.01192	0.00751	0.00627	0.00192	0.00852	0.00559	0.04006	0.00969
8	0.07361	0.14078	0.04528	0.05429	0.05146	0.07733	0.07874	0.10397	0.08179	0.08568	0.01865	0.12479	0.01650	0.00919	0.00659	0.00211	0.00746	0.00773	0.00499	0.00905
9	0.00926	0.00634	0.00767	0.00835	0.00852	0.00617	0.00509	0.00977	0.01130	0.01506	0.02848	0.34914	0.03360	0.44328	0.02364	0.00498	0.00549	0.01402	0.00509	0.00475
10	0.01724	0.01751	0.02764	0.10096	0.53071	0.07771	0.08605	0.02132	0.01579	0.02139	0.01270	0.01680	0.01047	0.00621	0.00685	0.00206	0.00891	0.00614	0.00337	0.01014
11	0.01950	0.20924	0.14995	0.01746	0.08173	0.13545	0.01510	0.09048	0.10633	0.05948	0.01549	0.01800	0.01242	0.00751	0.00617	0.00196	0.00836	0.03132	0.00439	0.00966
12	0.14504	0.12814	0.15214	0.05903	0.08705	0.01791	0.05009	0.08636	0.07682	0.02429	0.01447	0.05432	0.01212	0.00788	0.00718	0.00215	0.05563	0.00611	0.00413	0.00916
13	0.00897	0.00668	0.00831	0.00895	0.01020	0.00614	0.00654	0.01092	0.01527	0.02011	0.19673	0.31671	0.20881	0.05422	0.00977	0.00275	0.00408	0.09247	0.00650	0.00583
14	0.05351	0.09200	0.17069	0.04630	0.02451	0.04327	0.19712	0.04158	0.01501	0.03758	0.01644	0.08187	0.01479	0.05120	0.06413	0.00311	0.00968	0.02489	0.00391	0.00841
15	0.08757	0.17300	0.13031	0.05065	0.20489	0.04083	0.05594	0.07966	0.03962	0.02312	0.01363	0.04663	0.01151	0.00712	0.00617	0.00200	0.00805	0.00592	0.00384	0.00953
16	0.00895	0.00648	0.00798	0.00851	0.00939	0.00602	0.00575	0.01045	0.01428	0.01909	0.19839	0.34385	0.14004	0.17249	0.01391	0.00337	0.00428	0.01510	0.00617	0.00551
17	0.01884	0.05781	0.05863	0.01891	0.10383	0.10326	0.09072	0.19928	0.07476	0.02784	0.10277	0.02286	0.04251	0.00842	0.00687	0.00204	0.00776	0.00715	0.03627	0.00948
18	0.05857	0.04980	0.26360	0.02106	0.08092	0.07266	0.14675	0.12360	0.03946	0.02507	0.01442	0.01836	0.01130	0.00723	0.00680	0.00216	0.00935	0.03512	0.00403	0.00973

[dist]
# distance from previous block
# <min> <max>
0	12

[block]
# block no. 4 follows, 31 sequences, length 14
# corresponding to MSA columns:
# 167-180
name=unknown_E
#
# <colnr> <probs for GDERKNQSTAVLIFYWHMCP>
#	G	D	E	R	K	N	Q	S	T	A	V	L	I	F	Y	W	H	M	C	P
0	0.01742	0.05038	0.04746	0.16349	0.05403	0.01704	0.08335	0.20618	0.10470	0.02637	0.01900	0.02250	0.05057	0.06339	0.00967	0.00253	0.04075	0.00709	0.00488	0.00920
1	0.09925	0.01296	0.01474	0.03797	0.03869	0.05113	0.01024	0.05205	0.11854	0.15657	0.07386	0.05075	0.01918	0.01419	0.09731	0.00318	0.04082	0.00709	0.00565	0.09584
2	0.00968	0.00693	0.00918	0.04826	0.01211	0.00691	0.00740	0.01122	0.01309	0.01737	0.06277	0.33570	0.03717	0.23036	0.01620	0.00390	0.00547	0.15524	0.00559	0.00546
3	0.06694	0.01652	0.09941	0.03061	0.05440	0.05289	0.16397	0.05707	0.01685	0.12566	0.05261	0.09524	0.04133	0.01007	0.00770	0.00232	0.02235	0.07010	0.00516	0.00879
4	0.01711	0.01808	0.02158	0.30633	0.22054	0.18319	0.01707	0.02072	0.01559	0.01913	0.01198	0.01608	0.00962	0.00650	0.00648	0.00196	0.00919	0.00548	0.00335	0.09000
5	0.02220	0.01697	0.01921	0.01724	0.09074	0.01852	0.01263	0.48207	0.09040	0.03639	0.02073	0.02204	0.05723	0.05164	0.00853	0.00235	0.00709	0.00703	0.00631	0.01068
6	0.01487	0.01490	0.05166	0.01425	0.05342	0.12452	0.01054	0.07358	0.01416	0.01823	0.01632	0.02692	0.01613	0.25885	0.17500	0.00553	0.09304	0.00727	0.00394	0.00686
7	0.34427	0.05116	0.01222	0.01015	0.01340	0.01344	0.00801	0.09440	0.05421	0.02628	0.02241	0.14929	0.07704	0.04630	0.04748	0.00291	0.00606	0.00835	0.00513	0.00748
8	0.00941	0.00677	0.00918	0.08431	0.01345	0.00677	0.00739	0.01123	0.01366	0.01883	0.09617	0.50651	0.03971	0.06439	0.00977	0.00281	0.00453	0.01570	0.07360	0.00583
9	0.02492	0.02626	0.01854	0.01628	0.02025	0.47372	0.01249	0.09773	0.12119	0.09986	0.01554	0.01591	0.01178	0.00765	0.00643	0.00191	0.01010	0.00535	0.00492	0.00915
10	0.07012	0.02059	0.08784	0.09144	0.04954	0.16329	0.05051	0.17772	0.07424	0.06990	0.03415	0.01963	0.04504	0.00800	0.00667	0.00208	0.00847	0.00633	0.00502	0.00943
11	0.01498	0.08115	0.01450	0.01036	0.01390	0.01136	0.00810	0.08653	0.05508	0.06766	0.18689	0.05466	0.02804	0.13349	0.01118	0.00257	0.00537	0.00814	0.00561	0.20043
12	0.01122	0.00893	0.00989	0.01049	0.01174	0.04646	0.00739	0.08690	0.01573	0.02036	0.03594	0.58754	0.08330	0.01891	0.00834	0.00261	0.00478	0.01683	0.00625	0.00638
13	0.10853	0.01538	0.01676	0.01419	0.04078	0.01676	0.01108	0.35281	0.12065	0.09243	0.08806	0.02158	0.01844	0.00868	0.00661	0.00209	0.00624	0.00680	0.04187	0.01028

[dist]
# distance from previous block
# <min> <max>
0	3

[block]
# block no. 5 follows, 31 sequences, length 9
# corresponding to MSA columns:
# 184-192
name=unknown_F
#
# <colnr> <probs for GDERKNQSTAVLIFYWHMCP>
#	G	D	E	R	K	N	Q	S	T	A	V	L	I	F	Y	W	H	M	C	P
0	0.01624	0.12214	0.06912	0.17909	0.26120	0.01792	0.15100	0.04257	0.03635	0.02118	0.01297	0.01677	0.01030	0.00634	0.00670	0.00208	0.00890	0.00613	0.00345	0.00954
1	0.00846	0.00612	0.00779	0.00906	0.00962	0.00568	0.00603	0.00960	0.01307	0.01718	0.03953	0.61703	0.11357	0.08930	0.01108	0.00309	0.00416	0.01804	0.00615	0.00545
2	0.00852	0.00622	0.00769	0.00877	0.00945	0.00575	0.00583	0.00964	0.01310	0.01705	0.04107	0.53122	0.16204	0.12519	0.01231	0.00324	0.00426	0.01721	0.00604	0.00540
3	0.05600	0.05007	0.09462	0.09863	0.18652	0.01633	0.27711	0.02092	0.04290	0.02175	0.01490	0.06175	0.01250	0.00714	0.00715	0.00221	0.00918	0.00740	0.00368	0.00924
4	0.01666	0.01740	0.11367	0.12352	0.20942	0.01522	0.14801	0.06962	0.04224	0.07074	0.01720	0.06100	0.01440	0.00810	0.00726	0.00225	0.00855	0.04081	0.00433	0.00959
5	0.02247	0.01531	0.01700	0.01373	0.01819	0.01637	0.01106	0.42567	0.07375	0.12614	0.02510	0.11504	0.06773	0.01065	0.00719	0.00219	0.00641	0.00864	0.00697	0.01039
6	0.01886	0.01452	0.01601	0.06485	0.07455	0.07244	0.01133	0.16100	0.14238	0.11205	0.02801	0.07767	0.11596	0.01028	0.00701	0.00216	0.00644	0.00849	0.04666	0.00932
7	0.01933	0.04924	0.01713	0.01564	0.06517	0.18048	0.01147	0.07004	0.10671	0.11341	0.05758	0.06963	0.01980	0.03644	0.06689	0.00301	0.04263	0.04135	0.00535	0.00869
8	0.01937	0.16901	0.20388	0.04318	0.11063	0.01878	0.05128	0.16051	0.04652	0.09118	0.01474	0.01608	0.01094	0.00694	0.00633	0.00200	0.00823	0.00560	0.00449	0.01030

[dist]
# distance from previous block
# <min> <max>
0	12

[block]
# block no. 6 follows, 31 sequences, length 31
# corresponding to MSA columns:
# 205-235
name=unknown_G
#
# <colnr> <probs for GDERKNQSTAVLIFYWHMCP>
#	G	D	E	R	K	N	Q	S	T	A	V	L	I	F	Y	W	H	M	C	P
0	0.09096	0.09828	0.09692	0.01527	0.02065	0.14319	0.05376	0.12447	0.15979	0.02573	0.01534	0.01620	0.01181	0.00714	0.00611	0.00192	0.00797	0.00546	0.00471	0.09431
1	0.01701	0.01193	0.01363	0.01208	0.01530	0.01247	0.00964	0.24265	0.07909	0.07448	0.08458	0.14922	0.10515	0.01329	0.00767	0.00236	0.00557	0.10032	0.03489	0.00865
2	0.01781	0.03976	0.08278	0.01617	0.07729	0.03480	0.03580	0.08374	0.08668	0.08719	0.01526	0.01667	0.01175	0.00690	0.00721	0.00175	0.05955	0.00541	0.00470	0.30879
3	0.01194	0.00935	0.01127	0.01030	0.03617	0.00790	0.00748	0.01500	0.03910	0.04809	0.14643	0.14247	0.19280	0.01218	0.00701	0.00189	0.00436	0.01047	0.00576	0.28004
4	0.01908	0.41870	0.08878	0.01380	0.01916	0.09799	0.01305	0.04615	0.11780	0.04902	0.01352	0.01448	0.01102	0.00704	0.00622	0.00181	0.04438	0.00480	0.00395	0.00926
5	0.01419	0.01216	0.01419	0.01013	0.01621	0.00912	0.00811	0.01723	0.01419	0.02229	0.01216	0.01419	0.01013	0.00507	0.00507	0.00101	0.00507	0.00405	0.00405	0.80139
6	0.01057	0.00851	0.01104	0.01095	0.01215	0.04417	0.00832	0.01272	0.01130	0.01565	0.01828	0.02806	0.01752	0.12426	0.62248	0.01008	0.01679	0.00746	0.00371	0.00599
7	0.01474	0.05545	0.32546	0.02103	0.02851	0.01585	0.26577	0.04590	0.01635	0.02308	0.10415	0.02061	0.01669	0.00724	0.00720	0.00218	0.00952	0.00710	0.00385	0.00931
8	0.00847	0.00686	0.00752	0.00754	0.00952	0.00591	0.00558	0.01048	0.01621	0.02039	0.21072	0.12539	0.50758	0.01695	0.00814	0.00232	0.00346	0.01443	0.00662	0.00591
9	0.00834	0.00595	0.00794	0.00953	0.00992	0.00556	0.00635	0.00953	0.01310	0.01746	0.03771	0.75510	0.04525	0.02143	0.00873	0.00278	0.00397	0.01945	0.00635	0.00556
10	0.01911	0.11420	0.11046	0.01650	0.02154	0.23569	0.09996	0.04790	0.09148	0.04873	0.04526	0.02076	0.06188	0.00801	0.00654	0.00198	0.00895	0.00644	0.02579	0.00882
11	0.01693	0.05465	0.01888	0.01600	0.04591	0.05658	0.07324	0.05232	0.44589	0.02563	0.02419	0.07615	0.01980	0.03301	0.00788	0.00239	0.00657	0.00817	0.00596	0.00985
12	0.01037	0.00723	0.00939	0.01019	0.01135	0.00706	0.00752	0.04006	0.01458	0.03829	0.05565	0.42744	0.08565	0.06040	0.06111	0.00353	0.00568	0.13223	0.00615	0.00612
13	0.01284	0.00759	0.00811	0.00781	0.00968	0.00760	0.00588	0.07650	0.01633	0.02578	0.08127	0.11210	0.08117	0.01075	0.00594	0.00187	0.00370	0.00896	0.50940	0.00672
14	0.01615	0.22986	0.12951	0.02425	0.16733	0.01904	0.23493	0.02066	0.01513	0.02015	0.01511	0.01796	0.04669	0.00657	0.00655	0.00199	0.00903	0.00634	0.00337	0.00937
15	0.01182	0.00981	0.01231	0.01186	0.01317	0.04828	0.00912	0.05116	0.01275	0.01753	0.01929	0.10487	0.01916	0.07984	0.47351	0.00817	0.07834	0.00846	0.00410	0.00646
16	0.12701	0.02166	0.08606	0.02507	0.21690	0.18976	0.11408	0.02210	0.01539	0.02138	0.01152	0.01481	0.00942	0.00699	0.00814	0.00213	0.08957	0.00554	0.00346	0.00900
17	0.00851	0.00615	0.00806	0.00926	0.00993	0.00570	0.00630	0.01002	0.01412	0.01893	0.13518	0.61872	0.08346	0.02016	0.00860	0.00266	0.00384	0.01818	0.00652	0.00570
18	0.02863	0.01121	0.01506	0.01169	0.01671	0.00966	0.00961	0.03119	0.01922	0.65732	0.03086	0.02718	0.08069	0.00928	0.00699	0.00213	0.00561	0.00757	0.00827	0.01111
19	0.08586	0.01254	0.01982	0.61448	0.06449	0.01555	0.01779	0.01778	0.01339	0.01879	0.01177	0.01737	0.00901	0.00704	0.00743	0.00229	0.04788	0.00586	0.00316	0.00768
20	0.01900	0.11787	0.02081	0.10654	0.02217	0.01757	0.01239	0.23338	0.01957	0.05073	0.01330	0.01537	0.01040	0.00729	0.00778	0.00183	0.09020	0.00524	0.00469	0.22386
21	0.01769	0.01631	0.04570	0.01924	0.04935	0.05226	0.22658	0.08366	0.07060	0.08704	0.01788	0.07705	0.01513	0.04547	0.00951	0.00237	0.05465	0.00781	0.00478	0.09693
22	0.01508	0.01529	0.02273	0.01896	0.01959	0.02062	0.07689	0.01696	0.01100	0.01696	0.00943	0.01529	0.00911	0.01141	0.02114	0.00293	0.67978	0.00618	0.00304	0.00764
23	0.00992	0.00675	0.00806	0.00806	0.00827	0.00696	0.00489	0.01033	0.01013	0.01371	0.02101	0.04174	0.02356	0.63956	0.15303	0.00737	0.00861	0.00951	0.00406	0.00448
24	0.01383	0.02676	0.45286	0.04113	0.02677	0.01498	0.09134	0.02206	0.10089	0.02209	0.04238	0.02105	0.03734	0.04692	0.00833	0.00244	0.00898	0.00659	0.00382	0.00943
25	0.00942	0.00790	0.01057	0.00993	0.01222	0.00707	0.05989	0.01188	0.01610	0.02047	0.16700	0.11530	0.40155	0.01640	0.00832	0.00244	0.00449	0.10651	0.00632	0.00622
26	0.00928	0.00684	0.00869	0.00852	0.01005	0.00624	0.00628	0.01202	0.01797	0.02484	0.53269	0.15454	0.14565	0.01549	0.00817	0.00226	0.00337	0.01366	0.00721	0.00624
27	0.00963	0.00682	0.00911	0.01047	0.01129	0.00663	0.00792	0.01145	0.01373	0.01809	0.03490	0.38615	0.04010	0.12177	0.01260	0.00346	0.00527	0.27894	0.00603	0.00566
28	0.01572	0.04265	0.15960	0.13698	0.30487	0.04379	0.04513	0.02206	0.08911	0.02153	0.01508	0.04638	0.01243	0.00725	0.00678	0.00214	0.00847	0.00653	0.00373	0.00976
29	0.01308	0.01182	0.01869	0.01588	0.01780	0.01413	0.11006	0.05104	0.01272	0.01837	0.01483	0.02161	0.01345	0.03087	0.38041	0.00691	0.23048	0.00698	0.00361	0.00726
30	0.00985	0.00705	0.00916	0.00976	0.01052	0.00721	0.00674	0.04410	0.01296	0.01756	0.02915	0.41626	0.03328	0.17162	0.17628	0.00534	0.00789	0.01421	0.00534	0.00571

[dist]
# distance from previous block
# <min> <max>
0	1

[block]
# block no. 7 follows, 31 sequences, length 21
# corresponding to MSA columns:
# 237-257
name=unknown_H
#
# <colnr> <probs for GDERKNQSTAVLIFYWHMCP>
#	G	D	E	R	K	N	Q	S	T	A	V	L	I	F	Y	W	H	M	C	P
0	0.00849	0.00619	0.00799	0.00913	0.00989	0.00570	0.00625	0.01001	0.01419	0.01889	0.13070	0.59012	0.11719	0.02002	0.00858	0.00265	0.00382	0.01799	0.00651	0.00570
1	0.04606	0.04096	0.01694	0.01570	0.08289	0.12604	0.02478	0.08535	0.03112	0.17479	0.08084	0.07440	0.05616	0.02932	0.03252	0.00257	0.02251	0.04245	0.00578	0.00882
2	0.01944	0.09551	0.08772	0.05740	0.08494	0.20582	0.08678	0.11793	0.04452	0.02243	0.01413	0.05562	0.01202	0.00802	0.00766	0.00208	0.05849	0.00632	0.00409	0.00907
3	0.29137	0.07297	0.02012	0.02099	0.21541	0.08586	0.06234	0.02050	0.01435	0.04020	0.01408	0.08685	0.01279	0.00780	0.00594	0.00209	0.00728	0.00639	0.00408	0.00859
4	0.01921	0.07667	0.06046	0.10568	0.14977	0.01652	0.10371	0.17410	0.01925	0.10464	0.01697	0.06642	0.01367	0.00797	0.00684	0.00211	0.00789	0.00710	0.03121	0.00982
5	0.01544	0.01083	0.01310	0.01006	0.01475	0.00882	0.00785	0.01803	0.01413	0.11385	0.01610	0.02044	0.01361	0.09616	0.07693	0.00276	0.00653	0.00548	0.02947	0.50566
6	0.01585	0.02066	0.14872	0.02933	0.16114	0.01702	0.43090	0.02148	0.01554	0.02174	0.01321	0.01738	0.01013	0.00620	0.00815	0.00226	0.04022	0.00713	0.00333	0.00960
7	0.01853	0.58060	0.14974	0.01305	0.01957	0.02382	0.01385	0.02172	0.01445	0.07412	0.01139	0.01255	0.00942	0.00617	0.00495	0.00163	0.00766	0.00415	0.00337	0.00923
8	0.01534	0.00827	0.01081	0.00945	0.01213	0.00739	0.00734	0.01828	0.01910	0.21794	0.46911	0.04470	0.10698	0.01275	0.00774	0.00216	0.00396	0.01104	0.00769	0.00783
9	0.00863	0.00665	0.00798	0.00890	0.01027	0.00599	0.00656	0.01034	0.01454	0.01834	0.05071	0.36564	0.32439	0.01934	0.00857	0.00264	0.00411	0.11431	0.00634	0.00576
10	0.19701	0.01767	0.01586	0.01319	0.01778	0.17456	0.01055	0.09803	0.06499	0.29665	0.01848	0.01763	0.01276	0.00772	0.00615	0.00204	0.00732	0.00562	0.00617	0.00984
11	0.00903	0.00690	0.01019	0.01067	0.01158	0.00646	0.05220	0.01065	0.01369	0.01841	0.09016	0.62161	0.04370	0.04803	0.00963	0.00284	0.00452	0.01775	0.00617	0.00582
12	0.01188	0.00594	0.00891	0.00891	0.00891	0.00594	0.00594	0.00891	0.00891	0.01188	0.01188	0.02080	0.01188	0.02377	0.02674	0.80095	0.00594	0.00594	0.00297	0.00297
13	0.00944	0.00698	0.00881	0.00835	0.01007	0.00635	0.00626	0.01244	0.01879	0.02607	0.61487	0.05336	0.16382	0.01450	0.00807	0.00218	0.00326	0.01269	0.00735	0.00635
14	0.01804	0.01719	0.02523	0.10025	0.50641	0.06462	0.01901	0.08804	0.05128	0.02388	0.01374	0.01712	0.01112	0.00659	0.00675	0.00205	0.00831	0.00607	0.00388	0.01043
15	0.00981	0.00719	0.01029	0.01029	0.01127	0.00817	0.00767	0.01176	0.01079	0.01536	0.01897	0.03045	0.01865	0.19274	0.59314	0.01012	0.01599	0.00785	0.00376	0.00572
16	0.00834	0.00595	0.00794	0.00953	0.00992	0.00556	0.00635	0.00953	0.01310	0.01746	0.03771	0.75510	0.04525	0.02143	0.00873	0.00278	0.00397	0.01945	0.00635	0.00556
17	0.01534	0.06293	0.57421	0.01946	0.02869	0.01700	0.07141	0.09043	0.01636	0.02365	0.01270	0.01479	0.00910	0.00660	0.00656	0.00214	0.00983	0.00533	0.00334	0.01015
18	0.01544	0.01307	0.01523	0.01358	0.01603	0.03719	0.03476	0.05896	0.30237	0.02336	0.02243	0.07527	0.01967	0.07218	0.01290	0.05623	0.11539	0.03099	0.05658	0.00836
19	0.06610	0.00869	0.00967	0.00889	0.01166	0.00794	0.00674	0.04693	0.01615	0.11711	0.07529	0.16098	0.33983	0.04172	0.00852	0.00242	0.00437	0.01230	0.00638	0.04831
20	0.02260	0.01508	0.01784	0.01756	0.12106	0.06206	0.01214	0.10814	0.18584	0.25712	0.02270	0.05905	0.01701	0.00872	0.00685	0.00211	0.00657	0.00726	0.00653	0.04375

[dist]
# distance from previous block
# <min> <max>
1	23

[block]
# block no. 8 follows, 31 sequences, length 17
# corresponding to MSA columns:
# 281-297
name=unknown_I
#
# <colnr> <probs for GDERKNQSTAVLIFYWHMCP>
#	G	D	E	R	K	N	Q	S	T	A	V	L	I	F	Y	W	H	M	C	P
0	0.06241	0.01507	0.07453	0.01326	0.01807	0.01368	0.01163	0.14593	0.01855	0.24050	0.02094	0.02120	0.05801	0.01031	0.03692	0.00241	0.09530	0.00641	0.00584	0.12903
1	0.08913	0.01701	0.07742	0.08014	0.02115	0.05073	0.01500	0.01967	0.07685	0.01946	0.01143	0.01573	0.00993	0.01008	0.01590	0.00266	0.45037	0.00580	0.00350	0.00804
2	0.01943	0.02186	0.19501	0.01833	0.07782	0.09605	0.04027	0.14492	0.12044	0.09914	0.01904	0.07022	0.01530	0.00872	0.00693	0.00218	0.00814	0.02094	0.00523	0.01003
3	0.05549	0.02013	0.03805	0.01949	0.08986	0.24607	0.13432	0.02351	0.06119	0.08087	0.01561	0.01992	0.01290	0.08063	0.06929	0.00320	0.01035	0.00641	0.00424	0.00849
4	0.01718	0.01898	0.01325	0.01233	0.01506	0.34045	0.00924	0.03652	0.01796	0.01986	0.10528	0.06544	0.21041	0.01137	0.00691	0.00199	0.00763	0.00890	0.07423	0.00704
5	0.01249	0.00960	0.01465	0.01268	0.01565	0.00883	0.12306	0.03244	0.01643	0.08196	0.10074	0.15885	0.25985	0.01493	0.00824	0.00247	0.00561	0.10825	0.00615	0.00712
6	0.02643	0.08185	0.01737	0.01215	0.01709	0.01246	0.01012	0.06084	0.07937	0.50831	0.08062	0.02428	0.02014	0.00873	0.00675	0.00207	0.00579	0.00707	0.00767	0.01088
7	0.00959	0.07699	0.01115	0.00966	0.01111	0.00837	0.00722	0.01130	0.01306	0.01710	0.03554	0.37689	0.15074	0.02703	0.19627	0.00471	0.00792	0.01396	0.00533	0.00604
8	0.02043	0.01213	0.01437	0.01242	0.01628	0.01256	0.00976	0.03076	0.33735	0.27349	0.09218	0.09077	0.02567	0.01049	0.00719	0.00227	0.00523	0.00889	0.00750	0.01025
9	0.01936	0.01441	0.01553	0.01295	0.01715	0.01554	0.01042	0.30168	0.21031	0.07336	0.03267	0.03221	0.17391	0.01088	0.00723	0.00222	0.00590	0.02747	0.00685	0.00994
10	0.00864	0.00683	0.00778	0.00780	0.00965	0.00597	0.00575	0.01081	0.01654	0.02132	0.27850	0.14429	0.41840	0.01672	0.00816	0.00231	0.00345	0.01436	0.00674	0.00597
11	0.17423	0.01270	0.01527	0.01195	0.01706	0.01217	0.00986	0.09782	0.01939	0.52486	0.02268	0.02034	0.01463	0.00805	0.00639	0.00211	0.00590	0.00622	0.00752	0.01086
12	0.00977	0.00733	0.01100	0.01100	0.01222	0.00855	0.00855	0.01222	0.01100	0.01588	0.01833	0.02688	0.01710	0.05131	0.73245	0.01100	0.01833	0.00733	0.00367	0.00611
13	0.00948	0.00659	0.00840	0.00932	0.01016	0.00621	0.00635	0.01138	0.03414	0.03888	0.10052	0.54711	0.08364	0.08076	0.01068	0.00298	0.00419	0.01700	0.00636	0.00587
14	0.01415	0.01161	0.01298	0.01373	0.04559	0.07287	0.01031	0.12378	0.01768	0.02268	0.02951	0.25365	0.03200	0.05018	0.00958	0.00285	0.00645	0.25728	0.00593	0.00719
15	0.00838	0.00603	0.00795	0.00940	0.00991	0.00560	0.00631	0.00966	0.01342	0.01787	0.06394	0.70342	0.07078	0.02101	0.00868	0.00274	0.00392	0.01900	0.00639	0.00560
16	0.11708	0.01440	0.07960	0.01120	0.01682	0.01125	0.00985	0.07346	0.01551	0.05237	0.01471	0.05894	0.01244	0.00685	0.00552	0.00152	0.00565	0.00540	0.03765	0.44978

[dist]
# distance from previous block
# <min> <max>
0	5

[block]
# block no. 9 follows, 31 sequences, length 13
# corresponding to MSA columns:
# 303-315
name=unknown_J
#
# <colnr> <probs for GDERKNQSTAVLIFYWHMCP>
#	G	D	E	R	K	N	Q	S	T	A	V	L	I	F	Y	W	H	M	C	P
0	0.01901	0.04845	0.07642	0.02100	0.18420	0.13415	0.01447	0.06693	0.19980	0.07325	0.04331	0.02201	0.05049	0.00824	0.00673	0.00208	0.00764	0.00676	0.00515	0.00992
1	0.01466	0.01122	0.01344	0.01002	0.01527	0.00873	0.00797	0.01770	0.01550	0.07634	0.13496	0.02128	0.02009	0.00687	0.00573	0.00129	0.00480	0.00571	0.00499	0.60341
2	0.01952	0.44565	0.10759	0.05058	0.02136	0.15308	0.01398	0.08144	0.01657	0.01930	0.01076	0.01246	0.00904	0.00640	0.00529	0.00169	0.00865	0.00429	0.00338	0.00897
3	0.01036	0.00688	0.00867	0.00893	0.01023	0.00658	0.00645	0.01230	0.01442	0.05173	0.15034	0.25282	0.13545	0.10303	0.09745	0.00390	0.00589	0.03893	0.06960	0.00602
4	0.02066	0.12074	0.11273	0.02189	0.15365	0.10895	0.08916	0.15551	0.04634	0.08382	0.01463	0.01618	0.01105	0.00694	0.00652	0.00199	0.00875	0.00578	0.00453	0.01015
5	0.01159	0.01188	0.08946	0.01116	0.01428	0.00992	0.00977	0.01856	0.16614	0.02453	0.29961	0.04430	0.14105	0.01515	0.04931	0.00280	0.00560	0.06083	0.00640	0.00768
6	0.00839	0.00613	0.00790	0.00918	0.00987	0.00564	0.00623	0.00977	0.01377	0.01820	0.08312	0.63448	0.12114	0.02051	0.00862	0.00269	0.00387	0.01845	0.00642	0.00564
7	0.03147	0.01261	0.01479	0.01512	0.07510	0.07545	0.03161	0.04366	0.13843	0.06381	0.02391	0.20974	0.02292	0.01886	0.13142	0.00380	0.02837	0.00995	0.04091	0.00808
8	0.01656	0.04800	0.05787	0.04823	0.13562	0.01754	0.46290	0.04448	0.05586	0.02270	0.01431	0.01813	0.01094	0.00615	0.00754	0.00222	0.01026	0.00737	0.00371	0.00961
9	0.00839	0.00668	0.00739	0.00774	0.00939	0.00583	0.00553	0.01001	0.01497	0.01867	0.11221	0.23350	0.45562	0.06064	0.00978	0.00266	0.00375	0.01525	0.00632	0.00568
10	0.00889	0.00658	0.00838	0.00967	0.01040	0.00632	0.00658	0.01131	0.05871	0.01826	0.03887	0.66756	0.08203	0.02040	0.00858	0.00272	0.00404	0.01839	0.00639	0.00592
11	0.01871	0.02131	0.03040	0.11317	0.09899	0.20944	0.33894	0.04610	0.01722	0.02077	0.01275	0.01656	0.00989	0.00636	0.00724	0.00212	0.01099	0.00659	0.00354	0.00892
12	0.01066	0.00884	0.01204	0.06623	0.01532	0.00863	0.05008	0.01473	0.08464	0.02092	0.15847	0.25111	0.15926	0.05114	0.00920	0.00255	0.00494	0.01302	0.00596	0.05228

[dist]
# distance from previous block
# <min> <max>
3	21

[block]
# block no. 10 follows, 31 sequences, length 13
# corresponding to MSA columns:
# 337-349
name=unknown_K
#
# <colnr> <probs for GDERKNQSTAVLIFYWHMCP>
#	G	D	E	R	K	N	Q	S	T	A	V	L	I	F	Y	W	H	M	C	P
0	0.01484	0.09271	0.02046	0.23446	0.18321	0.01439	0.01488	0.04749	0.01548	0.05301	0.04507	0.09395	0.03862	0.01144	0.03742	0.00259	0.00778	0.05942	0.00438	0.00838
1	0.01092	0.00769	0.00890	0.00850	0.01100	0.00661	0.00655	0.01310	0.01618	0.08075	0.14645	0.11286	0.40860	0.01574	0.00794	0.00229	0.00401	0.06640	0.00654	0.05895
2	0.01461	0.01861	0.17969	0.21916	0.18895	0.01519	0.05146	0.04425	0.08016	0.02216	0.04633	0.02175	0.05247	0.00770	0.00694	0.00219	0.00827	0.00684	0.00398	0.00928
3	0.01480	0.01478	0.07682	0.20631	0.09028	0.01414	0.09753	0.10935	0.01593	0.02180	0.01504	0.02196	0.01287	0.11089	0.10349	0.00384	0.00983	0.00682	0.00391	0.04959
4	0.01023	0.00985	0.06968	0.01183	0.04001	0.00797	0.00929	0.01383	0.05140	0.02143	0.19708	0.31536	0.09634	0.01652	0.00826	0.00254	0.00481	0.10057	0.00625	0.00675
5	0.01157	0.00925	0.01071	0.01008	0.01233	0.03328	0.03356	0.04676	0.04641	0.04649	0.08280	0.18128	0.31059	0.06645	0.03984	0.00303	0.00547	0.03739	0.00608	0.00664
6	0.01768	0.15480	0.10865	0.06618	0.11353	0.11819	0.01469	0.11265	0.04403	0.02212	0.01581	0.05799	0.01420	0.04151	0.03783	0.00259	0.00876	0.03571	0.00418	0.00891
7	0.01819	0.01822	0.05334	0.10880	0.05183	0.09379	0.14157	0.16691	0.14994	0.02628	0.02162	0.02291	0.07870	0.00836	0.00712	0.00218	0.00835	0.00735	0.00505	0.00948
8	0.01229	0.01452	0.11896	0.07633	0.01762	0.07994	0.01104	0.03304	0.03652	0.02082	0.16295	0.19600	0.11538	0.06257	0.00939	0.00259	0.00627	0.01131	0.00538	0.00708
9	0.08105	0.01208	0.05296	0.03640	0.10400	0.02740	0.01036	0.06063	0.03350	0.02339	0.14832	0.11463	0.04383	0.08890	0.05619	0.00315	0.00662	0.00918	0.04908	0.03832
10	0.01660	0.01402	0.04042	0.01506	0.07861	0.07873	0.01115	0.11982	0.03855	0.08427	0.06611	0.15078	0.08298	0.01244	0.00750	0.00227	0.00641	0.10467	0.00587	0.06373
11	0.08018	0.18574	0.09951	0.01669	0.09000	0.01797	0.04145	0.13852	0.07281	0.05410	0.01581	0.05771	0.01330	0.02743	0.00683	0.00206	0.00719	0.00622	0.00463	0.06187
12	0.01862	0.04661	0.13657	0.02242	0.19831	0.07224	0.04573	0.12744	0.01817	0.08398	0.01681	0.09530	0.01448	0.00848	0.00716	0.00209	0.02527	0.00719	0.00462	0.04850

[dist]
# distance from previous block
# <min> <max>
0	2

[block]
# block no. 11 follows, 31 sequences, length 26
# corresponding to MSA columns:
# 352-377
name=unknown_L
#
# <colnr> <probs for GDERKNQSTAVLIFYWHMCP>
#	G	D	E	R	K	N	Q	S	T	A	V	L	I	F	Y	W	H	M	C	P
0	0.08395	0.08170	0.05323	0.10752	0.02291	0.09980	0.05542	0.14333	0.05782	0.06963	0.05259	0.02390	0.01645	0.01007	0.03063	0.00244	0.00826	0.06646	0.00501	0.00889
1	0.01585	0.04380	0.04650	0.20944	0.23565	0.05444	0.10963	0.06446	0.01640	0.02178	0.04860	0.07217	0.01524	0.00793	0.00705	0.00216	0.00853	0.00743	0.00393	0.00899
2	0.01731	0.19948	0.17393	0.04713	0.18136	0.01849	0.06390	0.07697	0.04189	0.04764	0.03641	0.01668	0.01220	0.00673	0.00624	0.00194	0.00813	0.00567	0.00392	0.03400
3	0.01726	0.01622	0.11404	0.01721	0.09213	0.03769	0.06994	0.09579	0.07338	0.12358	0.09103	0.08217	0.07716	0.05068	0.00876	0.00244	0.00698	0.00880	0.00563	0.00911
4	0.01900	0.00984	0.01308	0.01235	0.05250	0.00909	0.00897	0.02282	0.07040	0.31248	0.17852	0.15294	0.08388	0.01238	0.00753	0.00226	0.00488	0.01072	0.00737	0.00898
5	0.04201	0.01344	0.07998	0.13249	0.09891	0.01239	0.05114	0.06449	0.05894	0.02142	0.02225	0.14907	0.03542	0.05835	0.01023	0.04601	0.00714	0.08389	0.00470	0.00777
6	0.01850	0.07922	0.24647	0.02400	0.20175	0.12866	0.05816	0.02410	0.05345	0.08084	0.01415	0.01609	0.01072	0.00671	0.00651	0.00203	0.00921	0.00559	0.00385	0.00998
7	0.12127	0.02293	0.01890	0.09441	0.02285	0.36383	0.04996	0.05855	0.03283	0.06796	0.01285	0.01494	0.00999	0.00737	0.00704	0.00201	0.04980	0.00518	0.02900	0.00833
8	0.01008	0.00698	0.00871	0.00901	0.00982	0.00698	0.00609	0.02650	0.01238	0.03224	0.03039	0.26622	0.09192	0.29465	0.15149	0.00562	0.00766	0.01271	0.00511	0.00544
9	0.02150	0.13271	0.07802	0.01947	0.10362	0.18769	0.08143	0.11385	0.01884	0.11652	0.01550	0.05289	0.01250	0.00766	0.00650	0.00197	0.00890	0.00623	0.00462	0.00957
10	0.03337	0.10315	0.03878	0.07724	0.06749	0.11471	0.01228	0.08775	0.14871	0.04942	0.08872	0.08134	0.02072	0.01091	0.03369	0.00242	0.00759	0.00762	0.00520	0.00889
11	0.00869	0.00629	0.00800	0.00914	0.00993	0.00591	0.00632	0.01011	0.01335	0.01771	0.04009	0.53299	0.14140	0.05467	0.04945	0.00331	0.00486	0.04057	0.03162	0.00561
12	0.01096	0.00742	0.00979	0.00981	0.01054	0.00780	0.00687	0.01213	0.01237	0.05474	0.08186	0.25346	0.03107	0.24389	0.13245	0.03090	0.06111	0.01203	0.00513	0.00568
13	0.01352	0.01221	0.01587	0.17237	0.09516	0.06088	0.01255	0.04862	0.04794	0.01934	0.02178	0.14802	0.04611	0.06043	0.11098	0.00385	0.06002	0.03848	0.00445	0.00743
14	0.01588	0.15230	0.08132	0.02479	0.08630	0.01806	0.42258	0.02071	0.01545	0.02061	0.01560	0.04569	0.03452	0.00682	0.00723	0.00214	0.00986	0.00755	0.00352	0.00909
15	0.01086	0.00743	0.01052	0.01038	0.01135	0.00827	0.00768	0.01232	0.01111	0.04253	0.01978	0.08187	0.01980	0.16839	0.44652	0.07386	0.03906	0.00849	0.00405	0.00573
16	0.01376	0.00916	0.01100	0.01023	0.01255	0.00908	0.00774	0.06319	0.10629	0.10130	0.23781	0.15670	0.11078	0.07536	0.01008	0.00269	0.00466	0.04322	0.00687	0.00753
17	0.01809	0.03427	0.02015	0.04030	0.09483	0.12090	0.09165	0.12545	0.11768	0.04904	0.18796	0.02608	0.02534	0.00901	0.00714	0.00209	0.00740	0.00783	0.00561	0.00914
18	0.02079	0.10160	0.05405	0.01647	0.02161	0.07996	0.10779	0.21387	0.15937	0.08469	0.01892	0.05813	0.01488	0.00838	0.00680	0.00210	0.00784	0.00705	0.00560	0.01010
19	0.01881	0.34571	0.02532	0.01514	0.06800	0.19481	0.01198	0.02195	0.04867	0.01837	0.01264	0.01486	0.01082	0.00861	0.03419	0.00208	0.04367	0.00477	0.09123	0.00839
20	0.07154	0.01443	0.02125	0.02821	0.40713	0.01427	0.01546	0.06259	0.04520	0.02435	0.04256	0.05888	0.03057	0.00761	0.00653	0.00195	0.00680	0.00684	0.00430	0.12950
21	0.12398	0.22195	0.14699	0.01599	0.08459	0.05226	0.01391	0.06477	0.06062	0.02297	0.01329	0.03965	0.01116	0.00694	0.00560	0.00183	0.00738	0.00519	0.00393	0.09698
22	0.01732	0.04451	0.13229	0.01357	0.01729	0.01372	0.01231	0.15420	0.01654	0.10228	0.01656	0.06011	0.01430	0.05170	0.06646	0.16287	0.08438	0.00690	0.00466	0.00801
23	0.00964	0.00657	0.00785	0.00814	0.00832	0.00660	0.00493	0.01006	0.01062	0.01426	0.02427	0.17453	0.02798	0.56336	0.08891	0.00629	0.00713	0.01148	0.00451	0.00457
24	0.01127	0.01119	0.05395	0.01284	0.06149	0.05409	0.00934	0.01443	0.04840	0.01992	0.09146	0.34500	0.13492	0.01583	0.00793	0.00242	0.00527	0.04987	0.00577	0.04461
25	0.01972	0.10535	0.07538	0.14656	0.20441	0.18568	0.01679	0.10267	0.01799	0.04448	0.01267	0.01537	0.00997	0.00678	0.00637	0.00196	0.00919	0.00538	0.00385	0.00944

[dist]
# distance from previous block
# <min> <max>
9	11

[block]
# block no. 12 follows, 31 sequences, length 11
# corresponding to MSA columns:
# 391-401
name=unknown_M
#
# <colnr> <probs for GDERKNQSTAVLIFYWHMCP>
#	G	D	E	R	K	N	Q	S	T	A	V	L	I	F	Y	W	H	M	C	P
0	0.01530	0.19042	0.05755	0.05337	0.12661	0.07383	0.09568	0.01831	0.01460	0.01856	0.01991	0.13469	0.06988	0.00991	0.00806	0.00215	0.07070	0.00832	0.00392	0.00824
1	0.01087	0.00748	0.00925	0.00960	0.01106	0.00707	0.00686	0.06115	0.01595	0.05590	0.12202	0.47361	0.14657	0.01829	0.00832	0.00254	0.00415	0.01623	0.00664	0.00645
2	0.05399	0.08264	0.02562	0.16719	0.09573	0.11692	0.15821	0.04250	0.03949	0.07648	0.01362	0.01674	0.01049	0.00710	0.00784	0.00215	0.06432	0.00607	0.00395	0.00894
3	0.01927	0.18200	0.10748	0.01464	0.01961	0.12453	0.01332	0.19029	0.01880	0.02408	0.01303	0.01606	0.01087	0.04382	0.05483	0.00266	0.06296	0.00529	0.00420	0.07227
4	0.01013	0.00673	0.00918	0.01018	0.01109	0.00659	0.00737	0.01178	0.01330	0.05388	0.03325	0.48698	0.03779	0.05963	0.12027	0.00422	0.00667	0.09903	0.00594	0.00598
5	0.01111	0.00800	0.01083	0.01053	0.01160	0.00919	0.00789	0.01385	0.06150	0.01681	0.01853	0.02783	0.01746	0.14006	0.40271	0.09448	0.05711	0.00742	0.06716	0.00594
6	0.05067	0.08100	0.05469	0.02185	0.14537	0.20648	0.10581	0.11891	0.03669	0.02305	0.01318	0.01664	0.01089	0.04596	0.00858	0.00225	0.03898	0.00583	0.00402	0.00916
7	0.04943	0.01443	0.03958	0.11023	0.05530	0.01461	0.14237	0.16449	0.05689	0.05642	0.05354	0.10293	0.05092	0.01172	0.04356	0.00270	0.00807	0.00869	0.00521	0.00890
8	0.01086	0.00742	0.01092	0.01089	0.01226	0.00828	0.00838	0.01317	0.01177	0.05863	0.02119	0.11455	0.02049	0.04512	0.60135	0.00947	0.01584	0.00877	0.00428	0.00638
9	0.01773	0.06584	0.05280	0.07932	0.14559	0.03236	0.01415	0.14672	0.06413	0.07558	0.02011	0.11957	0.01838	0.01037	0.00804	0.00229	0.05181	0.06078	0.00517	0.00927
10	0.04667	0.07558	0.04892	0.01978	0.15972	0.12910	0.01373	0.17000	0.04782	0.10786	0.01534	0.01714	0.01180	0.01023	0.03697	0.06067	0.00845	0.00574	0.00487	0.00959

[dist]
# distance from previous block
# <min> <max>
1	12

[block]
# block no. 13 follows, 31 sequences, length 19
# corresponding to MSA columns:
# 414-432
name=unknown_N
#
# <colnr> <probs for GDERKNQSTAVLIFYWHMCP>
#	G	D	E	R	K	N	Q	S	T	A	V	L	I	F	Y	W	H	M	C	P
0	0.03904	0.07399	0.11731	0.01661	0.08138	0.06352	0.04008	0.16306	0.04151	0.02552	0.02012	0.08466	0.06897	0.00884	0.00654	0.00195	0.00727	0.00727	0.00477	0.12759
1	0.01414	0.03151	0.01460	0.01614	0.14466	0.02647	0.01007	0.06673	0.03805	0.05977	0.09641	0.23874	0.06178	0.06171	0.00913	0.00250	0.00554	0.01115	0.04078	0.05012
2	0.01994	0.51112	0.05167	0.04329	0.02011	0.16538	0.01281	0.07159	0.01635	0.01845	0.01043	0.01205	0.00901	0.00632	0.00509	0.00162	0.00848	0.00413	0.00334	0.00882
3	0.04697	0.01391	0.07355	0.01285	0.01724	0.01222	0.05441	0.06754	0.12175	0.07090	0.08855	0.05841	0.11646	0.00997	0.00755	0.00205	0.04130	0.00827	0.02613	0.14997
4	0.07851	0.27189	0.29702	0.04426	0.09459	0.01977	0.04601	0.03840	0.01466	0.02101	0.01137	0.01363	0.00899	0.00626	0.00573	0.00192	0.00856	0.00478	0.00319	0.00944
5	0.00927	0.00777	0.00817	0.00808	0.01037	0.00713	0.00604	0.01313	0.09719	0.02017	0.10272	0.11710	0.53547	0.01650	0.00800	0.00234	0.00372	0.01393	0.00650	0.00640
6	0.01100	0.00760	0.00910	0.00873	0.01094	0.00656	0.00639	0.01296	0.01543	0.07791	0.14982	0.25040	0.26153	0.04534	0.00891	0.00244	0.00406	0.01364	0.00638	0.09087
7	0.07442	0.01310	0.01566	0.01276	0.01721	0.01328	0.02588	0.16039	0.13236	0.30815	0.02636	0.08112	0.05144	0.00978	0.00690	0.00219	0.00588	0.00804	0.02477	0.01030
8	0.08489	0.01473	0.02115	0.05059	0.31820	0.04033	0.03901	0.02455	0.08042	0.17276	0.05118	0.02187	0.01602	0.00771	0.00677	0.00213	0.00717	0.02526	0.00515	0.01011
9	0.00993	0.00657	0.00746	0.00758	0.00768	0.00654	0.00434	0.01016	0.01037	0.01409	0.02286	0.09995	0.02618	0.67127	0.03156	0.00613	0.00628	0.01055	0.03615	0.00435
10	0.01065	0.00776	0.01051	0.01188	0.01355	0.00761	0.01029	0.01362	0.01573	0.02022	0.04042	0.07574	0.12488	0.01870	0.00928	0.00304	0.00594	0.58766	0.00631	0.00623
11	0.05766	0.22872	0.18926	0.03708	0.02033	0.07158	0.03256	0.03932	0.04440	0.02058	0.04964	0.02336	0.11512	0.00994	0.03110	0.00227	0.00800	0.00656	0.00405	0.00848
12	0.01675	0.01658	0.02493	0.23539	0.39447	0.07534	0.04897	0.04072	0.04099	0.02133	0.01317	0.01729	0.01055	0.00655	0.00681	0.00210	0.00879	0.00610	0.00353	0.00964
13	0.01133	0.00701	0.00858	0.00852	0.00913	0.00696	0.00542	0.01198	0.01128	0.06996	0.02397	0.14401	0.02634	0.51527	0.10587	0.00620	0.00747	0.01079	0.00475	0.00516
14	0.01464	0.01066	0.01152	0.01052	0.01326	0.04155	0.00802	0.09495	0.09382	0.09859	0.16407	0.17133	0.21146	0.01413	0.00772	0.00229	0.00484	0.01204	0.00679	0.00781
15	0.01854	0.17439	0.18684	0.07689	0.05481	0.04174	0.05949	0.07537	0.04174	0.12465	0.01630	0.05357	0.01302	0.02494	0.00706	0.00214	0.00814	0.00635	0.00447	0.00954
16	0.00935	0.00664	0.00807	0.00898	0.00974	0.00642	0.00601	0.01149	0.04973	0.01799	0.03601	0.48926	0.09389	0.14412	0.01272	0.00328	0.00440	0.01591	0.06030	0.00567
17	0.21952	0.13013	0.02160	0.01785	0.10388	0.23431	0.05544	0.02349	0.01567	0.07668	0.01188	0.01373	0.00945	0.00678	0.00623	0.00195	0.03400	0.00481	0.00397	0.00864
18	0.01909	0.05350	0.02506	0.14285	0.35608	0.09486	0.04090	0.11060	0.01800	0.05444	0.01348	0.01662	0.01061	0.00668	0.00666	0.00203	0.00864	0.00590	0.00401	0.01000

[dist]
# distance from previous block
# <min> <max>
0	1

[block]
# block no. 14 follows, 31 sequences, length 13
# corresponding to MSA columns:
# 434-446
name=unknown_O
#
# <colnr> <probs for GDERKNQSTAVLIFYWHMCP>
#	G	D	E	R	K	N	Q	S	T	A	V	L	I	F	Y	W	H	M	C	P
0	0.01840	0.01389	0.04178	0.01215	0.01725	0.01223	0.01014	0.13225	0.01771	0.13299	0.03870	0.01872	0.01380	0.04294	0.00855	0.00186	0.06272	0.00558	0.00520	0.39313
1	0.01618	0.10724	0.04680	0.04714	0.02030	0.05153	0.11679	0.09682	0.06999	0.05195	0.06881	0.14777	0.04437	0.01086	0.00780	0.03167	0.00710	0.00905	0.00510	0.04272
2	0.06458	0.15380	0.06467	0.01832	0.05496	0.01599	0.21787	0.01949	0.06163	0.02045	0.01789	0.10158	0.01681	0.04566	0.06448	0.00308	0.00895	0.03744	0.00410	0.00827
