[name]
unknown

[dist]
# distance from previous block
# <min> <max>
0	22

[block]
# block no. 0 follows, 33 sequences, length 13
# corresponding to MSA columns:
# 22-34
name=unknown_A
#
# <colnr> <probs for GDERKNQSTAVLIFYWHMCP>
#	G	D	E	R	K	N	Q	S	T	A	V	L	I	F	Y	W	H	M	C	P
0	0.06922	0.01239	0.01599	0.01572	0.11025	0.01218	0.01119	0.10983	0.07685	0.28755	0.02258	0.05590	0.01803	0.00931	0.00673	0.00212	0.00598	0.09137	0.00633	0.06050
1	0.01243	0.01170	0.01975	0.75282	0.04534	0.01463	0.01828	0.01682	0.01316	0.01682	0.01170	0.01755	0.00878	0.00658	0.00658	0.00219	0.00878	0.00585	0.00293	0.00731
2	0.01365	0.01170	0.01365	0.00975	0.01560	0.00878	0.00780	0.01658	0.01365	0.02145	0.01170	0.01365	0.00975	0.00488	0.00488	0.00098	0.00488	0.00390	0.00390	0.80888
3	0.01052	0.00806	0.01009	0.00988	0.04433	0.00697	0.00697	0.01307	0.01604	0.04260	0.31152	0.12481	0.19818	0.01292	0.00722	0.00197	0.00386	0.01123	0.00608	0.15367
4	0.02002	0.37488	0.02628	0.01445	0.05116	0.13436	0.01199	0.17146	0.07012	0.02264	0.01231	0.01332	0.01005	0.00654	0.00532	0.00165	0.00766	0.00457	0.00407	0.03716
5	0.00818	0.00656	0.00731	0.00739	0.00921	0.00569	0.00544	0.01013	0.01556	0.01973	0.22089	0.15406	0.47384	0.01643	0.00786	0.00225	0.00334	0.01406	0.00639	0.00569
6	0.08192	0.11839	0.08857	0.01474	0.01917	0.26504	0.01279	0.12115	0.03998	0.07448	0.01288	0.01437	0.01008	0.00915	0.04112	0.00229	0.05613	0.00490	0.00420	0.00865
7	0.01672	0.08360	0.17833	0.02183	0.08645	0.01661	0.27162	0.09989	0.04080	0.05645	0.05197	0.01812	0.01312	0.00666	0.00682	0.00206	0.00886	0.00658	0.00409	0.00944
8	0.00800	0.00580	0.00757	0.00898	0.00950	0.00536	0.00603	0.00919	0.01278	0.01688	0.03854	0.71244	0.09399	0.02033	0.00836	0.00264	0.00378	0.01836	0.00611	0.00536
9	0.00807	0.00594	0.00756	0.00872	0.00946	0.00543	0.00594	0.00942	0.01336	0.01757	0.08465	0.60962	0.15103	0.01955	0.00827	0.00257	0.00370	0.01753	0.00618	0.00543
10	0.25242	0.03844	0.01608	0.06903	0.05533	0.03983	0.01083	0.20367	0.01884	0.16554	0.03569	0.03894	0.01302	0.00766	0.00585	0.00202	0.00638	0.00579	0.00549	0.00916
11	0.17635	0.04771	0.09696	0.09854	0.11661	0.05392	0.01387	0.17245	0.04701	0.05935	0.02957	0.03379	0.01196	0.00728	0.00599	0.00202	0.00724	0.00568	0.00458	0.00912
12	0.01538	0.03367	0.03516	0.04470	0.26166	0.04627	0.01308	0.04054	0.07489	0.08387	0.04648	0.11117	0.12767	0.01032	0.00696	0.00212	0.00631	0.02609	0.00500	0.00866

[dist]
# distance from previous block
# <min> <max>
1	24

[block]
# block no. 1 follows, 33 sequences, length 20
# corresponding to MSA columns:
# 59-78
name=unknown_B
#
# <colnr> <probs for GDERKNQSTAVLIFYWHMCP>
#	G	D	E	R	K	N	Q	S	T	A	V	L	I	F	Y	W	H	M	C	P
0	0.03737	0.04874	0.16813	0.05614	0.14940	0.01317	0.03212	0.06975	0.03075	0.10304	0.12055	0.04639	0.07874	0.00885	0.00669	0.00206	0.00674	0.00756	0.00490	0.00890
1	0.05422	0.01522	0.02426	0.11630	0.54367	0.01586	0.01851	0.07052	0.03708	0.02301	0.01284	0.01639	0.01044	0.00620	0.00642	0.00200	0.00768	0.00581	0.00361	0.00998
2	0.01557	0.01257	0.01533	0.01286	0.07565	0.01036	0.00932	0.07473	0.01544	0.05690	0.01278	0.01447	0.01024	0.00536	0.00524	0.00119	0.00535	0.00436	0.00427	0.63802
3	0.01402	0.01277	0.02018	0.14576	0.37487	0.01302	0.01552	0.01836	0.04903	0.02134	0.11044	0.02419	0.03451	0.02713	0.00735	0.00209	0.00679	0.02270	0.00411	0.07582
4	0.00983	0.00706	0.00815	0.00814	0.00883	0.00719	0.00522	0.01193	0.06930	0.01556	0.05778	0.10386	0.08510	0.48858	0.08126	0.00551	0.00654	0.01045	0.00468	0.00502
5	0.01093	0.00904	0.00967	0.01036	0.01152	0.06780	0.00737	0.06911	0.01485	0.01899	0.03349	0.58017	0.06348	0.01815	0.00806	0.00253	0.00486	0.04764	0.00592	0.00607
6	0.04862	0.09205	0.01873	0.01363	0.01808	0.09356	0.01116	0.37012	0.12049	0.03190	0.07625	0.02026	0.03962	0.00839	0.00635	0.00194	0.00688	0.00640	0.00585	0.00971
7	0.05507	0.01299	0.02073	0.15767	0.42542	0.01343	0.01621	0.01762	0.01476	0.02100	0.07355	0.02465	0.10345	0.00794	0.00666	0.00204	0.00692	0.00721	0.00391	0.00878
8	0.04240	0.01961	0.10108	0.02303	0.22571	0.13315	0.04618	0.10197	0.05704	0.07772	0.01508	0.05161	0.01232	0.00770	0.00745	0.00206	0.05587	0.00627	0.00433	0.00943
9	0.05332	0.02141	0.29203	0.15516	0.09321	0.01515	0.05749	0.10591	0.01585	0.04298	0.01319	0.01634	0.00991	0.01007	0.06740	0.00279	0.00946	0.00561	0.00364	0.00908
10	0.01398	0.01229	0.01956	0.57406	0.09731	0.01469	0.01714	0.01991	0.09567	0.05060	0.01416	0.01848	0.01057	0.00687	0.00659	0.00217	0.00814	0.00607	0.00363	0.00811
11	0.05246	0.01682	0.17533	0.01426	0.01875	0.03231	0.08551	0.06131	0.08582	0.05987	0.02365	0.10264	0.09105	0.06196	0.02516	0.00266	0.03894	0.00838	0.03505	0.00808
12	0.01530	0.01595	0.13815	0.17222	0.18796	0.02850	0.01567	0.02005	0.04498	0.10605	0.08497	0.02405	0.07539	0.00808	0.00666	0.00204	0.00714	0.00698	0.00448	0.03537
13	0.01376	0.01116	0.04073	0.01625	0.10843	0.01014	0.08769	0.07325	0.01616	0.08858	0.08160	0.28868	0.08377	0.01332	0.00762	0.00232	0.00581	0.03741	0.00563	0.00771
14	0.03225	0.01387	0.10492	0.01386	0.05429	0.03030	0.04379	0.04329	0.07453	0.13043	0.10390	0.17233	0.07028	0.01101	0.00698	0.00211	0.00585	0.00958	0.00562	0.07082
15	0.01955	0.06271	0.08386	0.12227	0.09271	0.03549	0.05771	0.17607	0.04326	0.15716	0.01903	0.03890	0.04600	0.00788	0.00658	0.00204	0.00745	0.00663	0.00514	0.00958
16	0.08224	0.05850	0.17282	0.07308	0.07996	0.06423	0.03289	0.10561	0.03716	0.04302	0.05912	0.08048	0.01611	0.02438	0.00689	0.00210	0.00741	0.00680	0.00437	0.04283
17	0.05985	0.05207	0.08154	0.09327	0.13851	0.15544	0.01420	0.04013	0.04982	0.05374	0.01610	0.10848	0.01473	0.00902	0.00769	0.00213	0.06927	0.02160	0.00411	0.00832
18	0.13484	0.01734	0.11864	0.07238	0.04426	0.04920	0.11559	0.13129	0.03788	0.05518	0.05206	0.04150	0.06870	0.00826	0.00684	0.00211	0.02373	0.00694	0.00464	0.00861
19	0.06433	0.05907	0.03512	0.05281	0.01837	0.16797	0.02981	0.05015	0.09049	0.13845	0.09936	0.04138	0.01897	0.01174	0.06735	0.00266	0.00808	0.00667	0.00516	0.03206

[dist]
# distance from previous block
# <min> <max>
19	76

[block]
# block no. 2 follows, 33 sequences, length 8
# corresponding to MSA columns:
# 161-168
name=unknown_C
#
# <colnr> <probs for GDERKNQSTAVLIFYWHMCP>
#	G	D	E	R	K	N	Q	S	T	A	V	L	I	F	Y	W	H	M	C	P
0	0.01258	0.01067	0.09667	0.01051	0.01251	0.00862	0.00878	0.06041	0.05687	0.01791	0.12039	0.02368	0.01925	0.01755	0.01816	0.48363	0.00588	0.00667	0.00401	0.00524
1	0.02035	0.14410	0.06803	0.03978	0.08051	0.23416	0.04949	0.08293	0.12319	0.07352	0.01466	0.01566	0.01128	0.00693	0.00606	0.00187	0.00862	0.00533	0.00435	0.00917
2	0.01549	0.15549	0.29493	0.01679	0.06644	0.03476	0.03976	0.03704	0.03642	0.05059	0.01391	0.03816	0.01149	0.00708	0.00640	0.00188	0.02888	0.02699	0.00365	0.11385
3	0.03881	0.10439	0.14458	0.01613	0.06126	0.01515	0.08825	0.09884	0.09419	0.07683	0.12235	0.02131	0.01904	0.00769	0.00639	0.00193	0.00691	0.00658	0.00492	0.06445
4	0.13755	0.29434	0.27435	0.01404	0.02082	0.01979	0.01539	0.11495	0.01566	0.02309	0.01101	0.01248	0.00859	0.00624	0.00524	0.00182	0.00772	0.00433	0.00351	0.00908
5	0.08741	0.55848	0.02939	0.01190	0.01723	0.05813	0.01117	0.12359	0.01609	0.02065	0.01021	0.01143	0.00875	0.00607	0.00465	0.00156	0.00713	0.00392	0.00352	0.00871
6	0.01654	0.13024	0.07949	0.01341	0.01785	0.01737	0.01164	0.09394	0.43530	0.02574	0.02245	0.07177	0.01809	0.00891	0.00639	0.00210	0.00597	0.00726	0.00572	0.00979
7	0.01394	0.00968	0.01150	0.01105	0.01310	0.01001	0.00824	0.16281	0.07839	0.06531	0.02943	0.40688	0.03139	0.06043	0.00929	0.00269	0.00508	0.05715	0.00626	0.00736

[dist]
# distance from previous block
# <min> <max>
2	6

[block]
# block no. 3 follows, 33 sequences, length 10
# corresponding to MSA columns:
# 175-184
name=unknown_D
#
# <colnr> <probs for GDERKNQSTAVLIFYWHMCP>
#	G	D	E	R	K	N	Q	S	T	A	V	L	I	F	Y	W	H	M	C	P
0	0.01396	0.00913	0.01121	0.01000	0.01249	0.00905	0.00770	0.08024	0.10091	0.11415	0.43470	0.09947	0.04537	0.01236	0.00744	0.00213	0.00410	0.01075	0.00714	0.00770
1	0.11849	0.01841	0.04081	0.07464	0.05561	0.14155	0.06104	0.18943	0.07092	0.05765	0.01394	0.01546	0.01051	0.00701	0.00655	0.00194	0.03025	0.00540	0.00467	0.07573
2	0.01572	0.01361	0.04455	0.07077	0.18250	0.01320	0.02972	0.11858	0.10856	0.05832	0.09441	0.07075	0.07138	0.00914	0.00679	0.00203	0.00622	0.00798	0.00522	0.07055
3	0.01738	0.06811	0.07666	0.13174	0.22502	0.03343	0.03717	0.18564	0.01827	0.02484	0.04565	0.01711	0.01228	0.00731	0.00771	0.00205	0.07019	0.00594	0.00411	0.00939
4	0.01903	0.00968	0.01287	0.01190	0.05028	0.00902	0.00866	0.06454	0.01734	0.32359	0.14099	0.13195	0.06043	0.06620	0.04011	0.00280	0.00563	0.00963	0.00679	0.00855
5	0.01705	0.07617	0.04992	0.06880	0.11456	0.06155	0.01259	0.17335	0.03427	0.06694	0.02131	0.17472	0.03235	0.01074	0.00690	0.00216	0.00682	0.05602	0.00515	0.00861
6	0.04039	0.16859	0.08027	0.09900	0.07385	0.07578	0.05685	0.05660	0.01538	0.07426	0.01875	0.09894	0.04675	0.02852	0.00707	0.00214	0.00746	0.03697	0.00426	0.00818
7	0.00970	0.00966	0.07112	0.06786	0.01550	0.00779	0.04456	0.01203	0.01315	0.01799	0.06176	0.49071	0.03396	0.04562	0.00876	0.00256	0.00521	0.01428	0.00526	0.06252
8	0.01146	0.01031	0.01117	0.08307	0.03948	0.08830	0.00863	0.04354	0.01485	0.01853	0.06803	0.35325	0.14517	0.04724	0.00875	0.00252	0.00552	0.02853	0.00539	0.00626
9	0.07241	0.01669	0.05347	0.15856	0.24957	0.08546	0.06838	0.04117	0.05073	0.02079	0.01265	0.01642	0.01024	0.00887	0.04288	0.00251	0.07115	0.00578	0.00351	0.00875

[dist]
# distance from previous block
# <min> <max>
2	10

[block]
# block no. 4 follows, 33 sequences, length 40
# corresponding to MSA columns:
# 195-234
name=unknown_E
#
# <colnr> <probs for GDERKNQSTAVLIFYWHMCP>
#	G	D	E	R	K	N	Q	S	T	A	V	L	I	F	Y	W	H	M	C	P
0	0.04554	0.05296	0.04430	0.14440	0.18431	0.08708	0.01390	0.08104	0.01622	0.06561	0.04279	0.12175	0.01663	0.00872	0.00650	0.00201	0.00725	0.00745	0.00439	0.04715
1	0.04639	0.30947	0.07523	0.01316	0.03670	0.10095	0.01154	0.10368	0.02989	0.05895	0.05060	0.05229	0.02920	0.04703	0.00705	0.00201	0.00720	0.00595	0.00426	0.00843
2	0.10120	0.03925	0.04773	0.01568	0.08543	0.05283	0.01194	0.20808	0.03750	0.15911	0.08286	0.02004	0.01647	0.02649	0.00812	0.00215	0.06382	0.00628	0.00558	0.00941
3	0.01084	0.00735	0.00921	0.00975	0.03201	0.00682	0.00677	0.01348	0.04983	0.08441	0.15152	0.33388	0.20699	0.03521	0.00848	0.00246	0.00400	0.01417	0.00637	0.00644
4	0.01328	0.02837	0.57263	0.01698	0.02505	0.01378	0.02084	0.02037	0.03620	0.04368	0.07531	0.02211	0.01580	0.00792	0.00663	0.00216	0.00862	0.05736	0.00370	0.00922
5	0.01814	0.20345	0.12852	0.03422	0.04346	0.13252	0.03250	0.11069	0.05696	0.05273	0.01551	0.09463	0.01369	0.00829	0.00647	0.00194	0.02680	0.00645	0.00424	0.00879
6	0.04955	0.06257	0.01927	0.05255	0.02022	0.10737	0.06344	0.24874	0.03676	0.13785	0.06761	0.02188	0.01645	0.02910	0.00730	0.00213	0.00744	0.03490	0.00563	0.00927
7	0.00951	0.00722	0.01091	0.03756	0.01298	0.00846	0.00859	0.01194	0.01067	0.01534	0.01742	0.02556	0.01618	0.04782	0.71579	0.01028	0.01731	0.00701	0.00350	0.00593
8	0.00974	0.00709	0.00953	0.01087	0.01223	0.00688	0.00902	0.01222	0.01461	0.01887	0.03889	0.21660	0.11962	0.01852	0.00880	0.00286	0.00528	0.46647	0.00608	0.00585
9	0.70442	0.04124	0.01162	0.05802	0.01531	0.01538	0.00821	0.04356	0.01211	0.02860	0.00957	0.01132	0.00743	0.00619	0.00433	0.00202	0.00548	0.00380	0.00404	0.00734
10	0.01554	0.01652	0.07979	0.13457	0.58248	0.01548	0.02026	0.01980	0.01466	0.02083	0.01225	0.01628	0.01005	0.00599	0.00651	0.00200	0.00809	0.00579	0.00318	0.00996
11	0.01465	0.01411	0.01944	0.06926	0.01926	0.01860	0.01392	0.04653	0.01160	0.01763	0.00949	0.01461	0.00888	0.01032	0.01814	0.00259	0.59221	0.00558	0.00315	0.09001
12	0.01144	0.00572	0.00858	0.00858	0.00858	0.00572	0.00572	0.00858	0.00858	0.01144	0.01144	0.02001	0.01144	0.02287	0.02573	0.80846	0.00572	0.00572	0.00286	0.00286
13	0.04016	0.01519	0.01905	0.14677	0.06322	0.01715	0.05349	0.22071	0.29726	0.02896	0.01892	0.01959	0.01408	0.00778	0.00663	0.00213	0.00691	0.00655	0.00554	0.00991
14	0.01385	0.10670	0.46029	0.01917	0.04832	0.01607	0.12411	0.01998	0.01440	0.02064	0.06605	0.01691	0.01278	0.00675	0.00676	0.00205	0.02705	0.00575	0.00323	0.00916
15	0.01575	0.01499	0.02546	0.03835	0.68026	0.01496	0.01928	0.01948	0.01483	0.02120	0.01396	0.06559	0.01261	0.00684	0.00664	0.00200	0.00756	0.00671	0.00345	0.01009
16	0.02016	0.05462	0.02005	0.01928	0.16972	0.01687	0.01312	0.28710	0.13534	0.07663	0.01772	0.01992	0.01375	0.00776	0.00645	0.00196	0.00668	0.03591	0.00557	0.07140
17	0.00890	0.00656	0.00923	0.07343	0.01286	0.00677	0.00739	0.01031	0.01199	0.01607	0.02957	0.46438	0.05426	0.06484	0.14785	0.04389	0.00705	0.01414	0.00508	0.00543
18	0.06178	0.19186	0.16023	0.01724	0.06640	0.03387	0.07423	0.16497	0.01739	0.02420	0.04326	0.01542	0.01159	0.00722	0.00748	0.00198	0.08237	0.00541	0.00397	0.00913
19	0.01570	0.08311	0.58910	0.01729	0.02611	0.01530	0.02145	0.02227	0.01452	0.11544	0.01352	0.01480	0.00941	0.00646	0.00616	0.00203	0.00899	0.00500	0.00350	0.00984
20	0.01061	0.00758	0.01061	0.01212	0.01364	0.00758	0.01061	0.01364	0.01515	0.01970	0.03486	0.07426	0.03789	0.01819	0.00909	0.00303	0.00606	0.68326	0.00606	0.00606
21	0.01890	0.05184	0.01696	0.01422	0.01807	0.17686	0.01112	0.08384	0.47866	0.02556	0.02151	0.02048	0.01634	0.00823	0.00641	0.00206	0.00691	0.00645	0.00579	0.00978
22	0.03344	0.29757	0.25571	0.01398	0.02068	0.01850	0.01507	0.04859	0.07167	0.12153	0.01416	0.01475	0.01059	0.00653	0.00553	0.00180	0.00747	0.00482	0.00407	0.03357
23	0.01273	0.01200	0.02028	0.69846	0.09739	0.01470	0.01843	0.01708	0.01330	0.01718	0.01175	0.01746	0.00890	0.00653	0.00658	0.00218	0.00870	0.00585	0.00295	0.00755
24	0.01760	0.77260	0.03450	0.01126	0.01690	0.02605	0.01126	0.01971	0.01338	0.01549	0.00915	0.01056	0.00845	0.00563	0.00422	0.00141	0.00704	0.00352	0.00282	0.00845
25	0.01144	0.00572	0.00858	0.00858	0.00858	0.00572	0.00572	0.00858	0.00858	0.01144	0.01144	0.02001	0.01144	0.02287	0.02573	0.80846	0.00572	0.00572	0.00286	0.00286
26	0.01265	0.01193	0.02014	0.71205	0.08438	0.01468	0.01839	0.01701	0.01327	0.01709	0.01174	0.01748	0.00887	0.00654	0.00658	0.00218	0.00872	0.00585	0.00294	0.00749
27	0.00837	0.00726	0.00781	0.00756	0.00958	0.00671	0.00578	0.01009	0.01482	0.01808	0.09621	0.05889	0.63602	0.01611	0.00883	0.00227	0.06079	0.01317	0.00593	0.00572
28	0.00896	0.00631	0.00825	0.00946	0.01003	0.00609	0.00674	0.01032	0.01258	0.01665	0.03270	0.44949	0.03810	0.17617	0.01381	0.00353	0.00489	0.17504	0.00566	0.00523
29	0.01491	0.01440	0.05685	0.35495	0.20036	0.03163	0.01677	0.09871	0.01587	0.02148	0.01428	0.05986	0.01188	0.00742	0.00653	0.00208	0.00788	0.00653	0.04915	0.00847
30	0.01320	0.03405	0.73453	0.01876	0.02849	0.01529	0.02432	0.02085	0.01390	0.02085	0.01181	0.01390	0.00834	0.00625	0.00625	0.00208	0.00973	0.00486	0.00278	0.00973
31	0.01704	0.60825	0.09680	0.01428	0.07219	0.02377	0.01310	0.02064	0.04982	0.01706	0.01055	0.01203	0.00919	0.00588	0.00471	0.00155	0.00725	0.00402	0.00305	0.00882
32	0.00953	0.00656	0.00806	0.00806	0.00837	0.00686	0.00509	0.01014	0.00984	0.01342	0.01993	0.03860	0.02199	0.58164	0.21785	0.00747	0.00931	0.00892	0.00387	0.00448
33	0.07218	0.02163	0.07829	0.01661	0.02018	0.25918	0.05891	0.06150	0.01598	0.10894	0.01234	0.01458	0.00966	0.00813	0.01033	0.00216	0.21171	0.00529	0.00402	0.00839
34	0.00778	0.00667	0.00667	0.00667	0.00889	0.00556	0.00500	0.00945	0.01501	0.01778	0.06669	0.06336	0.72490	0.01667	0.00778	0.00222	0.00333	0.01389	0.00611	0.00556
35	0.01705	0.01575	0.08442	0.01522	0.04497	0.01528	0.03396	0.17695	0.27474	0.04771	0.08789	0.02781	0.02154	0.00961	0.00745	0.00223	0.02966	0.07220	0.00598	0.00958
36	0.01601	0.01272	0.01374	0.01220	0.01572	0.01399	0.00964	0.12121	0.41193	0.05246	0.06789	0.03339	0.13087	0.01072	0.00704	0.00223	0.00516	0.04711	0.00664	0.00934
37	0.01604	0.01534	0.02589	0.08652	0.66048	0.01560	0.01977	0.02044	0.03669	0.02139	0.01279	0.01663	0.01062	0.00601	0.00653	0.00198	0.00780	0.00591	0.00334	0.01022
38	0.63365	0.01493	0.01144	0.01012	0.01417	0.09301	0.00817	0.04207	0.05318	0.05256	0.01106	0.01217	0.00846	0.00647	0.00459	0.00201	0.00591	0.00404	0.00437	0.00763
39	0.53071	0.06420	0.01497	0.01329	0.08703	0.01668	0.00976	0.15043	0.01550	0.03008	0.01076	0.01223	0.00833	0.00640	0.00481	0.00198	0.00591	0.00425	0.00439	0.00833

[dist]
# distance from previous block
# <min> <max>
0	8

[block]
# block no. 5 follows, 33 sequences, length 11
# corresponding to MSA columns:
# 243-253
name=unknown_F
#
# <colnr> <probs for GDERKNQSTAVLIFYWHMCP>
#	G	D	E	R	K	N	Q	S	T	A	V	L	I	F	Y	W	H	M	C	P
0	0.16857	0.04920	0.01644	0.03655	0.01793	0.10441	0.01052	0.23352	0.06911	0.14445	0.05148	0.01833	0.01427	0.02882	0.00676	0.00209	0.00681	0.00580	0.00568	0.00926
1	0.01048	0.00737	0.00891	0.00856	0.01059	0.00687	0.00652	0.01363	0.05113	0.07022	0.28831	0.09682	0.28626	0.01732	0.06285	0.00284	0.00470	0.03369	0.00649	0.00645
2	0.01436	0.01975	0.24520	0.22058	0.15243	0.01459	0.08647	0.02026	0.04931	0.05100	0.01468	0.05597	0.01176	0.00718	0.00669	0.00214	0.00856	0.00652	0.00356	0.00898
3	0.01802	0.01891	0.02153	0.02009	0.10422	0.21443	0.09377	0.04085	0.01477	0.04477	0.01170	0.01550	0.00996	0.01120	0.06635	0.00281	0.24207	0.00565	0.00351	0.03989
4	0.01365	0.01170	0.01365	0.00975	0.01560	0.00878	0.00780	0.01658	0.01365	0.02145	0.01170	0.01365	0.00975	0.00488	0.00488	0.00098	0.00488	0.00390	0.00390	0.80888
5	0.00848	0.00611	0.00813	0.00959	0.01026	0.00576	0.00688	0.00999	0.01318	0.01738	0.03742	0.60664	0.07386	0.02000	0.00850	0.00272	0.00420	0.13931	0.00610	0.00549
6	0.01243	0.01170	0.01975	0.75282	0.04534	0.01463	0.01828	0.01682	0.01316	0.01682	0.01170	0.01755	0.00878	0.00658	0.00658	0.00219	0.00878	0.00585	0.00293	0.00731
7	0.02268	0.12934	0.02022	0.01531	0.01917	0.47331	0.01205	0.08611	0.06404	0.04623	0.01253	0.01386	0.01011	0.00871	0.03685	0.00210	0.01037	0.00471	0.00400	0.00831
8	0.01144	0.00572	0.00858	0.00858	0.00858	0.00572	0.00572	0.00858	0.00858	0.01144	0.01144	0.02001	0.01144	0.02287	0.02573	0.80846	0.00572	0.00572	0.00286	0.00286
9	0.07832	0.08200	0.16536	0.01578	0.02012	0.12623	0.03771	0.09532	0.03863	0.02158	0.01339	0.01878	0.01157	0.00985	0.03249	0.00247	0.16222	0.05601	0.00383	0.00835
10	0.01375	0.12598	0.64739	0.01783	0.02705	0.01663	0.02270	0.02071	0.01383	0.02018	0.01148	0.01348	0.00835	0.00618	0.00600	0.00200	0.00939	0.00470	0.00278	0.00957

[dist]
# distance from previous block
# <min> <max>
2	6

[block]
# block no. 6 follows, 33 sequences, length 30
# corresponding to MSA columns:
# 260-289
name=unknown_G
#
# <colnr> <probs for GDERKNQSTAVLIFYWHMCP>
#	G	D	E	R	K	N	Q	S	T	A	V	L	I	F	Y	W	H	M	C	P
0	0.05357	0.01318	0.01499	0.01169	0.03945	0.05080	0.03119	0.01752	0.01392	0.02154	0.01157	0.01363	0.00958	0.00510	0.00504	0.00114	0.00558	0.00409	0.00384	0.67258
1	0.01851	0.09910	0.11798	0.07241	0.20851	0.09482	0.01556	0.07063	0.03823	0.10218	0.01384	0.01562	0.01056	0.00644	0.00604	0.00182	0.00783	0.00524	0.00410	0.09057
2	0.06280	0.43717	0.18549	0.01459	0.06958	0.02044	0.01412	0.01974	0.01376	0.04162	0.01414	0.01542	0.05367	0.00659	0.00513	0.00171	0.00730	0.00474	0.00329	0.00871
3	0.00827	0.00608	0.00779	0.00890	0.00973	0.00560	0.00624	0.00979	0.01367	0.01801	0.10388	0.55131	0.14615	0.01923	0.00829	0.00257	0.00382	0.05896	0.00621	0.00550
4	0.01076	0.02929	0.04513	0.00972	0.01166	0.00790	0.00761	0.04101	0.04726	0.04458	0.20742	0.36962	0.08363	0.01556	0.00764	0.00232	0.00422	0.01375	0.03434	0.00656
5	0.08492	0.19501	0.09271	0.16616	0.04708	0.17877	0.04867	0.02042	0.01435	0.01832	0.01073	0.01370	0.00875	0.00656	0.00650	0.00189	0.05048	0.00476	0.02221	0.00801
6	0.01041	0.00715	0.00810	0.00760	0.00995	0.00615	0.00579	0.01254	0.01633	0.09355	0.23102	0.05550	0.48203	0.01497	0.00766	0.00216	0.00351	0.01264	0.00661	0.00631
7	0.00798	0.00641	0.00713	0.00752	0.00916	0.00555	0.00542	0.00962	0.01463	0.01823	0.11371	0.26236	0.47415	0.01753	0.00796	0.00234	0.00345	0.01510	0.00621	0.00555
8	0.01305	0.01521	0.12682	0.01721	0.10902	0.01267	0.08174	0.02073	0.18822	0.02284	0.14365	0.03178	0.14639	0.00998	0.00753	0.00216	0.02859	0.00870	0.00519	0.00851
9	0.06079	0.04490	0.11956	0.12535	0.21314	0.18708	0.06341	0.03753	0.01538	0.01993	0.01138	0.01462	0.00912	0.00654	0.00696	0.00199	0.04500	0.00527	0.00328	0.00876
10	0.07684	0.21143	0.09108	0.10091	0.20494	0.05923	0.06810	0.04307	0.04820	0.02061	0.01193	0.01456	0.00965	0.00618	0.00580	0.00188	0.00803	0.00513	0.00341	0.00902
11	0.00814	0.00582	0.00778	0.00930	0.00974	0.00545	0.00632	0.00938	0.01272	0.01694	0.03622	0.73209	0.04328	0.02051	0.00843	0.00269	0.00392	0.04977	0.00611	0.00538
12	0.18911	0.01738	0.02154	0.11946	0.21161	0.14261	0.09615	0.02033	0.01418	0.02110	0.01097	0.01448	0.00894	0.00667	0.00747	0.00208	0.07892	0.00530	0.00339	0.00833
13	0.00955	0.00669	0.00863	0.00869	0.00920	0.00714	0.00589	0.01058	0.01019	0.01401	0.02011	0.03770	0.02161	0.46120	0.30584	0.00787	0.01071	0.03570	0.00389	0.00480
14	0.06173	0.08761	0.15857	0.01957	0.16982	0.05050	0.05841	0.04078	0.01516	0.02160	0.09578	0.04237	0.04425	0.02595	0.00727	0.00204	0.02370	0.00668	0.00399	0.06421
15	0.01501	0.06855	0.43758	0.01650	0.02374	0.04465	0.03913	0.10911	0.03725	0.02259	0.01612	0.05326	0.03670	0.04218	0.00762	0.00225	0.00859	0.00626	0.00377	0.00914
16	0.01365	0.01170	0.01365	0.00975	0.01560	0.00878	0.00780	0.01658	0.01365	0.02145	0.01170	0.01365	0.00975	0.00488	0.00488	0.00098	0.00488	0.00390	0.00390	0.80888
17	0.01778	0.01484	0.01568	0.01368	0.01765	0.01703	0.01076	0.14370	0.60468	0.02980	0.02501	0.02314	0.01865	0.00876	0.00668	0.00219	0.00554	0.00720	0.00668	0.01055
18	0.01607	0.01202	0.01417	0.01027	0.01601	0.00953	0.00827	0.05678	0.01520	0.10231	0.01353	0.01475	0.01057	0.00541	0.00517	0.00115	0.00509	0.00432	0.00453	0.67485
19	0.00785	0.00667	0.00677	0.00674	0.00893	0.00559	0.00506	0.00958	0.01517	0.01818	0.09654	0.06271	0.69481	0.01653	0.00778	0.00222	0.00332	0.01380	0.00616	0.00559
20	0.01554	0.01776	0.03885	0.02775	0.03441	0.01665	0.70366	0.02109	0.01554	0.02109	0.01332	0.01776	0.00999	0.00555	0.00777	0.00222	0.01110	0.00777	0.00333	0.00888
21	0.01243	0.01170	0.01975	0.75282	0.04534	0.01463	0.01828	0.01682	0.01316	0.01682	0.01170	0.01755	0.00878	0.00658	0.00658	0.00219	0.00878	0.00585	0.00293	0.00731
22	0.01285	0.00824	0.00943	0.00842	0.01118	0.00740	0.00654	0.06254	0.01750	0.13752	0.19262	0.05042	0.42228	0.01400	0.00750	0.00214	0.00393	0.01174	0.00671	0.00701
23	0.02042	0.01348	0.01518	0.01299	0.01716	0.01464	0.01029	0.06010	0.49261	0.22686	0.02614	0.02362	0.01868	0.00867	0.00667	0.00217	0.00540	0.00715	0.00710	0.01067
24	0.00787	0.00667	0.00679	0.00676	0.00895	0.00559	0.00507	0.00962	0.01521	0.01827	0.10367	0.06256	0.68762	0.01649	0.00778	0.00221	0.00332	0.01378	0.00618	0.00559
25	0.01408	0.01196	0.01388	0.00996	0.01578	0.00922	0.00798	0.04277	0.01431	0.02221	0.01186	0.01373	0.00981	0.00499	0.00494	0.00101	0.00497	0.00398	0.00400	0.77856
26	0.02459	0.03138	0.01866	0.01696	0.02035	0.74221	0.01272	0.02629	0.01866	0.01611	0.01018	0.01187	0.00848	0.00678	0.00594	0.00170	0.01187	0.00424	0.00339	0.00763
27	0.01326	0.00797	0.00968	0.00869	0.01113	0.00727	0.00661	0.01645	0.05482	0.16163	0.30911	0.04615	0.23643	0.06999	0.00943	0.00244	0.00402	0.01101	0.00683	0.00707
28	0.01266	0.00894	0.01067	0.02595	0.01247	0.03367	0.04901	0.04004	0.03865	0.05547	0.12770	0.09753	0.15969	0.01119	0.00649	0.00196	0.00445	0.00958	0.28712	0.00677
29	0.04271	0.09442	0.02198	0.07265	0.16677	0.18446	0.04069	0.12118	0.03830	0.02189	0.01355	0.06126	0.01186	0.00789	0.00755	0.00201	0.07203	0.00611	0.00399	0.00873

[dist]
# distance from previous block
# <min> <max>
0	6

[block]
# block no. 7 follows, 33 sequences, length 26
# corresponding to MSA columns:
# 296-321
name=unknown_H
#
# <colnr> <probs for GDERKNQSTAVLIFYWHMCP>
#	G	D	E	R	K	N	Q	S	T	A	V	L	I	F	Y	W	H	M	C	P
0	0.14809	0.03753	0.01720	0.06238	0.12680	0.24919	0.01220	0.03609	0.01502	0.02013	0.03190	0.01615	0.01146	0.01344	0.12193	0.00323	0.02791	0.00518	0.00365	0.04053
1	0.01350	0.01319	0.02039	0.63978	0.11302	0.05518	0.01817	0.01769	0.01365	0.01726	0.01169	0.01711	0.00893	0.00652	0.00654	0.00214	0.00885	0.00576	0.00298	0.00765
2	0.01820	0.71203	0.03331	0.01158	0.01718	0.02560	0.01136	0.07480	0.01479	0.01758	0.00969	0.01098	0.00867	0.00581	0.00441	0.00145	0.00706	0.00371	0.00312	0.00867
3	0.00919	0.00633	0.00751	0.00778	0.00807	0.00626	0.00477	0.00974	0.01078	0.01442	0.05362	0.17696	0.05735	0.52525	0.06955	0.00560	0.00633	0.01139	0.00457	0.00451
4	0.00851	0.00624	0.00807	0.00913	0.01007	0.00580	0.00660	0.01023	0.01403	0.01853	0.12484	0.48300	0.13865	0.01886	0.00834	0.00259	0.00398	0.11070	0.00624	0.00558
5	0.81514	0.01273	0.00968	0.00866	0.01273	0.01477	0.00713	0.01935	0.01120	0.02954	0.00917	0.01069	0.00713	0.00611	0.00407	0.00204	0.00509	0.00356	0.00407	0.00713
6	0.00890	0.00671	0.00823	0.00785	0.00958	0.00604	0.00589	0.01162	0.01766	0.02408	0.54710	0.05299	0.24056	0.01432	0.00777	0.00211	0.00317	0.01244	0.00694	0.00604
7	0.02912	0.01188	0.01569	0.01203	0.01714	0.01068	0.00994	0.09477	0.01997	0.66786	0.02503	0.02179	0.01582	0.00813	0.00662	0.00203	0.00575	0.00656	0.00800	0.01120
8	0.02435	0.01724	0.05801	0.01429	0.01956	0.01724	0.01226	0.49731	0.02695	0.17355	0.05791	0.01888	0.01493	0.00818	0.00664	0.00200	0.00683	0.00634	0.00672	0.01083
9	0.01637	0.01414	0.01489	0.01340	0.01712	0.01637	0.01042	0.03498	0.71568	0.02754	0.02679	0.02456	0.02010	0.00893	0.00670	0.00223	0.00521	0.00744	0.00670	0.01042
10	0.81514	0.01273	0.00968	0.00866	0.01273	0.01477	0.00713	0.01935	0.01120	0.02954	0.00917	0.01069	0.00713	0.00611	0.00407	0.00204	0.00509	0.00356	0.00407	0.00713
11	0.02503	0.01844	0.01976	0.01515	0.02042	0.02042	0.01251	0.70562	0.03095	0.04149	0.01581	0.01581	0.01120	0.00790	0.00659	0.00198	0.00724	0.00593	0.00659	0.01120
12	0.81514	0.01273	0.00968	0.00866	0.01273	0.01477	0.00713	0.01935	0.01120	0.02954	0.00917	0.01069	0.00713	0.00611	0.00407	0.00204	0.00509	0.00356	0.00407	0.00713
13	0.01629	0.01564	0.02672	0.04041	0.72757	0.01564	0.02020	0.02020	0.01499	0.02151	0.01238	0.01629	0.01043	0.00587	0.00652	0.00196	0.00782	0.00587	0.00326	0.01043
14	0.01637	0.01414	0.01489	0.01340	0.01712	0.01637	0.01042	0.03498	0.71568	0.02754	0.02679	0.02456	0.02010	0.00893	0.00670	0.00223	0.00521	0.00744	0.00670	0.01042
15	0.00831	0.00588	0.00765	0.00884	0.00924	0.00554	0.00583	0.00942	0.01256	0.01684	0.07624	0.62257	0.04201	0.12185	0.01178	0.00314	0.00412	0.01706	0.00589	0.00522
16	0.02902	0.01203	0.01579	0.01210	0.01722	0.01090	0.01000	0.10870	0.02022	0.65357	0.02482	0.02166	0.01572	0.00812	0.00662	0.00203	0.00579	0.00654	0.00797	0.01120
17	0.00957	0.00638	0.00718	0.00718	0.00718	0.00638	0.00399	0.00957	0.00957	0.01276	0.02074	0.04308	0.02393	0.76864	0.03351	0.00638	0.00638	0.00957	0.00399	0.00399
18	0.01026	0.00705	0.00860	0.00872	0.01033	0.00647	0.00632	0.03987	0.01569	0.06393	0.19417	0.34812	0.22228	0.01673	0.00792	0.00236	0.00379	0.01470	0.00651	0.00619
19	0.00802	0.00640	0.00719	0.00759	0.00919	0.00557	0.00546	0.00969	0.01469	0.01844	0.13024	0.26964	0.44971	0.01749	0.00796	0.00234	0.00345	0.01510	0.00624	0.00557
20	0.01365	0.01170	0.01365	0.00975	0.01560	0.00878	0.00780	0.01658	0.01365	0.02145	0.01170	0.01365	0.00975	0.00488	0.00488	0.00098	0.00488	0.00390	0.00390	0.80888
21	0.00978	0.00797	0.00828	0.00781	0.01032	0.00725	0.00604	0.08465	0.01684	0.02066	0.07992	0.05818	0.60492	0.01568	0.00770	0.00222	0.00384	0.03555	0.00620	0.00620
22	0.00833	0.00593	0.00763	0.00886	0.00930	0.00558	0.00589	0.00938	0.01233	0.01633	0.03517	0.60444	0.06883	0.13268	0.01217	0.00322	0.00426	0.03871	0.00579	0.00518
23	0.01228	0.00836	0.00918	0.00864	0.01121	0.00804	0.00672	0.01728	0.13431	0.09052	0.08609	0.04680	0.35123	0.01308	0.00709	0.00214	0.00398	0.05013	0.12585	0.00709
24	0.01572	0.01521	0.02664	0.19147	0.45267	0.01576	0.11612	0.04818	0.01534	0.02127	0.01251	0.01675	0.01004	0.00606	0.00671	0.00205	0.00847	0.00613	0.00334	0.00957
25	0.00872	0.00633	0.00829	0.00960	0.01046	0.00599	0.00709	0.01038	0.01342	0.01753	0.03868	0.48399	0.11533	0.04517	0.00937	0.00284	0.00444	0.19083	0.00603	0.00551

[dist]
# distance from previous block
# <min> <max>
5	8

[block]
# block no. 8 follows, 33 sequences, length 31
# corresponding to MSA columns:
# 330-360
name=unknown_I
#
# <colnr> <probs for GDERKNQSTAVLIFYWHMCP>
#	G	D	E	R	K	N	Q	S	T	A	V	L	I	F	Y	W	H	M	C	P
0	0.02240	0.09173	0.04804	0.01341	0.01814	0.06913	0.01141	0.32336	0.02308	0.17487	0.08243	0.05722	0.01794	0.00873	0.00650	0.00196	0.00678	0.00686	0.00618	0.00985
1	0.00831	0.00628	0.00769	0.00837	0.00958	0.00567	0.00598	0.01006	0.01460	0.01907	0.17828	0.38717	0.25156	0.01795	0.00812	0.00244	0.00363	0.04331	0.00633	0.00561
2	0.01620	0.01523	0.02210	0.05009	0.45449	0.03885	0.01646	0.02407	0.21402	0.02256	0.01673	0.01964	0.01362	0.03819	0.00766	0.00221	0.00718	0.00641	0.00426	0.00999
3	0.01349	0.01247	0.01786	0.09520	0.27350	0.03164	0.03291	0.03583	0.09221	0.02139	0.08259	0.05546	0.18806	0.01000	0.00703	0.00211	0.00625	0.00886	0.00478	0.00836
4	0.01067	0.00832	0.01236	0.01300	0.04921	0.00826	0.05525	0.01288	0.01400	0.04159	0.05270	0.34596	0.10834	0.01670	0.00910	0.00262	0.05150	0.17550	0.00567	0.00636
5	0.01693	0.48211	0.24286	0.01404	0.02069	0.08959	0.01531	0.02067	0.01403	0.01715	0.01005	0.01168	0.00842	0.00593	0.00499	0.00164	0.00830	0.00399	0.00286	0.00876
6	0.81514	0.01273	0.00968	0.00866	0.01273	0.01477	0.00713	0.01935	0.01120	0.02954	0.00917	0.01069	0.00713	0.00611	0.00407	0.00204	0.00509	0.00356	0.00407	0.00713
7	0.01365	0.01170	0.01365	0.00975	0.01560	0.00878	0.00780	0.01658	0.01365	0.02145	0.01170	0.01365	0.00975	0.00488	0.00488	0.00098	0.00488	0.00390	0.00390	0.80888
8	0.01434	0.01285	0.02051	0.10401	0.37391	0.01315	0.03724	0.07209	0.01578	0.02168	0.03933	0.15420	0.04901	0.00982	0.00708	0.00217	0.00689	0.03288	0.00433	0.00873
9	0.06060	0.01146	0.01479	0.01155	0.01626	0.01050	0.00947	0.08912	0.01957	0.57107	0.09369	0.02398	0.02001	0.00857	0.00662	0.00203	0.00548	0.00695	0.00775	0.01053
10	0.00806	0.00580	0.00765	0.00904	0.00953	0.00539	0.00607	0.00929	0.01291	0.01718	0.06200	0.71323	0.06901	0.02022	0.00836	0.00264	0.00378	0.01830	0.00615	0.00539
11	0.00822	0.00669	0.00728	0.00713	0.00916	0.00574	0.00535	0.01030	0.01604	0.02025	0.25466	0.05930	0.53540	0.01575	0.00778	0.00218	0.00327	0.01333	0.00644	0.00574
12	0.00801	0.00578	0.00759	0.00903	0.00951	0.00536	0.00605	0.00918	0.01273	0.01686	0.03789	0.72739	0.07946	0.02042	0.00837	0.00265	0.00379	0.01846	0.00611	0.00536
13	0.02559	0.01033	0.01401	0.01104	0.01545	0.00900	0.00900	0.02825	0.01880	0.59443	0.16218	0.02763	0.02524	0.00918	0.00684	0.00204	0.00511	0.00765	0.00797	0.01023
14	0.01365	0.01170	0.01365	0.00975	0.01560	0.00878	0.00780	0.01658	0.01365	0.02145	0.01170	0.01365	0.00975	0.00488	0.00488	0.00098	0.00488	0.00390	0.00390	0.80888
15	0.01637	0.01414	0.01489	0.01340	0.01712	0.01637	0.01042	0.03498	0.71568	0.02754	0.02679	0.02456	0.02010	0.00893	0.00670	0.00223	0.00521	0.00744	0.00670	0.01042
16	0.01243	0.01170	0.01975	0.75282	0.04534	0.01463	0.01828	0.01682	0.01316	0.01682	0.01170	0.01755	0.00878	0.00658	0.00658	0.00219	0.00878	0.00585	0.00293	0.00731
17	0.01320	0.03405	0.73453	0.01876	0.02849	0.01529	0.02432	0.02085	0.01390	0.02085	0.01181	0.01390	0.00834	0.00625	0.00625	0.00208	0.00973	0.00486	0.00278	0.00973
18	0.00802	0.00573	0.00764	0.00917	0.00955	0.00535	0.00611	0.00917	0.01260	0.01681	0.03628	0.76434	0.04354	0.02062	0.00840	0.00267	0.00382	0.01872	0.00611	0.00535
19	0.02660	0.01055	0.01434	0.01121	0.01579	0.00917	0.00917	0.02923	0.01881	0.62961	0.12739	0.02630	0.02295	0.00892	0.00679	0.00204	0.00524	0.00739	0.00802	0.01048
20	0.01554	0.01776	0.03885	0.02775	0.03441	0.01665	0.70366	0.02109	0.01554	0.02109	0.01332	0.01776	0.00999	0.00555	0.00777	0.00222	0.01110	0.00777	0.00333	0.00888
21	0.01554	0.01776	0.03885	0.02775	0.03441	0.01665	0.70366	0.02109	0.01554	0.02109	0.01332	0.01776	0.00999	0.00555	0.00777	0.00222	0.01110	0.00777	0.00333	0.00888
22	0.00801	0.00664	0.00664	0.00664	0.00883	0.00559	0.00498	0.00975	0.01494	0.01813	0.06440	0.06139	0.68905	0.01622	0.00762	0.00219	0.00332	0.01350	0.04657	0.00559
23	0.01490	0.02478	0.33892	0.02375	0.05083	0.01617	0.36466	0.04645	0.01539	0.02176	0.01273	0.01597	0.00933	0.00595	0.00703	0.00214	0.01027	0.00639	0.00321	0.00938
24	0.02041	0.01556	0.06331	0.07920	0.07719	0.04396	0.09879	0.10784	0.09012	0.23188	0.03562	0.05142	0.01540	0.00815	0.00725	0.00212	0.02941	0.00705	0.00561	0.00973
25	0.01399	0.03212	0.64959	0.01918	0.02847	0.01565	0.06985	0.05696	0.01491	0.02195	0.01213	0.01426	0.00860	0.00629	0.00637	0.00209	0.00969	0.00512	0.00302	0.00975
26	0.09572	0.01138	0.01397	0.01114	0.01572	0.01065	0.00910	0.06229	0.06637	0.50323	0.02877	0.02595	0.09802	0.00900	0.00653	0.00207	0.00535	0.00722	0.00737	0.01013
27	0.03842	0.04782	0.16026	0.07334	0.24662	0.08090	0.16045	0.07413	0.01619	0.02208	0.01229	0.01544	0.00957	0.00616	0.00654	0.00201	0.00913	0.00579	0.00344	0.00943
28	0.01574	0.01710	0.07982	0.10680	0.39137	0.07522	0.04219	0.03961	0.01532	0.02063	0.01488	0.04508	0.01338	0.00780	0.00717	0.00212	0.02704	0.06597	0.00363	0.00915
29	0.00861	0.00654	0.00765	0.00793	0.00930	0.00592	0.00571	0.01035	0.01457	0.01885	0.19197	0.18332	0.31109	0.12599	0.01172	0.00293	0.00401	0.06203	0.00604	0.00547
30	0.01263	0.00983	0.01103	0.01058	0.01298	0.01046	0.00793	0.02181	0.32046	0.04633	0.12206	0.21703	0.11820	0.01331	0.00732	0.00229	0.00431	0.01155	0.03198	0.00791

[dist]
# distance from previous block
# <min> <max>
4	9

[block]
# block no. 9 follows, 33 sequences, length 22
# corresponding to MSA columns:
# 371-392
name=unknown_J
#
# <colnr> <probs for GDERKNQSTAVLIFYWHMCP>
#	G	D	E	R	K	N	Q	S	T	A	V	L	I	F	Y	W	H	M	C	P
0	0.03933	0.01165	0.01557	0.21027	0.08432	0.05674	0.01242	0.01606	0.04790	0.01738	0.01667	0.11721	0.01610	0.05258	0.13973	0.03362	0.09395	0.00781	0.00378	0.00692
1	0.01850	0.12430	0.10058	0.03867	0.05631	0.17146	0.02936	0.11027	0.01711	0.03825	0.01191	0.01373	0.00947	0.00628	0.00601	0.00163	0.02462	0.00465	0.00387	0.21304
2	0.01144	0.00722	0.00809	0.00797	0.00949	0.00752	0.00586	0.02854	0.06884	0.02113	0.02557	0.07137	0.07701	0.11223	0.12998	0.00381	0.00619	0.00815	0.38342	0.00617
3	0.03427	0.04372	0.04521	0.08841	0.12611	0.21882	0.06657	0.04023	0.13813	0.04695	0.01563	0.04720	0.01274	0.00741	0.00637	0.00196	0.00845	0.00615	0.00426	0.04140
4	0.01334	0.00944	0.01104	0.00966	0.01231	0.00933	0.00752	0.13968	0.05260	0.06700	0.40517	0.04306	0.16856	0.01253	0.00744	0.00209	0.00413	0.01068	0.00695	0.00747
5	0.01256	0.00865	0.03193	0.00903	0.01156	0.00756	0.00721	0.01654	0.06911	0.12000	0.35879	0.06848	0.17477	0.01266	0.00730	0.00209	0.00387	0.01087	0.05986	0.00715
6	0.02438	0.01782	0.01907	0.01469	0.01977	0.01969	0.01211	0.67072	0.03009	0.04063	0.01609	0.01625	0.01148	0.00789	0.00649	0.00195	0.00703	0.00594	0.04696	0.01094
7	0.00800	0.00663	0.00700	0.00701	0.00905	0.00563	0.00522	0.00983	0.01536	0.01887	0.15181	0.09669	0.60333	0.01645	0.00781	0.00223	0.00333	0.01387	0.00626	0.00563
8	0.00919	0.00672	0.00863	0.00815	0.00976	0.00616	0.00611	0.01219	0.01834	0.02571	0.67157	0.05031	0.11508	0.01372	0.00777	0.00208	0.00312	0.01206	0.00716	0.00616
9	0.81514	0.01273	0.00968	0.00866	0.01273	0.01477	0.00713	0.01935	0.01120	0.02954	0.00917	0.01069	0.00713	0.00611	0.00407	0.00204	0.00509	0.00356	0.00407	0.00713
10	0.81514	0.01273	0.00968	0.00866	0.01273	0.01477	0.00713	0.01935	0.01120	0.02954	0.00917	0.01069	0.00713	0.00611	0.00407	0.00204	0.00509	0.00356	0.00407	0.00713
11	0.01392	0.01369	0.01923	0.01663	0.01675	0.01900	0.01380	0.01545	0.01013	0.01579	0.00952	0.01552	0.00940	0.01520	0.09172	0.00363	0.68473	0.00589	0.00294	0.00707
12	0.02488	0.01793	0.01935	0.01492	0.02011	0.01975	0.01229	0.64674	0.05854	0.07303	0.01673	0.01647	0.01180	0.00796	0.00659	0.00199	0.00708	0.00602	0.00666	0.01116
13	0.00865	0.00669	0.00785	0.00847	0.00980	0.00621	0.00606	0.01102	0.04909	0.01816	0.08328	0.35311	0.29114	0.05999	0.00950	0.00268	0.00394	0.05258	0.00608	0.00569
14	0.05147	0.05402	0.58344	0.01857	0.02742	0.01600	0.07674	0.05897	0.01484	0.02226	0.01195	0.01406	0.00858	0.00626	0.00623	0.00207	0.00940	0.00505	0.00310	0.00958
15	0.01384	0.10098	0.61025	0.01927	0.05193	0.01637	0.05709	0.02073	0.01397	0.02039	0.01166	0.01387	0.00850	0.00615	0.00615	0.00202	0.00948	0.00492	0.00283	0.00959
16	0.00868	0.00771	0.00957	0.00875	0.01123	0.00676	0.06108	0.01114	0.03641	0.01827	0.05885	0.11258	0.59356	0.01585	0.00779	0.00226	0.00405	0.01358	0.00591	0.00596
17	0.02133	0.01457	0.01645	0.04052	0.01868	0.01575	0.01098	0.33933	0.17628	0.14705	0.02345	0.08063	0.04581	0.00950	0.00681	0.00212	0.00615	0.00772	0.00667	0.01018
18	0.01268	0.01065	0.01481	0.04723	0.01568	0.03084	0.06459	0.03592	0.03419	0.03971	0.01857	0.11842	0.01896	0.20561	0.14501	0.00487	0.16294	0.00876	0.00413	0.00645
19	0.03654	0.14568	0.07245	0.06750	0.05813	0.18543	0.04582	0.18368	0.05818	0.04858	0.01323	0.01472	0.01019	0.00697	0.00638	0.00189	0.02593	0.00520	0.00431	0.00919
20	0.00813	0.00587	0.00772	0.00911	0.00966	0.00546	0.00620	0.00943	0.01301	0.01727	0.06064	0.68288	0.07859	0.02011	0.00837	0.00264	0.00384	0.03951	0.00615	0.00541
21	0.01971	0.01746	0.02329	0.21183	0.05393	0.07390	0.13681	0.32737	0.02205	0.02875	0.01373	0.01632	0.01011	0.00698	0.00674	0.00205	0.00871	0.00610	0.00469	0.00946

[dist]
# distance from previous block
# <min> <max>
0	1

[block]
# block no. 10 follows, 33 sequences, length 55
# corresponding to MSA columns:
# 394-448
name=unknown_K
#
# <colnr> <probs for GDERKNQSTAVLIFYWHMCP>
#	G	D	E	R	K	N	Q	S	T	A	V	L	I	F	Y	W	H	M	C	P
0	0.07494	0.18028	0.13906	0.02081	0.16760	0.16117	0.07493	0.04105	0.01544	0.02006	0.01317	0.01531	0.03589	0.00652	0.00586	0.00185	0.00867	0.00519	0.00338	0.00882
1	0.77657	0.01266	0.00995	0.00881	0.01293	0.01452	0.00725	0.01998	0.01158	0.06403	0.00999	0.01127	0.00758	0.00621	0.00420	0.00204	0.00512	0.00371	0.00427	0.00733
2	0.01309	0.00690	0.00726	0.00707	0.00891	0.00694	0.00543	0.01700	0.05504	0.05581	0.02375	0.02758	0.03662	0.00845	0.00509	0.00168	0.00344	0.03512	0.66823	0.00659
3	0.01737	0.67881	0.10247	0.01216	0.01813	0.04585	0.01258	0.02002	0.01358	0.01603	0.00944	0.01092	0.00844	0.00573	0.00447	0.00148	0.00744	0.00367	0.00283	0.00855
4	0.00790	0.00663	0.00687	0.00691	0.00899	0.00559	0.00514	0.00965	0.01515	0.01835	0.11240	0.09675	0.64386	0.01664	0.00781	0.00223	0.00334	0.01399	0.00619	0.00559
5	0.00801	0.00578	0.00758	0.00903	0.00951	0.00536	0.00605	0.00918	0.01274	0.01686	0.03798	0.72527	0.08152	0.02040	0.00837	0.00265	0.00379	0.01845	0.00611	0.00536
6	0.00928	0.00695	0.00863	0.00817	0.00990	0.00641	0.00614	0.01262	0.03928	0.02501	0.59429	0.05077	0.17028	0.01385	0.00773	0.00210	0.00321	0.01210	0.00704	0.00623
7	0.02954	0.01120	0.01528	0.01171	0.01681	0.00968	0.00968	0.03208	0.01884	0.73213	0.02597	0.02241	0.01630	0.00815	0.00662	0.00204	0.00560	0.00662	0.00815	0.01120
8	0.01637	0.01414	0.01489	0.01340	0.01712	0.01637	0.01042	0.03498	0.71568	0.02754	0.02679	0.02456	0.02010	0.00893	0.00670	0.00223	0.00521	0.00744	0.00670	0.01042
9	0.01365	0.01170	0.01365	0.00975	0.01560	0.00878	0.00780	0.01658	0.01365	0.02145	0.01170	0.01365	0.00975	0.00488	0.00488	0.00098	0.00488	0.00390	0.00390	0.80888
10	0.81514	0.01273	0.00968	0.00866	0.01273	0.01477	0.00713	0.01935	0.01120	0.02954	0.00917	0.01069	0.00713	0.00611	0.00407	0.00204	0.00509	0.00356	0.00407	0.00713
11	0.01289	0.01217	0.02057	0.66863	0.12596	0.01475	0.01851	0.01722	0.01338	0.01737	0.01178	0.01740	0.00897	0.00650	0.00657	0.00217	0.00866	0.00585	0.00296	0.00768
12	0.00802	0.00573	0.00764	0.00917	0.00955	0.00535	0.00611	0.00917	0.01260	0.01681	0.03628	0.76434	0.04354	0.02062	0.00840	0.00267	0.00382	0.01872	0.00611	0.00535
13	0.00781	0.00657	0.00677	0.00693	0.00896	0.00554	0.00512	0.00942	0.01476	0.01768	0.06355	0.13582	0.65447	0.01708	0.00784	0.00227	0.00338	0.01439	0.00611	0.00554
14	0.01708	0.68533	0.11722	0.01215	0.01827	0.02478	0.01281	0.01985	0.01344	0.01612	0.00947	0.01095	0.00844	0.00571	0.00446	0.00149	0.00736	0.00368	0.00281	0.00860
15	0.01440	0.00848	0.00890	0.00800	0.01023	0.00881	0.00621	0.14387	0.01741	0.02786	0.07982	0.02500	0.01964	0.00820	0.00524	0.00166	0.00385	0.00658	0.58874	0.00709
16	0.00811	0.00577	0.00761	0.00906	0.00942	0.00540	0.00599	0.00919	0.01244	0.01658	0.03542	0.72414	0.04245	0.06231	0.00980	0.00288	0.00396	0.01821	0.00599	0.00527
