[name]
unknown

[dist]
# distance from previous block
# <min> <max>
0	87

[block]
# block no. 0 follows, 30 sequences, length 8
# corresponding to MSA columns:
# 129-136
name=unknown_A
#
# <colnr> <probs for GDERKNQSTAVLIFYWHMCP>
#	G	D	E	R	K	N	Q	S	T	A	V	L	I	F	Y	W	H	M	C	P
0	0.07099	0.01234	0.04514	0.14140	0.04395	0.01242	0.01217	0.09087	0.07445	0.02351	0.02604	0.10604	0.06167	0.07116	0.00983	0.00284	0.00675	0.15363	0.00532	0.02948
1	0.20791	0.14764	0.05706	0.05812	0.08000	0.09201	0.10412	0.05261	0.01558	0.02376	0.01162	0.01412	0.00932	0.00634	0.00578	0.00191	0.00815	0.00501	0.00380	0.09512
2	0.13363	0.01623	0.01783	0.17481	0.02523	0.05707	0.01294	0.22430	0.11795	0.06689	0.01633	0.01767	0.01203	0.00764	0.00643	0.00210	0.00739	0.00590	0.00542	0.07220
3	0.00880	0.00639	0.00782	0.00881	0.00948	0.00594	0.00580	0.00986	0.01313	0.01710	0.04065	0.48389	0.15737	0.17418	0.01435	0.00357	0.00453	0.01692	0.00601	0.00541
4	0.02007	0.04147	0.02129	0.05519	0.02224	0.11867	0.10114	0.17690	0.03681	0.08842	0.05014	0.04993	0.01725	0.01210	0.05102	0.00281	0.07592	0.04418	0.00529	0.00917
5	0.01470	0.01376	0.02316	0.39143	0.31806	0.01532	0.01954	0.01902	0.01493	0.02013	0.01475	0.02308	0.01260	0.00769	0.00717	0.00230	0.00865	0.06120	0.00352	0.00900
6	0.00890	0.00631	0.00796	0.00899	0.00974	0.00581	0.00607	0.00974	0.01329	0.01724	0.04166	0.49879	0.17918	0.05933	0.01199	0.08241	0.00428	0.01689	0.00602	0.00538
7	0.06249	0.01500	0.02407	0.30076	0.38201	0.01641	0.01938	0.05754	0.01588	0.02262	0.01286	0.01739	0.01024	0.00664	0.00679	0.00217	0.00847	0.00607	0.00357	0.00965

[dist]
# distance from previous block
# <min> <max>
52	165

[block]
# block no. 1 follows, 30 sequences, length 14
# corresponding to MSA columns:
# 340-353
name=unknown_B
#
# <colnr> <probs for GDERKNQSTAVLIFYWHMCP>
#	G	D	E	R	K	N	Q	S	T	A	V	L	I	F	Y	W	H	M	C	P
0	0.02341	0.09945	0.06454	0.01494	0.02039	0.01979	0.01316	0.46711	0.02706	0.06585	0.01771	0.02048	0.01359	0.00864	0.00672	0.00208	0.00741	0.04435	0.05250	0.01082
1	0.02035	0.39856	0.15010	0.01463	0.02123	0.02373	0.01477	0.23293	0.02019	0.02616	0.01243	0.01357	0.00986	0.00685	0.00565	0.00181	0.00803	0.00479	0.00425	0.01012
2	0.07069	0.01776	0.09474	0.01517	0.02083	0.05604	0.05461	0.11328	0.12998	0.32094	0.02183	0.02057	0.01486	0.00814	0.00686	0.00218	0.00729	0.00660	0.00669	0.01094
3	0.06607	0.06195	0.01778	0.01395	0.01820	0.11020	0.04696	0.05663	0.14467	0.14800	0.06646	0.04380	0.02094	0.00968	0.00694	0.00215	0.00699	0.07857	0.00599	0.07407
4	0.01639	0.01402	0.01494	0.01371	0.01727	0.01608	0.01055	0.03410	0.62389	0.02795	0.02950	0.10501	0.02401	0.01082	0.00730	0.00242	0.00536	0.00919	0.00703	0.01046
5	0.00850	0.00607	0.00810	0.00972	0.01012	0.00567	0.00648	0.00972	0.01336	0.01781	0.03846	0.75020	0.04615	0.02186	0.00891	0.00283	0.00405	0.01984	0.00648	0.00567
6	0.01014	0.00773	0.01016	0.00965	0.01105	0.00775	0.00728	0.01299	0.01811	0.02553	0.54814	0.12562	0.08410	0.01505	0.00959	0.00235	0.06821	0.01292	0.00710	0.00655
7	0.13349	0.02475	0.01803	0.01549	0.01968	0.36999	0.01209	0.22811	0.02236	0.02781	0.01317	0.01447	0.01019	0.00751	0.00615	0.00193	0.00954	0.00506	0.05110	0.00908
8	0.02236	0.06023	0.01989	0.09355	0.02279	0.04390	0.01295	0.38854	0.05789	0.07628	0.02012	0.02314	0.04138	0.00905	0.00697	0.00213	0.00748	0.04747	0.00616	0.03772
9	0.04032	0.06065	0.01761	0.01492	0.06450	0.03033	0.01105	0.22103	0.10422	0.10744	0.07852	0.11980	0.02260	0.03224	0.00788	0.00229	0.00631	0.00865	0.00634	0.04333
10	0.04334	0.05284	0.04847	0.07369	0.08322	0.04291	0.03891	0.23860	0.10785	0.11951	0.01918	0.01967	0.03107	0.00798	0.00677	0.00209	0.00751	0.00647	0.00579	0.04415
11	0.06945	0.13673	0.02292	0.01554	0.02024	0.04001	0.08509	0.26737	0.07300	0.04937	0.01773	0.06230	0.01508	0.03581	0.00836	0.00233	0.03517	0.02834	0.00546	0.00971
12	0.01985	0.15966	0.02069	0.04233	0.01911	0.08668	0.01150	0.23716	0.13629	0.02827	0.07052	0.04343	0.01868	0.06524	0.00876	0.00239	0.00730	0.00707	0.00559	0.00948
13	0.05890	0.08784	0.01976	0.03708	0.09186	0.11437	0.01258	0.09701	0.21948	0.05135	0.01902	0.06110	0.01564	0.00874	0.00720	0.00212	0.03635	0.00684	0.00530	0.04745

[dist]
# distance from previous block
# <min> <max>
19	119

[block]
# block no. 2 follows, 30 sequences, length 63
# corresponding to MSA columns:
# 479-505,507-542
name=unknown_C
#
# <colnr> <probs for GDERKNQSTAVLIFYWHMCP>
#	G	D	E	R	K	N	Q	S	T	A	V	L	I	F	Y	W	H	M	C	P
0	0.08900	0.01607	0.13929	0.01455	0.05480	0.03160	0.01248	0.02004	0.06845	0.08400	0.10662	0.13679	0.04597	0.01093	0.00811	0.00224	0.05871	0.00892	0.00532	0.08612
1	0.01261	0.09718	0.11907	0.01275	0.03939	0.01099	0.01098	0.01547	0.01431	0.04217	0.04807	0.26311	0.04816	0.07937	0.00989	0.00268	0.00610	0.06513	0.00509	0.09749
2	0.07388	0.03733	0.11799	0.01209	0.03771	0.01042	0.01042	0.03574	0.03882	0.05169	0.06150	0.20946	0.21365	0.01377	0.00742	0.00232	0.00547	0.01167	0.00563	0.04302
3	0.01632	0.17397	0.23795	0.01803	0.09399	0.09803	0.01635	0.04449	0.04687	0.02146	0.06477	0.08276	0.03877	0.00890	0.00657	0.00206	0.00823	0.00715	0.00415	0.00915
4	0.01828	0.19788	0.09241	0.01256	0.01824	0.04599	0.01155	0.04366	0.05273	0.10636	0.03315	0.01692	0.01289	0.00789	0.00716	0.05524	0.00678	0.00514	0.00453	0.25061
5	0.01773	0.07118	0.06567	0.01333	0.01849	0.01518	0.03446	0.19906	0.09786	0.02908	0.07041	0.02068	0.01700	0.00932	0.03166	0.00213	0.00680	0.00629	0.07143	0.20224
6	0.01752	0.04190	0.13609	0.01647	0.06252	0.04546	0.03519	0.09442	0.15461	0.07704	0.06492	0.06675	0.04276	0.00932	0.00744	0.00214	0.02986	0.00768	0.00546	0.08243
7	0.01814	0.35586	0.14189	0.01668	0.06388	0.02159	0.05658	0.12142	0.03993	0.02356	0.06659	0.01712	0.01443	0.00721	0.00596	0.00187	0.00789	0.00561	0.00414	0.00965
8	0.01073	0.00740	0.00878	0.00838	0.01054	0.00650	0.00630	0.01315	0.01762	0.07675	0.32633	0.10715	0.34294	0.01588	0.00819	0.00231	0.00366	0.01363	0.00714	0.00662
9	0.01881	0.07405	0.05318	0.11399	0.41614	0.01671	0.01853	0.04455	0.04588	0.10834	0.01531	0.01801	0.01184	0.00681	0.00674	0.00209	0.00799	0.00615	0.00427	0.01061
10	0.08216	0.02002	0.09850	0.01664	0.06162	0.13143	0.01358	0.12432	0.14921	0.12095	0.04356	0.01990	0.01535	0.01017	0.03812	0.00255	0.03004	0.00635	0.00556	0.00997
11	0.07492	0.01053	0.01269	0.01280	0.05290	0.01140	0.00897	0.10097	0.09666	0.02389	0.09719	0.12956	0.02654	0.13404	0.17065	0.00497	0.00859	0.00970	0.00546	0.00754
12	0.01018	0.06697	0.01027	0.00821	0.01084	0.04666	0.00639	0.01214	0.01636	0.01946	0.12532	0.05837	0.55297	0.01586	0.00785	0.00224	0.00431	0.01311	0.00617	0.00632
13	0.01698	0.01673	0.02218	0.12160	0.26966	0.12183	0.07502	0.03709	0.04343	0.02198	0.01792	0.02129	0.04966	0.00883	0.02805	0.00233	0.00869	0.00674	0.10095	0.00906
14	0.02070	0.01597	0.04162	0.01334	0.01725	0.06253	0.01067	0.26279	0.11550	0.11218	0.02264	0.04800	0.04028	0.16949	0.01317	0.00316	0.00716	0.00794	0.00620	0.00942
15	0.01087	0.00843	0.01144	0.01096	0.01154	0.00997	0.00804	0.01226	0.01072	0.01528	0.01844	0.03246	0.01916	0.31390	0.35223	0.00823	0.12826	0.00828	0.00382	0.00569
16	0.11990	0.02850	0.01882	0.01678	0.02036	0.53501	0.01287	0.07752	0.01918	0.02088	0.01100	0.01295	0.00905	0.00756	0.00729	0.00195	0.06351	0.00466	0.00391	0.00829
17	0.01349	0.01184	0.01737	0.01531	0.01582	0.01536	0.03670	0.01445	0.01077	0.01600	0.01261	0.04076	0.01247	0.02225	0.15659	0.16027	0.41134	0.00685	0.00330	0.00647
18	0.07531	0.18131	0.12782	0.01466	0.02088	0.01859	0.03536	0.17888	0.06175	0.17168	0.01685	0.01690	0.01210	0.00740	0.00620	0.00199	0.00744	0.00564	0.00548	0.03378
19	0.01683	0.01755	0.05792	0.13005	0.16279	0.12291	0.03988	0.02268	0.10956	0.04653	0.10629	0.02458	0.04882	0.00891	0.00810	0.00222	0.05323	0.00740	0.00472	0.00903
20	0.03094	0.01247	0.01656	0.01270	0.01811	0.01114	0.01049	0.08487	0.02097	0.66379	0.02669	0.02321	0.01685	0.00862	0.00701	0.00215	0.00607	0.00696	0.00851	0.01188
21	0.01177	0.00964	0.01232	0.06438	0.01469	0.03676	0.00921	0.01365	0.01211	0.01714	0.02044	0.13994	0.02115	0.16252	0.22135	0.00581	0.13187	0.00937	0.07969	0.00621
22	0.01609	0.14159	0.32584	0.01840	0.02544	0.07147	0.10466	0.05080	0.01596	0.02133	0.01569	0.02124	0.02844	0.00932	0.02850	0.00245	0.03295	0.05692	0.00364	0.00927
23	0.01048	0.01002	0.05995	0.01086	0.01234	0.03049	0.00833	0.01330	0.05466	0.01862	0.03324	0.49469	0.05942	0.08863	0.01140	0.00306	0.02898	0.01564	0.02953	0.00636
24	0.80405	0.01350	0.01026	0.00918	0.01350	0.01565	0.00756	0.02051	0.01188	0.03131	0.00972	0.01134	0.00756	0.00648	0.00432	0.00216	0.00540	0.00378	0.00432	0.00756
25	0.01487	0.01683	0.10439	0.27042	0.27388	0.01549	0.08993	0.01973	0.01518	0.02082	0.01515	0.02335	0.01289	0.00771	0.00729	0.00231	0.00905	0.06790	0.00356	0.00925
26	0.01941	0.11935	0.17640	0.01811	0.06374	0.05632	0.05628	0.12913	0.13792	0.07976	0.03834	0.01873	0.01420	0.00786	0.00722	0.00213	0.03357	0.00625	0.00500	0.01029
27	0.01511	0.07991	0.07217	0.36045	0.10911	0.01664	0.12959	0.04100	0.01531	0.02069	0.01340	0.01806	0.01032	0.00673	0.00679	0.00217	0.00904	0.00628	0.05853	0.00870
28	0.01478	0.01461	0.02043	0.01771	0.01774	0.02025	0.01464	0.01629	0.01088	0.01687	0.01125	0.06773	0.01180	0.01290	0.02190	0.00304	0.68931	0.00709	0.00330	0.00749
29	0.00850	0.00607	0.00810	0.00972	0.01012	0.00567	0.00648	0.00972	0.01336	0.01781	0.03846	0.75020	0.04615	0.02186	0.00891	0.00283	0.00405	0.01984	0.00648	0.00567
30	0.01564	0.01588	0.02132	0.01831	0.01843	0.04547	0.01521	0.01717	0.01100	0.01680	0.00922	0.01518	0.00915	0.01204	0.02233	0.00301	0.71706	0.00605	0.00307	0.00765
31	0.00998	0.00741	0.01090	0.01090	0.01203	0.00855	0.00832	0.01226	0.01112	0.01596	0.01898	0.02903	0.01815	0.11467	0.66574	0.01082	0.01763	0.00771	0.00378	0.00605
32	0.00997	0.00748	0.01121	0.01121	0.01246	0.00872	0.00872	0.01246	0.01121	0.01620	0.01869	0.02741	0.01745	0.05234	0.72710	0.01121	0.01869	0.00748	0.00374	0.00623
33	0.01536	0.02654	0.34399	0.02516	0.03367	0.01700	0.39081	0.02224	0.01569	0.02224	0.01340	0.01700	0.00981	0.00622	0.00752	0.00229	0.01112	0.00686	0.00327	0.00981
34	0.00850	0.00607	0.00810	0.00972	0.01012	0.00567	0.00648	0.00972	0.01336	0.01781	0.03846	0.75020	0.04615	0.02186	0.00891	0.00283	0.00405	0.01984	0.00648	0.00567
35	0.01447	0.01240	0.01447	0.01034	0.01654	0.00930	0.00827	0.01757	0.01447	0.02274	0.01240	0.01447	0.01034	0.00517	0.00517	0.00103	0.00517	0.00413	0.00413	0.79742
36	0.01064	0.00770	0.01022	0.00931	0.00986	0.00761	0.05724	0.01110	0.01064	0.01422	0.02138	0.04358	0.02422	0.69651	0.03340	0.00642	0.00715	0.01000	0.00417	0.00463
37	0.01523	0.01238	0.01455	0.01043	0.01659	0.00935	0.00836	0.01831	0.01472	0.05382	0.01308	0.01489	0.01065	0.00532	0.00525	0.00108	0.00520	0.00426	0.00434	0.76220
38	0.01191	0.00620	0.00930	0.00930	0.00943	0.00633	0.00633	0.00943	0.00930	0.01253	0.01278	0.02183	0.01265	0.02706	0.09742	0.71821	0.00733	0.00620	0.00310	0.00335
39	0.01318	0.01240	0.02093	0.73798	0.04806	0.01550	0.01938	0.01783	0.01395	0.01783	0.01240	0.01860	0.00930	0.00698	0.00698	0.00233	0.00930	0.00620	0.00310	0.00775
40	0.01400	0.03610	0.71860	0.01989	0.03020	0.01621	0.02578	0.02210	0.01473	0.02210	0.01252	0.01473	0.00884	0.00663	0.00663	0.00221	0.01031	0.00516	0.00295	0.01031
41	0.02607	0.03326	0.01978	0.01798	0.02157	0.72674	0.01348	0.02787	0.01978	0.01708	0.01079	0.01258	0.00899	0.00719	0.00629	0.00180	0.01258	0.00449	0.00360	0.00809
42	0.01383	0.01291	0.02104	0.56428	0.12480	0.01487	0.01827	0.01823	0.01425	0.01904	0.01249	0.01794	0.00964	0.00666	0.00675	0.00214	0.00867	0.00595	0.00327	0.10497
43	0.01011	0.00728	0.01021	0.01021	0.01118	0.00819	0.00754	0.01203	0.01107	0.01587	0.01960	0.03170	0.01934	0.21766	0.54046	0.00986	0.01538	0.00808	0.02847	0.00576
44	0.00825	0.00707	0.00707	0.00707	0.00943	0.00589	0.00530	0.01001	0.01591	0.01885	0.07069	0.06716	0.70839	0.01767	0.00825	0.00236	0.00353	0.01473	0.00648	0.00589
45	0.00840	0.00708	0.00728	0.00723	0.00952	0.00596	0.00542	0.01031	0.01627	0.01971	0.13087	0.06574	0.64768	0.01735	0.00825	0.00234	0.00351	0.01453	0.00659	0.00596
46	0.01685	0.01811	0.01897	0.01683	0.01795	0.19111	0.01353	0.01864	0.01301	0.01675	0.01145	0.01702	0.01076	0.01895	0.15860	0.00437	0.42033	0.00598	0.00332	0.00747
47	0.62911	0.01794	0.01240	0.01116	0.01531	0.17555	0.00889	0.02217	0.01365	0.02811	0.00996	0.01162	0.00788	0.00664	0.00476	0.00208	0.00701	0.00394	0.00416	0.00768
48	0.01038	0.00808	0.01201	0.01177	0.01292	0.00971	0.00923	0.01280	0.01117	0.01625	0.01795	0.02647	0.01680	0.04922	0.67233	0.01058	0.07495	0.00737	0.00369	0.00634
49	0.01318	0.01240	0.02093	0.73798	0.04806	0.01550	0.01938	0.01783	0.01395	0.01783	0.01240	0.01860	0.00930	0.00698	0.00698	0.00233	0.00930	0.00620	0.00310	0.00775
50	0.01015	0.00677	0.00761	0.00761	0.00761	0.00677	0.00423	0.01015	0.01015	0.01353	0.02199	0.04567	0.02537	0.75476	0.03552	0.00677	0.00677	0.01015	0.00423	0.00423
51	0.01058	0.00837	0.01239	0.01203	0.01314	0.01018	0.00948	0.01296	0.01115	0.01627	0.01759	0.02601	0.01649	0.04771	0.64596	0.01027	0.10203	0.00732	0.00366	0.00639
52	0.02026	0.45899	0.02989	0.01417	0.01879	0.14978	0.01271	0.05188	0.01569	0.04246	0.01076	0.01274	0.00942	0.00733	0.00777	0.00183	0.11877	0.00445	0.00348	0.00884
53	0.02458	0.01874	0.02107	0.01844	0.08820	0.02066	0.01380	0.54892	0.10718	0.04023	0.01773	0.01786	0.01287	0.00829	0.00699	0.00212	0.00749	0.00646	0.00665	0.01169
54	0.01506	0.01508	0.01892	0.01661	0.01710	0.07688	0.01350	0.01667	0.01149	0.01655	0.01147	0.01858	0.01131	0.05822	0.13179	0.00442	0.52940	0.00641	0.00327	0.00727
55	0.01661	0.01311	0.01908	0.04663	0.27619	0.01349	0.01391	0.12847	0.01821	0.06435	0.09014	0.06906	0.04492	0.05956	0.09178	0.00349	0.00827	0.00841	0.00512	0.00921
56	0.01704	0.01651	0.02869	0.07327	0.64499	0.01659	0.05728	0.02131	0.01583	0.02255	0.01315	0.01741	0.01095	0.00623	0.00698	0.00210	0.00852	0.00633	0.00344	0.01082
57	0.02478	0.01824	0.01970	0.01544	0.02052	0.02009	0.01260	0.62210	0.03092	0.04144	0.01886	0.08798	0.01520	0.00969	0.00717	0.00217	0.00733	0.00760	0.00693	0.01127
58	0.00891	0.00632	0.00797	0.00906	0.00951	0.00596	0.00590	0.00994	0.01296	0.01720	0.05718	0.52910	0.07781	0.19041	0.01499	0.00369	0.00462	0.01710	0.00600	0.00538
59	0.00850	0.00607	0.00810	0.00972	0.01012	0.00567	0.00648	0.00972	0.01336	0.01781	0.03846	0.75020	0.04615	0.02186	0.00891	0.00283	0.00405	0.01984	0.00648	0.00567
60	0.02653	0.01955	0.02094	0.01606	0.02164	0.02164	0.01326	0.68796	0.03281	0.04398	0.01675	0.01675	0.01187	0.00838	0.00698	0.00209	0.00768	0.00628	0.00698	0.01187
61	0.00957	0.00728	0.00800	0.00771	0.01001	0.00624	0.00582	0.01175	0.01703	0.04875	0.22821	0.06168	0.52037	0.01646	0.00819	0.00231	0.00357	0.01390	0.00687	0.00630
62	0.00943	0.00690	0.00802	0.00798	0.00914	0.00639	0.00540	0.01099	0.01483	0.01964	0.24244	0.10819	0.22298	0.27681	0.01791	0.00390	0.00464	0.01288	0.00605	0.00550

[dist]
# distance from previous block
# <min> <max>
0	3

[block]
# block no. 3 follows, 30 sequences, length 33
# corresponding to MSA columns:
# 546-578
name=unknown_D
#
# <colnr> <probs for GDERKNQSTAVLIFYWHMCP>
#	G	D	E	R	K	N	Q	S	T	A	V	L	I	F	Y	W	H	M	C	P
0	0.75225	0.01370	0.01145	0.01139	0.05943	0.01572	0.00847	0.02057	0.01214	0.03075	0.00994	0.01173	0.00779	0.00646	0.00449	0.00215	0.00559	0.00394	0.00426	0.00779
1	0.01164	0.00617	0.00899	0.00905	0.00920	0.00610	0.00606	0.00947	0.01020	0.01372	0.06567	0.07243	0.01885	0.05148	0.02497	0.65548	0.00575	0.00761	0.00365	0.00351
2	0.01527	0.01527	0.02137	0.01832	0.01832	0.02137	0.01527	0.01679	0.01069	0.01679	0.00916	0.01527	0.00916	0.01221	0.02290	0.00305	0.74198	0.00611	0.00305	0.00763
3	0.02607	0.03326	0.01978	0.01798	0.02157	0.72674	0.01348	0.02787	0.01978	0.01708	0.01079	0.01258	0.00899	0.00719	0.00629	0.00180	0.01258	0.00449	0.00360	0.00809
4	0.01400	0.03610	0.71860	0.01989	0.03020	0.01621	0.02578	0.02210	0.01473	0.02210	0.01252	0.01473	0.00884	0.00663	0.00663	0.00221	0.01031	0.00516	0.00295	0.01031
5	0.01908	0.01519	0.01626	0.01425	0.01843	0.01727	0.01119	0.09409	0.59542	0.07571	0.02732	0.02507	0.02021	0.00932	0.00708	0.00233	0.00574	0.00769	0.00719	0.01117
6	0.01896	0.01344	0.01503	0.01273	0.01643	0.01434	0.01003	0.26474	0.15957	0.08512	0.09442	0.09695	0.09642	0.01237	0.00864	0.04923	0.00581	0.00943	0.00687	0.00945
7	0.02607	0.03326	0.01978	0.01798	0.02157	0.72674	0.01348	0.02787	0.01978	0.01708	0.01079	0.01258	0.00899	0.00719	0.00629	0.00180	0.01258	0.00449	0.00360	0.00809
8	0.00825	0.00707	0.00707	0.00707	0.00943	0.00589	0.00530	0.01001	0.01591	0.01885	0.07069	0.06716	0.70839	0.01767	0.00825	0.00236	0.00353	0.01473	0.00648	0.00589
9	0.01212	0.00606	0.00909	0.00909	0.00909	0.00606	0.00606	0.00909	0.00909	0.01212	0.01212	0.02121	0.01212	0.02424	0.02727	0.79697	0.00606	0.00606	0.00303	0.00303
10	0.02114	0.01687	0.01791	0.01497	0.01959	0.01912	0.01196	0.30555	0.42399	0.03529	0.02360	0.02221	0.01741	0.00902	0.00705	0.00225	0.00641	0.00723	0.00705	0.01138
11	0.01527	0.01527	0.02137	0.01832	0.01832	0.02137	0.01527	0.01679	0.01069	0.01679	0.00916	0.01527	0.00916	0.01221	0.02290	0.00305	0.74198	0.00611	0.00305	0.00763
12	0.00876	0.00630	0.00826	0.00972	0.01029	0.00590	0.00667	0.01010	0.01355	0.01790	0.03929	0.63401	0.07902	0.05394	0.01011	0.00301	0.00432	0.06680	0.00637	0.00567
13	0.06352	0.00742	0.00885	0.00918	0.01058	0.00709	0.00639	0.01380	0.01379	0.09652	0.03365	0.39954	0.08071	0.13167	0.01212	0.00318	0.00466	0.01431	0.07667	0.00635
14	0.74690	0.01338	0.01070	0.00942	0.01381	0.01526	0.00776	0.02151	0.01247	0.08195	0.01103	0.01225	0.00828	0.00664	0.00452	0.00216	0.00544	0.00402	0.00464	0.00788
15	0.14965	0.01190	0.01490	0.01170	0.01669	0.01093	0.00957	0.03087	0.01829	0.57922	0.02453	0.02281	0.01613	0.04137	0.00786	0.00236	0.00589	0.00666	0.00777	0.01087
16	0.05626	0.00741	0.00844	0.00888	0.01047	0.00699	0.00662	0.01167	0.01478	0.01984	0.10908	0.17703	0.27810	0.12666	0.01240	0.00321	0.00468	0.12550	0.00612	0.00586
17	0.00988	0.00746	0.01100	0.01100	0.01230	0.00858	0.00855	0.01233	0.01146	0.01634	0.02138	0.02947	0.05316	0.05054	0.68994	0.01076	0.01791	0.00785	0.00388	0.00621
18	0.00928	0.00667	0.00825	0.00905	0.00984	0.00629	0.00622	0.01063	0.01370	0.01802	0.09487	0.35035	0.13334	0.20767	0.01563	0.00376	0.00484	0.08010	0.00600	0.00548
19	0.04259	0.00841	0.01020	0.00969	0.01221	0.00771	0.00736	0.01708	0.04015	0.17336	0.12996	0.23096	0.22712	0.01572	0.00802	0.00244	0.00441	0.03806	0.00705	0.00749
20	0.01007	0.00735	0.01078	0.01078	0.01186	0.00843	0.00818	0.01210	0.01103	0.01578	0.01875	0.02893	0.01800	0.11919	0.63229	0.04210	0.01703	0.00768	0.00376	0.00591
21	0.00871	0.00648	0.00813	0.00913	0.01015	0.00591	0.00639	0.01037	0.01481	0.01943	0.13087	0.49326	0.19044	0.01991	0.00870	0.00266	0.00392	0.03823	0.00663	0.00586
22	0.04576	0.00960	0.01239	0.01131	0.01436	0.00895	0.00884	0.03934	0.03821	0.30479	0.05880	0.26880	0.05285	0.01452	0.00790	0.00250	0.00521	0.07982	0.00736	0.00871
23	0.01068	0.00752	0.00898	0.00914	0.01039	0.00727	0.00635	0.01347	0.06488	0.04297	0.14627	0.23634	0.13636	0.22325	0.01597	0.00372	0.00488	0.03932	0.00616	0.00608
24	0.01157	0.00940	0.01407	0.07696	0.10267	0.01044	0.01084	0.01410	0.01336	0.01875	0.11764	0.03240	0.04577	0.09211	0.29601	0.03379	0.05965	0.02928	0.00436	0.00682
25	0.10356	0.34579	0.17617	0.01643	0.02294	0.02184	0.11547	0.04505	0.01486	0.02114	0.01118	0.01353	0.00914	0.00659	0.00661	0.00196	0.05026	0.00494	0.00335	0.00918
26	0.00993	0.00670	0.00782	0.00803	0.00813	0.00670	0.00470	0.01018	0.01061	0.01419	0.02400	0.13652	0.02776	0.63178	0.05934	0.00643	0.00688	0.01130	0.00450	0.00449
27	0.01462	0.01288	0.01645	0.01175	0.01801	0.00992	0.05838	0.01792	0.01462	0.02271	0.01253	0.01479	0.01035	0.00522	0.00539	0.00113	0.00566	0.00444	0.00409	0.73914
28	0.04709	0.01962	0.02608	0.12129	0.15867	0.16295	0.17450	0.04315	0.06042	0.04001	0.01382	0.01720	0.01086	0.00725	0.00828	0.00222	0.06702	0.00637	0.00393	0.00927
29	0.02292	0.01775	0.01891	0.01533	0.02027	0.01996	0.01239	0.43190	0.29474	0.03816	0.02134	0.02041	0.01558	0.00881	0.00703	0.00220	0.00683	0.00691	0.00703	0.01154
30	0.01699	0.05959	0.27692	0.01719	0.08540	0.03546	0.01608	0.04764	0.01626	0.13151	0.05146	0.04848	0.06216	0.09266	0.01011	0.00268	0.00789	0.00750	0.00478	0.00926
31	0.00914	0.00707	0.00833	0.00810	0.00999	0.00626	0.00604	0.01172	0.01790	0.02377	0.41527	0.08485	0.33443	0.01598	0.00826	0.00229	0.00342	0.01378	0.00713	0.00626
32	0.01064	0.00679	0.00923	0.00913	0.00973	0.00700	0.00628	0.01093	0.01181	0.01634	0.14049	0.03513	0.02673	0.23559	0.19580	0.24168	0.00883	0.00873	0.00437	0.00478

[dist]
# distance from previous block
# <min> <max>
0	1

[block]
# block no. 4 follows, 30 sequences, length 72
# corresponding to MSA columns:
# 580-651
name=unknown_E
#
# <colnr> <probs for GDERKNQSTAVLIFYWHMCP>
#	G	D	E	R	K	N	Q	S	T	A	V	L	I	F	Y	W	H	M	C	P
0	0.04318	0.06298	0.04811	0.07404	0.06275	0.09869	0.26098	0.06356	0.01683	0.02203	0.01721	0.09654	0.01584	0.00911	0.00797	0.00232	0.03153	0.05347	0.00419	0.00867
1	0.02606	0.02056	0.02036	0.01605	0.02131	0.09930	0.01306	0.55557	0.07132	0.06033	0.01712	0.01706	0.01228	0.00832	0.00691	0.00208	0.00804	0.00620	0.00666	0.01140
2	0.01900	0.21452	0.18448	0.01518	0.02178	0.01870	0.04016	0.11520	0.05628	0.08989	0.01462	0.01572	0.01109	0.00702	0.00663	0.00188	0.03496	0.00528	0.00449	0.12314
3	0.01526	0.04692	0.15617	0.05273	0.13008	0.03179	0.19733	0.01985	0.01525	0.04158	0.01822	0.11986	0.01701	0.00964	0.00853	0.00239	0.05341	0.05092	0.00408	0.00898
4	0.00967	0.00713	0.00905	0.00857	0.01030	0.00650	0.00642	0.01278	0.01927	0.02685	0.62839	0.05399	0.14570	0.01469	0.00823	0.00221	0.00332	0.01288	0.00753	0.00650
5	0.01447	0.01240	0.01447	0.01034	0.01654	0.00930	0.00827	0.01757	0.01447	0.02274	0.01240	0.01447	0.01034	0.00517	0.00517	0.00103	0.00517	0.00413	0.00413	0.79742
6	0.01600	0.01277	0.01698	0.01616	0.07846	0.01296	0.06515	0.06508	0.21650	0.06639	0.02600	0.12498	0.04252	0.06460	0.00944	0.00260	0.00629	0.05311	0.00589	0.09813
7	0.01883	0.01282	0.01726	0.01382	0.01815	0.01245	0.08444	0.08841	0.13784	0.17058	0.08169	0.02950	0.02206	0.09259	0.01033	0.00262	0.00645	0.04440	0.00625	0.12953
8	0.11703	0.01225	0.01550	0.01216	0.01735	0.01129	0.01000	0.03268	0.06019	0.59773	0.02559	0.02250	0.01643	0.00845	0.00672	0.00217	0.00585	0.00671	0.00806	0.01134
9	0.01682	0.01612	0.02750	0.11999	0.63762	0.01646	0.02119	0.02102	0.01567	0.02225	0.01305	0.01742	0.01086	0.00630	0.00692	0.00210	0.00840	0.00622	0.00341	0.01069
10	0.07950	0.00730	0.00883	0.00902	0.01034	0.00737	0.00648	0.01296	0.01294	0.04482	0.05088	0.22498	0.07679	0.05139	0.10072	0.14257	0.00631	0.01091	0.13008	0.00579
11	0.01164	0.00774	0.00888	0.00854	0.01096	0.00677	0.00660	0.01371	0.01642	0.10373	0.12160	0.06029	0.44504	0.06418	0.01001	0.00269	0.00432	0.08352	0.00671	0.00663
12	0.01473	0.00841	0.01062	0.00953	0.01219	0.00759	0.00733	0.01797	0.04000	0.18674	0.36113	0.09278	0.17535	0.01394	0.00796	0.00226	0.00408	0.01203	0.00758	0.00777
13	0.01075	0.00850	0.01331	0.01197	0.01347	0.00900	0.08302	0.01283	0.01175	0.01643	0.04378	0.03337	0.02102	0.27805	0.39230	0.00843	0.01342	0.00863	0.00402	0.00594
14	0.01161	0.00750	0.00977	0.00966	0.01142	0.00694	0.00738	0.01427	0.01756	0.08326	0.37099	0.15774	0.10283	0.04800	0.00962	0.00265	0.00427	0.11065	0.00716	0.00672
15	0.01015	0.00677	0.00761	0.00761	0.00761	0.00677	0.00423	0.01015	0.01015	0.01353	0.02199	0.04567	0.02537	0.75476	0.03552	0.00677	0.00677	0.01015	0.00423	0.00423
16	0.00859	0.00614	0.00818	0.00966	0.01014	0.00573	0.00648	0.00994	0.01377	0.01847	0.08181	0.70497	0.04743	0.02137	0.00886	0.00279	0.00400	0.01937	0.00656	0.00573
17	0.06501	0.00885	0.01089	0.00986	0.01229	0.00826	0.00723	0.01900	0.01507	0.25387	0.05523	0.16172	0.07442	0.22890	0.01568	0.00366	0.00557	0.03049	0.00647	0.00753
18	0.03027	0.01157	0.01564	0.01208	0.01726	0.01004	0.00995	0.03300	0.01967	0.67689	0.02726	0.02388	0.01731	0.00861	0.00690	0.00213	0.00579	0.00699	0.05318	0.01157
19	0.41488	0.01361	0.01382	0.01125	0.01613	0.01431	0.00928	0.10625	0.01750	0.29451	0.01737	0.01673	0.01179	0.00753	0.00567	0.00215	0.00588	0.00532	0.00629	0.00973
20	0.00951	0.00693	0.00837	0.00904	0.01057	0.00622	0.00665	0.01135	0.01531	0.04124	0.09890	0.33980	0.30374	0.01899	0.00862	0.00262	0.00411	0.08531	0.00663	0.00610
21	0.01669	0.02006	0.15136	0.03874	0.58984	0.01651	0.02219	0.02154	0.01568	0.02267	0.01302	0.01682	0.01066	0.00629	0.00686	0.00210	0.00865	0.00603	0.00336	0.01092
22	0.01301	0.00650	0.00650	0.00650	0.00813	0.00650	0.00488	0.01626	0.01463	0.02602	0.02276	0.02602	0.01789	0.00813	0.00488	0.00163	0.00325	0.00650	0.79350	0.00650
23	0.01011	0.00714	0.00952	0.01084	0.01175	0.00700	0.00836	0.01207	0.01408	0.01852	0.03480	0.30272	0.03958	0.15125	0.01400	0.00372	0.00567	0.32704	0.00605	0.00577
24	0.00924	0.00655	0.00787	0.00850	0.00938	0.00610	0.00570	0.01066	0.01395	0.01877	0.12035	0.35137	0.15858	0.17845	0.01425	0.00346	0.00441	0.01520	0.05167	0.00555
25	0.02574	0.01385	0.01645	0.01293	0.01743	0.01391	0.01031	0.27566	0.02305	0.33813	0.02249	0.02503	0.01668	0.14152	0.01208	0.00296	0.00674	0.00730	0.00723	0.01051
26	0.02653	0.01955	0.02094	0.01606	0.02164	0.02164	0.01326	0.68796	0.03281	0.04398	0.01675	0.01675	0.01187	0.00838	0.00698	0.00209	0.00768	0.00628	0.00698	0.01187
27	0.01356	0.00969	0.01174	0.01051	0.01303	0.00976	0.00816	0.09253	0.10308	0.05779	0.50109	0.04462	0.05170	0.01294	0.00795	0.00223	0.00425	0.02989	0.00754	0.00793
28	0.01055	0.00806	0.00838	0.00835	0.00913	0.03787	0.00539	0.01136	0.01261	0.01610	0.08211	0.05029	0.14600	0.49836	0.02605	0.00525	0.00618	0.04800	0.00497	0.00498
29	0.03567	0.00637	0.00926	0.00923	0.00944	0.00652	0.00628	0.00965	0.00931	0.01296	0.01247	0.02132	0.01233	0.02553	0.07193	0.72229	0.00686	0.00608	0.00311	0.00337
30	0.01527	0.01527	0.02137	0.01832	0.01832	0.02137	0.01527	0.01679	0.01069	0.01679	0.00916	0.01527	0.00916	0.01221	0.02290	0.00305	0.74198	0.00611	0.00305	0.00763
31	0.01764	0.01513	0.01594	0.01426	0.01825	0.01749	0.01111	0.05689	0.67835	0.02964	0.02805	0.02575	0.02101	0.00943	0.00710	0.00236	0.00559	0.00784	0.00710	0.01107
32	0.00996	0.00669	0.00767	0.00785	0.00789	0.00664	0.00448	0.01010	0.01051	0.01401	0.02383	0.12459	0.02770	0.67266	0.03254	0.00632	0.00646	0.01123	0.00448	0.00439
33	0.02609	0.03248	0.01984	0.01787	0.02158	0.68672	0.01347	0.06533	0.02052	0.01861	0.01113	0.01282	0.00915	0.00726	0.00633	0.00181	0.01231	0.00460	0.00379	0.00830
34	0.77638	0.01371	0.01064	0.00942	0.01379	0.01587	0.00776	0.04427	0.01262	0.03176	0.00997	0.01153	0.00771	0.00655	0.00441	0.00216	0.00548	0.00387	0.00441	0.00771
35	0.01573	0.01358	0.01423	0.01293	0.01659	0.01531	0.01002	0.03226	0.57694	0.02735	0.03594	0.03336	0.14377	0.01093	0.00730	0.00237	0.00517	0.00911	0.00699	0.01013
36	0.01869	0.01218	0.01327	0.01119	0.01433	0.01336	0.00896	0.24323	0.06212	0.05978	0.02039	0.02212	0.01548	0.00858	0.00699	0.00194	0.05351	0.00651	0.39850	0.00887
37	0.01382	0.03773	0.01366	0.03852	0.01431	0.01261	0.00928	0.07812	0.05110	0.02120	0.02259	0.10163	0.04092	0.18114	0.01660	0.00342	0.15189	0.05134	0.13311	0.00699
38	0.00848	0.00617	0.00800	0.00947	0.01006	0.00569	0.00637	0.00974	0.01360	0.01791	0.04147	0.68641	0.10800	0.02147	0.00885	0.00279	0.00400	0.01936	0.00648	0.00569
39	0.07926	0.01685	0.02208	0.10805	0.26870	0.09651	0.05424	0.04652	0.04148	0.04418	0.04368	0.01815	0.01318	0.00690	0.00656	0.00198	0.00805	0.00603	0.00419	0.11339
40	0.01166	0.04031	0.01102	0.01066	0.01205	0.00845	0.00771	0.07803	0.01566	0.04593	0.03462	0.59209	0.03987	0.01926	0.00849	0.00269	0.00472	0.04363	0.00645	0.00668
41	0.01318	0.01240	0.02093	0.73798	0.04806	0.01550	0.01938	0.01783	0.01395	0.01783	0.01240	0.01860	0.00930	0.00698	0.00698	0.00233	0.00930	0.00620	0.00310	0.00775
42	0.02198	0.01717	0.01929	0.14821	0.02510	0.04450	0.01335	0.43059	0.02587	0.03492	0.01574	0.01737	0.01156	0.00776	0.00664	0.00199	0.00762	0.00602	0.06034	0.08396
43	0.01671	0.01653	0.02565	0.23822	0.47636	0.06453	0.02030	0.02084	0.01560	0.02100	0.01276	0.01733	0.01042	0.00650	0.00689	0.00213	0.00887	0.00610	0.00336	0.00992
44	0.01065	0.00674	0.00753	0.00753	0.00786	0.00678	0.00449	0.01131	0.01098	0.01584	0.02202	0.04156	0.02378	0.59864	0.05274	0.00600	0.00653	0.00941	0.14489	0.00470
45	0.02803	0.01156	0.01524	0.01210	0.01691	0.01041	0.00999	0.06820	0.01995	0.56843	0.02708	0.02713	0.01851	0.00926	0.00699	0.00217	0.00582	0.04951	0.08170	0.01102
46	0.01301	0.00650	0.00650	0.00650	0.00813	0.00650	0.00488	0.01626	0.01463	0.02602	0.02276	0.02602	0.01789	0.00813	0.00488	0.00163	0.00325	0.00650	0.79350	0.00650
47	0.01062	0.00733	0.00937	0.00875	0.01063	0.00667	0.00660	0.01372	0.01933	0.05677	0.60674	0.05258	0.13572	0.01440	0.00818	0.00221	0.00343	0.01261	0.00759	0.00674
48	0.01866	0.75896	0.03657	0.01194	0.01791	0.02761	0.01194	0.02090	0.01418	0.01642	0.00970	0.01119	0.00896	0.00597	0.00448	0.00149	0.00746	0.00373	0.00299	0.00896
49	0.00997	0.00748	0.01121	0.01121	0.01246	0.00872	0.00872	0.01246	0.01121	0.01620	0.01869	0.02741	0.01745	0.05234	0.72710	0.01121	0.01869	0.00748	0.00374	0.00623
50	0.02166	0.01713	0.01820	0.01507	0.01978	0.01937	0.01209	0.34224	0.38646	0.03612	0.02294	0.02168	0.01688	0.00896	0.00704	0.00224	0.00653	0.00714	0.00704	0.01143
51	0.80405	0.01350	0.01026	0.00918	0.01350	0.01565	0.00756	0.02051	0.01188	0.03131	0.00972	0.01134	0.00756	0.00648	0.00432	0.00216	0.00540	0.00378	0.00432	0.00756
52	0.00825	0.00707	0.00707	0.00707	0.00943	0.00589	0.00530	0.01001	0.01591	0.01885	0.07069	0.06716	0.70839	0.01767	0.00825	0.00236	0.00353	0.01473	0.00648	0.00589
53	0.01889	0.01575	0.01664	0.01451	0.01873	0.01807	0.01142	0.14610	0.58710	0.03167	0.02645	0.02448	0.01972	0.00928	0.00708	0.00232	0.00588	0.00762	0.00708	0.01118
54	0.00917	0.00731	0.00827	0.00825	0.01025	0.00655	0.00617	0.01203	0.04114	0.02193	0.25657	0.12260	0.41175	0.01678	0.00830	0.00238	0.00366	0.03374	0.00686	0.00628
55	0.00850	0.00607	0.00810	0.00972	0.01012	0.00567	0.00648	0.00972	0.01336	0.01781	0.03846	0.75020	0.04615	0.02186	0.00891	0.00283	0.00405	0.01984	0.00648	0.00567
56	0.00841	0.00708	0.00729	0.00724	0.00952	0.00596	0.00543	0.01033	0.01628	0.01975	0.13337	0.06568	0.64516	0.01734	0.00825	0.00234	0.00351	0.01452	0.00660	0.00596
57	0.01791	0.01527	0.01609	0.01431	0.01836	0.01762	0.01118	0.07652	0.65828	0.03009	0.02770	0.02547	0.02073	0.00940	0.00709	0.00235	0.00565	0.00779	0.00709	0.01110
58	0.03100	0.01237	0.01650	0.01265	0.01806	0.01099	0.01045	0.07638	0.02080	0.67251	0.02683	0.02330	0.01692	0.00862	0.00702	0.00216	0.00605	0.00697	0.00853	0.01188
59	0.02653	0.01955	0.02094	0.01606	0.02164	0.02164	0.01326	0.68796	0.03281	0.04398	0.01675	0.01675	0.01187	0.00838	0.00698	0.00209	0.00768	0.00628	0.00698	0.01187
60	0.00843	0.00708	0.00733	0.00727	0.00954	0.00597	0.00545	0.01038	0.01635	0.01990	0.14368	0.06543	0.63475	0.01728	0.00825	0.00234	0.00351	0.01449	0.00662	0.00597
61	0.00890	0.00636	0.00856	0.01017	0.01076	0.00601	0.00717	0.01041	0.01376	0.01826	0.03824	0.65205	0.04528	0.02148	0.00901	0.00289	0.00440	0.11403	0.00647	0.00578
62	0.02005	0.01633	0.01729	0.01475	0.01917	0.01861	0.01170	0.22801	0.50331	0.03353	0.02499	0.02331	0.01853	0.00915	0.00707	0.00229	0.00616	0.00742	0.00707	0.01129
63	0.01820	0.01324	0.01460	0.01289	0.01677	0.01445	0.01009	0.03248	0.48298	0.13617	0.07686	0.03126	0.08831	0.01042	0.00727	0.00232	0.00525	0.00871	0.00732	0.01040
64	0.01416	0.03498	0.67471	0.02051	0.03061	0.01630	0.06855	0.02212	0.01485	0.02212	0.01263	0.01500	0.00895	0.00658	0.00673	0.00222	0.01041	0.00536	0.00298	0.01025
65	0.01211	0.00728	0.00863	0.00828	0.00886	0.00721	0.00506	0.01251	0.01113	0.07920	0.02230	0.04252	0.02413	0.64262	0.07476	0.00661	0.00741	0.00969	0.00461	0.00506
66	0.01306	0.00785	0.01003	0.00907	0.01130	0.00708	0.00687	0.01588	0.01876	0.13413	0.48194	0.04919	0.13648	0.05584	0.00959	0.00247	0.00394	0.01186	0.00749	0.00720
67	0.01917	0.01571	0.01670	0.01440	0.01862	0.01789	0.01137	0.18750	0.51427	0.03258	0.05512	0.02501	0.02104	0.00942	0.00712	0.00230	0.00593	0.00772	0.00710	0.01104
68	0.01049	0.00753	0.00988	0.01088	0.01207	0.00737	0.00825	0.05070	0.01598	0.02135	0.11172	0.43707	0.04466	0.01949	0.00893	0.00283	0.00486	0.20299	0.00663	0.00635
69	0.01359	0.01064	0.01310	0.01215	0.01420	0.04021	0.00947	0.13336	0.01535	0.02104	0.01821	0.02593	0.01655	0.08195	0.53065	0.00896	0.01581	0.00729	0.00434	0.00720
70	0.18138	0.25487	0.06453	0.05523	0.02124	0.12159	0.03394	0.14892	0.01814	0.02541	0.01166	0.01335	0.00929	0.00680	0.00556	0.00190	0.00821	0.00470	0.00413	0.00913
71	0.04181	0.11815	0.01656	0.01206	0.01446	0.01464	0.00988	0.08886	0.04046	0.02232	0.04378	0.09053	0.01873	0.02103	0.18878	0.00445	0.12118	0.00771	0.11693	0.00767

[dist]
# distance from previous block
# <min> <max>
0	5

[block]
# block no. 5 follows, 30 sequences, length 62
# corresponding to MSA columns:
# 657-718
name=unknown_F
#
# <colnr> <probs for GDERKNQSTAVLIFYWHMCP>
#	G	D	E	R	K	N	Q	S	T	A	V	L	I	F	Y	W	H	M	C	P
0	0.01594	0.01353	0.01721	0.09667	0.10012	0.01389	0.01215	0.08864	0.18232	0.02492	0.01775	0.02049	0.01428	0.02976	0.08899	0.00302	0.00790	0.00625	0.00490	0.24127
1	0.01429	0.01168	0.01395	0.02984	0.12257	0.07625	0.00987	0.04357	0.03532	0.01851	0.04900	0.08124	0.08521	0.05212	0.01567	0.28134	0.00662	0.00827	0.00434	0.04034
2	0.02410	0.01444	0.01682	0.01313	0.01826	0.01425	0.01079	0.29506	0.02393	0.25542	0.02572	0.02623	0.08148	0.00941	0.00699	0.00205	0.00634	0.03536	0.00708	0.11315
3	0.01018	0.00725	0.00990	0.01143	0.01251	0.00710	0.00913	0.01249	0.01477	0.01938	0.03674	0.32405	0.04161	0.05800	0.01070	0.00326	0.00557	0.39359	0.00633	0.00603
4	0.01194	0.00878	0.01090	0.03219	0.04957	0.00906	0.00815	0.04485	0.08509	0.02261	0.09027	0.20139	0.11333	0.04157	0.08805	0.00341	0.00617	0.01147	0.15408	0.00711
5	0.01208	0.00862	0.00980	0.00948	0.01103	0.00878	0.00667	0.07663	0.07985	0.02235	0.12119	0.19676	0.08761	0.22313	0.01551	0.00359	0.00507	0.01205	0.08323	0.00657
6	0.00998	0.00742	0.01094	0.01094	0.01209	0.00857	0.00838	0.01228	0.01113	0.01599	0.01894	0.02882	0.01805	0.10628	0.67399	0.01087	0.01778	0.00768	0.00378	0.00608
7	0.01311	0.00895	0.01176	0.01257	0.01459	0.00909	0.01049	0.01818	0.10578	0.07123	0.03536	0.16011	0.03687	0.01758	0.00902	0.00297	0.00595	0.44239	0.00668	0.00732
8	0.13175	0.01379	0.01451	0.01234	0.01638	0.01500	0.00979	0.17971	0.22736	0.11383	0.02609	0.04843	0.07213	0.03696	0.00774	0.00238	0.00577	0.00776	0.04852	0.00977
9	0.01412	0.00842	0.01001	0.00935	0.01194	0.00770	0.00708	0.01758	0.06629	0.16230	0.13799	0.17293	0.27192	0.01497	0.00784	0.00234	0.00421	0.01282	0.05262	0.00757
10	0.02510	0.01884	0.02014	0.01577	0.02110	0.02097	0.01292	0.58636	0.13674	0.04167	0.01857	0.01820	0.01334	0.00855	0.00700	0.00214	0.00734	0.00653	0.00700	0.01174
11	0.04742	0.00925	0.01086	0.01093	0.01271	0.00958	0.00791	0.06790	0.12086	0.05773	0.03172	0.41493	0.03419	0.09085	0.01088	0.00305	0.00508	0.04051	0.00640	0.00726
12	0.04505	0.00986	0.01159	0.01032	0.01335	0.00961	0.00811	0.08833	0.04791	0.17922	0.13607	0.11181	0.11865	0.01248	0.00727	0.00224	0.00477	0.04495	0.13011	0.00832
13	0.00872	0.00617	0.00803	0.00944	0.00979	0.00581	0.00618	0.00977	0.01293	0.01724	0.03626	0.65624	0.04338	0.11960	0.01246	0.00336	0.00441	0.01855	0.00618	0.00548
14	0.77033	0.01342	0.01052	0.00932	0.01368	0.01542	0.00768	0.02110	0.01223	0.06119	0.01049	0.01188	0.00798	0.00657	0.00444	0.00216	0.00542	0.00392	0.00451	0.00775
15	0.04102	0.00854	0.01042	0.00945	0.01210	0.00788	0.00727	0.01799	0.03925	0.17691	0.27686	0.09191	0.17439	0.03545	0.00854	0.00240	0.00429	0.02675	0.04093	0.00765
16	0.00956	0.00684	0.00767	0.00783	0.00855	0.00649	0.00495	0.01030	0.01234	0.01590	0.05879	0.10774	0.20102	0.46574	0.02491	0.00509	0.00561	0.03061	0.00515	0.00490
17	0.73817	0.01336	0.01076	0.00945	0.01386	0.01519	0.00779	0.02166	0.01257	0.08968	0.01124	0.01239	0.00839	0.00666	0.00455	0.00216	0.00544	0.00405	0.00469	0.00793
18	0.01307	0.00861	0.01040	0.00949	0.01157	0.00825	0.00702	0.08081	0.01852	0.08391	0.33333	0.10746	0.13185	0.12988	0.01232	0.00297	0.00459	0.01202	0.00689	0.00702
19	0.01047	0.00733	0.00886	0.00868	0.00935	0.00756	0.00567	0.03079	0.01199	0.01624	0.06875	0.04249	0.06290	0.49358	0.17980	0.00704	0.00895	0.00987	0.00455	0.00513
20	0.01111	0.00816	0.01088	0.01222	0.01374	0.00826	0.01009	0.01526	0.07361	0.02086	0.03658	0.23396	0.03998	0.01906	0.00925	0.00305	0.00578	0.45501	0.00650	0.00664
21	0.02607	0.03326	0.01978	0.01798	0.02157	0.72674	0.01348	0.02787	0.01978	0.01708	0.01079	0.01258	0.00899	0.00719	0.00629	0.00180	0.01258	0.00449	0.00360	0.00809
22	0.01226	0.00613	0.00870	0.00870	0.00895	0.00613	0.00588	0.01018	0.00993	0.01423	0.01373	0.02194	0.01299	0.02180	0.02388	0.67650	0.00564	0.00613	0.12276	0.00356
23	0.02675	0.01919	0.02072	0.01588	0.02146	0.02111	0.01312	0.65726	0.03221	0.07553	0.01726	0.01708	0.01212	0.00839	0.00698	0.00210	0.00760	0.00632	0.00706	0.01187
24	0.01436	0.01240	0.01502	0.07237	0.01922	0.00983	0.00922	0.01759	0.01443	0.02232	0.01240	0.01482	0.01025	0.00532	0.00532	0.00114	0.00552	0.00431	0.00405	0.73010
25	0.01638	0.01514	0.02436	0.27558	0.35816	0.04380	0.04767	0.02046	0.01547	0.05313	0.01485	0.05690	0.01251	0.00745	0.00708	0.00220	0.00862	0.00699	0.00375	0.00949
26	0.01015	0.00677	0.00761	0.00761	0.00761	0.00677	0.00423	0.01015	0.01015	0.01353	0.02199	0.04567	0.02537	0.75476	0.03552	0.00677	0.00677	0.01015	0.00423	0.00423
27	0.01866	0.75896	0.03657	0.01194	0.01791	0.02761	0.01194	0.02090	0.01418	0.01642	0.00970	0.01119	0.00896	0.00597	0.00448	0.00149	0.00746	0.00373	0.00299	0.00896
28	0.08409	0.01438	0.01980	0.46564	0.03727	0.01712	0.01650	0.18511	0.04791	0.02595	0.01394	0.01785	0.01031	0.00739	0.00676	0.00226	0.00840	0.00609	0.00434	0.00890
29	0.01447	0.01240	0.01447	0.01034	0.01654	0.00930	0.00827	0.01757	0.01447	0.02274	0.01240	0.01447	0.01034	0.00517	0.00517	0.00103	0.00517	0.00413	0.00413	0.79742
30	0.01439	0.09772	0.66046	0.01921	0.02915	0.01718	0.02460	0.02200	0.01469	0.02162	0.01228	0.01443	0.00885	0.00657	0.00645	0.00215	0.01007	0.00504	0.00295	0.01020
31	0.02968	0.01449	0.01781	0.01366	0.01912	0.01413	0.01128	0.25680	0.02435	0.48709	0.02386	0.02137	0.01543	0.00855	0.00701	0.00214	0.00653	0.00677	0.00807	0.01187
32	0.01318	0.01240	0.02093	0.73798	0.04806	0.01550	0.01938	0.01783	0.01395	0.01783	0.01240	0.01860	0.00930	0.00698	0.00698	0.00233	0.00930	0.00620	0.00310	0.00775
33	0.01394	0.01195	0.01384	0.01006	0.01593	0.00901	0.00802	0.01693	0.01459	0.02241	0.01737	0.01896	0.06984	0.00623	0.00543	0.00115	0.00503	0.00504	0.00433	0.72994
34	0.00881	0.00620	0.00801	0.00933	0.00966	0.00587	0.00606	0.00980	0.01277	0.01702	0.03542	0.62014	0.04232	0.15716	0.01382	0.00356	0.00455	0.01805	0.00606	0.00540
35	0.01318	0.01240	0.02093	0.73798	0.04806	0.01550	0.01938	0.01783	0.01395	0.01783	0.01240	0.01860	0.00930	0.00698	0.00698	0.00233	0.00930	0.00620	0.00310	0.00775
36	0.00839	0.00707	0.00726	0.00721	0.00951	0.00595	0.00541	0.01028	0.01623	0.01963	0.12498	0.06588	0.65362	0.01738	0.00825	0.00234	0.00351	0.01455	0.00658	0.00595
37	0.02202	0.01405	0.02238	0.14828	0.33059	0.01395	0.01675	0.02569	0.01715	0.29070	0.01859	0.02001	0.01317	0.00728	0.00696	0.00215	0.00755	0.00652	0.00540	0.01082
38	0.01099	0.00742	0.00830	0.00804	0.00833	0.00753	0.00469	0.04496	0.01131	0.01509	0.02172	0.04418	0.02468	0.71642	0.03405	0.00653	0.00681	0.00995	0.00437	0.00462
39	0.01008	0.00704	0.00901	0.00901	0.00949	0.00752	0.00597	0.01104	0.01056	0.01457	0.02071	0.03859	0.02230	0.48247	0.30360	0.00849	0.01139	0.00911	0.00404	0.00500
40	0.00886	0.00698	0.00802	0.00819	0.01002	0.00614	0.00609	0.01102	0.01658	0.02128	0.23854	0.16714	0.40345	0.01745	0.00840	0.00242	0.00367	0.04287	0.00681	0.00607
41	0.00854	0.00620	0.00806	0.00945	0.01007	0.00572	0.00638	0.00988	0.01383	0.01831	0.06799	0.66403	0.10340	0.02120	0.00882	0.00277	0.00397	0.01911	0.00653	0.00572
42	0.00850	0.00607	0.00810	0.00972	0.01012	0.00567	0.00648	0.00972	0.01336	0.01781	0.03846	0.75020	0.04615	0.02186	0.00891	0.00283	0.00405	0.01984	0.00648	0.00567
43	0.02941	0.01192	0.01592	0.01233	0.01745	0.01058	0.01013	0.06720	0.02064	0.62747	0.07918	0.02556	0.02072	0.00906	0.00711	0.00216	0.00583	0.00741	0.00848	0.01147
44	0.16999	0.01511	0.01651	0.01325	0.01821	0.01601	0.01082	0.26157	0.10577	0.25113	0.02083	0.03789	0.01481	0.00859	0.00656	0.00218	0.00635	0.00660	0.00701	0.01082
45	0.01018	0.00707	0.00930	0.01025	0.01132	0.00686	0.00785	0.01244	0.01514	0.02064	0.15422	0.25922	0.04345	0.10887	0.01210	0.00328	0.00506	0.24851	0.04826	0.00597
