[name]
unknown

[dist]
# distance from previous block
# <min> <max>
5	31

[block]
# block no. 0 follows, 34 sequences, length 34
# corresponding to MSA columns:
# 31-64
name=unknown_A
#
# <colnr> <probs for GDERKNQSTAVLIFYWHMCP>
#	G	D	E	R	K	N	Q	S	T	A	V	L	I	F	Y	W	H	M	C	P
0	0.01698	0.08192	0.12425	0.01287	0.01768	0.07349	0.03810	0.02274	0.12665	0.15358	0.11182	0.04479	0.04967	0.00847	0.00631	0.00189	0.00635	0.00700	0.00529	0.09015
1	0.05465	0.01470	0.12659	0.01246	0.01703	0.01197	0.03116	0.02312	0.18829	0.15117	0.09411	0.02654	0.09904	0.00903	0.00707	0.00202	0.03722	0.00735	0.00560	0.08089
2	0.01883	0.06184	0.01830	0.01380	0.01807	0.07774	0.07815	0.14009	0.18326	0.12554	0.07706	0.04286	0.01842	0.02662	0.00706	0.00203	0.00654	0.00692	0.00567	0.07120
3	0.01552	0.01544	0.10878	0.01395	0.05175	0.01319	0.01179	0.09327	0.15284	0.05819	0.04682	0.02010	0.04859	0.00773	0.00737	0.00181	0.07353	0.00601	0.00481	0.24852
4	0.01400	0.01305	0.02155	0.23523	0.41963	0.01387	0.01716	0.01834	0.04147	0.02028	0.07596	0.05094	0.01592	0.00732	0.00661	0.00203	0.00727	0.00686	0.00369	0.00881
5	0.01318	0.01071	0.01224	0.03532	0.01485	0.01076	0.00835	0.03550	0.24907	0.04135	0.05251	0.02954	0.14312	0.04496	0.07832	0.00283	0.00602	0.00770	0.00535	0.19830
6	0.01362	0.08994	0.07870	0.01034	0.01407	0.04583	0.00908	0.07911	0.01697	0.06051	0.22971	0.03436	0.16588	0.03962	0.00759	0.00203	0.00527	0.00861	0.00543	0.08333
7	0.00912	0.00715	0.00886	0.00834	0.01009	0.00675	0.00632	0.01157	0.01603	0.02193	0.41372	0.08611	0.23290	0.01547	0.04029	0.00245	0.04042	0.01169	0.00623	0.04454
8	0.01803	0.69432	0.03214	0.01167	0.01696	0.10533	0.01121	0.02006	0.01370	0.01527	0.00909	0.01051	0.00830	0.00565	0.00433	0.00141	0.00743	0.00353	0.00283	0.00820
9	0.01340	0.01148	0.01340	0.00957	0.01531	0.00861	0.00766	0.01627	0.01340	0.02105	0.01148	0.01340	0.00957	0.00479	0.00479	0.00096	0.00479	0.00383	0.00383	0.81242
10	0.01461	0.12309	0.54686	0.01848	0.05674	0.03967	0.04768	0.02085	0.01400	0.04367	0.01177	0.01370	0.00862	0.00610	0.00596	0.00195	0.00913	0.00480	0.00297	0.00937
11	0.01656	0.11434	0.01732	0.01294	0.01690	0.01747	0.01042	0.05836	0.60136	0.02600	0.02361	0.02197	0.01789	0.00830	0.00625	0.00208	0.00543	0.00674	0.00607	0.01000
12	0.01686	0.01427	0.01506	0.01331	0.01710	0.01644	0.01042	0.09736	0.65663	0.02830	0.02529	0.02331	0.01891	0.00867	0.00656	0.00217	0.00530	0.00717	0.00656	0.01030
13	0.00804	0.00656	0.00711	0.00697	0.00898	0.00563	0.00523	0.01006	0.01569	0.01973	0.24441	0.05843	0.54962	0.01551	0.00763	0.00214	0.00321	0.01311	0.00630	0.00563
14	0.00940	0.00626	0.00705	0.00705	0.00705	0.00626	0.00392	0.00940	0.00940	0.01253	0.02036	0.04228	0.02349	0.77292	0.03289	0.00626	0.00626	0.00940	0.00392	0.00392
15	0.00845	0.00658	0.00768	0.00740	0.00923	0.00580	0.00555	0.01086	0.01666	0.02204	0.42511	0.05464	0.36748	0.01465	0.00763	0.00210	0.00315	0.01258	0.00660	0.00580
16	0.81856	0.01250	0.00950	0.00850	0.01250	0.01449	0.00700	0.01899	0.01100	0.02899	0.00900	0.01050	0.00700	0.00600	0.00400	0.00200	0.00500	0.00350	0.00400	0.00700
17	0.02366	0.02999	0.01838	0.01666	0.01983	0.71198	0.01256	0.02531	0.01791	0.01580	0.00992	0.01177	0.00833	0.00688	0.00657	0.00172	0.04772	0.00423	0.00331	0.00747
18	0.00866	0.00628	0.00817	0.00834	0.00952	0.00579	0.00601	0.01101	0.01619	0.02244	0.47174	0.28344	0.08698	0.01565	0.00783	0.00223	0.00329	0.01395	0.00670	0.00579
19	0.02656	0.04893	0.01651	0.01197	0.01701	0.01211	0.00995	0.13803	0.04241	0.53485	0.02247	0.02006	0.01464	0.00771	0.00630	0.00192	0.00577	0.00614	0.00726	0.04941
20	0.07332	0.01308	0.01623	0.13083	0.04735	0.04920	0.01195	0.08529	0.01447	0.05492	0.03550	0.09409	0.04187	0.00976	0.01044	0.00220	0.21566	0.00709	0.00422	0.08253
21	0.04349	0.25740	0.44015	0.01563	0.02331	0.05343	0.01844	0.04451	0.01420	0.01965	0.01077	0.01251	0.00828	0.00603	0.00546	0.00182	0.00860	0.00434	0.00294	0.00903
22	0.01707	0.00922	0.01032	0.00899	0.01183	0.00937	0.00707	0.08111	0.11620	0.17234	0.04710	0.02377	0.01797	0.00802	0.00549	0.00176	0.00417	0.00648	0.43365	0.00807
23	0.01819	0.03552	0.05516	0.01412	0.01854	0.03838	0.02743	0.17331	0.47056	0.04366	0.02204	0.02086	0.01637	0.00818	0.00647	0.00209	0.00614	0.00666	0.00611	0.01020
24	0.04280	0.02437	0.45178	0.01638	0.05698	0.01283	0.01804	0.02032	0.01462	0.10110	0.09058	0.01829	0.01494	0.00696	0.00615	0.00193	0.00770	0.00563	0.00396	0.08465
25	0.01600	0.28031	0.35486	0.01584	0.02325	0.01846	0.07057	0.05463	0.01466	0.05679	0.01174	0.01335	0.00893	0.00602	0.00558	0.00180	0.00830	0.00466	0.00327	0.03100
26	0.01667	0.67305	0.13234	0.01208	0.01817	0.02409	0.01284	0.01950	0.01320	0.01594	0.00935	0.01082	0.00828	0.00561	0.00442	0.00147	0.00728	0.00364	0.00276	0.00847
27	0.00791	0.00574	0.00748	0.00876	0.00933	0.00531	0.00592	0.00917	0.01284	0.01702	0.07113	0.67752	0.09884	0.01960	0.00817	0.00256	0.00368	0.01767	0.00605	0.00531
28	0.01515	0.01891	0.16663	0.02948	0.39929	0.04281	0.08867	0.03688	0.01510	0.02117	0.04409	0.01887	0.01292	0.00805	0.03251	0.00229	0.00860	0.02572	0.00346	0.00940
29	0.01994	0.04646	0.02723	0.02375	0.16598	0.09483	0.26731	0.09874	0.01764	0.15131	0.01490	0.01686	0.01092	0.00636	0.00672	0.00198	0.00880	0.00632	0.00444	0.00953
30	0.00865	0.00637	0.00809	0.00810	0.00946	0.00581	0.00591	0.01106	0.01645	0.02260	0.47950	0.21345	0.15012	0.01524	0.00776	0.00219	0.00324	0.01347	0.00670	0.00581
31	0.00940	0.00626	0.00705	0.00705	0.00705	0.00626	0.00392	0.00940	0.00940	0.01253	0.02036	0.04228	0.02349	0.77292	0.03289	0.00626	0.00626	0.00940	0.00392	0.00392
32	0.26147	0.01663	0.11898	0.01658	0.10994	0.04872	0.07794	0.07659	0.01551	0.05259	0.09793	0.01987	0.04628	0.00748	0.00592	0.00200	0.00675	0.00609	0.00442	0.00827
33	0.16489	0.15752	0.27893	0.01677	0.10587	0.01623	0.01571	0.04470	0.01416	0.08527	0.01285	0.03778	0.01013	0.00663	0.00553	0.00191	0.00738	0.00504	0.00373	0.00897

[dist]
# distance from previous block
# <min> <max>
1	5

[block]
# block no. 1 follows, 34 sequences, length 8
# corresponding to MSA columns:
# 70-77
name=unknown_B
#
# <colnr> <probs for GDERKNQSTAVLIFYWHMCP>
#	G	D	E	R	K	N	Q	S	T	A	V	L	I	F	Y	W	H	M	C	P
0	0.00898	0.00648	0.00849	0.00824	0.00962	0.00599	0.00608	0.01178	0.01752	0.02468	0.63877	0.14220	0.05859	0.01413	0.00770	0.00211	0.00314	0.01256	0.00697	0.00599
1	0.01382	0.05754	0.41189	0.05206	0.10009	0.01471	0.05130	0.07649	0.01532	0.02144	0.01895	0.02057	0.10285	0.00752	0.00639	0.00202	0.00823	0.00624	0.00355	0.00901
2	0.00881	0.00659	0.00818	0.00778	0.00945	0.00596	0.00584	0.01155	0.01751	0.02405	0.58331	0.05132	0.20802	0.01390	0.00762	0.00207	0.00310	0.01211	0.00687	0.00596
3	0.01461	0.31775	0.46957	0.01560	0.02361	0.01905	0.01897	0.02004	0.01345	0.01845	0.01060	0.01239	0.00823	0.00591	0.00538	0.00179	0.00854	0.00427	0.00274	0.00907
4	0.00800	0.00653	0.00700	0.00727	0.00911	0.00566	0.00545	0.00962	0.01425	0.01728	0.05763	0.12527	0.56953	0.05658	0.00913	0.00251	0.00371	0.07419	0.00589	0.00540
5	0.01293	0.01109	0.01285	0.00933	0.01478	0.00836	0.00743	0.01571	0.01351	0.02076	0.01584	0.01733	0.06766	0.00572	0.00502	0.00106	0.00466	0.00462	0.00400	0.74735
6	0.01730	0.01888	0.15676	0.01540	0.05133	0.07945	0.04573	0.18566	0.07262	0.05736	0.09480	0.02139	0.05031	0.00791	0.00640	0.00188	0.00709	0.00648	0.00500	0.09824
7	0.03452	0.01439	0.01858	0.02287	0.29927	0.06002	0.01338	0.05895	0.17514	0.06565	0.04275	0.05600	0.03600	0.03023	0.00722	0.00210	0.00650	0.00703	0.00483	0.04456

[dist]
# distance from previous block
# <min> <max>
0	9

[block]
# block no. 2 follows, 34 sequences, length 49
# corresponding to MSA columns:
# 87-135
name=unknown_C
#
# <colnr> <probs for GDERKNQSTAVLIFYWHMCP>
#	G	D	E	R	K	N	Q	S	T	A	V	L	I	F	Y	W	H	M	C	P
0	0.06036	0.01530	0.02224	0.10772	0.28517	0.05084	0.09309	0.03934	0.15064	0.02211	0.01452	0.01713	0.01147	0.00668	0.00698	0.00202	0.03988	0.00597	0.00396	0.04456
1	0.11158	0.17865	0.04685	0.08274	0.06429	0.07564	0.01224	0.14377	0.11494	0.04452	0.01409	0.01557	0.01101	0.00909	0.04666	0.00233	0.00768	0.00515	0.00436	0.00883
2	0.51944	0.10028	0.04534	0.01041	0.01499	0.04227	0.00912	0.09215	0.01423	0.08494	0.01115	0.01211	0.00838	0.00632	0.00463	0.00191	0.00591	0.00405	0.00436	0.00801
3	0.01334	0.01283	0.02012	0.33892	0.13562	0.01622	0.01633	0.01641	0.01194	0.01677	0.01075	0.01629	0.00917	0.01019	0.04776	0.00277	0.28835	0.00577	0.00293	0.00753
4	0.01375	0.01002	0.01191	0.01157	0.05234	0.01032	0.00822	0.08659	0.16305	0.07828	0.15660	0.04917	0.15606	0.10688	0.05359	0.00309	0.00561	0.00938	0.00596	0.00763
5	0.01150	0.00899	0.01092	0.00941	0.01226	0.00822	0.00711	0.04920	0.01288	0.01846	0.02010	0.06104	0.05894	0.17607	0.17805	0.00446	0.00795	0.03815	0.00422	0.30209
6	0.01912	0.01348	0.03647	0.01848	0.15682	0.04498	0.07033	0.02217	0.01546	0.25647	0.04304	0.04063	0.01494	0.01037	0.05904	0.00250	0.04919	0.00646	0.00508	0.11497
7	0.01989	0.01785	0.02242	0.13333	0.02619	0.09550	0.14858	0.32473	0.09527	0.02896	0.01494	0.01664	0.01101	0.00709	0.00663	0.00202	0.00836	0.00614	0.00496	0.00950
8	0.01356	0.01284	0.02132	0.31866	0.38033	0.01385	0.01741	0.01734	0.01401	0.01889	0.01787	0.02166	0.09037	0.00722	0.00656	0.00204	0.00755	0.00664	0.00338	0.00849
9	0.01160	0.01026	0.01432	0.01297	0.01338	0.01338	0.01028	0.01310	0.00998	0.01485	0.01360	0.02284	0.01371	0.15211	0.28026	0.00608	0.37123	0.00673	0.00323	0.00608
10	0.06488	0.01106	0.01474	0.01136	0.01631	0.00972	0.00938	0.03092	0.01815	0.70490	0.02474	0.02147	0.01559	0.00791	0.00638	0.00200	0.00548	0.00636	0.00782	0.01081
11	0.00906	0.00612	0.00715	0.00747	0.00755	0.00604	0.00437	0.00931	0.01004	0.01339	0.02368	0.20062	0.02769	0.60887	0.02752	0.00547	0.00572	0.01135	0.00437	0.00421
12	0.01014	0.00683	0.00891	0.00826	0.00998	0.00626	0.00624	0.01312	0.01820	0.06281	0.67412	0.04728	0.07710	0.01302	0.00756	0.00203	0.00318	0.01147	0.00713	0.00633
13	0.01462	0.01364	0.02101	0.02971	0.49231	0.01383	0.01574	0.02051	0.13308	0.02149	0.02339	0.02503	0.13148	0.00802	0.00663	0.00201	0.00651	0.00733	0.00423	0.00944
14	0.00938	0.00632	0.00734	0.00734	0.00744	0.00642	0.00428	0.00958	0.00948	0.01274	0.02009	0.04080	0.02285	0.70951	0.09542	0.00662	0.00723	0.00918	0.00388	0.00408
15	0.01411	0.06961	0.04207	0.01007	0.01591	0.01015	0.00857	0.01709	0.01353	0.04086	0.01170	0.01342	0.00960	0.00498	0.00484	0.00106	0.00514	0.00391	0.00383	0.69955
16	0.03241	0.12425	0.06369	0.01649	0.02147	0.07793	0.18490	0.15163	0.09085	0.05653	0.07541	0.01957	0.01563	0.03199	0.00728	0.00208	0.00785	0.00649	0.00469	0.00888
17	0.01620	0.01656	0.08048	0.03433	0.56471	0.01522	0.04857	0.02151	0.07176	0.04726	0.01377	0.01674	0.01103	0.00610	0.00645	0.00196	0.00767	0.00591	0.00361	0.01014
18	0.00787	0.00655	0.00688	0.00680	0.00887	0.00556	0.00510	0.00973	0.01529	0.01879	0.17011	0.05999	0.62451	0.01587	0.00763	0.00216	0.00324	0.01333	0.00618	0.00556
19	0.01714	0.75276	0.05668	0.01129	0.01695	0.02522	0.01147	0.01938	0.01315	0.01537	0.00907	0.01047	0.00829	0.00555	0.00421	0.00140	0.00700	0.00350	0.00276	0.00833
20	0.00962	0.00676	0.00820	0.00795	0.00879	0.00656	0.00529	0.01081	0.01202	0.01661	0.18075	0.04243	0.03139	0.46223	0.07547	0.00511	0.00623	0.04705	0.00471	0.05202
21	0.01490	0.41721	0.27104	0.01343	0.01979	0.01965	0.01491	0.01950	0.04382	0.01797	0.03867	0.05789	0.01270	0.00702	0.00530	0.00174	0.00741	0.00525	0.00326	0.00854
22	0.02246	0.19671	0.12340	0.01481	0.05871	0.03187	0.04638	0.02576	0.01617	0.37389	0.01792	0.01727	0.01227	0.00687	0.00592	0.00186	0.00693	0.00549	0.00541	0.00992
23	0.00781	0.00639	0.00689	0.00711	0.00892	0.00547	0.00520	0.00948	0.01462	0.01801	0.11718	0.18335	0.55362	0.01677	0.00774	0.00225	0.00334	0.01429	0.00610	0.00547
24	0.01515	0.01441	0.02448	0.11250	0.62111	0.01469	0.01887	0.01889	0.01440	0.02038	0.01338	0.05780	0.01187	0.00663	0.00651	0.00198	0.00756	0.00645	0.00332	0.00964
25	0.07458	0.04942	0.40989	0.01767	0.06534	0.01548	0.04235	0.08743	0.07336	0.08322	0.01414	0.01531	0.01014	0.00658	0.00608	0.00202	0.00814	0.00524	0.00397	0.00965
26	0.01616	0.01599	0.02586	0.08009	0.63052	0.05254	0.04453	0.01997	0.01481	0.02056	0.01204	0.01590	0.01003	0.00583	0.00642	0.00193	0.00805	0.00574	0.00319	0.00986
27	0.00940	0.00702	0.01007	0.00999	0.01090	0.00810	0.00752	0.01128	0.01020	0.01458	0.01759	0.02804	0.01723	0.17535	0.60011	0.00944	0.03689	0.00732	0.00352	0.00548
28	0.01757	0.74480	0.03319	0.01130	0.01673	0.05652	0.01112	0.01962	0.01335	0.01523	0.00903	0.01042	0.00829	0.00558	0.00422	0.00139	0.00711	0.00349	0.00279	0.00826
29	0.01441	0.05806	0.02068	0.11012	0.28003	0.03497	0.05270	0.02067	0.15683	0.02044	0.01884	0.14896	0.01745	0.00897	0.00668	0.00210	0.00683	0.00820	0.00431	0.00873
30	0.01785	0.01621	0.06095	0.01731	0.08180	0.05384	0.08644	0.04677	0.41155	0.10321	0.02158	0.02097	0.01594	0.00778	0.00659	0.00210	0.00665	0.00677	0.00569	0.00999
31	0.01055	0.00960	0.06334	0.00946	0.01201	0.00790	0.00792	0.03985	0.05486	0.02589	0.58082	0.04167	0.05075	0.01187	0.00729	0.00199	0.00386	0.01037	0.00659	0.04340
32	0.00838	0.00650	0.00762	0.00750	0.00922	0.00575	0.00556	0.01066	0.01626	0.02145	0.38229	0.11020	0.35510	0.01515	0.00768	0.00214	0.00320	0.01306	0.00653	0.00575
33	0.01756	0.05537	0.02399	0.06362	0.44933	0.18004	0.01721	0.02065	0.01497	0.01898	0.01119	0.01465	0.00950	0.00643	0.00736	0.00192	0.06966	0.00528	0.00316	0.00913
34	0.05443	0.46383	0.29465	0.01366	0.02061	0.02111	0.01562	0.01974	0.01322	0.01782	0.00995	0.01159	0.00819	0.00578	0.00488	0.00166	0.00780	0.00395	0.00281	0.00870
35	0.01338	0.01269	0.02151	0.53450	0.25819	0.01466	0.01853	0.01754	0.01348	0.01794	0.01169	0.01684	0.00912	0.00624	0.00644	0.00208	0.00832	0.00575	0.00297	0.00813
36	0.21243	0.02130	0.29765	0.01380	0.02044	0.01443	0.01476	0.12943	0.01611	0.10045	0.01302	0.01402	0.00929	0.00641	0.00557	0.00190	0.00714	0.00471	0.00429	0.09284
37	0.00764	0.00655	0.00655	0.00655	0.00873	0.00545	0.00491	0.00927	0.01473	0.01745	0.06546	0.06218	0.73000	0.01636	0.00764	0.00218	0.00327	0.01364	0.00600	0.00545
38	0.01208	0.01034	0.01412	0.01270	0.01345	0.01315	0.01010	0.04490	0.01152	0.01700	0.05570	0.02352	0.01620	0.11342	0.26006	0.00560	0.32650	0.00689	0.02639	0.00636
39	0.00798	0.00656	0.00703	0.00691	0.00894	0.00560	0.00518	0.00995	0.01555	0.01941	0.21880	0.05897	0.57543	0.01564	0.00763	0.00215	0.00322	0.01319	0.00626	0.00560
40	0.01433	0.01349	0.02191	0.35230	0.34970	0.01499	0.01792	0.02000	0.09318	0.01975	0.01345	0.01745	0.01059	0.00640	0.00644	0.00205	0.00780	0.00592	0.00343	0.00889
41	0.01452	0.01390	0.02400	0.36201	0.33049	0.01516	0.08330	0.04327	0.01452	0.01970	0.01206	0.01667	0.00949	0.00612	0.00654	0.00205	0.00838	0.00593	0.00317	0.00874
42	0.06515	0.00940	0.01227	0.01005	0.01366	0.00848	0.00806	0.02344	0.01800	0.42673	0.29288	0.03137	0.03264	0.00987	0.00679	0.00201	0.00454	0.00831	0.00744	0.00891
43	0.01087	0.00972	0.01636	0.24314	0.10504	0.01030	0.08217	0.01371	0.01310	0.01745	0.02329	0.37734	0.02528	0.01288	0.00743	0.00235	0.00640	0.01199	0.00445	0.00676
44	0.01792	0.01547	0.01561	0.01362	0.01751	0.05491	0.01069	0.14769	0.56813	0.02875	0.02363	0.02201	0.01766	0.00849	0.00652	0.00212	0.00579	0.00689	0.00639	0.01021
45	0.01578	0.01642	0.10452	0.03265	0.07432	0.04762	0.17037	0.03693	0.01498	0.08200	0.01439	0.05475	0.01175	0.00644	0.00616	0.00169	0.00741	0.00603	0.00402	0.29176
46	0.11143	0.09853	0.51637	0.01609	0.02409	0.01618	0.01941	0.04639	0.05533	0.02213	0.01204	0.01364	0.00883	0.00628	0.00573	0.00198	0.00840	0.00468	0.00325	0.00922
47	0.01379	0.02673	0.46298	0.02042	0.02865	0.01511	0.22957	0.02082	0.04013	0.02081	0.01258	0.01516	0.00917	0.00596	0.00653	0.00203	0.00954	0.00568	0.00309	0.05125
48	0.01101	0.00987	0.01677	0.35691	0.02881	0.01096	0.09095	0.01431	0.01325	0.01732	0.02177	0.25329	0.02262	0.01193	0.00743	0.00240	0.00706	0.09248	0.00424	0.00661

[dist]
# distance from previous block
# <min> <max>
26	81

[block]
# block no. 3 follows, 34 sequences, length 71
# corresponding to MSA columns:
# 221-291
name=unknown_D
#
# <colnr> <probs for GDERKNQSTAVLIFYWHMCP>
#	G	D	E	R	K	N	Q	S	T	A	V	L	I	F	Y	W	H	M	C	P
0	0.01524	0.01496	0.02498	0.21837	0.49752	0.03679	0.05992	0.01922	0.01440	0.01977	0.01198	0.01626	0.00975	0.00594	0.00647	0.00199	0.00822	0.00582	0.00312	0.00930
1	0.01266	0.04110	0.01083	0.00894	0.01171	0.00854	0.00698	0.01705	0.10741	0.11577	0.25867	0.06562	0.25171	0.01247	0.00710	0.00204	0.00396	0.01058	0.00646	0.04039
2	0.01351	0.01159	0.01345	0.00972	0.01538	0.00893	0.00777	0.01704	0.04356	0.02131	0.01212	0.01385	0.01000	0.00495	0.00486	0.00101	0.00480	0.00398	0.00395	0.77823
3	0.00787	0.00562	0.00750	0.00900	0.00937	0.00525	0.00600	0.00900	0.01237	0.01649	0.03561	0.76871	0.04274	0.02024	0.00825	0.00262	0.00375	0.01837	0.00600	0.00525
4	0.01667	0.31621	0.32810	0.01493	0.02198	0.04841	0.01665	0.11238	0.03196	0.02110	0.01139	0.01279	0.00887	0.00620	0.00541	0.00177	0.00819	0.00444	0.00335	0.00919
5	0.01555	0.06011	0.28016	0.02170	0.02902	0.01671	0.34435	0.09380	0.03422	0.02262	0.01295	0.01573	0.00954	0.00602	0.00679	0.00207	0.00968	0.00623	0.00348	0.00926
6	0.01015	0.00725	0.01011	0.01160	0.01297	0.00721	0.00996	0.01293	0.01462	0.01904	0.03436	0.14468	0.03776	0.01810	0.00885	0.00294	0.00572	0.61991	0.00595	0.00588
7	0.01309	0.03252	0.69981	0.01891	0.02829	0.01508	0.06260	0.02048	0.01373	0.02048	0.01168	0.01386	0.00828	0.00610	0.00622	0.00205	0.00963	0.00494	0.00276	0.00950
8	0.01235	0.01163	0.01964	0.72994	0.07082	0.01439	0.01802	0.01664	0.01299	0.01668	0.01151	0.01718	0.00868	0.00643	0.00646	0.00214	0.00858	0.00574	0.00288	0.00729
9	0.02407	0.01785	0.01911	0.01477	0.01985	0.01981	0.01216	0.67154	0.07072	0.03992	0.01614	0.01601	0.01150	0.00782	0.00647	0.00195	0.00699	0.00590	0.00647	0.01094
10	0.01736	0.01542	0.02057	0.02585	0.35691	0.04550	0.01490	0.09509	0.25048	0.04210	0.01764	0.01931	0.01388	0.02773	0.00716	0.00212	0.00684	0.00633	0.00479	0.01005
11	0.01727	0.77681	0.03386	0.01106	0.01658	0.02557	0.01106	0.01935	0.01313	0.01520	0.00898	0.01036	0.00829	0.00553	0.00415	0.00138	0.00691	0.00345	0.00276	0.00829
12	0.01607	0.01388	0.01461	0.01315	0.01680	0.01607	0.01023	0.03433	0.72094	0.02703	0.02630	0.02411	0.01972	0.00877	0.00657	0.00219	0.00511	0.00731	0.00657	0.01023
13	0.00784	0.00574	0.00738	0.00870	0.00929	0.00527	0.00586	0.00903	0.01266	0.01661	0.03926	0.68245	0.12664	0.01977	0.00817	0.00257	0.00369	0.01779	0.00600	0.00527
14	0.00923	0.00692	0.01038	0.01038	0.01154	0.00808	0.00808	0.01154	0.01038	0.01500	0.01731	0.02538	0.01615	0.04846	0.74732	0.01038	0.01731	0.00692	0.00346	0.00577
15	0.00891	0.00660	0.00831	0.00788	0.00951	0.00600	0.00591	0.01174	0.01773	0.02459	0.62519	0.05045	0.16581	0.01370	0.00762	0.00206	0.00308	0.01199	0.00694	0.00600
16	0.02414	0.03079	0.01831	0.01665	0.01998	0.74698	0.01248	0.02580	0.01831	0.01581	0.00999	0.01165	0.00832	0.00666	0.00583	0.00166	0.01165	0.00416	0.00333	0.00749
17	0.02414	0.03079	0.01831	0.01665	0.01998	0.74698	0.01248	0.02580	0.01831	0.01581	0.00999	0.01165	0.00832	0.00666	0.00583	0.00166	0.01165	0.00416	0.00333	0.00749
18	0.00844	0.00651	0.00770	0.00754	0.00926	0.00578	0.00560	0.01078	0.01643	0.02181	0.41018	0.10382	0.33287	0.01498	0.00767	0.00213	0.00319	0.01294	0.00658	0.00578
19	0.01351	0.03379	0.01399	0.00961	0.01535	0.00911	0.00776	0.01636	0.01339	0.02088	0.01141	0.01331	0.00953	0.00481	0.00477	0.00097	0.00485	0.00382	0.00380	0.78898
20	0.00929	0.00670	0.00927	0.00927	0.01004	0.00747	0.00669	0.01082	0.01005	0.01417	0.01833	0.03102	0.01860	0.29024	0.50888	0.00901	0.01362	0.00775	0.00361	0.00515
21	0.01565	0.08315	0.07761	0.01691	0.10382	0.03690	0.01320	0.15455	0.04828	0.02240	0.01588	0.02300	0.01416	0.01658	0.15091	0.00375	0.11284	0.07788	0.00421	0.00833
22	0.02548	0.01178	0.01493	0.01186	0.01647	0.01121	0.00965	0.07717	0.14323	0.53116	0.05803	0.02316	0.01843	0.00836	0.00656	0.00203	0.00542	0.00684	0.00760	0.01063
23	0.01639	0.01454	0.01476	0.01329	0.01693	0.04469	0.01032	0.03400	0.69343	0.02659	0.02566	0.02362	0.01928	0.00868	0.00655	0.00217	0.00537	0.00718	0.00645	0.01012
24	0.01626	0.01487	0.02523	0.09259	0.65020	0.01503	0.01925	0.02008	0.01474	0.05128	0.01267	0.01634	0.01036	0.00591	0.00641	0.00194	0.00765	0.00579	0.00338	0.01004
25	0.01427	0.02761	0.52764	0.01786	0.05934	0.03225	0.02017	0.02081	0.03733	0.06270	0.01506	0.01662	0.03997	0.00691	0.00677	0.00202	0.03807	0.00536	0.00340	0.04583
26	0.01420	0.02899	0.55715	0.01995	0.02865	0.01503	0.16805	0.02103	0.01421	0.05420	0.01256	0.01483	0.00889	0.00608	0.00647	0.00207	0.00964	0.00546	0.00309	0.00944
27	0.00809	0.00610	0.00749	0.00811	0.00926	0.00550	0.00572	0.00980	0.01437	0.01890	0.20126	0.40755	0.23926	0.01756	0.00793	0.00237	0.00346	0.01553	0.00625	0.00550
28	0.05114	0.01104	0.01484	0.01141	0.01638	0.00964	0.00943	0.03114	0.01828	0.71723	0.02503	0.02167	0.01574	0.00794	0.00643	0.00200	0.00548	0.00641	0.00789	0.01088
29	0.01485	0.03034	0.57876	0.01774	0.02597	0.05153	0.02131	0.09237	0.03771	0.02234	0.01226	0.01409	0.00886	0.00662	0.00676	0.00205	0.03869	0.00497	0.00327	0.00952
30	0.00920	0.00622	0.00726	0.00744	0.00755	0.00623	0.00437	0.00945	0.00980	0.01313	0.02204	0.12884	0.02545	0.64697	0.06485	0.00603	0.00650	0.01035	0.00414	0.00417
31	0.00940	0.00626	0.00705	0.00705	0.00705	0.00626	0.00392	0.00940	0.00940	0.01253	0.02036	0.04228	0.02349	0.77292	0.03289	0.00626	0.00626	0.00940	0.00392	0.00392
32	0.70346	0.01494	0.04605	0.00971	0.01397	0.06577	0.00834	0.03723	0.01213	0.02795	0.00936	0.01086	0.00725	0.00610	0.00429	0.00198	0.00574	0.00367	0.00395	0.00726
33	0.01549	0.01291	0.01380	0.01243	0.01588	0.01465	0.00965	0.03143	0.61676	0.04450	0.08662	0.02757	0.05089	0.00942	0.00670	0.00217	0.00488	0.00790	0.00663	0.00971
34	0.01870	0.09613	0.06365	0.02322	0.25236	0.14014	0.04777	0.08893	0.12994	0.05488	0.01467	0.01615	0.01143	0.00667	0.00616	0.00189	0.00796	0.00557	0.00422	0.00957
35	0.01586	0.01524	0.16182	0.01158	0.01740	0.00977	0.01114	0.01963	0.01510	0.16420	0.10808	0.01972	0.01728	0.00680	0.00577	0.00153	0.00568	0.00558	0.00486	0.38296
36	0.01388	0.19147	0.58943	0.01685	0.02555	0.01725	0.02115	0.02023	0.01353	0.01934	0.01104	0.01294	0.00821	0.00601	0.00572	0.00191	0.00899	0.00449	0.00274	0.00928
37	0.01492	0.04211	0.01336	0.01167	0.01389	0.08241	0.00887	0.20556	0.01789	0.02340	0.02456	0.38605	0.02641	0.01387	0.00779	0.00225	0.04113	0.01175	0.04484	0.00729
38	0.00859	0.00658	0.00787	0.00755	0.00931	0.00586	0.00566	0.01113	0.01699	0.02282	0.48664	0.05335	0.30546	0.01436	0.00763	0.00209	0.00313	0.01240	0.00671	0.00586
39	0.01261	0.00878	0.01065	0.00935	0.01170	0.00861	0.00725	0.13327	0.02017	0.06026	0.53505	0.04225	0.08989	0.01222	0.00737	0.00202	0.00387	0.01055	0.00698	0.00712
40	0.00815	0.00582	0.00782	0.00931	0.00981	0.00549	0.00648	0.00948	0.01264	0.01681	0.03546	0.69252	0.04213	0.01998	0.00832	0.00266	0.00399	0.09181	0.00599	0.00532
41	0.01340	0.01148	0.01340	0.00957	0.01531	0.00861	0.00766	0.01627	0.01340	0.02105	0.01148	0.01340	0.00957	0.00479	0.00479	0.00096	0.00479	0.00383	0.00383	0.81242
42	0.01047	0.00775	0.01112	0.01344	0.06265	0.00770	0.01049	0.01326	0.01453	0.01909	0.03287	0.16021	0.03605	0.01733	0.00866	0.00286	0.00578	0.55384	0.00577	0.00615
43	0.01255	0.01184	0.02001	0.69106	0.10810	0.01445	0.01812	0.01682	0.01309	0.01693	0.01155	0.01711	0.00876	0.00639	0.00645	0.00213	0.00853	0.00574	0.00290	0.00746
44	0.01321	0.01251	0.02119	0.56744	0.22662	0.01462	0.01844	0.01739	0.01339	0.01773	0.01166	0.01690	0.00904	0.00627	0.00644	0.00209	0.00837	0.00575	0.00296	0.00799
45	0.01059	0.00760	0.01025	0.01143	0.01287	0.00762	0.00957	0.04808	0.01513	0.01982	0.03355	0.21786	0.03703	0.01784	0.00865	0.00285	0.00554	0.51165	0.00599	0.00606
46	0.01287	0.01216	0.02058	0.63183	0.16488	0.01453	0.01827	0.01709	0.01323	0.01731	0.01160	0.01701	0.00890	0.00634	0.00645	0.00211	0.00845	0.00574	0.00293	0.00771
47	0.01887	0.60366	0.03025	0.01235	0.01737	0.19300	0.01139	0.02085	0.01433	0.01534	0.00922	0.01066	0.00830	0.00579	0.00454	0.00145	0.00801	0.00362	0.00290	0.00811
48	0.01325	0.01514	0.12630	0.01492	0.01893	0.01315	0.12326	0.02191	0.24295	0.02230	0.13299	0.02751	0.02297	0.07468	0.04467	0.00292	0.04567	0.02327	0.00498	0.00822
49	0.01446	0.01492	0.10753	0.09421	0.19265	0.02911	0.01471	0.01936	0.07523	0.06899	0.13079	0.04673	0.02116	0.00917	0.00855	0.00218	0.09808	0.03922	0.00452	0.00844
50	0.01739	0.01454	0.01535	0.01342	0.01731	0.01669	0.01055	0.13966	0.61346	0.02916	0.02462	0.02277	0.01836	0.00861	0.00656	0.00215	0.00542	0.00707	0.00656	0.01035
51	0.29699	0.01645	0.01914	0.08112	0.29232	0.12467	0.04191	0.02021	0.01384	0.02269	0.01071	0.01358	0.00867	0.00602	0.00553	0.00194	0.00754	0.00480	0.00347	0.00839
52	0.01434	0.01299	0.02233	0.46031	0.18265	0.01460	0.09054	0.01921	0.04597	0.05518	0.01318	0.01755	0.00996	0.00639	0.00658	0.00210	0.00834	0.00605	0.00341	0.00830
53	0.01073	0.00782	0.00933	0.00879	0.01032	0.00780	0.00635	0.09474	0.01592	0.02159	0.26042	0.12529	0.12153	0.19072	0.07649	0.00379	0.00560	0.01105	0.00573	0.00598
54	0.00934	0.00636	0.00753	0.00743	0.00779	0.00632	0.00456	0.01007	0.01127	0.01539	0.16551	0.04272	0.03083	0.58314	0.06129	0.00559	0.00612	0.00975	0.00455	0.00445
55	0.01202	0.01078	0.07782	0.01043	0.01306	0.00922	0.00860	0.01611	0.09744	0.05397	0.01928	0.02991	0.01827	0.26084	0.20400	0.00544	0.00902	0.03624	0.00430	0.10326
56	0.02456	0.01810	0.01939	0.01487	0.02004	0.02004	0.01228	0.71107	0.03038	0.04072	0.01551	0.01551	0.01099	0.00776	0.00646	0.00194	0.00711	0.00582	0.00646	0.01099
57	0.01582	0.26935	0.11613	0.07004	0.36821	0.01863	0.01731	0.01955	0.01395	0.01880	0.01100	0.01391	0.00924	0.00577	0.00562	0.00177	0.00771	0.00487	0.00298	0.00933
58	0.01718	0.04952	0.02207	0.18989	0.29643	0.01676	0.01612	0.17967	0.10280	0.02503	0.01433	0.01688	0.01110	0.00673	0.00635	0.00198	0.00741	0.00585	0.00426	0.00964
59	0.01209	0.00758	0.01034	0.01082	0.01225	0.00760	0.00867	0.01419	0.01374	0.10458	0.03000	0.20644	0.03201	0.10026	0.05411	0.00356	0.03500	0.32482	0.00573	0.00622
60	0.02414	0.03079	0.01831	0.01665	0.01998	0.74698	0.01248	0.02580	0.01831	0.01581	0.00999	0.01165	0.00832	0.00666	0.00583	0.00166	0.01165	0.00416	0.00333	0.00749
61	0.01220	0.01148	0.01938	0.75739	0.04450	0.01436	0.01794	0.01651	0.01292	0.01651	0.01148	0.01723	0.00861	0.00646	0.00646	0.00215	0.00861	0.00574	0.00287	0.00718
62	0.81856	0.01250	0.00950	0.00850	0.01250	0.01449	0.00700	0.01899	0.01100	0.02899	0.00900	0.01050	0.00700	0.00600	0.00400	0.00200	0.00500	0.00350	0.00400	0.00700
63	0.00822	0.00668	0.00739	0.00776	0.00972	0.00585	0.00609	0.01010	0.01464	0.01779	0.05758	0.09892	0.55420	0.01686	0.00793	0.00237	0.00385	0.15252	0.00599	0.00555
64	0.02838	0.01086	0.01480	0.01139	0.01629	0.00939	0.00939	0.03090	0.01849	0.71541	0.04695	0.02279	0.01737	0.00816	0.00653	0.00200	0.00542	0.00666	0.00797	0.01085
65	0.00940	0.00626	0.00705	0.00705	0.00705	0.00626	0.00392	0.00940	0.00940	0.01253	0.02036	0.04228	0.02349	0.77292	0.03289	0.00626	0.00626	0.00940	0.00392	0.00392
66	0.00879	0.00659	0.00815	0.00776	0.00944	0.00595	0.00582	0.01151	0.01745	0.02392	0.57332	0.05153	0.21810	0.01395	0.00762	0.00207	0.00310	0.01214	0.00685	0.00595
67	0.01792	0.01439	0.01621	0.01545	0.07583	0.01615	0.01124	0.12149	0.53244	0.06912	0.02368	0.02220	0.01759	0.00834	0.00654	0.00213	0.00561	0.00694	0.00637	0.01037
68	0.00939	0.00630	0.00722	0.00722	0.00728	0.00636	0.00413	0.00951	0.00945	0.01265	0.02020	0.04142	0.02312	0.73593	0.06937	0.00647	0.00683	0.00927	0.00389	0.00401
69	0.03609	0.10705	0.35526	0.01655	0.06380	0.03173	0.03383	0.02190	0.04222	0.12148	0.03471	0.01596	0.01154	0.00650	0.00591	0.00187	0.00778	0.00517	0.00393	0.07672
70	0.21503	0.17962	0.14237	0.01358	0.01865	0.23746	0.01267	0.04153	0.04934	0.02096	0.01076	0.01216	0.00860	0.00631	0.00514	0.00179	0.00824	0.00416	0.00352	0.00812

[dist]
# distance from previous block
# <min> <max>
1	6

[block]
# block no. 4 follows, 34 sequences, length 41
# corresponding to MSA columns:
# 298-338
name=unknown_E
#
# <colnr> <probs for GDERKNQSTAVLIFYWHMCP>
#	G	D	E	R	K	N	Q	S	T	A	V	L	I	F	Y	W	H	M	C	P
0	0.04595	0.59183	0.05136	0.01154	0.01700	0.04280	0.01121	0.04605	0.01446	0.10012	0.01123	0.01203	0.00923	0.00596	0.00460	0.00152	0.00690	0.00395	0.00356	0.00867
1	0.00764	0.00655	0.00655	0.00655	0.00873	0.00545	0.00491	0.00927	0.01473	0.01745	0.06546	0.06218	0.73000	0.01636	0.00764	0.00218	0.00327	0.01364	0.00600	0.00545
2	0.01991	0.03923	0.12850	0.01510	0.06611	0.12921	0.01265	0.06812	0.09202	0.21894	0.09912	0.02251	0.04354	0.00822	0.00644	0.00196	0.00700	0.00660	0.00555	0.00926
3	0.02066	0.09635	0.05497	0.06415	0.15439	0.06335	0.12072	0.04562	0.01631	0.25393	0.01611	0.01719	0.01151	0.00675	0.00676	0.00196	0.02901	0.00589	0.00479	0.00959
4	0.01565	0.01487	0.02526	0.03796	0.68851	0.01487	0.01925	0.01943	0.01472	0.02100	0.01351	0.01948	0.01189	0.00650	0.00655	0.00198	0.00757	0.04767	0.00337	0.00997
5	0.01642	0.00886	0.01201	0.06187	0.01507	0.00841	0.00873	0.04375	0.01802	0.25311	0.34801	0.03936	0.03838	0.01141	0.00729	0.00214	0.00470	0.08762	0.00694	0.00790
6	0.07775	0.15187	0.38370	0.01489	0.02196	0.01637	0.01691	0.04486	0.09452	0.07590	0.03364	0.01568	0.01156	0.00671	0.00577	0.00194	0.00769	0.00510	0.00391	0.00928
7	0.01427	0.06005	0.53645	0.01872	0.02701	0.03805	0.11015	0.05847	0.01486	0.02114	0.01256	0.03648	0.00958	0.00655	0.00632	0.00204	0.00937	0.00553	0.00312	0.00928
8	0.00929	0.00622	0.00708	0.00719	0.00722	0.00619	0.00407	0.00937	0.00961	0.01282	0.02147	0.09509	0.02489	0.71821	0.03110	0.00600	0.00608	0.01005	0.00407	0.00401
9	0.01769	0.04810	0.03129	0.02567	0.12618	0.20233	0.41144	0.02183	0.01588	0.01931	0.01201	0.01551	0.00943	0.00580	0.00687	0.00198	0.01050	0.00634	0.00326	0.00860
10	0.76530	0.01287	0.01016	0.00892	0.01300	0.01487	0.00735	0.06542	0.01230	0.02978	0.00943	0.01083	0.00727	0.00612	0.00416	0.00200	0.00514	0.00365	0.00416	0.00727
11	0.01577	0.01527	0.02629	0.06984	0.62264	0.01541	0.06851	0.02034	0.04360	0.02112	0.01277	0.01648	0.01052	0.00589	0.00649	0.00196	0.00784	0.00595	0.00333	0.00999
12	0.01705	0.01403	0.01513	0.01404	0.05797	0.05166	0.01037	0.17610	0.31537	0.04639	0.16698	0.02686	0.04096	0.00932	0.00674	0.00206	0.00558	0.00775	0.00632	0.00932
13	0.00864	0.00594	0.00727	0.00802	0.00821	0.00576	0.00496	0.00920	0.01088	0.01451	0.02798	0.40504	0.03310	0.39705	0.02058	0.00445	0.00501	0.01388	0.00496	0.00458
14	0.17191	0.03625	0.12156	0.02304	0.15746	0.10937	0.24828	0.02080	0.01446	0.02161	0.01143	0.01442	0.00890	0.00586	0.00619	0.00199	0.00898	0.00556	0.00332	0.00861
15	0.01615	0.55839	0.20876	0.01298	0.01943	0.02252	0.01421	0.02028	0.04412	0.01703	0.01039	0.01178	0.00876	0.00582	0.00475	0.00158	0.00749	0.00395	0.00292	0.00869
16	0.01220	0.01148	0.01938	0.75739	0.04450	0.01436	0.01794	0.01651	0.01292	0.01651	0.01148	0.01723	0.00861	0.00646	0.00646	0.00215	0.00861	0.00574	0.00287	0.00718
17	0.01540	0.05272	0.39651	0.01458	0.02202	0.01293	0.01659	0.02114	0.03995	0.12071	0.01576	0.01664	0.03433	0.00651	0.00587	0.00178	0.00744	0.00514	0.00396	0.19002
18	0.00778	0.00599	0.00712	0.00802	0.00911	0.00533	0.00556	0.00911	0.01331	0.01688	0.04753	0.48661	0.31714	0.01869	0.00800	0.00245	0.00356	0.01648	0.00600	0.00533
19	0.01535	0.01049	0.01213	0.01075	0.01383	0.01095	0.00837	0.02481	0.32311	0.14453	0.25590	0.03445	0.08655	0.01065	0.00698	0.00211	0.00437	0.00907	0.00694	0.00866
20	0.00903	0.00656	0.00850	0.00809	0.00960	0.00603	0.00604	0.01194	0.01790	0.02516	0.67244	0.07697	0.09023	0.01362	0.00765	0.00206	0.00309	0.01203	0.00702	0.00603
21	0.01727	0.77681	0.03386	0.01106	0.01658	0.02557	0.01106	0.01935	0.01313	0.01520	0.00898	0.01036	0.00829	0.00553	0.00415	0.00138	0.00691	0.00345	0.00276	0.00829
22	0.00904	0.00660	0.00849	0.00802	0.00959	0.00605	0.00601	0.01198	0.01803	0.02530	0.68166	0.04926	0.10889	0.01344	0.00762	0.00204	0.00306	0.01182	0.00703	0.00605
23	0.02899	0.01100	0.01499	0.01150	0.01649	0.00950	0.00950	0.03149	0.01849	0.73709	0.02549	0.02199	0.01599	0.00800	0.00650	0.00200	0.00550	0.00650	0.00800	0.01100
24	0.02177	0.00940	0.01268	0.01027	0.01400	0.00826	0.00826	0.02447	0.01842	0.47823	0.28164	0.03156	0.03236	0.00989	0.00691	0.00201	0.00461	0.00839	0.00768	0.00921
25	0.01074	0.00999	0.03465	0.01093	0.03968	0.06324	0.00794	0.01444	0.07709	0.02110	0.28013	0.27476	0.10159	0.01434	0.00750	0.00222	0.00452	0.01260	0.00602	0.00651
26	0.01489	0.01423	0.02423	0.24867	0.53223	0.01506	0.01928	0.01886	0.01419	0.01977	0.01196	0.01635	0.00976	0.00596	0.00642	0.00199	0.00795	0.00575	0.00310	0.00934
27	0.01454	0.01205	0.01596	0.01145	0.01723	0.00944	0.07774	0.01764	0.01390	0.06493	0.01250	0.01433	0.00999	0.00505	0.00517	0.00114	0.00544	0.00437	0.00403	0.68311
28	0.01651	0.06738	0.25314	0.01612	0.06990	0.01350	0.03970	0.02152	0.04557	0.15462	0.06812	0.01833	0.01451	0.00717	0.00702	0.00189	0.05357	0.00573	0.00442	0.12126
29	0.01507	0.01605	0.06442	0.15839	0.02241	0.13047	0.03379	0.07750	0.06113	0.01970	0.04630	0.08013	0.01586	0.06115	0.03902	0.00272	0.10430	0.00707	0.00406	0.04045
30	0.01520	0.17289	0.27202	0.01382	0.02012	0.06441	0.01461	0.04120	0.05039	0.03780	0.04186	0.01566	0.01193	0.00862	0.04578	0.00214	0.00805	0.00490	0.00364	0.15496
31	0.04299	0.16248	0.52273	0.01803	0.06882	0.03935	0.02041	0.02034	0.01367	0.01974	0.01103	0.01304	0.00829	0.00602	0.00572	0.00191	0.00887	0.00454	0.00283	0.00922
32	0.01588	0.07248	0.27399	0.03451	0.02287	0.08384	0.08529	0.03736	0.03238	0.06973	0.05432	0.01659	0.01253	0.00682	0.00688	0.00188	0.04790	0.00547	0.00380	0.11551
33	0.04026	0.04218	0.30770	0.01609	0.04340	0.06316	0.04064	0.09110	0.04695	0.06351	0.06771	0.04103	0.01466	0.00756	0.00673	0.00197	0.03314	0.00602	0.00420	0.06200
34	0.06857	0.01868	0.21735	0.01798	0.09884	0.01443	0.05087	0.03738	0.01428	0.12408	0.05414	0.01720	0.01279	0.00772	0.00921	0.00211	0.15996	0.00573	0.00409	0.06462
35	0.05286	0.12240	0.20527	0.01591	0.04445	0.04178	0.08422	0.06246	0.10682	0.08874	0.03238	0.01652	0.01219	0.00664	0.00594	0.00186	0.00745	0.00547	0.00429	0.08233
36	0.05329	0.07666	0.21969	0.01732	0.02337	0.07921	0.14747	0.07566	0.05511	0.12718	0.01442	0.01579	0.01048	0.00682	0.00708	0.00202	0.04934	0.00563	0.00422	0.00924
37	0.01689	0.10529	0.35196	0.01584	0.03926	0.07213	0.01684	0.04194	0.01506	0.11770	0.03289	0.01535	0.01100	0.00674	0.00664	0.00188	0.04537	0.00503	0.00384	0.07837
38	0.01699	0.06156	0.23235	0.01457	0.02034	0.04336	0.03347	0.08319	0.18053	0.10692	0.02030	0.02029	0.06005	0.00783	0.00669	0.00199	0.02834	0.00620	0.00488	0.05014
39	0.13644	0.09580	0.20198	0.01514	0.04266	0.01596	0.05394	0.09946	0.09929	0.09727	0.03066	0.01622	0.01188	0.00694	0.00623	0.00197	0.02682	0.00539	0.00451	0.03146
40	0.03834	0.07459	0.14462	0.01546	0.05832	0.03343	0.03518	0.11321	0.14883	0.08500	0.04167	0.01768	0.01362	0.00731	0.00688	0.00191	0.04909	0.00572	0.00477	0.10435

[dist]
# distance from previous block
# <min> <max>
0	42

# created by:
# /home/berkeley/.conda/envs/busco_data_prod/bin/msa2prfl.pl pipeline/OGs_align_augustus/4893/32994.fs
