[name]
unknown

[dist]
# distance from previous block
# <min> <max>
0	73

[block]
# block no. 0 follows, 32 sequences, length 93
# corresponding to MSA columns:
# 73-165
name=unknown_A
#
# <colnr> <probs for GDERKNQSTAVLIFYWHMCP>
#	G	D	E	R	K	N	Q	S	T	A	V	L	I	F	Y	W	H	M	C	P
0	0.17333	0.00879	0.01062	0.01164	0.01371	0.00921	0.01009	0.01508	0.01463	0.02211	0.03021	0.06254	0.03225	0.01604	0.00823	0.00288	0.00598	0.54048	0.00577	0.00640
1	0.71410	0.01370	0.01114	0.00964	0.01395	0.01577	0.00795	0.10408	0.01392	0.03162	0.01018	0.01155	0.00778	0.00646	0.00447	0.00207	0.00546	0.00393	0.00447	0.00778
2	0.42705	0.01276	0.01208	0.00959	0.01459	0.01260	0.00780	0.04691	0.01336	0.02698	0.01076	0.01245	0.00862	0.00575	0.00462	0.00160	0.00518	0.00388	0.00418	0.35923
3	0.01585	0.01221	0.01433	0.01043	0.01624	0.00970	0.00838	0.04378	0.03647	0.08504	0.01384	0.01512	0.01091	0.00550	0.00525	0.00117	0.00513	0.00441	0.00455	0.68172
4	0.16740	0.01897	0.10008	0.01565	0.02072	0.01890	0.05268	0.37254	0.02229	0.03318	0.01334	0.01486	0.00992	0.00785	0.00819	0.00217	0.10076	0.00556	0.00513	0.00983
5	0.20588	0.01177	0.01429	0.01124	0.01619	0.01103	0.00928	0.02978	0.01745	0.57023	0.02262	0.02015	0.01451	0.00784	0.00616	0.00208	0.00559	0.00605	0.00737	0.01049
6	0.01675	0.01635	0.02666	0.06881	0.67020	0.04150	0.02024	0.02067	0.01534	0.02153	0.01251	0.01650	0.01049	0.00604	0.00662	0.00199	0.00816	0.00592	0.00331	0.01040
7	0.01918	0.01386	0.01525	0.01334	0.01739	0.01542	0.01048	0.03511	0.58179	0.15796	0.02715	0.02463	0.01976	0.00895	0.00681	0.00224	0.00538	0.00743	0.00710	0.01077
8	0.00959	0.00717	0.01068	0.01068	0.01184	0.00833	0.00825	0.01191	0.01075	0.01550	0.01807	0.02691	0.01701	0.07269	0.71555	0.01065	0.01761	0.00727	0.00361	0.00593
9	0.01070	0.00764	0.01069	0.01223	0.01373	0.00763	0.01062	0.01371	0.01534	0.01996	0.03559	0.10428	0.03886	0.01864	0.00924	0.00307	0.00608	0.64966	0.00618	0.00615
10	0.81159	0.01298	0.00986	0.00882	0.01298	0.01505	0.00727	0.01972	0.01142	0.03010	0.00934	0.01090	0.00727	0.00623	0.00415	0.00208	0.00519	0.00363	0.00415	0.00727
11	0.01166	0.00583	0.00874	0.00874	0.00874	0.00583	0.00583	0.00874	0.00874	0.01166	0.01166	0.02040	0.01166	0.02331	0.02622	0.80478	0.00583	0.00583	0.00291	0.00291
12	0.01166	0.00583	0.00874	0.00874	0.00874	0.00583	0.00583	0.00874	0.00874	0.01166	0.01166	0.02040	0.01166	0.02331	0.02622	0.80478	0.00583	0.00583	0.00291	0.00291
13	0.81159	0.01298	0.00986	0.00882	0.01298	0.01505	0.00727	0.01972	0.01142	0.03010	0.00934	0.01090	0.00727	0.00623	0.00415	0.00208	0.00519	0.00363	0.00415	0.00727
14	0.01904	0.01634	0.02038	0.01674	0.01890	0.02066	0.01390	0.29138	0.01884	0.02667	0.01175	0.01526	0.00986	0.01026	0.01586	0.00256	0.45224	0.00594	0.00446	0.00898
15	0.00918	0.00696	0.00869	0.00969	0.01122	0.00647	0.00773	0.01133	0.01479	0.01871	0.04738	0.22947	0.28168	0.01856	0.00863	0.00271	0.00466	0.29009	0.00621	0.00583
16	0.81159	0.01298	0.00986	0.00882	0.01298	0.01505	0.00727	0.01972	0.01142	0.03010	0.00934	0.01090	0.00727	0.00623	0.00415	0.00208	0.00519	0.00363	0.00415	0.00727
17	0.21997	0.01736	0.01760	0.01380	0.01887	0.01938	0.01140	0.53168	0.02657	0.03927	0.01444	0.01482	0.01039	0.00760	0.00608	0.00203	0.00684	0.00545	0.00608	0.01039
18	0.01391	0.01193	0.01391	0.00994	0.01590	0.00894	0.00795	0.01690	0.01391	0.02186	0.01193	0.01391	0.00994	0.00497	0.00497	0.00099	0.00497	0.00398	0.00398	0.80521
19	0.01764	0.01396	0.02258	0.07280	0.46754	0.01366	0.01678	0.02131	0.01601	0.12978	0.07645	0.02039	0.01601	0.00699	0.00667	0.00197	0.00707	0.00650	0.00446	0.06143
20	0.01584	0.01810	0.03959	0.02828	0.03507	0.01697	0.69796	0.02149	0.01584	0.02149	0.01357	0.01810	0.01018	0.00566	0.00792	0.00226	0.01131	0.00792	0.00339	0.00905
21	0.01661	0.01594	0.02724	0.04119	0.72233	0.01594	0.02059	0.02059	0.01528	0.02192	0.01262	0.01661	0.01063	0.00598	0.00664	0.00199	0.00797	0.00598	0.00332	0.01063
22	0.71702	0.01229	0.00997	0.00905	0.01286	0.01427	0.00740	0.01881	0.01134	0.02839	0.01036	0.01272	0.00839	0.01143	0.09063	0.00310	0.00670	0.00405	0.00409	0.00712
23	0.00825	0.00681	0.00724	0.00713	0.00926	0.00580	0.00535	0.01024	0.01604	0.01990	0.19945	0.06165	0.58702	0.01633	0.00793	0.00223	0.00335	0.01375	0.00646	0.00580
24	0.01669	0.01441	0.01517	0.01365	0.01745	0.01669	0.01062	0.03565	0.71021	0.02807	0.02731	0.02503	0.02048	0.00910	0.00683	0.00228	0.00531	0.00759	0.00683	0.01062
25	0.02462	0.01796	0.01940	0.01513	0.02028	0.01983	0.01248	0.61851	0.07198	0.05992	0.01771	0.01878	0.01299	0.00847	0.00680	0.00207	0.00717	0.02796	0.00675	0.01119
26	0.00959	0.00719	0.01078	0.01078	0.01198	0.00839	0.00839	0.01198	0.01078	0.01558	0.01797	0.02636	0.01677	0.05032	0.73760	0.01078	0.01797	0.00719	0.00359	0.00599
27	0.02795	0.01428	0.01727	0.01330	0.01852	0.01418	0.01097	0.28272	0.04613	0.44797	0.02262	0.02039	0.01479	0.00824	0.00674	0.00206	0.00632	0.00651	0.00766	0.01139
28	0.00938	0.00685	0.00881	0.00832	0.00995	0.00628	0.00624	0.01244	0.01872	0.02626	0.67118	0.05118	0.11132	0.01396	0.00792	0.00212	0.00318	0.01228	0.00730	0.00628
29	0.02551	0.01879	0.02014	0.01544	0.02081	0.02081	0.01275	0.69996	0.03155	0.04229	0.01611	0.01611	0.01141	0.00805	0.00671	0.00201	0.00738	0.00604	0.00671	0.01141
30	0.01391	0.01193	0.01391	0.00994	0.01590	0.00894	0.00795	0.01690	0.01391	0.02186	0.01193	0.01391	0.00994	0.00497	0.00497	0.00099	0.00497	0.00398	0.00398	0.80521
31	0.00959	0.00719	0.01078	0.01078	0.01198	0.00839	0.00839	0.01198	0.01078	0.01558	0.01797	0.02636	0.01677	0.05032	0.73760	0.01078	0.01797	0.00719	0.00359	0.00599
32	0.02942	0.01127	0.01535	0.01182	0.01689	0.00975	0.00975	0.03204	0.01920	0.70386	0.04933	0.02374	0.01815	0.00848	0.00679	0.00208	0.00563	0.00693	0.00827	0.01125
33	0.01584	0.01810	0.03959	0.02828	0.03507	0.01697	0.69796	0.02149	0.01584	0.02149	0.01357	0.01810	0.01018	0.00566	0.00792	0.00226	0.01131	0.00792	0.00339	0.00905
34	0.01661	0.01594	0.02724	0.04119	0.72233	0.01594	0.02059	0.02059	0.01528	0.02192	0.01262	0.01661	0.01063	0.00598	0.00664	0.00199	0.00797	0.00598	0.00332	0.01063
35	0.01391	0.01193	0.01391	0.00994	0.01590	0.00894	0.00795	0.01690	0.01391	0.02186	0.01193	0.01391	0.00994	0.00497	0.00497	0.00099	0.00497	0.00398	0.00398	0.80521
36	0.00818	0.00584	0.00779	0.00934	0.00973	0.00545	0.00623	0.00934	0.01285	0.01713	0.03698	0.75981	0.04438	0.02102	0.00856	0.00273	0.00389	0.01908	0.00623	0.00545
37	0.02652	0.01892	0.01935	0.01556	0.02020	0.24815	0.08299	0.02912	0.01853	0.40081	0.01936	0.01860	0.01311	0.00767	0.00709	0.00201	0.03004	0.00605	0.00605	0.00987
38	0.57216	0.01630	0.01285	0.01143	0.01489	0.13311	0.00923	0.02037	0.01249	0.02593	0.00943	0.01162	0.00771	0.00711	0.00696	0.00214	0.11098	0.00406	0.00387	0.00736
39	0.01539	0.01085	0.01123	0.00973	0.01309	0.03875	0.00766	0.13332	0.04179	0.13333	0.04892	0.04631	0.43640	0.01343	0.00742	0.00217	0.00486	0.01099	0.00655	0.00780
40	0.01137	0.00704	0.00881	0.00866	0.00940	0.00710	0.00573	0.01222	0.01115	0.07478	0.02258	0.09222	0.02418	0.48914	0.16167	0.00656	0.00840	0.02923	0.00456	0.00522
41	0.01491	0.01587	0.04449	0.01822	0.06721	0.08363	0.01430	0.01695	0.01165	0.01667	0.01079	0.01642	0.01018	0.01683	0.13260	0.00398	0.48879	0.00591	0.00311	0.00749
42	0.02536	0.03077	0.01881	0.01697	0.02053	0.69439	0.01278	0.02714	0.01903	0.05829	0.01132	0.01273	0.00911	0.00700	0.00609	0.00175	0.01172	0.00446	0.00374	0.00799
43	0.03010	0.01142	0.01557	0.01194	0.01713	0.00986	0.00986	0.03270	0.01920	0.72698	0.02647	0.02284	0.01661	0.00830	0.00675	0.00208	0.00571	0.00675	0.00830	0.01142
44	0.00934	0.00672	0.00854	0.00840	0.00953	0.00645	0.00595	0.01147	0.01538	0.02132	0.39498	0.11271	0.08928	0.18243	0.08441	0.00398	0.00541	0.01190	0.00611	0.00568
45	0.01079	0.00736	0.00841	0.00810	0.00854	0.00758	0.00494	0.05552	0.01127	0.01512	0.02059	0.04085	0.02300	0.66443	0.08141	0.00651	0.00736	0.00933	0.00421	0.00469
46	0.02506	0.03198	0.01901	0.01729	0.02074	0.73725	0.01296	0.02679	0.01901	0.01642	0.01037	0.01210	0.00864	0.00691	0.00605	0.00173	0.01210	0.00432	0.00346	0.00778
47	0.01853	0.01496	0.01599	0.01381	0.01777	0.01693	0.01087	0.22703	0.45305	0.03128	0.02487	0.08498	0.01987	0.00981	0.00694	0.00224	0.00579	0.00811	0.00674	0.01041
48	0.01116	0.00680	0.00791	0.00767	0.00801	0.00670	0.00451	0.01122	0.01034	0.05953	0.02114	0.04167	0.02342	0.68748	0.03207	0.03574	0.00643	0.00942	0.00430	0.00450
49	0.01267	0.01193	0.02013	0.74806	0.04621	0.01491	0.01863	0.01714	0.01342	0.01714	0.01193	0.01789	0.00894	0.00671	0.00671	0.00224	0.00894	0.00596	0.00298	0.00745
50	0.01267	0.01193	0.02013	0.74806	0.04621	0.01491	0.01863	0.01714	0.01342	0.01714	0.01193	0.01789	0.00894	0.00671	0.00671	0.00224	0.00894	0.00596	0.00298	0.00745
51	0.00963	0.00668	0.00814	0.00788	0.00867	0.00642	0.00519	0.01121	0.01436	0.01994	0.36889	0.04701	0.04379	0.39011	0.02107	0.00431	0.00484	0.01094	0.00572	0.00519
52	0.01600	0.01532	0.02613	0.15065	0.61763	0.01578	0.02029	0.02006	0.01499	0.02118	0.01251	0.01681	0.01037	0.00609	0.00665	0.00203	0.00812	0.00598	0.00327	0.01014
53	0.02643	0.01732	0.01922	0.01474	0.02007	0.01862	0.01218	0.56651	0.02908	0.17922	0.01818	0.01746	0.01245	0.00810	0.00672	0.00203	0.00705	0.00618	0.00703	0.01141
54	0.01584	0.01810	0.03959	0.02828	0.03507	0.01697	0.69796	0.02149	0.01584	0.02149	0.01357	0.01810	0.01018	0.00566	0.00792	0.00226	0.01131	0.00792	0.00339	0.00905
55	0.01498	0.00801	0.00999	0.00884	0.01112	0.00724	0.00651	0.01692	0.01603	0.21481	0.23693	0.04342	0.15082	0.20793	0.01442	0.00327	0.00477	0.01037	0.00658	0.00703
56	0.00818	0.00584	0.00779	0.00934	0.00973	0.00545	0.00623	0.00934	0.01285	0.01713	0.03698	0.75981	0.04438	0.02102	0.00856	0.00273	0.00389	0.01908	0.00623	0.00545
57	0.00963	0.00702	0.00991	0.00991	0.01081	0.00791	0.00730	0.01142	0.01053	0.01493	0.01877	0.03078	0.01869	0.23021	0.56033	0.00971	0.01508	0.00784	0.00371	0.00551
58	0.00928	0.00683	0.00872	0.00853	0.01011	0.00627	0.00644	0.01212	0.01788	0.02468	0.54567	0.10183	0.14641	0.01494	0.00804	0.00223	0.00343	0.05335	0.00708	0.00617
59	0.01604	0.00799	0.01061	0.00998	0.01233	0.00713	0.00745	0.01800	0.01602	0.26808	0.12243	0.36658	0.07907	0.01536	0.00780	0.00239	0.00441	0.01355	0.00711	0.00768
60	0.00808	0.00665	0.00711	0.00731	0.00924	0.00568	0.00536	0.00980	0.01517	0.01859	0.10933	0.17259	0.56709	0.01739	0.00803	0.00233	0.00346	0.01479	0.00631	0.00568
61	0.01391	0.01193	0.01391	0.00994	0.01590	0.00894	0.00795	0.01690	0.01391	0.02186	0.01193	0.01391	0.00994	0.00497	0.00497	0.00099	0.00497	0.00398	0.00398	0.80521
62	0.05801	0.01090	0.01442	0.01140	0.01595	0.00968	0.00925	0.02943	0.01790	0.60962	0.02561	0.02611	0.01771	0.07886	0.00928	0.00252	0.00578	0.02949	0.00768	0.01040
63	0.63677	0.01297	0.01127	0.00969	0.01403	0.01448	0.00796	0.04440	0.03684	0.13967	0.01285	0.01342	0.00931	0.00671	0.00473	0.00208	0.00535	0.00433	0.00498	0.00817
64	0.00836	0.00669	0.00754	0.00810	0.00984	0.00588	0.00609	0.01011	0.01474	0.01814	0.05656	0.22905	0.47427	0.01814	0.00825	0.00248	0.00387	0.10000	0.00622	0.00568
65	0.00959	0.00719	0.01078	0.01078	0.01198	0.00839	0.00839	0.01198	0.01078	0.01558	0.01797	0.02636	0.01677	0.05032	0.73760	0.01078	0.01797	0.00719	0.00359	0.00599
66	0.01113	0.00617	0.00925	0.00925	0.00956	0.00647	0.00647	0.00956	0.00925	0.01264	0.01324	0.02190	0.01294	0.03010	0.20514	0.60509	0.00888	0.00617	0.00308	0.00369
67	0.01846	0.00937	0.01293	0.01151	0.01453	0.00933	0.00930	0.02198	0.05474	0.30657	0.04383	0.03060	0.02050	0.02656	0.30285	0.00572	0.01063	0.07603	0.00607	0.00849
68	0.01166	0.00583	0.00874	0.00874	0.00874	0.00583	0.00583	0.00874	0.00874	0.01166	0.01166	0.02040	0.01166	0.02331	0.02622	0.80478	0.00583	0.00583	0.00291	0.00291
69	0.01151	0.00583	0.00870	0.00877	0.00878	0.00581	0.00584	0.00877	0.00891	0.01188	0.01268	0.05018	0.01297	0.02322	0.02551	0.77247	0.00575	0.00636	0.00305	0.00302
70	0.01505	0.01190	0.04020	0.01988	0.23608	0.01106	0.01217	0.02004	0.08412	0.10735	0.27987	0.03223	0.05276	0.00983	0.00710	0.00207	0.00542	0.00873	0.03534	0.00879
71	0.02506	0.03198	0.01901	0.01729	0.02074	0.73725	0.01296	0.02679	0.01901	0.01642	0.01037	0.01210	0.00864	0.00691	0.00605	0.00173	0.01210	0.00432	0.00346	0.00778
72	0.20481	0.01198	0.01209	0.01010	0.01376	0.01287	0.00817	0.21450	0.01902	0.10764	0.01780	0.01893	0.01316	0.00757	0.00537	0.00187	0.00511	0.00563	0.30110	0.00853
73	0.01482	0.01809	0.12206	0.52380	0.03959	0.11170	0.01859	0.03925	0.01481	0.01838	0.01186	0.01653	0.00891	0.00673	0.00657	0.00215	0.00946	0.00560	0.00313	0.00797
74	0.01638	0.44040	0.31903	0.01476	0.02219	0.02185	0.01698	0.04536	0.01451	0.01899	0.01069	0.01235	0.00867	0.00608	0.00524	0.00174	0.00831	0.00424	0.00300	0.00925
75	0.00959	0.00719	0.01078	0.01078	0.01198	0.00839	0.00839	0.01198	0.01078	0.01558	0.01797	0.02636	0.01677	0.05032	0.73760	0.01078	0.01797	0.00719	0.00359	0.00599
76	0.02506	0.03198	0.01901	0.01729	0.02074	0.73725	0.01296	0.02679	0.01901	0.01642	0.01037	0.01210	0.00864	0.00691	0.00605	0.00173	0.01210	0.00432	0.00346	0.00778
77	0.01737	0.02927	0.55502	0.01749	0.02626	0.01457	0.02124	0.04773	0.01584	0.16953	0.01520	0.01605	0.01030	0.00684	0.00646	0.00211	0.00895	0.00537	0.00411	0.01028
78	0.00963	0.00701	0.00989	0.00989	0.01077	0.00790	0.00727	0.01141	0.01052	0.01491	0.01879	0.03091	0.01875	0.23534	0.55528	0.00967	0.01500	0.00785	0.00372	0.00549
79	0.00818	0.00584	0.00779	0.00934	0.00973	0.00545	0.00623	0.00934	0.01285	0.01713	0.03698	0.75981	0.04438	0.02102	0.00856	0.00273	0.00389	0.01908	0.00623	0.00545
80	0.00959	0.00719	0.01078	0.01078	0.01198	0.00839	0.00839	0.01198	0.01078	0.01558	0.01797	0.02636	0.01677	0.05032	0.73760	0.01078	0.01797	0.00719	0.00359	0.00599
81	0.01787	0.01500	0.01584	0.01389	0.01790	0.01724	0.01091	0.12442	0.61952	0.02997	0.02581	0.02384	0.01927	0.00896	0.00681	0.00224	0.00559	0.00738	0.00681	0.01073
82	0.01661	0.01594	0.02724	0.04119	0.72233	0.01594	0.02059	0.02059	0.01528	0.02192	0.01262	0.01661	0.01063	0.00598	0.00664	0.00199	0.00797	0.00598	0.00332	0.01063
83	0.02911	0.03615	0.04259	0.01219	0.01757	0.01060	0.01047	0.03188	0.01884	0.67845	0.02540	0.02214	0.01606	0.00815	0.00666	0.00206	0.00591	0.00658	0.00793	0.01127
84	0.81159	0.01298	0.00986	0.00882	0.01298	0.01505	0.00727	0.01972	0.01142	0.03010	0.00934	0.01090	0.00727	0.00623	0.00415	0.00208	0.00519	0.00363	0.00415	0.00727
85	0.01361	0.01288	0.02181	0.58026	0.20671	0.01515	0.01910	0.01796	0.01386	0.01828	0.01209	0.01758	0.00934	0.00654	0.00669	0.00218	0.00871	0.00597	0.00306	0.00821
86	0.01359	0.03392	0.70007	0.02005	0.05802	0.01560	0.02462	0.02122	0.01421	0.02128	0.01207	0.01427	0.00859	0.00636	0.00639	0.00212	0.00984	0.00500	0.00285	0.00995
87	0.01346	0.03471	0.72942	0.01912	0.02904	0.01558	0.02479	0.02125	0.01417	0.02125	0.01204	0.01417	0.00850	0.00637	0.00637	0.00212	0.00992	0.00496	0.00283	0.00992
88	0.00818	0.00584	0.00779	0.00934	0.00973	0.00545	0.00623	0.00934	0.01285	0.01713	0.03698	0.75981	0.04438	0.02102	0.00856	0.00273	0.00389	0.01908	0.00623	0.00545
89	0.01436	0.16670	0.58316	0.01840	0.04745	0.01758	0.02226	0.02102	0.01410	0.02028	0.01157	0.01362	0.00858	0.00625	0.00601	0.00200	0.00936	0.00474	0.00285	0.00970
90	0.01267	0.01193	0.02013	0.74806	0.04621	0.01491	0.01863	0.01714	0.01342	0.01714	0.01193	0.01789	0.00894	0.00671	0.00671	0.00224	0.00894	0.00596	0.00298	0.00745
91	0.00944	0.00686	0.00889	0.00839	0.00999	0.00631	0.00629	0.01256	0.01887	0.02661	0.69654	0.05062	0.08575	0.01383	0.00791	0.00212	0.00317	0.01220	0.00735	0.00631
92	0.02510	0.03098	0.01910	0.01715	0.02075	0.68285	0.01295	0.07791	0.01997	0.01839	0.01081	0.01240	0.00885	0.00700	0.00610	0.00175	0.01174	0.00445	0.00370	0.00805

[dist]
# distance from previous block
# <min> <max>
0	1

# created by:
# /home/berkeley/.conda/envs/busco_data_prod/bin/msa2prfl.pl pipeline/OGs_align_augustus/4893/32.fs
