[name]
unknown

[dist]
# distance from previous block
# <min> <max>
0	56

[block]
# block no. 0 follows, 34 sequences, length 41
# corresponding to MSA columns:
# 60-100
name=unknown_A
#
# <colnr> <probs for GDERKNQSTAVLIFYWHMCP>
#	G	D	E	R	K	N	Q	S	T	A	V	L	I	F	Y	W	H	M	C	P
0	0.08522	0.02848	0.01533	0.15601	0.06324	0.02866	0.03108	0.08701	0.06555	0.06731	0.06653	0.08456	0.09068	0.05144	0.00847	0.00237	0.02706	0.02843	0.00493	0.00765
1	0.01458	0.01065	0.01423	0.16108	0.06714	0.01135	0.01067	0.12211	0.06522	0.07339	0.12689	0.12341	0.02407	0.05438	0.00900	0.03312	0.00582	0.00865	0.03369	0.03057
2	0.10287	0.01128	0.01582	0.35820	0.06596	0.01281	0.01310	0.08350	0.01487	0.05231	0.03616	0.10281	0.01495	0.00833	0.00625	0.00207	0.00672	0.00710	0.05329	0.03158
3	0.01382	0.01288	0.01782	0.18290	0.04307	0.08199	0.12526	0.06202	0.04001	0.01981	0.05978	0.08392	0.06066	0.04199	0.03407	0.04238	0.00769	0.00800	0.05483	0.00711
4	0.08994	0.01018	0.01307	0.06507	0.06248	0.01054	0.03668	0.09998	0.01445	0.06326	0.07645	0.05102	0.02043	0.29763	0.01677	0.02113	0.00625	0.00785	0.00463	0.03219
5	0.03951	0.01215	0.01363	0.01121	0.01476	0.01252	0.00884	0.30347	0.02118	0.15212	0.06397	0.08252	0.12825	0.09445	0.00968	0.00252	0.00564	0.00868	0.00632	0.00859
6	0.10449	0.01210	0.01582	0.11698	0.09797	0.01322	0.03772	0.10983	0.10420	0.05520	0.08396	0.06075	0.06168	0.00993	0.02445	0.00228	0.03228	0.00749	0.04144	0.00821
7	0.04940	0.01280	0.01560	0.03857	0.01719	0.05704	0.10019	0.13776	0.11624	0.02460	0.07913	0.07202	0.11002	0.03419	0.02852	0.00241	0.00644	0.00842	0.08165	0.00781
8	0.06256	0.00879	0.01098	0.03820	0.05584	0.00897	0.00759	0.07701	0.01435	0.06551	0.13395	0.06824	0.07871	0.20826	0.04722	0.08795	0.00594	0.00878	0.00496	0.00620
9	0.01382	0.01225	0.04560	0.19846	0.14652	0.01241	0.01308	0.04751	0.06618	0.06172	0.05089	0.02733	0.14027	0.03054	0.00823	0.00219	0.05241	0.00754	0.03222	0.03082
10	0.01410	0.01154	0.01877	0.59720	0.07338	0.01370	0.01651	0.03738	0.01398	0.07995	0.02953	0.01832	0.01069	0.00722	0.00703	0.02558	0.00804	0.00594	0.00353	0.00762
11	0.01136	0.00856	0.01054	0.01205	0.08885	0.03111	0.00724	0.04047	0.03361	0.01647	0.02142	0.18750	0.02331	0.32120	0.04534	0.08033	0.00624	0.00994	0.03892	0.00554
12	0.00892	0.00764	0.00976	0.01076	0.07892	0.00681	0.02701	0.01107	0.01514	0.01921	0.16521	0.10894	0.47746	0.01482	0.00756	0.00217	0.00391	0.01276	0.00583	0.00610
13	0.02368	0.07516	0.02011	0.01702	0.08328	0.27043	0.01259	0.27747	0.02208	0.11584	0.01409	0.01467	0.01043	0.00707	0.00608	0.00181	0.00852	0.00516	0.00502	0.00952
14	0.01204	0.00602	0.00602	0.00602	0.00753	0.00602	0.00452	0.01506	0.01355	0.02409	0.02108	0.02409	0.01656	0.00753	0.00452	0.00151	0.00301	0.00602	0.80879	0.00602
15	0.02145	0.05121	0.02070	0.02166	0.19940	0.36642	0.01410	0.04359	0.01681	0.09712	0.01222	0.01417	0.00974	0.00699	0.00739	0.00187	0.07766	0.00498	0.00383	0.00866
16	0.02396	0.01507	0.01709	0.01343	0.01807	0.01592	0.01095	0.47089	0.02560	0.21122	0.02004	0.09371	0.01546	0.00909	0.00665	0.00202	0.00637	0.00726	0.00680	0.01041
17	0.01204	0.00602	0.00602	0.00602	0.00753	0.00602	0.00452	0.01506	0.01355	0.02409	0.02108	0.02409	0.01656	0.00753	0.00452	0.00151	0.00301	0.00602	0.80879	0.00602
18	0.73127	0.01311	0.01058	0.00920	0.01332	0.01510	0.00758	0.09508	0.01313	0.03028	0.00971	0.01105	0.00744	0.00619	0.00427	0.00199	0.00523	0.00375	0.00427	0.00744
19	0.00860	0.00701	0.00766	0.00742	0.00949	0.00629	0.00559	0.01167	0.05890	0.02054	0.25933	0.05574	0.48880	0.01497	0.00757	0.00214	0.00332	0.01267	0.00636	0.00594
20	0.01552	0.05460	0.31080	0.05604	0.21023	0.01520	0.03406	0.04593	0.02932	0.07036	0.03139	0.01613	0.01107	0.00664	0.00693	0.00200	0.04379	0.00549	0.00360	0.03091
21	0.00786	0.00568	0.00744	0.00885	0.00933	0.00526	0.00593	0.00901	0.01251	0.01655	0.03743	0.72557	0.08470	0.02001	0.00821	0.00260	0.00372	0.01808	0.00600	0.00526
22	0.01525	0.01743	0.03813	0.02723	0.03377	0.01634	0.70915	0.02070	0.01525	0.02070	0.01307	0.01743	0.00980	0.00545	0.00763	0.00218	0.01089	0.00763	0.00327	0.00871
23	0.02176	0.16256	0.02162	0.01625	0.06923	0.29512	0.01236	0.24660	0.02088	0.02425	0.01401	0.01503	0.03864	0.00714	0.00584	0.00174	0.00868	0.00507	0.00434	0.00889
24	0.01512	0.01564	0.05934	0.06163	0.30896	0.03942	0.16312	0.02060	0.08548	0.04008	0.04428	0.02249	0.07957	0.00738	0.00681	0.00204	0.00775	0.00716	0.00404	0.00907
25	0.01971	0.32596	0.04939	0.01414	0.01868	0.33357	0.03564	0.04969	0.01625	0.01701	0.01341	0.01469	0.05314	0.00679	0.00537	0.00163	0.00896	0.00467	0.00337	0.00794
26	0.04677	0.01323	0.01515	0.03248	0.06113	0.03666	0.00959	0.11667	0.03612	0.05899	0.01382	0.03848	0.01130	0.00618	0.00542	0.00139	0.00565	0.00497	0.00448	0.48151
27	0.06261	0.09031	0.08344	0.01851	0.14268	0.05210	0.03368	0.14854	0.07194	0.10022	0.01522	0.03608	0.01196	0.00758	0.00738	0.00200	0.07375	0.00585	0.02684	0.00932
28	0.15137	0.03527	0.03874	0.06820	0.25318	0.01360	0.03240	0.07918	0.01548	0.09132	0.03557	0.09819	0.04394	0.00838	0.00625	0.00204	0.00644	0.00722	0.00454	0.00869
29	0.01422	0.01159	0.03868	0.01403	0.10838	0.01032	0.00981	0.06475	0.09421	0.08288	0.11732	0.08007	0.13714	0.00989	0.00656	0.00186	0.00504	0.00846	0.00546	0.17931
30	0.78938	0.01317	0.00982	0.00880	0.01277	0.04140	0.00720	0.01924	0.01126	0.02851	0.00903	0.01054	0.00705	0.00602	0.00407	0.00199	0.00524	0.00352	0.00397	0.00702
31	0.00926	0.00680	0.00975	0.00975	0.01068	0.00773	0.00728	0.01113	0.01020	0.01453	0.01789	0.02862	0.01756	0.18706	0.61064	0.00960	0.01519	0.00740	0.00355	0.00541
32	0.00936	0.00677	0.00961	0.00961	0.01056	0.00767	0.00718	0.01126	0.01031	0.01485	0.01801	0.02849	0.01754	0.18216	0.58844	0.00931	0.01475	0.00735	0.03134	0.00543
33	0.01271	0.01092	0.01408	0.07005	0.10534	0.01146	0.02930	0.06133	0.20680	0.02265	0.09911	0.10174	0.20507	0.01148	0.00709	0.00216	0.00519	0.00996	0.00563	0.00794
34	0.01595	0.01539	0.07728	0.05292	0.36751	0.01374	0.06111	0.04111	0.05673	0.07124	0.03941	0.04124	0.01366	0.00678	0.00640	0.00189	0.00714	0.00633	0.00408	0.10009
35	0.01376	0.01190	0.01460	0.05605	0.04178	0.00991	0.00905	0.03646	0.01378	0.02116	0.01152	0.01380	0.00954	0.00524	0.00557	0.00116	0.03193	0.00413	0.00379	0.68487
36	0.01525	0.04276	0.10377	0.09261	0.45551	0.01526	0.06130	0.04882	0.01520	0.02129	0.03425	0.01810	0.03409	0.00647	0.00645	0.00196	0.00784	0.00611	0.00345	0.00951
37	0.01609	0.04290	0.12895	0.04064	0.22271	0.03128	0.05738	0.05159	0.08454	0.07905	0.03677	0.01903	0.03308	0.00843	0.03445	0.00220	0.00760	0.00606	0.00424	0.09301
38	0.01610	0.01325	0.04194	0.01396	0.08021	0.05715	0.01016	0.09058	0.06050	0.10840	0.03928	0.12044	0.06153	0.05779	0.00873	0.00217	0.03834	0.00795	0.00511	0.16643
39	0.03715	0.03773	0.08564	0.03505	0.10818	0.01181	0.10347	0.05870	0.03561	0.02187	0.12177	0.09717	0.07583	0.00980	0.00738	0.03277	0.00629	0.00827	0.00457	0.10094
40	0.07062	0.04908	0.06065	0.15744	0.13378	0.04347	0.01277	0.03291	0.04566	0.06478	0.15390	0.02529	0.04170	0.00838	0.00636	0.00198	0.00637	0.02623	0.02754	0.03109

[dist]
# distance from previous block
# <min> <max>
1	8

[block]
# block no. 1 follows, 34 sequences, length 25
# corresponding to MSA columns:
# 109-133
name=unknown_B
#
# <colnr> <probs for GDERKNQSTAVLIFYWHMCP>
#	G	D	E	R	K	N	Q	S	T	A	V	L	I	F	Y	W	H	M	C	P
0	0.06143	0.07825	0.05234	0.05784	0.17849	0.10371	0.05628	0.04724	0.01515	0.05253	0.02824	0.03624	0.03893	0.00702	0.00642	0.00179	0.03148	0.00578	0.00388	0.13695
1	0.03921	0.19136	0.04812	0.01639	0.04730	0.01866	0.13280	0.18683	0.15607	0.05611	0.01559	0.01639	0.01182	0.00680	0.00603	0.00188	0.00725	0.00576	0.00477	0.03086
2	0.00780	0.00591	0.00720	0.00822	0.00917	0.00531	0.00565	0.00908	0.01311	0.01680	0.04503	0.54577	0.25959	0.01902	0.00805	0.00248	0.00360	0.01688	0.00600	0.00531
3	0.01481	0.12010	0.39114	0.04290	0.09074	0.05156	0.10834	0.03846	0.01442	0.01991	0.01194	0.02879	0.00937	0.00640	0.00647	0.00198	0.02516	0.00538	0.00304	0.00908
4	0.01526	0.37231	0.20031	0.04097	0.04244	0.03279	0.04746	0.01886	0.01353	0.04060	0.01353	0.09222	0.01245	0.00829	0.02167	0.00198	0.00777	0.00588	0.00333	0.00834
5	0.01041	0.00670	0.00840	0.00842	0.01005	0.00600	0.00614	0.01237	0.01533	0.09514	0.24825	0.30933	0.20718	0.01595	0.00773	0.00228	0.00361	0.01402	0.00654	0.00615
6	0.01563	0.01498	0.02557	0.10836	0.66675	0.01526	0.01965	0.01951	0.01454	0.02067	0.01209	0.01611	0.01008	0.00582	0.00640	0.00194	0.00777	0.00576	0.00317	0.00994
7	0.00986	0.00803	0.01330	0.01215	0.01387	0.00894	0.08164	0.01250	0.01089	0.01560	0.01686	0.02455	0.01549	0.04395	0.66970	0.00952	0.01663	0.00700	0.00344	0.00608
8	0.00901	0.00604	0.00796	0.00912	0.00990	0.00559	0.00634	0.01034	0.01296	0.05119	0.03697	0.64810	0.08541	0.01927	0.00816	0.00259	0.00393	0.05545	0.00609	0.00558
9	0.00819	0.00589	0.00784	0.00928	0.00987	0.00554	0.00653	0.00958	0.01279	0.01690	0.03657	0.65095	0.06832	0.01978	0.00831	0.00265	0.00402	0.10563	0.00599	0.00535
10	0.00937	0.00638	0.00763	0.00763	0.00783	0.00658	0.00464	0.00977	0.00957	0.01296	0.01983	0.03935	0.02222	0.64722	0.15685	0.00698	0.00818	0.00897	0.00384	0.00424
11	0.20012	0.01618	0.01724	0.01493	0.06692	0.01789	0.01141	0.44771	0.06328	0.06080	0.01479	0.01514	0.01072	0.00729	0.00592	0.00197	0.00651	0.00541	0.00575	0.01001
12	0.01558	0.01990	0.10965	0.02518	0.03156	0.06644	0.56255	0.02082	0.01508	0.02014	0.01253	0.01651	0.00948	0.00583	0.00787	0.00215	0.03985	0.00701	0.00320	0.00865
13	0.01720	0.45161	0.14853	0.05293	0.02131	0.02111	0.06147	0.05645	0.01451	0.06427	0.01122	0.01287	0.00904	0.00610	0.00556	0.00169	0.02757	0.00446	0.00333	0.00875
14	0.00794	0.00622	0.00722	0.00784	0.00923	0.00549	0.00564	0.00952	0.01403	0.01770	0.09574	0.34163	0.38605	0.01775	0.00793	0.00238	0.00355	0.04262	0.00607	0.00543
15	0.01455	0.01582	0.03204	0.14388	0.03300	0.01579	0.49686	0.01933	0.01433	0.01963	0.01235	0.01688	0.00949	0.00603	0.00833	0.00215	0.06943	0.00692	0.00320	0.05999
16	0.06633	0.01364	0.01660	0.15228	0.13608	0.09818	0.03380	0.05757	0.03416	0.04093	0.04549	0.10511	0.10523	0.00992	0.00729	0.00213	0.03698	0.02616	0.00446	0.00766
17	0.01235	0.01128	0.08768	0.01306	0.07263	0.00920	0.00999	0.08456	0.01549	0.06043	0.07456	0.27299	0.10145	0.07134	0.00941	0.00262	0.00542	0.07298	0.00549	0.00705
18	0.07109	0.01566	0.02490	0.05681	0.51831	0.04157	0.07972	0.02053	0.04822	0.02140	0.01249	0.01596	0.01026	0.00610	0.00676	0.00199	0.02946	0.00578	0.00340	0.00959
19	0.03013	0.14993	0.22900	0.04022	0.02427	0.01653	0.18142	0.06300	0.01524	0.05522	0.06205	0.03703	0.01369	0.00719	0.00710	0.00201	0.04721	0.00627	0.00377	0.00870
20	0.06772	0.03142	0.12391	0.01492	0.04762	0.04784	0.07046	0.11321	0.03545	0.13163	0.01958	0.11196	0.03306	0.00894	0.00646	0.00200	0.00681	0.03337	0.00502	0.08864
21	0.07248	0.05194	0.11822	0.01444	0.01882	0.05604	0.10194	0.04854	0.11649	0.06696	0.09838	0.02526	0.10152	0.00900	0.00776	0.00210	0.06969	0.00734	0.00483	0.00826
22	0.16642	0.07214	0.14844	0.01673	0.05821	0.07349	0.13917	0.08703	0.01574	0.02357	0.05652	0.03314	0.03193	0.00706	0.00600	0.00193	0.00769	0.00596	0.00398	0.04484
23	0.08643	0.04306	0.09357	0.01320	0.04168	0.02652	0.03308	0.01954	0.09275	0.08987	0.11144	0.10959	0.02151	0.00939	0.00751	0.00200	0.06788	0.00764	0.00494	0.11840
24	0.13208	0.23221	0.06389	0.01213	0.01665	0.01626	0.05161	0.08745	0.05909	0.04520	0.03205	0.08144	0.04840	0.00959	0.02545	0.00212	0.00654	0.03289	0.00443	0.04052

[dist]
# distance from previous block
# <min> <max>
1	19

[block]
# block no. 2 follows, 34 sequences, length 66
# corresponding to MSA columns:
# 153-218
name=unknown_C
#
# <colnr> <probs for GDERKNQSTAVLIFYWHMCP>
#	G	D	E	R	K	N	Q	S	T	A	V	L	I	F	Y	W	H	M	C	P
0	0.01694	0.03371	0.06399	0.09454	0.26723	0.01475	0.01515	0.10123	0.05754	0.08940	0.01533	0.05468	0.01256	0.00750	0.00733	0.00198	0.05856	0.00628	0.00433	0.07696
1	0.01250	0.03792	0.07336	0.04086	0.11714	0.04134	0.03655	0.03506	0.06288	0.02028	0.09585	0.14274	0.11681	0.03999	0.00793	0.00225	0.00596	0.04496	0.00485	0.06075
2	0.01539	0.07463	0.18460	0.01505	0.06249	0.01438	0.01357	0.10106	0.08521	0.04244	0.01527	0.07100	0.01293	0.00763	0.00694	0.00182	0.05795	0.00599	0.00425	0.20740
3	0.01788	0.04747	0.08910	0.04532	0.18045	0.12172	0.04977	0.15535	0.01790	0.04303	0.04995	0.03628	0.03239	0.00789	0.00777	0.00201	0.07625	0.00628	0.00423	0.00895
4	0.01545	0.01306	0.01752	0.22558	0.05360	0.01314	0.03510	0.16776	0.01704	0.02387	0.01333	0.04295	0.01086	0.00654	0.00591	0.00165	0.00666	0.00554	0.00417	0.32028
5	0.00944	0.00722	0.00902	0.00881	0.01068	0.00623	0.00628	0.01129	0.01366	0.01916	0.15893	0.40736	0.06027	0.04657	0.00834	0.00227	0.00395	0.01324	0.00562	0.19169
6	0.01118	0.00900	0.00965	0.00882	0.01139	0.00890	0.00676	0.09230	0.12811	0.02298	0.17378	0.04790	0.39684	0.03364	0.00800	0.00224	0.00403	0.01130	0.00629	0.00690
7	0.01204	0.00602	0.00602	0.00602	0.00753	0.00602	0.00452	0.01506	0.01355	0.02409	0.02108	0.02409	0.01656	0.00753	0.00452	0.00151	0.00301	0.00602	0.80879	0.00602
8	0.01599	0.01535	0.02623	0.03966	0.73262	0.01535	0.01983	0.01983	0.01471	0.02111	0.01215	0.01599	0.01023	0.00576	0.00640	0.00192	0.00768	0.00576	0.00320	0.01023
9	0.01208	0.01129	0.01895	0.72765	0.04312	0.01403	0.01747	0.01634	0.01313	0.01688	0.03997	0.01846	0.01069	0.00673	0.00651	0.00215	0.00839	0.00598	0.00304	0.00713
10	0.01204	0.00602	0.00602	0.00602	0.00753	0.00602	0.00452	0.01506	0.01355	0.02409	0.02108	0.02409	0.01656	0.00753	0.00452	0.00151	0.00301	0.00602	0.80879	0.00602
11	0.01992	0.01792	0.01606	0.01358	0.01708	0.19353	0.01077	0.32580	0.02220	0.02784	0.05794	0.02390	0.06350	0.03910	0.02920	0.00237	0.03772	0.04032	0.03276	0.00850
12	0.01702	0.63411	0.13252	0.01238	0.01836	0.06075	0.01293	0.01983	0.01346	0.01597	0.00940	0.01089	0.00828	0.00567	0.00451	0.00149	0.00752	0.00368	0.00279	0.00843
13	0.02797	0.01099	0.01482	0.01150	0.01631	0.00964	0.00944	0.05149	0.01860	0.68565	0.02560	0.05287	0.01695	0.00850	0.00657	0.00202	0.00547	0.00697	0.00787	0.01076
14	0.00855	0.00678	0.00986	0.00995	0.01120	0.00623	0.06035	0.01030	0.01360	0.01802	0.11609	0.52565	0.14336	0.01774	0.00804	0.00246	0.00415	0.01609	0.00591	0.00564
15	0.01549	0.01524	0.01832	0.01584	0.01683	0.09254	0.01297	0.08281	0.01279	0.01792	0.01051	0.01554	0.00975	0.01554	0.11685	0.00365	0.51111	0.00569	0.00331	0.00731
16	0.01531	0.01594	0.02720	0.04328	0.08985	0.04094	0.29040	0.05081	0.01386	0.01935	0.01194	0.03893	0.01034	0.00830	0.01246	0.00238	0.29043	0.00680	0.00332	0.00816
17	0.02414	0.03079	0.01831	0.01665	0.01998	0.74698	0.01248	0.02580	0.01831	0.01581	0.00999	0.01165	0.00832	0.00666	0.00583	0.00166	0.01165	0.00416	0.00333	0.00749
18	0.01562	0.03643	0.06929	0.17914	0.29833	0.06039	0.05314	0.06564	0.05149	0.02082	0.01505	0.01818	0.04300	0.00696	0.00704	0.00202	0.03882	0.00607	0.00360	0.00896
19	0.00943	0.00721	0.01076	0.01065	0.01175	0.00854	0.00832	0.01170	0.01036	0.01502	0.01696	0.02494	0.01585	0.04698	0.71842	0.01008	0.04691	0.00687	0.00344	0.00582
20	0.01844	0.21139	0.08016	0.07255	0.11470	0.22612	0.01407	0.04943	0.11660	0.01932	0.01280	0.01439	0.01031	0.00654	0.00568	0.00178	0.00845	0.00487	0.00367	0.00872
21	0.01445	0.01095	0.01366	0.01337	0.06990	0.02946	0.02796	0.10663	0.08056	0.07510	0.14046	0.18801	0.04680	0.02715	0.00761	0.00219	0.00529	0.05115	0.00583	0.08347
22	0.01558	0.07279	0.37586	0.04273	0.12388	0.01595	0.01900	0.08425	0.03822	0.05738	0.01368	0.01701	0.01060	0.00712	0.00712	0.00206	0.05327	0.03042	0.00366	0.00944
23	0.09704	0.36135	0.32247	0.01399	0.02101	0.01985	0.01599	0.04774	0.01382	0.01981	0.01033	0.01194	0.00823	0.00592	0.00505	0.00174	0.00782	0.00410	0.00302	0.00879
24	0.00940	0.00626	0.00705	0.00705	0.00705	0.00626	0.00392	0.00940	0.00940	0.01253	0.02036	0.04228	0.02349	0.77292	0.03289	0.00626	0.00626	0.00940	0.00392	0.00392
25	0.05819	0.01454	0.05504	0.15899	0.11234	0.04303	0.08316	0.01917	0.01407	0.07829	0.01260	0.01536	0.00973	0.00592	0.00620	0.00170	0.02566	0.00512	0.00376	0.27714
26	0.03840	0.08888	0.12116	0.24136	0.06296	0.04228	0.01491	0.12699	0.01673	0.07916	0.04348	0.01812	0.03234	0.00710	0.00612	0.00193	0.00754	0.00573	0.00417	0.04064
27	0.01266	0.01024	0.01341	0.04176	0.03865	0.01146	0.03523	0.09166	0.05600	0.01958	0.05145	0.03211	0.08638	0.23121	0.08032	0.00410	0.11690	0.02613	0.03415	0.00659
28	0.02027	0.01616	0.04393	0.01503	0.05314	0.01680	0.01190	0.36292	0.21111	0.06593	0.01836	0.01833	0.01353	0.00932	0.03631	0.00229	0.00687	0.00611	0.00597	0.06572
29	0.01125	0.00671	0.00840	0.00845	0.00944	0.00637	0.00566	0.01224	0.01214	0.10674	0.04608	0.28625	0.07112	0.31939	0.05668	0.00436	0.00564	0.01224	0.00532	0.00551
30	0.05743	0.16142	0.20152	0.06325	0.07474	0.08780	0.03386	0.04875	0.03186	0.04334	0.01247	0.01558	0.01014	0.04747	0.02592	0.00224	0.00821	0.00501	0.00350	0.06550
31	0.01577	0.35264	0.22998	0.01836	0.11442	0.04910	0.07472	0.01989	0.01401	0.01824	0.03104	0.01375	0.01014	0.00599	0.00546	0.00174	0.00817	0.00474	0.00300	0.00884
32	0.00852	0.00649	0.00783	0.00768	0.00932	0.00580	0.00569	0.01092	0.01654	0.02220	0.44244	0.12056	0.28266	0.01492	0.00768	0.00214	0.00319	0.01296	0.00664	0.00580
33	0.07437	0.03214	0.06447	0.01589	0.13184	0.01098	0.03465	0.05967	0.01455	0.02114	0.06138	0.23353	0.06840	0.01338	0.03045	0.00250	0.03083	0.05570	0.03683	0.00728
34	0.09387	0.06422	0.16649	0.08900	0.21035	0.10482	0.08205	0.05860	0.01533	0.03942	0.01184	0.01451	0.00917	0.00615	0.00604	0.00194	0.00853	0.00521	0.00345	0.00899
35	0.03588	0.03446	0.01608	0.01518	0.08697	0.08743	0.05191	0.08099	0.01465	0.08789	0.01741	0.07902	0.01613	0.12101	0.19141	0.00464	0.03978	0.00739	0.00435	0.00742
36	0.00844	0.00649	0.00772	0.00760	0.00927	0.00577	0.00563	0.01075	0.01634	0.02172	0.40485	0.12282	0.31905	0.01511	0.00769	0.00215	0.00320	0.01308	0.00657	0.00577
37	0.01356	0.01184	0.01478	0.01132	0.04223	0.00914	0.03389	0.01656	0.01351	0.02104	0.01157	0.01364	0.00960	0.00485	0.00495	0.00104	0.00512	0.00404	0.00378	0.75353
38	0.01472	0.03376	0.04018	0.26418	0.20990	0.04218	0.06523	0.06201	0.01457	0.01964	0.01315	0.06357	0.01142	0.00755	0.00790	0.00209	0.08031	0.00647	0.00345	0.03774
39	0.16544	0.19368	0.05846	0.01345	0.01791	0.19030	0.07500	0.02027	0.01437	0.04008	0.01455	0.01609	0.05736	0.00694	0.00584	0.00178	0.03207	0.00504	0.03407	0.03729
40	0.09515	0.01502	0.01724	0.01404	0.04443	0.01569	0.01112	0.38711	0.02395	0.28286	0.01831	0.01736	0.01237	0.00761	0.00626	0.00196	0.00638	0.00585	0.00666	0.01061
41	0.02152	0.07647	0.01891	0.04687	0.04207	0.51246	0.01225	0.07448	0.01818	0.01850	0.04633	0.01437	0.01140	0.00771	0.02050	0.00186	0.01018	0.00477	0.00371	0.03747
42	0.00849	0.00652	0.00777	0.00757	0.00928	0.00580	0.00563	0.01088	0.01657	0.02210	0.43314	0.09597	0.31722	0.01484	0.00766	0.00212	0.00318	0.01283	0.00662	0.00580
43	0.00997	0.00681	0.00917	0.00955	0.01070	0.00684	0.00726	0.01197	0.01323	0.04402	0.13538	0.16424	0.05539	0.14574	0.17708	0.00490	0.00763	0.16910	0.00533	0.00566
44	0.01499	0.01515	0.01916	0.01653	0.01698	0.07253	0.01361	0.04169	0.01137	0.01654	0.00998	0.04541	0.00999	0.01121	0.01899	0.00270	0.64679	0.00608	0.00313	0.00717
45	0.00963	0.00687	0.00819	0.00803	0.00983	0.00629	0.00605	0.01249	0.03885	0.04614	0.32841	0.12744	0.26872	0.01455	0.00751	0.00216	0.00346	0.04060	0.04868	0.00609
46	0.01444	0.00776	0.01022	0.00900	0.01146	0.00696	0.00696	0.01718	0.01792	0.21948	0.47303	0.07052	0.08443	0.01224	0.00734	0.00205	0.00376	0.01064	0.00725	0.00737
47	0.01726	0.01377	0.01547	0.01140	0.01695	0.01256	0.00926	0.25660	0.01927	0.02786	0.01288	0.01413	0.01006	0.00581	0.00537	0.00130	0.00559	0.00452	0.00474	0.53521
48	0.00818	0.00586	0.00747	0.00862	0.00913	0.00550	0.00577	0.00924	0.01221	0.01609	0.03567	0.57879	0.09420	0.13127	0.01187	0.00314	0.00417	0.04204	0.00569	0.00509
49	0.01707	0.01225	0.01388	0.01120	0.01521	0.04149	0.00886	0.10289	0.09491	0.13420	0.10934	0.04537	0.01958	0.00886	0.00759	0.04189	0.03295	0.00652	0.00548	0.27046
50	0.01426	0.18497	0.46898	0.01845	0.02663	0.01743	0.14232	0.02027	0.01382	0.01941	0.01131	0.01363	0.00849	0.00589	0.00599	0.00193	0.00924	0.00500	0.00283	0.00914
51	0.00940	0.00626	0.00705	0.00705	0.00705	0.00626	0.00392	0.00940	0.00940	0.01253	0.02036	0.04228	0.02349	0.77292	0.03289	0.00626	0.00626	0.00940	0.00392	0.00392
52	0.01340	0.01148	0.01340	0.00957	0.01531	0.00861	0.00766	0.01627	0.01340	0.02105	0.01148	0.01340	0.00957	0.00479	0.00479	0.00096	0.00479	0.00383	0.00383	0.81242
53	0.00877	0.00606	0.00752	0.00832	0.00861	0.00589	0.00538	0.00952	0.01119	0.01489	0.02846	0.37906	0.03342	0.36749	0.01967	0.00433	0.00508	0.06660	0.00503	0.00469
54	0.14348	0.01604	0.01775	0.01531	0.01677	0.10413	0.01255	0.05670	0.04094	0.01957	0.00985	0.01375	0.00882	0.00962	0.01526	0.00248	0.48087	0.00521	0.00343	0.00745
55	0.00846	0.00609	0.00754	0.00821	0.00894	0.00570	0.00555	0.00974	0.01295	0.01719	0.13674	0.38488	0.13031	0.18803	0.01365	0.00331	0.00423	0.03768	0.00569	0.00512
56	0.01993	0.27346	0.10604	0.01446	0.01930	0.32664	0.01301	0.08347	0.01715	0.01884	0.04411	0.01352	0.01101	0.00663	0.00545	0.00166	0.00905	0.00450	0.00353	0.00824
57	0.04206	0.01343	0.02026	0.18890	0.31803	0.01388	0.01542	0.08588	0.01549	0.04813	0.01356	0.04185	0.01122	0.00764	0.02485	0.00208	0.00737	0.00591	0.00384	0.12020
58	0.07206	0.07492	0.03796	0.12098	0.15845	0.09172	0.03624	0.11717	0.03726	0.11877	0.01598	0.01757	0.03771	0.00716	0.00653	0.00196	0.02832	0.00575	0.00447	0.00904
59	0.00962	0.00647	0.00807	0.00836	0.00979	0.00580	0.00600	0.01143	0.01480	0.07031	0.20821	0.36946	0.21411	0.01673	0.00782	0.00233	0.00359	0.01476	0.00641	0.00591
60	0.00825	0.00580	0.00748	0.00867	0.00900	0.00551	0.00569	0.00919	0.01183	0.01576	0.03246	0.60200	0.03866	0.17397	0.01330	0.00338	0.00432	0.03415	0.00557	0.00499
61	0.01535	0.01844	0.19654	0.07574	0.15237	0.01440	0.10537	0.07545	0.08022	0.06180	0.01710	0.08027	0.01450	0.00823	0.00715	0.00215	0.02700	0.03459	0.00423	0.00909
62	0.06588	0.24607	0.06316	0.08848	0.04996	0.17609	0.03145	0.09441	0.01637	0.06211	0.01255	0.04326	0.01047	0.00690	0.00557	0.00178	0.00809	0.00514	0.00383	0.00842
63	0.01732	0.11303	0.04914	0.09099	0.27836	0.06847	0.01507	0.10885	0.03366	0.03840	0.01250	0.01491	0.00999	0.00612	0.00586	0.00174	0.00744	0.00511	0.00380	0.11922
64	0.04945	0.16011	0.10015	0.05739	0.13604	0.16623	0.01431	0.04070	0.06594	0.04381	0.01414	0.01598	0.03615	0.00715	0.00695	0.00190	0.06611	0.00523	0.00368	0.00858
65	0.01359	0.01273	0.03967	0.04259	0.05030	0.12775	0.00993	0.01563	0.01274	0.06197	0.01847	0.12907	0.01831	0.12264	0.24751	0.00532	0.05302	0.00815	0.00405	0.00655

[dist]
# distance from previous block
# <min> <max>
0	4

[block]
# block no. 3 follows, 34 sequences, length 36
# corresponding to MSA columns:
# 223-258
name=unknown_D
#
# <colnr> <probs for GDERKNQSTAVLIFYWHMCP>
#	G	D	E	R	K	N	Q	S	T	A	V	L	I	F	Y	W	H	M	C	P
0	0.01778	0.01538	0.01430	0.01239	0.01587	0.14451	0.00965	0.11550	0.25190	0.07115	0.15663	0.02470	0.02356	0.00879	0.00643	0.00192	0.00606	0.00709	0.04469	0.05172
1	0.01747	0.03472	0.03101	0.01244	0.01599	0.04971	0.01008	0.24043	0.19806	0.04416	0.04367	0.06979	0.01792	0.01348	0.09081	0.00295	0.00724	0.00720	0.08396	0.00891
2	0.00816	0.00584	0.00779	0.00905	0.00962	0.00547	0.00625	0.00962	0.01323	0.01780	0.12071	0.64306	0.04468	0.01925	0.00821	0.00257	0.00378	0.05339	0.00613	0.00539
3	0.00826	0.00607	0.00775	0.00839	0.00938	0.00555	0.00589	0.01009	0.01463	0.01972	0.26814	0.44013	0.13731	0.01742	0.00796	0.00237	0.00346	0.01556	0.00637	0.00555
4	0.00829	0.00583	0.00753	0.00861	0.00893	0.00562	0.00561	0.00921	0.01159	0.01550	0.03122	0.56556	0.03703	0.19630	0.04827	0.00383	0.00496	0.01575	0.00540	0.00496
5	0.01905	0.01536	0.01629	0.01375	0.01794	0.01746	0.01095	0.27178	0.47864	0.03183	0.02251	0.02109	0.01666	0.00841	0.00654	0.00210	0.00581	0.00678	0.00654	0.01049
6	0.01599	0.01535	0.02623	0.03966	0.73262	0.01535	0.01983	0.01983	0.01471	0.02111	0.01215	0.01599	0.01023	0.00576	0.00640	0.00192	0.00768	0.00576	0.00320	0.01023
7	0.26891	0.01272	0.01327	0.01076	0.01507	0.01332	0.00881	0.20686	0.01879	0.23160	0.02143	0.02071	0.08141	0.00811	0.00574	0.00198	0.00545	0.00606	0.03997	0.00901
8	0.01699	0.72818	0.08002	0.01154	0.01733	0.02488	0.01189	0.01942	0.01316	0.01555	0.00915	0.01058	0.00828	0.00557	0.00428	0.00143	0.00708	0.00354	0.00276	0.00837
9	0.01409	0.01505	0.02838	0.06121	0.02771	0.04909	0.44692	0.01902	0.04465	0.01981	0.01847	0.12344	0.01716	0.00889	0.00764	0.00229	0.00913	0.07514	0.00402	0.00790
10	0.00936	0.00705	0.00842	0.00838	0.00999	0.00658	0.00614	0.05616	0.01635	0.02175	0.29322	0.26045	0.24058	0.01579	0.00773	0.00224	0.00358	0.01380	0.00643	0.00599
11	0.01225	0.00888	0.01018	0.00957	0.01168	0.00902	0.00716	0.06198	0.15253	0.05945	0.15836	0.11894	0.16074	0.13610	0.01151	0.00289	0.00465	0.05111	0.00610	0.00691
12	0.03842	0.01389	0.03948	0.04987	0.26540	0.01323	0.08153	0.08999	0.01596	0.10229	0.01580	0.06625	0.01321	0.01030	0.06252	0.00255	0.00784	0.00663	0.00435	0.10051
13	0.01738	0.26688	0.02588	0.09198	0.17774	0.09237	0.04070	0.07367	0.07361	0.01984	0.01208	0.01441	0.00997	0.00655	0.00653	0.00183	0.05114	0.00504	0.00355	0.00884
14	0.01673	0.01482	0.02241	0.16072	0.40005	0.01543	0.01683	0.15393	0.01732	0.02411	0.01262	0.01587	0.01003	0.00618	0.00626	0.00187	0.00745	0.00558	0.00384	0.08794
15	0.12991	0.01641	0.01812	0.01754	0.13285	0.07499	0.01229	0.30248	0.02119	0.13294	0.01607	0.01670	0.02950	0.00753	0.00679	0.00198	0.04194	0.00566	0.00539	0.00972
16	0.01455	0.01170	0.01572	0.04899	0.01756	0.01252	0.09224	0.06590	0.23248	0.07085	0.04317	0.07286	0.10498	0.09941	0.01078	0.00271	0.04305	0.02701	0.00549	0.00804
17	0.00922	0.00643	0.00850	0.00950	0.01042	0.00615	0.00688	0.01148	0.03720	0.03685	0.12932	0.52562	0.04297	0.01824	0.00816	0.00256	0.00406	0.11443	0.00621	0.00578
18	0.01792	0.01621	0.02331	0.01748	0.02286	0.05744	0.24321	0.17774	0.10026	0.05307	0.01646	0.01793	0.02962	0.00666	0.00652	0.00184	0.00777	0.00632	0.00474	0.17265
19	0.01489	0.01454	0.02449	0.17985	0.33735	0.01590	0.11127	0.02017	0.08345	0.02000	0.01308	0.01701	0.01056	0.00684	0.00843	0.00214	0.10143	0.00615	0.00343	0.00901
20	0.01497	0.08105	0.09233	0.06501	0.33665	0.03114	0.05340	0.04767	0.01491	0.02058	0.03530	0.02056	0.01343	0.00988	0.05847	0.00254	0.00839	0.05043	0.00358	0.03970
21	0.07528	0.00886	0.01053	0.00948	0.01214	0.00864	0.00731	0.03600	0.08982	0.16922	0.28517	0.12937	0.10792	0.01222	0.00706	0.00213	0.00412	0.01045	0.00673	0.00754
22	0.10724	0.02663	0.01783	0.01403	0.05243	0.01238	0.10703	0.11369	0.01597	0.04249	0.01531	0.03146	0.04377	0.00641	0.00564	0.00155	0.00609	0.00550	0.00434	0.37021
23	0.01574	0.01204	0.07587	0.04852	0.01662	0.01021	0.02673	0.06598	0.01630	0.18921	0.09272	0.07443	0.18295	0.01101	0.00787	0.00210	0.05564	0.02664	0.00573	0.06368
24	0.00940	0.00626	0.00705	0.00705	0.00705	0.00626	0.00392	0.00940	0.00940	0.01253	0.02036	0.04228	0.02349	0.77292	0.03289	0.00626	0.00626	0.00940	0.00392	0.00392
25	0.00908	0.00626	0.00749	0.00800	0.00834	0.00612	0.00514	0.00973	0.01090	0.01439	0.02728	0.21400	0.05925	0.48566	0.02354	0.00490	0.00552	0.08519	0.00470	0.00451
26	0.01739	0.05520	0.02348	0.08283	0.25982	0.03165	0.11972	0.05368	0.06730	0.11881	0.01838	0.02025	0.05843	0.00730	0.00713	0.00203	0.03631	0.00661	0.00438	0.00930
27	0.04102	0.34742	0.10905	0.01444	0.02037	0.02024	0.08804	0.17033	0.01763	0.09565	0.01281	0.01380	0.00977	0.00633	0.00549	0.00174	0.00749	0.00488	0.00418	0.00930
28	0.00916	0.00627	0.00761	0.00782	0.00804	0.00639	0.00483	0.00966	0.00996	0.01345	0.02203	0.14116	0.02508	0.55939	0.13641	0.00637	0.00757	0.01028	0.00414	0.00438
29	0.00907	0.00628	0.00787	0.00884	0.00947	0.00614	0.00610	0.01094	0.03793	0.01696	0.03092	0.46207	0.03540	0.17151	0.01298	0.00330	0.00449	0.08803	0.06640	0.00529
30	0.01548	0.01562	0.06234	0.10344	0.53356	0.01527	0.01872	0.05235	0.01485	0.02108	0.01234	0.01635	0.01023	0.00824	0.04331	0.00240	0.03575	0.00576	0.00330	0.00961
31	0.01422	0.01431	0.04997	0.07133	0.07510	0.11353	0.01177	0.03680	0.08376	0.03441	0.01794	0.02262	0.05087	0.05670	0.23387	0.00482	0.09006	0.00659	0.00392	0.00739
32	0.01485	0.09077	0.08761	0.03841	0.06957	0.05516	0.10631	0.01959	0.08993	0.01827	0.01257	0.01634	0.01065	0.01181	0.07781	0.00300	0.26002	0.00585	0.00339	0.00810
33	0.00827	0.00605	0.00785	0.00903	0.00986	0.00563	0.00647	0.00984	0.01339	0.01762	0.08450	0.53884	0.12831	0.01897	0.00822	0.00258	0.00395	0.10912	0.00606	0.00543
34	0.31608	0.09191	0.01697	0.10271	0.03478	0.13427	0.01113	0.07740	0.01454	0.05584	0.01077	0.01290	0.00849	0.00686	0.00665	0.00198	0.08057	0.00446	0.00389	0.00782
35	0.00940	0.00753	0.00953	0.00891	0.01092	0.00695	0.03809	0.04813	0.01606	0.02099	0.24016	0.17439	0.33337	0.01605	0.02765	0.00242	0.00422	0.01303	0.00614	0.00605

[dist]
# distance from previous block
# <min> <max>
1	3

[block]
# block no. 4 follows, 34 sequences, length 45
# corresponding to MSA columns:
# 262-306
name=unknown_E
#
# <colnr> <probs for GDERKNQSTAVLIFYWHMCP>
#	G	D	E	R	K	N	Q	S	T	A	V	L	I	F	Y	W	H	M	C	P
0	0.01830	0.01304	0.01452	0.01199	0.01584	0.01381	0.00958	0.28461	0.16854	0.09744	0.14025	0.04964	0.08667	0.00992	0.00678	0.00202	0.00536	0.00815	0.00659	0.03695
1	0.01984	0.02291	0.01782	0.04499	0.10899	0.43210	0.01260	0.02439	0.12296	0.01817	0.01359	0.01617	0.01130	0.03559	0.04946	0.00244	0.01003	0.00522	0.00383	0.02762
2	0.01622	0.01614	0.02378	0.09065	0.54668	0.08295	0.01788	0.01980	0.01479	0.02025	0.01184	0.01544	0.00987	0.00581	0.00620	0.00183	0.00785	0.00543	0.00324	0.08336
3	0.03591	0.01035	0.01093	0.00994	0.01251	0.04124	0.00757	0.03886	0.21230	0.06241	0.27390	0.03859	0.15164	0.05497	0.00850	0.00232	0.00451	0.00967	0.00637	0.00750
4	0.00923	0.00717	0.00878	0.05075	0.01152	0.00691	0.00647	0.01237	0.05593	0.02103	0.33975	0.11092	0.22936	0.08924	0.01005	0.00256	0.00392	0.01197	0.00613	0.00593
5	0.07745	0.01016	0.01307	0.01063	0.01456	0.00926	0.00848	0.04452	0.01719	0.50313	0.08035	0.09612	0.02180	0.05313	0.00809	0.00230	0.00519	0.00799	0.00719	0.00938
6	0.00992	0.00750	0.00861	0.00832	0.00978	0.00743	0.00592	0.01378	0.10922	0.01991	0.25191	0.04690	0.17199	0.25329	0.01552	0.00346	0.00451	0.04044	0.00576	0.00583
7	0.02472	0.01784	0.01923	0.01474	0.01991	0.01965	0.01218	0.68624	0.02995	0.06616	0.01588	0.01575	0.01117	0.00777	0.00646	0.00194	0.00705	0.00584	0.00652	0.01099
8	0.02619	0.01442	0.01632	0.01288	0.01767	0.06033	0.01049	0.20874	0.09416	0.43567	0.02197	0.01986	0.01458	0.00793	0.00645	0.00198	0.00627	0.00625	0.00715	0.01069
9	0.01131	0.00855	0.01095	0.01186	0.06278	0.00838	0.00810	0.01602	0.12969	0.04938	0.14614	0.32460	0.07295	0.01439	0.00745	0.00227	0.00436	0.04673	0.00602	0.05809
10	0.01580	0.01593	0.02505	0.18496	0.48372	0.07322	0.06866	0.01968	0.01467	0.01971	0.01191	0.01601	0.00972	0.00595	0.00645	0.00197	0.00842	0.00576	0.00315	0.00928
11	0.06596	0.02013	0.02154	0.07607	0.20860	0.25941	0.08197	0.10433	0.01751	0.02169	0.01296	0.01766	0.01089	0.00703	0.00634	0.00194	0.00906	0.04447	0.00382	0.00861
12	0.01122	0.00561	0.00842	0.00842	0.00842	0.00561	0.00561	0.00842	0.00842	0.01122	0.01122	0.01964	0.01122	0.02245	0.02525	0.81201	0.00561	0.00561	0.00281	0.00281
13	0.02414	0.03079	0.01831	0.01665	0.01998	0.74698	0.01248	0.02580	0.01831	0.01581	0.00999	0.01165	0.00832	0.00666	0.00583	0.00166	0.01165	0.00416	0.00333	0.00749
14	0.00820	0.00644	0.00747	0.00791	0.00952	0.00571	0.00593	0.01006	0.01468	0.01858	0.14416	0.22257	0.40657	0.01699	0.00792	0.00235	0.00365	0.08959	0.00614	0.00555
15	0.01821	0.11398	0.07684	0.03562	0.04229	0.08391	0.20773	0.13434	0.01749	0.06716	0.01303	0.01504	0.00989	0.00609	0.00616	0.00178	0.00833	0.00553	0.00406	0.13252
16	0.04359	0.01483	0.01551	0.01313	0.01702	0.03947	0.01057	0.33575	0.21811	0.03136	0.04638	0.05857	0.05265	0.00990	0.00677	0.00213	0.00608	0.06249	0.00625	0.00946
17	0.01157	0.00696	0.00913	0.00902	0.01058	0.00642	0.00669	0.01369	0.01548	0.11854	0.29438	0.25546	0.06585	0.07647	0.00980	0.00263	0.00410	0.07040	0.00652	0.00631
18	0.01019	0.00855	0.01021	0.05252	0.01276	0.06167	0.00774	0.01197	0.01175	0.01548	0.04382	0.17790	0.04720	0.14596	0.34517	0.00655	0.01107	0.00970	0.00419	0.00559
19	0.02452	0.06388	0.01897	0.01451	0.01909	0.22814	0.01171	0.33124	0.04652	0.15474	0.01566	0.01553	0.01124	0.00739	0.00616	0.00185	0.00806	0.00537	0.00562	0.00980
20	0.01638	0.01184	0.01232	0.01128	0.01385	0.10454	0.00882	0.09513	0.01703	0.15011	0.10473	0.11129	0.06670	0.06496	0.08217	0.00327	0.00718	0.10523	0.00580	0.00739
21	0.00846	0.00599	0.00791	0.00923	0.00974	0.00572	0.00646	0.00975	0.01243	0.01649	0.03362	0.57315	0.03961	0.10719	0.01121	0.00310	0.00439	0.12459	0.00575	0.00521
22	0.04548	0.01465	0.02077	0.21212	0.26853	0.03691	0.01586	0.13469	0.04257	0.09216	0.01400	0.01670	0.01060	0.00686	0.00697	0.00203	0.03974	0.00576	0.00425	0.00933
23	0.10886	0.01854	0.01954	0.04046	0.22887	0.21230	0.03152	0.09044	0.01744	0.12798	0.03452	0.01607	0.01172	0.00678	0.00607	0.00189	0.00805	0.00541	0.00446	0.00909
24	0.01666	0.06464	0.10664	0.08875	0.13426	0.17428	0.01482	0.06613	0.07385	0.01987	0.01402	0.01850	0.01180	0.01151	0.08047	0.00283	0.05352	0.03534	0.00373	0.00839
25	0.02111	0.01803	0.01670	0.01388	0.01800	0.14189	0.01104	0.35384	0.20340	0.03136	0.01786	0.01788	0.01330	0.00781	0.00620	0.00192	0.00698	0.00593	0.08316	0.00972
26	0.00935	0.00682	0.00989	0.00989	0.01094	0.00782	0.00752	0.01145	0.01040	0.01508	0.01775	0.02706	0.01692	0.12081	0.64759	0.00964	0.01566	0.00714	0.03269	0.00559
27	0.00808	0.00571	0.00744	0.00873	0.00906	0.00539	0.00571	0.00905	0.01197	0.01595	0.03354	0.66979	0.04011	0.12273	0.01160	0.00312	0.00409	0.01715	0.00571	0.00507
28	0.00828	0.00599	0.00775	0.00861	0.00940	0.00556	0.00597	0.00989	0.01384	0.01862	0.19515	0.50045	0.09702	0.05127	0.00916	0.00263	0.00373	0.03511	0.00616	0.00542
29	0.81856	0.01250	0.00950	0.00850	0.01250	0.01449	0.00700	0.01899	0.01100	0.02899	0.00900	0.01050	0.00700	0.00600	0.00400	0.00200	0.00500	0.00350	0.00400	0.00700
30	0.06706	0.09312	0.04979	0.04157	0.01963	0.32090	0.01233	0.17178	0.01891	0.04620	0.01206	0.01363	0.00945	0.00709	0.00666	0.00183	0.05548	0.00475	0.03937	0.00840
31	0.01993	0.01156	0.01417	0.01074	0.01595	0.00980	0.00868	0.02437	0.09476	0.30774	0.01874	0.01803	0.01327	0.00651	0.00567	0.00151	0.00511	0.00528	0.00580	0.40235
32	0.02414	0.03079	0.01831	0.01665	0.01998	0.74698	0.01248	0.02580	0.01831	0.01581	0.00999	0.01165	0.00832	0.00666	0.00583	0.00166	0.01165	0.00416	0.00333	0.00749
33	0.01779	0.00964	0.01222	0.01017	0.01334	0.00915	0.00807	0.11589	0.02004	0.26095	0.39924	0.03510	0.03927	0.01074	0.00709	0.00201	0.00442	0.00917	0.00731	0.00838
34	0.81856	0.01250	0.00950	0.00850	0.01250	0.01449	0.00700	0.01899	0.01100	0.02899	0.00900	0.01050	0.00700	0.00600	0.00400	0.00200	0.00500	0.00350	0.00400	0.00700
35	0.01599	0.01535	0.02623	0.03966	0.73262	0.01535	0.01983	0.01983	0.01471	0.02111	0.01215	0.01599	0.01023	0.00576	0.00640	0.00192	0.00768	0.00576	0.00320	0.01023
36	0.02375	0.01769	0.01893	0.01470	0.01973	0.01966	0.01208	0.64595	0.09683	0.03940	0.01655	0.01634	0.01183	0.00785	0.00647	0.00196	0.00692	0.00596	0.00647	0.01092
37	0.01840	0.01509	0.01633	0.01455	0.04285	0.01714	0.01113	0.22004	0.50610	0.03059	0.02283	0.02146	0.01699	0.00838	0.00654	0.00211	0.00575	0.00684	0.00643	0.01044
38	0.00786	0.00568	0.00744	0.00886	0.00933	0.00526	0.00594	0.00901	0.01251	0.01655	0.03732	0.72819	0.08215	0.02002	0.00821	0.00260	0.00372	0.01810	0.00600	0.00526
39	0.00792	0.00658	0.00694	0.00692	0.00899	0.00560	0.00523	0.00978	0.01520	0.01861	0.15087	0.06070	0.62147	0.01600	0.00767	0.00219	0.00333	0.03430	0.00614	0.00555
40	0.02414	0.03079	0.01831	0.01665	0.01998	0.74698	0.01248	0.02580	0.01831	0.01581	0.00999	0.01165	0.00832	0.00666	0.00583	0.00166	0.01165	0.00416	0.00333	0.00749
41	0.07647	0.01381	0.01567	0.01245	0.01706	0.01440	0.01017	0.27858	0.12048	0.29560	0.02062	0.01928	0.01413	0.00786	0.00622	0.00198	0.00586	0.00614	0.05290	0.01034
42	0.00797	0.00570	0.00761	0.00911	0.00953	0.00534	0.00617	0.00917	0.01247	0.01661	0.03556	0.74089	0.04251	0.02015	0.00827	0.00264	0.00384	0.04519	0.00600	0.00528
43	0.00885	0.00668	0.00810	0.00888	0.01015	0.00624	0.00650	0.04040	0.01419	0.01821	0.04361	0.43342	0.24915	0.01822	0.00807	0.00250	0.00403	0.10115	0.00601	0.00565
44	0.01534	0.04271	0.04990	0.18753	0.33559	0.03485	0.15729	0.03690	0.01467	0.01998	0.01197	0.01608	0.00958	0.00611	0.00706	0.00203	0.03422	0.00597	0.00319	0.00902

[dist]
# distance from previous block
# <min> <max>
0	2

[block]
# block no. 5 follows, 34 sequences, length 11
# corresponding to MSA columns:
# 309-319
name=unknown_F
#
# <colnr> <probs for GDERKNQSTAVLIFYWHMCP>
#	G	D	E	R	K	N	Q	S	T	A	V	L	I	F	Y	W	H	M	C	P
0	0.05613	0.01441	0.05554	0.23403	0.28028	0.04812	0.01587	0.03923	0.01487	0.02089	0.08960	0.04443	0.01596	0.00735	0.00639	0.00199	0.00733	0.00650	0.00377	0.03733
1	0.01024	0.00748	0.01000	0.00969	0.01120	0.00806	0.00735	0.04658	0.01206	0.01728	0.02128	0.08642	0.05386	0.09654	0.46594	0.00749	0.01247	0.00809	0.06010	0.04788
2	0.15578	0.07251	0.10083	0.01140	0.01503	0.03391	0.01025	0.07030	0.06902	0.02225	0.03935	0.11017	0.04245	0.07798	0.00872	0.00253	0.00607	0.11305	0.00477	0.03365
3	0.67519	0.01351	0.01128	0.00965	0.01386	0.01550	0.00795	0.14396	0.01450	0.03111	0.01017	0.01140	0.00772	0.00632	0.00444	0.00199	0.00538	0.00392	0.00444	0.00772
4	0.01189	0.00945	0.01383	0.11426	0.03286	0.01066	0.04259	0.05546	0.03355	0.03339	0.05616	0.05516	0.01876	0.15617	0.27437	0.00582	0.05730	0.00776	0.00407	0.00651
5	0.01519	0.01494	0.02668	0.16904	0.50675	0.01531	0.11824	0.01935	0.01446	0.02021	0.01216	0.01642	0.00988	0.00584	0.00658	0.00200	0.00831	0.00602	0.00315	0.00946
6	0.04040	0.00890	0.04115	0.01090	0.03992	0.00768	0.00851	0.01501	0.01526	0.12296	0.17106	0.16436	0.15216	0.01550	0.03666	0.00264	0.00514	0.12889	0.00608	0.00685
7	0.01481	0.19461	0.10315	0.07247	0.07873	0.04554	0.12243	0.04617	0.05288	0.01999	0.08279	0.02064	0.04887	0.00946	0.04323	0.00233	0.02337	0.00641	0.00385	0.00825
8	0.06838	0.04452	0.06757	0.05759	0.03854	0.01181	0.00973	0.10340	0.10275	0.02267	0.10046	0.11570	0.10320	0.11354	0.01021	0.00267	0.00563	0.00910	0.00516	0.00737
9	0.06565	0.36039	0.09500	0.01387	0.05476	0.07736	0.01230	0.07326	0.04843	0.04473	0.01461	0.03880	0.04108	0.00721	0.00570	0.00175	0.02758	0.00520	0.00379	0.00852
10	0.07106	0.04384	0.05537	0.09997	0.26024	0.08748	0.03430	0.06656	0.06685	0.05260	0.04325	0.01853	0.03549	0.00699	0.00619	0.00193	0.00742	0.00594	0.00412	0.03187

[dist]
# distance from previous block
# <min> <max>
5	24

[block]
# block no. 6 follows, 34 sequences, length 39
# corresponding to MSA columns:
# 344-382
name=unknown_G
#
# <colnr> <probs for GDERKNQSTAVLIFYWHMCP>
#	G	D	E	R	K	N	Q	S	T	A	V	L	I	F	Y	W	H	M	C	P
0	0.03183	0.00835	0.03025	0.03430	0.01252	0.00777	0.02676	0.03168	0.03150	0.04033	0.07063	0.25178	0.15788	0.11957	0.07061	0.00354	0.00592	0.05339	0.00534	0.00603
1	0.01585	0.09136	0.04450	0.08622	0.39253	0.06035	0.03537	0.02005	0.05231	0.04244	0.01599	0.06585	0.03462	0.00734	0.00634	0.00195	0.00747	0.00661	0.00372	0.00912
2	0.06076	0.04505	0.03303	0.01499	0.08874	0.07503	0.07353	0.05083	0.03298	0.12319	0.03895	0.07642	0.10650	0.11440	0.01027	0.00264	0.00662	0.03341	0.00497	0.00770
3	0.01707	0.02123	0.07655	0.02292	0.02810	0.18956	0.41600	0.02127	0.01522	0.01890	0.01169	0.01542	0.00919	0.00649	0.00874	0.00213	0.10167	0.00638	0.00319	0.00828
4	0.09996	0.01593	0.13600	0.01491	0.06947	0.03137	0.03429	0.15059	0.01693	0.11759	0.01841	0.10812	0.01612	0.05173	0.04382	0.00271	0.00725	0.02460	0.03168	0.00852
5	0.10114	0.01168	0.01467	0.01149	0.01632	0.01092	0.00945	0.06357	0.06616	0.58924	0.02353	0.02075	0.01517	0.00785	0.00627	0.00201	0.00550	0.00624	0.00745	0.01057
6	0.81856	0.01250	0.00950	0.00850	0.01250	0.01449	0.00700	0.01899	0.01100	0.02899	0.00900	0.01050	0.00700	0.00600	0.00400	0.00200	0.00500	0.00350	0.00400	0.00700
7	0.00914	0.00660	0.00864	0.00813	0.00965	0.00610	0.00610	0.01219	0.01829	0.02591	0.72921	0.04827	0.06097	0.01321	0.00762	0.00203	0.00305	0.01169	0.00711	0.00610
8	0.02211	0.01616	0.01757	0.01386	0.01835	0.01783	0.01132	0.59681	0.02736	0.03701	0.01699	0.05845	0.01333	0.01102	0.05335	0.00249	0.00739	0.00660	0.04188	0.01012
9	0.01379	0.01346	0.01744	0.01530	0.01589	0.04952	0.01247	0.01653	0.06219	0.01620	0.01164	0.01750	0.01102	0.04426	0.13158	0.00402	0.53087	0.00604	0.00326	0.00700
