[name]
unknown

[dist]
# distance from previous block
# <min> <max>
0	65

[block]
# block no. 0 follows, 33 sequences, length 45
# corresponding to MSA columns:
# 83-127
name=unknown_A
#
# <colnr> <probs for GDERKNQSTAVLIFYWHMCP>
#	G	D	E	R	K	N	Q	S	T	A	V	L	I	F	Y	W	H	M	C	P
0	0.21000	0.01710	0.01606	0.13992	0.07952	0.19361	0.01228	0.07254	0.03980	0.02251	0.01470	0.06895	0.01324	0.00843	0.00639	0.00210	0.02197	0.04895	0.00417	0.00779
1	0.01445	0.16193	0.01804	0.06259	0.01710	0.11802	0.03921	0.01698	0.01531	0.04309	0.15746	0.07697	0.07667	0.01314	0.05239	0.00258	0.04198	0.06025	0.00472	0.00712
2	0.06996	0.18326	0.02281	0.03534	0.06804	0.22522	0.07847	0.05686	0.01644	0.04754	0.03658	0.01636	0.03692	0.00683	0.00578	0.00174	0.00831	0.00528	0.00390	0.07438
3	0.11284	0.09884	0.01783	0.08880	0.04533	0.18725	0.01141	0.06673	0.09011	0.11142	0.03306	0.07795	0.01493	0.00829	0.00607	0.00197	0.00744	0.00642	0.00482	0.00848
4	0.01563	0.52907	0.15983	0.01243	0.01821	0.02146	0.01314	0.01884	0.01350	0.01702	0.04745	0.01453	0.01192	0.01004	0.07033	0.00238	0.00827	0.00452	0.00310	0.00834
5	0.08607	0.01448	0.06801	0.31020	0.15970	0.01468	0.03193	0.07566	0.05173	0.04673	0.03522	0.01977	0.04354	0.00729	0.00645	0.00211	0.00757	0.00627	0.00403	0.00858
6	0.00811	0.00635	0.00754	0.00821	0.00957	0.00577	0.00592	0.00967	0.01364	0.01723	0.04894	0.34547	0.36265	0.02123	0.07331	0.00317	0.00489	0.03692	0.00588	0.00552
7	0.00860	0.00645	0.00797	0.00811	0.00953	0.00582	0.00589	0.01084	0.01616	0.02176	0.38181	0.23945	0.22126	0.01613	0.00794	0.00227	0.00335	0.01418	0.00667	0.00582
8	0.01365	0.01170	0.01365	0.00975	0.01560	0.00878	0.00780	0.01658	0.01365	0.02145	0.01170	0.01365	0.00975	0.00488	0.00488	0.00098	0.00488	0.00390	0.00390	0.80888
9	0.01344	0.05851	0.49086	0.06398	0.02610	0.01418	0.01954	0.01954	0.01377	0.02050	0.01167	0.01394	0.00870	0.00593	0.00587	0.00181	0.00842	0.00465	0.00305	0.19555
10	0.01348	0.03242	0.67169	0.02069	0.09055	0.01532	0.02396	0.02079	0.01400	0.02091	0.01186	0.01411	0.00852	0.00622	0.00628	0.00207	0.00956	0.00495	0.00282	0.00979
11	0.01035	0.00776	0.01072	0.01034	0.01191	0.00862	0.00805	0.05899	0.01332	0.01871	0.11500	0.03066	0.06697	0.03968	0.54778	0.00833	0.01408	0.00806	0.00440	0.00626
12	0.01462	0.01392	0.02355	0.29730	0.45725	0.01495	0.01902	0.01863	0.01433	0.01969	0.01389	0.01827	0.03296	0.00647	0.00658	0.00205	0.00802	0.00612	0.00323	0.00914
13	0.00999	0.00970	0.05927	0.08872	0.01724	0.00850	0.06657	0.01283	0.01395	0.01867	0.09299	0.30131	0.09405	0.01770	0.06017	0.00307	0.00651	0.10716	0.00525	0.00636
14	0.02273	0.02420	0.01957	0.01656	0.02070	0.38444	0.05594	0.20422	0.14081	0.02498	0.01468	0.01544	0.01127	0.00736	0.00635	0.00189	0.00948	0.00545	0.00478	0.00911
15	0.02370	0.01744	0.01851	0.06124	0.02112	0.06738	0.01227	0.44707	0.11258	0.12398	0.01782	0.01757	0.01261	0.00790	0.00656	0.00201	0.00720	0.00608	0.00635	0.01061
16	0.01674	0.07259	0.16517	0.06877	0.11025	0.08094	0.24909	0.05673	0.06023	0.03603	0.01349	0.01625	0.01024	0.00629	0.00670	0.00204	0.00942	0.00613	0.00364	0.00925
17	0.01349	0.01004	0.01416	0.04954	0.13685	0.01032	0.01154	0.01837	0.10370	0.06913	0.07044	0.04715	0.02824	0.09130	0.01052	0.00293	0.00619	0.29298	0.00552	0.00756
18	0.00848	0.00667	0.00713	0.00725	0.00884	0.00594	0.00520	0.00983	0.01360	0.01664	0.05211	0.05897	0.48597	0.21255	0.01459	0.00337	0.00435	0.06777	0.00556	0.00519
19	0.06362	0.06289	0.12427	0.01638	0.02100	0.50171	0.01405	0.08487	0.01842	0.01972	0.01082	0.01240	0.00863	0.00672	0.00587	0.00178	0.01058	0.00441	0.00359	0.00827
20	0.01539	0.13372	0.34555	0.11008	0.14490	0.01731	0.01960	0.08097	0.03359	0.02169	0.01225	0.01470	0.00931	0.00635	0.00608	0.00197	0.00857	0.00512	0.00332	0.00951
21	0.01024	0.00635	0.00838	0.00930	0.01027	0.00581	0.00642	0.01156	0.01338	0.09111	0.03679	0.65100	0.07603	0.01912	0.00819	0.00258	0.00398	0.01721	0.00632	0.00597
22	0.00799	0.00648	0.00709	0.00735	0.00912	0.00558	0.00536	0.00970	0.01489	0.01848	0.12868	0.20593	0.51609	0.01715	0.00791	0.00230	0.00341	0.01468	0.00623	0.00558
23	0.01650	0.06937	0.13298	0.05325	0.29147	0.01572	0.12436	0.06368	0.01563	0.06762	0.01373	0.01697	0.01077	0.00974	0.06701	0.00270	0.00923	0.00600	0.00370	0.00956
24	0.01485	0.08556	0.11665	0.02353	0.02989	0.01632	0.49163	0.02002	0.01503	0.02032	0.01503	0.04625	0.01272	0.00702	0.00739	0.00220	0.00998	0.05347	0.00350	0.00863
25	0.02145	0.02639	0.01660	0.01531	0.01824	0.59576	0.01142	0.02326	0.01816	0.01737	0.09564	0.07806	0.01762	0.00870	0.00635	0.00182	0.01019	0.00632	0.00407	0.00728
26	0.01631	0.01515	0.02487	0.16857	0.54474	0.01585	0.01922	0.07591	0.01597	0.02229	0.01254	0.01648	0.01019	0.00616	0.00653	0.00200	0.00795	0.00587	0.00347	0.00992
27	0.01608	0.25033	0.26287	0.06384	0.08681	0.01866	0.06417	0.02053	0.01391	0.06479	0.01181	0.01418	0.00924	0.00656	0.00707	0.00195	0.06989	0.00499	0.00324	0.00908
28	0.00979	0.00618	0.00827	0.00938	0.01014	0.00570	0.00640	0.01105	0.01312	0.07559	0.03544	0.70337	0.04130	0.01960	0.00826	0.00262	0.00397	0.01772	0.00628	0.00583
29	0.01555	0.01582	0.01797	0.01870	0.13384	0.14914	0.05567	0.02052	0.13258	0.01918	0.02030	0.08964	0.05246	0.07741	0.01155	0.00262	0.12230	0.03250	0.00437	0.00789
30	0.01882	0.08226	0.01792	0.06425	0.11665	0.13514	0.01169	0.04907	0.07338	0.15539	0.01935	0.08135	0.01701	0.08770	0.00932	0.00248	0.00729	0.03743	0.00499	0.00849
31	0.01548	0.01621	0.05457	0.02537	0.27940	0.06169	0.12561	0.02256	0.16489	0.02191	0.02165	0.02566	0.07733	0.00827	0.00698	0.00214	0.00763	0.04896	0.00442	0.00926
32	0.00824	0.00603	0.00775	0.00870	0.00953	0.00554	0.00600	0.00982	0.01404	0.01875	0.17101	0.54500	0.12776	0.01879	0.00821	0.00251	0.00363	0.01685	0.00633	0.00554
33	0.01666	0.24696	0.11353	0.20710	0.02643	0.14876	0.01513	0.02112	0.06402	0.01750	0.01156	0.01428	0.00937	0.00677	0.00667	0.00190	0.05594	0.00485	0.00322	0.00823
34	0.10945	0.08740	0.19978	0.17927	0.02644	0.01549	0.03781	0.05847	0.05952	0.14306	0.01486	0.01639	0.01061	0.00681	0.00605	0.00204	0.00766	0.00542	0.00434	0.00912
35	0.01573	0.01525	0.02656	0.13438	0.59300	0.01557	0.06314	0.01981	0.01478	0.02086	0.01235	0.01655	0.01018	0.00594	0.00661	0.00200	0.00816	0.00598	0.00322	0.00992
36	0.01732	0.11031	0.09616	0.06849	0.02947	0.17406	0.36817	0.02176	0.01566	0.01907	0.01191	0.01528	0.00926	0.00596	0.00674	0.00200	0.01052	0.00612	0.00321	0.00854
37	0.01597	0.17013	0.24875	0.12695	0.02606	0.15661	0.06124	0.02039	0.01510	0.01876	0.06959	0.01656	0.01298	0.00683	0.00607	0.00190	0.00902	0.00540	0.00333	0.00837
38	0.01388	0.14754	0.62696	0.01761	0.02671	0.01694	0.02232	0.02067	0.01382	0.02002	0.01141	0.01339	0.00836	0.00616	0.00594	0.00198	0.00932	0.00466	0.00279	0.00953
39	0.00788	0.00645	0.00695	0.00730	0.00907	0.00553	0.00529	0.00946	0.01454	0.01778	0.07691	0.22719	0.54781	0.01751	0.00793	0.00232	0.00344	0.01497	0.00614	0.00553
40	0.01558	0.36590	0.13284	0.01483	0.08038	0.07589	0.01303	0.01847	0.01382	0.01699	0.01578	0.02192	0.04926	0.08642	0.00841	0.00225	0.00758	0.04926	0.00340	0.00799
41	0.01380	0.01713	0.13816	0.40997	0.12840	0.07409	0.01819	0.01827	0.01375	0.01792	0.01221	0.01705	0.00958	0.01025	0.07180	0.00285	0.00985	0.00566	0.00304	0.00803
42	0.00839	0.00591	0.00801	0.00932	0.00980	0.00566	0.00640	0.00956	0.01253	0.01681	0.05165	0.63832	0.04054	0.02242	0.05922	0.03934	0.00490	0.04009	0.00582	0.00532
43	0.07428	0.02221	0.02123	0.02259	0.19581	0.33092	0.07516	0.02525	0.12956	0.02065	0.01362	0.01546	0.01088	0.00675	0.00624	0.00192	0.00926	0.00543	0.00393	0.00885
44	0.01465	0.07776	0.01583	0.12446	0.09176	0.01153	0.01061	0.06450	0.01727	0.11258	0.23734	0.03414	0.14037	0.01040	0.00692	0.00203	0.00544	0.00886	0.00568	0.00789

[dist]
# distance from previous block
# <min> <max>
0	21

[block]
# block no. 1 follows, 33 sequences, length 24
# corresponding to MSA columns:
# 149-172
name=unknown_B
#
# <colnr> <probs for GDERKNQSTAVLIFYWHMCP>
#	G	D	E	R	K	N	Q	S	T	A	V	L	I	F	Y	W	H	M	C	P
0	0.00950	0.00927	0.07272	0.00982	0.01177	0.00723	0.00788	0.05437	0.01444	0.01895	0.03986	0.48794	0.19621	0.01763	0.00795	0.00247	0.00445	0.01556	0.00585	0.00616
1	0.01639	0.01188	0.01240	0.01083	0.01392	0.07493	0.00843	0.07909	0.13386	0.14580	0.27371	0.03645	0.13253	0.01120	0.00713	0.00207	0.00504	0.00937	0.00675	0.00821
2	0.30731	0.05793	0.12138	0.01628	0.08580	0.04944	0.06442	0.10944	0.06013	0.05180	0.01277	0.01420	0.00962	0.00655	0.00556	0.00201	0.00718	0.00497	0.00429	0.00891
3	0.01931	0.01741	0.08149	0.01478	0.01977	0.01717	0.04678	0.34568	0.23084	0.03226	0.02338	0.02281	0.08063	0.00877	0.00676	0.00210	0.00668	0.00712	0.00607	0.01019
4	0.00857	0.00603	0.00783	0.00906	0.00947	0.00576	0.00612	0.00967	0.01225	0.01629	0.03310	0.55802	0.03916	0.16709	0.01339	0.00343	0.00453	0.07940	0.00569	0.00515
5	0.01317	0.01283	0.02284	0.59725	0.10178	0.01498	0.10837	0.01767	0.01363	0.01778	0.01197	0.01747	0.00908	0.00639	0.00673	0.00218	0.00900	0.00610	0.00301	0.00778
6	0.27929	0.01721	0.06248	0.01401	0.01901	0.07023	0.07597	0.18282	0.07766	0.11837	0.01496	0.01549	0.01078	0.00703	0.00583	0.00203	0.00703	0.00536	0.00519	0.00924
7	0.01629	0.01564	0.02672	0.04041	0.72757	0.01564	0.02020	0.02020	0.01499	0.02151	0.01238	0.01629	0.01043	0.00587	0.00652	0.00196	0.00782	0.00587	0.00326	0.01043
8	0.00812	0.00580	0.00773	0.00910	0.00957	0.00541	0.00612	0.00941	0.01306	0.01752	0.08776	0.71082	0.04493	0.02009	0.00835	0.00263	0.00377	0.01821	0.00620	0.00541
9	0.01140	0.01349	0.13472	0.01474	0.11853	0.01008	0.01130	0.01618	0.10184	0.01981	0.06277	0.03886	0.32357	0.01279	0.00879	0.07373	0.00552	0.00958	0.00495	0.00737
10	0.01629	0.01564	0.02672	0.04041	0.72757	0.01564	0.02020	0.02020	0.01499	0.02151	0.01238	0.01629	0.01043	0.00587	0.00652	0.00196	0.00782	0.00587	0.00326	0.01043
11	0.00940	0.00705	0.01058	0.01058	0.01176	0.00823	0.00823	0.01176	0.01058	0.01528	0.01763	0.02586	0.01646	0.04937	0.74255	0.01058	0.01763	0.00705	0.00353	0.00588
12	0.01619	0.01452	0.01640	0.01746	0.13629	0.06079	0.01165	0.06187	0.40797	0.02631	0.13383	0.02585	0.02398	0.00895	0.00678	0.00211	0.00584	0.00761	0.00599	0.00961
13	0.01594	0.14609	0.33293	0.07849	0.02465	0.14406	0.01748	0.02219	0.08080	0.01973	0.04811	0.01609	0.01221	0.00689	0.00602	0.00193	0.00884	0.00522	0.00350	0.00884
14	0.00900	0.00839	0.06262	0.01019	0.01177	0.00663	0.00831	0.01118	0.01381	0.01833	0.07348	0.45047	0.11348	0.01824	0.00829	0.00263	0.00464	0.15674	0.00591	0.00589
15	0.02092	0.02180	0.01687	0.01504	0.01808	0.38504	0.01163	0.06020	0.09178	0.08208	0.01469	0.01679	0.01183	0.01430	0.12333	0.00330	0.07444	0.00545	0.00431	0.00812
16	0.01588	0.08606	0.13889	0.06444	0.34432	0.04389	0.05426	0.02148	0.08031	0.02062	0.01306	0.01604	0.01054	0.00661	0.00729	0.00203	0.05559	0.00568	0.00343	0.00959
17	0.01488	0.01647	0.09238	0.23241	0.41620	0.01542	0.07804	0.01941	0.01443	0.02013	0.01222	0.01654	0.00974	0.00607	0.00662	0.00206	0.00854	0.00593	0.00313	0.00938
18	0.01103	0.07409	0.07932	0.01078	0.01296	0.00885	0.00904	0.01323	0.01305	0.06232	0.02831	0.43900	0.03138	0.02113	0.11146	0.00361	0.00684	0.05182	0.00528	0.00651
19	0.01514	0.02104	0.21197	0.02528	0.19187	0.05407	0.21881	0.03358	0.03985	0.02101	0.01492	0.07956	0.01278	0.00743	0.00724	0.00214	0.02333	0.00722	0.00358	0.00917
20	0.03171	0.20797	0.04946	0.05963	0.07442	0.16495	0.09985	0.03483	0.04278	0.08509	0.01505	0.07837	0.01300	0.00763	0.00611	0.00190	0.00828	0.00634	0.00405	0.00856
21	0.03185	0.07528	0.25997	0.10107	0.08742	0.05508	0.15625	0.05701	0.01568	0.02159	0.06535	0.01761	0.01307	0.00673	0.00654	0.00204	0.00894	0.00607	0.00355	0.00891
22	0.04155	0.01177	0.01342	0.05131	0.04209	0.10099	0.05929	0.02903	0.01577	0.06233	0.11185	0.17708	0.20483	0.01308	0.00738	0.00222	0.00588	0.03776	0.00548	0.00689
23	0.04726	0.17716	0.02334	0.06761	0.06553	0.05147	0.15384	0.01877	0.01519	0.08011	0.10650	0.10130	0.04665	0.00898	0.00657	0.00201	0.00712	0.00807	0.00452	0.00801

[dist]
# distance from previous block
# <min> <max>
0	39

[block]
# block no. 2 follows, 33 sequences, length 14
# corresponding to MSA columns:
# 212-225
name=unknown_C
#
# <colnr> <probs for GDERKNQSTAVLIFYWHMCP>
#	G	D	E	R	K	N	Q	S	T	A	V	L	I	F	Y	W	H	M	C	P
0	0.04586	0.08738	0.23904	0.08532	0.02159	0.01496	0.01473	0.10246	0.01538	0.02198	0.07800	0.03882	0.01626	0.09369	0.01055	0.00255	0.06984	0.00647	0.00398	0.03112
1	0.01716	0.03756	0.13639	0.09836	0.02420	0.14362	0.08690	0.13314	0.03719	0.02285	0.03692	0.04122	0.03364	0.00773	0.00710	0.00197	0.04023	0.00626	0.00415	0.08340
2	0.01884	0.17753	0.09196	0.01494	0.04020	0.08492	0.08535	0.05102	0.01618	0.14427	0.04347	0.01645	0.01264	0.00651	0.00582	0.00168	0.00737	0.00531	0.00443	0.17112
3	0.01780	0.04010	0.03555	0.01677	0.09753	0.06967	0.06174	0.13884	0.08081	0.09351	0.07264	0.02092	0.01668	0.01397	0.11970	0.00322	0.00871	0.00649	0.00502	0.08033
4	0.01793	0.50479	0.16778	0.01360	0.01973	0.11296	0.01403	0.04994	0.01488	0.01771	0.01008	0.01160	0.00855	0.00599	0.00493	0.00160	0.00817	0.00397	0.00304	0.00871
5	0.01203	0.04675	0.01500	0.04275	0.03123	0.04135	0.07053	0.01447	0.01296	0.04233	0.07874	0.03001	0.08738	0.10505	0.30407	0.00593	0.04070	0.00801	0.00418	0.00654
6	0.00786	0.00635	0.00700	0.00751	0.00911	0.00549	0.00538	0.00935	0.01419	0.01745	0.05642	0.30022	0.49467	0.01801	0.00799	0.00238	0.00350	0.01552	0.00611	0.00549
7	0.01619	0.01893	0.06154	0.02336	0.02890	0.09701	0.46888	0.02223	0.08299	0.02053	0.01438	0.01868	0.01135	0.04319	0.00921	0.00239	0.04075	0.00723	0.00365	0.00862
8	0.00914	0.00721	0.00833	0.00835	0.01012	0.00676	0.00614	0.01277	0.08334	0.02116	0.25819	0.20618	0.30650	0.01579	0.00781	0.00227	0.00355	0.01370	0.00652	0.00618
9	0.05467	0.01589	0.01600	0.01451	0.08998	0.14507	0.01023	0.01884	0.01444	0.02063	0.01124	0.01349	0.00941	0.00567	0.00591	0.00134	0.03815	0.00423	0.00371	0.50659
10	0.01577	0.01517	0.02547	0.10147	0.59830	0.01599	0.01947	0.01948	0.01435	0.02054	0.01196	0.01622	0.01011	0.00648	0.00798	0.00207	0.08029	0.00585	0.00319	0.00984
11	0.01564	0.01546	0.01791	0.31420	0.09494	0.15627	0.01439	0.01999	0.07028	0.04191	0.01602	0.10664	0.01425	0.00852	0.00697	0.00209	0.02691	0.00714	0.00395	0.04652
12	0.05335	0.01302	0.01742	0.38665	0.03112	0.06246	0.03429	0.01944	0.06446	0.06085	0.04423	0.04204	0.01345	0.00729	0.00632	0.00198	0.00748	0.00623	0.00402	0.12391
13	0.06373	0.06511	0.03420	0.09448	0.02100	0.06729	0.03333	0.09359	0.05216	0.20385	0.01601	0.01676	0.01158	0.00704	0.00670	0.00184	0.04308	0.00541	0.00510	0.15775

[dist]
# distance from previous block
# <min> <max>
4	50

[block]
# block no. 3 follows, 33 sequences, length 10
# corresponding to MSA columns:
# 278-287
name=unknown_D
#
# <colnr> <probs for GDERKNQSTAVLIFYWHMCP>
#	G	D	E	R	K	N	Q	S	T	A	V	L	I	F	Y	W	H	M	C	P
0	0.01518	0.12569	0.06916	0.27683	0.12310	0.01656	0.05533	0.08535	0.05374	0.02100	0.01500	0.02189	0.01268	0.00766	0.00653	0.00210	0.00798	0.07183	0.00383	0.00856
1	0.01347	0.06189	0.01225	0.01014	0.01298	0.14697	0.00776	0.01619	0.05530	0.04788	0.03931	0.15502	0.31035	0.01304	0.00697	0.00204	0.00558	0.01075	0.00534	0.06677
2	0.08329	0.11316	0.14474	0.03222	0.09432	0.17405	0.01370	0.07893	0.03384	0.02131	0.02061	0.02159	0.12556	0.00815	0.00608	0.00192	0.00790	0.00621	0.00405	0.00839
3	0.01749	0.15434	0.19055	0.05750	0.08152	0.01513	0.09732	0.02179	0.01565	0.17097	0.09769	0.02008	0.01671	0.00729	0.00636	0.00196	0.00755	0.00630	0.00456	0.00923
4	0.00883	0.00754	0.01099	0.01041	0.01226	0.00678	0.08909	0.01070	0.01389	0.01770	0.04544	0.40071	0.30620	0.01728	0.00808	0.00244	0.00450	0.01552	0.00578	0.00585
5	0.01650	0.01641	0.09159	0.01587	0.08618	0.11005	0.01218	0.12650	0.06894	0.06072	0.01776	0.06750	0.01562	0.07263	0.18706	0.00442	0.01018	0.00707	0.00457	0.00826
6	0.03664	0.20877	0.14597	0.08235	0.11131	0.03426	0.08251	0.05937	0.01582	0.14218	0.01389	0.01549	0.01032	0.00643	0.00598	0.00190	0.00797	0.00533	0.00408	0.00943
7	0.01595	0.01477	0.02398	0.07321	0.45556	0.01521	0.06648	0.05828	0.09011	0.02276	0.01632	0.02298	0.01405	0.00752	0.00688	0.00212	0.00763	0.07235	0.00406	0.00975
8	0.00833	0.00602	0.00791	0.00914	0.00984	0.00561	0.00639	0.00984	0.01354	0.01802	0.10528	0.59881	0.08769	0.01949	0.00835	0.00261	0.00389	0.06751	0.00622	0.00550
9	0.07482	0.25487	0.28280	0.01499	0.02172	0.09039	0.01605	0.13267	0.01680	0.02274	0.01131	0.01277	0.00877	0.00638	0.00550	0.00182	0.00838	0.00447	0.00356	0.00919

[dist]
# distance from previous block
# <min> <max>
0	1

[block]
# block no. 4 follows, 33 sequences, length 14
# corresponding to MSA columns:
# 289-302
name=unknown_E
#
# <colnr> <probs for GDERKNQSTAVLIFYWHMCP>
#	G	D	E	R	K	N	Q	S	T	A	V	L	I	F	Y	W	H	M	C	P
0	0.01636	0.01332	0.01878	0.05642	0.13036	0.06517	0.10611	0.02169	0.11355	0.12428	0.06822	0.10805	0.03765	0.01140	0.03350	0.00251	0.00731	0.05149	0.00528	0.00858
1	0.00799	0.00583	0.00753	0.00890	0.00948	0.00537	0.00599	0.00920	0.01287	0.01691	0.03959	0.68816	0.11759	0.02020	0.00834	0.00262	0.00377	0.01819	0.00611	0.00537
2	0.01462	0.01275	0.01497	0.01480	0.06756	0.01464	0.01081	0.02706	0.44809	0.02418	0.05428	0.02893	0.07516	0.01241	0.05053	0.00278	0.07789	0.03356	0.00585	0.00914
3	0.01884	0.14835	0.05612	0.07831	0.22083	0.17541	0.04236	0.06179	0.07171	0.04613	0.01314	0.01525	0.01045	0.00652	0.00607	0.00187	0.00854	0.00530	0.00381	0.00923
4	0.01112	0.00880	0.00978	0.01002	0.01148	0.05924	0.00727	0.01412	0.06534	0.05061	0.13328	0.37189	0.08557	0.02072	0.10533	0.00347	0.00627	0.01344	0.00587	0.00635
5	0.00965	0.00751	0.01093	0.01038	0.01216	0.00701	0.05770	0.01248	0.01651	0.02255	0.38479	0.17062	0.10614	0.01515	0.00810	0.00236	0.00434	0.12897	0.00647	0.00618
6	0.01494	0.01449	0.09300	0.03962	0.01749	0.06377	0.01154	0.08877	0.09252	0.06429	0.02312	0.17193	0.02239	0.01427	0.05417	0.00280	0.02824	0.11106	0.00525	0.06633
7	0.04560	0.11377	0.12610	0.12624	0.08118	0.05446	0.13106	0.04213	0.05076	0.07207	0.01319	0.01590	0.01012	0.00694	0.00780	0.00209	0.08230	0.00571	0.00373	0.00886
8	0.04362	0.05095	0.06301	0.01482	0.01925	0.10241	0.08902	0.19455	0.09164	0.07648	0.02224	0.11728	0.06653	0.00965	0.00677	0.00209	0.00726	0.00812	0.00538	0.00892
9	0.03720	0.01636	0.08419	0.04339	0.11933	0.05391	0.14792	0.07727	0.03133	0.06036	0.07062	0.02397	0.07088	0.00826	0.00760	0.00206	0.04712	0.02667	0.00449	0.06704
10	0.10306	0.05037	0.04883	0.12227	0.07067	0.05990	0.07898	0.10851	0.03805	0.02315	0.05364	0.06822	0.01544	0.04207	0.00823	0.00224	0.04120	0.00684	0.00428	0.05406
11	0.19568	0.01627	0.08814	0.01580	0.09567	0.05620	0.03664	0.11529	0.01642	0.08342	0.01979	0.04007	0.09324	0.00836	0.00688	0.00204	0.04620	0.00645	0.00469	0.05276
12	0.04293	0.08846	0.10985	0.01564	0.04109	0.11695	0.05382	0.16530	0.08960	0.10298	0.01701	0.06926	0.01371	0.00801	0.00632	0.00196	0.00765	0.00644	0.00501	0.03802
13	0.03958	0.04016	0.04253	0.04664	0.08937	0.09456	0.10430	0.14657	0.05751	0.02412	0.01384	0.03955	0.01138	0.00725	0.00745	0.00190	0.06671	0.00592	0.00425	0.15639

[dist]
# distance from previous block
# <min> <max>
3	34

[block]
# block no. 5 follows, 33 sequences, length 68
# corresponding to MSA columns:
# 340-407
name=unknown_F
#
# <colnr> <probs for GDERKNQSTAVLIFYWHMCP>
#	G	D	E	R	K	N	Q	S	T	A	V	L	I	F	Y	W	H	M	C	P
0	0.06394	0.01513	0.03500	0.04884	0.13002	0.03160	0.07951	0.12622	0.04490	0.13039	0.01527	0.03179	0.01179	0.00757	0.00825	0.00203	0.10094	0.00606	0.00476	0.10599
1	0.01574	0.01315	0.01535	0.10043	0.01940	0.06019	0.03141	0.13907	0.11710	0.03847	0.08878	0.02928	0.05160	0.04297	0.00938	0.04028	0.02997	0.07200	0.00524	0.08017
2	0.01705	0.10947	0.01787	0.04913	0.06831	0.04934	0.01111	0.12625	0.10293	0.07855	0.05648	0.06117	0.04542	0.02574	0.00880	0.04332	0.04050	0.05572	0.00516	0.02766
3	0.01505	0.05270	0.01721	0.04341	0.09964	0.03170	0.04177	0.14884	0.09174	0.02404	0.06615	0.13228	0.08756	0.01290	0.04647	0.00259	0.03025	0.02224	0.00522	0.02823
4	0.01425	0.01218	0.01646	0.13688	0.05622	0.04370	0.06086	0.08233	0.07576	0.04499	0.19143	0.04290	0.05166	0.05027	0.04209	0.00275	0.05405	0.00835	0.00513	0.00773
5	0.05193	0.07286	0.01800	0.04191	0.01858	0.15463	0.04611	0.07608	0.10205	0.10043	0.03654	0.03473	0.05183	0.01038	0.04015	0.00238	0.06102	0.01969	0.00488	0.05580
6	0.01642	0.04662	0.01416	0.00998	0.01494	0.00935	0.00809	0.01926	0.01556	0.17021	0.13432	0.02130	0.01986	0.00704	0.00569	0.00140	0.00483	0.00580	0.00530	0.46987
7	0.02247	0.05332	0.01938	0.01471	0.01944	0.04146	0.01207	0.48692	0.17654	0.03570	0.01747	0.01728	0.01282	0.00810	0.00695	0.00202	0.03039	0.00608	0.00622	0.01067
8	0.01496	0.32904	0.45492	0.01577	0.02386	0.01959	0.01911	0.02039	0.01369	0.01871	0.01075	0.01257	0.00838	0.00601	0.00544	0.00181	0.00866	0.00433	0.00279	0.00922
9	0.01501	0.33661	0.28517	0.01494	0.02155	0.01923	0.05215	0.02051	0.06331	0.01857	0.01241	0.01463	0.01009	0.01033	0.07687	0.00264	0.00913	0.00485	0.00317	0.00883
10	0.01703	0.65184	0.11609	0.01224	0.01827	0.02435	0.01277	0.02053	0.04470	0.01666	0.01025	0.01158	0.00895	0.00585	0.00457	0.00152	0.00728	0.00385	0.00298	0.00869
11	0.00945	0.00781	0.00794	0.00749	0.01001	0.00700	0.00573	0.07691	0.01655	0.02008	0.06176	0.05875	0.65574	0.01582	0.00766	0.00220	0.00371	0.01312	0.00616	0.00610
12	0.00883	0.00673	0.00830	0.00924	0.01072	0.00620	0.00725	0.01083	0.01441	0.01819	0.04747	0.25500	0.30335	0.01826	0.00840	0.00262	0.00441	0.24801	0.00609	0.00568
13	0.01202	0.00893	0.01030	0.01010	0.01227	0.00928	0.00793	0.04848	0.17763	0.02388	0.15727	0.11418	0.11222	0.01330	0.00733	0.00229	0.00443	0.13940	0.12156	0.00721
14	0.01563	0.01401	0.02221	0.20814	0.15684	0.01533	0.12004	0.13445	0.06646	0.02312	0.01522	0.02027	0.01231	0.01231	0.09597	0.00317	0.02401	0.02762	0.00410	0.00878
15	0.01363	0.10562	0.66670	0.01804	0.02737	0.01633	0.02306	0.02074	0.01385	0.02033	0.01156	0.01358	0.00835	0.00619	0.00606	0.00202	0.00947	0.00473	0.00278	0.00961
16	0.02453	0.01947	0.01939	0.01523	0.02024	0.09014	0.01242	0.60445	0.06585	0.03830	0.01584	0.01589	0.01140	0.00785	0.00653	0.00196	0.00759	0.00584	0.00628	0.01081
17	0.02007	0.01462	0.10609	0.01395	0.01871	0.01185	0.07817	0.13282	0.01868	0.27759	0.07291	0.09003	0.03449	0.04348	0.00823	0.00234	0.00659	0.03386	0.00622	0.00930
18	0.01295	0.03149	0.66438	0.01812	0.02705	0.01454	0.02299	0.02015	0.01402	0.02074	0.01405	0.01975	0.01120	0.00741	0.00653	0.00218	0.00937	0.07060	0.00310	0.00937
19	0.00813	0.00582	0.00756	0.00889	0.00933	0.00544	0.00589	0.00921	0.01248	0.01654	0.03651	0.67525	0.07413	0.07857	0.01032	0.00294	0.00400	0.01778	0.00595	0.00525
20	0.01550	0.01513	0.02642	0.05457	0.58321	0.01500	0.09347	0.01944	0.01500	0.02108	0.01637	0.01987	0.06173	0.00663	0.00675	0.00201	0.00788	0.00665	0.00346	0.00983
21	0.04341	0.01777	0.02352	0.13789	0.13232	0.14902	0.16389	0.07655	0.04808	0.07290	0.03801	0.01766	0.01223	0.00698	0.00713	0.00206	0.03133	0.00624	0.00417	0.00886
22	0.00863	0.00617	0.00830	0.00958	0.01030	0.00584	0.00691	0.01034	0.01378	0.01847	0.11906	0.55706	0.04479	0.01933	0.00845	0.00266	0.00413	0.13438	0.00624	0.00558
23	0.01339	0.03279	0.68046	0.01946	0.02895	0.01539	0.07712	0.02087	0.01403	0.02087	0.01193	0.01420	0.00847	0.00620	0.00637	0.00210	0.00984	0.00509	0.00282	0.00966
24	0.04636	0.33812	0.27818	0.01771	0.10838	0.05506	0.01686	0.02081	0.02911	0.01894	0.01092	0.01281	0.00886	0.00603	0.00535	0.00177	0.00821	0.00440	0.00302	0.00910
25	0.01599	0.01942	0.12349	0.02579	0.03275	0.01611	0.58321	0.02164	0.01551	0.05854	0.01380	0.01753	0.01012	0.00577	0.00752	0.00219	0.01064	0.00735	0.00352	0.00911
26	0.00841	0.00669	0.00754	0.00733	0.00928	0.00583	0.00550	0.01067	0.01649	0.02132	0.33629	0.05754	0.45310	0.01535	0.00777	0.00216	0.00324	0.01308	0.00658	0.00583
27	0.01553	0.29501	0.27271	0.06759	0.02306	0.07147	0.01667	0.01968	0.01370	0.01775	0.01164	0.01604	0.01001	0.00723	0.00716	0.00195	0.08102	0.04025	0.00303	0.00851
28	0.01591	0.09080	0.17670	0.01543	0.05076	0.01461	0.05657	0.16102	0.01795	0.06059	0.09117	0.12106	0.04162	0.02617	0.00776	0.00219	0.02780	0.00825	0.00494	0.00870
29	0.00834	0.00598	0.00780	0.00887	0.00943	0.00568	0.00598	0.00961	0.01278	0.01713	0.08921	0.56811	0.07200	0.09388	0.04945	0.00338	0.00472	0.01646	0.00586	0.00532
30	0.01461	0.01469	0.05967	0.10404	0.45319	0.01391	0.06630	0.01854	0.01447	0.02074	0.01532	0.08948	0.01380	0.00749	0.00664	0.00204	0.00752	0.00721	0.06116	0.00917
31	0.01433	0.01462	0.02342	0.46975	0.12646	0.06700	0.12049	0.01851	0.01400	0.01795	0.01178	0.01688	0.00914	0.00657	0.00737	0.00216	0.04251	0.00602	0.00306	0.00796
32	0.01512	0.01430	0.02421	0.10544	0.59282	0.01455	0.01865	0.01881	0.01458	0.02060	0.01463	0.08890	0.01348	0.00736	0.00671	0.00205	0.00752	0.00711	0.00350	0.00964
33	0.00857	0.00638	0.00803	0.00894	0.00987	0.00602	0.00619	0.01088	0.04689	0.01880	0.13794	0.54252	0.12734	0.01857	0.00816	0.00251	0.00372	0.01663	0.00630	0.00574
34	0.01394	0.01053	0.01270	0.01443	0.10155	0.06084	0.00929	0.08051	0.01569	0.08901	0.02849	0.47424	0.03119	0.01538	0.00765	0.00239	0.00539	0.01369	0.00581	0.00727
35	0.00889	0.00736	0.00788	0.00772	0.00988	0.00671	0.00579	0.01242	0.08342	0.02018	0.17540	0.09017	0.50956	0.01555	0.00770	0.00222	0.00350	0.01315	0.00637	0.00613
36	0.01535	0.01468	0.02502	0.21399	0.56134	0.01539	0.01974	0.01938	0.01455	0.02037	0.01222	0.01660	0.01003	0.00604	0.00653	0.00201	0.00805	0.00586	0.00318	0.00967
37	0.01562	0.06953	0.02717	0.26569	0.17214	0.01698	0.19535	0.08103	0.01561	0.02094	0.01229	0.01653	0.00961	0.00647	0.00747	0.00211	0.04708	0.00619	0.00342	0.00876
38	0.01534	0.10059	0.48010	0.02078	0.11133	0.01607	0.06978	0.02149	0.01445	0.07158	0.01275	0.01475	0.00929	0.00623	0.00622	0.00201	0.00904	0.00519	0.00327	0.00974
39	0.02336	0.02933	0.01884	0.01700	0.01998	0.65505	0.01292	0.02503	0.01762	0.01608	0.00999	0.01218	0.00850	0.00736	0.00783	0.00184	0.10176	0.00442	0.00333	0.00758
40	0.01471	0.28681	0.49495	0.01620	0.02452	0.01897	0.01985	0.02046	0.01372	0.01901	0.01090	0.01276	0.00838	0.00604	0.00556	0.00185	0.00881	0.00440	0.00279	0.00929
41	0.01144	0.00889	0.01455	0.05327	0.06646	0.00849	0.10659	0.01370	0.01379	0.06925	0.03085	0.47713	0.06742	0.01561	0.00792	0.00246	0.00550	0.01446	0.00549	0.00674
42	0.01243	0.01170	0.01975	0.75282	0.04534	0.01463	0.01828	0.01682	0.01316	0.01682	0.01170	0.01755	0.00878	0.00658	0.00658	0.00219	0.00878	0.00585	0.00293	0.00731
43	0.01602	0.01536	0.02622	0.09165	0.67850	0.01557	0.02007	0.01996	0.01486	0.02117	0.01233	0.01638	0.01031	0.00592	0.00652	0.00197	0.00789	0.00586	0.00323	0.01020
44	0.01000	0.00813	0.00975	0.06281	0.01348	0.00831	0.00756	0.01509	0.15456	0.01957	0.06602	0.35180	0.21584	0.01597	0.00774	0.00241	0.00430	0.01401	0.00604	0.00659
45	0.02503	0.01844	0.01976	0.01515	0.02042	0.02042	0.01251	0.70562	0.03095	0.04149	0.01581	0.01581	0.01120	0.00790	0.00659	0.00198	0.00724	0.00593	0.00659	0.01120
46	0.00802	0.00573	0.00764	0.00917	0.00955	0.00535	0.00611	0.00917	0.01260	0.01681	0.03628	0.76434	0.04354	0.02062	0.00840	0.00267	0.00382	0.01872	0.00611	0.00535
47	0.02073	0.02504	0.04410	0.04288	0.02496	0.40166	0.20104	0.06949	0.01772	0.01931	0.01139	0.01415	0.00909	0.00684	0.00763	0.00197	0.06476	0.00549	0.00352	0.00823
48	0.01680	0.01872	0.02862	0.09791	0.19356	0.15742	0.30681	0.02088	0.01564	0.01958	0.01350	0.05434	0.01139	0.00673	0.00704	0.00208	0.00989	0.00701	0.00343	0.00867
49	0.01419	0.02533	0.38331	0.07544	0.06761	0.01578	0.28179	0.02062	0.01453	0.02069	0.01241	0.01575	0.00910	0.00599	0.00687	0.00214	0.01008	0.00609	0.00302	0.00927
50	0.00800	0.00580	0.00757	0.00899	0.00950	0.00536	0.00603	0.00919	0.01278	0.01688	0.03847	0.71392	0.09255	0.02034	0.00836	0.00264	0.00378	0.01837	0.00611	0.00536
51	0.06175	0.00976	0.01498	0.12579	0.01971	0.00965	0.09292	0.01734	0.01472	0.16748	0.06424	0.28252	0.06656	0.01259	0.00735	0.00232	0.00584	0.01137	0.00565	0.00746
52	0.01585	0.26997	0.38176	0.01673	0.06017	0.01859	0.01812	0.02204	0.06451	0.05592	0.01278	0.01414	0.00974	0.00632	0.00566	0.00187	0.00822	0.00476	0.00337	0.00948
53	0.00827	0.00591	0.00793	0.00945	0.00994	0.00556	0.00655	0.00960	0.01285	0.01709	0.03615	0.69747	0.04299	0.02039	0.00847	0.00271	0.00404	0.08311	0.00611	0.00542
54	0.01501	0.01301	0.02036	0.01913	0.08887	0.04908	0.18117	0.06738	0.01672	0.05517	0.02437	0.04500	0.02397	0.01211	0.00806	0.00254	0.00782	0.33724	0.00512	0.00787
55	0.05344	0.29006	0.14284	0.01645	0.05800	0.06328	0.08083	0.08544	0.04858	0.02100	0.01287	0.04704	0.01100	0.00709	0.00629	0.00188	0.03590	0.00549	0.00366	0.00886
56	0.01435	0.05458	0.07671	0.04028	0.34602	0.01401	0.03495	0.01971	0.09089	0.02096	0.01955	0.09823	0.01863	0.00956	0.00701	0.00221	0.00709	0.11199	0.00428	0.00900
57	0.00833	0.00595	0.00800	0.00952	0.01004	0.00562	0.00665	0.00971	0.01291	0.01716	0.03611	0.68105	0.04286	0.02033	0.00849	0.00272	0.00409	0.09893	0.00611	0.00543
58	0.11094	0.30863	0.07749	0.01305	0.01807	0.11635	0.01197	0.15312	0.03662	0.02295	0.01188	0.01351	0.00972	0.00956	0.05822	0.00236	0.00841	0.00455	0.00392	0.00869
59	0.15395	0.01279	0.01303	0.06491	0.01691	0.08230	0.01009	0.09912	0.04942	0.04419	0.08851	0.05092	0.05316	0.01118	0.00688	0.00226	0.00625	0.18559	0.00540	0.04315
60	0.09559	0.14805	0.08641	0.06787	0.02177	0.12436	0.06665	0.14246	0.06264	0.02364	0.01294	0.01491	0.01018	0.00877	0.04338	0.00229	0.00859	0.00513	0.00408	0.05029
61	0.04395	0.13043	0.04139	0.01727	0.07719	0.11465	0.06074	0.28292	0.06776	0.07877	0.01480	0.01555	0.01105	0.00709	0.00616	0.00190	0.00789	0.00553	0.00506	0.00990
62	0.02014	0.02066	0.06902	0.05359	0.02084	0.23460	0.02656	0.15468	0.08314	0.06875	0.01526	0.04314	0.01211	0.00740	0.00618	0.00180	0.00817	0.00569	0.00473	0.14355
63	0.01648	0.01331	0.04025	0.01282	0.01718	0.03347	0.08053	0.13343	0.07328	0.11239	0.04744	0.08183	0.16634	0.01013	0.00684	0.00197	0.00595	0.00868	0.00570	0.13197
64	0.05426	0.01758	0.07363	0.01772	0.12981	0.14130	0.03177	0.03601	0.05355	0.04788	0.01558	0.06026	0.02782	0.00872	0.02715	0.00205	0.04585	0.00605	0.00411	0.19890
65	0.03445	0.07069	0.04775	0.06558	0.03577	0.10458	0.14695	0.07753	0.01668	0.11004	0.03629	0.07167	0.04093	0.00934	0.02959	0.00222	0.00814	0.00710	0.00460	0.08011
66	0.06165	0.21831	0.04952	0.01372	0.01855	0.11284	0.03954	0.21142	0.04556	0.04277	0.01524	0.01758	0.03105	0.02741	0.02678	0.00216	0.00787	0.01950	0.00455	0.03399
67	0.03945	0.01630	0.05148	0.04359	0.04372	0.08314	0.06806	0.16475	0.13641	0.04721	0.02089	0.05583	0.06540	0.04759	0.00875	0.00230	0.04419	0.00731	0.00508	0.04854

[dist]
# distance from previous block
# <min> <max>
2	31

[block]
# block no. 6 follows, 33 sequences, length 13
# corresponding to MSA columns:
# 440-452
name=unknown_G
#
# <colnr> <probs for GDERKNQSTAVLIFYWHMCP>
#	G	D	E	R	K	N	Q	S	T	A	V	L	I	F	Y	W	H	M	C	P
0	0.06756	0.06884	0.01863	0.01426	0.01871	0.22204	0.02642	0.23618	0.07707	0.07837	0.04821	0.01672	0.01339	0.00746	0.00609	0.00184	0.00788	0.00553	0.00521	0.05959
1	0.01800	0.01580	0.03347	0.04902	0.06188	0.13685	0.03775	0.07828	0.06598	0.11559	0.07221	0.09194	0.01919	0.00928	0.00750	0.00201	0.04939	0.02693	0.00513	0.10377
2	0.03464	0.07174	0.07296	0.01520	0.06910	0.01509	0.03820	0.20689	0.08398	0.07229	0.07956	0.02602	0.07434	0.00909	0.00695	0.00204	0.02419	0.03974	0.02626	0.03173
3	0.01677	0.05590	0.01735	0.01449	0.08301	0.01382	0.01070	0.14086	0.03671	0.06464	0.01747	0.01890	0.06246	0.00759	0.00769	0.00170	0.09721	0.00569	0.02620	0.30082
4	0.01485	0.11582	0.08243	0.01686	0.10702	0.01336	0.09868	0.01926	0.06408	0.07540	0.02246	0.11282	0.08787	0.00898	0.00647	0.00192	0.00653	0.00797	0.00453	0.13268
5	0.01520	0.01344	0.01647	0.04822	0.01700	0.08520	0.01195	0.01705	0.01235	0.08541	0.01631	0.07312	0.03985	0.01787	0.14044	0.00394	0.36790	0.00716	0.00391	0.00721
6	0.05669	0.00727	0.00789	0.00754	0.00899	0.00770	0.00567	0.01437	0.01367	0.02294	0.11559	0.02995	0.05669	0.08283	0.00925	0.00224	0.06122	0.00744	0.47601	0.00605
7	0.01612	0.18017	0.19883	0.01382	0.04496	0.01453	0.01332	0.02086	0.05991	0.12027	0.03385	0.08796	0.03365	0.00813	0.00598	0.00183	0.00661	0.00658	0.00448	0.12814
8	0.09887	0.01895	0.21935	0.07332	0.02381	0.01502	0.11889	0.01796	0.01274	0.01999	0.01267	0.05377	0.01092	0.01032	0.05087	0.00270	0.16437	0.00619	0.00333	0.06599
9	0.01494	0.05546	0.01123	0.00906	0.01153	0.01062	0.00719	0.02128	0.17011	0.07839	0.02159	0.02301	0.01661	0.00806	0.00607	0.00179	0.04273	0.00629	0.47635	0.00767
10	0.06192	0.06240	0.02001	0.03518	0.06958	0.10047	0.02954	0.11981	0.01551	0.02154	0.04630	0.04997	0.01325	0.00962	0.01249	0.00233	0.31179	0.00630	0.00395	0.00806
11	0.01652	0.04992	0.01899	0.07440	0.11614	0.11049	0.02595	0.10579	0.03026	0.03992	0.03236	0.09977	0.01552	0.01337	0.07857	0.00300	0.14939	0.00729	0.00422	0.00813
12	0.07961	0.12996	0.09687	0.03275	0.07620	0.13330	0.01288	0.07839	0.05218	0.08200	0.01650	0.01756	0.05379	0.00740	0.00650	0.00186	0.03996	0.00545	0.00429	0.07255

[dist]
# distance from previous block
# <min> <max>
5	59

# created by:
# /home/berkeley/.conda/envs/busco_data_prod/bin/msa2prfl.pl pipeline/OGs_align_augustus/4893/33113.fs
