[name]
unknown

[dist]
# distance from previous block
# <min> <max>
0	538

[block]
# block no. 0 follows, 33 sequences, length 52
# corresponding to MSA columns:
# 543-594
name=unknown_A
#
# <colnr> <probs for GDERKNQSTAVLIFYWHMCP>
#	G	D	E	R	K	N	Q	S	T	A	V	L	I	F	Y	W	H	M	C	P
0	0.04382	0.06392	0.11790	0.04444	0.11671	0.07996	0.01359	0.12498	0.05513	0.06819	0.04895	0.02277	0.04427	0.03855	0.00744	0.00213	0.00727	0.03689	0.00468	0.05839
1	0.06061	0.09148	0.15109	0.01480	0.04566	0.12498	0.01314	0.08079	0.11043	0.06541	0.06831	0.05055	0.05380	0.00867	0.00678	0.00202	0.03125	0.00671	0.00476	0.00876
2	0.01576	0.23283	0.24511	0.06269	0.04442	0.01775	0.10660	0.05960	0.01541	0.04410	0.05961	0.01651	0.01274	0.00659	0.00600	0.00187	0.00816	0.00552	0.00362	0.03511
3	0.11721	0.17430	0.14543	0.02137	0.23605	0.07326	0.01539	0.02050	0.01458	0.05305	0.03690	0.01662	0.03551	0.00671	0.00574	0.00187	0.00755	0.00530	0.00365	0.00900
4	0.08477	0.29904	0.37130	0.01489	0.02229	0.04343	0.01725	0.02085	0.01380	0.04226	0.01102	0.01262	0.00853	0.00610	0.00533	0.00182	0.00830	0.00430	0.00310	0.00902
5	0.03565	0.16450	0.16269	0.01685	0.04251	0.11693	0.09638	0.02081	0.04370	0.04626	0.01634	0.02218	0.03668	0.00833	0.00765	0.00209	0.07247	0.07578	0.00381	0.00840
6	0.00809	0.00585	0.00765	0.00896	0.00953	0.00541	0.00605	0.00939	0.01313	0.01747	0.08145	0.67769	0.08512	0.01994	0.00833	0.00261	0.00375	0.01800	0.00618	0.00541
7	0.00940	0.00705	0.01058	0.01058	0.01176	0.00823	0.00823	0.01176	0.01058	0.01528	0.01763	0.02586	0.01646	0.04937	0.74255	0.01058	0.01763	0.00705	0.00353	0.00588
8	0.81514	0.01273	0.00968	0.00866	0.01273	0.01477	0.00713	0.01935	0.01120	0.02954	0.00917	0.01069	0.00713	0.00611	0.00407	0.00204	0.00509	0.00356	0.00407	0.00713
9	0.00778	0.00667	0.00667	0.00667	0.00889	0.00556	0.00500	0.00945	0.01501	0.01778	0.06669	0.06336	0.72490	0.01667	0.00778	0.00222	0.00333	0.01389	0.00611	0.00556
10	0.00831	0.00624	0.00854	0.00944	0.01020	0.00578	0.02868	0.00960	0.01281	0.01688	0.03793	0.64002	0.10978	0.05070	0.00936	0.00277	0.00411	0.01750	0.00593	0.00543
11	0.01914	0.16345	0.23274	0.01783	0.07418	0.22228	0.01635	0.07606	0.01661	0.05142	0.01170	0.01345	0.00914	0.00671	0.00655	0.00187	0.04324	0.00472	0.00353	0.00902
12	0.01531	0.02471	0.37656	0.04475	0.22335	0.01588	0.02046	0.07326	0.09899	0.02325	0.01405	0.01609	0.01055	0.00660	0.00642	0.00206	0.00844	0.00556	0.00367	0.01005
13	0.01304	0.01197	0.01849	0.49528	0.08279	0.01304	0.01545	0.01698	0.01342	0.01844	0.01175	0.01637	0.00916	0.00605	0.00610	0.00183	0.00761	0.00530	0.00322	0.23370
14	0.02459	0.03138	0.01866	0.01696	0.02035	0.74221	0.01272	0.02629	0.01866	0.01611	0.01018	0.01187	0.00848	0.00678	0.00594	0.00170	0.01187	0.00424	0.00339	0.00763
15	0.00778	0.00667	0.00667	0.00667	0.00889	0.00556	0.00500	0.00945	0.01501	0.01778	0.06669	0.06336	0.72490	0.01667	0.00778	0.00222	0.00333	0.01389	0.00611	0.00556
16	0.01735	0.02146	0.11522	0.15013	0.31968	0.20143	0.04095	0.02131	0.01550	0.01925	0.01166	0.01511	0.00937	0.00626	0.00639	0.00195	0.00937	0.00538	0.00318	0.00905
17	0.01360	0.03962	0.16416	0.04894	0.06375	0.04440	0.19576	0.01779	0.01322	0.01830	0.01359	0.01920	0.01157	0.05052	0.18464	0.00437	0.07895	0.00647	0.00322	0.00793
18	0.00900	0.00672	0.00835	0.00795	0.00964	0.00608	0.00596	0.01180	0.01788	0.02460	0.58681	0.05214	0.20053	0.01413	0.00777	0.00210	0.00315	0.01232	0.00701	0.00608
19	0.01557	0.01767	0.03836	0.02826	0.06224	0.01661	0.67622	0.02105	0.01552	0.02110	0.01328	0.01770	0.01001	0.00556	0.00772	0.00221	0.01097	0.00769	0.00333	0.00894
20	0.00950	0.00638	0.00733	0.00739	0.00745	0.00641	0.00424	0.00964	0.00974	0.01304	0.02131	0.07433	0.02452	0.70889	0.05870	0.00637	0.00669	0.00988	0.00407	0.00412
21	0.81514	0.01273	0.00968	0.00866	0.01273	0.01477	0.00713	0.01935	0.01120	0.02954	0.00917	0.01069	0.00713	0.00611	0.00407	0.00204	0.00509	0.00356	0.00407	0.00713
22	0.00892	0.00649	0.00782	0.00838	0.00965	0.00604	0.00601	0.01133	0.03696	0.01993	0.17085	0.35912	0.20242	0.01679	0.00777	0.00235	0.00362	0.03405	0.07569	0.00581
23	0.08644	0.37515	0.09353	0.01311	0.01829	0.15611	0.01227	0.10271	0.01616	0.02030	0.01091	0.01320	0.00935	0.03995	0.00630	0.00187	0.00803	0.00434	0.00353	0.00844
24	0.01567	0.01518	0.02659	0.03713	0.61428	0.01505	0.08361	0.01955	0.01488	0.02115	0.01407	0.06647	0.01260	0.00682	0.00676	0.00203	0.00786	0.00690	0.00346	0.00994
25	0.01286	0.01240	0.03675	0.47100	0.16708	0.01364	0.03964	0.01699	0.01389	0.01867	0.04340	0.04281	0.03554	0.00747	0.00666	0.00213	0.00791	0.00679	0.03658	0.00780
26	0.00957	0.00638	0.00718	0.00718	0.00718	0.00638	0.00399	0.00957	0.00957	0.01276	0.02074	0.04308	0.02393	0.76864	0.03351	0.00638	0.00638	0.00957	0.00399	0.00399
27	0.04111	0.04435	0.04949	0.06260	0.07994	0.01321	0.04011	0.10763	0.01582	0.04236	0.01470	0.08570	0.01305	0.00764	0.00695	0.00173	0.05516	0.00623	0.00428	0.30793
28	0.01667	0.01429	0.01505	0.01346	0.01723	0.01651	0.01049	0.05762	0.69257	0.02801	0.02642	0.02427	0.01980	0.00890	0.00669	0.00222	0.00528	0.00739	0.00669	0.01045
29	0.01144	0.00572	0.00858	0.00858	0.00858	0.00572	0.00572	0.00858	0.00858	0.01144	0.01144	0.02001	0.01144	0.02287	0.02573	0.80846	0.00572	0.00572	0.00286	0.00286
30	0.00940	0.00705	0.01058	0.01058	0.01176	0.00823	0.00823	0.01176	0.01058	0.01528	0.01763	0.02586	0.01646	0.04937	0.74255	0.01058	0.01763	0.00705	0.00353	0.00588
31	0.81514	0.01273	0.00968	0.00866	0.01273	0.01477	0.00713	0.01935	0.01120	0.02954	0.00917	0.01069	0.00713	0.00611	0.00407	0.00204	0.00509	0.00356	0.00407	0.00713
32	0.02347	0.01800	0.01874	0.01473	0.01966	0.04376	0.01203	0.58558	0.10489	0.03830	0.01856	0.01826	0.03650	0.00828	0.00662	0.00200	0.00704	0.00631	0.00647	0.01080
33	0.02387	0.02182	0.01684	0.01470	0.01862	0.37050	0.01135	0.02995	0.19018	0.20772	0.01843	0.01777	0.01340	0.00767	0.00630	0.00192	0.00858	0.00566	0.00546	0.00926
34	0.01403	0.00778	0.01025	0.00903	0.01144	0.00700	0.00698	0.01695	0.01855	0.19250	0.53432	0.04341	0.07666	0.01233	0.00750	0.00207	0.00370	0.01074	0.00742	0.00736
35	0.00940	0.00705	0.01058	0.01058	0.01176	0.00823	0.00823	0.01176	0.01058	0.01528	0.01763	0.02586	0.01646	0.04937	0.74255	0.01058	0.01763	0.00705	0.00353	0.00588
36	0.00957	0.00638	0.00718	0.00718	0.00718	0.00638	0.00399	0.00957	0.00957	0.01276	0.02074	0.04308	0.02393	0.76864	0.03351	0.00638	0.00638	0.00957	0.00399	0.00399
37	0.09360	0.25958	0.09339	0.01519	0.02072	0.14492	0.10162	0.07270	0.01636	0.10586	0.01262	0.01385	0.00966	0.00639	0.00562	0.00180	0.00832	0.00487	0.00401	0.00889
38	0.03911	0.01532	0.01771	0.10772	0.08892	0.12998	0.05779	0.06562	0.01586	0.05323	0.01583	0.11697	0.01442	0.00807	0.00626	0.00180	0.00725	0.00691	0.00428	0.22695
39	0.06888	0.35139	0.19251	0.04412	0.02074	0.04005	0.01429	0.08581	0.06230	0.02135	0.03461	0.01435	0.01111	0.00657	0.00534	0.00178	0.00752	0.00471	0.00367	0.00891
40	0.01835	0.01729	0.01831	0.06888	0.14354	0.12888	0.01315	0.12626	0.31616	0.02570	0.02037	0.02065	0.03709	0.00800	0.00656	0.00206	0.00717	0.00655	0.00530	0.00974
41	0.01393	0.01388	0.04190	0.35833	0.30359	0.03484	0.01795	0.01789	0.01409	0.01884	0.01444	0.06640	0.01280	0.00767	0.00675	0.00215	0.00810	0.03463	0.00339	0.00842
42	0.01451	0.04263	0.03899	0.11693	0.15483	0.01485	0.06440	0.04502	0.19349	0.02202	0.04212	0.10254	0.01889	0.00956	0.00794	0.00225	0.05695	0.03862	0.00472	0.00874
43	0.00800	0.00581	0.00755	0.00895	0.00949	0.00537	0.00601	0.00919	0.01281	0.01689	0.03892	0.70351	0.10267	0.02028	0.00835	0.00263	0.00378	0.01830	0.00611	0.00537
44	0.74571	0.01282	0.01061	0.01014	0.04531	0.01456	0.00775	0.01928	0.01148	0.02884	0.00942	0.01107	0.00739	0.00605	0.00422	0.00199	0.00521	0.00368	0.00403	0.04045
45	0.01065	0.03845	0.00930	0.00826	0.00979	0.00749	0.00607	0.01239	0.01267	0.04962	0.05151	0.08697	0.17811	0.18393	0.18671	0.00498	0.00762	0.00974	0.11999	0.00576
46	0.01401	0.01305	0.03802	0.16553	0.21618	0.02979	0.01400	0.08830	0.04771	0.02157	0.04946	0.04964	0.11530	0.01372	0.09204	0.00308	0.00817	0.00779	0.00436	0.00827
47	0.01729	0.17596	0.28325	0.01488	0.02114	0.09027	0.01569	0.06530	0.04233	0.07998	0.01477	0.01660	0.02957	0.03308	0.00743	0.00204	0.03915	0.00524	0.00387	0.04215
48	0.01790	0.14797	0.11238	0.01796	0.12667	0.08489	0.01409	0.17369	0.03304	0.02430	0.03548	0.04183	0.01346	0.00764	0.00645	0.00186	0.02551	0.02776	0.00431	0.08281
49	0.04118	0.18043	0.04004	0.01884	0.14546	0.16964	0.03640	0.06666	0.07600	0.02075	0.04206	0.01658	0.01271	0.02870	0.00752	0.00198	0.05092	0.00542	0.00390	0.03482
50	0.24348	0.06963	0.04227	0.07341	0.07258	0.09658	0.07357	0.07782	0.03898	0.02437	0.04877	0.01591	0.01202	0.00689	0.00611	0.00195	0.02856	0.00530	0.02045	0.04135
51	0.06377	0.04703	0.08536	0.13263	0.02414	0.06202	0.08478	0.15272	0.06982	0.07764	0.08598	0.02237	0.01715	0.00813	0.00663	0.00209	0.00755	0.03637	0.00498	0.00885

[dist]
# distance from previous block
# <min> <max>
2	56

[block]
# block no. 1 follows, 33 sequences, length 38
# corresponding to MSA columns:
# 652-689
name=unknown_B
#
# <colnr> <probs for GDERKNQSTAVLIFYWHMCP>
#	G	D	E	R	K	N	Q	S	T	A	V	L	I	F	Y	W	H	M	C	P
0	0.04806	0.01928	0.19972	0.05132	0.17576	0.05686	0.04343	0.07781	0.06052	0.02284	0.04117	0.09998	0.03635	0.00863	0.00662	0.00209	0.00754	0.00744	0.02568	0.00887
1	0.05390	0.06716	0.01969	0.06102	0.10191	0.08657	0.08090	0.08745	0.12449	0.04009	0.08945	0.05403	0.03501	0.00829	0.00648	0.00197	0.00696	0.00713	0.00487	0.06262
2	0.05016	0.06930	0.18018	0.01840	0.11892	0.05781	0.04330	0.12873	0.09912	0.04891	0.03407	0.01836	0.01315	0.05021	0.00776	0.00220	0.00766	0.00589	0.00443	0.04143
3	0.04673	0.09998	0.10884	0.04287	0.09916	0.16780	0.01396	0.13370	0.07836	0.06884	0.04327	0.03934	0.01379	0.00760	0.00618	0.00193	0.00799	0.00590	0.00459	0.00918
4	0.16842	0.18482	0.10195	0.01254	0.01753	0.07266	0.01153	0.13361	0.09689	0.02491	0.01368	0.01552	0.01098	0.03860	0.00650	0.00201	0.00691	0.00494	0.03203	0.04397
5	0.08398	0.09703	0.04949	0.06782	0.04750	0.04035	0.32471	0.06181	0.03654	0.02184	0.01272	0.01611	0.00996	0.00767	0.03230	0.00233	0.03634	0.00621	0.00361	0.04168
6	0.00961	0.00681	0.00902	0.00911	0.01013	0.00732	0.00672	0.01140	0.01126	0.01588	0.02417	0.03644	0.08302	0.22327	0.39323	0.00758	0.01163	0.04973	0.06827	0.00540
7	0.01144	0.00572	0.00858	0.00858	0.00858	0.00572	0.00572	0.00858	0.00858	0.01144	0.01144	0.02001	0.01144	0.02287	0.02573	0.80846	0.00572	0.00572	0.00286	0.00286
8	0.00801	0.00576	0.00761	0.00908	0.00953	0.00535	0.00607	0.00918	0.01268	0.01684	0.03731	0.74080	0.06642	0.02049	0.00838	0.00266	0.00380	0.01855	0.00611	0.00535
9	0.01716	0.61918	0.14985	0.01275	0.01896	0.05424	0.01349	0.02018	0.01368	0.01640	0.00964	0.01117	0.00843	0.00578	0.00463	0.00153	0.00769	0.00377	0.00283	0.00863
10	0.01566	0.01471	0.05496	0.01336	0.01724	0.01557	0.01090	0.03249	0.62661	0.02680	0.05503	0.04682	0.02186	0.00931	0.00677	0.00223	0.00534	0.00781	0.00648	0.01006
11	0.00800	0.00580	0.00756	0.00897	0.00950	0.00536	0.00602	0.00919	0.01280	0.01688	0.03873	0.70790	0.09840	0.02031	0.00835	0.00264	0.00378	0.01833	0.00611	0.00536
12	0.00959	0.00697	0.00985	0.03347	0.01158	0.00784	0.00739	0.01145	0.01061	0.01511	0.01892	0.05478	0.01886	0.21039	0.50690	0.00878	0.01382	0.00796	0.03025	0.00548
13	0.00894	0.00671	0.00828	0.00789	0.00961	0.00605	0.00592	0.01170	0.01775	0.02431	0.56447	0.05262	0.22305	0.01424	0.00777	0.00211	0.00316	0.01239	0.00697	0.00605
14	0.01227	0.00614	0.00614	0.00614	0.00767	0.00614	0.00460	0.01534	0.01381	0.02454	0.02148	0.02454	0.01687	0.00767	0.00460	0.00153	0.00307	0.00614	0.80518	0.00614
15	0.01320	0.03405	0.73453	0.01876	0.02849	0.01529	0.02432	0.02085	0.01390	0.02085	0.01181	0.01390	0.00834	0.00625	0.00625	0.00208	0.00973	0.00486	0.00278	0.00973
16	0.00941	0.00702	0.01043	0.01043	0.01155	0.00815	0.00804	0.01166	0.01054	0.01517	0.01777	0.02662	0.01679	0.08107	0.71131	0.01040	0.01714	0.00716	0.00355	0.00579
17	0.01227	0.00614	0.00614	0.00614	0.00767	0.00614	0.00460	0.01534	0.01381	0.02454	0.02148	0.02454	0.01687	0.00767	0.00460	0.00153	0.00307	0.00614	0.80518	0.00614
18	0.00957	0.00638	0.00718	0.00718	0.00718	0.00638	0.00399	0.00957	0.00957	0.01276	0.02074	0.04308	0.02393	0.76864	0.03351	0.00638	0.00638	0.00957	0.00399	0.00399
19	0.01597	0.01531	0.02614	0.10025	0.67026	0.01556	0.02004	0.01992	0.01484	0.02111	0.01233	0.01640	0.01029	0.00593	0.00652	0.00198	0.00790	0.00586	0.00323	0.01017
20	0.00940	0.00705	0.01058	0.01058	0.01176	0.00823	0.00823	0.01176	0.01058	0.01528	0.01763	0.02586	0.01646	0.04937	0.74255	0.01058	0.01763	0.00705	0.00353	0.00588
21	0.01592	0.01274	0.01388	0.01250	0.01584	0.01456	0.00975	0.05813	0.52748	0.04545	0.02479	0.02430	0.01893	0.01362	0.09489	0.00316	0.00662	0.00721	0.07065	0.00958
22	0.01825	0.64676	0.06113	0.01199	0.01762	0.05467	0.01183	0.04043	0.03259	0.03852	0.01046	0.01163	0.00907	0.00593	0.00458	0.00150	0.00727	0.00387	0.00321	0.00868
23	0.01639	0.24707	0.06930	0.07379	0.05012	0.15278	0.06218	0.04598	0.01607	0.01924	0.10012	0.02209	0.08286	0.00802	0.00606	0.00183	0.00778	0.00640	0.00397	0.00797
24	0.09343	0.05112	0.18368	0.11260	0.06088	0.03896	0.04688	0.04103	0.03897	0.12497	0.01513	0.04585	0.01169	0.00705	0.00608	0.00194	0.00745	0.00579	0.00428	0.10219
25	0.01792	0.26393	0.20415	0.01586	0.04941	0.04243	0.05512	0.06728	0.07793	0.09737	0.03866	0.01627	0.01249	0.00681	0.00584	0.00186	0.00771	0.00535	0.00419	0.00942
26	0.01569	0.08122	0.29906	0.10474	0.08276	0.04613	0.04190	0.11231	0.01648	0.02260	0.03206	0.01789	0.01167	0.00721	0.00680	0.00204	0.03041	0.03197	0.00368	0.03340
27	0.00855	0.00598	0.00760	0.00860	0.00889	0.00577	0.00552	0.00938	0.01159	0.01550	0.03080	0.51444	0.03651	0.25428	0.04163	0.00410	0.00509	0.01547	0.00536	0.00494
28	0.01342	0.01109	0.05977	0.04542	0.11199	0.00940	0.05532	0.01666	0.01606	0.11291	0.19577	0.08119	0.16677	0.01149	0.00727	0.00214	0.00542	0.03315	0.03707	0.00768
29	0.15321	0.09753	0.05066	0.01518	0.06586	0.03159	0.07814	0.08632	0.05357	0.16199	0.03469	0.09038	0.01638	0.00864	0.00627	0.00207	0.00660	0.02677	0.00523	0.00892
30	0.01440	0.01440	0.02016	0.01728	0.01728	0.02016	0.01440	0.01584	0.01008	0.01584	0.00864	0.01440	0.00864	0.01152	0.02160	0.00288	0.75659	0.00576	0.00288	0.00720
31	0.01699	0.08195	0.13095	0.01200	0.01659	0.01247	0.01124	0.08599	0.08746	0.17331	0.21956	0.02981	0.07446	0.00973	0.00675	0.00202	0.00566	0.00804	0.00613	0.00887
32	0.04432	0.01522	0.07143	0.04412	0.15052	0.03313	0.05333	0.10216	0.01709	0.19701	0.01759	0.06811	0.01387	0.00806	0.00736	0.00203	0.05148	0.00672	0.03197	0.06446
33	0.01348	0.01185	0.01608	0.04516	0.06229	0.05787	0.07960	0.03316	0.01490	0.03962	0.16695	0.07124	0.05974	0.05480	0.03407	0.00270	0.14089	0.00864	0.07985	0.00710
34	0.01227	0.00614	0.00614	0.00614	0.00767	0.00614	0.00460	0.01534	0.01381	0.02454	0.02148	0.02454	0.01687	0.00767	0.00460	0.00153	0.00307	0.00614	0.80518	0.00614
35	0.01469	0.01455	0.04915	0.20234	0.10687	0.04209	0.07402	0.05955	0.10638	0.02156	0.01733	0.06843	0.03430	0.00771	0.00650	0.00195	0.00728	0.00687	0.00420	0.15424
36	0.00994	0.00743	0.01002	0.03626	0.01125	0.00845	0.00707	0.01122	0.01018	0.01422	0.01822	0.03268	0.01907	0.37592	0.33949	0.00781	0.06388	0.00808	0.00367	0.00515
37	0.01615	0.01525	0.02728	0.13840	0.48738	0.01543	0.13267	0.02035	0.01498	0.04924	0.01299	0.01696	0.01036	0.00601	0.00674	0.00204	0.00841	0.00621	0.00342	0.00976

[dist]
# distance from previous block
# <min> <max>
1	2

[block]
# block no. 2 follows, 33 sequences, length 60
# corresponding to MSA columns:
# 692-751
name=unknown_C
#
# <colnr> <probs for GDERKNQSTAVLIFYWHMCP>
#	G	D	E	R	K	N	Q	S	T	A	V	L	I	F	Y	W	H	M	C	P
0	0.01522	0.01415	0.02277	0.25477	0.36754	0.01590	0.01801	0.05577	0.01463	0.02051	0.01214	0.01664	0.00991	0.00697	0.00842	0.00214	0.10381	0.00586	0.02585	0.00898
1	0.05680	0.01170	0.01422	0.01105	0.01582	0.01050	0.00892	0.10902	0.01812	0.31535	0.06766	0.06435	0.01805	0.00817	0.00617	0.00176	0.00530	0.00668	0.00634	0.24401
2	0.01312	0.01114	0.01308	0.00970	0.01503	0.00845	0.00764	0.01588	0.01355	0.02101	0.01402	0.08439	0.01293	0.00636	0.00521	0.00114	0.00478	0.00530	0.00411	0.73317
3	0.81514	0.01273	0.00968	0.00866	0.01273	0.01477	0.00713	0.01935	0.01120	0.02954	0.00917	0.01069	0.00713	0.00611	0.00407	0.00204	0.00509	0.00356	0.00407	0.00713
4	0.01358	0.01287	0.02182	0.54127	0.24792	0.01493	0.01885	0.01783	0.01371	0.01821	0.01190	0.01718	0.00927	0.00637	0.00656	0.00212	0.00849	0.00586	0.00302	0.00824
5	0.00896	0.00679	0.00736	0.00745	0.00953	0.00580	0.00558	0.01064	0.01486	0.05216	0.05936	0.16012	0.57146	0.01687	0.00786	0.00231	0.00361	0.03727	0.00621	0.00582
6	0.01537	0.01492	0.02660	0.03460	0.52474	0.01476	0.12990	0.01942	0.01506	0.02129	0.03852	0.02133	0.01392	0.00826	0.03182	0.00236	0.00842	0.04548	0.00358	0.00963
7	0.00940	0.00705	0.01058	0.01058	0.01176	0.00823	0.00823	0.01176	0.01058	0.01528	0.01763	0.02586	0.01646	0.04937	0.74255	0.01058	0.01763	0.00705	0.00353	0.00588
8	0.01435	0.01272	0.02114	0.24812	0.37453	0.01350	0.01712	0.01800	0.01433	0.04486	0.01667	0.10127	0.01546	0.00854	0.00691	0.00218	0.00748	0.05032	0.00382	0.00869
9	0.08720	0.01769	0.01862	0.01451	0.01958	0.01969	0.01194	0.60524	0.07621	0.03959	0.01603	0.01600	0.01148	0.00783	0.00639	0.00200	0.00693	0.00584	0.00639	0.01082
10	0.01429	0.01210	0.01399	0.01012	0.01588	0.00956	0.00810	0.05118	0.03334	0.02261	0.01231	0.01405	0.01010	0.00513	0.00501	0.00106	0.00500	0.00410	0.00411	0.74797
11	0.01460	0.10178	0.38881	0.02211	0.14804	0.01629	0.09921	0.03916	0.03087	0.02097	0.01345	0.05091	0.01095	0.00684	0.00639	0.00204	0.00883	0.00599	0.00329	0.00947
12	0.00912	0.00682	0.00975	0.00995	0.01103	0.00758	0.00751	0.01115	0.01109	0.01551	0.02354	0.12490	0.06834	0.08233	0.55945	0.00876	0.01427	0.00916	0.00406	0.00569
13	0.01785	0.01486	0.01663	0.01415	0.01823	0.01682	0.04258	0.16181	0.52919	0.02981	0.02390	0.02257	0.01782	0.00854	0.00666	0.00216	0.00580	0.00712	0.03315	0.01035
14	0.00784	0.00667	0.00675	0.00673	0.00893	0.00558	0.00505	0.00956	0.01515	0.01812	0.09253	0.06280	0.69885	0.01655	0.00778	0.00222	0.00333	0.01382	0.00616	0.00558
15	0.01258	0.01186	0.02002	0.72482	0.07215	0.01467	0.01836	0.01695	0.01324	0.01700	0.01173	0.01750	0.00884	0.00655	0.00658	0.00218	0.00874	0.00585	0.00294	0.00744
16	0.01322	0.01251	0.02118	0.60671	0.18526	0.01483	0.01868	0.01751	0.01354	0.01778	0.01184	0.01729	0.00911	0.00643	0.00657	0.00214	0.00858	0.00585	0.00299	0.00795
17	0.00924	0.00673	0.00869	0.00820	0.00979	0.00618	0.00615	0.01228	0.01846	0.02597	0.69155	0.04988	0.09493	0.01362	0.00777	0.00208	0.00312	0.01200	0.00719	0.00618
18	0.01651	0.01551	0.02526	0.07418	0.57621	0.01634	0.01903	0.06649	0.01552	0.02209	0.01223	0.01615	0.01022	0.00658	0.00795	0.00206	0.07838	0.00586	0.00343	0.01001
19	0.81514	0.01273	0.00968	0.00866	0.01273	0.01477	0.00713	0.01935	0.01120	0.02954	0.00917	0.01069	0.00713	0.00611	0.00407	0.00204	0.00509	0.00356	0.00407	0.00713
20	0.01933	0.01512	0.01897	0.05370	0.09658	0.01653	0.04420	0.37363	0.08308	0.03100	0.03619	0.01976	0.01408	0.03761	0.07969	0.03084	0.00820	0.00652	0.00541	0.00956
21	0.01570	0.01517	0.02626	0.14242	0.59834	0.01554	0.05049	0.01976	0.01475	0.02081	0.01233	0.01654	0.01017	0.00595	0.00658	0.00200	0.00810	0.00595	0.00321	0.00991
22	0.01376	0.01438	0.04952	0.01656	0.01711	0.01855	0.01410	0.01558	0.01030	0.01599	0.00983	0.01573	0.00955	0.01574	0.10565	0.00375	0.63790	0.00587	0.00295	0.00715
23	0.01422	0.01930	0.20685	0.12448	0.11424	0.01490	0.16753	0.02178	0.13204	0.02132	0.01619	0.06271	0.01317	0.00737	0.00682	0.00214	0.00838	0.00700	0.00388	0.03567
24	0.00890	0.00691	0.00829	0.00955	0.01018	0.03069	0.00649	0.01072	0.03718	0.01741	0.05344	0.69431	0.04204	0.01956	0.00824	0.00261	0.00412	0.01766	0.00607	0.00562
25	0.00951	0.00638	0.00731	0.00737	0.00742	0.00641	0.00421	0.00963	0.00972	0.01300	0.02119	0.06824	0.02438	0.71710	0.05708	0.00639	0.00668	0.00981	0.00405	0.00410
26	0.01227	0.00614	0.00614	0.00614	0.00767	0.00614	0.00460	0.01534	0.01381	0.02454	0.02148	0.02454	0.01687	0.00767	0.00460	0.00153	0.00307	0.00614	0.80518	0.00614
27	0.01554	0.01776	0.03885	0.02775	0.03441	0.01665	0.70366	0.02109	0.01554	0.02109	0.01332	0.01776	0.00999	0.00555	0.00777	0.00222	0.01110	0.00777	0.00333	0.00888
28	0.01268	0.00698	0.00655	0.00650	0.00809	0.03063	0.00487	0.01570	0.01397	0.02426	0.02110	0.02412	0.01659	0.00764	0.00465	0.00154	0.00336	0.00607	0.77851	0.00619
29	0.00828	0.00591	0.00793	0.00946	0.00995	0.00557	0.00656	0.00961	0.01286	0.01709	0.03614	0.69585	0.04298	0.02038	0.00847	0.00271	0.00404	0.08468	0.00611	0.00542
30	0.01227	0.00614	0.00614	0.00614	0.00767	0.00614	0.00460	0.01534	0.01381	0.02454	0.02148	0.02454	0.01687	0.00767	0.00460	0.00153	0.00307	0.00614	0.80518	0.00614
31	0.00802	0.00573	0.00764	0.00917	0.00955	0.00535	0.00611	0.00917	0.01260	0.01681	0.03628	0.76434	0.04354	0.02062	0.00840	0.00267	0.00382	0.01872	0.00611	0.00535
32	0.00957	0.00638	0.00718	0.00718	0.00718	0.00638	0.00399	0.00957	0.00957	0.01276	0.02074	0.04308	0.02393	0.76864	0.03351	0.00638	0.00638	0.00957	0.00399	0.00399
33	0.01637	0.01414	0.01489	0.01340	0.01712	0.01637	0.01042	0.03498	0.71568	0.02754	0.02679	0.02456	0.02010	0.00893	0.00670	0.00223	0.00521	0.00744	0.00670	0.01042
34	0.01629	0.01564	0.02672	0.04041	0.72757	0.01564	0.02020	0.02020	0.01499	0.02151	0.01238	0.01629	0.01043	0.00587	0.00652	0.00196	0.00782	0.00587	0.00326	0.01043
35	0.00802	0.00573	0.00764	0.00917	0.00955	0.00535	0.00611	0.00917	0.01260	0.01681	0.03628	0.76434	0.04354	0.02062	0.00840	0.00267	0.00382	0.01872	0.00611	0.00535
36	0.00955	0.00648	0.00766	0.00766	0.00783	0.00665	0.00459	0.00988	0.00972	0.01312	0.02030	0.04063	0.02287	0.66623	0.13446	0.00698	0.00798	0.00921	0.00392	0.00426
37	0.00802	0.00573	0.00764	0.00917	0.00955	0.00535	0.00611	0.00917	0.01260	0.01681	0.03628	0.76434	0.04354	0.02062	0.00840	0.00267	0.00382	0.01872	0.00611	0.00535
38	0.01760	0.77260	0.03450	0.01126	0.01690	0.02605	0.01126	0.01971	0.01338	0.01549	0.00915	0.01056	0.00845	0.00563	0.00422	0.00141	0.00704	0.00352	0.00282	0.00845
39	0.02427	0.06554	0.01939	0.01670	0.02019	0.70920	0.01265	0.02598	0.01841	0.01608	0.01013	0.01181	0.00848	0.00673	0.00586	0.00168	0.01165	0.00421	0.00337	0.00767
40	0.01629	0.01564	0.02672	0.04041	0.72757	0.01564	0.02020	0.02020	0.01499	0.02151	0.01238	0.01629	0.01043	0.00587	0.00652	0.00196	0.00782	0.00587	0.00326	0.01043
41	0.02503	0.01844	0.01976	0.01515	0.02042	0.02042	0.01251	0.70562	0.03095	0.04149	0.01581	0.01581	0.01120	0.00790	0.00659	0.00198	0.00724	0.00593	0.00659	0.01120
42	0.01017	0.00733	0.00999	0.01093	0.01249	0.00715	0.00927	0.01316	0.01602	0.02129	0.20798	0.06754	0.07324	0.01694	0.00871	0.00276	0.00521	0.48740	0.00636	0.00608
43	0.00941	0.00702	0.01040	0.01040	0.01152	0.00813	0.00801	0.01164	0.01053	0.01515	0.01780	0.02676	0.01685	0.08675	0.70570	0.01036	0.01705	0.00718	0.00355	0.00578
44	0.00957	0.00638	0.00718	0.00718	0.00718	0.00638	0.00399	0.00957	0.00957	0.01276	0.02074	0.04308	0.02393	0.76864	0.03351	0.00638	0.00638	0.00957	0.00399	0.00399
45	0.01566	0.01500	0.02558	0.15688	0.61603	0.01548	0.01989	0.01965	0.01469	0.02074	0.01227	0.01650	0.01016	0.00598	0.00653	0.00199	0.00798	0.00586	0.00320	0.00992
46	0.00916	0.00668	0.00866	0.00862	0.01008	0.00618	0.00651	0.01190	0.01729	0.02393	0.52443	0.14000	0.11027	0.01502	0.00797	0.00224	0.00348	0.07464	0.00691	0.00604
47	0.01744	0.43997	0.10700	0.01526	0.08576	0.04104	0.01330	0.02248	0.10367	0.05145	0.01290	0.01395	0.01052	0.00627	0.00516	0.00166	0.00717	0.00457	0.00365	0.03676
48	0.04007	0.01798	0.02147	0.01783	0.01973	0.14230	0.08377	0.08671	0.01420	0.01936	0.01010	0.01435	0.00896	0.00960	0.01555	0.00250	0.45861	0.00566	0.00341	0.00784
49	0.00942	0.00699	0.01026	0.01026	0.01132	0.00805	0.00783	0.01155	0.01048	0.01504	0.01793	0.02750	0.01717	0.11769	0.67521	0.01018	0.01656	0.00729	0.00357	0.00570
50	0.01495	0.32732	0.45656	0.01579	0.02389	0.01956	0.01914	0.02040	0.01369	0.01872	0.01076	0.01257	0.00838	0.00601	0.00545	0.00182	0.00866	0.00433	0.00279	0.00922
51	0.00957	0.00638	0.00718	0.00718	0.00718	0.00638	0.00399	0.00957	0.00957	0.01276	0.02074	0.04308	0.02393	0.76864	0.03351	0.00638	0.00638	0.00957	0.00399	0.00399
52	0.00941	0.00702	0.01044	0.01044	0.01156	0.00815	0.00805	0.01166	0.01054	0.01518	0.01777	0.02660	0.01678	0.08006	0.71230	0.01040	0.01715	0.00716	0.00355	0.00580
53	0.00802	0.00670	0.00700	0.00699	0.00912	0.00568	0.00528	0.00988	0.01539	0.01874	0.13486	0.06217	0.63640	0.01638	0.00781	0.00223	0.00339	0.03209	0.00623	0.00564
54	0.01131	0.00696	0.00899	0.00883	0.01053	0.00629	0.00648	0.01351	0.01620	0.11347	0.32330	0.28824	0.12941	0.01557	0.00783	0.00229	0.00370	0.01375	0.00685	0.00649
55	0.00940	0.00705	0.01058	0.01058	0.01176	0.00823	0.00823	0.01176	0.01058	0.01528	0.01763	0.02586	0.01646	0.04937	0.74255	0.01058	0.01763	0.00705	0.00353	0.00588
56	0.01588	0.06545	0.45897	0.04018	0.08128	0.06228	0.06802	0.06820	0.01569	0.04572	0.01248	0.01457	0.00911	0.00636	0.00630	0.00202	0.00934	0.00520	0.00334	0.00961
57	0.01848	0.01754	0.01546	0.01388	0.01754	0.17472	0.01071	0.03210	0.50845	0.05622	0.02445	0.02298	0.04088	0.00868	0.00656	0.00211	0.00662	0.00692	0.00602	0.00968
58	0.39523	0.01853	0.05621	0.01490	0.04378	0.16580	0.09872	0.04817	0.03385	0.02488	0.01187	0.03932	0.00976	0.00684	0.00546	0.00201	0.00766	0.00513	0.00398	0.00791
59	0.09361	0.03934	0.03844	0.01539	0.03824	0.07860	0.04143	0.35590	0.14999	0.03223	0.01692	0.04141	0.01307	0.00799	0.00636	0.00202	0.00719	0.00625	0.00566	0.00996

[dist]
# distance from previous block
# <min> <max>
0	5

[block]
# block no. 3 follows, 33 sequences, length 117
# corresponding to MSA columns:
# 757-873
name=unknown_D
#
# <colnr> <probs for GDERKNQSTAVLIFYWHMCP>
#	G	D	E	R	K	N	Q	S	T	A	V	L	I	F	Y	W	H	M	C	P
0	0.01783	0.01817	0.03180	0.05849	0.01949	0.18740	0.01188	0.02827	0.36625	0.03808	0.01917	0.02007	0.01499	0.03043	0.00880	0.00225	0.08594	0.00631	0.00509	0.02930
1	0.01541	0.01587	0.05920	0.03476	0.58834	0.03286	0.01845	0.01926	0.01524	0.02138	0.05665	0.02093	0.05847	0.00703	0.00664	0.00198	0.00746	0.00663	0.00365	0.00977
2	0.01365	0.01170	0.01365	0.00975	0.01560	0.00878	0.00780	0.01658	0.01365	0.02145	0.01170	0.01365	0.00975	0.00488	0.00488	0.00098	0.00488	0.00390	0.00390	0.80888
3	0.01007	0.00723	0.00996	0.01143	0.01278	0.00713	0.00965	0.01273	0.01471	0.01914	0.03621	0.19167	0.06277	0.01855	0.00893	0.00294	0.00558	0.54652	0.00607	0.00592
4	0.46471	0.01205	0.01217	0.01002	0.01455	0.01250	0.00827	0.02503	0.01461	0.34294	0.01666	0.01592	0.01122	0.00702	0.00521	0.00204	0.00532	0.00493	0.00589	0.00895
5	0.00957	0.00642	0.00735	0.00735	0.00740	0.00647	0.00420	0.00968	0.00962	0.01289	0.02059	0.04224	0.02357	0.73346	0.06819	0.00659	0.00693	0.00945	0.00397	0.00408
6	0.00957	0.00638	0.00718	0.00718	0.00718	0.00638	0.00399	0.00957	0.00957	0.01276	0.02074	0.04308	0.02393	0.76864	0.03351	0.00638	0.00638	0.00957	0.00399	0.00399
7	0.02503	0.01844	0.01976	0.01515	0.02042	0.02042	0.01251	0.70562	0.03095	0.04149	0.01581	0.01581	0.01120	0.00790	0.00659	0.00198	0.00724	0.00593	0.00659	0.01120
8	0.01629	0.01564	0.02672	0.04041	0.72757	0.01564	0.02020	0.02020	0.01499	0.02151	0.01238	0.01629	0.01043	0.00587	0.00652	0.00196	0.00782	0.00587	0.00326	0.01043
9	0.01741	0.74041	0.06500	0.01159	0.01740	0.02558	0.01183	0.01976	0.01340	0.01572	0.00927	0.01071	0.00844	0.00566	0.00431	0.00144	0.00716	0.00358	0.00281	0.00850
10	0.00851	0.00656	0.00876	0.00952	0.01052	0.00613	0.02930	0.01047	0.03655	0.01747	0.04018	0.59998	0.15325	0.01909	0.00822	0.00257	0.00403	0.01718	0.00604	0.00567
11	0.00969	0.00748	0.00932	0.00913	0.01082	0.00751	0.00686	0.01387	0.09230	0.02169	0.31210	0.13042	0.15953	0.02150	0.15344	0.00387	0.00634	0.01161	0.00612	0.00639
12	0.02503	0.01844	0.01976	0.01515	0.02042	0.02042	0.01251	0.70562	0.03095	0.04149	0.01581	0.01581	0.01120	0.00790	0.00659	0.00198	0.00724	0.00593	0.00659	0.01120
13	0.00943	0.00696	0.01009	0.01009	0.01109	0.00796	0.00761	0.01144	0.01043	0.01492	0.01808	0.02836	0.01754	0.15371	0.63969	0.00997	0.01600	0.00742	0.00359	0.00560
14	0.01868	0.03844	0.02628	0.02017	0.02431	0.22045	0.27577	0.05142	0.01599	0.05396	0.01266	0.01650	0.01027	0.02944	0.03449	0.00253	0.13050	0.00624	0.00366	0.00823
15	0.01498	0.01725	0.07842	0.16361	0.18796	0.01597	0.38282	0.02009	0.01487	0.02038	0.01272	0.01715	0.00975	0.00586	0.00718	0.00215	0.00986	0.00681	0.00320	0.00899
16	0.02347	0.02956	0.01832	0.01666	0.01982	0.67972	0.01256	0.02519	0.01795	0.01606	0.01048	0.01265	0.00888	0.00904	0.04254	0.00217	0.03958	0.00443	0.00338	0.00753
17	0.02459	0.03138	0.01866	0.01696	0.02035	0.74221	0.01272	0.02629	0.01866	0.01611	0.01018	0.01187	0.00848	0.00678	0.00594	0.00170	0.01187	0.00424	0.00339	0.00763
18	0.00802	0.00573	0.00764	0.00917	0.00955	0.00535	0.00611	0.00917	0.01260	0.01681	0.03628	0.76434	0.04354	0.02062	0.00840	0.00267	0.00382	0.01872	0.00611	0.00535
19	0.02954	0.01120	0.01528	0.01171	0.01681	0.00968	0.00968	0.03208	0.01884	0.73213	0.02597	0.02241	0.01630	0.00815	0.00662	0.00204	0.00560	0.00662	0.00815	0.01120
20	0.01227	0.00614	0.00614	0.00614	0.00767	0.00614	0.00460	0.01534	0.01381	0.02454	0.02148	0.02454	0.01687	0.00767	0.00460	0.00153	0.00307	0.00614	0.80518	0.00614
21	0.00791	0.00667	0.00685	0.00680	0.00897	0.00561	0.00510	0.00970	0.01531	0.01850	0.12138	0.06218	0.66976	0.01641	0.00778	0.00221	0.00332	0.01373	0.00621	0.00561
22	0.00802	0.00573	0.00764	0.00917	0.00955	0.00535	0.00611	0.00917	0.01260	0.01681	0.03628	0.76434	0.04354	0.02062	0.00840	0.00267	0.00382	0.01872	0.00611	0.00535
23	0.01271	0.01045	0.01165	0.01069	0.01340	0.01126	0.00821	0.02347	0.36871	0.02611	0.30790	0.03822	0.10716	0.01150	0.00723	0.00217	0.00419	0.00986	0.00686	0.00826
24	0.00922	0.00623	0.00728	0.00763	0.00772	0.00615	0.00447	0.00948	0.01026	0.01369	0.02428	0.20744	0.02840	0.59818	0.02779	0.00554	0.00580	0.01166	0.00447	0.00430
25	0.01365	0.01170	0.01365	0.00975	0.01560	0.00878	0.00780	0.01658	0.01365	0.02145	0.01170	0.01365	0.00975	0.00488	0.00488	0.00098	0.00488	0.00390	0.00390	0.80888
26	0.01365	0.01170	0.01365	0.00975	0.01560	0.00878	0.00780	0.01658	0.01365	0.02145	0.01170	0.01365	0.00975	0.00488	0.00488	0.00098	0.00488	0.00390	0.00390	0.80888
27	0.00940	0.00705	0.01058	0.01058	0.01176	0.00823	0.00823	0.01176	0.01058	0.01528	0.01763	0.02586	0.01646	0.04937	0.74255	0.01058	0.01763	0.00705	0.00353	0.00588
28	0.01554	0.01776	0.03885	0.02775	0.03441	0.01665	0.70366	0.02109	0.01554	0.02109	0.01332	0.01776	0.00999	0.00555	0.00777	0.00222	0.01110	0.00777	0.00333	0.00888
29	0.01286	0.01214	0.02052	0.67331	0.12148	0.01474	0.01850	0.01720	0.01337	0.01734	0.01178	0.01741	0.00896	0.00650	0.00657	0.00217	0.00867	0.00585	0.00296	0.00766
30	0.01272	0.01189	0.02026	0.51027	0.14218	0.01375	0.05071	0.01677	0.01363	0.01790	0.01513	0.07716	0.01345	0.00818	0.00692	0.00225	0.00821	0.04756	0.00342	0.00763
31	0.26390	0.01533	0.01998	0.21544	0.11865	0.07832	0.10492	0.03625	0.01387	0.02244	0.01104	0.01460	0.00867	0.00650	0.00663	0.00210	0.04462	0.00526	0.00351	0.00799
32	0.00808	0.00578	0.00770	0.00912	0.00956	0.00539	0.00612	0.00933	0.01290	0.01727	0.06992	0.72936	0.04445	0.02027	0.00837	0.00264	0.00378	0.01838	0.00617	0.00539
33	0.78752	0.01268	0.00987	0.00876	0.01287	0.01459	0.00722	0.01980	0.01147	0.05424	0.00976	0.01111	0.00745	0.00618	0.00416	0.00204	0.00511	0.00367	0.00422	0.00727
34	0.01746	0.01432	0.01528	0.01340	0.01716	0.01627	0.01049	0.17203	0.51361	0.02952	0.02532	0.08577	0.02025	0.00971	0.00682	0.00222	0.00551	0.00809	0.00663	0.01015
35	0.00812	0.00589	0.00769	0.00897	0.00952	0.00554	0.00605	0.00933	0.01260	0.01667	0.03729	0.64789	0.09626	0.04666	0.04510	0.00315	0.00454	0.01745	0.00591	0.00534
36	0.00802	0.00573	0.00764	0.00917	0.00955	0.00535	0.00611	0.00917	0.01260	0.01681	0.03628	0.76434	0.04354	0.02062	0.00840	0.00267	0.00382	0.01872	0.00611	0.00535
37	0.00846	0.00672	0.00772	0.00832	0.01007	0.00598	0.00645	0.01035	0.01464	0.01806	0.05447	0.18143	0.45709	0.01767	0.00818	0.00248	0.00403	0.16614	0.00610	0.00564
38	0.01432	0.22157	0.55679	0.01686	0.02555	0.01802	0.02101	0.02056	0.01377	0.01949	0.01114	0.01305	0.00837	0.00610	0.00574	0.00191	0.00905	0.00452	0.00279	0.00940
39	0.00950	0.00635	0.00720	0.00727	0.00729	0.00633	0.00409	0.00955	0.00972	0.01295	0.02147	0.07677	0.02485	0.73370	0.03233	0.00621	0.00626	0.01000	0.00409	0.00405
40	0.02503	0.01844	0.01976	0.01515	0.02042	0.02042	0.01251	0.70562	0.03095	0.04149	0.01581	0.01581	0.01120	0.00790	0.00659	0.00198	0.00724	0.00593	0.00659	0.01120
41	0.00940	0.00705	0.01058	0.01058	0.01176	0.00823	0.00823	0.01176	0.01058	0.01528	0.01763	0.02586	0.01646	0.04937	0.74255	0.01058	0.01763	0.00705	0.00353	0.00588
42	0.01605	0.01442	0.04299	0.11361	0.46931	0.01429	0.01746	0.02017	0.03361	0.07329	0.01615	0.04149	0.03194	0.00720	0.00700	0.00204	0.02958	0.00656	0.03328	0.00957
43	0.00809	0.00590	0.00761	0.00883	0.00950	0.00543	0.00600	0.00943	0.01329	0.01758	0.08781	0.63764	0.11927	0.01969	0.00829	0.00258	0.00372	0.01771	0.00619	0.00543
44	0.02503	0.01844	0.01976	0.01515	0.02042	0.02042	0.01251	0.70562	0.03095	0.04149	0.01581	0.01581	0.01120	0.00790	0.00659	0.00198	0.00724	0.00593	0.00659	0.01120
45	0.01426	0.01396	0.02466	0.22421	0.31803	0.01451	0.14443	0.01884	0.03509	0.02028	0.04398	0.02171	0.06230	0.00714	0.00691	0.00210	0.00811	0.00706	0.00364	0.00880
46	0.01567	0.01304	0.01444	0.14114	0.01961	0.09274	0.01063	0.15205	0.01675	0.05242	0.02036	0.20749	0.02043	0.10872	0.01138	0.00278	0.05716	0.00943	0.02643	0.00733
47	0.01486	0.24874	0.41949	0.01797	0.02601	0.01867	0.12704	0.02055	0.01400	0.01931	0.01127	0.01352	0.00863	0.00596	0.00589	0.00191	0.00915	0.00492	0.00288	0.00922
48	0.50375	0.06340	0.01430	0.05627	0.01696	0.17427	0.00961	0.03994	0.01361	0.02498	0.00971	0.01159	0.00776	0.00644	0.00513	0.00195	0.02510	0.00397	0.00382	0.00745
49	0.00810	0.00628	0.00738	0.00795	0.00930	0.00556	0.00564	0.00975	0.01450	0.01858	0.14601	0.35619	0.34547	0.01788	0.00804	0.00239	0.00351	0.01564	0.00627	0.00556
50	0.00998	0.00752	0.00897	0.00936	0.04350	0.00674	0.00664	0.01264	0.03385	0.05546	0.23239	0.07495	0.41945	0.01488	0.00770	0.00220	0.00376	0.03726	0.00639	0.00637
51	0.02441	0.01813	0.01941	0.01502	0.02018	0.02013	0.01236	0.65764	0.07995	0.04049	0.01659	0.01643	0.01183	0.00798	0.00659	0.00199	0.00710	0.00604	0.00659	0.01114
52	0.77824	0.01300	0.01015	0.00896	0.01309	0.01503	0.00738	0.05141	0.01213	0.03010	0.00948	0.01093	0.00732	0.00619	0.00419	0.00203	0.00519	0.00368	0.00419	0.00732
53	0.01365	0.01170	0.01365	0.00975	0.01560	0.00878	0.00780	0.01658	0.01365	0.02145	0.01170	0.01365	0.00975	0.00488	0.00488	0.00098	0.00488	0.00390	0.00390	0.80888
54	0.01320	0.03405	0.73453	0.01876	0.02849	0.01529	0.02432	0.02085	0.01390	0.02085	0.01181	0.01390	0.00834	0.00625	0.00625	0.00208	0.00973	0.00486	0.00278	0.00973
55	0.01079	0.00889	0.01325	0.01200	0.01394	0.00875	0.10302	0.03116	0.09169	0.02084	0.17352	0.35316	0.03779	0.07738	0.01003	0.00273	0.00512	0.01348	0.00586	0.00660
56	0.01365	0.01170	0.01365	0.00975	0.01560	0.00878	0.00780	0.01658	0.01365	0.02145	0.01170	0.01365	0.00975	0.00488	0.00488	0.00098	0.00488	0.00390	0.00390	0.80888
57	0.00802	0.00573	0.00764	0.00917	0.00955	0.00535	0.00611	0.00917	0.01260	0.01681	0.03628	0.76434	0.04354	0.02062	0.00840	0.00267	0.00382	0.01872	0.00611	0.00535
58	0.02503	0.01844	0.01976	0.01515	0.02042	0.02042	0.01251	0.70562	0.03095	0.04149	0.01581	0.01581	0.01120	0.00790	0.00659	0.00198	0.00724	0.00593	0.00659	0.01120
59	0.01365	0.01170	0.01365	0.00975	0.01560	0.00878	0.00780	0.01658	0.01365	0.02145	0.01170	0.01365	0.00975	0.00488	0.00488	0.00098	0.00488	0.00390	0.00390	0.80888
60	0.00957	0.00638	0.00718	0.00718	0.00718	0.00638	0.00399	0.00957	0.00957	0.01276	0.02074	0.04308	0.02393	0.76864	0.03351	0.00638	0.00638	0.00957	0.00399	0.00399
61	0.81514	0.01273	0.00968	0.00866	0.01273	0.01477	0.00713	0.01935	0.01120	0.02954	0.00917	0.01069	0.00713	0.00611	0.00407	0.00204	0.00509	0.00356	0.00407	0.00713
62	0.00802	0.00573	0.00764	0.00917	0.00955	0.00535	0.00611	0.00917	0.01260	0.01681	0.03628	0.76434	0.04354	0.02062	0.00840	0.00267	0.00382	0.01872	0.00611	0.00535
63	0.00959	0.00702	0.00756	0.00723	0.00959	0.00594	0.00549	0.01149	0.01570	0.07253	0.13730	0.05868	0.59727	0.01567	0.00769	0.00219	0.00348	0.01312	0.00639	0.00606
64	0.52452	0.01417	0.01264	0.01062	0.01493	0.01613	0.00872	0.21434	0.04980	0.03265	0.01232	0.01330	0.00924	0.00681	0.00493	0.00201	0.00563	0.00451	0.03434	0.00840
65	0.00940	0.00705	0.01058	0.01058	0.01176	0.00823	0.00823	0.01176	0.01058	0.01528	0.01763	0.02586	0.01646	0.04937	0.74255	0.01058	0.01763	0.00705	0.00353	0.00588
66	0.00825	0.00602	0.00781	0.00909	0.00981	0.00558	0.00635	0.00967	0.01329	0.01748	0.06267	0.60215	0.12348	0.01972	0.00836	0.00263	0.00392	0.07210	0.00615	0.00546
67	0.01677	0.01693	0.02418	0.05627	0.56381	0.10964	0.01816	0.02021	0.01506	0.02013	0.01257	0.01707	0.01083	0.03554	0.03306	0.00239	0.00867	0.00583	0.00330	0.00958
68	0.00961	0.00714	0.01007	0.00996	0.01083	0.00816	0.00740	0.01141	0.01056	0.01503	0.03791	0.03012	0.01921	0.21407	0.53229	0.00910	0.04019	0.00773	0.00372	0.00549
69	0.01144	0.00572	0.00858	0.00858	0.00858	0.00572	0.00572	0.00858	0.00858	0.01144	0.01144	0.02001	0.01144	0.02287	0.02573	0.80846	0.00572	0.00572	0.00286	0.00286
70	0.05217	0.01766	0.01888	0.01456	0.01967	0.01946	0.01201	0.64006	0.02939	0.06379	0.01607	0.01609	0.01138	0.00784	0.00644	0.00197	0.00700	0.00587	0.02876	0.01091
71	0.01541	0.01411	0.02021	0.11192	0.12055	0.07384	0.13944	0.06576	0.06795	0.04518	0.01778	0.07076	0.01627	0.13896	0.03199	0.00311	0.00830	0.02625	0.00429	0.00793
72	0.01412	0.00970	0.01213	0.04616	0.05725	0.00950	0.00867	0.12192	0.01830	0.10776	0.18349	0.13659	0.22196	0.01302	0.00740	0.00217	0.00475	0.01115	0.00635	0.00759
73	0.00787	0.00651	0.00691	0.00716	0.00904	0.00554	0.00523	0.00950	0.01471	0.01790	0.08334	0.18424	0.58485	0.01725	0.00789	0.00230	0.00341	0.01466	0.00615	0.00554
74	0.01523	0.00747	0.00868	0.00788	0.01013	0.00718	0.00608	0.03461	0.01571	0.15733	0.11721	0.04968	0.02352	0.00983	0.02133	0.00194	0.00398	0.00740	0.48763	0.00719
75	0.01182	0.00763	0.01006	0.00993	0.01052	0.03175	0.00717	0.03436	0.01069	0.01422	0.01547	0.07904	0.01575	0.02531	0.13822	0.49607	0.03418	0.04001	0.00352	0.00429
76	0.01414	0.02255	0.30120	0.01994	0.02530	0.01704	0.17716	0.01898	0.01294	0.01926	0.01134	0.01529	0.00908	0.00798	0.01194	0.00238	0.27182	0.00589	0.02724	0.00854
77	0.00844	0.00602	0.00766	0.00874	0.00927	0.00567	0.00586	0.00957	0.01255	0.01662	0.05948	0.53400	0.08675	0.15250	0.01282	0.00329	0.00431	0.04549	0.00577	0.00518
78	0.01140	0.00863	0.00984	0.00964	0.01168	0.00880	0.00711	0.01788	0.21011	0.04543	0.14450	0.23669	0.17381	0.03978	0.00838	0.00244	0.00412	0.01247	0.03020	0.00711
79	0.01492	0.13870	0.53380	0.01811	0.04916	0.07372	0.02100	0.02149	0.03437	0.01992	0.01175	0.01365	0.00877	0.00627	0.00596	0.00196	0.00932	0.00473	0.00296	0.00942
80	0.81514	0.01273	0.00968	0.00866	0.01273	0.01477	0.00713	0.01935	0.01120	0.02954	0.00917	0.01069	0.00713	0.00611	0.00407	0.00204	0.00509	0.00356	0.00407	0.00713
81	0.01534	0.20182	0.39994	0.01653	0.02407	0.06118	0.06091	0.04561	0.01499	0.02036	0.04237	0.01484	0.01098	0.00642	0.00588	0.00187	0.00875	0.00500	0.00324	0.03989
82	0.00809	0.00576	0.00762	0.00908	0.00945	0.00539	0.00602	0.00918	0.01247	0.01663	0.03561	0.73291	0.04269	0.05322	0.00950	0.00284	0.00393	0.01832	0.00602	0.00529
83	0.02398	0.01439	0.01842	0.03751	0.03891	0.03425	0.06335	0.22576	0.06526	0.31986	0.02119	0.02225	0.01504	0.00826	0.00675	0.00207	0.00676	0.03953	0.02610	0.01036
84	0.13973	0.21671	0.04754	0.01436	0.03696	0.20312	0.01203	0.02180	0.03414	0.06267	0.01205	0.01531	0.01028	0.00759	0.00763	0.00195	0.11372	0.03059	0.00373	0.00810
85	0.01089	0.00884	0.03676	0.11426	0.06918	0.00846	0.00940	0.01315	0.01302	0.03961	0.08324	0.24627	0.02853	0.16230	0.06363	0.00368	0.00649	0.02999	0.04606	0.00624
86	0.17523	0.16899	0.12107	0.01317	0.01830	0.05281	0.01244	0.09595	0.04025	0.15896	0.01407	0.01475	0.01039	0.00719	0.00680	0.00197	0.06897	0.00492	0.00464	0.00912
87	0.09336	0.01391	0.02041	0.22596	0.24912	0.01540	0.03410	0.11107	0.06605	0.02358	0.01381	0.01742	0.01091	0.01003	0.06488	0.00274	0.00842	0.00590	0.00396	0.00895
88	0.00988	0.00681	0.00872	0.00848	0.01011	0.00621	0.00635	0.01251	0.01726	0.05455	0.49500	0.14643	0.14003	0.01476	0.00785	0.00220	0.00344	0.03621	0.00695	0.00623
