[name]
unknown

[dist]
# distance from previous block
# <min> <max>
51	206

[block]
# block no. 0 follows, 33 sequences, length 89
# corresponding to MSA columns:
# 246-334
name=unknown_A
#
# <colnr> <probs for GDERKNQSTAVLIFYWHMCP>
#	G	D	E	R	K	N	Q	S	T	A	V	L	I	F	Y	W	H	M	C	P
0	0.03602	0.05926	0.15409	0.12520	0.26112	0.04708	0.01682	0.01898	0.01422	0.03965	0.01456	0.06286	0.01293	0.03243	0.00725	0.00214	0.00780	0.02724	0.00358	0.05676
1	0.07104	0.01553	0.01918	0.04703	0.10266	0.08232	0.08791	0.15290	0.03373	0.03747	0.01415	0.01919	0.01208	0.11250	0.01092	0.00253	0.05415	0.00608	0.00431	0.11433
2	0.06351	0.15435	0.10242	0.01645	0.10096	0.05704	0.01324	0.06837	0.06102	0.03961	0.04687	0.01887	0.05493	0.00803	0.00802	0.00197	0.11088	0.00582	0.00410	0.06353
3	0.01036	0.00837	0.00968	0.00914	0.01131	0.03073	0.00665	0.01239	0.01443	0.01994	0.18788	0.28967	0.07732	0.06575	0.00903	0.00233	0.00437	0.02716	0.00561	0.19787
4	0.01348	0.01170	0.01450	0.11282	0.01973	0.00959	0.00925	0.01661	0.01358	0.02081	0.01170	0.01419	0.00962	0.00511	0.00511	0.00114	0.00542	0.00417	0.00377	0.69770
5	0.01381	0.09088	0.49462	0.11688	0.07479	0.01621	0.06286	0.02020	0.01393	0.01992	0.01170	0.01449	0.00864	0.00618	0.00624	0.00204	0.00934	0.00512	0.00287	0.00930
6	0.01085	0.00886	0.01153	0.01298	0.10532	0.00869	0.00841	0.01581	0.11377	0.02368	0.36607	0.08981	0.17274	0.01289	0.00750	0.00215	0.00411	0.01130	0.00636	0.00717
7	0.00940	0.00705	0.01058	0.01058	0.01176	0.00823	0.00823	0.01176	0.01058	0.01528	0.01763	0.02586	0.01646	0.04937	0.74255	0.01058	0.01763	0.00705	0.00353	0.00588
8	0.01359	0.01465	0.10874	0.01094	0.01730	0.00963	0.00998	0.01714	0.01368	0.02137	0.01172	0.01368	0.00956	0.00506	0.00506	0.00112	0.00552	0.00403	0.00375	0.70347
9	0.01442	0.01914	0.16157	0.02285	0.04953	0.01460	0.41990	0.01968	0.01478	0.02085	0.01416	0.06116	0.01167	0.00650	0.00709	0.00204	0.00945	0.00730	0.00347	0.11984
10	0.00982	0.00702	0.00968	0.01106	0.01227	0.00688	0.00909	0.01235	0.01470	0.01938	0.08249	0.25929	0.04108	0.01852	0.00882	0.00287	0.00525	0.45740	0.00616	0.00588
11	0.00851	0.00623	0.00810	0.00941	0.01028	0.00582	0.00686	0.01010	0.01345	0.01752	0.04022	0.52877	0.13692	0.01959	0.00845	0.00268	0.00420	0.15126	0.00610	0.00552
12	0.02407	0.00999	0.01352	0.01078	0.01492	0.00874	0.00874	0.02676	0.01879	0.54115	0.21490	0.02965	0.02870	0.00959	0.00693	0.00205	0.00493	0.00805	0.00790	0.00985
13	0.00802	0.00573	0.00764	0.00917	0.00955	0.00535	0.00611	0.00917	0.01260	0.01681	0.03628	0.76434	0.04354	0.02062	0.00840	0.00267	0.00382	0.01872	0.00611	0.00535
14	0.01523	0.01264	0.01450	0.01050	0.01627	0.01039	0.00845	0.11215	0.01605	0.02423	0.01227	0.01395	0.00995	0.00530	0.00511	0.00111	0.00520	0.00418	0.00427	0.69823
15	0.00838	0.00674	0.00754	0.00776	0.00969	0.00590	0.00598	0.01040	0.01538	0.01917	0.15186	0.10482	0.50153	0.01666	0.00799	0.00234	0.00369	0.10220	0.00626	0.00570
16	0.02372	0.01680	0.01932	0.11714	0.02352	0.01857	0.01304	0.54455	0.02731	0.10526	0.01623	0.01669	0.01136	0.00774	0.00659	0.00201	0.00730	0.00598	0.00623	0.01066
17	0.01660	0.01755	0.01967	0.48738	0.05827	0.21190	0.01649	0.06075	0.01577	0.01825	0.01156	0.01587	0.00889	0.00669	0.00641	0.00204	0.00949	0.00542	0.00328	0.00773
18	0.01243	0.01170	0.01975	0.75282	0.04534	0.01463	0.01828	0.01682	0.01316	0.01682	0.01170	0.01755	0.00878	0.00658	0.00658	0.00219	0.00878	0.00585	0.00293	0.00731
19	0.01365	0.01170	0.01365	0.00975	0.01560	0.00878	0.00780	0.01658	0.01365	0.02145	0.01170	0.01365	0.00975	0.00488	0.00488	0.00098	0.00488	0.00390	0.00390	0.80888
20	0.00802	0.00573	0.00764	0.00917	0.00955	0.00535	0.00611	0.00917	0.01260	0.01681	0.03628	0.76434	0.04354	0.02062	0.00840	0.00267	0.00382	0.01872	0.00611	0.00535
21	0.00957	0.00638	0.00718	0.00718	0.00718	0.00638	0.00399	0.00957	0.00957	0.01276	0.02074	0.04308	0.02393	0.76864	0.03351	0.00638	0.00638	0.00957	0.00399	0.00399
22	0.01365	0.01170	0.01365	0.00975	0.01560	0.00878	0.00780	0.01658	0.01365	0.02145	0.01170	0.01365	0.00975	0.00488	0.00488	0.00098	0.00488	0.00390	0.00390	0.80888
23	0.81514	0.01273	0.00968	0.00866	0.01273	0.01477	0.00713	0.01935	0.01120	0.02954	0.00917	0.01069	0.00713	0.00611	0.00407	0.00204	0.00509	0.00356	0.00407	0.00713
24	0.00955	0.00647	0.00763	0.00763	0.00778	0.00663	0.00455	0.00986	0.00971	0.01310	0.02033	0.04081	0.02295	0.67376	0.12703	0.00694	0.00787	0.00924	0.00393	0.00424
25	0.00940	0.00705	0.01058	0.01058	0.01176	0.00823	0.00823	0.01176	0.01058	0.01528	0.01763	0.02586	0.01646	0.04937	0.74255	0.01058	0.01763	0.00705	0.00353	0.00588
26	0.01744	0.01782	0.02560	0.03716	0.62947	0.11642	0.01917	0.02105	0.01550	0.02076	0.01208	0.01568	0.01016	0.00599	0.00644	0.00192	0.00838	0.00564	0.00328	0.01004
27	0.02712	0.01257	0.01581	0.01240	0.01733	0.01202	0.01015	0.12133	0.11710	0.54330	0.02475	0.02184	0.01615	0.00822	0.00663	0.00206	0.00576	0.00664	0.00774	0.01109
28	0.00910	0.00672	0.00850	0.00806	0.00970	0.00612	0.00604	0.01201	0.01813	0.02520	0.63291	0.05114	0.15405	0.01390	0.00777	0.00209	0.00314	0.01218	0.00709	0.00612
29	0.01165	0.00918	0.01081	0.00997	0.01224	0.00957	0.00760	0.01988	0.24902	0.02678	0.49363	0.04104	0.04823	0.01196	0.00741	0.00212	0.00380	0.01043	0.00707	0.00760
30	0.00798	0.00668	0.00695	0.00688	0.00902	0.00564	0.00516	0.00984	0.01548	0.01892	0.15341	0.06149	0.63748	0.01625	0.00778	0.00220	0.00330	0.01363	0.00626	0.00564
31	0.02095	0.01615	0.01906	0.01789	0.11706	0.01777	0.01282	0.45679	0.08959	0.03397	0.01659	0.01801	0.01261	0.01319	0.10366	0.00313	0.00851	0.00621	0.00573	0.01032
32	0.01864	0.62508	0.05362	0.01245	0.01784	0.14604	0.01192	0.02085	0.01428	0.01576	0.00941	0.01088	0.00845	0.00585	0.00457	0.00148	0.00794	0.00368	0.00291	0.00835
33	0.01447	0.05264	0.30989	0.01400	0.02129	0.02935	0.01509	0.05086	0.03201	0.02192	0.01217	0.01396	0.00941	0.00575	0.00556	0.00154	0.00722	0.00447	0.00358	0.37482
34	0.01603	0.03152	0.02261	0.47613	0.03767	0.03513	0.12917	0.04005	0.01498	0.11254	0.01387	0.01785	0.01002	0.00664	0.00671	0.00214	0.00874	0.00617	0.00380	0.00823
35	0.00914	0.00659	0.00864	0.00840	0.00980	0.00609	0.00620	0.01197	0.01780	0.02507	0.62869	0.14838	0.05954	0.01445	0.00785	0.00215	0.00320	0.01285	0.00709	0.00609
36	0.00984	0.00733	0.00954	0.01065	0.01235	0.00703	0.00909	0.01251	0.01511	0.01918	0.04347	0.07131	0.22380	0.01778	0.00874	0.00281	0.00532	0.50212	0.00608	0.00593
37	0.01700	0.02114	0.21663	0.03032	0.42534	0.05694	0.01983	0.02200	0.03044	0.07800	0.01350	0.01606	0.01043	0.00627	0.00642	0.00199	0.00834	0.00560	0.00360	0.01014
38	0.02781	0.01082	0.01472	0.01142	0.01621	0.00938	0.00938	0.03040	0.01882	0.67188	0.08557	0.02469	0.02021	0.00860	0.00672	0.00204	0.00539	0.00707	0.00807	0.01078
39	0.00792	0.00654	0.00695	0.00712	0.00905	0.00557	0.00524	0.00961	0.01492	0.01823	0.10669	0.15964	0.58581	0.01700	0.00787	0.00228	0.00339	0.01443	0.00619	0.00557
40	0.01523	0.01371	0.02207	0.13397	0.47948	0.01430	0.01709	0.02027	0.07092	0.02173	0.01465	0.01822	0.01182	0.00645	0.00629	0.00196	0.00712	0.00603	0.10927	0.00942
41	0.11923	0.08708	0.48390	0.11865	0.02783	0.01599	0.02018	0.02000	0.01340	0.02101	0.01124	0.01372	0.00825	0.00623	0.00585	0.00204	0.00877	0.00472	0.00297	0.00895
42	0.00987	0.00721	0.00967	0.01098	0.01244	0.00700	0.00924	0.01247	0.01480	0.01905	0.03946	0.16377	0.13393	0.01830	0.00882	0.00287	0.00539	0.50276	0.00608	0.00590
43	0.01004	0.00761	0.01079	0.01107	0.01236	0.00739	0.04896	0.05835	0.01458	0.01945	0.05471	0.55032	0.03911	0.01829	0.00832	0.00263	0.00478	0.10915	0.00601	0.00609
44	0.01584	0.35259	0.26797	0.11280	0.04815	0.02023	0.01697	0.06082	0.01463	0.01923	0.01089	0.01311	0.00868	0.00611	0.00544	0.00179	0.00822	0.00450	0.00306	0.00896
45	0.01297	0.01225	0.02071	0.65400	0.13997	0.01477	0.01855	0.01729	0.01342	0.01747	0.01180	0.01738	0.00900	0.00648	0.00657	0.00216	0.00864	0.00585	0.00297	0.00775
46	0.01799	0.02144	0.03338	0.02483	0.03060	0.21300	0.51668	0.02249	0.01638	0.01974	0.01247	0.01617	0.00958	0.00588	0.00727	0.00208	0.01131	0.00681	0.00335	0.00854
47	0.01452	0.01630	0.03460	0.02497	0.03104	0.01519	0.61151	0.01955	0.01547	0.02065	0.02036	0.02377	0.10429	0.00702	0.00777	0.00222	0.01007	0.00858	0.00370	0.00844
48	0.01331	0.01134	0.01329	0.00972	0.01524	0.00857	0.00770	0.01613	0.01359	0.02117	0.01317	0.05862	0.01177	0.00582	0.00509	0.00108	0.00481	0.00479	0.00403	0.76075
49	0.00940	0.00705	0.01058	0.01058	0.01176	0.00823	0.00823	0.01176	0.01058	0.01528	0.01763	0.02586	0.01646	0.04937	0.74255	0.01058	0.01763	0.00705	0.00353	0.00588
50	0.00816	0.00651	0.00731	0.00748	0.00922	0.00566	0.00547	0.01004	0.01534	0.01945	0.20234	0.18974	0.45668	0.01671	0.00789	0.00227	0.00337	0.01436	0.00636	0.00566
51	0.68789	0.01349	0.01120	0.00963	0.01389	0.01544	0.00793	0.11483	0.01411	0.04698	0.01047	0.01167	0.00790	0.00641	0.00448	0.00203	0.00540	0.00396	0.00451	0.00779
52	0.02673	0.01058	0.01438	0.01124	0.01584	0.00920	0.00920	0.02936	0.01881	0.63424	0.12281	0.02612	0.02265	0.00888	0.00678	0.00204	0.00526	0.00735	0.00802	0.01051
53	0.00957	0.00638	0.00718	0.00718	0.00718	0.00638	0.00399	0.00957	0.00957	0.01276	0.02074	0.04308	0.02393	0.76864	0.03351	0.00638	0.00638	0.00957	0.00399	0.00399
54	0.00929	0.00664	0.00910	0.01062	0.01156	0.00645	0.00833	0.01137	0.01386	0.01823	0.03558	0.42461	0.04076	0.01942	0.00874	0.00285	0.00492	0.34587	0.00609	0.00570
55	0.00820	0.00587	0.00780	0.00904	0.00959	0.00547	0.00613	0.00962	0.01344	0.01814	0.13169	0.66514	0.04612	0.01963	0.00831	0.00259	0.00372	0.01777	0.00627	0.00547
56	0.01609	0.01544	0.02636	0.07733	0.69221	0.01559	0.02010	0.02003	0.01490	0.02126	0.01235	0.01636	0.01034	0.00590	0.00652	0.00197	0.00787	0.00586	0.00324	0.01027
57	0.01898	0.46087	0.12718	0.01384	0.01948	0.19732	0.01348	0.04897	0.01543	0.01743	0.01004	0.01155	0.00855	0.00609	0.00501	0.00159	0.00859	0.00398	0.00310	0.00854
58	0.02336	0.01755	0.01976	0.11245	0.02370	0.01965	0.01327	0.61477	0.02861	0.03824	0.01526	0.01604	0.01088	0.00773	0.00659	0.00200	0.00745	0.00592	0.00610	0.01068
59	0.01815	0.12336	0.31237	0.01808	0.07339	0.11915	0.01763	0.16194	0.05301	0.02409	0.01284	0.01428	0.00969	0.00669	0.00606	0.00192	0.00881	0.00502	0.00388	0.00966
60	0.01508	0.01511	0.08639	0.01948	0.19159	0.05021	0.01346	0.13710	0.03656	0.02444	0.10184	0.10017	0.07043	0.01096	0.00722	0.00220	0.00661	0.09750	0.00516	0.00850
61	0.01760	0.77260	0.03450	0.01126	0.01690	0.02605	0.01126	0.01971	0.01338	0.01549	0.00915	0.01056	0.00845	0.00563	0.00422	0.00141	0.00704	0.00352	0.00282	0.00845
62	0.01558	0.01303	0.01543	0.01613	0.10952	0.01433	0.01097	0.10902	0.38242	0.02638	0.04916	0.14521	0.04269	0.01068	0.00700	0.00223	0.00545	0.00922	0.00614	0.00941
63	0.01699	0.67015	0.13160	0.01230	0.01851	0.02456	0.01308	0.01987	0.01345	0.01623	0.00952	0.01102	0.00843	0.00572	0.00451	0.00150	0.00741	0.00371	0.00281	0.00863
64	0.01396	0.00886	0.01083	0.00948	0.01207	0.00846	0.00736	0.10610	0.01964	0.12488	0.42791	0.06387	0.13497	0.01262	0.00747	0.00209	0.00405	0.01084	0.00710	0.00745
65	0.00778	0.00667	0.00667	0.00667	0.00889	0.00556	0.00500	0.00945	0.01501	0.01778	0.06669	0.06336	0.72490	0.01667	0.00778	0.00222	0.00333	0.01389	0.00611	0.00556
66	0.01621	0.13995	0.07360	0.01778	0.06054	0.01900	0.09935	0.05903	0.21756	0.02183	0.01538	0.01728	0.01231	0.00819	0.01002	0.00222	0.19031	0.00609	0.00424	0.00911
67	0.02193	0.27869	0.02459	0.01576	0.05158	0.32639	0.01253	0.15599	0.01910	0.02109	0.01103	0.01240	0.00909	0.00657	0.00551	0.00166	0.00915	0.00440	0.00381	0.00873
68	0.01217	0.01010	0.01384	0.07297	0.13502	0.01002	0.03049	0.01686	0.10396	0.05312	0.05402	0.06609	0.31518	0.01255	0.00741	0.00225	0.00532	0.06561	0.00549	0.00754
69	0.04000	0.39648	0.11340	0.03235	0.03445	0.19670	0.01349	0.05640	0.02937	0.01837	0.01054	0.01211	0.00882	0.00621	0.00515	0.00165	0.00852	0.00416	0.00326	0.00856
70	0.01450	0.20903	0.49304	0.01792	0.02635	0.01801	0.09345	0.02060	0.01395	0.01959	0.01134	0.01351	0.00854	0.00603	0.00593	0.00194	0.00923	0.00485	0.00285	0.00933
71	0.00923	0.00673	0.00867	0.00819	0.00978	0.00617	0.00614	0.01225	0.01842	0.02588	0.68472	0.05003	0.10182	0.01365	0.00777	0.00208	0.00312	0.01202	0.00718	0.00617
72	0.01209	0.01100	0.01572	0.01418	0.01472	0.01463	0.01154	0.01395	0.01031	0.01558	0.01281	0.01972	0.01226	0.02907	0.35580	0.00645	0.41405	0.00636	0.00318	0.00659
73	0.01730	0.33047	0.15412	0.06772	0.13205	0.10109	0.01559	0.05425	0.01517	0.01899	0.01082	0.01301	0.00893	0.00606	0.00543	0.00171	0.00825	0.00449	0.00317	0.03137
74	0.00953	0.00727	0.00882	0.00839	0.01021	0.00686	0.00630	0.01351	0.07274	0.02447	0.51622	0.07233	0.19072	0.01397	0.00770	0.00213	0.00334	0.01216	0.00694	0.00639
75	0.81514	0.01273	0.00968	0.00866	0.01273	0.01477	0.00713	0.01935	0.01120	0.02954	0.00917	0.01069	0.00713	0.00611	0.00407	0.00204	0.00509	0.00356	0.00407	0.00713
76	0.00932	0.00673	0.00880	0.00828	0.00984	0.00621	0.00621	0.01242	0.01863	0.02640	0.72410	0.04918	0.06212	0.01346	0.00776	0.00207	0.00311	0.01191	0.00725	0.00621
77	0.00910	0.00618	0.00732	0.00779	0.00791	0.00606	0.00464	0.00945	0.01050	0.01400	0.02551	0.26422	0.02995	0.53930	0.02581	0.00525	0.00560	0.01238	0.00464	0.00441
78	0.02954	0.01120	0.01528	0.01171	0.01681	0.00968	0.00968	0.03208	0.01884	0.73213	0.02597	0.02241	0.01630	0.00815	0.00662	0.00204	0.00560	0.00662	0.00815	0.01120
79	0.01554	0.01776	0.03885	0.02775	0.03441	0.01665	0.70366	0.02109	0.01554	0.02109	0.01332	0.01776	0.00999	0.00555	0.00777	0.00222	0.01110	0.00777	0.00333	0.00888
80	0.00802	0.00668	0.00700	0.00692	0.00904	0.00566	0.00519	0.00990	0.01556	0.01911	0.16759	0.06118	0.62318	0.01618	0.00778	0.00220	0.00330	0.01359	0.00629	0.00566
81	0.01637	0.01414	0.01489	0.01340	0.01712	0.01637	0.01042	0.03498	0.71568	0.02754	0.02679	0.02456	0.02010	0.00893	0.00670	0.00223	0.00521	0.00744	0.00670	0.01042
82	0.02503	0.01844	0.01976	0.01515	0.02042	0.02042	0.01251	0.70562	0.03095	0.04149	0.01581	0.01581	0.01120	0.00790	0.00659	0.00198	0.00724	0.00593	0.00659	0.01120
83	0.02227	0.00968	0.01296	0.01075	0.01447	0.00862	0.00854	0.02522	0.03957	0.47567	0.16133	0.13052	0.02898	0.01092	0.00709	0.00214	0.00486	0.00934	0.00765	0.00941
84	0.01018	0.00757	0.00957	0.00919	0.00942	0.00857	0.00620	0.01083	0.00984	0.01367	0.01853	0.03588	0.02043	0.52592	0.17276	0.00675	0.10757	0.00857	0.00375	0.00479
85	0.01464	0.01513	0.11460	0.01211	0.01768	0.01124	0.01108	0.01800	0.01353	0.06320	0.01217	0.01431	0.00980	0.00614	0.00738	0.00144	0.10475	0.00444	0.00386	0.54450
86	0.12751	0.01713	0.01981	0.01931	0.15985	0.01872	0.01333	0.47897	0.02518	0.03594	0.01425	0.01523	0.01051	0.00726	0.00624	0.00198	0.00707	0.00560	0.00559	0.01051
87	0.01532	0.11923	0.02502	0.07480	0.49345	0.01578	0.01700	0.01891	0.01514	0.02104	0.10577	0.01991	0.01687	0.00688	0.00637	0.00191	0.00715	0.00634	0.00370	0.00941
88	0.01899	0.62538	0.03135	0.01240	0.01758	0.16829	0.01155	0.02102	0.01443	0.01561	0.00936	0.01082	0.00845	0.00586	0.00456	0.00147	0.00800	0.00366	0.00293	0.00829

[dist]
# distance from previous block
# <min> <max>
1	3

[block]
# block no. 1 follows, 33 sequences, length 26
# corresponding to MSA columns:
# 338-363
name=unknown_B
#
# <colnr> <probs for GDERKNQSTAVLIFYWHMCP>
#	G	D	E	R	K	N	Q	S	T	A	V	L	I	F	Y	W	H	M	C	P
0	0.69491	0.01349	0.01406	0.01153	0.01599	0.01505	0.11186	0.01961	0.01186	0.02827	0.00979	0.01176	0.00756	0.00603	0.00463	0.00206	0.00600	0.00420	0.00396	0.00739
1	0.01742	0.01711	0.14033	0.12023	0.18912	0.01479	0.01608	0.05304	0.17207	0.13080	0.01867	0.01976	0.02794	0.00751	0.00693	0.00211	0.02506	0.00633	0.00483	0.00986
2	0.01517	0.02750	0.48620	0.02042	0.12034	0.01555	0.02072	0.12302	0.01634	0.02354	0.01305	0.01633	0.01002	0.05393	0.00804	0.00232	0.00889	0.00545	0.00349	0.00969
3	0.13781	0.01307	0.01378	0.01214	0.01596	0.01460	0.00956	0.03084	0.47226	0.12290	0.06746	0.02372	0.02025	0.00868	0.00636	0.00217	0.00511	0.00703	0.00653	0.00977
4	0.01009	0.00738	0.00991	0.01120	0.01278	0.00720	0.00961	0.01285	0.01504	0.01931	0.03969	0.09658	0.14138	0.01804	0.00887	0.00290	0.00557	0.55954	0.00607	0.00596
5	0.01754	0.01472	0.01554	0.01363	0.01756	0.01692	0.01070	0.12553	0.62323	0.02942	0.02531	0.02338	0.01889	0.00879	0.00668	0.00220	0.00548	0.00724	0.00668	0.01052
6	0.02394	0.01004	0.01367	0.01125	0.01533	0.00887	0.00928	0.02664	0.01831	0.52983	0.13214	0.03343	0.02610	0.01030	0.00713	0.00218	0.00529	0.09877	0.00773	0.00976
7	0.00820	0.00586	0.00780	0.00905	0.00959	0.00546	0.00612	0.00961	0.01342	0.01810	0.12915	0.66778	0.04605	0.01966	0.00832	0.00259	0.00372	0.01780	0.00626	0.00546
8	0.00801	0.00577	0.00760	0.00906	0.00952	0.00536	0.00606	0.00918	0.01270	0.01685	0.03755	0.73520	0.07187	0.02046	0.00838	0.00265	0.00380	0.01851	0.00611	0.00536
9	0.00940	0.00705	0.01058	0.01058	0.01176	0.00823	0.00823	0.01176	0.01058	0.01528	0.01763	0.02586	0.01646	0.04937	0.74255	0.01058	0.01763	0.00705	0.00353	0.00588
10	0.01604	0.01163	0.01390	0.01005	0.01578	0.00891	0.00808	0.01891	0.01443	0.12831	0.01385	0.01497	0.01074	0.00537	0.00514	0.00113	0.00498	0.00431	0.00454	0.68894
11	0.01440	0.01440	0.02016	0.01728	0.01728	0.02016	0.01440	0.01584	0.01008	0.01584	0.00864	0.01440	0.00864	0.01152	0.02160	0.00288	0.75659	0.00576	0.00288	0.00720
12	0.01311	0.01257	0.02180	0.61888	0.12968	0.01488	0.06121	0.01751	0.01354	0.01767	0.01189	0.01741	0.00906	0.00643	0.00665	0.00217	0.00880	0.00597	0.00299	0.00780
13	0.01243	0.01170	0.01975	0.75282	0.04534	0.01463	0.01828	0.01682	0.01316	0.01682	0.01170	0.01755	0.00878	0.00658	0.00658	0.00219	0.00878	0.00585	0.00293	0.00731
14	0.00822	0.00669	0.00728	0.00713	0.00916	0.00574	0.00535	0.01030	0.01604	0.02024	0.25430	0.05931	0.53576	0.01576	0.00778	0.00218	0.00327	0.01333	0.00644	0.00574
15	0.01520	0.01551	0.04321	0.14318	0.44148	0.01529	0.15550	0.01956	0.01495	0.02091	0.04204	0.01809	0.01219	0.00623	0.00682	0.00205	0.00846	0.00647	0.00338	0.00946
16	0.00790	0.00620	0.00715	0.00792	0.00922	0.00545	0.00556	0.00931	0.01381	0.01730	0.05152	0.41313	0.38492	0.01864	0.00809	0.00245	0.00358	0.01630	0.00611	0.00545
17	0.01719	0.53214	0.10078	0.01326	0.01835	0.04992	0.01313	0.04329	0.01374	0.01700	0.00961	0.01170	0.00856	0.00670	0.00718	0.00173	0.12019	0.00410	0.00297	0.00845
18	0.01478	0.10318	0.56740	0.01830	0.02704	0.03398	0.06537	0.04200	0.01470	0.03695	0.01206	0.01402	0.00873	0.00626	0.00617	0.00201	0.00944	0.00498	0.00307	0.00958
19	0.00822	0.00588	0.00781	0.00903	0.00959	0.00548	0.00613	0.00966	0.01351	0.01825	0.13970	0.65681	0.04633	0.01955	0.00831	0.00258	0.00371	0.01769	0.00628	0.00548
20	0.00894	0.00674	0.00774	0.00780	0.00908	0.00628	0.00540	0.01106	0.03957	0.01873	0.20250	0.16092	0.26280	0.20644	0.01434	0.00331	0.00419	0.01284	0.00586	0.00546
21	0.01621	0.01292	0.01457	0.01119	0.01634	0.01180	0.00894	0.14049	0.12242	0.04730	0.01756	0.03738	0.03579	0.00691	0.00569	0.00146	0.00529	0.00559	0.00505	0.47711
22	0.01501	0.01200	0.01392	0.01037	0.01588	0.00986	0.00827	0.02003	0.10876	0.06653	0.01463	0.01567	0.01156	0.00563	0.00523	0.00121	0.00497	0.00455	0.00454	0.65140
23	0.01621	0.01553	0.03971	0.01678	0.12215	0.11692	0.02808	0.08626	0.06680	0.04138	0.06000	0.13136	0.01946	0.00918	0.00652	0.00187	0.00666	0.02166	0.00483	0.18864
24	0.10305	0.18084	0.18203	0.02186	0.24161	0.01731	0.01629	0.05787	0.01498	0.04830	0.01315	0.01515	0.02594	0.00635	0.00570	0.00186	0.00748	0.00506	0.00359	0.03161
25	0.04444	0.03884	0.14145	0.01362	0.04711	0.07153	0.01165	0.01888	0.10381	0.05705	0.06047	0.12197	0.05169	0.01216	0.01001	0.12337	0.03073	0.00801	0.00459	0.02863

[dist]
# distance from previous block
# <min> <max>
16	89

[block]
# block no. 2 follows, 33 sequences, length 499
# corresponding to MSA columns:
# 471-969
name=unknown_C
#
# <colnr> <probs for GDERKNQSTAVLIFYWHMCP>
#	G	D	E	R	K	N	Q	S	T	A	V	L	I	F	Y	W	H	M	C	P
0	0.06170	0.17842	0.08796	0.09602	0.03797	0.03730	0.04936	0.17393	0.03703	0.04289	0.08492	0.05272	0.01663	0.00799	0.00616	0.00195	0.00716	0.00647	0.00463	0.00879
1	0.01494	0.13753	0.24228	0.01457	0.05159	0.03455	0.01425	0.05716	0.06820	0.06135	0.16061	0.02549	0.07297	0.00875	0.00643	0.00197	0.00679	0.00710	0.00476	0.00870
2	0.15022	0.10054	0.21103	0.01486	0.02029	0.09505	0.08955	0.04120	0.01463	0.02125	0.01840	0.09735	0.06637	0.00876	0.00622	0.00207	0.00778	0.02249	0.00393	0.00802
3	0.11295	0.11470	0.29334	0.01353	0.01938	0.01429	0.03027	0.01916	0.05556	0.04149	0.03397	0.03992	0.05141	0.08270	0.02727	0.00263	0.00755	0.00630	0.00389	0.02970
4	0.12876	0.18624	0.32050	0.01378	0.02014	0.01622	0.01534	0.05574	0.01424	0.02144	0.01670	0.09839	0.05037	0.00833	0.00584	0.00200	0.00735	0.00646	0.00373	0.00845
5	0.07120	0.22174	0.34307	0.01805	0.10064	0.03777	0.01787	0.06073	0.01496	0.04081	0.01158	0.01336	0.00891	0.00620	0.00562	0.00187	0.00830	0.00463	0.00332	0.00936
6	0.01446	0.33390	0.23991	0.01360	0.01950	0.03691	0.03673	0.01845	0.01444	0.01895	0.11453	0.04120	0.03529	0.00886	0.02555	0.00204	0.00765	0.00608	0.00367	0.00828
7	0.03194	0.01709	0.21124	0.01310	0.01756	0.01248	0.01267	0.10576	0.15037	0.02432	0.10546	0.16597	0.04057	0.05136	0.00840	0.00244	0.00622	0.00938	0.00534	0.00834
8	0.16098	0.02758	0.01716	0.01545	0.01904	0.58410	0.01175	0.05579	0.01793	0.01957	0.01026	0.01185	0.00837	0.00672	0.00564	0.00177	0.01049	0.00420	0.00365	0.00771
9	0.01326	0.01129	0.01324	0.00971	0.01519	0.00854	0.00768	0.01607	0.01358	0.02113	0.01339	0.06524	0.01207	0.00596	0.00512	0.00109	0.00480	0.00492	0.00405	0.75366
10	0.01637	0.01414	0.01489	0.01340	0.01712	0.01637	0.01042	0.03498	0.71568	0.02754	0.02679	0.02456	0.02010	0.00893	0.00670	0.00223	0.00521	0.00744	0.00670	0.01042
11	0.05207	0.21950	0.48885	0.01606	0.02426	0.01773	0.01951	0.02103	0.01388	0.05403	0.01170	0.01331	0.00869	0.00618	0.00566	0.00191	0.00863	0.00455	0.00311	0.00935
12	0.00955	0.00646	0.00756	0.00756	0.00769	0.00659	0.00446	0.00981	0.00968	0.01304	0.02040	0.04118	0.02311	0.68914	0.11187	0.00685	0.00763	0.00930	0.00394	0.00420
13	0.00802	0.00573	0.00764	0.00917	0.00955	0.00535	0.00611	0.00917	0.01260	0.01681	0.03628	0.76434	0.04354	0.02062	0.00840	0.00267	0.00382	0.01872	0.00611	0.00535
14	0.01497	0.03680	0.02322	0.14773	0.48631	0.03822	0.01764	0.01848	0.01448	0.01983	0.01507	0.10892	0.01415	0.00783	0.00667	0.00206	0.00759	0.00733	0.00355	0.00915
15	0.01823	0.27155	0.18288	0.01872	0.09182	0.18950	0.08289	0.02197	0.01523	0.03455	0.01109	0.01314	0.00896	0.00611	0.00570	0.00177	0.00920	0.00470	0.00316	0.00884
16	0.01101	0.00849	0.01146	0.01105	0.01238	0.00983	0.00846	0.05626	0.05541	0.01767	0.01980	0.10743	0.01944	0.09821	0.46267	0.00779	0.06368	0.00842	0.00419	0.00636
17	0.11884	0.27902	0.02323	0.01443	0.03716	0.25752	0.01182	0.02188	0.01469	0.05003	0.01027	0.01221	0.00873	0.00698	0.00726	0.00182	0.10838	0.00427	0.00342	0.00803
18	0.00920	0.00672	0.00864	0.00816	0.00976	0.00616	0.00612	0.01220	0.01836	0.02575	0.67425	0.05025	0.11237	0.01370	0.00777	0.00208	0.00312	0.01206	0.00716	0.00616
19	0.02422	0.01699	0.01853	0.01450	0.01952	0.01862	0.01188	0.53002	0.13289	0.11572	0.01859	0.01786	0.01310	0.00809	0.00661	0.00202	0.00676	0.00623	0.00678	0.01108
20	0.00910	0.00681	0.00855	0.00944	0.01040	0.00668	0.00656	0.01243	0.09114	0.01921	0.12150	0.57104	0.06549	0.01832	0.00811	0.00254	0.00387	0.01647	0.00632	0.00602
21	0.19920	0.00834	0.00930	0.00853	0.01083	0.00837	0.00658	0.01494	0.01690	0.05903	0.52490	0.03894	0.04715	0.01150	0.00685	0.00206	0.00368	0.00971	0.00654	0.00665
22	0.02327	0.02886	0.01915	0.01705	0.02063	0.62920	0.04369	0.02701	0.09555	0.01760	0.01215	0.01354	0.00983	0.00697	0.00610	0.00178	0.01110	0.00475	0.00375	0.00800
23	0.00932	0.00666	0.00857	0.00817	0.00950	0.00621	0.00593	0.01199	0.01736	0.02447	0.61944	0.06657	0.05691	0.10727	0.01097	0.00262	0.00353	0.01179	0.00681	0.00591
24	0.02137	0.01578	0.01732	0.01391	0.01821	0.01737	0.01126	0.54268	0.04429	0.03616	0.04157	0.10028	0.01700	0.01231	0.05645	0.00264	0.00738	0.00765	0.00635	0.01001
25	0.02354	0.14444	0.02113	0.01600	0.01983	0.59978	0.01249	0.05598	0.01840	0.01716	0.01027	0.01185	0.00860	0.00666	0.00570	0.00166	0.01092	0.00421	0.00345	0.00792
26	0.00895	0.00695	0.00929	0.01000	0.01052	0.00729	0.00711	0.01036	0.01303	0.01778	0.10985	0.56984	0.06312	0.01858	0.00995	0.00262	0.09705	0.01620	0.00584	0.00568
27	0.03457	0.02704	0.50292	0.01802	0.05647	0.03531	0.04003	0.02027	0.01425	0.06934	0.01577	0.10760	0.01337	0.00814	0.00654	0.00214	0.00861	0.00678	0.00365	0.00917
28	0.01760	0.77260	0.03450	0.01126	0.01690	0.02605	0.01126	0.01971	0.01338	0.01549	0.00915	0.01056	0.00845	0.00563	0.00422	0.00141	0.00704	0.00352	0.00282	0.00845
29	0.01282	0.04255	0.37650	0.02121	0.19063	0.01335	0.01860	0.01796	0.01411	0.02002	0.02098	0.11289	0.09240	0.00908	0.00670	0.00212	0.00776	0.00778	0.00368	0.00886
30	0.01507	0.01620	0.16938	0.01193	0.01819	0.01027	0.01154	0.01928	0.03029	0.10003	0.03721	0.03809	0.01307	0.00636	0.00560	0.00145	0.00592	0.00518	0.00436	0.48055
31	0.00937	0.00635	0.00743	0.00754	0.00777	0.00625	0.00450	0.00988	0.01103	0.01490	0.10966	0.12355	0.03083	0.59234	0.02754	0.00544	0.00569	0.01087	0.00463	0.00441
32	0.01742	0.59938	0.06730	0.01188	0.01759	0.07280	0.01166	0.01988	0.01380	0.01647	0.00964	0.01116	0.00859	0.00566	0.00452	0.00141	0.00727	0.00368	0.00297	0.09693
33	0.01326	0.01454	0.09838	0.47724	0.06784	0.01481	0.01752	0.01744	0.01315	0.03387	0.01317	0.01786	0.02824	0.00735	0.00836	0.00220	0.10115	0.00588	0.00317	0.04459
34	0.10624	0.01675	0.02342	0.03216	0.51229	0.06607	0.01729	0.10550	0.01680	0.02450	0.01230	0.01531	0.01002	0.00621	0.00622	0.00195	0.00773	0.00551	0.00377	0.00997
35	0.02498	0.01987	0.01964	0.01535	0.02041	0.10019	0.01254	0.63054	0.02959	0.03868	0.01518	0.01537	0.01090	0.00778	0.00651	0.00194	0.00776	0.00574	0.00623	0.01080
36	0.01241	0.01023	0.01206	0.00926	0.01368	0.00804	0.00711	0.01495	0.01377	0.02090	0.10213	0.05523	0.01934	0.09107	0.00856	0.00179	0.00477	0.00619	0.00442	0.58410
37	0.01022	0.00785	0.01097	0.01239	0.08975	0.00745	0.00843	0.01332	0.01744	0.02424	0.49164	0.05059	0.08980	0.01360	0.00785	0.00223	0.00414	0.12492	0.00654	0.00662
38	0.00875	0.00754	0.00901	0.01071	0.08841	0.00665	0.00682	0.01060	0.01471	0.01807	0.05692	0.14506	0.56146	0.01597	0.00772	0.00225	0.00389	0.01360	0.00580	0.00607
39	0.02338	0.02920	0.01810	0.01616	0.01983	0.66115	0.01218	0.02521	0.01810	0.01670	0.01034	0.01207	0.00862	0.00657	0.00582	0.00162	0.01110	0.00420	0.00345	0.09619
40	0.02954	0.01120	0.01528	0.01171	0.01681	0.00968	0.00968	0.03208	0.01884	0.73213	0.02597	0.02241	0.01630	0.00815	0.00662	0.00204	0.00560	0.00662	0.00815	0.01120
41	0.00802	0.00573	0.00764	0.00917	0.00955	0.00535	0.00611	0.00917	0.01260	0.01681	0.03628	0.76434	0.04354	0.02062	0.00840	0.00267	0.00382	0.01872	0.00611	0.00535
42	0.01677	0.01434	0.01511	0.01348	0.01727	0.01656	0.01051	0.06529	0.68473	0.02817	0.02630	0.02417	0.01969	0.00889	0.00669	0.00222	0.00530	0.00737	0.00669	0.01046
43	0.02509	0.02024	0.01945	0.01533	0.02030	0.13249	0.01246	0.57982	0.02868	0.05806	0.01523	0.01539	0.01092	0.00774	0.00649	0.00193	0.00792	0.00568	0.00613	0.01064
44	0.01451	0.03233	0.65553	0.01836	0.02760	0.01586	0.02302	0.09653	0.01578	0.02313	0.01226	0.01411	0.00866	0.00644	0.00629	0.00207	0.00945	0.00498	0.00320	0.00989
45	0.00885	0.00760	0.00769	0.00750	0.00991	0.00690	0.00567	0.01261	0.10187	0.01899	0.06174	0.05855	0.63752	0.01571	0.00765	0.00222	0.00357	0.01309	0.00619	0.00616
46	0.00819	0.00580	0.00759	0.00895	0.00929	0.00546	0.00588	0.00921	0.01227	0.01636	0.03457	0.68462	0.04137	0.10330	0.01118	0.00308	0.00410	0.01770	0.00588	0.00520
47	0.01707	0.01706	0.02369	0.03324	0.52911	0.10544	0.01776	0.02229	0.09290	0.02142	0.01472	0.01928	0.01250	0.00688	0.00658	0.00200	0.00796	0.03645	0.00378	0.00988
48	0.01325	0.00796	0.01029	0.00919	0.01149	0.00744	0.00707	0.01721	0.06162	0.14848	0.56044	0.04303	0.05161	0.01226	0.00750	0.00207	0.00367	0.01072	0.00737	0.00733
49	0.00969	0.00651	0.00756	0.00773	0.00789	0.00651	0.00472	0.01002	0.01019	0.01353	0.02230	0.04653	0.02548	0.68569	0.03081	0.00601	0.00635	0.08403	0.00422	0.00422
50	0.01629	0.01564	0.02672	0.04041	0.72757	0.01564	0.02020	0.02020	0.01499	0.02151	0.01238	0.01629	0.01043	0.00587	0.00652	0.00196	0.00782	0.00587	0.00326	0.01043
51	0.01535	0.16035	0.48902	0.01696	0.02488	0.01804	0.02012	0.09603	0.01546	0.02188	0.01159	0.01356	0.00869	0.00665	0.00688	0.00200	0.05501	0.00480	0.00321	0.00951
52	0.00784	0.00645	0.00690	0.00725	0.00905	0.00551	0.00526	0.00938	0.01444	0.01755	0.05956	0.22774	0.56512	0.01760	0.00793	0.00233	0.00345	0.01502	0.00611	0.00551
53	0.02552	0.01764	0.01926	0.01477	0.02002	0.01923	0.01220	0.63118	0.02961	0.11782	0.01693	0.01654	0.01176	0.00793	0.00659	0.00198	0.00706	0.00600	0.00676	0.01120
54	0.01729	0.01727	0.03294	0.02403	0.03007	0.01690	0.51023	0.16940	0.01886	0.02544	0.01520	0.02086	0.01199	0.00685	0.00759	0.00222	0.00995	0.04949	0.00421	0.00921
55	0.00796	0.00595	0.00741	0.00858	0.00939	0.00540	0.00585	0.00923	0.01317	0.01703	0.04341	0.59996	0.20332	0.01970	0.00826	0.00257	0.00371	0.01758	0.00611	0.00540
56	0.02385	0.11249	0.02048	0.01622	0.01997	0.61805	0.01255	0.06792	0.01884	0.01763	0.01041	0.01197	0.00865	0.00673	0.00579	0.00168	0.01105	0.00427	0.00353	0.00794
57	0.01907	0.01448	0.01685	0.01639	0.09601	0.01596	0.01167	0.11598	0.46711	0.11595	0.02374	0.02230	0.01745	0.00837	0.00665	0.00215	0.00580	0.00698	0.00648	0.01061
58	0.01292	0.00959	0.01215	0.01262	0.01482	0.01009	0.01080	0.09277	0.10375	0.02308	0.03175	0.06164	0.03273	0.01590	0.00852	0.00282	0.00609	0.52461	0.00620	0.00717
59	0.00954	0.00643	0.00738	0.00732	0.00751	0.00636	0.00426	0.00993	0.01070	0.01446	0.10794	0.04384	0.02867	0.67501	0.03032	0.00585	0.00598	0.00986	0.00439	0.00426
60	0.01419	0.01430	0.02037	0.59539	0.11545	0.09515	0.01787	0.01823	0.01397	0.01724	0.01161	0.01679	0.00892	0.00653	0.00650	0.00211	0.00902	0.00567	0.00301	0.00768
61	0.01349	0.03203	0.64828	0.01988	0.02923	0.01546	0.10855	0.02088	0.01410	0.02088	0.01200	0.01438	0.00854	0.00617	0.00644	0.00210	0.00990	0.00522	0.00285	0.00962
62	0.01554	0.01776	0.03885	0.02775	0.03441	0.01665	0.70366	0.02109	0.01554	0.02109	0.01332	0.01776	0.00999	0.00555	0.00777	0.00222	0.01110	0.00777	0.00333	0.00888
63	0.00781	0.00655	0.00679	0.00698	0.00897	0.00553	0.00514	0.00941	0.01471	0.01766	0.06292	0.15026	0.64043	0.01716	0.00786	0.00228	0.00339	0.01449	0.00611	0.00553
64	0.02728	0.01072	0.01445	0.01125	0.01600	0.00927	0.00923	0.02980	0.01860	0.65622	0.06003	0.02614	0.06203	0.00891	0.00674	0.00205	0.00535	0.00731	0.00798	0.01063
65	0.01896	0.01425	0.01547	0.01338	0.01744	0.01599	0.01056	0.10875	0.55361	0.11643	0.02548	0.02333	0.01864	0.00872	0.00668	0.00218	0.00548	0.00717	0.00687	0.01060
66	0.00938	0.00630	0.00724	0.00743	0.00747	0.00625	0.00425	0.00952	0.00995	0.01327	0.02267	0.13250	0.02636	0.67590	0.03040	0.00592	0.00606	0.01071	0.00425	0.00416
67	0.02552	0.01764	0.01926	0.01477	0.02002	0.01923	0.01220	0.63118	0.02961	0.11782	0.01693	0.01654	0.01176	0.00793	0.00659	0.00198	0.00706	0.00600	0.00676	0.01120
68	0.02594	0.01199	0.01640	0.01496	0.09517	0.01108	0.01083	0.07118	0.05064	0.53518	0.06741	0.02309	0.01836	0.00825	0.00668	0.00204	0.00577	0.00686	0.00739	0.01077
69	0.02213	0.01634	0.01870	0.01673	0.09698	0.01756	0.01230	0.51312	0.02666	0.06755	0.02220	0.02205	0.09982	0.00878	0.00673	0.00201	0.00675	0.00694	0.00623	0.01041
70	0.00887	0.00741	0.00767	0.00733	0.00963	0.00652	0.00540	0.01148	0.05750	0.01806	0.05572	0.05563	0.55940	0.09857	0.01038	0.00261	0.00388	0.01240	0.00578	0.05578
71	0.01582	0.10059	0.03455	0.02367	0.02955	0.01781	0.51004	0.02242	0.10185	0.02103	0.01432	0.01765	0.01101	0.00625	0.00787	0.00216	0.04361	0.00717	0.00367	0.00895
72	0.02293	0.01691	0.01815	0.01419	0.01880	0.01868	0.01148	0.59838	0.05953	0.03768	0.01685	0.01922	0.01301	0.09203	0.00957	0.00247	0.00706	0.00640	0.00630	0.01036
73	0.02506	0.01305	0.09383	0.01218	0.01720	0.00976	0.01085	0.02800	0.01752	0.56483	0.02569	0.11345	0.01879	0.00949	0.00680	0.00212	0.00584	0.00793	0.00730	0.01031
74	0.01675	0.01469	0.01788	0.01981	0.18387	0.01639	0.01281	0.06182	0.52042	0.02676	0.02292	0.02223	0.01743	0.00817	0.00665	0.00216	0.00591	0.00700	0.00589	0.01046
75	0.01569	0.01604	0.09427	0.01354	0.01819	0.01531	0.01163	0.03114	0.55108	0.02604	0.02327	0.02203	0.01751	0.00813	0.00642	0.00206	0.00567	0.00672	0.00592	0.10933
76	0.02273	0.02865	0.01733	0.01582	0.01909	0.66079	0.01187	0.02443	0.01825	0.01630	0.01642	0.01756	0.08766	0.00788	0.00614	0.00175	0.01093	0.00531	0.00369	0.00740
77	0.00805	0.00668	0.00704	0.00695	0.00906	0.00567	0.00521	0.00996	0.01563	0.01927	0.18034	0.06090	0.61032	0.01612	0.00778	0.00220	0.00329	0.01355	0.00631	0.00567
78	0.01178	0.00692	0.00808	0.00768	0.00824	0.00675	0.00462	0.01206	0.01060	0.09227	0.02132	0.04080	0.02309	0.68459	0.03054	0.00590	0.00630	0.00925	0.00445	0.00479
79	0.01320	0.03405	0.73453	0.01876	0.02849	0.01529	0.02432	0.02085	0.01390	0.02085	0.01181	0.01390	0.00834	0.00625	0.00625	0.00208	0.00973	0.00486	0.00278	0.00973
80	0.01516	0.11375	0.56854	0.01749	0.02621	0.01711	0.02142	0.10562	0.01596	0.02282	0.01201	0.01377	0.00871	0.00639	0.00607	0.00200	0.00912	0.00485	0.00326	0.00977
81	0.01541	0.01165	0.01383	0.00997	0.01573	0.00888	0.00801	0.01829	0.01422	0.10000	0.01328	0.01462	0.01047	0.00524	0.00507	0.00109	0.00496	0.00420	0.00437	0.72072
82	0.11581	0.01227	0.01521	0.01180	0.01680	0.01157	0.00975	0.11418	0.01950	0.56885	0.02285	0.02029	0.01465	0.00789	0.00633	0.00203	0.00575	0.00620	0.00750	0.01075
83	0.01159	0.01029	0.01663	0.52560	0.05358	0.01227	0.01490	0.01502	0.01284	0.01663	0.01681	0.11549	0.01612	0.09305	0.00990	0.00275	0.00775	0.03847	0.00359	0.00673
84	0.00802	0.00573	0.00764	0.00917	0.00955	0.00535	0.00611	0.00917	0.01260	0.01681	0.03628	0.76434	0.04354	0.02062	0.00840	0.00267	0.00382	0.01872	0.00611	0.00535
85	0.02954	0.01120	0.01528	0.01171	0.01681	0.00968	0.00968	0.03208	0.01884	0.73213	0.02597	0.02241	0.01630	0.00815	0.00662	0.00204	0.00560	0.00662	0.00815	0.01120
86	0.01760	0.77260	0.03450	0.01126	0.01690	0.02605	0.01126	0.01971	0.01338	0.01549	0.00915	0.01056	0.00845	0.00563	0.00422	0.00141	0.00704	0.00352	0.00282	0.00845
87	0.00957	0.00638	0.00718	0.00718	0.00718	0.00638	0.00399	0.00957	0.00957	0.01276	0.02074	0.04308	0.02393	0.76864	0.03351	0.00638	0.00638	0.00957	0.00399	0.00399
88	0.02954	0.01120	0.01528	0.01171	0.01681	0.00968	0.00968	0.03208	0.01884	0.73213	0.02597	0.02241	0.01630	0.00815	0.00662	0.00204	0.00560	0.00662	0.00815	0.01120
89	0.02954	0.01120	0.01528	0.01171	0.01681	0.00968	0.00968	0.03208	0.01884	0.73213	0.02597	0.02241	0.01630	0.00815	0.00662	0.00204	0.00560	0.00662	0.00815	0.01120
90	0.02763	0.01064	0.01427	0.01110	0.01580	0.00928	0.00912	0.03023	0.01829	0.65393	0.02548	0.02264	0.01636	0.00810	0.00640	0.00198	0.00532	0.00657	0.09624	0.01064
91	0.00945	0.00666	0.00824	0.00785	0.00948	0.00612	0.00588	0.01238	0.01765	0.02513	0.56494	0.04821	0.13929	0.01322	0.00742	0.00203	0.00313	0.01151	0.09530	0.00612
92	0.02503	0.01844	0.01976	0.01515	0.02042	0.02042	0.01251	0.70562	0.03095	0.04149	0.01581	0.01581	0.01120	0.00790	0.00659	0.00198	0.00724	0.00593	0.00659	0.01120
93	0.02536	0.01100	0.01501	0.01190	0.01599	0.01041	0.00977	0.02785	0.01785	0.56547	0.11061	0.02484	0.02113	0.00918	0.00842	0.00213	0.08830	0.00718	0.00745	0.01014
94	0.72831	0.01256	0.01030	0.00900	0.01318	0.01421	0.00741	0.02076	0.01205	0.10719	0.01102	0.01199	0.00814	0.00634	0.00436	0.00204	0.00515	0.00390	0.00452	0.00758
95	0.01461	0.12329	0.53585	0.01716	0.02543	0.04959	0.02064	0.02252	0.09161	0.02071	0.01307	0.01457	0.00966	0.00650	0.00604	0.00200	0.00899	0.00495	0.00325	0.00955
96	0.01372	0.06286	0.53663	0.01830	0.02702	0.01512	0.09677	0.02029	0.01403	0.02071	0.01185	0.01414	0.00870	0.00598	0.00616	0.00193	0.00916	0.00501	0.00298	0.10865
97	0.01645	0.22239	0.33180	0.05000	0.04665	0.10767	0.03758	0.02116	0.01466	0.05058	0.01340	0.01513	0.03226	0.00656	0.00582	0.00187	0.00883	0.00497	0.00325	0.00895
98	0.01320	0.03405	0.73453	0.01876	0.02849	0.01529	0.02432	0.02085	0.01390	0.02085	0.01181	0.01390	0.00834	0.00625	0.00625	0.00208	0.00973	0.00486	0.00278	0.00973
99	0.00802	0.00573	0.00764	0.00917	0.00955	0.00535	0.00611	0.00917	0.01260	0.01681	0.03628	0.76434	0.04354	0.02062	0.00840	0.00267	0.00382	0.01872	0.00611	0.00535
100	0.01554	0.01776	0.03885	0.02775	0.03441	0.01665	0.70366	0.02109	0.01554	0.02109	0.01332	0.01776	0.00999	0.00555	0.00777	0.00222	0.01110	0.00777	0.00333	0.00888
101	0.10403	0.42724	0.25533	0.01331	0.01992	0.02069	0.01483	0.01970	0.01328	0.01880	0.01088	0.03582	0.00939	0.00637	0.00499	0.00174	0.00758	0.00444	0.00305	0.00861
102	0.00823	0.00669	0.00730	0.00714	0.00917	0.00575	0.00536	0.01032	0.01607	0.02032	0.25996	0.05919	0.53005	0.01573	0.00778	0.00218	0.00327	0.01331	0.00645	0.00575
103	0.00802	0.00573	0.00764	0.00917	0.00955	0.00535	0.00611	0.00917	0.01260	0.01681	0.03628	0.76434	0.04354	0.02062	0.00840	0.00267	0.00382	0.01872	0.00611	0.00535
104	0.04157	0.02615	0.42898	0.01761	0.04567	0.01565	0.03485	0.16720	0.01816	0.12043	0.01452	0.01550	0.01007	0.00682	0.00635	0.00205	0.00849	0.00538	0.00437	0.01016
105	0.02250	0.01706	0.01826	0.01456	0.01933	0.01903	0.01184	0.52806	0.19099	0.03750	0.01898	0.03967	0.01423	0.00851	0.00667	0.00206	0.00667	0.00666	0.00660	0.01084
106	0.01155	0.00753	0.01043	0.10179	0.01515	0.00750	0.00822	0.03513	0.01422	0.09709	0.06252	0.53343	0.03602	0.01677	0.00789	0.00249	0.00471	0.01507	0.00601	0.00646
107	0.02128	0.38222	0.02615	0.01426	0.01872	0.40323	0.01203	0.02318	0.01616	0.01582	0.00969	0.01125	0.00846	0.00624	0.00513	0.00156	0.00958	0.00390	0.00312	0.00802
108	0.00819	0.00668	0.00723	0.00709	0.00914	0.00573	0.00532	0.01023	0.01596	0.02006	0.24001	0.05962	0.55016	0.01583	0.00778	0.00218	0.00327	0.01337	0.00641	0.00573
109	0.10184	0.03170	0.65441	0.01765	0.02675	0.01523	0.02242	0.02068	0.01360	0.02181	0.01152	0.01354	0.00821	0.00624	0.00601	0.00208	0.00922	0.00472	0.00292	0.00944
110	0.01424	0.01647	0.06862	0.02306	0.02795	0.01570	0.45913	0.01866	0.01410	0.01959	0.01511	0.09972	0.01355	0.00934	0.02843	0.00258	0.13356	0.00847	0.00354	0.00818
111	0.01243	0.01170	0.01975	0.75282	0.04534	0.01463	0.01828	0.01682	0.01316	0.01682	0.01170	0.01755	0.00878	0.00658	0.00658	0.00219	0.00878	0.00585	0.00293	0.00731
112	0.00802	0.00573	0.00764	0.00917	0.00955	0.00535	0.00611	0.00917	0.01260	0.01681	0.03628	0.76434	0.04354	0.02062	0.00840	0.00267	0.00382	0.01872	0.00611	0.00535
113	0.01320	0.03405	0.73453	0.01876	0.02849	0.01529	0.02432	0.02085	0.01390	0.02085	0.01181	0.01390	0.00834	0.00625	0.00625	0.00208	0.00973	0.00486	0.00278	0.00973
114	0.01617	0.01551	0.02649	0.06365	0.70531	0.01561	0.02014	0.02009	0.01493	0.02135	0.01236	0.01633	0.01037	0.00589	0.00652	0.00196	0.00785	0.00587	0.00325	0.01033
115	0.02613	0.01667	0.01866	0.01431	0.01953	0.01779	0.01182	0.54087	0.02799	0.21043	0.01829	0.01742	0.01244	0.00796	0.00659	0.00199	0.00684	0.00610	0.00697	0.01120
116	0.00840	0.00573	0.00774	0.00910	0.00944	0.00539	0.00607	0.00910	0.01216	0.01621	0.03354	0.68207	0.03999	0.02087	0.01032	0.09173	0.00403	0.01728	0.00575	0.00507
117	0.01079	0.00800	0.00972	0.00979	0.01131	0.00800	0.00709	0.08874	0.06456	0.02270	0.20593	0.42110	0.07377	0.01645	0.00790	0.00240	0.00409	0.01461	0.00649	0.00657
118	0.00916	0.00657	0.00840	0.00819	0.00944	0.00612	0.00589	0.01161	0.01673	0.02337	0.53979	0.12792	0.07659	0.10798	0.01103	0.00268	0.00360	0.01243	0.00668	0.00582
119	0.00799	0.00585	0.00752	0.00886	0.00947	0.00537	0.00597	0.00920	0.01290	0.01693	0.04005	0.67744	0.12801	0.02013	0.00833	0.00262	0.00376	0.01812	0.00611	0.00537
120	0.01587	0.01521	0.02595	0.11915	0.65217	0.01553	0.01999	0.01983	0.01479	0.02099	0.01231	0.01643	0.01025	0.00594	0.00652	0.00198	0.00793	0.00586	0.00322	0.01008
121	0.01574	0.01508	0.02572	0.14239	0.62991	0.01550	0.01993	0.01972	0.01473	0.02084	0.01229	0.01647	0.01019	0.00597	0.00653	0.00199	0.00796	0.00586	0.00321	0.00998
122	0.01320	0.03405	0.73453	0.01876	0.02849	0.01529	0.02432	0.02085	0.01390	0.02085	0.01181	0.01390	0.00834	0.00625	0.00625	0.00208	0.00973	0.00486	0.00278	0.00973
123	0.00818	0.00585	0.00778	0.00906	0.00958	0.00545	0.00612	0.00957	0.01335	0.01799	0.12156	0.67568	0.04584	0.01974	0.00832	0.00260	0.00373	0.01787	0.00625	0.00545
124	0.01012	0.00728	0.01028	0.01154	0.01287	0.00744	0.00971	0.01283	0.01410	0.01863	0.03210	0.14234	0.03489	0.02373	0.13309	0.00427	0.00777	0.49542	0.00564	0.00595
