[name]
unknown

[dist]
# distance from previous block
# <min> <max>
0	72

[block]
# block no. 0 follows, 34 sequences, length 68
# corresponding to MSA columns:
# 72-139
name=unknown_A
#
# <colnr> <probs for GDERKNQSTAVLIFYWHMCP>
#	G	D	E	R	K	N	Q	S	T	A	V	L	I	F	Y	W	H	M	C	P
0	0.16359	0.01243	0.01616	0.01422	0.04053	0.01278	0.08234	0.14842	0.03372	0.13266	0.02109	0.03281	0.01874	0.01008	0.00682	0.00226	0.00644	0.20691	0.00558	0.03243
1	0.10572	0.01378	0.01853	0.01401	0.01922	0.03412	0.12423	0.10461	0.03660	0.29618	0.01763	0.01750	0.01218	0.00675	0.00609	0.00183	0.00656	0.00577	0.00570	0.15297
2	0.02455	0.01846	0.01936	0.01492	0.02004	0.04064	0.01229	0.69165	0.03004	0.04002	0.01536	0.01540	0.01091	0.00773	0.00645	0.00193	0.00724	0.00577	0.00637	0.01089
3	0.00940	0.00626	0.00705	0.00705	0.00705	0.00626	0.00392	0.00940	0.00940	0.01253	0.02036	0.04228	0.02349	0.77292	0.03289	0.00626	0.00626	0.00940	0.00392	0.00392
4	0.00914	0.00660	0.00864	0.00813	0.00965	0.00610	0.00610	0.01219	0.01829	0.02591	0.72921	0.04827	0.06097	0.01321	0.00762	0.00203	0.00305	0.01169	0.00711	0.00610
5	0.01607	0.01388	0.01461	0.01315	0.01680	0.01607	0.01023	0.03433	0.72094	0.02703	0.02630	0.02411	0.01972	0.00877	0.00657	0.00219	0.00511	0.00731	0.00657	0.01023
6	0.00878	0.00659	0.00813	0.00774	0.00943	0.00594	0.00581	0.01148	0.01742	0.02385	0.56744	0.05166	0.22402	0.01398	0.00762	0.00207	0.00310	0.01216	0.00684	0.00594
7	0.01220	0.01148	0.01938	0.75739	0.04450	0.01436	0.01794	0.01651	0.01292	0.01651	0.01148	0.01723	0.00861	0.00646	0.00646	0.00215	0.00861	0.00574	0.00287	0.00718
8	0.45634	0.01505	0.01401	0.01140	0.01594	0.01702	0.00941	0.33472	0.01984	0.03434	0.01197	0.01278	0.00882	0.00680	0.00512	0.00197	0.00596	0.00456	0.00512	0.00882
9	0.01521	0.01864	0.11536	0.03003	0.24759	0.01588	0.41854	0.02040	0.01490	0.02080	0.01262	0.01655	0.00975	0.00562	0.00708	0.00208	0.00975	0.00672	0.00318	0.00928
10	0.02394	0.00989	0.01309	0.01048	0.01470	0.00854	0.00849	0.02626	0.01759	0.56531	0.05432	0.06481	0.13305	0.01008	0.00680	0.00206	0.00498	0.00837	0.00755	0.00968
11	0.00765	0.00651	0.00658	0.00664	0.00875	0.00545	0.00495	0.00926	0.01463	0.01742	0.06425	0.09082	0.70214	0.01652	0.00766	0.00220	0.00329	0.01383	0.00600	0.00545
12	0.02476	0.01779	0.01920	0.01472	0.01988	0.01958	0.01216	0.68126	0.02986	0.07127	0.01595	0.01580	0.01121	0.00777	0.00647	0.00194	0.00704	0.00585	0.00653	0.01099
13	0.00806	0.00588	0.00802	0.04184	0.01091	0.00565	0.00652	0.00933	0.01239	0.01649	0.03455	0.73573	0.04124	0.01964	0.00817	0.00260	0.00396	0.01781	0.00586	0.00533
14	0.01296	0.03342	0.73944	0.01842	0.02797	0.01501	0.02387	0.02046	0.01364	0.02046	0.01160	0.01364	0.00818	0.00614	0.00614	0.00205	0.00955	0.00477	0.00273	0.00955
15	0.02189	0.01739	0.01785	0.01441	0.01902	0.05342	0.01165	0.46709	0.24546	0.03526	0.01862	0.01801	0.01359	0.00802	0.00647	0.00200	0.00670	0.00620	0.00635	0.01058
16	0.01543	0.01693	0.03528	0.03021	0.20102	0.01610	0.54418	0.02049	0.01512	0.02080	0.01285	0.01709	0.00991	0.00552	0.00733	0.00212	0.01012	0.00718	0.00325	0.00908
17	0.01860	0.01286	0.01426	0.01236	0.01617	0.01412	0.00974	0.06430	0.49012	0.16729	0.04335	0.02390	0.01945	0.00861	0.00646	0.00210	0.00511	0.00711	0.05404	0.01006
18	0.01494	0.29853	0.43435	0.01612	0.02391	0.04113	0.04901	0.02024	0.01367	0.01845	0.01068	0.01258	0.00830	0.00591	0.00548	0.00180	0.00873	0.00441	0.00278	0.00900
19	0.05856	0.01743	0.01848	0.01442	0.01939	0.01940	0.01185	0.61362	0.09799	0.03885	0.01630	0.01614	0.01168	0.00778	0.00637	0.00197	0.00682	0.00586	0.00637	0.01074
20	0.00851	0.00609	0.00792	0.00917	0.00971	0.00581	0.00618	0.03447	0.01296	0.01728	0.03453	0.72473	0.04114	0.03705	0.00875	0.00268	0.00393	0.01771	0.00597	0.00543
21	0.00787	0.00565	0.00747	0.00892	0.00935	0.00525	0.00596	0.00901	0.01244	0.01652	0.03652	0.74719	0.06366	0.02012	0.00823	0.00261	0.00373	0.01822	0.00600	0.00525
22	0.05831	0.01731	0.01834	0.01437	0.01929	0.01928	0.01178	0.59338	0.11863	0.03844	0.01662	0.01640	0.01194	0.00781	0.00637	0.00197	0.00676	0.00591	0.00637	0.01071
23	0.01404	0.01336	0.02271	0.40862	0.37888	0.01484	0.01886	0.01812	0.01379	0.01874	0.01181	0.01663	0.00940	0.00612	0.00643	0.00204	0.00816	0.00575	0.00303	0.00866
24	0.00924	0.00690	0.01025	0.01025	0.01136	0.00800	0.00791	0.01145	0.01034	0.01490	0.01743	0.02607	0.01645	0.07782	0.71836	0.01022	0.01686	0.00702	0.00348	0.00569
25	0.02478	0.01776	0.01918	0.01470	0.01987	0.01953	0.01215	0.67838	0.02981	0.07422	0.01599	0.01582	0.01123	0.00777	0.00647	0.00194	0.00703	0.00585	0.00654	0.01099
26	0.01891	0.01640	0.03919	0.01583	0.02057	0.01750	0.10657	0.27416	0.35859	0.03089	0.02024	0.01984	0.01493	0.00788	0.00667	0.00210	0.00674	0.00675	0.00598	0.01027
27	0.00936	0.00640	0.00772	0.00772	0.00796	0.00663	0.00476	0.00983	0.00960	0.01303	0.01974	0.03887	0.02201	0.62647	0.17732	0.00710	0.00850	0.00890	0.00382	0.00429
28	0.05890	0.01105	0.01479	0.01138	0.01634	0.00969	0.00940	0.03102	0.01821	0.71026	0.02487	0.02156	0.01565	0.00792	0.00640	0.00200	0.00548	0.00638	0.00785	0.01084
29	0.01525	0.01743	0.03813	0.02723	0.03377	0.01634	0.70915	0.02070	0.01525	0.02070	0.01307	0.01743	0.00980	0.00545	0.00763	0.00218	0.01089	0.00763	0.00327	0.00871
30	0.01803	0.01380	0.01493	0.01306	0.01696	0.01556	0.01027	0.07381	0.60115	0.10788	0.02557	0.02336	0.01879	0.00862	0.00656	0.00216	0.00527	0.00713	0.00673	0.01036
31	0.01698	0.01392	0.01482	0.01315	0.01692	0.01594	0.01028	0.06146	0.66231	0.05874	0.02583	0.02367	0.01921	0.00869	0.00657	0.00217	0.00521	0.00721	0.00663	0.01029
32	0.02456	0.01810	0.01939	0.01487	0.02004	0.02004	0.01228	0.71107	0.03038	0.04072	0.01551	0.01551	0.01099	0.00776	0.00646	0.00194	0.00711	0.00582	0.00646	0.01099
33	0.02507	0.01729	0.01889	0.01448	0.01963	0.01883	0.01196	0.63340	0.02902	0.12031	0.01665	0.01625	0.01156	0.00778	0.00647	0.00195	0.00693	0.00590	0.00664	0.01099
34	0.01389	0.15010	0.55230	0.01818	0.02677	0.01683	0.09491	0.02031	0.01373	0.01965	0.01134	0.01352	0.00837	0.00597	0.00598	0.00195	0.00927	0.00487	0.00279	0.00926
35	0.02177	0.01317	0.02223	0.01627	0.02190	0.01156	0.23642	0.02529	0.01654	0.37767	0.01898	0.01899	0.01285	0.00660	0.00656	0.00187	0.00712	0.00639	0.00572	0.15210
36	0.01839	0.11535	0.01825	0.01331	0.01747	0.04449	0.01080	0.19931	0.41032	0.02816	0.02103	0.04166	0.01632	0.00835	0.00625	0.00202	0.00604	0.00664	0.00591	0.00992
37	0.41732	0.01401	0.01391	0.01153	0.01584	0.01564	0.03171	0.20058	0.10593	0.07361	0.01468	0.03444	0.01120	0.00728	0.00534	0.00203	0.00575	0.00528	0.00523	0.00869
38	0.01542	0.04742	0.14930	0.02787	0.21816	0.04146	0.34357	0.02041	0.01472	0.02026	0.01220	0.01588	0.00951	0.00585	0.00723	0.00206	0.03005	0.00633	0.00313	0.00916
39	0.01296	0.03342	0.73944	0.01842	0.02797	0.01501	0.02387	0.02046	0.01364	0.02046	0.01160	0.01364	0.00818	0.00614	0.00614	0.00205	0.00955	0.00477	0.00273	0.00955
40	0.01506	0.01414	0.02257	0.21514	0.44066	0.01522	0.01775	0.02142	0.13214	0.02094	0.01435	0.01766	0.01141	0.00644	0.00644	0.00202	0.00748	0.00601	0.00368	0.00947
41	0.06570	0.01737	0.02227	0.04411	0.29291	0.11455	0.07415	0.11762	0.08467	0.04970	0.01388	0.01609	0.01085	0.00677	0.00696	0.00199	0.04101	0.00575	0.00419	0.00946
42	0.00828	0.00618	0.00776	0.00884	0.00965	0.00582	0.00606	0.01037	0.04666	0.01750	0.06715	0.61247	0.13146	0.01891	0.00806	0.00252	0.00372	0.01696	0.00607	0.00555
43	0.01855	0.60481	0.03176	0.01264	0.01819	0.02298	0.07040	0.05098	0.01459	0.08659	0.01121	0.01232	0.00928	0.00586	0.00477	0.00153	0.00712	0.00421	0.00348	0.00871
44	0.03452	0.02206	0.23253	0.02089	0.17974	0.10385	0.01662	0.06903	0.18621	0.02331	0.03765	0.01758	0.01324	0.00707	0.00628	0.00200	0.00785	0.00578	0.00424	0.00955
45	0.01469	0.01521	0.02984	0.13701	0.16710	0.01509	0.38989	0.04511	0.01514	0.02057	0.01458	0.07792	0.01242	0.00694	0.00722	0.00215	0.00921	0.00779	0.00354	0.00858
46	0.00782	0.00598	0.00718	0.00810	0.00915	0.00534	0.00561	0.00917	0.01336	0.01707	0.06334	0.49751	0.28980	0.01868	0.00801	0.00245	0.00356	0.01651	0.00603	0.00534
47	0.01296	0.03342	0.73944	0.01842	0.02797	0.01501	0.02387	0.02046	0.01364	0.02046	0.01160	0.01364	0.00818	0.00614	0.00614	0.00205	0.00955	0.00477	0.00273	0.00955
48	0.04706	0.04351	0.18676	0.04782	0.21148	0.11085	0.03926	0.09122	0.08485	0.05535	0.01385	0.01562	0.01053	0.00657	0.00618	0.00195	0.00824	0.00542	0.00398	0.00950
49	0.01323	0.01033	0.01174	0.01243	0.07798	0.05179	0.00849	0.08362	0.04882	0.06466	0.12811	0.18515	0.19264	0.01312	0.00720	0.00215	0.00490	0.03229	0.04416	0.00719
50	0.00787	0.00565	0.00747	0.00892	0.00935	0.00525	0.00597	0.00901	0.01244	0.01652	0.03650	0.74762	0.06325	0.02013	0.00823	0.00261	0.00373	0.01823	0.00600	0.00525
51	0.16878	0.01401	0.01653	0.01580	0.09367	0.07580	0.07826	0.05706	0.10877	0.06985	0.02034	0.04079	0.07843	0.05699	0.03550	0.00265	0.04715	0.00692	0.00467	0.00805
52	0.01476	0.01964	0.18562	0.09368	0.29136	0.01551	0.24435	0.01996	0.01450	0.02043	0.01227	0.01605	0.00950	0.00580	0.00674	0.00205	0.00921	0.00615	0.00309	0.00932
53	0.01283	0.01184	0.01904	0.68319	0.04183	0.01464	0.01723	0.03745	0.06401	0.01795	0.01266	0.01767	0.00947	0.00666	0.00647	0.00215	0.00832	0.00586	0.00324	0.00750
54	0.01506	0.01690	0.03594	0.06777	0.05776	0.01633	0.61905	0.02023	0.01489	0.02027	0.01277	0.01724	0.00970	0.00575	0.00807	0.00219	0.04086	0.00738	0.00323	0.00862
55	0.08403	0.45289	0.25463	0.01318	0.01984	0.02078	0.01472	0.02005	0.01328	0.04057	0.01033	0.01178	0.00839	0.00584	0.00484	0.00166	0.00754	0.00397	0.00302	0.00866
56	0.00891	0.00676	0.00790	0.00758	0.00941	0.00614	0.00569	0.01186	0.03688	0.02267	0.42512	0.05167	0.30986	0.01400	0.00745	0.00207	0.00319	0.01203	0.04486	0.00597
57	0.00821	0.00648	0.00739	0.00734	0.00912	0.00567	0.00544	0.01031	0.01581	0.02044	0.30380	0.12005	0.42587	0.01556	0.00769	0.00217	0.00323	0.01335	0.00640	0.00567
58	0.01618	0.38431	0.34191	0.01457	0.02173	0.05464	0.01668	0.02063	0.01382	0.04661	0.01084	0.01233	0.00856	0.00595	0.00519	0.00171	0.00824	0.00419	0.00299	0.00891
59	0.02094	0.01873	0.06263	0.01728	0.06138	0.08426	0.07893	0.37858	0.10009	0.05201	0.01670	0.04943	0.01292	0.00789	0.00658	0.00200	0.00765	0.00651	0.00550	0.00999
60	0.00787	0.00562	0.00750	0.00900	0.00937	0.00525	0.00600	0.00900	0.01237	0.01649	0.03561	0.76871	0.04274	0.02024	0.00825	0.00262	0.00375	0.01837	0.00600	0.00525
61	0.09333	0.08098	0.02308	0.07576	0.02363	0.11534	0.19287	0.07263	0.19292	0.04245	0.01563	0.01705	0.01186	0.00681	0.00628	0.00201	0.00807	0.00603	0.00445	0.00883
62	0.07013	0.08781	0.02500	0.12962	0.22496	0.11625	0.13568	0.02024	0.03237	0.01934	0.01148	0.01499	0.00937	0.00645	0.00738	0.00200	0.06963	0.00553	0.00325	0.00851
63	0.00769	0.00652	0.00663	0.00666	0.00877	0.00547	0.00497	0.00935	0.01477	0.01768	0.08403	0.08071	0.69205	0.01638	0.00765	0.00219	0.00328	0.01371	0.00603	0.00547
64	0.01414	0.00708	0.00785	0.00721	0.00930	0.00686	0.00556	0.03642	0.01519	0.11654	0.09610	0.02731	0.04410	0.00847	0.00525	0.00166	0.00346	0.00691	0.57380	0.00679
65	0.01802	0.51794	0.08450	0.01403	0.03484	0.15679	0.03789	0.02058	0.01415	0.01606	0.00957	0.01133	0.00839	0.00594	0.00523	0.00156	0.02806	0.00395	0.00289	0.00827
66	0.01753	0.18998	0.32319	0.01757	0.07961	0.07903	0.01740	0.14365	0.01710	0.04016	0.01198	0.01349	0.00907	0.00635	0.00577	0.00184	0.00847	0.00474	0.00362	0.00945
67	0.02150	0.08885	0.03953	0.01541	0.01923	0.48120	0.01219	0.05058	0.17165	0.01920	0.01370	0.01446	0.01090	0.00705	0.00588	0.00178	0.00961	0.00486	0.00408	0.00833

[dist]
# distance from previous block
# <min> <max>
0	2

[block]
# block no. 1 follows, 34 sequences, length 54
# corresponding to MSA columns:
# 142-195
name=unknown_B
#
# <colnr> <probs for GDERKNQSTAVLIFYWHMCP>
#	G	D	E	R	K	N	Q	S	T	A	V	L	I	F	Y	W	H	M	C	P
0	0.01701	0.01422	0.01567	0.01291	0.04444	0.08424	0.03166	0.08432	0.08354	0.08651	0.06075	0.01768	0.01446	0.00651	0.00570	0.00147	0.00597	0.00531	0.00482	0.40280
1	0.12574	0.10700	0.01879	0.01469	0.03720	0.35110	0.01139	0.11720	0.04545	0.09502	0.01276	0.01353	0.00978	0.00679	0.00560	0.00177	0.00867	0.00462	0.00437	0.00852
2	0.00777	0.00655	0.00673	0.00669	0.00881	0.00551	0.00501	0.00953	0.01504	0.01820	0.12413	0.06095	0.67086	0.01609	0.00764	0.00217	0.00325	0.01346	0.00610	0.00551
3	0.05744	0.01787	0.01898	0.01460	0.01973	0.01981	0.01206	0.68241	0.02958	0.04024	0.01524	0.01531	0.01082	0.00768	0.00636	0.00194	0.00702	0.00572	0.00636	0.01082
4	0.02447	0.01386	0.01624	0.01293	0.01765	0.01432	0.01052	0.23885	0.19482	0.35074	0.02266	0.02054	0.01539	0.00811	0.00651	0.00203	0.00589	0.00649	0.00718	0.01080
5	0.02332	0.01748	0.01869	0.01462	0.01956	0.01946	0.01198	0.61209	0.13138	0.03872	0.01709	0.01677	0.01227	0.00790	0.00648	0.00198	0.00682	0.00603	0.00648	0.01088
6	0.01599	0.01535	0.02623	0.03966	0.73262	0.01535	0.01983	0.01983	0.01471	0.02111	0.01215	0.01599	0.01023	0.00576	0.00640	0.00192	0.00768	0.00576	0.00320	0.01023
7	0.00939	0.00715	0.00929	0.00994	0.01101	0.00706	0.02387	0.03521	0.08070	0.01845	0.03465	0.62667	0.06526	0.01822	0.00799	0.00253	0.00415	0.01645	0.00600	0.00601
8	0.02175	0.01616	0.01749	0.01398	0.01841	0.01782	0.01131	0.56817	0.08159	0.03654	0.01894	0.11321	0.01576	0.00944	0.00670	0.00205	0.00652	0.00755	0.00641	0.01019
9	0.01525	0.01743	0.03813	0.02723	0.03377	0.01634	0.70915	0.02070	0.01525	0.02070	0.01307	0.01743	0.00980	0.00545	0.00763	0.00218	0.01089	0.00763	0.00327	0.00871
10	0.00816	0.00584	0.00778	0.00895	0.00955	0.00546	0.00616	0.00966	0.01341	0.01811	0.14730	0.62936	0.04549	0.01903	0.00817	0.00254	0.00371	0.03974	0.00618	0.00541
11	0.01565	0.01746	0.03732	0.02670	0.03318	0.01650	0.67919	0.05038	0.01590	0.02156	0.01318	0.01735	0.00985	0.00555	0.00758	0.00217	0.01073	0.00755	0.00341	0.00881
12	0.01220	0.01148	0.01938	0.75739	0.04450	0.01436	0.01794	0.01651	0.01292	0.01651	0.01148	0.01723	0.00861	0.00646	0.00646	0.00215	0.00861	0.00574	0.00287	0.00718
13	0.01414	0.01414	0.01979	0.01696	0.01696	0.01979	0.01414	0.01555	0.00990	0.01555	0.00848	0.01414	0.00848	0.01131	0.02120	0.00283	0.76110	0.00565	0.00283	0.00707
14	0.01480	0.01356	0.02342	0.35987	0.34868	0.01472	0.06217	0.01890	0.01410	0.04980	0.01248	0.01690	0.00973	0.00615	0.00651	0.00204	0.00821	0.00590	0.00326	0.00880
15	0.01296	0.03342	0.73944	0.01842	0.02797	0.01501	0.02387	0.02046	0.01364	0.02046	0.01160	0.01364	0.00818	0.00614	0.00614	0.00205	0.00955	0.00477	0.00273	0.00955
16	0.00942	0.00757	0.00854	0.00821	0.01032	0.00717	0.00627	0.01383	0.10950	0.02193	0.30543	0.05239	0.36096	0.01425	0.00754	0.00216	0.00354	0.03814	0.00649	0.00634
17	0.00792	0.00567	0.00761	0.00905	0.00946	0.00536	0.00608	0.00910	0.01229	0.01644	0.03490	0.73994	0.04171	0.02133	0.03684	0.00292	0.00427	0.01793	0.00590	0.00527
18	0.01529	0.01707	0.03599	0.02719	0.07580	0.01638	0.62018	0.02095	0.03941	0.02078	0.01332	0.01747	0.01013	0.00577	0.00795	0.00218	0.03455	0.00744	0.00336	0.00881
19	0.01442	0.22291	0.37035	0.01809	0.02565	0.01774	0.17583	0.01984	0.01391	0.01904	0.01311	0.01532	0.03350	0.00617	0.00601	0.00191	0.00895	0.00538	0.00297	0.00889
20	0.01479	0.01523	0.01969	0.01694	0.01716	0.06738	0.01403	0.01622	0.01045	0.01557	0.00858	0.01397	0.00847	0.01100	0.02020	0.00275	0.71205	0.00556	0.00286	0.00710
21	0.05758	0.00714	0.01089	0.05798	0.03473	0.00740	0.03415	0.01037	0.00931	0.01325	0.01121	0.01877	0.01073	0.01931	0.02157	0.65730	0.00604	0.00558	0.00291	0.00379
22	0.01606	0.01714	0.03102	0.03195	0.34990	0.05762	0.33450	0.02043	0.01501	0.02044	0.01233	0.01634	0.00987	0.00584	0.00739	0.00205	0.03305	0.00652	0.00323	0.00928
23	0.02053	0.02125	0.01760	0.01532	0.01866	0.30016	0.01199	0.15525	0.22819	0.02377	0.01567	0.01639	0.01223	0.00809	0.00815	0.00202	0.10541	0.00560	0.00482	0.00890
24	0.00934	0.00624	0.00706	0.00712	0.00714	0.00622	0.00400	0.00938	0.00951	0.01268	0.02095	0.07032	0.02423	0.74388	0.03194	0.00612	0.00617	0.00974	0.00400	0.00397
25	0.01263	0.01239	0.02259	0.56141	0.04020	0.01435	0.15719	0.01704	0.01323	0.01726	0.01218	0.01779	0.00934	0.00897	0.05451	0.00269	0.00964	0.00620	0.00299	0.00740
26	0.08780	0.07865	0.06529	0.01554	0.01966	0.52037	0.01266	0.09127	0.01824	0.01958	0.01048	0.01198	0.00846	0.00660	0.00565	0.00172	0.01021	0.00426	0.00361	0.00798
27	0.00767	0.00640	0.00669	0.00693	0.00883	0.00542	0.00508	0.00923	0.01436	0.01731	0.06081	0.17208	0.62310	0.01697	0.00773	0.00225	0.00335	0.01437	0.00600	0.00542
28	0.01220	0.01148	0.01938	0.75739	0.04450	0.01436	0.01794	0.01651	0.01292	0.01651	0.01148	0.01723	0.00861	0.00646	0.00646	0.00215	0.00861	0.00574	0.00287	0.00718
29	0.02456	0.01810	0.01939	0.01487	0.02004	0.02004	0.01228	0.71107	0.03038	0.04072	0.01551	0.01551	0.01099	0.00776	0.00646	0.00194	0.00711	0.00582	0.00646	0.01099
30	0.02481	0.01769	0.01914	0.01467	0.01984	0.01944	0.01212	0.67236	0.02970	0.08039	0.01608	0.01588	0.01127	0.00777	0.00647	0.00194	0.00702	0.00586	0.00655	0.01099
31	0.00764	0.00655	0.00655	0.00655	0.00873	0.00545	0.00491	0.00927	0.01473	0.01745	0.06546	0.06218	0.73000	0.01636	0.00764	0.00218	0.00327	0.01364	0.00600	0.00545
32	0.01525	0.01743	0.03813	0.02723	0.03377	0.01634	0.70915	0.02070	0.01525	0.02070	0.01307	0.01743	0.00980	0.00545	0.00763	0.00218	0.01089	0.00763	0.00327	0.00871
33	0.01525	0.01743	0.03813	0.02723	0.03377	0.01634	0.70915	0.02070	0.01525	0.02070	0.01307	0.01743	0.00980	0.00545	0.00763	0.00218	0.01089	0.00763	0.00327	0.00871
34	0.01296	0.03342	0.73944	0.01842	0.02797	0.01501	0.02387	0.02046	0.01364	0.02046	0.01160	0.01364	0.00818	0.00614	0.00614	0.00205	0.00955	0.00477	0.00273	0.00955
35	0.01220	0.01148	0.01938	0.75739	0.04450	0.01436	0.01794	0.01651	0.01292	0.01651	0.01148	0.01723	0.00861	0.00646	0.00646	0.00215	0.00861	0.00574	0.00287	0.00718
36	0.02422	0.02830	0.01852	0.01630	0.01999	0.60439	0.01244	0.16022	0.02068	0.02070	0.01107	0.01241	0.00885	0.00687	0.00595	0.00172	0.01076	0.00449	0.00394	0.00818
37	0.01220	0.01148	0.01938	0.75739	0.04450	0.01436	0.01794	0.01651	0.01292	0.01651	0.01148	0.01723	0.00861	0.00646	0.00646	0.00215	0.00861	0.00574	0.00287	0.00718
38	0.00786	0.00568	0.00744	0.00884	0.00933	0.00526	0.00593	0.00901	0.01252	0.01656	0.03754	0.72311	0.08709	0.01999	0.00821	0.00260	0.00372	0.01806	0.00600	0.00526
39	0.02414	0.03079	0.01831	0.01665	0.01998	0.74698	0.01248	0.02580	0.01831	0.01581	0.00999	0.01165	0.00832	0.00666	0.00583	0.00166	0.01165	0.00416	0.00333	0.00749
40	0.00787	0.00562	0.00750	0.00900	0.00937	0.00525	0.00600	0.00900	0.01237	0.01649	0.03561	0.76871	0.04274	0.02024	0.00825	0.00262	0.00375	0.01837	0.00600	0.00525
41	0.00787	0.00562	0.00750	0.00900	0.00937	0.00525	0.00600	0.00900	0.01237	0.01649	0.03561	0.76871	0.04274	0.02024	0.00825	0.00262	0.00375	0.01837	0.00600	0.00525
42	0.00957	0.00625	0.00698	0.00698	0.00708	0.00625	0.00395	0.00976	0.00966	0.01327	0.02041	0.04111	0.02304	0.72353	0.03106	0.00596	0.00605	0.00918	0.05586	0.00405
43	0.02452	0.01935	0.01928	0.01504	0.02003	0.09190	0.01230	0.64333	0.02919	0.03826	0.01497	0.01513	0.01072	0.00765	0.00640	0.00191	0.00756	0.00565	0.00615	0.01064
44	0.00914	0.00660	0.00864	0.00813	0.00965	0.00610	0.00610	0.01219	0.01829	0.02591	0.72921	0.04827	0.06097	0.01321	0.00762	0.00203	0.00305	0.01169	0.00711	0.00610
45	0.01599	0.01535	0.02623	0.03966	0.73262	0.01535	0.01983	0.01983	0.01471	0.02111	0.01215	0.01599	0.01023	0.00576	0.00640	0.00192	0.00768	0.00576	0.00320	0.01023
46	0.01970	0.02227	0.02192	0.12573	0.18818	0.35435	0.07316	0.06522	0.03315	0.01933	0.01166	0.01443	0.00935	0.00644	0.00625	0.00186	0.00982	0.00521	0.00350	0.00846
47	0.01704	0.62716	0.03008	0.01147	0.01663	0.02370	0.01089	0.02229	0.15197	0.01752	0.01238	0.01306	0.01053	0.00616	0.00462	0.00154	0.00656	0.00421	0.00351	0.00867
48	0.00769	0.00634	0.00676	0.00709	0.00887	0.00541	0.00515	0.00921	0.01420	0.01724	0.05878	0.22028	0.57621	0.01723	0.00777	0.00228	0.00338	0.01470	0.00600	0.00541
49	0.02335	0.01671	0.17259	0.01638	0.06690	0.01174	0.08381	0.02730	0.01689	0.46575	0.02041	0.01936	0.01333	0.00720	0.00653	0.00202	0.00705	0.00620	0.00609	0.01041
50	0.01619	0.02109	0.12026	0.02518	0.05598	0.11423	0.50793	0.02132	0.01545	0.02003	0.01245	0.01614	0.00942	0.00570	0.00716	0.00208	0.01072	0.00675	0.00321	0.00871
51	0.04673	0.07007	0.02801	0.02021	0.02503	0.10692	0.31244	0.16469	0.01776	0.02351	0.01216	0.01516	0.00949	0.00690	0.00864	0.00209	0.11146	0.00613	0.00387	0.00873
52	0.01877	0.06213	0.07523	0.13760	0.05588	0.12816	0.09152	0.15882	0.12399	0.06189	0.01508	0.01664	0.01124	0.00695	0.00635	0.00198	0.00828	0.00580	0.00452	0.00918
53	0.01625	0.03641	0.15798	0.01648	0.06556	0.16334	0.06071	0.08610	0.11597	0.02190	0.06188	0.05314	0.06522	0.04136	0.00767	0.00218	0.00784	0.00712	0.00448	0.00841

[dist]
# distance from previous block
# <min> <max>
0	10

[block]
# block no. 2 follows, 34 sequences, length 92
# corresponding to MSA columns:
# 206-297
name=unknown_C
#
# <colnr> <probs for GDERKNQSTAVLIFYWHMCP>
#	G	D	E	R	K	N	Q	S	T	A	V	L	I	F	Y	W	H	M	C	P
0	0.12387	0.11221	0.18861	0.01389	0.01946	0.09334	0.03550	0.05788	0.13077	0.03718	0.01460	0.04299	0.01173	0.00703	0.00567	0.00186	0.00727	0.00539	0.00414	0.08659
1	0.02004	0.38456	0.02777	0.01481	0.01970	0.25563	0.07923	0.09385	0.01680	0.01860	0.01038	0.01200	0.00873	0.00612	0.00526	0.00161	0.00884	0.00433	0.00338	0.00836
2	0.01594	0.08764	0.40364	0.04065	0.02451	0.01452	0.06129	0.02195	0.04087	0.12493	0.01404	0.01531	0.01003	0.00628	0.00600	0.00189	0.00813	0.00512	0.00380	0.09346
3	0.01684	0.54043	0.19745	0.01325	0.01953	0.08368	0.01417	0.02015	0.01368	0.01648	0.00968	0.01124	0.00827	0.00577	0.00475	0.00156	0.00792	0.00382	0.00280	0.00852
4	0.01656	0.09760	0.43425	0.05119	0.02600	0.01535	0.08017	0.04416	0.01504	0.13903	0.01390	0.01527	0.00974	0.00639	0.00616	0.00199	0.00863	0.00526	0.00378	0.00953
5	0.00934	0.00689	0.01022	0.01022	0.01139	0.00800	0.00794	0.01167	0.01050	0.01534	0.01745	0.02534	0.01617	0.04693	0.71948	0.01005	0.01677	0.00689	0.03364	0.00578
6	0.01050	0.00770	0.00818	0.00779	0.00999	0.02758	0.00585	0.01217	0.01428	0.08641	0.05091	0.05106	0.50248	0.07905	0.09388	0.00341	0.00557	0.01157	0.00566	0.00596
7	0.01721	0.01678	0.03302	0.05523	0.03094	0.04437	0.54122	0.02196	0.01553	0.11250	0.01434	0.01768	0.01045	0.00604	0.00777	0.00215	0.03291	0.00720	0.00385	0.00885
8	0.05585	0.22943	0.04498	0.01435	0.01866	0.42661	0.01194	0.02415	0.01647	0.08618	0.01123	0.01232	0.00900	0.00644	0.00537	0.00165	0.00943	0.00419	0.00364	0.00809
9	0.01296	0.03342	0.73944	0.01842	0.02797	0.01501	0.02387	0.02046	0.01364	0.02046	0.01160	0.01364	0.00818	0.00614	0.00614	0.00205	0.00955	0.00477	0.00273	0.00955
10	0.02114	0.01506	0.01684	0.04304	0.01912	0.01665	0.01128	0.33373	0.27125	0.12412	0.02051	0.01978	0.01480	0.00944	0.03100	0.00232	0.00659	0.00646	0.00646	0.01040
11	0.01287	0.01146	0.01921	0.72768	0.04339	0.01416	0.01761	0.01711	0.01314	0.04521	0.01204	0.01742	0.00891	0.00652	0.00646	0.00215	0.00849	0.00577	0.00308	0.00733
12	0.01267	0.01225	0.01934	0.72810	0.04353	0.04333	0.01773	0.01688	0.01313	0.01648	0.01143	0.01701	0.00860	0.00647	0.00643	0.00213	0.00873	0.00568	0.00289	0.00719
13	0.00812	0.00656	0.00722	0.00705	0.00902	0.00566	0.00529	0.01021	0.01587	0.02016	0.27800	0.05773	0.51576	0.01535	0.00763	0.00213	0.00320	0.01301	0.00636	0.00566
14	0.01562	0.47830	0.29417	0.01429	0.02133	0.02138	0.03821	0.01980	0.01339	0.01732	0.01008	0.01180	0.00830	0.00575	0.00499	0.00165	0.00801	0.00408	0.00277	0.00877
15	0.01565	0.08223	0.22136	0.02262	0.02957	0.08671	0.40667	0.02102	0.01495	0.01974	0.01207	0.01532	0.00912	0.00575	0.00679	0.00203	0.01030	0.00621	0.00309	0.00879
16	0.02421	0.01792	0.01919	0.01480	0.01990	0.01987	0.01220	0.68290	0.05912	0.04015	0.01596	0.01587	0.01135	0.00780	0.00647	0.00195	0.00703	0.00588	0.00647	0.01096
17	0.01560	0.01658	0.01957	0.01692	0.01740	0.12626	0.01389	0.01705	0.01113	0.01559	0.00870	0.01377	0.00846	0.01063	0.01895	0.00266	0.65137	0.00544	0.00290	0.00713
18	0.02393	0.02836	0.01834	0.01627	0.01988	0.61571	0.01238	0.12667	0.04370	0.01985	0.01135	0.01264	0.00910	0.00689	0.00594	0.00172	0.01077	0.00451	0.00390	0.00810
19	0.00904	0.00682	0.00840	0.00816	0.00982	0.00631	0.00612	0.01222	0.04336	0.02334	0.49590	0.10348	0.19507	0.01434	0.00767	0.00214	0.00331	0.03170	0.00675	0.00605
20	0.00894	0.00647	0.00848	0.00852	0.00983	0.00600	0.00635	0.01156	0.01677	0.02334	0.52389	0.19370	0.07443	0.01502	0.00784	0.00222	0.00340	0.06056	0.00678	0.00590
21	0.01727	0.77681	0.03386	0.01106	0.01658	0.02557	0.01106	0.01935	0.01313	0.01520	0.00898	0.01036	0.00829	0.00553	0.00415	0.00138	0.00691	0.00345	0.00276	0.00829
22	0.01535	0.04361	0.01997	0.52731	0.03667	0.01633	0.01621	0.17804	0.01687	0.02205	0.01221	0.01644	0.00915	0.00691	0.00692	0.00210	0.03640	0.00567	0.00370	0.00810
23	0.00787	0.00562	0.00750	0.00900	0.00937	0.00525	0.00600	0.00900	0.01237	0.01649	0.03561	0.76871	0.04274	0.02024	0.00825	0.00262	0.00375	0.01837	0.00600	0.00525
24	0.00767	0.00642	0.00667	0.00688	0.00881	0.00543	0.00506	0.00924	0.01441	0.01732	0.06141	0.15798	0.63681	0.01689	0.00772	0.00224	0.00334	0.01428	0.00600	0.00543
25	0.02202	0.08937	0.01944	0.01389	0.01868	0.01895	0.01157	0.49330	0.11996	0.05688	0.03774	0.01895	0.01424	0.00813	0.00636	0.00195	0.00662	0.02544	0.00618	0.01034
26	0.01525	0.01743	0.03813	0.02723	0.03377	0.01634	0.70915	0.02070	0.01525	0.02070	0.01307	0.01743	0.00980	0.00545	0.00763	0.00218	0.01089	0.00763	0.00327	0.00871
27	0.02899	0.01100	0.01499	0.01150	0.01649	0.00950	0.00950	0.03149	0.01849	0.73709	0.02549	0.02199	0.01599	0.00800	0.00650	0.00200	0.00550	0.00650	0.00800	0.01100
28	0.01052	0.00589	0.00832	0.00835	0.00852	0.00597	0.00555	0.00903	0.00920	0.01241	0.03474	0.04842	0.01642	0.16742	0.09486	0.53385	0.00673	0.00702	0.00330	0.00347
29	0.01320	0.03175	0.66615	0.01934	0.02857	0.01515	0.09549	0.02049	0.01381	0.02049	0.01175	0.01404	0.00835	0.00607	0.00629	0.00206	0.00969	0.00507	0.00278	0.00946
30	0.01607	0.01388	0.01461	0.01315	0.01680	0.01607	0.01023	0.03433	0.72094	0.02703	0.02630	0.02411	0.01972	0.00877	0.00657	0.00219	0.00511	0.00731	0.00657	0.01023
31	0.01229	0.01166	0.01993	0.73615	0.04419	0.01441	0.03806	0.01663	0.01299	0.01663	0.01153	0.01723	0.00865	0.00643	0.00649	0.00215	0.00868	0.00580	0.00288	0.00722
32	0.01750	0.61036	0.11708	0.01233	0.01830	0.02374	0.01272	0.08988	0.01495	0.01843	0.00996	0.01128	0.00855	0.00583	0.00462	0.00152	0.00725	0.00385	0.00314	0.00872
33	0.01568	0.01750	0.05427	0.09567	0.03193	0.03770	0.49736	0.06697	0.01566	0.02109	0.01258	0.01673	0.00957	0.00624	0.00844	0.00219	0.07147	0.00697	0.00340	0.00858
34	0.00926	0.00629	0.00701	0.00701	0.00718	0.00620	0.00399	0.00939	0.00982	0.01292	0.02394	0.04386	0.07957	0.71287	0.03088	0.00594	0.00603	0.00973	0.00408	0.00404
35	0.04205	0.01382	0.01609	0.07214	0.01895	0.07377	0.02640	0.13953	0.07363	0.19764	0.09093	0.02610	0.01963	0.00947	0.00824	0.00217	0.08330	0.07153	0.00581	0.00881
36	0.06235	0.01751	0.08692	0.01384	0.01910	0.05240	0.01216	0.34817	0.03804	0.23885	0.01813	0.03410	0.01276	0.00784	0.00633	0.00198	0.00689	0.00604	0.00626	0.01034
37	0.01525	0.01743	0.03813	0.02723	0.03377	0.01634	0.70915	0.02070	0.01525	0.02070	0.01307	0.01743	0.00980	0.00545	0.00763	0.00218	0.01089	0.00763	0.00327	0.00871
38	0.04369	0.01618	0.01901	0.31246	0.02961	0.06957	0.01441	0.36262	0.02193	0.02888	0.01330	0.01577	0.00972	0.00710	0.00634	0.00201	0.00797	0.00560	0.00472	0.00909
39	0.05928	0.01670	0.01482	0.03752	0.01649	0.22127	0.01019	0.09572	0.05521	0.07791	0.11686	0.05208	0.02012	0.08312	0.01058	0.00245	0.09021	0.00702	0.00488	0.00758
40	0.01160	0.00877	0.01020	0.00958	0.01160	0.00888	0.00719	0.10875	0.09402	0.02412	0.27225	0.18177	0.13167	0.06153	0.00909	0.00246	0.00427	0.02906	0.00637	0.00682
41	0.00787	0.00562	0.00750	0.00900	0.00937	0.00525	0.00600	0.00900	0.01237	0.01649	0.03561	0.76871	0.04274	0.02024	0.00825	0.00262	0.00375	0.01837	0.00600	0.00525
42	0.01711	0.01987	0.02924	0.04160	0.02741	0.19417	0.38596	0.02082	0.01488	0.01839	0.01138	0.01538	0.00915	0.00692	0.00982	0.00218	0.15813	0.00635	0.00319	0.00805
43	0.04594	0.01981	0.01847	0.18750	0.04866	0.24347	0.01352	0.22400	0.09174	0.02498	0.01365	0.01544	0.01035	0.00710	0.00619	0.00193	0.00861	0.00536	0.00449	0.00879
44	0.05997	0.01221	0.01521	0.01187	0.01663	0.01167	0.00975	0.15039	0.04825	0.52065	0.05779	0.02174	0.01710	0.00816	0.00644	0.00200	0.00563	0.00654	0.00746	0.01055
45	0.16166	0.02494	0.01701	0.01486	0.01869	0.46647	0.01149	0.16960	0.01960	0.02336	0.01099	0.01227	0.00866	0.00678	0.00564	0.00178	0.00954	0.00440	0.00411	0.00815
46	0.02121	0.34921	0.02495	0.01426	0.01853	0.43907	0.01187	0.02305	0.01610	0.01555	0.00956	0.01110	0.00831	0.00618	0.00511	0.00154	0.00963	0.00386	0.00309	0.00783
47	0.01346	0.01276	0.02164	0.51998	0.27211	0.01469	0.01857	0.01761	0.01351	0.01803	0.01171	0.01682	0.00915	0.00623	0.00644	0.00208	0.00830	0.00575	0.00298	0.00819
48	0.01011	0.00727	0.00874	0.00864	0.01065	0.00672	0.00677	0.01327	0.05082	0.05797	0.26226	0.08367	0.30217	0.01498	0.00777	0.00228	0.00389	0.12928	0.00647	0.00625
49	0.00934	0.00672	0.00880	0.00966	0.01049	0.00674	0.00690	0.05075	0.01321	0.01772	0.03100	0.52125	0.03576	0.06983	0.10499	0.00384	0.00605	0.07576	0.00556	0.00563
50	0.03420	0.01692	0.03208	0.04734	0.02980	0.05232	0.51458	0.03607	0.01524	0.06223	0.01343	0.01761	0.01028	0.02578	0.00890	0.00228	0.06170	0.00710	0.00361	0.00851
51	0.01665	0.01452	0.01480	0.01317	0.01680	0.04663	0.01026	0.07933	0.60928	0.02744	0.05956	0.02418	0.02068	0.00883	0.00659	0.00214	0.00542	0.00729	0.00646	0.00996
52	0.00786	0.00565	0.00747	0.00892	0.00935	0.00525	0.00596	0.00901	0.01244	0.01652	0.03653	0.74692	0.06393	0.02012	0.00823	0.00261	0.00373	0.01822	0.00600	0.00525
53	0.01512	0.01718	0.03734	0.05798	0.03422	0.01626	0.68004	0.02052	0.01515	0.02052	0.01301	0.01742	0.00975	0.00549	0.00758	0.00218	0.01080	0.00755	0.00325	0.00865
54	0.01239	0.01174	0.01942	0.68646	0.04186	0.01488	0.01758	0.01642	0.01263	0.01642	0.01120	0.01693	0.00860	0.00692	0.00787	0.00222	0.08070	0.00573	0.00287	0.00717
55	0.00812	0.00656	0.00722	0.00706	0.00903	0.00566	0.00529	0.01021	0.01588	0.02018	0.27948	0.05770	0.51427	0.01535	0.00763	0.00213	0.00320	0.01301	0.00636	0.00566
56	0.01340	0.01148	0.01340	0.00957	0.01531	0.00861	0.00766	0.01627	0.01340	0.02105	0.01148	0.01340	0.00957	0.00479	0.00479	0.00096	0.00479	0.00383	0.00383	0.81242
57	0.68627	0.01192	0.00970	0.00880	0.01244	0.01362	0.00710	0.04700	0.01214	0.02821	0.03067	0.08434	0.01200	0.00763	0.00460	0.00206	0.00492	0.00524	0.00438	0.00697
58	0.00788	0.00636	0.00702	0.00727	0.00898	0.00549	0.00530	0.00960	0.01469	0.01836	0.14581	0.21015	0.49692	0.01677	0.00776	0.00226	0.00334	0.01438	0.00614	0.00549
59	0.02388	0.03030	0.01856	0.01738	0.04282	0.72353	0.01272	0.02561	0.01820	0.01598	0.01006	0.01179	0.00838	0.00663	0.00584	0.00167	0.01152	0.00421	0.00332	0.00758
60	0.01596	0.01794	0.02719	0.04882	0.02578	0.14480	0.33447	0.01944	0.01437	0.01845	0.04047	0.03844	0.01215	0.00794	0.01076	0.00226	0.20267	0.00691	0.00338	0.00782
61	0.00850	0.00616	0.00803	0.00844	0.00948	0.00569	0.00600	0.01062	0.01547	0.02129	0.38671	0.37176	0.08475	0.01651	0.00790	0.00230	0.00337	0.01477	0.00656	0.00569
62	0.00768	0.00637	0.00672	0.00700	0.00885	0.00542	0.00511	0.00922	0.01429	0.01728	0.05991	0.19339	0.60237	0.01708	0.00775	0.00226	0.00336	0.01452	0.00600	0.00542
63	0.24080	0.01363	0.01441	0.01266	0.03776	0.03276	0.01001	0.18191	0.09573	0.19201	0.01885	0.02232	0.01457	0.00838	0.00604	0.00209	0.00596	0.07500	0.00592	0.00919
64	0.01600	0.01613	0.02595	0.12922	0.52685	0.06620	0.08581	0.01990	0.01478	0.02011	0.01201	0.01599	0.00985	0.00588	0.00648	0.00196	0.00838	0.00583	0.00317	0.00950
65	0.00764	0.00655	0.00655	0.00655	0.00873	0.00545	0.00491	0.00927	0.01473	0.01745	0.06546	0.06218	0.73000	0.01636	0.00764	0.00218	0.00327	0.01364	0.00600	0.00545
66	0.26505	0.02308	0.01531	0.01376	0.01739	0.42442	0.01059	0.05185	0.08459	0.02190	0.01149	0.01266	0.00913	0.00671	0.00537	0.00183	0.00881	0.00433	0.00397	0.00774
67	0.01497	0.01280	0.01362	0.01232	0.01570	0.01456	0.00955	0.03090	0.61660	0.02643	0.09673	0.02840	0.05987	0.00959	0.00673	0.00218	0.00482	0.00805	0.00660	0.00958
68	0.01220	0.01148	0.01938	0.75739	0.04450	0.01436	0.01794	0.01651	0.01292	0.01651	0.01148	0.01723	0.00861	0.00646	0.00646	0.00215	0.00861	0.00574	0.00287	0.00718
69	0.01220	0.01148	0.01938	0.75739	0.04450	0.01436	0.01794	0.01651	0.01292	0.01651	0.01148	0.01723	0.00861	0.00646	0.00646	0.00215	0.00861	0.00574	0.00287	0.00718
70	0.01393	0.01325	0.02251	0.42961	0.35875	0.01481	0.01881	0.01803	0.01374	0.01861	0.01179	0.01666	0.00935	0.00614	0.00643	0.00205	0.00819	0.00575	0.00302	0.00857
71	0.01599	0.01535	0.02623	0.03966	0.73262	0.01535	0.01983	0.01983	0.01471	0.02111	0.01215	0.01599	0.01023	0.00576	0.00640	0.00192	0.00768	0.00576	0.00320	0.01023
72	0.02414	0.03079	0.01831	0.01665	0.01998	0.74698	0.01248	0.02580	0.01831	0.01581	0.00999	0.01165	0.00832	0.00666	0.00583	0.00166	0.01165	0.00416	0.00333	0.00749
73	0.02899	0.01100	0.01499	0.01150	0.01649	0.00950	0.00950	0.03149	0.01849	0.73709	0.02549	0.02199	0.01599	0.00800	0.00650	0.00200	0.00550	0.00650	0.00800	0.01100
74	0.00866	0.00634	0.00796	0.00839	0.00951	0.00588	0.00607	0.01058	0.01467	0.01967	0.27107	0.27138	0.15686	0.09470	0.01055	0.00276	0.00391	0.07938	0.00615	0.00550
75	0.00868	0.00674	0.00711	0.00691	0.00914	0.00569	0.00522	0.01049	0.01525	0.04827	0.13135	0.05909	0.63218	0.01569	0.00759	0.00216	0.00334	0.01314	0.00620	0.00575
76	0.00808	0.00577	0.00774	0.00924	0.00971	0.00543	0.00637	0.00936	0.01258	0.01673	0.03550	0.71044	0.04227	0.02004	0.00830	0.00265	0.00393	0.07454	0.00599	0.00531
77	0.02839	0.01195	0.01559	0.01195	0.01697	0.01092	0.00987	0.12294	0.02009	0.64338	0.02415	0.02112	0.01532	0.00796	0.00649	0.00199	0.00572	0.00641	0.00779	0.01100
78	0.10255	0.01446	0.01521	0.01280	0.01674	0.01616	0.01020	0.32294	0.24931	0.03211	0.04997	0.09205	0.01855	0.00933	0.00646	0.00210	0.00575	0.00752	0.00622	0.00957
79	0.00886	0.00667	0.00824	0.00838	0.00977	0.00624	0.00608	0.01185	0.05163	0.02168	0.37047	0.26844	0.16631	0.01565	0.00776	0.00225	0.00340	0.01382	0.00656	0.00594
80	0.01007	0.00844	0.00905	0.00892	0.01132	0.00832	0.00694	0.01598	0.18984	0.02002	0.05084	0.08051	0.44411	0.01480	0.00755	0.00230	0.00407	0.09408	0.00614	0.00669
81	0.01554	0.01288	0.01391	0.01234	0.01573	0.01452	0.00962	0.09488	0.51877	0.02812	0.16133	0.02796	0.02687	0.00953	0.00677	0.00214	0.00491	0.00801	0.00667	0.00950
82	0.00906	0.00672	0.00780	0.00804	0.00962	0.00612	0.00578	0.01144	0.04680	0.04159	0.14005	0.28736	0.33181	0.04673	0.00875	0.00246	0.00367	0.01423	0.00616	0.00581
83	0.01204	0.00602	0.00602	0.00602	0.00753	0.00602	0.00452	0.01506	0.01355	0.02409	0.02108	0.02409	0.01656	0.00753	0.00452	0.00151	0.00301	0.00602	0.80879	0.00602
84	0.00809	0.00655	0.00697	0.00695	0.00879	0.00568	0.00510	0.00976	0.01459	0.01802	0.14162	0.05861	0.55159	0.09784	0.01040	0.00263	0.00364	0.03188	0.00591	0.00538
85	0.00800	0.00572	0.00761	0.00891	0.00940	0.00533	0.00601	0.00931	0.01294	0.01741	0.10276	0.69896	0.04450	0.01956	0.00819	0.00257	0.00368	0.01772	0.00611	0.00533
86	0.00869	0.00617	0.00724	0.00759	0.00818	0.00585	0.00483	0.00954	0.01187	0.01564	0.09939	0.23853	0.14309	0.38187	0.01997	0.00425	0.00482	0.01266	0.00510	0.00472
87	0.00787	0.00562	0.00750	0.00900	0.00937	0.00525	0.00600	0.00900	0.01237	0.01649	0.03561	0.76871	0.04274	0.02024	0.00825	0.00262	0.00375	0.01837	0.00600	0.00525
88	0.00938	0.00633	0.00737	0.00737	0.00748	0.00644	0.00432	0.00960	0.00949	0.01277	0.02006	0.04065	0.02278	0.70279	0.10205	0.00666	0.00733	0.00916	0.00387	0.00409
89	0.00939	0.00619	0.00715	0.00724	0.00727	0.00617	0.00414	0.00932	0.00954	0.01272	0.02088	0.08824	0.02411	0.68594	0.03090	0.04701	0.00607	0.00979	0.00399	0.00395
90	0.01721	0.01569	0.01517	0.01356	0.01724	0.08700	0.01053	0.06168	0.62417	0.02651	0.02427	0.02254	0.01826	0.00852	0.00650	0.00213	0.00583	0.00694	0.00626	0.00999
91	0.01285	0.00630	0.00924	0.00905	0.00967	0.00616	0.00645	0.01111	0.01001	0.08155	0.01482	0.02502	0.01419	0.02062	0.02187	0.65608	0.00563	0.07187	0.00361	0.00389

[dist]
# distance from previous block
# <min> <max>
0	2

# created by:
# /home/berkeley/.conda/envs/busco_data_prod/bin/msa2prfl.pl pipeline/OGs_align_augustus/4893/33213.fs
