[name]
unknown

[dist]
# distance from previous block
# <min> <max>
0	0

[block]
# block no. 0 follows, 34 sequences, length 16
# corresponding to MSA columns:
# 0-15
name=unknown_A
#
# <colnr> <probs for GDERKNQSTAVLIFYWHMCP>
#	G	D	E	R	K	N	Q	S	T	A	V	L	I	F	Y	W	H	M	C	P
0	0.01041	0.00744	0.01041	0.01190	0.01339	0.00744	0.01041	0.01339	0.01487	0.01934	0.03421	0.07288	0.03719	0.01785	0.00892	0.00297	0.00595	0.68913	0.00595	0.00595
1	0.02456	0.01810	0.01939	0.01487	0.02004	0.02004	0.01228	0.71107	0.03038	0.04072	0.01551	0.01551	0.01099	0.00776	0.00646	0.00194	0.00711	0.00582	0.00646	0.01099
2	0.01220	0.01148	0.01938	0.75739	0.04450	0.01436	0.01794	0.01651	0.01292	0.01651	0.01148	0.01723	0.00861	0.00646	0.00646	0.00215	0.00861	0.00574	0.00287	0.00718
3	0.00928	0.00700	0.00778	0.00750	0.00963	0.00619	0.00565	0.01192	0.04223	0.05169	0.22716	0.08155	0.47906	0.01506	0.00756	0.00215	0.00340	0.01277	0.00639	0.00603
4	0.00764	0.00655	0.00655	0.00655	0.00873	0.00545	0.00491	0.00927	0.01473	0.01745	0.06546	0.06218	0.73000	0.01636	0.00764	0.00218	0.00327	0.01364	0.00600	0.00545
5	0.00900	0.00660	0.00844	0.00798	0.00957	0.00604	0.00598	0.01192	0.01795	0.02511	0.66639	0.04958	0.12428	0.01351	0.00762	0.00205	0.00307	0.01187	0.00701	0.00604
6	0.01599	0.01535	0.02623	0.03966	0.73262	0.01535	0.01983	0.01983	0.01471	0.02111	0.01215	0.01599	0.01023	0.00576	0.00640	0.00192	0.00768	0.00576	0.00320	0.01023
7	0.67971	0.01569	0.01104	0.00992	0.01380	0.14252	0.00796	0.02018	0.01227	0.02669	0.00917	0.01070	0.00723	0.00611	0.00432	0.00194	0.00616	0.00361	0.00388	0.00708
8	0.00800	0.00572	0.00761	0.00891	0.00940	0.00533	0.00601	0.00931	0.01296	0.01743	0.10451	0.69714	0.04455	0.01954	0.00818	0.00257	0.00368	0.01770	0.00611	0.00533
9	0.01340	0.01148	0.01340	0.00957	0.01531	0.00861	0.00766	0.01627	0.01340	0.02105	0.01148	0.01340	0.00957	0.00479	0.00479	0.00096	0.00479	0.00383	0.00383	0.81242
10	0.01334	0.01144	0.01526	0.01840	0.22084	0.01166	0.01109	0.07316	0.15382	0.02398	0.17758	0.03483	0.18692	0.01048	0.00698	0.00206	0.00516	0.00910	0.00557	0.00834
11	0.00927	0.00677	0.00961	0.00961	0.01050	0.00766	0.00712	0.01104	0.01016	0.01443	0.01801	0.02928	0.01784	0.21548	0.58261	0.00943	0.01476	0.00749	0.00357	0.00534
12	0.00791	0.00576	0.00746	0.00871	0.00932	0.00531	0.00589	0.00917	0.01288	0.01703	0.07092	0.66493	0.11185	0.01953	0.00816	0.00255	0.00367	0.01759	0.00605	0.00531
13	0.01640	0.14175	0.12099	0.01546	0.07033	0.08447	0.01295	0.05990	0.29511	0.02330	0.07850	0.02029	0.01759	0.00779	0.00612	0.00194	0.00675	0.00622	0.00491	0.00925
14	0.01558	0.48504	0.31079	0.01394	0.02105	0.02142	0.01609	0.01979	0.01333	0.01727	0.01001	0.01165	0.00825	0.00577	0.00493	0.00164	0.00795	0.00397	0.00275	0.00879
15	0.05278	0.48697	0.12155	0.01473	0.08896	0.02090	0.01318	0.02037	0.01368	0.07336	0.01100	0.01236	0.00905	0.00582	0.00482	0.00158	0.00707	0.00411	0.00330	0.03441

[dist]
# distance from previous block
# <min> <max>
0	1

[block]
# block no. 1 follows, 34 sequences, length 17
# corresponding to MSA columns:
# 17-33
name=unknown_B
#
# <colnr> <probs for GDERKNQSTAVLIFYWHMCP>
#	G	D	E	R	K	N	Q	S	T	A	V	L	I	F	Y	W	H	M	C	P
0	0.04768	0.01713	0.05097	0.27806	0.29655	0.12830	0.05174	0.01966	0.01449	0.01899	0.01149	0.01550	0.00915	0.00615	0.00629	0.00198	0.00874	0.00547	0.00312	0.00854
1	0.00787	0.00562	0.00750	0.00900	0.00937	0.00525	0.00600	0.00900	0.01237	0.01649	0.03561	0.76871	0.04274	0.02024	0.00825	0.00262	0.00375	0.01837	0.00600	0.00525
2	0.01444	0.01399	0.02448	0.32189	0.40488	0.01504	0.07452	0.01859	0.01405	0.01926	0.01196	0.01659	0.00956	0.00601	0.00652	0.00203	0.00830	0.00590	0.00307	0.00891
3	0.01564	0.16544	0.40800	0.01844	0.08697	0.04036	0.03767	0.04901	0.05635	0.04541	0.01266	0.01427	0.00950	0.00627	0.00588	0.00191	0.00850	0.00493	0.00337	0.00944
4	0.01339	0.01312	0.01859	0.07509	0.01844	0.01798	0.01367	0.01501	0.01037	0.01572	0.01129	0.08578	0.01173	0.01177	0.01881	0.00275	0.62959	0.00686	0.00313	0.00690
5	0.00909	0.00623	0.00704	0.00718	0.00742	0.00610	0.00420	0.00935	0.01017	0.01335	0.02601	0.11004	0.09209	0.63308	0.02826	0.00555	0.00575	0.01061	0.00430	0.00418
6	0.05305	0.01720	0.13976	0.01264	0.01627	0.14000	0.01128	0.03538	0.13216	0.02087	0.09050	0.13725	0.07157	0.03203	0.03751	0.00257	0.00711	0.03041	0.00491	0.00754
7	0.01690	0.01532	0.02547	0.03740	0.67116	0.01535	0.01907	0.05317	0.01560	0.04958	0.01283	0.01620	0.01049	0.00594	0.00640	0.00192	0.00757	0.00579	0.00354	0.01030
8	0.01220	0.01148	0.01938	0.75739	0.04450	0.01436	0.01794	0.01651	0.01292	0.01651	0.01148	0.01723	0.00861	0.00646	0.00646	0.00215	0.00861	0.00574	0.00287	0.00718
9	0.00798	0.00571	0.00759	0.00892	0.00940	0.00532	0.00601	0.00926	0.01287	0.01728	0.09357	0.70851	0.04426	0.01966	0.00819	0.00257	0.00369	0.01781	0.00609	0.00532
10	0.01409	0.02739	0.01639	0.07800	0.06424	0.05504	0.08412	0.06319	0.10778	0.05508	0.13919	0.05231	0.17928	0.01047	0.00731	0.00209	0.02184	0.00905	0.00534	0.00779
11	0.01579	0.04597	0.13667	0.02362	0.11456	0.04113	0.31593	0.04964	0.10894	0.02172	0.01410	0.01688	0.01080	0.00647	0.00760	0.00211	0.04872	0.00648	0.00371	0.00918
12	0.01490	0.01464	0.02049	0.06116	0.33249	0.07730	0.06390	0.02054	0.12544	0.02089	0.05011	0.06304	0.08993	0.00849	0.00674	0.00204	0.00704	0.00772	0.00432	0.00881
13	0.06690	0.01422	0.01927	0.01641	0.01719	0.04279	0.04695	0.01607	0.01055	0.01665	0.00944	0.01480	0.00901	0.01325	0.07223	0.00326	0.59531	0.00565	0.00299	0.00706
14	0.16259	0.03317	0.08101	0.06457	0.06084	0.04613	0.10998	0.13342	0.01677	0.08740	0.01505	0.01660	0.03612	0.00667	0.00592	0.00188	0.00723	0.00554	0.00442	0.10470
15	0.12507	0.08745	0.01873	0.05428	0.01956	0.21283	0.01180	0.23282	0.07922	0.02604	0.01281	0.01410	0.00995	0.00730	0.00681	0.00192	0.06104	0.00497	0.00454	0.00875
16	0.05821	0.01832	0.09088	0.01712	0.06672	0.05639	0.07666	0.24295	0.22801	0.05180	0.01757	0.01782	0.01295	0.00742	0.00641	0.00203	0.00724	0.00613	0.00538	0.00998

[dist]
# distance from previous block
# <min> <max>
0	6

[block]
# block no. 2 follows, 34 sequences, length 91
# corresponding to MSA columns:
# 40-130
name=unknown_C
#
# <colnr> <probs for GDERKNQSTAVLIFYWHMCP>
#	G	D	E	R	K	N	Q	S	T	A	V	L	I	F	Y	W	H	M	C	P
0	0.10685	0.19247	0.09808	0.01651	0.09854	0.08635	0.05076	0.09681	0.06170	0.02249	0.01257	0.02916	0.01031	0.00646	0.00550	0.00175	0.00736	0.00500	0.00385	0.08748
1	0.11001	0.18570	0.17290	0.01484	0.02059	0.14999	0.03884	0.19167	0.01826	0.02448	0.01147	0.01282	0.00885	0.00646	0.00555	0.00181	0.00829	0.00460	0.00393	0.00895
2	0.03847	0.00725	0.00999	0.01009	0.01137	0.00707	0.04196	0.03027	0.01286	0.04110	0.02932	0.51807	0.03330	0.06199	0.07585	0.00338	0.00567	0.01444	0.02616	0.02138
3	0.00767	0.00643	0.00667	0.00686	0.00881	0.00543	0.00505	0.00924	0.01443	0.01733	0.06167	0.15181	0.64281	0.01686	0.00771	0.00224	0.00333	0.01424	0.00600	0.00543
4	0.01684	0.01426	0.01504	0.01330	0.01709	0.01643	0.01041	0.09540	0.65863	0.02826	0.02533	0.02333	0.01894	0.00868	0.00656	0.00217	0.00529	0.00717	0.00656	0.01030
5	0.01727	0.77681	0.03386	0.01106	0.01658	0.02557	0.01106	0.01935	0.01313	0.01520	0.00898	0.01036	0.00829	0.00553	0.00415	0.00138	0.00691	0.00345	0.00276	0.00829
6	0.01069	0.00692	0.00886	0.00831	0.01015	0.00626	0.00625	0.01334	0.01735	0.09004	0.51962	0.10975	0.14032	0.01373	0.00757	0.00210	0.00336	0.01203	0.00696	0.00640
7	0.01587	0.01523	0.02601	0.06204	0.71116	0.01532	0.01977	0.01973	0.01466	0.02097	0.01213	0.01603	0.01018	0.00578	0.00640	0.00193	0.00771	0.00576	0.00319	0.01014
8	0.00776	0.00644	0.00679	0.00693	0.00886	0.00547	0.00511	0.00943	0.01469	0.01790	0.10538	0.14323	0.60654	0.01661	0.00771	0.00222	0.00331	0.01406	0.00607	0.00547
9	0.00900	0.00662	0.00867	0.00937	0.01063	0.00608	0.00696	0.01097	0.01406	0.01907	0.15594	0.42426	0.06753	0.01725	0.00799	0.00245	0.00412	0.14721	0.00602	0.06581
10	0.01461	0.01394	0.02372	0.30202	0.48108	0.01499	0.01914	0.01862	0.01406	0.01943	0.01191	0.01644	0.00964	0.00601	0.00642	0.00200	0.00802	0.00575	0.00308	0.00912
11	0.01959	0.52462	0.02860	0.01295	0.01773	0.26944	0.01154	0.02153	0.01488	0.01541	0.00932	0.01080	0.00830	0.00591	0.00471	0.00148	0.00851	0.00369	0.00296	0.00802
12	0.01328	0.01259	0.02133	0.55287	0.24058	0.01464	0.01848	0.01746	0.01343	0.01782	0.01168	0.01687	0.00908	0.00626	0.00644	0.00209	0.00835	0.00575	0.00296	0.00805
13	0.02086	0.19691	0.13067	0.01496	0.01984	0.32772	0.01355	0.04152	0.03402	0.09673	0.01220	0.01330	0.00950	0.00672	0.00616	0.00176	0.03675	0.00453	0.00377	0.00851
14	0.79012	0.01315	0.00981	0.00879	0.01276	0.04072	0.00719	0.01924	0.01126	0.02852	0.00903	0.01054	0.00705	0.00602	0.00406	0.00199	0.00524	0.00352	0.00397	0.00702
15	0.01607	0.05302	0.31566	0.02090	0.08669	0.11423	0.14873	0.05429	0.04866	0.02075	0.01232	0.01478	0.00938	0.00651	0.00719	0.00203	0.05090	0.00548	0.00332	0.00909
16	0.02416	0.01790	0.01916	0.01479	0.01988	0.01985	0.01218	0.67895	0.06316	0.04007	0.01602	0.01592	0.01140	0.00780	0.00647	0.00195	0.00702	0.00589	0.00647	0.01095
17	0.01220	0.01148	0.01938	0.75739	0.04450	0.01436	0.01794	0.01651	0.01292	0.01651	0.01148	0.01723	0.00861	0.00646	0.00646	0.00215	0.00861	0.00574	0.00287	0.00718
18	0.04196	0.01176	0.01943	0.68644	0.08506	0.01442	0.01766	0.01680	0.01296	0.01724	0.01143	0.01691	0.00865	0.00640	0.00637	0.00213	0.00842	0.00566	0.00293	0.00736
19	0.00940	0.00626	0.00705	0.00705	0.00705	0.00626	0.00392	0.00940	0.00940	0.01253	0.02036	0.04228	0.02349	0.77292	0.03289	0.00626	0.00626	0.00940	0.00392	0.00392
20	0.12944	0.01119	0.01430	0.01111	0.01599	0.01013	0.00918	0.02990	0.01754	0.64701	0.02339	0.02053	0.01485	0.00774	0.00618	0.00200	0.00543	0.00612	0.00749	0.01049
21	0.00940	0.00626	0.00705	0.00705	0.00705	0.00626	0.00392	0.00940	0.00940	0.01253	0.02036	0.04228	0.02349	0.77292	0.03289	0.00626	0.00626	0.00940	0.00392	0.00392
22	0.00793	0.00637	0.00708	0.00729	0.00901	0.00552	0.00532	0.00971	0.01486	0.01868	0.17021	0.19854	0.48361	0.01660	0.00775	0.00224	0.00333	0.01424	0.00619	0.00552
23	0.81856	0.01250	0.00950	0.00850	0.01250	0.01449	0.00700	0.01899	0.01100	0.02899	0.00900	0.01050	0.00700	0.00600	0.00400	0.00200	0.00500	0.00350	0.00400	0.00700
24	0.00929	0.00667	0.00911	0.00911	0.00982	0.00738	0.00648	0.01072	0.01001	0.01405	0.01847	0.03185	0.01896	0.32565	0.47396	0.00881	0.01308	0.00787	0.00364	0.00506
25	0.01284	0.01208	0.02026	0.55281	0.18600	0.01427	0.01768	0.01682	0.01319	0.01745	0.01269	0.05240	0.01056	0.00709	0.00691	0.00214	0.02764	0.00634	0.00309	0.00772
26	0.02150	0.18318	0.02137	0.01477	0.01864	0.38166	0.01191	0.14011	0.05182	0.02034	0.01168	0.01354	0.00971	0.02669	0.00709	0.00185	0.04735	0.00465	0.00388	0.00827
27	0.01316	0.06714	0.70744	0.01808	0.02745	0.01548	0.02329	0.02041	0.01362	0.02022	0.01148	0.01349	0.00819	0.00611	0.00605	0.00202	0.00943	0.00471	0.00273	0.00949
28	0.01822	0.14369	0.32928	0.01651	0.02371	0.01674	0.08775	0.13028	0.01711	0.13545	0.01413	0.01511	0.01003	0.00652	0.00608	0.00193	0.00825	0.00529	0.00420	0.00972
29	0.01727	0.77681	0.03386	0.01106	0.01658	0.02557	0.01106	0.01935	0.01313	0.01520	0.00898	0.01036	0.00829	0.00553	0.00415	0.00138	0.00691	0.00345	0.00276	0.00829
30	0.02899	0.01100	0.01499	0.01150	0.01649	0.00950	0.00950	0.03149	0.01849	0.73709	0.02549	0.02199	0.01599	0.00800	0.00650	0.00200	0.00550	0.00650	0.00800	0.01100
31	0.01001	0.00757	0.01021	0.10264	0.05250	0.00804	0.00732	0.01114	0.01094	0.01474	0.04843	0.14011	0.02450	0.45700	0.04354	0.00485	0.02732	0.00994	0.00413	0.00508
32	0.01727	0.77681	0.03386	0.01106	0.01658	0.02557	0.01106	0.01935	0.01313	0.01520	0.00898	0.01036	0.00829	0.00553	0.00415	0.00138	0.00691	0.00345	0.00276	0.00829
33	0.02649	0.01031	0.01375	0.01074	0.01527	0.00899	0.00881	0.02902	0.01783	0.63673	0.02608	0.02332	0.03543	0.00817	0.00630	0.00195	0.00516	0.00664	0.09874	0.01028
34	0.00939	0.00673	0.00829	0.00782	0.00963	0.00604	0.00590	0.01205	0.01736	0.04675	0.53212	0.05107	0.23516	0.01387	0.00759	0.00207	0.00319	0.01203	0.00685	0.00609
35	0.04406	0.07956	0.19431	0.07901	0.06864	0.28995	0.05108	0.08260	0.01683	0.02012	0.01117	0.01336	0.00870	0.00639	0.00596	0.00185	0.00966	0.00479	0.00339	0.00854
36	0.00925	0.00686	0.01008	0.01008	0.01113	0.00791	0.00770	0.01134	0.01029	0.01477	0.01758	0.02692	0.01682	0.11431	0.68238	0.01001	0.01630	0.00715	0.00350	0.00560
37	0.00939	0.00629	0.00716	0.00716	0.00720	0.00633	0.00406	0.00947	0.00943	0.01261	0.02025	0.04170	0.02324	0.74772	0.05774	0.00641	0.00665	0.00931	0.00390	0.00398
38	0.02118	0.29095	0.02383	0.01471	0.01862	0.45446	0.01208	0.02298	0.01603	0.01558	0.00955	0.01134	0.00832	0.00652	0.00609	0.00163	0.05128	0.00400	0.00310	0.00775
39	0.69815	0.01299	0.01239	0.01277	0.09786	0.01466	0.03127	0.01915	0.01157	0.02779	0.00950	0.01137	0.00747	0.00595	0.00440	0.00200	0.00550	0.00390	0.00388	0.00743
40	0.02299	0.01732	0.01851	0.01455	0.01944	0.01931	0.01190	0.58613	0.15788	0.03819	0.01750	0.01710	0.01260	0.00794	0.00648	0.00199	0.00674	0.00609	0.00648	0.01085
41	0.00935	0.00646	0.00802	0.00802	0.00835	0.00679	0.00513	0.01002	0.00968	0.01325	0.01947	0.03737	0.02136	0.56215	0.24074	0.00746	0.00948	0.00868	0.00378	0.00445
42	0.00802	0.00651	0.00701	0.00697	0.00885	0.00561	0.00513	0.00983	0.01507	0.01882	0.19066	0.08632	0.53990	0.05182	0.00886	0.00236	0.00339	0.01324	0.00612	0.00550
43	0.01944	0.43343	0.02621	0.01320	0.01758	0.30736	0.01142	0.02136	0.01498	0.01543	0.00993	0.01186	0.00882	0.00880	0.05383	0.00209	0.00946	0.00396	0.00303	0.00781
44	0.01678	0.01372	0.01463	0.01306	0.01678	0.01571	0.01019	0.03418	0.68225	0.06614	0.02625	0.02399	0.01952	0.00872	0.00657	0.00218	0.00513	0.00726	0.00665	0.01027
45	0.02379	0.01354	0.01557	0.01225	0.01673	0.01398	0.01002	0.32855	0.06169	0.28442	0.02048	0.01957	0.01408	0.00786	0.00619	0.00191	0.00581	0.00617	0.12719	0.01021
46	0.01531	0.01466	0.02500	0.16792	0.60965	0.01517	0.01949	0.01924	0.01439	0.02029	0.01203	0.01621	0.00994	0.00588	0.00641	0.00196	0.00784	0.00575	0.00314	0.00969
47	0.00781	0.00633	0.00694	0.00726	0.00896	0.00546	0.00527	0.00944	0.01445	0.01790	0.11132	0.23061	0.51163	0.01704	0.00778	0.00228	0.00337	0.01462	0.00609	0.00546
48	0.01410	0.07251	0.59991	0.01853	0.02729	0.03658	0.07639	0.04459	0.01445	0.02076	0.01166	0.01377	0.00842	0.00612	0.00615	0.00201	0.00948	0.00495	0.00292	0.00941
49	0.00980	0.00676	0.00876	0.00817	0.00986	0.00619	0.00616	0.01275	0.01812	0.05153	0.66986	0.04801	0.09317	0.01318	0.00758	0.00204	0.00315	0.01159	0.00709	0.00624
50	0.02447	0.04044	0.01856	0.01401	0.01898	0.04073	0.01154	0.48091	0.08450	0.17209	0.01795	0.01719	0.01251	0.00778	0.00639	0.00195	0.00677	0.00595	0.00655	0.01073
51	0.01019	0.00938	0.06964	0.01162	0.01381	0.00772	0.01062	0.01333	0.01479	0.01934	0.05846	0.08791	0.11402	0.01665	0.00849	0.00277	0.00578	0.51360	0.00573	0.00617
52	0.02899	0.01100	0.01499	0.01150	0.01649	0.00950	0.00950	0.03149	0.01849	0.73709	0.02549	0.02199	0.01599	0.00800	0.00650	0.00200	0.00550	0.00650	0.00800	0.01100
53	0.01600	0.01528	0.02568	0.03841	0.69879	0.01539	0.01938	0.02052	0.04809	0.02139	0.01282	0.01638	0.01068	0.00590	0.00641	0.00193	0.00755	0.00583	0.00336	0.01023
54	0.02456	0.01810	0.01939	0.01487	0.02004	0.02004	0.01228	0.71107	0.03038	0.04072	0.01551	0.01551	0.01099	0.00776	0.00646	0.00194	0.00711	0.00582	0.00646	0.01099
55	0.00940	0.00626	0.00705	0.00705	0.00705	0.00626	0.00392	0.00940	0.00940	0.01253	0.02036	0.04228	0.02349	0.77292	0.03289	0.00626	0.00626	0.00940	0.00392	0.00392
56	0.02899	0.01100	0.01499	0.01150	0.01649	0.00950	0.00950	0.03149	0.01849	0.73709	0.02549	0.02199	0.01599	0.00800	0.00650	0.00200	0.00550	0.00650	0.00800	0.01100
57	0.01727	0.77681	0.03386	0.01106	0.01658	0.02557	0.01106	0.01935	0.01313	0.01520	0.00898	0.01036	0.00829	0.00553	0.00415	0.00138	0.00691	0.00345	0.00276	0.00829
58	0.01340	0.01148	0.01340	0.00957	0.01531	0.00861	0.00766	0.01627	0.01340	0.02105	0.01148	0.01340	0.00957	0.00479	0.00479	0.00096	0.00479	0.00383	0.00383	0.81242
59	0.09617	0.01557	0.03855	0.41073	0.03211	0.11927	0.01483	0.05883	0.08549	0.04848	0.01328	0.01644	0.00993	0.00680	0.00613	0.00205	0.00816	0.00545	0.00381	0.00794
60	0.00929	0.00684	0.00914	0.04354	0.01130	0.00649	0.00666	0.01240	0.01804	0.02547	0.69529	0.04680	0.05849	0.01289	0.00757	0.00204	0.00331	0.01140	0.00691	0.00615
61	0.01340	0.01148	0.01340	0.00957	0.01531	0.00861	0.00766	0.01627	0.01340	0.02105	0.01148	0.01340	0.00957	0.00479	0.00479	0.00096	0.00479	0.00383	0.00383	0.81242
62	0.01495	0.01595	0.03204	0.05323	0.17294	0.01542	0.46664	0.02054	0.05096	0.02128	0.05818	0.01939	0.01354	0.00620	0.00728	0.00212	0.00938	0.00742	0.00365	0.00888
63	0.01790	0.01340	0.01529	0.01128	0.01680	0.01206	0.00917	0.22287	0.01881	0.08188	0.01375	0.01468	0.01048	0.00591	0.00541	0.00133	0.00553	0.00462	0.00493	0.51389
64	0.01024	0.00731	0.01010	0.01132	0.01276	0.00725	0.00971	0.01311	0.01501	0.01974	0.10480	0.06916	0.03908	0.04705	0.00973	0.00301	0.00567	0.59308	0.00599	0.00588
65	0.01441	0.01374	0.02337	0.33902	0.44561	0.01494	0.01904	0.01844	0.01396	0.01919	0.01187	0.01651	0.00956	0.00605	0.00642	0.00202	0.00807	0.00575	0.00306	0.00896
66	0.01253	0.03084	0.67040	0.01749	0.02622	0.01412	0.02219	0.01951	0.01375	0.02046	0.04113	0.05660	0.01216	0.00719	0.00631	0.00208	0.00897	0.00580	0.00308	0.00918
67	0.01563	0.01518	0.02649	0.09690	0.62891	0.01534	0.06703	0.01962	0.01460	0.02071	0.01216	0.01619	0.01007	0.00579	0.00649	0.00196	0.00797	0.00588	0.00318	0.00988
68	0.01370	0.01301	0.02208	0.47421	0.31600	0.01475	0.01869	0.01782	0.01363	0.01832	0.01175	0.01674	0.00925	0.00618	0.00644	0.00206	0.00824	0.00575	0.00300	0.00838
69	0.01209	0.01112	0.01864	0.70037	0.04198	0.01377	0.01723	0.01613	0.01288	0.01649	0.01255	0.01993	0.01004	0.00746	0.00712	0.02576	0.00840	0.03803	0.00301	0.00699
70	0.01353	0.03263	0.71383	0.01817	0.02756	0.01481	0.02336	0.02085	0.01381	0.04580	0.01209	0.01394	0.00846	0.00620	0.00615	0.00204	0.00941	0.00484	0.00291	0.00960
71	0.02798	0.01078	0.01459	0.01126	0.01613	0.00930	0.00928	0.03043	0.01831	0.70293	0.02739	0.02390	0.04989	0.00839	0.00655	0.00201	0.00539	0.00684	0.00790	0.01073
72	0.00917	0.00615	0.00844	0.00935	0.01013	0.00601	0.00656	0.01064	0.01246	0.05069	0.05184	0.57096	0.03694	0.02482	0.14868	0.00405	0.00639	0.01543	0.00564	0.00564
73	0.01599	0.01535	0.02623	0.03966	0.73262	0.01535	0.01983	0.01983	0.01471	0.02111	0.01215	0.01599	0.01023	0.00576	0.00640	0.00192	0.00768	0.00576	0.00320	0.01023
74	0.01220	0.01148	0.01938	0.75739	0.04450	0.01436	0.01794	0.01651	0.01292	0.01651	0.01148	0.01723	0.00861	0.00646	0.00646	0.00215	0.00861	0.00574	0.00287	0.00718
75	0.00853	0.00606	0.00788	0.00892	0.00955	0.00576	0.00623	0.00992	0.01290	0.01723	0.10195	0.48688	0.06050	0.12751	0.01180	0.00312	0.00430	0.09992	0.00580	0.00523
76	0.01220	0.01148	0.01938	0.75739	0.04450	0.01436	0.01794	0.01651	0.01292	0.01651	0.01148	0.01723	0.00861	0.00646	0.00646	0.00215	0.00861	0.00574	0.00287	0.00718
77	0.01306	0.03270	0.70763	0.01882	0.02823	0.01507	0.05496	0.02047	0.01371	0.02047	0.01166	0.01381	0.00826	0.00611	0.00621	0.00205	0.00961	0.00490	0.00275	0.00951
78	0.01358	0.01314	0.02162	0.51718	0.22059	0.03116	0.03602	0.01766	0.01348	0.01776	0.01159	0.01671	0.00905	0.00639	0.00685	0.00210	0.02840	0.00576	0.00297	0.00801
79	0.01296	0.03342	0.73944	0.01842	0.02797	0.01501	0.02387	0.02046	0.01364	0.02046	0.01160	0.01364	0.00818	0.00614	0.00614	0.00205	0.00955	0.00477	0.00273	0.00955
80	0.01429	0.14688	0.54478	0.01790	0.02642	0.01662	0.08495	0.02062	0.01385	0.03947	0.01171	0.01371	0.00857	0.00603	0.00598	0.00195	0.00915	0.00488	0.00293	0.00932
81	0.01488	0.01668	0.12149	0.19067	0.27886	0.03711	0.09917	0.01920	0.01440	0.05345	0.01467	0.05927	0.01249	0.00729	0.00670	0.00209	0.00827	0.03098	0.00355	0.00881
82	0.00801	0.00576	0.00749	0.00873	0.00925	0.00536	0.00585	0.00921	0.01269	0.01690	0.07641	0.65692	0.07765	0.05537	0.00935	0.00274	0.00380	0.01732	0.00596	0.00524
83	0.01026	0.00756	0.01111	0.01080	0.01236	0.00707	0.07267	0.03616	0.01386	0.05633	0.03540	0.55638	0.10994	0.01734	0.00797	0.00248	0.00458	0.01578	0.00586	0.00611
84	0.12872	0.06110	0.20419	0.01758	0.05075	0.01512	0.16615	0.07970	0.04023	0.11698	0.01518	0.04981	0.01169	0.00703	0.00625	0.00204	0.00784	0.00620	0.00433	0.00911
85	0.03717	0.08369	0.49317	0.01657	0.02428	0.01460	0.06319	0.02035	0.01411	0.07816	0.05242	0.01725	0.01240	0.03672	0.00718	0.00216	0.00849	0.00552	0.00351	0.00903
86	0.04713	0.02048	0.18447	0.02501	0.24177	0.05505	0.13885	0.10864	0.01690	0.07989	0.01343	0.01570	0.01003	0.00627	0.00645	0.00199	0.00853	0.00576	0.00393	0.00970
87	0.04682	0.05944	0.13880	0.05851	0.10295	0.28679	0.15818	0.03810	0.01605	0.01919	0.01124	0.01390	0.00884	0.00617	0.00621	0.00189	0.01001	0.00521	0.00325	0.00846
88	0.03922	0.07232	0.04742	0.10903	0.16536	0.06440	0.07877	0.09732	0.03201	0.13687	0.05478	0.01814	0.01360	0.00690	0.00628	0.00191	0.00747	0.00598	0.00458	0.03763
89	0.01751	0.01740	0.05570	0.03067	0.48167	0.08426	0.01720	0.08248	0.01639	0.04212	0.01253	0.01535	0.01012	0.00601	0.00619	0.00181	0.00775	0.00541	0.00367	0.08576
90	0.03876	0.04263	0.02486	0.09642	0.42174	0.05654	0.08982	0.05074	0.01513	0.02097	0.01264	0.03900	0.01076	0.00650	0.00676	0.00196	0.02742	0.00607	0.00343	0.02785

[dist]
# distance from previous block
# <min> <max>
0	10

[block]
# block no. 3 follows, 34 sequences, length 38
# corresponding to MSA columns:
# 141-178
name=unknown_D
#
# <colnr> <probs for GDERKNQSTAVLIFYWHMCP>
#	G	D	E	R	K	N	Q	S	T	A	V	L	I	F	Y	W	H	M	C	P
0	0.03845	0.09811	0.11525	0.04584	0.17962	0.12973	0.05321	0.08883	0.08394	0.06399	0.01520	0.01669	0.02929	0.00682	0.00611	0.00190	0.00806	0.00559	0.00412	0.00924
1	0.12747	0.01989	0.13305	0.04377	0.21314	0.14864	0.03324	0.04218	0.05521	0.06470	0.03462	0.01682	0.02613	0.00682	0.00604	0.00195	0.00793	0.00551	0.00399	0.00890
2	0.01652	0.01659	0.08067	0.06314	0.28713	0.05470	0.04670	0.04564	0.10323	0.06105	0.01448	0.01655	0.01126	0.00626	0.00615	0.00181	0.00728	0.00557	0.00406	0.15122
3	0.05175	0.01500	0.04455	0.13250	0.25944	0.01617	0.09921	0.04147	0.07050	0.02083	0.02703	0.01694	0.01120	0.00739	0.00939	0.00220	0.15605	0.00607	0.00356	0.00876
4	0.01794	0.01398	0.01716	0.14173	0.02153	0.05373	0.01242	0.15151	0.05201	0.12666	0.03237	0.03751	0.05303	0.00928	0.01036	0.00222	0.20296	0.00664	0.00486	0.03209
5	0.16582	0.13681	0.05629	0.03063	0.01889	0.17388	0.01176	0.24009	0.04348	0.04691	0.01251	0.01341	0.00952	0.00679	0.00551	0.00183	0.00771	0.00470	0.00455	0.00892
6	0.00765	0.00649	0.00661	0.00670	0.00877	0.00544	0.00498	0.00925	0.01457	0.01739	0.06352	0.10811	0.68532	0.01662	0.00768	0.00221	0.00330	0.01394	0.00600	0.00544
7	0.01771	0.72945	0.03287	0.01141	0.01680	0.07137	0.01115	0.01976	0.01346	0.01524	0.00905	0.01045	0.00829	0.00560	0.00425	0.00140	0.00721	0.00350	0.00280	0.00824
8	0.02635	0.08353	0.05498	0.01220	0.01741	0.03386	0.01066	0.06793	0.03677	0.55424	0.02225	0.01987	0.01447	0.00764	0.00624	0.00194	0.00610	0.00604	0.00698	0.01055
9	0.01317	0.05759	0.69475	0.01844	0.02776	0.01540	0.04426	0.02043	0.01367	0.02030	0.01155	0.01365	0.00824	0.00610	0.00612	0.00203	0.00950	0.00482	0.00275	0.00948
10	0.00771	0.00655	0.00664	0.00662	0.00877	0.00548	0.00496	0.00941	0.01489	0.01784	0.09582	0.06155	0.69939	0.01622	0.00764	0.00218	0.00326	0.01355	0.00605	0.00548
11	0.04234	0.02080	0.27030	0.10638	0.08441	0.01489	0.06486	0.12065	0.01684	0.15290	0.01464	0.01622	0.01030	0.00681	0.00677	0.00205	0.02928	0.00561	0.00435	0.00959
12	0.01627	0.01530	0.02547	0.07751	0.65473	0.01556	0.01930	0.05870	0.01550	0.02197	0.01231	0.01603	0.01019	0.00591	0.00640	0.00193	0.00770	0.00576	0.00336	0.01011
13	0.02266	0.19177	0.02167	0.01544	0.01924	0.59132	0.01218	0.02441	0.01719	0.01568	0.00977	0.01137	0.00832	0.00641	0.00546	0.00160	0.01063	0.00401	0.00321	0.00766
14	0.01592	0.01489	0.02569	0.11730	0.60384	0.01512	0.05085	0.01985	0.01465	0.04162	0.01251	0.01637	0.01021	0.00589	0.00646	0.00196	0.00786	0.00586	0.00331	0.00985
15	0.01522	0.01689	0.03553	0.05043	0.12153	0.01626	0.58127	0.02031	0.01496	0.02047	0.01277	0.01715	0.00978	0.00569	0.00783	0.00216	0.03242	0.00728	0.00323	0.00881
16	0.00787	0.00562	0.00750	0.00900	0.00937	0.00525	0.00600	0.00900	0.01237	0.01649	0.03561	0.76871	0.04274	0.02024	0.00825	0.00262	0.00375	0.01837	0.00600	0.00525
17	0.01543	0.01692	0.03520	0.03029	0.20583	0.01610	0.53944	0.02048	0.01512	0.02080	0.01285	0.01708	0.00991	0.00552	0.00732	0.00211	0.01010	0.00717	0.00325	0.00909
18	0.01296	0.03342	0.73944	0.01842	0.02797	0.01501	0.02387	0.02046	0.01364	0.02046	0.01160	0.01364	0.00818	0.00614	0.00614	0.00205	0.00955	0.00477	0.00273	0.00955
19	0.00940	0.00626	0.00705	0.00705	0.00705	0.00626	0.00392	0.00940	0.00940	0.01253	0.02036	0.04228	0.02349	0.77292	0.03289	0.00626	0.00626	0.00940	0.00392	0.00392
20	0.00820	0.00673	0.00732	0.00762	0.00967	0.00585	0.00602	0.01010	0.01476	0.01783	0.05916	0.06434	0.59035	0.01666	0.00790	0.00234	0.00381	0.14979	0.00599	0.00555
21	0.01406	0.15519	0.57318	0.01756	0.02615	0.03528	0.05249	0.02042	0.01375	0.01949	0.01119	0.01322	0.00828	0.00602	0.00587	0.00193	0.00923	0.00467	0.00277	0.00925
22	0.01607	0.01388	0.01461	0.01315	0.01680	0.01607	0.01023	0.03433	0.72094	0.02703	0.02630	0.02411	0.01972	0.00877	0.00657	0.00219	0.00511	0.00731	0.00657	0.01023
23	0.01041	0.00744	0.01041	0.01190	0.01339	0.00744	0.01041	0.01339	0.01487	0.01934	0.03421	0.07288	0.03719	0.01785	0.00892	0.00297	0.00595	0.68913	0.00595	0.00595
24	0.01734	0.01790	0.02492	0.03586	0.61504	0.13606	0.01862	0.02082	0.01531	0.02024	0.01180	0.01528	0.00992	0.00591	0.00630	0.00188	0.00833	0.00549	0.00322	0.00978
25	0.01340	0.01148	0.01340	0.00957	0.01531	0.00861	0.00766	0.01627	0.01340	0.02105	0.01148	0.01340	0.00957	0.00479	0.00479	0.00096	0.00479	0.00383	0.00383	0.81242
26	0.04787	0.01789	0.01940	0.01757	0.10481	0.05774	0.01284	0.50824	0.09010	0.03543	0.01559	0.01599	0.01142	0.00749	0.00635	0.00195	0.00717	0.00578	0.00584	0.01052
27	0.02372	0.01648	0.01735	0.01399	0.01853	0.07826	0.01152	0.43358	0.02512	0.17506	0.01927	0.02335	0.01490	0.00892	0.00671	0.00205	0.00704	0.08762	0.00644	0.01009
28	0.01740	0.01677	0.03166	0.02686	0.16097	0.04852	0.44321	0.02190	0.01551	0.10616	0.01410	0.01734	0.01052	0.00605	0.00761	0.00211	0.03342	0.00692	0.00381	0.00916
29	0.01204	0.00771	0.00982	0.00889	0.01102	0.00728	0.00680	0.01620	0.07418	0.11094	0.57285	0.04353	0.06856	0.01231	0.00740	0.00204	0.00351	0.01076	0.00715	0.00700
30	0.02212	0.01258	0.01495	0.01212	0.01670	0.01254	0.00974	0.07336	0.28351	0.34656	0.02362	0.02143	0.01638	0.00792	0.00633	0.00195	0.00537	0.00646	0.00690	0.09945
31	0.02433	0.01742	0.01884	0.01456	0.01963	0.01916	0.01199	0.62988	0.07018	0.08242	0.01675	0.01641	0.01181	0.00783	0.00647	0.00196	0.00689	0.00595	0.00656	0.01094
32	0.01335	0.00626	0.00920	0.00879	0.00938	0.00608	0.00608	0.01118	0.00962	0.09813	0.01293	0.01992	0.01179	0.02072	0.02301	0.71503	0.00560	0.00572	0.00343	0.00379
33	0.01460	0.16552	0.52627	0.01668	0.02478	0.06164	0.02008	0.02140	0.05534	0.01962	0.01189	0.01355	0.00889	0.00622	0.00579	0.00191	0.00894	0.00465	0.00300	0.00924
34	0.01799	0.04008	0.02107	0.02300	0.25520	0.18686	0.05294	0.02408	0.15652	0.04204	0.01474	0.01638	0.01169	0.00650	0.00611	0.00180	0.00785	0.00552	0.00411	0.10551
35	0.01358	0.00857	0.01067	0.00975	0.01237	0.00798	0.00758	0.03500	0.07305	0.14203	0.23100	0.15870	0.10193	0.01296	0.00729	0.00214	0.00430	0.07520	0.00651	0.07937
36	0.41726	0.01296	0.01388	0.01139	0.01569	0.01401	0.05497	0.09385	0.08762	0.15594	0.05271	0.01692	0.01336	0.00716	0.00540	0.00203	0.00561	0.00537	0.00535	0.00852
37	0.13187	0.01310	0.03914	0.05917	0.07731	0.01353	0.01066	0.17797	0.12594	0.02740	0.11959	0.07460	0.08396	0.00969	0.00649	0.00208	0.00560	0.00799	0.00552	0.00841

[dist]
# distance from previous block
# <min> <max>
0	33

[block]
# block no. 4 follows, 34 sequences, length 10
# corresponding to MSA columns:
# 212-221
name=unknown_E
#
# <colnr> <probs for GDERKNQSTAVLIFYWHMCP>
#	G	D	E	R	K	N	Q	S	T	A	V	L	I	F	Y	W	H	M	C	P
0	0.08996	0.07409	0.04798	0.01579	0.02090	0.04813	0.16499	0.21286	0.08094	0.02736	0.06883	0.01793	0.01442	0.00705	0.00623	0.00189	0.00733	0.00612	0.00480	0.08240
1	0.32685	0.01435	0.04002	0.01143	0.01599	0.01477	0.00970	0.24662	0.01932	0.15679	0.07155	0.01728	0.01423	0.00750	0.00561	0.00198	0.00578	0.00548	0.00571	0.00902
2	0.02414	0.03079	0.01831	0.01665	0.01998	0.74698	0.01248	0.02580	0.01831	0.01581	0.00999	0.01165	0.00832	0.00666	0.00583	0.00166	0.01165	0.00416	0.00333	0.00749
3	0.01785	0.01365	0.01539	0.01161	0.01685	0.01279	0.00938	0.25889	0.04664	0.05859	0.01491	0.04187	0.01191	0.00666	0.00563	0.00145	0.00560	0.00529	0.00511	0.43992
4	0.00787	0.00562	0.00750	0.00900	0.00937	0.00525	0.00600	0.00900	0.01237	0.01649	0.03561	0.76871	0.04274	0.02024	0.00825	0.00262	0.00375	0.01837	0.00600	0.00525
5	0.00787	0.00562	0.00750	0.00900	0.00937	0.00525	0.00600	0.00900	0.01237	0.01649	0.03561	0.76871	0.04274	0.02024	0.00825	0.00262	0.00375	0.01837	0.00600	0.00525
6	0.02517	0.01340	0.01893	0.01796	0.14751	0.01283	0.04485	0.15446	0.01985	0.44512	0.02065	0.01949	0.01374	0.00743	0.00653	0.00198	0.00644	0.00629	0.00662	0.01075
7	0.01481	0.01413	0.04687	0.01867	0.02197	0.01476	0.26490	0.01807	0.01367	0.08569	0.06939	0.10317	0.01746	0.00985	0.01194	0.00241	0.25195	0.00830	0.00415	0.00783
8	0.02306	0.00949	0.01289	0.01079	0.01449	0.00830	0.00851	0.02517	0.01677	0.53471	0.02833	0.23171	0.02350	0.01144	0.00699	0.00217	0.00501	0.00983	0.00744	0.00938
9	0.01106	0.00938	0.01173	0.03743	0.06713	0.04588	0.00891	0.05487	0.01375	0.01822	0.02799	0.53215	0.03227	0.01641	0.00902	0.00248	0.07537	0.01433	0.00528	0.00633

[dist]
# distance from previous block
# <min> <max>
6	27

[block]
# block no. 5 follows, 34 sequences, length 14
# corresponding to MSA columns:
# 249-262
name=unknown_F
#
# <colnr> <probs for GDERKNQSTAVLIFYWHMCP>
#	G	D	E	R	K	N	Q	S	T	A	V	L	I	F	Y	W	H	M	C	P
0	0.05226	0.16722	0.35588	0.01678	0.05212	0.08797	0.03683	0.02170	0.01437	0.09500	0.01227	0.01380	0.00913	0.00640	0.00622	0.00190	0.03291	0.00474	0.00344	0.00908
1	0.02456	0.01810	0.01939	0.01487	0.02004	0.02004	0.01228	0.71107	0.03038	0.04072	0.01551	0.01551	0.01099	0.00776	0.00646	0.00194	0.00711	0.00582	0.00646	0.01099
2	0.01727	0.77681	0.03386	0.01106	0.01658	0.02557	0.01106	0.01935	0.01313	0.01520	0.00898	0.01036	0.00829	0.00553	0.00415	0.00138	0.00691	0.00345	0.00276	0.00829
3	0.01648	0.64072	0.16302	0.01240	0.01867	0.02363	0.01340	0.01955	0.01322	0.01616	0.00946	0.01096	0.00827	0.00564	0.00451	0.00150	0.00739	0.00370	0.00276	0.00852
4	0.01320	0.07544	0.69957	0.01800	0.02732	0.01560	0.02315	0.02040	0.01361	0.02017	0.01145	0.01346	0.00819	0.00610	0.00603	0.00201	0.00940	0.00470	0.00273	0.00948
5	0.00923	0.00692	0.01038	0.01038	0.01154	0.00808	0.00808	0.01154	0.01038	0.01500	0.01731	0.02538	0.01615	0.04846	0.74732	0.01038	0.01731	0.00692	0.00346	0.00577
6	0.01505	0.04646	0.11256	0.01167	0.01564	0.01153	0.01064	0.08446	0.13038	0.11558	0.21950	0.03473	0.09208	0.01066	0.00695	0.00210	0.00537	0.06019	0.00610	0.00834
7	0.01987	0.49381	0.06252	0.01212	0.01759	0.04827	0.01157	0.08930	0.03682	0.13431	0.01295	0.01335	0.01013	0.00631	0.00498	0.00160	0.00695	0.00438	0.00410	0.00908
8	0.00858	0.00594	0.00738	0.00814	0.00843	0.00572	0.00514	0.00935	0.01149	0.01541	0.06985	0.42708	0.03587	0.33019	0.01837	0.00409	0.00474	0.01428	0.00520	0.00475
9	0.10071	0.11347	0.04657	0.01663	0.06715	0.36830	0.03357	0.04991	0.03430	0.01905	0.01176	0.04588	0.01028	0.00729	0.00654	0.00184	0.05015	0.00510	0.00360	0.00792
10	0.10466	0.01609	0.02098	0.04471	0.24072	0.08451	0.08223	0.09035	0.10757	0.12133	0.01564	0.01699	0.01170	0.00674	0.00625	0.00198	0.00743	0.00585	0.00470	0.00956
11	0.04275	0.06663	0.05054	0.04118	0.17511	0.20199	0.01342	0.05343	0.10653	0.06859	0.01631	0.01805	0.04004	0.02507	0.00717	0.00199	0.03227	0.00569	0.00423	0.02902
12	0.10634	0.07074	0.02159	0.10953	0.19191	0.08361	0.07501	0.06004	0.06102	0.04067	0.01262	0.01520	0.01000	0.00644	0.00656	0.00190	0.04077	0.00531	0.00380	0.07693
13	0.04623	0.22043	0.11918	0.01802	0.11106	0.06164	0.08056	0.06572	0.09874	0.05227	0.01483	0.01838	0.01217	0.00706	0.00594	0.00190	0.00764	0.04517	0.00404	0.00903

[dist]
# distance from previous block
# <min> <max>
0	10

[block]
# block no. 6 follows, 34 sequences, length 8
# corresponding to MSA columns:
# 273-280
name=unknown_G
#
# <colnr> <probs for GDERKNQSTAVLIFYWHMCP>
#	G	D	E	R	K	N	Q	S	T	A	V	L	I	F	Y	W	H	M	C	P
0	0.01503	0.09591	0.32494	0.01676	0.05172	0.01484	0.07479	0.04760	0.05763	0.07064	0.09885	0.01913	0.01610	0.00727	0.00665	0.00196	0.02720	0.00604	0.00410	0.04280
1	0.05405	0.16090	0.29578	0.01852	0.08650	0.04517	0.09695	0.02078	0.01415	0.07798	0.01353	0.01540	0.02754	0.00656	0.00656	0.00194	0.03997	0.00527	0.00344	0.00899
2	0.10376	0.06927	0.31785	0.01609	0.05729	0.03722	0.01634	0.13758	0.01679	0.08349	0.01387	0.01661	0.01055	0.00694	0.00593	0.00195	0.00777	0.03316	0.00416	0.04338
3	0.06684	0.12253	0.32200	0.01464	0.02079	0.05605	0.01589	0.03825	0.03137	0.10746	0.01601	0.05635	0.01342	0.00818	0.00655	0.00205	0.02965	0.05909	0.00409	0.00877
4	0.04156	0.08758	0.53990	0.01644	0.02473	0.01540	0.01996	0.04358	0.03478	0.06478	0.01270	0.01414	0.00911	0.00627	0.00590	0.00194	0.00853	0.00480	0.00337	0.04454
5	0.01517	0.07875	0.15231	0.02370	0.17084	0.04086	0.25461	0.01982	0.01450	0.02020	0.01194	0.01506	0.00940	0.00557	0.00631	0.00182	0.00871	0.00568	0.00322	0.14154
6	0.01113	0.00845	0.01093	0.01146	0.01366	0.00828	0.00978	0.01547	0.08206	0.02015	0.03270	0.06106	0.07141	0.01546	0.00817	0.00263	0.00559	0.51043	0.00578	0.09541
7	0.01270	0.00975	0.05510	0.01149	0.01409	0.00849	0.01018	0.01700	0.07089	0.09990	0.11431	0.05614	0.08866	0.01468	0.00805	0.00258	0.00551	0.38726	0.00617	0.00704

[dist]
# distance from previous block
# <min> <max>
7	32

[block]
# block no. 7 follows, 34 sequences, length 39
# corresponding to MSA columns:
# 313-351
name=unknown_H
#
# <colnr> <probs for GDERKNQSTAVLIFYWHMCP>
#	G	D	E	R	K	N	Q	S	T	A	V	L	I	F	Y	W	H	M	C	P
0	0.01690	0.29301	0.11100	0.10114	0.04589	0.03761	0.07716	0.06093	0.12264	0.05408	0.01387	0.01533	0.01077	0.00647	0.00569	0.00183	0.00760	0.00521	0.00388	0.00897
1	0.03768	0.31446	0.09924	0.10080	0.06609	0.09794	0.01383	0.13013	0.01652	0.02097	0.01099	0.01293	0.00889	0.00617	0.00533	0.00169	0.00784	0.00447	0.00352	0.04051
2	0.08959	0.10778	0.11575	0.01622	0.04137	0.29160	0.04928	0.02364	0.07516	0.05835	0.01235	0.01390	0.00972	0.00690	0.00683	0.00189	0.06275	0.00483	0.00373	0.00835
3	0.00979	0.00713	0.00874	0.00938	0.01040	0.00703	0.00665	0.06250	0.03380	0.01840	0.03393	0.46711	0.09012	0.12275	0.01150	0.00307	0.00457	0.08167	0.00576	0.00572
4	0.05633	0.01105	0.01480	0.01139	0.01636	0.00967	0.00941	0.03106	0.01823	0.71258	0.02492	0.02159	0.01568	0.00793	0.00641	0.00200	0.00548	0.00639	0.00786	0.01086
5	0.01485	0.01546	0.02978	0.18024	0.19551	0.01568	0.35601	0.02063	0.06659	0.02039	0.01351	0.01755	0.01039	0.00597	0.00702	0.00211	0.00926	0.00678	0.00341	0.00886
6	0.01858	0.63530	0.03091	0.01212	0.01723	0.16241	0.01133	0.02057	0.01411	0.01532	0.00917	0.01061	0.00830	0.00574	0.00446	0.00144	0.00781	0.00359	0.00287	0.00814
7	0.03907	0.08286	0.56420	0.01777	0.02632	0.01546	0.07281	0.02112	0.01398	0.07014	0.01241	0.01418	0.00882	0.00617	0.00607	0.00200	0.00904	0.00498	0.00318	0.00942
8	0.16064	0.01806	0.13051	0.01971	0.13271	0.05385	0.13389	0.02410	0.14226	0.09869	0.01551	0.01677	0.01149	0.00663	0.00615	0.00204	0.00756	0.00580	0.00441	0.00922
9	0.00890	0.00659	0.00829	0.00787	0.00950	0.00599	0.00590	0.01171	0.01770	0.02451	0.61923	0.05057	0.17181	0.01373	0.00762	0.00206	0.00309	0.01201	0.00693	0.00599
10	0.02456	0.01810	0.01939	0.01487	0.02004	0.02004	0.01228	0.71107	0.03038	0.04072	0.01551	0.01551	0.01099	0.00776	0.00646	0.00194	0.00711	0.00582	0.00646	0.01099
11	0.01727	0.77681	0.03386	0.01106	0.01658	0.02557	0.01106	0.01935	0.01313	0.01520	0.00898	0.01036	0.00829	0.00553	0.00415	0.00138	0.00691	0.00345	0.00276	0.00829
12	0.00872	0.00623	0.00819	0.00946	0.01010	0.00599	0.00665	0.03055	0.01312	0.01744	0.03437	0.64014	0.04053	0.04270	0.00903	0.00276	0.00419	0.09842	0.00594	0.00546
13	0.01727	0.72630	0.06286	0.01151	0.01715	0.04401	0.01163	0.01956	0.01329	0.01544	0.00912	0.01054	0.00829	0.00558	0.00427	0.00142	0.00714	0.00353	0.00278	0.00832
14	0.01122	0.00561	0.00842	0.00842	0.00842	0.00561	0.00561	0.00842	0.00842	0.01122	0.01122	0.01964	0.01122	0.02245	0.02525	0.81201	0.00561	0.00561	0.00281	0.00281
15	0.00848	0.00593	0.00727	0.00809	0.00839	0.00567	0.00510	0.00917	0.01127	0.01492	0.03076	0.43995	0.06639	0.32715	0.01827	0.00409	0.00475	0.01449	0.00515	0.00471
16	0.01599	0.01535	0.02623	0.03966	0.73262	0.01535	0.01983	0.01983	0.01471	0.02111	0.01215	0.01599	0.01023	0.00576	0.00640	0.00192	0.00768	0.00576	0.00320	0.01023
17	0.01699	0.02005	0.03425	0.02516	0.03107	0.15934	0.57280	0.02170	0.01585	0.01974	0.01247	0.01630	0.00951	0.00568	0.00727	0.00208	0.01104	0.00695	0.00328	0.00848
18	0.01248	0.01177	0.01989	0.70395	0.09574	0.01443	0.01808	0.01676	0.01305	0.01685	0.01153	0.01713	0.00873	0.00641	0.00646	0.00214	0.00854	0.00574	0.00290	0.00741
19	0.01222	0.01123	0.01850	0.68138	0.04122	0.01383	0.01690	0.03492	0.01336	0.01717	0.01339	0.07314	0.01122	0.00752	0.00659	0.00218	0.00821	0.00668	0.00320	0.00714
20	0.00862	0.00658	0.00791	0.00758	0.00933	0.00587	0.00568	0.01118	0.01705	0.02298	0.49885	0.05310	0.29316	0.01430	0.00763	0.00208	0.00313	0.01236	0.00673	0.00587
21	0.01220	0.01148	0.01938	0.75739	0.04450	0.01436	0.01794	0.01651	0.01292	0.01651	0.01148	0.01723	0.00861	0.00646	0.00646	0.00215	0.00861	0.00574	0.00287	0.00718
22	0.00776	0.00659	0.00672	0.00679	0.00894	0.00554	0.00516	0.00946	0.01473	0.01754	0.06404	0.06267	0.69864	0.01643	0.00769	0.00222	0.00339	0.04421	0.00600	0.00548
23	0.01479	0.01465	0.02236	0.38100	0.35065	0.06936	0.01838	0.01869	0.01412	0.01852	0.01167	0.01626	0.00932	0.00616	0.00638	0.00201	0.00842	0.00563	0.00305	0.00857
24	0.01594	0.28041	0.42729	0.01538	0.02306	0.04058	0.01816	0.02107	0.01397	0.07192	0.01171	0.01311	0.00881	0.00609	0.00549	0.00181	0.00843	0.00444	0.00315	0.00917
25	0.48775	0.01516	0.01346	0.14359	0.01997	0.10324	0.01022	0.09924	0.01446	0.02654	0.01031	0.01241	0.00791	0.00636	0.00494	0.00198	0.00669	0.00425	0.00400	0.00755
26	0.15562	0.04545	0.39003	0.01456	0.02180	0.01429	0.01652	0.05259	0.03792	0.09518	0.01312	0.01425	0.00942	0.00631	0.00564	0.00191	0.00754	0.00473	0.00389	0.08924
27	0.01918	0.21180	0.22751	0.01484	0.02092	0.12726	0.03188	0.09687	0.01663	0.12320	0.01338	0.01448	0.01001	0.00816	0.03501	0.00214	0.00870	0.00487	0.00403	0.00912
28	0.06361	0.02080	0.29257	0.03713	0.09368	0.03571	0.09269	0.02039	0.07082	0.05174	0.10513	0.05386	0.01799	0.00786	0.00653	0.00207	0.00767	0.00688	0.00416	0.00873
29	0.01682	0.04014	0.14896	0.01189	0.01733	0.01039	0.01136	0.02073	0.03042	0.20445	0.06911	0.04385	0.01780	0.00798	0.00610	0.00174	0.00587	0.05675	0.00517	0.27314
30	0.05426	0.01326	0.08614	0.09724	0.01866	0.05668	0.01078	0.02079	0.01657	0.24496	0.21724	0.02792	0.05388	0.00909	0.00658	0.00197	0.00583	0.00755	0.00588	0.04470
31	0.03793	0.04153	0.12985	0.09619	0.22445	0.05315	0.06823	0.09749	0.06779	0.07543	0.01486	0.03859	0.01165	0.00694	0.00638	0.00200	0.00788	0.00608	0.00416	0.00942
32	0.01536	0.08738	0.11518	0.04128	0.18830	0.02851	0.06558	0.02034	0.06715	0.05642	0.05350	0.01731	0.01334	0.00632	0.00594	0.00171	0.00695	0.00555	0.00395	0.19992
33	0.04989	0.05686	0.03987	0.05584	0.07258	0.03314	0.04883	0.24506	0.01960	0.07528	0.03947	0.08912	0.01580	0.00846	0.00635	0.00192	0.00666	0.02652	0.00512	0.10362
34	0.05556	0.01433	0.07634	0.10567	0.09408	0.01279	0.10444	0.08535	0.03127	0.17374	0.01883	0.09156	0.02984	0.00814	0.00655	0.00202	0.00697	0.00727	0.00494	0.07031
35	0.01779	0.13840	0.07384	0.04028	0.03849	0.03357	0.12794	0.11863	0.06709	0.11621	0.01842	0.07275	0.03838	0.00789	0.00631	0.00191	0.00717	0.00687	0.00477	0.06329
36	0.06082	0.01858	0.13993	0.01724	0.10606	0.09558	0.03103	0.10694	0.13748	0.06681	0.01916	0.02118	0.05242	0.01024	0.04998	0.00250	0.00795	0.02525	0.00471	0.02616
37	0.05304	0.04023	0.10939	0.01815	0.10326	0.03507	0.12232	0.07099	0.13081	0.07942	0.04828	0.01825	0.01393	0.00679	0.00623	0.00188	0.00713	0.00602	0.00460	0.12421
38	0.01775	0.05491	0.22015	0.01665	0.06333	0.05611	0.06550	0.07559	0.11825	0.14326	0.06955	0.02060	0.03405	0.00765	0.00645	0.00200	0.00740	0.00641	0.00495	0.00945

[dist]
