[name]
unknown

[dist]
# distance from previous block
# <min> <max>
0	68

[block]
# block no. 0 follows, 32 sequences, length 6
# corresponding to MSA columns:
# 76-81
name=unknown_A
#
# <colnr> <probs for GDERKNQSTAVLIFYWHMCP>
#	G	D	E	R	K	N	Q	S	T	A	V	L	I	F	Y	W	H	M	C	P
0	0.01277	0.00823	0.01060	0.01029	0.01203	0.00846	0.00767	0.01680	0.10052	0.10483	0.11108	0.17516	0.03062	0.13473	0.18124	0.00497	0.00799	0.04935	0.00576	0.00689
1	0.01275	0.01058	0.01215	0.01118	0.01363	0.07898	0.04755	0.01486	0.01503	0.06659	0.09017	0.29263	0.11429	0.04236	0.00857	0.00240	0.00549	0.04960	0.00567	0.10550
2	0.07203	0.01450	0.01647	0.01565	0.08596	0.01588	0.01118	0.29415	0.17403	0.03145	0.07085	0.08682	0.02040	0.05009	0.00828	0.00238	0.00618	0.00799	0.00610	0.00960
3	0.01264	0.00778	0.00980	0.00918	0.01127	0.00688	0.00662	0.01448	0.01475	0.12587	0.15489	0.27735	0.08137	0.12436	0.01143	0.00282	0.00452	0.01240	0.00615	0.10544
4	0.01184	0.00788	0.00939	0.00917	0.01102	0.00756	0.00676	0.08217	0.01689	0.06241	0.17604	0.30470	0.15470	0.01545	0.00763	0.00229	0.00404	0.01348	0.08988	0.00669
5	0.12432	0.01000	0.01092	0.01005	0.01264	0.01036	0.00761	0.11262	0.06716	0.08963	0.07819	0.22398	0.07926	0.06029	0.00862	0.00251	0.00485	0.01068	0.06880	0.00752

[dist]
# distance from previous block
# <min> <max>
6	35

[block]
# block no. 1 follows, 32 sequences, length 16
# corresponding to MSA columns:
# 118-133
name=unknown_B
#
# <colnr> <probs for GDERKNQSTAVLIFYWHMCP>
#	G	D	E	R	K	N	Q	S	T	A	V	L	I	F	Y	W	H	M	C	P
0	0.13453	0.05603	0.01467	0.04719	0.04579	0.04596	0.00933	0.10871	0.05043	0.03816	0.01742	0.09702	0.01657	0.13838	0.04497	0.00311	0.00689	0.00730	0.00467	0.11287
1	0.08375	0.02592	0.01741	0.01616	0.08668	0.01298	0.09073	0.10523	0.04395	0.05277	0.03275	0.19424	0.02124	0.09609	0.01114	0.00276	0.05785	0.00960	0.00502	0.03374
2	0.03556	0.06866	0.03588	0.04591	0.01918	0.11125	0.05508	0.17843	0.04772	0.07765	0.09707	0.09658	0.02085	0.03484	0.00765	0.00217	0.00716	0.00784	0.00542	0.04511
3	0.05509	0.06775	0.08999	0.08865	0.03160	0.05473	0.01093	0.03127	0.04909	0.01980	0.09462	0.04161	0.05234	0.08587	0.05043	0.08188	0.00726	0.00716	0.00426	0.07567
4	0.02216	0.01864	0.07782	0.01638	0.06819	0.11984	0.01301	0.18129	0.07768	0.18745	0.01757	0.01880	0.01303	0.04324	0.00883	0.00224	0.05752	0.00606	0.00556	0.04468
5	0.05879	0.03209	0.01557	0.01367	0.04610	0.04664	0.01035	0.12124	0.15641	0.18082	0.05979	0.11373	0.05418	0.01053	0.00769	0.00221	0.04605	0.00852	0.00632	0.00930
6	0.07928	0.02093	0.14734	0.06651	0.02337	0.15234	0.09091	0.05413	0.04585	0.08453	0.05881	0.01789	0.01361	0.00772	0.00797	0.00211	0.08073	0.00597	0.00430	0.03570
7	0.01902	0.05668	0.01801	0.06074	0.11084	0.26119	0.01223	0.02348	0.10472	0.08203	0.04933	0.04673	0.04602	0.04524	0.03276	0.00248	0.00859	0.00684	0.00466	0.00839
8	0.01111	0.00931	0.00939	0.00911	0.01100	0.06331	0.00674	0.01482	0.07893	0.02155	0.23600	0.10837	0.21620	0.05608	0.04567	0.00282	0.00510	0.01137	0.07670	0.00643
9	0.08628	0.01619	0.07225	0.01347	0.01758	0.07014	0.03431	0.02800	0.40507	0.02564	0.07646	0.02691	0.08055	0.00936	0.00671	0.00219	0.00608	0.00768	0.00588	0.00925
10	0.00923	0.00755	0.00939	0.01058	0.07270	0.00678	0.00696	0.01157	0.01631	0.02124	0.27246	0.10905	0.39125	0.01526	0.00786	0.00223	0.00377	0.01315	0.00635	0.00631
11	0.01360	0.05220	0.03802	0.01216	0.01519	0.01223	0.04255	0.13442	0.06667	0.02414	0.15886	0.06264	0.10305	0.02113	0.19021	0.00431	0.02652	0.00899	0.00541	0.00772
12	0.08898	0.51852	0.09883	0.01287	0.01854	0.13113	0.01264	0.02118	0.01430	0.01769	0.00975	0.01131	0.00849	0.00602	0.00476	0.00160	0.00801	0.00384	0.00307	0.00850
13	0.00952	0.00651	0.00760	0.00774	0.00797	0.00652	0.00464	0.00989	0.01037	0.01382	0.02453	0.10706	0.05870	0.60779	0.08470	0.00630	0.00701	0.01060	0.00432	0.00441
14	0.03113	0.05611	0.03315	0.05354	0.04731	0.16511	0.01082	0.04867	0.01380	0.01729	0.01477	0.02336	0.01423	0.18672	0.17996	0.00502	0.08193	0.00654	0.00366	0.00686
15	0.04879	0.01669	0.08457	0.04690	0.19752	0.05780	0.10942	0.10296	0.01699	0.05489	0.02052	0.09658	0.06888	0.03785	0.00802	0.00231	0.00778	0.00811	0.00451	0.00890

[dist]
# distance from previous block
# <min> <max>
0	23

[block]
# block no. 2 follows, 32 sequences, length 9
# corresponding to MSA columns:
# 157-165
name=unknown_C
#
# <colnr> <probs for GDERKNQSTAVLIFYWHMCP>
#	G	D	E	R	K	N	Q	S	T	A	V	L	I	F	Y	W	H	M	C	P
0	0.01506	0.03666	0.02353	0.02033	0.10153	0.04830	0.21444	0.07290	0.04645	0.02148	0.05450	0.02339	0.04685	0.03429	0.15510	0.00401	0.06124	0.00750	0.00415	0.00827
1	0.01820	0.10630	0.04749	0.09578	0.08813	0.01758	0.04318	0.27878	0.02037	0.02719	0.01740	0.08233	0.03397	0.04621	0.00877	0.00232	0.04467	0.00730	0.00487	0.00917
2	0.01572	0.16106	0.05609	0.18610	0.10822	0.05260	0.08476	0.01914	0.01435	0.04957	0.01688	0.01983	0.07227	0.00776	0.00793	0.00206	0.08398	0.00627	0.00361	0.03181
3	0.07013	0.00700	0.00756	0.00783	0.00951	0.00646	0.00561	0.01065	0.01431	0.01930	0.11843	0.24065	0.36729	0.07313	0.00978	0.00268	0.00388	0.01411	0.00603	0.00568
4	0.01616	0.01657	0.02352	0.13794	0.12781	0.11459	0.18878	0.05827	0.07754	0.02112	0.01882	0.07772	0.04898	0.03257	0.00801	0.00230	0.00870	0.00792	0.00419	0.00851
5	0.00827	0.00601	0.00781	0.00904	0.00970	0.00555	0.00614	0.00966	0.01360	0.01808	0.09985	0.63738	0.10410	0.02003	0.00845	0.00263	0.00379	0.01804	0.00633	0.00555
6	0.08368	0.07285	0.02415	0.24656	0.24709	0.04963	0.09789	0.01922	0.01450	0.02018	0.01494	0.01868	0.04872	0.00682	0.00646	0.00207	0.00831	0.00620	0.00343	0.00862
7	0.01797	0.10818	0.04193	0.01595	0.04621	0.15295	0.09621	0.07379	0.07798	0.02215	0.01323	0.01497	0.01059	0.00619	0.00586	0.00160	0.00784	0.00506	0.00408	0.27726
8	0.01178	0.00918	0.01194	0.01054	0.01318	0.00880	0.06016	0.05049	0.03286	0.06865	0.08603	0.12406	0.39651	0.01485	0.00864	0.00234	0.04592	0.03113	0.00607	0.00687

[dist]
# distance from previous block
# <min> <max>
0	11

[block]
# block no. 3 follows, 32 sequences, length 31
# corresponding to MSA columns:
# 177-207
name=unknown_D
#
# <colnr> <probs for GDERKNQSTAVLIFYWHMCP>
#	G	D	E	R	K	N	Q	S	T	A	V	L	I	F	Y	W	H	M	C	P
0	0.04682	0.01425	0.01584	0.03273	0.01794	0.03481	0.00990	0.23357	0.01961	0.08765	0.01433	0.01578	0.01093	0.00769	0.00724	0.05893	0.00619	0.00505	0.00509	0.35564
1	0.10211	0.01496	0.03816	0.04497	0.08150	0.06607	0.03655	0.09462	0.07824	0.12694	0.01648	0.01900	0.01283	0.01594	0.14699	0.00381	0.08100	0.00614	0.00482	0.00887
2	0.08393	0.01597	0.05462	0.04521	0.01850	0.08241	0.01128	0.16405	0.17478	0.06851	0.02054	0.11719	0.01762	0.01256	0.05886	0.00276	0.00751	0.00777	0.00558	0.03033
3	0.01002	0.00785	0.00922	0.00878	0.01052	0.00779	0.00661	0.01274	0.07128	0.01973	0.19313	0.04806	0.36387	0.01621	0.01158	0.12221	0.05734	0.01135	0.00580	0.00592
4	0.04538	0.11442	0.05065	0.01607	0.06946	0.15053	0.01262	0.20261	0.08241	0.10087	0.01531	0.01581	0.01148	0.00713	0.00605	0.00183	0.00774	0.00532	0.00508	0.07922
5	0.06429	0.06796	0.02187	0.33286	0.07246	0.01658	0.06667	0.12914	0.01647	0.02295	0.01230	0.01608	0.00950	0.00675	0.00694	0.00203	0.03920	0.00561	0.00380	0.08653
6	0.08422	0.08094	0.10510	0.01362	0.01841	0.08990	0.01220	0.17809	0.11305	0.08247	0.10475	0.02102	0.01858	0.01001	0.03660	0.00237	0.00748	0.00641	0.00547	0.00931
7	0.02083	0.21824	0.12731	0.01792	0.07183	0.23410	0.06688	0.04749	0.01687	0.10012	0.01279	0.01420	0.00988	0.00657	0.00593	0.00182	0.00926	0.00495	0.00387	0.00915
8	0.00934	0.00633	0.00744	0.00785	0.00795	0.00623	0.00463	0.00965	0.01056	0.01408	0.02527	0.23066	0.02961	0.57033	0.02748	0.00552	0.00582	0.01219	0.00463	0.00443
9	0.05660	0.11988	0.18908	0.01576	0.02120	0.21134	0.01494	0.09356	0.14218	0.02284	0.01416	0.01520	0.01096	0.00730	0.00665	0.00198	0.03780	0.00517	0.00418	0.00923
10	0.04822	0.09346	0.21921	0.04115	0.11111	0.12028	0.09167	0.02158	0.01552	0.07803	0.03156	0.04764	0.03653	0.00754	0.00646	0.00203	0.00871	0.00636	0.00391	0.00902
11	0.01166	0.00583	0.00874	0.00874	0.00874	0.00583	0.00583	0.00874	0.00874	0.01166	0.01166	0.02040	0.01166	0.02331	0.02622	0.80478	0.00583	0.00583	0.00291	0.00291
12	0.00854	0.00632	0.00754	0.00819	0.00934	0.00572	0.00570	0.01014	0.01427	0.01878	0.13172	0.38057	0.25654	0.05989	0.00955	0.00267	0.00376	0.01559	0.03958	0.00559
13	0.01630	0.12265	0.21453	0.07807	0.07100	0.05553	0.20300	0.05910	0.04514	0.02130	0.01277	0.01570	0.00983	0.00656	0.00724	0.00208	0.04060	0.00590	0.00345	0.00925
14	0.06221	0.04333	0.29090	0.01783	0.02451	0.06614	0.14688	0.02303	0.05399	0.11712	0.03674	0.05770	0.01407	0.00767	0.00670	0.00214	0.00865	0.00673	0.00434	0.00931
15	0.01527	0.02219	0.21647	0.02510	0.03253	0.01659	0.48594	0.02222	0.05389	0.02179	0.01394	0.01747	0.01032	0.00603	0.00746	0.00223	0.01062	0.00714	0.00344	0.00936
16	0.01585	0.01316	0.05604	0.08273	0.14079	0.01263	0.01231	0.10409	0.10336	0.08635	0.06259	0.08667	0.07003	0.07277	0.02552	0.00271	0.00660	0.00854	0.02857	0.00868
17	0.04469	0.14071	0.17921	0.09377	0.05969	0.06357	0.08977	0.14128	0.06109	0.02429	0.03137	0.01626	0.01148	0.00690	0.00629	0.00200	0.00850	0.00567	0.00407	0.00939
18	0.01034	0.00967	0.04865	0.00901	0.01129	0.03315	0.00719	0.03240	0.03387	0.02065	0.21752	0.09343	0.31744	0.06874	0.01065	0.04746	0.00456	0.01191	0.00593	0.00616
19	0.02590	0.01703	0.01883	0.01449	0.01970	0.01832	0.01195	0.55539	0.02871	0.16611	0.01819	0.01764	0.01255	0.00809	0.00665	0.00201	0.00693	0.00618	0.03410	0.01124
20	0.01089	0.00880	0.01224	0.07512	0.11019	0.00927	0.00891	0.01252	0.01262	0.01710	0.08886	0.13823	0.08662	0.30531	0.01895	0.00397	0.05922	0.01054	0.00459	0.00602
21	0.07022	0.05831	0.48161	0.01742	0.02522	0.01492	0.07770	0.01962	0.01377	0.02092	0.01483	0.01755	0.03889	0.01153	0.08637	0.00306	0.01020	0.00568	0.00320	0.00899
22	0.01475	0.01472	0.02126	0.42952	0.19798	0.08358	0.01780	0.01855	0.01404	0.01805	0.01202	0.01723	0.00968	0.00899	0.04283	0.00259	0.05926	0.00586	0.00313	0.00815
23	0.00868	0.00668	0.00803	0.00859	0.01012	0.00602	0.00646	0.01069	0.01526	0.01962	0.16451	0.25592	0.32239	0.01778	0.00830	0.00249	0.00390	0.11235	0.00642	0.00579
24	0.00899	0.00669	0.00945	0.00991	0.01056	0.00635	0.04444	0.01012	0.01226	0.01637	0.03181	0.54389	0.03760	0.20119	0.01476	0.00362	0.00494	0.01618	0.00554	0.00531
25	0.01830	0.11234	0.11531	0.06754	0.05099	0.04936	0.06200	0.02192	0.03116	0.18961	0.01853	0.10471	0.01578	0.03591	0.00898	0.00232	0.07412	0.00747	0.00480	0.00886
26	0.02506	0.03198	0.01901	0.01729	0.02074	0.73725	0.01296	0.02679	0.01901	0.01642	0.01037	0.01210	0.00864	0.00691	0.00605	0.00173	0.01210	0.00432	0.00346	0.00778
27	0.00817	0.00681	0.00713	0.00705	0.00921	0.00577	0.00529	0.01010	0.01586	0.01948	0.16831	0.06235	0.61843	0.01649	0.00793	0.00224	0.00336	0.01385	0.00641	0.00577
28	0.29758	0.01248	0.01324	0.06522	0.07527	0.05210	0.00973	0.02134	0.01456	0.17784	0.01940	0.02231	0.05231	0.03379	0.00668	0.00221	0.00597	0.02968	0.08011	0.00816
29	0.01716	0.37005	0.05223	0.01230	0.01707	0.12021	0.01108	0.04250	0.01499	0.01841	0.05077	0.01610	0.01298	0.04053	0.03712	0.00214	0.02872	0.00484	0.00358	0.12722
30	0.02061	0.07569	0.07271	0.01876	0.10524	0.06897	0.06736	0.27273	0.06432	0.07621	0.04461	0.02035	0.02902	0.00800	0.00669	0.00203	0.00775	0.02354	0.00536	0.01005

[dist]
# distance from previous block
# <min> <max>
0	17

[block]
# block no. 4 follows, 32 sequences, length 33
# corresponding to MSA columns:
# 225-257
name=unknown_E
#
# <colnr> <probs for GDERKNQSTAVLIFYWHMCP>
#	G	D	E	R	K	N	Q	S	T	A	V	L	I	F	Y	W	H	M	C	P
0	0.01380	0.02447	0.38115	0.01576	0.02282	0.06627	0.04352	0.01911	0.01474	0.02106	0.06074	0.08057	0.01560	0.00782	0.00639	0.00190	0.00807	0.00649	0.00375	0.18597
1	0.75970	0.01336	0.01054	0.00926	0.01349	0.01543	0.00763	0.06462	0.01275	0.03091	0.00979	0.01124	0.00754	0.00635	0.00432	0.00207	0.00534	0.00379	0.00432	0.00754
2	0.01582	0.00870	0.01128	0.00981	0.01257	0.00809	0.00764	0.02000	0.07039	0.22360	0.47301	0.04060	0.04702	0.01185	0.00751	0.00211	0.00404	0.01028	0.00760	0.00808
3	0.00941	0.00715	0.00882	0.00847	0.01040	0.00638	0.00646	0.01213	0.01729	0.02360	0.44369	0.08546	0.21275	0.01469	0.00788	0.00218	0.00358	0.06186	0.00678	0.05102
4	0.00916	0.00736	0.00810	0.00800	0.00993	0.00679	0.00587	0.01249	0.07520	0.02039	0.19564	0.12076	0.41069	0.06779	0.00971	0.00257	0.00377	0.01332	0.00638	0.00610
5	0.03010	0.01142	0.01557	0.01194	0.01713	0.00986	0.00986	0.03270	0.01920	0.72698	0.02647	0.02284	0.01661	0.00830	0.00675	0.00208	0.00571	0.00675	0.00830	0.01142
6	0.08388	0.01836	0.01937	0.01495	0.02023	0.02038	0.01235	0.64944	0.03005	0.04138	0.01561	0.01572	0.01110	0.00792	0.00652	0.00202	0.00722	0.00586	0.00652	0.01110
7	0.01479	0.01275	0.01546	0.01137	0.01713	0.01060	0.03914	0.04922	0.08468	0.02337	0.01373	0.01531	0.01107	0.00555	0.00536	0.00122	0.00539	0.00460	0.00436	0.65487
8	0.02551	0.01879	0.02014	0.01544	0.02081	0.02081	0.01275	0.69996	0.03155	0.04229	0.01611	0.01611	0.01141	0.00805	0.00671	0.00201	0.00738	0.00604	0.00671	0.01141
9	0.01606	0.01630	0.02597	0.22723	0.35601	0.06941	0.11784	0.02092	0.04607	0.02043	0.01306	0.01721	0.01040	0.00634	0.00681	0.00209	0.00891	0.00621	0.00341	0.00933
10	0.01759	0.03908	0.12743	0.02003	0.13420	0.09150	0.07453	0.16844	0.06360	0.02630	0.11632	0.02145	0.01869	0.00983	0.03915	0.00242	0.00842	0.00682	0.00482	0.00937
11	0.01976	0.07981	0.06568	0.06222	0.17291	0.05999	0.01547	0.15450	0.01780	0.10839	0.01370	0.01603	0.01061	0.00797	0.00965	0.00216	0.16357	0.00570	0.00443	0.00963
12	0.01391	0.01193	0.01391	0.00994	0.01590	0.00894	0.00795	0.01690	0.01391	0.02186	0.01193	0.01391	0.00994	0.00497	0.00497	0.00099	0.00497	0.00398	0.00398	0.80521
13	0.02033	0.52091	0.02974	0.01343	0.01840	0.26528	0.01198	0.02234	0.01544	0.01600	0.00968	0.01121	0.00862	0.00613	0.00489	0.00153	0.00883	0.00383	0.00307	0.00833
14	0.00959	0.00719	0.01078	0.01078	0.01198	0.00839	0.00839	0.01198	0.01078	0.01558	0.01797	0.02636	0.01677	0.05032	0.73760	0.01078	0.01797	0.00719	0.00359	0.00599
15	0.00973	0.00663	0.00795	0.00795	0.00816	0.00685	0.00485	0.01016	0.00994	0.01347	0.02057	0.04073	0.02301	0.63494	0.16151	0.00728	0.00858	0.00929	0.00398	0.00441
16	0.00962	0.00705	0.01010	0.01010	0.01107	0.00802	0.00754	0.01154	0.01058	0.01507	0.01860	0.02981	0.01827	0.19065	0.59932	0.00994	0.01572	0.00769	0.00369	0.00561
17	0.01564	0.01750	0.03627	0.02642	0.03202	0.01759	0.57873	0.02056	0.01487	0.02056	0.01274	0.01750	0.00994	0.00672	0.01038	0.00238	0.14054	0.00756	0.00331	0.00875
18	0.01166	0.00583	0.00874	0.00874	0.00874	0.00583	0.00583	0.00874	0.00874	0.01166	0.01166	0.02040	0.01166	0.02331	0.02622	0.80478	0.00583	0.00583	0.00291	0.00291
19	0.01187	0.00930	0.01034	0.00945	0.01224	0.00914	0.00725	0.01872	0.20366	0.05053	0.23186	0.04583	0.28837	0.01304	0.00744	0.00216	0.00402	0.01104	0.00668	0.04710
20	0.01267	0.01193	0.02013	0.74806	0.04621	0.01491	0.01863	0.01714	0.01342	0.01714	0.01193	0.01789	0.00894	0.00671	0.00671	0.00224	0.00894	0.00596	0.00298	0.00745
21	0.01794	0.76823	0.03516	0.01148	0.01722	0.02655	0.01148	0.02009	0.01363	0.01579	0.00933	0.01076	0.00861	0.00574	0.00431	0.00144	0.00718	0.00359	0.00287	0.00861
22	0.30816	0.01585	0.01592	0.01266	0.01757	0.01747	0.01045	0.37804	0.02288	0.11774	0.01489	0.01502	0.01053	0.00743	0.00580	0.00204	0.00640	0.00526	0.00598	0.00992
23	0.02976	0.01196	0.01591	0.01220	0.01740	0.01067	0.01008	0.08205	0.02012	0.67634	0.02571	0.02234	0.01623	0.00829	0.00675	0.00207	0.00583	0.00670	0.00819	0.01142
24	0.00841	0.00676	0.00759	0.00812	0.00992	0.00594	0.00618	0.01023	0.01486	0.01824	0.05728	0.19554	0.49058	0.01798	0.00825	0.00248	0.00391	0.11582	0.00622	0.00570
25	0.01615	0.01307	0.01409	0.01268	0.01617	0.01478	0.00985	0.03199	0.57409	0.05368	0.11118	0.02800	0.02542	0.00959	0.00688	0.00222	0.00498	0.00806	0.03716	0.00996
26	0.01066	0.00731	0.00912	0.00947	0.01139	0.00668	0.00756	0.01300	0.01583	0.06981	0.14170	0.14951	0.27791	0.01691	0.00835	0.00255	0.00447	0.22493	0.00652	0.00630
27	0.02234	0.02768	0.01787	0.05029	0.02062	0.60297	0.01253	0.02412	0.01783	0.01653	0.01333	0.09488	0.01260	0.00860	0.00681	0.00190	0.03182	0.00607	0.00373	0.00749
28	0.01891	0.01487	0.01609	0.01372	0.01791	0.01666	0.01088	0.18713	0.46428	0.06213	0.02367	0.02250	0.01764	0.01049	0.03907	0.00253	0.00635	0.00703	0.00661	0.04152
29	0.00883	0.00654	0.00809	0.00828	0.00957	0.00596	0.00590	0.01094	0.01594	0.02151	0.35279	0.24880	0.18811	0.06593	0.00983	0.00260	0.00363	0.01431	0.00661	0.00580
30	0.01207	0.00980	0.01046	0.00968	0.01191	0.05612	0.00734	0.04194	0.08829	0.04252	0.43188	0.07250	0.15295	0.01324	0.00763	0.00214	0.00426	0.01137	0.00684	0.00704
31	0.02126	0.10410	0.01948	0.01545	0.04355	0.28116	0.01174	0.21659	0.04703	0.02414	0.01521	0.07487	0.01352	0.03706	0.00825	0.03834	0.00865	0.00636	0.00467	0.00858
32	0.01801	0.08597	0.10431	0.03292	0.07725	0.22017	0.03200	0.04684	0.10282	0.01964	0.01513	0.03356	0.03001	0.00914	0.00935	0.05504	0.08965	0.00592	0.00389	0.00837

[dist]
# distance from previous block
# <min> <max>
3	21

[block]
# block no. 5 follows, 32 sequences, length 27
# corresponding to MSA columns:
# 279-305
name=unknown_F
#
# <colnr> <probs for GDERKNQSTAVLIFYWHMCP>
#	G	D	E	R	K	N	Q	S	T	A	V	L	I	F	Y	W	H	M	C	P
0	0.01500	0.01309	0.01599	0.10614	0.02098	0.01432	0.03881	0.02756	0.42226	0.02455	0.02362	0.06251	0.01937	0.00922	0.00682	0.00216	0.00594	0.04514	0.00574	0.12078
1	0.01351	0.00819	0.01024	0.01013	0.01216	0.00789	0.00744	0.01733	0.10232	0.15507	0.03684	0.39671	0.12331	0.01803	0.04498	0.00289	0.00507	0.01400	0.00657	0.00731
2	0.01632	0.04798	0.01334	0.01101	0.01361	0.01027	0.00879	0.03609	0.03751	0.21035	0.12790	0.15558	0.10504	0.03763	0.00979	0.00249	0.07710	0.06493	0.00642	0.00787
3	0.35499	0.06071	0.08409	0.03092	0.10582	0.10561	0.03256	0.05764	0.03236	0.03951	0.01145	0.01340	0.00896	0.00664	0.00588	0.00203	0.03029	0.00466	0.00397	0.00852
4	0.01503	0.01272	0.01353	0.01231	0.01566	0.01425	0.00951	0.05444	0.51972	0.02665	0.06911	0.06869	0.11759	0.01097	0.00712	0.00228	0.00495	0.00923	0.00674	0.00950
5	0.00911	0.00672	0.00852	0.00884	0.01020	0.00621	0.00660	0.01146	0.01619	0.02184	0.34171	0.21672	0.16442	0.04352	0.00918	0.00256	0.00388	0.09978	0.00665	0.00592
6	0.00984	0.00875	0.04788	0.01090	0.01250	0.00743	0.04264	0.04111	0.01428	0.01917	0.07547	0.51291	0.07034	0.06000	0.00973	0.00280	0.00489	0.03734	0.00587	0.00614
7	0.05928	0.08621	0.02894	0.03078	0.37152	0.10696	0.17834	0.02149	0.01553	0.02101	0.01210	0.01557	0.00992	0.00601	0.00653	0.00198	0.00906	0.00589	0.00336	0.00954
8	0.00959	0.00716	0.01062	0.01062	0.01176	0.00830	0.00819	0.01188	0.01074	0.01546	0.01812	0.02718	0.01713	0.08354	0.70486	0.01058	0.01744	0.00731	0.00362	0.00590
9	0.00843	0.00627	0.00773	0.00849	0.00949	0.00571	0.00586	0.00999	0.01428	0.01878	0.15813	0.43844	0.20335	0.06066	0.00975	0.00273	0.00380	0.01624	0.00630	0.00557
10	0.02385	0.02933	0.01968	0.05717	0.07009	0.62295	0.01378	0.05129	0.01894	0.01781	0.01082	0.01286	0.00890	0.00688	0.00615	0.00178	0.01147	0.00459	0.00355	0.00809
11	0.02252	0.02415	0.01656	0.01483	0.01821	0.48337	0.01125	0.02536	0.05107	0.10819	0.11435	0.02126	0.04340	0.00851	0.00650	0.00187	0.00942	0.00623	0.00488	0.00809
12	0.02331	0.01675	0.01827	0.01437	0.01919	0.01833	0.01174	0.52667	0.09780	0.07910	0.08713	0.02075	0.01774	0.00873	0.00684	0.00205	0.00666	0.00684	0.00688	0.01083
13	0.01086	0.00750	0.01057	0.01024	0.01163	0.00781	0.02708	0.01273	0.01203	0.05899	0.02579	0.09660	0.08047	0.19380	0.35763	0.00727	0.01151	0.04700	0.00456	0.00593
14	0.01341	0.10723	0.03096	0.01142	0.01371	0.08361	0.00933	0.01584	0.01589	0.04524	0.28966	0.10804	0.07454	0.01354	0.03287	0.00246	0.11009	0.00973	0.00543	0.00702
15	0.00818	0.00584	0.00779	0.00934	0.00973	0.00545	0.00623	0.00934	0.01285	0.01713	0.03698	0.75981	0.04438	0.02102	0.00856	0.00273	0.00389	0.01908	0.00623	0.00545
16	0.01584	0.01810	0.03959	0.02828	0.03507	0.01697	0.69796	0.02149	0.01584	0.02149	0.01357	0.01810	0.01018	0.00566	0.00792	0.00226	0.01131	0.00792	0.00339	0.00905
17	0.01303	0.01249	0.02085	0.63088	0.04222	0.01569	0.04170	0.01717	0.01310	0.01717	0.01159	0.01749	0.00897	0.00731	0.00868	0.00233	0.10281	0.00602	0.00299	0.00749
18	0.01290	0.01034	0.01297	0.04517	0.07334	0.01090	0.00955	0.08579	0.16951	0.02426	0.15544	0.27471	0.06020	0.01376	0.00762	0.00234	0.00496	0.01214	0.00624	0.00787
19	0.01994	0.35828	0.09160	0.01448	0.02003	0.19902	0.03177	0.10752	0.01735	0.02031	0.01096	0.01247	0.00909	0.00633	0.00537	0.00164	0.00865	0.00435	0.00358	0.05726
20	0.02506	0.03198	0.01901	0.01729	0.02074	0.73725	0.01296	0.02679	0.01901	0.01642	0.01037	0.01210	0.00864	0.00691	0.00605	0.00173	0.01210	0.00432	0.00346	0.00778
21	0.01324	0.01127	0.01368	0.08170	0.01803	0.01003	0.00907	0.01830	0.11108	0.02149	0.01821	0.13885	0.01700	0.00836	0.00599	0.00158	0.00522	0.00716	0.00465	0.48508
22	0.02308	0.01698	0.01841	0.01459	0.01926	0.01866	0.01184	0.60336	0.02893	0.03877	0.01903	0.12013	0.01602	0.00987	0.00697	0.00211	0.00690	0.00786	0.00664	0.01058
23	0.81159	0.01298	0.00986	0.00882	0.01298	0.01505	0.00727	0.01972	0.01142	0.03010	0.00934	0.01090	0.00727	0.00623	0.00415	0.00208	0.00519	0.00363	0.00415	0.00727
24	0.04928	0.08645	0.02138	0.05118	0.08819	0.14728	0.06742	0.11024	0.07043	0.12206	0.01524	0.01633	0.01144	0.00684	0.00616	0.00184	0.00789	0.00551	0.00480	0.11004
25	0.26570	0.00967	0.00964	0.00882	0.01113	0.01024	0.00642	0.05754	0.01340	0.08115	0.05027	0.08548	0.04045	0.26880	0.01547	0.00363	0.00548	0.00813	0.04209	0.00649
26	0.01640	0.16739	0.03787	0.01352	0.06851	0.02994	0.01049	0.08641	0.11710	0.08675	0.16995	0.03039	0.11850	0.00991	0.00662	0.00199	0.00569	0.00811	0.00573	0.00872

[dist]
# distance from previous block
# <min> <max>
0	5

[block]
# block no. 6 follows, 32 sequences, length 45
# corresponding to MSA columns:
# 311-355
name=unknown_G
#
# <colnr> <probs for GDERKNQSTAVLIFYWHMCP>
#	G	D	E	R	K	N	Q	S	T	A	V	L	I	F	Y	W	H	M	C	P
0	0.11178	0.23595	0.05809	0.05817	0.01961	0.12425	0.03437	0.01985	0.01456	0.02015	0.04067	0.01430	0.01118	0.00621	0.00524	0.00159	0.00734	0.00453	0.00360	0.20856
1	0.01756	0.30959	0.02781	0.01789	0.09380	0.11554	0.11721	0.06240	0.01590	0.01941	0.01443	0.10689	0.01376	0.00794	0.00604	0.00184	0.00809	0.00671	0.00377	0.03341
2	0.03952	0.00872	0.00984	0.01022	0.01142	0.03904	0.00722	0.01468	0.11394	0.01815	0.02747	0.36402	0.02994	0.11068	0.11532	0.04877	0.00691	0.01269	0.00531	0.00614
3	0.04258	0.01528	0.04293	0.13763	0.35229	0.01554	0.01678	0.13137	0.04200	0.05067	0.07355	0.01981	0.01533	0.00729	0.00669	0.00206	0.00741	0.00648	0.00448	0.00981
4	0.53797	0.01684	0.01270	0.01111	0.01527	0.16103	0.00889	0.04430	0.01449	0.10722	0.01172	0.01267	0.00874	0.00666	0.00491	0.00200	0.00672	0.00420	0.00457	0.00798
5	0.00818	0.00584	0.00779	0.00934	0.00973	0.00545	0.00623	0.00934	0.01285	0.01713	0.03698	0.75981	0.04438	0.02102	0.00856	0.00273	0.00389	0.01908	0.00623	0.00545
6	0.75929	0.01287	0.01024	0.00903	0.01325	0.01471	0.00744	0.02059	0.01194	0.07674	0.01049	0.01170	0.00789	0.00637	0.00433	0.00208	0.00523	0.00384	0.00443	0.00754
7	0.01411	0.14175	0.62811	0.01801	0.02732	0.01718	0.02285	0.02108	0.01409	0.02045	0.01165	0.01367	0.00852	0.00628	0.00607	0.00202	0.00952	0.00476	0.00284	0.00973
8	0.01391	0.01193	0.01391	0.00994	0.01590	0.00894	0.00795	0.01690	0.01391	0.02186	0.01193	0.01391	0.00994	0.00497	0.00497	0.00099	0.00497	0.00398	0.00398	0.80521
9	0.01661	0.01594	0.02724	0.04119	0.72233	0.01594	0.02059	0.02059	0.01528	0.02192	0.01262	0.01661	0.01063	0.00598	0.00664	0.00199	0.00797	0.00598	0.00332	0.01063
10	0.01075	0.00628	0.00883	0.00883	0.00909	0.00654	0.00595	0.00968	0.00943	0.01282	0.01532	0.02740	0.01586	0.20964	0.18046	0.44025	0.00859	0.00708	0.00334	0.00385
11	0.01603	0.01886	0.06252	0.01484	0.01742	0.27490	0.03560	0.01843	0.01527	0.01752	0.02046	0.17749	0.02137	0.01584	0.07450	0.00311	0.07366	0.11075	0.00437	0.00704
12	0.01057	0.00719	0.00890	0.00834	0.01019	0.00670	0.00630	0.01405	0.03977	0.05006	0.53648	0.04745	0.12483	0.01315	0.00753	0.00208	0.00334	0.01144	0.08510	0.00656
13	0.01994	0.56102	0.03062	0.01311	0.01821	0.22657	0.01190	0.02198	0.01515	0.01597	0.00962	0.01114	0.00862	0.00607	0.00480	0.00152	0.00856	0.00379	0.00304	0.00838
14	0.02474	0.07018	0.02007	0.01668	0.02056	0.58635	0.01285	0.13169	0.02068	0.02043	0.01121	0.01265	0.00907	0.00703	0.00606	0.00176	0.01109	0.00455	0.00393	0.00839
15	0.04290	0.01646	0.03780	0.04629	0.10490	0.01791	0.01323	0.25007	0.31710	0.03112	0.01980	0.01980	0.01482	0.00820	0.00709	0.00216	0.02730	0.00658	0.00592	0.01055
16	0.02113	0.01220	0.01671	0.01229	0.01799	0.00999	0.06457	0.02416	0.01638	0.32924	0.01840	0.01814	0.01287	0.00648	0.00598	0.00157	0.00580	0.00550	0.00582	0.39478
17	0.00974	0.00660	0.00777	0.00777	0.00793	0.00675	0.00463	0.01005	0.00989	0.01335	0.02072	0.04160	0.02339	0.67022	0.12675	0.00707	0.00801	0.00942	0.00400	0.00432
18	0.01705	0.04881	0.10212	0.01447	0.01839	0.21348	0.01243	0.02555	0.25149	0.02201	0.06813	0.07741	0.02148	0.01002	0.00687	0.00217	0.00765	0.06665	0.00520	0.00863
19	0.26185	0.09328	0.15589	0.01526	0.02082	0.01561	0.14205	0.05451	0.01450	0.05103	0.01499	0.10393	0.01323	0.00806	0.00607	0.00213	0.00743	0.00680	0.00417	0.00840
20	0.05413	0.10878	0.04024	0.01428	0.01841	0.29367	0.01171	0.10002	0.01817	0.04925	0.07271	0.01650	0.01408	0.00760	0.00700	0.00180	0.05931	0.00526	0.00433	0.10275
21	0.01166	0.00583	0.00874	0.00874	0.00874	0.00583	0.00583	0.00874	0.00874	0.01166	0.01166	0.02040	0.01166	0.02331	0.02622	0.80478	0.00583	0.00583	0.00291	0.00291
22	0.81159	0.01298	0.00986	0.00882	0.01298	0.01505	0.00727	0.01972	0.01142	0.03010	0.00934	0.01090	0.00727	0.00623	0.00415	0.00208	0.00519	0.00363	0.00415	0.00727
23	0.01267	0.01193	0.02013	0.74806	0.04621	0.01491	0.01863	0.01714	0.01342	0.01714	0.01193	0.01789	0.00894	0.00671	0.00671	0.00224	0.00894	0.00596	0.00298	0.00745
24	0.01391	0.01193	0.01391	0.00994	0.01590	0.00894	0.00795	0.01690	0.01391	0.02186	0.01193	0.01391	0.00994	0.00497	0.00497	0.00099	0.00497	0.00398	0.00398	0.80521
25	0.01584	0.01810	0.03959	0.02828	0.03507	0.01697	0.69796	0.02149	0.01584	0.02149	0.01357	0.01810	0.01018	0.00566	0.00792	0.00226	0.01131	0.00792	0.00339	0.00905
26	0.02461	0.03060	0.01884	0.01703	0.02056	0.67517	0.01283	0.04798	0.05782	0.01786	0.01149	0.01294	0.00939	0.00707	0.00611	0.00177	0.01158	0.00456	0.00374	0.00805
27	0.01794	0.76823	0.03516	0.01148	0.01722	0.02655	0.01148	0.02009	0.01363	0.01579	0.00933	0.01076	0.00861	0.00574	0.00431	0.00144	0.00718	0.00359	0.00287	0.00861
28	0.81159	0.01298	0.00986	0.00882	0.01298	0.01505	0.00727	0.01972	0.01142	0.03010	0.00934	0.01090	0.00727	0.00623	0.00415	0.00208	0.00519	0.00363	0.00415	0.00727
29	0.01484	0.01215	0.01418	0.01019	0.01611	0.00939	0.00818	0.04117	0.01470	0.04541	0.01254	0.01428	0.01021	0.00518	0.00509	0.00106	0.00508	0.00414	0.00421	0.75188
30	0.06628	0.01201	0.01471	0.01103	0.01650	0.01018	0.00899	0.05105	0.01694	0.35278	0.01875	0.01800	0.01297	0.00672	0.00582	0.00160	0.00542	0.00533	0.00612	0.35881
31	0.00818	0.00584	0.00779	0.00934	0.00973	0.00545	0.00623	0.00934	0.01285	0.01713	0.03698	0.75981	0.04438	0.02102	0.00856	0.00273	0.00389	0.01908	0.00623	0.00545
32	0.01267	0.01193	0.02013	0.74806	0.04621	0.01491	0.01863	0.01714	0.01342	0.01714	0.01193	0.01789	0.00894	0.00671	0.00671	0.00224	0.00894	0.00596	0.00298	0.00745
33	0.01748	0.01099	0.01286	0.01127	0.01453	0.01112	0.00876	0.12716	0.15374	0.18121	0.10933	0.17019	0.11768	0.01255	0.00738	0.00226	0.00497	0.01069	0.00701	0.00882
34	0.00824	0.00677	0.00730	0.00754	0.00952	0.00582	0.00568	0.01006	0.01525	0.01864	0.09821	0.13678	0.56624	0.01734	0.00809	0.00236	0.00363	0.06053	0.00629	0.00571
35	0.02279	0.01324	0.01553	0.01288	0.01731	0.01378	0.01032	0.09419	0.33054	0.32091	0.05527	0.02437	0.01985	0.00887	0.00683	0.00216	0.00558	0.00729	0.00746	0.01084
36	0.01210	0.00968	0.01063	0.00981	0.01243	0.00983	0.00750	0.09084	0.16813	0.02477	0.19611	0.10748	0.28669	0.01393	0.00761	0.00225	0.00424	0.01183	0.00667	0.00749
37	0.00890	0.00622	0.00792	0.00893	0.00934	0.00597	0.00593	0.00994	0.01235	0.01649	0.05817	0.46567	0.03867	0.24340	0.01627	0.00386	0.00482	0.06638	0.00562	0.00512
38	0.02042	0.02349	0.02082	0.02239	0.17714	0.37344	0.01481	0.02410	0.07647	0.01861	0.01204	0.01474	0.01015	0.00783	0.00936	0.00207	0.15464	0.00528	0.00362	0.00858
39	0.00925	0.00658	0.00769	0.00785	0.00845	0.00648	0.00500	0.00997	0.01120	0.01466	0.03084	0.11677	0.15183	0.46694	0.11302	0.00588	0.00709	0.01117	0.00462	0.00473
40	0.00822	0.00605	0.00777	0.00899	0.00971	0.00560	0.00614	0.00957	0.01332	0.01752	0.06116	0.61401	0.14261	0.02115	0.03157	0.00290	0.00425	0.01777	0.00618	0.00552
41	0.04594	0.19658	0.02593	0.04591	0.04593	0.17863	0.15899	0.04299	0.03473	0.04119	0.01764	0.01943	0.07933	0.00758	0.00676	0.00194	0.03197	0.00624	0.00390	0.00840
42	0.01446	0.04307	0.10801	0.10176	0.07669	0.05426	0.07609	0.06201	0.07709	0.02130	0.07072	0.04578	0.01727	0.01681	0.15534	0.00390	0.03581	0.00715	0.00420	0.00829
43	0.00909	0.00686	0.00850	0.00945	0.01050	0.00663	0.00663	0.01213	0.07738	0.01897	0.08383	0.54178	0.12601	0.01889	0.00831	0.00260	0.00398	0.03608	0.00636	0.00603
44	0.01922	0.11262	0.09131	0.10198	0.13774	0.13963	0.04196	0.04388	0.01594	0.11475	0.01364	0.01599	0.01050	0.00721	0.00770	0.00202	0.07955	0.00548	0.02979	0.00908

[dist]
# distance from previous block
# <min> <max>
1	39

[block]
# block no. 7 follows, 32 sequences, length 59
# corresponding to MSA columns:
# 402-460
name=unknown_H
#
# <colnr> <probs for GDERKNQSTAVLIFYWHMCP>
#	G	D	E	R	K	N	Q	S	T	A	V	L	I	F	Y	W	H	M	C	P
0	0.07031	0.01849	0.12635	0.07067	0.04105	0.04950	0.17685	0.06859	0.06474	0.06986	0.04030	0.01793	0.01265	0.00728	0.00796	0.00212	0.07165	0.00628	0.00428	0.07311
1	0.02220	0.18975	0.05039	0.01638	0.04549	0.29839	0.01333	0.15464	0.01923	0.05195	0.01196	0.01349	0.00959	0.00727	0.00714	0.00186	0.06906	0.00481	0.00409	0.00897
2	0.01369	0.08730	0.39536	0.01733	0.02434	0.01526	0.09868	0.02075	0.08034	0.02072	0.03260	0.05005	0.01391	0.03950	0.05866	0.00290	0.00942	0.00656	0.00364	0.00899
3	0.01685	0.09821	0.05939	0.11208	0.08989	0.04194	0.16287	0.07253	0.05983	0.07395	0.01655	0.06974	0.01406	0.04400	0.00879	0.03089	0.00818	0.00727	0.00430	0.00870
4	0.01529	0.29728	0.26720	0.01458	0.02072	0.01811	0.04435	0.05830	0.01437	0.01911	0.01331	0.07382	0.01201	0.00922	0.00802	0.08880	0.00789	0.00587	0.00338	0.00837
5	0.00918	0.00654	0.00792	0.00856	0.00994	0.00583	0.00611	0.01078	0.01445	0.04844	0.08964	0.41414	0.28823	0.01850	0.00824	0.00250	0.00381	0.03494	0.00639	0.00586
6	0.00941	0.00650	0.00779	0.00803	0.00834	0.00654	0.00498	0.00997	0.01061	0.01419	0.02534	0.15018	0.05926	0.52876	0.11638	0.00627	0.00739	0.01105	0.00443	0.00459
7	0.01716	0.33541	0.19853	0.01481	0.02084	0.10687	0.04007	0.06328	0.01584	0.01951	0.01503	0.01962	0.03814	0.00763	0.00584	0.00187	0.00838	0.05888	0.00359	0.00871
8	0.04841	0.18569	0.07781	0.08444	0.21674	0.14875	0.03275	0.02283	0.08364	0.02003	0.01273	0.01508	0.01035	0.00650	0.00596	0.00189	0.00849	0.00519	0.00356	0.00918
9	0.00847	0.00664	0.00753	0.00765	0.00930	0.00585	0.00552	0.01034	0.01546	0.01980	0.22034	0.17202	0.40437	0.06459	0.00970	0.00257	0.00362	0.01417	0.00638	0.00569
10	0.00887	0.00661	0.00735	0.00745	0.00922	0.00585	0.00548	0.01100	0.01562	0.02077	0.20185	0.15499	0.39239	0.01571	0.00762	0.00221	0.00338	0.01344	0.10432	0.00585
11	0.01326	0.01082	0.01712	0.13011	0.12765	0.01166	0.06691	0.04258	0.03674	0.04469	0.01767	0.05547	0.01602	0.10364	0.25050	0.00547	0.01104	0.00759	0.02356	0.00751
12	0.01084	0.00788	0.01001	0.00989	0.01102	0.03461	0.00712	0.01146	0.01113	0.01521	0.01923	0.15799	0.02018	0.08982	0.27291	0.21403	0.00999	0.00882	0.00396	0.07391
13	0.01794	0.76823	0.03516	0.01148	0.01722	0.02655	0.01148	0.02009	0.01363	0.01579	0.00933	0.01076	0.00861	0.00574	0.00431	0.00144	0.00718	0.00359	0.00287	0.00861
14	0.00827	0.00596	0.00785	0.00918	0.00973	0.00553	0.00620	0.00962	0.01343	0.01795	0.09290	0.67800	0.06994	0.02029	0.00849	0.00266	0.00382	0.01834	0.00632	0.00553
15	0.01496	0.01893	0.15592	0.11528	0.28045	0.04560	0.13737	0.01973	0.01514	0.02080	0.03658	0.04829	0.01412	0.00753	0.00703	0.00217	0.00882	0.03852	0.00358	0.00918
16	0.00973	0.00660	0.00780	0.00780	0.00796	0.00677	0.00466	0.01006	0.00990	0.01336	0.02070	0.04149	0.02334	0.66557	0.13133	0.00710	0.00809	0.00940	0.00400	0.00433
17	0.00855	0.00675	0.00771	0.00762	0.00948	0.00590	0.00566	0.01077	0.01653	0.02142	0.31515	0.11220	0.41632	0.01605	0.00797	0.00224	0.00335	0.01376	0.00667	0.00590
18	0.01079	0.00773	0.00922	0.00932	0.01126	0.00739	0.00714	0.01471	0.08665	0.05448	0.16814	0.19194	0.23895	0.01585	0.00796	0.00241	0.00415	0.10930	0.03599	0.00662
19	0.01562	0.11942	0.08075	0.01818	0.13106	0.06125	0.05906	0.08809	0.03106	0.03823	0.01913	0.17947	0.01887	0.04815	0.05908	0.00292	0.00809	0.00876	0.00447	0.00834
20	0.02117	0.02556	0.01892	0.01696	0.01931	0.49015	0.01315	0.02287	0.01604	0.01629	0.01042	0.01373	0.00921	0.01104	0.05722	0.00264	0.21951	0.00494	0.00332	0.00754
21	0.01142	0.00595	0.00882	0.00882	0.00890	0.00604	0.00592	0.00902	0.00893	0.01199	0.01254	0.02192	0.01261	0.06016	0.07621	0.71173	0.00671	0.00611	0.00302	0.00318
22	0.01735	0.04933	0.09749	0.02547	0.21994	0.16894	0.13539	0.02098	0.01515	0.01928	0.01253	0.01771	0.01081	0.03098	0.00963	0.00228	0.10974	0.02483	0.00335	0.00883
23	0.01728	0.12450	0.09205	0.04336	0.07487	0.01508	0.06259	0.13099	0.04300	0.10722	0.06930	0.02758	0.14539	0.00923	0.00672	0.00204	0.00673	0.00772	0.00526	0.00906
24	0.02006	0.27839	0.13643	0.04184	0.02100	0.04339	0.01371	0.17315	0.01857	0.10765	0.01366	0.01451	0.01029	0.00667	0.00567	0.00175	0.00753	0.00487	0.00448	0.07637
25	0.20211	0.01586	0.01560	0.01296	0.01711	0.04481	0.01048	0.30077	0.15732	0.03314	0.01672	0.01721	0.01252	0.00794	0.00660	0.00207	0.03803	0.00574	0.07344	0.00956
26	0.00975	0.00656	0.00757	0.00757	0.00766	0.00664	0.00438	0.00992	0.00983	0.01320	0.02091	0.04262	0.02383	0.71174	0.08583	0.00682	0.00735	0.00957	0.00403	0.00421
27	0.01794	0.76823	0.03516	0.01148	0.01722	0.02655	0.01148	0.02009	0.01363	0.01579	0.00933	0.01076	0.00861	0.00574	0.00431	0.00144	0.00718	0.00359	0.00287	0.00861
28	0.00863	0.00637	0.00824	0.00929	0.01020	0.00574	0.00632	0.00996	0.01303	0.01755	0.03615	0.67328	0.06742	0.01958	0.00825	0.00257	0.00396	0.01767	0.00605	0.06975
29	0.01166	0.00583	0.00874	0.00874	0.00874	0.00583	0.00583	0.00874	0.00874	0.01166	0.01166	0.02040	0.01166	0.02331	0.02622	0.80478	0.00583	0.00583	0.00291	0.00291
30	0.01346	0.03471	0.72942	0.01912	0.02904	0.01558	0.02479	0.02125	0.01417	0.02125	0.01204	0.01417	0.00850	0.00637	0.00637	0.00212	0.00992	0.00496	0.00283	0.00992
31	0.01346	0.03471	0.72942	0.01912	0.02904	0.01558	0.02479	0.02125	0.01417	0.02125	0.01204	0.01417	0.00850	0.00637	0.00637	0.00212	0.00992	0.00496	0.00283	0.00992
32	0.00905	0.00684	0.00835	0.00797	0.00975	0.00614	0.00598	0.01180	0.01794	0.02441	0.53373	0.05423	0.24994	0.01465	0.00792	0.00215	0.00323	0.01271	0.00706	0.00614
33	0.01649	0.04253	0.01750	0.10189	0.07871	0.24538	0.03496	0.02025	0.05893	0.01888	0.07178	0.02212	0.03814	0.01645	0.15282	0.00371	0.01062	0.00653	0.03468	0.00763
34	0.53115	0.10151	0.01456	0.01016	0.01476	0.01603	0.00861	0.07652	0.01454	0.14038	0.01261	0.01320	0.00924	0.00665	0.00479	0.00200	0.00568	0.00432	0.00487	0.00842
35	0.01216	0.01150	0.01827	0.08972	0.09479	0.03676	0.14316	0.01510	0.01411	0.01860	0.05886	0.13048	0.12101	0.07620	0.08922	0.00357	0.03016	0.02483	0.00445	0.00707
36	0.01468	0.01468	0.02055	0.01762	0.01762	0.02055	0.01468	0.01615	0.01028	0.01615	0.00881	0.01468	0.00881	0.01174	0.02202	0.00294	0.75191	0.00587	0.00294	0.00734
37	0.00976	0.00651	0.00732	0.00732	0.00732	0.00651	0.00407	0.00976	0.00976	0.01301	0.02114	0.04391	0.02439	0.76419	0.03415	0.00651	0.00651	0.00976	0.00407	0.00407
38	0.00976	0.00651	0.00732	0.00732	0.00732	0.00651	0.00407	0.00976	0.00976	0.01301	0.02114	0.04391	0.02439	0.76419	0.03415	0.00651	0.00651	0.00976	0.00407	0.00407
39	0.01736	0.01583	0.01548	0.01395	0.01771	0.07462	0.01081	0.03494	0.65464	0.02713	0.02595	0.02399	0.01953	0.00893	0.00676	0.00223	0.00586	0.00732	0.00656	0.01039
40	0.02094	0.01619	0.01656	0.01386	0.01792	0.07413	0.01098	0.32842	0.18334	0.08346	0.05466	0.10908	0.02006	0.01004	0.00697	0.00215	0.00654	0.00816	0.00657	0.00998
41	0.00872	0.00654	0.00822	0.00934	0.01051	0.00603	0.00698	0.01048	0.01412	0.01808	0.04512	0.41154	0.22763	0.01935	0.00855	0.00268	0.00429	0.16992	0.00622	0.00568
42	0.01252	0.00854	0.01037	0.00949	0.01169	0.00849	0.00733	0.05642	0.09288	0.05990	0.47262	0.04254	0.04776	0.01221	0.00739	0.00210	0.00387	0.03584	0.09075	0.00731
43	0.01584	0.01810	0.03959	0.02828	0.03507	0.01697	0.69796	0.02149	0.01584	0.02149	0.01357	0.01810	0.01018	0.00566	0.00792	0.00226	0.01131	0.00792	0.00339	0.00905
44	0.00843	0.00598	0.00768	0.00893	0.00931	0.00563	0.00584	0.00942	0.01242	0.01649	0.03542	0.61935	0.06368	0.14257	0.01273	0.00333	0.00430	0.01739	0.00587	0.00523
45	0.01788	0.01404	0.02011	0.02434	0.30125	0.01480	0.01452	0.16952	0.06195	0.07734	0.01662	0.01983	0.01334	0.01744	0.18208	0.00413	0.00991	0.00644	0.00472	0.00975
46	0.09229	0.01257	0.01575	0.01218	0.01731	0.01180	0.01006	0.12456	0.02030	0.57563	0.02365	0.02094	0.01513	0.00810	0.00653	0.00207	0.00590	0.00640	0.00775	0.01108
47	0.00888	0.00682	0.00819	0.00870	0.01006	0.00635	0.00619	0.01165	0.05565	0.02005	0.18488	0.37786	0.23463	0.01770	0.00815	0.00244	0.00369	0.01561	0.00650	0.00599
48	0.01576	0.18060	0.02719	0.08853	0.39140	0.01722	0.05895	0.01940	0.01520	0.02069	0.08833	0.01914	0.01572	0.00680	0.00635	0.00192	0.00756	0.00624	0.00364	0.00936
49	0.01203	0.03755	0.08825	0.04012	0.18632	0.01083	0.03337	0.01529	0.01447	0.01975	0.04876	0.26537	0.02881	0.01377	0.00780	0.00248	0.00643	0.15607	0.00493	0.00760
50	0.34068	0.01353	0.01362	0.01137	0.01565	0.01482	0.00927	0.18279	0.07403	0.14530	0.01798	0.01838	0.03697	0.01116	0.06450	0.00278	0.00677	0.00569	0.00568	0.00904
51	0.01005	0.00929	0.04592	0.06464	0.04088	0.00808	0.06366	0.01190	0.01329	0.01730	0.03558	0.28831	0.20286	0.06801	0.01150	0.07925	0.00553	0.01294	0.00504	0.00600
52	0.01723	0.06720	0.06738	0.12471	0.07392	0.12409	0.01355	0.09849	0.01637	0.06780	0.01580	0.06884	0.01364	0.01487	0.11977	0.00341	0.05125	0.00664	0.02672	0.00831
53	0.01112	0.00817	0.01157	0.01235	0.06063	0.00903	0.00836	0.01280	0.01130	0.04238	0.01994	0.09884	0.02046	0.23377	0.34946	0.00737	0.06352	0.00882	0.00408	0.00604
54	0.00897	0.00625	0.00795	0.00893	0.00952	0.00593	0.00610	0.00985	0.01244	0.01631	0.03505	0.42807	0.10609	0.16935	0.01492	0.05940	0.00472	0.07950	0.00556	0.00509
55	0.01606	0.01819	0.13362	0.06695	0.10874	0.06568	0.05906	0.11824	0.09512	0.02451	0.06517	0.09945	0.01840	0.00886	0.00684	0.00207	0.00747	0.00769	0.00476	0.07313
56	0.04860	0.09976	0.10066	0.03968	0.12000	0.14921	0.01412	0.02471	0.16573	0.06345	0.01808	0.03788	0.03816	0.00807	0.00703	0.00205	0.04292	0.00623	0.00448	0.00916
57	0.07965	0.04336	0.01718	0.01442	0.04012	0.07358	0.03608	0.17916	0.08191	0.02589	0.09253	0.02432	0.05264	0.06393	0.04506	0.00288	0.10665	0.00717	0.00509	0.00837
58	0.09616	0.01901	0.20202	0.01702	0.04872	0.03986	0.13152	0.01914	0.03282	0.02244	0.07988	0.06322	0.01755	0.00820	0.00696	0.00204	0.02585	0.03215	0.00413	0.13132

[dist]
# distance from previous block
# <min> <max>
1	13

[block]
# block no. 8 follows, 32 sequences, length 17
# corresponding to MSA columns:
# 474-490
name=unknown_I
#
# <colnr> <probs for GDERKNQSTAVLIFYWHMCP>
#	G	D	E	R	K	N	Q	S	T	A	V	L	I	F	Y	W	H	M	C	P
0	0.01416	0.01007	0.03293	0.01401	0.09349	0.00945	0.00952	0.05240	0.05770	0.11938	0.12938	0.25578	0.03179	0.06990	0.06541	0.00327	0.00620	0.01149	0.00597	0.00769
1	0.05827	0.08823	0.17383	0.02063	0.14610	0.10884	0.07148	0.06726	0.04147	0.09833	0.01532	0.05372	0.01231	0.00742	0.00640	0.00202	0.00839	0.00619	0.00428	0.00951
2	0.01636	0.11614	0.12090	0.04787	0.08939	0.03287	0.11111	0.08513	0.07895	0.05877	0.03809	0.04377	0.08755	0.00843	0.00665	0.00205	0.00747	0.00733	0.03216	0.00904
3	0.00969	0.00635	0.00839	0.00945	0.01033	0.00586	0.00658	0.01114	0.01373	0.06223	0.06620	0.62235	0.07768	0.01962	0.00842	0.00265	0.00404	0.04299	0.00641	0.00590
4	0.01453	0.01704	0.10120	0.18428	0.14425	0.01535	0.27437	0.02048	0.05871	0.02111	0.04499	0.02080	0.03752	0.00696	0.00722	0.00219	0.00912	0.00724	0.00371	0.00891
