[name]
unknown

[dist]
# distance from previous block
# <min> <max>
0	22

[block]
# block no. 0 follows, 32 sequences, length 49
# corresponding to MSA columns:
# 22-70
name=unknown_A
#
# <colnr> <probs for GDERKNQSTAVLIFYWHMCP>
#	G	D	E	R	K	N	Q	S	T	A	V	L	I	F	Y	W	H	M	C	P
0	0.01081	0.00772	0.01081	0.01236	0.01390	0.00772	0.01081	0.01390	0.01545	0.02008	0.03553	0.07569	0.03862	0.01854	0.00927	0.00309	0.00618	0.67717	0.00618	0.00618
1	0.01855	0.65816	0.06088	0.01242	0.01808	0.10432	0.01217	0.02088	0.01425	0.01607	0.00955	0.01105	0.00861	0.00589	0.00458	0.00149	0.00783	0.00372	0.00293	0.00857
2	0.00979	0.00745	0.01101	0.01090	0.01199	0.00878	0.00844	0.01205	0.01072	0.01548	0.01775	0.02669	0.01680	0.08107	0.67746	0.01028	0.04652	0.00725	0.00359	0.00596
3	0.01680	0.01644	0.03256	0.02392	0.02946	0.01609	0.49476	0.06852	0.01651	0.07089	0.01617	0.07782	0.01336	0.00771	0.00887	0.00232	0.06623	0.00845	0.00416	0.00896
4	0.02292	0.03157	0.15243	0.01750	0.02231	0.55150	0.01517	0.07302	0.01898	0.01914	0.01109	0.01277	0.00881	0.00689	0.00616	0.00182	0.01136	0.00456	0.00357	0.00843
5	0.13222	0.01208	0.01859	0.63744	0.04124	0.01493	0.01693	0.01753	0.01312	0.01908	0.01154	0.01684	0.00869	0.00664	0.00633	0.00221	0.00838	0.00561	0.00316	0.00743
6	0.02588	0.01048	0.01422	0.01122	0.01567	0.00914	0.00914	0.02859	0.01916	0.58340	0.16846	0.02843	0.02619	0.00941	0.00699	0.00208	0.00519	0.00785	0.00812	0.01038
7	0.81159	0.01298	0.00986	0.00882	0.01298	0.01505	0.00727	0.01972	0.01142	0.03010	0.00934	0.01090	0.00727	0.00623	0.00415	0.00208	0.00519	0.00363	0.00415	0.00727
8	0.02566	0.01855	0.01999	0.01532	0.02069	0.02045	0.01266	0.67821	0.03115	0.06461	0.01645	0.01633	0.01158	0.00806	0.00671	0.00202	0.00733	0.00606	0.00676	0.01141
9	0.01661	0.01594	0.02724	0.04119	0.72233	0.01594	0.02059	0.02059	0.01528	0.02192	0.01262	0.01661	0.01063	0.00598	0.00664	0.00199	0.00797	0.00598	0.00332	0.01063
10	0.01661	0.01594	0.02724	0.04119	0.72233	0.01594	0.02059	0.02059	0.01528	0.02192	0.01262	0.01661	0.01063	0.00598	0.00664	0.00199	0.00797	0.00598	0.00332	0.01063
11	0.81159	0.01298	0.00986	0.00882	0.01298	0.01505	0.00727	0.01972	0.01142	0.03010	0.00934	0.01090	0.00727	0.00623	0.00415	0.00208	0.00519	0.00363	0.00415	0.00727
12	0.43145	0.01424	0.01371	0.01131	0.01591	0.01571	0.00928	0.18905	0.06834	0.14941	0.01516	0.01519	0.01080	0.00723	0.00541	0.00208	0.00582	0.00503	0.00567	0.00922
13	0.76160	0.01288	0.01023	0.00902	0.01324	0.01472	0.00743	0.02055	0.01192	0.07468	0.01044	0.01166	0.00786	0.00636	0.00432	0.00208	0.00522	0.00383	0.00442	0.00753
14	0.81159	0.01298	0.00986	0.00882	0.01298	0.01505	0.00727	0.01972	0.01142	0.03010	0.00934	0.01090	0.00727	0.00623	0.00415	0.00208	0.00519	0.00363	0.00415	0.00727
15	0.00828	0.00677	0.00735	0.00758	0.00955	0.00584	0.00571	0.01014	0.01534	0.01886	0.11429	0.13647	0.54936	0.01726	0.00809	0.00236	0.00363	0.06106	0.00632	0.00573
16	0.02884	0.01114	0.01517	0.01172	0.01669	0.00964	0.00964	0.03147	0.01919	0.68394	0.06904	0.02452	0.01948	0.00864	0.00682	0.00208	0.00555	0.00708	0.00825	0.01111
17	0.02454	0.01831	0.01959	0.01524	0.02044	0.02036	0.01252	0.62714	0.10594	0.04073	0.01734	0.01709	0.01241	0.00817	0.00672	0.00204	0.00716	0.00621	0.00672	0.01132
18	0.01770	0.30470	0.30034	0.01617	0.02355	0.01903	0.08508	0.02244	0.01484	0.11794	0.01320	0.01450	0.00984	0.00634	0.00581	0.00187	0.00844	0.00499	0.00367	0.00955
19	0.02648	0.01662	0.01954	0.01490	0.02027	0.01747	0.03772	0.47977	0.02736	0.24122	0.01904	0.01815	0.01288	0.00804	0.00677	0.00204	0.00704	0.00632	0.00705	0.01132
20	0.01466	0.01755	0.08291	0.02464	0.03042	0.01569	0.52217	0.01965	0.01500	0.02060	0.01602	0.10835	0.01416	0.00798	0.00879	0.00235	0.05788	0.00894	0.00367	0.00856
21	0.01664	0.01577	0.14316	0.01554	0.02027	0.01194	0.16402	0.06403	0.01552	0.15871	0.02128	0.05404	0.04824	0.20419	0.01417	0.00330	0.00784	0.00821	0.00488	0.00824
22	0.02395	0.05331	0.02039	0.01963	0.09464	0.63894	0.01372	0.02593	0.01845	0.01698	0.01058	0.01253	0.00885	0.00678	0.00606	0.00175	0.01151	0.00447	0.00342	0.00811
23	0.00916	0.00714	0.01023	0.05109	0.01319	0.00698	0.03834	0.01152	0.04083	0.01822	0.06546	0.60776	0.05705	0.01864	0.00832	0.00262	0.00452	0.01696	0.00600	0.00597
24	0.01948	0.01621	0.02883	0.02153	0.02639	0.03435	0.35412	0.04679	0.01609	0.18502	0.01559	0.01827	0.01139	0.00766	0.01050	0.00234	0.16452	0.00706	0.00456	0.00929
25	0.01285	0.01227	0.02120	0.70829	0.04560	0.01502	0.05617	0.01738	0.01355	0.01738	0.01202	0.01790	0.00901	0.00665	0.00678	0.00224	0.00908	0.00607	0.00300	0.00754
26	0.01282	0.01207	0.02039	0.72196	0.07118	0.01495	0.01871	0.01727	0.01349	0.01732	0.01195	0.01784	0.00901	0.00668	0.00671	0.00223	0.00891	0.00596	0.00299	0.00757
27	0.01600	0.01533	0.02614	0.14967	0.61857	0.01578	0.02029	0.02006	0.01499	0.02119	0.01251	0.01680	0.01037	0.00609	0.00665	0.00203	0.00812	0.00598	0.00327	0.01014
28	0.01535	0.02012	0.14104	0.06742	0.07420	0.01659	0.52084	0.02116	0.01542	0.02124	0.01320	0.01741	0.00989	0.00584	0.00755	0.00222	0.01078	0.00726	0.00328	0.00918
29	0.00950	0.00686	0.00897	0.00844	0.01002	0.00633	0.00633	0.01266	0.01899	0.02691	0.71879	0.05012	0.06331	0.01372	0.00791	0.00211	0.00317	0.01213	0.00739	0.00633
30	0.01495	0.24883	0.47505	0.01755	0.02601	0.01890	0.07021	0.02093	0.01413	0.01966	0.01136	0.01346	0.00866	0.00614	0.00588	0.00193	0.00921	0.00477	0.00289	0.00947
31	0.01782	0.27829	0.28752	0.01642	0.02362	0.04556	0.06487	0.14938	0.01756	0.02323	0.01194	0.01359	0.00921	0.00645	0.00584	0.00187	0.00869	0.00489	0.00364	0.00962
32	0.00818	0.00584	0.00779	0.00934	0.00973	0.00545	0.00623	0.00934	0.01285	0.01713	0.03698	0.75981	0.04438	0.02102	0.00856	0.00273	0.00389	0.01908	0.00623	0.00545
33	0.00818	0.00584	0.00779	0.00934	0.00973	0.00545	0.00623	0.00934	0.01285	0.01713	0.03698	0.75981	0.04438	0.02102	0.00856	0.00273	0.00389	0.01908	0.00623	0.00545
34	0.04806	0.01542	0.02099	0.33591	0.09880	0.03732	0.04671	0.22692	0.05781	0.02653	0.01405	0.01720	0.01048	0.00712	0.00665	0.00213	0.00823	0.00603	0.00444	0.00921
35	0.12740	0.15794	0.14256	0.02108	0.12784	0.07121	0.14783	0.02069	0.01415	0.02078	0.01112	0.01411	0.00903	0.00660	0.00752	0.00205	0.08071	0.00529	0.00326	0.00884
36	0.64563	0.11467	0.01474	0.01025	0.01470	0.04299	0.03526	0.02010	0.01217	0.02736	0.00955	0.01121	0.00761	0.00617	0.00439	0.00199	0.00595	0.00382	0.00393	0.00754
37	0.01403	0.02757	0.49322	0.01943	0.02760	0.01455	0.14827	0.02060	0.01487	0.04823	0.05344	0.05843	0.01415	0.00753	0.00688	0.00218	0.00931	0.00676	0.00359	0.00937
38	0.01616	0.19756	0.41966	0.01801	0.02588	0.11017	0.08206	0.02172	0.01482	0.01943	0.01136	0.01350	0.00870	0.00624	0.00601	0.00193	0.00971	0.00484	0.00297	0.00927
39	0.00888	0.00683	0.00812	0.00780	0.00965	0.00607	0.00585	0.01147	0.01754	0.02346	0.46309	0.05580	0.32117	0.01500	0.00792	0.00217	0.00326	0.01293	0.00693	0.00607
40	0.04408	0.01215	0.01436	0.01131	0.04773	0.00949	0.00850	0.01717	0.01388	0.02218	0.01186	0.01392	0.00987	0.00506	0.00501	0.00108	0.00511	0.00405	0.00395	0.73923
41	0.00961	0.00709	0.01026	0.01026	0.01128	0.00810	0.00774	0.01165	0.01063	0.01519	0.01845	0.02901	0.01792	0.15793	0.63156	0.01014	0.01624	0.00758	0.00367	0.00570
42	0.01886	0.01549	0.01639	0.01409	0.01828	0.01770	0.01115	0.19924	0.54309	0.03157	0.02455	0.02284	0.01825	0.00885	0.00680	0.00221	0.00582	0.00721	0.00680	0.01082
43	0.00975	0.00655	0.00756	0.00756	0.00765	0.00664	0.00437	0.00991	0.00983	0.01319	0.02092	0.04268	0.02386	0.71407	0.08354	0.00681	0.00731	0.00958	0.00403	0.00420
44	0.04687	0.04150	0.11811	0.02454	0.03128	0.01661	0.50569	0.02201	0.01550	0.07102	0.01389	0.01739	0.01024	0.00611	0.00776	0.00222	0.02927	0.00714	0.00367	0.00919
45	0.11678	0.26783	0.15181	0.01630	0.04681	0.01989	0.09579	0.04901	0.10173	0.02207	0.01294	0.01465	0.01029	0.00670	0.00638	0.00195	0.04109	0.00514	0.00376	0.00911
46	0.01562	0.22700	0.26019	0.05611	0.02345	0.07866	0.06393	0.03826	0.03717	0.02021	0.07035	0.01920	0.04765	0.00744	0.00613	0.00193	0.00834	0.00591	0.00369	0.00876
47	0.04059	0.09590	0.19548	0.04005	0.08954	0.09589	0.14407	0.13886	0.03608	0.04124	0.01330	0.01540	0.01002	0.00661	0.00648	0.00201	0.00916	0.00569	0.00400	0.00963
48	0.20905	0.16192	0.12288	0.01536	0.08941	0.05587	0.03030	0.02101	0.03524	0.07996	0.06838	0.01930	0.05051	0.00753	0.00573	0.00196	0.00688	0.00576	0.00434	0.00861

[dist]
# distance from previous block
# <min> <max>
0	13

[block]
# block no. 1 follows, 32 sequences, length 57
# corresponding to MSA columns:
# 84-140
name=unknown_B
#
# <colnr> <probs for GDERKNQSTAVLIFYWHMCP>
#	G	D	E	R	K	N	Q	S	T	A	V	L	I	F	Y	W	H	M	C	P
0	0.05040	0.18492	0.16008	0.01656	0.06555	0.13113	0.01475	0.17840	0.01913	0.07861	0.01380	0.03315	0.01084	0.00720	0.00597	0.00189	0.00830	0.00532	0.00442	0.00959
1	0.03946	0.01697	0.07970	0.02658	0.27035	0.06000	0.17703	0.02042	0.04246	0.04701	0.01763	0.13826	0.01625	0.00867	0.00714	0.00219	0.00824	0.00841	0.00413	0.00910
2	0.04095	0.01033	0.01208	0.01099	0.01363	0.01068	0.00831	0.10753	0.14821	0.12073	0.15309	0.22933	0.03290	0.05865	0.00904	0.00256	0.00492	0.01124	0.00670	0.00814
3	0.01504	0.01533	0.02362	0.40488	0.19997	0.08360	0.09788	0.01924	0.01485	0.01902	0.03468	0.01809	0.01119	0.00666	0.00681	0.00213	0.00911	0.00624	0.00330	0.00838
4	0.02022	0.01505	0.02282	0.13049	0.32598	0.01556	0.03800	0.14582	0.03466	0.16024	0.01618	0.01813	0.01189	0.00697	0.00673	0.00206	0.00761	0.00623	0.00493	0.01042
5	0.02425	0.11700	0.02092	0.01655	0.02034	0.63223	0.01279	0.04721	0.01878	0.01716	0.01043	0.01207	0.00873	0.00681	0.00587	0.00170	0.01138	0.00429	0.00349	0.00799
6	0.01391	0.01193	0.01391	0.00994	0.01590	0.00894	0.00795	0.01690	0.01391	0.02186	0.01193	0.01391	0.00994	0.00497	0.00497	0.00099	0.00497	0.00398	0.00398	0.80521
7	0.01069	0.10760	0.01400	0.01088	0.01267	0.01078	0.00880	0.01305	0.01116	0.01560	0.01683	0.02430	0.01570	0.04444	0.64085	0.00955	0.01655	0.00671	0.00350	0.00634
8	0.00793	0.00680	0.00680	0.00680	0.00906	0.00566	0.00510	0.00963	0.01529	0.01813	0.06797	0.06457	0.71961	0.01699	0.00793	0.00227	0.00340	0.01416	0.00623	0.00566
9	0.00959	0.00719	0.01078	0.01078	0.01198	0.00839	0.00839	0.01198	0.01078	0.01558	0.01797	0.02636	0.01677	0.05032	0.73760	0.01078	0.01797	0.00719	0.00359	0.00599
10	0.01621	0.01554	0.02653	0.11179	0.65480	0.01584	0.02040	0.02025	0.01509	0.02144	0.01255	0.01673	0.01046	0.00605	0.00665	0.00202	0.00807	0.00598	0.00329	0.01031
11	0.02506	0.03198	0.01901	0.01729	0.02074	0.73725	0.01296	0.02679	0.01901	0.01642	0.01037	0.01210	0.00864	0.00691	0.00605	0.00173	0.01210	0.00432	0.00346	0.00778
12	0.01593	0.01636	0.02079	0.04519	0.01961	0.09152	0.04019	0.04244	0.01227	0.01736	0.00981	0.01508	0.00918	0.01187	0.04027	0.00297	0.57260	0.00584	0.00317	0.00756
13	0.02622	0.01839	0.01933	0.01498	0.02021	0.06188	0.01230	0.55171	0.02880	0.15156	0.01744	0.01696	0.01209	0.00803	0.00668	0.00201	0.00739	0.00605	0.00678	0.01120
14	0.81159	0.01298	0.00986	0.00882	0.01298	0.01505	0.00727	0.01972	0.01142	0.03010	0.00934	0.01090	0.00727	0.00623	0.00415	0.00208	0.00519	0.00363	0.00415	0.00727
15	0.01584	0.01516	0.02585	0.17888	0.59063	0.01574	0.02021	0.01992	0.01492	0.02099	0.01249	0.01686	0.01030	0.00612	0.00666	0.00204	0.00816	0.00598	0.00326	0.01001
16	0.00818	0.00584	0.00779	0.00934	0.00973	0.00545	0.00623	0.00934	0.01285	0.01713	0.03698	0.75981	0.04438	0.02102	0.00856	0.00273	0.00389	0.01908	0.00623	0.00545
17	0.00932	0.00685	0.00872	0.00825	0.00991	0.00625	0.00619	0.01231	0.01857	0.02589	0.64352	0.05179	0.13922	0.01410	0.00792	0.00213	0.00319	0.01237	0.00725	0.00625
18	0.01251	0.00625	0.00625	0.00625	0.00782	0.00625	0.00469	0.01563	0.01407	0.02502	0.02189	0.02502	0.01720	0.00782	0.00469	0.00156	0.00313	0.00625	0.80144	0.00625
19	0.01661	0.01594	0.02724	0.04119	0.72233	0.01594	0.02059	0.02059	0.01528	0.02192	0.01262	0.01661	0.01063	0.00598	0.00664	0.00199	0.00797	0.00598	0.00332	0.01063
20	0.00845	0.00621	0.00853	0.05414	0.01194	0.00602	0.00698	0.00982	0.01288	0.01713	0.03546	0.71482	0.04223	0.02015	0.00845	0.00270	0.00420	0.01828	0.00603	0.00557
21	0.01251	0.00625	0.00625	0.00625	0.00782	0.00625	0.00469	0.01563	0.01407	0.02502	0.02189	0.02502	0.01720	0.00782	0.00469	0.00156	0.00313	0.00625	0.80144	0.00625
22	0.02457	0.03048	0.01956	0.01866	0.06329	0.66470	0.01342	0.05348	0.01929	0.01780	0.01074	0.01253	0.00887	0.00690	0.00611	0.00176	0.01166	0.00449	0.00358	0.00810
23	0.01669	0.01441	0.01517	0.01365	0.01745	0.01669	0.01062	0.03565	0.71021	0.02807	0.02731	0.02503	0.02048	0.00910	0.00683	0.00228	0.00531	0.00759	0.00683	0.01062
24	0.01050	0.00755	0.01042	0.01190	0.01339	0.00747	0.01023	0.01339	0.01526	0.01978	0.03708	0.12347	0.06940	0.01864	0.00916	0.00303	0.00589	0.60115	0.00618	0.00610
25	0.01468	0.01468	0.02055	0.01762	0.01762	0.02055	0.01468	0.01615	0.01028	0.01615	0.00881	0.01468	0.00881	0.01174	0.02202	0.00294	0.75191	0.00587	0.00294	0.00734
26	0.01062	0.00770	0.01039	0.01116	0.01280	0.00762	0.00938	0.01433	0.04280	0.02255	0.25230	0.06565	0.04578	0.01665	0.00875	0.00275	0.00519	0.44061	0.00659	0.00639
27	0.02568	0.01851	0.01996	0.01530	0.02067	0.02039	0.01264	0.67436	0.03107	0.06855	0.01651	0.01637	0.01161	0.00806	0.00671	0.00202	0.00732	0.00607	0.00677	0.01141
28	0.01166	0.00583	0.00874	0.00874	0.00874	0.00583	0.00583	0.00874	0.00874	0.01166	0.01166	0.02040	0.01166	0.02331	0.02622	0.80478	0.00583	0.00583	0.00291	0.00291
29	0.02299	0.01738	0.01863	0.01478	0.01966	0.01935	0.01204	0.53083	0.17559	0.03864	0.04675	0.01938	0.01543	0.00851	0.00679	0.00207	0.00677	0.00662	0.00676	0.01104
30	0.02551	0.01879	0.02014	0.01544	0.02081	0.02081	0.01275	0.69996	0.03155	0.04229	0.01611	0.01611	0.01141	0.00805	0.00671	0.00201	0.00738	0.00604	0.00671	0.01141
31	0.00950	0.00686	0.00897	0.00844	0.01002	0.00633	0.00633	0.01266	0.01899	0.02691	0.71879	0.05012	0.06331	0.01372	0.00791	0.00211	0.00317	0.01213	0.00739	0.00633
32	0.01369	0.03310	0.66284	0.02001	0.02962	0.01572	0.08976	0.02127	0.01433	0.02127	0.01219	0.01455	0.00866	0.00631	0.00652	0.00214	0.01005	0.00524	0.00289	0.00983
33	0.01267	0.01193	0.02013	0.74806	0.04621	0.01491	0.01863	0.01714	0.01342	0.01714	0.01193	0.01789	0.00894	0.00671	0.00671	0.00224	0.00894	0.00596	0.00298	0.00745
34	0.01468	0.01468	0.02055	0.01762	0.01762	0.02055	0.01468	0.01615	0.01028	0.01615	0.00881	0.01468	0.00881	0.01174	0.02202	0.00294	0.75191	0.00587	0.00294	0.00734
35	0.00815	0.00595	0.00767	0.00905	0.00966	0.00547	0.00610	0.00938	0.01312	0.01724	0.04051	0.68075	0.12116	0.02056	0.00849	0.00267	0.00384	0.01852	0.00623	0.00547
36	0.26976	0.01831	0.10645	0.01560	0.04660	0.07041	0.07686	0.12655	0.06656	0.07363	0.01531	0.01881	0.01202	0.00760	0.00609	0.00214	0.00743	0.04604	0.00481	0.00901
37	0.81159	0.01298	0.00986	0.00882	0.01298	0.01505	0.00727	0.01972	0.01142	0.03010	0.00934	0.01090	0.00727	0.00623	0.00415	0.00208	0.00519	0.00363	0.00415	0.00727
38	0.01661	0.01594	0.02724	0.04119	0.72233	0.01594	0.02059	0.02059	0.01528	0.02192	0.01262	0.01661	0.01063	0.00598	0.00664	0.00199	0.00797	0.00598	0.00332	0.01063
39	0.01643	0.01576	0.02692	0.07272	0.69217	0.01590	0.02051	0.02044	0.01520	0.02171	0.01259	0.01666	0.01055	0.00601	0.00665	0.00200	0.00801	0.00598	0.00331	0.01049
40	0.01468	0.01468	0.02055	0.01762	0.01762	0.02055	0.01468	0.01615	0.01028	0.01615	0.00881	0.01468	0.00881	0.01174	0.02202	0.00294	0.75191	0.00587	0.00294	0.00734
41	0.64086	0.01385	0.01447	0.01181	0.01640	0.01536	0.09874	0.05081	0.01321	0.05686	0.01088	0.01255	0.00820	0.00632	0.00487	0.00210	0.00612	0.00443	0.00433	0.00785
42	0.00825	0.00596	0.00783	0.00929	0.00983	0.00554	0.00632	0.00952	0.01308	0.01729	0.03879	0.69489	0.08456	0.02070	0.00855	0.00271	0.00394	0.04124	0.00623	0.00549
43	0.02508	0.03148	0.01906	0.01722	0.02075	0.70989	0.01296	0.05251	0.01949	0.01741	0.01059	0.01225	0.00875	0.00696	0.00608	0.00174	0.01192	0.00439	0.00358	0.00792
44	0.00907	0.00653	0.00858	0.00874	0.00993	0.00604	0.00630	0.01158	0.01699	0.02372	0.49631	0.28170	0.05713	0.01610	0.00813	0.00231	0.00340	0.01440	0.00701	0.00604
45	0.00830	0.00608	0.00783	0.00918	0.00989	0.00562	0.00635	0.00965	0.01334	0.01744	0.04112	0.62405	0.13616	0.02032	0.00852	0.00268	0.00396	0.05776	0.00623	0.00552
46	0.01411	0.01383	0.02131	0.57957	0.16406	0.05828	0.01864	0.01833	0.01408	0.01794	0.01196	0.01732	0.00922	0.00659	0.00666	0.00216	0.00896	0.00587	0.00307	0.00803
47	0.01345	0.01234	0.02013	0.70363	0.04467	0.01527	0.01828	0.05855	0.01452	0.01867	0.01218	0.01778	0.00909	0.00679	0.00671	0.00222	0.00885	0.00597	0.00321	0.00769
48	0.53181	0.06076	0.06793	0.01089	0.01554	0.03886	0.00968	0.07962	0.05640	0.02895	0.03796	0.01396	0.01075	0.00685	0.00492	0.00204	0.00601	0.00452	0.00446	0.00809
49	0.21318	0.01813	0.03940	0.01495	0.07717	0.19822	0.01100	0.07998	0.03778	0.09237	0.02072	0.06439	0.08831	0.00887	0.00615	0.00204	0.00733	0.00674	0.00491	0.00836
50	0.01937	0.01534	0.01815	0.11230	0.04881	0.05875	0.03932	0.25545	0.13046	0.07887	0.02074	0.10977	0.01765	0.00978	0.00706	0.00221	0.00714	0.03350	0.00582	0.00951
51	0.06317	0.09043	0.03852	0.01337	0.01737	0.20174	0.03637	0.04396	0.09255	0.13768	0.05019	0.07554	0.09226	0.00954	0.00653	0.00202	0.00736	0.00758	0.00533	0.00852
52	0.18828	0.13197	0.18011	0.01526	0.04129	0.08679	0.03975	0.08797	0.05473	0.09456	0.01365	0.01464	0.01014	0.00677	0.00573	0.00197	0.00780	0.00498	0.00435	0.00927
53	0.08183	0.06075	0.04530	0.10866	0.26150	0.03261	0.06432	0.08933	0.03412	0.04534	0.01565	0.03985	0.03552	0.00758	0.00733	0.00211	0.04842	0.00645	0.00407	0.00927
54	0.14845	0.05139	0.04483	0.05981	0.06735	0.14054	0.01266	0.11860	0.04496	0.05666	0.05182	0.04121	0.01397	0.00847	0.00829	0.00213	0.10973	0.00602	0.00454	0.00858
55	0.11304	0.09218	0.05787	0.02083	0.16186	0.08019	0.10666	0.11620	0.01677	0.02370	0.01443	0.04669	0.01282	0.04713	0.00836	0.00231	0.03348	0.03256	0.00410	0.00881
56	0.06089	0.12243	0.10763	0.12297	0.04335	0.11819	0.11662	0.11103	0.01708	0.04013	0.01368	0.05459	0.01135	0.00746	0.00672	0.00204	0.02495	0.00618	0.00395	0.00877

[dist]
# distance from previous block
# <min> <max>
0	9

[block]
# block no. 2 follows, 32 sequences, length 20
# corresponding to MSA columns:
# 150-169
name=unknown_C
#
# <colnr> <probs for GDERKNQSTAVLIFYWHMCP>
#	G	D	E	R	K	N	Q	S	T	A	V	L	I	F	Y	W	H	M	C	P
0	0.01497	0.04177	0.09917	0.03836	0.04125	0.03849	0.17754	0.03788	0.04699	0.08231	0.09596	0.12782	0.05747	0.02531	0.00797	0.00234	0.00741	0.04367	0.00507	0.00824
1	0.09848	0.13130	0.07297	0.01514	0.04414	0.10540	0.01274	0.23837	0.12817	0.06665	0.01563	0.01595	0.01170	0.00737	0.00602	0.00195	0.00750	0.00543	0.00520	0.00989
2	0.01606	0.07598	0.10277	0.05722	0.11836	0.08054	0.05499	0.02396	0.20116	0.04479	0.08853	0.06904	0.02017	0.00876	0.00676	0.00211	0.00724	0.00755	0.00491	0.00913
3	0.01437	0.01916	0.21617	0.14794	0.02840	0.01430	0.15950	0.04914	0.01530	0.04891	0.02023	0.02415	0.09280	0.00834	0.00789	0.00221	0.05041	0.03118	0.00394	0.04568
4	0.01664	0.33057	0.16337	0.04410	0.08774	0.07468	0.01467	0.02015	0.01480	0.04991	0.04656	0.06390	0.01472	0.00779	0.00583	0.00186	0.00775	0.02255	0.00370	0.00871
5	0.01600	0.04913	0.01971	0.13394	0.05562	0.07898	0.11748	0.06453	0.07040	0.06879	0.02124	0.08683	0.05871	0.11632	0.01086	0.00277	0.00775	0.00833	0.00464	0.00796
6	0.01555	0.02224	0.25861	0.04208	0.08675	0.04047	0.24161	0.02172	0.04745	0.05360	0.01486	0.04058	0.01161	0.00798	0.02745	0.00236	0.00967	0.00669	0.00370	0.04499
7	0.01085	0.00840	0.01206	0.03139	0.04359	0.00859	0.06700	0.01194	0.01097	0.01479	0.02008	0.03976	0.02207	0.55833	0.05632	0.00572	0.02768	0.04130	0.00400	0.00516
8	0.01553	0.05824	0.13332	0.04713	0.11610	0.01735	0.41402	0.02075	0.01493	0.02069	0.01262	0.01672	0.00978	0.00629	0.00840	0.00222	0.06669	0.00683	0.00323	0.00917
9	0.01629	0.05239	0.08774	0.05699	0.11345	0.04030	0.17479	0.02090	0.04844	0.09967	0.02029	0.08210	0.04287	0.00930	0.00813	0.00227	0.05295	0.05780	0.00452	0.00880
10	0.01623	0.08781	0.21656	0.02704	0.27986	0.01606	0.13099	0.02112	0.01506	0.06694	0.01441	0.05192	0.01182	0.00689	0.00667	0.00206	0.00863	0.00649	0.00363	0.00980
11	0.00916	0.00685	0.00850	0.00809	0.00982	0.00619	0.00606	0.01201	0.01819	0.02501	0.57815	0.05324	0.20514	0.01443	0.00792	0.00214	0.00322	0.01257	0.00714	0.00619
12	0.01345	0.12597	0.31910	0.01635	0.05527	0.03536	0.05134	0.01880	0.04093	0.01971	0.02374	0.04473	0.13776	0.01093	0.04021	0.00249	0.00837	0.02310	0.00387	0.00855
13	0.01656	0.04535	0.33312	0.04497	0.09039	0.05995	0.03569	0.07328	0.03594	0.08636	0.01825	0.06986	0.04439	0.00822	0.00667	0.00211	0.00837	0.00680	0.00424	0.00947
14	0.01549	0.01272	0.07781	0.18838	0.02258	0.04383	0.01221	0.01916	0.04249	0.15837	0.04296	0.19122	0.02333	0.06518	0.00923	0.00264	0.00675	0.05253	0.00533	0.00780
15	0.01365	0.01292	0.02189	0.57308	0.21358	0.01516	0.01912	0.01800	0.01388	0.01833	0.01210	0.01757	0.00936	0.00653	0.00669	0.00218	0.00870	0.00597	0.00307	0.00824
16	0.01842	0.01873	0.12246	0.04429	0.16751	0.05430	0.15019	0.11183	0.01766	0.10645	0.01625	0.06859	0.01317	0.00777	0.00737	0.00212	0.02931	0.00708	0.00451	0.03200
17	0.02046	0.01985	0.08704	0.07132	0.02429	0.12315	0.11635	0.21690	0.09702	0.08984	0.01901	0.01983	0.04816	0.00787	0.00684	0.00208	0.00844	0.00661	0.00523	0.00971
18	0.00807	0.00626	0.00735	0.00821	0.00944	0.00555	0.00573	0.00947	0.01393	0.01757	0.05072	0.45162	0.34370	0.01924	0.00828	0.00252	0.00367	0.01690	0.00623	0.00555
19	0.04858	0.01642	0.02567	0.08552	0.39608	0.04961	0.12001	0.07322	0.04743	0.02327	0.01539	0.01856	0.03626	0.00673	0.00677	0.00207	0.00830	0.00647	0.00387	0.00977

[dist]
# distance from previous block
# <min> <max>
0	1

[block]
# block no. 3 follows, 32 sequences, length 16
# corresponding to MSA columns:
# 171-186
name=unknown_D
#
# <colnr> <probs for GDERKNQSTAVLIFYWHMCP>
#	G	D	E	R	K	N	Q	S	T	A	V	L	I	F	Y	W	H	M	C	P
0	0.01966	0.11788	0.01907	0.03320	0.03546	0.29121	0.01160	0.10158	0.01779	0.04404	0.01873	0.02048	0.08806	0.01181	0.06522	0.00261	0.05818	0.00606	0.02931	0.00805
1	0.02310	0.02799	0.06462	0.01777	0.05235	0.51376	0.01366	0.05557	0.10443	0.04450	0.01348	0.01458	0.01058	0.00720	0.00625	0.00186	0.01051	0.00500	0.00413	0.00868
2	0.70307	0.01320	0.01092	0.00946	0.01377	0.01498	0.00780	0.06102	0.01323	0.08610	0.01110	0.01216	0.00825	0.00650	0.00451	0.00207	0.00536	0.00402	0.00463	0.00784
3	0.05751	0.00790	0.00969	0.00932	0.01149	0.00735	0.02641	0.01321	0.03302	0.04377	0.20299	0.19301	0.24787	0.01529	0.00776	0.00232	0.00417	0.06569	0.00629	0.03494
4	0.01086	0.00905	0.03853	0.01131	0.06055	0.00790	0.00810	0.01470	0.06472	0.04484	0.28873	0.16309	0.19067	0.01407	0.00763	0.00223	0.00416	0.01228	0.03963	0.00694
5	0.01391	0.01193	0.01391	0.00994	0.01590	0.00894	0.00795	0.01690	0.01391	0.02186	0.01193	0.01391	0.00994	0.00497	0.00497	0.00099	0.00497	0.00398	0.00398	0.80521
6	0.01665	0.03579	0.11750	0.02021	0.18952	0.05883	0.01444	0.08701	0.06188	0.06953	0.08299	0.05236	0.06881	0.00896	0.00746	0.00206	0.04241	0.00739	0.00484	0.05136
7	0.01190	0.00727	0.00856	0.00831	0.00995	0.00752	0.00631	0.05578	0.01515	0.02385	0.13114	0.08695	0.02614	0.01835	0.15292	0.00362	0.00644	0.00837	0.40501	0.00646
8	0.01670	0.01769	0.04698	0.06757	0.32340	0.05934	0.21369	0.03813	0.05986	0.02172	0.01349	0.01717	0.01077	0.00661	0.00798	0.00215	0.05703	0.00651	0.00360	0.00963
9	0.01263	0.00871	0.01127	0.01163	0.06767	0.00823	0.00801	0.05858	0.01810	0.08637	0.36078	0.07792	0.16326	0.04507	0.00882	0.00236	0.00435	0.03239	0.00667	0.00719
10	0.01791	0.00966	0.01201	0.01022	0.01349	0.00915	0.00806	0.04892	0.09279	0.26589	0.28936	0.03711	0.10160	0.01122	0.00722	0.00210	0.00445	0.00952	0.04066	0.00866
11	0.01791	0.03275	0.06564	0.06176	0.22379	0.15884	0.01480	0.05666	0.09804	0.04640	0.01569	0.04017	0.01337	0.06748	0.00910	0.00236	0.02861	0.00636	0.00421	0.03606
12	0.00895	0.00684	0.00821	0.00787	0.00969	0.00610	0.00590	0.01160	0.01770	0.02384	0.49172	0.05516	0.29230	0.01486	0.00792	0.00216	0.00325	0.01284	0.00698	0.00610
13	0.01519	0.01517	0.02739	0.14741	0.39279	0.01548	0.17245	0.01941	0.01496	0.02065	0.01618	0.02018	0.05590	0.00690	0.00748	0.00214	0.03056	0.00694	0.00346	0.00935
14	0.09407	0.49041	0.02851	0.01288	0.01734	0.11852	0.01174	0.02037	0.01365	0.01729	0.00939	0.01152	0.00852	0.00681	0.00707	0.00175	0.11488	0.00402	0.00308	0.00819
15	0.03790	0.03629	0.15820	0.01551	0.06480	0.01233	0.06705	0.02008	0.05983	0.05373	0.01489	0.05264	0.01231	0.00664	0.00593	0.00164	0.00670	0.00570	0.00413	0.36367

[dist]
# distance from previous block
# <min> <max>
0	2

[block]
# block no. 4 follows, 32 sequences, length 16
# corresponding to MSA columns:
# 189-204
name=unknown_E
#
# <colnr> <probs for GDERKNQSTAVLIFYWHMCP>
#	G	D	E	R	K	N	Q	S	T	A	V	L	I	F	Y	W	H	M	C	P
0	0.39799	0.12224	0.07440	0.01396	0.04374	0.15047	0.04056	0.02116	0.01363	0.02367	0.01003	0.01204	0.00812	0.00649	0.00568	0.00197	0.03804	0.00422	0.00363	0.00796
1	0.01700	0.04351	0.01603	0.08668	0.04483	0.15989	0.01122	0.10682	0.01691	0.07174	0.02096	0.23977	0.02102	0.01471	0.06134	0.00286	0.04232	0.00963	0.00498	0.00777
2	0.01152	0.05950	0.08819	0.09492	0.09626	0.01091	0.01140	0.01453	0.01445	0.01956	0.14389	0.10194	0.14331	0.08298	0.02757	0.00275	0.02494	0.00967	0.00475	0.03697
3	0.81159	0.01298	0.00986	0.00882	0.01298	0.01505	0.00727	0.01972	0.01142	0.03010	0.00934	0.01090	0.00727	0.00623	0.00415	0.00208	0.00519	0.00363	0.00415	0.00727
4	0.00836	0.00665	0.00739	0.00767	0.00937	0.00582	0.00559	0.01007	0.01493	0.01867	0.12832	0.18820	0.46087	0.06067	0.00961	0.00261	0.00375	0.03959	0.00623	0.00562
5	0.02760	0.01173	0.01515	0.01184	0.01667	0.01079	0.00970	0.08490	0.05481	0.57868	0.02531	0.02259	0.01644	0.00828	0.00658	0.00204	0.00561	0.00669	0.07364	0.01095
6	0.00899	0.00698	0.00827	0.00834	0.01023	0.00626	0.00651	0.01146	0.01668	0.02168	0.30145	0.06114	0.36412	0.01605	0.00815	0.00235	0.00378	0.12494	0.00665	0.00600
7	0.01451	0.01538	0.05391	0.26586	0.20451	0.01528	0.23229	0.01926	0.01481	0.02005	0.01442	0.02191	0.01199	0.00709	0.00726	0.00225	0.00928	0.05777	0.00343	0.00872
8	0.01023	0.00693	0.00897	0.00863	0.01027	0.00633	0.00640	0.01296	0.01782	0.06031	0.53445	0.15545	0.10625	0.01477	0.00795	0.00221	0.00342	0.01304	0.00718	0.00641
9	0.01807	0.34531	0.10942	0.04105	0.08753	0.14181	0.01438	0.05044	0.04130	0.01906	0.01310	0.01770	0.01156	0.00723	0.00571	0.00182	0.00833	0.05383	0.00356	0.00879
10	0.00960	0.00714	0.01052	0.01052	0.01163	0.00824	0.00806	0.01181	0.01071	0.01538	0.01821	0.02770	0.01736	0.10480	0.68391	0.01046	0.01710	0.00739	0.00363	0.00584
11	0.09044	0.06344	0.09347	0.01622	0.05271	0.18714	0.03881	0.19791	0.01977	0.04629	0.01279	0.01418	0.00979	0.00670	0.00595	0.00179	0.00833	0.00496	0.00447	0.12485
12	0.06665	0.09856	0.10812	0.01715	0.09196	0.08746	0.08620	0.07143	0.05728	0.02319	0.11377	0.02598	0.10687	0.00884	0.00662	0.00203	0.00731	0.00744	0.00466	0.00851
13	0.01593	0.08141	0.29506	0.04733	0.11205	0.03125	0.07678	0.07261	0.03416	0.05109	0.01632	0.04591	0.03766	0.00741	0.00651	0.00203	0.00839	0.00632	0.00390	0.04787
14	0.21853	0.13448	0.07525	0.01370	0.03361	0.06173	0.03435	0.13553	0.04932	0.04265	0.04611	0.01561	0.01228	0.00711	0.00609	0.00191	0.03104	0.00513	0.00451	0.07105
15	0.01869	0.08460	0.05022	0.08742	0.11937	0.01659	0.11411	0.11691	0.06885	0.12251	0.04289	0.02054	0.01446	0.00793	0.00795	0.00215	0.06476	0.02561	0.00487	0.00957

[dist]
# distance from previous block
# <min> <max>
0	14

[block]
# block no. 5 follows, 32 sequences, length 20
# corresponding to MSA columns:
# 219-238
name=unknown_F
#
# <colnr> <probs for GDERKNQSTAVLIFYWHMCP>
#	G	D	E	R	K	N	Q	S	T	A	V	L	I	F	Y	W	H	M	C	P
0	0.03924	0.23085	0.10678	0.01752	0.11338	0.08376	0.03779	0.06095	0.07399	0.02115	0.04046	0.09879	0.01653	0.00862	0.00620	0.00197	0.00748	0.02156	0.00419	0.00879
1	0.01518	0.12456	0.22364	0.04044	0.04597	0.04342	0.04932	0.04564	0.05556	0.05734	0.08358	0.03987	0.09860	0.00901	0.00724	0.00208	0.03812	0.00729	0.00445	0.00871
2	0.01761	0.20238	0.16645	0.03950	0.10859	0.08295	0.01490	0.05639	0.01576	0.09206	0.01643	0.05304	0.03522	0.01067	0.05765	0.00254	0.00868	0.00610	0.00406	0.00902
3	0.01216	0.09807	0.09294	0.01138	0.01451	0.01104	0.03782	0.04232	0.01370	0.03579	0.04104	0.14864	0.09734	0.14745	0.13520	0.00434	0.00822	0.00963	0.00456	0.03383
4	0.01422	0.01331	0.04673	0.17103	0.07313	0.01230	0.04908	0.09049	0.03357	0.02275	0.04462	0.05842	0.08336	0.00822	0.00648	0.00183	0.00657	0.00713	0.00446	0.25231
5	0.01391	0.01193	0.01391	0.00994	0.01590	0.00894	0.00795	0.01690	0.01391	0.02186	0.01193	0.01391	0.00994	0.00497	0.00497	0.00099	0.00497	0.00398	0.00398	0.80521
6	0.00968	0.00665	0.00835	0.00883	0.00932	0.00676	0.00600	0.01074	0.01132	0.01538	0.02531	0.16844	0.02836	0.40797	0.13206	0.00591	0.00765	0.09887	0.02746	0.00494
7	0.01132	0.00724	0.00870	0.00838	0.01051	0.00635	0.00626	0.01341	0.01629	0.11427	0.22223	0.18772	0.33068	0.01577	0.00789	0.00229	0.00374	0.01360	0.00680	0.00656
8	0.01295	0.01221	0.02063	0.69823	0.09388	0.01498	0.01877	0.01739	0.01355	0.01748	0.01198	0.01780	0.00906	0.00666	0.00670	0.00222	0.00888	0.00596	0.00301	0.00768
9	0.00816	0.00673	0.00719	0.00739	0.00938	0.00576	0.00552	0.00995	0.01526	0.01864	0.10384	0.14142	0.57789	0.01730	0.00805	0.00234	0.00354	0.03964	0.00630	0.00570
10	0.00938	0.00690	0.00889	0.00908	0.01061	0.00641	0.00702	0.01210	0.01709	0.02326	0.41957	0.14110	0.14383	0.01595	0.00825	0.00239	0.00386	0.14134	0.00686	0.00611
11	0.02435	0.01902	0.01934	0.01526	0.02023	0.07055	0.01242	0.58784	0.07292	0.03874	0.01710	0.04084	0.01287	0.00847	0.00673	0.00203	0.00747	0.00645	0.00647	0.01091
12	0.56313	0.08901	0.01452	0.01061	0.01509	0.05360	0.00888	0.13336	0.01537	0.03004	0.01052	0.01181	0.00816	0.00652	0.00469	0.00199	0.00610	0.00406	0.00442	0.00811
13	0.00831	0.00607	0.00766	0.00880	0.00948	0.00559	0.00592	0.00955	0.01324	0.01739	0.06858	0.57957	0.14113	0.07263	0.01025	0.00290	0.00398	0.01742	0.00612	0.00542
14	0.01346	0.03471	0.72942	0.01912	0.02904	0.01558	0.02479	0.02125	0.01417	0.02125	0.01204	0.01417	0.00850	0.00637	0.00637	0.00212	0.00992	0.00496	0.00283	0.00992
15	0.00858	0.00613	0.00825	0.00981	0.01038	0.00580	0.00694	0.01005	0.01325	0.01758	0.03676	0.65415	0.04349	0.02064	0.00867	0.00278	0.00425	0.12071	0.00622	0.00556
16	0.02040	0.04457	0.02032	0.01609	0.05544	0.08801	0.07308	0.21061	0.06049	0.09281	0.01519	0.01624	0.01143	0.00689	0.00661	0.00176	0.02678	0.00554	0.00510	0.22264
17	0.14026	0.15292	0.10418	0.01787	0.11836	0.15001	0.01398	0.10411	0.04412	0.02372	0.03835	0.01506	0.01154	0.00704	0.00627	0.00192	0.03220	0.00507	0.00402	0.00898
18	0.01848	0.14613	0.17459	0.01500	0.05361	0.01605	0.01388	0.09709	0.11597	0.13456	0.04315	0.01959	0.03547	0.00757	0.00617	0.00190	0.00688	0.00599	0.00508	0.08284
19	0.01796	0.20365	0.22041	0.01955	0.12139	0.01879	0.06434	0.15069	0.01765	0.05136	0.01329	0.01590	0.01047	0.03776	0.00724	0.00211	0.00829	0.00545	0.00396	0.00974

[dist]
# distance from previous block
# <min> <max>
0	27

[block]
# block no. 6 follows, 32 sequences, length 31
# corresponding to MSA columns:
# 266-296
name=unknown_G
#
# <colnr> <probs for GDERKNQSTAVLIFYWHMCP>
#	G	D	E	R	K	N	Q	S	T	A	V	L	I	F	Y	W	H	M	C	P
0	0.07505	0.11747	0.09565	0.02108	0.14958	0.15743	0.10780	0.05408	0.04031	0.05916	0.01297	0.01499	0.01013	0.00642	0.00612	0.00189	0.00873	0.00534	0.00389	0.05192
1	0.01731	0.17493	0.08111	0.05637	0.30981	0.10064	0.07137	0.04129	0.01574	0.02020	0.01404	0.01680	0.03863	0.00658	0.00623	0.00190	0.00853	0.00570	0.00342	0.00939
2	0.09113	0.50241	0.09102	0.01487	0.07540	0.09271	0.01313	0.02085	0.01413	0.01814	0.00993	0.01168	0.00864	0.00597	0.00483	0.00163	0.00777	0.00398	0.00308	0.00868
3	0.08082	0.04512	0.02331	0.07029	0.48910	0.01520	0.01702	0.03759	0.01518	0.04362	0.03249	0.05196	0.01369	0.02785	0.00723	0.00215	0.00733	0.00658	0.00385	0.00962
4	0.01645	0.01692	0.05446	0.06932	0.60214	0.04871	0.01992	0.02047	0.01533	0.02135	0.01342	0.01883	0.01155	0.00660	0.00672	0.00204	0.00821	0.03400	0.00341	0.01014
5	0.01022	0.00755	0.01000	0.00988	0.01090	0.00844	0.00715	0.01317	0.06718	0.01575	0.01977	0.03201	0.01957	0.28109	0.44763	0.00869	0.01318	0.00806	0.00401	0.00574
6	0.00828	0.00609	0.00776	0.00886	0.00966	0.00558	0.00607	0.00974	0.01388	0.01833	0.11498	0.57804	0.14885	0.01963	0.00840	0.00259	0.00374	0.01758	0.00635	0.00558
7	0.01086	0.00716	0.00923	0.00873	0.01057	0.00651	0.00661	0.01369	0.01809	0.07867	0.53008	0.10046	0.12462	0.01430	0.00791	0.00220	0.00353	0.03300	0.00722	0.00659
8	0.00863	0.00682	0.00776	0.00753	0.00949	0.00596	0.00565	0.01098	0.01694	0.02203	0.35712	0.05815	0.42803	0.01554	0.00792	0.00220	0.00330	0.01326	0.00674	0.00596
9	0.02984	0.01184	0.01583	0.01214	0.01734	0.01049	0.01003	0.07076	0.01991	0.68793	0.02588	0.02245	0.01631	0.00829	0.00675	0.00207	0.00581	0.00671	0.00821	0.01142
10	0.01163	0.01020	0.01117	0.01089	0.01203	0.09605	0.00803	0.01332	0.01151	0.01506	0.01760	0.02869	0.01748	0.22133	0.45591	0.00842	0.03379	0.00745	0.00368	0.00576
11	0.01368	0.02928	0.54941	0.01784	0.02680	0.01436	0.05988	0.02041	0.01421	0.02138	0.01211	0.01434	0.00888	0.00606	0.00619	0.00191	0.00902	0.00493	0.00309	0.16622
12	0.01391	0.01193	0.01391	0.00994	0.01590	0.00894	0.00795	0.01690	0.01391	0.02186	0.01193	0.01391	0.00994	0.00497	0.00497	0.00099	0.00497	0.00398	0.00398	0.80521
13	0.00975	0.00654	0.00747	0.00747	0.00753	0.00659	0.00426	0.00986	0.00980	0.01312	0.02100	0.04313	0.02406	0.73254	0.06534	0.00669	0.00701	0.00964	0.00404	0.00415
14	0.01626	0.04904	0.42853	0.02166	0.12871	0.07453	0.05091	0.07214	0.01633	0.03873	0.03309	0.01582	0.01089	0.00669	0.00648	0.00205	0.00931	0.00548	0.00353	0.00981
15	0.02329	0.02868	0.01839	0.01718	0.03964	0.61059	0.01264	0.02702	0.09661	0.01795	0.01433	0.01550	0.03461	0.00748	0.00622	0.00182	0.01092	0.00508	0.00393	0.00811
16	0.01048	0.00752	0.00913	0.03836	0.01176	0.00691	0.00667	0.01348	0.03533	0.06684	0.36788	0.05223	0.31991	0.01428	0.00777	0.00218	0.00371	0.01224	0.00679	0.00654
17	0.28132	0.01216	0.01372	0.01099	0.01571	0.01202	0.00904	0.06575	0.01739	0.43432	0.04864	0.01971	0.01520	0.00784	0.00596	0.00207	0.00553	0.00592	0.00684	0.00987
18	0.00847	0.00673	0.00754	0.00751	0.00934	0.00587	0.00552	0.01050	0.01599	0.02045	0.25509	0.11728	0.44687	0.04199	0.00888	0.00240	0.00348	0.01382	0.00650	0.00579
19	0.01379	0.03055	0.58394	0.01863	0.02753	0.01530	0.06052	0.02136	0.04249	0.02145	0.01265	0.01482	0.00921	0.00648	0.00680	0.00207	0.02976	0.00518	0.00312	0.07434
20	0.00821	0.00654	0.00738	0.00787	0.00949	0.00571	0.00571	0.00989	0.01481	0.01850	0.10345	0.27745	0.44475	0.01805	0.00817	0.00242	0.00362	0.03604	0.00631	0.00566
21	0.01424	0.07328	0.01564	0.01006	0.01601	0.01037	0.00824	0.01715	0.01389	0.02137	0.01172	0.01366	0.00983	0.00503	0.00492	0.00103	0.00515	0.00394	0.00389	0.74059
22	0.02287	0.05061	0.01907	0.01595	0.05153	0.29193	0.01210	0.16391	0.02005	0.10963	0.01377	0.01480	0.01049	0.00712	0.00673	0.00176	0.03983	0.00503	0.00475	0.13806
23	0.01815	0.22807	0.02675	0.12449	0.18000	0.10748	0.06314	0.07835	0.07277	0.02102	0.01287	0.01535	0.01042	0.00653	0.00604	0.00188	0.00836	0.00538	0.00373	0.00922
24	0.01456	0.09465	0.41939	0.13747	0.11530	0.01655	0.02124	0.04806	0.01488	0.02101	0.01258	0.01632	0.00969	0.00669	0.00636	0.00208	0.00908	0.02148	0.00316	0.00946
25	0.01158	0.11632	0.08713	0.01074	0.01419	0.03183	0.03282	0.04386	0.01558	0.01967	0.08718	0.17982	0.29663	0.01382	0.00728	0.00219	0.00537	0.01171	0.00534	0.00694
26	0.00957	0.00980	0.06603	0.06204	0.01494	0.00795	0.04009	0.01248	0.01542	0.02025	0.20463	0.10865	0.31497	0.01704	0.06339	0.00290	0.00576	0.01199	0.00568	0.00644
27	0.01193	0.01095	0.09833	0.01146	0.03751	0.00822	0.00945	0.01445	0.01418	0.08252	0.08201	0.12994	0.14459	0.17512	0.03797	0.00358	0.00617	0.10956	0.00543	0.00665
28	0.12769	0.09960	0.01714	0.03761	0.01728	0.12597	0.05724	0.07047	0.01594	0.04549	0.02209	0.07276	0.06768	0.07164	0.00891	0.00254	0.00730	0.12047	0.00475	0.00743
29	0.08871	0.17254	0.19311	0.01621	0.04849	0.13623	0.04617	0.04111	0.08318	0.05019	0.01325	0.01458	0.01025	0.00658	0.00578	0.00186	0.00833	0.00494	0.00388	0.05459
30	0.04846	0.11976	0.05508	0.04342	0.08691	0.10401	0.01148	0.07585	0.01605	0.04293	0.11509	0.02411	0.01989	0.09331	0.11217	0.00364	0.00885	0.00677	0.00441	0.00783

[dist]
# distance from previous block
# <min> <max>
1	12

[block]
# block no. 7 follows, 32 sequences, length 30
# corresponding to MSA columns:
# 309-338
name=unknown_H
#
# <colnr> <probs for GDERKNQSTAVLIFYWHMCP>
#	G	D	E	R	K	N	Q	S	T	A	V	L	I	F	Y	W	H	M	C	P
0	0.07725	0.09652	0.03505	0.01685	0.12092	0.04741	0.01208	0.16518	0.13549	0.04888	0.04463	0.05303	0.05754	0.01030	0.02905	0.00234	0.00692	0.02596	0.00531	0.00929
1	0.06938	0.06482	0.13768	0.04167	0.03713	0.17090	0.03220	0.07109	0.03268	0.05188	0.04417	0.07389	0.11196	0.01020	0.01982	0.00221	0.00802	0.00752	0.00457	0.00822
2	0.04663	0.09283	0.17233	0.06622	0.15008	0.03257	0.03607	0.07027	0.03751	0.04413	0.05705	0.04557	0.03146	0.03891	0.00763	0.00223	0.00757	0.02794	0.00423	0.02876
3	0.01572	0.16716	0.07160	0.01369	0.06536	0.09822	0.01099	0.01904	0.04169	0.06999	0.06134	0.08985	0.12167	0.01072	0.02454	0.00209	0.00680	0.00785	0.00469	0.09699
4	0.11124	0.01278	0.01457	0.01177	0.01582	0.01308	0.00931	0.21528	0.04546	0.28717	0.02103	0.04343	0.01635	0.13927	0.01125	0.00285	0.00620	0.00709	0.00655	0.00949
5	0.00896	0.00675	0.00828	0.00809	0.00974	0.00607	0.00600	0.01155	0.01743	0.02366	0.48237	0.12163	0.23432	0.01528	0.00798	0.00221	0.00330	0.01333	0.00697	0.00607
6	0.01763	0.71760	0.08308	0.01201	0.01804	0.02579	0.01240	0.02017	0.01367	0.01616	0.00952	0.01100	0.00860	0.00578	0.00445	0.00148	0.00736	0.00368	0.00287	0.00870
7	0.04611	0.18661	0.39763	0.06460	0.02562	0.04486	0.01894	0.07029	0.04704	0.02179	0.01228	0.01412	0.00927	0.00652	0.00590	0.00197	0.00878	0.00486	0.00338	0.00944
8	0.00923	0.00671	0.00821	0.00891	0.00965	0.00654	0.00594	0.01150	0.05880	0.01782	0.09727	0.43426	0.07752	0.19851	0.01452	0.00352	0.00452	0.01515	0.00585	0.00555
9	0.02506	0.03198	0.01901	0.01729	0.02074	0.73725	0.01296	0.02679	0.01901	0.01642	0.01037	0.01210	0.00864	0.00691	0.00605	0.00173	0.01210	0.00432	0.00346	0.00778
10	0.12328	0.01846	0.15170	0.21368	0.04504	0.03801	0.03771	0.13049	0.06363	0.09299	0.01472	0.01673	0.01061	0.00707	0.00634	0.00213	0.00798	0.00568	0.00451	0.00925
11	0.01715	0.01684	0.02614	0.14153	0.42614	0.06545	0.09447	0.06983	0.03610	0.02242	0.01314	0.01686	0.01052	0.00635	0.00676	0.00205	0.00865	0.00613	0.00363	0.00984
12	0.04224	0.00724	0.00746	0.00726	0.00900	0.00744	0.00545	0.05491	0.01468	0.02505	0.02195	0.07303	0.01848	0.03190	0.02816	0.00211	0.00405	0.00712	0.62598	0.00647
13	0.04817	0.01467	0.01547	0.01358	0.01760	0.01675	0.01067	0.10005	0.58907	0.05805	0.02550	0.02354	0.01894	0.00886	0.00671	0.00223	0.00553	0.00725	0.00678	0.01060
14	0.00959	0.00687	0.00930	0.00934	0.01007	0.00749	0.00660	0.01106	0.01074	0.01503	0.04224	0.06366	0.02226	0.31739	0.41916	0.00856	0.01260	0.00880	0.00400	0.00525
15	0.01166	0.00583	0.00874	0.00874	0.00874	0.00583	0.00583	0.00874	0.00874	0.01166	0.01166	0.02040	0.01166	0.02331	0.02622	0.80478	0.00583	0.00583	0.00291	0.00291
16	0.01856	0.62350	0.03151	0.01206	0.01738	0.10342	0.01140	0.04683	0.01500	0.01699	0.01238	0.01357	0.04112	0.00647	0.00476	0.00153	0.00755	0.00425	0.00324	0.00849
17	0.01888	0.01727	0.13143	0.07749	0.10999	0.04305	0.05560	0.10217	0.04374	0.16880	0.08538	0.02275	0.01773	0.00806	0.00679	0.00207	0.00738	0.02494	0.02511	0.03138
18	0.04108	0.35532	0.09279	0.01280	0.01803	0.13319	0.01202	0.04175	0.03787	0.04360	0.07138	0.01710	0.03113	0.00715	0.00544	0.00168	0.00749	0.00514	0.00395	0.06109
19	0.02096	0.08584	0.08070	0.04388	0.02182	0.16047	0.04480	0.30494	0.02206	0.02789	0.01479	0.06668	0.01237	0.00846	0.00747	0.00204	0.05419	0.00638	0.00486	0.00941
20	0.21455	0.01307	0.01893	0.20514	0.29651	0.01429	0.01515	0.01826	0.01357	0.02226	0.01434	0.09840	0.01313	0.00790	0.00625	0.00216	0.00706	0.00685	0.00377	0.00842
21	0.01418	0.04148	0.03375	0.01535	0.08486	0.01086	0.06751	0.01892	0.09647	0.10415	0.10463	0.20381	0.04634	0.01537	0.05951	0.00294	0.00665	0.05948	0.00574	0.00800
22	0.00928	0.00642	0.00797	0.00841	0.00870	0.00648	0.00532	0.00997	0.01079	0.01457	0.02519	0.24556	0.02897	0.44635	0.13112	0.00606	0.00746	0.01204	0.00461	0.00475
23	0.00939	0.00697	0.00996	0.01011	0.01116	0.00778	0.00759	0.01139	0.01109	0.01559	0.02247	0.10325	0.05232	0.11727	0.56104	0.00916	0.01475	0.00895	0.00403	0.00573
