[name]
unknown

[dist]
# distance from previous block
# <min> <max>
0	18

[block]
# block no. 0 follows, 34 sequences, length 85
# corresponding to MSA columns:
# 18-102
name=unknown_A
#
# <colnr> <probs for GDERKNQSTAVLIFYWHMCP>
#	G	D	E	R	K	N	Q	S	T	A	V	L	I	F	Y	W	H	M	C	P
0	0.01189	0.00862	0.01046	0.01023	0.01243	0.00858	0.00804	0.04443	0.12823	0.05794	0.17189	0.17551	0.11795	0.01438	0.00766	0.00235	0.00452	0.16308	0.00634	0.03548
1	0.04141	0.01332	0.05645	0.05303	0.13949	0.03757	0.04537	0.07538	0.03267	0.17410	0.16930	0.05281	0.02399	0.04666	0.00802	0.00223	0.00628	0.00777	0.00551	0.00862
2	0.01288	0.01398	0.08293	0.07409	0.18468	0.04044	0.08917	0.01628	0.01289	0.01781	0.01546	0.04231	0.01430	0.06201	0.20809	0.00461	0.05485	0.04218	0.00345	0.00759
3	0.00975	0.00672	0.00872	0.00881	0.01004	0.00660	0.00656	0.01146	0.01334	0.03938	0.17373	0.09794	0.13825	0.14885	0.15963	0.04677	0.00707	0.09565	0.00526	0.00547
4	0.01815	0.04537	0.06686	0.06583	0.08677	0.33027	0.06875	0.02087	0.01538	0.01746	0.04500	0.04016	0.01226	0.00791	0.00868	0.00201	0.13131	0.00576	0.00341	0.00777
5	0.01623	0.01723	0.11114	0.13894	0.31752	0.03307	0.09793	0.03769	0.07702	0.06871	0.01424	0.01705	0.01088	0.00636	0.00653	0.00202	0.00813	0.00600	0.00379	0.00951
6	0.01467	0.00796	0.01071	0.01001	0.01227	0.00775	0.00776	0.01740	0.03779	0.21602	0.08890	0.17921	0.06692	0.02282	0.20861	0.00445	0.00795	0.03949	0.03204	0.00728
7	0.03944	0.01341	0.02259	0.06940	0.47208	0.01341	0.06840	0.01819	0.01447	0.04041	0.03985	0.11179	0.03191	0.00812	0.00672	0.00205	0.00709	0.00778	0.00388	0.00902
8	0.01833	0.01390	0.01708	0.03249	0.01875	0.07244	0.09792	0.04424	0.27880	0.17958	0.02511	0.10548	0.04749	0.00950	0.00685	0.00215	0.00637	0.00832	0.00603	0.00918
9	0.00925	0.00703	0.00900	0.00969	0.01043	0.00726	0.00698	0.01145	0.04929	0.01719	0.05739	0.44196	0.07592	0.11182	0.01217	0.00306	0.05838	0.09055	0.00558	0.00559
10	0.00918	0.00688	0.01028	0.01033	0.01146	0.00797	0.00800	0.01144	0.01046	0.01505	0.01798	0.05260	0.01713	0.04743	0.72026	0.01010	0.01681	0.00734	0.00355	0.00575
11	0.04042	0.01549	0.03159	0.24506	0.03629	0.01569	0.47957	0.01939	0.01442	0.01971	0.01246	0.01714	0.00936	0.00577	0.00716	0.00217	0.01002	0.00693	0.00317	0.00820
12	0.01081	0.00842	0.01109	0.01055	0.01121	0.00983	0.00788	0.03636	0.01129	0.01581	0.04028	0.05309	0.02102	0.30581	0.21793	0.00608	0.15030	0.06272	0.00400	0.00552
13	0.00992	0.00800	0.01108	0.01089	0.01206	0.03119	0.00851	0.01217	0.01060	0.01505	0.01666	0.02442	0.01554	0.04538	0.68944	0.00975	0.05325	0.00678	0.00343	0.00588
14	0.00839	0.00603	0.00806	0.00938	0.01008	0.00570	0.00675	0.00998	0.01325	0.01761	0.07886	0.57897	0.06421	0.01927	0.00831	0.00264	0.00408	0.13694	0.00606	0.00543
15	0.01727	0.77681	0.03386	0.01106	0.01658	0.02557	0.01106	0.01935	0.01313	0.01520	0.00898	0.01036	0.00829	0.00553	0.00415	0.00138	0.00691	0.00345	0.00276	0.00829
16	0.01518	0.01524	0.02808	0.15437	0.44460	0.01544	0.19219	0.01950	0.01455	0.02025	0.01227	0.01655	0.00986	0.00579	0.00671	0.00202	0.00864	0.00622	0.00316	0.00935
17	0.01245	0.00897	0.01047	0.00965	0.01189	0.00912	0.00733	0.10111	0.11720	0.04693	0.30803	0.15847	0.09840	0.01284	0.00721	0.00212	0.00404	0.01111	0.05544	0.00723
18	0.01467	0.01241	0.01340	0.01213	0.01536	0.01405	0.00939	0.02986	0.57883	0.02680	0.16846	0.02899	0.02807	0.00966	0.00679	0.00216	0.00470	0.00819	0.00668	0.00939
19	0.01340	0.01148	0.01340	0.00957	0.01531	0.00861	0.00766	0.01627	0.01340	0.02105	0.01148	0.01340	0.00957	0.00479	0.00479	0.00096	0.00479	0.00383	0.00383	0.81242
20	0.01370	0.01354	0.01986	0.01788	0.05436	0.01801	0.04743	0.01544	0.01060	0.01614	0.01110	0.06919	0.01133	0.01243	0.03940	0.00295	0.60968	0.00671	0.00311	0.00714
21	0.01212	0.00969	0.04450	0.00975	0.01240	0.00875	0.00794	0.04909	0.11699	0.07278	0.38382	0.06509	0.13272	0.01337	0.02986	0.00234	0.00449	0.01045	0.00657	0.00728
22	0.01545	0.01495	0.02428	0.18477	0.55223	0.03544	0.01897	0.01973	0.03437	0.02019	0.01236	0.01635	0.01012	0.00601	0.00640	0.00197	0.00791	0.00575	0.00323	0.00953
23	0.07184	0.02123	0.38407	0.01464	0.02032	0.01235	0.03214	0.01677	0.01231	0.01905	0.03530	0.01866	0.01237	0.03959	0.19390	0.04863	0.03024	0.00570	0.00320	0.00769
24	0.01220	0.01148	0.01938	0.75739	0.04450	0.01436	0.01794	0.01651	0.01292	0.01651	0.01148	0.01723	0.00861	0.00646	0.00646	0.00215	0.00861	0.00574	0.00287	0.00718
25	0.01122	0.00561	0.00842	0.00842	0.00842	0.00561	0.00561	0.00842	0.00842	0.01122	0.01122	0.01964	0.01122	0.02245	0.02525	0.81201	0.00561	0.00561	0.00281	0.00281
26	0.10540	0.00999	0.01184	0.00998	0.01368	0.00939	0.00804	0.06090	0.03268	0.34379	0.05941	0.06931	0.19090	0.01097	0.00672	0.00211	0.00483	0.03474	0.00676	0.00856
27	0.24508	0.01147	0.01284	0.01050	0.01460	0.01153	0.00854	0.10601	0.01760	0.33160	0.11951	0.04665	0.02014	0.00856	0.00601	0.00202	0.00515	0.00671	0.00651	0.00900
28	0.00816	0.00647	0.02818	0.00908	0.00968	0.00562	0.00630	0.00936	0.01212	0.01623	0.03347	0.67791	0.03992	0.09177	0.01054	0.00296	0.00415	0.01713	0.00571	0.00524
29	0.40045	0.01088	0.01058	0.00920	0.01271	0.01152	0.00729	0.04137	0.03734	0.17481	0.06217	0.04393	0.07285	0.07037	0.00765	0.00238	0.00499	0.00652	0.00539	0.00759
30	0.28738	0.00888	0.00911	0.00841	0.01095	0.00914	0.00646	0.01548	0.01457	0.08350	0.27948	0.08854	0.08736	0.05512	0.00780	0.00232	0.00417	0.00898	0.00576	0.00657
31	0.09531	0.00705	0.00848	0.00935	0.01045	0.00701	0.00665	0.03377	0.01305	0.03740	0.03130	0.57209	0.03622	0.04121	0.00851	0.00266	0.00427	0.06366	0.00578	0.00578
32	0.01075	0.01018	0.01179	0.01121	0.01297	0.09959	0.07385	0.01270	0.01455	0.01822	0.12783	0.39712	0.14288	0.01559	0.00771	0.00231	0.00526	0.01394	0.00555	0.00601
33	0.01203	0.00713	0.00859	0.00813	0.00976	0.00671	0.00585	0.03235	0.01492	0.10439	0.21225	0.14339	0.10622	0.16751	0.01223	0.00291	0.00422	0.01077	0.12449	0.00616
34	0.00917	0.00614	0.00803	0.00902	0.00991	0.00565	0.00632	0.01062	0.01339	0.05489	0.08085	0.58833	0.10076	0.01871	0.00810	0.00254	0.00387	0.05187	0.00617	0.00566
35	0.00940	0.00626	0.00705	0.00705	0.00705	0.00626	0.00392	0.00940	0.00940	0.01253	0.02036	0.04228	0.02349	0.77292	0.03289	0.00626	0.00626	0.00940	0.00392	0.00392
36	0.00951	0.00864	0.06102	0.00943	0.01100	0.00717	0.00752	0.01197	0.03873	0.01742	0.09252	0.19998	0.11692	0.22918	0.03481	0.00375	0.00553	0.12407	0.00522	0.00560
37	0.00891	0.00646	0.00816	0.00903	0.00987	0.00629	0.00623	0.01171	0.06960	0.01886	0.13495	0.55531	0.04202	0.04050	0.00863	0.00257	0.00380	0.01579	0.03553	0.00576
38	0.01220	0.01148	0.01938	0.75739	0.04450	0.01436	0.01794	0.01651	0.01292	0.01651	0.01148	0.01723	0.00861	0.00646	0.00646	0.00215	0.00861	0.00574	0.00287	0.00718
39	0.00835	0.00657	0.00753	0.00729	0.00916	0.00576	0.00547	0.01065	0.01641	0.02145	0.37902	0.05561	0.41394	0.01487	0.00763	0.00211	0.00317	0.01271	0.00653	0.00576
40	0.01139	0.00790	0.00959	0.00886	0.01101	0.00759	0.00674	0.01616	0.11272	0.08143	0.44799	0.07144	0.15610	0.01294	0.00741	0.00210	0.00359	0.01123	0.00690	0.00692
41	0.01116	0.00780	0.00997	0.01012	0.01157	0.00816	0.00765	0.01512	0.11220	0.05270	0.04677	0.17309	0.04941	0.13096	0.16858	0.03338	0.00768	0.13220	0.00525	0.00622
42	0.19391	0.01390	0.01504	0.01210	0.01650	0.01490	0.00986	0.28898	0.07402	0.20949	0.01727	0.01717	0.01220	0.00930	0.02628	0.04155	0.00630	0.00562	0.00607	0.00954
43	0.05345	0.02094	0.22124	0.04251	0.02967	0.01621	0.39897	0.01989	0.01398	0.02037	0.01194	0.01572	0.00906	0.00632	0.00848	0.00220	0.09091	0.00640	0.00310	0.00864
44	0.71146	0.01286	0.01120	0.01105	0.06486	0.01462	0.00818	0.04389	0.01215	0.04772	0.00990	0.01138	0.00761	0.00610	0.00433	0.00199	0.00528	0.00382	0.00413	0.00748
45	0.01122	0.00561	0.00842	0.00842	0.00842	0.00561	0.00561	0.00842	0.00842	0.01122	0.01122	0.01964	0.01122	0.02245	0.02525	0.81201	0.00561	0.00561	0.00281	0.00281
46	0.00923	0.00692	0.01038	0.01038	0.01154	0.00808	0.00808	0.01154	0.01038	0.01500	0.01731	0.02538	0.01615	0.04846	0.74732	0.01038	0.01731	0.00692	0.00346	0.00577
47	0.01095	0.00695	0.00916	0.00851	0.01029	0.00636	0.00641	0.01381	0.01788	0.09319	0.61188	0.09777	0.05535	0.01322	0.00756	0.00207	0.00333	0.01167	0.00712	0.00650
48	0.00990	0.00742	0.00891	0.00824	0.01018	0.00695	0.00626	0.06195	0.01831	0.02496	0.51912	0.04923	0.21718	0.01357	0.00754	0.00206	0.00340	0.01173	0.00680	0.00630
49	0.01204	0.00602	0.00602	0.00602	0.00753	0.00602	0.00452	0.01506	0.01355	0.02409	0.02108	0.02409	0.01656	0.00753	0.00452	0.00151	0.00301	0.00602	0.80879	0.00602
50	0.00923	0.00692	0.01038	0.01038	0.01154	0.00808	0.00808	0.01154	0.01038	0.01500	0.01731	0.02538	0.01615	0.04846	0.74732	0.01038	0.01731	0.00692	0.00346	0.00577
51	0.30891	0.01313	0.01383	0.01121	0.01576	0.01385	0.00919	0.15543	0.08056	0.28978	0.01779	0.01685	0.01217	0.00731	0.00561	0.00201	0.00559	0.00537	0.00615	0.00950
52	0.00840	0.00627	0.00836	0.00948	0.00981	0.00635	0.00649	0.00949	0.01205	0.01624	0.03294	0.68009	0.03936	0.05497	0.01034	0.00281	0.05854	0.01703	0.00567	0.00532
53	0.48780	0.01228	0.01120	0.00972	0.01342	0.03961	0.00781	0.05398	0.01336	0.15005	0.01369	0.01610	0.01066	0.05605	0.07737	0.00304	0.00668	0.00484	0.00473	0.00761
54	0.00768	0.00639	0.00670	0.00696	0.00884	0.00542	0.00509	0.00923	0.01433	0.01729	0.06046	0.18041	0.61499	0.01701	0.00774	0.00226	0.00335	0.01443	0.00600	0.00542
55	0.00931	0.00660	0.00873	0.00873	0.00932	0.00718	0.00602	0.01048	0.00990	0.01378	0.01882	0.03375	0.01978	0.40693	0.39381	0.00835	0.01184	0.00815	0.00369	0.00485
56	0.00943	0.00745	0.01127	0.01119	0.01244	0.00711	0.08016	0.04322	0.01352	0.01807	0.03230	0.65439	0.03778	0.01810	0.00810	0.00255	0.00466	0.01665	0.00573	0.00588
57	0.00787	0.00562	0.00750	0.00900	0.00937	0.00525	0.00600	0.00900	0.01237	0.01649	0.03561	0.76871	0.04274	0.02024	0.00825	0.00262	0.00375	0.01837	0.00600	0.00525
58	0.02420	0.02904	0.01846	0.01640	0.01998	0.64660	0.01246	0.12043	0.01998	0.01925	0.01075	0.01219	0.00869	0.00681	0.00591	0.00170	0.01102	0.00439	0.00376	0.00797
59	0.01525	0.01743	0.03813	0.02723	0.03377	0.01634	0.70915	0.02070	0.01525	0.02070	0.01307	0.01743	0.00980	0.00545	0.00763	0.00218	0.01089	0.00763	0.00327	0.00871
60	0.00940	0.00626	0.00705	0.00705	0.00705	0.00626	0.00392	0.00940	0.00940	0.01253	0.02036	0.04228	0.02349	0.77292	0.03289	0.00626	0.00626	0.00940	0.00392	0.00392
61	0.00787	0.00562	0.00750	0.00900	0.00937	0.00525	0.00600	0.00900	0.01237	0.01649	0.03561	0.76871	0.04274	0.02024	0.00825	0.00262	0.00375	0.01837	0.00600	0.00525
62	0.10309	0.01179	0.01488	0.01152	0.01644	0.01094	0.00952	0.09310	0.01888	0.60592	0.02301	0.02031	0.01468	0.00779	0.00626	0.00199	0.00560	0.00615	0.00748	0.01062
63	0.00940	0.00626	0.00705	0.00705	0.00705	0.00626	0.00392	0.00940	0.00940	0.01253	0.02036	0.04228	0.02349	0.77292	0.03289	0.00626	0.00626	0.00940	0.00392	0.00392
64	0.00787	0.00562	0.00750	0.00900	0.00937	0.00525	0.00600	0.00900	0.01237	0.01649	0.03561	0.76871	0.04274	0.02024	0.00825	0.00262	0.00375	0.01837	0.00600	0.00525
65	0.01607	0.01388	0.01461	0.01315	0.01680	0.01607	0.01023	0.03433	0.72094	0.02703	0.02630	0.02411	0.01972	0.00877	0.00657	0.00219	0.00511	0.00731	0.00657	0.01023
66	0.01340	0.01148	0.01340	0.00957	0.01531	0.00861	0.00766	0.01627	0.01340	0.02105	0.01148	0.01340	0.00957	0.00479	0.00479	0.00096	0.00479	0.00383	0.00383	0.81242
67	0.01599	0.01535	0.02623	0.03966	0.73262	0.01535	0.01983	0.01983	0.01471	0.02111	0.01215	0.01599	0.01023	0.00576	0.00640	0.00192	0.00768	0.00576	0.00320	0.01023
68	0.00940	0.00626	0.00705	0.00705	0.00705	0.00626	0.00392	0.00940	0.00940	0.01253	0.02036	0.04228	0.02349	0.77292	0.03289	0.00626	0.00626	0.00940	0.00392	0.00392
69	0.01727	0.77681	0.03386	0.01106	0.01658	0.02557	0.01106	0.01935	0.01313	0.01520	0.00898	0.01036	0.00829	0.00553	0.00415	0.00138	0.00691	0.00345	0.00276	0.00829
70	0.00985	0.00706	0.00965	0.01041	0.01187	0.00686	0.00867	0.01278	0.01601	0.02161	0.28679	0.09206	0.04605	0.01626	0.00842	0.00262	0.00481	0.41587	0.00637	0.00597
71	0.02374	0.01769	0.01893	0.01470	0.01972	0.01965	0.01208	0.64519	0.09760	0.03939	0.01656	0.01635	0.01184	0.00785	0.00647	0.00196	0.00692	0.00596	0.00647	0.01091
72	0.00786	0.00569	0.00743	0.00882	0.00933	0.00526	0.00592	0.00902	0.01254	0.01656	0.03774	0.71828	0.09178	0.01997	0.00820	0.00259	0.00371	0.01803	0.00600	0.00526
73	0.01516	0.01804	0.06493	0.02690	0.03355	0.01629	0.68296	0.02069	0.01519	0.02069	0.01302	0.01728	0.00974	0.00547	0.00757	0.00217	0.01084	0.00752	0.00325	0.00875
74	0.01525	0.01743	0.03813	0.02723	0.03377	0.01634	0.70915	0.02070	0.01525	0.02070	0.01307	0.01743	0.00980	0.00545	0.00763	0.00218	0.01089	0.00763	0.00327	0.00871
75	0.01826	0.63779	0.06471	0.01192	0.01741	0.08824	0.01171	0.02057	0.01388	0.05127	0.01001	0.01121	0.00867	0.00578	0.00451	0.00147	0.00738	0.00373	0.00307	0.00841
76	0.01335	0.03291	0.71541	0.01830	0.02770	0.01517	0.02349	0.04351	0.01420	0.02114	0.01173	0.01370	0.00828	0.00619	0.00615	0.00204	0.00947	0.00481	0.00285	0.00960
77	0.01670	0.02451	0.41580	0.05495	0.04587	0.01408	0.13858	0.02256	0.01491	0.16788	0.01472	0.01625	0.01015	0.00641	0.00649	0.00206	0.00885	0.00569	0.00393	0.00961
78	0.02414	0.03079	0.01831	0.01665	0.01998	0.74698	0.01248	0.02580	0.01831	0.01581	0.00999	0.01165	0.00832	0.00666	0.00583	0.00166	0.01165	0.00416	0.00333	0.00749
79	0.01867	0.07219	0.12135	0.02543	0.27395	0.29080	0.06626	0.02219	0.01586	0.01863	0.01113	0.01379	0.00908	0.00611	0.00609	0.00183	0.00960	0.00501	0.00316	0.00888
80	0.01292	0.03239	0.70560	0.05315	0.02874	0.01498	0.02359	0.02028	0.01361	0.02028	0.01159	0.01381	0.00821	0.00615	0.00615	0.00205	0.00951	0.00482	0.00274	0.00944
81	0.00795	0.00568	0.00759	0.00909	0.00950	0.00532	0.00613	0.00913	0.01245	0.01658	0.03557	0.74724	0.04256	0.02017	0.00827	0.00263	0.00382	0.03906	0.00600	0.00527
82	0.01296	0.03342	0.73944	0.01842	0.02797	0.01501	0.02387	0.02046	0.01364	0.02046	0.01160	0.01364	0.00818	0.00614	0.00614	0.00205	0.00955	0.00477	0.00273	0.00955
83	0.02773	0.01242	0.01580	0.01218	0.01717	0.01169	0.01004	0.15862	0.04416	0.58322	0.02365	0.02085	0.01518	0.00798	0.00649	0.00199	0.00579	0.00640	0.00766	0.01097
84	0.81856	0.01250	0.00950	0.00850	0.01250	0.01449	0.00700	0.01899	0.01100	0.02899	0.00900	0.01050	0.00700	0.00600	0.00400	0.00200	0.00500	0.00350	0.00400	0.00700

[dist]
# distance from previous block
# <min> <max>
0	4

[block]
# block no. 1 follows, 34 sequences, length 83
# corresponding to MSA columns:
# 107-189
name=unknown_B
#
# <colnr> <probs for GDERKNQSTAVLIFYWHMCP>
#	G	D	E	R	K	N	Q	S	T	A	V	L	I	F	Y	W	H	M	C	P
0	0.01338	0.10547	0.67106	0.01770	0.02686	0.01603	0.02263	0.02035	0.01359	0.01995	0.01134	0.01332	0.00820	0.00608	0.00595	0.00198	0.00929	0.00465	0.00273	0.00943
1	0.01280	0.01188	0.02037	0.41482	0.16648	0.01332	0.07231	0.01684	0.01383	0.01827	0.01629	0.02816	0.01473	0.00853	0.00704	0.00228	0.00809	0.14275	0.00358	0.00763
2	0.04624	0.01462	0.01646	0.01303	0.01762	0.01552	0.01063	0.37413	0.11308	0.21248	0.08096	0.02092	0.01756	0.00837	0.00652	0.00200	0.00604	0.00662	0.00685	0.01036
3	0.01527	0.43228	0.36087	0.01447	0.02186	0.02067	0.01700	0.01986	0.01337	0.01764	0.01019	0.01188	0.00824	0.00581	0.00507	0.00169	0.00813	0.00407	0.00275	0.00887
4	0.01324	0.08099	0.69430	0.01795	0.02724	0.01568	0.02305	0.02039	0.01361	0.02013	0.01143	0.01343	0.00819	0.00610	0.00601	0.00200	0.00938	0.00469	0.00273	0.00947
5	0.00940	0.00626	0.00705	0.00705	0.00705	0.00626	0.00392	0.00940	0.00940	0.01253	0.02036	0.04228	0.02349	0.77292	0.03289	0.00626	0.00626	0.00940	0.00392	0.00392
6	0.01294	0.01223	0.02071	0.61811	0.17804	0.01455	0.01831	0.01715	0.01327	0.01740	0.01161	0.01699	0.00893	0.00632	0.00645	0.00211	0.00843	0.00575	0.00293	0.00777
7	0.01340	0.01148	0.01340	0.00957	0.01531	0.00861	0.00766	0.01627	0.01340	0.02105	0.01148	0.01340	0.00957	0.00479	0.00479	0.00096	0.00479	0.00383	0.00383	0.81242
8	0.00940	0.00626	0.00705	0.00705	0.00705	0.00626	0.00392	0.00940	0.00940	0.01253	0.02036	0.04228	0.02349	0.77292	0.03289	0.00626	0.00626	0.00940	0.00392	0.00392
9	0.00764	0.00655	0.00655	0.00655	0.00873	0.00545	0.00491	0.00927	0.01473	0.01745	0.06546	0.06218	0.73000	0.01636	0.00764	0.00218	0.00327	0.01364	0.00600	0.00545
10	0.01220	0.01148	0.01938	0.75739	0.04450	0.01436	0.01794	0.01651	0.01292	0.01651	0.01148	0.01723	0.00861	0.00646	0.00646	0.00215	0.00861	0.00574	0.00287	0.00718
11	0.01236	0.01164	0.01966	0.72828	0.07241	0.01440	0.01802	0.01664	0.01299	0.01670	0.01151	0.01718	0.00868	0.00643	0.00646	0.00214	0.00858	0.00574	0.00288	0.00730
12	0.00787	0.00562	0.00750	0.00900	0.00937	0.00525	0.00600	0.00900	0.01237	0.01649	0.03561	0.76871	0.04274	0.02024	0.00825	0.00262	0.00375	0.01837	0.00600	0.00525
13	0.01340	0.01148	0.01340	0.00957	0.01531	0.00861	0.00766	0.01627	0.01340	0.02105	0.01148	0.01340	0.00957	0.00479	0.00479	0.00096	0.00479	0.00383	0.00383	0.81242
14	0.01296	0.03342	0.73944	0.01842	0.02797	0.01501	0.02387	0.02046	0.01364	0.02046	0.01160	0.01364	0.00818	0.00614	0.00614	0.00205	0.00955	0.00477	0.00273	0.00955
15	0.00940	0.00626	0.00705	0.00705	0.00705	0.00626	0.00392	0.00940	0.00940	0.01253	0.02036	0.04228	0.02349	0.77292	0.03289	0.00626	0.00626	0.00940	0.00392	0.00392
16	0.01584	0.01520	0.02596	0.06783	0.70561	0.01531	0.01976	0.01970	0.01464	0.02093	0.01213	0.01604	0.01017	0.00578	0.00640	0.00193	0.00771	0.00576	0.00319	0.01011
17	0.00940	0.00626	0.00705	0.00705	0.00705	0.00626	0.00392	0.00940	0.00940	0.01253	0.02036	0.04228	0.02349	0.77292	0.03289	0.00626	0.00626	0.00940	0.00392	0.00392
18	0.01122	0.00561	0.00842	0.00842	0.00842	0.00561	0.00561	0.00842	0.00842	0.01122	0.01122	0.01964	0.01122	0.02245	0.02525	0.81201	0.00561	0.00561	0.00281	0.00281
19	0.01182	0.01164	0.04266	0.01332	0.01450	0.04750	0.01105	0.01398	0.01071	0.01545	0.01362	0.02030	0.01276	0.03169	0.42648	0.00697	0.27964	0.00626	0.00320	0.00646
20	0.02278	0.02870	0.01747	0.01595	0.01913	0.68254	0.01197	0.02447	0.01779	0.01584	0.01254	0.01431	0.03734	0.00902	0.04103	0.00210	0.01159	0.00467	0.00344	0.00733
21	0.02360	0.01546	0.01724	0.01339	0.01810	0.01653	0.01099	0.50927	0.02668	0.16014	0.07480	0.01961	0.01609	0.00823	0.00649	0.00194	0.00634	0.00642	0.03827	0.01040
22	0.01271	0.00860	0.01007	0.00954	0.01199	0.00840	0.00749	0.01781	0.14522	0.11234	0.13126	0.04857	0.25182	0.06923	0.00936	0.00257	0.00454	0.12503	0.00635	0.00710
23	0.01244	0.01173	0.01982	0.71169	0.08832	0.01442	0.01806	0.01672	0.01303	0.01680	0.01153	0.01715	0.00872	0.00642	0.00646	0.00214	0.00855	0.00574	0.00289	0.00737
24	0.06191	0.01106	0.01477	0.01137	0.01633	0.00971	0.00939	0.03097	0.01818	0.70757	0.02480	0.02151	0.01562	0.00791	0.00639	0.00200	0.00548	0.00637	0.00783	0.01083
25	0.04897	0.01284	0.01363	0.01246	0.01580	0.01465	0.00961	0.03084	0.59545	0.04440	0.02658	0.10508	0.02162	0.00989	0.00665	0.00223	0.00497	0.00834	0.00644	0.00957
26	0.03282	0.00693	0.00874	0.00858	0.01017	0.00640	0.00623	0.01315	0.01535	0.10319	0.30450	0.27072	0.10615	0.06579	0.00928	0.00251	0.00384	0.01298	0.00647	0.00622
27	0.01050	0.00762	0.03333	0.00879	0.01073	0.00627	0.00678	0.01242	0.01457	0.09707	0.11969	0.33444	0.26200	0.01632	0.00774	0.00234	0.00397	0.03300	0.00623	0.00621
28	0.02252	0.01324	0.01490	0.01178	0.01598	0.01382	0.00961	0.36257	0.02311	0.21337	0.01945	0.01933	0.01367	0.00776	0.00598	0.00184	0.00566	0.00604	0.20964	0.00974
29	0.01065	0.00783	0.00958	0.00973	0.01091	0.00807	0.00712	0.08713	0.01457	0.01971	0.05840	0.38612	0.09504	0.09614	0.01119	0.00286	0.04817	0.06667	0.04413	0.00598
30	0.00948	0.00647	0.00780	0.00773	0.00890	0.00601	0.00536	0.01121	0.01437	0.04029	0.28954	0.15178	0.15237	0.21134	0.01411	0.00322	0.00409	0.01199	0.03848	0.00544
31	0.01161	0.00758	0.00985	0.01043	0.01186	0.00741	0.00792	0.07298	0.01504	0.07550	0.03272	0.47102	0.03650	0.01760	0.00812	0.00260	0.00473	0.18398	0.00618	0.00637
32	0.02022	0.01541	0.01655	0.01374	0.01808	0.01728	0.01101	0.30579	0.40323	0.07351	0.02192	0.02054	0.01600	0.00832	0.00653	0.00208	0.00594	0.00666	0.00661	0.01058
33	0.00877	0.00619	0.00742	0.00813	0.00890	0.00590	0.00544	0.01046	0.03341	0.01708	0.06196	0.41703	0.13039	0.17160	0.01283	0.00318	0.00415	0.01436	0.06758	0.00524
34	0.01023	0.00706	0.00784	0.00759	0.00802	0.00719	0.00454	0.03961	0.03793	0.01442	0.02184	0.04111	0.04565	0.68705	0.02995	0.00579	0.00616	0.00930	0.00419	0.00450
35	0.01878	0.01619	0.01885	0.22349	0.02651	0.08028	0.03974	0.30217	0.10790	0.02823	0.04261	0.01800	0.01301	0.00747	0.00647	0.00199	0.00761	0.00608	0.00503	0.02960
36	0.00833	0.00647	0.00707	0.00698	0.00860	0.00571	0.00498	0.00977	0.01424	0.01789	0.17268	0.05483	0.46880	0.14003	0.01245	0.03411	0.00381	0.01229	0.00573	0.00521
37	0.01032	0.00752	0.00857	0.00842	0.00928	0.00777	0.00549	0.01390	0.13002	0.01717	0.11750	0.11804	0.02992	0.46289	0.02247	0.00463	0.00537	0.01031	0.00501	0.00541
38	0.01748	0.75400	0.03338	0.01123	0.01669	0.04763	0.01110	0.01955	0.01329	0.01522	0.00901	0.01040	0.00829	0.00556	0.00420	0.00139	0.00705	0.00348	0.00278	0.00827
39	0.00776	0.00647	0.00677	0.00686	0.00885	0.00548	0.00508	0.00945	0.01477	0.01795	0.10817	0.12195	0.62529	0.01648	0.00769	0.00221	0.00330	0.01391	0.00608	0.00548
40	0.01340	0.01148	0.01340	0.00957	0.01531	0.00861	0.00766	0.01627	0.01340	0.02105	0.01148	0.01340	0.00957	0.00479	0.00479	0.00096	0.00479	0.00383	0.00383	0.81242
41	0.00914	0.00660	0.00864	0.00813	0.00965	0.00610	0.00610	0.01219	0.01829	0.02591	0.72921	0.04827	0.06097	0.01321	0.00762	0.00203	0.00305	0.01169	0.00711	0.00610
42	0.00936	0.00642	0.00783	0.00783	0.00810	0.00669	0.00489	0.00990	0.00963	0.01311	0.01965	0.03833	0.02178	0.60362	0.19985	0.00723	0.00884	0.00882	0.00381	0.00435
43	0.01122	0.00561	0.00842	0.00842	0.00842	0.00561	0.00561	0.00842	0.00842	0.01122	0.01122	0.01964	0.01122	0.02245	0.02525	0.81201	0.00561	0.00561	0.00281	0.00281
44	0.01340	0.01148	0.01340	0.00957	0.01531	0.00861	0.00766	0.01627	0.01340	0.02105	0.01148	0.01340	0.00957	0.00479	0.00479	0.00096	0.00479	0.00383	0.00383	0.81242
45	0.00769	0.00655	0.00662	0.00661	0.00876	0.00548	0.00495	0.00938	0.01486	0.01778	0.09065	0.06165	0.70460	0.01624	0.00764	0.00218	0.00326	0.01356	0.00604	0.00548
46	0.00787	0.00562	0.00750	0.00900	0.00937	0.00525	0.00600	0.00900	0.01237	0.01649	0.03561	0.76871	0.04274	0.02024	0.00825	0.00262	0.00375	0.01837	0.00600	0.00525
47	0.00817	0.00583	0.00768	0.00875	0.00931	0.00545	0.00592	0.00958	0.01327	0.01797	0.15729	0.60715	0.04504	0.05467	0.00930	0.00269	0.00374	0.01676	0.00610	0.00533
48	0.01006	0.00707	0.00924	0.00979	0.01135	0.00674	0.00799	0.01260	0.01535	0.03911	0.20762	0.07893	0.14140	0.06778	0.00997	0.00282	0.00481	0.34529	0.00616	0.00589
49	0.00923	0.00692	0.01038	0.01038	0.01154	0.00808	0.00808	0.01154	0.01038	0.01500	0.01731	0.02538	0.01615	0.04846	0.74732	0.01038	0.01731	0.00692	0.00346	0.00577
50	0.00934	0.00624	0.00706	0.00711	0.00713	0.00623	0.00399	0.00938	0.00950	0.01266	0.02088	0.06720	0.02415	0.74711	0.03204	0.00614	0.00618	0.00970	0.00399	0.00396
51	0.00794	0.00650	0.00700	0.00700	0.00894	0.00556	0.00520	0.00981	0.01525	0.01900	0.18961	0.10475	0.55895	0.01601	0.00767	0.00218	0.00326	0.01357	0.00621	0.00556
52	0.00966	0.00699	0.00850	0.00881	0.01034	0.00660	0.00645	0.01279	0.07042	0.04742	0.18045	0.33281	0.20776	0.01641	0.00781	0.00236	0.00378	0.04820	0.00634	0.00612
53	0.00785	0.00570	0.00741	0.00878	0.00932	0.00527	0.00590	0.00902	0.01258	0.01658	0.03821	0.70719	0.10258	0.01991	0.00819	0.00259	0.00371	0.01796	0.00600	0.00527
54	0.00950	0.00625	0.00701	0.00701	0.00707	0.00625	0.00394	0.00962	0.00956	0.01298	0.02039	0.04157	0.02322	0.74292	0.03178	0.00608	0.00614	0.00926	0.03546	0.00400
55	0.04831	0.00829	0.01040	0.00929	0.01162	0.00767	0.00684	0.01838	0.01412	0.29123	0.04924	0.14272	0.05801	0.25084	0.01513	0.00348	0.00530	0.03592	0.00606	0.00716
56	0.00787	0.00562	0.00750	0.00900	0.00937	0.00525	0.00600	0.00900	0.01237	0.01649	0.03561	0.76871	0.04274	0.02024	0.00825	0.00262	0.00375	0.01837	0.00600	0.00525
57	0.01607	0.01388	0.01461	0.01315	0.01680	0.01607	0.01023	0.03433	0.72094	0.02703	0.02630	0.02411	0.01972	0.00877	0.00657	0.00219	0.00511	0.00731	0.00657	0.01023
58	0.01041	0.00744	0.01041	0.01190	0.01339	0.00744	0.01041	0.01339	0.01487	0.01934	0.03421	0.07288	0.03719	0.01785	0.00892	0.00297	0.00595	0.68913	0.00595	0.00595
59	0.01292	0.01255	0.01960	0.69381	0.07065	0.04911	0.01776	0.01708	0.01325	0.01666	0.01144	0.01691	0.00866	0.00644	0.00643	0.00212	0.00872	0.00567	0.00291	0.00731
60	0.01254	0.01183	0.01999	0.69295	0.10628	0.01444	0.01811	0.01681	0.01308	0.01692	0.01154	0.01712	0.00876	0.00640	0.00645	0.00213	0.00853	0.00574	0.00290	0.00745
61	0.01525	0.01743	0.03813	0.02723	0.03377	0.01634	0.70915	0.02070	0.01525	0.02070	0.01307	0.01743	0.00980	0.00545	0.00763	0.00218	0.01089	0.00763	0.00327	0.00871
62	0.00764	0.00655	0.00655	0.00655	0.00873	0.00545	0.00491	0.00927	0.01473	0.01745	0.06546	0.06218	0.73000	0.01636	0.00764	0.00218	0.00327	0.01364	0.00600	0.00545
63	0.01635	0.03919	0.03453	0.02705	0.11034	0.09553	0.53741	0.02112	0.01546	0.02007	0.01252	0.01645	0.00965	0.00561	0.00720	0.00207	0.01051	0.00693	0.00325	0.00874
64	0.01414	0.01414	0.01979	0.01696	0.01696	0.01979	0.01414	0.01555	0.00990	0.01555	0.00848	0.01414	0.00848	0.01131	0.02120	0.00283	0.76110	0.00565	0.00283	0.00707
65	0.01041	0.00744	0.01041	0.01190	0.01339	0.00744	0.01041	0.01339	0.01487	0.01934	0.03421	0.07288	0.03719	0.01785	0.00892	0.00297	0.00595	0.68913	0.00595	0.00595
66	0.00841	0.00668	0.00765	0.00792	0.00978	0.00592	0.00619	0.01049	0.01519	0.01907	0.16029	0.09555	0.46313	0.01634	0.00791	0.00233	0.00377	0.14159	0.00616	0.00564
67	0.01599	0.01535	0.02623	0.03966	0.73262	0.01535	0.01983	0.01983	0.01471	0.02111	0.01215	0.01599	0.01023	0.00576	0.00640	0.00192	0.00768	0.00576	0.00320	0.01023
68	0.00923	0.00692	0.01038	0.01038	0.01154	0.00808	0.00808	0.01154	0.01038	0.01500	0.01731	0.02538	0.01615	0.04846	0.74732	0.01038	0.01731	0.00692	0.00346	0.00577
69	0.01581	0.01575	0.02403	0.20002	0.51833	0.07542	0.01880	0.01957	0.01460	0.01963	0.01182	0.01591	0.00971	0.00599	0.00636	0.00195	0.00822	0.00562	0.00314	0.00932
70	0.00923	0.00692	0.01038	0.01038	0.01154	0.00808	0.00808	0.01154	0.01038	0.01500	0.01731	0.02538	0.01615	0.04846	0.74732	0.01038	0.01731	0.00692	0.00346	0.00577
71	0.00830	0.00676	0.00738	0.00730	0.00927	0.00596	0.00544	0.01082	0.03968	0.01977	0.22266	0.09830	0.50442	0.01557	0.00763	0.00217	0.00331	0.01322	0.00629	0.00576
72	0.01340	0.01148	0.01340	0.00957	0.01531	0.00861	0.00766	0.01627	0.01340	0.02105	0.01148	0.01340	0.00957	0.00479	0.00479	0.00096	0.00479	0.00383	0.00383	0.81242
73	0.00786	0.00566	0.00746	0.00890	0.00935	0.00526	0.00596	0.00901	0.01246	0.01653	0.03678	0.74098	0.06971	0.02009	0.00822	0.00261	0.00373	0.01818	0.00600	0.00526
74	0.01727	0.77681	0.03386	0.01106	0.01658	0.02557	0.01106	0.01935	0.01313	0.01520	0.00898	0.01036	0.00829	0.00553	0.00415	0.00138	0.00691	0.00345	0.00276	0.00829
75	0.00771	0.00651	0.00667	0.00671	0.00879	0.00547	0.00500	0.00938	0.01477	0.01776	0.09113	0.09108	0.67421	0.01640	0.00766	0.00219	0.00328	0.01375	0.00605	0.00547
76	0.81856	0.01250	0.00950	0.00850	0.01250	0.01449	0.00700	0.01899	0.01100	0.02899	0.00900	0.01050	0.00700	0.00600	0.00400	0.00200	0.00500	0.00350	0.00400	0.00700
77	0.01599	0.01535	0.02623	0.03966	0.73262	0.01535	0.01983	0.01983	0.01471	0.02111	0.01215	0.01599	0.01023	0.00576	0.00640	0.00192	0.00768	0.00576	0.00320	0.01023
78	0.01573	0.01509	0.02576	0.08874	0.68556	0.01528	0.01970	0.01960	0.01459	0.02079	0.01211	0.01608	0.01012	0.00581	0.00640	0.00194	0.00774	0.00576	0.00318	0.01003
79	0.01523	0.01434	0.02400	0.24526	0.50754	0.01524	0.01900	0.04512	0.01479	0.02053	0.01209	0.01633	0.00980	0.00604	0.00642	0.00199	0.00792	0.00576	0.00323	0.00938
80	0.00923	0.00692	0.01038	0.01038	0.01154	0.00808	0.00808	0.01154	0.01038	0.01500	0.01731	0.02538	0.01615	0.04846	0.74732	0.01038	0.01731	0.00692	0.00346	0.00577
81	0.10351	0.01570	0.01698	0.01624	0.10244	0.05776	0.01159	0.24218	0.22407	0.08593	0.04512	0.01906	0.01515	0.00779	0.00624	0.00201	0.00636	0.00618	0.00582	0.00988
82	0.05287	0.01529	0.01861	0.06725	0.06089	0.03990	0.03033	0.26401	0.04021	0.12961	0.01477	0.01615	0.01094	0.00778	0.00867	0.00203	0.13170	0.00565	0.00514	0.07820

[dist]
# distance from previous block
# <min> <max>
0	3

# created by:
# /home/berkeley/.conda/envs/busco_data_prod/bin/msa2prfl.pl pipeline/OGs_align_augustus/4893/33329.fs
