[name]
unknown

[dist]
# distance from previous block
# <min> <max>
0	3

[block]
# block no. 0 follows, 32 sequences, length 39
# corresponding to MSA columns:
# 3-41
name=unknown_A
#
# <colnr> <probs for GDERKNQSTAVLIFYWHMCP>
#	G	D	E	R	K	N	Q	S	T	A	V	L	I	F	Y	W	H	M	C	P
0	0.01602	0.04780	0.04243	0.01469	0.05921	0.07842	0.01179	0.05967	0.07103	0.08588	0.06762	0.04450	0.02690	0.01250	0.00764	0.00242	0.00675	0.29651	0.00573	0.04250
1	0.00838	0.00747	0.03496	0.00847	0.01019	0.00601	0.00643	0.01021	0.01454	0.01858	0.10834	0.35184	0.35451	0.01799	0.00813	0.00244	0.00383	0.01569	0.00620	0.00579
2	0.01688	0.33993	0.18469	0.01482	0.02038	0.13243	0.03759	0.02036	0.01449	0.01773	0.03791	0.01483	0.01134	0.00995	0.06003	0.00245	0.04769	0.00486	0.00320	0.00844
3	0.00894	0.00691	0.00819	0.00808	0.00996	0.00617	0.00620	0.01146	0.01707	0.02249	0.37522	0.05869	0.34540	0.01557	0.00804	0.00227	0.00354	0.07300	0.00678	0.00603
4	0.02332	0.06201	0.01998	0.10267	0.02358	0.55540	0.01354	0.08607	0.01924	0.01881	0.01102	0.01308	0.00893	0.00694	0.00611	0.00180	0.01108	0.00464	0.00367	0.00811
5	0.00903	0.00668	0.00845	0.00867	0.00998	0.00619	0.00625	0.01170	0.03229	0.02258	0.39466	0.29128	0.13432	0.01647	0.00811	0.00234	0.00349	0.01462	0.00684	0.00605
6	0.02329	0.18561	0.02248	0.01602	0.01992	0.54724	0.01269	0.04477	0.01801	0.01704	0.01028	0.01201	0.00872	0.00684	0.00615	0.00171	0.03151	0.00426	0.00341	0.00805
7	0.02351	0.04928	0.02043	0.05667	0.08524	0.52039	0.01387	0.11371	0.01987	0.02032	0.01138	0.01329	0.00920	0.00693	0.00617	0.00181	0.01080	0.00476	0.00383	0.00852
8	0.00795	0.00674	0.00686	0.00695	0.00910	0.00565	0.00517	0.00961	0.01515	0.01807	0.06609	0.10682	0.67858	0.01724	0.00797	0.00229	0.00343	0.01446	0.00623	0.00565
9	0.00956	0.00654	0.00726	0.00726	0.00750	0.00642	0.00418	0.00974	0.01035	0.01355	0.02613	0.04611	0.09841	0.68464	0.03136	0.00605	0.00617	0.01023	0.00430	0.00424
10	0.00972	0.00666	0.00812	0.00812	0.00839	0.00694	0.00506	0.01027	0.00999	0.01360	0.02041	0.03987	0.02264	0.59994	0.19601	0.00749	0.00914	0.00917	0.00396	0.00451
11	0.01569	0.01846	0.13314	0.11058	0.51614	0.01583	0.05191	0.02038	0.01494	0.02130	0.01251	0.01644	0.01011	0.00610	0.00667	0.00205	0.00852	0.00591	0.00322	0.01012
12	0.02389	0.01744	0.01864	0.01452	0.01947	0.01929	0.01192	0.60504	0.06388	0.04002	0.01719	0.01736	0.01239	0.00809	0.00654	0.00199	0.00690	0.00614	0.07840	0.01091
13	0.00948	0.00699	0.01011	0.01025	0.01123	0.00790	0.00769	0.01148	0.01085	0.01542	0.02006	0.09458	0.02016	0.13151	0.58924	0.00955	0.01536	0.00856	0.00389	0.00572
14	0.02410	0.01720	0.01868	0.01474	0.01977	0.01894	0.01204	0.50037	0.17131	0.10261	0.01939	0.01858	0.01377	0.00830	0.00674	0.00207	0.00680	0.00643	0.00688	0.01125
15	0.01225	0.04245	0.01098	0.00960	0.02618	0.00800	0.00716	0.01538	0.04070	0.10586	0.37227	0.11054	0.18541	0.01373	0.00761	0.00217	0.00393	0.01187	0.00684	0.00705
16	0.01794	0.76823	0.03516	0.01148	0.01722	0.02655	0.01148	0.02009	0.01363	0.01579	0.00933	0.01076	0.00861	0.00574	0.00431	0.00144	0.00718	0.00359	0.00287	0.00861
17	0.01492	0.01251	0.01488	0.04226	0.01749	0.01097	0.00920	0.09664	0.01572	0.02350	0.01373	0.05805	0.01203	0.00668	0.00631	0.00136	0.04268	0.00528	0.00433	0.59144
18	0.01987	0.06557	0.08854	0.01343	0.01774	0.24452	0.01151	0.02395	0.07828	0.16132	0.04315	0.04129	0.14367	0.00956	0.00663	0.00200	0.00772	0.00741	0.00529	0.00856
19	0.01932	0.01554	0.01801	0.05937	0.02017	0.01817	0.01242	0.31800	0.20568	0.03068	0.01793	0.01933	0.01378	0.01270	0.07653	0.00304	0.11725	0.00653	0.00567	0.00986
20	0.63391	0.05860	0.04516	0.01272	0.06586	0.01591	0.04374	0.01996	0.01216	0.02787	0.00990	0.01180	0.00779	0.00616	0.00462	0.00204	0.00602	0.00407	0.00392	0.00779
21	0.01467	0.01293	0.01766	0.01512	0.01601	0.01694	0.03216	0.05605	0.01250	0.01967	0.01252	0.01754	0.01111	0.01219	0.04799	0.00291	0.49785	0.00608	0.17076	0.00734
22	0.02014	0.01382	0.01590	0.01197	0.01743	0.01281	0.00973	0.22401	0.04363	0.15206	0.01789	0.01799	0.03265	0.00697	0.00595	0.00157	0.00579	0.00550	0.00572	0.37847
23	0.00804	0.00675	0.00698	0.00704	0.00916	0.00569	0.00523	0.00979	0.01537	0.01858	0.10432	0.10312	0.64292	0.01703	0.00797	0.00228	0.00341	0.01432	0.00630	0.00569
24	0.01004	0.00786	0.01166	0.01140	0.01249	0.00948	0.00895	0.01236	0.01074	0.01563	0.01715	0.02531	0.01606	0.04684	0.67306	0.01008	0.08417	0.00707	0.00354	0.00611
25	0.01160	0.00734	0.00955	0.00872	0.01073	0.00667	0.00664	0.01462	0.01881	0.10095	0.60820	0.04804	0.09553	0.01333	0.00779	0.00212	0.00345	0.01168	0.00742	0.00684
26	0.00976	0.00651	0.00732	0.00732	0.00732	0.00651	0.00407	0.00976	0.00976	0.01301	0.02114	0.04391	0.02439	0.76419	0.03415	0.00651	0.00651	0.00976	0.00407	0.00407
27	0.01794	0.76823	0.03516	0.01148	0.01722	0.02655	0.01148	0.02009	0.01363	0.01579	0.00933	0.01076	0.00861	0.00574	0.00431	0.00144	0.00718	0.00359	0.00287	0.00861
28	0.02551	0.01879	0.02014	0.01544	0.02081	0.02081	0.01275	0.69996	0.03155	0.04229	0.01611	0.01611	0.01141	0.00805	0.00671	0.00201	0.00738	0.00604	0.00671	0.01141
29	0.01669	0.01441	0.01517	0.01365	0.01745	0.01669	0.01062	0.03565	0.71021	0.02807	0.02731	0.02503	0.02048	0.00910	0.00683	0.00228	0.00531	0.00759	0.00683	0.01062
30	0.00960	0.00712	0.01046	0.01046	0.01154	0.00821	0.00798	0.01177	0.01069	0.01534	0.01827	0.02801	0.01749	0.11739	0.67151	0.01038	0.01690	0.00743	0.00364	0.00581
31	0.00818	0.00584	0.00779	0.00934	0.00973	0.00545	0.00623	0.00934	0.01285	0.01713	0.03698	0.75981	0.04438	0.02102	0.00856	0.00273	0.00389	0.01908	0.00623	0.00545
32	0.01391	0.01193	0.01391	0.00994	0.01590	0.00894	0.00795	0.01690	0.01391	0.02186	0.01193	0.01391	0.00994	0.00497	0.00497	0.00099	0.00497	0.00398	0.00398	0.80521
33	0.02432	0.10067	0.08157	0.01482	0.02059	0.01940	0.01322	0.47157	0.02633	0.13665	0.01652	0.01634	0.01161	0.00770	0.00643	0.00197	0.00733	0.00578	0.00619	0.01098
34	0.01853	0.01238	0.01448	0.01115	0.01605	0.01116	0.00882	0.10497	0.09098	0.16894	0.01800	0.02025	0.01408	0.08372	0.00872	0.00204	0.00561	0.00577	0.00551	0.37883
35	0.01843	0.22324	0.32799	0.01580	0.02308	0.04921	0.03383	0.06310	0.04081	0.12314	0.01416	0.01503	0.01035	0.00669	0.00594	0.00192	0.00840	0.00506	0.00404	0.00979
36	0.01359	0.02586	0.46677	0.01740	0.02484	0.01360	0.08218	0.03839	0.01550	0.04519	0.10911	0.08153	0.01929	0.00861	0.00693	0.00218	0.00844	0.00745	0.00406	0.00908
37	0.00880	0.00676	0.00784	0.00767	0.00936	0.00603	0.00559	0.01097	0.01633	0.02150	0.34978	0.08285	0.34152	0.08310	0.01031	0.00260	0.00359	0.01306	0.00655	0.00581
38	0.36323	0.15721	0.10282	0.01409	0.04212	0.12479	0.05190	0.02146	0.01385	0.04019	0.01058	0.01234	0.00837	0.00627	0.00509	0.00192	0.00760	0.00429	0.00369	0.00822

[dist]
# distance from previous block
# <min> <max>
0	2

[block]
# block no. 1 follows, 32 sequences, length 91
# corresponding to MSA columns:
# 44-134
name=unknown_B
#
# <colnr> <probs for GDERKNQSTAVLIFYWHMCP>
#	G	D	E	R	K	N	Q	S	T	A	V	L	I	F	Y	W	H	M	C	P
0	0.01944	0.61806	0.03208	0.01237	0.01794	0.06260	0.01175	0.12199	0.01659	0.01978	0.01040	0.01163	0.00903	0.00615	0.00476	0.00154	0.00746	0.00399	0.00347	0.00899
1	0.01704	0.01561	0.02514	0.15874	0.51994	0.01637	0.01929	0.10416	0.01698	0.02363	0.01293	0.01676	0.01044	0.00636	0.00666	0.00204	0.00806	0.00598	0.00368	0.01018
2	0.01571	0.05759	0.22666	0.02342	0.03066	0.04515	0.40072	0.02267	0.06933	0.02148	0.01390	0.01698	0.01039	0.00617	0.00717	0.00217	0.01030	0.00674	0.00348	0.00934
3	0.00952	0.03652	0.00961	0.00840	0.01015	0.00697	0.00636	0.01230	0.01785	0.02458	0.55377	0.10003	0.15041	0.01437	0.00782	0.00215	0.00341	0.01256	0.00697	0.00627
4	0.00960	0.00715	0.01058	0.01058	0.01171	0.00828	0.00813	0.01185	0.01072	0.01542	0.01816	0.02740	0.01723	0.09254	0.69599	0.01053	0.01729	0.00734	0.00362	0.00588
5	0.01731	0.55203	0.19722	0.01362	0.02021	0.06641	0.01469	0.02076	0.01408	0.01711	0.01003	0.01164	0.00859	0.00596	0.00490	0.00161	0.00811	0.00395	0.00290	0.00887
6	0.00919	0.05268	0.03778	0.00984	0.01110	0.00730	0.00744	0.01086	0.01335	0.01770	0.06159	0.57572	0.06700	0.03641	0.00882	0.00269	0.00447	0.05431	0.00589	0.00586
7	0.00836	0.00597	0.00797	0.00941	0.00991	0.00559	0.00641	0.00972	0.01332	0.01783	0.07763	0.69071	0.04528	0.02049	0.00855	0.00270	0.00394	0.04437	0.00630	0.00553
8	0.00808	0.00677	0.00706	0.00725	0.00934	0.00574	0.00545	0.00980	0.01511	0.01814	0.06407	0.11909	0.63570	0.01738	0.00804	0.00234	0.00357	0.04518	0.00623	0.00567
9	0.01874	0.59608	0.06407	0.01278	0.01830	0.13069	0.01228	0.02174	0.04166	0.01661	0.01031	0.01168	0.00907	0.00607	0.00476	0.00154	0.00796	0.00392	0.00311	0.00863
10	0.08570	0.02557	0.40591	0.07538	0.06108	0.03428	0.06016	0.02285	0.04686	0.09921	0.01416	0.01592	0.01008	0.00668	0.00636	0.00212	0.00880	0.00545	0.00382	0.00962
11	0.00899	0.00662	0.00853	0.00983	0.01055	0.00647	0.00680	0.01169	0.06956	0.01815	0.03613	0.66853	0.04217	0.01994	0.00846	0.00271	0.00411	0.04859	0.00627	0.00590
12	0.01115	0.00810	0.01106	0.01243	0.01410	0.00823	0.01080	0.01514	0.05492	0.02053	0.03506	0.07281	0.03759	0.01800	0.00913	0.00304	0.00613	0.63913	0.00622	0.00643
13	0.01916	0.64246	0.03240	0.01247	0.01782	0.14795	0.01173	0.02124	0.01455	0.01589	0.00951	0.01099	0.00862	0.00594	0.00460	0.00149	0.00802	0.00371	0.00297	0.00847
14	0.01582	0.01665	0.06425	0.16642	0.35127	0.07114	0.01773	0.02175	0.10371	0.02112	0.01602	0.03619	0.01364	0.00767	0.00681	0.00214	0.00806	0.04629	0.00392	0.00939
15	0.00829	0.00593	0.00789	0.00926	0.00976	0.00553	0.00624	0.00963	0.01338	0.01798	0.09654	0.69781	0.04603	0.02038	0.00851	0.00267	0.00383	0.01847	0.00633	0.00553
16	0.01027	0.00711	0.00834	0.00810	0.01019	0.00622	0.00610	0.01244	0.01640	0.07809	0.24546	0.13448	0.38387	0.01584	0.00793	0.00228	0.00364	0.03019	0.00673	0.00631
17	0.03891	0.03603	0.07146	0.01444	0.04522	0.06993	0.01187	0.05750	0.25154	0.16638	0.02596	0.02918	0.06013	0.00973	0.00690	0.00222	0.00650	0.08033	0.00613	0.00962
18	0.01564	0.01524	0.02674	0.16516	0.45460	0.01571	0.11497	0.02055	0.04434	0.02121	0.01386	0.01899	0.01143	0.00653	0.00691	0.00212	0.00846	0.02434	0.00349	0.00971
19	0.00814	0.00597	0.00765	0.00900	0.00964	0.00548	0.00608	0.00938	0.01318	0.01726	0.04119	0.66550	0.13598	0.02048	0.00848	0.00266	0.00383	0.01841	0.00623	0.00548
20	0.01391	0.01193	0.01391	0.00994	0.01590	0.00894	0.00795	0.01690	0.01391	0.02186	0.01193	0.01391	0.00994	0.00497	0.00497	0.00099	0.00497	0.00398	0.00398	0.80521
21	0.01922	0.08523	0.12334	0.03620	0.05446	0.01639	0.14363	0.16979	0.01874	0.12290	0.01626	0.03495	0.01228	0.00752	0.00726	0.00206	0.04226	0.00643	0.07148	0.00961
22	0.04286	0.01584	0.07975	0.01686	0.10585	0.01440	0.01293	0.17293	0.11785	0.28454	0.02076	0.01997	0.01438	0.00783	0.00655	0.00206	0.00654	0.00636	0.04098	0.01075
23	0.01537	0.01188	0.01406	0.01012	0.01601	0.00903	0.00812	0.01831	0.01439	0.08509	0.01323	0.01471	0.01054	0.00527	0.00513	0.00109	0.00504	0.00422	0.00436	0.73404
24	0.00986	0.00674	0.00850	0.00850	0.00903	0.00717	0.00566	0.01091	0.01038	0.01465	0.02005	0.03646	0.02122	0.46206	0.28562	0.00775	0.01043	0.00862	0.05150	0.00489
25	0.02420	0.01797	0.01922	0.01491	0.02005	0.01984	0.01226	0.63427	0.06115	0.04039	0.01931	0.01903	0.04863	0.00857	0.00678	0.00204	0.00708	0.00653	0.00669	0.01108
26	0.00817	0.00587	0.00775	0.00926	0.00971	0.00546	0.00619	0.00935	0.01293	0.01716	0.03804	0.73616	0.06735	0.02088	0.00854	0.00271	0.00388	0.01891	0.00623	0.00546
27	0.00940	0.00686	0.00884	0.00834	0.00997	0.00629	0.00626	0.01248	0.01877	0.02638	0.67994	0.05098	0.10250	0.01391	0.00791	0.00212	0.00318	0.01226	0.00732	0.00629
28	0.00926	0.00685	0.00865	0.00820	0.00988	0.00623	0.00615	0.01221	0.01844	0.02560	0.62211	0.05227	0.16081	0.01420	0.00792	0.00213	0.00320	0.01244	0.00721	0.00623
29	0.00976	0.00651	0.00732	0.00732	0.00732	0.00651	0.00407	0.00976	0.00976	0.01301	0.02114	0.04391	0.02439	0.76419	0.03415	0.00651	0.00651	0.00976	0.00407	0.00407
30	0.02493	0.01851	0.01981	0.01532	0.02059	0.02054	0.01261	0.65668	0.07576	0.04136	0.01684	0.01669	0.01200	0.00812	0.00672	0.00203	0.00725	0.00614	0.00672	0.01136
31	0.02551	0.01879	0.02014	0.01544	0.02081	0.02081	0.01275	0.69996	0.03155	0.04229	0.01611	0.01611	0.01141	0.00805	0.00671	0.00201	0.00738	0.00604	0.00671	0.01141
32	0.81159	0.01298	0.00986	0.00882	0.01298	0.01505	0.00727	0.01972	0.01142	0.03010	0.00934	0.01090	0.00727	0.00623	0.00415	0.00208	0.00519	0.00363	0.00415	0.00727
33	0.00976	0.00651	0.00732	0.00732	0.00732	0.00651	0.00407	0.00976	0.00976	0.01301	0.02114	0.04391	0.02439	0.76419	0.03415	0.00651	0.00651	0.00976	0.00407	0.00407
34	0.02051	0.01567	0.01693	0.01400	0.01830	0.01733	0.01133	0.41627	0.19992	0.03469	0.02413	0.06333	0.05727	0.01013	0.00706	0.00220	0.00638	0.04764	0.00666	0.01026
35	0.01899	0.01881	0.09379	0.02363	0.06989	0.03432	0.37941	0.09978	0.04746	0.12123	0.01595	0.01823	0.01148	0.00655	0.00731	0.00217	0.00954	0.00706	0.00454	0.00985
36	0.01884	0.02054	0.02387	0.11107	0.42773	0.24261	0.01798	0.02216	0.01625	0.01967	0.01184	0.01533	0.00982	0.00635	0.00646	0.00194	0.00938	0.00546	0.00333	0.00938
37	0.07909	0.08471	0.05736	0.03290	0.51069	0.08147	0.01825	0.02107	0.01512	0.02149	0.01185	0.01513	0.00991	0.00608	0.00618	0.00193	0.00814	0.00539	0.00334	0.00990
38	0.00809	0.00675	0.00705	0.00710	0.00919	0.00571	0.00528	0.00988	0.01548	0.01885	0.12448	0.10479	0.62045	0.01694	0.00797	0.00228	0.00341	0.01427	0.00633	0.00571
39	0.02547	0.01982	0.02005	0.01558	0.02080	0.07646	0.01277	0.64767	0.03057	0.04028	0.01566	0.01580	0.01120	0.00797	0.00666	0.00199	0.00775	0.00591	0.00646	0.01113
40	0.01166	0.00583	0.00874	0.00874	0.00874	0.00583	0.00583	0.00874	0.00874	0.01166	0.01166	0.02040	0.01166	0.02331	0.02622	0.80478	0.00583	0.00583	0.00291	0.00291
41	0.00911	0.00684	0.00843	0.00804	0.00979	0.00617	0.00603	0.01192	0.01808	0.02475	0.55854	0.05368	0.22492	0.01452	0.00792	0.00215	0.00322	0.01263	0.00710	0.00617
42	0.01043	0.06752	0.04559	0.01093	0.01279	0.00997	0.00903	0.01285	0.01108	0.01564	0.01729	0.02605	0.01639	0.10428	0.58827	0.00930	0.01581	0.00702	0.00354	0.00622
43	0.78166	0.01292	0.01008	0.00894	0.01314	0.01485	0.00737	0.02022	0.01172	0.05679	0.01000	0.01136	0.00762	0.00631	0.00425	0.00208	0.00521	0.00375	0.00431	0.00743
44	0.00850	0.00678	0.00761	0.00749	0.00943	0.00589	0.00558	0.01069	0.01650	0.02120	0.29743	0.08962	0.45756	0.01601	0.00795	0.00223	0.00334	0.01366	0.00664	0.00589
45	0.01612	0.01545	0.02635	0.12875	0.63858	0.01581	0.02035	0.02017	0.01505	0.02133	0.01254	0.01677	0.01042	0.00607	0.00665	0.00202	0.00809	0.00598	0.00328	0.01024
46	0.01052	0.00752	0.01046	0.01191	0.01336	0.00746	0.01020	0.01345	0.01538	0.02014	0.06726	0.13427	0.04026	0.01853	0.00914	0.00301	0.00584	0.58891	0.00624	0.00612
47	0.00969	0.00679	0.00875	0.00875	0.00924	0.00728	0.00585	0.01067	0.01018	0.01407	0.01984	0.03668	0.02126	0.47027	0.32378	0.00827	0.01123	0.00870	0.00387	0.00486
48	0.02667	0.01740	0.01892	0.01461	0.01986	0.04543	0.01202	0.50274	0.02790	0.21721	0.01855	0.01768	0.01264	0.00808	0.00670	0.00202	0.00713	0.00616	0.00700	0.01127
49	0.01612	0.01545	0.02635	0.12875	0.63858	0.01581	0.02035	0.02017	0.01505	0.02133	0.01254	0.01677	0.01042	0.00607	0.00665	0.00202	0.00809	0.00598	0.00328	0.01024
50	0.00815	0.00619	0.00752	0.00849	0.00953	0.00556	0.00587	0.00958	0.01389	0.01786	0.07587	0.50719	0.26125	0.01942	0.00833	0.00255	0.00370	0.01721	0.00628	0.00556
51	0.01485	0.01248	0.01442	0.01038	0.01630	0.00991	0.00834	0.07233	0.01534	0.02352	0.01227	0.01409	0.01006	0.00522	0.00511	0.00108	0.00517	0.00414	0.00420	0.74079
52	0.01582	0.01556	0.02548	0.15394	0.50316	0.04010	0.05573	0.01974	0.01499	0.02062	0.01449	0.01853	0.03736	0.00670	0.00718	0.00208	0.02918	0.00633	0.00337	0.00964
53	0.01585	0.02924	0.46392	0.01908	0.02695	0.10439	0.10469	0.02266	0.04734	0.05146	0.01433	0.04441	0.01103	0.00713	0.00665	0.00212	0.00973	0.00600	0.00353	0.00947
54	0.01575	0.01234	0.01343	0.05608	0.01670	0.06779	0.00992	0.08931	0.18167	0.08035	0.08788	0.18215	0.02854	0.04203	0.00854	0.00252	0.00596	0.08469	0.00619	0.00816
55	0.01401	0.01329	0.02255	0.50717	0.27662	0.01526	0.01930	0.01832	0.01405	0.01877	0.01216	0.01745	0.00952	0.00646	0.00669	0.00215	0.00861	0.00597	0.00310	0.00854
56	0.05926	0.05851	0.01632	0.01424	0.06689	0.08964	0.02457	0.06852	0.04810	0.14763	0.06668	0.02506	0.03281	0.11157	0.10913	0.00379	0.03694	0.00704	0.00511	0.00820
57	0.01101	0.00903	0.01415	0.04829	0.14610	0.00965	0.02772	0.01341	0.01204	0.01690	0.01971	0.13178	0.02000	0.11946	0.36210	0.00688	0.01215	0.00895	0.00395	0.00669
58	0.00814	0.00598	0.00764	0.00897	0.00963	0.00548	0.00606	0.00939	0.01321	0.01728	0.04154	0.65757	0.14368	0.02043	0.00847	0.00266	0.00382	0.01835	0.00623	0.00548
59	0.01539	0.01723	0.03685	0.12967	0.03664	0.01668	0.60227	0.02088	0.01550	0.02088	0.01334	0.01807	0.01001	0.00580	0.00775	0.00226	0.01098	0.00764	0.00334	0.00882
60	0.01750	0.01917	0.05459	0.06586	0.47812	0.12467	0.10044	0.02151	0.01578	0.02081	0.01234	0.01607	0.01012	0.00613	0.00670	0.00200	0.00911	0.00592	0.00332	0.00984
61	0.01338	0.01075	0.01196	0.01155	0.01426	0.01161	0.00894	0.02398	0.36900	0.04219	0.03684	0.16345	0.14500	0.01362	0.00761	0.00245	0.00486	0.09358	0.00658	0.00837
62	0.00966	0.00685	0.00953	0.00960	0.01044	0.00751	0.00697	0.01100	0.01067	0.01486	0.02115	0.06437	0.04918	0.20650	0.45741	0.07353	0.01315	0.00849	0.00388	0.00527
63	0.00829	0.00681	0.00729	0.00717	0.00928	0.00582	0.00538	0.01032	0.01613	0.02012	0.21555	0.06130	0.57080	0.01625	0.00793	0.00223	0.00335	0.01370	0.00649	0.00582
64	0.00950	0.00686	0.00897	0.00844	0.01002	0.00633	0.00633	0.01266	0.01899	0.02691	0.71879	0.05012	0.06331	0.01372	0.00791	0.00211	0.00317	0.01213	0.00739	0.00633
65	0.01468	0.01468	0.02055	0.01762	0.01762	0.02055	0.01468	0.01615	0.01028	0.01615	0.00881	0.01468	0.00881	0.01174	0.02202	0.00294	0.75191	0.00587	0.00294	0.00734
66	0.01346	0.03471	0.72942	0.01912	0.02904	0.01558	0.02479	0.02125	0.01417	0.02125	0.01204	0.01417	0.00850	0.00637	0.00637	0.00212	0.00992	0.00496	0.00283	0.00992
67	0.02551	0.01879	0.02014	0.01544	0.02081	0.02081	0.01275	0.69996	0.03155	0.04229	0.01611	0.01611	0.01141	0.00805	0.00671	0.00201	0.00738	0.00604	0.00671	0.01141
68	0.00956	0.00642	0.00738	0.00757	0.00762	0.00637	0.00434	0.00971	0.01014	0.01352	0.02311	0.13308	0.02688	0.67163	0.03096	0.00603	0.00618	0.01092	0.00434	0.00424
69	0.00975	0.00653	0.00744	0.00744	0.00748	0.00657	0.00421	0.00983	0.00979	0.01310	0.02103	0.04331	0.02414	0.73991	0.05808	0.00665	0.00690	0.00967	0.00405	0.00413
70	0.00971	0.00704	0.00828	0.00785	0.00991	0.00619	0.00593	0.01218	0.01732	0.05432	0.39116	0.05548	0.36028	0.01497	0.00787	0.00218	0.00339	0.01282	0.00690	0.00626
71	0.01297	0.01210	0.02036	0.58973	0.13764	0.01452	0.01808	0.01721	0.01346	0.01768	0.01251	0.01840	0.00981	0.01015	0.06601	0.00290	0.00954	0.00606	0.00308	0.00778
72	0.01975	0.01470	0.01598	0.01371	0.01792	0.01645	0.01085	0.13684	0.51840	0.11930	0.02549	0.02339	0.01860	0.00884	0.00680	0.00221	0.00568	0.00724	0.00700	0.01084
73	0.00950	0.00686	0.00897	0.00844	0.01002	0.00633	0.00633	0.01266	0.01899	0.02691	0.71879	0.05012	0.06331	0.01372	0.00791	0.00211	0.00317	0.01213	0.00739	0.00633
74	0.01103	0.00836	0.01164	0.01119	0.01247	0.00981	0.00871	0.05335	0.01218	0.01761	0.01829	0.05839	0.01739	0.07172	0.53943	0.00865	0.07510	0.00761	0.04073	0.00633
75	0.01548	0.01753	0.03812	0.02740	0.03390	0.01644	0.66596	0.02093	0.01570	0.02129	0.01466	0.05241	0.01176	0.00637	0.00795	0.00228	0.01097	0.00843	0.00352	0.00888
76	0.00950	0.00686	0.00897	0.00844	0.01002	0.00633	0.00633	0.01266	0.01899	0.02691	0.71879	0.05012	0.06331	0.01372	0.00791	0.00211	0.00317	0.01213	0.00739	0.00633
77	0.00825	0.00595	0.00782	0.00917	0.00972	0.00552	0.00619	0.00958	0.01336	0.01782	0.08351	0.68260	0.07495	0.02036	0.00849	0.00266	0.00382	0.01840	0.00631	0.00552
78	0.02193	0.01677	0.02025	0.02027	0.16802	0.01821	0.01376	0.36820	0.17900	0.07569	0.01849	0.01861	0.01358	0.00787	0.00673	0.00207	0.00694	0.00642	0.00612	0.01107
79	0.02506	0.03198	0.01901	0.01729	0.02074	0.73725	0.01296	0.02679	0.01901	0.01642	0.01037	0.01210	0.00864	0.00691	0.00605	0.00173	0.01210	0.00432	0.00346	0.00778
80	0.02755	0.01085	0.01475	0.01150	0.01625	0.00942	0.00942	0.03022	0.01918	0.64026	0.11223	0.02622	0.02239	0.00898	0.00689	0.00208	0.00539	0.00741	0.00819	0.01079
81	0.01007	0.00719	0.00996	0.01151	0.01272	0.00708	0.00952	0.01261	0.01471	0.01925	0.03594	0.26895	0.04024	0.01924	0.00907	0.00299	0.00553	0.49126	0.00619	0.00597
82	0.02406	0.02777	0.01932	0.08078	0.02298	0.54080	0.01342	0.15125	0.02086	0.02130	0.01158	0.01335	0.00918	0.00711	0.00623	0.00183	0.01095	0.00478	0.00402	0.00843
83	0.00837	0.00678	0.00705	0.00711	0.00893	0.00590	0.00513	0.00982	0.01429	0.01727	0.05818	0.06123	0.56661	0.15347	0.01277	0.00307	0.00407	0.03875	0.00583	0.00539
84	0.01933	0.02111	0.02458	0.03348	0.49608	0.24856	0.01813	0.02259	0.01648	0.02015	0.01190	0.01515	0.00999	0.00628	0.00645	0.00191	0.00930	0.00544	0.00337	0.00971
85	0.04771	0.04165	0.01066	0.00888	0.01072	0.04651	0.00610	0.01355	0.03029	0.01644	0.02028	0.05311	0.04042	0.44765	0.02227	0.00448	0.00631	0.02701	0.00422	0.14176
86	0.00852	0.00598	0.00768	0.00890	0.00921	0.00568	0.00576	0.00943	0.01218	0.01623	0.03354	0.60445	0.04004	0.18230	0.01412	0.00355	0.00446	0.01705	0.00576	0.00515
87	0.22077	0.09989	0.01955	0.06165	0.15400	0.13865	0.01268	0.06847	0.09032	0.02415	0.01279	0.01459	0.01020	0.00665	0.00561	0.00191	0.00748	0.00493	0.00412	0.04157
88	0.11659	0.02019	0.01658	0.01523	0.04934	0.26863	0.01136	0.18658	0.04670	0.06559	0.01860	0.07861	0.04600	0.00907	0.00643	0.00203	0.00814	0.02048	0.00513	0.00872
89	0.11585	0.01613	0.01947	0.02468	0.31763	0.11323	0.01428	0.06073	0.04243	0.04164	0.01560	0.06612	0.01396	0.02806	0.04859	0.00264	0.00816	0.02080	0.00421	0.02582
90	0.05362	0.20021	0.02508	0.01676	0.04820	0.17081	0.09944	0.16808	0.03550	0.06056	0.01328	0.01482	0.01039	0.00789	0.02563	0.00207	0.00885	0.00528	0.00438	0.02914

[dist]
# distance from previous block
# <min> <max>
1	27

[block]
# block no. 2 follows, 32 sequences, length 37
# corresponding to MSA columns:
# 162-198
name=unknown_C
#
# <colnr> <probs for GDERKNQSTAVLIFYWHMCP>
#	G	D	E	R	K	N	Q	S	T	A	V	L	I	F	Y	W	H	M	C	P
0	0.13799	0.04249	0.01664	0.01514	0.06950	0.17270	0.01091	0.17730	0.09625	0.02591	0.01629	0.06278	0.01432	0.08459	0.00896	0.00244	0.00753	0.00651	0.00489	0.02686
1	0.01528	0.11003	0.07861	0.01144	0.01556	0.04454	0.03192	0.01813	0.01538	0.11058	0.16874	0.05959	0.02542	0.10784	0.01000	0.00240	0.00608	0.00770	0.00509	0.15567
2	0.06059	0.01442	0.01608	0.01327	0.01757	0.01539	0.01082	0.33233	0.11225	0.10721	0.04395	0.05770	0.01876	0.01076	0.02488	0.00235	0.00654	0.07172	0.00648	0.05693
3	0.00893	0.00674	0.00838	0.00913	0.01056	0.00619	0.00698	0.01102	0.01516	0.01962	0.14925	0.27108	0.25797	0.01806	0.00843	0.00257	0.00417	0.17352	0.00639	0.00582
4	0.01067	0.00909	0.01269	0.04469	0.01429	0.00956	0.04883	0.01403	0.03924	0.02290	0.39165	0.04382	0.17997	0.01315	0.00982	0.00228	0.10959	0.01098	0.00607	0.00669
5	0.01468	0.01468	0.02055	0.01762	0.01762	0.02055	0.01468	0.01615	0.01028	0.01615	0.00881	0.01468	0.00881	0.01174	0.02202	0.00294	0.75191	0.00587	0.00294	0.00734
6	0.00944	0.00686	0.00890	0.00839	0.00999	0.00631	0.00629	0.01256	0.01887	0.02662	0.69726	0.05060	0.08503	0.01383	0.00791	0.00212	0.00317	0.01220	0.00735	0.00631
7	0.01974	0.01528	0.04148	0.01415	0.01943	0.01434	0.06933	0.29199	0.02157	0.09987	0.01773	0.09147	0.01465	0.00827	0.00651	0.00183	0.00660	0.00698	0.00565	0.23314
8	0.02164	0.32286	0.02535	0.01440	0.01909	0.28812	0.01216	0.12813	0.07165	0.02103	0.01213	0.01317	0.00996	0.00679	0.00551	0.00170	0.00889	0.00454	0.00398	0.00889
9	0.00824	0.00589	0.00785	0.00930	0.00975	0.00549	0.00623	0.00951	0.01316	0.01762	0.07126	0.72413	0.04533	0.02065	0.00853	0.00269	0.00386	0.01873	0.00629	0.00549
10	0.02021	0.01394	0.01555	0.01325	0.01742	0.01523	0.01050	0.11409	0.44849	0.17663	0.06034	0.02475	0.02071	0.00904	0.00685	0.00219	0.00554	0.00745	0.00715	0.01067
11	0.08375	0.12885	0.30721	0.01571	0.02276	0.01735	0.03895	0.12390	0.07318	0.10419	0.01494	0.01569	0.01078	0.00694	0.00608	0.00202	0.00797	0.00533	0.00448	0.00993
12	0.00818	0.00584	0.00779	0.00934	0.00973	0.00545	0.00623	0.00934	0.01285	0.01713	0.03698	0.75981	0.04438	0.02102	0.00856	0.00273	0.00389	0.01908	0.00623	0.00545
13	0.02637	0.01575	0.01911	0.01661	0.08721	0.01623	0.01243	0.38412	0.02535	0.29706	0.01966	0.01868	0.01328	0.00795	0.00672	0.00204	0.00681	0.00630	0.00698	0.01134
14	0.01735	0.09110	0.14599	0.10269	0.04823	0.07447	0.07012	0.02168	0.03735	0.10945	0.01466	0.01718	0.01117	0.00761	0.00852	0.00211	0.11822	0.00575	0.08763	0.00873
15	0.00994	0.00762	0.01004	0.01066	0.01146	0.00809	0.00793	0.03206	0.01339	0.01797	0.03306	0.43388	0.07604	0.06517	0.04819	0.00339	0.08442	0.11516	0.00562	0.00590
16	0.00842	0.00674	0.00754	0.00762	0.00950	0.00586	0.00567	0.01047	0.01596	0.02025	0.22465	0.13271	0.46957	0.01664	0.00803	0.00230	0.00347	0.03227	0.00651	0.00582
17	0.01794	0.76823	0.03516	0.01148	0.01722	0.02655	0.01148	0.02009	0.01363	0.01579	0.00933	0.01076	0.00861	0.00574	0.00431	0.00144	0.00718	0.00359	0.00287	0.00861
18	0.00793	0.00680	0.00680	0.00680	0.00906	0.00566	0.00510	0.00963	0.01529	0.01813	0.06797	0.06457	0.71961	0.01699	0.00793	0.00227	0.00340	0.01416	0.00623	0.00566
19	0.01730	0.01469	0.01595	0.05797	0.01950	0.01698	0.01131	0.09872	0.60276	0.02879	0.02530	0.02374	0.01891	0.00886	0.00681	0.00225	0.00573	0.00734	0.00659	0.01051
20	0.06080	0.01188	0.01863	0.55741	0.07945	0.01432	0.01657	0.01799	0.05544	0.01886	0.01478	0.07819	0.01252	0.00795	0.00671	0.00225	0.00803	0.00699	0.00357	0.00766
21	0.00816	0.00590	0.00773	0.00919	0.00969	0.00546	0.00616	0.00936	0.01299	0.01719	0.03881	0.71874	0.08427	0.02078	0.00853	0.00270	0.00386	0.01878	0.00623	0.00546
22	0.01267	0.01193	0.02013	0.74806	0.04621	0.01491	0.01863	0.01714	0.01342	0.01714	0.01193	0.01789	0.00894	0.00671	0.00671	0.00224	0.00894	0.00596	0.00298	0.00745
23	0.00793	0.00680	0.00680	0.00680	0.00906	0.00566	0.00510	0.00963	0.01529	0.01813	0.06797	0.06457	0.71961	0.01699	0.00793	0.00227	0.00340	0.01416	0.00623	0.00566
24	0.02551	0.01879	0.02014	0.01544	0.02081	0.02081	0.01275	0.69996	0.03155	0.04229	0.01611	0.01611	0.01141	0.00805	0.00671	0.00201	0.00738	0.00604	0.00671	0.01141
25	0.00818	0.00584	0.00779	0.00934	0.00973	0.00545	0.00623	0.00934	0.01285	0.01713	0.03698	0.75981	0.04438	0.02102	0.00856	0.00273	0.00389	0.01908	0.00623	0.00545
26	0.10107	0.02968	0.01817	0.01640	0.02000	0.64235	0.01241	0.04972	0.01872	0.01865	0.01047	0.01212	0.00861	0.00689	0.00589	0.00177	0.01127	0.00432	0.00364	0.00786
27	0.00950	0.00686	0.00897	0.00844	0.01002	0.00633	0.00633	0.01266	0.01899	0.02691	0.71879	0.05012	0.06331	0.01372	0.00791	0.00211	0.00317	0.01213	0.00739	0.00633
28	0.00959	0.00719	0.01078	0.01078	0.01198	0.00839	0.00839	0.01198	0.01078	0.01558	0.01797	0.02636	0.01677	0.05032	0.73760	0.01078	0.01797	0.00719	0.00359	0.00599
29	0.00827	0.00591	0.00789	0.00945	0.00988	0.00553	0.00639	0.00951	0.01294	0.01723	0.03693	0.73543	0.04417	0.02093	0.00859	0.00274	0.00397	0.04253	0.00623	0.00548
30	0.01166	0.01013	0.01432	0.01313	0.01370	0.01308	0.01041	0.01340	0.01046	0.01550	0.01465	0.02373	0.01447	0.11983	0.36479	0.00710	0.31299	0.00696	0.00338	0.00631
31	0.01774	0.73568	0.06596	0.01182	0.01775	0.02606	0.01207	0.02014	0.01366	0.01603	0.00945	0.01091	0.00861	0.00577	0.00440	0.00147	0.00730	0.00365	0.00287	0.00867
32	0.01024	0.00761	0.01087	0.01075	0.01203	0.00869	0.00826	0.04329	0.01181	0.01678	0.01918	0.07079	0.01854	0.07991	0.62744	0.00970	0.01611	0.00797	0.00392	0.00612
33	0.01517	0.07753	0.25898	0.02360	0.03098	0.01740	0.39880	0.02105	0.01487	0.02074	0.01254	0.01614	0.00946	0.00620	0.00787	0.00219	0.04758	0.00656	0.00315	0.00921
34	0.00844	0.00656	0.00731	0.00757	0.00902	0.00583	0.00529	0.00991	0.01431	0.01804	0.12319	0.20050	0.40220	0.13691	0.01225	0.00302	0.00397	0.01424	0.00601	0.00544
35	0.02091	0.04475	0.03660	0.05952	0.02103	0.27637	0.01258	0.15088	0.23899	0.02518	0.01717	0.01761	0.01312	0.00777	0.00638	0.00198	0.00847	0.00581	0.02552	0.00936
36	0.14614	0.18506	0.46494	0.01582	0.02391	0.01780	0.01910	0.02075	0.01360	0.02156	0.01103	0.01291	0.00832	0.00622	0.00557	0.00197	0.00856	0.00445	0.00306	0.00921

[dist]
# distance from previous block
# <min> <max>
0	2

[block]
# block no. 3 follows, 32 sequences, length 10
# corresponding to MSA columns:
# 201-210
name=unknown_D
#
# <colnr> <probs for GDERKNQSTAVLIFYWHMCP>
#	G	D	E	R	K	N	Q	S	T	A	V	L	I	F	Y	W	H	M	C	P
0	0.01403	0.09739	0.01770	0.05118	0.10257	0.01483	0.01148	0.02149	0.22403	0.02010	0.01854	0.02311	0.01589	0.07358	0.21348	0.00486	0.05625	0.00679	0.00442	0.00828
1	0.00972	0.00800	0.00856	0.00835	0.01052	0.00763	0.00618	0.01434	0.13198	0.02039	0.12967	0.10437	0.43427	0.06438	0.00950	0.00256	0.00393	0.01289	0.00632	0.00645
2	0.01846	0.26271	0.16793	0.01592	0.06919	0.08541	0.01445	0.07171	0.09782	0.06770	0.01465	0.01566	0.01135	0.00684	0.00570	0.00183	0.00771	0.00511	0.05043	0.00942
3	0.00863	0.00651	0.00798	0.00828	0.00966	0.00586	0.00596	0.01073	0.01595	0.02127	0.31506	0.28688	0.23873	0.01702	0.00813	0.00235	0.00347	0.01497	0.00669	0.00586
4	0.10508	0.01253	0.01383	0.01030	0.01590	0.01068	0.00827	0.05130	0.05701	0.02416	0.01277	0.01436	0.01035	0.00551	0.00507	0.00124	0.00513	0.00426	0.00430	0.62792
5	0.01493	0.28054	0.21291	0.03320	0.04369	0.01846	0.06671	0.04153	0.01444	0.01906	0.01782	0.01988	0.08991	0.00992	0.04434	0.00240	0.05220	0.00601	0.00347	0.00858
6	0.03616	0.05542	0.22920	0.04151	0.02261	0.09537	0.07283	0.05673	0.05606	0.03881	0.01365	0.01640	0.01070	0.01079	0.05959	0.05890	0.00917	0.00543	0.00377	0.10692
7	0.01322	0.01126	0.01502	0.01446	0.05630	0.04848	0.04974	0.09169	0.01411	0.01924	0.01768	0.06920	0.01693	0.10512	0.37036	0.00688	0.06142	0.00778	0.00408	0.00701
8	0.10239	0.01032	0.01461	0.05906	0.04287	0.01113	0.08436	0.01633	0.08386	0.01988	0.06067	0.13378	0.02259	0.16683	0.11222	0.00432	0.03410	0.00927	0.00459	0.00681
9	0.17075	0.09473	0.13688	0.01365	0.01846	0.10848	0.02682	0.11739	0.06678	0.02516	0.05862	0.10080	0.01701	0.00888	0.00615	0.00206	0.00725	0.00693	0.00469	0.00852

[dist]
# distance from previous block
# <min> <max>
0	1

[block]
# block no. 4 follows, 32 sequences, length 71
# corresponding to MSA columns:
# 212-282
name=unknown_E
#
# <colnr> <probs for GDERKNQSTAVLIFYWHMCP>
#	G	D	E	R	K	N	Q	S	T	A	V	L	I	F	Y	W	H	M	C	P
0	0.01626	0.04380	0.02061	0.44216	0.08519	0.05466	0.01633	0.15217	0.01749	0.02252	0.01409	0.01797	0.02831	0.00711	0.00655	0.00208	0.00839	0.00595	0.00388	0.03448
1	0.06465	0.00917	0.01157	0.06205	0.07612	0.03257	0.00895	0.01307	0.01341	0.01899	0.02782	0.46942	0.03165	0.01556	0.00755	0.00239	0.00514	0.03730	0.00529	0.08734
2	0.08925	0.01713	0.01695	0.01495	0.04558	0.08822	0.01142	0.22355	0.30441	0.05346	0.01955	0.01905	0.01456	0.00800	0.00639	0.00205	0.00667	0.00622	0.00601	0.04657
3	0.02004	0.09145	0.05869	0.01386	0.01924	0.09037	0.04266	0.17373	0.06731	0.10898	0.04368	0.01738	0.01359	0.00707	0.00607	0.00172	0.00707	0.00557	0.00518	0.20636
4	0.03116	0.00780	0.00854	0.00921	0.01042	0.03581	0.00648	0.01185	0.04201	0.01855	0.08612	0.41735	0.17392	0.07418	0.01006	0.00281	0.00444	0.03748	0.00600	0.00582
5	0.26310	0.01438	0.04235	0.01188	0.01703	0.01390	0.01014	0.16808	0.01891	0.29741	0.01758	0.01688	0.01193	0.00733	0.00582	0.00199	0.00602	0.00540	0.00621	0.06366
6	0.01756	0.01789	0.01879	0.07749	0.14360	0.20586	0.03971	0.06713	0.05930	0.03754	0.04066	0.02533	0.11077	0.01047	0.03068	0.00238	0.05871	0.02330	0.00446	0.00835
7	0.01363	0.01291	0.02186	0.57565	0.21113	0.01516	0.01911	0.01798	0.01387	0.01831	0.01210	0.01758	0.00936	0.00653	0.00669	0.00218	0.00871	0.00597	0.00306	0.00823
8	0.01537	0.01773	0.07262	0.02834	0.15652	0.01613	0.46431	0.02051	0.01563	0.02171	0.06070	0.01964	0.01370	0.00654	0.00817	0.00222	0.03982	0.00761	0.00360	0.00913
9	0.00959	0.00719	0.01078	0.01078	0.01198	0.00839	0.00839	0.01198	0.01078	0.01558	0.01797	0.02636	0.01677	0.05032	0.73760	0.01078	0.01797	0.00719	0.00359	0.00599
10	0.01297	0.01223	0.02066	0.69463	0.09732	0.01499	0.01878	0.01740	0.01356	0.01750	0.01198	0.01779	0.00907	0.00665	0.00670	0.00222	0.00887	0.00596	0.00301	0.00769
11	0.01584	0.01810	0.03959	0.02828	0.03507	0.01697	0.69796	0.02149	0.01584	0.02149	0.01357	0.01810	0.01018	0.00566	0.00792	0.00226	0.01131	0.00792	0.00339	0.00905
12	0.00817	0.00588	0.00775	0.00924	0.00971	0.00546	0.00618	0.00935	0.01295	0.01717	0.03824	0.73170	0.07168	0.02086	0.00854	0.00271	0.00387	0.01888	0.00623	0.00546
13	0.00914	0.00700	0.00759	0.00733	0.00958	0.00597	0.00554	0.01117	0.01619	0.04868	0.19637	0.05999	0.55987	0.01599	0.00788	0.00223	0.00345	0.01345	0.00655	0.00603
14	0.00976	0.00651	0.00732	0.00732	0.00732	0.00651	0.00407	0.00976	0.00976	0.01301	0.02114	0.04391	0.02439	0.76419	0.03415	0.00651	0.00651	0.00976	0.00407	0.00407
15	0.01794	0.76823	0.03516	0.01148	0.01722	0.02655	0.01148	0.02009	0.01363	0.01579	0.00933	0.01076	0.00861	0.00574	0.00431	0.00144	0.00718	0.00359	0.00287	0.00861
16	0.01638	0.01571	0.02683	0.08150	0.68377	0.01588	0.02048	0.02040	0.01517	0.02165	0.01258	0.01668	0.01053	0.00602	0.00665	0.00201	0.00803	0.00598	0.00330	0.01045
17	0.00818	0.00686	0.00714	0.00723	0.00942	0.00583	0.00552	0.01002	0.01543	0.01855	0.08762	0.06484	0.65165	0.01699	0.00802	0.00232	0.00358	0.05882	0.00627	0.00572
18	0.00975	0.00653	0.00745	0.00745	0.00749	0.00657	0.00422	0.00984	0.00980	0.01310	0.02103	0.04327	0.02412	0.73807	0.05989	0.00666	0.00692	0.00966	0.00405	0.00414
19	0.01651	0.01626	0.02665	0.11381	0.59549	0.04504	0.04728	0.02052	0.01526	0.02118	0.01250	0.01662	0.01035	0.00608	0.00668	0.00202	0.00837	0.00599	0.00329	0.01012
20	0.01384	0.01312	0.02224	0.53793	0.24720	0.01522	0.01922	0.01817	0.01397	0.01856	0.01213	0.01751	0.00945	0.00649	0.00669	0.00216	0.00866	0.00597	0.00308	0.00840
21	0.00816	0.00591	0.00772	0.00917	0.00969	0.00546	0.00615	0.00936	0.01302	0.01720	0.03912	0.71192	0.09089	0.02074	0.00852	0.00269	0.00386	0.01874	0.00623	0.00546
22	0.01578	0.01651	0.07801	0.19622	0.19470	0.01589	0.16412	0.09229	0.07019	0.02327	0.03393	0.04053	0.01324	0.00722	0.00703	0.00217	0.00855	0.00700	0.00404	0.00930
23	0.01349	0.01148	0.01203	0.01200	0.04159	0.07632	0.00871	0.08399	0.07047	0.04372	0.08309	0.18859	0.22198	0.01573	0.03752	0.00265	0.02602	0.03743	0.00590	0.00727
24	0.01446	0.23122	0.41128	0.01657	0.02398	0.01812	0.04989	0.01984	0.01362	0.01902	0.01183	0.01463	0.00943	0.01069	0.07844	0.00282	0.03717	0.00497	0.00295	0.00904
25	0.19008	0.01238	0.01480	0.01160	0.01660	0.01188	0.00958	0.08806	0.01868	0.52443	0.02206	0.01980	0.01424	0.00786	0.00621	0.00207	0.00575	0.00605	0.00731	0.01057
26	0.01187	0.00959	0.01133	0.00954	0.01317	0.00811	0.00739	0.03943	0.03219	0.02258	0.16426	0.12952	0.11802	0.01114	0.00669	0.00176	0.00441	0.03610	0.00550	0.35738
27	0.01632	0.01611	0.05505	0.09769	0.23040	0.06743	0.12407	0.03961	0.07689	0.06103	0.01918	0.10022	0.03282	0.00873	0.00712	0.00219	0.00803	0.02360	0.00442	0.00910
28	0.01663	0.01530	0.01534	0.01360	0.01609	0.12023	0.01075	0.08828	0.20562	0.02331	0.03794	0.02272	0.04776	0.01331	0.07632	0.00299	0.16077	0.00683	0.09786	0.00834
29	0.01533	0.02864	0.52032	0.01791	0.02663	0.01471	0.06191	0.05248	0.01537	0.06991	0.01328	0.01505	0.00946	0.00637	0.00634	0.00199	0.00900	0.00519	0.00355	0.10656
30	0.00870	0.00650	0.00875	0.01000	0.01040	0.00655	0.00695	0.00995	0.01276	0.01716	0.03503	0.68659	0.04179	0.02031	0.00950	0.00275	0.05443	0.04026	0.00600	0.00560
31	0.00877	0.00676	0.00801	0.00784	0.00961	0.00600	0.00582	0.01121	0.01707	0.02268	0.40820	0.10486	0.32785	0.01555	0.00797	0.00222	0.00331	0.01343	0.00684	0.00600
32	0.00976	0.00651	0.00732	0.00732	0.00732	0.00651	0.00407	0.00976	0.00976	0.01301	0.02114	0.04391	0.02439	0.76419	0.03415	0.00651	0.00651	0.00976	0.00407	0.00407
33	0.01584	0.01810	0.03959	0.02828	0.03507	0.01697	0.69796	0.02149	0.01584	0.02149	0.01357	0.01810	0.01018	0.00566	0.00792	0.00226	0.01131	0.00792	0.00339	0.00905
34	0.01553	0.01484	0.02529	0.23474	0.53720	0.01566	0.02006	0.01965	0.01477	0.02061	0.01243	0.01696	0.01017	0.00618	0.00666	0.00206	0.00824	0.00597	0.00323	0.00976
35	0.01353	0.01152	0.01350	0.00990	0.01549	0.00871	0.00783	0.01639	0.01384	0.02154	0.01362	0.06423	0.01226	0.00605	0.00521	0.00111	0.00490	0.00499	0.00413	0.75126
36	0.81159	0.01298	0.00986	0.00882	0.01298	0.01505	0.00727	0.01972	0.01142	0.03010	0.00934	0.01090	0.00727	0.00623	0.00415	0.00208	0.00519	0.00363	0.00415	0.00727
37	0.02501	0.01972	0.01947	0.01538	0.02041	0.10360	0.01251	0.54689	0.07809	0.06607	0.01666	0.01655	0.01195	0.00801	0.00664	0.00200	0.00772	0.00598	0.00641	0.01093
38	0.00960	0.00714	0.01055	0.01055	0.01167	0.00826	0.00810	0.01183	0.01071	0.01540	0.01819	0.02754	0.01729	0.09848	0.69014	0.01049	0.01720	0.00736	0.00363	0.00586
39	0.01620	0.01604	0.02887	0.08766	0.55767	0.01605	0.13684	0.02051	0.01525	0.02152	0.01274	0.01695	0.01044	0.00597	0.00687	0.00206	0.00861	0.00631	0.00331	0.01014
40	0.01605	0.01537	0.02622	0.14198	0.62592	0.01580	0.02031	0.02010	0.01501	0.02124	0.01252	0.01679	0.01039	0.00608	0.00665	0.00203	0.00811	0.00598	0.00327	0.01018
41	0.00931	0.00685	0.00871	0.00825	0.00991	0.00625	0.00619	0.01230	0.01856	0.02587	0.64209	0.05182	0.14066	0.01410	0.00792	0.00213	0.00319	0.01237	0.00725	0.00625
42	0.02506	0.03198	0.01901	0.01729	0.02074	0.73725	0.01296	0.02679	0.01901	0.01642	0.01037	0.01210	0.00864	0.00691	0.00605	0.00173	0.01210	0.00432	0.00346	0.00778
43	0.00793	0.00680	0.00680	0.00680	0.00906	0.00566	0.00510	0.00963	0.01529	0.01813	0.06797	0.06457	0.71961	0.01699	0.00793	0.00227	0.00340	0.01416	0.00623	0.00566
44	0.00873	0.00607	0.00762	0.00864	0.00889	0.00582	0.00547	0.00949	0.01177	0.01569	0.03146	0.51012	0.03741	0.28023	0.01749	0.00404	0.00480	0.01583	0.00547	0.00497
45	0.00818	0.00584	0.00779	0.00934	0.00973	0.00545	0.00623	0.00934	0.01285	0.01713	0.03698	0.75981	0.04438	0.02102	0.00856	0.00273	0.00389	0.01908	0.00623	0.00545
46	0.15440	0.57468	0.06189	0.01153	0.01718	0.02384	0.01142	0.04757	0.01400	0.01957	0.00973	0.01116	0.00849	0.00595	0.00447	0.00160	0.00697	0.00376	0.00324	0.00855
47	0.00959	0.00703	0.00809	0.00771	0.00983	0.00613	0.00582	0.01193	0.01700	0.05410	0.33425	0.05671	0.41710	0.01525	0.00787	0.00219	0.00341	0.01299	0.00680	0.00620
48	0.00813	0.00684	0.00707	0.00712	0.00932	0.00579	0.00541	0.00995	0.01545	0.01857	0.09293	0.06449	0.66187	0.01693	0.00799	0.00230	0.00352	0.04434	0.00628	0.00571
49	0.01634	0.07853	0.46856	0.04858	0.10813	0.04470	0.02110	0.02238	0.01496	0.09590	0.01339	0.01521	0.00964	0.00653	0.00631	0.00205	0.00911	0.00519	0.00351	0.00989
50	0.01267	0.01193	0.02013	0.74806	0.04621	0.01491	0.01863	0.01714	0.01342	0.01714	0.01193	0.01789	0.00894	0.00671	0.00671	0.00224	0.00894	0.00596	0.00298	0.00745
51	0.02426	0.02972	0.01917	0.06646	0.02247	0.63910	0.01333	0.07258	0.01950	0.01825	0.01087	0.01277	0.00885	0.00698	0.00614	0.00178	0.01156	0.00455	0.00365	0.00801
52	0.02441	0.03090	0.01911	0.01731	0.02055	0.69236	0.01307	0.02613	0.01847	0.01640	0.01027	0.01226	0.00865	0.00722	0.00705	0.00180	0.05844	0.00442	0.00342	0.00775
53	0.00959	0.00719	0.01078	0.01078	0.01198	0.00839	0.00839	0.01198	0.01078	0.01558	0.01797	0.02636	0.01677	0.05032	0.73760	0.01078	0.01797	0.00719	0.00359	0.00599
54	0.00842	0.00682	0.00747	0.00731	0.00936	0.00587	0.00548	0.01057	0.01644	0.02086	0.27046	0.06008	0.51542	0.01597	0.00793	0.00222	0.00333	0.01353	0.00659	0.00587
55	0.01794	0.76823	0.03516	0.01148	0.01722	0.02655	0.01148	0.02009	0.01363	0.01579	0.00933	0.01076	0.00861	0.00574	0.00431	0.00144	0.00718	0.00359	0.00287	0.00861
56	0.00816	0.00591	0.00772	0.00917	0.00969	0.00546	0.00615	0.00936	0.01302	0.01720	0.03912	0.71192	0.09089	0.02074	0.00852	0.00269	0.00386	0.01874	0.00623	0.00546
57	0.02551	0.01879	0.02014	0.01544	0.02081	0.02081	0.01275	0.69996	0.03155	0.04229	0.01611	0.01611	0.01141	0.00805	0.00671	0.00201	0.00738	0.00604	0.00671	0.01141
58	0.01576	0.01787	0.03833	0.02758	0.03391	0.01721	0.65282	0.02114	0.01547	0.02114	0.01326	0.01787	0.01009	0.00606	0.00885	0.00231	0.06024	0.00778	0.00336	0.00894
59	0.01166	0.00583	0.00874	0.00874	0.00874	0.00583	0.00583	0.00874	0.00874	0.01166	0.01166	0.02040	0.01166	0.02331	0.02622	0.80478	0.00583	0.00583	0.00291	0.00291
