[name]
unknown

[dist]
# distance from previous block
# <min> <max>
0	11

[block]
# block no. 0 follows, 34 sequences, length 23
# corresponding to MSA columns:
# 11-33
name=unknown_A
#
# <colnr> <probs for GDERKNQSTAVLIFYWHMCP>
#	G	D	E	R	K	N	Q	S	T	A	V	L	I	F	Y	W	H	M	C	P
0	0.01131	0.00710	0.00810	0.00811	0.00981	0.00708	0.00631	0.03406	0.05176	0.02354	0.16207	0.07779	0.07313	0.01144	0.00632	0.00197	0.00373	0.10976	0.38031	0.00631
1	0.01816	0.01766	0.02351	0.06641	0.48015	0.11748	0.01739	0.11897	0.03683	0.02310	0.01269	0.01560	0.01026	0.00628	0.00633	0.00191	0.00812	0.00559	0.00376	0.00982
2	0.00847	0.00652	0.00774	0.00757	0.00927	0.00579	0.00562	0.01084	0.01650	0.02197	0.42319	0.10135	0.32199	0.01491	0.00767	0.00213	0.00318	0.01289	0.00660	0.00579
3	0.00786	0.00566	0.00746	0.00889	0.00934	0.00526	0.00595	0.00901	0.01247	0.01654	0.03690	0.73819	0.07242	0.02008	0.00822	0.00260	0.00373	0.01816	0.00600	0.00526
4	0.00863	0.00655	0.00794	0.00768	0.00936	0.00586	0.00573	0.01116	0.01694	0.02291	0.49520	0.08242	0.26711	0.01448	0.00765	0.00210	0.00315	0.01257	0.00672	0.00586
5	0.00787	0.00562	0.00750	0.00900	0.00937	0.00525	0.00600	0.00900	0.01237	0.01649	0.03561	0.76871	0.04274	0.02024	0.00825	0.00262	0.00375	0.01837	0.00600	0.00525
6	0.81856	0.01250	0.00950	0.00850	0.01250	0.01449	0.00700	0.01899	0.01100	0.02899	0.00900	0.01050	0.00700	0.00600	0.00400	0.00200	0.00500	0.00350	0.00400	0.00700
7	0.02899	0.01100	0.01499	0.01150	0.01649	0.00950	0.00950	0.03149	0.01849	0.73709	0.02549	0.02199	0.01599	0.00800	0.00650	0.00200	0.00550	0.00650	0.00800	0.01100
8	0.81856	0.01250	0.00950	0.00850	0.01250	0.01449	0.00700	0.01899	0.01100	0.02899	0.00900	0.01050	0.00700	0.00600	0.00400	0.00200	0.00500	0.00350	0.00400	0.00700
9	0.81856	0.01250	0.00950	0.00850	0.01250	0.01449	0.00700	0.01899	0.01100	0.02899	0.00900	0.01050	0.00700	0.00600	0.00400	0.00200	0.00500	0.00350	0.00400	0.00700
10	0.00787	0.00562	0.00750	0.00900	0.00937	0.00525	0.00600	0.00900	0.01237	0.01649	0.03561	0.76871	0.04274	0.02024	0.00825	0.00262	0.00375	0.01837	0.00600	0.00525
11	0.81856	0.01250	0.00950	0.00850	0.01250	0.01449	0.00700	0.01899	0.01100	0.02899	0.00900	0.01050	0.00700	0.00600	0.00400	0.00200	0.00500	0.00350	0.00400	0.00700
12	0.01281	0.00676	0.00684	0.00656	0.00829	0.00688	0.00499	0.05759	0.01458	0.02511	0.02074	0.02356	0.01622	0.00754	0.00464	0.00153	0.00326	0.00601	0.75976	0.00633
13	0.01296	0.03342	0.73944	0.01842	0.02797	0.01501	0.02387	0.02046	0.01364	0.02046	0.01160	0.01364	0.00818	0.00614	0.00614	0.00205	0.00955	0.00477	0.00273	0.00955
14	0.00799	0.00639	0.00719	0.00760	0.00926	0.00558	0.00562	0.00971	0.01446	0.01802	0.10899	0.23043	0.46791	0.01714	0.00786	0.00233	0.00354	0.05841	0.00608	0.00549
15	0.00805	0.00582	0.00762	0.00874	0.00938	0.00539	0.00596	0.00949	0.01338	0.01797	0.14213	0.62487	0.07928	0.01899	0.00812	0.00251	0.00362	0.01712	0.00617	0.00539
16	0.01599	0.01535	0.02623	0.03966	0.73262	0.01535	0.01983	0.01983	0.01471	0.02111	0.01215	0.01599	0.01023	0.00576	0.00640	0.00192	0.00768	0.00576	0.00320	0.01023
17	0.02313	0.05833	0.01858	0.01611	0.01955	0.65201	0.01222	0.02633	0.08237	0.01682	0.01144	0.01274	0.00936	0.00681	0.00583	0.00170	0.01087	0.00442	0.00360	0.00777
18	0.00927	0.00598	0.00799	0.00916	0.00984	0.00553	0.00623	0.01048	0.01278	0.06414	0.03494	0.71934	0.04097	0.01943	0.00813	0.00258	0.00386	0.01758	0.00613	0.00563
19	0.02175	0.01045	0.01333	0.01098	0.01491	0.00989	0.00882	0.02707	0.14280	0.43588	0.12209	0.02852	0.06634	0.01133	0.04315	0.00246	0.00555	0.00779	0.00728	0.00961
20	0.01016	0.00773	0.01117	0.03616	0.01405	0.00749	0.03799	0.01277	0.01421	0.01895	0.07281	0.22299	0.03573	0.03806	0.00899	0.00275	0.00550	0.38169	0.00563	0.05518
21	0.01091	0.00867	0.01279	0.01185	0.01371	0.00877	0.09140	0.04645	0.04456	0.01966	0.04855	0.31810	0.06435	0.04054	0.05504	0.00303	0.02949	0.09108	0.07468	0.00638
22	0.29877	0.04379	0.01791	0.03347	0.04141	0.22334	0.09576	0.06369	0.01550	0.02340	0.05795	0.01491	0.01176	0.00683	0.00593	0.00193	0.02695	0.00506	0.00395	0.00769

[dist]
# distance from previous block
# <min> <max>
0	16

[block]
# block no. 1 follows, 34 sequences, length 43
# corresponding to MSA columns:
# 50-92
name=unknown_B
#
# <colnr> <probs for GDERKNQSTAVLIFYWHMCP>
#	G	D	E	R	K	N	Q	S	T	A	V	L	I	F	Y	W	H	M	C	P
0	0.00869	0.00653	0.00802	0.00793	0.00948	0.00591	0.00591	0.01111	0.01644	0.02219	0.44156	0.11908	0.23571	0.03254	0.00833	0.00227	0.00337	0.04256	0.00659	0.00579
1	0.01689	0.01504	0.01883	0.09507	0.20405	0.05885	0.01312	0.15602	0.03677	0.02435	0.01277	0.01506	0.01013	0.00602	0.00582	0.00160	0.00681	0.00503	0.00414	0.29365
2	0.01501	0.02308	0.31452	0.01907	0.05337	0.04832	0.14699	0.06809	0.12336	0.02266	0.04637	0.03618	0.01371	0.00735	0.00711	0.00210	0.03308	0.00644	0.00399	0.00919
3	0.00798	0.00643	0.00710	0.00720	0.00900	0.00556	0.00530	0.00983	0.01514	0.01906	0.19726	0.15390	0.50114	0.01624	0.00772	0.00221	0.00329	0.01387	0.00623	0.00556
4	0.01429	0.04003	0.01935	0.01606	0.01670	0.01914	0.01335	0.01761	0.08757	0.01712	0.03378	0.01620	0.01140	0.01090	0.01859	0.00268	0.62849	0.00595	0.00337	0.00742
5	0.00836	0.00651	0.00760	0.00746	0.00921	0.00574	0.00554	0.01063	0.01624	0.02137	0.37597	0.10382	0.36808	0.01514	0.00767	0.00214	0.00320	0.01304	0.00652	0.00574
6	0.00861	0.00658	0.00789	0.00757	0.00932	0.00587	0.00568	0.01116	0.01703	0.02291	0.49362	0.05320	0.29843	0.01433	0.00763	0.00209	0.00313	0.01238	0.00672	0.00587
7	0.01727	0.77681	0.03386	0.01106	0.01658	0.02557	0.01106	0.01935	0.01313	0.01520	0.00898	0.01036	0.00829	0.00553	0.00415	0.00138	0.00691	0.00345	0.00276	0.00829
8	0.00973	0.00697	0.00932	0.01046	0.01163	0.00688	0.00852	0.01195	0.01364	0.01777	0.03396	0.15613	0.07997	0.12365	0.03515	0.00357	0.00589	0.44368	0.00560	0.00554
9	0.01727	0.77681	0.03386	0.01106	0.01658	0.02557	0.01106	0.01935	0.01313	0.01520	0.00898	0.01036	0.00829	0.00553	0.00415	0.00138	0.00691	0.00345	0.00276	0.00829
10	0.01576	0.01371	0.01511	0.01472	0.06533	0.01563	0.01069	0.03243	0.64700	0.02628	0.02676	0.02494	0.04500	0.00884	0.00660	0.00217	0.00522	0.00743	0.00632	0.01005
11	0.00778	0.00655	0.00675	0.00670	0.00882	0.00552	0.00503	0.00956	0.01508	0.01828	0.13048	0.06082	0.66445	0.01605	0.00763	0.00217	0.00325	0.01345	0.00611	0.00552
12	0.01296	0.03342	0.73944	0.01842	0.02797	0.01501	0.02387	0.02046	0.01364	0.02046	0.01160	0.01364	0.00818	0.00614	0.00614	0.00205	0.00955	0.00477	0.00273	0.00955
13	0.00787	0.00562	0.00750	0.00900	0.00937	0.00525	0.00600	0.00900	0.01237	0.01649	0.03561	0.76871	0.04274	0.02024	0.00825	0.00262	0.00375	0.01837	0.00600	0.00525
14	0.01743	0.01456	0.01538	0.01342	0.01732	0.01671	0.01056	0.14290	0.61016	0.02923	0.02457	0.02273	0.01832	0.00860	0.00656	0.00215	0.00543	0.00707	0.00656	0.01035
15	0.02414	0.03079	0.01831	0.01665	0.01998	0.74698	0.01248	0.02580	0.01831	0.01581	0.00999	0.01165	0.00832	0.00666	0.00583	0.00166	0.01165	0.00416	0.00333	0.00749
16	0.00787	0.00562	0.00750	0.00900	0.00937	0.00525	0.00600	0.00900	0.01237	0.01649	0.03561	0.76871	0.04274	0.02024	0.00825	0.00262	0.00375	0.01837	0.00600	0.00525
17	0.02414	0.03079	0.01831	0.01665	0.01998	0.74698	0.01248	0.02580	0.01831	0.01581	0.00999	0.01165	0.00832	0.00666	0.00583	0.00166	0.01165	0.00416	0.00333	0.00749
18	0.01220	0.01148	0.01938	0.75739	0.04450	0.01436	0.01794	0.01651	0.01292	0.01651	0.01148	0.01723	0.00861	0.00646	0.00646	0.00215	0.00861	0.00574	0.00287	0.00718
19	0.01525	0.01743	0.03813	0.02723	0.03377	0.01634	0.70915	0.02070	0.01525	0.02070	0.01307	0.01743	0.00980	0.00545	0.00763	0.00218	0.01089	0.00763	0.00327	0.00871
20	0.00933	0.00624	0.00707	0.00713	0.00715	0.00622	0.00401	0.00938	0.00953	0.01270	0.02103	0.07423	0.02434	0.73982	0.03180	0.00610	0.00615	0.00979	0.00401	0.00397
21	0.00798	0.00570	0.00762	0.00911	0.00953	0.00534	0.00618	0.00917	0.01247	0.01661	0.03556	0.74053	0.04251	0.02015	0.00827	0.00264	0.00384	0.04553	0.00600	0.00528
22	0.00940	0.00626	0.00705	0.00705	0.00705	0.00626	0.00392	0.00940	0.00940	0.01253	0.02036	0.04228	0.02349	0.77292	0.03289	0.00626	0.00626	0.00940	0.00392	0.00392
23	0.01621	0.01674	0.06762	0.25429	0.09175	0.09147	0.03542	0.10382	0.14319	0.02213	0.01462	0.01730	0.01121	0.00729	0.00737	0.00209	0.05908	0.00586	0.02387	0.00866
24	0.01466	0.33803	0.33721	0.01429	0.02106	0.01881	0.01621	0.02036	0.07176	0.01855	0.01337	0.06465	0.01154	0.00706	0.00549	0.00182	0.00769	0.00536	0.00328	0.00879
25	0.01976	0.07384	0.08527	0.05972	0.11923	0.17874	0.10567	0.06388	0.05760	0.13426	0.01473	0.01627	0.01098	0.00755	0.02251	0.00210	0.00883	0.00563	0.00430	0.00912
26	0.01727	0.77681	0.03386	0.01106	0.01658	0.02557	0.01106	0.01935	0.01313	0.01520	0.00898	0.01036	0.00829	0.00553	0.00415	0.00138	0.00691	0.00345	0.00276	0.00829
27	0.00776	0.00655	0.00671	0.00667	0.00880	0.00551	0.00500	0.00951	0.01501	0.01813	0.11853	0.06107	0.67650	0.01611	0.00764	0.00217	0.00325	0.01348	0.00609	0.00551
28	0.77311	0.03375	0.01042	0.00881	0.01283	0.03669	0.00727	0.01921	0.01127	0.02822	0.00903	0.01053	0.00707	0.00600	0.00406	0.00197	0.00525	0.00352	0.00395	0.00705
29	0.01563	0.01620	0.07365	0.09834	0.46066	0.01558	0.06614	0.06740	0.01526	0.02153	0.01286	0.03897	0.01087	0.00673	0.00739	0.00204	0.05159	0.00620	0.00343	0.00952
30	0.01458	0.01117	0.01345	0.01031	0.01509	0.00957	0.00826	0.07719	0.01464	0.06704	0.01383	0.01640	0.01135	0.01352	0.14558	0.00289	0.00740	0.00476	0.00425	0.53874
31	0.01599	0.01535	0.02623	0.03966	0.73262	0.01535	0.01983	0.01983	0.01471	0.02111	0.01215	0.01599	0.01023	0.00576	0.00640	0.00192	0.00768	0.00576	0.00320	0.01023
32	0.02771	0.01175	0.01533	0.01181	0.01670	0.01072	0.00973	0.11781	0.02001	0.62234	0.04953	0.02211	0.01697	0.00815	0.00653	0.00199	0.00562	0.00660	0.00777	0.01082
33	0.01366	0.03204	0.15848	0.01491	0.01961	0.03654	0.13179	0.05435	0.10004	0.04143	0.07304	0.10415	0.12917	0.01009	0.00730	0.00212	0.02535	0.00887	0.00482	0.03225
34	0.01075	0.00768	0.00956	0.00883	0.01078	0.00745	0.00670	0.01561	0.10546	0.05423	0.58948	0.04472	0.07846	0.01256	0.00745	0.00206	0.00341	0.01100	0.00704	0.00678
35	0.02753	0.01069	0.01442	0.01116	0.01596	0.00922	0.00918	0.02997	0.01824	0.68801	0.02822	0.02473	0.06470	0.00857	0.00658	0.00201	0.00535	0.00698	0.00786	0.01062
36	0.02642	0.01092	0.01477	0.01207	0.03760	0.00966	0.00952	0.05129	0.01862	0.62160	0.07202	0.02469	0.04309	0.00855	0.00661	0.00200	0.00538	0.00704	0.00768	0.01046
37	0.01678	0.09734	0.09212	0.17777	0.16426	0.03963	0.12215	0.10585	0.03490	0.05319	0.01300	0.01590	0.00993	0.00643	0.00663	0.00199	0.02356	0.00573	0.00375	0.00907
38	0.01179	0.00820	0.01136	0.03244	0.01326	0.03105	0.00864	0.01415	0.01153	0.08868	0.01775	0.02438	0.01568	0.04183	0.62750	0.00902	0.01568	0.00676	0.00390	0.00640
39	0.00806	0.00648	0.00688	0.00687	0.00862	0.00563	0.00494	0.00961	0.01431	0.01769	0.13238	0.08106	0.53479	0.12098	0.01115	0.00275	0.00368	0.01299	0.00584	0.00531
40	0.04266	0.08015	0.04339	0.04150	0.06720	0.50834	0.01332	0.06519	0.01758	0.01812	0.01041	0.01239	0.00858	0.00673	0.00638	0.00176	0.04046	0.00443	0.00343	0.00797
41	0.06424	0.05861	0.13890	0.15440	0.07305	0.12260	0.06280	0.16304	0.05929	0.02390	0.01287	0.01508	0.00972	0.00665	0.00614	0.00196	0.00849	0.00535	0.00398	0.00893
42	0.01251	0.01129	0.05865	0.21174	0.11950	0.01136	0.01297	0.01475	0.01226	0.04524	0.01723	0.14895	0.01715	0.06400	0.01256	0.11163	0.07908	0.02862	0.00380	0.00670

[dist]
# distance from previous block
# <min> <max>
1	13

[block]
# block no. 2 follows, 34 sequences, length 89
# corresponding to MSA columns:
# 106-194
name=unknown_C
#
# <colnr> <probs for GDERKNQSTAVLIFYWHMCP>
#	G	D	E	R	K	N	Q	S	T	A	V	L	I	F	Y	W	H	M	C	P
0	0.00991	0.00768	0.00951	0.00958	0.03023	0.00749	0.00686	0.01458	0.11071	0.02367	0.44476	0.13833	0.13447	0.01371	0.00753	0.00214	0.00357	0.01204	0.00665	0.00657
1	0.01441	0.01476	0.04564	0.16696	0.14913	0.08225	0.08319	0.04605	0.03570	0.01950	0.03641	0.06182	0.04949	0.05317	0.00913	0.00231	0.05908	0.00718	0.02445	0.03938
2	0.00979	0.00672	0.00845	0.00810	0.00981	0.00606	0.00604	0.01232	0.01695	0.06192	0.48508	0.12948	0.18639	0.01432	0.00763	0.00213	0.00330	0.01252	0.00682	0.00614
3	0.01176	0.01288	0.10386	0.01142	0.01479	0.03301	0.03695	0.01880	0.18140	0.02386	0.33678	0.03769	0.12823	0.01118	0.00713	0.00209	0.00496	0.00965	0.00602	0.00756
4	0.04559	0.01205	0.01429	0.01061	0.01588	0.01032	0.00861	0.07374	0.01549	0.16130	0.01431	0.01516	0.01079	0.00594	0.00586	0.00135	0.03479	0.00456	0.00481	0.53456
5	0.01219	0.01134	0.01583	0.01422	0.01447	0.01507	0.01145	0.01367	0.01057	0.01581	0.03579	0.13228	0.01687	0.04760	0.11693	0.00392	0.49389	0.00808	0.00356	0.00646
6	0.01144	0.01007	0.00981	0.00924	0.01078	0.10932	0.00677	0.01372	0.01612	0.02142	0.41256	0.04035	0.08268	0.12135	0.03508	0.00285	0.02299	0.00984	0.04767	0.00595
7	0.12398	0.01450	0.04915	0.07600	0.06926	0.01395	0.31980	0.01960	0.06169	0.02206	0.01758	0.02141	0.05369	0.00703	0.00658	0.00209	0.00795	0.02463	0.08099	0.00807
8	0.01727	0.77681	0.03386	0.01106	0.01658	0.02557	0.01106	0.01935	0.01313	0.01520	0.00898	0.01036	0.00829	0.00553	0.00415	0.00138	0.00691	0.00345	0.00276	0.00829
9	0.00785	0.00571	0.00741	0.00877	0.00931	0.00527	0.00590	0.00902	0.01259	0.01658	0.03840	0.70262	0.10702	0.01988	0.00819	0.00258	0.00370	0.01793	0.00600	0.00527
10	0.01544	0.01354	0.01462	0.01434	0.05815	0.03658	0.01043	0.03029	0.57149	0.02502	0.02554	0.06448	0.02078	0.03598	0.00763	0.00235	0.00546	0.03222	0.00613	0.00951
11	0.01586	0.01398	0.01708	0.01593	0.06943	0.05592	0.07346	0.14649	0.23377	0.02501	0.04352	0.18771	0.02185	0.01075	0.00757	0.00221	0.03585	0.00932	0.00557	0.00871
12	0.00873	0.00649	0.00916	0.00951	0.01017	0.00617	0.04549	0.00987	0.01196	0.01602	0.05287	0.51587	0.03650	0.21266	0.01453	0.00352	0.00478	0.01523	0.00534	0.00513
13	0.06235	0.11198	0.06269	0.01281	0.01822	0.06238	0.03527	0.18134	0.03629	0.02503	0.01227	0.01370	0.00969	0.00612	0.00571	0.00153	0.02301	0.00457	0.00425	0.31080
14	0.01598	0.18063	0.04656	0.08031	0.01828	0.03708	0.01062	0.07167	0.06017	0.09707	0.03817	0.04569	0.08361	0.01084	0.04958	0.00231	0.00684	0.03017	0.00467	0.10975
15	0.04427	0.23771	0.21220	0.01525	0.02166	0.01833	0.08384	0.12667	0.05569	0.10477	0.01391	0.01480	0.01029	0.00649	0.00576	0.00185	0.00770	0.00514	0.00421	0.00944
16	0.00940	0.00626	0.00705	0.00705	0.00705	0.00626	0.00392	0.00940	0.00940	0.01253	0.02036	0.04228	0.02349	0.77292	0.03289	0.00626	0.00626	0.00940	0.00392	0.00392
17	0.00896	0.00626	0.00840	0.00879	0.00954	0.00639	0.00619	0.00993	0.01127	0.01523	0.05254	0.23575	0.09906	0.14157	0.24727	0.10367	0.00856	0.01114	0.00454	0.00497
18	0.01748	0.02137	0.24948	0.03762	0.19340	0.01597	0.07998	0.16543	0.06521	0.06936	0.01451	0.01622	0.01066	0.00662	0.00646	0.00201	0.00815	0.00578	0.00425	0.01002
19	0.07092	0.08080	0.05395	0.02391	0.07354	0.01691	0.47282	0.04396	0.01492	0.02121	0.01239	0.01619	0.00963	0.00693	0.02668	0.00231	0.03432	0.00664	0.00336	0.00863
20	0.00939	0.00631	0.00726	0.00726	0.00734	0.00638	0.00418	0.00953	0.00946	0.01269	0.02016	0.04120	0.02302	0.72634	0.07882	0.00653	0.00697	0.00924	0.00389	0.00403
21	0.01698	0.32974	0.02843	0.01582	0.02088	0.04532	0.17810	0.02410	0.20038	0.04014	0.01502	0.01613	0.01189	0.00660	0.00611	0.00184	0.02391	0.00563	0.00406	0.00893
22	0.01146	0.00687	0.00822	0.00795	0.00897	0.00650	0.00526	0.01235	0.01214	0.10241	0.07765	0.11117	0.10103	0.45289	0.02219	0.00458	0.00539	0.03257	0.00511	0.00528
23	0.00858	0.00658	0.00785	0.00753	0.00930	0.00586	0.00565	0.01109	0.01695	0.02273	0.47949	0.05350	0.31267	0.01440	0.00763	0.00209	0.00313	0.01242	0.00669	0.00586
24	0.00790	0.00649	0.00695	0.00697	0.00892	0.00554	0.00518	0.00973	0.01514	0.01875	0.17057	0.10909	0.57414	0.01612	0.00768	0.00219	0.00327	0.01365	0.00618	0.00554
25	0.02365	0.01722	0.01841	0.01422	0.01912	0.01901	0.01171	0.66023	0.02915	0.03951	0.01592	0.01614	0.01140	0.00774	0.00632	0.00191	0.00681	0.00583	0.06507	0.01063
26	0.81856	0.01250	0.00950	0.00850	0.01250	0.01449	0.00700	0.01899	0.01100	0.02899	0.00900	0.01050	0.00700	0.00600	0.00400	0.00200	0.00500	0.00350	0.00400	0.00700
27	0.00787	0.00562	0.00750	0.00900	0.00937	0.00525	0.00600	0.00900	0.01237	0.01649	0.03561	0.76871	0.04274	0.02024	0.00825	0.00262	0.00375	0.01837	0.00600	0.00525
28	0.01727	0.77681	0.03386	0.01106	0.01658	0.02557	0.01106	0.01935	0.01313	0.01520	0.00898	0.01036	0.00829	0.00553	0.00415	0.00138	0.00691	0.00345	0.00276	0.00829
29	0.02691	0.01433	0.01706	0.01308	0.01816	0.01445	0.01080	0.35066	0.02408	0.41004	0.02080	0.01895	0.01364	0.00788	0.00648	0.00197	0.00626	0.00618	0.00728	0.01099
30	0.00786	0.00655	0.00686	0.00678	0.00887	0.00555	0.00509	0.00971	0.01526	0.01871	0.16436	0.06011	0.63031	0.01589	0.00763	0.00216	0.00324	0.01335	0.00617	0.00555
31	0.05704	0.07084	0.46795	0.01827	0.04767	0.01503	0.10309	0.02110	0.01418	0.08749	0.01407	0.01574	0.02608	0.00641	0.00617	0.00202	0.00873	0.00537	0.00345	0.00930
32	0.01740	0.01150	0.01386	0.01026	0.01569	0.00927	0.00826	0.02108	0.05627	0.19780	0.01581	0.01615	0.01175	0.00581	0.00531	0.00129	0.00498	0.00469	0.00502	0.56780
33	0.01220	0.01148	0.01938	0.75739	0.04450	0.01436	0.01794	0.01651	0.01292	0.01651	0.01148	0.01723	0.00861	0.00646	0.00646	0.00215	0.00861	0.00574	0.00287	0.00718
34	0.01220	0.01148	0.01938	0.75739	0.04450	0.01436	0.01794	0.01651	0.01292	0.01651	0.01148	0.01723	0.00861	0.00646	0.00646	0.00215	0.00861	0.00574	0.00287	0.00718
35	0.01251	0.00808	0.01086	0.01004	0.01092	0.00904	0.00733	0.01332	0.01068	0.09734	0.01745	0.02902	0.01722	0.30523	0.21297	0.09022	0.12074	0.00747	0.00399	0.00557
36	0.01122	0.00725	0.00837	0.00780	0.01024	0.00626	0.00603	0.01333	0.01603	0.12632	0.19650	0.05369	0.46029	0.01452	0.00751	0.00215	0.00365	0.03588	0.00653	0.00643
37	0.02415	0.03028	0.01835	0.01657	0.01998	0.71750	0.01248	0.05359	0.01880	0.01682	0.01021	0.01181	0.00843	0.00670	0.00585	0.00168	0.01147	0.00423	0.00346	0.00763
38	0.01730	0.02113	0.23627	0.01856	0.07445	0.08694	0.12682	0.09642	0.01621	0.10232	0.01451	0.01800	0.01126	0.06150	0.03508	0.03543	0.00900	0.00598	0.00403	0.00879
39	0.01182	0.01067	0.03403	0.07890	0.15604	0.01049	0.03423	0.01687	0.10832	0.02062	0.10741	0.18737	0.06328	0.01251	0.00745	0.00233	0.00573	0.11923	0.00521	0.00749
40	0.00807	0.00581	0.00737	0.00850	0.00923	0.00535	0.00580	0.00944	0.01304	0.01741	0.07462	0.60661	0.13544	0.01885	0.00798	0.00249	0.00362	0.01689	0.03813	0.00535
41	0.01000	0.00743	0.00937	0.00877	0.01032	0.00744	0.00671	0.01244	0.01612	0.04459	0.41925	0.08707	0.19676	0.01370	0.00891	0.00216	0.08214	0.01147	0.03917	0.00616
42	0.03636	0.06389	0.08993	0.24948	0.11784	0.09695	0.15844	0.04834	0.01516	0.04528	0.01219	0.01569	0.00929	0.00620	0.00639	0.00200	0.00902	0.00570	0.00338	0.00847
43	0.00791	0.00604	0.00715	0.00792	0.00900	0.00541	0.00547	0.00923	0.01329	0.01694	0.06902	0.43415	0.30285	0.06281	0.00944	0.00265	0.00369	0.01582	0.00591	0.00528
44	0.01953	0.01311	0.01471	0.01271	0.01672	0.01431	0.01003	0.03357	0.53300	0.21701	0.02608	0.02354	0.01873	0.00856	0.00655	0.00214	0.00522	0.00709	0.00696	0.01043
45	0.01099	0.01011	0.03664	0.23639	0.09144	0.01046	0.03995	0.01383	0.01304	0.01761	0.06947	0.23142	0.02431	0.05427	0.03945	0.01822	0.03046	0.04102	0.00429	0.00662
46	0.01626	0.15228	0.21209	0.01820	0.13186	0.05609	0.01534	0.07728	0.10769	0.04961	0.01629	0.08976	0.01398	0.00794	0.00612	0.00196	0.00740	0.00649	0.00417	0.00916
47	0.02256	0.01786	0.01822	0.01457	0.01928	0.06188	0.01182	0.51330	0.19035	0.03607	0.01770	0.01729	0.01286	0.00793	0.00645	0.00198	0.00691	0.00607	0.00631	0.01061
48	0.10763	0.02391	0.02001	0.01785	0.05887	0.42068	0.08706	0.09260	0.01779	0.04025	0.01123	0.01318	0.00893	0.00679	0.00671	0.00186	0.04783	0.00485	0.00380	0.00814
49	0.00933	0.00654	0.00843	0.00843	0.00891	0.00701	0.00564	0.01028	0.00981	0.01355	0.01910	0.03529	0.02045	0.47314	0.32852	0.00797	0.01083	0.00837	0.00373	0.00468
50	0.04904	0.06005	0.34730	0.02020	0.11106	0.04081	0.10126	0.06959	0.01572	0.10485	0.01344	0.01513	0.00969	0.00632	0.00622	0.00199	0.00861	0.00537	0.00379	0.00957
51	0.01376	0.01279	0.01715	0.02228	0.31106	0.04159	0.01268	0.02011	0.17110	0.02181	0.09441	0.03132	0.18366	0.00961	0.00681	0.00204	0.00582	0.00841	0.00496	0.00863
52	0.01088	0.00609	0.00649	0.00660	0.00805	0.00589	0.00487	0.01356	0.01402	0.02281	0.09798	0.10912	0.09426	0.01032	0.00553	0.00174	0.00312	0.00865	0.56414	0.00589
53	0.00764	0.00655	0.00655	0.00655	0.00873	0.00545	0.00491	0.00927	0.01473	0.01745	0.06546	0.06218	0.73000	0.01636	0.00764	0.00218	0.00327	0.01364	0.00600	0.00545
54	0.01350	0.01158	0.01345	0.00971	0.01537	0.00891	0.00776	0.01698	0.04116	0.02129	0.01207	0.01382	0.00997	0.00494	0.00486	0.00101	0.00480	0.00396	0.00394	0.78095
55	0.00869	0.00597	0.00725	0.00794	0.00812	0.00580	0.00487	0.00921	0.01077	0.01435	0.02738	0.37660	0.03235	0.42652	0.02155	0.00459	0.00511	0.01353	0.00487	0.00453
56	0.00773	0.00655	0.00668	0.00665	0.00879	0.00550	0.00498	0.00946	0.01495	0.01799	0.10774	0.06130	0.68738	0.01616	0.00764	0.00217	0.00326	0.01351	0.00607	0.00550
57	0.01727	0.77681	0.03386	0.01106	0.01658	0.02557	0.01106	0.01935	0.01313	0.01520	0.00898	0.01036	0.00829	0.00553	0.00415	0.00138	0.00691	0.00345	0.00276	0.00829
58	0.73957	0.01276	0.01030	0.00899	0.01310	0.01462	0.00741	0.06022	0.01244	0.05864	0.01005	0.01126	0.00760	0.00618	0.00425	0.00200	0.00514	0.00376	0.00431	0.00740
59	0.66898	0.01221	0.01054	0.00907	0.01325	0.01355	0.00747	0.02136	0.01242	0.16314	0.01212	0.01267	0.00870	0.00638	0.00447	0.00200	0.00509	0.00407	0.00476	0.00776
60	0.01716	0.01355	0.01460	0.01263	0.01626	0.01519	0.01003	0.20846	0.39965	0.03005	0.09353	0.02616	0.02203	0.00923	0.00662	0.00210	0.00534	0.03403	0.05376	0.00960
61	0.01346	0.11946	0.65779	0.01756	0.02665	0.01623	0.02239	0.02033	0.01358	0.01985	0.01129	0.01326	0.00820	0.00607	0.00591	0.00197	0.00924	0.00462	0.00273	0.00940
62	0.78684	0.01272	0.00989	0.00875	0.01280	0.01472	0.00721	0.04664	0.01177	0.02946	0.00926	0.01070	0.00716	0.00607	0.00410	0.00200	0.00508	0.00359	0.00410	0.00716
63	0.00832	0.00583	0.00746	0.00851	0.00881	0.00560	0.00550	0.00918	0.01151	0.01539	0.03099	0.55232	0.03681	0.22341	0.03583	0.00382	0.00481	0.01563	0.00537	0.00490
64	0.01658	0.01474	0.02414	0.06136	0.46758	0.01496	0.07373	0.10174	0.01667	0.04326	0.01527	0.02220	0.01319	0.00732	0.00677	0.00206	0.00767	0.07709	0.00400	0.00965
65	0.81856	0.01250	0.00950	0.00850	0.01250	0.01449	0.00700	0.01899	0.01100	0.02899	0.00900	0.01050	0.00700	0.00600	0.00400	0.00200	0.00500	0.00350	0.00400	0.00700
66	0.01518	0.01587	0.01964	0.01693	0.01728	0.09550	0.01396	0.01662	0.01077	0.01558	0.00864	0.01388	0.00847	0.01082	0.01960	0.00271	0.68307	0.00550	0.00288	0.00711
67	0.01063	0.00652	0.00757	0.00723	0.00895	0.00608	0.00545	0.01343	0.01602	0.04701	0.34673	0.04061	0.14338	0.01142	0.00645	0.00186	0.00315	0.00973	0.30165	0.00613
68	0.01584	0.01520	0.02595	0.06877	0.70471	0.01531	0.01975	0.01970	0.01464	0.02092	0.01213	0.01604	0.01017	0.00579	0.00640	0.00193	0.00771	0.00576	0.00319	0.01011
69	0.01314	0.01087	0.01207	0.01139	0.01399	0.01205	0.00861	0.02514	0.44850	0.02469	0.15691	0.17961	0.03195	0.01191	0.00711	0.00225	0.00446	0.01035	0.00656	0.00846
70	0.00782	0.00655	0.00680	0.00674	0.00884	0.00553	0.00505	0.00963	0.01516	0.01849	0.14645	0.06048	0.64835	0.01598	0.00763	0.00216	0.00325	0.01340	0.00614	0.00553
71	0.00795	0.00650	0.00702	0.00700	0.00895	0.00557	0.00521	0.00984	0.01530	0.01909	0.19617	0.09963	0.55741	0.01596	0.00767	0.00218	0.00326	0.01352	0.00622	0.00557
72	0.01340	0.01148	0.01340	0.00957	0.01531	0.00861	0.00766	0.01627	0.01340	0.02105	0.01148	0.01340	0.00957	0.00479	0.00479	0.00096	0.00479	0.00383	0.00383	0.81242
73	0.77136	0.01258	0.00980	0.00877	0.01275	0.01459	0.00719	0.01990	0.05276	0.02887	0.01001	0.01130	0.00775	0.00616	0.00415	0.00201	0.00501	0.00372	0.00415	0.00719
74	0.00833	0.00647	0.00692	0.00687	0.00832	0.00577	0.00474	0.00962	0.01351	0.01688	0.12292	0.05472	0.44650	0.24298	0.01521	0.00339	0.00415	0.01216	0.00549	0.00506
75	0.01877	0.01563	0.01548	0.01351	0.01740	0.08292	0.01059	0.10340	0.52656	0.08653	0.02362	0.02190	0.01746	0.00840	0.00649	0.00210	0.00595	0.00680	0.00638	0.01012
76	0.02835	0.01202	0.01563	0.01198	0.01701	0.01102	0.00990	0.12977	0.02021	0.63639	0.02405	0.02106	0.01527	0.00796	0.00649	0.00199	0.00573	0.00640	0.00778	0.01100
77	0.01204	0.00602	0.00602	0.00602	0.00753	0.00602	0.00452	0.01506	0.01355	0.02409	0.02108	0.02409	0.01656	0.00753	0.00452	0.00151	0.00301	0.00602	0.80879	0.00602
78	0.01050	0.00607	0.00903	0.00903	0.00942	0.00646	0.00638	0.00949	0.00911	0.01253	0.01356	0.02230	0.01327	0.05555	0.26745	0.51722	0.00955	0.00617	0.00306	0.00383
79	0.01296	0.03342	0.73944	0.01842	0.02797	0.01501	0.02387	0.02046	0.01364	0.02046	0.01160	0.01364	0.00818	0.00614	0.00614	0.00205	0.00955	0.00477	0.00273	0.00955
80	0.01204	0.00602	0.00602	0.00602	0.00753	0.00602	0.00452	0.01506	0.01355	0.02409	0.02108	0.02409	0.01656	0.00753	0.00452	0.00151	0.00301	0.00602	0.80879	0.00602
81	0.02372	0.01768	0.01892	0.01470	0.01972	0.01964	0.01208	0.64382	0.09901	0.03936	0.01658	0.01637	0.01186	0.00786	0.00647	0.00196	0.00691	0.00597	0.00647	0.01091
82	0.00775	0.00610	0.00700	0.00773	0.00904	0.00536	0.00543	0.00914	0.01359	0.01699	0.05109	0.40231	0.39914	0.01823	0.00793	0.00239	0.00350	0.01591	0.00600	0.00536
83	0.13383	0.34473	0.04204	0.01210	0.01705	0.07847	0.01088	0.11650	0.08743	0.08211	0.01314	0.01363	0.01027	0.00654	0.00507	0.00172	0.00681	0.00452	0.00431	0.00886
84	0.01607	0.01388	0.01461	0.01315	0.01680	0.01607	0.01023	0.03433	0.72094	0.02703	0.02630	0.02411	0.01972	0.00877	0.00657	0.00219	0.00511	0.00731	0.00657	0.01023
85	0.00800	0.00573	0.00753	0.00881	0.00930	0.00534	0.00591	0.00923	0.01273	0.01701	0.08169	0.67915	0.06128	0.04405	0.00899	0.00269	0.00377	0.01751	0.00600	0.00527
86	0.01466	0.01144	0.01353	0.00973	0.01541	0.00868	0.00780	0.01750	0.01381	0.07882	0.01261	0.01409	0.01009	0.00504	0.00492	0.00104	0.00484	0.00404	0.00416	0.74777
87	0.01910	0.01504	0.01918	0.01687	0.08812	0.07160	0.09509	0.17172	0.05121	0.13326	0.05794	0.06112	0.01612	0.00796	0.00688	0.00189	0.02750	0.00682	0.00528	0.12730
88	0.04038	0.04210	0.15629	0.01963	0.07061	0.06561	0.21890	0.03711	0.07912	0.02113	0.01491	0.01726	0.03513	0.00668	0.00721	0.00196	0.05000	0.00605	0.00369	0.10623

[dist]
# distance from previous block
# <min> <max>
1	7

[block]
# block no. 3 follows, 34 sequences, length 29
# corresponding to MSA columns:
# 202-230
name=unknown_D
#
# <colnr> <probs for GDERKNQSTAVLIFYWHMCP>
#	G	D	E	R	K	N	Q	S	T	A	V	L	I	F	Y	W	H	M	C	P
0	0.06314	0.26667	0.19127	0.01402	0.01920	0.03915	0.05073	0.01981	0.08298	0.01905	0.01520	0.09475	0.01404	0.00836	0.00666	0.00198	0.05073	0.03033	0.00370	0.00823
1	0.01944	0.01684	0.01667	0.03857	0.01905	0.13709	0.03027	0.16339	0.32209	0.07785	0.02116	0.02347	0.01653	0.00868	0.00663	0.00210	0.00696	0.05784	0.00586	0.00951
2	0.01098	0.00798	0.01012	0.00969	0.01108	0.03362	0.00729	0.01321	0.01392	0.06143	0.26625	0.08365	0.03368	0.09867	0.27842	0.00551	0.03380	0.00942	0.00519	0.00608
3	0.01340	0.01148	0.01340	0.00957	0.01531	0.00861	0.00766	0.01627	0.01340	0.02105	0.01148	0.01340	0.00957	0.00479	0.00479	0.00096	0.00479	0.00383	0.00383	0.81242
4	0.00919	0.00656	0.00901	0.01050	0.01145	0.00638	0.00828	0.01127	0.01367	0.01797	0.03489	0.40822	0.03986	0.01900	0.00860	0.00281	0.00489	0.36587	0.00597	0.00561
5	0.01204	0.00602	0.00602	0.00602	0.00753	0.00602	0.00452	0.01506	0.01355	0.02409	0.02108	0.02409	0.01656	0.00753	0.00452	0.00151	0.00301	0.00602	0.80879	0.00602
6	0.01607	0.01388	0.01461	0.01315	0.01680	0.01607	0.01023	0.03433	0.72094	0.02703	0.02630	0.02411	0.01972	0.00877	0.00657	0.00219	0.00511	0.00731	0.00657	0.01023
7	0.00799	0.00642	0.00713	0.00724	0.00902	0.00556	0.00532	0.00986	0.01514	0.01912	0.20271	0.16254	0.48674	0.01626	0.00772	0.00221	0.00329	0.01391	0.00624	0.00556
8	0.02606	0.01038	0.01390	0.01087	0.01544	0.00896	0.00890	0.02850	0.01811	0.63667	0.05786	0.02706	0.08899	0.00904	0.00666	0.00202	0.00518	0.00742	0.00776	0.01025
9	0.02332	0.02726	0.01830	0.01619	0.01967	0.56801	0.01238	0.12614	0.06211	0.02012	0.01172	0.01307	0.00941	0.00713	0.00657	0.00178	0.04005	0.00465	0.00396	0.00815
10	0.02287	0.02778	0.01901	0.06203	0.07270	0.60741	0.01332	0.06591	0.01846	0.01773	0.01056	0.01253	0.00864	0.00665	0.00594	0.00173	0.01091	0.00447	0.00348	0.00788
11	0.01340	0.01148	0.01340	0.00957	0.01531	0.00861	0.00766	0.01627	0.01340	0.02105	0.01148	0.01340	0.00957	0.00479	0.00479	0.00096	0.00479	0.00383	0.00383	0.81242
12	0.01220	0.01148	0.01938	0.75739	0.04450	0.01436	0.01794	0.01651	0.01292	0.01651	0.01148	0.01723	0.00861	0.00646	0.00646	0.00215	0.00861	0.00574	0.00287	0.00718
13	0.01771	0.01712	0.01450	0.01374	0.04063	0.23496	0.01006	0.14251	0.12578	0.02332	0.04201	0.17445	0.02016	0.01026	0.00651	0.00200	0.00699	0.00836	0.08097	0.00797
14	0.00939	0.00744	0.00895	0.00881	0.01090	0.00640	0.00632	0.01150	0.03215	0.01806	0.03489	0.43721	0.15827	0.01547	0.00725	0.00213	0.00395	0.01368	0.00549	0.20175
15	0.01461	0.05148	0.49420	0.01915	0.07318	0.01446	0.08720	0.02070	0.01434	0.08258	0.01609	0.01766	0.05187	0.00679	0.00635	0.00203	0.00874	0.00575	0.00347	0.00936
16	0.01414	0.01414	0.01979	0.01696	0.01696	0.01979	0.01414	0.01555	0.00990	0.01555	0.00848	0.01414	0.00848	0.01131	0.02120	0.00283	0.76110	0.00565	0.00283	0.00707
17	0.00883	0.00650	0.00764	0.00743	0.00914	0.00584	0.00554	0.01132	0.01643	0.02249	0.41277	0.07610	0.28890	0.01406	0.00738	0.00206	0.00315	0.01210	0.07650	0.00584
18	0.00817	0.00657	0.00729	0.00711	0.00906	0.00568	0.00533	0.01031	0.01600	0.02047	0.30179	0.05723	0.49178	0.01524	0.00763	0.00213	0.00319	0.01294	0.00640	0.00568
19	0.01364	0.02689	0.49679	0.01886	0.02675	0.01467	0.13825	0.05061	0.03184	0.02164	0.03517	0.01990	0.01250	0.00721	0.00666	0.00213	0.00911	0.05481	0.00344	0.00913
20	0.00924	0.00688	0.01018	0.01018	0.01127	0.00797	0.00783	0.01141	0.01032	0.01485	0.01749	0.02640	0.01660	0.09214	0.70424	0.01014	0.01664	0.00707	0.00349	0.00566
21	0.01279	0.00735	0.00958	0.00871	0.01079	0.00665	0.00659	0.01537	0.01728	0.16141	0.46770	0.10359	0.09033	0.04235	0.00843	0.00225	0.00372	0.01127	0.00700	0.00685
22	0.01207	0.00855	0.01017	0.00947	0.01153	0.00849	0.00714	0.13791	0.01731	0.04496	0.19240	0.20773	0.18198	0.01702	0.05317	0.05061	0.00508	0.01177	0.00605	0.00659
23	0.01608	0.01377	0.01353	0.01216	0.01544	0.08202	0.00946	0.10053	0.35705	0.05258	0.05502	0.07414	0.12566	0.01070	0.00686	0.00215	0.00556	0.03231	0.00619	0.00879
24	0.01057	0.00868	0.01204	0.01207	0.07429	0.00824	0.04900	0.03810	0.04458	0.02382	0.42115	0.04472	0.20256	0.01246	0.00744	0.00207	0.00419	0.01100	0.00625	0.00680
25	0.01499	0.01799	0.17146	0.03960	0.04065	0.01385	0.30285	0.07412	0.01607	0.06500	0.04329	0.08691	0.03858	0.00837	0.00721	0.00218	0.00853	0.03550	0.00425	0.00858
26	0.01282	0.00866	0.01056	0.01013	0.01143	0.03439	0.00754	0.07246	0.03394	0.04540	0.04780	0.09539	0.02075	0.09313	0.11994	0.24739	0.02239	0.07117	0.02916	0.00556
27	0.01621	0.01474	0.07740	0.01215	0.04036	0.05363	0.01011	0.03989	0.03192	0.10728	0.01482	0.01587	0.02695	0.00588	0.00538	0.00134	0.00583	0.00468	0.00438	0.51121
28	0.11215	0.08137	0.13556	0.07860	0.02071	0.09443	0.06729	0.04646	0.03790	0.06956	0.04572	0.14810	0.01743	0.00913	0.00630	0.00206	0.00724	0.00765	0.00439	0.00792

[dist]
# distance from previous block
# <min> <max>
1	22

[block]
# block no. 4 follows, 34 sequences, length 21
# corresponding to MSA columns:
# 253-273
name=unknown_E
#
# <colnr> <probs for GDERKNQSTAVLIFYWHMCP>
#	G	D	E	R	K	N	Q	S	T	A	V	L	I	F	Y	W	H	M	C	P
0	0.07584	0.08890	0.12534	0.01387	0.03998	0.03024	0.04906	0.08141	0.08312	0.07361	0.01471	0.03993	0.01170	0.00663	0.00564	0.00168	0.00653	0.00535	0.00438	0.24208
1	0.03587	0.10816	0.20974	0.04101	0.04595	0.05833	0.06642	0.04226	0.06612	0.12580	0.03694	0.08628	0.01516	0.00802	0.00627	0.00198	0.00745	0.00673	0.00447	0.02704
2	0.01729	0.27370	0.07538	0.01243	0.01684	0.03462	0.02773	0.04131	0.04217	0.13726	0.08148	0.02100	0.06615	0.00828	0.00746	0.00187	0.09096	0.00611	0.00457	0.03336
3	0.01109	0.00768	0.01008	0.00952	0.01141	0.00731	0.03133	0.01417	0.05928	0.07512	0.17302	0.22627	0.12858	0.07465	0.06193	0.00310	0.00523	0.02575	0.03240	0.03206
4	0.04418	0.10469	0.09573	0.04827	0.08551	0.07998	0.20501	0.04782	0.03902	0.13775	0.01431	0.01617	0.01058	0.00654	0.00690	0.00199	0.03643	0.00587	0.00415	0.00910
5	0.01262	0.01087	0.04547	0.06322	0.07672	0.03525	0.05266	0.01565	0.10856	0.01671	0.01763	0.11174	0.01707	0.04868	0.01497	0.30330	0.00644	0.03247	0.00395	0.00602
6	0.00790	0.00578	0.00743	0.00866	0.00930	0.00531	0.00587	0.00917	0.01291	0.01701	0.06878	0.65074	0.12847	0.01946	0.00815	0.00254	0.00366	0.01750	0.00605	0.00531
7	0.00984	0.00681	0.00878	0.00936	0.01038	0.00673	0.00664	0.01258	0.06404	0.04658	0.12100	0.43080	0.03822	0.09125	0.06729	0.00345	0.00522	0.04927	0.00587	0.00589
8	0.01749	0.21793	0.23836	0.01863	0.08129	0.03543	0.12534	0.08628	0.01597	0.08581	0.01279	0.01447	0.00961	0.00617	0.00593	0.00186	0.00838	0.00520	0.00370	0.00937
9	0.01443	0.01339	0.04502	0.22037	0.16888	0.03520	0.10520	0.03331	0.01427	0.06969	0.01738	0.15461	0.01622	0.02708	0.00804	0.00228	0.03423	0.00835	0.00404	0.00801
10	0.01603	0.00950	0.00998	0.00863	0.01125	0.00999	0.00681	0.20686	0.01833	0.05149	0.01969	0.02167	0.01501	0.00761	0.00512	0.00164	0.00422	0.00598	0.56266	0.00755
11	0.01151	0.01025	0.04752	0.14126	0.08130	0.00999	0.03072	0.01471	0.03756	0.04587	0.02550	0.18575	0.09350	0.07492	0.09421	0.00352	0.03144	0.03309	0.02059	0.00679
12	0.01595	0.09416	0.28892	0.01908	0.07286	0.01655	0.12247	0.04924	0.11502	0.06859	0.01455	0.01621	0.01086	0.00686	0.00733	0.00206	0.06025	0.00572	0.00389	0.00943
13	0.01229	0.01161	0.01940	0.72273	0.04321	0.01461	0.01777	0.01646	0.01278	0.01646	0.01134	0.01708	0.00861	0.00669	0.00715	0.00218	0.04384	0.00574	0.00287	0.00717
14	0.02899	0.01100	0.01499	0.01150	0.01649	0.00950	0.00950	0.03149	0.01849	0.73709	0.02549	0.02199	0.01599	0.00800	0.00650	0.00200	0.00550	0.00650	0.00800	0.01100
15	0.01905	0.01632	0.06036	0.08357	0.08255	0.09953	0.11519	0.07754	0.04518	0.18297	0.04128	0.04224	0.04278	0.00811	0.00757	0.00208	0.05290	0.00689	0.00495	0.00895
16	0.01620	0.01859	0.15808	0.07577	0.11455	0.05365	0.20960	0.04689	0.05585	0.08700	0.01651	0.06923	0.01357	0.00761	0.00688	0.00212	0.00852	0.02630	0.00414	0.00895
17	0.00957	0.00672	0.00817	0.00805	0.00824	0.00716	0.00507	0.01003	0.00959	0.01308	0.01932	0.03818	0.02159	0.61638	0.15399	0.00682	0.04108	0.00881	0.00379	0.00437
18	0.27835	0.05325	0.01727	0.01532	0.06584	0.31390	0.03262	0.08693	0.01654	0.04960	0.01096	0.01244	0.00860	0.00645	0.00535	0.00183	0.00837	0.00437	0.00397	0.00805
19	0.00795	0.00665	0.00698	0.00715	0.00925	0.00568	0.00553	0.00974	0.01474	0.01767	0.06193	0.06339	0.65188	0.01653	0.00778	0.00227	0.00357	0.08980	0.00599	0.00551
20	0.01845	0.52266	0.05409	0.01238	0.01771	0.05178	0.01173	0.14193	0.03738	0.02045	0.01084	0.01203	0.00915	0.00621	0.00522	0.00156	0.02625	0.00413	0.00358	0.03248

[dist]
# distance from previous block
# <min> <max>
4	6

[block]
# block no. 5 follows, 34 sequences, length 39
# corresponding to MSA columns:
# 281-319
name=unknown_F
#
# <colnr> <probs for GDERKNQSTAVLIFYWHMCP>
#	G	D	E	R	K	N	Q	S	T	A	V	L	I	F	Y	W	H	M	C	P
0	0.01942	0.04348	0.01695	0.01411	0.01808	0.15975	0.01112	0.17083	0.41881	0.02725	0.02033	0.01946	0.01533	0.00804	0.00632	0.00201	0.00686	0.00626	0.00579	0.00978
1	0.06976	0.01359	0.10770	0.01260	0.04043	0.01105	0.02687	0.02036	0.16699	0.07329	0.07575	0.10516	0.09456	0.00998	0.00652	0.00201	0.00543	0.02725	0.00530	0.12540
2	0.03732	0.04749	0.07891	0.09696	0.07191	0.08648	0.02977	0.29524	0.02148	0.14863	0.01525	0.01605	0.01083	0.00711	0.00627	0.00194	0.00771	0.00558	0.00524	0.00984
3	0.00963	0.00718	0.01029	0.01099	0.04778	0.00796	0.00755	0.01138	0.01034	0.01464	0.01788	0.02953	0.01786	0.24504	0.51277	0.00881	0.01378	0.00754	0.00357	0.00549
4	0.00934	0.00674	0.00830	0.00845	0.01015	0.00611	0.00651	0.01165	0.01582	0.04387	0.28684	0.14793	0.27202	0.01573	0.00788	0.00231	0.00377	0.12422	0.00644	0.00591
5	0.01009	0.00821	0.05572	0.00988	0.01145	0.00671	0.00779	0.01245	0.03302	0.05556	0.08185	0.47647	0.05658	0.01718	0.00835	0.02632	0.00443	0.07924	0.03265	0.00605
6	0.81856	0.01250	0.00950	0.00850	0.01250	0.01449	0.00700	0.01899	0.01100	0.02899	0.00900	0.01050	0.00700	0.00600	0.00400	0.00200	0.00500	0.00350	0.00400	0.00700
7	0.00860	0.00658	0.00789	0.00756	0.00932	0.00587	0.00567	0.01114	0.01701	0.02287	0.49068	0.05327	0.30140	0.01434	0.00763	0.00209	0.00313	0.01239	0.00671	0.00587
8	0.01355	0.00761	0.00947	0.00869	0.01117	0.00669	0.00670	0.01576	0.01633	0.20147	0.22336	0.13292	0.26963	0.01394	0.00746	0.00218	0.00393	0.03534	0.00679	0.00701
9	0.01573	0.01508	0.02575	0.08973	0.68461	0.01528	0.01970	0.01960	0.01459	0.02079	0.01211	0.01608	0.01012	0.00581	0.00640	0.00194	0.00774	0.00576	0.00318	0.01002
10	0.01778	0.01870	0.04508	0.24361	0.15478	0.18635	0.01596	0.12682	0.01692	0.02096	0.01159	0.01502	0.00918	0.00705	0.00774	0.00203	0.08304	0.00535	0.00358	0.00846
11	0.00831	0.00702	0.00725	0.00711	0.00933	0.00620	0.00536	0.01115	0.06070	0.01881	0.12107	0.05850	0.62547	0.01560	0.00757	0.00217	0.00337	0.01306	0.00613	0.00582
12	0.00817	0.00657	0.00729	0.00711	0.00906	0.00568	0.00533	0.01031	0.01600	0.02047	0.30174	0.05723	0.49183	0.01524	0.00763	0.00213	0.00319	0.01294	0.00640	0.00568
13	0.01340	0.01148	0.01340	0.00957	0.01531	0.00861	0.00766	0.01627	0.01340	0.02105	0.01148	0.01340	0.00957	0.00479	0.00479	0.00096	0.00479	0.00383	0.00383	0.81242
14	0.02422	0.01932	0.01885	0.01490	0.01974	0.11567	0.01211	0.56192	0.06426	0.06058	0.01568	0.01567	0.01126	0.00767	0.00639	0.00192	0.00755	0.00570	0.00611	0.01049
15	0.00975	0.00703	0.00879	0.00827	0.00994	0.00672	0.00622	0.01375	0.06330	0.02564	0.61768	0.04540	0.07258	0.01261	0.00734	0.00201	0.00319	0.01106	0.06237	0.00634
16	0.02315	0.01434	0.01629	0.01284	0.01740	0.01504	0.01048	0.38007	0.08392	0.22786	0.06530	0.02194	0.04197	0.00855	0.00654	0.00198	0.00600	0.00678	0.02927	0.01029
17	0.01934	0.01526	0.01628	0.01343	0.01779	0.01696	0.01075	0.31657	0.36451	0.03230	0.02066	0.01981	0.01531	0.00805	0.00635	0.00199	0.00587	0.00642	0.03007	0.06229
18	0.01665	0.01358	0.01462	0.01311	0.01675	0.01547	0.01035	0.07645	0.60005	0.05200	0.02615	0.02706	0.02031	0.00934	0.00674	0.00223	0.00532	0.05726	0.00657	0.00999
19	0.02357	0.02961	0.01805	0.01640	0.01975	0.69599	0.01233	0.02640	0.06733	0.01660	0.01113	0.01252	0.00912	0.00681	0.00588	0.00170	0.01120	0.00438	0.00356	0.00768
20	0.02728	0.01195	0.01540	0.01191	0.01677	0.01109	0.00980	0.12967	0.03980	0.59072	0.04913	0.02205	0.01697	0.00817	0.00653	0.00200	0.00563	0.00661	0.00770	0.01080
21	0.00877	0.00687	0.00815	0.00876	0.01059	0.00624	0.00713	0.01096	0.01481	0.01841	0.07184	0.08880	0.41770	0.01698	0.00816	0.00250	0.00433	0.27734	0.00601	0.00566
22	0.00842	0.00658	0.00764	0.00737	0.00921	0.00579	0.00553	0.01080	0.01659	0.02186	0.41162	0.05492	0.38108	0.01472	0.00763	0.00210	0.00316	0.01262	0.00658	0.00579
23	0.02899	0.01100	0.01499	0.01150	0.01649	0.00950	0.00950	0.03149	0.01849	0.73709	0.02549	0.02199	0.01599	0.00800	0.00650	0.00200	0.00550	0.00650	0.00800	0.01100
24	0.18089	0.01174	0.01422	0.01114	0.01595	0.01114	0.00920	0.07302	0.01782	0.55558	0.02167	0.01936	0.01394	0.00760	0.00601	0.00200	0.00551	0.00588	0.00713	0.01022
25	0.03417	0.01461	0.02288	0.01775	0.02216	0.05287	0.25902	0.06586	0.07786	0.16572	0.02057	0.07135	0.03862	0.00884	0.00812	0.00221	0.06035	0.04316	0.00510	0.00876
26	0.01454	0.00711	0.00769	0.00714	0.00923	0.00703	0.00549	0.01829	0.05201	0.12008	0.02195	0.02381	0.01665	0.00766	0.00489	0.00161	0.00346	0.00615	0.65830	0.00692
27	0.01293	0.00727	0.00740	0.00708	0.00894	0.00757	0.00539	0.04373	0.08518	0.02502	0.02139	0.02376	0.01666	0.00766	0.00480	0.00159	0.00338	0.00614	0.69746	0.00664
28	0.02053	0.02297	0.07300	0.01730	0.07991	0.32057	0.01318	0.17563	0.11785	0.02372	0.01626	0.04248	0.03249	0.00783	0.00628	0.00190	0.00873	0.00591	0.00458	0.00889
29	0.01333	0.02396	0.40944	0.08812	0.02841	0.01400	0.17445	0.01923	0.01398	0.04025	0.01507	0.08747	0.01270	0.00765	0.00677	0.00216	0.00902	0.02190	0.00339	0.00870
30	0.01137	0.00690	0.00909	0.00951	0.01095	0.00640	0.00714	0.01323	0.01436	0.11319	0.11698	0.36363	0.08668	0.05728	0.00935	0.00270	0.00442	0.14436	0.00627	0.00619
