[name]
unknown

[dist]
# distance from previous block
# <min> <max>
0	44

[block]
# block no. 0 follows, 32 sequences, length 38
# corresponding to MSA columns:
# 44-81
name=unknown_A
#
# <colnr> <probs for GDERKNQSTAVLIFYWHMCP>
#	G	D	E	R	K	N	Q	S	T	A	V	L	I	F	Y	W	H	M	C	P
0	0.01081	0.00772	0.01081	0.01236	0.01390	0.00772	0.01081	0.01390	0.01545	0.02008	0.03553	0.07569	0.03862	0.01854	0.00927	0.00309	0.00618	0.67717	0.00618	0.00618
1	0.10684	0.01713	0.05996	0.01464	0.03749	0.01722	0.01221	0.41220	0.05147	0.12496	0.06495	0.01899	0.01534	0.00817	0.00651	0.00205	0.00674	0.00629	0.00638	0.01049
2	0.11225	0.11578	0.36561	0.04381	0.02523	0.01640	0.10529	0.03942	0.01427	0.02173	0.01320	0.05284	0.01093	0.02723	0.00692	0.00220	0.00867	0.00592	0.00339	0.00889
3	0.02339	0.04500	0.01962	0.01482	0.01979	0.01982	0.01223	0.57138	0.08731	0.03828	0.01694	0.01738	0.01245	0.01096	0.05670	0.00262	0.00792	0.00616	0.00637	0.01087
4	0.00840	0.00598	0.00793	0.00941	0.00984	0.00563	0.00638	0.00962	0.01283	0.01708	0.03609	0.68499	0.04304	0.05876	0.00991	0.00294	0.00415	0.05548	0.00612	0.00542
5	0.02038	0.46081	0.04949	0.01406	0.01928	0.22478	0.02894	0.07810	0.01669	0.01844	0.01036	0.01185	0.00889	0.00628	0.00514	0.00160	0.00875	0.00414	0.00336	0.00866
6	0.06413	0.07286	0.11268	0.06956	0.02022	0.01451	0.04894	0.17801	0.01756	0.02474	0.04835	0.13166	0.01847	0.01655	0.12810	0.00359	0.00894	0.00809	0.00472	0.00829
7	0.01198	0.00620	0.00644	0.00663	0.00805	0.00616	0.00488	0.01487	0.01392	0.02405	0.02373	0.11456	0.02051	0.00943	0.00516	0.00171	0.00322	0.00782	0.70454	0.00616
8	0.00816	0.00631	0.00745	0.00821	0.00947	0.00560	0.00576	0.00969	0.01430	0.01822	0.09676	0.41804	0.33039	0.01882	0.00825	0.00249	0.00363	0.01653	0.00631	0.00560
9	0.01720	0.24940	0.23817	0.03683	0.06091	0.08835	0.08615	0.02149	0.01497	0.06722	0.01352	0.05251	0.01125	0.00704	0.00604	0.00192	0.00872	0.00571	0.00354	0.00907
10	0.01481	0.16915	0.38370	0.01992	0.02788	0.01776	0.20868	0.02074	0.01449	0.02015	0.01270	0.03700	0.01007	0.00649	0.00647	0.00205	0.00960	0.00594	0.00310	0.00929
11	0.00797	0.00663	0.00697	0.00723	0.00918	0.00563	0.00529	0.00958	0.01488	0.01796	0.06268	0.18322	0.60438	0.01768	0.00804	0.00234	0.00348	0.01500	0.00623	0.00563
12	0.02034	0.06277	0.04034	0.02164	0.16308	0.29828	0.05503	0.06203	0.16764	0.02181	0.01497	0.01636	0.01183	0.00711	0.00640	0.00194	0.00918	0.00564	0.00428	0.00934
13	0.10203	0.01727	0.12226	0.18897	0.11288	0.01599	0.14206	0.05955	0.01503	0.02244	0.05039	0.01780	0.01222	0.00731	0.00823	0.00223	0.08480	0.00626	0.00366	0.00862
14	0.02581	0.01644	0.01833	0.01414	0.01925	0.01754	0.01165	0.51191	0.02780	0.19493	0.01876	0.01812	0.01290	0.00810	0.00661	0.00200	0.00677	0.00621	0.05160	0.01112
15	0.04467	0.00956	0.01135	0.01007	0.01291	0.00931	0.00779	0.09549	0.05519	0.16254	0.23493	0.14619	0.12951	0.01291	0.00738	0.00220	0.00447	0.01103	0.02454	0.00794
16	0.05061	0.36731	0.25635	0.01520	0.02202	0.05995	0.05225	0.02196	0.06184	0.01934	0.01172	0.01331	0.00942	0.00626	0.00543	0.00180	0.00834	0.00458	0.00324	0.00909
17	0.02551	0.01879	0.02014	0.01544	0.02081	0.02081	0.01275	0.69996	0.03155	0.04229	0.01611	0.01611	0.01141	0.00805	0.00671	0.00201	0.00738	0.00604	0.00671	0.01141
18	0.00833	0.00676	0.00744	0.00782	0.00972	0.00588	0.00593	0.01014	0.01506	0.01844	0.07757	0.16596	0.52905	0.01766	0.00817	0.00242	0.00377	0.08793	0.00626	0.00571
19	0.02380	0.01890	0.01999	0.01569	0.02064	0.09307	0.04942	0.48904	0.06619	0.06832	0.05397	0.01843	0.01457	0.00818	0.00678	0.00202	0.00767	0.00641	0.00631	0.01059
20	0.04604	0.01754	0.01613	0.01424	0.01817	0.12788	0.01110	0.10642	0.50587	0.02790	0.02287	0.02159	0.01722	0.00855	0.00660	0.00216	0.00658	0.00678	0.00621	0.01016
21	0.00858	0.00647	0.00889	0.07876	0.01313	0.00635	0.00733	0.01009	0.01305	0.01719	0.03647	0.64851	0.08127	0.01943	0.00835	0.00265	0.00434	0.01755	0.00592	0.00565
22	0.01217	0.10218	0.01609	0.01415	0.07408	0.04313	0.01038	0.01459	0.01184	0.01621	0.01559	0.02232	0.01443	0.03694	0.51182	0.00804	0.05928	0.00645	0.00344	0.00686
23	0.00976	0.00651	0.00732	0.00732	0.00732	0.00651	0.00407	0.00976	0.00976	0.01301	0.02114	0.04391	0.02439	0.76419	0.03415	0.00651	0.00651	0.00976	0.00407	0.00407
24	0.01661	0.01594	0.02724	0.04119	0.72233	0.01594	0.02059	0.02059	0.01528	0.02192	0.01262	0.01661	0.01063	0.00598	0.00664	0.00199	0.00797	0.00598	0.00332	0.01063
25	0.01510	0.01215	0.01465	0.01080	0.01615	0.01010	0.00872	0.01791	0.01393	0.06963	0.01263	0.01460	0.01029	0.00584	0.00670	0.00125	0.07537	0.00434	0.00417	0.67569
26	0.01451	0.01228	0.01423	0.01022	0.01615	0.00955	0.00820	0.05202	0.01482	0.02291	0.01214	0.01403	0.01001	0.00513	0.00506	0.00105	0.00509	0.00408	0.00412	0.76439
27	0.81159	0.01298	0.00986	0.00882	0.01298	0.01505	0.00727	0.01972	0.01142	0.03010	0.00934	0.01090	0.00727	0.00623	0.00415	0.00208	0.00519	0.00363	0.00415	0.00727
28	0.00804	0.00683	0.00695	0.00701	0.00925	0.00574	0.00532	0.00979	0.01530	0.01820	0.06673	0.06500	0.69357	0.01705	0.00798	0.00230	0.00350	0.03951	0.00623	0.00568
29	0.00976	0.00651	0.00732	0.00732	0.00732	0.00651	0.00407	0.00976	0.00976	0.01301	0.02114	0.04391	0.02439	0.76419	0.03415	0.00651	0.00651	0.00976	0.00407	0.00407
30	0.01480	0.01520	0.02412	0.05348	0.02223	0.01962	0.14347	0.01720	0.01147	0.01720	0.00985	0.01547	0.00907	0.01036	0.01866	0.00278	0.57808	0.00626	0.00302	0.00767
31	0.02506	0.03198	0.01901	0.01729	0.02074	0.73725	0.01296	0.02679	0.01901	0.01642	0.01037	0.01210	0.00864	0.00691	0.00605	0.00173	0.01210	0.00432	0.00346	0.00778
32	0.03010	0.01142	0.01557	0.01194	0.01713	0.00986	0.00986	0.03270	0.01920	0.72698	0.02647	0.02284	0.01661	0.00830	0.00675	0.00208	0.00571	0.00675	0.00830	0.01142
33	0.00866	0.00673	0.00791	0.00805	0.00976	0.00597	0.00601	0.01086	0.01619	0.02107	0.28273	0.16405	0.35760	0.01657	0.00809	0.00233	0.00355	0.05136	0.00662	0.00589
34	0.01094	0.00842	0.01083	0.01134	0.05971	0.00820	0.00778	0.05052	0.05941	0.02532	0.43939	0.14333	0.11093	0.01391	0.00779	0.00221	0.00397	0.01225	0.00678	0.00697
35	0.08976	0.01415	0.02104	0.16691	0.02530	0.01662	0.10758	0.04251	0.01313	0.02023	0.01090	0.01539	0.00915	0.00818	0.01209	0.00229	0.28600	0.00568	0.00342	0.12967
36	0.16517	0.15530	0.01899	0.01282	0.01672	0.12017	0.01065	0.19589	0.01842	0.02591	0.01651	0.06077	0.05134	0.00871	0.00713	0.00200	0.07038	0.00613	0.02857	0.00844
37	0.05304	0.05552	0.03718	0.01404	0.03236	0.15722	0.02503	0.13197	0.09535	0.05663	0.02307	0.07008	0.07765	0.00992	0.00670	0.00206	0.00722	0.07021	0.00526	0.06949

[dist]
# distance from previous block
# <min> <max>
0	6

[block]
# block no. 1 follows, 32 sequences, length 27
# corresponding to MSA columns:
# 88-114
name=unknown_B
#
# <colnr> <probs for GDERKNQSTAVLIFYWHMCP>
#	G	D	E	R	K	N	Q	S	T	A	V	L	I	F	Y	W	H	M	C	P
0	0.01728	0.01560	0.06325	0.03563	0.18538	0.03431	0.08855	0.05548	0.09895	0.10643	0.06736	0.02118	0.01636	0.01129	0.06302	0.00285	0.09608	0.00689	0.00474	0.00937
1	0.16217	0.14837	0.05623	0.01457	0.01972	0.05263	0.07849	0.23311	0.08399	0.02914	0.04910	0.01668	0.01322	0.00733	0.00598	0.00197	0.00728	0.00568	0.00496	0.00938
2	0.08239	0.00964	0.05607	0.01182	0.04696	0.00903	0.00907	0.01316	0.01239	0.01863	0.07457	0.11293	0.07262	0.06915	0.36363	0.00662	0.01148	0.00902	0.00438	0.00642
3	0.04959	0.05369	0.02004	0.10503	0.11985	0.11772	0.01349	0.18017	0.02024	0.22937	0.01676	0.01734	0.01185	0.00734	0.00642	0.00199	0.00775	0.00579	0.00553	0.01005
4	0.01746	0.34319	0.07695	0.05676	0.16499	0.03584	0.01442	0.10193	0.03937	0.02126	0.01548	0.01713	0.05479	0.00701	0.00570	0.00180	0.00745	0.00541	0.00378	0.00926
5	0.01152	0.10171	0.07892	0.06416	0.06331	0.03027	0.01033	0.01423	0.01457	0.01881	0.07448	0.18790	0.22872	0.01285	0.00708	0.00213	0.00556	0.01095	0.00495	0.05754
6	0.00825	0.00659	0.00705	0.00732	0.00891	0.00576	0.00514	0.00960	0.01402	0.01717	0.05539	0.18216	0.49546	0.13255	0.01207	0.00300	0.00396	0.01434	0.00590	0.00538
7	0.01502	0.01573	0.10422	0.01527	0.06494	0.01468	0.01231	0.02880	0.45503	0.02660	0.14591	0.02752	0.02585	0.00936	0.00695	0.00221	0.00569	0.00795	0.00619	0.00978
8	0.01663	0.01791	0.04677	0.26423	0.36618	0.13432	0.01884	0.02052	0.01526	0.01945	0.01201	0.01620	0.00969	0.00638	0.00656	0.00203	0.00903	0.00567	0.00322	0.00911
9	0.00828	0.00603	0.00780	0.00901	0.00970	0.00556	0.00613	0.00969	0.01368	0.01818	0.10654	0.62282	0.11201	0.01992	0.00844	0.00262	0.00377	0.01792	0.00634	0.00556
10	0.00815	0.00672	0.00716	0.00723	0.00924	0.00573	0.00535	0.00999	0.01555	0.01915	0.14743	0.12342	0.57783	0.01693	0.00798	0.00229	0.00341	0.01433	0.00638	0.00573
11	0.01390	0.01318	0.02234	0.52806	0.25664	0.01523	0.01924	0.01822	0.01400	0.01863	0.01214	0.01749	0.00947	0.00648	0.00669	0.00216	0.00864	0.00597	0.00309	0.00844
12	0.07125	0.71750	0.03346	0.01130	0.01694	0.02578	0.01120	0.02007	0.01348	0.01675	0.00933	0.01077	0.00852	0.00577	0.00430	0.00148	0.00704	0.00359	0.00296	0.00852
13	0.33184	0.00964	0.00939	0.05482	0.01307	0.01051	0.00707	0.01787	0.01385	0.06313	0.10365	0.02196	0.01845	0.00788	0.00511	0.00191	0.00446	0.00595	0.29243	0.00701
14	0.01914	0.44852	0.09179	0.01365	0.01893	0.23328	0.01281	0.02165	0.01534	0.01658	0.01274	0.01409	0.04330	0.00669	0.00518	0.00162	0.00869	0.00444	0.00320	0.00834
15	0.01701	0.07114	0.05211	0.01240	0.01760	0.04999	0.01064	0.07717	0.01562	0.07331	0.01270	0.01453	0.01018	0.00651	0.00735	0.00152	0.09488	0.00462	0.00424	0.44650
16	0.01497	0.10860	0.15675	0.10134	0.16799	0.08053	0.08973	0.01918	0.01533	0.01993	0.06766	0.02296	0.09094	0.00791	0.00664	0.00202	0.00824	0.00689	0.00376	0.00863
17	0.01411	0.10055	0.53962	0.07418	0.06469	0.01666	0.05781	0.02081	0.01420	0.02047	0.01189	0.01445	0.00874	0.00628	0.00630	0.00207	0.00956	0.00511	0.00290	0.00960
18	0.01562	0.03070	0.59321	0.01895	0.02807	0.01501	0.07305	0.02263	0.01489	0.10525	0.01387	0.01549	0.00959	0.00655	0.00653	0.00213	0.00952	0.00539	0.00353	0.01003
19	0.01453	0.05651	0.01254	0.01073	0.01308	0.00942	0.00835	0.01836	0.08553	0.16028	0.10540	0.27284	0.03255	0.01880	0.09449	0.00339	0.00638	0.06293	0.00630	0.00758
20	0.02081	0.01660	0.01718	0.01375	0.01841	0.06201	0.01101	0.41186	0.07105	0.03315	0.01826	0.10457	0.01551	0.00906	0.00660	0.00192	0.00671	0.00723	0.00598	0.14833
21	0.00818	0.00584	0.00779	0.00934	0.00973	0.00545	0.00623	0.00934	0.01285	0.01713	0.03698	0.75981	0.04438	0.02102	0.00856	0.00273	0.00389	0.01908	0.00623	0.00545
22	0.00970	0.00674	0.00849	0.00849	0.00889	0.00714	0.00553	0.01051	0.01010	0.01388	0.02007	0.03798	0.02182	0.52287	0.27195	0.00795	0.01038	0.00889	0.00391	0.00472
23	0.01791	0.01800	0.06169	0.02985	0.37748	0.05976	0.08949	0.12355	0.06960	0.02492	0.01536	0.01998	0.01265	0.00721	0.00689	0.00209	0.00829	0.04091	0.00423	0.01014
24	0.01027	0.00798	0.00945	0.00922	0.01119	0.00781	0.00701	0.03809	0.08721	0.02279	0.27316	0.13414	0.23944	0.01744	0.05413	0.00285	0.00479	0.04988	0.00653	0.00662
25	0.01922	0.53790	0.04727	0.01322	0.01830	0.18023	0.01221	0.02199	0.03936	0.01650	0.01024	0.01178	0.00904	0.00634	0.00543	0.00160	0.03376	0.00400	0.00314	0.00849
26	0.01755	0.01698	0.04095	0.02350	0.22505	0.05855	0.12185	0.12765	0.03240	0.02483	0.01328	0.01583	0.01052	0.00610	0.00633	0.00174	0.00778	0.00562	0.00413	0.23933

[dist]
# distance from previous block
# <min> <max>
0	1

[block]
# block no. 2 follows, 32 sequences, length 29
# corresponding to MSA columns:
# 116-144
name=unknown_C
#
# <colnr> <probs for GDERKNQSTAVLIFYWHMCP>
#	G	D	E	R	K	N	Q	S	T	A	V	L	I	F	Y	W	H	M	C	P
0	0.05477	0.08098	0.09583	0.14717	0.23153	0.18705	0.01694	0.02206	0.04760	0.01978	0.01209	0.01512	0.00975	0.00664	0.00655	0.00198	0.02656	0.00525	0.00340	0.00895
1	0.30177	0.01401	0.02041	0.22239	0.20384	0.01545	0.09129	0.01943	0.01344	0.02351	0.01136	0.01507	0.00890	0.00623	0.00591	0.00212	0.00761	0.00535	0.00354	0.00837
2	0.01476	0.01265	0.01366	0.01394	0.08125	0.06550	0.00963	0.15530	0.09379	0.02513	0.10906	0.15354	0.19886	0.01283	0.00740	0.00221	0.00555	0.01087	0.00603	0.00803
3	0.01125	0.00943	0.01147	0.00989	0.01296	0.00845	0.00765	0.01354	0.01422	0.02028	0.10623	0.17279	0.14647	0.01216	0.00821	0.00191	0.07370	0.02883	0.00515	0.32538
4	0.01732	0.01358	0.01895	0.33291	0.08962	0.01548	0.01519	0.12970	0.14943	0.08932	0.01796	0.02188	0.01369	0.00799	0.00684	0.00221	0.00750	0.03619	0.00496	0.00926
5	0.01267	0.01193	0.02013	0.74806	0.04621	0.01491	0.01863	0.01714	0.01342	0.01714	0.01193	0.01789	0.00894	0.00671	0.00671	0.00224	0.00894	0.00596	0.00298	0.00745
6	0.01560	0.01477	0.02429	0.22045	0.48328	0.01575	0.01917	0.02110	0.07904	0.02126	0.01380	0.01772	0.01111	0.00646	0.00668	0.00208	0.00798	0.00612	0.00356	0.00981
7	0.01794	0.76823	0.03516	0.01148	0.01722	0.02655	0.01148	0.02009	0.01363	0.01579	0.00933	0.01076	0.00861	0.00574	0.00431	0.00144	0.00718	0.00359	0.00287	0.00861
8	0.65774	0.09189	0.01405	0.01200	0.07695	0.01633	0.00890	0.01984	0.01200	0.02788	0.00963	0.01140	0.00771	0.00616	0.00439	0.00200	0.00565	0.00384	0.00394	0.00771
9	0.01575	0.01719	0.09155	0.13581	0.54404	0.01580	0.04177	0.02021	0.01494	0.02119	0.01250	0.01660	0.01019	0.00611	0.00667	0.00205	0.00839	0.00594	0.00323	0.01008
10	0.05308	0.01750	0.16156	0.09974	0.12412	0.01393	0.17966	0.03876	0.01559	0.02246	0.12131	0.02328	0.03748	0.01020	0.04982	0.00265	0.00884	0.00736	0.00406	0.00857
11	0.73654	0.01319	0.01063	0.00929	0.01356	0.01509	0.00766	0.05384	0.01277	0.06310	0.01047	0.01171	0.00791	0.00642	0.00440	0.00207	0.00532	0.00390	0.00447	0.00766
12	0.00952	0.00764	0.00864	0.00832	0.01010	0.03071	0.00620	0.01213	0.01767	0.02363	0.48042	0.08589	0.24496	0.01475	0.00789	0.00217	0.00357	0.01276	0.00688	0.00615
13	0.00933	0.00657	0.00852	0.00893	0.00946	0.00676	0.00604	0.01049	0.01142	0.01560	0.05909	0.22047	0.02977	0.33361	0.20804	0.00635	0.00865	0.03111	0.00471	0.00509
14	0.01768	0.72526	0.07582	0.01193	0.01791	0.02591	0.01226	0.02016	0.01366	0.01611	0.00949	0.01096	0.00860	0.00578	0.00443	0.00148	0.00734	0.00367	0.00287	0.00869
15	0.01051	0.00834	0.01174	0.01123	0.01197	0.01010	0.00856	0.01223	0.01048	0.01513	0.01705	0.02806	0.01701	0.19540	0.46376	0.00851	0.14300	0.00751	0.00358	0.00582
16	0.00837	0.00604	0.00793	0.00909	0.00975	0.00560	0.00619	0.00988	0.01392	0.01871	0.14566	0.61722	0.07737	0.01969	0.00843	0.00261	0.00376	0.01776	0.00641	0.00560
17	0.01631	0.04856	0.01505	0.08002	0.01815	0.07804	0.01019	0.08405	0.22925	0.07118	0.08219	0.08394	0.11083	0.03276	0.00777	0.00229	0.00607	0.00887	0.00592	0.00856
18	0.01437	0.09953	0.55378	0.02192	0.13800	0.01665	0.02289	0.02104	0.01429	0.02085	0.01188	0.01424	0.00885	0.00625	0.00623	0.00204	0.00935	0.00499	0.00291	0.00991
19	0.01291	0.01218	0.02021	0.63991	0.07358	0.01519	0.01813	0.01708	0.01319	0.01724	0.01189	0.01783	0.00923	0.00830	0.02872	0.00252	0.06532	0.00599	0.00301	0.00755
20	0.01805	0.30316	0.32251	0.01540	0.02258	0.10297	0.01708	0.02255	0.01501	0.08576	0.01222	0.01349	0.00933	0.00639	0.00561	0.00182	0.00876	0.00455	0.00344	0.00933
21	0.01880	0.05269	0.01579	0.05605	0.05190	0.01144	0.02878	0.04162	0.09964	0.26538	0.08466	0.08317	0.12023	0.01081	0.00711	0.00218	0.00560	0.02858	0.00652	0.00905
22	0.03918	0.07243	0.01987	0.07000	0.07431	0.26663	0.01323	0.09582	0.14876	0.02235	0.03341	0.01687	0.01280	0.00790	0.00773	0.00203	0.07776	0.00565	0.00442	0.00885
23	0.01119	0.04512	0.01076	0.01017	0.01168	0.00849	0.00761	0.05292	0.04593	0.03825	0.03432	0.39914	0.08710	0.08663	0.01055	0.00295	0.00494	0.11993	0.00597	0.00635
24	0.01582	0.01514	0.02581	0.18253	0.58714	0.01574	0.02020	0.01990	0.01491	0.02097	0.01248	0.01686	0.01029	0.00612	0.00666	0.00204	0.00817	0.00598	0.00325	0.00999
25	0.08652	0.01202	0.01918	0.67973	0.04314	0.01492	0.01758	0.01738	0.01323	0.01834	0.01169	0.01724	0.00879	0.00666	0.00647	0.00222	0.00860	0.00575	0.00309	0.00744
26	0.02563	0.02885	0.01873	0.01659	0.02037	0.60871	0.01262	0.07583	0.01994	0.09352	0.01249	0.01353	0.00969	0.00714	0.00617	0.00179	0.01108	0.00470	0.00420	0.00843
27	0.01290	0.01209	0.01958	0.63705	0.04174	0.01469	0.01742	0.01706	0.01328	0.01752	0.01174	0.01733	0.00903	0.00684	0.00744	0.00216	0.05209	0.00577	0.00307	0.08119
28	0.01473	0.01174	0.01763	0.40765	0.03197	0.01409	0.01480	0.01998	0.09530	0.09512	0.01753	0.08971	0.01473	0.01046	0.03170	0.00262	0.09039	0.00751	0.00433	0.00801

[dist]
# distance from previous block
# <min> <max>
0	4

[block]
# block no. 3 follows, 32 sequences, length 23
# corresponding to MSA columns:
# 149-171
name=unknown_D
#
# <colnr> <probs for GDERKNQSTAVLIFYWHMCP>
#	G	D	E	R	K	N	Q	S	T	A	V	L	I	F	Y	W	H	M	C	P
0	0.13731	0.35742	0.31098	0.01415	0.02133	0.02038	0.01620	0.02050	0.01351	0.02017	0.01042	0.01216	0.00836	0.00607	0.00512	0.00181	0.00798	0.00415	0.00305	0.00893
1	0.01584	0.02735	0.41175	0.01842	0.02626	0.06617	0.09969	0.08808	0.01629	0.02297	0.01241	0.01466	0.00920	0.00645	0.00679	0.00197	0.02909	0.00526	0.00348	0.11788
2	0.04069	0.01378	0.02111	0.07817	0.31008	0.01434	0.06771	0.03704	0.11894	0.02231	0.02235	0.06886	0.09300	0.00886	0.00744	0.00216	0.03246	0.00796	0.00444	0.02829
3	0.01391	0.01193	0.01391	0.00994	0.01590	0.00894	0.00795	0.01690	0.01391	0.02186	0.01193	0.01391	0.00994	0.00497	0.00497	0.00099	0.00497	0.00398	0.00398	0.80521
4	0.00834	0.00675	0.00741	0.00738	0.00935	0.00582	0.00548	0.01036	0.01604	0.02024	0.22765	0.10981	0.50898	0.01646	0.00797	0.00226	0.00338	0.01400	0.00652	0.00582
5	0.00980	0.00775	0.00832	0.00796	0.01036	0.00706	0.00604	0.01359	0.08889	0.04218	0.17737	0.05662	0.50918	0.01532	0.00778	0.00223	0.00363	0.01289	0.00656	0.00648
6	0.01391	0.01369	0.02138	0.06393	0.04966	0.01753	0.09423	0.01631	0.01142	0.01698	0.01127	0.01734	0.01040	0.01701	0.13999	0.00410	0.46392	0.00635	0.00312	0.00746
7	0.00897	0.00684	0.00824	0.00789	0.00970	0.00611	0.00591	0.01164	0.01774	0.02394	0.49886	0.05501	0.28509	0.01482	0.00792	0.00216	0.00324	0.01282	0.00700	0.00611
8	0.01517	0.01189	0.01404	0.01009	0.01600	0.00902	0.00810	0.01812	0.01432	0.07651	0.01305	0.01461	0.01046	0.00523	0.00511	0.00108	0.00503	0.00419	0.00431	0.74369
9	0.01859	0.01984	0.02486	0.06441	0.51672	0.19851	0.01858	0.02202	0.01615	0.02033	0.01202	0.01552	0.01006	0.00625	0.00650	0.00194	0.00906	0.00556	0.00334	0.00978
10	0.04837	0.26224	0.43264	0.01605	0.02410	0.01936	0.01906	0.06874	0.01511	0.02139	0.01137	0.01310	0.00869	0.00629	0.00566	0.00190	0.00869	0.00455	0.00317	0.00950
11	0.00957	0.00666	0.00797	0.00790	0.00842	0.00669	0.00502	0.01042	0.01143	0.01544	0.11002	0.04369	0.07696	0.51990	0.12690	0.00626	0.00747	0.01000	0.00456	0.00473
12	0.00959	0.00719	0.01078	0.01078	0.01198	0.00839	0.00839	0.01198	0.01078	0.01558	0.01797	0.02636	0.01677	0.05032	0.73760	0.01078	0.01797	0.00719	0.00359	0.00599
13	0.00980	0.00968	0.05305	0.01045	0.01175	0.06279	0.00784	0.01144	0.01351	0.01737	0.03474	0.62545	0.06902	0.01885	0.00821	0.00259	0.00488	0.01685	0.00580	0.00591
14	0.01855	0.01826	0.02402	0.13304	0.42569	0.12881	0.01809	0.11083	0.01775	0.02309	0.01263	0.01602	0.01019	0.00650	0.00657	0.00199	0.00867	0.00573	0.00374	0.00984
15	0.01440	0.01624	0.06219	0.05216	0.11561	0.01473	0.44197	0.01913	0.01510	0.02063	0.01734	0.14475	0.01597	0.00840	0.00776	0.00230	0.00948	0.00939	0.00383	0.00861
16	0.01673	0.11341	0.12067	0.01701	0.01970	0.14604	0.01539	0.01921	0.01276	0.01686	0.00960	0.01367	0.00871	0.00941	0.01486	0.00243	0.42740	0.00519	0.00300	0.00793
17	0.01805	0.35938	0.16734	0.10517	0.02396	0.18708	0.01535	0.02151	0.01496	0.01718	0.01043	0.01263	0.00864	0.00626	0.00542	0.00174	0.00907	0.00432	0.00301	0.00854
18	0.01486	0.01884	0.20625	0.04149	0.08120	0.01418	0.16637	0.04229	0.01499	0.07021	0.01960	0.13426	0.04691	0.00970	0.00883	0.00233	0.08619	0.00859	0.00421	0.00871
19	0.01424	0.18095	0.14041	0.16589	0.02293	0.01440	0.01338	0.01809	0.01556	0.07697	0.18960	0.02745	0.07577	0.00905	0.00651	0.00200	0.00663	0.00745	0.00468	0.00804
20	0.01466	0.01025	0.01116	0.01064	0.01289	0.05350	0.00788	0.06983	0.08582	0.11833	0.03462	0.31370	0.14220	0.01568	0.00898	0.05872	0.00512	0.01255	0.00621	0.00726
21	0.01981	0.01719	0.01852	0.17284	0.12382	0.18295	0.01387	0.06497	0.08038	0.14004	0.01808	0.08619	0.01488	0.00854	0.00673	0.00209	0.00811	0.00708	0.00492	0.00899
22	0.06135	0.04027	0.03960	0.13121	0.36792	0.12978	0.01729	0.06476	0.01652	0.05066	0.01267	0.01576	0.01008	0.00647	0.00636	0.00198	0.00850	0.00553	0.00373	0.00956

[dist]
# distance from previous block
# <min> <max>
4	13

[block]
# block no. 4 follows, 32 sequences, length 8
# corresponding to MSA columns:
# 185-192
name=unknown_E
#
# <colnr> <probs for GDERKNQSTAVLIFYWHMCP>
#	G	D	E	R	K	N	Q	S	T	A	V	L	I	F	Y	W	H	M	C	P
0	0.12990	0.01947	0.02120	0.18952	0.08654	0.22526	0.09147	0.04907	0.01563	0.02059	0.01122	0.01476	0.00899	0.00707	0.00779	0.00211	0.08242	0.00538	0.00351	0.00812
1	0.14794	0.14405	0.05020	0.01351	0.01835	0.17807	0.01159	0.16718	0.01889	0.08343	0.01396	0.01666	0.01117	0.00737	0.00575	0.00186	0.00781	0.03669	0.00470	0.06080
2	0.01040	0.08193	0.01087	0.00880	0.00982	0.00853	0.00622	0.01109	0.01125	0.01474	0.02489	0.13732	0.07773	0.32440	0.12798	0.08407	0.00759	0.03298	0.00430	0.00508
3	0.01070	0.00870	0.00927	0.00943	0.01071	0.05451	0.00666	0.04572	0.01489	0.01921	0.13518	0.29498	0.13795	0.15120	0.03928	0.00344	0.00546	0.03110	0.00576	0.00585
4	0.01026	0.08187	0.01050	0.00845	0.00920	0.00848	0.00562	0.01092	0.01081	0.01430	0.02259	0.17135	0.02578	0.48149	0.09555	0.00572	0.00721	0.01062	0.00430	0.00496
5	0.06970	0.41403	0.12258	0.01532	0.02153	0.04920	0.11149	0.08798	0.01585	0.02090	0.01100	0.01285	0.00901	0.00612	0.00539	0.00175	0.00820	0.00466	0.00343	0.00900
6	0.14619	0.07040	0.09272	0.01236	0.01642	0.12980	0.01095	0.01977	0.06881	0.02273	0.13048	0.05761	0.02319	0.00965	0.00638	0.00204	0.00669	0.08300	0.00483	0.08601
7	0.01791	0.27512	0.07414	0.01394	0.01849	0.16056	0.04149	0.08950	0.05873	0.02007	0.01655	0.08498	0.03370	0.03623	0.02898	0.00229	0.00832	0.00656	0.00410	0.00835

[dist]
# distance from previous block
# <min> <max>
1	22

[block]
# block no. 5 follows, 32 sequences, length 15
# corresponding to MSA columns:
# 215-229
name=unknown_F
#
# <colnr> <probs for GDERKNQSTAVLIFYWHMCP>
#	G	D	E	R	K	N	Q	S	T	A	V	L	I	F	Y	W	H	M	C	P
0	0.04762	0.27034	0.08677	0.01363	0.01898	0.05904	0.01253	0.19891	0.12450	0.05146	0.04360	0.01672	0.01359	0.00740	0.00582	0.00186	0.00717	0.00545	0.00492	0.00967
1	0.12763	0.01600	0.07120	0.06120	0.01900	0.06313	0.01122	0.19509	0.03462	0.02784	0.09051	0.08500	0.01869	0.00877	0.00629	0.00193	0.00649	0.00700	0.00515	0.14327
2	0.57780	0.01676	0.01222	0.01091	0.01494	0.15832	0.00870	0.02257	0.05239	0.05679	0.01128	0.01244	0.00868	0.00661	0.00479	0.00202	0.00659	0.00412	0.00434	0.00773
3	0.01402	0.00864	0.01051	0.00972	0.01233	0.00812	0.00757	0.03875	0.07241	0.15602	0.21172	0.12344	0.21809	0.01418	0.00775	0.00230	0.00433	0.06563	0.00697	0.00751
4	0.00947	0.00666	0.00836	0.00879	0.00936	0.00674	0.00598	0.01052	0.01138	0.01521	0.02743	0.16713	0.06688	0.38912	0.15110	0.00602	0.00790	0.08229	0.00470	0.00496
5	0.08317	0.17928	0.21617	0.04973	0.13684	0.08680	0.03732	0.02237	0.01503	0.09556	0.01277	0.01458	0.00972	0.00642	0.00587	0.00192	0.00840	0.00499	0.00369	0.00937
6	0.01362	0.00859	0.01095	0.05854	0.01426	0.00834	0.00801	0.01779	0.09047	0.14765	0.22626	0.19317	0.14781	0.01387	0.00765	0.00229	0.00442	0.01208	0.00677	0.00748
7	0.00846	0.00604	0.00811	0.00966	0.01018	0.00569	0.00672	0.00983	0.01312	0.01744	0.03683	0.68687	0.04376	0.02076	0.00864	0.00276	0.00414	0.08924	0.00622	0.00553
8	0.01386	0.05617	0.01432	0.08993	0.01692	0.05269	0.00967	0.12534	0.03715	0.02096	0.02620	0.26168	0.07940	0.10105	0.01147	0.00283	0.05705	0.01109	0.00515	0.00709
9	0.02031	0.04681	0.02271	0.02672	0.34933	0.05917	0.01566	0.16865	0.06510	0.10106	0.01552	0.01738	0.01193	0.00766	0.00738	0.03599	0.00755	0.00598	0.00479	0.01030
10	0.01614	0.01548	0.02473	0.06545	0.58702	0.03698	0.01872	0.02065	0.04521	0.02222	0.06924	0.01954	0.01510	0.00678	0.00674	0.00202	0.00764	0.00649	0.00378	0.01007
11	0.00959	0.00648	0.00759	0.00775	0.00787	0.00652	0.00457	0.00986	0.01013	0.01359	0.02251	0.11421	0.02588	0.64272	0.07819	0.00641	0.00700	0.01052	0.00425	0.00433
12	0.01826	0.07981	0.10963	0.05658	0.32549	0.04006	0.04583	0.10902	0.04685	0.06304	0.01397	0.01640	0.01086	0.00674	0.00690	0.00202	0.02852	0.00581	0.00407	0.01015
13	0.08905	0.30871	0.10076	0.01636	0.08216	0.20164	0.01370	0.05013	0.01597	0.04970	0.01118	0.01273	0.00913	0.00637	0.00536	0.00174	0.00855	0.00437	0.00355	0.00884
14	0.01885	0.40982	0.05161	0.04311	0.01956	0.20215	0.01218	0.02198	0.04381	0.01739	0.01083	0.01245	0.00927	0.00615	0.00509	0.00155	0.00826	0.00413	0.00331	0.09850

[dist]
# distance from previous block
# <min> <max>
0	1

[block]
# block no. 6 follows, 32 sequences, length 19
# corresponding to MSA columns:
# 231-249
name=unknown_G
#
# <colnr> <probs for GDERKNQSTAVLIFYWHMCP>
#	G	D	E	R	K	N	Q	S	T	A	V	L	I	F	Y	W	H	M	C	P
0	0.01561	0.07611	0.16165	0.02257	0.05077	0.07851	0.35605	0.02063	0.01557	0.02033	0.01697	0.02282	0.04653	0.00743	0.00726	0.00218	0.00994	0.05673	0.00360	0.00874
1	0.01065	0.00807	0.00924	0.00878	0.01108	0.00759	0.00681	0.04313	0.06630	0.04206	0.27263	0.05473	0.35062	0.01487	0.00787	0.00227	0.00392	0.06599	0.00672	0.00668
2	0.01462	0.01354	0.04083	0.10450	0.14488	0.01341	0.10466	0.04583	0.16224	0.04952	0.05433	0.05003	0.15305	0.00970	0.00721	0.00220	0.00674	0.00876	0.00513	0.00881
3	0.05383	0.02132	0.02491	0.13555	0.09774	0.25963	0.18603	0.07730	0.01738	0.02104	0.01201	0.01531	0.00944	0.00670	0.00717	0.00205	0.03459	0.00580	0.00363	0.00859
4	0.00832	0.00590	0.00774	0.00915	0.00951	0.00555	0.00603	0.00938	0.01256	0.01675	0.03551	0.69329	0.04252	0.09008	0.01094	0.00308	0.00414	0.01821	0.00603	0.00532
5	0.00814	0.00596	0.00766	0.00903	0.00965	0.00548	0.00609	0.00938	0.01315	0.01725	0.04084	0.67323	0.12847	0.02052	0.00849	0.00267	0.00383	0.01846	0.00623	0.00548
6	0.01332	0.01303	0.06697	0.08013	0.07600	0.01357	0.03370	0.07820	0.01417	0.02005	0.04117	0.05298	0.01659	0.02330	0.24870	0.00517	0.15291	0.03843	0.00398	0.00762
7	0.03010	0.01142	0.01557	0.01194	0.01713	0.00986	0.00986	0.03270	0.01920	0.72698	0.02647	0.02284	0.01661	0.00830	0.00675	0.00208	0.00571	0.00675	0.00830	0.01142
8	0.00818	0.00584	0.00779	0.00934	0.00973	0.00545	0.00623	0.00934	0.01285	0.01713	0.03698	0.75981	0.04438	0.02102	0.00856	0.00273	0.00389	0.01908	0.00623	0.00545
9	0.01540	0.01900	0.10469	0.09091	0.09871	0.01656	0.51048	0.02101	0.01541	0.02113	0.01319	0.01756	0.00995	0.00585	0.00754	0.00222	0.01066	0.00728	0.00330	0.00914
10	0.02471	0.03017	0.01949	0.01825	0.05351	0.64575	0.01330	0.08083	0.01985	0.01877	0.01094	0.01263	0.00896	0.00696	0.00613	0.00176	0.01153	0.00454	0.00371	0.00820
11	0.81159	0.01298	0.00986	0.00882	0.01298	0.01505	0.00727	0.01972	0.01142	0.03010	0.00934	0.01090	0.00727	0.00623	0.00415	0.00208	0.00519	0.00363	0.00415	0.00727
12	0.02379	0.01794	0.01917	0.01509	0.02015	0.02000	0.01234	0.57029	0.16402	0.03951	0.01830	0.01785	0.01318	0.00826	0.00673	0.00206	0.00698	0.00634	0.00673	0.01126
13	0.00937	0.00685	0.00879	0.00831	0.00995	0.00628	0.00623	0.01242	0.01869	0.02620	0.66627	0.05129	0.11628	0.01398	0.00792	0.00212	0.00318	0.01230	0.00729	0.00628
14	0.01052	0.00856	0.00952	0.00952	0.01162	0.00858	0.00713	0.01657	0.18904	0.02096	0.09075	0.19738	0.29777	0.03776	0.00864	0.00253	0.00423	0.05564	0.00639	0.00689
15	0.01372	0.01039	0.01203	0.01139	0.01397	0.01104	0.00896	0.05498	0.26240	0.05162	0.16620	0.07725	0.07905	0.05564	0.00921	0.00264	0.00505	0.13977	0.00664	0.00805
16	0.21556	0.30624	0.28658	0.01365	0.02054	0.01959	0.01536	0.02043	0.01328	0.02141	0.01034	0.01206	0.00823	0.00610	0.00504	0.00185	0.00769	0.00411	0.00318	0.00876
17	0.07901	0.12019	0.28126	0.01476	0.02112	0.06717	0.01553	0.07266	0.09040	0.08423	0.01819	0.04485	0.04679	0.00795	0.00617	0.00204	0.00777	0.00611	0.00446	0.00934
18	0.10166	0.25612	0.16572	0.04895	0.10368	0.04499	0.01505	0.05412	0.09137	0.04046	0.01315	0.01464	0.01034	0.00658	0.00560	0.00189	0.00763	0.00491	0.00383	0.00931

[dist]
# distance from previous block
# <min> <max>
1	11

[block]
# block no. 7 follows, 32 sequences, length 67
# corresponding to MSA columns:
# 261-327
name=unknown_H
#
# <colnr> <probs for GDERKNQSTAVLIFYWHMCP>
#	G	D	E	R	K	N	Q	S	T	A	V	L	I	F	Y	W	H	M	C	P
0	0.04206	0.09286	0.02406	0.04870	0.13683	0.17543	0.08333	0.24621	0.04072	0.02701	0.01336	0.01519	0.01034	0.00693	0.00638	0.00194	0.00883	0.00559	0.00454	0.00970
1	0.01299	0.01242	0.02148	0.68168	0.07056	0.01506	0.05672	0.01751	0.01362	0.01756	0.01204	0.01785	0.00908	0.00662	0.00677	0.00223	0.00904	0.00607	0.00302	0.00766
2	0.01267	0.01193	0.02013	0.74806	0.04621	0.01491	0.01863	0.01714	0.01342	0.01714	0.01193	0.01789	0.00894	0.00671	0.00671	0.00224	0.00894	0.00596	0.00298	0.00745
3	0.01659	0.01551	0.02541	0.13096	0.56539	0.01611	0.01948	0.05878	0.04488	0.02269	0.01334	0.01710	0.01086	0.00632	0.00666	0.00204	0.00795	0.00605	0.00361	0.01026
4	0.01669	0.01441	0.01517	0.01365	0.01745	0.01669	0.01062	0.03565	0.71021	0.02807	0.02731	0.02503	0.02048	0.00910	0.00683	0.00228	0.00531	0.00759	0.00683	0.01062
5	0.00960	0.00703	0.00931	0.01062	0.01194	0.00674	0.00859	0.01191	0.01466	0.01891	0.04090	0.27571	0.14401	0.01903	0.00886	0.00286	0.00508	0.38217	0.00620	0.00589
6	0.00976	0.00651	0.00732	0.00732	0.00732	0.00651	0.00407	0.00976	0.00976	0.01301	0.02114	0.04391	0.02439	0.76419	0.03415	0.00651	0.00651	0.00976	0.00407	0.00407
7	0.00943	0.00681	0.00891	0.00849	0.01001	0.00629	0.00633	0.01249	0.01868	0.02641	0.68398	0.08635	0.06234	0.01409	0.00795	0.00214	0.00320	0.01249	0.00733	0.00629
8	0.01386	0.10053	0.66713	0.01844	0.02798	0.01657	0.02360	0.02115	0.01412	0.02076	0.01180	0.01386	0.00851	0.00632	0.00619	0.00206	0.00967	0.00484	0.00284	0.00980
9	0.01794	0.76823	0.03516	0.01148	0.01722	0.02655	0.01148	0.02009	0.01363	0.01579	0.00933	0.01076	0.00861	0.00574	0.00431	0.00144	0.00718	0.00359	0.00287	0.00861
10	0.00976	0.00651	0.00732	0.00732	0.00732	0.00651	0.00407	0.00976	0.00976	0.01301	0.02114	0.04391	0.02439	0.76419	0.03415	0.00651	0.00651	0.00976	0.00407	0.00407
11	0.01820	0.01419	0.01735	0.01273	0.01853	0.01280	0.05251	0.20801	0.01925	0.06874	0.01404	0.01531	0.01075	0.00606	0.00574	0.00142	0.00608	0.00496	0.00495	0.48837
12	0.01444	0.01097	0.01236	0.01102	0.01420	0.01137	0.00851	0.05153	0.29594	0.07203	0.19016	0.08371	0.11731	0.01156	0.00719	0.00215	0.00457	0.00984	0.00673	0.06441
13	0.01696	0.20690	0.39271	0.01781	0.06004	0.05459	0.01912	0.11657	0.01678	0.02269	0.01191	0.01365	0.00905	0.00647	0.00592	0.00192	0.00891	0.00480	0.00344	0.00974
14	0.01418	0.00923	0.01110	0.01064	0.01278	0.00913	0.00787	0.15427	0.01765	0.10184	0.03457	0.45539	0.10124	0.01653	0.00792	0.00246	0.00477	0.01452	0.00656	0.00737
15	0.00842	0.00679	0.00755	0.00787	0.00977	0.00593	0.00598	0.01034	0.01534	0.01898	0.11632	0.14693	0.50677	0.01736	0.00815	0.00240	0.00375	0.08927	0.00632	0.00575
16	0.00858	0.00612	0.00755	0.00852	0.00900	0.00576	0.00552	0.00949	0.01227	0.01611	0.03597	0.49102	0.11087	0.22273	0.01546	0.00370	0.00455	0.01602	0.00564	0.00510
17	0.01561	0.01795	0.11259	0.12622	0.30544	0.06171	0.06760	0.04294	0.06125	0.02139	0.01591	0.09164	0.01404	0.00795	0.00688	0.00214	0.00826	0.00731	0.00386	0.00931
18	0.00927	0.00669	0.00877	0.00859	0.00998	0.00618	0.00631	0.01210	0.01796	0.02526	0.60399	0.16962	0.06012	0.01495	0.00802	0.00221	0.00329	0.01330	0.00719	0.00618
19	0.00919	0.00678	0.00892	0.00988	0.01029	0.00694	0.00691	0.01036	0.01238	0.01663	0.03202	0.51068	0.03772	0.15165	0.01412	0.00345	0.05797	0.08310	0.00561	0.00541
20	0.04048	0.14266	0.12565	0.07868	0.02511	0.12479	0.15566	0.03967	0.01556	0.09093	0.01333	0.01653	0.01046	0.03815	0.00840	0.00221	0.05342	0.00576	0.00381	0.00872
21	0.01445	0.03332	0.68704	0.01870	0.02833	0.01524	0.02390	0.02193	0.01447	0.06315	0.01290	0.01468	0.00898	0.00649	0.00640	0.00212	0.00967	0.00506	0.00316	0.01001
22	0.00856	0.00682	0.00767	0.00746	0.00945	0.00593	0.00559	0.01084	0.01677	0.02164	0.32836	0.05879	0.45703	0.01568	0.00792	0.00220	0.00331	0.01335	0.00669	0.00593
23	0.01665	0.06996	0.01462	0.01132	0.01464	0.03768	0.00899	0.13080	0.13283	0.11030	0.19822	0.10389	0.09920	0.01158	0.00712	0.00213	0.00522	0.00971	0.00658	0.00854
24	0.01972	0.17077	0.06396	0.01712	0.08804	0.18331	0.01325	0.06958	0.23463	0.04951	0.01676	0.01711	0.01301	0.00737	0.00609	0.00192	0.00792	0.00560	0.00473	0.00961
25	0.01408	0.01557	0.05407	0.04081	0.02651	0.04787	0.38383	0.01891	0.03835	0.02041	0.02207	0.13311	0.04636	0.01019	0.00797	0.00240	0.00900	0.09612	0.00435	0.00801
26	0.01142	0.00591	0.00857	0.00857	0.00857	0.00591	0.00561	0.00887	0.00887	0.01182	0.01281	0.02326	0.01321	0.11359	0.02719	0.70750	0.00591	0.00631	0.00305	0.00305
27	0.01521	0.01269	0.01461	0.01055	0.01645	0.01027	0.00849	0.09328	0.01589	0.02415	0.01239	0.01416	0.01010	0.00531	0.00516	0.00111	0.00524	0.00421	0.00428	0.71644
28	0.01115	0.00828	0.00998	0.01027	0.01178	0.00832	0.00743	0.10401	0.05741	0.02193	0.07808	0.49879	0.08997	0.01774	0.00815	0.00254	0.00444	0.03668	0.00640	0.00665
29	0.02276	0.07322	0.10538	0.01449	0.01984	0.09503	0.01295	0.22448	0.11450	0.19309	0.04396	0.01906	0.01488	0.00796	0.00649	0.00201	0.00737	0.00614	0.00602	0.01034
30	0.01449	0.06240	0.61264	0.01786	0.02684	0.01552	0.02232	0.04368	0.01516	0.04930	0.04870	0.01626	0.01171	0.00685	0.00639	0.00209	0.00921	0.00537	0.00341	0.00979
31	0.01100	0.00920	0.01135	0.01101	0.01199	0.05452	0.00826	0.01277	0.01104	0.01513	0.01743	0.02826	0.01724	0.19657	0.48384	0.00867	0.07483	0.00745	0.00363	0.00580
32	0.01542	0.01688	0.08052	0.18466	0.41277	0.01587	0.13547	0.02008	0.01490	0.02080	0.01259	0.01694	0.01004	0.00611	0.00685	0.00210	0.00889	0.00623	0.00323	0.00965
33	0.01637	0.07359	0.18912	0.02323	0.13621	0.01635	0.21975	0.04772	0.05110	0.06362	0.05821	0.01887	0.01397	0.00702	0.00744	0.00212	0.03506	0.00666	0.00404	0.00954
34	0.06636	0.10797	0.14065	0.04350	0.20897	0.04863	0.04204	0.04888	0.03578	0.17119	0.01533	0.01660	0.01125	0.00674	0.00623	0.00199	0.00780	0.00560	0.00451	0.00999
35	0.01109	0.00771	0.01098	0.01062	0.01179	0.00878	0.00807	0.01305	0.01108	0.05741	0.01855	0.02852	0.01765	0.16655	0.53875	0.00914	0.05278	0.00753	0.00392	0.00606
36	0.01796	0.11927	0.16676	0.01633	0.04623	0.08782	0.05701	0.16073	0.01875	0.06024	0.04664	0.09070	0.01751	0.00927	0.00674	0.00210	0.00794	0.05416	0.00478	0.00906
37	0.01630	0.03874	0.09047	0.09734	0.19331	0.07202	0.14788	0.04566	0.08322	0.02167	0.04300	0.01830	0.01297	0.00736	0.00834	0.00217	0.08174	0.00647	0.00385	0.00919
38	0.00884	0.00642	0.00857	0.00955	0.01017	0.00650	0.00668	0.01028	0.01246	0.01707	0.03296	0.53340	0.06264	0.04951	0.13095	0.00413	0.03009	0.01565	0.03852	0.00560
39	0.01156	0.00943	0.01469	0.01480	0.06406	0.00972	0.08488	0.04783	0.01382	0.01881	0.02569	0.32791	0.02826	0.04867	0.08502	0.05371	0.05146	0.07815	0.00498	0.00654
40	0.01749	0.06583	0.14983	0.09284	0.02699	0.11657	0.17489	0.08651	0.03607	0.04316	0.01384	0.04287	0.01116	0.00765	0.00832	0.00217	0.08467	0.00642	0.00385	0.00888
41	0.01663	0.13119	0.06523	0.10543	0.04920	0.10903	0.05879	0.06631	0.05184	0.05066	0.10213	0.02477	0.06662	0.00888	0.00740	0.00206	0.04544	0.02547	0.00457	0.00835
42	0.01119	0.00740	0.01068	0.01043	0.01185	0.00827	0.00805	0.01349	0.01148	0.06584	0.01896	0.02709	0.01724	0.08759	0.60711	0.00945	0.01567	0.00726	0.04469	0.00627
43	0.01900	0.02338	0.14071	0.02101	0.11246	0.20893	0.09438	0.11118	0.09189	0.02311	0.01476	0.04335	0.01200	0.00771	0.00746	0.00208	0.04687	0.00625	0.00418	0.00931
44	0.04177	0.24835	0.30169	0.01643	0.02326	0.04172	0.08585	0.02135	0.05785	0.02033	0.04818	0.01590	0.01222	0.00684	0.00643	0.00195	0.03201	0.00534	0.00345	0.00906
45	0.00815	0.00617	0.00745	0.00846	0.00944	0.00555	0.00580	0.00945	0.01353	0.01732	0.04640	0.51446	0.25989	0.04339	0.00918	0.00270	0.00382	0.01721	0.00616	0.00547
46	0.04045	0.09349	0.07841	0.01712	0.04691	0.10583	0.10333	0.17637	0.06242	0.05018	0.04574	0.01947	0.04062	0.00959	0.03535	0.00238	0.05204	0.00640	0.00472	0.00919
47	0.07641	0.05625	0.11782	0.01531	0.02082	0.01708	0.05610	0.25895	0.09087	0.14391	0.01780	0.01935	0.01312	0.00807	0.00709	0.00213	0.03361	0.02937	0.00572	0.01022
48	0.01653	0.18989	0.24778	0.02487	0.24224	0.01800	0.08984	0.02139	0.01482	0.05593	0.01250	0.01501	0.00977	0.00613	0.00618	0.00194	0.00863	0.00537	0.00333	0.00983
49	0.01011	0.00818	0.00888	0.00870	0.01101	0.00775	0.00666	0.05348	0.08031	0.02106	0.09636	0.12831	0.45522	0.01605	0.00791	0.00235	0.00405	0.06071	0.00638	0.00652
50	0.05088	0.11827	0.23740	0.11369	0.07075	0.10773	0.07394	0.06680	0.05933	0.02168	0.01274	0.01511	0.00975	0.00660	0.00622	0.00201	0.00905	0.00532	0.00357	0.00917
51	0.01490	0.09399	0.06395	0.01842	0.15229	0.01392	0.06335	0.06181	0.09788	0.04529	0.06994	0.09233	0.05699	0.08621	0.00972	0.00259	0.00669	0.03634	0.00492	0.00847
52	0.00908	0.00630	0.00804	0.00895	0.00993	0.00574	0.00620	0.01059	0.01410	0.04451	0.11190	0.55000	0.15144	0.01916	0.00833	0.00257	0.00381	0.01713	0.00643	0.00580
53	0.01409	0.01370	0.02439	0.38027	0.25464	0.01496	0.11488	0.01838	0.01431	0.01926	0.01387	0.06157	0.01175	0.00718	0.00697	0.00219	0.00868	0.00702	0.00334	0.00856
54	0.04557	0.14148	0.06821	0.04257	0.23145	0.01752	0.03132	0.14010	0.05370	0.14091	0.01557	0.01674	0.01162	0.00688	0.00623	0.00196	0.00737	0.00571	0.00482	0.01028
55	0.01461	0.07474	0.45284	0.02300	0.09827	0.01663	0.18337	0.02117	0.01464	0.02103	0.01229	0.01513	0.00912	0.00613	0.00664	0.00210	0.00988	0.00568	0.00302	0.00970
56	0.00921	0.00680	0.00781	0.00783	0.00964	0.00596	0.00572	0.01113	0.01567	0.04596	0.20771	0.18229	0.40249	0.04030	0.00883	0.00244	0.00362	0.01416	0.00650	0.00594
57	0.05447	0.11677	0.16611	0.13725	0.07789	0.01627	0.17681	0.03768	0.01490	0.05363	0.01476	0.07673	0.01246	0.00747	0.00664	0.00212	0.00860	0.00691	0.00373	0.00881
58	0.01212	0.08307	0.05580	0.01187	0.01457	0.01109	0.04735	0.03714	0.07231	0.03955	0.08191	0.29945	0.10118	0.01662	0.05369	0.00288	0.03458	0.01217	0.00547	0.00719
59	0.01584	0.01810	0.03959	0.02828	0.03507	0.01697	0.69796	0.02149	0.01584	0.02149	0.01357	0.01810	0.01018	0.00566	0.00792	0.00226	0.01131	0.00792	0.00339	0.00905
60	0.01484	0.13486	0.52348	0.01897	0.06756	0.04006	0.02142	0.02212	0.05780	0.02080	0.01260	0.01445	0.00939	0.00645	0.00612	0.00202	0.00920	0.00497	0.00314	0.00975
61	0.04893	0.33194	0.12663	0.01355	0.01880	0.07201	0.01313	0.08450	0.03452	0.06406	0.01340	0.03886	0.01132	0.00999	0.05202	0.00240	0.04593	0.00522	0.00392	0.00884
62	0.01460	0.04521	0.19791	0.20010	0.05689	0.01643	0.33053	0.02031	0.01477	0.02021	0.01264	0.01683	0.00945	0.00609	0.00710	0.00219	0.01017	0.00654	0.00314	0.00890
63	0.00829	0.00607	0.00757	0.00871	0.00938	0.00559	0.00582	0.00943	0.01296	0.01689	0.04072	0.57000	0.15801	0.09380	0.01099	0.00302	0.00407	0.01731	0.00602	0.00535
64	0.01676	0.09645	0.10202	0.03883	0.08381	0.08796	0.32718	0.04526	0.04278	0.02098	0.01388	0.04328	0.01135	0.00688	0.00747	0.00212	0.03345	0.00689	0.00361	0.00902
65	0.08493	0.05373	0.01766	0.01464	0.04441	0.11011	0.03944	0.07796	0.10974	0.19708	0.04651	0.04628	0.04273	0.00916	0.00755	0.00214	0.05343	0.02752	0.00576	0.00922
66	0.01399	0.03754	0.07492	0.11778	0.04645	0.01455	0.28652	0.01946	0.05832	0.02051	0.01935	0.06056	0.01781	0.00959	0.00820	0.00243	0.03252	0.14711	0.00418	0.00822

[dist]
# distance from previous block
# <min> <max>
1	17

[block]
# block no. 8 follows, 32 sequences, length 27
# corresponding to MSA columns:
# 345-371
name=unknown_I
#
# <colnr> <probs for GDERKNQSTAVLIFYWHMCP>
#	G	D	E	R	K	N	Q	S	T	A	V	L	I	F	Y	W	H	M	C	P
0	0.05113	0.01471	0.04224	0.01280	0.01774	0.01389	0.01085	0.28915	0.02119	0.05252	0.01825	0.05413	0.01595	0.00894	0.00648	0.00188	0.00627	0.09855	0.00557	0.25777
1	0.02274	0.01732	0.01961	0.04681	0.06966	0.01914	0.01303	0.52649	0.09684	0.03771	0.04953	0.01869	0.01458	0.00822	0.00677	0.00205	0.00709	0.00647	0.00637	0.01088
2	0.02145	0.04890	0.02014	0.01676	0.05187	0.10463	0.01310	0.26271	0.09560	0.08558	0.01523	0.01660	0.01169	0.00878	0.01037	0.00222	0.19352	0.00592	0.00521	0.00973
3	0.22405	0.11647	0.01620	0.01119	0.01520	0.04910	0.00928	0.18815	0.01930	0.05695	0.17777	0.02382	0.04913	0.00887	0.00602	0.00197	0.00581	0.00675	0.00557	0.00839
4	0.01002	0.00703	0.00879	0.00824	0.01012	0.00634	0.00622	0.01285	0.01823	0.05383	0.55513	0.05200	0.19776	0.01418	0.00787	0.00214	0.00332	0.01233	0.00718	0.00640
