[name]
unknown

[dist]
# distance from previous block
# <min> <max>
0	3

[block]
# block no. 0 follows, 33 sequences, length 130
# corresponding to MSA columns:
# 3-132
name=unknown_A
#
# <colnr> <probs for GDERKNQSTAVLIFYWHMCP>
#	G	D	E	R	K	N	Q	S	T	A	V	L	I	F	Y	W	H	M	C	P
0	0.04087	0.01355	0.01984	0.02312	0.25835	0.01391	0.05467	0.15023	0.04122	0.06385	0.02083	0.03380	0.01917	0.01010	0.00730	0.00231	0.00710	0.20553	0.00513	0.00914
1	0.19780	0.01351	0.04844	0.01173	0.01687	0.01231	0.01009	0.10987	0.01823	0.43700	0.01992	0.01835	0.01308	0.00747	0.00598	0.00199	0.00586	0.00569	0.00667	0.03913
2	0.01559	0.36145	0.39645	0.01537	0.02304	0.04815	0.01808	0.02056	0.01385	0.01829	0.01057	0.01234	0.00839	0.00600	0.00534	0.00177	0.00862	0.00424	0.00282	0.00908
3	0.00952	0.00684	0.00863	0.00853	0.00911	0.00722	0.00576	0.01060	0.01108	0.01519	0.08866	0.06057	0.06165	0.42367	0.21465	0.00664	0.03295	0.00950	0.00431	0.00492
4	0.56924	0.12178	0.01462	0.01019	0.01449	0.07251	0.00856	0.05889	0.03833	0.02712	0.01024	0.01155	0.00811	0.00630	0.00447	0.00193	0.00601	0.00388	0.00408	0.00770
5	0.02118	0.01653	0.01759	0.01437	0.01895	0.01862	0.01158	0.40777	0.33506	0.03529	0.02069	0.01969	0.01515	0.00836	0.00664	0.00209	0.00634	0.00660	0.00664	0.01085
6	0.02954	0.01120	0.01528	0.01171	0.01681	0.00968	0.00968	0.03208	0.01884	0.73213	0.02597	0.02241	0.01630	0.00815	0.00662	0.00204	0.00560	0.00662	0.00815	0.01120
7	0.01771	0.01586	0.02557	0.03657	0.62256	0.01606	0.01899	0.10364	0.01703	0.04319	0.01317	0.01640	0.01068	0.00617	0.00653	0.00196	0.00769	0.00589	0.00379	0.01054
8	0.00946	0.00683	0.00943	0.00943	0.01021	0.00760	0.00679	0.01102	0.01024	0.01443	0.01869	0.03170	0.01899	0.29308	0.50231	0.00916	0.01382	0.00791	0.00368	0.00524
9	0.00923	0.00607	0.00789	0.00869	0.00949	0.00560	0.00596	0.00986	0.01266	0.03691	0.05550	0.47520	0.15371	0.01979	0.01123	0.14224	0.00410	0.01511	0.00564	0.00514
10	0.02555	0.02105	0.01881	0.01517	0.01988	0.22202	0.01217	0.41839	0.02576	0.13284	0.01567	0.01564	0.01116	0.00762	0.00641	0.00191	0.00831	0.00555	0.00591	0.01019
11	0.01761	0.01814	0.02544	0.03669	0.61532	0.13097	0.01902	0.02117	0.01557	0.02065	0.01203	0.01559	0.01012	0.00601	0.00643	0.00191	0.00846	0.00561	0.00328	0.00998
12	0.01568	0.01735	0.03652	0.03018	0.16741	0.01646	0.57252	0.02092	0.01543	0.02117	0.01314	0.01748	0.01007	0.00561	0.00753	0.00217	0.01047	0.00740	0.00332	0.00918
13	0.14930	0.00792	0.00957	0.01065	0.01227	0.00816	0.00868	0.01331	0.01372	0.02055	0.03083	0.26715	0.03423	0.01681	0.00802	0.00275	0.00523	0.36908	0.00573	0.00604
14	0.01624	0.01518	0.02411	0.03522	0.60374	0.04253	0.01809	0.01988	0.01549	0.04330	0.06072	0.02029	0.04211	0.00689	0.00663	0.00197	0.00743	0.00653	0.00378	0.00988
15	0.02359	0.01071	0.01520	0.14004	0.02110	0.01014	0.01111	0.02648	0.01729	0.49964	0.02600	0.02906	0.04315	0.00935	0.00694	0.00219	0.00612	0.08524	0.00693	0.00973
16	0.01356	0.01286	0.02179	0.54419	0.24513	0.01492	0.01885	0.01781	0.01370	0.01819	0.01190	0.01718	0.00926	0.00637	0.00656	0.00212	0.00850	0.00585	0.00302	0.00823
17	0.81514	0.01273	0.00968	0.00866	0.01273	0.01477	0.00713	0.01935	0.01120	0.02954	0.00917	0.01069	0.00713	0.00611	0.00407	0.00204	0.00509	0.00356	0.00407	0.00713
18	0.00802	0.00573	0.00764	0.00917	0.00955	0.00535	0.00611	0.00917	0.01260	0.01681	0.03628	0.76434	0.04354	0.02062	0.00840	0.00267	0.00382	0.01872	0.00611	0.00535
19	0.01554	0.01776	0.03885	0.02775	0.03441	0.01665	0.70366	0.02109	0.01554	0.02109	0.01332	0.01776	0.00999	0.00555	0.00777	0.00222	0.01110	0.00777	0.00333	0.00888
20	0.01629	0.01564	0.02672	0.04041	0.72757	0.01564	0.02020	0.02020	0.01499	0.02151	0.01238	0.01629	0.01043	0.00587	0.00652	0.00196	0.00782	0.00587	0.00326	0.01043
21	0.00947	0.00719	0.00890	0.00990	0.01086	0.00726	0.00686	0.01364	0.13447	0.01867	0.03464	0.63611	0.03948	0.01860	0.00811	0.00260	0.00406	0.01676	0.00621	0.00623
22	0.01323	0.01251	0.02118	0.60603	0.18591	0.01484	0.01868	0.01752	0.01354	0.01779	0.01184	0.01729	0.00912	0.00643	0.00657	0.00214	0.00858	0.00585	0.00299	0.00795
23	0.00953	0.00651	0.00805	0.00813	0.00851	0.00679	0.00522	0.01030	0.01014	0.01403	0.02083	0.07832	0.02287	0.51670	0.21371	0.00710	0.00903	0.00932	0.03029	0.00462
24	0.00940	0.00705	0.01058	0.01058	0.01176	0.00823	0.00823	0.01176	0.01058	0.01528	0.01763	0.02586	0.01646	0.04937	0.74255	0.01058	0.01763	0.00705	0.00353	0.00588
25	0.01227	0.00614	0.00614	0.00614	0.00767	0.00614	0.00460	0.01534	0.01381	0.02454	0.02148	0.02454	0.01687	0.00767	0.00460	0.00153	0.00307	0.00614	0.80518	0.00614
26	0.01554	0.01776	0.03885	0.02775	0.03441	0.01665	0.70366	0.02109	0.01554	0.02109	0.01332	0.01776	0.00999	0.00555	0.00777	0.00222	0.01110	0.00777	0.00333	0.00888
27	0.00878	0.00680	0.00802	0.00790	0.00964	0.00615	0.00585	0.01155	0.03569	0.02209	0.37859	0.13026	0.31408	0.01534	0.00781	0.00220	0.00333	0.01328	0.00667	0.00598
28	0.01227	0.00614	0.00614	0.00614	0.00767	0.00614	0.00460	0.01534	0.01381	0.02454	0.02148	0.02454	0.01687	0.00767	0.00460	0.00153	0.00307	0.00614	0.80518	0.00614
29	0.04169	0.01844	0.10086	0.02401	0.08864	0.05013	0.37542	0.03882	0.01513	0.02100	0.01434	0.04194	0.01220	0.00753	0.00868	0.00227	0.08097	0.04573	0.00358	0.00862
30	0.01562	0.01496	0.02551	0.16390	0.60931	0.01547	0.01987	0.01962	0.01467	0.02069	0.01226	0.01651	0.01014	0.00599	0.00653	0.00200	0.00799	0.00586	0.00320	0.00989
31	0.01554	0.01776	0.03885	0.02775	0.03441	0.01665	0.70366	0.02109	0.01554	0.02109	0.01332	0.01776	0.00999	0.00555	0.00777	0.00222	0.01110	0.00777	0.00333	0.00888
32	0.01227	0.00614	0.00614	0.00614	0.00767	0.00614	0.00460	0.01534	0.01381	0.02454	0.02148	0.02454	0.01687	0.00767	0.00460	0.00153	0.00307	0.00614	0.80518	0.00614
33	0.01310	0.01238	0.02095	0.62933	0.16360	0.01480	0.01862	0.01741	0.01348	0.01763	0.01182	0.01733	0.00906	0.00646	0.00657	0.00215	0.00861	0.00585	0.00298	0.00785
34	0.01760	0.77260	0.03450	0.01126	0.01690	0.02605	0.01126	0.01971	0.01338	0.01549	0.00915	0.01056	0.00845	0.00563	0.00422	0.00141	0.00704	0.00352	0.00282	0.00845
35	0.01767	0.21326	0.37670	0.01596	0.02356	0.01725	0.05011	0.04696	0.01531	0.14355	0.01382	0.01479	0.00993	0.00645	0.00589	0.00191	0.00832	0.00501	0.00388	0.00968
36	0.02459	0.03138	0.01866	0.01696	0.02035	0.74221	0.01272	0.02629	0.01866	0.01611	0.01018	0.01187	0.00848	0.00678	0.00594	0.00170	0.01187	0.00424	0.00339	0.00763
37	0.81514	0.01273	0.00968	0.00866	0.01273	0.01477	0.00713	0.01935	0.01120	0.02954	0.00917	0.01069	0.00713	0.00611	0.00407	0.00204	0.00509	0.00356	0.00407	0.00713
38	0.00955	0.00648	0.00769	0.00769	0.00786	0.00666	0.00462	0.00990	0.00972	0.01314	0.02028	0.04051	0.02282	0.66111	0.13950	0.00701	0.00806	0.00920	0.00392	0.00427
39	0.01571	0.01593	0.02983	0.10167	0.45124	0.01586	0.23096	0.02017	0.01499	0.02095	0.01261	0.01686	0.01014	0.00583	0.00691	0.00206	0.00892	0.00645	0.00325	0.00966
40	0.02453	0.01731	0.01949	0.01500	0.02012	0.01879	0.03271	0.59952	0.02874	0.10192	0.01738	0.04356	0.01279	0.00831	0.00669	0.00201	0.00709	0.00651	0.00661	0.01092
41	0.01440	0.01440	0.02016	0.01728	0.01728	0.02016	0.01440	0.01584	0.01008	0.01584	0.00864	0.01440	0.00864	0.01152	0.02160	0.00288	0.75659	0.00576	0.00288	0.00720
42	0.01255	0.01152	0.00955	0.00901	0.01140	0.13424	0.00680	0.05394	0.01645	0.02041	0.07616	0.06598	0.38457	0.01286	0.00686	0.00200	0.00500	0.01047	0.14386	0.00637
43	0.01493	0.01425	0.02425	0.29238	0.48628	0.01528	0.01952	0.01901	0.01434	0.01985	0.01214	0.01674	0.00984	0.00612	0.00654	0.00204	0.00816	0.00586	0.00314	0.00933
44	0.02516	0.01822	0.01962	0.01504	0.02030	0.02008	0.01243	0.68486	0.03058	0.06278	0.01612	0.01601	0.01135	0.00791	0.00659	0.00198	0.00719	0.00595	0.00663	0.01120
45	0.01365	0.01170	0.01365	0.00975	0.01560	0.00878	0.00780	0.01658	0.01365	0.02145	0.01170	0.01365	0.00975	0.00488	0.00488	0.00098	0.00488	0.00390	0.00390	0.80888
46	0.02093	0.01554	0.01705	0.01356	0.01732	0.01734	0.01079	0.50648	0.02486	0.03347	0.01639	0.02165	0.01379	0.17373	0.01348	0.00300	0.05881	0.00671	0.00576	0.00935
47	0.01440	0.01440	0.02016	0.01728	0.01728	0.02016	0.01440	0.01584	0.01008	0.01584	0.00864	0.01440	0.00864	0.01152	0.02160	0.00288	0.75659	0.00576	0.00288	0.00720
48	0.00944	0.00663	0.00866	0.00975	0.01065	0.00640	0.00695	0.01197	0.05468	0.03754	0.07396	0.58628	0.04187	0.01894	0.00829	0.00264	0.00415	0.08903	0.00626	0.00593
49	0.01500	0.01372	0.02313	0.34185	0.31272	0.01508	0.05653	0.04129	0.01468	0.04112	0.01322	0.03771	0.01076	0.00685	0.00708	0.00212	0.02851	0.00634	0.00344	0.00883
50	0.01772	0.01895	0.02300	0.14070	0.41398	0.20760	0.01762	0.02109	0.01569	0.01931	0.01243	0.01722	0.01057	0.00662	0.00646	0.00196	0.00898	0.02769	0.00334	0.00907
51	0.00914	0.00714	0.00774	0.00761	0.00976	0.00634	0.00569	0.01190	0.05345	0.04146	0.14644	0.11775	0.52027	0.01591	0.00774	0.00224	0.00352	0.01347	0.00636	0.00606
52	0.10117	0.01746	0.01810	0.01416	0.01918	0.04645	0.01163	0.51876	0.04721	0.11597	0.01640	0.01615	0.01153	0.00774	0.00633	0.00199	0.00697	0.00576	0.00640	0.01065
53	0.01735	0.01939	0.05022	0.02529	0.14066	0.12477	0.34112	0.04413	0.12615	0.02202	0.01484	0.01754	0.01141	0.00641	0.00705	0.00209	0.00961	0.00674	0.00394	0.00928
54	0.00931	0.00690	0.00875	0.00857	0.01015	0.00644	0.00647	0.01253	0.03781	0.02418	0.52495	0.11708	0.13110	0.01463	0.00788	0.00221	0.00344	0.05450	0.00693	0.00617
55	0.01786	0.01548	0.01704	0.01681	0.09801	0.04071	0.01190	0.12766	0.51694	0.02845	0.02307	0.02197	0.01737	0.00837	0.00664	0.00215	0.00601	0.00695	0.00619	0.01044
56	0.01842	0.03605	0.07095	0.01767	0.08447	0.05226	0.11001	0.07844	0.05576	0.14027	0.04266	0.01799	0.01336	0.00719	0.00763	0.00190	0.07098	0.00598	0.00475	0.16327
57	0.01674	0.10266	0.26532	0.02248	0.16650	0.01667	0.11840	0.06024	0.07298	0.07400	0.01434	0.01618	0.01071	0.00645	0.00639	0.00201	0.00845	0.00574	0.00388	0.00985
58	0.01788	0.74450	0.03395	0.01141	0.01703	0.02584	0.01131	0.04526	0.01403	0.01646	0.00940	0.01076	0.00855	0.00572	0.00431	0.00143	0.00705	0.00361	0.00296	0.00855
59	0.01174	0.00741	0.00846	0.00787	0.01041	0.00633	0.00601	0.01369	0.01594	0.14253	0.13232	0.09582	0.48697	0.01506	0.00761	0.00220	0.00373	0.01269	0.00659	0.00660
60	0.01647	0.30587	0.16872	0.04004	0.09423	0.06055	0.06479	0.02011	0.01430	0.05518	0.01430	0.05043	0.03199	0.00721	0.00623	0.00186	0.02982	0.00570	0.00346	0.00873
61	0.04534	0.06728	0.18209	0.18440	0.11118	0.12142	0.11522	0.05951	0.01562	0.02054	0.01180	0.01503	0.00906	0.00631	0.00634	0.00201	0.00933	0.00545	0.00330	0.00876
62	0.00943	0.00696	0.01008	0.01008	0.01109	0.00796	0.00761	0.01144	0.01043	0.01491	0.01809	0.02838	0.01755	0.15445	0.63897	0.00997	0.01599	0.00742	0.00359	0.00560
63	0.01961	0.01803	0.01656	0.01438	0.01837	0.14304	0.01126	0.17387	0.45152	0.02848	0.02161	0.02053	0.01622	0.00834	0.00654	0.00209	0.00679	0.00657	0.00610	0.01010
64	0.01521	0.08702	0.17030	0.08460	0.15567	0.01521	0.10291	0.04416	0.03692	0.06073	0.05555	0.02194	0.07555	0.00781	0.00720	0.00207	0.03737	0.00680	0.00404	0.00893
65	0.04520	0.01630	0.05333	0.04167	0.05049	0.01507	0.49115	0.04472	0.01560	0.04693	0.01618	0.10164	0.01387	0.00751	0.00751	0.00224	0.00952	0.00855	0.00393	0.00862
66	0.00957	0.00638	0.00718	0.00718	0.00718	0.00638	0.00399	0.00957	0.00957	0.01276	0.02074	0.04308	0.02393	0.76864	0.03351	0.00638	0.00638	0.00957	0.00399	0.00399
67	0.01329	0.03347	0.70970	0.01908	0.02870	0.01534	0.04857	0.02086	0.01396	0.02086	0.01187	0.01404	0.00840	0.00623	0.00631	0.00209	0.00978	0.00497	0.00280	0.00970
68	0.01649	0.03959	0.10273	0.06837	0.37281	0.01593	0.07602	0.08421	0.03500	0.04299	0.01357	0.01689	0.01081	0.00879	0.04760	0.00250	0.02622	0.00598	0.00373	0.00976
69	0.12688	0.42271	0.06863	0.01260	0.01785	0.14289	0.01176	0.06863	0.01541	0.04517	0.01054	0.01178	0.00874	0.00617	0.00486	0.00164	0.00771	0.00400	0.00353	0.00850
70	0.00957	0.00638	0.00718	0.00718	0.00718	0.00638	0.00399	0.00957	0.00957	0.01276	0.02074	0.04308	0.02393	0.76864	0.03351	0.00638	0.00638	0.00957	0.00399	0.00399
71	0.00802	0.00573	0.00764	0.00917	0.00955	0.00535	0.00611	0.00917	0.01260	0.01681	0.03628	0.76434	0.04354	0.02062	0.00840	0.00267	0.00382	0.01872	0.00611	0.00535
72	0.01460	0.01472	0.02457	0.34502	0.19271	0.04938	0.15901	0.01970	0.05361	0.01932	0.01369	0.03951	0.01104	0.00676	0.00684	0.00214	0.00884	0.00664	0.00341	0.00847
73	0.00872	0.00647	0.00848	0.00966	0.01026	0.00640	0.00669	0.01082	0.04593	0.01768	0.05755	0.66385	0.04185	0.01950	0.00871	0.00265	0.02629	0.03672	0.00608	0.00569
74	0.00802	0.00573	0.00764	0.00917	0.00955	0.00535	0.00611	0.00917	0.01260	0.01681	0.03628	0.76434	0.04354	0.02062	0.00840	0.00267	0.00382	0.01872	0.00611	0.00535
75	0.01392	0.01337	0.02282	0.45451	0.26975	0.01530	0.04522	0.01806	0.01372	0.01849	0.01185	0.01700	0.00936	0.00653	0.00730	0.00215	0.04327	0.00593	0.00305	0.00840
76	0.01139	0.01005	0.01467	0.01322	0.01547	0.03556	0.12808	0.03513	0.07092	0.02023	0.09405	0.38590	0.06031	0.01522	0.00798	0.00246	0.00566	0.06125	0.00569	0.00676
77	0.08198	0.01812	0.01759	0.14247	0.02329	0.16030	0.01281	0.28675	0.07687	0.02831	0.01596	0.02060	0.01290	0.00827	0.00648	0.00207	0.00800	0.06313	0.00509	0.00901
78	0.01440	0.01440	0.02016	0.01728	0.01728	0.02016	0.01440	0.01584	0.01008	0.01584	0.00864	0.01440	0.00864	0.01152	0.02160	0.00288	0.75659	0.00576	0.00288	0.00720
79	0.81514	0.01273	0.00968	0.00866	0.01273	0.01477	0.00713	0.01935	0.01120	0.02954	0.00917	0.01069	0.00713	0.00611	0.00407	0.00204	0.00509	0.00356	0.00407	0.00713
80	0.04491	0.03321	0.70587	0.01836	0.02787	0.01527	0.02364	0.02079	0.01379	0.02119	0.01171	0.01377	0.00829	0.00625	0.00617	0.00208	0.00955	0.00481	0.00283	0.00963
81	0.01629	0.01564	0.02672	0.04041	0.72757	0.01564	0.02020	0.02020	0.01499	0.02151	0.01238	0.01629	0.01043	0.00587	0.00652	0.00196	0.00782	0.00587	0.00326	0.01043
82	0.01471	0.01364	0.04074	0.02875	0.42577	0.01279	0.06767	0.01730	0.01351	0.01929	0.01281	0.03649	0.01135	0.00960	0.01040	0.16555	0.00731	0.00611	0.00330	0.08291
83	0.00803	0.00668	0.00701	0.00693	0.00904	0.00566	0.00519	0.00992	0.01558	0.01916	0.17147	0.06110	0.61927	0.01616	0.00778	0.00220	0.00330	0.01358	0.00629	0.00566
84	0.12149	0.17756	0.37242	0.04286	0.02370	0.01719	0.03646	0.04590	0.01444	0.07369	0.01215	0.01374	0.00895	0.00630	0.00565	0.00194	0.00818	0.00470	0.00351	0.00917
85	0.02635	0.01050	0.01426	0.01117	0.01571	0.00913	0.00913	0.02898	0.01881	0.62074	0.13617	0.02663	0.02353	0.00899	0.00680	0.00204	0.00521	0.00745	0.00801	0.01042
86	0.02459	0.03138	0.01866	0.01696	0.02035	0.74221	0.01272	0.02629	0.01866	0.01611	0.01018	0.01187	0.00848	0.00678	0.00594	0.00170	0.01187	0.00424	0.00339	0.00763
87	0.01629	0.01564	0.02672	0.04041	0.72757	0.01564	0.02020	0.02020	0.01499	0.02151	0.01238	0.01629	0.01043	0.00587	0.00652	0.00196	0.00782	0.00587	0.00326	0.01043
88	0.00944	0.00643	0.00757	0.00753	0.00790	0.00629	0.00460	0.01021	0.01179	0.01608	0.18275	0.07846	0.03361	0.56024	0.02642	0.00522	0.00551	0.01054	0.00484	0.00456
89	0.00940	0.00705	0.01058	0.01058	0.01176	0.00823	0.00823	0.01176	0.01058	0.01528	0.01763	0.02586	0.01646	0.04937	0.74255	0.01058	0.01763	0.00705	0.00353	0.00588
90	0.02461	0.03089	0.01870	0.01689	0.02035	0.71532	0.01271	0.05159	0.01911	0.01706	0.01039	0.01202	0.00858	0.00683	0.00596	0.00171	0.01170	0.00430	0.00351	0.00776
91	0.01329	0.03345	0.70861	0.01910	0.02871	0.01534	0.04963	0.02086	0.01396	0.02086	0.01187	0.01404	0.00840	0.00623	0.00631	0.00209	0.00978	0.00497	0.00280	0.00970
92	0.00944	0.00660	0.00821	0.00821	0.00868	0.00692	0.00535	0.01025	0.01014	0.01378	0.02194	0.03869	0.05464	0.50970	0.25263	0.00749	0.00974	0.00899	0.00395	0.00465
93	0.00799	0.00668	0.00696	0.00689	0.00902	0.00565	0.00516	0.00985	0.01549	0.01894	0.15524	0.06145	0.63562	0.01624	0.00778	0.00220	0.00330	0.01363	0.00627	0.00565
94	0.01557	0.01766	0.03827	0.02834	0.06707	0.01660	0.67146	0.02105	0.01551	0.02111	0.01327	0.01769	0.01001	0.00556	0.00771	0.00221	0.01094	0.00768	0.00333	0.00895
95	0.01746	0.74830	0.05753	0.01151	0.01728	0.02569	0.01169	0.01975	0.01339	0.01566	0.00924	0.01067	0.00844	0.00565	0.00429	0.00143	0.00713	0.00356	0.00281	0.00849
96	0.01490	0.01422	0.02421	0.29670	0.48214	0.01528	0.01951	0.01899	0.01433	0.01982	0.01214	0.01675	0.00983	0.00612	0.00654	0.00204	0.00816	0.00586	0.00314	0.00931
97	0.01767	0.48869	0.07025	0.01359	0.01810	0.11910	0.01281	0.01992	0.01348	0.01595	0.00935	0.01165	0.00848	0.00693	0.00785	0.00176	0.14922	0.00412	0.00290	0.00818
98	0.01440	0.01440	0.02016	0.01728	0.01728	0.02016	0.01440	0.01584	0.01008	0.01584	0.00864	0.01440	0.00864	0.01152	0.02160	0.00288	0.75659	0.00576	0.00288	0.00720
99	0.00847	0.00712	0.00741	0.00726	0.00949	0.00627	0.00547	0.01131	0.05661	0.01942	0.14540	0.05933	0.60178	0.01582	0.00772	0.00220	0.00342	0.01327	0.00629	0.00592
100	0.01440	0.01440	0.02016	0.01728	0.01728	0.02016	0.01440	0.01584	0.01008	0.01584	0.00864	0.01440	0.00864	0.01152	0.02160	0.00288	0.75659	0.00576	0.00288	0.00720
101	0.01061	0.00758	0.01061	0.01212	0.01364	0.00758	0.01061	0.01364	0.01515	0.01970	0.03486	0.07426	0.03789	0.01819	0.00909	0.00303	0.00606	0.68326	0.00606	0.00606
102	0.02459	0.03138	0.01866	0.01696	0.02035	0.74221	0.01272	0.02629	0.01866	0.01611	0.01018	0.01187	0.00848	0.00678	0.00594	0.00170	0.01187	0.00424	0.00339	0.00763
103	0.02838	0.01192	0.01560	0.01201	0.01701	0.01083	0.00990	0.11067	0.02026	0.62909	0.04638	0.02246	0.01711	0.00828	0.00665	0.00203	0.00572	0.00670	0.00794	0.01105
104	0.01637	0.01414	0.01489	0.01340	0.01712	0.01637	0.01042	0.03498	0.71568	0.02754	0.02679	0.02456	0.02010	0.00893	0.00670	0.00223	0.00521	0.00744	0.00670	0.01042
105	0.01447	0.01483	0.06641	0.33497	0.12946	0.05659	0.03442	0.06942	0.03851	0.02039	0.01663	0.05340	0.01481	0.00873	0.00696	0.00224	0.00816	0.09755	0.00394	0.00811
106	0.01040	0.00782	0.00969	0.00919	0.00928	0.00891	0.00612	0.01083	0.00974	0.01349	0.01841	0.03680	0.02072	0.58275	0.08532	0.00609	0.13728	0.00872	0.00376	0.00469
107	0.01600	0.01401	0.01681	0.14314	0.05565	0.01644	0.01256	0.06289	0.48908	0.02544	0.02198	0.02198	0.01662	0.00847	0.00747	0.00224	0.04686	0.00693	0.00567	0.00975
108	0.02503	0.01844	0.01976	0.01515	0.02042	0.02042	0.01251	0.70562	0.03095	0.04149	0.01581	0.01581	0.01120	0.00790	0.00659	0.00198	0.00724	0.00593	0.00659	0.01120
109	0.00802	0.00573	0.00764	0.00917	0.00955	0.00535	0.00611	0.00917	0.01260	0.01681	0.03628	0.76434	0.04354	0.02062	0.00840	0.00267	0.00382	0.01872	0.00611	0.00535
110	0.01833	0.01662	0.01559	0.01393	0.01765	0.12447	0.01087	0.07349	0.51934	0.04955	0.02394	0.02403	0.01840	0.00889	0.00667	0.00216	0.00638	0.03356	0.00622	0.00990
111	0.05338	0.01544	0.02726	0.11391	0.49981	0.01567	0.13785	0.01995	0.01471	0.02131	0.01232	0.01642	0.01002	0.00590	0.00663	0.00203	0.00836	0.00609	0.00327	0.00967
112	0.00957	0.00638	0.00718	0.00718	0.00718	0.00638	0.00399	0.00957	0.00957	0.01276	0.02074	0.04308	0.02393	0.76864	0.03351	0.00638	0.00638	0.00957	0.00399	0.00399
113	0.00820	0.00665	0.00727	0.00719	0.00917	0.00572	0.00537	0.01023	0.01589	0.02005	0.24142	0.08494	0.52296	0.01596	0.00780	0.00220	0.00329	0.01354	0.00642	0.00572
114	0.01400	0.01483	0.03011	0.15164	0.08451	0.01460	0.43201	0.01865	0.01486	0.02007	0.03890	0.10305	0.01532	0.00772	0.00754	0.00224	0.00937	0.00867	0.00370	0.00824
115	0.01309	0.01253	0.01818	0.01581	0.01635	0.01683	0.03496	0.01491	0.01039	0.01586	0.01122	0.01760	0.01079	0.02153	0.21552	0.00493	0.53334	0.00617	0.00307	0.00690
116	0.00802	0.00573	0.00764	0.00917	0.00955	0.00535	0.00611	0.00917	0.01260	0.01681	0.03628	0.76434	0.04354	0.02062	0.00840	0.00267	0.00382	0.01872	0.00611	0.00535
117	0.28365	0.01684	0.03979	0.01303	0.01804	0.01804	0.01104	0.43612	0.02352	0.05962	0.01383	0.01429	0.00994	0.00727	0.00575	0.00200	0.00657	0.00514	0.00569	0.00982
118	0.01572	0.01548	0.02564	0.18305	0.48076	0.03940	0.07735	0.02032	0.03979	0.02055	0.01277	0.01682	0.01033	0.00612	0.00662	0.00203	0.00833	0.00603	0.00332	0.00957
119	0.06333	0.01912	0.14953	0.01564	0.05590	0.08137	0.01352	0.06960	0.27578	0.15759	0.01998	0.01931	0.01440	0.00772	0.00637	0.00208	0.00698	0.00613	0.00561	0.01005
120	0.76185	0.01312	0.01036	0.00910	0.01325	0.01515	0.00749	0.06564	0.01254	0.03034	0.00961	0.01104	0.00740	0.00623	0.00424	0.00203	0.00524	0.00372	0.00424	0.00740
121	0.01620	0.01679	0.06930	0.05899	0.61895	0.01576	0.04721	0.03868	0.01532	0.02185	0.01246	0.01623	0.01026	0.00595	0.00655	0.00198	0.00808	0.00588	0.00331	0.01025
122	0.00839	0.00669	0.00751	0.00731	0.00927	0.00582	0.00548	0.01063	0.01644	0.02120	0.32719	0.05774	0.46227	0.01540	0.00777	0.00216	0.00324	0.01311	0.00656	0.00582
123	0.01467	0.14506	0.02517	0.37148	0.25932	0.01700	0.04020	0.01855	0.01387	0.01824	0.01153	0.01594	0.00929	0.00615	0.00619	0.00198	0.00824	0.00551	0.00303	0.00856
124	0.00865	0.00661	0.00794	0.00780	0.00948	0.00590	0.00578	0.01106	0.01678	0.02245	0.42668	0.12281	0.29363	0.01528	0.00783	0.00218	0.00325	0.01326	0.00674	0.00590
125	0.01453	0.14512	0.02268	0.05773	0.04024	0.01905	0.05607	0.01752	0.04587	0.01684	0.01116	0.01591	0.01016	0.01364	0.09349	0.00332	0.40013	0.00573	0.00317	0.00764
126	0.49681	0.07098	0.01228	0.00999	0.01352	0.07595	0.00829	0.01832	0.01297	0.02507	0.03902	0.04500	0.03768	0.00885	0.00532	0.00213	0.00580	0.10061	0.00443	0.00699
127	0.01172	0.22373	0.01584	0.00958	0.01226	0.01228	0.00783	0.03929	0.03751	0.01847	0.06657	0.28057	0.19240	0.01419	0.00694	0.00215	0.00482	0.03186	0.00527	0.00672
128	0.08190	0.19074	0.29601	0.01536	0.04406	0.07031	0.03480	0.01919	0.01419	0.01967	0.01817	0.02228	0.08332	0.00803	0.00600	0.00198	0.00796	0.05410	0.00355	0.00838
129	0.06500	0.38744	0.14509	0.01295	0.01874	0.07129	0.01300	0.07515	0.03723	0.06263	0.01446	0.01526	0.04316	0.00680	0.00525	0.00173	0.00742	0.00478	0.00382	0.00883

[dist]
# distance from previous block
# <min> <max>
2	11

[block]
# block no. 1 follows, 33 sequences, length 27
# corresponding to MSA columns:
# 148-174
name=unknown_B
#
# <colnr> <probs for GDERKNQSTAVLIFYWHMCP>
#	G	D	E	R	K	N	Q	S	T	A	V	L	I	F	Y	W	H	M	C	P
0	0.06449	0.17402	0.09999	0.01434	0.03656	0.09793	0.03343	0.21554	0.01955	0.05050	0.04038	0.02033	0.08974	0.00805	0.00605	0.00188	0.00739	0.00613	0.00474	0.00898
1	0.01642	0.29183	0.28445	0.03705	0.02274	0.13478	0.04197	0.02073	0.01478	0.01840	0.05129	0.01466	0.01154	0.00651	0.00564	0.00179	0.00877	0.00483	0.00317	0.00864
2	0.01429	0.01433	0.05307	0.01153	0.01451	0.14479	0.00953	0.05796	0.07130	0.04546	0.19133	0.05705	0.18234	0.01239	0.00733	0.00217	0.00602	0.09151	0.00581	0.00728
3	0.06023	0.41050	0.14226	0.01216	0.01750	0.01878	0.03630	0.01785	0.01393	0.01849	0.07125	0.06015	0.08042	0.00819	0.00550	0.00178	0.00670	0.00632	0.00372	0.00799
4	0.01373	0.01675	0.19583	0.01329	0.01835	0.01169	0.01307	0.09336	0.07452	0.02348	0.05242	0.09272	0.02130	0.01029	0.00684	0.00208	0.00646	0.14215	0.00492	0.18676
5	0.57156	0.01430	0.04422	0.01043	0.01482	0.01533	0.00890	0.07260	0.12648	0.04815	0.01305	0.01376	0.00981	0.00676	0.00485	0.00207	0.00549	0.00450	0.00473	0.00818
6	0.01598	0.01548	0.02646	0.07634	0.10387	0.01529	0.28053	0.09686	0.03377	0.02300	0.01303	0.01639	0.01019	0.00627	0.00768	0.00193	0.05935	0.00620	0.00384	0.18753
7	0.00950	0.00670	0.00825	0.00883	0.00996	0.00626	0.00615	0.03812	0.01429	0.03950	0.09984	0.47934	0.16390	0.06519	0.00968	0.00273	0.00402	0.01582	0.00616	0.00578
8	0.01095	0.00870	0.01078	0.01121	0.01265	0.03529	0.02536	0.04470	0.06049	0.01946	0.04771	0.37959	0.03527	0.04206	0.05090	0.00321	0.00596	0.18362	0.00580	0.00631
9	0.00790	0.00671	0.00684	0.00690	0.00910	0.00564	0.00524	0.00963	0.01501	0.01787	0.06533	0.06382	0.69550	0.01674	0.00784	0.00226	0.00345	0.04254	0.00611	0.00558
10	0.02222	0.01694	0.01975	0.17965	0.02597	0.01912	0.01380	0.55201	0.02699	0.03599	0.01489	0.01619	0.01066	0.00761	0.00658	0.00202	0.00759	0.00591	0.00577	0.01033
11	0.00931	0.00694	0.00962	0.00967	0.01086	0.00755	0.00736	0.01137	0.01166	0.01613	0.06499	0.03615	0.09998	0.13152	0.49049	0.00823	0.01318	0.04515	0.00422	0.00564
12	0.00925	0.00798	0.00952	0.00894	0.01062	0.00825	0.00696	0.01118	0.01460	0.01889	0.17385	0.05052	0.44505	0.01711	0.05227	0.00278	0.12884	0.01179	0.00564	0.00597
13	0.01737	0.60330	0.03020	0.01124	0.01688	0.02287	0.01076	0.05859	0.01443	0.01797	0.00996	0.01137	0.00882	0.00564	0.00447	0.00137	0.00669	0.00372	0.00321	0.14114
14	0.02041	0.05404	0.02016	0.13026	0.10100	0.20661	0.01390	0.23435	0.08320	0.02563	0.01408	0.01598	0.01088	0.00854	0.03052	0.00221	0.00890	0.00553	0.00457	0.00922
15	0.02503	0.01844	0.01976	0.01515	0.02042	0.02042	0.01251	0.70562	0.03095	0.04149	0.01581	0.01581	0.01120	0.00790	0.00659	0.00198	0.00724	0.00593	0.00659	0.01120
16	0.05947	0.04044	0.01725	0.01467	0.04840	0.01352	0.08983	0.17767	0.01659	0.02328	0.01954	0.18686	0.01982	0.11980	0.05934	0.00339	0.06841	0.00934	0.00481	0.00758
17	0.01701	0.10813	0.27832	0.01606	0.02236	0.06800	0.06634	0.12499	0.04323	0.06348	0.01621	0.08734	0.01371	0.00817	0.00642	0.00202	0.00816	0.01841	0.00430	0.02734
18	0.02220	0.02446	0.01742	0.01499	0.01910	0.45694	0.01150	0.08822	0.07075	0.04900	0.01285	0.01393	0.01014	0.00675	0.00588	0.00164	0.00941	0.00467	0.00422	0.15593
19	0.01248	0.00887	0.01095	0.01028	0.01293	0.00823	0.00805	0.03764	0.07242	0.07193	0.13448	0.20723	0.07431	0.01369	0.00743	0.00221	0.00466	0.14067	0.00607	0.15547
20	0.01275	0.01074	0.04152	0.03930	0.01538	0.01018	0.04045	0.16631	0.01776	0.02370	0.08743	0.34265	0.09831	0.01491	0.00774	0.00238	0.00535	0.05000	0.00593	0.00719
21	0.01271	0.01685	0.17933	0.45146	0.06075	0.01470	0.04042	0.01747	0.01323	0.01795	0.01300	0.05909	0.01075	0.00757	0.00763	0.00223	0.05745	0.00642	0.00310	0.00789
22	0.01750	0.10341	0.06558	0.03156	0.45684	0.12904	0.06213	0.02118	0.01535	0.01994	0.01171	0.01494	0.00977	0.00598	0.00624	0.00188	0.00867	0.00542	0.00321	0.00964
23	0.14919	0.12553	0.23347	0.01862	0.06783	0.06321	0.15631	0.02163	0.01445	0.07350	0.01229	0.01434	0.00921	0.00615	0.00595	0.00198	0.00859	0.00521	0.00357	0.00897
24	0.01418	0.01402	0.06349	0.16577	0.23969	0.01319	0.13892	0.01802	0.01424	0.05150	0.01738	0.11558	0.01622	0.05223	0.00863	0.00245	0.00794	0.03429	0.00391	0.00836
25	0.00845	0.00636	0.00795	0.00874	0.00989	0.00570	0.00613	0.00998	0.01361	0.01798	0.08722	0.51805	0.17518	0.01844	0.00807	0.00246	0.00380	0.03677	0.00607	0.04913
26	0.01591	0.09422	0.14962	0.10601	0.13418	0.03460	0.21011	0.05175	0.01524	0.04389	0.01337	0.04217	0.01083	0.00687	0.00734	0.00209	0.04286	0.00643	0.00352	0.00899

[dist]
# distance from previous block
# <min> <max>
3	7

[block]
# block no. 2 follows, 33 sequences, length 24
# corresponding to MSA columns:
# 182-205
name=unknown_C
#
# <colnr> <probs for GDERKNQSTAVLIFYWHMCP>
#	G	D	E	R	K	N	Q	S	T	A	V	L	I	F	Y	W	H	M	C	P
0	0.06057	0.01734	0.10475	0.05767	0.02075	0.01675	0.01313	0.27613	0.17979	0.07490	0.01855	0.05676	0.01439	0.00864	0.00737	0.00215	0.04808	0.00672	0.00567	0.00988
1	0.01481	0.12741	0.45633	0.01836	0.02609	0.01710	0.10411	0.02115	0.03491	0.04403	0.01233	0.01457	0.00920	0.00663	0.00736	0.00207	0.06579	0.00525	0.00316	0.00933
2	0.01609	0.02234	0.24500	0.02273	0.02974	0.01659	0.37096	0.08589	0.01628	0.04426	0.01321	0.01635	0.00972	0.00642	0.00799	0.00219	0.05477	0.00656	0.00359	0.00933
3	0.01557	0.18285	0.28524	0.01791	0.08894	0.05487	0.05145	0.03996	0.05256	0.03614	0.03384	0.01861	0.06022	0.00734	0.00649	0.00195	0.02754	0.00582	0.00367	0.00904
4	0.00831	0.00659	0.00750	0.00767	0.00943	0.00578	0.00571	0.01031	0.01552	0.01977	0.21667	0.16345	0.43564	0.01656	0.00793	0.00229	0.00348	0.04530	0.00638	0.00571
5	0.01835	0.01686	0.08958	0.17877	0.32602	0.05873	0.01761	0.04788	0.01601	0.14495	0.01455	0.01711	0.01082	0.00658	0.00649	0.00202	0.00804	0.00580	0.00413	0.00971
6	0.01863	0.01693	0.08841	0.05567	0.02299	0.08038	0.15897	0.07823	0.08854	0.16300	0.02115	0.05701	0.04027	0.00888	0.00737	0.00219	0.02320	0.05389	0.00522	0.00906
7	0.01302	0.01449	0.10532	0.05355	0.24974	0.03187	0.03367	0.03523	0.01457	0.01988	0.04909	0.08400	0.10012	0.03754	0.10220	0.00335	0.00843	0.03173	0.00414	0.00806
8	0.00852	0.00613	0.00817	0.00954	0.01024	0.00578	0.00685	0.01011	0.01343	0.01783	0.07291	0.58593	0.06644	0.01970	0.00847	0.00269	0.00415	0.13143	0.00616	0.00552
9	0.00843	0.00634	0.00874	0.07949	0.01291	0.00624	0.00721	0.00991	0.01278	0.01686	0.03553	0.65732	0.07551	0.01909	0.00820	0.00260	0.00426	0.01725	0.00581	0.00554
10	0.01469	0.01639	0.07959	0.08880	0.19616	0.01501	0.29236	0.02077	0.08123	0.02111	0.01651	0.06185	0.01413	0.00757	0.00726	0.00221	0.00880	0.04272	0.00385	0.00898
11	0.01558	0.03873	0.04361	0.32943	0.30337	0.07041	0.04866	0.01961	0.01456	0.03659	0.01220	0.01645	0.00961	0.00628	0.00648	0.00203	0.00864	0.00574	0.00323	0.00880
12	0.01524	0.01718	0.03704	0.09644	0.03544	0.01646	0.63873	0.02068	0.01531	0.02068	0.01317	0.01774	0.00987	0.00565	0.00766	0.00222	0.01088	0.00759	0.00329	0.00873
13	0.00873	0.00768	0.01007	0.00923	0.01164	0.00671	0.07162	0.01083	0.01494	0.01835	0.07612	0.12479	0.53873	0.01597	0.00791	0.00230	0.00425	0.04835	0.00588	0.00590
14	0.01725	0.04395	0.33543	0.03300	0.06646	0.03145	0.04030	0.03922	0.03339	0.17693	0.01782	0.08765	0.01417	0.00904	0.02264	0.00229	0.00814	0.00683	0.00455	0.00948
15	0.01611	0.05521	0.07457	0.21223	0.13312	0.08031	0.05281	0.05535	0.06169	0.06513	0.01614	0.07580	0.01388	0.04977	0.00807	0.00231	0.00799	0.00697	0.00410	0.00846
16	0.32542	0.03623	0.08154	0.01131	0.01604	0.04090	0.01014	0.07618	0.01591	0.22085	0.04064	0.01819	0.01328	0.00746	0.00553	0.00201	0.00601	0.02201	0.04157	0.00876
17	0.06995	0.01452	0.04316	0.05873	0.23804	0.03025	0.12685	0.07995	0.03229	0.03782	0.03945	0.11111	0.05374	0.00907	0.00694	0.00215	0.00732	0.02549	0.00445	0.00870
18	0.01613	0.05690	0.14674	0.11088	0.19002	0.03200	0.03294	0.06428	0.08100	0.07452	0.05395	0.03666	0.04156	0.00771	0.00652	0.00202	0.00740	0.00663	0.00440	0.02774
19	0.05839	0.03838	0.21131	0.01679	0.02270	0.07132	0.11341	0.13983	0.04215	0.10648	0.01697	0.01967	0.03144	0.00863	0.02345	0.00229	0.03131	0.03155	0.00462	0.00932
20	0.01618	0.12558	0.21984	0.01316	0.01878	0.01424	0.01348	0.07780	0.08330	0.11475	0.08361	0.02659	0.09978	0.00901	0.00645	0.00200	0.00659	0.03046	0.00509	0.03331
21	0.01509	0.01942	0.22205	0.01866	0.10310	0.03433	0.07936	0.02280	0.16006	0.06192	0.07700	0.03807	0.03611	0.00836	0.00722	0.00212	0.03016	0.02248	0.00465	0.03704
22	0.03979	0.09394	0.16412	0.01573	0.07636	0.01531	0.01369	0.13776	0.12484	0.09473	0.03811	0.07746	0.04341	0.00902	0.00651	0.00208	0.00670	0.02581	0.00521	0.00941
23	0.08267	0.22080	0.18065	0.04026	0.02207	0.07750	0.09369	0.05386	0.05705	0.04096	0.06024	0.01648	0.01315	0.00682	0.00585	0.00189	0.00799	0.00544	0.00388	0.00874

[dist]
# distance from previous block
# <min> <max>
9	23

[block]
# block no. 3 follows, 33 sequences, length 10
# corresponding to MSA columns:
# 229-238
name=unknown_D
#
# <colnr> <probs for GDERKNQSTAVLIFYWHMCP>
#	G	D	E	R	K	N	Q	S	T	A	V	L	I	F	Y	W	H	M	C	P
0	0.01370	0.01356	0.06555	0.12551	0.06328	0.04540	0.03353	0.01924	0.11564	0.04141	0.11508	0.08849	0.03877	0.02762	0.00766	0.00209	0.02500	0.00791	0.00480	0.14575
1	0.09252	0.08552	0.01797	0.01483	0.07853	0.04602	0.09303	0.06523	0.03820	0.02259	0.07781	0.12213	0.08245	0.00964	0.00640	0.00195	0.00610	0.00836	0.04446	0.08625
2	0.25313	0.09178	0.12488	0.04563	0.06249	0.01497	0.05123	0.03999	0.04667	0.06214	0.04778	0.01586	0.01212	0.00657	0.00549	0.00188	0.00661	0.00509	0.00416	0.10153
3	0.05881	0.03544	0.06194	0.04724	0.24694	0.08434	0.01375	0.01997	0.04111	0.05099	0.01468	0.07385	0.01287	0.00714	0.00601	0.00177	0.00697	0.00608	0.00398	0.20615
4	0.00961	0.00851	0.00830	0.00818	0.01004	0.06347	0.00600	0.01154	0.01579	0.01965	0.23356	0.12564	0.39208	0.04752	0.00879	0.00236	0.00412	0.01291	0.00611	0.00581
5	0.01876	0.01645	0.02011	0.08865	0.09549	0.09135	0.08097	0.21949	0.10852	0.04700	0.01741	0.07600	0.01438	0.00850	0.00736	0.00210	0.03933	0.00713	0.03175	0.00925
6	0.00977	0.00734	0.00869	0.00882	0.01040	0.00695	0.00648	0.06476	0.01594	0.02090	0.17924	0.28312	0.24089	0.05403	0.00924	0.00257	0.00407	0.05452	0.00627	0.00601
7	0.01749	0.11344	0.02006	0.05302	0.08708	0.13793	0.04390	0.02336	0.15252	0.07243	0.10127	0.02070	0.01816	0.00797	0.00719	0.00193	0.05226	0.00634	0.00474	0.05821
8	0.00824	0.00605	0.00744	0.00837	0.00911	0.00557	0.00561	0.00942	0.01292	0.01686	0.07003	0.49798	0.17490	0.12137	0.01167	0.00306	0.00404	0.01623	0.00587	0.00524
9	0.01790	0.01785	0.05746	0.02358	0.23705	0.07740	0.05889	0.14163	0.10970	0.02465	0.01426	0.01648	0.01129	0.00724	0.00810	0.00202	0.09020	0.00585	0.00429	0.07416

[dist]
# distance from previous block
# <min> <max>
11	22

[block]
# block no. 4 follows, 33 sequences, length 6
# corresponding to MSA columns:
# 261-266
name=unknown_E
#
# <colnr> <probs for GDERKNQSTAVLIFYWHMCP>
#	G	D	E	R	K	N	Q	S	T	A	V	L	I	F	Y	W	H	M	C	P
0	0.09400	0.11197	0.01957	0.07494	0.16427	0.05418	0.01255	0.04315	0.04740	0.11190	0.01784	0.07533	0.04340	0.00842	0.00719	0.00201	0.05991	0.00667	0.00450	0.04079
1	0.16094	0.01411	0.01956	0.06003	0.39400	0.04132	0.01473	0.01961	0.05406	0.02282	0.06862	0.02074	0.03995	0.03415	0.00716	0.00216	0.00680	0.00635	0.00402	0.00886
2	0.02189	0.02512	0.01686	0.01495	0.01847	0.49946	0.01141	0.13737	0.02011	0.02064	0.02046	0.02104	0.12736	0.00861	0.00635	0.00183	0.00969	0.00612	0.00438	0.00789
3	0.01180	0.00843	0.01207	0.01411	0.12911	0.00794	0.00894	0.01462	0.01677	0.07681	0.38088	0.15347	0.07725	0.01330	0.00764	0.00220	0.00435	0.04682	0.00637	0.00712
4	0.00957	0.00638	0.00718	0.00718	0.00718	0.00638	0.00399	0.00957	0.00957	0.01276	0.02074	0.04308	0.02393	0.76864	0.03351	0.00638	0.00638	0.00957	0.00399	0.00399
5	0.08589	0.09095	0.06268	0.14564	0.28798	0.07677	0.01622	0.04924	0.01531	0.05405	0.01330	0.01796	0.01100	0.00686	0.00616	0.00199	0.00790	0.03737	0.00371	0.00902

[dist]
# distance from previous block
# <min> <max>
0	5

# created by:
# /home/berkeley/.conda/envs/busco_data_prod/bin/msa2prfl.pl pipeline/OGs_align_augustus/4893/33393.fs
