[name]
unknown

[dist]
# distance from previous block
# <min> <max>
0	1

[block]
# block no. 0 follows, 34 sequences, length 33
# corresponding to MSA columns:
# 1-33
name=unknown_A
#
# <colnr> <probs for GDERKNQSTAVLIFYWHMCP>
#	G	D	E	R	K	N	Q	S	T	A	V	L	I	F	Y	W	H	M	C	P
0	0.01287	0.00791	0.01102	0.01185	0.01380	0.00771	0.01029	0.01578	0.01535	0.11436	0.03306	0.06615	0.03438	0.01654	0.00860	0.00285	0.00589	0.59875	0.00622	0.00662
1	0.02461	0.02148	0.01891	0.01525	0.01988	0.22883	0.01223	0.48800	0.02645	0.06006	0.01430	0.01465	0.01041	0.00745	0.00628	0.00186	0.00836	0.00537	0.00562	0.00998
2	0.02368	0.01378	0.01564	0.01270	0.01718	0.04194	0.01024	0.15541	0.22562	0.35559	0.04245	0.02174	0.01710	0.00827	0.00652	0.00203	0.00585	0.00666	0.00710	0.01050
3	0.02456	0.01024	0.01365	0.01083	0.01513	0.00905	0.00881	0.02769	0.04412	0.57099	0.13792	0.02777	0.05100	0.00917	0.00672	0.00202	0.00501	0.00762	0.00773	0.00998
4	0.00787	0.00562	0.00750	0.00900	0.00937	0.00525	0.00600	0.00900	0.01237	0.01649	0.03561	0.76871	0.04274	0.02024	0.00825	0.00262	0.00375	0.01837	0.00600	0.00525
5	0.01340	0.01148	0.01340	0.00957	0.01531	0.00861	0.00766	0.01627	0.01340	0.02105	0.01148	0.01340	0.00957	0.00479	0.00479	0.00096	0.00479	0.00383	0.00383	0.81242
6	0.02308	0.01736	0.01856	0.01457	0.01947	0.01935	0.01192	0.59316	0.15070	0.03834	0.01739	0.01701	0.01251	0.00793	0.00648	0.00198	0.00676	0.00608	0.00648	0.01086
7	0.00771	0.00625	0.00685	0.00732	0.00893	0.00539	0.00525	0.00919	0.01398	0.01715	0.05602	0.28563	0.51264	0.01759	0.00783	0.00232	0.00342	0.01513	0.00600	0.00539
8	0.01552	0.11797	0.03756	0.02509	0.03149	0.01756	0.61673	0.02052	0.01497	0.01997	0.01253	0.01649	0.00960	0.00546	0.00716	0.00207	0.01037	0.00707	0.00320	0.00866
9	0.00783	0.00579	0.00733	0.00856	0.00926	0.00529	0.00580	0.00905	0.01279	0.01667	0.04095	0.64237	0.16562	0.01955	0.00814	0.00255	0.00366	0.01752	0.00600	0.00529
10	0.19611	0.04702	0.01535	0.01140	0.01636	0.07949	0.00929	0.18588	0.01763	0.06200	0.01235	0.01340	0.00949	0.00613	0.00517	0.00156	0.00613	0.00438	0.00462	0.29624
11	0.00872	0.00659	0.00804	0.00768	0.00939	0.00591	0.00576	0.01137	0.01728	0.02352	0.54133	0.05220	0.25034	0.01410	0.00763	0.00207	0.00311	0.01224	0.00680	0.00591
12	0.01754	0.74826	0.03326	0.01127	0.01671	0.05318	0.01111	0.01959	0.01333	0.01523	0.00902	0.01041	0.00829	0.00557	0.00421	0.00139	0.00709	0.00348	0.00279	0.00826
13	0.00923	0.00692	0.01038	0.01038	0.01154	0.00808	0.00808	0.01154	0.01038	0.01500	0.01731	0.02538	0.01615	0.04846	0.74732	0.01038	0.01731	0.00692	0.00346	0.00577
14	0.10945	0.01901	0.11263	0.01475	0.01967	0.12916	0.06353	0.06472	0.24331	0.13103	0.01818	0.01797	0.01322	0.00736	0.00617	0.00203	0.00730	0.00587	0.00523	0.00939
15	0.01613	0.01521	0.04728	0.05988	0.05111	0.09672	0.16395	0.05816	0.10238	0.08673	0.12147	0.11068	0.02262	0.00931	0.00702	0.00211	0.00729	0.00855	0.00511	0.00831
16	0.01078	0.00666	0.00843	0.00867	0.01021	0.00597	0.00623	0.01245	0.01446	0.11332	0.12989	0.42096	0.19370	0.01686	0.00780	0.00237	0.00379	0.01489	0.00641	0.00616
17	0.01716	0.01481	0.02363	0.02096	0.12962	0.01503	0.22870	0.20741	0.05270	0.04734	0.01706	0.07351	0.01478	0.09546	0.00998	0.00257	0.00789	0.00777	0.00470	0.00891
18	0.01859	0.16093	0.09580	0.03851	0.02206	0.12882	0.11094	0.12711	0.16923	0.04285	0.01520	0.01613	0.01158	0.00687	0.00609	0.00190	0.00811	0.00561	0.00443	0.00922
19	0.01660	0.16566	0.34857	0.01641	0.02320	0.14236	0.05176	0.02307	0.09430	0.04049	0.01298	0.01431	0.00984	0.00643	0.00585	0.00188	0.00887	0.00491	0.00345	0.00904
20	0.00788	0.00652	0.00690	0.00687	0.00889	0.00555	0.00513	0.00972	0.01521	0.01874	0.16820	0.08362	0.60247	0.01600	0.00765	0.00217	0.00325	0.01349	0.00617	0.00555
21	0.07200	0.04355	0.23356	0.04802	0.14422	0.14288	0.01668	0.05965	0.06618	0.05658	0.01296	0.01482	0.00988	0.00677	0.00675	0.00198	0.04557	0.00512	0.00375	0.00909
22	0.01727	0.77681	0.03386	0.01106	0.01658	0.02557	0.01106	0.01935	0.01313	0.01520	0.00898	0.01036	0.00829	0.00553	0.00415	0.00138	0.00691	0.00345	0.00276	0.00829
23	0.00940	0.00626	0.00705	0.00705	0.00705	0.00626	0.00392	0.00940	0.00940	0.01253	0.02036	0.04228	0.02349	0.77292	0.03289	0.00626	0.00626	0.00940	0.00392	0.00392
24	0.00785	0.00570	0.00742	0.00880	0.00932	0.00526	0.00591	0.00902	0.01256	0.01657	0.03796	0.71319	0.09673	0.01994	0.00820	0.00259	0.00371	0.01800	0.00600	0.00526
25	0.01242	0.01066	0.01689	0.01371	0.01681	0.01032	0.17700	0.11161	0.01786	0.02426	0.26984	0.16842	0.09839	0.01213	0.00757	0.00218	0.00567	0.01127	0.00579	0.00721
26	0.01436	0.01411	0.01920	0.01653	0.01694	0.01936	0.01369	0.01770	0.09147	0.01687	0.01053	0.01528	0.00977	0.01102	0.01953	0.00275	0.67437	0.00584	0.00326	0.00743
27	0.00935	0.00645	0.00801	0.00801	0.00834	0.00678	0.00511	0.01001	0.00968	0.01324	0.01948	0.03743	0.02138	0.56482	0.23811	0.00745	0.00944	0.00869	0.00378	0.00445
28	0.01599	0.01535	0.02623	0.03966	0.73262	0.01535	0.01983	0.01983	0.01471	0.02111	0.01215	0.01599	0.01023	0.00576	0.00640	0.00192	0.00768	0.00576	0.00320	0.01023
29	0.06229	0.02278	0.24167	0.01885	0.04227	0.12450	0.18014	0.02264	0.11702	0.02145	0.05242	0.01752	0.01310	0.00693	0.00687	0.00206	0.02882	0.00607	0.00383	0.00876
30	0.01746	0.40379	0.18539	0.01389	0.01999	0.06398	0.04297	0.05860	0.03559	0.06162	0.03381	0.01400	0.01089	0.00633	0.00527	0.00169	0.00770	0.00464	0.00357	0.00883
31	0.03606	0.01447	0.10169	0.01220	0.01631	0.01296	0.01071	0.11559	0.26022	0.07102	0.18478	0.02800	0.04732	0.02684	0.00726	0.00214	0.00543	0.00779	0.00608	0.03314
32	0.01372	0.00852	0.01027	0.00957	0.01173	0.00831	0.00711	0.05691	0.08960	0.14279	0.13480	0.20925	0.12087	0.11640	0.01085	0.00279	0.00462	0.02851	0.00631	0.00707

[dist]
# distance from previous block
# <min> <max>
0	22

[block]
# block no. 1 follows, 34 sequences, length 43
# corresponding to MSA columns:
# 60-102
name=unknown_B
#
# <colnr> <probs for GDERKNQSTAVLIFYWHMCP>
#	G	D	E	R	K	N	Q	S	T	A	V	L	I	F	Y	W	H	M	C	P
0	0.05539	0.18348	0.33046	0.01417	0.02047	0.01562	0.01576	0.02021	0.03096	0.09971	0.01642	0.05725	0.03406	0.00877	0.02241	0.00217	0.03364	0.02646	0.00387	0.00871
1	0.08959	0.17754	0.18854	0.01531	0.02082	0.08532	0.09001	0.05899	0.09918	0.02122	0.01390	0.01752	0.01146	0.03203	0.00706	0.00209	0.02526	0.03183	0.00380	0.00855
2	0.01519	0.32232	0.19470	0.01432	0.02002	0.01833	0.06350	0.06194	0.03397	0.01943	0.01472	0.05351	0.01353	0.00798	0.00617	0.00190	0.02442	0.07791	0.00364	0.03250
3	0.18342	0.14486	0.19448	0.01288	0.01791	0.03742	0.03530	0.01918	0.03777	0.06771	0.01705	0.12969	0.01593	0.00906	0.00593	0.00207	0.00675	0.05043	0.00421	0.00796
4	0.00898	0.00684	0.00818	0.00820	0.00989	0.00626	0.00618	0.03194	0.01622	0.02140	0.31158	0.16563	0.29153	0.01561	0.00779	0.00225	0.00358	0.06563	0.00644	0.00588
5	0.67413	0.01471	0.09002	0.01077	0.04246	0.01434	0.00926	0.01890	0.01138	0.02725	0.00975	0.01202	0.00776	0.02925	0.00520	0.00213	0.00564	0.00391	0.00383	0.00731
6	0.04046	0.04242	0.13506	0.05422	0.27571	0.01524	0.10996	0.04044	0.10669	0.06813	0.03816	0.01800	0.01291	0.00663	0.00645	0.00201	0.00769	0.00616	0.00409	0.00957
7	0.81856	0.01250	0.00950	0.00850	0.01250	0.01449	0.00700	0.01899	0.01100	0.02899	0.00900	0.01050	0.00700	0.00600	0.00400	0.00200	0.00500	0.00350	0.00400	0.00700
8	0.01340	0.01148	0.01340	0.00957	0.01531	0.00861	0.00766	0.01627	0.01340	0.02105	0.01148	0.01340	0.00957	0.00479	0.00479	0.00096	0.00479	0.00383	0.00383	0.81242
9	0.01599	0.01535	0.02623	0.03966	0.73262	0.01535	0.01983	0.01983	0.01471	0.02111	0.01215	0.01599	0.01023	0.00576	0.00640	0.00192	0.00768	0.00576	0.00320	0.01023
10	0.00923	0.00692	0.01038	0.01038	0.01154	0.00808	0.00808	0.01154	0.01038	0.01500	0.01731	0.02538	0.01615	0.04846	0.74732	0.01038	0.01731	0.00692	0.00346	0.00577
11	0.00935	0.00672	0.00918	0.01062	0.01171	0.00654	0.00855	0.01158	0.01392	0.01819	0.03575	0.33784	0.06157	0.01871	0.00862	0.00282	0.00502	0.41168	0.00597	0.00567
12	0.09687	0.06491	0.05370	0.04670	0.09828	0.08070	0.10645	0.07534	0.01626	0.20351	0.01518	0.01661	0.01108	0.00855	0.03619	0.00232	0.04785	0.00569	0.00469	0.00911
13	0.00903	0.00745	0.01062	0.01036	0.01207	0.00690	0.07349	0.01128	0.02894	0.01762	0.04167	0.36010	0.24682	0.04173	0.00885	0.00260	0.00466	0.09435	0.00568	0.00579
14	0.00797	0.00570	0.00762	0.00911	0.00953	0.00534	0.00618	0.00917	0.01247	0.01661	0.03556	0.74058	0.04251	0.02015	0.00827	0.00264	0.00384	0.04548	0.00600	0.00528
15	0.01493	0.01751	0.05830	0.02634	0.03275	0.01592	0.66419	0.02029	0.01510	0.02055	0.01380	0.04319	0.01089	0.00598	0.00760	0.00219	0.01061	0.00791	0.00335	0.00862
16	0.01549	0.05452	0.04879	0.09477	0.31501	0.03679	0.24901	0.01970	0.01440	0.01973	0.01192	0.01599	0.00962	0.00612	0.00768	0.00206	0.06004	0.00619	0.00314	0.00905
17	0.00879	0.00662	0.00815	0.00786	0.00955	0.00598	0.00595	0.01146	0.01721	0.02341	0.52603	0.05292	0.23754	0.01423	0.00768	0.00211	0.00322	0.03859	0.00677	0.00592
18	0.02708	0.01128	0.01489	0.01153	0.01628	0.01016	0.00948	0.08957	0.01952	0.62142	0.07868	0.02344	0.01901	0.00838	0.00658	0.00200	0.00545	0.00684	0.00779	0.01062
19	0.02414	0.03079	0.01831	0.01665	0.01998	0.74698	0.01248	0.02580	0.01831	0.01581	0.00999	0.01165	0.00832	0.00666	0.00583	0.00166	0.01165	0.00416	0.00333	0.00749
20	0.01220	0.01148	0.01938	0.75739	0.04450	0.01436	0.01794	0.01651	0.01292	0.01651	0.01148	0.01723	0.00861	0.00646	0.00646	0.00215	0.00861	0.00574	0.00287	0.00718
21	0.01386	0.16020	0.57530	0.01802	0.04544	0.01688	0.04439	0.02026	0.01364	0.01958	0.01121	0.01327	0.00831	0.00600	0.00585	0.00193	0.00909	0.00467	0.00277	0.00932
22	0.00935	0.00777	0.01220	0.04093	0.01421	0.00748	0.09736	0.01183	0.03540	0.01781	0.05590	0.53477	0.07808	0.01691	0.00800	0.00250	0.00491	0.03304	0.00558	0.00599
23	0.04436	0.36472	0.02642	0.01458	0.03596	0.16046	0.07395	0.05605	0.07507	0.01917	0.04402	0.01462	0.01193	0.00664	0.00576	0.00170	0.02766	0.00490	0.00367	0.00835
24	0.01693	0.01459	0.03758	0.01308	0.01702	0.01576	0.01058	0.17867	0.47279	0.02875	0.02654	0.05272	0.06726	0.00942	0.00667	0.00215	0.00551	0.00776	0.00637	0.00985
25	0.00848	0.00633	0.00788	0.00803	0.00938	0.00573	0.00582	0.01070	0.01592	0.02155	0.39914	0.24680	0.19894	0.01579	0.00779	0.00222	0.00329	0.01392	0.00657	0.00573
26	0.01093	0.01163	0.10469	0.01116	0.01360	0.01007	0.00964	0.01597	0.12346	0.01885	0.08820	0.11013	0.07291	0.11479	0.18289	0.00464	0.05870	0.00905	0.02191	0.00677
27	0.00805	0.00656	0.00711	0.00698	0.00898	0.00563	0.00523	0.01007	0.01569	0.01975	0.24551	0.05841	0.54851	0.01551	0.00763	0.00214	0.00321	0.01311	0.00630	0.00563
28	0.01361	0.14536	0.63320	0.01731	0.02625	0.01660	0.02194	0.02029	0.01356	0.01967	0.01120	0.01315	0.00820	0.00605	0.00584	0.00195	0.00915	0.00458	0.00273	0.00936
29	0.00786	0.00567	0.00745	0.00887	0.00934	0.00526	0.00594	0.00901	0.01249	0.01654	0.03710	0.73347	0.07701	0.02005	0.00822	0.00260	0.00372	0.01813	0.00600	0.00526
30	0.01772	0.72879	0.03286	0.01142	0.01680	0.07200	0.01115	0.01976	0.01346	0.01524	0.00905	0.01045	0.00829	0.00560	0.00425	0.00140	0.00722	0.00350	0.00280	0.00824
31	0.01727	0.77681	0.03386	0.01106	0.01658	0.02557	0.01106	0.01935	0.01313	0.01520	0.00898	0.01036	0.00829	0.00553	0.00415	0.00138	0.00691	0.00345	0.00276	0.00829
32	0.00815	0.00635	0.00740	0.00759	0.00916	0.00560	0.00552	0.01010	0.01527	0.01980	0.25989	0.21941	0.37010	0.01629	0.00777	0.00224	0.00331	0.01413	0.00634	0.00560
33	0.01107	0.00939	0.04686	0.01075	0.01237	0.04079	0.04135	0.01283	0.01238	0.06209	0.02579	0.36158	0.02834	0.15330	0.13595	0.00442	0.00756	0.01229	0.00492	0.00595
34	0.01589	0.01545	0.07230	0.16980	0.13003	0.01492	0.23108	0.02074	0.04308	0.10147	0.03743	0.01842	0.01217	0.00698	0.00825	0.00217	0.08057	0.00660	0.00390	0.00876
35	0.00927	0.00678	0.00964	0.00964	0.01053	0.00767	0.00715	0.01106	0.01016	0.01445	0.01799	0.02916	0.01779	0.21044	0.58758	0.00946	0.01484	0.00748	0.00356	0.00535
36	0.01485	0.02023	0.16078	0.02569	0.03275	0.01611	0.58930	0.02066	0.01497	0.02066	0.01281	0.01677	0.00952	0.00557	0.00737	0.00216	0.01066	0.00713	0.00317	0.00886
37	0.05111	0.05040	0.02137	0.11217	0.02436	0.30678	0.13054	0.06786	0.05922	0.06013	0.01392	0.01760	0.01115	0.00714	0.00634	0.00194	0.00940	0.03635	0.00404	0.00819
38	0.01434	0.09022	0.41952	0.04143	0.02575	0.01594	0.09875	0.05895	0.08243	0.02158	0.01461	0.01881	0.01151	0.00711	0.00639	0.00208	0.00866	0.04917	0.00358	0.00918
39	0.01612	0.01570	0.02464	0.08281	0.60769	0.04848	0.01872	0.02087	0.06267	0.02098	0.01297	0.01642	0.01069	0.00605	0.00639	0.00194	0.00774	0.00579	0.00341	0.00991
40	0.06247	0.00792	0.01075	0.00977	0.01108	0.00779	0.07249	0.01223	0.01134	0.04824	0.02347	0.14116	0.04725	0.44762	0.02194	0.00460	0.00612	0.04402	0.00451	0.00523
41	0.01115	0.00837	0.05531	0.00925	0.01102	0.00669	0.00714	0.01299	0.01377	0.10372	0.13618	0.34608	0.09277	0.14094	0.01183	0.00299	0.00460	0.01321	0.00585	0.00613
42	0.05605	0.07720	0.33458	0.01654	0.02336	0.01572	0.09267	0.06104	0.13867	0.07838	0.01589	0.01778	0.01184	0.00701	0.00625	0.00205	0.00796	0.02332	0.00422	0.00946

[dist]
# distance from previous block
# <min> <max>
1	14

[block]
# block no. 2 follows, 34 sequences, length 60
# corresponding to MSA columns:
# 117-176
name=unknown_C
#
# <colnr> <probs for GDERKNQSTAVLIFYWHMCP>
#	G	D	E	R	K	N	Q	S	T	A	V	L	I	F	Y	W	H	M	C	P
0	0.03318	0.08915	0.01563	0.03554	0.01603	0.03158	0.02778	0.08881	0.16472	0.08026	0.12280	0.09910	0.05920	0.01018	0.00658	0.00201	0.00545	0.03620	0.00570	0.07011
1	0.07930	0.45172	0.02798	0.01336	0.01842	0.14927	0.06472	0.06760	0.01540	0.04466	0.01051	0.01191	0.00878	0.00599	0.00494	0.00160	0.00786	0.00417	0.00343	0.00837
2	0.00786	0.00566	0.00746	0.00890	0.00935	0.00526	0.00595	0.00901	0.01247	0.01653	0.03684	0.73972	0.07093	0.02008	0.00822	0.00261	0.00373	0.01817	0.00600	0.00526
3	0.01043	0.00762	0.00974	0.00903	0.01046	0.00788	0.00691	0.03522	0.01693	0.02461	0.50944	0.07936	0.04763	0.01252	0.00862	0.00208	0.08025	0.01055	0.10442	0.00630
4	0.08738	0.01560	0.07374	0.14874	0.04797	0.03100	0.06399	0.21753	0.03326	0.08067	0.03231	0.01729	0.01181	0.00922	0.03449	0.03884	0.00774	0.00581	0.00467	0.03794
5	0.01508	0.01076	0.01226	0.01194	0.03818	0.04625	0.00884	0.05530	0.17373	0.12259	0.14430	0.18049	0.05264	0.01238	0.00720	0.00222	0.00502	0.06597	0.02688	0.00795
6	0.00783	0.00651	0.00684	0.00684	0.00887	0.00553	0.00510	0.00962	0.01507	0.01845	0.14580	0.08945	0.61959	0.01614	0.00766	0.00218	0.00326	0.01359	0.00614	0.00553
7	0.01259	0.01795	0.22804	0.01768	0.02294	0.01235	0.21826	0.03483	0.03391	0.02081	0.06806	0.14245	0.02215	0.01040	0.00742	0.00231	0.00791	0.10766	0.00435	0.00794
8	0.01379	0.02784	0.49816	0.05910	0.04811	0.03396	0.16182	0.02026	0.01395	0.02004	0.01176	0.01462	0.00860	0.00619	0.00697	0.00209	0.03528	0.00544	0.00288	0.00914
9	0.02414	0.03079	0.01831	0.01665	0.01998	0.74698	0.01248	0.02580	0.01831	0.01581	0.00999	0.01165	0.00832	0.00666	0.00583	0.00166	0.01165	0.00416	0.00333	0.00749
10	0.02308	0.01150	0.01397	0.01143	0.01563	0.01137	0.00921	0.05816	0.21739	0.42023	0.02477	0.02258	0.01691	0.00815	0.00628	0.00199	0.00515	0.00664	0.10538	0.01017
11	0.01722	0.01767	0.01935	0.01991	0.15327	0.21081	0.06911	0.10109	0.03436	0.02034	0.01484	0.07447	0.01342	0.01513	0.13500	0.00345	0.06182	0.00669	0.00395	0.00809
12	0.01357	0.01336	0.01967	0.23326	0.02501	0.01820	0.01525	0.01583	0.01078	0.01583	0.00936	0.01504	0.00852	0.00989	0.01690	0.00263	0.54128	0.00568	0.00284	0.00710
13	0.00944	0.00647	0.00790	0.00801	0.00833	0.00668	0.00515	0.01008	0.00998	0.01348	0.02082	0.04144	0.02316	0.58570	0.16128	0.00677	0.00825	0.05868	0.00398	0.00440
14	0.01209	0.01008	0.01079	0.00992	0.01272	0.01059	0.00763	0.04630	0.31446	0.02381	0.16043	0.04198	0.28889	0.01230	0.00714	0.00215	0.00415	0.01034	0.00645	0.00779
15	0.01327	0.08707	0.68853	0.01789	0.02714	0.01577	0.02295	0.02038	0.01360	0.02008	0.01141	0.01341	0.00819	0.00609	0.00599	0.00200	0.00936	0.00468	0.00273	0.00946
16	0.00787	0.00565	0.00747	0.00892	0.00935	0.00525	0.00596	0.00901	0.01244	0.01652	0.03652	0.74714	0.06371	0.02012	0.00823	0.00261	0.00373	0.01822	0.00600	0.00525
17	0.00940	0.00626	0.00705	0.00705	0.00705	0.00626	0.00392	0.00940	0.00940	0.01253	0.02036	0.04228	0.02349	0.77292	0.03289	0.00626	0.00626	0.00940	0.00392	0.00392
18	0.01875	0.01181	0.01264	0.01037	0.01375	0.01260	0.00834	0.33255	0.02150	0.07421	0.01881	0.02006	0.01399	0.00766	0.00552	0.00173	0.00502	0.00596	0.39614	0.00858
19	0.01431	0.01576	0.07565	0.52604	0.08687	0.08519	0.03706	0.04939	0.01447	0.01827	0.01162	0.01626	0.00880	0.00644	0.00640	0.00207	0.00891	0.00557	0.00310	0.00782
20	0.07848	0.01040	0.03049	0.01007	0.01377	0.00943	0.00831	0.06370	0.03320	0.33534	0.17935	0.02813	0.05106	0.00920	0.00634	0.00195	0.00471	0.00756	0.10979	0.00873
21	0.00835	0.00653	0.00756	0.00739	0.00919	0.00574	0.00551	0.01062	0.01628	0.02135	0.37306	0.08758	0.38758	0.01507	0.00766	0.00213	0.00319	0.01294	0.00652	0.00574
22	0.01700	0.75041	0.03305	0.01103	0.01641	0.02497	0.01095	0.01908	0.01303	0.01519	0.00927	0.01088	0.00856	0.00700	0.02963	0.00169	0.00727	0.00357	0.00279	0.00821
23	0.05922	0.16034	0.13870	0.04224	0.25459	0.12914	0.01622	0.06318	0.04112	0.02081	0.01169	0.01393	0.00944	0.00618	0.00574	0.00182	0.00820	0.00488	0.00342	0.00915
24	0.00963	0.00844	0.00863	0.00936	0.01044	0.08060	0.00656	0.01108	0.01374	0.01726	0.09126	0.49567	0.15066	0.01868	0.03385	0.00268	0.00489	0.01524	0.00573	0.00559
25	0.00956	0.00708	0.00997	0.01213	0.05356	0.00689	0.00890	0.01174	0.01376	0.01815	0.03419	0.37580	0.05248	0.01817	0.00845	0.00274	0.00503	0.33969	0.00581	0.00588
26	0.01340	0.01148	0.01340	0.00957	0.01531	0.00861	0.00766	0.01627	0.01340	0.02105	0.01148	0.01340	0.00957	0.00479	0.00479	0.00096	0.00479	0.00383	0.00383	0.81242
27	0.01343	0.00870	0.01175	0.02986	0.01397	0.00752	0.03124	0.01550	0.01383	0.14431	0.02594	0.38901	0.02710	0.01307	0.00694	0.00204	0.00471	0.01167	0.00559	0.22383
28	0.01356	0.01163	0.01347	0.00978	0.01540	0.00906	0.00781	0.01735	0.05563	0.02141	0.01237	0.01404	0.01018	0.00502	0.00489	0.00103	0.00480	0.00404	0.00399	0.76454
29	0.01643	0.01468	0.01508	0.01400	0.03555	0.04903	0.01058	0.03357	0.67088	0.02637	0.02519	0.02333	0.01896	0.00859	0.00654	0.00216	0.00548	0.00712	0.00634	0.01010
30	0.01586	0.01564	0.02463	0.15595	0.57728	0.05886	0.01908	0.01964	0.01463	0.02004	0.01191	0.01594	0.00985	0.00593	0.00637	0.00194	0.00807	0.00566	0.00315	0.00957
31	0.01349	0.15211	0.56432	0.01682	0.02517	0.01622	0.03732	0.01979	0.01387	0.01994	0.05404	0.01527	0.01139	0.00644	0.00594	0.00194	0.00877	0.00504	0.00301	0.00912
32	0.00839	0.00809	0.05064	0.00779	0.00991	0.00624	0.00626	0.01016	0.01368	0.01691	0.05151	0.10663	0.49237	0.13279	0.01155	0.00288	0.00429	0.04895	0.00548	0.00547
33	0.01918	0.57197	0.02969	0.01245	0.01752	0.16750	0.01143	0.07316	0.01546	0.01726	0.00968	0.01101	0.00850	0.00592	0.00465	0.00148	0.00786	0.00377	0.00316	0.00834
34	0.01073	0.00930	0.01146	0.01120	0.01250	0.07329	0.00871	0.01295	0.01106	0.01509	0.01631	0.02373	0.01516	0.04330	0.65311	0.00932	0.04677	0.00663	0.00342	0.00597
35	0.01512	0.01803	0.14082	0.07364	0.50138	0.01562	0.04418	0.01945	0.01409	0.02031	0.01178	0.01559	0.00966	0.00627	0.00754	0.00203	0.06609	0.00566	0.00308	0.00966
36	0.01759	0.65400	0.03104	0.01150	0.01681	0.02427	0.01104	0.06216	0.08609	0.01793	0.01113	0.01207	0.00961	0.00599	0.00453	0.00150	0.00674	0.00399	0.00337	0.00865
37	0.01727	0.77681	0.03386	0.01106	0.01658	0.02557	0.01106	0.01935	0.01313	0.01520	0.00898	0.01036	0.00829	0.00553	0.00415	0.00138	0.00691	0.00345	0.00276	0.00829
38	0.00914	0.00660	0.00864	0.00813	0.00965	0.00610	0.00610	0.01219	0.01829	0.02591	0.72921	0.04827	0.06097	0.01321	0.00762	0.00203	0.00305	0.01169	0.00711	0.00610
39	0.00786	0.00566	0.00746	0.00891	0.00935	0.00526	0.00596	0.00901	0.01245	0.01653	0.03666	0.74386	0.06690	0.02011	0.00823	0.00261	0.00373	0.01820	0.00600	0.00526
40	0.01727	0.77681	0.03386	0.01106	0.01658	0.02557	0.01106	0.01935	0.01313	0.01520	0.00898	0.01036	0.00829	0.00553	0.00415	0.00138	0.00691	0.00345	0.00276	0.00829
41	0.00911	0.00660	0.00858	0.00809	0.00963	0.00608	0.00607	0.01212	0.01820	0.02570	0.71229	0.04862	0.07802	0.01329	0.00762	0.00204	0.00305	0.01173	0.00708	0.00608
42	0.00764	0.00655	0.00655	0.00655	0.00873	0.00545	0.00491	0.00927	0.01473	0.01745	0.06546	0.06218	0.73000	0.01636	0.00764	0.00218	0.00327	0.01364	0.00600	0.00545
43	0.00797	0.00570	0.00759	0.00893	0.00939	0.00531	0.00601	0.00924	0.01283	0.01722	0.08895	0.71330	0.04414	0.01970	0.00820	0.00258	0.00369	0.01785	0.00608	0.00531
44	0.01813	0.01946	0.01700	0.01511	0.01742	0.28937	0.01188	0.07436	0.10747	0.01898	0.01335	0.01645	0.01133	0.01503	0.13093	0.00347	0.20313	0.00553	0.00389	0.00773
45	0.01525	0.01743	0.03813	0.02723	0.03377	0.01634	0.70915	0.02070	0.01525	0.02070	0.01307	0.01743	0.00980	0.00545	0.00763	0.00218	0.01089	0.00763	0.00327	0.00871
46	0.01220	0.01148	0.01938	0.75739	0.04450	0.01436	0.01794	0.01651	0.01292	0.01651	0.01148	0.01723	0.00861	0.00646	0.00646	0.00215	0.00861	0.00574	0.00287	0.00718
47	0.01347	0.01328	0.02401	0.48963	0.17592	0.01490	0.14016	0.01789	0.01368	0.01814	0.01189	0.01702	0.00914	0.00615	0.00665	0.00211	0.00883	0.00608	0.00300	0.00804
48	0.00787	0.00562	0.00750	0.00900	0.00937	0.00525	0.00600	0.00900	0.01237	0.01649	0.03561	0.76871	0.04274	0.02024	0.00825	0.00262	0.00375	0.01837	0.00600	0.00525
49	0.01220	0.01148	0.01938	0.75739	0.04450	0.01436	0.01794	0.01651	0.01292	0.01651	0.01148	0.01723	0.00861	0.00646	0.00646	0.00215	0.00861	0.00574	0.00287	0.00718
50	0.02414	0.03079	0.01831	0.01665	0.01998	0.74698	0.01248	0.02580	0.01831	0.01581	0.00999	0.01165	0.00832	0.00666	0.00583	0.00166	0.01165	0.00416	0.00333	0.00749
51	0.01404	0.14587	0.50340	0.01887	0.02725	0.01689	0.14557	0.02033	0.01385	0.01969	0.01146	0.01382	0.00849	0.00592	0.00610	0.00197	0.00938	0.00508	0.00283	0.00920
52	0.01268	0.01197	0.02024	0.66694	0.13122	0.01448	0.01818	0.01693	0.01315	0.01709	0.01157	0.01707	0.00882	0.00637	0.00645	0.00212	0.00850	0.00574	0.00291	0.00756
53	0.01211	0.01123	0.01479	0.01382	0.01605	0.08388	0.11682	0.01590	0.07083	0.01880	0.02835	0.30025	0.03060	0.01492	0.00798	0.00253	0.00645	0.22273	0.00534	0.00663
54	0.00835	0.00634	0.00773	0.00813	0.00951	0.00572	0.00596	0.01036	0.01513	0.01991	0.26103	0.27412	0.26818	0.01666	0.00790	0.00232	0.00352	0.05719	0.00634	0.00562
55	0.02217	0.01669	0.01689	0.01381	0.01808	0.09055	0.01105	0.39577	0.12193	0.11610	0.01967	0.09362	0.01575	0.00908	0.00660	0.00202	0.00676	0.00721	0.00629	0.00994
56	0.01547	0.46930	0.29886	0.04089	0.02188	0.02119	0.01613	0.01966	0.01331	0.01723	0.01006	0.01185	0.00826	0.00579	0.00498	0.00166	0.00796	0.00403	0.00275	0.00872
57	0.01287	0.01230	0.01902	0.68188	0.04179	0.03917	0.01724	0.01803	0.06118	0.01720	0.01244	0.01751	0.00936	0.00662	0.00645	0.00214	0.00848	0.00580	0.00314	0.00740
58	0.01549	0.01367	0.03744	0.32527	0.02898	0.01542	0.01399	0.08122	0.32424	0.04789	0.01877	0.02016	0.01391	0.00762	0.00650	0.00214	0.00688	0.00643	0.00495	0.00902
59	0.01959	0.12658	0.07470	0.01474	0.01886	0.31790	0.01248	0.08895	0.14415	0.02091	0.03764	0.01823	0.01361	0.00777	0.00638	0.00187	0.02685	0.03602	0.00431	0.00845

[dist]
# distance from previous block
# <min> <max>
9	28

[block]
# block no. 3 follows, 34 sequences, length 35
# corresponding to MSA columns:
# 207-241
name=unknown_D
#
# <colnr> <probs for GDERKNQSTAVLIFYWHMCP>
#	G	D	E	R	K	N	Q	S	T	A	V	L	I	F	Y	W	H	M	C	P
0	0.01988	0.07563	0.05091	0.05305	0.02493	0.11940	0.21098	0.27644	0.05794	0.02713	0.01381	0.01561	0.01033	0.00672	0.00653	0.00196	0.00885	0.00597	0.00455	0.00939
1	0.03745	0.12740	0.01744	0.01268	0.01599	0.06108	0.06010	0.14727	0.05534	0.02259	0.02577	0.17210	0.08623	0.01197	0.00694	0.00219	0.00630	0.11831	0.00520	0.00763
2	0.02102	0.06006	0.09636	0.01723	0.02217	0.32903	0.10815	0.19774	0.02012	0.02331	0.01375	0.01522	0.03284	0.00698	0.00625	0.00185	0.00968	0.00539	0.00412	0.00873
3	0.01644	0.20217	0.31893	0.01629	0.02326	0.07372	0.08878	0.02212	0.05798	0.07095	0.01291	0.01435	0.00972	0.00620	0.00580	0.00184	0.00848	0.00496	0.00350	0.04159
4	0.01798	0.01113	0.01195	0.01085	0.01379	0.08864	0.00845	0.04090	0.03106	0.27255	0.03305	0.20845	0.13678	0.01298	0.00724	0.00223	0.00548	0.07216	0.00644	0.00790
5	0.01120	0.00671	0.00909	0.00992	0.01113	0.00626	0.00736	0.01288	0.01369	0.11294	0.03398	0.52827	0.03805	0.01813	0.00815	0.00261	0.00443	0.15280	0.00625	0.00616
6	0.01315	0.09571	0.02287	0.58799	0.06120	0.01579	0.08000	0.01730	0.01321	0.01688	0.01138	0.01646	0.00874	0.00625	0.00631	0.00206	0.00861	0.00566	0.00291	0.00753
7	0.01400	0.07606	0.46036	0.02088	0.02916	0.01613	0.25126	0.02047	0.01414	0.02020	0.01192	0.01469	0.00873	0.00587	0.00651	0.00205	0.00983	0.00564	0.00291	0.00919
8	0.01174	0.01010	0.01201	0.01094	0.01311	0.07463	0.06685	0.04657	0.01610	0.04406	0.20572	0.26785	0.16622	0.01431	0.00757	0.00222	0.00503	0.01266	0.00588	0.00646
9	0.06014	0.07759	0.08082	0.01126	0.01596	0.01092	0.01012	0.02493	0.01720	0.43212	0.16504	0.02503	0.02334	0.00858	0.00637	0.00196	0.00546	0.00699	0.00670	0.00945
10	0.01555	0.09578	0.47467	0.01704	0.02492	0.01618	0.05566	0.07218	0.08290	0.06422	0.01394	0.01517	0.01005	0.00652	0.00612	0.00200	0.00854	0.00522	0.00371	0.00965
11	0.15745	0.28808	0.15345	0.01470	0.02061	0.01913	0.11752	0.04328	0.09100	0.02150	0.01216	0.01370	0.00961	0.00613	0.00534	0.00184	0.00745	0.00482	0.00358	0.00865
12	0.01394	0.11101	0.50543	0.01959	0.02802	0.01646	0.17586	0.02039	0.01395	0.01994	0.01164	0.01413	0.00856	0.00592	0.00625	0.00200	0.00956	0.00527	0.00285	0.00923
13	0.02071	0.08537	0.11350	0.01331	0.01849	0.01522	0.01212	0.13755	0.22736	0.23501	0.04041	0.02015	0.01582	0.00786	0.00629	0.00200	0.00624	0.00627	0.00613	0.01019
14	0.01542	0.45651	0.33787	0.01423	0.02149	0.02102	0.01658	0.01983	0.01335	0.01747	0.01011	0.01178	0.00825	0.00579	0.00500	0.00167	0.00805	0.00402	0.00275	0.00883
15	0.00830	0.00606	0.00787	0.00921	0.00976	0.00582	0.00622	0.01033	0.04953	0.01705	0.03512	0.72966	0.04153	0.01964	0.00816	0.00260	0.00382	0.01779	0.00603	0.00551
16	0.00940	0.00626	0.00705	0.00705	0.00705	0.00626	0.00392	0.00940	0.00940	0.01253	0.02036	0.04228	0.02349	0.77292	0.03289	0.00626	0.00626	0.00940	0.00392	0.00392
17	0.01340	0.01148	0.01340	0.00957	0.01531	0.00861	0.00766	0.01627	0.01340	0.02105	0.01148	0.01340	0.00957	0.00479	0.00479	0.00096	0.00479	0.00383	0.00383	0.81242
18	0.02498	0.01138	0.01477	0.01115	0.01634	0.00967	0.00915	0.05315	0.01768	0.53432	0.02166	0.01963	0.01422	0.00720	0.00607	0.00174	0.00538	0.00581	0.00691	0.20880
19	0.01844	0.02031	0.05510	0.01832	0.13743	0.31879	0.01288	0.02172	0.04508	0.06791	0.04047	0.02746	0.08045	0.00921	0.00664	0.00200	0.00843	0.09695	0.00442	0.00798
20	0.00787	0.00562	0.00750	0.00900	0.00937	0.00525	0.00600	0.00900	0.01237	0.01649	0.03561	0.76871	0.04274	0.02024	0.00825	0.00262	0.00375	0.01837	0.00600	0.00525
21	0.01387	0.01178	0.01264	0.01172	0.01484	0.01312	0.00917	0.02738	0.51129	0.02474	0.06626	0.03568	0.14038	0.01100	0.00700	0.00225	0.00478	0.06676	0.00645	0.00888
22	0.01220	0.01148	0.01938	0.75739	0.04450	0.01436	0.01794	0.01651	0.01292	0.01651	0.01148	0.01723	0.00861	0.00646	0.00646	0.00215	0.00861	0.00574	0.00287	0.00718
23	0.01332	0.01208	0.01938	0.68998	0.04228	0.01487	0.01743	0.07957	0.01451	0.01871	0.01185	0.01707	0.00883	0.00658	0.00646	0.00213	0.00848	0.00575	0.00320	0.00752
24	0.00923	0.00692	0.01038	0.01038	0.01154	0.00808	0.00808	0.01154	0.01038	0.01500	0.01731	0.02538	0.01615	0.04846	0.74732	0.01038	0.01731	0.00692	0.00346	0.00577
25	0.01518	0.09824	0.01558	0.01208	0.01386	0.18622	0.00914	0.01792	0.08325	0.01561	0.01523	0.02468	0.01521	0.28754	0.03739	0.00378	0.13233	0.00662	0.00373	0.00644
26	0.00824	0.00584	0.00759	0.00862	0.00910	0.00550	0.00573	0.00947	0.01274	0.01719	0.12389	0.57699	0.04252	0.12076	0.01149	0.00304	0.00400	0.01629	0.00586	0.00518
27	0.00923	0.00692	0.01038	0.01038	0.01154	0.00808	0.00808	0.01154	0.01038	0.01500	0.01731	0.02538	0.01615	0.04846	0.74732	0.01038	0.01731	0.00692	0.00346	0.00577
28	0.00922	0.00619	0.00710	0.00728	0.00732	0.00614	0.00416	0.00935	0.00975	0.01300	0.02215	0.12782	0.02576	0.68429	0.02999	0.00584	0.00597	0.01045	0.00416	0.00407
29	0.01557	0.01485	0.02492	0.11952	0.62206	0.01527	0.01918	0.02012	0.04690	0.02086	0.01273	0.01650	0.01049	0.00597	0.00641	0.00196	0.00766	0.00583	0.00332	0.00989
30	0.01423	0.01155	0.01352	0.00979	0.01542	0.00893	0.00784	0.01766	0.04010	0.05471	0.01269	0.01420	0.01025	0.00508	0.00493	0.00105	0.00483	0.00408	0.00413	0.74500
31	0.00920	0.00681	0.00861	0.00926	0.01044	0.00629	0.00643	0.04318	0.01340	0.01812	0.03320	0.63853	0.05840	0.01803	0.00781	0.00242	0.00400	0.01622	0.00581	0.08386
32	0.02139	0.01568	0.01698	0.01384	0.01835	0.01741	0.01116	0.36420	0.32030	0.09817	0.02096	0.01972	0.01512	0.00820	0.00651	0.00205	0.00612	0.00651	0.00665	0.01067
33	0.03862	0.01358	0.01849	0.05587	0.10545	0.04231	0.09167	0.11826	0.06020	0.12982	0.01877	0.12866	0.01621	0.00861	0.00653	0.00195	0.00662	0.00766	0.00511	0.12560
34	0.03397	0.01449	0.02010	0.17292	0.10777	0.08396	0.10964	0.05603	0.01557	0.11113	0.04349	0.01991	0.02969	0.04219	0.00821	0.00215	0.03689	0.00632	0.00425	0.08133

[dist]
# distance from previous block
# <min> <max>
2	13

[block]
# block no. 4 follows, 34 sequences, length 513
# corresponding to MSA columns:
# 255-767
name=unknown_E
#
# <colnr> <probs for GDERKNQSTAVLIFYWHMCP>
#	G	D	E	R	K	N	Q	S	T	A	V	L	I	F	Y	W	H	M	C	P
0	0.04694	0.01321	0.01789	0.08580	0.12234	0.01405	0.05358	0.16004	0.06428	0.04779	0.03772	0.06579	0.08433	0.00895	0.00777	0.00204	0.07020	0.00738	0.00482	0.08508
1	0.04258	0.01506	0.04108	0.01599	0.08314	0.03949	0.01207	0.27905	0.08167	0.02718	0.03660	0.02099	0.01434	0.01163	0.03433	0.09209	0.09236	0.04679	0.00494	0.00860
2	0.01875	0.01341	0.01739	0.05670	0.01940	0.01430	0.06967	0.32949	0.02119	0.09999	0.01947	0.09107	0.01684	0.03979	0.09620	0.00326	0.00816	0.05041	0.00562	0.00888
3	0.14354	0.01245	0.01707	0.06338	0.27282	0.01278	0.01265	0.02095	0.09501	0.11036	0.06107	0.02343	0.08943	0.00796	0.00621	0.00199	0.00594	0.00677	0.00481	0.03141
4	0.01395	0.01167	0.01429	0.01023	0.01598	0.00890	0.03170	0.01689	0.01362	0.04332	0.01197	0.01380	0.00978	0.00491	0.00494	0.00103	0.00502	0.00404	0.00394	0.76001
5	0.00831	0.00591	0.00770	0.00896	0.00945	0.00560	0.00613	0.00949	0.01231	0.01630	0.03448	0.58651	0.06114	0.11503	0.01141	0.00310	0.00427	0.08301	0.00573	0.00516
6	0.02347	0.01713	0.01858	0.01417	0.01940	0.01842	0.01168	0.61160	0.02810	0.06164	0.01540	0.01549	0.01100	0.00744	0.00628	0.00183	0.00680	0.00562	0.00622	0.09973
7	0.01034	0.00687	0.00902	0.00833	0.01006	0.00630	0.00630	0.01336	0.01830	0.06873	0.68683	0.04668	0.05826	0.01290	0.00755	0.00203	0.00320	0.01137	0.00717	0.00639
8	0.01220	0.01148	0.01938	0.75739	0.04450	0.01436	0.01794	0.01651	0.01292	0.01651	0.01148	0.01723	0.00861	0.00646	0.00646	0.00215	0.00861	0.00574	0.00287	0.00718
9	0.01430	0.02408	0.32968	0.02357	0.03136	0.01579	0.42427	0.02060	0.01458	0.02060	0.01246	0.01585	0.00913	0.00573	0.00701	0.00212	0.01033	0.00644	0.00304	0.00906
10	0.00831	0.00680	0.00736	0.00718	0.00924	0.00597	0.00540	0.01086	0.03875	0.02000	0.23957	0.05726	0.53000	0.01528	0.00760	0.00214	0.00327	0.01291	0.00631	0.00578
11	0.01599	0.01535	0.02623	0.03966	0.73262	0.01535	0.01983	0.01983	0.01471	0.02111	0.01215	0.01599	0.01023	0.00576	0.00640	0.00192	0.00768	0.00576	0.00320	0.01023
12	0.79210	0.01245	0.00968	0.00860	0.01263	0.01433	0.00708	0.01941	0.01125	0.05272	0.00955	0.01088	0.00730	0.00606	0.00408	0.00200	0.00502	0.00360	0.00413	0.00713
13	0.04653	0.50468	0.04971	0.01203	0.01721	0.06996	0.01131	0.12770	0.04031	0.02060	0.01120	0.01236	0.00938	0.00617	0.00477	0.00156	0.00705	0.00414	0.03471	0.00863
14	0.01226	0.00993	0.01204	0.03049	0.01254	0.03538	0.00834	0.06213	0.01200	0.01696	0.01672	0.05015	0.01701	0.28520	0.14812	0.00512	0.18043	0.00758	0.07172	0.00588
15	0.00793	0.00574	0.00750	0.00878	0.00935	0.00531	0.00593	0.00921	0.01288	0.01712	0.07912	0.67818	0.08995	0.01956	0.00817	0.00256	0.00367	0.01765	0.00606	0.00531
16	0.81856	0.01250	0.00950	0.00850	0.01250	0.01449	0.00700	0.01899	0.01100	0.02899	0.00900	0.01050	0.00700	0.00600	0.00400	0.00200	0.00500	0.00350	0.00400	0.00700
17	0.01493	0.01610	0.05153	0.13653	0.28372	0.01588	0.29604	0.01944	0.01432	0.01989	0.01217	0.01655	0.00965	0.00611	0.00786	0.00212	0.05860	0.00647	0.00314	0.00895
18	0.00793	0.00565	0.00748	0.00893	0.00929	0.00528	0.00592	0.00901	0.01227	0.01636	0.03508	0.74328	0.04206	0.04659	0.00911	0.00275	0.00384	0.01805	0.00592	0.00520
19	0.00765	0.00649	0.00660	0.00669	0.00877	0.00544	0.00497	0.00926	0.01459	0.01740	0.06370	0.10373	0.68958	0.01659	0.00767	0.00221	0.00330	0.01391	0.00600	0.00544
20	0.01607	0.01388	0.01461	0.01315	0.01680	0.01607	0.01023	0.03433	0.72094	0.02703	0.02630	0.02411	0.01972	0.00877	0.00657	0.00219	0.00511	0.00731	0.00657	0.01023
21	0.01024	0.00685	0.00899	0.00831	0.01003	0.00628	0.00628	0.01326	0.01830	0.06522	0.69031	0.04681	0.05848	0.01292	0.00756	0.00203	0.00318	0.01140	0.00716	0.00637
22	0.01406	0.01269	0.02016	0.58983	0.11997	0.01513	0.01750	0.09723	0.01514	0.01983	0.01203	0.01689	0.00907	0.00653	0.00645	0.00210	0.00833	0.00575	0.00332	0.00797
23	0.81856	0.01250	0.00950	0.00850	0.01250	0.01449	0.00700	0.01899	0.01100	0.02899	0.00900	0.01050	0.00700	0.00600	0.00400	0.00200	0.00500	0.00350	0.00400	0.00700
24	0.00764	0.00655	0.00655	0.00655	0.00873	0.00545	0.00491	0.00927	0.01473	0.01745	0.06546	0.06218	0.73000	0.01636	0.00764	0.00218	0.00327	0.01364	0.00600	0.00545
25	0.00854	0.00658	0.00779	0.00749	0.00928	0.00584	0.00562	0.01101	0.01685	0.02249	0.46095	0.05389	0.33136	0.01448	0.00763	0.00209	0.00314	0.01247	0.00666	0.00584
26	0.01607	0.01388	0.01461	0.01315	0.01680	0.01607	0.01023	0.03433	0.72094	0.02703	0.02630	0.02411	0.01972	0.00877	0.00657	0.00219	0.00511	0.00731	0.00657	0.01023
27	0.01220	0.01148	0.01938	0.75739	0.04450	0.01436	0.01794	0.01651	0.01292	0.01651	0.01148	0.01723	0.00861	0.00646	0.00646	0.00215	0.00861	0.00574	0.00287	0.00718
28	0.00905	0.00660	0.00851	0.00803	0.00960	0.00606	0.00603	0.01202	0.01808	0.02540	0.68924	0.04910	0.10125	0.01340	0.00762	0.00204	0.00306	0.01180	0.00705	0.00606
29	0.02456	0.01810	0.01939	0.01487	0.02004	0.02004	0.01228	0.71107	0.03038	0.04072	0.01551	0.01551	0.01099	0.00776	0.00646	0.00194	0.00711	0.00582	0.00646	0.01099
30	0.01727	0.77681	0.03386	0.01106	0.01658	0.02557	0.01106	0.01935	0.01313	0.01520	0.00898	0.01036	0.00829	0.00553	0.00415	0.00138	0.00691	0.00345	0.00276	0.00829
31	0.00914	0.00660	0.00864	0.00813	0.00965	0.00610	0.00610	0.01219	0.01829	0.02591	0.72921	0.04827	0.06097	0.01321	0.00762	0.00203	0.00305	0.01169	0.00711	0.00610
32	0.01626	0.01585	0.02597	0.03891	0.70949	0.03909	0.01959	0.02002	0.01483	0.02094	0.01208	0.01585	0.01017	0.00579	0.00638	0.00191	0.00781	0.00571	0.00320	0.01015
33	0.01340	0.01148	0.01340	0.00957	0.01531	0.00861	0.00766	0.01627	0.01340	0.02105	0.01148	0.01340	0.00957	0.00479	0.00479	0.00096	0.00479	0.00383	0.00383	0.81242
34	0.02665	0.01373	0.01656	0.01281	0.01779	0.01369	0.01055	0.27768	0.06279	0.44455	0.02192	0.01977	0.01439	0.00795	0.00649	0.00199	0.00606	0.00630	0.00736	0.01095
35	0.00914	0.00660	0.00864	0.00813	0.00965	0.00610	0.00610	0.01219	0.01829	0.02591	0.72921	0.04827	0.06097	0.01321	0.00762	0.00203	0.00305	0.01169	0.00711	0.00610
36	0.01121	0.03600	0.12379	0.01201	0.01489	0.01012	0.01076	0.01732	0.16049	0.01988	0.02882	0.32207	0.03032	0.01469	0.00759	0.00248	0.00551	0.15933	0.00550	0.00720
37	0.00909	0.00660	0.00857	0.00808	0.00962	0.00608	0.00606	0.01210	0.01817	0.02563	0.70719	0.04873	0.08316	0.01331	0.00762	0.00204	0.00306	0.01175	0.00708	0.00608
38	0.01315	0.01336	0.01087	0.01011	0.01268	0.18240	0.00765	0.03898	0.08291	0.02022	0.16475	0.04267	0.35061	0.01252	0.00707	0.00203	0.00551	0.01020	0.00563	0.00668
39	0.02899	0.01100	0.01499	0.01150	0.01649	0.00950	0.00950	0.03149	0.01849	0.73709	0.02549	0.02199	0.01599	0.00800	0.00650	0.00200	0.00550	0.00650	0.00800	0.01100
40	0.00923	0.00692	0.01038	0.01038	0.01154	0.00808	0.00808	0.01154	0.01038	0.01500	0.01731	0.02538	0.01615	0.04846	0.74732	0.01038	0.01731	0.00692	0.00346	0.00577
41	0.01635	0.01402	0.01477	0.01321	0.01691	0.01620	0.01029	0.05645	0.69838	0.02748	0.02595	0.02383	0.01944	0.00873	0.00657	0.00218	0.00518	0.00726	0.00657	0.01025
42	0.01204	0.00602	0.00602	0.00602	0.00753	0.00602	0.00452	0.01506	0.01355	0.02409	0.02108	0.02409	0.01656	0.00753	0.00452	0.00151	0.00301	0.00602	0.80879	0.00602
43	0.01727	0.77681	0.03386	0.01106	0.01658	0.02557	0.01106	0.01935	0.01313	0.01520	0.00898	0.01036	0.00829	0.00553	0.00415	0.00138	0.00691	0.00345	0.00276	0.00829
44	0.01564	0.01733	0.03658	0.02626	0.03264	0.01647	0.65775	0.04786	0.04054	0.02169	0.01363	0.01759	0.01020	0.00565	0.00754	0.00217	0.01054	0.00754	0.00351	0.00886
45	0.01204	0.00602	0.00602	0.00602	0.00753	0.00602	0.00452	0.01506	0.01355	0.02409	0.02108	0.02409	0.01656	0.00753	0.00452	0.00151	0.00301	0.00602	0.80879	0.00602
46	0.81856	0.01250	0.00950	0.00850	0.01250	0.01449	0.00700	0.01899	0.01100	0.02899	0.00900	0.01050	0.00700	0.00600	0.00400	0.00200	0.00500	0.00350	0.00400	0.00700
47	0.01218	0.00811	0.01184	0.01113	0.01267	0.00934	0.00882	0.01443	0.01136	0.10633	0.01752	0.02391	0.01542	0.03991	0.58645	0.00862	0.08467	0.00675	0.00398	0.00655
48	0.01296	0.03342	0.73944	0.01842	0.02797	0.01501	0.02387	0.02046	0.01364	0.02046	0.01160	0.01364	0.00818	0.00614	0.00614	0.00205	0.00955	0.00477	0.00273	0.00955
49	0.00899	0.00660	0.00842	0.00796	0.00956	0.00603	0.00597	0.01189	0.01791	0.02502	0.65929	0.04973	0.13144	0.01354	0.00762	0.00205	0.00307	0.01189	0.00700	0.00603
50	0.00940	0.00626	0.00705	0.00705	0.00705	0.00626	0.00392	0.00940	0.00940	0.01253	0.02036	0.04228	0.02349	0.77292	0.03289	0.00626	0.00626	0.00940	0.00392	0.00392
51	0.01525	0.01743	0.03813	0.02723	0.03377	0.01634	0.70915	0.02070	0.01525	0.02070	0.01307	0.01743	0.00980	0.00545	0.00763	0.00218	0.01089	0.00763	0.00327	0.00871
52	0.01296	0.03342	0.73944	0.01842	0.02797	0.01501	0.02387	0.02046	0.01364	0.02046	0.01160	0.01364	0.00818	0.00614	0.00614	0.00205	0.00955	0.00477	0.00273	0.00955
53	0.00904	0.00660	0.00849	0.00802	0.00959	0.00605	0.00601	0.01198	0.01803	0.02530	0.68153	0.04926	0.10902	0.01344	0.00762	0.00204	0.00306	0.01183	0.00703	0.00605
54	0.02093	0.02525	0.01850	0.01653	0.01897	0.50522	0.01281	0.02347	0.05635	0.01639	0.01051	0.01305	0.00902	0.00806	0.01009	0.00201	0.21718	0.00475	0.00338	0.00753
55	0.02185	0.01701	0.02026	0.04421	0.15275	0.01865	0.01370	0.50286	0.08478	0.03512	0.01566	0.01638	0.01150	0.00743	0.00646	0.00196	0.00710	0.00593	0.00575	0.01066
56	0.01284	0.01214	0.02054	0.63586	0.16102	0.01452	0.01826	0.01707	0.01322	0.01729	0.01160	0.01702	0.00889	0.00634	0.00645	0.00211	0.00845	0.00574	0.00293	0.00770
57	0.01607	0.01388	0.01461	0.01315	0.01680	0.01607	0.01023	0.03433	0.72094	0.02703	0.02630	0.02411	0.01972	0.00877	0.00657	0.00219	0.00511	0.00731	0.00657	0.01023
58	0.00940	0.00626	0.00705	0.00705	0.00705	0.00626	0.00392	0.00940	0.00940	0.01253	0.02036	0.04228	0.02349	0.77292	0.03289	0.00626	0.00626	0.00940	0.00392	0.00392
59	0.01633	0.01390	0.01465	0.01304	0.01674	0.01597	0.01018	0.07562	0.65506	0.02757	0.02690	0.02481	0.04223	0.00895	0.00660	0.00218	0.00518	0.00742	0.00655	0.01012
60	0.01340	0.01148	0.01340	0.00957	0.01531	0.00861	0.00766	0.01627	0.01340	0.02105	0.01148	0.01340	0.00957	0.00479	0.00479	0.00096	0.00479	0.00383	0.00383	0.81242
61	0.00804	0.00579	0.00735	0.00852	0.00902	0.00540	0.00563	0.00907	0.01221	0.01608	0.03645	0.61147	0.10393	0.11503	0.01131	0.00304	0.00402	0.01680	0.00573	0.00510
62	0.01557	0.01115	0.01275	0.01105	0.01404	0.01167	0.00863	0.21689	0.12734	0.07149	0.25073	0.12546	0.07252	0.01172	0.00714	0.00211	0.00478	0.00998	0.00670	0.00828
63	0.01380	0.17752	0.60268	0.01699	0.02576	0.01705	0.02139	0.02025	0.01354	0.01944	0.01109	0.01301	0.00821	0.00602	0.00575	0.00192	0.00904	0.00452	0.00274	0.00931
64	0.01204	0.00602	0.00602	0.00602	0.00753	0.00602	0.00452	0.01506	0.01355	0.02409	0.02108	0.02409	0.01656	0.00753	0.00452	0.00151	0.00301	0.00602	0.80879	0.00602
65	0.01645	0.01419	0.01645	0.01379	0.01803	0.01551	0.05635	0.09215	0.52302	0.02709	0.02259	0.02154	0.01700	0.00795	0.00641	0.00201	0.00563	0.00675	0.00600	0.11107
