[name]
unknown

[dist]
# distance from previous block
# <min> <max>
0	33

[block]
# block no. 0 follows, 32 sequences, length 24
# corresponding to MSA columns:
# 33-56
name=unknown_A
#
# <colnr> <probs for GDERKNQSTAVLIFYWHMCP>
#	G	D	E	R	K	N	Q	S	T	A	V	L	I	F	Y	W	H	M	C	P
0	0.01081	0.00772	0.01081	0.01236	0.01390	0.00772	0.01081	0.01390	0.01545	0.02008	0.03553	0.07569	0.03862	0.01854	0.00927	0.00309	0.00618	0.67717	0.00618	0.00618
1	0.50213	0.01236	0.01212	0.01006	0.01462	0.01300	0.00829	0.02486	0.01450	0.30605	0.01613	0.01563	0.01097	0.00705	0.00518	0.00208	0.00540	0.00487	0.00580	0.00891
2	0.01661	0.01594	0.02724	0.04119	0.72233	0.01594	0.02059	0.02059	0.01528	0.02192	0.01262	0.01661	0.01063	0.00598	0.00664	0.00199	0.00797	0.00598	0.00332	0.01063
3	0.11294	0.02927	0.01804	0.01626	0.01988	0.62476	0.01232	0.05590	0.01872	0.01910	0.01051	0.01214	0.00861	0.00689	0.00587	0.00178	0.01112	0.00432	0.00368	0.00788
4	0.01642	0.01575	0.02689	0.07509	0.68990	0.01589	0.02050	0.02043	0.01519	0.02169	0.01259	0.01667	0.01055	0.00601	0.00665	0.00200	0.00802	0.00598	0.00331	0.01048
5	0.01661	0.01594	0.02724	0.04119	0.72233	0.01594	0.02059	0.02059	0.01528	0.02192	0.01262	0.01661	0.01063	0.00598	0.00664	0.00199	0.00797	0.00598	0.00332	0.01063
6	0.01640	0.01573	0.02686	0.07816	0.68696	0.01589	0.02049	0.02041	0.01518	0.02167	0.01258	0.01667	0.01054	0.00602	0.00665	0.00201	0.00802	0.00598	0.00330	0.01046
7	0.34043	0.01553	0.01377	0.01171	0.01598	0.11482	0.00939	0.06749	0.08927	0.20847	0.04071	0.01731	0.01345	0.00753	0.00566	0.00205	0.00637	0.00539	0.00568	0.00899
8	0.23385	0.01943	0.01619	0.01359	0.01801	0.20389	0.01083	0.21281	0.06841	0.11923	0.01493	0.01517	0.01089	0.00738	0.00587	0.00198	0.00767	0.00515	0.00540	0.00931
9	0.04990	0.01807	0.02481	0.06270	0.54005	0.11884	0.01858	0.04823	0.01623	0.02209	0.01228	0.01577	0.01018	0.00623	0.00646	0.00197	0.00846	0.00565	0.00350	0.01000
10	0.06144	0.01659	0.02126	0.05173	0.34319	0.09880	0.01547	0.07498	0.06898	0.12806	0.04278	0.01863	0.01387	0.00716	0.00653	0.00201	0.00758	0.00614	0.00478	0.01002
11	0.04236	0.01840	0.02042	0.04651	0.06868	0.17964	0.09618	0.10082	0.07153	0.13067	0.03779	0.01790	0.01324	0.00739	0.00712	0.00195	0.03806	0.00601	0.00496	0.09037
12	0.10059	0.01815	0.04517	0.04738	0.26689	0.13318	0.05359	0.07825	0.03722	0.05170	0.06800	0.01832	0.01444	0.00731	0.00695	0.00204	0.03117	0.00610	0.00429	0.00926
13	0.03939	0.01688	0.02099	0.03358	0.07383	0.14452	0.14196	0.05090	0.06891	0.17434	0.05565	0.04648	0.03500	0.00829	0.00735	0.00208	0.03145	0.00720	0.00524	0.03596
14	0.01709	0.03984	0.05645	0.01615	0.04717	0.06422	0.07603	0.13764	0.07016	0.05584	0.06830	0.06013	0.06862	0.00972	0.00935	0.00217	0.12891	0.00763	0.00500	0.05958
15	0.02135	0.03927	0.06185	0.01770	0.12615	0.11617	0.01291	0.09788	0.01841	0.21292	0.06436	0.01914	0.01530	0.00760	0.00697	0.00189	0.03593	0.00598	0.00536	0.11283
16	0.04965	0.04591	0.07641	0.01981	0.16589	0.06358	0.01418	0.10090	0.03701	0.09166	0.08237	0.01923	0.01585	0.00829	0.00901	0.00210	0.13134	0.00619	0.00466	0.05597
17	0.07782	0.01825	0.14389	0.01447	0.04484	0.06128	0.01286	0.15611	0.03654	0.11270	0.07383	0.02208	0.06679	0.00838	0.00688	0.00197	0.02969	0.00651	0.00527	0.09983
18	0.11995	0.08111	0.14331	0.01564	0.06549	0.09137	0.01354	0.11310	0.01742	0.14509	0.03749	0.04982	0.01387	0.00941	0.03123	0.00233	0.02963	0.00608	0.00488	0.00924
19	0.07770	0.05211	0.22360	0.01951	0.12141	0.11277	0.04013	0.04762	0.03527	0.13511	0.01440	0.01577	0.01058	0.00693	0.00680	0.00202	0.03603	0.00537	0.00427	0.03261
20	0.01754	0.06298	0.01896	0.01548	0.06523	0.07703	0.06365	0.08671	0.03603	0.10198	0.11971	0.02433	0.06688	0.00892	0.00827	0.00197	0.08816	0.00711	0.00513	0.12393
21	0.01906	0.15009	0.10143	0.01550	0.04452	0.11232	0.04338	0.14766	0.04610	0.07005	0.05225	0.01917	0.04725	0.00783	0.00682	0.00189	0.03703	0.00600	0.00468	0.06697
22	0.04732	0.04352	0.13379	0.01892	0.14788	0.03330	0.05344	0.06395	0.07620	0.06588	0.13880	0.04549	0.02145	0.00833	0.00665	0.00200	0.00684	0.00721	0.00493	0.07410
23	0.04323	0.15115	0.12952	0.01525	0.04775	0.04426	0.05830	0.04952	0.12234	0.15037	0.08541	0.02181	0.03640	0.00803	0.00638	0.00200	0.00701	0.00658	0.00523	0.00947

[dist]
# distance from previous block
# <min> <max>
19	166

[block]
# block no. 1 follows, 32 sequences, length 16
# corresponding to MSA columns:
# 235-250
name=unknown_B
#
# <colnr> <probs for GDERKNQSTAVLIFYWHMCP>
#	G	D	E	R	K	N	Q	S	T	A	V	L	I	F	Y	W	H	M	C	P
0	0.01087	0.01179	0.08934	0.01514	0.13710	0.00925	0.01077	0.01469	0.04654	0.02100	0.14639	0.06764	0.32412	0.01328	0.00759	0.00225	0.00515	0.05417	0.00555	0.00734
1	0.01654	0.11356	0.16579	0.04239	0.16988	0.01488	0.03529	0.05083	0.03605	0.09665	0.03459	0.06677	0.04143	0.00796	0.00640	0.00195	0.00723	0.00678	0.00439	0.08063
2	0.01751	0.07078	0.15600	0.13038	0.16540	0.04324	0.01641	0.08284	0.07022	0.09823	0.02906	0.04189	0.01362	0.02683	0.00723	0.00218	0.00784	0.00639	0.00445	0.00951
3	0.01037	0.01027	0.05889	0.07660	0.07833	0.03832	0.01009	0.01253	0.01346	0.01780	0.02989	0.54910	0.03445	0.01689	0.00798	0.00254	0.00543	0.01523	0.00535	0.00648
4	0.06794	0.01592	0.05448	0.20186	0.19535	0.04808	0.11930	0.01935	0.01437	0.02075	0.01200	0.01592	0.00956	0.00620	0.00686	0.00195	0.03270	0.00564	0.00339	0.14840
5	0.01489	0.06038	0.27434	0.05604	0.18106	0.01468	0.07786	0.02060	0.03862	0.05651	0.12091	0.02131	0.01828	0.00751	0.00674	0.00208	0.00803	0.00669	0.00409	0.00937
6	0.01412	0.05897	0.47581	0.02013	0.05454	0.01546	0.13225	0.02061	0.01447	0.02111	0.01288	0.01653	0.00987	0.00644	0.00651	0.00204	0.00940	0.02495	0.00314	0.08076
7	0.01054	0.00956	0.07258	0.00905	0.01187	0.00697	0.00772	0.01289	0.01528	0.07959	0.08451	0.17844	0.42234	0.01590	0.00784	0.00234	0.00435	0.03551	0.00616	0.00655
8	0.01861	0.04636	0.28716	0.06842	0.18360	0.01460	0.05351	0.02372	0.01572	0.19998	0.01581	0.01724	0.01115	0.00674	0.00656	0.00207	0.00833	0.00581	0.00437	0.01022
9	0.01646	0.06802	0.25896	0.11249	0.02711	0.03649	0.11133	0.04307	0.05608	0.10094	0.03791	0.04638	0.01363	0.00770	0.00724	0.00215	0.03403	0.00658	0.00420	0.00922
10	0.01012	0.00788	0.01155	0.01136	0.01276	0.00757	0.06853	0.05650	0.01488	0.02003	0.09205	0.58324	0.04076	0.01816	0.00833	0.00258	0.00473	0.01662	0.00611	0.00624
11	0.01788	0.01932	0.07145	0.11812	0.36543	0.11925	0.05975	0.08243	0.04081	0.02252	0.01305	0.01629	0.01038	0.00650	0.00664	0.00202	0.00887	0.00585	0.00369	0.00976
12	0.04251	0.03153	0.07474	0.01707	0.13281	0.03560	0.01217	0.06175	0.03542	0.04216	0.06593	0.19295	0.08247	0.01201	0.00906	0.00231	0.10369	0.00985	0.02801	0.00796
13	0.01543	0.02531	0.36105	0.02409	0.12936	0.01619	0.19869	0.07917	0.01614	0.02301	0.01309	0.01615	0.00979	0.00784	0.03293	0.00244	0.01007	0.00605	0.00341	0.00978
14	0.01265	0.01002	0.07183	0.01096	0.01307	0.00822	0.00883	0.03865	0.01453	0.11667	0.05144	0.47011	0.05307	0.04227	0.00950	0.00267	0.03807	0.01445	0.00605	0.00694
15	0.01776	0.06921	0.27316	0.04039	0.06968	0.09695	0.08071	0.07868	0.09538	0.06979	0.03425	0.01731	0.01246	0.00709	0.00653	0.00205	0.00878	0.00587	0.00425	0.00969

[dist]
# distance from previous block
# <min> <max>
2	26

[block]
# block no. 2 follows, 32 sequences, length 46
# corresponding to MSA columns:
# 277-322
name=unknown_C
#
# <colnr> <probs for GDERKNQSTAVLIFYWHMCP>
#	G	D	E	R	K	N	Q	S	T	A	V	L	I	F	Y	W	H	M	C	P
0	0.08703	0.15216	0.22117	0.08051	0.02286	0.05749	0.03554	0.08025	0.04243	0.04783	0.03614	0.01885	0.03770	0.04395	0.00738	0.00220	0.00794	0.00578	0.00403	0.00875
1	0.07755	0.23497	0.06691	0.03555	0.04682	0.08599	0.01244	0.12253	0.11947	0.02390	0.03537	0.02101	0.03156	0.00812	0.00598	0.00195	0.00724	0.04904	0.00461	0.00898
2	0.03381	0.18189	0.08064	0.04256	0.10763	0.03543	0.03542	0.07802	0.04111	0.05660	0.03775	0.14812	0.03563	0.02777	0.00712	0.00213	0.00683	0.00813	0.00459	0.02886
3	0.03992	0.10894	0.13114	0.01934	0.11671	0.12023	0.03996	0.22922	0.06408	0.02700	0.01438	0.03355	0.01138	0.00734	0.00631	0.00197	0.00836	0.00577	0.00456	0.00985
4	0.03988	0.05977	0.11875	0.01820	0.07111	0.13125	0.08290	0.14714	0.08023	0.11846	0.03672	0.01769	0.01311	0.00748	0.00694	0.00204	0.02756	0.00602	0.00497	0.00977
5	0.01500	0.12954	0.48629	0.03810	0.10446	0.01698	0.05495	0.02127	0.01443	0.04140	0.01224	0.01452	0.00908	0.00628	0.00622	0.00203	0.00925	0.00511	0.00309	0.00976
6	0.00858	0.00622	0.00821	0.00935	0.01007	0.00593	0.00655	0.01009	0.01332	0.01777	0.08142	0.54064	0.08839	0.04724	0.06631	0.00343	0.00515	0.05974	0.00602	0.00557
7	0.01988	0.04705	0.25935	0.03517	0.06124	0.03195	0.05751	0.10139	0.04094	0.21311	0.01812	0.05450	0.01343	0.00784	0.00667	0.00210	0.00796	0.00655	0.00513	0.01012
8	0.01745	0.07699	0.04995	0.12793	0.32843	0.11459	0.07271	0.06578	0.01641	0.02117	0.01309	0.04121	0.01107	0.00683	0.00655	0.00200	0.00876	0.00614	0.00357	0.00937
9	0.00883	0.00646	0.00829	0.00862	0.00981	0.00592	0.00617	0.01107	0.01624	0.02223	0.38840	0.32650	0.12282	0.01688	0.00817	0.00236	0.00347	0.01503	0.00682	0.00592
10	0.01455	0.01434	0.02521	0.16384	0.33643	0.01459	0.15450	0.01918	0.03983	0.02065	0.02072	0.02396	0.10683	0.00766	0.00709	0.00214	0.00811	0.00754	0.00379	0.00905
11	0.03737	0.02443	0.33738	0.02213	0.16710	0.04248	0.04260	0.06726	0.06146	0.11113	0.01513	0.01655	0.01094	0.00681	0.00651	0.00208	0.00855	0.00567	0.00420	0.01022
12	0.01346	0.03471	0.72942	0.01912	0.02904	0.01558	0.02479	0.02125	0.01417	0.02125	0.01204	0.01417	0.00850	0.00637	0.00637	0.00212	0.00992	0.00496	0.00283	0.00992
13	0.01280	0.01206	0.02037	0.72412	0.06911	0.01494	0.01870	0.01726	0.01348	0.01731	0.01195	0.01785	0.00900	0.00668	0.00671	0.00223	0.00891	0.00596	0.00299	0.00756
14	0.01819	0.74197	0.03458	0.01169	0.01735	0.05189	0.01153	0.02033	0.01383	0.01581	0.00937	0.01081	0.00861	0.00578	0.00437	0.00145	0.00735	0.00361	0.00289	0.00858
15	0.01532	0.02183	0.27366	0.04072	0.05966	0.01685	0.11905	0.01995	0.01340	0.06515	0.01233	0.01604	0.00972	0.00936	0.03187	0.00264	0.25425	0.00595	0.00335	0.00890
16	0.00997	0.00719	0.00926	0.01032	0.05482	0.00733	0.00615	0.01082	0.01076	0.01459	0.02289	0.10803	0.04414	0.49375	0.15588	0.00650	0.00833	0.01007	0.00420	0.00502
17	0.01407	0.03096	0.58636	0.02312	0.14344	0.01570	0.05088	0.02115	0.01442	0.02137	0.01220	0.01472	0.00892	0.00628	0.00648	0.00211	0.00965	0.00524	0.00294	0.01000
18	0.01896	0.01680	0.06574	0.01566	0.04484	0.05542	0.01271	0.21515	0.16808	0.07210	0.01969	0.07072	0.01657	0.03575	0.01001	0.00244	0.11268	0.03158	0.00559	0.00950
19	0.01591	0.01788	0.03834	0.02959	0.10456	0.01686	0.62947	0.02140	0.01578	0.02154	0.01348	0.01795	0.01023	0.00569	0.00779	0.00224	0.01097	0.00772	0.00339	0.00921
20	0.00959	0.00719	0.01078	0.01078	0.01198	0.00839	0.00839	0.01198	0.01078	0.01558	0.01797	0.02636	0.01677	0.05032	0.73760	0.01078	0.01797	0.00719	0.00359	0.00599
21	0.02290	0.21257	0.04876	0.01593	0.02018	0.53683	0.01303	0.02495	0.01752	0.01644	0.01018	0.01185	0.00863	0.00661	0.00563	0.00167	0.01081	0.00416	0.00329	0.00806
22	0.02042	0.01839	0.01686	0.01464	0.01868	0.15314	0.01152	0.17994	0.38596	0.04956	0.02189	0.02225	0.01673	0.00875	0.00673	0.00214	0.00709	0.02898	0.00619	0.01013
23	0.00818	0.00584	0.00779	0.00934	0.00973	0.00545	0.00623	0.00934	0.01285	0.01713	0.03698	0.75981	0.04438	0.02102	0.00856	0.00273	0.00389	0.01908	0.00623	0.00545
24	0.00818	0.00584	0.00779	0.00934	0.00973	0.00545	0.00623	0.00934	0.01285	0.01713	0.03698	0.75981	0.04438	0.02102	0.00856	0.00273	0.00389	0.01908	0.00623	0.00545
25	0.02412	0.10345	0.04808	0.01565	0.02071	0.21415	0.01313	0.42018	0.02560	0.03169	0.01368	0.01438	0.01026	0.00744	0.00626	0.00188	0.00873	0.00527	0.00528	0.01008
26	0.01360	0.01288	0.02181	0.58062	0.20637	0.01515	0.01910	0.01796	0.01386	0.01828	0.01209	0.01759	0.00934	0.00654	0.00669	0.00218	0.00871	0.00597	0.00306	0.00821
27	0.00801	0.00647	0.00713	0.00765	0.00929	0.00559	0.00548	0.00953	0.01447	0.01779	0.05754	0.29868	0.49224	0.01835	0.00814	0.00242	0.00357	0.01582	0.00623	0.00559
28	0.02551	0.01879	0.02014	0.01544	0.02081	0.02081	0.01275	0.69996	0.03155	0.04229	0.01611	0.01611	0.01141	0.00805	0.00671	0.00201	0.00738	0.00604	0.00671	0.01141
29	0.02568	0.01851	0.01996	0.01530	0.02067	0.02039	0.01264	0.67440	0.03108	0.06851	0.01651	0.01637	0.01161	0.00806	0.00671	0.00202	0.00732	0.00607	0.00677	0.01141
30	0.01081	0.00772	0.01081	0.01236	0.01390	0.00772	0.01081	0.01390	0.01545	0.02008	0.03553	0.07569	0.03862	0.01854	0.00927	0.00309	0.00618	0.67717	0.00618	0.00618
31	0.01661	0.01594	0.02724	0.04119	0.72233	0.01594	0.02059	0.02059	0.01528	0.02192	0.01262	0.01661	0.01063	0.00598	0.00664	0.00199	0.00797	0.00598	0.00332	0.01063
32	0.02189	0.06811	0.01875	0.01470	0.01909	0.16970	0.01175	0.22717	0.28079	0.06953	0.01925	0.01865	0.01434	0.00807	0.00646	0.00202	0.00749	0.00614	0.00591	0.01017
33	0.00892	0.00671	0.00826	0.00815	0.00974	0.00604	0.00600	0.01145	0.01722	0.02336	0.46173	0.14980	0.22696	0.01554	0.00801	0.00223	0.00332	0.01359	0.00694	0.00604
34	0.00976	0.00651	0.00732	0.00732	0.00732	0.00651	0.00407	0.00976	0.00976	0.01301	0.02114	0.04391	0.02439	0.76419	0.03415	0.00651	0.00651	0.00976	0.00407	0.00407
35	0.02444	0.02225	0.02175	0.01719	0.02219	0.21168	0.08016	0.45358	0.02666	0.03334	0.01433	0.01523	0.01055	0.00751	0.00665	0.00196	0.00903	0.00577	0.00552	0.01021
36	0.01782	0.01861	0.02723	0.03623	0.54579	0.12610	0.08792	0.02163	0.01590	0.02104	0.01237	0.01607	0.01028	0.00609	0.00668	0.00198	0.00894	0.00592	0.00335	0.01003
37	0.01053	0.00756	0.01046	0.01194	0.01344	0.00749	0.01029	0.01344	0.01527	0.01981	0.03691	0.11962	0.06608	0.01864	0.00917	0.00303	0.00592	0.60811	0.00618	0.00611
38	0.01593	0.01526	0.02602	0.16219	0.60659	0.01577	0.02026	0.02000	0.01496	0.02110	0.01250	0.01683	0.01034	0.00610	0.00665	0.00203	0.00814	0.00598	0.00326	0.01008
39	0.01473	0.08003	0.60303	0.01889	0.02809	0.01610	0.06817	0.02176	0.01449	0.05578	0.01268	0.01464	0.00902	0.00638	0.00636	0.00209	0.00962	0.00516	0.00314	0.00985
40	0.02707	0.01675	0.01853	0.01430	0.01954	0.04394	0.01177	0.44536	0.02684	0.27664	0.01946	0.01827	0.01309	0.00810	0.00670	0.00202	0.00699	0.00622	0.00714	0.01128
41	0.01577	0.01878	0.07287	0.02867	0.07935	0.01683	0.62077	0.02142	0.01572	0.02151	0.01344	0.01781	0.01013	0.00571	0.00776	0.00224	0.01103	0.00765	0.00336	0.00919
42	0.01487	0.04503	0.16410	0.06871	0.18172	0.04355	0.18286	0.04375	0.01536	0.02091	0.01666	0.13942	0.01548	0.00862	0.00712	0.00219	0.00866	0.00827	0.00382	0.00890
43	0.01390	0.05275	0.61656	0.02016	0.02953	0.01607	0.11581	0.02125	0.01438	0.02113	0.01217	0.01461	0.00873	0.00626	0.00653	0.00212	0.01003	0.00532	0.00291	0.00976
44	0.00850	0.00628	0.00842	0.00975	0.01012	0.00620	0.00665	0.00968	0.01272	0.01708	0.03559	0.72299	0.04262	0.02056	0.00923	0.00274	0.04085	0.01842	0.00607	0.00554
45	0.01402	0.03351	0.65902	0.01967	0.02915	0.04067	0.06908	0.02146	0.01445	0.02110	0.01209	0.01436	0.00862	0.00635	0.00647	0.00212	0.01008	0.00513	0.00289	0.00978

[dist]
# distance from previous block
# <min> <max>
0	14

[block]
# block no. 3 follows, 32 sequences, length 38
# corresponding to MSA columns:
# 337-374
name=unknown_D
#
# <colnr> <probs for GDERKNQSTAVLIFYWHMCP>
#	G	D	E	R	K	N	Q	S	T	A	V	L	I	F	Y	W	H	M	C	P
0	0.01956	0.05170	0.08894	0.01446	0.01899	0.16511	0.01249	0.20763	0.13920	0.04770	0.02304	0.04452	0.08219	0.00952	0.00677	0.00209	0.00766	0.04373	0.00547	0.00926
1	0.01247	0.00946	0.01063	0.00986	0.01227	0.00999	0.00753	0.02120	0.26564	0.02651	0.32103	0.03795	0.07902	0.01131	0.00701	0.00209	0.00394	0.00968	0.13460	0.00782
2	0.01621	0.01767	0.03309	0.11262	0.20705	0.05868	0.41158	0.02108	0.01561	0.02081	0.01296	0.01735	0.01006	0.00593	0.00735	0.00216	0.01026	0.00700	0.00333	0.00919
3	0.01442	0.16918	0.56080	0.01825	0.02721	0.01769	0.06178	0.02105	0.01417	0.02025	0.01163	0.01377	0.00862	0.00622	0.00608	0.00201	0.00949	0.00488	0.00287	0.00962
4	0.01635	0.01814	0.03857	0.02760	0.03432	0.01717	0.66180	0.05730	0.01667	0.02259	0.01371	0.01799	0.01025	0.00578	0.00785	0.00225	0.01110	0.00782	0.00357	0.00917
5	0.00823	0.00588	0.00784	0.00930	0.00974	0.00549	0.00623	0.00948	0.01311	0.01755	0.06615	0.72945	0.04519	0.02071	0.00854	0.00270	0.00386	0.01878	0.00628	0.00549
6	0.02048	0.04570	0.10067	0.13547	0.08940	0.13547	0.03008	0.10560	0.09961	0.14669	0.01654	0.01764	0.01200	0.00730	0.00652	0.00204	0.00830	0.00588	0.00491	0.00969
7	0.01346	0.03471	0.72942	0.01912	0.02904	0.01558	0.02479	0.02125	0.01417	0.02125	0.01204	0.01417	0.00850	0.00637	0.00637	0.00212	0.00992	0.00496	0.00283	0.00992
8	0.01046	0.00783	0.01130	0.01104	0.01247	0.00907	0.00863	0.04975	0.01192	0.01704	0.01787	0.02580	0.01648	0.04800	0.69747	0.01030	0.01739	0.00713	0.00377	0.00629
9	0.01346	0.03471	0.72942	0.01912	0.02904	0.01558	0.02479	0.02125	0.01417	0.02125	0.01204	0.01417	0.00850	0.00637	0.00637	0.00212	0.00992	0.00496	0.00283	0.00992
10	0.02417	0.01915	0.01985	0.07003	0.02256	0.07664	0.01312	0.57022	0.05568	0.03782	0.01578	0.01627	0.01136	0.00791	0.00666	0.00202	0.00779	0.00596	0.00618	0.01080
11	0.01572	0.01787	0.03887	0.05488	0.03548	0.01689	0.67286	0.02133	0.01575	0.02133	0.01351	0.01809	0.01014	0.00569	0.00787	0.00226	0.01122	0.00785	0.00338	0.00899
12	0.02506	0.03198	0.01901	0.01729	0.02074	0.73725	0.01296	0.02679	0.01901	0.01642	0.01037	0.01210	0.00864	0.00691	0.00605	0.00173	0.01210	0.00432	0.00346	0.00778
13	0.01026	0.00688	0.00863	0.00915	0.01050	0.00636	0.00649	0.01257	0.04175	0.07176	0.12497	0.46810	0.16120	0.01801	0.00817	0.00250	0.00391	0.01600	0.00655	0.00624
14	0.01915	0.01693	0.02279	0.15726	0.33106	0.07350	0.01705	0.17931	0.04478	0.05208	0.01419	0.01691	0.01094	0.00687	0.00663	0.00203	0.00815	0.00595	0.00438	0.01005
15	0.00826	0.00597	0.00785	0.00931	0.00986	0.00555	0.00634	0.00954	0.01309	0.01730	0.03874	0.69234	0.08372	0.02069	0.00855	0.00271	0.00395	0.04450	0.00623	0.00549
16	0.01647	0.01580	0.02699	0.06584	0.69875	0.01591	0.02052	0.02047	0.01521	0.02175	0.01260	0.01665	0.01057	0.00600	0.00665	0.00200	0.00801	0.00598	0.00331	0.01052
17	0.02090	0.07088	0.07174	0.02072	0.10609	0.29646	0.10348	0.11938	0.08436	0.02273	0.01350	0.01525	0.01057	0.00689	0.00644	0.00193	0.00975	0.00553	0.00413	0.00926
18	0.01615	0.01547	0.02641	0.12364	0.64347	0.01582	0.02036	0.02019	0.01506	0.02136	0.01254	0.01676	0.01043	0.00606	0.00665	0.00202	0.00808	0.00598	0.00328	0.01026
19	0.00926	0.00641	0.00828	0.00892	0.01000	0.00587	0.00627	0.01109	0.01503	0.04375	0.23140	0.46671	0.11568	0.01814	0.00826	0.00248	0.00370	0.01622	0.00662	0.00592
20	0.01709	0.31767	0.26759	0.01692	0.07200	0.05085	0.01675	0.07288	0.07094	0.02107	0.01247	0.01393	0.00987	0.00646	0.00563	0.00183	0.00824	0.00476	0.00352	0.00953
21	0.05207	0.01674	0.01843	0.01485	0.01939	0.08231	0.06213	0.30327	0.11651	0.13128	0.02129	0.07604	0.03674	0.00914	0.00684	0.00211	0.00712	0.00748	0.00626	0.01001
22	0.01495	0.01004	0.01126	0.01059	0.01320	0.03442	0.00802	0.04808	0.13475	0.14872	0.05655	0.26025	0.17674	0.01454	0.00764	0.00236	0.00483	0.02858	0.00666	0.00783
23	0.01965	0.07963	0.08819	0.02005	0.13323	0.15005	0.05712	0.15001	0.11546	0.05080	0.01657	0.04667	0.01350	0.00790	0.00657	0.00203	0.00830	0.01986	0.00474	0.00966
24	0.06292	0.01460	0.02162	0.21264	0.32865	0.01593	0.01683	0.09811	0.09208	0.02404	0.01604	0.01902	0.03418	0.00711	0.00658	0.00210	0.00755	0.00628	0.00414	0.00955
25	0.01419	0.12966	0.59554	0.01870	0.02787	0.01710	0.06504	0.02111	0.01420	0.02055	0.01178	0.01397	0.00862	0.00625	0.00620	0.00204	0.00964	0.00496	0.00287	0.00969
26	0.01913	0.02163	0.02106	0.09712	0.21011	0.32636	0.05083	0.04438	0.01728	0.01929	0.01803	0.02030	0.09014	0.00776	0.00661	0.00195	0.00949	0.00630	0.00379	0.00845
27	0.01740	0.02228	0.22125	0.02404	0.21291	0.05620	0.06672	0.12947	0.12009	0.02559	0.02909	0.01761	0.01251	0.00706	0.00669	0.00208	0.00840	0.00611	0.00432	0.01020
28	0.01437	0.10887	0.63185	0.01821	0.02753	0.01690	0.02298	0.04678	0.01477	0.02149	0.01192	0.01389	0.00862	0.00637	0.00618	0.00205	0.00954	0.00486	0.00298	0.00984
29	0.01107	0.03677	0.01066	0.01047	0.01181	0.06394	0.00760	0.03797	0.04030	0.01836	0.03279	0.47565	0.07269	0.04464	0.05063	0.00314	0.00583	0.05376	0.00571	0.00620
30	0.01638	0.01968	0.17680	0.12978	0.19360	0.01606	0.15960	0.06717	0.07991	0.05307	0.01477	0.01759	0.01105	0.00662	0.00689	0.00214	0.00884	0.00634	0.00394	0.00978
31	0.04625	0.04985	0.18066	0.02071	0.11281	0.06230	0.10654	0.15006	0.09982	0.05377	0.01502	0.01663	0.01125	0.00715	0.00718	0.00210	0.03754	0.00596	0.00447	0.00994
32	0.01666	0.01315	0.01430	0.01300	0.01649	0.01481	0.01003	0.03223	0.57360	0.07918	0.02842	0.11418	0.02310	0.01049	0.00703	0.00232	0.00517	0.00892	0.00687	0.01005
33	0.00969	0.00779	0.00878	0.00847	0.01064	0.00734	0.00646	0.01408	0.10112	0.02263	0.29951	0.05496	0.36563	0.01490	0.00785	0.00225	0.00366	0.04098	0.00672	0.00653
34	0.08665	0.01239	0.01338	0.01138	0.01481	0.03948	0.00900	0.17298	0.09340	0.12447	0.26630	0.05548	0.05097	0.01066	0.00700	0.00211	0.00523	0.00882	0.00680	0.00870
35	0.01540	0.01302	0.01388	0.01249	0.01595	0.01465	0.00970	0.05652	0.54065	0.02755	0.10775	0.03124	0.09141	0.01033	0.00705	0.00225	0.00497	0.00866	0.00683	0.00970
36	0.00817	0.00587	0.00775	0.00926	0.00971	0.00546	0.00619	0.00935	0.01293	0.01716	0.03799	0.73724	0.06630	0.02089	0.00854	0.00271	0.00388	0.01892	0.00623	0.00546
37	0.02454	0.03034	0.01916	0.01720	0.02058	0.66009	0.01304	0.06319	0.01924	0.01783	0.01060	0.01246	0.00880	0.00723	0.00693	0.00181	0.05089	0.00450	0.00361	0.00796

[dist]
# distance from previous block
# <min> <max>
0	7

[block]
# block no. 4 follows, 32 sequences, length 6
# corresponding to MSA columns:
# 382-387
name=unknown_E
#
# <colnr> <probs for GDERKNQSTAVLIFYWHMCP>
#	G	D	E	R	K	N	Q	S	T	A	V	L	I	F	Y	W	H	M	C	P
0	0.04865	0.16380	0.12266	0.08170	0.23022	0.07182	0.01654	0.07988	0.04812	0.05631	0.01320	0.01534	0.01034	0.00656	0.00604	0.00193	0.00809	0.00528	0.00387	0.00965
1	0.01451	0.16638	0.55041	0.01940	0.07928	0.01760	0.02206	0.02099	0.01415	0.02031	0.01159	0.01373	0.00868	0.00623	0.00602	0.00199	0.00927	0.00479	0.00288	0.00973
2	0.01339	0.01208	0.01561	0.10131	0.01899	0.09178	0.08914	0.01629	0.01357	0.01900	0.01815	0.10434	0.01668	0.01830	0.16467	0.00398	0.07595	0.00781	0.19213	0.00684
3	0.01477	0.03162	0.59668	0.01972	0.02891	0.01619	0.09140	0.08192	0.01589	0.02315	0.01256	0.01474	0.00893	0.00645	0.00656	0.00213	0.00983	0.00535	0.00324	0.00996
4	0.04509	0.05663	0.06579	0.04305	0.14478	0.16724	0.01421	0.14554	0.05603	0.17251	0.01614	0.01676	0.01174	0.00724	0.00636	0.00196	0.00816	0.00564	0.00514	0.00999
5	0.01189	0.00735	0.00973	0.01017	0.01161	0.00707	0.00745	0.01460	0.05147	0.11064	0.09302	0.46120	0.03892	0.01978	0.05491	0.00311	0.00523	0.06873	0.00646	0.00667

[dist]
# distance from previous block
# <min> <max>
16	31

[block]
# block no. 5 follows, 32 sequences, length 212
# corresponding to MSA columns:
# 426-637
name=unknown_F
#
# <colnr> <probs for GDERKNQSTAVLIFYWHMCP>
#	G	D	E	R	K	N	Q	S	T	A	V	L	I	F	Y	W	H	M	C	P
0	0.01302	0.01130	0.03774	0.01502	0.06408	0.01206	0.03170	0.05399	0.01400	0.04914	0.02514	0.13483	0.09331	0.02121	0.16349	0.00429	0.17098	0.07276	0.00468	0.00727
1	0.01524	0.01581	0.09313	0.18322	0.25535	0.03871	0.03776	0.02037	0.06349	0.06330	0.05694	0.02422	0.08731	0.00811	0.00687	0.00212	0.00758	0.00720	0.00426	0.00902
2	0.01786	0.07905	0.08625	0.08129	0.29396	0.06938	0.06541	0.09074	0.06155	0.04546	0.01460	0.01831	0.01175	0.00697	0.00659	0.00203	0.00833	0.02661	0.00405	0.00981
3	0.04844	0.10528	0.40369	0.04047	0.09714	0.01622	0.06181	0.02033	0.01412	0.04040	0.01359	0.05936	0.01119	0.00734	0.00684	0.00211	0.03301	0.00600	0.00334	0.00930
4	0.01674	0.01830	0.02260	0.02515	0.26502	0.19478	0.12115	0.01990	0.01628	0.01978	0.04556	0.02546	0.14027	0.00859	0.00743	0.00205	0.03085	0.00755	0.00402	0.00853
5	0.04305	0.19089	0.15648	0.10831	0.07127	0.06464	0.06867	0.04319	0.03452	0.08230	0.06310	0.01773	0.01382	0.00703	0.00615	0.00195	0.00809	0.00575	0.00405	0.00901
6	0.01689	0.01747	0.02823	0.06254	0.12431	0.09288	0.31606	0.08609	0.01731	0.02258	0.03902	0.04261	0.01482	0.00792	0.00794	0.00223	0.03396	0.05423	0.00408	0.00883
7	0.00875	0.00627	0.00819	0.00954	0.01010	0.00596	0.00644	0.03207	0.01346	0.01796	0.03630	0.73534	0.04329	0.02059	0.00850	0.00270	0.00401	0.01865	0.00624	0.00565
8	0.01899	0.10375	0.06663	0.01946	0.11083	0.18232	0.10211	0.11558	0.04727	0.04526	0.01880	0.05782	0.06545	0.00825	0.00661	0.00199	0.00856	0.00692	0.00443	0.00899
9	0.05288	0.03978	0.01590	0.01290	0.01686	0.05839	0.01028	0.23729	0.21792	0.07349	0.06819	0.07055	0.07651	0.01003	0.00681	0.00213	0.00607	0.00808	0.00639	0.00955
10	0.01589	0.01704	0.03450	0.07566	0.25405	0.01652	0.44194	0.02095	0.01551	0.02137	0.01317	0.01761	0.01025	0.00582	0.00744	0.00218	0.01011	0.00718	0.00335	0.00946
11	0.00864	0.00663	0.00772	0.00812	0.00973	0.00591	0.00602	0.01063	0.01535	0.01985	0.17563	0.22955	0.36286	0.01720	0.00808	0.00239	0.00368	0.06518	0.03104	0.00579
12	0.01606	0.08499	0.16689	0.02458	0.03181	0.01729	0.49050	0.02171	0.01545	0.04504	0.01337	0.01690	0.00995	0.00589	0.00728	0.00216	0.01051	0.00696	0.00341	0.00925
13	0.01563	0.17102	0.49732	0.01836	0.05497	0.06642	0.02090	0.04479	0.01504	0.02065	0.01158	0.01356	0.00872	0.00633	0.00599	0.00196	0.00938	0.00474	0.00304	0.00961
14	0.00862	0.00616	0.00829	0.00985	0.01043	0.00583	0.00700	0.01011	0.01328	0.01762	0.03674	0.64502	0.04341	0.02060	0.00868	0.00279	0.00428	0.12950	0.00622	0.00557
15	0.01431	0.01793	0.20900	0.01394	0.01867	0.03688	0.01369	0.04952	0.18926	0.04873	0.08235	0.07774	0.07182	0.01133	0.00732	0.00234	0.00665	0.11430	0.00553	0.00870
16	0.00956	0.00692	0.00813	0.00844	0.01008	0.00622	0.00608	0.02940	0.01527	0.04792	0.11805	0.34323	0.33077	0.01771	0.00811	0.00242	0.00378	0.01544	0.00644	0.00603
17	0.00970	0.00712	0.00833	0.00834	0.01027	0.00640	0.00628	0.01228	0.03548	0.05015	0.21695	0.16941	0.36220	0.01634	0.00803	0.00234	0.00374	0.05382	0.00661	0.00620
18	0.00829	0.00612	0.00780	0.00909	0.00987	0.00562	0.00631	0.00967	0.01342	0.01748	0.04220	0.59959	0.15969	0.02018	0.00850	0.00267	0.00395	0.05781	0.00623	0.00553
19	0.04085	0.32187	0.22562	0.01611	0.05806	0.09368	0.01579	0.08709	0.01632	0.05084	0.01175	0.01319	0.00926	0.00640	0.00552	0.00179	0.00839	0.00455	0.00358	0.00935
20	0.02403	0.02855	0.01862	0.01666	0.02032	0.58130	0.01264	0.08730	0.10911	0.02020	0.01306	0.01412	0.01041	0.00730	0.00621	0.00182	0.01081	0.00489	0.00418	0.00846
21	0.01927	0.05033	0.09221	0.01854	0.09218	0.27304	0.05526	0.12597	0.01826	0.02157	0.01504	0.07953	0.01369	0.05902	0.03455	0.00258	0.00965	0.00672	0.00414	0.00846
22	0.01717	0.01628	0.02583	0.05541	0.60073	0.04666	0.01943	0.02085	0.01516	0.04455	0.01269	0.01651	0.01057	0.00653	0.00774	0.00206	0.06222	0.00593	0.00346	0.01021
23	0.01571	0.01845	0.06569	0.02794	0.06962	0.01707	0.59433	0.02111	0.01541	0.02118	0.01318	0.01766	0.01005	0.00607	0.00864	0.00228	0.05561	0.00757	0.00334	0.00906
24	0.01867	0.66592	0.03290	0.01203	0.01760	0.05014	0.01159	0.06848	0.03780	0.01807	0.01043	0.01165	0.00920	0.00605	0.00462	0.00151	0.00730	0.00392	0.00329	0.00884
25	0.01300	0.01047	0.01253	0.01354	0.09869	0.03449	0.00905	0.05899	0.03980	0.06714	0.09352	0.12649	0.32326	0.01380	0.00844	0.00227	0.04978	0.01152	0.00586	0.00738
26	0.07345	0.01598	0.01839	0.20148	0.02593	0.05441	0.01331	0.32586	0.04083	0.11887	0.03538	0.01804	0.01270	0.00775	0.00655	0.00208	0.00750	0.00607	0.00564	0.00978
27	0.01987	0.33996	0.07294	0.01339	0.01866	0.09134	0.01228	0.15505	0.08682	0.06458	0.01609	0.03542	0.03169	0.00755	0.00569	0.00180	0.00742	0.00551	0.00457	0.00936
28	0.00891	0.00653	0.00848	0.00983	0.01053	0.00634	0.00683	0.01138	0.05857	0.01805	0.03625	0.66430	0.04242	0.02007	0.00850	0.00272	0.00414	0.06404	0.00626	0.00584
29	0.01542	0.02012	0.19826	0.14697	0.27885	0.03600	0.04105	0.04963	0.05767	0.02173	0.01515	0.01821	0.03458	0.00704	0.00713	0.00212	0.03080	0.00612	0.00360	0.00956
30	0.01726	0.13791	0.37718	0.01671	0.02407	0.06070	0.04706	0.07134	0.04538	0.08706	0.01488	0.04524	0.01151	0.00729	0.00628	0.00202	0.00869	0.00577	0.00399	0.00965
31	0.01453	0.05811	0.54999	0.02044	0.02947	0.01611	0.15557	0.02155	0.01461	0.03958	0.01262	0.01504	0.00905	0.00626	0.00661	0.00212	0.00998	0.00553	0.00309	0.00974
32	0.01351	0.01235	0.01711	0.22959	0.19362	0.06056	0.01381	0.01702	0.03612	0.03944	0.02576	0.17667	0.11502	0.01103	0.00720	0.00224	0.00691	0.00976	0.00449	0.00780
33	0.01645	0.20510	0.32082	0.01836	0.06548	0.01788	0.08912	0.04530	0.04331	0.06835	0.01420	0.04170	0.01124	0.00695	0.00619	0.00199	0.00851	0.00577	0.00371	0.00957
34	0.01822	0.46599	0.20904	0.01392	0.02056	0.05959	0.01490	0.05035	0.01515	0.06110	0.01139	0.01265	0.00918	0.00622	0.00517	0.00169	0.00805	0.00427	0.00338	0.00919
35	0.01085	0.00758	0.00982	0.01013	0.01137	0.00774	0.00734	0.05688	0.03680	0.04274	0.08192	0.39986	0.03509	0.07217	0.15377	0.00444	0.00718	0.03223	0.00578	0.00631
36	0.01701	0.01672	0.09125	0.05722	0.32454	0.01481	0.12843	0.05696	0.03980	0.08906	0.04093	0.02153	0.05616	0.00735	0.00697	0.00210	0.00797	0.00703	0.00435	0.00985
37	0.01700	0.01889	0.07402	0.02306	0.02880	0.05451	0.42222	0.12198	0.01775	0.02368	0.01627	0.03841	0.04109	0.00744	0.00858	0.00225	0.06333	0.00768	0.00402	0.00903
38	0.02000	0.04866	0.02309	0.08988	0.02479	0.12521	0.17207	0.06115	0.13754	0.15065	0.01812	0.04034	0.01373	0.00784	0.00744	0.00214	0.03607	0.00688	0.00507	0.00934
39	0.00862	0.00637	0.00855	0.04055	0.01146	0.00612	0.00689	0.01028	0.01375	0.01834	0.11328	0.56029	0.09019	0.02004	0.02808	0.00283	0.00445	0.03808	0.00615	0.00569
40	0.01596	0.10865	0.33472	0.02016	0.10652	0.03645	0.08422	0.02164	0.03752	0.07523	0.01618	0.04212	0.03549	0.00744	0.00692	0.00208	0.02925	0.00623	0.00375	0.00948
41	0.01937	0.01707	0.02357	0.02179	0.13715	0.07963	0.17159	0.10154	0.21638	0.09652	0.01912	0.03451	0.01454	0.00765	0.00700	0.00214	0.00797	0.00709	0.00529	0.01007
42	0.03979	0.01172	0.01332	0.02681	0.01504	0.05642	0.02295	0.13426	0.03992	0.07641	0.07612	0.29476	0.06605	0.01510	0.03119	0.00263	0.05227	0.01168	0.00592	0.00762
43	0.01507	0.04814	0.32118	0.02155	0.10872	0.01539	0.15601	0.04480	0.06019	0.04220	0.04628	0.03881	0.03614	0.00748	0.00687	0.00214	0.00872	0.00685	0.00394	0.00952
44	0.03281	0.04737	0.20123	0.10167	0.16176	0.09633	0.03861	0.09977	0.04258	0.02271	0.01519	0.04136	0.03094	0.00759	0.00702	0.00209	0.03164	0.00619	0.00387	0.00928
45	0.01674	0.08092	0.40175	0.01628	0.02360	0.01613	0.01834	0.07180	0.11356	0.09905	0.01763	0.01825	0.03555	0.00758	0.00694	0.00211	0.03359	0.00584	0.00438	0.00995
46	0.01542	0.01602	0.05006	0.06277	0.46724	0.05890	0.05904	0.01911	0.01520	0.02062	0.01853	0.08949	0.06161	0.00822	0.00694	0.00210	0.00785	0.00774	0.00377	0.00937
47	0.01946	0.03955	0.11591	0.02157	0.17718	0.04270	0.07421	0.16803	0.07268	0.11474	0.01903	0.02011	0.04814	0.00873	0.02589	0.00229	0.00806	0.00656	0.00503	0.01013
48	0.01754	0.01601	0.04978	0.02047	0.14484	0.06696	0.12498	0.06544	0.13047	0.09843	0.10162	0.02520	0.06250	0.00869	0.00764	0.00214	0.03500	0.00770	0.00527	0.00934
49	0.01118	0.00930	0.01537	0.01367	0.01573	0.00902	0.15085	0.01397	0.03854	0.04202	0.03049	0.44613	0.05482	0.06153	0.01030	0.00282	0.03015	0.03201	0.00549	0.00659
50	0.04208	0.04821	0.32028	0.02211	0.12643	0.01551	0.15662	0.04368	0.04104	0.02215	0.01726	0.04534	0.05424	0.00748	0.00678	0.00214	0.00879	0.00681	0.00367	0.00937
51	0.01906	0.04736	0.15107	0.02263	0.14308	0.18027	0.13462	0.12299	0.04783	0.02364	0.01348	0.01576	0.01039	0.00669	0.00657	0.00199	0.00946	0.00577	0.02784	0.00950
52	0.01722	0.01671	0.06369	0.06158	0.11871	0.08183	0.01309	0.17644	0.15415	0.02661	0.07016	0.07281	0.07859	0.00967	0.00695	0.00213	0.00691	0.00806	0.00545	0.00925
53	0.05695	0.00686	0.00783	0.00824	0.00974	0.00640	0.00595	0.01105	0.01466	0.02020	0.16626	0.28500	0.26177	0.04701	0.00890	0.00255	0.00383	0.03632	0.03471	0.00578
54	0.05353	0.03435	0.07970	0.08829	0.11099	0.13778	0.05389	0.11926	0.06394	0.16836	0.01626	0.01726	0.01173	0.00720	0.00650	0.00203	0.00827	0.00585	0.00502	0.00979
55	0.01857	0.14352	0.23014	0.04235	0.04500	0.11927	0.10438	0.15269	0.03986	0.02388	0.01284	0.01474	0.00976	0.00666	0.00630	0.00196	0.00925	0.00538	0.00389	0.00955
56	0.00932	0.00679	0.00874	0.00989	0.01070	0.00661	0.00692	0.03396	0.04342	0.01892	0.05704	0.63927	0.04249	0.01970	0.00845	0.00269	0.00419	0.05865	0.00630	0.00594
57	0.01508	0.03200	0.59910	0.02018	0.07334	0.03840	0.02309	0.08117	0.01592	0.02300	0.01239	0.01443	0.00890	0.00651	0.00641	0.00209	0.00963	0.00510	0.00323	0.01003
58	0.04636	0.01667	0.09025	0.01760	0.10924	0.05195	0.03248	0.15030	0.11937	0.13708	0.04340	0.09706	0.01873	0.00945	0.00691	0.00217	0.00691	0.02860	0.00575	0.00971
59	0.01553	0.06079	0.21985	0.02555	0.16399	0.01654	0.26505	0.04647	0.04466	0.02207	0.01442	0.04806	0.01166	0.00680	0.00700	0.00214	0.00936	0.00691	0.00359	0.00957
60	0.00825	0.00603	0.00767	0.00889	0.00956	0.00555	0.00600	0.00951	0.01327	0.01745	0.06392	0.61471	0.13579	0.04785	0.00941	0.00278	0.00390	0.01783	0.00619	0.00546
61	0.01644	0.05160	0.45888	0.01777	0.02555	0.09909	0.04516	0.06924	0.05266	0.04786	0.04341	0.01651	0.01202	0.00703	0.00646	0.00206	0.00929	0.00553	0.00379	0.00964
62	0.01718	0.07327	0.25435	0.06958	0.15401	0.05444	0.06507	0.10930	0.04615	0.04866	0.01440	0.03816	0.01129	0.00710	0.00654	0.00206	0.00867	0.00603	0.00397	0.00977
63	0.04359	0.01578	0.11613	0.01658	0.09357	0.06228	0.05483	0.03909	0.03156	0.19476	0.05220	0.17395	0.05512	0.01072	0.00710	0.00221	0.00677	0.00932	0.00559	0.00886
64	0.01575	0.12761	0.20620	0.01714	0.07437	0.06441	0.05941	0.04484	0.10512	0.04353	0.07337	0.08399	0.01860	0.02779	0.00728	0.00217	0.00765	0.00734	0.00446	0.00895
65	0.04203	0.03939	0.07915	0.01698	0.07028	0.14488	0.05526	0.09633	0.13225	0.20038	0.02015	0.01988	0.03697	0.00784	0.00657	0.00204	0.00778	0.00633	0.00558	0.00993
66	0.01787	0.03911	0.16853	0.08816	0.14669	0.01488	0.05308	0.12728	0.04081	0.12138	0.01917	0.07800	0.03816	0.00843	0.00683	0.00213	0.00765	0.00730	0.00484	0.00969
67	0.01527	0.04023	0.01619	0.11936	0.01979	0.13193	0.03390	0.10174	0.01581	0.01955	0.02132	0.08021	0.08715	0.12495	0.07531	0.00357	0.07414	0.00815	0.00432	0.00713
68	0.04789	0.04765	0.23941	0.09828	0.13076	0.07612	0.09672	0.04161	0.04484	0.04093	0.01475	0.06441	0.01219	0.00746	0.00662	0.00211	0.00880	0.00652	0.00375	0.00916
69	0.01633	0.07587	0.23446	0.12261	0.07436	0.01755	0.11537	0.11959	0.08756	0.02390	0.01411	0.01657	0.01060	0.00696	0.00717	0.00213	0.03540	0.00595	0.00394	0.00959
70	0.01566	0.11096	0.28145	0.04299	0.06998	0.03848	0.09494	0.07456	0.03626	0.04359	0.01748	0.09017	0.03776	0.00830	0.00665	0.00210	0.00838	0.00714	0.00400	0.00916
71	0.03339	0.03592	0.01410	0.01377	0.08156	0.03523	0.00949	0.11403	0.07997	0.10274	0.05326	0.21904	0.08895	0.04432	0.00828	0.00240	0.00552	0.01061	0.03927	0.00817
72	0.01833	0.01638	0.02295	0.21764	0.19143	0.08043	0.09199	0.13647	0.04036	0.06968	0.01616	0.01891	0.03452	0.00719	0.00682	0.00209	0.00849	0.00643	0.00436	0.00937
73	0.01755	0.05464	0.29731	0.04307	0.02642	0.01657	0.13903	0.11053	0.11562	0.08884	0.01619	0.01743	0.01162	0.00701	0.00672	0.00213	0.00866	0.00613	0.00450	0.01005
74	0.01604	0.01565	0.02396	0.17343	0.48266	0.05745	0.01865	0.02080	0.05720	0.02088	0.01412	0.04372	0.01199	0.00690	0.00670	0.00207	0.00809	0.00645	0.00358	0.00966
75	0.04488	0.32975	0.11987	0.01489	0.05560	0.06339	0.01343	0.04693	0.12108	0.06447	0.03522	0.01600	0.01270	0.00708	0.00603	0.00185	0.02823	0.00515	0.00418	0.00927
76	0.01515	0.06030	0.04328	0.01677	0.06343	0.03806	0.14041	0.01982	0.08505	0.09798	0.02518	0.23595	0.02488	0.01231	0.00760	0.00238	0.00687	0.09105	0.00537	0.00816
77	0.01302	0.02918	0.55926	0.01871	0.02716	0.01444	0.09695	0.01975	0.01434	0.02081	0.01744	0.06655	0.05683	0.00794	0.00679	0.00219	0.00926	0.00680	0.00334	0.00925
78	0.00930	0.00690	0.00791	0.00784	0.00980	0.00605	0.00583	0.01131	0.01579	0.04991	0.20240	0.14884	0.43478	0.01757	0.03286	0.00257	0.00401	0.01381	0.00648	0.00604
79	0.01986	0.07813	0.07131	0.02809	0.34715	0.17270	0.05799	0.02341	0.01638	0.10216	0.01351	0.01583	0.01057	0.00644	0.00641	0.00193	0.00887	0.00557	0.00387	0.00980
80	0.05736	0.01570	0.06502	0.01535	0.04365	0.01462	0.05843	0.23635	0.02162	0.29501	0.04587	0.02126	0.03851	0.00835	0.00723	0.00210	0.02986	0.00675	0.00650	0.01045
81	0.00822	0.00590	0.00773	0.00917	0.00962	0.00549	0.00611	0.00937	0.01285	0.01703	0.03775	0.70698	0.07195	0.04552	0.00939	0.00283	0.00396	0.01856	0.00616	0.00541
82	0.01563	0.01520	0.06562	0.39506	0.10357	0.01620	0.01695	0.11590	0.14337	0.02337	0.01539	0.01858	0.01153	0.00724	0.00670	0.00218	0.00803	0.00621	0.00423	0.00906
83	0.06709	0.01748	0.13740	0.04478	0.01967	0.06078	0.01284	0.12806	0.07076	0.17490	0.14860	0.02367	0.02177	0.00884	0.00721	0.00211	0.03182	0.00699	0.00587	0.00936
84	0.01693	0.01978	0.14569	0.02604	0.10038	0.01595	0.43341	0.02292	0.03920	0.08941	0.01493	0.01801	0.01092	0.00617	0.00739	0.00220	0.01002	0.00713	0.00388	0.00963
85	0.00817	0.00608	0.00761	0.00877	0.00960	0.00553	0.00599	0.00952	0.01358	0.01767	0.06643	0.58747	0.18932	0.01992	0.00841	0.00261	0.00376	0.01779	0.00627	0.00553
86	0.01731	0.38690	0.24524	0.01505	0.02173	0.05175	0.03867	0.04481	0.03882	0.04262	0.01175	0.01331	0.00941	0.00645	0.00593	0.00180	0.03130	0.00458	0.00335	0.00921
87	0.09188	0.01713	0.06858	0.04397	0.14614	0.04304	0.10118	0.13856	0.17163	0.02680	0.01790	0.04577	0.01459	0.00811	0.00676	0.00218	0.00755	0.03365	0.00494	0.00963
88	0.06922	0.01704	0.11103	0.05937	0.04215	0.04161	0.01295	0.22156	0.08883	0.09950	0.02045	0.14937	0.01778	0.00996	0.00682	0.00219	0.00687	0.00822	0.00567	0.00941
89	0.01517	0.01703	0.14120	0.06355	0.06448	0.06604	0.07658	0.06732	0.06915	0.06586	0.07879	0.13941	0.08539	0.01061	0.00722	0.00221	0.00718	0.00929	0.00508	0.00845
90	0.04185	0.20216	0.37760	0.01823	0.09441	0.01776	0.01857	0.04259	0.03792	0.02101	0.01451	0.03998	0.03170	0.00713	0.00598	0.00197	0.00828	0.00556	0.00341	0.00939
91	0.01917	0.01758	0.10983	0.01692	0.08627	0.03947	0.01359	0.22165	0.13310	0.09386	0.06135	0.04524	0.01827	0.03315	0.00828	0.00231	0.03241	0.03197	0.00574	0.00984
92	0.04291	0.01972	0.08870	0.01640	0.07142	0.20805	0.01281	0.08457	0.04500	0.06937	0.02053	0.10708	0.06749	0.02980	0.00902	0.00228	0.08414	0.00772	0.00467	0.00833
93	0.01980	0.04275	0.11791	0.09116	0.24925	0.08984	0.01695	0.11896	0.04717	0.11889	0.01512	0.01688	0.01125	0.00692	0.00651	0.00201	0.00822	0.00578	0.00452	0.01010
94	0.01818	0.04483	0.24893	0.02225	0.17299	0.07420	0.07663	0.02400	0.06321	0.13714	0.01749	0.01873	0.03674	0.00714	0.00662	0.00206	0.00848	0.00614	0.00433	0.00992
95	0.01439	0.13900	0.02047	0.03855	0.06541	0.01586	0.06256	0.05927	0.09595	0.02018	0.01972	0.17524	0.01960	0.01426	0.06393	0.00296	0.12894	0.03121	0.00452	0.00800
96	0.05111	0.01950	0.18240	0.04006	0.04245	0.07625	0.05529	0.09939	0.08646	0.11717	0.04668	0.07588	0.04639	0.00912	0.00684	0.00216	0.00756	0.02085	0.00518	0.00923
97	0.03984	0.04785	0.18102	0.02335	0.22411	0.03550	0.05319	0.09317	0.07334	0.06676	0.06002	0.01874	0.01448	0.00737	0.00708	0.00208	0.03159	0.00623	0.00441	0.00989
98	0.01574	0.02065	0.24430	0.01941	0.09086	0.01485	0.11301	0.06899	0.15287	0.05914	0.02269	0.02470	0.08443	0.00844	0.00700	0.00220	0.00786	0.02852	0.00473	0.00963
99	0.01025	0.00847	0.00882	0.00892	0.01081	0.03792	0.00658	0.04763	0.03844	0.02014	0.08912	0.26142	0.34922	0.01660	0.00788	0.00236	0.00425	0.03487	0.03007	0.00623
100	0.01962	0.07656	0.30311	0.01730	0.02410	0.11411	0.07661	0.05296	0.03811	0.16620	0.01526	0.01621	0.01084	0.00707	0.00694	0.00205	0.03324	0.00556	0.00438	0.00977
101	0.06182	0.07818	0.14105	0.03736	0.07248	0.09391	0.05125	0.22879	0.03873	0.08426	0.03855	0.01680	0.01244	0.00731	0.00637	0.00199	0.00814	0.00576	0.00492	0.00986
102	0.00986	0.00711	0.00917	0.01014	0.01098	0.00710	0.00725	0.05523	0.01426	0.01925	0.03423	0.60744	0.03988	0.01929	0.00876	0.00268	0.02529	0.07532	0.03077	0.00598
103	0.01699	0.01773	0.02585	0.17092	0.38933	0.12082	0.10054	0.02134	0.03374	0.02031	0.01266	0.01660	0.01022	0.00630	0.00673	0.00204	0.00909	0.00601	0.00338	0.00941
104	0.02025	0.06346	0.09208	0.06804	0.20146	0.06125	0.05845	0.23178	0.04200	0.07444	0.01471	0.01645	0.01100	0.00698	0.00656	0.00201	0.00821	0.00588	0.00473	0.01027
105	0.01608	0.10973	0.19789	0.04590	0.17779	0.01736	0.19226	0.02219	0.06702	0.04390	0.01374	0.01652	0.01059	0.00649	0.00716	0.00209	0.03399	0.00609	0.00357	0.00964
