[name]
unknown

[dist]
# distance from previous block
# <min> <max>
10	412

[block]
# block no. 0 follows, 33 sequences, length 8
# corresponding to MSA columns:
# 432-439
name=unknown_A
#
# <colnr> <probs for GDERKNQSTAVLIFYWHMCP>
#	G	D	E	R	K	N	Q	S	T	A	V	L	I	F	Y	W	H	M	C	P
0	0.04040	0.04956	0.06889	0.04589	0.10207	0.05539	0.07080	0.08768	0.11154	0.02295	0.07591	0.10559	0.03968	0.02825	0.02729	0.00243	0.02773	0.00814	0.00478	0.02502
1	0.01419	0.01517	0.06924	0.21263	0.05163	0.08197	0.09257	0.04276	0.03653	0.01961	0.04743	0.07771	0.01570	0.03518	0.03808	0.00261	0.06396	0.00729	0.04175	0.03399
2	0.03734	0.01355	0.01795	0.08895	0.02076	0.06478	0.12817	0.12131	0.06012	0.04141	0.10988	0.02913	0.09750	0.02724	0.03351	0.00251	0.02719	0.02936	0.04142	0.00792
3	0.01551	0.04219	0.01988	0.39357	0.15604	0.03970	0.01591	0.01916	0.01409	0.10589	0.01413	0.01843	0.01087	0.01164	0.09274	0.00307	0.00930	0.00594	0.00371	0.00823
4	0.01807	0.01584	0.01687	0.12192	0.02157	0.14600	0.03916	0.17848	0.05031	0.06850	0.01811	0.12273	0.01606	0.01340	0.08255	0.00292	0.00874	0.00762	0.00493	0.04621
5	0.00889	0.00628	0.00743	0.00778	0.00836	0.00597	0.00496	0.00978	0.01216	0.01611	0.11335	0.24270	0.12408	0.37963	0.02034	0.00433	0.00491	0.01289	0.00522	0.00482
6	0.01609	0.01541	0.06990	0.01673	0.01802	0.01859	0.01455	0.01810	0.01138	0.10017	0.01090	0.01531	0.00952	0.01076	0.01877	0.00273	0.61594	0.00580	0.00349	0.00785
7	0.01643	0.01243	0.01374	0.01181	0.01496	0.01377	0.00933	0.20893	0.21858	0.02801	0.05145	0.04216	0.06564	0.01146	0.03236	0.04047	0.04494	0.00743	0.12604	0.03006

[dist]
# distance from previous block
# <min> <max>
2	29

[block]
# block no. 1 follows, 33 sequences, length 25
# corresponding to MSA columns:
# 470-494
name=unknown_B
#
# <colnr> <probs for GDERKNQSTAVLIFYWHMCP>
#	G	D	E	R	K	N	Q	S	T	A	V	L	I	F	Y	W	H	M	C	P
0	0.03751	0.07783	0.01882	0.04191	0.11333	0.26455	0.03756	0.06522	0.01649	0.01957	0.06941	0.06042	0.01676	0.06417	0.06589	0.00288	0.00928	0.00667	0.00404	0.00771
1	0.05222	0.21207	0.11844	0.04469	0.05718	0.09386	0.05833	0.05269	0.05367	0.01934	0.01310	0.05553	0.01155	0.00876	0.00843	0.06493	0.05777	0.00576	0.00358	0.00812
2	0.09103	0.01841	0.17073	0.16124	0.23311	0.04136	0.05030	0.01996	0.01451	0.05777	0.05228	0.01752	0.01243	0.00680	0.00670	0.00207	0.02536	0.00584	0.00365	0.00894
3	0.01648	0.47420	0.12003	0.05411	0.04611	0.07781	0.01329	0.01982	0.03057	0.01698	0.01456	0.01598	0.06247	0.00677	0.00516	0.00166	0.00757	0.00483	0.00322	0.00839
4	0.02204	0.01151	0.01423	0.01122	0.01556	0.01072	0.00899	0.13946	0.01846	0.34753	0.02115	0.04576	0.01582	0.06516	0.04855	0.00263	0.00629	0.00666	0.04542	0.14284
5	0.10571	0.01700	0.01595	0.01462	0.04690	0.13100	0.01099	0.10105	0.37450	0.08217	0.02046	0.01963	0.01523	0.00799	0.00627	0.00207	0.00660	0.00623	0.00585	0.00977
6	0.04149	0.67447	0.03322	0.01219	0.01781	0.02497	0.04497	0.05509	0.01432	0.01752	0.00970	0.01119	0.00863	0.00576	0.00451	0.00150	0.00719	0.00385	0.00307	0.00857
7	0.01447	0.18185	0.43230	0.07844	0.10458	0.01754	0.04328	0.02023	0.01391	0.01950	0.01137	0.01389	0.00868	0.00609	0.00594	0.00194	0.00893	0.00487	0.00287	0.00932
8	0.01664	0.61050	0.18814	0.01291	0.01944	0.02369	0.01413	0.01996	0.01349	0.01667	0.00974	0.01129	0.00842	0.00577	0.00467	0.00156	0.00763	0.00382	0.00281	0.00873
9	0.00860	0.00616	0.00809	0.00902	0.00978	0.00578	0.00634	0.01030	0.01409	0.01905	0.19567	0.48726	0.06304	0.06058	0.00970	0.00276	0.00396	0.06804	0.00625	0.00553
10	0.01459	0.08621	0.49871	0.05922	0.13314	0.05596	0.02176	0.02076	0.01425	0.02007	0.01160	0.01408	0.00869	0.00619	0.00614	0.00200	0.00931	0.00493	0.00290	0.00950
11	0.01996	0.01537	0.06197	0.15526	0.21620	0.04431	0.01522	0.10898	0.01779	0.21264	0.01900	0.02020	0.04845	0.00748	0.00659	0.00203	0.00738	0.00636	0.00505	0.00976
12	0.00830	0.00642	0.00757	0.00785	0.00936	0.00569	0.00567	0.01025	0.01541	0.02006	0.25281	0.25572	0.33760	0.01683	0.00795	0.00230	0.00340	0.01466	0.00645	0.00569
13	0.01412	0.01476	0.06058	0.39920	0.29184	0.01519	0.07281	0.01859	0.01405	0.01907	0.01208	0.01692	0.00945	0.00622	0.00663	0.00210	0.00866	0.00596	0.00307	0.00869
14	0.01504	0.06405	0.21031	0.12060	0.37041	0.01610	0.07015	0.01999	0.01443	0.02038	0.01203	0.01560	0.00954	0.00602	0.00642	0.00201	0.00863	0.00561	0.00307	0.00963
15	0.01505	0.21019	0.40572	0.07546	0.05188	0.01780	0.07148	0.02063	0.01404	0.04303	0.01176	0.01403	0.00887	0.00612	0.00592	0.00193	0.00890	0.00493	0.00304	0.00924
16	0.00867	0.00669	0.00795	0.00793	0.00968	0.00597	0.00600	0.01102	0.01644	0.02163	0.35099	0.10854	0.33718	0.01565	0.00791	0.00224	0.00346	0.05958	0.00661	0.00586
17	0.01476	0.06372	0.26886	0.06249	0.07916	0.10481	0.11231	0.01915	0.01413	0.01853	0.01397	0.02120	0.01227	0.09949	0.01030	0.02350	0.00914	0.04078	0.00330	0.00813
18	0.01493	0.06421	0.13819	0.20701	0.39306	0.01600	0.03460	0.01948	0.01429	0.01989	0.01195	0.01590	0.00957	0.00608	0.00638	0.00201	0.00838	0.00560	0.00308	0.00941
19	0.01013	0.00802	0.01223	0.01129	0.01251	0.00895	0.05771	0.01208	0.01066	0.01509	0.01767	0.02906	0.01750	0.22589	0.47535	0.00854	0.05035	0.00768	0.00360	0.00568
20	0.00811	0.00668	0.00706	0.00725	0.00920	0.00575	0.00544	0.00977	0.01459	0.01760	0.06007	0.09917	0.59690	0.05912	0.00936	0.00254	0.00374	0.06617	0.00599	0.00550
21	0.01541	0.07480	0.26167	0.13265	0.21344	0.05953	0.03307	0.04061	0.02890	0.02025	0.01194	0.01510	0.00934	0.00657	0.00710	0.00204	0.04981	0.00534	0.00318	0.00924
22	0.01591	0.23866	0.30023	0.01831	0.07833	0.01853	0.07421	0.04048	0.03048	0.04633	0.01263	0.01566	0.01010	0.00677	0.00677	0.00196	0.04943	0.02261	0.00336	0.00923
23	0.06703	0.01353	0.01525	0.04076	0.04115	0.06908	0.01039	0.10565	0.10626	0.32127	0.04599	0.09667	0.01888	0.00931	0.00665	0.00210	0.00613	0.00764	0.00659	0.00966
24	0.06311	0.01970	0.05133	0.03032	0.40593	0.17486	0.09324	0.02201	0.01573	0.04444	0.01226	0.01529	0.00989	0.00614	0.00639	0.00194	0.00892	0.00558	0.00349	0.00946

[dist]
# distance from previous block
# <min> <max>
0	29

[block]
# block no. 2 follows, 33 sequences, length 31
# corresponding to MSA columns:
# 525-555
name=unknown_C
#
# <colnr> <probs for GDERKNQSTAVLIFYWHMCP>
#	G	D	E	R	K	N	Q	S	T	A	V	L	I	F	Y	W	H	M	C	P
0	0.07109	0.11437	0.06548	0.04830	0.11211	0.01206	0.01116	0.01517	0.03470	0.01770	0.01744	0.11762	0.01761	0.01385	0.01171	0.21859	0.00634	0.08426	0.00389	0.00656
1	0.01592	0.09142	0.29244	0.01816	0.08290	0.04776	0.05977	0.10280	0.06493	0.02357	0.06043	0.01724	0.01348	0.00689	0.00623	0.00191	0.00805	0.00567	0.00400	0.07645
2	0.01504	0.05960	0.39057	0.08341	0.02642	0.01444	0.08094	0.04668	0.01530	0.08702	0.05161	0.04856	0.01448	0.00775	0.00662	0.00212	0.00847	0.02792	0.00395	0.00910
3	0.01358	0.01315	0.02362	0.37972	0.13274	0.01434	0.17320	0.03672	0.01426	0.01895	0.01448	0.07276	0.01256	0.04190	0.00820	0.00239	0.00866	0.00740	0.00345	0.00792
4	0.01571	0.01561	0.02830	0.11807	0.51573	0.01572	0.15320	0.02000	0.01489	0.02090	0.01249	0.01672	0.01016	0.00588	0.00677	0.00203	0.00857	0.00623	0.00324	0.00978
5	0.01587	0.06910	0.06047	0.20820	0.36751	0.09075	0.01805	0.01961	0.01458	0.01910	0.01228	0.03535	0.01041	0.00666	0.00669	0.00200	0.02535	0.00582	0.00320	0.00900
6	0.01579	0.06967	0.10256	0.16214	0.22961	0.04859	0.09647	0.06605	0.06658	0.02144	0.01580	0.01862	0.04383	0.00690	0.00654	0.00203	0.00828	0.00623	0.00373	0.00915
7	0.00780	0.00658	0.00676	0.00689	0.00895	0.00554	0.00510	0.00942	0.01479	0.01770	0.06396	0.12638	0.66365	0.01703	0.00784	0.00226	0.00338	0.01433	0.00611	0.00554
8	0.01914	0.46228	0.09500	0.01373	0.01943	0.10414	0.04503	0.06910	0.03541	0.06471	0.01175	0.01288	0.00954	0.00623	0.00516	0.00164	0.00790	0.00440	0.00362	0.00892
9	0.01457	0.09192	0.48591	0.06631	0.12078	0.05362	0.03653	0.02070	0.01423	0.02000	0.01161	0.01414	0.00870	0.00618	0.00616	0.00200	0.00933	0.00498	0.00290	0.00944
10	0.18077	0.04307	0.16042	0.17055	0.05892	0.01652	0.10733	0.14366	0.01653	0.02542	0.01211	0.01486	0.00901	0.00646	0.00608	0.00207	0.00814	0.00538	0.00386	0.00883
11	0.00818	0.00652	0.00727	0.00767	0.00932	0.00572	0.00563	0.00983	0.01447	0.01797	0.09334	0.21223	0.46666	0.05037	0.00912	0.00255	0.00373	0.05783	0.00608	0.00551
12	0.01555	0.01639	0.09105	0.21319	0.38783	0.01520	0.09287	0.02004	0.01466	0.05136	0.01286	0.01681	0.01003	0.00615	0.00665	0.00206	0.00849	0.00601	0.00335	0.00946
13	0.01397	0.01198	0.02019	0.53143	0.12512	0.01383	0.04339	0.01799	0.01386	0.06951	0.01458	0.06920	0.01197	0.00753	0.00675	0.00219	0.00817	0.00687	0.00358	0.00791
14	0.00849	0.00607	0.00818	0.00971	0.01030	0.00575	0.00693	0.00998	0.01307	0.01733	0.03602	0.63835	0.04251	0.02018	0.00853	0.00274	0.00423	0.14004	0.00610	0.00548
15	0.01361	0.03151	0.63355	0.02130	0.09781	0.01538	0.05425	0.02080	0.01408	0.02092	0.01194	0.01431	0.00862	0.00618	0.00635	0.00208	0.00960	0.00509	0.00285	0.00976
16	0.05152	0.18463	0.40875	0.01661	0.02408	0.08473	0.04964	0.05287	0.01495	0.02057	0.01180	0.03003	0.00932	0.00654	0.00584	0.00192	0.00897	0.00496	0.00318	0.00908
17	0.01765	0.01422	0.06650	0.01297	0.01709	0.01397	0.01084	0.03086	0.46595	0.15085	0.07099	0.05740	0.02231	0.00940	0.00680	0.00220	0.00541	0.00789	0.00668	0.01001
18	0.00890	0.00681	0.00826	0.00841	0.01015	0.00617	0.00654	0.01135	0.01633	0.02144	0.31613	0.09583	0.30747	0.01589	0.00804	0.00233	0.00376	0.13375	0.00655	0.00589
19	0.03097	0.01642	0.10560	0.08135	0.13682	0.04539	0.09610	0.08593	0.04147	0.15119	0.01971	0.09515	0.03240	0.00870	0.00688	0.00214	0.00755	0.02208	0.00494	0.00921
20	0.01482	0.01505	0.04077	0.37571	0.35088	0.05252	0.01901	0.01893	0.01429	0.01900	0.01193	0.01660	0.00949	0.00626	0.00651	0.00206	0.00853	0.00575	0.00310	0.00879
21	0.01565	0.01693	0.03526	0.02553	0.03164	0.01609	0.60540	0.06738	0.01639	0.02218	0.01516	0.07184	0.01251	0.00681	0.00773	0.00224	0.01030	0.00844	0.00376	0.00878
22	0.01634	0.02134	0.16097	0.02252	0.04778	0.09645	0.35763	0.06861	0.04823	0.02192	0.01493	0.06472	0.01224	0.00712	0.00716	0.00214	0.00984	0.00735	0.00379	0.00894
23	0.06021	0.05354	0.18756	0.01580	0.05965	0.06627	0.03633	0.11508	0.01741	0.16974	0.03319	0.01855	0.02936	0.01031	0.05969	0.00257	0.00832	0.00584	0.00485	0.04573
24	0.01527	0.05681	0.14267	0.24685	0.14481	0.04807	0.12285	0.05103	0.05469	0.02048	0.01286	0.01643	0.00987	0.00651	0.00685	0.00209	0.02369	0.00589	0.00341	0.00887
25	0.04349	0.06522	0.14657	0.05011	0.04297	0.07743	0.19259	0.02297	0.06390	0.13561	0.04743	0.05180	0.01484	0.00753	0.00670	0.00207	0.00833	0.00690	0.00452	0.00901
26	0.01723	0.08389	0.06255	0.09824	0.23777	0.12169	0.08617	0.02110	0.03102	0.06116	0.01492	0.01755	0.03900	0.00685	0.00692	0.00194	0.03714	0.00587	0.00368	0.04531
27	0.01836	0.04224	0.05684	0.10695	0.13491	0.10777	0.20724	0.06942	0.03503	0.09162	0.01407	0.01664	0.01056	0.00638	0.00664	0.00197	0.00893	0.00608	0.00406	0.05429
28	0.11081	0.16929	0.26820	0.06569	0.02308	0.03384	0.05748	0.04407	0.01461	0.05440	0.04099	0.03912	0.01213	0.00696	0.00582	0.00193	0.00783	0.00549	0.00370	0.03457
29	0.04004	0.10282	0.24209	0.01715	0.07043	0.08391	0.04220	0.05615	0.03566	0.15495	0.01456	0.01557	0.01059	0.00680	0.00659	0.00193	0.03441	0.00524	0.00430	0.05463
30	0.01734	0.07037	0.14473	0.03880	0.23648	0.01552	0.09593	0.10154	0.01682	0.08418	0.01558	0.01759	0.03551	0.00663	0.00638	0.00191	0.00783	0.00594	0.00412	0.07679

[dist]
# distance from previous block
# <min> <max>
5	75

[block]
# block no. 3 follows, 33 sequences, length 6
# corresponding to MSA columns:
# 655-660
name=unknown_D
#
# <colnr> <probs for GDERKNQSTAVLIFYWHMCP>
#	G	D	E	R	K	N	Q	S	T	A	V	L	I	F	Y	W	H	M	C	P
0	0.08183	0.11675	0.09128	0.01371	0.05731	0.14534	0.01107	0.04472	0.01450	0.01955	0.01495	0.10209	0.01459	0.09626	0.00895	0.00228	0.00727	0.00653	0.00389	0.14714
1	0.05422	0.07727	0.07340	0.04513	0.06361	0.23382	0.01218	0.03908	0.06128	0.05870	0.01593	0.07027	0.01430	0.05196	0.00770	0.00214	0.00807	0.03096	0.00423	0.07574
2	0.07900	0.01544	0.01829	0.05223	0.23979	0.10126	0.01332	0.07665	0.08588	0.06426	0.01652	0.02246	0.01415	0.06600	0.00844	0.00233	0.00728	0.05312	0.00451	0.05906
3	0.08893	0.04757	0.01747	0.05585	0.06307	0.23513	0.05079	0.06459	0.01631	0.04907	0.01840	0.02267	0.07698	0.06630	0.00825	0.00221	0.00807	0.02870	0.00422	0.07540
4	0.07813	0.05560	0.04521	0.01301	0.05744	0.05520	0.00985	0.15043	0.01690	0.07882	0.01959	0.11437	0.04179	0.12134	0.01024	0.00256	0.00635	0.00768	0.00496	0.11054
5	0.06815	0.01718	0.06886	0.01267	0.01622	0.17386	0.01028	0.08108	0.11937	0.02180	0.01951	0.17001	0.01883	0.06923	0.00854	0.00233	0.00698	0.00819	0.00482	0.10207

[dist]
# distance from previous block
# <min> <max>
0	1

[block]
# block no. 4 follows, 33 sequences, length 80
# corresponding to MSA columns:
# 662-741
name=unknown_E
#
# <colnr> <probs for GDERKNQSTAVLIFYWHMCP>
#	G	D	E	R	K	N	Q	S	T	A	V	L	I	F	Y	W	H	M	C	P
0	0.07877	0.24262	0.02175	0.01263	0.01759	0.17225	0.03619	0.04908	0.01572	0.08090	0.01354	0.01462	0.03112	0.00639	0.00526	0.00155	0.00738	0.00460	0.00400	0.18403
1	0.06505	0.14884	0.01843	0.01224	0.01698	0.23382	0.00991	0.02089	0.04592	0.01971	0.03328	0.01398	0.01106	0.00610	0.00521	0.00142	0.00733	0.00432	0.00380	0.32172
2	0.11232	0.01675	0.01567	0.01240	0.01736	0.14546	0.00992	0.16755	0.01880	0.14108	0.01432	0.01487	0.01059	0.00654	0.00562	0.00161	0.00679	0.00480	0.00509	0.27246
3	0.09335	0.01698	0.01805	0.01916	0.17113	0.16829	0.03307	0.04337	0.09970	0.12641	0.04614	0.04833	0.01518	0.00768	0.00625	0.00192	0.00731	0.00630	0.00491	0.06645
4	0.03868	0.06027	0.06666	0.01203	0.01648	0.08914	0.01038	0.14321	0.01849	0.02538	0.17297	0.02555	0.02320	0.00861	0.00626	0.00175	0.00621	0.05090	0.00509	0.21873
5	0.01366	0.01176	0.01209	0.01104	0.01400	0.09134	0.00868	0.04743	0.05037	0.03613	0.09602	0.10073	0.06811	0.05721	0.00864	0.00231	0.00580	0.16242	0.00535	0.19690
6	0.01983	0.01510	0.01600	0.01433	0.05879	0.09119	0.01067	0.18842	0.14989	0.13601	0.14954	0.02407	0.02262	0.00870	0.00663	0.00195	0.00621	0.00709	0.00624	0.06672
7	0.01640	0.01768	0.03113	0.01766	0.14724	0.25304	0.01172	0.04946	0.01741	0.02061	0.15513	0.03102	0.11931	0.01044	0.00747	0.02635	0.00750	0.04813	0.00474	0.00756
8	0.02359	0.07375	0.01939	0.01625	0.01991	0.60306	0.01245	0.06673	0.07048	0.01842	0.01167	0.01296	0.00950	0.00694	0.00593	0.00173	0.01082	0.00453	0.00379	0.00810
9	0.00887	0.00696	0.00783	0.00759	0.00954	0.00625	0.00567	0.01147	0.04652	0.02059	0.27206	0.05452	0.43909	0.01568	0.00880	0.05048	0.00349	0.01248	0.00631	0.00582
10	0.30613	0.02383	0.01531	0.01377	0.01748	0.45030	0.01059	0.02408	0.01601	0.05319	0.01053	0.01193	0.00835	0.00661	0.00530	0.00183	0.00918	0.00411	0.00385	0.00761
11	0.00893	0.05191	0.00916	0.00881	0.00960	0.00685	0.00605	0.01000	0.01233	0.01612	0.03403	0.51602	0.08897	0.15823	0.01278	0.00326	0.00451	0.03162	0.00552	0.00531
12	0.00925	0.00626	0.00732	0.00762	0.00774	0.00616	0.00449	0.00956	0.01044	0.01396	0.04238	0.19256	0.02899	0.59400	0.02764	0.00550	0.00577	0.01153	0.00451	0.00433
13	0.01606	0.01936	0.09362	0.02778	0.15784	0.05926	0.43899	0.02205	0.05743	0.02124	0.01364	0.01722	0.01044	0.00594	0.00724	0.00213	0.01008	0.00695	0.00348	0.00925
14	0.00857	0.00639	0.00802	0.00861	0.00984	0.00584	0.00628	0.01058	0.01514	0.02011	0.24620	0.33849	0.19919	0.01742	0.00814	0.00243	0.00369	0.07291	0.00644	0.00571
15	0.70892	0.01226	0.01004	0.00886	0.01286	0.01388	0.00726	0.01988	0.01221	0.08117	0.05324	0.01386	0.01110	0.00670	0.00448	0.00204	0.00501	0.00429	0.00456	0.00738
16	0.00819	0.00589	0.00777	0.00899	0.00957	0.00547	0.00610	0.00961	0.01348	0.01813	0.13002	0.65066	0.06256	0.01956	0.00830	0.00258	0.00371	0.01768	0.00626	0.00547
17	0.01301	0.00959	0.01094	0.01050	0.01277	0.01006	0.00776	0.02108	0.28314	0.07445	0.08769	0.24235	0.10479	0.06941	0.00935	0.00264	0.00457	0.01178	0.00642	0.00772
18	0.00931	0.00645	0.00785	0.00848	0.00884	0.00632	0.00542	0.02777	0.01172	0.01561	0.02820	0.37104	0.03303	0.38092	0.02049	0.00446	0.00523	0.03888	0.00510	0.00487
19	0.01134	0.00762	0.00890	0.00887	0.00981	0.00774	0.00582	0.01447	0.11262	0.05906	0.02604	0.22992	0.02811	0.41586	0.02140	0.00454	0.00549	0.01151	0.00519	0.00571
20	0.00841	0.00607	0.00775	0.00870	0.00940	0.00566	0.00593	0.00981	0.01339	0.01786	0.13168	0.51039	0.10286	0.09779	0.01092	0.00295	0.00401	0.03502	0.00604	0.00536
21	0.00930	0.00631	0.00793	0.00872	0.00984	0.00569	0.00608	0.01073	0.01378	0.05978	0.07314	0.53241	0.19451	0.01869	0.00813	0.00251	0.00379	0.01662	0.00628	0.00578
22	0.02492	0.01621	0.01812	0.01409	0.01903	0.01733	0.01155	0.52705	0.02739	0.18033	0.01910	0.06199	0.01417	0.00871	0.00670	0.00203	0.00671	0.00683	0.00687	0.01085
23	0.05764	0.00675	0.00767	0.00779	0.00817	0.00692	0.00478	0.01030	0.01010	0.01445	0.02156	0.12231	0.02454	0.57588	0.08937	0.00606	0.00697	0.01005	0.00420	0.00449
24	0.00845	0.00616	0.00764	0.00832	0.00916	0.00569	0.00565	0.00988	0.01369	0.01819	0.16832	0.41527	0.15224	0.12584	0.01178	0.00302	0.00398	0.01536	0.00602	0.00535
25	0.00947	0.00680	0.00885	0.00995	0.01083	0.00662	0.00718	0.05167	0.01428	0.01902	0.05605	0.59264	0.04132	0.01927	0.00838	0.00267	0.00434	0.11866	0.00617	0.00583
26	0.01909	0.37765	0.02595	0.01345	0.01769	0.11626	0.01180	0.16275	0.01728	0.02113	0.01224	0.05747	0.01115	0.00789	0.00736	0.00182	0.10126	0.00531	0.00388	0.00857
27	0.01192	0.00926	0.01302	0.15285	0.07392	0.00977	0.01054	0.04600	0.05637	0.04212	0.09730	0.24853	0.06000	0.05042	0.00888	0.00259	0.00565	0.08847	0.00541	0.00697
28	0.00988	0.00699	0.00841	0.00856	0.00935	0.00695	0.00569	0.05155	0.01306	0.01751	0.09596	0.26615	0.07398	0.32892	0.06364	0.00456	0.00583	0.01252	0.00522	0.00527
29	0.13249	0.02422	0.04327	0.01473	0.01852	0.44588	0.01168	0.05511	0.01733	0.09078	0.01257	0.01421	0.00988	0.01051	0.06890	0.00257	0.01051	0.00473	0.00409	0.00801
30	0.02121	0.10690	0.03928	0.01550	0.04828	0.09477	0.03910	0.22485	0.17721	0.10950	0.01756	0.01746	0.01296	0.00744	0.00624	0.00192	0.00721	0.00585	0.00554	0.04123
31	0.11941	0.04809	0.01678	0.01511	0.08589	0.07049	0.01103	0.16005	0.11319	0.13274	0.03805	0.02258	0.01586	0.03670	0.00727	0.00218	0.00653	0.05055	0.00556	0.04193
32	0.05222	0.02783	0.49912	0.06240	0.02681	0.01573	0.02039	0.13256	0.01680	0.06644	0.01317	0.01479	0.00925	0.00665	0.00625	0.00207	0.00881	0.00514	0.00378	0.00979
33	0.10049	0.10222	0.46664	0.01729	0.02537	0.01603	0.08628	0.02143	0.01408	0.07372	0.01246	0.01423	0.00897	0.00625	0.00599	0.00202	0.00880	0.00500	0.00337	0.00935
34	0.01706	0.01886	0.08208	0.04364	0.05274	0.08122	0.28801	0.11740	0.08793	0.02366	0.01644	0.01882	0.03987	0.00711	0.00762	0.00210	0.04186	0.00681	0.00419	0.04259
35	0.01655	0.01644	0.02104	0.35372	0.21003	0.12839	0.01696	0.07584	0.05907	0.02054	0.01290	0.01664	0.01004	0.00668	0.00647	0.00204	0.00867	0.00571	0.00361	0.00865
36	0.01334	0.03309	0.69336	0.01930	0.02884	0.01537	0.06452	0.02086	0.01400	0.02086	0.01190	0.01413	0.00844	0.00621	0.00634	0.00209	0.00981	0.00504	0.00281	0.00968
37	0.00800	0.00653	0.00708	0.00725	0.00911	0.00560	0.00532	0.00976	0.01506	0.01866	0.14018	0.17215	0.53859	0.01691	0.00788	0.00228	0.00338	0.01442	0.00625	0.00560
38	0.01747	0.01469	0.01550	0.01362	0.01754	0.01689	0.01069	0.11986	0.62901	0.02930	0.02540	0.02345	0.01897	0.00880	0.00668	0.00220	0.00547	0.00725	0.00668	0.01052
39	0.01144	0.00572	0.00858	0.00858	0.00858	0.00572	0.00572	0.00858	0.00858	0.01144	0.01144	0.02001	0.01144	0.02287	0.02573	0.80846	0.00572	0.00572	0.00286	0.00286
40	0.01554	0.01776	0.03885	0.02775	0.03441	0.01665	0.70366	0.02109	0.01554	0.02109	0.01332	0.01776	0.00999	0.00555	0.00777	0.00222	0.01110	0.00777	0.00333	0.00888
41	0.01462	0.27197	0.50902	0.01635	0.02476	0.01876	0.02012	0.02048	0.01373	0.01912	0.01096	0.01282	0.00837	0.00605	0.00560	0.00187	0.00886	0.00443	0.00279	0.00932
42	0.00957	0.00638	0.00718	0.00718	0.00718	0.00638	0.00399	0.00957	0.00957	0.01276	0.02074	0.04308	0.02393	0.76864	0.03351	0.00638	0.00638	0.00957	0.00399	0.00399
43	0.01204	0.01107	0.01814	0.56638	0.03729	0.01390	0.01621	0.01585	0.01248	0.01647	0.01253	0.01880	0.01013	0.01457	0.13875	0.00374	0.06551	0.00606	0.00303	0.00705
44	0.02089	0.02019	0.09710	0.01816	0.10203	0.14699	0.03464	0.20344	0.13316	0.09846	0.01692	0.01745	0.01246	0.00740	0.00640	0.00197	0.00786	0.00588	0.03870	0.00990
45	0.01650	0.11096	0.11473	0.09079	0.24950	0.10018	0.14450	0.02115	0.03652	0.01966	0.01215	0.01540	0.00974	0.00621	0.00671	0.00197	0.02525	0.00567	0.00324	0.00915
46	0.00851	0.00603	0.00791	0.00891	0.00934	0.00589	0.00593	0.00963	0.01197	0.01614	0.05198	0.52143	0.03732	0.16895	0.09391	0.00424	0.00581	0.01545	0.00545	0.00517
47	0.00802	0.00573	0.00764	0.00917	0.00955	0.00535	0.00611	0.00917	0.01260	0.01681	0.03628	0.76434	0.04354	0.02062	0.00840	0.00267	0.00382	0.01872	0.00611	0.00535
48	0.02211	0.01343	0.05802	0.01247	0.01669	0.01248	0.01070	0.17968	0.03272	0.31590	0.06765	0.02500	0.01860	0.03747	0.00852	0.00225	0.05034	0.03727	0.06908	0.00964
49	0.01604	0.01577	0.02594	0.13801	0.57809	0.04278	0.04743	0.02000	0.01490	0.02064	0.01224	0.01636	0.01011	0.00599	0.00656	0.00199	0.00824	0.00588	0.00322	0.00983
50	0.65949	0.01490	0.01175	0.01096	0.03385	0.09249	0.00854	0.01990	0.01203	0.02704	0.00933	0.01120	0.00746	0.00651	0.00542	0.00205	0.05206	0.00384	0.00391	0.00728
51	0.00946	0.00714	0.01031	0.01037	0.01129	0.00821	0.00783	0.01141	0.01071	0.01525	0.01980	0.11606	0.02010	0.11179	0.55733	0.00891	0.04583	0.00864	0.00385	0.00569
52	0.00932	0.00673	0.00880	0.00828	0.00984	0.00621	0.00621	0.01242	0.01863	0.02640	0.72410	0.04918	0.06212	0.01346	0.00776	0.00207	0.00311	0.01191	0.00725	0.00621
53	0.02376	0.03269	0.07929	0.01530	0.02090	0.01869	0.03271	0.51820	0.05545	0.11100	0.01680	0.01666	0.01177	0.00772	0.00656	0.00200	0.00730	0.00598	0.00628	0.01093
54	0.01598	0.01550	0.02698	0.08894	0.63776	0.01563	0.06206	0.02002	0.01490	0.02116	0.01239	0.01647	0.01029	0.00590	0.00660	0.00199	0.00809	0.00598	0.00324	0.01012
55	0.00802	0.00573	0.00764	0.00917	0.00955	0.00535	0.00611	0.00917	0.01260	0.01681	0.03628	0.76434	0.04354	0.02062	0.00840	0.00267	0.00382	0.01872	0.00611	0.00535
56	0.00944	0.00826	0.02898	0.00831	0.01060	0.00724	0.00652	0.01354	0.09073	0.02177	0.28920	0.05224	0.37623	0.03762	0.00841	0.00230	0.00373	0.01212	0.00641	0.00637
57	0.01078	0.00707	0.00915	0.00843	0.01031	0.00643	0.00639	0.01374	0.01838	0.08089	0.62108	0.04813	0.10742	0.01328	0.00768	0.00208	0.00332	0.01164	0.00723	0.00655
58	0.01001	0.00767	0.00891	0.00841	0.01052	0.00714	0.00649	0.06546	0.01793	0.02372	0.36321	0.05379	0.32202	0.01460	0.00776	0.00218	0.00370	0.05348	0.00667	0.00633
59	0.02364	0.02984	0.01874	0.07444	0.02230	0.68537	0.01315	0.02555	0.01823	0.01617	0.01030	0.01232	0.00850	0.00677	0.00599	0.00173	0.01163	0.00437	0.00336	0.00761
60	0.01767	0.01734	0.02497	0.07104	0.56337	0.09337	0.01871	0.07423	0.01654	0.02226	0.01238	0.01585	0.01020	0.00616	0.00646	0.00194	0.00825	0.00570	0.00352	0.01004
61	0.02477	0.01982	0.01920	0.01519	0.02011	0.12374	0.01233	0.55088	0.05872	0.06542	0.01589	0.01589	0.01140	0.00780	0.00650	0.00195	0.00775	0.00578	0.00619	0.01065
62	0.01006	0.00753	0.00991	0.04050	0.04291	0.00749	0.00746	0.03740	0.01445	0.01949	0.18355	0.21782	0.09516	0.16480	0.05437	0.00363	0.00559	0.06641	0.00556	0.00590
63	0.00932	0.00673	0.00880	0.00828	0.00984	0.00621	0.00621	0.01242	0.01863	0.02640	0.72410	0.04918	0.06212	0.01346	0.00776	0.00207	0.00311	0.01191	0.00725	0.00621
64	0.01598	0.01544	0.02674	0.09240	0.64685	0.01561	0.05004	0.01999	0.01488	0.02114	0.01237	0.01645	0.01029	0.00590	0.00658	0.00198	0.00804	0.00595	0.00324	0.01013
65	0.00922	0.00673	0.00867	0.00818	0.00978	0.00617	0.00614	0.01224	0.01841	0.02587	0.68371	0.05005	0.10284	0.01366	0.00777	0.00208	0.00312	0.01203	0.00718	0.00617
66	0.00935	0.00851	0.04197	0.01075	0.05494	0.00710	0.00805	0.01191	0.01543	0.02020	0.20138	0.12269	0.31808	0.01638	0.03006	0.00257	0.00470	0.10373	0.00596	0.00625
67	0.00802	0.00573	0.00764	0.00917	0.00955	0.00535	0.00611	0.00917	0.01260	0.01681	0.03628	0.76434	0.04354	0.02062	0.00840	0.00267	0.00382	0.01872	0.00611	0.00535
68	0.02459	0.03138	0.01866	0.01696	0.02035	0.74221	0.01272	0.02629	0.01866	0.01611	0.01018	0.01187	0.00848	0.00678	0.00594	0.00170	0.01187	0.00424	0.00339	0.00763
69	0.06276	0.38660	0.35628	0.01457	0.02201	0.02041	0.01705	0.02022	0.01349	0.01879	0.01038	0.01211	0.00832	0.00595	0.00515	0.00176	0.00817	0.00414	0.00287	0.00896
70	0.05847	0.02227	0.01689	0.01494	0.01865	0.37142	0.01172	0.14314	0.08147	0.08733	0.01679	0.02163	0.01394	0.00855	0.00645	0.00199	0.00896	0.08179	0.00500	0.00862
71	0.81514	0.01273	0.00968	0.00866	0.01273	0.01477	0.00713	0.01935	0.01120	0.02954	0.00917	0.01069	0.00713	0.00611	0.00407	0.00204	0.00509	0.00356	0.00407	0.00713
72	0.01504	0.01438	0.02468	0.07738	0.53806	0.01440	0.06694	0.01889	0.01493	0.02083	0.01750	0.02389	0.05634	0.00751	0.00689	0.00209	0.00770	0.05941	0.00364	0.00949
73	0.02343	0.02530	0.01838	0.01594	0.01951	0.46413	0.01236	0.17526	0.02057	0.05318	0.01429	0.01549	0.03855	0.00786	0.00741	0.00189	0.06840	0.00523	0.00438	0.00846
74	0.01604	0.01730	0.03486	0.02659	0.07423	0.01721	0.54281	0.06223	0.01584	0.02178	0.01289	0.01718	0.00994	0.00638	0.00916	0.00226	0.09359	0.00732	0.00347	0.00893
75	0.01547	0.01100	0.01334	0.01073	0.01485	0.00982	0.00851	0.07318	0.01536	0.10808	0.01882	0.13834	0.01739	0.00908	0.00697	0.00168	0.05113	0.03253	0.04016	0.40358
76	0.10028	0.14216	0.33654	0.01688	0.02402	0.09280	0.09667	0.04876	0.01490	0.02133	0.01128	0.01335	0.00861	0.00613	0.00581	0.00190	0.00891	0.00479	0.00325	0.04162
77	0.01973	0.02358	0.02022	0.07174	0.02209	0.42044	0.06949	0.02187	0.01574	0.01658	0.01265	0.01565	0.04009	0.00826	0.01005	0.00209	0.19344	0.00544	0.00335	0.00751
78	0.02094	0.06510	0.01811	0.07194	0.02025	0.22368	0.01199	0.20059	0.04614	0.09564	0.01636	0.02044	0.01324	0.01260	0.08671	0.00290	0.00949	0.05017	0.00495	0.00876
79	0.60320	0.07453	0.05717	0.01031	0.01486	0.04879	0.00911	0.04831	0.04144	0.02770	0.01036	0.01171	0.00806	0.00630	0.00451	0.00198	0.00593	0.00393	0.00407	0.00771

[dist]
# distance from previous block
# <min> <max>
1	6

[block]
# block no. 5 follows, 33 sequences, length 22
# corresponding to MSA columns:
# 748-769
name=unknown_F
#
# <colnr> <probs for GDERKNQSTAVLIFYWHMCP>
#	G	D	E	R	K	N	Q	S	T	A	V	L	I	F	Y	W	H	M	C	P
0	0.01159	0.01013	0.05695	0.01056	0.01227	0.00978	0.00836	0.06967	0.04772	0.01814	0.05233	0.03312	0.02113	0.31131	0.23562	0.00631	0.04231	0.03226	0.00430	0.00614
1	0.00930	0.00697	0.01001	0.00997	0.01118	0.00780	0.00764	0.01155	0.01148	0.01624	0.07965	0.03106	0.06600	0.08012	0.59910	0.00913	0.01495	0.00802	0.00402	0.00579
2	0.01024	0.00808	0.01052	0.01027	0.01110	0.02952	0.00759	0.01184	0.01049	0.01463	0.01767	0.02952	0.01779	0.24875	0.47049	0.00860	0.06620	0.00759	0.00361	0.00549
3	0.00957	0.00638	0.00718	0.00718	0.00718	0.00638	0.00399	0.00957	0.00957	0.01276	0.02074	0.04308	0.02393	0.76864	0.03351	0.00638	0.00638	0.00957	0.00399	0.00399
4	0.01796	0.01701	0.01624	0.01535	0.05313	0.12697	0.01134	0.05935	0.54771	0.02605	0.02311	0.02187	0.01750	0.00841	0.00657	0.00213	0.00643	0.00682	0.00602	0.01003
5	0.00786	0.00658	0.00683	0.00696	0.00899	0.00556	0.00515	0.00952	0.01490	0.01798	0.08586	0.12960	0.63781	0.01694	0.00784	0.00226	0.00337	0.01429	0.00615	0.00556
6	0.81514	0.01273	0.00968	0.00866	0.01273	0.01477	0.00713	0.01935	0.01120	0.02954	0.00917	0.01069	0.00713	0.00611	0.00407	0.00204	0.00509	0.00356	0.00407	0.00713
7	0.02436	0.01811	0.01938	0.01501	0.02016	0.02010	0.01235	0.65371	0.08395	0.04041	0.01666	0.01648	0.01188	0.00798	0.00659	0.00200	0.00709	0.00604	0.00659	0.01114
8	0.00837	0.00669	0.00749	0.00729	0.00925	0.00581	0.00547	0.01059	0.01640	0.02109	0.31911	0.05791	0.47042	0.01544	0.00777	0.00216	0.00325	0.01313	0.00655	0.00581
9	0.01486	0.31199	0.47108	0.01594	0.02413	0.01934	0.01941	0.02042	0.01370	0.01883	0.01081	0.01264	0.00838	0.00602	0.00549	0.00183	0.00872	0.00436	0.00279	0.00925
10	0.02409	0.02070	0.01906	0.01535	0.02008	0.16933	0.01235	0.49983	0.09505	0.03488	0.01571	0.01584	0.01150	0.00777	0.00646	0.00194	0.00800	0.00573	0.00594	0.01038
11	0.00957	0.00638	0.00718	0.00718	0.00718	0.00638	0.00399	0.00957	0.00957	0.01276	0.02074	0.04308	0.02393	0.76864	0.03351	0.00638	0.00638	0.00957	0.00399	0.00399
12	0.01320	0.03405	0.73453	0.01876	0.02849	0.01529	0.02432	0.02085	0.01390	0.02085	0.01181	0.01390	0.00834	0.00625	0.00625	0.00208	0.00973	0.00486	0.00278	0.00973
13	0.01425	0.01423	0.02017	0.28025	0.09053	0.05636	0.01598	0.01696	0.01215	0.01674	0.01091	0.03622	0.00980	0.00926	0.01372	0.00248	0.36338	0.00608	0.00305	0.00750
14	0.01625	0.01576	0.02738	0.03972	0.69015	0.01570	0.05710	0.02025	0.01502	0.02148	0.01243	0.01637	0.01040	0.00585	0.00658	0.00197	0.00800	0.00597	0.00326	0.01034
15	0.00818	0.00588	0.00779	0.00927	0.00979	0.00550	0.00636	0.00946	0.01285	0.01703	0.03729	0.69486	0.06776	0.02033	0.00842	0.00268	0.00395	0.06111	0.00611	0.00540
16	0.01777	0.01881	0.06266	0.07211	0.10174	0.10157	0.34823	0.08530	0.01713	0.06111	0.01438	0.04220	0.01130	0.00670	0.00712	0.00211	0.00973	0.00703	0.00394	0.00905
17	0.01679	0.07845	0.13658	0.03260	0.50371	0.05104	0.01941	0.02098	0.01501	0.04620	0.01242	0.01548	0.01007	0.00603	0.00627	0.00192	0.00817	0.00548	0.00333	0.01006
18	0.02821	0.01134	0.01515	0.01173	0.01665	0.01007	0.00965	0.05237	0.04001	0.66178	0.05319	0.02332	0.01806	0.00837	0.00667	0.00204	0.00554	0.00683	0.00802	0.01098
19	0.01554	0.01776	0.03885	0.02775	0.03441	0.01665	0.70366	0.02109	0.01554	0.02109	0.01332	0.01776	0.00999	0.00555	0.00777	0.00222	0.01110	0.00777	0.00333	0.00888
20	0.01786	0.47407	0.12977	0.01600	0.07534	0.13023	0.03705	0.02094	0.01444	0.01699	0.01007	0.01191	0.00864	0.00591	0.00506	0.00162	0.00833	0.00414	0.00295	0.00868
21	0.01378	0.09389	0.61373	0.01895	0.02806	0.01630	0.08446	0.02078	0.01400	0.02043	0.01173	0.01397	0.00850	0.00614	0.00622	0.00204	0.00963	0.00501	0.00283	0.00955

[dist]
# distance from previous block
# <min> <max>
0	4

[block]
# block no. 6 follows, 33 sequences, length 42
# corresponding to MSA columns:
# 774-815
name=unknown_G
#
# <colnr> <probs for GDERKNQSTAVLIFYWHMCP>
#	G	D	E	R	K	N	Q	S	T	A	V	L	I	F	Y	W	H	M	C	P
0	0.09151	0.10589	0.26345	0.03280	0.11239	0.11117	0.06617	0.05175	0.01539	0.04840	0.01195	0.01402	0.00912	0.00625	0.00592	0.00191	0.00870	0.00495	0.00349	0.03477
1	0.01780	0.55619	0.11912	0.01291	0.01860	0.05075	0.01311	0.04044	0.01417	0.04408	0.01032	0.01186	0.00882	0.00627	0.00574	0.00163	0.05233	0.00404	0.00315	0.00869
2	0.00936	0.00629	0.00724	0.00745	0.00750	0.00624	0.00428	0.00952	0.00998	0.01331	0.02285	0.14087	0.02659	0.66722	0.03010	0.00588	0.00603	0.01081	0.00428	0.00417
3	0.03971	0.01304	0.04679	0.60010	0.09545	0.01484	0.01782	0.01841	0.05528	0.01840	0.01258	0.01751	0.00951	0.00664	0.00649	0.00217	0.00840	0.00583	0.00321	0.00783
4	0.00863	0.00694	0.00773	0.00754	0.00954	0.00618	0.00565	0.01141	0.04267	0.02103	0.28598	0.07846	0.45394	0.01542	0.00775	0.00219	0.00334	0.01313	0.00652	0.00596
5	0.01365	0.01170	0.01365	0.00975	0.01560	0.00878	0.00780	0.01658	0.01365	0.02145	0.01170	0.01365	0.00975	0.00488	0.00488	0.00098	0.00488	0.00390	0.00390	0.80888
6	0.00895	0.00671	0.00829	0.00790	0.00961	0.00606	0.00592	0.01172	0.01777	0.02435	0.56769	0.05255	0.21980	0.01422	0.00777	0.00211	0.00316	0.01238	0.00698	0.00606
7	0.01046	0.00974	0.05556	0.00983	0.01239	0.03051	0.03933	0.01293	0.01556	0.05467	0.19274	0.19347	0.30810	0.01488	0.00769	0.00225	0.00453	0.01293	0.00603	0.00641
8	0.00940	0.00705	0.01058	0.01058	0.01176	0.00823	0.00823	0.01176	0.01058	0.01528	0.01763	0.02586	0.01646	0.04937	0.74255	0.01058	0.01763	0.00705	0.00353	0.00588
9	0.01226	0.00950	0.01085	0.01001	0.01253	0.00985	0.00765	0.02064	0.26760	0.04879	0.33780	0.05802	0.14344	0.01230	0.00736	0.00216	0.00399	0.01058	0.00689	0.00777
10	0.01636	0.01734	0.03514	0.08526	0.03372	0.01691	0.56999	0.09796	0.01708	0.02304	0.01347	0.01752	0.01003	0.00590	0.00754	0.00219	0.01048	0.00741	0.00366	0.00901
11	0.01357	0.03166	0.63705	0.02077	0.07076	0.01542	0.07794	0.02083	0.01409	0.02091	0.01197	0.01435	0.00860	0.00618	0.00639	0.00209	0.00972	0.00515	0.00285	0.00970
12	0.72502	0.01306	0.01160	0.01224	0.09337	0.01487	0.00860	0.01945	0.01163	0.02863	0.00953	0.01133	0.00750	0.00608	0.00435	0.00203	0.00540	0.00382	0.00398	0.00750
13	0.02275	0.02687	0.01865	0.09958	0.02297	0.54759	0.01318	0.08892	0.06281	0.01927	0.01191	0.01367	0.00949	0.00700	0.00612	0.00181	0.01068	0.00478	0.00384	0.00810
14	0.01120	0.00576	0.00859	0.00867	0.00873	0.00578	0.00582	0.00871	0.00884	0.01182	0.01285	0.05659	0.01317	0.02361	0.04778	0.74358	0.00601	0.00640	0.00304	0.00308
15	0.09333	0.01153	0.01362	0.01144	0.01523	0.01161	0.00922	0.13693	0.08899	0.27785	0.14760	0.07111	0.02587	0.01021	0.00683	0.00214	0.00527	0.04500	0.00698	0.00925
16	0.01490	0.01459	0.02551	0.25582	0.39255	0.01575	0.09633	0.01897	0.01416	0.01964	0.01203	0.01672	0.00975	0.00643	0.00769	0.00212	0.05876	0.00607	0.00314	0.00908
17	0.02211	0.01016	0.01318	0.01113	0.01476	0.00945	0.00879	0.02617	0.09792	0.44301	0.04733	0.10794	0.02297	0.08323	0.00957	0.00260	0.00539	0.04773	0.00722	0.00935
18	0.01573	0.00816	0.01104	0.01072	0.01312	0.00749	0.00861	0.01809	0.01595	0.24488	0.08634	0.22728	0.06459	0.01519	0.00798	0.00252	0.00501	0.22297	0.00683	0.00750
19	0.00939	0.00653	0.00820	0.00842	0.00893	0.00662	0.00561	0.01046	0.01146	0.01563	0.10227	0.13087	0.03015	0.42456	0.14848	0.00597	0.00762	0.04932	0.00466	0.00485
20	0.01554	0.01776	0.03885	0.02775	0.03441	0.01665	0.70366	0.02109	0.01554	0.02109	0.01332	0.01776	0.00999	0.00555	0.00777	0.00222	0.01110	0.00777	0.00333	0.00888
21	0.00815	0.00647	0.00735	0.00777	0.00939	0.00567	0.00569	0.00991	0.01480	0.01861	0.13346	0.24793	0.43587	0.01742	0.00800	0.00236	0.00356	0.04574	0.00624	0.00560
22	0.00819	0.00585	0.00784	0.00936	0.00982	0.00550	0.00641	0.00946	0.01277	0.01700	0.03619	0.71857	0.04317	0.02046	0.00845	0.00270	0.00397	0.06280	0.00611	0.00539
23	0.01365	0.01170	0.01365	0.00975	0.01560	0.00878	0.00780	0.01658	0.01365	0.02145	0.01170	0.01365	0.00975	0.00488	0.00488	0.00098	0.00488	0.00390	0.00390	0.80888
24	0.01637	0.01414	0.01489	0.01340	0.01712	0.01637	0.01042	0.03498	0.71568	0.02754	0.02679	0.02456	0.02010	0.00893	0.00670	0.00223	0.00521	0.00744	0.00670	0.01042
25	0.02179	0.00940	0.01270	0.01053	0.01415	0.00827	0.00836	0.02431	0.01803	0.46607	0.20382	0.11999	0.03122	0.01102	0.00713	0.00212	0.00475	0.00944	0.00767	0.00922
26	0.00838	0.00599	0.00803	0.00946	0.01002	0.00564	0.00662	0.00983	0.01319	0.01760	0.06975	0.65153	0.04381	0.02000	0.00845	0.00268	0.00404	0.09335	0.00616	0.00547
27	0.00997	0.00712	0.00987	0.01139	0.01263	0.00702	0.00949	0.01253	0.01452	0.01898	0.03521	0.24523	0.03929	0.01879	0.00892	0.00294	0.00551	0.51862	0.00607	0.00588
28	0.00779	0.00663	0.00671	0.00678	0.00892	0.00555	0.00505	0.00943	0.01489	0.01774	0.06529	0.09561	0.69355	0.01685	0.00781	0.00224	0.00336	0.01412	0.00611	0.00555
29	0.26341	0.01117	0.01258	0.01033	0.01447	0.01107	0.00833	0.02550	0.05004	0.38745	0.07504	0.02230	0.01774	0.05346	0.00755	0.00231	0.00528	0.00633	0.00653	0.00911
30	0.81514	0.01273	0.00968	0.00866	0.01273	0.01477	0.00713	0.01935	0.01120	0.02954	0.00917	0.01069	0.00713	0.00611	0.00407	0.00204	0.00509	0.00356	0.00407	0.00713
31	0.00817	0.00631	0.00736	0.00811	0.00937	0.00564	0.00577	0.00960	0.01366	0.01719	0.04894	0.36278	0.34842	0.06342	0.00967	0.00272	0.00390	0.05760	0.00598	0.00541
32	0.00814	0.00672	0.00735	0.00729	0.00932	0.00593	0.00550	0.01004	0.01491	0.01847	0.13487	0.05754	0.57067	0.02000	0.09067	0.00315	0.00492	0.01290	0.00595	0.00567
33	0.01122	0.00572	0.00852	0.00861	0.00864	0.00569	0.00574	0.00861	0.00883	0.01177	0.01299	0.06661	0.01345	0.02273	0.02464	0.75802	0.00560	0.00653	0.00306	0.00301
34	0.00794	0.00604	0.00732	0.00835	0.00933	0.00542	0.00575	0.00926	0.01339	0.01713	0.04628	0.53386	0.26757	0.01933	0.00820	0.00253	0.00366	0.01713	0.00611	0.00542
35	0.01851	0.01609	0.01555	0.01377	0.01761	0.09801	0.01073	0.06338	0.56325	0.07097	0.02438	0.02261	0.01816	0.00859	0.00660	0.00215	0.00608	0.00696	0.00641	0.01019
36	0.01574	0.01408	0.02125	0.34849	0.24497	0.01591	0.01713	0.10985	0.10409	0.02280	0.01433	0.01782	0.01101	0.00683	0.00658	0.00210	0.00784	0.00606	0.00398	0.00915
37	0.01376	0.01306	0.02215	0.50733	0.28043	0.01498	0.01894	0.01799	0.01379	0.01844	0.01194	0.01712	0.00935	0.00634	0.00656	0.00211	0.00845	0.00586	0.00304	0.00839
38	0.08750	0.01662	0.01752	0.01372	0.01830	0.01837	0.01111	0.57132	0.02694	0.03728	0.01582	0.01847	0.01230	0.09358	0.00942	0.00248	0.00697	0.00615	0.00609	0.01005
39	0.02324	0.00996	0.01363	0.01161	0.01552	0.00890	0.00970	0.02595	0.01785	0.49843	0.07240	0.03786	0.02492	0.01115	0.00735	0.00230	0.00557	0.18660	0.00754	0.00952
40	0.09480	0.01771	0.02411	0.01838	0.02362	0.06785	0.23122	0.31421	0.02203	0.05295	0.01547	0.01938	0.01200	0.00753	0.00683	0.00210	0.00847	0.04670	0.00511	0.00953
41	0.05972	0.01591	0.01772	0.01381	0.01882	0.08010	0.03309	0.27353	0.02277	0.36647	0.01978	0.01844	0.01317	0.00777	0.00648	0.00199	0.00691	0.00607	0.00683	0.01063

[dist]
# distance from previous block
# <min> <max>
0	1

[block]
# block no. 7 follows, 33 sequences, length 400
# corresponding to MSA columns:
# 817-1216
name=unknown_H
#
# <colnr> <probs for GDERKNQSTAVLIFYWHMCP>
#	G	D	E	R	K	N	Q	S	T	A	V	L	I	F	Y	W	H	M	C	P
0	0.12052	0.01196	0.01476	0.01155	0.01635	0.01130	0.00950	0.10609	0.01931	0.53124	0.06190	0.02177	0.01720	0.00818	0.00638	0.00203	0.00559	0.00648	0.00744	0.01044
1	0.61595	0.01359	0.01205	0.01032	0.01456	0.03569	0.02990	0.04507	0.06192	0.09066	0.01225	0.01311	0.00910	0.00655	0.00474	0.00204	0.00560	0.00433	0.00466	0.00792
2	0.74595	0.01327	0.01028	0.00910	0.01321	0.03886	0.00746	0.02028	0.01187	0.06727	0.01011	0.01137	0.00767	0.00624	0.00427	0.00203	0.00535	0.00375	0.00427	0.00737
3	0.55154	0.01415	0.01259	0.01061	0.01497	0.01608	0.00871	0.18501	0.06200	0.05237	0.01238	0.01316	0.00921	0.00678	0.00492	0.00204	0.00563	0.00447	0.00496	0.00843
4	0.05755	0.01185	0.01710	0.39658	0.05342	0.01241	0.01370	0.01784	0.01360	0.05926	0.01238	0.01609	0.00949	0.00604	0.00587	0.00176	0.00705	0.00511	0.00362	0.27928
5	0.62484	0.01731	0.03887	0.01072	0.01487	0.16203	0.00891	0.02081	0.01281	0.02649	0.00947	0.01105	0.00745	0.00625	0.00453	0.00197	0.00664	0.00375	0.00389	0.00733
6	0.81514	0.01273	0.00968	0.00866	0.01273	0.01477	0.00713	0.01935	0.01120	0.02954	0.00917	0.01069	0.00713	0.00611	0.00407	0.00204	0.00509	0.00356	0.00407	0.00713
7	0.00800	0.00665	0.00703	0.00727	0.00928	0.00568	0.00549	0.00971	0.01481	0.01783	0.06182	0.12545	0.61757	0.01712	0.00793	0.00232	0.00357	0.06081	0.00611	0.00557
8	0.00957	0.00638	0.00718	0.00718	0.00718	0.00638	0.00399	0.00957	0.00957	0.01276	0.02074	0.04308	0.02393	0.76864	0.03351	0.00638	0.00638	0.00957	0.00399	0.00399
9	0.47042	0.01920	0.01373	0.01204	0.01606	0.23905	0.00954	0.10988	0.01604	0.02695	0.01033	0.01171	0.00807	0.00655	0.00497	0.00192	0.00745	0.00408	0.00419	0.00781
10	0.01066	0.00710	0.00931	0.00963	0.01128	0.00662	0.00759	0.01317	0.01605	0.06999	0.26329	0.18869	0.12927	0.01622	0.00820	0.00248	0.00432	0.21325	0.00661	0.00627
11	0.39994	0.01513	0.01496	0.07660	0.01894	0.01722	0.01046	0.31875	0.02000	0.03364	0.01229	0.01353	0.00905	0.00693	0.00539	0.00202	0.00635	0.00480	0.00507	0.00892
12	0.01445	0.01376	0.02339	0.38104	0.40137	0.01516	0.01929	0.01859	0.01412	0.01927	0.01206	0.01690	0.00964	0.00621	0.00655	0.00207	0.00828	0.00586	0.00310	0.00894
13	0.02503	0.01844	0.01976	0.01515	0.02042	0.02042	0.01251	0.70562	0.03095	0.04149	0.01581	0.01581	0.01120	0.00790	0.00659	0.00198	0.00724	0.00593	0.00659	0.01120
14	0.01582	0.01514	0.02560	0.03852	0.68735	0.01508	0.01935	0.01960	0.01499	0.02130	0.01542	0.01893	0.05041	0.00647	0.00659	0.00197	0.00757	0.00631	0.00342	0.01016
15	0.02954	0.01120	0.01528	0.01171	0.01681	0.00968	0.00968	0.03208	0.01884	0.73213	0.02597	0.02241	0.01630	0.00815	0.00662	0.00204	0.00560	0.00662	0.00815	0.01120
16	0.01538	0.01487	0.02584	0.20028	0.53437	0.01547	0.05863	0.01949	0.01461	0.02043	0.01228	0.01666	0.01003	0.00601	0.00660	0.00202	0.00822	0.00597	0.00319	0.00964
17	0.01428	0.01456	0.04513	0.37591	0.29987	0.01527	0.10259	0.01873	0.01416	0.01922	0.01216	0.01700	0.00953	0.00618	0.00669	0.00210	0.00873	0.00606	0.00310	0.00874
18	0.00956	0.00643	0.00741	0.00741	0.00749	0.00651	0.00428	0.00972	0.00964	0.01294	0.02053	0.04190	0.02342	0.71930	0.08214	0.00667	0.00715	0.00940	0.00396	0.00412
