[name]
unknown

[dist]
# distance from previous block
# <min> <max>
0	13

[block]
# block no. 0 follows, 34 sequences, length 32
# corresponding to MSA columns:
# 14-45
name=unknown_A
#
# <colnr> <probs for GDERKNQSTAVLIFYWHMCP>
#	G	D	E	R	K	N	Q	S	T	A	V	L	I	F	Y	W	H	M	C	P
0	0.04251	0.10197	0.22073	0.04224	0.03468	0.03492	0.07647	0.02046	0.11934	0.02073	0.05902	0.02321	0.05498	0.00833	0.00726	0.00207	0.05359	0.04428	0.00408	0.02912
1	0.00955	0.00741	0.00888	0.00906	0.01079	0.00718	0.00692	0.01371	0.10043	0.02117	0.24346	0.18620	0.21843	0.01547	0.00781	0.00234	0.00392	0.11462	0.00638	0.00625
2	0.01625	0.01188	0.01400	0.01027	0.01580	0.00967	0.00827	0.05774	0.04325	0.11972	0.01420	0.01511	0.01093	0.00555	0.00518	0.00120	0.00502	0.00444	0.00465	0.62687
3	0.01311	0.01241	0.02102	0.58596	0.20886	0.01459	0.01839	0.01730	0.01335	0.01761	0.01164	0.01693	0.00900	0.00629	0.00644	0.00210	0.00839	0.00575	0.00295	0.00791
4	0.01122	0.00561	0.00842	0.00842	0.00842	0.00561	0.00561	0.00842	0.00842	0.01122	0.01122	0.01964	0.01122	0.02245	0.02525	0.81201	0.00561	0.00561	0.00281	0.00281
5	0.01034	0.00649	0.00840	0.00882	0.01011	0.00588	0.00626	0.01202	0.01439	0.09537	0.16617	0.47437	0.12239	0.01719	0.00787	0.00240	0.00375	0.01532	0.00642	0.00604
6	0.01071	0.00823	0.02797	0.00930	0.01119	0.00751	0.00705	0.03758	0.08270	0.05636	0.21304	0.30354	0.15317	0.03095	0.00814	0.00237	0.00403	0.01330	0.00632	0.00653
7	0.00931	0.00662	0.00887	0.00887	0.00949	0.00725	0.00618	0.01056	0.00993	0.01388	0.01870	0.03307	0.01949	0.37809	0.42225	0.00851	0.01228	0.00805	0.00367	0.00493
8	0.02071	0.01601	0.01704	0.01382	0.01830	0.01787	0.01117	0.44048	0.26575	0.03474	0.02198	0.02105	0.05401	0.00858	0.00657	0.00204	0.00621	0.00676	0.00648	0.01042
9	0.07098	0.00835	0.01010	0.00990	0.01211	0.00816	0.00751	0.01743	0.09145	0.16171	0.05399	0.33813	0.09663	0.01477	0.00740	0.00238	0.00446	0.07104	0.00634	0.00716
10	0.00906	0.00734	0.00786	0.00770	0.00977	0.00675	0.00577	0.03435	0.05847	0.01934	0.11951	0.09396	0.49959	0.05927	0.00906	0.00244	0.00377	0.03404	0.00603	0.00591
11	0.02451	0.01974	0.01925	0.01510	0.02003	0.11409	0.01231	0.62241	0.02882	0.03750	0.01480	0.01501	0.01064	0.00761	0.00638	0.00190	0.00770	0.00560	0.00606	0.01054
12	0.02504	0.01734	0.01892	0.01451	0.01966	0.01891	0.01198	0.63844	0.02911	0.11515	0.01658	0.01621	0.01152	0.00778	0.00647	0.00195	0.00694	0.00589	0.00663	0.01099
13	0.08324	0.00721	0.00841	0.00840	0.01002	0.00683	0.00599	0.01286	0.01367	0.09676	0.12473	0.29778	0.15872	0.12268	0.01098	0.00286	0.00423	0.01277	0.00588	0.00599
14	0.00884	0.00634	0.00818	0.00934	0.00999	0.00610	0.00636	0.04955	0.01341	0.01789	0.03445	0.72520	0.04090	0.01952	0.00814	0.00258	0.00394	0.01764	0.00602	0.00558
15	0.01204	0.00602	0.00602	0.00602	0.00753	0.00602	0.00452	0.01506	0.01355	0.02409	0.02108	0.02409	0.01656	0.00753	0.00452	0.00151	0.00301	0.00602	0.80879	0.00602
16	0.00917	0.00682	0.00754	0.00729	0.00947	0.00586	0.00556	0.01118	0.01567	0.05767	0.19894	0.05749	0.53414	0.01531	0.00761	0.00216	0.00342	0.03247	0.00633	0.00590
17	0.03355	0.00731	0.00902	0.00914	0.01089	0.00698	0.00685	0.01539	0.03785	0.13681	0.03133	0.33033	0.06755	0.03958	0.00799	0.00243	0.00429	0.08866	0.14745	0.00659
18	0.81856	0.01250	0.00950	0.00850	0.01250	0.01449	0.00700	0.01899	0.01100	0.02899	0.00900	0.01050	0.00700	0.00600	0.00400	0.00200	0.00500	0.00350	0.00400	0.00700
19	0.38767	0.01331	0.01350	0.01090	0.01549	0.01420	0.00900	0.18199	0.01781	0.25446	0.01568	0.01527	0.01075	0.00703	0.00535	0.00199	0.00564	0.00498	0.00582	0.00917
20	0.00864	0.00594	0.00714	0.00792	0.00847	0.00563	0.00515	0.00966	0.01186	0.01609	0.03315	0.41976	0.10840	0.23658	0.01500	0.00354	0.00436	0.01422	0.07353	0.00495
21	0.01098	0.00633	0.00733	0.00780	0.00914	0.00626	0.00606	0.01369	0.01386	0.02196	0.06501	0.11954	0.02671	0.03378	0.00690	0.00212	0.00384	0.15915	0.47368	0.00586
22	0.00914	0.00660	0.00864	0.00813	0.00965	0.00610	0.00610	0.01219	0.01829	0.02591	0.72921	0.04827	0.06097	0.01321	0.00762	0.00203	0.00305	0.01169	0.00711	0.00610
23	0.01340	0.01148	0.01340	0.00957	0.01531	0.00861	0.00766	0.01627	0.01340	0.02105	0.01148	0.01340	0.00957	0.00479	0.00479	0.00096	0.00479	0.00383	0.00383	0.81242
24	0.00797	0.00606	0.00734	0.00807	0.00920	0.00543	0.00565	0.00953	0.01396	0.01810	0.14046	0.43683	0.27207	0.01800	0.00796	0.00240	0.00350	0.01589	0.00615	0.00543
25	0.00850	0.00636	0.00780	0.00806	0.00938	0.00579	0.00586	0.01052	0.01519	0.02023	0.30458	0.23519	0.22921	0.05796	0.00924	0.00250	0.00361	0.04812	0.00630	0.00559
26	0.02283	0.01541	0.01724	0.01354	0.01801	0.01671	0.01103	0.51384	0.02569	0.12964	0.01729	0.01886	0.01287	0.05583	0.07786	0.00299	0.00781	0.00622	0.00624	0.01009
27	0.01174	0.00888	0.01191	0.13493	0.01704	0.00972	0.00925	0.05365	0.05241	0.04302	0.17616	0.07387	0.07424	0.09414	0.10580	0.00368	0.03702	0.05063	0.02531	0.00660
28	0.01216	0.00743	0.00940	0.00943	0.01100	0.00719	0.00688	0.03588	0.03780	0.11866	0.03227	0.34684	0.09531	0.10427	0.07317	0.00352	0.00564	0.05019	0.02658	0.00638
29	0.01200	0.00833	0.00932	0.00868	0.00991	0.00877	0.00590	0.09781	0.07066	0.01919	0.04895	0.05962	0.02266	0.43952	0.06243	0.00483	0.00633	0.00869	0.09064	0.00575
30	0.04235	0.08376	0.02024	0.26063	0.09384	0.05525	0.01412	0.18943	0.03985	0.02390	0.01254	0.01532	0.00970	0.00666	0.00637	0.00188	0.02760	0.00526	0.00405	0.08724
31	0.06044	0.01670	0.01915	0.08282	0.15429	0.06557	0.01346	0.31253	0.13402	0.02995	0.01544	0.01655	0.01162	0.00718	0.00625	0.00195	0.00715	0.00575	0.00515	0.03403

[dist]
# distance from previous block
# <min> <max>
0	6

[block]
# block no. 1 follows, 34 sequences, length 30
# corresponding to MSA columns:
# 52-81
name=unknown_B
#
# <colnr> <probs for GDERKNQSTAVLIFYWHMCP>
#	G	D	E	R	K	N	Q	S	T	A	V	L	I	F	Y	W	H	M	C	P
0	0.05888	0.16928	0.08424	0.03316	0.02086	0.24420	0.06340	0.12579	0.05596	0.02144	0.01177	0.01348	0.00939	0.00684	0.00667	0.00185	0.05559	0.00485	0.00380	0.00853
1	0.03431	0.01102	0.01205	0.01067	0.01314	0.04578	0.00840	0.13013	0.06338	0.04460	0.27617	0.05723	0.15796	0.01211	0.00836	0.00215	0.06856	0.03054	0.00611	0.00733
2	0.02274	0.07315	0.02153	0.01744	0.02134	0.59075	0.09155	0.05337	0.01816	0.01737	0.01051	0.01239	0.00860	0.00650	0.00596	0.00172	0.01109	0.00458	0.00342	0.00782
3	0.02120	0.01587	0.01709	0.01393	0.01844	0.01771	0.01124	0.38138	0.32483	0.07632	0.02072	0.01957	0.01502	0.00820	0.00651	0.00205	0.00616	0.00649	0.00660	0.01066
4	0.01481	0.01415	0.02409	0.26341	0.51810	0.01504	0.01924	0.01879	0.01415	0.01967	0.01195	0.01638	0.00973	0.00598	0.00642	0.00199	0.00797	0.00575	0.00310	0.00928
5	0.00798	0.00571	0.00760	0.00892	0.00940	0.00532	0.00601	0.00928	0.01289	0.01733	0.09701	0.70493	0.04435	0.01962	0.00819	0.00257	0.00369	0.01778	0.00610	0.00532
6	0.00855	0.00618	0.00809	0.00845	0.00951	0.00571	0.00602	0.01074	0.01564	0.02162	0.41199	0.35792	0.07279	0.01632	0.00789	0.00229	0.00336	0.01461	0.00660	0.00571
7	0.02414	0.03079	0.01831	0.01665	0.01998	0.74698	0.01248	0.02580	0.01831	0.01581	0.00999	0.01165	0.00832	0.00666	0.00583	0.00166	0.01165	0.00416	0.00333	0.00749
8	0.00923	0.00692	0.01038	0.01038	0.01154	0.00808	0.00808	0.01154	0.01038	0.01500	0.01731	0.02538	0.01615	0.04846	0.74732	0.01038	0.01731	0.00692	0.00346	0.00577
9	0.81856	0.01250	0.00950	0.00850	0.01250	0.01449	0.00700	0.01899	0.01100	0.02899	0.00900	0.01050	0.00700	0.00600	0.00400	0.00200	0.00500	0.00350	0.00400	0.00700
10	0.00787	0.00562	0.00750	0.00900	0.00937	0.00525	0.00600	0.00900	0.01237	0.01649	0.03561	0.76871	0.04274	0.02024	0.00825	0.00262	0.00375	0.01837	0.00600	0.00525
11	0.02456	0.01810	0.01939	0.01487	0.02004	0.02004	0.01228	0.71107	0.03038	0.04072	0.01551	0.01551	0.01099	0.00776	0.00646	0.00194	0.00711	0.00582	0.00646	0.01099
12	0.00834	0.00611	0.00788	0.00910	0.00975	0.00584	0.00619	0.01044	0.04892	0.01746	0.06565	0.67965	0.06197	0.01924	0.00812	0.00256	0.00377	0.01738	0.00608	0.00554
13	0.02456	0.01810	0.01939	0.01487	0.02004	0.02004	0.01228	0.71107	0.03038	0.04072	0.01551	0.01551	0.01099	0.00776	0.00646	0.00194	0.00711	0.00582	0.00646	0.01099
14	0.02868	0.01149	0.01530	0.01173	0.01674	0.01023	0.00969	0.07854	0.01932	0.68888	0.02480	0.02154	0.01565	0.00798	0.00650	0.00200	0.00561	0.00645	0.00789	0.01100
15	0.81856	0.01250	0.00950	0.00850	0.01250	0.01449	0.00700	0.01899	0.01100	0.02899	0.00900	0.01050	0.00700	0.00600	0.00400	0.00200	0.00500	0.00350	0.00400	0.00700
16	0.02537	0.01680	0.01859	0.01425	0.01939	0.01811	0.01177	0.58710	0.02821	0.16775	0.01733	0.01669	0.01190	0.00780	0.00647	0.00195	0.00682	0.00594	0.00674	0.01099
17	0.01041	0.00744	0.01041	0.01190	0.01339	0.00744	0.01041	0.01339	0.01487	0.01934	0.03421	0.07288	0.03719	0.01785	0.00892	0.00297	0.00595	0.68913	0.00595	0.00595
18	0.00843	0.00642	0.00787	0.00869	0.01004	0.00586	0.00658	0.01028	0.01418	0.01812	0.09441	0.31233	0.28934	0.01784	0.00813	0.00250	0.00401	0.16335	0.00607	0.00554
19	0.01621	0.01150	0.01234	0.01108	0.01429	0.01276	0.00863	0.02890	0.46522	0.09298	0.02482	0.02390	0.01853	0.00836	0.00602	0.00199	0.00459	0.00689	0.22184	0.00917
20	0.01762	0.01465	0.01548	0.01346	0.01739	0.01679	0.01060	0.15778	0.59497	0.02953	0.02433	0.02254	0.01813	0.00858	0.00655	0.00215	0.00548	0.00703	0.00655	0.01037
21	0.02581	0.01610	0.01816	0.01392	0.01904	0.01708	0.01150	0.52019	0.02704	0.23632	0.01832	0.01733	0.01239	0.00782	0.00647	0.00196	0.00666	0.00601	0.00689	0.01099
22	0.00807	0.00587	0.00767	0.00902	0.00967	0.00546	0.00629	0.00941	0.01281	0.01684	0.03829	0.64077	0.10677	0.01967	0.00825	0.00261	0.00390	0.07730	0.00599	0.00533
23	0.01087	0.00866	0.01077	0.01066	0.01201	0.06126	0.00815	0.01297	0.01138	0.03978	0.01871	0.08849	0.01807	0.06186	0.58507	0.00869	0.01502	0.00776	0.00384	0.00598
24	0.01446	0.01321	0.02074	0.06981	0.44653	0.01360	0.01617	0.01996	0.10736	0.02116	0.02028	0.02873	0.05257	0.00870	0.00690	0.00215	0.00689	0.11744	0.00421	0.00912
25	0.01003	0.00716	0.00997	0.01146	0.01278	0.00711	0.00975	0.01272	0.01450	0.01891	0.03442	0.17792	0.03802	0.01821	0.00882	0.00292	0.00562	0.58787	0.00596	0.00584
26	0.00786	0.00566	0.00746	0.00891	0.00935	0.00526	0.00596	0.00901	0.01246	0.01653	0.03673	0.74233	0.06839	0.02010	0.00822	0.00261	0.00373	0.01819	0.00600	0.00526
27	0.08245	0.01157	0.01306	0.00948	0.01507	0.00912	0.00760	0.01650	0.01319	0.02174	0.01127	0.01315	0.00935	0.00489	0.00472	0.00105	0.00480	0.00380	0.00384	0.74335
28	0.01532	0.01442	0.06397	0.35598	0.12081	0.01512	0.01604	0.13698	0.03812	0.03982	0.03430	0.01849	0.02722	0.00729	0.00721	0.00208	0.04636	0.00605	0.00397	0.03044
29	0.01633	0.16812	0.01666	0.01108	0.01466	0.05083	0.00938	0.07974	0.09396	0.11979	0.07153	0.03616	0.15382	0.01097	0.00666	0.00207	0.00571	0.11889	0.00564	0.00802

[dist]
# distance from previous block
# <min> <max>
1	4

[block]
# block no. 2 follows, 34 sequences, length 41
# corresponding to MSA columns:
# 86-126
name=unknown_C
#
# <colnr> <probs for GDERKNQSTAVLIFYWHMCP>
#	G	D	E	R	K	N	Q	S	T	A	V	L	I	F	Y	W	H	M	C	P
0	0.07288	0.14909	0.12714	0.01629	0.09443	0.04404	0.01358	0.16501	0.10155	0.13140	0.01558	0.01591	0.01145	0.00692	0.00584	0.00189	0.00705	0.00531	0.00489	0.00975
1	0.02132	0.06805	0.06003	0.06634	0.04781	0.53870	0.01380	0.02357	0.01667	0.01626	0.01009	0.01240	0.00841	0.00686	0.00694	0.00180	0.06561	0.00443	0.00319	0.00770
2	0.04297	0.06135	0.02201	0.24913	0.11213	0.07455	0.09851	0.10741	0.01649	0.06889	0.01381	0.01835	0.01091	0.00689	0.00636	0.00199	0.00814	0.03489	0.00399	0.04123
3	0.01060	0.00765	0.01024	0.01128	0.06776	0.00746	0.00750	0.01273	0.03411	0.03704	0.15086	0.12498	0.09324	0.16303	0.08214	0.05825	0.00610	0.07806	0.00512	0.03186
4	0.06685	0.01341	0.05346	0.01613	0.11903	0.01299	0.04487	0.06948	0.22877	0.04343	0.11362	0.05028	0.09230	0.00930	0.00663	0.00206	0.00563	0.00800	0.00548	0.03828
5	0.00908	0.00837	0.05657	0.00848	0.01067	0.00655	0.00702	0.01213	0.01724	0.02378	0.54249	0.04889	0.19780	0.01340	0.00753	0.00206	0.00353	0.01164	0.00659	0.00619
6	0.00940	0.00626	0.00705	0.00705	0.00705	0.00626	0.00392	0.00940	0.00940	0.01253	0.02036	0.04228	0.02349	0.77292	0.03289	0.00626	0.00626	0.00940	0.00392	0.00392
7	0.03129	0.00856	0.04110	0.00913	0.01105	0.00741	0.00705	0.04836	0.01440	0.02040	0.15518	0.26510	0.07801	0.12095	0.01082	0.00275	0.00455	0.04469	0.05247	0.06672
8	0.74829	0.01236	0.00999	0.00876	0.01285	0.01405	0.00722	0.02011	0.01166	0.09201	0.01046	0.01152	0.00780	0.00618	0.00422	0.00200	0.00504	0.00377	0.00435	0.00735
9	0.00908	0.00629	0.00777	0.00807	0.00863	0.00608	0.00535	0.01029	0.01265	0.01721	0.20325	0.20133	0.03799	0.36897	0.01961	0.00419	0.00489	0.05814	0.00531	0.00489
10	0.04422	0.00825	0.00994	0.01003	0.01163	0.00834	0.00738	0.11396	0.03093	0.03849	0.11759	0.46763	0.03751	0.01631	0.00770	0.00242	0.00439	0.05057	0.00618	0.00654
11	0.10249	0.00930	0.01022	0.00966	0.01199	0.00951	0.00730	0.09572	0.07296	0.07707	0.03251	0.21072	0.15847	0.10407	0.01016	0.00277	0.00488	0.05752	0.00578	0.00689
12	0.81856	0.01250	0.00950	0.00850	0.01250	0.01449	0.00700	0.01899	0.01100	0.02899	0.00900	0.01050	0.00700	0.00600	0.00400	0.00200	0.00500	0.00350	0.00400	0.00700
13	0.00915	0.00671	0.00807	0.00820	0.00994	0.00615	0.00646	0.01170	0.01595	0.02150	0.29613	0.05606	0.27973	0.01476	0.00763	0.00223	0.00373	0.15384	0.07623	0.00584
14	0.12277	0.00888	0.00961	0.00890	0.01109	0.00929	0.00674	0.06925	0.07859	0.05355	0.17881	0.08935	0.02816	0.08489	0.00916	0.01953	0.00440	0.02526	0.17495	0.00679
15	0.05463	0.00823	0.00949	0.00940	0.01147	0.00817	0.00706	0.01629	0.13387	0.07833	0.11953	0.27017	0.18359	0.01478	0.00743	0.00232	0.00412	0.04802	0.00628	0.00683
16	0.05965	0.01785	0.01895	0.01459	0.01970	0.01979	0.01205	0.68049	0.02952	0.04020	0.01522	0.01529	0.01081	0.00768	0.00635	0.00194	0.00702	0.00571	0.00635	0.01081
17	0.00919	0.00635	0.00764	0.00816	0.00849	0.00624	0.00511	0.03130	0.01138	0.01518	0.02701	0.36525	0.03168	0.41333	0.02107	0.00451	0.00517	0.01328	0.00492	0.00473
18	0.05765	0.00777	0.00868	0.00836	0.00969	0.00780	0.00580	0.07615	0.01409	0.01959	0.13920	0.13959	0.12255	0.31737	0.01752	0.00384	0.00503	0.02852	0.00527	0.00553
19	0.00810	0.00584	0.00768	0.00876	0.00940	0.00541	0.00598	0.00960	0.01355	0.01828	0.16590	0.61136	0.06854	0.01881	0.00811	0.00250	0.00360	0.01697	0.00621	0.00541
20	0.02328	0.06170	0.01952	0.01799	0.06874	0.66586	0.01293	0.02511	0.01784	0.01615	0.01009	0.01189	0.00845	0.00655	0.00579	0.00167	0.01118	0.00424	0.00330	0.00771
21	0.01088	0.01014	0.05902	0.01096	0.01269	0.03622	0.00892	0.04331	0.01159	0.01611	0.01685	0.02628	0.01616	0.16749	0.49240	0.00820	0.03612	0.00702	0.00360	0.00603
22	0.00812	0.00626	0.00742	0.00777	0.00919	0.00556	0.00558	0.00997	0.01492	0.01941	0.23395	0.28860	0.32648	0.01678	0.00783	0.00229	0.00337	0.01465	0.00630	0.00556
23	0.00887	0.00656	0.00827	0.00791	0.00950	0.00597	0.00591	0.01164	0.01754	0.02429	0.60349	0.07368	0.16453	0.01393	0.00764	0.00207	0.00311	0.01220	0.00690	0.00597
24	0.01414	0.01414	0.01979	0.01696	0.01696	0.01979	0.01414	0.01555	0.00990	0.01555	0.00848	0.01414	0.00848	0.01131	0.02120	0.00283	0.76110	0.00565	0.00283	0.00707
25	0.02503	0.01263	0.01677	0.10169	0.05107	0.01246	0.01144	0.17165	0.02017	0.45731	0.03829	0.02045	0.01491	0.00780	0.00651	0.00200	0.00624	0.00636	0.00684	0.01039
26	0.00971	0.00710	0.00987	0.08435	0.01303	0.00795	0.00738	0.01139	0.01040	0.01460	0.01801	0.03079	0.01813	0.31171	0.37694	0.00766	0.01175	0.00769	0.03630	0.00523
27	0.02355	0.01221	0.01483	0.01219	0.01662	0.01226	0.00980	0.03269	0.31420	0.43818	0.02583	0.02288	0.01756	0.00832	0.00653	0.00208	0.00534	0.00684	0.00740	0.01067
28	0.02454	0.01871	0.01934	0.01495	0.02003	0.05531	0.01229	0.67782	0.02979	0.03951	0.01524	0.01533	0.01086	0.00770	0.00643	0.00193	0.00733	0.00574	0.00631	0.01082
29	0.01346	0.02936	0.56738	0.02007	0.02857	0.01550	0.15741	0.02027	0.01377	0.02027	0.01173	0.01441	0.00852	0.00625	0.00716	0.00211	0.04628	0.00537	0.00284	0.00927
30	0.02456	0.01810	0.01939	0.01487	0.02004	0.02004	0.01228	0.71107	0.03038	0.04072	0.01551	0.01551	0.01099	0.00776	0.00646	0.00194	0.00711	0.00582	0.00646	0.01099
31	0.00811	0.00580	0.00776	0.00915	0.00966	0.00544	0.00630	0.00946	0.01285	0.01718	0.07178	0.68371	0.04331	0.01971	0.00826	0.00262	0.00386	0.06365	0.00605	0.00534
32	0.00840	0.00648	0.00769	0.00774	0.00938	0.00577	0.00577	0.01060	0.01587	0.02086	0.33182	0.15266	0.33487	0.01566	0.00777	0.00221	0.00335	0.04094	0.00645	0.00571
33	0.01421	0.01436	0.02105	0.01767	0.01812	0.01955	0.06184	0.01590	0.01026	0.01590	0.00880	0.01436	0.00857	0.01091	0.02027	0.00278	0.70960	0.00579	0.00286	0.00718
34	0.01204	0.00602	0.00602	0.00602	0.00753	0.00602	0.00452	0.01506	0.01355	0.02409	0.02108	0.02409	0.01656	0.00753	0.00452	0.00151	0.00301	0.00602	0.80879	0.00602
35	0.06961	0.01213	0.01536	0.01184	0.01681	0.01132	0.00978	0.13137	0.01986	0.59706	0.02315	0.02043	0.01478	0.00786	0.00636	0.00199	0.00571	0.00624	0.00756	0.01079
36	0.01458	0.12149	0.02177	0.01613	0.01691	0.02060	0.01370	0.01608	0.01035	0.01550	0.00855	0.01361	0.00846	0.01050	0.01880	0.00262	0.65494	0.00534	0.00282	0.00724
37	0.21145	0.22932	0.18135	0.04681	0.07571	0.01849	0.01407	0.11492	0.01522	0.02376	0.01082	0.01257	0.00849	0.00614	0.00515	0.00183	0.00719	0.00436	0.00360	0.00873
38	0.16440	0.09530	0.12210	0.01347	0.01863	0.04416	0.01246	0.22899	0.07864	0.06570	0.01379	0.01458	0.01030	0.00711	0.00647	0.00193	0.04849	0.00502	0.00477	0.04371
39	0.19409	0.19844	0.19303	0.01414	0.05570	0.08075	0.01337	0.02092	0.03005	0.07535	0.05845	0.01525	0.01236	0.00665	0.00532	0.00184	0.00718	0.00482	0.00387	0.00844
40	0.05512	0.19441	0.17472	0.01264	0.01718	0.03029	0.01250	0.01793	0.03648	0.04151	0.08437	0.04659	0.05085	0.03956	0.00881	0.00211	0.10378	0.00634	0.00393	0.06086

[dist]
# distance from previous block
# <min> <max>
28	167

[block]
# block no. 3 follows, 34 sequences, length 11
# corresponding to MSA columns:
# 306-316
name=unknown_D
#
# <colnr> <probs for GDERKNQSTAVLIFYWHMCP>
#	G	D	E	R	K	N	Q	S	T	A	V	L	I	F	Y	W	H	M	C	P
0	0.23866	0.20241	0.02095	0.01333	0.01761	0.12478	0.07368	0.06871	0.08954	0.02263	0.01244	0.03243	0.01036	0.00694	0.00594	0.00189	0.04061	0.00499	0.00397	0.00812
1	0.01798	0.01515	0.04534	0.01336	0.03657	0.07460	0.01052	0.33131	0.02203	0.04717	0.10263	0.15262	0.05762	0.03348	0.00768	0.00219	0.00631	0.00899	0.00589	0.00858
2	0.11542	0.13391	0.03458	0.01341	0.04025	0.18778	0.01076	0.02067	0.08299	0.04548	0.03595	0.04283	0.07103	0.00937	0.00696	0.00203	0.05173	0.08278	0.00441	0.00765
3	0.01741	0.11649	0.08450	0.01415	0.04934	0.08151	0.01183	0.15435	0.05131	0.08450	0.08652	0.04145	0.01752	0.01442	0.11989	0.00321	0.03173	0.00649	0.00482	0.00854
4	0.01237	0.00743	0.00850	0.00954	0.06496	0.00760	0.00635	0.01668	0.07792	0.02349	0.02207	0.08539	0.01853	0.00856	0.00516	0.00169	0.00363	0.00715	0.60633	0.00667
5	0.01420	0.05722	0.01349	0.01068	0.01389	0.01238	0.00847	0.15687	0.18793	0.02636	0.19797	0.07233	0.15068	0.01120	0.00686	0.00203	0.00473	0.00937	0.00622	0.03711
6	0.01465	0.01328	0.01441	0.01266	0.07488	0.07662	0.00902	0.01843	0.05665	0.02118	0.01304	0.01493	0.01067	0.00549	0.00510	0.00122	0.00553	0.00440	0.06654	0.56130
7	0.07550	0.05770	0.01395	0.01296	0.06234	0.09506	0.04514	0.01638	0.05421	0.02046	0.10626	0.18949	0.07691	0.01193	0.00677	0.00213	0.00568	0.06834	0.07193	0.00686
8	0.01288	0.04890	0.01127	0.00984	0.01204	0.03405	0.00756	0.03386	0.10922	0.08115	0.15152	0.23669	0.09157	0.01342	0.00711	0.00219	0.00450	0.05223	0.07295	0.00704
9	0.04403	0.06537	0.04406	0.06877	0.27707	0.03541	0.11239	0.10351	0.01656	0.05999	0.03917	0.07546	0.01437	0.00753	0.00652	0.00200	0.00756	0.00695	0.00418	0.00911
10	0.07063	0.01726	0.07600	0.06425	0.02065	0.08131	0.02764	0.21956	0.08237	0.13239	0.01577	0.01625	0.01138	0.00695	0.00601	0.00183	0.00701	0.00540	0.00524	0.13212

[dist]
# distance from previous block
# <min> <max>
9	90

[block]
# block no. 4 follows, 34 sequences, length 34
# corresponding to MSA columns:
# 410-443
name=unknown_E
#
# <colnr> <probs for GDERKNQSTAVLIFYWHMCP>
#	G	D	E	R	K	N	Q	S	T	A	V	L	I	F	Y	W	H	M	C	P
0	0.05982	0.06563	0.16232	0.01769	0.10943	0.09706	0.05645	0.10043	0.04003	0.05407	0.07106	0.05805	0.01569	0.00766	0.00621	0.00191	0.00750	0.00636	0.00434	0.05830
1	0.10450	0.17962	0.07912	0.03975	0.08193	0.01742	0.01247	0.06906	0.13669	0.02205	0.03885	0.01844	0.04236	0.00921	0.03219	0.00228	0.09567	0.00575	0.00417	0.00850
2	0.03887	0.01507	0.02114	0.06864	0.23505	0.07306	0.07845	0.05297	0.03772	0.14121	0.01541	0.04928	0.01236	0.00751	0.00782	0.00203	0.07874	0.00635	0.00440	0.05392
3	0.01392	0.03838	0.02127	0.08765	0.06926	0.01342	0.19782	0.07622	0.04148	0.02163	0.06008	0.09939	0.03958	0.01019	0.03177	0.00236	0.05950	0.00815	0.07611	0.03184
4	0.40414	0.04612	0.01449	0.01332	0.09733	0.01420	0.00951	0.06305	0.05690	0.09793	0.01280	0.01381	0.00970	0.00626	0.00495	0.00183	0.00555	0.00448	0.00454	0.11910
5	0.01097	0.00704	0.00936	0.00978	0.03132	0.00647	0.00698	0.01321	0.01570	0.09711	0.29953	0.28888	0.10634	0.01536	0.00776	0.00230	0.00388	0.05507	0.00655	0.00639
6	0.01651	0.01007	0.01248	0.05866	0.01548	0.03365	0.00867	0.05786	0.01716	0.21776	0.22056	0.13258	0.03121	0.01094	0.00690	0.00200	0.00500	0.03166	0.00633	0.10453
7	0.01204	0.00602	0.00602	0.00602	0.00753	0.00602	0.00452	0.01506	0.01355	0.02409	0.02108	0.02409	0.01656	0.00753	0.00452	0.00151	0.00301	0.00602	0.80879	0.00602
8	0.00913	0.00688	0.00877	0.00918	0.01075	0.00617	0.00685	0.01112	0.01403	0.01899	0.13592	0.38043	0.11230	0.01654	0.00779	0.00235	0.00410	0.12980	0.00589	0.10301
9	0.01296	0.03342	0.73944	0.01842	0.02797	0.01501	0.02387	0.02046	0.01364	0.02046	0.01160	0.01364	0.00818	0.00614	0.00614	0.00205	0.00955	0.00477	0.00273	0.00955
10	0.02258	0.02679	0.01796	0.01574	0.01935	0.56705	0.01203	0.08869	0.01854	0.01870	0.01060	0.01231	0.00871	0.00677	0.00648	0.00167	0.04462	0.00435	0.00365	0.09342
11	0.04604	0.16578	0.10440	0.01468	0.01904	0.32586	0.01293	0.04525	0.05954	0.04272	0.01387	0.01628	0.03018	0.00744	0.00655	0.00184	0.04964	0.02604	0.00376	0.00814
12	0.00803	0.00656	0.00709	0.00696	0.00897	0.00562	0.00522	0.01003	0.01565	0.01964	0.23719	0.05858	0.55690	0.01555	0.00763	0.00214	0.00321	0.01313	0.00629	0.00562
13	0.81856	0.01250	0.00950	0.00850	0.01250	0.01449	0.00700	0.01899	0.01100	0.02899	0.00900	0.01050	0.00700	0.00600	0.00400	0.00200	0.00500	0.00350	0.00400	0.00700
14	0.00923	0.00692	0.01038	0.01038	0.01154	0.00808	0.00808	0.01154	0.01038	0.01500	0.01731	0.02538	0.01615	0.04846	0.74732	0.01038	0.01731	0.00692	0.00346	0.00577
15	0.01727	0.77681	0.03386	0.01106	0.01658	0.02557	0.01106	0.01935	0.01313	0.01520	0.00898	0.01036	0.00829	0.00553	0.00415	0.00138	0.00691	0.00345	0.00276	0.00829
16	0.00794	0.00565	0.00748	0.00891	0.00927	0.00529	0.00590	0.00902	0.01224	0.01631	0.03492	0.73563	0.04186	0.05451	0.00937	0.00279	0.00386	0.01796	0.00590	0.00519
17	0.01296	0.03342	0.73944	0.01842	0.02797	0.01501	0.02387	0.02046	0.01364	0.02046	0.01160	0.01364	0.00818	0.00614	0.00614	0.00205	0.00955	0.00477	0.00273	0.00955
18	0.02414	0.03079	0.01831	0.01665	0.01998	0.74698	0.01248	0.02580	0.01831	0.01581	0.00999	0.01165	0.00832	0.00666	0.00583	0.00166	0.01165	0.00416	0.00333	0.00749
19	0.00786	0.00566	0.00746	0.00889	0.00934	0.00526	0.00595	0.00901	0.01247	0.01654	0.03691	0.73805	0.07255	0.02007	0.00822	0.00260	0.00373	0.01816	0.00600	0.00526
20	0.02382	0.04001	0.01806	0.01339	0.01854	0.04652	0.01104	0.42210	0.02453	0.18820	0.01673	0.01633	0.01170	0.00731	0.00615	0.00180	0.00664	0.00556	0.00621	0.11536
21	0.01058	0.00794	0.00934	0.00925	0.01120	0.00783	0.00697	0.01569	0.14763	0.04652	0.21237	0.20847	0.20680	0.01483	0.00762	0.00229	0.00392	0.05760	0.00645	0.00669
22	0.00923	0.00692	0.01038	0.01038	0.01154	0.00808	0.00808	0.01154	0.01038	0.01500	0.01731	0.02538	0.01615	0.04846	0.74732	0.01038	0.01731	0.00692	0.00346	0.00577
23	0.01220	0.01148	0.01938	0.75739	0.04450	0.01436	0.01794	0.01651	0.01292	0.01651	0.01148	0.01723	0.00861	0.00646	0.00646	0.00215	0.00861	0.00574	0.00287	0.00718
24	0.04267	0.02131	0.21705	0.05872	0.20574	0.09405	0.06677	0.04729	0.01541	0.10725	0.01323	0.01548	0.00989	0.00663	0.00713	0.00202	0.05078	0.00547	0.00378	0.00934
25	0.02062	0.02502	0.02112	0.09128	0.07050	0.48655	0.08558	0.02305	0.01647	0.01671	0.01046	0.01330	0.00864	0.00687	0.00750	0.00189	0.07857	0.00491	0.00322	0.00773
26	0.00937	0.00639	0.00767	0.00767	0.00789	0.00660	0.00470	0.00980	0.00958	0.01299	0.01979	0.03911	0.02211	0.63709	0.16684	0.00704	0.00833	0.00893	0.00383	0.00426
27	0.01006	0.00820	0.01143	0.03591	0.04244	0.00916	0.00910	0.01184	0.01229	0.01670	0.02840	0.30243	0.07679	0.06594	0.08036	0.00359	0.13526	0.12931	0.00487	0.00593
28	0.01972	0.03559	0.01729	0.01611	0.10114	0.03846	0.01163	0.33323	0.02187	0.10250	0.02046	0.11315	0.01840	0.03387	0.00769	0.00225	0.00659	0.08496	0.00584	0.00924
29	0.25900	0.04363	0.01901	0.06907	0.10806	0.06826	0.07970	0.12724	0.01590	0.04727	0.01340	0.01555	0.03305	0.00708	0.00691	0.00203	0.06700	0.00535	0.00414	0.00836
30	0.10698	0.06214	0.08165	0.29233	0.11489	0.06034	0.01524	0.06715	0.03658	0.02073	0.01319	0.06090	0.01113	0.00735	0.00638	0.00205	0.02330	0.00598	0.00361	0.00807
31	0.07353	0.13933	0.01925	0.07203	0.08043	0.01621	0.01179	0.10415	0.03446	0.04340	0.01643	0.09790	0.03466	0.00936	0.00891	0.00209	0.15111	0.02383	0.00423	0.05690
32	0.01789	0.04246	0.01973	0.07862	0.11500	0.07524	0.03609	0.19187	0.04732	0.04753	0.03493	0.01808	0.03836	0.00794	0.00857	0.00199	0.12412	0.00597	0.00449	0.08381
33	0.06337	0.01483	0.01662	0.01525	0.06509	0.09795	0.03118	0.11647	0.05900	0.04220	0.03943	0.06582	0.03774	0.03427	0.03321	0.00248	0.16890	0.00680	0.00447	0.08492

[dist]
# distance from previous block
# <min> <max>
8	95

[block]
# block no. 5 follows, 34 sequences, length 48
# corresponding to MSA columns:
# 540-587
name=unknown_F
#
# <colnr> <probs for GDERKNQSTAVLIFYWHMCP>
#	G	D	E	R	K	N	Q	S	T	A	V	L	I	F	Y	W	H	M	C	P
0	0.04998	0.09922	0.14955	0.01598	0.04210	0.06661	0.06693	0.13645	0.13579	0.02430	0.06066	0.01805	0.01440	0.00871	0.02689	0.00224	0.06276	0.00596	0.00446	0.00898
1	0.04191	0.10300	0.05226	0.01474	0.05194	0.07496	0.04916	0.10747	0.01639	0.09175	0.06390	0.11076	0.05459	0.01011	0.00848	0.00212	0.10622	0.02735	0.00481	0.00810
2	0.10459	0.05869	0.07617	0.05033	0.03469	0.01295	0.02920	0.07299	0.04829	0.11063	0.06446	0.06926	0.04422	0.01233	0.06766	0.00274	0.05448	0.02745	0.00486	0.05401
3	0.01877	0.09929	0.06526	0.06741	0.04071	0.03737	0.01263	0.21200	0.03922	0.10995	0.08905	0.01904	0.01593	0.00828	0.00834	0.00202	0.11356	0.00610	0.00505	0.03004
4	0.10671	0.05927	0.10400	0.01220	0.01628	0.01369	0.01094	0.18293	0.03363	0.04913	0.06549	0.15354	0.03788	0.01030	0.00712	0.00208	0.04351	0.02594	0.00514	0.06024
5	0.03658	0.06665	0.08699	0.04331	0.05433	0.07772	0.06101	0.05388	0.05496	0.04594	0.03322	0.01833	0.03216	0.01247	0.08973	0.00299	0.16847	0.00594	0.00385	0.05147
6	0.04398	0.19896	0.05740	0.10723	0.01996	0.01739	0.03030	0.03483	0.01250	0.03603	0.01330	0.04080	0.03005	0.06694	0.01213	0.00242	0.22546	0.00590	0.00340	0.04102
7	0.01414	0.01414	0.01979	0.01696	0.01696	0.01979	0.01414	0.01555	0.00990	0.01555	0.00848	0.01414	0.00848	0.01131	0.02120	0.00283	0.76110	0.00565	0.00283	0.00707
8	0.01323	0.01273	0.01864	0.08538	0.09791	0.01661	0.01391	0.01519	0.01100	0.01633	0.01255	0.09616	0.01278	0.01322	0.05602	0.00305	0.48778	0.00711	0.00325	0.00716
9	0.01414	0.01414	0.01979	0.01696	0.01696	0.01979	0.01414	0.01555	0.00990	0.01555	0.00848	0.01414	0.00848	0.01131	0.02120	0.00283	0.76110	0.00565	0.00283	0.00707
10	0.01296	0.01254	0.01841	0.01645	0.05121	0.01589	0.05847	0.01507	0.01234	0.01818	0.14392	0.02387	0.06645	0.01133	0.01620	0.00255	0.48583	0.00742	0.00387	0.00705
11	0.00873	0.00644	0.00810	0.00886	0.00990	0.00609	0.00640	0.01090	0.03462	0.01856	0.15137	0.38649	0.14096	0.07190	0.00986	0.00276	0.00407	0.10238	0.00604	0.00556
12	0.01807	0.02628	0.50871	0.01621	0.02431	0.01325	0.01929	0.02397	0.01519	0.24871	0.01602	0.01630	0.01067	0.00673	0.00625	0.00203	0.00826	0.00532	0.00441	0.01001
13	0.01607	0.01388	0.01461	0.01315	0.01680	0.01607	0.01023	0.03433	0.72094	0.02703	0.02630	0.02411	0.01972	0.00877	0.00657	0.00219	0.00511	0.00731	0.00657	0.01023
14	0.01340	0.01148	0.01340	0.00957	0.01531	0.00861	0.00766	0.01627	0.01340	0.02105	0.01148	0.01340	0.00957	0.00479	0.00479	0.00096	0.00479	0.00383	0.00383	0.81242
15	0.00940	0.00626	0.00705	0.00705	0.00705	0.00626	0.00392	0.00940	0.00940	0.01253	0.02036	0.04228	0.02349	0.77292	0.03289	0.00626	0.00626	0.00940	0.00392	0.00392
16	0.02456	0.01810	0.01939	0.01487	0.02004	0.02004	0.01228	0.71107	0.03038	0.04072	0.01551	0.01551	0.01099	0.00776	0.00646	0.00194	0.00711	0.00582	0.00646	0.01099
17	0.01599	0.01535	0.02623	0.03966	0.73262	0.01535	0.01983	0.01983	0.01471	0.02111	0.01215	0.01599	0.01023	0.00576	0.00640	0.00192	0.00768	0.00576	0.00320	0.01023
18	0.00787	0.00562	0.00750	0.00900	0.00937	0.00525	0.00600	0.00900	0.01237	0.01649	0.03561	0.76871	0.04274	0.02024	0.00825	0.00262	0.00375	0.01837	0.00600	0.00525
19	0.00807	0.00584	0.00766	0.00898	0.00959	0.00544	0.00621	0.00942	0.01293	0.01713	0.06625	0.64725	0.08960	0.01954	0.00822	0.00259	0.00383	0.06006	0.00604	0.00534
20	0.02456	0.01810	0.01939	0.01487	0.02004	0.02004	0.01228	0.71107	0.03038	0.04072	0.01551	0.01551	0.01099	0.00776	0.00646	0.00194	0.00711	0.00582	0.00646	0.01099
21	0.00764	0.00655	0.00655	0.00655	0.00873	0.00545	0.00491	0.00927	0.01473	0.01745	0.06546	0.06218	0.73000	0.01636	0.00764	0.00218	0.00327	0.01364	0.00600	0.00545
22	0.81856	0.01250	0.00950	0.00850	0.01250	0.01449	0.00700	0.01899	0.01100	0.02899	0.00900	0.01050	0.00700	0.00600	0.00400	0.00200	0.00500	0.00350	0.00400	0.00700
23	0.00888	0.00674	0.00831	0.00911	0.01062	0.00625	0.00724	0.01096	0.01435	0.01820	0.07424	0.17919	0.29476	0.04589	0.00919	0.00271	0.00450	0.27734	0.00595	0.00558
24	0.01525	0.01743	0.03813	0.02723	0.03377	0.01634	0.70915	0.02070	0.01525	0.02070	0.01307	0.01743	0.00980	0.00545	0.00763	0.00218	0.01089	0.00763	0.00327	0.00871
25	0.01607	0.01388	0.01461	0.01315	0.01680	0.01607	0.01023	0.03433	0.72094	0.02703	0.02630	0.02411	0.01972	0.00877	0.00657	0.00219	0.00511	0.00731	0.00657	0.01023
26	0.01194	0.00604	0.00612	0.00610	0.00761	0.00603	0.00457	0.01495	0.01372	0.02416	0.04709	0.02498	0.01819	0.00774	0.00463	0.00152	0.00301	0.00623	0.77935	0.00603
27	0.00902	0.00618	0.00799	0.00876	0.00977	0.00566	0.00618	0.01065	0.01399	0.04815	0.15792	0.51081	0.12317	0.01801	0.00802	0.00246	0.00372	0.03761	0.00627	0.00568
28	0.01053	0.00691	0.00908	0.00836	0.01013	0.00633	0.00633	0.01354	0.01830	0.07544	0.68020	0.04644	0.05783	0.01285	0.00754	0.00203	0.00322	0.01132	0.00717	0.00644
29	0.00796	0.00620	0.00728	0.00808	0.00939	0.00552	0.00584	0.00947	0.01367	0.01717	0.04950	0.38226	0.36473	0.01823	0.00801	0.00244	0.00370	0.06914	0.00600	0.00540
30	0.01823	0.01288	0.01419	0.01238	0.01609	0.01420	0.00983	0.10676	0.44108	0.13048	0.02489	0.02530	0.01879	0.00889	0.00648	0.00211	0.00524	0.04126	0.08111	0.00982
31	0.00786	0.00567	0.00745	0.00888	0.00934	0.00526	0.00594	0.00901	0.01249	0.01654	0.03707	0.73414	0.07636	0.02005	0.00822	0.00260	0.00373	0.01814	0.00600	0.00526
32	0.01414	0.01414	0.01979	0.01696	0.01696	0.01979	0.01414	0.01555	0.00990	0.01555	0.00848	0.01414	0.00848	0.01131	0.02120	0.00283	0.76110	0.00565	0.00283	0.00707
33	0.01599	0.01535	0.02623	0.03966	0.73262	0.01535	0.01983	0.01983	0.01471	0.02111	0.01215	0.01599	0.01023	0.00576	0.00640	0.00192	0.00768	0.00576	0.00320	0.01023
34	0.00932	0.00623	0.00707	0.00714	0.00716	0.00621	0.00402	0.00938	0.00954	0.01272	0.02110	0.07783	0.02443	0.73609	0.03168	0.00609	0.00614	0.00984	0.00402	0.00398
35	0.01340	0.01148	0.01340	0.00957	0.01531	0.00861	0.00766	0.01627	0.01340	0.02105	0.01148	0.01340	0.00957	0.00479	0.00479	0.00096	0.00479	0.00383	0.00383	0.81242
36	0.01296	0.03342	0.73944	0.01842	0.02797	0.01501	0.02387	0.02046	0.01364	0.02046	0.01160	0.01364	0.00818	0.00614	0.00614	0.00205	0.00955	0.00477	0.00273	0.00955
37	0.81856	0.01250	0.00950	0.00850	0.01250	0.01449	0.00700	0.01899	0.01100	0.02899	0.00900	0.01050	0.00700	0.00600	0.00400	0.00200	0.00500	0.00350	0.00400	0.00700
38	0.00923	0.00620	0.00710	0.00726	0.00730	0.00615	0.00414	0.00935	0.00972	0.01296	0.02200	0.12057	0.02556	0.69181	0.03023	0.00587	0.00599	0.01036	0.00414	0.00406
39	0.00773	0.00655	0.00668	0.00665	0.00879	0.00550	0.00498	0.00946	0.01495	0.01799	0.10730	0.06131	0.68782	0.01617	0.00764	0.00217	0.00326	0.01351	0.00607	0.00550
40	0.00783	0.00650	0.00685	0.00687	0.00887	0.00552	0.00511	0.00961	0.01503	0.01843	0.14414	0.09891	0.61169	0.01619	0.00767	0.00219	0.00327	0.01366	0.00613	0.00552
41	0.00934	0.00648	0.00816	0.00816	0.00854	0.00687	0.00530	0.01011	0.00972	0.01335	0.01934	0.03667	0.02105	0.53211	0.27037	0.00763	0.00993	0.00857	0.00376	0.00453
42	0.00921	0.00668	0.00934	0.00942	0.01022	0.00745	0.00686	0.01084	0.01022	0.01441	0.01905	0.06737	0.01946	0.24127	0.51853	0.00889	0.01366	0.00816	0.00371	0.00525
43	0.01607	0.01388	0.01461	0.01315	0.01680	0.01607	0.01023	0.03433	0.72094	0.02703	0.02630	0.02411	0.01972	0.00877	0.00657	0.00219	0.00511	0.00731	0.00657	0.01023
44	0.05282	0.02949	0.01805	0.01626	0.01971	0.68392	0.01228	0.06009	0.01865	0.01754	0.01023	0.01180	0.00841	0.00669	0.00579	0.00169	0.01118	0.00422	0.00351	0.00765
45	0.07177	0.01611	0.02203	0.26734	0.18664	0.11468	0.09997	0.04100	0.03341	0.01995	0.01187	0.01566	0.00936	0.00638	0.00674	0.00200	0.03214	0.00558	0.00337	0.03398
46	0.05094	0.10857	0.07003	0.01436	0.01946	0.18538	0.01237	0.33675	0.02218	0.02842	0.01261	0.01353	0.00959	0.00680	0.00578	0.00173	0.00800	0.00482	0.00473	0.08393
47	0.07900	0.30594	0.10361	0.01486	0.05381	0.14043	0.01311	0.17770	0.01788	0.02299	0.01108	0.01239	0.00890	0.00633	0.00527	0.00170	0.00792	0.00437	0.00381	0.00891

[dist]
# distance from previous block
# <min> <max>
1	10

[block]
# block no. 6 follows, 34 sequences, length 65
# corresponding to MSA columns:
# 598-662
name=unknown_G
#
# <colnr> <probs for GDERKNQSTAVLIFYWHMCP>
#	G	D	E	R	K	N	Q	S	T	A	V	L	I	F	Y	W	H	M	C	P
0	0.02097	0.12157	0.04330	0.03913	0.06904	0.08047	0.01272	0.38730	0.04516	0.03029	0.01367	0.01460	0.01034	0.00691	0.00594	0.00177	0.00736	0.00519	0.00502	0.07924
1	0.01679	0.06437	0.06124	0.13535	0.29791	0.01612	0.01603	0.15703	0.05076	0.02418	0.01309	0.01572	0.01029	0.00631	0.00611	0.00185	0.00735	0.00545	0.00397	0.09010
2	0.02100	0.16036	0.04412	0.07998	0.02181	0.01848	0.05215	0.30737	0.08632	0.12133	0.01595	0.01638	0.01157	0.00716	0.00610	0.00190	0.00710	0.00566	0.00536	0.00990
3	0.00820	0.00600	0.00742	0.00841	0.00913	0.00556	0.00573	0.00936	0.01251	0.01624	0.03889	0.48668	0.16941	0.13207	0.01186	0.00311	0.00416	0.05444	0.00568	0.00513
4	0.81856	0.01250	0.00950	0.00850	0.01250	0.01449	0.00700	0.01899	0.01100	0.02899	0.00900	0.01050	0.00700	0.00600	0.00400	0.00200	0.00500	0.00350	0.00400	0.00700
5	0.00908	0.00622	0.00737	0.00780	0.00806	0.00610	0.00486	0.00959	0.01060	0.01403	0.02609	0.20347	0.05098	0.53153	0.02502	0.00511	0.00560	0.05952	0.00458	0.00440
6	0.02456	0.01810	0.01939	0.01487	0.02004	0.02004	0.01228	0.71107	0.03038	0.04072	0.01551	0.01551	0.01099	0.00776	0.00646	0.00194	0.00711	0.00582	0.00646	0.01099
7	0.00786	0.00655	0.00685	0.00678	0.00886	0.00555	0.00508	0.00970	0.01525	0.01869	0.16202	0.06016	0.63266	0.01591	0.00763	0.00216	0.00324	0.01335	0.00616	0.00555
8	0.00940	0.00626	0.00705	0.00705	0.00705	0.00626	0.00392	0.00940	0.00940	0.01253	0.02036	0.04228	0.02349	0.77292	0.03289	0.00626	0.00626	0.00940	0.00392	0.00392
9	0.00784	0.00574	0.00738	0.00870	0.00929	0.00527	0.00586	0.00903	0.01266	0.01661	0.03928	0.68197	0.12710	0.01977	0.00817	0.00257	0.00369	0.01779	0.00600	0.00527
10	0.13238	0.01734	0.01805	0.01400	0.01901	0.01928	0.01156	0.61709	0.02775	0.03913	0.01463	0.01483	0.01045	0.00752	0.00613	0.00195	0.00682	0.00550	0.00613	0.01045
11	0.00787	0.00562	0.00750	0.00900	0.00937	0.00525	0.00600	0.00900	0.01237	0.01649	0.03561	0.76871	0.04274	0.02024	0.00825	0.00262	0.00375	0.01837	0.00600	0.00525
12	0.02407	0.01150	0.01433	0.01166	0.01600	0.01114	0.00940	0.04791	0.19820	0.47980	0.02555	0.04600	0.01769	0.00855	0.00647	0.00204	0.00526	0.00704	0.04704	0.01037
13	0.00800	0.00653	0.00707	0.00700	0.00897	0.00560	0.00522	0.00995	0.01549	0.01942	0.22110	0.08167	0.55000	0.01574	0.00765	0.00216	0.00324	0.01333	0.00626	0.00560
14	0.01414	0.01414	0.01979	0.01696	0.01696	0.01979	0.01414	0.01555	0.00990	0.01555	0.00848	0.01414	0.00848	0.01131	0.02120	0.00283	0.76110	0.00565	0.00283	0.00707
15	0.02414	0.03079	0.01831	0.01665	0.01998	0.74698	0.01248	0.02580	0.01831	0.01581	0.00999	0.01165	0.00832	0.00666	0.00583	0.00166	0.01165	0.00416	0.00333	0.00749
16	0.00940	0.00626	0.00705	0.00705	0.00705	0.00626	0.00392	0.00940	0.00940	0.01253	0.02036	0.04228	0.02349	0.77292	0.03289	0.00626	0.00626	0.00940	0.00392	0.00392
17	0.00905	0.00707	0.00827	0.00788	0.00979	0.00653	0.00594	0.01261	0.06450	0.02285	0.43544	0.05179	0.30635	0.01408	0.00756	0.00210	0.00327	0.01211	0.00666	0.00614
18	0.01296	0.03342	0.73944	0.01842	0.02797	0.01501	0.02387	0.02046	0.01364	0.02046	0.01160	0.01364	0.00818	0.00614	0.00614	0.00205	0.00955	0.00477	0.00273	0.00955
19	0.81856	0.01250	0.00950	0.00850	0.01250	0.01449	0.00700	0.01899	0.01100	0.02899	0.00900	0.01050	0.00700	0.00600	0.00400	0.00200	0.00500	0.00350	0.00400	0.00700
20	0.00940	0.00626	0.00705	0.00705	0.00705	0.00626	0.00392	0.00940	0.00940	0.01253	0.02036	0.04228	0.02349	0.77292	0.03289	0.00626	0.00626	0.00940	0.00392	0.00392
21	0.02565	0.01292	0.01576	0.01246	0.01723	0.01279	0.01017	0.16251	0.15628	0.46642	0.02373	0.02116	0.01575	0.00810	0.00651	0.00202	0.00573	0.00652	0.00743	0.01085
22	0.01041	0.00744	0.01041	0.01190	0.01339	0.00744	0.01041	0.01339	0.01487	0.01934	0.03421	0.07288	0.03719	0.01785	0.00892	0.00297	0.00595	0.68913	0.00595	0.00595
23	0.01649	0.01379	0.01462	0.01310	0.01679	0.01586	0.01020	0.03424	0.69794	0.05028	0.02627	0.02404	0.01960	0.00874	0.00657	0.00219	0.00513	0.00728	0.00662	0.01025
24	0.00787	0.00562	0.00750	0.00900	0.00937	0.00525	0.00600	0.00900	0.01237	0.01649	0.03561	0.76871	0.04274	0.02024	0.00825	0.00262	0.00375	0.01837	0.00600	0.00525
25	0.01340	0.01148	0.01340	0.00957	0.01531	0.00861	0.00766	0.01627	0.01340	0.02105	0.01148	0.01340	0.00957	0.00479	0.00479	0.00096	0.00479	0.00383	0.00383	0.81242
26	0.00863	0.00594	0.00727	0.00803	0.00821	0.00575	0.00496	0.00920	0.01089	0.01452	0.02802	0.40718	0.03316	0.39483	0.02051	0.00444	0.00500	0.01390	0.00496	0.00458
27	0.00967	0.00716	0.01030	0.01017	0.01132	0.00822	0.00778	0.03050	0.01083	0.01546	0.01756	0.02681	0.01675	0.11989	0.65546	0.00974	0.01592	0.00714	0.00359	0.00573
28	0.02317	0.01337	0.01562	0.01274	0.01724	0.01392	0.01027	0.15270	0.29431	0.33734	0.02404	0.02167	0.01656	0.00825	0.00652	0.00206	0.00563	0.00669	0.00717	0.01070
29	0.02461	0.01006	0.01342	0.01061	0.01494	0.00871	0.00865	0.02708	0.01808	0.58505	0.10540	0.02904	0.09576	0.00944	0.00674	0.00202	0.00500	0.00781	0.00769	0.00989
30	0.00902	0.00611	0.00716	0.00753	0.00762	0.00601	0.00443	0.00930	0.01013	0.01351	0.02413	0.22179	0.02825	0.58692	0.02680	0.00536	0.00564	0.01161	0.00443	0.00424
31	0.01455	0.09229	0.40901	0.09016	0.12803	0.01633	0.07876	0.05937	0.01477	0.02090	0.01178	0.01444	0.00882	0.00609	0.00617	0.00198	0.00894	0.00519	0.00307	0.00933
32	0.02077	0.01782	0.01775	0.05649	0.04337	0.13496	0.01215	0.29201	0.20140	0.06191	0.01734	0.01776	0.01295	0.00908	0.02972	0.00226	0.03103	0.00598	0.00555	0.00971
33	0.01599	0.01535	0.02623	0.03966	0.73262	0.01535	0.01983	0.01983	0.01471	0.02111	0.01215	0.01599	0.01023	0.00576	0.00640	0.00192	0.00768	0.00576	0.00320	0.01023
34	0.03819	0.00692	0.00953	0.00896	0.00996	0.00686	0.00632	0.01297	0.03162	0.11329	0.03557	0.02215	0.01434	0.06325	0.04366	0.55592	0.00589	0.00616	0.00388	0.00454
35	0.00943	0.00764	0.01020	0.01070	0.03332	0.00816	0.00759	0.01116	0.01345	0.01843	0.17953	0.34207	0.12442	0.04001	0.03396	0.00281	0.12237	0.01336	0.00551	0.00587
36	0.02746	0.01197	0.01548	0.01183	0.01689	0.01084	0.00976	0.12086	0.01977	0.60133	0.02332	0.02061	0.01494	0.00777	0.00639	0.00193	0.00567	0.00625	0.00754	0.05939
37	0.00808	0.00626	0.00736	0.00773	0.00916	0.00554	0.00555	0.00990	0.01483	0.01920	0.21754	0.28793	0.34405	0.01685	0.00783	0.00229	0.00337	0.01470	0.00627	0.00554
