[name]
unknown

[dist]
# distance from previous block
# <min> <max>
12	170

[block]
# block no. 0 follows, 31 sequences, length 16
# corresponding to MSA columns:
# 198-213
name=unknown_A
#
# <colnr> <probs for GDERKNQSTAVLIFYWHMCP>
#	G	D	E	R	K	N	Q	S	T	A	V	L	I	F	Y	W	H	M	C	P
0	0.05663	0.01509	0.01708	0.10547	0.02149	0.06604	0.03579	0.17554	0.14924	0.02724	0.06416	0.07476	0.03220	0.00975	0.00766	0.00219	0.04144	0.02906	0.00551	0.06365
1	0.10339	0.07635	0.08647	0.01322	0.01773	0.01465	0.03202	0.04258	0.23134	0.10336	0.02606	0.02996	0.07693	0.01136	0.03219	0.00257	0.00669	0.07816	0.00575	0.00920
2	0.04074	0.01553	0.05432	0.01423	0.01891	0.03993	0.05899	0.19669	0.10568	0.12048	0.09786	0.02852	0.05349	0.00962	0.00709	0.00214	0.00665	0.05552	0.00624	0.06738
3	0.07670	0.01408	0.04021	0.03528	0.03258	0.05065	0.01070	0.12796	0.12163	0.14415	0.08452	0.12021	0.02275	0.01250	0.04506	0.00264	0.00679	0.00852	0.00617	0.03690
4	0.04529	0.03982	0.04110	0.01525	0.04353	0.11675	0.01201	0.18926	0.13893	0.05522	0.03566	0.04964	0.01523	0.00919	0.00835	0.02793	0.06193	0.00654	0.00534	0.08304
5	0.01882	0.06330	0.04677	0.01349	0.01754	0.14278	0.01103	0.11911	0.18718	0.07635	0.07297	0.08897	0.06112	0.01006	0.00685	0.00208	0.00688	0.00811	0.00585	0.04073
6	0.12764	0.03885	0.04360	0.01246	0.01679	0.03936	0.01040	0.13168	0.16722	0.16852	0.02508	0.02680	0.07577	0.05065	0.00815	0.00242	0.00624	0.03265	0.00623	0.00948
7	0.02108	0.01752	0.03987	0.04757	0.06764	0.07371	0.01293	0.22339	0.20032	0.09882	0.01880	0.01895	0.01387	0.00800	0.00716	0.00205	0.03153	0.00626	0.00587	0.08467
8	0.01039	0.00820	0.00955	0.00903	0.01142	0.00742	0.00680	0.03547	0.04867	0.02242	0.21800	0.18024	0.25992	0.01511	0.00779	0.00222	0.00401	0.03425	0.00642	0.10269
9	0.01358	0.01283	0.06196	0.03998	0.01629	0.01241	0.01030	0.08933	0.18549	0.02585	0.21019	0.03815	0.17918	0.01203	0.00853	0.00228	0.05723	0.00985	0.00625	0.00828
10	0.01636	0.01209	0.01441	0.01040	0.01638	0.00924	0.00836	0.01935	0.01490	0.11447	0.01411	0.01539	0.01103	0.00551	0.00531	0.00116	0.00517	0.00443	0.00464	0.69729
11	0.01140	0.00899	0.01095	0.04120	0.01358	0.00922	0.00804	0.01822	0.17466	0.02627	0.44856	0.04605	0.10685	0.01307	0.00781	0.00224	0.00411	0.03428	0.00707	0.00744
12	0.01619	0.01210	0.01439	0.01038	0.01637	0.00923	0.00834	0.01919	0.01484	0.10734	0.01396	0.01529	0.01096	0.00548	0.00529	0.00115	0.00516	0.00440	0.00459	0.70534
13	0.01326	0.01233	0.01720	0.01520	0.01546	0.01658	0.01229	0.01477	0.01052	0.01595	0.01250	0.02113	0.01264	0.11170	0.17419	0.00513	0.50233	0.00676	0.00328	0.00678
14	0.01442	0.03135	0.61018	0.01802	0.02720	0.01471	0.02254	0.02156	0.01497	0.05881	0.05167	0.01692	0.01226	0.00694	0.00653	0.00210	0.00924	0.00550	0.00350	0.05158
15	0.06092	0.01262	0.01539	0.01192	0.01702	0.01121	0.04094	0.10994	0.01732	0.04982	0.06803	0.02421	0.01756	0.00784	0.00615	0.00163	0.00574	0.07532	0.00506	0.44136

[dist]
# distance from previous block
# <min> <max>
5	6

[block]
# block no. 1 follows, 31 sequences, length 6
# corresponding to MSA columns:
# 221-226
name=unknown_B
#
# <colnr> <probs for GDERKNQSTAVLIFYWHMCP>
#	G	D	E	R	K	N	Q	S	T	A	V	L	I	F	Y	W	H	M	C	P
0	0.01046	0.00869	0.01442	0.01346	0.01541	0.00823	0.12674	0.01314	0.01499	0.02013	0.11604	0.38890	0.04023	0.01723	0.00870	0.00270	0.00572	0.16236	0.00598	0.00647
1	0.01419	0.01216	0.01419	0.01013	0.01621	0.00912	0.00811	0.01723	0.01419	0.02229	0.01216	0.01419	0.01013	0.00507	0.00507	0.00101	0.00507	0.00405	0.00405	0.80139
2	0.00809	0.00693	0.00693	0.00693	0.00924	0.00578	0.00520	0.00982	0.01559	0.01848	0.06931	0.06584	0.71411	0.01733	0.00809	0.00231	0.00347	0.01444	0.00635	0.00578
3	0.00834	0.00595	0.00794	0.00953	0.00992	0.00556	0.00635	0.00953	0.01310	0.01746	0.03771	0.75510	0.04525	0.02143	0.00873	0.00278	0.00397	0.01945	0.00635	0.00556
4	0.01554	0.06288	0.29683	0.02371	0.09378	0.01707	0.24252	0.05117	0.01575	0.02217	0.01389	0.01898	0.01108	0.00713	0.00787	0.00225	0.04578	0.03854	0.00347	0.00957
5	0.01688	0.05261	0.01936	0.16806	0.02473	0.01704	0.04645	0.12752	0.27650	0.02551	0.01956	0.02297	0.01550	0.00963	0.00895	0.04450	0.05262	0.03708	0.00525	0.00926

[dist]
# distance from previous block
# <min> <max>
0	1

[block]
# block no. 2 follows, 31 sequences, length 24
# corresponding to MSA columns:
# 228-251
name=unknown_C
#
# <colnr> <probs for GDERKNQSTAVLIFYWHMCP>
#	G	D	E	R	K	N	Q	S	T	A	V	L	I	F	Y	W	H	M	C	P
0	0.17541	0.20722	0.10408	0.01574	0.02118	0.09273	0.09475	0.11905	0.01675	0.02433	0.01142	0.01351	0.00912	0.00692	0.00687	0.00200	0.06111	0.00496	0.00388	0.00895
1	0.00834	0.00595	0.00794	0.00953	0.00992	0.00556	0.00635	0.00953	0.01310	0.01746	0.03771	0.75510	0.04525	0.02143	0.00873	0.00278	0.00397	0.01945	0.00635	0.00556
2	0.01773	0.01567	0.01583	0.01416	0.01807	0.04987	0.01102	0.05929	0.64932	0.02859	0.02665	0.02460	0.02000	0.00914	0.00692	0.00229	0.00581	0.00753	0.00680	0.01072
3	0.01953	0.06727	0.01657	0.01237	0.04829	0.01115	0.00950	0.02271	0.03386	0.24081	0.01768	0.01896	0.01335	0.03887	0.03471	0.00208	0.00619	0.00547	0.00539	0.37524
4	0.12794	0.01475	0.01563	0.01262	0.01738	0.09631	0.01020	0.08969	0.01941	0.45962	0.02233	0.05070	0.01548	0.00855	0.00653	0.00210	0.00660	0.00665	0.00711	0.01041
5	0.01396	0.03374	0.65739	0.02041	0.03021	0.01603	0.09035	0.02169	0.01461	0.02169	0.01243	0.01484	0.00883	0.00643	0.00665	0.00218	0.01025	0.00535	0.00294	0.01002
6	0.01384	0.01396	0.04900	0.55973	0.19524	0.01546	0.01968	0.01842	0.01413	0.01872	0.01232	0.01780	0.00948	0.00666	0.00681	0.00222	0.00894	0.00604	0.00311	0.00841
7	0.01454	0.00884	0.01272	0.01366	0.07223	0.00831	0.03123	0.01720	0.04399	0.17135	0.03209	0.47901	0.03403	0.01630	0.00807	0.00254	0.00503	0.01473	0.00649	0.00767
8	0.00977	0.00733	0.01100	0.01100	0.01222	0.00855	0.00855	0.01222	0.01100	0.01588	0.01833	0.02688	0.01710	0.05131	0.73245	0.01100	0.01833	0.00733	0.00367	0.00611
9	0.01188	0.00594	0.00891	0.00891	0.00891	0.00594	0.00594	0.00891	0.00891	0.01188	0.01188	0.02080	0.01188	0.02377	0.02674	0.80095	0.00594	0.00594	0.00297	0.00297
10	0.01639	0.02939	0.50611	0.01830	0.02681	0.01631	0.04049	0.09400	0.10135	0.06259	0.01546	0.01660	0.01097	0.00710	0.00666	0.00218	0.00907	0.00568	0.00412	0.01041
11	0.02362	0.02541	0.07687	0.01857	0.04152	0.33727	0.08674	0.16333	0.04911	0.09049	0.01458	0.01569	0.01086	0.00731	0.00665	0.00198	0.01008	0.00562	0.00475	0.00955
12	0.00977	0.00733	0.01100	0.01100	0.01222	0.00855	0.00855	0.01222	0.01100	0.01588	0.01833	0.02688	0.01710	0.05131	0.73245	0.01100	0.01833	0.00733	0.00367	0.00611
13	0.02450	0.10400	0.02112	0.01647	0.02064	0.48552	0.01291	0.15935	0.05326	0.02246	0.01243	0.01362	0.00993	0.00726	0.00616	0.00182	0.01055	0.00483	0.00428	0.00889
14	0.01713	0.01449	0.01539	0.01370	0.01752	0.01661	0.01069	0.07751	0.61665	0.02948	0.07139	0.02659	0.02311	0.00952	0.00703	0.00229	0.00541	0.00793	0.00699	0.01060
15	0.01778	0.01493	0.04227	0.01393	0.01805	0.01599	0.01132	0.03457	0.59063	0.08629	0.02755	0.02717	0.02089	0.00953	0.00705	0.00233	0.00567	0.03647	0.00690	0.01067
16	0.01781	0.01509	0.01592	0.01408	0.01809	0.01739	0.01102	0.09439	0.64520	0.02990	0.02684	0.02472	0.02007	0.00919	0.00695	0.00230	0.00560	0.00760	0.00695	0.01090
17	0.00985	0.00704	0.00954	0.00954	0.01026	0.00776	0.00674	0.01128	0.01057	0.01481	0.01965	0.03423	0.02030	0.34249	0.44564	0.00920	0.01352	0.00841	0.00386	0.00530
18	0.00987	0.00660	0.00749	0.00757	0.00759	0.00658	0.00426	0.00993	0.01011	0.01348	0.02239	0.08160	0.02593	0.72129	0.03347	0.00643	0.00649	0.01044	0.00426	0.00422
19	0.02176	0.02281	0.01748	0.01560	0.01945	0.33662	0.01197	0.06390	0.34095	0.04921	0.01954	0.01911	0.01490	0.00820	0.00660	0.00205	0.00863	0.00614	0.00547	0.00960
20	0.01772	0.01340	0.01482	0.01327	0.01681	0.01484	0.01034	0.13089	0.40699	0.08107	0.02803	0.15091	0.02402	0.01149	0.00733	0.00237	0.00555	0.03328	0.00693	0.00995
21	0.01604	0.24861	0.11152	0.03616	0.04611	0.01763	0.08525	0.05869	0.01538	0.02111	0.01489	0.01702	0.04384	0.00677	0.00626	0.00172	0.03110	0.00540	0.03716	0.17935
22	0.01753	0.01538	0.10769	0.03664	0.15600	0.01291	0.04696	0.09207	0.04211	0.14108	0.02270	0.12315	0.02067	0.03795	0.00846	0.00250	0.00718	0.09425	0.00546	0.00929
23	0.62494	0.04827	0.01335	0.01223	0.07323	0.01543	0.00903	0.02156	0.01289	0.09995	0.01159	0.01284	0.00874	0.00652	0.00473	0.00208	0.00568	0.00423	0.00453	0.00820

[dist]
# distance from previous block
# <min> <max>
0	4

[block]
# block no. 3 follows, 31 sequences, length 32
# corresponding to MSA columns:
# 256-287
name=unknown_D
#
# <colnr> <probs for GDERKNQSTAVLIFYWHMCP>
#	G	D	E	R	K	N	Q	S	T	A	V	L	I	F	Y	W	H	M	C	P
0	0.02179	0.04383	0.02281	0.05176	0.04739	0.39838	0.10885	0.06718	0.01831	0.03860	0.01303	0.01736	0.01095	0.00788	0.00803	0.00206	0.07322	0.03621	0.00390	0.00844
1	0.01437	0.01332	0.02195	0.56827	0.17818	0.01571	0.01910	0.05194	0.01498	0.01972	0.01251	0.01789	0.00958	0.00676	0.00683	0.00222	0.00884	0.00609	0.00330	0.00844
2	0.16685	0.01305	0.01591	0.17316	0.04717	0.01419	0.01164	0.14515	0.04004	0.15351	0.01696	0.02112	0.01326	0.10755	0.01004	0.00272	0.00692	0.00632	0.00527	0.02917
3	0.12757	0.01159	0.01450	0.04522	0.01756	0.01093	0.00972	0.02890	0.05143	0.50161	0.02795	0.02547	0.07920	0.00897	0.00665	0.00215	0.00567	0.00716	0.00740	0.01033
4	0.01109	0.00685	0.00882	0.00947	0.01032	0.00649	0.00651	0.01226	0.01305	0.08086	0.03199	0.42152	0.03630	0.23011	0.01606	0.00385	0.00512	0.07764	0.00591	0.00578
5	0.01602	0.01469	0.01955	0.12333	0.16961	0.08632	0.04528	0.05266	0.06742	0.02000	0.04821	0.01964	0.01386	0.01138	0.01282	0.16841	0.09272	0.00641	0.00388	0.00781
6	0.01185	0.00813	0.01080	0.01066	0.01232	0.00867	0.00808	0.01565	0.08341	0.07120	0.04675	0.14868	0.05989	0.09159	0.34293	0.00674	0.01112	0.03956	0.00519	0.00677
7	0.01497	0.01497	0.02095	0.01796	0.01796	0.02095	0.01497	0.01646	0.01048	0.01646	0.00898	0.01497	0.00898	0.01197	0.02245	0.00299	0.74704	0.00599	0.00299	0.00748
8	0.01403	0.00845	0.01048	0.00950	0.01207	0.00790	0.00740	0.01818	0.07229	0.15167	0.36601	0.04648	0.15230	0.01311	0.00768	0.00221	0.00406	0.04392	0.04465	0.00762
9	0.10896	0.01023	0.01172	0.01045	0.01343	0.01042	0.00802	0.02232	0.16480	0.17628	0.13988	0.07037	0.08748	0.05141	0.01026	0.07540	0.00499	0.00900	0.00647	0.00810
10	0.05850	0.01362	0.01496	0.01307	0.01686	0.01493	0.01023	0.15569	0.33916	0.11850	0.02629	0.14431	0.02201	0.01085	0.00709	0.00231	0.00562	0.00908	0.00689	0.01004
11	0.00895	0.00665	0.00837	0.00934	0.01048	0.00615	0.00687	0.01076	0.01460	0.01900	0.10540	0.38515	0.19649	0.04661	0.00962	0.00283	0.00431	0.13629	0.00637	0.00577
12	0.11678	0.00931	0.01062	0.00996	0.01240	0.00935	0.00746	0.03728	0.07597	0.14269	0.09412	0.21371	0.07463	0.10019	0.01045	0.00285	0.00493	0.02866	0.03117	0.00746
13	0.07565	0.00874	0.01022	0.01009	0.01217	0.00863	0.00754	0.07411	0.03467	0.08150	0.10101	0.35514	0.12878	0.01626	0.00789	0.00249	0.00456	0.04696	0.00653	0.00704
14	0.01570	0.00933	0.01131	0.00995	0.01286	0.00888	0.00773	0.06366	0.07338	0.17867	0.28186	0.08351	0.16064	0.01283	0.00756	0.00220	0.00434	0.01095	0.03653	0.00811
15	0.01971	0.01176	0.01398	0.01224	0.01587	0.01206	0.00961	0.07290	0.25160	0.24672	0.06308	0.14678	0.04937	0.01173	0.00738	0.00233	0.00531	0.03050	0.00732	0.00976
16	0.01103	0.00720	0.00847	0.00824	0.00963	0.00696	0.00582	0.01397	0.04775	0.04217	0.26868	0.10425	0.08774	0.18590	0.01362	0.00316	0.00427	0.01107	0.15395	0.00613
17	0.00930	0.00682	0.00805	0.00791	0.00916	0.00629	0.00547	0.01111	0.01535	0.02057	0.31746	0.09020	0.21069	0.23353	0.01594	0.00354	0.00432	0.01254	0.00619	0.00557
18	0.12093	0.00886	0.00980	0.00976	0.01170	0.00911	0.00710	0.03673	0.09701	0.04453	0.11803	0.31812	0.09515	0.07021	0.00957	0.00275	0.00455	0.01305	0.00620	0.00685
19	0.00977	0.00733	0.01100	0.01100	0.01222	0.00855	0.00855	0.01222	0.01100	0.01588	0.01833	0.02688	0.01710	0.05131	0.73245	0.01100	0.01833	0.00733	0.00367	0.00611
20	0.01419	0.01216	0.01419	0.01013	0.01621	0.00912	0.00811	0.01723	0.01419	0.02229	0.01216	0.01419	0.01013	0.00507	0.00507	0.00101	0.00507	0.00405	0.00405	0.80139
21	0.01321	0.00788	0.00965	0.00881	0.01138	0.00692	0.00681	0.01570	0.01770	0.16015	0.29509	0.07121	0.30117	0.01452	0.00790	0.00225	0.00394	0.03132	0.00720	0.00719
22	0.02077	0.01245	0.01361	0.01109	0.01482	0.01309	0.00895	0.30216	0.02253	0.12868	0.02049	0.02140	0.01498	0.00814	0.00593	0.00186	0.00537	0.00635	0.35801	0.00930
23	0.00850	0.00614	0.00809	0.00959	0.01017	0.00573	0.00661	0.00986	0.01342	0.01773	0.03934	0.67106	0.08163	0.02104	0.00875	0.00278	0.00410	0.06351	0.00635	0.00562
24	0.01626	0.00855	0.01126	0.01005	0.01287	0.00769	0.00802	0.01915	0.01862	0.24276	0.35249	0.04705	0.11036	0.01319	0.00787	0.00228	0.00444	0.09155	0.00756	0.00799
25	0.00848	0.00604	0.00797	0.00938	0.00982	0.00565	0.00625	0.00971	0.01326	0.01775	0.07000	0.68717	0.04523	0.05587	0.00993	0.00293	0.00406	0.01865	0.00630	0.00553
26	0.16947	0.02095	0.04225	0.01615	0.04380	0.24783	0.03466	0.10068	0.01776	0.11392	0.01357	0.01529	0.01040	0.00947	0.03761	0.00245	0.08504	0.00528	0.00460	0.00884
27	0.02308	0.05283	0.07623	0.01636	0.02068	0.19996	0.01401	0.24200	0.02128	0.10624	0.01415	0.01552	0.01068	0.00842	0.00946	0.00215	0.14671	0.00557	0.00499	0.00968
28	0.01445	0.00881	0.01069	0.00937	0.01217	0.00811	0.00730	0.06989	0.01937	0.15567	0.35134	0.04725	0.23168	0.01343	0.00775	0.00218	0.00412	0.01143	0.00732	0.00765
29	0.15444	0.05909	0.11507	0.11413	0.10126	0.03861	0.04681	0.11876	0.01763	0.14888	0.01492	0.01643	0.01073	0.00701	0.00625	0.00209	0.00780	0.00560	0.00479	0.00970
30	0.02289	0.01641	0.01810	0.01424	0.01872	0.01787	0.01148	0.53842	0.02709	0.03643	0.01540	0.01715	0.01162	0.01099	0.01048	0.15105	0.00713	0.00603	0.00601	0.04249
31	0.12901	0.01699	0.02273	0.16788	0.22587	0.07744	0.07745	0.13731	0.01800	0.04455	0.01315	0.01621	0.01011	0.00676	0.00651	0.00210	0.00843	0.00583	0.00419	0.00948

[dist]
# distance from previous block
# <min> <max>
5	44

[block]
# block no. 4 follows, 31 sequences, length 19
# corresponding to MSA columns:
# 332-350
name=unknown_E
#
# <colnr> <probs for GDERKNQSTAVLIFYWHMCP>
#	G	D	E	R	K	N	Q	S	T	A	V	L	I	F	Y	W	H	M	C	P
0	0.00973	0.00733	0.00915	0.01010	0.01111	0.00733	0.00702	0.01377	0.11611	0.01991	0.09003	0.59088	0.04317	0.01904	0.00842	0.00266	0.00412	0.01715	0.00654	0.00641
1	0.01601	0.01141	0.01275	0.01146	0.01433	0.01220	0.00866	0.10236	0.26677	0.08649	0.08331	0.12125	0.06261	0.11154	0.01093	0.00286	0.00531	0.00988	0.04123	0.00864
2	0.03768	0.00847	0.01061	0.00981	0.01225	0.00791	0.00749	0.03930	0.01698	0.19863	0.18508	0.19914	0.08343	0.04501	0.00870	0.00248	0.00455	0.04490	0.07000	0.00759
3	0.08380	0.05814	0.01827	0.01561	0.01840	0.43955	0.01206	0.02265	0.01601	0.01753	0.01146	0.01552	0.01028	0.05087	0.07273	0.00301	0.11799	0.00509	0.00352	0.00751
4	0.01388	0.03205	0.01133	0.01055	0.01236	0.08759	0.00773	0.01653	0.04623	0.08954	0.09803	0.30828	0.03237	0.06677	0.06424	0.00325	0.00636	0.01215	0.07387	0.00687
5	0.06730	0.00860	0.00979	0.00946	0.01150	0.00870	0.00706	0.05165	0.07315	0.06359	0.15874	0.21279	0.06880	0.05115	0.00856	0.00248	0.00437	0.03047	0.14478	0.00706
6	0.01287	0.00848	0.01046	0.00991	0.01197	0.00823	0.00737	0.05148	0.07684	0.09609	0.30281	0.23576	0.08827	0.03664	0.00875	0.00247	0.00422	0.01306	0.00705	0.00728
7	0.03574	0.00832	0.00966	0.00989	0.01161	0.00846	0.00717	0.02996	0.13450	0.04006	0.10118	0.38300	0.08983	0.01598	0.00772	0.00244	0.00420	0.01407	0.07924	0.00699
8	0.04539	0.00703	0.00867	0.00889	0.01022	0.00660	0.00627	0.01219	0.01446	0.06350	0.17353	0.31423	0.13879	0.07682	0.01181	0.07134	0.00430	0.01390	0.00616	0.00590
9	0.01846	0.01391	0.01508	0.01269	0.01661	0.01492	0.01016	0.32178	0.14774	0.04882	0.05691	0.07146	0.17251	0.01173	0.00738	0.00224	0.00582	0.03548	0.00677	0.00949
10	0.15652	0.01634	0.01766	0.01375	0.01898	0.01752	0.01136	0.42111	0.02570	0.20685	0.01787	0.01722	0.01223	0.00797	0.00642	0.00208	0.00674	0.00593	0.00681	0.01094
11	0.00971	0.00726	0.00961	0.04837	0.01292	0.00722	0.00794	0.01257	0.04921	0.01965	0.11901	0.41300	0.07185	0.04980	0.00967	0.00286	0.00473	0.13226	0.00625	0.00612
12	0.01313	0.00776	0.00970	0.00946	0.01133	0.00720	0.00698	0.01526	0.04211	0.13581	0.09777	0.21017	0.17708	0.09889	0.01253	0.06650	0.00479	0.06061	0.00632	0.00660
13	0.08331	0.01293	0.01515	0.01206	0.01659	0.01287	0.00978	0.19983	0.04139	0.34889	0.05942	0.02525	0.05427	0.03945	0.00786	0.00228	0.00590	0.00726	0.03526	0.01024
14	0.00922	0.00627	0.00817	0.00941	0.01017	0.00576	0.00640	0.01052	0.01358	0.04611	0.04003	0.66527	0.10247	0.02055	0.00860	0.00271	0.00400	0.01850	0.00644	0.00582
15	0.04317	0.01473	0.01776	0.01414	0.01842	0.01578	0.03792	0.30270	0.05875	0.20208	0.02031	0.05550	0.01541	0.02724	0.00871	0.00228	0.06548	0.00717	0.06223	0.01022
16	0.13080	0.01011	0.01057	0.00953	0.01243	0.04155	0.00739	0.01816	0.04625	0.13898	0.26918	0.06272	0.19142	0.01244	0.00720	0.00219	0.00454	0.01033	0.00669	0.00752
17	0.00994	0.00667	0.00766	0.00766	0.00772	0.00674	0.00439	0.01007	0.01001	0.01341	0.02138	0.04379	0.02444	0.72058	0.07322	0.00687	0.00728	0.00980	0.00412	0.00425
18	0.09729	0.06591	0.02011	0.01709	0.08434	0.03350	0.03156	0.22160	0.01981	0.10725	0.04365	0.03974	0.01517	0.00928	0.00930	0.00225	0.13270	0.03458	0.00535	0.00951

[dist]
# distance from previous block
# <min> <max>
3	13

[block]
# block no. 5 follows, 31 sequences, length 34
# corresponding to MSA columns:
# 364-397
name=unknown_F
#
# <colnr> <probs for GDERKNQSTAVLIFYWHMCP>
#	G	D	E	R	K	N	Q	S	T	A	V	L	I	F	Y	W	H	M	C	P
0	0.01703	0.23726	0.10823	0.01366	0.01851	0.08748	0.01259	0.07466	0.11870	0.02207	0.05900	0.08240	0.01752	0.00882	0.00683	0.00195	0.03926	0.00675	0.00455	0.06270
1	0.01173	0.00797	0.01184	0.05224	0.01385	0.00817	0.04929	0.01310	0.07989	0.01604	0.02202	0.19152	0.05064	0.01945	0.01756	0.40968	0.00585	0.00973	0.00432	0.00511
2	0.00977	0.00733	0.01100	0.01100	0.01222	0.00855	0.00855	0.01222	0.01100	0.01588	0.01833	0.02688	0.01710	0.05131	0.73245	0.01100	0.01833	0.00733	0.00367	0.00611
3	0.01738	0.01206	0.01451	0.01053	0.01646	0.00930	0.00848	0.02034	0.01523	0.15750	0.01503	0.01595	0.01145	0.00572	0.00542	0.00123	0.00521	0.00460	0.00491	0.64870
4	0.27274	0.02024	0.01797	0.01843	0.12050	0.23839	0.01281	0.05104	0.01530	0.02313	0.01054	0.01327	0.00881	0.00762	0.00860	0.00215	0.14161	0.00479	0.00378	0.00827
5	0.02559	0.03169	0.01947	0.01750	0.02115	0.68385	0.01320	0.07257	0.02025	0.01853	0.01097	0.01261	0.00900	0.00713	0.00621	0.00178	0.01201	0.00453	0.00375	0.00818
6	0.01419	0.00801	0.00966	0.00875	0.01140	0.00700	0.00668	0.01638	0.01691	0.19316	0.18614	0.09773	0.31611	0.04563	0.00887	0.00243	0.00416	0.01210	0.02739	0.00729
7	0.01000	0.00767	0.01143	0.01130	0.01247	0.00910	0.00883	0.01240	0.01097	0.01591	0.01791	0.02635	0.01674	0.04957	0.70112	0.01064	0.05048	0.00727	0.00364	0.00617
8	0.29567	0.01295	0.01592	0.22313	0.06748	0.01462	0.01246	0.05770	0.01493	0.09777	0.05258	0.01763	0.01275	0.00742	0.00657	0.00215	0.03773	0.00560	0.00455	0.04039
9	0.01835	0.01487	0.02177	0.11982	0.32280	0.01533	0.01611	0.08206	0.12255	0.09578	0.01675	0.01875	0.01278	0.00700	0.00666	0.00202	0.00725	0.00623	0.00477	0.08836
10	0.01433	0.01165	0.01303	0.01241	0.01513	0.01292	0.00958	0.04718	0.40113	0.02532	0.07543	0.13317	0.02964	0.06346	0.00951	0.00277	0.00535	0.10259	0.00663	0.00877
11	0.02265	0.01628	0.01750	0.01390	0.01840	0.01795	0.01129	0.50898	0.08118	0.03775	0.01789	0.01866	0.01320	0.00914	0.00769	0.04719	0.00667	0.00630	0.11703	0.01035
12	0.07290	0.05900	0.01151	0.00950	0.01128	0.00912	0.00721	0.03301	0.01366	0.04195	0.15716	0.06501	0.09002	0.02156	0.11659	0.25447	0.00694	0.00855	0.00483	0.00576
13	0.00886	0.00720	0.00791	0.00794	0.00998	0.00641	0.00593	0.01159	0.04495	0.02053	0.18390	0.12847	0.48131	0.01680	0.00813	0.00235	0.00363	0.03140	0.00660	0.00611
14	0.00871	0.00622	0.00822	0.00924	0.00992	0.00581	0.00631	0.01036	0.01452	0.01974	0.20022	0.56391	0.04929	0.04181	0.00936	0.00274	0.00387	0.01746	0.00657	0.00573
15	0.01202	0.00710	0.00898	0.00911	0.01037	0.00656	0.00626	0.01335	0.01401	0.11791	0.09418	0.36073	0.09108	0.19860	0.01472	0.00353	0.00478	0.01432	0.00622	0.00618
16	0.01056	0.00746	0.00899	0.00866	0.01034	0.00695	0.00629	0.04159	0.01707	0.04543	0.33923	0.15303	0.19580	0.10435	0.01127	0.00281	0.00406	0.01311	0.00670	0.00629
17	0.01199	0.00766	0.00978	0.00997	0.01132	0.00740	0.00710	0.05159	0.03314	0.08052	0.13589	0.42938	0.04028	0.07185	0.01096	0.03512	0.00458	0.02851	0.00646	0.00650
18	0.04077	0.01099	0.01250	0.01124	0.01436	0.01125	0.00900	0.14671	0.10039	0.09923	0.09629	0.05846	0.17837	0.05540	0.00923	0.00262	0.00542	0.12292	0.00664	0.00820
19	0.01060	0.00764	0.00926	0.00940	0.01108	0.00722	0.00698	0.05830	0.01664	0.03874	0.18713	0.29097	0.20613	0.03928	0.00910	0.00261	0.00426	0.07164	0.00662	0.00639
20	0.01211	0.00809	0.01020	0.00954	0.01150	0.00769	0.00716	0.06839	0.01907	0.07356	0.45674	0.18252	0.07731	0.01470	0.00802	0.00227	0.00390	0.01294	0.00727	0.00703
21	0.01562	0.01613	0.02178	0.01846	0.01898	0.06103	0.04681	0.01734	0.01125	0.01674	0.00930	0.01498	0.00904	0.01140	0.02085	0.00289	0.67077	0.00600	0.00305	0.00759
22	0.04887	0.00743	0.00952	0.00951	0.01063	0.00771	0.00669	0.01298	0.01184	0.07357	0.02389	0.18983	0.02530	0.27233	0.25224	0.00663	0.00973	0.01062	0.00482	0.00585
23	0.01199	0.00775	0.00945	0.00902	0.01085	0.00721	0.00656	0.04537	0.01668	0.09180	0.25144	0.20033	0.17307	0.11330	0.01155	0.00290	0.00434	0.01313	0.00667	0.00659
24	0.07095	0.01440	0.01685	0.01317	0.01816	0.01462	0.01081	0.28838	0.04218	0.34906	0.07229	0.02203	0.01793	0.00868	0.00681	0.00210	0.00625	0.00685	0.00749	0.01100
25	0.02696	0.01208	0.01558	0.01248	0.01730	0.01142	0.01015	0.03303	0.16015	0.54787	0.02678	0.02391	0.01776	0.01053	0.03891	0.00255	0.00629	0.00708	0.00795	0.01123
26	0.05681	0.00771	0.00936	0.00870	0.01084	0.00717	0.00661	0.01494	0.01784	0.09469	0.44749	0.08630	0.13414	0.01351	0.00759	0.00217	0.00367	0.01166	0.05193	0.00688
27	0.04248	0.00699	0.00841	0.00848	0.01006	0.00646	0.00620	0.01171	0.01670	0.02319	0.37900	0.22371	0.19930	0.01621	0.00807	0.00234	0.00355	0.01418	0.00685	0.00613
28	0.01685	0.01322	0.01517	0.12154	0.02036	0.05385	0.01126	0.19698	0.07897	0.04995	0.13096	0.07955	0.02580	0.02705	0.03458	0.00265	0.00696	0.06391	0.04189	0.00848
29	0.01311	0.01144	0.01789	0.21363	0.17327	0.01238	0.04420	0.01781	0.07221	0.02064	0.10721	0.05770	0.02189	0.10145	0.05438	0.00326	0.00777	0.00824	0.03366	0.00786
30	0.02023	0.01052	0.01377	0.01233	0.04324	0.00953	0.00914	0.02390	0.08063	0.32483	0.04868	0.15090	0.04321	0.01174	0.00839	0.05633	0.00531	0.00908	0.00672	0.11156
31	0.08388	0.01365	0.01525	0.01401	0.06325	0.05346	0.01023	0.20071	0.02074	0.16870	0.13240	0.06745	0.04889	0.03441	0.00864	0.03455	0.00618	0.00817	0.00636	0.00905
32	0.07693	0.01521	0.05419	0.13664	0.21268	0.01512	0.05358	0.10763	0.01678	0.09427	0.01503	0.01921	0.01193	0.05492	0.03816	0.00275	0.03143	0.00629	0.00440	0.03284
33	0.01355	0.00958	0.01321	0.11507	0.04721	0.01038	0.00978	0.08396	0.01414	0.01944	0.05996	0.04238	0.04531	0.04822	0.01631	0.29467	0.04811	0.02804	0.04905	0.03164

[dist]
# distance from previous block
# <min> <max>
7	29

[block]
# block no. 6 follows, 31 sequences, length 14
# corresponding to MSA columns:
# 427-440
name=unknown_G
#
# <colnr> <probs for GDERKNQSTAVLIFYWHMCP>
#	G	D	E	R	K	N	Q	S	T	A	V	L	I	F	Y	W	H	M	C	P
0	0.07928	0.10147	0.06259	0.04396	0.01918	0.01566	0.04571	0.12701	0.05958	0.04879	0.04282	0.01926	0.01416	0.03673	0.06333	0.00277	0.05538	0.00598	0.03041	0.12594
1	0.04309	0.14807	0.01761	0.04992	0.01629	0.01336	0.03738	0.05669	0.03749	0.09839	0.04710	0.04587	0.03784	0.21555	0.01402	0.00316	0.00649	0.00745	0.00481	0.09942
2	0.01052	0.00902	0.01054	0.04824	0.01340	0.00910	0.00767	0.01419	0.08061	0.01970	0.09313	0.04747	0.38308	0.06176	0.03950	0.00288	0.06808	0.01117	0.00562	0.06432
3	0.01493	0.01448	0.06729	0.01207	0.01823	0.01088	0.04416	0.07495	0.01591	0.02380	0.01566	0.01736	0.04761	0.00613	0.00563	0.00132	0.00588	0.00506	0.00430	0.59436
4	0.00981	0.00705	0.00907	0.01019	0.01104	0.00686	0.00716	0.05964	0.01467	0.01954	0.03606	0.65389	0.04239	0.02029	0.00865	0.00275	0.00439	0.06411	0.00638	0.00605
5	0.01738	0.15107	0.16648	0.02135	0.05425	0.08170	0.22638	0.06495	0.01599	0.02109	0.01200	0.01520	0.00955	0.00702	0.00871	0.00215	0.10618	0.00593	0.00342	0.00920
6	0.01821	0.33184	0.10057	0.01360	0.01855	0.13410	0.01263	0.04593	0.07292	0.04849	0.01568	0.08558	0.01418	0.01067	0.04712	0.00237	0.00852	0.00621	0.00409	0.00872
7	0.01020	0.00752	0.01020	0.01054	0.01180	0.00801	0.00803	0.04013	0.01320	0.01795	0.02857	0.19389	0.07525	0.08866	0.34939	0.00689	0.01130	0.09743	0.00495	0.00608
8	0.07332	0.10433	0.25246	0.07301	0.02493	0.10395	0.03898	0.09917	0.04621	0.04042	0.01298	0.01494	0.00983	0.00702	0.00682	0.00203	0.03928	0.00519	0.00391	0.04122
9	0.04416	0.08891	0.10303	0.01441	0.01915	0.04481	0.01323	0.19498	0.05412	0.05060	0.01905	0.02854	0.01694	0.00995	0.00786	0.00221	0.05535	0.14576	0.00522	0.08172
10	0.08171	0.07326	0.11120	0.01300	0.01735	0.01435	0.01184	0.06684	0.15739	0.11046	0.07290	0.06261	0.05014	0.01300	0.05996	0.00287	0.03759	0.02892	0.00561	0.00902
11	0.12066	0.01642	0.06715	0.04636	0.01935	0.06318	0.01169	0.15883	0.03878	0.13056	0.01728	0.07949	0.01412	0.00859	0.00716	0.00202	0.04657	0.00658	0.00536	0.13984
12	0.02048	0.04135	0.07869	0.03687	0.01934	0.07388	0.01188	0.21226	0.04540	0.13798	0.09754	0.02244	0.01877	0.04817	0.00810	0.00218	0.00701	0.00667	0.00583	0.10515
13	0.13197	0.10791	0.04729	0.01325	0.01795	0.11145	0.01132	0.21637	0.04913	0.02823	0.04754	0.02209	0.04908	0.00856	0.00620	0.00197	0.00718	0.04479	0.00515	0.07256

[dist]
# distance from previous block
# <min> <max>
40	110

[block]
# block no. 7 follows, 31 sequences, length 85
# corresponding to MSA columns:
# 558-642
name=unknown_H
#
# <colnr> <probs for GDERKNQSTAVLIFYWHMCP>
#	G	D	E	R	K	N	Q	S	T	A	V	L	I	F	Y	W	H	M	C	P
0	0.01049	0.00697	0.00843	0.00872	0.00933	0.00685	0.00564	0.01195	0.03665	0.04090	0.07587	0.24601	0.03358	0.41684	0.02262	0.00478	0.00555	0.03820	0.00534	0.00529
1	0.44683	0.01451	0.01479	0.01300	0.04446	0.01628	0.03368	0.18248	0.01703	0.05532	0.01292	0.01583	0.01029	0.06014	0.00802	0.00246	0.03333	0.00518	0.00490	0.00855
2	0.07361	0.01493	0.04457	0.14546	0.02342	0.04835	0.03688	0.08400	0.15187	0.10341	0.03785	0.02197	0.01545	0.01051	0.04246	0.00263	0.05509	0.02526	0.02301	0.03926
3	0.03227	0.00789	0.00972	0.00905	0.01110	0.00714	0.00655	0.01451	0.01557	0.10628	0.24322	0.19044	0.09368	0.13849	0.01217	0.00294	0.00450	0.01200	0.00635	0.07615
4	0.04809	0.00968	0.01152	0.00978	0.01238	0.00932	0.00713	0.07791	0.01582	0.22719	0.07419	0.03338	0.02292	0.33412	0.01884	0.00401	0.00599	0.00832	0.03296	0.03646
5	0.07812	0.01915	0.09166	0.08091	0.07702	0.10462	0.01406	0.22496	0.04740	0.10625	0.01708	0.05826	0.01337	0.00827	0.00659	0.00210	0.00783	0.00653	0.02601	0.00979
6	0.01230	0.00859	0.00965	0.00926	0.01120	0.03297	0.00675	0.01524	0.05609	0.09478	0.21689	0.18127	0.19646	0.10400	0.01113	0.00283	0.00455	0.01277	0.00656	0.00671
7	0.00985	0.00743	0.00910	0.00889	0.01058	0.00705	0.00659	0.01365	0.06704	0.02424	0.44038	0.13096	0.16122	0.04354	0.00912	0.00246	0.00372	0.03070	0.00701	0.00647
8	0.01061	0.00751	0.00902	0.00887	0.00945	0.00787	0.00579	0.04392	0.01174	0.01583	0.02388	0.11543	0.04918	0.49324	0.13338	0.00640	0.02785	0.01043	0.00449	0.00510
9	0.09641	0.04455	0.05543	0.15410	0.04817	0.14346	0.06444	0.06172	0.01517	0.02081	0.01154	0.01543	0.00950	0.00955	0.03906	0.00257	0.16057	0.00552	0.00357	0.03842
10	0.01127	0.00776	0.00915	0.00929	0.01093	0.00763	0.00688	0.01510	0.09414	0.04320	0.11161	0.18936	0.15474	0.08848	0.01112	0.03322	0.00452	0.08386	0.10129	0.00644
11	0.01251	0.00938	0.01097	0.01112	0.01307	0.00986	0.00808	0.02025	0.25964	0.05596	0.03489	0.43288	0.06107	0.01631	0.00799	0.00256	0.00455	0.01447	0.00667	0.00774
12	0.02483	0.02892	0.01916	0.01701	0.02081	0.56369	0.01301	0.13529	0.05392	0.02168	0.01303	0.01536	0.01066	0.00766	0.00640	0.00187	0.01107	0.02269	0.00430	0.00862
13	0.01068	0.00746	0.01030	0.01010	0.01133	0.00804	0.00757	0.04135	0.01269	0.01753	0.08290	0.05965	0.07635	0.06549	0.39601	0.15183	0.01209	0.00861	0.00435	0.00569
14	0.01339	0.01127	0.01334	0.01012	0.01536	0.00866	0.00800	0.01629	0.01436	0.02202	0.04314	0.08078	0.01639	0.00733	0.00566	0.00129	0.00495	0.03108	0.00447	0.67210
15	0.00947	0.00741	0.01119	0.01159	0.01284	0.00698	0.06519	0.01143	0.01396	0.01843	0.03697	0.53694	0.07400	0.01945	0.00877	0.00278	0.00500	0.13549	0.00610	0.00601
16	0.00944	0.00647	0.00787	0.00855	0.00880	0.00633	0.00540	0.01008	0.01147	0.01526	0.02835	0.30273	0.03318	0.44427	0.02373	0.00501	0.00565	0.05752	0.00508	0.00480
17	0.01001	0.00701	0.00878	0.00938	0.01082	0.00648	0.00707	0.01198	0.01510	0.04615	0.13084	0.26685	0.20759	0.07403	0.01054	0.00293	0.00453	0.15748	0.00641	0.00601
18	0.00948	0.00701	0.00978	0.01006	0.01115	0.00753	0.00752	0.01153	0.01232	0.01708	0.07579	0.15708	0.07069	0.10283	0.42551	0.00776	0.01242	0.03390	0.00470	0.00585
19	0.00947	0.00692	0.00875	0.00962	0.01061	0.00668	0.00686	0.03527	0.01413	0.01861	0.05405	0.44975	0.12708	0.08422	0.05557	0.00355	0.00536	0.08163	0.00604	0.00582
20	0.05196	0.00794	0.00950	0.00933	0.01076	0.00771	0.00645	0.03809	0.01365	0.11728	0.02931	0.27780	0.05711	0.29030	0.01780	0.00404	0.00546	0.03354	0.00575	0.00624
21	0.01137	0.00788	0.00971	0.00908	0.01108	0.00748	0.00685	0.01544	0.07253	0.06672	0.46762	0.04981	0.14088	0.06040	0.00963	0.00250	0.00390	0.03312	0.00713	0.00687
22	0.01521	0.26895	0.02138	0.01263	0.01579	0.08735	0.01073	0.01888	0.07203	0.01717	0.01472	0.01908	0.01320	0.02511	0.30107	0.00554	0.06411	0.00573	0.00363	0.00770
23	0.01334	0.00844	0.00951	0.00937	0.01137	0.03192	0.00716	0.01641	0.04240	0.10081	0.11489	0.16903	0.12090	0.03492	0.00808	0.00238	0.00453	0.08998	0.19763	0.00691
24	0.11789	0.01032	0.01128	0.01001	0.01308	0.01055	0.00773	0.04288	0.14685	0.10336	0.18526	0.05798	0.07629	0.04725	0.00804	0.00231	0.00464	0.00880	0.08636	0.04913
25	0.00999	0.00811	0.00897	0.00876	0.01101	0.00771	0.00671	0.01459	0.11336	0.02185	0.19930	0.05720	0.39723	0.03963	0.00890	0.00249	0.00402	0.06691	0.00662	0.00663
26	0.80789	0.01323	0.01006	0.00900	0.01323	0.01535	0.00741	0.02011	0.01164	0.03070	0.00953	0.01111	0.00741	0.00635	0.00423	0.00212	0.00529	0.00370	0.00423	0.00741
27	0.00889	0.00650	0.00790	0.00843	0.00935	0.00606	0.00571	0.01030	0.01388	0.01833	0.14980	0.32659	0.17947	0.18179	0.03234	0.00363	0.00469	0.01490	0.00599	0.00545
28	0.03015	0.01176	0.01586	0.01224	0.01748	0.01033	0.01009	0.03346	0.04682	0.69406	0.02702	0.02338	0.01709	0.00850	0.00688	0.00213	0.00581	0.00691	0.00841	0.01161
29	0.00944	0.00698	0.00881	0.00835	0.01007	0.00635	0.00627	0.01244	0.01880	0.02608	0.61607	0.05333	0.16260	0.01449	0.00807	0.00218	0.00326	0.01268	0.00735	0.00635
30	0.80789	0.01323	0.01006	0.00900	0.01323	0.01535	0.00741	0.02011	0.01164	0.03070	0.00953	0.01111	0.00741	0.00635	0.00423	0.00212	0.00529	0.00370	0.00423	0.00741
31	0.02469	0.03083	0.01851	0.01687	0.02026	0.68308	0.01265	0.02655	0.01905	0.01734	0.01137	0.01323	0.00940	0.00711	0.00608	0.00175	0.01172	0.00454	0.05715	0.00783
32	0.00872	0.00648	0.00900	0.07164	0.01307	0.00637	0.00742	0.01020	0.01315	0.01747	0.03554	0.69271	0.04219	0.02020	0.00857	0.00274	0.00441	0.01832	0.00607	0.00573
33	0.00924	0.00636	0.00780	0.00858	0.00882	0.00617	0.00539	0.00989	0.01159	0.01544	0.02951	0.37491	0.03478	0.39392	0.02192	0.00474	0.00539	0.03547	0.00524	0.00487
34	0.74209	0.01310	0.01055	0.00927	0.01359	0.01490	0.00763	0.02123	0.01232	0.08919	0.01100	0.01214	0.00822	0.00653	0.00446	0.00212	0.00534	0.00397	0.00459	0.00777
35	0.01684	0.04555	0.07238	0.03484	0.44830	0.03577	0.17698	0.02193	0.03964	0.02205	0.01340	0.01710	0.01082	0.00617	0.00696	0.00209	0.00903	0.00642	0.00348	0.01027
36	0.63026	0.04510	0.06386	0.01070	0.01527	0.05100	0.00951	0.02083	0.01250	0.04782	0.01025	0.01189	0.00795	0.00664	0.00524	0.00211	0.03313	0.00401	0.00413	0.00781
37	0.01451	0.01208	0.01825	0.07508	0.12628	0.02929	0.10967	0.03411	0.01627	0.08600	0.07293	0.11037	0.19155	0.01122	0.00746	0.00218	0.00649	0.01014	0.00527	0.06085
38	0.01273	0.01186	0.01973	0.65228	0.04300	0.01487	0.01795	0.01699	0.01333	0.01730	0.01256	0.01884	0.00979	0.01081	0.06890	0.00305	0.03926	0.00618	0.00309	0.00747
39	0.00916	0.00733	0.00877	0.00909	0.03783	0.00650	0.00640	0.01167	0.01731	0.02271	0.36018	0.05719	0.39048	0.01536	0.00803	0.00223	0.00354	0.01317	0.00677	0.00629
40	0.00994	0.00666	0.00761	0.00761	0.00765	0.00671	0.00432	0.01004	0.00999	0.01337	0.02142	0.04404	0.02456	0.73078	0.06317	0.00681	0.00711	0.00984	0.00413	0.00423
41	0.02556	0.03261	0.01939	0.01763	0.02115	0.73210	0.01322	0.02732	0.01939	0.01674	0.01058	0.01234	0.00881	0.00705	0.00617	0.00176	0.01234	0.00441	0.00353	0.00793
42	0.00846	0.00605	0.00786	0.00926	0.00969	0.00566	0.00612	0.00957	0.01292	0.01714	0.03744	0.67090	0.06687	0.08379	0.01092	0.00309	0.00418	0.01847	0.00616	0.00545
43	0.00834	0.00595	0.00794	0.00953	0.00992	0.00556	0.00635	0.00953	0.01310	0.01746	0.03771	0.75510	0.04525	0.02143	0.00873	0.00278	0.00397	0.01945	0.00635	0.00556
44	0.03070	0.01164	0.01588	0.01217	0.01746	0.01006	0.01006	0.03334	0.01958	0.72163	0.02699	0.02329	0.01694	0.00847	0.00688	0.00212	0.00582	0.00688	0.00847	0.01164
45	0.01497	0.01497	0.02095	0.01796	0.01796	0.02095	0.01497	0.01646	0.01048	0.01646	0.00898	0.01497	0.00898	0.01197	0.02245	0.00299	0.74704	0.00599	0.00299	0.00748
46	0.01181	0.00597	0.00885	0.00885	0.00885	0.00597	0.00587	0.00895	0.00895	0.01194	0.01227	0.02175	0.01240	0.05303	0.02706	0.76936	0.00597	0.00610	0.00302	0.00302
47	0.00809	0.00693	0.00693	0.00693	0.00924	0.00578	0.00520	0.00982	0.01559	0.01848	0.06931	0.06584	0.71411	0.01733	0.00809	0.00231	0.00347	0.01444	0.00635	0.00578
48	0.01693	0.01626	0.02777	0.04199	0.71689	0.01626	0.02100	0.02100	0.01558	0.02235	0.01287	0.01693	0.01084	0.00610	0.00677	0.00203	0.00813	0.00610	0.00339	0.01084
49	0.80789	0.01323	0.01006	0.00900	0.01323	0.01535	0.00741	0.02011	0.01164	0.03070	0.00953	0.01111	0.00741	0.00635	0.00423	0.00212	0.00529	0.00370	0.00423	0.00741
50	0.78123	0.01343	0.01041	0.00923	0.01350	0.01555	0.00760	0.04309	0.01234	0.03112	0.00976	0.01129	0.00755	0.00641	0.00432	0.00211	0.00537	0.00379	0.00432	0.00755
51	0.00955	0.00699	0.00896	0.00847	0.01014	0.00640	0.00635	0.01265	0.01905	0.02668	0.65876	0.05235	0.11955	0.01427	0.00807	0.00217	0.00325	0.01255	0.00743	0.00640
52	0.00995	0.00663	0.00746	0.00746	0.00746	0.00663	0.00415	0.00995	0.00995	0.01327	0.02156	0.04477	0.02487	0.75957	0.03482	0.00663	0.00663	0.00995	0.00415	0.00415
53	0.00921	0.00671	0.00774	0.00781	0.00882	0.00624	0.00518	0.01051	0.01388	0.01824	0.18765	0.13280	0.22031	0.31352	0.01883	0.00406	0.00474	0.01276	0.00573	0.00525
54	0.01248	0.00923	0.01051	0.01012	0.01228	0.00947	0.00750	0.05712	0.17279	0.04223	0.14693	0.23183	0.13629	0.04336	0.00870	0.00251	0.00441	0.01250	0.06229	0.00745
55	0.00834	0.00595	0.00794	0.00953	0.00992	0.00556	0.00635	0.00953	0.01310	0.01746	0.03771	0.75510	0.04525	0.02143	0.00873	0.00278	0.00397	0.01945	0.00635	0.00556
56	0.80789	0.01323	0.01006	0.00900	0.01323	0.01535	0.00741	0.02011	0.01164	0.03070	0.00953	0.01111	0.00741	0.00635	0.00423	0.00212	0.00529	0.00370	0.00423	0.00741
57	0.00907	0.00701	0.00822	0.00833	0.00996	0.00640	0.00603	0.01175	0.04120	0.02140	0.27297	0.20824	0.30045	0.04634	0.00924	0.00253	0.00369	0.01442	0.00668	0.00607
58	0.00958	0.00705	0.00884	0.00895	0.01037	0.00657	0.00648	0.03503	0.01717	0.02339	0.37318	0.29263	0.14164	0.01677	0.00826	0.00238	0.00366	0.01485	0.00695	0.00624
59	0.02613	0.01847	0.02004	0.01542	0.02084	0.02025	0.01272	0.62619	0.04874	0.09483	0.01753	0.01719	0.01228	0.00826	0.00685	0.00207	0.00734	0.00626	0.00697	0.01161
60	0.00840	0.00598	0.00792	0.00944	0.00983	0.00560	0.00626	0.00954	0.01297	0.01730	0.03706	0.72683	0.04444	0.05081	0.00977	0.00293	0.00408	0.01907	0.00626	0.00550
61	0.03021	0.01243	0.01636	0.01254	0.01786	0.01122	0.01036	0.10213	0.02089	0.65099	0.02589	0.02257	0.01638	0.00844	0.00688	0.00211	0.00600	0.00680	0.00830	0.01164
62	0.01292	0.01216	0.02052	0.74312	0.04712	0.01520	0.01900	0.01748	0.01368	0.01748	0.01216	0.01824	0.00912	0.00684	0.00684	0.00228	0.00912	0.00608	0.00304	0.00760
63	0.00977	0.00733	0.01100	0.01100	0.01222	0.00855	0.00855	0.01222	0.01100	0.01588	0.01833	0.02688	0.01710	0.05131	0.73245	0.01100	0.01833	0.00733	0.00367	0.00611
64	0.01320	0.00694	0.00712	0.00700	0.00874	0.00702	0.00536	0.04235	0.01510	0.02599	0.02265	0.02725	0.01819	0.00842	0.00505	0.00168	0.00348	0.03337	0.73452	0.00658
65	0.80789	0.01323	0.01006	0.00900	0.01323	0.01535	0.00741	0.02011	0.01164	0.03070	0.00953	0.01111	0.00741	0.00635	0.00423	0.00212	0.00529	0.00370	0.00423	0.00741
66	0.01060	0.00680	0.00818	0.00835	0.00911	0.00655	0.00552	0.01179	0.01293	0.04496	0.11744	0.18213	0.05617	0.37801	0.02101	0.00447	0.00528	0.04423	0.06113	0.00533
67	0.77681	0.01295	0.01001	0.00899	0.01306	0.01498	0.00735	0.01967	0.01154	0.02996	0.00962	0.01149	0.00758	0.00703	0.00511	0.03331	0.00532	0.00379	0.00418	0.00724
68	0.02163	0.01408	0.05427	0.06777	0.06152	0.01277	0.10352	0.10394	0.01914	0.30246	0.09009	0.04964	0.01990	0.01037	0.03482	0.00251	0.00751	0.00778	0.00631	0.00997
69	0.07016	0.01923	0.07476	0.02592	0.29857	0.10575	0.01641	0.11903	0.05187	0.05610	0.04239	0.01770	0.01315	0.00749	0.00751	0.00210	0.05142	0.00603	0.00446	0.00997
70	0.01481	0.01480	0.01789	0.12587	0.09466	0.12692	0.01366	0.01725	0.01301	0.01697	0.01313	0.01916	0.01181	0.02251	0.23917	0.02768	0.19381	0.00618	0.00334	0.00737
71	0.80789	0.01323	0.01006	0.00900	0.01323	0.01535	0.00741	0.02011	0.01164	0.03070	0.00953	0.01111	0.00741	0.00635	0.00423	0.00212	0.00529	0.00370	0.00423	0.00741
72	0.01182	0.00596	0.00887	0.00887	0.00887	0.00596	0.00588	0.00895	0.00895	0.01193	0.01220	0.02158	0.01231	0.04784	0.02700	0.77496	0.00596	0.00607	0.00301	0.00301
73	0.03031	0.01225	0.01626	0.01246	0.01777	0.01096	0.01030	0.08710	0.02061	0.66642	0.02613	0.02273	0.01650	0.00845	0.00688	0.00211	0.00596	0.00682	0.00834	0.01164
74	0.01188	0.00594	0.00891	0.00891	0.00891	0.00594	0.00594	0.00891	0.00891	0.01188	0.01188	0.02080	0.01188	0.02377	0.02674	0.80095	0.00594	0.00594	0.00297	0.00297
75	0.02556	0.03261	0.01939	0.01763	0.02115	0.73210	0.01322	0.02732	0.01939	0.01674	0.01058	0.01234	0.00881	0.00705	0.00617	0.00176	0.01234	0.00441	0.00353	0.00793
76	0.01765	0.01624	0.02332	0.28078	0.34793	0.09424	0.01852	0.02151	0.01568	0.07924	0.01356	0.01742	0.01053	0.00666	0.00674	0.00210	0.00874	0.00597	0.00371	0.00946
77	0.01040	0.00847	0.00999	0.01031	0.04530	0.00828	0.00724	0.01453	0.09144	0.02208	0.22499	0.07052	0.33729	0.04415	0.00936	0.00244	0.02993	0.01213	0.03439	0.00677
78	0.01311	0.00936	0.01035	0.00969	0.01235	0.00931	0.00737	0.04796	0.16707	0.07862	0.08851	0.14462	0.28762	0.01412	0.00753	0.00229	0.00429	0.01198	0.06620	0.00766
79	0.01099	0.00754	0.00930	0.00893	0.01069	0.00732	0.00658	0.01357	0.03878	0.06882	0.18336	0.07354	0.22194	0.14120	0.16203	0.00477	0.00725	0.01124	0.00587	0.00631
80	0.01436	0.03341	0.01771	0.01689	0.09827	0.01328	0.08202	0.05430	0.21225	0.02239	0.02265	0.13282	0.02113	0.10840	0.08767	0.00373	0.00783	0.00922	0.00516	0.03651
81	0.05790	0.01617	0.04825	0.11776	0.21057	0.07690	0.01507	0.11144	0.01808	0.12396	0.04116	0.04701	0.01550	0.00995	0.03491	0.00248	0.00817	0.03030	0.00493	0.00950
82	0.01833	0.06728	0.04178	0.14487	0.05717	0.15608	0.10438	0.11268	0.04543	0.02200	0.01551	0.01842	0.04460	0.00815	0.00897	0.00219	0.11308	0.00631	0.00403	0.00874
83	0.01586	0.09681	0.14964	0.04898	0.02407	0.07186	0.15167	0.06405	0.01605	0.02162	0.01544	0.10294	0.01390	0.00794	0.00658	0.00192	0.00831	0.00710	0.00398	0.17128
84	0.05439	0.10415	0.07704	0.03785	0.01793	0.06769	0.03574	0.10731	0.08100	0.02366	0.08905	0.13638	0.04055	0.06479	0.00882	0.00245	0.00676	0.00882	0.00513	0.03048

[dist]
# distance from previous block
# <min> <max>
1	14

[block]
# block no. 8 follows, 31 sequences, length 9
# corresponding to MSA columns:
# 657-665
name=unknown_I
#
# <colnr> <probs for GDERKNQSTAVLIFYWHMCP>
#	G	D	E	R	K	N	Q	S	T	A	V	L	I	F	Y	W	H	M	C	P
0	0.04075	0.01118	0.01399	0.13488	0.04289	0.03656	0.01047	0.08077	0.09428	0.05764	0.03979	0.10365	0.03913	0.03314	0.03644	0.19746	0.00689	0.00819	0.00482	0.00711
