[name]
unknown

[dist]
# distance from previous block
# <min> <max>
2	130

[block]
# block no. 0 follows, 31 sequences, length 69
# corresponding to MSA columns:
# 141-209
name=unknown_A
#
# <colnr> <probs for GDERKNQSTAVLIFYWHMCP>
#	G	D	E	R	K	N	Q	S	T	A	V	L	I	F	Y	W	H	M	C	P
0	0.20603	0.01617	0.05940	0.02026	0.20164	0.03843	0.01355	0.12674	0.01810	0.16691	0.03526	0.03949	0.01368	0.00769	0.00627	0.00210	0.00691	0.00616	0.00531	0.00990
1	0.01887	0.04184	0.01721	0.01447	0.05925	0.03705	0.03291	0.19374	0.02021	0.12318	0.08664	0.14392	0.02251	0.01013	0.00689	0.00199	0.00617	0.00862	0.00598	0.14842
2	0.02045	0.06136	0.06387	0.01783	0.11974	0.08992	0.01320	0.15485	0.06454	0.14316	0.04461	0.04844	0.04119	0.00934	0.00689	0.00212	0.00725	0.05519	0.02632	0.00972
3	0.09533	0.04421	0.08149	0.02112	0.15742	0.12058	0.08102	0.07361	0.08944	0.12323	0.01595	0.01713	0.01187	0.00704	0.00646	0.00203	0.00821	0.00588	0.00480	0.03317
4	0.07780	0.04056	0.01710	0.01501	0.05860	0.17186	0.01119	0.15572	0.04448	0.09733	0.14068	0.02369	0.04414	0.00906	0.00724	0.00202	0.03572	0.00695	0.00563	0.03522
5	0.02064	0.03966	0.02246	0.01866	0.08338	0.01788	0.10875	0.38803	0.04584	0.03340	0.04561	0.06851	0.03683	0.00893	0.00710	0.00211	0.00749	0.00771	0.00585	0.03116
6	0.02363	0.01666	0.01872	0.01556	0.04268	0.06805	0.03732	0.26934	0.13738	0.19512	0.02054	0.04126	0.01505	0.00840	0.00681	0.00206	0.00703	0.00680	0.00657	0.06102
7	0.01591	0.01521	0.02592	0.22119	0.54571	0.01599	0.02049	0.02010	0.01509	0.02111	0.01269	0.01727	0.01040	0.00629	0.00679	0.00210	0.00838	0.00609	0.00330	0.01001
8	0.02457	0.03054	0.01894	0.01720	0.02076	0.64956	0.01294	0.02836	0.09847	0.01811	0.01257	0.01386	0.01021	0.00731	0.00626	0.00183	0.01154	0.00479	0.00392	0.00827
9	0.01419	0.01216	0.01419	0.01013	0.01621	0.00912	0.00811	0.01723	0.01419	0.02229	0.01216	0.01419	0.01013	0.00507	0.00507	0.00101	0.00507	0.00405	0.00405	0.80139
10	0.02601	0.01916	0.02053	0.01574	0.02122	0.02122	0.01300	0.69408	0.03217	0.04312	0.01643	0.01643	0.01163	0.00821	0.00684	0.00205	0.00753	0.00616	0.00684	0.01163
11	0.02601	0.01916	0.02053	0.01574	0.02122	0.02122	0.01300	0.69408	0.03217	0.04312	0.01643	0.01643	0.01163	0.00821	0.00684	0.00205	0.00753	0.00616	0.00684	0.01163
12	0.01188	0.00594	0.00891	0.00891	0.00891	0.00594	0.00594	0.00891	0.00891	0.01188	0.01188	0.02080	0.01188	0.02377	0.02674	0.80095	0.00594	0.00594	0.00297	0.00297
13	0.01761	0.65471	0.13883	0.01287	0.01936	0.02540	0.01374	0.02066	0.01398	0.01693	0.00993	0.01149	0.00876	0.00595	0.00471	0.00157	0.00773	0.00387	0.00292	0.00898
14	0.01419	0.01216	0.01419	0.01013	0.01621	0.00912	0.00811	0.01723	0.01419	0.02229	0.01216	0.01419	0.01013	0.00507	0.00507	0.00101	0.00507	0.00405	0.00405	0.80139
15	0.01522	0.01804	0.07779	0.02591	0.03233	0.01589	0.56049	0.02072	0.01599	0.02164	0.01787	0.02566	0.03723	0.00751	0.00812	0.00238	0.01065	0.07391	0.00381	0.00887
16	0.01829	0.76368	0.03585	0.01171	0.01756	0.02707	0.01171	0.02049	0.01390	0.01610	0.00951	0.01097	0.00878	0.00585	0.00439	0.00146	0.00732	0.00366	0.00293	0.00878
17	0.01829	0.76368	0.03585	0.01171	0.01756	0.02707	0.01171	0.02049	0.01390	0.01610	0.00951	0.01097	0.00878	0.00585	0.00439	0.00146	0.00732	0.00366	0.00293	0.00878
18	0.00879	0.00670	0.00808	0.00828	0.00981	0.00599	0.00600	0.01097	0.01643	0.02177	0.31679	0.24186	0.27959	0.01708	0.00825	0.00237	0.00350	0.01494	0.00682	0.00599
19	0.00834	0.00595	0.00794	0.00953	0.00992	0.00556	0.00635	0.00953	0.01310	0.01746	0.03771	0.75510	0.04525	0.02143	0.00873	0.00278	0.00397	0.01945	0.00635	0.00556
20	0.00834	0.00595	0.00794	0.00953	0.00992	0.00556	0.00635	0.00953	0.01310	0.01746	0.03771	0.75510	0.04525	0.02143	0.00873	0.00278	0.00397	0.01945	0.00635	0.00556
21	0.01292	0.01216	0.02052	0.74312	0.04712	0.01520	0.01900	0.01748	0.01368	0.01748	0.01216	0.01824	0.00912	0.00684	0.00684	0.00228	0.00912	0.00608	0.00304	0.00760
22	0.01497	0.01497	0.02095	0.01796	0.01796	0.02095	0.01497	0.01646	0.01048	0.01646	0.00898	0.01497	0.00898	0.01197	0.02245	0.00299	0.74704	0.00599	0.00299	0.00748
23	0.00834	0.00595	0.00794	0.00953	0.00992	0.00556	0.00635	0.00953	0.01310	0.01746	0.03771	0.75510	0.04525	0.02143	0.00873	0.00278	0.00397	0.01945	0.00635	0.00556
24	0.01693	0.01626	0.02777	0.04199	0.71689	0.01626	0.02100	0.02100	0.01558	0.02235	0.01287	0.01693	0.01084	0.00610	0.00677	0.00203	0.00813	0.00610	0.00339	0.01084
25	0.01372	0.03539	0.72412	0.01950	0.02961	0.01589	0.02528	0.02167	0.01444	0.02167	0.01228	0.01444	0.00867	0.00650	0.00650	0.00217	0.01011	0.00506	0.00289	0.01011
26	0.00937	0.00698	0.00871	0.00828	0.01003	0.00632	0.00621	0.01231	0.01863	0.02568	0.58730	0.05399	0.19162	0.01464	0.00807	0.00218	0.00327	0.01278	0.00730	0.00632
27	0.01635	0.01586	0.02764	0.13385	0.58323	0.01618	0.06514	0.02059	0.01536	0.02168	0.01284	0.01721	0.01058	0.00617	0.00687	0.00208	0.00848	0.00622	0.00335	0.01030
28	0.01656	0.01591	0.02695	0.09099	0.63830	0.01639	0.02059	0.02055	0.01522	0.02174	0.01265	0.01694	0.01063	0.00641	0.00747	0.00209	0.04073	0.00609	0.00334	0.01046
29	0.00939	0.00671	0.00915	0.01073	0.01159	0.00647	0.00818	0.01135	0.01414	0.01864	0.03713	0.48943	0.04295	0.02044	0.00901	0.00292	0.00488	0.27472	0.00633	0.00585
30	0.80789	0.01323	0.01006	0.00900	0.01323	0.01535	0.00741	0.02011	0.01164	0.03070	0.00953	0.01111	0.00741	0.00635	0.00423	0.00212	0.00529	0.00370	0.00423	0.00741
31	0.01188	0.00594	0.00891	0.00891	0.00891	0.00594	0.00594	0.00891	0.00891	0.01188	0.01188	0.02080	0.01188	0.02377	0.02674	0.80095	0.00594	0.00594	0.00297	0.00297
32	0.01693	0.01626	0.02777	0.04199	0.71689	0.01626	0.02100	0.02100	0.01558	0.02235	0.01287	0.01693	0.01084	0.00610	0.00677	0.00203	0.00813	0.00610	0.00339	0.01084
33	0.01558	0.33085	0.44489	0.01634	0.02472	0.02042	0.01977	0.02119	0.01422	0.01941	0.01116	0.01304	0.00871	0.00624	0.00564	0.00188	0.00898	0.00449	0.00290	0.00957
34	0.00809	0.00693	0.00693	0.00693	0.00924	0.00578	0.00520	0.00982	0.01559	0.01848	0.06931	0.06584	0.71411	0.01733	0.00809	0.00231	0.00347	0.01444	0.00635	0.00578
35	0.02833	0.01543	0.01822	0.01397	0.01936	0.01568	0.01154	0.36639	0.02592	0.37962	0.02167	0.01983	0.01426	0.00834	0.00686	0.00208	0.00668	0.00652	0.00765	0.01164
36	0.01618	0.01837	0.03989	0.02933	0.06144	0.01726	0.66674	0.02188	0.01613	0.02193	0.01380	0.01840	0.01040	0.00578	0.00802	0.00230	0.01141	0.00800	0.00346	0.00929
37	0.00978	0.00730	0.01086	0.01086	0.01203	0.00848	0.00838	0.01213	0.01095	0.01578	0.01845	0.02757	0.01740	0.07860	0.70557	0.01083	0.01787	0.00743	0.00368	0.00603
38	0.00995	0.00663	0.00746	0.00746	0.00746	0.00663	0.00415	0.00995	0.00995	0.01327	0.02156	0.04477	0.02487	0.75957	0.03482	0.00663	0.00663	0.00995	0.00415	0.00415
39	0.01734	0.06679	0.04766	0.02133	0.14703	0.08439	0.12955	0.04308	0.12570	0.04186	0.03944	0.02116	0.01503	0.00763	0.00723	0.00202	0.03074	0.03556	0.00451	0.11193
40	0.02559	0.03163	0.01947	0.01749	0.02115	0.68044	0.01320	0.07577	0.02032	0.01866	0.01100	0.01263	0.00902	0.00713	0.00622	0.00178	0.01199	0.00453	0.00377	0.00820
41	0.01292	0.01216	0.02052	0.74312	0.04712	0.01520	0.01900	0.01748	0.01368	0.01748	0.01216	0.01824	0.00912	0.00684	0.00684	0.00228	0.00912	0.00608	0.00304	0.00760
42	0.01702	0.01470	0.01547	0.01392	0.01779	0.01702	0.01083	0.03635	0.70453	0.02862	0.02785	0.02553	0.02088	0.00928	0.00696	0.00232	0.00541	0.00773	0.00696	0.01083
43	0.01419	0.01216	0.01419	0.01013	0.01621	0.00912	0.00811	0.01723	0.01419	0.02229	0.01216	0.01419	0.01013	0.00507	0.00507	0.00101	0.00507	0.00405	0.00405	0.80139
44	0.02556	0.03261	0.01939	0.01763	0.02115	0.73210	0.01322	0.02732	0.01939	0.01674	0.01058	0.01234	0.00881	0.00705	0.00617	0.00176	0.01234	0.00441	0.00353	0.00793
45	0.03070	0.01164	0.01588	0.01217	0.01746	0.01006	0.01006	0.03334	0.01958	0.72163	0.02699	0.02329	0.01694	0.00847	0.00688	0.00212	0.00582	0.00688	0.00847	0.01164
46	0.01275	0.00638	0.00638	0.00638	0.00797	0.00638	0.00478	0.01594	0.01435	0.02551	0.02232	0.02551	0.01754	0.00797	0.00478	0.00159	0.00319	0.00638	0.79755	0.00638
47	0.01615	0.01845	0.04037	0.02884	0.03576	0.01730	0.69204	0.02191	0.01615	0.02191	0.01384	0.01845	0.01038	0.00577	0.00807	0.00231	0.01153	0.00807	0.00346	0.00923
48	0.00995	0.00663	0.00746	0.00746	0.00746	0.00663	0.00415	0.00995	0.00995	0.01327	0.02156	0.04477	0.02487	0.75957	0.03482	0.00663	0.00663	0.00995	0.00415	0.00415
49	0.01292	0.01216	0.02052	0.74312	0.04712	0.01520	0.01900	0.01748	0.01368	0.01748	0.01216	0.01824	0.00912	0.00684	0.00684	0.00228	0.00912	0.00608	0.00304	0.00760
50	0.01188	0.00594	0.00891	0.00891	0.00891	0.00594	0.00594	0.00891	0.00891	0.01188	0.01188	0.02080	0.01188	0.02377	0.02674	0.80095	0.00594	0.00594	0.00297	0.00297
51	0.01292	0.01216	0.02052	0.74312	0.04712	0.01520	0.01900	0.01748	0.01368	0.01748	0.01216	0.01824	0.00912	0.00684	0.00684	0.00228	0.00912	0.00608	0.00304	0.00760
52	0.01292	0.01216	0.02052	0.74312	0.04712	0.01520	0.01900	0.01748	0.01368	0.01748	0.01216	0.01824	0.00912	0.00684	0.00684	0.00228	0.00912	0.00608	0.00304	0.00760
53	0.00834	0.00595	0.00794	0.00953	0.00992	0.00556	0.00635	0.00953	0.01310	0.01746	0.03771	0.75510	0.04525	0.02143	0.00873	0.00278	0.00397	0.01945	0.00635	0.00556
54	0.01636	0.01568	0.02674	0.14132	0.62200	0.01611	0.02071	0.02050	0.01531	0.02166	0.01277	0.01712	0.01059	0.00620	0.00678	0.00207	0.00827	0.00609	0.00334	0.01038
55	0.02601	0.01916	0.02053	0.01574	0.02122	0.02122	0.01300	0.69408	0.03217	0.04312	0.01643	0.01643	0.01163	0.00821	0.00684	0.00205	0.00753	0.00616	0.00684	0.01163
56	0.80789	0.01323	0.01006	0.00900	0.01323	0.01535	0.00741	0.02011	0.01164	0.03070	0.00953	0.01111	0.00741	0.00635	0.00423	0.00212	0.00529	0.00370	0.00423	0.00741
57	0.02564	0.03008	0.01960	0.01727	0.02116	0.59839	0.01318	0.15273	0.02179	0.02170	0.01168	0.01311	0.00934	0.00727	0.00630	0.00182	0.01143	0.00474	0.00415	0.00863
58	0.00834	0.00595	0.00794	0.00953	0.00992	0.00556	0.00635	0.00953	0.01310	0.01746	0.03771	0.75510	0.04525	0.02143	0.00873	0.00278	0.00397	0.01945	0.00635	0.00556
59	0.01693	0.01626	0.02777	0.04199	0.71689	0.01626	0.02100	0.02100	0.01558	0.02235	0.01287	0.01693	0.01084	0.00610	0.00677	0.00203	0.00813	0.00610	0.00339	0.01084
60	0.02121	0.01665	0.01770	0.01458	0.01920	0.01871	0.01171	0.36617	0.34074	0.03553	0.02364	0.02245	0.04201	0.00904	0.00694	0.00219	0.00641	0.00719	0.00688	0.01105
61	0.10570	0.02346	0.01624	0.01467	0.01813	0.41971	0.01117	0.02609	0.11683	0.05246	0.11211	0.02001	0.01856	0.00833	0.00637	0.00195	0.00903	0.00603	0.00487	0.00825
62	0.12920	0.01558	0.02293	0.12417	0.43278	0.04000	0.01758	0.02148	0.03991	0.04815	0.01315	0.01660	0.01059	0.00666	0.00694	0.00211	0.03286	0.00578	0.00377	0.00975
63	0.01885	0.01533	0.01847	0.07104	0.11943	0.01709	0.01316	0.17347	0.36578	0.05328	0.04533	0.02261	0.01796	0.00856	0.00694	0.00221	0.00646	0.00717	0.00621	0.01065
64	0.02730	0.01332	0.01697	0.01304	0.01836	0.03708	0.03421	0.07431	0.04985	0.52094	0.02368	0.02139	0.01550	0.00797	0.00670	0.00200	0.00627	0.00652	0.00746	0.09714
65	0.01602	0.04924	0.11681	0.01314	0.01724	0.07326	0.01159	0.10934	0.04307	0.06988	0.02403	0.25652	0.04379	0.01214	0.00751	0.00219	0.02597	0.01017	0.00536	0.09275
66	0.01181	0.09969	0.13649	0.01125	0.01517	0.01126	0.01078	0.03955	0.04198	0.02184	0.16655	0.08993	0.22984	0.01328	0.00746	0.00226	0.00553	0.07226	0.00562	0.00744
67	0.10131	0.42181	0.15910	0.01328	0.01924	0.09419	0.01360	0.02086	0.01469	0.01952	0.05741	0.01448	0.01236	0.00670	0.00520	0.00174	0.00786	0.00459	0.00343	0.00864
68	0.04187	0.12285	0.09236	0.01056	0.01460	0.01160	0.00965	0.03899	0.01687	0.07042	0.23903	0.06191	0.16724	0.01145	0.00692	0.00202	0.00518	0.00949	0.00576	0.06124

[dist]
# distance from previous block
# <min> <max>
8	170

[block]
# block no. 1 follows, 31 sequences, length 20
# corresponding to MSA columns:
# 443-462
name=unknown_B
#
# <colnr> <probs for GDERKNQSTAVLIFYWHMCP>
#	G	D	E	R	K	N	Q	S	T	A	V	L	I	F	Y	W	H	M	C	P
0	0.24671	0.01563	0.06594	0.01297	0.01752	0.01562	0.01128	0.14508	0.07707	0.14777	0.04451	0.01786	0.01372	0.00818	0.00776	0.00217	0.08779	0.00576	0.00556	0.05112
1	0.04254	0.03511	0.04411	0.06360	0.02023	0.03597	0.03809	0.10908	0.06643	0.22617	0.01941	0.05047	0.01485	0.03872	0.00761	0.00211	0.00667	0.00661	0.00580	0.16640
2	0.18845	0.01691	0.10248	0.01412	0.01851	0.03292	0.03921	0.11673	0.03801	0.05395	0.09456	0.01915	0.01631	0.00853	0.00891	0.00217	0.13321	0.00610	0.00480	0.08496
3	0.24421	0.11474	0.05995	0.01558	0.04298	0.01935	0.06511	0.20208	0.04499	0.02902	0.01264	0.01446	0.00984	0.00748	0.00758	0.00213	0.08875	0.00526	0.00457	0.00927
4	0.01882	0.01855	0.02642	0.05524	0.50167	0.10347	0.05442	0.09552	0.01783	0.02379	0.01301	0.01644	0.01061	0.00645	0.00678	0.00202	0.00878	0.00600	0.00378	0.01040
5	0.01225	0.00849	0.01124	0.01004	0.01105	0.00871	0.05080	0.01381	0.04183	0.06141	0.02103	0.03890	0.02228	0.57226	0.05103	0.00583	0.03983	0.00927	0.00444	0.00548
6	0.01435	0.00911	0.01040	0.00976	0.01202	0.03627	0.00722	0.04557	0.01672	0.15449	0.14596	0.23873	0.18364	0.07158	0.00992	0.00267	0.00479	0.01294	0.00668	0.00716
7	0.01667	0.01599	0.02729	0.08822	0.67273	0.01619	0.02086	0.02076	0.01545	0.02203	0.01282	0.01702	0.01072	0.00614	0.00678	0.00205	0.00819	0.00609	0.00336	0.01062
8	0.06808	0.01195	0.01387	0.01021	0.01589	0.00951	0.00820	0.01894	0.01482	0.09763	0.04446	0.01658	0.01308	0.00591	0.00534	0.00125	0.00508	0.00470	0.00469	0.62981
9	0.01292	0.01216	0.02052	0.74312	0.04712	0.01520	0.01900	0.01748	0.01368	0.01748	0.01216	0.01824	0.00912	0.00684	0.00684	0.00228	0.00912	0.00608	0.00304	0.00760
10	0.02676	0.01795	0.01978	0.01516	0.02061	0.01941	0.01253	0.58735	0.03013	0.15271	0.01813	0.01753	0.01249	0.00825	0.00685	0.00206	0.00725	0.00628	0.00711	0.01164
11	0.01825	0.01704	0.01547	0.01412	0.01651	0.23427	0.01103	0.05744	0.01591	0.08748	0.01758	0.04452	0.01600	0.05264	0.21799	0.00493	0.09307	0.05367	0.00448	0.00759
12	0.02601	0.01916	0.02053	0.01574	0.02122	0.02122	0.01300	0.69408	0.03217	0.04312	0.01643	0.01643	0.01163	0.00821	0.00684	0.00205	0.00753	0.00616	0.00684	0.01163
13	0.01402	0.01324	0.01823	0.01587	0.01598	0.01802	0.01291	0.01544	0.01059	0.01641	0.01151	0.01967	0.01168	0.10805	0.05309	0.00373	0.59226	0.00656	0.03578	0.00696
14	0.06438	0.01921	0.01832	0.01508	0.01976	0.10959	0.01209	0.37741	0.23072	0.03479	0.01874	0.01835	0.01382	0.00829	0.00666	0.00210	0.00739	0.00628	0.00632	0.01070
15	0.01383	0.01013	0.01288	0.01116	0.01334	0.01022	0.04418	0.10034	0.04157	0.04849	0.08290	0.08366	0.02589	0.32491	0.01936	0.00406	0.02945	0.04580	0.00524	0.07261
16	0.01882	0.07743	0.01678	0.01276	0.01681	0.01575	0.01027	0.18474	0.26845	0.10016	0.05422	0.08721	0.08587	0.01059	0.00700	0.00219	0.00573	0.00870	0.00666	0.00985
17	0.04347	0.01620	0.01914	0.04972	0.22310	0.11139	0.01349	0.09267	0.01769	0.08910	0.03666	0.08074	0.01545	0.00807	0.00652	0.00190	0.00731	0.00683	0.00476	0.15580
18	0.05943	0.01338	0.04292	0.01143	0.01617	0.03312	0.00937	0.09253	0.03775	0.06402	0.03637	0.12923	0.01778	0.01021	0.03059	0.00200	0.00607	0.00727	0.00508	0.37529
19	0.07281	0.01288	0.01457	0.01328	0.04391	0.03581	0.00973	0.19953	0.01867	0.10724	0.02168	0.18558	0.02096	0.11549	0.01172	0.00285	0.04705	0.00939	0.00576	0.05108

[dist]
# distance from previous block
# <min> <max>
1	32

[block]
# block no. 2 follows, 31 sequences, length 27
# corresponding to MSA columns:
# 495-521
name=unknown_C
#
# <colnr> <probs for GDERKNQSTAVLIFYWHMCP>
#	G	D	E	R	K	N	Q	S	T	A	V	L	I	F	Y	W	H	M	C	P
0	0.02136	0.01859	0.06157	0.03647	0.01990	0.14322	0.01248	0.15770	0.09092	0.14736	0.01846	0.04180	0.01462	0.02820	0.00861	0.00221	0.06408	0.02722	0.00554	0.07971
1	0.02066	0.09660	0.05187	0.01584	0.04773	0.12567	0.06953	0.08440	0.06437	0.16365	0.04739	0.02297	0.04099	0.00828	0.00663	0.00197	0.00764	0.03581	0.00538	0.08263
2	0.01617	0.38284	0.32179	0.01675	0.02448	0.02140	0.08926	0.02113	0.01436	0.01902	0.01112	0.01320	0.00890	0.00611	0.00565	0.00184	0.00892	0.00470	0.00297	0.00938
3	0.15771	0.13242	0.39405	0.01848	0.07725	0.04515	0.04281	0.02140	0.01420	0.02237	0.01143	0.01360	0.00869	0.00635	0.00586	0.00204	0.00884	0.00478	0.00322	0.00938
4	0.01419	0.11030	0.65333	0.01870	0.02837	0.01704	0.02388	0.02154	0.01439	0.02109	0.01199	0.01409	0.00868	0.00643	0.00628	0.00209	0.00982	0.00491	0.00289	0.00997
5	0.02301	0.02800	0.02109	0.02219	0.15043	0.53578	0.01482	0.02518	0.01789	0.01776	0.01086	0.01343	0.00920	0.00731	0.00772	0.00192	0.07665	0.00486	0.00345	0.00843
6	0.00981	0.00740	0.00891	0.00871	0.01034	0.00709	0.00638	0.04135	0.01602	0.02134	0.25056	0.13240	0.24293	0.09916	0.10299	0.00387	0.00585	0.01264	0.00616	0.00609
7	0.80789	0.01323	0.01006	0.00900	0.01323	0.01535	0.00741	0.02011	0.01164	0.03070	0.00953	0.01111	0.00741	0.00635	0.00423	0.00212	0.00529	0.00370	0.00423	0.00741
8	0.00952	0.00650	0.00781	0.00822	0.00840	0.00647	0.00499	0.00998	0.01083	0.01452	0.02554	0.22769	0.02966	0.52392	0.07181	0.00591	0.00668	0.01225	0.00469	0.00463
9	0.00840	0.00694	0.00737	0.00726	0.00943	0.00591	0.00545	0.01043	0.01634	0.02024	0.19594	0.06294	0.58638	0.01667	0.00808	0.00228	0.00342	0.01403	0.00658	0.00591
10	0.01419	0.01216	0.01419	0.01013	0.01621	0.00912	0.00811	0.01723	0.01419	0.02229	0.01216	0.01419	0.01013	0.00507	0.00507	0.00101	0.00507	0.00405	0.00405	0.80139
11	0.01693	0.01626	0.02777	0.04199	0.71689	0.01626	0.02100	0.02100	0.01558	0.02235	0.01287	0.01693	0.01084	0.00610	0.00677	0.00203	0.00813	0.00610	0.00339	0.01084
12	0.00916	0.00697	0.00842	0.00806	0.00990	0.00623	0.00604	0.01190	0.01813	0.02451	0.50259	0.05593	0.27707	0.01508	0.00807	0.00220	0.00331	0.01305	0.00715	0.00623
13	0.00933	0.00667	0.00765	0.00775	0.00852	0.00630	0.00496	0.01030	0.01288	0.01691	0.13330	0.13189	0.18054	0.40830	0.02224	0.00462	0.00516	0.01235	0.00536	0.00499
14	0.00933	0.00698	0.00866	0.00824	0.01001	0.00631	0.00618	0.01223	0.01854	0.02548	0.57242	0.05433	0.20663	0.01472	0.00807	0.00219	0.00328	0.01282	0.00727	0.00631
15	0.01454	0.01381	0.02344	0.46050	0.31710	0.01563	0.01980	0.01890	0.01444	0.01944	0.01245	0.01771	0.00981	0.00654	0.00681	0.00218	0.00872	0.00609	0.00318	0.00890
16	0.02601	0.01916	0.02053	0.01574	0.02122	0.02122	0.01300	0.69408	0.03217	0.04312	0.01643	0.01643	0.01163	0.00821	0.00684	0.00205	0.00753	0.00616	0.00684	0.01163
17	0.01292	0.01216	0.02052	0.74312	0.04712	0.01520	0.01900	0.01748	0.01368	0.01748	0.01216	0.01824	0.00912	0.00684	0.00684	0.00228	0.00912	0.00608	0.00304	0.00760
18	0.01292	0.01216	0.02052	0.74312	0.04712	0.01520	0.01900	0.01748	0.01368	0.01748	0.01216	0.01824	0.00912	0.00684	0.00684	0.00228	0.00912	0.00608	0.00304	0.00760
19	0.25252	0.01704	0.01660	0.01329	0.01824	0.06717	0.01088	0.33482	0.02310	0.15901	0.01591	0.01583	0.01117	0.00764	0.00605	0.00206	0.00691	0.00546	0.00615	0.01016
20	0.02601	0.01916	0.02053	0.01574	0.02122	0.02122	0.01300	0.69408	0.03217	0.04312	0.01643	0.01643	0.01163	0.00821	0.00684	0.00205	0.00753	0.00616	0.00684	0.01163
21	0.01494	0.00891	0.01076	0.00969	0.01169	0.00867	0.00696	0.09303	0.01668	0.13963	0.16463	0.13545	0.06325	0.26549	0.01686	0.00374	0.00542	0.01096	0.00626	0.00699
22	0.02045	0.00942	0.01231	0.01020	0.01386	0.00823	0.00813	0.02312	0.01884	0.39054	0.24443	0.03897	0.14887	0.01165	0.00745	0.00216	0.00463	0.00984	0.00782	0.00907
23	0.01377	0.01272	0.02254	0.01755	0.02113	0.01287	0.25279	0.01726	0.01499	0.04880	0.13874	0.05609	0.05364	0.04701	0.08069	0.00333	0.11507	0.00895	0.00462	0.05744
24	0.01445	0.01248	0.01816	0.01403	0.01874	0.01123	0.12459	0.01877	0.06055	0.04920	0.06535	0.08657	0.01902	0.00858	0.00750	0.00179	0.05021	0.03167	0.00478	0.38232
25	0.01728	0.01570	0.01880	0.01490	0.01950	0.08920	0.11055	0.16606	0.06001	0.02650	0.08359	0.07458	0.04483	0.00912	0.00689	0.00192	0.00708	0.02637	0.00532	0.20179
26	0.01931	0.01613	0.02032	0.01602	0.02075	0.10889	0.15249	0.08730	0.09045	0.13851	0.04050	0.07623	0.06053	0.00898	0.00704	0.00204	0.00755	0.00799	0.00556	0.11340

[dist]
# distance from previous block
# <min> <max>
6	34

[block]
# block no. 3 follows, 31 sequences, length 17
# corresponding to MSA columns:
# 556-572
name=unknown_D
#
# <colnr> <probs for GDERKNQSTAVLIFYWHMCP>
#	G	D	E	R	K	N	Q	S	T	A	V	L	I	F	Y	W	H	M	C	P
0	0.01756	0.01507	0.01621	0.01427	0.01750	0.05506	0.01126	0.05878	0.41922	0.06276	0.02464	0.05153	0.04190	0.01014	0.00951	0.00236	0.12772	0.00773	0.00608	0.03071
1	0.01746	0.01485	0.01530	0.01351	0.01697	0.06559	0.01056	0.08082	0.42891	0.05464	0.14369	0.02778	0.02621	0.00995	0.00778	0.00225	0.03915	0.00807	0.00669	0.00981
2	0.00879	0.00646	0.00863	0.00984	0.01023	0.00645	0.00670	0.00998	0.01270	0.01710	0.03460	0.64729	0.04117	0.06706	0.04209	0.00338	0.03826	0.01774	0.00595	0.00558
3	0.01837	0.01690	0.01418	0.01316	0.01594	0.23613	0.00986	0.05150	0.11844	0.09844	0.10382	0.22212	0.02795	0.01230	0.00731	0.00222	0.00707	0.01025	0.00594	0.00811
4	0.11206	0.01921	0.01720	0.01462	0.01899	0.14694	0.01158	0.24725	0.28267	0.03144	0.01892	0.01853	0.01415	0.00820	0.00647	0.00211	0.00734	0.00616	0.00599	0.01018
5	0.02219	0.01707	0.01826	0.01459	0.01953	0.01880	0.01183	0.44915	0.21633	0.03703	0.02141	0.02074	0.04146	0.00869	0.00683	0.00208	0.00665	0.00680	0.00671	0.05383
6	0.01669	0.01601	0.02734	0.08357	0.67717	0.01619	0.02088	0.02079	0.01547	0.02206	0.01283	0.01701	0.01073	0.00614	0.00678	0.00205	0.00819	0.00609	0.00337	0.01064
7	0.02436	0.01675	0.01848	0.01463	0.01953	0.01817	0.01190	0.49573	0.09085	0.12526	0.02050	0.07706	0.01583	0.00940	0.00701	0.00214	0.00683	0.00746	0.00702	0.01108
8	0.01292	0.01216	0.02052	0.74312	0.04712	0.01520	0.01900	0.01748	0.01368	0.01748	0.01216	0.01824	0.00912	0.00684	0.00684	0.00228	0.00912	0.00608	0.00304	0.00760
9	0.01624	0.01554	0.02651	0.16370	0.60062	0.01607	0.02065	0.02039	0.01525	0.02151	0.01275	0.01716	0.01054	0.00622	0.00678	0.00207	0.00830	0.00609	0.00333	0.01027
10	0.11720	0.19885	0.02224	0.01515	0.01918	0.40904	0.01226	0.05300	0.01720	0.01939	0.01036	0.01221	0.00877	0.00703	0.00652	0.00182	0.05368	0.00432	0.00358	0.00820
11	0.02538	0.01879	0.02019	0.01544	0.02095	0.02057	0.01274	0.65803	0.03121	0.04201	0.01620	0.01631	0.01155	0.00805	0.00675	0.00200	0.00740	0.00605	0.00670	0.05369
12	0.01051	0.00721	0.00834	0.00833	0.00878	0.00722	0.00513	0.04665	0.01222	0.01640	0.06342	0.16674	0.02995	0.54901	0.02728	0.00546	0.00603	0.01153	0.00486	0.00492
13	0.02445	0.01418	0.01665	0.01322	0.01790	0.01455	0.01075	0.28322	0.09743	0.28965	0.12071	0.02486	0.02211	0.00924	0.00704	0.00212	0.00606	0.00748	0.00755	0.01081
14	0.05835	0.02273	0.01866	0.01560	0.02003	0.27811	0.01232	0.32231	0.08181	0.05067	0.04239	0.01702	0.01341	0.00803	0.00654	0.00198	0.00879	0.00581	0.00561	0.00984
15	0.05763	0.00981	0.01541	0.41005	0.03017	0.01164	0.01327	0.01437	0.01176	0.01618	0.01217	0.01911	0.01034	0.01469	0.04442	0.28588	0.00816	0.00595	0.00311	0.00588
16	0.02298	0.01708	0.01946	0.01519	0.02022	0.01849	0.04060	0.47170	0.12243	0.06026	0.01775	0.01813	0.01298	0.00896	0.00794	0.04748	0.00711	0.00635	0.00638	0.05852

[dist]
# distance from previous block
# <min> <max>
0	1

[block]
# block no. 4 follows, 31 sequences, length 8
# corresponding to MSA columns:
# 574-581
name=unknown_E
#
# <colnr> <probs for GDERKNQSTAVLIFYWHMCP>
#	G	D	E	R	K	N	Q	S	T	A	V	L	I	F	Y	W	H	M	C	P
0	0.01292	0.01216	0.02052	0.74312	0.04712	0.01520	0.01900	0.01748	0.01368	0.01748	0.01216	0.01824	0.00912	0.00684	0.00684	0.00228	0.00912	0.00608	0.00304	0.00760
1	0.01226	0.01115	0.01853	0.59033	0.03984	0.01381	0.01682	0.01638	0.01312	0.01715	0.01345	0.02004	0.01079	0.01612	0.15827	0.00410	0.01104	0.00634	0.00317	0.00729
2	0.02601	0.01916	0.02053	0.01574	0.02122	0.02122	0.01300	0.69408	0.03217	0.04312	0.01643	0.01643	0.01163	0.00821	0.00684	0.00205	0.00753	0.00616	0.00684	0.01163
3	0.02232	0.01641	0.01790	0.01444	0.01886	0.01795	0.01162	0.55121	0.02819	0.03776	0.02087	0.17058	0.01865	0.01097	0.00724	0.00220	0.00679	0.00893	0.00674	0.01037
4	0.01411	0.00771	0.00917	0.00840	0.00971	0.00727	0.00547	0.01482	0.01247	0.16157	0.02700	0.04219	0.08549	0.53575	0.02657	0.00530	0.00618	0.00971	0.00525	0.00586
5	0.02441	0.02365	0.02379	0.01901	0.02389	0.34722	0.17542	0.08607	0.01978	0.16742	0.01530	0.01645	0.01113	0.00714	0.00683	0.00199	0.01036	0.00596	0.00483	0.00934
6	0.01045	0.00793	0.00972	0.00962	0.01140	0.00779	0.00731	0.01518	0.10419	0.02410	0.37246	0.13270	0.12493	0.04294	0.00916	0.00255	0.00410	0.08982	0.00692	0.00673
7	0.02465	0.09277	0.08452	0.01503	0.02079	0.04574	0.01337	0.39606	0.05118	0.16167	0.01752	0.01716	0.01230	0.00787	0.00656	0.00202	0.00753	0.00594	0.00628	0.01105

[dist]
# distance from previous block
# <min> <max>
0	11

[block]
# block no. 5 follows, 31 sequences, length 18
# corresponding to MSA columns:
# 593-610
name=unknown_F
#
# <colnr> <probs for GDERKNQSTAVLIFYWHMCP>
#	G	D	E	R	K	N	Q	S	T	A	V	L	I	F	Y	W	H	M	C	P
0	0.09567	0.02165	0.01693	0.01476	0.01880	0.29206	0.01148	0.13810	0.19344	0.06644	0.01951	0.01937	0.04582	0.00830	0.00643	0.00203	0.00835	0.00608	0.00542	0.00934
1	0.14160	0.01589	0.01512	0.01290	0.01733	0.08608	0.01016	0.06686	0.33507	0.07063	0.02001	0.01946	0.01506	0.00780	0.00614	0.00199	0.00617	0.00603	0.00581	0.13988
2	0.01614	0.01315	0.01462	0.01189	0.01648	0.01281	0.00936	0.14787	0.19176	0.02707	0.02294	0.09917	0.05763	0.00917	0.00644	0.00180	0.00541	0.00761	0.00569	0.32298
3	0.02468	0.01850	0.01978	0.01547	0.02071	0.02060	0.01268	0.59684	0.13157	0.04097	0.01811	0.01777	0.01300	0.00837	0.00686	0.00209	0.00722	0.00639	0.00686	0.01152
4	0.01292	0.01216	0.02052	0.74312	0.04712	0.01520	0.01900	0.01748	0.01368	0.01748	0.01216	0.01824	0.00912	0.00684	0.00684	0.00228	0.00912	0.00608	0.00304	0.00760
5	0.01292	0.01216	0.02052	0.74312	0.04712	0.01520	0.01900	0.01748	0.01368	0.01748	0.01216	0.01824	0.00912	0.00684	0.00684	0.00228	0.00912	0.00608	0.00304	0.00760
6	0.13831	0.01823	0.05928	0.01476	0.01978	0.01906	0.01271	0.43030	0.02439	0.03556	0.01404	0.01520	0.01044	0.00799	0.00796	0.00209	0.08572	0.00555	0.00560	0.07303
7	0.02601	0.01916	0.02053	0.01574	0.02122	0.02122	0.01300	0.69408	0.03217	0.04312	0.01643	0.01643	0.01163	0.00821	0.00684	0.00205	0.00753	0.00616	0.00684	0.01163
8	0.00953	0.00700	0.00895	0.00912	0.01063	0.00650	0.00697	0.01218	0.01713	0.02327	0.39961	0.14163	0.14949	0.04221	0.00932	0.00258	0.00400	0.12685	0.00689	0.00614
9	0.00919	0.00697	0.00845	0.00808	0.00992	0.00624	0.00606	0.01195	0.01819	0.02465	0.51262	0.05570	0.26695	0.01503	0.00807	0.00220	0.00330	0.01302	0.00716	0.00624
10	0.01765	0.01173	0.01664	0.01378	0.01745	0.01159	0.09772	0.09282	0.08376	0.18293	0.11657	0.10695	0.10260	0.01206	0.00813	0.00235	0.02588	0.06396	0.00662	0.00881
11	0.02601	0.01185	0.01538	0.01225	0.01705	0.01072	0.01005	0.09932	0.01979	0.49701	0.02602	0.07132	0.01925	0.00975	0.00704	0.00214	0.00586	0.05674	0.00764	0.07480
12	0.01449	0.01243	0.01432	0.01054	0.01638	0.00996	0.00840	0.01926	0.08753	0.02297	0.01383	0.01539	0.01128	0.00551	0.00527	0.00115	0.00510	0.00444	0.00436	0.71740
13	0.02053	0.01944	0.01646	0.01390	0.01825	0.22902	0.01085	0.13924	0.15923	0.06558	0.02208	0.02193	0.08189	0.00845	0.00648	0.00187	0.00762	0.00645	0.00544	0.14529
14	0.02579	0.01989	0.01986	0.01563	0.02080	0.09583	0.01273	0.54832	0.06463	0.08175	0.01705	0.01689	0.01214	0.00816	0.00678	0.00204	0.00782	0.00610	0.00660	0.01120
15	0.01327	0.00877	0.01069	0.01002	0.01242	0.00845	0.00776	0.05842	0.06932	0.10351	0.27763	0.14358	0.16268	0.01467	0.00799	0.00235	0.00436	0.06958	0.00708	0.00743
16	0.06088	0.01573	0.01700	0.01383	0.01845	0.04120	0.01114	0.30608	0.15201	0.20035	0.02216	0.07432	0.01684	0.00933	0.00687	0.00217	0.00652	0.00744	0.00698	0.01071
17	0.13725	0.01852	0.01588	0.01343	0.01777	0.18862	0.01056	0.13081	0.15222	0.07000	0.05897	0.01865	0.01548	0.00780	0.00615	0.00191	0.00725	0.00581	0.00544	0.11747

[dist]
# distance from previous block
# <min> <max>
2	19

[block]
# block no. 6 follows, 31 sequences, length 11
# corresponding to MSA columns:
# 631-641
name=unknown_G
#
# <colnr> <probs for GDERKNQSTAVLIFYWHMCP>
#	G	D	E	R	K	N	Q	S	T	A	V	L	I	F	Y	W	H	M	C	P
0	0.09200	0.01718	0.01654	0.01735	0.11637	0.16351	0.01187	0.08056	0.16018	0.02434	0.02223	0.07091	0.05860	0.00975	0.00676	0.00214	0.00725	0.06005	0.00517	0.05723
1	0.02223	0.01827	0.05767	0.01569	0.02117	0.01830	0.05490	0.49743	0.02722	0.03697	0.04215	0.05262	0.01479	0.00852	0.00688	0.00202	0.00736	0.00689	0.00617	0.08275
2	0.01292	0.01216	0.02052	0.74312	0.04712	0.01520	0.01900	0.01748	0.01368	0.01748	0.01216	0.01824	0.00912	0.00684	0.00684	0.00228	0.00912	0.00608	0.00304	0.00760
3	0.01420	0.01285	0.02052	0.67173	0.04458	0.01579	0.01841	0.08389	0.01549	0.02000	0.01258	0.01806	0.00937	0.00697	0.00684	0.00226	0.00896	0.00609	0.00341	0.00800
4	0.20326	0.18461	0.18946	0.01443	0.02037	0.14397	0.01428	0.07734	0.05400	0.02383	0.01193	0.01332	0.00934	0.00671	0.00551	0.00193	0.00830	0.00456	0.00387	0.00897
5	0.02601	0.01916	0.02053	0.01574	0.02122	0.02122	0.01300	0.69408	0.03217	0.04312	0.01643	0.01643	0.01163	0.00821	0.00684	0.00205	0.00753	0.00616	0.00684	0.01163
6	0.01405	0.00937	0.01097	0.00994	0.01273	0.00908	0.00771	0.05941	0.11154	0.12004	0.23865	0.08607	0.23504	0.01378	0.00777	0.00228	0.00435	0.03232	0.00709	0.00782
7	0.01385	0.00937	0.01076	0.00949	0.01238	0.00892	0.00739	0.10181	0.04819	0.10561	0.26261	0.04825	0.30717	0.01374	0.00774	0.00220	0.00426	0.01157	0.00706	0.00762
8	0.01457	0.01446	0.02689	0.08064	0.24969	0.01457	0.23944	0.01878	0.01541	0.02150	0.09484	0.05416	0.01860	0.01117	0.06128	0.00288	0.04014	0.00814	0.00399	0.00885
9	0.01621	0.01366	0.01636	0.01825	0.18272	0.07109	0.01119	0.07079	0.04290	0.06501	0.07779	0.02854	0.08379	0.12783	0.01114	0.00262	0.00660	0.00763	0.00496	0.14093
10	0.01520	0.05680	0.15235	0.26378	0.07140	0.01609	0.01729	0.05103	0.01452	0.05040	0.01282	0.01691	0.01007	0.00987	0.04871	0.00267	0.11407	0.00571	0.00355	0.06676

[dist]
# distance from previous block
# <min> <max>
31	89

[block]
# block no. 7 follows, 31 sequences, length 14
# corresponding to MSA columns:
# 755-768
name=unknown_H
#
# <colnr> <probs for GDERKNQSTAVLIFYWHMCP>
#	G	D	E	R	K	N	Q	S	T	A	V	L	I	F	Y	W	H	M	C	P
0	0.01757	0.01353	0.01767	0.01618	0.08344	0.03447	0.07097	0.11332	0.12607	0.09861	0.09715	0.04739	0.02128	0.04905	0.04328	0.00268	0.00703	0.00771	0.03236	0.10023
1	0.01814	0.01686	0.04662	0.01872	0.11557	0.09817	0.08282	0.11352	0.10733	0.07512	0.02391	0.08457	0.08698	0.00941	0.00703	0.00209	0.00738	0.00815	0.00529	0.07233
2	0.07898	0.09537	0.01753	0.03650	0.01780	0.03577	0.01006	0.16042	0.01765	0.02566	0.01498	0.08869	0.01351	0.00792	0.00638	0.00168	0.03218	0.00612	0.00468	0.32812
3	0.01188	0.00594	0.00891	0.00891	0.00891	0.00594	0.00594	0.00891	0.00891	0.01188	0.01188	0.02080	0.01188	0.02377	0.02674	0.80095	0.00594	0.00594	0.00297	0.00297
4	0.02413	0.01874	0.01900	0.01523	0.02009	0.07600	0.01231	0.49365	0.12377	0.06425	0.01890	0.04987	0.01438	0.00886	0.00689	0.00210	0.00739	0.00685	0.00664	0.01096
5	0.03355	0.03091	0.08188	0.03983	0.12853	0.01208	0.01224	0.06573	0.06908	0.09322	0.04691	0.15651	0.09576	0.01089	0.00702	0.00213	0.00606	0.00937	0.00541	0.09290
6	0.01577	0.36109	0.41631	0.01601	0.02422	0.02089	0.01921	0.02114	0.01420	0.01918	0.01104	0.01289	0.00872	0.00621	0.00556	0.00185	0.00886	0.00443	0.00291	0.00952
7	0.01466	0.03517	0.66812	0.01935	0.02894	0.07280	0.02432	0.02212	0.01484	0.02127	0.01214	0.01428	0.00868	0.00654	0.00647	0.00213	0.01029	0.00500	0.00294	0.00994
8	0.01784	0.69141	0.10415	0.01248	0.01876	0.02596	0.01305	0.02060	0.01395	0.01665	0.00979	0.01132	0.00877	0.00592	0.00460	0.00153	0.00759	0.00380	0.00292	0.00891
9	0.01763	0.01733	0.05687	0.13402	0.22997	0.07125	0.18443	0.04247	0.01671	0.08434	0.04319	0.02048	0.03528	0.00716	0.00715	0.00214	0.00897	0.00699	0.00416	0.00946
10	0.00832	0.00601	0.00788	0.00936	0.00988	0.00557	0.00628	0.00954	0.01325	0.01753	0.03968	0.71207	0.08701	0.02118	0.00869	0.00275	0.00394	0.01914	0.00635	0.00557
11	0.00832	0.00603	0.00786	0.00932	0.00987	0.00557	0.00626	0.00955	0.01329	0.01754	0.04018	0.70116	0.09760	0.02111	0.00868	0.00274	0.00393	0.01906	0.00635	0.00557
12	0.01479	0.01419	0.01674	0.01460	0.01733	0.12259	0.10372	0.07952	0.01714	0.02154	0.09298	0.11872	0.10092	0.05233	0.03447	0.00292	0.05559	0.10740	0.00525	0.00729
13	0.01680	0.12765	0.44340	0.02045	0.10357	0.01679	0.04685	0.02283	0.01517	0.10411	0.01378	0.01546	0.00997	0.00657	0.00635	0.00206	0.00906	0.00532	0.00363	0.01016

[dist]
# distance from previous block
# <min> <max>
1	3

[block]
# block no. 8 follows, 31 sequences, length 34
# corresponding to MSA columns:
# 772-805
name=unknown_I
#
# <colnr> <probs for GDERKNQSTAVLIFYWHMCP>
#	G	D	E	R	K	N	Q	S	T	A	V	L	I	F	Y	W	H	M	C	P
0	0.08123	0.02060	0.18942	0.06818	0.10229	0.01719	0.01631	0.26588	0.06007	0.02998	0.01559	0.03997	0.01216	0.00973	0.03925	0.00254	0.00840	0.00625	0.00488	0.01008
1	0.01389	0.01303	0.02171	0.42578	0.23783	0.01516	0.01832	0.01793	0.01379	0.01869	0.01281	0.01854	0.01041	0.01133	0.08001	0.00312	0.04986	0.00620	0.00320	0.00839
2	0.02063	0.04884	0.02242	0.06008	0.09381	0.38254	0.05315	0.02296	0.01615	0.01756	0.01066	0.01407	0.00917	0.00803	0.01029	0.00214	0.19073	0.00524	0.00333	0.00820
3	0.00855	0.00611	0.00818	0.00977	0.01026	0.00574	0.00672	0.00989	0.01331	0.01770	0.03759	0.70142	0.04478	0.02123	0.00879	0.00281	0.00415	0.07103	0.00635	0.00562
4	0.02601	0.01916	0.02053	0.01574	0.02122	0.02122	0.01300	0.69408	0.03217	0.04312	0.01643	0.01643	0.01163	0.00821	0.00684	0.00205	0.00753	0.00616	0.00684	0.01163
5	0.01124	0.00894	0.00998	0.01002	0.01178	0.03732	0.00738	0.06577	0.01602	0.02094	0.10831	0.32566	0.14685	0.06881	0.00999	0.00275	0.00491	0.07722	0.00611	0.05002
6	0.01530	0.24235	0.04441	0.01229	0.01618	0.01585	0.01104	0.10340	0.04563	0.02288	0.08634	0.09327	0.02613	0.01184	0.00698	0.00221	0.00634	0.18852	0.00526	0.04378
7	0.01404	0.08630	0.67600	0.01895	0.02877	0.01667	0.02433	0.02158	0.01441	0.02128	0.01208	0.01420	0.00867	0.00645	0.00635	0.00212	0.00992	0.00496	0.00289	0.01002
8	0.00830	0.00608	0.00781	0.00918	0.00983	0.00559	0.00620	0.00956	0.01343	0.01760	0.04186	0.66451	0.13316	0.02089	0.00865	0.00272	0.00390	0.01879	0.00635	0.00559
9	0.02601	0.01916	0.02053	0.01574	0.02122	0.02122	0.01300	0.69408	0.03217	0.04312	0.01643	0.01643	0.01163	0.00821	0.00684	0.00205	0.00753	0.00616	0.00684	0.01163
10	0.00942	0.00865	0.00801	0.00798	0.01018	0.05657	0.00592	0.01120	0.01588	0.01879	0.09958	0.11584	0.57464	0.01674	0.00800	0.00230	0.00411	0.01402	0.00622	0.00595
11	0.00841	0.00601	0.00800	0.00948	0.00994	0.00561	0.00636	0.00971	0.01344	0.01801	0.07487	0.71637	0.04631	0.02102	0.00870	0.00274	0.00393	0.01906	0.00642	0.00561
12	0.00834	0.00595	0.00794	0.00953	0.00992	0.00556	0.00635	0.00953	0.01310	0.01746	0.03771	0.75510	0.04525	0.02143	0.00873	0.00278	0.00397	0.01945	0.00635	0.00556
13	0.01419	0.01216	0.01419	0.01013	0.01621	0.00912	0.00811	0.01723	0.01419	0.02229	0.01216	0.01419	0.01013	0.00507	0.00507	0.00101	0.00507	0.00405	0.00405	0.80139
14	0.02038	0.02404	0.02278	0.02041	0.06156	0.36733	0.09122	0.02264	0.01576	0.01756	0.01053	0.01419	0.00916	0.00853	0.01198	0.00226	0.26278	0.00546	0.00333	0.00809
15	0.01368	0.01294	0.02189	0.61021	0.17409	0.01540	0.01938	0.01815	0.01404	0.01840	0.01229	0.01799	0.00945	0.00670	0.00683	0.00223	0.00893	0.00608	0.00311	0.00821
16	0.02221	0.01701	0.01826	0.01452	0.01943	0.01865	0.01173	0.45049	0.19694	0.03671	0.01912	0.01961	0.01433	0.03741	0.00782	0.00222	0.00677	0.00653	0.00655	0.07368
17	0.01494	0.24087	0.41147	0.01847	0.08864	0.01843	0.01958	0.02044	0.01447	0.01991	0.01552	0.01727	0.05822	0.00703	0.00603	0.00196	0.00866	0.00541	0.00319	0.00949
18	0.01491	0.01844	0.15958	0.03673	0.09724	0.01452	0.22287	0.07729	0.04571	0.02418	0.09917	0.02845	0.07414	0.00892	0.00754	0.00226	0.00838	0.04602	0.00462	0.00905
19	0.01436	0.13753	0.62759	0.01841	0.02792	0.01746	0.02337	0.02150	0.01437	0.02088	0.01189	0.01396	0.00868	0.00641	0.00620	0.00207	0.00972	0.00486	0.00289	0.00992
20	0.00809	0.00693	0.00693	0.00693	0.00924	0.00578	0.00520	0.00982	0.01559	0.01848	0.06931	0.06584	0.71411	0.01733	0.00809	0.00231	0.00347	0.01444	0.00635	0.00578
21	0.01582	0.05290	0.10130	0.08468	0.08288	0.01737	0.49922	0.02141	0.01565	0.02131	0.01330	0.01762	0.01008	0.00595	0.00757	0.00223	0.01078	0.00730	0.00334	0.00927
22	0.01494	0.00855	0.01095	0.00999	0.01138	0.00876	0.00720	0.12377	0.01440	0.05796	0.05166	0.05132	0.01717	0.06098	0.01990	0.46151	0.00586	0.00713	0.05116	0.00542
23	0.01292	0.01216	0.02052	0.74312	0.04712	0.01520	0.01900	0.01748	0.01368	0.01748	0.01216	0.01824	0.00912	0.00684	0.00684	0.00228	0.00912	0.00608	0.00304	0.00760
24	0.00858	0.00663	0.00790	0.00879	0.01018	0.00596	0.00646	0.01026	0.01453	0.01830	0.05131	0.36544	0.33659	0.01931	0.00854	0.00262	0.00405	0.10244	0.00635	0.00575
25	0.11708	0.21763	0.07161	0.01438	0.01931	0.26926	0.01253	0.05521	0.06807	0.07648	0.01313	0.01401	0.01029	0.00694	0.00564	0.00184	0.00878	0.00469	0.00420	0.00892
26	0.01960	0.01435	0.01551	0.01316	0.01704	0.04364	0.01049	0.20931	0.23729	0.11294	0.17298	0.02980	0.02760	0.01020	0.00722	0.00220	0.00588	0.03383	0.00707	0.00990
27	0.00855	0.00628	0.00793	0.00916	0.00994	0.00580	0.00633	0.00990	0.01352	0.01760	0.04218	0.55392	0.15921	0.06117	0.01010	0.00293	0.00418	0.05950	0.00623	0.00556
28	0.06075	0.07433	0.02093	0.01647	0.05918	0.01831	0.05976	0.35982	0.02288	0.03142	0.01864	0.07748	0.04252	0.04116	0.00915	0.00236	0.06220	0.00750	0.00551	0.00964
29	0.01812	0.01524	0.01673	0.07023	0.01984	0.07733	0.03871	0.26514	0.02154	0.02859	0.05323	0.09748	0.07864	0.00983	0.00684	0.00198	0.00678	0.00813	0.03764	0.12797
30	0.01723	0.13276	0.24070	0.03281	0.02299	0.07630	0.05465	0.09099	0.09080	0.04656	0.05391	0.03718	0.01567	0.00810	0.00656	0.00206	0.00826	0.02918	0.00448	0.02881
31	0.05207	0.01821	0.05794	0.01565	0.04852	0.13484	0.03992	0.14321	0.14349	0.10367	0.12732	0.02329	0.02125	0.00869	0.00682	0.00206	0.00727	0.00706	0.00589	0.03285
32	0.02000	0.09994	0.01798	0.01279	0.01724	0.05485	0.01044	0.25536	0.09343	0.09552	0.02586	0.08200	0.10755	0.01003	0.00673	0.00202	0.00638	0.00800	0.00608	0.06780
33	0.01953	0.08959	0.06435	0.01327	0.01839	0.01457	0.03905	0.17820	0.05093	0.14461	0.10309	0.02364	0.01974	0.03308	0.00747	0.00205	0.00645	0.02230	0.00585	0.14384

[dist]
# distance from previous block
# <min> <max>
39	83

[block]
# block no. 9 follows, 31 sequences, length 12
# corresponding to MSA columns:
# 919-930
name=unknown_J
#
# <colnr> <probs for GDERKNQSTAVLIFYWHMCP>
#	G	D	E	R	K	N	Q	S	T	A	V	L	I	F	Y	W	H	M	C	P
0	0.02357	0.01841	0.04309	0.01497	0.01983	0.05733	0.01258	0.46274	0.02636	0.08082	0.01635	0.01704	0.01189	0.00823	0.00772	0.00204	0.06176	0.00598	0.06399	0.04530
1	0.02044	0.01586	0.01819	0.01452	0.01878	0.01730	0.03136	0.39535	0.09066	0.03309	0.01839	0.07230	0.01552	0.06264	0.00998	0.00243	0.06090	0.00737	0.00597	0.08896
2	0.10307	0.05245	0.04142	0.01318	0.01858	0.07770	0.01107	0.22578	0.05913	0.10387	0.01538	0.01585	0.01141	0.00701	0.00593	0.00176	0.00684	0.00521	0.00541	0.21895
3	0.07652	0.01498	0.01712	0.01556	0.07121	0.05402	0.03438	0.25231	0.02072	0.05287	0.06887	0.06352	0.05290	0.05952	0.00980	0.00244	0.06119	0.00774	0.03120	0.03312
4	0.01983	0.01635	0.01792	0.01807	0.12153	0.10175	0.01249	0.22485	0.08086	0.07895	0.06043	0.09871	0.04318	0.01044	0.00771	0.00221	0.03212	0.03723	0.00587	0.00952
5	0.05544	0.07703	0.07655	0.01770	0.07088	0.01846	0.06334	0.33559	0.06069	0.07586	0.01756	0.02119	0.01373	0.00834	0.00680	0.00213	0.00764	0.05495	0.00569	0.01044
6	0.01686	0.07008	0.02737	0.16643	0.43947	0.06959	0.07143	0.02085	0.01543	0.02056	0.01241	0.01653	0.01019	0.00626	0.00667	0.00204	0.00883	0.00595	0.00331	0.00975
7	0.01562	0.19826	0.37292	0.07429	0.02736	0.05782	0.06899	0.02103	0.01437	0.01944	0.01142	0.01416	0.00888	0.00674	0.00727	0.00206	0.06207	0.00507	0.00299	0.00924
8	0.04306	0.01591	0.01940	0.06135	0.02133	0.12011	0.13492	0.07128	0.10661	0.06233	0.12826	0.02877	0.10388	0.00973	0.00793	0.00220	0.04075	0.00833	0.00539	0.00848
9	0.02425	0.01829	0.01954	0.01539	0.02055	0.02040	0.01258	0.56564	0.16346	0.04029	0.01866	0.01820	0.01344	0.00842	0.00687	0.00211	0.00712	0.00647	0.00687	0.01148
10	0.01419	0.01216	0.01419	0.01013	0.01621	0.00912	0.00811	0.01723	0.01419	0.02229	0.01216	0.01419	0.01013	0.00507	0.00507	0.00101	0.00507	0.00405	0.00405	0.80139
11	0.01616	0.06017	0.01298	0.01026	0.01341	0.07213	0.00817	0.05382	0.04174	0.14304	0.17834	0.04071	0.21878	0.01209	0.00717	0.00210	0.00519	0.03115	0.06476	0.00785

[dist]
