[name]
unknown

[dist]
# distance from previous block
# <min> <max>
0	23

[block]
# block no. 0 follows, 34 sequences, length 49
# corresponding to MSA columns:
# 23-71
name=unknown_A
#
# <colnr> <probs for GDERKNQSTAVLIFYWHMCP>
#	G	D	E	R	K	N	Q	S	T	A	V	L	I	F	Y	W	H	M	C	P
0	0.01168	0.00822	0.00964	0.00885	0.01129	0.00751	0.00674	0.07172	0.01623	0.07204	0.16474	0.15157	0.25525	0.05234	0.00862	0.00232	0.00422	0.04780	0.00607	0.08316
1	0.05265	0.08057	0.23722	0.15853	0.08046	0.07452	0.07677	0.04395	0.01464	0.05759	0.01288	0.03999	0.01019	0.00685	0.00653	0.00202	0.02688	0.00567	0.00347	0.00862
2	0.09323	0.05176	0.06680	0.10546	0.10362	0.04534	0.08939	0.18524	0.10168	0.02569	0.01447	0.01702	0.01123	0.02714	0.03229	0.00239	0.00798	0.00584	0.00440	0.00903
3	0.00901	0.00750	0.00857	0.00885	0.03834	0.00663	0.00616	0.01132	0.03759	0.01804	0.06670	0.13312	0.45252	0.05320	0.03519	0.00260	0.00435	0.01223	0.00554	0.08254
4	0.04297	0.01440	0.07435	0.05462	0.01817	0.06725	0.06238	0.10162	0.06820	0.07860	0.01866	0.10073	0.01572	0.00837	0.00605	0.00188	0.00626	0.00706	0.16805	0.08468
5	0.01968	0.14798	0.06651	0.15721	0.08559	0.03434	0.01440	0.31720	0.02100	0.05580	0.01337	0.01505	0.00998	0.00684	0.00603	0.00189	0.00759	0.00532	0.00463	0.00957
6	0.04519	0.06777	0.15260	0.06070	0.31157	0.01675	0.08861	0.10937	0.01610	0.02297	0.01209	0.01508	0.00954	0.00630	0.00684	0.00199	0.03793	0.00555	0.00352	0.00955
7	0.00967	0.00716	0.00969	0.00931	0.01059	0.00757	0.00682	0.01141	0.01061	0.01517	0.03664	0.02959	0.01878	0.24649	0.45654	0.00811	0.01264	0.00745	0.00372	0.08204
8	0.01533	0.30829	0.26242	0.01686	0.05306	0.03594	0.10964	0.01977	0.01380	0.01849	0.01079	0.01295	0.00867	0.00568	0.00546	0.00170	0.00825	0.00460	0.00295	0.08536
9	0.00847	0.00659	0.00758	0.00759	0.00930	0.00588	0.00570	0.01052	0.01538	0.01982	0.26242	0.07624	0.39438	0.07170	0.00963	0.00252	0.00367	0.07083	0.00618	0.00557
10	0.00813	0.00653	0.00725	0.00714	0.00905	0.00565	0.00533	0.01020	0.01578	0.02013	0.27675	0.08373	0.49061	0.01550	0.00765	0.00215	0.00322	0.01319	0.00636	0.00565
11	0.00787	0.00562	0.00750	0.00900	0.00937	0.00525	0.00600	0.00900	0.01237	0.01649	0.03561	0.76871	0.04274	0.02024	0.00825	0.00262	0.00375	0.01837	0.00600	0.00525
12	0.23568	0.01139	0.01356	0.01071	0.01545	0.01081	0.00884	0.02822	0.01653	0.55173	0.02117	0.01898	0.01364	0.00747	0.00584	0.00200	0.00537	0.00571	0.00695	0.00995
13	0.02456	0.01810	0.01939	0.01487	0.02004	0.02004	0.01228	0.71107	0.03038	0.04072	0.01551	0.01551	0.01099	0.00776	0.00646	0.00194	0.00711	0.00582	0.00646	0.01099
14	0.02331	0.01748	0.01869	0.01461	0.01956	0.01945	0.01198	0.61145	0.13204	0.03871	0.01710	0.01678	0.01227	0.00791	0.00648	0.00198	0.00682	0.00604	0.00648	0.01088
15	0.02456	0.01810	0.01939	0.01487	0.02004	0.02004	0.01228	0.71107	0.03038	0.04072	0.01551	0.01551	0.01099	0.00776	0.00646	0.00194	0.00711	0.00582	0.00646	0.01099
16	0.01365	0.01249	0.05154	0.01007	0.01587	0.00889	0.00852	0.01671	0.01352	0.03944	0.01243	0.03170	0.01046	0.00531	0.00498	0.00108	0.00503	0.00429	0.00393	0.73009
17	0.01288	0.01232	0.02118	0.64095	0.04182	0.01489	0.08345	0.03482	0.01348	0.01750	0.01163	0.01709	0.00878	0.00658	0.00712	0.00218	0.03700	0.00592	0.00300	0.00742
18	0.01220	0.01148	0.01938	0.75739	0.04450	0.01436	0.01794	0.01651	0.01292	0.01651	0.01148	0.01723	0.00861	0.00646	0.00646	0.00215	0.00861	0.00574	0.00287	0.00718
19	0.01144	0.00748	0.01072	0.03066	0.01241	0.00834	0.00805	0.01360	0.01137	0.08412	0.01881	0.05318	0.01731	0.09735	0.51333	0.00807	0.03377	0.00739	0.04641	0.00619
20	0.01382	0.05158	0.56736	0.01863	0.02675	0.01607	0.07672	0.04587	0.01403	0.02062	0.01149	0.01396	0.00845	0.00662	0.00764	0.00211	0.08102	0.00509	0.00292	0.00926
21	0.00764	0.00655	0.00655	0.00655	0.00873	0.00545	0.00491	0.00927	0.01473	0.01745	0.06546	0.06218	0.73000	0.01636	0.00764	0.00218	0.00327	0.01364	0.00600	0.00545
22	0.00848	0.00612	0.00808	0.00892	0.00980	0.00571	0.00640	0.01038	0.01447	0.01964	0.24640	0.46240	0.07153	0.01776	0.00810	0.00246	0.00372	0.07773	0.00633	0.00558
23	0.01536	0.01447	0.02026	0.08737	0.02132	0.01820	0.07570	0.07994	0.16293	0.02070	0.01355	0.01695	0.01121	0.00948	0.01422	0.00249	0.39743	0.00620	0.00398	0.00823
24	0.01578	0.43352	0.23196	0.01462	0.02119	0.02094	0.07011	0.02120	0.08082	0.01825	0.01170	0.01316	0.00947	0.00600	0.00522	0.00171	0.00780	0.00453	0.00316	0.00887
25	0.01175	0.01191	0.04761	0.01108	0.01374	0.09092	0.05080	0.01607	0.07949	0.02237	0.36272	0.05939	0.14154	0.01331	0.03650	0.00238	0.00561	0.01015	0.00585	0.00682
26	0.00945	0.00683	0.00926	0.01064	0.01185	0.00664	0.00869	0.01178	0.01412	0.01835	0.03694	0.27871	0.09009	0.01845	0.00863	0.00281	0.00510	0.43998	0.00597	0.00570
27	0.74789	0.05069	0.01104	0.00894	0.01299	0.04398	0.00741	0.01928	0.01139	0.02779	0.00904	0.01054	0.00711	0.00600	0.00408	0.00196	0.00535	0.00352	0.00391	0.00708
28	0.00859	0.00631	0.00696	0.00710	0.00799	0.00586	0.00457	0.00941	0.01196	0.01520	0.06279	0.12484	0.28555	0.39195	0.02022	0.00425	0.00480	0.01196	0.00500	0.00469
29	0.01679	0.05758	0.09061	0.13162	0.12438	0.05109	0.09302	0.08982	0.08560	0.06647	0.02857	0.01715	0.01177	0.00716	0.00773	0.00205	0.07629	0.00593	0.00412	0.03226
30	0.01910	0.35497	0.07958	0.01577	0.04463	0.27347	0.06328	0.02232	0.04063	0.01683	0.01055	0.01225	0.00888	0.00608	0.00529	0.00163	0.00900	0.00432	0.00315	0.00827
31	0.00827	0.00622	0.00731	0.00770	0.00884	0.00563	0.00532	0.00974	0.01378	0.01792	0.17059	0.28344	0.27487	0.13648	0.01182	0.00294	0.00386	0.01413	0.00587	0.00526
32	0.01588	0.06441	0.07284	0.07483	0.32495	0.01573	0.05571	0.04098	0.13577	0.04836	0.01648	0.03479	0.02810	0.00721	0.00696	0.00203	0.03501	0.00639	0.00408	0.00949
33	0.00993	0.00781	0.00914	0.00887	0.01076	0.00770	0.00661	0.01524	0.14873	0.02287	0.34885	0.15818	0.19235	0.01413	0.00752	0.00219	0.00359	0.01231	0.00660	0.00661
34	0.01025	0.00764	0.01038	0.04743	0.01404	0.00768	0.00962	0.01370	0.03889	0.02035	0.14703	0.06368	0.09719	0.01612	0.00841	0.00269	0.00536	0.46739	0.00601	0.00613
35	0.01445	0.01333	0.02167	0.03082	0.52743	0.01296	0.01607	0.01804	0.01526	0.02201	0.14788	0.02186	0.01978	0.00708	0.00648	0.00185	0.00652	0.00670	0.00400	0.08581
36	0.01536	0.01265	0.01445	0.01050	0.01614	0.01062	0.00847	0.13822	0.01638	0.02451	0.01219	0.01377	0.00982	0.00531	0.00508	0.00113	0.00519	0.00418	0.00429	0.67176
37	0.02136	0.03490	0.04461	0.01500	0.01934	0.10346	0.01249	0.39933	0.15540	0.03161	0.01595	0.01637	0.01192	0.00805	0.00775	0.00203	0.07911	0.00580	0.00556	0.00996
38	0.00965	0.00624	0.00695	0.00695	0.00709	0.00624	0.00397	0.00993	0.00979	0.01363	0.02043	0.04055	0.02283	0.70007	0.03019	0.00581	0.00595	0.00908	0.08053	0.00412
39	0.01459	0.02759	0.54420	0.01724	0.04928	0.01359	0.02008	0.02084	0.01409	0.08592	0.01287	0.01445	0.00917	0.00610	0.00599	0.00188	0.00843	0.00483	0.00338	0.12548
40	0.01296	0.03342	0.73944	0.01842	0.02797	0.01501	0.02387	0.02046	0.01364	0.02046	0.01160	0.01364	0.00818	0.00614	0.00614	0.00205	0.00955	0.00477	0.00273	0.00955
41	0.02016	0.41855	0.02680	0.01486	0.05314	0.33541	0.01210	0.02215	0.01544	0.01575	0.00957	0.01119	0.00840	0.00603	0.00498	0.00153	0.00899	0.00387	0.00303	0.00804
42	0.00787	0.00562	0.00750	0.00900	0.00937	0.00525	0.00600	0.00900	0.01237	0.01649	0.03561	0.76871	0.04274	0.02024	0.00825	0.00262	0.00375	0.01837	0.00600	0.00525
43	0.01764	0.73751	0.03304	0.01135	0.01676	0.06357	0.01113	0.01969	0.01340	0.01523	0.00904	0.01043	0.00829	0.00559	0.00423	0.00140	0.00716	0.00349	0.00279	0.00825
44	0.01574	0.01498	0.02501	0.03680	0.66434	0.01471	0.01867	0.01949	0.01459	0.02110	0.01209	0.01574	0.01017	0.00566	0.00624	0.00183	0.00740	0.00557	0.00326	0.08659
45	0.04942	0.01559	0.07111	0.05931	0.04685	0.01513	0.05652	0.26719	0.10788	0.12150	0.01947	0.09045	0.01579	0.00887	0.00667	0.00211	0.00675	0.02412	0.00572	0.00957
46	0.01349	0.01443	0.05521	0.01793	0.12350	0.11189	0.09568	0.04173	0.01468	0.01891	0.03984	0.31523	0.04092	0.01243	0.00811	0.00226	0.05085	0.01103	0.00457	0.00729
47	0.00924	0.00687	0.01011	0.01011	0.01117	0.00793	0.00774	0.01136	0.01030	0.01480	0.01756	0.02676	0.01675	0.10758	0.68902	0.01005	0.01641	0.00712	0.00350	0.00562
48	0.08016	0.01569	0.14493	0.07847	0.12755	0.01300	0.03054	0.10070	0.04076	0.04081	0.12236	0.07240	0.07062	0.00919	0.00692	0.00209	0.02299	0.00776	0.00472	0.00833

[dist]
# distance from previous block
# <min> <max>
0	1

[block]
# block no. 1 follows, 34 sequences, length 22
# corresponding to MSA columns:
# 73-94
name=unknown_B
#
# <colnr> <probs for GDERKNQSTAVLIFYWHMCP>
#	G	D	E	R	K	N	Q	S	T	A	V	L	I	F	Y	W	H	M	C	P
0	0.01987	0.26649	0.02402	0.12087	0.05846	0.28183	0.01314	0.10816	0.01721	0.01911	0.01068	0.01273	0.00879	0.00636	0.00548	0.00169	0.00892	0.00445	0.00347	0.00828
1	0.01536	0.01142	0.01360	0.00981	0.01546	0.00872	0.00789	0.01818	0.01404	0.11098	0.01324	0.01448	0.01038	0.00519	0.00500	0.00109	0.00487	0.00416	0.00435	0.71177
2	0.01024	0.00848	0.01092	0.01290	0.12439	0.00794	0.00806	0.05130	0.01595	0.02080	0.17348	0.14739	0.35554	0.01414	0.00745	0.00216	0.00421	0.01224	0.00579	0.00662
3	0.20257	0.13065	0.20337	0.11115	0.09410	0.01658	0.11673	0.01943	0.01320	0.02129	0.01086	0.01366	0.00841	0.00592	0.00563	0.00196	0.00799	0.00491	0.00317	0.00842
4	0.00923	0.00692	0.01038	0.01038	0.01154	0.00808	0.00808	0.01154	0.01038	0.01500	0.01731	0.02538	0.01615	0.04846	0.74732	0.01038	0.01731	0.00692	0.00346	0.00577
5	0.01226	0.00729	0.00963	0.00866	0.01073	0.00663	0.00663	0.01522	0.01832	0.13746	0.61883	0.04414	0.05391	0.01239	0.00744	0.00203	0.00343	0.01087	0.00725	0.00687
6	0.01304	0.01257	0.06724	0.21596	0.06932	0.01266	0.06596	0.03440	0.01395	0.04909	0.06918	0.11584	0.05304	0.00988	0.00891	0.00223	0.11654	0.00825	0.05450	0.00742
7	0.01836	0.61474	0.09403	0.01176	0.01758	0.02261	0.01200	0.02097	0.01385	0.10633	0.01129	0.01212	0.00925	0.00589	0.00462	0.00152	0.00697	0.00395	0.00342	0.00874
8	0.01607	0.01388	0.01461	0.01315	0.01680	0.01607	0.01023	0.03433	0.72094	0.02703	0.02630	0.02411	0.01972	0.00877	0.00657	0.00219	0.00511	0.00731	0.00657	0.01023
9	0.02015	0.01279	0.01384	0.01115	0.01489	0.01367	0.00904	0.38035	0.02280	0.09869	0.01858	0.01941	0.01360	0.00769	0.00572	0.00178	0.00538	0.00596	0.31543	0.00908
10	0.06537	0.01347	0.01756	0.20245	0.16918	0.10421	0.04212	0.01723	0.01341	0.04141	0.01486	0.08674	0.01368	0.04692	0.06790	0.05713	0.00851	0.00692	0.00363	0.00729
11	0.30719	0.01407	0.10459	0.03492	0.01644	0.01295	0.03231	0.01948	0.01264	0.13335	0.01406	0.01722	0.01103	0.05733	0.03943	0.00268	0.08839	0.00528	0.06896	0.00768
12	0.01599	0.01535	0.02623	0.03966	0.73262	0.01535	0.01983	0.01983	0.01471	0.02111	0.01215	0.01599	0.01023	0.00576	0.00640	0.00192	0.00768	0.00576	0.00320	0.01023
13	0.04752	0.01081	0.01410	0.01132	0.01567	0.00985	0.00915	0.06078	0.04468	0.56693	0.02586	0.11522	0.01901	0.00950	0.00665	0.00208	0.00533	0.00790	0.00751	0.01013
14	0.01491	0.15083	0.15237	0.04281	0.07962	0.01580	0.16728	0.03975	0.05692	0.04991	0.03902	0.08929	0.03578	0.00814	0.00691	0.00204	0.02876	0.00732	0.00400	0.00856
15	0.27501	0.04808	0.06052	0.01182	0.01631	0.06936	0.01023	0.25944	0.01906	0.05225	0.01352	0.01458	0.01009	0.00690	0.00527	0.00187	0.00635	0.00484	0.10587	0.00863
16	0.00954	0.00684	0.00758	0.00759	0.00972	0.00588	0.00576	0.01127	0.01474	0.07468	0.05655	0.14840	0.54305	0.01628	0.00770	0.00227	0.00368	0.05642	0.00616	0.00590
17	0.00926	0.00669	0.00847	0.03303	0.01099	0.00622	0.00664	0.01152	0.01537	0.03846	0.27485	0.22726	0.21210	0.01564	0.00776	0.00229	0.00379	0.07803	0.02576	0.00588
18	0.03154	0.08000	0.23231	0.03881	0.06338	0.01609	0.21941	0.05646	0.03168	0.08404	0.03020	0.01656	0.01111	0.00665	0.00738	0.00207	0.05336	0.00603	0.00379	0.00912
19	0.03444	0.33990	0.13908	0.10679	0.02216	0.01825	0.06860	0.03528	0.01372	0.01783	0.01628	0.01848	0.07985	0.00959	0.05247	0.00233	0.00812	0.00556	0.00330	0.00798
20	0.00962	0.00758	0.01188	0.01143	0.01271	0.00728	0.09451	0.01128	0.01271	0.03521	0.03166	0.56953	0.05576	0.06000	0.00991	0.00275	0.02922	0.01566	0.00549	0.00582
21	0.03711	0.03567	0.10954	0.01906	0.17236	0.03207	0.03000	0.08860	0.12071	0.18762	0.03504	0.03996	0.04735	0.00797	0.00645	0.00202	0.00668	0.00673	0.00533	0.00973

[dist]
# distance from previous block
# <min> <max>
1	20

[block]
# block no. 2 follows, 34 sequences, length 40
# corresponding to MSA columns:
# 115-154
name=unknown_C
#
# <colnr> <probs for GDERKNQSTAVLIFYWHMCP>
#	G	D	E	R	K	N	Q	S	T	A	V	L	I	F	Y	W	H	M	C	P
0	0.08234	0.05026	0.05702	0.01218	0.01584	0.08767	0.04592	0.11370	0.06292	0.04246	0.05878	0.02735	0.09923	0.11900	0.01048	0.00257	0.02619	0.02271	0.00477	0.05861
1	0.07032	0.10152	0.11411	0.01593	0.07407	0.09541	0.06398	0.14614	0.01758	0.06470	0.03272	0.01719	0.03432	0.00693	0.00584	0.00179	0.00734	0.00552	0.05599	0.06860
2	0.03882	0.01574	0.04488	0.11104	0.43817	0.04171	0.03637	0.06548	0.07572	0.02223	0.01413	0.04165	0.01177	0.00675	0.00642	0.00200	0.00761	0.00621	0.00377	0.00953
3	0.06723	0.03009	0.04194	0.01165	0.05339	0.01033	0.00911	0.04205	0.01423	0.04260	0.03550	0.01475	0.01128	0.00546	0.00506	0.00123	0.00523	0.00434	0.00406	0.59047
4	0.01691	0.01477	0.02419	0.05498	0.51830	0.01479	0.05811	0.07888	0.01628	0.06945	0.01660	0.01929	0.05453	0.00673	0.00656	0.00196	0.00743	0.00640	0.00396	0.00987
5	0.00807	0.00592	0.00757	0.00851	0.00933	0.00543	0.00587	0.00960	0.01374	0.01829	0.16259	0.54376	0.14064	0.01846	0.00805	0.00246	0.00356	0.01653	0.00620	0.00543
6	0.00855	0.00658	0.00781	0.00750	0.00929	0.00584	0.00563	0.01104	0.01688	0.02257	0.46683	0.05377	0.32543	0.01446	0.00763	0.00209	0.00314	0.01246	0.00667	0.00584
7	0.00808	0.00653	0.00719	0.00709	0.00902	0.00563	0.00529	0.01011	0.01568	0.01987	0.25687	0.08346	0.51136	0.01559	0.00765	0.00215	0.00322	0.01324	0.00632	0.00563
8	0.01180	0.00607	0.00625	0.00620	0.00771	0.00603	0.00465	0.01481	0.01395	0.02424	0.08150	0.02615	0.02035	0.00801	0.00478	0.00155	0.00301	0.00651	0.74039	0.00603
9	0.02899	0.01100	0.01499	0.01150	0.01649	0.00950	0.00950	0.03149	0.01849	0.73709	0.02549	0.02199	0.01599	0.00800	0.00650	0.00200	0.00550	0.00650	0.00800	0.01100
10	0.01727	0.77681	0.03386	0.01106	0.01658	0.02557	0.01106	0.01935	0.01313	0.01520	0.00898	0.01036	0.00829	0.00553	0.00415	0.00138	0.00691	0.00345	0.00276	0.00829
11	0.01607	0.01388	0.01461	0.01315	0.01680	0.01607	0.01023	0.03433	0.72094	0.02703	0.02630	0.02411	0.01972	0.00877	0.00657	0.00219	0.00511	0.00731	0.00657	0.01023
12	0.00908	0.00672	0.00785	0.00749	0.00944	0.00590	0.00564	0.01144	0.01661	0.04517	0.39105	0.05401	0.37712	0.01454	0.00759	0.00210	0.00324	0.01244	0.00661	0.00595
13	0.00890	0.00662	0.00830	0.00796	0.00961	0.00602	0.00602	0.01167	0.01748	0.02404	0.57587	0.05184	0.18934	0.01399	0.00767	0.00210	0.00320	0.03655	0.00686	0.00597
14	0.00971	0.00678	0.00763	0.00752	0.00952	0.00586	0.00555	0.01142	0.01484	0.07936	0.12070	0.16477	0.47302	0.04328	0.00854	0.00237	0.00362	0.01341	0.00620	0.00590
15	0.12075	0.67811	0.03071	0.01073	0.01606	0.02414	0.01053	0.01930	0.01285	0.01698	0.00898	0.01038	0.00812	0.00559	0.00413	0.00146	0.00666	0.00346	0.00292	0.00812
16	0.03798	0.01448	0.01677	0.03466	0.11788	0.07665	0.01147	0.15609	0.04625	0.11154	0.01503	0.01689	0.01155	0.00815	0.00839	0.04909	0.07457	0.00548	0.07335	0.11373
17	0.01827	0.44877	0.08836	0.01396	0.03442	0.11712	0.03531	0.05691	0.07882	0.03628	0.01184	0.01295	0.00974	0.00620	0.00509	0.00163	0.00771	0.00439	0.00352	0.00873
18	0.24929	0.08481	0.03809	0.01552	0.06742	0.40807	0.01164	0.02277	0.01542	0.02002	0.00982	0.01158	0.00807	0.00630	0.00522	0.00177	0.00903	0.00404	0.00345	0.00766
19	0.01473	0.01541	0.06375	0.15071	0.21773	0.09401	0.05671	0.01919	0.05512	0.04276	0.09857	0.02571	0.08254	0.00836	0.00674	0.00204	0.00741	0.02599	0.00424	0.00827
20	0.00798	0.00661	0.00702	0.00705	0.00911	0.00565	0.00537	0.00986	0.01515	0.01856	0.14165	0.06118	0.61056	0.01608	0.00771	0.00221	0.00340	0.05317	0.00613	0.00556
21	0.01022	0.00846	0.01162	0.01129	0.01236	0.03284	0.00885	0.01238	0.01064	0.01513	0.01659	0.04453	0.01578	0.04213	0.62067	0.00903	0.10105	0.00701	0.00346	0.00596
22	0.08170	0.03164	0.67716	0.01757	0.02665	0.01496	0.02243	0.02034	0.01342	0.02119	0.01137	0.01337	0.00808	0.00613	0.00596	0.00204	0.00916	0.00467	0.00284	0.00933
23	0.01599	0.01535	0.02623	0.03966	0.73262	0.01535	0.01983	0.01983	0.01471	0.02111	0.01215	0.01599	0.01023	0.00576	0.00640	0.00192	0.00768	0.00576	0.00320	0.01023
24	0.01340	0.01148	0.01340	0.00957	0.01531	0.00861	0.00766	0.01627	0.01340	0.02105	0.01148	0.01340	0.00957	0.00479	0.00479	0.00096	0.00479	0.00383	0.00383	0.81242
25	0.23128	0.01372	0.04174	0.01903	0.17948	0.01393	0.09817	0.05811	0.01448	0.02363	0.06306	0.02288	0.11289	0.00833	0.00741	0.00210	0.07077	0.00681	0.00420	0.00800
26	0.01628	0.08340	0.15456	0.03162	0.04202	0.06235	0.01334	0.12633	0.22140	0.02437	0.03939	0.02084	0.05183	0.00916	0.02597	0.00222	0.03183	0.00634	0.02765	0.00910
27	0.01715	0.01610	0.07802	0.14056	0.32450	0.01532	0.01669	0.17222	0.01766	0.04636	0.01309	0.01604	0.01016	0.00688	0.00691	0.02774	0.00754	0.00559	0.00401	0.05748
28	0.01542	0.18568	0.39369	0.01970	0.10538	0.06061	0.06882	0.04325	0.01460	0.01984	0.01125	0.01344	0.00866	0.00600	0.00585	0.00188	0.00892	0.00481	0.00299	0.00923
29	0.01315	0.08291	0.01507	0.10111	0.08528	0.01141	0.01000	0.01828	0.11801	0.07270	0.26215	0.05695	0.10620	0.01051	0.00682	0.00203	0.00504	0.00904	0.00565	0.00768
30	0.01482	0.01673	0.03632	0.02616	0.03233	0.01569	0.66776	0.02001	0.01508	0.02045	0.01440	0.06165	0.01174	0.00632	0.00766	0.00220	0.01047	0.00826	0.00343	0.00851
31	0.00886	0.00668	0.00909	0.02701	0.04190	0.00659	0.00723	0.01075	0.02862	0.01682	0.03306	0.51010	0.07675	0.06509	0.07260	0.00344	0.00548	0.05880	0.00548	0.00564
32	0.01610	0.05273	0.15197	0.17385	0.21260	0.04189	0.05349	0.04081	0.07426	0.07895	0.01468	0.03499	0.01143	0.00682	0.00637	0.00202	0.00798	0.00601	0.00387	0.00918
33	0.01909	0.02222	0.01529	0.01439	0.01700	0.46947	0.01095	0.02176	0.05388	0.01660	0.01601	0.02526	0.01521	0.07490	0.07566	0.00305	0.01052	0.10782	0.00396	0.00696
34	0.00787	0.00562	0.00750	0.00900	0.00937	0.00525	0.00600	0.00900	0.01237	0.01649	0.03561	0.76871	0.04274	0.02024	0.00825	0.00262	0.00375	0.01837	0.00600	0.00525
35	0.01457	0.01255	0.04046	0.06246	0.16627	0.03662	0.02862	0.05694	0.01492	0.08087	0.02316	0.16878	0.05810	0.01176	0.00899	0.00234	0.09919	0.10078	0.00477	0.00785
36	0.03518	0.03593	0.02227	0.12095	0.38577	0.03067	0.01645	0.07776	0.03812	0.02110	0.01214	0.01600	0.01010	0.00775	0.00907	0.04973	0.09297	0.00564	0.00349	0.00893
37	0.00939	0.00629	0.00717	0.00717	0.00721	0.00633	0.00407	0.00947	0.00943	0.01262	0.02025	0.04166	0.02322	0.74637	0.05907	0.00642	0.00667	0.00931	0.00390	0.00398
38	0.01206	0.00761	0.00887	0.12086	0.01408	0.00815	0.00711	0.01652	0.07737	0.02264	0.02388	0.02630	0.07651	0.00823	0.00526	0.00172	0.00407	0.00675	0.54548	0.00653
39	0.01216	0.11886	0.01830	0.06198	0.07802	0.03582	0.07340	0.01489	0.01197	0.01612	0.01479	0.02125	0.01343	0.05085	0.42158	0.00673	0.01340	0.00630	0.00329	0.00687

[dist]
# distance from previous block
# <min> <max>
1	6

[block]
# block no. 3 follows, 34 sequences, length 19
# corresponding to MSA columns:
# 161-179
name=unknown_D
#
# <colnr> <probs for GDERKNQSTAVLIFYWHMCP>
#	G	D	E	R	K	N	Q	S	T	A	V	L	I	F	Y	W	H	M	C	P
0	0.06389	0.06395	0.22066	0.05224	0.14367	0.05721	0.05456	0.06609	0.01491	0.03667	0.01228	0.03143	0.00989	0.00667	0.00686	0.00191	0.05359	0.00532	0.00352	0.09468
1	0.01224	0.01022	0.01193	0.00906	0.01360	0.00802	0.00702	0.01470	0.01312	0.01981	0.04092	0.02175	0.06662	0.08953	0.03665	0.00201	0.00525	0.00554	0.00410	0.60792
2	0.00874	0.00639	0.00810	0.00846	0.00965	0.00593	0.00620	0.01083	0.01516	0.02048	0.32205	0.24947	0.14305	0.07255	0.00981	0.00263	0.00381	0.08479	0.00629	0.00560
3	0.01573	0.01715	0.09623	0.29422	0.15086	0.09103	0.01639	0.10771	0.05547	0.02175	0.04547	0.01853	0.02732	0.00713	0.00643	0.00202	0.00813	0.00600	0.00387	0.00856
4	0.01008	0.00684	0.00876	0.00815	0.00993	0.00622	0.00616	0.01295	0.01792	0.06428	0.61956	0.04830	0.12983	0.01326	0.00756	0.00205	0.00321	0.01161	0.00704	0.00630
5	0.01467	0.00872	0.01129	0.00983	0.01223	0.00861	0.00775	0.01764	0.03721	0.20363	0.35363	0.03938	0.14381	0.01203	0.00876	0.00214	0.08461	0.00990	0.00670	0.00746
6	0.01607	0.01388	0.01461	0.01315	0.01680	0.01607	0.01023	0.03433	0.72094	0.02703	0.02630	0.02411	0.01972	0.00877	0.00657	0.00219	0.00511	0.00731	0.00657	0.01023
7	0.08692	0.01236	0.01536	0.01187	0.01682	0.01173	0.00980	0.15058	0.02004	0.56146	0.02250	0.01999	0.01444	0.00781	0.00631	0.00199	0.00575	0.00615	0.00743	0.01070
8	0.00901	0.00650	0.00852	0.00822	0.00962	0.00601	0.00609	0.01185	0.01766	0.02491	0.65524	0.12510	0.05902	0.01396	0.00769	0.00210	0.00312	0.01240	0.00699	0.00601
9	0.01769	0.01606	0.01600	0.12252	0.02126	0.13084	0.01165	0.08306	0.38665	0.05596	0.05443	0.02152	0.01742	0.00819	0.00648	0.00207	0.00674	0.00664	0.00560	0.00924
10	0.00808	0.00624	0.00738	0.00777	0.00917	0.00554	0.00557	0.00989	0.01478	0.01918	0.21663	0.30142	0.33128	0.01693	0.00784	0.00230	0.00338	0.01479	0.00627	0.00554
11	0.00896	0.00676	0.00757	0.00733	0.00941	0.00585	0.00557	0.01108	0.01590	0.04758	0.25457	0.05690	0.49147	0.01517	0.00762	0.00215	0.00336	0.03047	0.00640	0.00587
12	0.01259	0.01148	0.03578	0.15418	0.24887	0.01135	0.02657	0.04083	0.01533	0.02131	0.15443	0.09838	0.07876	0.00968	0.00683	0.00206	0.00609	0.00872	0.04896	0.00780
13	0.01143	0.04339	0.01007	0.00875	0.00946	0.00741	0.00617	0.03524	0.01075	0.01449	0.08930	0.02499	0.01809	0.10328	0.07809	0.50838	0.00643	0.00667	0.00357	0.00407
14	0.01529	0.14386	0.04006	0.05980	0.09525	0.06321	0.07417	0.05183	0.04598	0.05980	0.09503	0.02412	0.08574	0.01156	0.06924	0.00258	0.00772	0.00692	0.00441	0.04343
15	0.18288	0.07412	0.01586	0.01280	0.04982	0.11735	0.03614	0.11094	0.05086	0.02507	0.03965	0.01649	0.01255	0.00679	0.00527	0.00172	0.00629	0.00511	0.14155	0.08873
16	0.10641	0.01456	0.03242	0.06036	0.23640	0.04847	0.01315	0.10561	0.04512	0.06537	0.01393	0.01634	0.01097	0.00945	0.06095	0.00243	0.00755	0.00535	0.02311	0.12204
17	0.14052	0.14581	0.11606	0.01611	0.08097	0.18997	0.05699	0.02021	0.03423	0.01961	0.01626	0.05819	0.06424	0.00767	0.00576	0.00188	0.00792	0.00596	0.00368	0.00794
18	0.01819	0.28092	0.06429	0.04296	0.03863	0.12193	0.01269	0.14524	0.04813	0.02164	0.05628	0.01545	0.01265	0.00740	0.00718	0.00183	0.08695	0.00512	0.00397	0.00857

[dist]
# distance from previous block
# <min> <max>
2	16

[block]
# block no. 4 follows, 34 sequences, length 49
# corresponding to MSA columns:
# 197-245
name=unknown_E
#
# <colnr> <probs for GDERKNQSTAVLIFYWHMCP>
#	G	D	E	R	K	N	Q	S	T	A	V	L	I	F	Y	W	H	M	C	P
0	0.01450	0.09280	0.11630	0.03829	0.07821	0.03531	0.03395	0.06848	0.18390	0.02201	0.07544	0.07207	0.03994	0.07324	0.00902	0.00241	0.02341	0.00760	0.00474	0.00838
1	0.01800	0.01613	0.09330	0.03684	0.02204	0.01370	0.14340	0.13979	0.08792	0.12426	0.01591	0.01692	0.01159	0.00645	0.00621	0.00177	0.00706	0.00575	0.00489	0.22809
2	0.00971	0.00684	0.00810	0.00789	0.00798	0.00726	0.00484	0.00998	0.00973	0.01322	0.03982	0.03986	0.02325	0.67013	0.05986	0.00607	0.05819	0.00911	0.00391	0.00427
3	0.01425	0.10061	0.10950	0.06334	0.01939	0.03148	0.04235	0.03892	0.07023	0.01901	0.01324	0.01695	0.01109	0.01203	0.07881	0.00294	0.24845	0.00565	0.09401	0.00774
4	0.01442	0.24843	0.48141	0.01748	0.05598	0.01813	0.04069	0.02012	0.01359	0.01897	0.01090	0.01291	0.00836	0.00592	0.00562	0.00185	0.00874	0.00452	0.00278	0.00919
5	0.01249	0.01715	0.21262	0.01536	0.04845	0.01226	0.09412	0.02027	0.17720	0.02226	0.13376	0.05055	0.13635	0.00976	0.00695	0.00213	0.00645	0.00858	0.00498	0.00833
6	0.01741	0.01455	0.01536	0.01342	0.01731	0.01670	0.01055	0.14113	0.61197	0.02919	0.02460	0.02275	0.01835	0.00861	0.00656	0.00215	0.00543	0.00707	0.00656	0.01035
7	0.01542	0.15381	0.27662	0.09579	0.23221	0.03939	0.01877	0.02052	0.03116	0.04073	0.01201	0.01455	0.00936	0.00609	0.00591	0.00189	0.00829	0.00502	0.00315	0.00929
8	0.00859	0.00637	0.00806	0.00837	0.00968	0.00583	0.00617	0.01082	0.01567	0.02116	0.35591	0.26123	0.17603	0.01616	0.00790	0.00230	0.00351	0.06400	0.00650	0.00572
9	0.01019	0.00820	0.01161	0.01102	0.01184	0.00992	0.00853	0.01210	0.01092	0.01584	0.08444	0.02756	0.01991	0.12990	0.44503	0.00760	0.15837	0.00745	0.00375	0.00582
10	0.00979	0.00630	0.00711	0.00719	0.00746	0.00630	0.00436	0.01034	0.01023	0.01438	0.02123	0.04169	0.02338	0.63347	0.02794	0.00548	0.00583	0.04710	0.10613	0.00430
11	0.01713	0.75218	0.05723	0.01130	0.01696	0.02522	0.01148	0.01938	0.01315	0.01538	0.00907	0.01047	0.00829	0.00555	0.00421	0.00140	0.00700	0.00350	0.00276	0.00833
12	0.08572	0.03837	0.01806	0.01614	0.10331	0.12331	0.01159	0.24316	0.01960	0.04666	0.01267	0.01407	0.00982	0.00653	0.00609	0.00167	0.02790	0.00484	0.00460	0.20588
13	0.04329	0.10153	0.12508	0.02000	0.13391	0.15117	0.08991	0.09127	0.11780	0.04374	0.01409	0.01554	0.01084	0.00662	0.00611	0.00191	0.00837	0.00546	0.00409	0.00926
14	0.00907	0.00733	0.00796	0.00794	0.00981	0.00690	0.00583	0.01263	0.09793	0.01882	0.11247	0.12459	0.42135	0.09358	0.01021	0.00266	0.00391	0.03512	0.00595	0.00592
15	0.01375	0.01167	0.01348	0.00996	0.01538	0.00937	0.00792	0.03878	0.06224	0.02193	0.01337	0.03767	0.01134	0.00563	0.00507	0.00112	0.00485	0.00458	0.00416	0.70773
16	0.01186	0.01298	0.11596	0.09716	0.07149	0.01067	0.01182	0.06600	0.04346	0.02035	0.05339	0.27648	0.07925	0.01231	0.00750	0.00220	0.02925	0.01068	0.00483	0.06233
17	0.04320	0.06681	0.20217	0.05939	0.06317	0.01634	0.05343	0.15327	0.08365	0.12043	0.01523	0.01638	0.01107	0.00721	0.00724	0.00205	0.05909	0.00565	0.00462	0.00961
18	0.00846	0.00636	0.00770	0.00817	0.00932	0.00588	0.00572	0.01057	0.03458	0.01893	0.20255	0.35186	0.21462	0.07290	0.00972	0.00263	0.00369	0.01467	0.00612	0.00554
19	0.00793	0.00607	0.00728	0.00801	0.00917	0.00542	0.00561	0.00945	0.01388	0.01789	0.12332	0.43217	0.29445	0.01805	0.00796	0.00240	0.00350	0.01591	0.00612	0.00542
20	0.01415	0.05568	0.37100	0.07025	0.06340	0.06880	0.13308	0.01960	0.01393	0.01915	0.01310	0.01616	0.02622	0.00878	0.04698	0.00250	0.03990	0.00562	0.00302	0.00868
21	0.01701	0.33973	0.20853	0.01389	0.01979	0.04113	0.03431	0.04135	0.01452	0.09674	0.01370	0.01745	0.01135	0.00869	0.03614	0.00216	0.02398	0.04710	0.00370	0.00870
22	0.00923	0.00692	0.01038	0.01038	0.01154	0.00808	0.00808	0.01154	0.01038	0.01500	0.01731	0.02538	0.01615	0.04846	0.74732	0.01038	0.01731	0.00692	0.00346	0.00577
23	0.01018	0.00745	0.00929	0.00852	0.01036	0.00708	0.00647	0.06360	0.01894	0.02643	0.63115	0.04680	0.10299	0.01302	0.00754	0.00204	0.00336	0.01139	0.00699	0.00641
24	0.03517	0.14817	0.29029	0.10508	0.06987	0.10651	0.04503	0.03666	0.01486	0.07305	0.01212	0.01418	0.00908	0.00626	0.00587	0.00189	0.00874	0.00490	0.00338	0.00890
25	0.02370	0.01862	0.01884	0.01483	0.01972	0.07333	0.01209	0.59405	0.09726	0.03754	0.01616	0.01607	0.01165	0.00777	0.00643	0.00194	0.00725	0.00584	0.00624	0.01066
26	0.52435	0.07307	0.15073	0.03604	0.06859	0.01547	0.01175	0.01928	0.01198	0.02541	0.00979	0.01169	0.00760	0.00599	0.00466	0.00196	0.00630	0.00397	0.00357	0.00781
27	0.01773	0.52619	0.18370	0.01269	0.01903	0.02139	0.01363	0.02102	0.01387	0.10156	0.01149	0.01244	0.00918	0.00595	0.00485	0.00160	0.00731	0.00410	0.00337	0.00888
28	0.64739	0.01217	0.01069	0.00915	0.01336	0.01341	0.00754	0.02170	0.01262	0.18250	0.01257	0.01299	0.00895	0.00643	0.00454	0.00200	0.00511	0.00415	0.00487	0.00786
29	0.00802	0.00589	0.00755	0.00871	0.00946	0.00542	0.00603	0.00940	0.01316	0.01730	0.08055	0.59639	0.14243	0.01917	0.00815	0.00254	0.00373	0.04468	0.00606	0.00536
30	0.01798	0.08217	0.15160	0.02055	0.04600	0.18574	0.27793	0.02224	0.01568	0.07614	0.01339	0.03681	0.01051	0.00649	0.00657	0.00196	0.00980	0.00616	0.00360	0.00867
31	0.01406	0.00769	0.01021	0.00896	0.01135	0.00694	0.00694	0.01697	0.01834	0.20198	0.55498	0.04176	0.04983	0.01192	0.00734	0.00202	0.00365	0.01040	0.00733	0.00731
32	0.11396	0.01116	0.01440	0.01117	0.01606	0.01003	0.00923	0.03014	0.01769	0.66089	0.02372	0.02076	0.01503	0.00778	0.00623	0.00200	0.00544	0.00617	0.00757	0.01057
33	0.81856	0.01250	0.00950	0.00850	0.01250	0.01449	0.00700	0.01899	0.01100	0.02899	0.00900	0.01050	0.00700	0.00600	0.00400	0.00200	0.00500	0.00350	0.00400	0.00700
34	0.81856	0.01250	0.00950	0.00850	0.01250	0.01449	0.00700	0.01899	0.01100	0.02899	0.00900	0.01050	0.00700	0.00600	0.00400	0.00200	0.00500	0.00350	0.00400	0.00700
35	0.00912	0.00622	0.00705	0.00720	0.00740	0.00610	0.00419	0.00935	0.01008	0.01328	0.02519	0.11536	0.07756	0.64286	0.02859	0.00560	0.00580	0.01059	0.00427	0.00416
36	0.01534	0.01435	0.02240	0.03266	0.55625	0.04601	0.01721	0.01891	0.01481	0.02084	0.01559	0.02389	0.01415	0.00752	0.00658	0.00202	0.00730	0.09627	0.05861	0.00926
37	0.00803	0.00656	0.00709	0.00696	0.00897	0.00562	0.00522	0.01003	0.01565	0.01965	0.23789	0.05857	0.55619	0.01554	0.00763	0.00214	0.00321	0.01313	0.00629	0.00562
38	0.01525	0.01743	0.03813	0.02723	0.03377	0.01634	0.70915	0.02070	0.01525	0.02070	0.01307	0.01743	0.00980	0.00545	0.00763	0.00218	0.01089	0.00763	0.00327	0.00871
39	0.48206	0.07876	0.03057	0.01052	0.01496	0.01602	0.00896	0.11289	0.09505	0.07733	0.01301	0.01355	0.00972	0.00664	0.00485	0.00196	0.00559	0.00447	0.00476	0.00833
40	0.06719	0.00961	0.01265	0.01083	0.01330	0.00947	0.08198	0.06535	0.04248	0.03977	0.02601	0.11125	0.11366	0.25073	0.03791	0.00366	0.00624	0.02831	0.00479	0.06481
41	0.29967	0.01546	0.01459	0.01179	0.01623	0.04859	0.00963	0.35075	0.02093	0.03324	0.01319	0.01411	0.00982	0.00692	0.00534	0.00186	0.00615	0.00484	0.06457	0.05231
42	0.59077	0.01206	0.01108	0.00936	0.01365	0.01305	0.00772	0.02260	0.01316	0.23328	0.01376	0.01381	0.00959	0.00657	0.00472	0.00200	0.00514	0.00436	0.00515	0.00815
43	0.01647	0.00963	0.01139	0.00996	0.01311	0.00933	0.00790	0.07613	0.11005	0.21518	0.12760	0.05945	0.19656	0.01166	0.00699	0.00211	0.00454	0.04714	0.05664	0.00816
44	0.00891	0.00651	0.00836	0.00941	0.01048	0.00617	0.00719	0.01073	0.01356	0.01759	0.06037	0.31648	0.15472	0.08690	0.01060	0.00299	0.00465	0.25313	0.00583	0.00544
45	0.00785	0.00655	0.00684	0.00677	0.00886	0.00555	0.00508	0.00969	0.01523	0.01866	0.15982	0.06020	0.63488	0.01592	0.00763	0.00216	0.00324	0.01336	0.00616	0.00555
46	0.01698	0.03741	0.12138	0.13975	0.31803	0.09272	0.04562	0.11084	0.01671	0.02218	0.01215	0.01527	0.00954	0.00626	0.00632	0.00195	0.00853	0.00548	0.00352	0.00938
47	0.09336	0.01439	0.02183	0.18356	0.36127	0.01547	0.03804	0.10704	0.03802	0.02350	0.01327	0.01768	0.01077	0.00663	0.00631	0.00203	0.00751	0.02632	0.00381	0.00919
48	0.00784	0.00655	0.00683	0.00676	0.00885	0.00554	0.00507	0.00967	0.01521	0.01859	0.15467	0.06031	0.64007	0.01594	0.00763	0.00216	0.00324	0.01337	0.00615	0.00554

[dist]
# distance from previous block
# <min> <max>
0	2

[block]
# block no. 5 follows, 34 sequences, length 23
# corresponding to MSA columns:
# 248-270
name=unknown_F
#
# <colnr> <probs for GDERKNQSTAVLIFYWHMCP>
#	G	D	E	R	K	N	Q	S	T	A	V	L	I	F	Y	W	H	M	C	P
0	0.01780	0.20844	0.32617	0.01607	0.02254	0.26752	0.01695	0.02202	0.01511	0.01763	0.01043	0.01219	0.00826	0.00617	0.00556	0.00176	0.00964	0.00425	0.00294	0.00855
1	0.74037	0.08708	0.01187	0.00875	0.01289	0.01558	0.00739	0.01903	0.01120	0.02764	0.00900	0.01048	0.00712	0.00595	0.00401	0.00194	0.00518	0.00349	0.00388	0.00712
2	0.01727	0.77681	0.03386	0.01106	0.01658	0.02557	0.01106	0.01935	0.01313	0.01520	0.00898	0.01036	0.00829	0.00553	0.00415	0.00138	0.00691	0.00345	0.00276	0.00829
3	0.00926	0.00682	0.00985	0.00985	0.01081	0.00778	0.00741	0.01119	0.01023	0.01460	0.01780	0.02810	0.01733	0.16510	0.63229	0.00972	0.01553	0.00732	0.00353	0.00547
4	0.00996	0.00798	0.01035	0.01027	0.01139	0.04310	0.00778	0.01196	0.01064	0.01473	0.01733	0.02680	0.01668	0.13546	0.62419	0.00946	0.01568	0.00709	0.00351	0.00562
5	0.02376	0.03000	0.01814	0.01648	0.01983	0.71284	0.01238	0.02620	0.05113	0.01634	0.01075	0.01223	0.00886	0.00676	0.00586	0.00169	0.01135	0.00431	0.00348	0.00762
6	0.00896	0.00660	0.00838	0.00793	0.00954	0.00602	0.00595	0.01183	0.01785	0.02486	0.64713	0.04999	0.14370	0.01360	0.00762	0.00205	0.00308	0.01193	0.00698	0.00602
7	0.00926	0.00672	0.00879	0.00859	0.01014	0.00626	0.00665	0.01223	0.01765	0.02460	0.60098	0.05237	0.08785	0.01401	0.00781	0.00217	0.00347	0.10752	0.00690	0.00605
8	0.81856	0.01250	0.00950	0.00850	0.01250	0.01449	0.00700	0.01899	0.01100	0.02899	0.00900	0.01050	0.00700	0.00600	0.00400	0.00200	0.00500	0.00350	0.00400	0.00700
9	0.00787	0.00562	0.00750	0.00900	0.00937	0.00525	0.00600	0.00900	0.01237	0.01649	0.03561	0.76871	0.04274	0.02024	0.00825	0.00262	0.00375	0.01837	0.00600	0.00525
10	0.01340	0.01148	0.01340	0.00957	0.01531	0.00861	0.00766	0.01627	0.01340	0.02105	0.01148	0.01340	0.00957	0.00479	0.00479	0.00096	0.00479	0.00383	0.00383	0.81242
11	0.01128	0.00659	0.00862	0.00916	0.01047	0.00596	0.00646	0.01268	0.01360	0.13379	0.03688	0.57832	0.10545	0.01787	0.00790	0.00248	0.00399	0.01598	0.00632	0.00620
12	0.02257	0.02780	0.01730	0.01582	0.01894	0.64389	0.01184	0.05311	0.01824	0.01693	0.01272	0.08569	0.01179	0.00803	0.00609	0.00177	0.01069	0.00562	0.00372	0.00742
13	0.06309	0.01320	0.02057	0.21559	0.32858	0.01374	0.01589	0.01999	0.01427	0.11465	0.01339	0.01648	0.01027	0.00631	0.00655	0.00193	0.02859	0.00553	0.00384	0.08755
14	0.01474	0.01257	0.01343	0.01240	0.01558	0.01433	0.00951	0.03024	0.60630	0.02535	0.02870	0.12354	0.04400	0.01051	0.00683	0.00225	0.00488	0.00895	0.00648	0.00943
15	0.00947	0.00638	0.00803	0.00822	0.00866	0.00646	0.00547	0.01015	0.01092	0.01480	0.08460	0.09328	0.02750	0.43842	0.11650	0.06728	0.00712	0.06783	0.00438	0.00453
16	0.01520	0.01638	0.09314	0.06045	0.29924	0.03951	0.12690	0.04221	0.05608	0.04025	0.01955	0.02447	0.07433	0.00787	0.00685	0.00209	0.00783	0.05460	0.00402	0.00902
17	0.08159	0.01568	0.10337	0.09485	0.09128	0.04641	0.05540	0.02325	0.03522	0.25148	0.01643	0.01774	0.01173	0.00843	0.02732	0.00230	0.07912	0.00582	0.02348	0.00909
18	0.00786	0.00616	0.00714	0.00788	0.00921	0.00544	0.00563	0.00931	0.01366	0.01709	0.05055	0.38534	0.38789	0.01820	0.00797	0.00242	0.00360	0.04328	0.00600	0.00538
19	0.00957	0.00734	0.00873	0.00912	0.01003	0.03884	0.00648	0.01093	0.01166	0.01566	0.02716	0.25953	0.08639	0.13548	0.25424	0.03847	0.00889	0.01117	0.04501	0.00528
20	0.03646	0.05678	0.04962	0.14995	0.11100	0.01405	0.08367	0.06136	0.07011	0.18077	0.08596	0.02084	0.01659	0.00756	0.00687	0.00204	0.02575	0.00658	0.00500	0.00905
21	0.01337	0.01405	0.19419	0.01256	0.03623	0.00898	0.01153	0.01643	0.01388	0.14280	0.05051	0.27337	0.05537	0.05563	0.02964	0.02303	0.00621	0.02959	0.00521	0.00741
22	0.01568	0.00987	0.03116	0.01152	0.03866	0.00883	0.04088	0.01981	0.08854	0.21912	0.09291	0.15236	0.16475	0.01187	0.00701	0.00213	0.00479	0.01029	0.06185	0.00797

[dist]
# distance from previous block
# <min> <max>
0	21

# created by:
# /home/berkeley/.conda/envs/busco_data_prod/bin/msa2prfl.pl pipeline/OGs_align_augustus/4893/33751.fs
