[name]
unknown

[dist]
# distance from previous block
# <min> <max>
0	37

[block]
# block no. 0 follows, 34 sequences, length 97
# corresponding to MSA columns:
# 50-146
name=unknown_A
#
# <colnr> <probs for GDERKNQSTAVLIFYWHMCP>
#	G	D	E	R	K	N	Q	S	T	A	V	L	I	F	Y	W	H	M	C	P
0	0.01251	0.01052	0.01442	0.06736	0.05274	0.03532	0.06816	0.05126	0.04716	0.03860	0.06345	0.22444	0.07167	0.01408	0.03823	0.00256	0.00631	0.09026	0.00515	0.08579
1	0.01838	0.03137	0.01540	0.06645	0.01788	0.01468	0.01027	0.31130	0.13001	0.06706	0.07296	0.07506	0.01924	0.02441	0.00696	0.00208	0.00581	0.00745	0.09416	0.00906
2	0.00796	0.00566	0.00747	0.00888	0.00923	0.00531	0.00587	0.00902	0.01219	0.01626	0.03470	0.72548	0.04159	0.06503	0.00971	0.00284	0.00390	0.01783	0.00587	0.00517
3	0.01483	0.05042	0.17392	0.01993	0.02591	0.01466	0.33674	0.07632	0.01610	0.04378	0.06043	0.08846	0.03196	0.00795	0.00710	0.00212	0.00866	0.00806	0.00409	0.00857
4	0.03862	0.17779	0.07193	0.05194	0.05698	0.07585	0.04021	0.06458	0.14358	0.11560	0.01790	0.08668	0.01489	0.00815	0.00607	0.00194	0.00693	0.00664	0.00479	0.00893
5	0.00787	0.00562	0.00750	0.00900	0.00937	0.00525	0.00600	0.00900	0.01237	0.01649	0.03561	0.76871	0.04274	0.02024	0.00825	0.00262	0.00375	0.01837	0.00600	0.00525
6	0.01340	0.01148	0.01340	0.00957	0.01531	0.00861	0.00766	0.01627	0.01340	0.02105	0.01148	0.01340	0.00957	0.00479	0.00479	0.00096	0.00479	0.00383	0.00383	0.81242
7	0.01702	0.01214	0.01391	0.01120	0.01548	0.01174	0.00889	0.16604	0.13328	0.11138	0.08418	0.07647	0.04936	0.00879	0.00626	0.00176	0.00512	0.00729	0.00587	0.25381
8	0.01296	0.03342	0.73944	0.01842	0.02797	0.01501	0.02387	0.02046	0.01364	0.02046	0.01160	0.01364	0.00818	0.00614	0.00614	0.00205	0.00955	0.00477	0.00273	0.00955
9	0.00828	0.00657	0.00744	0.00722	0.00912	0.00573	0.00541	0.01052	0.01624	0.02105	0.34787	0.05626	0.44534	0.01502	0.00763	0.00212	0.00318	0.01281	0.00647	0.00573
10	0.00787	0.00562	0.00750	0.00900	0.00937	0.00525	0.00600	0.00900	0.01237	0.01649	0.03561	0.76871	0.04274	0.02024	0.00825	0.00262	0.00375	0.01837	0.00600	0.00525
11	0.00821	0.00652	0.00709	0.00697	0.00873	0.00571	0.00506	0.00996	0.01487	0.01878	0.21260	0.05644	0.48590	0.11200	0.01085	0.00267	0.00360	0.01265	0.00599	0.00541
12	0.02281	0.02627	0.01823	0.03567	0.03937	0.54857	0.01253	0.08726	0.03478	0.04494	0.03178	0.01406	0.01066	0.00720	0.00663	0.00179	0.04069	0.00482	0.00393	0.00801
13	0.00801	0.00675	0.00697	0.00688	0.00904	0.00580	0.00517	0.01024	0.03426	0.01853	0.12830	0.05981	0.64628	0.01585	0.00761	0.00217	0.00330	0.01328	0.00612	0.00565
14	0.00934	0.00614	0.00705	0.00729	0.00746	0.00608	0.00430	0.00974	0.01018	0.01401	0.02288	0.15871	0.02611	0.59547	0.02684	0.00533	0.00562	0.01061	0.06256	0.00428
15	0.05356	0.01760	0.01885	0.01449	0.01962	0.01940	0.01197	0.65755	0.02918	0.06940	0.01569	0.01560	0.01105	0.00770	0.00638	0.00194	0.00697	0.00576	0.00644	0.01084
16	0.01210	0.01118	0.01428	0.01306	0.01378	0.05765	0.01035	0.01380	0.01058	0.01503	0.01365	0.02168	0.01333	0.09945	0.34707	0.00647	0.31060	0.00648	0.00324	0.00621
17	0.00795	0.00569	0.00757	0.00894	0.00939	0.00530	0.00600	0.00920	0.01275	0.01709	0.07963	0.72298	0.04389	0.01980	0.00821	0.00259	0.00370	0.01794	0.00607	0.00530
18	0.01676	0.62861	0.15209	0.01247	0.01860	0.04616	0.01326	0.01974	0.01338	0.01611	0.00945	0.01096	0.00827	0.00567	0.00453	0.00150	0.00750	0.00370	0.00278	0.00848
19	0.01296	0.05253	0.63830	0.01727	0.02591	0.01475	0.02171	0.02044	0.04361	0.02096	0.06131	0.01636	0.01229	0.00672	0.00620	0.00203	0.00884	0.00532	0.00319	0.00930
20	0.01689	0.01469	0.02397	0.08063	0.35782	0.01435	0.11280	0.08139	0.01611	0.07339	0.01338	0.01626	0.01043	0.00595	0.00633	0.00183	0.00753	0.00577	0.00392	0.13657
21	0.01715	0.75580	0.05380	0.01126	0.01691	0.02527	0.01142	0.01938	0.01314	0.01535	0.00906	0.01046	0.00829	0.00555	0.00420	0.00140	0.00698	0.00349	0.00276	0.00833
22	0.00825	0.00586	0.00731	0.00832	0.00872	0.00553	0.00538	0.00912	0.01177	0.01554	0.03383	0.52988	0.08755	0.21438	0.01457	0.00353	0.00436	0.01571	0.00546	0.00492
23	0.01225	0.04146	0.01337	0.05595	0.06341	0.03263	0.03020	0.03435	0.03754	0.04388	0.02111	0.14291	0.03574	0.10212	0.23042	0.00499	0.00934	0.00868	0.07303	0.00664
24	0.01765	0.01267	0.01329	0.01153	0.01462	0.09130	0.00903	0.06409	0.15731	0.18488	0.22448	0.04728	0.07024	0.01037	0.00750	0.00207	0.03830	0.00848	0.00648	0.00845
25	0.00799	0.00575	0.00758	0.00884	0.00938	0.00534	0.00597	0.00931	0.01301	0.01743	0.10293	0.67725	0.06639	0.01945	0.00817	0.00255	0.00367	0.01758	0.00610	0.00534
26	0.01532	0.01990	0.14991	0.02618	0.08213	0.01621	0.51990	0.04955	0.01559	0.02153	0.01287	0.01663	0.00962	0.00568	0.00725	0.00213	0.01029	0.00696	0.00331	0.00905
27	0.04428	0.03956	0.14972	0.01936	0.02523	0.01496	0.30888	0.07152	0.08270	0.07188	0.04627	0.06495	0.01501	0.00749	0.00692	0.00212	0.00838	0.00747	0.00438	0.00893
28	0.01129	0.00858	0.00985	0.00961	0.01168	0.00870	0.00713	0.03484	0.19316	0.04737	0.15439	0.26152	0.18738	0.01458	0.00748	0.00228	0.00402	0.01269	0.00641	0.00704
29	0.02020	0.01484	0.01469	0.01194	0.01571	0.06786	0.00961	0.42074	0.02369	0.03317	0.01704	0.01820	0.01272	0.00760	0.00574	0.00177	0.00602	0.00577	0.28369	0.00902
30	0.04691	0.01623	0.02034	0.10807	0.22975	0.09106	0.04233	0.16937	0.07128	0.04835	0.02986	0.01809	0.03211	0.00707	0.00633	0.00193	0.00751	0.00600	0.00450	0.04291
31	0.01243	0.01125	0.01734	0.16205	0.12582	0.01310	0.04640	0.03478	0.01251	0.01734	0.01747	0.09706	0.04624	0.09293	0.09746	0.00367	0.17354	0.00794	0.00366	0.00702
32	0.00925	0.00620	0.00709	0.00723	0.00726	0.00617	0.00411	0.00936	0.00967	0.01290	0.02179	0.11026	0.02529	0.70249	0.03058	0.00592	0.00603	0.01024	0.00411	0.00404
33	0.01714	0.06131	0.05785	0.15759	0.02285	0.11658	0.02642	0.06195	0.01494	0.11374	0.01532	0.05273	0.01310	0.01136	0.05502	0.00270	0.14635	0.04096	0.00416	0.00793
34	0.01621	0.13352	0.08943	0.16377	0.04442	0.07883	0.04461	0.08939	0.04647	0.04672	0.03691	0.04823	0.01318	0.00774	0.00713	0.00197	0.06214	0.00608	0.05503	0.00822
35	0.00777	0.00604	0.00707	0.00790	0.00908	0.00534	0.00551	0.00912	0.01343	0.01693	0.04900	0.45177	0.35103	0.01850	0.00797	0.00243	0.00354	0.01625	0.00600	0.00534
36	0.00798	0.00649	0.00706	0.00706	0.00897	0.00558	0.00524	0.00988	0.01532	0.01919	0.20495	0.11040	0.53743	0.01597	0.00768	0.00218	0.00326	0.01356	0.00624	0.00558
37	0.04822	0.05266	0.01867	0.04255	0.01938	0.35169	0.01255	0.07614	0.09838	0.01944	0.01193	0.01410	0.00986	0.00802	0.00951	0.00204	0.18807	0.00501	0.00381	0.00798
38	0.01779	0.74339	0.03304	0.01108	0.01658	0.02487	0.01099	0.01988	0.01336	0.04670	0.00970	0.01087	0.00863	0.00564	0.00425	0.00141	0.00685	0.00359	0.00299	0.00841
39	0.03806	0.09513	0.60610	0.01812	0.02694	0.01599	0.07191	0.02034	0.01363	0.02029	0.01140	0.01354	0.00828	0.00603	0.00601	0.00200	0.00928	0.00483	0.00281	0.00930
40	0.01296	0.03342	0.73944	0.01842	0.02797	0.01501	0.02387	0.02046	0.01364	0.02046	0.01160	0.01364	0.00818	0.00614	0.00614	0.00205	0.00955	0.00477	0.00273	0.00955
41	0.00798	0.00567	0.00746	0.00886	0.00920	0.00532	0.00585	0.00903	0.01216	0.01621	0.03451	0.71608	0.04134	0.07477	0.01003	0.00289	0.00393	0.01772	0.00585	0.00515
42	0.01122	0.00561	0.00842	0.00842	0.00842	0.00561	0.00561	0.00842	0.00842	0.01122	0.01122	0.01964	0.01122	0.02245	0.02525	0.81201	0.00561	0.00561	0.00281	0.00281
43	0.01599	0.01535	0.02623	0.03966	0.73262	0.01535	0.01983	0.01983	0.01471	0.02111	0.01215	0.01599	0.01023	0.00576	0.00640	0.00192	0.00768	0.00576	0.00320	0.01023
44	0.02176	0.02609	0.01800	0.01749	0.07068	0.55775	0.01249	0.04859	0.06372	0.01773	0.01203	0.01409	0.00997	0.01034	0.06928	0.00247	0.01126	0.00478	0.00365	0.00784
45	0.00805	0.00575	0.00770	0.00920	0.00965	0.00540	0.00630	0.00930	0.01254	0.01669	0.03552	0.72102	0.04235	0.02008	0.00829	0.00265	0.00390	0.06433	0.00599	0.00530
46	0.00910	0.00618	0.00709	0.00731	0.00745	0.00608	0.00426	0.00933	0.01006	0.01331	0.02452	0.14762	0.05709	0.63166	0.02824	0.00556	0.00577	0.01087	0.00431	0.00417
47	0.00984	0.00824	0.01179	0.08683	0.13419	0.00805	0.00924	0.01222	0.01450	0.01926	0.16602	0.25953	0.20721	0.01419	0.00749	0.00224	0.00464	0.01260	0.00543	0.00648
48	0.02297	0.01614	0.01941	0.04580	0.04570	0.06864	0.07368	0.27698	0.11479	0.21992	0.01871	0.01836	0.01306	0.00755	0.00654	0.00200	0.00716	0.00623	0.00612	0.01025
49	0.01366	0.01315	0.02261	0.45973	0.26661	0.01497	0.05496	0.01778	0.01352	0.01819	0.01168	0.01673	0.00920	0.00635	0.00701	0.00210	0.03465	0.00584	0.00300	0.00825
50	0.00998	0.00893	0.00896	0.00916	0.01068	0.07622	0.00680	0.01165	0.01416	0.01743	0.09489	0.21527	0.29603	0.06428	0.04071	0.00291	0.02736	0.07343	0.00550	0.00566
51	0.07631	0.04866	0.01911	0.03770	0.03946	0.13282	0.01304	0.08816	0.01377	0.01930	0.01008	0.01411	0.00899	0.01093	0.04678	0.00272	0.40181	0.00525	0.00340	0.00762
52	0.01696	0.01432	0.01511	0.01333	0.01714	0.01649	0.01044	0.10520	0.64863	0.02846	0.02517	0.02321	0.01881	0.00866	0.00656	0.00217	0.00532	0.00715	0.00656	0.01031
53	0.03182	0.01420	0.01612	0.08760	0.11914	0.10228	0.02945	0.10339	0.15220	0.02273	0.02200	0.17202	0.04469	0.01016	0.00670	0.00211	0.00656	0.00873	0.03989	0.00822
54	0.01226	0.01043	0.01464	0.01611	0.12615	0.03422	0.01072	0.02768	0.01140	0.01607	0.01472	0.05462	0.01439	0.07605	0.27619	0.10322	0.16442	0.00689	0.00341	0.00639
55	0.00940	0.00626	0.00705	0.00705	0.00705	0.00626	0.00392	0.00940	0.00940	0.01253	0.02036	0.04228	0.02349	0.77292	0.03289	0.00626	0.00626	0.00940	0.00392	0.00392
56	0.01340	0.01148	0.01340	0.00957	0.01531	0.00861	0.00766	0.01627	0.01340	0.02105	0.01148	0.01340	0.00957	0.00479	0.00479	0.00096	0.00479	0.00383	0.00383	0.81242
57	0.02348	0.01756	0.01878	0.01465	0.01963	0.01953	0.01202	0.62512	0.11809	0.03898	0.01688	0.01660	0.01210	0.00788	0.00648	0.00197	0.00686	0.00601	0.00648	0.01089
58	0.00941	0.00639	0.00794	0.00798	0.00854	0.00657	0.00528	0.01056	0.01111	0.01566	0.10167	0.08417	0.02686	0.42195	0.18800	0.00615	0.00801	0.00944	0.05947	0.00481
59	0.02534	0.01685	0.01862	0.01427	0.01941	0.01818	0.01179	0.59127	0.02828	0.16349	0.01727	0.01666	0.01187	0.00780	0.00647	0.00195	0.00683	0.00594	0.00673	0.01099
60	0.04003	0.01495	0.02375	0.27059	0.10373	0.07622	0.19946	0.01815	0.01364	0.01817	0.01272	0.04448	0.01087	0.03926	0.00929	0.00235	0.08477	0.00664	0.00324	0.00770
61	0.02339	0.01753	0.02027	0.01554	0.02069	0.01917	0.06253	0.59115	0.08012	0.05850	0.01643	0.01648	0.01170	0.00767	0.00656	0.00198	0.00719	0.00608	0.00628	0.01077
62	0.01905	0.10472	0.01932	0.01462	0.03987	0.17379	0.03566	0.17532	0.07853	0.03924	0.01377	0.01636	0.01129	0.04212	0.02450	0.04349	0.05036	0.00536	0.00437	0.08826
63	0.01470	0.04813	0.10719	0.08435	0.50767	0.01477	0.01857	0.01868	0.01419	0.02005	0.01399	0.08245	0.01269	0.00713	0.00644	0.00199	0.00758	0.00667	0.00335	0.00941
64	0.00928	0.00672	0.00935	0.00935	0.01014	0.00751	0.00678	0.01087	0.01008	0.01423	0.01825	0.03063	0.01843	0.27348	0.52541	0.00910	0.01388	0.00769	0.00360	0.00519
65	0.02245	0.01692	0.01849	0.01444	0.01896	0.01896	0.01191	0.60081	0.02750	0.03689	0.01853	0.01878	0.06286	0.00868	0.00781	0.00203	0.07124	0.00637	0.00612	0.01025
66	0.01104	0.00980	0.01144	0.01260	0.09491	0.03976	0.00842	0.01538	0.10493	0.02096	0.20349	0.06209	0.30767	0.01298	0.00781	0.00215	0.03119	0.03068	0.00578	0.00692
67	0.01296	0.03342	0.73944	0.01842	0.02797	0.01501	0.02387	0.02046	0.01364	0.02046	0.01160	0.01364	0.00818	0.00614	0.00614	0.00205	0.00955	0.00477	0.00273	0.00955
68	0.00926	0.00681	0.00981	0.00981	0.01077	0.00777	0.00737	0.01117	0.01022	0.01458	0.01783	0.02827	0.01741	0.17210	0.62539	0.00968	0.01542	0.00734	0.00354	0.00545
69	0.06473	0.00793	0.00890	0.03449	0.01147	0.02922	0.00683	0.01219	0.01539	0.02112	0.28950	0.07879	0.26227	0.01648	0.06099	0.00277	0.00498	0.06012	0.00589	0.00596
70	0.01534	0.04704	0.38673	0.02135	0.13355	0.03904	0.08371	0.04267	0.07505	0.04660	0.01344	0.01546	0.01001	0.00654	0.00685	0.00204	0.03606	0.00547	0.00350	0.00954
71	0.01220	0.01148	0.01938	0.75739	0.04450	0.01436	0.01794	0.01651	0.01292	0.01651	0.01148	0.01723	0.00861	0.00646	0.00646	0.00215	0.00861	0.00574	0.00287	0.00718
72	0.01712	0.01939	0.04092	0.10774	0.09460	0.28444	0.04885	0.03438	0.08837	0.01955	0.09027	0.05217	0.03344	0.00948	0.02947	0.00221	0.00876	0.00676	0.00420	0.00787
73	0.01509	0.10217	0.02255	0.23377	0.10441	0.04699	0.09114	0.07110	0.05702	0.02004	0.03668	0.04560	0.01343	0.00794	0.00795	0.00211	0.08372	0.02636	0.00378	0.00814
74	0.49690	0.01237	0.01293	0.01082	0.01494	0.01337	0.05585	0.05144	0.04323	0.15323	0.01513	0.06872	0.01208	0.00754	0.00521	0.00206	0.00550	0.00565	0.00502	0.00801
75	0.00790	0.00573	0.00746	0.00877	0.00933	0.00529	0.00592	0.00913	0.01276	0.01690	0.06246	0.68797	0.09715	0.01969	0.00818	0.00257	0.00369	0.01776	0.00604	0.00529
76	0.01865	0.01948	0.01923	0.10622	0.16199	0.27602	0.01411	0.07398	0.01630	0.04473	0.01356	0.07883	0.01218	0.00836	0.00831	0.00204	0.10776	0.00628	0.00382	0.00814
77	0.01453	0.07419	0.17993	0.11749	0.05744	0.01659	0.25768	0.04789	0.01432	0.01980	0.01259	0.04282	0.01030	0.00707	0.00844	0.00216	0.09852	0.00648	0.00324	0.00850
78	0.01122	0.00561	0.00842	0.00842	0.00842	0.00561	0.00561	0.00842	0.00842	0.01122	0.01122	0.01964	0.01122	0.02245	0.02525	0.81201	0.00561	0.00561	0.00281	0.00281
79	0.05618	0.01406	0.02410	0.28362	0.39481	0.01506	0.08164	0.01872	0.01395	0.01990	0.01184	0.01626	0.00947	0.00598	0.00641	0.00203	0.00815	0.00581	0.00313	0.00888
80	0.01454	0.01481	0.01973	0.01695	0.01709	0.04914	0.01407	0.01596	0.01024	0.01556	0.00854	0.01404	0.00848	0.01112	0.02058	0.00278	0.73085	0.00559	0.00285	0.00709
81	0.02384	0.02930	0.01870	0.01745	0.04874	0.66764	0.01277	0.07252	0.01899	0.01773	0.01045	0.01209	0.00858	0.00670	0.00589	0.00169	0.01118	0.00434	0.00354	0.00784
82	0.01318	0.01248	0.02114	0.57239	0.22187	0.01461	0.01843	0.01736	0.01338	0.01769	0.01166	0.01691	0.00903	0.00628	0.00644	0.00209	0.00837	0.00575	0.00296	0.00797
83	0.05181	0.01073	0.01379	0.01105	0.01526	0.00991	0.00895	0.06941	0.04818	0.50177	0.13579	0.05181	0.02357	0.00920	0.00665	0.00203	0.00512	0.00762	0.00749	0.00985
84	0.00920	0.00723	0.00839	0.00799	0.00995	0.00675	0.00602	0.01308	0.07940	0.02288	0.42141	0.05126	0.30460	0.01398	0.00753	0.00210	0.00331	0.01202	0.00665	0.00623
85	0.01524	0.01438	0.02382	0.23079	0.44423	0.01533	0.04622	0.04405	0.06319	0.02094	0.01310	0.01692	0.01045	0.00621	0.00648	0.00201	0.00786	0.00594	0.00346	0.00937
86	0.01666	0.01511	0.01488	0.01340	0.01703	0.06902	0.01039	0.03372	0.67004	0.02622	0.02512	0.02320	0.01890	0.00861	0.00652	0.00215	0.00559	0.00708	0.00634	0.01003
87	0.01575	0.01511	0.02580	0.08453	0.68960	0.01529	0.01971	0.01962	0.01460	0.02082	0.01211	0.01607	0.01013	0.00580	0.00640	0.00193	0.00773	0.00576	0.00318	0.01004
88	0.00924	0.00689	0.01020	0.01020	0.01129	0.00798	0.00785	0.01142	0.01033	0.01486	0.01748	0.02632	0.01656	0.08874	0.70760	0.01016	0.01669	0.00706	0.00349	0.00567
89	0.01585	0.01305	0.03921	0.01175	0.01533	0.03838	0.00952	0.08652	0.31517	0.08721	0.19120	0.03012	0.07307	0.00985	0.00677	0.00205	0.00510	0.00822	0.00643	0.03519
90	0.00801	0.00645	0.00714	0.00720	0.00902	0.00558	0.00531	0.00991	0.01526	0.01928	0.21425	0.14314	0.49457	0.01610	0.00771	0.00220	0.00328	0.01375	0.00626	0.00558
91	0.02111	0.01601	0.01716	0.01401	0.01840	0.06902	0.03620	0.29638	0.23210	0.12384	0.02246	0.02219	0.05124	0.00856	0.00660	0.00204	0.00655	0.01976	0.00632	0.01005
92	0.01481	0.01234	0.01553	0.01201	0.01642	0.01177	0.03363	0.03962	0.08592	0.05766	0.01365	0.01574	0.01108	0.00826	0.03776	0.00188	0.12466	0.00492	0.00421	0.47811
93	0.09289	0.11429	0.04556	0.01417	0.01839	0.07250	0.09519	0.13521	0.17195	0.02395	0.01611	0.01914	0.01318	0.07542	0.06197	0.00292	0.00801	0.00606	0.00458	0.00852
94	0.01597	0.01488	0.01767	0.30259	0.02811	0.12737	0.04108	0.08096	0.01623	0.05069	0.07603	0.01843	0.01398	0.00691	0.00619	0.00181	0.00768	0.00577	0.00406	0.16358
95	0.04390	0.01418	0.01840	0.22023	0.02538	0.08411	0.07937	0.06922	0.08621	0.02032	0.03362	0.08383	0.01462	0.01045	0.03964	0.00253	0.11020	0.00710	0.00406	0.03263
96	0.04732	0.03752	0.01488	0.01214	0.01455	0.05798	0.09819	0.01478	0.03835	0.01796	0.08910	0.03077	0.11256	0.10246	0.10577	0.08064	0.05379	0.02714	0.00425	0.03986

[dist]
# distance from previous block
# <min> <max>
0	16

[block]
# block no. 1 follows, 34 sequences, length 28
# corresponding to MSA columns:
# 163-190
name=unknown_B
#
# <colnr> <probs for GDERKNQSTAVLIFYWHMCP>
#	G	D	E	R	K	N	Q	S	T	A	V	L	I	F	Y	W	H	M	C	P
0	0.01650	0.03396	0.01785	0.04068	0.01895	0.13088	0.09632	0.10748	0.05239	0.04875	0.09831	0.02486	0.07760	0.00853	0.00698	0.00186	0.03283	0.03028	0.00483	0.15016
1	0.11358	0.09219	0.06626	0.03840	0.02502	0.04667	0.29699	0.11461	0.01660	0.05776	0.01275	0.01514	0.00958	0.00603	0.00626	0.00193	0.00852	0.00582	0.00397	0.06193
2	0.00802	0.00752	0.03838	0.00753	0.00956	0.00588	0.00586	0.00971	0.01391	0.01709	0.05481	0.18629	0.52890	0.06579	0.00932	0.00252	0.00382	0.01383	0.00572	0.00549
3	0.01492	0.02934	0.56248	0.04820	0.02759	0.01586	0.05132	0.13298	0.01641	0.02362	0.01229	0.01426	0.00873	0.00639	0.00627	0.00204	0.00917	0.00511	0.00337	0.00965
4	0.01713	0.01717	0.05781	0.19436	0.25688	0.06955	0.08825	0.15564	0.01752	0.02330	0.01247	0.01585	0.00968	0.00652	0.00692	0.00202	0.03020	0.00579	0.00375	0.00920
5	0.00850	0.00643	0.00793	0.00845	0.00984	0.00585	0.00635	0.01055	0.01497	0.01960	0.22023	0.26426	0.25873	0.01691	0.00800	0.00239	0.00375	0.11536	0.00627	0.00563
6	0.00853	0.00648	0.00795	0.00787	0.00944	0.00590	0.00583	0.01086	0.01602	0.02154	0.39960	0.14007	0.26274	0.01699	0.04852	0.00261	0.00399	0.01285	0.00643	0.00578
7	0.00940	0.00626	0.00705	0.00705	0.00705	0.00626	0.00392	0.00940	0.00940	0.01253	0.02036	0.04228	0.02349	0.77292	0.03289	0.00626	0.00626	0.00940	0.00392	0.00392
8	0.01744	0.45563	0.16598	0.01454	0.02075	0.06870	0.08146	0.04442	0.01458	0.04739	0.01085	0.01241	0.00883	0.00589	0.00515	0.00165	0.00806	0.00436	0.00319	0.00872
9	0.00926	0.00681	0.00980	0.00980	0.01075	0.00776	0.00735	0.01116	0.01021	0.01457	0.01784	0.02834	0.01744	0.17518	0.62236	0.00966	0.01538	0.00736	0.00354	0.00544
10	0.01340	0.01148	0.01340	0.00957	0.01531	0.00861	0.00766	0.01627	0.01340	0.02105	0.01148	0.01340	0.00957	0.00479	0.00479	0.00096	0.00479	0.00383	0.00383	0.81242
11	0.01263	0.01192	0.02015	0.67650	0.12206	0.01447	0.01816	0.01688	0.01312	0.01703	0.01156	0.01709	0.00880	0.00638	0.00645	0.00213	0.00851	0.00574	0.00291	0.00752
12	0.01147	0.00605	0.00637	0.00643	0.00786	0.00597	0.00477	0.01435	0.01391	0.02371	0.08798	0.08047	0.02259	0.00898	0.00508	0.00164	0.00307	0.00745	0.67589	0.00597
13	0.02500	0.01028	0.01377	0.01103	0.01534	0.00912	0.00895	0.02784	0.03911	0.59102	0.02829	0.06804	0.06407	0.01128	0.04337	0.00247	0.00583	0.00769	0.00748	0.01002
14	0.01353	0.00682	0.00744	0.00704	0.00891	0.00669	0.00536	0.03510	0.01471	0.08888	0.06807	0.06212	0.02054	0.00858	0.00514	0.00165	0.00339	0.00704	0.62242	0.00658
15	0.00923	0.00692	0.01038	0.01038	0.01154	0.00808	0.00808	0.01154	0.01038	0.01500	0.01731	0.02538	0.01615	0.04846	0.74732	0.01038	0.01731	0.00692	0.00346	0.00577
16	0.02334	0.02651	0.01868	0.01628	0.01972	0.52165	0.01259	0.17635	0.02023	0.02130	0.01107	0.01273	0.00893	0.00731	0.00733	0.00183	0.07729	0.00466	0.00398	0.00823
17	0.01633	0.61470	0.18773	0.01266	0.01907	0.02326	0.01385	0.01959	0.01324	0.01635	0.00955	0.01108	0.00827	0.00566	0.00458	0.00153	0.00749	0.00374	0.00276	0.00857
18	0.81856	0.01250	0.00950	0.00850	0.01250	0.01449	0.00700	0.01899	0.01100	0.02899	0.00900	0.01050	0.00700	0.00600	0.00400	0.00200	0.00500	0.00350	0.00400	0.00700
19	0.00991	0.00782	0.00914	0.00902	0.01097	0.00768	0.00689	0.01498	0.13718	0.02214	0.28417	0.12628	0.23379	0.01451	0.00764	0.00226	0.00382	0.07880	0.00648	0.00653
20	0.00797	0.00656	0.00700	0.00689	0.00893	0.00559	0.00517	0.00991	0.01550	0.01930	0.21020	0.05915	0.58410	0.01568	0.00763	0.00215	0.00322	0.01321	0.00624	0.00559
21	0.01535	0.01308	0.01405	0.01288	0.01628	0.01499	0.01012	0.03178	0.63631	0.02631	0.04887	0.02919	0.02256	0.00971	0.00682	0.00226	0.00512	0.06805	0.00654	0.00972
22	0.00837	0.00620	0.00731	0.00792	0.00886	0.00572	0.00543	0.00954	0.01267	0.01623	0.05890	0.31091	0.24855	0.20455	0.01417	0.00339	0.00434	0.05639	0.00551	0.00505
23	0.00934	0.00640	0.00813	0.00840	0.00972	0.00580	0.00603	0.01132	0.01521	0.05576	0.29163	0.35379	0.16144	0.01644	0.00783	0.00231	0.00350	0.01458	0.00650	0.00587
24	0.01514	0.01709	0.03625	0.02618	0.03205	0.01669	0.63802	0.02017	0.01470	0.02017	0.01260	0.01709	0.00967	0.00605	0.00902	0.00225	0.08768	0.00742	0.00322	0.00855
25	0.00787	0.00562	0.00750	0.00900	0.00937	0.00525	0.00600	0.00900	0.01237	0.01649	0.03561	0.76871	0.04274	0.02024	0.00825	0.00262	0.00375	0.01837	0.00600	0.00525
26	0.01665	0.01820	0.02910	0.02212	0.02627	0.10971	0.37480	0.06472	0.01507	0.01989	0.01151	0.01562	0.00931	0.00745	0.01125	0.00229	0.22793	0.00650	0.00336	0.00823
27	0.02296	0.01962	0.02057	0.01796	0.07871	0.20522	0.08478	0.24761	0.06828	0.14574	0.01594	0.01640	0.01153	0.00718	0.00643	0.00192	0.00832	0.00578	0.00532	0.00974

[dist]
# distance from previous block
# <min> <max>
3	10

[block]
# block no. 2 follows, 34 sequences, length 55
# corresponding to MSA columns:
# 201-255
name=unknown_C
#
# <colnr> <probs for GDERKNQSTAVLIFYWHMCP>
#	G	D	E	R	K	N	Q	S	T	A	V	L	I	F	Y	W	H	M	C	P
0	0.01454	0.01377	0.02357	0.16664	0.48776	0.01424	0.05725	0.01814	0.01384	0.01931	0.01298	0.01916	0.01136	0.08938	0.00936	0.00245	0.00788	0.00626	0.00322	0.00890
1	0.01747	0.39791	0.02855	0.05902	0.09812	0.03815	0.08506	0.05315	0.05692	0.05460	0.01220	0.01392	0.00993	0.00601	0.00533	0.00166	0.00736	0.00480	0.00359	0.04627
2	0.01290	0.01220	0.02064	0.62492	0.17151	0.01454	0.01829	0.01712	0.01325	0.01736	0.01161	0.01700	0.00891	0.00633	0.00645	0.00211	0.00844	0.00574	0.00293	0.00774
3	0.00828	0.00594	0.00771	0.00869	0.00931	0.00560	0.00592	0.00966	0.01299	0.01744	0.12782	0.53023	0.07440	0.09349	0.03142	0.00311	0.00432	0.03252	0.00587	0.00527
4	0.01487	0.01120	0.01228	0.01090	0.01413	0.01191	0.00850	0.06895	0.35363	0.08865	0.13609	0.03541	0.18433	0.01098	0.00695	0.00213	0.00456	0.00919	0.00664	0.00867
5	0.00955	0.00739	0.01099	0.01081	0.01189	0.00883	0.00847	0.01180	0.01035	0.01503	0.01674	0.02466	0.01566	0.04606	0.70043	0.00990	0.06534	0.00684	0.00342	0.00585
6	0.00805	0.00665	0.00712	0.00725	0.00931	0.00572	0.00561	0.00993	0.01497	0.01821	0.10478	0.06249	0.60848	0.01633	0.00778	0.00226	0.00356	0.08987	0.00607	0.00555
7	0.01385	0.01293	0.01939	0.01385	0.01979	0.01049	0.17767	0.01734	0.01385	0.02097	0.01187	0.01438	0.00963	0.00495	0.00547	0.00125	0.00627	0.00475	0.00369	0.61764
8	0.01204	0.00602	0.00602	0.00602	0.00753	0.00602	0.00452	0.01506	0.01355	0.02409	0.02108	0.02409	0.01656	0.00753	0.00452	0.00151	0.00301	0.00602	0.80879	0.00602
9	0.01687	0.01351	0.01456	0.01279	0.01668	0.01510	0.01001	0.03295	0.62248	0.07999	0.02528	0.02326	0.01879	0.00845	0.00645	0.00210	0.00512	0.00702	0.00650	0.06209
10	0.01607	0.01388	0.01461	0.01315	0.01680	0.01607	0.01023	0.03433	0.72094	0.02703	0.02630	0.02411	0.01972	0.00877	0.00657	0.00219	0.00511	0.00731	0.00657	0.01023
11	0.01340	0.01148	0.01340	0.00957	0.01531	0.00861	0.00766	0.01627	0.01340	0.02105	0.01148	0.01340	0.00957	0.00479	0.00479	0.00096	0.00479	0.00383	0.00383	0.81242
12	0.01581	0.01702	0.03193	0.02366	0.02843	0.03649	0.47662	0.06416	0.01500	0.02061	0.01203	0.01635	0.00952	0.00706	0.01081	0.00231	0.19346	0.00694	0.00337	0.00843
13	0.78855	0.01271	0.00987	0.00874	0.01278	0.01470	0.00720	0.04515	0.01173	0.02943	0.00924	0.01069	0.00715	0.00606	0.00409	0.00200	0.00508	0.00359	0.00409	0.00715
14	0.01240	0.00672	0.00678	0.00666	0.00835	0.00691	0.00502	0.01677	0.07637	0.02435	0.02154	0.02409	0.01684	0.00764	0.00470	0.00157	0.00320	0.00614	0.73756	0.00640
15	0.02399	0.01768	0.01905	0.01470	0.01972	0.01959	0.01212	0.68496	0.02963	0.03976	0.01558	0.01588	0.01118	0.00928	0.03412	0.00225	0.00749	0.00586	0.00635	0.01079
16	0.01593	0.01235	0.01408	0.01331	0.04877	0.01361	0.00985	0.02931	0.49585	0.08960	0.15546	0.02801	0.02657	0.00938	0.00675	0.00213	0.00489	0.00797	0.00664	0.00953
17	0.01030	0.00765	0.01086	0.07768	0.01570	0.00783	0.01057	0.01322	0.01455	0.01883	0.03373	0.10750	0.06722	0.01691	0.00861	0.00284	0.00593	0.55839	0.00568	0.00600
18	0.01727	0.20125	0.02296	0.01528	0.01758	0.11684	0.01299	0.08817	0.01386	0.01805	0.00951	0.01304	0.00867	0.00894	0.01356	0.00223	0.40380	0.00494	0.00325	0.00782
19	0.00940	0.00626	0.00705	0.00705	0.00705	0.00626	0.00392	0.00940	0.00940	0.01253	0.02036	0.04228	0.02349	0.77292	0.03289	0.00626	0.00626	0.00940	0.00392	0.00392
20	0.06329	0.07363	0.01886	0.01580	0.01940	0.62567	0.01211	0.06453	0.01833	0.01787	0.01020	0.01174	0.00841	0.00662	0.00567	0.00168	0.01078	0.00418	0.00351	0.00772
21	0.00856	0.00701	0.00740	0.00737	0.00947	0.00618	0.00554	0.04210	0.01532	0.01875	0.07993	0.13491	0.58568	0.01631	0.00768	0.00223	0.00356	0.03022	0.00605	0.00572
22	0.07104	0.02856	0.01789	0.01612	0.01939	0.64826	0.01223	0.04484	0.01783	0.01731	0.01002	0.01181	0.00833	0.00687	0.00645	0.00175	0.04608	0.00424	0.00344	0.00754
23	0.02728	0.01182	0.01515	0.01170	0.01652	0.01095	0.00964	0.13759	0.02007	0.58486	0.02366	0.02110	0.01524	0.00793	0.00637	0.00196	0.00560	0.00636	0.05549	0.01070
24	0.02356	0.00979	0.01326	0.01057	0.01462	0.00857	0.00857	0.02621	0.01844	0.54252	0.21802	0.02918	0.02830	0.00942	0.00680	0.00201	0.00483	0.00792	0.00776	0.00966
25	0.00900	0.00660	0.00844	0.00798	0.00956	0.00603	0.00598	0.01191	0.01795	0.02510	0.66528	0.04961	0.12540	0.01351	0.00762	0.00205	0.00307	0.01187	0.00701	0.00603
26	0.00940	0.00626	0.00705	0.00705	0.00705	0.00626	0.00392	0.00940	0.00940	0.01253	0.02036	0.04228	0.02349	0.77292	0.03289	0.00626	0.00626	0.00940	0.00392	0.00392
27	0.81856	0.01250	0.00950	0.00850	0.01250	0.01449	0.00700	0.01899	0.01100	0.02899	0.00900	0.01050	0.00700	0.00600	0.00400	0.00200	0.00500	0.00350	0.00400	0.00700
28	0.01220	0.01148	0.01938	0.75739	0.04450	0.01436	0.01794	0.01651	0.01292	0.01651	0.01148	0.01723	0.00861	0.00646	0.00646	0.00215	0.00861	0.00574	0.00287	0.00718
29	0.00936	0.00638	0.00763	0.00761	0.00785	0.00653	0.00465	0.00985	0.00995	0.01351	0.05185	0.03996	0.02406	0.62755	0.14132	0.00671	0.00781	0.00912	0.00399	0.00430
30	0.01727	0.77681	0.03386	0.01106	0.01658	0.02557	0.01106	0.01935	0.01313	0.01520	0.00898	0.01036	0.00829	0.00553	0.00415	0.00138	0.00691	0.00345	0.00276	0.00829
31	0.81856	0.01250	0.00950	0.00850	0.01250	0.01449	0.00700	0.01899	0.01100	0.02899	0.00900	0.01050	0.00700	0.00600	0.00400	0.00200	0.00500	0.00350	0.00400	0.00700
32	0.01273	0.01202	0.02034	0.65713	0.14063	0.01449	0.01821	0.01697	0.01317	0.01715	0.01158	0.01705	0.00884	0.00636	0.00645	0.00212	0.00848	0.00574	0.00292	0.00760
33	0.00892	0.00655	0.00836	0.00800	0.00954	0.00599	0.00597	0.01172	0.01762	0.02454	0.62423	0.08559	0.13108	0.01389	0.00765	0.00208	0.00311	0.01222	0.00694	0.00599
34	0.00937	0.00636	0.00751	0.00751	0.00767	0.00651	0.00449	0.00969	0.00953	0.01287	0.01994	0.03995	0.02248	0.67276	0.13166	0.00683	0.00779	0.00905	0.00385	0.00417
35	0.78174	0.01243	0.00975	0.00864	0.01268	0.01426	0.00711	0.01958	0.01135	0.06201	0.00977	0.01103	0.00742	0.00609	0.00412	0.00200	0.00502	0.00364	0.00419	0.00718
36	0.01599	0.01535	0.02623	0.03966	0.73262	0.01535	0.01983	0.01983	0.01471	0.02111	0.01215	0.01599	0.01023	0.00576	0.00640	0.00192	0.00768	0.00576	0.00320	0.01023
37	0.00849	0.00614	0.00797	0.00922	0.00989	0.00582	0.00639	0.02955	0.01316	0.01741	0.03643	0.67031	0.07569	0.01955	0.00821	0.00260	0.00395	0.05776	0.00601	0.00547
38	0.00794	0.00565	0.00748	0.00891	0.00927	0.00529	0.00590	0.00901	0.01224	0.01632	0.03492	0.73595	0.04187	0.05418	0.00936	0.00279	0.00386	0.01796	0.00590	0.00519
39	0.04548	0.01709	0.01665	0.01400	0.01822	0.08794	0.01113	0.29384	0.36470	0.03129	0.02002	0.01917	0.01486	0.00809	0.00638	0.00204	0.00651	0.00631	0.00614	0.01015
40	0.02366	0.02979	0.01809	0.01644	0.01979	0.70341	0.01235	0.02631	0.06020	0.01648	0.01096	0.01239	0.00900	0.00678	0.00587	0.00170	0.01126	0.00435	0.00352	0.00765
41	0.01571	0.01507	0.02572	0.09228	0.68217	0.01528	0.01969	0.01959	0.01458	0.02077	0.01210	0.01608	0.01012	0.00581	0.00640	0.00194	0.00774	0.00576	0.00317	0.01001
42	0.02401	0.01783	0.01908	0.01476	0.01983	0.01978	0.01215	0.66737	0.07497	0.03984	0.01621	0.01607	0.01155	0.00782	0.00647	0.00196	0.00698	0.00591	0.00647	0.01094
43	0.00979	0.00771	0.01129	0.01097	0.01194	0.00932	0.00857	0.01189	0.01028	0.01495	0.01645	0.02490	0.01563	0.07805	0.63192	0.00934	0.10087	0.00689	0.00341	0.00583
44	0.00787	0.00562	0.00750	0.00900	0.00937	0.00525	0.00600	0.00900	0.01237	0.01649	0.03561	0.76871	0.04274	0.02024	0.00825	0.00262	0.00375	0.01837	0.00600	0.00525
45	0.01810	0.01556	0.02117	0.01668	0.02117	0.01698	0.16947	0.22838	0.29195	0.02896	0.01908	0.01962	0.01425	0.00777	0.00733	0.00211	0.04047	0.00681	0.04438	0.00976
46	0.01340	0.01148	0.01340	0.00957	0.01531	0.00861	0.00766	0.01627	0.01340	0.02105	0.01148	0.01340	0.00957	0.00479	0.00479	0.00096	0.00479	0.00383	0.00383	0.81242
47	0.01008	0.00685	0.00871	0.00810	0.00992	0.00620	0.00613	0.01290	0.01781	0.06568	0.59679	0.04868	0.15101	0.01335	0.00756	0.00205	0.00322	0.01166	0.00701	0.00629
48	0.01383	0.01034	0.01192	0.01127	0.01400	0.01104	0.00889	0.02355	0.33819	0.07774	0.13973	0.08707	0.08369	0.01228	0.00733	0.00232	0.00474	0.12727	0.00658	0.00823
49	0.01296	0.03342	0.73944	0.01842	0.02797	0.01501	0.02387	0.02046	0.01364	0.02046	0.01160	0.01364	0.00818	0.00614	0.00614	0.00205	0.00955	0.00477	0.00273	0.00955
50	0.00940	0.00626	0.00705	0.00705	0.00705	0.00626	0.00392	0.00940	0.00940	0.01253	0.02036	0.04228	0.02349	0.77292	0.03289	0.00626	0.00626	0.00940	0.00392	0.00392
51	0.01995	0.42924	0.02643	0.01338	0.01795	0.29550	0.01157	0.03952	0.06119	0.01681	0.01064	0.01186	0.00911	0.00622	0.00499	0.00155	0.00858	0.00403	0.00331	0.00818
52	0.13300	0.14298	0.01917	0.01267	0.01741	0.08447	0.01062	0.28714	0.02089	0.16892	0.01511	0.01554	0.01104	0.02579	0.00633	0.00195	0.00687	0.00518	0.00546	0.00950
53	0.03710	0.01176	0.01699	0.38558	0.06181	0.01375	0.01406	0.10368	0.03787	0.03740	0.06593	0.07388	0.05027	0.00888	0.00753	0.00218	0.05198	0.00742	0.00426	0.00767
54	0.01414	0.01414	0.01979	0.01696	0.01696	0.01979	0.01414	0.01555	0.00990	0.01555	0.00848	0.01414	0.00848	0.01131	0.02120	0.00283	0.76110	0.00565	0.00283	0.00707

[dist]
# distance from previous block
# <min> <max>
0	2

[block]
# block no. 3 follows, 34 sequences, length 11
# corresponding to MSA columns:
# 258-268
name=unknown_D
#
# <colnr> <probs for GDERKNQSTAVLIFYWHMCP>
#	G	D	E	R	K	N	Q	S	T	A	V	L	I	F	Y	W	H	M	C	P
0	0.02029	0.04462	0.03458	0.06839	0.02031	0.09148	0.01223	0.32770	0.12355	0.05816	0.01602	0.01769	0.01228	0.03675	0.03000	0.00242	0.06290	0.00593	0.00530	0.00942
1	0.06962	0.01558	0.04284	0.01371	0.01818	0.01641	0.01152	0.29991	0.16579	0.18509	0.01875	0.01819	0.01331	0.00816	0.00760	0.00209	0.07073	0.00608	0.00623	0.01021
2	0.08967	0.06929	0.01325	0.03219	0.01412	0.01124	0.00806	0.08757	0.03539	0.20590	0.01877	0.01944	0.01370	0.00717	0.00527	0.00170	0.00488	0.00556	0.28680	0.07004
3	0.00903	0.00660	0.00848	0.00801	0.00959	0.00605	0.00601	0.01198	0.01803	0.02529	0.68056	0.04929	0.11000	0.01344	0.00762	0.00204	0.00306	0.01183	0.00703	0.00605
4	0.01607	0.01388	0.01461	0.01315	0.01680	0.01607	0.01023	0.03433	0.72094	0.02703	0.02630	0.02411	0.01972	0.00877	0.00657	0.00219	0.00511	0.00731	0.00657	0.01023
5	0.02859	0.01164	0.01539	0.01180	0.01682	0.01045	0.00975	0.09322	0.01957	0.67383	0.02458	0.02140	0.01554	0.00798	0.00649	0.00199	0.00564	0.00644	0.00786	0.01100
6	0.00765	0.00647	0.00662	0.00673	0.00878	0.00544	0.00499	0.00925	0.01455	0.01738	0.06315	0.11670	0.67697	0.01666	0.00768	0.00222	0.00331	0.01400	0.00600	0.00544
7	0.02044	0.01194	0.01398	0.01283	0.05749	0.04844	0.00949	0.02698	0.19283	0.31842	0.09729	0.02597	0.04670	0.00878	0.00646	0.00199	0.00529	0.00728	0.07795	0.00944
8	0.01838	0.01655	0.01479	0.01319	0.01675	0.17071	0.01028	0.06919	0.37463	0.08489	0.02609	0.02632	0.08352	0.00927	0.00660	0.00208	0.00653	0.03517	0.00592	0.00913
9	0.02021	0.01345	0.01566	0.01370	0.04680	0.01417	0.01055	0.29506	0.13254	0.16288	0.06595	0.06997	0.05548	0.00989	0.00684	0.00210	0.00583	0.04265	0.00659	0.00967
10	0.02149	0.05959	0.08038	0.01347	0.04733	0.03693	0.01128	0.11136	0.03279	0.32953	0.03560	0.07933	0.03082	0.00890	0.00647	0.00198	0.00619	0.02965	0.00614	0.05076

[dist]
# distance from previous block
# <min> <max>
1	13

[block]
# block no. 4 follows, 34 sequences, length 37
# corresponding to MSA columns:
# 282-318
name=unknown_E
#
# <colnr> <probs for GDERKNQSTAVLIFYWHMCP>
#	G	D	E	R	K	N	Q	S	T	A	V	L	I	F	Y	W	H	M	C	P
0	0.04982	0.15655	0.35921	0.01682	0.04567	0.01670	0.06137	0.01945	0.03940	0.01964	0.03373	0.03322	0.01144	0.00840	0.03002	0.00228	0.07891	0.00548	0.00323	0.00865
1	0.01781	0.53720	0.06108	0.01279	0.01764	0.13261	0.01206	0.02069	0.04368	0.01606	0.00994	0.01159	0.00879	0.00633	0.00598	0.00161	0.06894	0.00396	0.00301	0.00821
2	0.01108	0.04088	0.01057	0.09060	0.01286	0.00748	0.00717	0.01014	0.01046	0.01364	0.06536	0.02543	0.09092	0.01866	0.01917	0.54571	0.00558	0.00680	0.00344	0.00404
3	0.01385	0.00791	0.00820	0.00748	0.00955	0.00819	0.00579	0.12250	0.01636	0.02674	0.05116	0.02382	0.01764	0.00781	0.00495	0.00160	0.00365	0.00624	0.64977	0.00679
4	0.00961	0.00674	0.00857	0.00803	0.00976	0.00612	0.00605	0.01245	0.01782	0.04850	0.61691	0.04925	0.14899	0.01346	0.00759	0.00205	0.00316	0.01177	0.00699	0.00617
5	0.02456	0.01810	0.01939	0.01487	0.02004	0.02004	0.01228	0.71107	0.03038	0.04072	0.01551	0.01551	0.01099	0.00776	0.00646	0.00194	0.00711	0.00582	0.00646	0.01099
6	0.74587	0.01236	0.01000	0.00877	0.01286	0.01403	0.00723	0.02014	0.01169	0.09419	0.01052	0.01155	0.00783	0.00618	0.00423	0.00200	0.00504	0.00377	0.00437	0.00737
7	0.02234	0.09305	0.01926	0.01343	0.01820	0.01893	0.01124	0.55872	0.02664	0.03618	0.01552	0.01601	0.01138	0.00750	0.00600	0.00183	0.00660	0.00560	0.10143	0.01013
8	0.01400	0.08558	0.59750	0.01936	0.07294	0.01569	0.04517	0.02066	0.01386	0.04020	0.01188	0.01392	0.00860	0.00610	0.00607	0.00199	0.00917	0.00489	0.00293	0.00951
9	0.02157	0.06375	0.04996	0.04066	0.02014	0.44599	0.01253	0.14986	0.03855	0.02094	0.01337	0.06780	0.01162	0.00782	0.00609	0.00182	0.00963	0.00563	0.00412	0.00817
10	0.81856	0.01250	0.00950	0.00850	0.01250	0.01449	0.00700	0.01899	0.01100	0.02899	0.00900	0.01050	0.00700	0.00600	0.00400	0.00200	0.00500	0.00350	0.00400	0.00700
11	0.01361	0.10840	0.60470	0.01844	0.02731	0.01621	0.08336	0.02037	0.01373	0.01994	0.01146	0.01364	0.00834	0.00601	0.00607	0.00199	0.00940	0.00489	0.00278	0.00935
12	0.00816	0.00624	0.00749	0.00787	0.00922	0.00557	0.00564	0.01002	0.01493	0.01957	0.24772	0.30833	0.29226	0.01682	0.00785	0.00229	0.00338	0.01475	0.00632	0.00557
13	0.00830	0.00683	0.00737	0.00786	0.03070	0.00592	0.00565	0.01009	0.01452	0.01781	0.05867	0.05923	0.61388	0.03893	0.00832	0.00232	0.00365	0.05444	0.03989	0.00561
14	0.01122	0.00561	0.00842	0.00842	0.00842	0.00561	0.00561	0.00842	0.00842	0.01122	0.01122	0.01964	0.01122	0.02245	0.02525	0.81201	0.00561	0.00561	0.00281	0.00281
15	0.01122	0.00561	0.00842	0.00842	0.00842	0.00561	0.00561	0.00842	0.00842	0.01122	0.01122	0.01964	0.01122	0.02245	0.02525	0.81201	0.00561	0.00561	0.00281	0.00281
16	0.01360	0.01364	0.12310	0.11018	0.01742	0.06978	0.01044	0.04100	0.03465	0.02224	0.01785	0.04452	0.01428	0.00756	0.00538	0.00176	0.00570	0.00607	0.43373	0.00711
17	0.01619	0.24672	0.40790	0.01598	0.02327	0.14863	0.01816	0.02109	0.01433	0.01812	0.01056	0.01234	0.00824	0.00606	0.00551	0.00179	0.00917	0.00429	0.00285	0.00882
18	0.02006	0.01462	0.01510	0.01306	0.01705	0.07307	0.01027	0.04740	0.47797	0.20025	0.02456	0.02241	0.01771	0.00839	0.00649	0.00210	0.00577	0.00682	0.00666	0.01021
19	0.01550	0.01505	0.02580	0.03568	0.59446	0.01550	0.06532	0.01913	0.01422	0.02041	0.01266	0.04107	0.01113	0.00674	0.00792	0.00204	0.07815	0.00629	0.00326	0.00967
20	0.01151	0.00959	0.01473	0.07124	0.22712	0.00969	0.01188	0.03417	0.01406	0.01906	0.02614	0.35156	0.02883	0.01421	0.00764	0.00242	0.00573	0.12833	0.00495	0.00715
21	0.01105	0.01112	0.06312	0.09916	0.01892	0.01032	0.09722	0.01521	0.04520	0.02135	0.28935	0.03624	0.09202	0.01389	0.06464	0.00282	0.05078	0.04553	0.00514	0.00692
22	0.01935	0.01704	0.02234	0.07054	0.40051	0.10584	0.01633	0.13458	0.04185	0.08789	0.01407	0.01626	0.01087	0.00654	0.00636	0.00192	0.00785	0.00569	0.00427	0.00991
23	0.01546	0.03691	0.01975	0.20413	0.06599	0.03470	0.10196	0.14310	0.01639	0.04168	0.01623	0.02555	0.01447	0.10403	0.03561	0.00295	0.03336	0.07570	0.00421	0.00782
24	0.00929	0.00667	0.00897	0.01040	0.03166	0.00644	0.00740	0.01113	0.03466	0.01741	0.05476	0.41498	0.09175	0.01864	0.00995	0.08470	0.00453	0.16554	0.00563	0.00550
25	0.01514	0.01495	0.02685	0.17607	0.48563	0.01532	0.13217	0.01933	0.01445	0.02015	0.01217	0.01646	0.00985	0.00584	0.00661	0.00201	0.00838	0.00606	0.00315	0.00940
26	0.00878	0.00682	0.00797	0.00769	0.00953	0.00596	0.00560	0.01080	0.01510	0.02010	0.27775	0.14537	0.30090	0.07259	0.00941	0.00240	0.00361	0.01248	0.00604	0.07109
27	0.02345	0.01710	0.01839	0.01435	0.01925	0.01891	0.01177	0.59646	0.10647	0.06149	0.01718	0.01689	0.01226	0.00787	0.00643	0.00196	0.00673	0.00601	0.02625	0.01078
28	0.02109	0.16202	0.02193	0.01537	0.01960	0.36377	0.05963	0.14048	0.05967	0.02100	0.01453	0.01559	0.04374	0.00714	0.00588	0.00175	0.00919	0.00518	0.00407	0.00838
29	0.05434	0.01439	0.02114	0.13318	0.24930	0.03289	0.06710	0.08939	0.06856	0.05240	0.01455	0.04096	0.01212	0.03579	0.00892	0.00227	0.08337	0.00642	0.00406	0.00885
30	0.01468	0.01092	0.01330	0.01146	0.04581	0.00967	0.00854	0.04461	0.09846	0.09255	0.14200	0.05880	0.02260	0.00819	0.00604	0.00159	0.00478	0.02070	0.00535	0.37996
31	0.00764	0.00655	0.00655	0.00655	0.00873	0.00545	0.00491	0.00927	0.01473	0.01745	0.06546	0.06218	0.73000	0.01636	0.00764	0.00218	0.00327	0.01364	0.00600	0.00545
32	0.01188	0.00784	0.01031	0.03506	0.01237	0.03198	0.02678	0.01309	0.02865	0.08836	0.02688	0.40589	0.02943	0.05134	0.01211	0.15052	0.00513	0.04143	0.00526	0.00570
33	0.01605	0.06625	0.02424	0.17900	0.34816	0.06109	0.04698	0.05927	0.01485	0.01995	0.01149	0.01543	0.00948	0.00667	0.00796	0.00203	0.09334	0.00558	0.00326	0.00893
34	0.00812	0.00594	0.00764	0.00854	0.00936	0.00545	0.00590	0.00971	0.01390	0.01862	0.18761	0.53563	0.12315	0.01830	0.00804	0.00245	0.00355	0.01641	0.00624	0.00545
35	0.04492	0.01244	0.06151	0.01195	0.01545	0.01164	0.01007	0.10608	0.01607	0.30517	0.01933	0.02330	0.01511	0.14115	0.09770	0.00376	0.08351	0.00666	0.00561	0.00859
36	0.00866	0.00633	0.00799	0.00866	0.00960	0.00606	0.00622	0.01022	0.01303	0.01719	0.10622	0.30259	0.15411	0.14809	0.07239	0.00378	0.00541	0.10262	0.00555	0.00528

[dist]
# distance from previous block
# <min> <max>
2	6

[block]
# block no. 5 follows, 34 sequences, length 9
# corresponding to MSA columns:
# 325-333
name=unknown_F
#
# <colnr> <probs for GDERKNQSTAVLIFYWHMCP>
#	G	D	E	R	K	N	Q	S	T	A	V	L	I	F	Y	W	H	M	C	P
0	0.04437	0.35235	0.08361	0.04912	0.08336	0.15865	0.03339	0.04082	0.06466	0.01847	0.01130	0.01300	0.00936	0.00616	0.00526	0.00169	0.00809	0.00446	0.00334	0.00854
1	0.01069	0.00728	0.00944	0.00950	0.01060	0.00762	0.00696	0.01327	0.11029	0.01635	0.04583	0.11037	0.08406	0.06446	0.13007	0.27770	0.00695	0.06880	0.00452	0.00523
2	0.01607	0.01388	0.01461	0.01315	0.01680	0.01607	0.01023	0.03433	0.72094	0.02703	0.02630	0.02411	0.01972	0.00877	0.00657	0.00219	0.00511	0.00731	0.00657	0.01023
3	0.00825	0.00638	0.00752	0.00763	0.00920	0.00566	0.00557	0.01032	0.01560	0.02045	0.30945	0.19787	0.34097	0.01595	0.00775	0.00221	0.00328	0.01385	0.00642	0.00566
4	0.01982	0.00938	0.01208	0.00993	0.01351	0.00839	0.00795	0.05396	0.01841	0.39057	0.23387	0.03537	0.13729	0.01076	0.00699	0.00203	0.00453	0.00905	0.00737	0.00874
5	0.00934	0.00660	0.00832	0.00888	0.01024	0.00609	0.00671	0.01131	0.01458	0.04237	0.16742	0.27265	0.20143	0.05050	0.00917	0.00263	0.00414	0.15572	0.00616	0.00573
6	0.01781	0.71852	0.03264	0.01149	0.01685	0.08194	0.01117	0.01985	0.01353	0.01525	0.00906	0.01047	0.00829	0.00562	0.00428	0.00140	0.00728	0.00351	0.00281	0.00823
7	0.01653	0.10862	0.19027	0.01529	0.05065	0.01597	0.01415	0.14936	0.04806	0.07828	0.01832	0.10324	0.04355	0.00934	0.00833	0.00212	0.10737	0.00714	0.00456	0.00885
