[name]
unknown

[dist]
# distance from previous block
# <min> <max>
0	0

[block]
# block no. 0 follows, 34 sequences, length 57
# corresponding to MSA columns:
# 0-56
name=unknown_A
#
# <colnr> <probs for GDERKNQSTAVLIFYWHMCP>
#	G	D	E	R	K	N	Q	S	T	A	V	L	I	F	Y	W	H	M	C	P
0	0.01041	0.00744	0.01041	0.01190	0.01339	0.00744	0.01041	0.01339	0.01487	0.01934	0.03421	0.07288	0.03719	0.01785	0.00892	0.00297	0.00595	0.68913	0.00595	0.00595
1	0.00787	0.00562	0.00750	0.00900	0.00937	0.00525	0.00600	0.00900	0.01237	0.01649	0.03561	0.76871	0.04274	0.02024	0.00825	0.00262	0.00375	0.01837	0.00600	0.00525
2	0.00910	0.00657	0.00860	0.00816	0.00964	0.00607	0.00609	0.01208	0.01807	0.02557	0.70393	0.07452	0.06030	0.01347	0.00764	0.00205	0.00307	0.01193	0.00707	0.00607
3	0.01727	0.77681	0.03386	0.01106	0.01658	0.02557	0.01106	0.01935	0.01313	0.01520	0.00898	0.01036	0.00829	0.00553	0.00415	0.00138	0.00691	0.00345	0.00276	0.00829
4	0.00787	0.00562	0.00750	0.00900	0.00937	0.00525	0.00600	0.00900	0.01237	0.01649	0.03561	0.76871	0.04274	0.02024	0.00825	0.00262	0.00375	0.01837	0.00600	0.00525
5	0.02414	0.03079	0.01831	0.01665	0.01998	0.74698	0.01248	0.02580	0.01831	0.01581	0.00999	0.01165	0.00832	0.00666	0.00583	0.00166	0.01165	0.00416	0.00333	0.00749
6	0.00900	0.00660	0.00843	0.00798	0.00956	0.00603	0.00598	0.01191	0.01794	0.02509	0.66487	0.04961	0.12582	0.01352	0.00762	0.00205	0.00307	0.01187	0.00700	0.00603
7	0.01462	0.01291	0.06144	0.08135	0.09694	0.01051	0.01092	0.03609	0.03135	0.06625	0.01504	0.01701	0.02790	0.00603	0.00544	0.00144	0.00567	0.00501	0.07605	0.41806
8	0.01122	0.00561	0.00842	0.00842	0.00842	0.00561	0.00561	0.00842	0.00842	0.01122	0.01122	0.01964	0.01122	0.02245	0.02525	0.81201	0.00561	0.00561	0.00281	0.00281
9	0.01340	0.01148	0.01340	0.00957	0.01531	0.00861	0.00766	0.01627	0.01340	0.02105	0.01148	0.01340	0.00957	0.00479	0.00479	0.00096	0.00479	0.00383	0.00383	0.81242
10	0.01525	0.01743	0.03813	0.02723	0.03377	0.01634	0.70915	0.02070	0.01525	0.02070	0.01307	0.01743	0.00980	0.00545	0.00763	0.00218	0.01089	0.00763	0.00327	0.00871
11	0.01715	0.02143	0.17043	0.02646	0.31546	0.12172	0.05090	0.07333	0.09838	0.02232	0.01366	0.01586	0.01068	0.00645	0.00635	0.00195	0.00845	0.00560	0.00376	0.00968
12	0.07171	0.15346	0.02111	0.01370	0.01878	0.02047	0.01162	0.50758	0.06376	0.03468	0.01453	0.01475	0.01074	0.00730	0.00590	0.00186	0.00684	0.00533	0.00565	0.01022
13	0.00933	0.00651	0.00830	0.00830	0.00874	0.00695	0.00548	0.01020	0.00977	0.01346	0.01921	0.03592	0.02073	0.50032	0.30172	0.00781	0.01042	0.00847	0.00374	0.00461
14	0.01935	0.13608	0.06526	0.05468	0.12279	0.14789	0.10209	0.09932	0.01738	0.10746	0.03994	0.01758	0.01257	0.00694	0.00621	0.00188	0.00830	0.02100	0.00427	0.00899
15	0.01626	0.19269	0.18321	0.01865	0.14494	0.04268	0.03393	0.06591	0.11255	0.04299	0.07206	0.01795	0.01490	0.00702	0.00597	0.00187	0.00732	0.00573	0.00413	0.00924
16	0.01653	0.01523	0.07878	0.02028	0.23279	0.01293	0.01345	0.09900	0.05982	0.07260	0.03264	0.01659	0.01221	0.00621	0.00588	0.00162	0.00634	0.00531	0.00439	0.28739
17	0.01211	0.00823	0.01024	0.00875	0.01170	0.00698	0.00673	0.01481	0.01640	0.09925	0.37094	0.08046	0.10521	0.01125	0.00683	0.00181	0.00381	0.00974	0.00621	0.20852
18	0.01867	0.04475	0.03981	0.01436	0.03758	0.10006	0.01137	0.23319	0.29151	0.02826	0.04061	0.05511	0.03842	0.00882	0.00649	0.00203	0.00656	0.00705	0.00579	0.00956
19	0.01900	0.08390	0.19103	0.01313	0.01916	0.03989	0.01295	0.09103	0.03533	0.20711	0.05218	0.01761	0.01376	0.00690	0.00589	0.00173	0.00670	0.00541	0.00503	0.17224
20	0.01747	0.01768	0.11813	0.04963	0.23591	0.01516	0.21438	0.10263	0.01687	0.10182	0.01490	0.03957	0.01151	0.00666	0.00679	0.00205	0.00844	0.00663	0.00415	0.00964
21	0.01754	0.41849	0.13330	0.01526	0.02128	0.02033	0.13706	0.02102	0.01409	0.10086	0.01199	0.01358	0.00945	0.00610	0.00594	0.00174	0.03489	0.00482	0.00346	0.00882
22	0.00813	0.00718	0.02914	0.00768	0.00961	0.00582	0.00592	0.01011	0.01491	0.01897	0.18478	0.19649	0.44587	0.01621	0.00771	0.00224	0.00351	0.01392	0.00611	0.00566
23	0.01895	0.14672	0.08029	0.03460	0.07424	0.10036	0.06164	0.08626	0.05931	0.14695	0.05056	0.01993	0.05025	0.00803	0.00678	0.02806	0.00732	0.00613	0.00476	0.00887
24	0.01605	0.02067	0.15213	0.09199	0.22092	0.14554	0.11314	0.02151	0.07514	0.01984	0.01413	0.05403	0.01178	0.00700	0.00653	0.00201	0.00884	0.00633	0.00355	0.00888
25	0.00833	0.00597	0.00791	0.00869	0.00947	0.00555	0.00603	0.01014	0.01449	0.01987	0.28424	0.51045	0.04927	0.01772	0.00802	0.00241	0.00350	0.01597	0.00640	0.00555
26	0.01408	0.01504	0.08020	0.26368	0.25597	0.01484	0.05229	0.02050	0.12254	0.02015	0.01636	0.01950	0.04253	0.00707	0.00693	0.00210	0.02738	0.00635	0.00369	0.00882
27	0.04411	0.05169	0.10591	0.14237	0.19520	0.05190	0.01553	0.05604	0.05922	0.17244	0.01538	0.01696	0.01123	0.00686	0.00659	0.00200	0.02703	0.00563	0.00447	0.00943
28	0.01511	0.01297	0.01373	0.01242	0.01585	0.01479	0.00964	0.03140	0.63354	0.02634	0.07025	0.02801	0.06845	0.00952	0.00671	0.00218	0.00487	0.00798	0.00657	0.00967
29	0.00787	0.00562	0.00750	0.00900	0.00937	0.00525	0.00600	0.00900	0.01237	0.01649	0.03561	0.76871	0.04274	0.02024	0.00825	0.00262	0.00375	0.01837	0.00600	0.00525
30	0.04647	0.01568	0.11394	0.01337	0.01787	0.01384	0.03690	0.23698	0.11135	0.08291	0.07838	0.10024	0.06341	0.01005	0.00681	0.00212	0.00619	0.02863	0.00584	0.00901
31	0.01610	0.01345	0.01425	0.01279	0.01642	0.01537	0.00996	0.03309	0.66579	0.04949	0.02807	0.02579	0.05229	0.00909	0.00662	0.00218	0.00504	0.00757	0.00659	0.01003
32	0.00813	0.00569	0.00751	0.00894	0.00940	0.00534	0.00605	0.00940	0.01249	0.01692	0.03491	0.71537	0.04138	0.01959	0.00809	0.00258	0.00378	0.03619	0.04294	0.00530
33	0.01472	0.01427	0.01892	0.01677	0.03808	0.04202	0.01343	0.05897	0.01160	0.01716	0.01001	0.01585	0.00966	0.04061	0.06052	0.00326	0.59794	0.00583	0.00316	0.00723
34	0.04257	0.01251	0.01293	0.01176	0.01491	0.05818	0.00914	0.02646	0.38052	0.09954	0.11715	0.07512	0.06101	0.01050	0.00683	0.00217	0.00516	0.03837	0.00641	0.00877
35	0.00804	0.00575	0.00767	0.00904	0.00953	0.00538	0.00616	0.00935	0.01283	0.01718	0.07892	0.69935	0.04368	0.01972	0.00823	0.00260	0.00378	0.04140	0.00607	0.00533
36	0.81856	0.01250	0.00950	0.00850	0.01250	0.01449	0.00700	0.01899	0.01100	0.02899	0.00900	0.01050	0.00700	0.00600	0.00400	0.00200	0.00500	0.00350	0.00400	0.00700
37	0.00923	0.00692	0.01038	0.01038	0.01154	0.00808	0.00808	0.01154	0.01038	0.01500	0.01731	0.02538	0.01615	0.04846	0.74732	0.01038	0.01731	0.00692	0.00346	0.00577
38	0.01751	0.01459	0.01542	0.01344	0.01735	0.01674	0.01057	0.14880	0.60414	0.02934	0.02447	0.02265	0.01825	0.00860	0.00656	0.00215	0.00545	0.00705	0.00656	0.01036
39	0.01414	0.01414	0.01979	0.01696	0.01696	0.01979	0.01414	0.01555	0.00990	0.01555	0.00848	0.01414	0.00848	0.01131	0.02120	0.00283	0.76110	0.00565	0.00283	0.00707
40	0.00933	0.00685	0.00826	0.00792	0.00973	0.00622	0.00593	0.01223	0.03636	0.04188	0.44434	0.09335	0.26504	0.01434	0.00760	0.00212	0.00328	0.01242	0.00671	0.00609
41	0.02595	0.01032	0.01402	0.01098	0.01545	0.00898	0.00898	0.02854	0.01846	0.62822	0.13322	0.02601	0.02288	0.00880	0.00667	0.00200	0.00512	0.00729	0.00786	0.01025
42	0.00782	0.00582	0.00730	0.00848	0.00923	0.00529	0.00577	0.00906	0.01287	0.01670	0.04195	0.61867	0.18868	0.01942	0.00812	0.00253	0.00365	0.01736	0.00600	0.00529
43	0.02414	0.03079	0.01831	0.01665	0.01998	0.74698	0.01248	0.02580	0.01831	0.01581	0.00999	0.01165	0.00832	0.00666	0.00583	0.00166	0.01165	0.00416	0.00333	0.00749
44	0.00940	0.00626	0.00705	0.00705	0.00705	0.00626	0.00392	0.00940	0.00940	0.01253	0.02036	0.04228	0.02349	0.77292	0.03289	0.00626	0.00626	0.00940	0.00392	0.00392
45	0.01607	0.01388	0.01461	0.01315	0.01680	0.01607	0.01023	0.03433	0.72094	0.02703	0.02630	0.02411	0.01972	0.00877	0.00657	0.00219	0.00511	0.00731	0.00657	0.01023
46	0.00964	0.00672	0.00865	0.00825	0.00989	0.00615	0.00622	0.01244	0.01757	0.04813	0.59029	0.08604	0.11884	0.01381	0.00765	0.00210	0.00327	0.03124	0.00695	0.00615
47	0.02261	0.02376	0.01850	0.04080	0.06732	0.41888	0.01253	0.16950	0.02003	0.05864	0.01227	0.01362	0.00952	0.00673	0.00596	0.00171	0.00941	0.00476	0.00425	0.07921
48	0.01436	0.01478	0.02380	0.01901	0.02085	0.01841	0.17809	0.01680	0.01134	0.01705	0.00972	0.01488	0.00885	0.00959	0.01716	0.00258	0.54525	0.00603	0.00298	0.04847
49	0.04941	0.04419	0.02030	0.01536	0.02025	0.04034	0.08616	0.38892	0.17667	0.06556	0.01743	0.01741	0.01267	0.00756	0.00643	0.00200	0.00706	0.00615	0.00590	0.01024
50	0.04482	0.36266	0.23620	0.01354	0.01973	0.04621	0.01446	0.05268	0.07656	0.02002	0.04828	0.01475	0.01202	0.00654	0.00528	0.00174	0.00744	0.00474	0.00354	0.00877
51	0.01648	0.01551	0.02583	0.03824	0.69169	0.01562	0.01940	0.05953	0.01561	0.02224	0.01235	0.01596	0.01028	0.00587	0.00640	0.00192	0.00764	0.00576	0.00339	0.01028
52	0.00927	0.00621	0.00708	0.00721	0.00724	0.00618	0.00409	0.00936	0.00964	0.01286	0.02163	0.10274	0.02509	0.71028	0.03084	0.00596	0.00605	0.01014	0.00409	0.00403
53	0.01380	0.01172	0.01362	0.00976	0.01548	0.00903	0.00782	0.04153	0.01402	0.02177	0.01163	0.01348	0.00962	0.00489	0.00485	0.00099	0.00487	0.00390	0.00392	0.78329
54	0.02063	0.02160	0.02049	0.01971	0.12114	0.29480	0.07063	0.15298	0.16786	0.02393	0.01501	0.01608	0.01161	0.00708	0.00633	0.00190	0.00881	0.00564	0.00457	0.00920
55	0.02240	0.23133	0.02255	0.01429	0.01877	0.31204	0.01181	0.18840	0.03941	0.06333	0.01238	0.01316	0.00971	0.00675	0.00558	0.00169	0.00873	0.00458	0.00428	0.00882
56	0.01325	0.01006	0.01198	0.01117	0.04931	0.03101	0.00807	0.05539	0.03225	0.07831	0.23448	0.11317	0.11379	0.01109	0.00710	0.00188	0.02175	0.00945	0.00576	0.18074

[dist]
# distance from previous block
# <min> <max>
0	3

[block]
# block no. 1 follows, 34 sequences, length 6
# corresponding to MSA columns:
# 60-65
name=unknown_B
#
# <colnr> <probs for GDERKNQSTAVLIFYWHMCP>
#	G	D	E	R	K	N	Q	S	T	A	V	L	I	F	Y	W	H	M	C	P
0	0.02414	0.03079	0.01831	0.01665	0.01998	0.74698	0.01248	0.02580	0.01831	0.01581	0.00999	0.01165	0.00832	0.00666	0.00583	0.00166	0.01165	0.00416	0.00333	0.00749
1	0.01368	0.01191	0.01480	0.01285	0.09342	0.00935	0.00898	0.01666	0.01354	0.02106	0.01156	0.01368	0.00964	0.00489	0.00496	0.00106	0.00510	0.00404	0.00376	0.72507
2	0.00870	0.00681	0.00808	0.00875	0.01053	0.00619	0.00707	0.01080	0.01460	0.01809	0.05135	0.12154	0.41525	0.01723	0.00817	0.00252	0.00432	0.26841	0.00598	0.00562
3	0.01719	0.20274	0.02832	0.06692	0.24424	0.13669	0.14331	0.02047	0.01470	0.01824	0.01101	0.01418	0.00921	0.00607	0.00662	0.00185	0.04115	0.00528	0.00309	0.00873
4	0.00781	0.00639	0.00689	0.00710	0.00892	0.00548	0.00520	0.00948	0.01464	0.01803	0.11859	0.18112	0.55443	0.01675	0.00774	0.00224	0.00333	0.01427	0.00610	0.00548
5	0.01858	0.10054	0.15188	0.02119	0.14895	0.07353	0.12553	0.13226	0.05975	0.08457	0.01422	0.01579	0.01063	0.00651	0.00629	0.00193	0.00832	0.00568	0.00422	0.00964

[dist]
# distance from previous block
# <min> <max>
0	1

[block]
# block no. 2 follows, 34 sequences, length 150
# corresponding to MSA columns:
# 67-216
name=unknown_C
#
# <colnr> <probs for GDERKNQSTAVLIFYWHMCP>
#	G	D	E	R	K	N	Q	S	T	A	V	L	I	F	Y	W	H	M	C	P
0	0.01351	0.01138	0.01608	0.37958	0.02886	0.05478	0.01354	0.01650	0.01309	0.07885	0.01703	0.14732	0.01582	0.01340	0.07784	0.00303	0.08042	0.00800	0.00393	0.00705
1	0.00909	0.00614	0.00714	0.00744	0.00751	0.00606	0.00433	0.00932	0.00999	0.01332	0.02340	0.18692	0.02732	0.62306	0.02798	0.00554	0.00576	0.01118	0.00433	0.00418
2	0.48516	0.09280	0.11854	0.01382	0.08026	0.01561	0.03913	0.01993	0.01242	0.05645	0.01053	0.01220	0.00809	0.00601	0.00479	0.00194	0.00633	0.00417	0.00377	0.00802
3	0.03562	0.35933	0.27023	0.01613	0.04851	0.01979	0.07760	0.01998	0.03022	0.01852	0.02393	0.01343	0.00967	0.00611	0.00576	0.00178	0.02696	0.00465	0.00302	0.00877
4	0.00841	0.00599	0.00759	0.00831	0.00894	0.00563	0.00555	0.00973	0.01309	0.01764	0.17227	0.44496	0.07864	0.16703	0.01295	0.00320	0.00408	0.01502	0.00581	0.00517
5	0.01045	0.00771	0.01044	0.07543	0.01497	0.00788	0.00969	0.01388	0.03815	0.01988	0.08118	0.07541	0.10461	0.01540	0.00808	0.00262	0.00543	0.42888	0.06377	0.00615
6	0.01888	0.03153	0.13212	0.06801	0.32474	0.03483	0.05079	0.05028	0.01605	0.18692	0.01518	0.01692	0.01108	0.00646	0.00639	0.00197	0.00774	0.00578	0.00435	0.00998
7	0.04267	0.01626	0.08244	0.05583	0.05877	0.04512	0.04346	0.18526	0.11858	0.22405	0.01933	0.04837	0.01418	0.00795	0.00649	0.00204	0.00688	0.00656	0.00584	0.00992
8	0.01630	0.01399	0.01474	0.01320	0.01689	0.01618	0.01028	0.05275	0.70216	0.02740	0.02601	0.02387	0.01949	0.00874	0.00657	0.00218	0.00517	0.00726	0.00657	0.01025
9	0.72836	0.01256	0.01026	0.03878	0.01409	0.01460	0.00767	0.02000	0.06235	0.02835	0.01035	0.01175	0.00798	0.00622	0.00428	0.00202	0.00515	0.00386	0.00414	0.00724
10	0.00816	0.00591	0.00776	0.00910	0.00975	0.00552	0.00638	0.00956	0.01296	0.01711	0.05547	0.62370	0.09426	0.01952	0.00826	0.00261	0.00393	0.08866	0.00602	0.00536
11	0.01566	0.01502	0.02563	0.10203	0.67282	0.01527	0.01967	0.01954	0.01456	0.02071	0.01210	0.01610	0.01009	0.00582	0.00640	0.00194	0.00776	0.00576	0.00317	0.00997
12	0.00777	0.00603	0.00707	0.00791	0.00909	0.00534	0.00551	0.00912	0.01342	0.01692	0.04888	0.45455	0.34832	0.01852	0.00798	0.00243	0.00354	0.01626	0.00600	0.00534
13	0.00923	0.00692	0.01038	0.01038	0.01154	0.00808	0.00808	0.01154	0.01038	0.01500	0.01731	0.02538	0.01615	0.04846	0.74732	0.01038	0.01731	0.00692	0.00346	0.00577
14	0.02232	0.01698	0.01813	0.01441	0.01918	0.01899	0.01174	0.53200	0.21312	0.03710	0.01837	0.01779	0.01330	0.00802	0.00649	0.00201	0.00658	0.00621	0.00649	0.01079
15	0.01220	0.01148	0.01938	0.75739	0.04450	0.01436	0.01794	0.01651	0.01292	0.01651	0.01148	0.01723	0.00861	0.00646	0.00646	0.00215	0.00861	0.00574	0.00287	0.00718
16	0.00778	0.00634	0.00688	0.00720	0.00893	0.00544	0.00523	0.00938	0.01439	0.01772	0.09639	0.22407	0.53364	0.01708	0.00778	0.00228	0.00337	0.01462	0.00606	0.00544
17	0.01607	0.01388	0.01461	0.01315	0.01680	0.01607	0.01023	0.03433	0.72094	0.02703	0.02630	0.02411	0.01972	0.00877	0.00657	0.00219	0.00511	0.00731	0.00657	0.01023
18	0.00788	0.00582	0.00738	0.00854	0.00927	0.00532	0.00581	0.00917	0.01301	0.01704	0.06851	0.61774	0.16229	0.01929	0.00812	0.00252	0.00364	0.01728	0.00604	0.00532
19	0.00818	0.00657	0.00730	0.00712	0.00906	0.00569	0.00534	0.01032	0.01601	0.02050	0.30456	0.05717	0.48899	0.01523	0.00763	0.00213	0.00319	0.01293	0.00640	0.00569
20	0.00784	0.00649	0.00688	0.00692	0.00889	0.00552	0.00514	0.00962	0.01501	0.01846	0.14752	0.11144	0.59547	0.01624	0.00768	0.00219	0.00328	0.01373	0.00614	0.00552
21	0.01686	0.70563	0.10142	0.01176	0.01767	0.02456	0.01228	0.01945	0.01318	0.01571	0.00923	0.01068	0.00828	0.00559	0.00434	0.00145	0.00716	0.00358	0.00276	0.00841
22	0.07514	0.72161	0.03210	0.01087	0.01629	0.02477	0.01076	0.01932	0.01297	0.01620	0.00898	0.01037	0.00820	0.00556	0.00414	0.00143	0.00677	0.00346	0.00285	0.00820
23	0.01365	0.01137	0.01324	0.00990	0.01506	0.00910	0.00782	0.06572	0.01452	0.02202	0.01420	0.08959	0.01301	0.00656	0.00525	0.00120	0.00485	0.00544	0.00424	0.67328
24	0.02495	0.01748	0.01901	0.01457	0.01973	0.01912	0.01204	0.65202	0.02935	0.10123	0.01638	0.01608	0.01142	0.00778	0.00647	0.00194	0.00697	0.00588	0.00660	0.01099
25	0.01618	0.01624	0.02437	0.15183	0.55365	0.08633	0.01882	0.01988	0.01478	0.01986	0.01184	0.01577	0.00979	0.00596	0.00635	0.00193	0.00821	0.00560	0.00316	0.00948
26	0.76033	0.01242	0.01021	0.06258	0.01481	0.01448	0.00779	0.01881	0.01114	0.02809	0.00918	0.01098	0.00711	0.00603	0.00418	0.00201	0.00526	0.00366	0.00392	0.00701
27	0.01592	0.01748	0.03677	0.02634	0.03278	0.01661	0.65882	0.07056	0.01634	0.02214	0.01325	0.01729	0.00989	0.00561	0.00754	0.00216	0.01062	0.00749	0.00350	0.00888
28	0.02271	0.01599	0.01763	0.01355	0.01850	0.01696	0.01113	0.53160	0.02676	0.09818	0.06752	0.01823	0.01489	0.00787	0.00638	0.00185	0.00644	0.00610	0.00638	0.09132
29	0.00785	0.00570	0.00742	0.00880	0.00932	0.00526	0.00591	0.00902	0.01256	0.01657	0.03800	0.71217	0.09773	0.01993	0.00820	0.00259	0.00371	0.01799	0.00600	0.00526
30	0.05814	0.01718	0.01715	0.01383	0.01845	0.10143	0.01117	0.35099	0.14020	0.17703	0.01841	0.01759	0.01298	0.00777	0.00631	0.00196	0.00689	0.00591	0.00632	0.01029
31	0.01628	0.01521	0.02514	0.10024	0.62136	0.01560	0.01912	0.06946	0.01569	0.02213	0.01234	0.01606	0.01015	0.00596	0.00641	0.00194	0.00772	0.00576	0.00341	0.01002
32	0.00804	0.00650	0.00715	0.00711	0.00901	0.00561	0.00528	0.01002	0.01551	0.01959	0.23623	0.10179	0.51398	0.01578	0.00767	0.00217	0.00324	0.01342	0.00629	0.00561
33	0.02483	0.01654	0.01822	0.01402	0.01903	0.01787	0.01157	0.57847	0.02790	0.15094	0.01730	0.01685	0.01198	0.00779	0.00640	0.00193	0.00671	0.00593	0.03492	0.01081
34	0.01698	0.07169	0.03476	0.02451	0.04802	0.01653	0.55277	0.04912	0.01597	0.08336	0.01393	0.01720	0.01029	0.00577	0.00720	0.00209	0.00990	0.00711	0.00377	0.00901
35	0.02305	0.01087	0.01547	0.01235	0.01610	0.01060	0.03755	0.02550	0.01639	0.49033	0.07291	0.02353	0.01827	0.03121	0.07009	0.00291	0.09985	0.00692	0.00663	0.00946
36	0.00934	0.00650	0.00823	0.00823	0.00864	0.00691	0.00539	0.01015	0.00975	0.01340	0.01928	0.03630	0.02089	0.51636	0.28590	0.00772	0.01017	0.00852	0.00375	0.00457
37	0.01727	0.77681	0.03386	0.01106	0.01658	0.02557	0.01106	0.01935	0.01313	0.01520	0.00898	0.01036	0.00829	0.00553	0.00415	0.00138	0.00691	0.00345	0.00276	0.00829
38	0.00778	0.00652	0.00676	0.00676	0.00883	0.00551	0.00505	0.00953	0.01498	0.01820	0.12518	0.08124	0.64915	0.01619	0.00765	0.00218	0.00327	0.01359	0.00610	0.00551
39	0.00893	0.00655	0.00840	0.00817	0.00966	0.00601	0.00612	0.01168	0.01733	0.02407	0.58266	0.10979	0.12512	0.01426	0.00772	0.00213	0.00323	0.03535	0.00687	0.00596
40	0.02852	0.01175	0.01546	0.01185	0.01687	0.01061	0.00979	0.10343	0.01975	0.66337	0.02443	0.02131	0.01546	0.00797	0.00649	0.00199	0.00567	0.00643	0.00783	0.01100
41	0.02756	0.01068	0.01454	0.01125	0.01600	0.00925	0.00925	0.03010	0.01848	0.68573	0.07631	0.02389	0.01924	0.00837	0.00658	0.00200	0.00532	0.00687	0.00793	0.01064
42	0.00907	0.00689	0.01005	0.01181	0.04970	0.00659	0.02883	0.01087	0.01312	0.01748	0.03338	0.55655	0.03881	0.01851	0.00827	0.00265	0.00465	0.16126	0.00576	0.00577
43	0.01340	0.01148	0.01340	0.00957	0.01531	0.00861	0.00766	0.01627	0.01340	0.02105	0.01148	0.01340	0.00957	0.00479	0.00479	0.00096	0.00479	0.00383	0.00383	0.81242
44	0.00874	0.00709	0.00781	0.00754	0.00961	0.00643	0.00568	0.01204	0.06689	0.02091	0.27920	0.05489	0.46040	0.01479	0.00755	0.00213	0.00333	0.01254	0.00640	0.00601
45	0.02430	0.01797	0.01924	0.01481	0.01994	0.01991	0.01222	0.69002	0.05187	0.04030	0.01585	0.01578	0.01126	0.00779	0.00647	0.00195	0.00705	0.00586	0.00647	0.01096
46	0.01299	0.03184	0.68701	0.01778	0.02705	0.01454	0.02270	0.02016	0.01362	0.02051	0.01159	0.01362	0.00829	0.00604	0.00604	0.00197	0.00921	0.00471	0.00281	0.06753
47	0.01517	0.01503	0.02311	0.30427	0.42587	0.06782	0.01860	0.01903	0.01431	0.01902	0.01175	0.01614	0.00950	0.00608	0.00638	0.00199	0.00831	0.00564	0.00309	0.00890
48	0.66480	0.01220	0.01057	0.00908	0.01327	0.01352	0.00748	0.02143	0.01246	0.16689	0.01221	0.01274	0.00875	0.00639	0.00449	0.00200	0.00510	0.00408	0.00478	0.00778
49	0.00825	0.00597	0.00780	0.00861	0.00943	0.00552	0.00598	0.00998	0.01429	0.01941	0.24823	0.51533	0.08138	0.01791	0.00803	0.00242	0.00351	0.01611	0.00634	0.00552
50	0.04046	0.01307	0.01430	0.01259	0.01633	0.01452	0.00986	0.05315	0.52983	0.13993	0.02585	0.06299	0.01973	0.00915	0.00658	0.00217	0.00516	0.00762	0.00669	0.01002
51	0.00816	0.00583	0.00778	0.00903	0.00960	0.00546	0.00622	0.00961	0.01324	0.01782	0.12278	0.64426	0.04476	0.01924	0.00820	0.00257	0.00377	0.05014	0.00614	0.00539
52	0.02644	0.01118	0.01463	0.01137	0.01605	0.01007	0.00934	0.09095	0.01938	0.59918	0.06575	0.02483	0.05292	0.00867	0.00661	0.00200	0.00540	0.00707	0.00771	0.01045
53	0.01765	0.01353	0.01466	0.01295	0.01676	0.01527	0.01014	0.03399	0.63521	0.11370	0.02620	0.02385	0.01927	0.00867	0.00657	0.00217	0.00516	0.00721	0.00675	0.01032
54	0.11022	0.01434	0.01499	0.01283	0.01692	0.01619	0.01021	0.16417	0.45472	0.08120	0.02217	0.02073	0.01630	0.00820	0.00625	0.00211	0.00552	0.00652	0.00636	0.01006
55	0.11357	0.02341	0.01777	0.01512	0.01899	0.37202	0.01188	0.26317	0.02124	0.02596	0.01172	0.01300	0.00911	0.00722	0.00667	0.00186	0.04945	0.00474	0.00447	0.00863
56	0.00787	0.00562	0.00750	0.00900	0.00937	0.00525	0.00600	0.00900	0.01237	0.01649	0.03561	0.76871	0.04274	0.02024	0.00825	0.00262	0.00375	0.01837	0.00600	0.00525
57	0.01693	0.71668	0.09093	0.01165	0.01750	0.02471	0.01209	0.01944	0.01317	0.01563	0.00919	0.01063	0.00828	0.00558	0.00431	0.00144	0.00712	0.00356	0.00276	0.00839
58	0.00830	0.00663	0.00746	0.00741	0.00935	0.00579	0.00567	0.01046	0.01582	0.02017	0.26553	0.05871	0.47602	0.01551	0.00772	0.00219	0.00340	0.06183	0.00634	0.00569
59	0.01727	0.77681	0.03386	0.01106	0.01658	0.02557	0.01106	0.01935	0.01313	0.01520	0.00898	0.01036	0.00829	0.00553	0.00415	0.00138	0.00691	0.00345	0.00276	0.00829
60	0.00803	0.00591	0.00755	0.00865	0.00943	0.00542	0.00599	0.00946	0.01332	0.01754	0.09967	0.57762	0.14735	0.01898	0.00812	0.00252	0.00369	0.03929	0.00609	0.00538
61	0.00787	0.00562	0.00750	0.00900	0.00937	0.00525	0.00600	0.00900	0.01237	0.01649	0.03561	0.76871	0.04274	0.02024	0.00825	0.00262	0.00375	0.01837	0.00600	0.00525
62	0.01754	0.01461	0.01544	0.01345	0.01736	0.01676	0.01058	0.15134	0.60155	0.02940	0.02443	0.02262	0.01821	0.00859	0.00656	0.00215	0.00546	0.00705	0.00656	0.01036
63	0.00940	0.00626	0.00705	0.00705	0.00705	0.00626	0.00392	0.00940	0.00940	0.01253	0.02036	0.04228	0.02349	0.77292	0.03289	0.00626	0.00626	0.00940	0.00392	0.00392
64	0.01684	0.16780	0.13340	0.03796	0.02347	0.16567	0.17258	0.04448	0.01484	0.01832	0.01130	0.01445	0.00926	0.00932	0.05611	0.00249	0.08500	0.00534	0.00317	0.00819
65	0.00923	0.00691	0.01030	0.01030	0.01142	0.00803	0.00797	0.01148	0.01036	0.01493	0.01739	0.02583	0.01635	0.06742	0.72862	0.01028	0.01702	0.00699	0.00347	0.00572
66	0.44401	0.11295	0.01606	0.02916	0.03179	0.07553	0.00964	0.16962	0.01618	0.02825	0.01061	0.01194	0.00824	0.00638	0.00481	0.00188	0.00637	0.00415	0.00428	0.00814
67	0.01799	0.01985	0.04694	0.02527	0.14949	0.15131	0.32923	0.10190	0.01719	0.02195	0.01237	0.01564	0.00964	0.00630	0.00757	0.00204	0.04648	0.00629	0.00361	0.00896
68	0.01230	0.01167	0.01996	0.73492	0.04417	0.01442	0.03922	0.01664	0.01299	0.01664	0.01153	0.01723	0.00865	0.00643	0.00650	0.00215	0.00868	0.00580	0.00288	0.00723
69	0.00806	0.00570	0.00744	0.00875	0.00908	0.00537	0.00574	0.00905	0.01200	0.01600	0.03371	0.67826	0.04034	0.11395	0.01131	0.00308	0.00406	0.01725	0.00574	0.00508
70	0.01340	0.01148	0.01340	0.00957	0.01531	0.00861	0.00766	0.01627	0.01340	0.02105	0.01148	0.01340	0.00957	0.00479	0.00479	0.00096	0.00479	0.00383	0.00383	0.81242
71	0.01764	0.01124	0.01303	0.01143	0.01484	0.01186	0.00902	0.02799	0.36170	0.20101	0.14292	0.02943	0.02612	0.00958	0.00669	0.00211	0.00477	0.03325	0.05607	0.00931
72	0.00883	0.00624	0.00717	0.00750	0.00802	0.00597	0.00473	0.00945	0.01112	0.01441	0.03183	0.18325	0.15437	0.46777	0.02284	0.00473	0.00524	0.03726	0.00476	0.00452
73	0.00787	0.00562	0.00750	0.00900	0.00937	0.00525	0.00600	0.00900	0.01237	0.01649	0.03561	0.76871	0.04274	0.02024	0.00825	0.00262	0.00375	0.01837	0.00600	0.00525
74	0.01599	0.01535	0.02623	0.03966	0.73262	0.01535	0.01983	0.01983	0.01471	0.02111	0.01215	0.01599	0.01023	0.00576	0.00640	0.00192	0.00768	0.00576	0.00320	0.01023
75	0.01414	0.01414	0.01979	0.01696	0.01696	0.01979	0.01414	0.01555	0.00990	0.01555	0.00848	0.01414	0.00848	0.01131	0.02120	0.00283	0.76110	0.00565	0.00283	0.00707
76	0.01581	0.01523	0.02558	0.03737	0.66057	0.01580	0.01926	0.01940	0.01423	0.02055	0.01178	0.01581	0.01006	0.00632	0.00789	0.00201	0.08353	0.00575	0.00316	0.00992
77	0.02286	0.01888	0.01750	0.01446	0.01882	0.17143	0.01158	0.34306	0.15767	0.10550	0.01806	0.01888	0.01347	0.00807	0.00643	0.00197	0.00748	0.02797	0.00597	0.00994
78	0.00809	0.00664	0.00718	0.00727	0.00930	0.00573	0.00560	0.01003	0.01516	0.01863	0.13994	0.06163	0.58200	0.01614	0.00776	0.00224	0.00352	0.08141	0.00613	0.00558
79	0.09324	0.00667	0.00637	0.00627	0.00803	0.00688	0.00477	0.01545	0.01329	0.02458	0.01986	0.02272	0.01560	0.00737	0.00446	0.00156	0.00321	0.00577	0.72777	0.00612
80	0.24193	0.01731	0.01662	0.01323	0.01797	0.06128	0.01085	0.48128	0.02436	0.03604	0.01340	0.01391	0.00974	0.00721	0.00575	0.00194	0.00680	0.00509	0.00560	0.00969
81	0.01249	0.00657	0.00663	0.00647	0.00813	0.00669	0.00489	0.03327	0.03599	0.02460	0.02110	0.02387	0.01652	0.00757	0.00463	0.00154	0.00318	0.00606	0.76352	0.00628
82	0.00897	0.00660	0.00840	0.00795	0.00955	0.00602	0.00596	0.01186	0.01788	0.02494	0.65282	0.04987	0.13796	0.01357	0.00762	0.00205	0.00307	0.01191	0.00698	0.00602
83	0.01946	0.01960	0.02172	0.11551	0.34638	0.25728	0.01620	0.02251	0.01605	0.08615	0.01261	0.01527	0.00995	0.00635	0.00622	0.00187	0.00890	0.00530	0.00365	0.00903
84	0.04611	0.01169	0.01897	0.62420	0.07764	0.01399	0.01687	0.01809	0.01342	0.07987	0.01264	0.01731	0.00928	0.00654	0.00636	0.00212	0.00815	0.00572	0.00338	0.00767
85	0.81856	0.01250	0.00950	0.00850	0.01250	0.01449	0.00700	0.01899	0.01100	0.02899	0.00900	0.01050	0.00700	0.00600	0.00400	0.00200	0.00500	0.00350	0.00400	0.00700
86	0.00895	0.00652	0.00843	0.00812	0.00958	0.00599	0.00602	0.01176	0.01758	0.02464	0.63339	0.11161	0.09521	0.01399	0.00768	0.00209	0.00312	0.01237	0.00696	0.00599
87	0.01599	0.01535	0.02623	0.03966	0.73262	0.01535	0.01983	0.01983	0.01471	0.02111	0.01215	0.01599	0.01023	0.00576	0.00640	0.00192	0.00768	0.00576	0.00320	0.01023
88	0.00830	0.00626	0.00768	0.00799	0.00930	0.00563	0.00574	0.01031	0.01531	0.02040	0.31238	0.29651	0.23772	0.01646	0.00784	0.00227	0.00335	0.01449	0.00643	0.00563
89	0.01296	0.03342	0.73944	0.01842	0.02797	0.01501	0.02387	0.02046	0.01364	0.02046	0.01160	0.01364	0.00818	0.00614	0.00614	0.00205	0.00955	0.00477	0.00273	0.00955
90	0.00781	0.00654	0.00682	0.00691	0.00896	0.00554	0.00520	0.00954	0.01480	0.01789	0.09531	0.09289	0.64391	0.01643	0.00771	0.00222	0.00337	0.03660	0.00605	0.00549
91	0.01036	0.00727	0.00931	0.00856	0.01043	0.00682	0.00648	0.01420	0.05581	0.05245	0.64830	0.04517	0.05586	0.01258	0.00746	0.00201	0.00329	0.01107	0.00704	0.02554
92	0.00923	0.00692	0.01038	0.01038	0.01154	0.00808	0.00808	0.01154	0.01038	0.01500	0.01731	0.02538	0.01615	0.04846	0.74732	0.01038	0.01731	0.00692	0.00346	0.00577
93	0.30512	0.01337	0.01421	0.01132	0.01601	0.01400	0.00934	0.20420	0.01896	0.30695	0.01710	0.01627	0.01153	0.00723	0.00561	0.00198	0.00574	0.00527	0.00619	0.00959
94	0.01584	0.05490	0.01530	0.01288	0.01505	0.16836	0.01025	0.03542	0.01346	0.08710	0.01486	0.01953	0.01287	0.02716	0.35860	0.00597	0.11561	0.00591	0.00383	0.00710
95	0.05174	0.01115	0.01469	0.01158	0.01632	0.01007	0.00957	0.04979	0.04217	0.63280	0.02519	0.02425	0.01683	0.00848	0.00655	0.00206	0.00554	0.04297	0.00767	0.01058
96	0.00791	0.00565	0.00753	0.00897	0.00938	0.00527	0.00600	0.00908	0.01253	0.01675	0.05426	0.74934	0.04323	0.02005	0.00823	0.00261	0.00373	0.01819	0.00603	0.00527
97	0.01264	0.01193	0.02017	0.67505	0.12345	0.01447	0.01816	0.01689	0.01313	0.01704	0.01156	0.01708	0.00880	0.00638	0.00645	0.00213	0.00851	0.00574	0.00291	0.00753
98	0.01711	0.74901	0.06024	0.01133	0.01701	0.02517	0.01154	0.01939	0.01315	0.01540	0.00908	0.01049	0.00829	0.00555	0.00422	0.00141	0.00701	0.00350	0.00276	0.00834
99	0.01115	0.00937	0.01077	0.01176	0.06356	0.04746	0.00829	0.05618	0.03459	0.02095	0.16181	0.18235	0.21845	0.01474	0.00767	0.00230	0.00481	0.12137	0.00589	0.00653
100	0.01570	0.01657	0.02780	0.09550	0.02811	0.07361	0.36296	0.06242	0.01513	0.02020	0.01236	0.01698	0.00996	0.03519	0.00976	0.00225	0.10747	0.00653	0.00345	0.07805
101	0.02200	0.01376	0.01763	0.01398	0.01856	0.01416	0.07357	0.19450	0.20564	0.27214	0.04873	0.04029	0.01756	0.00841	0.00670	0.00207	0.00614	0.00714	0.00674	0.01026
102	0.01235	0.01164	0.01965	0.72869	0.07202	0.01440	0.01802	0.01664	0.01299	0.01669	0.01151	0.01718	0.00868	0.00643	0.00646	0.00214	0.00858	0.00574	0.00288	0.00730
103	0.01275	0.01204	0.02037	0.65348	0.14412	0.01450	0.01822	0.01699	0.01318	0.01717	0.01158	0.01705	0.00885	0.00636	0.00645	0.00212	0.00848	0.00574	0.00292	0.00762
104	0.01597	0.01730	0.03592	0.04864	0.03291	0.01660	0.62732	0.08056	0.01649	0.02231	0.01324	0.01726	0.00987	0.00568	0.00749	0.00216	0.01049	0.00741	0.00353	0.00886
105	0.00939	0.00628	0.00713	0.00713	0.00716	0.00631	0.00402	0.00945	0.00942	0.01259	0.02028	0.04186	0.02331	0.75481	0.05075	0.00637	0.00654	0.00933	0.00390	0.00396
106	0.00859	0.00658	0.00787	0.00755	0.00931	0.00586	0.00566	0.01112	0.01698	0.02281	0.48585	0.05337	0.30626	0.01437	0.00763	0.00209	0.00313	0.01240	0.00670	0.00586
107	0.01932	0.01564	0.02124	0.01618	0.02097	0.03760	0.17779	0.34914	0.02295	0.06857	0.08292	0.02429	0.09591	0.00862	0.00696	0.00203	0.00728	0.00762	0.00569	0.00929
108	0.02414	0.03079	0.01831	0.01665	0.01998	0.74698	0.01248	0.02580	0.01831	0.01581	0.00999	0.01165	0.00832	0.00666	0.00583	0.00166	0.01165	0.00416	0.00333	0.00749
109	0.01257	0.00718	0.00912	0.00826	0.01032	0.00658	0.00633	0.01549	0.01746	0.13313	0.49081	0.04084	0.06634	0.01161	0.00696	0.00195	0.00342	0.01005	0.13477	0.00681
110	0.01380	0.01311	0.02226	0.45519	0.33424	0.01478	0.01874	0.01791	0.01367	0.01845	0.01177	0.01671	0.00930	0.00616	0.00643	0.00205	0.00822	0.00575	0.00301	0.00846
111	0.02373	0.02059	0.01873	0.01512	0.01974	0.18320	0.01215	0.49814	0.08767	0.03393	0.01521	0.01539	0.01115	0.00760	0.00633	0.00190	0.00796	0.00557	0.00577	0.01014
112	0.00910	0.00660	0.00857	0.00808	0.00963	0.00608	0.00606	0.01211	0.01818	0.02566	0.70925	0.04868	0.08108	0.01330	0.00762	0.00204	0.00306	0.01174	0.00708	0.00608
113	0.00793	0.00653	0.00697	0.00691	0.00892	0.00557	0.00516	0.00982	0.01534	0.01903	0.19016	0.07936	0.58419	0.01588	0.00765	0.00217	0.00324	0.01340	0.00621	0.00557
114	0.01220	0.01148	0.01938	0.75739	0.04450	0.01436	0.01794	0.01651	0.01292	0.01651	0.01148	0.01723	0.00861	0.00646	0.00646	0.00215	0.00861	0.00574	0.00287	0.00718
115	0.02471	0.01606	0.01791	0.01393	0.01891	0.01724	0.01144	0.48858	0.09720	0.19752	0.01887	0.01785	0.01300	0.00791	0.00648	0.00198	0.00654	0.00612	0.00682	0.01091
116	0.02369	0.01627	0.01766	0.01368	0.01847	0.01771	0.01126	0.58195	0.02765	0.09956	0.01694	0.01694	0.01198	0.00775	0.00627	0.00190	0.00656	0.00590	0.08737	0.01049
117	0.01220	0.01148	0.01938	0.75739	0.04450	0.01436	0.01794	0.01651	0.01292	0.01651	0.01148	0.01723	0.00861	0.00646	0.00646	0.00215	0.00861	0.00574	0.00287	0.00718
118	0.05354	0.01844	0.01768	0.01415	0.01866	0.13010	0.01139	0.47468	0.02548	0.09522	0.01603	0.03741	0.01222	0.03634	0.00731	0.00208	0.00747	0.00602	0.00591	0.00988
119	0.01220	0.01148	0.01938	0.75739	0.04450	0.01436	0.01794	0.01651	0.01292	0.01651	0.01148	0.01723	0.00861	0.00646	0.00646	0.00215	0.00861	0.00574	0.00287	0.00718
120	0.81856	0.01250	0.00950	0.00850	0.01250	0.01449	0.00700	0.01899	0.01100	0.02899	0.00900	0.01050	0.00700	0.00600	0.00400	0.00200	0.00500	0.00350	0.00400	0.00700
121	0.00775	0.00627	0.00689	0.00732	0.00894	0.00541	0.00527	0.00926	0.01411	0.01738	0.07349	0.27405	0.50643	0.01745	0.00782	0.00231	0.00341	0.01501	0.00603	0.00541
122	0.00904	0.00660	0.00849	0.00802	0.00959	0.00605	0.00602	0.01199	0.01805	0.02533	0.68395	0.04921	0.10658	0.01342	0.00762	0.00204	0.00306	0.01182	0.00704	0.00605
123	0.00817	0.00657	0.00729	0.00711	0.00906	0.00568	0.00533	0.01031	0.01600	0.02047	0.30219	0.05722	0.49138	0.01524	0.00763	0.00213	0.00319	0.01294	0.00640	0.00568
124	0.08323	0.01768	0.01866	0.01440	0.01948	0.01963	0.01189	0.65993	0.02895	0.03985	0.01503	0.01514	0.01069	0.00763	0.00628	0.00194	0.00695	0.00565	0.00628	0.01069
125	0.05142	0.01791	0.01906	0.01465	0.01978	0.01985	0.01210	0.68766	0.02972	0.04032	0.01529	0.01534	0.01085	0.00770	0.00638	0.00194	0.00704	0.00574	0.00638	0.01085
126	0.81856	0.01250	0.00950	0.00850	0.01250	0.01449	0.00700	0.01899	0.01100	0.02899	0.00900	0.01050	0.00700	0.00600	0.00400	0.00200	0.00500	0.00350	0.00400	0.00700
127	0.02887	0.01119	0.01511	0.01159	0.01659	0.00978	0.00957	0.04976	0.01881	0.71837	0.02522	0.02182	0.01586	0.00799	0.00650	0.00200	0.00554	0.00648	0.00796	0.01100
128	0.01469	0.01593	0.09249	0.13126	0.06274	0.01455	0.27861	0.02202	0.14519	0.04779	0.01784	0.04726	0.01463	0.00777	0.00713	0.00222	0.00840	0.05656	0.00423	0.00869
129	0.07745	0.01898	0.01813	0.03364	0.07366	0.15662	0.01228	0.33869	0.15269	0.03058	0.01565	0.01609	0.01170	0.00743	0.00619	0.00194	0.00754	0.00561	0.00538	0.00976
130	0.01649	0.01234	0.01438	0.01049	0.01608	0.01027	0.00848	0.11325	0.01624	0.09514	0.01343	0.01455	0.01041	0.00551	0.00519	0.00120	0.00518	0.00437	0.00461	0.62241
131	0.00907	0.00652	0.00838	0.00925	0.01007	0.00627	0.00640	0.05289	0.01423	0.01918	0.12160	0.63144	0.04306	0.01858	0.00806	0.00251	0.00387	0.01675	0.00617	0.00571
132	0.01308	0.03257	0.70189	0.01889	0.02828	0.01508	0.06057	0.02048	0.01373	0.02048	0.01167	0.01384	0.00827	0.00610	0.00622	0.00205	0.00962	0.00493	0.00276	0.00950
133	0.01186	0.00606	0.00619	0.00615	0.00766	0.00603	0.00462	0.01488	0.01385	0.02420	0.06541	0.02560	0.01934	0.00788	0.00471	0.00154	0.00301	0.00638	0.75860	0.00603
134	0.01220	0.01148	0.01938	0.75739	0.04450	0.01436	0.01794	0.01651	0.01292	0.01651	0.01148	0.01723	0.00861	0.00646	0.00646	0.00215	0.00861	0.00574	0.00287	0.00718
135	0.02414	0.03079	0.01831	0.01665	0.01998	0.74698	0.01248	0.02580	0.01831	0.01581	0.00999	0.01165	0.00832	0.00666	0.00583	0.00166	0.01165	0.00416	0.00333	0.00749
136	0.00848	0.00666	0.00769	0.00764	0.00939	0.00597	0.00565	0.01106	0.03560	0.02083	0.31415	0.14339	0.36938	0.01543	0.00768	0.00218	0.00330	0.01330	0.00644	0.00581
137	0.00789	0.00589	0.00734	0.00839	0.00924	0.00534	0.00575	0.00923	0.01323	0.01722	0.07957	0.56874	0.20070	0.01898	0.00807	0.00249	0.00360	0.01693	0.00606	0.00534
138	0.70704	0.01328	0.01089	0.00939	0.01355	0.01527	0.00774	0.11620	0.01372	0.03064	0.00991	0.01120	0.00756	0.00624	0.00434	0.00199	0.00529	0.00382	0.00434	0.00756
139	0.01110	0.00715	0.00927	0.00857	0.01044	0.00660	0.00648	0.01432	0.03513	0.09325	0.58750	0.08416	0.07479	0.01307	0.00752	0.00207	0.00338	0.01150	0.00709	0.00660
140	0.03952	0.05451	0.01589	0.01246	0.01653	0.01554	0.01005	0.18832	0.34019	0.11591	0.06274	0.02314	0.03762	0.00861	0.00637	0.00203	0.00550	0.00694	0.02829	0.00984
141	0.02503	0.01655	0.01829	0.01406	0.01911	0.01784	0.01160	0.57460	0.02788	0.16265	0.01740	0.01686	0.01200	0.00779	0.00642	0.00194	0.00673	0.00594	0.02643	0.01087
142	0.00797	0.00581	0.00751	0.00866	0.00933	0.00535	0.00590	0.00932	0.01317	0.01747	0.10356	0.62861	0.11517	0.01919	0.00813	0.00252	0.00363	0.01726	0.00610	0.00535
143	0.00802	0.00625	0.00721	0.00761	0.00903	0.00552	0.00542	0.00966	0.01436	0.01835	0.16215	0.28784	0.37500	0.04270	0.00869	0.00244	0.00349	0.01471	0.00611	0.00544
144	0.01695	0.01734	0.02321	0.18056	0.44297	0.14182	0.01789	0.04604	0.01556	0.01999	0.01177	0.01547	0.00960	0.00613	0.00631	0.00192	0.00853	0.00548	0.00328	0.00917
145	0.01355	0.01176	0.01202	0.01112	0.01292	0.07773	0.00827	0.07416	0.15664	0.01943	0.02446	0.07055	0.08145	0.24347	0.04970	0.00385	0.07228	0.04499	0.00489	0.00676
146	0.00798	0.00598	0.00744	0.00855	0.00947	0.00545	0.00601	0.00936	0.01315	0.01693	0.04327	0.53912	0.22091	0.01908	0.00813	0.00253	0.00377	0.06152	0.00600	0.00535
147	0.81856	0.01250	0.00950	0.00850	0.01250	0.01449	0.00700	0.01899	0.01100	0.02899	0.00900	0.01050	0.00700	0.00600	0.00400	0.00200	0.00500	0.00350	0.00400	0.00700
148	0.00791	0.00569	0.00743	0.00880	0.00926	0.00529	0.00587	0.00903	0.01240	0.01641	0.03669	0.70630	0.07889	0.04550	0.00905	0.00272	0.00381	0.01781	0.00593	0.00521
149	0.03566	0.07337	0.07377	0.04877	0.19764	0.01377	0.03081	0.05818	0.03442	0.02175	0.01202	0.01445	0.00978	0.00573	0.00589	0.00155	0.02411	0.00477	0.00366	0.32988

[dist]
# distance from previous block
# <min> <max>
0	1

[block]
# block no. 3 follows, 34 sequences, length 34
# corresponding to MSA columns:
# 218-251
name=unknown_D
#
# <colnr> <probs for GDERKNQSTAVLIFYWHMCP>
#	G	D	E	R	K	N	Q	S	T	A	V	L	I	F	Y	W	H	M	C	P
0	0.09173	0.70579	0.03159	0.01082	0.01620	0.02454	0.01068	0.01931	0.01293	0.01648	0.00898	0.01038	0.00817	0.00557	0.00413	0.00144	0.00673	0.00346	0.00288	0.00817
1	0.01625	0.01511	0.02505	0.17671	0.44794	0.01583	0.07798	0.10559	0.01636	0.02262	0.01252	0.01630	0.00997	0.00612	0.00652	0.00199	0.00807	0.00592	0.00355	0.00960
2	0.01261	0.00657	0.00663	0.00642	0.00809	0.00665	0.00487	0.04645	0.01431	0.02484	0.02083	0.02370	0.01631	0.00754	0.00460	0.00153	0.00320	0.00601	0.77260	0.00625
3	0.07388	0.01586	0.01666	0.04718	0.01907	0.04714	0.01139	0.41216	0.13109	0.03305	0.03545	0.04596	0.01595	0.00895	0.00655	0.00208	0.00663	0.05534	0.00599	0.00962
4	0.01492	0.01434	0.02423	0.22937	0.42640	0.01523	0.07222	0.02035	0.07989	0.02039	0.01336	0.01719	0.01065	0.00620	0.00653	0.00203	0.00794	0.00604	0.00343	0.00929
5	0.02684	0.01135	0.01499	0.01186	0.01655	0.01032	0.00985	0.09501	0.01930	0.60359	0.02534	0.02610	0.01748	0.00889	0.00672	0.00208	0.00569	0.06986	0.00766	0.01053
6	0.01084	0.00833	0.01289	0.01327	0.01521	0.00823	0.07287	0.01404	0.01491	0.01946	0.03232	0.06793	0.03474	0.01674	0.00881	0.00290	0.00639	0.62821	0.00571	0.00620
7	0.52146	0.01329	0.01214	0.08272	0.01692	0.03397	0.00902	0.07483	0.09797	0.04541	0.01366	0.01478	0.02735	0.00684	0.00494	0.00203	0.00567	0.00470	0.00452	0.00779
8	0.01514	0.32385	0.31563	0.01733	0.02467	0.01945	0.16051	0.02007	0.01377	0.01843	0.01087	0.01313	0.00856	0.00575	0.00566	0.00181	0.00878	0.00484	0.00285	0.00888
9	0.01004	0.00822	0.00917	0.00995	0.01101	0.04467	0.00694	0.01388	0.12233	0.01830	0.05470	0.57540	0.03757	0.03484	0.00841	0.00257	0.00440	0.01552	0.00594	0.00613
10	0.02664	0.01107	0.01475	0.01121	0.01632	0.00936	0.00922	0.02920	0.01773	0.62938	0.02338	0.02070	0.01503	0.00751	0.00624	0.00184	0.00539	0.00610	0.00737	0.13155
11	0.05435	0.01525	0.01740	0.01338	0.01845	0.01591	0.01106	0.43323	0.02526	0.29988	0.01900	0.01775	0.01271	0.00778	0.00639	0.00196	0.00643	0.00599	0.00695	0.01085
12	0.00939	0.00696	0.00870	0.00965	0.01055	0.00692	0.00668	0.04315	0.07903	0.01857	0.03384	0.66540	0.03916	0.01861	0.00801	0.00255	0.00403	0.01677	0.00607	0.00597
13	0.01198	0.00723	0.00954	0.00861	0.01063	0.00658	0.00658	0.01495	0.01832	0.12739	0.62880	0.04452	0.05455	0.01247	0.00746	0.00203	0.00340	0.01095	0.00724	0.00680
14	0.00787	0.00562	0.00750	0.00900	0.00937	0.00525	0.00600	0.00900	0.01237	0.01649	0.03561	0.76871	0.04274	0.02024	0.00825	0.00262	0.00375	0.01837	0.00600	0.00525
15	0.00787	0.00562	0.00750	0.00900	0.00937	0.00525	0.00600	0.00900	0.01237	0.01649	0.03561	0.76871	0.04274	0.02024	0.00825	0.00262	0.00375	0.01837	0.00600	0.00525
16	0.02287	0.02873	0.02058	0.01886	0.05945	0.63988	0.07761	0.02501	0.01783	0.01655	0.01039	0.01242	0.00856	0.00650	0.00602	0.00173	0.01137	0.00457	0.00332	0.00775
17	0.81856	0.01250	0.00950	0.00850	0.01250	0.01449	0.00700	0.01899	0.01100	0.02899	0.00900	0.01050	0.00700	0.00600	0.00400	0.00200	0.00500	0.00350	0.00400	0.00700
18	0.01220	0.01148	0.01938	0.75739	0.04450	0.01436	0.01794	0.01651	0.01292	0.01651	0.01148	0.01723	0.00861	0.00646	0.00646	0.00215	0.00861	0.00574	0.00287	0.00718
19	0.00787	0.00562	0.00750	0.00900	0.00937	0.00525	0.00600	0.00900	0.01237	0.01649	0.03561	0.76871	0.04274	0.02024	0.00825	0.00262	0.00375	0.01837	0.00600	0.00525
20	0.01220	0.01148	0.01938	0.75739	0.04450	0.01436	0.01794	0.01651	0.01292	0.01651	0.01148	0.01723	0.00861	0.00646	0.00646	0.00215	0.00861	0.00574	0.00287	0.00718
21	0.06428	0.02391	0.01741	0.08427	0.02132	0.44484	0.01229	0.09276	0.13782	0.02091	0.01338	0.01460	0.01047	0.00707	0.00598	0.00184	0.00946	0.00497	0.00418	0.00824
22	0.05658	0.01510	0.02307	0.11805	0.53878	0.05451	0.01774	0.01947	0.01445	0.02085	0.01228	0.01605	0.01012	0.00599	0.00615	0.00191	0.00761	0.00557	0.04638	0.00934
23	0.02456	0.01810	0.01939	0.01487	0.02004	0.02004	0.01228	0.71107	0.03038	0.04072	0.01551	0.01551	0.01099	0.00776	0.00646	0.00194	0.00711	0.00582	0.00646	0.01099
24	0.01201	0.01120	0.01380	0.01284	0.01387	0.08007	0.01021	0.01401	0.01098	0.01523	0.01411	0.02090	0.01324	0.03399	0.47156	0.00742	0.22868	0.00630	0.00327	0.00630
