[name]
unknown

[dist]
# distance from previous block
# <min> <max>
0	9

[block]
# block no. 0 follows, 32 sequences, length 32
# corresponding to MSA columns:
# 9-40
name=unknown_A
#
# <colnr> <probs for GDERKNQSTAVLIFYWHMCP>
#	G	D	E	R	K	N	Q	S	T	A	V	L	I	F	Y	W	H	M	C	P
0	0.01045	0.00761	0.00923	0.00979	0.01122	0.00741	0.00732	0.07412	0.01540	0.02027	0.03921	0.37390	0.16316	0.05418	0.00951	0.00278	0.00465	0.13897	0.03468	0.00614
1	0.00965	0.00690	0.00900	0.00884	0.00927	0.00675	0.03826	0.01022	0.01083	0.01446	0.02476	0.22281	0.02873	0.54039	0.02644	0.00535	0.00608	0.01201	0.00458	0.00466
2	0.01844	0.07224	0.11605	0.04605	0.24344	0.09820	0.09171	0.08960	0.01716	0.07331	0.01448	0.04174	0.01173	0.00821	0.02652	0.00225	0.00894	0.00625	0.00405	0.00964
3	0.58698	0.03855	0.01243	0.06769	0.01643	0.10545	0.00888	0.02022	0.01272	0.02668	0.01028	0.01228	0.00809	0.00641	0.00462	0.00200	0.00631	0.00403	0.04260	0.00734
4	0.05176	0.01192	0.01801	0.10956	0.18395	0.01316	0.05070	0.01743	0.07586	0.02008	0.03774	0.21319	0.02153	0.03839	0.01011	0.00254	0.10191	0.00981	0.00448	0.00787
5	0.01845	0.04290	0.02311	0.04838	0.36000	0.03556	0.03546	0.15397	0.08752	0.05084	0.01723	0.01983	0.03607	0.03215	0.00757	0.00217	0.00751	0.00650	0.00461	0.01014
6	0.00976	0.00651	0.00732	0.00732	0.00732	0.00651	0.00407	0.00976	0.00976	0.01301	0.02114	0.04391	0.02439	0.76419	0.03415	0.00651	0.00651	0.00976	0.00407	0.00407
7	0.00944	0.00672	0.00830	0.00877	0.01006	0.00621	0.00620	0.01170	0.03628	0.04299	0.18639	0.39439	0.18712	0.04200	0.00901	0.00259	0.00382	0.01552	0.00649	0.00599
8	0.00875	0.00661	0.00732	0.00742	0.00865	0.00600	0.00500	0.00998	0.01359	0.01727	0.12157	0.12669	0.34277	0.26958	0.01686	0.00373	0.00447	0.01295	0.00563	0.00518
9	0.00833	0.00592	0.00780	0.00918	0.00959	0.00555	0.00609	0.00950	0.01289	0.01725	0.06293	0.68590	0.04385	0.06832	0.01018	0.00294	0.00403	0.01820	0.00614	0.00540
10	0.01391	0.01193	0.01391	0.00994	0.01590	0.00894	0.00795	0.01690	0.01391	0.02186	0.01193	0.01391	0.00994	0.00497	0.00497	0.00099	0.00497	0.00398	0.00398	0.80521
11	0.02461	0.02894	0.01894	0.01679	0.02055	0.58658	0.01279	0.12681	0.06385	0.02097	0.01227	0.01350	0.00979	0.00722	0.00620	0.00180	0.01098	0.00478	0.00415	0.00849
12	0.04333	0.01502	0.06259	0.03396	0.04273	0.06802	0.01089	0.15125	0.01879	0.12992	0.07607	0.09589	0.01932	0.00898	0.00642	0.00189	0.00628	0.00736	0.05706	0.14423
13	0.05702	0.10098	0.21602	0.11741	0.02561	0.15115	0.01652	0.14649	0.04045	0.02357	0.01244	0.01452	0.00947	0.00703	0.00666	0.00201	0.03456	0.00509	0.00388	0.00913
14	0.04121	0.01435	0.01544	0.01303	0.01731	0.01566	0.01034	0.16456	0.40508	0.06875	0.04699	0.02378	0.04120	0.00878	0.00662	0.00208	0.00558	0.00714	0.00654	0.08557
15	0.05730	0.01573	0.01694	0.01310	0.01829	0.04164	0.01067	0.33489	0.04658	0.12166	0.01628	0.01667	0.01190	0.00861	0.03069	0.00205	0.00690	0.00551	0.00587	0.21873
16	0.01863	0.01479	0.01907	0.26433	0.04994	0.01687	0.01437	0.29325	0.07581	0.04622	0.01549	0.01810	0.01159	0.01013	0.05058	0.00262	0.02856	0.00614	0.00500	0.03852
17	0.01458	0.01185	0.01203	0.06014	0.01534	0.11096	0.00884	0.06103	0.03601	0.08439	0.15613	0.22282	0.10957	0.01352	0.00747	0.00225	0.00566	0.02959	0.03061	0.00720
18	0.12349	0.01688	0.04914	0.20995	0.15251	0.06443	0.19256	0.05161	0.03569	0.02241	0.01267	0.01639	0.00975	0.00638	0.00661	0.00213	0.00895	0.00606	0.00361	0.00877
19	0.00957	0.00696	0.00828	0.00815	0.00881	0.00706	0.00537	0.01050	0.01183	0.01580	0.10279	0.06562	0.13839	0.44580	0.09317	0.00552	0.03615	0.01058	0.00474	0.00492
20	0.00884	0.00649	0.00830	0.02892	0.01064	0.00615	0.00645	0.01041	0.01380	0.01827	0.13299	0.40953	0.13129	0.11729	0.01177	0.00309	0.00436	0.05988	0.00601	0.00552
21	0.01926	0.01525	0.09659	0.06424	0.06394	0.01336	0.03209	0.15233	0.08458	0.19239	0.13061	0.02651	0.06064	0.00912	0.00698	0.00212	0.00645	0.00768	0.00619	0.00968
22	0.06998	0.06824	0.07010	0.06306	0.19527	0.13861	0.16059	0.06627	0.06301	0.02247	0.01315	0.01586	0.01034	0.00647	0.00650	0.00202	0.00910	0.00585	0.00379	0.00930
23	0.00908	0.00666	0.00835	0.00919	0.01018	0.00627	0.00639	0.04061	0.01473	0.01955	0.12141	0.55389	0.13058	0.01906	0.00832	0.00256	0.00390	0.01704	0.00639	0.00585
24	0.00889	0.00672	0.00750	0.00774	0.00958	0.00580	0.00564	0.01058	0.01504	0.04385	0.09983	0.23998	0.48007	0.01750	0.00805	0.00237	0.00359	0.01502	0.00638	0.00586
25	0.01502	0.05070	0.31578	0.10805	0.19012	0.01576	0.09040	0.02134	0.04585	0.04173	0.03325	0.01719	0.01154	0.00661	0.00663	0.00210	0.00888	0.00594	0.00349	0.00963
26	0.01853	0.10653	0.08295	0.08971	0.25999	0.15549	0.04699	0.05262	0.01643	0.05789	0.01360	0.04474	0.01136	0.00703	0.00638	0.00196	0.00876	0.00595	0.00376	0.00931
27	0.01965	0.08543	0.08576	0.02113	0.12929	0.33718	0.06309	0.02248	0.01591	0.01785	0.01118	0.01471	0.00960	0.03314	0.00917	0.00214	0.10542	0.00521	0.00328	0.00838
28	0.71782	0.04831	0.03834	0.01002	0.01455	0.01566	0.03286	0.01986	0.01178	0.02882	0.00959	0.01127	0.00748	0.00619	0.00438	0.00206	0.00567	0.00383	0.00402	0.00749
29	0.67885	0.01271	0.01083	0.00935	0.01368	0.01417	0.00771	0.02193	0.01274	0.14847	0.01225	0.01293	0.00885	0.00658	0.00459	0.00208	0.00528	0.00416	0.00486	0.00797
30	0.01654	0.03847	0.08759	0.01729	0.09345	0.01567	0.03829	0.07758	0.28253	0.06088	0.02276	0.04909	0.04478	0.03529	0.00906	0.00241	0.06699	0.02635	0.00541	0.00955
31	0.01003	0.00879	0.00987	0.00940	0.01128	0.04975	0.02972	0.01221	0.01592	0.02047	0.23248	0.17005	0.31737	0.01538	0.00836	0.00228	0.03177	0.01315	0.02559	0.00613

[dist]
# distance from previous block
# <min> <max>
1	19

[block]
# block no. 1 follows, 32 sequences, length 15
# corresponding to MSA columns:
# 60-74
name=unknown_B
#
# <colnr> <probs for GDERKNQSTAVLIFYWHMCP>
#	G	D	E	R	K	N	Q	S	T	A	V	L	I	F	Y	W	H	M	C	P
0	0.06359	0.09258	0.11116	0.01666	0.06035	0.08958	0.07145	0.12578	0.01702	0.02388	0.03929	0.01672	0.01223	0.00885	0.03287	0.00226	0.08275	0.00561	0.05589	0.07149
1	0.01377	0.01203	0.06356	0.01155	0.01483	0.01110	0.00974	0.03809	0.25284	0.06839	0.22368	0.05960	0.11052	0.01214	0.00747	0.00228	0.00495	0.06844	0.00664	0.00837
2	0.00948	0.00763	0.00846	0.00819	0.01026	0.00714	0.00610	0.01349	0.09479	0.02166	0.25652	0.08192	0.38857	0.04509	0.00887	0.00241	0.00369	0.01282	0.00656	0.00635
3	0.09250	0.00813	0.00908	0.00857	0.01074	0.00802	0.00647	0.01382	0.05873	0.02232	0.26064	0.04429	0.23428	0.07126	0.09254	0.00343	0.00557	0.01055	0.00590	0.03317
4	0.00816	0.00591	0.00771	0.00916	0.00968	0.00547	0.00615	0.00936	0.01302	0.01720	0.03920	0.70999	0.09277	0.02073	0.00852	0.00269	0.00386	0.01872	0.00623	0.00547
5	0.00850	0.00674	0.00764	0.00758	0.00945	0.00588	0.00562	0.01067	0.01639	0.02112	0.29326	0.11567	0.43536	0.01617	0.00798	0.00225	0.00336	0.01385	0.00664	0.00588
6	0.02131	0.13627	0.03776	0.01608	0.02048	0.40201	0.05954	0.07246	0.04480	0.01954	0.01266	0.04129	0.01084	0.00718	0.00601	0.00175	0.00980	0.00525	0.00386	0.07112
7	0.01784	0.62974	0.08846	0.01412	0.06254	0.02477	0.01315	0.05082	0.01459	0.01779	0.01005	0.01164	0.00885	0.00591	0.00472	0.00155	0.00745	0.00396	0.00307	0.00897
8	0.02392	0.01770	0.02074	0.01600	0.02127	0.01927	0.06626	0.51875	0.11572	0.08337	0.01801	0.01784	0.01280	0.00802	0.00682	0.00207	0.00732	0.00643	0.00657	0.01113
9	0.00970	0.00674	0.00852	0.00852	0.00894	0.00716	0.00557	0.01053	0.01011	0.01390	0.02004	0.03781	0.02175	0.51601	0.27871	0.00799	0.01049	0.00886	0.00390	0.00474
10	0.00907	0.00672	0.00849	0.00856	0.01005	0.00615	0.00638	0.01161	0.01700	0.02315	0.43647	0.18137	0.17516	0.01592	0.00812	0.00231	0.00353	0.05699	0.00689	0.00604
11	0.10130	0.30283	0.02336	0.01302	0.01761	0.11966	0.01120	0.07866	0.15647	0.06560	0.01468	0.01516	0.01160	0.00720	0.00605	0.00185	0.03516	0.00498	0.00452	0.00911
12	0.07722	0.08130	0.17312	0.01670	0.08352	0.07016	0.01453	0.15645	0.01851	0.12952	0.01526	0.03862	0.01164	0.00727	0.00611	0.00191	0.00760	0.00563	0.00480	0.08015
13	0.07493	0.13167	0.03913	0.03532	0.04713	0.17906	0.07021	0.10703	0.12067	0.02293	0.01362	0.01541	0.01088	0.00757	0.00793	0.00204	0.09584	0.00546	0.00422	0.00894
14	0.25120	0.04163	0.01783	0.06284	0.04576	0.09345	0.08981	0.02008	0.06338	0.02227	0.01492	0.02235	0.01335	0.04399	0.03717	0.00277	0.07361	0.07183	0.00410	0.00766

[dist]
# distance from previous block
# <min> <max>
0	4

[block]
# block no. 2 follows, 32 sequences, length 15
# corresponding to MSA columns:
# 79-93
name=unknown_C
#
# <colnr> <probs for GDERKNQSTAVLIFYWHMCP>
#	G	D	E	R	K	N	Q	S	T	A	V	L	I	F	Y	W	H	M	C	P
0	0.00831	0.00629	0.00767	0.00843	0.00957	0.00565	0.00590	0.00994	0.01454	0.01895	0.15220	0.43885	0.25206	0.01867	0.00827	0.00249	0.00363	0.01651	0.00641	0.00565
1	0.01404	0.01257	0.01495	0.07211	0.14136	0.06992	0.01127	0.02004	0.15378	0.04531	0.09177	0.03571	0.19573	0.01348	0.05378	0.00272	0.00679	0.03117	0.00536	0.00813
2	0.01800	0.07684	0.11404	0.07306	0.16670	0.20420	0.18623	0.02210	0.01585	0.01936	0.01180	0.01511	0.00943	0.00641	0.00710	0.00201	0.03384	0.00573	0.00325	0.00895
3	0.03806	0.01783	0.13851	0.13008	0.09495	0.08408	0.06013	0.04432	0.03822	0.01999	0.01667	0.09776	0.01560	0.05488	0.03336	0.00280	0.06550	0.03527	0.00392	0.00806
4	0.03901	0.21747	0.28637	0.01892	0.10294	0.11497	0.04318	0.02089	0.01472	0.01929	0.01263	0.05711	0.01093	0.00707	0.00595	0.00192	0.00885	0.00554	0.00324	0.00901
5	0.00849	0.00632	0.00785	0.00878	0.00974	0.00586	0.00615	0.00995	0.01354	0.01759	0.07083	0.44227	0.20520	0.07497	0.03805	0.00319	0.00460	0.05509	0.00602	0.00550
6	0.00958	0.00643	0.00737	0.00755	0.00759	0.00639	0.00431	0.00971	0.01011	0.01348	0.02294	0.12513	0.02666	0.67988	0.03125	0.00608	0.00621	0.01081	0.00431	0.00422
7	0.01294	0.01424	0.08292	0.12497	0.13303	0.01353	0.13888	0.01651	0.01339	0.01865	0.01773	0.16674	0.01757	0.03838	0.06595	0.00317	0.10070	0.00906	0.00382	0.00781
8	0.01681	0.01461	0.02034	0.22398	0.25146	0.06057	0.01582	0.11955	0.01725	0.05624	0.01698	0.12427	0.01532	0.00883	0.00692	0.00216	0.00772	0.00781	0.00440	0.00898
9	0.01346	0.03471	0.72942	0.01912	0.02904	0.01558	0.02479	0.02125	0.01417	0.02125	0.01204	0.01417	0.00850	0.00637	0.00637	0.00212	0.00992	0.00496	0.00283	0.00992
10	0.01406	0.01033	0.05794	0.01060	0.01279	0.00908	0.00846	0.10416	0.01509	0.08536	0.02502	0.16996	0.04960	0.17701	0.01607	0.12205	0.00594	0.07163	0.02832	0.00651
11	0.07183	0.19069	0.16670	0.07589	0.02350	0.08990	0.08572	0.02165	0.04057	0.06758	0.05406	0.01680	0.01289	0.00718	0.00688	0.00199	0.04804	0.00557	0.00385	0.00871
12	0.01124	0.00938	0.01171	0.05931	0.01478	0.03558	0.00874	0.02947	0.01396	0.01921	0.08933	0.29966	0.02984	0.01970	0.11640	0.00353	0.05079	0.03937	0.00509	0.13291
13	0.04117	0.28927	0.04974	0.01461	0.05152	0.24680	0.01188	0.04050	0.01556	0.01799	0.01104	0.01403	0.00978	0.04439	0.00737	0.02785	0.00852	0.00448	0.00340	0.09011
14	0.08193	0.11996	0.08482	0.01366	0.06072	0.09598	0.01098	0.03368	0.01465	0.06383	0.04463	0.11885	0.04049	0.06782	0.06309	0.00294	0.00771	0.00767	0.00443	0.06217

[dist]
# distance from previous block
# <min> <max>
3	12

[block]
# block no. 3 follows, 32 sequences, length 31
# corresponding to MSA columns:
# 106-136
name=unknown_D
#
# <colnr> <probs for GDERKNQSTAVLIFYWHMCP>
#	G	D	E	R	K	N	Q	S	T	A	V	L	I	F	Y	W	H	M	C	P
0	0.03556	0.00783	0.00975	0.01082	0.05000	0.00728	0.00722	0.03730	0.01458	0.01993	0.08058	0.43119	0.16855	0.01676	0.00781	0.00238	0.00423	0.01482	0.00592	0.06748
1	0.06069	0.01553	0.04087	0.11424	0.17073	0.04714	0.12551	0.06544	0.06404	0.05979	0.03802	0.03676	0.01367	0.00726	0.00693	0.00204	0.02355	0.00657	0.02411	0.07710
2	0.01308	0.00736	0.00800	0.00752	0.00961	0.00698	0.00563	0.03642	0.01471	0.06233	0.02647	0.10219	0.07646	0.03631	0.00658	0.00191	0.00376	0.00817	0.50107	0.06546
3	0.00932	0.00668	0.00845	0.00856	0.00972	0.00642	0.00615	0.01139	0.01484	0.02048	0.29356	0.16424	0.11650	0.14307	0.09387	0.00394	0.00563	0.03753	0.03396	0.00570
4	0.01673	0.05109	0.06047	0.24236	0.27443	0.10057	0.04359	0.06182	0.01600	0.02078	0.01220	0.01599	0.00970	0.00639	0.00646	0.00199	0.00878	0.00562	0.00343	0.04161
5	0.01337	0.00844	0.01027	0.00989	0.01208	0.00809	0.00734	0.04160	0.09181	0.13424	0.12655	0.32162	0.15688	0.01557	0.00782	0.00239	0.00429	0.01362	0.00679	0.00734
6	0.07639	0.01856	0.01971	0.01728	0.08280	0.05693	0.01296	0.51636	0.07169	0.03740	0.01577	0.01617	0.01150	0.00776	0.00651	0.00202	0.00740	0.00589	0.00608	0.01083
7	0.01398	0.09636	0.03239	0.01107	0.04384	0.01110	0.00828	0.06495	0.07283	0.02041	0.01770	0.06256	0.01579	0.04126	0.03127	0.22386	0.00578	0.00675	0.21329	0.00651
8	0.00860	0.00676	0.00778	0.00767	0.00951	0.00593	0.00569	0.01088	0.01667	0.02174	0.33867	0.10742	0.39694	0.01590	0.00797	0.00223	0.00334	0.01366	0.00672	0.00593
9	0.02202	0.01656	0.01811	0.01453	0.01913	0.01843	0.01180	0.42456	0.20598	0.06416	0.04154	0.01967	0.01549	0.00859	0.00741	0.00210	0.04008	0.00659	0.00657	0.03669
10	0.04494	0.09243	0.20751	0.05878	0.26434	0.01653	0.01785	0.08392	0.04724	0.02296	0.01571	0.01857	0.04209	0.03048	0.00719	0.00216	0.00792	0.00595	0.00379	0.00962
11	0.01227	0.00638	0.00813	0.00799	0.00870	0.00644	0.00555	0.03120	0.01133	0.01732	0.01582	0.02295	0.01417	0.05029	0.01841	0.46241	0.00495	0.00616	0.28514	0.00439
12	0.00837	0.00622	0.00780	0.00866	0.00965	0.00565	0.00601	0.01001	0.01447	0.01911	0.16739	0.48766	0.18675	0.01886	0.00832	0.00252	0.00366	0.01680	0.00644	0.00565
13	0.01704	0.05151	0.09495	0.07302	0.47338	0.01638	0.07242	0.05116	0.01592	0.05107	0.01318	0.01653	0.01049	0.00621	0.00662	0.00202	0.00832	0.00596	0.00360	0.01024
14	0.01817	0.01899	0.06718	0.06275	0.13103	0.19978	0.05514	0.03902	0.03263	0.08452	0.03970	0.04012	0.04863	0.01141	0.05672	0.00269	0.05408	0.02458	0.00435	0.00853
15	0.37946	0.05273	0.05816	0.04425	0.16245	0.09370	0.02979	0.04332	0.01410	0.02503	0.01068	0.01311	0.00856	0.00649	0.00590	0.00203	0.03346	0.00461	0.00376	0.00842
16	0.01589	0.01924	0.16110	0.05640	0.29360	0.04742	0.09169	0.04359	0.05288	0.03869	0.01667	0.02017	0.04288	0.03526	0.03330	0.00254	0.00881	0.00656	0.00381	0.00949
17	0.00896	0.00638	0.00767	0.00825	0.00887	0.00604	0.00540	0.00997	0.01254	0.01652	0.08890	0.30523	0.12737	0.31203	0.01851	0.00411	0.00488	0.03785	0.00547	0.00503
18	0.01540	0.13089	0.03687	0.01520	0.04955	0.04416	0.09494	0.03778	0.14043	0.05549	0.06955	0.15787	0.04323	0.01045	0.00735	0.00212	0.03073	0.00907	0.00513	0.04381
19	0.01149	0.10843	0.03496	0.01101	0.04356	0.04999	0.02497	0.01345	0.01427	0.01801	0.08024	0.16297	0.23813	0.11810	0.01089	0.00275	0.00546	0.01126	0.03368	0.00640
20	0.04233	0.05340	0.07759	0.08956	0.06226	0.16824	0.06840	0.14658	0.06710	0.05295	0.01530	0.05369	0.01240	0.00765	0.00646	0.00198	0.00848	0.00623	0.00454	0.05485
21	0.03645	0.12978	0.10233	0.04609	0.13237	0.03851	0.13392	0.05126	0.01555	0.07773	0.01418	0.04859	0.01168	0.00706	0.00695	0.00194	0.03850	0.00616	0.00396	0.09698
22	0.05938	0.11366	0.17971	0.03217	0.03911	0.06619	0.01330	0.06600	0.01561	0.06284	0.04732	0.04482	0.04270	0.01018	0.03674	0.03785	0.00768	0.00609	0.00421	0.11445
23	0.01440	0.21805	0.06136	0.05131	0.01679	0.03696	0.04050	0.04400	0.01355	0.04613	0.01750	0.09979	0.01752	0.19104	0.09967	0.00405	0.00850	0.00772	0.00401	0.00714
24	0.01339	0.01302	0.09023	0.10356	0.04418	0.04773	0.03539	0.01747	0.06524	0.08375	0.05026	0.33191	0.04928	0.01350	0.00755	0.00238	0.00622	0.01199	0.00539	0.00756
25	0.01063	0.00805	0.00914	0.00876	0.01095	0.00762	0.00657	0.04412	0.08073	0.04359	0.22754	0.15220	0.33436	0.01532	0.00782	0.00227	0.00383	0.01314	0.00667	0.00669
26	0.06598	0.06749	0.07860	0.03663	0.13372	0.09161	0.05614	0.12925	0.05609	0.02378	0.01851	0.05782	0.06663	0.00879	0.00802	0.00213	0.07855	0.00694	0.00439	0.00892
27	0.01134	0.01117	0.06315	0.01287	0.04593	0.00944	0.06169	0.04077	0.07472	0.02057	0.05879	0.24278	0.19433	0.04943	0.00891	0.00251	0.00542	0.02948	0.00552	0.05118
28	0.04390	0.05615	0.13907	0.06505	0.01986	0.06168	0.02839	0.09238	0.08156	0.04129	0.03874	0.07835	0.08956	0.06155	0.00848	0.00234	0.00699	0.00776	0.00477	0.07213
29	0.07147	0.12761	0.07696	0.01611	0.09773	0.01500	0.04989	0.10017	0.04173	0.05243	0.04201	0.05069	0.03953	0.00861	0.00690	0.03073	0.00664	0.02989	0.00456	0.13133
30	0.04873	0.14531	0.11745	0.07181	0.01982	0.03991	0.01263	0.14200	0.01774	0.04087	0.11371	0.07847	0.02011	0.00909	0.00699	0.00201	0.03981	0.00714	0.03340	0.03302

[dist]
# distance from previous block
# <min> <max>
19	84

[block]
# block no. 4 follows, 32 sequences, length 59
# corresponding to MSA columns:
# 252-310
name=unknown_E
#
# <colnr> <probs for GDERKNQSTAVLIFYWHMCP>
#	G	D	E	R	K	N	Q	S	T	A	V	L	I	F	Y	W	H	M	C	P
0	0.04739	0.07715	0.08045	0.01830	0.12087	0.04170	0.05388	0.15724	0.08031	0.13818	0.03723	0.08391	0.01643	0.00861	0.00665	0.00208	0.00712	0.00727	0.00542	0.00980
1	0.01607	0.08039	0.05924	0.02957	0.06165	0.03345	0.03741	0.02055	0.08239	0.13366	0.06862	0.08761	0.09221	0.01192	0.04449	0.00247	0.02930	0.00820	0.00527	0.09553
2	0.01671	0.06372	0.03236	0.05687	0.04418	0.11343	0.01067	0.11622	0.04406	0.07160	0.11236	0.13223	0.06866	0.01183	0.02768	0.00229	0.00686	0.00884	0.00542	0.05401
3	0.01613	0.01345	0.01573	0.12623	0.04512	0.05947	0.02679	0.14852	0.14143	0.05253	0.08945	0.11187	0.10311	0.01088	0.00718	0.00220	0.00636	0.00925	0.00577	0.00854
4	0.01618	0.11707	0.03794	0.01231	0.03544	0.09776	0.00981	0.07165	0.07719	0.06753	0.09196	0.09311	0.12030	0.01025	0.00652	0.00192	0.00606	0.00835	0.02793	0.09072
5	0.03884	0.06780	0.18929	0.10064	0.08356	0.05313	0.03504	0.04680	0.07475	0.07482	0.01775	0.02171	0.03731	0.00876	0.02333	0.00225	0.00806	0.04453	0.00429	0.06733
6	0.06066	0.03352	0.11615	0.05786	0.04807	0.07417	0.05346	0.08797	0.12035	0.04930	0.03787	0.04670	0.05745	0.00935	0.02584	0.00222	0.00751	0.00683	0.00479	0.09994
7	0.01726	0.04478	0.03844	0.05591	0.09224	0.12324	0.03106	0.13485	0.09045	0.02429	0.05591	0.05237	0.03547	0.01023	0.02748	0.00226	0.00769	0.05982	0.00493	0.09131
8	0.04518	0.03574	0.07454	0.04084	0.04444	0.07309	0.03471	0.04914	0.07487	0.03891	0.03847	0.13396	0.06525	0.01536	0.08388	0.05472	0.00780	0.00844	0.00468	0.07598
9	0.19472	0.01897	0.06674	0.08440	0.14939	0.15646	0.01380	0.11520	0.01745	0.05122	0.04070	0.01721	0.03172	0.00729	0.00606	0.00201	0.00791	0.00557	0.00436	0.00883
10	0.12073	0.11346	0.06235	0.01818	0.13735	0.13968	0.03104	0.02169	0.07812	0.02136	0.01403	0.04487	0.01222	0.00738	0.00634	0.00188	0.03016	0.02235	0.00395	0.11285
11	0.02506	0.03198	0.01901	0.01729	0.02074	0.73725	0.01296	0.02679	0.01901	0.01642	0.01037	0.01210	0.00864	0.00691	0.00605	0.00173	0.01210	0.00432	0.00346	0.00778
12	0.04918	0.08678	0.24269	0.03543	0.04872	0.01554	0.05450	0.12974	0.01781	0.13981	0.05709	0.01871	0.01417	0.00982	0.04857	0.00254	0.00845	0.00604	0.00477	0.00966
13	0.01277	0.01014	0.01529	0.04400	0.09841	0.01005	0.08033	0.03514	0.07870	0.06058	0.08364	0.31461	0.07169	0.04194	0.00876	0.00254	0.00567	0.01260	0.00567	0.00751
14	0.00824	0.00618	0.00765	0.00862	0.00959	0.00559	0.00595	0.00972	0.01403	0.01828	0.10767	0.51891	0.21653	0.01933	0.00834	0.00255	0.00370	0.01719	0.00634	0.00559
15	0.01159	0.00795	0.00893	0.00828	0.01081	0.00710	0.00633	0.05351	0.01710	0.09614	0.16202	0.09964	0.45518	0.01528	0.00777	0.00224	0.00388	0.01289	0.00666	0.00671
16	0.03689	0.13837	0.09234	0.04870	0.22717	0.07184	0.04937	0.06210	0.05780	0.03535	0.01648	0.05703	0.03409	0.00763	0.00629	0.00197	0.00771	0.00648	0.03319	0.00921
17	0.02505	0.01104	0.01439	0.01141	0.01583	0.00998	0.00918	0.04641	0.06345	0.51789	0.09693	0.02664	0.02180	0.05751	0.00857	0.00233	0.00549	0.00743	0.00763	0.04107
18	0.00858	0.00611	0.00814	0.00961	0.01012	0.00579	0.00668	0.00993	0.01300	0.01728	0.03597	0.63745	0.04261	0.05998	0.01000	0.00297	0.00431	0.09989	0.00611	0.00547
19	0.13816	0.12957	0.11242	0.05500	0.15530	0.03434	0.14547	0.08415	0.01608	0.05090	0.01252	0.01501	0.00966	0.00631	0.00613	0.00200	0.00830	0.00551	0.00383	0.00932
20	0.01505	0.01503	0.02423	0.26212	0.12058	0.05866	0.19566	0.05816	0.03413	0.02051	0.01805	0.03905	0.06354	0.03629	0.00816	0.00234	0.00884	0.00748	0.00383	0.00831
21	0.00818	0.00584	0.00779	0.00934	0.00973	0.00545	0.00623	0.00934	0.01285	0.01713	0.03698	0.75981	0.04438	0.02102	0.00856	0.00273	0.00389	0.01908	0.00623	0.00545
22	0.05306	0.01520	0.08933	0.01316	0.01816	0.01338	0.01161	0.17091	0.09190	0.32000	0.04121	0.02201	0.01632	0.03716	0.05307	0.00279	0.00716	0.00667	0.00662	0.01028
23	0.01597	0.01778	0.10028	0.11491	0.40571	0.03656	0.04418	0.02230	0.10668	0.02173	0.01425	0.01746	0.01137	0.00674	0.00723	0.00211	0.03503	0.00610	0.00369	0.00993
24	0.01481	0.01410	0.02381	0.30185	0.44403	0.01516	0.01927	0.01889	0.01459	0.02000	0.01451	0.01894	0.03754	0.00668	0.00672	0.00209	0.00815	0.00629	0.00331	0.00926
25	0.01204	0.00933	0.01141	0.01092	0.01250	0.04808	0.00852	0.05436	0.01298	0.01879	0.01775	0.02432	0.01578	0.03697	0.50611	0.00795	0.04307	0.00676	0.13584	0.00650
26	0.04547	0.05569	0.19597	0.20063	0.23663	0.08402	0.01912	0.02103	0.04167	0.02035	0.01239	0.01574	0.00968	0.00646	0.00634	0.00205	0.00883	0.00543	0.00328	0.00920
27	0.00937	0.00705	0.00859	0.00909	0.01042	0.00667	0.00651	0.03520	0.04111	0.02061	0.17652	0.41068	0.18246	0.01782	0.00819	0.00248	0.00388	0.03078	0.00650	0.00608
28	0.01559	0.01783	0.09877	0.12759	0.38812	0.01604	0.19610	0.02044	0.01507	0.02112	0.01272	0.01692	0.01008	0.00603	0.00696	0.00211	0.00915	0.00638	0.00325	0.00974
29	0.70733	0.01511	0.01111	0.00989	0.01401	0.08990	0.00802	0.04030	0.01279	0.02905	0.00965	0.01118	0.00753	0.00635	0.00442	0.00204	0.00597	0.00377	0.00416	0.00744
30	0.01673	0.57069	0.22213	0.01354	0.02040	0.02360	0.01507	0.02040	0.01378	0.01726	0.01006	0.01168	0.00858	0.00591	0.00486	0.00162	0.00791	0.00396	0.00286	0.00896
31	0.01632	0.01465	0.04810	0.05069	0.13123	0.01427	0.11795	0.06703	0.17887	0.07308	0.09844	0.02488	0.05139	0.00845	0.00737	0.00211	0.02557	0.00761	0.00529	0.05669
32	0.00970	0.00672	0.00842	0.00842	0.00880	0.00710	0.00544	0.01047	0.01008	0.01383	0.02013	0.03832	0.02197	0.53687	0.25815	0.00787	0.01016	0.00894	0.00392	0.00468
33	0.01290	0.01216	0.02055	0.70612	0.08633	0.01497	0.01875	0.01735	0.01353	0.01743	0.01197	0.01781	0.00904	0.00667	0.00670	0.00222	0.00889	0.00596	0.00300	0.00764
34	0.02557	0.01476	0.01818	0.05758	0.02064	0.04075	0.03750	0.26061	0.02251	0.35440	0.02046	0.01985	0.01383	0.01039	0.04888	0.00256	0.00763	0.00644	0.00680	0.01064
35	0.01256	0.01166	0.01949	0.60812	0.10323	0.01402	0.01753	0.01665	0.01353	0.01757	0.01458	0.09449	0.01276	0.00812	0.00689	0.00226	0.00833	0.00732	0.00335	0.00753
36	0.38849	0.01489	0.01464	0.01181	0.01659	0.01634	0.00975	0.27574	0.02022	0.15034	0.01471	0.01483	0.01036	0.00725	0.00554	0.00205	0.00610	0.00505	0.00580	0.00950
37	0.00959	0.00719	0.01078	0.01078	0.01198	0.00839	0.00839	0.01198	0.01078	0.01558	0.01797	0.02636	0.01677	0.05032	0.73760	0.01078	0.01797	0.00719	0.00359	0.00599
38	0.01559	0.03537	0.02396	0.12446	0.20346	0.09605	0.15360	0.02007	0.05097	0.02000	0.01737	0.07481	0.01608	0.00895	0.00770	0.00226	0.03117	0.08562	0.00400	0.00852
39	0.00933	0.00707	0.01004	0.01282	0.08369	0.00677	0.00803	0.01092	0.01321	0.01773	0.03375	0.59711	0.03965	0.04680	0.00938	0.00282	0.00461	0.07444	0.00584	0.00600
40	0.02899	0.01121	0.01530	0.01196	0.01694	0.00974	0.00992	0.03162	0.01899	0.68623	0.02699	0.02588	0.01788	0.00889	0.00689	0.00213	0.00574	0.04539	0.00818	0.01112
41	0.01518	0.01338	0.02150	0.11324	0.36792	0.01352	0.05201	0.05858	0.01637	0.04855	0.06859	0.04862	0.11591	0.00879	0.00705	0.00211	0.00705	0.00808	0.00444	0.00910
42	0.01678	0.04298	0.07155	0.01934	0.09432	0.01337	0.20537	0.03920	0.06840	0.14072	0.02710	0.05705	0.13053	0.00943	0.00731	0.00221	0.00745	0.03269	0.00518	0.00904
43	0.15156	0.01569	0.01720	0.01441	0.05030	0.01679	0.01126	0.39760	0.02437	0.16308	0.01974	0.01932	0.05248	0.00823	0.00637	0.00205	0.00652	0.00625	0.00641	0.01038
44	0.00847	0.00664	0.00768	0.00790	0.00958	0.00585	0.00580	0.01049	0.01579	0.02032	0.23520	0.20242	0.38932	0.01697	0.00809	0.00234	0.00351	0.03127	0.00654	0.00581
45	0.01328	0.05269	0.38428	0.07244	0.02642	0.01428	0.10828	0.04486	0.01472	0.02074	0.01736	0.16657	0.01617	0.00932	0.00698	0.00224	0.00860	0.00828	0.00376	0.00872
46	0.04418	0.02163	0.13664	0.07891	0.23589	0.15727	0.07746	0.04772	0.04826	0.06822	0.01373	0.01615	0.01050	0.00663	0.00654	0.00203	0.00908	0.00571	0.00389	0.00955
47	0.01216	0.00825	0.01050	0.01004	0.01151	0.00923	0.00775	0.01583	0.06398	0.04733	0.09359	0.10379	0.02399	0.02182	0.20527	0.00445	0.09059	0.00853	0.24465	0.00674
48	0.08755	0.15378	0.02082	0.05531	0.01984	0.06143	0.06739	0.04411	0.04152	0.02159	0.01188	0.01406	0.00975	0.00604	0.00598	0.00156	0.03564	0.00463	0.00382	0.33332
49	0.01227	0.04483	0.01540	0.03799	0.12432	0.01231	0.01035	0.01389	0.01177	0.01654	0.05686	0.05744	0.01999	0.28747	0.08711	0.00466	0.16830	0.00819	0.00385	0.00648
50	0.01649	0.06289	0.11938	0.07525	0.21087	0.06950	0.03260	0.04501	0.01573	0.04796	0.03880	0.01650	0.01196	0.00634	0.00610	0.00174	0.00764	0.00538	0.00384	0.20602
51	0.00811	0.00677	0.00707	0.00707	0.00919	0.00573	0.00527	0.00994	0.01559	0.01902	0.13574	0.08997	0.62391	0.01680	0.00795	0.00227	0.00339	0.01414	0.00635	0.00573
52	0.01498	0.01975	0.21906	0.11756	0.14786	0.01515	0.06430	0.07887	0.12063	0.02323	0.01874	0.07410	0.03941	0.00832	0.00689	0.00219	0.00796	0.00734	0.00428	0.00940
53	0.02340	0.01775	0.01895	0.01501	0.02000	0.01982	0.01224	0.54110	0.19384	0.03889	0.01879	0.01824	0.01358	0.00831	0.00674	0.00208	0.00689	0.00641	0.00674	0.01122
54	0.47698	0.01661	0.16451	0.01148	0.01642	0.01386	0.01131	0.01927	0.01220	0.05286	0.01202	0.01463	0.00947	0.01366	0.12649	0.00353	0.00835	0.00463	0.00394	0.00778
55	0.01735	0.11256	0.31229	0.01971	0.09561	0.01614	0.09368	0.04155	0.01558	0.13126	0.01636	0.01782	0.03778	0.00714	0.00704	0.00207	0.03631	0.00593	0.00405	0.00975
56	0.01564	0.19960	0.24024	0.02165	0.02910	0.01882	0.33948	0.02109	0.01483	0.02008	0.01213	0.01522	0.00932	0.00589	0.00662	0.00203	0.00993	0.00603	0.00311	0.00920
57	0.03010	0.01142	0.01557	0.01194	0.01713	0.00986	0.00986	0.03270	0.01920	0.72698	0.02647	0.02284	0.01661	0.00830	0.00675	0.00208	0.00571	0.00675	0.00830	0.01142
58	0.01348	0.01285	0.02373	0.17628	0.02799	0.01348	0.26460	0.01713	0.01419	0.04619	0.02142	0.18084	0.05831	0.01059	0.00922	0.00242	0.08541	0.01001	0.00422	0.00765

[dist]
# distance from previous block
# <min> <max>
2	4

[block]
# block no. 5 follows, 32 sequences, length 12
# corresponding to MSA columns:
# 315-326
name=unknown_F
#
# <colnr> <probs for GDERKNQSTAVLIFYWHMCP>
#	G	D	E	R	K	N	Q	S	T	A	V	L	I	F	Y	W	H	M	C	P
0	0.21974	0.06398	0.01808	0.01566	0.04771	0.35275	0.01186	0.07085	0.03495	0.02213	0.01086	0.01277	0.00890	0.00722	0.00703	0.00196	0.07706	0.00453	0.00386	0.00811
1	0.00839	0.00657	0.00760	0.00786	0.00948	0.00578	0.00570	0.01034	0.01563	0.02014	0.22777	0.23460	0.38191	0.01716	0.00808	0.00234	0.00346	0.01487	0.00653	0.00578
2	0.61514	0.01443	0.01243	0.01048	0.01493	0.01649	0.00864	0.18972	0.01645	0.03315	0.01103	0.01220	0.00830	0.00668	0.00479	0.00206	0.00574	0.00424	0.00479	0.00830
3	0.01936	0.09511	0.01876	0.01483	0.09649	0.01348	0.01079	0.12288	0.01768	0.16226	0.01609	0.04231	0.01262	0.00685	0.00582	0.00158	0.00602	0.00555	0.00512	0.32641
4	0.35513	0.01635	0.01583	0.01266	0.01752	0.01839	0.01045	0.41472	0.02311	0.03718	0.01327	0.01393	0.00967	0.00729	0.00564	0.00204	0.00646	0.00503	0.00564	0.00967
5	0.00799	0.00656	0.00704	0.00743	0.00923	0.00561	0.00538	0.00956	0.01468	0.01788	0.06023	0.23832	0.55086	0.01800	0.00809	0.00238	0.00352	0.01539	0.00623	0.00561
6	0.07585	0.01361	0.01653	0.01275	0.01793	0.01329	0.01053	0.22170	0.02225	0.49029	0.02249	0.02021	0.01457	0.00811	0.00658	0.00206	0.00615	0.00636	0.00760	0.01117
7	0.03774	0.01515	0.02390	0.24891	0.34155	0.03391	0.06321	0.05744	0.05384	0.03964	0.01367	0.01742	0.01068	0.00655	0.00668	0.00210	0.00828	0.00611	0.00375	0.00946
8	0.01661	0.01594	0.02724	0.04119	0.72233	0.01594	0.02059	0.02059	0.01528	0.02192	0.01262	0.01661	0.01063	0.00598	0.00664	0.00199	0.00797	0.00598	0.00332	0.01063
9	0.00814	0.00681	0.00710	0.00702	0.00919	0.00576	0.00527	0.01005	0.01580	0.01933	0.15721	0.06259	0.62963	0.01654	0.00793	0.00224	0.00337	0.01388	0.00639	0.00576
10	0.01774	0.06850	0.05530	0.01950	0.02587	0.01442	0.33949	0.02207	0.01569	0.13638	0.01491	0.01716	0.01100	0.00595	0.00668	0.00185	0.00847	0.00633	0.00428	0.20841
11	0.01115	0.04066	0.01255	0.02779	0.01397	0.00951	0.04595	0.01571	0.11035	0.01991	0.08063	0.13429	0.17035	0.09950	0.01096	0.00296	0.00546	0.17588	0.00576	0.00666

[dist]
# distance from previous block
# <min> <max>
0	1

[block]
# block no. 6 follows, 32 sequences, length 6
# corresponding to MSA columns:
# 328-333
name=unknown_G
#
# <colnr> <probs for GDERKNQSTAVLIFYWHMCP>
#	G	D	E	R	K	N	Q	S	T	A	V	L	I	F	Y	W	H	M	C	P
0	0.00848	0.00641	0.00756	0.00806	0.00925	0.00579	0.00558	0.00999	0.01426	0.01845	0.14821	0.32070	0.28384	0.10843	0.01134	0.00293	0.00393	0.01517	0.00614	0.00549
1	0.01271	0.00881	0.01330	0.01235	0.01444	0.00842	0.09080	0.01618	0.07597	0.11082	0.03193	0.50908	0.03451	0.01645	0.00810	0.00254	0.00515	0.01510	0.00621	0.00712
2	0.01959	0.22989	0.13942	0.01956	0.10398	0.14348	0.10423	0.05388	0.01650	0.09035	0.01289	0.01462	0.00996	0.00642	0.00603	0.00186	0.00896	0.00520	0.00380	0.00937
3	0.18796	0.01242	0.03506	0.01196	0.01505	0.03175	0.03312	0.04188	0.19852	0.02457	0.05295	0.16363	0.04166	0.03027	0.00759	0.00248	0.00563	0.09004	0.00566	0.00782
4	0.70918	0.01373	0.01120	0.00969	0.01400	0.01580	0.00798	0.10834	0.01404	0.03169	0.01022	0.01158	0.00781	0.00647	0.00449	0.00207	0.00548	0.00395	0.00449	0.00781
5	0.04118	0.01350	0.03776	0.05819	0.03731	0.02866	0.01109	0.14219	0.12956	0.11773	0.05354	0.05621	0.03547	0.01083	0.03333	0.00245	0.07258	0.00737	0.10208	0.00895

[dist]
# distance from previous block
# <min> <max>
0	1

[block]
# block no. 7 follows, 32 sequences, length 8
# corresponding to MSA columns:
# 335-342
name=unknown_H
#
# <colnr> <probs for GDERKNQSTAVLIFYWHMCP>
#	G	D	E	R	K	N	Q	S	T	A	V	L	I	F	Y	W	H	M	C	P
0	0.01588	0.01262	0.01509	0.06209	0.01860	0.01066	0.00930	0.08968	0.01601	0.05997	0.01312	0.01488	0.01037	0.00559	0.00537	0.00124	0.00554	0.00447	0.00442	0.62511
1	0.81159	0.01298	0.00986	0.00882	0.01298	0.01505	0.00727	0.01972	0.01142	0.03010	0.00934	0.01090	0.00727	0.00623	0.00415	0.00208	0.00519	0.00363	0.00415	0.00727
2	0.01160	0.00781	0.00974	0.00997	0.01130	0.00765	0.00706	0.09216	0.01585	0.05795	0.10683	0.51316	0.03988	0.06359	0.00975	0.00277	0.00448	0.01558	0.00639	0.00647
3	0.01675	0.18481	0.30398	0.01692	0.02340	0.12808	0.05927	0.04911	0.03668	0.01986	0.01212	0.01451	0.00963	0.00923	0.04883	0.00247	0.04702	0.00505	0.00330	0.00899
4	0.01262	0.15755	0.30771	0.01432	0.02000	0.01401	0.03623	0.01712	0.01442	0.01980	0.08431	0.16759	0.04520	0.01085	0.00684	0.00218	0.00723	0.04970	0.00425	0.00809
5	0.02119	0.03994	0.04995	0.01581	0.08033	0.06496	0.01203	0.17250	0.13600	0.18941	0.07838	0.04480	0.01895	0.00864	0.00669	0.00203	0.00659	0.00705	0.00622	0.03851
6	0.01489	0.03448	0.01378	0.01276	0.04488	0.05264	0.00948	0.11838	0.05239	0.04800	0.05569	0.17301	0.04417	0.08151	0.00980	0.00263	0.00601	0.12483	0.00562	0.09504
7	0.08230	0.14326	0.17905	0.01814	0.09986	0.07074	0.05080	0.08634	0.08551	0.07402	0.01515	0.03989	0.01197	0.00726	0.00612	0.00199	0.00791	0.00580	0.00434	0.00954

[dist]
# distance from previous block
# <min> <max>
0	2

[block]
# block no. 8 follows, 32 sequences, length 35
# corresponding to MSA columns:
# 345-379
name=unknown_I
#
# <colnr> <probs for GDERKNQSTAVLIFYWHMCP>
#	G	D	E	R	K	N	Q	S	T	A	V	L	I	F	Y	W	H	M	C	P
0	0.01381	0.03276	0.03636	0.03673	0.07690	0.05281	0.05507	0.10243	0.04429	0.02150	0.04497	0.27415	0.05567	0.06042	0.03846	0.00292	0.02682	0.01125	0.00515	0.00752
1	0.01412	0.07841	0.63832	0.01818	0.02739	0.01622	0.02292	0.04816	0.01471	0.02153	0.01229	0.01485	0.00906	0.02725	0.00703	0.00220	0.00955	0.00505	0.00303	0.00974
2	0.01641	0.14829	0.10672	0.13829	0.12062	0.01792	0.14944	0.10554	0.05168	0.02256	0.01442	0.05226	0.01191	0.00718	0.00658	0.00206	0.00846	0.00655	0.00389	0.00923
3	0.05482	0.01488	0.01855	0.09437	0.16527	0.06576	0.04090	0.09921	0.15628	0.02400	0.02266	0.08434	0.08098	0.00950	0.00748	0.00220	0.03692	0.00801	0.00493	0.00894
4	0.00908	0.00710	0.01036	0.01149	0.04338	0.00663	0.04223	0.01085	0.01394	0.01869	0.11034	0.56516	0.08813	0.01849	0.00833	0.00257	0.00435	0.01683	0.00608	0.00598
5	0.04901	0.19492	0.12042	0.09633	0.08348	0.11359	0.08424	0.05032	0.01547	0.04433	0.01304	0.05080	0.01107	0.00730	0.00675	0.00198	0.03880	0.00583	0.00362	0.00873
6	0.00959	0.00719	0.01078	0.01078	0.01198	0.00839	0.00839	0.01198	0.01078	0.01558	0.01797	0.02636	0.01677	0.05032	0.73760	0.01078	0.01797	0.00719	0.00359	0.00599
7	0.00970	0.00650	0.00744	0.00749	0.00754	0.00652	0.00427	0.00981	0.00990	0.01323	0.02162	0.06904	0.02489	0.71696	0.05356	0.00649	0.00674	0.01002	0.00413	0.00417
8	0.01808	0.01462	0.02014	0.01876	0.09839	0.03096	0.11081	0.19198	0.12473	0.06668	0.04835	0.03297	0.02091	0.01023	0.00751	0.00233	0.00728	0.16005	0.00579	0.00940
9	0.07051	0.02265	0.11823	0.06621	0.04189	0.24537	0.11969	0.05460	0.05183	0.08032	0.03477	0.03658	0.01276	0.00742	0.00657	0.00203	0.00936	0.00613	0.00428	0.00879
10	0.01251	0.00625	0.00625	0.00625	0.00782	0.00625	0.00469	0.01563	0.01407	0.02502	0.02189	0.02502	0.01720	0.00782	0.00469	0.00156	0.00313	0.00625	0.80144	0.00625
11	0.01323	0.01254	0.01776	0.01567	0.01601	0.01708	0.01288	0.01496	0.01042	0.01598	0.01142	0.01801	0.01108	0.02275	0.22618	0.00517	0.54251	0.00625	0.00312	0.00696
12	0.52576	0.14845	0.04269	0.01069	0.01538	0.06816	0.00941	0.05375	0.01365	0.04679	0.01033	0.01168	0.00812	0.00634	0.00460	0.00194	0.00633	0.00393	0.00407	0.00796
13	0.00882	0.00683	0.00803	0.00773	0.00961	0.00604	0.00580	0.01135	0.01740	0.02312	0.43792	0.05636	0.34655	0.01513	0.00792	0.00218	0.00327	0.01301	0.00689	0.00604
14	0.81159	0.01298	0.00986	0.00882	0.01298	0.01505	0.00727	0.01972	0.01142	0.03010	0.00934	0.01090	0.00727	0.00623	0.00415	0.00208	0.00519	0.00363	0.00415	0.00727
15	0.01801	0.01172	0.01382	0.01088	0.01550	0.01062	0.00871	0.10081	0.08372	0.18254	0.10743	0.02668	0.09086	0.00873	0.00640	0.00174	0.00507	0.00719	0.00617	0.28339
16	0.08486	0.01492	0.11469	0.04960	0.01870	0.04175	0.07071	0.01692	0.03880	0.01923	0.04672	0.02327	0.01564	0.12548	0.16801	0.00465	0.09669	0.00677	0.00379	0.03882
17	0.01467	0.01250	0.01475	0.07167	0.07242	0.01380	0.01095	0.06953	0.36668	0.02494	0.03180	0.08664	0.13261	0.01114	0.00720	0.00230	0.00556	0.03570	0.00608	0.00907
18	0.02964	0.01216	0.01603	0.01229	0.01750	0.01096	0.01015	0.09945	0.02044	0.65849	0.02543	0.02217	0.01609	0.00828	0.00674	0.00207	0.00588	0.00668	0.00815	0.01142
19	0.01598	0.01643	0.05928	0.11884	0.44981	0.01581	0.12504	0.04564	0.01572	0.02196	0.01372	0.01926	0.01143	0.00662	0.00695	0.00211	0.00860	0.03346	0.00351	0.00983
20	0.01571	0.01632	0.02594	0.29797	0.24425	0.08372	0.14976	0.01989	0.01484	0.01932	0.01218	0.01687	0.00966	0.00651	0.00748	0.00215	0.03929	0.00619	0.00321	0.00874
21	0.01146	0.00593	0.00877	0.00877	0.00883	0.00599	0.00586	0.00895	0.00889	0.01192	0.01245	0.02189	0.01256	0.06255	0.06138	0.72513	0.00646	0.00610	0.00301	0.00312
22	0.01609	0.09618	0.08564	0.05537	0.02020	0.14893	0.07115	0.07328	0.04569	0.02238	0.18354	0.04513	0.05165	0.00944	0.00757	0.00205	0.04515	0.00770	0.00479	0.00805
23	0.01835	0.01460	0.01502	0.01334	0.01651	0.12837	0.03768	0.12938	0.10410	0.12687	0.02655	0.23817	0.04495	0.01249	0.00737	0.00229	0.00661	0.04276	0.00612	0.00847
24	0.01058	0.00916	0.01101	0.01145	0.01252	0.06797	0.04110	0.01221	0.01359	0.01740	0.03171	0.50993	0.03681	0.06061	0.01026	0.00289	0.02732	0.10196	0.00563	0.00589
25	0.38146	0.01591	0.01722	0.06558	0.13087	0.10475	0.06108	0.02119	0.01390	0.06453	0.01176	0.01414	0.00915	0.00663	0.00606	0.00206	0.03524	0.00489	0.02539	0.00822
26	0.01052	0.00698	0.00909	0.00925	0.01051	0.00690	0.00670	0.01218	0.01302	0.06644	0.07286	0.21486	0.13011	0.16074	0.20414	0.00539	0.00817	0.04092	0.00536	0.00587
27	0.06288	0.06489	0.18438	0.04633	0.12340	0.11926	0.05959	0.10230	0.09139	0.02385	0.01492	0.01860	0.01197	0.00740	0.00646	0.00207	0.00861	0.03813	0.00415	0.00942
28	0.02218	0.01809	0.01820	0.01490	0.01955	0.06967	0.01197	0.40457	0.28406	0.03516	0.01989	0.01916	0.01460	0.00837	0.00671	0.00209	0.00694	0.00650	0.00653	0.01086
29	0.00964	0.00646	0.00735	0.00747	0.00750	0.00643	0.00422	0.00973	0.00998	0.01331	0.02231	0.09653	0.02586	0.70957	0.03227	0.00623	0.00631	0.01044	0.00422	0.00417
30	0.01829	0.04742	0.07605	0.06739	0.13316	0.07929	0.08214	0.13296	0.05605	0.07658	0.01648	0.03695	0.01298	0.00998	0.05017	0.00253	0.00850	0.00643	0.07740	0.00925
31	0.01593	0.44975	0.20177	0.04325	0.04317	0.02109	0.01483	0.03438	0.01451	0.01854	0.04332	0.01639	0.04442	0.00686	0.00536	0.00173	0.00760	0.00501	0.00331	0.00878
32	0.01784	0.00865	0.01149	0.00991	0.01290	0.00768	0.00773	0.02051	0.01831	0.31587	0.33517	0.11043	0.07060	0.01235	0.00750	0.00216	0.00430	0.01068	0.00760	0.00832
33	0.01396	0.00844	0.01041	0.00987	0.01196	0.00807	0.00730	0.08996	0.01699	0.13515	0.13588	0.33593	0.10324	0.04583	0.00883	0.00253	0.00450	0.01340	0.03056	0.00718
34	0.01495	0.01681	0.10752	0.13125	0.27528	0.01480	0.09514	0.02127	0.10017	0.02164	0.01536	0.04977	0.01269	0.00703	0.00671	0.00204	0.00792	0.00664	0.00385	0.08916

[dist]
# distance from previous block
# <min> <max>
2	8

[block]
# block no. 9 follows, 32 sequences, length 33
# corresponding to MSA columns:
# 388-420
name=unknown_J
#
# <colnr> <probs for GDERKNQSTAVLIFYWHMCP>
#	G	D	E	R	K	N	Q	S	T	A	V	L	I	F	Y	W	H	M	C	P
0	0.04411	0.35465	0.10020	0.01389	0.01899	0.16523	0.01299	0.02204	0.06077	0.01823	0.01116	0.01288	0.00946	0.00671	0.00650	0.00173	0.06776	0.00436	0.00337	0.06496
1	0.01166	0.00583	0.00874	0.00874	0.00874	0.00583	0.00583	0.00874	0.00874	0.01166	0.01166	0.02040	0.01166	0.02331	0.02622	0.80478	0.00583	0.00583	0.00291	0.00291
2	0.01911	0.01536	0.01600	0.01252	0.01760	0.07016	0.01001	0.19632	0.11569	0.07765	0.04464	0.01797	0.01430	0.00707	0.00600	0.00161	0.00617	0.00556	0.00548	0.34076
3	0.01178	0.00916	0.01204	0.01058	0.01339	0.00861	0.06376	0.06113	0.04525	0.05449	0.21583	0.05143	0.32641	0.01407	0.00787	0.00228	0.00470	0.07378	0.00643	0.00700
4	0.00818	0.00584	0.00779	0.00934	0.00973	0.00545	0.00623	0.00934	0.01285	0.01713	0.03698	0.75981	0.04438	0.02102	0.00856	0.00273	0.00389	0.01908	0.00623	0.00545
5	0.01024	0.00721	0.00879	0.00880	0.00939	0.00761	0.00577	0.01227	0.06767	0.01507	0.02191	0.09853	0.02362	0.45717	0.17598	0.04238	0.00854	0.00966	0.00433	0.00507
6	0.81159	0.01298	0.00986	0.00882	0.01298	0.01505	0.00727	0.01972	0.01142	0.03010	0.00934	0.01090	0.00727	0.00623	0.00415	0.00208	0.00519	0.00363	0.00415	0.00727
7	0.01100	0.00615	0.00887	0.00927	0.00964	0.00607	0.00659	0.00962	0.01046	0.01377	0.02023	0.11027	0.04746	0.02209	0.02103	0.56531	0.00557	0.10889	0.00390	0.00379
8	0.02159	0.01663	0.04579	0.17687	0.10345	0.01749	0.01495	0.36157	0.04154	0.10906	0.01611	0.01746	0.01150	0.00753	0.00670	0.00208	0.00764	0.00610	0.00557	0.01039
9	0.00963	0.00700	0.00985	0.00985	0.01072	0.00788	0.00722	0.01138	0.01051	0.01488	0.01883	0.03111	0.01884	0.24357	0.54717	0.00963	0.01487	0.00788	0.00372	0.00547
10	0.00962	0.00706	0.01013	0.01013	0.01110	0.00803	0.00757	0.01156	0.01059	0.01509	0.01857	0.02967	0.01821	0.18489	0.60500	0.00998	0.01581	0.00767	0.00368	0.00563
11	0.01444	0.10596	0.60920	0.01862	0.02776	0.04565	0.04609	0.02137	0.01437	0.02053	0.01176	0.01388	0.00857	0.00631	0.00621	0.00205	0.00978	0.00490	0.00288	0.00967
12	0.01749	0.69427	0.10516	0.01225	0.01841	0.02544	0.01282	0.02021	0.01369	0.01634	0.00960	0.01111	0.00860	0.00580	0.00451	0.00150	0.00745	0.00373	0.00287	0.00874
13	0.01166	0.00583	0.00874	0.00874	0.00874	0.00583	0.00583	0.00874	0.00874	0.01166	0.01166	0.02040	0.01166	0.02331	0.02622	0.80478	0.00583	0.00583	0.00291	0.00291
14	0.04044	0.01496	0.02175	0.01709	0.02128	0.03725	0.19854	0.23213	0.02022	0.06228	0.05549	0.17588	0.02065	0.01051	0.00802	0.00227	0.03737	0.00953	0.00549	0.00885
15	0.01190	0.01023	0.01557	0.09142	0.22837	0.01056	0.01227	0.01465	0.01439	0.01983	0.07397	0.22627	0.10458	0.01291	0.00824	0.00234	0.04392	0.04892	0.04218	0.00746
16	0.01476	0.01357	0.02144	0.34706	0.26907	0.01445	0.01716	0.04667	0.01489	0.02065	0.01234	0.01668	0.00979	0.00621	0.00638	0.00192	0.00785	0.00562	0.00343	0.15008
