[name]
unknown

[dist]
# distance from previous block
# <min> <max>
2	289

[block]
# block no. 0 follows, 34 sequences, length 17
# corresponding to MSA columns:
# 292-308
name=unknown_A
#
# <colnr> <probs for GDERKNQSTAVLIFYWHMCP>
#	G	D	E	R	K	N	Q	S	T	A	V	L	I	F	Y	W	H	M	C	P
0	0.01066	0.00819	0.01198	0.05491	0.01393	0.00816	0.07527	0.05725	0.01332	0.01771	0.06394	0.29296	0.07028	0.17692	0.01478	0.08168	0.00561	0.01195	0.00488	0.00562
1	0.01300	0.06138	0.01776	0.13394	0.02103	0.01211	0.12125	0.04744	0.10754	0.04231	0.06047	0.21298	0.06963	0.01171	0.00777	0.03098	0.00626	0.01015	0.00494	0.00737
2	0.01188	0.00809	0.00989	0.00969	0.01140	0.00805	0.00711	0.06015	0.07293	0.08372	0.12966	0.36731	0.11636	0.04127	0.00887	0.00249	0.02472	0.01348	0.00625	0.00669
3	0.01131	0.00745	0.00898	0.00918	0.01060	0.00737	0.00662	0.05919	0.05476	0.05632	0.07271	0.39262	0.06398	0.06901	0.00917	0.00260	0.00424	0.03902	0.10857	0.00629
4	0.01277	0.01020	0.01433	0.11594	0.15395	0.01087	0.01053	0.09877	0.01429	0.01946	0.05986	0.08069	0.02034	0.26682	0.08004	0.00419	0.00755	0.00832	0.00425	0.00682
5	0.01277	0.01111	0.01699	0.32405	0.08354	0.01251	0.05449	0.05192	0.08839	0.01938	0.01836	0.13688	0.01712	0.08125	0.00923	0.00256	0.00703	0.00834	0.03670	0.00737
6	0.09455	0.00673	0.00778	0.00831	0.00965	0.00645	0.00593	0.01079	0.01392	0.02001	0.18603	0.40500	0.16861	0.01652	0.00755	0.00235	0.00365	0.01449	0.00602	0.00565
7	0.00966	0.00717	0.00834	0.00829	0.00984	0.00689	0.00599	0.03545	0.06194	0.02105	0.24104	0.20964	0.20668	0.08136	0.00970	0.00255	0.00381	0.01265	0.05197	0.00599
8	0.01567	0.01417	0.02245	0.32936	0.34941	0.01562	0.01798	0.11748	0.01622	0.02204	0.01236	0.01643	0.00968	0.00633	0.00643	0.00202	0.00798	0.00576	0.00353	0.00909
9	0.01409	0.00827	0.01014	0.00949	0.01184	0.00783	0.00710	0.01803	0.10587	0.18916	0.12539	0.24928	0.15935	0.04310	0.00837	0.00240	0.00426	0.01209	0.00661	0.00734
10	0.00953	0.00708	0.00798	0.00784	0.00986	0.00638	0.00584	0.01240	0.05717	0.05567	0.18359	0.15543	0.42680	0.01544	0.00760	0.00221	0.00352	0.01320	0.00635	0.00611
11	0.01036	0.00651	0.00826	0.00866	0.00998	0.00588	0.00612	0.01189	0.01399	0.09722	0.11340	0.45367	0.16537	0.04607	0.00881	0.00255	0.00388	0.01514	0.00626	0.00596
12	0.01192	0.00929	0.01051	0.01017	0.01212	0.00982	0.00744	0.08641	0.19883	0.02156	0.05277	0.28250	0.11512	0.10181	0.03659	0.00306	0.00513	0.01202	0.00590	0.00704
13	0.01283	0.01093	0.01276	0.00940	0.01468	0.00828	0.00744	0.01555	0.01340	0.02064	0.01524	0.05862	0.04318	0.00618	0.00511	0.00111	0.00466	0.00509	0.00405	0.73086
14	0.00861	0.00627	0.00705	0.00727	0.00844	0.00573	0.00497	0.00999	0.01324	0.01743	0.11810	0.18689	0.29548	0.20792	0.01393	0.00324	0.00408	0.01270	0.06355	0.00514
15	0.01197	0.00957	0.01345	0.03835	0.09105	0.02183	0.06105	0.02755	0.05479	0.04842	0.15056	0.08995	0.16458	0.09531	0.03431	0.05975	0.00583	0.00990	0.00513	0.00666
16	0.09832	0.00946	0.03761	0.05659	0.09247	0.00916	0.00958	0.01421	0.01226	0.06536	0.02124	0.21614	0.02195	0.07137	0.12183	0.07412	0.00743	0.04994	0.00450	0.00644

[dist]
# distance from previous block
# <min> <max>
0	12

[block]
# block no. 1 follows, 34 sequences, length 63
# corresponding to MSA columns:
# 321-383
name=unknown_B
#
# <colnr> <probs for GDERKNQSTAVLIFYWHMCP>
#	G	D	E	R	K	N	Q	S	T	A	V	L	I	F	Y	W	H	M	C	P
0	0.01098	0.00836	0.01093	0.01059	0.04392	0.00772	0.00738	0.01288	0.03217	0.01725	0.04147	0.13171	0.04266	0.08302	0.16036	0.12104	0.00743	0.00803	0.00415	0.23793
1	0.00871	0.00624	0.00735	0.00784	0.00851	0.00591	0.00518	0.00963	0.01187	0.01542	0.05525	0.24206	0.16827	0.34959	0.01898	0.00414	0.00489	0.06025	0.00511	0.00478
2	0.01679	0.21793	0.13672	0.05250	0.03318	0.12316	0.05111	0.04366	0.01461	0.05853	0.03366	0.04950	0.01267	0.03947	0.00856	0.00211	0.08831	0.00579	0.00363	0.00811
3	0.05495	0.02859	0.09416	0.09814	0.17903	0.03262	0.03557	0.07661	0.01614	0.17019	0.02056	0.02189	0.08479	0.00992	0.04649	0.00246	0.00761	0.00655	0.00471	0.00902
4	0.00814	0.00570	0.00760	0.00887	0.00929	0.00535	0.00594	0.00919	0.01251	0.01678	0.07992	0.66992	0.04206	0.03807	0.00957	0.03907	0.00385	0.01714	0.00588	0.00516
5	0.01869	0.62289	0.03065	0.01221	0.01728	0.17441	0.01135	0.02068	0.01420	0.01533	0.00919	0.01063	0.00830	0.00576	0.00449	0.00144	0.00789	0.00360	0.00288	0.00813
6	0.01498	0.04366	0.15322	0.22403	0.20616	0.04978	0.07193	0.01943	0.01419	0.04434	0.01213	0.01556	0.00936	0.00601	0.00620	0.00190	0.00832	0.00540	0.00325	0.09015
7	0.01468	0.01642	0.07906	0.39512	0.25949	0.08885	0.01847	0.01882	0.01409	0.01822	0.01155	0.01598	0.00907	0.00623	0.00635	0.00202	0.00870	0.00551	0.00301	0.00837
8	0.01180	0.01074	0.01381	0.01273	0.01351	0.05459	0.01007	0.01356	0.01059	0.01502	0.01410	0.02216	0.01368	0.09575	0.39168	0.00691	0.27332	0.00654	0.00327	0.00616
9	0.07550	0.01179	0.01885	0.64861	0.06427	0.01459	0.01702	0.01678	0.01272	0.01761	0.01121	0.01655	0.00854	0.00657	0.00678	0.00216	0.03467	0.00556	0.00297	0.00726
10	0.00847	0.00644	0.00721	0.00717	0.00871	0.00580	0.00513	0.00958	0.01337	0.01667	0.10457	0.05171	0.46062	0.12410	0.05847	0.08518	0.00477	0.01166	0.00532	0.00504
11	0.03585	0.01308	0.02043	0.30715	0.29788	0.01446	0.01651	0.06919	0.05223	0.02092	0.01483	0.08170	0.01289	0.00759	0.00653	0.00209	0.00745	0.00687	0.00375	0.00861
12	0.01471	0.33543	0.45280	0.01543	0.02334	0.01930	0.01867	0.02001	0.01343	0.01833	0.01053	0.01231	0.00823	0.00589	0.00533	0.00178	0.00848	0.00424	0.00274	0.00904
13	0.01727	0.77681	0.03386	0.01106	0.01658	0.02557	0.01106	0.01935	0.01313	0.01520	0.00898	0.01036	0.00829	0.00553	0.00415	0.00138	0.00691	0.00345	0.00276	0.00829
14	0.00965	0.00609	0.00770	0.00781	0.00818	0.00601	0.00503	0.00918	0.01001	0.01317	0.02378	0.08958	0.10617	0.33167	0.07553	0.26710	0.00628	0.00917	0.00393	0.00397
15	0.01012	0.00825	0.01238	0.07574	0.01509	0.01014	0.00972	0.01249	0.01054	0.01520	0.01566	0.02322	0.01451	0.04001	0.58902	0.00869	0.11318	0.00666	0.00333	0.00606
16	0.00843	0.00718	0.00734	0.00719	0.00947	0.00640	0.00542	0.01157	0.07587	0.01866	0.09192	0.05827	0.63858	0.01557	0.00754	0.00218	0.00342	0.01300	0.00610	0.00590
17	0.01224	0.00748	0.00853	0.00775	0.01044	0.00636	0.00599	0.01421	0.01590	0.16788	0.12996	0.05231	0.50828	0.01428	0.00740	0.00213	0.00371	0.01194	0.00654	0.00668
18	0.01438	0.01244	0.01440	0.01215	0.04986	0.01134	0.00906	0.02227	0.24167	0.02298	0.01629	0.01698	0.01288	0.00612	0.00544	0.00140	0.00503	0.00504	0.00468	0.51558
19	0.00971	0.00721	0.00984	0.00974	0.01078	0.00814	0.00720	0.01247	0.05552	0.01516	0.01863	0.02943	0.01818	0.22309	0.52529	0.00885	0.01383	0.00755	0.00377	0.00560
20	0.00940	0.00626	0.00705	0.00705	0.00705	0.00626	0.00392	0.00940	0.00940	0.01253	0.02036	0.04228	0.02349	0.77292	0.03289	0.00626	0.00626	0.00940	0.00392	0.00392
21	0.00823	0.00595	0.00739	0.00824	0.00888	0.00554	0.00548	0.00938	0.01264	0.01670	0.09660	0.47847	0.13128	0.15895	0.01269	0.00319	0.00409	0.01550	0.00571	0.00510
22	0.01582	0.01444	0.04984	0.02758	0.39094	0.01386	0.07547	0.02174	0.11720	0.06970	0.03479	0.04455	0.01477	0.00858	0.03231	0.00229	0.00737	0.00678	0.04246	0.00950
23	0.06904	0.01463	0.01870	0.01446	0.01931	0.03704	0.09409	0.25278	0.03937	0.29383	0.01878	0.01860	0.01296	0.01006	0.05378	0.00253	0.00758	0.00621	0.00622	0.01003
24	0.00884	0.00641	0.00833	0.00824	0.00956	0.00591	0.00603	0.01146	0.01700	0.02376	0.56898	0.18853	0.08334	0.01470	0.00774	0.00215	0.00319	0.01306	0.00685	0.00591
25	0.01071	0.00748	0.00888	0.00818	0.00960	0.00696	0.00549	0.03330	0.01289	0.03600	0.15796	0.11731	0.03032	0.39344	0.01990	0.00407	0.00517	0.00986	0.00493	0.11757
26	0.03900	0.01220	0.04221	0.15303	0.16532	0.01210	0.05722	0.08707	0.01552	0.05413	0.02008	0.12458	0.04976	0.00898	0.00644	0.00204	0.00641	0.00798	0.12793	0.00800
27	0.00923	0.00692	0.01038	0.01038	0.01154	0.00808	0.00808	0.01154	0.01038	0.01500	0.01731	0.02538	0.01615	0.04846	0.74732	0.01038	0.01731	0.00692	0.00346	0.00577
28	0.08099	0.00779	0.00849	0.00807	0.01044	0.00727	0.00617	0.01413	0.03646	0.10490	0.08921	0.08250	0.37107	0.06977	0.00903	0.00248	0.00413	0.05168	0.02906	0.00636
29	0.00998	0.00592	0.00808	0.00822	0.00879	0.00576	0.00567	0.00892	0.01025	0.01332	0.02521	0.10110	0.16014	0.03884	0.07843	0.48914	0.00592	0.00864	0.00383	0.00384
30	0.02132	0.07802	0.02023	0.03923	0.08600	0.08311	0.04518	0.30877	0.05049	0.11368	0.01656	0.04443	0.01271	0.00766	0.00626	0.00191	0.00720	0.00617	0.04139	0.00969
31	0.01002	0.00722	0.00900	0.00865	0.01035	0.00688	0.00644	0.01396	0.07780	0.04506	0.49004	0.15142	0.11049	0.01396	0.00759	0.00214	0.00342	0.01229	0.00684	0.00642
32	0.01244	0.01152	0.01755	0.31613	0.13698	0.04072	0.03538	0.01651	0.04644	0.01745	0.01577	0.08400	0.01418	0.01773	0.18484	0.00412	0.01016	0.00719	0.00354	0.00735
33	0.01589	0.01505	0.02093	0.35026	0.08872	0.06915	0.08067	0.11065	0.11922	0.02187	0.01417	0.01743	0.01076	0.00697	0.00697	0.00210	0.03064	0.00604	0.00397	0.00853
34	0.14384	0.01945	0.02013	0.01775	0.05132	0.24251	0.09344	0.02004	0.01350	0.01859	0.00972	0.01326	0.00843	0.00811	0.01152	0.00222	0.29031	0.00509	0.00323	0.00752
35	0.01328	0.01259	0.02134	0.55239	0.24104	0.01464	0.01848	0.01746	0.01343	0.01782	0.01168	0.01687	0.00908	0.00626	0.00644	0.00209	0.00835	0.00575	0.00296	0.00805
36	0.00940	0.00626	0.00705	0.00705	0.00705	0.00626	0.00392	0.00940	0.00940	0.01253	0.02036	0.04228	0.02349	0.77292	0.03289	0.00626	0.00626	0.00940	0.00392	0.00392
37	0.01515	0.01686	0.03516	0.02536	0.03143	0.01615	0.61523	0.02082	0.04426	0.02073	0.01333	0.01737	0.01014	0.00584	0.00811	0.00216	0.04650	0.00735	0.00341	0.04466
38	0.01586	0.01570	0.01319	0.01223	0.01456	0.23262	0.00922	0.05133	0.13773	0.01898	0.01723	0.02232	0.01502	0.10313	0.22096	0.00475	0.01062	0.00630	0.07114	0.00712
39	0.01122	0.00561	0.00842	0.00842	0.00842	0.00561	0.00561	0.00842	0.00842	0.01122	0.01122	0.01964	0.01122	0.02245	0.02525	0.81201	0.00561	0.00561	0.00281	0.00281
40	0.00923	0.00692	0.01038	0.01038	0.01154	0.00808	0.00808	0.01154	0.01038	0.01500	0.01731	0.02538	0.01615	0.04846	0.74732	0.01038	0.01731	0.00692	0.00346	0.00577
41	0.01030	0.00889	0.01034	0.01008	0.01182	0.04105	0.03151	0.01434	0.10903	0.01978	0.15424	0.31128	0.18995	0.01529	0.00803	0.00232	0.02607	0.01335	0.00596	0.00638
42	0.00933	0.00627	0.00703	0.00703	0.00711	0.00623	0.00395	0.00939	0.00959	0.01271	0.02203	0.04302	0.04975	0.74481	0.03195	0.00611	0.00615	0.00955	0.00399	0.00397
43	0.01232	0.02225	0.39289	0.01536	0.03928	0.01260	0.03801	0.03565	0.08906	0.02129	0.06301	0.02864	0.16590	0.00927	0.00671	0.00211	0.00725	0.02564	0.00426	0.00850
44	0.04388	0.03895	0.06587	0.10335	0.28753	0.12988	0.05491	0.07159	0.01647	0.10654	0.01341	0.01574	0.01020	0.00639	0.00625	0.00193	0.00829	0.00551	0.00398	0.00934
45	0.01578	0.01879	0.06238	0.02589	0.05291	0.07109	0.56943	0.02075	0.01509	0.02004	0.01249	0.01662	0.00957	0.00591	0.00818	0.00216	0.05400	0.00709	0.00322	0.00861
46	0.01009	0.00681	0.00894	0.00829	0.00998	0.00626	0.00626	0.01311	0.01830	0.05969	0.69579	0.04702	0.05883	0.01296	0.00757	0.00203	0.00316	0.01144	0.00715	0.00633
47	0.01536	0.01824	0.18316	0.13714	0.25026	0.03251	0.09455	0.01981	0.01433	0.08132	0.01442	0.04662	0.01182	0.04313	0.00781	0.00225	0.00829	0.00643	0.00361	0.00895
48	0.01607	0.01732	0.04658	0.06719	0.36840	0.11094	0.11917	0.02063	0.05678	0.02003	0.01558	0.03392	0.04334	0.00699	0.00701	0.00201	0.02892	0.00650	0.00357	0.00906
49	0.02078	0.02368	0.02038	0.01732	0.02046	0.42779	0.09050	0.06470	0.01679	0.04146	0.01125	0.01398	0.00930	0.00947	0.04413	0.00238	0.14911	0.00513	0.00358	0.00780
50	0.62343	0.01223	0.01053	0.00885	0.01324	0.01311	0.00725	0.01909	0.01183	0.06257	0.01030	0.01163	0.00794	0.00586	0.00427	0.00180	0.00498	0.00371	0.00416	0.16322
51	0.01915	0.34399	0.05695	0.03431	0.02043	0.21177	0.06853	0.09217	0.01625	0.01871	0.01039	0.01235	0.00872	0.00646	0.00631	0.00172	0.05566	0.00447	0.00334	0.00834
52	0.11479	0.01441	0.01462	0.13089	0.01958	0.12393	0.01088	0.14463	0.01633	0.02283	0.01725	0.12244	0.03422	0.01140	0.04277	0.00249	0.07812	0.00730	0.06369	0.00743
53	0.01131	0.00907	0.01130	0.01111	0.04485	0.00816	0.00780	0.03759	0.06333	0.02016	0.04940	0.36424	0.02818	0.01298	0.00685	0.00198	0.00451	0.03087	0.00525	0.27106
54	0.02008	0.00889	0.01091	0.00913	0.01233	0.00823	0.00721	0.05294	0.01639	0.35558	0.02474	0.05088	0.03943	0.04533	0.00712	0.00204	0.00454	0.00707	0.30875	0.00841
55	0.00768	0.00655	0.00660	0.00659	0.00875	0.00547	0.00494	0.00935	0.01482	0.01767	0.08250	0.06183	0.71282	0.01628	0.00764	0.00218	0.00327	0.01359	0.00603	0.00547
56	0.01828	0.01479	0.01808	0.25418	0.06081	0.03888	0.01359	0.32414	0.06136	0.02855	0.01641	0.01849	0.03297	0.00751	0.00635	0.00199	0.00724	0.00608	0.06124	0.00906
57	0.00923	0.00692	0.01038	0.01038	0.01154	0.00808	0.00808	0.01154	0.01038	0.01500	0.01731	0.02538	0.01615	0.04846	0.74732	0.01038	0.01731	0.00692	0.00346	0.00577
58	0.01646	0.01092	0.01288	0.01016	0.01465	0.00968	0.00807	0.02203	0.14130	0.16358	0.08006	0.02095	0.01772	0.00710	0.00566	0.00152	0.00468	0.00585	0.07493	0.37181
59	0.01385	0.01338	0.02077	0.55414	0.18733	0.04996	0.01795	0.03338	0.01395	0.01799	0.01164	0.01666	0.00899	0.00635	0.00642	0.00208	0.00853	0.00567	0.00304	0.00792
60	0.01439	0.01179	0.01373	0.00988	0.01557	0.00919	0.00793	0.05016	0.01436	0.04282	0.01209	0.01375	0.00983	0.00502	0.00492	0.00103	0.00492	0.00400	0.00408	0.75054
61	0.01133	0.00947	0.01220	0.01168	0.01347	0.04381	0.06800	0.07881	0.03449	0.02007	0.06212	0.46858	0.06163	0.01618	0.00786	0.00244	0.00520	0.06049	0.00574	0.00643
62	0.04564	0.04722	0.01667	0.06942	0.07098	0.03720	0.01093	0.06740	0.09980	0.34193	0.02077	0.05763	0.01522	0.00799	0.00626	0.00195	0.00606	0.00656	0.00610	0.06424

[dist]
# distance from previous block
# <min> <max>
0	5

[block]
# block no. 2 follows, 34 sequences, length 119
# corresponding to MSA columns:
# 389-507
name=unknown_C
#
# <colnr> <probs for GDERKNQSTAVLIFYWHMCP>
#	G	D	E	R	K	N	Q	S	T	A	V	L	I	F	Y	W	H	M	C	P
0	0.01004	0.00753	0.00828	0.00821	0.00861	0.04064	0.00520	0.01061	0.01002	0.01321	0.01923	0.03724	0.02121	0.58178	0.18548	0.00694	0.00889	0.00862	0.00379	0.00448
1	0.01488	0.04738	0.33242	0.02065	0.08702	0.04111	0.17414	0.02220	0.10019	0.03969	0.04690	0.01759	0.01275	0.00664	0.00655	0.00205	0.00874	0.00611	0.00371	0.00927
2	0.00842	0.00610	0.00800	0.00893	0.00980	0.00568	0.00640	0.01022	0.01418	0.01908	0.20263	0.48225	0.09023	0.01808	0.00813	0.00249	0.00377	0.08382	0.00626	0.00553
3	0.01334	0.03077	0.62304	0.01988	0.02893	0.01523	0.13762	0.02050	0.01391	0.02050	0.01184	0.01427	0.00845	0.00602	0.00639	0.00207	0.00977	0.00525	0.00282	0.00941
4	0.01839	0.01543	0.03988	0.04288	0.03942	0.01644	0.05503	0.27462	0.28843	0.03038	0.02008	0.02136	0.01526	0.00815	0.00651	0.00206	0.00642	0.02857	0.06084	0.00985
5	0.00930	0.00666	0.00907	0.00907	0.00977	0.00736	0.00644	0.01070	0.01000	0.01403	0.01851	0.03202	0.01904	0.33301	0.46671	0.00877	0.01297	0.00789	0.00364	0.00504
6	0.01680	0.01424	0.01502	0.01330	0.01708	0.01641	0.01040	0.09222	0.66187	0.02820	0.02538	0.02337	0.01898	0.00868	0.00657	0.00217	0.00528	0.00718	0.00657	0.01029
7	0.00923	0.00692	0.01038	0.01038	0.01154	0.00808	0.00808	0.01154	0.01038	0.01500	0.01731	0.02538	0.01615	0.04846	0.74732	0.01038	0.01731	0.00692	0.00346	0.00577
8	0.01594	0.01445	0.02201	0.25154	0.24367	0.05426	0.08558	0.07985	0.02865	0.05603	0.01551	0.06430	0.02462	0.00742	0.00666	0.00206	0.00798	0.00684	0.00392	0.00870
9	0.03941	0.08589	0.62947	0.01800	0.02693	0.01582	0.05679	0.02035	0.01360	0.02037	0.01140	0.01349	0.00824	0.00606	0.00600	0.00200	0.00928	0.00478	0.00280	0.00933
10	0.01459	0.01228	0.01318	0.01218	0.01515	0.01399	0.00928	0.02924	0.57353	0.02454	0.02670	0.08695	0.02245	0.08479	0.00936	0.00265	0.00514	0.02868	0.00625	0.00908
11	0.00975	0.00776	0.01066	0.01060	0.01183	0.03394	0.00823	0.01204	0.01066	0.01503	0.01705	0.02490	0.01588	0.04700	0.72137	0.01008	0.01711	0.00683	0.00346	0.00583
12	0.01649	0.40780	0.23817	0.03845	0.04301	0.08246	0.01532	0.02027	0.01383	0.03556	0.01065	0.01251	0.00873	0.00698	0.02369	0.00188	0.00839	0.00421	0.00297	0.00862
13	0.00821	0.00685	0.00723	0.00713	0.00916	0.00613	0.00544	0.00999	0.01462	0.01803	0.08532	0.05835	0.62767	0.01570	0.00808	0.00219	0.03369	0.02983	0.04081	0.00558
14	0.01001	0.00680	0.00891	0.00828	0.00995	0.00624	0.00624	0.01303	0.01830	0.05682	0.69862	0.04712	0.05901	0.01298	0.00757	0.00203	0.00315	0.01146	0.00715	0.00631
15	0.00787	0.00562	0.00750	0.00900	0.00937	0.00525	0.00600	0.00900	0.01237	0.01649	0.03561	0.76871	0.04274	0.02024	0.00825	0.00262	0.00375	0.01837	0.00600	0.00525
16	0.01232	0.01161	0.01960	0.73418	0.06676	0.01439	0.01801	0.01662	0.01298	0.01666	0.01151	0.01719	0.00867	0.00644	0.00646	0.00215	0.00858	0.00574	0.00288	0.00728
17	0.00800	0.00571	0.00764	0.00914	0.00957	0.00536	0.00622	0.00922	0.01250	0.01664	0.03554	0.73402	0.04246	0.02012	0.00828	0.00264	0.00386	0.05181	0.00600	0.00528
18	0.02448	0.01765	0.01905	0.01466	0.01978	0.01945	0.01209	0.65968	0.05217	0.07055	0.01629	0.01607	0.01149	0.00780	0.00647	0.00195	0.00698	0.00589	0.00653	0.01096
19	0.01202	0.01106	0.01495	0.01357	0.01422	0.03742	0.01093	0.01382	0.01038	0.01521	0.01302	0.02020	0.01253	0.05283	0.35928	0.00642	0.36628	0.00632	0.00317	0.00638
20	0.00851	0.00685	0.00816	0.00805	0.00968	0.00651	0.00605	0.01052	0.01481	0.01929	0.23202	0.12379	0.38347	0.01867	0.07708	0.00298	0.03933	0.01260	0.00591	0.00571
21	0.00822	0.00585	0.00780	0.00923	0.00971	0.00554	0.00639	0.00950	0.01251	0.01663	0.03476	0.65809	0.04124	0.05451	0.00945	0.00283	0.00411	0.09247	0.00590	0.00526
22	0.01197	0.01040	0.01385	0.05024	0.03418	0.03390	0.01021	0.03195	0.02785	0.01713	0.06573	0.02414	0.01714	0.09590	0.29564	0.00581	0.21669	0.00693	0.02387	0.00646
23	0.01489	0.01715	0.06669	0.01409	0.01611	0.20983	0.03147	0.01688	0.01274	0.01567	0.02614	0.02130	0.01355	0.15129	0.15818	0.00450	0.19332	0.00626	0.00336	0.00658
24	0.01524	0.16629	0.11888	0.01801	0.10262	0.04510	0.09500	0.03996	0.13238	0.02093	0.08058	0.01922	0.01593	0.00934	0.04117	0.00236	0.05804	0.00619	0.00407	0.00870
25	0.01021	0.00843	0.01154	0.01121	0.01234	0.03503	0.00879	0.01241	0.01062	0.01508	0.01623	0.02386	0.01517	0.04354	0.65387	0.00938	0.08625	0.00671	0.00340	0.00595
26	0.43106	0.04488	0.01614	0.03720	0.06361	0.21054	0.05363	0.02082	0.01356	0.02323	0.00978	0.01189	0.00787	0.00626	0.00539	0.00192	0.02691	0.00420	0.00361	0.00750
27	0.00897	0.00660	0.00840	0.00795	0.00955	0.00602	0.00596	0.01186	0.01788	0.02493	0.65246	0.04987	0.13832	0.01357	0.00762	0.00205	0.00307	0.01191	0.00698	0.00602
28	0.01530	0.01804	0.10472	0.29769	0.13430	0.08672	0.17521	0.05413	0.01519	0.01970	0.01201	0.01607	0.00916	0.00618	0.00662	0.00206	0.00932	0.00591	0.00322	0.00845
29	0.02001	0.01519	0.13712	0.01206	0.01801	0.01053	0.01132	0.05609	0.01642	0.30992	0.03606	0.01791	0.01333	0.00667	0.00586	0.00164	0.00594	0.00536	0.00553	0.29503
30	0.73614	0.01439	0.01041	0.00934	0.01327	0.09049	0.00757	0.01970	0.01176	0.02762	0.00910	0.01062	0.00714	0.00607	0.00419	0.00196	0.00569	0.00357	0.00393	0.00705
31	0.01639	0.49802	0.13652	0.01391	0.01934	0.02255	0.04956	0.04502	0.01354	0.01727	0.00976	0.01191	0.00848	0.00646	0.00696	0.00173	0.10696	0.00425	0.00293	0.00844
32	0.01392	0.01301	0.01505	0.01353	0.01485	0.07667	0.01074	0.01885	0.14989	0.01805	0.01545	0.02058	0.01369	0.06522	0.16662	0.00429	0.30135	0.00637	0.05468	0.00719
33	0.00842	0.00658	0.00763	0.00737	0.00921	0.00579	0.00553	0.01079	0.01658	0.02185	0.41051	0.05495	0.38220	0.01472	0.00763	0.00210	0.00316	0.01262	0.00658	0.00579
34	0.21328	0.01135	0.01371	0.01080	0.01556	0.01066	0.00891	0.02857	0.01674	0.57182	0.02164	0.01931	0.01389	0.00753	0.00591	0.00200	0.00538	0.00580	0.00706	0.01006
35	0.00829	0.00635	0.00766	0.00819	0.00959	0.00572	0.00606	0.01017	0.01467	0.01897	0.18102	0.28903	0.30712	0.01716	0.00796	0.00238	0.00366	0.08422	0.00621	0.00556
36	0.01820	0.63847	0.03109	0.01203	0.01710	0.10721	0.01137	0.04416	0.01421	0.01618	0.00931	0.01082	0.00840	0.00594	0.00502	0.00148	0.03410	0.00370	0.00296	0.00825
37	0.01272	0.00798	0.00926	0.00861	0.01043	0.00856	0.00661	0.11008	0.01492	0.02321	0.04572	0.02528	0.01776	0.06588	0.21442	0.00436	0.00778	0.00666	0.39324	0.00651
38	0.01885	0.01326	0.01469	0.01279	0.01674	0.01466	0.01007	0.03372	0.56964	0.17997	0.02612	0.02365	0.01892	0.00860	0.00656	0.00215	0.00520	0.00713	0.00688	0.01039
39	0.02414	0.03079	0.01831	0.01665	0.01998	0.74698	0.01248	0.02580	0.01831	0.01581	0.00999	0.01165	0.00832	0.00666	0.00583	0.00166	0.01165	0.00416	0.00333	0.00749
40	0.01599	0.01535	0.02623	0.03966	0.73262	0.01535	0.01983	0.01983	0.01471	0.02111	0.01215	0.01599	0.01023	0.00576	0.00640	0.00192	0.00768	0.00576	0.00320	0.01023
41	0.01340	0.01148	0.01340	0.00957	0.01531	0.00861	0.00766	0.01627	0.01340	0.02105	0.01148	0.01340	0.00957	0.00479	0.00479	0.00096	0.00479	0.00383	0.00383	0.81242
42	0.00877	0.00626	0.00852	0.01002	0.01079	0.00602	0.00755	0.01054	0.01325	0.01750	0.03512	0.52342	0.04078	0.01940	0.00849	0.00275	0.00452	0.25482	0.00598	0.00550
43	0.00940	0.00626	0.00705	0.00705	0.00705	0.00626	0.00392	0.00940	0.00940	0.01253	0.02036	0.04228	0.02349	0.77292	0.03289	0.00626	0.00626	0.00940	0.00392	0.00392
44	0.00821	0.00635	0.00754	0.00810	0.00953	0.00568	0.00598	0.01003	0.01451	0.01858	0.15038	0.28652	0.34321	0.01729	0.00796	0.00238	0.00366	0.08239	0.00616	0.00553
45	0.00940	0.00626	0.00705	0.00705	0.00705	0.00626	0.00392	0.00940	0.00940	0.01253	0.02036	0.04228	0.02349	0.77292	0.03289	0.00626	0.00626	0.00940	0.00392	0.00392
46	0.00811	0.00588	0.00771	0.00909	0.00972	0.00548	0.00635	0.00946	0.01281	0.01686	0.03790	0.64146	0.09799	0.01969	0.00827	0.00262	0.00393	0.08533	0.00599	0.00534
47	0.01072	0.00567	0.00834	0.00860	0.00870	0.00561	0.00581	0.00864	0.00917	0.01221	0.01536	0.12757	0.01645	0.02200	0.02236	0.67354	0.00536	0.02730	0.00335	0.00324
48	0.00866	0.00599	0.00743	0.00815	0.00839	0.00587	0.00512	0.00931	0.01087	0.01456	0.02752	0.38998	0.03236	0.37542	0.05692	0.00472	0.00561	0.01358	0.00489	0.00465
49	0.02753	0.01334	0.01645	0.01261	0.01767	0.01298	0.01042	0.25621	0.02242	0.50682	0.02219	0.01985	0.01434	0.00792	0.00649	0.00198	0.00603	0.00627	0.00749	0.01099
50	0.01070	0.00682	0.00863	0.00922	0.01038	0.00647	0.00650	0.04783	0.01396	0.07525	0.03435	0.56130	0.07650	0.03707	0.00844	0.00256	0.00411	0.02866	0.04521	0.00603
51	0.01122	0.00561	0.00842	0.00842	0.00842	0.00561	0.00561	0.00842	0.00842	0.01122	0.01122	0.01964	0.01122	0.02245	0.02525	0.81201	0.00561	0.00561	0.00281	0.00281
52	0.02414	0.03079	0.01831	0.01665	0.01998	0.74698	0.01248	0.02580	0.01831	0.01581	0.00999	0.01165	0.00832	0.00666	0.00583	0.00166	0.01165	0.00416	0.00333	0.00749
53	0.00767	0.00641	0.00669	0.00691	0.00882	0.00542	0.00507	0.00923	0.01437	0.01731	0.06097	0.16830	0.62677	0.01695	0.00773	0.00225	0.00334	0.01435	0.00600	0.00542
54	0.81856	0.01250	0.00950	0.00850	0.01250	0.01449	0.00700	0.01899	0.01100	0.02899	0.00900	0.01050	0.00700	0.00600	0.00400	0.00200	0.00500	0.00350	0.00400	0.00700
55	0.02899	0.01100	0.01499	0.01150	0.01649	0.00950	0.00950	0.03149	0.01849	0.73709	0.02549	0.02199	0.01599	0.00800	0.00650	0.00200	0.00550	0.00650	0.00800	0.01100
56	0.00935	0.00749	0.00846	0.00806	0.01014	0.00706	0.00609	0.01368	0.10476	0.02232	0.34793	0.05139	0.35133	0.01405	0.00750	0.00212	0.00341	0.01200	0.00655	0.00633
57	0.01340	0.01148	0.01340	0.00957	0.01531	0.00861	0.00766	0.01627	0.01340	0.02105	0.01148	0.01340	0.00957	0.00479	0.00479	0.00096	0.00479	0.00383	0.00383	0.81242
58	0.02824	0.01220	0.01574	0.01207	0.01709	0.01128	0.00997	0.14654	0.02051	0.61920	0.02380	0.02090	0.01515	0.00796	0.00649	0.00199	0.00577	0.00638	0.00774	0.01099
59	0.00922	0.00619	0.00710	0.00728	0.00732	0.00615	0.00416	0.00935	0.00974	0.01299	0.02214	0.12725	0.02574	0.68488	0.03000	0.00584	0.00597	0.01045	0.00416	0.00407
60	0.00800	0.00578	0.00757	0.00876	0.00936	0.00535	0.00594	0.00936	0.01316	0.01758	0.11312	0.64850	0.08511	0.01925	0.00814	0.00253	0.00364	0.01736	0.00612	0.00535
61	0.02414	0.03079	0.01831	0.01665	0.01998	0.74698	0.01248	0.02580	0.01831	0.01581	0.00999	0.01165	0.00832	0.00666	0.00583	0.00166	0.01165	0.00416	0.00333	0.00749
62	0.00987	0.00745	0.01081	0.01058	0.01166	0.00889	0.00829	0.01216	0.01060	0.01579	0.01688	0.02434	0.01555	0.04201	0.62603	0.00903	0.07827	0.00674	0.06915	0.00590
63	0.02414	0.03079	0.01831	0.01665	0.01998	0.74698	0.01248	0.02580	0.01831	0.01581	0.00999	0.01165	0.00832	0.00666	0.00583	0.00166	0.01165	0.00416	0.00333	0.00749
64	0.01771	0.01461	0.01853	0.01491	0.01925	0.01576	0.11373	0.22403	0.30972	0.04737	0.05109	0.02491	0.08097	0.00881	0.00683	0.00211	0.00631	0.00764	0.00606	0.00966
65	0.01085	0.00913	0.01376	0.03265	0.22861	0.00887	0.01080	0.01340	0.01449	0.01965	0.12817	0.25942	0.11819	0.01387	0.00757	0.00231	0.00513	0.09088	0.00524	0.00701
66	0.81856	0.01250	0.00950	0.00850	0.01250	0.01449	0.00700	0.01899	0.01100	0.02899	0.00900	0.01050	0.00700	0.00600	0.00400	0.00200	0.00500	0.00350	0.00400	0.00700
67	0.01810	0.01815	0.07945	0.02165	0.16943	0.11088	0.13310	0.04412	0.18919	0.09826	0.03989	0.01912	0.01432	0.00712	0.00661	0.00202	0.00788	0.00644	0.00474	0.00953
68	0.01342	0.01156	0.01358	0.00978	0.01536	0.00893	0.00784	0.01625	0.01330	0.02090	0.01140	0.01342	0.00954	0.00497	0.00524	0.00101	0.02592	0.00388	0.00380	0.78991
69	0.00787	0.00562	0.00750	0.00900	0.00937	0.00525	0.00600	0.00900	0.01237	0.01649	0.03561	0.76871	0.04274	0.02024	0.00825	0.00262	0.00375	0.01837	0.00600	0.00525
70	0.00872	0.00653	0.00809	0.00783	0.00942	0.00590	0.00582	0.01132	0.01710	0.02338	0.53343	0.09812	0.21181	0.01438	0.00766	0.00210	0.00314	0.01256	0.00679	0.00590
71	0.01451	0.01476	0.01974	0.01695	0.01708	0.04706	0.01407	0.01593	0.01021	0.01556	0.00854	0.01404	0.00848	0.01113	0.02063	0.00278	0.73299	0.00560	0.00285	0.00708
72	0.02353	0.01677	0.01802	0.01395	0.01877	0.01843	0.01148	0.62661	0.02847	0.05942	0.01632	0.01650	0.01165	0.00774	0.00628	0.00190	0.00668	0.00586	0.08109	0.01053
73	0.00789	0.00607	0.00722	0.00797	0.00914	0.00540	0.00558	0.00937	0.01379	0.01766	0.10520	0.43263	0.31263	0.01814	0.00796	0.00240	0.00350	0.01596	0.00609	0.00540
74	0.01516	0.01553	0.05152	0.11497	0.52614	0.01505	0.10111	0.01934	0.01466	0.02069	0.03533	0.01726	0.01157	0.00605	0.00658	0.00198	0.00808	0.00613	0.00328	0.00956
75	0.00877	0.00745	0.00767	0.00746	0.00978	0.00679	0.00564	0.01253	0.10120	0.01920	0.10599	0.05658	0.59760	0.01522	0.00751	0.00217	0.00348	0.01273	0.00615	0.00608
76	0.02584	0.01548	0.01770	0.01363	0.01869	0.01622	0.01124	0.45142	0.04855	0.28392	0.01935	0.01806	0.01302	0.00787	0.00648	0.00197	0.00648	0.00610	0.00700	0.01097
77	0.02270	0.15792	0.02136	0.01634	0.04434	0.53536	0.01248	0.08247	0.01831	0.01800	0.01036	0.01191	0.00861	0.00652	0.00561	0.00165	0.01031	0.00424	0.00349	0.00802
78	0.00995	0.00694	0.00799	0.00751	0.00970	0.00602	0.00571	0.01215	0.01629	0.08053	0.29504	0.05394	0.43558	0.01456	0.00754	0.00211	0.00338	0.01236	0.00656	0.00614
79	0.01798	0.03456	0.02013	0.18006	0.19369	0.01648	0.01468	0.19751	0.17601	0.05849	0.01653	0.01807	0.01240	0.00718	0.00641	0.00202	0.00705	0.00609	0.00491	0.00975
80	0.01616	0.01503	0.02922	0.02446	0.12895	0.01434	0.41435	0.03890	0.04217	0.09191	0.04049	0.08166	0.01534	0.00742	0.00732	0.00215	0.00872	0.00822	0.00429	0.00890
81	0.00980	0.00672	0.00862	0.00820	0.00985	0.00612	0.00613	0.01252	0.01745	0.05690	0.57243	0.10864	0.12446	0.01387	0.00762	0.00210	0.00324	0.01220	0.00695	0.00619
82	0.00929	0.00622	0.00708	0.00718	0.00721	0.00619	0.00406	0.00937	0.00960	0.01280	0.02142	0.09295	0.02483	0.72043	0.03117	0.00601	0.00609	0.01002	0.00406	0.00401
83	0.00796	0.00656	0.00700	0.00689	0.00893	0.00559	0.00517	0.00990	0.01550	0.01928	0.20879	0.05918	0.58553	0.01568	0.00763	0.00215	0.00322	0.01322	0.00624	0.00559
84	0.01691	0.71483	0.09269	0.01167	0.01753	0.02469	0.01212	0.01944	0.01317	0.01564	0.00920	0.01064	0.00828	0.00558	0.00431	0.00144	0.00713	0.00356	0.00276	0.00840
85	0.01327	0.01067	0.01266	0.00957	0.01455	0.00819	0.00750	0.01589	0.01346	0.04913	0.01532	0.11627	0.01433	0.00701	0.00532	0.00123	0.00467	0.00591	0.00429	0.67074
86	0.08239	0.26958	0.09310	0.01828	0.02411	0.01843	0.31317	0.01933	0.01377	0.01915	0.01226	0.04124	0.01050	0.02971	0.00684	0.00203	0.00857	0.00608	0.00323	0.00823
87	0.02514	0.01091	0.01428	0.01131	0.01574	0.00997	0.00921	0.05319	0.07756	0.55940	0.11800	0.02540	0.02206	0.00874	0.00665	0.00202	0.00520	0.00723	0.00771	0.01029
88	0.04834	0.01508	0.01736	0.07014	0.02035	0.01627	0.01168	0.40186	0.08289	0.19223	0.01883	0.01980	0.01351	0.00812	0.00650	0.00203	0.00659	0.03164	0.00645	0.01032
89	0.18456	0.10019	0.12481	0.01801	0.10000	0.10401	0.11307	0.03703	0.03379	0.06257	0.01342	0.01527	0.02780	0.00661	0.00627	0.00195	0.03305	0.00526	0.00378	0.00854
90	0.04443	0.01276	0.01381	0.01061	0.01558	0.05236	0.00842	0.08773	0.01572	0.09216	0.01509	0.07734	0.01295	0.00684	0.00544	0.00137	0.00541	0.00551	0.00466	0.51183
91	0.00867	0.00703	0.00782	0.00768	0.00986	0.00604	0.00589	0.01060	0.01462	0.01845	0.11093	0.07952	0.47493	0.05014	0.00873	0.00236	0.00386	0.09416	0.00581	0.07290
92	0.01475	0.01356	0.02246	0.13711	0.40974	0.01398	0.06306	0.06705	0.01568	0.02175	0.06599	0.07838	0.01679	0.00791	0.00678	0.00206	0.00731	0.02273	0.00395	0.00896
93	0.08438	0.04859	0.23463	0.02202	0.16551	0.07145	0.13018	0.05904	0.01560	0.08929	0.01303	0.01508	0.00966	0.00622	0.00621	0.00198	0.00857	0.00545	0.00376	0.00935
94	0.01953	0.01542	0.01637	0.01366	0.01789	0.01744	0.01092	0.31888	0.40896	0.03271	0.02160	0.02049	0.01595	0.00830	0.00647	0.00206	0.00589	0.00664	0.03039	0.01042
95	0.01340	0.03274	0.69011	0.01869	0.02793	0.03848	0.04917	0.02064	0.01385	0.02032	0.01160	0.01372	0.00825	0.00613	0.00618	0.00204	0.00967	0.00486	0.00277	0.00945
96	0.01697	0.14233	0.33384	0.01691	0.08309	0.01561	0.01687	0.06311	0.03777	0.12805	0.03935	0.01622	0.01200	0.00665	0.00592	0.00187	0.00763	0.00525	0.00411	0.04644
97	0.02890	0.09442	0.41232	0.01555	0.02236	0.01418	0.04902	0.03784	0.03649	0.06926	0.01783	0.12207	0.03507	0.00858	0.00637	0.00207	0.00780	0.00715	0.00392	0.00878
98	0.00773	0.00635	0.00681	0.00710	0.00889	0.00543	0.00517	0.00930	0.01434	0.01751	0.07897	0.20929	0.56660	0.01708	0.00776	0.00227	0.00337	0.01457	0.00603	0.00543
99	0.01460	0.01591	0.07091	0.17688	0.32904	0.08352	0.03679	0.01870	0.03651	0.01913	0.01560	0.12358	0.01451	0.00817	0.00664	0.00207	0.00783	0.00744	0.00362	0.00854
100	0.01854	0.02314	0.12710	0.08646	0.25858	0.26232	0.04163	0.06898	0.01671	0.02017	0.01155	0.01431	0.00919	0.00630	0.00622	0.00188	0.00944	0.00514	0.00337	0.00895
101	0.01829	0.02225	0.35599	0.01501	0.02181	0.01357	0.01636	0.08134	0.10550	0.21257	0.04054	0.01965	0.03260	0.00758	0.00640	0.00205	0.00736	0.00608	0.00513	0.00992
102	0.00794	0.00576	0.00749	0.00874	0.00934	0.00532	0.00592	0.00923	0.01295	0.01718	0.08288	0.66454	0.09994	0.01947	0.00816	0.00255	0.00366	0.01755	0.00607	0.00532
103	0.01382	0.01173	0.01362	0.00977	0.01549	0.00904	0.00783	0.04233	0.01404	0.02179	0.01164	0.01348	0.00962	0.00490	0.00485	0.00099	0.00487	0.00390	0.00393	0.78237
104	0.07401	0.23279	0.15207	0.01591	0.02066	0.15179	0.08147	0.02008	0.01358	0.01783	0.00993	0.01261	0.00837	0.00700	0.00846	0.00195	0.15576	0.00465	0.00301	0.00808
105	0.00965	0.00743	0.00868	0.00849	0.01030	0.00720	0.00630	0.01417	0.11462	0.02243	0.33118	0.15919	0.21761	0.01425	0.00746	0.00216	0.00350	0.01238	0.03661	0.00638
106	0.01465	0.01661	0.09055	0.10088	0.29938	0.01477	0.24689	0.01930	0.01466	0.02053	0.03139	0.01878	0.01183	0.00626	0.00682	0.00203	0.00869	0.02668	0.00336	0.04594
107	0.00795	0.00578	0.00750	0.00872	0.00934	0.00533	0.00591	0.00926	0.01302	0.01729	0.09051	0.65362	0.10318	0.01938	0.00815	0.00254	0.00365	0.01746	0.00608	0.00533
108	0.01930	0.02280	0.01862	0.06820	0.02034	0.41648	0.01329	0.02108	0.01472	0.01574	0.00982	0.01339	0.00867	0.00973	0.03723	0.00241	0.27289	0.00489	0.00313	0.00726
109	0.00966	0.00745	0.01077	0.01053	0.01145	0.00884	0.00808	0.01162	0.01022	0.01475	0.01694	0.02647	0.01639	0.13233	0.60089	0.00926	0.07811	0.00711	0.00346	0.00565
110	0.00805	0.00593	0.00735	0.00840	0.00915	0.00546	0.00572	0.00923	0.01265	0.01641	0.04026	0.53261	0.18214	0.09070	0.01048	0.00289	0.00396	0.03764	0.00580	0.00519
111	0.01831	0.40839	0.15827	0.01405	0.01987	0.10559	0.03266	0.09014	0.01572	0.04598	0.01095	0.01236	0.00888	0.00624	0.00559	0.00168	0.02883	0.00430	0.00341	0.00878
112	0.01325	0.08428	0.69117	0.01791	0.02719	0.01573	0.02300	0.02039	0.01361	0.02010	0.01142	0.01342	0.00819	0.00610	0.00600	0.00200	0.00937	0.00468	0.00273	0.00946
113	0.01653	0.19020	0.25449	0.01815	0.04213	0.10427	0.14990	0.02094	0.01447	0.05667	0.01235	0.03365	0.00992	0.00663	0.00672	0.00193	0.04354	0.00547	0.00329	0.00874
114	0.01708	0.24261	0.23178	0.01682	0.04535	0.01918	0.09603	0.16965	0.03949	0.02342	0.01249	0.01426	0.00966	0.00745	0.02603	0.00207	0.00842	0.00512	0.00376	0.00934
115	0.00841	0.00590	0.00793	0.00910	0.00970	0.00556	0.00636	0.00976	0.01318	0.01773	0.12583	0.58122	0.04323	0.01922	0.00900	0.03971	0.00393	0.07293	0.00599	0.00531
116	0.01031	0.00850	0.04314	0.01081	0.01241	0.00788	0.00896	0.03081	0.03813	0.01843	0.02839	0.20646	0.03058	0.09187	0.12526	0.00421	0.00734	0.27952	0.03095	0.00603
117	0.01828	0.01789	0.10390	0.12999	0.10712	0.08511	0.08323	0.08593	0.06447	0.12741	0.01469	0.01681	0.01090	0.00734	0.00823	0.00211	0.09731	0.00588	0.00431	0.00910
118	0.01322	0.04103	0.08774	0.04105	0.01805	0.05772	0.08189	0.03992	0.18118	0.02166	0.10164	0.08045	0.16206	0.01082	0.00701	0.00214	0.00617	0.03316	0.00526	0.00784

[dist]
# distance from previous block
# <min> <max>
0	1

[block]
# block no. 3 follows, 34 sequences, length 354
# corresponding to MSA columns:
# 509-862
name=unknown_D
#
# <colnr> <probs for GDERKNQSTAVLIFYWHMCP>
#	G	D	E	R	K	N	Q	S	T	A	V	L	I	F	Y	W	H	M	C	P
0	0.00778	0.00612	0.00704	0.00772	0.00905	0.00537	0.00544	0.00922	0.01372	0.01721	0.06760	0.38879	0.39589	0.01808	0.00792	0.00238	0.00349	0.01578	0.00603	0.00537
1	0.01265	0.01091	0.01323	0.03929	0.08151	0.06901	0.03081	0.01751	0.13376	0.04077	0.04819	0.34257	0.03001	0.01410	0.00752	0.00238	0.00564	0.08745	0.00552	0.00718
2	0.02113	0.33074	0.02481	0.01413	0.01852	0.32871	0.01192	0.12215	0.01772	0.01917	0.01034	0.01176	0.00870	0.00649	0.00568	0.00162	0.03040	0.00416	0.00354	0.00831
3	0.01538	0.06762	0.14286	0.01398	0.05745	0.04045	0.01218	0.10257	0.08693	0.02333	0.05092	0.01734	0.01352	0.02969	0.00649	0.00171	0.00644	0.00525	0.00428	0.30161
4	0.01700	0.04688	0.09497	0.05955	0.16527	0.13901	0.12423	0.10140	0.06028	0.02190	0.01634	0.05651	0.03362	0.00772	0.00661	0.00201	0.00846	0.02539	0.00404	0.00881
5	0.02246	0.01669	0.01753	0.01397	0.01839	0.06068	0.01133	0.50336	0.05375	0.08278	0.01663	0.01790	0.01243	0.03511	0.08377	0.00294	0.00822	0.00605	0.00600	0.01000
6	0.01349	0.01163	0.01387	0.01068	0.04184	0.00886	0.00811	0.01640	0.01345	0.02106	0.01151	0.01349	0.00959	0.00482	0.00484	0.00099	0.00489	0.00390	0.00380	0.78276
7	0.04532	0.01903	0.17314	0.02060	0.10370	0.01561	0.19770	0.09528	0.16998	0.02453	0.03690	0.01963	0.03419	0.00714	0.00669	0.00209	0.00794	0.00670	0.00442	0.00940
8	0.00896	0.00608	0.00718	0.00760	0.00771	0.00597	0.00451	0.00928	0.01024	0.01366	0.02471	0.24941	0.02898	0.55831	0.02586	0.00523	0.00555	0.01195	0.00451	0.00430
9	0.00866	0.00669	0.00966	0.14508	0.01576	0.00690	0.00817	0.01036	0.01247	0.01650	0.03123	0.63206	0.03653	0.01774	0.00792	0.00254	0.00463	0.01607	0.00543	0.00560
10	0.01395	0.01504	0.03099	0.02282	0.02823	0.01418	0.53506	0.01919	0.03855	0.02094	0.06928	0.02709	0.06703	0.00779	0.00769	0.00223	0.00924	0.05851	0.00404	0.00814
11	0.01542	0.17874	0.22033	0.01843	0.11152	0.04428	0.08138	0.02087	0.07726	0.05665	0.01600	0.10189	0.01404	0.00787	0.00618	0.00197	0.00769	0.00675	0.00386	0.00885
12	0.01639	0.38913	0.10304	0.06261	0.03772	0.04855	0.01287	0.01987	0.03813	0.05968	0.05388	0.01671	0.01308	0.00710	0.00635	0.00176	0.05766	0.02278	0.00361	0.02908
13	0.12217	0.21119	0.18873	0.01580	0.07956	0.11089	0.01427	0.08065	0.01564	0.06727	0.01307	0.01431	0.02762	0.00652	0.00543	0.00181	0.00778	0.00471	0.00376	0.00881
14	0.01071	0.03661	0.08846	0.01372	0.11943	0.00881	0.00986	0.01348	0.01486	0.04131	0.15404	0.16658	0.27092	0.01323	0.00724	0.00215	0.00483	0.01146	0.00537	0.00693
15	0.01220	0.01148	0.01938	0.75739	0.04450	0.01436	0.01794	0.01651	0.01292	0.01651	0.01148	0.01723	0.00861	0.00646	0.00646	0.00215	0.00861	0.00574	0.00287	0.00718
16	0.02234	0.01678	0.01790	0.01418	0.01890	0.01870	0.01157	0.54479	0.17317	0.03726	0.01796	0.01761	0.01301	0.00796	0.00641	0.00198	0.00654	0.00613	0.03616	0.01065
17	0.01381	0.01181	0.01385	0.01004	0.01554	0.00943	0.00806	0.03995	0.01384	0.02151	0.01151	0.01350	0.00958	0.00514	0.00548	0.00106	0.03402	0.00397	0.00388	0.75403
18	0.01753	0.03893	0.06226	0.06952	0.17790	0.04141	0.08141	0.16088	0.04608	0.06979	0.01648	0.04942	0.03187	0.00729	0.00637	0.00189	0.00730	0.00641	0.00452	0.10273
19	0.27946	0.14066	0.03675	0.01115	0.01507	0.03331	0.00942	0.10900	0.14636	0.02505	0.01441	0.01744	0.01205	0.09280	0.00866	0.00242	0.02817	0.00527	0.00449	0.00806
20	0.05460	0.00715	0.00924	0.00952	0.01109	0.00666	0.00681	0.01443	0.01364	0.17456	0.03202	0.56619	0.03504	0.01683	0.00764	0.00246	0.00420	0.01500	0.00633	0.00659
21	0.01713	0.01416	0.01734	0.04475	0.13290	0.01602	0.01240	0.07571	0.44657	0.06774	0.02153	0.02119	0.01624	0.00825	0.00750	0.00216	0.05594	0.00674	0.00573	0.01000
22	0.01727	0.77681	0.03386	0.01106	0.01658	0.02557	0.01106	0.01935	0.01313	0.01520	0.00898	0.01036	0.00829	0.00553	0.00415	0.00138	0.00691	0.00345	0.00276	0.00829
23	0.00934	0.00650	0.00826	0.00826	0.00867	0.00692	0.00542	0.01017	0.00975	0.01342	0.01925	0.03616	0.02083	0.51057	0.29161	0.00776	0.01026	0.00850	0.00375	0.00459
24	0.01577	0.10061	0.16883	0.05070	0.33799	0.03806	0.13600	0.03923	0.01491	0.02053	0.01187	0.01507	0.00947	0.00586	0.00630	0.00193	0.00864	0.00559	0.00316	0.00948
25	0.01649	0.01139	0.01371	0.00995	0.01555	0.00879	0.00802	0.01929	0.01441	0.16295	0.01426	0.01510	0.01084	0.00542	0.00512	0.00116	0.00493	0.00436	0.00465	0.65361
26	0.02783	0.01286	0.01615	0.01238	0.01742	0.01226	0.01023	0.20955	0.02161	0.55463	0.02288	0.02029	0.01468	0.00793	0.00649	0.00198	0.00592	0.00632	0.00760	0.01099
27	0.01039	0.00706	0.00951	0.01079	0.01217	0.00702	0.00915	0.01319	0.01444	0.01972	0.03251	0.13458	0.03485	0.01664	0.00824	0.00274	0.00532	0.52763	0.11814	0.00589
28	0.00820	0.00578	0.00750	0.00867	0.00900	0.00552	0.00567	0.00915	0.01175	0.01570	0.03220	0.60986	0.03832	0.16237	0.03524	0.00354	0.00463	0.01634	0.00553	0.00501
29	0.00764	0.00655	0.00655	0.00655	0.00873	0.00545	0.00491	0.00927	0.01473	0.01745	0.06546	0.06218	0.73000	0.01636	0.00764	0.00218	0.00327	0.01364	0.00600	0.00545
30	0.00925	0.00686	0.01005	0.01005	0.01109	0.00790	0.00766	0.01132	0.01029	0.01475	0.01761	0.02708	0.01689	0.12100	0.67578	0.00997	0.01620	0.00717	0.00351	0.00558
31	0.01607	0.01388	0.01461	0.01315	0.01680	0.01607	0.01023	0.03433	0.72094	0.02703	0.02630	0.02411	0.01972	0.00877	0.00657	0.00219	0.00511	0.00731	0.00657	0.01023
32	0.02456	0.01810	0.01939	0.01487	0.02004	0.02004	0.01228	0.71107	0.03038	0.04072	0.01551	0.01551	0.01099	0.00776	0.00646	0.00194	0.00711	0.00582	0.00646	0.01099
33	0.81856	0.01250	0.00950	0.00850	0.01250	0.01449	0.00700	0.01899	0.01100	0.02899	0.00900	0.01050	0.00700	0.00600	0.00400	0.00200	0.00500	0.00350	0.00400	0.00700
34	0.01607	0.01388	0.01461	0.01315	0.01680	0.01607	0.01023	0.03433	0.72094	0.02703	0.02630	0.02411	0.01972	0.00877	0.00657	0.00219	0.00511	0.00731	0.00657	0.01023
35	0.01607	0.01388	0.01461	0.01315	0.01680	0.01607	0.01023	0.03433	0.72094	0.02703	0.02630	0.02411	0.01972	0.00877	0.00657	0.00219	0.00511	0.00731	0.00657	0.01023
36	0.81856	0.01250	0.00950	0.00850	0.01250	0.01449	0.00700	0.01899	0.01100	0.02899	0.00900	0.01050	0.00700	0.00600	0.00400	0.00200	0.00500	0.00350	0.00400	0.00700
37	0.00787	0.00562	0.00750	0.00900	0.00937	0.00525	0.00600	0.00900	0.01237	0.01649	0.03561	0.76871	0.04274	0.02024	0.00825	0.00262	0.00375	0.01837	0.00600	0.00525
38	0.01340	0.01148	0.01340	0.00957	0.01531	0.00861	0.00766	0.01627	0.01340	0.02105	0.01148	0.01340	0.00957	0.00479	0.00479	0.00096	0.00479	0.00383	0.00383	0.81242
39	0.01599	0.01535	0.02623	0.03966	0.73262	0.01535	0.01983	0.01983	0.01471	0.02111	0.01215	0.01599	0.01023	0.00576	0.00640	0.00192	0.00768	0.00576	0.00320	0.01023
