[name]
unknown

[dist]
# distance from previous block
# <min> <max>
0	20

[block]
# block no. 0 follows, 33 sequences, length 21
# corresponding to MSA columns:
# 20-40
name=unknown_A
#
# <colnr> <probs for GDERKNQSTAVLIFYWHMCP>
#	G	D	E	R	K	N	Q	S	T	A	V	L	I	F	Y	W	H	M	C	P
0	0.30321	0.01313	0.01375	0.01271	0.04448	0.01436	0.00992	0.19534	0.06344	0.08412	0.01877	0.06475	0.01646	0.00951	0.00617	0.00221	0.00588	0.10764	0.00558	0.00857
1	0.01699	0.01388	0.01518	0.05231	0.01820	0.01561	0.01058	0.18906	0.40798	0.02937	0.07614	0.02711	0.07944	0.00953	0.00683	0.00216	0.00558	0.00786	0.00646	0.00973
2	0.02218	0.01131	0.01450	0.01110	0.01610	0.00971	0.00904	0.05440	0.01688	0.39859	0.01999	0.01950	0.01390	0.01081	0.07327	0.00246	0.00653	0.00572	0.00624	0.27777
3	0.02413	0.04764	0.01497	0.01114	0.01559	0.01058	0.00915	0.05525	0.05800	0.49727	0.09436	0.02798	0.08542	0.00935	0.00672	0.00204	0.00527	0.00766	0.00747	0.01004
4	0.02259	0.13565	0.06754	0.01205	0.01682	0.03886	0.01064	0.04440	0.06317	0.38080	0.02226	0.08784	0.01685	0.00874	0.00627	0.00198	0.00609	0.00704	0.04071	0.00972
5	0.01320	0.03405	0.73453	0.01876	0.02849	0.01529	0.02432	0.02085	0.01390	0.02085	0.01181	0.01390	0.00834	0.00625	0.00625	0.00208	0.00973	0.00486	0.00278	0.00973
6	0.01554	0.01776	0.03885	0.02775	0.03441	0.01665	0.70366	0.02109	0.01554	0.02109	0.01332	0.01776	0.00999	0.00555	0.00777	0.00222	0.01110	0.00777	0.00333	0.00888
7	0.01325	0.01254	0.02123	0.60147	0.19027	0.01484	0.01869	0.01754	0.01355	0.01782	0.01185	0.01728	0.00913	0.00643	0.00657	0.00214	0.00857	0.00585	0.00300	0.00797
8	0.01679	0.01669	0.02591	0.06052	0.65396	0.06973	0.01959	0.02055	0.01521	0.02096	0.01220	0.01600	0.01023	0.00596	0.00648	0.00194	0.00815	0.00574	0.00326	0.01012
9	0.00953	0.00798	0.01271	0.01276	0.04641	0.00744	0.09889	0.01167	0.01402	0.01880	0.11554	0.48452	0.10020	0.01675	0.00810	0.00247	0.00484	0.01544	0.00574	0.00617
10	0.00802	0.00633	0.00723	0.00774	0.00922	0.00554	0.00553	0.00963	0.01447	0.01826	0.11893	0.31925	0.41093	0.01781	0.00801	0.00237	0.00349	0.01547	0.00622	0.00554
11	0.01498	0.13180	0.50034	0.06105	0.05762	0.01721	0.02092	0.08342	0.01540	0.02181	0.01183	0.01393	0.00873	0.00632	0.00604	0.00198	0.00899	0.00488	0.00316	0.00958
12	0.01494	0.01680	0.03635	0.02626	0.03242	0.01575	0.64797	0.02014	0.01530	0.02075	0.01515	0.07737	0.01267	0.00675	0.00782	0.00226	0.01052	0.00864	0.00355	0.00860
13	0.00802	0.00573	0.00764	0.00917	0.00955	0.00535	0.00611	0.00917	0.01260	0.01681	0.03628	0.76434	0.04354	0.02062	0.00840	0.00267	0.00382	0.01872	0.00611	0.00535
14	0.01004	0.00722	0.00991	0.01126	0.01264	0.00709	0.00948	0.01273	0.01494	0.01951	0.06976	0.17570	0.06946	0.01826	0.00887	0.00290	0.00547	0.52270	0.00613	0.00594
15	0.70962	0.01413	0.04030	0.00967	0.01408	0.01531	0.00833	0.08254	0.01313	0.03028	0.00989	0.01130	0.00755	0.00628	0.00439	0.00203	0.00548	0.00384	0.00425	0.00761
16	0.06271	0.01476	0.02333	0.25157	0.34717	0.01597	0.05428	0.11029	0.01636	0.02318	0.01249	0.01636	0.00981	0.00635	0.00647	0.00205	0.00805	0.00584	0.00365	0.00931
17	0.08562	0.34624	0.26377	0.01394	0.02043	0.01963	0.01531	0.02097	0.01368	0.08443	0.01156	0.01300	0.00903	0.00646	0.00612	0.00183	0.05124	0.00439	0.00341	0.00894
18	0.07892	0.01561	0.05739	0.01277	0.01744	0.01536	0.01079	0.35143	0.06897	0.09643	0.02074	0.02232	0.06632	0.07466	0.00872	0.00235	0.00642	0.00664	0.00590	0.06082
19	0.04795	0.01653	0.01631	0.04441	0.01829	0.19270	0.06235	0.09389	0.09662	0.02196	0.06254	0.15283	0.05834	0.01095	0.00793	0.00219	0.05665	0.02482	0.00499	0.00774
20	0.01691	0.01418	0.01829	0.17138	0.10460	0.03465	0.01350	0.23230	0.04307	0.02479	0.01469	0.01990	0.01232	0.08522	0.08303	0.00339	0.08847	0.00636	0.00441	0.00853

[dist]
# distance from previous block
# <min> <max>
0	32

[block]
# block no. 1 follows, 33 sequences, length 47
# corresponding to MSA columns:
# 73-119
name=unknown_B
#
# <colnr> <probs for GDERKNQSTAVLIFYWHMCP>
#	G	D	E	R	K	N	Q	S	T	A	V	L	I	F	Y	W	H	M	C	P
0	0.00999	0.00932	0.04852	0.01118	0.01232	0.02554	0.00887	0.01179	0.01285	0.01719	0.03108	0.43794	0.06255	0.05291	0.01120	0.00286	0.10243	0.12017	0.00534	0.00593
1	0.56614	0.01503	0.05983	0.03434	0.09460	0.01551	0.01059	0.09442	0.01401	0.02904	0.01049	0.01227	0.00806	0.00630	0.00483	0.00203	0.00603	0.00423	0.00414	0.00811
2	0.00828	0.00598	0.00788	0.00926	0.00989	0.00559	0.00645	0.00968	0.01315	0.01741	0.05830	0.64002	0.08365	0.01996	0.00841	0.00266	0.00397	0.07787	0.00614	0.00545
3	0.01490	0.05546	0.06000	0.05666	0.01973	0.03834	0.06054	0.09206	0.07900	0.02024	0.01401	0.01836	0.01193	0.01858	0.18858	0.00434	0.22930	0.00617	0.00383	0.00796
4	0.01894	0.63542	0.03174	0.01207	0.01754	0.06333	0.01150	0.10904	0.01594	0.01889	0.01007	0.01131	0.00881	0.00599	0.00462	0.00150	0.00732	0.00387	0.00334	0.00876
5	0.01600	0.01172	0.01393	0.01016	0.01583	0.00918	0.00816	0.01946	0.04035	0.12246	0.01428	0.01530	0.01106	0.00549	0.00519	0.00117	0.00499	0.00442	0.00461	0.66623
6	0.01530	0.01383	0.02197	0.43017	0.25944	0.01570	0.01815	0.10725	0.01605	0.02151	0.01245	0.01692	0.00962	0.00653	0.00656	0.00209	0.00827	0.00587	0.00351	0.00881
7	0.00925	0.00753	0.00830	0.00821	0.01024	0.00707	0.00610	0.01334	0.10634	0.02070	0.19368	0.14810	0.40605	0.01553	0.00772	0.00225	0.00359	0.01328	0.00642	0.00630
8	0.01227	0.00614	0.00614	0.00614	0.00767	0.00614	0.00460	0.01534	0.01381	0.02454	0.02148	0.02454	0.01687	0.00767	0.00460	0.00153	0.00307	0.00614	0.80518	0.00614
9	0.01629	0.01564	0.02672	0.04041	0.72757	0.01564	0.02020	0.02020	0.01499	0.02151	0.01238	0.01629	0.01043	0.00587	0.00652	0.00196	0.00782	0.00587	0.00326	0.01043
10	0.02500	0.01639	0.01819	0.01398	0.01909	0.01749	0.01152	0.53128	0.02748	0.16883	0.01780	0.01731	0.01233	0.00784	0.00646	0.00194	0.00670	0.00600	0.03845	0.03591
11	0.00944	0.00691	0.00984	0.00984	0.01077	0.00783	0.00731	0.01128	0.01036	0.01474	0.01831	0.02959	0.01807	0.20494	0.58919	0.00967	0.01520	0.00760	0.00363	0.00547
12	0.00815	0.00596	0.00767	0.00877	0.00951	0.00548	0.00600	0.00960	0.01363	0.01811	0.12509	0.59573	0.12349	0.01929	0.00825	0.00255	0.00368	0.01732	0.00625	0.00548
13	0.00921	0.00673	0.00865	0.00817	0.00977	0.00617	0.00613	0.01222	0.01838	0.02580	0.67869	0.05016	0.10790	0.01368	0.00777	0.00208	0.00312	0.01204	0.00717	0.00617
14	0.81514	0.01273	0.00968	0.00866	0.01273	0.01477	0.00713	0.01935	0.01120	0.02954	0.00917	0.01069	0.00713	0.00611	0.00407	0.00204	0.00509	0.00356	0.00407	0.00713
15	0.01445	0.09770	0.48284	0.01721	0.02443	0.03827	0.02005	0.05190	0.01412	0.02023	0.01161	0.01434	0.00897	0.00932	0.04813	0.00257	0.10675	0.00501	0.00303	0.00908
16	0.01227	0.00614	0.00614	0.00614	0.00767	0.00614	0.00460	0.01534	0.01381	0.02454	0.02148	0.02454	0.01687	0.00767	0.00460	0.00153	0.00307	0.00614	0.80518	0.00614
17	0.01315	0.01126	0.01375	0.01014	0.01547	0.00866	0.02708	0.01606	0.01391	0.02144	0.05139	0.05843	0.01449	0.00625	0.00531	0.00117	0.00489	0.00528	0.00419	0.69765
18	0.00961	0.00725	0.01057	0.01047	0.01148	0.00847	0.00801	0.01168	0.01046	0.01504	0.01763	0.02726	0.01696	0.12411	0.64084	0.00985	0.04377	0.00727	0.00355	0.00573
19	0.01657	0.59949	0.19858	0.01302	0.01961	0.02353	0.01433	0.01998	0.01350	0.01674	0.00978	0.01134	0.00842	0.00578	0.00470	0.00157	0.00767	0.00384	0.00281	0.00875
20	0.00802	0.00573	0.00764	0.00917	0.00955	0.00535	0.00611	0.00917	0.01260	0.01681	0.03628	0.76434	0.04354	0.02062	0.00840	0.00267	0.00382	0.01872	0.00611	0.00535
21	0.00957	0.00638	0.00718	0.00718	0.00718	0.00638	0.00399	0.00957	0.00957	0.01276	0.02074	0.04308	0.02393	0.76864	0.03351	0.00638	0.00638	0.00957	0.00399	0.00399
22	0.01507	0.01660	0.03478	0.02800	0.12860	0.01567	0.55651	0.02008	0.01534	0.02086	0.01616	0.04475	0.04061	0.00656	0.00762	0.00220	0.01008	0.00813	0.00353	0.00884
23	0.69867	0.01564	0.06044	0.01000	0.01441	0.07100	0.00875	0.01999	0.01197	0.02790	0.00943	0.01101	0.00732	0.00617	0.00437	0.00201	0.00594	0.00371	0.00393	0.00735
24	0.01678	0.01434	0.01511	0.01348	0.01727	0.01656	0.01052	0.06645	0.68355	0.02819	0.02628	0.02415	0.01968	0.00888	0.00669	0.00222	0.00531	0.00737	0.00669	0.01046
25	0.01629	0.01564	0.02672	0.04041	0.72757	0.01564	0.02020	0.02020	0.01499	0.02151	0.01238	0.01629	0.01043	0.00587	0.00652	0.00196	0.00782	0.00587	0.00326	0.01043
26	0.01532	0.01732	0.03559	0.02577	0.03186	0.04259	0.62069	0.02047	0.01573	0.02106	0.05160	0.04104	0.01368	0.00646	0.00772	0.00221	0.01049	0.00818	0.00362	0.00859
27	0.02296	0.01885	0.01873	0.01468	0.01961	0.10315	0.01193	0.49933	0.04303	0.03479	0.01466	0.01523	0.01082	0.00752	0.00676	0.00185	0.03073	0.00550	0.00575	0.11412
28	0.00909	0.00652	0.00848	0.00964	0.01051	0.00626	0.00720	0.01075	0.01322	0.01726	0.03614	0.36641	0.09775	0.13013	0.01229	0.00330	0.00491	0.23894	0.00578	0.00540
29	0.81514	0.01273	0.00968	0.00866	0.01273	0.01477	0.00713	0.01935	0.01120	0.02954	0.00917	0.01069	0.00713	0.00611	0.00407	0.00204	0.00509	0.00356	0.00407	0.00713
30	0.01521	0.01497	0.02378	0.26706	0.34804	0.04563	0.05980	0.01989	0.05144	0.01967	0.01263	0.01692	0.01017	0.00667	0.00764	0.00212	0.06008	0.00599	0.00332	0.00898
31	0.01227	0.00614	0.00614	0.00614	0.00767	0.00614	0.00460	0.01534	0.01381	0.02454	0.02148	0.02454	0.01687	0.00767	0.00460	0.00153	0.00307	0.00614	0.80518	0.00614
32	0.01382	0.01185	0.01373	0.00997	0.01569	0.00924	0.00796	0.01769	0.05623	0.02182	0.01262	0.01431	0.01038	0.00512	0.00499	0.00105	0.00490	0.00412	0.00407	0.76046
33	0.01524	0.01668	0.03469	0.12356	0.13191	0.01625	0.52001	0.02041	0.01515	0.02059	0.01298	0.01753	0.00989	0.00573	0.00744	0.00218	0.01034	0.00726	0.00327	0.00889
34	0.00835	0.00686	0.00741	0.00763	0.00960	0.00605	0.00574	0.01065	0.03754	0.01849	0.08904	0.14831	0.54277	0.01686	0.00791	0.00233	0.00363	0.05890	0.00618	0.00575
35	0.01440	0.01440	0.02016	0.01728	0.01728	0.02016	0.01440	0.01584	0.01008	0.01584	0.00864	0.01440	0.00864	0.01152	0.02160	0.00288	0.75659	0.00576	0.00288	0.00720
36	0.01274	0.00926	0.01101	0.01077	0.01254	0.00952	0.00787	0.20021	0.01790	0.02400	0.06154	0.52708	0.03551	0.01682	0.00788	0.00246	0.00473	0.01490	0.00629	0.00699
37	0.02318	0.01135	0.01491	0.01213	0.01633	0.01078	0.03037	0.06601	0.12282	0.44102	0.07448	0.10388	0.02248	0.00988	0.00694	0.00214	0.00544	0.00841	0.00742	0.01004
38	0.01787	0.01684	0.02539	0.03589	0.59829	0.05483	0.01881	0.10944	0.01726	0.02381	0.01271	0.01600	0.01042	0.00618	0.00650	0.00194	0.00796	0.00579	0.00370	0.01038
39	0.01191	0.01069	0.01516	0.01372	0.01424	0.01408	0.01105	0.01366	0.01027	0.01541	0.01333	0.02120	0.01301	0.07507	0.33799	0.00647	0.38651	0.00656	0.00323	0.00642
40	0.01616	0.01551	0.02648	0.06457	0.70443	0.01561	0.02014	0.02009	0.01493	0.02135	0.01236	0.01634	0.01037	0.00589	0.00652	0.00196	0.00785	0.00587	0.00325	0.01032
41	0.00849	0.00634	0.00800	0.00915	0.01021	0.00585	0.00675	0.01014	0.01371	0.01763	0.04351	0.45133	0.21089	0.01915	0.00839	0.00263	0.00415	0.15202	0.00610	0.00554
42	0.01496	0.01864	0.10774	0.06559	0.08260	0.01601	0.52855	0.02043	0.01519	0.02077	0.01457	0.01858	0.03069	0.00602	0.00746	0.00219	0.01038	0.00741	0.00333	0.00890
43	0.00941	0.00703	0.01045	0.01045	0.01157	0.00816	0.00806	0.01167	0.01054	0.01518	0.01776	0.02655	0.01675	0.07789	0.71444	0.01041	0.01719	0.00715	0.00355	0.00580
44	0.01380	0.07292	0.59248	0.01967	0.02872	0.01609	0.12410	0.02082	0.01411	0.02058	0.01189	0.01428	0.00859	0.00612	0.00637	0.00207	0.00978	0.00522	0.00286	0.00953
45	0.01514	0.03019	0.02209	0.47165	0.17922	0.05373	0.04848	0.03666	0.01463	0.04797	0.01247	0.01701	0.00951	0.00648	0.00654	0.00209	0.00864	0.00584	0.00334	0.00832
46	0.05063	0.20045	0.34029	0.01487	0.02118	0.09110	0.01640	0.01928	0.01404	0.01894	0.01503	0.10908	0.01410	0.00851	0.00605	0.00200	0.00821	0.03799	0.00348	0.00838

[dist]
# distance from previous block
# <min> <max>
0	4

[block]
# block no. 2 follows, 33 sequences, length 38
# corresponding to MSA columns:
# 124-161
name=unknown_C
#
# <colnr> <probs for GDERKNQSTAVLIFYWHMCP>
#	G	D	E	R	K	N	Q	S	T	A	V	L	I	F	Y	W	H	M	C	P
0	0.78913	0.03751	0.01049	0.00874	0.01287	0.01514	0.00726	0.01936	0.01127	0.02908	0.00917	0.01069	0.00717	0.00610	0.00408	0.00202	0.00516	0.00356	0.00403	0.00717
1	0.02880	0.01273	0.03489	0.06577	0.35001	0.01263	0.01444	0.01748	0.03036	0.04622	0.10294	0.04542	0.14050	0.00951	0.00790	0.00212	0.05704	0.00821	0.00448	0.00855
2	0.05401	0.08164	0.08197	0.08353	0.20378	0.03471	0.04002	0.05970	0.15426	0.04208	0.01575	0.01807	0.01242	0.01090	0.07649	0.00283	0.00842	0.00595	0.00422	0.00928
3	0.00965	0.00688	0.00908	0.00881	0.00936	0.00719	0.02482	0.01053	0.01012	0.01385	0.02005	0.05742	0.02188	0.51407	0.24147	0.00740	0.00977	0.00903	0.00389	0.00472
4	0.01325	0.03079	0.03650	0.01001	0.01468	0.00900	0.00819	0.01668	0.03878	0.04991	0.12189	0.09529	0.02154	0.00808	0.00582	0.00144	0.00476	0.00684	0.00482	0.50173
5	0.01522	0.19986	0.52248	0.01676	0.02515	0.04860	0.02040	0.02119	0.01415	0.04266	0.01161	0.01334	0.00863	0.00620	0.00579	0.00191	0.00908	0.00459	0.00299	0.00940
6	0.00950	0.00639	0.00716	0.00716	0.00725	0.00635	0.00403	0.00957	0.00979	0.01296	0.02256	0.04388	0.05170	0.73885	0.03249	0.00622	0.00626	0.00974	0.00407	0.00405
7	0.01388	0.14820	0.62634	0.01760	0.02670	0.01695	0.02230	0.02067	0.01382	0.02002	0.01140	0.01338	0.00836	0.00616	0.00594	0.00198	0.00931	0.00466	0.00279	0.00953
8	0.01276	0.01200	0.02033	0.50533	0.12540	0.01390	0.06172	0.01731	0.03849	0.01807	0.01521	0.10212	0.01340	0.00810	0.00686	0.00222	0.00812	0.00749	0.00349	0.00770
9	0.01320	0.03405	0.73453	0.01876	0.02849	0.01529	0.02432	0.02085	0.01390	0.02085	0.01181	0.01390	0.00834	0.00625	0.00625	0.00208	0.00973	0.00486	0.00278	0.00973
10	0.01011	0.00808	0.01192	0.01152	0.01253	0.00990	0.00909	0.01233	0.01051	0.01536	0.01637	0.02426	0.01536	0.04406	0.64143	0.00950	0.12128	0.00687	0.00344	0.00606
11	0.00962	0.00709	0.00989	0.03018	0.01141	0.00796	0.00735	0.01138	0.01086	0.01539	0.03734	0.09526	0.02134	0.21274	0.43186	0.00799	0.03409	0.00871	0.02407	0.00548
12	0.02095	0.01207	0.01621	0.01334	0.01738	0.01191	0.06346	0.14681	0.08473	0.29386	0.06598	0.09812	0.02306	0.01066	0.00724	0.00224	0.00603	0.08959	0.00687	0.00949
13	0.00833	0.00669	0.00746	0.00738	0.00933	0.00581	0.00556	0.01046	0.01605	0.02044	0.26590	0.07954	0.48400	0.01585	0.00783	0.00221	0.00335	0.03161	0.00646	0.00577
14	0.00802	0.00573	0.00764	0.00917	0.00955	0.00535	0.00611	0.00917	0.01260	0.01681	0.03628	0.76434	0.04354	0.02062	0.00840	0.00267	0.00382	0.01872	0.00611	0.00535
15	0.02205	0.01677	0.01866	0.01730	0.09868	0.10159	0.02793	0.31270	0.02238	0.14407	0.01858	0.10759	0.01543	0.00921	0.00730	0.00207	0.03468	0.00743	0.00582	0.00978
16	0.01627	0.01515	0.02492	0.16707	0.54975	0.01583	0.01926	0.07256	0.01589	0.02221	0.01252	0.01648	0.01019	0.00615	0.00653	0.00200	0.00795	0.00587	0.00346	0.00992
17	0.00925	0.00636	0.00716	0.00728	0.00756	0.00621	0.00427	0.00953	0.01042	0.01364	0.02714	0.10111	0.10473	0.62578	0.02866	0.00563	0.00584	0.01077	0.00439	0.00427
18	0.00869	0.00665	0.00797	0.00776	0.00948	0.00592	0.00577	0.01116	0.01697	0.02273	0.44693	0.09817	0.29781	0.01505	0.00781	0.00216	0.00323	0.01303	0.00677	0.00592
19	0.02182	0.02525	0.01985	0.04835	0.09261	0.46325	0.01392	0.09063	0.01802	0.01915	0.01079	0.01330	0.00898	0.00748	0.00837	0.00194	0.11962	0.00486	0.00360	0.00819
20	0.01624	0.54395	0.25122	0.01359	0.02049	0.02272	0.01531	0.02006	0.01354	0.01715	0.00998	0.01159	0.00841	0.00582	0.00485	0.00162	0.00787	0.00394	0.00280	0.00884
21	0.01227	0.00614	0.00614	0.00614	0.00767	0.00614	0.00460	0.01534	0.01381	0.02454	0.02148	0.02454	0.01687	0.00767	0.00460	0.00153	0.00307	0.00614	0.80518	0.00614
22	0.02354	0.14263	0.02103	0.01611	0.01983	0.63472	0.01250	0.02530	0.01786	0.01602	0.01002	0.01168	0.00848	0.00661	0.00568	0.00165	0.01115	0.00413	0.00331	0.00775
23	0.50467	0.08548	0.01353	0.01006	0.01408	0.06794	0.00832	0.07256	0.01457	0.05075	0.09116	0.01590	0.01418	0.00715	0.00492	0.00195	0.00573	0.00484	0.00459	0.00763
24	0.01597	0.01838	0.03617	0.02625	0.03244	0.07232	0.62545	0.02107	0.01567	0.02055	0.01389	0.04387	0.01107	0.00618	0.00765	0.00220	0.01090	0.00789	0.00343	0.00866
25	0.00831	0.00699	0.00724	0.00712	0.00934	0.00609	0.00536	0.01085	0.04532	0.01909	0.13261	0.06024	0.62660	0.01601	0.00773	0.00221	0.00339	0.01341	0.00625	0.00583
26	0.04345	0.02040	0.20790	0.04854	0.04142	0.05704	0.09396	0.11091	0.06113	0.22362	0.01723	0.01763	0.01189	0.00711	0.00654	0.00206	0.00804	0.00598	0.00516	0.00999
27	0.00994	0.00759	0.00912	0.00902	0.01090	0.00725	0.00697	0.03747	0.05779	0.02283	0.31852	0.12094	0.23144	0.01521	0.00791	0.00231	0.00392	0.10790	0.00661	0.00636
28	0.02954	0.01120	0.01528	0.01171	0.01681	0.00968	0.00968	0.03208	0.01884	0.73213	0.02597	0.02241	0.01630	0.00815	0.00662	0.00204	0.00560	0.00662	0.00815	0.01120
29	0.00873	0.00674	0.00902	0.00999	0.01040	0.00703	0.00701	0.00993	0.01241	0.01673	0.03428	0.65359	0.06480	0.01945	0.00987	0.00268	0.08894	0.01707	0.00575	0.00556
30	0.01585	0.01552	0.02748	0.10505	0.58378	0.01566	0.09938	0.01999	0.01488	0.02102	0.01243	0.01658	0.01022	0.00590	0.00667	0.00201	0.00829	0.00609	0.00324	0.00996
31	0.02012	0.02192	0.02267	0.05952	0.36103	0.30302	0.01653	0.07868	0.01767	0.02081	0.01176	0.01456	0.00965	0.00643	0.00630	0.00186	0.00941	0.00523	0.00357	0.00925
32	0.00802	0.00573	0.00764	0.00917	0.00955	0.00535	0.00611	0.00917	0.01260	0.01681	0.03628	0.76434	0.04354	0.02062	0.00840	0.00267	0.00382	0.01872	0.00611	0.00535
33	0.01394	0.02923	0.53613	0.02249	0.09476	0.01558	0.15327	0.02083	0.01431	0.02096	0.01215	0.01486	0.00885	0.00608	0.00657	0.00210	0.00981	0.00551	0.00293	0.00963
34	0.01402	0.01384	0.01942	0.01677	0.01686	0.01924	0.01393	0.01553	0.01012	0.01580	0.00934	0.01529	0.00925	0.01445	0.07732	0.00348	0.69948	0.00586	0.00293	0.00710
35	0.01615	0.01421	0.01582	0.01461	0.03751	0.01678	0.01115	0.03239	0.61578	0.02604	0.02433	0.02318	0.01852	0.00914	0.00838	0.00230	0.09027	0.00721	0.00617	0.01006
36	0.01835	0.01545	0.09651	0.01223	0.01791	0.01232	0.01090	0.18788	0.01869	0.12702	0.04042	0.01776	0.01324	0.03373	0.00682	0.00173	0.00610	0.00538	0.00516	0.35242
37	0.01425	0.06087	0.65359	0.01835	0.02744	0.07186	0.02295	0.02123	0.01425	0.02029	0.01159	0.01362	0.00835	0.00627	0.00616	0.00203	0.00980	0.00477	0.00283	0.00952

[dist]
# distance from previous block
# <min> <max>
0	2

[block]
# block no. 3 follows, 33 sequences, length 118
# corresponding to MSA columns:
# 164-281
name=unknown_D
#
# <colnr> <probs for GDERKNQSTAVLIFYWHMCP>
#	G	D	E	R	K	N	Q	S	T	A	V	L	I	F	Y	W	H	M	C	P
0	0.01320	0.01258	0.02103	0.50602	0.14767	0.01515	0.03792	0.01714	0.01307	0.01751	0.01180	0.01741	0.00941	0.00895	0.04223	0.00262	0.08957	0.00596	0.00301	0.00777
1	0.03426	0.02253	0.36598	0.01662	0.04972	0.01352	0.01759	0.06025	0.01577	0.15365	0.01885	0.02495	0.03041	0.00880	0.00750	0.00224	0.04598	0.09749	0.00456	0.00933
2	0.01496	0.01417	0.02377	0.22631	0.49734	0.01500	0.01884	0.01934	0.03637	0.02028	0.01359	0.04602	0.01158	0.00673	0.00661	0.00205	0.00784	0.00641	0.00339	0.00941
3	0.00785	0.00657	0.00684	0.00699	0.00899	0.00555	0.00516	0.00951	0.01486	0.01794	0.08348	0.13836	0.63136	0.01700	0.00785	0.00227	0.00338	0.01435	0.00615	0.00555
4	0.01660	0.01644	0.02820	0.08585	0.19583	0.06904	0.30665	0.02168	0.05121	0.06105	0.01578	0.02187	0.01288	0.00708	0.00722	0.00217	0.00919	0.05829	0.00394	0.00902
5	0.01821	0.01967	0.15879	0.10340	0.07077	0.07585	0.23273	0.04569	0.01623	0.14913	0.01552	0.03737	0.01153	0.00688	0.00689	0.00210	0.00913	0.00662	0.00424	0.00925
6	0.01141	0.00720	0.00937	0.00878	0.01070	0.00656	0.00672	0.01423	0.01786	0.10220	0.52306	0.08920	0.10566	0.01377	0.00774	0.00216	0.00359	0.04600	0.00713	0.00665
7	0.01592	0.01314	0.01412	0.01289	0.01629	0.01496	0.00993	0.03211	0.61642	0.05025	0.02779	0.10410	0.02249	0.01016	0.00688	0.00227	0.00507	0.00863	0.00668	0.00990
8	0.13405	0.02039	0.20176	0.02096	0.15106	0.03452	0.10944	0.11924	0.03562	0.07009	0.01381	0.01571	0.01022	0.00654	0.00622	0.00203	0.00804	0.00560	0.02515	0.00953
9	0.01436	0.03117	0.62611	0.01924	0.02840	0.01510	0.08949	0.02151	0.01434	0.06124	0.01276	0.01476	0.00895	0.00629	0.00642	0.00210	0.00963	0.00525	0.00314	0.00973
10	0.00808	0.00583	0.00766	0.00901	0.00954	0.00541	0.00607	0.00936	0.01305	0.01739	0.07666	0.69308	0.07441	0.02005	0.00834	0.00262	0.00376	0.01812	0.00618	0.00541
11	0.01800	0.51709	0.12982	0.01330	0.01907	0.13421	0.01329	0.02164	0.04883	0.01693	0.01055	0.01192	0.00901	0.00606	0.00490	0.00159	0.00807	0.00401	0.00309	0.00860
12	0.01153	0.06146	0.09092	0.01203	0.01534	0.03842	0.08370	0.01535	0.03524	0.02248	0.36359	0.07649	0.09950	0.03527	0.00812	0.00222	0.00548	0.01021	0.00564	0.00701
13	0.01017	0.00696	0.00870	0.00910	0.01043	0.00652	0.00648	0.04718	0.01516	0.05616	0.14525	0.47390	0.14378	0.01764	0.00803	0.00245	0.00391	0.01567	0.00642	0.00611
14	0.01713	0.69313	0.10983	0.01207	0.01814	0.02489	0.01267	0.01983	0.01343	0.01607	0.00944	0.01092	0.00844	0.00570	0.00444	0.00148	0.00733	0.00366	0.00281	0.00859
15	0.02208	0.01649	0.01791	0.01532	0.04980	0.03918	0.01183	0.37638	0.23584	0.09802	0.03490	0.01967	0.01533	0.00823	0.00663	0.00205	0.00655	0.00652	0.00654	0.01072
16	0.01503	0.01528	0.02615	0.31213	0.28853	0.04903	0.15973	0.01936	0.01457	0.01936	0.01221	0.01688	0.00961	0.00612	0.00677	0.00209	0.00905	0.00618	0.00315	0.00878
17	0.00845	0.00666	0.00688	0.00694	0.00903	0.00574	0.00528	0.01039	0.01499	0.01887	0.08026	0.05930	0.59349	0.01568	0.00750	0.00219	0.00344	0.04710	0.09213	0.00567
18	0.61569	0.01292	0.01145	0.00971	0.01405	0.01434	0.00800	0.07636	0.01411	0.15244	0.01261	0.01314	0.00905	0.00661	0.00472	0.00203	0.00535	0.00428	0.00498	0.00816
19	0.00802	0.00573	0.00764	0.00917	0.00955	0.00535	0.00611	0.00917	0.01260	0.01681	0.03628	0.76434	0.04354	0.02062	0.00840	0.00267	0.00382	0.01872	0.00611	0.00535
20	0.01061	0.00758	0.01061	0.01212	0.01364	0.00758	0.01061	0.01364	0.01515	0.01970	0.03486	0.07426	0.03789	0.01819	0.00909	0.00303	0.00606	0.68326	0.00606	0.00606
21	0.10095	0.05997	0.02760	0.01020	0.01271	0.04319	0.03124	0.01420	0.04157	0.01993	0.07939	0.22199	0.21494	0.01434	0.00726	0.00231	0.00504	0.08127	0.00546	0.00645
22	0.01677	0.01998	0.10286	0.02534	0.04919	0.05042	0.51437	0.09494	0.01717	0.02304	0.01327	0.01687	0.00990	0.00594	0.00738	0.00215	0.01050	0.00708	0.00363	0.00919
23	0.01320	0.03405	0.73453	0.01876	0.02849	0.01529	0.02432	0.02085	0.01390	0.02085	0.01181	0.01390	0.00834	0.00625	0.00625	0.00208	0.00973	0.00486	0.00278	0.00973
24	0.00778	0.00667	0.00667	0.00667	0.00889	0.00556	0.00500	0.00945	0.01501	0.01778	0.06669	0.06336	0.72490	0.01667	0.00778	0.00222	0.00333	0.01389	0.00611	0.00556
25	0.01552	0.31864	0.31940	0.01675	0.02401	0.04404	0.11382	0.02039	0.01422	0.01879	0.03092	0.01406	0.01013	0.00613	0.00571	0.00183	0.00876	0.00493	0.00302	0.00894
26	0.01751	0.01250	0.01411	0.01207	0.01553	0.01325	0.00979	0.30380	0.08175	0.06339	0.14132	0.05803	0.08446	0.01143	0.00721	0.00219	0.00557	0.10060	0.03673	0.00877
27	0.00802	0.00573	0.00764	0.00917	0.00955	0.00535	0.00611	0.00917	0.01260	0.01681	0.03628	0.76434	0.04354	0.02062	0.00840	0.00267	0.00382	0.01872	0.00611	0.00535
28	0.00968	0.00728	0.00832	0.00854	0.01039	0.00676	0.00630	0.01292	0.07891	0.04678	0.08885	0.27001	0.36239	0.01670	0.00787	0.00237	0.00383	0.03957	0.00631	0.00622
29	0.01600	0.03950	0.04401	0.16738	0.21881	0.01703	0.14685	0.08819	0.06300	0.02201	0.01317	0.01685	0.01042	0.00705	0.00855	0.00217	0.09995	0.00622	0.00370	0.00913
30	0.02182	0.01643	0.01787	0.01683	0.09208	0.14714	0.01219	0.09470	0.04399	0.23755	0.05451	0.01978	0.01511	0.03055	0.01010	0.00225	0.14618	0.00627	0.00540	0.00922
31	0.08241	0.17871	0.06184	0.01529	0.01945	0.48066	0.01271	0.02383	0.01651	0.01727	0.00994	0.01171	0.00837	0.00661	0.00592	0.00172	0.03179	0.00412	0.00328	0.00786
32	0.01331	0.03334	0.70409	0.01916	0.02875	0.01535	0.05405	0.02086	0.01397	0.02086	0.01188	0.01407	0.00841	0.00622	0.00632	0.00209	0.00979	0.00499	0.00280	0.00969
33	0.00943	0.00699	0.00884	0.00838	0.01004	0.00653	0.00628	0.01298	0.04533	0.02550	0.62590	0.06863	0.11291	0.01373	0.00774	0.00211	0.00323	0.01207	0.00710	0.00630
34	0.01828	0.01435	0.01643	0.01450	0.03914	0.03645	0.03247	0.26193	0.20553	0.05082	0.11281	0.03069	0.02383	0.01016	0.00713	0.00220	0.00624	0.10123	0.00638	0.00943
35	0.01512	0.01449	0.02555	0.06533	0.48796	0.01446	0.11391	0.01914	0.01501	0.02096	0.01604	0.02573	0.01464	0.00780	0.00710	0.00217	0.00804	0.11343	0.00370	0.00938
36	0.11768	0.01138	0.01465	0.01137	0.01635	0.01025	0.00939	0.03065	0.01799	0.65330	0.02409	0.02109	0.01527	0.00792	0.00633	0.00204	0.00554	0.00628	0.00769	0.01075
37	0.00988	0.00710	0.00974	0.01114	0.01242	0.00696	0.00925	0.01244	0.01469	0.01920	0.05949	0.22995	0.06310	0.01853	0.00885	0.00289	0.00536	0.48701	0.00611	0.00589
38	0.01210	0.00828	0.01135	0.01195	0.06706	0.00770	0.02597	0.01502	0.03761	0.10478	0.21658	0.20465	0.17908	0.01444	0.00773	0.00229	0.00443	0.05560	0.00637	0.00699
39	0.01540	0.01749	0.03801	0.05947	0.03488	0.01656	0.67367	0.02090	0.01543	0.02090	0.01325	0.01775	0.00994	0.00559	0.00772	0.00222	0.01100	0.00769	0.00331	0.00881
40	0.08876	0.01777	0.01881	0.01452	0.01969	0.01964	0.01200	0.63034	0.02900	0.06108	0.01557	0.01559	0.01102	0.00777	0.00638	0.00198	0.00702	0.00576	0.00643	0.01087
41	0.00923	0.00668	0.00796	0.00800	0.00955	0.00619	0.00586	0.01208	0.03787	0.02225	0.33099	0.19148	0.21233	0.01490	0.00752	0.00217	0.00336	0.01298	0.09259	0.00601
42	0.01624	0.01572	0.02570	0.03830	0.67512	0.03685	0.01937	0.02004	0.01526	0.02156	0.04346	0.01760	0.01263	0.00623	0.00655	0.00195	0.00774	0.00608	0.00344	0.01016
43	0.00833	0.00598	0.00803	0.00918	0.00973	0.00576	0.00628	0.00972	0.01278	0.01729	0.08989	0.60208	0.04148	0.04847	0.08820	0.00360	0.00533	0.01659	0.00585	0.00543
44	0.01655	0.02262	0.15651	0.02495	0.05469	0.12798	0.45590	0.02182	0.01571	0.02029	0.01254	0.01613	0.00948	0.00587	0.00718	0.00211	0.01087	0.00666	0.00324	0.00889
45	0.01645	0.10247	0.30222	0.02129	0.12830	0.01624	0.12534	0.02325	0.08719	0.09223	0.01481	0.01645	0.01092	0.00649	0.00640	0.00203	0.00850	0.00576	0.00388	0.00978
46	0.00867	0.00618	0.00827	0.00955	0.01023	0.00587	0.00686	0.01030	0.01351	0.01806	0.09859	0.54527	0.04347	0.04769	0.00942	0.00282	0.00426	0.13931	0.00613	0.00551
47	0.01432	0.01537	0.03137	0.09451	0.09988	0.01482	0.47037	0.01907	0.01511	0.02030	0.01843	0.04848	0.06088	0.00750	0.00762	0.00224	0.00956	0.03806	0.00369	0.00841
48	0.01616	0.05767	0.23330	0.04605	0.23656	0.03320	0.04468	0.08590	0.05588	0.04653	0.01539	0.07148	0.01288	0.00754	0.00652	0.00205	0.00803	0.00656	0.00398	0.00962
49	0.01484	0.02029	0.20251	0.17442	0.21756	0.05458	0.07695	0.01946	0.01389	0.01927	0.01154	0.01557	0.00918	0.00693	0.00867	0.00218	0.11459	0.00567	0.00303	0.00889
50	0.01243	0.01170	0.01975	0.75282	0.04534	0.01463	0.01828	0.01682	0.01316	0.01682	0.01170	0.01755	0.00878	0.00658	0.00658	0.00219	0.00878	0.00585	0.00293	0.00731
51	0.01498	0.09601	0.04653	0.04629	0.26774	0.01510	0.16014	0.01869	0.01498	0.04454	0.09050	0.06115	0.03950	0.00810	0.00757	0.00207	0.04573	0.00758	0.00401	0.00877
52	0.01425	0.09996	0.39480	0.01511	0.02174	0.01468	0.01711	0.04980	0.05464	0.05715	0.03793	0.08751	0.06634	0.00893	0.00693	0.00211	0.03086	0.00714	0.00411	0.00891
53	0.00890	0.00648	0.00837	0.00840	0.00970	0.00595	0.00611	0.01142	0.01690	0.02346	0.51064	0.22780	0.10039	0.01545	0.00792	0.00223	0.00330	0.01373	0.00689	0.00595
54	0.10301	0.01214	0.01535	0.03168	0.01757	0.01145	0.00997	0.10295	0.01927	0.57206	0.02290	0.02046	0.01468	0.00789	0.00637	0.00203	0.00582	0.00624	0.00745	0.01071
55	0.01559	0.01639	0.10036	0.05291	0.53206	0.01434	0.01873	0.01972	0.01518	0.04831	0.06738	0.04041	0.01525	0.00701	0.00664	0.00201	0.00750	0.00661	0.00377	0.00983
56	0.01554	0.01512	0.02459	0.22995	0.52146	0.03986	0.01944	0.01951	0.01463	0.02007	0.01213	0.01648	0.00992	0.00609	0.00652	0.00201	0.00821	0.00581	0.00317	0.00950
57	0.00953	0.00666	0.00836	0.00794	0.00954	0.00616	0.00595	0.01253	0.01786	0.02560	0.60264	0.04751	0.10347	0.01306	0.00743	0.00202	0.00312	0.01142	0.09303	0.00616
58	0.01380	0.01310	0.02222	0.49976	0.28768	0.01499	0.01897	0.01802	0.01381	0.01849	0.01194	0.01710	0.00936	0.00633	0.00656	0.00211	0.00844	0.00586	0.00304	0.00842
59	0.02120	0.12480	0.10288	0.01630	0.02087	0.42634	0.05254	0.04974	0.03288	0.04035	0.01195	0.01439	0.00983	0.03997	0.00712	0.00197	0.01020	0.00486	0.00361	0.00820
60	0.00827	0.00678	0.00738	0.00770	0.00972	0.00589	0.00600	0.01014	0.01492	0.01806	0.05993	0.09758	0.57794	0.01711	0.00803	0.00238	0.00382	0.12663	0.00610	0.00563
61	0.01873	0.01567	0.01534	0.01359	0.01743	0.09373	0.01058	0.03372	0.56254	0.10532	0.02491	0.02295	0.01842	0.00861	0.00661	0.00215	0.00597	0.00701	0.00651	0.01021
62	0.01320	0.03405	0.73453	0.01876	0.02849	0.01529	0.02432	0.02085	0.01390	0.02085	0.01181	0.01390	0.00834	0.00625	0.00625	0.00208	0.00973	0.00486	0.00278	0.00973
63	0.02420	0.03017	0.01909	0.01805	0.05516	0.68216	0.01308	0.04885	0.01889	0.01723	0.01047	0.01222	0.00867	0.00678	0.00599	0.00172	0.01152	0.00438	0.00349	0.00789
64	0.00957	0.00714	0.00894	0.00842	0.01016	0.00673	0.00633	0.01341	0.05785	0.02563	0.62071	0.04915	0.12406	0.01351	0.00771	0.00209	0.00325	0.01185	0.00711	0.00639
65	0.77861	0.01359	0.01009	0.00904	0.01308	0.04838	0.00739	0.01967	0.01155	0.02892	0.00921	0.01075	0.00719	0.00614	0.00416	0.00202	0.00541	0.00360	0.00404	0.00715
66	0.01554	0.01776	0.03885	0.02775	0.03441	0.01665	0.70366	0.02109	0.01554	0.02109	0.01332	0.01776	0.00999	0.00555	0.00777	0.00222	0.01110	0.00777	0.00333	0.00888
67	0.02448	0.01803	0.01941	0.01503	0.02016	0.01993	0.01244	0.67956	0.03036	0.04067	0.01652	0.01801	0.01220	0.00829	0.00668	0.00202	0.00720	0.03143	0.00657	0.01100
68	0.02954	0.01120	0.01528	0.01171	0.01681	0.00968	0.00968	0.03208	0.01884	0.73213	0.02597	0.02241	0.01630	0.00815	0.00662	0.00204	0.00560	0.00662	0.00815	0.01120
69	0.01554	0.01776	0.03885	0.02775	0.03441	0.01665	0.70366	0.02109	0.01554	0.02109	0.01332	0.01776	0.00999	0.00555	0.00777	0.00222	0.01110	0.00777	0.00333	0.00888
70	0.01554	0.01776	0.03885	0.02775	0.03441	0.01665	0.70366	0.02109	0.01554	0.02109	0.01332	0.01776	0.00999	0.00555	0.00777	0.00222	0.01110	0.00777	0.00333	0.00888
71	0.01629	0.01564	0.02672	0.04041	0.72757	0.01564	0.02020	0.02020	0.01499	0.02151	0.01238	0.01629	0.01043	0.00587	0.00652	0.00196	0.00782	0.00587	0.00326	0.01043
72	0.00802	0.00573	0.00764	0.00917	0.00955	0.00535	0.00611	0.00917	0.01260	0.01681	0.03628	0.76434	0.04354	0.02062	0.00840	0.00267	0.00382	0.01872	0.00611	0.00535
73	0.01554	0.01776	0.03885	0.02775	0.03441	0.01665	0.70366	0.02109	0.01554	0.02109	0.01332	0.01776	0.00999	0.00555	0.00777	0.00222	0.01110	0.00777	0.00333	0.00888
74	0.00932	0.00673	0.00880	0.00828	0.00984	0.00621	0.00621	0.01242	0.01863	0.02640	0.72410	0.04918	0.06212	0.01346	0.00776	0.00207	0.00311	0.01191	0.00725	0.00621
75	0.01227	0.00614	0.00614	0.00614	0.00767	0.00614	0.00460	0.01534	0.01381	0.02454	0.02148	0.02454	0.01687	0.00767	0.00460	0.00153	0.00307	0.00614	0.80518	0.00614
76	0.01361	0.05851	0.55728	0.09970	0.10201	0.01567	0.02274	0.02030	0.01391	0.02027	0.01176	0.01441	0.00861	0.00623	0.00624	0.00206	0.00932	0.00502	0.00285	0.00949
77	0.00898	0.00672	0.00833	0.00793	0.00963	0.00607	0.00594	0.01177	0.01783	0.02449	0.57874	0.05231	0.20867	0.01417	0.00777	0.00210	0.00316	0.01235	0.00700	0.00607
78	0.01227	0.00614	0.00614	0.00614	0.00767	0.00614	0.00460	0.01534	0.01381	0.02454	0.02148	0.02454	0.01687	0.00767	0.00460	0.00153	0.00307	0.00614	0.80518	0.00614
79	0.81514	0.01273	0.00968	0.00866	0.01273	0.01477	0.00713	0.01935	0.01120	0.02954	0.00917	0.01069	0.00713	0.00611	0.00407	0.00204	0.00509	0.00356	0.00407	0.00713
80	0.02954	0.01120	0.01528	0.01171	0.01681	0.00968	0.00968	0.03208	0.01884	0.73213	0.02597	0.02241	0.01630	0.00815	0.00662	0.00204	0.00560	0.00662	0.00815	0.01120
81	0.00941	0.00702	0.01041	0.01041	0.01152	0.00814	0.00801	0.01164	0.01053	0.01515	0.01779	0.02674	0.01684	0.08595	0.70650	0.01037	0.01706	0.00718	0.00355	0.00578
82	0.00801	0.00575	0.00761	0.00910	0.00953	0.00535	0.00608	0.00917	0.01267	0.01683	0.03708	0.74590	0.06146	0.02052	0.00839	0.00266	0.00381	0.01859	0.00611	0.00535
83	0.02503	0.01844	0.01976	0.01515	0.02042	0.02042	0.01251	0.70562	0.03095	0.04149	0.01581	0.01581	0.01120	0.00790	0.00659	0.00198	0.00724	0.00593	0.00659	0.01120
84	0.01243	0.01170	0.01975	0.75282	0.04534	0.01463	0.01828	0.01682	0.01316	0.01682	0.01170	0.01755	0.00878	0.00658	0.00658	0.00219	0.00878	0.00585	0.00293	0.00731
85	0.00802	0.00573	0.00764	0.00917	0.00955	0.00535	0.00611	0.00917	0.01260	0.01681	0.03628	0.76434	0.04354	0.02062	0.00840	0.00267	0.00382	0.01872	0.00611	0.00535
86	0.01760	0.77260	0.03450	0.01126	0.01690	0.02605	0.01126	0.01971	0.01338	0.01549	0.00915	0.01056	0.00845	0.00563	0.00422	0.00141	0.00704	0.00352	0.00282	0.00845
87	0.01637	0.01414	0.01489	0.01340	0.01712	0.01637	0.01042	0.03498	0.71568	0.02754	0.02679	0.02456	0.02010	0.00893	0.00670	0.00223	0.00521	0.00744	0.00670	0.01042
88	0.01760	0.77260	0.03450	0.01126	0.01690	0.02605	0.01126	0.01971	0.01338	0.01549	0.00915	0.01056	0.00845	0.00563	0.00422	0.00141	0.00704	0.00352	0.00282	0.00845
89	0.01243	0.01170	0.01975	0.75282	0.04534	0.01463	0.01828	0.01682	0.01316	0.01682	0.01170	0.01755	0.00878	0.00658	0.00658	0.00219	0.00878	0.00585	0.00293	0.00731
90	0.01243	0.01170	0.01975	0.75282	0.04534	0.01463	0.01828	0.01682	0.01316	0.01682	0.01170	0.01755	0.00878	0.00658	0.00658	0.00219	0.00878	0.00585	0.00293	0.00731
91	0.00801	0.00576	0.00761	0.00910	0.00953	0.00535	0.00608	0.00917	0.01267	0.01683	0.03714	0.74467	0.06266	0.02051	0.00839	0.00266	0.00381	0.01858	0.00611	0.00535
92	0.02954	0.01120	0.01528	0.01171	0.01681	0.00968	0.00968	0.03208	0.01884	0.73213	0.02597	0.02241	0.01630	0.00815	0.00662	0.00204	0.00560	0.00662	0.00815	0.01120
93	0.01760	0.77260	0.03450	0.01126	0.01690	0.02605	0.01126	0.01971	0.01338	0.01549	0.00915	0.01056	0.00845	0.00563	0.00422	0.00141	0.00704	0.00352	0.00282	0.00845
94	0.01440	0.01440	0.02016	0.01728	0.01728	0.02016	0.01440	0.01584	0.01008	0.01584	0.00864	0.01440	0.00864	0.01152	0.02160	0.00288	0.75659	0.00576	0.00288	0.00720
95	0.00957	0.00638	0.00718	0.00718	0.00718	0.00638	0.00399	0.00957	0.00957	0.01276	0.02074	0.04308	0.02393	0.76864	0.03351	0.00638	0.00638	0.00957	0.00399	0.00399
96	0.00856	0.00627	0.00816	0.00947	0.01036	0.00587	0.00695	0.01019	0.01350	0.01758	0.04026	0.51350	0.13839	0.01953	0.00847	0.00269	0.00424	0.16439	0.00610	0.00553
97	0.81514	0.01273	0.00968	0.00866	0.01273	0.01477	0.00713	0.01935	0.01120	0.02954	0.00917	0.01069	0.00713	0.00611	0.00407	0.00204	0.00509	0.00356	0.00407	0.00713
98	0.01629	0.01564	0.02672	0.04041	0.72757	0.01564	0.02020	0.02020	0.01499	0.02151	0.01238	0.01629	0.01043	0.00587	0.00652	0.00196	0.00782	0.00587	0.00326	0.01043
99	0.00821	0.00667	0.00729	0.00737	0.00933	0.00576	0.00556	0.01016	0.01551	0.01932	0.17746	0.10124	0.53617	0.01642	0.00788	0.00226	0.00346	0.04793	0.00631	0.00568
100	0.01440	0.01440	0.02016	0.01728	0.01728	0.02016	0.01440	0.01584	0.01008	0.01584	0.00864	0.01440	0.00864	0.01152	0.02160	0.00288	0.75659	0.00576	0.00288	0.00720
101	0.00807	0.00585	0.00764	0.00905	0.00961	0.00542	0.00615	0.00931	0.01286	0.01696	0.03858	0.69212	0.09559	0.02026	0.00837	0.00265	0.00384	0.03618	0.00611	0.00538
102	0.81514	0.01273	0.00968	0.00866	0.01273	0.01477	0.00713	0.01935	0.01120	0.02954	0.00917	0.01069	0.00713	0.00611	0.00407	0.00204	0.00509	0.00356	0.00407	0.00713
103	0.00940	0.00705	0.01058	0.01058	0.01176	0.00823	0.00823	0.01176	0.01058	0.01528	0.01763	0.02586	0.01646	0.04937	0.74255	0.01058	0.01763	0.00705	0.00353	0.00588
104	0.01006	0.00687	0.00901	0.00845	0.01010	0.00631	0.00634	0.01307	0.01842	0.05353	0.67100	0.07507	0.05963	0.01352	0.00774	0.00209	0.00323	0.01196	0.00724	0.00637
105	0.01553	0.01484	0.02279	0.05706	0.52565	0.03711	0.01719	0.02078	0.09145	0.02168	0.03927	0.02190	0.07102	0.00736	0.00666	0.00201	0.00719	0.00682	0.00398	0.00971
106	0.01029	0.00748	0.01017	0.01151	0.01311	0.00735	0.00998	0.01317	0.01514	0.01949	0.03843	0.07304	0.11492	0.01802	0.00895	0.00294	0.00576	0.60820	0.00607	0.00601
107	0.01243	0.01170	0.01975	0.75282	0.04534	0.01463	0.01828	0.01682	0.01316	0.01682	0.01170	0.01755	0.00878	0.00658	0.00658	0.00219	0.00878	0.00585	0.00293	0.00731
108	0.01461	0.02595	0.41101	0.04949	0.17190	0.01575	0.15425	0.04101	0.01492	0.02151	0.01234	0.01531	0.00918	0.00610	0.00662	0.00209	0.00950	0.00569	0.00310	0.00967
109	0.01572	0.18555	0.32038	0.01681	0.02304	0.05143	0.07006	0.02030	0.01367	0.05568	0.01180	0.01443	0.00931	0.00888	0.04049	0.00242	0.12295	0.00509	0.00319	0.00882
110	0.00877	0.00648	0.00894	0.00959	0.01048	0.00677	0.00699	0.01049	0.01179	0.01606	0.02938	0.32321	0.08214	0.07215	0.33921	0.00639	0.01018	0.03059	0.00484	0.00555
111	0.01558	0.24092	0.32137	0.01778	0.07537	0.07825	0.04075	0.02016	0.01406	0.01852	0.01198	0.01616	0.01014	0.02525	0.00716	0.00203	0.04147	0.03118	0.00306	0.00882
112	0.01118	0.03027	0.06996	0.13340	0.01976	0.01053	0.04918	0.01576	0.07558	0.01900	0.04670	0.12719	0.12003	0.01797	0.12133	0.00360	0.00797	0.08197	0.03165	0.00697
113	0.00931	0.00663	0.00897	0.00963	0.01070	0.00662	0.00720	0.01138	0.01330	0.01851	0.11809	0.31687	0.03605	0.05002	0.17558	0.00447	0.00729	0.11803	0.04617	0.02517
114	0.01560	0.03755	0.04625	0.19988	0.36722	0.04648	0.01743	0.04220	0.01524	0.04087	0.01578	0.03832	0.02857	0.00762	0.00668	0.00209	0.00787	0.05160	0.00373	0.00902
115	0.01645	0.01679	0.02678	0.17064	0.33108	0.07864	0.16633	0.05181	0.01566	0.02080	0.01231	0.01639	0.00983	0.00628	0.00722	0.00207	0.03225	0.00613	0.00336	0.00919
116	0.01588	0.01628	0.02312	0.35482	0.25989	0.11651	0.06415	0.03600	0.01510	0.01911	0.01192	0.01633	0.00941	0.00634	0.00655	0.00204	0.00902	0.00576	0.00321	0.00856
117	0.01348	0.01270	0.01515	0.06313	0.08712	0.12518	0.07634	0.01541	0.01367	0.03730	0.02330	0.21380	0.05753	0.20029	0.01381	0.00325	0.00719	0.01038	0.00445	0.00653

[dist]
# distance from previous block
# <min> <max>
0	63

# created by:
# /home/berkeley/.conda/envs/busco_data_prod/bin/msa2prfl.pl pipeline/OGs_align_augustus/4893/33864.fs
