[name]
unknown

[dist]
# distance from previous block
# <min> <max>
0	41

[block]
# block no. 0 follows, 31 sequences, length 238
# corresponding to MSA columns:
# 41-278
name=unknown_A
#
# <colnr> <probs for GDERKNQSTAVLIFYWHMCP>
#	G	D	E	R	K	N	Q	S	T	A	V	L	I	F	Y	W	H	M	C	P
0	0.01127	0.00816	0.01121	0.01265	0.01432	0.00825	0.01102	0.01509	0.04409	0.02081	0.03588	0.07505	0.03861	0.01850	0.00935	0.00312	0.00626	0.64356	0.00633	0.00649
1	0.14336	0.07503	0.02008	0.01447	0.01973	0.04085	0.01207	0.52256	0.02733	0.03845	0.01470	0.01510	0.01070	0.00772	0.00625	0.00201	0.00731	0.00555	0.00606	0.01068
2	0.00985	0.00747	0.01032	0.01019	0.01123	0.00841	0.00763	0.01171	0.01123	0.01565	0.02361	0.03372	0.08724	0.18395	0.49601	0.00896	0.04457	0.00849	0.00400	0.00575
3	0.01881	0.01959	0.14930	0.02274	0.11886	0.01592	0.21656	0.13435	0.04257	0.10966	0.01851	0.02017	0.04481	0.00732	0.00716	0.00215	0.00871	0.00700	0.00479	0.03104
4	0.06058	0.01776	0.02130	0.01640	0.02153	0.03746	0.09733	0.46432	0.04460	0.06454	0.04027	0.01822	0.01350	0.00866	0.00772	0.03497	0.00771	0.00651	0.00614	0.01048
5	0.02159	0.01744	0.01642	0.01402	0.01814	0.14419	0.01103	0.15249	0.27569	0.14057	0.06756	0.02438	0.04742	0.00918	0.00690	0.00213	0.00690	0.00728	0.00658	0.01010
6	0.00819	0.00693	0.00708	0.00704	0.00931	0.00582	0.00528	0.01003	0.01585	0.01909	0.11320	0.06484	0.66983	0.01710	0.00808	0.00230	0.00345	0.01430	0.00643	0.00582
7	0.00826	0.00680	0.00727	0.00744	0.00942	0.00581	0.00547	0.01005	0.01559	0.01914	0.12242	0.15898	0.56451	0.01759	0.00817	0.00236	0.00351	0.01494	0.00646	0.00581
8	0.60569	0.01311	0.01150	0.00992	0.01424	0.01464	0.00812	0.04981	0.04662	0.12467	0.03738	0.01505	0.01149	0.00712	0.00496	0.00213	0.00539	0.00473	0.00516	0.00828
9	0.00834	0.00595	0.00794	0.00953	0.00992	0.00556	0.00635	0.00953	0.01310	0.01746	0.03771	0.75510	0.04525	0.02143	0.00873	0.00278	0.00397	0.01945	0.00635	0.00556
10	0.13267	0.01085	0.01143	0.04416	0.01417	0.01162	0.00800	0.16550	0.01801	0.08192	0.01901	0.02174	0.01464	0.03989	0.00669	0.00206	0.00507	0.00612	0.37841	0.00803
11	0.01860	0.01286	0.01457	0.01246	0.01601	0.01365	0.00976	0.23214	0.17269	0.11202	0.12232	0.13455	0.05543	0.03068	0.00808	0.00237	0.00556	0.00983	0.00700	0.00942
12	0.00893	0.00685	0.00822	0.00871	0.01011	0.00630	0.00621	0.01150	0.04374	0.02054	0.20364	0.35277	0.25153	0.01796	0.00831	0.00247	0.00370	0.01581	0.00665	0.00605
13	0.14802	0.01188	0.01500	0.01169	0.01683	0.01085	0.00966	0.03134	0.01838	0.61733	0.02435	0.02145	0.01550	0.00815	0.00648	0.00212	0.00574	0.00640	0.00783	0.01100
14	0.00927	0.00661	0.00840	0.00877	0.00970	0.00621	0.00609	0.01115	0.01526	0.02089	0.31102	0.28511	0.07630	0.15561	0.01332	0.00323	0.00422	0.03673	0.00642	0.00569
15	0.01070	0.00701	0.00874	0.00887	0.01053	0.00627	0.00643	0.01271	0.01602	0.08526	0.22707	0.32351	0.21685	0.01719	0.00822	0.00243	0.00381	0.01512	0.00686	0.00642
16	0.01057	0.00733	0.00937	0.01007	0.01121	0.00712	0.00712	0.04812	0.03966	0.04444	0.11816	0.56156	0.04384	0.01889	0.00844	0.00263	0.00424	0.03419	0.00661	0.00640
17	0.00834	0.00595	0.00794	0.00953	0.00992	0.00556	0.00635	0.00953	0.01310	0.01746	0.03771	0.75510	0.04525	0.02143	0.00873	0.00278	0.00397	0.01945	0.00635	0.00556
18	0.00914	0.00663	0.00795	0.00840	0.00967	0.00599	0.00586	0.01076	0.01476	0.03430	0.16146	0.32831	0.25526	0.09596	0.01111	0.00291	0.00400	0.01540	0.00637	0.00576
19	0.01419	0.01216	0.01419	0.01013	0.01621	0.00912	0.00811	0.01723	0.01419	0.02229	0.01216	0.01419	0.01013	0.00507	0.00507	0.00101	0.00507	0.00405	0.00405	0.80139
20	0.01419	0.01216	0.01419	0.01013	0.01621	0.00912	0.00811	0.01723	0.01419	0.02229	0.01216	0.01419	0.01013	0.00507	0.00507	0.00101	0.00507	0.00405	0.00405	0.80139
21	0.00857	0.00609	0.00803	0.00950	0.00992	0.00574	0.00638	0.00976	0.01297	0.01728	0.03643	0.67265	0.04346	0.07690	0.01073	0.00308	0.00427	0.04657	0.00618	0.00548
22	0.02527	0.01043	0.01412	0.01136	0.01567	0.00917	0.00919	0.02787	0.01870	0.54507	0.11121	0.06313	0.05179	0.01203	0.03989	0.00256	0.00589	0.00846	0.00795	0.01025
23	0.01188	0.00594	0.00891	0.00891	0.00891	0.00594	0.00594	0.00891	0.00891	0.01188	0.01188	0.02080	0.01188	0.02377	0.02674	0.80095	0.00594	0.00594	0.00297	0.00297
24	0.01497	0.01497	0.02095	0.01796	0.01796	0.02095	0.01497	0.01646	0.01048	0.01646	0.00898	0.01497	0.00898	0.01197	0.02245	0.00299	0.74704	0.00599	0.00299	0.00748
25	0.02343	0.01733	0.01869	0.01494	0.01984	0.01920	0.01213	0.49205	0.18301	0.06478	0.02028	0.04888	0.01530	0.00900	0.00695	0.00215	0.00684	0.00709	0.00691	0.01120
26	0.07572	0.01548	0.02566	0.02498	0.18835	0.01720	0.19113	0.03704	0.04671	0.02156	0.01311	0.01763	0.01101	0.01174	0.07444	0.00316	0.20597	0.00659	0.00365	0.00887
27	0.01959	0.01696	0.01685	0.01458	0.01878	0.06930	0.01147	0.17890	0.50892	0.03092	0.02412	0.02260	0.01800	0.00889	0.00688	0.00222	0.00637	0.00715	0.00669	0.01080
28	0.01463	0.01397	0.02392	0.44113	0.32000	0.01568	0.03496	0.01901	0.01451	0.01957	0.01249	0.01771	0.00985	0.00651	0.00684	0.00218	0.00877	0.00613	0.00319	0.00896
29	0.02556	0.03261	0.01939	0.01763	0.02115	0.73210	0.01322	0.02732	0.01939	0.01674	0.01058	0.01234	0.00881	0.00705	0.00617	0.00176	0.01234	0.00441	0.00353	0.00793
30	0.01215	0.01027	0.01092	0.01018	0.01305	0.01069	0.00780	0.02165	0.31120	0.02417	0.14815	0.04636	0.31980	0.01338	0.00760	0.00229	0.00426	0.01126	0.00679	0.00804
31	0.01419	0.01216	0.01419	0.01013	0.01621	0.00912	0.00811	0.01723	0.01419	0.02229	0.01216	0.01419	0.01013	0.00507	0.00507	0.00101	0.00507	0.00405	0.00405	0.80139
32	0.06267	0.01171	0.01564	0.01204	0.01729	0.01027	0.00995	0.03280	0.01925	0.69320	0.02627	0.02279	0.01654	0.00838	0.00677	0.00212	0.00580	0.00675	0.00829	0.01147
33	0.00854	0.00695	0.00759	0.00760	0.00967	0.00599	0.00574	0.01062	0.01627	0.02034	0.19695	0.08777	0.53027	0.01686	0.00816	0.00233	0.00356	0.04225	0.00659	0.00593
34	0.00820	0.00694	0.00709	0.00705	0.00931	0.00582	0.00529	0.01004	0.01586	0.01912	0.11557	0.06478	0.66745	0.01709	0.00808	0.00230	0.00345	0.01429	0.00644	0.00582
35	0.00834	0.00595	0.00794	0.00953	0.00992	0.00556	0.00635	0.00953	0.01310	0.01746	0.03771	0.75510	0.04525	0.02143	0.00873	0.00278	0.00397	0.01945	0.00635	0.00556
36	0.00810	0.00689	0.00697	0.00703	0.00927	0.00577	0.00524	0.00981	0.01549	0.01844	0.06805	0.09331	0.68746	0.01749	0.00811	0.00233	0.00349	0.01464	0.00635	0.00577
37	0.01364	0.01067	0.01180	0.01074	0.01367	0.01109	0.00834	0.09248	0.22402	0.04191	0.18534	0.07363	0.22630	0.01326	0.00766	0.00230	0.00460	0.03345	0.00688	0.00820
38	0.01188	0.00594	0.00891	0.00891	0.00891	0.00594	0.00594	0.00891	0.00891	0.01188	0.01188	0.02080	0.01188	0.02377	0.02674	0.80095	0.00594	0.00594	0.00297	0.00297
39	0.00834	0.00595	0.00794	0.00953	0.00992	0.00556	0.00635	0.00953	0.01310	0.01746	0.03771	0.75510	0.04525	0.02143	0.00873	0.00278	0.00397	0.01945	0.00635	0.00556
40	0.00887	0.00660	0.00811	0.00902	0.00994	0.00621	0.00616	0.01093	0.04128	0.01846	0.09048	0.49728	0.15940	0.08071	0.01066	0.00295	0.00411	0.01682	0.00628	0.00575
41	0.00857	0.00669	0.00779	0.00837	0.00983	0.00600	0.00595	0.01062	0.02989	0.01930	0.12887	0.35382	0.34273	0.01850	0.00833	0.00249	0.00369	0.01617	0.00650	0.00587
42	0.01097	0.00784	0.01095	0.01245	0.01402	0.00782	0.01085	0.01413	0.01589	0.02074	0.06216	0.07617	0.04034	0.01871	0.00940	0.00311	0.00618	0.64562	0.00635	0.00631
43	0.02241	0.34907	0.02651	0.01506	0.01960	0.42692	0.01256	0.02436	0.01701	0.01646	0.01011	0.01175	0.00880	0.00653	0.00540	0.00163	0.01016	0.00408	0.00327	0.00830
44	0.00851	0.00674	0.00759	0.00790	0.00959	0.00591	0.00573	0.01032	0.01542	0.01946	0.15613	0.21445	0.43175	0.04299	0.00916	0.00256	0.00371	0.02985	0.00645	0.00579
45	0.01736	0.01542	0.02153	0.02753	0.36377	0.01631	0.01571	0.10220	0.23681	0.02645	0.02210	0.02312	0.06467	0.00816	0.00694	0.00215	0.00686	0.00722	0.00513	0.01056
46	0.07317	0.00896	0.01009	0.00925	0.01153	0.00915	0.00696	0.08798	0.01574	0.11649	0.02324	0.13197	0.02102	0.10751	0.06186	0.00323	0.00578	0.00865	0.28014	0.00728
47	0.00813	0.00678	0.00709	0.00734	0.00935	0.00574	0.00538	0.00977	0.01520	0.01832	0.06428	0.17558	0.60762	0.01798	0.00819	0.00238	0.00355	0.01524	0.00635	0.00574
48	0.00950	0.00699	0.00889	0.00841	0.01011	0.00638	0.00631	0.01256	0.01893	0.02641	0.63931	0.05280	0.13916	0.01437	0.00807	0.00217	0.00325	0.01261	0.00740	0.00638
49	0.05458	0.44501	0.02820	0.01335	0.01852	0.18957	0.01187	0.07947	0.01703	0.06981	0.01160	0.01264	0.00956	0.00654	0.00518	0.00166	0.00832	0.00428	0.00385	0.00897
50	0.02986	0.01209	0.01604	0.01240	0.01763	0.01083	0.01021	0.05982	0.05251	0.66178	0.02661	0.02312	0.01691	0.00850	0.00688	0.00212	0.00587	0.00689	0.00833	0.01160
51	0.10264	0.01180	0.01445	0.01144	0.01608	0.01118	0.00936	0.09879	0.01953	0.47589	0.05154	0.02277	0.01746	0.00840	0.00643	0.00205	0.00554	0.00666	0.09757	0.01042
52	0.00865	0.00698	0.00771	0.00761	0.00970	0.00604	0.00576	0.01086	0.01669	0.02114	0.25465	0.06197	0.50267	0.01641	0.00813	0.00229	0.00349	0.03654	0.00669	0.00599
53	0.01188	0.00594	0.00891	0.00891	0.00891	0.00594	0.00594	0.00891	0.00891	0.01188	0.01188	0.02080	0.01188	0.02377	0.02674	0.80095	0.00594	0.00594	0.00297	0.00297
54	0.30237	0.01759	0.01678	0.01343	0.01839	0.04694	0.01103	0.42977	0.02441	0.03769	0.01376	0.01439	0.01003	0.00751	0.00589	0.00206	0.00693	0.00522	0.00579	0.01000
55	0.69041	0.06503	0.01243	0.00966	0.01402	0.04449	0.00804	0.02098	0.01244	0.05807	0.01030	0.01166	0.00796	0.00643	0.00443	0.00206	0.00573	0.00386	0.00429	0.00770
56	0.02029	0.17601	0.24130	0.01527	0.02191	0.04717	0.01575	0.14444	0.06539	0.14295	0.01659	0.03570	0.01242	0.00761	0.00627	0.00200	0.00796	0.00581	0.00494	0.01021
57	0.01824	0.67105	0.09148	0.01261	0.01871	0.05796	0.01289	0.02089	0.01419	0.01658	0.00979	0.01132	0.00877	0.00596	0.00464	0.00153	0.00777	0.00381	0.00295	0.00885
58	0.00993	0.00672	0.00790	0.00790	0.00805	0.00687	0.00469	0.01023	0.01008	0.01359	0.02116	0.04255	0.02391	0.67172	0.12135	0.00717	0.00808	0.00962	0.00409	0.00439
59	0.01909	0.04555	0.01550	0.03512	0.01683	0.01000	0.04793	0.02196	0.01719	0.30206	0.12058	0.11491	0.02961	0.01374	0.03338	0.00268	0.00630	0.13204	0.00683	0.00870
60	0.01823	0.09074	0.11813	0.01600	0.02124	0.08811	0.06888	0.12839	0.26592	0.02625	0.02140	0.02280	0.04425	0.00857	0.00678	0.00215	0.00769	0.02926	0.00533	0.00988
61	0.04242	0.01460	0.02323	0.36148	0.29146	0.04387	0.05040	0.01927	0.01492	0.02038	0.04397	0.01877	0.01225	0.00683	0.00681	0.00216	0.00860	0.00632	0.00345	0.00883
62	0.01188	0.00594	0.00891	0.00891	0.00891	0.00594	0.00594	0.00891	0.00891	0.01188	0.01188	0.02080	0.01188	0.02377	0.02674	0.80095	0.00594	0.00594	0.00297	0.00297
63	0.02091	0.26016	0.10389	0.01401	0.01903	0.14344	0.01289	0.07276	0.01689	0.14613	0.01521	0.03950	0.01250	0.04987	0.00827	0.00216	0.04313	0.00567	0.00449	0.00909
64	0.80789	0.01323	0.01006	0.00900	0.01323	0.01535	0.00741	0.02011	0.01164	0.03070	0.00953	0.01111	0.00741	0.00635	0.00423	0.00212	0.00529	0.00370	0.00423	0.00741
65	0.01484	0.01349	0.03979	0.04735	0.37138	0.01384	0.01614	0.01825	0.01379	0.04819	0.01487	0.02022	0.01286	0.02125	0.24187	0.00501	0.06775	0.00649	0.00363	0.00898
66	0.66960	0.01215	0.00971	0.00879	0.01263	0.01375	0.00714	0.01860	0.01266	0.02937	0.07662	0.01929	0.07249	0.00796	0.00490	0.00214	0.00496	0.00538	0.00470	0.00719
67	0.01181	0.00599	0.00899	0.00899	0.00903	0.00603	0.00603	0.00903	0.00899	0.01203	0.01211	0.02101	0.01207	0.02474	0.05174	0.77296	0.00638	0.00599	0.00300	0.00308
68	0.01275	0.00638	0.00638	0.00638	0.00797	0.00638	0.00478	0.01594	0.01435	0.02551	0.02232	0.02551	0.01754	0.00797	0.00478	0.00159	0.00319	0.00638	0.79755	0.00638
69	0.01829	0.76368	0.03585	0.01171	0.01756	0.02707	0.01171	0.02049	0.01390	0.01610	0.00951	0.01097	0.00878	0.00585	0.00439	0.00146	0.00732	0.00366	0.00293	0.00878
70	0.00839	0.00671	0.00740	0.00770	0.00940	0.00583	0.00553	0.01007	0.01515	0.01890	0.12376	0.21584	0.46928	0.05304	0.00949	0.00260	0.00370	0.01513	0.00636	0.00572
71	0.01124	0.00786	0.01028	0.01044	0.01233	0.00758	0.00851	0.01504	0.04860	0.05074	0.34655	0.06013	0.09407	0.01572	0.00852	0.00256	0.00465	0.27144	0.00698	0.00674
72	0.01170	0.00986	0.01049	0.00983	0.01261	0.01010	0.00751	0.02028	0.27481	0.02373	0.15745	0.04833	0.34929	0.01377	0.00766	0.00229	0.00416	0.01159	0.00677	0.00778
73	0.01658	0.01589	0.02713	0.10403	0.65763	0.01616	0.02082	0.02069	0.01541	0.02192	0.01281	0.01705	0.01068	0.00616	0.00678	0.00205	0.00822	0.00609	0.00336	0.01055
74	0.00833	0.00598	0.00791	0.00945	0.00990	0.00556	0.00632	0.00953	0.01317	0.01749	0.03863	0.73508	0.06468	0.02131	0.00871	0.00276	0.00395	0.01930	0.00635	0.00556
75	0.01586	0.02044	0.12064	0.02774	0.03503	0.01714	0.61377	0.02189	0.01595	0.02189	0.01366	0.01798	0.01018	0.00585	0.00789	0.00229	0.01137	0.00772	0.00339	0.00933
76	0.01120	0.00744	0.00956	0.00912	0.01111	0.00680	0.00710	0.01415	0.01837	0.07782	0.48189	0.05441	0.15463	0.01467	0.00815	0.00230	0.00384	0.09343	0.00727	0.00673
77	0.80789	0.01323	0.01006	0.00900	0.01323	0.01535	0.00741	0.02011	0.01164	0.03070	0.00953	0.01111	0.00741	0.00635	0.00423	0.00212	0.00529	0.00370	0.00423	0.00741
78	0.03052	0.01193	0.01606	0.01231	0.01761	0.01048	0.01017	0.05865	0.02006	0.69564	0.02659	0.02302	0.01673	0.00846	0.00688	0.00211	0.00589	0.00685	0.00841	0.01164
79	0.02560	0.03143	0.01949	0.01746	0.02116	0.66966	0.01320	0.08589	0.02051	0.01906	0.01109	0.01270	0.00906	0.00715	0.00623	0.00179	0.01192	0.00456	0.00382	0.00826
80	0.00927	0.00698	0.00858	0.00818	0.00997	0.00628	0.00613	0.01212	0.01840	0.02514	0.54811	0.05488	0.23116	0.01484	0.00807	0.00219	0.00329	0.01290	0.00723	0.00628
81	0.80789	0.01323	0.01006	0.00900	0.01323	0.01535	0.00741	0.02011	0.01164	0.03070	0.00953	0.01111	0.00741	0.00635	0.00423	0.00212	0.00529	0.00370	0.00423	0.00741
82	0.00851	0.00688	0.00759	0.00773	0.00969	0.00596	0.00578	0.01051	0.01599	0.02001	0.17600	0.13539	0.50403	0.01724	0.00821	0.00237	0.00360	0.04208	0.00655	0.00589
83	0.02517	0.01824	0.01979	0.01511	0.02063	0.01971	0.01246	0.60804	0.03009	0.06921	0.01649	0.01651	0.01172	0.00795	0.00669	0.00197	0.00724	0.00601	0.00667	0.08032
84	0.01275	0.00638	0.00638	0.00638	0.00797	0.00638	0.00478	0.01594	0.01435	0.02551	0.02232	0.02551	0.01754	0.00797	0.00478	0.00159	0.00319	0.00638	0.79755	0.00638
85	0.02910	0.01282	0.01635	0.01260	0.01777	0.01198	0.01039	0.15518	0.02170	0.56750	0.02484	0.02210	0.01598	0.00840	0.00679	0.00208	0.00603	0.00673	0.04023	0.01143
86	0.00957	0.00699	0.00899	0.00849	0.01015	0.00641	0.00636	0.01269	0.01909	0.02679	0.66700	0.05216	0.11123	0.01423	0.00807	0.00216	0.00324	0.01252	0.00745	0.00641
87	0.07974	0.01404	0.01582	0.01316	0.01775	0.01493	0.01057	0.11204	0.33265	0.27579	0.02487	0.02262	0.01742	0.00866	0.00672	0.00220	0.00580	0.00696	0.00728	0.01097
88	0.02490	0.06427	0.02002	0.01713	0.02085	0.64052	0.01304	0.05587	0.04786	0.01833	0.01149	0.01299	0.00943	0.00714	0.00615	0.00178	0.01162	0.00458	0.00378	0.00825
89	0.00815	0.00693	0.00702	0.00700	0.00928	0.00580	0.00525	0.00994	0.01575	0.01885	0.09548	0.06524	0.68771	0.01719	0.00809	0.00230	0.00346	0.01435	0.00640	0.00580
90	0.01832	0.00932	0.01187	0.01008	0.01343	0.00843	0.00796	0.02204	0.06051	0.30535	0.28677	0.04084	0.15231	0.01204	0.00753	0.00217	0.00444	0.01023	0.00767	0.00869
91	0.01181	0.00977	0.01161	0.01117	0.01242	0.06111	0.00836	0.04101	0.01222	0.01652	0.01803	0.02882	0.01765	0.19821	0.47218	0.00871	0.04283	0.00759	0.00386	0.00609
92	0.02556	0.03261	0.01939	0.01763	0.02115	0.73210	0.01322	0.02732	0.01939	0.01674	0.01058	0.01234	0.00881	0.00705	0.00617	0.00176	0.01234	0.00441	0.00353	0.00793
93	0.00834	0.00595	0.00794	0.00953	0.00992	0.00556	0.00635	0.00953	0.01310	0.01746	0.03771	0.75510	0.04525	0.02143	0.00873	0.00278	0.00397	0.01945	0.00635	0.00556
94	0.01427	0.01400	0.01975	0.04701	0.01844	0.01929	0.01435	0.01592	0.01079	0.01654	0.01122	0.06014	0.01150	0.01393	0.04984	0.00328	0.64234	0.00686	0.00322	0.00732
95	0.01805	0.01350	0.04529	0.13303	0.04595	0.01350	0.03010	0.09078	0.17686	0.16114	0.08438	0.02780	0.07953	0.01108	0.03602	0.00256	0.00691	0.00795	0.00609	0.00947
96	0.00833	0.00694	0.00728	0.00719	0.00939	0.00588	0.00539	0.01030	0.01618	0.01988	0.16957	0.06355	0.61298	0.01681	0.00808	0.00229	0.00343	0.01412	0.00654	0.00588
97	0.00833	0.00599	0.00790	0.00942	0.00990	0.00557	0.00630	0.00954	0.01320	0.01751	0.03899	0.72709	0.07243	0.02127	0.00871	0.00276	0.00395	0.01925	0.00635	0.00557
98	0.01638	0.01570	0.02678	0.13771	0.62545	0.01611	0.02072	0.02052	0.01532	0.02169	0.01277	0.01711	0.01060	0.00620	0.00678	0.00207	0.00826	0.00609	0.00334	0.01039
99	0.03051	0.01194	0.01606	0.01231	0.01761	0.01049	0.01017	0.05918	0.02007	0.69509	0.02658	0.02302	0.01673	0.00846	0.00688	0.00211	0.00589	0.00685	0.00840	0.01164
100	0.01934	0.55311	0.04979	0.01422	0.04531	0.15034	0.01265	0.02246	0.04610	0.01716	0.01073	0.01219	0.00941	0.00625	0.00497	0.00160	0.00822	0.00410	0.00323	0.00884
101	0.02258	0.05285	0.02120	0.04441	0.11022	0.07701	0.04036	0.26582	0.11764	0.13027	0.03665	0.01921	0.01448	0.00793	0.00677	0.00207	0.00756	0.00645	0.00594	0.01060
102	0.01161	0.00982	0.07205	0.00983	0.01246	0.00755	0.00837	0.01521	0.01895	0.07909	0.60053	0.04581	0.05610	0.01292	0.00784	0.00215	0.00402	0.01132	0.00720	0.00716
103	0.00829	0.00612	0.00777	0.00909	0.00981	0.00559	0.00616	0.00958	0.01352	0.01764	0.04305	0.63848	0.15842	0.02074	0.00862	0.00270	0.00388	0.01860	0.00635	0.00559
104	0.01309	0.01207	0.04506	0.01044	0.01566	0.00877	0.00856	0.01601	0.01400	0.02138	0.01685	0.15014	0.01651	0.00813	0.00580	0.00139	0.00509	0.00692	0.00442	0.61968
105	0.01743	0.31020	0.31421	0.01727	0.04727	0.12907	0.03566	0.02206	0.01507	0.01883	0.01103	0.01300	0.00885	0.00631	0.00570	0.00184	0.00936	0.00454	0.00303	0.00928
106	0.01804	0.01160	0.01319	0.01161	0.01432	0.07228	0.00881	0.03707	0.01557	0.21250	0.05160	0.20135	0.02370	0.05865	0.01168	0.07034	0.06128	0.00968	0.00584	0.09090
107	0.13692	0.08116	0.02099	0.11580	0.14619	0.21276	0.01425	0.12094	0.04751	0.02420	0.01254	0.01480	0.00993	0.00692	0.00607	0.00197	0.00872	0.00516	0.00412	0.00906
108	0.02601	0.01916	0.02053	0.01574	0.02122	0.02122	0.01300	0.69408	0.03217	0.04312	0.01643	0.01643	0.01163	0.00821	0.00684	0.00205	0.00753	0.00616	0.00684	0.01163
109	0.04938	0.00669	0.00944	0.03886	0.01089	0.00698	0.00667	0.01037	0.00980	0.01406	0.01423	0.02208	0.03064	0.02349	0.07688	0.61560	0.00680	0.00619	0.03713	0.00383
110	0.01473	0.01382	0.02236	0.38768	0.25155	0.01561	0.03645	0.02112	0.10731	0.02087	0.03236	0.01965	0.01268	0.00709	0.00690	0.00221	0.00823	0.00652	0.00380	0.00906
111	0.01640	0.01571	0.02681	0.13502	0.62802	0.01612	0.02073	0.02053	0.01533	0.02170	0.01277	0.01711	0.01061	0.00619	0.00678	0.00206	0.00826	0.00609	0.00334	0.01041
112	0.00824	0.00671	0.00730	0.00762	0.00946	0.00577	0.00554	0.00995	0.01527	0.01883	0.10343	0.22001	0.52199	0.01804	0.00823	0.00241	0.00356	0.01543	0.00643	0.00577
113	0.11936	0.00910	0.01117	0.13044	0.01701	0.00956	0.00862	0.01686	0.03253	0.08973	0.15476	0.08895	0.08580	0.04665	0.00853	0.02373	0.00509	0.00907	0.12602	0.00704
114	0.01292	0.01123	0.01708	0.16340	0.18107	0.01176	0.03584	0.01811	0.08141	0.02354	0.25321	0.03311	0.07622	0.01000	0.00729	0.00216	0.00603	0.00898	0.03849	0.00815
115	0.01829	0.76368	0.03585	0.01171	0.01756	0.02707	0.01171	0.02049	0.01390	0.01610	0.00951	0.01097	0.00878	0.00585	0.00439	0.00146	0.00732	0.00366	0.00293	0.00878
116	0.00841	0.00598	0.00792	0.00943	0.00981	0.00561	0.00625	0.00955	0.01296	0.01728	0.03698	0.72306	0.04433	0.05473	0.00991	0.00295	0.00409	0.01902	0.00625	0.00549
117	0.02243	0.01255	0.01498	0.01227	0.01629	0.01262	0.00986	0.25160	0.02259	0.26526	0.09689	0.11202	0.02407	0.01070	0.00711	0.00216	0.00572	0.02386	0.06716	0.00985
118	0.00889	0.00695	0.00760	0.00768	0.00937	0.00620	0.00558	0.01051	0.01476	0.01839	0.11861	0.06084	0.44654	0.17664	0.01394	0.00329	0.00436	0.06832	0.00599	0.00553
119	0.02046	0.01416	0.01499	0.01220	0.01614	0.01549	0.00985	0.39411	0.08129	0.03554	0.01950	0.02047	0.01454	0.00821	0.00611	0.00191	0.00578	0.00637	0.29323	0.00966
120	0.00844	0.00607	0.00803	0.00955	0.01007	0.00566	0.00650	0.00973	0.01331	0.01763	0.03895	0.69836	0.07252	0.02116	0.00874	0.00277	0.00405	0.04651	0.00635	0.00560
121	0.05325	0.00824	0.00947	0.00901	0.01122	0.00783	0.00673	0.03845	0.04552	0.08009	0.22944	0.17060	0.24208	0.04620	0.00892	0.00249	0.00413	0.01280	0.00669	0.00684
122	0.01711	0.01419	0.01515	0.01319	0.01713	0.01572	0.01029	0.12624	0.47459	0.02883	0.02717	0.05440	0.05264	0.03304	0.00779	0.00234	0.00558	0.00808	0.00658	0.06995
123	0.01419	0.01216	0.01419	0.01013	0.01621	0.00912	0.00811	0.01723	0.01419	0.02229	0.01216	0.01419	0.01013	0.00507	0.00507	0.00101	0.00507	0.00405	0.00405	0.80139
124	0.00964	0.00707	0.00803	0.00784	0.00984	0.00618	0.00579	0.01170	0.01634	0.05229	0.23688	0.11114	0.42374	0.05147	0.00934	0.00250	0.00370	0.01371	0.00666	0.00613
125	0.01223	0.00809	0.00994	0.00962	0.01170	0.00776	0.00742	0.03396	0.06143	0.07976	0.28679	0.14635	0.13908	0.01473	0.00790	0.00234	0.00418	0.08816	0.06151	0.00705
126	0.01075	0.00785	0.00948	0.00886	0.01096	0.00741	0.00671	0.01512	0.08165	0.05019	0.48555	0.05097	0.20035	0.01409	0.00793	0.00220	0.00357	0.01220	0.00726	0.00689
127	0.01102	0.00787	0.01102	0.01260	0.01417	0.00787	0.01102	0.01417	0.01575	0.02047	0.03622	0.07717	0.03937	0.01890	0.00945	0.00315	0.00630	0.67084	0.00630	0.00630
128	0.52508	0.01292	0.01195	0.01021	0.01446	0.01415	0.00832	0.08669	0.01541	0.15210	0.04405	0.05065	0.01367	0.00793	0.00532	0.00214	0.00545	0.00561	0.00547	0.00843
129	0.04657	0.00648	0.00797	0.00903	0.00956	0.00628	0.00593	0.01022	0.01255	0.01750	0.05395	0.54569	0.03969	0.17871	0.01409	0.00355	0.00458	0.01645	0.00581	0.00537
130	0.02324	0.01729	0.01854	0.01460	0.01950	0.01895	0.01192	0.57489	0.05748	0.03916	0.02252	0.05608	0.07492	0.00968	0.00705	0.00212	0.00692	0.00758	0.00678	0.01080
131	0.00987	0.00725	0.01061	0.01061	0.01174	0.00835	0.00812	0.01214	0.01100	0.01594	0.01867	0.02820	0.01770	0.10381	0.66046	0.01042	0.01704	0.00750	0.02461	0.00597
132	0.00874	0.00632	0.00798	0.00883	0.00959	0.00587	0.00597	0.01019	0.01405	0.01876	0.15485	0.47084	0.11829	0.11235	0.01182	0.00310	0.00412	0.01650	0.00628	0.00556
133	0.01170	0.00721	0.00950	0.00928	0.01096	0.00658	0.00682	0.01416	0.01728	0.10624	0.39830	0.27463	0.06922	0.01581	0.00814	0.00235	0.00378	0.01405	0.00723	0.00676
134	0.01615	0.01845	0.04037	0.02884	0.03576	0.01730	0.69204	0.02191	0.01615	0.02191	0.01384	0.01845	0.01038	0.00577	0.00807	0.00231	0.01153	0.00807	0.00346	0.00923
135	0.01143	0.00765	0.00974	0.00912	0.01112	0.00713	0.00695	0.01508	0.04794	0.07861	0.52335	0.07905	0.11669	0.01414	0.00801	0.00223	0.00367	0.03379	0.00738	0.00693
136	0.01136	0.00754	0.00942	0.00911	0.00997	0.00786	0.00616	0.03979	0.01206	0.04562	0.04951	0.06520	0.02424	0.44167	0.22433	0.00714	0.00964	0.00940	0.00453	0.00546
137	0.01292	0.01216	0.02052	0.74312	0.04712	0.01520	0.01900	0.01748	0.01368	0.01748	0.01216	0.01824	0.00912	0.00684	0.00684	0.00228	0.00912	0.00608	0.00304	0.00760
138	0.00988	0.00692	0.00893	0.00893	0.00944	0.00743	0.00598	0.01089	0.01038	0.01435	0.02021	0.03732	0.02164	0.46460	0.32536	0.00845	0.01150	0.00886	0.00395	0.00496
139	0.72644	0.01293	0.01041	0.00918	0.01344	0.01468	0.00755	0.02082	0.01236	0.08268	0.01254	0.01358	0.02809	0.00682	0.00454	0.00212	0.00528	0.00425	0.00461	0.00768
140	0.00831	0.00694	0.00724	0.00717	0.00938	0.00587	0.00538	0.01026	0.01613	0.01975	0.16054	0.06375	0.62208	0.01685	0.00808	0.00229	0.00343	0.01415	0.00652	0.00587
141	0.05195	0.00988	0.01203	0.01026	0.01316	0.00953	0.00763	0.02309	0.09287	0.30450	0.08414	0.03305	0.02393	0.27445	0.01676	0.00374	0.00582	0.00841	0.00651	0.00828
142	0.01321	0.01260	0.02172	0.68447	0.07031	0.01534	0.05093	0.01781	0.01386	0.01786	0.01226	0.01820	0.00924	0.00676	0.00690	0.00227	0.00920	0.00617	0.00307	0.00779
143	0.00977	0.00733	0.01100	0.01100	0.01222	0.00855	0.00855	0.01222	0.01100	0.01588	0.01833	0.02688	0.01710	0.05131	0.73245	0.01100	0.01833	0.00733	0.00367	0.00611
144	0.02329	0.02725	0.01829	0.01642	0.01985	0.53920	0.01251	0.10630	0.01971	0.01983	0.01243	0.01497	0.01037	0.01370	0.11297	0.00315	0.01263	0.00505	0.00395	0.00811
145	0.80789	0.01323	0.01006	0.00900	0.01323	0.01535	0.00741	0.02011	0.01164	0.03070	0.00953	0.01111	0.00741	0.00635	0.00423	0.00212	0.00529	0.00370	0.00423	0.00741
146	0.01275	0.00638	0.00638	0.00638	0.00797	0.00638	0.00478	0.01594	0.01435	0.02551	0.02232	0.02551	0.01754	0.00797	0.00478	0.00159	0.00319	0.00638	0.79755	0.00638
147	0.01501	0.01648	0.03448	0.02524	0.03115	0.01555	0.56212	0.02068	0.04411	0.02157	0.01931	0.09872	0.04458	0.00806	0.00810	0.00236	0.01014	0.00954	0.00403	0.00876
148	0.02400	0.02829	0.01832	0.01631	0.01998	0.58053	0.01235	0.06337	0.01986	0.04125	0.06471	0.01593	0.01351	0.00759	0.00632	0.00178	0.01083	0.00517	0.00419	0.04570
149	0.01050	0.00691	0.00895	0.00979	0.01112	0.00636	0.00724	0.01230	0.01470	0.07186	0.06824	0.44340	0.15254	0.01905	0.00858	0.00269	0.00440	0.12859	0.00655	0.00622
150	0.00866	0.00618	0.00831	0.00989	0.01043	0.00584	0.00691	0.01008	0.01342	0.01783	0.03753	0.67373	0.04454	0.02113	0.00882	0.00282	0.00425	0.09764	0.00634	0.00565
151	0.02395	0.01778	0.01913	0.01510	0.02016	0.01972	0.01233	0.53293	0.15948	0.05706	0.03855	0.01931	0.01502	0.00859	0.00690	0.00211	0.00696	0.00665	0.00693	0.01134
152	0.01577	0.01329	0.01474	0.01076	0.01668	0.03919	0.00861	0.04874	0.01540	0.04779	0.01281	0.01453	0.01039	0.00541	0.00526	0.00113	0.00550	0.00426	0.00431	0.70542
153	0.01820	0.01529	0.01614	0.01416	0.01824	0.01757	0.01112	0.12314	0.61581	0.03053	0.02634	0.02432	0.01966	0.00914	0.00695	0.00229	0.00569	0.00753	0.00695	0.01094
154	0.01188	0.00594	0.00891	0.00891	0.00891	0.00594	0.00594	0.00891	0.00891	0.01188	0.01188	0.02080	0.01188	0.02377	0.02674	0.80095	0.00594	0.00594	0.00297	0.00297
155	0.01151	0.00905	0.04766	0.00948	0.01207	0.00718	0.00771	0.01430	0.01700	0.08576	0.31881	0.15594	0.19010	0.01461	0.00787	0.00225	0.00417	0.03020	0.00672	0.04761
156	0.01737	0.01487	0.01567	0.01399	0.01792	0.01718	0.01091	0.06208	0.67823	0.02919	0.02740	0.02517	0.02052	0.00924	0.00696	0.00231	0.00550	0.00767	0.00696	0.01086
157	0.01538	0.01246	0.01349	0.01219	0.01559	0.01376	0.00945	0.02944	0.48851	0.05572	0.13713	0.03422	0.11148	0.01094	0.00726	0.00229	0.00486	0.00922	0.00704	0.00958
158	0.00948	0.00694	0.00891	0.00867	0.01026	0.00638	0.00650	0.01241	0.01840	0.02557	0.57532	0.10539	0.12496	0.01505	0.00817	0.00225	0.00342	0.03832	0.00728	0.00632
159	0.00932	0.00659	0.00816	0.00897	0.00985	0.00629	0.00614	0.01157	0.04043	0.01958	0.13063	0.46341	0.08847	0.08512	0.01058	0.00290	0.00407	0.01583	0.06626	0.00583
160	0.00977	0.00733	0.01100	0.01100	0.01222	0.00855	0.00855	0.01222	0.01100	0.01588	0.01833	0.02688	0.01710	0.05131	0.73245	0.01100	0.01833	0.00733	0.00367	0.00611
161	0.01702	0.01470	0.01547	0.01392	0.01779	0.01702	0.01083	0.03635	0.70453	0.02862	0.02785	0.02553	0.02088	0.00928	0.00696	0.00232	0.00541	0.00773	0.00696	0.01083
162	0.01024	0.00735	0.01008	0.01142	0.01276	0.00718	0.00944	0.01294	0.01551	0.02043	0.10125	0.22299	0.05848	0.01895	0.00913	0.00295	0.00543	0.45090	0.00643	0.00614
163	0.01188	0.00594	0.00891	0.00891	0.00891	0.00594	0.00594	0.00891	0.00891	0.01188	0.01188	0.02080	0.01188	0.02377	0.02674	0.80095	0.00594	0.00594	0.00297	0.00297
164	0.04581	0.00891	0.01152	0.01203	0.01435	0.00873	0.01029	0.04169	0.01616	0.05057	0.03355	0.08763	0.06178	0.01650	0.00861	0.00281	0.00600	0.49015	0.00616	0.06673
165	0.00906	0.00646	0.00817	0.00901	0.00963	0.00603	0.00590	0.01013	0.01263	0.01707	0.05998	0.51689	0.03936	0.20171	0.01494	0.00362	0.00465	0.01610	0.00575	0.04292
166	0.00941	0.00708	0.00816	0.00820	0.01007	0.00631	0.00603	0.01188	0.03358	0.04068	0.22480	0.19665	0.37874	0.01684	0.00815	0.00236	0.00362	0.01452	0.00673	0.00620
167	0.01408	0.00662	0.00959	0.00917	0.00985	0.00643	0.00636	0.01204	0.01039	0.09385	0.01411	0.02130	0.01273	0.02127	0.02342	0.67159	0.00580	0.00607	0.04121	0.00413
168	0.02619	0.01886	0.02035	0.01560	0.02107	0.02077	0.01289	0.66774	0.03166	0.07016	0.01685	0.01670	0.01185	0.00822	0.00685	0.00206	0.00746	0.00619	0.00691	0.01164
169	0.01122	0.00790	0.00955	0.00998	0.01129	0.00786	0.00708	0.03707	0.08805	0.04809	0.03530	0.39916	0.09172	0.14128	0.01273	0.00331	0.00489	0.06096	0.00615	0.00641
170	0.00995	0.00710	0.00853	0.00816	0.01004	0.00634	0.00606	0.01241	0.01739	0.05185	0.40428	0.08347	0.28396	0.04885	0.00926	0.00243	0.00360	0.01304	0.00696	0.00629
171	0.64318	0.01289	0.01129	0.00967	0.01413	0.01423	0.00797	0.02291	0.01333	0.17712	0.01323	0.01369	0.00943	0.00680	0.00479	0.00212	0.00540	0.00438	0.00513	0.00831
172	0.01948	0.00996	0.01237	0.01075	0.01365	0.00964	0.00808	0.02387	0.12256	0.30599	0.05010	0.07027	0.02401	0.24229	0.01578	0.00362	0.00585	0.03658	0.00667	0.00849
173	0.00917	0.00696	0.00834	0.00800	0.00977	0.00624	0.00594	0.01176	0.01770	0.02384	0.46943	0.05568	0.27726	0.04872	0.00928	0.00241	0.00346	0.01295	0.00699	0.00613
174	0.00978	0.00730	0.01085	0.01085	0.01202	0.00847	0.00837	0.01212	0.01095	0.01578	0.01846	0.02760	0.01742	0.08009	0.70410	0.01082	0.01785	0.00744	0.00368	0.00603
175	0.03070	0.01164	0.01588	0.01217	0.01746	0.01006	0.01006	0.03334	0.01958	0.72163	0.02699	0.02329	0.01694	0.00847	0.00688	0.00212	0.00582	0.00688	0.00847	0.01164
176	0.04578	0.01051	0.01137	0.01054	0.01330	0.01094	0.00812	0.13382	0.14048	0.02584	0.07968	0.17087	0.21671	0.01398	0.00751	0.00233	0.00476	0.03688	0.04876	0.00781
177	0.00935	0.00670	0.00879	0.01013	0.01086	0.00645	0.00715	0.03734	0.01416	0.01883	0.03669	0.64799	0.04324	0.02062	0.00874	0.00279	0.00438	0.09355	0.00636	0.00588
178	0.00910	0.00654	0.00862	0.00901	0.01009	0.00607	0.00641	0.01144	0.01664	0.02311	0.42000	0.35672	0.05617	0.01722	0.00836	0.00242	0.00355	0.01544	0.00702	0.00607
179	0.00833	0.00599	0.00790	0.00944	0.00990	0.00556	0.00631	0.00954	0.01318	0.01750	0.03880	0.73126	0.06838	0.02129	0.00871	0.00276	0.00395	0.01928	0.00635	0.00556
180	0.01049	0.00740	0.00993	0.04407	0.01205	0.00780	0.00724	0.01187	0.01239	0.03538	0.08599	0.10998	0.10486	0.20043	0.22078	0.06887	0.02996	0.01020	0.00472	0.00559
181	0.00995	0.00802	0.00904	0.00858	0.01043	0.03578	0.00643	0.01276	0.01847	0.02487	0.53183	0.05303	0.21650	0.01450	0.00800	0.00217	0.00365	0.01254	0.00709	0.00635
182	0.00994	0.00666	0.00758	0.00758	0.00762	0.00670	0.00430	0.01003	0.00998	0.01335	0.02145	0.04416	0.02461	0.73550	0.05853	0.00678	0.00703	0.00986	0.00413	0.00421
183	0.01001	0.00758	0.01108	0.01095	0.01201	0.00889	0.00840	0.01218	0.01087	0.01566	0.01824	0.02808	0.01750	0.11689	0.63651	0.01025	0.04772	0.00752	0.00368	0.00598
184	0.01480	0.01453	0.02601	0.39180	0.27932	0.01588	0.12002	0.01937	0.01471	0.01984	0.01266	0.01782	0.00991	0.00642	0.00700	0.00220	0.00913	0.00638	0.00322	0.00897
185	0.01663	0.01595	0.02722	0.09509	0.66616	0.01618	0.02085	0.02073	0.01543	0.02198	0.01282	0.01703	0.01071	0.00615	0.00678	0.00205	0.00820	0.00609	0.00336	0.01059
186	0.01308	0.01232	0.02081	0.71518	0.07381	0.01524	0.01908	0.01762	0.01376	0.01767	0.01219	0.01819	0.00919	0.00681	0.00684	0.00227	0.00908	0.00608	0.00305	0.00773
187	0.01691	0.01632	0.02816	0.04158	0.69567	0.01629	0.04190	0.02102	0.01560	0.02234	0.01290	0.01698	0.01082	0.00609	0.00681	0.00204	0.00823	0.00616	0.00339	0.01079
188	0.01829	0.76368	0.03585	0.01171	0.01756	0.02707	0.01171	0.02049	0.01390	0.01610	0.00951	0.01097	0.00878	0.00585	0.00439	0.00146	0.00732	0.00366	0.00293	0.00878
189	0.00962	0.00699	0.00905	0.00854	0.01018	0.00643	0.00640	0.01278	0.01921	0.02706	0.68632	0.05172	0.09175	0.01413	0.00807	0.00216	0.00324	0.01246	0.00748	0.00643
190	0.07999	0.01306	0.02108	0.54351	0.17651	0.01542	0.01843	0.01839	0.01388	0.01954	0.01208	0.01739	0.00932	0.00665	0.00661	0.00222	0.00860	0.00589	0.00321	0.00822
191	0.01829	0.76368	0.03585	0.01171	0.01756	0.02707	0.01171	0.02049	0.01390	0.01610	0.00951	0.01097	0.00878	0.00585	0.00439	0.00146	0.00732	0.00366	0.00293	0.00878
192	0.00810	0.00689	0.00697	0.00703	0.00927	0.00577	0.00524	0.00981	0.01550	0.01844	0.06810	0.09224	0.68849	0.01748	0.00811	0.00233	0.00348	0.01463	0.00635	0.00577
193	0.00834	0.00595	0.00794	0.00953	0.00992	0.00556	0.00635	0.00953	0.01310	0.01746	0.03771	0.75510	0.04525	0.02143	0.00873	0.00278	0.00397	0.01945	0.00635	0.00556
194	0.01443	0.01418	0.01993	0.01725	0.01737	0.01968	0.01431	0.01603	0.01053	0.01640	0.00994	0.01619	0.00981	0.01601	0.09530	0.00381	0.67227	0.00612	0.00306	0.00734
195	0.01275	0.00638	0.00638	0.00638	0.00797	0.00638	0.00478	0.01594	0.01435	0.02551	0.02232	0.02551	0.01754	0.00797	0.00478	0.00159	0.00319	0.00638	0.79755	0.00638
196	0.01702	0.01470	0.01547	0.01392	0.01779	0.01702	0.01083	0.03635	0.70453	0.02862	0.02785	0.02553	0.02088	0.00928	0.00696	0.00232	0.00541	0.00773	0.00696	0.01083
197	0.02556	0.03261	0.01939	0.01763	0.02115	0.73210	0.01322	0.02732	0.01939	0.01674	0.01058	0.01234	0.00881	0.00705	0.00617	0.00176	0.01234	0.00441	0.00353	0.00793
198	0.02601	0.01916	0.02053	0.01574	0.02122	0.02122	0.01300	0.69408	0.03217	0.04312	0.01643	0.01643	0.01163	0.00821	0.00684	0.00205	0.00753	0.00616	0.00684	0.01163
199	0.65146	0.01365	0.01325	0.04548	0.12362	0.01548	0.01001	0.02014	0.01234	0.02884	0.01016	0.01232	0.00801	0.00633	0.00474	0.00211	0.00589	0.00418	0.00405	0.00795
200	0.00834	0.00595	0.00794	0.00953	0.00992	0.00556	0.00635	0.00953	0.01310	0.01746	0.03771	0.75510	0.04525	0.02143	0.00873	0.00278	0.00397	0.01945	0.00635	0.00556
201	0.02556	0.03261	0.01939	0.01763	0.02115	0.73210	0.01322	0.02732	0.01939	0.01674	0.01058	0.01234	0.00881	0.00705	0.00617	0.00176	0.01234	0.00441	0.00353	0.00793
202	0.00835	0.00614	0.00776	0.00903	0.00973	0.00563	0.00609	0.00959	0.01339	0.01748	0.04225	0.61834	0.15282	0.04692	0.00955	0.00284	0.00398	0.01830	0.00627	0.00554
203	0.02246	0.01427	0.01624	0.01352	0.01802	0.01526	0.01082	0.14835	0.35640	0.24111	0.04990	0.02418	0.01964	0.00902	0.00696	0.00221	0.00583	0.00737	0.00742	0.01106
204	0.01292	0.01216	0.02052	0.74312	0.04712	0.01520	0.01900	0.01748	0.01368	0.01748	0.01216	0.01824	0.00912	0.00684	0.00684	0.00228	0.00912	0.00608	0.00304	0.00760
205	0.00995	0.00663	0.00746	0.00746	0.00746	0.00663	0.00415	0.00995	0.00995	0.01327	0.02156	0.04477	0.02487	0.75957	0.03482	0.00663	0.00663	0.00995	0.00415	0.00415
206	0.02865	0.01340	0.01681	0.01295	0.01814	0.01279	0.01067	0.20282	0.02282	0.51908	0.05162	0.02263	0.01747	0.00862	0.00692	0.00210	0.00616	0.00691	0.00801	0.01143
207	0.01292	0.01216	0.02052	0.74312	0.04712	0.01520	0.01900	0.01748	0.01368	0.01748	0.01216	0.01824	0.00912	0.00684	0.00684	0.00228	0.00912	0.00608	0.00304	0.00760
208	0.00834	0.00595	0.00794	0.00953	0.00992	0.00556	0.00635	0.00953	0.01310	0.01746	0.03771	0.75510	0.04525	0.02143	0.00873	0.00278	0.00397	0.01945	0.00635	0.00556
209	0.00834	0.00595	0.00794	0.00953	0.00992	0.00556	0.00635	0.00953	0.01310	0.01746	0.03771	0.75510	0.04525	0.02143	0.00873	0.00278	0.00397	0.01945	0.00635	0.00556
210	0.00937	0.00777	0.00822	0.00818	0.01040	0.00717	0.00616	0.01304	0.09045	0.01966	0.07933	0.08863	0.51954	0.05468	0.00943	0.00259	0.00401	0.04875	0.00634	0.00628
211	0.00981	0.00657	0.00750	0.00764	0.00768	0.00654	0.00434	0.00991	0.01022	0.01363	0.02296	0.10655	0.02664	0.69537	0.03255	0.00630	0.00640	0.01078	0.00434	0.00427
212	0.01275	0.00638	0.00638	0.00638	0.00797	0.00638	0.00478	0.01594	0.01435	0.02551	0.02232	0.02551	0.01754	0.00797	0.00478	0.00159	0.00319	0.00638	0.79755	0.00638
213	0.01044	0.00714	0.00852	0.00878	0.00963	0.00703	0.00599	0.04019	0.01370	0.01876	0.10103	0.21833	0.06225	0.32186	0.01905	0.00419	0.00526	0.06995	0.06242	0.00546
214	0.00879	0.00642	0.00791	0.00860	0.00975	0.00584	0.00605	0.01064	0.01510	0.02028	0.19358	0.41256	0.19579	0.01824	0.00826	0.00248	0.00366	0.01616	0.04406	0.00584
215	0.00815	0.00693	0.00703	0.00700	0.00928	0.00580	0.00525	0.00995	0.01576	0.01886	0.09683	0.06521	0.68635	0.01718	0.00808	0.00230	0.00346	0.01435	0.00640	0.00580
216	0.00818	0.00689	0.00709	0.00712	0.00932	0.00580	0.00531	0.00997	0.01569	0.01891	0.10163	0.09308	0.65303	0.01732	0.00811	0.00232	0.00347	0.01453	0.00641	0.00580
217	0.00845	0.00603	0.00806	0.00965	0.01010	0.00565	0.00654	0.00972	0.01321	0.01759	0.03765	0.72745	0.04501	0.02133	0.00876	0.00279	0.00406	0.04602	0.00635	0.00559
218	0.00925	0.00698	0.00854	0.00815	0.00995	0.00627	0.00611	0.01207	0.01834	0.02500	0.53845	0.05510	0.24090	0.01489	0.00807	0.00219	0.00329	0.01293	0.00721	0.00627
219	0.01090	0.00784	0.01086	0.01237	0.01397	0.00779	0.01078	0.01400	0.01574	0.02039	0.03758	0.07671	0.06712	0.01883	0.00939	0.00312	0.00618	0.64385	0.00630	0.00628
220	0.00981	0.00657	0.00750	0.00764	0.00768	0.00654	0.00434	0.00991	0.01023	0.01363	0.02297	0.10717	0.02666	0.69473	0.03253	0.00629	0.00640	0.01078	0.00434	0.00427
221	0.01419	0.01216	0.01419	0.01013	0.01621	0.00912	0.00811	0.01723	0.01419	0.02229	0.01216	0.01419	0.01013	0.00507	0.00507	0.00101	0.00507	0.00405	0.00405	0.80139
222	0.00955	0.00648	0.00762	0.00799	0.00813	0.00637	0.00474	0.00993	0.01097	0.01467	0.04422	0.21732	0.03089	0.56024	0.02777	0.00558	0.00589	0.01232	0.00477	0.00455
223	0.02620	0.01885	0.02034	0.01559	0.02106	0.02076	0.01288	0.66691	0.03165	0.07102	0.01686	0.01671	0.01185	0.00822	0.00685	0.00206	0.00746	0.00619	0.00691	0.01164
224	0.00873	0.00676	0.00773	0.00795	0.00951	0.00602	0.00571	0.01053	0.01532	0.01963	0.18897	0.18650	0.36928	0.09524	0.01104	0.00284	0.00392	0.03224	0.00636	0.00572
225	0.00980	0.00723	0.01050	0.01050	0.01155	0.00828	0.00793	0.01190	0.01085	0.01551	0.01878	0.02939	0.01819	0.15068	0.63457	0.01038	0.01668	0.00770	0.00373	0.00583
226	0.05727	0.01665	0.01748	0.01418	0.01888	0.04954	0.01144	0.35041	0.17639	0.14201	0.02087	0.04438	0.01545	0.00880	0.00676	0.00213	0.00671	0.00689	0.02296	0.01080
227	0.00973	0.00660	0.00773	0.00785	0.00810	0.00648	0.00469	0.01027	0.01150	0.01554	0.11041	0.12864	0.03224	0.57951	0.02841	0.00562	0.00589	0.01136	0.00483	0.00460
228	0.01211	0.00756	0.00973	0.00886	0.01101	0.00683	0.00676	0.01510	0.01896	0.11260	0.55495	0.04932	0.13240	0.01368	0.00792	0.00217	0.00358	0.01193	0.00751	0.00702
229	0.05081	0.02052	0.20455	0.01972	0.04877	0.01568	0.19919	0.13505	0.01824	0.06314	0.06256	0.02128	0.04287	0.00948	0.03533	0.00254	0.02912	0.00711	0.00457	0.00948
230	0.01724	0.59537	0.19491	0.01351	0.02034	0.02449	0.01484	0.02076	0.01403	0.01738	0.01015	0.01178	0.00875	0.00600	0.00488	0.00163	0.00796	0.00398	0.00292	0.00909
231	0.00852	0.00623	0.00793	0.00901	0.00978	0.00573	0.00613	0.00998	0.01403	0.01860	0.12036	0.55717	0.13167	0.04890	0.00959	0.00280	0.00392	0.01761	0.00640	0.00563
232	0.01588	0.01915	0.15188	0.16768	0.24100	0.01618	0.18652	0.02098	0.01511	0.04947	0.01329	0.01730	0.01018	0.00657	0.00770	0.00221	0.03945	0.00643	0.00344	0.00958
233	0.01903	0.02167	0.06461	0.02116	0.02612	0.19662	0.27695	0.11649	0.01833	0.02270	0.01423	0.04979	0.01186	0.00979	0.04272	0.00261	0.06542	0.00705	0.00403	0.00885
234	0.04191	0.00694	0.00874	0.00884	0.01003	0.00668	0.00629	0.01192	0.01592	0.02276	0.39278	0.23888	0.05044	0.10207	0.04209	0.00321	0.00455	0.01345	0.00653	0.00597
235	0.14900	0.10491	0.08977	0.03544	0.02146	0.14787	0.06855	0.16599	0.04689	0.02602	0.01376	0.04467	0.01130	0.00776	0.00680	0.00206	0.03845	0.00581	0.00444	0.00905
236	0.55889	0.04518	0.01362	0.01167	0.04286	0.04817	0.00907	0.06901	0.03777	0.07130	0.01193	0.01307	0.00907	0.00667	0.00489	0.00204	0.00599	0.00434	0.00464	0.02980
237	0.19897	0.01603	0.01755	0.03210	0.04213	0.06543	0.02726	0.14159	0.10175	0.05336	0.01504	0.04621	0.01244	0.00916	0.01015	0.00235	0.18850	0.00624	0.00486	0.00888

[dist]
# distance from previous block
# <min> <max>
0	3

[block]
# block no. 1 follows, 31 sequences, length 9
# corresponding to MSA columns:
# 282-290
name=unknown_B
#
# <colnr> <probs for GDERKNQSTAVLIFYWHMCP>
#	G	D	E	R	K	N	Q	S	T	A	V	L	I	F	Y	W	H	M	C	P
0	0.00994	0.00758	0.01148	0.01114	0.01238	0.00845	0.03395	0.01213	0.01120	0.01589	0.01984	0.07718	0.01968	0.13492	0.57066	0.00958	0.01567	0.00849	0.00390	0.00595
1	0.02109	0.20052	0.02197	0.01377	0.01841	0.13600	0.01154	0.29349	0.04413	0.02870	0.07922	0.02121	0.06431	0.00862	0.00633	0.00190	0.00753	0.00644	0.00538	0.00945
2	0.00993	0.00672	0.00789	0.00789	0.00804	0.00687	0.00468	0.01023	0.01008	0.01358	0.02116	0.04259	0.02393	0.67327	0.11982	0.00716	0.00806	0.00963	0.00409	0.00438
