[name]
unknown

[dist]
# distance from previous block
# <min> <max>
0	41

[block]
# block no. 0 follows, 33 sequences, length 24
# corresponding to MSA columns:
# 41-64
name=unknown_A
#
# <colnr> <probs for GDERKNQSTAVLIFYWHMCP>
#	G	D	E	R	K	N	Q	S	T	A	V	L	I	F	Y	W	H	M	C	P
0	0.07954	0.01609	0.01950	0.01550	0.02002	0.07330	0.11797	0.28080	0.04774	0.10302	0.07706	0.02442	0.01799	0.00876	0.00686	0.00211	0.00735	0.06680	0.00582	0.00935
1	0.06692	0.04317	0.09143	0.04560	0.29903	0.05710	0.07756	0.16602	0.01815	0.02552	0.01267	0.01525	0.00991	0.00635	0.00630	0.00194	0.00812	0.00557	0.00398	0.03939
2	0.04140	0.01642	0.02445	0.12011	0.38796	0.07635	0.09545	0.02235	0.10901	0.02149	0.01405	0.01718	0.01121	0.00641	0.00657	0.00203	0.00821	0.00608	0.00372	0.00953
3	0.07710	0.09427	0.02193	0.01724	0.04273	0.04672	0.04730	0.03525	0.01181	0.01799	0.00934	0.01389	0.00869	0.00973	0.01627	0.00253	0.51103	0.00541	0.00312	0.00764
4	0.53216	0.01345	0.01402	0.01145	0.01598	0.01468	0.06653	0.08024	0.03902	0.13794	0.01328	0.01401	0.00958	0.00663	0.00508	0.00205	0.00586	0.00472	0.00494	0.00836
5	0.00778	0.00667	0.00667	0.00667	0.00889	0.00556	0.00500	0.00945	0.01501	0.01778	0.06669	0.06336	0.72490	0.01667	0.00778	0.00222	0.00333	0.01389	0.00611	0.00556
6	0.01644	0.01818	0.01939	0.51051	0.03711	0.25421	0.01645	0.01994	0.01497	0.01659	0.01120	0.01568	0.00868	0.00665	0.00637	0.00203	0.00980	0.00532	0.00308	0.00742
7	0.00785	0.00640	0.00694	0.00738	0.00908	0.00550	0.00532	0.00937	0.01432	0.01751	0.05807	0.26203	0.53179	0.01779	0.00796	0.00235	0.00347	0.01526	0.00611	0.00550
8	0.01365	0.01170	0.01365	0.00975	0.01560	0.00878	0.00780	0.01658	0.01365	0.02145	0.01170	0.01365	0.00975	0.00488	0.00488	0.00098	0.00488	0.00390	0.00390	0.80888
9	0.81514	0.01273	0.00968	0.00866	0.01273	0.01477	0.00713	0.01935	0.01120	0.02954	0.00917	0.01069	0.00713	0.00611	0.00407	0.00204	0.00509	0.00356	0.00407	0.00713
10	0.01366	0.00988	0.01306	0.01119	0.01418	0.00965	0.06585	0.05603	0.12731	0.10375	0.24753	0.08896	0.18712	0.01237	0.00745	0.00217	0.00471	0.01083	0.00657	0.00773
11	0.00790	0.00622	0.00713	0.00786	0.00921	0.00546	0.00553	0.00931	0.01386	0.01732	0.05217	0.39822	0.39941	0.01856	0.00808	0.00244	0.00357	0.01620	0.00611	0.00546
12	0.00802	0.00573	0.00764	0.00917	0.00955	0.00535	0.00611	0.00917	0.01260	0.01681	0.03628	0.76434	0.04354	0.02062	0.00840	0.00267	0.00382	0.01872	0.00611	0.00535
13	0.01760	0.77260	0.03450	0.01126	0.01690	0.02605	0.01126	0.01971	0.01338	0.01549	0.00915	0.01056	0.00845	0.00563	0.00422	0.00141	0.00704	0.00352	0.00282	0.00845
14	0.01320	0.03405	0.73453	0.01876	0.02849	0.01529	0.02432	0.02085	0.01390	0.02085	0.01181	0.01390	0.00834	0.00625	0.00625	0.00208	0.00973	0.00486	0.00278	0.00973
15	0.00813	0.00581	0.00774	0.00909	0.00957	0.00542	0.00612	0.00944	0.01311	0.01761	0.09399	0.70434	0.04510	0.02002	0.00835	0.00262	0.00376	0.01814	0.00621	0.00542
16	0.01733	0.01776	0.02526	0.06662	0.59686	0.12076	0.01904	0.02094	0.01544	0.02053	0.01204	0.01571	0.01008	0.00603	0.00644	0.00193	0.00845	0.00563	0.00326	0.00989
17	0.14291	0.12542	0.14537	0.05281	0.02038	0.06958	0.01316	0.07881	0.16531	0.10085	0.01594	0.01632	0.01179	0.00711	0.00578	0.00198	0.00713	0.00530	0.00476	0.00929
18	0.01355	0.01338	0.02382	0.21442	0.16241	0.01462	0.18184	0.01729	0.01392	0.01918	0.05750	0.09670	0.01622	0.00878	0.00926	0.00230	0.11512	0.00801	0.00367	0.00800
19	0.05654	0.59265	0.03031	0.01217	0.01737	0.13379	0.01134	0.04966	0.01482	0.01734	0.00959	0.01099	0.00851	0.00593	0.00458	0.00151	0.00769	0.00373	0.00312	0.00838
20	0.00980	0.04305	0.01142	0.01033	0.01161	0.00891	0.00802	0.01195	0.01063	0.01508	0.01749	0.02659	0.01671	0.10766	0.64829	0.00980	0.01619	0.00710	0.00353	0.00584
21	0.06408	0.20978	0.06203	0.01519	0.06216	0.01990	0.01271	0.33580	0.04291	0.09270	0.01456	0.01497	0.01080	0.00707	0.00584	0.00185	0.00704	0.00523	0.00522	0.01013
22	0.01958	0.17349	0.13178	0.01956	0.08478	0.30013	0.10927	0.05164	0.01668	0.01892	0.01108	0.01327	0.00894	0.00628	0.00598	0.00180	0.00995	0.00489	0.00330	0.00867
23	0.01729	0.65651	0.05897	0.01180	0.01737	0.02452	0.01167	0.02153	0.09476	0.01709	0.01130	0.01231	0.00979	0.00604	0.00459	0.00153	0.00693	0.00403	0.00326	0.00873

[dist]
# distance from previous block
# <min> <max>
5	14

[block]
# block no. 1 follows, 33 sequences, length 33
# corresponding to MSA columns:
# 79-111
name=unknown_B
#
# <colnr> <probs for GDERKNQSTAVLIFYWHMCP>
#	G	D	E	R	K	N	Q	S	T	A	V	L	I	F	Y	W	H	M	C	P
0	0.04250	0.01668	0.02363	0.07106	0.50753	0.08268	0.01765	0.05277	0.04470	0.02219	0.01276	0.01597	0.01046	0.00617	0.00632	0.00191	0.00788	0.00562	0.00361	0.04791
1	0.08719	0.01233	0.01976	0.58769	0.13455	0.01478	0.01751	0.01751	0.01323	0.01863	0.01156	0.01675	0.00885	0.00644	0.00634	0.00215	0.00831	0.00564	0.00308	0.00772
2	0.17969	0.01719	0.01991	0.15804	0.28074	0.14331	0.01525	0.05281	0.03474	0.02243	0.01178	0.01482	0.00942	0.00639	0.00594	0.00198	0.00805	0.00516	0.00364	0.00873
3	0.04239	0.01572	0.01794	0.20082	0.07539	0.11554	0.01323	0.12924	0.06373	0.17184	0.03435	0.01827	0.01291	0.00731	0.00637	0.00197	0.00754	0.00589	0.00511	0.05444
4	0.24522	0.01394	0.01822	0.09114	0.27574	0.01514	0.01371	0.05975	0.10888	0.05053	0.03746	0.01719	0.01258	0.00686	0.00590	0.00205	0.00651	0.00565	0.00441	0.00912
5	0.09696	0.01718	0.01970	0.04555	0.23352	0.14318	0.03798	0.04733	0.10222	0.08832	0.01477	0.01634	0.01138	0.00662	0.00608	0.00187	0.00756	0.00548	0.00441	0.09353
6	0.01521	0.01596	0.03063	0.02254	0.02785	0.01572	0.45734	0.04800	0.03622	0.02132	0.01430	0.05640	0.01193	0.00717	0.00902	0.00217	0.09736	0.00758	0.00372	0.09955
7	0.05166	0.00728	0.00925	0.01031	0.04001	0.00676	0.00696	0.01137	0.01365	0.01938	0.11608	0.48244	0.07666	0.01663	0.00767	0.00236	0.00409	0.03037	0.00581	0.08125
8	0.24623	0.01908	0.01659	0.01361	0.01816	0.15067	0.01098	0.36988	0.04270	0.03310	0.01323	0.01390	0.00981	0.00723	0.00577	0.00195	0.00743	0.00500	0.00530	0.00938
9	0.01243	0.01170	0.01975	0.75282	0.04534	0.01463	0.01828	0.01682	0.01316	0.01682	0.01170	0.01755	0.00878	0.00658	0.00658	0.00219	0.00878	0.00585	0.00293	0.00731
10	0.01629	0.01564	0.02672	0.04041	0.72757	0.01564	0.02020	0.02020	0.01499	0.02151	0.01238	0.01629	0.01043	0.00587	0.00652	0.00196	0.00782	0.00587	0.00326	0.01043
11	0.01445	0.21432	0.52541	0.01806	0.06252	0.01795	0.02090	0.02054	0.01383	0.01957	0.01119	0.01321	0.00848	0.00608	0.00577	0.00191	0.00897	0.00459	0.00281	0.00945
12	0.01489	0.01342	0.02224	0.32606	0.31685	0.01464	0.04166	0.03815	0.03890	0.04294	0.01454	0.06030	0.01219	0.00723	0.00671	0.00212	0.00792	0.00674	0.00366	0.00886
13	0.01243	0.01170	0.01975	0.75282	0.04534	0.01463	0.01828	0.01682	0.01316	0.01682	0.01170	0.01755	0.00878	0.00658	0.00658	0.00219	0.00878	0.00585	0.00293	0.00731
14	0.01570	0.01504	0.02565	0.14938	0.62322	0.01549	0.01991	0.01969	0.01471	0.02079	0.01228	0.01649	0.01018	0.00598	0.00653	0.00199	0.00797	0.00586	0.00321	0.00995
15	0.01325	0.01577	0.09432	0.08579	0.02847	0.01353	0.39220	0.01793	0.01481	0.01989	0.02135	0.09990	0.06917	0.00923	0.00771	0.00233	0.00899	0.07344	0.00399	0.00795
16	0.01443	0.01946	0.16305	0.09355	0.05405	0.01556	0.45507	0.01996	0.01484	0.02042	0.01412	0.05805	0.01143	0.00662	0.00738	0.00221	0.01013	0.00760	0.00334	0.00874
17	0.01243	0.01170	0.01975	0.75282	0.04534	0.01463	0.01828	0.01682	0.01316	0.01682	0.01170	0.01755	0.00878	0.00658	0.00658	0.00219	0.00878	0.00585	0.00293	0.00731
18	0.01679	0.01311	0.08347	0.08978	0.02120	0.01111	0.11463	0.05203	0.03583	0.20711	0.02567	0.18816	0.06662	0.03364	0.00804	0.00237	0.00667	0.00979	0.00557	0.00841
19	0.04384	0.14364	0.40310	0.01591	0.02315	0.01625	0.04031	0.08346	0.01550	0.05990	0.01478	0.08450	0.01236	0.00773	0.00616	0.00202	0.00818	0.00620	0.00380	0.00921
20	0.01594	0.01598	0.05108	0.03852	0.67788	0.01530	0.01986	0.01996	0.01508	0.02165	0.03717	0.01736	0.01216	0.00614	0.00655	0.00196	0.00772	0.00604	0.00338	0.01026
21	0.01571	0.01504	0.02566	0.14864	0.62392	0.01549	0.01991	0.01969	0.01471	0.02080	0.01228	0.01648	0.01018	0.00597	0.00653	0.00199	0.00797	0.00586	0.00321	0.00995
22	0.04378	0.04171	0.02459	0.08896	0.02534	0.08308	0.22013	0.11906	0.05391	0.07163	0.01572	0.01824	0.03558	0.00775	0.00900	0.00219	0.11972	0.00655	0.00431	0.00875
23	0.01678	0.01633	0.02461	0.08044	0.47758	0.06429	0.05408	0.05844	0.05570	0.02221	0.03283	0.01745	0.01213	0.00663	0.00708	0.00202	0.03179	0.00611	0.00373	0.00978
24	0.09463	0.01378	0.02069	0.21079	0.14626	0.01514	0.09178	0.10103	0.04045	0.06361	0.01704	0.02114	0.04835	0.00786	0.00756	0.00218	0.05499	0.02976	0.00428	0.00865
25	0.01625	0.01494	0.01947	0.13400	0.11527	0.08083	0.09260	0.11193	0.09412	0.04744	0.02548	0.02669	0.15438	0.00903	0.00730	0.00211	0.02707	0.00775	0.00478	0.00857
26	0.18695	0.07906	0.04443	0.08681	0.14236	0.07028	0.01310	0.09305	0.03250	0.07140	0.01253	0.01459	0.00974	0.00675	0.00654	0.00193	0.05093	0.00497	0.00414	0.06793
27	0.08345	0.01766	0.04234	0.09412	0.18787	0.13907	0.01410	0.10404	0.08321	0.04893	0.04761	0.01744	0.01317	0.00722	0.00667	0.00196	0.03020	0.00573	0.00441	0.05080
28	0.14024	0.06768	0.05306	0.14529	0.08342	0.07953	0.04165	0.09603	0.07648	0.06561	0.03777	0.04094	0.01319	0.00757	0.00645	0.00204	0.02390	0.00603	0.00445	0.00865
29	0.03906	0.09678	0.18140	0.09094	0.04603	0.11236	0.05093	0.05326	0.04893	0.04180	0.05072	0.05982	0.06370	0.00847	0.00681	0.00204	0.02763	0.00684	0.00411	0.00837
30	0.05549	0.07739	0.10482	0.03069	0.01995	0.03567	0.09784	0.08337	0.05509	0.16201	0.04655	0.06594	0.07268	0.00885	0.00701	0.00206	0.02870	0.00743	0.00521	0.03324
31	0.01859	0.04221	0.05475	0.11330	0.16787	0.11001	0.01463	0.12479	0.06913	0.07746	0.01489	0.03699	0.01184	0.00748	0.00725	0.00198	0.05312	0.00593	0.00442	0.06336
32	0.05853	0.03398	0.08948	0.06721	0.09305	0.05356	0.06727	0.07033	0.07957	0.05534	0.03857	0.06995	0.01530	0.03928	0.00788	0.00214	0.02791	0.00679	0.00445	0.11941

[dist]
# distance from previous block
# <min> <max>
60	398

[block]
# block no. 2 follows, 33 sequences, length 37
# corresponding to MSA columns:
# 605-641
name=unknown_C
#
# <colnr> <probs for GDERKNQSTAVLIFYWHMCP>
#	G	D	E	R	K	N	Q	S	T	A	V	L	I	F	Y	W	H	M	C	P
0	0.05569	0.10741	0.08571	0.05491	0.19140	0.03360	0.06708	0.09279	0.04006	0.05074	0.04644	0.02018	0.05500	0.00933	0.03853	0.00236	0.02922	0.00635	0.00420	0.00899
1	0.03484	0.10606	0.12380	0.01782	0.14117	0.04792	0.01376	0.07652	0.11039	0.07657	0.05512	0.02494	0.06485	0.00976	0.02744	0.00228	0.00720	0.04565	0.00482	0.00909
2	0.03580	0.06026	0.16312	0.04959	0.16803	0.03974	0.05385	0.15100	0.01777	0.05754	0.02719	0.01713	0.02734	0.00752	0.01911	0.00204	0.00794	0.00571	0.00422	0.08509
3	0.01517	0.14809	0.36407	0.03917	0.14186	0.01686	0.01891	0.08053	0.01585	0.02223	0.06598	0.01670	0.01306	0.00679	0.00612	0.00194	0.00822	0.00547	0.00355	0.00944
4	0.01809	0.07279	0.16341	0.03472	0.09325	0.04490	0.01443	0.20334	0.06645	0.06183	0.04051	0.01919	0.04844	0.00754	0.00627	0.00189	0.00724	0.00601	0.00482	0.08489
5	0.03578	0.06237	0.22534	0.03682	0.02035	0.06697	0.01408	0.08392	0.14397	0.06558	0.06985	0.02101	0.01648	0.06316	0.00825	0.00230	0.00733	0.00624	0.00471	0.04548
6	0.04149	0.01197	0.07438	0.01067	0.01432	0.01009	0.00920	0.11327	0.04012	0.16216	0.22746	0.05411	0.15525	0.03618	0.00796	0.00224	0.00503	0.00948	0.00649	0.00812
7	0.01593	0.08076	0.09616	0.08222	0.11078	0.04912	0.01363	0.12862	0.01690	0.04473	0.07715	0.02142	0.04771	0.01285	0.09210	0.00297	0.05307	0.00645	0.00435	0.04309
8	0.01381	0.00986	0.01209	0.03402	0.01423	0.03273	0.00819	0.03339	0.01336	0.10314	0.01966	0.04290	0.04789	0.10841	0.26631	0.00526	0.00991	0.00691	0.00446	0.21347
9	0.01475	0.01214	0.01396	0.01050	0.01571	0.01031	0.00836	0.10503	0.04637	0.02431	0.04962	0.05103	0.01457	0.00660	0.00548	0.00129	0.00506	0.00540	0.00463	0.59487
10	0.00891	0.00648	0.00835	0.00946	0.01035	0.00615	0.00677	0.03153	0.01399	0.01849	0.07189	0.56023	0.10165	0.01924	0.00835	0.00263	0.00413	0.09956	0.00618	0.00568
11	0.01876	0.01308	0.01472	0.01259	0.01655	0.01393	0.00989	0.12127	0.36728	0.15361	0.02509	0.10479	0.02005	0.00965	0.00672	0.00212	0.00538	0.00808	0.00667	0.06977
12	0.01418	0.01168	0.01399	0.04372	0.01700	0.00908	0.00835	0.01715	0.01382	0.04722	0.01222	0.01415	0.00995	0.00507	0.00502	0.00107	0.00508	0.00409	0.00401	0.74316
13	0.06817	0.02013	0.19790	0.01488	0.02085	0.01631	0.01451	0.34408	0.02232	0.12721	0.01649	0.01831	0.01205	0.00982	0.04322	0.00248	0.00800	0.02758	0.00552	0.01015
14	0.01514	0.33097	0.40319	0.01637	0.02423	0.01973	0.06674	0.02041	0.01380	0.01870	0.01085	0.01282	0.00850	0.00595	0.00554	0.00182	0.00874	0.00453	0.00283	0.00915
15	0.01102	0.00980	0.01574	0.50442	0.03347	0.01160	0.01430	0.01440	0.01316	0.01694	0.02126	0.21532	0.05131	0.01102	0.00718	0.00234	0.00716	0.02887	0.00399	0.00669
16	0.02574	0.01288	0.06433	0.01226	0.01727	0.01060	0.01072	0.08436	0.01930	0.54353	0.07250	0.02564	0.01953	0.00885	0.00679	0.00209	0.00587	0.03974	0.00749	0.01051
17	0.02570	0.01276	0.02048	0.01538	0.02071	0.01149	0.16328	0.04998	0.01837	0.53091	0.02314	0.02281	0.01543	0.00788	0.00695	0.00211	0.00688	0.02824	0.00697	0.01053
18	0.01483	0.00804	0.01029	0.00976	0.01220	0.00728	0.00773	0.01697	0.01568	0.21914	0.08854	0.12354	0.19131	0.07724	0.00996	0.00274	0.00489	0.16613	0.00658	0.00716
19	0.03927	0.02879	0.52602	0.02248	0.12047	0.01550	0.11383	0.02075	0.01418	0.02124	0.01201	0.01463	0.00880	0.00610	0.00642	0.00208	0.00952	0.00534	0.00296	0.00963
20	0.01338	0.01281	0.02213	0.56968	0.18608	0.01494	0.05235	0.01773	0.01366	0.01800	0.01192	0.01730	0.00918	0.00638	0.00663	0.00215	0.00869	0.00595	0.00301	0.00804
21	0.01738	0.73569	0.06948	0.01164	0.01748	0.02551	0.01192	0.01977	0.01340	0.01576	0.00929	0.01073	0.00844	0.00566	0.00433	0.00144	0.00717	0.00359	0.00281	0.00851
22	0.01369	0.03102	0.61406	0.02174	0.10808	0.01541	0.06314	0.02079	0.01412	0.02094	0.01197	0.01439	0.00867	0.00617	0.00637	0.00208	0.00959	0.00515	0.00287	0.00976
23	0.01096	0.00899	0.04756	0.01304	0.04656	0.00794	0.03145	0.01290	0.01349	0.01784	0.02840	0.12765	0.05151	0.01779	0.01206	0.16678	0.00609	0.36817	0.00504	0.00579
24	0.01834	0.53063	0.15305	0.01296	0.01911	0.06770	0.01348	0.02142	0.01428	0.08000	0.01117	0.01227	0.00913	0.00604	0.00490	0.00160	0.00768	0.00407	0.00332	0.00886
25	0.01040	0.00749	0.01060	0.01186	0.01332	0.00769	0.01020	0.01332	0.01437	0.01894	0.03191	0.06597	0.03422	0.02353	0.13465	0.00432	0.00804	0.56750	0.00563	0.00603
26	0.01768	0.14920	0.07648	0.02515	0.18615	0.11829	0.26470	0.02176	0.01549	0.04552	0.01232	0.01530	0.00974	0.00595	0.00648	0.00193	0.00948	0.00589	0.00337	0.00912
27	0.00980	0.00763	0.01134	0.01111	0.01219	0.00917	0.00872	0.01208	0.01054	0.01533	0.01693	0.02496	0.01584	0.04639	0.68576	0.00997	0.07584	0.00695	0.00348	0.00598
28	0.00940	0.00705	0.01058	0.01058	0.01176	0.00823	0.00823	0.01176	0.01058	0.01528	0.01763	0.02586	0.01646	0.04937	0.74255	0.01058	0.01763	0.00705	0.00353	0.00588
29	0.09894	0.01176	0.01504	0.01164	0.01665	0.01075	0.00961	0.06990	0.01887	0.62989	0.02389	0.02099	0.01519	0.00795	0.00639	0.00203	0.00565	0.00631	0.00770	0.01084
30	0.03672	0.01548	0.02604	0.08449	0.61680	0.01575	0.04422	0.04248	0.01532	0.02205	0.01240	0.01627	0.01025	0.00597	0.00651	0.00198	0.00791	0.00588	0.00337	0.01011
31	0.01597	0.01523	0.02589	0.03892	0.69425	0.01520	0.01955	0.01984	0.01516	0.02173	0.04543	0.01782	0.01283	0.00622	0.00658	0.00196	0.00760	0.00615	0.00344	0.01023
32	0.00802	0.00573	0.00764	0.00917	0.00955	0.00535	0.00611	0.00917	0.01260	0.01681	0.03628	0.76434	0.04354	0.02062	0.00840	0.00267	0.00382	0.01872	0.00611	0.00535
33	0.66972	0.01493	0.01174	0.02802	0.04911	0.09608	0.00864	0.02011	0.01226	0.02736	0.00949	0.01125	0.00748	0.00618	0.00446	0.00200	0.00607	0.00380	0.00393	0.00735
34	0.00800	0.00582	0.00754	0.00891	0.00948	0.00537	0.00600	0.00920	0.01285	0.01690	0.03936	0.69354	0.11236	0.02023	0.00834	0.00263	0.00377	0.01823	0.00611	0.00537
35	0.01629	0.01564	0.02672	0.04041	0.72757	0.01564	0.02020	0.02020	0.01499	0.02151	0.01238	0.01629	0.01043	0.00587	0.00652	0.00196	0.00782	0.00587	0.00326	0.01043
36	0.59574	0.01474	0.01290	0.05839	0.07044	0.07524	0.00958	0.05728	0.01331	0.02768	0.01002	0.01192	0.00782	0.00627	0.00471	0.00201	0.00621	0.00407	0.00402	0.00766

[dist]
# distance from previous block
# <min> <max>
0	2

[block]
# block no. 3 follows, 33 sequences, length 40
# corresponding to MSA columns:
# 644-683
name=unknown_D
#
# <colnr> <probs for GDERKNQSTAVLIFYWHMCP>
#	G	D	E	R	K	N	Q	S	T	A	V	L	I	F	Y	W	H	M	C	P
0	0.01592	0.01555	0.02612	0.11100	0.55045	0.03825	0.07688	0.01970	0.01473	0.02046	0.01229	0.01654	0.01019	0.00655	0.00730	0.03101	0.00825	0.00597	0.00322	0.00961
1	0.01736	0.01584	0.02339	0.12875	0.41474	0.06057	0.04202	0.04920	0.09895	0.06227	0.01480	0.01755	0.01158	0.00658	0.00657	0.00202	0.00786	0.00606	0.00404	0.00985
2	0.00790	0.00619	0.00716	0.00793	0.00922	0.00545	0.00556	0.00931	0.01379	0.01729	0.05134	0.41716	0.38100	0.01867	0.00809	0.00245	0.00358	0.01633	0.00611	0.00545
3	0.01489	0.01396	0.02057	0.25491	0.13615	0.01740	0.01608	0.06096	0.07261	0.01960	0.01217	0.01664	0.01008	0.00863	0.01230	0.00241	0.29292	0.00596	0.00350	0.00825
4	0.02954	0.01120	0.01528	0.01171	0.01681	0.00968	0.00968	0.03208	0.01884	0.73213	0.02597	0.02241	0.01630	0.00815	0.00662	0.00204	0.00560	0.00662	0.00815	0.01120
5	0.01668	0.01520	0.02016	0.24452	0.18179	0.06970	0.03616	0.08414	0.17229	0.04516	0.01757	0.01975	0.03303	0.00739	0.00662	0.00209	0.00768	0.00641	0.00447	0.00918
6	0.01855	0.67293	0.03242	0.01195	0.01736	0.09223	0.01145	0.04846	0.01459	0.01661	0.00952	0.01090	0.00856	0.00583	0.00448	0.00146	0.00750	0.00369	0.00302	0.00849
7	0.01371	0.11964	0.65341	0.01789	0.02715	0.01654	0.02281	0.02072	0.01384	0.02023	0.01151	0.01351	0.00835	0.00618	0.00602	0.00201	0.00942	0.00471	0.00278	0.00958
8	0.00953	0.00655	0.00803	0.00803	0.00832	0.00684	0.00505	0.01012	0.00983	0.01339	0.01997	0.03878	0.02207	0.58895	0.21064	0.00743	0.00919	0.00894	0.00387	0.00446
9	0.01760	0.77260	0.03450	0.01126	0.01690	0.02605	0.01126	0.01971	0.01338	0.01549	0.00915	0.01056	0.00845	0.00563	0.00422	0.00141	0.00704	0.00352	0.00282	0.00845
10	0.02783	0.01083	0.01473	0.01142	0.01622	0.00938	0.00938	0.03043	0.01882	0.67262	0.08484	0.02466	0.02016	0.00860	0.00672	0.00204	0.00539	0.00707	0.00807	0.01078
11	0.00808	0.00668	0.00709	0.00699	0.00908	0.00569	0.00524	0.01003	0.01572	0.01948	0.19584	0.06057	0.59469	0.01604	0.00778	0.00219	0.00329	0.01350	0.00634	0.00569
12	0.81514	0.01273	0.00968	0.00866	0.01273	0.01477	0.00713	0.01935	0.01120	0.02954	0.00917	0.01069	0.00713	0.00611	0.00407	0.00204	0.00509	0.00356	0.00407	0.00713
13	0.81514	0.01273	0.00968	0.00866	0.01273	0.01477	0.00713	0.01935	0.01120	0.02954	0.00917	0.01069	0.00713	0.00611	0.00407	0.00204	0.00509	0.00356	0.00407	0.00713
14	0.00802	0.00573	0.00764	0.00917	0.00955	0.00535	0.00611	0.00917	0.01260	0.01681	0.03628	0.76434	0.04354	0.02062	0.00840	0.00267	0.00382	0.01872	0.00611	0.00535
15	0.00802	0.00573	0.00764	0.00917	0.00955	0.00535	0.00611	0.00917	0.01260	0.01681	0.03628	0.76434	0.04354	0.02062	0.00840	0.00267	0.00382	0.01872	0.00611	0.00535
16	0.01364	0.10769	0.66473	0.01802	0.02734	0.01636	0.02302	0.02074	0.01385	0.02031	0.01155	0.01357	0.00835	0.00619	0.00605	0.00202	0.00946	0.00473	0.00278	0.00960
17	0.74788	0.07681	0.01177	0.00888	0.01308	0.01572	0.00748	0.01938	0.01139	0.02835	0.00917	0.01068	0.00724	0.00607	0.00409	0.00198	0.00526	0.00356	0.00397	0.00724
18	0.00802	0.00573	0.00764	0.00917	0.00955	0.00535	0.00611	0.00917	0.01260	0.01681	0.03628	0.76434	0.04354	0.02062	0.00840	0.00267	0.00382	0.01872	0.00611	0.00535
19	0.01619	0.52662	0.20507	0.01298	0.01964	0.02194	0.01419	0.01973	0.01353	0.01731	0.01002	0.01164	0.00853	0.00572	0.00478	0.00154	0.00752	0.00388	0.00290	0.07626
20	0.00949	0.00670	0.00876	0.00876	0.00931	0.00724	0.00597	0.01059	0.01004	0.01394	0.01929	0.03506	0.02045	0.43342	0.36396	0.00834	0.01163	0.00840	0.00377	0.00487
21	0.00954	0.00644	0.00732	0.00735	0.00752	0.00639	0.00430	0.00978	0.01019	0.01355	0.04396	0.04487	0.04733	0.69885	0.03116	0.00602	0.00618	0.03086	0.00422	0.00417
22	0.01434	0.17494	0.51544	0.01839	0.02696	0.01753	0.10353	0.02066	0.01400	0.01984	0.01148	0.01372	0.00856	0.00605	0.00604	0.00197	0.00937	0.00495	0.00285	0.00938
23	0.04711	0.09332	0.03659	0.01781	0.06852	0.56929	0.01320	0.04641	0.01800	0.01774	0.01042	0.01220	0.00865	0.00662	0.00580	0.00172	0.01078	0.00434	0.00344	0.00804
24	0.00943	0.00692	0.00991	0.00990	0.01087	0.00784	0.00740	0.01138	0.01061	0.01512	0.03737	0.02964	0.01906	0.17981	0.59307	0.00958	0.01518	0.00765	0.00371	0.00554
25	0.68595	0.04947	0.04118	0.00982	0.01415	0.07068	0.00845	0.01996	0.01198	0.02752	0.00935	0.01091	0.00734	0.00615	0.00431	0.00198	0.00589	0.00367	0.00391	0.00733
26	0.05208	0.11160	0.20177	0.01889	0.13348	0.09826	0.01581	0.13738	0.01792	0.10633	0.01532	0.01637	0.03235	0.00699	0.00608	0.00192	0.00806	0.00540	0.00435	0.00963
27	0.06477	0.25673	0.28193	0.01480	0.02164	0.05001	0.01596	0.14699	0.01714	0.05553	0.01214	0.01333	0.00919	0.00647	0.00556	0.00183	0.00808	0.00462	0.00384	0.00943
28	0.11717	0.39139	0.10121	0.01344	0.04696	0.04660	0.01240	0.10454	0.01584	0.04653	0.01338	0.01444	0.03836	0.00663	0.00510	0.00172	0.00711	0.00462	0.00379	0.00879
29	0.03727	0.07516	0.34520	0.01847	0.04530	0.01779	0.09421	0.23934	0.01945	0.02734	0.01303	0.01470	0.00947	0.00665	0.00635	0.00202	0.00874	0.00543	0.00410	0.00997
30	0.03664	0.21061	0.34174	0.01474	0.02133	0.01640	0.04428	0.01961	0.03673	0.04442	0.01559	0.01893	0.04316	0.07254	0.03464	0.00260	0.00840	0.00565	0.00345	0.00857
31	0.10706	0.03946	0.11770	0.01234	0.01601	0.04058	0.01122	0.10008	0.01468	0.05386	0.04068	0.02078	0.01461	0.02681	0.34811	0.00597	0.01213	0.00612	0.00417	0.00763
32	0.41061	0.01920	0.20622	0.01303	0.01901	0.01510	0.04394	0.09455	0.01448	0.02745	0.01100	0.01268	0.00825	0.00622	0.00517	0.00196	0.00682	0.00439	0.00395	0.07596
33	0.01732	0.33780	0.16755	0.01486	0.04712	0.11938	0.01407	0.04474	0.08649	0.01956	0.03764	0.01472	0.01175	0.00659	0.00543	0.00172	0.00787	0.00477	0.00362	0.03699
34	0.01278	0.09405	0.12787	0.01274	0.01624	0.01170	0.08856	0.04335	0.01367	0.04237	0.07894	0.10623	0.02239	0.23771	0.05989	0.00388	0.00766	0.00876	0.00432	0.00690
35	0.07743	0.04310	0.17608	0.01323	0.01883	0.04567	0.01283	0.09039	0.01815	0.31942	0.10028	0.02128	0.01808	0.00803	0.00638	0.00201	0.00669	0.00635	0.00601	0.00976
36	0.01555	0.12303	0.11970	0.01231	0.01659	0.01344	0.02858	0.07713	0.07755	0.10953	0.07754	0.07005	0.11563	0.04878	0.03063	0.00255	0.02448	0.02338	0.00526	0.00828
37	0.05815	0.24329	0.17489	0.01357	0.01935	0.04038	0.01366	0.13299	0.01747	0.11938	0.04063	0.01992	0.01399	0.00775	0.00590	0.00192	0.00730	0.05565	0.00463	0.00920
38	0.04108	0.09069	0.20249	0.03535	0.05843	0.07088	0.06166	0.20219	0.05850	0.04184	0.01394	0.01558	0.01051	0.00844	0.03478	0.00227	0.00864	0.00545	0.00434	0.03293
39	0.07938	0.11474	0.19407	0.01874	0.12597	0.09252	0.03206	0.12549	0.01718	0.04748	0.03753	0.01680	0.03378	0.00718	0.00649	0.00195	0.02987	0.00552	0.00405	0.00919

[dist]
# distance from previous block
# <min> <max>
3	44

[block]
# block no. 4 follows, 33 sequences, length 26
# corresponding to MSA columns:
# 729-754
name=unknown_E
#
# <colnr> <probs for GDERKNQSTAVLIFYWHMCP>
#	G	D	E	R	K	N	Q	S	T	A	V	L	I	F	Y	W	H	M	C	P
0	0.06366	0.01125	0.01349	0.01078	0.01546	0.00994	0.00866	0.02293	0.09307	0.24311	0.02057	0.07335	0.01658	0.00819	0.00604	0.00173	0.00514	0.04028	0.00581	0.32998
1	0.01040	0.00761	0.00976	0.01120	0.08779	0.00752	0.00621	0.01109	0.01053	0.01438	0.02014	0.07536	0.02260	0.58802	0.05489	0.00564	0.00678	0.00931	0.00400	0.03677
2	0.03985	0.01924	0.09816	0.01476	0.02057	0.01833	0.01314	0.53197	0.02655	0.03654	0.01472	0.01522	0.01062	0.00732	0.00629	0.00187	0.00719	0.00551	0.00579	0.10637
3	0.02375	0.10276	0.04841	0.01485	0.02033	0.02085	0.01282	0.60358	0.02836	0.03782	0.01492	0.01515	0.01078	0.00759	0.00631	0.00192	0.00732	0.00562	0.00602	0.01084
4	0.01760	0.77260	0.03450	0.01126	0.01690	0.02605	0.01126	0.01971	0.01338	0.01549	0.00915	0.01056	0.00845	0.00563	0.00422	0.00141	0.00704	0.00352	0.00282	0.00845
5	0.07824	0.71482	0.03261	0.01107	0.01658	0.02519	0.01095	0.01969	0.01321	0.01656	0.00915	0.01057	0.00835	0.00567	0.00421	0.00146	0.00689	0.00352	0.00291	0.00835
6	0.01467	0.27978	0.50162	0.01627	0.02463	0.01887	0.01998	0.02047	0.01373	0.01907	0.01093	0.01279	0.00838	0.00605	0.00558	0.00186	0.00883	0.00442	0.00279	0.00930
7	0.00817	0.00591	0.00757	0.00875	0.00932	0.00548	0.00585	0.00937	0.01286	0.01701	0.06847	0.61396	0.10481	0.07682	0.01023	0.00289	0.00394	0.01728	0.00600	0.00530
8	0.02472	0.04965	0.02037	0.01499	0.02027	0.02065	0.01246	0.67724	0.03023	0.04041	0.01553	0.01559	0.01108	0.00781	0.00649	0.00195	0.00724	0.00583	0.00643	0.01108
9	0.02275	0.01879	0.11210	0.01476	0.02027	0.01756	0.01323	0.45030	0.08443	0.12237	0.01765	0.01810	0.01267	0.03515	0.00752	0.00218	0.00716	0.00613	0.00620	0.01068
10	0.44802	0.17447	0.01745	0.01084	0.01554	0.01857	0.00936	0.19216	0.01663	0.02958	0.01083	0.01195	0.00843	0.00646	0.00474	0.00189	0.00605	0.00415	0.00444	0.00843
11	0.01891	0.63394	0.03153	0.01233	0.01754	0.16002	0.01154	0.02094	0.01436	0.01561	0.00934	0.01081	0.00845	0.00585	0.00454	0.00146	0.00794	0.00365	0.00292	0.00830
12	0.01129	0.00772	0.00858	0.00806	0.00865	0.00794	0.00494	0.08685	0.01195	0.01595	0.02019	0.04005	0.02252	0.68417	0.03052	0.00589	0.00648	0.00917	0.00428	0.00479
13	0.01594	0.49375	0.29880	0.01410	0.02128	0.02199	0.01619	0.02014	0.01357	0.01751	0.01016	0.01182	0.00841	0.00587	0.00499	0.00166	0.00806	0.00403	0.00280	0.00893
14	0.01578	0.22306	0.46380	0.01661	0.02448	0.11071	0.01950	0.02125	0.01437	0.01887	0.01092	0.01278	0.00839	0.00616	0.00569	0.00186	0.00931	0.00444	0.00287	0.00913
15	0.01384	0.01162	0.04722	0.01016	0.01236	0.03456	0.00769	0.18585	0.01627	0.02133	0.02481	0.08267	0.09853	0.38174	0.01997	0.00420	0.00644	0.00931	0.00494	0.00647
16	0.17529	0.47428	0.05294	0.01170	0.01696	0.07801	0.01107	0.05790	0.01450	0.04198	0.01021	0.01146	0.00858	0.00604	0.00460	0.00163	0.00710	0.00386	0.00348	0.00841
17	0.05268	0.10227	0.55546	0.05034	0.05226	0.01643	0.02149	0.03947	0.01420	0.02117	0.01156	0.01372	0.00847	0.00623	0.00599	0.00201	0.00907	0.00478	0.00297	0.00944
18	0.10102	0.14713	0.11298	0.01235	0.01668	0.11803	0.01114	0.04751	0.01500	0.09885	0.01788	0.16585	0.01707	0.04193	0.00721	0.00214	0.00695	0.00758	0.00454	0.04816
19	0.11254	0.55629	0.05233	0.01122	0.01635	0.02234	0.01084	0.05189	0.01392	0.01872	0.01183	0.07374	0.01134	0.00707	0.00474	0.00164	0.00664	0.00495	0.00342	0.00821
20	0.01233	0.10773	0.13579	0.01247	0.01592	0.01177	0.04037	0.09038	0.01527	0.02054	0.04674	0.40754	0.02881	0.01407	0.00727	0.00230	0.00588	0.01240	0.00511	0.00730
21	0.07465	0.25936	0.09215	0.01343	0.01834	0.12970	0.01222	0.19228	0.01842	0.02378	0.01426	0.09611	0.01294	0.00814	0.00573	0.00185	0.00760	0.00606	0.00430	0.00870
22	0.01490	0.27527	0.32306	0.01436	0.02089	0.01776	0.01603	0.07639	0.01525	0.02062	0.04974	0.09803	0.01522	0.00814	0.00592	0.00191	0.00763	0.00640	0.00371	0.00876
23	0.06274	0.20757	0.40553	0.01656	0.02406	0.10819	0.04900	0.02118	0.01428	0.01950	0.01089	0.01284	0.00839	0.00613	0.00567	0.00188	0.00914	0.00452	0.00296	0.00897
24	0.01678	0.21669	0.40903	0.01612	0.02389	0.01907	0.01857	0.16359	0.01733	0.02381	0.01198	0.01346	0.00896	0.00644	0.00581	0.00189	0.00853	0.00475	0.00358	0.00971
25	0.01647	0.01453	0.12007	0.01250	0.01586	0.01245	0.01096	0.26326	0.01767	0.02398	0.01422	0.05184	0.01237	0.01488	0.01510	0.35945	0.00678	0.00627	0.00435	0.00701

[dist]
# distance from previous block
# <min> <max>
5	33

[block]
# block no. 5 follows, 33 sequences, length 13
# corresponding to MSA columns:
# 788-800
name=unknown_F
#
# <colnr> <probs for GDERKNQSTAVLIFYWHMCP>
#	G	D	E	R	K	N	Q	S	T	A	V	L	I	F	Y	W	H	M	C	P
0	0.23219	0.01558	0.07364	0.09730	0.26253	0.03719	0.01463	0.04784	0.01477	0.07356	0.04261	0.01662	0.01192	0.00770	0.02397	0.00223	0.00732	0.00545	0.00406	0.00887
1	0.04158	0.01599	0.05834	0.05832	0.32153	0.01550	0.04136	0.09613	0.15313	0.02482	0.01537	0.01738	0.01202	0.00662	0.00634	0.00194	0.00711	0.00592	0.00435	0.09626
2	0.01871	0.01613	0.02112	0.20593	0.23018	0.06097	0.01590	0.21330	0.08234	0.04868	0.01476	0.01714	0.01117	0.00702	0.00654	0.00203	0.00784	0.00595	0.00458	0.00972
3	0.03265	0.01655	0.17128	0.01925	0.17332	0.01219	0.05721	0.01983	0.07393	0.08393	0.08522	0.02853	0.15025	0.00904	0.00679	0.00206	0.00660	0.00787	0.00480	0.03871
4	0.01466	0.01398	0.02378	0.34112	0.43959	0.01521	0.01939	0.01878	0.01422	0.01953	0.01210	0.01682	0.00973	0.00617	0.00654	0.00206	0.00822	0.00586	0.00312	0.00911
5	0.01306	0.02739	0.55193	0.01582	0.02376	0.01315	0.01957	0.01954	0.01387	0.02158	0.01363	0.01589	0.01004	0.00643	0.00586	0.00191	0.00817	0.00504	0.15412	0.05925
6	0.02304	0.02813	0.01795	0.01629	0.01974	0.60537	0.01229	0.02793	0.15006	0.01827	0.01331	0.01426	0.01067	0.00719	0.00608	0.00180	0.01062	0.00484	0.00402	0.00816
7	0.01342	0.01234	0.01770	0.01283	0.01847	0.00994	0.13870	0.01671	0.01414	0.02101	0.01754	0.01943	0.08181	0.00619	0.00571	0.00134	0.00589	0.00564	0.00402	0.57717
8	0.00926	0.00687	0.01008	0.01025	0.01128	0.00782	0.00778	0.01136	0.01075	0.01532	0.01983	0.10757	0.01981	0.08330	0.62567	0.00950	0.01554	0.00846	0.00383	0.00572
9	0.01166	0.00756	0.01000	0.00932	0.01127	0.00735	0.00720	0.01510	0.04355	0.09635	0.44385	0.04245	0.07378	0.01979	0.14617	0.00371	0.00628	0.03127	0.00653	0.00679
10	0.02631	0.01130	0.01612	0.15143	0.02219	0.01061	0.01130	0.02921	0.01777	0.59728	0.02328	0.02149	0.01488	0.00785	0.00661	0.00207	0.00620	0.00648	0.00716	0.01047
11	0.01492	0.01165	0.01495	0.15002	0.02132	0.00996	0.00995	0.01808	0.01405	0.08756	0.01305	0.01521	0.01018	0.00551	0.00536	0.00130	0.00568	0.00452	0.00412	0.58259
12	0.04732	0.01098	0.01220	0.01061	0.01384	0.03400	0.02639	0.06410	0.16645	0.12056	0.17142	0.03875	0.23338	0.01164	0.00710	0.00213	0.00480	0.00975	0.00652	0.00806

[dist]
# distance from previous block
# <min> <max>
0	6

[block]
# block no. 6 follows, 33 sequences, length 16
# corresponding to MSA columns:
# 807-822
name=unknown_G
#
# <colnr> <probs for GDERKNQSTAVLIFYWHMCP>
#	G	D	E	R	K	N	Q	S	T	A	V	L	I	F	Y	W	H	M	C	P
0	0.17178	0.05118	0.10741	0.03658	0.03465	0.08697	0.07157	0.07068	0.04491	0.09853	0.01355	0.01600	0.01043	0.00952	0.00932	0.14202	0.00746	0.00532	0.00419	0.00793
1	0.02019	0.01396	0.05167	0.01252	0.01660	0.04452	0.01036	0.16934	0.11097	0.23028	0.07176	0.15077	0.02263	0.01047	0.00691	0.00212	0.00589	0.00876	0.00659	0.03370
2	0.00939	0.00700	0.01027	0.01018	0.01142	0.00788	0.00788	0.01187	0.01198	0.01721	0.14029	0.02991	0.02439	0.04314	0.61497	0.00910	0.01511	0.00790	0.00417	0.00594
3	0.00908	0.00678	0.00875	0.00841	0.01001	0.00645	0.00636	0.01181	0.01663	0.02303	0.49139	0.04750	0.16514	0.02023	0.13534	0.00357	0.00567	0.01140	0.00641	0.00604
4	0.01723	0.01331	0.01521	0.01116	0.01683	0.01164	0.00904	0.18431	0.01811	0.06302	0.01343	0.01463	0.01044	0.00578	0.00538	0.00127	0.00549	0.00453	0.00477	0.57442
5	0.01524	0.01246	0.01430	0.01065	0.01602	0.01056	0.00850	0.13570	0.01658	0.02461	0.01410	0.06555	0.01232	0.00648	0.00541	0.00127	0.00521	0.00527	0.00452	0.61523
6	0.02003	0.01515	0.01590	0.01284	0.01685	0.03696	0.01027	0.47447	0.02513	0.03301	0.02536	0.05665	0.13696	0.04418	0.00888	0.03767	0.00645	0.00795	0.00611	0.00918
7	0.01256	0.00755	0.01088	0.01097	0.01265	0.00700	0.03821	0.01449	0.01428	0.14172	0.03322	0.47605	0.03630	0.01735	0.00819	0.00261	0.00486	0.13812	0.00633	0.00665
8	0.01310	0.01239	0.02096	0.62913	0.16379	0.01480	0.01862	0.01741	0.01348	0.01763	0.01182	0.01733	0.00906	0.00646	0.00657	0.00215	0.00861	0.00585	0.00298	0.00785
9	0.01614	0.01982	0.14899	0.07099	0.50282	0.06778	0.03776	0.02060	0.01498	0.02076	0.01211	0.01566	0.00983	0.00603	0.00647	0.00198	0.00858	0.00562	0.00317	0.00991
10	0.01624	0.01600	0.02590	0.03490	0.54500	0.04727	0.07961	0.02070	0.04508	0.02122	0.01403	0.01952	0.01208	0.00683	0.00722	0.00206	0.03192	0.04102	0.00355	0.00984
11	0.01557	0.06734	0.03876	0.04999	0.05962	0.05853	0.19821	0.03434	0.01424	0.05025	0.01547	0.09591	0.01440	0.00934	0.01042	0.00228	0.18262	0.03647	0.00388	0.04237
12	0.01024	0.05349	0.01044	0.00979	0.01115	0.02347	0.00704	0.04116	0.06212	0.01877	0.05058	0.55267	0.08892	0.01764	0.00785	0.00247	0.00437	0.01568	0.00594	0.00621
13	0.05220	0.10278	0.35311	0.01599	0.02295	0.04766	0.04668	0.11021	0.03231	0.07764	0.04458	0.03785	0.01294	0.00732	0.00621	0.00200	0.00821	0.00580	0.00417	0.00939
14	0.07810	0.17531	0.10331	0.01465	0.03554	0.11039	0.03926	0.10121	0.16917	0.03843	0.03829	0.01827	0.03588	0.00750	0.00593	0.00192	0.00735	0.00576	0.00463	0.00909
15	0.13205	0.23323	0.14505	0.01500	0.04038	0.10139	0.04393	0.11648	0.05883	0.02345	0.02614	0.01412	0.01052	0.00661	0.00551	0.00184	0.00781	0.00483	0.00393	0.00892

[dist]
# distance from previous block
# <min> <max>
0	3

[block]
# block no. 7 follows, 33 sequences, length 108
# corresponding to MSA columns:
# 826-933
name=unknown_H
#
# <colnr> <probs for GDERKNQSTAVLIFYWHMCP>
#	G	D	E	R	K	N	Q	S	T	A	V	L	I	F	Y	W	H	M	C	P
0	0.02407	0.05695	0.01996	0.01501	0.01989	0.11505	0.01228	0.56077	0.02790	0.03610	0.01538	0.03842	0.01171	0.00804	0.00644	0.00193	0.00774	0.00599	0.00597	0.01041
1	0.05596	0.01920	0.19020	0.01646	0.04360	0.03199	0.09145	0.12702	0.01834	0.26600	0.01725	0.01738	0.01176	0.00698	0.00642	0.00198	0.00760	0.00585	0.00539	0.05917
2	0.01483	0.01470	0.13614	0.01275	0.03480	0.03277	0.01131	0.04242	0.14643	0.11436	0.19452	0.05458	0.11666	0.01091	0.00711	0.00215	0.00562	0.03349	0.00604	0.00843
3	0.01248	0.01166	0.05624	0.01275	0.03633	0.02997	0.04636	0.08413	0.05994	0.02352	0.23971	0.14439	0.07904	0.03577	0.02862	0.00261	0.02984	0.05360	0.00580	0.00727
4	0.01667	0.01107	0.01369	0.01273	0.05285	0.03361	0.02904	0.10325	0.06141	0.17293	0.19486	0.10557	0.12000	0.01179	0.00729	0.00216	0.00522	0.03099	0.00658	0.00830
5	0.01424	0.03028	0.59512	0.04282	0.04933	0.01514	0.08510	0.02125	0.01429	0.05366	0.01262	0.01483	0.00893	0.00628	0.00643	0.00209	0.00958	0.00527	0.00310	0.00966
6	0.00804	0.00633	0.00727	0.00778	0.00924	0.00555	0.00555	0.00968	0.01452	0.01839	0.12968	0.32233	0.39672	0.01778	0.00801	0.00237	0.00349	0.01546	0.00624	0.00555
7	0.01504	0.01410	0.02299	0.33668	0.26416	0.01561	0.07246	0.05425	0.09823	0.02119	0.01405	0.01790	0.01088	0.00661	0.00667	0.00211	0.00815	0.00620	0.00369	0.00902
8	0.01563	0.01504	0.02588	0.15882	0.59563	0.01550	0.03785	0.01966	0.01470	0.02072	0.01229	0.01654	0.01014	0.00598	0.00656	0.00200	0.00807	0.00591	0.00320	0.00987
9	0.01700	0.01609	0.02385	0.08611	0.51213	0.05442	0.01793	0.08288	0.05875	0.02294	0.01500	0.01800	0.03202	0.00666	0.00655	0.00199	0.00776	0.00612	0.00383	0.00998
10	0.00917	0.00672	0.00860	0.00813	0.00974	0.00615	0.00610	0.01214	0.01829	0.02558	0.66126	0.05053	0.12546	0.01377	0.00777	0.00209	0.00313	0.01210	0.00714	0.00615
11	0.01683	0.01703	0.02501	0.11650	0.57009	0.09979	0.01912	0.02054	0.01521	0.02036	0.01205	0.01592	0.01002	0.00605	0.00646	0.00195	0.00840	0.00568	0.00324	0.00976
12	0.02436	0.01792	0.01921	0.01480	0.01984	0.01981	0.01214	0.67544	0.03003	0.04024	0.01602	0.01699	0.01175	0.04089	0.00775	0.00217	0.00721	0.00609	0.00647	0.01088
13	0.08733	0.01612	0.01759	0.01383	0.01870	0.01743	0.01141	0.50314	0.02643	0.14357	0.01812	0.03892	0.01357	0.00855	0.00654	0.00205	0.00669	0.03290	0.00659	0.01051
14	0.00802	0.00573	0.00764	0.00917	0.00955	0.00535	0.00611	0.00917	0.01260	0.01681	0.03628	0.76434	0.04354	0.02062	0.00840	0.00267	0.00382	0.01872	0.00611	0.00535
15	0.02459	0.03138	0.01866	0.01696	0.02035	0.74221	0.01272	0.02629	0.01866	0.01611	0.01018	0.01187	0.00848	0.00678	0.00594	0.00170	0.01187	0.00424	0.00339	0.00763
16	0.01599	0.01533	0.02617	0.09689	0.67348	0.01556	0.02005	0.01994	0.01485	0.02114	0.01233	0.01639	0.01030	0.00592	0.00652	0.00197	0.00790	0.00586	0.00323	0.01018
17	0.00802	0.00573	0.00764	0.00917	0.00955	0.00535	0.00611	0.00917	0.01260	0.01681	0.03628	0.76434	0.04354	0.02062	0.00840	0.00267	0.00382	0.01872	0.00611	0.00535
18	0.02460	0.01823	0.01952	0.01506	0.02025	0.02022	0.01241	0.67254	0.06473	0.04080	0.01635	0.01624	0.01163	0.00795	0.00659	0.00199	0.00714	0.00600	0.00659	0.01116
19	0.01582	0.49144	0.28022	0.01382	0.02078	0.02171	0.01572	0.01991	0.01371	0.01768	0.02985	0.01280	0.00989	0.00607	0.00504	0.00166	0.00788	0.00423	0.00293	0.00884
20	0.02384	0.01744	0.01879	0.01472	0.01973	0.01931	0.01206	0.56945	0.13964	0.06921	0.01800	0.01749	0.01284	0.00808	0.00661	0.00202	0.00685	0.00620	0.00667	0.01107
21	0.02459	0.03138	0.01866	0.01696	0.02035	0.74221	0.01272	0.02629	0.01866	0.01611	0.01018	0.01187	0.00848	0.00678	0.00594	0.00170	0.01187	0.00424	0.00339	0.00763
22	0.00856	0.00709	0.00742	0.00747	0.00956	0.00628	0.00554	0.02905	0.03759	0.01860	0.05970	0.16063	0.58596	0.01675	0.00780	0.00228	0.00357	0.01416	0.00614	0.00584
23	0.01653	0.01287	0.01385	0.01205	0.01581	0.02981	0.00939	0.07193	0.38819	0.08920	0.05300	0.07667	0.07436	0.00985	0.00670	0.00207	0.00518	0.00823	0.00637	0.09794
24	0.01039	0.00878	0.00969	0.00885	0.01120	0.03002	0.00677	0.01413	0.07309	0.02235	0.32677	0.04656	0.28182	0.01317	0.00787	0.00206	0.03085	0.01107	0.00623	0.07833
25	0.00788	0.00670	0.00681	0.00687	0.00906	0.00563	0.00521	0.00960	0.01501	0.01785	0.06553	0.06375	0.69990	0.01673	0.00783	0.00225	0.00343	0.03825	0.00611	0.00558
26	0.00849	0.00670	0.00765	0.00741	0.00933	0.00586	0.00556	0.01082	0.01668	0.02176	0.37036	0.05681	0.41875	0.01519	0.00777	0.00215	0.00323	0.01298	0.00664	0.00586
27	0.06305	0.01661	0.01748	0.01591	0.07439	0.06733	0.01175	0.31971	0.20146	0.05311	0.01899	0.06024	0.01497	0.00849	0.00650	0.00204	0.00668	0.00677	0.00595	0.02856
28	0.02394	0.05429	0.05184	0.01426	0.01953	0.01792	0.01220	0.43129	0.10930	0.16948	0.01856	0.01777	0.01297	0.00789	0.00647	0.00200	0.00679	0.00607	0.00654	0.01090
29	0.00799	0.00584	0.00753	0.00888	0.00947	0.00537	0.00598	0.00920	0.01288	0.01692	0.03978	0.68369	0.12194	0.02017	0.00833	0.00262	0.00376	0.01816	0.00611	0.00537
30	0.04825	0.11372	0.01991	0.01565	0.01938	0.56749	0.01216	0.05189	0.01809	0.03889	0.01092	0.01253	0.00899	0.00786	0.02555	0.00193	0.01089	0.00435	0.00362	0.00791
31	0.05089	0.16893	0.45361	0.05250	0.02530	0.01687	0.04066	0.03423	0.01433	0.02081	0.05417	0.01558	0.01167	0.00659	0.00593	0.00196	0.00855	0.00514	0.00322	0.00904
32	0.00847	0.00652	0.00949	0.01015	0.01103	0.00605	0.04880	0.00991	0.01293	0.01713	0.03674	0.67569	0.08318	0.01946	0.00833	0.00262	0.00424	0.01775	0.00594	0.00558
33	0.00945	0.00687	0.00964	0.00964	0.01049	0.00772	0.00705	0.01115	0.01030	0.01458	0.01850	0.03063	0.01853	0.24870	0.54605	0.00942	0.01452	0.00775	0.00365	0.00535
34	0.05451	0.58041	0.09595	0.01213	0.01778	0.06171	0.01221	0.02024	0.01367	0.03759	0.01024	0.01183	0.00889	0.00738	0.03039	0.00185	0.00779	0.00390	0.00308	0.00845
35	0.02088	0.01825	0.04194	0.01934	0.13368	0.09896	0.04529	0.35191	0.04848	0.05090	0.01714	0.09138	0.01435	0.00862	0.00673	0.00204	0.00765	0.00714	0.00542	0.00990
36	0.01212	0.01124	0.01233	0.01181	0.01291	0.11106	0.00896	0.01384	0.01164	0.01523	0.01714	0.07785	0.01727	0.13593	0.39088	0.00715	0.11533	0.00767	0.00367	0.00600
37	0.01939	0.01174	0.01439	0.01058	0.01616	0.00944	0.00858	0.04336	0.01595	0.26288	0.01666	0.01669	0.01201	0.00608	0.00552	0.00137	0.00520	0.00489	0.00542	0.51367
38	0.01243	0.01170	0.01975	0.75282	0.04534	0.01463	0.01828	0.01682	0.01316	0.01682	0.01170	0.01755	0.00878	0.00658	0.00658	0.00219	0.00878	0.00585	0.00293	0.00731
39	0.01577	0.01789	0.03697	0.02767	0.06755	0.03627	0.62417	0.02098	0.01538	0.02077	0.01300	0.01740	0.00992	0.00583	0.00820	0.00222	0.04036	0.00750	0.00331	0.00886
40	0.01020	0.00816	0.01162	0.01130	0.01245	0.00977	0.00884	0.01316	0.04554	0.01611	0.01948	0.06489	0.03787	0.04055	0.56306	0.00862	0.10059	0.00775	0.00382	0.00622
41	0.00990	0.00686	0.00899	0.00838	0.01004	0.00631	0.00631	0.01299	0.01864	0.04690	0.70382	0.04840	0.06079	0.01330	0.00773	0.00207	0.00318	0.01175	0.00727	0.00636
42	0.01931	0.01707	0.01607	0.01406	0.01799	0.12350	0.01098	0.11727	0.49313	0.06236	0.02293	0.02149	0.01709	0.00845	0.00657	0.00211	0.00646	0.00674	0.00627	0.01014
43	0.01535	0.36298	0.38064	0.01667	0.06391	0.02012	0.01825	0.02030	0.01373	0.01849	0.01066	0.01255	0.00851	0.00595	0.00536	0.00177	0.00842	0.00432	0.00282	0.00920
