[name]
unknown

[dist]
# distance from previous block
# <min> <max>
21	78

[block]
# block no. 0 follows, 34 sequences, length 55
# corresponding to MSA columns:
# 103-157
name=unknown_A
#
# <colnr> <probs for GDERKNQSTAVLIFYWHMCP>
#	G	D	E	R	K	N	Q	S	T	A	V	L	I	F	Y	W	H	M	C	P
0	0.04112	0.09759	0.01733	0.01211	0.01640	0.01455	0.03090	0.21934	0.08743	0.18504	0.06014	0.02418	0.07818	0.04010	0.02524	0.00230	0.00620	0.00695	0.00600	0.02890
1	0.01146	0.00856	0.01040	0.01009	0.04027	0.00774	0.00720	0.06748	0.01605	0.05227	0.17068	0.21071	0.21081	0.01340	0.00714	0.00203	0.00415	0.01161	0.00589	0.13206
2	0.01529	0.03862	0.44452	0.01762	0.02542	0.01425	0.11785	0.05413	0.01520	0.09369	0.01614	0.01756	0.04675	0.00676	0.00638	0.00200	0.00860	0.00579	0.00374	0.04968
3	0.03621	0.23784	0.11621	0.01745	0.05050	0.01777	0.18089	0.04209	0.03199	0.10805	0.01417	0.04663	0.01146	0.00703	0.00695	0.00195	0.05401	0.00602	0.00392	0.00886
4	0.01411	0.01384	0.02217	0.33562	0.28824	0.04260	0.06146	0.01795	0.01395	0.01862	0.01429	0.01851	0.04411	0.00669	0.00689	0.00202	0.02907	0.00611	0.00322	0.04052
5	0.00923	0.00692	0.01038	0.01038	0.01154	0.00808	0.00808	0.01154	0.01038	0.01500	0.01731	0.02538	0.01615	0.04846	0.74732	0.01038	0.01731	0.00692	0.00346	0.00577
6	0.01528	0.01520	0.04535	0.20003	0.33543	0.01591	0.09630	0.06005	0.04840	0.02093	0.01264	0.01657	0.01009	0.00663	0.00782	0.00210	0.07271	0.00601	0.00344	0.00910
7	0.03777	0.20120	0.37377	0.01653	0.06207	0.01679	0.03304	0.05128	0.01490	0.06141	0.06250	0.01600	0.01262	0.00663	0.00580	0.00188	0.00793	0.00518	0.00359	0.00911
8	0.01577	0.01512	0.02582	0.08208	0.69195	0.01529	0.01972	0.01963	0.01461	0.02084	0.01211	0.01606	0.01014	0.00580	0.00640	0.00193	0.00773	0.00576	0.00318	0.01005
9	0.00787	0.00562	0.00750	0.00900	0.00937	0.00525	0.00600	0.00900	0.01237	0.01649	0.03561	0.76871	0.04274	0.02024	0.00825	0.00262	0.00375	0.01837	0.00600	0.00525
10	0.00831	0.00764	0.05913	0.00961	0.01070	0.00599	0.00726	0.01000	0.01282	0.01735	0.07638	0.67141	0.04142	0.01882	0.00806	0.00255	0.00411	0.01700	0.00584	0.00560
11	0.01547	0.03599	0.31174	0.02384	0.14319	0.03280	0.23153	0.02168	0.04297	0.05874	0.01338	0.01595	0.00990	0.00607	0.00663	0.00205	0.00927	0.00596	0.00342	0.00944
12	0.01472	0.01810	0.15422	0.13054	0.38866	0.04849	0.01853	0.01971	0.04883	0.02007	0.01420	0.06895	0.01230	0.00713	0.00647	0.00203	0.00793	0.00646	0.00344	0.00921
13	0.02899	0.01100	0.01499	0.01150	0.01649	0.00950	0.00950	0.03149	0.01849	0.73709	0.02549	0.02199	0.01599	0.00800	0.00650	0.00200	0.00550	0.00650	0.00800	0.01100
14	0.01517	0.01553	0.05102	0.15177	0.51725	0.01538	0.08232	0.01930	0.01432	0.02018	0.01202	0.01619	0.00982	0.00599	0.00687	0.00201	0.02635	0.00589	0.00313	0.00951
15	0.01819	0.01978	0.24040	0.08062	0.22383	0.01408	0.05620	0.05636	0.01593	0.18878	0.01526	0.01683	0.01084	0.00653	0.00642	0.00201	0.00796	0.00574	0.00431	0.00992
16	0.01411	0.01952	0.21085	0.11056	0.15830	0.01479	0.24940	0.03924	0.01468	0.02047	0.01425	0.07733	0.01205	0.00707	0.00690	0.00212	0.00900	0.00716	0.00339	0.00881
17	0.81856	0.01250	0.00950	0.00850	0.01250	0.01449	0.00700	0.01899	0.01100	0.02899	0.00900	0.01050	0.00700	0.00600	0.00400	0.00200	0.00500	0.00350	0.00400	0.00700
18	0.00918	0.00629	0.00762	0.00778	0.00804	0.00639	0.00482	0.00975	0.01023	0.01385	0.04903	0.12637	0.02621	0.55517	0.12685	0.00623	0.00735	0.01021	0.00422	0.00441
19	0.02019	0.10490	0.21129	0.01754	0.05353	0.29816	0.06122	0.02390	0.01620	0.11563	0.01271	0.01402	0.00951	0.00647	0.00597	0.00183	0.00954	0.00487	0.00374	0.00880
20	0.02284	0.01724	0.01842	0.01452	0.01938	0.01923	0.01186	0.57361	0.17065	0.03794	0.01770	0.01726	0.01276	0.00796	0.00649	0.00199	0.00670	0.00612	0.00649	0.01083
21	0.00832	0.00657	0.00749	0.00726	0.00915	0.00574	0.00545	0.01059	0.01634	0.02128	0.36558	0.05589	0.42749	0.01494	0.00763	0.00211	0.00317	0.01275	0.00650	0.00574
22	0.03498	0.18329	0.51562	0.01715	0.04942	0.01717	0.02004	0.03872	0.01407	0.03712	0.01145	0.01322	0.00851	0.00608	0.00570	0.00190	0.00867	0.00458	0.00301	0.00932
23	0.01369	0.08429	0.49961	0.02012	0.05487	0.01577	0.15625	0.02005	0.01392	0.02002	0.01245	0.03735	0.00965	0.00637	0.00636	0.00204	0.00936	0.00569	0.00295	0.00919
24	0.00825	0.00584	0.00764	0.00894	0.00935	0.00554	0.00603	0.00936	0.01215	0.01617	0.03350	0.62363	0.03980	0.11960	0.01155	0.00313	0.00424	0.06444	0.00572	0.00512
25	0.01425	0.01362	0.02378	0.08362	0.48539	0.01365	0.09049	0.01782	0.01424	0.01995	0.01624	0.14587	0.01567	0.00827	0.00685	0.00208	0.00741	0.00813	0.00366	0.00900
26	0.01844	0.17725	0.21677	0.01569	0.04792	0.14289	0.03589	0.07057	0.01631	0.10999	0.04370	0.03450	0.01290	0.02216	0.00644	0.00193	0.00818	0.00553	0.00409	0.00886
27	0.07577	0.01758	0.01980	0.03507	0.06764	0.13526	0.05355	0.17084	0.03781	0.06588	0.01241	0.01493	0.00987	0.00831	0.01087	0.00221	0.24382	0.00552	0.00425	0.00862
28	0.01063	0.00722	0.00968	0.03157	0.03169	0.00707	0.00749	0.05611	0.01389	0.05539	0.03146	0.57914	0.03597	0.01799	0.00863	0.03376	0.00447	0.04595	0.00584	0.00605
29	0.01592	0.01547	0.05054	0.11934	0.56796	0.01505	0.05262	0.01996	0.01464	0.04809	0.01262	0.01635	0.01018	0.00592	0.00646	0.00197	0.00792	0.00584	0.00333	0.00982
30	0.10576	0.16510	0.25697	0.01804	0.12399	0.06295	0.01611	0.06392	0.05223	0.05954	0.01254	0.01400	0.00957	0.00632	0.00561	0.00187	0.00781	0.00478	0.00369	0.00920
31	0.01511	0.24586	0.29241	0.01673	0.05439	0.01803	0.07984	0.05573	0.07081	0.02025	0.01459	0.01626	0.03759	0.00774	0.02644	0.00210	0.00831	0.00535	0.00345	0.00900
32	0.00768	0.00638	0.00672	0.00698	0.00884	0.00542	0.00510	0.00922	0.01431	0.01728	0.06011	0.18878	0.60685	0.01706	0.00775	0.00226	0.00336	0.01448	0.00600	0.00542
33	0.01358	0.12242	0.53471	0.01823	0.02654	0.01609	0.10758	0.01990	0.01373	0.01968	0.01242	0.04392	0.00978	0.00654	0.00616	0.00200	0.00916	0.00551	0.00293	0.00912
34	0.05262	0.06597	0.18378	0.04924	0.16491	0.03718	0.01578	0.16819	0.03217	0.12797	0.03149	0.01649	0.01177	0.00688	0.00615	0.00194	0.00750	0.00554	0.00463	0.00979
35	0.01581	0.01563	0.02552	0.13449	0.57431	0.04822	0.05251	0.01969	0.01466	0.02023	0.01201	0.01603	0.00991	0.00588	0.00644	0.00195	0.00814	0.00577	0.00316	0.00963
36	0.01564	0.01499	0.02559	0.10662	0.66842	0.01526	0.01965	0.01952	0.01455	0.02068	0.01209	0.01611	0.01008	0.00582	0.00640	0.00194	0.00776	0.00576	0.00317	0.00995
37	0.01426	0.01311	0.02225	0.22304	0.40483	0.01369	0.05095	0.01794	0.01418	0.03895	0.01684	0.07915	0.04729	0.00766	0.00668	0.00206	0.00749	0.00726	0.00361	0.00875
38	0.01486	0.06153	0.49621	0.02076	0.11649	0.01555	0.06409	0.04239	0.03625	0.05342	0.01284	0.01478	0.00934	0.00623	0.00621	0.00201	0.00888	0.00521	0.00329	0.00966
39	0.00869	0.00602	0.00750	0.00818	0.00844	0.00594	0.00517	0.00937	0.01082	0.01452	0.02708	0.37197	0.03171	0.37620	0.07474	0.00491	0.00594	0.01330	0.00483	0.00466
40	0.02346	0.06153	0.01818	0.01551	0.01899	0.61228	0.01183	0.02572	0.03772	0.06725	0.01194	0.01317	0.00951	0.00680	0.00577	0.00168	0.01047	0.00446	0.03595	0.00779
41	0.01528	0.01610	0.06355	0.16367	0.50992	0.03041	0.06812	0.01946	0.01445	0.02013	0.01203	0.01610	0.00977	0.00590	0.00647	0.00198	0.00825	0.00580	0.00312	0.00950
42	0.00975	0.00943	0.00815	0.00791	0.01016	0.09355	0.00593	0.01153	0.01551	0.01812	0.12624	0.05477	0.57642	0.01489	0.00742	0.00211	0.00424	0.01231	0.00580	0.00576
43	0.01727	0.77681	0.03386	0.01106	0.01658	0.02557	0.01106	0.01935	0.01313	0.01520	0.00898	0.01036	0.00829	0.00553	0.00415	0.00138	0.00691	0.00345	0.00276	0.00829
44	0.01387	0.01116	0.01306	0.00949	0.01497	0.00847	0.00759	0.01665	0.01375	0.05884	0.01553	0.01684	0.05394	0.00566	0.00505	0.00109	0.00473	0.00457	0.00418	0.72057
45	0.00799	0.00567	0.00746	0.00885	0.00920	0.00533	0.00584	0.00903	0.01215	0.01619	0.03446	0.71364	0.04128	0.07730	0.01011	0.00290	0.00394	0.01769	0.00584	0.00515
46	0.01536	0.01499	0.02629	0.08670	0.58779	0.01504	0.09026	0.01932	0.01464	0.02062	0.01407	0.01784	0.03526	0.00614	0.00657	0.00197	0.00792	0.00622	0.00328	0.00970
47	0.07013	0.05902	0.59370	0.01879	0.05627	0.01546	0.05839	0.02030	0.01357	0.02090	0.01141	0.01359	0.00828	0.00605	0.00600	0.00202	0.00912	0.00483	0.00287	0.00931
48	0.00803	0.00574	0.00768	0.00901	0.00943	0.00549	0.00606	0.00919	0.01211	0.01622	0.03368	0.68591	0.04006	0.05376	0.06135	0.00332	0.00481	0.01719	0.00573	0.00523
49	0.01376	0.10669	0.60365	0.01713	0.02559	0.01574	0.02132	0.02020	0.01360	0.04162	0.01241	0.03668	0.00950	0.00671	0.00643	0.00202	0.02957	0.00513	0.00300	0.00927
50	0.01655	0.34595	0.23022	0.05638	0.08894	0.06082	0.04273	0.02057	0.01405	0.05288	0.01117	0.01309	0.00890	0.00595	0.00539	0.00174	0.00817	0.00451	0.00311	0.00887
51	0.00987	0.00762	0.01070	0.01046	0.01178	0.00878	0.00812	0.01311	0.06098	0.01641	0.05433	0.02774	0.05601	0.04004	0.57024	0.03309	0.04328	0.00745	0.00395	0.00604
52	0.01349	0.02586	0.44678	0.01937	0.05984	0.05276	0.12783	0.01943	0.01452	0.02047	0.06420	0.04822	0.01481	0.00757	0.00667	0.00210	0.00895	0.03492	0.00344	0.00878
53	0.07254	0.01676	0.03160	0.09411	0.05005	0.04406	0.49524	0.04195	0.03141	0.03849	0.01316	0.01686	0.00986	0.00584	0.00707	0.00213	0.00983	0.00688	0.00357	0.00860
54	0.01476	0.01309	0.01942	0.40727	0.12015	0.04460	0.04665	0.08857	0.01595	0.04816	0.06596	0.02143	0.05136	0.00753	0.00662	0.00207	0.00778	0.00664	0.00398	0.00801

[dist]
# distance from previous block
# <min> <max>
8	31

[block]
# block no. 1 follows, 34 sequences, length 6
# corresponding to MSA columns:
# 192-197
name=unknown_B
#
# <colnr> <probs for GDERKNQSTAVLIFYWHMCP>
#	G	D	E	R	K	N	Q	S	T	A	V	L	I	F	Y	W	H	M	C	P
0	0.01639	0.01592	0.08420	0.10918	0.08633	0.07497	0.01293	0.16130	0.03389	0.05127	0.01627	0.09863	0.01421	0.01139	0.06559	0.00257	0.00796	0.00680	0.00449	0.12572
1	0.01588	0.01360	0.02361	0.29043	0.11810	0.01437	0.18788	0.08259	0.01627	0.08859	0.07106	0.01990	0.01420	0.00692	0.00684	0.00209	0.00819	0.00677	0.00416	0.00855
2	0.37737	0.01292	0.01295	0.01078	0.01510	0.01377	0.00893	0.17153	0.01701	0.14620	0.01568	0.01955	0.01237	0.00773	0.00547	0.00200	0.00561	0.06876	0.00536	0.07089
3	0.08176	0.01521	0.01600	0.01484	0.10654	0.11200	0.01033	0.07801	0.01587	0.07817	0.01259	0.01410	0.00990	0.00576	0.00534	0.00142	0.00636	0.00447	0.00424	0.40711
4	0.01070	0.00827	0.00929	0.00886	0.01077	0.00822	0.00649	0.07217	0.10462	0.02154	0.18041	0.16240	0.23958	0.11440	0.01083	0.00274	0.00425	0.01199	0.00606	0.00642
5	0.01694	0.43986	0.05717	0.01555	0.10702	0.12793	0.01232	0.01935	0.01406	0.01660	0.01217	0.08093	0.01174	0.00707	0.00516	0.00162	0.00745	0.00528	0.00324	0.03856

[dist]
# distance from previous block
# <min> <max>
0	8

[block]
# block no. 2 follows, 34 sequences, length 45
# corresponding to MSA columns:
# 206-250
name=unknown_C
#
# <colnr> <probs for GDERKNQSTAVLIFYWHMCP>
#	G	D	E	R	K	N	Q	S	T	A	V	L	I	F	Y	W	H	M	C	P
0	0.01672	0.01556	0.08891	0.01786	0.16912	0.05627	0.01257	0.07352	0.01583	0.10557	0.01586	0.08903	0.01361	0.00736	0.00600	0.00168	0.00646	0.00625	0.00446	0.27739
1	0.01676	0.04101	0.02464	0.07383	0.30650	0.04036	0.13884	0.07949	0.08514	0.04757	0.04005	0.01801	0.01291	0.00654	0.00653	0.00195	0.00776	0.00627	0.00412	0.04170
2	0.01564	0.01129	0.04575	0.01413	0.08457	0.01002	0.03991	0.02074	0.11146	0.17708	0.19091	0.11162	0.04247	0.01045	0.00695	0.00206	0.00521	0.02604	0.00608	0.06765
3	0.01439	0.01145	0.01350	0.00969	0.01539	0.00867	0.00777	0.01724	0.01372	0.06654	0.01237	0.01394	0.00998	0.00499	0.00489	0.00102	0.00483	0.00400	0.00409	0.76151
4	0.00936	0.00639	0.00769	0.00769	0.00791	0.00661	0.00472	0.00981	0.00959	0.01300	0.01977	0.03902	0.02208	0.63320	0.17067	0.00706	0.00839	0.00892	0.00383	0.00427
5	0.01599	0.01535	0.02623	0.03966	0.73262	0.01535	0.01983	0.01983	0.01471	0.02111	0.01215	0.01599	0.01023	0.00576	0.00640	0.00192	0.00768	0.00576	0.00320	0.01023
6	0.01607	0.01395	0.01513	0.01433	0.04873	0.01604	0.01066	0.03369	0.68945	0.02676	0.02567	0.02375	0.01930	0.00863	0.00657	0.00218	0.00523	0.00724	0.00642	0.01023
7	0.00793	0.00565	0.00748	0.00893	0.00929	0.00528	0.00593	0.00901	0.01227	0.01636	0.03508	0.74353	0.04207	0.04633	0.00910	0.00275	0.00384	0.01806	0.00593	0.00520
8	0.04743	0.52891	0.02817	0.01194	0.01707	0.11302	0.01100	0.06353	0.01533	0.09503	0.01128	0.01209	0.00924	0.00609	0.00474	0.00154	0.00730	0.00402	0.00367	0.00860
9	0.02401	0.04340	0.01970	0.01468	0.01980	0.02008	0.01217	0.66346	0.05470	0.03937	0.01568	0.01565	0.01121	0.00772	0.00639	0.00193	0.00703	0.00579	0.00634	0.01087
10	0.00931	0.00660	0.00877	0.00877	0.00936	0.00720	0.00606	0.01050	0.00991	0.01380	0.01879	0.03357	0.01971	0.39955	0.40109	0.00839	0.01196	0.00812	0.00368	0.00487
11	0.00832	0.00595	0.00798	0.00927	0.00991	0.00561	0.00656	0.00988	0.01330	0.01783	0.10775	0.60610	0.04394	0.01921	0.00827	0.00261	0.00395	0.10202	0.00611	0.00542
12	0.01819	0.26162	0.05152	0.02423	0.30134	0.15528	0.03923	0.02120	0.01498	0.03981	0.01115	0.01354	0.00935	0.00592	0.00561	0.00172	0.00828	0.00478	0.00322	0.00905
13	0.00870	0.00639	0.00819	0.00857	0.00969	0.00598	0.00611	0.01127	0.03667	0.02127	0.36140	0.36644	0.09237	0.01637	0.00787	0.00231	0.00343	0.01462	0.00654	0.00581
14	0.03304	0.34040	0.35516	0.01449	0.02172	0.01910	0.01672	0.02122	0.04297	0.06308	0.01192	0.01316	0.00917	0.00611	0.00530	0.00177	0.00792	0.00441	0.00326	0.00909
15	0.01599	0.01535	0.02623	0.03966	0.73262	0.01535	0.01983	0.01983	0.01471	0.02111	0.01215	0.01599	0.01023	0.00576	0.00640	0.00192	0.00768	0.00576	0.00320	0.01023
16	0.00944	0.00668	0.00783	0.00784	0.00967	0.00586	0.00582	0.01136	0.01525	0.06484	0.19835	0.20066	0.38323	0.01598	0.00772	0.00225	0.00353	0.03141	0.00636	0.00592
17	0.01571	0.01522	0.03952	0.11731	0.46443	0.03241	0.04816	0.06356	0.03952	0.02124	0.01336	0.01823	0.01129	0.06258	0.00840	0.00229	0.00784	0.00610	0.00353	0.00931
18	0.07676	0.31629	0.15429	0.01639	0.06596	0.11350	0.07229	0.07916	0.01547	0.02023	0.01068	0.01251	0.00866	0.00601	0.00534	0.00173	0.00825	0.00448	0.00330	0.00871
19	0.00787	0.00562	0.00750	0.00900	0.00937	0.00525	0.00600	0.00900	0.01237	0.01649	0.03561	0.76871	0.04274	0.02024	0.00825	0.00262	0.00375	0.01837	0.00600	0.00525
20	0.02454	0.01887	0.01933	0.01497	0.02003	0.06426	0.01229	0.66938	0.02965	0.03921	0.01518	0.01528	0.01083	0.00769	0.00642	0.00192	0.00739	0.00572	0.00627	0.01078
21	0.01672	0.01513	0.05120	0.09555	0.46518	0.01433	0.01721	0.06206	0.01559	0.07459	0.01318	0.01612	0.01040	0.00601	0.00622	0.00184	0.00731	0.00555	0.00377	0.10203
22	0.01508	0.01861	0.08977	0.02658	0.03334	0.01624	0.65869	0.02068	0.01513	0.02068	0.01296	0.01715	0.00968	0.00550	0.00752	0.00217	0.01079	0.00742	0.00323	0.00878
23	0.01337	0.03056	0.61386	0.02000	0.02900	0.01524	0.14659	0.02050	0.01393	0.02050	0.01186	0.01432	0.00847	0.00601	0.00640	0.00207	0.00979	0.00529	0.00282	0.00940
24	0.00889	0.00651	0.00752	0.00727	0.00905	0.00584	0.00545	0.01139	0.01636	0.02241	0.38948	0.05088	0.31581	0.01378	0.00727	0.00203	0.00313	0.01179	0.09929	0.00584
25	0.01296	0.03342	0.73944	0.01842	0.02797	0.01501	0.02387	0.02046	0.01364	0.02046	0.01160	0.01364	0.00818	0.00614	0.00614	0.00205	0.00955	0.00477	0.00273	0.00955
26	0.00937	0.00639	0.00767	0.00767	0.00788	0.00660	0.00469	0.00979	0.00958	0.01299	0.01979	0.03915	0.02213	0.63849	0.16546	0.00703	0.00831	0.00894	0.00383	0.00426
27	0.00784	0.00575	0.00737	0.00867	0.00929	0.00528	0.00585	0.00903	0.01269	0.01662	0.03963	0.67370	0.13516	0.01972	0.00817	0.00256	0.00368	0.01773	0.00600	0.00528
28	0.01122	0.00561	0.00842	0.00842	0.00842	0.00561	0.00561	0.00842	0.00842	0.01122	0.01122	0.01964	0.01122	0.02245	0.02525	0.81201	0.00561	0.00561	0.00281	0.00281
29	0.01248	0.01177	0.01988	0.70454	0.09517	0.01443	0.01808	0.01675	0.01305	0.01685	0.01153	0.01714	0.00873	0.00641	0.00646	0.00214	0.00854	0.00574	0.00290	0.00740
30	0.08657	0.01123	0.01457	0.01135	0.01621	0.01015	0.00934	0.03069	0.04844	0.65412	0.02431	0.02124	0.01549	0.00788	0.00632	0.00201	0.00544	0.00631	0.00764	0.01067
31	0.01369	0.01319	0.02292	0.46522	0.27947	0.01482	0.06250	0.01791	0.01368	0.01835	0.01181	0.01682	0.00924	0.00615	0.00651	0.00207	0.00844	0.00587	0.00301	0.00832
32	0.01122	0.00561	0.00842	0.00842	0.00842	0.00561	0.00561	0.00842	0.00842	0.01122	0.01122	0.01964	0.01122	0.02245	0.02525	0.81201	0.00561	0.00561	0.00281	0.00281
33	0.11681	0.01188	0.01412	0.01184	0.01592	0.01194	0.00984	0.16281	0.04463	0.32615	0.04761	0.03001	0.01965	0.00980	0.00670	0.00218	0.00575	0.13626	0.00674	0.00936
34	0.05883	0.02197	0.07528	0.02032	0.12932	0.26368	0.09737	0.09109	0.11235	0.04695	0.01402	0.01550	0.01077	0.00674	0.00625	0.00192	0.00895	0.00550	0.00419	0.00901
35	0.01629	0.01659	0.02253	0.05504	0.46471	0.12290	0.03602	0.02067	0.06361	0.02044	0.03732	0.03692	0.04409	0.00714	0.00650	0.00195	0.00779	0.00650	0.00375	0.00923
36	0.01686	0.43157	0.22635	0.01550	0.06641	0.06284	0.01532	0.06400	0.01476	0.01869	0.01038	0.01203	0.00856	0.00592	0.00508	0.00165	0.00797	0.00416	0.00305	0.00889
37	0.07712	0.23586	0.02259	0.01510	0.03545	0.33782	0.05378	0.02140	0.01542	0.01726	0.01230	0.04291	0.01143	0.00751	0.00599	0.00179	0.02696	0.04822	0.00346	0.00763
38	0.01953	0.01261	0.01454	0.01199	0.01583	0.01319	0.00965	0.24849	0.15022	0.17739	0.18570	0.02877	0.04603	0.00975	0.00685	0.00205	0.00534	0.02569	0.00692	0.00944
39	0.00825	0.00590	0.00791	0.00929	0.00986	0.00556	0.00653	0.00972	0.01304	0.01743	0.07951	0.64063	0.04324	0.01951	0.00829	0.00263	0.00396	0.09729	0.00606	0.00539
40	0.01757	0.01572	0.01289	0.01142	0.01407	0.21773	0.00883	0.14076	0.03580	0.02456	0.08340	0.02093	0.01718	0.00805	0.00630	0.00175	0.03913	0.00601	0.31043	0.00747
41	0.02899	0.01100	0.01499	0.01150	0.01649	0.00950	0.00950	0.03149	0.01849	0.73709	0.02549	0.02199	0.01599	0.00800	0.00650	0.00200	0.00550	0.00650	0.00800	0.01100
42	0.00914	0.00660	0.00864	0.00813	0.00965	0.00610	0.00610	0.01219	0.01829	0.02591	0.72921	0.04827	0.06097	0.01321	0.00762	0.00203	0.00305	0.01169	0.00711	0.00610
43	0.00972	0.00680	0.00840	0.00788	0.00975	0.00609	0.00595	0.01237	0.01737	0.05836	0.52185	0.05061	0.23321	0.01378	0.00757	0.00207	0.00323	0.01194	0.00687	0.00617
44	0.04534	0.01152	0.01324	0.00953	0.01520	0.00885	0.00763	0.01638	0.01330	0.02137	0.01139	0.01328	0.00947	0.00483	0.00475	0.00100	0.00479	0.00382	0.00383	0.78047

[dist]
# distance from previous block
# <min> <max>
0	1

[block]
# block no. 3 follows, 34 sequences, length 27
# corresponding to MSA columns:
# 252-278
name=unknown_D
#
# <colnr> <probs for GDERKNQSTAVLIFYWHMCP>
#	G	D	E	R	K	N	Q	S	T	A	V	L	I	F	Y	W	H	M	C	P
0	0.01590	0.00947	0.01221	0.04504	0.01454	0.02692	0.02714	0.04054	0.03551	0.22595	0.31323	0.07879	0.10490	0.01147	0.00718	0.00207	0.00468	0.00992	0.00676	0.00779
1	0.01740	0.34605	0.18017	0.05076	0.08615	0.03321	0.03296	0.03452	0.03248	0.09701	0.01249	0.01389	0.00971	0.00612	0.00539	0.00173	0.00758	0.00466	0.00359	0.02412
2	0.00907	0.00718	0.00823	0.00786	0.00985	0.00665	0.00593	0.01277	0.07490	0.02237	0.38602	0.05224	0.34485	0.01420	0.00754	0.00211	0.00332	0.01216	0.00659	0.00616
3	0.00958	0.00629	0.00769	0.00769	0.00786	0.00646	0.00472	0.00960	0.00943	0.01274	0.01888	0.03724	0.02103	0.58187	0.13652	0.09822	0.00781	0.00861	0.00372	0.00406
4	0.01774	0.32586	0.17589	0.01530	0.04787	0.13577	0.04813	0.02157	0.03376	0.07014	0.01407	0.01523	0.03972	0.00657	0.00547	0.00173	0.00814	0.00489	0.00351	0.00865
5	0.05441	0.01497	0.02467	0.25534	0.35680	0.04598	0.11657	0.01915	0.01421	0.01980	0.01183	0.01612	0.00944	0.00598	0.00645	0.00202	0.00846	0.00584	0.00315	0.00881
6	0.01023	0.00738	0.01015	0.01154	0.01308	0.00730	0.01004	0.01311	0.01486	0.01921	0.03630	0.07217	0.08345	0.01775	0.00884	0.00292	0.00577	0.64402	0.00595	0.00592
7	0.04505	0.01048	0.01218	0.01120	0.01371	0.01120	0.00900	0.21246	0.01820	0.02466	0.04745	0.14761	0.15034	0.01724	0.08164	0.00315	0.03833	0.13313	0.00569	0.00728
8	0.07723	0.01515	0.01766	0.01951	0.20596	0.09448	0.01239	0.07389	0.13983	0.16378	0.06934	0.01992	0.01630	0.00748	0.00624	0.00193	0.00656	0.00619	0.00534	0.04080
9	0.01631	0.01816	0.01498	0.01488	0.05675	0.31842	0.01070	0.01880	0.04144	0.01705	0.05230	0.10603	0.06961	0.01626	0.12432	0.00334	0.08198	0.00761	0.00409	0.00697
10	0.02060	0.00934	0.01221	0.00998	0.01355	0.00829	0.00794	0.03909	0.01791	0.42722	0.21497	0.03371	0.09833	0.04690	0.00817	0.00223	0.00471	0.00869	0.00734	0.00882
11	0.01536	0.01518	0.02190	0.21828	0.40809	0.09500	0.01720	0.01873	0.01453	0.01912	0.04685	0.01758	0.01214	0.00718	0.00729	0.03978	0.00803	0.00586	0.00330	0.00860
12	0.07503	0.02228	0.26673	0.01691	0.05701	0.08580	0.05504	0.10479	0.04692	0.18404	0.01557	0.01609	0.01087	0.00684	0.00619	0.00199	0.00804	0.00545	0.00471	0.00968
13	0.02257	0.10993	0.01951	0.01530	0.01884	0.53792	0.01192	0.05642	0.01803	0.05191	0.04534	0.01403	0.01134	0.00712	0.00631	0.00172	0.03549	0.00468	0.00380	0.00783
14	0.01327	0.01148	0.01406	0.09217	0.01854	0.00925	0.00879	0.01630	0.01335	0.02055	0.01148	0.01382	0.00946	0.00497	0.00497	0.00109	0.00521	0.00404	0.00372	0.72348
15	0.01489	0.00929	0.01091	0.00968	0.01238	0.00914	0.00748	0.09411	0.08466	0.15192	0.14555	0.07446	0.18085	0.07474	0.03324	0.00271	0.00503	0.03119	0.04023	0.00754
16	0.00934	0.00624	0.00706	0.00711	0.00713	0.00623	0.00399	0.00938	0.00950	0.01266	0.02088	0.06693	0.02414	0.74738	0.03205	0.00614	0.00618	0.00970	0.00399	0.00396
17	0.00898	0.00660	0.00841	0.00795	0.00955	0.00603	0.00597	0.01187	0.01790	0.02498	0.65589	0.04980	0.13486	0.01356	0.00762	0.00205	0.00307	0.01190	0.00699	0.00603
18	0.00785	0.00569	0.00743	0.00881	0.00932	0.00526	0.00592	0.00902	0.01255	0.01657	0.03784	0.71609	0.09392	0.01995	0.00820	0.00259	0.00371	0.01802	0.00600	0.00526
19	0.01340	0.01148	0.01340	0.00957	0.01531	0.00861	0.00766	0.01627	0.01340	0.02105	0.01148	0.01340	0.00957	0.00479	0.00479	0.00096	0.00479	0.00383	0.00383	0.81242
20	0.00801	0.00573	0.00762	0.00890	0.00940	0.00534	0.00601	0.00935	0.01302	0.01753	0.11222	0.68913	0.04475	0.01947	0.00818	0.00256	0.00367	0.01763	0.00612	0.00534
21	0.01305	0.01120	0.01393	0.01017	0.01532	0.00874	0.04219	0.01573	0.01305	0.02010	0.01254	0.01679	0.01112	0.08966	0.00803	0.00160	0.00525	0.00463	0.00381	0.68308
22	0.01233	0.01156	0.01922	0.73275	0.04358	0.01441	0.01769	0.01710	0.03637	0.01686	0.01197	0.01745	0.00898	0.00654	0.00646	0.00215	0.00850	0.00579	0.00299	0.00728
23	0.01612	0.08665	0.28619	0.01887	0.07157	0.09587	0.13253	0.02169	0.04823	0.07244	0.07494	0.01801	0.01427	0.00687	0.00638	0.00196	0.00860	0.00598	0.00386	0.00896
24	0.04810	0.01201	0.01261	0.04202	0.01526	0.07126	0.00886	0.12934	0.05127	0.15660	0.10986	0.06999	0.19554	0.01135	0.00693	0.00210	0.00548	0.03729	0.00616	0.00797
25	0.03684	0.05293	0.09654	0.01832	0.11184	0.03767	0.10430	0.10028	0.11079	0.16801	0.04797	0.01892	0.01441	0.00713	0.00638	0.00195	0.00715	0.00622	0.00513	0.04722
26	0.16386	0.09026	0.03071	0.01060	0.01459	0.01298	0.00891	0.12945	0.03693	0.15893	0.16855	0.05306	0.04546	0.00903	0.00606	0.00193	0.00520	0.00719	0.00584	0.04046

[dist]
# distance from previous block
# <min> <max>
0	14

[block]
# block no. 4 follows, 34 sequences, length 124
# corresponding to MSA columns:
# 293-416
name=unknown_E
#
# <colnr> <probs for GDERKNQSTAVLIFYWHMCP>
#	G	D	E	R	K	N	Q	S	T	A	V	L	I	F	Y	W	H	M	C	P
0	0.06014	0.13606	0.20901	0.02142	0.16857	0.09780	0.10559	0.03780	0.01493	0.04478	0.01175	0.01405	0.00917	0.00598	0.00590	0.00185	0.00856	0.00506	0.00335	0.03823
1	0.08246	0.09859	0.26347	0.01904	0.14159	0.06127	0.01652	0.08391	0.06801	0.02273	0.01250	0.01427	0.00966	0.00640	0.00607	0.00188	0.02334	0.00491	0.00365	0.05973
2	0.01439	0.02096	0.24222	0.02078	0.02778	0.01473	0.34255	0.03620	0.05230	0.02163	0.03673	0.01713	0.01152	0.00606	0.00675	0.00198	0.00910	0.00638	0.00355	0.10727
3	0.47933	0.01291	0.01274	0.01145	0.05346	0.01371	0.00871	0.09482	0.01468	0.13556	0.01263	0.01339	0.00925	0.00634	0.00486	0.00187	0.00542	0.00436	0.00480	0.09970
4	0.01069	0.00823	0.01007	0.01048	0.01216	0.03402	0.00861	0.03493	0.01661	0.02202	0.27991	0.08015	0.07894	0.01548	0.00819	0.00251	0.00497	0.34958	0.00629	0.00617
5	0.01296	0.03342	0.73944	0.01842	0.02797	0.01501	0.02387	0.02046	0.01364	0.02046	0.01160	0.01364	0.00818	0.00614	0.00614	0.00205	0.00955	0.00477	0.00273	0.00955
6	0.00849	0.00607	0.00821	0.00971	0.01036	0.00578	0.00708	0.01007	0.01298	0.01719	0.03527	0.59822	0.04138	0.01966	0.00841	0.00271	0.00429	0.18271	0.00599	0.00542
7	0.01423	0.01442	0.02136	0.01784	0.01840	0.01949	0.07373	0.01599	0.01035	0.01599	0.00888	0.01442	0.00860	0.01081	0.02004	0.00277	0.69677	0.00582	0.00287	0.00721
8	0.00923	0.00692	0.01038	0.01038	0.01154	0.00808	0.00808	0.01154	0.01038	0.01500	0.01731	0.02538	0.01615	0.04846	0.74732	0.01038	0.01731	0.00692	0.00346	0.00577
9	0.00809	0.00656	0.00717	0.00702	0.00900	0.00565	0.00526	0.01014	0.01579	0.01998	0.26365	0.05803	0.53023	0.01542	0.00763	0.00214	0.00321	0.01305	0.00633	0.00565
10	0.01525	0.01743	0.03813	0.02723	0.03377	0.01634	0.70915	0.02070	0.01525	0.02070	0.01307	0.01743	0.00980	0.00545	0.00763	0.00218	0.01089	0.00763	0.00327	0.00871
11	0.01122	0.00561	0.00842	0.00842	0.00842	0.00561	0.00561	0.00842	0.00842	0.01122	0.01122	0.01964	0.01122	0.02245	0.02525	0.81201	0.00561	0.00561	0.00281	0.00281
12	0.01610	0.01725	0.03290	0.02401	0.02983	0.07187	0.56229	0.02079	0.01557	0.05907	0.01684	0.03818	0.04892	0.00662	0.00744	0.00214	0.01008	0.00788	0.00374	0.00849
13	0.01054	0.00730	0.00799	0.02582	0.00886	0.02778	0.00483	0.01096	0.01060	0.04146	0.03950	0.04126	0.06278	0.64209	0.02843	0.00554	0.00620	0.00934	0.00422	0.00451
14	0.01460	0.00810	0.01065	0.00925	0.01194	0.00718	0.00722	0.01744	0.01770	0.20961	0.45263	0.06153	0.04429	0.01159	0.00718	0.00199	0.00392	0.02995	0.00703	0.06621
15	0.70575	0.07266	0.01198	0.00916	0.01329	0.04055	0.00766	0.03967	0.01198	0.02781	0.00922	0.01067	0.00726	0.00604	0.00415	0.00194	0.00544	0.00359	0.00395	0.00723
16	0.01643	0.01299	0.01572	0.03513	0.09569	0.03713	0.00996	0.06350	0.01535	0.09848	0.01326	0.01478	0.01035	0.00554	0.00534	0.00130	0.00569	0.00452	0.00433	0.53451
17	0.01957	0.04749	0.02225	0.02064	0.11783	0.38188	0.11023	0.02308	0.05884	0.01782	0.01181	0.01452	0.00980	0.00851	0.03637	0.00224	0.08027	0.00527	0.00344	0.00812
18	0.01587	0.01371	0.01442	0.01299	0.01661	0.01582	0.01010	0.03374	0.70413	0.02680	0.02723	0.02501	0.03663	0.00895	0.00660	0.00219	0.00507	0.00746	0.00656	0.01011
19	0.01136	0.00887	0.01022	0.00932	0.01165	0.00896	0.00715	0.06705	0.15700	0.02567	0.41786	0.04364	0.17086	0.01251	0.00733	0.00208	0.00379	0.01075	0.00676	0.00715
20	0.01398	0.01390	0.01949	0.01675	0.01679	0.01941	0.01394	0.01542	0.00991	0.01553	0.00877	0.01450	0.00873	0.01251	0.04471	0.00307	0.73702	0.00570	0.00285	0.00703
21	0.01204	0.00602	0.00602	0.00602	0.00753	0.00602	0.00452	0.01506	0.01355	0.02409	0.02108	0.02409	0.01656	0.00753	0.00452	0.00151	0.00301	0.00602	0.80879	0.00602
22	0.00834	0.00665	0.00759	0.00814	0.00993	0.00591	0.00637	0.01023	0.01448	0.01779	0.05429	0.15062	0.47927	0.01719	0.00802	0.00243	0.00398	0.17725	0.00599	0.00555
23	0.00918	0.00691	0.00874	0.00950	0.01113	0.00647	0.00779	0.01159	0.01506	0.01933	0.12987	0.11912	0.26193	0.01698	0.00830	0.00258	0.00457	0.33907	0.00611	0.00576
24	0.01607	0.01388	0.01461	0.01315	0.01680	0.01607	0.01023	0.03433	0.72094	0.02703	0.02630	0.02411	0.01972	0.00877	0.00657	0.00219	0.00511	0.00731	0.00657	0.01023
25	0.02325	0.01739	0.01867	0.01443	0.01951	0.01908	0.01186	0.61676	0.08707	0.03851	0.01619	0.01611	0.01164	0.00768	0.00638	0.00191	0.00682	0.00583	0.00633	0.05459
26	0.00787	0.00562	0.00750	0.00900	0.00937	0.00525	0.00600	0.00900	0.01237	0.01649	0.03561	0.76871	0.04274	0.02024	0.00825	0.00262	0.00375	0.01837	0.00600	0.00525
27	0.02840	0.01182	0.04171	0.01175	0.01692	0.00970	0.01003	0.03108	0.01831	0.71067	0.02498	0.02168	0.01571	0.00793	0.00648	0.00200	0.00565	0.00643	0.00780	0.01094
28	0.01307	0.05304	0.72083	0.01822	0.02767	0.01528	0.02353	0.02043	0.01363	0.02032	0.01153	0.01356	0.00819	0.00612	0.00609	0.00203	0.00948	0.00474	0.00273	0.00952
29	0.00928	0.00672	0.00935	0.00935	0.01015	0.00751	0.00679	0.01087	0.01008	0.01423	0.01825	0.03062	0.01843	0.27309	0.52580	0.00911	0.01388	0.00769	0.00360	0.00519
30	0.01599	0.01535	0.02623	0.03966	0.73262	0.01535	0.01983	0.01983	0.01471	0.02111	0.01215	0.01599	0.01023	0.00576	0.00640	0.00192	0.00768	0.00576	0.00320	0.01023
31	0.00899	0.00591	0.00789	0.00913	0.00975	0.00547	0.00618	0.01019	0.01269	0.05460	0.03508	0.72922	0.04132	0.01960	0.00815	0.00259	0.00384	0.01774	0.00610	0.00555
32	0.01414	0.01414	0.01979	0.01696	0.01696	0.01979	0.01414	0.01555	0.00990	0.01555	0.00848	0.01414	0.00848	0.01131	0.02120	0.00283	0.76110	0.00565	0.00283	0.00707
33	0.05984	0.01949	0.06303	0.02772	0.34077	0.16571	0.11191	0.02264	0.08703	0.02095	0.01308	0.01570	0.01046	0.00624	0.00633	0.00194	0.00864	0.00567	0.00359	0.00925
34	0.03499	0.10410	0.50504	0.01847	0.02670	0.01631	0.12509	0.02108	0.05116	0.02054	0.01227	0.01436	0.00902	0.00611	0.00613	0.00201	0.00913	0.00517	0.00305	0.00927
35	0.00934	0.00649	0.00817	0.00817	0.00856	0.00687	0.00532	0.01012	0.00973	0.01336	0.01933	0.03659	0.02102	0.52894	0.27349	0.00765	0.00998	0.00856	0.00376	0.00454
36	0.02843	0.01190	0.01555	0.01192	0.01695	0.01084	0.00985	0.11796	0.02001	0.64849	0.02422	0.02117	0.01536	0.00797	0.00649	0.00199	0.00570	0.00641	0.00780	0.01100
37	0.01318	0.01248	0.02115	0.57178	0.22246	0.01461	0.01843	0.01737	0.01338	0.01770	0.01166	0.01691	0.00903	0.00628	0.00644	0.00209	0.00837	0.00575	0.00296	0.00797
38	0.01340	0.01148	0.01340	0.00957	0.01531	0.00861	0.00766	0.01627	0.01340	0.02105	0.01148	0.01340	0.00957	0.00479	0.00479	0.00096	0.00479	0.00383	0.00383	0.81242
39	0.01414	0.01414	0.01979	0.01696	0.01696	0.01979	0.01414	0.01555	0.00990	0.01555	0.00848	0.01414	0.00848	0.01131	0.02120	0.00283	0.76110	0.00565	0.00283	0.00707
40	0.01610	0.01367	0.01449	0.01302	0.01658	0.01570	0.01011	0.07099	0.64353	0.02722	0.02620	0.06419	0.02049	0.00933	0.00666	0.00220	0.00515	0.00782	0.00654	0.01000
41	0.01401	0.01190	0.01273	0.01159	0.01475	0.01329	0.00896	0.02797	0.53024	0.02566	0.13333	0.03240	0.11485	0.01037	0.00686	0.00217	0.00458	0.00874	0.00658	0.00903
42	0.00926	0.00624	0.00742	0.00785	0.00852	0.00588	0.00505	0.01003	0.01167	0.04106	0.03332	0.31467	0.14165	0.34627	0.01879	0.00411	0.00483	0.01329	0.00517	0.00491
43	0.01451	0.02263	0.26618	0.02437	0.03188	0.01591	0.48631	0.02062	0.01473	0.02062	0.01259	0.01620	0.00928	0.00567	0.00714	0.00214	0.01046	0.00670	0.00309	0.00899
44	0.00940	0.00626	0.00705	0.00705	0.00705	0.00626	0.00392	0.00940	0.00940	0.01253	0.02036	0.04228	0.02349	0.77292	0.03289	0.00626	0.00626	0.00940	0.00392	0.00392
45	0.01353	0.01313	0.01816	0.01569	0.01569	0.01806	0.01283	0.01476	0.00983	0.01516	0.01000	0.01774	0.01040	0.10885	0.02270	0.00327	0.66442	0.00613	0.00297	0.00666
46	0.01610	0.01276	0.01518	0.04251	0.03767	0.01396	0.03078	0.24026	0.21695	0.02741	0.02434	0.24754	0.02296	0.01167	0.00707	0.00223	0.00571	0.01011	0.00603	0.00879
47	0.01533	0.44247	0.35120	0.01437	0.02170	0.02082	0.01682	0.01985	0.01336	0.01757	0.01016	0.01184	0.00824	0.00580	0.00504	0.00168	0.00810	0.00405	0.00275	0.00886
48	0.00813	0.00581	0.00779	0.00929	0.00978	0.00547	0.00644	0.00944	0.01262	0.01678	0.03547	0.69860	0.04218	0.02000	0.00832	0.00266	0.00397	0.08595	0.00599	0.00532
49	0.04949	0.01404	0.08810	0.01214	0.01695	0.01187	0.01079	0.17550	0.02022	0.34948	0.13815	0.02480	0.04166	0.00878	0.00659	0.00200	0.00578	0.00713	0.00679	0.00975
50	0.01759	0.09316	0.10668	0.02723	0.34948	0.11671	0.06883	0.06232	0.01596	0.03888	0.01207	0.01473	0.00969	0.00602	0.00612	0.00184	0.00842	0.00530	0.00346	0.03551
51	0.01589	0.47129	0.22311	0.01427	0.02082	0.02143	0.06102	0.02081	0.06381	0.01783	0.01119	0.01270	0.00918	0.00592	0.00509	0.00167	0.00776	0.00436	0.00306	0.00880
52	0.01560	0.01493	0.02525	0.03759	0.67673	0.01513	0.01907	0.01924	0.01443	0.02071	0.01292	0.04516	0.01143	0.00654	0.00704	0.00198	0.03678	0.00624	0.00329	0.00992
53	0.21939	0.08494	0.06199	0.05476	0.22528	0.14712	0.07939	0.02062	0.01419	0.02135	0.01072	0.01340	0.00868	0.00598	0.00560	0.00189	0.00810	0.00482	0.00335	0.00844
54	0.00842	0.00652	0.00727	0.00738	0.00913	0.00577	0.00552	0.01036	0.01488	0.01910	0.17639	0.10535	0.44221	0.05575	0.00896	0.00243	0.00360	0.06146	0.04398	0.00554
55	0.00901	0.00660	0.00846	0.00799	0.00957	0.00604	0.00599	0.01194	0.01798	0.02518	0.67179	0.04947	0.11884	0.01348	0.00762	0.00205	0.00307	0.01185	0.00702	0.00604
56	0.00835	0.00576	0.00735	0.00850	0.00885	0.00547	0.00554	0.00934	0.01186	0.01608	0.03209	0.59856	0.03794	0.16172	0.01273	0.00326	0.00419	0.01613	0.04125	0.00503
57	0.01041	0.00744	0.01041	0.01190	0.01339	0.00744	0.01041	0.01339	0.01487	0.01934	0.03421	0.07288	0.03719	0.01785	0.00892	0.00297	0.00595	0.68913	0.00595	0.00595
58	0.02278	0.02830	0.01937	0.01960	0.11115	0.63050	0.01348	0.02472	0.01759	0.01648	0.01022	0.01229	0.00857	0.00669	0.00638	0.00173	0.03462	0.00441	0.00330	0.00783
59	0.81856	0.01250	0.00950	0.00850	0.01250	0.01449	0.00700	0.01899	0.01100	0.02899	0.00900	0.01050	0.00700	0.00600	0.00400	0.00200	0.00500	0.00350	0.00400	0.00700
60	0.01489	0.01550	0.02573	0.02007	0.02355	0.04172	0.29990	0.02082	0.13117	0.01961	0.01452	0.03915	0.01218	0.01000	0.04046	0.00270	0.24897	0.00711	0.00377	0.00819
61	0.00882	0.00659	0.00819	0.00779	0.00946	0.00596	0.00584	0.01157	0.01753	0.02410	0.58732	0.05124	0.20398	0.01388	0.00762	0.00206	0.00310	0.01210	0.00687	0.00596
62	0.01303	0.03294	0.71813	0.01868	0.02814	0.01505	0.04470	0.02047	0.01369	0.02047	0.01164	0.01376	0.00823	0.00612	0.00618	0.00205	0.00959	0.00486	0.00274	0.00952
63	0.01723	0.01460	0.01880	0.01910	0.18552	0.01458	0.03280	0.18610	0.15385	0.02689	0.01550	0.01669	0.01202	0.00651	0.00599	0.00169	0.00626	0.00553	0.00482	0.25554
64	0.06142	0.61387	0.03013	0.05092	0.01820	0.07727	0.01135	0.04329	0.01397	0.01694	0.00941	0.01101	0.00833	0.00576	0.00446	0.00150	0.00725	0.00371	0.00300	0.00820
65	0.01798	0.01323	0.01461	0.01244	0.01607	0.01444	0.01008	0.30330	0.19354	0.04972	0.09595	0.02971	0.03770	0.00995	0.00678	0.00211	0.00562	0.08875	0.06885	0.00919
66	0.06616	0.02947	0.01788	0.01616	0.01958	0.68765	0.01219	0.04486	0.01827	0.01722	0.01009	0.01170	0.00833	0.00665	0.00575	0.00169	0.01117	0.00417	0.00345	0.00756
67	0.00871	0.00660	0.00812	0.00779	0.00948	0.00601	0.00586	0.01131	0.01683	0.02287	0.49831	0.05111	0.25339	0.01599	0.04674	0.00252	0.00387	0.01200	0.00660	0.00589
68	0.02270	0.01815	0.01937	0.01707	0.08581	0.06646	0.01274	0.51915	0.11294	0.03560	0.01617	0.01636	0.01182	0.00762	0.00643	0.00195	0.00721	0.00589	0.00597	0.01060
69	0.00896	0.00655	0.00837	0.00896	0.01002	0.00611	0.00627	0.03576	0.01446	0.01967	0.18842	0.52970	0.06786	0.01753	0.00789	0.00239	0.00374	0.01573	0.00618	0.03542
70	0.01647	0.01663	0.03013	0.02212	0.02766	0.05506	0.45739	0.02161	0.05237	0.07144	0.01398	0.01711	0.01057	0.00623	0.00808	0.00205	0.06479	0.00678	0.00381	0.09570
71	0.01665	0.66993	0.13530	0.01211	0.01822	0.02405	0.01290	0.01951	0.01320	0.01596	0.00936	0.01084	0.00828	0.00562	0.00443	0.00148	0.00729	0.00364	0.00276	0.00847
72	0.02815	0.01234	0.01583	0.01214	0.01717	0.01150	0.01003	0.16052	0.02075	0.60488	0.02360	0.02076	0.01504	0.00795	0.00649	0.00199	0.00580	0.00637	0.00771	0.01099
73	0.01515	0.01713	0.03644	0.02629	0.03223	0.01666	0.64541	0.02023	0.01476	0.02023	0.01265	0.01713	0.00968	0.00598	0.00887	0.00224	0.07970	0.00744	0.00323	0.00856
74	0.00805	0.00572	0.00758	0.00900	0.00939	0.00538	0.00604	0.00918	0.01230	0.01638	0.03473	0.70389	0.04149	0.06116	0.00961	0.00284	0.00397	0.04221	0.00588	0.00520
75	0.00787	0.00562	0.00750	0.00900	0.00937	0.00525	0.00600	0.00900	0.01237	0.01649	0.03561	0.76871	0.04274	0.02024	0.00825	0.00262	0.00375	0.01837	0.00600	0.00525
76	0.00789	0.00570	0.00748	0.00884	0.00934	0.00528	0.00594	0.00910	0.01266	0.01681	0.05649	0.71021	0.08068	0.01984	0.00820	0.00258	0.00370	0.01793	0.00603	0.00528
77	0.00787	0.00562	0.00750	0.00900	0.00937	0.00525	0.00600	0.00900	0.01237	0.01649	0.03561	0.76871	0.04274	0.02024	0.00825	0.00262	0.00375	0.01837	0.00600	0.00525
78	0.02414	0.03079	0.01831	0.01665	0.01998	0.74698	0.01248	0.02580	0.01831	0.01581	0.00999	0.01165	0.00832	0.00666	0.00583	0.00166	0.01165	0.00416	0.00333	0.00749
79	0.00849	0.00658	0.00773	0.00744	0.00925	0.00582	0.00558	0.01093	0.01675	0.02225	0.44205	0.05429	0.35041	0.01457	0.00763	0.00210	0.00315	0.01253	0.00663	0.00582
80	0.01525	0.01743	0.03813	0.02723	0.03377	0.01634	0.70915	0.02070	0.01525	0.02070	0.01307	0.01743	0.00980	0.00545	0.00763	0.00218	0.01089	0.00763	0.00327	0.00871
81	0.01220	0.01148	0.01938	0.75739	0.04450	0.01436	0.01794	0.01651	0.01292	0.01651	0.01148	0.01723	0.00861	0.00646	0.00646	0.00215	0.00861	0.00574	0.00287	0.00718
82	0.00940	0.00626	0.00705	0.00705	0.00705	0.00626	0.00392	0.00940	0.00940	0.01253	0.02036	0.04228	0.02349	0.77292	0.03289	0.00626	0.00626	0.00940	0.00392	0.00392
83	0.00947	0.00676	0.01015	0.01015	0.01116	0.00778	0.00778	0.01116	0.01015	0.01454	0.01657	0.02469	0.01556	0.04531	0.65976	0.10759	0.01589	0.00676	0.00338	0.00541
84	0.81856	0.01250	0.00950	0.00850	0.01250	0.01449	0.00700	0.01899	0.01100	0.02899	0.00900	0.01050	0.00700	0.00600	0.00400	0.00200	0.00500	0.00350	0.00400	0.00700
85	0.02899	0.01100	0.01499	0.01150	0.01649	0.00950	0.00950	0.03149	0.01849	0.73709	0.02549	0.02199	0.01599	0.00800	0.00650	0.00200	0.00550	0.00650	0.00800	0.01100
86	0.01034	0.00752	0.01019	0.01138	0.01286	0.00756	0.00961	0.01392	0.05216	0.01987	0.08093	0.14687	0.03849	0.01732	0.00864	0.00283	0.00546	0.53187	0.00607	0.00611
87	0.76486	0.01373	0.01009	0.00905	0.01300	0.06401	0.00737	0.01945	0.01149	0.02810	0.00906	0.01057	0.00709	0.00604	0.00412	0.00198	0.00545	0.00354	0.00395	0.00703
88	0.01565	0.15738	0.37549	0.01668	0.02392	0.01751	0.07558	0.11790	0.07087	0.02273	0.01315	0.01486	0.00990	0.00785	0.03132	0.00222	0.00878	0.00520	0.00363	0.00939
89	0.01538	0.21815	0.35622	0.01693	0.04877	0.03942	0.05536	0.03755	0.03418	0.03931	0.01302	0.01483	0.02669	0.00666	0.00664	0.00192	0.05170	0.00502	0.00324	0.00900
90	0.01781	0.01462	0.01551	0.01343	0.01734	0.01667	0.01058	0.19169	0.53841	0.02991	0.02406	0.04436	0.01837	0.00887	0.00660	0.00215	0.00554	0.00729	0.00653	0.01026
91	0.06045	0.06992	0.01656	0.01328	0.08251	0.01174	0.02885	0.06052	0.03375	0.08759	0.05400	0.01886	0.04929	0.00662	0.00552	0.00148	0.00544	0.00543	0.00458	0.38360
92	0.01423	0.00945	0.01045	0.00913	0.01217	0.03001	0.00715	0.07191	0.01672	0.15126	0.10091	0.04405	0.32863	0.05324	0.00848	0.00227	0.00465	0.04846	0.00613	0.07069
93	0.06869	0.01450	0.06459	0.01258	0.01782	0.03414	0.01094	0.15563	0.01996	0.50082	0.02137	0.01931	0.01384	0.00768	0.00631	0.00198	0.00623	0.00603	0.00701	0.01058
94	0.01564	0.01541	0.02754	0.08329	0.58619	0.01543	0.12116	0.01975	0.01468	0.02076	0.01225	0.01628	0.01007	0.00576	0.00658	0.00197	0.00821	0.00603	0.00319	0.00982
95	0.01495	0.01744	0.10375	0.08797	0.16934	0.01515	0.39278	0.01995	0.01479	0.03901	0.01405	0.03806	0.01133	0.00643	0.00716	0.00214	0.00949	0.02392	0.00343	0.00887
96	0.01220	0.01148	0.01938	0.75739	0.04450	0.01436	0.01794	0.01651	0.01292	0.01651	0.01148	0.01723	0.00861	0.00646	0.00646	0.00215	0.00861	0.00574	0.00287	0.00718
97	0.00829	0.00616	0.00773	0.00821	0.00935	0.00560	0.00583	0.01022	0.01499	0.02013	0.29534	0.36968	0.18091	0.01692	0.00790	0.00232	0.00340	0.01502	0.00641	0.00560
98	0.01640	0.01811	0.06786	0.07651	0.26746	0.08272	0.28232	0.02075	0.01502	0.04311	0.01253	0.01622	0.00980	0.00606	0.00735	0.00205	0.03703	0.00629	0.00333	0.00907
99	0.00799	0.00583	0.00756	0.00889	0.00953	0.00540	0.00613	0.00928	0.01278	0.01677	0.03890	0.64891	0.11991	0.01967	0.00822	0.00259	0.00382	0.05651	0.00600	0.00531
100	0.00811	0.00594	0.00814	0.04977	0.01129	0.00574	0.00665	0.00941	0.01240	0.01650	0.03430	0.72777	0.04088	0.01949	0.00815	0.00260	0.00401	0.01768	0.00583	0.00535
101	0.01466	0.01601	0.07360	0.27592	0.22377	0.04281	0.10062	0.03557	0.01395	0.01898	0.01149	0.01599	0.00920	0.00683	0.00857	0.00215	0.11247	0.00584	0.00310	0.00845
102	0.04816	0.55693	0.02993	0.01235	0.01759	0.02261	0.04788	0.06815	0.01472	0.08329	0.01113	0.01230	0.00922	0.00614	0.00536	0.00160	0.03623	0.00420	0.00357	0.00865
103	0.00940	0.00626	0.00705	0.00705	0.00705	0.00626	0.00392	0.00940	0.00940	0.01253	0.02036	0.04228	0.02349	0.77292	0.03289	0.00626	0.00626	0.00940	0.00392	0.00392
