[name]
unknown

[dist]
# distance from previous block
# <min> <max>
0	13

[block]
# block no. 0 follows, 33 sequences, length 33
# corresponding to MSA columns:
# 13-45
name=unknown_A
#
# <colnr> <probs for GDERKNQSTAVLIFYWHMCP>
#	G	D	E	R	K	N	Q	S	T	A	V	L	I	F	Y	W	H	M	C	P
0	0.08523	0.01235	0.01656	0.01311	0.01772	0.01164	0.08378	0.11838	0.01780	0.22021	0.03940	0.06006	0.01791	0.00893	0.00659	0.00198	0.00614	0.08661	0.00585	0.16976
1	0.00941	0.00652	0.00817	0.00828	0.00864	0.00682	0.00534	0.01016	0.01008	0.01377	0.02103	0.09192	0.02330	0.51126	0.23049	0.00728	0.00935	0.00955	0.00402	0.00462
2	0.01551	0.02941	0.55861	0.01849	0.02701	0.01541	0.06691	0.06575	0.01538	0.08076	0.01323	0.01500	0.00930	0.00665	0.00693	0.00211	0.03491	0.00530	0.00351	0.00980
3	0.01486	0.01418	0.02413	0.30548	0.47372	0.01526	0.01949	0.01894	0.01431	0.01976	0.01213	0.01676	0.00981	0.00613	0.00654	0.00204	0.00818	0.00586	0.00313	0.00927
4	0.01320	0.03405	0.73453	0.01876	0.02849	0.01529	0.02432	0.02085	0.01390	0.02085	0.01181	0.01390	0.00834	0.00625	0.00625	0.00208	0.00973	0.00486	0.00278	0.00973
5	0.00802	0.00573	0.00764	0.00917	0.00955	0.00535	0.00611	0.00917	0.01260	0.01681	0.03628	0.76434	0.04354	0.02062	0.00840	0.00267	0.00382	0.01872	0.00611	0.00535
6	0.01129	0.00855	0.03300	0.04625	0.05160	0.00774	0.03488	0.01309	0.01304	0.07594	0.05232	0.36253	0.05486	0.17176	0.02948	0.00343	0.00567	0.01304	0.00531	0.00623
7	0.00918	0.00667	0.00849	0.00811	0.00958	0.00615	0.00597	0.01191	0.01759	0.02456	0.60732	0.06929	0.11114	0.06382	0.00948	0.00238	0.00336	0.01209	0.00691	0.00599
8	0.02954	0.01120	0.01528	0.01171	0.01681	0.00968	0.00968	0.03208	0.01884	0.73213	0.02597	0.02241	0.01630	0.00815	0.00662	0.00204	0.00560	0.00662	0.00815	0.01120
9	0.01577	0.01351	0.01437	0.01296	0.01650	0.01551	0.01006	0.03306	0.65618	0.02744	0.08632	0.02666	0.02368	0.00932	0.00679	0.00222	0.00503	0.00782	0.00675	0.01006
10	0.01475	0.02271	0.25649	0.02441	0.03171	0.01639	0.45655	0.02076	0.01476	0.02076	0.01262	0.01638	0.00940	0.00606	0.00797	0.00221	0.04711	0.00676	0.00313	0.00906
11	0.02954	0.01120	0.01528	0.01171	0.01681	0.00968	0.00968	0.03208	0.01884	0.73213	0.02597	0.02241	0.01630	0.00815	0.00662	0.00204	0.00560	0.00662	0.00815	0.01120
12	0.00917	0.00662	0.00867	0.00838	0.00980	0.00611	0.00620	0.01205	0.01795	0.02530	0.64562	0.13077	0.06000	0.01428	0.00784	0.00214	0.00319	0.01268	0.00712	0.00611
13	0.01227	0.01144	0.01918	0.68264	0.06424	0.01406	0.01756	0.01643	0.01318	0.01697	0.01331	0.06574	0.01107	0.00747	0.00670	0.00222	0.00843	0.00668	0.00314	0.00728
14	0.01574	0.01500	0.02550	0.05846	0.66997	0.01506	0.01939	0.01952	0.01481	0.02112	0.01365	0.05664	0.01217	0.00668	0.00662	0.00200	0.00763	0.00656	0.00340	0.01007
15	0.02873	0.01138	0.01525	0.01182	0.01682	0.01009	0.00972	0.03226	0.06156	0.68894	0.02602	0.02254	0.01653	0.00820	0.00663	0.00205	0.00558	0.00667	0.00806	0.01116
16	0.02503	0.01844	0.01976	0.01515	0.02042	0.02042	0.01251	0.70562	0.03095	0.04149	0.01581	0.01581	0.01120	0.00790	0.00659	0.00198	0.00724	0.00593	0.00659	0.01120
17	0.00840	0.00593	0.00769	0.00884	0.00918	0.00570	0.00579	0.00938	0.01189	0.01592	0.03223	0.58239	0.03825	0.17286	0.04978	0.00381	0.00502	0.01630	0.00556	0.00510
18	0.00802	0.00573	0.00764	0.00917	0.00955	0.00535	0.00611	0.00917	0.01260	0.01681	0.03628	0.76434	0.04354	0.02062	0.00840	0.00267	0.00382	0.01872	0.00611	0.00535
19	0.01637	0.01414	0.01489	0.01340	0.01712	0.01637	0.01042	0.03498	0.71568	0.02754	0.02679	0.02456	0.02010	0.00893	0.00670	0.00223	0.00521	0.00744	0.00670	0.01042
20	0.01577	0.01505	0.02561	0.07998	0.66187	0.01520	0.01957	0.01960	0.01480	0.02106	0.01323	0.04417	0.01156	0.00646	0.00659	0.00200	0.00773	0.00634	0.00335	0.01006
21	0.01311	0.01231	0.02037	0.62787	0.12858	0.01484	0.01813	0.01814	0.04814	0.01793	0.01253	0.01774	0.00954	0.00661	0.00658	0.00217	0.00848	0.00593	0.00315	0.00785
22	0.00799	0.00668	0.00695	0.00688	0.00902	0.00564	0.00516	0.00984	0.01549	0.01893	0.15414	0.06147	0.63674	0.01625	0.00778	0.00220	0.00330	0.01363	0.00626	0.00564
23	0.01554	0.01776	0.03885	0.02775	0.03441	0.01665	0.70366	0.02109	0.01554	0.02109	0.01332	0.01776	0.00999	0.00555	0.00777	0.00222	0.01110	0.00777	0.00333	0.00888
24	0.04162	0.01655	0.02069	0.06547	0.05742	0.01771	0.06737	0.45242	0.02545	0.14371	0.01659	0.01700	0.01160	0.00753	0.00662	0.00202	0.00738	0.00612	0.00611	0.01063
25	0.01742	0.07733	0.16354	0.06378	0.07362	0.05859	0.27689	0.05530	0.01597	0.08945	0.01358	0.01628	0.01006	0.00640	0.00723	0.00208	0.03330	0.00620	0.00377	0.00923
26	0.00907	0.00672	0.00850	0.00832	0.00991	0.00614	0.00630	0.01183	0.01746	0.02398	0.53057	0.09461	0.16843	0.01471	0.00789	0.00219	0.00338	0.05700	0.00692	0.00604
27	0.00822	0.00686	0.00721	0.00739	0.00938	0.00603	0.00544	0.01059	0.04728	0.01808	0.05988	0.17566	0.58112	0.01696	0.00783	0.00230	0.00350	0.01438	0.00614	0.00575
28	0.02574	0.01545	0.01861	0.06308	0.02112	0.05684	0.04542	0.28404	0.02286	0.34831	0.01966	0.01876	0.01312	0.00775	0.00662	0.00201	0.00706	0.00623	0.00670	0.01062
29	0.01804	0.11018	0.02155	0.01625	0.01821	0.16830	0.01347	0.09471	0.01454	0.01869	0.00981	0.01358	0.00887	0.00944	0.01464	0.00236	0.43090	0.00520	0.00339	0.00788
30	0.06077	0.01481	0.06705	0.35425	0.23242	0.01558	0.01777	0.03800	0.04865	0.02030	0.01241	0.01665	0.00974	0.00681	0.00740	0.00215	0.05756	0.00573	0.00336	0.00860
31	0.08625	0.39132	0.14382	0.01319	0.01901	0.13556	0.01309	0.03513	0.01461	0.03437	0.01041	0.01188	0.00863	0.00602	0.00496	0.00162	0.00793	0.00400	0.00327	0.05492
32	0.02158	0.09940	0.05498	0.01432	0.01942	0.04392	0.01228	0.45250	0.09119	0.03357	0.01654	0.05066	0.01296	0.00811	0.00632	0.00193	0.00706	0.00622	0.00577	0.04126

[dist]
# distance from previous block
# <min> <max>
0	1

[block]
# block no. 1 follows, 33 sequences, length 64
# corresponding to MSA columns:
# 47-110
name=unknown_B
#
# <colnr> <probs for GDERKNQSTAVLIFYWHMCP>
#	G	D	E	R	K	N	Q	S	T	A	V	L	I	F	Y	W	H	M	C	P
0	0.01739	0.01458	0.01548	0.01341	0.01748	0.01646	0.01054	0.12555	0.57863	0.02907	0.02436	0.02269	0.01824	0.00854	0.00657	0.00212	0.00547	0.00702	0.00651	0.05991
1	0.00807	0.00656	0.00695	0.00705	0.00886	0.00566	0.00509	0.00963	0.01452	0.01781	0.10389	0.12403	0.55301	0.08712	0.01024	0.00264	0.00365	0.01379	0.00599	0.00544
2	0.01408	0.01214	0.01269	0.01160	0.01492	0.01348	0.00897	0.02815	0.52832	0.02493	0.03746	0.03494	0.20856	0.01100	0.00699	0.00223	0.00471	0.00917	0.00654	0.00912
3	0.01629	0.01564	0.02672	0.04041	0.72757	0.01564	0.02020	0.02020	0.01499	0.02151	0.01238	0.01629	0.01043	0.00587	0.00652	0.00196	0.00782	0.00587	0.00326	0.01043
4	0.02076	0.11085	0.10049	0.01701	0.06485	0.01956	0.04641	0.38848	0.11141	0.03213	0.01562	0.01618	0.01157	0.00734	0.00633	0.00196	0.00745	0.00579	0.00537	0.01045
5	0.01760	0.77260	0.03450	0.01126	0.01690	0.02605	0.01126	0.01971	0.01338	0.01549	0.00915	0.01056	0.00845	0.00563	0.00422	0.00141	0.00704	0.00352	0.00282	0.00845
6	0.02074	0.05481	0.04127	0.01866	0.08258	0.31145	0.05679	0.13871	0.09548	0.02262	0.01409	0.01698	0.01149	0.00767	0.00731	0.00198	0.05556	0.02867	0.00429	0.00887
7	0.02503	0.01844	0.01976	0.01515	0.02042	0.02042	0.01251	0.70562	0.03095	0.04149	0.01581	0.01581	0.01120	0.00790	0.00659	0.00198	0.00724	0.00593	0.00659	0.01120
8	0.01365	0.01170	0.01365	0.00975	0.01560	0.00878	0.00780	0.01658	0.01365	0.02145	0.01170	0.01365	0.00975	0.00488	0.00488	0.00098	0.00488	0.00390	0.00390	0.80888
9	0.00932	0.00673	0.00880	0.00828	0.00984	0.00621	0.00621	0.01242	0.01863	0.02640	0.72410	0.04918	0.06212	0.01346	0.00776	0.00207	0.00311	0.01191	0.00725	0.00621
10	0.01637	0.01414	0.01489	0.01340	0.01712	0.01637	0.01042	0.03498	0.71568	0.02754	0.02679	0.02456	0.02010	0.00893	0.00670	0.00223	0.00521	0.00744	0.00670	0.01042
11	0.00926	0.00741	0.00839	0.00821	0.01023	0.00692	0.00620	0.01313	0.08675	0.02163	0.27789	0.09844	0.36998	0.01512	0.00775	0.00223	0.00356	0.03410	0.00655	0.00627
12	0.81514	0.01273	0.00968	0.00866	0.01273	0.01477	0.00713	0.01935	0.01120	0.02954	0.00917	0.01069	0.00713	0.00611	0.00407	0.00204	0.00509	0.00356	0.00407	0.00713
13	0.01760	0.77260	0.03450	0.01126	0.01690	0.02605	0.01126	0.01971	0.01338	0.01549	0.00915	0.01056	0.00845	0.00563	0.00422	0.00141	0.00704	0.00352	0.00282	0.00845
14	0.00946	0.00684	0.00949	0.00949	0.01029	0.00764	0.00687	0.01106	0.01026	0.01448	0.01863	0.03138	0.01885	0.27965	0.51554	0.00924	0.01403	0.00786	0.00367	0.00527
15	0.13587	0.01317	0.01560	0.01213	0.01713	0.01298	0.01002	0.19419	0.02074	0.46805	0.02120	0.01920	0.01380	0.00781	0.00626	0.00202	0.00593	0.00603	0.00721	0.01064
16	0.02887	0.01101	0.01493	0.01150	0.01645	0.00954	0.00948	0.03144	0.01865	0.70492	0.02580	0.02249	0.01632	0.00813	0.00654	0.00202	0.00550	0.00660	0.03879	0.01101
17	0.01554	0.01776	0.03885	0.02775	0.03441	0.01665	0.70366	0.02109	0.01554	0.02109	0.01332	0.01776	0.00999	0.00555	0.00777	0.00222	0.01110	0.00777	0.00333	0.00888
18	0.02296	0.01296	0.01530	0.01269	0.01712	0.01342	0.01017	0.06476	0.35654	0.35917	0.02590	0.02314	0.01790	0.00852	0.00666	0.00213	0.00549	0.00699	0.00737	0.01082
19	0.00815	0.00664	0.00722	0.00717	0.00915	0.00570	0.00534	0.01014	0.01575	0.01977	0.22030	0.09302	0.53651	0.01610	0.00781	0.00221	0.00330	0.01365	0.00638	0.00570
20	0.00783	0.00667	0.00673	0.00672	0.00892	0.00558	0.00504	0.00954	0.01512	0.01805	0.08663	0.06293	0.70480	0.01658	0.00778	0.00222	0.00333	0.01383	0.00615	0.00558
21	0.00778	0.00667	0.00667	0.00667	0.00889	0.00556	0.00500	0.00945	0.01501	0.01778	0.06669	0.06336	0.72490	0.01667	0.00778	0.00222	0.00333	0.01389	0.00611	0.00556
22	0.02425	0.03080	0.01871	0.01697	0.02025	0.71764	0.01278	0.02593	0.01836	0.01610	0.01012	0.01196	0.00849	0.00695	0.00647	0.00174	0.03721	0.00429	0.00337	0.00762
23	0.02779	0.01159	0.01523	0.01194	0.01685	0.01056	0.00977	0.03247	0.11118	0.63877	0.02608	0.02269	0.01680	0.00825	0.00663	0.00206	0.00555	0.00673	0.00796	0.01110
24	0.00778	0.00667	0.00667	0.00667	0.00889	0.00556	0.00500	0.00945	0.01501	0.01778	0.06669	0.06336	0.72490	0.01667	0.00778	0.00222	0.00333	0.01389	0.00611	0.00556
25	0.01629	0.01564	0.02672	0.04041	0.72757	0.01564	0.02020	0.02020	0.01499	0.02151	0.01238	0.01629	0.01043	0.00587	0.00652	0.00196	0.00782	0.00587	0.00326	0.01043
26	0.02418	0.01320	0.01583	0.01248	0.01702	0.01325	0.01018	0.26289	0.06151	0.34673	0.12826	0.02429	0.02168	0.00891	0.00679	0.00203	0.00577	0.00723	0.00739	0.01040
27	0.02316	0.02903	0.01843	0.01671	0.01975	0.65528	0.01266	0.02486	0.01765	0.01606	0.01037	0.01266	0.00883	0.00896	0.03847	0.00217	0.06959	0.00448	0.00336	0.00752
28	0.00957	0.00638	0.00718	0.00718	0.00718	0.00638	0.00399	0.00957	0.00957	0.01276	0.02074	0.04308	0.02393	0.76864	0.03351	0.00638	0.00638	0.00957	0.00399	0.00399
29	0.01382	0.01196	0.01450	0.01174	0.06190	0.00922	0.00861	0.01681	0.01374	0.02146	0.01175	0.01382	0.00979	0.00494	0.00498	0.00104	0.00507	0.00403	0.00386	0.75696
30	0.01791	0.27409	0.18521	0.01705	0.02312	0.19341	0.12621	0.02248	0.04818	0.01829	0.01149	0.01343	0.00923	0.00619	0.00577	0.00180	0.00936	0.00486	0.00321	0.00870
31	0.01760	0.77260	0.03450	0.01126	0.01690	0.02605	0.01126	0.01971	0.01338	0.01549	0.00915	0.01056	0.00845	0.00563	0.00422	0.00141	0.00704	0.00352	0.00282	0.00845
32	0.01793	0.01890	0.08401	0.02834	0.38888	0.12337	0.01703	0.07161	0.01623	0.04888	0.01314	0.01673	0.01082	0.03412	0.00828	0.00214	0.05532	0.00571	0.02910	0.00947
33	0.00846	0.00670	0.00761	0.00738	0.00931	0.00585	0.00554	0.01076	0.01661	0.02159	0.35726	0.05709	0.43196	0.01525	0.00777	0.00216	0.00323	0.01302	0.00661	0.00585
34	0.00915	0.00667	0.00860	0.00824	0.00976	0.00612	0.00613	0.01205	0.01805	0.02530	0.64248	0.09264	0.10200	0.01408	0.00780	0.00212	0.00316	0.01243	0.00711	0.00612
35	0.65913	0.01243	0.01079	0.00926	0.01354	0.01376	0.00764	0.02188	0.01272	0.16907	0.01250	0.01302	0.00895	0.00652	0.00458	0.00204	0.00519	0.00417	0.00488	0.00794
36	0.01320	0.03405	0.73453	0.01876	0.02849	0.01529	0.02432	0.02085	0.01390	0.02085	0.01181	0.01390	0.00834	0.00625	0.00625	0.00208	0.00973	0.00486	0.00278	0.00973
37	0.01320	0.03405	0.73453	0.01876	0.02849	0.01529	0.02432	0.02085	0.01390	0.02085	0.01181	0.01390	0.00834	0.00625	0.00625	0.00208	0.00973	0.00486	0.00278	0.00973
38	0.02144	0.06650	0.09782	0.01502	0.02039	0.05335	0.01330	0.41555	0.17108	0.03350	0.01700	0.01692	0.01245	0.00775	0.00640	0.00199	0.00729	0.00590	0.00581	0.01053
39	0.02547	0.01595	0.01800	0.01400	0.01906	0.01696	0.01150	0.44786	0.09448	0.23716	0.01978	0.01855	0.01352	0.00807	0.00661	0.00202	0.00658	0.00627	0.00704	0.01112
40	0.01693	0.24569	0.21889	0.01799	0.10812	0.01901	0.03269	0.07905	0.13688	0.04265	0.01445	0.01554	0.01116	0.00666	0.00583	0.00189	0.00762	0.00524	0.00401	0.00969
41	0.70305	0.11952	0.01316	0.00902	0.01332	0.01635	0.00771	0.01940	0.01151	0.02756	0.00916	0.01068	0.00731	0.00604	0.00410	0.00195	0.00537	0.00356	0.00390	0.00731
42	0.00814	0.00588	0.00787	0.00920	0.00972	0.00561	0.00626	0.00941	0.01251	0.01670	0.03571	0.67292	0.06562	0.02306	0.07420	0.00337	0.00504	0.01750	0.00588	0.00540
43	0.08097	0.06520	0.18294	0.06144	0.04289	0.05635	0.01502	0.26281	0.11858	0.02891	0.01488	0.01581	0.01100	0.00720	0.00616	0.00201	0.00770	0.00548	0.00482	0.00982
44	0.01780	0.70164	0.06346	0.01183	0.01757	0.04295	0.01189	0.03941	0.01403	0.01647	0.00948	0.01088	0.00852	0.00575	0.00442	0.00146	0.00728	0.00366	0.00294	0.00856
45	0.03957	0.05614	0.20183	0.01548	0.04255	0.03918	0.01463	0.26821	0.03619	0.12568	0.05686	0.01780	0.01394	0.00751	0.00632	0.00195	0.00739	0.00584	0.00533	0.03759
46	0.00943	0.00632	0.00722	0.00736	0.00739	0.00629	0.00418	0.00954	0.00985	0.01313	0.02214	0.10774	0.02569	0.70158	0.03126	0.00605	0.00615	0.01039	0.00418	0.00411
47	0.00900	0.00651	0.00854	0.00882	0.01006	0.00606	0.00653	0.01147	0.01642	0.02266	0.43604	0.26095	0.08000	0.01610	0.00807	0.00234	0.00359	0.07416	0.00677	0.00592
48	0.04196	0.04216	0.18755	0.01662	0.02287	0.04092	0.06711	0.39954	0.06259	0.03257	0.01477	0.01560	0.01067	0.00726	0.00645	0.00201	0.00808	0.00572	0.00519	0.01034
49	0.07904	0.04236	0.35116	0.11200	0.10437	0.01599	0.11309	0.04169	0.01432	0.02150	0.01180	0.01487	0.00885	0.00637	0.00687	0.00211	0.03594	0.00542	0.00315	0.00910
50	0.00792	0.00667	0.00686	0.00681	0.00898	0.00562	0.00511	0.00971	0.01533	0.01856	0.12563	0.06208	0.66548	0.01638	0.00778	0.00221	0.00331	0.01372	0.00621	0.00562
51	0.00802	0.00573	0.00764	0.00917	0.00955	0.00535	0.00611	0.00917	0.01260	0.01681	0.03628	0.76434	0.04354	0.02062	0.00840	0.00267	0.00382	0.01872	0.00611	0.00535
52	0.01881	0.08238	0.04575	0.07826	0.18254	0.11353	0.03953	0.16206	0.14871	0.02493	0.01507	0.01670	0.01171	0.00713	0.00667	0.00198	0.02429	0.00579	0.00450	0.00965
53	0.01371	0.02751	0.52084	0.01757	0.02549	0.01442	0.06486	0.02175	0.08997	0.04074	0.06262	0.04161	0.01466	0.00749	0.00658	0.00213	0.00859	0.00629	0.00379	0.00941
54	0.00785	0.00659	0.00683	0.00694	0.00898	0.00556	0.00514	0.00952	0.01492	0.01799	0.08643	0.12350	0.64343	0.01691	0.00783	0.00226	0.00337	0.01424	0.00615	0.00556
55	0.01570	0.04403	0.07380	0.25073	0.17795	0.10228	0.18195	0.02001	0.01474	0.01892	0.01189	0.01610	0.00933	0.00629	0.00707	0.00208	0.02947	0.00597	0.00313	0.00857
56	0.11113	0.12576	0.20897	0.01390	0.01969	0.05845	0.03631	0.06995	0.05919	0.13406	0.01694	0.03692	0.02910	0.00744	0.00587	0.00195	0.00726	0.00574	0.04229	0.00908
57	0.07264	0.02606	0.01742	0.01565	0.01906	0.53949	0.01198	0.02606	0.05659	0.08186	0.01309	0.01533	0.01059	0.00751	0.00668	0.00187	0.04202	0.02398	0.00410	0.00801
58	0.01735	0.64912	0.08749	0.01260	0.01847	0.04419	0.03507	0.02046	0.03362	0.01645	0.01002	0.01149	0.00882	0.00580	0.00461	0.00152	0.00746	0.00389	0.00296	0.00859
59	0.01725	0.06592	0.14929	0.01964	0.12529	0.06974	0.09444	0.07155	0.14778	0.07370	0.08342	0.02041	0.01691	0.00755	0.00659	0.00203	0.00766	0.00657	0.00476	0.00950
60	0.01183	0.04080	0.09822	0.01263	0.01584	0.06625	0.08098	0.01511	0.01607	0.02142	0.29814	0.10533	0.12629	0.01201	0.00813	0.00216	0.04609	0.01034	0.00538	0.00697
61	0.00949	0.00672	0.00890	0.00890	0.00950	0.00732	0.00613	0.01068	0.01008	0.01404	0.01917	0.03437	0.02015	0.40465	0.39232	0.00851	0.01208	0.00830	0.00376	0.00494
62	0.07185	0.15640	0.13330	0.01832	0.09954	0.14729	0.08391	0.06658	0.03835	0.05941	0.01431	0.01586	0.03244	0.00670	0.00594	0.00186	0.00839	0.00533	0.00389	0.03033
63	0.03796	0.08470	0.11394	0.07784	0.23236	0.08708	0.06338	0.07470	0.04174	0.10314	0.01408	0.01608	0.01065	0.00655	0.00628	0.00196	0.00823	0.00560	0.00411	0.00962

[dist]
# distance from previous block
# <min> <max>
5	19

[block]
# block no. 2 follows, 33 sequences, length 77
# corresponding to MSA columns:
# 131-207
name=unknown_C
#
# <colnr> <probs for GDERKNQSTAVLIFYWHMCP>
#	G	D	E	R	K	N	Q	S	T	A	V	L	I	F	Y	W	H	M	C	P
0	0.01504	0.04986	0.03945	0.05664	0.03474	0.01424	0.01063	0.05239	0.39061	0.04524	0.14349	0.02919	0.07113	0.00967	0.00680	0.00214	0.00534	0.00813	0.00616	0.00914
1	0.06251	0.07642	0.01925	0.01559	0.01956	0.48938	0.01215	0.14456	0.03832	0.04574	0.01201	0.01310	0.00946	0.00697	0.00589	0.00177	0.01003	0.00462	0.00419	0.00848
2	0.04291	0.14774	0.18764	0.04563	0.10364	0.03950	0.06598	0.17387	0.04564	0.06614	0.01370	0.01520	0.01026	0.00666	0.00610	0.00194	0.00808	0.00538	0.00425	0.00974
3	0.01590	0.19045	0.18217	0.07721	0.04404	0.01781	0.22736	0.04000	0.05376	0.04742	0.01468	0.01702	0.02991	0.00647	0.00638	0.00199	0.00877	0.00605	0.00360	0.00902
4	0.00955	0.00655	0.00796	0.00796	0.00837	0.00680	0.00508	0.01027	0.01013	0.01390	0.02156	0.03901	0.04567	0.54476	0.20520	0.00712	0.00893	0.00900	0.02759	0.00457
5	0.01406	0.01194	0.01387	0.00995	0.01577	0.00920	0.00797	0.04142	0.01428	0.02217	0.01185	0.01373	0.00980	0.00498	0.00494	0.00101	0.00496	0.00397	0.00400	0.78012
6	0.00802	0.00573	0.00764	0.00917	0.00955	0.00535	0.00611	0.00917	0.01260	0.01681	0.03628	0.76434	0.04354	0.02062	0.00840	0.00267	0.00382	0.01872	0.00611	0.00535
7	0.01890	0.05883	0.04162	0.06759	0.24491	0.09980	0.06011	0.09979	0.14369	0.07556	0.01593	0.01747	0.01217	0.00694	0.00645	0.00199	0.00787	0.00599	0.00457	0.00983
8	0.02201	0.06662	0.01930	0.01438	0.01922	0.01960	0.01182	0.46479	0.22978	0.03571	0.01858	0.01802	0.01361	0.00805	0.00646	0.00201	0.00664	0.00621	0.00637	0.01079
9	0.04092	0.00733	0.00819	0.00828	0.01011	0.00693	0.00608	0.01259	0.07462	0.02070	0.19570	0.22699	0.32594	0.01587	0.00769	0.00229	0.00363	0.01369	0.00633	0.00612
10	0.01727	0.22740	0.20537	0.03834	0.04608	0.08378	0.14620	0.04288	0.01557	0.06799	0.04058	0.01575	0.01153	0.00646	0.00607	0.00188	0.00875	0.00548	0.00363	0.00899
11	0.01729	0.55982	0.11319	0.01344	0.01916	0.06873	0.04042	0.02059	0.03382	0.01673	0.01017	0.01186	0.00884	0.00610	0.00546	0.00162	0.03711	0.00409	0.00298	0.00857
12	0.00919	0.00666	0.00866	0.00829	0.00979	0.00614	0.00617	0.01212	0.01813	0.02552	0.65984	0.09647	0.08022	0.01402	0.00781	0.00211	0.00316	0.01241	0.00714	0.00614
13	0.01454	0.01319	0.02226	0.45278	0.30572	0.01483	0.01870	0.01867	0.01407	0.04472	0.01248	0.01725	0.00968	0.00636	0.00656	0.00210	0.00829	0.00588	0.00324	0.00865
14	0.01690	0.06446	0.02557	0.14749	0.24744	0.03823	0.15259	0.02309	0.11882	0.07699	0.01538	0.01799	0.01177	0.00657	0.00665	0.00205	0.00814	0.00633	0.00409	0.00945
15	0.01145	0.00767	0.00921	0.00846	0.01075	0.00703	0.00647	0.01504	0.06275	0.09953	0.39265	0.04926	0.26736	0.01363	0.00758	0.00213	0.00358	0.01169	0.00694	0.00681
16	0.00779	0.00664	0.00670	0.00675	0.00891	0.00555	0.00504	0.00944	0.01493	0.01775	0.06574	0.08537	0.70351	0.01680	0.00780	0.00224	0.00335	0.01405	0.00611	0.00555
17	0.02010	0.50734	0.02883	0.01330	0.01813	0.28234	0.01179	0.02207	0.01527	0.01571	0.00952	0.01103	0.00846	0.00604	0.00484	0.00151	0.00877	0.00378	0.00302	0.00816
18	0.01104	0.00677	0.00845	0.00870	0.00952	0.00662	0.00597	0.01217	0.01197	0.07205	0.02635	0.21518	0.02879	0.36022	0.06015	0.00472	0.00610	0.08827	0.05160	0.00535
19	0.81514	0.01273	0.00968	0.00866	0.01273	0.01477	0.00713	0.01935	0.01120	0.02954	0.00917	0.01069	0.00713	0.00611	0.00407	0.00204	0.00509	0.00356	0.00407	0.00713
20	0.02179	0.32820	0.02500	0.01468	0.01897	0.45542	0.01214	0.02365	0.01654	0.01586	0.00977	0.01135	0.00847	0.00632	0.00525	0.00158	0.00994	0.00395	0.00316	0.00796
21	0.01143	0.00877	0.01209	0.01138	0.01282	0.01033	0.00891	0.08393	0.01260	0.01790	0.01692	0.02492	0.01573	0.08406	0.56801	0.00884	0.07414	0.00698	0.00382	0.00642
22	0.01636	0.04669	0.36875	0.02222	0.16266	0.01572	0.06960	0.06391	0.07095	0.07874	0.01449	0.01618	0.01060	0.00657	0.00644	0.00205	0.00855	0.00564	0.00388	0.01003
23	0.81514	0.01273	0.00968	0.00866	0.01273	0.01477	0.00713	0.01935	0.01120	0.02954	0.00917	0.01069	0.00713	0.00611	0.00407	0.00204	0.00509	0.00356	0.00407	0.00713
24	0.81514	0.01273	0.00968	0.00866	0.01273	0.01477	0.00713	0.01935	0.01120	0.02954	0.00917	0.01069	0.00713	0.00611	0.00407	0.00204	0.00509	0.00356	0.00407	0.00713
25	0.03862	0.08173	0.06759	0.31043	0.03057	0.16994	0.03658	0.10202	0.01672	0.04143	0.01207	0.01516	0.00919	0.00663	0.00614	0.00194	0.00892	0.00522	0.00367	0.03544
26	0.03685	0.04645	0.05377	0.03264	0.49823	0.03431	0.05790	0.05498	0.07867	0.02280	0.01361	0.01653	0.01102	0.00626	0.00643	0.00198	0.00783	0.00589	0.00372	0.01012
27	0.72856	0.01336	0.01078	0.00937	0.01357	0.01539	0.00772	0.09455	0.01337	0.03085	0.00989	0.01125	0.00758	0.00631	0.00435	0.00203	0.00533	0.00382	0.00435	0.00758
28	0.01243	0.01170	0.01975	0.75282	0.04534	0.01463	0.01828	0.01682	0.01316	0.01682	0.01170	0.01755	0.00878	0.00658	0.00658	0.00219	0.00878	0.00585	0.00293	0.00731
29	0.00949	0.00642	0.00729	0.00725	0.00745	0.00634	0.00420	0.00979	0.01049	0.01403	0.07766	0.04433	0.05369	0.68070	0.03051	0.00589	0.00601	0.00992	0.00433	0.00422
30	0.01144	0.00572	0.00858	0.00858	0.00858	0.00572	0.00572	0.00858	0.00858	0.01144	0.01144	0.02001	0.01144	0.02287	0.02573	0.80846	0.00572	0.00572	0.00286	0.00286
31	0.01311	0.00694	0.00703	0.00673	0.00851	0.00707	0.00512	0.06059	0.01493	0.02565	0.02110	0.02397	0.01650	0.00769	0.00473	0.00156	0.00334	0.00612	0.75283	0.00647
32	0.00801	0.00579	0.00758	0.00900	0.00951	0.00536	0.00604	0.00919	0.01276	0.01687	0.03828	0.71839	0.08821	0.02037	0.00836	0.00264	0.00379	0.01840	0.00611	0.00536
33	0.01760	0.77260	0.03450	0.01126	0.01690	0.02605	0.01126	0.01971	0.01338	0.01549	0.00915	0.01056	0.00845	0.00563	0.00422	0.00141	0.00704	0.00352	0.00282	0.00845
34	0.01365	0.01170	0.01365	0.00975	0.01560	0.00878	0.00780	0.01658	0.01365	0.02145	0.01170	0.01365	0.00975	0.00488	0.00488	0.00098	0.00488	0.00390	0.00390	0.80888
35	0.00778	0.00667	0.00667	0.00667	0.00889	0.00556	0.00500	0.00945	0.01501	0.01778	0.06669	0.06336	0.72490	0.01667	0.00778	0.00222	0.00333	0.01389	0.00611	0.00556
36	0.01760	0.77260	0.03450	0.01126	0.01690	0.02605	0.01126	0.01971	0.01338	0.01549	0.00915	0.01056	0.00845	0.00563	0.00422	0.00141	0.00704	0.00352	0.00282	0.00845
37	0.81514	0.01273	0.00968	0.00866	0.01273	0.01477	0.00713	0.01935	0.01120	0.02954	0.00917	0.01069	0.00713	0.00611	0.00407	0.00204	0.00509	0.00356	0.00407	0.00713
38	0.01637	0.01414	0.01489	0.01340	0.01712	0.01637	0.01042	0.03498	0.71568	0.02754	0.02679	0.02456	0.02010	0.00893	0.00670	0.00223	0.00521	0.00744	0.00670	0.01042
39	0.01629	0.01564	0.02672	0.04041	0.72757	0.01564	0.02020	0.02020	0.01499	0.02151	0.01238	0.01629	0.01043	0.00587	0.00652	0.00196	0.00782	0.00587	0.00326	0.01043
40	0.81514	0.01273	0.00968	0.00866	0.01273	0.01477	0.00713	0.01935	0.01120	0.02954	0.00917	0.01069	0.00713	0.00611	0.00407	0.00204	0.00509	0.00356	0.00407	0.00713
41	0.00957	0.00638	0.00718	0.00718	0.00718	0.00638	0.00399	0.00957	0.00957	0.01276	0.02074	0.04308	0.02393	0.76864	0.03351	0.00638	0.00638	0.00957	0.00399	0.00399
42	0.00811	0.00579	0.00771	0.00911	0.00957	0.00540	0.00612	0.00938	0.01300	0.01743	0.08137	0.71746	0.04476	0.02016	0.00836	0.00263	0.00377	0.01827	0.00619	0.00540
43	0.01243	0.01170	0.01975	0.75282	0.04534	0.01463	0.01828	0.01682	0.01316	0.01682	0.01170	0.01755	0.00878	0.00658	0.00658	0.00219	0.00878	0.00585	0.00293	0.00731
44	0.81514	0.01273	0.00968	0.00866	0.01273	0.01477	0.00713	0.01935	0.01120	0.02954	0.00917	0.01069	0.00713	0.00611	0.00407	0.00204	0.00509	0.00356	0.00407	0.00713
45	0.01600	0.14871	0.45570	0.01790	0.02608	0.01658	0.10541	0.02193	0.01456	0.09813	0.01313	0.01478	0.00944	0.00627	0.00616	0.00199	0.00901	0.00520	0.00344	0.00958
46	0.01554	0.01776	0.03885	0.02775	0.03441	0.01665	0.70366	0.02109	0.01554	0.02109	0.01332	0.01776	0.00999	0.00555	0.00777	0.00222	0.01110	0.00777	0.00333	0.00888
47	0.00955	0.00649	0.00774	0.00774	0.00793	0.00668	0.00468	0.00993	0.00974	0.01318	0.02023	0.04026	0.02271	0.65079	0.14968	0.00707	0.00823	0.00916	0.00391	0.00430
48	0.02932	0.01155	0.01550	0.01188	0.01698	0.01020	0.00981	0.06476	0.01943	0.69862	0.02548	0.02209	0.01605	0.00814	0.00662	0.00203	0.00568	0.00659	0.00807	0.01120
49	0.00932	0.00673	0.00880	0.00828	0.00984	0.00621	0.00621	0.01242	0.01863	0.02640	0.72410	0.04918	0.06212	0.01346	0.00776	0.00207	0.00311	0.01191	0.00725	0.00621
50	0.01227	0.00614	0.00614	0.00614	0.00767	0.00614	0.00460	0.01534	0.01381	0.02454	0.02148	0.02454	0.01687	0.00767	0.00460	0.00153	0.00307	0.00614	0.80518	0.00614
51	0.00802	0.00573	0.00764	0.00917	0.00955	0.00535	0.00611	0.00917	0.01260	0.01681	0.03628	0.76434	0.04354	0.02062	0.00840	0.00267	0.00382	0.01872	0.00611	0.00535
52	0.19897	0.01153	0.01407	0.01105	0.01593	0.01077	0.00913	0.02934	0.01719	0.58060	0.02235	0.01988	0.01432	0.00771	0.00607	0.00204	0.00549	0.00596	0.00727	0.01032
53	0.00810	0.00576	0.00762	0.00907	0.00943	0.00540	0.00601	0.00919	0.01246	0.01661	0.03553	0.72935	0.04259	0.05692	0.00962	0.00285	0.00394	0.01827	0.00601	0.00528
54	0.00812	0.00668	0.00714	0.00702	0.00910	0.00570	0.00527	0.01010	0.01580	0.01968	0.21114	0.06024	0.57927	0.01597	0.00778	0.00219	0.00328	0.01346	0.00636	0.00570
55	0.00913	0.00672	0.00853	0.00808	0.00972	0.00613	0.00606	0.01205	0.01818	0.02532	0.64178	0.05095	0.14511	0.01386	0.00777	0.00209	0.00313	0.01215	0.00710	0.00613
56	0.01721	0.68676	0.08939	0.01292	0.04375	0.02482	0.01262	0.01982	0.01348	0.01613	0.00948	0.01103	0.00851	0.00569	0.00447	0.00148	0.00728	0.00371	0.00283	0.00862
57	0.81514	0.01273	0.00968	0.00866	0.01273	0.01477	0.00713	0.01935	0.01120	0.02954	0.00917	0.01069	0.00713	0.00611	0.00407	0.00204	0.00509	0.00356	0.00407	0.00713
58	0.01298	0.01160	0.05176	0.01266	0.06681	0.03770	0.00944	0.06248	0.10078	0.04561	0.42086	0.03829	0.07962	0.01137	0.00728	0.00207	0.00476	0.00982	0.00641	0.00770
59	0.01206	0.00918	0.01104	0.00962	0.01248	0.00869	0.00740	0.01801	0.14791	0.04719	0.43995	0.03715	0.04312	0.01085	0.00699	0.00190	0.00390	0.00942	0.00655	0.15658
60	0.01459	0.01631	0.05300	0.11045	0.05761	0.01536	0.48933	0.02026	0.04103	0.02132	0.07899	0.02071	0.01498	0.00655	0.00750	0.00219	0.00972	0.00776	0.00375	0.00859
61	0.00860	0.00620	0.00788	0.00846	0.00950	0.00570	0.00596	0.01056	0.01503	0.02055	0.27978	0.40638	0.12801	0.01719	0.00797	0.00237	0.00349	0.01532	0.03532	0.00570
62	0.81514	0.01273	0.00968	0.00866	0.01273	0.01477	0.00713	0.01935	0.01120	0.02954	0.00917	0.01069	0.00713	0.00611	0.00407	0.00204	0.00509	0.00356	0.00407	0.00713
63	0.01065	0.00645	0.00746	0.00721	0.00878	0.00615	0.00541	0.01368	0.01622	0.02520	0.36808	0.03812	0.06611	0.01085	0.00628	0.00182	0.00310	0.00926	0.38302	0.00615
64	0.00786	0.00664	0.00680	0.00682	0.00896	0.00558	0.00509	0.00958	0.01511	0.01817	0.09766	0.08412	0.67189	0.01664	0.00780	0.00223	0.00334	0.01395	0.00617	0.00558
65	0.81514	0.01273	0.00968	0.00866	0.01273	0.01477	0.00713	0.01935	0.01120	0.02954	0.00917	0.01069	0.00713	0.00611	0.00407	0.00204	0.00509	0.00356	0.00407	0.00713
66	0.01227	0.00614	0.00614	0.00614	0.00767	0.00614	0.00460	0.01534	0.01381	0.02454	0.02148	0.02454	0.01687	0.00767	0.00460	0.00153	0.00307	0.00614	0.80518	0.00614
67	0.01365	0.01170	0.01365	0.00975	0.01560	0.00878	0.00780	0.01658	0.01365	0.02145	0.01170	0.01365	0.00975	0.00488	0.00488	0.00098	0.00488	0.00390	0.00390	0.80888
68	0.02459	0.03138	0.01866	0.01696	0.02035	0.74221	0.01272	0.02629	0.01866	0.01611	0.01018	0.01187	0.00848	0.00678	0.00594	0.00170	0.01187	0.00424	0.00339	0.00763
69	0.00809	0.00578	0.00772	0.00925	0.00966	0.00541	0.00623	0.00929	0.01267	0.01688	0.03625	0.74585	0.04339	0.02056	0.00842	0.00268	0.00388	0.03652	0.00611	0.00537
70	0.01754	0.01598	0.04173	0.07002	0.15315	0.01622	0.16367	0.21568	0.10299	0.02800	0.09094	0.02097	0.01704	0.00760	0.00696	0.00208	0.00767	0.00710	0.00502	0.00964
71	0.00812	0.00577	0.00761	0.00904	0.00939	0.00542	0.00597	0.00919	0.01241	0.01654	0.03527	0.71706	0.04226	0.06966	0.01005	0.00292	0.00399	0.01812	0.00597	0.00526
72	0.09602	0.04119	0.12093	0.01670	0.08386	0.07164	0.01382	0.27999	0.02145	0.16771	0.01568	0.01594	0.01105	0.00722	0.00619	0.00197	0.00748	0.00549	0.00546	0.01019
73	0.01896	0.16154	0.11586	0.01824	0.06365	0.12111	0.13030	0.14433	0.01793	0.04700	0.01248	0.01440	0.00968	0.00646	0.00647	0.00183	0.02821	0.00527	0.00395	0.07233
74	0.00950	0.00687	0.00978	0.00978	0.01066	0.00775	0.00723	0.01119	0.01030	0.01462	0.01814	0.02947	0.01795	0.20624	0.56642	0.03274	0.01482	0.00757	0.00361	0.00538
75	0.71537	0.06420	0.01180	0.00916	0.01337	0.01575	0.00766	0.04071	0.03126	0.02890	0.00985	0.01122	0.00770	0.00621	0.00423	0.00200	0.00529	0.00374	0.00414	0.00743
76	0.40941	0.08365	0.01403	0.01050	0.01453	0.04096	0.00863	0.07389	0.05790	0.12217	0.01546	0.07340	0.01279	0.00907	0.02647	0.00227	0.00602	0.00571	0.00498	0.00816

[dist]
# distance from previous block
# <min> <max>
3	8

[block]
# block no. 3 follows, 33 sequences, length 23
# corresponding to MSA columns:
# 216-238
name=unknown_D
#
# <colnr> <probs for GDERKNQSTAVLIFYWHMCP>
#	G	D	E	R	K	N	Q	S	T	A	V	L	I	F	Y	W	H	M	C	P
0	0.37503	0.11939	0.01587	0.03729	0.03317	0.06920	0.00952	0.06887	0.06176	0.07504	0.03831	0.04507	0.01274	0.00740	0.00521	0.00196	0.00613	0.00529	0.00462	0.00812
1	0.01664	0.04091	0.06390	0.01305	0.01602	0.06412	0.01103	0.10236	0.01502	0.10023	0.01538	0.02064	0.01321	0.10216	0.13448	0.00398	0.16266	0.00617	0.03437	0.06368
2	0.01634	0.17184	0.29744	0.01762	0.05692	0.01633	0.10276	0.05251	0.01525	0.09674	0.01546	0.08408	0.01290	0.00763	0.00631	0.00201	0.00817	0.00652	0.00394	0.00922
3	0.01668	0.09621	0.17590	0.07368	0.13849	0.01595	0.01554	0.16250	0.01748	0.02456	0.01244	0.01457	0.00965	0.00617	0.00586	0.00172	0.00742	0.00496	0.00393	0.19629
4	0.01227	0.00750	0.00881	0.00848	0.00945	0.00741	0.00553	0.05860	0.01266	0.08242	0.02400	0.18102	0.02592	0.46423	0.02292	0.00473	0.00571	0.01070	0.04213	0.00551
5	0.81514	0.01273	0.00968	0.00866	0.01273	0.01477	0.00713	0.01935	0.01120	0.02954	0.00917	0.01069	0.00713	0.00611	0.00407	0.00204	0.00509	0.00356	0.00407	0.00713
6	0.00940	0.00705	0.01058	0.01058	0.01176	0.00823	0.00823	0.01176	0.01058	0.01528	0.01763	0.02586	0.01646	0.04937	0.74255	0.01058	0.01763	0.00705	0.00353	0.00588
7	0.00802	0.00639	0.00719	0.00761	0.00919	0.00556	0.00547	0.00968	0.01466	0.01840	0.12747	0.27708	0.44500	0.01754	0.00797	0.00235	0.00346	0.01516	0.00623	0.00556
8	0.00956	0.00644	0.00747	0.00747	0.00757	0.00654	0.00435	0.00976	0.00966	0.01298	0.02048	0.04163	0.02330	0.70794	0.09335	0.00674	0.00733	0.00936	0.00395	0.00415
9	0.01369	0.01281	0.02149	0.59023	0.13712	0.01512	0.04647	0.05033	0.01436	0.01881	0.01206	0.01730	0.00917	0.00650	0.00662	0.00215	0.00867	0.00594	0.00316	0.00799
10	0.02921	0.01173	0.01560	0.01196	0.01707	0.01046	0.00988	0.08120	0.01973	0.68176	0.02523	0.02193	0.01592	0.00813	0.00662	0.00203	0.00572	0.00657	0.00803	0.01120
11	0.01116	0.00771	0.00989	0.00915	0.01095	0.00753	0.00698	0.01444	0.04358	0.07726	0.49661	0.09364	0.11517	0.01356	0.00848	0.00218	0.04655	0.01164	0.00686	0.00668
12	0.01555	0.04178	0.04027	0.49196	0.12525	0.01541	0.01726	0.08554	0.01555	0.06995	0.01309	0.01720	0.00972	0.00669	0.00648	0.00210	0.00825	0.00580	0.00368	0.00846
13	0.60588	0.05847	0.04601	0.04269	0.01585	0.06438	0.00919	0.02054	0.04566	0.02678	0.01031	0.01188	0.00804	0.00629	0.00454	0.00200	0.00604	0.00395	0.00397	0.00752
14	0.05410	0.01573	0.02480	0.01983	0.05218	0.04977	0.27787	0.13101	0.01695	0.04509	0.01526	0.04296	0.01280	0.03518	0.00974	0.00235	0.10248	0.02538	0.05804	0.00849
15	0.81514	0.01273	0.00968	0.00866	0.01273	0.01477	0.00713	0.01935	0.01120	0.02954	0.00917	0.01069	0.00713	0.00611	0.00407	0.00204	0.00509	0.00356	0.00407	0.00713
16	0.02616	0.01336	0.01622	0.01279	0.01767	0.01329	0.01045	0.18430	0.14642	0.45034	0.02383	0.02131	0.01583	0.00823	0.00663	0.00206	0.00590	0.00661	0.00754	0.01106
17	0.01205	0.00923	0.03162	0.01023	0.01176	0.00895	0.05096	0.04798	0.05897	0.04132	0.01961	0.03440	0.02007	0.47063	0.10495	0.04098	0.00793	0.00845	0.00427	0.00567
18	0.00936	0.00683	0.00934	0.00934	0.01022	0.00752	0.00677	0.01097	0.01053	0.01467	0.02137	0.03317	0.05923	0.26301	0.48807	0.00884	0.01344	0.00820	0.00381	0.00529
19	0.08009	0.01581	0.01755	0.01384	0.01874	0.04141	0.02798	0.33495	0.11321	0.23869	0.01946	0.01841	0.01342	0.00788	0.00644	0.00203	0.00661	0.00615	0.00669	0.01063
20	0.01518	0.03821	0.01399	0.01060	0.01494	0.01135	0.00847	0.10648	0.12183	0.05114	0.15017	0.02420	0.04105	0.00805	0.00601	0.00160	0.00488	0.00663	0.03843	0.32678
21	0.04705	0.01330	0.01457	0.01229	0.01639	0.04588	0.00983	0.08148	0.28044	0.28433	0.02412	0.02338	0.01730	0.00852	0.00643	0.00207	0.00565	0.02403	0.07287	0.01007
22	0.02007	0.01253	0.01464	0.03446	0.01693	0.01304	0.00991	0.19997	0.16996	0.21772	0.02814	0.13040	0.08141	0.01073	0.00698	0.00218	0.00558	0.00896	0.00681	0.00959

[dist]
# distance from previous block
# <min> <max>
1	8

[block]
# block no. 4 follows, 33 sequences, length 141
# corresponding to MSA columns:
# 247-387
name=unknown_E
#
# <colnr> <probs for GDERKNQSTAVLIFYWHMCP>
#	G	D	E	R	K	N	Q	S	T	A	V	L	I	F	Y	W	H	M	C	P
0	0.01744	0.11125	0.19520	0.01463	0.03759	0.10642	0.01364	0.12464	0.05327	0.06564	0.03356	0.05642	0.01489	0.09559	0.00933	0.00244	0.00779	0.00644	0.00443	0.02939
1	0.04756	0.18530	0.11328	0.01441	0.01905	0.14288	0.03331	0.09463	0.01634	0.05485	0.03906	0.03583	0.03117	0.00793	0.00770	0.00192	0.09771	0.00562	0.00403	0.04743
2	0.01144	0.00572	0.00858	0.00858	0.00858	0.00572	0.00572	0.00858	0.00858	0.01144	0.01144	0.02001	0.01144	0.02287	0.02573	0.80846	0.00572	0.00572	0.00286	0.00286
3	0.01715	0.01405	0.01746	0.10095	0.10085	0.04439	0.03087	0.10033	0.25443	0.08179	0.05836	0.04841	0.03630	0.00913	0.00740	0.00218	0.03411	0.02695	0.00559	0.00931
4	0.01660	0.03554	0.04261	0.07025	0.16503	0.01370	0.10891	0.04450	0.09893	0.08686	0.01523	0.01711	0.01165	0.00623	0.00618	0.00175	0.00699	0.00572	0.00437	0.24182
5	0.01257	0.00785	0.00902	0.00829	0.01090	0.00701	0.00636	0.01557	0.05539	0.14819	0.14924	0.08545	0.40329	0.01412	0.00743	0.00217	0.00383	0.01191	0.03445	0.00695
6	0.01606	0.01478	0.02061	0.04224	0.13208	0.03926	0.01491	0.01877	0.04064	0.06637	0.01131	0.01569	0.00992	0.00999	0.01665	0.00259	0.51065	0.00586	0.00347	0.00814
7	0.01343	0.00798	0.00967	0.00868	0.01090	0.00771	0.00669	0.05644	0.03880	0.10537	0.40889	0.03737	0.04150	0.01096	0.00675	0.00193	0.00368	0.00939	0.20670	0.00716
8	0.01407	0.01435	0.01960	0.65385	0.04198	0.11248	0.01753	0.01809	0.01390	0.01672	0.01150	0.01679	0.00874	0.00661	0.00649	0.00213	0.00919	0.00563	0.00299	0.00736
9	0.01537	0.08838	0.04248	0.07050	0.12333	0.03678	0.13163	0.04155	0.13061	0.02123	0.07439	0.02048	0.01603	0.02959	0.00978	0.00229	0.12602	0.00675	0.00416	0.00863
10	0.00818	0.00596	0.00771	0.00881	0.00953	0.00549	0.00602	0.00965	0.01368	0.01826	0.13664	0.59784	0.10944	0.01924	0.00825	0.00255	0.00367	0.01730	0.00627	0.00549
11	0.04208	0.08870	0.07904	0.02071	0.17929	0.03990	0.07567	0.08230	0.16787	0.09211	0.03634	0.01855	0.01400	0.00712	0.00635	0.00198	0.00721	0.00615	0.00483	0.02979
12	0.02058	0.33635	0.04350	0.01395	0.01882	0.12128	0.01238	0.24140	0.03983	0.02444	0.01197	0.01318	0.00968	0.00703	0.00653	0.00177	0.05916	0.00469	0.00422	0.00922
13	0.01791	0.01423	0.01525	0.01340	0.01732	0.01617	0.01051	0.08075	0.61884	0.07895	0.02598	0.02381	0.01921	0.00880	0.00669	0.00220	0.00538	0.00728	0.00679	0.01053
14	0.02078	0.06288	0.06733	0.02112	0.15038	0.17632	0.06416	0.25272	0.03866	0.02654	0.01309	0.01493	0.01015	0.00709	0.00710	0.00195	0.04519	0.00551	0.00443	0.00966
15	0.05909	0.22477	0.27873	0.04033	0.08371	0.01776	0.10052	0.01995	0.01386	0.01991	0.01117	0.01359	0.00881	0.00585	0.00569	0.00181	0.00831	0.00482	0.00307	0.07826
16	0.01083	0.00749	0.01033	0.01163	0.01318	0.00736	0.00996	0.01363	0.01504	0.04072	0.03602	0.13242	0.06581	0.01804	0.00891	0.00294	0.00574	0.57770	0.00613	0.00613
17	0.00941	0.00734	0.00862	0.00819	0.01014	0.00686	0.00617	0.01335	0.07636	0.02367	0.44947	0.05175	0.27603	0.01413	0.00768	0.00213	0.00336	0.01218	0.00683	0.00635
18	0.02328	0.01653	0.01800	0.01432	0.01917	0.01819	0.01166	0.45806	0.20715	0.11344	0.01977	0.01880	0.01406	0.00820	0.00662	0.00205	0.00654	0.00640	0.00679	0.01100
19	0.00802	0.00573	0.00764	0.00917	0.00955	0.00535	0.00611	0.00917	0.01260	0.01681	0.03628	0.76434	0.04354	0.02062	0.00840	0.00267	0.00382	0.01872	0.00611	0.00535
20	0.01320	0.03405	0.73453	0.01876	0.02849	0.01529	0.02432	0.02085	0.01390	0.02085	0.01181	0.01390	0.00834	0.00625	0.00625	0.00208	0.00973	0.00486	0.00278	0.00973
21	0.74836	0.01321	0.01053	0.00921	0.01338	0.01525	0.00758	0.07735	0.01287	0.03055	0.00973	0.01113	0.00747	0.00626	0.00429	0.00203	0.00527	0.00376	0.00429	0.00747
22	0.01048	0.00705	0.00951	0.00892	0.01060	0.00680	0.00680	0.01341	0.01708	0.06437	0.54740	0.04313	0.05066	0.02012	0.15019	0.00372	0.00607	0.01066	0.00658	0.00643
23	0.01320	0.03405	0.73453	0.01876	0.02849	0.01529	0.02432	0.02085	0.01390	0.02085	0.01181	0.01390	0.00834	0.00625	0.00625	0.00208	0.00973	0.00486	0.00278	0.00973
24	0.01638	0.01519	0.02581	0.09752	0.65076	0.01538	0.01973	0.02028	0.01496	0.04242	0.01273	0.01658	0.01047	0.00599	0.00653	0.00198	0.00783	0.00589	0.00338	0.01020
25	0.34043	0.01500	0.01473	0.01204	0.01662	0.01673	0.00985	0.28912	0.10865	0.09347	0.01540	0.01543	0.01113	0.00734	0.00560	0.00204	0.00599	0.00523	0.00573	0.00947
26	0.01440	0.01440	0.02016	0.01728	0.01728	0.02016	0.01440	0.01584	0.01008	0.01584	0.00864	0.01440	0.00864	0.01152	0.02160	0.00288	0.75659	0.00576	0.00288	0.00720
27	0.02503	0.01844	0.01976	0.01515	0.02042	0.02042	0.01251	0.70562	0.03095	0.04149	0.01581	0.01581	0.01120	0.00790	0.00659	0.00198	0.00724	0.00593	0.00659	0.01120
28	0.02603	0.05393	0.01913	0.01391	0.01914	0.01742	0.01158	0.46584	0.02638	0.25091	0.01857	0.01756	0.01261	0.00786	0.00648	0.00197	0.00673	0.00602	0.00687	0.01106
29	0.01424	0.01417	0.02013	0.07945	0.01965	0.01970	0.01473	0.01593	0.01034	0.01593	0.00890	0.01467	0.00865	0.01110	0.02033	0.00282	0.69339	0.00577	0.00288	0.00721
30	0.01809	0.55494	0.13125	0.01291	0.01906	0.02368	0.01330	0.12287	0.01609	0.02015	0.01053	0.01182	0.00885	0.00606	0.00487	0.00159	0.00745	0.00407	0.00338	0.00904
31	0.01459	0.03080	0.62440	0.01783	0.02673	0.01500	0.02214	0.02281	0.07355	0.07017	0.01405	0.01538	0.00988	0.00661	0.00632	0.00209	0.00906	0.00520	0.00348	0.00989
32	0.01554	0.01776	0.03885	0.02775	0.03441	0.01665	0.70366	0.02109	0.01554	0.02109	0.01332	0.01776	0.00999	0.00555	0.00777	0.00222	0.01110	0.00777	0.00333	0.00888
33	0.02356	0.11369	0.02218	0.01500	0.02031	0.01867	0.07014	0.39980	0.06597	0.15862	0.01721	0.01699	0.01218	0.00752	0.00640	0.00195	0.00713	0.00599	0.00611	0.01060
34	0.01444	0.01401	0.08471	0.01687	0.02165	0.01154	0.26619	0.01896	0.03602	0.10924	0.13796	0.03428	0.15101	0.00994	0.00753	0.00220	0.00720	0.04289	0.00523	0.00812
35	0.00796	0.00668	0.00691	0.00686	0.00900	0.00563	0.00514	0.00979	0.01542	0.01878	0.14256	0.06172	0.64841	0.01630	0.00778	0.00221	0.00331	0.01366	0.00624	0.00563
36	0.01629	0.01564	0.02672	0.04041	0.72757	0.01564	0.02020	0.02020	0.01499	0.02151	0.01238	0.01629	0.01043	0.00587	0.00652	0.00196	0.00782	0.00587	0.00326	0.01043
37	0.01962	0.06414	0.21750	0.04363	0.06131	0.14181	0.04173	0.22270	0.03922	0.04415	0.01333	0.01486	0.00993	0.00704	0.00675	0.00198	0.03104	0.00534	0.00430	0.00964
38	0.01666	0.03889	0.08984	0.14920	0.35933	0.01560	0.05570	0.08504	0.01609	0.06037	0.01354	0.01746	0.01077	0.03442	0.00751	0.00217	0.00808	0.00599	0.00376	0.00958
39	0.00828	0.00615	0.00872	0.00981	0.01041	0.00574	0.03036	0.00958	0.01271	0.01695	0.03549	0.73839	0.04237	0.02010	0.00838	0.00266	0.00407	0.01833	0.00601	0.00547
