[name]
unknown

[dist]
# distance from previous block
# <min> <max>
0	23

[block]
# block no. 0 follows, 31 sequences, length 23
# corresponding to MSA columns:
# 23-45
name=unknown_A
#
# <colnr> <probs for GDERKNQSTAVLIFYWHMCP>
#	G	D	E	R	K	N	Q	S	T	A	V	L	I	F	Y	W	H	M	C	P
0	0.04175	0.09203	0.12645	0.20602	0.21386	0.05927	0.04088	0.01975	0.01508	0.02046	0.04700	0.02109	0.01389	0.00751	0.00666	0.00213	0.00852	0.04519	0.00359	0.00889
1	0.04927	0.09734	0.27976	0.10277	0.18097	0.05130	0.01942	0.06154	0.01601	0.06078	0.01298	0.01544	0.00980	0.00661	0.00632	0.00205	0.00881	0.00534	0.00365	0.00982
2	0.14429	0.01432	0.04265	0.02010	0.15237	0.01642	0.03232	0.01732	0.01268	0.02092	0.04853	0.09872	0.01592	0.01071	0.01325	0.00255	0.31758	0.00747	0.00388	0.00799
3	0.01770	0.01830	0.06494	0.12148	0.12440	0.07541	0.09899	0.12908	0.04521	0.02361	0.01307	0.01649	0.01039	0.00777	0.00975	0.00221	0.14870	0.00606	0.00400	0.06243
4	0.01068	0.05231	0.01103	0.03425	0.01231	0.00856	0.00742	0.01263	0.01514	0.05281	0.14413	0.24979	0.28424	0.01621	0.00885	0.00240	0.05097	0.01374	0.00610	0.00644
5	0.08817	0.08254	0.07375	0.01304	0.01887	0.01300	0.08696	0.01915	0.04691	0.02219	0.01318	0.01646	0.01106	0.05026	0.00723	0.00179	0.00653	0.00504	0.00395	0.41993
6	0.06571	0.11895	0.02127	0.04729	0.08158	0.04164	0.05630	0.20915	0.09814	0.02852	0.03845	0.01841	0.01391	0.00746	0.00616	0.00193	0.00698	0.00602	0.08289	0.04925
7	0.00868	0.00636	0.00780	0.00863	0.00971	0.00578	0.00602	0.01039	0.01466	0.01953	0.14281	0.45486	0.20581	0.01875	0.00830	0.00252	0.00371	0.01662	0.04330	0.00578
8	0.02036	0.55558	0.03116	0.01339	0.01858	0.22776	0.01214	0.02243	0.01546	0.01628	0.00981	0.01136	0.00879	0.00619	0.00490	0.00155	0.00875	0.00387	0.00310	0.00854
9	0.00952	0.00692	0.00896	0.00858	0.01015	0.00636	0.00639	0.01254	0.01878	0.02636	0.63845	0.09621	0.09587	0.01462	0.00811	0.00220	0.00329	0.01292	0.00740	0.00636
10	0.16918	0.43271	0.05942	0.01242	0.01788	0.09294	0.01168	0.06421	0.01546	0.05460	0.01102	0.01223	0.00909	0.00637	0.00491	0.00172	0.00750	0.00412	0.00374	0.00882
11	0.01188	0.00594	0.00891	0.00891	0.00891	0.00594	0.00594	0.00891	0.00891	0.01188	0.01188	0.02080	0.01188	0.02377	0.02674	0.80095	0.00594	0.00594	0.00297	0.00297
12	0.00872	0.00616	0.00797	0.00911	0.00955	0.00581	0.00600	0.00990	0.01316	0.01770	0.09693	0.57561	0.04372	0.14031	0.01290	0.00335	0.00433	0.01726	0.00610	0.00541
13	0.01222	0.00893	0.00998	0.00931	0.01187	0.00869	0.00709	0.01790	0.15961	0.07673	0.17775	0.05024	0.32580	0.06284	0.00954	0.00257	0.00430	0.03056	0.00673	0.00732
14	0.10791	0.01424	0.01846	0.45982	0.03560	0.05538	0.01570	0.06345	0.12119	0.02230	0.01444	0.01809	0.01087	0.00726	0.00652	0.00222	0.00818	0.00597	0.00405	0.00834
15	0.10552	0.01668	0.01667	0.01463	0.05896	0.10618	0.01098	0.20646	0.06537	0.12899	0.01681	0.01731	0.01237	0.00736	0.00606	0.00186	0.00686	0.00558	0.06630	0.12907
16	0.10822	0.06796	0.02132	0.12622	0.22169	0.13439	0.01497	0.10033	0.06568	0.02423	0.01364	0.01620	0.01080	0.00692	0.00618	0.00200	0.00812	0.00552	0.03632	0.00928
17	0.10283	0.04422	0.04867	0.07714	0.11299	0.11837	0.01331	0.16870	0.03598	0.11134	0.03816	0.01801	0.01323	0.00753	0.00627	0.00200	0.00761	0.00584	0.05827	0.00953
18	0.01632	0.05755	0.01709	0.06218	0.10242	0.04790	0.01138	0.14878	0.01839	0.04837	0.06740	0.12960	0.09224	0.01081	0.00766	0.00210	0.04162	0.00893	0.03895	0.07029
19	0.03923	0.17611	0.02057	0.06931	0.03623	0.08495	0.01166	0.12402	0.05430	0.16797	0.04226	0.05760	0.04127	0.00909	0.00649	0.00204	0.00706	0.03498	0.00555	0.00931
20	0.05441	0.01578	0.04392	0.04888	0.14808	0.07591	0.06699	0.04511	0.13144	0.04778	0.08419	0.07238	0.01967	0.00859	0.00678	0.00204	0.00705	0.00753	0.00499	0.10850
21	0.11425	0.06042	0.06072	0.02942	0.07634	0.09415	0.03310	0.12992	0.03716	0.04971	0.08650	0.02249	0.06322	0.00830	0.00629	0.00195	0.00693	0.00659	0.04299	0.06954
22	0.04030	0.03528	0.03578	0.06599	0.12010	0.07983	0.05948	0.11858	0.01769	0.06736	0.05098	0.04571	0.04487	0.01111	0.04424	0.02938	0.03322	0.00701	0.03269	0.06043

[dist]
# distance from previous block
# <min> <max>
15	135

[block]
# block no. 1 follows, 31 sequences, length 23
# corresponding to MSA columns:
# 206-228
name=unknown_B
#
# <colnr> <probs for GDERKNQSTAVLIFYWHMCP>
#	G	D	E	R	K	N	Q	S	T	A	V	L	I	F	Y	W	H	M	C	P
0	0.14411	0.05170	0.06687	0.01621	0.08234	0.05202	0.01270	0.18496	0.03713	0.11068	0.05323	0.02091	0.01533	0.03261	0.00852	0.00231	0.06395	0.02967	0.00532	0.00943
1	0.08356	0.08820	0.08539	0.03958	0.01982	0.05566	0.04187	0.15173	0.05283	0.08726	0.04654	0.05512	0.03334	0.02656	0.00703	0.00207	0.00705	0.00669	0.00515	0.10454
2	0.01757	0.13847	0.06185	0.03896	0.05565	0.12926	0.01214	0.05215	0.11747	0.06933	0.07888	0.07895	0.07072	0.00986	0.00731	0.00209	0.03775	0.00780	0.00508	0.00871
3	0.08887	0.07520	0.04860	0.01209	0.01632	0.08055	0.01023	0.07267	0.04930	0.15606	0.09287	0.05187	0.04420	0.03621	0.00758	0.00219	0.00640	0.05425	0.00573	0.08883
4	0.14531	0.05680	0.03682	0.04686	0.06005	0.05878	0.05699	0.06284	0.03360	0.11776	0.06980	0.03789	0.03257	0.00926	0.02555	0.00223	0.02345	0.00658	0.04201	0.07486
5	0.01901	0.22523	0.08758	0.04606	0.05375	0.01956	0.04986	0.20441	0.03699	0.04625	0.01597	0.01732	0.04160	0.00744	0.00670	0.00189	0.03563	0.00571	0.00456	0.07449
6	0.05307	0.07507	0.10546	0.01643	0.05324	0.05482	0.06096	0.12854	0.17697	0.04988	0.01749	0.01949	0.01361	0.00758	0.00642	0.00198	0.00737	0.02755	0.00506	0.11905
7	0.13290	0.06505	0.05400	0.01484	0.01939	0.18400	0.04204	0.17441	0.03616	0.06188	0.01465	0.01741	0.01159	0.00780	0.00686	0.00201	0.04263	0.02887	0.04434	0.03917
8	0.01474	0.01415	0.06889	0.01237	0.01532	0.08337	0.01024	0.05194	0.07896	0.06928	0.06992	0.18700	0.12023	0.04442	0.00994	0.00251	0.07125	0.02709	0.00560	0.04276
9	0.05774	0.04212	0.09329	0.01387	0.01974	0.01279	0.08641	0.06834	0.04885	0.13158	0.04710	0.02042	0.04632	0.00726	0.00624	0.00176	0.00656	0.00615	0.00509	0.27837
10	0.01102	0.00773	0.00963	0.00964	0.01147	0.00699	0.00692	0.04162	0.01533	0.05604	0.11355	0.45523	0.10556	0.01711	0.00800	0.00240	0.00421	0.01521	0.00636	0.09600
11	0.04755	0.01231	0.01941	0.62888	0.04223	0.01485	0.01738	0.01837	0.04255	0.01886	0.01270	0.01795	0.00961	0.00680	0.00661	0.00218	0.00851	0.00590	0.00333	0.06401
12	0.01320	0.01245	0.02103	0.69395	0.09409	0.01527	0.01914	0.01773	0.01381	0.01782	0.01221	0.01815	0.00924	0.00679	0.00684	0.00226	0.00905	0.00608	0.00306	0.00783
13	0.10810	0.01566	0.04495	0.01359	0.01788	0.01686	0.01114	0.12938	0.46299	0.03064	0.05815	0.02337	0.01969	0.00891	0.00667	0.00224	0.00580	0.00717	0.00649	0.01031
14	0.01639	0.01686	0.02701	0.24243	0.34700	0.07913	0.13109	0.02068	0.01545	0.02036	0.01262	0.01716	0.01008	0.00634	0.00696	0.00213	0.00935	0.00627	0.00331	0.00937
15	0.02601	0.01916	0.02053	0.01574	0.02122	0.02122	0.01300	0.69408	0.03217	0.04312	0.01643	0.01643	0.01163	0.00821	0.00684	0.00205	0.00753	0.00616	0.00684	0.01163
16	0.01152	0.00921	0.03564	0.01484	0.12151	0.00806	0.00959	0.01373	0.01467	0.06696	0.05707	0.40434	0.13950	0.01668	0.00814	0.00252	0.00497	0.04805	0.00595	0.00705
17	0.02540	0.01944	0.02016	0.01555	0.02096	0.05353	0.01277	0.62944	0.03068	0.04086	0.01594	0.01612	0.01143	0.00800	0.00672	0.00199	0.00763	0.00597	0.00655	0.05086
18	0.04229	0.01220	0.04447	0.01198	0.01537	0.01172	0.01004	0.15506	0.08852	0.09332	0.19012	0.07396	0.07949	0.01375	0.03126	0.00262	0.00591	0.10277	0.00667	0.00849
19	0.10783	0.11777	0.01943	0.01352	0.01800	0.16430	0.06270	0.02392	0.01730	0.20117	0.12449	0.02145	0.01963	0.00805	0.00628	0.00191	0.00733	0.00637	0.00544	0.05312
20	0.02077	0.12806	0.14941	0.01671	0.05621	0.04484	0.01493	0.29591	0.10897	0.04697	0.01584	0.01640	0.01179	0.00745	0.00636	0.00198	0.00777	0.00568	0.00523	0.03873
21	0.07361	0.01514	0.07469	0.07494	0.07328	0.03014	0.01286	0.08191	0.10990	0.19779	0.02274	0.02624	0.04603	0.00897	0.00680	0.00216	0.00671	0.06495	0.00584	0.06530
22	0.29221	0.04713	0.09266	0.01436	0.01909	0.11450	0.06778	0.05533	0.04466	0.04511	0.01271	0.01501	0.01004	0.01041	0.06268	0.00276	0.04774	0.00511	0.00414	0.03656

[dist]
# distance from previous block
# <min> <max>
1	37

[block]
# block no. 2 follows, 31 sequences, length 25
# corresponding to MSA columns:
# 266-290
name=unknown_C
#
# <colnr> <probs for GDERKNQSTAVLIFYWHMCP>
#	G	D	E	R	K	N	Q	S	T	A	V	L	I	F	Y	W	H	M	C	P
0	0.15445	0.01531	0.05799	0.11057	0.18152	0.01443	0.04047	0.08332	0.01631	0.08246	0.02749	0.01666	0.01140	0.00660	0.00610	0.00192	0.00709	0.00552	0.00441	0.15598
1	0.09059	0.02056	0.21951	0.04385	0.18497	0.01490	0.01683	0.08237	0.04302	0.02492	0.01312	0.01539	0.01015	0.00634	0.00609	0.00187	0.00760	0.00518	0.00392	0.18881
2	0.04859	0.01676	0.06128	0.15194	0.44560	0.03399	0.05903	0.02042	0.01510	0.02168	0.01254	0.01660	0.01018	0.00620	0.00663	0.00204	0.00842	0.00590	0.00338	0.05372
3	0.01670	0.01601	0.02734	0.08348	0.67726	0.01619	0.02088	0.02079	0.01547	0.02206	0.01283	0.01701	0.01074	0.00614	0.00678	0.00205	0.00819	0.00609	0.00337	0.01065
4	0.05738	0.01064	0.01348	0.07848	0.01748	0.01093	0.01034	0.05970	0.01574	0.04482	0.07100	0.09503	0.07784	0.01249	0.00879	0.00232	0.07548	0.17139	0.00533	0.16134
5	0.65752	0.01516	0.01200	0.01040	0.01476	0.05844	0.00850	0.11035	0.01484	0.03153	0.01051	0.01189	0.00806	0.00664	0.00470	0.00209	0.00601	0.00407	0.00454	0.00800
6	0.00977	0.00666	0.00741	0.00741	0.00763	0.00655	0.00424	0.00994	0.01048	0.01376	0.02605	0.04675	0.08978	0.68967	0.03230	0.00623	0.00633	0.01037	0.00435	0.00430
7	0.00979	0.00642	0.00770	0.00804	0.00812	0.00634	0.00479	0.00976	0.01052	0.01403	0.02410	0.19442	0.02801	0.53242	0.02848	0.08061	0.00600	0.01160	0.00451	0.00434
8	0.01689	0.01544	0.05790	0.24275	0.36963	0.01540	0.01886	0.02226	0.06474	0.08718	0.01503	0.01841	0.01152	0.00679	0.00680	0.00214	0.00811	0.00623	0.00399	0.00992
9	0.05344	0.01726	0.02052	0.17338	0.06498	0.01942	0.01452	0.48478	0.02646	0.03596	0.01504	0.01663	0.01088	0.00773	0.00674	0.00210	0.00782	0.00604	0.00573	0.01056
10	0.00885	0.00632	0.00851	0.00999	0.01064	0.00599	0.00713	0.01046	0.01385	0.01845	0.07071	0.60800	0.04522	0.02065	0.00882	0.00281	0.00432	0.12715	0.00640	0.00572
11	0.00995	0.00663	0.00746	0.00746	0.00746	0.00663	0.00415	0.00995	0.00995	0.01327	0.02156	0.04477	0.02487	0.75957	0.03482	0.00663	0.00663	0.00995	0.00415	0.00415
12	0.48456	0.01602	0.01416	0.04018	0.01743	0.05676	0.00990	0.21537	0.03859	0.03293	0.01222	0.01342	0.00917	0.00703	0.00528	0.00209	0.00648	0.00466	0.00498	0.00877
13	0.06821	0.01225	0.01834	0.44440	0.05823	0.01498	0.01572	0.03664	0.01385	0.01927	0.01806	0.05064	0.07692	0.00912	0.00908	0.00238	0.11347	0.00722	0.00368	0.00755
14	0.04577	0.01429	0.02365	0.29263	0.32405	0.01568	0.05573	0.03451	0.01494	0.02094	0.01475	0.02013	0.03220	0.00730	0.00752	0.00222	0.03870	0.02242	0.00352	0.00905
15	0.01687	0.01603	0.02350	0.15940	0.39413	0.05448	0.01777	0.06603	0.01620	0.02236	0.01262	0.01645	0.01031	0.00652	0.00714	0.00197	0.03671	0.00574	0.00364	0.11211
16	0.03676	0.07237	0.10731	0.05162	0.29430	0.01809	0.03505	0.17333	0.04577	0.02653	0.01369	0.01622	0.01076	0.00696	0.00716	0.00205	0.03836	0.00581	0.00423	0.03361
17	0.01915	0.11588	0.12885	0.14015	0.11823	0.03935	0.05768	0.13149	0.04028	0.10354	0.01486	0.01681	0.01100	0.00695	0.00648	0.00203	0.00830	0.00579	0.00447	0.02871
18	0.11496	0.04006	0.07788	0.01959	0.10969	0.01539	0.14842	0.09607	0.03890	0.05263	0.04329	0.04335	0.01397	0.00746	0.00713	0.00203	0.03617	0.00656	0.00451	0.12195
19	0.01691	0.01899	0.15444	0.01647	0.07213	0.06798	0.03157	0.13965	0.08185	0.02649	0.06082	0.02374	0.01725	0.00835	0.00660	0.00199	0.00726	0.05379	0.07958	0.11414
20	0.05745	0.01871	0.07561	0.11183	0.11650	0.10803	0.08630	0.09329	0.09652	0.06302	0.03211	0.01807	0.01279	0.00714	0.00662	0.00203	0.00830	0.00611	0.00458	0.07500
21	0.01902	0.04753	0.10697	0.04126	0.08169	0.01656	0.09887	0.22979	0.06765	0.05622	0.03638	0.01845	0.01339	0.00730	0.00661	0.00197	0.00763	0.00627	0.04410	0.09234
22	0.03794	0.10663	0.10751	0.08364	0.03830	0.01668	0.03445	0.17140	0.05831	0.04823	0.04505	0.08250	0.01609	0.00882	0.00738	0.00207	0.04642	0.00706	0.00488	0.07666
23	0.01840	0.06479	0.04994	0.10257	0.07828	0.10399	0.07188	0.07006	0.08199	0.08096	0.01650	0.01815	0.02976	0.00699	0.00636	0.00185	0.00782	0.00586	0.00454	0.17932
24	0.01968	0.01625	0.08976	0.07918	0.02226	0.01480	0.04479	0.23484	0.06176	0.12874	0.04331	0.02669	0.03223	0.03325	0.00798	0.00232	0.00722	0.06929	0.00588	0.05978

[dist]
# distance from previous block
# <min> <max>
33	140

[block]
# block no. 3 follows, 31 sequences, length 25
# corresponding to MSA columns:
# 473-497
name=unknown_D
#
# <colnr> <probs for GDERKNQSTAVLIFYWHMCP>
#	G	D	E	R	K	N	Q	S	T	A	V	L	I	F	Y	W	H	M	C	P
0	0.04959	0.04804	0.07615	0.05694	0.06857	0.09403	0.07766	0.13106	0.01770	0.02410	0.02844	0.09362	0.01503	0.01084	0.04931	0.00248	0.00847	0.00708	0.00445	0.13646
1	0.11809	0.15422	0.06404	0.03494	0.01954	0.11284	0.04462	0.09837	0.06724	0.11664	0.04865	0.01937	0.03902	0.00782	0.00608	0.00197	0.00744	0.00598	0.02397	0.00914
2	0.11717	0.17477	0.21152	0.12064	0.06341	0.01840	0.03344	0.05961	0.05921	0.04447	0.01302	0.01519	0.00997	0.00682	0.00632	0.00205	0.02574	0.00519	0.00379	0.00927
3	0.08036	0.10293	0.13413	0.07489	0.06312	0.07157	0.08510	0.04074	0.01516	0.04679	0.03818	0.05247	0.01343	0.00860	0.00776	0.05957	0.00796	0.00622	0.00393	0.08707
4	0.01964	0.54981	0.07882	0.01341	0.01918	0.12784	0.01295	0.07480	0.01618	0.01870	0.01040	0.01184	0.00900	0.00626	0.00498	0.00160	0.00825	0.00406	0.00332	0.00897
5	0.01445	0.01380	0.06311	0.04661	0.09923	0.03699	0.01139	0.03852	0.01553	0.04695	0.05766	0.02579	0.09160	0.01144	0.06106	0.00239	0.00708	0.02978	0.00456	0.32205
6	0.01418	0.01345	0.02280	0.52284	0.25755	0.01553	0.01963	0.01858	0.01428	0.01901	0.01238	0.01783	0.00966	0.00661	0.00682	0.00220	0.00881	0.00608	0.00315	0.00862
7	0.00834	0.00595	0.00794	0.00953	0.00992	0.00556	0.00635	0.00953	0.01310	0.01746	0.03771	0.75510	0.04525	0.02143	0.00873	0.00278	0.00397	0.01945	0.00635	0.00556
8	0.01465	0.16764	0.11140	0.08605	0.06062	0.01510	0.04987	0.04326	0.04029	0.04228	0.02353	0.08800	0.05921	0.01110	0.00717	0.00231	0.00731	0.15729	0.00466	0.00827
9	0.01565	0.19163	0.51978	0.01767	0.02634	0.07568	0.02140	0.02187	0.01472	0.02008	0.01155	0.01353	0.00870	0.00640	0.00602	0.00198	0.00969	0.00470	0.00295	0.00965
10	0.00995	0.00663	0.00746	0.00746	0.00746	0.00663	0.00415	0.00995	0.00995	0.01327	0.02156	0.04477	0.02487	0.75957	0.03482	0.00663	0.00663	0.00995	0.00415	0.00415
11	0.00829	0.00615	0.00774	0.00901	0.00979	0.00560	0.00612	0.00958	0.01360	0.01767	0.04400	0.61785	0.17844	0.02062	0.00860	0.00269	0.00387	0.01845	0.00635	0.00560
12	0.01726	0.10814	0.09186	0.17990	0.13634	0.05515	0.21391	0.02182	0.01555	0.07533	0.01354	0.01698	0.01027	0.00641	0.00683	0.00210	0.00945	0.00625	0.00364	0.00927
13	0.01105	0.01050	0.05386	0.16219	0.02081	0.01131	0.01214	0.01416	0.01170	0.01658	0.01598	0.02346	0.01435	0.03656	0.48666	0.00808	0.07357	0.00684	0.00344	0.00675
14	0.01019	0.00715	0.01009	0.01009	0.01126	0.00810	0.00769	0.01254	0.01136	0.01697	0.01912	0.02813	0.01778	0.10220	0.57809	0.00937	0.01534	0.00741	0.11112	0.00599
15	0.08681	0.01487	0.02421	0.22915	0.47214	0.01589	0.01924	0.01996	0.01471	0.02178	0.01238	0.01676	0.01006	0.00632	0.00656	0.00211	0.00814	0.00588	0.00337	0.00965
16	0.02168	0.01883	0.11115	0.02167	0.17788	0.01699	0.03687	0.28439	0.05919	0.12850	0.04215	0.01904	0.01417	0.00774	0.00688	0.00210	0.00761	0.00647	0.00571	0.01096
17	0.01820	0.01830	0.05879	0.02143	0.19327	0.15370	0.01433	0.02398	0.12687	0.07846	0.12530	0.02294	0.02065	0.00884	0.00848	0.00216	0.08305	0.00701	0.00497	0.00927
18	0.40813	0.08781	0.01360	0.01048	0.01414	0.06124	0.00844	0.04932	0.06925	0.02592	0.01924	0.13468	0.05472	0.00969	0.00564	0.00216	0.00574	0.00730	0.00485	0.00765
19	0.01252	0.00943	0.01234	0.01281	0.06899	0.01009	0.00873	0.10461	0.01485	0.02050	0.05619	0.03289	0.07574	0.19353	0.31054	0.00675	0.01117	0.00844	0.02308	0.00680
20	0.05737	0.02068	0.12315	0.01894	0.11456	0.07283	0.01501	0.32885	0.02348	0.07756	0.04582	0.01755	0.01331	0.00768	0.00661	0.00202	0.00788	0.00600	0.00547	0.03523
21	0.07974	0.01224	0.01341	0.06947	0.01722	0.05021	0.00986	0.07557	0.17204	0.07536	0.18682	0.10436	0.04548	0.01161	0.00727	0.00229	0.00561	0.04669	0.00637	0.00835
22	0.12868	0.04827	0.01744	0.01342	0.01742	0.08827	0.06340	0.15571	0.04931	0.15744	0.01794	0.02272	0.01468	0.16181	0.01216	0.00299	0.00742	0.00667	0.00547	0.00879
23	0.02388	0.01665	0.02124	0.11351	0.05858	0.07319	0.08357	0.22383	0.04705	0.24032	0.01859	0.01899	0.01286	0.00770	0.00693	0.00211	0.00797	0.00648	0.00606	0.01049
24	0.07688	0.01081	0.01252	0.12713	0.01728	0.04547	0.00886	0.03991	0.01306	0.07408	0.01844	0.06187	0.01847	0.34986	0.02015	0.00420	0.04632	0.00813	0.00442	0.04214

[dist]
# distance from previous block
# <min> <max>
23	59

[block]
# block no. 4 follows, 31 sequences, length 31
# corresponding to MSA columns:
# 564-594
name=unknown_E
#
# <colnr> <probs for GDERKNQSTAVLIFYWHMCP>
#	G	D	E	R	K	N	Q	S	T	A	V	L	I	F	Y	W	H	M	C	P
0	0.01864	0.01708	0.02142	0.03965	0.15613	0.09247	0.06114	0.11334	0.09019	0.05287	0.01532	0.01887	0.01246	0.00813	0.00924	0.00212	0.12758	0.02650	0.00456	0.11230
1	0.01431	0.01494	0.07303	0.06676	0.18137	0.04175	0.10747	0.03649	0.03242	0.02218	0.11987	0.05505	0.04578	0.04097	0.03669	0.00269	0.03777	0.00822	0.05387	0.00837
2	0.01517	0.01385	0.02068	0.24030	0.28311	0.04234	0.01629	0.01877	0.01512	0.04837	0.03748	0.02350	0.09092	0.00808	0.00746	0.00210	0.03751	0.00700	0.00397	0.06799
3	0.00999	0.00729	0.00953	0.03083	0.01123	0.00756	0.00681	0.01248	0.03861	0.01913	0.22125	0.12072	0.03607	0.24074	0.19186	0.00569	0.00822	0.01088	0.00532	0.00579
4	0.01829	0.76368	0.03585	0.01171	0.01756	0.02707	0.01171	0.02049	0.01390	0.01610	0.00951	0.01097	0.00878	0.00585	0.00439	0.00146	0.00732	0.00366	0.00293	0.00878
5	0.02262	0.01218	0.01620	0.07173	0.07387	0.01194	0.01111	0.11621	0.04466	0.34679	0.10315	0.02757	0.04745	0.05263	0.00867	0.00239	0.00614	0.00778	0.00693	0.00998
6	0.01406	0.01308	0.02190	0.29975	0.35337	0.01416	0.01792	0.01785	0.01447	0.01975	0.01655	0.13474	0.01566	0.00881	0.00711	0.00224	0.00784	0.00821	0.00373	0.00878
7	0.77355	0.01408	0.01046	0.00938	0.01358	0.04681	0.00766	0.02043	0.01198	0.03008	0.00957	0.01117	0.00747	0.00638	0.00432	0.00210	0.00560	0.00374	0.00420	0.00743
8	0.01306	0.01244	0.02141	0.71126	0.04661	0.01529	0.04902	0.01768	0.01379	0.01768	0.01223	0.01825	0.00918	0.00679	0.00689	0.00228	0.00923	0.00617	0.00306	0.00767
9	0.01497	0.01268	0.01516	0.06824	0.01902	0.01050	0.00933	0.06791	0.01549	0.02347	0.01248	0.01467	0.01017	0.00544	0.00534	0.00119	0.00557	0.00437	0.00418	0.67980
10	0.00822	0.00666	0.00730	0.00773	0.00947	0.00574	0.00557	0.00986	0.01505	0.01856	0.08651	0.25842	0.50037	0.01834	0.00827	0.00244	0.00360	0.01576	0.00640	0.00574
11	0.01419	0.01216	0.01419	0.01013	0.01621	0.00912	0.00811	0.01723	0.01419	0.02229	0.01216	0.01419	0.01013	0.00507	0.00507	0.00101	0.00507	0.00405	0.00405	0.80139
12	0.01822	0.06964	0.01713	0.01147	0.01735	0.01276	0.00946	0.14282	0.01797	0.09187	0.01415	0.01522	0.01095	0.00602	0.00551	0.00134	0.00576	0.00468	0.00490	0.52278
13	0.01421	0.01393	0.01946	0.01699	0.01704	0.01919	0.01398	0.01567	0.01078	0.01658	0.01228	0.09996	0.01315	0.01306	0.02088	0.00297	0.66171	0.00753	0.00338	0.00726
14	0.01419	0.01216	0.01419	0.01013	0.01621	0.00912	0.00811	0.01723	0.01419	0.02229	0.01216	0.01419	0.01013	0.00507	0.00507	0.00101	0.00507	0.00405	0.00405	0.80139
15	0.01999	0.23167	0.07700	0.03699	0.06552	0.01845	0.04021	0.12341	0.06233	0.13314	0.01627	0.01849	0.01265	0.00748	0.00651	0.00192	0.02521	0.02910	0.00489	0.06875
16	0.01725	0.01547	0.04472	0.13244	0.42475	0.03419	0.01789	0.02193	0.04960	0.09103	0.04436	0.02114	0.04018	0.00736	0.00688	0.00210	0.00771	0.00673	0.00428	0.01000
17	0.02234	0.01679	0.01879	0.01437	0.01956	0.01773	0.01181	0.44555	0.02546	0.06135	0.01516	0.01601	0.01125	0.00773	0.00763	0.00187	0.06505	0.00564	0.00590	0.21001
18	0.01832	0.01717	0.02402	0.18178	0.32493	0.08761	0.05233	0.09350	0.06570	0.04682	0.01444	0.01759	0.01124	0.00686	0.00682	0.00210	0.00860	0.00617	0.00412	0.00989
19	0.00939	0.00667	0.00928	0.00977	0.01033	0.00649	0.03031	0.01022	0.01195	0.01604	0.02943	0.44319	0.03430	0.20340	0.07066	0.06725	0.00612	0.01475	0.00524	0.00518
20	0.01703	0.01286	0.01644	0.04349	0.09572	0.01081	0.01044	0.04986	0.01580	0.11034	0.01428	0.01589	0.01109	0.00582	0.00563	0.00136	0.00577	0.00481	0.00461	0.54794
21	0.01954	0.01533	0.01706	0.01267	0.01848	0.01460	0.01033	0.32400	0.02234	0.03173	0.01409	0.01520	0.01081	0.00649	0.00587	0.00148	0.00618	0.00501	0.00532	0.44344
22	0.02608	0.01056	0.01393	0.01102	0.01558	0.00917	0.00899	0.02868	0.01873	0.56621	0.05550	0.02921	0.09691	0.00962	0.00690	0.00210	0.00527	0.00788	0.06726	0.01041
23	0.00882	0.00622	0.00773	0.00873	0.00911	0.00591	0.00560	0.00968	0.01226	0.01621	0.03451	0.49322	0.07784	0.25162	0.01684	0.00395	0.00477	0.01619	0.00566	0.00513
24	0.01573	0.01491	0.02528	0.14035	0.56489	0.01538	0.01964	0.01969	0.01503	0.02120	0.01397	0.04682	0.01220	0.00858	0.03526	0.00245	0.00850	0.00667	0.00347	0.00998
25	0.06795	0.03494	0.02035	0.12600	0.20987	0.12574	0.01492	0.06618	0.06074	0.04273	0.01610	0.04481	0.02768	0.00821	0.00761	0.00212	0.05635	0.02242	0.00425	0.04104
26	0.04322	0.01316	0.01931	0.04880	0.20958	0.01395	0.05290	0.05570	0.10936	0.09016	0.06438	0.07680	0.01912	0.01125	0.03755	0.02123	0.05934	0.00789	0.03715	0.00915
27	0.01707	0.01693	0.04524	0.17202	0.11951	0.08827	0.04426	0.09482	0.14180	0.02348	0.01569	0.01845	0.01229	0.00980	0.04756	0.00257	0.03814	0.00615	0.00439	0.08154
28	0.04411	0.05677	0.06418	0.21382	0.06859	0.09450	0.01388	0.08921	0.04394	0.02276	0.06301	0.03649	0.06717	0.00841	0.00654	0.00203	0.00758	0.00685	0.03100	0.05916
29	0.01870	0.07005	0.03571	0.06645	0.06397	0.05579	0.01170	0.19118	0.10124	0.07804	0.02003	0.02379	0.04019	0.10251	0.05309	0.00313	0.00781	0.00692	0.04064	0.00905
30	0.08488	0.07290	0.07043	0.01792	0.11414	0.06904	0.05761	0.10767	0.03446	0.11799	0.03797	0.03696	0.03441	0.00948	0.03523	0.00232	0.00783	0.00642	0.00496	0.07741

[dist]
# distance from previous block
# <min> <max>
6	27

[block]
# block no. 5 follows, 31 sequences, length 27
# corresponding to MSA columns:
# 647-656,658-674
name=unknown_F
#
# <colnr> <probs for GDERKNQSTAVLIFYWHMCP>
#	G	D	E	R	K	N	Q	S	T	A	V	L	I	F	Y	W	H	M	C	P
0	0.02155	0.05756	0.01994	0.03372	0.07305	0.12690	0.03059	0.25217	0.07280	0.08541	0.05449	0.01989	0.03432	0.00803	0.00659	0.00193	0.00759	0.00635	0.00559	0.08153
1	0.03799	0.08921	0.04225	0.01739	0.10756	0.09068	0.01270	0.12574	0.17777	0.05086	0.03414	0.05649	0.03468	0.00876	0.00720	0.00206	0.03838	0.00692	0.00523	0.05397
2	0.04342	0.01898	0.05503	0.01627	0.07237	0.14469	0.01248	0.13880	0.14169	0.12300	0.01742	0.01764	0.01290	0.00736	0.00633	0.00188	0.00747	0.00572	0.00545	0.15111
3	0.01895	0.03780	0.12310	0.01572	0.02103	0.08195	0.05615	0.12175	0.15820	0.08209	0.03441	0.01860	0.01401	0.00786	0.00774	0.00203	0.06387	0.00611	0.00513	0.12349
4	0.04004	0.04819	0.07236	0.01492	0.01999	0.18802	0.04177	0.14768	0.06750	0.08914	0.03359	0.04811	0.01410	0.00785	0.00638	0.00187	0.00803	0.00613	0.00508	0.13922
5	0.13483	0.01566	0.01731	0.01436	0.04440	0.01653	0.01126	0.33674	0.06674	0.14277	0.01730	0.01742	0.01243	0.00895	0.02822	0.00225	0.00690	0.00584	0.00622	0.09388
6	0.05704	0.01719	0.01810	0.01452	0.01947	0.03986	0.01178	0.38957	0.20002	0.11026	0.01988	0.01907	0.01425	0.00832	0.00670	0.00209	0.00679	0.00642	0.00676	0.03192
7	0.08277	0.01662	0.01770	0.01420	0.01916	0.01824	0.01153	0.38310	0.21263	0.08243	0.01950	0.01885	0.01412	0.00821	0.00659	0.00208	0.00654	0.00634	0.00664	0.05277
8	0.12343	0.02327	0.01917	0.01772	0.05830	0.33954	0.01330	0.10713	0.01764	0.02210	0.01092	0.01358	0.00914	0.00824	0.00995	0.00216	0.18713	0.00501	0.00390	0.00838
9	0.01621	0.01552	0.02647	0.16790	0.59661	0.01607	0.02064	0.02036	0.01524	0.02148	0.01274	0.01717	0.01053	0.00623	0.00679	0.00208	0.00831	0.00609	0.00332	0.01026
10	0.00993	0.00666	0.00759	0.00755	0.00767	0.00662	0.00432	0.01017	0.01067	0.01434	0.07422	0.04525	0.02789	0.70280	0.03278	0.00629	0.00637	0.01013	0.00440	0.00432
11	0.72559	0.01553	0.08405	0.01009	0.01493	0.01540	0.00926	0.02027	0.01193	0.02976	0.00981	0.01146	0.00754	0.00637	0.00447	0.00212	0.00579	0.00384	0.00409	0.00769
12	0.02945	0.01537	0.01690	0.01333	0.01840	0.10950	0.01083	0.10952	0.02102	0.54675	0.02353	0.02100	0.01521	0.00825	0.00678	0.00206	0.00691	0.00646	0.00761	0.01114
13	0.00978	0.00656	0.00751	0.00768	0.00772	0.00652	0.00437	0.00991	0.01028	0.01370	0.02323	0.11838	0.02698	0.68308	0.03212	0.00623	0.00636	0.01093	0.00437	0.00429
14	0.00834	0.00595	0.00794	0.00953	0.00992	0.00556	0.00635	0.00953	0.01310	0.01746	0.03771	0.75510	0.04525	0.02143	0.00873	0.00278	0.00397	0.01945	0.00635	0.00556
15	0.01528	0.01457	0.02478	0.33096	0.44085	0.01582	0.02017	0.01955	0.01480	0.02034	0.01258	0.01747	0.01013	0.00640	0.00680	0.00213	0.00854	0.00609	0.00324	0.00950
16	0.01535	0.01464	0.02491	0.31864	0.45262	0.01584	0.02021	0.01961	0.01483	0.02043	0.01259	0.01745	0.01016	0.00639	0.00680	0.00213	0.00852	0.00609	0.00325	0.00956
17	0.00968	0.00699	0.00914	0.00861	0.01022	0.00646	0.00646	0.01291	0.01937	0.02743	0.71328	0.05110	0.06455	0.01399	0.00807	0.00215	0.00323	0.01237	0.00753	0.00646
18	0.01809	0.01417	0.01593	0.07438	0.02020	0.01614	0.01143	0.03447	0.57610	0.09951	0.02645	0.02469	0.01950	0.00899	0.00694	0.00230	0.00576	0.00751	0.00679	0.01064
19	0.02526	0.01879	0.02011	0.01559	0.02093	0.02087	0.01282	0.63938	0.08808	0.04191	0.01738	0.01718	0.01240	0.00830	0.00685	0.00208	0.00735	0.00629	0.00685	0.01157
20	0.07948	0.01281	0.01575	0.01498	0.04129	0.06893	0.01157	0.01587	0.01167	0.01763	0.01345	0.01982	0.01252	0.02843	0.33522	0.00635	0.27746	0.00628	0.00345	0.00702
21	0.40615	0.01655	0.01429	0.01227	0.01635	0.09378	0.00988	0.16003	0.09950	0.03074	0.03878	0.01567	0.01217	0.00768	0.00623	0.00213	0.03882	0.00518	0.00508	0.00870
22	0.07583	0.08929	0.07715	0.01341	0.01840	0.11200	0.01171	0.08422	0.12622	0.22767	0.02342	0.02236	0.07186	0.00856	0.00644	0.00205	0.00706	0.00657	0.00596	0.00983
23	0.09294	0.19985	0.12557	0.01508	0.02083	0.11271	0.03553	0.22012	0.04602	0.02728	0.03438	0.01528	0.01169	0.00722	0.00596	0.00192	0.00819	0.00526	0.00458	0.00960
24	0.07051	0.02103	0.09218	0.01777	0.07834	0.18455	0.05013	0.12124	0.04842	0.05874	0.01798	0.01929	0.06412	0.00805	0.00743	0.00202	0.05263	0.00612	0.00460	0.07484
25	0.05437	0.03707	0.01695	0.05196	0.01915	0.09048	0.01120	0.27608	0.07954	0.05627	0.09508	0.07828	0.02095	0.00972	0.00685	0.00208	0.00685	0.02542	0.00600	0.05570
26	0.06113	0.01905	0.01692	0.01411	0.01849	0.19235	0.01108	0.20675	0.11870	0.11114	0.01796	0.04180	0.01408	0.03542	0.00746	0.00211	0.00770	0.00626	0.00570	0.09177

[dist]
# distance from previous block
# <min> <max>
7	27

[block]
# block no. 6 follows, 31 sequences, length 7
# corresponding to MSA columns:
# 705-711
name=unknown_G
#
# <colnr> <probs for GDERKNQSTAVLIFYWHMCP>
#	G	D	E	R	K	N	Q	S	T	A	V	L	I	F	Y	W	H	M	C	P
0	0.01973	0.12380	0.08365	0.01751	0.07521	0.12170	0.04010	0.16872	0.09654	0.04588	0.01542	0.01855	0.01260	0.07106	0.00982	0.00243	0.05717	0.00604	0.00465	0.00941
1	0.05205	0.07851	0.04666	0.03649	0.06041	0.17391	0.01274	0.14958	0.09231	0.02491	0.01716	0.01972	0.03996	0.00828	0.00734	0.00200	0.05623	0.02590	0.03233	0.06350
2	0.10135	0.01692	0.07999	0.06171	0.08681	0.01613	0.06016	0.19756	0.07709	0.05873	0.05512	0.01875	0.01439	0.00768	0.00713	0.00206	0.03620	0.00622	0.00513	0.09087
3	0.14129	0.03825	0.06768	0.06403	0.03603	0.06390	0.01223	0.07477	0.03959	0.04167	0.03915	0.06477	0.04332	0.00983	0.00870	0.00223	0.11077	0.05457	0.00463	0.08260
4	0.03898	0.03446	0.09623	0.15147	0.09001	0.05748	0.05048	0.07133	0.06086	0.08810	0.05622	0.05052	0.01633	0.04502	0.00878	0.00238	0.03679	0.00706	0.00466	0.03285
5	0.01364	0.01247	0.07103	0.01399	0.08629	0.04357	0.00970	0.01613	0.04489	0.06517	0.02202	0.07676	0.04777	0.37256	0.02155	0.00440	0.05779	0.00904	0.00450	0.00672
6	0.07067	0.38485	0.02863	0.01601	0.06670	0.02067	0.09807	0.01982	0.04599	0.01899	0.01405	0.08023	0.01325	0.00995	0.04119	0.00235	0.05015	0.00629	0.00365	0.00849

[dist]
# distance from previous block
# <min> <max>
0	3

[block]
# block no. 7 follows, 31 sequences, length 86
# corresponding to MSA columns:
# 715-800
name=unknown_H
#
# <colnr> <probs for GDERKNQSTAVLIFYWHMCP>
#	G	D	E	R	K	N	Q	S	T	A	V	L	I	F	Y	W	H	M	C	P
0	0.05700	0.01052	0.03452	0.01405	0.09991	0.00966	0.00959	0.01876	0.03202	0.18599	0.05261	0.09140	0.12061	0.12267	0.10633	0.00400	0.00738	0.00937	0.00566	0.00795
1	0.06573	0.07215	0.07762	0.04069	0.06593	0.07148	0.01270	0.12139	0.12089	0.04346	0.05766	0.02182	0.03600	0.05482	0.00939	0.00236	0.06427	0.00656	0.00492	0.05017
2	0.01623	0.10167	0.08118	0.01305	0.01706	0.10315	0.01126	0.02522	0.25872	0.04662	0.22020	0.02855	0.02939	0.00970	0.00685	0.00208	0.00630	0.00793	0.00592	0.00893
3	0.00908	0.00692	0.00834	0.00809	0.00988	0.00618	0.00603	0.01170	0.01779	0.02392	0.46277	0.09048	0.28299	0.01548	0.00811	0.00224	0.00334	0.01342	0.00708	0.00618
4	0.01419	0.01216	0.01419	0.01013	0.01621	0.00912	0.00811	0.01723	0.01419	0.02229	0.01216	0.01419	0.01013	0.00507	0.00507	0.00101	0.00507	0.00405	0.00405	0.80139
5	0.80789	0.01323	0.01006	0.00900	0.01323	0.01535	0.00741	0.02011	0.01164	0.03070	0.00953	0.01111	0.00741	0.00635	0.00423	0.00212	0.00529	0.00370	0.00423	0.00741
6	0.00834	0.00595	0.00794	0.00953	0.00992	0.00556	0.00635	0.00953	0.01310	0.01746	0.03771	0.75510	0.04525	0.02143	0.00873	0.00278	0.00397	0.01945	0.00635	0.00556
7	0.01407	0.09161	0.67099	0.01890	0.02868	0.01675	0.02423	0.02158	0.01440	0.02124	0.01206	0.01418	0.00868	0.00645	0.00634	0.00211	0.00990	0.00495	0.00289	0.01001
8	0.06804	0.36385	0.10354	0.01451	0.04166	0.15090	0.01320	0.03691	0.01510	0.01915	0.01124	0.01338	0.00956	0.00778	0.02424	0.00199	0.04165	0.00445	0.05030	0.00855
9	0.00990	0.00764	0.01085	0.01061	0.01238	0.00711	0.05974	0.01239	0.01549	0.02091	0.16379	0.27112	0.17352	0.01665	0.00825	0.00251	0.00464	0.12071	0.06556	0.00623
10	0.06884	0.01629	0.04986	0.11236	0.57647	0.01607	0.02003	0.02059	0.01508	0.02237	0.01255	0.01660	0.01036	0.00620	0.00660	0.00207	0.00811	0.00590	0.00339	0.01025
11	0.01617	0.01361	0.03747	0.01269	0.01868	0.01093	0.07218	0.02115	0.08192	0.08812	0.01523	0.01654	0.01179	0.00590	0.00574	0.00140	0.00591	0.00507	0.00466	0.55485
12	0.00849	0.00602	0.00789	0.00933	0.00969	0.00566	0.00614	0.00957	0.01279	0.01706	0.03615	0.68653	0.04328	0.09268	0.01125	0.00315	0.00423	0.01853	0.00614	0.00542
13	0.01607	0.01538	0.02621	0.19260	0.57302	0.01603	0.02057	0.02024	0.01517	0.02130	0.01272	0.01721	0.01047	0.00626	0.00679	0.00209	0.00834	0.00609	0.00331	0.01014
14	0.01452	0.01418	0.02133	0.20316	0.10459	0.01861	0.01648	0.01711	0.01188	0.01737	0.01050	0.01636	0.00946	0.01116	0.03750	0.00294	0.45586	0.00606	0.00307	0.00785
15	0.00968	0.00699	0.00914	0.00861	0.01022	0.00646	0.00646	0.01291	0.01937	0.02743	0.71328	0.05110	0.06455	0.01399	0.00807	0.00215	0.00323	0.01237	0.00753	0.00646
16	0.02655	0.01624	0.01842	0.01429	0.01951	0.01714	0.01175	0.43204	0.07026	0.25070	0.02055	0.01934	0.01400	0.00835	0.00681	0.00208	0.00676	0.00649	0.02726	0.01145
17	0.00995	0.00663	0.00746	0.00746	0.00746	0.00663	0.00415	0.00995	0.00995	0.01327	0.02156	0.04477	0.02487	0.75957	0.03482	0.00663	0.00663	0.00995	0.00415	0.00415
18	0.02992	0.01289	0.01665	0.01276	0.01809	0.01190	0.01054	0.14265	0.02166	0.60937	0.02524	0.02215	0.01606	0.00843	0.00687	0.00211	0.00610	0.00676	0.00820	0.01164
19	0.01727	0.01378	0.01637	0.07153	0.06376	0.01516	0.01191	0.07162	0.40691	0.07059	0.04463	0.02772	0.02054	0.00939	0.00703	0.00225	0.00601	0.05815	0.00631	0.05905
20	0.02414	0.02924	0.01833	0.01660	0.02009	0.61224	0.01251	0.04745	0.07075	0.01897	0.01277	0.01426	0.01034	0.00731	0.00616	0.00180	0.01111	0.00483	0.05294	0.00816
21	0.01702	0.01470	0.01547	0.01392	0.01779	0.01702	0.01083	0.03635	0.70453	0.02862	0.02785	0.02553	0.02088	0.00928	0.00696	0.00232	0.00541	0.00773	0.00696	0.01083
22	0.00977	0.00733	0.01100	0.01100	0.01222	0.00855	0.00855	0.01222	0.01100	0.01588	0.01833	0.02688	0.01710	0.05131	0.73245	0.01100	0.01833	0.00733	0.00367	0.00611
23	0.00995	0.00663	0.00746	0.00746	0.00746	0.00663	0.00415	0.00995	0.00995	0.01327	0.02156	0.04477	0.02487	0.75957	0.03482	0.00663	0.00663	0.00995	0.00415	0.00415
24	0.02556	0.03261	0.01939	0.01763	0.02115	0.73210	0.01322	0.02732	0.01939	0.01674	0.01058	0.01234	0.00881	0.00705	0.00617	0.00176	0.01234	0.00441	0.00353	0.00793
25	0.01973	0.62100	0.03275	0.01271	0.01826	0.10876	0.01198	0.07331	0.01595	0.01826	0.01017	0.01155	0.00900	0.00617	0.00479	0.00154	0.00792	0.00394	0.00330	0.00890
26	0.01419	0.01216	0.01419	0.01013	0.01621	0.00912	0.00811	0.01723	0.01419	0.02229	0.01216	0.01419	0.01013	0.00507	0.00507	0.00101	0.00507	0.00405	0.00405	0.80139
27	0.01419	0.01216	0.01419	0.01013	0.01621	0.00912	0.00811	0.01723	0.01419	0.02229	0.01216	0.01419	0.01013	0.00507	0.00507	0.00101	0.00507	0.00405	0.00405	0.80139
28	0.01615	0.01845	0.04037	0.02884	0.03576	0.01730	0.69204	0.02191	0.01615	0.02191	0.01384	0.01845	0.01038	0.00577	0.00807	0.00231	0.01153	0.00807	0.00346	0.00923
29	0.01615	0.01845	0.04037	0.02884	0.03576	0.01730	0.69204	0.02191	0.01615	0.02191	0.01384	0.01845	0.01038	0.00577	0.00807	0.00231	0.01153	0.00807	0.00346	0.00923
30	0.00809	0.00693	0.00693	0.00693	0.00924	0.00578	0.00520	0.00982	0.01559	0.01848	0.06931	0.06584	0.71411	0.01733	0.00809	0.00231	0.00347	0.01444	0.00635	0.00578
31	0.01275	0.00638	0.00638	0.00638	0.00797	0.00638	0.00478	0.01594	0.01435	0.02551	0.02232	0.02551	0.01754	0.00797	0.00478	0.00159	0.00319	0.00638	0.79755	0.00638
32	0.02601	0.01916	0.02053	0.01574	0.02122	0.02122	0.01300	0.69408	0.03217	0.04312	0.01643	0.01643	0.01163	0.00821	0.00684	0.00205	0.00753	0.00616	0.00684	0.01163
33	0.01614	0.01536	0.02567	0.17965	0.54661	0.01609	0.02006	0.02112	0.05200	0.02172	0.01353	0.01765	0.01103	0.00641	0.00680	0.00210	0.00818	0.00618	0.00351	0.01019
34	0.02313	0.02768	0.01939	0.01726	0.02014	0.53295	0.01326	0.06595	0.01822	0.01822	0.01097	0.01407	0.00951	0.03086	0.01013	0.00216	0.14951	0.00498	0.00365	0.00796
35	0.01419	0.01216	0.01419	0.01013	0.01621	0.00912	0.00811	0.01723	0.01419	0.02229	0.01216	0.01419	0.01013	0.00507	0.00507	0.00101	0.00507	0.00405	0.00405	0.80139
36	0.01292	0.01216	0.02052	0.74312	0.04712	0.01520	0.01900	0.01748	0.01368	0.01748	0.01216	0.01824	0.00912	0.00684	0.00684	0.00228	0.00912	0.00608	0.00304	0.00760
37	0.01599	0.01553	0.02738	0.10724	0.52523	0.01566	0.09992	0.02025	0.01570	0.02214	0.05710	0.01940	0.01400	0.00663	0.00702	0.00210	0.00832	0.00673	0.00362	0.01005
38	0.80789	0.01323	0.01006	0.00900	0.01323	0.01535	0.00741	0.02011	0.01164	0.03070	0.00953	0.01111	0.00741	0.00635	0.00423	0.00212	0.00529	0.00370	0.00423	0.00741
39	0.01372	0.03539	0.72412	0.01950	0.02961	0.01589	0.02528	0.02167	0.01444	0.02167	0.01228	0.01444	0.00867	0.00650	0.00650	0.00217	0.01011	0.00506	0.00289	0.01011
40	0.00968	0.00699	0.00914	0.00861	0.01022	0.00646	0.00646	0.01291	0.01937	0.02743	0.71328	0.05110	0.06455	0.01399	0.00807	0.00215	0.00323	0.01237	0.00753	0.00646
41	0.01372	0.03539	0.72412	0.01950	0.02961	0.01589	0.02528	0.02167	0.01444	0.02167	0.01228	0.01444	0.00867	0.00650	0.00650	0.00217	0.01011	0.00506	0.00289	0.01011
42	0.00958	0.00699	0.00901	0.00850	0.01016	0.00641	0.00638	0.01272	0.01913	0.02687	0.67265	0.05203	0.10553	0.01420	0.00807	0.00216	0.00324	0.01250	0.00746	0.00641
43	0.01735	0.01719	0.02616	0.03836	0.62038	0.07648	0.01980	0.02117	0.01591	0.02178	0.01392	0.01976	0.01219	0.00686	0.00686	0.00207	0.00839	0.04146	0.00355	0.01035
44	0.01712	0.05648	0.10519	0.01258	0.01892	0.01335	0.01147	0.13360	0.04805	0.05332	0.01403	0.01529	0.01088	0.00614	0.00566	0.00146	0.00628	0.00479	0.00462	0.46078
45	0.02170	0.42074	0.02813	0.01448	0.01924	0.35779	0.01242	0.02369	0.01647	0.01640	0.01001	0.01161	0.00880	0.00641	0.00522	0.00160	0.00967	0.00401	0.00321	0.00838
46	0.76610	0.01427	0.01055	0.00946	0.01365	0.05364	0.00772	0.02050	0.01206	0.02995	0.00958	0.01118	0.00748	0.00639	0.00434	0.00210	0.00567	0.00374	0.00420	0.00744
47	0.02560	0.01866	0.02008	0.01552	0.02089	0.02061	0.01278	0.63308	0.07332	0.06313	0.01746	0.01720	0.01237	0.00829	0.00685	0.00207	0.00735	0.00628	0.00690	0.01159
48	0.00951	0.00699	0.00891	0.00843	0.01012	0.00638	0.00632	0.01258	0.01897	0.02648	0.64495	0.05267	0.13348	0.01434	0.00807	0.00217	0.00325	0.01259	0.00741	0.00638
49	0.00922	0.00698	0.00850	0.00812	0.00994	0.00626	0.00609	0.01202	0.01827	0.02484	0.52678	0.05537	0.25267	0.01495	0.00807	0.00220	0.00330	0.01297	0.00719	0.00626
50	0.00820	0.00694	0.00709	0.00705	0.00931	0.00582	0.00529	0.01004	0.01586	0.01912	0.11503	0.06479	0.66799	0.01709	0.00808	0.00230	0.00345	0.01429	0.00644	0.00582
51	0.01497	0.01497	0.02095	0.01796	0.01796	0.02095	0.01497	0.01646	0.01048	0.01646	0.00898	0.01497	0.00898	0.01197	0.02245	0.00299	0.74704	0.00599	0.00299	0.00748
52	0.01349	0.01275	0.02156	0.64266	0.14309	0.01535	0.01929	0.01798	0.01395	0.01818	0.01226	0.01805	0.00937	0.00673	0.00683	0.00224	0.00898	0.00608	0.00309	0.00806
53	0.00834	0.00595	0.00794	0.00953	0.00992	0.00556	0.00635	0.00953	0.01310	0.01746	0.03771	0.75510	0.04525	0.02143	0.00873	0.00278	0.00397	0.01945	0.00635	0.00556
54	0.01786	0.01511	0.01594	0.01409	0.01811	0.01741	0.01103	0.09775	0.64177	0.02997	0.02678	0.02468	0.02002	0.00918	0.00695	0.00230	0.00561	0.00759	0.00695	0.01090
55	0.01766	0.01231	0.01536	0.01251	0.05975	0.00975	0.00929	0.02069	0.01535	0.16242	0.01518	0.01618	0.01154	0.00581	0.00554	0.00130	0.00541	0.00475	0.00490	0.59431
56	0.01708	0.02736	0.42294	0.02077	0.02921	0.01603	0.19006	0.07490	0.01679	0.09774	0.01455	0.01654	0.01020	0.00666	0.00696	0.00219	0.00981	0.00609	0.00393	0.01017
57	0.01381	0.03477	0.69915	0.01984	0.02983	0.01594	0.04962	0.02168	0.01451	0.02168	0.01233	0.01459	0.00873	0.00647	0.00656	0.00217	0.01016	0.00517	0.00291	0.01008
58	0.01452	0.01379	0.02340	0.46415	0.31361	0.01562	0.01979	0.01888	0.01444	0.01942	0.01244	0.01772	0.00980	0.00654	0.00681	0.00218	0.00873	0.00609	0.00318	0.00889
59	0.01367	0.01283	0.02161	0.51701	0.21752	0.01488	0.01873	0.01790	0.01413	0.01873	0.01392	0.06343	0.01179	0.00755	0.00694	0.00225	0.00855	0.00691	0.00333	0.00831
60	0.01510	0.01960	0.18111	0.08151	0.39486	0.04170	0.01951	0.01964	0.01518	0.02106	0.01805	0.06622	0.06068	0.00802	0.00691	0.00214	0.00822	0.00721	0.00365	0.00965
61	0.00888	0.00729	0.00787	0.00792	0.00998	0.00653	0.00586	0.01182	0.05832	0.02013	0.14534	0.15151	0.50045	0.01694	0.00810	0.00235	0.00362	0.01441	0.00654	0.00615
62	0.00919	0.00666	0.00885	0.01019	0.01116	0.00631	0.00766	0.01112	0.01442	0.01897	0.07579	0.46177	0.09619	0.01996	0.00886	0.00282	0.00459	0.21325	0.00640	0.00584
63	0.01494	0.02709	0.39353	0.02481	0.07430	0.01651	0.30579	0.02173	0.01523	0.02181	0.01297	0.01629	0.00952	0.00617	0.00718	0.00222	0.01059	0.00639	0.00316	0.00978
64	0.02107	0.02478	0.11979	0.04008	0.08143	0.26406	0.01550	0.16201	0.11176	0.02488	0.01445	0.01596	0.01117	0.00773	0.00756	0.00207	0.05602	0.00559	0.00451	0.00959
65	0.02193	0.01642	0.01779	0.01460	0.01924	0.01835	0.01176	0.35404	0.31407	0.07625	0.02193	0.02103	0.01604	0.01018	0.03211	0.00248	0.00691	0.00691	0.00688	0.01110
66	0.02322	0.01695	0.01822	0.01456	0.01939	0.01878	0.01183	0.46430	0.19170	0.06861	0.02000	0.01948	0.01446	0.00847	0.00674	0.00209	0.00667	0.00658	0.05683	0.01111
67	0.08137	0.01253	0.01400	0.01190	0.01562	0.01315	0.00941	0.21039	0.10548	0.17570	0.02408	0.15081	0.02031	0.01057	0.00673	0.00217	0.00553	0.00870	0.11210	0.00943
68	0.80789	0.01323	0.01006	0.00900	0.01323	0.01535	0.00741	0.02011	0.01164	0.03070	0.00953	0.01111	0.00741	0.00635	0.00423	0.00212	0.00529	0.00370	0.00423	0.00741
69	0.00885	0.00688	0.00804	0.00791	0.00975	0.00607	0.00587	0.01123	0.01716	0.02257	0.36658	0.11222	0.36014	0.01609	0.00813	0.00227	0.00339	0.01386	0.00690	0.00607
70	0.00968	0.00699	0.00914	0.00861	0.01022	0.00646	0.00646	0.01291	0.01937	0.02743	0.71328	0.05110	0.06455	0.01399	0.00807	0.00215	0.00323	0.01237	0.00753	0.00646
71	0.00968	0.00699	0.00914	0.00861	0.01022	0.00646	0.00646	0.01291	0.01937	0.02743	0.71328	0.05110	0.06455	0.01399	0.00807	0.00215	0.00323	0.01237	0.00753	0.00646
