[name]
unknown

[dist]
# distance from previous block
# <min> <max>
0	65

[block]
# block no. 0 follows, 34 sequences, length 16
# corresponding to MSA columns:
# 67-82
name=unknown_A
#
# <colnr> <probs for GDERKNQSTAVLIFYWHMCP>
#	G	D	E	R	K	N	Q	S	T	A	V	L	I	F	Y	W	H	M	C	P
0	0.08692	0.03634	0.09390	0.11445	0.09917	0.07203	0.18239	0.06810	0.04464	0.04349	0.01619	0.03720	0.03760	0.00738	0.00656	0.00208	0.00829	0.03080	0.00397	0.00849
1	0.12083	0.01581	0.04576	0.11143	0.03956	0.08940	0.05523	0.14334	0.08709	0.04079	0.06577	0.01817	0.01415	0.00819	0.00765	0.04065	0.03777	0.00588	0.00457	0.04797
2	0.25385	0.01151	0.01345	0.22083	0.02179	0.01337	0.01054	0.07297	0.11145	0.02264	0.01377	0.01827	0.01133	0.06765	0.01012	0.10338	0.00637	0.00556	0.00408	0.00705
3	0.01092	0.00673	0.03455	0.00887	0.00931	0.00615	0.00637	0.00915	0.00894	0.01209	0.01304	0.04834	0.01326	0.06245	0.07707	0.65341	0.00657	0.00634	0.00302	0.00341
4	0.06890	0.01243	0.01576	0.15953	0.07831	0.03899	0.03040	0.10083	0.09938	0.06599	0.04454	0.02265	0.01546	0.12308	0.04602	0.02210	0.00732	0.00659	0.00457	0.03716
5	0.04832	0.05897	0.05599	0.11550	0.02119	0.03851	0.03073	0.20318	0.09105	0.02529	0.01744	0.06158	0.01529	0.04215	0.00753	0.00218	0.00685	0.06418	0.00484	0.08923
6	0.01093	0.00568	0.00847	0.00855	0.00863	0.00572	0.00576	0.00861	0.00875	0.01172	0.01295	0.06335	0.01330	0.02366	0.06157	0.72369	0.00611	0.00642	0.00302	0.00310
7	0.01085	0.00652	0.00847	0.00837	0.00903	0.00643	0.00575	0.04244	0.01100	0.01432	0.02318	0.06241	0.12784	0.13764	0.02150	0.45811	0.00535	0.03290	0.00390	0.00400
8	0.13623	0.01538	0.01472	0.07474	0.01814	0.14095	0.01031	0.15451	0.03512	0.07663	0.01668	0.06150	0.03350	0.03935	0.06463	0.00275	0.03358	0.00630	0.00471	0.06027
9	0.18373	0.01472	0.01663	0.15039	0.05605	0.03305	0.01203	0.29602	0.04570	0.05584	0.01411	0.01638	0.01067	0.02837	0.03712	0.00245	0.00735	0.00550	0.00494	0.00893
10	0.08724	0.01667	0.01774	0.15213	0.13719	0.16328	0.01303	0.05577	0.08845	0.07313	0.01381	0.01573	0.01061	0.00652	0.00588	0.00181	0.00756	0.00517	0.00418	0.12410
11	0.11368	0.03713	0.05120	0.04317	0.04552	0.17119	0.01050	0.04576	0.04688	0.09565	0.08249	0.02224	0.08592	0.00805	0.00595	0.00180	0.00674	0.00623	0.00475	0.11515
12	0.06402	0.06922	0.12922	0.01413	0.04610	0.13457	0.01223	0.07055	0.08207	0.06194	0.04509	0.04706	0.07139	0.00827	0.00659	0.00188	0.03469	0.00636	0.00451	0.09010
13	0.14398	0.08785	0.04535	0.01494	0.05272	0.09193	0.09985	0.08743	0.03577	0.10003	0.05736	0.04599	0.03607	0.00758	0.00598	0.00188	0.00697	0.00625	0.00467	0.06740
14	0.04743	0.06243	0.08449	0.06688	0.04611	0.05091	0.06466	0.04567	0.09212	0.07902	0.01996	0.07639	0.06348	0.00916	0.00820	0.00211	0.09689	0.02473	0.00450	0.05485
15	0.06770	0.04377	0.10800	0.04086	0.03898	0.08816	0.05746	0.06823	0.06780	0.02217	0.08365	0.04567	0.11553	0.00907	0.00641	0.00194	0.00666	0.03052	0.00462	0.09279

[dist]
# distance from previous block
# <min> <max>
4	95

[block]
# block no. 1 follows, 34 sequences, length 34
# corresponding to MSA columns:
# 178-211
name=unknown_B
#
# <colnr> <probs for GDERKNQSTAVLIFYWHMCP>
#	G	D	E	R	K	N	Q	S	T	A	V	L	I	F	Y	W	H	M	C	P
0	0.01568	0.04160	0.11305	0.20521	0.04400	0.03000	0.08493	0.05214	0.02940	0.09484	0.01438	0.05167	0.01153	0.00746	0.00776	0.00202	0.08042	0.00617	0.00395	0.10379
1	0.01709	0.02052	0.15430	0.06615	0.03647	0.16851	0.14219	0.04515	0.05343	0.07497	0.03741	0.02047	0.03070	0.04334	0.00779	0.00217	0.00871	0.02270	0.00410	0.04384
2	0.01480	0.17208	0.27908	0.01401	0.02014	0.07854	0.03172	0.01899	0.01426	0.04208	0.04267	0.02052	0.04518	0.03185	0.00671	0.00193	0.00766	0.03919	0.00363	0.11497
3	0.03510	0.11450	0.05579	0.03604	0.01590	0.03049	0.00954	0.08632	0.03013	0.09530	0.06240	0.08777	0.03988	0.06729	0.00803	0.00211	0.00580	0.02354	0.02585	0.16822
4	0.00911	0.00676	0.00837	0.00839	0.00975	0.00627	0.00602	0.01158	0.03546	0.02057	0.31871	0.23364	0.12022	0.10510	0.01067	0.00269	0.00387	0.03549	0.00613	0.04120
5	0.01512	0.09930	0.09178	0.01390	0.03985	0.17379	0.04401	0.05226	0.06394	0.01993	0.08668	0.09250	0.13738	0.01033	0.00663	0.00200	0.00708	0.03128	0.00466	0.00759
6	0.00963	0.00852	0.00851	0.00847	0.01042	0.06266	0.00639	0.01164	0.01540	0.01919	0.18902	0.14419	0.37485	0.01523	0.00759	0.00219	0.00419	0.06589	0.00595	0.03007
7	0.04085	0.36219	0.09703	0.01248	0.01741	0.14935	0.01173	0.03573	0.05618	0.04593	0.04728	0.01793	0.06692	0.00731	0.00535	0.00169	0.00737	0.00525	0.00384	0.00820
8	0.04194	0.29615	0.08712	0.01572	0.06785	0.15336	0.04531	0.07810	0.01644	0.12265	0.01270	0.01369	0.00978	0.00635	0.00546	0.00172	0.00801	0.00468	0.00400	0.00898
9	0.10729	0.07629	0.01618	0.01316	0.03378	0.20636	0.00999	0.15397	0.05084	0.04683	0.01640	0.11392	0.01522	0.06726	0.00803	0.00222	0.00731	0.00685	0.00469	0.04340
10	0.01700	0.01370	0.05460	0.01437	0.07121	0.01355	0.01094	0.05446	0.38841	0.13431	0.05897	0.02733	0.09407	0.00923	0.00668	0.00212	0.00541	0.00773	0.00628	0.00965
11	0.01515	0.09255	0.12543	0.31739	0.03071	0.01716	0.03946	0.11850	0.05869	0.02112	0.01246	0.01586	0.00957	0.00715	0.00786	0.00211	0.09133	0.00553	0.00359	0.00841
12	0.00961	0.00748	0.01111	0.01089	0.01195	0.00897	0.00854	0.01185	0.01035	0.01504	0.01663	0.02452	0.01557	0.04561	0.69165	0.00980	0.07433	0.00683	0.00341	0.00587
13	0.05839	0.01572	0.01887	0.01499	0.01890	0.01776	0.05436	0.43433	0.02307	0.05426	0.01584	0.07336	0.01305	0.01003	0.02663	0.00235	0.12629	0.00680	0.00552	0.00948
14	0.01551	0.14683	0.03403	0.05940	0.09686	0.01784	0.44612	0.02044	0.03661	0.01962	0.01247	0.01617	0.00980	0.00584	0.00728	0.00204	0.03463	0.00657	0.00324	0.00871
15	0.00787	0.00562	0.00750	0.00900	0.00937	0.00525	0.00600	0.00900	0.01237	0.01649	0.03561	0.76871	0.04274	0.02024	0.00825	0.00262	0.00375	0.01837	0.00600	0.00525
16	0.02118	0.08420	0.01973	0.01553	0.01956	0.35462	0.04463	0.13471	0.19797	0.02275	0.01506	0.01559	0.01170	0.00722	0.00607	0.00184	0.00886	0.00533	0.00460	0.00886
17	0.05584	0.07249	0.18454	0.01496	0.06666	0.03613	0.01344	0.12085	0.06568	0.15312	0.06172	0.04544	0.06461	0.00839	0.00630	0.00199	0.00670	0.00675	0.00518	0.00922
18	0.03709	0.01914	0.20931	0.02499	0.29820	0.01428	0.06102	0.04720	0.05848	0.05250	0.04151	0.01875	0.03783	0.00680	0.00637	0.00196	0.00756	0.00609	0.00391	0.04701
19	0.01525	0.01743	0.03813	0.02723	0.03377	0.01634	0.70915	0.02070	0.01525	0.02070	0.01307	0.01743	0.00980	0.00545	0.00763	0.00218	0.01089	0.00763	0.00327	0.00871
20	0.00884	0.00711	0.00822	0.00908	0.05342	0.00619	0.00614	0.01068	0.01483	0.03696	0.10543	0.13172	0.54707	0.01568	0.00759	0.00220	0.00363	0.01333	0.00596	0.00592
21	0.01628	0.16207	0.13062	0.07546	0.13963	0.06642	0.19500	0.06044	0.01516	0.01996	0.01152	0.01464	0.00917	0.00622	0.00705	0.00195	0.05077	0.00556	0.00322	0.00885
22	0.01011	0.00784	0.01011	0.09164	0.01403	0.00834	0.00769	0.04588	0.04569	0.01722	0.02957	0.18514	0.14420	0.17157	0.17686	0.00488	0.00794	0.01073	0.00473	0.00586
23	0.00795	0.00575	0.00752	0.00878	0.00935	0.00532	0.00594	0.00924	0.01294	0.01723	0.08734	0.67358	0.08616	0.01950	0.00816	0.00255	0.00367	0.01760	0.00608	0.00532
24	0.04442	0.02792	0.53732	0.07823	0.14603	0.01499	0.02210	0.02000	0.01366	0.02060	0.01158	0.01419	0.00851	0.00609	0.00612	0.00203	0.00899	0.00496	0.00287	0.00938
25	0.01669	0.04588	0.12044	0.06187	0.02243	0.22295	0.12561	0.02193	0.09673	0.04187	0.06453	0.09650	0.01727	0.00849	0.00663	0.00202	0.00854	0.00731	0.00424	0.00808
26	0.01369	0.13956	0.60490	0.01777	0.02660	0.01659	0.05436	0.02031	0.01364	0.01972	0.01129	0.01335	0.00828	0.00602	0.00592	0.00196	0.00923	0.00472	0.00276	0.00933
27	0.02532	0.01173	0.01482	0.01157	0.01616	0.01098	0.00948	0.15724	0.02050	0.50670	0.08000	0.02524	0.06225	0.00886	0.00665	0.00200	0.00548	0.00720	0.00752	0.01028
28	0.01160	0.01228	0.06733	0.07252	0.14780	0.01078	0.15577	0.01493	0.01400	0.01891	0.04524	0.25739	0.09741	0.01198	0.00746	0.00228	0.00667	0.03378	0.00452	0.00735
29	0.01538	0.11307	0.17838	0.02166	0.05142	0.03500	0.35078	0.03834	0.06928	0.02100	0.03410	0.01696	0.01154	0.00618	0.00670	0.00202	0.00928	0.00643	0.00354	0.00895
30	0.13683	0.01358	0.01608	0.01601	0.11890	0.06865	0.04358	0.09555	0.05083	0.16677	0.09059	0.02515	0.04288	0.00859	0.00636	0.00203	0.00624	0.04998	0.03270	0.00871
31	0.00804	0.00652	0.00713	0.00706	0.00899	0.00561	0.00526	0.01001	0.01554	0.01959	0.23515	0.08973	0.52734	0.01572	0.00766	0.00216	0.00324	0.01334	0.00629	0.00561
32	0.01768	0.01324	0.01510	0.07410	0.06273	0.09165	0.01097	0.11434	0.06080	0.15211	0.08864	0.14605	0.02337	0.01088	0.00766	0.00218	0.04191	0.05260	0.00569	0.00830
33	0.01687	0.01596	0.02481	0.24236	0.22999	0.08913	0.16324	0.04277	0.01547	0.07742	0.01311	0.01669	0.00996	0.00623	0.00663	0.00202	0.00884	0.00605	0.00362	0.00882

[dist]
# distance from previous block
# <min> <max>
0	3

[block]
# block no. 2 follows, 34 sequences, length 15
# corresponding to MSA columns:
# 215-229
name=unknown_C
#
# <colnr> <probs for GDERKNQSTAVLIFYWHMCP>
#	G	D	E	R	K	N	Q	S	T	A	V	L	I	F	Y	W	H	M	C	P
0	0.21492	0.01368	0.01788	0.22726	0.21995	0.05582	0.01427	0.01831	0.01301	0.02112	0.01139	0.01523	0.00921	0.00755	0.02457	0.00223	0.05701	0.00513	0.04355	0.00789
1	0.04279	0.01624	0.01612	0.01356	0.01685	0.13215	0.01086	0.23025	0.08668	0.09496	0.06156	0.01919	0.01524	0.01096	0.05361	0.00255	0.11078	0.00613	0.05072	0.00879
2	0.06451	0.26771	0.04869	0.01713	0.10892	0.22328	0.01306	0.08098	0.03490	0.01962	0.01075	0.01262	0.00902	0.00658	0.00634	0.00175	0.05773	0.00444	0.00347	0.00849
3	0.02081	0.01624	0.01728	0.01411	0.01861	0.01829	0.01137	0.41235	0.33521	0.03468	0.02027	0.01931	0.01484	0.00820	0.00651	0.00205	0.00623	0.00647	0.00651	0.01065
4	0.01131	0.00587	0.00874	0.03870	0.00984	0.00599	0.00606	0.00909	0.00887	0.01211	0.01175	0.01978	0.01140	0.02102	0.02341	0.73683	0.00560	0.00564	0.04487	0.00315
5	0.01176	0.00608	0.00628	0.00623	0.00774	0.00603	0.00467	0.01478	0.01401	0.02427	0.09037	0.02645	0.02091	0.00808	0.00482	0.00156	0.00301	0.00658	0.73034	0.00603
6	0.01122	0.00561	0.00842	0.00842	0.00842	0.00561	0.00561	0.00842	0.00842	0.01122	0.01122	0.01964	0.01122	0.02245	0.02525	0.81201	0.00561	0.00561	0.00281	0.00281
7	0.00985	0.00742	0.00984	0.00949	0.01001	0.00846	0.00677	0.01106	0.01033	0.01456	0.05789	0.03304	0.02114	0.36940	0.30141	0.00720	0.09506	0.00817	0.00380	0.00510
8	0.01516	0.02727	0.43987	0.05503	0.08691	0.08962	0.04355	0.04679	0.09427	0.02132	0.01332	0.01518	0.00985	0.00650	0.00626	0.00202	0.00902	0.00526	0.00342	0.00938
9	0.01944	0.27737	0.20893	0.01478	0.02091	0.14243	0.04869	0.02308	0.01526	0.15268	0.01313	0.01396	0.00979	0.00634	0.00556	0.00176	0.00833	0.00469	0.00386	0.00901
10	0.00970	0.00745	0.00933	0.00966	0.01110	0.00757	0.00713	0.01375	0.10996	0.01893	0.10169	0.32509	0.09286	0.04212	0.12847	0.00380	0.00628	0.06007	0.00565	0.02938
11	0.01595	0.04017	0.01500	0.01338	0.04127	0.07524	0.01005	0.12906	0.26852	0.02457	0.02314	0.17133	0.02127	0.01061	0.00670	0.00209	0.00586	0.04213	0.00565	0.07800
12	0.03564	0.09702	0.11931	0.05931	0.04805	0.19297	0.01291	0.02041	0.03062	0.05542	0.01444	0.03288	0.03594	0.00721	0.00672	0.00177	0.05872	0.00527	0.02676	0.13862
13	0.01247	0.12311	0.01361	0.00990	0.01238	0.04937	0.00784	0.04917	0.06763	0.03595	0.09631	0.16458	0.21908	0.04957	0.00870	0.00233	0.03177	0.03410	0.00538	0.00676
14	0.01922	0.06644	0.01928	0.01838	0.15570	0.12365	0.02834	0.19887	0.03835	0.08481	0.02080	0.04141	0.08179	0.00862	0.00647	0.00194	0.00720	0.04150	0.00502	0.03223

[dist]
# distance from previous block
# <min> <max>
2	12

[block]
# block no. 3 follows, 34 sequences, length 27
# corresponding to MSA columns:
# 242-268
name=unknown_D
#
# <colnr> <probs for GDERKNQSTAVLIFYWHMCP>
#	G	D	E	R	K	N	Q	S	T	A	V	L	I	F	Y	W	H	M	C	P
0	0.09673	0.17794	0.14979	0.01693	0.08669	0.07626	0.09865	0.01916	0.03249	0.01964	0.01429	0.10862	0.01323	0.00769	0.00588	0.00189	0.00756	0.00648	0.00360	0.05647
1	0.01614	0.01490	0.01773	0.23866	0.04863	0.12114	0.05343	0.06022	0.13977	0.06429	0.05386	0.02392	0.07096	0.00843	0.00699	0.00209	0.02443	0.02160	0.00465	0.00817
2	0.04305	0.09487	0.16909	0.01480	0.06050	0.02871	0.01334	0.18744	0.03339	0.04919	0.01296	0.01438	0.00992	0.00667	0.00615	0.02361	0.00691	0.00479	0.00427	0.21596
3	0.81856	0.01250	0.00950	0.00850	0.01250	0.01449	0.00700	0.01899	0.01100	0.02899	0.00900	0.01050	0.00700	0.00600	0.00400	0.00200	0.00500	0.00350	0.00400	0.00700
4	0.01012	0.01291	0.16490	0.01076	0.01417	0.00866	0.02829	0.01436	0.05582	0.02106	0.26447	0.09543	0.18405	0.07521	0.00938	0.00247	0.00513	0.01058	0.00546	0.00676
5	0.00971	0.00656	0.00815	0.00838	0.00990	0.00589	0.00612	0.01162	0.01503	0.07032	0.21925	0.31963	0.23079	0.01646	0.00782	0.00232	0.00364	0.03602	0.00642	0.00595
6	0.02469	0.01889	0.01914	0.01489	0.01990	0.07972	0.01220	0.62998	0.02895	0.06374	0.01542	0.01543	0.01095	0.00767	0.00641	0.00192	0.00743	0.00571	0.00626	0.01070
7	0.01080	0.00701	0.00918	0.00856	0.01040	0.00643	0.00658	0.01374	0.01796	0.08393	0.60247	0.04812	0.08379	0.01318	0.00761	0.00209	0.00343	0.05118	0.00707	0.00647
8	0.01611	0.00946	0.01353	0.01152	0.01397	0.00951	0.06063	0.05092	0.01389	0.21352	0.02071	0.03071	0.01849	0.24047	0.17607	0.00516	0.03546	0.04761	0.00509	0.00719
9	0.35528	0.11329	0.01598	0.01206	0.01588	0.30472	0.00966	0.02200	0.03348	0.02186	0.01030	0.01180	0.00838	0.00633	0.00483	0.00178	0.00779	0.00395	0.03324	0.00740
10	0.01607	0.01388	0.01461	0.01315	0.01680	0.01607	0.01023	0.03433	0.72094	0.02703	0.02630	0.02411	0.01972	0.00877	0.00657	0.00219	0.00511	0.00731	0.00657	0.01023
11	0.66157	0.01334	0.01121	0.00955	0.01380	0.01514	0.00786	0.12822	0.01415	0.03053	0.01012	0.01140	0.00773	0.00623	0.00442	0.00195	0.00532	0.00388	0.00438	0.03920
12	0.02397	0.01753	0.01876	0.01445	0.01945	0.01937	0.01191	0.67811	0.02958	0.03993	0.01578	0.01592	0.01125	0.00775	0.00637	0.00192	0.00692	0.00583	0.04446	0.01075
13	0.18318	0.01469	0.09644	0.01373	0.01861	0.01270	0.09885	0.10087	0.01706	0.21448	0.08677	0.02415	0.01804	0.00835	0.00639	0.00210	0.00651	0.06266	0.00557	0.00884
14	0.01489	0.01439	0.01993	0.20114	0.26982	0.07616	0.01563	0.04346	0.04413	0.02002	0.06136	0.02246	0.03869	0.00822	0.00819	0.00213	0.08747	0.03975	0.00383	0.00832
15	0.01141	0.00606	0.00655	0.00660	0.00797	0.00605	0.00489	0.01376	0.01297	0.02186	0.02314	0.05104	0.05894	0.01207	0.04940	0.06906	0.00409	0.00690	0.62156	0.00568
16	0.01343	0.01206	0.01627	0.01169	0.01741	0.00948	0.09601	0.01658	0.01368	0.02088	0.01359	0.01563	0.03502	0.00528	0.00524	0.00115	0.00550	0.00465	0.00383	0.68262
17	0.00800	0.00584	0.00737	0.00847	0.00912	0.00539	0.00569	0.00919	0.01271	0.01670	0.06587	0.58580	0.13921	0.07613	0.00999	0.00281	0.00384	0.01676	0.00588	0.00521
18	0.01287	0.01099	0.01279	0.00938	0.01472	0.00831	0.00744	0.01560	0.01344	0.02068	0.01547	0.04346	0.05233	0.00601	0.00507	0.00109	0.00466	0.00492	0.00403	0.73674
19	0.00827	0.00588	0.00781	0.00901	0.00945	0.00569	0.00611	0.00944	0.01196	0.01603	0.03226	0.59360	0.03806	0.11017	0.07221	0.00370	0.00525	0.04438	0.00554	0.00517
20	0.01586	0.11672	0.11685	0.07105	0.12008	0.08501	0.05468	0.08455	0.01627	0.02177	0.08916	0.01771	0.01483	0.00673	0.00596	0.00173	0.00742	0.00560	0.00391	0.14413
21	0.01676	0.01612	0.05664	0.02646	0.33580	0.05731	0.07307	0.04562	0.05638	0.06779	0.01410	0.01776	0.01151	0.03901	0.00943	0.00224	0.10537	0.00606	0.03341	0.00917
22	0.00999	0.00733	0.01021	0.01000	0.01113	0.00832	0.00753	0.04428	0.01115	0.01577	0.01777	0.02796	0.01723	0.17711	0.58347	0.00924	0.01483	0.00732	0.00369	0.00568
23	0.01340	0.01148	0.01340	0.00957	0.01531	0.00861	0.00766	0.01627	0.01340	0.02105	0.01148	0.01340	0.00957	0.00479	0.00479	0.00096	0.00479	0.00383	0.00383	0.81242
24	0.12881	0.00748	0.00827	0.00848	0.01033	0.00726	0.00642	0.01233	0.01383	0.04760	0.10917	0.21825	0.23532	0.05979	0.00885	0.00258	0.00422	0.09933	0.00577	0.00589
25	0.08267	0.16198	0.18819	0.01288	0.01856	0.01587	0.01285	0.14863	0.04246	0.05020	0.01660	0.07417	0.04013	0.00781	0.00574	0.00182	0.00666	0.00606	0.00438	0.10234
26	0.05179	0.10088	0.07348	0.07019	0.01809	0.01370	0.01084	0.07155	0.17324	0.02312	0.08744	0.06763	0.04618	0.00910	0.00624	0.00194	0.00575	0.04419	0.00499	0.11966

[dist]
# distance from previous block
# <min> <max>
0	5

[block]
# block no. 4 follows, 34 sequences, length 16
# corresponding to MSA columns:
# 274-289
name=unknown_E
#
# <colnr> <probs for GDERKNQSTAVLIFYWHMCP>
#	G	D	E	R	K	N	Q	S	T	A	V	L	I	F	Y	W	H	M	C	P
0	0.07274	0.03952	0.08575	0.07134	0.04250	0.11164	0.11219	0.07422	0.01519	0.09561	0.01328	0.01676	0.01054	0.04135	0.02911	0.00250	0.13426	0.00576	0.01748	0.00824
1	0.01772	0.01385	0.01559	0.01404	0.07864	0.04658	0.01016	0.21862	0.06230	0.06925	0.03364	0.06163	0.04584	0.00793	0.00604	0.00169	0.00585	0.00647	0.03950	0.24465
2	0.38227	0.01554	0.07758	0.04167	0.01870	0.01514	0.07212	0.17041	0.01659	0.07768	0.01483	0.01591	0.04226	0.00698	0.00548	0.00202	0.00647	0.00524	0.00469	0.00845
3	0.01349	0.01299	0.05273	0.01376	0.04970	0.06363	0.01079	0.06425	0.09547	0.01989	0.04464	0.02152	0.01557	0.02466	0.31002	0.00544	0.09554	0.00639	0.03044	0.04908
4	0.05681	0.03208	0.06517	0.08838	0.13154	0.10562	0.10763	0.03823	0.01456	0.01991	0.07522	0.01979	0.04741	0.00824	0.00946	0.00215	0.15970	0.00645	0.00369	0.00796
5	0.00865	0.00649	0.00770	0.00751	0.00898	0.00588	0.00541	0.01074	0.01564	0.02093	0.38949	0.08272	0.26423	0.12395	0.01129	0.00271	0.00361	0.01225	0.00626	0.00554
6	0.09662	0.01018	0.01141	0.01098	0.01240	0.07409	0.00849	0.01376	0.01120	0.01651	0.01620	0.02597	0.01573	0.12342	0.41741	0.00721	0.07932	0.03954	0.00363	0.00595
7	0.01037	0.00686	0.00834	0.00804	0.00996	0.00607	0.00600	0.01255	0.01609	0.09170	0.31219	0.16739	0.29044	0.01495	0.00762	0.00218	0.00348	0.01295	0.00663	0.00622
8	0.01703	0.02032	0.08897	0.11121	0.28794	0.18775	0.09665	0.02124	0.03604	0.01915	0.01187	0.01522	0.00956	0.00639	0.00708	0.00198	0.04394	0.00555	0.00324	0.00886
9	0.02227	0.19470	0.02209	0.01642	0.05047	0.55575	0.01249	0.02412	0.01701	0.01591	0.00986	0.01156	0.00840	0.00637	0.00548	0.00161	0.01043	0.00408	0.00320	0.00779
10	0.02456	0.01810	0.01939	0.01487	0.02004	0.02004	0.01228	0.71107	0.03038	0.04072	0.01551	0.01551	0.01099	0.00776	0.00646	0.00194	0.00711	0.00582	0.00646	0.01099
11	0.00867	0.00642	0.00810	0.00912	0.00996	0.00619	0.00635	0.01116	0.06103	0.01783	0.07784	0.56396	0.09087	0.04618	0.00899	0.00268	0.00396	0.04902	0.00603	0.00564
12	0.00792	0.00623	0.00720	0.00791	0.00931	0.00551	0.00573	0.00944	0.01378	0.01719	0.05116	0.35063	0.40256	0.01805	0.00797	0.00242	0.00365	0.06194	0.00600	0.00540
13	0.00808	0.00595	0.00760	0.00873	0.00953	0.00547	0.00610	0.00953	0.01330	0.01747	0.08788	0.56459	0.15270	0.01900	0.00815	0.00253	0.00376	0.05816	0.00607	0.00538
14	0.01340	0.01148	0.01340	0.00957	0.01531	0.00861	0.00766	0.01627	0.01340	0.02105	0.01148	0.01340	0.00957	0.00479	0.00479	0.00096	0.00479	0.00383	0.00383	0.81242
15	0.20806	0.04933	0.04846	0.01378	0.01850	0.13484	0.03430	0.27210	0.07766	0.06290	0.01394	0.01450	0.01031	0.00703	0.00573	0.00192	0.00733	0.00508	0.00505	0.00919

[dist]
# distance from previous block
# <min> <max>
0	1

[block]
# block no. 5 follows, 34 sequences, length 37
# corresponding to MSA columns:
# 291-327
name=unknown_F
#
# <colnr> <probs for GDERKNQSTAVLIFYWHMCP>
#	G	D	E	R	K	N	Q	S	T	A	V	L	I	F	Y	W	H	M	C	P
0	0.04986	0.01562	0.01655	0.06560	0.01931	0.06146	0.01113	0.40803	0.05554	0.07793	0.01829	0.10236	0.01539	0.04362	0.00774	0.00223	0.00681	0.00732	0.00586	0.00936
1	0.01340	0.01148	0.01340	0.00957	0.01531	0.00861	0.00766	0.01627	0.01340	0.02105	0.01148	0.01340	0.00957	0.00479	0.00479	0.00096	0.00479	0.00383	0.00383	0.81242
2	0.04321	0.06779	0.06899	0.01345	0.03371	0.07550	0.04202	0.11980	0.05215	0.02253	0.09334	0.24336	0.02571	0.01189	0.00748	0.00219	0.03579	0.02836	0.00512	0.00760
3	0.01525	0.13825	0.46030	0.01871	0.05077	0.07542	0.09364	0.02102	0.01428	0.03800	0.01162	0.01371	0.00866	0.00605	0.00600	0.00193	0.00931	0.00492	0.00299	0.00917
4	0.00934	0.00751	0.00988	0.00951	0.01123	0.00759	0.03411	0.01232	0.05906	0.01711	0.05352	0.09604	0.25863	0.10197	0.25293	0.00534	0.00872	0.03441	0.00491	0.00586
5	0.00896	0.00628	0.00810	0.00874	0.00921	0.00636	0.00595	0.01002	0.01106	0.01491	0.02615	0.28281	0.02982	0.32398	0.15048	0.00549	0.00738	0.07471	0.00471	0.00488
6	0.01400	0.01395	0.01976	0.06899	0.01890	0.01941	0.01440	0.01562	0.01011	0.01562	0.00869	0.01435	0.00849	0.01097	0.02017	0.00278	0.70823	0.00566	0.00283	0.00708
7	0.04438	0.04676	0.26997	0.03652	0.02053	0.03153	0.01454	0.02169	0.16763	0.02226	0.08627	0.01919	0.01619	0.00738	0.00657	0.00189	0.03501	0.00581	0.00426	0.14163
8	0.01182	0.01248	0.06178	0.18649	0.02653	0.01163	0.22402	0.01568	0.01396	0.01852	0.02276	0.18107	0.04772	0.01124	0.00762	0.00239	0.00772	0.12519	0.00426	0.00711
9	0.01535	0.01277	0.01441	0.01086	0.01619	0.01136	0.00870	0.11420	0.12769	0.02469	0.01438	0.01538	0.01137	0.00582	0.00530	0.00129	0.00516	0.00465	0.00462	0.57581
10	0.01078	0.00768	0.00993	0.01084	0.04229	0.00772	0.00731	0.06084	0.06565	0.01863	0.06007	0.39277	0.05866	0.03599	0.01165	0.15369	0.00467	0.02966	0.00535	0.00581
11	0.01320	0.01190	0.01805	0.19823	0.20297	0.01284	0.04407	0.01954	0.15795	0.02034	0.04706	0.14035	0.01940	0.03658	0.00775	0.00229	0.00659	0.00848	0.00445	0.02795
12	0.01874	0.01725	0.01598	0.01398	0.01783	0.13239	0.01092	0.14394	0.49652	0.02750	0.02195	0.02073	0.01649	0.00827	0.00644	0.00207	0.00648	0.00656	0.00604	0.00992
13	0.01532	0.01468	0.02523	0.12903	0.60210	0.01501	0.04026	0.01924	0.01451	0.02046	0.01278	0.01796	0.01086	0.00621	0.00652	0.00199	0.00784	0.02709	0.00324	0.00967
14	0.00938	0.00663	0.00780	0.00780	0.00949	0.00589	0.00570	0.01123	0.01501	0.05828	0.21264	0.18567	0.34349	0.06503	0.00935	0.00250	0.00368	0.02842	0.00624	0.00578
15	0.02458	0.01182	0.01490	0.01196	0.01629	0.01132	0.00978	0.18009	0.02035	0.45659	0.04148	0.06823	0.01916	0.02568	0.00735	0.00218	0.00575	0.05518	0.00729	0.01004
16	0.02029	0.01861	0.01767	0.01485	0.01868	0.22315	0.06001	0.14742	0.16018	0.10211	0.02136	0.02226	0.07368	0.00866	0.00726	0.00202	0.04427	0.02328	0.00531	0.00890
17	0.04514	0.01270	0.04452	0.01205	0.01671	0.01166	0.01013	0.06015	0.18174	0.45431	0.06262	0.02298	0.01853	0.00832	0.00649	0.00205	0.00550	0.00679	0.00723	0.01038
18	0.00935	0.00655	0.00785	0.00773	0.00908	0.00598	0.00545	0.01114	0.01479	0.04478	0.29888	0.14214	0.22054	0.17192	0.01289	0.00302	0.00395	0.01239	0.00605	0.00554
19	0.01542	0.01476	0.02519	0.14882	0.62796	0.01520	0.01954	0.01932	0.01444	0.02041	0.01205	0.01618	0.00999	0.00586	0.00641	0.00195	0.00782	0.00575	0.00315	0.00977
20	0.06374	0.08064	0.12037	0.04609	0.06172	0.38116	0.09050	0.04754	0.01660	0.01887	0.01079	0.01298	0.00860	0.00632	0.00592	0.00181	0.01008	0.00474	0.00332	0.00820
21	0.01010	0.00820	0.01205	0.01155	0.01250	0.01015	0.00915	0.01225	0.01030	0.01510	0.01575	0.02339	0.01480	0.04188	0.61880	0.00905	0.14895	0.00670	0.00335	0.00600
22	0.00938	0.00687	0.01015	0.01015	0.01132	0.00796	0.00788	0.01173	0.01056	0.01550	0.01751	0.02531	0.01618	0.04623	0.70680	0.00990	0.01653	0.00687	0.04739	0.00578
23	0.02232	0.02897	0.05943	0.01812	0.04061	0.60930	0.06231	0.02462	0.01744	0.01655	0.01030	0.01237	0.00848	0.00669	0.00654	0.00177	0.03862	0.00454	0.00327	0.00775
24	0.01011	0.00707	0.00837	0.00804	0.00873	0.00715	0.00512	0.03632	0.01064	0.01454	0.01971	0.05979	0.02177	0.57070	0.13623	0.00631	0.00778	0.00887	0.00400	0.04874
25	0.05948	0.04152	0.06047	0.03931	0.04990	0.04008	0.01019	0.06082	0.01486	0.06107	0.01346	0.01503	0.02586	0.00576	0.00524	0.00136	0.00586	0.00451	0.00409	0.48115
26	0.14385	0.02033	0.01661	0.10061	0.02088	0.29261	0.01186	0.14567	0.08944	0.02372	0.01289	0.01453	0.01002	0.00717	0.00645	0.00192	0.04147	0.00497	0.02678	0.00822
27	0.05203	0.08465	0.65474	0.01742	0.02642	0.01572	0.02216	0.02031	0.01348	0.02050	0.01129	0.01326	0.00814	0.00609	0.00590	0.00200	0.00914	0.00462	0.00279	0.00934
28	0.01747	0.01746	0.04270	0.12580	0.32232	0.09862	0.07051	0.12233	0.06003	0.02308	0.01321	0.01608	0.01038	0.00639	0.00641	0.00194	0.00825	0.00575	0.00386	0.02740
29	0.01414	0.01414	0.01979	0.01696	0.01696	0.01979	0.01414	0.01555	0.00990	0.01555	0.00848	0.01414	0.00848	0.01131	0.02120	0.00283	0.76110	0.00565	0.00283	0.00707
30	0.00891	0.00668	0.00841	0.00952	0.01035	0.00660	0.00660	0.01214	0.09685	0.01785	0.03510	0.64557	0.05446	0.01873	0.00805	0.00257	0.00396	0.03571	0.00607	0.00586
31	0.00923	0.00692	0.01038	0.01038	0.01154	0.00808	0.00808	0.01154	0.01038	0.01500	0.01731	0.02538	0.01615	0.04846	0.74732	0.01038	0.01731	0.00692	0.00346	0.00577
32	0.00880	0.00636	0.00820	0.00936	0.01011	0.00608	0.00654	0.04108	0.01346	0.01783	0.03592	0.65471	0.07109	0.01934	0.00819	0.00260	0.00403	0.06472	0.00602	0.00557
33	0.07710	0.01545	0.02201	0.18415	0.40936	0.07463	0.01702	0.04646	0.01515	0.06010	0.01245	0.01579	0.00984	0.00619	0.00619	0.00196	0.00786	0.00550	0.00359	0.00919
34	0.05190	0.05930	0.11816	0.16326	0.19565	0.03176	0.16135	0.07485	0.01524	0.02136	0.01192	0.01546	0.00928	0.00626	0.00696	0.00204	0.03727	0.00576	0.00335	0.00888
35	0.10691	0.03740	0.11932	0.03353	0.09107	0.12065	0.03246	0.08230	0.09014	0.06899	0.01581	0.01720	0.04018	0.00758	0.00752	0.00202	0.08383	0.00561	0.00427	0.03322
36	0.04121	0.01480	0.07695	0.08260	0.06011	0.01443	0.01211	0.12433	0.28488	0.05674	0.02047	0.07788	0.01673	0.03635	0.00741	0.00223	0.00618	0.00723	0.00540	0.05194

[dist]
# distance from previous block
# <min> <max>
6	31

[block]
# block no. 6 follows, 34 sequences, length 21
# corresponding to MSA columns:
# 361-381
name=unknown_G
#
# <colnr> <probs for GDERKNQSTAVLIFYWHMCP>
#	G	D	E	R	K	N	Q	S	T	A	V	L	I	F	Y	W	H	M	C	P
0	0.03747	0.08159	0.06783	0.14058	0.45303	0.01629	0.03829	0.05196	0.01490	0.02100	0.01185	0.01542	0.00964	0.00596	0.00617	0.00193	0.00786	0.00549	0.00326	0.00947
1	0.01589	0.01603	0.02235	0.20067	0.41795	0.11025	0.01743	0.02014	0.04555	0.01981	0.04304	0.01745	0.01219	0.00649	0.00640	0.00196	0.00810	0.00587	0.00345	0.00899
2	0.01188	0.00828	0.00994	0.00909	0.01130	0.00814	0.00703	0.01554	0.08022	0.10526	0.26408	0.07213	0.28955	0.01346	0.00842	0.00218	0.05906	0.01119	0.00641	0.00686
3	0.00823	0.00631	0.00757	0.00795	0.00936	0.00564	0.00579	0.01014	0.01497	0.01954	0.23612	0.28005	0.30512	0.01678	0.00787	0.00231	0.00346	0.04090	0.00630	0.00558
4	0.00816	0.00657	0.00728	0.00710	0.00905	0.00568	0.00532	0.01030	0.01597	0.02042	0.29785	0.05731	0.49575	0.01526	0.00763	0.00213	0.00319	0.01295	0.00639	0.00568
5	0.00778	0.00642	0.00684	0.00701	0.00889	0.00547	0.00515	0.00945	0.01467	0.01795	0.11101	0.15971	0.58400	0.01667	0.00772	0.00223	0.00332	0.01415	0.00608	0.00547
6	0.02414	0.01789	0.01915	0.01478	0.01988	0.01984	0.01218	0.67747	0.06467	0.04004	0.01605	0.01594	0.01142	0.00781	0.00647	0.00195	0.00701	0.00589	0.00647	0.01095
7	0.00984	0.00653	0.00804	0.00815	0.00949	0.00603	0.00588	0.01177	0.01469	0.05540	0.24565	0.22369	0.16063	0.10828	0.01068	0.00273	0.00391	0.04535	0.05751	0.00574
8	0.01073	0.00856	0.01094	0.01007	0.01166	0.00923	0.00784	0.01549	0.10608	0.02445	0.52056	0.04148	0.04794	0.01255	0.00934	0.00219	0.10453	0.03318	0.00643	0.00674
9	0.81856	0.01250	0.00950	0.00850	0.01250	0.01449	0.00700	0.01899	0.01100	0.02899	0.00900	0.01050	0.00700	0.00600	0.00400	0.00200	0.00500	0.00350	0.00400	0.00700
10	0.17089	0.08050	0.01503	0.01144	0.01441	0.06670	0.00913	0.15974	0.03928	0.04936	0.01326	0.01717	0.01124	0.04983	0.07860	0.14779	0.04880	0.00534	0.00425	0.00722
11	0.00801	0.00572	0.00765	0.00915	0.00958	0.00536	0.00623	0.00923	0.01250	0.01664	0.03554	0.73225	0.04244	0.02012	0.00828	0.00264	0.00386	0.05351	0.00600	0.00528
12	0.01340	0.01148	0.01340	0.00957	0.01531	0.00861	0.00766	0.01627	0.01340	0.02105	0.01148	0.01340	0.00957	0.00479	0.00479	0.00096	0.00479	0.00383	0.00383	0.81242
13	0.01477	0.31004	0.43019	0.01702	0.06878	0.01897	0.01883	0.02001	0.01352	0.01854	0.01065	0.01257	0.00836	0.00589	0.00541	0.00179	0.00844	0.00434	0.00277	0.00912
14	0.01595	0.01579	0.02459	0.13231	0.57115	0.06216	0.01891	0.01962	0.01454	0.01997	0.01180	0.01581	0.00984	0.00610	0.00688	0.00197	0.03427	0.00565	0.00315	0.00954
15	0.00923	0.00692	0.01038	0.01038	0.01154	0.00808	0.00808	0.01154	0.01038	0.01500	0.01731	0.02538	0.01615	0.04846	0.74732	0.01038	0.01731	0.00692	0.00346	0.00577
16	0.01407	0.03187	0.68947	0.01794	0.02717	0.01463	0.02288	0.02122	0.01398	0.06990	0.01255	0.01422	0.00872	0.00627	0.00616	0.00204	0.00927	0.00489	0.00309	0.00965
17	0.07088	0.01491	0.02537	0.11552	0.54539	0.01527	0.07960	0.01948	0.01431	0.02111	0.01194	0.01588	0.00979	0.00582	0.00635	0.00197	0.00788	0.00576	0.00322	0.00954
18	0.06846	0.00888	0.01181	0.10797	0.01632	0.00926	0.02258	0.05560	0.01433	0.10380	0.07233	0.18944	0.07286	0.08959	0.09521	0.00359	0.00684	0.03917	0.00524	0.00674
19	0.02058	0.01614	0.01655	0.01355	0.01773	0.06696	0.01086	0.37885	0.19693	0.06082	0.11254	0.02194	0.01975	0.00866	0.00660	0.00200	0.00633	0.00687	0.00642	0.00991
20	0.00859	0.00658	0.00796	0.00879	0.00989	0.00627	0.00613	0.01139	0.07423	0.01805	0.07397	0.51845	0.18954	0.01809	0.00794	0.00246	0.00373	0.01608	0.00610	0.00576

[dist]
# distance from previous block
# <min> <max>
0	2

[block]
# block no. 7 follows, 34 sequences, length 18
# corresponding to MSA columns:
# 384-401
name=unknown_H
#
# <colnr> <probs for GDERKNQSTAVLIFYWHMCP>
#	G	D	E	R	K	N	Q	S	T	A	V	L	I	F	Y	W	H	M	C	P
0	0.04393	0.01535	0.02954	0.02189	0.02720	0.01486	0.47450	0.08305	0.04372	0.04558	0.01715	0.12033	0.01491	0.00792	0.00740	0.00221	0.00896	0.00874	0.00424	0.00852
1	0.01209	0.00981	0.01390	0.31909	0.02513	0.01045	0.01118	0.03102	0.01330	0.01913	0.04115	0.04891	0.01474	0.06705	0.04493	0.00253	0.00680	0.00640	0.12285	0.17954
2	0.02164	0.01727	0.01789	0.01440	0.01894	0.05349	0.01166	0.45586	0.21614	0.03456	0.01786	0.01756	0.01312	0.00800	0.00684	0.00199	0.02844	0.00608	0.00617	0.03207
3	0.02799	0.01260	0.01599	0.01226	0.01729	0.01188	0.01013	0.18490	0.02118	0.57990	0.02324	0.02053	0.01486	0.00794	0.00649	0.00199	0.00586	0.00634	0.00765	0.01099
4	0.01251	0.01242	0.03149	0.19071	0.10646	0.04729	0.13470	0.01579	0.01298	0.01731	0.01650	0.12226	0.01577	0.04631	0.15954	0.00403	0.03510	0.00809	0.00359	0.00717
5	0.01159	0.01328	0.10621	0.01437	0.01712	0.04020	0.08965	0.01476	0.01158	0.01642	0.01469	0.02103	0.01315	0.03191	0.44885	0.00710	0.11154	0.00646	0.00326	0.00681
6	0.00796	0.00571	0.00742	0.00875	0.00919	0.00533	0.00581	0.00904	0.01229	0.01628	0.03610	0.68572	0.07580	0.06947	0.00983	0.00284	0.00389	0.01754	0.00586	0.00517
7	0.11656	0.01770	0.01670	0.01363	0.01809	0.11721	0.01098	0.36394	0.12990	0.08801	0.01654	0.01640	0.01200	0.00757	0.00606	0.00194	0.00696	0.00560	0.02439	0.00981
8	0.04495	0.05033	0.12689	0.11127	0.19239	0.01477	0.05418	0.08013	0.09496	0.02253	0.01709	0.02139	0.03726	0.02945	0.00709	0.00215	0.00729	0.03446	0.04262	0.00880
9	0.01560	0.01654	0.06156	0.11103	0.46623	0.04369	0.08825	0.02025	0.04406	0.02036	0.01250	0.01625	0.01017	0.00621	0.00711	0.00202	0.03951	0.00589	0.00328	0.00948
10	0.00829	0.00603	0.00780	0.00901	0.00976	0.00564	0.00640	0.00974	0.01305	0.01712	0.05933	0.54140	0.12117	0.04878	0.00922	0.00275	0.00407	0.10915	0.00594	0.00534
11	0.05665	0.01178	0.01448	0.01172	0.01591	0.01142	0.00943	0.18631	0.01989	0.41781	0.02426	0.15158	0.01916	0.01002	0.00670	0.00210	0.00555	0.00831	0.00712	0.00982
12	0.01719	0.01804	0.11014	0.02422	0.18915	0.04995	0.23991	0.10152	0.01688	0.07582	0.01518	0.05426	0.01214	0.00694	0.00677	0.00203	0.00852	0.00687	0.03519	0.00926
13	0.02180	0.01793	0.04685	0.01606	0.05157	0.10769	0.05914	0.31966	0.07998	0.12825	0.07052	0.01917	0.01561	0.00784	0.00655	0.00196	0.00736	0.00635	0.00583	0.00988
14	0.00791	0.00575	0.00747	0.00875	0.00933	0.00530	0.00591	0.00916	0.01284	0.01700	0.06941	0.67621	0.10194	0.01960	0.00817	0.00256	0.00368	0.01767	0.00605	0.00530
15	0.01435	0.03365	0.07895	0.05401	0.26743	0.01388	0.18835	0.03710	0.03429	0.03284	0.01897	0.11999	0.04949	0.00853	0.00698	0.00212	0.00775	0.01861	0.00397	0.00871
16	0.04614	0.12775	0.06705	0.10410	0.02135	0.13889	0.03521	0.08657	0.01490	0.01960	0.01130	0.01485	0.00952	0.02601	0.02649	0.00227	0.16272	0.00508	0.03186	0.04836
17	0.01274	0.04283	0.34005	0.04790	0.07263	0.01336	0.05230	0.04386	0.01372	0.01959	0.04293	0.07982	0.01533	0.07730	0.06422	0.00309	0.03970	0.00700	0.00354	0.00812

[dist]
# distance from previous block
# <min> <max>
0	11

[block]
# block no. 8 follows, 34 sequences, length 38
# corresponding to MSA columns:
# 413-450
name=unknown_I
#
# <colnr> <probs for GDERKNQSTAVLIFYWHMCP>
#	G	D	E	R	K	N	Q	S	T	A	V	L	I	F	Y	W	H	M	C	P
0	0.01697	0.06822	0.07862	0.04766	0.08883	0.07880	0.07303	0.09565	0.01652	0.09546	0.07597	0.07877	0.01782	0.00901	0.00811	0.00208	0.08511	0.02937	0.00461	0.02940
1	0.01426	0.05537	0.03947	0.01040	0.01554	0.04299	0.00871	0.01774	0.03963	0.04667	0.08074	0.01869	0.01556	0.00635	0.00534	0.00129	0.00528	0.02266	0.00432	0.54898
2	0.08931	0.04378	0.06758	0.08060	0.10589	0.04242	0.06366	0.23544	0.01900	0.06507	0.01389	0.01589	0.01043	0.00706	0.00689	0.00198	0.05028	0.00556	0.06614	0.00914
3	0.01888	0.01883	0.11980	0.11461	0.14871	0.07371	0.09298	0.17049	0.05637	0.09990	0.01481	0.01661	0.01083	0.00676	0.00650	0.00200	0.00823	0.00588	0.00450	0.00961
4	0.00890	0.00671	0.00760	0.00730	0.00933	0.00583	0.00550	0.01109	0.01617	0.04417	0.31076	0.05570	0.45803	0.01492	0.00759	0.00212	0.00326	0.01268	0.00648	0.00587
5	0.01416	0.03738	0.04635	0.01316	0.05994	0.04460	0.00978	0.16552	0.04657	0.02374	0.13529	0.21772	0.04264	0.07593	0.00973	0.00251	0.03171	0.01030	0.00547	0.00750
6	0.06029	0.01532	0.01570	0.01319	0.01734	0.04760	0.01052	0.24653	0.35277	0.08606	0.02104	0.02000	0.01541	0.00811	0.00629	0.00204	0.00596	0.00639	0.03937	0.01008
7	0.00829	0.00602	0.00716	0.00787	0.00852	0.00561	0.00512	0.00918	0.01196	0.01548	0.03727	0.39368	0.18350	0.25173	0.01572	0.00365	0.00442	0.01459	0.00536	0.00488
8	0.02475	0.01779	0.01920	0.01472	0.01989	0.01959	0.01216	0.68199	0.02987	0.07052	0.01594	0.01579	0.01120	0.00777	0.00647	0.00194	0.00704	0.00585	0.00653	0.01099
9	0.00869	0.00630	0.00711	0.00740	0.00815	0.00592	0.00479	0.00946	0.01163	0.01485	0.03644	0.16053	0.23346	0.40560	0.02075	0.00438	0.00499	0.03996	0.00493	0.00465
10	0.01369	0.02703	0.48112	0.01970	0.02720	0.01591	0.15422	0.02051	0.04516	0.02018	0.01215	0.01490	0.00905	0.00677	0.00834	0.00218	0.10422	0.00555	0.00302	0.00911
11	0.01642	0.00915	0.00990	0.00864	0.01132	0.00944	0.00680	0.12785	0.07196	0.11519	0.02116	0.02248	0.01586	0.00772	0.00523	0.00169	0.00413	0.00615	0.52118	0.00775
12	0.01374	0.07881	0.01520	0.00970	0.01542	0.01010	0.00796	0.01654	0.01337	0.02054	0.01126	0.01313	0.00946	0.00485	0.00473	0.00099	0.00497	0.00380	0.00373	0.74168
13	0.00785	0.00570	0.00741	0.00878	0.00932	0.00527	0.00590	0.00902	0.01258	0.01658	0.03824	0.70655	0.10319	0.01990	0.00819	0.00259	0.00371	0.01795	0.00600	0.00527
14	0.01734	0.57490	0.04889	0.01247	0.01710	0.05624	0.01191	0.01945	0.01303	0.03901	0.00955	0.01150	0.00857	0.00661	0.00712	0.00167	0.12952	0.00398	0.00297	0.00818
15	0.01662	0.01514	0.01943	0.08551	0.05108	0.07881	0.12689	0.18173	0.13671	0.02559	0.08220	0.08917	0.04380	0.00914	0.00692	0.00209	0.00717	0.00812	0.00521	0.00866
16	0.01562	0.01621	0.05911	0.03432	0.52672	0.01521	0.13715	0.04101	0.01524	0.02145	0.01479	0.01819	0.04243	0.00626	0.00665	0.00198	0.00810	0.00639	0.00342	0.00975
17	0.01651	0.23029	0.12549	0.01302	0.01902	0.01690	0.03623	0.14254	0.01637	0.02270	0.01150	0.01312	0.00925	0.00592	0.00565	0.00150	0.02757	0.00440	0.00380	0.27823
18	0.00967	0.00762	0.00981	0.01003	0.01145	0.00758	0.03101	0.01400	0.12933	0.01936	0.10352	0.45486	0.10056	0.03258	0.00837	0.00253	0.00421	0.03117	0.00606	0.00627
19	0.01531	0.13599	0.26077	0.01598	0.05402	0.08880	0.04005	0.05890	0.09231	0.02073	0.01865	0.03684	0.07159	0.00791	0.00615	0.00193	0.00779	0.02727	0.00394	0.03506
20	0.01420	0.16570	0.14861	0.01324	0.03714	0.01523	0.01223	0.02272	0.24211	0.02215	0.10747	0.02424	0.04318	0.00834	0.00611	0.00190	0.00602	0.02884	0.00484	0.07572
21	0.01430	0.00874	0.00971	0.00875	0.01107	0.03329	0.00674	0.03734	0.07553	0.11995	0.28859	0.03226	0.03306	0.00981	0.00622	0.00184	0.00394	0.00826	0.28334	0.00725
22	0.00917	0.00650	0.00809	0.00854	0.00920	0.00642	0.00571	0.03471	0.01253	0.01688	0.09301	0.35929	0.05959	0.25913	0.07743	0.00433	0.00571	0.01335	0.00525	0.00516
23	0.01582	0.11268	0.17333	0.02414	0.17811	0.05963	0.23502	0.04519	0.03045	0.02053	0.01393	0.01665	0.03234	0.00623	0.00647	0.00196	0.00899	0.00606	0.00336	0.00910
24	0.01424	0.03025	0.59619	0.01911	0.02793	0.01560	0.10094	0.08124	0.01530	0.02227	0.01211	0.01424	0.00862	0.00620	0.00634	0.00205	0.00949	0.00519	0.00312	0.00958
25	0.01373	0.00808	0.00870	0.00808	0.01016	0.00834	0.00618	0.09343	0.06608	0.04908	0.06622	0.09008	0.02121	0.00913	0.00547	0.00175	0.00376	0.00754	0.51600	0.00697
26	0.01087	0.00922	0.01069	0.01063	0.03677	0.02807	0.02029	0.01660	0.16460	0.02217	0.24913	0.10415	0.23603	0.01337	0.00742	0.00219	0.00426	0.04037	0.00624	0.00694
27	0.03296	0.06814	0.19254	0.01958	0.13281	0.04558	0.08081	0.12929	0.06710	0.05127	0.01600	0.04506	0.01338	0.03412	0.00737	0.00218	0.00786	0.04051	0.00429	0.00917
28	0.00797	0.00577	0.00753	0.00876	0.00935	0.00534	0.00593	0.00930	0.01305	0.01739	0.09860	0.65861	0.08978	0.01937	0.00815	0.00254	0.00366	0.01747	0.00610	0.00534
29	0.00799	0.00574	0.00740	0.00867	0.00913	0.00535	0.00574	0.00905	0.01226	0.01621	0.03618	0.65957	0.08504	0.08621	0.01038	0.00292	0.00394	0.01728	0.00581	0.00514
30	0.01811	0.04636	0.02058	0.06683	0.20790	0.17453	0.07434	0.08546	0.03912	0.04711	0.01434	0.01683	0.01125	0.00662	0.00599	0.00182	0.00785	0.00561	0.14073	0.00862
31	0.02172	0.02677	0.01867	0.01672	0.01925	0.57119	0.01288	0.02332	0.01628	0.01575	0.00962	0.01225	0.00836	0.00778	0.00954	0.00195	0.19282	0.00452	0.00321	0.00739
32	0.03945	0.00594	0.00848	0.00845	0.00864	0.00606	0.00570	0.00897	0.00864	0.01208	0.01183	0.02059	0.01185	0.05665	0.05729	0.71142	0.00614	0.00577	0.00293	0.00314
33	0.01603	0.01842	0.16813	0.16842	0.23821	0.05719	0.04200	0.04249	0.03819	0.08000	0.01486	0.03893	0.01196	0.00716	0.00652	0.00206	0.00814	0.02837	0.00383	0.00909
34	0.01560	0.13556	0.01975	0.04079	0.01722	0.07032	0.01193	0.06134	0.10776	0.01835	0.01293	0.01774	0.01168	0.07755	0.03896	0.00290	0.32248	0.00580	0.00370	0.00764
35	0.01097	0.00893	0.01150	0.09541	0.01543	0.00978	0.00883	0.07722	0.04367	0.01972	0.07041	0.31200	0.15547	0.01605	0.03545	0.00268	0.08225	0.01238	0.00536	0.00649
36	0.00913	0.00615	0.00713	0.00739	0.00746	0.00608	0.00428	0.00933	0.00992	0.01323	0.02306	0.17096	0.02690	0.63959	0.02852	0.00562	0.00582	0.01099	0.00428	0.00415
37	0.01560	0.01510	0.02427	0.04987	0.26682	0.06308	0.19623	0.04412	0.03750	0.03614	0.04612	0.02020	0.01391	0.05560	0.04615	0.00270	0.02522	0.00676	0.02600	0.00861

[dist]
# distance from previous block
# <min> <max>
0	1

[block]
# block no. 9 follows, 34 sequences, length 27
# corresponding to MSA columns:
# 452-478
name=unknown_J
#
# <colnr> <probs for GDERKNQSTAVLIFYWHMCP>
#	G	D	E	R	K	N	Q	S	T	A	V	L	I	F	Y	W	H	M	C	P
0	0.18022	0.32219	0.21144	0.01376	0.03674	0.08567	0.01395	0.03657	0.01375	0.02019	0.00999	0.01163	0.00811	0.00594	0.00490	0.00173	0.00766	0.00399	0.00316	0.00840
1	0.01798	0.00876	0.01132	0.00958	0.01270	0.00805	0.00761	0.04241	0.01731	0.31974	0.22241	0.03374	0.10362	0.01366	0.06879	0.00268	0.00541	0.00865	0.07740	0.00819
2	0.03321	0.48884	0.04723	0.01310	0.01829	0.02256	0.05324	0.10593	0.09415	0.02040	0.01201	0.01319	0.00997	0.00641	0.00564	0.00167	0.03708	0.00455	0.00370	0.00882
3	0.04253	0.01373	0.01569	0.09553	0.01966	0.06177	0.01087	0.21633	0.04977	0.24773	0.05854	0.08153	0.01782	0.01004	0.02669	0.00227	0.00672	0.00729	0.00619	0.00932
4	0.00778	0.00641	0.00684	0.00703	0.00889	0.00547	0.00516	0.00944	0.01463	0.01792	0.10911	0.16869	0.57683	0.01673	0.00773	0.00224	0.00333	0.01422	0.00608	0.00547
5	0.00905	0.00628	0.00766	0.00791	0.00826	0.00637	0.00500	0.00969	0.01026	0.01380	0.02413	0.16157	0.05264	0.49622	0.14797	0.00619	0.00759	0.01064	0.00427	0.00451
6	0.00902	0.00633	0.00736	0.00735	0.00798	0.00606	0.00465	0.00995	0.01217	0.01628	0.17924	0.09687	0.11928	0.46447	0.02265	0.00460	0.00503	0.01103	0.00500	0.00467
7	0.01325	0.01051	0.05830	0.01063	0.01390	0.00884	0.04423	0.04658	0.06489	0.12264	0.24672	0.04297	0.22924	0.01223	0.00732	0.00214	0.00474	0.04711	0.00632	0.00744
