[name]
unknown

[dist]
# distance from previous block
# <min> <max>
0	3

[block]
# block no. 0 follows, 34 sequences, length 14
# corresponding to MSA columns:
# 3-16
name=unknown_A
#
# <colnr> <probs for GDERKNQSTAVLIFYWHMCP>
#	G	D	E	R	K	N	Q	S	T	A	V	L	I	F	Y	W	H	M	C	P
0	0.00979	0.00709	0.00883	0.00957	0.01061	0.00695	0.00684	0.07648	0.01432	0.01892	0.03459	0.53946	0.08237	0.06274	0.00955	0.00278	0.00441	0.08299	0.00592	0.00580
1	0.04970	0.01595	0.01960	0.08263	0.07551	0.06301	0.05664	0.28794	0.02146	0.20728	0.01639	0.01697	0.01149	0.00742	0.00701	0.00201	0.03751	0.00590	0.00565	0.00993
2	0.00941	0.00742	0.01101	0.05360	0.01362	0.00740	0.05717	0.01122	0.01268	0.01675	0.03108	0.40354	0.06620	0.12194	0.01188	0.00311	0.02156	0.12956	0.00526	0.00559
3	0.00918	0.00671	0.00790	0.00813	0.00927	0.00643	0.00561	0.01132	0.06608	0.01726	0.10889	0.23367	0.22752	0.15099	0.01406	0.08938	0.00429	0.01258	0.00545	0.00527
4	0.05328	0.01196	0.01412	0.01326	0.06773	0.01251	0.00939	0.24307	0.05303	0.11390	0.07742	0.11919	0.02205	0.14626	0.01140	0.00283	0.00586	0.00856	0.00584	0.00834
5	0.01098	0.00747	0.01057	0.01023	0.01169	0.00833	0.00786	0.01387	0.04394	0.06787	0.04289	0.02730	0.01846	0.10408	0.57365	0.00877	0.01447	0.00728	0.00410	0.00621
6	0.01271	0.01200	0.02030	0.66102	0.13690	0.01449	0.01820	0.01695	0.01316	0.01713	0.01157	0.01706	0.00883	0.00637	0.00645	0.00212	0.00849	0.00574	0.00292	0.00759
7	0.00822	0.00596	0.00780	0.00894	0.00968	0.00554	0.00628	0.00977	0.01349	0.01799	0.12621	0.57072	0.09418	0.01888	0.00818	0.00254	0.00380	0.07024	0.00614	0.00543
8	0.01331	0.01261	0.02138	0.54773	0.24552	0.01465	0.01850	0.01748	0.01344	0.01785	0.01168	0.01687	0.00909	0.00625	0.00644	0.00208	0.00834	0.00575	0.00297	0.00807
9	0.01543	0.01496	0.02347	0.20569	0.49144	0.04444	0.01841	0.02032	0.06455	0.02024	0.01291	0.01668	0.01045	0.00617	0.00640	0.00198	0.00787	0.00580	0.00337	0.00941
10	0.02128	0.02143	0.01749	0.01508	0.01861	0.30813	0.01177	0.24017	0.12830	0.02536	0.01575	0.06378	0.01313	0.00853	0.00739	0.00198	0.06185	0.00618	0.00494	0.00883
11	0.01392	0.01170	0.01398	0.06304	0.01743	0.00978	0.00867	0.07354	0.01471	0.02210	0.01321	0.05727	0.01153	0.00604	0.00524	0.00122	0.00519	0.00496	0.00410	0.64236
12	0.00970	0.00670	0.00917	0.01053	0.06042	0.00637	0.00680	0.01048	0.01278	0.01722	0.14072	0.24863	0.12127	0.05849	0.01333	0.19801	0.00451	0.03858	0.02115	0.00514
13	0.04935	0.00725	0.00900	0.00879	0.01049	0.00685	0.00636	0.01380	0.01350	0.14027	0.08458	0.26729	0.14134	0.11138	0.06697	0.03347	0.00538	0.01197	0.00576	0.00619

[dist]
# distance from previous block
# <min> <max>
0	1

[block]
# block no. 1 follows, 34 sequences, length 9
# corresponding to MSA columns:
# 18-26
name=unknown_B
#
# <colnr> <probs for GDERKNQSTAVLIFYWHMCP>
#	G	D	E	R	K	N	Q	S	T	A	V	L	I	F	Y	W	H	M	C	P
0	0.00823	0.00631	0.00739	0.00764	0.00903	0.00563	0.00544	0.01000	0.01473	0.01918	0.23527	0.23818	0.32405	0.06768	0.00950	0.00253	0.00354	0.01403	0.00616	0.00547
1	0.04349	0.00727	0.00892	0.00888	0.01044	0.00702	0.00652	0.01368	0.05365	0.06772	0.27664	0.24259	0.08818	0.08498	0.00993	0.00265	0.00407	0.05089	0.00627	0.00619
2	0.00863	0.00608	0.00748	0.00801	0.00855	0.00577	0.00521	0.00972	0.01247	0.01678	0.15358	0.34246	0.07669	0.28922	0.01696	0.00380	0.00450	0.01371	0.00545	0.00493
3	0.01289	0.01095	0.01286	0.00952	0.01477	0.00830	0.00750	0.01560	0.01330	0.02064	0.01370	0.08276	0.01262	0.00620	0.00510	0.00111	0.00469	0.00516	0.00403	0.73830
4	0.01005	0.00696	0.00830	0.00828	0.00985	0.00640	0.00595	0.03908	0.01507	0.06010	0.18082	0.27274	0.25070	0.08347	0.00996	0.00263	0.00392	0.01362	0.00617	0.00592
5	0.10482	0.00882	0.00985	0.00913	0.01168	0.00868	0.00686	0.01794	0.10518	0.15766	0.06327	0.17244	0.19769	0.08557	0.00940	0.00259	0.00450	0.01070	0.00608	0.00715
6	0.09114	0.01152	0.01288	0.01117	0.01449	0.01206	0.00875	0.19049	0.11914	0.14406	0.08071	0.18198	0.07162	0.01141	0.00680	0.00216	0.00509	0.00956	0.00643	0.00855
7	0.00787	0.00599	0.00726	0.00814	0.00918	0.00537	0.00565	0.00928	0.01351	0.01739	0.08811	0.49297	0.26890	0.01854	0.00801	0.00244	0.00355	0.01641	0.00607	0.00537
8	0.01105	0.00724	0.00861	0.00821	0.00962	0.00698	0.00573	0.01382	0.06488	0.07358	0.23589	0.10102	0.11545	0.26635	0.01583	0.00350	0.00453	0.01079	0.03101	0.00589

[dist]
# distance from previous block
# <min> <max>
0	2

[block]
# block no. 2 follows, 34 sequences, length 7
# corresponding to MSA columns:
# 29-35
name=unknown_C
#
# <colnr> <probs for GDERKNQSTAVLIFYWHMCP>
#	G	D	E	R	K	N	Q	S	T	A	V	L	I	F	Y	W	H	M	C	P
0	0.05502	0.00694	0.00913	0.00923	0.01038	0.00753	0.00683	0.01120	0.01124	0.01636	0.05938	0.12524	0.07294	0.14251	0.41818	0.00732	0.01157	0.00926	0.00425	0.00550
1	0.00969	0.00704	0.00993	0.00944	0.01037	0.00677	0.05927	0.01046	0.01151	0.01523	0.06033	0.17326	0.08797	0.33585	0.02061	0.10209	0.00565	0.05518	0.00457	0.00476
2	0.00907	0.00810	0.04193	0.00900	0.01088	0.00686	0.00709	0.01243	0.06602	0.02005	0.20208	0.27202	0.24012	0.01589	0.00775	0.00232	0.00394	0.05221	0.00614	0.00610
3	0.00892	0.00624	0.00722	0.00739	0.00788	0.00599	0.00458	0.00960	0.01142	0.01511	0.10044	0.15687	0.11743	0.48667	0.02342	0.00477	0.00518	0.01153	0.00482	0.00453
4	0.01020	0.00715	0.00810	0.00780	0.00859	0.00710	0.00499	0.06042	0.01265	0.01684	0.10825	0.08286	0.09822	0.51229	0.02416	0.00485	0.00551	0.01032	0.00479	0.00491
5	0.01892	0.01628	0.02120	0.19653	0.10163	0.06857	0.07083	0.26630	0.01992	0.05303	0.01332	0.01592	0.01001	0.00713	0.00752	0.00202	0.06272	0.00576	0.00448	0.03791
6	0.04971	0.03721	0.04508	0.24346	0.13830	0.10545	0.05777	0.15040	0.05172	0.02304	0.01275	0.01574	0.00980	0.00673	0.00662	0.00201	0.02598	0.00557	0.00390	0.00875

[dist]
# distance from previous block
# <min> <max>
7	11

[block]
# block no. 3 follows, 34 sequences, length 12
# corresponding to MSA columns:
# 47-58
name=unknown_D
#
# <colnr> <probs for GDERKNQSTAVLIFYWHMCP>
#	G	D	E	R	K	N	Q	S	T	A	V	L	I	F	Y	W	H	M	C	P
0	0.02307	0.09458	0.01971	0.01414	0.01897	0.15448	0.01160	0.39070	0.04850	0.08715	0.01474	0.01496	0.01083	0.00719	0.00601	0.00178	0.00759	0.00525	0.00546	0.06330
1	0.00780	0.00645	0.00684	0.00695	0.00888	0.00549	0.00513	0.00951	0.01480	0.01812	0.12253	0.13731	0.59490	0.01650	0.00770	0.00222	0.00330	0.01397	0.00610	0.00549
2	0.04700	0.01320	0.04705	0.03893	0.03708	0.01307	0.01070	0.18436	0.15078	0.13711	0.18300	0.02848	0.02586	0.00953	0.00678	0.00209	0.00560	0.04394	0.00637	0.00909
3	0.04544	0.08794	0.02148	0.01930	0.10885	0.46816	0.05681	0.04027	0.04308	0.01812	0.01104	0.01302	0.00910	0.00656	0.00620	0.00177	0.02658	0.00469	0.00347	0.00813
4	0.06548	0.01631	0.01805	0.01624	0.03605	0.14615	0.01280	0.01722	0.01157	0.01641	0.00983	0.01538	0.00947	0.04932	0.04729	0.00303	0.49382	0.00550	0.00308	0.00702
5	0.01520	0.01511	0.02745	0.15873	0.47608	0.01538	0.15760	0.01944	0.01452	0.02025	0.01222	0.01649	0.00987	0.00581	0.00665	0.00201	0.00848	0.00613	0.00316	0.00941
6	0.01122	0.00561	0.00842	0.00842	0.00842	0.00561	0.00561	0.00842	0.00842	0.01122	0.01122	0.01964	0.01122	0.02245	0.02525	0.81201	0.00561	0.00561	0.00281	0.00281
7	0.02491	0.01096	0.01426	0.01139	0.01581	0.01013	0.00924	0.02986	0.12472	0.55367	0.10084	0.02512	0.02137	0.00867	0.00663	0.00203	0.00518	0.00717	0.00769	0.01036
8	0.01498	0.12834	0.02174	0.10822	0.02052	0.06514	0.01405	0.01687	0.01128	0.01563	0.00902	0.01381	0.00846	0.00956	0.01588	0.00246	0.50865	0.00525	0.00285	0.00729
9	0.01330	0.03101	0.63376	0.01974	0.02884	0.01521	0.12715	0.02050	0.01388	0.02050	0.01182	0.01421	0.00843	0.00603	0.00636	0.00207	0.00975	0.00520	0.00281	0.00942
10	0.01527	0.01438	0.01711	0.08746	0.12952	0.09949	0.04769	0.10098	0.12682	0.02261	0.07399	0.09160	0.10898	0.00989	0.00717	0.00209	0.02331	0.00844	0.00497	0.00822
11	0.01324	0.03143	0.65216	0.01951	0.02869	0.01517	0.10916	0.02049	0.01384	0.02049	0.01178	0.01411	0.00839	0.00605	0.00632	0.00206	0.00972	0.00513	0.00280	0.00945

[dist]
# distance from previous block
# <min> <max>
0	1

[block]
# block no. 4 follows, 34 sequences, length 20
# corresponding to MSA columns:
# 60-79
name=unknown_E
#
# <colnr> <probs for GDERKNQSTAVLIFYWHMCP>
#	G	D	E	R	K	N	Q	S	T	A	V	L	I	F	Y	W	H	M	C	P
0	0.10476	0.03812	0.02096	0.04446	0.28013	0.20591	0.01487	0.09087	0.01620	0.02167	0.01108	0.01391	0.00918	0.00686	0.00763	0.00196	0.09405	0.00504	0.00359	0.00876
1	0.01694	0.01431	0.01510	0.01333	0.01713	0.01648	0.01044	0.10386	0.64999	0.02844	0.02519	0.02322	0.01883	0.00866	0.00656	0.00217	0.00532	0.00715	0.00656	0.01031
2	0.01151	0.06593	0.01078	0.00873	0.00967	0.00876	0.00608	0.05798	0.01098	0.01465	0.01624	0.02947	0.01710	0.35536	0.12789	0.22548	0.00776	0.00732	0.00363	0.00469
3	0.00957	0.00742	0.01104	0.01084	0.01192	0.00889	0.00850	0.01182	0.01035	0.01504	0.01669	0.02460	0.01562	0.04587	0.69679	0.00986	0.06907	0.00683	0.00342	0.00586
4	0.00918	0.00617	0.00711	0.00733	0.00738	0.00612	0.00422	0.00934	0.00983	0.01310	0.02256	0.14732	0.02627	0.66409	0.02932	0.00574	0.00590	0.01069	0.00422	0.00411
5	0.01421	0.01203	0.01382	0.01014	0.01569	0.00983	0.00811	0.05470	0.07210	0.02259	0.01291	0.01439	0.01048	0.00527	0.00502	0.00111	0.00494	0.00422	0.00419	0.70426
6	0.01024	0.00803	0.01076	0.01022	0.01065	0.00955	0.00746	0.01139	0.00987	0.01404	0.01692	0.03047	0.01783	0.35222	0.30119	0.00716	0.15550	0.00774	0.00353	0.00522
7	0.02104	0.01527	0.01661	0.01366	0.01809	0.01693	0.01098	0.31088	0.35687	0.11506	0.02179	0.02035	0.01572	0.00826	0.00652	0.00207	0.00598	0.00660	0.00669	0.01063
8	0.02142	0.01810	0.02054	0.11074	0.15452	0.09382	0.01439	0.42728	0.02410	0.03155	0.01383	0.01541	0.01028	0.00711	0.00638	0.00193	0.00787	0.00563	0.00510	0.01002
9	0.01600	0.01561	0.02547	0.09003	0.65895	0.04055	0.01944	0.01980	0.01471	0.02060	0.01203	0.01593	0.01005	0.00584	0.00638	0.00193	0.00788	0.00570	0.00318	0.00992
10	0.00932	0.00655	0.00848	0.00848	0.00898	0.00704	0.00570	0.01032	0.00982	0.01359	0.01905	0.03502	0.02034	0.46139	0.34011	0.00804	0.01101	0.00833	0.00372	0.00471
11	0.01561	0.01496	0.02553	0.11253	0.66276	0.01525	0.01964	0.01949	0.01453	0.02064	0.01209	0.01612	0.01007	0.00583	0.00640	0.00194	0.00777	0.00576	0.00317	0.00992
12	0.01385	0.01032	0.01343	0.01435	0.07313	0.03181	0.02761	0.08480	0.04097	0.07134	0.03070	0.12023	0.07649	0.01435	0.00795	0.00254	0.00604	0.34697	0.00580	0.00731
13	0.01469	0.01144	0.01396	0.06178	0.01745	0.00909	0.00853	0.01763	0.01381	0.08380	0.01272	0.01442	0.01007	0.00518	0.00505	0.00113	0.00511	0.00420	0.00413	0.68581
14	0.01543	0.01478	0.02521	0.14573	0.63092	0.01520	0.01955	0.01934	0.01445	0.02043	0.01205	0.01617	0.01000	0.00586	0.00641	0.00195	0.00781	0.00575	0.00315	0.00978
15	0.00924	0.00687	0.01013	0.01013	0.01119	0.00794	0.00776	0.01137	0.01031	0.01481	0.01754	0.02668	0.01671	0.10388	0.69267	0.01007	0.01646	0.00711	0.00350	0.00563
16	0.02268	0.01696	0.01822	0.01429	0.01908	0.01880	0.01170	0.58925	0.11611	0.03822	0.05482	0.01833	0.01474	0.00817	0.00654	0.00198	0.00664	0.00632	0.00651	0.01063
17	0.00923	0.00692	0.01038	0.01038	0.01154	0.00808	0.00808	0.01154	0.01038	0.01500	0.01731	0.02538	0.01615	0.04846	0.74732	0.01038	0.01731	0.00692	0.00346	0.00577
18	0.01668	0.01678	0.02513	0.06663	0.63108	0.09067	0.01900	0.02031	0.01501	0.02038	0.01190	0.01560	0.00997	0.00588	0.00634	0.00190	0.00812	0.00559	0.00320	0.00983
19	0.01590	0.01804	0.10819	0.04563	0.36626	0.09736	0.01674	0.05145	0.06562	0.02107	0.03345	0.01774	0.01250	0.01115	0.08821	0.00287	0.00910	0.00586	0.00367	0.00919

[dist]
# distance from previous block
# <min> <max>
0	1

[block]
# block no. 5 follows, 34 sequences, length 193
# corresponding to MSA columns:
# 81-273
name=unknown_F
#
# <colnr> <probs for GDERKNQSTAVLIFYWHMCP>
#	G	D	E	R	K	N	Q	S	T	A	V	L	I	F	Y	W	H	M	C	P
0	0.01593	0.01543	0.04853	0.03277	0.50260	0.01466	0.11416	0.04405	0.01573	0.04547	0.07409	0.01905	0.01466	0.00651	0.00667	0.00197	0.00770	0.00652	0.00380	0.00970
1	0.05741	0.01471	0.01779	0.04098	0.04220	0.01641	0.03386	0.33852	0.05714	0.06633	0.01528	0.01770	0.01189	0.03585	0.07822	0.00295	0.09298	0.00597	0.00519	0.04863
2	0.13727	0.05059	0.01774	0.01501	0.01881	0.50183	0.01162	0.13496	0.01904	0.02168	0.01070	0.01207	0.00856	0.00670	0.00561	0.00175	0.00982	0.00431	0.00391	0.00801
3	0.01141	0.00673	0.01050	0.15085	0.01528	0.00727	0.00796	0.00996	0.00927	0.01223	0.01127	0.01918	0.01073	0.01941	0.02168	0.65800	0.00618	0.00564	0.00282	0.00364
4	0.00820	0.00583	0.00776	0.00919	0.00966	0.00551	0.00634	0.00945	0.01248	0.01659	0.03475	0.66521	0.04127	0.05575	0.00948	0.00283	0.00409	0.08445	0.00589	0.00525
5	0.01020	0.00698	0.00808	0.00787	0.00829	0.00719	0.00485	0.04964	0.01078	0.01450	0.02029	0.06285	0.02272	0.63684	0.09751	0.00628	0.00727	0.00925	0.00409	0.00454
6	0.06136	0.04917	0.01876	0.04163	0.02039	0.44146	0.01231	0.23413	0.02129	0.02405	0.01165	0.01293	0.00908	0.00692	0.00590	0.00177	0.00969	0.00467	0.00428	0.00855
7	0.05626	0.69635	0.05489	0.02991	0.01745	0.02440	0.01144	0.01929	0.01304	0.01608	0.00913	0.01065	0.00823	0.00559	0.00426	0.00145	0.00694	0.00356	0.00283	0.00824
8	0.01415	0.01364	0.02006	0.23515	0.20598	0.04142	0.01587	0.01792	0.04916	0.01793	0.01299	0.01994	0.01154	0.03474	0.01167	0.00245	0.22281	0.04132	0.00334	0.00791
9	0.03949	0.00794	0.01043	0.00984	0.03649	0.00732	0.00722	0.01626	0.01785	0.16081	0.52540	0.04135	0.07029	0.01182	0.00725	0.00203	0.00375	0.01029	0.00701	0.00718
10	0.09164	0.26356	0.39253	0.01535	0.02271	0.05416	0.03838	0.02024	0.01351	0.01941	0.01050	0.01233	0.00816	0.00594	0.00534	0.00182	0.00843	0.00430	0.00291	0.00879
11	0.01594	0.58660	0.17838	0.01248	0.01859	0.02242	0.01346	0.01909	0.01320	0.01635	0.01079	0.04706	0.00991	0.00635	0.00475	0.00158	0.00731	0.00444	0.00291	0.00841
12	0.01090	0.01053	0.01267	0.03959	0.09919	0.06577	0.04294	0.01313	0.01471	0.01803	0.06253	0.08442	0.41606	0.01339	0.00802	0.00219	0.04111	0.03323	0.00509	0.00650
13	0.00785	0.00655	0.00684	0.00677	0.00886	0.00555	0.00508	0.00969	0.01524	0.01866	0.16016	0.06020	0.63454	0.01591	0.00763	0.00216	0.00324	0.01336	0.00616	0.00555
14	0.01481	0.01296	0.01412	0.01034	0.01592	0.04569	0.00826	0.07198	0.01499	0.02236	0.01173	0.01348	0.00962	0.00511	0.00497	0.00107	0.00531	0.00400	0.00401	0.70927
15	0.01586	0.09982	0.51840	0.01659	0.02456	0.07683	0.01976	0.02173	0.01461	0.09382	0.03161	0.01495	0.01041	0.00650	0.00600	0.00195	0.00889	0.00496	0.00344	0.00932
16	0.58939	0.12383	0.01428	0.00999	0.01416	0.10133	0.00836	0.03950	0.01270	0.02583	0.00930	0.01075	0.00745	0.00606	0.00430	0.00187	0.00610	0.00364	0.00381	0.00735
17	0.01377	0.01363	0.01971	0.15777	0.02220	0.01876	0.01486	0.01573	0.01047	0.01573	0.00905	0.01472	0.00851	0.01039	0.01840	0.00270	0.61800	0.00567	0.00284	0.00709
18	0.00779	0.00646	0.00681	0.00691	0.00887	0.00549	0.00511	0.00949	0.01481	0.01808	0.11856	0.12721	0.60926	0.01646	0.00769	0.00221	0.00330	0.01392	0.00609	0.00549
19	0.02441	0.01227	0.05063	0.08191	0.01956	0.01080	0.01111	0.02898	0.09019	0.52697	0.02400	0.02377	0.01631	0.00831	0.00660	0.00208	0.00597	0.03885	0.00701	0.01025
20	0.01408	0.01657	0.11078	0.04316	0.07845	0.01864	0.01596	0.01655	0.01086	0.01666	0.00927	0.01433	0.00859	0.01004	0.01761	0.00263	0.57977	0.00556	0.00285	0.00765
21	0.00926	0.00680	0.00977	0.00977	0.01071	0.00774	0.00731	0.01114	0.01020	0.01454	0.01787	0.02850	0.01751	0.18204	0.61558	0.00962	0.01527	0.00738	0.00355	0.00543
22	0.01727	0.77681	0.03386	0.01106	0.01658	0.02557	0.01106	0.01935	0.01313	0.01520	0.00898	0.01036	0.00829	0.00553	0.00415	0.00138	0.00691	0.00345	0.00276	0.00829
23	0.00799	0.00571	0.00764	0.00913	0.00956	0.00535	0.00621	0.00921	0.01249	0.01663	0.03555	0.73566	0.04247	0.02013	0.00828	0.00264	0.00385	0.05022	0.00600	0.00528
24	0.02414	0.03079	0.01831	0.01665	0.01998	0.74698	0.01248	0.02580	0.01831	0.01581	0.00999	0.01165	0.00832	0.00666	0.00583	0.00166	0.01165	0.00416	0.00333	0.00749
25	0.01601	0.01507	0.02402	0.03462	0.59649	0.01549	0.01800	0.02259	0.14901	0.02223	0.01484	0.01754	0.01204	0.00633	0.00643	0.00197	0.00719	0.00605	0.00384	0.01023
26	0.00787	0.00562	0.00750	0.00900	0.00937	0.00525	0.00600	0.00900	0.01237	0.01649	0.03561	0.76871	0.04274	0.02024	0.00825	0.00262	0.00375	0.01837	0.00600	0.00525
27	0.01422	0.01633	0.09742	0.13033	0.12098	0.01726	0.10763	0.01835	0.04585	0.01817	0.01119	0.01570	0.00941	0.00842	0.01299	0.00241	0.33616	0.00593	0.00311	0.00814
28	0.02347	0.01728	0.01857	0.01452	0.01947	0.01916	0.01190	0.59364	0.12961	0.05908	0.01736	0.01694	0.01239	0.00791	0.00648	0.00198	0.00678	0.00605	0.00652	0.01088
29	0.01607	0.01388	0.01461	0.01315	0.01680	0.01607	0.01023	0.03433	0.72094	0.02703	0.02630	0.02411	0.01972	0.00877	0.00657	0.00219	0.00511	0.00731	0.00657	0.01023
30	0.02275	0.01504	0.01845	0.01750	0.14142	0.03495	0.01215	0.28241	0.02158	0.23100	0.01704	0.01702	0.01200	0.00703	0.00621	0.00181	0.00655	0.00567	0.00588	0.12354
31	0.01804	0.34215	0.08790	0.01447	0.03538	0.18198	0.03218	0.05476	0.08370	0.01863	0.01298	0.01610	0.01114	0.00791	0.02432	0.00194	0.00838	0.03599	0.00362	0.00842
32	0.02660	0.01129	0.01490	0.01133	0.01644	0.00970	0.00932	0.05081	0.01814	0.61179	0.02316	0.02055	0.01491	0.00753	0.00625	0.00185	0.00545	0.00609	0.00735	0.12656
33	0.02534	0.01042	0.01396	0.01117	0.01551	0.00921	0.00911	0.04965	0.01818	0.59155	0.05041	0.08016	0.04259	0.00966	0.00678	0.00208	0.00529	0.03122	0.00764	0.01007
34	0.03708	0.00839	0.01084	0.01023	0.03649	0.00776	0.00751	0.03887	0.01732	0.19986	0.33947	0.13009	0.10505	0.01247	0.00724	0.00210	0.00410	0.01081	0.00685	0.00746
35	0.02300	0.09304	0.01925	0.01591	0.01932	0.66044	0.01214	0.02468	0.01767	0.01579	0.01078	0.03758	0.00950	0.00703	0.00577	0.00167	0.01098	0.00459	0.00337	0.00748
36	0.09099	0.01557	0.04773	0.05434	0.62464	0.01524	0.01871	0.01969	0.01428	0.02171	0.01182	0.01543	0.00982	0.00581	0.00617	0.00194	0.00751	0.00551	0.00325	0.00983
37	0.01296	0.03342	0.73944	0.01842	0.02797	0.01501	0.02387	0.02046	0.01364	0.02046	0.01160	0.01364	0.00818	0.00614	0.00614	0.00205	0.00955	0.00477	0.00273	0.00955
38	0.01399	0.01449	0.02612	0.17692	0.09729	0.01634	0.25862	0.01767	0.01310	0.01818	0.01378	0.01840	0.04341	0.00795	0.01129	0.00234	0.23229	0.00675	0.00318	0.00790
39	0.00895	0.00660	0.00837	0.00793	0.00954	0.00602	0.00595	0.01182	0.01784	0.02484	0.64515	0.05003	0.14569	0.01361	0.00762	0.00205	0.00308	0.01193	0.00697	0.00602
40	0.00787	0.00562	0.00750	0.00900	0.00937	0.00525	0.00600	0.00900	0.01237	0.01649	0.03561	0.76871	0.04274	0.02024	0.00825	0.00262	0.00375	0.01837	0.00600	0.00525
41	0.00773	0.00655	0.00667	0.00664	0.00878	0.00549	0.00498	0.00945	0.01494	0.01796	0.10533	0.06135	0.68980	0.01617	0.00764	0.00217	0.00326	0.01352	0.00607	0.00549
42	0.00860	0.00581	0.00776	0.00908	0.00962	0.00539	0.00612	0.00977	0.01258	0.04128	0.03526	0.74302	0.04182	0.01982	0.00819	0.00260	0.00381	0.01796	0.00607	0.00545
43	0.01648	0.01408	0.01484	0.01323	0.01696	0.01626	0.01033	0.06663	0.68799	0.02768	0.02578	0.02370	0.01931	0.00872	0.00657	0.00218	0.00521	0.00723	0.00657	0.01026
44	0.01340	0.01148	0.01340	0.00957	0.01531	0.00861	0.00766	0.01627	0.01340	0.02105	0.01148	0.01340	0.00957	0.00479	0.00479	0.00096	0.00479	0.00383	0.00383	0.81242
45	0.01011	0.00725	0.01004	0.01148	0.01290	0.00719	0.00986	0.01288	0.01466	0.01904	0.03533	0.13165	0.05976	0.01801	0.00883	0.00292	0.00568	0.61059	0.00596	0.00587
46	0.01525	0.01743	0.03813	0.02723	0.03377	0.01634	0.70915	0.02070	0.01525	0.02070	0.01307	0.01743	0.00980	0.00545	0.00763	0.00218	0.01089	0.00763	0.00327	0.00871
47	0.01585	0.01398	0.01585	0.05221	0.09747	0.03722	0.01141	0.06520	0.48381	0.02575	0.05828	0.02494	0.05193	0.00876	0.00662	0.00212	0.00569	0.00738	0.00591	0.00962
48	0.00940	0.00626	0.00705	0.00705	0.00705	0.00626	0.00392	0.00940	0.00940	0.01253	0.02036	0.04228	0.02349	0.77292	0.03289	0.00626	0.00626	0.00940	0.00392	0.00392
49	0.01430	0.05451	0.02054	0.01665	0.01694	0.02010	0.01397	0.01575	0.01007	0.01553	0.00851	0.01394	0.00847	0.01100	0.02030	0.00275	0.72117	0.00554	0.00282	0.00713
50	0.01578	0.18278	0.15174	0.02252	0.06915	0.05382	0.37228	0.02057	0.01465	0.01927	0.01175	0.01493	0.00917	0.00566	0.00648	0.00195	0.00967	0.00598	0.00307	0.00879
51	0.06342	0.01946	0.18512	0.06266	0.10585	0.01506	0.33812	0.02129	0.01478	0.09119	0.01354	0.01647	0.00988	0.00597	0.00678	0.00209	0.00925	0.00635	0.00363	0.00910
52	0.00924	0.00688	0.01019	0.01019	0.01128	0.00797	0.00784	0.01141	0.01033	0.01486	0.01748	0.02636	0.01658	0.09040	0.70596	0.01015	0.01667	0.00707	0.00349	0.00566
53	0.01122	0.00561	0.00842	0.00842	0.00842	0.00561	0.00561	0.00842	0.00842	0.01122	0.01122	0.01964	0.01122	0.02245	0.02525	0.81201	0.00561	0.00561	0.00281	0.00281
54	0.01704	0.40424	0.24998	0.01455	0.02110	0.09661	0.03278	0.06220	0.01492	0.01857	0.01039	0.01200	0.00846	0.00597	0.00516	0.00167	0.00833	0.00418	0.00305	0.00877
55	0.02414	0.03079	0.01831	0.01665	0.01998	0.74698	0.01248	0.02580	0.01831	0.01581	0.00999	0.01165	0.00832	0.00666	0.00583	0.00166	0.01165	0.00416	0.00333	0.00749
56	0.00784	0.00576	0.00736	0.00864	0.00928	0.00528	0.00584	0.00904	0.01271	0.01663	0.03996	0.66568	0.14295	0.01968	0.00816	0.00256	0.00368	0.01768	0.00600	0.00528
57	0.00787	0.00562	0.00750	0.00900	0.00937	0.00525	0.00600	0.00900	0.01237	0.01649	0.03561	0.76871	0.04274	0.02024	0.00825	0.00262	0.00375	0.01837	0.00600	0.00525
58	0.01697	0.01562	0.02959	0.02380	0.09695	0.01532	0.41428	0.08913	0.01651	0.09142	0.01584	0.07288	0.01292	0.00737	0.00807	0.00218	0.05013	0.00784	0.00421	0.00897
59	0.00833	0.00595	0.00802	0.00952	0.01009	0.00564	0.00679	0.00978	0.01282	0.01700	0.03536	0.64389	0.04174	0.01981	0.00837	0.00269	0.00414	0.13869	0.00599	0.00537
60	0.01811	0.01574	0.01570	0.01368	0.01758	0.06467	0.01074	0.15401	0.55221	0.02873	0.02331	0.02176	0.01742	0.00845	0.00651	0.00211	0.00590	0.00683	0.00634	0.01018
61	0.00923	0.00692	0.01038	0.01038	0.01154	0.00808	0.00808	0.01154	0.01038	0.01500	0.01731	0.02538	0.01615	0.04846	0.74732	0.01038	0.01731	0.00692	0.00346	0.00577
62	0.01340	0.01148	0.01340	0.00957	0.01531	0.00861	0.00766	0.01627	0.01340	0.02105	0.01148	0.01340	0.00957	0.00479	0.00479	0.00096	0.00479	0.00383	0.00383	0.81242
63	0.01220	0.01148	0.01938	0.75739	0.04450	0.01436	0.01794	0.01651	0.01292	0.01651	0.01148	0.01723	0.00861	0.00646	0.00646	0.00215	0.00861	0.00574	0.00287	0.00718
64	0.01489	0.07462	0.50819	0.02039	0.12560	0.01591	0.02098	0.06409	0.03798	0.03997	0.01259	0.01444	0.00923	0.00628	0.00610	0.00198	0.00872	0.00502	0.00329	0.00972
65	0.00858	0.00651	0.00817	0.00928	0.00982	0.02531	0.00634	0.00983	0.01207	0.01603	0.03143	0.60008	0.03691	0.06802	0.11507	0.00392	0.00604	0.01583	0.00544	0.00530
66	0.00840	0.00675	0.00759	0.00803	0.00975	0.00612	0.00600	0.01087	0.04779	0.01807	0.07043	0.23692	0.44076	0.01703	0.00786	0.00237	0.00373	0.07979	0.00605	0.00569
67	0.01443	0.03017	0.58869	0.01859	0.02699	0.04679	0.07289	0.02101	0.01402	0.05425	0.01215	0.01426	0.00870	0.00644	0.00694	0.00207	0.04409	0.00508	0.00305	0.00935
68	0.00791	0.00564	0.00749	0.00895	0.00932	0.00527	0.00595	0.00901	0.01230	0.01640	0.03526	0.75191	0.04229	0.03765	0.00882	0.00271	0.00381	0.01816	0.00595	0.00522
69	0.81856	0.01250	0.00950	0.00850	0.01250	0.01449	0.00700	0.01899	0.01100	0.02899	0.00900	0.01050	0.00700	0.00600	0.00400	0.00200	0.00500	0.00350	0.00400	0.00700
70	0.00940	0.00626	0.00705	0.00705	0.00705	0.00626	0.00392	0.00940	0.00940	0.01253	0.02036	0.04228	0.02349	0.77292	0.03289	0.00626	0.00626	0.00940	0.00392	0.00392
71	0.00765	0.00650	0.00659	0.00666	0.00876	0.00545	0.00496	0.00926	0.01462	0.01741	0.06408	0.09466	0.69841	0.01654	0.00766	0.00220	0.00329	0.01385	0.00600	0.00545
72	0.01013	0.00747	0.00844	0.00825	0.01034	0.00693	0.00615	0.01378	0.09280	0.06287	0.15958	0.17768	0.38117	0.01520	0.00756	0.00223	0.00366	0.01303	0.00636	0.00638
73	0.01340	0.01148	0.01340	0.00957	0.01531	0.00861	0.00766	0.01627	0.01340	0.02105	0.01148	0.01340	0.00957	0.00479	0.00479	0.00096	0.00479	0.00383	0.00383	0.81242
74	0.01234	0.01162	0.01962	0.73211	0.06874	0.01439	0.01801	0.01663	0.01298	0.01667	0.01151	0.01718	0.00867	0.00644	0.00646	0.00215	0.00858	0.00574	0.00288	0.00729
75	0.01755	0.01461	0.01544	0.01345	0.01736	0.01676	0.01058	0.15193	0.60094	0.02941	0.02442	0.02261	0.01821	0.00859	0.00656	0.00215	0.00546	0.00705	0.00656	0.01036
76	0.02020	0.05779	0.01982	0.01632	0.09334	0.05151	0.07979	0.10673	0.07176	0.20775	0.01673	0.01710	0.01213	0.00658	0.00603	0.00172	0.00666	0.00560	0.00522	0.19724
77	0.01990	0.01549	0.01655	0.01379	0.01810	0.01746	0.01103	0.30683	0.42054	0.05503	0.02193	0.02058	0.01609	0.00834	0.00653	0.00208	0.00593	0.00668	0.00657	0.01056
78	0.81856	0.01250	0.00950	0.00850	0.01250	0.01449	0.00700	0.01899	0.01100	0.02899	0.00900	0.01050	0.00700	0.00600	0.00400	0.00200	0.00500	0.00350	0.00400	0.00700
79	0.01787	0.58357	0.10650	0.01269	0.01831	0.13488	0.01264	0.02045	0.01398	0.01585	0.00941	0.01091	0.00829	0.00577	0.00462	0.00150	0.00792	0.00370	0.00285	0.00830
80	0.01626	0.01444	0.13561	0.01229	0.01641	0.04778	0.03306	0.02111	0.08533	0.20392	0.18330	0.11814	0.06328	0.01067	0.00697	0.00211	0.00576	0.00915	0.00604	0.00835
81	0.02855	0.01110	0.01498	0.01155	0.01650	0.00972	0.00952	0.03159	0.04265	0.71267	0.02552	0.02207	0.01612	0.00802	0.00650	0.00201	0.00548	0.00653	0.00795	0.01097
82	0.00811	0.00580	0.00777	0.00927	0.00975	0.00546	0.00642	0.00941	0.01261	0.01676	0.03548	0.70245	0.04221	0.02001	0.00831	0.00266	0.00396	0.08224	0.00599	0.00531
83	0.01740	0.01452	0.02459	0.15930	0.39594	0.01482	0.09911	0.06135	0.01586	0.11285	0.01404	0.01712	0.01068	0.00625	0.00657	0.00200	0.00791	0.00607	0.00395	0.00966
84	0.01651	0.01566	0.04231	0.10172	0.47364	0.04890	0.06038	0.04213	0.01532	0.06161	0.01405	0.05313	0.01186	0.00676	0.00654	0.00199	0.00786	0.00643	0.00368	0.00953
85	0.00787	0.00562	0.00750	0.00900	0.00937	0.00525	0.00600	0.00900	0.01237	0.01649	0.03561	0.76871	0.04274	0.02024	0.00825	0.00262	0.00375	0.01837	0.00600	0.00525
86	0.01296	0.03342	0.73944	0.01842	0.02797	0.01501	0.02387	0.02046	0.01364	0.02046	0.01160	0.01364	0.00818	0.00614	0.00614	0.00205	0.00955	0.00477	0.00273	0.00955
87	0.02251	0.06881	0.04928	0.01470	0.07312	0.07861	0.01144	0.13065	0.08254	0.30868	0.02299	0.02178	0.06952	0.00814	0.00634	0.00194	0.00653	0.00647	0.00609	0.00987
88	0.02899	0.01100	0.01499	0.01150	0.01649	0.00950	0.00950	0.03149	0.01849	0.73709	0.02549	0.02199	0.01599	0.00800	0.00650	0.00200	0.00550	0.00650	0.00800	0.01100
89	0.00878	0.00659	0.00813	0.00775	0.00943	0.00594	0.00581	0.01149	0.01743	0.02388	0.56981	0.05161	0.22163	0.01397	0.00762	0.00207	0.00310	0.01215	0.00685	0.00594
90	0.01524	0.03952	0.04805	0.17003	0.56069	0.01548	0.01933	0.01922	0.01430	0.02005	0.01191	0.01596	0.00981	0.00589	0.00633	0.00195	0.00788	0.00565	0.00311	0.00959
91	0.01689	0.03773	0.06351	0.05968	0.54429	0.08305	0.03668	0.02069	0.01502	0.04359	0.01227	0.01559	0.01002	0.00594	0.00631	0.00191	0.00817	0.00557	0.00332	0.00977
92	0.00986	0.00698	0.00876	0.00819	0.00999	0.00645	0.00618	0.01318	0.04030	0.04983	0.58962	0.04850	0.15109	0.01332	0.00755	0.00206	0.00323	0.01163	0.00697	0.00631
93	0.01525	0.01743	0.03813	0.02723	0.03377	0.01634	0.70915	0.02070	0.01525	0.02070	0.01307	0.01743	0.00980	0.00545	0.00763	0.00218	0.01089	0.00763	0.00327	0.00871
94	0.01811	0.01424	0.01534	0.01317	0.01700	0.01600	0.01039	0.23427	0.42426	0.04736	0.04208	0.07971	0.01987	0.00945	0.00670	0.00214	0.00556	0.00781	0.00655	0.00998
95	0.39545	0.37151	0.02140	0.00999	0.01477	0.01974	0.00914	0.04217	0.01283	0.04161	0.00964	0.01090	0.00797	0.00589	0.00421	0.00171	0.00598	0.00363	0.00361	0.00784
96	0.01630	0.01465	0.02406	0.03448	0.60695	0.01421	0.01779	0.01995	0.01473	0.05617	0.01272	0.01596	0.01043	0.00574	0.00620	0.00180	0.00720	0.00555	0.00351	0.11158
97	0.01557	0.01602	0.06013	0.03690	0.63694	0.01507	0.05638	0.01964	0.01481	0.02122	0.03684	0.01707	0.01186	0.00601	0.00649	0.00194	0.00778	0.00601	0.00331	0.00998
98	0.02014	0.10253	0.19687	0.01611	0.02125	0.41571	0.01488	0.02473	0.07705	0.03521	0.01206	0.01333	0.00945	0.00663	0.00582	0.00178	0.00996	0.00457	0.00352	0.00840
99	0.01580	0.04713	0.15532	0.02444	0.04870	0.06538	0.48473	0.04022	0.01552	0.02071	0.01252	0.01606	0.00942	0.00572	0.00707	0.00208	0.01039	0.00667	0.00325	0.00886
100	0.01220	0.01148	0.01938	0.75739	0.04450	0.01436	0.01794	0.01651	0.01292	0.01651	0.01148	0.01723	0.00861	0.00646	0.00646	0.00215	0.00861	0.00574	0.00287	0.00718
101	0.00940	0.00626	0.00705	0.00705	0.00705	0.00626	0.00392	0.00940	0.00940	0.01253	0.02036	0.04228	0.02349	0.77292	0.03289	0.00626	0.00626	0.00940	0.00392	0.00392
102	0.09005	0.01222	0.01479	0.01168	0.01618	0.01190	0.00951	0.18127	0.01999	0.45019	0.03860	0.05629	0.01668	0.03158	0.00719	0.00214	0.00570	0.00687	0.00709	0.01007
103	0.01588	0.01524	0.02602	0.06133	0.71184	0.01532	0.01977	0.01973	0.01466	0.02097	0.01213	0.01603	0.01019	0.00578	0.00640	0.00193	0.00770	0.00576	0.00319	0.01014
104	0.00810	0.00656	0.00719	0.00703	0.00901	0.00565	0.00527	0.01017	0.01582	0.02006	0.26965	0.05790	0.52418	0.01539	0.00763	0.00214	0.00320	0.01304	0.00634	0.00565
105	0.01583	0.01367	0.01438	0.01296	0.01658	0.01577	0.01008	0.03363	0.70111	0.02676	0.02740	0.02518	0.03967	0.00898	0.00660	0.00219	0.00506	0.00748	0.00656	0.01009
106	0.00764	0.00655	0.00655	0.00655	0.00873	0.00545	0.00491	0.00927	0.01473	0.01745	0.06546	0.06218	0.73000	0.01636	0.00764	0.00218	0.00327	0.01364	0.00600	0.00545
107	0.00793	0.00567	0.00757	0.00907	0.00947	0.00530	0.00610	0.00910	0.01243	0.01656	0.03558	0.75197	0.04260	0.02019	0.00826	0.00263	0.00380	0.03450	0.00600	0.00527
108	0.01240	0.01169	0.01974	0.71940	0.08093	0.01441	0.01804	0.01668	0.01301	0.01675	0.01152	0.01716	0.00870	0.00642	0.00646	0.00214	0.00856	0.00574	0.00289	0.00734
109	0.01525	0.01743	0.03813	0.02723	0.03377	0.01634	0.70915	0.02070	0.01525	0.02070	0.01307	0.01743	0.00980	0.00545	0.00763	0.00218	0.01089	0.00763	0.00327	0.00871
110	0.01938	0.49400	0.09435	0.01273	0.01820	0.14437	0.01230	0.02194	0.01467	0.09898	0.01130	0.01222	0.00917	0.00606	0.00488	0.00156	0.00779	0.00405	0.00346	0.00858
111	0.02419	0.01792	0.01918	0.01479	0.01990	0.01987	0.01219	0.68173	0.06032	0.04013	0.01598	0.01589	0.01137	0.00780	0.00647	0.00195	0.00702	0.00588	0.00647	0.01096
112	0.01540	0.01738	0.09581	0.02447	0.10087	0.01465	0.44681	0.02038	0.01511	0.05601	0.03614	0.01773	0.01161	0.00584	0.00701	0.00200	0.00929	0.00685	0.00362	0.09300
113	0.14434	0.01725	0.01790	0.01391	0.01890	0.01920	0.01148	0.60667	0.02746	0.03895	0.01453	0.01476	0.01039	0.00749	0.00609	0.00195	0.00679	0.00547	0.00609	0.01039
114	0.00940	0.00626	0.00705	0.00705	0.00705	0.00626	0.00392	0.00940	0.00940	0.01253	0.02036	0.04228	0.02349	0.77292	0.03289	0.00626	0.00626	0.00940	0.00392	0.00392
115	0.03837	0.62102	0.04900	0.01206	0.01731	0.13855	0.01151	0.02038	0.01390	0.01578	0.00921	0.01066	0.00826	0.00573	0.00446	0.00146	0.00768	0.00360	0.00288	0.00817
116	0.01654	0.01521	0.02575	0.07668	0.52911	0.01538	0.08722	0.07330	0.01598	0.04093	0.01343	0.01792	0.01106	0.00632	0.00660	0.00199	0.00790	0.02516	0.00364	0.00986
117	0.00787	0.00562	0.00750	0.00900	0.00937	0.00525	0.00600	0.00900	0.01237	0.01649	0.03561	0.76871	0.04274	0.02024	0.00825	0.00262	0.00375	0.01837	0.00600	0.00525
118	0.11191	0.08662	0.06426	0.03347	0.01833	0.01347	0.08887	0.06804	0.03767	0.08303	0.02087	0.08903	0.01990	0.01081	0.00756	0.00232	0.04267	0.18847	0.00491	0.00780
119	0.01362	0.03196	0.67284	0.01865	0.02785	0.01531	0.05482	0.05343	0.01451	0.02144	0.01185	0.01391	0.00839	0.00618	0.00622	0.00205	0.00949	0.00496	0.00293	0.00958
120	0.01635	0.01558	0.02648	0.03793	0.66651	0.01561	0.05238	0.05164	0.01546	0.02199	0.01235	0.01604	0.01025	0.00583	0.00646	0.00193	0.00780	0.00585	0.00335	0.01020
121	0.01461	0.19040	0.55617	0.01653	0.02502	0.01700	0.02049	0.02073	0.01376	0.05228	0.01168	0.01333	0.00857	0.00609	0.00573	0.00190	0.00880	0.00457	0.00298	0.00935
122	0.01220	0.01148	0.01938	0.75739	0.04450	0.01436	0.01794	0.01651	0.01292	0.01651	0.01148	0.01723	0.00861	0.00646	0.00646	0.00215	0.00861	0.00574	0.00287	0.00718
123	0.01414	0.01414	0.01979	0.01696	0.01696	0.01979	0.01414	0.01555	0.00990	0.01555	0.00848	0.01414	0.00848	0.01131	0.02120	0.00283	0.76110	0.00565	0.00283	0.00707
124	0.02672	0.03233	0.03488	0.04708	0.03931	0.01141	0.01085	0.09204	0.01895	0.58227	0.02276	0.02049	0.01463	0.00773	0.00642	0.00198	0.00599	0.00626	0.00721	0.01069
125	0.00815	0.00580	0.00755	0.00873	0.00913	0.00554	0.00578	0.00918	0.01191	0.01589	0.03332	0.61176	0.05620	0.12779	0.04791	0.00351	0.00476	0.01642	0.00558	0.00509
126	0.01806	0.08986	0.25213	0.01954	0.13023	0.11236	0.03765	0.04027	0.01531	0.12896	0.01389	0.03413	0.01074	0.00713	0.00719	0.00198	0.06194	0.00551	0.00389	0.00922
127	0.00914	0.00660	0.00864	0.00813	0.00965	0.00610	0.00610	0.01219	0.01829	0.02591	0.72921	0.04827	0.06097	0.01321	0.00762	0.00203	0.00305	0.01169	0.00711	0.00610
128	0.01525	0.01743	0.03813	0.02723	0.03377	0.01634	0.70915	0.02070	0.01525	0.02070	0.01307	0.01743	0.00980	0.00545	0.00763	0.00218	0.01089	0.00763	0.00327	0.00871
129	0.01599	0.01535	0.02623	0.03966	0.73262	0.01535	0.01983	0.01983	0.01471	0.02111	0.01215	0.01599	0.01023	0.00576	0.00640	0.00192	0.00768	0.00576	0.00320	0.01023
130	0.01336	0.05117	0.64137	0.01962	0.05123	0.01540	0.07819	0.02043	0.01379	0.02036	0.01166	0.01393	0.00838	0.00605	0.00621	0.00204	0.00953	0.00500	0.00279	0.00947
131	0.01220	0.01148	0.01938	0.75739	0.04450	0.01436	0.01794	0.01651	0.01292	0.01651	0.01148	0.01723	0.00861	0.00646	0.00646	0.00215	0.00861	0.00574	0.00287	0.00718
132	0.01220	0.01148	0.01938	0.75739	0.04450	0.01436	0.01794	0.01651	0.01292	0.01651	0.01148	0.01723	0.00861	0.00646	0.00646	0.00215	0.00861	0.00574	0.00287	0.00718
133	0.05294	0.01390	0.01659	0.01276	0.01779	0.01390	0.01054	0.30469	0.02303	0.43364	0.02094	0.01901	0.01369	0.00784	0.00640	0.00198	0.00613	0.00613	0.00725	0.01086
134	0.02785	0.01165	0.01528	0.01176	0.01667	0.01056	0.00970	0.10673	0.01981	0.63603	0.04744	0.02213	0.01691	0.00814	0.00653	0.00199	0.00560	0.00659	0.00780	0.01083
135	0.01041	0.00744	0.01041	0.01190	0.01339	0.00744	0.01041	0.01339	0.01487	0.01934	0.03421	0.07288	0.03719	0.01785	0.00892	0.00297	0.00595	0.68913	0.00595	0.00595
136	0.02899	0.01100	0.01499	0.01150	0.01649	0.00950	0.00950	0.03149	0.01849	0.73709	0.02549	0.02199	0.01599	0.00800	0.00650	0.00200	0.00550	0.00650	0.00800	0.01100
137	0.00967	0.00697	0.00878	0.00963	0.01052	0.00684	0.00667	0.08453	0.01431	0.01910	0.03345	0.68768	0.03932	0.01890	0.00806	0.00255	0.00411	0.01702	0.00605	0.00587
138	0.02899	0.01100	0.01499	0.01150	0.01649	0.00950	0.00950	0.03149	0.01849	0.73709	0.02549	0.02199	0.01599	0.00800	0.00650	0.00200	0.00550	0.00650	0.00800	0.01100
139	0.01220	0.01148	0.01938	0.75739	0.04450	0.01436	0.01794	0.01651	0.01292	0.01651	0.01148	0.01723	0.00861	0.00646	0.00646	0.00215	0.00861	0.00574	0.00287	0.00718
140	0.02414	0.03079	0.01831	0.01665	0.01998	0.74698	0.01248	0.02580	0.01831	0.01581	0.00999	0.01165	0.00832	0.00666	0.00583	0.00166	0.01165	0.00416	0.00333	0.00749
141	0.01296	0.03342	0.73944	0.01842	0.02797	0.01501	0.02387	0.02046	0.01364	0.02046	0.01160	0.01364	0.00818	0.00614	0.00614	0.00205	0.00955	0.00477	0.00273	0.00955
142	0.00787	0.00562	0.00750	0.00900	0.00937	0.00525	0.00600	0.00900	0.01237	0.01649	0.03561	0.76871	0.04274	0.02024	0.00825	0.00262	0.00375	0.01837	0.00600	0.00525
143	0.00793	0.00567	0.00755	0.00896	0.00939	0.00529	0.00600	0.00915	0.01265	0.01694	0.06855	0.73449	0.04360	0.01991	0.00822	0.00260	0.00372	0.01805	0.00605	0.00529
144	0.00940	0.00626	0.00705	0.00705	0.00705	0.00626	0.00392	0.00940	0.00940	0.01253	0.02036	0.04228	0.02349	0.77292	0.03289	0.00626	0.00626	0.00940	0.00392	0.00392
145	0.02456	0.01810	0.01939	0.01487	0.02004	0.02004	0.01228	0.71107	0.03038	0.04072	0.01551	0.01551	0.01099	0.00776	0.00646	0.00194	0.00711	0.00582	0.00646	0.01099
146	0.01686	0.01427	0.01505	0.01331	0.01710	0.01644	0.01042	0.09727	0.65673	0.02830	0.02530	0.02331	0.01891	0.00867	0.00656	0.00217	0.00530	0.00717	0.00656	0.01030
147	0.00769	0.00634	0.00676	0.00710	0.00887	0.00541	0.00515	0.00921	0.01420	0.01724	0.05876	0.22065	0.57584	0.01723	0.00777	0.00228	0.00338	0.01470	0.00600	0.00541
148	0.81856	0.01250	0.00950	0.00850	0.01250	0.01449	0.00700	0.01899	0.01100	0.02899	0.00900	0.01050	0.00700	0.00600	0.00400	0.00200	0.00500	0.00350	0.00400	0.00700
149	0.01340	0.01148	0.01340	0.00957	0.01531	0.00861	0.00766	0.01627	0.01340	0.02105	0.01148	0.01340	0.00957	0.00479	0.00479	0.00096	0.00479	0.00383	0.00383	0.81242
150	0.01412	0.01335	0.01944	0.01639	0.01754	0.01723	0.07161	0.07208	0.01221	0.01802	0.01196	0.05300	0.01151	0.01595	0.11578	0.00371	0.49881	0.00663	0.00340	0.00726
151	0.01579	0.01364	0.01435	0.01293	0.01654	0.01572	0.01005	0.03351	0.69780	0.02672	0.02758	0.02535	0.04300	0.00902	0.00661	0.00219	0.00505	0.00751	0.00656	0.01007
152	0.02513	0.01718	0.01882	0.01443	0.01958	0.01868	0.01192	0.62352	0.02885	0.13044	0.01680	0.01635	0.01163	0.00779	0.00647	0.00195	0.00690	0.00590	0.00666	0.01099
153	0.01122	0.00561	0.00842	0.00842	0.00842	0.00561	0.00561	0.00842	0.00842	0.01122	0.01122	0.01964	0.01122	0.02245	0.02525	0.81201	0.00561	0.00561	0.00281	0.00281
154	0.00872	0.00659	0.00805	0.00769	0.00939	0.00592	0.00577	0.01138	0.01730	0.02355	0.54405	0.05215	0.24760	0.01409	0.00763	0.00207	0.00311	0.01223	0.00680	0.00592
155	0.00787	0.00562	0.00750	0.00900	0.00937	0.00525	0.00600	0.00900	0.01237	0.01649	0.03561	0.76871	0.04274	0.02024	0.00825	0.00262	0.00375	0.01837	0.00600	0.00525
156	0.01122	0.00561	0.00842	0.00842	0.00842	0.00561	0.00561	0.00842	0.00842	0.01122	0.01122	0.01964	0.01122	0.02245	0.02525	0.81201	0.00561	0.00561	0.00281	0.00281
157	0.00813	0.00584	0.00778	0.00924	0.00978	0.00548	0.00643	0.00947	0.01270	0.01682	0.03624	0.67704	0.06006	0.01989	0.00830	0.00265	0.00397	0.08886	0.00599	0.00533
158	0.01727	0.77681	0.03386	0.01106	0.01658	0.02557	0.01106	0.01935	0.01313	0.01520	0.00898	0.01036	0.00829	0.00553	0.00415	0.00138	0.00691	0.00345	0.00276	0.00829
159	0.05149	0.01193	0.01539	0.01183	0.01682	0.01096	0.00977	0.11631	0.01976	0.62912	0.02376	0.02084	0.01510	0.00791	0.00642	0.00199	0.00569	0.00632	0.00769	0.01088
160	0.01727	0.77681	0.03386	0.01106	0.01658	0.02557	0.01106	0.01935	0.01313	0.01520	0.00898	0.01036	0.00829	0.00553	0.00415	0.00138	0.00691	0.00345	0.00276	0.00829
161	0.00764	0.00655	0.00655	0.00655	0.00873	0.00545	0.00491	0.00927	0.01473	0.01745	0.06546	0.06218	0.73000	0.01636	0.00764	0.00218	0.00327	0.01364	0.00600	0.00545
162	0.00852	0.00658	0.00777	0.00747	0.00927	0.00583	0.00560	0.01098	0.01681	0.02239	0.45323	0.05405	0.33913	0.01452	0.00763	0.00209	0.00314	0.01250	0.00665	0.00583
163	0.01296	0.03342	0.73944	0.01842	0.02797	0.01501	0.02387	0.02046	0.01364	0.02046	0.01160	0.01364	0.00818	0.00614	0.00614	0.00205	0.00955	0.00477	0.00273	0.00955
164	0.01637	0.01381	0.01462	0.01311	0.01679	0.01592	0.01021	0.03427	0.70460	0.04355	0.02628	0.02406	0.01964	0.00875	0.00657	0.00219	0.00512	0.00729	0.00661	0.01025
165	0.01389	0.01179	0.01399	0.01087	0.04066	0.00932	0.00827	0.05024	0.01425	0.02190	0.01233	0.03308	0.01052	0.00536	0.00501	0.00108	0.00497	0.00437	0.00399	0.72408
166	0.01685	0.01254	0.01429	0.01222	0.04959	0.04439	0.00920	0.09691	0.07141	0.12519	0.09024	0.02349	0.05731	0.00784	0.00603	0.00162	0.00540	0.02432	0.00538	0.32580
167	0.04168	0.01635	0.01598	0.01375	0.01776	0.08004	0.01084	0.20185	0.46805	0.02953	0.02171	0.02050	0.01620	0.00825	0.00641	0.00208	0.00617	0.00656	0.00619	0.01009
168	0.00850	0.00610	0.00806	0.00857	0.00951	0.00566	0.00605	0.01056	0.01527	0.02111	0.37533	0.41584	0.05166	0.01680	0.00794	0.00233	0.00341	0.01510	0.00654	0.00566
169	0.00764	0.00652	0.00657	0.00662	0.00875	0.00545	0.00494	0.00926	0.01466	0.01743	0.06458	0.08282	0.70992	0.01648	0.00765	0.00219	0.00329	0.01377	0.00600	0.00545
170	0.01485	0.02022	0.16039	0.02570	0.03276	0.01611	0.58968	0.02066	0.01497	0.02066	0.01281	0.01677	0.00952	0.00557	0.00737	0.00216	0.01066	0.00713	0.00317	0.00886
171	0.01729	0.71637	0.06796	0.01154	0.01725	0.02487	0.01172	0.04130	0.01370	0.01627	0.00932	0.01069	0.00837	0.00563	0.00432	0.00143	0.00705	0.00359	0.00288	0.00844
172	0.01020	0.00729	0.01017	0.01166	0.01306	0.00726	0.01005	0.01303	0.01467	0.01910	0.03433	0.12961	0.03764	0.01804	0.00887	0.00295	0.00577	0.63445	0.00595	0.00589
