[name]
unknown

[dist]
# distance from previous block
# <min> <max>
0	1

[block]
# block no. 0 follows, 31 sequences, length 57
# corresponding to MSA columns:
# 1-57
name=unknown_A
#
# <colnr> <probs for GDERKNQSTAVLIFYWHMCP>
#	G	D	E	R	K	N	Q	S	T	A	V	L	I	F	Y	W	H	M	C	P
0	0.01076	0.00767	0.01050	0.01189	0.01331	0.00763	0.01010	0.01353	0.01514	0.01968	0.03586	0.09801	0.05594	0.08380	0.01161	0.00342	0.00617	0.57280	0.00611	0.00607
1	0.24570	0.16747	0.22715	0.01590	0.04133	0.01793	0.07601	0.02148	0.01386	0.06596	0.01186	0.01380	0.00906	0.00661	0.00630	0.00206	0.04002	0.00484	0.00370	0.00899
2	0.00950	0.00868	0.06021	0.00894	0.01039	0.00689	0.00675	0.01115	0.01339	0.01792	0.14030	0.21830	0.14247	0.29385	0.01810	0.00400	0.00522	0.01296	0.00546	0.00554
3	0.01605	0.01508	0.02421	0.07192	0.40643	0.01564	0.08036	0.02319	0.16074	0.02258	0.01683	0.02134	0.01401	0.07089	0.00933	0.00252	0.00780	0.00696	0.00419	0.00993
4	0.00963	0.00693	0.00875	0.00833	0.00973	0.00644	0.00602	0.01227	0.01766	0.02468	0.56703	0.05094	0.09536	0.13218	0.01230	0.00287	0.00378	0.01211	0.00693	0.00605
5	0.02524	0.01878	0.02010	0.01559	0.02092	0.02086	0.01282	0.63811	0.08938	0.04188	0.01740	0.01720	0.01242	0.00830	0.00685	0.00208	0.00735	0.00629	0.00685	0.01157
6	0.01419	0.01216	0.01419	0.01013	0.01621	0.00912	0.00811	0.01723	0.01419	0.02229	0.01216	0.01419	0.01013	0.00507	0.00507	0.00101	0.00507	0.00405	0.00405	0.80139
7	0.00830	0.00608	0.00781	0.00919	0.00984	0.00558	0.00620	0.00956	0.01342	0.01760	0.04177	0.66649	0.13124	0.02091	0.00865	0.00272	0.00390	0.01880	0.00635	0.00558
8	0.01759	0.01624	0.01620	0.01453	0.01809	0.07815	0.01134	0.03413	0.59544	0.02672	0.02500	0.02363	0.01899	0.00929	0.00803	0.00232	0.06028	0.00732	0.00638	0.01034
9	0.01639	0.01570	0.02679	0.13623	0.62686	0.01611	0.02073	0.02052	0.01532	0.02170	0.01277	0.01711	0.01061	0.00620	0.00678	0.00207	0.00826	0.00609	0.00334	0.01040
10	0.00820	0.00686	0.00714	0.00722	0.00935	0.00580	0.00536	0.00999	0.01564	0.01895	0.10626	0.11539	0.62555	0.01742	0.00813	0.00233	0.00349	0.01468	0.00642	0.00580
11	0.00809	0.00693	0.00693	0.00693	0.00924	0.00578	0.00520	0.00982	0.01559	0.01848	0.06931	0.06584	0.71411	0.01733	0.00809	0.00231	0.00347	0.01444	0.00635	0.00578
12	0.02186	0.01516	0.01610	0.01281	0.01707	0.01657	0.01043	0.48167	0.02658	0.03760	0.01827	0.01927	0.01348	0.00814	0.00620	0.00191	0.00617	0.00623	0.25451	0.00999
13	0.00834	0.00595	0.00794	0.00953	0.00992	0.00556	0.00635	0.00953	0.01310	0.01746	0.03771	0.75510	0.04525	0.02143	0.00873	0.00278	0.00397	0.01945	0.00635	0.00556
14	0.02601	0.01916	0.02053	0.01574	0.02122	0.02122	0.01300	0.69408	0.03217	0.04312	0.01643	0.01643	0.01163	0.00821	0.00684	0.00205	0.00753	0.00616	0.00684	0.01163
15	0.72741	0.01293	0.01045	0.00922	0.01345	0.01470	0.00757	0.02087	0.01245	0.08116	0.03161	0.01319	0.00980	0.00673	0.00454	0.00212	0.00527	0.00419	0.00464	0.00769
16	0.00968	0.00661	0.00783	0.00794	0.00829	0.00646	0.00485	0.01042	0.01206	0.01637	0.14758	0.14121	0.03471	0.52703	0.02653	0.00531	0.00567	0.01166	0.00505	0.00475
17	0.00834	0.00595	0.00794	0.00953	0.00992	0.00556	0.00635	0.00953	0.01310	0.01746	0.03771	0.75510	0.04525	0.02143	0.00873	0.00278	0.00397	0.01945	0.00635	0.00556
18	0.03049	0.01197	0.01608	0.01233	0.01763	0.01055	0.01019	0.06247	0.02014	0.69172	0.02652	0.02298	0.01670	0.00846	0.00688	0.00211	0.00590	0.00685	0.00840	0.01164
19	0.01172	0.00781	0.00994	0.01059	0.01194	0.00766	0.00765	0.05236	0.05704	0.07138	0.03499	0.56102	0.03930	0.01879	0.00844	0.00269	0.00458	0.06880	0.00657	0.00673
20	0.80789	0.01323	0.01006	0.00900	0.01323	0.01535	0.00741	0.02011	0.01164	0.03070	0.00953	0.01111	0.00741	0.00635	0.00423	0.00212	0.00529	0.00370	0.00423	0.00741
21	0.01132	0.00770	0.00857	0.00817	0.00863	0.00787	0.00490	0.06816	0.01184	0.01581	0.02112	0.04236	0.02375	0.69564	0.03244	0.00624	0.00671	0.00963	0.00438	0.00478
22	0.00834	0.00595	0.00794	0.00953	0.00992	0.00556	0.00635	0.00953	0.01310	0.01746	0.03771	0.75510	0.04525	0.02143	0.00873	0.00278	0.00397	0.01945	0.00635	0.00556
23	0.00856	0.00605	0.00787	0.00923	0.00957	0.00571	0.00604	0.00959	0.01265	0.01687	0.03541	0.65410	0.04235	0.12639	0.01244	0.00333	0.00435	0.01810	0.00604	0.00536
24	0.00953	0.00699	0.00894	0.00845	0.01013	0.00639	0.00634	0.01262	0.01901	0.02659	0.65276	0.05249	0.12560	0.01430	0.00807	0.00217	0.00325	0.01257	0.00742	0.00639
25	0.00840	0.00721	0.00723	0.00718	0.00954	0.00617	0.00540	0.01076	0.03995	0.01884	0.06784	0.06442	0.68960	0.01704	0.00805	0.00231	0.00353	0.01420	0.00637	0.00595
26	0.00834	0.00595	0.00794	0.00953	0.00992	0.00556	0.00635	0.00953	0.01310	0.01746	0.03771	0.75510	0.04525	0.02143	0.00873	0.00278	0.00397	0.01945	0.00635	0.00556
27	0.02675	0.01797	0.01980	0.01518	0.02062	0.01945	0.01254	0.58950	0.03017	0.15051	0.01810	0.01751	0.01247	0.00825	0.00685	0.00206	0.00726	0.00627	0.00710	0.01164
28	0.01275	0.00638	0.00638	0.00638	0.00797	0.00638	0.00478	0.01594	0.01435	0.02551	0.02232	0.02551	0.01754	0.00797	0.00478	0.00159	0.00319	0.00638	0.79755	0.00638
29	0.03041	0.01210	0.01616	0.01239	0.01769	0.01074	0.01024	0.07363	0.02035	0.68025	0.02635	0.02287	0.01661	0.00845	0.00688	0.00211	0.00593	0.00684	0.00837	0.01164
30	0.00834	0.00595	0.00794	0.00953	0.00992	0.00556	0.00635	0.00953	0.01310	0.01746	0.03771	0.75510	0.04525	0.02143	0.00873	0.00278	0.00397	0.01945	0.00635	0.00556
31	0.00990	0.00683	0.00844	0.00844	0.00878	0.00716	0.00536	0.01058	0.01024	0.01399	0.02066	0.03983	0.02273	0.56384	0.22761	0.00784	0.00986	0.00923	0.00401	0.00469
32	0.01575	0.01643	0.02247	0.05039	0.02098	0.07244	0.07262	0.01777	0.01175	0.01699	0.00965	0.01521	0.00909	0.01086	0.01936	0.00281	0.59861	0.00605	0.00307	0.00767
33	0.02556	0.03261	0.01939	0.01763	0.02115	0.73210	0.01322	0.02732	0.01939	0.01674	0.01058	0.01234	0.00881	0.00705	0.00617	0.00176	0.01234	0.00441	0.00353	0.00793
34	0.00978	0.00730	0.01086	0.01086	0.01203	0.00848	0.00838	0.01213	0.01095	0.01578	0.01845	0.02756	0.01740	0.07851	0.70566	0.01083	0.01788	0.00743	0.00368	0.00603
35	0.00977	0.00733	0.01100	0.01100	0.01222	0.00855	0.00855	0.01222	0.01100	0.01588	0.01833	0.02688	0.01710	0.05131	0.73245	0.01100	0.01833	0.00733	0.00367	0.00611
36	0.01419	0.01216	0.01419	0.01013	0.01621	0.00912	0.00811	0.01723	0.01419	0.02229	0.01216	0.01419	0.01013	0.00507	0.00507	0.00101	0.00507	0.00405	0.00405	0.80139
37	0.00834	0.00595	0.00794	0.00953	0.00992	0.00556	0.00635	0.00953	0.01310	0.01746	0.03771	0.75510	0.04525	0.02143	0.00873	0.00278	0.00397	0.01945	0.00635	0.00556
38	0.00946	0.00671	0.00803	0.00821	0.00880	0.00670	0.00529	0.01026	0.01132	0.01495	0.02989	0.12817	0.12665	0.44694	0.14375	0.00627	0.00780	0.01128	0.00465	0.00488
39	0.06338	0.72083	0.03438	0.01155	0.01731	0.02640	0.01146	0.02046	0.01377	0.01693	0.00951	0.01098	0.00870	0.00588	0.00438	0.00150	0.00720	0.00366	0.00300	0.00870
40	0.00917	0.00737	0.00809	0.00784	0.00990	0.00667	0.00582	0.01223	0.05567	0.02132	0.24924	0.05802	0.44568	0.06117	0.00965	0.00253	0.00370	0.01319	0.00659	0.00616
41	0.00890	0.00678	0.01002	0.01081	0.01164	0.00635	0.04832	0.01044	0.01337	0.01784	0.03620	0.68709	0.04292	0.02039	0.00872	0.00276	0.00451	0.04094	0.00617	0.00581
42	0.00872	0.00680	0.00781	0.00785	0.00957	0.00600	0.00572	0.01078	0.01622	0.02100	0.27085	0.15485	0.38205	0.04953	0.00935	0.00251	0.00360	0.01426	0.00664	0.00589
43	0.00995	0.00663	0.00746	0.00746	0.00746	0.00663	0.00415	0.00995	0.00995	0.01327	0.02156	0.04477	0.02487	0.75957	0.03482	0.00663	0.00663	0.00995	0.00415	0.00415
44	0.00852	0.00623	0.00801	0.00908	0.00989	0.00572	0.00623	0.01010	0.01438	0.01916	0.14830	0.56364	0.12597	0.01978	0.00855	0.00262	0.00379	0.01775	0.00654	0.00572
45	0.01008	0.00651	0.00850	0.00947	0.01045	0.00595	0.00654	0.01149	0.01400	0.07228	0.05887	0.61746	0.10287	0.01986	0.00851	0.00267	0.00405	0.01783	0.00655	0.00607
46	0.03070	0.01164	0.01588	0.01217	0.01746	0.01006	0.01006	0.03334	0.01958	0.72163	0.02699	0.02329	0.01694	0.00847	0.00688	0.00212	0.00582	0.00688	0.00847	0.01164
47	0.01419	0.01216	0.01419	0.01013	0.01621	0.00912	0.00811	0.01723	0.01419	0.02229	0.01216	0.01419	0.01013	0.00507	0.00507	0.00101	0.00507	0.00405	0.00405	0.80139
48	0.00832	0.00651	0.00754	0.00819	0.00961	0.00573	0.00580	0.00993	0.01481	0.01874	0.10604	0.36376	0.37300	0.01885	0.00836	0.00250	0.00367	0.01645	0.00644	0.00573
49	0.01419	0.01216	0.01419	0.01013	0.01621	0.00912	0.00811	0.01723	0.01419	0.02229	0.01216	0.01419	0.01013	0.00507	0.00507	0.00101	0.00507	0.00405	0.00405	0.80139
50	0.02421	0.03046	0.01867	0.01706	0.02039	0.67054	0.01282	0.02603	0.01867	0.01667	0.01123	0.01357	0.00952	0.01082	0.06797	0.00255	0.01285	0.00466	0.00354	0.00778
51	0.02648	0.01368	0.01659	0.01319	0.01809	0.01362	0.01072	0.19190	0.12804	0.42065	0.02504	0.05380	0.01750	0.00910	0.00696	0.00216	0.00609	0.00738	0.00775	0.01125
52	0.00835	0.00635	0.00770	0.00861	0.00972	0.00569	0.00598	0.00987	0.01438	0.01853	0.09751	0.47750	0.26605	0.01954	0.00847	0.00258	0.00375	0.01729	0.00644	0.00569
53	0.01304	0.00866	0.00969	0.00885	0.00985	0.00892	0.00566	0.11236	0.01358	0.04183	0.02098	0.03983	0.02264	0.62238	0.02971	0.00580	0.00674	0.00928	0.00469	0.00551
54	0.37513	0.01725	0.01658	0.04601	0.04981	0.08145	0.02909	0.25568	0.01987	0.03261	0.01240	0.01384	0.00931	0.00706	0.00564	0.00207	0.00716	0.00495	0.00497	0.00914
55	0.09695	0.01564	0.02271	0.13294	0.33082	0.03492	0.04253	0.09125	0.05067	0.09392	0.01490	0.01748	0.01135	0.00685	0.00659	0.00210	0.00781	0.00605	0.00446	0.01005
56	0.13246	0.01575	0.01934	0.24716	0.06794	0.01792	0.01450	0.32929	0.02213	0.04827	0.01414	0.01644	0.01032	0.00740	0.00647	0.00213	0.00771	0.00580	0.00511	0.00971

[dist]
# distance from previous block
# <min> <max>
3	8

[block]
# block no. 1 follows, 31 sequences, length 8
# corresponding to MSA columns:
# 66-73
name=unknown_B
#
# <colnr> <probs for GDERKNQSTAVLIFYWHMCP>
#	G	D	E	R	K	N	Q	S	T	A	V	L	I	F	Y	W	H	M	C	P
0	0.14409	0.01713	0.01902	0.01499	0.01988	0.06713	0.05797	0.29682	0.04858	0.18666	0.01722	0.01727	0.01211	0.00795	0.00721	0.00213	0.04132	0.00601	0.00617	0.01035
1	0.01788	0.43041	0.16503	0.01389	0.01996	0.09170	0.01418	0.05676	0.04266	0.01992	0.05936	0.01538	0.01319	0.00691	0.00546	0.00174	0.00801	0.00489	0.00365	0.00903
2	0.00995	0.00663	0.00746	0.00746	0.00746	0.00663	0.00415	0.00995	0.00995	0.01327	0.02156	0.04477	0.02487	0.75957	0.03482	0.00663	0.00663	0.00995	0.00415	0.00415
3	0.01062	0.00758	0.01056	0.01213	0.01353	0.00752	0.01032	0.01347	0.01535	0.02002	0.03645	0.17999	0.04026	0.01928	0.00934	0.00309	0.00595	0.57204	0.00631	0.00619
4	0.02531	0.02409	0.01979	0.01636	0.02099	0.29531	0.01296	0.39823	0.06662	0.03209	0.01484	0.01538	0.01109	0.00783	0.00659	0.00196	0.00926	0.00558	0.00557	0.01016
5	0.01640	0.45664	0.28614	0.01447	0.02189	0.02201	0.01647	0.02074	0.01412	0.01847	0.01067	0.01242	0.00881	0.00605	0.00520	0.00170	0.00821	0.00419	0.00297	0.05245
6	0.06161	0.01666	0.01912	0.12959	0.02425	0.01856	0.01320	0.43235	0.08924	0.10022	0.01746	0.01793	0.01238	0.00803	0.00673	0.00212	0.00732	0.00624	0.00628	0.01072
7	0.17053	0.01504	0.01475	0.01233	0.01652	0.07521	0.00981	0.18344	0.09468	0.11134	0.10324	0.05961	0.02033	0.00904	0.00640	0.00204	0.00616	0.00708	0.00609	0.07638

[dist]
# distance from previous block
# <min> <max>
0	5

[block]
# block no. 2 follows, 31 sequences, length 64
# corresponding to MSA columns:
# 79-142
name=unknown_C
#
# <colnr> <probs for GDERKNQSTAVLIFYWHMCP>
#	G	D	E	R	K	N	Q	S	T	A	V	L	I	F	Y	W	H	M	C	P
0	0.08139	0.02167	0.02324	0.10638	0.06389	0.24304	0.13221	0.17331	0.01988	0.02500	0.01263	0.01528	0.00976	0.00714	0.00721	0.00207	0.03688	0.00573	0.00423	0.00905
1	0.08648	0.02322	0.01849	0.01561	0.02002	0.30137	0.01229	0.27567	0.10386	0.05485	0.01529	0.01571	0.01146	0.00774	0.00639	0.00198	0.00895	0.00548	0.00540	0.00974
2	0.34738	0.01317	0.01290	0.01090	0.01510	0.04773	0.00880	0.04816	0.06120	0.24285	0.10832	0.02127	0.01890	0.00829	0.00591	0.00212	0.00561	0.00620	0.00620	0.00898
3	0.01695	0.02288	0.18923	0.05440	0.06311	0.07179	0.34404	0.07530	0.01688	0.02272	0.01309	0.01667	0.00987	0.00659	0.00806	0.00223	0.04647	0.00669	0.00356	0.00944
4	0.01803	0.72239	0.07487	0.01215	0.01824	0.02644	0.01248	0.02055	0.01393	0.01641	0.00967	0.01117	0.00877	0.00589	0.00451	0.00150	0.00747	0.00374	0.00292	0.00886
5	0.00987	0.00706	0.00833	0.00859	0.00928	0.00699	0.00555	0.01202	0.05970	0.01758	0.12023	0.23695	0.06893	0.37441	0.02104	0.00450	0.00523	0.01290	0.00549	0.00537
6	0.49323	0.01295	0.01277	0.05005	0.01665	0.01392	0.00900	0.05118	0.01481	0.21271	0.01468	0.01507	0.01031	0.00696	0.00522	0.00208	0.00572	0.00479	0.00539	0.04252
7	0.01622	0.01613	0.02155	0.01800	0.01965	0.07621	0.08891	0.07781	0.01393	0.01948	0.01243	0.05225	0.01175	0.01404	0.07211	0.00334	0.44780	0.00687	0.00365	0.00788
8	0.00995	0.00663	0.00746	0.00746	0.00746	0.00663	0.00415	0.00995	0.00995	0.01327	0.02156	0.04477	0.02487	0.75957	0.03482	0.00663	0.00663	0.00995	0.00415	0.00415
9	0.00948	0.00660	0.00857	0.00970	0.01037	0.00639	0.00695	0.01102	0.01332	0.01787	0.05800	0.39871	0.03949	0.17609	0.01428	0.00363	0.00504	0.17128	0.02772	0.00549
10	0.01702	0.01470	0.01547	0.01392	0.01779	0.01702	0.01083	0.03635	0.70453	0.02862	0.02785	0.02553	0.02088	0.00928	0.00696	0.00232	0.00541	0.00773	0.00696	0.01083
11	0.74252	0.01341	0.01074	0.00941	0.01374	0.01536	0.00775	0.04850	0.01283	0.06063	0.01055	0.01185	0.00799	0.00652	0.00445	0.00211	0.00541	0.00394	0.00452	0.00776
12	0.05561	0.00803	0.01001	0.01090	0.01249	0.00812	0.00863	0.01462	0.07381	0.02137	0.09971	0.27879	0.07191	0.01763	0.00852	0.00277	0.00501	0.27919	0.00637	0.00651
13	0.00888	0.00621	0.00794	0.00910	0.00944	0.00594	0.00596	0.00983	0.01237	0.01647	0.03334	0.53761	0.03957	0.21825	0.01572	0.00382	0.00478	0.04381	0.00576	0.00521
14	0.01036	0.00714	0.00936	0.00872	0.01045	0.00657	0.00657	0.01357	0.01937	0.04969	0.69127	0.05021	0.06303	0.01381	0.00803	0.00215	0.00331	0.01220	0.00756	0.00662
15	0.02101	0.01489	0.01639	0.01391	0.01831	0.01646	0.01105	0.14626	0.46739	0.15674	0.02577	0.02359	0.01861	0.00895	0.00693	0.00224	0.00584	0.00732	0.00721	0.01111
16	0.02601	0.01916	0.02053	0.01574	0.02122	0.02122	0.01300	0.69408	0.03217	0.04312	0.01643	0.01643	0.01163	0.00821	0.00684	0.00205	0.00753	0.00616	0.00684	0.01163
17	0.80789	0.01323	0.01006	0.00900	0.01323	0.01535	0.00741	0.02011	0.01164	0.03070	0.00953	0.01111	0.00741	0.00635	0.00423	0.00212	0.00529	0.00370	0.00423	0.00741
18	0.00839	0.00662	0.00758	0.00803	0.00961	0.00580	0.00576	0.01016	0.01530	0.01942	0.15022	0.29141	0.40105	0.01821	0.00830	0.00244	0.00360	0.01580	0.00652	0.00580
19	0.01997	0.00993	0.01254	0.01080	0.01428	0.00913	0.00844	0.05164	0.06218	0.34308	0.09211	0.17306	0.13772	0.01288	0.00753	0.00229	0.00492	0.01098	0.00748	0.00905
20	0.00867	0.00625	0.00828	0.00979	0.01043	0.00586	0.00689	0.01013	0.01356	0.01790	0.03906	0.63509	0.07709	0.02091	0.00879	0.00280	0.00424	0.10224	0.00634	0.00566
21	0.01419	0.01216	0.01419	0.01013	0.01621	0.00912	0.00811	0.01723	0.01419	0.02229	0.01216	0.01419	0.01013	0.00507	0.00507	0.00101	0.00507	0.00405	0.00405	0.80139
22	0.00991	0.00747	0.00920	0.00949	0.01091	0.00727	0.00689	0.01385	0.08918	0.02223	0.27680	0.30088	0.11273	0.04748	0.00936	0.00264	0.00404	0.04652	0.00674	0.00643
23	0.00951	0.00699	0.00890	0.00842	0.01011	0.00638	0.00632	0.01257	0.01895	0.02645	0.64259	0.05272	0.13586	0.01435	0.00807	0.00217	0.00325	0.01260	0.00740	0.00638
24	0.00962	0.00649	0.00756	0.00788	0.00797	0.00641	0.00460	0.00986	0.01059	0.01413	0.02487	0.19032	0.02905	0.60832	0.02948	0.00584	0.00609	0.01190	0.00460	0.00443
25	0.01105	0.00946	0.01603	0.03943	0.01710	0.01063	0.10784	0.01400	0.01181	0.01684	0.01702	0.02480	0.01547	0.04134	0.56926	0.00906	0.05127	0.00733	0.00358	0.00668
26	0.01497	0.01497	0.02095	0.01796	0.01796	0.02095	0.01497	0.01646	0.01048	0.01646	0.00898	0.01497	0.00898	0.01197	0.02245	0.00299	0.74704	0.00599	0.00299	0.00748
27	0.01711	0.00901	0.00983	0.00868	0.01137	0.00912	0.00680	0.09238	0.05617	0.13203	0.02270	0.02420	0.01700	0.00815	0.00544	0.00176	0.00417	0.00651	0.54958	0.00798
28	0.06189	0.03886	0.03312	0.05918	0.06061	0.08712	0.45180	0.02257	0.04935	0.02170	0.01355	0.01739	0.01044	0.00638	0.00790	0.00223	0.03619	0.00708	0.00363	0.00900
29	0.00836	0.00610	0.00795	0.00931	0.00994	0.00569	0.00631	0.00965	0.01328	0.01751	0.04025	0.65745	0.11309	0.02211	0.03518	0.00303	0.00444	0.01849	0.00625	0.00560
30	0.00809	0.00693	0.00693	0.00693	0.00924	0.00578	0.00520	0.00982	0.01559	0.01848	0.06931	0.06584	0.71411	0.01733	0.00809	0.00231	0.00347	0.01444	0.00635	0.00578
31	0.33693	0.02097	0.01485	0.01333	0.01727	0.29511	0.01036	0.02621	0.13200	0.05344	0.01375	0.01453	0.01063	0.00721	0.00556	0.00201	0.00808	0.00479	0.00459	0.00837
32	0.01916	0.01627	0.05522	0.01793	0.05826	0.01715	0.07559	0.22405	0.01915	0.08734	0.01548	0.04122	0.01259	0.01261	0.07123	0.00304	0.19408	0.00672	0.00491	0.04802
33	0.01193	0.01492	0.18585	0.01333	0.01724	0.00997	0.05052	0.01656	0.04886	0.05133	0.16774	0.22840	0.05168	0.01617	0.05973	0.00301	0.00698	0.03261	0.00551	0.00765
34	0.02621	0.01884	0.02033	0.01559	0.02106	0.02074	0.01288	0.66594	0.03163	0.07201	0.01688	0.01672	0.01186	0.00822	0.00685	0.00206	0.00746	0.00619	0.00691	0.01164
35	0.01489	0.00700	0.00751	0.00707	0.00910	0.00682	0.00541	0.01802	0.01497	0.10855	0.02288	0.02524	0.01746	0.00803	0.00503	0.00166	0.00350	0.00644	0.70341	0.00700
36	0.01347	0.00818	0.00976	0.00901	0.01163	0.00734	0.00687	0.01655	0.05276	0.16245	0.18906	0.13432	0.32235	0.01492	0.00786	0.00229	0.00405	0.01273	0.00706	0.00734
37	0.01214	0.00809	0.01130	0.01258	0.01436	0.00800	0.01097	0.01526	0.01597	0.06023	0.03570	0.07412	0.03810	0.01831	0.00930	0.00309	0.00627	0.63320	0.00642	0.00660
38	0.02294	0.01691	0.01802	0.01434	0.01909	0.01877	0.01167	0.50406	0.14305	0.03862	0.01904	0.01902	0.01388	0.00836	0.00662	0.00204	0.00666	0.00645	0.09957	0.01088
39	0.01101	0.00860	0.01034	0.01062	0.01272	0.00862	0.00856	0.01660	0.13776	0.02253	0.16304	0.09257	0.20322	0.01607	0.00840	0.00261	0.00481	0.24832	0.00665	0.00697
40	0.01403	0.00966	0.01133	0.01068	0.01318	0.00963	0.00817	0.11543	0.08332	0.08749	0.09989	0.26068	0.17446	0.01548	0.00797	0.00244	0.00478	0.05691	0.00678	0.00768
41	0.80789	0.01323	0.01006	0.00900	0.01323	0.01535	0.00741	0.02011	0.01164	0.03070	0.00953	0.01111	0.00741	0.00635	0.00423	0.00212	0.00529	0.00370	0.00423	0.00741
42	0.80789	0.01323	0.01006	0.00900	0.01323	0.01535	0.00741	0.02011	0.01164	0.03070	0.00953	0.01111	0.00741	0.00635	0.00423	0.00212	0.00529	0.00370	0.00423	0.00741
43	0.05555	0.00779	0.00936	0.00988	0.01116	0.00775	0.00703	0.07223	0.01537	0.02143	0.10036	0.49555	0.06405	0.05440	0.00952	0.00280	0.00449	0.03875	0.00628	0.00626
44	0.00814	0.00693	0.00701	0.00699	0.00927	0.00580	0.00524	0.00993	0.01573	0.01879	0.09172	0.06533	0.69150	0.01721	0.00809	0.00230	0.00346	0.01437	0.00639	0.00580
45	0.00817	0.00693	0.00705	0.00702	0.00929	0.00581	0.00527	0.00999	0.01580	0.01897	0.10430	0.06504	0.67882	0.01715	0.00808	0.00230	0.00345	0.01433	0.00642	0.00581
46	0.00977	0.00733	0.01100	0.01100	0.01222	0.00855	0.00855	0.01222	0.01100	0.01588	0.01833	0.02688	0.01710	0.05131	0.73245	0.01100	0.01833	0.00733	0.00367	0.00611
47	0.04724	0.01331	0.01493	0.01272	0.01629	0.01414	0.00998	0.34071	0.03954	0.09937	0.02462	0.25667	0.02335	0.01247	0.00729	0.00228	0.00590	0.01049	0.03942	0.00928
48	0.02367	0.01691	0.01804	0.01409	0.01889	0.01860	0.01156	0.57473	0.02903	0.04002	0.01746	0.01802	0.01267	0.00817	0.00648	0.00197	0.00676	0.00620	0.14600	0.01071
49	0.00833	0.00699	0.00727	0.00733	0.00956	0.00592	0.00558	0.01022	0.01580	0.01906	0.10104	0.06569	0.64363	0.01724	0.00816	0.00235	0.00361	0.05000	0.00641	0.00584
50	0.00942	0.00698	0.00878	0.00833	0.01006	0.00634	0.00625	0.01240	0.01874	0.02596	0.60692	0.05354	0.17183	0.01454	0.00807	0.00218	0.00327	0.01271	0.00734	0.00634
51	0.00949	0.00754	0.00852	0.00818	0.01023	0.00694	0.00611	0.01312	0.06943	0.02277	0.33055	0.05592	0.36802	0.04209	0.00896	0.00240	0.00363	0.01291	0.00681	0.00638
52	0.00995	0.00663	0.00746	0.00746	0.00746	0.00663	0.00415	0.00995	0.00995	0.01327	0.02156	0.04477	0.02487	0.75957	0.03482	0.00663	0.00663	0.00995	0.00415	0.00415
53	0.06548	0.01753	0.01971	0.01806	0.10160	0.01941	0.01317	0.43604	0.17478	0.03687	0.01811	0.01817	0.01332	0.00809	0.00672	0.00211	0.00702	0.00636	0.00632	0.01114
54	0.01193	0.00624	0.00948	0.04463	0.01077	0.00639	0.00658	0.00933	0.00914	0.01216	0.01190	0.02067	0.01175	0.02294	0.02577	0.76210	0.00610	0.00595	0.00297	0.00320
55	0.00995	0.00663	0.00746	0.00746	0.00746	0.00663	0.00415	0.00995	0.00995	0.01327	0.02156	0.04477	0.02487	0.75957	0.03482	0.00663	0.00663	0.00995	0.00415	0.00415
56	0.00995	0.00663	0.00746	0.00746	0.00746	0.00663	0.00415	0.00995	0.00995	0.01327	0.02156	0.04477	0.02487	0.75957	0.03482	0.00663	0.00663	0.00995	0.00415	0.00415
57	0.05899	0.02289	0.02104	0.02034	0.10190	0.32450	0.04222	0.05111	0.05379	0.01995	0.01168	0.01466	0.00986	0.00834	0.01067	0.00221	0.20823	0.00540	0.00372	0.00849
58	0.23137	0.01604	0.01800	0.05790	0.10168	0.01763	0.01246	0.31545	0.05044	0.09247	0.01530	0.01613	0.01111	0.00746	0.00615	0.00210	0.00687	0.00562	0.00567	0.01016
59	0.12851	0.10809	0.02074	0.01471	0.01972	0.14909	0.01215	0.40587	0.02501	0.03356	0.01365	0.01435	0.01023	0.00748	0.00609	0.00194	0.00807	0.00523	0.00544	0.01007
60	0.01136	0.00607	0.00860	0.00867	0.00869	0.00605	0.00563	0.00913	0.00930	0.01240	0.01488	0.05973	0.01585	0.15936	0.02738	0.61695	0.00598	0.00732	0.00335	0.00331
61	0.01773	0.40010	0.27702	0.01532	0.02234	0.12520	0.01673	0.02189	0.01489	0.01816	0.01064	0.01240	0.00874	0.00626	0.00539	0.00176	0.00903	0.00426	0.00300	0.00913
62	0.08024	0.16888	0.22510	0.01711	0.02360	0.09485	0.09506	0.10016	0.04182	0.04871	0.01299	0.01472	0.00990	0.00688	0.00664	0.00202	0.03260	0.00528	0.00394	0.00948
63	0.01555	0.32600	0.44947	0.01639	0.02480	0.02035	0.01986	0.02120	0.01423	0.01944	0.01117	0.01306	0.00871	0.00624	0.00566	0.00189	0.00900	0.00450	0.00290	0.00958

[dist]
# distance from previous block
# <min> <max>
5	8

# created by:
# /home/berkeley/.conda/envs/busco_data_prod/bin/msa2prfl.pl pipeline/OGs_align_augustus/4893/34159.fs
