[name]
unknown

[dist]
# distance from previous block
# <min> <max>
0	8

[block]
# block no. 0 follows, 33 sequences, length 173
# corresponding to MSA columns:
# 8-180
name=unknown_A
#
# <colnr> <probs for GDERKNQSTAVLIFYWHMCP>
#	G	D	E	R	K	N	Q	S	T	A	V	L	I	F	Y	W	H	M	C	P
0	0.07577	0.03538	0.08091	0.16514	0.11089	0.16796	0.16574	0.02052	0.01495	0.01949	0.01259	0.01793	0.01041	0.00697	0.00710	0.00210	0.03633	0.03826	0.00337	0.00823
1	0.01152	0.00768	0.01034	0.00940	0.01150	0.00703	0.03989	0.01380	0.01568	0.10242	0.26261	0.10967	0.20908	0.09163	0.04743	0.00305	0.00504	0.02955	0.00624	0.00643
2	0.04024	0.00899	0.01251	0.14301	0.07940	0.00961	0.00972	0.01488	0.08424	0.01905	0.12514	0.14739	0.06575	0.05901	0.01198	0.14285	0.00558	0.00955	0.00476	0.00634
3	0.01422	0.01440	0.05390	0.11747	0.30430	0.01384	0.13429	0.01924	0.06342	0.02144	0.10908	0.04490	0.01868	0.00813	0.00757	0.02725	0.00759	0.00746	0.00405	0.00879
4	0.01393	0.05658	0.29517	0.01663	0.09122	0.03545	0.01567	0.04784	0.01630	0.05309	0.20173	0.06342	0.02586	0.00934	0.00680	0.00208	0.00704	0.02862	0.00469	0.00854
5	0.01019	0.00651	0.00832	0.00827	0.00920	0.00630	0.00571	0.01066	0.01210	0.04069	0.11166	0.10552	0.14976	0.19732	0.10262	0.18902	0.00634	0.01017	0.00478	0.00486
6	0.01475	0.01280	0.01960	0.17070	0.30957	0.01365	0.01519	0.10421	0.01630	0.02254	0.05791	0.04942	0.04599	0.01207	0.07930	0.00289	0.00814	0.00717	0.02912	0.00868
7	0.11895	0.09004	0.16667	0.01402	0.01940	0.11943	0.01330	0.15025	0.10681	0.06967	0.01510	0.01578	0.01124	0.00710	0.00579	0.00192	0.00752	0.00520	0.05257	0.00923
8	0.02836	0.01309	0.01644	0.01261	0.01775	0.01247	0.01042	0.20757	0.02200	0.55218	0.02332	0.02069	0.01497	0.00808	0.00661	0.00202	0.00603	0.00644	0.00774	0.01120
9	0.10102	0.01690	0.01784	0.01370	0.01894	0.04806	0.02930	0.43538	0.02417	0.03418	0.01392	0.01470	0.01032	0.00693	0.00596	0.00175	0.00680	0.00521	0.00551	0.18942
10	0.01407	0.01328	0.01961	0.41149	0.17660	0.04875	0.01618	0.03884	0.01438	0.01907	0.01345	0.06373	0.01149	0.00717	0.00644	0.00200	0.00789	0.00635	0.00345	0.10576
11	0.01760	0.77260	0.03450	0.01126	0.01690	0.02605	0.01126	0.01971	0.01338	0.01549	0.00915	0.01056	0.00845	0.00563	0.00422	0.00141	0.00704	0.00352	0.00282	0.00845
12	0.00838	0.00667	0.00752	0.00736	0.00927	0.00580	0.00550	0.01059	0.01633	0.02107	0.31887	0.07771	0.45054	0.01555	0.00779	0.00218	0.00326	0.01326	0.00655	0.00580
13	0.01544	0.01477	0.02517	0.19865	0.57604	0.01542	0.01978	0.01945	0.01458	0.02047	0.01223	0.01657	0.01006	0.00602	0.00653	0.00201	0.00803	0.00586	0.00318	0.00974
14	0.00801	0.00577	0.00760	0.00906	0.00952	0.00536	0.00606	0.00918	0.01271	0.01685	0.03759	0.73431	0.07273	0.02046	0.00838	0.00265	0.00380	0.01851	0.00611	0.00536
15	0.00869	0.00579	0.00740	0.00869	0.00925	0.00547	0.00587	0.01014	0.01279	0.01803	0.03394	0.64737	0.03932	0.01858	0.00780	0.00249	0.00370	0.01673	0.13245	0.00547
16	0.01148	0.00574	0.00846	0.00846	0.00853	0.00574	0.00566	0.00890	0.00883	0.01207	0.01192	0.02023	0.01170	0.02214	0.02471	0.76960	0.00559	0.00574	0.04150	0.00302
17	0.04068	0.00915	0.01194	0.01031	0.01345	0.00831	0.00799	0.04267	0.01621	0.37534	0.05027	0.18940	0.08326	0.01330	0.00913	0.08868	0.00499	0.00987	0.00678	0.00828
18	0.02551	0.01766	0.01928	0.01478	0.02003	0.01926	0.01221	0.63338	0.02965	0.11556	0.01690	0.01651	0.01174	0.00793	0.00659	0.00198	0.00707	0.00600	0.00675	0.01120
19	0.01251	0.00744	0.00982	0.00882	0.01094	0.00676	0.00676	0.01553	0.01867	0.13798	0.61372	0.04494	0.05487	0.01262	0.00758	0.00207	0.00350	0.01107	0.00739	0.00700
20	0.00952	0.00636	0.00720	0.00725	0.00727	0.00635	0.00407	0.00956	0.00968	0.01291	0.02130	0.06900	0.02464	0.74176	0.03261	0.00625	0.00629	0.00990	0.00407	0.00404
21	0.00844	0.00595	0.00756	0.00861	0.00916	0.00558	0.00573	0.00966	0.01278	0.01723	0.08443	0.55697	0.07579	0.12088	0.01161	0.00307	0.00407	0.01635	0.03083	0.00526
22	0.01243	0.01170	0.01975	0.75282	0.04534	0.01463	0.01828	0.01682	0.01316	0.01682	0.01170	0.01755	0.00878	0.00658	0.00658	0.00219	0.00878	0.00585	0.00293	0.00731
23	0.00830	0.00593	0.00796	0.00948	0.00999	0.00559	0.00659	0.00965	0.01288	0.01712	0.03613	0.69033	0.04293	0.02036	0.00848	0.00271	0.00406	0.08999	0.00611	0.00542
24	0.05366	0.00711	0.00892	0.00986	0.01093	0.00705	0.00731	0.01243	0.03482	0.03943	0.03178	0.40222	0.03595	0.11712	0.01155	0.00319	0.00491	0.19018	0.00579	0.00578
25	0.02637	0.01629	0.01843	0.01413	0.01934	0.01722	0.01167	0.50553	0.02735	0.24667	0.01883	0.01777	0.01271	0.00798	0.00660	0.00199	0.00676	0.00613	0.00705	0.01120
26	0.00942	0.00701	0.01037	0.01037	0.01147	0.00811	0.00796	0.01162	0.01052	0.01512	0.01783	0.02695	0.01693	0.09473	0.69784	0.01032	0.01692	0.00721	0.00356	0.00576
27	0.81514	0.01273	0.00968	0.00866	0.01273	0.01477	0.00713	0.01935	0.01120	0.02954	0.00917	0.01069	0.00713	0.00611	0.00407	0.00204	0.00509	0.00356	0.00407	0.00713
28	0.00853	0.00615	0.00810	0.00932	0.01007	0.00578	0.00665	0.01012	0.01355	0.01801	0.09697	0.54405	0.08288	0.03865	0.00906	0.00274	0.00412	0.11359	0.00615	0.00550
29	0.01726	0.01458	0.01538	0.01358	0.01746	0.01679	0.01063	0.10360	0.64562	0.02897	0.02567	0.02367	0.01919	0.00883	0.00669	0.00221	0.00542	0.00729	0.00669	0.01050
30	0.02461	0.03093	0.01869	0.01690	0.02035	0.71706	0.01271	0.04996	0.01908	0.01700	0.01037	0.01201	0.00857	0.00682	0.00596	0.00171	0.01171	0.00430	0.00350	0.00776
31	0.01554	0.01776	0.03885	0.02775	0.03441	0.01665	0.70366	0.02109	0.01554	0.02109	0.01332	0.01776	0.00999	0.00555	0.00777	0.00222	0.01110	0.00777	0.00333	0.00888
32	0.00876	0.00668	0.00805	0.00777	0.00951	0.00597	0.00581	0.01133	0.01723	0.02322	0.48298	0.07695	0.28226	0.01476	0.00779	0.00214	0.00321	0.01279	0.00683	0.00597
33	0.00802	0.00573	0.00764	0.00917	0.00955	0.00535	0.00611	0.00917	0.01260	0.01681	0.03628	0.76434	0.04354	0.02062	0.00840	0.00267	0.00382	0.01872	0.00611	0.00535
34	0.01611	0.01387	0.01466	0.01321	0.01685	0.01600	0.01026	0.03414	0.68976	0.02750	0.05272	0.02548	0.02166	0.00910	0.00674	0.00223	0.00513	0.00761	0.00672	0.01026
35	0.00808	0.00575	0.00762	0.00909	0.00946	0.00539	0.00603	0.00918	0.01249	0.01666	0.03571	0.73753	0.04281	0.04843	0.00934	0.00281	0.00391	0.01838	0.00603	0.00530
36	0.00952	0.00639	0.00732	0.00736	0.00742	0.00642	0.00421	0.00964	0.00970	0.01298	0.02112	0.06504	0.02428	0.71938	0.05820	0.00642	0.00671	0.00977	0.00404	0.00410
37	0.00819	0.00580	0.00759	0.00895	0.00929	0.00546	0.00588	0.00921	0.01228	0.01637	0.03462	0.68698	0.04144	0.10085	0.01110	0.00307	0.00409	0.01773	0.00588	0.00520
38	0.02030	0.04725	0.02110	0.08579	0.17423	0.25888	0.01469	0.15351	0.06568	0.02291	0.01283	0.01506	0.01023	0.00722	0.00735	0.00196	0.06248	0.00535	0.00410	0.00907
39	0.09959	0.06792	0.45773	0.01646	0.04246	0.01472	0.01878	0.02287	0.01461	0.16403	0.01425	0.01515	0.00987	0.00657	0.00600	0.00203	0.00822	0.00503	0.00400	0.00970
40	0.00790	0.00662	0.00688	0.00693	0.00900	0.00559	0.00515	0.00964	0.01513	0.01834	0.11196	0.10238	0.63859	0.01667	0.00781	0.00224	0.00335	0.01403	0.00619	0.00559
41	0.35198	0.09548	0.01751	0.03037	0.01689	0.12647	0.02879	0.01944	0.01239	0.02175	0.00934	0.01223	0.00800	0.00766	0.00938	0.00216	0.21485	0.00443	0.00346	0.00741
42	0.01037	0.00693	0.00885	0.00946	0.01102	0.00649	0.00744	0.01269	0.01506	0.05586	0.13041	0.23008	0.16471	0.01662	0.00807	0.00251	0.00440	0.22946	0.06348	0.00608
43	0.06791	0.07295	0.03761	0.03984	0.07437	0.01876	0.01263	0.34724	0.20408	0.03237	0.01727	0.01743	0.01285	0.00765	0.00628	0.00201	0.00673	0.00597	0.00571	0.01033
44	0.01398	0.16366	0.61168	0.01745	0.02646	0.01718	0.02203	0.02065	0.01381	0.01991	0.01135	0.01331	0.00836	0.00615	0.00590	0.00197	0.00926	0.00463	0.00279	0.00950
45	0.01816	0.33412	0.11793	0.01804	0.13539	0.01977	0.04383	0.11233	0.01662	0.07222	0.01477	0.01605	0.04061	0.00671	0.00565	0.00177	0.00745	0.00525	0.00393	0.00939
46	0.01544	0.02200	0.23451	0.07161	0.30875	0.05238	0.15896	0.02068	0.01486	0.02069	0.01226	0.01574	0.00954	0.00600	0.00667	0.00205	0.00930	0.00588	0.00312	0.00959
47	0.00906	0.00721	0.00834	0.00879	0.01080	0.00660	0.00713	0.01175	0.03613	0.01905	0.07906	0.06540	0.44436	0.01684	0.00820	0.00249	0.00431	0.24244	0.00616	0.00590
48	0.81514	0.01273	0.00968	0.00866	0.01273	0.01477	0.00713	0.01935	0.01120	0.02954	0.00917	0.01069	0.00713	0.00611	0.00407	0.00204	0.00509	0.00356	0.00407	0.00713
49	0.01075	0.00605	0.00847	0.00893	0.00945	0.00577	0.00608	0.01013	0.01123	0.05067	0.04218	0.33995	0.04427	0.02078	0.01646	0.38318	0.00478	0.01167	0.00471	0.00449
50	0.00957	0.00638	0.00718	0.00718	0.00718	0.00638	0.00399	0.00957	0.00957	0.01276	0.02074	0.04308	0.02393	0.76864	0.03351	0.00638	0.00638	0.00957	0.00399	0.00399
51	0.01036	0.00745	0.01029	0.01173	0.01323	0.00738	0.01014	0.01324	0.01504	0.01948	0.03645	0.10345	0.07122	0.01822	0.00900	0.00298	0.00583	0.62240	0.00607	0.00601
52	0.02467	0.01826	0.01956	0.01508	0.02028	0.02025	0.01243	0.67827	0.05888	0.04092	0.01625	0.01616	0.01156	0.00794	0.00659	0.00199	0.00716	0.00599	0.00659	0.01116
53	0.00802	0.00573	0.00764	0.00917	0.00955	0.00535	0.00611	0.00917	0.01260	0.01681	0.03628	0.76434	0.04354	0.02062	0.00840	0.00267	0.00382	0.01872	0.00611	0.00535
54	0.01637	0.01414	0.01489	0.01340	0.01712	0.01637	0.01042	0.03498	0.71568	0.02754	0.02679	0.02456	0.02010	0.00893	0.00670	0.00223	0.00521	0.00744	0.00670	0.01042
55	0.00802	0.00573	0.00764	0.00917	0.00955	0.00535	0.00611	0.00917	0.01260	0.01681	0.03628	0.76434	0.04354	0.02062	0.00840	0.00267	0.00382	0.01872	0.00611	0.00535
56	0.01324	0.00767	0.00956	0.00854	0.01101	0.00678	0.00657	0.01575	0.01745	0.17537	0.37356	0.04726	0.23726	0.03053	0.00811	0.00220	0.00378	0.01127	0.00705	0.00705
57	0.81514	0.01273	0.00968	0.00866	0.01273	0.01477	0.00713	0.01935	0.01120	0.02954	0.00917	0.01069	0.00713	0.00611	0.00407	0.00204	0.00509	0.00356	0.00407	0.00713
58	0.01760	0.77260	0.03450	0.01126	0.01690	0.02605	0.01126	0.01971	0.01338	0.01549	0.00915	0.01056	0.00845	0.00563	0.00422	0.00141	0.00704	0.00352	0.00282	0.00845
59	0.00932	0.00673	0.00880	0.00828	0.00984	0.00621	0.00621	0.01242	0.01863	0.02640	0.72410	0.04918	0.06212	0.01346	0.00776	0.00207	0.00311	0.01191	0.00725	0.00621
60	0.08840	0.00722	0.00806	0.00806	0.00966	0.00698	0.00574	0.01321	0.01357	0.07330	0.09692	0.23260	0.13919	0.13503	0.01115	0.00286	0.00423	0.01160	0.12624	0.00597
61	0.01032	0.00626	0.00661	0.00677	0.00831	0.00589	0.00494	0.01268	0.01405	0.02146	0.06425	0.12697	0.21530	0.03568	0.00696	0.00203	0.00334	0.01013	0.43222	0.00582
62	0.02503	0.01844	0.01976	0.01515	0.02042	0.02042	0.01251	0.70562	0.03095	0.04149	0.01581	0.01581	0.01120	0.00790	0.00659	0.00198	0.00724	0.00593	0.00659	0.01120
63	0.00941	0.00702	0.01041	0.01041	0.01152	0.00814	0.00801	0.01165	0.01053	0.01516	0.01779	0.02673	0.01684	0.08570	0.70674	0.01037	0.01707	0.00718	0.00355	0.00578
64	0.00871	0.00677	0.00790	0.00775	0.00953	0.00594	0.00566	0.01080	0.01568	0.02070	0.29683	0.14954	0.32796	0.05175	0.00897	0.00238	0.00353	0.01319	0.00633	0.04010
65	0.00802	0.00573	0.00764	0.00917	0.00955	0.00535	0.00611	0.00917	0.01260	0.01681	0.03628	0.76434	0.04354	0.02062	0.00840	0.00267	0.00382	0.01872	0.00611	0.00535
66	0.01637	0.01414	0.01489	0.01340	0.01712	0.01637	0.01042	0.03498	0.71568	0.02754	0.02679	0.02456	0.02010	0.00893	0.00670	0.00223	0.00521	0.00744	0.00670	0.01042
67	0.01144	0.00572	0.00858	0.00858	0.00858	0.00572	0.00572	0.00858	0.00858	0.01144	0.01144	0.02001	0.01144	0.02287	0.02573	0.80846	0.00572	0.00572	0.00286	0.00286
68	0.01011	0.00808	0.01192	0.01152	0.01253	0.00990	0.00909	0.01233	0.01051	0.01536	0.01637	0.02426	0.01536	0.04407	0.64150	0.00950	0.12120	0.00687	0.00344	0.00606
69	0.02954	0.01120	0.01528	0.01171	0.01681	0.00968	0.00968	0.03208	0.01884	0.73213	0.02597	0.02241	0.01630	0.00815	0.00662	0.00204	0.00560	0.00662	0.00815	0.01120
70	0.01738	0.73530	0.06985	0.01164	0.01748	0.02551	0.01192	0.01977	0.01340	0.01576	0.00929	0.01073	0.00844	0.00566	0.00433	0.00144	0.00718	0.00359	0.00281	0.00851
71	0.01847	0.03930	0.07471	0.09815	0.02114	0.01606	0.01262	0.32846	0.05173	0.05039	0.06004	0.04462	0.05885	0.00979	0.00838	0.04283	0.04290	0.00706	0.00543	0.00908
72	0.01095	0.00572	0.00844	0.00866	0.00871	0.00567	0.00577	0.00866	0.00915	0.01220	0.01495	0.12534	0.01598	0.02255	0.02328	0.69444	0.00545	0.00756	0.00332	0.00321
73	0.81514	0.01273	0.00968	0.00866	0.01273	0.01477	0.00713	0.01935	0.01120	0.02954	0.00917	0.01069	0.00713	0.00611	0.00407	0.00204	0.00509	0.00356	0.00407	0.00713
74	0.01243	0.01170	0.01975	0.75282	0.04534	0.01463	0.01828	0.01682	0.01316	0.01682	0.01170	0.01755	0.00878	0.00658	0.00658	0.00219	0.00878	0.00585	0.00293	0.00731
75	0.01259	0.01186	0.02003	0.72376	0.07317	0.01467	0.01836	0.01696	0.01324	0.01701	0.01173	0.01750	0.00884	0.00655	0.00658	0.00218	0.00874	0.00585	0.00294	0.00744
76	0.01461	0.01357	0.01917	0.39948	0.16699	0.07628	0.01602	0.01897	0.05048	0.04738	0.01588	0.10298	0.01394	0.00826	0.00673	0.00216	0.00798	0.00730	0.00380	0.00803
77	0.00992	0.00762	0.00918	0.00863	0.01056	0.00734	0.00652	0.01467	0.10279	0.02509	0.52860	0.04857	0.16862	0.01345	0.00764	0.00212	0.00340	0.01170	0.00699	0.00661
78	0.00809	0.00578	0.00770	0.00912	0.00956	0.00539	0.00612	0.00933	0.01291	0.01729	0.07102	0.72822	0.04448	0.02026	0.00837	0.00264	0.00378	0.01837	0.00617	0.00539
79	0.01004	0.00808	0.00913	0.00870	0.01091	0.00785	0.00664	0.01539	0.14377	0.02300	0.31663	0.05109	0.31434	0.01405	0.00762	0.00219	0.00367	0.03352	0.00666	0.00671
80	0.01036	0.00708	0.01018	0.01005	0.01136	0.00786	0.00771	0.01266	0.01170	0.04719	0.06952	0.05551	0.02106	0.07291	0.56453	0.00869	0.01437	0.00788	0.04335	0.00604
81	0.81514	0.01273	0.00968	0.00866	0.01273	0.01477	0.00713	0.01935	0.01120	0.02954	0.00917	0.01069	0.00713	0.00611	0.00407	0.00204	0.00509	0.00356	0.00407	0.00713
82	0.05311	0.01450	0.01648	0.01282	0.01761	0.01506	0.01054	0.37904	0.02434	0.27786	0.01966	0.01879	0.01339	0.00790	0.00631	0.00195	0.00618	0.00610	0.08782	0.01054
83	0.01263	0.00778	0.00957	0.00883	0.01114	0.00710	0.00678	0.01575	0.04702	0.14131	0.32054	0.07327	0.22401	0.04177	0.00857	0.00234	0.00396	0.04383	0.00686	0.00694
84	0.01123	0.00760	0.01060	0.01189	0.01348	0.00751	0.01025	0.01411	0.01513	0.05001	0.03458	0.12138	0.03737	0.01793	0.00894	0.00296	0.00588	0.60676	0.00615	0.00623
85	0.01061	0.00758	0.01061	0.01212	0.01364	0.00758	0.01061	0.01364	0.01515	0.01970	0.03486	0.07426	0.03789	0.01819	0.00909	0.00303	0.00606	0.68326	0.00606	0.00606
86	0.04083	0.00760	0.00930	0.00917	0.01091	0.00739	0.00686	0.01529	0.05579	0.09407	0.21347	0.20424	0.05932	0.08409	0.00982	0.00266	0.00431	0.07813	0.08017	0.00656
87	0.01059	0.00642	0.00855	0.00935	0.01031	0.00592	0.00645	0.01194	0.01347	0.09887	0.06419	0.62358	0.04054	0.04496	0.00905	0.00270	0.00408	0.01672	0.00632	0.00601
88	0.02519	0.01818	0.01959	0.01502	0.02028	0.02003	0.01241	0.68117	0.03051	0.06656	0.01617	0.01605	0.01138	0.00791	0.00659	0.00198	0.00718	0.00595	0.00664	0.01120
89	0.81514	0.01273	0.00968	0.00866	0.01273	0.01477	0.00713	0.01935	0.01120	0.02954	0.00917	0.01069	0.00713	0.00611	0.00407	0.00204	0.00509	0.00356	0.00407	0.00713
90	0.00996	0.00674	0.00833	0.00862	0.01018	0.00608	0.00635	0.01184	0.01499	0.07011	0.16921	0.29938	0.24825	0.03567	0.00865	0.00250	0.00391	0.06680	0.00641	0.00601
91	0.01152	0.00724	0.00938	0.00855	0.01056	0.00656	0.00652	0.01445	0.01839	0.10663	0.59453	0.04718	0.10683	0.01309	0.00763	0.00208	0.00341	0.01145	0.00726	0.00673
92	0.00957	0.00638	0.00718	0.00718	0.00718	0.00638	0.00399	0.00957	0.00957	0.01276	0.02074	0.04308	0.02393	0.76864	0.03351	0.00638	0.00638	0.00957	0.00399	0.00399
93	0.05045	0.01590	0.01758	0.01374	0.01875	0.03423	0.01127	0.39654	0.07930	0.26378	0.01962	0.01837	0.01335	0.00798	0.00651	0.00201	0.00660	0.00615	0.00694	0.01092
94	0.01065	0.00760	0.00976	0.00956	0.01067	0.00830	0.00688	0.01405	0.10552	0.01698	0.07366	0.04831	0.02238	0.21550	0.29207	0.09932	0.00998	0.00820	0.02494	0.00569
95	0.02212	0.01653	0.01743	0.01390	0.01830	0.03476	0.01126	0.53284	0.07293	0.03619	0.01774	0.02081	0.01390	0.06368	0.00852	0.00232	0.00689	0.03011	0.04968	0.01008
96	0.04250	0.03109	0.62990	0.04416	0.02806	0.01533	0.03834	0.02139	0.05010	0.02137	0.01252	0.01455	0.00896	0.00638	0.00624	0.00210	0.00933	0.00505	0.00305	0.00957
97	0.02429	0.06610	0.01950	0.01655	0.02019	0.65337	0.01263	0.07713	0.01933	0.01799	0.01055	0.01211	0.00868	0.00681	0.00590	0.00170	0.01129	0.00433	0.00360	0.00794
98	0.00970	0.00683	0.00796	0.00795	0.00844	0.00700	0.00498	0.01104	0.04419	0.01429	0.02434	0.07081	0.07021	0.56209	0.11769	0.00628	0.00742	0.00982	0.00429	0.00469
99	0.01349	0.01224	0.01686	0.07912	0.07577	0.03757	0.02945	0.04683	0.08362	0.01860	0.01496	0.02030	0.01309	0.02441	0.29199	0.00553	0.19847	0.00645	0.00374	0.00752
100	0.00895	0.00659	0.00821	0.00823	0.00972	0.00599	0.00613	0.01114	0.01624	0.02186	0.39537	0.14283	0.22172	0.01593	0.00886	0.04393	0.00356	0.05243	0.00652	0.00576
101	0.00802	0.00573	0.00764	0.00917	0.00955	0.00535	0.00611	0.00917	0.01260	0.01681	0.03628	0.76434	0.04354	0.02062	0.00840	0.00267	0.00382	0.01872	0.00611	0.00535
102	0.00802	0.00573	0.00764	0.00917	0.00955	0.00535	0.00611	0.00917	0.01260	0.01681	0.03628	0.76434	0.04354	0.02062	0.00840	0.00267	0.00382	0.01872	0.00611	0.00535
103	0.01266	0.00772	0.00927	0.00883	0.01082	0.00717	0.00642	0.01543	0.06203	0.14271	0.12361	0.20347	0.21376	0.13183	0.01163	0.00292	0.00441	0.01234	0.00632	0.00666
104	0.00951	0.00635	0.00720	0.00727	0.00728	0.00634	0.00408	0.00956	0.00970	0.01294	0.02141	0.07414	0.02478	0.73642	0.03243	0.00622	0.00627	0.00997	0.00408	0.00405
105	0.02954	0.01120	0.01528	0.01171	0.01681	0.00968	0.00968	0.03208	0.01884	0.73213	0.02597	0.02241	0.01630	0.00815	0.00662	0.00204	0.00560	0.00662	0.00815	0.01120
106	0.00796	0.00668	0.00691	0.00685	0.00900	0.00563	0.00514	0.00979	0.01542	0.01877	0.14186	0.06173	0.64912	0.01631	0.00778	0.00221	0.00331	0.01367	0.00624	0.00563
107	0.01039	0.00686	0.00788	0.00769	0.00895	0.00634	0.00521	0.01152	0.01307	0.06742	0.10230	0.08033	0.24590	0.35492	0.01936	0.00411	0.00495	0.03208	0.00541	0.00532
108	0.81514	0.01273	0.00968	0.00866	0.01273	0.01477	0.00713	0.01935	0.01120	0.02954	0.00917	0.01069	0.00713	0.00611	0.00407	0.00204	0.00509	0.00356	0.00407	0.00713
109	0.00932	0.00673	0.00880	0.00828	0.00984	0.00621	0.00621	0.01242	0.01863	0.02640	0.72410	0.04918	0.06212	0.01346	0.00776	0.00207	0.00311	0.01191	0.00725	0.00621
110	0.00779	0.00662	0.00672	0.00679	0.00892	0.00555	0.00506	0.00943	0.01489	0.01774	0.06523	0.09711	0.69209	0.01686	0.00781	0.00224	0.00336	0.01413	0.00611	0.00555
111	0.02503	0.01844	0.01976	0.01515	0.02042	0.02042	0.01251	0.70562	0.03095	0.04149	0.01581	0.01581	0.01120	0.00790	0.00659	0.00198	0.00724	0.00593	0.00659	0.01120
112	0.01365	0.01170	0.01365	0.00975	0.01560	0.00878	0.00780	0.01658	0.01365	0.02145	0.01170	0.01365	0.00975	0.00488	0.00488	0.00098	0.00488	0.00390	0.00390	0.80888
113	0.02503	0.01844	0.01976	0.01515	0.02042	0.02042	0.01251	0.70562	0.03095	0.04149	0.01581	0.01581	0.01120	0.00790	0.00659	0.00198	0.00724	0.00593	0.00659	0.01120
114	0.02521	0.01814	0.01957	0.01501	0.02027	0.01998	0.01240	0.67815	0.03046	0.06966	0.01622	0.01607	0.01140	0.00791	0.00659	0.00198	0.00718	0.00596	0.00665	0.01120
115	0.01773	0.65711	0.09222	0.01231	0.01812	0.07672	0.01247	0.02028	0.01380	0.01598	0.00945	0.01094	0.00844	0.00577	0.00452	0.00149	0.00761	0.00369	0.00285	0.00850
116	0.01320	0.03405	0.73453	0.01876	0.02849	0.01529	0.02432	0.02085	0.01390	0.02085	0.01181	0.01390	0.00834	0.00625	0.00625	0.00208	0.00973	0.00486	0.00278	0.00973
117	0.00932	0.00673	0.00880	0.00828	0.00984	0.00621	0.00621	0.01242	0.01863	0.02640	0.72410	0.04918	0.06212	0.01346	0.00776	0.00207	0.00311	0.01191	0.00725	0.00621
118	0.81514	0.01273	0.00968	0.00866	0.01273	0.01477	0.00713	0.01935	0.01120	0.02954	0.00917	0.01069	0.00713	0.00611	0.00407	0.00204	0.00509	0.00356	0.00407	0.00713
119	0.01365	0.01170	0.01365	0.00975	0.01560	0.00878	0.00780	0.01658	0.01365	0.02145	0.01170	0.01365	0.00975	0.00488	0.00488	0.00098	0.00488	0.00390	0.00390	0.80888
120	0.00957	0.00638	0.00718	0.00718	0.00718	0.00638	0.00399	0.00957	0.00957	0.01276	0.02074	0.04308	0.02393	0.76864	0.03351	0.00638	0.00638	0.00957	0.00399	0.00399
121	0.01603	0.01537	0.02625	0.08885	0.68118	0.01557	0.02007	0.01997	0.01487	0.02119	0.01234	0.01638	0.01032	0.00591	0.00652	0.00197	0.00789	0.00586	0.00324	0.01022
122	0.02503	0.01844	0.01976	0.01515	0.02042	0.02042	0.01251	0.70562	0.03095	0.04149	0.01581	0.01581	0.01120	0.00790	0.00659	0.00198	0.00724	0.00593	0.00659	0.01120
123	0.00787	0.00667	0.00679	0.00676	0.00895	0.00559	0.00507	0.00962	0.01521	0.01827	0.10383	0.06256	0.68745	0.01649	0.00778	0.00221	0.00332	0.01378	0.00618	0.00559
124	0.01320	0.03405	0.73453	0.01876	0.02849	0.01529	0.02432	0.02085	0.01390	0.02085	0.01181	0.01390	0.00834	0.00625	0.00625	0.00208	0.00973	0.00486	0.00278	0.00973
125	0.01320	0.03405	0.73453	0.01876	0.02849	0.01529	0.02432	0.02085	0.01390	0.02085	0.01181	0.01390	0.00834	0.00625	0.00625	0.00208	0.00973	0.00486	0.00278	0.00973
126	0.02595	0.01696	0.01884	0.01444	0.01968	0.01821	0.01193	0.56750	0.02847	0.18312	0.01789	0.01716	0.01224	0.00795	0.00659	0.00199	0.00691	0.00607	0.00691	0.01120
127	0.01064	0.00779	0.01049	0.01177	0.01343	0.00780	0.01018	0.01424	0.04515	0.01989	0.03692	0.07131	0.08909	0.01768	0.00889	0.00294	0.00582	0.60369	0.00609	0.00621
128	0.00851	0.00676	0.00778	0.00837	0.01016	0.00603	0.00655	0.01044	0.01470	0.01812	0.05448	0.16627	0.45779	0.01761	0.00819	0.00249	0.00408	0.17993	0.00610	0.00565
129	0.02954	0.01120	0.01528	0.01171	0.01681	0.00968	0.00968	0.03208	0.01884	0.73213	0.02597	0.02241	0.01630	0.00815	0.00662	0.00204	0.00560	0.00662	0.00815	0.01120
130	0.01440	0.01440	0.02016	0.01728	0.01728	0.02016	0.01440	0.01584	0.01008	0.01584	0.00864	0.01440	0.00864	0.01152	0.02160	0.00288	0.75659	0.00576	0.00288	0.00720
131	0.00821	0.00586	0.00785	0.00938	0.00984	0.00551	0.00643	0.00949	0.01279	0.01701	0.03618	0.71500	0.04314	0.02045	0.00845	0.00270	0.00398	0.06623	0.00611	0.00540
132	0.01911	0.01550	0.01643	0.01395	0.01816	0.01765	0.01108	0.24710	0.49911	0.03195	0.02332	0.02179	0.01728	0.00861	0.00666	0.00215	0.00585	0.00696	0.00666	0.01067
133	0.01481	0.01189	0.01392	0.01002	0.01581	0.00919	0.00804	0.03893	0.01446	0.05797	0.01255	0.01416	0.01013	0.00514	0.00502	0.00106	0.00499	0.00410	0.00420	0.74362
134	0.01645	0.01786	0.02025	0.01746	0.01861	0.17537	0.04864	0.01824	0.01249	0.01638	0.01066	0.01735	0.01030	0.01057	0.01682	0.00260	0.51632	0.04312	0.00319	0.00732
135	0.02186	0.08282	0.02016	0.01661	0.01943	0.53242	0.01298	0.02353	0.01640	0.01601	0.00977	0.01232	0.00851	0.00773	0.00921	0.00193	0.17296	0.00452	0.00324	0.00760
136	0.01690	0.01576	0.06044	0.15246	0.44381	0.01525	0.05163	0.05050	0.03039	0.07861	0.01383	0.01709	0.01073	0.00632	0.00659	0.00203	0.00798	0.00600	0.00379	0.00990
137	0.01243	0.01170	0.01975	0.75282	0.04534	0.01463	0.01828	0.01682	0.01316	0.01682	0.01170	0.01755	0.00878	0.00658	0.00658	0.00219	0.00878	0.00585	0.00293	0.00731
138	0.01365	0.01170	0.01365	0.00975	0.01560	0.00878	0.00780	0.01658	0.01365	0.02145	0.01170	0.01365	0.00975	0.00488	0.00488	0.00098	0.00488	0.00390	0.00390	0.80888
139	0.01334	0.05717	0.71261	0.01853	0.02813	0.01563	0.02391	0.02081	0.01388	0.02068	0.01173	0.01379	0.00834	0.00624	0.00619	0.00206	0.00965	0.00482	0.00278	0.00969
140	0.00860	0.00670	0.00781	0.00753	0.00940	0.00591	0.00565	0.01104	0.01694	0.02239	0.41794	0.05578	0.37078	0.01496	0.00777	0.00214	0.00321	0.01283	0.00672	0.00591
141	0.00942	0.00698	0.01019	0.01019	0.01122	0.00801	0.00774	0.01150	0.01046	0.01499	0.01799	0.02786	0.01733	0.13292	0.66019	0.01009	0.01633	0.00735	0.00358	0.00566
142	0.10643	0.01235	0.01534	0.01189	0.01690	0.01166	0.00982	0.12375	0.01976	0.56752	0.02291	0.02034	0.01469	0.00791	0.00636	0.00203	0.00578	0.00622	0.00753	0.01080
143	0.00897	0.00692	0.00825	0.00878	0.01052	0.00633	0.00699	0.01112	0.01503	0.01895	0.11387	0.09490	0.36973	0.05326	0.00948	0.00270	0.00439	0.23800	0.00610	0.00570
144	0.01440	0.01440	0.02016	0.01728	0.01728	0.02016	0.01440	0.01584	0.01008	0.01584	0.00864	0.01440	0.00864	0.01152	0.02160	0.00288	0.75659	0.00576	0.00288	0.00720
145	0.07943	0.01383	0.01692	0.01308	0.01800	0.01386	0.03173	0.26795	0.02207	0.38810	0.02024	0.01904	0.01348	0.00848	0.00729	0.03657	0.00632	0.00617	0.00695	0.01050
146	0.00887	0.00633	0.00826	0.00949	0.01020	0.00606	0.00687	0.01035	0.01295	0.01702	0.03546	0.45190	0.07770	0.12454	0.01206	0.00326	0.00471	0.18282	0.00580	0.00535
147	0.00936	0.00668	0.00850	0.00857	0.00998	0.00624	0.00648	0.01197	0.01656	0.02301	0.43306	0.12896	0.11587	0.04738	0.00896	0.00243	0.00373	0.09930	0.04703	0.00594
148	0.64401	0.01354	0.01160	0.00986	0.01419	0.01536	0.00813	0.12861	0.01478	0.07275	0.01120	0.01219	0.00831	0.00651	0.00462	0.00203	0.00546	0.00412	0.00471	0.00801
149	0.01598	0.01312	0.01389	0.01236	0.01598	0.01467	0.00965	0.07896	0.52873	0.04864	0.03259	0.03030	0.13618	0.01012	0.00687	0.00221	0.00506	0.00838	0.00664	0.00969
150	0.01244	0.00939	0.01103	0.01062	0.01273	0.00971	0.00814	0.12394	0.11061	0.02421	0.15961	0.24067	0.09418	0.04197	0.00871	0.00254	0.00476	0.10118	0.00639	0.00717
151	0.81514	0.01273	0.00968	0.00866	0.01273	0.01477	0.00713	0.01935	0.01120	0.02954	0.00917	0.01069	0.00713	0.00611	0.00407	0.00204	0.00509	0.00356	0.00407	0.00713
152	0.16297	0.01570	0.01685	0.01320	0.01817	0.01693	0.01088	0.41456	0.04871	0.19118	0.01728	0.01668	0.01192	0.00768	0.00616	0.00201	0.00644	0.00572	0.00650	0.01046
153	0.02847	0.01126	0.01501	0.01158	0.01650	0.00996	0.00954	0.06025	0.01911	0.66665	0.02531	0.02223	0.01611	0.00811	0.00652	0.00201	0.00554	0.00657	0.04834	0.01095
154	0.00900	0.00647	0.00819	0.00916	0.00986	0.00620	0.00621	0.04287	0.01356	0.01805	0.05999	0.61535	0.06885	0.08043	0.01031	0.00290	0.00415	0.01691	0.00600	0.00556
155	0.81514	0.01273	0.00968	0.00866	0.01273	0.01477	0.00713	0.01935	0.01120	0.02954	0.00917	0.01069	0.00713	0.00611	0.00407	0.00204	0.00509	0.00356	0.00407	0.00713
156	0.02739	0.01353	0.01656	0.01275	0.01774	0.01324	0.01047	0.26119	0.02269	0.47454	0.02234	0.02079	0.01479	0.03128	0.00743	0.00215	0.00619	0.00647	0.00749	0.01098
157	0.00813	0.00646	0.00730	0.00756	0.00922	0.00563	0.00549	0.00994	0.01512	0.01918	0.18365	0.22597	0.43910	0.01700	0.00792	0.00230	0.00341	0.01466	0.00633	0.00563
158	0.01430	0.00950	0.01100	0.00991	0.01230	0.00954	0.00745	0.10605	0.09567	0.10564	0.14618	0.08800	0.13768	0.17070	0.01285	0.00308	0.00508	0.04157	0.00622	0.00728
159	0.01616	0.00952	0.00999	0.00867	0.01130	0.00999	0.00683	0.19690	0.01846	0.05106	0.02013	0.02219	0.01537	0.00775	0.00519	0.00167	0.00424	0.00610	0.57087	0.00762
160	0.81514	0.01273	0.00968	0.00866	0.01273	0.01477	0.00713	0.01935	0.01120	0.02954	0.00917	0.01069	0.00713	0.00611	0.00407	0.00204	0.00509	0.00356	0.00407	0.00713
161	0.05255	0.00951	0.01128	0.01006	0.01254	0.00966	0.00766	0.09641	0.08967	0.12431	0.08875	0.06587	0.13050	0.03310	0.04357	0.18774	0.00563	0.00855	0.00562	0.00702
162	0.00907	0.00640	0.00723	0.00734	0.00790	0.00612	0.00452	0.00970	0.01148	0.01498	0.07689	0.11355	0.16149	0.50764	0.02463	0.00497	0.00535	0.01139	0.00480	0.00456
163	0.00879	0.00683	0.00804	0.00805	0.00978	0.00620	0.00601	0.01153	0.03753	0.02145	0.32206	0.15035	0.32307	0.01574	0.00787	0.00225	0.00347	0.03843	0.00658	0.00596
164	0.01626	0.42141	0.02922	0.04683	0.04182	0.02214	0.07161	0.03671	0.01318	0.01698	0.01014	0.01335	0.00912	0.00900	0.04063	0.00228	0.18334	0.00480	0.00302	0.00817
165	0.05190	0.00789	0.00914	0.00905	0.01074	0.00773	0.00647	0.04667	0.05312	0.07076	0.09385	0.31111	0.15133	0.12597	0.01139	0.00295	0.00449	0.01311	0.00600	0.00633
166	0.00819	0.00596	0.00763	0.00871	0.00941	0.00550	0.00591	0.00954	0.01335	0.01771	0.10760	0.58392	0.12215	0.04997	0.00929	0.00271	0.00380	0.01712	0.00614	0.00540
167	0.01451	0.01470	0.02538	0.14488	0.31372	0.03953	0.18775	0.01847	0.01486	0.01987	0.01928	0.05380	0.08804	0.00772	0.00704	0.00211	0.00828	0.00769	0.00366	0.00871
168	0.07213	0.07835	0.04831	0.09854	0.10479	0.03629	0.01245	0.11509	0.03671	0.02170	0.01705	0.05181	0.04701	0.01657	0.14524	0.03363	0.04571	0.00662	0.00408	0.00793
169	0.01326	0.01044	0.01215	0.03113	0.03382	0.03267	0.00870	0.04303	0.20665	0.03772	0.02331	0.14207	0.02239	0.15808	0.10203	0.02891	0.03066	0.02579	0.03000	0.00719
170	0.27650	0.04461	0.07272	0.05856	0.15023	0.07287	0.06902	0.02027	0.05154	0.02273	0.01224	0.01563	0.01005	0.03305	0.04240	0.00258	0.02788	0.00524	0.00368	0.00820
171	0.03605	0.00703	0.00886	0.00890	0.01048	0.00658	0.00657	0.01188	0.01399	0.04954	0.16527	0.24459	0.15310	0.01908	0.06429	0.08932	0.00512	0.04930	0.00570	0.04436
172	0.05376	0.01011	0.01190	0.01014	0.01321	0.04366	0.00780	0.02145	0.01610	0.33929	0.13385	0.05358	0.06511	0.13489	0.05270	0.00324	0.00612	0.00847	0.00649	0.00812

[dist]
# distance from previous block
# <min> <max>
0	1

[block]
# block no. 1 follows, 33 sequences, length 39
# corresponding to MSA columns:
# 182-220
name=unknown_B
#
# <colnr> <probs for GDERKNQSTAVLIFYWHMCP>
#	G	D	E	R	K	N	Q	S	T	A	V	L	I	F	Y	W	H	M	C	P
0	0.01779	0.01621	0.04684	0.01401	0.01821	0.04082	0.01141	0.13362	0.56077	0.02894	0.02397	0.02238	0.01788	0.00859	0.00664	0.00217	0.00593	0.00700	0.00640	0.01041
1	0.01760	0.43326	0.05940	0.01747	0.12266	0.10374	0.05333	0.04291	0.01490	0.01794	0.01186	0.05520	0.01092	0.00675	0.00536	0.00169	0.00788	0.00520	0.00329	0.00864
2	0.00852	0.00638	0.00893	0.08574	0.01325	0.00633	0.00737	0.01006	0.01287	0.01713	0.05697	0.66328	0.04059	0.01894	0.00819	0.00260	0.00431	0.01716	0.00582	0.00558
3	0.04711	0.06125	0.11891	0.02230	0.09883	0.03934	0.31410	0.02204	0.01557	0.12923	0.01739	0.01946	0.04972	0.00674	0.00687	0.00208	0.00889	0.00685	0.00414	0.00919
4	0.05961	0.00937	0.01014	0.03343	0.01237	0.00993	0.00719	0.14827	0.01702	0.06668	0.01943	0.02183	0.01493	0.00990	0.04557	0.00219	0.00511	0.00602	0.49353	0.00746
5	0.00969	0.00747	0.01113	0.01096	0.01207	0.00891	0.00858	0.01199	0.01055	0.01531	0.01712	0.02521	0.01601	0.04722	0.70151	0.01014	0.05970	0.00698	0.00349	0.00595
6	0.01599	0.01546	0.02675	0.08937	0.65084	0.01561	0.04898	0.02001	0.01489	0.02116	0.01238	0.01644	0.01029	0.00590	0.00657	0.00198	0.00803	0.00595	0.00324	0.01015
7	0.01538	0.00810	0.01067	0.01007	0.01231	0.00762	0.00763	0.01821	0.05365	0.22784	0.11644	0.28210	0.04629	0.01651	0.04894	0.03181	0.00523	0.04104	0.03271	0.00745
8	0.01003	0.00713	0.00892	0.00847	0.01032	0.00657	0.00647	0.01328	0.03675	0.04992	0.52424	0.05146	0.17696	0.01398	0.00777	0.00215	0.00346	0.04874	0.00700	0.00638
9	0.00957	0.00638	0.00718	0.00718	0.00718	0.00638	0.00399	0.00957	0.00957	0.01276	0.02074	0.04308	0.02393	0.76864	0.03351	0.00638	0.00638	0.00957	0.00399	0.00399
10	0.11141	0.00776	0.00955	0.03450	0.01232	0.00762	0.00733	0.01428	0.01423	0.11112	0.11857	0.39855	0.05984	0.01558	0.00751	0.00243	0.00439	0.05032	0.00615	0.00654
11	0.00844	0.00621	0.00786	0.00846	0.00948	0.00568	0.00592	0.01027	0.01482	0.01993	0.26176	0.41228	0.14887	0.03753	0.00877	0.00251	0.00359	0.01557	0.00642	0.00562
12	0.00940	0.00705	0.01058	0.01058	0.01176	0.00823	0.00823	0.01176	0.01058	0.01528	0.01763	0.02586	0.01646	0.04937	0.74255	0.01058	0.01763	0.00705	0.00353	0.00588
13	0.02488	0.01230	0.01511	0.01221	0.01680	0.01211	0.00988	0.06974	0.22272	0.46509	0.02550	0.02274	0.01714	0.00835	0.00658	0.00207	0.00550	0.00681	0.03367	0.01081
14	0.05641	0.00739	0.00889	0.00860	0.01025	0.00705	0.00622	0.01443	0.01435	0.11834	0.17358	0.18161	0.07093	0.17537	0.01281	0.00311	0.00454	0.04037	0.07949	0.00626
15	0.00849	0.00615	0.00733	0.00802	0.00868	0.00573	0.00523	0.00943	0.01229	0.01596	0.05344	0.38048	0.17629	0.25299	0.01609	0.00373	0.00450	0.01473	0.00548	0.00499
16	0.06376	0.01127	0.01503	0.01158	0.01663	0.00990	0.00956	0.03153	0.01851	0.70152	0.02524	0.02190	0.01590	0.00806	0.00651	0.00204	0.00558	0.00649	0.00797	0.01103
17	0.01105	0.00697	0.00871	0.00879	0.00995	0.00658	0.00609	0.02822	0.01406	0.08312	0.15228	0.30796	0.07792	0.21373	0.01465	0.00345	0.00464	0.03003	0.00595	0.00584
18	0.24775	0.00938	0.00985	0.00899	0.01186	0.00955	0.00700	0.01821	0.03751	0.15538	0.07932	0.09914	0.10853	0.04413	0.00799	0.02885	0.00464	0.03110	0.07361	0.00717
19	0.01629	0.01564	0.02672	0.04041	0.72757	0.01564	0.02020	0.02020	0.01499	0.02151	0.01238	0.01629	0.01043	0.00587	0.00652	0.00196	0.00782	0.00587	0.00326	0.01043
20	0.00894	0.00644	0.00846	0.00899	0.01008	0.00603	0.00660	0.01116	0.01556	0.02130	0.33982	0.32417	0.07295	0.03738	0.00887	0.00254	0.00383	0.09456	0.00655	0.00578
21	0.00960	0.00687	0.00779	0.00751	0.00939	0.00605	0.00549	0.01147	0.01542	0.05861	0.22846	0.07909	0.40642	0.10581	0.01082	0.00269	0.00378	0.01263	0.00626	0.00584
22	0.01155	0.00826	0.00910	0.00849	0.01101	0.00769	0.00663	0.09001	0.01719	0.06233	0.10935	0.07838	0.43606	0.01468	0.00752	0.00221	0.00408	0.05860	0.05026	0.00663
23	0.01161	0.00854	0.01088	0.01151	0.01353	0.00856	0.00985	0.08421	0.01676	0.02162	0.03829	0.06639	0.15164	0.01687	0.00861	0.00279	0.00572	0.49999	0.00612	0.00651
24	0.00874	0.00648	0.00797	0.00875	0.00977	0.00603	0.00607	0.03459	0.01418	0.01860	0.10001	0.51563	0.18110	0.03855	0.00882	0.00260	0.00385	0.01646	0.00617	0.00564
25	0.01570	0.01117	0.01235	0.01128	0.01365	0.03602	0.00848	0.23675	0.01892	0.06406	0.02594	0.32784	0.02707	0.09058	0.01004	0.00272	0.00561	0.03439	0.03987	0.00756
26	0.00802	0.00573	0.00764	0.00917	0.00955	0.00535	0.00611	0.00917	0.01260	0.01681	0.03628	0.76434	0.04354	0.02062	0.00840	0.00267	0.00382	0.01872	0.00611	0.00535
27	0.02503	0.01844	0.01976	0.01515	0.02042	0.02042	0.01251	0.70562	0.03095	0.04149	0.01581	0.01581	0.01120	0.00790	0.00659	0.00198	0.00724	0.00593	0.00659	0.01120
28	0.05089	0.32136	0.30510	0.01545	0.04595	0.04430	0.01650	0.04452	0.01470	0.06879	0.01173	0.01311	0.00905	0.00619	0.00540	0.00179	0.00811	0.00445	0.00339	0.00922
29	0.01998	0.01788	0.16433	0.07937	0.17990	0.03187	0.04535	0.02463	0.04110	0.26432	0.01718	0.01816	0.01208	0.00719	0.00733	0.00209	0.04629	0.00601	0.00492	0.01000
30	0.02050	0.01371	0.01542	0.01299	0.01717	0.01485	0.01034	0.13896	0.40276	0.19812	0.06308	0.02401	0.02008	0.00883	0.00672	0.00214	0.00551	0.00725	0.00706	0.01050
31	0.01320	0.03405	0.73453	0.01876	0.02849	0.01529	0.02432	0.02085	0.01390	0.02085	0.01181	0.01390	0.00834	0.00625	0.00625	0.00208	0.00973	0.00486	0.00278	0.00973
32	0.01062	0.00880	0.01312	0.06582	0.09639	0.00892	0.04732	0.01413	0.07600	0.01843	0.02882	0.45327	0.03210	0.05698	0.00928	0.00271	0.00537	0.03990	0.00534	0.00667
33	0.06356	0.56199	0.07761	0.01230	0.01788	0.07382	0.01205	0.05839	0.03756	0.01851	0.01034	0.01163	0.00890	0.00601	0.00468	0.00157	0.00740	0.00392	0.00326	0.00862
34	0.30939	0.01227	0.01388	0.01174	0.01531	0.01341	0.04693	0.12367	0.01595	0.11639	0.04104	0.07136	0.01580	0.01113	0.04711	0.00262	0.04908	0.03506	0.03980	0.00805
35	0.06059	0.18319	0.02224	0.03210	0.01804	0.07026	0.01287	0.07124	0.06214	0.01931	0.01076	0.01406	0.00950	0.00903	0.01321	0.00230	0.37244	0.00517	0.00351	0.00803
36	0.01295	0.03967	0.06666	0.01436	0.01625	0.05511	0.06376	0.01516	0.01164	0.01609	0.01491	0.02552	0.01486	0.16647	0.16246	0.00488	0.24527	0.04390	0.00345	0.00662
37	0.06529	0.11125	0.12433	0.01620	0.03548	0.09885	0.03717	0.03576	0.01384	0.09224	0.01166	0.01434	0.00944	0.00821	0.01122	0.00219	0.26775	0.00516	0.00367	0.03597
38	0.01585	0.17318	0.32050	0.01868	0.09989	0.04406	0.01795	0.02189	0.07762	0.04612	0.01282	0.01477	0.00999	0.00701	0.00764	0.00202	0.09218	0.00509	0.00343	0.00931

[dist]
# distance from previous block
# <min> <max>
0	23

[block]
# block no. 2 follows, 33 sequences, length 11
# corresponding to MSA columns:
# 244-254
name=unknown_C
#
# <colnr> <probs for GDERKNQSTAVLIFYWHMCP>
#	G	D	E	R	K	N	Q	S	T	A	V	L	I	F	Y	W	H	M	C	P
0	0.01233	0.05763	0.08470	0.00982	0.01322	0.00901	0.00870	0.01597	0.03622	0.08970	0.37215	0.04015	0.15265	0.01162	0.00708	0.00199	0.00446	0.00989	0.00620	0.05651
1	0.01594	0.20482	0.17545	0.01449	0.01943	0.13363	0.04313	0.04471	0.05247	0.02000	0.09127	0.07466	0.01868	0.00879	0.00668	0.00197	0.02940	0.03216	0.00411	0.00822
2	0.01899	0.53046	0.09762	0.01238	0.01824	0.02232	0.01238	0.06663	0.04657	0.10129	0.01258	0.01322	0.01005	0.00628	0.00496	0.00162	0.00706	0.00434	0.00385	0.00916
3	0.01362	0.10334	0.66885	0.01806	0.02741	0.01630	0.02310	0.02074	0.01385	0.02035	0.01156	0.01359	0.00835	0.00620	0.00606	0.00202	0.00948	0.00474	0.00278	0.00961
4	0.05208	0.10266	0.04962	0.01401	0.01804	0.04124	0.05631	0.12952	0.22696	0.02521	0.02217	0.07646	0.01985	0.01023	0.00683	0.00223	0.00661	0.12567	0.00546	0.00884
5	0.02128	0.03888	0.01817	0.06191	0.02006	0.01285	0.08345	0.06902	0.15050	0.32125	0.08583	0.02542	0.02016	0.00865	0.00686	0.00212	0.00626	0.03092	0.00659	0.00983
6	0.01510	0.01183	0.01387	0.01013	0.01567	0.00941	0.00812	0.05979	0.01530	0.06662	0.05005	0.01618	0.01298	0.00571	0.00524	0.00116	0.00497	0.00461	0.00450	0.66875
7	0.00802	0.00573	0.00764	0.00917	0.00955	0.00535	0.00611	0.00917	0.01260	0.01681	0.03628	0.76434	0.04354	0.02062	0.00840	0.00267	0.00382	0.01872	0.00611	0.00535
8	0.00866	0.00642	0.00815	0.00886	0.01005	0.00591	0.00654	0.01066	0.01494	0.01981	0.21564	0.35353	0.17942	0.01772	0.00822	0.00248	0.00385	0.10705	0.00639	0.00570
9	0.01460	0.10746	0.19966	0.07129	0.05944	0.01390	0.08072	0.01947	0.04006	0.06679	0.06834	0.04597	0.04568	0.00760	0.00627	0.00187	0.00722	0.00655	0.00412	0.13297
10	0.01740	0.01794	0.09215	0.16669	0.08325	0.04443	0.15941	0.19932	0.07638	0.02609	0.04125	0.01824	0.01267	0.00708	0.00682	0.00209	0.00849	0.00647	0.00446	0.00935

[dist]
# distance from previous block
# <min> <max>
0	48

[block]
# block no. 3 follows, 33 sequences, length 201
# corresponding to MSA columns:
# 303-503
name=unknown_D
#
# <colnr> <probs for GDERKNQSTAVLIFYWHMCP>
#	G	D	E	R	K	N	Q	S	T	A	V	L	I	F	Y	W	H	M	C	P
0	0.01697	0.01490	0.02077	0.22599	0.20076	0.05724	0.04050	0.06114	0.12700	0.07500	0.01538	0.01798	0.01174	0.00714	0.00733	0.00208	0.04760	0.00607	0.00428	0.04012
1	0.02013	0.01747	0.03716	0.01978	0.16568	0.08497	0.01355	0.26005	0.15756	0.06090	0.06074	0.01952	0.01576	0.00799	0.00701	0.00203	0.02765	0.00642	0.00553	0.01010
2	0.12604	0.06105	0.04020	0.19197	0.06785	0.12778	0.01369	0.16801	0.03923	0.02476	0.04148	0.01618	0.01163	0.00726	0.00661	0.00201	0.03600	0.00544	0.00424	0.00855
3	0.18815	0.01485	0.01834	0.14276	0.18044	0.04125	0.01357	0.15545	0.04184	0.09880	0.01405	0.01590	0.01045	0.00678	0.00597	0.00200	0.00703	0.00541	0.00467	0.03229
4	0.00824	0.00587	0.00781	0.00928	0.00972	0.00552	0.00632	0.00946	0.01266	0.01684	0.03566	0.69653	0.04251	0.04647	0.00932	0.00282	0.00405	0.05957	0.00603	0.00534
5	0.02581	0.01718	0.01898	0.01455	0.01979	0.01855	0.01202	0.58881	0.02885	0.16127	0.01757	0.01695	0.01208	0.00795	0.00659	0.00199	0.00696	0.00605	0.00686	0.01120
6	0.01685	0.01478	0.02111	0.04522	0.30696	0.01448	0.03121	0.14470	0.01728	0.02481	0.01266	0.01536	0.01023	0.00614	0.00658	0.00169	0.03408	0.00529	0.00405	0.26652
7	0.06066	0.06937	0.50579	0.02080	0.11498	0.01614	0.05457	0.04551	0.01455	0.02190	0.01181	0.01409	0.00872	0.00619	0.00614	0.00203	0.00905	0.00502	0.00308	0.00961
8	0.01637	0.01414	0.01489	0.01340	0.01712	0.01637	0.01042	0.03498	0.71568	0.02754	0.02679	0.02456	0.02010	0.00893	0.00670	0.00223	0.00521	0.00744	0.00670	0.01042
9	0.01117	0.00894	0.01278	0.05482	0.14226	0.00888	0.00945	0.03753	0.01642	0.02284	0.36541	0.08692	0.07323	0.07881	0.03932	0.00282	0.00534	0.01042	0.00570	0.00692
10	0.02331	0.01570	0.01864	0.01452	0.01928	0.01680	0.04486	0.41811	0.08210	0.17138	0.06924	0.02025	0.01644	0.00842	0.00717	0.00205	0.02782	0.00670	0.00668	0.01055
11	0.00924	0.00719	0.00847	0.00830	0.01010	0.00673	0.00616	0.01291	0.07374	0.02255	0.37165	0.14173	0.26684	0.01501	0.00776	0.00221	0.00344	0.01303	0.00670	0.00624
12	0.00860	0.00620	0.00826	0.00965	0.01039	0.00586	0.00701	0.01022	0.01343	0.01774	0.05723	0.56345	0.07587	0.01971	0.00850	0.00271	0.00425	0.15925	0.00613	0.00553
13	0.01166	0.00827	0.01060	0.01120	0.03673	0.00835	0.00835	0.03738	0.07225	0.04980	0.11536	0.14424	0.08906	0.08592	0.07054	0.00349	0.00606	0.18920	0.03491	0.00663
14	0.01497	0.01429	0.02433	0.28461	0.49371	0.01529	0.01955	0.01904	0.01436	0.01990	0.01215	0.01672	0.00986	0.00611	0.00654	0.00204	0.00815	0.00586	0.00314	0.00936
