[name]
unknown

[dist]
# distance from previous block
# <min> <max>
0	4

[block]
# block no. 0 follows, 33 sequences, length 8
# corresponding to MSA columns:
# 4-11
name=unknown_A
#
# <colnr> <probs for GDERKNQSTAVLIFYWHMCP>
#	G	D	E	R	K	N	Q	S	T	A	V	L	I	F	Y	W	H	M	C	P
0	0.01024	0.00732	0.01015	0.01148	0.01289	0.00723	0.00976	0.01309	0.01522	0.02003	0.09825	0.13960	0.04067	0.01799	0.00890	0.00291	0.00557	0.55651	0.00618	0.00601
1	0.01537	0.01524	0.02758	0.18311	0.45858	0.01562	0.14805	0.01968	0.01472	0.02047	0.01242	0.01682	0.01001	0.00595	0.00677	0.00205	0.00863	0.00622	0.00320	0.00950
2	0.01121	0.00690	0.00894	0.00925	0.01037	0.00654	0.00647	0.04116	0.01378	0.07901	0.07772	0.43922	0.07906	0.05429	0.01169	0.11426	0.00443	0.01414	0.00583	0.00576
3	0.14982	0.03244	0.04514	0.06162	0.03385	0.12329	0.02659	0.10452	0.01626	0.06686	0.01642	0.08188	0.01394	0.00881	0.00659	0.03469	0.00665	0.00640	0.15650	0.00771
4	0.06634	0.07217	0.01675	0.05396	0.07593	0.06047	0.01089	0.18298	0.09797	0.02454	0.01859	0.11986	0.01721	0.06908	0.08128	0.00323	0.00778	0.00776	0.00492	0.00830
5	0.03756	0.00753	0.00924	0.00935	0.01084	0.00730	0.00667	0.04264	0.04281	0.08163	0.09692	0.39949	0.09872	0.05707	0.01023	0.05151	0.00436	0.01382	0.00606	0.00625
6	0.01403	0.00885	0.01049	0.00971	0.01219	0.00849	0.00739	0.08341	0.05921	0.14106	0.09855	0.20765	0.22001	0.04970	0.00880	0.00248	0.00456	0.03957	0.00653	0.00731
7	0.03927	0.01152	0.05101	0.01229	0.05251	0.03101	0.00933	0.04160	0.04382	0.26160	0.07428	0.15016	0.09887	0.08094	0.00947	0.00256	0.00552	0.00971	0.00625	0.00829

[dist]
# distance from previous block
# <min> <max>
11	36

[block]
# block no. 1 follows, 33 sequences, length 13
# corresponding to MSA columns:
# 48-60
name=unknown_B
#
# <colnr> <probs for GDERKNQSTAVLIFYWHMCP>
#	G	D	E	R	K	N	Q	S	T	A	V	L	I	F	Y	W	H	M	C	P
0	0.01488	0.08499	0.01596	0.01249	0.03648	0.08763	0.05036	0.01884	0.08508	0.07225	0.13271	0.05016	0.10125	0.05881	0.00885	0.02182	0.00606	0.03895	0.00518	0.09725
1	0.01792	0.01869	0.08034	0.03662	0.04019	0.14463	0.17241	0.07494	0.09357	0.07433	0.01667	0.02169	0.01365	0.07040	0.00896	0.00238	0.00860	0.03733	0.00448	0.06220
2	0.01770	0.09049	0.05280	0.01662	0.02162	0.07789	0.20229	0.05454	0.12289	0.10410	0.04637	0.02162	0.04068	0.04084	0.00780	0.00216	0.00780	0.00688	0.00480	0.06012
3	0.05131	0.06895	0.06485	0.01275	0.01755	0.01207	0.08405	0.04886	0.05971	0.06512	0.09587	0.07775	0.01936	0.00970	0.03558	0.00209	0.00643	0.00699	0.00478	0.25624
4	0.04540	0.01695	0.09391	0.01313	0.01746	0.11354	0.03538	0.10891	0.10281	0.04191	0.11091	0.02643	0.05941	0.04664	0.00786	0.00215	0.00678	0.03251	0.00513	0.11277
5	0.04300	0.06679	0.01390	0.01135	0.04480	0.01043	0.00861	0.07279	0.01658	0.12936	0.15559	0.07097	0.10511	0.01249	0.03344	0.03520	0.00546	0.04090	0.00570	0.11756
6	0.06048	0.04515	0.05587	0.01503	0.03916	0.12505	0.06218	0.09138	0.06195	0.04731	0.04638	0.07788	0.04579	0.08202	0.01121	0.00257	0.11065	0.00751	0.00455	0.00789
7	0.09882	0.23240	0.11909	0.01536	0.04236	0.21177	0.04166	0.04822	0.06366	0.02008	0.01261	0.04315	0.01074	0.00699	0.00559	0.00182	0.00844	0.00512	0.00367	0.00847
8	0.06990	0.10877	0.16420	0.01401	0.01953	0.05642	0.01343	0.20594	0.08152	0.07729	0.01787	0.04029	0.03269	0.00819	0.00620	0.00199	0.00722	0.03566	0.00502	0.03388
9	0.06295	0.01472	0.01517	0.01301	0.01703	0.04524	0.01030	0.15148	0.40497	0.10375	0.04693	0.02369	0.04377	0.00885	0.00657	0.00213	0.00574	0.00712	0.00655	0.01004
10	0.01936	0.02165	0.01682	0.01451	0.01776	0.37378	0.01117	0.05847	0.01621	0.01835	0.01157	0.01536	0.01022	0.05752	0.03866	0.00237	0.11160	0.00492	0.00365	0.17607
11	0.00957	0.00638	0.00718	0.00718	0.00718	0.00638	0.00399	0.00957	0.00957	0.01276	0.02074	0.04308	0.02393	0.76864	0.03351	0.00638	0.00638	0.00957	0.00399	0.00399
12	0.01227	0.00614	0.00614	0.00614	0.00767	0.00614	0.00460	0.01534	0.01381	0.02454	0.02148	0.02454	0.01687	0.00767	0.00460	0.00153	0.00307	0.00614	0.80518	0.00614

[dist]
# distance from previous block
# <min> <max>
0	9

[block]
# block no. 2 follows, 33 sequences, length 85
# corresponding to MSA columns:
# 70-154
name=unknown_C
#
# <colnr> <probs for GDERKNQSTAVLIFYWHMCP>
#	G	D	E	R	K	N	Q	S	T	A	V	L	I	F	Y	W	H	M	C	P
0	0.01900	0.01395	0.01581	0.01194	0.01734	0.01313	0.00968	0.23222	0.08225	0.09988	0.01576	0.01617	0.01178	0.00650	0.00574	0.00150	0.00571	0.00512	0.00541	0.41111
1	0.09035	0.01754	0.01668	0.01403	0.01833	0.09780	0.01117	0.28499	0.31961	0.03170	0.01929	0.01866	0.01433	0.00806	0.00634	0.00206	0.00670	0.00618	0.00606	0.01012
2	0.01227	0.00614	0.00614	0.00614	0.00767	0.00614	0.00460	0.01534	0.01381	0.02454	0.02148	0.02454	0.01687	0.00767	0.00460	0.00153	0.00307	0.00614	0.80518	0.00614
3	0.01872	0.57057	0.07996	0.01294	0.01841	0.17088	0.01247	0.02113	0.01449	0.01599	0.00955	0.01106	0.00845	0.00591	0.00471	0.00151	0.00821	0.00376	0.00293	0.00837
4	0.01084	0.00731	0.00910	0.00850	0.01048	0.00671	0.00642	0.01413	0.04445	0.08015	0.48714	0.08456	0.17749	0.01381	0.00767	0.00213	0.00346	0.01202	0.00703	0.00660
5	0.01697	0.01444	0.01522	0.01352	0.01735	0.01665	0.01056	0.08103	0.66866	0.02850	0.02604	0.02396	0.01948	0.00886	0.00669	0.00222	0.00535	0.00734	0.00669	0.01047
6	0.00922	0.00641	0.00711	0.00717	0.00756	0.00621	0.00424	0.00954	0.01059	0.01376	0.02899	0.07415	0.14134	0.61477	0.02826	0.00555	0.00578	0.01064	0.00442	0.00430
7	0.01775	0.04497	0.02367	0.05164	0.20025	0.11830	0.11561	0.02355	0.13305	0.06280	0.01471	0.01719	0.01165	0.00752	0.00896	0.00215	0.12689	0.00612	0.00407	0.00915
8	0.01442	0.03301	0.67014	0.01839	0.02762	0.05150	0.02316	0.02157	0.01433	0.04881	0.01229	0.01413	0.00866	0.00636	0.00625	0.00206	0.00967	0.00490	0.00302	0.00968
9	0.00783	0.00647	0.00688	0.00721	0.00903	0.00551	0.00524	0.00939	0.01449	0.01757	0.06011	0.21516	0.57734	0.01753	0.00792	0.00232	0.00344	0.01494	0.00611	0.00551
10	0.02459	0.03138	0.01866	0.01696	0.02035	0.74221	0.01272	0.02629	0.01866	0.01611	0.01018	0.01187	0.00848	0.00678	0.00594	0.00170	0.01187	0.00424	0.00339	0.00763
11	0.01795	0.21382	0.28527	0.01573	0.02224	0.15296	0.04454	0.02263	0.03229	0.08420	0.04063	0.01527	0.01159	0.00669	0.00585	0.00185	0.00877	0.00503	0.00369	0.00900
12	0.00800	0.00671	0.00697	0.00699	0.00914	0.00568	0.00530	0.00982	0.01527	0.01847	0.11219	0.06277	0.65150	0.01650	0.00783	0.00224	0.00342	0.03938	0.00619	0.00562
13	0.02459	0.03138	0.01866	0.01696	0.02035	0.74221	0.01272	0.02629	0.01866	0.01611	0.01018	0.01187	0.00848	0.00678	0.00594	0.00170	0.01187	0.00424	0.00339	0.00763
14	0.05272	0.05876	0.13459	0.07231	0.24382	0.05644	0.07103	0.09213	0.01614	0.05803	0.01262	0.01543	0.00983	0.00680	0.00759	0.00206	0.07093	0.00558	0.00375	0.00944
15	0.01859	0.04461	0.02535	0.07667	0.30814	0.22206	0.11084	0.04864	0.01636	0.01998	0.01172	0.01505	0.00960	0.00643	0.00705	0.00195	0.03891	0.00559	0.00339	0.00906
16	0.00779	0.00664	0.00670	0.00674	0.00891	0.00555	0.00503	0.00944	0.01494	0.01776	0.06583	0.08315	0.70566	0.01678	0.00780	0.00224	0.00335	0.01403	0.00611	0.00555
17	0.01243	0.01170	0.01975	0.75282	0.04534	0.01463	0.01828	0.01682	0.01316	0.01682	0.01170	0.01755	0.00878	0.00658	0.00658	0.00219	0.00878	0.00585	0.00293	0.00731
18	0.01743	0.12613	0.07481	0.02002	0.18834	0.09630	0.03076	0.10045	0.01649	0.02218	0.01178	0.01404	0.00963	0.00608	0.00610	0.00163	0.02679	0.00480	0.00373	0.22252
19	0.01795	0.57773	0.05071	0.01416	0.01986	0.07497	0.10344	0.04252	0.01462	0.01725	0.01006	0.01186	0.00874	0.00579	0.00494	0.00157	0.00799	0.00424	0.00305	0.00857
20	0.00813	0.00588	0.00769	0.00893	0.00954	0.00544	0.00605	0.00950	0.01333	0.01780	0.10501	0.65295	0.08599	0.01969	0.00830	0.00259	0.00372	0.01777	0.00622	0.00544
21	0.01298	0.01061	0.04143	0.01306	0.05020	0.00956	0.07073	0.09432	0.01771	0.06748	0.24943	0.19711	0.11218	0.01306	0.00758	0.00222	0.00513	0.01166	0.00613	0.00742
22	0.14364	0.04059	0.03930	0.06707	0.05608	0.04413	0.01244	0.35964	0.05149	0.10007	0.01523	0.01580	0.01095	0.00734	0.00610	0.00199	0.00705	0.00552	0.00559	0.00997
23	0.00802	0.00573	0.00764	0.00917	0.00955	0.00535	0.00611	0.00917	0.01260	0.01681	0.03628	0.76434	0.04354	0.02062	0.00840	0.00267	0.00382	0.01872	0.00611	0.00535
24	0.01056	0.00693	0.00905	0.00857	0.01027	0.00633	0.00640	0.01334	0.01781	0.07551	0.56922	0.13059	0.08214	0.01403	0.00776	0.00214	0.00338	0.01239	0.00714	0.00644
25	0.05309	0.01874	0.02298	0.12397	0.15004	0.19608	0.11589	0.02088	0.01468	0.04584	0.01148	0.01518	0.00936	0.00742	0.00961	0.00216	0.16526	0.00565	0.00340	0.00829
26	0.01904	0.01547	0.01639	0.01394	0.01814	0.01762	0.01107	0.24190	0.50442	0.03184	0.02340	0.02186	0.01735	0.00861	0.00666	0.00215	0.00584	0.00698	0.00666	0.01066
27	0.01744	0.74631	0.05941	0.01153	0.01731	0.02567	0.01173	0.01975	0.01340	0.01568	0.00925	0.01068	0.00844	0.00565	0.00430	0.00143	0.00714	0.00357	0.00281	0.00849
28	0.00957	0.00638	0.00718	0.00718	0.00718	0.00638	0.00399	0.00957	0.00957	0.01276	0.02074	0.04308	0.02393	0.76864	0.03351	0.00638	0.00638	0.00957	0.00399	0.00399
29	0.00957	0.00638	0.00718	0.00718	0.00718	0.00638	0.00399	0.00957	0.00957	0.01276	0.02074	0.04308	0.02393	0.76864	0.03351	0.00638	0.00638	0.00957	0.00399	0.00399
30	0.01573	0.01506	0.02570	0.14520	0.62722	0.01549	0.01992	0.01971	0.01472	0.02082	0.01228	0.01648	0.01018	0.00597	0.00653	0.00199	0.00796	0.00586	0.00321	0.00997
31	0.00940	0.00705	0.01058	0.01058	0.01176	0.00823	0.00823	0.01176	0.01058	0.01528	0.01763	0.02586	0.01646	0.04937	0.74255	0.01058	0.01763	0.00705	0.00353	0.00588
32	0.00957	0.00638	0.00718	0.00718	0.00718	0.00638	0.00399	0.00957	0.00957	0.01276	0.02074	0.04308	0.02393	0.76864	0.03351	0.00638	0.00638	0.00957	0.00399	0.00399
33	0.01571	0.01504	0.02566	0.14893	0.62365	0.01549	0.01991	0.01969	0.01471	0.02079	0.01228	0.01649	0.01018	0.00597	0.00653	0.00199	0.00797	0.00586	0.00321	0.00995
34	0.00825	0.00594	0.00746	0.00857	0.00908	0.00554	0.00564	0.00926	0.01235	0.01624	0.03693	0.56983	0.11268	0.14469	0.01251	0.00324	0.00419	0.01668	0.00576	0.00514
35	0.01810	0.67931	0.03257	0.01199	0.01722	0.08919	0.01151	0.02015	0.01372	0.01556	0.00922	0.01082	0.00846	0.00595	0.00501	0.00149	0.03487	0.00367	0.00287	0.00833
36	0.00917	0.00700	0.00883	0.00917	0.01076	0.00606	0.00641	0.01071	0.01294	0.01781	0.03269	0.57611	0.06936	0.01719	0.00765	0.00230	0.00401	0.01543	0.00566	0.17074
37	0.00969	0.03710	0.01107	0.01021	0.01142	0.00863	0.00784	0.01175	0.01067	0.01510	0.01835	0.05624	0.01796	0.11773	0.61413	0.00949	0.01555	0.00763	0.00365	0.00577
38	0.01630	0.01557	0.02613	0.03905	0.69197	0.01568	0.01971	0.02094	0.05010	0.02181	0.01311	0.01671	0.01091	0.00602	0.00653	0.00197	0.00769	0.00594	0.00343	0.01043
39	0.01490	0.02148	0.22258	0.02598	0.12747	0.01607	0.36913	0.02049	0.01469	0.02083	0.01250	0.01622	0.00953	0.00606	0.00779	0.00214	0.04743	0.00650	0.00317	0.03505
40	0.01227	0.00614	0.00614	0.00614	0.00767	0.00614	0.00460	0.01534	0.01381	0.02454	0.02148	0.02454	0.01687	0.00767	0.00460	0.00153	0.00307	0.00614	0.80518	0.00614
41	0.01710	0.01336	0.01501	0.01168	0.01682	0.01267	0.00935	0.12686	0.20817	0.07035	0.01733	0.01750	0.01320	0.00664	0.00574	0.00154	0.00537	0.00534	0.00533	0.42063
42	0.00943	0.00641	0.00714	0.00714	0.00732	0.00632	0.00407	0.00956	0.01000	0.01316	0.02437	0.04468	0.07932	0.70922	0.03147	0.00605	0.00614	0.00991	0.00416	0.00411
43	0.01144	0.00572	0.00858	0.00858	0.00858	0.00572	0.00572	0.00858	0.00858	0.01144	0.01144	0.02001	0.01144	0.02287	0.02573	0.80846	0.00572	0.00572	0.00286	0.00286
44	0.01939	0.34261	0.17210	0.01458	0.02057	0.15337	0.01444	0.15179	0.01779	0.02165	0.01115	0.01248	0.00896	0.00640	0.00540	0.00171	0.00851	0.00439	0.00363	0.00908
45	0.02065	0.44015	0.02768	0.01345	0.01842	0.20676	0.03674	0.02342	0.04044	0.09924	0.01214	0.01303	0.00984	0.00633	0.00516	0.00161	0.00819	0.00436	0.00374	0.00864
46	0.02466	0.02943	0.01882	0.01669	0.02036	0.63344	0.01269	0.12866	0.02051	0.01994	0.01102	0.01246	0.00889	0.00695	0.00603	0.00174	0.01117	0.00449	0.00387	0.00817
47	0.05194	0.29133	0.04573	0.01460	0.01901	0.42209	0.01229	0.02375	0.03339	0.01683	0.01023	0.01174	0.00870	0.00639	0.00529	0.00163	0.00968	0.00406	0.00328	0.00803
48	0.63491	0.01245	0.01149	0.09950	0.01713	0.01422	0.00875	0.02038	0.01225	0.10186	0.01124	0.01276	0.00829	0.00638	0.00465	0.00206	0.00559	0.00416	0.00436	0.00758
49	0.00910	0.00680	0.00965	0.00981	0.01066	0.00695	0.03298	0.01056	0.01145	0.01559	0.02677	0.31147	0.04991	0.19899	0.25179	0.00604	0.00914	0.01230	0.00469	0.00535
50	0.01227	0.00614	0.00614	0.00614	0.00767	0.00614	0.00460	0.01534	0.01381	0.02454	0.02148	0.02454	0.01687	0.00767	0.00460	0.00153	0.00307	0.00614	0.80518	0.00614
51	0.01008	0.00747	0.00909	0.00898	0.01032	0.00744	0.00646	0.01414	0.10269	0.02171	0.33579	0.15661	0.06096	0.16974	0.01310	0.00312	0.00431	0.04561	0.00625	0.00612
52	0.02370	0.09338	0.02044	0.01596	0.01994	0.44992	0.01260	0.21414	0.02127	0.02310	0.01159	0.01295	0.00924	0.00717	0.00656	0.00179	0.03866	0.00470	0.00421	0.00868
53	0.08418	0.01179	0.01885	0.68631	0.04243	0.01464	0.01729	0.01705	0.01299	0.01796	0.01147	0.01694	0.00863	0.00654	0.00636	0.00218	0.00845	0.00565	0.00303	0.00730
54	0.02757	0.04404	0.01746	0.01289	0.01799	0.03953	0.01068	0.22830	0.02216	0.47649	0.02177	0.01964	0.01422	0.00793	0.00649	0.00198	0.00636	0.00621	0.00731	0.01097
55	0.01227	0.00614	0.00614	0.00614	0.00767	0.00614	0.00460	0.01534	0.01381	0.02454	0.02148	0.02454	0.01687	0.00767	0.00460	0.00153	0.00307	0.00614	0.80518	0.00614
56	0.02787	0.01255	0.01601	0.01243	0.01742	0.01180	0.01029	0.16953	0.02118	0.56238	0.02424	0.02310	0.01610	0.00849	0.00671	0.00206	0.00596	0.03314	0.00775	0.01100
57	0.00902	0.00672	0.00838	0.00797	0.00965	0.00608	0.00597	0.01184	0.01792	0.02471	0.59516	0.05196	0.19211	0.01409	0.00777	0.00210	0.00315	0.01230	0.00702	0.00608
58	0.01760	0.77260	0.03450	0.01126	0.01690	0.02605	0.01126	0.01971	0.01338	0.01549	0.00915	0.01056	0.00845	0.00563	0.00422	0.00141	0.00704	0.00352	0.00282	0.00845
59	0.00911	0.00675	0.00851	0.00816	0.00982	0.00615	0.00618	0.01196	0.01788	0.02466	0.58471	0.05258	0.17433	0.01419	0.00782	0.00213	0.00326	0.03868	0.00701	0.00609
60	0.00924	0.00673	0.00869	0.00820	0.00979	0.00618	0.00615	0.01227	0.01845	0.02597	0.69111	0.04989	0.09538	0.01362	0.00777	0.00208	0.00312	0.01201	0.00719	0.00618
61	0.01359	0.05618	0.65538	0.01810	0.02722	0.01572	0.02281	0.02193	0.06917	0.02120	0.01291	0.01463	0.00927	0.00645	0.00622	0.00207	0.00929	0.00502	0.00309	0.00974
62	0.01738	0.73552	0.06964	0.01164	0.01748	0.02551	0.01192	0.01977	0.01340	0.01576	0.00929	0.01073	0.00844	0.00566	0.00433	0.00144	0.00718	0.00359	0.00281	0.00851
63	0.01144	0.00572	0.00858	0.00858	0.00858	0.00572	0.00572	0.00858	0.00858	0.01144	0.01144	0.02001	0.01144	0.02287	0.02573	0.80846	0.00572	0.00572	0.00286	0.00286
64	0.01837	0.62206	0.07542	0.01227	0.01810	0.02460	0.01224	0.11546	0.01586	0.01944	0.01024	0.01150	0.00882	0.00599	0.00468	0.00153	0.00723	0.00394	0.00334	0.00891
65	0.01988	0.01743	0.02377	0.05216	0.22042	0.04980	0.10963	0.29409	0.09425	0.02959	0.01524	0.01701	0.01153	0.00702	0.00671	0.00203	0.00799	0.00624	0.00494	0.01028
66	0.00810	0.00579	0.00771	0.00911	0.00957	0.00540	0.00612	0.00937	0.01297	0.01739	0.07851	0.72044	0.04468	0.02018	0.00836	0.00264	0.00378	0.01830	0.00618	0.00540
67	0.01365	0.01170	0.01365	0.00975	0.01560	0.00878	0.00780	0.01658	0.01365	0.02145	0.01170	0.01365	0.00975	0.00488	0.00488	0.00098	0.00488	0.00390	0.00390	0.80888
68	0.01520	0.12960	0.57983	0.01716	0.02595	0.01622	0.02133	0.02167	0.01426	0.08171	0.01269	0.01419	0.00904	0.00634	0.00602	0.00199	0.00902	0.00484	0.00325	0.00969
69	0.00918	0.00701	0.00990	0.00997	0.01135	0.00773	0.00778	0.01145	0.01158	0.01594	0.02707	0.03484	0.14136	0.04210	0.57736	0.00874	0.01455	0.04214	0.00411	0.00583
70	0.01137	0.00574	0.00853	0.00853	0.00853	0.00574	0.00565	0.00861	0.00861	0.01148	0.01178	0.02085	0.01189	0.05014	0.02601	0.77913	0.00574	0.00586	0.00290	0.00290
71	0.01554	0.01776	0.03885	0.02775	0.03441	0.01665	0.70366	0.02109	0.01554	0.02109	0.01332	0.01776	0.00999	0.00555	0.00777	0.00222	0.01110	0.00777	0.00333	0.00888
72	0.01365	0.01170	0.01365	0.00975	0.01560	0.00878	0.00780	0.01658	0.01365	0.02145	0.01170	0.01365	0.00975	0.00488	0.00488	0.00098	0.00488	0.00390	0.00390	0.80888
73	0.01386	0.12166	0.62156	0.01876	0.05596	0.01659	0.02259	0.02069	0.01388	0.02023	0.01152	0.01360	0.00844	0.00616	0.00602	0.00200	0.00933	0.00475	0.00280	0.00960
74	0.01257	0.00784	0.00990	0.00889	0.01113	0.00730	0.00688	0.01514	0.01734	0.14233	0.40656	0.04658	0.21899	0.01328	0.00824	0.00214	0.03983	0.01122	0.00690	0.00693
75	0.00802	0.00573	0.00764	0.00917	0.00955	0.00535	0.00611	0.00917	0.01260	0.01681	0.03628	0.76434	0.04354	0.02062	0.00840	0.00267	0.00382	0.01872	0.00611	0.00535
76	0.77713	0.01301	0.01016	0.00897	0.01310	0.01504	0.00739	0.05237	0.01215	0.03011	0.00949	0.01094	0.00733	0.00620	0.00419	0.00203	0.00520	0.00368	0.00419	0.00733
77	0.42517	0.01684	0.04900	0.01284	0.03957	0.06802	0.01050	0.22761	0.01825	0.05917	0.01214	0.01312	0.00898	0.00678	0.00525	0.00199	0.00655	0.00458	0.00486	0.00878
78	0.00836	0.00596	0.00751	0.00856	0.00903	0.00560	0.00560	0.00936	0.01232	0.01632	0.05435	0.54739	0.08847	0.17291	0.01347	0.00338	0.00429	0.01632	0.00571	0.00511
79	0.01957	0.24734	0.15295	0.01638	0.05487	0.12916	0.03975	0.12397	0.03228	0.07478	0.01269	0.01402	0.00984	0.00677	0.00639	0.00184	0.03926	0.00490	0.00398	0.00927
80	0.06100	0.12001	0.14634	0.01715	0.05221	0.43840	0.01463	0.04310	0.01699	0.01850	0.01055	0.01232	0.00855	0.00651	0.00573	0.00177	0.01026	0.00435	0.00333	0.00830
81	0.04243	0.26807	0.17044	0.01381	0.04580	0.05983	0.01321	0.02103	0.01513	0.11894	0.08729	0.01753	0.01529	0.00696	0.00559	0.00172	0.00705	0.00528	0.00420	0.08039
82	0.01912	0.01930	0.09866	0.01645	0.02162	0.07005	0.09404	0.23244	0.30034	0.02941	0.01906	0.01904	0.01410	0.00778	0.00669	0.00210	0.00749	0.00651	0.00560	0.01019
83	0.07289	0.06776	0.01412	0.01207	0.03160	0.12468	0.00924	0.03981	0.13008	0.04009	0.20398	0.06700	0.05662	0.03034	0.00751	0.00222	0.00593	0.07089	0.00563	0.00757
84	0.03894	0.13463	0.04945	0.01894	0.15515	0.03963	0.04770	0.18894	0.10841	0.05412	0.04070	0.02033	0.05909	0.00777	0.00630	0.00195	0.00699	0.00640	0.00495	0.00962

[dist]
# distance from previous block
# <min> <max>
0	6

[block]
# block no. 3 follows, 33 sequences, length 17
# corresponding to MSA columns:
# 161-177
name=unknown_D
#
# <colnr> <probs for GDERKNQSTAVLIFYWHMCP>
#	G	D	E	R	K	N	Q	S	T	A	V	L	I	F	Y	W	H	M	C	P
0	0.16252	0.11932	0.08530	0.01378	0.04620	0.01525	0.05244	0.09367	0.08824	0.11172	0.06759	0.03820	0.06253	0.00827	0.00606	0.00201	0.00628	0.00664	0.00513	0.00885
1	0.06932	0.13348	0.18958	0.05612	0.03972	0.07788	0.01426	0.07773	0.04301	0.06785	0.04425	0.06772	0.01432	0.00803	0.00667	0.00197	0.03862	0.00616	0.00423	0.03908
2	0.01704	0.47005	0.14252	0.01323	0.01884	0.04179	0.01343	0.07009	0.04424	0.01924	0.04075	0.01395	0.01138	0.00675	0.00606	0.00172	0.05216	0.00458	0.00345	0.00875
3	0.01774	0.50243	0.10382	0.01580	0.09229	0.10370	0.01368	0.02126	0.04362	0.01725	0.01062	0.01224	0.00913	0.00599	0.00497	0.00160	0.00787	0.00415	0.00309	0.00878
4	0.01509	0.22573	0.50752	0.01658	0.02497	0.01841	0.02018	0.06310	0.01482	0.02073	0.01137	0.01315	0.00855	0.00619	0.00575	0.00190	0.00887	0.00458	0.00303	0.00949
5	0.01415	0.00757	0.00828	0.00770	0.00967	0.00762	0.00583	0.05784	0.04166	0.07911	0.05089	0.04843	0.01928	0.02986	0.00693	0.03740	0.00383	0.00692	0.55027	0.00677
6	0.02249	0.01614	0.01993	0.05002	0.18412	0.04473	0.01375	0.28893	0.09403	0.17147	0.01779	0.01806	0.01275	0.00749	0.00656	0.00201	0.00708	0.00614	0.00587	0.01064
7	0.00957	0.00638	0.00718	0.00718	0.00718	0.00638	0.00399	0.00957	0.00957	0.01276	0.02074	0.04308	0.02393	0.76864	0.03351	0.00638	0.00638	0.00957	0.00399	0.00399
8	0.00820	0.00586	0.00784	0.00937	0.00983	0.00550	0.00642	0.00947	0.01278	0.01700	0.03619	0.71721	0.04316	0.02046	0.00845	0.00270	0.00397	0.06410	0.00611	0.00540
9	0.06716	0.45094	0.02865	0.01404	0.01899	0.23663	0.06362	0.02174	0.01497	0.01693	0.00977	0.01150	0.00849	0.00600	0.00499	0.00159	0.00866	0.00406	0.00310	0.00816
10	0.01578	0.14425	0.24027	0.02168	0.02899	0.01800	0.35056	0.06332	0.01567	0.02138	0.01236	0.01535	0.00933	0.00592	0.00668	0.00203	0.00980	0.00612	0.00329	0.00920
11	0.00802	0.00573	0.00764	0.00917	0.00955	0.00535	0.00611	0.00917	0.01260	0.01681	0.03628	0.76434	0.04354	0.02062	0.00840	0.00267	0.00382	0.01872	0.00611	0.00535
12	0.01227	0.00614	0.00614	0.00614	0.00767	0.00614	0.00460	0.01534	0.01381	0.02454	0.02148	0.02454	0.01687	0.00767	0.00460	0.00153	0.00307	0.00614	0.80518	0.00614
13	0.16583	0.19717	0.09908	0.01423	0.01959	0.10270	0.08550	0.06897	0.01606	0.12177	0.04171	0.01544	0.01182	0.00674	0.00563	0.00187	0.00763	0.00515	0.00435	0.00878
14	0.22078	0.12500	0.05142	0.10183	0.14343	0.12324	0.01332	0.04775	0.07617	0.02263	0.01207	0.01415	0.00962	0.00647	0.00550	0.00192	0.00755	0.00480	0.00379	0.00854
15	0.05029	0.07978	0.06949	0.06518	0.09231	0.15214	0.03226	0.17198	0.04610	0.07788	0.01367	0.01519	0.01039	0.00700	0.00671	0.00190	0.03923	0.00528	0.00448	0.05873
16	0.03761	0.10062	0.07222	0.09881	0.22874	0.13665	0.10559	0.01981	0.01493	0.01900	0.01562	0.01919	0.05875	0.03624	0.00739	0.00211	0.00863	0.00615	0.00342	0.00851

[dist]
# distance from previous block
# <min> <max>
2	12

[block]
# block no. 4 follows, 33 sequences, length 54
# corresponding to MSA columns:
# 190-243
name=unknown_E
#
# <colnr> <probs for GDERKNQSTAVLIFYWHMCP>
#	G	D	E	R	K	N	Q	S	T	A	V	L	I	F	Y	W	H	M	C	P
0	0.01584	0.13757	0.07956	0.01479	0.08090	0.05041	0.02751	0.08456	0.08678	0.05897	0.06242	0.04650	0.12728	0.00938	0.00645	0.00194	0.00637	0.03257	0.00495	0.06525
1	0.16142	0.10169	0.28051	0.01618	0.07632	0.03566	0.04100	0.01967	0.01407	0.04051	0.05779	0.01693	0.03060	0.00678	0.00573	0.00189	0.00745	0.00529	0.00370	0.07681
2	0.05793	0.17709	0.04213	0.05666	0.05904	0.08034	0.01108	0.08434	0.01551	0.02112	0.03337	0.03652	0.03527	0.04146	0.00720	0.00186	0.02696	0.00551	0.00396	0.20263
3	0.05788	0.52658	0.02956	0.01274	0.01799	0.05408	0.04838	0.05823	0.10326	0.01942	0.01200	0.01306	0.01008	0.00624	0.00492	0.00163	0.00715	0.00440	0.00362	0.00877
4	0.00894	0.00757	0.00791	0.00799	0.00981	0.03346	0.00595	0.01078	0.01492	0.01848	0.14015	0.11918	0.44845	0.05204	0.04858	0.00290	0.00471	0.04659	0.00592	0.00567
5	0.01955	0.29641	0.18449	0.01533	0.02094	0.32407	0.01480	0.02273	0.01571	0.01695	0.01018	0.01186	0.00844	0.00625	0.00540	0.00168	0.00967	0.00412	0.00305	0.00839
6	0.00940	0.00705	0.01058	0.01058	0.01176	0.00823	0.00823	0.01176	0.01058	0.01528	0.01763	0.02586	0.01646	0.04937	0.74255	0.01058	0.01763	0.00705	0.00353	0.00588
7	0.01179	0.00627	0.00678	0.00678	0.00821	0.00643	0.00508	0.01466	0.01322	0.02289	0.02093	0.02533	0.01705	0.03840	0.10665	0.00293	0.00517	0.00637	0.66902	0.00603
8	0.01760	0.77260	0.03450	0.01126	0.01690	0.02605	0.01126	0.01971	0.01338	0.01549	0.00915	0.01056	0.00845	0.00563	0.00422	0.00141	0.00704	0.00352	0.00282	0.00845
9	0.00977	0.00773	0.00894	0.00868	0.01067	0.00745	0.00654	0.01450	0.11911	0.02272	0.32727	0.11343	0.27159	0.01460	0.00770	0.00222	0.00363	0.03025	0.00666	0.00653
10	0.12001	0.08505	0.11915	0.03984	0.04347	0.35259	0.01363	0.02461	0.07515	0.05018	0.01240	0.01375	0.00968	0.00674	0.00575	0.00185	0.00928	0.00466	0.00381	0.00840
11	0.01724	0.71174	0.09218	0.01188	0.01785	0.02516	0.01234	0.01981	0.01342	0.01593	0.00937	0.01084	0.00844	0.00568	0.00439	0.00146	0.00726	0.00363	0.00281	0.00855
12	0.00952	0.00638	0.00730	0.00735	0.00740	0.00641	0.00419	0.00963	0.00970	0.01297	0.02110	0.06397	0.02428	0.72320	0.05564	0.00641	0.00667	0.00976	0.00404	0.00409
13	0.01948	0.06209	0.07667	0.01435	0.01847	0.14338	0.01228	0.18431	0.13538	0.07847	0.03704	0.06169	0.03394	0.00925	0.00769	0.00209	0.06385	0.02512	0.00532	0.00913
14	0.17592	0.02102	0.01843	0.01811	0.11661	0.25874	0.01271	0.21245	0.01964	0.02650	0.01176	0.01350	0.00925	0.00711	0.00674	0.00194	0.05142	0.00489	0.00436	0.00889
15	0.01617	0.10637	0.25174	0.05783	0.30692	0.01716	0.03695	0.09032	0.01603	0.02246	0.01219	0.01493	0.00954	0.00619	0.00622	0.00195	0.00840	0.00534	0.00338	0.00989
16	0.15126	0.26180	0.14345	0.01605	0.04453	0.09969	0.09783	0.02105	0.03597	0.02009	0.01086	0.01298	0.00884	0.00633	0.00616	0.00187	0.04481	0.00466	0.00329	0.00847
17	0.02699	0.01529	0.01780	0.01365	0.01884	0.01573	0.01128	0.41204	0.02567	0.34252	0.02024	0.01868	0.01342	0.00801	0.00660	0.00200	0.00653	0.00623	0.00727	0.01120
18	0.04959	0.00703	0.00884	0.00830	0.00998	0.00664	0.00626	0.01277	0.01826	0.02656	0.68837	0.04725	0.05937	0.01309	0.00758	0.00207	0.00321	0.01149	0.00709	0.00626
19	0.00802	0.00573	0.00764	0.00917	0.00955	0.00535	0.00611	0.00917	0.01260	0.01681	0.03628	0.76434	0.04354	0.02062	0.00840	0.00267	0.00382	0.01872	0.00611	0.00535
20	0.00907	0.00672	0.00845	0.00802	0.00968	0.00610	0.00601	0.01194	0.01804	0.02499	0.61656	0.05150	0.17053	0.01398	0.00777	0.00210	0.00314	0.01223	0.00706	0.00610
21	0.01746	0.74862	0.05722	0.01151	0.01727	0.02570	0.01169	0.01975	0.01339	0.01566	0.00924	0.01067	0.00844	0.00565	0.00429	0.00143	0.00713	0.00356	0.00281	0.00849
22	0.00802	0.00573	0.00764	0.00917	0.00955	0.00535	0.00611	0.00917	0.01260	0.01681	0.03628	0.76434	0.04354	0.02062	0.00840	0.00267	0.00382	0.01872	0.00611	0.00535
23	0.01888	0.01470	0.01587	0.01339	0.01743	0.01645	0.01065	0.25608	0.39303	0.05226	0.09753	0.02421	0.02150	0.00905	0.00677	0.00212	0.00567	0.00739	0.00676	0.01025
24	0.02489	0.01313	0.05608	0.01790	0.16507	0.01105	0.01248	0.02802	0.01776	0.51059	0.05727	0.02201	0.01694	0.00784	0.00664	0.00202	0.00616	0.00663	0.00680	0.01071
25	0.02459	0.03138	0.01866	0.01696	0.02035	0.74221	0.01272	0.02629	0.01866	0.01611	0.01018	0.01187	0.00848	0.00678	0.00594	0.00170	0.01187	0.00424	0.00339	0.00763
26	0.01365	0.01170	0.01365	0.00975	0.01560	0.00878	0.00780	0.01658	0.01365	0.02145	0.01170	0.01365	0.00975	0.00488	0.00488	0.00098	0.00488	0.00390	0.00390	0.80888
27	0.01320	0.03405	0.73453	0.01876	0.02849	0.01529	0.02432	0.02085	0.01390	0.02085	0.01181	0.01390	0.00834	0.00625	0.00625	0.00208	0.00973	0.00486	0.00278	0.00973
28	0.01243	0.01170	0.01975	0.75282	0.04534	0.01463	0.01828	0.01682	0.01316	0.01682	0.01170	0.01755	0.00878	0.00658	0.00658	0.00219	0.00878	0.00585	0.00293	0.00731
29	0.00957	0.00638	0.00718	0.00718	0.00718	0.00638	0.00399	0.00957	0.00957	0.01276	0.02074	0.04308	0.02393	0.76864	0.03351	0.00638	0.00638	0.00957	0.00399	0.00399
30	0.01637	0.01414	0.01489	0.01340	0.01712	0.01637	0.01042	0.03498	0.71568	0.02754	0.02679	0.02456	0.02010	0.00893	0.00670	0.00223	0.00521	0.00744	0.00670	0.01042
31	0.81514	0.01273	0.00968	0.00866	0.01273	0.01477	0.00713	0.01935	0.01120	0.02954	0.00917	0.01069	0.00713	0.00611	0.00407	0.00204	0.00509	0.00356	0.00407	0.00713
32	0.00940	0.00705	0.01058	0.01058	0.01176	0.00823	0.00823	0.01176	0.01058	0.01528	0.01763	0.02586	0.01646	0.04937	0.74255	0.01058	0.01763	0.00705	0.00353	0.00588
33	0.81514	0.01273	0.00968	0.00866	0.01273	0.01477	0.00713	0.01935	0.01120	0.02954	0.00917	0.01069	0.00713	0.00611	0.00407	0.00204	0.00509	0.00356	0.00407	0.00713
34	0.81514	0.01273	0.00968	0.00866	0.01273	0.01477	0.00713	0.01935	0.01120	0.02954	0.00917	0.01069	0.00713	0.00611	0.00407	0.00204	0.00509	0.00356	0.00407	0.00713
35	0.01518	0.02346	0.27661	0.02566	0.14811	0.05479	0.29143	0.02089	0.01503	0.02076	0.01319	0.01775	0.01035	0.00634	0.00698	0.00213	0.00994	0.02893	0.00322	0.00927
36	0.01506	0.02111	0.18196	0.02590	0.03319	0.01637	0.56392	0.02104	0.01520	0.02104	0.01301	0.01696	0.00965	0.00569	0.00746	0.00219	0.01082	0.00717	0.00322	0.00905
37	0.02689	0.01545	0.01790	0.01373	0.01892	0.01597	0.01134	0.42687	0.02594	0.32732	0.02001	0.01854	0.01331	0.00800	0.00660	0.00200	0.00656	0.00621	0.00723	0.01120
38	0.31414	0.01389	0.01466	0.04508	0.01762	0.01496	0.00995	0.21365	0.04255	0.22788	0.01639	0.01615	0.01132	0.00729	0.00568	0.00203	0.00600	0.00530	0.00594	0.00951
39	0.01622	0.01800	0.03377	0.02476	0.03060	0.07578	0.55620	0.05748	0.01640	0.02145	0.01495	0.07420	0.01249	0.00693	0.00760	0.00220	0.01040	0.00822	0.00372	0.00863
40	0.00785	0.00667	0.00676	0.00674	0.00893	0.00559	0.00505	0.00958	0.01516	0.01815	0.09480	0.06275	0.69656	0.01654	0.00778	0.00222	0.00332	0.01381	0.00616	0.00559
41	0.01144	0.00572	0.00858	0.00858	0.00858	0.00572	0.00572	0.00858	0.00858	0.01144	0.01144	0.02001	0.01144	0.02287	0.02573	0.80846	0.00572	0.00572	0.00286	0.00286
42	0.02126	0.01707	0.02220	0.01997	0.12242	0.01831	0.09591	0.44162	0.07411	0.03405	0.01682	0.01987	0.01301	0.00796	0.00686	0.00208	0.00758	0.04273	0.00570	0.01048
43	0.02331	0.01713	0.01819	0.01452	0.01909	0.05704	0.01182	0.45253	0.11375	0.11286	0.01783	0.01783	0.01288	0.01001	0.04037	0.00242	0.03543	0.00615	0.00633	0.01052
44	0.00787	0.00667	0.00679	0.00676	0.00895	0.00560	0.00507	0.00962	0.01521	0.01828	0.10439	0.06254	0.68689	0.01649	0.00778	0.00221	0.00332	0.01378	0.00618	0.00560
45	0.00940	0.00705	0.01058	0.01058	0.01176	0.00823	0.00823	0.01176	0.01058	0.01528	0.01763	0.02586	0.01646	0.04937	0.74255	0.01058	0.01763	0.00705	0.00353	0.00588
46	0.16326	0.01480	0.02206	0.19072	0.18797	0.05374	0.13110	0.02138	0.01470	0.11889	0.01354	0.01641	0.01007	0.00638	0.00628	0.00207	0.00801	0.00578	0.00402	0.00881
47	0.01395	0.15894	0.61616	0.01750	0.02653	0.01711	0.02212	0.02066	0.01381	0.01994	0.01136	0.01333	0.00836	0.00615	0.00591	0.00197	0.00927	0.00464	0.00279	0.00951
48	0.02459	0.03138	0.01866	0.01696	0.02035	0.74221	0.01272	0.02629	0.01866	0.01611	0.01018	0.01187	0.00848	0.00678	0.00594	0.00170	0.01187	0.00424	0.00339	0.00763
49	0.01227	0.00614	0.00614	0.00614	0.00767	0.00614	0.00460	0.01534	0.01381	0.02454	0.02148	0.02454	0.01687	0.00767	0.00460	0.00153	0.00307	0.00614	0.80518	0.00614
50	0.01015	0.00683	0.00765	0.00748	0.00768	0.00691	0.00431	0.03561	0.01037	0.01384	0.02056	0.04206	0.02346	0.74018	0.03250	0.00622	0.00641	0.00944	0.00409	0.00426
51	0.02027	0.05388	0.01805	0.01385	0.01854	0.01821	0.01126	0.34495	0.31365	0.03301	0.01976	0.01904	0.01466	0.00801	0.00640	0.00199	0.00622	0.00630	0.00626	0.06571
52	0.01318	0.01071	0.03164	0.01232	0.03556	0.01006	0.04089	0.11124	0.07171	0.04591	0.11719	0.23908	0.10175	0.01338	0.00745	0.00224	0.00516	0.05585	0.00596	0.06873
53	0.43223	0.13005	0.06380	0.01168	0.01629	0.14210	0.01026	0.05570	0.04579	0.02508	0.01064	0.01197	0.00843	0.00638	0.00481	0.00189	0.00697	0.00405	0.00393	0.00794

[dist]
# distance from previous block
# <min> <max>
1	12

[block]
# block no. 5 follows, 33 sequences, length 210
# corresponding to MSA columns:
# 258-467
name=unknown_F
#
# <colnr> <probs for GDERKNQSTAVLIFYWHMCP>
#	G	D	E	R	K	N	Q	S	T	A	V	L	I	F	Y	W	H	M	C	P
0	0.56557	0.08477	0.11321	0.01094	0.01594	0.05493	0.01035	0.04152	0.01279	0.02673	0.00980	0.01135	0.00762	0.00618	0.00457	0.00197	0.00634	0.00385	0.00382	0.00776
1	0.01426	0.01647	0.12007	0.04354	0.09678	0.01372	0.28396	0.02010	0.08140	0.04317	0.04944	0.10180	0.01779	0.05645	0.00897	0.00248	0.00833	0.00855	0.00423	0.00851
2	0.01779	0.01146	0.01202	0.01003	0.01318	0.01231	0.00802	0.31377	0.02122	0.03187	0.01902	0.02077	0.01442	0.00777	0.00546	0.00172	0.00487	0.00605	0.45993	0.00832
3	0.00813	0.00584	0.00774	0.00923	0.00971	0.00545	0.00628	0.00938	0.01279	0.01696	0.03711	0.71290	0.06326	0.02040	0.00842	0.00268	0.00391	0.04833	0.00611	0.00539
4	0.02894	0.01107	0.01509	0.01161	0.01660	0.00957	0.00957	0.03151	0.01884	0.71141	0.04647	0.02319	0.01764	0.00830	0.00665	0.00204	0.00553	0.00678	0.00812	0.01106
5	0.01612	0.01547	0.02641	0.07231	0.69702	0.01560	0.02012	0.02005	0.01491	0.02130	0.01235	0.01635	0.01035	0.00590	0.00652	0.00197	0.00786	0.00586	0.00324	0.01029
6	0.01856	0.67317	0.03248	0.01189	0.01736	0.06715	0.01144	0.07144	0.01500	0.01747	0.00971	0.01103	0.00866	0.00587	0.00450	0.00147	0.00734	0.00374	0.00313	0.00861
7	0.05042	0.00994	0.01318	0.01060	0.01461	0.00883	0.00857	0.02585	0.01852	0.49998	0.23130	0.02990	0.02950	0.00964	0.00687	0.00205	0.00485	0.00807	0.00774	0.00959
8	0.00957	0.00638	0.00718	0.00718	0.00718	0.00638	0.00399	0.00957	0.00957	0.01276	0.02074	0.04308	0.02393	0.76864	0.03351	0.00638	0.00638	0.00957	0.00399	0.00399
9	0.00942	0.00700	0.01033	0.01033	0.01142	0.00809	0.00791	0.01159	0.01051	0.01510	0.01786	0.02714	0.01701	0.10266	0.69002	0.01027	0.01680	0.00724	0.00356	0.00574
10	0.01243	0.01170	0.01975	0.75282	0.04534	0.01463	0.01828	0.01682	0.01316	0.01682	0.01170	0.01755	0.00878	0.00658	0.00658	0.00219	0.00878	0.00585	0.00293	0.00731
11	0.00815	0.00594	0.00760	0.00887	0.00950	0.00550	0.00603	0.00937	0.01285	0.01684	0.03931	0.62163	0.12687	0.05355	0.00947	0.00280	0.00395	0.04042	0.00601	0.00534
12	0.00903	0.00675	0.00840	0.00807	0.00976	0.00612	0.00610	0.01183	0.01774	0.02432	0.55920	0.05308	0.20378	0.01431	0.00781	0.00214	0.00326	0.03528	0.00696	0.00607
13	0.02503	0.01844	0.01976	0.01515	0.02042	0.02042	0.01251	0.70562	0.03095	0.04149	0.01581	0.01581	0.01120	0.00790	0.00659	0.00198	0.00724	0.00593	0.00659	0.01120
14	0.81514	0.01273	0.00968	0.00866	0.01273	0.01477	0.00713	0.01935	0.01120	0.02954	0.00917	0.01069	0.00713	0.00611	0.00407	0.00204	0.00509	0.00356	0.00407	0.00713
15	0.00831	0.00585	0.00755	0.00879	0.00910	0.00554	0.00571	0.00924	0.01203	0.01604	0.03335	0.62812	0.03984	0.16190	0.01314	0.00337	0.00430	0.01699	0.00571	0.00509
16	0.01440	0.01440	0.02016	0.01728	0.01728	0.02016	0.01440	0.01584	0.01008	0.01584	0.00864	0.01440	0.00864	0.01152	0.02160	0.00288	0.75659	0.00576	0.00288	0.00720
17	0.02954	0.01120	0.01528	0.01171	0.01681	0.00968	0.00968	0.03208	0.01884	0.73213	0.02597	0.02241	0.01630	0.00815	0.00662	0.00204	0.00560	0.00662	0.00815	0.01120
18	0.02503	0.01844	0.01976	0.01515	0.02042	0.02042	0.01251	0.70562	0.03095	0.04149	0.01581	0.01581	0.01120	0.00790	0.00659	0.00198	0.00724	0.00593	0.00659	0.01120
19	0.00778	0.00667	0.00667	0.00667	0.00889	0.00556	0.00500	0.00945	0.01501	0.01778	0.06669	0.06336	0.72490	0.01667	0.00778	0.00222	0.00333	0.01389	0.00611	0.00556
20	0.56786	0.01225	0.01144	0.00962	0.01401	0.01317	0.00793	0.02336	0.01361	0.25069	0.01446	0.01438	0.01001	0.00675	0.00488	0.00204	0.00525	0.00453	0.00536	0.00841
21	0.01633	0.01346	0.01443	0.01294	0.01655	0.01534	0.01007	0.03314	0.63589	0.05416	0.08015	0.02636	0.02317	0.00925	0.00678	0.00221	0.00506	0.00775	0.00680	0.01013
22	0.01440	0.01440	0.02016	0.01728	0.01728	0.02016	0.01440	0.01584	0.01008	0.01584	0.00864	0.01440	0.00864	0.01152	0.02160	0.00288	0.75659	0.00576	0.00288	0.00720
23	0.00800	0.00580	0.00756	0.00898	0.00950	0.00536	0.00603	0.00919	0.01279	0.01688	0.03861	0.71067	0.09571	0.02032	0.00836	0.00264	0.00378	0.01835	0.00611	0.00536
24	0.02503	0.01844	0.01976	0.01515	0.02042	0.02042	0.01251	0.70562	0.03095	0.04149	0.01581	0.01581	0.01120	0.00790	0.00659	0.00198	0.00724	0.00593	0.00659	0.01120
25	0.02349	0.02928	0.01973	0.02009	0.11468	0.64530	0.01372	0.02548	0.01817	0.01683	0.01047	0.01246	0.00874	0.00666	0.00601	0.00173	0.01133	0.00446	0.00337	0.00800
26	0.04979	0.46246	0.29685	0.01398	0.02108	0.02152	0.01600	0.02012	0.01348	0.01810	0.01015	0.01182	0.00835	0.00589	0.00498	0.00169	0.00797	0.00403	0.00286	0.00887
27	0.01237	0.01128	0.01593	0.01440	0.01488	0.01494	0.01177	0.01415	0.01060	0.01584	0.01393	0.02372	0.01393	0.05542	0.24355	0.00541	0.43973	0.05819	0.00337	0.00657
28	0.00812	0.00580	0.00775	0.00928	0.00970	0.00543	0.00628	0.00934	0.01270	0.01692	0.03623	0.73818	0.04333	0.02053	0.00843	0.00269	0.00390	0.04391	0.00611	0.00537
29	0.02323	0.17566	0.02174	0.01585	0.01968	0.60280	0.01244	0.02501	0.01763	0.01599	0.00998	0.01162	0.00847	0.00656	0.00560	0.00164	0.01093	0.00410	0.00328	0.00779
30	0.01651	0.01409	0.01490	0.01332	0.01704	0.01624	0.01038	0.06077	0.66825	0.02806	0.04680	0.02494	0.02098	0.00902	0.00673	0.00222	0.00523	0.00751	0.00671	0.01033
31	0.01430	0.05794	0.43547	0.02254	0.18958	0.01560	0.02064	0.02183	0.08873	0.02170	0.04042	0.01679	0.01212	0.00669	0.00633	0.00204	0.00844	0.00558	0.00348	0.00978
32	0.01674	0.01491	0.01505	0.01356	0.01726	0.04888	0.01052	0.03459	0.68447	0.02703	0.02605	0.02399	0.01958	0.00884	0.00666	0.00221	0.00551	0.00730	0.00655	0.01030
33	0.79485	0.01269	0.00982	0.00874	0.01284	0.01464	0.00720	0.01968	0.01140	0.04768	0.00960	0.01100	0.00737	0.00616	0.00414	0.00204	0.00511	0.00364	0.00418	0.00723
34	0.01649	0.01864	0.12016	0.05409	0.51842	0.04628	0.06565	0.02088	0.01511	0.04311	0.01268	0.01611	0.01018	0.00603	0.00655	0.00199	0.00842	0.00581	0.00335	0.01005
35	0.01136	0.00575	0.00852	0.00852	0.00852	0.00575	0.00564	0.00862	0.00862	0.01149	0.01183	0.02099	0.01197	0.05452	0.02606	0.77442	0.00575	0.00588	0.00291	0.00291
36	0.39822	0.02382	0.38652	0.01391	0.02093	0.01504	0.01607	0.02013	0.01260	0.02502	0.01054	0.01236	0.00776	0.00619	0.00521	0.00206	0.00750	0.00424	0.00340	0.00848
37	0.01365	0.01170	0.01365	0.00975	0.01560	0.00878	0.00780	0.01658	0.01365	0.02145	0.01170	0.01365	0.00975	0.00488	0.00488	0.00098	0.00488	0.00390	0.00390	0.80888
38	0.02277	0.22485	0.02279	0.01547	0.01945	0.55528	0.01234	0.02457	0.01728	0.01595	0.00991	0.01153	0.00847	0.00648	0.00549	0.00162	0.01061	0.00405	0.00324	0.00785
39	0.00802	0.00573	0.00764	0.00917	0.00955	0.00535	0.00611	0.00917	0.01260	0.01681	0.03628	0.76434	0.04354	0.02062	0.00840	0.00267	0.00382	0.01872	0.00611	0.00535
40	0.01585	0.47812	0.31362	0.01425	0.02152	0.02176	0.01647	0.02017	0.01358	0.01763	0.01021	0.01189	0.00840	0.00588	0.00503	0.00168	0.00811	0.00406	0.00280	0.00896
41	0.00814	0.00578	0.00760	0.00901	0.00937	0.00543	0.00595	0.00920	0.01237	0.01650	0.03509	0.70912	0.04204	0.07790	0.01032	0.00296	0.00402	0.01802	0.00595	0.00524
42	0.00957	0.00638	0.00718	0.00718	0.00718	0.00638	0.00399	0.00957	0.00957	0.01276	0.02074	0.04308	0.02393	0.76864	0.03351	0.00638	0.00638	0.00957	0.00399	0.00399
43	0.01061	0.00758	0.01061	0.01212	0.01364	0.00758	0.01061	0.01364	0.01515	0.01970	0.03486	0.07426	0.03789	0.01819	0.00909	0.00303	0.00606	0.68326	0.00606	0.00606
44	0.02495	0.04354	0.01545	0.01189	0.01629	0.02940	0.00969	0.05554	0.08207	0.50411	0.02578	0.09279	0.01912	0.00954	0.00675	0.00211	0.00570	0.02771	0.00736	0.01022
45	0.01243	0.01170	0.01975	0.75282	0.04534	0.01463	0.01828	0.01682	0.01316	0.01682	0.01170	0.01755	0.00878	0.00658	0.00658	0.00219	0.00878	0.00585	0.00293	0.00731
46	0.00911	0.00672	0.00852	0.00807	0.00971	0.00612	0.00605	0.01203	0.01815	0.02525	0.63642	0.05107	0.15052	0.01389	0.00777	0.00209	0.00314	0.01217	0.00710	0.00612
47	0.81514	0.01273	0.00968	0.00866	0.01273	0.01477	0.00713	0.01935	0.01120	0.02954	0.00917	0.01069	0.00713	0.00611	0.00407	0.00204	0.00509	0.00356	0.00407	0.00713
48	0.02440	0.05143	0.01908	0.01681	0.02026	0.72283	0.01268	0.02611	0.01851	0.01610	0.01015	0.01184	0.00848	0.00675	0.00589	0.00169	0.01174	0.00422	0.00338	0.00765
49	0.00973	0.00664	0.00759	0.00750	0.00750	0.00682	0.00432	0.00977	0.00959	0.01286	0.02036	0.04217	0.02345	0.74453	0.03313	0.00627	0.03027	0.00945	0.00395	0.00409
50	0.01365	0.01170	0.01365	0.00975	0.01560	0.00878	0.00780	0.01658	0.01365	0.02145	0.01170	0.01365	0.00975	0.00488	0.00488	0.00098	0.00488	0.00390	0.00390	0.80888
51	0.01602	0.50661	0.28661	0.01397	0.02107	0.02217	0.01597	0.02012	0.01356	0.01742	0.01011	0.01176	0.00841	0.00586	0.00496	0.00165	0.00801	0.00400	0.00280	0.00891
52	0.01243	0.01170	0.01975	0.75282	0.04534	0.01463	0.01828	0.01682	0.01316	0.01682	0.01170	0.01755	0.00878	0.00658	0.00658	0.00219	0.00878	0.00585	0.00293	0.00731
53	0.00920	0.00672	0.00864	0.00816	0.00976	0.00616	0.00612	0.01220	0.01836	0.02574	0.67376	0.05026	0.11286	0.01370	0.00777	0.00208	0.00312	0.01206	0.00716	0.00616
54	0.02443	0.01477	0.01692	0.01348	0.01829	0.01557	0.01097	0.29528	0.20106	0.28353	0.02222	0.02038	0.01528	0.00825	0.00663	0.00206	0.00614	0.00656	0.00717	0.01100
55	0.02459	0.03138	0.01866	0.01696	0.02035	0.74221	0.01272	0.02629	0.01866	0.01611	0.01018	0.01187	0.00848	0.00678	0.00594	0.00170	0.01187	0.00424	0.00339	0.00763
56	0.00841	0.00679	0.00759	0.00793	0.00988	0.00597	0.00619	0.01039	0.01510	0.01856	0.09439	0.10357	0.52077	0.01701	0.00806	0.00239	0.00387	0.14129	0.00616	0.00568
57	0.00940	0.00705	0.01058	0.01058	0.01176	0.00823	0.00823	0.01176	0.01058	0.01528	0.01763	0.02586	0.01646	0.04937	0.74255	0.01058	0.01763	0.00705	0.00353	0.00588
58	0.00957	0.00638	0.00718	0.00718	0.00718	0.00638	0.00399	0.00957	0.00957	0.01276	0.02074	0.04308	0.02393	0.76864	0.03351	0.00638	0.00638	0.00957	0.00399	0.00399
