[name]
unknown

[dist]
# distance from previous block
# <min> <max>
0	24

[block]
# block no. 0 follows, 32 sequences, length 41
# corresponding to MSA columns:
# 24-64
name=unknown_A
#
# <colnr> <probs for GDERKNQSTAVLIFYWHMCP>
#	G	D	E	R	K	N	Q	S	T	A	V	L	I	F	Y	W	H	M	C	P
0	0.06893	0.05745	0.07850	0.14863	0.04422	0.04872	0.01164	0.01614	0.01367	0.04888	0.02239	0.22945	0.04057	0.05419	0.00871	0.00251	0.02188	0.02889	0.04751	0.00712
1	0.01534	0.11381	0.14644	0.08726	0.02266	0.01465	0.09654	0.04066	0.03937	0.08653	0.01728	0.09358	0.01532	0.05826	0.06365	0.00304	0.04023	0.00743	0.00422	0.03372
2	0.01956	0.06930	0.04023	0.01381	0.01828	0.01797	0.01146	0.30466	0.28746	0.03212	0.06377	0.02238	0.01837	0.04069	0.00782	0.00227	0.00636	0.00696	0.00629	0.01024
3	0.00859	0.00645	0.00858	0.05500	0.01193	0.00626	0.00687	0.01010	0.01318	0.01735	0.06010	0.54535	0.12451	0.04948	0.04029	0.00311	0.00482	0.01656	0.00587	0.00560
4	0.05588	0.04920	0.02022	0.06262	0.13465	0.30058	0.01370	0.13375	0.03581	0.08322	0.01350	0.01501	0.01038	0.00696	0.00619	0.00187	0.00905	0.00518	0.00445	0.03778
5	0.04896	0.04153	0.13873	0.02159	0.06455	0.01534	0.30354	0.01975	0.01450	0.05477	0.01598	0.10094	0.01400	0.00836	0.00869	0.00228	0.08434	0.00798	0.02553	0.00864
6	0.00853	0.00691	0.00762	0.00793	0.00972	0.00618	0.00576	0.01101	0.04841	0.01893	0.10168	0.25143	0.45709	0.01749	0.00805	0.00238	0.00361	0.01505	0.00634	0.00589
7	0.02265	0.06358	0.02157	0.01963	0.10087	0.40601	0.03473	0.14279	0.04246	0.02205	0.01214	0.01400	0.00979	0.00726	0.00716	0.00190	0.05338	0.00508	0.00406	0.00889
8	0.01588	0.01520	0.02592	0.17190	0.59731	0.01575	0.02023	0.01995	0.01493	0.02104	0.01249	0.01684	0.01032	0.00611	0.00665	0.00204	0.00815	0.00598	0.00326	0.01004
9	0.01735	0.34975	0.30851	0.01463	0.02183	0.01971	0.01651	0.04792	0.01525	0.08793	0.03479	0.01474	0.01118	0.00658	0.00557	0.00182	0.00801	0.00480	0.00367	0.00944
10	0.00823	0.00655	0.00738	0.00773	0.00939	0.00570	0.00559	0.01000	0.01517	0.01914	0.15511	0.25110	0.44003	0.01761	0.00810	0.00237	0.00350	0.01520	0.00640	0.00570
11	0.01455	0.01385	0.02353	0.40980	0.36975	0.01540	0.01957	0.01879	0.01431	0.01943	0.01226	0.01728	0.00975	0.00636	0.00668	0.00212	0.00848	0.00597	0.00314	0.00897
12	0.01638	0.05442	0.02644	0.13525	0.57399	0.03703	0.01964	0.02027	0.01505	0.02080	0.01229	0.01635	0.01024	0.00609	0.00651	0.00199	0.00818	0.00581	0.00326	0.01001
13	0.01449	0.20333	0.56982	0.01737	0.02632	0.01810	0.02173	0.02098	0.01404	0.01999	0.01142	0.01338	0.00853	0.00623	0.00590	0.00197	0.00929	0.00464	0.00284	0.00962
14	0.01708	0.19574	0.02048	0.01376	0.01697	0.24663	0.03987	0.01935	0.01445	0.01663	0.01322	0.01733	0.01174	0.02072	0.24108	0.00462	0.03504	0.00536	0.04255	0.00737
15	0.01586	0.01479	0.02288	0.17147	0.41716	0.01593	0.01775	0.02364	0.18652	0.02251	0.01611	0.01894	0.01274	0.00689	0.00670	0.00211	0.00750	0.00637	0.00412	0.01001
16	0.02578	0.01836	0.01987	0.01523	0.02059	0.02016	0.01258	0.66044	0.03082	0.08284	0.01672	0.01651	0.01172	0.00807	0.00671	0.00202	0.00728	0.00608	0.00681	0.01141
17	0.00861	0.00627	0.00807	0.00920	0.00989	0.00593	0.00625	0.01051	0.03487	0.01837	0.10622	0.61043	0.07700	0.04304	0.00922	0.00275	0.00392	0.01750	0.00630	0.00566
18	0.01396	0.01301	0.02188	0.48339	0.26751	0.01488	0.01869	0.01822	0.01406	0.01905	0.01258	0.01777	0.00985	0.00651	0.00660	0.00213	0.00838	0.00598	0.03711	0.00845
19	0.02506	0.03198	0.01901	0.01729	0.02074	0.73725	0.01296	0.02679	0.01901	0.01642	0.01037	0.01210	0.00864	0.00691	0.00605	0.00173	0.01210	0.00432	0.00346	0.00778
20	0.01267	0.01193	0.02013	0.74806	0.04621	0.01491	0.01863	0.01714	0.01342	0.01714	0.01193	0.01789	0.00894	0.00671	0.00671	0.00224	0.00894	0.00596	0.00298	0.00745
21	0.00821	0.00614	0.00763	0.00868	0.00959	0.00556	0.00597	0.00964	0.01386	0.01805	0.09213	0.54528	0.20574	0.01955	0.00837	0.00257	0.00372	0.01742	0.00631	0.00556
22	0.01522	0.01761	0.06121	0.07919	0.03401	0.01641	0.56644	0.02060	0.01540	0.02092	0.01437	0.02078	0.01144	0.00662	0.00830	0.00232	0.03501	0.04191	0.00347	0.00876
23	0.02551	0.01879	0.02014	0.01544	0.02081	0.02081	0.01275	0.69996	0.03155	0.04229	0.01611	0.01611	0.01141	0.00805	0.00671	0.00201	0.00738	0.00604	0.00671	0.01141
24	0.00801	0.00680	0.00690	0.00688	0.00911	0.00570	0.00516	0.00978	0.01548	0.01856	0.09995	0.06386	0.68736	0.01683	0.00793	0.00226	0.00339	0.01406	0.00629	0.00570
25	0.00913	0.00689	0.00866	0.00988	0.03255	0.00645	0.00657	0.03351	0.01424	0.01865	0.07618	0.49307	0.18412	0.05540	0.00953	0.00274	0.00413	0.01637	0.00611	0.00584
26	0.00890	0.00614	0.00801	0.00903	0.00956	0.00605	0.00611	0.01021	0.01223	0.01692	0.03114	0.50862	0.03592	0.12680	0.10988	0.00425	0.00609	0.01525	0.06348	0.00539
27	0.01794	0.76823	0.03516	0.01148	0.01722	0.02655	0.01148	0.02009	0.01363	0.01579	0.00933	0.01076	0.00861	0.00574	0.00431	0.00144	0.00718	0.00359	0.00287	0.00861
28	0.02371	0.02746	0.01899	0.01680	0.02008	0.54302	0.01292	0.09891	0.01923	0.03806	0.01146	0.01349	0.00940	0.00877	0.02775	0.00214	0.09091	0.00482	0.00389	0.00818
29	0.01730	0.04239	0.12134	0.18717	0.23246	0.06481	0.04423	0.06268	0.07341	0.06817	0.01449	0.01720	0.01099	0.00677	0.00658	0.00207	0.00844	0.00591	0.00399	0.00960
30	0.00975	0.00654	0.00749	0.00749	0.00754	0.00660	0.00427	0.00987	0.00981	0.01313	0.02099	0.04306	0.02403	0.72974	0.06810	0.00671	0.00706	0.00963	0.00404	0.00416
31	0.00832	0.00609	0.00785	0.00913	0.00986	0.00562	0.00631	0.00971	0.01350	0.01773	0.06424	0.61361	0.13105	0.02014	0.00849	0.00266	0.00392	0.04997	0.00627	0.00554
32	0.01657	0.06770	0.19942	0.01856	0.10644	0.08268	0.08365	0.07004	0.01673	0.05760	0.06939	0.04180	0.01606	0.00769	0.00640	0.00197	0.00783	0.00656	0.11403	0.00890
33	0.05027	0.17195	0.22122	0.04610	0.06143	0.12147	0.05835	0.02166	0.05822	0.01954	0.01232	0.01492	0.00993	0.00905	0.04451	0.00244	0.05931	0.00516	0.00335	0.00880
34	0.05564	0.02034	0.22993	0.14558	0.10640	0.01578	0.11080	0.06027	0.05556	0.02228	0.01458	0.04098	0.01189	0.00768	0.00769	0.00224	0.05271	0.02687	0.00373	0.00905
35	0.00931	0.00685	0.00871	0.00825	0.00991	0.00625	0.00619	0.01230	0.01856	0.02587	0.64169	0.05183	0.14107	0.01411	0.00792	0.00213	0.00319	0.01237	0.00725	0.00625
36	0.00891	0.00710	0.00892	0.06507	0.01243	0.00695	0.00694	0.01064	0.01404	0.01811	0.11009	0.31392	0.27704	0.06954	0.01041	0.00274	0.03103	0.01455	0.00582	0.00573
37	0.07428	0.01329	0.01505	0.01212	0.04062	0.01209	0.00931	0.10564	0.10141	0.04314	0.01453	0.01564	0.01141	0.00607	0.00546	0.00142	0.00545	0.00479	0.00477	0.50353
38	0.01366	0.01028	0.01315	0.18774	0.02068	0.01136	0.01038	0.05244	0.15845	0.04850	0.11955	0.04563	0.06498	0.05474	0.00846	0.00242	0.00566	0.04114	0.12309	0.00770
39	0.00976	0.00651	0.00732	0.00732	0.00732	0.00651	0.00407	0.00976	0.00976	0.01301	0.02114	0.04391	0.02439	0.76419	0.03415	0.00651	0.00651	0.00976	0.00407	0.00407
40	0.01499	0.01345	0.01585	0.01247	0.04106	0.03881	0.03064	0.03895	0.04429	0.02232	0.01261	0.01463	0.01037	0.00562	0.00591	0.00125	0.03285	0.00447	0.00408	0.63538

[dist]
# distance from previous block
# <min> <max>
0	1

[block]
# block no. 1 follows, 32 sequences, length 90
# corresponding to MSA columns:
# 66-155
name=unknown_B
#
# <colnr> <probs for GDERKNQSTAVLIFYWHMCP>
#	G	D	E	R	K	N	Q	S	T	A	V	L	I	F	Y	W	H	M	C	P
0	0.00951	0.00673	0.00887	0.00903	0.00959	0.00721	0.00617	0.01067	0.01053	0.01456	0.02148	0.11343	0.02325	0.37557	0.33546	0.00795	0.01118	0.00965	0.00409	0.00505
1	0.01456	0.01191	0.01398	0.01002	0.01595	0.00898	0.00803	0.01753	0.01413	0.05003	0.01251	0.01427	0.01020	0.00510	0.00504	0.00104	0.00500	0.00409	0.00415	0.77350
2	0.00849	0.00636	0.00788	0.00847	0.00965	0.00575	0.00598	0.01035	0.01518	0.02014	0.23796	0.39029	0.21304	0.01797	0.00823	0.00244	0.00357	0.01592	0.00656	0.00575
3	0.00860	0.00682	0.00773	0.00750	0.00947	0.00595	0.00562	0.01093	0.01687	0.02188	0.34604	0.05840	0.43920	0.01559	0.00792	0.00220	0.00330	0.01330	0.00672	0.00595
4	0.01391	0.01193	0.01391	0.00994	0.01590	0.00894	0.00795	0.01690	0.01391	0.02186	0.01193	0.01391	0.00994	0.00497	0.00497	0.00099	0.00497	0.00398	0.00398	0.80521
5	0.02506	0.03198	0.01901	0.01729	0.02074	0.73725	0.01296	0.02679	0.01901	0.01642	0.01037	0.01210	0.00864	0.00691	0.00605	0.00173	0.01210	0.00432	0.00346	0.00778
6	0.01346	0.03471	0.72942	0.01912	0.02904	0.01558	0.02479	0.02125	0.01417	0.02125	0.01204	0.01417	0.00850	0.00637	0.00637	0.00212	0.00992	0.00496	0.00283	0.00992
7	0.01267	0.01193	0.02013	0.74806	0.04621	0.01491	0.01863	0.01714	0.01342	0.01714	0.01193	0.01789	0.00894	0.00671	0.00671	0.00224	0.00894	0.00596	0.00298	0.00745
8	0.01251	0.00625	0.00625	0.00625	0.00782	0.00625	0.00469	0.01563	0.01407	0.02502	0.02189	0.02502	0.01720	0.00782	0.00469	0.00156	0.00313	0.00625	0.80144	0.00625
9	0.81159	0.01298	0.00986	0.00882	0.01298	0.01505	0.00727	0.01972	0.01142	0.03010	0.00934	0.01090	0.00727	0.00623	0.00415	0.00208	0.00519	0.00363	0.00415	0.00727
10	0.00838	0.00603	0.00797	0.00925	0.00986	0.00561	0.00633	0.00984	0.01366	0.01832	0.11327	0.64450	0.06438	0.02004	0.00849	0.00265	0.00386	0.03561	0.00636	0.00557
11	0.01166	0.00583	0.00874	0.00874	0.00874	0.00583	0.00583	0.00874	0.00874	0.01166	0.01166	0.02040	0.01166	0.02331	0.02622	0.80478	0.00583	0.00583	0.00291	0.00291
12	0.00959	0.00719	0.01078	0.01078	0.01198	0.00839	0.00839	0.01198	0.01078	0.01558	0.01797	0.02636	0.01677	0.05032	0.73760	0.01078	0.01797	0.00719	0.00359	0.00599
13	0.01219	0.00632	0.00654	0.00648	0.00805	0.00626	0.00486	0.01533	0.01458	0.02521	0.09430	0.02762	0.02199	0.00843	0.00503	0.00162	0.00313	0.00686	0.71893	0.00626
14	0.02006	0.26752	0.06390	0.06242	0.10407	0.23135	0.01419	0.10079	0.01751	0.02034	0.01119	0.01318	0.00924	0.00645	0.00565	0.00173	0.00893	0.00460	0.00358	0.03329
15	0.01396	0.01200	0.01417	0.03602	0.01702	0.00940	0.00841	0.01750	0.03591	0.02189	0.01241	0.01441	0.01024	0.00516	0.00509	0.00108	0.00512	0.00416	0.00403	0.75202
16	0.12097	0.07602	0.16331	0.04941	0.14401	0.01776	0.05849	0.21671	0.01923	0.05284	0.01336	0.01517	0.00996	0.00676	0.00620	0.00202	0.00794	0.00546	0.00444	0.00993
17	0.01750	0.12354	0.02258	0.01755	0.06978	0.06414	0.09573	0.13130	0.15423	0.02416	0.01960	0.04304	0.03691	0.00933	0.00826	0.00220	0.07820	0.06797	0.00490	0.00909
18	0.00968	0.00683	0.00898	0.00898	0.00955	0.00740	0.00613	0.01082	0.01025	0.01424	0.01963	0.03552	0.02075	0.42289	0.37047	0.00855	0.01199	0.00853	0.00384	0.00499
19	0.04066	0.06723	0.19289	0.02199	0.19495	0.14954	0.01678	0.04576	0.11864	0.04290	0.01473	0.01633	0.01138	0.00689	0.00623	0.00198	0.00846	0.00549	0.02753	0.00963
20	0.01597	0.01831	0.06389	0.07164	0.03229	0.04064	0.49434	0.02360	0.12456	0.02206	0.01545	0.01880	0.01159	0.00634	0.00754	0.00224	0.01018	0.00749	0.00388	0.00919
21	0.01707	0.01460	0.01539	0.01373	0.01759	0.01687	0.01071	0.06460	0.68064	0.02869	0.02682	0.02465	0.02009	0.00906	0.00682	0.00226	0.00540	0.00752	0.00682	0.01065
22	0.02305	0.01642	0.01751	0.01370	0.01835	0.01805	0.01123	0.57038	0.02824	0.03902	0.01720	0.01780	0.01251	0.00801	0.00633	0.00193	0.00658	0.00608	0.15719	0.01043
23	0.00959	0.00719	0.01078	0.01078	0.01198	0.00839	0.00839	0.01198	0.01078	0.01558	0.01797	0.02636	0.01677	0.05032	0.73760	0.01078	0.01797	0.00719	0.00359	0.00599
24	0.00976	0.00651	0.00732	0.00732	0.00732	0.00651	0.00407	0.00976	0.00976	0.01301	0.02114	0.04391	0.02439	0.76419	0.03415	0.00651	0.00651	0.00976	0.00407	0.00407
25	0.01661	0.01594	0.02724	0.04119	0.72233	0.01594	0.02059	0.02059	0.01528	0.02192	0.01262	0.01661	0.01063	0.00598	0.00664	0.00199	0.00797	0.00598	0.00332	0.01063
26	0.02551	0.01879	0.02014	0.01544	0.02081	0.02081	0.01275	0.69996	0.03155	0.04229	0.01611	0.01611	0.01141	0.00805	0.00671	0.00201	0.00738	0.00604	0.00671	0.01141
27	0.01669	0.01441	0.01517	0.01365	0.01745	0.01669	0.01062	0.03565	0.71021	0.02807	0.02731	0.02503	0.02048	0.00910	0.00683	0.00228	0.00531	0.00759	0.00683	0.01062
28	0.01794	0.76823	0.03516	0.01148	0.01722	0.02655	0.01148	0.02009	0.01363	0.01579	0.00933	0.01076	0.00861	0.00574	0.00431	0.00144	0.00718	0.00359	0.00287	0.00861
29	0.81159	0.01298	0.00986	0.00882	0.01298	0.01505	0.00727	0.01972	0.01142	0.03010	0.00934	0.01090	0.00727	0.00623	0.00415	0.00208	0.00519	0.00363	0.00415	0.00727
30	0.01468	0.01468	0.02055	0.01762	0.01762	0.02055	0.01468	0.01615	0.01028	0.01615	0.00881	0.01468	0.00881	0.01174	0.02202	0.00294	0.75191	0.00587	0.00294	0.00734
31	0.01373	0.01039	0.01171	0.01071	0.01361	0.01089	0.00830	0.02328	0.31151	0.07404	0.23659	0.04103	0.16238	0.01214	0.00742	0.00224	0.00439	0.03031	0.00696	0.00838
32	0.02490	0.06660	0.01967	0.01682	0.02045	0.67788	0.01279	0.02668	0.01876	0.04107	0.01088	0.01241	0.00892	0.00691	0.00599	0.00173	0.01164	0.00437	0.00360	0.00795
33	0.06291	0.01704	0.03566	0.02581	0.03210	0.01614	0.60843	0.02071	0.01554	0.02184	0.01599	0.02131	0.03565	0.00654	0.00774	0.00228	0.01049	0.03147	0.00364	0.00872
34	0.01166	0.00583	0.00874	0.00874	0.00874	0.00583	0.00583	0.00874	0.00874	0.01166	0.01166	0.02040	0.01166	0.02331	0.02622	0.80478	0.00583	0.00583	0.00291	0.00291
35	0.01794	0.76823	0.03516	0.01148	0.01722	0.02655	0.01148	0.02009	0.01363	0.01579	0.00933	0.01076	0.00861	0.00574	0.00431	0.00144	0.00718	0.00359	0.00287	0.00861
36	0.00976	0.00651	0.00732	0.00732	0.00732	0.00651	0.00407	0.00976	0.00976	0.01301	0.02114	0.04391	0.02439	0.76419	0.03415	0.00651	0.00651	0.00976	0.00407	0.00407
37	0.02551	0.01879	0.02014	0.01544	0.02081	0.02081	0.01275	0.69996	0.03155	0.04229	0.01611	0.01611	0.01141	0.00805	0.00671	0.00201	0.00738	0.00604	0.00671	0.01141
38	0.01498	0.01248	0.01361	0.01238	0.01556	0.01401	0.00954	0.05161	0.50240	0.02762	0.16885	0.07599	0.03043	0.01076	0.00715	0.00226	0.00485	0.00918	0.00690	0.00945
39	0.01286	0.01212	0.02047	0.71414	0.07866	0.01496	0.01873	0.01731	0.01351	0.01737	0.01196	0.01783	0.00903	0.00667	0.00671	0.00222	0.00890	0.00596	0.00300	0.00761
40	0.01267	0.01193	0.02013	0.74806	0.04621	0.01491	0.01863	0.01714	0.01342	0.01714	0.01193	0.01789	0.00894	0.00671	0.00671	0.00224	0.00894	0.00596	0.00298	0.00745
41	0.00818	0.00584	0.00779	0.00934	0.00973	0.00545	0.00623	0.00934	0.01285	0.01713	0.03698	0.75981	0.04438	0.02102	0.00856	0.00273	0.00389	0.01908	0.00623	0.00545
42	0.02506	0.03198	0.01901	0.01729	0.02074	0.73725	0.01296	0.02679	0.01901	0.01642	0.01037	0.01210	0.00864	0.00691	0.00605	0.00173	0.01210	0.00432	0.00346	0.00778
43	0.00943	0.00638	0.00746	0.00775	0.00788	0.00629	0.00456	0.00976	0.01065	0.01424	0.04487	0.18663	0.02952	0.59409	0.02828	0.00562	0.00589	0.01168	0.00459	0.00441
44	0.01468	0.01468	0.02055	0.01762	0.01762	0.02055	0.01468	0.01615	0.01028	0.01615	0.00881	0.01468	0.00881	0.01174	0.02202	0.00294	0.75191	0.00587	0.00294	0.00734
45	0.00815	0.00594	0.00768	0.00907	0.00966	0.00547	0.00611	0.00937	0.01311	0.01724	0.04029	0.68550	0.11655	0.02059	0.00850	0.00268	0.00384	0.01855	0.00623	0.00547
46	0.00831	0.00597	0.00767	0.00898	0.00946	0.00556	0.00595	0.00940	0.01273	0.01681	0.03764	0.64556	0.08895	0.08973	0.01090	0.00304	0.00410	0.01787	0.00603	0.00534
47	0.01482	0.01682	0.12957	0.01198	0.01844	0.04542	0.01108	0.04407	0.01487	0.02228	0.01203	0.01395	0.00970	0.00541	0.00531	0.00125	0.00620	0.00423	0.00387	0.60870
48	0.01333	0.01133	0.01256	0.01252	0.04114	0.01233	0.00907	0.02491	0.41303	0.02378	0.03669	0.17197	0.16392	0.01282	0.00737	0.00235	0.00476	0.01101	0.00646	0.00865
49	0.00817	0.00633	0.00747	0.00835	0.00960	0.00563	0.00591	0.00964	0.01401	0.01768	0.05046	0.43007	0.33912	0.01917	0.00831	0.00254	0.00376	0.04198	0.00623	0.00557
50	0.07256	0.01439	0.06921	0.13453	0.02464	0.01289	0.09974	0.07159	0.01765	0.34983	0.02145	0.02142	0.04366	0.00780	0.00675	0.00213	0.00723	0.00672	0.00596	0.00985
51	0.01561	0.14656	0.34295	0.06589	0.17379	0.03854	0.03767	0.04143	0.01485	0.02060	0.01173	0.01447	0.00914	0.00644	0.00668	0.00201	0.03384	0.00513	0.00311	0.00958
52	0.02004	0.02009	0.04461	0.09739	0.17874	0.21662	0.03920	0.12289	0.01827	0.06967	0.01367	0.01649	0.01075	0.01042	0.06371	0.00268	0.03578	0.00570	0.00416	0.00912
53	0.31114	0.01930	0.08066	0.02128	0.22741	0.13068	0.01416	0.08064	0.01577	0.02578	0.01131	0.01353	0.00896	0.00644	0.00561	0.00199	0.00772	0.00477	0.00390	0.00894
54	0.81159	0.01298	0.00986	0.00882	0.01298	0.01505	0.00727	0.01972	0.01142	0.03010	0.00934	0.01090	0.00727	0.00623	0.00415	0.00208	0.00519	0.00363	0.00415	0.00727
55	0.00951	0.00692	0.00779	0.00775	0.00979	0.00597	0.00574	0.01138	0.01564	0.06151	0.15077	0.17498	0.47487	0.01669	0.00796	0.00231	0.00359	0.01425	0.00651	0.00607
56	0.00891	0.00740	0.00786	0.00764	0.00990	0.00665	0.00576	0.01222	0.07001	0.02055	0.18695	0.05879	0.54209	0.01577	0.00784	0.00224	0.00350	0.01327	0.00649	0.00617
57	0.00803	0.00680	0.00693	0.00690	0.00912	0.00571	0.00518	0.00982	0.01553	0.01868	0.10867	0.06367	0.67857	0.01679	0.00793	0.00226	0.00338	0.01403	0.00630	0.00571
58	0.00908	0.00675	0.00845	0.00822	0.00982	0.00612	0.00609	0.01178	0.01772	0.02435	0.53310	0.12026	0.18341	0.01502	0.00798	0.00220	0.00328	0.01317	0.00706	0.00612
59	0.01794	0.76823	0.03516	0.01148	0.01722	0.02655	0.01148	0.02009	0.01363	0.01579	0.00933	0.01076	0.00861	0.00574	0.00431	0.00144	0.00718	0.00359	0.00287	0.00861
60	0.02551	0.01879	0.02014	0.01544	0.02081	0.02081	0.01275	0.69996	0.03155	0.04229	0.01611	0.01611	0.01141	0.00805	0.00671	0.00201	0.00738	0.00604	0.00671	0.01141
61	0.01669	0.01441	0.01517	0.01365	0.01745	0.01669	0.01062	0.03565	0.71021	0.02807	0.02731	0.02503	0.02048	0.00910	0.00683	0.00228	0.00531	0.00759	0.00683	0.01062
62	0.01267	0.01193	0.02013	0.74806	0.04621	0.01491	0.01863	0.01714	0.01342	0.01714	0.01193	0.01789	0.00894	0.00671	0.00671	0.00224	0.00894	0.00596	0.00298	0.00745
63	0.01267	0.01193	0.02013	0.74806	0.04621	0.01491	0.01863	0.01714	0.01342	0.01714	0.01193	0.01789	0.00894	0.00671	0.00671	0.00224	0.00894	0.00596	0.00298	0.00745
64	0.81159	0.01298	0.00986	0.00882	0.01298	0.01505	0.00727	0.01972	0.01142	0.03010	0.00934	0.01090	0.00727	0.00623	0.00415	0.00208	0.00519	0.00363	0.00415	0.00727
65	0.01661	0.01594	0.02724	0.04119	0.72233	0.01594	0.02059	0.02059	0.01528	0.02192	0.01262	0.01661	0.01063	0.00598	0.00664	0.00199	0.00797	0.00598	0.00332	0.01063
66	0.01614	0.01535	0.02580	0.06258	0.64641	0.01552	0.01960	0.02056	0.03961	0.02179	0.01409	0.04664	0.01227	0.00671	0.00673	0.00204	0.00775	0.00656	0.00355	0.01032
67	0.00873	0.00698	0.00795	0.00841	0.01036	0.00620	0.00666	0.01080	0.01532	0.01886	0.07984	0.10556	0.48674	0.01750	0.00831	0.00250	0.00413	0.18310	0.00626	0.00581
68	0.01391	0.01193	0.01391	0.00994	0.01590	0.00894	0.00795	0.01690	0.01391	0.02186	0.01193	0.01391	0.00994	0.00497	0.00497	0.00099	0.00497	0.00398	0.00398	0.80521
69	0.01794	0.76823	0.03516	0.01148	0.01722	0.02655	0.01148	0.02009	0.01363	0.01579	0.00933	0.01076	0.00861	0.00574	0.00431	0.00144	0.00718	0.00359	0.00287	0.00861
70	0.02982	0.01188	0.01586	0.01216	0.01736	0.01054	0.01004	0.07419	0.01997	0.68441	0.02583	0.02242	0.01629	0.00829	0.00675	0.00207	0.00581	0.00670	0.00821	0.01142
71	0.00818	0.00584	0.00779	0.00934	0.00973	0.00545	0.00623	0.00934	0.01285	0.01713	0.03698	0.75981	0.04438	0.02102	0.00856	0.00273	0.00389	0.01908	0.00623	0.00545
72	0.02551	0.01879	0.02014	0.01544	0.02081	0.02081	0.01275	0.69996	0.03155	0.04229	0.01611	0.01611	0.01141	0.00805	0.00671	0.00201	0.00738	0.00604	0.00671	0.01141
73	0.01661	0.01594	0.02724	0.04119	0.72233	0.01594	0.02059	0.02059	0.01528	0.02192	0.01262	0.01661	0.01063	0.00598	0.00664	0.00199	0.00797	0.00598	0.00332	0.01063
74	0.01669	0.01441	0.01517	0.01365	0.01745	0.01669	0.01062	0.03565	0.71021	0.02807	0.02731	0.02503	0.02048	0.00910	0.00683	0.00228	0.00531	0.00759	0.00683	0.01062
75	0.00881	0.00683	0.00801	0.00772	0.00960	0.00604	0.00579	0.01133	0.01737	0.02305	0.43269	0.05647	0.35182	0.01516	0.00792	0.00218	0.00327	0.01303	0.00688	0.00604
76	0.01391	0.01193	0.01391	0.00994	0.01590	0.00894	0.00795	0.01690	0.01391	0.02186	0.01193	0.01391	0.00994	0.00497	0.00497	0.00099	0.00497	0.00398	0.00398	0.80521
77	0.00795	0.00674	0.00686	0.00696	0.00911	0.00565	0.00517	0.00961	0.01514	0.01806	0.06603	0.10818	0.67726	0.01725	0.00797	0.00229	0.00343	0.01447	0.00623	0.00565
78	0.01166	0.00583	0.00874	0.00874	0.00874	0.00583	0.00583	0.00874	0.00874	0.01166	0.01166	0.02040	0.01166	0.02331	0.02622	0.80478	0.00583	0.00583	0.00291	0.00291
79	0.01335	0.00650	0.00670	0.00653	0.00826	0.00643	0.00494	0.01645	0.01432	0.05870	0.02211	0.02491	0.01717	0.00784	0.00479	0.00159	0.00325	0.00628	0.76338	0.00650
80	0.03010	0.01142	0.01557	0.01194	0.01713	0.00986	0.00986	0.03270	0.01920	0.72698	0.02647	0.02284	0.01661	0.00830	0.00675	0.00208	0.00571	0.00675	0.00830	0.01142
81	0.00950	0.00686	0.00897	0.00844	0.01002	0.00633	0.00633	0.01266	0.01899	0.02691	0.71879	0.05012	0.06331	0.01372	0.00791	0.00211	0.00317	0.01213	0.00739	0.00633
82	0.00817	0.00587	0.00775	0.00926	0.00971	0.00546	0.00619	0.00935	0.01293	0.01716	0.03800	0.73691	0.06662	0.02089	0.00854	0.00271	0.00388	0.01891	0.00623	0.00546
83	0.02506	0.03198	0.01901	0.01729	0.02074	0.73725	0.01296	0.02679	0.01901	0.01642	0.01037	0.01210	0.00864	0.00691	0.00605	0.00173	0.01210	0.00432	0.00346	0.00778
84	0.04041	0.01432	0.01501	0.01324	0.01647	0.06732	0.01053	0.18854	0.21803	0.02671	0.02128	0.02472	0.03503	0.01902	0.17994	0.00422	0.03430	0.03602	0.02603	0.00887
85	0.00841	0.00631	0.00765	0.00860	0.00960	0.00576	0.00601	0.00977	0.01351	0.01729	0.04505	0.44148	0.24904	0.08170	0.01055	0.00292	0.00411	0.06076	0.00605	0.00545
86	0.01137	0.00776	0.01033	0.01128	0.01317	0.00746	0.00968	0.01417	0.01563	0.06017	0.04113	0.07057	0.16581	0.01766	0.00887	0.00288	0.00563	0.51374	0.00631	0.00638
87	0.00905	0.00691	0.01012	0.01163	0.04205	0.00653	0.03475	0.01070	0.01344	0.01803	0.05893	0.63362	0.04188	0.01935	0.00847	0.00267	0.00447	0.05548	0.00603	0.00589
88	0.01404	0.05537	0.44483	0.04189	0.04891	0.01540	0.15341	0.02038	0.01442	0.02091	0.01300	0.03777	0.01013	0.00654	0.00656	0.00205	0.00940	0.00589	0.00316	0.07594
89	0.01779	0.09493	0.11401	0.01713	0.07318	0.04909	0.01432	0.14650	0.01644	0.06587	0.01349	0.01765	0.01137	0.05968	0.05948	0.00306	0.20721	0.00588	0.00412	0.00880

[dist]
# distance from previous block
# <min> <max>
1	10

[block]
# block no. 2 follows, 32 sequences, length 45
# corresponding to MSA columns:
# 166-210
name=unknown_C
#
# <colnr> <probs for GDERKNQSTAVLIFYWHMCP>
#	G	D	E	R	K	N	Q	S	T	A	V	L	I	F	Y	W	H	M	C	P
0	0.05347	0.13600	0.26760	0.08683	0.02567	0.04358	0.08197	0.07034	0.04283	0.04614	0.01504	0.01703	0.03767	0.00720	0.00693	0.00206	0.04107	0.00569	0.00376	0.00911
1	0.01554	0.19229	0.28327	0.02317	0.17141	0.01810	0.13270	0.02072	0.01455	0.02022	0.01180	0.01456	0.00931	0.00597	0.00617	0.00192	0.00893	0.00532	0.00308	0.04097
2	0.01105	0.00767	0.00946	0.00882	0.01080	0.00727	0.00669	0.04075	0.03724	0.05632	0.46485	0.08049	0.15091	0.01501	0.03294	0.00244	0.00408	0.01178	0.03470	0.00672
3	0.00818	0.00584	0.00779	0.00934	0.00973	0.00545	0.00623	0.00934	0.01285	0.01713	0.03698	0.75981	0.04438	0.02102	0.00856	0.00273	0.00389	0.01908	0.00623	0.00545
4	0.00972	0.00667	0.00815	0.00815	0.00843	0.00696	0.00510	0.01029	0.01000	0.01362	0.02038	0.03971	0.02257	0.59348	0.20237	0.00753	0.00925	0.00914	0.00395	0.00453
5	0.01096	0.00742	0.00876	0.00861	0.01025	0.00739	0.00637	0.01565	0.09832	0.02490	0.33234	0.15803	0.04243	0.01276	0.00701	0.00208	0.00353	0.01113	0.22541	0.00667
6	0.01391	0.01193	0.01391	0.00994	0.01590	0.00894	0.00795	0.01690	0.01391	0.02186	0.01193	0.01391	0.00994	0.00497	0.00497	0.00099	0.00497	0.00398	0.00398	0.80521
7	0.01391	0.01193	0.01391	0.00994	0.01590	0.00894	0.00795	0.01690	0.01391	0.02186	0.01193	0.01391	0.00994	0.00497	0.00497	0.00099	0.00497	0.00398	0.00398	0.80521
8	0.26470	0.04839	0.19698	0.01475	0.04991	0.05894	0.01382	0.06528	0.05733	0.09538	0.04104	0.01606	0.01208	0.00724	0.00625	0.00208	0.03105	0.00521	0.00451	0.00901
9	0.01631	0.01369	0.01439	0.01287	0.01654	0.01557	0.01003	0.07274	0.58125	0.02797	0.02976	0.02777	0.07768	0.00964	0.00682	0.00223	0.00518	0.00798	0.04151	0.01007
10	0.00938	0.00681	0.00883	0.00842	0.00997	0.00627	0.00628	0.01239	0.01857	0.02612	0.66254	0.08267	0.08820	0.01418	0.00794	0.00214	0.00321	0.01253	0.00729	0.00627
11	0.02173	0.01659	0.01810	0.01375	0.01923	0.01716	0.01126	0.47074	0.05699	0.03569	0.01539	0.01587	0.01139	0.00720	0.00621	0.00173	0.00659	0.00551	0.00592	0.24296
12	0.01745	0.01956	0.15410	0.11356	0.23279	0.07342	0.07931	0.05330	0.01645	0.08974	0.04563	0.01807	0.01279	0.00682	0.00668	0.00203	0.00851	0.00611	0.00405	0.03964
13	0.02131	0.01761	0.02030	0.01614	0.02076	0.06894	0.09149	0.41848	0.09942	0.03347	0.01913	0.10685	0.01603	0.00937	0.00704	0.00214	0.00753	0.00788	0.00605	0.01007
14	0.01346	0.03471	0.72942	0.01912	0.02904	0.01558	0.02479	0.02125	0.01417	0.02125	0.01204	0.01417	0.00850	0.00637	0.00637	0.00212	0.00992	0.00496	0.00283	0.00992
15	0.01105	0.00879	0.01299	0.11763	0.04126	0.01047	0.01021	0.01354	0.01144	0.01662	0.01660	0.02513	0.01537	0.10122	0.40900	0.00730	0.08868	0.00700	0.06936	0.00634
16	0.03721	0.33871	0.08657	0.01419	0.01897	0.06033	0.03839	0.07814	0.03270	0.06216	0.03471	0.01518	0.01164	0.00864	0.02797	0.00216	0.11457	0.00510	0.00387	0.00879
17	0.04741	0.01366	0.02066	0.28458	0.03038	0.01515	0.11874	0.18146	0.01843	0.02513	0.01736	0.02709	0.01489	0.00886	0.00715	0.00230	0.00812	0.11790	0.03235	0.00839
18	0.00844	0.00696	0.00751	0.00778	0.00992	0.00603	0.00611	0.01038	0.01532	0.01847	0.06224	0.06654	0.59931	0.01727	0.00817	0.00241	0.00389	0.13129	0.00622	0.00576
19	0.01508	0.03913	0.04644	0.09751	0.21945	0.01307	0.06088	0.04866	0.01565	0.07466	0.07876	0.12538	0.04192	0.02914	0.00832	0.00229	0.03617	0.00874	0.03024	0.00852
20	0.03729	0.03892	0.07671	0.10931	0.16179	0.02969	0.03868	0.13912	0.03941	0.18211	0.01808	0.04850	0.01399	0.00804	0.00673	0.00211	0.00746	0.02689	0.00525	0.00991
21	0.01543	0.01475	0.02512	0.25178	0.52090	0.01563	0.02001	0.01957	0.01472	0.02050	0.01241	0.01699	0.01013	0.00620	0.00666	0.00207	0.00826	0.00597	0.00322	0.00968
22	0.00811	0.00634	0.00736	0.00809	0.00943	0.00559	0.00569	0.00961	0.01425	0.01799	0.07862	0.40069	0.36674	0.01881	0.00824	0.00248	0.00363	0.01646	0.00628	0.00559
23	0.01389	0.01293	0.04540	0.01034	0.01648	0.00924	0.00869	0.01709	0.01392	0.02184	0.01193	0.01392	0.00988	0.00503	0.00503	0.00104	0.00519	0.00402	0.00393	0.77021
24	0.01668	0.11055	0.32263	0.01632	0.02275	0.06977	0.04256	0.09523	0.04065	0.05942	0.01610	0.09913	0.01382	0.00855	0.00708	0.00211	0.03647	0.00680	0.00414	0.00924
25	0.00818	0.00584	0.00779	0.00934	0.00973	0.00545	0.00623	0.00934	0.01285	0.01713	0.03698	0.75981	0.04438	0.02102	0.00856	0.00273	0.00389	0.01908	0.00623	0.00545
26	0.00937	0.00685	0.00879	0.00830	0.00994	0.00628	0.00623	0.01241	0.01868	0.02617	0.66412	0.05134	0.11845	0.01399	0.00792	0.00212	0.00319	0.01230	0.00729	0.00628
27	0.04800	0.18167	0.29340	0.01795	0.06571	0.01738	0.08715	0.04545	0.04660	0.07919	0.01356	0.01542	0.01023	0.00722	0.00696	0.03730	0.00835	0.00532	0.00375	0.00939
28	0.01629	0.01562	0.02666	0.09844	0.66757	0.01586	0.02043	0.02031	0.01513	0.02153	0.01256	0.01671	0.01049	0.00604	0.00665	0.00201	0.00805	0.00598	0.00329	0.01037
29	0.00850	0.00605	0.00798	0.00925	0.00977	0.00568	0.00628	0.00985	0.01331	0.01787	0.09761	0.62443	0.04462	0.06653	0.01013	0.00292	0.00408	0.04348	0.00620	0.00547
30	0.01641	0.04355	0.05943	0.07539	0.46830	0.06451	0.08574	0.02050	0.01549	0.02124	0.04027	0.01769	0.01238	0.00640	0.00665	0.00200	0.00841	0.00617	0.01973	0.00973
31	0.01767	0.01623	0.10458	0.17495	0.31025	0.01444	0.01769	0.04092	0.04293	0.14167	0.01745	0.01970	0.03724	0.00715	0.00670	0.00209	0.00773	0.00635	0.00438	0.00987
32	0.00838	0.00613	0.00776	0.00889	0.00963	0.00566	0.00608	0.00971	0.01340	0.01758	0.07261	0.55553	0.14674	0.06487	0.01001	0.00287	0.00401	0.03853	0.00615	0.00546
33	0.10378	0.32558	0.09995	0.01466	0.04518	0.21700	0.01296	0.02213	0.01517	0.04485	0.01162	0.03808	0.01008	0.00681	0.00531	0.00175	0.00847	0.00468	0.00350	0.00845
34	0.01220	0.00830	0.01041	0.00924	0.01192	0.00752	0.03261	0.01567	0.05792	0.11568	0.27283	0.05019	0.34194	0.01387	0.00770	0.00219	0.00404	0.01189	0.00682	0.00707
35	0.00854	0.00684	0.00740	0.00758	0.00928	0.00610	0.00540	0.01057	0.03559	0.01820	0.09515	0.17269	0.46982	0.10328	0.01102	0.00282	0.00388	0.01413	0.00607	0.00564
36	0.01985	0.43683	0.02834	0.01455	0.04933	0.11235	0.01234	0.13783	0.06592	0.02152	0.01200	0.01323	0.01002	0.00674	0.00584	0.00171	0.03398	0.00456	0.00390	0.00917
37	0.54139	0.01394	0.03722	0.01033	0.01497	0.01449	0.00881	0.09227	0.01496	0.12357	0.03076	0.01429	0.01055	0.00684	0.00498	0.00202	0.00559	0.00458	0.00500	0.04344
38	0.01892	0.01978	0.13739	0.09520	0.27983	0.08445	0.04763	0.07242	0.04227	0.11496	0.01489	0.01706	0.01111	0.00676	0.00663	0.00205	0.00848	0.00590	0.00425	0.01003
39	0.01560	0.10094	0.33148	0.06187	0.23147	0.01633	0.02006	0.02163	0.04603	0.05388	0.01461	0.01681	0.02683	0.00667	0.00633	0.00203	0.00845	0.00559	0.00350	0.00987
40	0.00866	0.00620	0.00814	0.00944	0.00999	0.00591	0.00638	0.01044	0.03836	0.01781	0.06768	0.67619	0.04334	0.02032	0.00904	0.02842	0.00397	0.01791	0.00620	0.00560
41	0.01574	0.01250	0.01480	0.06482	0.05398	0.08748	0.01078	0.04247	0.01407	0.10062	0.01829	0.02375	0.03872	0.07831	0.20967	0.00485	0.12525	0.00681	0.06968	0.00742
42	0.04450	0.06624	0.20970	0.09462	0.18121	0.07636	0.07262	0.07645	0.01640	0.04882	0.01496	0.01737	0.03757	0.00689	0.00647	0.00204	0.00874	0.00586	0.00376	0.00943
43	0.01411	0.01128	0.01702	0.10557	0.02109	0.01174	0.11076	0.10821	0.06213	0.04910	0.02633	0.23969	0.02676	0.01349	0.00796	0.00253	0.00671	0.15218	0.00558	0.00774
44	0.00991	0.00744	0.00843	0.00902	0.00958	0.02996	0.00590	0.01152	0.04273	0.01627	0.05083	0.35133	0.03411	0.33403	0.01924	0.00427	0.00539	0.03955	0.00529	0.00522

[dist]
# distance from previous block
# <min> <max>
0	5

[block]
# block no. 3 follows, 32 sequences, length 29
# corresponding to MSA columns:
# 216-244
name=unknown_D
#
# <colnr> <probs for GDERKNQSTAVLIFYWHMCP>
#	G	D	E	R	K	N	Q	S	T	A	V	L	I	F	Y	W	H	M	C	P
0	0.17072	0.04562	0.06379	0.05311	0.09892	0.25471	0.06399	0.02155	0.01529	0.02063	0.01280	0.01866	0.01123	0.00780	0.00723	0.00210	0.05899	0.06111	0.00368	0.00807
1	0.68067	0.04420	0.01272	0.03659	0.01547	0.03659	0.02913	0.04012	0.01253	0.02877	0.00979	0.01155	0.00763	0.00628	0.00450	0.00205	0.00586	0.00394	0.00409	0.00752
2	0.01582	0.01559	0.02440	0.27220	0.45768	0.05910	0.01949	0.01983	0.01489	0.02002	0.01226	0.01676	0.00995	0.00627	0.00663	0.00206	0.00854	0.00587	0.00322	0.00941
3	0.00843	0.00656	0.00770	0.00843	0.00974	0.00596	0.00593	0.01052	0.03777	0.01840	0.08392	0.42092	0.31422	0.01864	0.00822	0.00249	0.00371	0.01637	0.00631	0.00576
4	0.00817	0.00588	0.00775	0.00925	0.00971	0.00546	0.00619	0.00935	0.01294	0.01717	0.03815	0.73370	0.06974	0.02087	0.00854	0.00271	0.00387	0.01889	0.00623	0.00546
5	0.01267	0.01193	0.02013	0.74806	0.04621	0.01491	0.01863	0.01714	0.01342	0.01714	0.01193	0.01789	0.00894	0.00671	0.00671	0.00224	0.00894	0.00596	0.00298	0.00745
6	0.01391	0.01193	0.01391	0.00994	0.01590	0.00894	0.00795	0.01690	0.01391	0.02186	0.01193	0.01391	0.00994	0.00497	0.00497	0.00099	0.00497	0.00398	0.00398	0.80521
7	0.00912	0.00662	0.00780	0.00835	0.00925	0.00625	0.00578	0.01026	0.01267	0.01623	0.03860	0.20259	0.20925	0.30701	0.01840	0.00412	0.00512	0.11211	0.00539	0.00508
8	0.01166	0.00583	0.00874	0.00874	0.00874	0.00583	0.00583	0.00874	0.00874	0.01166	0.01166	0.02040	0.01166	0.02331	0.02622	0.80478	0.00583	0.00583	0.00291	0.00291
9	0.00929	0.00685	0.00868	0.00822	0.00990	0.00624	0.00617	0.01226	0.01850	0.02574	0.63207	0.05205	0.15076	0.01415	0.00792	0.00213	0.00320	0.01240	0.00723	0.00624
10	0.01100	0.00842	0.01172	0.01116	0.01211	0.01024	0.00873	0.01316	0.01111	0.01691	0.01704	0.02517	0.01586	0.08616	0.44441	0.00763	0.15387	0.00698	0.12219	0.00615
11	0.01391	0.01193	0.01391	0.00994	0.01590	0.00894	0.00795	0.01690	0.01391	0.02186	0.01193	0.01391	0.00994	0.00497	0.00497	0.00099	0.00497	0.00398	0.00398	0.80521
12	0.69292	0.01282	0.01046	0.00899	0.01341	0.01414	0.00737	0.01930	0.01179	0.02888	0.00973	0.01135	0.00766	0.00604	0.00427	0.00192	0.00516	0.00368	0.00413	0.12597
13	0.02593	0.01811	0.01971	0.01511	0.02047	0.01980	0.01249	0.63826	0.03041	0.10560	0.01707	0.01673	0.01189	0.00808	0.00672	0.00202	0.00723	0.00611	0.00686	0.01141
14	0.02179	0.08082	0.01871	0.01319	0.01784	0.01747	0.01075	0.43752	0.02445	0.07650	0.01655	0.02001	0.01330	0.12009	0.01044	0.00255	0.00692	0.00625	0.00585	0.07902
15	0.00854	0.00642	0.00801	0.00914	0.01024	0.00589	0.00668	0.01018	0.01395	0.01789	0.04531	0.45396	0.23023	0.01949	0.00851	0.00266	0.00414	0.12691	0.00622	0.00563
16	0.00818	0.00584	0.00779	0.00934	0.00973	0.00545	0.00623	0.00934	0.01285	0.01713	0.03698	0.75981	0.04438	0.02102	0.00856	0.00273	0.00389	0.01908	0.00623	0.00545
17	0.06640	0.07389	0.20189	0.03910	0.02659	0.12598	0.21764	0.04176	0.01521	0.02069	0.01162	0.01480	0.00908	0.00690	0.00842	0.00215	0.10007	0.00573	0.00331	0.00876
18	0.01938	0.01780	0.12283	0.01468	0.01935	0.03417	0.01327	0.24381	0.08631	0.10523	0.04255	0.07237	0.01703	0.00963	0.00848	0.00220	0.08661	0.03123	0.00567	0.04741
19	0.02015	0.01882	0.02077	0.01807	0.06980	0.15005	0.10236	0.25127	0.11115	0.02810	0.02029	0.02118	0.07212	0.00838	0.00726	0.00206	0.03056	0.00686	0.03125	0.00949
20	0.01284	0.01131	0.01557	0.13274	0.06488	0.01278	0.03211	0.03707	0.12666	0.02191	0.16220	0.03429	0.12878	0.03557	0.01042	0.00247	0.11644	0.02909	0.00521	0.00767
21	0.01727	0.65910	0.13844	0.01262	0.01898	0.02492	0.01346	0.02026	0.01371	0.01660	0.00973	0.01127	0.00859	0.00583	0.00461	0.00154	0.00758	0.00379	0.00286	0.00881
22	0.01091	0.00879	0.01045	0.00975	0.01234	0.00834	0.00740	0.01567	0.11805	0.02124	0.13773	0.17130	0.16024	0.01745	0.08544	0.00303	0.00569	0.03502	0.00579	0.15537
23	0.01203	0.01029	0.00906	0.00880	0.00932	0.11522	0.00539	0.01229	0.01113	0.01352	0.01954	0.03918	0.02205	0.65153	0.02997	0.00579	0.00734	0.00895	0.00398	0.00462
24	0.01574	0.01346	0.01413	0.01271	0.01634	0.01521	0.00988	0.05851	0.57952	0.02716	0.03291	0.03056	0.12412	0.01023	0.00699	0.00226	0.00511	0.00850	0.00673	0.00992
25	0.69285	0.01621	0.11691	0.01036	0.01537	0.01513	0.00987	0.01995	0.01183	0.02879	0.00974	0.01139	0.00745	0.00625	0.00448	0.00208	0.00589	0.00383	0.00396	0.00766
26	0.01410	0.14300	0.60017	0.04468	0.02791	0.01719	0.02259	0.02093	0.01406	0.02029	0.01163	0.01380	0.00853	0.00629	0.00608	0.00203	0.00947	0.00479	0.00284	0.00963
27	0.01237	0.01097	0.03823	0.01147	0.03319	0.00964	0.03102	0.07310	0.07374	0.02376	0.17285	0.09644	0.19246	0.01202	0.00719	0.00203	0.00489	0.03274	0.00584	0.15606
28	0.01454	0.01442	0.03158	0.01447	0.05224	0.11920	0.05249	0.04059	0.18890	0.02279	0.14340	0.17345	0.07989	0.01200	0.00736	0.00223	0.00622	0.01044	0.00577	0.00801

[dist]
# distance from previous block
# <min> <max>
1	2

[block]
# block no. 4 follows, 32 sequences, length 6
# corresponding to MSA columns:
# 247-252
name=unknown_E
#
# <colnr> <probs for GDERKNQSTAVLIFYWHMCP>
#	G	D	E	R	K	N	Q	S	T	A	V	L	I	F	Y	W	H	M	C	P
0	0.01791	0.10967	0.16558	0.02154	0.18758	0.08196	0.04266	0.09169	0.04332	0.07169	0.03519	0.07160	0.01458	0.00792	0.00651	0.00202	0.00802	0.00667	0.00434	0.00956
1	0.01760	0.01754	0.06397	0.05250	0.19305	0.10533	0.06910	0.07325	0.08356	0.06669	0.05713	0.02186	0.05896	0.00801	0.00732	0.00204	0.03583	0.00681	0.00463	0.05483
2	0.01228	0.00710	0.01107	0.01282	0.09848	0.00710	0.00768	0.01023	0.00956	0.01295	0.01178	0.01992	0.01153	0.02113	0.02376	0.70382	0.00610	0.00585	0.00297	0.00388
3	0.01454	0.10646	0.31147	0.04256	0.02383	0.04535	0.08989	0.07509	0.01577	0.02125	0.01920	0.13267	0.05486	0.00927	0.00676	0.00214	0.00830	0.00793	0.00397	0.00869
4	0.01448	0.01134	0.03640	0.01075	0.01435	0.01012	0.00853	0.09387	0.09058	0.06409	0.09685	0.16927	0.02535	0.05805	0.00836	0.00218	0.00509	0.00911	0.04436	0.22690
5	0.08338	0.01698	0.16332	0.01224	0.01845	0.01179	0.01178	0.05676	0.05072	0.04806	0.05335	0.01675	0.01328	0.00636	0.00561	0.00154	0.00609	0.00501	0.00439	0.41413

[dist]
# distance from previous block
# <min> <max>
1	4

[block]
# block no. 5 follows, 32 sequences, length 8
# corresponding to MSA columns:
# 257-264
name=unknown_F
#
# <colnr> <probs for GDERKNQSTAVLIFYWHMCP>
#	G	D	E	R	K	N	Q	S	T	A	V	L	I	F	Y	W	H	M	C	P
0	0.14839	0.08428	0.03892	0.03887	0.04214	0.30632	0.03517	0.08480	0.03906	0.06187	0.01226	0.01389	0.00962	0.00714	0.00674	0.00194	0.05108	0.00487	0.00412	0.00854
1	0.00946	0.00729	0.00834	0.00823	0.00999	0.00681	0.00610	0.03927	0.01540	0.01978	0.16064	0.09467	0.36294	0.11902	0.06153	0.00346	0.00513	0.05015	0.00597	0.00584
2	0.00857	0.00953	0.07929	0.00828	0.01115	0.00667	0.00720	0.01091	0.01519	0.01878	0.09053	0.10651	0.57161	0.01605	0.00782	0.00228	0.00407	0.01348	0.00594	0.00611
3	0.01391	0.01193	0.01391	0.00994	0.01590	0.00894	0.00795	0.01690	0.01391	0.02186	0.01193	0.01391	0.00994	0.00497	0.00497	0.00099	0.00497	0.00398	0.00398	0.80521
4	0.00830	0.00646	0.00754	0.00801	0.00948	0.00571	0.00572	0.01007	0.01508	0.01934	0.17348	0.31153	0.35963	0.01785	0.00815	0.00240	0.00353	0.01556	0.00644	0.00571
5	0.00836	0.00672	0.00746	0.00748	0.00938	0.00582	0.00553	0.01039	0.01602	0.02032	0.23503	0.13038	0.48044	0.01654	0.00799	0.00227	0.00339	0.01412	0.00653	0.00582
6	0.00818	0.00584	0.00779	0.00934	0.00973	0.00545	0.00623	0.00934	0.01285	0.01713	0.03698	0.75981	0.04438	0.02102	0.00856	0.00273	0.00389	0.01908	0.00623	0.00545
7	0.01227	0.00633	0.00663	0.00663	0.00816	0.00643	0.00500	0.01533	0.01380	0.02423	0.02156	0.02513	0.01716	0.01134	0.06547	0.00233	0.00436	0.00633	0.73527	0.00623

[dist]
# distance from previous block
# <min> <max>
0	2

[block]
# block no. 6 follows, 32 sequences, length 67
# corresponding to MSA columns:
# 267-333
name=unknown_G
#
# <colnr> <probs for GDERKNQSTAVLIFYWHMCP>
#	G	D	E	R	K	N	Q	S	T	A	V	L	I	F	Y	W	H	M	C	P
0	0.01761	0.01421	0.01520	0.01354	0.01743	0.01622	0.01057	0.03545	0.66261	0.07622	0.02725	0.02488	0.02022	0.00905	0.00682	0.00226	0.00534	0.00753	0.00693	0.01068
1	0.01380	0.00783	0.01025	0.00909	0.01148	0.00705	0.00701	0.01676	0.01882	0.17578	0.53276	0.04515	0.09196	0.01276	0.00767	0.00211	0.00372	0.01110	0.00751	0.00738
2	0.02551	0.01879	0.02014	0.01544	0.02081	0.02081	0.01275	0.69996	0.03155	0.04229	0.01611	0.01611	0.01141	0.00805	0.00671	0.00201	0.00738	0.00604	0.00671	0.01141
3	0.04937	0.00785	0.01149	0.06981	0.01478	0.00924	0.00915	0.01278	0.01103	0.01642	0.01706	0.02492	0.01568	0.04465	0.64283	0.00967	0.01662	0.00692	0.00357	0.00617
4	0.01527	0.01659	0.03490	0.11656	0.05392	0.01606	0.55478	0.02059	0.01542	0.02117	0.01383	0.01843	0.01045	0.00592	0.00755	0.00221	0.01045	0.00753	0.04964	0.00873
5	0.02243	0.00922	0.01165	0.00957	0.01320	0.00831	0.00769	0.02525	0.01716	0.42486	0.04845	0.02464	0.01845	0.00830	0.00597	0.00187	0.00460	0.00674	0.32244	0.00920
6	0.01584	0.01810	0.03959	0.02828	0.03507	0.01697	0.69796	0.02149	0.01584	0.02149	0.01357	0.01810	0.01018	0.00566	0.00792	0.00226	0.01131	0.00792	0.00339	0.00905
7	0.01794	0.76823	0.03516	0.01148	0.01722	0.02655	0.01148	0.02009	0.01363	0.01579	0.00933	0.01076	0.00861	0.00574	0.00431	0.00144	0.00718	0.00359	0.00287	0.00861
8	0.81159	0.01298	0.00986	0.00882	0.01298	0.01505	0.00727	0.01972	0.01142	0.03010	0.00934	0.01090	0.00727	0.00623	0.00415	0.00208	0.00519	0.00363	0.00415	0.00727
9	0.01085	0.00918	0.03385	0.01034	0.01249	0.00866	0.00847	0.01607	0.10976	0.02449	0.39768	0.05039	0.10980	0.01397	0.00842	0.00235	0.02841	0.13117	0.00670	0.00696
10	0.01784	0.73125	0.03538	0.01231	0.01810	0.02608	0.04532	0.02016	0.01374	0.01607	0.00954	0.01113	0.00869	0.00574	0.00448	0.00148	0.00738	0.00380	0.00290	0.00863
11	0.01806	0.01838	0.02501	0.03525	0.55838	0.13507	0.01858	0.04405	0.01657	0.02186	0.03664	0.01700	0.01214	0.00647	0.00659	0.00195	0.00847	0.00592	0.00360	0.01004
12	0.01424	0.01273	0.01993	0.57980	0.06460	0.01544	0.01752	0.09465	0.01554	0.02028	0.01349	0.02039	0.01074	0.00758	0.00733	0.00227	0.03288	0.03906	0.00357	0.00795
13	0.01529	0.07872	0.02001	0.06112	0.01952	0.14588	0.06716	0.01759	0.01289	0.01641	0.01251	0.01833	0.01146	0.04245	0.20535	0.00468	0.23410	0.00604	0.00327	0.00721
14	0.81159	0.01298	0.00986	0.00882	0.01298	0.01505	0.00727	0.01972	0.01142	0.03010	0.00934	0.01090	0.00727	0.00623	0.00415	0.00208	0.00519	0.00363	0.00415	0.00727
