[name]
unknown

[dist]
# distance from previous block
# <min> <max>
12	79

[block]
# block no. 0 follows, 31 sequences, length 86
# corresponding to MSA columns:
# 108-193
name=unknown_A
#
# <colnr> <probs for GDERKNQSTAVLIFYWHMCP>
#	G	D	E	R	K	N	Q	S	T	A	V	L	I	F	Y	W	H	M	C	P
0	0.02009	0.07296	0.06034	0.01629	0.08889	0.06103	0.01246	0.17375	0.10577	0.11455	0.06846	0.02065	0.01683	0.02653	0.00716	0.00202	0.00689	0.00635	0.00560	0.11337
1	0.01853	0.03933	0.05389	0.01564	0.06643	0.03844	0.04458	0.23188	0.07035	0.07630	0.07439	0.08313	0.03891	0.10455	0.01060	0.00272	0.00695	0.00844	0.00578	0.00913
2	0.02066	0.08743	0.11301	0.01468	0.02019	0.03489	0.04442	0.22956	0.09944	0.13729	0.04172	0.02365	0.08498	0.00886	0.00679	0.00209	0.00713	0.00712	0.00595	0.01014
3	0.15743	0.18425	0.18543	0.10779	0.02257	0.01685	0.01426	0.02100	0.06245	0.05633	0.05865	0.01980	0.05164	0.00771	0.00590	0.00203	0.00718	0.00587	0.00418	0.00867
4	0.04374	0.20996	0.08256	0.01621	0.06081	0.01837	0.06761	0.16813	0.01915	0.11276	0.07689	0.01914	0.01586	0.00915	0.03073	0.00227	0.02582	0.00618	0.00501	0.00966
5	0.01858	0.16093	0.20099	0.04282	0.05654	0.05555	0.06722	0.11216	0.03533	0.09682	0.01786	0.04609	0.04386	0.00791	0.00649	0.00203	0.00823	0.00645	0.00451	0.00964
6	0.04082	0.08231	0.03553	0.03605	0.01909	0.15628	0.01168	0.23042	0.05263	0.05403	0.08876	0.03958	0.05191	0.00903	0.00699	0.00199	0.02642	0.00688	0.00546	0.04415
7	0.01881	0.16084	0.01895	0.01247	0.01629	0.03408	0.01038	0.23233	0.03759	0.07732	0.04328	0.02905	0.03694	0.11150	0.06121	0.00329	0.00769	0.07376	0.00549	0.00872
8	0.01614	0.09012	0.09858	0.07191	0.05474	0.03230	0.01264	0.05861	0.04624	0.09635	0.03462	0.03960	0.05255	0.01596	0.10360	0.09134	0.04585	0.00685	0.00449	0.02752
9	0.13105	0.10651	0.05787	0.01143	0.01511	0.08628	0.00969	0.01958	0.09116	0.04061	0.11636	0.10163	0.08191	0.03343	0.00739	0.00223	0.00608	0.02962	0.00522	0.04685
10	0.11597	0.06620	0.21302	0.01343	0.01865	0.06886	0.01338	0.05777	0.01493	0.03668	0.03784	0.02222	0.02936	0.08750	0.08900	0.00343	0.00892	0.02319	0.00408	0.07557
11	0.08234	0.53827	0.03039	0.01239	0.01803	0.02484	0.01166	0.17080	0.01780	0.02328	0.01106	0.01220	0.00931	0.00642	0.00493	0.00165	0.00720	0.00422	0.00390	0.00931
12	0.63075	0.01525	0.08231	0.01020	0.01494	0.01493	0.00929	0.04999	0.01316	0.02941	0.01472	0.01591	0.06219	0.00730	0.00488	0.00213	0.00574	0.00478	0.00438	0.00775
13	0.01752	0.01630	0.02658	0.03848	0.63025	0.01632	0.01978	0.07396	0.01682	0.02399	0.01312	0.01677	0.01087	0.00622	0.00670	0.00199	0.00794	0.00601	0.00369	0.04670
14	0.01541	0.14041	0.12723	0.03557	0.05393	0.01829	0.11566	0.02227	0.14398	0.02081	0.03344	0.01874	0.01351	0.01128	0.06248	0.00289	0.14474	0.00638	0.00397	0.00900
15	0.01513	0.14854	0.43504	0.01752	0.04257	0.07352	0.01966	0.02079	0.01509	0.02074	0.08226	0.01750	0.01440	0.00743	0.00702	0.00205	0.04246	0.00559	0.00343	0.00926
16	0.44012	0.01874	0.15700	0.01256	0.01755	0.06204	0.01205	0.02157	0.07223	0.02617	0.01239	0.01445	0.00971	0.01032	0.06176	0.00283	0.03152	0.00472	0.00406	0.00819
17	0.07636	0.12118	0.01532	0.01083	0.01450	0.01409	0.00877	0.02378	0.26468	0.07852	0.06759	0.03430	0.19806	0.03357	0.00756	0.00228	0.00514	0.00878	0.00607	0.00862
18	0.13043	0.01306	0.01859	0.52223	0.03786	0.01583	0.01620	0.07149	0.06934	0.02227	0.01334	0.01763	0.00999	0.00707	0.00647	0.00224	0.00815	0.00587	0.00382	0.00814
19	0.00834	0.00595	0.00794	0.00953	0.00992	0.00556	0.00635	0.00953	0.01310	0.01746	0.03771	0.75510	0.04525	0.02143	0.00873	0.00278	0.00397	0.01945	0.00635	0.00556
20	0.01887	0.01660	0.02521	0.10329	0.47320	0.01743	0.01875	0.19354	0.01965	0.02721	0.01371	0.01693	0.01088	0.00671	0.00680	0.00206	0.00807	0.00611	0.00424	0.01073
21	0.01591	0.01544	0.02699	0.20995	0.50299	0.01608	0.07223	0.02022	0.01516	0.02114	0.01277	0.01736	0.01039	0.00625	0.00689	0.00211	0.00863	0.00624	0.00331	0.00993
22	0.01811	0.26776	0.30654	0.01606	0.02321	0.09661	0.04272	0.02276	0.01553	0.08755	0.03491	0.01526	0.01136	0.00675	0.00592	0.00189	0.00886	0.00505	0.00368	0.00944
23	0.00831	0.00605	0.00784	0.00926	0.00985	0.00558	0.00623	0.00956	0.01335	0.01757	0.04089	0.68558	0.11271	0.02102	0.00867	0.00273	0.00392	0.01894	0.00635	0.00558
24	0.01686	0.05629	0.12652	0.08770	0.39692	0.01718	0.10113	0.07403	0.01657	0.02315	0.01296	0.01653	0.01030	0.00633	0.00678	0.00208	0.00881	0.00607	0.00355	0.01025
25	0.05077	0.01236	0.01559	0.01180	0.01728	0.01078	0.00968	0.07568	0.01884	0.47193	0.02188	0.02008	0.01451	0.00751	0.00633	0.00183	0.00573	0.00600	0.00708	0.21436
26	0.07559	0.01177	0.01880	0.62860	0.04150	0.01450	0.01708	0.01703	0.01315	0.01809	0.01193	0.01787	0.00920	0.00811	0.00817	0.06381	0.00857	0.00588	0.00313	0.00723
27	0.01418	0.01344	0.01818	0.01580	0.01649	0.01784	0.01295	0.01780	0.08215	0.01975	0.14309	0.02282	0.02061	0.01208	0.01819	0.00277	0.53262	0.00736	0.00425	0.00763
28	0.00957	0.00729	0.00889	0.00878	0.01066	0.00672	0.00681	0.01275	0.03556	0.02380	0.40759	0.05846	0.25744	0.01555	0.00823	0.00234	0.00377	0.10245	0.00699	0.00634
29	0.02450	0.01802	0.01957	0.01542	0.02051	0.01987	0.01280	0.62550	0.03051	0.04083	0.01842	0.02255	0.01443	0.00929	0.00711	0.00216	0.00740	0.07320	0.00679	0.01110
30	0.01033	0.00738	0.01023	0.01181	0.01308	0.00728	0.00982	0.01298	0.01507	0.01970	0.03660	0.25130	0.04088	0.01955	0.00927	0.00305	0.00570	0.50353	0.00631	0.00611
31	0.00820	0.00668	0.00726	0.00765	0.00945	0.00574	0.00553	0.00984	0.01507	0.01850	0.08161	0.24241	0.52171	0.01828	0.00825	0.00243	0.00359	0.01566	0.00639	0.00574
32	0.02718	0.01243	0.01577	0.01262	0.01755	0.01184	0.01025	0.03412	0.19551	0.54363	0.02721	0.02386	0.01795	0.00868	0.00690	0.00217	0.00572	0.00710	0.00808	0.01143
33	0.00816	0.00665	0.00722	0.00766	0.00943	0.00571	0.00552	0.00974	0.01489	0.01819	0.06037	0.26082	0.52490	0.01849	0.00827	0.00244	0.00361	0.01586	0.00635	0.00571
34	0.80789	0.01323	0.01006	0.00900	0.01323	0.01535	0.00741	0.02011	0.01164	0.03070	0.00953	0.01111	0.00741	0.00635	0.00423	0.00212	0.00529	0.00370	0.00423	0.00741
35	0.60706	0.01475	0.01275	0.01073	0.01528	0.01685	0.00885	0.19322	0.01691	0.03389	0.01130	0.01248	0.00849	0.00683	0.00490	0.00210	0.00587	0.00434	0.00490	0.00849
36	0.02733	0.01704	0.01922	0.01474	0.02016	0.01807	0.01217	0.50783	0.02862	0.23437	0.01940	0.01836	0.01313	0.00828	0.00685	0.00207	0.00705	0.00636	0.00730	0.01164
37	0.00851	0.00625	0.00799	0.00904	0.00988	0.00573	0.00621	0.01009	0.01441	0.01915	0.14729	0.55367	0.13716	0.01973	0.00854	0.00262	0.00379	0.01768	0.00654	0.00573
38	0.80789	0.01323	0.01006	0.00900	0.01323	0.01535	0.00741	0.02011	0.01164	0.03070	0.00953	0.01111	0.00741	0.00635	0.00423	0.00212	0.00529	0.00370	0.00423	0.00741
39	0.01702	0.01470	0.01547	0.01392	0.01779	0.01702	0.01083	0.03635	0.70453	0.02862	0.02785	0.02553	0.02088	0.00928	0.00696	0.00232	0.00541	0.00773	0.00696	0.01083
40	0.80789	0.01323	0.01006	0.00900	0.01323	0.01535	0.00741	0.02011	0.01164	0.03070	0.00953	0.01111	0.00741	0.00635	0.00423	0.00212	0.00529	0.00370	0.00423	0.00741
41	0.00850	0.00602	0.00789	0.00932	0.00967	0.00567	0.00613	0.00957	0.01278	0.01704	0.03608	0.68346	0.04319	0.09588	0.01136	0.00317	0.00424	0.01849	0.00613	0.00541
42	0.00827	0.00620	0.00768	0.00886	0.00975	0.00561	0.00605	0.00960	0.01374	0.01773	0.04582	0.57806	0.21705	0.02038	0.00857	0.00266	0.00384	0.01816	0.00635	0.00561
43	0.00809	0.00693	0.00693	0.00693	0.00924	0.00578	0.00520	0.00982	0.01559	0.01848	0.06931	0.06584	0.71411	0.01733	0.00809	0.00231	0.00347	0.01444	0.00635	0.00578
44	0.77847	0.01317	0.01028	0.00912	0.01339	0.01515	0.00751	0.02061	0.01194	0.05685	0.01019	0.01157	0.00777	0.00643	0.00433	0.00212	0.00531	0.00382	0.00439	0.00757
45	0.01933	0.01584	0.01677	0.01439	0.01867	0.01810	0.01139	0.20529	0.53183	0.03234	0.02491	0.02319	0.01851	0.00901	0.00693	0.00225	0.00596	0.00733	0.00693	0.01104
46	0.80789	0.01323	0.01006	0.00900	0.01323	0.01535	0.00741	0.02011	0.01164	0.03070	0.00953	0.01111	0.00741	0.00635	0.00423	0.00212	0.00529	0.00370	0.00423	0.00741
47	0.05996	0.01751	0.04372	0.03869	0.02005	0.06331	0.01215	0.19911	0.39126	0.04754	0.02181	0.02095	0.01616	0.00852	0.00672	0.00220	0.00669	0.00675	0.00633	0.01056
48	0.02843	0.01527	0.01812	0.01390	0.01928	0.01544	0.01148	0.35234	0.02566	0.39404	0.02189	0.01997	0.01438	0.00834	0.00686	0.00209	0.00665	0.00653	0.00768	0.01164
49	0.00834	0.00595	0.00794	0.00953	0.00992	0.00556	0.00635	0.00953	0.01310	0.01746	0.03771	0.75510	0.04525	0.02143	0.00873	0.00278	0.00397	0.01945	0.00635	0.00556
50	0.02119	0.01243	0.01726	0.05455	0.13823	0.01230	0.01237	0.12737	0.01949	0.27561	0.07630	0.07456	0.02219	0.01151	0.03055	0.00252	0.00678	0.06842	0.00651	0.00985
51	0.01664	0.01323	0.01737	0.18234	0.07769	0.03238	0.03069	0.05847	0.23326	0.09373	0.07134	0.10173	0.02168	0.00983	0.00718	0.00228	0.00665	0.00857	0.00573	0.00922
52	0.33205	0.01226	0.01362	0.01094	0.01582	0.01211	0.00903	0.02821	0.01650	0.45372	0.02022	0.01857	0.01324	0.00765	0.00585	0.00212	0.00562	0.00565	0.00683	0.01000
53	0.80789	0.01323	0.01006	0.00900	0.01323	0.01535	0.00741	0.02011	0.01164	0.03070	0.00953	0.01111	0.00741	0.00635	0.00423	0.00212	0.00529	0.00370	0.00423	0.00741
54	0.01419	0.01216	0.01419	0.01013	0.01621	0.00912	0.00811	0.01723	0.01419	0.02229	0.01216	0.01419	0.01013	0.00507	0.00507	0.00101	0.00507	0.00405	0.00405	0.80139
55	0.12331	0.00859	0.00975	0.00887	0.01161	0.00810	0.00694	0.01624	0.01714	0.13258	0.30534	0.04626	0.23236	0.01318	0.00740	0.00222	0.00408	0.03201	0.00685	0.00719
56	0.02718	0.01728	0.01937	0.01485	0.02028	0.01843	0.01227	0.52886	0.02902	0.21278	0.01907	0.01814	0.01296	0.00828	0.00685	0.00207	0.00710	0.00634	0.00725	0.01164
57	0.00993	0.00783	0.00885	0.00910	0.01124	0.00738	0.00721	0.01377	0.07951	0.02071	0.09250	0.08312	0.39784	0.01648	0.00818	0.00249	0.00432	0.17173	0.04139	0.00643
58	0.00898	0.00623	0.00775	0.00870	0.00894	0.00599	0.00547	0.00970	0.01184	0.01579	0.03125	0.47117	0.03710	0.31648	0.01916	0.00432	0.00503	0.01565	0.00547	0.00499
59	0.00813	0.00675	0.00711	0.00740	0.00936	0.00574	0.00541	0.00977	0.01515	0.01830	0.06362	0.18976	0.59386	0.01806	0.00820	0.00239	0.00356	0.01534	0.00635	0.00574
60	0.13541	0.01290	0.01566	0.01224	0.01737	0.01239	0.01009	0.11489	0.04089	0.52110	0.02331	0.02083	0.01509	0.00817	0.00652	0.00212	0.00595	0.00638	0.00764	0.01104
61	0.00977	0.00733	0.01100	0.01100	0.01222	0.00855	0.00855	0.01222	0.01100	0.01588	0.01833	0.02688	0.01710	0.05131	0.73245	0.01100	0.01833	0.00733	0.00367	0.00611
62	0.02166	0.01306	0.01525	0.01276	0.01664	0.01346	0.01009	0.27844	0.06620	0.21368	0.02561	0.20886	0.02246	0.01174	0.00727	0.00226	0.00588	0.00987	0.03496	0.00984
63	0.01043	0.00683	0.00768	0.00756	0.00799	0.00665	0.00446	0.01071	0.01089	0.03731	0.02700	0.04638	0.10061	0.65284	0.03095	0.00601	0.00626	0.01034	0.00453	0.00457
64	0.01176	0.00923	0.01095	0.01040	0.01269	0.00951	0.00809	0.01936	0.20973	0.02633	0.39970	0.04794	0.09783	0.01346	0.00791	0.00232	0.00419	0.08384	0.00715	0.00761
65	0.80789	0.01323	0.01006	0.00900	0.01323	0.01535	0.00741	0.02011	0.01164	0.03070	0.00953	0.01111	0.00741	0.00635	0.00423	0.00212	0.00529	0.00370	0.00423	0.00741
66	0.01361	0.00989	0.01157	0.01073	0.01294	0.01011	0.00804	0.18672	0.03713	0.02604	0.16917	0.27545	0.10961	0.01596	0.00935	0.06234	0.00487	0.01275	0.00648	0.00726
67	0.00858	0.00638	0.00802	0.00898	0.00999	0.00582	0.00631	0.01025	0.01461	0.01922	0.14101	0.48695	0.18515	0.01943	0.00853	0.00261	0.00385	0.04206	0.00652	0.00576
68	0.00934	0.00673	0.00884	0.00884	0.01014	0.00622	0.00643	0.01204	0.01776	0.02487	0.53976	0.23193	0.05959	0.01590	0.00824	0.00231	0.00342	0.01419	0.00723	0.00622
69	0.01339	0.00838	0.00992	0.00915	0.01044	0.00866	0.00626	0.08162	0.01346	0.07355	0.02101	0.03588	0.02111	0.45354	0.13882	0.00612	0.00826	0.00863	0.06582	0.00598
70	0.01081	0.00799	0.00926	0.00888	0.01010	0.00817	0.00605	0.01483	0.11684	0.01999	0.22056	0.04415	0.07623	0.36121	0.05240	0.00466	0.00582	0.01045	0.00563	0.00598
71	0.01268	0.01014	0.01173	0.01078	0.01331	0.01076	0.00824	0.02248	0.29895	0.02792	0.43358	0.04067	0.04673	0.01207	0.00762	0.00222	0.00412	0.01048	0.00730	0.00824
72	0.01027	0.00763	0.00997	0.01114	0.01291	0.00734	0.00953	0.01306	0.01571	0.01996	0.04472	0.07426	0.21268	0.01850	0.00910	0.00293	0.00557	0.50224	0.00631	0.00617
73	0.02341	0.01283	0.01517	0.01215	0.01609	0.01293	0.00949	0.23532	0.04516	0.30184	0.02230	0.02672	0.01745	0.20134	0.01405	0.00326	0.00655	0.00747	0.00679	0.00969
74	0.01843	0.01061	0.01144	0.00968	0.01277	0.01104	0.00770	0.21342	0.02003	0.10246	0.02110	0.02266	0.01577	0.00809	0.00559	0.00178	0.00471	0.00637	0.48791	0.00844
75	0.00832	0.00600	0.00789	0.00941	0.00989	0.00557	0.00630	0.00954	0.01321	0.01751	0.03914	0.72389	0.07554	0.02125	0.00870	0.00276	0.00395	0.01922	0.00635	0.00557
76	0.60753	0.01400	0.01228	0.01037	0.01490	0.01573	0.00855	0.12658	0.01565	0.10232	0.01236	0.01317	0.00903	0.00685	0.00491	0.00211	0.00569	0.00441	0.00507	0.00850
77	0.01372	0.03539	0.72412	0.01950	0.02961	0.01589	0.02528	0.02167	0.01444	0.02167	0.01228	0.01444	0.00867	0.00650	0.00650	0.00217	0.01011	0.00506	0.00289	0.01011
78	0.01073	0.00778	0.01061	0.01203	0.01368	0.00766	0.01044	0.01374	0.01573	0.02027	0.03956	0.07603	0.10743	0.01874	0.00931	0.00307	0.00601	0.60464	0.00631	0.00625
79	0.03070	0.01164	0.01588	0.01217	0.01746	0.01006	0.01006	0.03334	0.01958	0.72163	0.02699	0.02329	0.01694	0.00847	0.00688	0.00212	0.00582	0.00688	0.00847	0.01164
80	0.02619	0.01536	0.01775	0.01399	0.01910	0.01602	0.01143	0.31074	0.15193	0.30877	0.02272	0.02083	0.01545	0.00851	0.00688	0.00213	0.00646	0.00674	0.00751	0.01149
81	0.00986	0.00699	0.00925	0.00925	0.00987	0.00761	0.00638	0.01110	0.01048	0.01459	0.01992	0.03570	0.02093	0.40055	0.38845	0.00884	0.01256	0.00862	0.00390	0.00514
82	0.01004	0.00841	0.00919	0.00874	0.01092	0.00814	0.00669	0.06304	0.01622	0.02012	0.05728	0.12753	0.53686	0.01662	0.00919	0.00239	0.06252	0.01364	0.00613	0.00634
83	0.01419	0.01216	0.01419	0.01013	0.01621	0.00912	0.00811	0.01723	0.01419	0.02229	0.01216	0.01419	0.01013	0.00507	0.00507	0.00101	0.00507	0.00405	0.00405	0.80139
84	0.00915	0.00653	0.00887	0.01045	0.01121	0.00626	0.00776	0.01093	0.01390	0.01837	0.03726	0.55027	0.04347	0.02067	0.00895	0.00289	0.00467	0.21626	0.00634	0.00578
85	0.01829	0.76368	0.03585	0.01171	0.01756	0.02707	0.01171	0.02049	0.01390	0.01610	0.00951	0.01097	0.00878	0.00585	0.00439	0.00146	0.00732	0.00366	0.00293	0.00878

[dist]
# distance from previous block
# <min> <max>
0	1

[block]
# block no. 1 follows, 31 sequences, length 45
# corresponding to MSA columns:
# 195-239
name=unknown_B
#
# <colnr> <probs for GDERKNQSTAVLIFYWHMCP>
#	G	D	E	R	K	N	Q	S	T	A	V	L	I	F	Y	W	H	M	C	P
0	0.80789	0.01323	0.01006	0.00900	0.01323	0.01535	0.00741	0.02011	0.01164	0.03070	0.00953	0.01111	0.00741	0.00635	0.00423	0.00212	0.00529	0.00370	0.00423	0.00741
1	0.00994	0.00666	0.00759	0.00759	0.00763	0.00670	0.00430	0.01003	0.00999	0.01336	0.02144	0.04414	0.02460	0.73478	0.05924	0.00679	0.00704	0.00986	0.00413	0.00421
2	0.01908	0.01572	0.01663	0.01434	0.01857	0.01798	0.01133	0.18702	0.55050	0.03194	0.02523	0.02344	0.01877	0.00904	0.00693	0.00226	0.00590	0.00737	0.00693	0.01101
3	0.20512	0.01780	0.01813	0.01420	0.01939	0.01987	0.01172	0.53969	0.02746	0.04027	0.01484	0.01521	0.01067	0.00779	0.00625	0.00207	0.00702	0.00560	0.00625	0.01067
4	0.00977	0.00733	0.01100	0.01100	0.01222	0.00855	0.00855	0.01222	0.01100	0.01588	0.01833	0.02688	0.01710	0.05131	0.73245	0.01100	0.01833	0.00733	0.00367	0.00611
5	0.02541	0.01061	0.01422	0.01169	0.01587	0.00942	0.00931	0.05136	0.01854	0.53621	0.02907	0.19069	0.02323	0.01143	0.00730	0.00227	0.00546	0.00973	0.00792	0.01025
6	0.02266	0.01963	0.01851	0.01537	0.01996	0.13081	0.01224	0.34986	0.27550	0.03370	0.01968	0.01911	0.01457	0.00842	0.00678	0.00211	0.00751	0.00646	0.00637	0.01076
7	0.01384	0.01310	0.02218	0.58251	0.20055	0.01544	0.01946	0.01829	0.01411	0.01860	0.01232	0.01794	0.00951	0.00667	0.00682	0.00222	0.00889	0.00608	0.00312	0.00834
8	0.00977	0.00733	0.01100	0.01100	0.01222	0.00855	0.00855	0.01222	0.01100	0.01588	0.01833	0.02688	0.01710	0.05131	0.73245	0.01100	0.01833	0.00733	0.00367	0.00611
9	0.01525	0.00778	0.00964	0.00861	0.01101	0.00720	0.00666	0.01834	0.01769	0.17594	0.32937	0.03637	0.03823	0.01074	0.00669	0.00195	0.00377	0.00914	0.27808	0.00754
10	0.01829	0.76368	0.03585	0.01171	0.01756	0.02707	0.01171	0.02049	0.01390	0.01610	0.00951	0.01097	0.00878	0.00585	0.00439	0.00146	0.00732	0.00366	0.00293	0.00878
11	0.01419	0.01216	0.01419	0.01013	0.01621	0.00912	0.00811	0.01723	0.01419	0.02229	0.01216	0.01419	0.01013	0.00507	0.00507	0.00101	0.00507	0.00405	0.00405	0.80139
12	0.03070	0.01164	0.01588	0.01217	0.01746	0.01006	0.01006	0.03334	0.01958	0.72163	0.02699	0.02329	0.01694	0.00847	0.00688	0.00212	0.00582	0.00688	0.00847	0.01164
13	0.00878	0.00620	0.00808	0.00941	0.00983	0.00589	0.00633	0.00992	0.01278	0.01701	0.03503	0.59464	0.04159	0.13883	0.01294	0.00342	0.00456	0.06340	0.00600	0.00538
14	0.80789	0.01323	0.01006	0.00900	0.01323	0.01535	0.00741	0.02011	0.01164	0.03070	0.00953	0.01111	0.00741	0.00635	0.00423	0.00212	0.00529	0.00370	0.00423	0.00741
15	0.00995	0.00663	0.00746	0.00746	0.00746	0.00663	0.00415	0.00995	0.00995	0.01327	0.02156	0.04477	0.02487	0.75957	0.03482	0.00663	0.00663	0.00995	0.00415	0.00415
16	0.03070	0.01164	0.01588	0.01217	0.01746	0.01006	0.01006	0.03334	0.01958	0.72163	0.02699	0.02329	0.01694	0.00847	0.00688	0.00212	0.00582	0.00688	0.00847	0.01164
17	0.01430	0.00805	0.01042	0.00922	0.01176	0.00720	0.00713	0.01722	0.01896	0.18539	0.47887	0.04650	0.13151	0.01312	0.00780	0.00216	0.00385	0.01136	0.00760	0.00756
18	0.80789	0.01323	0.01006	0.00900	0.01323	0.01535	0.00741	0.02011	0.01164	0.03070	0.00953	0.01111	0.00741	0.00635	0.00423	0.00212	0.00529	0.00370	0.00423	0.00741
19	0.01039	0.00692	0.01038	0.01038	0.01125	0.00779	0.00779	0.01125	0.01038	0.01471	0.01643	0.02509	0.01557	0.04323	0.52538	0.24279	0.01469	0.00692	0.00346	0.00519
20	0.02427	0.01838	0.01695	0.01409	0.01843	0.17910	0.01118	0.20812	0.12344	0.20230	0.03861	0.02019	0.01556	0.00830	0.00659	0.00201	0.00744	0.00635	0.06860	0.01012
21	0.00977	0.00733	0.01100	0.01100	0.01222	0.00855	0.00855	0.01222	0.01100	0.01588	0.01833	0.02688	0.01710	0.05131	0.73245	0.01100	0.01833	0.00733	0.00367	0.00611
22	0.00880	0.00618	0.00794	0.00916	0.00951	0.00589	0.00601	0.00979	0.01247	0.01661	0.03395	0.56833	0.04037	0.19043	0.01473	0.00367	0.00466	0.04038	0.00584	0.00526
23	0.00992	0.00651	0.00737	0.00762	0.00803	0.00638	0.00464	0.01062	0.01135	0.01578	0.02723	0.15684	0.07056	0.50196	0.02525	0.00512	0.00558	0.01130	0.10317	0.00475
24	0.01693	0.01626	0.02777	0.04199	0.71689	0.01626	0.02100	0.02100	0.01558	0.02235	0.01287	0.01693	0.01084	0.00610	0.00677	0.00203	0.00813	0.00610	0.00339	0.01084
25	0.00977	0.00733	0.01100	0.01100	0.01222	0.00855	0.00855	0.01222	0.01100	0.01588	0.01833	0.02688	0.01710	0.05131	0.73245	0.01100	0.01833	0.00733	0.00367	0.00611
26	0.01433	0.00753	0.00963	0.00927	0.01060	0.00704	0.00629	0.01511	0.01306	0.17674	0.02715	0.25699	0.02850	0.31324	0.01987	0.05519	0.00558	0.01191	0.00574	0.00622
27	0.00823	0.00694	0.00713	0.00708	0.00933	0.00584	0.00531	0.01010	0.01594	0.01930	0.12844	0.06449	0.65447	0.01702	0.00808	0.00230	0.00344	0.01425	0.00646	0.00584
28	0.00873	0.00648	0.00814	0.00872	0.00989	0.00589	0.00616	0.01069	0.01564	0.02093	0.26565	0.39068	0.18090	0.01819	0.00839	0.00248	0.00363	0.01616	0.00674	0.00589
29	0.01352	0.01114	0.01266	0.01113	0.01470	0.01086	0.00847	0.02195	0.25970	0.02386	0.06871	0.19064	0.02570	0.01097	0.00676	0.00197	0.00477	0.00949	0.02958	0.26341
30	0.01756	0.01374	0.01571	0.01150	0.01741	0.01193	0.00931	0.17292	0.01852	0.05511	0.01373	0.01506	0.01075	0.00592	0.00555	0.00130	0.00566	0.00465	0.00487	0.58880
31	0.02673	0.02780	0.01858	0.01638	0.02031	0.56669	0.01249	0.02870	0.01943	0.17822	0.01434	0.01485	0.01067	0.00737	0.00633	0.00184	0.01084	0.00497	0.00466	0.00878
32	0.01830	0.02170	0.03556	0.02627	0.03241	0.18105	0.53654	0.02315	0.01689	0.02073	0.01309	0.01705	0.01002	0.00606	0.00764	0.00218	0.01172	0.00723	0.00348	0.00893
33	0.00834	0.00595	0.00794	0.00953	0.00992	0.00556	0.00635	0.00953	0.01310	0.01746	0.03771	0.75510	0.04525	0.02143	0.00873	0.00278	0.00397	0.01945	0.00635	0.00556
34	0.01779	0.01508	0.01591	0.01408	0.01809	0.01738	0.01102	0.09326	0.64635	0.02987	0.02686	0.02474	0.02008	0.00919	0.00695	0.00230	0.00560	0.00760	0.00695	0.01090
35	0.03070	0.01164	0.01588	0.01217	0.01746	0.01006	0.01006	0.03334	0.01958	0.72163	0.02699	0.02329	0.01694	0.00847	0.00688	0.00212	0.00582	0.00688	0.00847	0.01164
36	0.28018	0.01101	0.01204	0.01005	0.01379	0.01100	0.00784	0.02365	0.01478	0.33334	0.02003	0.02423	0.01564	0.17984	0.01242	0.00315	0.00583	0.00654	0.00609	0.00854
37	0.20834	0.01265	0.01494	0.01175	0.01681	0.01222	0.00970	0.08645	0.01883	0.50569	0.02209	0.01991	0.01430	0.00796	0.00627	0.00211	0.00585	0.00609	0.00736	0.01067
38	0.00873	0.00624	0.00839	0.00998	0.01055	0.00590	0.00704	0.01021	0.01349	0.01791	0.03749	0.65513	0.04438	0.02106	0.00884	0.00283	0.00431	0.11551	0.00634	0.00567
39	0.00968	0.00699	0.00914	0.00861	0.01022	0.00646	0.00646	0.01291	0.01937	0.02743	0.71328	0.05110	0.06455	0.01399	0.00807	0.00215	0.00323	0.01237	0.00753	0.00646
40	0.00877	0.00713	0.00789	0.00820	0.01033	0.00625	0.00648	0.01087	0.01578	0.01926	0.08811	0.06765	0.54489	0.01753	0.00837	0.00248	0.00406	0.15364	0.00639	0.00591
41	0.07354	0.01954	0.09733	0.02658	0.03359	0.01704	0.58454	0.02176	0.01567	0.02253	0.01339	0.01757	0.01002	0.00587	0.00766	0.00228	0.01096	0.00749	0.00347	0.00917
42	0.00979	0.00726	0.01064	0.01064	0.01174	0.00836	0.00811	0.01199	0.01089	0.01562	0.01865	0.02866	0.01788	0.12201	0.66281	0.01056	0.01716	0.00759	0.00371	0.00591
43	0.01188	0.00594	0.00891	0.00891	0.00891	0.00594	0.00594	0.00891	0.00891	0.01188	0.01188	0.02080	0.01188	0.02377	0.02674	0.80095	0.00594	0.00594	0.00297	0.00297
44	0.00987	0.00813	0.01100	0.17635	0.01835	0.00821	0.00892	0.01285	0.01665	0.02195	0.32361	0.06882	0.26255	0.01365	0.00781	0.00225	0.00468	0.01181	0.00608	0.00647

[dist]
# distance from previous block
# <min> <max>
0	2

[block]
# block no. 2 follows, 31 sequences, length 55
# corresponding to MSA columns:
# 242-296
name=unknown_C
#
# <colnr> <probs for GDERKNQSTAVLIFYWHMCP>
#	G	D	E	R	K	N	Q	S	T	A	V	L	I	F	Y	W	H	M	C	P
0	0.06741	0.39777	0.16866	0.01287	0.01949	0.02004	0.01347	0.02088	0.01424	0.05966	0.01152	0.01294	0.00937	0.00603	0.00506	0.00161	0.00729	0.00420	0.00351	0.14398
1	0.01683	0.21678	0.02738	0.13141	0.22351	0.01934	0.07159	0.03646	0.14859	0.02152	0.01491	0.01730	0.01195	0.00677	0.00629	0.00199	0.00780	0.00592	0.00398	0.00968
2	0.01010	0.00771	0.00936	0.00889	0.01080	0.00736	0.00668	0.01460	0.08637	0.02570	0.51409	0.07796	0.16581	0.01435	0.00799	0.00222	0.00351	0.01252	0.00724	0.00674
3	0.02557	0.03216	0.01943	0.01756	0.02115	0.70840	0.01321	0.04955	0.01981	0.01762	0.01077	0.01247	0.00891	0.00709	0.00619	0.00177	0.01218	0.00446	0.00364	0.00805
4	0.01297	0.01077	0.01283	0.00972	0.01460	0.00840	0.00766	0.01606	0.01558	0.02368	0.20089	0.02412	0.02478	0.00747	0.00587	0.00132	0.00457	0.00629	0.00499	0.58741
5	0.65546	0.01292	0.01120	0.00962	0.01406	0.01431	0.00793	0.02271	0.01320	0.16621	0.01295	0.01350	0.00928	0.00677	0.00475	0.00212	0.00540	0.00433	0.00506	0.00824
6	0.00957	0.00699	0.00899	0.00849	0.01015	0.00641	0.00637	0.01270	0.01911	0.02682	0.66880	0.05212	0.10941	0.01422	0.00807	0.00216	0.00324	0.01252	0.00745	0.00641
7	0.01181	0.00597	0.00886	0.00886	0.00886	0.00597	0.00587	0.00895	0.00895	0.01194	0.01225	0.02171	0.01238	0.05197	0.02705	0.77051	0.00597	0.00610	0.00302	0.00302
8	0.00862	0.00695	0.00767	0.00749	0.00957	0.00600	0.00562	0.01085	0.01686	0.02148	0.28479	0.06091	0.49676	0.01621	0.00808	0.00226	0.00339	0.01375	0.00675	0.00600
9	0.01702	0.01470	0.01547	0.01392	0.01779	0.01702	0.01083	0.03635	0.70453	0.02862	0.02785	0.02553	0.02088	0.00928	0.00696	0.00232	0.00541	0.00773	0.00696	0.01083
10	0.00876	0.00692	0.00790	0.00774	0.00968	0.00605	0.00577	0.01110	0.01707	0.02219	0.33750	0.08917	0.41360	0.01610	0.00811	0.00226	0.00339	0.01379	0.00685	0.00605
11	0.00941	0.00648	0.00786	0.00826	0.00862	0.00628	0.00516	0.01026	0.01230	0.01664	0.12847	0.26399	0.03698	0.42285	0.02286	0.00479	0.00531	0.01323	0.00532	0.00492
12	0.00885	0.00640	0.00881	0.00990	0.01053	0.00646	0.00695	0.01037	0.01246	0.01693	0.03177	0.51363	0.03667	0.06101	0.20468	0.00516	0.00800	0.03024	0.00553	0.00566
13	0.01621	0.00844	0.01111	0.00966	0.01245	0.00753	0.00752	0.01911	0.01906	0.24647	0.44096	0.06024	0.08798	0.01262	0.00771	0.00217	0.00408	0.01093	0.00773	0.00804
14	0.01603	0.01213	0.01269	0.01115	0.01395	0.07993	0.00861	0.14519	0.02110	0.09102	0.35973	0.09701	0.07847	0.01251	0.00760	0.00215	0.00524	0.01062	0.00694	0.00794
15	0.01056	0.00740	0.00818	0.00773	0.01021	0.00631	0.00589	0.01263	0.01663	0.08829	0.17602	0.05917	0.53464	0.01589	0.00797	0.00226	0.00365	0.01335	0.00676	0.00646
16	0.01016	0.00754	0.00893	0.00860	0.01002	0.00733	0.00606	0.01371	0.07782	0.02222	0.35846	0.07450	0.13236	0.21496	0.01520	0.00342	0.00440	0.01182	0.00637	0.00611
17	0.01711	0.00949	0.01167	0.01040	0.01335	0.00911	0.00802	0.03701	0.11380	0.22900	0.18530	0.15145	0.09300	0.01263	0.00741	0.00224	0.00453	0.01085	0.06513	0.00850
18	0.00891	0.00692	0.00738	0.00734	0.00944	0.00602	0.00555	0.01109	0.01612	0.02076	0.17318	0.05969	0.51343	0.01588	0.00780	0.00224	0.00349	0.03389	0.08492	0.00597
19	0.02556	0.03261	0.01939	0.01763	0.02115	0.73210	0.01322	0.02732	0.01939	0.01674	0.01058	0.01234	0.00881	0.00705	0.00617	0.00176	0.01234	0.00441	0.00353	0.00793
20	0.01170	0.00914	0.01009	0.00969	0.01151	0.00952	0.00687	0.03313	0.20351	0.02105	0.10398	0.12874	0.15464	0.23755	0.01584	0.00364	0.00508	0.01146	0.00599	0.00685
21	0.00972	0.00674	0.00848	0.00858	0.00969	0.00628	0.00596	0.01165	0.01556	0.03693	0.33233	0.23938	0.09975	0.16198	0.01346	0.00321	0.00417	0.01383	0.00648	0.00583
22	0.56172	0.01372	0.01206	0.01026	0.01474	0.04779	0.00840	0.02401	0.01415	0.21602	0.01428	0.01445	0.01004	0.00695	0.00504	0.00210	0.00577	0.00459	0.00534	0.00857
23	0.00968	0.00699	0.00914	0.00861	0.01022	0.00646	0.00646	0.01291	0.01937	0.02743	0.71328	0.05110	0.06455	0.01399	0.00807	0.00215	0.00323	0.01237	0.00753	0.00646
24	0.01424	0.01522	0.07456	0.46622	0.24173	0.01561	0.03763	0.01893	0.01436	0.01933	0.01242	0.01759	0.00962	0.00657	0.00683	0.00220	0.00896	0.00606	0.00314	0.00877
25	0.01026	0.00760	0.00964	0.00942	0.00981	0.00842	0.00641	0.01111	0.01061	0.01460	0.02214	0.07195	0.04883	0.45423	0.19679	0.00696	0.08249	0.00956	0.00411	0.00507
26	0.00995	0.00663	0.00746	0.00746	0.00746	0.00663	0.00415	0.00995	0.00995	0.01327	0.02156	0.04477	0.02487	0.75957	0.03482	0.00663	0.00663	0.00995	0.00415	0.00415
27	0.73091	0.01307	0.01063	0.00931	0.01365	0.01482	0.00767	0.02142	0.01243	0.09913	0.01126	0.01232	0.00835	0.00656	0.00450	0.00212	0.00534	0.00402	0.00465	0.00783
28	0.01373	0.02922	0.53471	0.02234	0.14459	0.01493	0.02267	0.02035	0.01450	0.02137	0.01490	0.08823	0.01266	0.00791	0.00677	0.00220	0.00917	0.00666	0.00332	0.00978
29	0.00942	0.00661	0.00762	0.00780	0.00835	0.00634	0.00485	0.01016	0.01216	0.01603	0.09934	0.15099	0.13188	0.47134	0.02452	0.00500	0.00545	0.01221	0.00512	0.00481
30	0.01372	0.03539	0.72412	0.01950	0.02961	0.01589	0.02528	0.02167	0.01444	0.02167	0.01228	0.01444	0.00867	0.00650	0.00650	0.00217	0.01011	0.00506	0.00289	0.01011
31	0.01345	0.00758	0.00938	0.00875	0.00982	0.00748	0.00576	0.01424	0.01173	0.13414	0.02204	0.03866	0.02246	0.53463	0.12575	0.00646	0.00810	0.00907	0.00481	0.00569
32	0.01154	0.00611	0.00892	0.00892	0.00901	0.00620	0.00596	0.00925	0.00916	0.01231	0.01329	0.02356	0.01352	0.09719	0.07850	0.66677	0.00690	0.00643	0.00314	0.00331
33	0.00858	0.00621	0.00817	0.00964	0.01029	0.00580	0.00672	0.01000	0.01354	0.01783	0.03985	0.63950	0.09299	0.02089	0.00876	0.00278	0.00416	0.08233	0.00635	0.00564
34	0.02359	0.01796	0.01917	0.01525	0.02029	0.02009	0.01242	0.51703	0.21316	0.03921	0.01950	0.01887	0.01412	0.00850	0.00688	0.00213	0.00696	0.00658	0.00688	0.01142
35	0.02083	0.01458	0.01638	0.01321	0.01734	0.01556	0.01065	0.41000	0.04801	0.08624	0.20613	0.06144	0.02814	0.01044	0.00727	0.00213	0.00601	0.00856	0.00713	0.00993
36	0.01374	0.00761	0.00928	0.00865	0.01001	0.00714	0.00578	0.01476	0.01333	0.15420	0.09082	0.10638	0.07044	0.43213	0.02291	0.00473	0.00573	0.01070	0.00564	0.00605
37	0.01693	0.01626	0.02777	0.04199	0.71689	0.01626	0.02100	0.02100	0.01558	0.02235	0.01287	0.01693	0.01084	0.00610	0.00677	0.00203	0.00813	0.00610	0.00339	0.01084
38	0.00906	0.00670	0.00846	0.00858	0.00998	0.00610	0.00622	0.01149	0.01706	0.02328	0.42528	0.24304	0.16642	0.01654	0.00825	0.00235	0.00347	0.01462	0.00702	0.00610
39	0.01001	0.00751	0.00938	0.01031	0.01144	0.00752	0.00745	0.01398	0.10718	0.01972	0.07052	0.47397	0.06216	0.05382	0.00977	0.00290	0.00455	0.10505	0.00638	0.00636
40	0.00946	0.00698	0.00884	0.00837	0.01008	0.00636	0.00628	0.01248	0.01884	0.02618	0.62320	0.05317	0.15541	0.01445	0.00807	0.00217	0.00326	0.01266	0.00737	0.00636
41	0.01043	0.00746	0.01031	0.01168	0.01306	0.00734	0.00978	0.01326	0.01566	0.02065	0.10354	0.18993	0.04287	0.01884	0.00919	0.00299	0.00560	0.49480	0.00643	0.00619
42	0.00833	0.00632	0.00757	0.00853	0.00957	0.00568	0.00585	0.00965	0.01380	0.01761	0.04774	0.48379	0.27354	0.05641	0.00980	0.00281	0.00393	0.01726	0.00624	0.00556
43	0.45584	0.01055	0.00925	0.00860	0.01187	0.01139	0.00679	0.01742	0.01334	0.06294	0.04374	0.09583	0.13570	0.01017	0.00563	0.00217	0.00462	0.00773	0.07936	0.00705
44	0.00867	0.00644	0.00808	0.00876	0.00987	0.00585	0.00615	0.01054	0.01536	0.02048	0.23488	0.42091	0.18189	0.01852	0.00842	0.00251	0.00366	0.01647	0.00668	0.00585
45	0.00898	0.00703	0.00790	0.00812	0.00979	0.00644	0.00604	0.01062	0.01417	0.01754	0.05164	0.06043	0.43462	0.16561	0.06643	0.00391	0.00556	0.10389	0.00572	0.00555
46	0.00848	0.00694	0.00752	0.00790	0.00974	0.00612	0.00572	0.01070	0.03988	0.01857	0.05905	0.25541	0.50360	0.01817	0.00822	0.00244	0.00368	0.01558	0.00637	0.00590
47	0.00957	0.00706	0.00885	0.00962	0.01053	0.00694	0.00662	0.01280	0.08237	0.01989	0.15023	0.49989	0.04431	0.08460	0.01076	0.00297	0.00422	0.01624	0.00642	0.00611
48	0.00981	0.00627	0.00784	0.00900	0.00985	0.00602	0.00642	0.01174	0.01371	0.01995	0.03341	0.48721	0.03717	0.01754	0.00774	0.00250	0.00400	0.08462	0.21932	0.00586
49	0.00925	0.00634	0.00767	0.00836	0.00853	0.00616	0.00510	0.00977	0.01132	0.01509	0.02858	0.35377	0.03374	0.43847	0.02347	0.00496	0.00547	0.01408	0.00510	0.00476
50	0.01015	0.00717	0.00875	0.00829	0.01026	0.00639	0.00624	0.01284	0.01805	0.05723	0.46578	0.07338	0.26024	0.01495	0.00804	0.00222	0.00344	0.01294	0.00718	0.00647
51	0.00815	0.00668	0.00719	0.00760	0.00942	0.00572	0.00550	0.00974	0.01495	0.01822	0.06113	0.24420	0.54103	0.01839	0.00825	0.00243	0.00360	0.01574	0.00635	0.00572
52	0.01514	0.01017	0.01278	0.01276	0.01543	0.01057	0.01068	0.02258	0.20179	0.11377	0.05732	0.05534	0.03240	0.01478	0.00840	0.00276	0.00589	0.38244	0.00680	0.00822
53	0.00984	0.00610	0.00741	0.00845	0.00926	0.00584	0.00582	0.01172	0.01352	0.02021	0.03245	0.50600	0.03579	0.01684	0.00738	0.00237	0.00370	0.01499	0.27648	0.00584
54	0.80789	0.01323	0.01006	0.00900	0.01323	0.01535	0.00741	0.02011	0.01164	0.03070	0.00953	0.01111	0.00741	0.00635	0.00423	0.00212	0.00529	0.00370	0.00423	0.00741

[dist]
# distance from previous block
# <min> <max>
0	1

[block]
# block no. 3 follows, 31 sequences, length 17
# corresponding to MSA columns:
# 298-314
name=unknown_D
#
# <colnr> <probs for GDERKNQSTAVLIFYWHMCP>
#	G	D	E	R	K	N	Q	S	T	A	V	L	I	F	Y	W	H	M	C	P
0	0.59546	0.01434	0.01164	0.01016	0.01438	0.07358	0.00824	0.02235	0.01377	0.13085	0.04172	0.01468	0.01132	0.00704	0.00494	0.00209	0.00587	0.00459	0.00494	0.00803
1	0.04649	0.01278	0.01455	0.01055	0.01651	0.01037	0.00848	0.07342	0.01558	0.02435	0.01241	0.01425	0.01015	0.00538	0.00518	0.00114	0.00528	0.00421	0.00429	0.70462
2	0.02196	0.12373	0.02210	0.01813	0.07763	0.32344	0.01347	0.12418	0.10579	0.02247	0.01352	0.01502	0.01093	0.00768	0.00755	0.00196	0.07170	0.00526	0.00431	0.00916
3	0.16777	0.01463	0.01885	0.01623	0.01705	0.01987	0.01351	0.01717	0.01070	0.01921	0.00909	0.01423	0.00868	0.01089	0.01894	0.00282	0.60410	0.00555	0.00323	0.00747
4	0.01862	0.50900	0.06359	0.01500	0.06498	0.10166	0.01302	0.02324	0.09830	0.01836	0.01220	0.01345	0.01038	0.00645	0.00515	0.00167	0.00782	0.00446	0.00351	0.00913
5	0.01537	0.01269	0.01924	0.45191	0.09286	0.01478	0.01629	0.02243	0.14415	0.07984	0.04957	0.02148	0.01475	0.00771	0.00692	0.00225	0.00779	0.00676	0.00447	0.00876
6	0.00939	0.00738	0.00943	0.07128	0.01358	0.00736	0.00757	0.01247	0.07077	0.01858	0.04066	0.50339	0.16561	0.01843	0.00831	0.00261	0.00443	0.01641	0.00612	0.00621
7	0.80789	0.01323	0.01006	0.00900	0.01323	0.01535	0.00741	0.02011	0.01164	0.03070	0.00953	0.01111	0.00741	0.00635	0.00423	0.00212	0.00529	0.00370	0.00423	0.00741
8	0.00995	0.00663	0.00746	0.00746	0.00746	0.00663	0.00415	0.00995	0.00995	0.01327	0.02156	0.04477	0.02487	0.75957	0.03482	0.00663	0.00663	0.00995	0.00415	0.00415
9	0.01366	0.01312	0.02279	0.60341	0.13453	0.01548	0.06394	0.01824	0.01409	0.01842	0.01236	0.01808	0.00943	0.00667	0.00691	0.00225	0.00915	0.00621	0.00311	0.00813
10	0.01127	0.00965	0.01176	0.01152	0.01282	0.06983	0.00884	0.01346	0.01162	0.01579	0.01761	0.02651	0.01669	0.09480	0.60198	0.00968	0.03912	0.00722	0.00367	0.00617
11	0.01174	0.00604	0.00905	0.00905	0.00914	0.00612	0.00612	0.00914	0.00905	0.01216	0.01232	0.02121	0.01224	0.02565	0.07498	0.74695	0.00679	0.00604	0.00302	0.00319
12	0.01708	0.06646	0.02440	0.20647	0.29536	0.01727	0.04564	0.11908	0.07451	0.02413	0.01582	0.01890	0.03055	0.00713	0.00674	0.00210	0.00802	0.00638	0.00415	0.00980
13	0.01912	0.24860	0.06557	0.01749	0.06408	0.22597	0.01435	0.02187	0.03150	0.01740	0.01049	0.01335	0.00926	0.00795	0.01001	0.00205	0.20442	0.00482	0.00324	0.00845
14	0.01562	0.01301	0.01496	0.01081	0.01682	0.01059	0.00870	0.09922	0.01636	0.02482	0.01268	0.01446	0.01032	0.00545	0.00528	0.00114	0.00536	0.00431	0.00439	0.70572
15	0.80789	0.01323	0.01006	0.00900	0.01323	0.01535	0.00741	0.02011	0.01164	0.03070	0.00953	0.01111	0.00741	0.00635	0.00423	0.00212	0.00529	0.00370	0.00423	0.00741
16	0.06241	0.01164	0.01466	0.01161	0.01615	0.01075	0.00928	0.05721	0.06207	0.49593	0.02441	0.02480	0.01718	0.10109	0.01013	0.00263	0.00591	0.00700	0.00736	0.04777

[dist]
# distance from previous block
# <min> <max>
4	10

[block]
# block no. 4 follows, 31 sequences, length 79
# corresponding to MSA columns:
# 325-403
name=unknown_E
#
# <colnr> <probs for GDERKNQSTAVLIFYWHMCP>
#	G	D	E	R	K	N	Q	S	T	A	V	L	I	F	Y	W	H	M	C	P
0	0.00863	0.00699	0.00768	0.00763	0.00973	0.00605	0.00580	0.01080	0.01653	0.02079	0.22616	0.06278	0.52025	0.01658	0.00815	0.00231	0.00355	0.04697	0.00664	0.00597
1	0.10572	0.06912	0.10527	0.01957	0.14734	0.01733	0.03885	0.11781	0.20954	0.02736	0.01686	0.01779	0.01291	0.00726	0.00629	0.00205	0.00708	0.00594	0.00491	0.06100
2	0.76794	0.01318	0.01026	0.00905	0.01338	0.01503	0.00744	0.01997	0.01177	0.03027	0.00966	0.01127	0.00755	0.00629	0.00428	0.00206	0.00528	0.00372	0.00422	0.04737
3	0.20959	0.12802	0.01971	0.01357	0.01849	0.14263	0.01126	0.27690	0.02140	0.05030	0.01292	0.01378	0.00983	0.00712	0.00569	0.00189	0.00766	0.00485	0.00502	0.03938
4	0.01535	0.01361	0.01827	0.02267	0.25777	0.01458	0.01345	0.02599	0.33392	0.02459	0.04235	0.12472	0.04242	0.01021	0.00720	0.00228	0.00604	0.00909	0.00564	0.00985
5	0.80789	0.01323	0.01006	0.00900	0.01323	0.01535	0.00741	0.02011	0.01164	0.03070	0.00953	0.01111	0.00741	0.00635	0.00423	0.00212	0.00529	0.00370	0.00423	0.00741
6	0.01628	0.01559	0.02660	0.15536	0.60860	0.01608	0.02067	0.02043	0.01527	0.02156	0.01275	0.01714	0.01056	0.00622	0.00678	0.00207	0.00829	0.00609	0.00333	0.01031
7	0.00989	0.00661	0.00748	0.00754	0.00755	0.00659	0.00423	0.00993	0.01007	0.01342	0.02217	0.07157	0.02564	0.73172	0.03384	0.00649	0.00653	0.01031	0.00423	0.00420
8	0.00953	0.00693	0.00901	0.00897	0.01034	0.00650	0.00654	0.01266	0.03499	0.02501	0.52981	0.22376	0.05871	0.01570	0.00820	0.00231	0.00346	0.01400	0.00723	0.00634
9	0.21994	0.01536	0.01650	0.01297	0.01808	0.01629	0.01071	0.32233	0.02319	0.25144	0.01802	0.01726	0.01225	0.00783	0.00621	0.00209	0.00645	0.00578	0.00671	0.01060
10	0.01043	0.00646	0.00782	0.00782	0.00782	0.00646	0.00459	0.00969	0.00969	0.01293	0.01918	0.03887	0.02168	0.57844	0.03283	0.20217	0.00646	0.00896	0.00386	0.00386
11	0.01432	0.00811	0.01071	0.00986	0.01180	0.00774	0.00742	0.04027	0.03808	0.13420	0.29276	0.09181	0.05287	0.01598	0.01250	0.19887	0.00471	0.03497	0.00635	0.00666
12	0.02853	0.01549	0.01798	0.01387	0.01919	0.03566	0.01142	0.31790	0.02500	0.40894	0.02196	0.02001	0.01442	0.00832	0.00684	0.00208	0.00674	0.00650	0.00763	0.01153
13	0.01065	0.00680	0.00828	0.00791	0.00952	0.00643	0.00593	0.01386	0.01779	0.02683	0.49655	0.04307	0.04980	0.01210	0.00704	0.00198	0.00322	0.01049	0.25533	0.00643
14	0.00971	0.00665	0.00793	0.00796	0.00840	0.00647	0.00495	0.01063	0.01260	0.01720	0.19356	0.12217	0.03682	0.49722	0.02545	0.00512	0.00551	0.01156	0.00521	0.00486
15	0.01131	0.00739	0.00944	0.00870	0.01072	0.00668	0.00660	0.01429	0.01888	0.08712	0.56677	0.05064	0.14744	0.01395	0.00797	0.00217	0.00349	0.01217	0.00746	0.00682
16	0.01156	0.01053	0.01774	0.01514	0.01762	0.03153	0.17632	0.01445	0.01284	0.01755	0.02066	0.15712	0.02069	0.06903	0.36644	0.00688	0.01329	0.00975	0.00412	0.00673
17	0.09435	0.01447	0.01705	0.01318	0.01845	0.01450	0.01089	0.26885	0.02342	0.42056	0.02174	0.01981	0.01424	0.00820	0.00664	0.00209	0.00639	0.00636	0.00753	0.01128
18	0.00888	0.00681	0.00819	0.00898	0.01021	0.00635	0.00630	0.01143	0.05385	0.01922	0.10265	0.46408	0.22997	0.01898	0.00840	0.00257	0.00385	0.01680	0.00649	0.00599
19	0.00994	0.00665	0.00756	0.00756	0.00760	0.00669	0.00427	0.01001	0.00998	0.01334	0.02147	0.04427	0.02465	0.73959	0.05450	0.00676	0.00696	0.00988	0.00413	0.00420
20	0.22028	0.01252	0.01432	0.01140	0.01620	0.01236	0.00938	0.10288	0.01868	0.42860	0.02119	0.01967	0.01404	0.00788	0.00608	0.00207	0.00570	0.00598	0.06051	0.01024
21	0.00982	0.00716	0.01013	0.01013	0.01105	0.00808	0.00747	0.01166	0.01074	0.01524	0.01912	0.03128	0.01902	0.22566	0.56072	0.00992	0.01545	0.00797	0.00378	0.00563
22	0.01073	0.00817	0.01020	0.01116	0.01254	0.00842	0.00840	0.01603	0.15180	0.02043	0.03537	0.44255	0.03894	0.01838	0.00856	0.00278	0.00483	0.17746	0.00646	0.00679
23	0.80789	0.01323	0.01006	0.00900	0.01323	0.01535	0.00741	0.02011	0.01164	0.03070	0.00953	0.01111	0.00741	0.00635	0.00423	0.00212	0.00529	0.00370	0.00423	0.00741
24	0.01514	0.01220	0.01282	0.01118	0.01470	0.01286	0.00879	0.18605	0.21981	0.02775	0.06336	0.04153	0.32065	0.01265	0.00745	0.00225	0.00502	0.01039	0.00669	0.00871
25	0.01372	0.03539	0.72412	0.01950	0.02961	0.01589	0.02528	0.02167	0.01444	0.02167	0.01228	0.01444	0.00867	0.00650	0.00650	0.00217	0.01011	0.00506	0.00289	0.01011
26	0.00900	0.00643	0.00870	0.01028	0.01097	0.00613	0.00750	0.01067	0.01375	0.01821	0.03734	0.58822	0.04380	0.02081	0.00891	0.00287	0.00454	0.17980	0.00634	0.00574
27	0.01363	0.01039	0.01100	0.01022	0.01299	0.01122	0.00785	0.02408	0.33503	0.02607	0.11374	0.03488	0.13416	0.01076	0.00670	0.00211	0.00427	0.00898	0.21356	0.00835
28	0.80789	0.01323	0.01006	0.00900	0.01323	0.01535	0.00741	0.02011	0.01164	0.03070	0.00953	0.01111	0.00741	0.00635	0.00423	0.00212	0.00529	0.00370	0.00423	0.00741
29	0.00809	0.00693	0.00693	0.00693	0.00924	0.00578	0.00520	0.00982	0.01559	0.01848	0.06931	0.06584	0.71411	0.01733	0.00809	0.00231	0.00347	0.01444	0.00635	0.00578
30	0.00943	0.00698	0.00880	0.00834	0.01007	0.00635	0.00626	0.01242	0.01877	0.02603	0.61202	0.05342	0.16669	0.01451	0.00807	0.00218	0.00326	0.01270	0.00735	0.00635
31	0.02169	0.00953	0.01276	0.01066	0.01412	0.00881	0.00845	0.02422	0.01679	0.40828	0.08537	0.02820	0.02183	0.07153	0.13406	0.00393	0.00752	0.00761	0.09557	0.00909
32	0.24373	0.01337	0.01507	0.01191	0.01694	0.01343	0.00983	0.14306	0.01956	0.41511	0.02037	0.01876	0.01340	0.00784	0.00615	0.00211	0.00597	0.00588	0.00702	0.01048
33	0.01372	0.03539	0.72412	0.01950	0.02961	0.01589	0.02528	0.02167	0.01444	0.02167	0.01228	0.01444	0.00867	0.00650	0.00650	0.00217	0.01011	0.00506	0.00289	0.01011
