[name]
unknown

[dist]
# distance from previous block
# <min> <max>
1	17

[block]
# block no. 0 follows, 33 sequences, length 28
# corresponding to MSA columns:
# 17-44
name=unknown_A
#
# <colnr> <probs for GDERKNQSTAVLIFYWHMCP>
#	G	D	E	R	K	N	Q	S	T	A	V	L	I	F	Y	W	H	M	C	P
0	0.04200	0.04259	0.03617	0.00999	0.01251	0.03680	0.00796	0.04118	0.01539	0.06756	0.19823	0.16770	0.08230	0.06228	0.07825	0.00316	0.00614	0.02652	0.00559	0.05767
1	0.04434	0.12092	0.13634	0.03215	0.04635	0.01629	0.01308	0.16627	0.13650	0.09145	0.04510	0.04536	0.04054	0.00823	0.00625	0.00198	0.00665	0.00655	0.00523	0.03043
2	0.04689	0.06751	0.13797	0.06197	0.06935	0.01132	0.01173	0.04759	0.01423	0.01975	0.05156	0.21663	0.11773	0.04053	0.05353	0.00287	0.00676	0.01023	0.00462	0.00723
3	0.01798	0.13039	0.21398	0.04681	0.02239	0.04254	0.04689	0.13610	0.04810	0.09594	0.01617	0.01722	0.03767	0.00726	0.00670	0.00193	0.03673	0.00561	0.00441	0.06520
4	0.01597	0.13154	0.12326	0.07048	0.08583	0.08662	0.03987	0.05624	0.06466	0.05215	0.10753	0.02169	0.01822	0.04359	0.05233	0.00265	0.00818	0.00645	0.00432	0.00843
5	0.01138	0.07923	0.01237	0.01126	0.03909	0.04128	0.00812	0.06040	0.01504	0.01932	0.06356	0.41950	0.10657	0.01626	0.00767	0.00239	0.00497	0.06948	0.00566	0.00645
6	0.01308	0.07732	0.07116	0.14215	0.11220	0.01253	0.06179	0.03548	0.01435	0.02021	0.07094	0.10851	0.01901	0.03665	0.04061	0.00250	0.00716	0.00777	0.08311	0.06347
7	0.01631	0.07714	0.16568	0.07958	0.15278	0.08329	0.04864	0.02145	0.06387	0.06770	0.04675	0.02013	0.01411	0.00754	0.00707	0.00202	0.04013	0.03771	0.00401	0.04411
8	0.04438	0.00706	0.00833	0.00914	0.01028	0.00697	0.00641	0.01223	0.07770	0.01832	0.03744	0.48532	0.13632	0.07138	0.00977	0.00282	0.00420	0.04015	0.00592	0.00585
9	0.01770	0.08087	0.02016	0.17001	0.15495	0.12232	0.01391	0.17054	0.01863	0.02372	0.04391	0.02031	0.06311	0.00772	0.00631	0.00193	0.00770	0.00625	0.04127	0.00867
10	0.07614	0.03996	0.04065	0.04816	0.07062	0.24069	0.01199	0.10107	0.04966	0.02085	0.01575	0.01996	0.04515	0.09135	0.03660	0.00277	0.07071	0.00599	0.00406	0.00784
11	0.08513	0.01437	0.04451	0.11798	0.11732	0.01464	0.01291	0.17994	0.10194	0.12722	0.06570	0.02215	0.05118	0.00819	0.00651	0.00207	0.00651	0.00674	0.00553	0.00946
12	0.00840	0.00612	0.00760	0.00853	0.00927	0.00568	0.00581	0.00965	0.01299	0.01701	0.07665	0.46774	0.15575	0.13292	0.01210	0.00314	0.00419	0.04534	0.00585	0.00526
13	0.06490	0.00707	0.00808	0.00782	0.00971	0.00654	0.00587	0.01173	0.01657	0.02321	0.41657	0.09042	0.27908	0.01441	0.00755	0.00215	0.00336	0.01236	0.00658	0.00601
14	0.68590	0.13587	0.01370	0.00908	0.01341	0.01660	0.00780	0.01941	0.01156	0.02726	0.00916	0.01067	0.00734	0.00603	0.00410	0.00194	0.00541	0.00356	0.00387	0.00734
15	0.01820	0.70911	0.03314	0.01175	0.01719	0.08739	0.01139	0.02028	0.01383	0.01554	0.00924	0.01067	0.00845	0.00573	0.00437	0.00143	0.00745	0.00358	0.00287	0.00838
16	0.01642	0.20158	0.03471	0.02155	0.02783	0.01800	0.44787	0.02079	0.01498	0.04727	0.01265	0.01583	0.00984	0.00561	0.00661	0.00191	0.00936	0.00635	0.00344	0.07739
17	0.01335	0.00984	0.03627	0.01044	0.01258	0.02859	0.00805	0.06524	0.05526	0.10564	0.04471	0.30361	0.09072	0.10584	0.04393	0.00323	0.00577	0.04414	0.00588	0.00692
18	0.02413	0.08246	0.01628	0.01160	0.01591	0.04660	0.00950	0.11197	0.01871	0.41676	0.02258	0.07264	0.01679	0.03761	0.00736	0.00213	0.00596	0.00705	0.06423	0.00973
19	0.01652	0.01637	0.02552	0.10456	0.61527	0.06619	0.01950	0.02032	0.01508	0.02070	0.01217	0.01610	0.01014	0.00600	0.00648	0.00196	0.00819	0.00575	0.00324	0.00995
20	0.01146	0.00712	0.00933	0.03713	0.01167	0.00667	0.00688	0.01319	0.01491	0.10025	0.22435	0.21551	0.13349	0.07145	0.01110	0.06492	0.00439	0.04398	0.00612	0.00609
21	0.04444	0.17789	0.07049	0.12190	0.02674	0.03587	0.21956	0.04739	0.12820	0.02116	0.01562	0.01784	0.03057	0.00674	0.00636	0.00201	0.00832	0.00623	0.00390	0.00877
22	0.00865	0.00636	0.00809	0.00859	0.00949	0.00621	0.00598	0.01014	0.01275	0.01703	0.11049	0.30622	0.14848	0.15289	0.15309	0.00468	0.00675	0.01338	0.00538	0.00535
23	0.00876	0.00628	0.00790	0.00848	0.00907	0.00623	0.00565	0.00979	0.01149	0.01528	0.03104	0.31583	0.10560	0.27678	0.14646	0.00527	0.00707	0.01306	0.00494	0.00501
24	0.01180	0.00897	0.01298	0.03973	0.10660	0.00904	0.02509	0.01506	0.05106	0.06171	0.20909	0.28161	0.04867	0.02688	0.00874	0.00241	0.03783	0.02983	0.00583	0.00706
25	0.04949	0.12658	0.22658	0.04235	0.05279	0.15316	0.01534	0.06373	0.03036	0.10071	0.01435	0.05004	0.01145	0.00727	0.00599	0.00190	0.00835	0.00554	0.00408	0.02992
26	0.01799	0.09159	0.04875	0.04228	0.02114	0.07190	0.09357	0.16606	0.01770	0.04344	0.01249	0.01463	0.00984	0.00671	0.00747	0.00174	0.08374	0.00515	0.00420	0.23961
27	0.09659	0.15269	0.09794	0.09153	0.07488	0.17388	0.04570	0.04048	0.01541	0.07810	0.01230	0.01444	0.00961	0.00785	0.03104	0.00213	0.00878	0.00489	0.00373	0.03804

[dist]
# distance from previous block
# <min> <max>
0	2

[block]
# block no. 1 follows, 33 sequences, length 10
# corresponding to MSA columns:
# 47-56
name=unknown_B
#
# <colnr> <probs for GDERKNQSTAVLIFYWHMCP>
#	G	D	E	R	K	N	Q	S	T	A	V	L	I	F	Y	W	H	M	C	P
0	0.01038	0.00799	0.01002	0.00980	0.01150	0.00776	0.02961	0.07023	0.04276	0.02068	0.12261	0.32444	0.18543	0.07120	0.00981	0.00270	0.00451	0.04629	0.00606	0.00624
1	0.00885	0.00664	0.00770	0.00805	0.00915	0.00625	0.00547	0.01085	0.04480	0.01759	0.11374	0.27566	0.23534	0.20298	0.01428	0.00338	0.00430	0.01384	0.00573	0.00539
2	0.04515	0.14459	0.10867	0.01773	0.08900	0.05483	0.13534	0.02039	0.03953	0.07937	0.01609	0.07986	0.01382	0.01004	0.04964	0.00245	0.00825	0.00674	0.04246	0.03606
3	0.01622	0.08314	0.25747	0.07552	0.06393	0.07605	0.01576	0.05751	0.01521	0.08369	0.03834	0.01915	0.01307	0.07317	0.02777	0.00258	0.03395	0.00583	0.03304	0.00858
4	0.00877	0.00713	0.01019	0.00998	0.01152	0.00648	0.06489	0.01069	0.01429	0.01872	0.13520	0.42364	0.21893	0.01736	0.00810	0.00244	0.00421	0.01562	0.00603	0.00582
5	0.01002	0.00717	0.00862	0.00878	0.01043	0.00672	0.00646	0.01306	0.06314	0.05324	0.19105	0.26056	0.23447	0.04555	0.00891	0.00252	0.00394	0.05273	0.00641	0.00620
6	0.07014	0.31663	0.05352	0.03697	0.04407	0.11625	0.01187	0.14678	0.03772	0.02189	0.01233	0.01545	0.01061	0.07099	0.00767	0.00211	0.00768	0.00491	0.00390	0.00853
7	0.04820	0.00784	0.00932	0.01000	0.05147	0.00764	0.00681	0.01263	0.04785	0.01950	0.15468	0.06903	0.28928	0.13371	0.07712	0.00360	0.00559	0.03416	0.00551	0.00606
8	0.15401	0.12834	0.06279	0.04663	0.05180	0.03983	0.01136	0.12597	0.01701	0.17071	0.01772	0.11465	0.01503	0.00870	0.00601	0.00201	0.00647	0.00688	0.00519	0.00890
9	0.03632	0.01453	0.07393	0.04393	0.01773	0.07369	0.04657	0.07774	0.04090	0.08419	0.03967	0.14834	0.06622	0.05587	0.03097	0.00267	0.08117	0.00880	0.00491	0.05185

[dist]
# distance from previous block
# <min> <max>
0	17

[block]
# block no. 2 follows, 33 sequences, length 44
# corresponding to MSA columns:
# 74-117
name=unknown_C
#
# <colnr> <probs for GDERKNQSTAVLIFYWHMCP>
#	G	D	E	R	K	N	Q	S	T	A	V	L	I	F	Y	W	H	M	C	P
0	0.01239	0.03453	0.12535	0.01313	0.03430	0.01163	0.01122	0.05912	0.15705	0.02118	0.02678	0.30306	0.04713	0.01561	0.05057	0.00286	0.03186	0.02915	0.00531	0.00775
1	0.01548	0.01549	0.02353	0.07776	0.16245	0.08698	0.21184	0.08624	0.01654	0.02141	0.02039	0.15223	0.06096	0.00943	0.00725	0.00217	0.00819	0.00904	0.00428	0.00833
2	0.01910	0.08880	0.01992	0.01475	0.01850	0.18278	0.06382	0.20861	0.01947	0.02435	0.07174	0.03614	0.01576	0.06350	0.00962	0.00224	0.07353	0.00637	0.00462	0.05639
3	0.01346	0.03804	0.16228	0.03771	0.08805	0.01118	0.06462	0.01769	0.03936	0.08491	0.05718	0.23665	0.02553	0.01211	0.00737	0.00233	0.00661	0.08191	0.00501	0.00798
4	0.02058	0.01506	0.02311	0.03018	0.46201	0.01501	0.01669	0.12527	0.01824	0.18438	0.01595	0.01760	0.01186	0.00668	0.00655	0.00198	0.00724	0.00604	0.00486	0.01072
5	0.00814	0.00578	0.00760	0.00902	0.00937	0.00542	0.00595	0.00920	0.01238	0.01650	0.03512	0.71013	0.04207	0.07684	0.01029	0.00295	0.00401	0.01803	0.00595	0.00525
6	0.01717	0.70060	0.10274	0.01200	0.01803	0.02500	0.01254	0.01982	0.01343	0.01601	0.00941	0.01089	0.00844	0.00569	0.00442	0.00147	0.00730	0.00365	0.00281	0.00857
7	0.01217	0.00871	0.00944	0.00937	0.01124	0.05112	0.00684	0.01459	0.04612	0.10464	0.10357	0.30380	0.21450	0.04917	0.00887	0.00252	0.00455	0.02603	0.00623	0.00651
8	0.00823	0.00590	0.00761	0.00877	0.00943	0.00543	0.00595	0.00932	0.01298	0.01709	0.07026	0.60151	0.13139	0.01990	0.00920	0.04484	0.00382	0.01710	0.00599	0.00528
9	0.00972	0.00753	0.01106	0.01067	0.01198	0.00763	0.05692	0.03087	0.01283	0.01747	0.06924	0.30727	0.06124	0.12304	0.22531	0.00534	0.00873	0.01237	0.00497	0.00581
10	0.01480	0.01146	0.01246	0.01107	0.01415	0.01202	0.00866	0.23967	0.12229	0.02682	0.03768	0.16620	0.24218	0.01345	0.00740	0.00226	0.00507	0.03795	0.00635	0.00809
11	0.00918	0.00618	0.00797	0.00894	0.00986	0.00564	0.00616	0.01056	0.01353	0.05489	0.07239	0.60153	0.13035	0.01912	0.00820	0.00255	0.00382	0.01714	0.00627	0.00572
12	0.01060	0.00740	0.00931	0.00981	0.01112	0.00722	0.00723	0.05230	0.03725	0.04414	0.10594	0.40733	0.08346	0.06262	0.00969	0.00278	0.00451	0.11492	0.00621	0.00618
13	0.02050	0.02449	0.01887	0.07101	0.06361	0.47188	0.01340	0.02239	0.01595	0.01626	0.01072	0.01473	0.00950	0.04950	0.01043	0.00222	0.14872	0.00503	0.00329	0.00750
14	0.00818	0.00604	0.00760	0.00873	0.00953	0.00555	0.00603	0.00952	0.01324	0.01725	0.06092	0.55503	0.17238	0.04603	0.00919	0.00272	0.00390	0.04673	0.00607	0.00540
15	0.17136	0.21386	0.28044	0.04809	0.02190	0.08008	0.01582	0.02025	0.01339	0.02030	0.01029	0.01246	0.00818	0.00645	0.00623	0.00192	0.05310	0.00432	0.00311	0.00846
16	0.07589	0.11630	0.09220	0.06430	0.14642	0.01490	0.13649	0.01972	0.01449	0.07673	0.03472	0.06123	0.01340	0.00705	0.00620	0.00190	0.00745	0.00640	0.00395	0.10026
17	0.06799	0.14206	0.09602	0.01630	0.04167	0.22041	0.07608	0.02271	0.10131	0.01947	0.01412	0.01791	0.01190	0.01040	0.06053	0.00258	0.03106	0.03540	0.00379	0.00828
18	0.01307	0.01160	0.06731	0.01180	0.01522	0.00987	0.07215	0.07961	0.06884	0.07593	0.16842	0.13719	0.21651	0.01278	0.00747	0.00221	0.00521	0.01118	0.00606	0.00757
19	0.01331	0.01235	0.02116	0.46032	0.17303	0.01396	0.07708	0.01751	0.01384	0.01885	0.01443	0.01927	0.03023	0.00674	0.00652	0.00209	0.00811	0.00628	0.07703	0.00790
20	0.06552	0.23334	0.09711	0.05952	0.06740	0.14039	0.09573	0.02096	0.01481	0.05785	0.01364	0.01581	0.03002	0.00788	0.02918	0.00209	0.00869	0.00523	0.02643	0.00840
21	0.11129	0.02498	0.40566	0.01803	0.04951	0.01516	0.08940	0.09484	0.01576	0.02403	0.01541	0.01931	0.03727	0.00737	0.00640	0.00213	0.00853	0.04202	0.00373	0.00916
22	0.00842	0.00605	0.00768	0.00852	0.00931	0.00558	0.00581	0.00968	0.01348	0.01787	0.13947	0.47782	0.14532	0.06397	0.01051	0.03943	0.00388	0.01586	0.00600	0.00531
23	0.55562	0.07214	0.01315	0.01131	0.05638	0.03441	0.00849	0.04896	0.01260	0.02634	0.01131	0.05330	0.00991	0.00796	0.00593	0.05039	0.00565	0.00479	0.00406	0.00727
24	0.01468	0.08572	0.11250	0.06228	0.04168	0.01513	0.09477	0.08141	0.11864	0.02186	0.04138	0.05331	0.01569	0.05208	0.06918	0.00299	0.05200	0.00695	0.00429	0.05345
25	0.05630	0.04483	0.04573	0.01180	0.01443	0.01145	0.05085	0.06062	0.06760	0.02191	0.12598	0.16562	0.09794	0.01578	0.07686	0.00302	0.07086	0.01001	0.04126	0.00715
26	0.08366	0.00747	0.00995	0.00986	0.01111	0.00854	0.00745	0.01211	0.01048	0.01619	0.01735	0.02722	0.01679	0.16035	0.56119	0.00912	0.01468	0.00713	0.00365	0.00569
27	0.01542	0.03905	0.04625	0.01291	0.05358	0.06035	0.00985	0.04981	0.09988	0.12716	0.07294	0.17191	0.11083	0.02701	0.03017	0.00255	0.00606	0.05048	0.00585	0.00795
28	0.04054	0.22966	0.08797	0.05878	0.05153	0.10105	0.01289	0.12391	0.04921	0.09568	0.01676	0.01769	0.04991	0.00852	0.02704	0.00209	0.00783	0.00550	0.00443	0.00901
29	0.01300	0.00850	0.01061	0.04869	0.01353	0.00847	0.00800	0.01704	0.09907	0.11428	0.11586	0.08947	0.13228	0.15603	0.01256	0.00314	0.00521	0.13140	0.00601	0.00685
30	0.01167	0.00791	0.00969	0.00891	0.01092	0.00762	0.00667	0.01610	0.09766	0.08238	0.46292	0.04486	0.10943	0.08236	0.00992	0.00250	0.00387	0.01092	0.00686	0.00684
31	0.01770	0.07350	0.12353	0.06381	0.02178	0.07354	0.05907	0.16276	0.11456	0.05663	0.10072	0.02048	0.01756	0.00810	0.00720	0.00203	0.04154	0.00649	0.00499	0.02398
32	0.01593	0.01392	0.05126	0.27534	0.15377	0.01434	0.03643	0.11147	0.06883	0.07333	0.01751	0.10702	0.01495	0.00855	0.00682	0.00217	0.00743	0.00759	0.00452	0.00882
33	0.00840	0.00664	0.00767	0.00761	0.00941	0.00591	0.00567	0.01055	0.01579	0.02045	0.28112	0.10892	0.41384	0.01769	0.04824	0.00267	0.00408	0.01321	0.00635	0.00578
34	0.00905	0.00659	0.00893	0.00943	0.01037	0.00678	0.00692	0.01087	0.01251	0.01708	0.10196	0.24061	0.07058	0.12557	0.26593	0.00583	0.00903	0.07137	0.00506	0.00552
35	0.04576	0.05893	0.13839	0.08076	0.08949	0.09423	0.12455	0.09303	0.09034	0.09798	0.01516	0.01674	0.01117	0.00680	0.00645	0.00202	0.00847	0.00588	0.00440	0.00945
36	0.05313	0.08510	0.11674	0.10717	0.06438	0.12131	0.01403	0.11851	0.07554	0.02278	0.01964	0.02450	0.07085	0.00869	0.00646	0.00207	0.00777	0.06838	0.00442	0.00853
37	0.01122	0.01010	0.03649	0.06557	0.03549	0.02810	0.04882	0.02762	0.03455	0.04001	0.11921	0.07803	0.28928	0.08536	0.01004	0.00264	0.00544	0.05997	0.00546	0.00658
38	0.03254	0.03947	0.08153	0.22112	0.08917	0.04834	0.03916	0.19257	0.07090	0.02502	0.01886	0.02084	0.07630	0.00786	0.00656	0.00207	0.00771	0.00653	0.00450	0.00895
39	0.00956	0.00741	0.00860	0.00882	0.01008	0.02536	0.00599	0.01084	0.01273	0.01711	0.06882	0.41428	0.07605	0.17655	0.01315	0.00316	0.00464	0.01384	0.00537	0.10763
40	0.01900	0.12370	0.02063	0.01435	0.01851	0.13852	0.08643	0.07996	0.03479	0.11966	0.01575	0.05195	0.01293	0.01020	0.05156	0.00237	0.05760	0.00609	0.04018	0.09579
41	0.05063	0.09048	0.27034	0.05887	0.07054	0.03725	0.03579	0.04622	0.06570	0.02085	0.01776	0.05537	0.05200	0.02790	0.00788	0.00224	0.04736	0.03041	0.00384	0.00858
42	0.06290	0.10002	0.04953	0.01329	0.01749	0.08851	0.01115	0.24131	0.17056	0.02782	0.04572	0.02202	0.01622	0.07105	0.00849	0.00235	0.00695	0.03015	0.00537	0.00911
43	0.01129	0.16089	0.05763	0.03182	0.01350	0.01125	0.00896	0.01346	0.01346	0.01786	0.10697	0.22616	0.05156	0.11899	0.01114	0.00283	0.02517	0.08754	0.02317	0.00635

[dist]
# distance from previous block
# <min> <max>
0	13

[block]
# block no. 3 follows, 33 sequences, length 24
# corresponding to MSA columns:
# 131-154
name=unknown_D
#
# <colnr> <probs for GDERKNQSTAVLIFYWHMCP>
#	G	D	E	R	K	N	Q	S	T	A	V	L	I	F	Y	W	H	M	C	P
0	0.01566	0.04634	0.01597	0.01203	0.01611	0.01203	0.06818	0.15857	0.04974	0.07338	0.09702	0.05044	0.14187	0.01181	0.04592	0.00234	0.00622	0.00817	0.02367	0.14455
1	0.01283	0.04623	0.18953	0.01206	0.01629	0.01128	0.01166	0.08947	0.05466	0.03655	0.08750	0.16603	0.11973	0.06517	0.00891	0.00247	0.00602	0.02443	0.00516	0.03403
2	0.01234	0.06235	0.01282	0.01117	0.03373	0.01160	0.00832	0.02093	0.29295	0.02257	0.12498	0.13563	0.19925	0.01265	0.00715	0.00220	0.00450	0.01079	0.00618	0.00788
3	0.01819	0.03543	0.01398	0.01237	0.01516	0.31688	0.00938	0.06044	0.03526	0.05709	0.02430	0.06129	0.11940	0.07502	0.00874	0.00230	0.00778	0.03600	0.08380	0.00719
4	0.01088	0.00767	0.01106	0.04389	0.01327	0.00853	0.00850	0.01297	0.01225	0.06564	0.06159	0.23519	0.02575	0.03182	0.35947	0.00636	0.06375	0.01045	0.00471	0.00627
5	0.01603	0.01561	0.02735	0.07739	0.63397	0.01567	0.07649	0.02010	0.01494	0.02122	0.01242	0.01648	0.01030	0.00588	0.00662	0.00199	0.00814	0.00602	0.00325	0.01013
6	0.01153	0.00945	0.01380	0.01692	0.17339	0.01011	0.01025	0.01534	0.08129	0.01766	0.01985	0.10567	0.01956	0.14726	0.31114	0.00628	0.01090	0.00848	0.00413	0.00700
7	0.01310	0.00752	0.00950	0.00900	0.01087	0.00691	0.00672	0.01503	0.01524	0.15686	0.20325	0.11115	0.13261	0.18020	0.01342	0.00320	0.00474	0.08789	0.00631	0.00650
8	0.01594	0.01671	0.08512	0.13866	0.38661	0.01540	0.14546	0.02095	0.03796	0.05318	0.01350	0.01710	0.01052	0.00615	0.00675	0.00206	0.00854	0.00622	0.00352	0.00966
9	0.00806	0.00585	0.00761	0.00891	0.00951	0.00540	0.00602	0.00934	0.01308	0.01732	0.06991	0.67191	0.10288	0.01996	0.00832	0.00261	0.00375	0.01799	0.00616	0.00540
10	0.00860	0.00669	0.00868	0.05971	0.01224	0.00647	0.00706	0.01046	0.01371	0.01777	0.08877	0.36269	0.23532	0.02037	0.07113	0.00317	0.00528	0.05046	0.00575	0.00569
11	0.02251	0.02629	0.01867	0.09205	0.04964	0.53508	0.01327	0.04377	0.07813	0.04169	0.01251	0.01416	0.00991	0.00699	0.00613	0.00182	0.01050	0.00486	0.00386	0.00816
12	0.00998	0.00787	0.01049	0.01255	0.07946	0.00771	0.00830	0.01344	0.07761	0.01954	0.09561	0.39347	0.11978	0.01676	0.00803	0.00251	0.00450	0.09993	0.00598	0.00648
13	0.05747	0.00782	0.00796	0.00758	0.00956	0.00816	0.00577	0.07474	0.04196	0.02572	0.02179	0.08656	0.01826	0.00876	0.00515	0.00172	0.00368	0.00711	0.59351	0.00672
14	0.01114	0.00788	0.00990	0.01062	0.04298	0.00762	0.00725	0.01489	0.09642	0.07081	0.14670	0.33475	0.14700	0.04967	0.00892	0.00254	0.00421	0.01371	0.00628	0.00669
15	0.09642	0.14090	0.20688	0.04259	0.08072	0.18634	0.07353	0.02123	0.01493	0.01965	0.01220	0.01656	0.01022	0.00685	0.00596	0.00194	0.00908	0.04218	0.00333	0.00849
16	0.01771	0.11352	0.01763	0.04735	0.03815	0.26130	0.01078	0.10573	0.01744	0.02010	0.06820	0.08343	0.05653	0.04939	0.06200	0.00275	0.00881	0.00724	0.00439	0.00754
17	0.04547	0.04314	0.01060	0.00891	0.01089	0.01007	0.00707	0.05390	0.04571	0.02339	0.05821	0.02511	0.04756	0.01346	0.09246	0.00283	0.07007	0.00667	0.41769	0.00679
18	0.10417	0.14433	0.12784	0.01378	0.04115	0.01617	0.01249	0.08296	0.06271	0.02257	0.02707	0.01571	0.01142	0.01057	0.07022	0.00258	0.07935	0.00505	0.00392	0.14592
19	0.04159	0.01683	0.12050	0.01251	0.01656	0.09722	0.01105	0.10899	0.15044	0.02356	0.02706	0.11108	0.12903	0.03084	0.00737	0.00219	0.00639	0.00854	0.04110	0.03716
20	0.04962	0.14479	0.04351	0.01086	0.01419	0.06554	0.02909	0.06930	0.01586	0.07102	0.09382	0.06423	0.04024	0.03939	0.00734	0.00203	0.02700	0.00711	0.19751	0.00753
21	0.12217	0.01537	0.15842	0.01467	0.07838	0.03248	0.03840	0.03586	0.01400	0.02103	0.07326	0.09952	0.10822	0.06177	0.08129	0.00326	0.02172	0.00844	0.00437	0.00738
22	0.01167	0.04008	0.01325	0.04554	0.05317	0.01064	0.00913	0.01495	0.06003	0.01774	0.01845	0.09442	0.01787	0.11063	0.24694	0.00527	0.07390	0.00774	0.06524	0.08333
23	0.09389	0.01651	0.04291	0.01183	0.01632	0.17469	0.00960	0.03181	0.03568	0.08802	0.08564	0.04816	0.01672	0.00745	0.00577	0.00161	0.00656	0.00578	0.00470	0.29632

[dist]
# distance from previous block
# <min> <max>
9	17

[block]
# block no. 4 follows, 33 sequences, length 6
# corresponding to MSA columns:
# 172-177
name=unknown_E
#
# <colnr> <probs for GDERKNQSTAVLIFYWHMCP>
#	G	D	E	R	K	N	Q	S	T	A	V	L	I	F	Y	W	H	M	C	P
0	0.01703	0.08513	0.01808	0.07322	0.08629	0.12578	0.04223	0.07595	0.01685	0.10330	0.07396	0.09243	0.09550	0.01215	0.05075	0.00253	0.00768	0.00813	0.00494	0.00807
1	0.01597	0.03423	0.01914	0.19093	0.08284	0.09175	0.05266	0.09054	0.04524	0.04512	0.01667	0.05282	0.04054	0.01262	0.07451	0.02729	0.08829	0.00682	0.00407	0.00797
2	0.01284	0.01235	0.05770	0.07426	0.06897	0.06062	0.04968	0.05818	0.01405	0.01905	0.05057	0.10537	0.02008	0.16035	0.14981	0.00449	0.00905	0.00840	0.05736	0.00681
3	0.04178	0.00877	0.00965	0.04902	0.01230	0.05167	0.00695	0.01327	0.01350	0.06707	0.09856	0.17740	0.14870	0.19334	0.07546	0.00392	0.00636	0.01112	0.00524	0.00591
4	0.06943	0.10134	0.08697	0.04210	0.08274	0.04371	0.05131	0.07016	0.01512	0.02104	0.06641	0.10019	0.09055	0.01299	0.06459	0.00277	0.05846	0.00803	0.00432	0.00778
5	0.06896	0.06782	0.21233	0.07094	0.08277	0.04469	0.01542	0.08069	0.07717	0.05533	0.05412	0.05427	0.01590	0.00842	0.00694	0.00211	0.03392	0.03488	0.00440	0.00889

[dist]
# distance from previous block
# <min> <max>
1	20

[block]
# block no. 5 follows, 33 sequences, length 18
# corresponding to MSA columns:
# 198-215
name=unknown_F
#
# <colnr> <probs for GDERKNQSTAVLIFYWHMCP>
#	G	D	E	R	K	N	Q	S	T	A	V	L	I	F	Y	W	H	M	C	P
0	0.01587	0.12868	0.03832	0.01505	0.08541	0.06814	0.03981	0.16045	0.01771	0.02261	0.04745	0.07681	0.14629	0.07099	0.00930	0.00236	0.03370	0.00828	0.00478	0.00800
1	0.01355	0.16026	0.17078	0.01381	0.01826	0.01455	0.05973	0.04648	0.06999	0.01869	0.01520	0.04274	0.01327	0.02059	0.21705	0.07699	0.01053	0.00621	0.00363	0.00769
2	0.01541	0.05621	0.01675	0.10966	0.16753	0.03777	0.01179	0.01875	0.04261	0.12963	0.10722	0.13013	0.05420	0.05157	0.00837	0.00235	0.00617	0.02062	0.00518	0.00808
3	0.01823	0.04137	0.10311	0.05907	0.08041	0.09801	0.01284	0.06698	0.14063	0.13474	0.05210	0.04526	0.03573	0.00827	0.00640	0.00198	0.00689	0.00675	0.04874	0.03248
4	0.01400	0.01114	0.01138	0.01040	0.01331	0.04213	0.00799	0.08086	0.22800	0.05891	0.05891	0.10873	0.26294	0.01255	0.00711	0.00218	0.00475	0.01049	0.04631	0.00792
5	0.00857	0.00677	0.00779	0.00815	0.00977	0.00614	0.00597	0.01109	0.04508	0.01931	0.15471	0.26262	0.36884	0.01706	0.00796	0.00236	0.00363	0.04204	0.00631	0.00583
6	0.01232	0.00909	0.01096	0.01094	0.05045	0.00897	0.00777	0.06574	0.05618	0.07541	0.14788	0.11641	0.30699	0.04321	0.00921	0.00239	0.04137	0.01155	0.00611	0.00705
7	0.04991	0.02987	0.60237	0.01742	0.02603	0.01465	0.02160	0.02153	0.04153	0.05646	0.01413	0.01761	0.01061	0.00704	0.00633	0.00213	0.00896	0.03887	0.00342	0.00953
8	0.00914	0.00668	0.00848	0.00934	0.01025	0.00649	0.00657	0.04391	0.01356	0.01793	0.03619	0.52654	0.11151	0.05914	0.06868	0.00343	0.00528	0.04541	0.00582	0.00566
9	0.00993	0.00719	0.00916	0.01011	0.01110	0.00713	0.00734	0.05713	0.03699	0.01911	0.03369	0.54284	0.03881	0.05189	0.00945	0.00284	0.00458	0.12870	0.00606	0.00596
10	0.01683	0.08306	0.05541	0.07510	0.14050	0.03639	0.04152	0.14916	0.16943	0.02483	0.01864	0.02076	0.04084	0.03400	0.03817	0.00250	0.00753	0.00648	0.02959	0.00926
11	0.00983	0.00650	0.00791	0.00811	0.00910	0.00636	0.00559	0.01132	0.01255	0.03667	0.08212	0.19604	0.12376	0.23053	0.12121	0.00459	0.00637	0.01142	0.10459	0.00539
12	0.00987	0.00719	0.00921	0.00887	0.00986	0.00708	0.03540	0.01171	0.03741	0.01678	0.09035	0.13293	0.09073	0.38348	0.05314	0.00466	0.00599	0.03525	0.04487	0.00521
13	0.01174	0.00986	0.04963	0.01091	0.01288	0.00893	0.00861	0.13857	0.01630	0.02176	0.03175	0.46077	0.06301	0.04417	0.00890	0.00266	0.00507	0.08185	0.00594	0.00669
14	0.01328	0.01121	0.01740	0.15084	0.15649	0.01197	0.06099	0.01731	0.07015	0.05750	0.02354	0.19110	0.06715	0.05992	0.00989	0.00257	0.05655	0.00983	0.00460	0.00770
15	0.04250	0.01216	0.05179	0.01197	0.01473	0.06474	0.07434	0.07150	0.01546	0.05286	0.07405	0.20561	0.07663	0.08804	0.03968	0.00293	0.00651	0.01037	0.07722	0.00693
16	0.09913	0.05836	0.09072	0.12026	0.10123	0.07770	0.01290	0.04127	0.03383	0.05255	0.01869	0.02275	0.07663	0.04910	0.00756	0.00216	0.00713	0.02799	0.00412	0.09593
17	0.01560	0.14522	0.12595	0.05962	0.18503	0.06170	0.01466	0.04881	0.01510	0.04210	0.08542	0.02071	0.01629	0.07016	0.03548	0.00260	0.03703	0.00620	0.00386	0.00846

[dist]
# distance from previous block
# <min> <max>
1	26

[block]
# block no. 6 follows, 33 sequences, length 37
# corresponding to MSA columns:
# 242-278
name=unknown_G
#
# <colnr> <probs for GDERKNQSTAVLIFYWHMCP>
#	G	D	E	R	K	N	Q	S	T	A	V	L	I	F	Y	W	H	M	C	P
0	0.01335	0.04508	0.01460	0.01207	0.01496	0.01025	0.07348	0.04630	0.09801	0.06909	0.05403	0.23807	0.06427	0.03190	0.00866	0.03091	0.00550	0.08087	0.00559	0.08301
1	0.01813	0.25354	0.04233	0.04803	0.03842	0.11205	0.02860	0.14386	0.04786	0.02233	0.01395	0.06113	0.01213	0.00730	0.00564	0.00170	0.00733	0.00560	0.02379	0.10627
2	0.01354	0.01197	0.03883	0.01489	0.06670	0.01102	0.10665	0.07553	0.06299	0.04296	0.02584	0.10093	0.11715	0.08488	0.07253	0.00318	0.00730	0.02539	0.00485	0.11288
3	0.10175	0.14684	0.19143	0.04963	0.06015	0.14216	0.01454	0.06467	0.01564	0.04345	0.01347	0.01508	0.03433	0.00664	0.00563	0.00180	0.00809	0.00486	0.00369	0.07614
4	0.00921	0.00694	0.00972	0.01003	0.01094	0.00680	0.03295	0.01097	0.01372	0.01866	0.16924	0.42145	0.04199	0.10220	0.01161	0.00299	0.03112	0.07796	0.00587	0.00563
5	0.01229	0.00894	0.01238	0.01310	0.08960	0.00845	0.04016	0.03265	0.04161	0.08728	0.14418	0.20532	0.19691	0.06531	0.00935	0.00253	0.00485	0.01210	0.00593	0.00705
6	0.03266	0.10324	0.08537	0.03699	0.04581	0.02872	0.04228	0.14248	0.01689	0.05009	0.03596	0.13173	0.01881	0.05953	0.02391	0.00247	0.00688	0.04006	0.02939	0.06674
7	0.01921	0.01397	0.01701	0.01463	0.06039	0.03920	0.04067	0.21381	0.04750	0.13861	0.06646	0.02247	0.05805	0.01091	0.05452	0.00244	0.03011	0.00673	0.00565	0.13769
8	0.00930	0.00710	0.00870	0.00958	0.01071	0.00701	0.00679	0.01305	0.10947	0.01887	0.06418	0.52941	0.11439	0.01822	0.00811	0.00256	0.00403	0.04616	0.00623	0.00613
9	0.06199	0.04661	0.36977	0.08105	0.02504	0.01468	0.06023	0.04628	0.04109	0.02152	0.04806	0.01932	0.04411	0.01028	0.05700	0.00269	0.03194	0.00606	0.00362	0.00866
10	0.06125	0.11750	0.07004	0.06393	0.12817	0.04976	0.05499	0.07415	0.08574	0.13185	0.01675	0.03897	0.01336	0.00778	0.00681	0.00204	0.03288	0.03002	0.00471	0.00930
11	0.00919	0.00686	0.00845	0.00917	0.01045	0.00645	0.00674	0.04227	0.01483	0.01932	0.09766	0.41844	0.20222	0.01822	0.00821	0.00253	0.00410	0.10282	0.00622	0.00583
12	0.00827	0.00622	0.00764	0.00866	0.00970	0.00568	0.00617	0.00973	0.01349	0.01727	0.04477	0.45834	0.24723	0.04374	0.00911	0.00270	0.00399	0.08582	0.00604	0.00544
13	0.01027	0.00886	0.01137	0.07589	0.03631	0.05110	0.03647	0.01226	0.01394	0.01817	0.12778	0.38174	0.08179	0.06999	0.03051	0.00291	0.00559	0.01363	0.00541	0.00601
14	0.01620	0.01757	0.11365	0.10079	0.13422	0.07641	0.05268	0.14374	0.06170	0.02365	0.05829	0.04093	0.01578	0.05700	0.05601	0.00287	0.00859	0.00683	0.00438	0.00872
15	0.00870	0.00668	0.00792	0.00848	0.00991	0.00631	0.00619	0.01103	0.04086	0.01790	0.04533	0.30974	0.31214	0.02117	0.09093	0.00333	0.00530	0.04174	0.04058	0.00575
16	0.01756	0.01102	0.01304	0.01086	0.01397	0.01119	0.00849	0.22486	0.02081	0.15131	0.24869	0.03318	0.05559	0.10473	0.04230	0.00294	0.00583	0.00875	0.00660	0.00828
17	0.07089	0.24633	0.16048	0.07517	0.03729	0.12018	0.04077	0.07777	0.04048	0.02057	0.01180	0.01397	0.00947	0.00829	0.03857	0.00221	0.00884	0.00478	0.00349	0.00864
18	0.01642	0.01616	0.02514	0.10844	0.59307	0.05962	0.01923	0.02074	0.03893	0.02092	0.01267	0.01643	0.01048	0.00610	0.00649	0.00197	0.00807	0.00582	0.00335	0.00995
19	0.00929	0.00694	0.01033	0.01046	0.01157	0.00799	0.00805	0.01154	0.01075	0.01541	0.01921	0.08809	0.01874	0.04695	0.68069	0.00991	0.01647	0.00804	0.00374	0.00583
20	0.06769	0.01284	0.01527	0.04097	0.01729	0.07276	0.07771	0.13217	0.01814	0.10562	0.08690	0.13212	0.13079	0.01159	0.00717	0.00220	0.00626	0.04887	0.00576	0.00788
21	0.09675	0.10861	0.04741	0.03186	0.01607	0.04919	0.01031	0.08990	0.01431	0.02110	0.01417	0.05436	0.01273	0.01717	0.16644	0.02353	0.07523	0.00588	0.03977	0.10522
22	0.01673	0.04702	0.06739	0.02306	0.10076	0.11613	0.32385	0.02262	0.09449	0.03963	0.01610	0.07255	0.01347	0.00736	0.00706	0.00211	0.00928	0.00750	0.00400	0.00888
23	0.00827	0.00638	0.00758	0.00817	0.00956	0.00570	0.00593	0.01004	0.01466	0.01881	0.15070	0.32229	0.33214	0.01776	0.00809	0.00242	0.00365	0.05598	0.00628	0.00561
24	0.01986	0.15553	0.07319	0.01772	0.04808	0.30229	0.08477	0.08632	0.01707	0.01943	0.01170	0.03625	0.01004	0.00738	0.00756	0.00191	0.08363	0.00534	0.00357	0.00838
25	0.00936	0.00634	0.00766	0.00794	0.00822	0.00642	0.00494	0.00997	0.01040	0.01423	0.02322	0.17242	0.02633	0.51373	0.11849	0.00607	0.00724	0.01081	0.03164	0.00455
26	0.01676	0.01624	0.02588	0.06787	0.64776	0.04664	0.01957	0.04141	0.01556	0.02170	0.01237	0.01614	0.01030	0.00600	0.00650	0.00195	0.00801	0.00580	0.00335	0.01020
27	0.00971	0.00750	0.01116	0.01099	0.01209	0.00895	0.00860	0.01200	0.01055	0.01532	0.01709	0.02517	0.01598	0.04708	0.69884	0.01011	0.06244	0.00698	0.00349	0.00596
28	0.01337	0.00968	0.03745	0.00986	0.01277	0.00856	0.00817	0.06679	0.05575	0.11779	0.24243	0.04753	0.24240	0.01331	0.00756	0.00222	0.00450	0.08579	0.00665	0.00739
29	0.00973	0.00762	0.00898	0.00895	0.01077	0.00738	0.00672	0.01425	0.11302	0.02213	0.28644	0.17771	0.23000	0.01525	0.00782	0.00230	0.00377	0.05413	0.00659	0.00646
30	0.01486	0.01219	0.01863	0.23094	0.19284	0.01281	0.03755	0.04534	0.06241	0.07282	0.11145	0.02427	0.05105	0.00800	0.00668	0.00202	0.00672	0.00715	0.02531	0.05699
31	0.01217	0.01213	0.08384	0.04739	0.05886	0.01081	0.01080	0.06512	0.10531	0.02294	0.19098	0.15925	0.08949	0.01391	0.03537	0.00258	0.03435	0.03152	0.00562	0.00757
32	0.01844	0.01771	0.05441	0.11314	0.29339	0.09967	0.01626	0.14243	0.05827	0.05095	0.01455	0.01792	0.01154	0.00699	0.00648	0.00198	0.00800	0.02406	0.00428	0.03955
33	0.01437	0.01141	0.01311	0.07101	0.07413	0.05776	0.00952	0.07489	0.07733	0.08492	0.15942	0.05601	0.22191	0.03527	0.00799	0.00224	0.00544	0.00974	0.00586	0.00768
34	0.04866	0.01457	0.01904	0.01773	0.12672	0.01474	0.05917	0.24111	0.03570	0.08587	0.01809	0.04901	0.04541	0.00790	0.00695	0.00189	0.03512	0.00655	0.00520	0.16056
35	0.13514	0.06781	0.08499	0.10785	0.16689	0.01601	0.09953	0.07151	0.04267	0.02313	0.01292	0.01678	0.01044	0.00669	0.00661	0.00200	0.03317	0.02374	0.00377	0.06834
36	0.01738	0.08035	0.06598	0.10453	0.07527	0.07700	0.10997	0.15291	0.06999	0.02382	0.01550	0.01762	0.03743	0.00718	0.00704	0.00195	0.04156	0.00598	0.00422	0.08432

[dist]
# distance from previous block
# <min> <max>
0	33

[block]
# block no. 7 follows, 33 sequences, length 8
# corresponding to MSA columns:
# 312-319
name=unknown_H
#
# <colnr> <probs for GDERKNQSTAVLIFYWHMCP>
#	G	D	E	R	K	N	Q	S	T	A	V	L	I	F	Y	W	H	M	C	P
0	0.01773	0.04059	0.02103	0.01984	0.14929	0.01617	0.08358	0.20262	0.07057	0.05410	0.03427	0.05334	0.01475	0.01103	0.05402	0.00266	0.09970	0.00697	0.03853	0.00923
1	0.01948	0.14262	0.08384	0.01618	0.06645	0.04948	0.07528	0.19480	0.01906	0.11571	0.03852	0.04055	0.01417	0.05316	0.00788	0.00215	0.00743	0.00632	0.00491	0.04199
2	0.01276	0.01370	0.11087	0.01330	0.01709	0.04297	0.11006	0.01631	0.01557	0.05536	0.20491	0.13523	0.07225	0.01096	0.00747	0.00208	0.02602	0.00973	0.05487	0.06848
3	0.01499	0.07002	0.12713	0.07156	0.23004	0.01465	0.07480	0.07934	0.01572	0.02179	0.03873	0.02103	0.05527	0.05504	0.00810	0.00219	0.00756	0.00645	0.00384	0.08174
4	0.01095	0.00929	0.01186	0.01258	0.05639	0.06170	0.00891	0.01313	0.01135	0.01550	0.01705	0.02582	0.01619	0.10904	0.57898	0.00902	0.01558	0.00701	0.00354	0.00612
5	0.01842	0.21610	0.11717	0.04804	0.05429	0.15542	0.07689	0.13020	0.01782	0.02195	0.04404	0.01760	0.01270	0.00719	0.00607	0.00187	0.00860	0.03291	0.00392	0.00878
6	0.01324	0.00967	0.01146	0.00926	0.01338	0.00771	0.00715	0.01567	0.01405	0.08079	0.02398	0.16130	0.09333	0.00954	0.00598	0.00155	0.00447	0.00811	0.05306	0.45632
7	0.01263	0.01063	0.01066	0.01033	0.01185	0.07880	0.00729	0.07219	0.10029	0.01878	0.02589	0.21867	0.05789	0.24950	0.08107	0.00430	0.00704	0.01080	0.00508	0.00631

[dist]
# distance from previous block
# <min> <max>
4	29

[block]
# block no. 8 follows, 33 sequences, length 33
# corresponding to MSA columns:
# 349-381
name=unknown_I
#
# <colnr> <probs for GDERKNQSTAVLIFYWHMCP>
#	G	D	E	R	K	N	Q	S	T	A	V	L	I	F	Y	W	H	M	C	P
0	0.01695	0.07589	0.04313	0.01163	0.01578	0.01358	0.00973	0.19427	0.10218	0.06022	0.01981	0.10652	0.01731	0.02917	0.00685	0.00196	0.00566	0.02339	0.09747	0.14848
1	0.01425	0.01266	0.01139	0.01045	0.01253	0.14458	0.00751	0.04533	0.07013	0.03977	0.10286	0.08219	0.05778	0.24042	0.03911	0.00355	0.00679	0.00871	0.02895	0.06105
2	0.01689	0.04455	0.06229	0.07168	0.01914	0.17443	0.01161	0.09788	0.12535	0.04742	0.05155	0.08337	0.07296	0.01258	0.05683	0.00266	0.00809	0.02755	0.00501	0.00816
3	0.07378	0.01360	0.01469	0.01231	0.01616	0.01478	0.00975	0.26967	0.19872	0.10665	0.02339	0.07954	0.04640	0.05209	0.00808	0.00235	0.00578	0.00775	0.03507	0.00946
4	0.01198	0.00849	0.00962	0.00899	0.01134	0.00824	0.00682	0.06553	0.09378	0.06681	0.19392	0.13939	0.27131	0.01389	0.00738	0.00218	0.00396	0.01185	0.05751	0.00701
5	0.01454	0.01167	0.01374	0.00986	0.01567	0.00883	0.00791	0.01745	0.01394	0.06134	0.01250	0.01414	0.01012	0.00506	0.00497	0.00103	0.00492	0.00405	0.00414	0.76411
6	0.02028	0.14341	0.02436	0.08024	0.07938	0.35294	0.10213	0.05157	0.05042	0.01872	0.01174	0.01401	0.00951	0.00650	0.00606	0.00182	0.00992	0.00506	0.00353	0.00840
7	0.04637	0.01218	0.01512	0.01320	0.07183	0.01120	0.00965	0.12214	0.01774	0.26467	0.01827	0.01943	0.01342	0.04960	0.00741	0.00193	0.00567	0.00573	0.06017	0.23429
8	0.00940	0.00691	0.00826	0.00835	0.01001	0.00646	0.00631	0.01248	0.04470	0.02209	0.30400	0.14801	0.22838	0.01503	0.00766	0.00224	0.00362	0.07456	0.07547	0.00607
9	0.01543	0.07044	0.16521	0.05612	0.03923	0.08901	0.03238	0.07353	0.06243	0.04434	0.06020	0.02612	0.11580	0.00925	0.00757	0.00208	0.05807	0.02667	0.03783	0.00828
10	0.00832	0.00699	0.00737	0.00720	0.00954	0.00584	0.00544	0.01014	0.01493	0.01835	0.08423	0.09320	0.60135	0.01598	0.00765	0.00218	0.00353	0.03145	0.00600	0.06029
11	0.01786	0.06724	0.11227	0.11746	0.04979	0.07817	0.06791	0.20886	0.06660	0.02550	0.01436	0.01667	0.01100	0.00951	0.05166	0.00247	0.00876	0.00572	0.02621	0.04199
12	0.02193	0.31637	0.02484	0.01463	0.01902	0.41473	0.01214	0.07198	0.01749	0.01767	0.01018	0.01165	0.00866	0.00642	0.00532	0.00160	0.00968	0.00408	0.00340	0.00820
13	0.01485	0.01217	0.01543	0.01301	0.04116	0.04062	0.06852	0.05927	0.05567	0.07119	0.11091	0.05189	0.08199	0.00912	0.00654	0.00178	0.00570	0.04956	0.00523	0.28538
14	0.00991	0.00757	0.01013	0.01032	0.01160	0.00774	0.02800	0.03154	0.06073	0.01792	0.03100	0.34208	0.08019	0.10011	0.16215	0.00461	0.00748	0.06560	0.00533	0.00600
15	0.01679	0.62372	0.13624	0.01269	0.01862	0.02416	0.01335	0.01967	0.01328	0.01629	0.00951	0.01126	0.00844	0.00604	0.00546	0.00159	0.04770	0.00384	0.00281	0.00857
16	0.01351	0.01475	0.11953	0.21540	0.06700	0.01286	0.04722	0.11337	0.01704	0.02278	0.10057	0.03149	0.12576	0.00981	0.00709	0.00219	0.00710	0.05989	0.00466	0.00798
17	0.03285	0.08357	0.10451	0.07218	0.09112	0.01793	0.13104	0.23242	0.09676	0.05032	0.01517	0.01673	0.01126	0.00693	0.00651	0.00203	0.00801	0.00605	0.00473	0.00990
18	0.00914	0.00620	0.00802	0.00910	0.01000	0.00569	0.00635	0.01051	0.01334	0.05119	0.03969	0.60468	0.13076	0.01940	0.00827	0.00260	0.00395	0.04922	0.00621	0.00569
19	0.00854	0.00613	0.00742	0.00830	0.00908	0.00570	0.00562	0.00974	0.01268	0.01669	0.03882	0.43283	0.17443	0.15685	0.01277	0.00323	0.00426	0.04322	0.03847	0.00520
20	0.01725	0.01247	0.01574	0.01287	0.01617	0.01325	0.06883	0.26374	0.07282	0.05561	0.02028	0.02441	0.05426	0.09097	0.08416	0.09459	0.00762	0.00715	0.05975	0.00808
21	0.01127	0.00956	0.01035	0.03200	0.01274	0.07316	0.00779	0.05934	0.03932	0.01934	0.07768	0.46343	0.05788	0.01957	0.07120	0.00314	0.00609	0.01416	0.00568	0.00629
22	0.18125	0.01322	0.01420	0.01152	0.01582	0.01389	0.00937	0.25490	0.04304	0.21373	0.02190	0.04746	0.05997	0.00865	0.00610	0.00202	0.00566	0.00668	0.06117	0.00944
23	0.01039	0.00757	0.00932	0.00970	0.01097	0.00743	0.00690	0.10033	0.01591	0.02132	0.12460	0.53628	0.07835	0.01782	0.00805	0.00248	0.00415	0.01591	0.00632	0.00623
24	0.01808	0.01412	0.01420	0.01351	0.05469	0.16033	0.00982	0.02132	0.05386	0.18606	0.22257	0.08688	0.04867	0.01072	0.00790	0.00209	0.05229	0.00874	0.00602	0.00809
25	0.00813	0.00599	0.00754	0.00860	0.00936	0.00549	0.00584	0.00946	0.01331	0.01748	0.08926	0.56516	0.15995	0.05012	0.00928	0.00271	0.00379	0.01704	0.00610	0.00539
26	0.00939	0.00717	0.01032	0.01034	0.01142	0.00817	0.00791	0.01151	0.01126	0.01593	0.04881	0.10324	0.05465	0.06294	0.55472	0.00862	0.04497	0.00877	0.00404	0.00582
27	0.01626	0.01224	0.01362	0.01184	0.01522	0.01288	0.00926	0.24152	0.15901	0.04859	0.05132	0.18821	0.10001	0.01210	0.00713	0.00218	0.00531	0.02796	0.00634	0.05903
28	0.06138	0.04391	0.09907	0.16382	0.09710	0.06793	0.01436	0.13344	0.05459	0.04298	0.08628	0.02180	0.01666	0.00848	0.00707	0.02625	0.00744	0.03433	0.00455	0.00858
29	0.01197	0.04507	0.01193	0.01139	0.04620	0.00952	0.00826	0.03655	0.10364	0.04609	0.07932	0.22082	0.12094	0.01783	0.08896	0.00318	0.00607	0.05736	0.04864	0.02626
30	0.01329	0.01238	0.04376	0.08646	0.05240	0.04650	0.08055	0.02796	0.05887	0.04253	0.01858	0.10620	0.01819	0.18866	0.10202	0.00423	0.07783	0.00846	0.00415	0.00697
31	0.06729	0.05894	0.08905	0.02073	0.18196	0.01624	0.06406	0.14866	0.06609	0.04540	0.01680	0.01903	0.04531	0.01090	0.06558	0.00275	0.06130	0.00624	0.00438	0.00928
32	0.04550	0.05699	0.04532	0.03479	0.03629	0.10062	0.02922	0.04531	0.08291	0.11609	0.12653	0.04722	0.07626	0.01129	0.03796	0.00239	0.04263	0.01833	0.00531	0.03904

[dist]
# distance from previous block
# <min> <max>
0	11

[block]
# block no. 9 follows, 33 sequences, length 22
# corresponding to MSA columns:
# 393-414
name=unknown_J
#
# <colnr> <probs for GDERKNQSTAVLIFYWHMCP>
#	G	D	E	R	K	N	Q	S	T	A	V	L	I	F	Y	W	H	M	C	P
0	0.08209	0.14214	0.07247	0.04638	0.04261	0.09140	0.01099	0.01919	0.04614	0.05061	0.01746	0.05530	0.05665	0.03862	0.00743	0.00197	0.03870	0.00609	0.03315	0.14063
1	0.13090	0.05822	0.04337	0.06408	0.13052	0.11397	0.03613	0.04652	0.02899	0.02133	0.03011	0.02161	0.07275	0.03277	0.00809	0.00215	0.06515	0.02022	0.04143	0.03167
2	0.05177	0.10292	0.02094	0.03142	0.07572	0.10886	0.10031	0.10296	0.06588	0.02272	0.04537	0.03978	0.01520	0.04709	0.00764	0.00209	0.00748	0.03129	0.00438	0.11618
3	0.01748	0.01528	0.09439	0.06600	0.06089	0.07318	0.01179	0.07248	0.09181	0.15490	0.04572	0.09647	0.01900	0.10704	0.01014	0.00262	0.00683	0.00783	0.00528	0.04089
4	0.06987	0.04590	0.03135	0.01578	0.07969	0.17134	0.01165	0.23763	0.06961	0.05933	0.03386	0.02119	0.06951	0.04537	0.00764	0.00216	0.00753	0.00638	0.00517	0.00903
5	0.00821	0.00586	0.00753	0.00879	0.00921	0.00549	0.00578	0.00923	0.01233	0.01633	0.03577	0.63701	0.07435	0.11692	0.01161	0.00313	0.00413	0.01730	0.00584	0.00518
6	0.01144	0.00825	0.04231	0.06375	0.04385	0.00762	0.00824	0.03108	0.01091	0.01467	0.01694	0.16199	0.01793	0.06566	0.01929	0.45348	0.00593	0.00841	0.00368	0.00460
7	0.10306	0.06832	0.14875	0.07769	0.07761	0.13471	0.03971	0.07708	0.01620	0.08012	0.01681	0.07520	0.04111	0.00809	0.00623	0.00201	0.00797	0.00649	0.00424	0.00858
8	0.01997	0.33725	0.05622	0.01421	0.01917	0.20719	0.03608	0.13660	0.04300	0.02134	0.04300	0.01437	0.01175	0.00680	0.00551	0.00169	0.00833	0.00482	0.00395	0.00874
9	0.03631	0.01312	0.06655	0.01498	0.07883	0.01163	0.06782	0.12117	0.05020	0.05502	0.13382	0.09036	0.11316	0.02753	0.00764	0.00219	0.00593	0.03355	0.00550	0.06469
10	0.04621	0.12042	0.04623	0.01788	0.10973	0.03671	0.03208	0.14752	0.08793	0.02349	0.01344	0.01607	0.01106	0.01078	0.06122	0.00268	0.16549	0.00559	0.00415	0.04132
11	0.01029	0.00669	0.00764	0.00742	0.00810	0.00642	0.00459	0.01089	0.01151	0.04976	0.08563	0.04530	0.12085	0.56770	0.02660	0.00525	0.00566	0.01020	0.00475	0.00474
12	0.05101	0.04997	0.09098	0.06605	0.10160	0.19303	0.06737	0.02255	0.11393	0.02121	0.06024	0.02046	0.01541	0.00761	0.00629	0.00197	0.00809	0.02793	0.06593	0.00838
13	0.00934	0.00730	0.00850	0.00877	0.01044	0.00696	0.00655	0.01286	0.08347	0.01988	0.15716	0.20535	0.28753	0.05743	0.00936	0.00261	0.00406	0.09013	0.00623	0.00607
14	0.00935	0.00635	0.00725	0.00737	0.00755	0.00625	0.00430	0.00963	0.01039	0.01381	0.04838	0.10745	0.05696	0.64474	0.02931	0.00573	0.00591	0.01064	0.00438	0.00425
15	0.00909	0.00706	0.00858	0.00853	0.01029	0.00672	0.00650	0.01214	0.04650	0.02093	0.28208	0.09874	0.28571	0.01979	0.10263	0.00333	0.00538	0.05374	0.00619	0.00606
16	0.01945	0.01300	0.01626	0.06007	0.04734	0.01371	0.02913	0.22606	0.12332	0.16539	0.02331	0.14694	0.02013	0.02603	0.00760	0.00230	0.00620	0.03805	0.00630	0.00940
17	0.10796	0.01739	0.01828	0.01427	0.01931	0.01930	0.01174	0.57455	0.07107	0.05683	0.01604	0.01598	0.01145	0.00778	0.00633	0.00200	0.00685	0.00579	0.00637	0.01072
18	0.00845	0.00594	0.00765	0.00886	0.00920	0.00565	0.00583	0.00942	0.01206	0.01606	0.03295	0.58627	0.03919	0.17868	0.01374	0.00347	0.00444	0.04142	0.00566	0.00509
19	0.00814	0.00582	0.00775	0.00908	0.00958	0.00543	0.00612	0.00947	0.01316	0.01769	0.10001	0.69808	0.04526	0.01996	0.00834	0.00262	0.00375	0.01808	0.00622	0.00543
20	0.01600	0.01497	0.02478	0.19253	0.53649	0.01572	0.01931	0.06203	0.01559	0.02174	0.01245	0.01653	0.01012	0.00615	0.00654	0.00201	0.00799	0.00587	0.00339	0.00980
21	0.04951	0.01893	0.01885	0.01538	0.01916	0.12894	0.01249	0.40507	0.04825	0.03114	0.01385	0.01541	0.01066	0.00972	0.03307	0.00239	0.14671	0.00565	0.00523	0.00958

[dist]
