[name]
unknown

[dist]
# distance from previous block
# <min> <max>
0	0

[block]
# block no. 0 follows, 34 sequences, length 6
# corresponding to MSA columns:
# 0-5
name=unknown_A
#
# <colnr> <probs for GDERKNQSTAVLIFYWHMCP>
#	G	D	E	R	K	N	Q	S	T	A	V	L	I	F	Y	W	H	M	C	P
0	0.01041	0.00744	0.01041	0.01190	0.01339	0.00744	0.01041	0.01339	0.01487	0.01934	0.03421	0.07288	0.03719	0.01785	0.00892	0.00297	0.00595	0.68913	0.00595	0.00595
1	0.00893	0.00607	0.00718	0.00764	0.00776	0.00595	0.00455	0.00927	0.01030	0.01374	0.02502	0.26411	0.02937	0.54307	0.02536	0.00515	0.00550	0.01214	0.00455	0.00432
2	0.08313	0.01302	0.02097	0.35399	0.25183	0.01480	0.04630	0.01758	0.01326	0.01916	0.01349	0.01784	0.03791	0.00691	0.00740	0.00212	0.06302	0.00594	0.00321	0.00810
3	0.01362	0.01035	0.01277	0.01014	0.01426	0.00892	0.04002	0.05980	0.03879	0.06728	0.05664	0.09016	0.12478	0.00901	0.00603	0.00160	0.00475	0.00768	0.06396	0.35944
4	0.11041	0.01453	0.01494	0.01294	0.01693	0.01665	0.01025	0.16240	0.50644	0.02988	0.02223	0.02089	0.01658	0.00825	0.00626	0.00212	0.00548	0.00658	0.00626	0.01000
5	0.05426	0.01268	0.01838	0.09063	0.02104	0.01330	0.12873	0.19013	0.01842	0.10512	0.08100	0.11431	0.04061	0.01165	0.04550	0.00257	0.02956	0.00843	0.00533	0.00835

[dist]
# distance from previous block
# <min> <max>
0	1

[block]
# block no. 1 follows, 34 sequences, length 55
# corresponding to MSA columns:
# 7-61
name=unknown_B
#
# <colnr> <probs for GDERKNQSTAVLIFYWHMCP>
#	G	D	E	R	K	N	Q	S	T	A	V	L	I	F	Y	W	H	M	C	P
0	0.01137	0.00887	0.01184	0.18965	0.01903	0.00924	0.00942	0.07324	0.01687	0.04129	0.26972	0.06479	0.20476	0.01211	0.00727	0.00214	0.00497	0.03097	0.00571	0.00672
1	0.01540	0.01055	0.01111	0.09082	0.01520	0.06906	0.00830	0.08534	0.04590	0.07985	0.03708	0.06829	0.01774	0.00863	0.00568	0.00182	0.00513	0.02455	0.39229	0.00727
2	0.02853	0.00621	0.00808	0.00893	0.00975	0.00632	0.00638	0.01081	0.01205	0.01750	0.02833	0.43706	0.03149	0.04316	0.17810	0.00434	0.00692	0.03391	0.11663	0.00551
3	0.02456	0.01810	0.01939	0.01487	0.02004	0.02004	0.01228	0.71107	0.03038	0.04072	0.01551	0.01551	0.01099	0.00776	0.00646	0.00194	0.00711	0.00582	0.00646	0.01099
4	0.02805	0.01104	0.01488	0.01147	0.01633	0.00969	0.00945	0.05202	0.01886	0.68652	0.05361	0.02285	0.01765	0.00820	0.00654	0.00200	0.00545	0.00669	0.00791	0.01080
5	0.00837	0.00604	0.00788	0.00900	0.00955	0.00583	0.00608	0.01012	0.03543	0.01701	0.07140	0.62458	0.04057	0.07310	0.03963	0.00314	0.00448	0.01656	0.00583	0.00538
6	0.02181	0.01673	0.01784	0.01431	0.01899	0.01875	0.01162	0.49206	0.25386	0.03629	0.01900	0.01829	0.01382	0.00808	0.00650	0.00202	0.00646	0.00630	0.00650	0.01074
7	0.01599	0.01535	0.02623	0.03966	0.73262	0.01535	0.01983	0.01983	0.01471	0.02111	0.01215	0.01599	0.01023	0.00576	0.00640	0.00192	0.00768	0.00576	0.00320	0.01023
8	0.01220	0.01148	0.01938	0.75739	0.04450	0.01436	0.01794	0.01651	0.01292	0.01651	0.01148	0.01723	0.00861	0.00646	0.00646	0.00215	0.00861	0.00574	0.00287	0.00718
9	0.01662	0.01537	0.01473	0.01329	0.01686	0.09044	0.01029	0.03265	0.62618	0.02557	0.02590	0.02407	0.04163	0.00880	0.00653	0.00214	0.00572	0.00719	0.00622	0.00979
10	0.01777	0.01926	0.02228	0.04928	0.39353	0.22905	0.01643	0.02068	0.01530	0.01898	0.03972	0.01583	0.01145	0.00698	0.00799	0.00196	0.09582	0.00552	0.00334	0.00882
11	0.01342	0.01273	0.02158	0.52644	0.26592	0.01468	0.01855	0.01758	0.01350	0.01799	0.01170	0.01683	0.00914	0.00623	0.00644	0.00208	0.00831	0.00575	0.00298	0.00816
12	0.00944	0.00691	0.00889	0.00834	0.00996	0.00652	0.00627	0.01313	0.04802	0.02596	0.69947	0.04724	0.05922	0.01302	0.00758	0.00204	0.00314	0.01150	0.00709	0.00627
13	0.01576	0.01514	0.02591	0.14545	0.42939	0.01566	0.12745	0.05818	0.06227	0.02180	0.01332	0.01692	0.01059	0.00613	0.00662	0.00202	0.00813	0.00616	0.00356	0.00956
14	0.00898	0.00660	0.00841	0.00796	0.00955	0.00603	0.00597	0.01188	0.01791	0.02500	0.65754	0.04977	0.13320	0.01355	0.00762	0.00205	0.00307	0.01190	0.00699	0.00603
15	0.01525	0.01743	0.03813	0.02723	0.03377	0.01634	0.70915	0.02070	0.01525	0.02070	0.01307	0.01743	0.00980	0.00545	0.00763	0.00218	0.01089	0.00763	0.00327	0.00871
16	0.00826	0.00605	0.00778	0.00859	0.00951	0.00557	0.00605	0.01001	0.01426	0.01914	0.21887	0.47682	0.12636	0.01789	0.00804	0.00243	0.00359	0.03898	0.00629	0.00552
17	0.00787	0.00562	0.00750	0.00900	0.00937	0.00525	0.00600	0.00900	0.01237	0.01649	0.03561	0.76871	0.04274	0.02024	0.00825	0.00262	0.00375	0.01837	0.00600	0.00525
18	0.01552	0.01413	0.02452	0.25017	0.43430	0.01481	0.07291	0.01955	0.01443	0.05883	0.01276	0.01680	0.01003	0.00606	0.00652	0.00201	0.00809	0.00594	0.00337	0.00925
19	0.01781	0.71815	0.03264	0.01150	0.01685	0.08229	0.01117	0.01986	0.01354	0.01525	0.00906	0.01047	0.00829	0.00562	0.00428	0.00140	0.00728	0.00351	0.00281	0.00823
20	0.00940	0.00626	0.00705	0.00705	0.00705	0.00626	0.00392	0.00940	0.00940	0.01253	0.02036	0.04228	0.02349	0.77292	0.03289	0.00626	0.00626	0.00940	0.00392	0.00392
21	0.01336	0.01321	0.07049	0.01027	0.01631	0.00912	0.00893	0.01660	0.01342	0.02101	0.01149	0.01342	0.00946	0.00489	0.00489	0.00104	0.00516	0.00390	0.00374	0.74929
22	0.01373	0.03337	0.02113	0.31528	0.11764	0.07403	0.11761	0.01755	0.01450	0.01845	0.04510	0.02757	0.03167	0.00852	0.00698	0.00219	0.00828	0.11510	0.00373	0.00756
23	0.00920	0.00618	0.00711	0.00730	0.00735	0.00613	0.00419	0.00934	0.00979	0.01305	0.02236	0.13747	0.02601	0.67430	0.02966	0.00579	0.00593	0.01057	0.00419	0.00409
24	0.01639	0.01831	0.03151	0.05124	0.05791	0.11168	0.47274	0.04856	0.01575	0.02030	0.01318	0.04198	0.01068	0.00659	0.00806	0.00214	0.05389	0.00721	0.00346	0.00844
25	0.00801	0.00568	0.00746	0.00881	0.00915	0.00534	0.00580	0.00903	0.01209	0.01612	0.03418	0.70072	0.04093	0.09068	0.01055	0.00296	0.00398	0.01753	0.00580	0.00512
26	0.01004	0.00758	0.01027	0.02961	0.01155	0.00858	0.00744	0.03393	0.01122	0.01565	0.04124	0.03124	0.04900	0.24449	0.41096	0.00773	0.05218	0.00791	0.00386	0.00552
27	0.01541	0.01507	0.06847	0.20867	0.44430	0.01458	0.01856	0.01990	0.03385	0.05752	0.01366	0.01828	0.01103	0.00649	0.00648	0.00203	0.00779	0.02503	0.00351	0.00937
28	0.81856	0.01250	0.00950	0.00850	0.01250	0.01449	0.00700	0.01899	0.01100	0.02899	0.00900	0.01050	0.00700	0.00600	0.00400	0.00200	0.00500	0.00350	0.00400	0.00700
29	0.01449	0.02274	0.27098	0.02431	0.03184	0.01590	0.48162	0.02062	0.01472	0.02062	0.01258	0.01617	0.00927	0.00568	0.00713	0.00213	0.01045	0.00668	0.00309	0.00899
30	0.00914	0.00660	0.00864	0.00813	0.00965	0.00610	0.00610	0.01219	0.01829	0.02591	0.72921	0.04827	0.06097	0.01321	0.00762	0.00203	0.00305	0.01169	0.00711	0.00610
31	0.01736	0.01083	0.01314	0.01213	0.04056	0.01108	0.00906	0.02588	0.28560	0.22187	0.15633	0.09043	0.05647	0.01051	0.00692	0.00213	0.00475	0.00899	0.00687	0.00908
32	0.01856	0.07336	0.07429	0.04357	0.20427	0.19484	0.13971	0.10044	0.03340	0.02142	0.01214	0.01477	0.00964	0.00637	0.00666	0.00191	0.02647	0.00552	0.00361	0.00905
33	0.00975	0.00674	0.00883	0.00823	0.00986	0.00620	0.00620	0.01278	0.01830	0.04743	0.70792	0.04747	0.05961	0.01305	0.00759	0.00203	0.00312	0.01153	0.00714	0.00624
34	0.01732	0.01539	0.02358	0.07214	0.51069	0.01592	0.01748	0.16999	0.01803	0.02499	0.01498	0.01780	0.03906	0.00666	0.00646	0.00195	0.00743	0.00608	0.00400	0.01004
35	0.01340	0.01148	0.01340	0.00957	0.01531	0.00861	0.00766	0.01627	0.01340	0.02105	0.01148	0.01340	0.00957	0.00479	0.00479	0.00096	0.00479	0.00383	0.00383	0.81242
36	0.02480	0.01771	0.01915	0.01468	0.01984	0.01946	0.01213	0.67394	0.02973	0.07877	0.01606	0.01587	0.01126	0.00777	0.00647	0.00194	0.00702	0.00585	0.00655	0.01099
37	0.00827	0.00583	0.00754	0.00869	0.00907	0.00553	0.00574	0.00932	0.01214	0.01623	0.06083	0.58892	0.03983	0.15655	0.01271	0.00327	0.00424	0.03457	0.00566	0.00506
38	0.01041	0.00744	0.01041	0.01190	0.01339	0.00744	0.01041	0.01339	0.01487	0.01934	0.03421	0.07288	0.03719	0.01785	0.00892	0.00297	0.00595	0.68913	0.00595	0.00595
39	0.01145	0.01054	0.01704	0.60839	0.03760	0.01268	0.01561	0.01532	0.01338	0.01700	0.03862	0.02623	0.10602	0.00841	0.00675	0.00219	0.00765	0.03473	0.00352	0.00687
40	0.02414	0.03079	0.01831	0.01665	0.01998	0.74698	0.01248	0.02580	0.01831	0.01581	0.00999	0.01165	0.00832	0.00666	0.00583	0.00166	0.01165	0.00416	0.00333	0.00749
41	0.00987	0.00763	0.01127	0.01076	0.01211	0.00860	0.03564	0.01286	0.04927	0.01555	0.01804	0.02727	0.01708	0.14220	0.58102	0.00905	0.01490	0.00731	0.00368	0.00588
42	0.00787	0.00562	0.00750	0.00900	0.00937	0.00525	0.00600	0.00900	0.01237	0.01649	0.03561	0.76871	0.04274	0.02024	0.00825	0.00262	0.00375	0.01837	0.00600	0.00525
43	0.01394	0.01384	0.01941	0.01670	0.01674	0.01931	0.01389	0.01539	0.00992	0.01553	0.00884	0.01459	0.00879	0.01282	0.05073	0.00313	0.73085	0.00571	0.00285	0.00702
44	0.01875	0.04161	0.01766	0.16077	0.02317	0.37924	0.01259	0.05360	0.01605	0.01735	0.01128	0.01456	0.00939	0.01077	0.07289	0.02398	0.03398	0.00484	0.00340	0.07412
45	0.16674	0.01539	0.08681	0.01214	0.03122	0.13775	0.00976	0.01620	0.01197	0.01781	0.01398	0.02294	0.01370	0.24167	0.11405	0.00441	0.06737	0.00619	0.00355	0.00634
46	0.02414	0.03079	0.01831	0.01665	0.01998	0.74698	0.01248	0.02580	0.01831	0.01581	0.00999	0.01165	0.00832	0.00666	0.00583	0.00166	0.01165	0.00416	0.00333	0.00749
47	0.79145	0.01312	0.00980	0.00878	0.01275	0.03949	0.00718	0.01923	0.01125	0.02854	0.00903	0.01054	0.00704	0.00602	0.00406	0.00199	0.00523	0.00352	0.00398	0.00701
48	0.02899	0.01100	0.01499	0.01150	0.01649	0.00950	0.00950	0.03149	0.01849	0.73709	0.02549	0.02199	0.01599	0.00800	0.00650	0.00200	0.00550	0.00650	0.00800	0.01100
49	0.01318	0.01248	0.02115	0.57230	0.22195	0.01461	0.01843	0.01737	0.01338	0.01770	0.01166	0.01691	0.00903	0.00628	0.00644	0.00209	0.00837	0.00575	0.00296	0.00797
50	0.00923	0.00692	0.01038	0.01038	0.01154	0.00808	0.00808	0.01154	0.01038	0.01500	0.01731	0.02538	0.01615	0.04846	0.74732	0.01038	0.01731	0.00692	0.00346	0.00577
51	0.00783	0.00655	0.00682	0.00675	0.00885	0.00554	0.00506	0.00966	0.01519	0.01856	0.15255	0.06036	0.64220	0.01595	0.00763	0.00216	0.00324	0.01338	0.00615	0.00554
52	0.00885	0.00660	0.00904	0.01065	0.02964	0.00651	0.00757	0.01046	0.01293	0.01721	0.03443	0.55697	0.05605	0.01893	0.00880	0.00268	0.03191	0.15939	0.00580	0.00560
53	0.01817	0.09765	0.05960	0.02501	0.30565	0.06402	0.07070	0.13915	0.01716	0.05678	0.01286	0.01560	0.01025	0.00755	0.00771	0.06558	0.00784	0.00554	0.00390	0.00928
54	0.01616	0.42137	0.31073	0.01435	0.02135	0.05170	0.01622	0.04819	0.01425	0.01834	0.01032	0.01192	0.00836	0.00591	0.00510	0.00168	0.00816	0.00410	0.00292	0.00886

[dist]
# distance from previous block
# <min> <max>
0	1

[block]
# block no. 2 follows, 34 sequences, length 25
# corresponding to MSA columns:
# 63-87
name=unknown_C
#
# <colnr> <probs for GDERKNQSTAVLIFYWHMCP>
#	G	D	E	R	K	N	Q	S	T	A	V	L	I	F	Y	W	H	M	C	P
0	0.08073	0.08016	0.06462	0.03382	0.09535	0.01775	0.01304	0.24470	0.14968	0.07056	0.01578	0.01653	0.01185	0.00758	0.00727	0.00203	0.06801	0.00567	0.00511	0.00974
1	0.01710	0.71017	0.03423	0.01248	0.01809	0.02476	0.07232	0.01947	0.01331	0.01568	0.00934	0.01098	0.00842	0.00552	0.00445	0.00145	0.00726	0.00382	0.00281	0.00833
2	0.00794	0.00656	0.00697	0.00687	0.00891	0.00558	0.00515	0.00986	0.01545	0.01916	0.19946	0.05937	0.59492	0.01573	0.00763	0.00215	0.00323	0.01324	0.00622	0.00558
3	0.01853	0.58941	0.03001	0.04119	0.01838	0.17764	0.01163	0.02060	0.01422	0.01538	0.00929	0.01090	0.00831	0.00580	0.00459	0.00147	0.00798	0.00369	0.00289	0.00808
4	0.01560	0.01517	0.04485	0.01671	0.02124	0.06157	0.21679	0.07517	0.15062	0.04480	0.07741	0.06793	0.01980	0.00872	0.00698	0.00207	0.00734	0.05444	0.00499	0.08781
5	0.10134	0.01786	0.18368	0.01495	0.01994	0.06398	0.12411	0.03836	0.06066	0.07814	0.04457	0.12109	0.08485	0.00948	0.00666	0.00213	0.00718	0.00825	0.00465	0.00812
6	0.00787	0.00562	0.00750	0.00900	0.00937	0.00525	0.00600	0.00900	0.01237	0.01649	0.03561	0.76871	0.04274	0.02024	0.00825	0.00262	0.00375	0.01837	0.00600	0.00525
7	0.01062	0.00925	0.05024	0.01229	0.01437	0.00781	0.11224	0.01285	0.01330	0.05708	0.05204	0.48484	0.03379	0.06263	0.00947	0.00271	0.00542	0.03735	0.00544	0.00627
8	0.01912	0.04448	0.09241	0.06273	0.21629	0.05197	0.08632	0.07888	0.03806	0.18306	0.01675	0.05276	0.01292	0.00728	0.00651	0.00200	0.00762	0.00650	0.00471	0.00963
9	0.03677	0.01773	0.13813	0.09938	0.12848	0.04122	0.13549	0.13583	0.01686	0.05696	0.01520	0.07038	0.01261	0.01007	0.05365	0.00260	0.00884	0.00683	0.00412	0.00888
10	0.01931	0.01256	0.01477	0.01228	0.01544	0.03225	0.00976	0.25378	0.01893	0.17548	0.01808	0.02245	0.01463	0.11651	0.18274	0.00452	0.05588	0.00663	0.00545	0.00853
11	0.01527	0.01467	0.07497	0.06953	0.16627	0.01322	0.19895	0.05697	0.04129	0.08031	0.08014	0.07620	0.01840	0.05425	0.00857	0.00235	0.00764	0.00797	0.00445	0.00857
12	0.01799	0.06180	0.16904	0.04199	0.15951	0.01365	0.07398	0.05477	0.03008	0.19612	0.07274	0.02121	0.04306	0.00750	0.00649	0.00199	0.00719	0.00655	0.00487	0.00948
13	0.01433	0.01357	0.04533	0.32128	0.08123	0.03689	0.07616	0.07755	0.05495	0.04213	0.05093	0.08237	0.03903	0.00851	0.00715	0.00215	0.02675	0.00753	0.00417	0.00797
14	0.01572	0.09306	0.24128	0.09945	0.07308	0.01458	0.10065	0.04231	0.03185	0.10988	0.01740	0.05811	0.03390	0.00780	0.00650	0.00206	0.00792	0.03145	0.00410	0.00888
15	0.01734	0.01535	0.10979	0.05141	0.06740	0.03253	0.09424	0.04697	0.14767	0.17617	0.06304	0.08542	0.01909	0.03458	0.00768	0.00225	0.00682	0.00781	0.00541	0.00905
16	0.01509	0.08532	0.12597	0.04084	0.10995	0.01367	0.04589	0.12862	0.04049	0.05932	0.03836	0.20251	0.04571	0.01045	0.00676	0.00211	0.00655	0.00910	0.00485	0.00845
17	0.01305	0.00963	0.01369	0.22752	0.04552	0.01041	0.01127	0.07032	0.03751	0.07636	0.06632	0.21850	0.04412	0.03471	0.00809	0.00245	0.00602	0.09218	0.00521	0.00714
18	0.01638	0.01810	0.14276	0.09047	0.17077	0.06313	0.10831	0.07545	0.05824	0.07744	0.05176	0.04416	0.03859	0.00761	0.00667	0.00204	0.00791	0.00685	0.00431	0.00904
19	0.01748	0.01792	0.17120	0.04022	0.19890	0.01421	0.07079	0.09650	0.08190	0.13151	0.01777	0.05911	0.01420	0.00784	0.00666	0.00208	0.00745	0.02982	0.00473	0.00968
20	0.01639	0.08510	0.13149	0.03932	0.07036	0.03675	0.07876	0.09166	0.04058	0.11637	0.07272	0.09285	0.06362	0.00929	0.00668	0.00205	0.00690	0.02550	0.00497	0.00863
21	0.01600	0.03947	0.06699	0.11945	0.11771	0.03225	0.08562	0.06023	0.05246	0.10805	0.12843	0.04464	0.01986	0.00814	0.00709	0.00201	0.03066	0.00716	0.00478	0.04901
22	0.01810	0.01484	0.07077	0.07466	0.12121	0.04876	0.12644	0.04530	0.03840	0.20168	0.04034	0.10703	0.01691	0.00845	0.00678	0.00206	0.00724	0.00774	0.00506	0.03822
23	0.01752	0.04068	0.07811	0.01999	0.18415	0.01373	0.07114	0.11974	0.07324	0.13137	0.03651	0.12435	0.01751	0.00882	0.00668	0.00204	0.00670	0.00787	0.00512	0.03473
24	0.01925	0.03399	0.07595	0.04324	0.11228	0.06347	0.01218	0.06261	0.07664	0.23950	0.02101	0.13746	0.01757	0.00918	0.00655	0.00202	0.00645	0.00778	0.00556	0.04730

[dist]
# distance from previous block
# <min> <max>
12	34

[block]
# block no. 3 follows, 34 sequences, length 28
# corresponding to MSA columns:
# 123-150
name=unknown_D
#
# <colnr> <probs for GDERKNQSTAVLIFYWHMCP>
#	G	D	E	R	K	N	Q	S	T	A	V	L	I	F	Y	W	H	M	C	P
0	0.01577	0.06790	0.15651	0.03983	0.19824	0.05793	0.03152	0.09493	0.11569	0.02260	0.01798	0.07553	0.04215	0.00803	0.00638	0.00199	0.00734	0.00683	0.00425	0.02861
1	0.07151	0.01863	0.19964	0.04404	0.26491	0.01415	0.05646	0.07021	0.01588	0.08553	0.06384	0.01913	0.03352	0.00702	0.00637	0.00200	0.00750	0.00616	0.00413	0.00937
2	0.06833	0.04137	0.23768	0.05210	0.13946	0.04704	0.11030	0.03745	0.01494	0.04367	0.06689	0.01723	0.01315	0.00652	0.00620	0.00191	0.00801	0.00574	0.00368	0.07834
3	0.01508	0.08739	0.13342	0.01790	0.13090	0.06402	0.05860	0.03993	0.03506	0.05462	0.09348	0.05844	0.01991	0.00876	0.00654	0.00197	0.00707	0.08054	0.00442	0.08195
4	0.01594	0.03846	0.16456	0.03629	0.18463	0.02648	0.09099	0.03243	0.01494	0.11425	0.03119	0.07858	0.03131	0.00815	0.00718	0.00204	0.03749	0.02347	0.00424	0.05740
5	0.04476	0.01956	0.24964	0.01979	0.17728	0.01355	0.01619	0.05109	0.08852	0.08172	0.04310	0.01960	0.01392	0.00714	0.00622	0.00194	0.00713	0.03318	0.00430	0.10138
6	0.05296	0.01508	0.05957	0.04350	0.29022	0.01376	0.10418	0.05130	0.01543	0.10801	0.03217	0.01693	0.01177	0.00632	0.00665	0.00186	0.02806	0.00579	0.00412	0.13233
7	0.01523	0.02151	0.29066	0.05341	0.15370	0.01467	0.04733	0.12156	0.04473	0.02385	0.03741	0.01716	0.02583	0.00668	0.00625	0.00190	0.00781	0.00567	0.00388	0.10074
8	0.01596	0.01603	0.12543	0.05116	0.31141	0.01343	0.03017	0.08039	0.03503	0.08676	0.09725	0.07322	0.01877	0.00816	0.00668	0.00203	0.00694	0.00733	0.00457	0.00930
9	0.01485	0.04152	0.11974	0.05338	0.27480	0.01413	0.07888	0.04956	0.01458	0.02107	0.01216	0.01540	0.00988	0.00764	0.03831	0.00212	0.02674	0.00532	0.00341	0.19651
10	0.01604	0.01590	0.06171	0.09007	0.41408	0.03568	0.01675	0.09833	0.04812	0.02305	0.03846	0.01886	0.03989	0.00683	0.00639	0.00192	0.00732	0.00613	0.00394	0.05054
11	0.24994	0.01432	0.01748	0.01821	0.17094	0.01557	0.04154	0.17702	0.06682	0.02769	0.01459	0.01643	0.03081	0.00867	0.03588	0.00232	0.03694	0.00549	0.00452	0.04483
12	0.13680	0.00925	0.04023	0.00889	0.01153	0.00824	0.00711	0.01531	0.03720	0.11113	0.15265	0.15849	0.20686	0.05775	0.00842	0.00241	0.00436	0.01078	0.00588	0.00670
13	0.00863	0.00651	0.00852	0.01000	0.04014	0.00633	0.00642	0.00976	0.01220	0.01617	0.03473	0.52396	0.11344	0.13289	0.01225	0.00310	0.02861	0.01554	0.00546	0.00534
14	0.08557	0.25697	0.11715	0.01569	0.07286	0.16046	0.01342	0.10953	0.07311	0.02178	0.01198	0.01323	0.00958	0.00642	0.00538	0.00175	0.00795	0.00455	0.00378	0.00884
15	0.01918	0.01707	0.03989	0.09709	0.14272	0.05666	0.06501	0.30423	0.06659	0.02872	0.01424	0.01600	0.01073	0.00679	0.00634	0.00188	0.00760	0.00571	0.00478	0.08876
16	0.21437	0.25545	0.11787	0.11926	0.02147	0.05019	0.01277	0.07004	0.01415	0.02167	0.01033	0.01240	0.00826	0.00604	0.00498	0.00177	0.00716	0.00419	0.00342	0.04422
17	0.00839	0.00679	0.00765	0.00744	0.00949	0.00588	0.00556	0.01039	0.01504	0.01932	0.20179	0.11447	0.45350	0.01671	0.03938	0.00247	0.00396	0.01275	0.00600	0.05305
18	0.08385	0.01410	0.01456	0.01290	0.01670	0.01625	0.01012	0.08672	0.60682	0.02828	0.02400	0.02229	0.01797	0.00845	0.00635	0.00216	0.00526	0.00687	0.00635	0.01002
19	0.00873	0.00689	0.00795	0.00816	0.00978	0.00640	0.00593	0.01189	0.07266	0.01982	0.19989	0.26533	0.32055	0.01619	0.00773	0.00228	0.00352	0.01409	0.00629	0.00593
20	0.01612	0.05622	0.31017	0.02683	0.33321	0.06148	0.01999	0.02112	0.01467	0.06237	0.01244	0.01489	0.00955	0.00609	0.00617	0.00194	0.00851	0.00521	0.00328	0.00975
21	0.01755	0.50340	0.09634	0.01474	0.07182	0.11372	0.01304	0.02133	0.06286	0.01703	0.01079	0.01221	0.00922	0.00597	0.00488	0.00158	0.00769	0.00411	0.00313	0.00859
22	0.00975	0.00677	0.00863	0.00806	0.00981	0.00615	0.00608	0.01260	0.01785	0.05325	0.61768	0.04897	0.14326	0.01340	0.00758	0.00205	0.00317	0.01172	0.00701	0.00621
23	0.01525	0.01418	0.02358	0.09969	0.56203	0.01464	0.01805	0.04651	0.01470	0.02081	0.01280	0.01713	0.01078	0.01065	0.08880	0.00288	0.00881	0.00589	0.00333	0.00949
24	0.00764	0.00655	0.00655	0.00655	0.00873	0.00545	0.00491	0.00927	0.01473	0.01745	0.06546	0.06218	0.73000	0.01636	0.00764	0.00218	0.00327	0.01364	0.00600	0.00545
25	0.01340	0.01148	0.01340	0.00957	0.01531	0.00861	0.00766	0.01627	0.01340	0.02105	0.01148	0.01340	0.00957	0.00479	0.00479	0.00096	0.00479	0.00383	0.00383	0.81242
26	0.81856	0.01250	0.00950	0.00850	0.01250	0.01449	0.00700	0.01899	0.01100	0.02899	0.00900	0.01050	0.00700	0.00600	0.00400	0.00200	0.00500	0.00350	0.00400	0.00700
27	0.00787	0.00562	0.00750	0.00900	0.00937	0.00525	0.00600	0.00900	0.01237	0.01649	0.03561	0.76871	0.04274	0.02024	0.00825	0.00262	0.00375	0.01837	0.00600	0.00525

[dist]
# distance from previous block
# <min> <max>
0	2

# created by:
# /home/berkeley/.conda/envs/busco_data_prod/bin/msa2prfl.pl pipeline/OGs_align_augustus/4893/34275.fs
