[name]
unknown

[dist]
# distance from previous block
# <min> <max>
0	55

[block]
# block no. 0 follows, 34 sequences, length 14
# corresponding to MSA columns:
# 55-68
name=unknown_A
#
# <colnr> <probs for GDERKNQSTAVLIFYWHMCP>
#	G	D	E	R	K	N	Q	S	T	A	V	L	I	F	Y	W	H	M	C	P
0	0.01311	0.01121	0.01574	0.07128	0.08045	0.01028	0.06647	0.03949	0.03815	0.02138	0.06053	0.02700	0.04847	0.03030	0.00697	0.00183	0.00583	0.08325	0.04598	0.32229
1	0.00836	0.00598	0.00801	0.00900	0.00948	0.00596	0.00612	0.00957	0.01155	0.01563	0.02975	0.51547	0.03464	0.13331	0.16050	0.00471	0.00684	0.01479	0.00519	0.00516
2	0.00914	0.00656	0.00824	0.00782	0.00942	0.00602	0.00587	0.01203	0.01760	0.02484	0.61131	0.04842	0.13487	0.01323	0.00744	0.00202	0.00307	0.01157	0.05450	0.00602
3	0.01727	0.77681	0.03386	0.01106	0.01658	0.02557	0.01106	0.01935	0.01313	0.01520	0.00898	0.01036	0.00829	0.00553	0.00415	0.00138	0.00691	0.00345	0.00276	0.00829
4	0.02813	0.01238	0.01585	0.01215	0.01719	0.01155	0.01004	0.16401	0.02081	0.60129	0.02355	0.02073	0.01502	0.00795	0.00649	0.00199	0.00581	0.00637	0.00770	0.01099
5	0.01414	0.01414	0.01979	0.01696	0.01696	0.01979	0.01414	0.01555	0.00990	0.01555	0.00848	0.01414	0.00848	0.01131	0.02120	0.00283	0.76110	0.00565	0.00283	0.00707
6	0.01204	0.00602	0.00602	0.00602	0.00753	0.00602	0.00452	0.01506	0.01355	0.02409	0.02108	0.02409	0.01656	0.00753	0.00452	0.00151	0.00301	0.00602	0.80879	0.00602
7	0.01414	0.01414	0.01979	0.01696	0.01696	0.01979	0.01414	0.01555	0.00990	0.01555	0.00848	0.01414	0.00848	0.01131	0.02120	0.00283	0.76110	0.00565	0.00283	0.00707
8	0.00888	0.00633	0.00809	0.00811	0.00932	0.00590	0.00584	0.01065	0.01498	0.02039	0.36570	0.17113	0.16151	0.05012	0.04731	0.07773	0.00429	0.01227	0.00602	0.00543
9	0.11688	0.05785	0.05220	0.07333	0.01906	0.01578	0.01121	0.25790	0.12613	0.06005	0.04746	0.02252	0.06211	0.02585	0.00681	0.00212	0.00625	0.02200	0.00548	0.00901
10	0.12856	0.01379	0.01435	0.01373	0.05156	0.03946	0.01023	0.06789	0.44515	0.02616	0.02149	0.02269	0.01686	0.01046	0.03649	0.02729	0.00609	0.03292	0.00567	0.00916
11	0.06356	0.17832	0.02296	0.08426	0.07326	0.06351	0.08769	0.13722	0.05528	0.02322	0.06244	0.01834	0.01406	0.00733	0.00659	0.00190	0.03750	0.02309	0.00422	0.03525
12	0.08326	0.09467	0.04391	0.06703	0.04777	0.01323	0.01033	0.06156	0.08941	0.07764	0.05642	0.02301	0.07150	0.00811	0.00632	0.00183	0.03073	0.02255	0.06160	0.12912
13	0.06427	0.17761	0.09542	0.04106	0.09046	0.03489	0.08719	0.10256	0.05990	0.05333	0.01560	0.05385	0.03001	0.00851	0.02378	0.00215	0.04035	0.00618	0.00412	0.00875

[dist]
# distance from previous block
# <min> <max>
0	18

[block]
# block no. 1 follows, 34 sequences, length 23
# corresponding to MSA columns:
# 88-110
name=unknown_B
#
# <colnr> <probs for GDERKNQSTAVLIFYWHMCP>
#	G	D	E	R	K	N	Q	S	T	A	V	L	I	F	Y	W	H	M	C	P
0	0.16554	0.07455	0.10156	0.01162	0.01533	0.10149	0.02915	0.03106	0.01465	0.06101	0.12193	0.12426	0.05681	0.03714	0.02500	0.00237	0.00655	0.00804	0.00472	0.00724
1	0.18238	0.11616	0.03507	0.03689	0.03766	0.03314	0.04505	0.04493	0.02989	0.05273	0.05146	0.05189	0.03895	0.03096	0.03864	0.00225	0.00648	0.00600	0.00427	0.15518
2	0.06705	0.08806	0.10684	0.03413	0.01856	0.21030	0.01218	0.10280	0.01669	0.09570	0.01535	0.08233	0.01328	0.03271	0.02623	0.00228	0.03737	0.00621	0.02378	0.00816
3	0.11002	0.11414	0.05531	0.09053	0.05454	0.01532	0.04244	0.10075	0.11667	0.06600	0.11900	0.03886	0.01919	0.00816	0.00641	0.00200	0.02053	0.00665	0.00495	0.00853
4	0.20907	0.15776	0.08917	0.01217	0.04417	0.08298	0.01055	0.01863	0.01349	0.02138	0.03317	0.01452	0.03051	0.00614	0.00494	0.00157	0.00637	0.00439	0.00365	0.23538
5	0.01205	0.00967	0.01094	0.01009	0.01232	0.01031	0.00773	0.06227	0.21006	0.02295	0.19462	0.04158	0.17686	0.10434	0.01100	0.00270	0.03826	0.04900	0.00605	0.00718
6	0.01348	0.01326	0.08181	0.11096	0.07832	0.01164	0.11346	0.04488	0.06952	0.06033	0.09587	0.14582	0.06485	0.00999	0.00699	0.00211	0.00653	0.00914	0.00485	0.05620
7	0.01235	0.01138	0.01883	0.53101	0.07085	0.01302	0.05275	0.01635	0.01341	0.01801	0.04418	0.04750	0.01270	0.00709	0.00643	0.00203	0.00774	0.00643	0.02919	0.07876
8	0.03997	0.00656	0.00705	0.00680	0.00852	0.00654	0.00517	0.01527	0.01424	0.05197	0.12604	0.02719	0.02280	0.00992	0.03379	0.00196	0.00374	0.00683	0.59938	0.00625
9	0.00849	0.00635	0.00788	0.00798	0.00937	0.00574	0.00580	0.01074	0.01603	0.02167	0.40747	0.22733	0.21015	0.01565	0.00778	0.00221	0.00327	0.01376	0.00659	0.00574
10	0.01160	0.00834	0.01112	0.01197	0.01379	0.00849	0.01036	0.07529	0.01643	0.02157	0.06806	0.06653	0.03607	0.01672	0.00864	0.00283	0.00590	0.59383	0.00605	0.00640
11	0.02356	0.01622	0.01786	0.01398	0.01870	0.01758	0.01142	0.57480	0.02749	0.11432	0.01838	0.08311	0.01435	0.00889	0.00663	0.00201	0.00664	0.00701	0.00659	0.01048
12	0.01949	0.01887	0.01526	0.01345	0.01692	0.25403	0.01041	0.14179	0.26391	0.02519	0.01834	0.01859	0.01404	0.00771	0.00599	0.00187	0.00725	0.00583	0.13227	0.00880
13	0.07128	0.02887	0.01740	0.01583	0.01909	0.67792	0.01186	0.02484	0.01757	0.01649	0.01028	0.01262	0.00876	0.03262	0.00663	0.00184	0.01107	0.00430	0.00339	0.00734
14	0.08459	0.01253	0.01743	0.07942	0.02009	0.03145	0.12664	0.06904	0.01563	0.08226	0.08375	0.05699	0.03799	0.00785	0.00660	0.00183	0.02708	0.00685	0.03240	0.19958
15	0.03940	0.11545	0.01526	0.05586	0.01522	0.06186	0.03935	0.01469	0.03222	0.01628	0.01943	0.07461	0.05303	0.09267	0.27530	0.02844	0.01061	0.03020	0.00382	0.00632
16	0.01701	0.68355	0.05751	0.01385	0.08057	0.02430	0.01228	0.01943	0.01329	0.01591	0.00935	0.01098	0.00846	0.00557	0.00441	0.00145	0.00707	0.00370	0.00280	0.00851
17	0.01151	0.00599	0.00866	0.00875	0.00910	0.00588	0.00603	0.00983	0.00971	0.04402	0.01623	0.10262	0.01689	0.05794	0.02204	0.60390	0.00546	0.04816	0.00361	0.00366
18	0.04927	0.08738	0.18170	0.01738	0.09227	0.09855	0.06117	0.06342	0.04010	0.11615	0.01506	0.03825	0.01197	0.00764	0.00673	0.02793	0.00781	0.02298	0.00423	0.05001
19	0.01633	0.01263	0.01619	0.16582	0.11245	0.04536	0.01232	0.11159	0.10044	0.10661	0.06601	0.08744	0.07011	0.00976	0.00685	0.00213	0.00641	0.03776	0.00532	0.00849
20	0.00829	0.00604	0.00781	0.00848	0.00941	0.00556	0.00594	0.01013	0.01463	0.01985	0.27950	0.45738	0.10808	0.01746	0.00798	0.00238	0.00346	0.01564	0.00639	0.00556
21	0.03304	0.01495	0.06308	0.15217	0.31239	0.01437	0.06748	0.08383	0.01625	0.09282	0.03779	0.02055	0.01339	0.00714	0.00662	0.00205	0.00762	0.04097	0.00418	0.00929
22	0.15702	0.01525	0.05827	0.03923	0.21004	0.07256	0.01278	0.07773	0.04106	0.07950	0.10907	0.04885	0.01817	0.00789	0.00614	0.00196	0.00653	0.00653	0.00472	0.02672

[dist]
# distance from previous block
# <min> <max>
1	12

[block]
# block no. 2 follows, 34 sequences, length 19
# corresponding to MSA columns:
# 123-141
name=unknown_C
#
# <colnr> <probs for GDERKNQSTAVLIFYWHMCP>
#	G	D	E	R	K	N	Q	S	T	A	V	L	I	F	Y	W	H	M	C	P
0	0.17394	0.10168	0.03558	0.07066	0.05355	0.15191	0.04990	0.01955	0.01371	0.04139	0.01219	0.01667	0.01042	0.00813	0.02145	0.00212	0.09659	0.03819	0.03218	0.05017
1	0.03539	0.02677	0.01163	0.01072	0.03612	0.02961	0.04049	0.01505	0.07723	0.06060	0.14919	0.12619	0.20908	0.06167	0.01038	0.07247	0.00486	0.01059	0.00551	0.00644
2	0.01273	0.01116	0.03718	0.12684	0.16354	0.03627	0.03322	0.01574	0.01441	0.04523	0.12973	0.05383	0.09016	0.05690	0.03994	0.01797	0.00654	0.00814	0.09328	0.00721
3	0.01267	0.00953	0.01293	0.14145	0.09386	0.03375	0.01006	0.01552	0.01512	0.08838	0.19224	0.08668	0.12572	0.01420	0.07099	0.00278	0.00634	0.00930	0.05143	0.00706
4	0.53422	0.01254	0.01134	0.00959	0.01369	0.01388	0.00787	0.11563	0.01491	0.12896	0.01317	0.01389	0.00957	0.00664	0.00473	0.00195	0.00520	0.00444	0.06976	0.00803
5	0.00920	0.00621	0.00725	0.00755	0.00766	0.00615	0.00450	0.00949	0.01008	0.01342	0.02331	0.15799	0.02706	0.62448	0.02806	0.00556	0.00586	0.03764	0.00432	0.00421
6	0.81856	0.01250	0.00950	0.00850	0.01250	0.01449	0.00700	0.01899	0.01100	0.02899	0.00900	0.01050	0.00700	0.00600	0.00400	0.00200	0.00500	0.00350	0.00400	0.00700
7	0.00869	0.00659	0.00801	0.00765	0.00937	0.00590	0.00574	0.01131	0.01722	0.02337	0.52939	0.05245	0.26237	0.01416	0.00763	0.00208	0.00312	0.01227	0.00678	0.00590
8	0.01422	0.01438	0.02116	0.01773	0.01821	0.01953	0.06588	0.01593	0.01029	0.01593	0.00882	0.01438	0.00858	0.01087	0.02019	0.00278	0.70525	0.00580	0.00286	0.00719
9	0.01340	0.01148	0.01340	0.00957	0.01531	0.00861	0.00766	0.01627	0.01340	0.02105	0.01148	0.01340	0.00957	0.00479	0.00479	0.00096	0.00479	0.00383	0.00383	0.81242
10	0.01107	0.00571	0.00856	0.00856	0.00865	0.00580	0.00580	0.00865	0.00856	0.01150	0.01168	0.02007	0.01159	0.02438	0.07901	0.75233	0.00648	0.00571	0.00285	0.00303
11	0.00956	0.00918	0.07327	0.01089	0.01270	0.00857	0.00920	0.01219	0.01061	0.01533	0.01699	0.02534	0.01589	0.08642	0.64215	0.00943	0.01600	0.00688	0.00342	0.00599
12	0.02283	0.01432	0.01585	0.01244	0.01683	0.01523	0.01018	0.44323	0.02475	0.16639	0.01850	0.01846	0.01305	0.00775	0.00607	0.00186	0.00598	0.00599	0.17032	0.00998
13	0.01414	0.01414	0.01979	0.01696	0.01696	0.01979	0.01414	0.01555	0.00990	0.01555	0.00848	0.01414	0.00848	0.01131	0.02120	0.00283	0.76110	0.00565	0.00283	0.00707
14	0.00891	0.00643	0.00832	0.00948	0.01017	0.00632	0.00657	0.01139	0.07358	0.01725	0.03333	0.62462	0.03864	0.01925	0.00912	0.04911	0.00409	0.05199	0.00586	0.00558
15	0.00933	0.00647	0.00808	0.00803	0.00847	0.00673	0.00522	0.01021	0.01043	0.01435	0.08087	0.03829	0.02477	0.51371	0.22151	0.00700	0.00894	0.00893	0.00407	0.00460
16	0.01574	0.01229	0.01540	0.06826	0.01816	0.01382	0.03527	0.23842	0.13397	0.02613	0.04322	0.02193	0.01593	0.02187	0.26014	0.00489	0.01025	0.00671	0.02922	0.00839
17	0.01011	0.00808	0.03430	0.00877	0.01017	0.02670	0.00647	0.01235	0.03312	0.03800	0.15497	0.30355	0.09994	0.14085	0.01161	0.00291	0.00444	0.01270	0.07518	0.00577
18	0.42608	0.15591	0.03853	0.01340	0.08180	0.04103	0.03186	0.03439	0.01275	0.02384	0.01213	0.04009	0.02853	0.00689	0.00532	0.00192	0.02930	0.00481	0.00376	0.00767

[dist]
# distance from previous block
# <min> <max>
0	6

[block]
# block no. 3 follows, 34 sequences, length 16
# corresponding to MSA columns:
# 148-163
name=unknown_D
#
# <colnr> <probs for GDERKNQSTAVLIFYWHMCP>
#	G	D	E	R	K	N	Q	S	T	A	V	L	I	F	Y	W	H	M	C	P
0	0.01741	0.05631	0.07965	0.07195	0.10395	0.07048	0.05938	0.10242	0.11393	0.07996	0.01623	0.04238	0.01284	0.00760	0.00718	0.00198	0.05566	0.00618	0.05045	0.04403
1	0.01163	0.01072	0.03700	0.06863	0.01589	0.03482	0.03942	0.01521	0.05620	0.02011	0.12793	0.17370	0.08618	0.01147	0.00815	0.00206	0.07912	0.00964	0.08198	0.11011
2	0.09977	0.25744	0.06829	0.03574	0.01822	0.08341	0.01150	0.16990	0.07646	0.04830	0.01349	0.01566	0.01096	0.05650	0.00714	0.00206	0.00716	0.00500	0.00431	0.00869
3	0.01584	0.01513	0.02549	0.03793	0.69129	0.01496	0.01913	0.01962	0.01464	0.02111	0.01212	0.01584	0.01020	0.00570	0.00630	0.00186	0.00751	0.00565	0.00323	0.05645
4	0.01194	0.03874	0.15516	0.23736	0.02414	0.01101	0.01331	0.01560	0.01387	0.05873	0.12140	0.15875	0.04174	0.06001	0.00856	0.00243	0.00661	0.00908	0.00444	0.00713
5	0.05388	0.05020	0.27343	0.01586	0.02228	0.08829	0.04589	0.18497	0.08351	0.07132	0.01445	0.01529	0.01049	0.00683	0.00610	0.00194	0.00812	0.00529	0.00447	0.03740
6	0.01414	0.01414	0.01979	0.01696	0.01696	0.01979	0.01414	0.01555	0.00990	0.01555	0.00848	0.01414	0.00848	0.01131	0.02120	0.00283	0.76110	0.00565	0.00283	0.00707
7	0.00923	0.00692	0.01038	0.01038	0.01154	0.00808	0.00808	0.01154	0.01038	0.01500	0.01731	0.02538	0.01615	0.04846	0.74732	0.01038	0.01731	0.00692	0.00346	0.00577
8	0.01689	0.03957	0.12379	0.20716	0.14298	0.06587	0.08741	0.08128	0.01604	0.09721	0.01461	0.05251	0.01155	0.00713	0.00650	0.00203	0.00829	0.00632	0.00399	0.00887
9	0.05025	0.08198	0.08294	0.09401	0.08436	0.14496	0.04427	0.21047	0.05999	0.06527	0.01380	0.01523	0.01033	0.00684	0.00609	0.00191	0.00818	0.00535	0.00450	0.00928
10	0.00911	0.00657	0.00830	0.00787	0.00946	0.00602	0.00590	0.01201	0.01770	0.02493	0.62727	0.04868	0.13030	0.01330	0.00749	0.00202	0.00307	0.01164	0.04233	0.00602
11	0.00801	0.00579	0.00761	0.00901	0.00957	0.00539	0.00619	0.00928	0.01267	0.01673	0.03747	0.68120	0.08711	0.01985	0.00825	0.00262	0.00385	0.05811	0.00600	0.00530
12	0.01494	0.04494	0.22462	0.04440	0.12140	0.04779	0.25762	0.02099	0.06041	0.02042	0.02830	0.01663	0.01095	0.00648	0.00754	0.00209	0.05193	0.00621	0.00336	0.00898
13	0.10857	0.00854	0.01023	0.00926	0.01139	0.00889	0.00703	0.05833	0.01281	0.10254	0.01676	0.02266	0.01443	0.09611	0.20072	0.13644	0.00826	0.00617	0.11949	0.04136
14	0.01728	0.06174	0.02365	0.10213	0.36073	0.07278	0.04630	0.12007	0.01689	0.02270	0.01219	0.01519	0.00983	0.00607	0.00613	0.00181	0.00781	0.00540	0.00369	0.08762
15	0.08167	0.38985	0.06966	0.03863	0.04194	0.13189	0.01199	0.04396	0.01486	0.06135	0.02718	0.01303	0.01006	0.00619	0.00499	0.00162	0.00750	0.00426	0.00354	0.03584

[dist]
# distance from previous block
# <min> <max>
6	18

[block]
# block no. 4 follows, 34 sequences, length 16
# corresponding to MSA columns:
# 183-198
name=unknown_E
#
# <colnr> <probs for GDERKNQSTAVLIFYWHMCP>
#	G	D	E	R	K	N	Q	S	T	A	V	L	I	F	Y	W	H	M	C	P
0	0.01422	0.01411	0.07729	0.11694	0.06709	0.01308	0.17246	0.06075	0.05494	0.06145	0.14391	0.04755	0.06833	0.00896	0.00784	0.00215	0.04790	0.00816	0.00472	0.00815
1	0.00797	0.00567	0.00747	0.00887	0.00922	0.00532	0.00586	0.00902	0.01217	0.01623	0.03460	0.72033	0.04145	0.07037	0.00989	0.00287	0.00392	0.01777	0.00586	0.00516
2	0.01340	0.01148	0.01340	0.00957	0.01531	0.00861	0.00766	0.01627	0.01340	0.02105	0.01148	0.01340	0.00957	0.00479	0.00479	0.00096	0.00479	0.00383	0.00383	0.81242
3	0.01599	0.35363	0.21946	0.01433	0.02061	0.01920	0.05695	0.02045	0.04240	0.05265	0.01163	0.01327	0.00931	0.00619	0.00610	0.00171	0.04914	0.00452	0.00329	0.07917
4	0.01340	0.01148	0.01340	0.00957	0.01531	0.00861	0.00766	0.01627	0.01340	0.02105	0.01148	0.01340	0.00957	0.00479	0.00479	0.00096	0.00479	0.00383	0.00383	0.81242
5	0.01088	0.00757	0.00907	0.00917	0.03227	0.00691	0.00657	0.01391	0.05867	0.09107	0.19519	0.16376	0.34121	0.01469	0.00751	0.00219	0.00377	0.01264	0.00639	0.00655
6	0.01755	0.15289	0.01856	0.01304	0.03501	0.19165	0.01024	0.08937	0.01612	0.04197	0.04484	0.03188	0.01350	0.04204	0.07520	0.00258	0.02944	0.00538	0.00403	0.16471
7	0.00798	0.00586	0.00751	0.00869	0.00941	0.00539	0.00598	0.00933	0.01310	0.01723	0.07799	0.61114	0.13921	0.01925	0.00815	0.00254	0.00371	0.03616	0.00606	0.00534
8	0.01408	0.08323	0.33521	0.05910	0.02376	0.05932	0.06301	0.04320	0.02931	0.02001	0.03495	0.05024	0.01243	0.00941	0.04736	0.00240	0.02648	0.00586	0.00344	0.07721
9	0.07537	0.12176	0.20452	0.06426	0.03733	0.01511	0.09085	0.07824	0.03520	0.06590	0.05910	0.09272	0.01611	0.00816	0.00626	0.00202	0.00734	0.00695	0.00425	0.00854
10	0.00998	0.00798	0.01183	0.01218	0.04404	0.00938	0.00901	0.01223	0.01112	0.01609	0.06072	0.06841	0.01935	0.03875	0.54768	0.00823	0.09548	0.00769	0.00375	0.00610
11	0.00779	0.00650	0.00681	0.00702	0.00900	0.00553	0.00526	0.00944	0.01451	0.01745	0.06125	0.12850	0.63427	0.01679	0.00775	0.00226	0.00344	0.04498	0.00600	0.00546
12	0.01952	0.16340	0.06670	0.06532	0.04729	0.06582	0.10259	0.17504	0.03601	0.11495	0.01462	0.02892	0.01113	0.00681	0.00605	0.00183	0.00768	0.00565	0.00459	0.05610
13	0.06028	0.15763	0.12604	0.09312	0.05881	0.08291	0.06840	0.05869	0.03183	0.09849	0.01551	0.09236	0.01326	0.00783	0.00608	0.00195	0.00765	0.00649	0.00415	0.00853
14	0.06547	0.04578	0.27151	0.04506	0.02127	0.11550	0.01529	0.09072	0.01578	0.05989	0.01737	0.01893	0.07560	0.00905	0.02873	0.00226	0.06543	0.00578	0.02211	0.00845
15	0.01060	0.07821	0.01251	0.03621	0.03250	0.00910	0.03867	0.01185	0.01126	0.01496	0.02189	0.13910	0.04514	0.39532	0.05638	0.00458	0.00668	0.02964	0.00412	0.04128

[dist]
# distance from previous block
# <min> <max>
1	12

[block]
# block no. 5 follows, 34 sequences, length 19
# corresponding to MSA columns:
# 211-229
name=unknown_F
#
# <colnr> <probs for GDERKNQSTAVLIFYWHMCP>
#	G	D	E	R	K	N	Q	S	T	A	V	L	I	F	Y	W	H	M	C	P
0	0.08476	0.01384	0.03884	0.13855	0.10687	0.06091	0.12656	0.04627	0.06545	0.02054	0.01811	0.16277	0.01730	0.01000	0.00750	0.03212	0.00734	0.03036	0.00421	0.00766
1	0.01066	0.00743	0.00902	0.00811	0.01035	0.00649	0.00603	0.01282	0.01514	0.04778	0.30597	0.07863	0.14193	0.05805	0.00944	0.04942	0.00385	0.00989	0.06381	0.14517
2	0.04721	0.22372	0.02482	0.06193	0.09498	0.05223	0.11191	0.11955	0.03251	0.06409	0.07632	0.01890	0.01506	0.00716	0.00603	0.00186	0.00736	0.02128	0.00433	0.00874
3	0.01080	0.00639	0.00741	0.00720	0.00865	0.00610	0.00527	0.01341	0.01508	0.04171	0.28672	0.07147	0.06537	0.07566	0.00844	0.00220	0.00341	0.00934	0.34944	0.00594
4	0.00799	0.00656	0.00704	0.00692	0.00895	0.00561	0.00519	0.00997	0.01557	0.01946	0.22308	0.05888	0.57112	0.01561	0.00763	0.00215	0.00322	0.01317	0.00626	0.00561
5	0.81856	0.01250	0.00950	0.00850	0.01250	0.01449	0.00700	0.01899	0.01100	0.02899	0.00900	0.01050	0.00700	0.00600	0.00400	0.00200	0.00500	0.00350	0.00400	0.00700
6	0.01296	0.03342	0.73944	0.01842	0.02797	0.01501	0.02387	0.02046	0.01364	0.02046	0.01160	0.01364	0.00818	0.00614	0.00614	0.00205	0.00955	0.00477	0.00273	0.00955
7	0.00807	0.00656	0.00715	0.00700	0.00899	0.00564	0.00525	0.01012	0.01576	0.01989	0.25698	0.05817	0.53695	0.01545	0.00763	0.00214	0.00321	0.01307	0.00632	0.00564
8	0.81856	0.01250	0.00950	0.00850	0.01250	0.01449	0.00700	0.01899	0.01100	0.02899	0.00900	0.01050	0.00700	0.00600	0.00400	0.00200	0.00500	0.00350	0.00400	0.00700
9	0.00786	0.00567	0.00745	0.00887	0.00934	0.00526	0.00594	0.00901	0.01249	0.01654	0.03710	0.73356	0.07692	0.02005	0.00822	0.00260	0.00373	0.01813	0.00600	0.00526
10	0.01727	0.77681	0.03386	0.01106	0.01658	0.02557	0.01106	0.01935	0.01313	0.01520	0.00898	0.01036	0.00829	0.00553	0.00415	0.00138	0.00691	0.00345	0.00276	0.00829
11	0.04798	0.01449	0.02423	0.17616	0.57117	0.01513	0.01894	0.01916	0.01422	0.02055	0.01190	0.01600	0.00979	0.00590	0.00631	0.00197	0.00775	0.00566	0.00317	0.00952
12	0.01328	0.00836	0.01043	0.01005	0.01199	0.00814	0.00748	0.11389	0.01686	0.11441	0.14427	0.40659	0.05553	0.01555	0.00767	0.00235	0.00440	0.03526	0.00650	0.00698
13	0.00964	0.00672	0.00813	0.07307	0.01034	0.00698	0.00515	0.01002	0.00971	0.01288	0.01958	0.04008	0.02218	0.70548	0.03056	0.00590	0.00647	0.00907	0.00382	0.00420
14	0.01286	0.01154	0.01840	0.62572	0.03926	0.01416	0.01644	0.05441	0.04387	0.01803	0.01260	0.01789	0.00966	0.00914	0.04218	0.02872	0.00870	0.00586	0.00325	0.00731
15	0.00791	0.00583	0.00741	0.00856	0.00929	0.00533	0.00583	0.00923	0.01309	0.01720	0.08083	0.61509	0.15230	0.01922	0.00811	0.00252	0.00363	0.01723	0.00606	0.00533
16	0.01376	0.01215	0.01541	0.01361	0.09622	0.01036	0.00960	0.01661	0.01324	0.02058	0.01130	0.01376	0.00955	0.00547	0.00641	0.00123	0.07166	0.00421	0.00367	0.65123
17	0.01599	0.04012	0.25257	0.07917	0.05297	0.01367	0.06185	0.11024	0.03543	0.11051	0.01841	0.14636	0.01604	0.00904	0.00668	0.00212	0.00747	0.00782	0.00461	0.00893
18	0.06423	0.10225	0.01947	0.05837	0.02013	0.40232	0.01224	0.09505	0.03643	0.01959	0.01086	0.01281	0.00891	0.00701	0.00699	0.00180	0.07566	0.00452	0.00367	0.03768

[dist]
# distance from previous block
# <min> <max>
0	25

[block]
# block no. 6 follows, 34 sequences, length 51
# corresponding to MSA columns:
# 255-305
name=unknown_G
#
# <colnr> <probs for GDERKNQSTAVLIFYWHMCP>
#	G	D	E	R	K	N	Q	S	T	A	V	L	I	F	Y	W	H	M	C	P
0	0.01020	0.00840	0.00986	0.04114	0.03409	0.05374	0.00764	0.04725	0.01378	0.01785	0.03124	0.62798	0.03652	0.01773	0.00787	0.00249	0.00474	0.01592	0.00564	0.00592
1	0.08164	0.01530	0.01627	0.01346	0.01751	0.01741	0.01087	0.33463	0.27375	0.03211	0.02102	0.02054	0.05108	0.00865	0.00731	0.00210	0.05385	0.00657	0.00606	0.00987
2	0.03948	0.01703	0.05630	0.33022	0.09465	0.14635	0.01565	0.02146	0.12399	0.01895	0.01330	0.01658	0.01036	0.00710	0.00732	0.00209	0.06192	0.00558	0.00358	0.00810
3	0.00987	0.00711	0.00870	0.00831	0.00987	0.00689	0.00614	0.03255	0.04481	0.02242	0.39305	0.07323	0.14309	0.06991	0.05688	0.03784	0.00455	0.01087	0.04796	0.00596
4	0.01442	0.01389	0.02332	0.30555	0.30617	0.01533	0.08199	0.01991	0.08404	0.01968	0.01323	0.01732	0.01045	0.00653	0.00719	0.00210	0.04059	0.00607	0.00340	0.00880
5	0.00943	0.00677	0.00846	0.00800	0.00964	0.00633	0.00601	0.01281	0.03803	0.02514	0.60582	0.04695	0.10975	0.01293	0.00737	0.00201	0.00312	0.01131	0.06395	0.00616
6	0.01789	0.06520	0.06594	0.04347	0.36353	0.01720	0.03761	0.19022	0.08899	0.02597	0.01417	0.01626	0.01108	0.00656	0.00631	0.00194	0.00746	0.00578	0.00427	0.01014
7	0.01033	0.00696	0.00912	0.00991	0.01135	0.00660	0.00789	0.01247	0.01431	0.05932	0.07269	0.23204	0.14033	0.06172	0.00977	0.00286	0.00487	0.31555	0.00602	0.00588
8	0.02094	0.23054	0.13347	0.01459	0.03870	0.06844	0.01347	0.22804	0.03815	0.13253	0.01442	0.01475	0.01059	0.00682	0.00573	0.00180	0.00746	0.00503	0.00480	0.00974
9	0.01414	0.01414	0.01979	0.01696	0.01696	0.01979	0.01414	0.01555	0.00990	0.01555	0.00848	0.01414	0.00848	0.01131	0.02120	0.00283	0.76110	0.00565	0.00283	0.00707
10	0.01525	0.01743	0.03813	0.02723	0.03377	0.01634	0.70915	0.02070	0.01525	0.02070	0.01307	0.01743	0.00980	0.00545	0.00763	0.00218	0.01089	0.00763	0.00327	0.00871
11	0.01029	0.00984	0.07654	0.04197	0.01346	0.00801	0.00854	0.01430	0.07793	0.03995	0.20688	0.21175	0.15948	0.05366	0.00883	0.00247	0.00463	0.03912	0.00583	0.00654
12	0.02032	0.01336	0.03163	0.05791	0.17392	0.04191	0.05369	0.06512	0.03107	0.29053	0.10060	0.02347	0.03172	0.02655	0.00730	0.00210	0.00657	0.00701	0.00576	0.00948
13	0.00871	0.00659	0.00803	0.00767	0.00938	0.00591	0.00575	0.01135	0.01726	0.02346	0.53698	0.05230	0.25473	0.01412	0.00763	0.00208	0.00311	0.01225	0.00679	0.00591
14	0.00906	0.00612	0.00715	0.00748	0.00756	0.00604	0.00438	0.00931	0.01006	0.01341	0.02375	0.20365	0.02777	0.60572	0.02741	0.00546	0.00571	0.01139	0.00438	0.00421
15	0.01398	0.05354	0.26824	0.19702	0.07861	0.04783	0.03209	0.02092	0.11364	0.01991	0.03255	0.01815	0.03026	0.00720	0.00692	0.00208	0.03897	0.00585	0.00358	0.00866
16	0.01430	0.01271	0.05694	0.43286	0.03296	0.01358	0.04951	0.03807	0.03632	0.08521	0.01567	0.01964	0.04207	0.00853	0.00883	0.05970	0.05560	0.00624	0.00372	0.00755
17	0.00984	0.00658	0.00859	0.00951	0.01031	0.00651	0.00723	0.01131	0.01248	0.01681	0.02853	0.18989	0.03164	0.20786	0.01570	0.06111	0.00540	0.29948	0.05614	0.00509
18	0.01020	0.00585	0.00667	0.00733	0.00834	0.00568	0.00517	0.01238	0.01303	0.02074	0.02749	0.35246	0.02810	0.01314	0.00616	0.00200	0.00334	0.01147	0.45477	0.00568
19	0.01487	0.14624	0.08684	0.09040	0.06886	0.03712	0.31881	0.01904	0.01404	0.01861	0.01308	0.06308	0.01129	0.00702	0.00769	0.00208	0.06257	0.00685	0.00324	0.00828
20	0.00859	0.00662	0.00995	0.01031	0.01126	0.00628	0.05608	0.01025	0.01293	0.01746	0.08898	0.60990	0.04019	0.02041	0.05502	0.00304	0.00506	0.01634	0.00573	0.00560
21	0.02861	0.01160	0.01537	0.01178	0.01680	0.01040	0.00973	0.08954	0.01951	0.67761	0.02464	0.02144	0.01557	0.00798	0.00649	0.00199	0.00564	0.00644	0.00787	0.01100
22	0.01703	0.01202	0.01507	0.17367	0.09180	0.07135	0.01141	0.03738	0.04506	0.18170	0.14268	0.02598	0.05286	0.00859	0.00648	0.00197	0.00615	0.00725	0.08334	0.00820
23	0.04303	0.06824	0.07978	0.14383	0.13473	0.01520	0.12427	0.02313	0.10197	0.14917	0.01583	0.01768	0.01164	0.00683	0.00695	0.00206	0.03602	0.00606	0.00438	0.00921
24	0.01405	0.01405	0.05019	0.04020	0.07578	0.05084	0.03321	0.04604	0.11289	0.01874	0.01467	0.02005	0.01295	0.06883	0.16633	0.00429	0.23912	0.00637	0.00377	0.00764
25	0.15692	0.09087	0.02044	0.14572	0.04509	0.09695	0.05931	0.26173	0.01952	0.02734	0.01219	0.01418	0.00923	0.00668	0.00582	0.00192	0.00776	0.00512	0.00440	0.00882
26	0.01006	0.00832	0.01261	0.04572	0.19174	0.00814	0.00988	0.01201	0.01307	0.01769	0.03001	0.52232	0.06120	0.01592	0.00769	0.00241	0.00490	0.01453	0.00518	0.00658
27	0.01726	0.01484	0.01500	0.01135	0.01667	0.10136	0.00905	0.12336	0.01685	0.06234	0.01267	0.01397	0.00998	0.00564	0.00526	0.00125	0.00602	0.00432	0.00439	0.54843
28	0.00876	0.00654	0.00813	0.00785	0.00944	0.00591	0.00584	0.01140	0.01720	0.02360	0.55018	0.09235	0.20043	0.01427	0.00766	0.00210	0.00314	0.01248	0.00682	0.00591
29	0.02390	0.01805	0.02072	0.01574	0.02101	0.01977	0.06178	0.66203	0.02930	0.03930	0.01534	0.01565	0.01090	0.00759	0.00655	0.00196	0.00738	0.00595	0.00624	0.01083
30	0.00815	0.00634	0.00742	0.00763	0.00917	0.00560	0.00554	0.01009	0.01523	0.01979	0.25976	0.23249	0.35693	0.01636	0.00778	0.00225	0.00332	0.01421	0.00634	0.00560
31	0.01414	0.01414	0.01979	0.01696	0.01696	0.01979	0.01414	0.01555	0.00990	0.01555	0.00848	0.01414	0.00848	0.01131	0.02120	0.00283	0.76110	0.00565	0.00283	0.00707
32	0.11287	0.31801	0.02125	0.01078	0.01528	0.03533	0.00955	0.11540	0.01658	0.13411	0.05939	0.01674	0.01390	0.00699	0.00511	0.00169	0.00596	0.00506	0.08745	0.00854
33	0.00914	0.00660	0.00864	0.00813	0.00965	0.00610	0.00610	0.01219	0.01829	0.02591	0.72921	0.04827	0.06097	0.01321	0.00762	0.00203	0.00305	0.01169	0.00711	0.00610
34	0.01595	0.01582	0.02454	0.15544	0.56934	0.06724	0.01900	0.01971	0.01468	0.01998	0.01189	0.01589	0.00983	0.00594	0.00637	0.00194	0.00811	0.00564	0.00315	0.00954
35	0.01410	0.00769	0.00850	0.00785	0.00986	0.00792	0.00603	0.07057	0.04618	0.07253	0.02035	0.02312	0.01590	0.01139	0.05884	0.04854	0.00476	0.00614	0.55301	0.00673
36	0.01413	0.01394	0.02088	0.01682	0.01903	0.01678	0.11716	0.01731	0.04835	0.01786	0.01089	0.01536	0.00969	0.01029	0.03761	0.00260	0.45475	0.00576	0.00328	0.14751
37	0.42588	0.06834	0.03617	0.01214	0.01640	0.05269	0.08195	0.05462	0.01386	0.06836	0.01404	0.04827	0.01218	0.00771	0.00540	0.00206	0.00639	0.06151	0.00437	0.00765
38	0.01346	0.01151	0.01642	0.03507	0.20537	0.03293	0.04546	0.04670	0.05675	0.04309	0.12306	0.17944	0.04412	0.01263	0.04551	0.00249	0.00643	0.00952	0.00496	0.06506
39	0.01026	0.00675	0.00866	0.00913	0.01047	0.00637	0.00676	0.01279	0.03723	0.06536	0.18475	0.36913	0.09085	0.01636	0.00779	0.00240	0.00395	0.09673	0.04818	0.00609
40	0.01055	0.00843	0.00866	0.00880	0.00932	0.07452	0.00572	0.01102	0.01087	0.01383	0.02152	0.18153	0.02431	0.41869	0.10904	0.05670	0.00752	0.01018	0.00415	0.00466
41	0.01558	0.37282	0.30721	0.01534	0.02234	0.04073	0.06563	0.02084	0.05048	0.01827	0.01122	0.01289	0.00895	0.00596	0.00534	0.00175	0.00826	0.00449	0.00300	0.00889
42	0.01198	0.00875	0.01110	0.04201	0.01358	0.00861	0.03851	0.04424	0.10199	0.07248	0.15504	0.16119	0.22812	0.01313	0.00723	0.00216	0.00441	0.01140	0.05707	0.00699
43	0.01259	0.00685	0.00710	0.00684	0.00855	0.00694	0.00518	0.06202	0.01484	0.02496	0.05030	0.05766	0.01916	0.00834	0.00494	0.00161	0.00332	0.00679	0.68567	0.00633
44	0.01483	0.01637	0.08833	0.12144	0.23114	0.08131	0.05361	0.03358	0.09119	0.02065	0.04566	0.02201	0.04862	0.00933	0.03710	0.00238	0.02215	0.02332	0.02840	0.00856
45	0.01508	0.07189	0.19229	0.19754	0.15445	0.01633	0.14069	0.07855	0.03282	0.02121	0.01244	0.01576	0.00946	0.00619	0.00642	0.00202	0.00874	0.00574	0.00336	0.00901
46	0.01113	0.01597	0.23129	0.04735	0.06918	0.01074	0.01336	0.01502	0.01386	0.01973	0.11015	0.12143	0.13240	0.01213	0.03052	0.00241	0.06544	0.00903	0.06150	0.00734
47	0.00800	0.00582	0.00751	0.00881	0.00941	0.00539	0.00601	0.00923	0.01263	0.01660	0.03819	0.64343	0.11328	0.04241	0.00896	0.00270	0.00387	0.04655	0.00593	0.00526
48	0.11138	0.00767	0.01006	0.01020	0.01155	0.00765	0.05088	0.02852	0.01269	0.01874	0.02911	0.52456	0.03367	0.07461	0.00954	0.00279	0.00472	0.04048	0.00542	0.00576
49	0.06899	0.12258	0.01727	0.01139	0.01618	0.07324	0.00944	0.07238	0.04752	0.12737	0.01405	0.01509	0.01089	0.00808	0.03773	0.00189	0.02948	0.00467	0.00454	0.30721
50	0.01757	0.06013	0.01846	0.01463	0.01765	0.17487	0.07037	0.12413	0.05997	0.04017	0.03647	0.04049	0.01389	0.01349	0.09753	0.02067	0.11513	0.00626	0.05024	0.00787

[dist]
# distance from previous block
# <min> <max>
0	6

[block]
# block no. 7 follows, 34 sequences, length 16
# corresponding to MSA columns:
# 312-327
name=unknown_H
#
# <colnr> <probs for GDERKNQSTAVLIFYWHMCP>
#	G	D	E	R	K	N	Q	S	T	A	V	L	I	F	Y	W	H	M	C	P
0	0.10030	0.04271	0.12955	0.08373	0.05479	0.16910	0.01429	0.13682	0.01679	0.03960	0.01155	0.01380	0.00900	0.00708	0.00761	0.00196	0.09771	0.00488	0.00385	0.05489
1	0.00931	0.00651	0.00791	0.00756	0.00919	0.00598	0.00567	0.01212	0.01702	0.02424	0.51717	0.04711	0.16584	0.01292	0.00718	0.00198	0.00308	0.01120	0.12202	0.00598
2	0.01961	0.02244	0.02082	0.06919	0.28114	0.37844	0.01532	0.02296	0.04564	0.01838	0.01244	0.01635	0.01058	0.00682	0.00622	0.00186	0.00954	0.03026	0.00349	0.00853
3	0.00821	0.00652	0.00738	0.00727	0.00911	0.00568	0.00541	0.01035	0.01593	0.02057	0.31206	0.09458	0.44325	0.01539	0.00766	0.00215	0.00321	0.01316	0.00642	0.00568
4	0.01164	0.04684	0.00781	0.00678	0.00845	0.00701	0.00523	0.01435	0.01356	0.02240	0.02496	0.08851	0.06485	0.00941	0.00517	0.00169	0.00340	0.03256	0.61935	0.00604
5	0.00800	0.00576	0.00761	0.00905	0.00956	0.00537	0.00619	0.00924	0.01260	0.01668	0.03671	0.70406	0.06953	0.01996	0.00826	0.00263	0.00385	0.05366	0.00600	0.00529
6	0.01414	0.01414	0.01979	0.01696	0.01696	0.01979	0.01414	0.01555	0.00990	0.01555	0.00848	0.01414	0.00848	0.01131	0.02120	0.00283	0.76110	0.00565	0.00283	0.00707
7	0.08950	0.01764	0.01858	0.01435	0.01942	0.01958	0.01185	0.65447	0.02879	0.03976	0.01498	0.01510	0.01066	0.00761	0.00626	0.00194	0.00694	0.00563	0.00626	0.01066
8	0.00926	0.00675	0.00948	0.00944	0.01035	0.00751	0.00696	0.01108	0.01069	0.01516	0.06656	0.03094	0.02094	0.21746	0.52786	0.00884	0.01372	0.00783	0.00382	0.00535
9	0.01799	0.01584	0.01756	0.01482	0.01890	0.06348	0.06796	0.16762	0.45026	0.02822	0.02233	0.02306	0.01715	0.00853	0.00669	0.00214	0.00644	0.03506	0.00605	0.00990
10	0.71374	0.01275	0.01051	0.00911	0.01325	0.01451	0.00751	0.06430	0.01275	0.07801	0.01054	0.01160	0.00787	0.00625	0.00433	0.00200	0.00517	0.00385	0.00443	0.00753
11	0.02239	0.08648	0.01987	0.01410	0.01913	0.01960	0.01173	0.53529	0.11566	0.03590	0.01613	0.01605	0.01179	0.00757	0.00620	0.00188	0.00675	0.00571	0.00604	0.04174
12	0.01212	0.00950	0.02510	0.07453	0.10459	0.00915	0.00990	0.01547	0.04903	0.07425	0.15253	0.18134	0.11758	0.02831	0.00820	0.00229	0.02610	0.05427	0.00549	0.04024
13	0.01476	0.21239	0.41269	0.01717	0.02444	0.01803	0.08702	0.02004	0.01346	0.03697	0.01117	0.01347	0.00860	0.00644	0.00718	0.00197	0.07745	0.00486	0.00293	0.00897
14	0.01591	0.01253	0.01352	0.01191	0.01494	0.01392	0.00916	0.18297	0.33657	0.02623	0.02461	0.03065	0.04772	0.17183	0.01234	0.00305	0.00580	0.05183	0.00592	0.00860
15	0.04356	0.00633	0.00804	0.00890	0.00986	0.00596	0.00618	0.01090	0.01339	0.05318	0.11619	0.58805	0.06922	0.01807	0.00788	0.00248	0.00379	0.01619	0.00614	0.00571

[dist]
# distance from previous block
# <min> <max>
0	1

[block]
# block no. 8 follows, 34 sequences, length 6
# corresponding to MSA columns:
# 329-334
name=unknown_I
#
# <colnr> <probs for GDERKNQSTAVLIFYWHMCP>
#	G	D	E	R	K	N	Q	S	T	A	V	L	I	F	Y	W	H	M	C	P
0	0.19908	0.07691	0.07657	0.12900	0.05428	0.04690	0.06249	0.07479	0.13622	0.02366	0.01351	0.01548	0.01042	0.00691	0.00655	0.00205	0.04730	0.00531	0.00408	0.00849
1	0.01443	0.01350	0.01815	0.11403	0.02115	0.09980	0.14487	0.05332	0.01445	0.03706	0.01899	0.10478	0.04268	0.10744	0.01156	0.00270	0.07996	0.02557	0.06856	0.00698
2	0.01099	0.00577	0.00865	0.00865	0.00879	0.00591	0.00591	0.00879	0.00865	0.01167	0.01195	0.02033	0.01181	0.02556	0.11155	0.71620	0.00701	0.00577	0.00288	0.00316
3	0.00909	0.00668	0.00783	0.00851	0.00963	0.00647	0.00591	0.01205	0.08075	0.01809	0.03817	0.44060	0.17126	0.07109	0.00940	0.00266	0.00390	0.01464	0.07753	0.00574
4	0.01589	0.01256	0.01996	0.24166	0.30280	0.01312	0.01563	0.02017	0.04476	0.11820	0.08319	0.02051	0.01579	0.00707	0.00649	0.00198	0.00698	0.00641	0.00430	0.04252
5	0.01642	0.01656	0.08538	0.05617	0.16859	0.09750	0.01361	0.08736	0.10726	0.05821	0.10217	0.02233	0.03898	0.00959	0.03259	0.00229	0.04079	0.00671	0.02873	0.00876

[dist]
# distance from previous block
# <min> <max>
2	4

[block]
# block no. 9 follows, 34 sequences, length 16
# corresponding to MSA columns:
# 339-354
name=unknown_J
#
# <colnr> <probs for GDERKNQSTAVLIFYWHMCP>
#	G	D	E	R	K	N	Q	S	T	A	V	L	I	F	Y	W	H	M	C	P
0	0.01691	0.11843	0.32273	0.04969	0.06429	0.12397	0.06311	0.10940	0.01654	0.02164	0.01166	0.01371	0.00885	0.00626	0.00599	0.00188	0.00906	0.00492	0.00339	0.02758
1	0.01309	0.01248	0.02164	0.63808	0.04217	0.01484	0.10085	0.04647	0.01394	0.01804	0.01185	0.01718	0.00886	0.00639	0.00660	0.00215	0.00882	0.00597	0.00307	0.00752
2	0.00903	0.00641	0.00770	0.00800	0.00946	0.00571	0.00573	0.01076	0.01460	0.05122	0.18287	0.31692	0.29495	0.03569	0.00844	0.00241	0.00358	0.01456	0.00626	0.00572
3	0.00934	0.00648	0.00812	0.00812	0.00850	0.00685	0.00526	0.01009	0.00972	0.01333	0.01937	0.03683	0.02112	0.53902	0.26355	0.00759	0.00983	0.00860	0.00377	0.00451
4	0.00873	0.00621	0.00762	0.00789	0.00867	0.00585	0.00527	0.01014	0.01348	0.01825	0.24843	0.25101	0.10580	0.25522	0.01577	0.00355	0.00428	0.01303	0.00569	0.00511
5	0.13353	0.01733	0.01803	0.01399	0.01900	0.01928	0.01156	0.61609	0.02772	0.03911	0.01462	0.01482	0.01044	0.00752	0.00613	0.00195	0.00682	0.00550	0.00613	0.01044
6	0.00879	0.00651	0.00791	0.00811	0.00926	0.00611	0.00567	0.01110	0.03866	0.01974	0.28277	0.25630	0.16488	0.13077	0.01160	0.00288	0.00385	0.01345	0.00610	0.00555
7	0.09487	0.01850	0.01844	0.01443	0.01936	0.07084	0.01183	0.60140	0.02781	0.03792	0.01455	0.01480	0.01045	0.00752	0.00620	0.00193	0.00724	0.00550	0.00602	0.01039
8	0.04487	0.01635	0.04017	0.03871	0.23935	0.09620	0.11859	0.06490	0.06532	0.03785	0.01379	0.01714	0.01116	0.03167	0.00800	0.04019	0.00781	0.00583	0.02212	0.07998
9	0.08401	0.00831	0.01093	0.01068	0.03528	0.00894	0.00782	0.01417	0.01179	0.09780	0.04131	0.02679	0.08945	0.06239	0.23425	0.15868	0.06209	0.00713	0.02216	0.00603
10	0.00821	0.00684	0.00767	0.00768	0.00939	0.00631	0.00573	0.00991	0.01449	0.01814	0.13164	0.16466	0.51072	0.01631	0.00850	0.00227	0.04630	0.01368	0.00594	0.00559
11	0.02421	0.02855	0.01850	0.01633	0.01999	0.61869	0.01245	0.14674	0.02044	0.02021	0.01096	0.01233	0.00879	0.00685	0.00594	0.00171	0.01085	0.00445	0.00388	0.00811
12	0.00941	0.00846	0.06004	0.07498	0.01269	0.00727	0.00732	0.01081	0.01135	0.01531	0.05711	0.26440	0.02885	0.38086	0.01980	0.00427	0.00577	0.01165	0.00454	0.00512
13	0.01572	0.05226	0.02381	0.27516	0.36316	0.07451	0.04011	0.04344	0.01489	0.01953	0.01175	0.01581	0.00946	0.00611	0.00631	0.00196	0.00836	0.00557	0.00320	0.00888
14	0.01712	0.18839	0.06402	0.05082	0.08561	0.22849	0.01243	0.04922	0.05079	0.01855	0.03986	0.13468	0.01646	0.00882	0.00607	0.00187	0.00788	0.00701	0.00398	0.00792
15	0.03566	0.17354	0.04317	0.01438	0.09485	0.03569	0.01075	0.07979	0.01464	0.05344	0.01765	0.13349	0.03206	0.01480	0.10844	0.02139	0.02372	0.00729	0.00421	0.08105

[dist]
# distance from previous block
# <min> <max>
0	11

[block]
# block no. 10 follows, 34 sequences, length 22
# corresponding to MSA columns:
# 366-387
name=unknown_K
#
# <colnr> <probs for GDERKNQSTAVLIFYWHMCP>
#	G	D	E	R	K	N	Q	S	T	A	V	L	I	F	Y	W	H	M	C	P
0	0.01002	0.00703	0.00960	0.09077	0.01375	0.00698	0.00753	0.01206	0.01387	0.06243	0.15681	0.33140	0.12343	0.04364	0.07713	0.00321	0.00555	0.01312	0.00567	0.00599
1	0.01539	0.05186	0.04267	0.14374	0.27678	0.01558	0.09244	0.06951	0.12896	0.02239	0.04239	0.04082	0.01424	0.00717	0.00656	0.00203	0.00745	0.00667	0.00412	0.00921
2	0.03078	0.01150	0.01515	0.05050	0.01713	0.01206	0.06164	0.15657	0.07100	0.11476	0.13044	0.09526	0.07928	0.03990	0.00883	0.00235	0.04502	0.04381	0.00591	0.00810
3	0.00828	0.00610	0.00740	0.00800	0.00917	0.00552	0.00565	0.01003	0.01431	0.01909	0.18788	0.38975	0.23227	0.01710	0.00777	0.00233	0.00344	0.01508	0.04532	0.00552
4	0.01432	0.09565	0.01591	0.00997	0.01566	0.01098	0.00824	0.04763	0.01413	0.02129	0.01139	0.01316	0.00949	0.00500	0.00479	0.00105	0.00512	0.00388	0.00383	0.68851
5	0.01419	0.01241	0.01704	0.08360	0.14705	0.03994	0.05149	0.12529	0.01624	0.02201	0.04014	0.25666	0.02178	0.01113	0.00756	0.00213	0.03782	0.00983	0.00474	0.07893
6	0.05539	0.07518	0.17352	0.09886	0.07072	0.01719	0.07393	0.12107	0.09573	0.03683	0.01352	0.01579	0.01035	0.00728	0.00813	0.00211	0.10580	0.00561	0.00397	0.00904
7	0.01511	0.01026	0.01283	0.01066	0.01360	0.01070	0.08372	0.14745	0.08254	0.02710	0.01965	0.02176	0.01507	0.00746	0.00541	0.00172	0.00484	0.00628	0.49621	0.00764
8	0.01003	0.00681	0.00771	0.00769	0.00974	0.00585	0.00568	0.01164	0.01456	0.09608	0.05375	0.23113	0.48312	0.01640	0.00766	0.00227	0.00363	0.01402	0.00622	0.00601
9	0.00787	0.00562	0.00750	0.00900	0.00937	0.00525	0.00600	0.00900	0.01237	0.01649	0.03561	0.76871	0.04274	0.02024	0.00825	0.00262	0.00375	0.01837	0.00600	0.00525
10	0.01715	0.01310	0.01438	0.01242	0.01636	0.01425	0.00975	0.05297	0.51732	0.10465	0.06029	0.02379	0.02015	0.00849	0.00644	0.00203	0.00508	0.00706	0.00649	0.08782
11	0.01296	0.03342	0.73944	0.01842	0.02797	0.01501	0.02387	0.02046	0.01364	0.02046	0.01160	0.01364	0.00818	0.00614	0.00614	0.00205	0.00955	0.00477	0.00273	0.00955
12	0.01607	0.01388	0.01461	0.01315	0.01680	0.01607	0.01023	0.03433	0.72094	0.02703	0.02630	0.02411	0.01972	0.00877	0.00657	0.00219	0.00511	0.00731	0.00657	0.01023
13	0.01727	0.77681	0.03386	0.01106	0.01658	0.02557	0.01106	0.01935	0.01313	0.01520	0.00898	0.01036	0.00829	0.00553	0.00415	0.00138	0.00691	0.00345	0.00276	0.00829
14	0.00966	0.00655	0.00865	0.02899	0.01000	0.00697	0.00616	0.01049	0.01052	0.01479	0.02111	0.17367	0.02285	0.27805	0.19003	0.09426	0.02764	0.00969	0.06510	0.00481
15	0.01487	0.01326	0.04846	0.01081	0.01550	0.04574	0.00890	0.03675	0.14085	0.06099	0.04152	0.02071	0.04432	0.04592	0.00699	0.00172	0.00541	0.00572	0.02712	0.40445
16	0.00908	0.00937	0.08787	0.00878	0.01121	0.00674	0.00757	0.01151	0.01528	0.02040	0.30186	0.10388	0.29106	0.01483	0.00886	0.06418	0.00409	0.01169	0.00581	0.00592
17	0.01676	0.60130	0.02911	0.01131	0.01580	0.07571	0.01053	0.01854	0.01294	0.01497	0.01028	0.01414	0.00997	0.08999	0.00824	0.00201	0.04351	0.00426	0.00293	0.00769
18	0.01645	0.09226	0.01802	0.03351	0.08834	0.10700	0.01145	0.05554	0.19060	0.04828	0.03965	0.03973	0.06407	0.01005	0.03224	0.00228	0.08958	0.00669	0.00471	0.04954
19	0.04839	0.04775	0.06458	0.09404	0.01961	0.02762	0.04181	0.08671	0.08940	0.05027	0.09781	0.02242	0.03483	0.04872	0.02866	0.00234	0.04333	0.00651	0.00466	0.14055
20	0.05263	0.18333	0.14312	0.06802	0.06740	0.06899	0.01359	0.10096	0.03347	0.04323	0.04201	0.01519	0.01158	0.00644	0.00555	0.00170	0.00725	0.00491	0.00391	0.12672
21	0.03246	0.01614	0.11257	0.06210	0.02080	0.07358	0.08822	0.05582	0.04477	0.10157	0.01797	0.05886	0.03664	0.01094	0.06398	0.00253	0.00803	0.02504	0.00446	0.16352

[dist]
# distance from previous block
# <min> <max>
0	6

[block]
# block no. 11 follows, 34 sequences, length 19
# corresponding to MSA columns:
# 394-412
name=unknown_L
#
# <colnr> <probs for GDERKNQSTAVLIFYWHMCP>
#	G	D	E	R	K	N	Q	S	T	A	V	L	I	F	Y	W	H	M	C	P
0	0.01418	0.08902	0.06865	0.10333	0.07619	0.03838	0.12880	0.01991	0.11473	0.04405	0.06590	0.04688	0.07689	0.01048	0.04598	0.00247	0.00764	0.00747	0.03094	0.00812
1	0.01588	0.11069	0.22087	0.10005	0.05674	0.05464	0.10107	0.03599	0.01487	0.09079	0.03486	0.05090	0.01362	0.00774	0.00692	0.00205	0.03379	0.03604	0.00389	0.00861
2	0.01732	0.08079	0.11778	0.01833	0.04495	0.07433	0.19080	0.14252	0.01758	0.05916	0.01765	0.02262	0.05044	0.00815	0.00758	0.00210	0.05085	0.06398	0.00431	0.00876
3	0.00784	0.00574	0.00738	0.00870	0.00929	0.00527	0.00586	0.00903	0.01266	0.01661	0.03927	0.68209	0.12699	0.01977	0.00817	0.00257	0.00369	0.01779	0.00600	0.00527
4	0.04345	0.12112	0.15296	0.07660	0.05530	0.05417	0.19718	0.03959	0.03200	0.04982	0.01596	0.04420	0.03560	0.02668	0.00712	0.00213	0.00841	0.02560	0.00374	0.00840
5	0.01366	0.07179	0.04619	0.03277	0.08634	0.03669	0.03017	0.05787	0.04439	0.05300	0.01778	0.09054	0.01677	0.09991	0.24342	0.00512	0.03464	0.00753	0.00412	0.00731
6	0.00971	0.00758	0.00894	0.00865	0.01050	0.00737	0.00645	0.01452	0.12391	0.02303	0.38810	0.13775	0.20077	0.01411	0.00754	0.00216	0.00350	0.01229	0.00664	0.00648
7	0.01148	0.00963	0.00927	0.00953	0.01098	0.10099	0.00694	0.01422	0.05100	0.01850	0.02853	0.29732	0.08703	0.01894	0.11634	0.00334	0.00663	0.01115	0.18211	0.00606
8	0.08593	0.08720	0.17987	0.07216	0.07238	0.07943	0.04386	0.11075	0.06468	0.07817	0.01528	0.01663	0.03258	0.00707	0.00639	0.00197	0.02690	0.00550	0.00421	0.00903
