[name]
unknown

[dist]
# distance from previous block
# <min> <max>
64	275

[block]
# block no. 0 follows, 32 sequences, length 36
# corresponding to MSA columns:
# 351-386
name=unknown_A
#
# <colnr> <probs for GDERKNQSTAVLIFYWHMCP>
#	G	D	E	R	K	N	Q	S	T	A	V	L	I	F	Y	W	H	M	C	P
0	0.02107	0.25518	0.06801	0.01413	0.01952	0.05060	0.01270	0.34315	0.07096	0.02961	0.01509	0.04394	0.01216	0.00776	0.00599	0.00187	0.00739	0.00575	0.00512	0.01000
1	0.02051	0.37339	0.09301	0.01385	0.01976	0.02288	0.01320	0.29297	0.04539	0.02734	0.01293	0.01372	0.01014	0.00684	0.00555	0.00176	0.00745	0.00484	0.00454	0.00992
2	0.25998	0.17318	0.10248	0.05612	0.01911	0.01724	0.03486	0.08549	0.03038	0.02414	0.01426	0.10106	0.01302	0.00834	0.00620	0.00207	0.03347	0.00629	0.00415	0.00820
3	0.20966	0.13087	0.32553	0.01564	0.02273	0.01750	0.06347	0.06392	0.05132	0.02432	0.01216	0.01385	0.00914	0.00645	0.00569	0.00203	0.00807	0.00485	0.00365	0.00916
4	0.01166	0.00583	0.00874	0.00874	0.00874	0.00583	0.00583	0.00874	0.00874	0.01166	0.01166	0.02040	0.01166	0.02331	0.02622	0.80478	0.00583	0.00583	0.00291	0.00291
5	0.01720	0.08053	0.05662	0.04841	0.09870	0.01807	0.44160	0.11150	0.01756	0.02369	0.01337	0.01695	0.01017	0.00607	0.00725	0.00213	0.01000	0.00697	0.00375	0.00946
6	0.01703	0.01921	0.15328	0.01450	0.01994	0.08486	0.03497	0.02711	0.28906	0.07567	0.02127	0.02102	0.04311	0.00782	0.00642	0.00196	0.00695	0.00637	0.00522	0.14423
7	0.01018	0.00734	0.00995	0.01077	0.01231	0.00711	0.00898	0.01316	0.01648	0.02208	0.25605	0.09311	0.07347	0.01702	0.00875	0.00273	0.00502	0.41274	0.00657	0.00618
8	0.01459	0.01577	0.10275	0.01178	0.01789	0.03719	0.01053	0.02000	0.09612	0.02232	0.01370	0.01519	0.01095	0.00570	0.00540	0.00131	0.00588	0.00453	0.00415	0.58424
9	0.02668	0.01218	0.01547	0.01238	0.01721	0.01160	0.01006	0.03345	0.19543	0.54874	0.02669	0.02340	0.01760	0.00851	0.00677	0.00213	0.00561	0.00696	0.00793	0.01122
10	0.00831	0.00681	0.00733	0.00720	0.00930	0.00583	0.00540	0.01037	0.01619	0.02026	0.22616	0.06106	0.56009	0.01620	0.00793	0.00223	0.00334	0.01367	0.00651	0.00583
11	0.02906	0.01310	0.01661	0.01273	0.01797	0.01235	0.01052	0.18452	0.02201	0.57119	0.02411	0.02131	0.01543	0.00825	0.00674	0.00206	0.00609	0.00659	0.00794	0.01142
12	0.02499	0.01854	0.01984	0.01533	0.02061	0.02056	0.01263	0.66065	0.07170	0.04145	0.01677	0.01664	0.01195	0.00812	0.00672	0.00203	0.00726	0.00613	0.00672	0.01136
13	0.00981	0.00726	0.01016	0.01006	0.01088	0.00829	0.00741	0.01151	0.01048	0.01488	0.01853	0.03083	0.01861	0.24760	0.51665	0.00932	0.04064	0.00786	0.00370	0.00550
14	0.02147	0.35933	0.05285	0.01470	0.01949	0.36655	0.01274	0.04925	0.01692	0.01731	0.01019	0.01174	0.00873	0.00642	0.00531	0.00162	0.00965	0.00408	0.00330	0.00837
15	0.00870	0.00683	0.00786	0.00760	0.00953	0.00599	0.00570	0.01112	0.01711	0.02243	0.38699	0.05749	0.39791	0.01539	0.00792	0.00219	0.00328	0.01317	0.00680	0.00599
16	0.00959	0.00719	0.01078	0.01078	0.01198	0.00839	0.00839	0.01198	0.01078	0.01558	0.01797	0.02636	0.01677	0.05032	0.73760	0.01078	0.01797	0.00719	0.00359	0.00599
17	0.06438	0.25459	0.02349	0.01501	0.01926	0.45714	0.01221	0.04855	0.01743	0.01788	0.01021	0.01177	0.00866	0.00656	0.00544	0.00167	0.01007	0.00412	0.00343	0.00814
18	0.01634	0.20489	0.25284	0.01987	0.09433	0.08604	0.08983	0.02076	0.01434	0.01903	0.01109	0.01387	0.00901	0.00670	0.00771	0.00198	0.09078	0.00506	0.00305	0.03247
19	0.01839	0.01708	0.02405	0.14805	0.41994	0.07113	0.01813	0.15669	0.01852	0.02482	0.01304	0.01637	0.01036	0.00658	0.00662	0.00202	0.00832	0.00586	0.00396	0.01006
20	0.81159	0.01298	0.00986	0.00882	0.01298	0.01505	0.00727	0.01972	0.01142	0.03010	0.00934	0.01090	0.00727	0.00623	0.00415	0.00208	0.00519	0.00363	0.00415	0.00727
21	0.01414	0.03329	0.64538	0.01976	0.02916	0.04626	0.07694	0.02150	0.01450	0.02106	0.01209	0.01439	0.00864	0.00634	0.00648	0.00212	0.01012	0.00516	0.00290	0.00976
22	0.00824	0.00589	0.00785	0.00930	0.00975	0.00550	0.00623	0.00952	0.01317	0.01764	0.07293	0.72239	0.04538	0.02064	0.00853	0.00269	0.00385	0.01871	0.00629	0.00550
23	0.01835	0.05019	0.34851	0.01604	0.02312	0.01396	0.05532	0.07612	0.01741	0.19794	0.09914	0.02079	0.01729	0.00778	0.00669	0.00209	0.00786	0.00645	0.00506	0.00989
24	0.00835	0.00609	0.00787	0.00896	0.00971	0.00561	0.00613	0.00988	0.01403	0.01872	0.14450	0.58303	0.11335	0.01951	0.00840	0.00259	0.00373	0.01753	0.00641	0.00561
25	0.01753	0.01523	0.07540	0.11921	0.21430	0.01417	0.03329	0.05937	0.12804	0.11427	0.01752	0.01924	0.01309	0.00709	0.00645	0.00200	0.00701	0.00620	0.06709	0.06352
26	0.11331	0.01500	0.01581	0.05083	0.04087	0.07390	0.01060	0.09950	0.15197	0.14320	0.01738	0.01758	0.01281	0.00710	0.00595	0.00182	0.00634	0.00552	0.00546	0.20504
27	0.01132	0.00970	0.01610	0.01707	0.11341	0.01033	0.08442	0.01413	0.01260	0.01769	0.02052	0.13253	0.02058	0.03125	0.36970	0.00660	0.03964	0.06137	0.00409	0.00695
28	0.07638	0.12479	0.10003	0.01918	0.11059	0.09698	0.11703	0.07591	0.06668	0.02354	0.09064	0.01900	0.01612	0.00728	0.00634	0.00196	0.00798	0.00621	0.00428	0.02911
29	0.01782	0.19926	0.08851	0.12329	0.08054	0.03686	0.03425	0.13957	0.03847	0.06761	0.04449	0.01906	0.03780	0.00905	0.03358	0.00227	0.00800	0.00601	0.00442	0.00915
30	0.04266	0.06180	0.05925	0.01583	0.04825	0.10527	0.05384	0.16680	0.13171	0.04911	0.05265	0.01829	0.01460	0.00758	0.00685	0.00191	0.03358	0.00597	0.00505	0.11898
31	0.04651	0.08881	0.10144	0.02973	0.01848	0.06622	0.01191	0.14794	0.03846	0.08626	0.01865	0.15612	0.01709	0.00970	0.00695	0.00201	0.03182	0.00777	0.00506	0.10906
32	0.01876	0.01788	0.11342	0.01630	0.08169	0.10136	0.01307	0.12217	0.09338	0.12820	0.03967	0.09675	0.03903	0.01071	0.02617	0.00234	0.00746	0.02882	0.00549	0.03735
33	0.01505	0.07559	0.04264	0.13774	0.04226	0.05725	0.09871	0.04879	0.10832	0.02056	0.03371	0.07900	0.03444	0.03777	0.00955	0.00234	0.09302	0.00754	0.00427	0.05145
34	0.04641	0.01393	0.01636	0.01399	0.03596	0.03526	0.04957	0.22379	0.10804	0.06660	0.05283	0.12345	0.05610	0.01035	0.00694	0.00209	0.00618	0.02947	0.00597	0.09670
35	0.01899	0.03755	0.03967	0.03347	0.01921	0.01558	0.03543	0.28052	0.10009	0.06743	0.04215	0.09108	0.01709	0.00906	0.00721	0.00199	0.03433	0.00736	0.00576	0.13603

[dist]
# distance from previous block
# <min> <max>
4	21

[block]
# block no. 1 follows, 32 sequences, length 49
# corresponding to MSA columns:
# 408-456
name=unknown_B
#
# <colnr> <probs for GDERKNQSTAVLIFYWHMCP>
#	G	D	E	R	K	N	Q	S	T	A	V	L	I	F	Y	W	H	M	C	P
0	0.05248	0.02020	0.04804	0.03055	0.04382	0.25516	0.03291	0.09198	0.06186	0.02275	0.06982	0.02031	0.05437	0.00812	0.00701	0.00188	0.04206	0.00612	0.02073	0.10983
1	0.04328	0.04284	0.07836	0.07718	0.22150	0.06726	0.03556	0.03823	0.05427	0.07176	0.03665	0.05814	0.03275	0.04005	0.00768	0.00218	0.00740	0.00687	0.00434	0.07370
2	0.08050	0.04633	0.02342	0.01943	0.08940	0.08502	0.16396	0.15882	0.04209	0.09972	0.01555	0.04259	0.01220	0.00749	0.00725	0.00205	0.03984	0.00647	0.00484	0.05304
3	0.01932	0.01850	0.04646	0.02520	0.29399	0.14022	0.03637	0.09243	0.07516	0.07954	0.04519	0.01928	0.02979	0.00732	0.00661	0.00196	0.00797	0.00627	0.00462	0.04381
4	0.05837	0.07431	0.02209	0.11629	0.19834	0.13735	0.04893	0.02053	0.01505	0.04636	0.03473	0.01618	0.01142	0.00693	0.00749	0.00193	0.07265	0.00548	0.00367	0.10191
5	0.09522	0.12059	0.05072	0.01842	0.14873	0.10041	0.03929	0.07369	0.08740	0.04427	0.05306	0.02067	0.01544	0.00773	0.00611	0.00196	0.00720	0.03498	0.06519	0.00892
6	0.13721	0.01779	0.01689	0.01469	0.04526	0.13948	0.01130	0.25089	0.06985	0.13025	0.04157	0.01912	0.03871	0.00824	0.00676	0.00204	0.02846	0.00610	0.00579	0.00961
7	0.05195	0.01323	0.01515	0.09328	0.01984	0.01490	0.01097	0.04996	0.44827	0.10516	0.08299	0.02526	0.02158	0.00899	0.00678	0.00222	0.00563	0.00748	0.00650	0.00988
8	0.00976	0.00651	0.00732	0.00732	0.00732	0.00651	0.00407	0.00976	0.00976	0.01301	0.02114	0.04391	0.02439	0.76419	0.03415	0.00651	0.00651	0.00976	0.00407	0.00407
9	0.51029	0.16777	0.01781	0.01116	0.01593	0.01776	0.04955	0.07400	0.01402	0.05468	0.01079	0.01217	0.00840	0.00632	0.00471	0.00195	0.00615	0.00419	0.00421	0.00813
10	0.00959	0.00719	0.01078	0.01078	0.01198	0.00839	0.00839	0.01198	0.01078	0.01558	0.01797	0.02636	0.01677	0.05032	0.73760	0.01078	0.01797	0.00719	0.00359	0.00599
11	0.01669	0.01441	0.01517	0.01365	0.01745	0.01669	0.01062	0.03565	0.71021	0.02807	0.02731	0.02503	0.02048	0.00910	0.00683	0.00228	0.00531	0.00759	0.00683	0.01062
12	0.01661	0.01594	0.02724	0.04119	0.72233	0.01594	0.02059	0.02059	0.01528	0.02192	0.01262	0.01661	0.01063	0.00598	0.00664	0.00199	0.00797	0.00598	0.00332	0.01063
13	0.01161	0.00743	0.00932	0.00890	0.01102	0.00668	0.00691	0.01421	0.01734	0.10649	0.35463	0.09010	0.22749	0.01484	0.00796	0.00229	0.00390	0.08521	0.00700	0.00670
14	0.12554	0.07061	0.01619	0.01148	0.01643	0.01195	0.00959	0.02964	0.04209	0.54051	0.04236	0.02125	0.01626	0.00803	0.00627	0.00203	0.00567	0.00629	0.00729	0.01051
15	0.27963	0.08483	0.03554	0.01096	0.01573	0.01341	0.00943	0.02592	0.04770	0.33972	0.05990	0.01929	0.01553	0.00769	0.00574	0.00203	0.00563	0.00574	0.00616	0.00943
16	0.01346	0.03471	0.72942	0.01912	0.02904	0.01558	0.02479	0.02125	0.01417	0.02125	0.01204	0.01417	0.00850	0.00637	0.00637	0.00212	0.00992	0.00496	0.00283	0.00992
17	0.01588	0.06145	0.42702	0.02038	0.02865	0.01636	0.19518	0.05185	0.03547	0.06395	0.01378	0.01593	0.00988	0.00643	0.00673	0.00213	0.00966	0.00588	0.00359	0.00981
18	0.01584	0.01810	0.03959	0.02828	0.03507	0.01697	0.69796	0.02149	0.01584	0.02149	0.01357	0.01810	0.01018	0.00566	0.00792	0.00226	0.01131	0.00792	0.00339	0.00905
19	0.02916	0.01121	0.01527	0.01178	0.01680	0.00970	0.00970	0.03178	0.01920	0.69486	0.05824	0.02409	0.01875	0.00855	0.00680	0.00208	0.00559	0.00699	0.00826	0.01119
20	0.01561	0.01770	0.03854	0.02764	0.03423	0.01666	0.67280	0.02115	0.01565	0.02128	0.01374	0.01840	0.01042	0.00729	0.03455	0.00257	0.01156	0.00789	0.00340	0.00894
21	0.01267	0.01193	0.02013	0.74806	0.04621	0.01491	0.01863	0.01714	0.01342	0.01714	0.01193	0.01789	0.00894	0.00671	0.00671	0.00224	0.00894	0.00596	0.00298	0.00745
22	0.02544	0.01762	0.01925	0.01490	0.02014	0.01922	0.01226	0.57489	0.07689	0.12264	0.01811	0.01752	0.01265	0.00816	0.00672	0.00204	0.00704	0.00623	0.00691	0.01136
23	0.01115	0.00915	0.01394	0.01264	0.01411	0.01056	0.06069	0.03601	0.01177	0.01678	0.01755	0.05331	0.01699	0.11378	0.47457	0.00819	0.10094	0.00776	0.00375	0.00634
24	0.01790	0.01177	0.01706	0.20207	0.04942	0.03770	0.05982	0.02175	0.04629	0.23256	0.06775	0.12198	0.04590	0.01021	0.00722	0.00225	0.00676	0.02728	0.00572	0.00859
25	0.01943	0.01651	0.01638	0.01421	0.01830	0.07568	0.01116	0.15323	0.50790	0.05517	0.02391	0.02231	0.01776	0.00871	0.00674	0.00218	0.00625	0.00702	0.00659	0.01056
26	0.02459	0.03126	0.02008	0.01785	0.02148	0.70011	0.04829	0.02652	0.01885	0.01668	0.01054	0.01241	0.00872	0.00685	0.00615	0.00176	0.01206	0.00451	0.00345	0.00784
27	0.01560	0.01516	0.02638	0.20630	0.46270	0.01583	0.09073	0.02045	0.04187	0.02098	0.01313	0.01739	0.01056	0.00624	0.00680	0.00209	0.00845	0.00624	0.00338	0.00971
28	0.01611	0.01544	0.02634	0.13034	0.63706	0.01581	0.02035	0.02016	0.01504	0.02132	0.01253	0.01677	0.01042	0.00607	0.00665	0.00202	0.00809	0.00598	0.00328	0.01023
29	0.01624	0.01402	0.01474	0.01330	0.01702	0.01612	0.01034	0.03431	0.67438	0.02756	0.02941	0.02707	0.05653	0.00951	0.00688	0.00228	0.00521	0.00793	0.00680	0.01036
30	0.01837	0.74114	0.03446	0.01150	0.01722	0.02595	0.01142	0.02054	0.01383	0.04124	0.00994	0.01120	0.00890	0.00583	0.00439	0.00146	0.00712	0.00370	0.00306	0.00871
31	0.00976	0.00651	0.00732	0.00732	0.00732	0.00651	0.00407	0.00976	0.00976	0.01301	0.02114	0.04391	0.02439	0.76419	0.03415	0.00651	0.00651	0.00976	0.00407	0.00407
32	0.00818	0.00584	0.00779	0.00934	0.00973	0.00545	0.00623	0.00934	0.01285	0.01713	0.03698	0.75981	0.04438	0.02102	0.00856	0.00273	0.00389	0.01908	0.00623	0.00545
33	0.00976	0.00651	0.00732	0.00732	0.00732	0.00651	0.00407	0.00976	0.00976	0.01301	0.02114	0.04391	0.02439	0.76419	0.03415	0.00651	0.00651	0.00976	0.00407	0.00407
34	0.05325	0.33358	0.09401	0.04337	0.04814	0.19446	0.03784	0.07176	0.01627	0.01952	0.01070	0.01264	0.00891	0.00645	0.00579	0.00175	0.02501	0.00446	0.00339	0.00871
35	0.01464	0.01452	0.02102	0.08676	0.07390	0.01968	0.01549	0.01658	0.01095	0.01668	0.00939	0.01512	0.00896	0.01084	0.01944	0.00280	0.62677	0.00589	0.00297	0.00760
36	0.01597	0.01517	0.02515	0.15503	0.55778	0.01583	0.01951	0.02117	0.06787	0.02161	0.01363	0.01746	0.01110	0.00634	0.00667	0.00205	0.00793	0.00610	0.00353	0.01011
37	0.01882	0.01237	0.01902	0.12558	0.26728	0.01233	0.01415	0.02268	0.04090	0.23210	0.09468	0.02485	0.03569	0.04032	0.00803	0.00227	0.00665	0.00728	0.00542	0.00956
38	0.01028	0.00663	0.00870	0.00960	0.01064	0.00616	0.00688	0.01183	0.01387	0.07173	0.06164	0.51233	0.08579	0.05755	0.00977	0.00286	0.00439	0.09708	0.00631	0.00597
39	0.09931	0.04637	0.01889	0.02127	0.22827	0.08539	0.04268	0.02025	0.03465	0.09305	0.02133	0.11349	0.03989	0.01016	0.00691	0.00222	0.00705	0.09542	0.00482	0.00857
40	0.06266	0.01890	0.08919	0.05185	0.31900	0.07269	0.07468	0.13703	0.01825	0.05168	0.03161	0.01690	0.01171	0.00674	0.00659	0.00203	0.00833	0.00599	0.00420	0.00997
41	0.01800	0.06680	0.01773	0.01604	0.09376	0.04057	0.01158	0.30634	0.02169	0.02857	0.02363	0.19045	0.04855	0.01190	0.00722	0.00223	0.00654	0.07368	0.00578	0.00894
42	0.06039	0.01757	0.01603	0.03901	0.09541	0.22230	0.01172	0.12944	0.01873	0.02320	0.05974	0.09753	0.08077	0.01089	0.00702	0.00216	0.00771	0.08737	0.00503	0.00798
43	0.10801	0.12524	0.02075	0.05375	0.02033	0.22273	0.06504	0.04915	0.04616	0.12322	0.03356	0.01702	0.01242	0.03181	0.00763	0.00210	0.04254	0.00553	0.00450	0.00853
44	0.07116	0.05189	0.02007	0.03957	0.04707	0.10572	0.01273	0.46607	0.02622	0.07244	0.01502	0.01552	0.01088	0.00760	0.00638	0.00197	0.00779	0.00562	0.00584	0.01045
45	0.04739	0.05436	0.01721	0.04798	0.10031	0.06042	0.01157	0.16243	0.08422	0.07838	0.02172	0.21601	0.02073	0.01121	0.00748	0.00223	0.03265	0.00938	0.00551	0.00880
46	0.05185	0.10665	0.02142	0.01784	0.11292	0.09871	0.08675	0.11524	0.01795	0.06142	0.06876	0.05601	0.04410	0.00853	0.00653	0.00194	0.00735	0.03290	0.00478	0.07836
47	0.05779	0.01855	0.03327	0.03566	0.03930	0.15479	0.03312	0.25764	0.09492	0.08195	0.02023	0.06258	0.04522	0.00907	0.00673	0.00209	0.00768	0.02427	0.00565	0.00948
48	0.04492	0.03906	0.07077	0.01464	0.04831	0.04191	0.01192	0.22742	0.09242	0.11309	0.02324	0.13012	0.05047	0.01053	0.00736	0.00220	0.02778	0.02849	0.00594	0.00942

[dist]
# distance from previous block
# <min> <max>
1	41

[block]
# block no. 2 follows, 32 sequences, length 59
# corresponding to MSA columns:
# 498-556
name=unknown_C
#
# <colnr> <probs for GDERKNQSTAVLIFYWHMCP>
#	G	D	E	R	K	N	Q	S	T	A	V	L	I	F	Y	W	H	M	C	P
0	0.09544	0.12110	0.01719	0.01198	0.01524	0.03128	0.03034	0.19658	0.01735	0.02432	0.03363	0.04051	0.04933	0.14558	0.11118	0.00398	0.03546	0.00708	0.00469	0.00776
1	0.06258	0.05797	0.10250	0.01219	0.01538	0.01223	0.01091	0.07602	0.04686	0.02009	0.01656	0.02250	0.01459	0.05523	0.43571	0.00729	0.01363	0.00647	0.00394	0.00736
2	0.01693	0.58730	0.10591	0.01217	0.01794	0.05831	0.01241	0.01963	0.01410	0.01660	0.01481	0.01591	0.07090	0.00685	0.00493	0.00160	0.00738	0.00470	0.00319	0.00845
3	0.01399	0.20618	0.48437	0.01613	0.02416	0.01722	0.01960	0.01980	0.01395	0.01948	0.01519	0.01710	0.05349	0.00900	0.04115	0.00239	0.00924	0.00532	0.00309	0.00915
4	0.01182	0.15719	0.12791	0.01173	0.01500	0.01273	0.01094	0.01467	0.01171	0.01614	0.01584	0.02397	0.01500	0.13714	0.38145	0.00702	0.01300	0.00652	0.00340	0.00683
5	0.06396	0.11261	0.60930	0.01765	0.02676	0.01673	0.02225	0.02103	0.01394	0.02121	0.01158	0.01359	0.00843	0.00630	0.00601	0.00205	0.00932	0.00473	0.00292	0.00961
6	0.01619	0.39344	0.24690	0.07860	0.02341	0.02095	0.01617	0.06243	0.01477	0.01925	0.01121	0.01348	0.00915	0.00818	0.03835	0.00218	0.00868	0.00454	0.00314	0.00897
7	0.10188	0.43690	0.19896	0.01310	0.01963	0.02105	0.01411	0.02156	0.01407	0.08783	0.01166	0.01278	0.00922	0.00620	0.00503	0.00173	0.00749	0.00423	0.00353	0.00906
8	0.01642	0.01380	0.12813	0.01161	0.01590	0.01029	0.01073	0.07954	0.05001	0.18813	0.26391	0.03582	0.12547	0.01101	0.00724	0.00212	0.00534	0.00926	0.00662	0.00864
9	0.01382	0.04415	0.43576	0.05989	0.02496	0.01402	0.01879	0.02098	0.07543	0.04703	0.01998	0.02308	0.07512	0.00815	0.00659	0.00211	0.00815	0.03892	0.00393	0.05913
10	0.05350	0.01301	0.04713	0.03421	0.03776	0.01168	0.01053	0.04827	0.01408	0.04613	0.01364	0.01788	0.01162	0.01216	0.09711	0.00273	0.09015	0.02550	0.00407	0.40885
11	0.03885	0.01347	0.06123	0.01267	0.01589	0.03891	0.01073	0.08570	0.20358	0.04608	0.14505	0.08782	0.04741	0.01217	0.00796	0.00237	0.03171	0.12385	0.00618	0.00836
12	0.08983	0.23945	0.02334	0.01676	0.11522	0.10416	0.01235	0.15345	0.05996	0.06849	0.01601	0.01681	0.04257	0.00727	0.00575	0.00184	0.00736	0.00540	0.00459	0.00938
13	0.01780	0.44045	0.12041	0.01269	0.01830	0.07163	0.01263	0.05355	0.01535	0.06262	0.01662	0.01761	0.07183	0.00880	0.03216	0.00203	0.00787	0.00520	0.00376	0.00868
14	0.00892	0.00703	0.00955	0.11979	0.01511	0.00699	0.00788	0.01087	0.01396	0.01820	0.10014	0.44970	0.17208	0.01743	0.00810	0.00251	0.00449	0.01553	0.00584	0.00587
15	0.02303	0.07238	0.01950	0.01580	0.01987	0.39752	0.01236	0.16937	0.15979	0.02414	0.01490	0.01545	0.01159	0.00752	0.00623	0.00188	0.00944	0.00529	0.00478	0.00916
16	0.02004	0.01316	0.01661	0.11128	0.02147	0.01327	0.02527	0.11200	0.17081	0.21407	0.02051	0.04140	0.01511	0.00788	0.00648	0.00194	0.00618	0.00656	0.00603	0.16991
17	0.10719	0.27612	0.14190	0.06276	0.02090	0.07389	0.01359	0.07663	0.08911	0.02244	0.04718	0.01579	0.01262	0.00699	0.00557	0.00187	0.00753	0.00508	0.00401	0.00886
18	0.02099	0.14751	0.15017	0.01633	0.05275	0.06031	0.01470	0.28920	0.09262	0.06828	0.01547	0.01594	0.01144	0.00732	0.00622	0.00195	0.00780	0.00553	0.00513	0.01035
19	0.01584	0.01810	0.03959	0.02828	0.03507	0.01697	0.69796	0.02149	0.01584	0.02149	0.01357	0.01810	0.01018	0.00566	0.00792	0.00226	0.01131	0.00792	0.00339	0.00905
20	0.00818	0.00584	0.00779	0.00934	0.00973	0.00545	0.00623	0.00934	0.01285	0.01713	0.03698	0.75981	0.04438	0.02102	0.00856	0.00273	0.00389	0.01908	0.00623	0.00545
21	0.02354	0.05956	0.01982	0.01549	0.01988	0.28139	0.03298	0.29852	0.02374	0.07057	0.07578	0.01782	0.01508	0.00796	0.00649	0.00190	0.00875	0.00592	0.00538	0.00942
22	0.00898	0.00689	0.00796	0.00798	0.00951	0.00632	0.00570	0.01141	0.03866	0.02034	0.25605	0.16055	0.30082	0.11505	0.01145	0.00285	0.00388	0.01347	0.00632	0.00579
23	0.01669	0.01441	0.01517	0.01365	0.01745	0.01669	0.01062	0.03565	0.71021	0.02807	0.02731	0.02503	0.02048	0.00910	0.00683	0.00228	0.00531	0.00759	0.00683	0.01062
24	0.01645	0.01599	0.02626	0.11369	0.63186	0.03687	0.02017	0.02042	0.01519	0.02127	0.01248	0.01661	0.01040	0.00608	0.00663	0.00201	0.00819	0.00593	0.00329	0.01022
25	0.01847	0.16168	0.05053	0.01399	0.01779	0.25740	0.01147	0.04006	0.19113	0.02003	0.01843	0.11351	0.01679	0.03130	0.00710	0.00210	0.00803	0.00715	0.00462	0.00842
26	0.00826	0.00590	0.00789	0.00944	0.00987	0.00553	0.00638	0.00950	0.01293	0.01723	0.03693	0.73684	0.04419	0.02094	0.00859	0.00274	0.00397	0.04117	0.00623	0.00547
27	0.00818	0.00584	0.00779	0.00934	0.00973	0.00545	0.00623	0.00934	0.01285	0.01713	0.03698	0.75981	0.04438	0.02102	0.00856	0.00273	0.00389	0.01908	0.00623	0.00545
28	0.05759	0.07418	0.01957	0.01539	0.01948	0.27998	0.01228	0.23437	0.12932	0.02676	0.01457	0.01536	0.01129	0.00779	0.00713	0.00197	0.05331	0.00537	0.00495	0.00935
29	0.08109	0.44937	0.27660	0.01395	0.02102	0.02177	0.01581	0.02047	0.01364	0.01887	0.01028	0.01197	0.00846	0.00600	0.00502	0.00173	0.00798	0.00407	0.00296	0.00896
30	0.01459	0.01383	0.02015	0.15989	0.28617	0.06789	0.03120	0.01809	0.01504	0.01983	0.03541	0.03320	0.01893	0.02955	0.00860	0.00246	0.03383	0.17896	0.00411	0.00826
31	0.01492	0.03267	0.66688	0.01849	0.02800	0.01508	0.02348	0.02225	0.01461	0.08309	0.01331	0.01493	0.00921	0.00654	0.00641	0.00212	0.00955	0.00511	0.00331	0.01005
32	0.01609	0.01539	0.02601	0.03912	0.67956	0.01533	0.01966	0.01994	0.01528	0.02169	0.01594	0.01948	0.05315	0.00664	0.00672	0.00201	0.00770	0.00647	0.00350	0.01033
33	0.00923	0.00649	0.00745	0.00767	0.00815	0.00630	0.00473	0.00978	0.01114	0.01454	0.03091	0.14543	0.14137	0.50682	0.05743	0.00547	0.00614	0.01166	0.00470	0.00461
34	0.03010	0.01142	0.01557	0.01194	0.01713	0.00986	0.00986	0.03270	0.01920	0.72698	0.02647	0.02284	0.01661	0.00830	0.00675	0.00208	0.00571	0.00675	0.00830	0.01142
35	0.00959	0.00719	0.01078	0.01078	0.01198	0.00839	0.00839	0.01198	0.01078	0.01558	0.01797	0.02636	0.01677	0.05032	0.73760	0.01078	0.01797	0.00719	0.00359	0.00599
36	0.01242	0.00732	0.00943	0.00908	0.01102	0.00657	0.00673	0.01466	0.01660	0.14360	0.29404	0.26608	0.14534	0.01551	0.00792	0.00232	0.00386	0.01364	0.00702	0.00684
37	0.61741	0.01281	0.01141	0.00970	0.01412	0.01408	0.00800	0.04252	0.01371	0.18305	0.01329	0.01367	0.00943	0.00674	0.00480	0.00207	0.00537	0.00439	0.00514	0.00830
38	0.02810	0.01311	0.01634	0.01259	0.01767	0.01256	0.01038	0.20650	0.02220	0.51583	0.02355	0.02118	0.01528	0.00822	0.00664	0.00204	0.00603	0.00654	0.04405	0.01118
39	0.00927	0.00694	0.00810	0.00775	0.00975	0.00610	0.00583	0.01173	0.01724	0.04042	0.39231	0.05629	0.37374	0.01514	0.00789	0.00218	0.00334	0.01296	0.00686	0.00614
40	0.02374	0.02424	0.01873	0.01599	0.02018	0.35821	0.01248	0.26456	0.14587	0.02756	0.01539	0.01580	0.01171	0.00770	0.00642	0.00193	0.00924	0.00550	0.00520	0.00956
41	0.00927	0.00685	0.00866	0.00821	0.00989	0.00624	0.00616	0.01223	0.01847	0.02566	0.62619	0.05218	0.15670	0.01418	0.00792	0.00213	0.00320	0.01242	0.00722	0.00624
42	0.00816	0.00591	0.00771	0.00916	0.00968	0.00547	0.00615	0.00936	0.01302	0.01720	0.03923	0.70944	0.09330	0.02073	0.00852	0.00269	0.00386	0.01872	0.00623	0.00547
43	0.02252	0.01035	0.01341	0.01101	0.01498	0.00944	0.00881	0.04157	0.07012	0.44414	0.15619	0.07066	0.07546	0.01064	0.00715	0.00214	0.00499	0.00896	0.00774	0.00971
44	0.02439	0.10178	0.02055	0.01674	0.02041	0.66988	0.01282	0.02616	0.01850	0.01636	0.01027	0.01197	0.00864	0.00680	0.00588	0.00170	0.01163	0.00425	0.00340	0.00786
45	0.01517	0.05668	0.28589	0.02403	0.07198	0.01681	0.33832	0.02224	0.06172	0.02162	0.01370	0.01673	0.01022	0.00617	0.00705	0.00216	0.01002	0.00652	0.00339	0.00954
46	0.01093	0.00807	0.01072	0.01194	0.01358	0.00818	0.01008	0.01515	0.07602	0.02038	0.03606	0.14832	0.06054	0.01794	0.00893	0.00295	0.00575	0.52174	0.00624	0.00647
47	0.01329	0.00701	0.00709	0.00680	0.00860	0.00713	0.00517	0.05668	0.01512	0.02605	0.02154	0.02448	0.01685	0.00783	0.00481	0.00159	0.00338	0.00624	0.75378	0.00656
48	0.01694	0.01584	0.06921	0.01401	0.01831	0.01636	0.01166	0.03446	0.63224	0.05317	0.02612	0.02413	0.01943	0.00887	0.00679	0.00226	0.00567	0.00736	0.00658	0.01060
49	0.01679	0.19346	0.23918	0.04993	0.02373	0.11558	0.08562	0.02086	0.01452	0.05277	0.01231	0.01516	0.00980	0.01000	0.05322	0.03777	0.03219	0.00520	0.00331	0.00857
50	0.00827	0.00588	0.00776	0.00922	0.00958	0.00552	0.00609	0.00937	0.01265	0.01687	0.03599	0.71495	0.04313	0.06759	0.01017	0.00296	0.00406	0.01849	0.00609	0.00536
51	0.02725	0.01079	0.01466	0.01145	0.01614	0.00937	0.00937	0.02993	0.01918	0.63005	0.12233	0.02662	0.02308	0.00905	0.00691	0.00208	0.00536	0.00749	0.00818	0.01071
52	0.01529	0.01591	0.11051	0.01573	0.04457	0.01454	0.05543	0.11699	0.25054	0.02532	0.02388	0.18609	0.02191	0.01129	0.00795	0.00236	0.04003	0.02691	0.00562	0.00912
53	0.01057	0.00818	0.00953	0.00983	0.01147	0.00819	0.00708	0.05971	0.11606	0.02096	0.06540	0.43737	0.17520	0.01734	0.00804	0.00250	0.00421	0.01529	0.00639	0.00668
54	0.01593	0.00792	0.00859	0.00774	0.01009	0.00785	0.00602	0.06975	0.01610	0.12351	0.02209	0.02404	0.01668	0.00790	0.00513	0.00167	0.00381	0.00631	0.63152	0.00736
55	0.00839	0.00625	0.00816	0.00941	0.00996	0.00602	0.00643	0.00962	0.01298	0.01719	0.03885	0.66774	0.10609	0.02031	0.00900	0.00269	0.03114	0.01813	0.00611	0.00554
56	0.01554	0.00918	0.00949	0.00840	0.01085	0.00965	0.00657	0.17526	0.01815	0.02904	0.02054	0.02294	0.01585	0.00787	0.00516	0.00167	0.00412	0.00620	0.61606	0.00746
57	0.01542	0.01192	0.01319	0.01132	0.01458	0.01263	0.00891	0.21558	0.17055	0.03023	0.26565	0.03717	0.14167	0.01160	0.00734	0.00214	0.00488	0.00971	0.00689	0.00862
58	0.01846	0.41746	0.06462	0.01793	0.12444	0.14898	0.01408	0.02103	0.01454	0.01713	0.01009	0.01242	0.00893	0.00658	0.00674	0.00175	0.07868	0.00436	0.00305	0.00871

[dist]
# distance from previous block
# <min> <max>
0	1

[block]
# block no. 3 follows, 32 sequences, length 77
# corresponding to MSA columns:
# 558-634
name=unknown_D
#
# <colnr> <probs for GDERKNQSTAVLIFYWHMCP>
#	G	D	E	R	K	N	Q	S	T	A	V	L	I	F	Y	W	H	M	C	P
0	0.00859	0.00689	0.00772	0.00770	0.00972	0.00601	0.00590	0.01081	0.01633	0.02070	0.24490	0.06148	0.48412	0.01621	0.00803	0.00229	0.00356	0.06662	0.00655	0.00589
1	0.01597	0.01440	0.02012	0.02579	0.34016	0.01536	0.01479	0.02656	0.32570	0.02514	0.08626	0.02355	0.02003	0.00811	0.00685	0.00213	0.00633	0.00728	0.00527	0.01022
2	0.18206	0.01768	0.01769	0.01394	0.01897	0.05220	0.01145	0.48203	0.02601	0.09138	0.01530	0.01541	0.01086	0.00766	0.00618	0.00202	0.00704	0.00554	0.00617	0.01042
3	0.01637	0.05142	0.02173	0.15873	0.10379	0.09241	0.01567	0.05867	0.01375	0.01856	0.01045	0.01515	0.00917	0.00914	0.01399	0.00245	0.37158	0.00565	0.00326	0.00808
4	0.01587	0.01680	0.07137	0.12549	0.54097	0.01588	0.07479	0.02028	0.01502	0.02126	0.01258	0.01673	0.01025	0.00607	0.00674	0.00205	0.00848	0.00607	0.00325	0.01007
5	0.01667	0.01617	0.02680	0.06484	0.68306	0.03248	0.02035	0.02062	0.01530	0.02163	0.01255	0.01655	0.01053	0.00602	0.00663	0.00200	0.00810	0.00594	0.00331	0.01045
6	0.00830	0.00589	0.00775	0.00918	0.00954	0.00553	0.00606	0.00938	0.01260	0.01680	0.03572	0.70256	0.04278	0.08045	0.01061	0.00303	0.00410	0.01833	0.00606	0.00534
7	0.02881	0.01113	0.01516	0.01172	0.01668	0.00964	0.00964	0.03144	0.01919	0.68310	0.06987	0.02455	0.01954	0.00864	0.00682	0.00208	0.00555	0.00709	0.00825	0.01110
8	0.01634	0.01713	0.02665	0.14245	0.12980	0.08413	0.20797	0.04594	0.01471	0.01969	0.01163	0.01626	0.00957	0.00779	0.01127	0.00235	0.21815	0.00634	0.00332	0.00851
9	0.01304	0.01230	0.02078	0.68276	0.10868	0.01500	0.01882	0.01746	0.01359	0.01759	0.01199	0.01777	0.00910	0.00664	0.00670	0.00221	0.00885	0.00596	0.00301	0.00775
10	0.00818	0.00584	0.00779	0.00934	0.00973	0.00545	0.00623	0.00934	0.01285	0.01713	0.03698	0.75981	0.04438	0.02102	0.00856	0.00273	0.00389	0.01908	0.00623	0.00545
11	0.01625	0.01842	0.03478	0.02562	0.03096	0.06610	0.52885	0.02089	0.01505	0.02019	0.01250	0.01708	0.00983	0.00684	0.01033	0.00235	0.14468	0.00731	0.00332	0.00866
12	0.01219	0.01008	0.01223	0.01223	0.05597	0.04346	0.02857	0.04122	0.04071	0.01777	0.08744	0.06191	0.04431	0.37863	0.06954	0.00488	0.05907	0.00923	0.00453	0.00602
13	0.01520	0.01019	0.01195	0.01111	0.01383	0.01051	0.00841	0.04142	0.25189	0.13666	0.11329	0.24047	0.08007	0.01345	0.00751	0.00235	0.00464	0.01169	0.00691	0.00844
14	0.01584	0.01810	0.03959	0.02828	0.03507	0.01697	0.69796	0.02149	0.01584	0.02149	0.01357	0.01810	0.01018	0.00566	0.00792	0.00226	0.01131	0.00792	0.00339	0.00905
15	0.01584	0.01516	0.02585	0.17867	0.59083	0.01574	0.02021	0.01992	0.01492	0.02099	0.01249	0.01686	0.01030	0.00612	0.00666	0.00204	0.00816	0.00598	0.00326	0.01001
16	0.02000	0.48261	0.04848	0.04749	0.01986	0.17345	0.01251	0.06449	0.01610	0.04517	0.01083	0.01227	0.00911	0.00629	0.00508	0.00161	0.00832	0.00417	0.00345	0.00870
17	0.01294	0.00897	0.01162	0.01221	0.01440	0.00912	0.01042	0.03689	0.09514	0.06616	0.03554	0.06418	0.07792	0.01642	0.00867	0.00285	0.00591	0.49712	0.00641	0.00713
18	0.27176	0.01190	0.01381	0.01098	0.01584	0.01147	0.00906	0.02869	0.01680	0.51149	0.02117	0.01915	0.01372	0.00766	0.00595	0.00208	0.00555	0.00578	0.00702	0.01014
19	0.02059	0.06131	0.05110	0.03755	0.01869	0.05347	0.04851	0.04840	0.04179	0.28324	0.06219	0.07085	0.01933	0.03299	0.00946	0.00235	0.09155	0.03162	0.00588	0.00912
20	0.01166	0.00583	0.00874	0.00874	0.00874	0.00583	0.00583	0.00874	0.00874	0.01166	0.01166	0.02040	0.01166	0.02331	0.02622	0.80478	0.00583	0.00583	0.00291	0.00291
21	0.01613	0.01563	0.02719	0.11799	0.60738	0.01589	0.06055	0.02027	0.01511	0.02137	0.01260	0.01684	0.01042	0.00604	0.00673	0.00204	0.00828	0.00609	0.00329	0.01019
22	0.01784	0.01508	0.01549	0.03976	0.01801	0.06638	0.01070	0.20675	0.31007	0.02939	0.09457	0.08054	0.04556	0.01020	0.00701	0.00218	0.00609	0.00842	0.00641	0.00953
23	0.01523	0.13746	0.03954	0.01175	0.01516	0.03341	0.00980	0.06634	0.18198	0.06133	0.15369	0.11175	0.07019	0.01220	0.02740	0.00236	0.02711	0.00910	0.00582	0.00837
24	0.00926	0.00730	0.00843	0.00839	0.01022	0.00680	0.00619	0.01284	0.07525	0.02184	0.28424	0.17662	0.31622	0.01589	0.00794	0.00229	0.00357	0.01375	0.00668	0.00628
25	0.00928	0.00735	0.03401	0.00945	0.01055	0.00642	0.00691	0.01177	0.04046	0.01947	0.09970	0.55859	0.04111	0.01793	0.00795	0.00250	0.00401	0.01610	0.09045	0.00598
26	0.07209	0.02139	0.04540	0.01699	0.02182	0.19313	0.10117	0.30569	0.06002	0.02955	0.01562	0.01676	0.03010	0.00772	0.00707	0.00204	0.03282	0.00598	0.00507	0.00958
27	0.01392	0.01261	0.02026	0.58236	0.10998	0.01506	0.01777	0.07364	0.01508	0.01970	0.01351	0.05218	0.01097	0.00741	0.00679	0.00222	0.00848	0.00658	0.00348	0.00801
28	0.00832	0.00598	0.00792	0.00938	0.00991	0.00558	0.00641	0.00964	0.01319	0.01753	0.05385	0.68886	0.06640	0.02060	0.00856	0.00271	0.00397	0.04942	0.00625	0.00551
29	0.01022	0.00754	0.01093	0.01078	0.01213	0.00873	0.00840	0.03517	0.01160	0.01681	0.01805	0.02597	0.01661	0.04738	0.68671	0.01016	0.01708	0.00712	0.03243	0.00618
30	0.01924	0.15404	0.26993	0.03686	0.05031	0.03564	0.03996	0.08511	0.06292	0.15916	0.01577	0.01642	0.01130	0.00695	0.00621	0.00199	0.00809	0.00549	0.00457	0.01003
31	0.01468	0.01468	0.02055	0.01762	0.01762	0.02055	0.01468	0.01615	0.01028	0.01615	0.00881	0.01468	0.00881	0.01174	0.02202	0.00294	0.75191	0.00587	0.00294	0.00734
32	0.00883	0.00632	0.00832	0.00970	0.01030	0.00602	0.00670	0.02897	0.01353	0.01802	0.03631	0.69610	0.04309	0.02050	0.00856	0.00273	0.00413	0.05996	0.00624	0.00566
33	0.21307	0.21451	0.22532	0.01482	0.02119	0.06643	0.07106	0.04714	0.01448	0.02264	0.01108	0.01300	0.00869	0.00625	0.00538	0.00190	0.00805	0.00455	0.02175	0.00869
34	0.00842	0.00673	0.00754	0.00753	0.00941	0.00585	0.00557	0.01052	0.01618	0.02067	0.26080	0.12398	0.46038	0.01638	0.00798	0.00226	0.00337	0.01400	0.00658	0.00585
35	0.02224	0.04538	0.07722	0.01572	0.02123	0.06669	0.04505	0.45559	0.07141	0.03457	0.01732	0.01767	0.03427	0.00790	0.00660	0.00198	0.00772	0.00613	0.00579	0.03952
36	0.04117	0.07178	0.24939	0.02813	0.02093	0.01296	0.03701	0.02031	0.03580	0.09457	0.01561	0.06290	0.01293	0.03160	0.00690	0.00193	0.00710	0.00596	0.00418	0.23886
37	0.04257	0.08299	0.59000	0.01831	0.02723	0.01605	0.05901	0.02080	0.01431	0.02142	0.03905	0.01541	0.01066	0.00657	0.00629	0.00208	0.00937	0.00525	0.00309	0.00954
38	0.01362	0.06142	0.70414	0.01885	0.02861	0.01598	0.02431	0.02121	0.01415	0.02105	0.01194	0.01404	0.00850	0.00635	0.00630	0.00210	0.00982	0.00491	0.00283	0.00987
39	0.00853	0.00713	0.00806	0.05358	0.01158	0.00637	0.00619	0.01069	0.01590	0.01978	0.19134	0.05883	0.54711	0.01571	0.00785	0.00223	0.00370	0.01325	0.00625	0.00591
40	0.04046	0.07541	0.09999	0.11243	0.31708	0.03558	0.08388	0.02111	0.04031	0.05121	0.04847	0.01813	0.01309	0.00669	0.00655	0.00203	0.00815	0.00615	0.00377	0.00951
41	0.01076	0.00769	0.01075	0.01221	0.01376	0.00767	0.01065	0.01386	0.01558	0.02033	0.06041	0.07476	0.03952	0.01836	0.00922	0.00305	0.00607	0.65295	0.00622	0.00618
42	0.00834	0.00667	0.00745	0.00755	0.00939	0.00579	0.00555	0.01030	0.01581	0.02006	0.21719	0.16201	0.46666	0.01680	0.00802	0.00230	0.00342	0.01440	0.00650	0.00579
43	0.04380	0.03113	0.58176	0.01888	0.02788	0.01624	0.06271	0.09849	0.01615	0.02398	0.01250	0.01450	0.00889	0.00652	0.00642	0.00212	0.00954	0.00521	0.00336	0.00994
44	0.01768	0.01716	0.02515	0.18108	0.37843	0.11101	0.08449	0.02155	0.01569	0.06436	0.01314	0.01681	0.01035	0.00637	0.00671	0.00204	0.00890	0.00599	0.00359	0.00949
45	0.00822	0.00587	0.00782	0.00931	0.00974	0.00548	0.00623	0.00945	0.01304	0.01743	0.05825	0.73767	0.04497	0.02079	0.00854	0.00271	0.00387	0.01886	0.00626	0.00548
46	0.02448	0.01720	0.01882	0.01458	0.01982	0.01856	0.01196	0.52712	0.09238	0.11209	0.01800	0.01752	0.01272	0.00800	0.00662	0.00198	0.00687	0.00614	0.00673	0.05841
47	0.01304	0.01135	0.01190	0.05778	0.01523	0.11462	0.00939	0.03558	0.01559	0.04493	0.10014	0.33882	0.03479	0.01573	0.00843	0.00251	0.02896	0.12889	0.00572	0.00659
48	0.01505	0.10048	0.02222	0.01692	0.01757	0.02123	0.01432	0.01660	0.01066	0.01611	0.00887	0.01423	0.00879	0.01106	0.02000	0.00277	0.66711	0.00561	0.00293	0.00748
49	0.57239	0.01403	0.01599	0.01762	0.17619	0.01540	0.06073	0.02005	0.01262	0.02761	0.01040	0.01273	0.00825	0.00613	0.00499	0.00207	0.00627	0.00448	0.00391	0.00816
50	0.00837	0.00678	0.00743	0.00733	0.00935	0.00584	0.00547	0.01046	0.01624	0.02052	0.24706	0.08226	0.51698	0.01621	0.00795	0.00224	0.00335	0.01375	0.00655	0.00584
51	0.03948	0.02179	0.29173	0.17712	0.06925	0.01506	0.14483	0.02053	0.01457	0.06952	0.01531	0.01828	0.03693	0.00698	0.00721	0.00219	0.03036	0.00624	0.00355	0.00905
52	0.00828	0.00592	0.00788	0.00927	0.00975	0.00552	0.00624	0.00960	0.01332	0.01788	0.08963	0.70501	0.04584	0.02046	0.00851	0.00268	0.00384	0.01854	0.00632	0.00552
53	0.01731	0.04765	0.31698	0.09133	0.06247	0.03615	0.08011	0.15827	0.01811	0.05223	0.01344	0.01556	0.00978	0.00667	0.00650	0.00203	0.00892	0.00556	0.00399	0.04695
54	0.01851	0.73297	0.03425	0.01150	0.01722	0.02577	0.01141	0.02068	0.01389	0.04892	0.01013	0.01133	0.00898	0.00586	0.00442	0.00146	0.00711	0.00374	0.00312	0.00874
55	0.00825	0.00594	0.00782	0.00919	0.00972	0.00551	0.00619	0.00956	0.01333	0.01778	0.08092	0.68838	0.07174	0.02041	0.00850	0.00267	0.00383	0.01845	0.00630	0.00551
56	0.01189	0.00626	0.00659	0.00670	0.00816	0.00619	0.00495	0.01484	0.01432	0.02442	0.07398	0.09489	0.02307	0.00947	0.00528	0.00171	0.00320	0.00787	0.67003	0.00619
57	0.01673	0.01637	0.02652	0.07854	0.65747	0.04489	0.02018	0.02065	0.01533	0.02144	0.01249	0.01650	0.01046	0.00606	0.00662	0.00200	0.00819	0.00591	0.00331	0.01034
58	0.01251	0.00625	0.00625	0.00625	0.00782	0.00625	0.00469	0.01563	0.01407	0.02502	0.02189	0.02502	0.01720	0.00782	0.00469	0.00156	0.00313	0.00625	0.80144	0.00625
59	0.00818	0.00584	0.00779	0.00934	0.00973	0.00545	0.00623	0.00934	0.01285	0.01713	0.03698	0.75981	0.04438	0.02102	0.00856	0.00273	0.00389	0.01908	0.00623	0.00545
60	0.01624	0.01559	0.02652	0.10258	0.61192	0.01591	0.04191	0.02091	0.04277	0.02173	0.01317	0.01710	0.01086	0.00616	0.00670	0.00203	0.00806	0.00610	0.00343	0.01029
61	0.01425	0.01185	0.01306	0.01188	0.01493	0.01317	0.00916	0.02784	0.47533	0.02767	0.26228	0.03356	0.03504	0.01067	0.00720	0.00222	0.00458	0.00913	0.00702	0.00916
62	0.01963	0.01543	0.01670	0.01424	0.01826	0.06114	0.03206	0.10238	0.43437	0.12329	0.04738	0.02329	0.01902	0.00888	0.00732	0.00220	0.03027	0.00721	0.00659	0.01033
63	0.01560	0.01743	0.03699	0.08915	0.03534	0.01678	0.61352	0.02167	0.04236	0.02138	0.01396	0.01835	0.01047	0.00588	0.00777	0.00226	0.01088	0.00774	0.00349	0.00897
64	0.01765	0.09926	0.01782	0.03911	0.04531	0.21856	0.01105	0.10444	0.04574	0.02347	0.22824	0.04535	0.02716	0.00962	0.00730	0.00197	0.03724	0.00755	0.00516	0.00801
65	0.00876	0.00693	0.00795	0.00797	0.00994	0.00612	0.00616	0.01108	0.01645	0.02107	0.26506	0.06144	0.43535	0.01617	0.00809	0.00232	0.00366	0.09297	0.00658	0.00593
66	0.01552	0.23564	0.42073	0.06289	0.02648	0.06801	0.04273	0.02106	0.01436	0.01916	0.01122	0.01345	0.00863	0.00623	0.00585	0.00192	0.00929	0.00470	0.00291	0.00922
67	0.02506	0.03198	0.01901	0.01729	0.02074	0.73725	0.01296	0.02679	0.01901	0.01642	0.01037	0.01210	0.00864	0.00691	0.00605	0.00173	0.01210	0.00432	0.00346	0.00778
68	0.01391	0.01193	0.01391	0.00994	0.01590	0.00894	0.00795	0.01690	0.01391	0.02186	0.01193	0.01391	0.00994	0.00497	0.00497	0.00099	0.00497	0.00398	0.00398	0.80521
69	0.01051	0.00605	0.00813	0.00836	0.00842	0.00599	0.00531	0.00917	0.00969	0.01293	0.01859	0.13929	0.02078	0.26769	0.02619	0.42056	0.00576	0.00912	0.00379	0.00368
70	0.05854	0.04769	0.46013	0.01631	0.02396	0.04063	0.01906	0.02196	0.04167	0.08309	0.04309	0.02006	0.01362	0.00761	0.00642	0.00211	0.00846	0.04520	0.00398	0.03641
71	0.06551	0.17201	0.07744	0.02081	0.18349	0.16353	0.01484	0.02181	0.03828	0.04244	0.03453	0.01531	0.01145	0.00733	0.00790	0.00198	0.10362	0.00521	0.00363	0.00886
72	0.07328	0.13081	0.04528	0.01702	0.10617	0.06293	0.05280	0.10926	0.06134	0.06964	0.05612	0.04589	0.03414	0.00819	0.00693	0.00197	0.04164	0.00654	0.02935	0.04069
73	0.06625	0.16138	0.11746	0.02925	0.06900	0.06257	0.05416	0.12261	0.10415	0.08232	0.01507	0.01600	0.01138	0.00688	0.00600	0.00190	0.00761	0.00542	0.00461	0.05600
74	0.07669	0.21515	0.09385	0.01451	0.05590	0.03769	0.01253	0.09400	0.08871	0.06834	0.06583	0.01958	0.03648	0.00966	0.03525	0.00231	0.05392	0.00597	0.00463	0.00899
75	0.10358	0.08782	0.10109	0.03244	0.04409	0.11099	0.08629	0.10785	0.01743	0.02382	0.09160	0.02378	0.09896	0.00871	0.00700	0.00204	0.03267	0.00698	0.00453	0.00833
76	0.01677	0.22524	0.11369	0.01545	0.07941	0.06001	0.01309	0.06824	0.08078	0.04057	0.01914	0.02004	0.08575	0.00780	0.00650	0.00182	0.03590	0.00590	0.00421	0.09971

[dist]
# distance from previous block
# <min> <max>
0	207

[block]
# block no. 4 follows, 32 sequences, length 8
# corresponding to MSA columns:
# 847-854
name=unknown_E
#
# <colnr> <probs for GDERKNQSTAVLIFYWHMCP>
#	G	D	E	R	K	N	Q	S	T	A	V	L	I	F	Y	W	H	M	C	P
0	0.13387	0.00938	0.01188	0.01224	0.06735	0.00921	0.05136	0.01438	0.04262	0.02203	0.13386	0.15085	0.26226	0.01366	0.00735	0.00230	0.00476	0.03817	0.00569	0.00679
1	0.09263	0.25057	0.05471	0.01425	0.01860	0.12403	0.03983	0.06481	0.04561	0.06724	0.01414	0.01880	0.01218	0.00816	0.00764	0.00202	0.09357	0.05851	0.00414	0.00855
2	0.01427	0.11769	0.01607	0.00989	0.01516	0.01101	0.00819	0.01706	0.01462	0.04609	0.08112	0.02026	0.05862	0.00675	0.00539	0.00128	0.00504	0.00540	0.00443	0.54164
3	0.01692	0.13280	0.33108	0.02279	0.18361	0.04215	0.04711	0.08447	0.01634	0.04360	0.01260	0.01476	0.00959	0.00640	0.00623	0.00198	0.00885	0.00525	0.00352	0.00997
4	0.07084	0.22490	0.12292	0.01535	0.03688	0.25126	0.01374	0.06739	0.03566	0.06107	0.01285	0.01525	0.01045	0.00703	0.00573	0.00183	0.00889	0.02523	0.00392	0.00881
5	0.00857	0.00656	0.00786	0.00809	0.00960	0.00585	0.00586	0.01066	0.01598	0.02106	0.29735	0.24797	0.29658	0.01689	0.00810	0.00233	0.00345	0.01475	0.00665	0.00585
6	0.01477	0.01439	0.05299	0.05902	0.35499	0.01420	0.04241	0.03656	0.05773	0.02139	0.01783	0.02803	0.01634	0.01279	0.07571	0.00308	0.04368	0.12094	0.00409	0.00907
7	0.07766	0.21962	0.10604	0.01764	0.08987	0.18013	0.04617	0.04772	0.11486	0.02117	0.01320	0.01461	0.01057	0.00669	0.00577	0.00186	0.00846	0.00501	0.00386	0.00908

[dist]
# distance from previous block
# <min> <max>
0	1

[block]
# block no. 5 follows, 32 sequences, length 458
# corresponding to MSA columns:
# 856-1313
name=unknown_F
#
# <colnr> <probs for GDERKNQSTAVLIFYWHMCP>
#	G	D	E	R	K	N	Q	S	T	A	V	L	I	F	Y	W	H	M	C	P
0	0.06501	0.16442	0.09244	0.04639	0.07281	0.06350	0.10937	0.19726	0.03834	0.02569	0.01281	0.01490	0.00997	0.00699	0.00709	0.00200	0.05185	0.00551	0.00420	0.00947
1	0.01589	0.02037	0.18854	0.11178	0.18294	0.04186	0.10151	0.06984	0.09067	0.02260	0.01560	0.01832	0.03076	0.00729	0.00769	0.00217	0.05249	0.00632	0.00386	0.00951
2	0.00813	0.00602	0.00760	0.00886	0.00960	0.00549	0.00601	0.00940	0.01331	0.01732	0.04289	0.62737	0.17301	0.02025	0.00844	0.00264	0.00380	0.01814	0.00623	0.00549
3	0.01920	0.10630	0.18727	0.06442	0.10782	0.30106	0.01673	0.04066	0.01644	0.01901	0.01116	0.01357	0.00898	0.00666	0.00653	0.00188	0.03303	0.00478	0.00329	0.03120
4	0.00855	0.00682	0.00765	0.00744	0.00944	0.00593	0.00558	0.01082	0.01675	0.02158	0.32431	0.05888	0.46111	0.01570	0.00792	0.00220	0.00331	0.01336	0.00669	0.00593
5	0.04239	0.74496	0.03438	0.01140	0.01709	0.02620	0.01135	0.02008	0.01357	0.01623	0.00933	0.01077	0.00857	0.00576	0.00430	0.00145	0.00711	0.00359	0.00291	0.00857
6	0.00937	0.00685	0.00879	0.00831	0.00995	0.00628	0.00623	0.01241	0.01869	0.02619	0.66545	0.05131	0.11711	0.01399	0.00792	0.00212	0.00318	0.01230	0.00729	0.00628
