[name]
unknown

[dist]
# distance from previous block
# <min> <max>
15	45

[block]
# block no. 0 follows, 32 sequences, length 24
# corresponding to MSA columns:
# 47-70
name=unknown_A
#
# <colnr> <probs for GDERKNQSTAVLIFYWHMCP>
#	G	D	E	R	K	N	Q	S	T	A	V	L	I	F	Y	W	H	M	C	P
0	0.04795	0.01481	0.02302	0.28275	0.26715	0.04685	0.07925	0.05321	0.01532	0.04277	0.01329	0.01839	0.01073	0.04688	0.00813	0.00234	0.00851	0.00621	0.00361	0.00882
1	0.04950	0.01259	0.01845	0.09767	0.25322	0.03536	0.02787	0.04836	0.01428	0.04111	0.01688	0.10489	0.01599	0.05363	0.13208	0.01918	0.03904	0.00778	0.00403	0.00811
2	0.00981	0.00661	0.00807	0.00839	0.00964	0.00600	0.00585	0.01112	0.01410	0.05580	0.13138	0.31300	0.22838	0.10671	0.01212	0.04273	0.00416	0.01438	0.00607	0.00565
3	0.24988	0.01325	0.01342	0.01159	0.01535	0.01463	0.00921	0.21817	0.11339	0.02989	0.02026	0.12152	0.04002	0.01241	0.05405	0.00271	0.00643	0.00763	0.00558	0.04060
4	0.04528	0.00808	0.01017	0.00993	0.01136	0.00881	0.00749	0.05416	0.01380	0.02026	0.09611	0.16966	0.06437	0.07193	0.25436	0.00539	0.04716	0.01011	0.08530	0.00627
5	0.44854	0.01195	0.01107	0.00982	0.01340	0.01328	0.00777	0.05155	0.09928	0.09701	0.01615	0.04913	0.01320	0.04590	0.00745	0.03456	0.00527	0.00574	0.05113	0.00781
6	0.11869	0.00862	0.01003	0.00975	0.01197	0.00852	0.00725	0.03722	0.04493	0.14173	0.07881	0.36403	0.06266	0.01465	0.00727	0.00237	0.00443	0.01270	0.04714	0.00722
7	0.06396	0.00812	0.00923	0.00916	0.01110	0.00792	0.00663	0.01538	0.08988	0.08804	0.06201	0.28886	0.20340	0.09267	0.01036	0.00282	0.00443	0.01320	0.00618	0.00665
8	0.09622	0.00979	0.01090	0.01013	0.01265	0.01010	0.00758	0.05053	0.15204	0.10519	0.10638	0.18740	0.10411	0.09451	0.01011	0.00275	0.00483	0.01089	0.00629	0.00759
9	0.10030	0.01149	0.01318	0.01131	0.01483	0.01179	0.00889	0.12847	0.11902	0.21734	0.11209	0.13461	0.02563	0.02652	0.00742	0.00227	0.00520	0.00901	0.03160	0.00903
10	0.01071	0.00709	0.00892	0.00915	0.01068	0.00657	0.00659	0.01336	0.04623	0.08046	0.21012	0.38512	0.14541	0.01700	0.00808	0.00243	0.00386	0.01506	0.00672	0.00644
11	0.07754	0.01611	0.01719	0.01385	0.01832	0.01778	0.01121	0.49101	0.08614	0.03694	0.05611	0.09064	0.01788	0.00958	0.00679	0.00212	0.00649	0.00760	0.00653	0.01020
12	0.01102	0.00805	0.00985	0.00974	0.01124	0.00807	0.00706	0.10337	0.01637	0.02211	0.17328	0.33338	0.09167	0.08263	0.07682	0.00352	0.00568	0.01365	0.00611	0.00638
13	0.00959	0.00719	0.01078	0.01078	0.01198	0.00839	0.00839	0.01198	0.01078	0.01558	0.01797	0.02636	0.01677	0.05032	0.73760	0.01078	0.01797	0.00719	0.00359	0.00599
14	0.00951	0.00700	0.00795	0.00768	0.00979	0.00607	0.00577	0.01169	0.01654	0.05527	0.26927	0.09000	0.44792	0.01573	0.00790	0.00223	0.00346	0.01339	0.00669	0.00614
15	0.00862	0.00655	0.00798	0.00881	0.00993	0.00608	0.00615	0.01089	0.04466	0.01880	0.10998	0.48638	0.21294	0.01879	0.00827	0.00253	0.00376	0.01668	0.00637	0.00582
16	0.19147	0.01183	0.01306	0.01126	0.01492	0.01246	0.00890	0.10207	0.12617	0.21004	0.05772	0.10603	0.02040	0.03535	0.04630	0.00278	0.00607	0.00792	0.00632	0.00893
17	0.01391	0.01193	0.01391	0.00994	0.01590	0.00894	0.00795	0.01690	0.01391	0.02186	0.01193	0.01391	0.00994	0.00497	0.00497	0.00099	0.00497	0.00398	0.00398	0.80521
18	0.02262	0.01780	0.01848	0.01492	0.01971	0.04300	0.01206	0.46117	0.25250	0.03680	0.01957	0.01889	0.01428	0.00836	0.00673	0.00209	0.00686	0.00649	0.00664	0.01103
19	0.00854	0.00640	0.00772	0.00823	0.00938	0.00580	0.00573	0.01020	0.01463	0.01921	0.19600	0.33697	0.24069	0.08614	0.01058	0.00280	0.00383	0.01527	0.00629	0.00558
20	0.03694	0.02779	0.01559	0.04761	0.09005	0.06210	0.01076	0.16163	0.09384	0.02491	0.08872	0.09378	0.07299	0.08599	0.03231	0.00285	0.02985	0.00872	0.00536	0.00820
21	0.08853	0.04243	0.01791	0.09913	0.06365	0.12489	0.01222	0.15878	0.03985	0.12054	0.03389	0.01925	0.04285	0.00897	0.02446	0.00221	0.04074	0.00603	0.00507	0.04860
22	0.01176	0.00827	0.01021	0.01106	0.04395	0.02810	0.00745	0.05792	0.01436	0.04015	0.06062	0.35776	0.08879	0.01849	0.03000	0.14082	0.00519	0.01283	0.04624	0.00601
23	0.08602	0.00731	0.00855	0.04713	0.01162	0.00717	0.00652	0.01140	0.01404	0.01983	0.15092	0.29752	0.20183	0.08752	0.01022	0.00279	0.00429	0.01370	0.00584	0.00579

[dist]
# distance from previous block
# <min> <max>
3	13

[block]
# block no. 1 follows, 32 sequences, length 9
# corresponding to MSA columns:
# 85-93
name=unknown_B
#
# <colnr> <probs for GDERKNQSTAVLIFYWHMCP>
#	G	D	E	R	K	N	Q	S	T	A	V	L	I	F	Y	W	H	M	C	P
0	0.07462	0.04399	0.07108	0.08718	0.03944	0.04212	0.01270	0.28677	0.02066	0.05452	0.01555	0.05585	0.01289	0.05144	0.00835	0.00225	0.02857	0.00636	0.00506	0.08059
1	0.02230	0.06090	0.08531	0.01983	0.14236	0.08679	0.01484	0.36423	0.02381	0.06805	0.01464	0.01563	0.01082	0.00723	0.00642	0.00193	0.00798	0.00561	0.00526	0.03606
2	0.09262	0.01632	0.04654	0.06096	0.29009	0.01596	0.19536	0.08063	0.03953	0.02446	0.01361	0.01689	0.01066	0.00628	0.00663	0.00205	0.00828	0.00624	0.03169	0.03523
3	0.01374	0.01250	0.02013	0.68692	0.04409	0.01540	0.01814	0.07413	0.01493	0.01924	0.01228	0.01774	0.00915	0.00682	0.00671	0.00222	0.00881	0.00597	0.00329	0.00778
4	0.01478	0.01457	0.05060	0.01454	0.08429	0.10542	0.01056	0.13124	0.01801	0.02281	0.04812	0.17652	0.19083	0.01268	0.00729	0.00217	0.00627	0.03457	0.00540	0.04932
5	0.05244	0.56937	0.03041	0.09782	0.05147	0.02302	0.01220	0.01910	0.01330	0.01662	0.00991	0.01241	0.00885	0.00689	0.00594	0.04773	0.00725	0.00410	0.00296	0.00818
6	0.01551	0.01497	0.02595	0.23093	0.50542	0.01572	0.05436	0.01971	0.01481	0.02061	0.01248	0.01703	0.01015	0.00616	0.00673	0.00207	0.00840	0.00607	0.00323	0.00969
7	0.01149	0.00960	0.01255	0.01289	0.05095	0.03678	0.00926	0.01501	0.06907	0.01720	0.04693	0.02735	0.01868	0.11912	0.45205	0.00789	0.06514	0.00745	0.00401	0.00658
8	0.01669	0.01441	0.01517	0.01365	0.01745	0.01669	0.01062	0.03565	0.71021	0.02807	0.02731	0.02503	0.02048	0.00910	0.00683	0.00228	0.00531	0.00759	0.00683	0.01062

[dist]
# distance from previous block
# <min> <max>
0	1

[block]
# block no. 2 follows, 32 sequences, length 36
# corresponding to MSA columns:
# 95-130
name=unknown_C
#
# <colnr> <probs for GDERKNQSTAVLIFYWHMCP>
#	G	D	E	R	K	N	Q	S	T	A	V	L	I	F	Y	W	H	M	C	P
0	0.01543	0.01292	0.01407	0.01260	0.01609	0.01438	0.00984	0.05347	0.51068	0.02780	0.14575	0.03032	0.02770	0.01001	0.00701	0.00221	0.00503	0.03176	0.00677	0.04617
1	0.81159	0.01298	0.00986	0.00882	0.01298	0.01505	0.00727	0.01972	0.01142	0.03010	0.00934	0.01090	0.00727	0.00623	0.00415	0.00208	0.00519	0.00363	0.00415	0.00727
2	0.00824	0.00587	0.00777	0.00926	0.00963	0.00549	0.00614	0.00936	0.01272	0.01696	0.03634	0.73096	0.04357	0.05097	0.00960	0.00288	0.00400	0.01870	0.00614	0.00539
3	0.01148	0.00826	0.00925	0.00866	0.01108	0.00772	0.00655	0.04570	0.07465	0.07403	0.17610	0.10547	0.38260	0.03756	0.00853	0.00238	0.00400	0.01255	0.00661	0.00683
4	0.02506	0.03198	0.01901	0.01729	0.02074	0.73725	0.01296	0.02679	0.01901	0.01642	0.01037	0.01210	0.00864	0.00691	0.00605	0.00173	0.01210	0.00432	0.00346	0.00778
5	0.02134	0.02139	0.01898	0.15468	0.06567	0.31079	0.01368	0.11581	0.05392	0.07541	0.01378	0.01561	0.01050	0.00703	0.00630	0.00187	0.00921	0.00528	0.00438	0.07435
6	0.25438	0.01272	0.01629	0.34047	0.02920	0.01457	0.01325	0.07723	0.01532	0.14550	0.01401	0.01652	0.00997	0.00695	0.00596	0.00214	0.00714	0.00541	0.00456	0.00841
7	0.02437	0.03052	0.01870	0.01698	0.02047	0.67749	0.01277	0.02753	0.07634	0.01739	0.01178	0.01317	0.00963	0.00710	0.00611	0.00177	0.01154	0.00459	0.00374	0.00801
8	0.01627	0.56796	0.13454	0.01252	0.01833	0.02273	0.01307	0.01928	0.01337	0.01657	0.01077	0.01315	0.00958	0.01123	0.09340	0.00267	0.00889	0.00423	0.00295	0.00849
9	0.01251	0.00625	0.00625	0.00625	0.00782	0.00625	0.00469	0.01563	0.01407	0.02502	0.02189	0.02502	0.01720	0.00782	0.00469	0.00156	0.00313	0.00625	0.80144	0.00625
10	0.00972	0.00667	0.00813	0.00813	0.00842	0.00695	0.00508	0.01028	0.01000	0.01361	0.02040	0.03978	0.02260	0.59609	0.19980	0.00751	0.00921	0.00915	0.00395	0.00452
11	0.02093	0.00947	0.01198	0.00991	0.01382	0.00811	0.00793	0.02313	0.01749	0.43333	0.04240	0.06844	0.28030	0.01207	0.00726	0.00217	0.00477	0.01002	0.00745	0.00903
12	0.02362	0.02895	0.01835	0.01666	0.02018	0.61299	0.01256	0.02832	0.13822	0.01843	0.01329	0.01433	0.01068	0.00729	0.00618	0.00182	0.01093	0.00488	0.00404	0.00827
13	0.02506	0.01836	0.01966	0.01512	0.02036	0.02031	0.01248	0.67650	0.03095	0.04170	0.01631	0.01641	0.01161	0.00805	0.00664	0.00200	0.00724	0.00605	0.03396	0.01123
14	0.02473	0.01785	0.01933	0.01491	0.02005	0.01959	0.01228	0.63726	0.03040	0.06455	0.05749	0.01832	0.01462	0.00839	0.00678	0.00202	0.00708	0.00642	0.00681	0.01111
15	0.00850	0.00645	0.00784	0.00826	0.00961	0.00579	0.00590	0.01045	0.01551	0.02045	0.25643	0.32281	0.26264	0.01751	0.00816	0.00239	0.00351	0.01539	0.00659	0.00579
16	0.01584	0.01810	0.03959	0.02828	0.03507	0.01697	0.69796	0.02149	0.01584	0.02149	0.01357	0.01810	0.01018	0.00566	0.00792	0.00226	0.01131	0.00792	0.00339	0.00905
17	0.10953	0.01161	0.01481	0.01156	0.01647	0.01061	0.00952	0.05401	0.01883	0.59546	0.05928	0.02274	0.01782	0.00835	0.00654	0.00208	0.00559	0.00667	0.00777	0.01073
18	0.00843	0.00584	0.00786	0.00930	0.00966	0.00548	0.00620	0.00930	0.01254	0.01672	0.03510	0.70498	0.04195	0.02119	0.00987	0.06220	0.00404	0.01809	0.00598	0.00526
19	0.02464	0.01311	0.01591	0.01249	0.01707	0.01299	0.01020	0.25980	0.02344	0.35854	0.15297	0.02564	0.02359	0.00924	0.00695	0.00206	0.00581	0.00752	0.00758	0.01046
20	0.17439	0.01589	0.01685	0.01307	0.01825	0.01685	0.01077	0.40072	0.02402	0.13319	0.01580	0.01581	0.01118	0.00740	0.00603	0.00192	0.00646	0.00545	0.00614	0.09982
21	0.00865	0.00646	0.00797	0.00900	0.01000	0.00597	0.00629	0.02711	0.01399	0.01811	0.04375	0.55250	0.20335	0.01965	0.00839	0.00261	0.00394	0.04036	0.00624	0.00568
22	0.01568	0.17701	0.04929	0.01199	0.01788	0.01434	0.04499	0.07639	0.01568	0.02246	0.04074	0.01513	0.01192	0.00585	0.00530	0.00133	0.00610	0.00464	0.00403	0.45923
23	0.04479	0.01480	0.01888	0.18295	0.16968	0.08752	0.01435	0.07228	0.04034	0.09623	0.01505	0.01880	0.01194	0.02883	0.09799	0.00323	0.03922	0.00604	0.00425	0.03283
24	0.00888	0.00617	0.00769	0.00850	0.00883	0.00592	0.00541	0.00975	0.01212	0.01627	0.08146	0.43207	0.03810	0.30607	0.01835	0.00413	0.00484	0.01498	0.00548	0.00498
25	0.01705	0.01359	0.01477	0.01294	0.01660	0.01523	0.01014	0.11965	0.47869	0.05237	0.14505	0.02811	0.02654	0.00973	0.00700	0.00221	0.00523	0.00814	0.00696	0.01001
26	0.05860	0.06187	0.16525	0.01436	0.04689	0.07063	0.02791	0.06558	0.08343	0.06913	0.12139	0.05317	0.11465	0.00980	0.00674	0.00209	0.00672	0.00803	0.00519	0.00858
27	0.01040	0.00778	0.01126	0.01102	0.01243	0.00902	0.00861	0.04713	0.01184	0.01694	0.01788	0.02584	0.01650	0.04816	0.70026	0.01034	0.01743	0.00713	0.00375	0.00627
28	0.00838	0.00605	0.00798	0.00944	0.01003	0.00565	0.00654	0.00973	0.01320	0.01743	0.03867	0.66317	0.08333	0.02058	0.00858	0.00273	0.00405	0.07270	0.00622	0.00552
29	0.02330	0.02835	0.02003	0.04354	0.09588	0.57831	0.01403	0.04982	0.01849	0.01796	0.01080	0.01303	0.00897	0.00707	0.00689	0.00184	0.04530	0.00468	0.00352	0.00818
30	0.12155	0.19357	0.15632	0.04703	0.16301	0.01796	0.08948	0.04461	0.01490	0.04753	0.01283	0.01654	0.01045	0.00662	0.00596	0.00198	0.00801	0.02882	0.00363	0.00920
31	0.01028	0.00741	0.00845	0.00825	0.00992	0.00702	0.00587	0.01298	0.06201	0.05095	0.12709	0.11044	0.29989	0.19526	0.05136	0.00372	0.00513	0.01213	0.00586	0.00597
32	0.01037	0.00860	0.01093	0.03923	0.08358	0.03343	0.00842	0.01278	0.03664	0.01884	0.10197	0.39323	0.10654	0.06721	0.00979	0.00275	0.00496	0.03869	0.00571	0.00634
33	0.04905	0.01845	0.15051	0.08776	0.22625	0.01593	0.01678	0.17053	0.04313	0.02581	0.01784	0.05303	0.05336	0.00823	0.00721	0.00214	0.03313	0.00684	0.00440	0.00961
34	0.06136	0.09639	0.02054	0.01516	0.04319	0.01285	0.17551	0.03349	0.04173	0.09646	0.05379	0.10235	0.19761	0.01083	0.00712	0.00217	0.00645	0.00975	0.00524	0.00801
35	0.01184	0.00923	0.03687	0.03818	0.03988	0.00843	0.00860	0.01601	0.08852	0.07344	0.21084	0.25213	0.09111	0.05244	0.00912	0.00257	0.00471	0.03272	0.00628	0.00706

[dist]
# distance from previous block
# <min> <max>
0	141

[block]
# block no. 3 follows, 32 sequences, length 73
# corresponding to MSA columns:
# 318-390
name=unknown_D
#
# <colnr> <probs for GDERKNQSTAVLIFYWHMCP>
#	G	D	E	R	K	N	Q	S	T	A	V	L	I	F	Y	W	H	M	C	P
0	0.03317	0.06824	0.12809	0.01735	0.07590	0.05018	0.06092	0.23042	0.05823	0.04142	0.01689	0.07668	0.01435	0.03465	0.04714	0.00267	0.00833	0.00700	0.00487	0.02351
1	0.01472	0.10493	0.08848	0.03208	0.07511	0.07734	0.05279	0.06188	0.04075	0.02076	0.05572	0.20198	0.03935	0.01092	0.00757	0.00213	0.04198	0.00925	0.00460	0.05764
2	0.12926	0.08440	0.04226	0.05319	0.08100	0.06991	0.01068	0.03692	0.05351	0.04663	0.02787	0.08413	0.16690	0.01279	0.04618	0.00260	0.00689	0.03237	0.00480	0.00771
3	0.01626	0.01482	0.05698	0.07272	0.05876	0.01368	0.04855	0.17847	0.08632	0.02669	0.05378	0.05458	0.04887	0.00814	0.00647	0.00184	0.00645	0.00692	0.00507	0.23464
4	0.05246	0.14339	0.09846	0.10973	0.09343	0.01485	0.01315	0.07125	0.04088	0.06084	0.05851	0.13966	0.05676	0.00992	0.00657	0.00210	0.00662	0.00833	0.00470	0.00841
5	0.03857	0.00768	0.00932	0.00907	0.01102	0.00722	0.00669	0.01468	0.03706	0.12069	0.13846	0.22703	0.19462	0.08336	0.04702	0.00315	0.00501	0.02640	0.00632	0.00663
6	0.01233	0.01042	0.01320	0.10566	0.01831	0.00885	0.00891	0.01506	0.01359	0.02008	0.01813	0.19903	0.01833	0.00917	0.00608	0.00158	0.00522	0.00797	0.00440	0.50366
7	0.00930	0.00670	0.00901	0.01039	0.01130	0.00648	0.00786	0.01158	0.02804	0.01887	0.07328	0.47754	0.04300	0.01955	0.00873	0.00280	0.00465	0.23879	0.00629	0.00585
8	0.01477	0.01467	0.02030	0.01743	0.01761	0.02037	0.01449	0.01706	0.04307	0.01671	0.00967	0.01517	0.00935	0.01162	0.02131	0.00291	0.71693	0.00595	0.00312	0.00749
9	0.03426	0.02007	0.27621	0.12226	0.05683	0.03888	0.05291	0.01854	0.01412	0.06322	0.02021	0.03922	0.08353	0.07982	0.04888	0.00302	0.00880	0.00714	0.00387	0.00822
10	0.17035	0.01598	0.01618	0.01313	0.01783	0.07559	0.01073	0.26103	0.05686	0.23712	0.01879	0.01970	0.01352	0.00818	0.00631	0.00208	0.00673	0.03339	0.00642	0.01009
11	0.00825	0.00589	0.00785	0.00929	0.00975	0.00550	0.00623	0.00952	0.01318	0.01765	0.07359	0.72171	0.04540	0.02063	0.00853	0.00269	0.00385	0.01870	0.00629	0.00550
12	0.06093	0.01172	0.01421	0.01164	0.01589	0.01142	0.00951	0.13008	0.06122	0.38515	0.02614	0.04711	0.04438	0.00953	0.00669	0.00212	0.00556	0.05206	0.08469	0.00994
13	0.01807	0.16447	0.10105	0.05848	0.14246	0.04938	0.14388	0.12177	0.04269	0.04802	0.01531	0.01739	0.03359	0.00685	0.00644	0.00198	0.00846	0.00606	0.00408	0.00956
14	0.00910	0.00691	0.00840	0.00916	0.01047	0.00651	0.00676	0.01161	0.04613	0.01882	0.08970	0.33783	0.22786	0.05837	0.00976	0.00280	0.00429	0.12346	0.00621	0.00585
15	0.00843	0.00629	0.00777	0.00862	0.00964	0.00573	0.00603	0.00999	0.01415	0.01848	0.12595	0.44821	0.21237	0.05109	0.00946	0.00271	0.00387	0.03936	0.00627	0.00557
16	0.05325	0.01252	0.04544	0.05397	0.01766	0.01306	0.03901	0.13614	0.01581	0.09726	0.01799	0.07360	0.01618	0.10647	0.17976	0.00474	0.09694	0.00761	0.00475	0.00785
17	0.01737	0.21804	0.11665	0.02324	0.12917	0.07676	0.25307	0.05062	0.01591	0.02052	0.01199	0.01492	0.00956	0.00602	0.00640	0.00194	0.00946	0.00577	0.00333	0.00927
18	0.00818	0.00584	0.00779	0.00934	0.00973	0.00545	0.00623	0.00934	0.01285	0.01713	0.03698	0.75981	0.04438	0.02102	0.00856	0.00273	0.00389	0.01908	0.00623	0.00545
19	0.01480	0.01636	0.03478	0.02515	0.03116	0.01530	0.59080	0.02003	0.01620	0.02204	0.10127	0.02354	0.04013	0.00701	0.00792	0.00224	0.01006	0.00864	0.00397	0.00861
20	0.01717	0.01887	0.11797	0.05449	0.12581	0.01676	0.25041	0.15274	0.08611	0.02590	0.01622	0.02087	0.01280	0.00735	0.00723	0.00221	0.00894	0.04397	0.00442	0.00976
21	0.01081	0.00861	0.01019	0.00961	0.01201	0.00808	0.00712	0.01569	0.12589	0.02224	0.20494	0.25764	0.11749	0.01409	0.00744	0.00215	0.00406	0.01236	0.00623	0.14334
22	0.01071	0.00897	0.01118	0.08672	0.05721	0.00891	0.00851	0.03354	0.08427	0.02227	0.22982	0.04776	0.33804	0.01337	0.00758	0.00220	0.00448	0.01141	0.00611	0.00697
23	0.03897	0.10728	0.08540	0.01497	0.07330	0.03082	0.01199	0.14728	0.15189	0.06138	0.07709	0.05400	0.01932	0.05062	0.00793	0.00227	0.00645	0.00715	0.04269	0.00920
24	0.02063	0.08121	0.09093	0.08340	0.12282	0.09760	0.04457	0.20963	0.07186	0.08954	0.01532	0.01662	0.01135	0.00716	0.00646	0.00200	0.00822	0.00579	0.00486	0.01002
25	0.01823	0.01653	0.03339	0.03672	0.10934	0.07731	0.02703	0.20021	0.03448	0.02661	0.01357	0.01554	0.01071	0.00775	0.02984	0.00189	0.00740	0.00516	0.00456	0.32373
26	0.01496	0.01609	0.08405	0.21250	0.14815	0.01592	0.10868	0.02357	0.20378	0.02193	0.01708	0.02102	0.01344	0.00766	0.00760	0.00226	0.03989	0.02796	0.00423	0.00924
27	0.01814	0.01737	0.05576	0.01476	0.01842	0.10486	0.03425	0.21294	0.14764	0.02605	0.01920	0.02194	0.04419	0.05224	0.10701	0.00354	0.08089	0.00679	0.00508	0.00893
28	0.01242	0.00865	0.01036	0.04919	0.01339	0.00846	0.00752	0.04497	0.07618	0.09367	0.15169	0.10903	0.28550	0.05365	0.04240	0.00286	0.00510	0.01161	0.00629	0.00705
29	0.02509	0.06044	0.02097	0.01522	0.02061	0.02113	0.01268	0.66218	0.03055	0.04082	0.01573	0.01581	0.01126	0.00793	0.00658	0.00198	0.00737	0.00590	0.00650	0.01126
30	0.01379	0.01095	0.01136	0.01010	0.01304	0.07358	0.00769	0.04130	0.05219	0.08136	0.22059	0.13112	0.15898	0.01240	0.00718	0.00201	0.00486	0.01054	0.00617	0.13079
31	0.01503	0.01416	0.05531	0.06500	0.28825	0.01342	0.13019	0.05406	0.01426	0.01980	0.01292	0.01820	0.01095	0.01252	0.04617	0.20348	0.00858	0.00628	0.00339	0.00805
32	0.01413	0.01468	0.05005	0.03985	0.01898	0.07757	0.07912	0.01789	0.04322	0.02034	0.02110	0.05723	0.09764	0.00854	0.00719	0.00175	0.04796	0.03037	0.00429	0.34809
33	0.00889	0.00639	0.00781	0.00824	0.00906	0.00598	0.00552	0.01029	0.01381	0.01848	0.19991	0.30274	0.13401	0.22026	0.01526	0.00354	0.00436	0.01423	0.00592	0.00531
34	0.00920	0.00729	0.00958	0.01132	0.07502	0.00669	0.00725	0.01126	0.01526	0.02023	0.20906	0.32104	0.23848	0.01672	0.00805	0.00238	0.00395	0.01479	0.00624	0.00620
35	0.01764	0.01768	0.02426	0.16716	0.11104	0.10947	0.13254	0.12065	0.01672	0.02186	0.01198	0.01602	0.00965	0.00785	0.01043	0.00228	0.18428	0.00608	0.00370	0.00871
36	0.01532	0.01162	0.01368	0.01189	0.01521	0.01231	0.03371	0.07010	0.31518	0.07969	0.21075	0.03495	0.10781	0.01090	0.00721	0.00218	0.00488	0.00932	0.02438	0.00891
37	0.00827	0.00601	0.00784	0.00925	0.00986	0.00557	0.00634	0.00958	0.01319	0.01735	0.03970	0.66600	0.10479	0.02055	0.00854	0.00270	0.00395	0.04878	0.00623	0.00550
38	0.01346	0.03471	0.72942	0.01912	0.02904	0.01558	0.02479	0.02125	0.01417	0.02125	0.01204	0.01417	0.00850	0.00637	0.00637	0.00212	0.00992	0.00496	0.00283	0.00992
39	0.04961	0.04067	0.04857	0.04672	0.01697	0.01254	0.03262	0.12835	0.05391	0.08684	0.10366	0.10318	0.07424	0.01532	0.07584	0.04759	0.04119	0.00875	0.00546	0.00796
40	0.01064	0.00889	0.00969	0.00990	0.05028	0.00828	0.00699	0.08572	0.04321	0.02132	0.05777	0.05519	0.57747	0.01512	0.00769	0.00222	0.00415	0.01258	0.00614	0.00675
41	0.00995	0.00722	0.00872	0.00848	0.00885	0.00762	0.00551	0.01067	0.01128	0.01534	0.09935	0.06945	0.06548	0.51790	0.06322	0.00558	0.06588	0.01017	0.00451	0.00481
42	0.04669	0.08648	0.02425	0.10527	0.25830	0.12547	0.04557	0.07487	0.01589	0.02103	0.01152	0.01506	0.00960	0.00723	0.00870	0.00209	0.12392	0.00550	0.00351	0.00903
43	0.20137	0.01183	0.01401	0.04034	0.05444	0.01209	0.00988	0.10517	0.01751	0.26085	0.04969	0.08663	0.01871	0.00944	0.00638	0.00215	0.00568	0.04107	0.04371	0.00905
44	0.01575	0.01468	0.02395	0.27458	0.42885	0.01588	0.01909	0.05451	0.04731	0.02164	0.01324	0.01740	0.01056	0.00647	0.00668	0.00209	0.00814	0.00605	0.00354	0.00961
45	0.00858	0.00680	0.00769	0.00820	0.00993	0.00605	0.00623	0.01036	0.01466	0.01805	0.05505	0.16891	0.46017	0.05798	0.00967	0.00271	0.00414	0.13307	0.00610	0.00564
46	0.02500	0.01926	0.01981	0.01544	0.02062	0.05905	0.01265	0.62779	0.06768	0.04013	0.01641	0.01638	0.01175	0.00805	0.00668	0.00201	0.00752	0.00603	0.00654	0.01117
47	0.06244	0.01599	0.01885	0.28556	0.02930	0.05608	0.01433	0.28389	0.10194	0.04300	0.01540	0.01744	0.01129	0.00752	0.00655	0.00212	0.00782	0.00598	0.00507	0.00944
48	0.40792	0.07579	0.04715	0.04043	0.06424	0.03529	0.08585	0.02127	0.04586	0.06422	0.01245	0.01452	0.00965	0.00848	0.03977	0.00246	0.00735	0.00493	0.00413	0.00825
49	0.01584	0.01810	0.03959	0.02828	0.03507	0.01697	0.69796	0.02149	0.01584	0.02149	0.01357	0.01810	0.01018	0.00566	0.00792	0.00226	0.01131	0.00792	0.00339	0.00905
50	0.02311	0.02895	0.02228	0.01901	0.02281	0.58935	0.11922	0.02543	0.01808	0.01719	0.01079	0.01316	0.00889	0.00696	0.00715	0.00187	0.04941	0.00496	0.00342	0.00795
51	0.01794	0.76823	0.03516	0.01148	0.01722	0.02655	0.01148	0.02009	0.01363	0.01579	0.00933	0.01076	0.00861	0.00574	0.00431	0.00144	0.00718	0.00359	0.00287	0.00861
52	0.03010	0.01142	0.01557	0.01194	0.01713	0.00986	0.00986	0.03270	0.01920	0.72698	0.02647	0.02284	0.01661	0.00830	0.00675	0.00208	0.00571	0.00675	0.00830	0.01142
53	0.01540	0.01609	0.02311	0.01908	0.02021	0.05892	0.10947	0.01747	0.01152	0.01691	0.00955	0.01501	0.00899	0.01064	0.01920	0.00278	0.60894	0.00607	0.00303	0.00760
54	0.01346	0.03471	0.72942	0.01912	0.02904	0.01558	0.02479	0.02125	0.01417	0.02125	0.01204	0.01417	0.00850	0.00637	0.00637	0.00212	0.00992	0.00496	0.00283	0.00992
55	0.00927	0.00631	0.00740	0.00787	0.00816	0.00613	0.00480	0.00983	0.01115	0.01496	0.02851	0.26243	0.06755	0.47108	0.02391	0.00495	0.00542	0.01271	0.03290	0.00465
56	0.01661	0.01396	0.01489	0.01333	0.01697	0.01595	0.01036	0.08616	0.58757	0.02854	0.05675	0.06623	0.02293	0.00988	0.00696	0.00227	0.00530	0.00830	0.00681	0.01021
57	0.01507	0.01680	0.03386	0.02487	0.03056	0.04488	0.56261	0.01994	0.01570	0.02092	0.03879	0.11013	0.01602	0.00786	0.00792	0.00229	0.01017	0.00928	0.00387	0.00847
58	0.01046	0.00699	0.00846	0.00839	0.01024	0.00618	0.00617	0.01251	0.01604	0.08537	0.23635	0.23837	0.29688	0.01634	0.00798	0.00233	0.00368	0.01420	0.00674	0.00632
59	0.00835	0.00633	0.00772	0.00854	0.00970	0.00570	0.00605	0.00998	0.01443	0.01869	0.12662	0.43330	0.25934	0.01881	0.00831	0.00252	0.00373	0.03987	0.00636	0.00565
60	0.00828	0.00595	0.00778	0.00911	0.00964	0.00554	0.00611	0.00953	0.01315	0.01750	0.06986	0.67046	0.07640	0.04476	0.00934	0.00280	0.00392	0.01821	0.00621	0.00546
61	0.01436	0.10290	0.52542	0.02019	0.02908	0.01693	0.15656	0.02118	0.01444	0.02077	0.01208	0.01461	0.00884	0.00617	0.00648	0.00208	0.00993	0.00541	0.00295	0.00962
62	0.01655	0.01415	0.01721	0.04260	0.07253	0.01580	0.04949	0.08092	0.46956	0.02770	0.06125	0.02443	0.02021	0.00869	0.00681	0.00219	0.00591	0.00749	0.04646	0.01003
63	0.00818	0.00584	0.00779	0.00934	0.00973	0.00545	0.00623	0.00934	0.01285	0.01713	0.03698	0.75981	0.04438	0.02102	0.00856	0.00273	0.00389	0.01908	0.00623	0.00545
64	0.01487	0.02186	0.24612	0.04794	0.12900	0.04175	0.21774	0.01975	0.01417	0.01984	0.01261	0.01740	0.01021	0.04208	0.01045	0.03700	0.07892	0.00633	0.00317	0.00880
65	0.01782	0.05494	0.17024	0.02634	0.28385	0.14378	0.05973	0.07882	0.01725	0.02252	0.05155	0.01697	0.01272	0.00680	0.00654	0.00197	0.00896	0.00584	0.00374	0.00962
66	0.01346	0.03471	0.72942	0.01912	0.02904	0.01558	0.02479	0.02125	0.01417	0.02125	0.01204	0.01417	0.00850	0.00637	0.00637	0.00212	0.00992	0.00496	0.00283	0.00992
67	0.01654	0.01829	0.01603	0.10833	0.02005	0.29267	0.01189	0.01850	0.01450	0.01631	0.01596	0.13293	0.01606	0.05109	0.10498	0.00353	0.12395	0.00769	0.00379	0.00690
68	0.01696	0.01647	0.08351	0.01587	0.08520	0.09807	0.01215	0.16242	0.06836	0.05765	0.09433	0.14731	0.06557	0.01128	0.00720	0.00219	0.00673	0.03441	0.00565	0.00867
69	0.01758	0.03482	0.03722	0.10789	0.22800	0.07995	0.01465	0.09273	0.07555	0.07714	0.11520	0.02452	0.02012	0.00844	0.00685	0.00208	0.00728	0.03573	0.00499	0.00927
70	0.00942	0.00681	0.00851	0.00921	0.01012	0.00652	0.00633	0.04818	0.01454	0.01944	0.12046	0.51884	0.09088	0.08472	0.01060	0.00291	0.00419	0.01633	0.00621	0.00578
71	0.01619	0.09715	0.02205	0.09174	0.19281	0.01591	0.05438	0.14370	0.01796	0.02446	0.10163	0.05634	0.04168	0.00867	0.00754	0.00204	0.04834	0.00738	0.00461	0.04543
72	0.04547	0.08290	0.07011	0.04670	0.34716	0.01697	0.08300	0.08114	0.03900	0.05617	0.01415	0.03465	0.01155	0.00695	0.00708	0.00205	0.03484	0.00622	0.00398	0.00991

[dist]
# distance from previous block
# <min> <max>
0	12

[block]
# block no. 4 follows, 32 sequences, length 81
# corresponding to MSA columns:
# 403-483
name=unknown_E
#
# <colnr> <probs for GDERKNQSTAVLIFYWHMCP>
#	G	D	E	R	K	N	Q	S	T	A	V	L	I	F	Y	W	H	M	C	P
0	0.05151	0.03913	0.10519	0.05223	0.01980	0.14197	0.02775	0.13759	0.05059	0.09125	0.05395	0.06557	0.11586	0.00968	0.00674	0.00208	0.00741	0.00775	0.00526	0.00867
1	0.01297	0.04380	0.01187	0.03994	0.01369	0.04855	0.00798	0.09248	0.01798	0.05508	0.19236	0.11418	0.28031	0.01380	0.00751	0.00219	0.00489	0.02718	0.00620	0.00705
2	0.04508	0.01046	0.01191	0.00953	0.01383	0.00873	0.00732	0.01629	0.05212	0.02147	0.01940	0.11682	0.04576	0.04899	0.00719	0.00172	0.00476	0.00702	0.05198	0.49961
3	0.01721	0.11400	0.16876	0.04743	0.18305	0.06919	0.01611	0.07738	0.07950	0.05859	0.05455	0.05418	0.01555	0.00786	0.00645	0.00201	0.00774	0.00651	0.00438	0.00952
4	0.00952	0.00651	0.00750	0.00755	0.00788	0.00637	0.00452	0.01004	0.01128	0.01509	0.10079	0.09617	0.06809	0.58920	0.02806	0.00553	0.00579	0.01091	0.00470	0.00450
5	0.01391	0.01193	0.01391	0.00994	0.01590	0.00894	0.00795	0.01690	0.01391	0.02186	0.01193	0.01391	0.00994	0.00497	0.00497	0.00099	0.00497	0.00398	0.00398	0.80521
6	0.00959	0.00658	0.00771	0.00778	0.00820	0.00643	0.00485	0.01033	0.01178	0.01581	0.12721	0.08680	0.06405	0.54705	0.02663	0.00531	0.00571	0.03868	0.00486	0.00464
7	0.04976	0.01957	0.17693	0.11565	0.13943	0.05049	0.13484	0.02085	0.01465	0.08236	0.01420	0.04820	0.01142	0.00759	0.00833	0.00222	0.08420	0.00653	0.00375	0.00903
8	0.81159	0.01298	0.00986	0.00882	0.01298	0.01505	0.00727	0.01972	0.01142	0.03010	0.00934	0.01090	0.00727	0.00623	0.00415	0.00208	0.00519	0.00363	0.00415	0.00727
9	0.01652	0.01831	0.15235	0.03918	0.11389	0.03129	0.06779	0.16996	0.09754	0.02662	0.07631	0.02363	0.04824	0.04502	0.00813	0.00230	0.00741	0.00716	0.03903	0.00931
10	0.01214	0.00974	0.01208	0.01139	0.01368	0.01007	0.03750	0.06515	0.18826	0.02362	0.14723	0.27470	0.10540	0.01479	0.00784	0.00242	0.00475	0.04527	0.00648	0.00750
11	0.16891	0.01305	0.01469	0.01188	0.01653	0.01331	0.00968	0.13776	0.11811	0.34659	0.02425	0.02236	0.05643	0.00852	0.00635	0.00211	0.00569	0.00662	0.00695	0.01020
12	0.03761	0.29172	0.06759	0.01732	0.10492	0.14707	0.01362	0.11593	0.10291	0.02242	0.01321	0.01440	0.01067	0.00675	0.00565	0.00179	0.00805	0.00492	0.00407	0.00939
13	0.01651	0.01521	0.01922	0.01594	0.01801	0.07251	0.07781	0.15075	0.01563	0.02126	0.01360	0.02089	0.01267	0.13927	0.07351	0.00380	0.29499	0.00674	0.00400	0.00769
14	0.00912	0.00663	0.00864	0.00966	0.01046	0.00650	0.00672	0.04134	0.01359	0.01816	0.03538	0.60863	0.07263	0.02355	0.09115	0.00358	0.00563	0.01689	0.00595	0.00580
15	0.01074	0.00816	0.01028	0.01058	0.05280	0.00778	0.00732	0.05664	0.01782	0.02429	0.41165	0.04907	0.17545	0.08864	0.01044	0.00260	0.00422	0.03847	0.00650	0.00656
16	0.01251	0.00625	0.00625	0.00625	0.00782	0.00625	0.00469	0.01563	0.01407	0.02502	0.02189	0.02502	0.01720	0.00782	0.00469	0.00156	0.00313	0.00625	0.80144	0.00625
17	0.00900	0.00661	0.00856	0.00983	0.01066	0.00638	0.00700	0.01146	0.05161	0.01841	0.05619	0.58553	0.07104	0.01969	0.00851	0.00271	0.00422	0.10046	0.00629	0.00586
18	0.01762	0.01693	0.02519	0.22510	0.14379	0.09935	0.18285	0.07723	0.04671	0.06049	0.03006	0.01822	0.01183	0.00682	0.00695	0.00212	0.00914	0.00651	0.00405	0.00904
19	0.01251	0.00625	0.00625	0.00625	0.00782	0.00625	0.00469	0.01563	0.01407	0.02502	0.02189	0.02502	0.01720	0.00782	0.00469	0.00156	0.00313	0.00625	0.80144	0.00625
20	0.19229	0.01851	0.02107	0.05954	0.10075	0.17098	0.11968	0.02241	0.07917	0.02192	0.01232	0.01519	0.00995	0.00738	0.00850	0.00218	0.12046	0.00554	0.00379	0.00837
21	0.22353	0.03462	0.05374	0.13931	0.10703	0.12586	0.10834	0.02044	0.01402	0.02162	0.01096	0.01442	0.00879	0.00686	0.00758	0.00214	0.08387	0.00527	0.00344	0.00817
22	0.01834	0.01563	0.05866	0.05342	0.01959	0.01606	0.01198	0.32028	0.17467	0.03076	0.02249	0.09412	0.04636	0.01341	0.07010	0.00293	0.00757	0.00803	0.00597	0.00964
23	0.02521	0.01817	0.01962	0.01516	0.02043	0.02003	0.01249	0.62793	0.07132	0.07479	0.01728	0.01697	0.01220	0.00813	0.00672	0.00203	0.00718	0.00617	0.00680	0.01136
24	0.01643	0.02002	0.17802	0.06471	0.35326	0.04624	0.07533	0.02103	0.01516	0.06282	0.01511	0.01810	0.03606	0.00691	0.00741	0.00210	0.04171	0.00618	0.00360	0.00979
25	0.01039	0.00810	0.01005	0.02632	0.01218	0.00732	0.00709	0.01390	0.04509	0.02398	0.41024	0.08447	0.13004	0.01291	0.00744	0.00203	0.00388	0.03835	0.00643	0.13978
26	0.01974	0.02057	0.02003	0.07472	0.21205	0.27170	0.01448	0.13518	0.01921	0.02282	0.04304	0.05834	0.04251	0.00827	0.00665	0.00197	0.00882	0.00667	0.00435	0.00887
27	0.01278	0.01411	0.13541	0.01602	0.10937	0.01125	0.01255	0.01766	0.07505	0.05397	0.17508	0.10658	0.08439	0.01515	0.07738	0.00306	0.05755	0.00945	0.00519	0.00801
28	0.01664	0.01748	0.05775	0.02165	0.02570	0.01879	0.29584	0.11242	0.03589	0.02247	0.01244	0.01656	0.01005	0.00844	0.01304	0.00248	0.29306	0.00675	0.00375	0.00880
29	0.03361	0.07848	0.15602	0.03682	0.07379	0.01430	0.11341	0.02067	0.08110	0.02180	0.01443	0.01819	0.01176	0.00651	0.00612	0.00177	0.00742	0.03333	0.00388	0.26659
30	0.01118	0.00822	0.01016	0.00927	0.01014	0.00843	0.04236	0.03219	0.07643	0.01570	0.02117	0.03997	0.02290	0.63119	0.02940	0.00575	0.00668	0.00935	0.00436	0.00516
31	0.01530	0.01416	0.01263	0.01177	0.01414	0.15290	0.00870	0.12264	0.09129	0.02162	0.02903	0.20297	0.11995	0.10632	0.04309	0.00313	0.00707	0.01059	0.00544	0.00727
32	0.00899	0.00708	0.00831	0.00896	0.01086	0.00640	0.00724	0.01117	0.01521	0.01878	0.05445	0.10716	0.43447	0.01778	0.00845	0.00259	0.00444	0.25560	0.00621	0.00584
33	0.01051	0.00836	0.01229	0.10090	0.01596	0.00995	0.00960	0.01238	0.01115	0.01565	0.01885	0.13407	0.01929	0.09307	0.35565	0.05006	0.10373	0.00878	0.00383	0.00593
34	0.05788	0.02213	0.30814	0.01522	0.02221	0.01397	0.04371	0.08312	0.08078	0.02427	0.01495	0.05160	0.01202	0.00709	0.00613	0.00187	0.00747	0.00578	0.00412	0.21755
35	0.01152	0.00757	0.01059	0.01063	0.01220	0.00708	0.04057	0.01396	0.04278	0.09990	0.06365	0.52319	0.07870	0.01773	0.00821	0.00257	0.00452	0.03165	0.00640	0.00659
36	0.01692	0.01463	0.01731	0.01386	0.01819	0.08175	0.08379	0.08520	0.11517	0.07313	0.09621	0.02510	0.05785	0.00862	0.00727	0.00189	0.03838	0.02575	0.00534	0.21362
37	0.01148	0.00742	0.00955	0.00902	0.01089	0.00689	0.00675	0.01480	0.04311	0.09261	0.49503	0.15148	0.08644	0.01426	0.00786	0.00221	0.00361	0.01257	0.00723	0.00682
38	0.01391	0.01193	0.01391	0.00994	0.01590	0.00894	0.00795	0.01690	0.01391	0.02186	0.01193	0.01391	0.00994	0.00497	0.00497	0.00099	0.00497	0.00398	0.00398	0.80521
39	0.04818	0.01777	0.03598	0.05834	0.06536	0.03432	0.57499	0.02118	0.01546	0.02141	0.01308	0.01749	0.00996	0.00593	0.00799	0.00225	0.03057	0.00743	0.00339	0.00891
40	0.01730	0.01690	0.11531	0.04346	0.22017	0.04282	0.09118	0.02285	0.08286	0.12808	0.02053	0.05615	0.04494	0.00828	0.00689	0.00213	0.00756	0.02508	0.03799	0.00952
41	0.04956	0.01115	0.01367	0.01226	0.01503	0.01212	0.03857	0.13360	0.14502	0.02426	0.05036	0.05284	0.07387	0.07820	0.17946	0.00462	0.00879	0.08334	0.00546	0.00780
42	0.02398	0.05461	0.06336	0.01585	0.02142	0.05346	0.03104	0.56530	0.04373	0.03778	0.01548	0.01581	0.01115	0.00776	0.00659	0.00199	0.00780	0.00587	0.00607	0.01095
43	0.02109	0.04740	0.13099	0.01255	0.01770	0.01213	0.01173	0.07147	0.08510	0.32295	0.08955	0.02581	0.06118	0.00894	0.00666	0.00206	0.00602	0.00727	0.04951	0.00988
44	0.01799	0.13258	0.04895	0.05764	0.23166	0.12482	0.01514	0.07736	0.11319	0.02192	0.01507	0.05227	0.01286	0.00773	0.00702	0.00201	0.04209	0.00619	0.00412	0.00938
45	0.00817	0.00587	0.00776	0.00927	0.00971	0.00546	0.00620	0.00935	0.01292	0.01716	0.03786	0.74006	0.06356	0.02091	0.00855	0.00271	0.00388	0.01894	0.00623	0.00546
46	0.01956	0.05939	0.11165	0.05362	0.06823	0.09860	0.01379	0.19608	0.07674	0.09550	0.01865	0.08785	0.01577	0.02677	0.00736	0.00220	0.00765	0.02588	0.00525	0.00946
47	0.01891	0.40441	0.12844	0.01502	0.03996	0.08379	0.04513	0.05084	0.06509	0.07181	0.01292	0.01399	0.01028	0.00646	0.00544	0.00174	0.00797	0.00473	0.00380	0.00927
48	0.00960	0.00725	0.00911	0.00991	0.01146	0.00692	0.00784	0.01259	0.04495	0.02004	0.12100	0.22538	0.20944	0.01778	0.00852	0.00266	0.00459	0.25851	0.00637	0.00609
49	0.00849	0.00651	0.00767	0.00810	0.00949	0.00583	0.00579	0.01024	0.01492	0.01927	0.17982	0.28286	0.32117	0.05912	0.00962	0.00264	0.00376	0.03273	0.00633	0.00565
50	0.02104	0.01610	0.05475	0.01394	0.01779	0.07758	0.01167	0.22236	0.05193	0.17654	0.01991	0.05358	0.01646	0.06959	0.03701	0.00286	0.07492	0.04683	0.00585	0.00929
51	0.08199	0.35106	0.11021	0.05939	0.05169	0.12403	0.05198	0.02084	0.01426	0.01836	0.01030	0.01268	0.00870	0.00645	0.00631	0.00182	0.05384	0.00448	0.00311	0.00850
52	0.05914	0.19011	0.05391	0.01545	0.02000	0.41422	0.01288	0.12115	0.01907	0.02083	0.01099	0.01242	0.00896	0.00677	0.00569	0.00174	0.00994	0.00440	0.00380	0.00855
53	0.05915	0.05430	0.12072	0.02458	0.03147	0.01736	0.50638	0.06167	0.01623	0.02290	0.01312	0.01678	0.00982	0.00592	0.00729	0.00218	0.01039	0.00702	0.00354	0.00918
54	0.01730	0.04554	0.01541	0.01312	0.01663	0.09667	0.01030	0.05969	0.40384	0.05969	0.07597	0.05863	0.04839	0.01017	0.00693	0.00220	0.00603	0.03780	0.00632	0.00939
55	0.01478	0.19661	0.55592	0.01738	0.02620	0.03851	0.02152	0.02115	0.01419	0.01991	0.01139	0.01336	0.00853	0.00625	0.00591	0.00196	0.00937	0.00464	0.00286	0.00957
56	0.01290	0.01223	0.04487	0.01360	0.04533	0.01174	0.06614	0.04071	0.25025	0.02329	0.07649	0.07354	0.24078	0.01231	0.00750	0.00230	0.00544	0.04634	0.00601	0.00823
57	0.00808	0.00680	0.00701	0.00696	0.00916	0.00573	0.00522	0.00992	0.01565	0.01897	0.13075	0.06318	0.65631	0.01668	0.00793	0.00225	0.00338	0.01397	0.00634	0.00573
58	0.01627	0.16918	0.44093	0.01672	0.02472	0.01848	0.01944	0.11879	0.07168	0.02375	0.01332	0.01466	0.00988	0.00671	0.00607	0.00199	0.00867	0.00506	0.00371	0.00994
59	0.35715	0.41294	0.02364	0.01060	0.01557	0.05328	0.00975	0.02023	0.01293	0.02193	0.00938	0.01088	0.00804	0.00600	0.00432	0.00172	0.00655	0.00364	0.00344	0.00800
60	0.00959	0.00719	0.01078	0.01078	0.01198	0.00839	0.00839	0.01198	0.01078	0.01558	0.01797	0.02636	0.01677	0.05032	0.73760	0.01078	0.01797	0.00719	0.00359	0.00599
61	0.02421	0.01726	0.02046	0.01895	0.12961	0.01856	0.01353	0.48210	0.06212	0.11853	0.01735	0.01743	0.01236	0.00781	0.00671	0.00203	0.00717	0.00619	0.00638	0.01125
62	0.01251	0.00625	0.00625	0.00625	0.00782	0.00625	0.00469	0.01563	0.01407	0.02502	0.02189	0.02502	0.01720	0.00782	0.00469	0.00156	0.00313	0.00625	0.80144	0.00625
63	0.00890	0.00640	0.00841	0.00968	0.01041	0.00608	0.00683	0.02554	0.01392	0.01853	0.07190	0.61728	0.06196	0.01999	0.00855	0.00270	0.00416	0.08675	0.00629	0.00571
64	0.01339	0.01027	0.01220	0.04096	0.01466	0.01113	0.00879	0.12097	0.14289	0.02528	0.17271	0.03378	0.11179	0.02003	0.17261	0.00408	0.00781	0.00886	0.06002	0.00776
65	0.01251	0.00625	0.00625	0.00625	0.00782	0.00625	0.00469	0.01563	0.01407	0.02502	0.02189	0.02502	0.01720	0.00782	0.00469	0.00156	0.00313	0.00625	0.80144	0.00625
66	0.01477	0.01566	0.05716	0.08303	0.30996	0.01467	0.23848	0.01916	0.01504	0.02082	0.01657	0.09505	0.01521	0.00815	0.00739	0.00224	0.00870	0.04509	0.00375	0.00909
67	0.01017	0.00780	0.00893	0.00879	0.01089	0.00737	0.00665	0.01437	0.10076	0.04082	0.21403	0.14000	0.33651	0.01557	0.00791	0.00233	0.00385	0.05002	0.00664	0.00659
68	0.04180	0.01913	0.01963	0.25552	0.11163	0.22356	0.01511	0.12362	0.05013	0.02259	0.04429	0.01736	0.01233	0.00729	0.00650	0.00202	0.00897	0.00579	0.00413	0.00861
69	0.02326	0.01318	0.05042	0.01423	0.05592	0.01180	0.01147	0.11388	0.06354	0.38571	0.02721	0.03088	0.05642	0.00998	0.00714	0.00223	0.00617	0.09930	0.00706	0.01022
70	0.00816	0.00679	0.00716	0.00728	0.00937	0.00578	0.00549	0.00998	0.01539	0.01868	0.10358	0.10171	0.61382	0.01708	0.00802	0.00232	0.00354	0.04383	0.00630	0.00572
71	0.00834	0.00612	0.00772	0.00876	0.00954	0.00562	0.00596	0.00972	0.01365	0.01799	0.10431	0.55020	0.15094	0.05591	0.00965	0.00278	0.00388	0.01721	0.00623	0.00550
72	0.02307	0.01765	0.07079	0.05827	0.10440	0.12103	0.02694	0.05761	0.12206	0.29839	0.01999	0.01954	0.01393	0.00765	0.00664	0.00206	0.00754	0.00624	0.00591	0.01029
73	0.02202	0.02686	0.01815	0.01652	0.01934	0.55321	0.01255	0.02457	0.05259	0.01700	0.01280	0.05788	0.01158	0.00943	0.02470	0.00217	0.10159	0.00562	0.00373	0.00769
74	0.01346	0.03471	0.72942	0.01912	0.02904	0.01558	0.02479	0.02125	0.01417	0.02125	0.01204	0.01417	0.00850	0.00637	0.00637	0.00212	0.00992	0.00496	0.00283	0.00992
75	0.01643	0.01942	0.17154	0.20745	0.25028	0.04567	0.03768	0.05281	0.05424	0.05966	0.01398	0.01705	0.01057	0.00667	0.00663	0.00210	0.00859	0.00588	0.00376	0.00960
76	0.09735	0.01651	0.05023	0.01562	0.01938	0.13625	0.11571	0.02187	0.05335	0.12464	0.01591	0.01903	0.01260	0.01808	0.18828	0.00428	0.07205	0.00621	0.00439	0.00824
77	0.01357	0.05392	0.04987	0.36134	0.03038	0.04092	0.01487	0.01831	0.07384	0.03174	0.01710	0.13519	0.01579	0.01052	0.02222	0.00248	0.08839	0.00798	0.00394	0.00763
78	0.24286	0.13492	0.01954	0.03608	0.10654	0.23238	0.01198	0.02376	0.09488	0.02222	0.01219	0.01377	0.00987	0.00667	0.00543	0.00189	0.00802	0.00464	0.00392	0.00844
79	0.01438	0.04181	0.01574	0.08225	0.04972	0.06745	0.03774	0.09421	0.03257	0.01943	0.01726	0.06153	0.01690	0.23125	0.11420	0.00450	0.03601	0.00766	0.00418	0.05123
80	0.01848	0.11520	0.05835	0.02207	0.18684	0.10938	0.09277	0.11440	0.01742	0.05002	0.01415	0.04598	0.01192	0.00954	0.04625	0.00241	0.02873	0.00617	0.00408	0.04583

[dist]
# distance from previous block
# <min> <max>
0	8

[block]
# block no. 5 follows, 32 sequences, length 11
# corresponding to MSA columns:
# 492-502
name=unknown_F
#
# <colnr> <probs for GDERKNQSTAVLIFYWHMCP>
#	G	D	E	R	K	N	Q	S	T	A	V	L	I	F	Y	W	H	M	C	P
0	0.03862	0.13010	0.32226	0.01609	0.02302	0.01699	0.05527	0.11037	0.07478	0.07956	0.01515	0.01740	0.01153	0.05095	0.00784	0.00228	0.00823	0.00568	0.00425	0.00964
1	0.01382	0.08225	0.53018	0.01929	0.02797	0.01599	0.12778	0.02052	0.01446	0.02072	0.01538	0.01751	0.05064	0.00684	0.00656	0.00211	0.00956	0.00587	0.00312	0.00944
2	0.01810	0.01590	0.02061	0.07304	0.18754	0.09094	0.07051	0.15471	0.03686	0.06522	0.01988	0.11835	0.04089	0.00958	0.00755	0.00218	0.03048	0.02366	0.00491	0.00911
3	0.06413	0.09233	0.10829	0.07411	0.04917	0.09842	0.02815	0.09009	0.03240	0.08697	0.08701	0.10458	0.02020	0.00947	0.00663	0.00209	0.00730	0.02518	0.00494	0.00854
4	0.01212	0.01048	0.01238	0.01355	0.09243	0.03729	0.00934	0.08129	0.01643	0.02084	0.04294	0.09829	0.34505	0.01605	0.03934	0.00271	0.04785	0.08906	0.00554	0.00703
5	0.00832	0.00619	0.00775	0.00867	0.00963	0.00562	0.00600	0.00989	0.01427	0.01877	0.14346	0.50782	0.19093	0.01909	0.00833	0.00254	0.00368	0.01701	0.00640	0.00562
6	0.06329	0.20183	0.12625	0.05189	0.21882	0.04065	0.06406	0.02085	0.01472	0.07107	0.01395	0.05872	0.01189	0.00708	0.00608	0.00195	0.00790	0.00602	0.00372	0.00926
7	0.01673	0.03784	0.12531	0.03911	0.01878	0.01398	0.01237	0.09768	0.20925	0.10860	0.02021	0.02290	0.01588	0.06399	0.16271	0.00423	0.00923	0.00679	0.00527	0.00914
8	0.00815	0.00593	0.00769	0.00909	0.00967	0.00547	0.00612	0.00937	0.01309	0.01723	0.04007	0.69050	0.11170	0.02062	0.00850	0.00268	0.00384	0.01859	0.00623	0.00547
9	0.01825	0.07313	0.13885	0.09338	0.16900	0.08834	0.08416	0.09381	0.05643	0.07489	0.01595	0.01792	0.03179	0.00705	0.00657	0.00203	0.00855	0.00607	0.00421	0.00961
10	0.04138	0.10186	0.06929	0.20558	0.21989	0.11383	0.04574	0.08589	0.01653	0.02146	0.01202	0.01537	0.00954	0.00648	0.00629	0.00198	0.00880	0.00544	0.00353	0.00909

[dist]
# distance from previous block
# <min> <max>
0	1

[block]
# block no. 6 follows, 32 sequences, length 32
# corresponding to MSA columns:
# 504-535
name=unknown_G
#
# <colnr> <probs for GDERKNQSTAVLIFYWHMCP>
#	G	D	E	R	K	N	Q	S	T	A	V	L	I	F	Y	W	H	M	C	P
