[name]
unknown

[dist]
# distance from previous block
# <min> <max>
0	53

[block]
# block no. 0 follows, 31 sequences, length 46
# corresponding to MSA columns:
# 53-98
name=unknown_A
#
# <colnr> <probs for GDERKNQSTAVLIFYWHMCP>
#	G	D	E	R	K	N	Q	S	T	A	V	L	I	F	Y	W	H	M	C	P
0	0.04539	0.27786	0.22392	0.01440	0.02048	0.01864	0.01524	0.05404	0.08224	0.03889	0.01721	0.02476	0.01521	0.00870	0.00624	0.00209	0.00766	0.11369	0.00423	0.00911
1	0.07677	0.23850	0.23200	0.01814	0.10365	0.04070	0.01656	0.08544	0.08538	0.02337	0.01324	0.01472	0.01037	0.00671	0.00582	0.00194	0.00806	0.00503	0.00386	0.00976
2	0.01691	0.17320	0.15851	0.02366	0.10439	0.07490	0.28488	0.02175	0.01552	0.02034	0.01226	0.01543	0.00967	0.00603	0.00665	0.00200	0.00990	0.00600	0.00327	0.03472
3	0.01300	0.01125	0.01762	0.12294	0.16543	0.01141	0.06457	0.06487	0.01540	0.02098	0.02412	0.34555	0.02589	0.01310	0.00767	0.00237	0.00647	0.01208	0.00495	0.05032
4	0.01777	0.01704	0.08615	0.03389	0.51429	0.01511	0.01902	0.04369	0.01624	0.08704	0.01519	0.04654	0.01258	0.00699	0.00677	0.00204	0.00779	0.00653	0.00407	0.04125
5	0.01513	0.02643	0.43332	0.03554	0.06669	0.01514	0.09956	0.04315	0.01526	0.05942	0.01496	0.05196	0.01177	0.00878	0.02827	0.00247	0.03284	0.00644	0.02325	0.00962
6	0.00977	0.00733	0.01100	0.01100	0.01222	0.00855	0.00855	0.01222	0.01100	0.01588	0.01833	0.02688	0.01710	0.05131	0.73245	0.01100	0.01833	0.00733	0.00367	0.00611
7	0.01476	0.10434	0.60257	0.01957	0.05529	0.04547	0.02333	0.02175	0.01463	0.02096	0.01197	0.01413	0.00877	0.00644	0.00630	0.00208	0.00985	0.00494	0.00294	0.00993
8	0.04709	0.04050	0.10099	0.05906	0.35421	0.01592	0.14935	0.02256	0.01579	0.10719	0.01446	0.01740	0.01101	0.00639	0.00685	0.00211	0.00863	0.00630	0.00397	0.01023
9	0.00834	0.00595	0.00794	0.00953	0.00992	0.00556	0.00635	0.00953	0.01310	0.01746	0.03771	0.75510	0.04525	0.02143	0.00873	0.00278	0.00397	0.01945	0.00635	0.00556
10	0.01643	0.01547	0.02619	0.09380	0.63166	0.01570	0.02006	0.02048	0.01537	0.02213	0.01327	0.01744	0.01103	0.00624	0.00668	0.00203	0.00797	0.00611	0.04157	0.01038
11	0.01882	0.01930	0.14017	0.02414	0.12935	0.01581	0.26202	0.09779	0.03963	0.12725	0.01706	0.04760	0.01299	0.00733	0.00731	0.00221	0.00903	0.00735	0.00469	0.01013
12	0.01538	0.13060	0.34218	0.05767	0.18937	0.01784	0.05317	0.02152	0.04122	0.02092	0.01257	0.01536	0.00978	0.00662	0.00701	0.00209	0.03822	0.00544	0.00321	0.00986
13	0.00834	0.00595	0.00794	0.00953	0.00992	0.00556	0.00635	0.00953	0.01310	0.01746	0.03771	0.75510	0.04525	0.02143	0.00873	0.00278	0.00397	0.01945	0.00635	0.00556
14	0.01686	0.01574	0.02377	0.14942	0.44200	0.04217	0.01831	0.08263	0.03957	0.02325	0.01669	0.02125	0.04250	0.00745	0.00692	0.00212	0.00804	0.02742	0.00399	0.00991
15	0.01758	0.19647	0.10219	0.05222	0.26985	0.01892	0.14494	0.05095	0.01599	0.04927	0.01288	0.01582	0.01026	0.00623	0.00643	0.00198	0.00870	0.00582	0.00358	0.00992
16	0.02756	0.01639	0.04574	0.01409	0.01951	0.04621	0.01191	0.27727	0.04921	0.38657	0.02181	0.02000	0.01444	0.00826	0.00682	0.00209	0.00689	0.00646	0.00737	0.01139
17	0.00831	0.00607	0.00782	0.00923	0.00984	0.00558	0.00622	0.00956	0.01338	0.01758	0.04133	0.67601	0.12199	0.02096	0.00866	0.00272	0.00391	0.01887	0.00635	0.00558
18	0.01643	0.04279	0.17304	0.05847	0.12808	0.01535	0.23257	0.02133	0.01552	0.09502	0.03690	0.06789	0.01457	0.00789	0.00796	0.00225	0.04284	0.00759	0.00412	0.00940
19	0.01723	0.16534	0.30651	0.02101	0.07571	0.01773	0.17796	0.02273	0.01538	0.09701	0.01377	0.01587	0.01015	0.00639	0.00653	0.00205	0.00931	0.00577	0.00367	0.00987
20	0.01516	0.01461	0.02532	0.34371	0.39149	0.01586	0.05609	0.01953	0.01479	0.02023	0.01262	0.01758	0.01007	0.00640	0.00687	0.00215	0.00874	0.00619	0.00324	0.00935
21	0.04417	0.01641	0.02622	0.18522	0.39798	0.05634	0.10295	0.02131	0.04328	0.02150	0.01320	0.01729	0.01059	0.00640	0.00683	0.00212	0.00879	0.00623	0.00350	0.00967
22	0.05138	0.04081	0.11433	0.07941	0.17799	0.03796	0.26759	0.02238	0.04294	0.05956	0.03022	0.01819	0.01196	0.00654	0.00707	0.00217	0.00934	0.00672	0.00386	0.00956
23	0.01190	0.01155	0.02240	0.01810	0.02143	0.01101	0.30506	0.01523	0.01418	0.01922	0.02510	0.35109	0.02685	0.01803	0.09130	0.00351	0.00891	0.01311	0.00479	0.00722
24	0.01392	0.03399	0.66773	0.02027	0.03012	0.01600	0.08027	0.02169	0.01458	0.02169	0.01241	0.01477	0.00881	0.00644	0.00663	0.00218	0.01023	0.00530	0.00294	0.01004
25	0.01818	0.41192	0.08366	0.10696	0.05227	0.02172	0.09410	0.05167	0.01546	0.06791	0.01222	0.01436	0.00978	0.00631	0.00567	0.00181	0.00819	0.00502	0.00358	0.00919
26	0.01646	0.05978	0.40568	0.08888	0.07591	0.06903	0.02038	0.02387	0.08384	0.07056	0.01464	0.01640	0.01067	0.00693	0.00651	0.00212	0.00915	0.00551	0.00378	0.00988
27	0.01025	0.00638	0.00808	0.00828	0.00848	0.00633	0.00519	0.00967	0.01032	0.01371	0.02260	0.12662	0.05334	0.38238	0.05623	0.24745	0.00643	0.01001	0.00414	0.00412
28	0.01835	0.55477	0.07477	0.01373	0.01955	0.07303	0.05623	0.05117	0.01552	0.01857	0.04115	0.01376	0.01145	0.00643	0.00515	0.00164	0.00793	0.00457	0.00338	0.00886
29	0.01974	0.01656	0.02588	0.17048	0.15507	0.05739	0.17997	0.11541	0.01832	0.13095	0.01539	0.01816	0.01126	0.00703	0.00749	0.00217	0.02776	0.00660	0.00459	0.00977
30	0.00857	0.00642	0.00807	0.00912	0.01011	0.00577	0.00624	0.00995	0.01357	0.01787	0.04180	0.60338	0.15620	0.01995	0.00845	0.00261	0.00394	0.01786	0.00624	0.04388
31	0.01549	0.02274	0.21455	0.02530	0.03268	0.03839	0.47163	0.02151	0.01568	0.02151	0.01431	0.04712	0.01131	0.00663	0.00764	0.00227	0.01089	0.00765	0.00343	0.00927
32	0.01615	0.01845	0.04037	0.02884	0.03576	0.01730	0.69204	0.02191	0.01615	0.02191	0.01384	0.01845	0.01038	0.00577	0.00807	0.00231	0.01153	0.00807	0.00346	0.00923
33	0.01498	0.08226	0.59502	0.01933	0.02870	0.01649	0.07307	0.02213	0.01477	0.05288	0.01287	0.01491	0.00917	0.00649	0.00649	0.00213	0.00983	0.00527	0.00319	0.01002
34	0.00827	0.00694	0.00719	0.00712	0.00935	0.00585	0.00534	0.01018	0.01603	0.01952	0.14380	0.06414	0.63897	0.01694	0.00808	0.00229	0.00344	0.01420	0.00649	0.00585
35	0.00982	0.00713	0.01000	0.01000	0.01087	0.00801	0.00731	0.01158	0.01070	0.01514	0.01924	0.03193	0.01930	0.25127	0.53549	0.00976	0.01502	0.00807	0.00380	0.00555
36	0.01829	0.68617	0.08040	0.01246	0.01850	0.05494	0.01266	0.02084	0.01416	0.01649	0.00974	0.01126	0.00877	0.00594	0.00460	0.00152	0.00770	0.00378	0.00295	0.00883
37	0.01727	0.01707	0.02797	0.04033	0.65577	0.04757	0.05093	0.02131	0.01577	0.02209	0.01281	0.01680	0.01073	0.00612	0.00681	0.00203	0.00847	0.00611	0.00340	0.01064
38	0.01372	0.03539	0.72412	0.01950	0.02961	0.01589	0.02528	0.02167	0.01444	0.02167	0.01228	0.01444	0.00867	0.00650	0.00650	0.00217	0.01011	0.00506	0.00289	0.01011
39	0.01731	0.01484	0.01564	0.01398	0.01790	0.01715	0.01090	0.05799	0.68241	0.02910	0.02747	0.02523	0.02058	0.00925	0.00696	0.00231	0.00548	0.00768	0.00696	0.01086
40	0.01439	0.03445	0.69610	0.01921	0.02913	0.01566	0.02467	0.02213	0.01465	0.04936	0.01286	0.01479	0.00899	0.00658	0.00651	0.00216	0.00994	0.00513	0.00311	0.01017
41	0.00977	0.00733	0.01100	0.01100	0.01222	0.00855	0.00855	0.01222	0.01100	0.01588	0.01833	0.02688	0.01710	0.05131	0.73245	0.01100	0.01833	0.00733	0.00367	0.00611
42	0.00902	0.00624	0.00774	0.00865	0.00887	0.00602	0.00541	0.00971	0.01176	0.01567	0.03082	0.45215	0.03656	0.33624	0.01986	0.00442	0.00511	0.01540	0.00541	0.00495
43	0.07800	0.01735	0.02114	0.01623	0.02150	0.01867	0.09665	0.44234	0.07515	0.09197	0.01745	0.01840	0.01269	0.03138	0.00770	0.00226	0.00756	0.00652	0.00630	0.01075
44	0.36303	0.01813	0.01643	0.04668	0.01900	0.17742	0.05787	0.06921	0.01545	0.02551	0.03289	0.01457	0.01049	0.00827	0.02292	0.00230	0.06627	0.00499	0.00414	0.02443
45	0.02170	0.02388	0.01978	0.04698	0.13797	0.37963	0.01387	0.11863	0.04196	0.02252	0.04548	0.01815	0.03972	0.00776	0.00654	0.00190	0.00964	0.00583	0.00436	0.03369

[dist]
# distance from previous block
# <min> <max>
0	19

[block]
# block no. 1 follows, 31 sequences, length 21
# corresponding to MSA columns:
# 118-138
name=unknown_B
#
# <colnr> <probs for GDERKNQSTAVLIFYWHMCP>
#	G	D	E	R	K	N	Q	S	T	A	V	L	I	F	Y	W	H	M	C	P
0	0.01836	0.01437	0.02035	0.04515	0.27583	0.01406	0.01426	0.12372	0.01781	0.09904	0.01626	0.06660	0.01364	0.00769	0.00707	0.00189	0.03249	0.00659	0.00479	0.20002
1	0.05708	0.01657	0.01826	0.01481	0.01914	0.06288	0.05419	0.35513	0.09393	0.06721	0.04409	0.10442	0.01849	0.03227	0.00787	0.00231	0.00711	0.00811	0.00628	0.00987
2	0.02136	0.01800	0.02027	0.01642	0.02021	0.06585	0.03829	0.36801	0.10074	0.03174	0.01566	0.01743	0.01211	0.01105	0.04467	0.00271	0.17363	0.00631	0.00551	0.01003
3	0.01408	0.01273	0.01765	0.08345	0.12314	0.05852	0.07775	0.05064	0.06018	0.02092	0.04684	0.02717	0.07529	0.05360	0.19335	0.00458	0.01026	0.00773	0.05424	0.00786
4	0.10432	0.01154	0.01444	0.01246	0.01576	0.01185	0.05506	0.13777	0.01688	0.02457	0.02537	0.10226	0.09782	0.01666	0.08895	0.03432	0.02934	0.09325	0.00520	0.10220
5	0.80789	0.01323	0.01006	0.00900	0.01323	0.01535	0.00741	0.02011	0.01164	0.03070	0.00953	0.01111	0.00741	0.00635	0.00423	0.00212	0.00529	0.00370	0.00423	0.00741
6	0.02393	0.02919	0.01864	0.01692	0.02051	0.59556	0.01276	0.02904	0.15021	0.01901	0.01387	0.01486	0.01112	0.00748	0.00632	0.00187	0.01102	0.00504	0.00418	0.00848
7	0.00816	0.00693	0.00704	0.00701	0.00929	0.00581	0.00526	0.00997	0.01578	0.01892	0.10117	0.06511	0.68197	0.01716	0.00808	0.00230	0.00345	0.01434	0.00641	0.00581
8	0.00859	0.00682	0.00771	0.00775	0.00962	0.00595	0.00571	0.01069	0.01638	0.02097	0.25380	0.14982	0.43826	0.01687	0.00816	0.00232	0.00346	0.01448	0.00670	0.00595
9	0.01591	0.01494	0.02522	0.06416	0.60178	0.01504	0.01943	0.01978	0.01541	0.02179	0.01590	0.05521	0.01469	0.00788	0.00709	0.00217	0.00783	0.06193	0.00375	0.01010
10	0.80789	0.01323	0.01006	0.00900	0.01323	0.01535	0.00741	0.02011	0.01164	0.03070	0.00953	0.01111	0.00741	0.00635	0.00423	0.00212	0.00529	0.00370	0.00423	0.00741
11	0.00995	0.00663	0.00746	0.00746	0.00746	0.00663	0.00415	0.00995	0.00995	0.01327	0.02156	0.04477	0.02487	0.75957	0.03482	0.00663	0.00663	0.00995	0.00415	0.00415
12	0.01762	0.60543	0.09577	0.01457	0.02093	0.02485	0.10002	0.02077	0.01424	0.01732	0.01030	0.01223	0.00897	0.00590	0.00504	0.00163	0.00810	0.00434	0.00299	0.00895
13	0.54410	0.01360	0.01226	0.01053	0.01494	0.01523	0.00860	0.06765	0.10829	0.12521	0.01484	0.01507	0.01081	0.00716	0.00513	0.00214	0.00553	0.00484	0.00535	0.00872
14	0.00995	0.00663	0.00746	0.00746	0.00746	0.00663	0.00415	0.00995	0.00995	0.01327	0.02156	0.04477	0.02487	0.75957	0.03482	0.00663	0.00663	0.00995	0.00415	0.00415
15	0.18905	0.02100	0.01733	0.01454	0.01904	0.22209	0.01156	0.27158	0.08592	0.06244	0.01485	0.01530	0.01104	0.00760	0.00612	0.00201	0.00816	0.00532	0.00543	0.00962
16	0.01693	0.01626	0.02777	0.04199	0.71689	0.01626	0.02100	0.02100	0.01558	0.02235	0.01287	0.01693	0.01084	0.00610	0.00677	0.00203	0.00813	0.00610	0.00339	0.01084
17	0.02061	0.01628	0.01839	0.01483	0.01861	0.04985	0.01210	0.28308	0.06781	0.08118	0.06043	0.01898	0.01513	0.00914	0.01040	0.00217	0.18298	0.00634	0.00561	0.10610
18	0.01973	0.01561	0.02003	0.01638	0.01927	0.01860	0.04503	0.25099	0.05956	0.08482	0.01647	0.07175	0.01399	0.01065	0.01322	0.00251	0.29942	0.00732	0.00527	0.00938
19	0.08472	0.01579	0.01989	0.06343	0.02034	0.02018	0.01405	0.20249	0.01672	0.02503	0.01127	0.01525	0.00958	0.01014	0.01563	0.00262	0.43422	0.00585	0.00416	0.00862
20	0.08563	0.01785	0.11077	0.01761	0.02132	0.01806	0.09002	0.09737	0.01535	0.11230	0.01314	0.01619	0.01028	0.00923	0.01351	0.00252	0.32951	0.00604	0.00428	0.00901

[dist]
# distance from previous block
# <min> <max>
1	31

[block]
# block no. 2 follows, 31 sequences, length 27
# corresponding to MSA columns:
# 170-196
name=unknown_C
#
# <colnr> <probs for GDERKNQSTAVLIFYWHMCP>
#	G	D	E	R	K	N	Q	S	T	A	V	L	I	F	Y	W	H	M	C	P
0	0.02285	0.14646	0.02168	0.01519	0.01943	0.28965	0.01237	0.13122	0.01914	0.09364	0.01298	0.01433	0.01022	0.00755	0.00772	0.00187	0.08878	0.00496	0.00445	0.07555
1	0.15145	0.01708	0.02032	0.05284	0.02159	0.08864	0.11222	0.16132	0.08306	0.02668	0.03763	0.01833	0.01304	0.03523	0.01011	0.00243	0.12821	0.00632	0.00470	0.00880
2	0.22469	0.01350	0.01498	0.01231	0.01651	0.03301	0.01013	0.07050	0.03807	0.26115	0.01803	0.02014	0.01344	0.00847	0.00802	0.00215	0.09642	0.03840	0.00584	0.09423
3	0.00947	0.00659	0.00767	0.00806	0.00849	0.00638	0.00504	0.01006	0.01152	0.01506	0.03106	0.18901	0.11026	0.49042	0.02529	0.00519	0.00572	0.04504	0.00495	0.00472
4	0.01863	0.15359	0.04816	0.01532	0.02053	0.09344	0.08010	0.11785	0.17659	0.02469	0.01580	0.01680	0.01237	0.00717	0.00665	0.00185	0.03111	0.00566	0.00472	0.14896
5	0.02234	0.30390	0.02602	0.01687	0.06117	0.42698	0.01312	0.02440	0.01712	0.01684	0.01032	0.01210	0.00892	0.00655	0.00554	0.00167	0.01022	0.00423	0.00329	0.00842
6	0.01949	0.12677	0.12537	0.04644	0.16764	0.22056	0.10750	0.06840	0.01740	0.02100	0.01202	0.01467	0.00961	0.00651	0.00642	0.00194	0.00993	0.00541	0.00353	0.00937
7	0.01829	0.76368	0.03585	0.01171	0.01756	0.02707	0.01171	0.02049	0.01390	0.01610	0.00951	0.01097	0.00878	0.00585	0.00439	0.00146	0.00732	0.00366	0.00293	0.00878
8	0.01292	0.01216	0.02052	0.74312	0.04712	0.01520	0.01900	0.01748	0.01368	0.01748	0.01216	0.01824	0.00912	0.00684	0.00684	0.00228	0.00912	0.00608	0.00304	0.00760
9	0.00816	0.00685	0.00710	0.00722	0.00933	0.00578	0.00534	0.00990	0.01551	0.01871	0.08904	0.12562	0.63291	0.01757	0.00814	0.00235	0.00350	0.01480	0.00639	0.00578
10	0.00995	0.00663	0.00746	0.00746	0.00746	0.00663	0.00415	0.00995	0.00995	0.01327	0.02156	0.04477	0.02487	0.75957	0.03482	0.00663	0.00663	0.00995	0.00415	0.00415
11	0.02601	0.01916	0.02053	0.01574	0.02122	0.02122	0.01300	0.69408	0.03217	0.04312	0.01643	0.01643	0.01163	0.00821	0.00684	0.00205	0.00753	0.00616	0.00684	0.01163
12	0.00834	0.00595	0.00794	0.00953	0.00992	0.00556	0.00635	0.00953	0.01310	0.01746	0.03771	0.75510	0.04525	0.02143	0.00873	0.00278	0.00397	0.01945	0.00635	0.00556
13	0.02601	0.01916	0.02053	0.01574	0.02122	0.02122	0.01300	0.69408	0.03217	0.04312	0.01643	0.01643	0.01163	0.00821	0.00684	0.00205	0.00753	0.00616	0.00684	0.01163
14	0.02528	0.08966	0.02198	0.01536	0.02087	0.02177	0.01288	0.63030	0.03044	0.04056	0.01577	0.01591	0.01136	0.00799	0.00661	0.00200	0.00751	0.00592	0.00647	0.01136
15	0.02570	0.01147	0.01486	0.01180	0.01639	0.01054	0.00963	0.09666	0.01984	0.50642	0.05144	0.02815	0.09051	0.01259	0.05870	0.00276	0.00656	0.00780	0.00771	0.01047
16	0.01427	0.04501	0.04980	0.01237	0.01544	0.01112	0.04974	0.08759	0.09448	0.08008	0.10625	0.30469	0.07258	0.01421	0.00773	0.00238	0.00545	0.01256	0.00628	0.00798
17	0.00990	0.00684	0.00850	0.00850	0.00886	0.00720	0.00544	0.01062	0.01026	0.01404	0.02060	0.03950	0.02258	0.55078	0.24048	0.00792	0.01008	0.00918	0.00400	0.00472
18	0.01185	0.00870	0.01213	0.01051	0.01308	0.00810	0.06236	0.01593	0.05917	0.07486	0.45057	0.04762	0.17154	0.01325	0.00792	0.00220	0.00426	0.01173	0.00702	0.00719
19	0.01740	0.01734	0.02565	0.05880	0.57344	0.08343	0.01915	0.02118	0.01577	0.02166	0.01257	0.01632	0.01053	0.00613	0.00658	0.00193	0.00831	0.00577	0.00344	0.07460
20	0.01621	0.01828	0.03935	0.02990	0.09101	0.01722	0.63760	0.02184	0.01610	0.02195	0.01376	0.01833	0.01042	0.00579	0.00797	0.00228	0.01126	0.00791	0.00345	0.00936
21	0.01287	0.01274	0.02410	0.04007	0.02375	0.01207	0.32521	0.01729	0.04879	0.02037	0.02388	0.31173	0.02473	0.01217	0.00807	0.00242	0.00777	0.01229	0.00481	0.05489
22	0.01630	0.02090	0.22039	0.06200	0.06202	0.01587	0.18767	0.05413	0.01555	0.07166	0.01429	0.03939	0.01126	0.00760	0.00901	0.00223	0.10558	0.00659	0.00387	0.07368
23	0.27561	0.06696	0.04671	0.01691	0.02195	0.06900	0.19410	0.06100	0.01550	0.09128	0.01287	0.01506	0.00972	0.00698	0.00737	0.00217	0.06814	0.00560	0.00429	0.00877
24	0.01635	0.11061	0.08515	0.04098	0.02212	0.07302	0.16495	0.08827	0.01771	0.05349	0.11573	0.12248	0.03974	0.00991	0.00719	0.00215	0.00782	0.00894	0.00493	0.00847
25	0.05820	0.14874	0.08212	0.01594	0.02130	0.09123	0.10683	0.07756	0.15225	0.06208	0.01726	0.02043	0.01383	0.00775	0.00642	0.00202	0.00791	0.04413	0.00479	0.05920
26	0.01631	0.11446	0.12592	0.02153	0.12214	0.07506	0.14900	0.05431	0.01560	0.02077	0.01518	0.10641	0.01408	0.00871	0.00845	0.00217	0.08481	0.00746	0.00381	0.03383

[dist]
# distance from previous block
# <min> <max>
0	45

# created by:
# /home/berkeley/.conda/envs/busco_data_prod/bin/msa2prfl.pl pipeline/OGs_align_augustus/4893/34430.fs
