[name]
unknown

[dist]
# distance from previous block
# <min> <max>
0	56

[block]
# block no. 0 follows, 32 sequences, length 22
# corresponding to MSA columns:
# 59-80
name=unknown_A
#
# <colnr> <probs for GDERKNQSTAVLIFYWHMCP>
#	G	D	E	R	K	N	Q	S	T	A	V	L	I	F	Y	W	H	M	C	P
0	0.01934	0.01957	0.08041	0.03486	0.02040	0.17445	0.04197	0.15161	0.11154	0.06739	0.05180	0.02390	0.03190	0.00867	0.00673	0.00202	0.00789	0.05869	0.00525	0.08161
1	0.15701	0.19367	0.09538	0.04069	0.05852	0.07151	0.03459	0.06187	0.05973	0.02318	0.05571	0.01604	0.01298	0.00680	0.00555	0.00181	0.00715	0.00512	0.00406	0.08862
2	0.04101	0.05216	0.16637	0.02040	0.12614	0.13495	0.10196	0.06889	0.01680	0.04798	0.04631	0.04059	0.06816	0.00816	0.00716	0.00207	0.03100	0.00685	0.00414	0.00891
3	0.07209	0.04603	0.08132	0.02452	0.25372	0.18189	0.06511	0.06032	0.03979	0.04122	0.01339	0.03263	0.01096	0.00680	0.00632	0.00194	0.00870	0.00571	0.00389	0.04362
4	0.01542	0.09146	0.07827	0.01443	0.06630	0.06715	0.01148	0.08291	0.04730	0.02225	0.04707	0.13797	0.01813	0.00911	0.00682	0.00182	0.03402	0.00744	0.00455	0.23610
5	0.09155	0.04372	0.03565	0.01640	0.13077	0.05781	0.04543	0.01940	0.09546	0.02223	0.04386	0.09976	0.05693	0.03159	0.00710	0.00207	0.00615	0.00772	0.07123	0.11516
6	0.04203	0.10195	0.01600	0.06742	0.05526	0.01258	0.01026	0.04396	0.01301	0.01852	0.03984	0.06680	0.01704	0.05687	0.32155	0.00593	0.04730	0.00715	0.00390	0.05263
7	0.01455	0.01434	0.04861	0.09159	0.12577	0.04246	0.11070	0.04166	0.09720	0.02032	0.02080	0.02587	0.08435	0.04129	0.01111	0.08292	0.05734	0.03111	0.00419	0.03379
8	0.00941	0.00648	0.00850	0.00951	0.01008	0.00638	0.00656	0.01093	0.04353	0.01669	0.03109	0.48252	0.03592	0.10515	0.03134	0.10105	0.00502	0.06899	0.00554	0.00529
9	0.01717	0.08073	0.37715	0.01703	0.02430	0.04635	0.04890	0.19603	0.01881	0.02585	0.03411	0.01711	0.01177	0.04627	0.00785	0.00226	0.00884	0.00571	0.00409	0.00967
10	0.00809	0.00680	0.00702	0.00697	0.00916	0.00573	0.00522	0.00994	0.01567	0.01903	0.13495	0.06309	0.65207	0.01666	0.00793	0.00225	0.00337	0.01395	0.00635	0.00573
11	0.00922	0.00740	0.00879	0.04214	0.01198	0.00718	0.00686	0.01268	0.09011	0.01869	0.04599	0.39482	0.28409	0.01762	0.00806	0.00249	0.00410	0.01545	0.00615	0.00618
12	0.00950	0.00686	0.00897	0.00844	0.01002	0.00633	0.00633	0.01266	0.01899	0.02691	0.71879	0.05012	0.06331	0.01372	0.00791	0.00211	0.00317	0.01213	0.00739	0.00633
13	0.02551	0.01879	0.02014	0.01544	0.02081	0.02081	0.01275	0.69996	0.03155	0.04229	0.01611	0.01611	0.01141	0.00805	0.00671	0.00201	0.00738	0.00604	0.00671	0.01141
14	0.01794	0.76823	0.03516	0.01148	0.01722	0.02655	0.01148	0.02009	0.01363	0.01579	0.00933	0.01076	0.00861	0.00574	0.00431	0.00144	0.00718	0.00359	0.00287	0.00861
15	0.01391	0.01193	0.01391	0.00994	0.01590	0.00894	0.00795	0.01690	0.01391	0.02186	0.01193	0.01391	0.00994	0.00497	0.00497	0.00099	0.00497	0.00398	0.00398	0.80521
16	0.01584	0.01810	0.03959	0.02828	0.03507	0.01697	0.69796	0.02149	0.01584	0.02149	0.01357	0.01810	0.01018	0.00566	0.00792	0.00226	0.01131	0.00792	0.00339	0.00905
17	0.01661	0.01594	0.02724	0.04119	0.72233	0.01594	0.02059	0.02059	0.01528	0.02192	0.01262	0.01661	0.01063	0.00598	0.00664	0.00199	0.00797	0.00598	0.00332	0.01063
18	0.01422	0.01468	0.02788	0.38268	0.07006	0.01620	0.27678	0.01887	0.01416	0.01893	0.01233	0.01765	0.00948	0.00669	0.00842	0.00229	0.07062	0.00670	0.00315	0.00819
19	0.01863	0.01434	0.01921	0.25071	0.09980	0.01624	0.01467	0.16236	0.18040	0.10463	0.01797	0.01952	0.01316	0.00780	0.00720	0.00218	0.02971	0.00644	0.00527	0.00976
20	0.50113	0.08208	0.01444	0.01079	0.01521	0.07837	0.00892	0.07890	0.05332	0.05824	0.01183	0.01284	0.00909	0.00660	0.00483	0.00196	0.00617	0.00426	0.00452	0.03653
21	0.04625	0.50457	0.12243	0.01306	0.01852	0.02301	0.01325	0.04745	0.01423	0.01861	0.03872	0.01344	0.01090	0.00688	0.00664	0.00176	0.08395	0.00445	0.00326	0.00862

[dist]
# distance from previous block
# <min> <max>
1	24

[block]
# block no. 1 follows, 32 sequences, length 14
# corresponding to MSA columns:
# 105-118
name=unknown_B
#
# <colnr> <probs for GDERKNQSTAVLIFYWHMCP>
#	G	D	E	R	K	N	Q	S	T	A	V	L	I	F	Y	W	H	M	C	P
0	0.16028	0.01616	0.01934	0.01512	0.02017	0.01744	0.09201	0.31989	0.13191	0.11423	0.01759	0.01762	0.01257	0.00765	0.00643	0.00210	0.00695	0.00617	0.00608	0.01029
1	0.09272	0.01479	0.01589	0.01275	0.01717	0.01574	0.01017	0.34408	0.10416	0.07818	0.01831	0.04861	0.01481	0.08075	0.00900	0.00240	0.00633	0.00668	0.00601	0.10145
2	0.00961	0.00708	0.01023	0.01023	0.01124	0.00809	0.00770	0.01163	0.01062	0.01517	0.01848	0.02917	0.01799	0.16446	0.62513	0.01010	0.01614	0.00760	0.00367	0.00568
3	0.00925	0.00685	0.00863	0.00818	0.00987	0.00623	0.00614	0.01219	0.01841	0.02553	0.61653	0.05239	0.16643	0.01423	0.00792	0.00213	0.00320	0.01245	0.00720	0.00623
4	0.02041	0.01626	0.01727	0.01441	0.01887	0.01843	0.01152	0.31601	0.42380	0.03407	0.02258	0.02127	0.01665	0.00866	0.00678	0.00217	0.00619	0.00693	0.00678	0.01095
5	0.00989	0.00763	0.01136	0.01119	0.01231	0.00910	0.00876	0.01223	0.01075	0.01561	0.01743	0.02567	0.01631	0.04805	0.69543	0.01032	0.06122	0.00711	0.00356	0.00607
6	0.01584	0.01810	0.03959	0.02828	0.03507	0.01697	0.69796	0.02149	0.01584	0.02149	0.01357	0.01810	0.01018	0.00566	0.00792	0.00226	0.01131	0.00792	0.00339	0.00905
7	0.00818	0.00681	0.00714	0.00706	0.00921	0.00577	0.00529	0.01011	0.01588	0.01951	0.17040	0.06230	0.61632	0.01648	0.00793	0.00224	0.00336	0.01384	0.00641	0.00577
8	0.02551	0.01879	0.02014	0.01544	0.02081	0.02081	0.01275	0.69996	0.03155	0.04229	0.01611	0.01611	0.01141	0.00805	0.00671	0.00201	0.00738	0.00604	0.00671	0.01141
9	0.01737	0.01438	0.01534	0.01357	0.01733	0.01639	0.01059	0.13896	0.54331	0.02940	0.02635	0.08587	0.02107	0.00995	0.00696	0.00227	0.00552	0.00831	0.00676	0.01031
10	0.01631	0.01564	0.02669	0.09503	0.67083	0.01586	0.02044	0.02033	0.01514	0.02156	0.01257	0.01670	0.01050	0.00603	0.00665	0.00201	0.00805	0.00598	0.00330	0.01039
11	0.01626	0.01279	0.01388	0.01210	0.01606	0.01364	0.00946	0.02951	0.47100	0.08514	0.03113	0.02909	0.11731	0.00965	0.00675	0.00210	0.00503	0.00801	0.00653	0.10454
12	0.09909	0.21863	0.10673	0.01407	0.01917	0.22751	0.03265	0.04221	0.01624	0.07873	0.01669	0.01752	0.06951	0.00744	0.00573	0.00183	0.00843	0.00533	0.00403	0.00847
13	0.20422	0.13747	0.01836	0.04221	0.01832	0.31581	0.01094	0.02341	0.07405	0.02129	0.06469	0.01578	0.01343	0.00726	0.00557	0.00186	0.00837	0.00497	0.00409	0.00791

[dist]
# distance from previous block
# <min> <max>
0	22

[block]
# block no. 2 follows, 32 sequences, length 41
# corresponding to MSA columns:
# 141-181
name=unknown_C
#
# <colnr> <probs for GDERKNQSTAVLIFYWHMCP>
#	G	D	E	R	K	N	Q	S	T	A	V	L	I	F	Y	W	H	M	C	P
0	0.05446	0.25131	0.16676	0.01684	0.10314	0.06273	0.01456	0.02222	0.07126	0.07551	0.04971	0.03690	0.01477	0.00759	0.00592	0.00192	0.00747	0.02366	0.00415	0.00912
1	0.05450	0.17635	0.20278	0.07451	0.09837	0.05332	0.01592	0.08251	0.03214	0.06666	0.05409	0.01707	0.01314	0.00795	0.02164	0.00213	0.00813	0.00550	0.00406	0.00925
2	0.00865	0.00746	0.00800	0.00771	0.00995	0.00664	0.00584	0.01038	0.01480	0.01818	0.05978	0.09934	0.60157	0.01626	0.00855	0.00226	0.04376	0.01342	0.00592	0.05153
3	0.01118	0.00985	0.00957	0.00895	0.01155	0.04986	0.00683	0.05142	0.10469	0.02178	0.14529	0.05200	0.46320	0.01449	0.00762	0.00220	0.00432	0.01205	0.00633	0.00681
4	0.00983	0.00679	0.00867	0.00820	0.00978	0.00632	0.00615	0.01299	0.01845	0.02670	0.64142	0.04733	0.05819	0.01306	0.00756	0.00205	0.00316	0.01148	0.09554	0.00632
5	0.00950	0.00686	0.00897	0.00844	0.01002	0.00633	0.00633	0.01266	0.01899	0.02691	0.71879	0.05012	0.06331	0.01372	0.00791	0.00211	0.00317	0.01213	0.00739	0.00633
6	0.01385	0.01344	0.01878	0.01626	0.01649	0.01837	0.01344	0.01555	0.01127	0.01731	0.08809	0.01920	0.01526	0.01389	0.05620	0.00324	0.63212	0.00663	0.00346	0.00716
7	0.01267	0.01193	0.02013	0.74806	0.04621	0.01491	0.01863	0.01714	0.01342	0.01714	0.01193	0.01789	0.00894	0.00671	0.00671	0.00224	0.00894	0.00596	0.00298	0.00745
8	0.01267	0.01193	0.02013	0.74806	0.04621	0.01491	0.01863	0.01714	0.01342	0.01714	0.01193	0.01789	0.00894	0.00671	0.00671	0.00224	0.00894	0.00596	0.00298	0.00745
9	0.00961	0.00710	0.01031	0.01031	0.01135	0.00813	0.00780	0.01168	0.01064	0.01523	0.01840	0.02875	0.01781	0.14744	0.64189	0.01020	0.01641	0.00754	0.00366	0.00573
10	0.02541	0.02168	0.01989	0.01584	0.02079	0.17734	0.01280	0.55288	0.02881	0.03664	0.01486	0.01523	0.01081	0.00781	0.00657	0.00195	0.00841	0.00567	0.00600	0.01062
11	0.01794	0.76823	0.03516	0.01148	0.01722	0.02655	0.01148	0.02009	0.01363	0.01579	0.00933	0.01076	0.00861	0.00574	0.00431	0.00144	0.00718	0.00359	0.00287	0.00861
12	0.00890	0.00616	0.00762	0.00844	0.00870	0.00593	0.00530	0.00963	0.01172	0.01567	0.05213	0.42935	0.03640	0.34011	0.01954	0.00433	0.00499	0.01485	0.00534	0.00488
13	0.00952	0.00890	0.05249	0.01088	0.01288	0.00726	0.06122	0.01217	0.01549	0.02121	0.27501	0.35761	0.09708	0.01611	0.00811	0.00240	0.00453	0.01458	0.00622	0.00632
14	0.00816	0.00591	0.00771	0.00915	0.00968	0.00547	0.00614	0.00936	0.01303	0.01720	0.03931	0.70749	0.09520	0.02072	0.00852	0.00269	0.00386	0.01871	0.00623	0.00547
15	0.00818	0.00584	0.00779	0.00934	0.00973	0.00545	0.00623	0.00934	0.01285	0.01713	0.03698	0.75981	0.04438	0.02102	0.00856	0.00273	0.00389	0.01908	0.00623	0.00545
16	0.01344	0.01308	0.02042	0.01717	0.01841	0.01673	0.10471	0.01572	0.01116	0.01671	0.01197	0.01835	0.01118	0.02153	0.21674	0.00500	0.45080	0.00651	0.00318	0.00720
17	0.01928	0.27258	0.05260	0.01772	0.02295	0.16661	0.17546	0.09118	0.03963	0.02056	0.01188	0.01412	0.00967	0.00667	0.00694	0.00189	0.05243	0.00532	0.00364	0.00887
18	0.00850	0.00685	0.00773	0.00758	0.00956	0.00607	0.00571	0.01067	0.01599	0.02042	0.24904	0.05749	0.47825	0.01866	0.06485	0.00289	0.00447	0.01304	0.00635	0.00588
19	0.00818	0.00584	0.00779	0.00934	0.00973	0.00545	0.00623	0.00934	0.01285	0.01713	0.03698	0.75981	0.04438	0.02102	0.00856	0.00273	0.00389	0.01908	0.00623	0.00545
20	0.01814	0.01187	0.01447	0.01244	0.01582	0.01216	0.03146	0.20709	0.09498	0.15286	0.06336	0.22965	0.06615	0.01275	0.00747	0.00230	0.00556	0.02582	0.00676	0.00890
21	0.02294	0.02967	0.07726	0.01881	0.02332	0.54845	0.10585	0.05928	0.01884	0.01877	0.01122	0.01327	0.00898	0.00676	0.00636	0.00185	0.01159	0.00494	0.00356	0.00830
22	0.01672	0.57222	0.20059	0.03355	0.02084	0.02361	0.01486	0.02029	0.01376	0.01713	0.01005	0.01177	0.00859	0.00592	0.00487	0.00162	0.00788	0.00398	0.00286	0.00889
23	0.01352	0.01296	0.01594	0.01425	0.01477	0.07152	0.01126	0.01492	0.01097	0.01546	0.01313	0.02236	0.01336	0.16003	0.17116	0.00513	0.40270	0.00675	0.00332	0.00648
24	0.01458	0.01203	0.01403	0.01019	0.01602	0.00936	0.00815	0.01835	0.04887	0.04521	0.01317	0.01476	0.01068	0.00528	0.00512	0.00109	0.00501	0.00425	0.00426	0.73958
25	0.01929	0.01344	0.01509	0.01326	0.01723	0.01475	0.01055	0.05510	0.49405	0.17127	0.02739	0.02810	0.02076	0.00962	0.00699	0.00229	0.00553	0.05776	0.00708	0.01048
26	0.01453	0.00793	0.00861	0.02683	0.01074	0.00810	0.00623	0.08559	0.01603	0.06385	0.02216	0.06589	0.01792	0.00860	0.00528	0.00172	0.00389	0.00699	0.61208	0.00704
27	0.00824	0.00670	0.00730	0.00738	0.00931	0.00576	0.00545	0.01014	0.01569	0.01959	0.18144	0.13917	0.52675	0.01685	0.00800	0.00229	0.00341	0.01434	0.00644	0.00576
28	0.00854	0.00682	0.00764	0.00744	0.00944	0.00592	0.00558	0.01081	0.01674	0.02155	0.32150	0.05894	0.46394	0.01572	0.00792	0.00221	0.00331	0.01337	0.00668	0.00592
29	0.01391	0.01193	0.01391	0.00994	0.01590	0.00894	0.00795	0.01690	0.01391	0.02186	0.01193	0.01391	0.00994	0.00497	0.00497	0.00099	0.00497	0.00398	0.00398	0.80521
30	0.01391	0.01193	0.01391	0.00994	0.01590	0.00894	0.00795	0.01690	0.01391	0.02186	0.01193	0.01391	0.00994	0.00497	0.00497	0.00099	0.00497	0.00398	0.00398	0.80521
31	0.00816	0.00591	0.00771	0.00915	0.00968	0.00547	0.00614	0.00936	0.01303	0.01720	0.03931	0.70749	0.09520	0.02072	0.00852	0.00269	0.00386	0.01871	0.00623	0.00547
32	0.01391	0.01193	0.01391	0.00994	0.01590	0.00894	0.00795	0.01690	0.01391	0.02186	0.01193	0.01391	0.00994	0.00497	0.00497	0.00099	0.00497	0.00398	0.00398	0.80521
33	0.01800	0.66827	0.08839	0.01241	0.01835	0.06694	0.01261	0.02057	0.01399	0.01625	0.00960	0.01111	0.00860	0.00586	0.00457	0.00151	0.00768	0.00374	0.00290	0.00866
34	0.01661	0.01594	0.02724	0.04119	0.72233	0.01594	0.02059	0.02059	0.01528	0.02192	0.01262	0.01661	0.01063	0.00598	0.00664	0.00199	0.00797	0.00598	0.00332	0.01063
35	0.01661	0.01594	0.02724	0.04119	0.72233	0.01594	0.02059	0.02059	0.01528	0.02192	0.01262	0.01661	0.01063	0.00598	0.00664	0.00199	0.00797	0.00598	0.00332	0.01063
36	0.00929	0.00685	0.00868	0.00822	0.00990	0.00624	0.00617	0.01226	0.01850	0.02574	0.63204	0.05205	0.15079	0.01415	0.00792	0.00213	0.00320	0.01240	0.00723	0.00624
37	0.00889	0.00614	0.00757	0.00842	0.00864	0.00593	0.00525	0.00953	0.01144	0.01526	0.02978	0.43446	0.03530	0.35876	0.02019	0.00444	0.00508	0.01484	0.00525	0.00482
38	0.01735	0.02177	0.08424	0.02343	0.02926	0.18701	0.43074	0.02204	0.01671	0.02069	0.06772	0.01888	0.01383	0.00664	0.00736	0.00211	0.01076	0.00717	0.00368	0.00860
39	0.01083	0.00809	0.01151	0.01115	0.01267	0.00936	0.00873	0.06565	0.01240	0.01766	0.01783	0.02556	0.01636	0.04703	0.68058	0.01010	0.01715	0.00710	0.00384	0.00641
40	0.00798	0.00659	0.00701	0.00734	0.00921	0.00562	0.00534	0.00957	0.01477	0.01791	0.06136	0.21302	0.57543	0.01785	0.00807	0.00236	0.00350	0.01521	0.00623	0.00562

[dist]
# distance from previous block
# <min> <max>
0	2

[block]
# block no. 3 follows, 32 sequences, length 40
# corresponding to MSA columns:
# 184-223
name=unknown_D
#
# <colnr> <probs for GDERKNQSTAVLIFYWHMCP>
#	G	D	E	R	K	N	Q	S	T	A	V	L	I	F	Y	W	H	M	C	P
0	0.01794	0.76823	0.03516	0.01148	0.01722	0.02655	0.01148	0.02009	0.01363	0.01579	0.00933	0.01076	0.00861	0.00574	0.00431	0.00144	0.00718	0.00359	0.00287	0.00861
1	0.01267	0.01193	0.02013	0.74806	0.04621	0.01491	0.01863	0.01714	0.01342	0.01714	0.01193	0.01789	0.00894	0.00671	0.00671	0.00224	0.00894	0.00596	0.00298	0.00745
2	0.00976	0.00651	0.00732	0.00732	0.00732	0.00651	0.00407	0.00976	0.00976	0.01301	0.02114	0.04391	0.02439	0.76419	0.03415	0.00651	0.00651	0.00976	0.00407	0.00407
3	0.08723	0.01834	0.01933	0.01492	0.02019	0.02036	0.01232	0.64655	0.02997	0.04133	0.01558	0.01570	0.01109	0.00791	0.00651	0.00202	0.00721	0.00585	0.00651	0.01109
4	0.01636	0.01859	0.03409	0.06050	0.03184	0.08318	0.50648	0.02102	0.01523	0.02007	0.01253	0.01706	0.00979	0.00668	0.00967	0.00231	0.11545	0.00721	0.00332	0.00862
5	0.02002	0.01549	0.01970	0.31299	0.03082	0.01777	0.01492	0.36241	0.05807	0.05840	0.01539	0.01755	0.01107	0.00757	0.00672	0.00212	0.00785	0.00612	0.00526	0.00976
6	0.00976	0.00651	0.00732	0.00732	0.00732	0.00651	0.00407	0.00976	0.00976	0.01301	0.02114	0.04391	0.02439	0.76419	0.03415	0.00651	0.00651	0.00976	0.00407	0.00407
7	0.01669	0.01441	0.01517	0.01365	0.01745	0.01669	0.01062	0.03565	0.71021	0.02807	0.02731	0.02503	0.02048	0.00910	0.00683	0.00228	0.00531	0.00759	0.00683	0.01062
8	0.01672	0.01769	0.03811	0.02727	0.03396	0.01653	0.65539	0.02219	0.01605	0.06514	0.01437	0.01839	0.01058	0.00582	0.00785	0.00225	0.01097	0.00785	0.00370	0.00920
9	0.01619	0.01552	0.02648	0.11606	0.65072	0.01583	0.02039	0.02023	0.01508	0.02142	0.01255	0.01674	0.01045	0.00606	0.00665	0.00202	0.00807	0.00598	0.00329	0.01029
10	0.01267	0.01193	0.02013	0.74806	0.04621	0.01491	0.01863	0.01714	0.01342	0.01714	0.01193	0.01789	0.00894	0.00671	0.00671	0.00224	0.00894	0.00596	0.00298	0.00745
11	0.01322	0.00694	0.00702	0.00676	0.00853	0.00705	0.00513	0.05327	0.01503	0.02597	0.02157	0.02453	0.01688	0.00783	0.00480	0.00159	0.00336	0.00624	0.75774	0.00654
12	0.01440	0.01429	0.02049	0.11985	0.02162	0.01976	0.01523	0.01629	0.01072	0.01629	0.00924	0.01513	0.00883	0.01104	0.01988	0.00284	0.64792	0.00588	0.00294	0.00736
13	0.02551	0.01879	0.02014	0.01544	0.02081	0.02081	0.01275	0.69996	0.03155	0.04229	0.01611	0.01611	0.01141	0.00805	0.00671	0.00201	0.00738	0.00604	0.00671	0.01141
14	0.00816	0.00589	0.00773	0.00920	0.00969	0.00546	0.00616	0.00936	0.01299	0.01719	0.03877	0.71971	0.08332	0.02079	0.00853	0.00270	0.00386	0.01879	0.00623	0.00546
15	0.01584	0.01810	0.03959	0.02828	0.03507	0.01697	0.69796	0.02149	0.01584	0.02149	0.01357	0.01810	0.01018	0.00566	0.00792	0.00226	0.01131	0.00792	0.00339	0.00905
16	0.02414	0.03004	0.01859	0.01689	0.02038	0.65770	0.01271	0.02777	0.09532	0.01771	0.01224	0.01353	0.00995	0.00716	0.00614	0.00179	0.01135	0.00468	0.00383	0.00809
17	0.00976	0.00651	0.00732	0.00732	0.00732	0.00651	0.00407	0.00976	0.00976	0.01301	0.02114	0.04391	0.02439	0.76419	0.03415	0.00651	0.00651	0.00976	0.00407	0.00407
18	0.00847	0.00605	0.00812	0.00968	0.01019	0.00570	0.00673	0.00985	0.01313	0.01745	0.03682	0.68428	0.04374	0.02075	0.00864	0.00277	0.00415	0.09173	0.00622	0.00553
19	0.03938	0.01323	0.02232	0.56998	0.07173	0.01553	0.09508	0.05725	0.01475	0.01971	0.01230	0.01753	0.00925	0.00662	0.00676	0.00221	0.00896	0.00612	0.00330	0.00799
20	0.01267	0.01193	0.02013	0.74806	0.04621	0.01491	0.01863	0.01714	0.01342	0.01714	0.01193	0.01789	0.00894	0.00671	0.00671	0.00224	0.00894	0.00596	0.00298	0.00745
21	0.00868	0.00661	0.00798	0.00809	0.00964	0.00591	0.00590	0.01090	0.01638	0.02178	0.34848	0.21382	0.27860	0.01645	0.00806	0.00230	0.00341	0.01437	0.00674	0.00591
22	0.05621	0.01463	0.01682	0.01331	0.01803	0.01516	0.01083	0.37006	0.02449	0.27174	0.02167	0.10030	0.01665	0.00950	0.00683	0.00212	0.00634	0.00763	0.00710	0.01059
23	0.01595	0.01752	0.11604	0.06071	0.08603	0.09804	0.12407	0.05581	0.04603	0.06455	0.02000	0.18387	0.01889	0.03234	0.00796	0.00234	0.00796	0.00912	0.02440	0.00839
24	0.01468	0.01468	0.02055	0.01762	0.01762	0.02055	0.01468	0.01615	0.01028	0.01615	0.00881	0.01468	0.00881	0.01174	0.02202	0.00294	0.75191	0.00587	0.00294	0.00734
25	0.01450	0.01370	0.05851	0.01080	0.01697	0.00998	0.00925	0.05336	0.01486	0.02291	0.01215	0.01405	0.00993	0.00522	0.00515	0.00112	0.00540	0.00415	0.00405	0.71394
26	0.01326	0.10096	0.09314	0.01239	0.06158	0.01107	0.01025	0.01716	0.05099	0.08738	0.18816	0.04075	0.24084	0.01188	0.00712	0.00211	0.00522	0.03222	0.00574	0.00777
27	0.00818	0.00584	0.00779	0.00934	0.00973	0.00545	0.00623	0.00934	0.01285	0.01713	0.03698	0.75981	0.04438	0.02102	0.00856	0.00273	0.00389	0.01908	0.00623	0.00545
28	0.02505	0.01764	0.01977	0.01637	0.06059	0.01917	0.01273	0.58335	0.02905	0.10111	0.01698	0.01697	0.01198	0.00795	0.00666	0.00201	0.00715	0.00611	0.02814	0.01123
29	0.01658	0.01780	0.02958	0.09022	0.22964	0.09227	0.30036	0.02169	0.04925	0.02105	0.03515	0.01825	0.01214	0.00655	0.00759	0.00214	0.03007	0.00687	0.00362	0.00918
30	0.02571	0.01847	0.01994	0.01529	0.02065	0.02033	0.01263	0.67104	0.03101	0.07196	0.01656	0.01640	0.01164	0.00807	0.00671	0.00202	0.00731	0.00607	0.00678	0.01141
31	0.01859	0.06477	0.02309	0.12612	0.22081	0.14296	0.05015	0.12108	0.06223	0.02307	0.01393	0.01765	0.01133	0.00716	0.00686	0.00200	0.02558	0.02383	0.00408	0.03470
32	0.00972	0.00729	0.00841	0.00825	0.01029	0.00655	0.00628	0.03269	0.01675	0.04057	0.24502	0.11978	0.38957	0.01601	0.00800	0.00230	0.00374	0.05598	0.00663	0.00620
33	0.00866	0.00607	0.00773	0.00877	0.00913	0.00577	0.00568	0.00964	0.01240	0.01663	0.07203	0.53422	0.04031	0.21249	0.01513	0.00367	0.00453	0.01627	0.00574	0.00514
34	0.01340	0.06216	0.24439	0.10137	0.15042	0.01415	0.01786	0.01814	0.01437	0.02007	0.03964	0.02978	0.01754	0.01115	0.03663	0.00266	0.04304	0.15088	0.00384	0.00850
35	0.01451	0.01207	0.01420	0.01293	0.01611	0.01316	0.03954	0.06706	0.36962	0.02545	0.06500	0.04023	0.10254	0.03726	0.00844	0.00255	0.00559	0.13857	0.00641	0.00876
36	0.00976	0.00651	0.00732	0.00732	0.00732	0.00651	0.00407	0.00976	0.00976	0.01301	0.02114	0.04391	0.02439	0.76419	0.03415	0.00651	0.00651	0.00976	0.00407	0.00407
37	0.00818	0.00584	0.00779	0.00934	0.00973	0.00545	0.00623	0.00934	0.01285	0.01713	0.03698	0.75981	0.04438	0.02102	0.00856	0.00273	0.00389	0.01908	0.00623	0.00545
38	0.01186	0.00948	0.01097	0.01036	0.01277	0.00988	0.00804	0.02018	0.25173	0.02563	0.34513	0.04571	0.12484	0.01299	0.00767	0.00227	0.00419	0.07164	0.00695	0.00769
39	0.06243	0.03897	0.02006	0.06033	0.02190	0.02033	0.01282	0.60595	0.02896	0.03941	0.01534	0.01582	0.01098	0.00782	0.00652	0.00201	0.00737	0.00585	0.00625	0.01089

[dist]
# distance from previous block
# <min> <max>
0	1

[block]
# block no. 4 follows, 32 sequences, length 15
# corresponding to MSA columns:
# 225-239
name=unknown_E
#
# <colnr> <probs for GDERKNQSTAVLIFYWHMCP>
#	G	D	E	R	K	N	Q	S	T	A	V	L	I	F	Y	W	H	M	C	P
0	0.06536	0.04945	0.09472	0.02137	0.18824	0.17138	0.01513	0.17552	0.04740	0.04261	0.01344	0.01506	0.01039	0.00681	0.00619	0.00189	0.00840	0.00527	0.00439	0.05697
1	0.01692	0.60118	0.19327	0.01322	0.01991	0.02405	0.01451	0.02036	0.01376	0.01703	0.00995	0.01154	0.00859	0.00588	0.00478	0.00159	0.00780	0.00390	0.00286	0.00891
2	0.01166	0.00583	0.00874	0.00874	0.00874	0.00583	0.00583	0.00874	0.00874	0.01166	0.01166	0.02040	0.01166	0.02331	0.02622	0.80478	0.00583	0.00583	0.00291	0.00291
3	0.01653	0.53732	0.25371	0.01389	0.02094	0.02310	0.01567	0.02046	0.01380	0.01751	0.01018	0.01183	0.00858	0.00594	0.00496	0.00165	0.00804	0.00402	0.00286	0.00902
4	0.02098	0.01237	0.01532	0.08868	0.01940	0.01275	0.01064	0.13870	0.14840	0.27453	0.11266	0.02782	0.06869	0.00950	0.00698	0.00214	0.00578	0.00787	0.00696	0.00984
5	0.01238	0.00860	0.01254	0.01179	0.01325	0.01011	0.00935	0.01468	0.01159	0.08970	0.01767	0.02448	0.01573	0.04096	0.56904	0.00886	0.11155	0.00697	0.00400	0.00673
6	0.01403	0.01351	0.02350	0.49354	0.24279	0.01535	0.06471	0.01844	0.01412	0.01883	0.01224	0.01753	0.00952	0.00642	0.00677	0.00217	0.00882	0.00610	0.00311	0.00849
7	0.01513	0.01444	0.02457	0.30594	0.46910	0.01555	0.01986	0.01930	0.01458	0.02013	0.01236	0.01709	0.01000	0.00625	0.00667	0.00208	0.00834	0.00597	0.00319	0.00944
8	0.02256	0.01879	0.01875	0.01616	0.05827	0.11922	0.01231	0.45448	0.05205	0.03501	0.10634	0.02030	0.01802	0.00855	0.00677	0.00199	0.00746	0.00664	0.00616	0.01017
9	0.00826	0.00596	0.00768	0.00902	0.00952	0.00553	0.00600	0.00939	0.01283	0.01694	0.03830	0.66061	0.09419	0.06906	0.01018	0.00294	0.00403	0.01810	0.00609	0.00538
10	0.07411	0.01474	0.01823	0.01436	0.01884	0.05412	0.09882	0.21305	0.04936	0.17811	0.13889	0.02556	0.05361	0.00902	0.00693	0.00209	0.00667	0.00764	0.00636	0.00947
11	0.40320	0.15533	0.08472	0.01177	0.01668	0.01786	0.01094	0.09135	0.01461	0.07228	0.01138	0.01276	0.00877	0.00685	0.00603	0.00201	0.05639	0.00435	0.00425	0.00847
12	0.01974	0.01882	0.01950	0.09241	0.02273	0.18102	0.06027	0.15008	0.17906	0.05120	0.04537	0.01908	0.01459	0.00836	0.00834	0.00215	0.08663	0.00639	0.00507	0.00919
13	0.04285	0.00820	0.01166	0.01115	0.01285	0.00795	0.07835	0.01314	0.06050	0.01956	0.09378	0.43633	0.10120	0.05831	0.00951	0.00273	0.00485	0.01493	0.00587	0.00627
14	0.08790	0.01655	0.02356	0.01779	0.02293	0.06873	0.22849	0.13427	0.01811	0.09865	0.03993	0.01751	0.01250	0.00707	0.00764	0.00200	0.05808	0.00628	0.00473	0.12729

[dist]
# distance from previous block
# <min> <max>
0	35

[block]
# block no. 5 follows, 32 sequences, length 74
# corresponding to MSA columns:
# 275-348
name=unknown_F
#
# <colnr> <probs for GDERKNQSTAVLIFYWHMCP>
#	G	D	E	R	K	N	Q	S	T	A	V	L	I	F	Y	W	H	M	C	P
0	0.01603	0.01726	0.09164	0.08736	0.53197	0.01591	0.01977	0.02203	0.08996	0.02217	0.01410	0.01738	0.01137	0.00641	0.00664	0.00205	0.00794	0.00605	0.00363	0.01033
1	0.01549	0.15281	0.53955	0.01748	0.02622	0.01794	0.02132	0.09423	0.01595	0.02263	0.01204	0.01382	0.00883	0.00645	0.00607	0.00200	0.00920	0.00485	0.00326	0.00986
2	0.01341	0.06466	0.63089	0.01815	0.02709	0.01533	0.02288	0.02051	0.01426	0.02090	0.01414	0.01982	0.01134	0.00749	0.00656	0.00219	0.00944	0.06829	0.00315	0.00951
3	0.00938	0.00687	0.00885	0.00863	0.01022	0.00633	0.00655	0.01231	0.01807	0.02507	0.57131	0.08852	0.12237	0.01476	0.00805	0.00223	0.00345	0.06369	0.00713	0.00621
4	0.02022	0.01617	0.01716	0.01437	0.01879	0.01834	0.01147	0.30141	0.43871	0.03376	0.02283	0.02146	0.01685	0.00868	0.00678	0.00217	0.00614	0.00697	0.00678	0.01094
5	0.01711	0.63247	0.16365	0.01290	0.01941	0.02452	0.01394	0.02031	0.01373	0.01680	0.00983	0.01139	0.00859	0.00586	0.00469	0.00156	0.00768	0.00384	0.00286	0.00885
6	0.02018	0.01037	0.01314	0.01102	0.01466	0.00992	0.00875	0.02614	0.15254	0.34277	0.27315	0.03298	0.03399	0.01039	0.00718	0.00213	0.00473	0.00883	0.00769	0.00945
7	0.00896	0.00652	0.00729	0.00747	0.00831	0.00609	0.00478	0.00979	0.01231	0.01578	0.06883	0.14587	0.24649	0.39810	0.02137	0.00448	0.00504	0.01248	0.00518	0.00485
8	0.01050	0.00762	0.01038	0.01176	0.01338	0.00750	0.01020	0.01344	0.01543	0.01987	0.03902	0.07449	0.11203	0.01837	0.00912	0.00300	0.00588	0.60569	0.00618	0.00612
9	0.02506	0.03198	0.01901	0.01729	0.02074	0.73725	0.01296	0.02679	0.01901	0.01642	0.01037	0.01210	0.00864	0.00691	0.00605	0.00173	0.01210	0.00432	0.00346	0.00778
10	0.03010	0.01142	0.01557	0.01194	0.01713	0.00986	0.00986	0.03270	0.01920	0.72698	0.02647	0.02284	0.01661	0.00830	0.00675	0.00208	0.00571	0.00675	0.00830	0.01142
11	0.00976	0.00651	0.00732	0.00732	0.00732	0.00651	0.00407	0.00976	0.00976	0.01301	0.02114	0.04391	0.02439	0.76419	0.03415	0.00651	0.00651	0.00976	0.00407	0.00407
12	0.01661	0.01594	0.02724	0.04119	0.72233	0.01594	0.02059	0.02059	0.01528	0.02192	0.01262	0.01661	0.01063	0.00598	0.00664	0.00199	0.00797	0.00598	0.00332	0.01063
13	0.02100	0.01633	0.01857	0.01603	0.05016	0.01860	0.01244	0.35081	0.23694	0.05763	0.01903	0.01922	0.01421	0.00973	0.02637	0.00241	0.08723	0.00655	0.00617	0.01056
14	0.01005	0.00698	0.00915	0.00854	0.01021	0.00643	0.00643	0.01320	0.01900	0.04568	0.70023	0.04939	0.06206	0.01357	0.00788	0.00211	0.00323	0.01199	0.00741	0.00647
15	0.01676	0.01796	0.02090	0.01978	0.08465	0.15122	0.01492	0.01851	0.01235	0.01674	0.00945	0.01439	0.00895	0.01032	0.01765	0.00263	0.54642	0.00560	0.00307	0.00773
16	0.01922	0.01832	0.01991	0.10031	0.19672	0.19007	0.01454	0.10669	0.01785	0.07278	0.01904	0.02102	0.08658	0.00844	0.00811	0.00208	0.07850	0.00651	0.00438	0.00891
17	0.01561	0.01967	0.10465	0.02742	0.03450	0.01684	0.63448	0.02147	0.01568	0.02147	0.01343	0.01773	0.01002	0.00572	0.00777	0.00225	0.01118	0.00764	0.00334	0.00913
18	0.02325	0.02278	0.01931	0.09499	0.02325	0.29565	0.01330	0.31405	0.07907	0.02848	0.01435	0.01547	0.01081	0.00755	0.00647	0.00195	0.00920	0.00549	0.00507	0.00952
19	0.01524	0.32676	0.45300	0.01608	0.02433	0.01995	0.01949	0.02079	0.01395	0.01907	0.01096	0.01281	0.00854	0.00612	0.00555	0.00185	0.00883	0.00441	0.00285	0.00940
20	0.01375	0.03194	0.65300	0.01839	0.02752	0.01481	0.02327	0.02103	0.01441	0.04222	0.01427	0.01914	0.01105	0.00737	0.00661	0.00220	0.00950	0.05658	0.00325	0.00967
21	0.00978	0.00651	0.00719	0.00719	0.00752	0.00641	0.00421	0.01017	0.01059	0.01436	0.02561	0.04449	0.08944	0.63891	0.02954	0.00575	0.00597	0.00992	0.06205	0.00438
22	0.01182	0.00890	0.01050	0.00974	0.01205	0.00900	0.00741	0.01878	0.19504	0.04994	0.42265	0.06935	0.12233	0.01297	0.00762	0.00219	0.00385	0.01125	0.00711	0.00750
23	0.01346	0.03471	0.72942	0.01912	0.02904	0.01558	0.02479	0.02125	0.01417	0.02125	0.01204	0.01417	0.00850	0.00637	0.00637	0.00212	0.00992	0.00496	0.00283	0.00992
24	0.00813	0.00681	0.00708	0.00701	0.00919	0.00575	0.00526	0.01002	0.01577	0.01926	0.15215	0.06271	0.63472	0.01657	0.00793	0.00225	0.00337	0.01390	0.00638	0.00575
25	0.01593	0.01525	0.02601	0.16252	0.60628	0.01576	0.02026	0.02000	0.01496	0.02110	0.01250	0.01683	0.01034	0.00610	0.00665	0.00203	0.00814	0.00598	0.00326	0.01008
26	0.01412	0.10235	0.61018	0.02010	0.08111	0.01664	0.02322	0.02109	0.01420	0.02079	0.01183	0.01403	0.00867	0.00628	0.00620	0.00205	0.00951	0.00491	0.00287	0.00985
27	0.01649	0.01640	0.02523	0.17622	0.53759	0.07108	0.01963	0.02040	0.01520	0.02057	0.01231	0.01651	0.01015	0.00619	0.00661	0.00202	0.00848	0.00585	0.00327	0.00980
28	0.02488	0.01927	0.01883	0.01500	0.01987	0.11762	0.01215	0.47668	0.08029	0.10179	0.01730	0.01710	0.01236	0.00800	0.00658	0.00199	0.00761	0.00600	0.02597	0.01072
29	0.05622	0.57707	0.17951	0.01295	0.01949	0.02368	0.01406	0.02032	0.01364	0.01764	0.00990	0.01148	0.00852	0.00590	0.00473	0.00161	0.00765	0.00388	0.00293	0.00882
30	0.01632	0.01565	0.02672	0.09241	0.67334	0.01587	0.02045	0.02034	0.01514	0.02157	0.01257	0.01670	0.01051	0.00603	0.00665	0.00201	0.00804	0.00598	0.00330	0.01040
31	0.00830	0.00589	0.00775	0.00919	0.00955	0.00553	0.00606	0.00937	0.01261	0.01681	0.03577	0.70489	0.04285	0.07803	0.01053	0.00301	0.00409	0.01836	0.00606	0.00534
32	0.01665	0.64015	0.08575	0.01163	0.01736	0.02374	0.01190	0.01919	0.01383	0.01643	0.01507	0.01610	0.07565	0.00685	0.00481	0.00157	0.00703	0.00469	0.00318	0.00843
33	0.01664	0.01701	0.02063	0.13758	0.02335	0.11892	0.02889	0.07035	0.01375	0.01846	0.01019	0.01503	0.00904	0.00984	0.01583	0.00257	0.45511	0.00573	0.00331	0.00777
34	0.02224	0.02543	0.01776	0.01597	0.01963	0.46095	0.01216	0.05963	0.25416	0.02152	0.01637	0.01667	0.01278	0.00771	0.00634	0.00193	0.00959	0.00551	0.00475	0.00890
35	0.00884	0.00660	0.00822	0.00830	0.00975	0.00598	0.00604	0.01122	0.01674	0.02269	0.41601	0.22072	0.20195	0.01616	0.00807	0.00229	0.00339	0.01421	0.00686	0.00598
36	0.08101	0.01831	0.01756	0.01438	0.01903	0.11742	0.01155	0.32651	0.17820	0.11948	0.01861	0.01800	0.01339	0.00803	0.00647	0.00204	0.00721	0.00606	0.00630	0.01043
37	0.01594	0.01534	0.02568	0.12119	0.56741	0.01632	0.01973	0.01971	0.01452	0.02074	0.01213	0.01655	0.01024	0.00669	0.00831	0.00212	0.08828	0.00597	0.00324	0.00990
38	0.00802	0.00646	0.00715	0.00770	0.00930	0.00559	0.00550	0.00953	0.01442	0.01777	0.05696	0.31169	0.47961	0.01843	0.00816	0.00243	0.00357	0.01591	0.00623	0.00559
39	0.01918	0.64085	0.03242	0.01242	0.01783	0.12487	0.01173	0.04399	0.01498	0.01677	0.00970	0.01113	0.00871	0.00598	0.00463	0.00150	0.00787	0.00377	0.00308	0.00859
40	0.01664	0.01575	0.02647	0.09150	0.64864	0.01604	0.02017	0.04426	0.01572	0.02229	0.01269	0.01668	0.01053	0.00610	0.00665	0.00201	0.00802	0.00598	0.00342	0.01043
41	0.01067	0.00935	0.00945	0.00952	0.01143	0.05679	0.00696	0.01496	0.11892	0.02028	0.12938	0.26741	0.27772	0.01597	0.00783	0.00235	0.00440	0.01378	0.00628	0.00656
42	0.01120	0.00893	0.00854	0.00838	0.00875	0.07549	0.00506	0.01144	0.01067	0.01342	0.02001	0.04029	0.02264	0.66764	0.05627	0.00621	0.00744	0.00915	0.00399	0.00448
43	0.01582	0.08606	0.02190	0.01687	0.01782	0.02114	0.01423	0.06898	0.01222	0.01812	0.00942	0.01442	0.00899	0.01089	0.01918	0.00272	0.62456	0.00567	0.00322	0.00777
44	0.01532	0.01463	0.02492	0.27176	0.50179	0.01560	0.01995	0.01947	0.01467	0.02036	0.01239	0.01703	0.01008	0.00622	0.00666	0.00207	0.00829	0.00597	0.00321	0.00959
45	0.01095	0.00816	0.00980	0.00900	0.01112	0.00780	0.00693	0.08619	0.01948	0.02657	0.48921	0.05022	0.18870	0.01393	0.00783	0.00216	0.00377	0.03438	0.00704	0.00674
46	0.00959	0.00711	0.00897	0.00846	0.01018	0.00662	0.00636	0.01315	0.04203	0.02612	0.63402	0.05064	0.12376	0.01387	0.00788	0.00213	0.00326	0.01217	0.00726	0.00641
47	0.01647	0.01581	0.02700	0.06507	0.69949	0.01591	0.02053	0.02048	0.01522	0.02176	0.01260	0.01665	0.01057	0.00600	0.00664	0.00200	0.00800	0.00598	0.00331	0.01052
48	0.01548	0.01480	0.02521	0.24299	0.52931	0.01565	0.02003	0.01961	0.01475	0.02056	0.01242	0.01697	0.01015	0.00619	0.00666	0.00206	0.00825	0.00597	0.00322	0.00972
49	0.02015	0.02421	0.02229	0.01857	0.02218	0.42418	0.15861	0.02286	0.01737	0.01859	0.08745	0.01802	0.01505	0.00873	0.02353	0.00218	0.07825	0.00613	0.00382	0.00782
50	0.01665	0.55668	0.23539	0.01369	0.02063	0.02339	0.01532	0.02043	0.01379	0.01736	0.01011	0.01174	0.00858	0.00592	0.00490	0.00163	0.00797	0.00398	0.00286	0.00899
51	0.02115	0.01387	0.01561	0.01293	0.01682	0.02886	0.01027	0.34145	0.04425	0.16237	0.07373	0.18235	0.02355	0.01135	0.00720	0.00219	0.00604	0.00947	0.00689	0.00965
52	0.00825	0.00681	0.00728	0.00753	0.00958	0.00585	0.00573	0.01007	0.01521	0.01842	0.07695	0.11566	0.59387	0.01736	0.00810	0.00237	0.00368	0.07532	0.00625	0.00571
53	0.10620	0.01329	0.01446	0.01168	0.01594	0.01376	0.00949	0.29887	0.02258	0.16734	0.07948	0.02975	0.16823	0.01024	0.00679	0.00209	0.00566	0.00811	0.00669	0.00936
54	0.01501	0.24431	0.45498	0.01791	0.02628	0.01889	0.09353	0.02094	0.01419	0.01970	0.01142	0.01361	0.00871	0.00611	0.00594	0.00194	0.00928	0.00488	0.00290	0.00945
55	0.01871	0.68886	0.03342	0.01211	0.01760	0.10317	0.01164	0.02081	0.01421	0.01585	0.00944	0.01091	0.00861	0.00587	0.00449	0.00147	0.00771	0.00367	0.00293	0.00852
56	0.00935	0.00686	0.00983	0.01011	0.01102	0.00763	0.00748	0.01124	0.01103	0.01555	0.02178	0.16068	0.02266	0.13035	0.52211	0.00882	0.01406	0.00964	0.00413	0.00566
57	0.12597	0.01452	0.01557	0.01520	0.09193	0.08146	0.01062	0.13391	0.08191	0.17392	0.04943	0.08042	0.01828	0.06691	0.00862	0.00244	0.00653	0.00743	0.00583	0.00911
58	0.01619	0.01547	0.02615	0.11595	0.63122	0.01585	0.02012	0.02063	0.03371	0.02158	0.01294	0.01697	0.01071	0.00614	0.00665	0.00203	0.00800	0.00602	0.00338	0.01029
59	0.00848	0.00600	0.00782	0.00902	0.00945	0.00565	0.00596	0.00965	0.01293	0.01736	0.08729	0.61494	0.04331	0.11433	0.01175	0.00316	0.00417	0.01737	0.00604	0.00534
60	0.45427	0.01575	0.04063	0.01349	0.01808	0.01704	0.08417	0.17840	0.01660	0.03065	0.01143	0.01329	0.00871	0.00702	0.00660	0.00215	0.06381	0.00487	0.00453	0.00852
61	0.02097	0.01652	0.01826	0.01511	0.01937	0.10793	0.07458	0.15746	0.23824	0.15231	0.02247	0.08949	0.01781	0.00928	0.00696	0.00216	0.00708	0.00783	0.00626	0.00992
62	0.02363	0.02244	0.01920	0.01606	0.02000	0.27884	0.01276	0.29893	0.07711	0.05798	0.01452	0.01548	0.01105	0.00815	0.00822	0.00204	0.09329	0.00555	0.00518	0.00958
63	0.00838	0.00613	0.00771	0.00872	0.00947	0.00565	0.00590	0.00973	0.01356	0.01788	0.10471	0.53328	0.14632	0.07674	0.01037	0.00289	0.00395	0.01697	0.00617	0.00546
64	0.01720	0.01856	0.11200	0.07870	0.08422	0.01608	0.37001	0.09461	0.01726	0.07439	0.01521	0.04312	0.01170	0.00682	0.00736	0.00220	0.00963	0.00738	0.00410	0.00945
65	0.05848	0.32004	0.28730	0.01476	0.02170	0.08741	0.01618	0.02228	0.01473	0.08347	0.01199	0.01326	0.00923	0.00634	0.00545	0.00181	0.00842	0.00445	0.00347	0.00920
66	0.00815	0.00593	0.00769	0.00910	0.00967	0.00547	0.00612	0.00937	0.01308	0.01722	0.03990	0.69425	0.10806	0.02064	0.00850	0.00268	0.00385	0.01861	0.00623	0.00547
67	0.01647	0.01999	0.09979	0.07816	0.05362	0.06552	0.46540	0.05083	0.04082	0.02194	0.01366	0.01742	0.01026	0.00612	0.00743	0.00219	0.01058	0.00711	0.00358	0.00913
68	0.01346	0.03471	0.72942	0.01912	0.02904	0.01558	0.02479	0.02125	0.01417	0.02125	0.01204	0.01417	0.00850	0.00637	0.00637	0.00212	0.00992	0.00496	0.00283	0.00992
69	0.00867	0.00655	0.00855	0.00947	0.01015	0.00643	0.00661	0.01012	0.01361	0.01825	0.11365	0.57344	0.10813	0.01931	0.00920	0.00263	0.04631	0.01709	0.00617	0.00568
70	0.01105	0.00919	0.06098	0.00921	0.01152	0.00755	0.00781	0.03750	0.01741	0.02557	0.39388	0.05720	0.06680	0.01225	0.00713	0.00207	0.00404	0.06127	0.19086	0.00670
71	0.07754	0.01638	0.01574	0.01335	0.01735	0.08451	0.01058	0.27186	0.24892	0.03158	0.02009	0.04478	0.01558	0.00858	0.00635	0.00205	0.00641	0.00668	0.09192	0.00975
72	0.34058	0.07700	0.05660	0.01290	0.01741	0.18860	0.01092	0.09369	0.10080	0.02626	0.01263	0.01362	0.00981	0.00690	0.00533	0.00197	0.00750	0.00460	0.00440	0.00848
73	0.07545	0.08640	0.42513	0.01684	0.02424	0.06812	0.01911	0.08805	0.01569	0.02287	0.01167	0.01373	0.00879	0.00686	0.00714	0.00205	0.06285	0.00485	0.00341	0.03674

[dist]
# distance from previous block
# <min> <max>
1	15

[block]
# block no. 6 follows, 32 sequences, length 80
# corresponding to MSA columns:
# 364-443
name=unknown_G
#
# <colnr> <probs for GDERKNQSTAVLIFYWHMCP>
#	G	D	E	R	K	N	Q	S	T	A	V	L	I	F	Y	W	H	M	C	P
0	0.00934	0.00671	0.00861	0.00975	0.01047	0.00648	0.00667	0.05561	0.01410	0.01881	0.03558	0.70999	0.04217	0.02015	0.00844	0.00268	0.00413	0.01820	0.00626	0.00585
1	0.16979	0.01360	0.01565	0.08028	0.01960	0.01407	0.01061	0.19831	0.03608	0.25234	0.01783	0.01774	0.01233	0.00741	0.00603	0.00196	0.00618	0.00567	0.03179	0.08274
2	0.06841	0.05001	0.11693	0.07120	0.19311	0.10296	0.04594	0.08496	0.05038	0.07100	0.01572	0.07149	0.01314	0.00781	0.00651	0.00207	0.00810	0.00659	0.00433	0.00935
3	0.04701	0.04250	0.02566	0.04698	0.44532	0.12907	0.06331	0.07953	0.01706	0.02277	0.01240	0.01560	0.01014	0.00630	0.00648	0.00196	0.00868	0.00570	0.00365	0.00990
4	0.00905	0.00637	0.00794	0.00855	0.00970	0.00576	0.00600	0.01041	0.01427	0.03500	0.14322	0.40313	0.22497	0.01873	0.00944	0.05623	0.00383	0.01557	0.00623	0.00561
5	0.01615	0.01567	0.02733	0.11355	0.60625	0.01590	0.06577	0.02030	0.01512	0.02140	0.01261	0.01684	0.01042	0.00603	0.00674	0.00204	0.00830	0.00611	0.00329	0.01019
6	0.01336	0.01190	0.06452	0.01096	0.01404	0.02729	0.00900	0.02059	0.21688	0.07863	0.11273	0.14957	0.18279	0.04638	0.00861	0.00247	0.00502	0.01108	0.00628	0.00790
7	0.00976	0.00651	0.00732	0.00732	0.00732	0.00651	0.00407	0.00976	0.00976	0.01301	0.02114	0.04391	0.02439	0.76419	0.03415	0.00651	0.00651	0.00976	0.00407	0.00407
8	0.02357	0.02959	0.01958	0.01737	0.02099	0.64294	0.05202	0.02607	0.04060	0.01715	0.01345	0.01501	0.03824	0.00732	0.00626	0.00180	0.01148	0.00504	0.00367	0.00786
9	0.01563	0.16772	0.48356	0.01902	0.07779	0.01812	0.02091	0.08310	0.01574	0.02221	0.01195	0.01390	0.00895	0.00638	0.00604	0.00198	0.00903	0.00488	0.00323	0.00986
10	0.75923	0.01287	0.01024	0.00903	0.01325	0.01470	0.00744	0.02059	0.01194	0.07679	0.01049	0.01170	0.00789	0.00637	0.00433	0.00208	0.00523	0.00384	0.00443	0.00754
11	0.00905	0.00718	0.00823	0.00826	0.01021	0.00652	0.00631	0.01202	0.04706	0.02114	0.24276	0.10642	0.39472	0.01615	0.00805	0.00233	0.00372	0.07718	0.00657	0.00611
12	0.01666	0.01308	0.01463	0.01367	0.04508	0.01426	0.01037	0.12868	0.36471	0.06159	0.05213	0.03402	0.12709	0.01087	0.00719	0.00227	0.00547	0.06206	0.00661	0.00955
13	0.01638	0.01852	0.03562	0.07686	0.09764	0.07045	0.53939	0.02151	0.01586	0.02086	0.01314	0.01750	0.01002	0.00585	0.00758	0.00220	0.01091	0.00734	0.00336	0.00899
14	0.00956	0.00790	0.00864	0.00983	0.01053	0.06013	0.00671	0.01079	0.01335	0.01702	0.03558	0.62866	0.06845	0.05019	0.00942	0.00280	0.00465	0.03427	0.00593	0.00559
15	0.02363	0.01744	0.01885	0.01482	0.01977	0.01916	0.01227	0.61813	0.02962	0.03956	0.01986	0.02271	0.04491	0.00923	0.00696	0.00211	0.00712	0.05645	0.00665	0.01077
16	0.00997	0.04095	0.01157	0.01052	0.01182	0.00903	0.00816	0.01215	0.01082	0.01537	0.01786	0.02716	0.01706	0.10911	0.64513	0.01000	0.01652	0.00725	0.00360	0.00594
17	0.49652	0.01528	0.01301	0.01113	0.01533	0.06950	0.00900	0.17779	0.01701	0.05607	0.01319	0.05575	0.01080	0.00763	0.00523	0.00207	0.00616	0.00524	0.00496	0.00831
18	0.00830	0.00607	0.00770	0.00883	0.00955	0.00559	0.00598	0.00962	0.01347	0.01774	0.08637	0.58105	0.14112	0.05317	0.00957	0.00279	0.00389	0.01749	0.00621	0.00548
19	0.01898	0.01962	0.02315	0.26365	0.09632	0.20617	0.10892	0.14041	0.01857	0.02240	0.01254	0.01597	0.00962	0.00679	0.00669	0.00204	0.00973	0.00581	0.00385	0.00875
20	0.01794	0.76823	0.03516	0.01148	0.01722	0.02655	0.01148	0.02009	0.01363	0.01579	0.00933	0.01076	0.00861	0.00574	0.00431	0.00144	0.00718	0.00359	0.00287	0.00861
21	0.00822	0.00587	0.00782	0.00931	0.00974	0.00548	0.00623	0.00945	0.01304	0.01744	0.05898	0.73691	0.04499	0.02079	0.00854	0.00271	0.00387	0.01885	0.00627	0.00548
22	0.02442	0.02568	0.01904	0.01629	0.02045	0.41721	0.01267	0.26377	0.08934	0.02661	0.01400	0.01474	0.01074	0.00752	0.00636	0.00188	0.00980	0.00524	0.00492	0.00932
23	0.01609	0.01532	0.02606	0.08963	0.64584	0.01553	0.02005	0.02008	0.01515	0.02151	0.01351	0.01912	0.01166	0.00654	0.00675	0.00205	0.00797	0.03348	0.00341	0.01022
24	0.00965	0.00694	0.00952	0.00952	0.01028	0.00770	0.00681	0.01117	0.01041	0.01464	0.01913	0.03278	0.01956	0.31130	0.48043	0.00922	0.01378	0.00813	0.00377	0.00529
25	0.00829	0.00629	0.00782	0.00869	0.00976	0.00582	0.00610	0.00982	0.01364	0.01771	0.07457	0.45850	0.23951	0.02220	0.07507	0.00330	0.00500	0.01625	0.00604	0.00560
26	0.01864	0.57891	0.11518	0.01277	0.01895	0.02398	0.01310	0.08301	0.01559	0.05064	0.01104	0.01220	0.00921	0.00614	0.00488	0.00160	0.00745	0.00412	0.00346	0.00915
27	0.00961	0.00711	0.01038	0.01038	0.01144	0.00817	0.00788	0.01172	0.01066	0.01528	0.01834	0.02840	0.01766	0.13345	0.65569	0.01029	0.01664	0.00749	0.00365	0.00577
