[name]
unknown

[dist]
# distance from previous block
# <min> <max>
0	6

[block]
# block no. 0 follows, 33 sequences, length 9
# corresponding to MSA columns:
# 6-14
name=unknown_A
#
# <colnr> <probs for GDERKNQSTAVLIFYWHMCP>
#	G	D	E	R	K	N	Q	S	T	A	V	L	I	F	Y	W	H	M	C	P
0	0.01009	0.00923	0.01334	0.01427	0.11578	0.00837	0.08203	0.01262	0.01507	0.01885	0.05031	0.05269	0.48387	0.01407	0.00772	0.00226	0.00505	0.07234	0.00540	0.00666
1	0.01583	0.06806	0.12925	0.03360	0.48141	0.01642	0.11945	0.02039	0.01481	0.02096	0.01223	0.01579	0.00994	0.00586	0.00651	0.00198	0.00852	0.00585	0.00317	0.00997
2	0.00936	0.00795	0.00829	0.00796	0.00992	0.04319	0.00597	0.01172	0.01692	0.02181	0.37721	0.05399	0.37266	0.01464	0.00768	0.00212	0.00366	0.01246	0.00652	0.00597
3	0.00803	0.00668	0.00701	0.00693	0.00904	0.00566	0.00520	0.00993	0.01559	0.01917	0.17274	0.06107	0.61798	0.01615	0.00778	0.00220	0.00330	0.01357	0.00630	0.00566
4	0.01382	0.01349	0.02399	0.47723	0.21834	0.01515	0.10713	0.01824	0.01394	0.01857	0.01208	0.01726	0.00935	0.00627	0.00672	0.00214	0.00883	0.00610	0.00306	0.00831
5	0.01603	0.01721	0.08684	0.03857	0.66819	0.01561	0.02055	0.02026	0.01490	0.02145	0.01233	0.01609	0.01025	0.00590	0.00650	0.00197	0.00798	0.00578	0.00322	0.01037
6	0.01561	0.01494	0.02549	0.16663	0.60670	0.01546	0.01986	0.01960	0.01467	0.02068	0.01226	0.01652	0.01014	0.00599	0.00653	0.00200	0.00799	0.00586	0.00320	0.00988
7	0.02042	0.20209	0.02193	0.03915	0.01921	0.01775	0.03658	0.23617	0.07128	0.12574	0.01751	0.01768	0.03745	0.00728	0.00590	0.00177	0.00659	0.00565	0.00530	0.10457
8	0.01720	0.01557	0.04020	0.05232	0.27257	0.07523	0.01412	0.08241	0.06299	0.07158	0.01665	0.09154	0.01447	0.00785	0.00641	0.00189	0.00700	0.00683	0.00450	0.13866

[dist]
# distance from previous block
# <min> <max>
0	6

[block]
# block no. 1 follows, 33 sequences, length 51
# corresponding to MSA columns:
# 21-71
name=unknown_B
#
# <colnr> <probs for GDERKNQSTAVLIFYWHMCP>
#	G	D	E	R	K	N	Q	S	T	A	V	L	I	F	Y	W	H	M	C	P
0	0.05243	0.01515	0.02563	0.06860	0.31352	0.01557	0.17986	0.07108	0.03711	0.02294	0.04172	0.04095	0.01339	0.00713	0.00760	0.00210	0.04830	0.00685	0.00389	0.02617
1	0.05834	0.01198	0.01719	0.08910	0.11154	0.01225	0.07655	0.09656	0.06175	0.10804	0.10240	0.04728	0.10767	0.01029	0.00810	0.05297	0.00625	0.00814	0.00531	0.00828
2	0.06800	0.64748	0.03106	0.01136	0.01674	0.02446	0.01097	0.03917	0.06653	0.01798	0.01066	0.01176	0.00931	0.00597	0.00446	0.00152	0.00679	0.00388	0.00329	0.00859
3	0.01543	0.01280	0.01371	0.01048	0.01562	0.06406	0.00826	0.01877	0.04416	0.07862	0.01632	0.05068	0.03572	0.00657	0.00543	0.00129	0.00538	0.00530	0.00450	0.58691
4	0.00931	0.00833	0.04938	0.01178	0.06470	0.00692	0.00820	0.01160	0.01464	0.02022	0.23630	0.45555	0.04460	0.01661	0.00795	0.00241	0.00423	0.01498	0.00605	0.00623
5	0.07695	0.01291	0.01957	0.04054	0.14292	0.01251	0.10278	0.07819	0.01797	0.28946	0.11760	0.02299	0.01960	0.00794	0.00673	0.00205	0.00655	0.00709	0.00597	0.00966
6	0.01496	0.03604	0.02237	0.17021	0.40242	0.01413	0.03711	0.01900	0.03277	0.05095	0.03806	0.02323	0.09513	0.00762	0.00669	0.00204	0.00727	0.00702	0.00392	0.00908
7	0.01554	0.01776	0.03885	0.02775	0.03441	0.01665	0.70366	0.02109	0.01554	0.02109	0.01332	0.01776	0.00999	0.00555	0.00777	0.00222	0.01110	0.00777	0.00333	0.00888
8	0.01531	0.01464	0.02495	0.22153	0.55413	0.01538	0.01972	0.01934	0.01453	0.02032	0.01221	0.01661	0.01001	0.00605	0.00653	0.00202	0.00806	0.00586	0.00317	0.00964
9	0.01385	0.00843	0.01035	0.01012	0.01196	0.02926	0.00745	0.03287	0.01501	0.17161	0.07235	0.42160	0.09325	0.01697	0.02783	0.00264	0.02727	0.01387	0.00638	0.00696
10	0.01023	0.00702	0.00801	0.00774	0.00985	0.00610	0.00582	0.01201	0.01543	0.08248	0.16091	0.09427	0.45820	0.03553	0.00904	0.03036	0.00376	0.03090	0.00630	0.00603
11	0.01144	0.00572	0.00858	0.00858	0.00858	0.00572	0.00572	0.00858	0.00858	0.01144	0.01144	0.02001	0.01144	0.02287	0.02573	0.80846	0.00572	0.00572	0.00286	0.00286
12	0.01351	0.01097	0.01280	0.01327	0.06960	0.01165	0.00928	0.05176	0.30887	0.04178	0.05373	0.17418	0.16110	0.01269	0.00729	0.00229	0.00485	0.02579	0.00624	0.00835
13	0.01426	0.00823	0.01013	0.00895	0.01169	0.00745	0.00696	0.01768	0.05645	0.19814	0.32532	0.04525	0.23771	0.01281	0.00743	0.00211	0.00390	0.01092	0.00712	0.00749
14	0.81514	0.01273	0.00968	0.00866	0.01273	0.01477	0.00713	0.01935	0.01120	0.02954	0.00917	0.01069	0.00713	0.00611	0.00407	0.00204	0.00509	0.00356	0.00407	0.00713
15	0.01440	0.01440	0.02016	0.01728	0.01728	0.02016	0.01440	0.01584	0.01008	0.01584	0.00864	0.01440	0.00864	0.01152	0.02160	0.00288	0.75659	0.00576	0.00288	0.00720
16	0.05632	0.01109	0.01190	0.01045	0.01332	0.06451	0.00812	0.07787	0.05164	0.17309	0.14532	0.04944	0.08662	0.03066	0.07710	0.04725	0.00646	0.00817	0.06296	0.00771
17	0.00959	0.00688	0.00899	0.01002	0.01126	0.00667	0.00785	0.01229	0.03331	0.01975	0.11542	0.30648	0.09173	0.01765	0.00834	0.00265	0.00459	0.27783	0.04281	0.00591
18	0.01702	0.01370	0.01468	0.01303	0.01678	0.01553	0.01018	0.05677	0.61097	0.06979	0.04803	0.02589	0.03963	0.00919	0.00675	0.00221	0.00519	0.00765	0.00678	0.01024
19	0.00814	0.00583	0.00767	0.00900	0.00947	0.00544	0.00602	0.00937	0.01288	0.01722	0.07452	0.68482	0.05827	0.04614	0.00923	0.00276	0.00386	0.01792	0.00610	0.00535
20	0.19523	0.01010	0.01086	0.00975	0.01268	0.01062	0.00758	0.02055	0.16450	0.10729	0.22706	0.03107	0.08451	0.01118	0.00792	0.06275	0.00451	0.00815	0.00610	0.00759
21	0.00987	0.00606	0.00701	0.00758	0.00822	0.00592	0.00498	0.01129	0.01207	0.01809	0.02675	0.30486	0.02892	0.24383	0.01480	0.00343	0.00435	0.01185	0.26492	0.00519
22	0.78064	0.01279	0.00990	0.00886	0.01292	0.01484	0.00727	0.02003	0.04163	0.02945	0.00993	0.01129	0.00769	0.00623	0.00419	0.00205	0.00510	0.00373	0.00419	0.00727
23	0.04019	0.00918	0.01134	0.01041	0.01304	0.00885	0.00788	0.07927	0.05386	0.22228	0.08311	0.33248	0.07252	0.01416	0.00744	0.00232	0.00466	0.01233	0.00678	0.00791
24	0.00804	0.00620	0.00740	0.00817	0.00935	0.00560	0.00572	0.00947	0.01355	0.01726	0.06195	0.41938	0.31728	0.03388	0.04220	0.00291	0.00429	0.01592	0.00598	0.00545
25	0.00951	0.00662	0.00836	0.00836	0.00877	0.00702	0.00546	0.01033	0.00992	0.01364	0.01966	0.03711	0.02134	0.51916	0.27944	0.00784	0.01028	0.00870	0.00383	0.00464
26	0.05900	0.01341	0.01509	0.01252	0.01655	0.01428	0.01018	0.27173	0.14513	0.15666	0.11306	0.02728	0.02228	0.00953	0.00677	0.00211	0.00574	0.05793	0.03108	0.00967
27	0.04482	0.00668	0.00780	0.00813	0.00956	0.00623	0.00591	0.01105	0.01475	0.02041	0.21709	0.26064	0.22674	0.05057	0.00887	0.00250	0.00374	0.04267	0.04612	0.00571
28	0.01617	0.01141	0.01323	0.01188	0.01479	0.01253	0.00920	0.07624	0.31646	0.11148	0.02383	0.02912	0.01980	0.12380	0.14010	0.00429	0.00781	0.04333	0.00590	0.00864
29	0.01363	0.06560	0.01299	0.01057	0.01281	0.01012	0.00850	0.04710	0.01310	0.11073	0.01836	0.02368	0.01563	0.03487	0.48760	0.00753	0.01341	0.00659	0.08015	0.00703
30	0.01021	0.00659	0.00795	0.00806	0.00889	0.00622	0.00527	0.01122	0.01261	0.06097	0.11773	0.22823	0.10452	0.35969	0.01960	0.00420	0.00496	0.01245	0.00541	0.00522
31	0.01021	0.00771	0.01096	0.01195	0.06426	0.00844	0.00794	0.01168	0.01115	0.01568	0.05775	0.09624	0.02218	0.22276	0.32261	0.04952	0.05056	0.00879	0.00399	0.00562
32	0.07598	0.04931	0.02424	0.05351	0.05993	0.08715	0.16400	0.01868	0.01271	0.01837	0.01020	0.01469	0.00890	0.00859	0.01355	0.00242	0.36100	0.00580	0.00314	0.00783
33	0.01360	0.00978	0.01035	0.00946	0.01165	0.06303	0.00717	0.05924	0.04749	0.07757	0.29564	0.07022	0.11381	0.01268	0.00841	0.06266	0.00456	0.00971	0.10616	0.00682
34	0.00949	0.00636	0.00805	0.00894	0.00983	0.00592	0.00612	0.02320	0.01334	0.05007	0.03740	0.58447	0.11150	0.06020	0.00951	0.00276	0.00403	0.01660	0.02651	0.00569
35	0.04503	0.00893	0.00963	0.00946	0.01131	0.00938	0.00675	0.01761	0.22646	0.01989	0.03501	0.19696	0.17183	0.18642	0.01330	0.00327	0.00478	0.01155	0.00572	0.00670
36	0.00973	0.00677	0.00784	0.00797	0.00854	0.00666	0.00515	0.02604	0.01166	0.01533	0.05078	0.10187	0.09592	0.52468	0.02530	0.00513	0.00577	0.07545	0.00472	0.00468
37	0.00961	0.00689	0.00890	0.00880	0.00961	0.00716	0.00602	0.01078	0.01042	0.01453	0.02020	0.08896	0.02170	0.38850	0.30793	0.00745	0.01052	0.00896	0.00396	0.04908
38	0.01442	0.01376	0.02320	0.37082	0.38016	0.01536	0.01906	0.01845	0.01393	0.01909	0.01191	0.01680	0.00958	0.00644	0.00719	0.00211	0.03995	0.00585	0.00309	0.00884
39	0.01145	0.00921	0.01337	0.10822	0.01730	0.01111	0.01045	0.06498	0.01240	0.01751	0.01587	0.02294	0.01432	0.03710	0.52307	0.00811	0.08570	0.00669	0.00362	0.00659
40	0.01218	0.01089	0.01820	0.64292	0.04008	0.01344	0.01656	0.01577	0.01259	0.01623	0.01199	0.01823	0.00944	0.01040	0.04746	0.07902	0.00896	0.00590	0.00295	0.00682
41	0.09949	0.01933	0.01934	0.01517	0.02017	0.10094	0.03605	0.54040	0.02716	0.03679	0.01446	0.01495	0.01046	0.00753	0.00632	0.00196	0.00769	0.00558	0.00588	0.01033
42	0.01144	0.00572	0.00858	0.00858	0.00858	0.00572	0.00572	0.00858	0.00858	0.01144	0.01144	0.02001	0.01144	0.02287	0.02573	0.80846	0.00572	0.00572	0.00286	0.00286
43	0.01692	0.01570	0.02569	0.07583	0.62437	0.01604	0.01937	0.08495	0.01641	0.02315	0.01267	0.01631	0.01041	0.00610	0.00653	0.00197	0.00782	0.00587	0.00356	0.01034
44	0.01435	0.00944	0.01225	0.08095	0.01556	0.01038	0.00883	0.01968	0.23433	0.07146	0.01776	0.02171	0.01456	0.01720	0.05449	0.37318	0.00647	0.00642	0.00452	0.00647
45	0.00920	0.00606	0.00803	0.00922	0.00993	0.00559	0.00627	0.01044	0.01303	0.05617	0.03671	0.70065	0.06431	0.01981	0.00828	0.00262	0.00390	0.01789	0.00622	0.00568
46	0.00931	0.00627	0.00726	0.00752	0.00758	0.00621	0.00435	0.00950	0.01009	0.01345	0.02338	0.16565	0.02727	0.64153	0.02924	0.00575	0.00595	0.01113	0.00435	0.00422
47	0.00897	0.00641	0.00847	0.00936	0.01031	0.00584	0.00653	0.01011	0.01256	0.01702	0.03200	0.59373	0.03757	0.01915	0.00942	0.06313	0.00420	0.05824	0.00565	0.08132
48	0.01259	0.01100	0.01523	0.31510	0.06240	0.01244	0.01257	0.05226	0.13791	0.02018	0.02755	0.08488	0.15355	0.04417	0.00818	0.00241	0.00648	0.00883	0.00470	0.00757
49	0.01621	0.01007	0.03396	0.05143	0.05412	0.00923	0.00948	0.06401	0.01665	0.20399	0.16752	0.12370	0.05042	0.06924	0.01020	0.04279	0.00542	0.04767	0.00615	0.00775
50	0.01871	0.04740	0.01948	0.14051	0.14199	0.34538	0.01410	0.02251	0.06864	0.01796	0.01371	0.05278	0.01190	0.00967	0.04536	0.00237	0.00992	0.00587	0.00366	0.00808

[dist]
# distance from previous block
# <min> <max>
3	13

[block]
# block no. 2 follows, 33 sequences, length 65
# corresponding to MSA columns:
# 85-149
name=unknown_C
#
# <colnr> <probs for GDERKNQSTAVLIFYWHMCP>
#	G	D	E	R	K	N	Q	S	T	A	V	L	I	F	Y	W	H	M	C	P
0	0.03809	0.00824	0.00881	0.04727	0.01152	0.04125	0.00640	0.01176	0.02594	0.01804	0.14046	0.08617	0.30327	0.12422	0.01315	0.08886	0.00480	0.01103	0.00527	0.00545
1	0.03704	0.07107	0.06350	0.04896	0.24160	0.06180	0.07375	0.06421	0.03557	0.07569	0.01404	0.03858	0.01147	0.00706	0.00727	0.00195	0.05689	0.00596	0.00402	0.07958
2	0.38880	0.01543	0.01446	0.09276	0.01883	0.09316	0.01044	0.10902	0.01490	0.02619	0.01059	0.01287	0.00837	0.00691	0.00671	0.00200	0.08228	0.00445	0.00407	0.07776
3	0.05111	0.03456	0.01868	0.01766	0.10871	0.12105	0.03055	0.09513	0.12959	0.04303	0.05197	0.01893	0.01458	0.03485	0.01007	0.00224	0.14704	0.00612	0.00456	0.05957
4	0.10943	0.01338	0.01689	0.34488	0.06474	0.04429	0.01390	0.04592	0.19065	0.02215	0.01843	0.02075	0.05222	0.00771	0.00635	0.00215	0.00716	0.00637	0.00436	0.00828
5	0.01100	0.00578	0.00840	0.00848	0.00865	0.00569	0.00569	0.00867	0.00923	0.01216	0.01649	0.06510	0.06026	0.02233	0.02356	0.70962	0.00545	0.00699	0.00326	0.00318
6	0.06411	0.00907	0.01223	0.06390	0.05511	0.01012	0.00944	0.05529	0.04967	0.01923	0.02166	0.14076	0.04780	0.03063	0.37308	0.00641	0.01161	0.00874	0.00437	0.00678
7	0.01498	0.03236	0.02227	0.07550	0.10366	0.03623	0.13571	0.01788	0.01307	0.05515	0.01441	0.02273	0.01312	0.04272	0.06154	0.00315	0.25994	0.06409	0.00365	0.00782
8	0.04833	0.01071	0.01411	0.04479	0.08348	0.01150	0.00999	0.09373	0.08611	0.11059	0.01832	0.07848	0.01613	0.05944	0.09119	0.16484	0.03869	0.00733	0.00481	0.00745
9	0.00956	0.00686	0.00825	0.00862	0.01008	0.00629	0.00617	0.03869	0.01508	0.04469	0.13205	0.40046	0.25378	0.01754	0.00799	0.00241	0.00378	0.01541	0.00635	0.00597
10	0.01113	0.00816	0.04975	0.00946	0.01116	0.00658	0.00733	0.01237	0.01329	0.08884	0.05900	0.35126	0.14369	0.04664	0.01148	0.11951	0.00467	0.03421	0.00561	0.00586
11	0.06155	0.01472	0.02095	0.42382	0.11828	0.05392	0.05268	0.13521	0.01671	0.02248	0.01234	0.01643	0.00934	0.00665	0.00646	0.00209	0.00848	0.00575	0.00370	0.00843
12	0.06482	0.00813	0.00984	0.00940	0.01043	0.00874	0.00662	0.06200	0.05787	0.01741	0.01756	0.09851	0.01784	0.17702	0.04976	0.30940	0.02957	0.00788	0.03210	0.00510
13	0.09746	0.01148	0.01246	0.01149	0.01433	0.01255	0.00891	0.17220	0.18338	0.02650	0.02677	0.23333	0.05266	0.01398	0.03428	0.00261	0.00564	0.04654	0.02531	0.00812
14	0.01352	0.01151	0.01340	0.00986	0.01531	0.00904	0.00784	0.01735	0.05382	0.02212	0.05949	0.01661	0.01379	0.00567	0.00517	0.00112	0.00478	0.00463	0.00428	0.71069
15	0.01649	0.01800	0.07632	0.04743	0.05497	0.06814	0.30066	0.05954	0.08480	0.04183	0.01492	0.04047	0.01190	0.00722	0.00827	0.00213	0.07433	0.00691	0.00401	0.06165
16	0.00928	0.00676	0.00808	0.00835	0.00991	0.00615	0.00603	0.01169	0.03955	0.04498	0.19678	0.31486	0.27965	0.01685	0.00793	0.00235	0.00361	0.01475	0.00645	0.00599
17	0.01394	0.00871	0.01034	0.00979	0.01183	0.00864	0.00738	0.10681	0.03209	0.10282	0.05277	0.21114	0.08969	0.13027	0.01137	0.00293	0.00500	0.08446	0.09310	0.00691
18	0.00942	0.00700	0.01033	0.01033	0.01142	0.00809	0.00792	0.01160	0.01051	0.01510	0.01786	0.02712	0.01700	0.10191	0.69076	0.01027	0.01681	0.00724	0.00356	0.00574
19	0.01310	0.01269	0.02240	0.61272	0.10422	0.01493	0.09161	0.01757	0.01358	0.01769	0.01193	0.01746	0.00905	0.00641	0.00670	0.00218	0.00894	0.00606	0.00300	0.00775
20	0.09608	0.00791	0.00915	0.00967	0.01095	0.00811	0.00689	0.06504	0.03567	0.02013	0.02969	0.47968	0.03389	0.10127	0.01060	0.00298	0.00469	0.05588	0.00571	0.00604
21	0.02652	0.01605	0.01827	0.01401	0.01922	0.01686	0.01157	0.48273	0.02694	0.27005	0.01917	0.01799	0.01288	0.00798	0.00660	0.00200	0.00670	0.00616	0.00710	0.01120
22	0.00801	0.00579	0.00758	0.00901	0.00951	0.00536	0.00604	0.00918	0.01276	0.01687	0.03822	0.71981	0.08683	0.02037	0.00836	0.00264	0.00379	0.01841	0.00611	0.00536
23	0.00852	0.00654	0.00746	0.00748	0.00916	0.00579	0.00547	0.01057	0.01561	0.02044	0.26782	0.14154	0.38094	0.04470	0.00873	0.00236	0.00343	0.01341	0.03432	0.00570
24	0.81514	0.01273	0.00968	0.00866	0.01273	0.01477	0.00713	0.01935	0.01120	0.02954	0.00917	0.01069	0.00713	0.00611	0.00407	0.00204	0.00509	0.00356	0.00407	0.00713
25	0.01215	0.00838	0.01025	0.00926	0.01128	0.00827	0.00695	0.06212	0.07915	0.06520	0.49998	0.04262	0.04830	0.09477	0.01034	0.00255	0.00407	0.01056	0.00685	0.00695
26	0.00890	0.00619	0.00739	0.00790	0.00825	0.00596	0.00491	0.00957	0.01145	0.01521	0.06589	0.29657	0.07714	0.42030	0.02176	0.00460	0.00512	0.01316	0.00504	0.00468
27	0.01429	0.00846	0.01085	0.01064	0.01284	0.00822	0.00846	0.03571	0.06861	0.15525	0.10722	0.18822	0.05562	0.04142	0.00874	0.00261	0.00499	0.21161	0.03895	0.00728
28	0.02522	0.01680	0.01858	0.01439	0.01951	0.01815	0.01184	0.53292	0.07874	0.16733	0.01848	0.01766	0.01278	0.00802	0.00660	0.00201	0.00679	0.00617	0.00688	0.01114
29	0.13499	0.01348	0.07456	0.01264	0.01491	0.05122	0.01074	0.05480	0.01277	0.01991	0.01624	0.13829	0.01610	0.01941	0.16134	0.03777	0.17324	0.00765	0.02308	0.00688
30	0.38940	0.01467	0.01419	0.01154	0.01603	0.01631	0.00949	0.30581	0.02035	0.07968	0.05359	0.01576	0.01254	0.00741	0.00549	0.00201	0.00591	0.00522	0.00556	0.00904
31	0.00892	0.00671	0.00825	0.00786	0.00959	0.00604	0.00590	0.01165	0.01769	0.02416	0.55339	0.05286	0.23422	0.01429	0.00777	0.00211	0.00317	0.01242	0.00695	0.00604
32	0.01763	0.01452	0.01541	0.01354	0.01746	0.01662	0.01062	0.10530	0.62539	0.04762	0.02562	0.02359	0.01906	0.00880	0.00668	0.00220	0.00543	0.00726	0.00673	0.01052
33	0.01585	0.04224	0.06467	0.01313	0.01646	0.05133	0.01132	0.21212	0.06491	0.02544	0.02467	0.14010	0.02466	0.04449	0.00860	0.00257	0.00664	0.21708	0.00568	0.00804
34	0.01078	0.00852	0.01339	0.01313	0.05330	0.00919	0.06737	0.01228	0.01110	0.01546	0.01909	0.06827	0.04658	0.13547	0.32252	0.12034	0.05575	0.00807	0.00368	0.00573
35	0.01514	0.01712	0.03720	0.02677	0.03310	0.01605	0.66695	0.02046	0.01538	0.02086	0.01453	0.05706	0.01175	0.00634	0.00780	0.00224	0.01072	0.00835	0.00348	0.00869
36	0.02168	0.10026	0.05932	0.02038	0.14497	0.42483	0.01443	0.08381	0.03511	0.01974	0.01144	0.01328	0.00933	0.00663	0.00596	0.00177	0.01000	0.00471	0.00364	0.00869
37	0.01288	0.00648	0.00940	0.00904	0.00957	0.00649	0.00627	0.02987	0.00994	0.05823	0.01274	0.02029	0.01195	0.02262	0.05395	0.70111	0.00625	0.00584	0.00333	0.00375
38	0.04093	0.05706	0.01793	0.03497	0.04014	0.04595	0.03977	0.22528	0.02007	0.16048	0.07949	0.06584	0.04043	0.02493	0.02758	0.00239	0.05447	0.00746	0.00577	0.00907
39	0.40392	0.04259	0.01600	0.06146	0.01845	0.10899	0.04670	0.07652	0.05715	0.02562	0.01125	0.01327	0.00887	0.00700	0.00667	0.00208	0.07683	0.00465	0.00408	0.00788
40	0.01017	0.00753	0.00927	0.00970	0.01096	0.00747	0.00690	0.06737	0.06324	0.02120	0.15283	0.50634	0.06679	0.01744	0.00801	0.00247	0.00405	0.01558	0.00638	0.00632
41	0.02261	0.04937	0.02005	0.03752	0.06987	0.47149	0.01346	0.13020	0.01922	0.02041	0.01107	0.01313	0.00906	0.00729	0.00748	0.00187	0.07896	0.00478	0.00380	0.00836
42	0.01365	0.01170	0.01365	0.00975	0.01560	0.00878	0.00780	0.01658	0.01365	0.02145	0.01170	0.01365	0.00975	0.00488	0.00488	0.00098	0.00488	0.00390	0.00390	0.80888
43	0.01875	0.01607	0.02077	0.01658	0.02130	0.01761	0.14008	0.22831	0.38532	0.03041	0.02108	0.02074	0.01561	0.00800	0.00686	0.00216	0.00690	0.00706	0.00604	0.01036
44	0.01095	0.00596	0.00864	0.00862	0.00880	0.00606	0.00581	0.00916	0.00929	0.01257	0.04192	0.02425	0.01533	0.10477	0.09814	0.60970	0.00688	0.00651	0.00322	0.00342
45	0.01184	0.01055	0.01152	0.01119	0.01263	0.10840	0.00848	0.02875	0.01202	0.01570	0.01691	0.02558	0.01606	0.11979	0.54988	0.00873	0.01541	0.00692	0.00363	0.00603
46	0.01678	0.63512	0.16481	0.01266	0.01906	0.02405	0.01370	0.01992	0.01347	0.01649	0.00965	0.01118	0.00843	0.00575	0.00460	0.00153	0.00754	0.00377	0.00281	0.00869
47	0.00850	0.00607	0.00819	0.00972	0.01031	0.00576	0.00695	0.01000	0.01308	0.01734	0.03602	0.63588	0.04249	0.02017	0.00853	0.00274	0.00424	0.14242	0.00610	0.00548
48	0.00819	0.00584	0.00755	0.00884	0.00925	0.00548	0.00582	0.00922	0.01235	0.01637	0.03565	0.65385	0.06744	0.10714	0.01129	0.00309	0.00410	0.01747	0.00587	0.00520
49	0.14110	0.01631	0.01727	0.01347	0.01841	0.01781	0.01111	0.50062	0.02601	0.12129	0.01624	0.01615	0.01140	0.00766	0.00615	0.00198	0.00659	0.00567	0.03434	0.01042
50	0.02256	0.01554	0.02010	0.05086	0.08386	0.01635	0.06549	0.34400	0.07625	0.17618	0.04765	0.01948	0.01477	0.00784	0.00674	0.00204	0.00700	0.00657	0.00623	0.01051
51	0.05643	0.13458	0.50344	0.01666	0.02490	0.01635	0.04125	0.03326	0.01429	0.03980	0.02922	0.01449	0.00997	0.00635	0.00591	0.00195	0.00868	0.00491	0.00323	0.03432
52	0.02459	0.03138	0.01866	0.01696	0.02035	0.74221	0.01272	0.02629	0.01866	0.01611	0.01018	0.01187	0.00848	0.00678	0.00594	0.00170	0.01187	0.00424	0.00339	0.00763
53	0.01073	0.00694	0.00781	0.00755	0.00792	0.00697	0.00447	0.03613	0.01074	0.03185	0.02071	0.04092	0.02303	0.69522	0.03084	0.00594	0.00628	0.00925	0.03220	0.00451
54	0.01505	0.01684	0.03562	0.02588	0.03165	0.01636	0.60839	0.02002	0.01492	0.02042	0.01412	0.05654	0.01163	0.00685	0.00898	0.00230	0.07428	0.00817	0.00344	0.00855
55	0.16202	0.01481	0.01420	0.01236	0.01596	0.11620	0.00985	0.12585	0.10794	0.13936	0.04002	0.02139	0.01551	0.01528	0.13302	0.00351	0.00861	0.03007	0.00543	0.00861
56	0.00869	0.00670	0.00805	0.00883	0.01012	0.00626	0.00637	0.01125	0.05429	0.01842	0.07831	0.41635	0.25316	0.01819	0.00814	0.00251	0.00389	0.06848	0.00620	0.00580
57	0.00952	0.00658	0.00851	0.00944	0.01038	0.00624	0.00676	0.02762	0.01392	0.03849	0.08008	0.51217	0.08361	0.05810	0.00963	0.00281	0.00429	0.09997	0.00614	0.00574
58	0.00844	0.00678	0.00764	0.00806	0.00996	0.00598	0.00629	0.01039	0.01496	0.01840	0.08100	0.12370	0.50276	0.01720	0.00810	0.00242	0.00393	0.15216	0.00614	0.00567
59	0.02827	0.01221	0.01577	0.01221	0.01724	0.01130	0.01005	0.11010	0.05978	0.61232	0.02484	0.02177	0.01592	0.00816	0.00662	0.00204	0.00577	0.00659	0.00789	0.01116
60	0.08965	0.01013	0.01167	0.01035	0.01346	0.01027	0.00805	0.04792	0.15608	0.20573	0.12787	0.13635	0.05541	0.01102	0.00671	0.00214	0.00461	0.00928	0.07488	0.00843
61	0.00828	0.00588	0.00770	0.00890	0.00936	0.00552	0.00593	0.00951	0.01289	0.01733	0.09872	0.63178	0.04347	0.08858	0.01065	0.00296	0.00399	0.01724	0.00602	0.00530
62	0.01134	0.00575	0.00850	0.00850	0.00850	0.00575	0.00563	0.00863	0.00863	0.01151	0.01193	0.02123	0.01209	0.06213	0.02614	0.76624	0.00575	0.00592	0.00292	0.00292
63	0.00989	0.00649	0.00797	0.00837	0.00915	0.00612	0.00557	0.01094	0.01253	0.05359	0.08060	0.31528	0.09878	0.29912	0.01763	0.00396	0.00486	0.03838	0.00550	0.00525
64	0.00900	0.00635	0.00753	0.00775	0.00839	0.00604	0.00498	0.01003	0.01261	0.01686	0.16747	0.19560	0.11652	0.37882	0.02029	0.00429	0.00486	0.01242	0.00531	0.00489

[dist]
# distance from previous block
# <min> <max>
0	1

[block]
# block no. 3 follows, 33 sequences, length 28
# corresponding to MSA columns:
# 151-178
name=unknown_D
#
# <colnr> <probs for GDERKNQSTAVLIFYWHMCP>
#	G	D	E	R	K	N	Q	S	T	A	V	L	I	F	Y	W	H	M	C	P
0	0.33787	0.01502	0.01454	0.01192	0.01649	0.01674	0.00971	0.27638	0.13525	0.03312	0.01471	0.01508	0.01095	0.00716	0.00549	0.00198	0.00590	0.00510	0.00543	0.06116
1	0.30484	0.01433	0.04194	0.38620	0.03094	0.06193	0.03551	0.01863	0.01291	0.02167	0.01074	0.01457	0.00818	0.00638	0.00565	0.00210	0.00775	0.00494	0.00338	0.00740
2	0.02151	0.01479	0.02040	0.12572	0.26474	0.06099	0.01494	0.08104	0.03926	0.26381	0.01749	0.01848	0.01243	0.00706	0.00653	0.00201	0.00733	0.00607	0.00526	0.01014
3	0.02503	0.01844	0.01976	0.01515	0.02042	0.02042	0.01251	0.70562	0.03095	0.04149	0.01581	0.01581	0.01120	0.00790	0.00659	0.00198	0.00724	0.00593	0.00659	0.01120
4	0.01052	0.00747	0.00858	0.00834	0.00934	0.00740	0.00554	0.07434	0.01386	0.01847	0.12242	0.16406	0.10614	0.39116	0.02060	0.00433	0.00527	0.01154	0.00525	0.00535
5	0.00948	0.00677	0.00913	0.00913	0.00980	0.00744	0.00642	0.01082	0.01015	0.01421	0.01896	0.03322	0.01965	0.35653	0.43976	0.00879	0.01283	0.00813	0.00372	0.00507
6	0.01523	0.01456	0.02481	0.23592	0.54034	0.01536	0.01968	0.01928	0.01449	0.02022	0.01220	0.01664	0.00997	0.00606	0.00654	0.00202	0.00808	0.00586	0.00317	0.00957
7	0.00797	0.00592	0.00744	0.00865	0.00941	0.00539	0.00588	0.00922	0.01310	0.01701	0.04258	0.61929	0.18453	0.01981	0.00827	0.00258	0.00372	0.01772	0.00611	0.00539
8	0.00943	0.00631	0.00799	0.00848	0.00932	0.00592	0.00577	0.01096	0.01381	0.04128	0.19896	0.38663	0.06621	0.15704	0.01272	0.00315	0.00414	0.01442	0.03195	0.00552
9	0.01365	0.01170	0.01365	0.00975	0.01560	0.00878	0.00780	0.01658	0.01365	0.02145	0.01170	0.01365	0.00975	0.00488	0.00488	0.00098	0.00488	0.00390	0.00390	0.80888
10	0.00931	0.00638	0.00775	0.00798	0.00821	0.00649	0.00494	0.00983	0.01019	0.01376	0.02272	0.15336	0.02591	0.54729	0.13249	0.00641	0.00761	0.01064	0.00425	0.00448
11	0.01089	0.00739	0.00968	0.01047	0.01225	0.00699	0.00871	0.01340	0.01521	0.06483	0.06633	0.14112	0.18540	0.01731	0.00853	0.00272	0.00510	0.40121	0.00625	0.00621
12	0.00932	0.00689	0.00788	0.00817	0.00987	0.00617	0.00590	0.03524	0.01487	0.04432	0.06732	0.33340	0.39177	0.01751	0.00794	0.00238	0.00374	0.01518	0.00623	0.00590
13	0.01103	0.00922	0.00990	0.01022	0.01172	0.05477	0.00733	0.03737	0.11928	0.02042	0.11943	0.44845	0.08236	0.01644	0.00781	0.00242	0.00454	0.01454	0.00618	0.00656
14	0.02503	0.01844	0.01976	0.01515	0.02042	0.02042	0.01251	0.70562	0.03095	0.04149	0.01581	0.01581	0.01120	0.00790	0.00659	0.00198	0.00724	0.00593	0.00659	0.01120
15	0.00947	0.00681	0.00936	0.00936	0.01011	0.00756	0.00670	0.01097	0.01022	0.01438	0.01875	0.03205	0.01915	0.30801	0.48759	0.00907	0.01359	0.00796	0.00369	0.00520
16	0.00881	0.00634	0.00851	0.00997	0.01078	0.00604	0.00745	0.01056	0.01349	0.01774	0.03711	0.52261	0.07025	0.01971	0.00859	0.00276	0.00449	0.22311	0.00610	0.00558
17	0.01448	0.01462	0.02136	0.01795	0.01838	0.01994	0.05852	0.01618	0.01043	0.01618	0.00894	0.01462	0.00873	0.01114	0.02072	0.00284	0.70887	0.00589	0.00291	0.00731
18	0.00802	0.00598	0.00747	0.00857	0.00941	0.00543	0.00587	0.00937	0.01339	0.01742	0.07171	0.57726	0.19725	0.01944	0.00824	0.00255	0.00368	0.01735	0.00616	0.00543
19	0.01577	0.01333	0.01541	0.06262	0.06719	0.01497	0.01121	0.09996	0.43692	0.02637	0.02745	0.06264	0.07339	0.00994	0.00692	0.00223	0.00566	0.03238	0.00611	0.00953
20	0.01822	0.03763	0.01912	0.02123	0.20519	0.30907	0.01342	0.02182	0.06129	0.01959	0.10923	0.01991	0.01755	0.01052	0.05475	0.00247	0.04054	0.00615	0.00407	0.00824
21	0.01421	0.01235	0.01986	0.10177	0.35541	0.01319	0.01546	0.03887	0.01386	0.01932	0.01514	0.02436	0.01402	0.01356	0.07153	0.10307	0.05679	0.08555	0.00361	0.00809
22	0.01922	0.18637	0.04334	0.04952	0.25849	0.12045	0.06457	0.02243	0.01558	0.11604	0.01321	0.01523	0.01035	0.00624	0.00597	0.00181	0.00815	0.00527	0.00385	0.03392
23	0.01876	0.04448	0.06267	0.01543	0.01945	0.12137	0.09747	0.10686	0.09426	0.11951	0.03602	0.02055	0.01457	0.06103	0.07828	0.00315	0.06607	0.00651	0.00485	0.00871
24	0.01538	0.02670	0.48991	0.01867	0.06984	0.01425	0.04488	0.02259	0.06209	0.10483	0.05589	0.01795	0.01337	0.00702	0.00649	0.00209	0.00849	0.00582	0.00398	0.00976
25	0.01284	0.01147	0.03925	0.01484	0.12498	0.03530	0.00966	0.06822	0.05845	0.02063	0.08987	0.13196	0.07263	0.19264	0.01340	0.00313	0.00595	0.03144	0.00498	0.05838
26	0.01959	0.12788	0.12484	0.01689	0.05407	0.23967	0.04264	0.06971	0.17231	0.04717	0.01512	0.01588	0.01164	0.00705	0.00608	0.00190	0.00867	0.00536	0.00432	0.00921
27	0.19541	0.13240	0.08308	0.04056	0.05275	0.04198	0.03299	0.05052	0.11835	0.11565	0.01859	0.01893	0.05759	0.00750	0.00574	0.00198	0.00656	0.00576	0.00478	0.00888

[dist]
# distance from previous block
# <min> <max>
0	57

[block]
# block no. 4 follows, 33 sequences, length 32
# corresponding to MSA columns:
# 236-267
name=unknown_E
#
# <colnr> <probs for GDERKNQSTAVLIFYWHMCP>
#	G	D	E	R	K	N	Q	S	T	A	V	L	I	F	Y	W	H	M	C	P
0	0.01698	0.09261	0.24794	0.02265	0.17604	0.04599	0.11868	0.05392	0.01571	0.07800	0.01315	0.01534	0.00991	0.00617	0.00629	0.00192	0.00860	0.00548	0.00367	0.06096
1	0.01159	0.00875	0.01153	0.01136	0.04900	0.00830	0.03266	0.03495	0.06640	0.04971	0.21203	0.15821	0.15572	0.05572	0.00952	0.02870	0.00462	0.02902	0.00593	0.05627
2	0.04547	0.01490	0.01661	0.01525	0.06662	0.01648	0.01131	0.18517	0.41838	0.07134	0.02204	0.02096	0.01632	0.00818	0.00649	0.00209	0.00586	0.00667	0.00632	0.04353
3	0.01455	0.10812	0.01881	0.05814	0.22117	0.01284	0.01243	0.04945	0.01546	0.06455	0.06714	0.15520	0.05889	0.01078	0.00687	0.00210	0.00610	0.06952	0.00482	0.04307
4	0.01633	0.10554	0.07610	0.17411	0.27558	0.06669	0.10855	0.02084	0.03515	0.04106	0.01263	0.01603	0.00998	0.00619	0.00638	0.00198	0.00863	0.00573	0.00337	0.00915
5	0.02099	0.10879	0.01902	0.01512	0.01861	0.47071	0.01175	0.02565	0.13495	0.01789	0.01357	0.01519	0.01119	0.01103	0.07529	0.00259	0.01075	0.00497	0.00390	0.00803
6	0.01982	0.01271	0.01816	0.07142	0.19726	0.01307	0.01305	0.07614	0.08606	0.24869	0.07499	0.02225	0.01760	0.01076	0.05503	0.00263	0.03809	0.00682	0.00570	0.00975
7	0.01680	0.03890	0.03733	0.03826	0.21011	0.01538	0.01382	0.08445	0.11294	0.07872	0.01672	0.02214	0.01421	0.07069	0.01130	0.00252	0.13349	0.03772	0.00455	0.03994
8	0.00883	0.00676	0.00959	0.00995	0.01104	0.00630	0.04501	0.01055	0.01369	0.01823	0.11813	0.48882	0.10433	0.06087	0.00970	0.00277	0.00439	0.05944	0.00597	0.00563
9	0.00802	0.00573	0.00764	0.00917	0.00955	0.00535	0.00611	0.00917	0.01260	0.01681	0.03628	0.76434	0.04354	0.02062	0.00840	0.00267	0.00382	0.01872	0.00611	0.00535
10	0.01575	0.06499	0.02088	0.10817	0.02116	0.08792	0.01445	0.04457	0.01231	0.01698	0.00948	0.01436	0.00873	0.00994	0.01654	0.00255	0.51514	0.00549	0.00308	0.00750
11	0.01021	0.00671	0.00827	0.00850	0.00998	0.00607	0.00614	0.01200	0.01472	0.07579	0.16555	0.30937	0.21307	0.06545	0.00956	0.00263	0.00395	0.04080	0.02525	0.00598
12	0.00834	0.00644	0.00766	0.00819	0.00964	0.00576	0.00601	0.01018	0.01483	0.01906	0.16423	0.29291	0.33497	0.01756	0.00809	0.00241	0.00367	0.06811	0.00630	0.00564
13	0.02881	0.01237	0.01600	0.01227	0.01739	0.01141	0.01013	0.14059	0.02079	0.62087	0.02433	0.02134	0.01547	0.00811	0.00661	0.00203	0.00587	0.00651	0.00790	0.01120
14	0.00934	0.00699	0.01017	0.01013	0.01134	0.00790	0.00780	0.01165	0.01136	0.01618	0.07590	0.02974	0.04769	0.06909	0.63216	0.00944	0.01555	0.00779	0.00394	0.00583
15	0.02470	0.01683	0.01837	0.01418	0.01918	0.01828	0.01168	0.58524	0.02848	0.11793	0.01731	0.01711	0.01214	0.00792	0.00646	0.00195	0.00679	0.00602	0.05855	0.01087
16	0.01320	0.03405	0.73453	0.01876	0.02849	0.01529	0.02432	0.02085	0.01390	0.02085	0.01181	0.01390	0.00834	0.00625	0.00625	0.00208	0.00973	0.00486	0.00278	0.00973
17	0.00825	0.00623	0.00775	0.00868	0.00975	0.00572	0.00620	0.00982	0.01368	0.01769	0.07700	0.45118	0.23788	0.02012	0.03738	0.00286	0.00435	0.06387	0.00606	0.00552
18	0.01003	0.00668	0.00821	0.00824	0.00956	0.00611	0.00579	0.01175	0.01474	0.06554	0.24399	0.24172	0.17511	0.14770	0.01237	0.00301	0.00408	0.01337	0.00621	0.00579
19	0.00979	0.00746	0.00908	0.00855	0.01042	0.00712	0.00645	0.01422	0.08736	0.02521	0.55544	0.04887	0.15810	0.01349	0.00766	0.00211	0.00335	0.01176	0.00702	0.00653
20	0.01441	0.00798	0.01009	0.00923	0.01180	0.00702	0.00708	0.01657	0.01608	0.21091	0.17202	0.17294	0.19428	0.03860	0.00837	0.00235	0.00430	0.04912	0.00671	0.04015
21	0.00973	0.00665	0.00844	0.00855	0.00987	0.00614	0.00619	0.01181	0.01554	0.05031	0.33082	0.23829	0.12762	0.09232	0.01057	0.00273	0.00391	0.04818	0.00646	0.00588
22	0.02332	0.01421	0.01666	0.05431	0.01940	0.01498	0.01112	0.26798	0.16978	0.27093	0.02346	0.02196	0.04417	0.00849	0.00667	0.00207	0.00618	0.00681	0.00692	0.01059
23	0.00802	0.00573	0.00764	0.00917	0.00955	0.00535	0.00611	0.00917	0.01260	0.01681	0.03628	0.76434	0.04354	0.02062	0.00840	0.00267	0.00382	0.01872	0.00611	0.00535
24	0.01310	0.00839	0.00985	0.00963	0.01138	0.02716	0.00694	0.01617	0.07805	0.13290	0.10083	0.29608	0.09143	0.13626	0.01183	0.00301	0.00480	0.02928	0.00619	0.00671
25	0.00871	0.00610	0.00785	0.00880	0.00937	0.00577	0.00599	0.00979	0.01270	0.01689	0.08854	0.46643	0.07777	0.14480	0.01337	0.04067	0.00441	0.06123	0.00569	0.00513
26	0.01871	0.65492	0.03198	0.01217	0.01745	0.13975	0.01150	0.02076	0.01421	0.01559	0.00931	0.01077	0.00845	0.00582	0.00450	0.00145	0.00781	0.00363	0.00291	0.00832
27	0.01856	0.01390	0.01506	0.01299	0.01699	0.01542	0.01026	0.12851	0.48818	0.11132	0.02788	0.02574	0.06697	0.00923	0.00675	0.00217	0.00542	0.00758	0.00681	0.01029
28	0.00820	0.00626	0.00735	0.00803	0.00919	0.00563	0.00560	0.00960	0.01365	0.01740	0.08278	0.36689	0.31055	0.08743	0.01045	0.00282	0.00389	0.03293	0.00597	0.00537
29	0.00957	0.00731	0.00896	0.00978	0.01093	0.00734	0.00691	0.01385	0.13182	0.01929	0.07467	0.53873	0.07968	0.01795	0.00806	0.00255	0.00405	0.03599	0.00627	0.00628
30	0.00934	0.00647	0.00814	0.00897	0.00945	0.00635	0.00623	0.01042	0.01184	0.01567	0.02890	0.27255	0.03331	0.35893	0.01994	0.00444	0.00552	0.17349	0.00514	0.00490
31	0.01590	0.01601	0.02506	0.22251	0.44933	0.07332	0.06343	0.01987	0.01484	0.01983	0.01209	0.01636	0.00982	0.00610	0.00657	0.00201	0.00860	0.00586	0.00319	0.00930

[dist]
# distance from previous block
# <min> <max>
0	1

[block]
# block no. 5 follows, 33 sequences, length 65
# corresponding to MSA columns:
# 269-333
name=unknown_F
#
# <colnr> <probs for GDERKNQSTAVLIFYWHMCP>
#	G	D	E	R	K	N	Q	S	T	A	V	L	I	F	Y	W	H	M	C	P
0	0.70648	0.01271	0.01046	0.00905	0.01331	0.01426	0.00745	0.03521	0.01225	0.07415	0.01051	0.01171	0.00794	0.00622	0.00433	0.00198	0.00516	0.00383	0.00438	0.04861
1	0.01679	0.01341	0.04579	0.01233	0.01616	0.01357	0.01008	0.10300	0.36943	0.10512	0.07904	0.06679	0.09897	0.01037	0.00694	0.00219	0.00526	0.00866	0.00662	0.00948
2	0.04528	0.01601	0.01799	0.01391	0.01903	0.01698	0.01146	0.46348	0.05742	0.24105	0.01908	0.01799	0.01297	0.00798	0.00654	0.00201	0.00662	0.00614	0.00698	0.01106
3	0.81514	0.01273	0.00968	0.00866	0.01273	0.01477	0.00713	0.01935	0.01120	0.02954	0.00917	0.01069	0.00713	0.00611	0.00407	0.00204	0.00509	0.00356	0.00407	0.00713
4	0.00992	0.00663	0.00787	0.00778	0.00837	0.00656	0.00493	0.01066	0.01118	0.03580	0.07600	0.06503	0.08721	0.52552	0.10431	0.00592	0.00699	0.01004	0.00455	0.00474
5	0.01195	0.00753	0.00962	0.00981	0.01152	0.00732	0.00761	0.01558	0.06508	0.08622	0.19808	0.23093	0.03953	0.01490	0.00769	0.00239	0.00433	0.16457	0.09865	0.00670
6	0.00980	0.00622	0.00811	0.00903	0.00969	0.00582	0.00603	0.01087	0.01256	0.06716	0.03306	0.59584	0.03846	0.13962	0.01230	0.00322	0.00436	0.01639	0.00592	0.00555
7	0.01008	0.00688	0.00886	0.00837	0.01007	0.00627	0.00627	0.01291	0.01795	0.05932	0.58942	0.09467	0.11613	0.01394	0.00775	0.00212	0.00329	0.01226	0.00712	0.00634
8	0.01037	0.00735	0.00826	0.00796	0.00964	0.00682	0.00567	0.04660	0.01474	0.05050	0.11566	0.10722	0.33002	0.21706	0.01463	0.00335	0.00453	0.02810	0.00578	0.00574
9	0.00978	0.00744	0.01070	0.01069	0.01198	0.00860	0.00826	0.01310	0.05561	0.01614	0.01917	0.06366	0.01808	0.04532	0.65800	0.00964	0.01613	0.00768	0.00386	0.00614
10	0.01126	0.00786	0.00975	0.00980	0.01141	0.00787	0.00728	0.04952	0.07558	0.05273	0.15599	0.30180	0.08149	0.05040	0.06131	0.00316	0.00528	0.06428	0.02665	0.00657
11	0.40602	0.01290	0.01269	0.01051	0.01484	0.01392	0.00861	0.13271	0.04813	0.20554	0.01599	0.01594	0.01127	0.00713	0.00526	0.00200	0.00544	0.00504	0.05718	0.00888
12	0.00816	0.00656	0.00693	0.00701	0.00872	0.00571	0.00499	0.00961	0.01418	0.01739	0.09272	0.10940	0.53068	0.13472	0.01186	0.00290	0.00383	0.01345	0.00584	0.00533
13	0.00945	0.00687	0.00966	0.00966	0.01052	0.00773	0.00708	0.01117	0.01031	0.01460	0.01847	0.03051	0.01848	0.24365	0.55103	0.00945	0.01459	0.00773	0.00365	0.00537
14	0.01202	0.00626	0.00905	0.00886	0.00908	0.00635	0.00601	0.03839	0.00953	0.01272	0.01162	0.01983	0.01142	0.02223	0.02491	0.77397	0.00578	0.00573	0.00302	0.00322
15	0.00799	0.00584	0.00753	0.00888	0.00947	0.00537	0.00598	0.00920	0.01288	0.01692	0.03981	0.68317	0.12244	0.02017	0.00833	0.00262	0.00376	0.01816	0.00611	0.00537
16	0.01296	0.01224	0.02069	0.65622	0.13785	0.01476	0.01854	0.01728	0.01341	0.01746	0.01179	0.01738	0.00900	0.00648	0.00657	0.00216	0.00865	0.00585	0.00297	0.00774
17	0.00820	0.00602	0.00760	0.00858	0.00938	0.00553	0.00586	0.00962	0.01357	0.01793	0.12222	0.53740	0.15286	0.05114	0.00930	0.00269	0.00377	0.01675	0.00616	0.00543
18	0.02422	0.03081	0.01950	0.01741	0.02094	0.71201	0.04148	0.02607	0.01853	0.01632	0.01031	0.01212	0.00854	0.00673	0.00601	0.00172	0.01184	0.00439	0.00339	0.00768
19	0.00956	0.00642	0.00737	0.00737	0.00744	0.00649	0.00423	0.00970	0.00963	0.01291	0.02057	0.04211	0.02351	0.72796	0.07361	0.00662	0.00702	0.00943	0.00396	0.00410
20	0.02408	0.01732	0.01880	0.01452	0.01952	0.01899	0.01195	0.63007	0.02960	0.06720	0.06670	0.01844	0.01502	0.00831	0.00667	0.00198	0.00689	0.00638	0.00669	0.01084
21	0.01557	0.01150	0.01458	0.01103	0.01625	0.00928	0.03725	0.03589	0.01489	0.11183	0.01643	0.05271	0.01414	0.00705	0.00572	0.00141	0.00533	0.05356	0.00474	0.56085
22	0.01052	0.00787	0.01123	0.01091	0.01237	0.00910	0.00853	0.06123	0.01203	0.01715	0.01750	0.02515	0.01608	0.04642	0.69007	0.00997	0.01689	0.00697	0.00374	0.00626
23	0.02254	0.01033	0.01346	0.01109	0.01508	0.00949	0.00899	0.02692	0.09386	0.46040	0.15620	0.03193	0.05375	0.01008	0.00702	0.00213	0.00504	0.04435	0.00763	0.00971
24	0.01554	0.01776	0.03885	0.02775	0.03441	0.01665	0.70366	0.02109	0.01554	0.02109	0.01332	0.01776	0.00999	0.00555	0.00777	0.00222	0.01110	0.00777	0.00333	0.00888
25	0.01745	0.01358	0.08359	0.01144	0.01532	0.06718	0.00989	0.02249	0.10462	0.22855	0.22946	0.03365	0.11386	0.01051	0.00701	0.00207	0.00546	0.00876	0.00656	0.00856
26	0.01755	0.01381	0.01496	0.01330	0.01709	0.01562	0.01049	0.07154	0.58674	0.08103	0.02654	0.02658	0.02026	0.00931	0.00682	0.00225	0.00540	0.04364	0.00677	0.01029
27	0.01227	0.00726	0.00957	0.00923	0.01106	0.00664	0.00696	0.01469	0.01662	0.13522	0.35535	0.21330	0.07527	0.03443	0.00850	0.00240	0.00399	0.06363	0.00690	0.00671
28	0.00808	0.00583	0.00766	0.00901	0.00954	0.00541	0.00607	0.00936	0.01305	0.01739	0.07654	0.69271	0.07491	0.02004	0.00834	0.00262	0.00376	0.01812	0.00618	0.00541
29	0.01336	0.04713	0.08218	0.41522	0.09517	0.01507	0.14061	0.01796	0.01386	0.01848	0.03416	0.01823	0.01107	0.00841	0.03982	0.00251	0.00934	0.00626	0.00317	0.00800
30	0.00937	0.00661	0.00812	0.00859	0.00995	0.00603	0.00611	0.01151	0.03285	0.05119	0.16257	0.40661	0.22105	0.01750	0.00801	0.00241	0.00369	0.01545	0.00642	0.00595
31	0.00816	0.00596	0.00768	0.00878	0.00951	0.00548	0.00600	0.00961	0.01363	0.01812	0.12604	0.59617	0.12206	0.01928	0.00825	0.00255	0.00368	0.01732	0.00625	0.00548
32	0.05099	0.07303	0.06740	0.01434	0.05669	0.09790	0.01139	0.14383	0.08582	0.05193	0.07819	0.15804	0.02291	0.01077	0.00678	0.00213	0.00659	0.04748	0.00537	0.00841
33	0.01597	0.01460	0.02430	0.03513	0.58952	0.01495	0.01834	0.01947	0.01463	0.04491	0.01458	0.06038	0.01318	0.00756	0.00781	0.00210	0.06255	0.02658	0.00364	0.00980
34	0.01018	0.00701	0.00839	0.00833	0.00932	0.00681	0.00559	0.02468	0.04081	0.03839	0.19794	0.18962	0.08653	0.31639	0.01808	0.00393	0.00480	0.01206	0.00563	0.00550
35	0.03714	0.56396	0.17182	0.01434	0.05956	0.02304	0.01425	0.01996	0.01352	0.01725	0.00986	0.01155	0.00851	0.00578	0.00475	0.00159	0.00757	0.00392	0.00287	0.00878
36	0.05178	0.01520	0.04233	0.10366	0.46632	0.01544	0.03428	0.01955	0.01416	0.03910	0.01212	0.01597	0.00999	0.00652	0.00785	0.00203	0.08207	0.00568	0.00337	0.05256
37	0.01466	0.01317	0.02065	0.04959	0.38344	0.03351	0.03304	0.01786	0.01431	0.04390	0.08625	0.02226	0.01714	0.04556	0.12160	0.00355	0.06019	0.00684	0.00387	0.00862
38	0.00910	0.00723	0.00823	0.00789	0.00991	0.00663	0.00594	0.01263	0.06663	0.02242	0.36425	0.05411	0.37178	0.01465	0.00770	0.00215	0.00336	0.01253	0.00667	0.00620
39	0.01365	0.01170	0.01365	0.00975	0.01560	0.00878	0.00780	0.01658	0.01365	0.02145	0.01170	0.01365	0.00975	0.00488	0.00488	0.00098	0.00488	0.00390	0.00390	0.80888
40	0.04438	0.01579	0.12636	0.01636	0.11695	0.01138	0.03605	0.02130	0.01497	0.17398	0.01484	0.01597	0.01095	0.00599	0.00576	0.00159	0.00640	0.00502	0.00454	0.35142
41	0.05904	0.01627	0.02524	0.03122	0.44347	0.02846	0.08776	0.13380	0.01745	0.04305	0.01304	0.01608	0.01038	0.00649	0.00715	0.00203	0.03910	0.00594	0.00397	0.01007
42	0.01326	0.01146	0.01770	0.08877	0.05587	0.03713	0.09464	0.01605	0.01229	0.05705	0.01512	0.02151	0.01327	0.04648	0.34293	0.00617	0.13286	0.00670	0.00359	0.00714
43	0.01473	0.01390	0.04298	0.23959	0.25332	0.01427	0.11060	0.01879	0.01458	0.05813	0.07031	0.02010	0.01448	0.00897	0.04026	0.00251	0.04343	0.00667	0.00374	0.00864
44	0.07039	0.08062	0.19929	0.01939	0.14960	0.04864	0.01589	0.10746	0.01587	0.02317	0.01164	0.01402	0.00926	0.00666	0.00730	0.00188	0.08027	0.00490	0.00365	0.13009
45	0.01485	0.01570	0.04660	0.07122	0.30745	0.02815	0.26669	0.01916	0.01463	0.02021	0.01440	0.05983	0.01244	0.01015	0.06625	0.00280	0.00975	0.00732	0.00344	0.00896
46	0.01119	0.00572	0.00851	0.00862	0.00865	0.00569	0.00575	0.00862	0.00886	0.01182	0.01321	0.07309	0.01372	0.02271	0.02449	0.75101	0.00558	0.00664	0.00309	0.00304
47	0.06103	0.20340	0.11832	0.01942	0.09236	0.17352	0.14058	0.04006	0.05518	0.02004	0.01196	0.01409	0.00958	0.00624	0.00592	0.00185	0.00903	0.00514	0.00346	0.00882
48	0.06028	0.05116	0.11894	0.01350	0.04700	0.03555	0.02926	0.12293	0.09355	0.04521	0.13708	0.02999	0.12655	0.05070	0.00813	0.00228	0.00618	0.00805	0.00534	0.00831
49	0.00993	0.00739	0.00846	0.00816	0.01005	0.00690	0.00600	0.01335	0.07628	0.04481	0.26166	0.10487	0.31387	0.08669	0.01014	0.00260	0.00383	0.01242	0.00639	0.00621
50	0.01571	0.01675	0.07730	0.09766	0.58125	0.01559	0.05926	0.02002	0.01479	0.02105	0.01234	0.01631	0.01012	0.00594	0.00658	0.00200	0.00822	0.00590	0.00320	0.01003
