[name]
unknown

[dist]
# distance from previous block
# <min> <max>
0	186

[block]
# block no. 0 follows, 32 sequences, length 37
# corresponding to MSA columns:
# 187-223
name=unknown_A
#
# <colnr> <probs for GDERKNQSTAVLIFYWHMCP>
#	G	D	E	R	K	N	Q	S	T	A	V	L	I	F	Y	W	H	M	C	P
0	0.04213	0.07125	0.01578	0.01281	0.03746	0.03443	0.03945	0.14237	0.12913	0.02600	0.12294	0.10230	0.12152	0.01130	0.00697	0.00214	0.00560	0.02616	0.04201	0.00826
1	0.04815	0.00615	0.00879	0.00875	0.00893	0.00625	0.00589	0.00924	0.00886	0.01250	0.01155	0.01996	0.01145	0.02253	0.02522	0.76816	0.00580	0.00573	0.00297	0.00311
2	0.02392	0.02838	0.01891	0.01678	0.02018	0.57750	0.01282	0.10876	0.02000	0.01996	0.03517	0.01406	0.01086	0.00760	0.00723	0.00185	0.05901	0.00490	0.00396	0.00815
3	0.01300	0.03147	0.64571	0.01788	0.02683	0.01451	0.02265	0.02025	0.01473	0.02191	0.09417	0.01834	0.01487	0.00723	0.00655	0.00212	0.00913	0.00579	0.00336	0.00950
4	0.02551	0.01879	0.02014	0.01544	0.02081	0.02081	0.01275	0.69996	0.03155	0.04229	0.01611	0.01611	0.01141	0.00805	0.00671	0.00201	0.00738	0.00604	0.00671	0.01141
5	0.01554	0.11540	0.48151	0.01876	0.05768	0.01691	0.05050	0.07990	0.01603	0.04025	0.03792	0.01573	0.01111	0.00671	0.00631	0.00203	0.00900	0.00537	0.00352	0.00980
6	0.00895	0.00677	0.00828	0.00821	0.00987	0.00610	0.00614	0.01147	0.01712	0.02302	0.42794	0.12934	0.25428	0.01564	0.00804	0.00226	0.00343	0.04025	0.00688	0.00604
7	0.00830	0.00605	0.00782	0.00899	0.00970	0.00557	0.00613	0.00974	0.01377	0.01831	0.11531	0.61157	0.11441	0.01981	0.00843	0.00261	0.00376	0.01782	0.00636	0.00557
8	0.00984	0.00759	0.00908	0.00867	0.01063	0.00720	0.00659	0.01414	0.08386	0.02457	0.46539	0.05227	0.22263	0.01427	0.00786	0.00220	0.00354	0.03610	0.00700	0.00657
9	0.01768	0.72509	0.07599	0.01193	0.01792	0.02591	0.01226	0.02016	0.01367	0.01611	0.00949	0.01096	0.00860	0.00578	0.00443	0.00148	0.00734	0.00367	0.00287	0.00869
10	0.01349	0.01276	0.02160	0.60156	0.18634	0.01512	0.01904	0.01786	0.01380	0.01813	0.01207	0.01762	0.00929	0.00656	0.00669	0.00219	0.00874	0.00597	0.00305	0.00811
11	0.01604	0.01536	0.02621	0.14297	0.62498	0.01579	0.02031	0.02010	0.01501	0.02123	0.01252	0.01679	0.01039	0.00608	0.00665	0.00203	0.00811	0.00598	0.00327	0.01017
12	0.02551	0.01879	0.02014	0.01544	0.02081	0.02081	0.01275	0.69996	0.03155	0.04229	0.01611	0.01611	0.01141	0.00805	0.00671	0.00201	0.00738	0.00604	0.00671	0.01141
13	0.01630	0.01563	0.02668	0.09624	0.66967	0.01586	0.02044	0.02032	0.01513	0.02155	0.01257	0.01671	0.01050	0.00604	0.00665	0.00201	0.00805	0.00598	0.00329	0.01038
14	0.00976	0.00651	0.00732	0.00732	0.00732	0.00651	0.00407	0.00976	0.00976	0.01301	0.02114	0.04391	0.02439	0.76419	0.03415	0.00651	0.00651	0.00976	0.00407	0.00407
15	0.01584	0.01810	0.03959	0.02828	0.03507	0.01697	0.69796	0.02149	0.01584	0.02149	0.01357	0.01810	0.01018	0.00566	0.00792	0.00226	0.01131	0.00792	0.00339	0.00905
16	0.35205	0.01206	0.01322	0.01066	0.01542	0.01200	0.00879	0.02735	0.01600	0.43989	0.01942	0.01792	0.01276	0.00745	0.00568	0.00208	0.00550	0.00546	0.00659	0.00971
17	0.01267	0.01193	0.02013	0.74806	0.04621	0.01491	0.01863	0.01714	0.01342	0.01714	0.01193	0.01789	0.00894	0.00671	0.00671	0.00224	0.00894	0.00596	0.00298	0.00745
18	0.01406	0.00775	0.00791	0.00735	0.00937	0.00799	0.00565	0.09733	0.01616	0.02708	0.02120	0.02395	0.01651	0.00785	0.00493	0.00162	0.00364	0.00623	0.70657	0.00687
19	0.01261	0.00676	0.00724	0.00705	0.00846	0.00712	0.00535	0.01539	0.01362	0.02393	0.02067	0.02419	0.01646	0.00868	0.00663	0.03400	0.04939	0.00621	0.72005	0.00619
20	0.06521	0.01304	0.01680	0.13884	0.06374	0.01359	0.03000	0.12197	0.11478	0.15119	0.02133	0.02298	0.05915	0.04692	0.00792	0.00225	0.00652	0.00678	0.00549	0.09150
21	0.00819	0.00638	0.00746	0.00822	0.00957	0.00565	0.00585	0.00973	0.01427	0.01798	0.07097	0.38804	0.36349	0.01883	0.00827	0.00250	0.00372	0.03903	0.00626	0.00560
22	0.01597	0.01538	0.02237	0.11087	0.22167	0.05766	0.11662	0.04249	0.19393	0.02243	0.01830	0.06602	0.01549	0.04112	0.00818	0.00236	0.00781	0.00756	0.00451	0.00926
23	0.07411	0.20088	0.02238	0.01481	0.01932	0.32864	0.01212	0.18610	0.04198	0.02371	0.01196	0.01307	0.00958	0.00693	0.00570	0.00177	0.00915	0.00462	0.00425	0.00890
24	0.01603	0.01616	0.03315	0.02395	0.03011	0.01488	0.53363	0.02097	0.01592	0.06721	0.04703	0.04456	0.01414	0.00665	0.00759	0.00214	0.00973	0.00804	0.00404	0.08407
25	0.05646	0.21033	0.06220	0.01910	0.14415	0.12247	0.03181	0.12777	0.06530	0.07878	0.01393	0.01511	0.01081	0.00679	0.00590	0.00186	0.00798	0.00520	0.00439	0.00966
26	0.01639	0.42406	0.32786	0.01489	0.02238	0.02165	0.01716	0.05160	0.01468	0.01930	0.01078	0.01245	0.00869	0.00611	0.00529	0.00175	0.00834	0.00428	0.00303	0.00929
27	0.00846	0.00682	0.00753	0.00735	0.00939	0.00589	0.00551	0.01065	0.01654	0.02108	0.28709	0.05971	0.49865	0.01589	0.00792	0.00221	0.00332	0.01348	0.00662	0.00589
28	0.01585	0.03936	0.03727	0.01208	0.01765	0.04017	0.04976	0.06298	0.01581	0.06125	0.01648	0.01965	0.04271	0.00668	0.00574	0.00142	0.00603	0.03550	0.00447	0.50915
29	0.13408	0.07473	0.06421	0.01892	0.18439	0.03755	0.01279	0.09561	0.01562	0.02335	0.03533	0.11140	0.03379	0.05307	0.00882	0.00235	0.05051	0.00749	0.00435	0.03164
30	0.00841	0.00639	0.00772	0.00850	0.00970	0.00577	0.00605	0.01004	0.01436	0.01850	0.11478	0.39384	0.27657	0.03869	0.00901	0.00263	0.00385	0.05331	0.00628	0.00561
31	0.00818	0.00584	0.00779	0.00934	0.00973	0.00545	0.00623	0.00934	0.01285	0.01713	0.03698	0.75981	0.04438	0.02102	0.00856	0.00273	0.00389	0.01908	0.00623	0.00545
32	0.01825	0.07589	0.18765	0.02225	0.07057	0.10937	0.26648	0.04265	0.01630	0.08604	0.01360	0.01612	0.01012	0.00648	0.00723	0.00208	0.02962	0.00615	0.00377	0.00939
33	0.08179	0.07615	0.26331	0.04350	0.10163	0.13554	0.03845	0.02128	0.03999	0.02101	0.05373	0.01750	0.02904	0.00737	0.00694	0.00205	0.04264	0.00565	0.00361	0.00882
34	0.00831	0.00594	0.00794	0.00950	0.00995	0.00557	0.00646	0.00958	0.01298	0.01728	0.03691	0.72458	0.04408	0.02089	0.00860	0.00274	0.00401	0.05297	0.00623	0.00549
35	0.00932	0.00694	0.00873	0.00876	0.01024	0.00650	0.00645	0.01247	0.04465	0.02342	0.43474	0.21715	0.13637	0.01576	0.00806	0.00231	0.00353	0.03147	0.00692	0.00621
36	0.03809	0.12094	0.10656	0.04053	0.05730	0.10038	0.23893	0.04205	0.05695	0.07994	0.01516	0.04635	0.01207	0.00706	0.00669	0.00205	0.00909	0.00662	0.00409	0.00913

[dist]
# distance from previous block
# <min> <max>
0	1

[block]
# block no. 1 follows, 32 sequences, length 27
# corresponding to MSA columns:
# 225-251
name=unknown_B
#
# <colnr> <probs for GDERKNQSTAVLIFYWHMCP>
#	G	D	E	R	K	N	Q	S	T	A	V	L	I	F	Y	W	H	M	C	P
0	0.02344	0.12110	0.02095	0.01648	0.02006	0.59371	0.01279	0.02574	0.03946	0.01669	0.01070	0.01246	0.00902	0.00707	0.00661	0.00177	0.04614	0.00441	0.00347	0.00795
1	0.01661	0.01594	0.02724	0.04119	0.72233	0.01594	0.02059	0.02059	0.01528	0.02192	0.01262	0.01661	0.01063	0.00598	0.00664	0.00199	0.00797	0.00598	0.00332	0.01063
2	0.02356	0.01740	0.01907	0.11350	0.02325	0.08537	0.01309	0.36074	0.04928	0.15503	0.01679	0.01740	0.01191	0.00808	0.00760	0.00209	0.05358	0.00604	0.00596	0.01026
3	0.00904	0.00680	0.00836	0.00804	0.00976	0.00612	0.00600	0.01175	0.01780	0.02425	0.52331	0.08020	0.23426	0.01484	0.00794	0.00217	0.00325	0.01292	0.00704	0.00612
4	0.06168	0.01501	0.02002	0.03756	0.04164	0.01525	0.09180	0.28150	0.02282	0.27949	0.05038	0.02007	0.01514	0.00793	0.00680	0.00208	0.00702	0.00667	0.00659	0.01057
5	0.01606	0.01538	0.02624	0.14019	0.62764	0.01580	0.02032	0.02011	0.01502	0.02125	0.01252	0.01679	0.01039	0.00608	0.00665	0.00203	0.00811	0.00598	0.00327	0.01018
6	0.02990	0.01175	0.01578	0.01209	0.01729	0.01035	0.00999	0.06256	0.01976	0.69634	0.02601	0.02254	0.01638	0.00829	0.00675	0.00207	0.00578	0.00672	0.00823	0.01142
7	0.06731	0.01801	0.01905	0.01489	0.02003	0.02006	0.01223	0.59261	0.10235	0.04012	0.01693	0.01677	0.01215	0.00807	0.00659	0.00204	0.00704	0.00607	0.00659	0.01110
8	0.01468	0.01468	0.02055	0.01762	0.01762	0.02055	0.01468	0.01615	0.01028	0.01615	0.00881	0.01468	0.00881	0.01174	0.02202	0.00294	0.75191	0.00587	0.00294	0.00734
9	0.01378	0.01212	0.01780	0.07541	0.06459	0.01099	0.09826	0.04628	0.01536	0.02176	0.02004	0.03062	0.04950	0.00886	0.00673	0.00187	0.00658	0.14915	0.00447	0.34583
10	0.01418	0.01369	0.01905	0.01652	0.01665	0.01889	0.01366	0.01575	0.01058	0.01664	0.01079	0.04245	0.01077	0.01300	0.04161	0.00309	0.66372	0.00641	0.04537	0.00717
11	0.01048	0.00762	0.01035	0.01171	0.01334	0.00748	0.01015	0.01341	0.01543	0.01985	0.03929	0.07440	0.11754	0.01836	0.00911	0.00299	0.00586	0.60033	0.00618	0.00612
12	0.00959	0.00716	0.01062	0.01062	0.01176	0.00830	0.00818	0.01188	0.01074	0.01546	0.01812	0.02719	0.01713	0.08390	0.70451	0.01058	0.01743	0.00731	0.00362	0.00590
13	0.03010	0.01142	0.01557	0.01194	0.01713	0.00986	0.00986	0.03270	0.01920	0.72698	0.02647	0.02284	0.01661	0.00830	0.00675	0.00208	0.00571	0.00675	0.00830	0.01142
14	0.01166	0.00583	0.00874	0.00874	0.00874	0.00583	0.00583	0.00874	0.00874	0.01166	0.01166	0.02040	0.01166	0.02331	0.02622	0.80478	0.00583	0.00583	0.00291	0.00291
15	0.01250	0.01165	0.01952	0.70785	0.04425	0.01444	0.01797	0.01690	0.01372	0.01767	0.05035	0.01964	0.01190	0.00709	0.00677	0.00223	0.00863	0.00630	0.00322	0.00739
16	0.01619	0.01388	0.01474	0.01329	0.01693	0.01596	0.01032	0.03404	0.66178	0.02799	0.07576	0.02679	0.02348	0.00943	0.00690	0.00226	0.00516	0.00790	0.00687	0.01032
17	0.48356	0.01232	0.01226	0.01013	0.01472	0.01287	0.00836	0.02517	0.01469	0.32261	0.01653	0.01591	0.01119	0.00710	0.00524	0.00208	0.00541	0.00494	0.00590	0.00901
18	0.01530	0.25897	0.32354	0.01657	0.02375	0.01885	0.08907	0.02216	0.09419	0.02061	0.04640	0.01646	0.01267	0.00676	0.00601	0.00194	0.00836	0.00548	0.00358	0.00933
19	0.01026	0.00891	0.05200	0.00935	0.01168	0.00710	0.00750	0.01319	0.03395	0.04040	0.30167	0.20970	0.15989	0.01494	0.00825	0.02601	0.00410	0.01264	0.00629	0.06218
20	0.01819	0.01327	0.03999	0.05106	0.12832	0.01282	0.01188	0.11152	0.13265	0.16729	0.09864	0.02933	0.11905	0.00961	0.00697	0.00210	0.00591	0.00812	0.00615	0.02711
21	0.01696	0.01862	0.12657	0.01577	0.05523	0.12686	0.03229	0.07837	0.10745	0.06759	0.08805	0.09916	0.02063	0.01096	0.03330	0.00239	0.03027	0.00780	0.00507	0.05667
22	0.03750	0.09790	0.12138	0.06182	0.08116	0.06066	0.08468	0.04469	0.01662	0.13854	0.12288	0.02222	0.01918	0.02758	0.00727	0.00210	0.00750	0.00672	0.00483	0.03478
23	0.04386	0.07575	0.14183	0.01649	0.08552	0.06943	0.03129	0.08820	0.05431	0.08355	0.04274	0.07607	0.01634	0.00841	0.00641	0.00195	0.00721	0.02971	0.00475	0.11618
24	0.04395	0.05854	0.08080	0.01393	0.01797	0.22071	0.03045	0.10916	0.01802	0.07667	0.07194	0.02211	0.04172	0.07653	0.00931	0.00233	0.03222	0.00641	0.03423	0.03301
25	0.01748	0.08012	0.09397	0.01655	0.10075	0.11349	0.01269	0.14164	0.03857	0.04143	0.07441	0.08803	0.01873	0.05239	0.00808	0.00219	0.00731	0.00727	0.00479	0.08011
26	0.18734	0.06448	0.07144	0.05368	0.20267	0.08817	0.08220	0.10405	0.01675	0.05105	0.01246	0.01480	0.00965	0.00648	0.00604	0.00200	0.00809	0.00533	0.00404	0.00929

[dist]
# distance from previous block
# <min> <max>
1	24

[block]
# block no. 2 follows, 32 sequences, length 74
# corresponding to MSA columns:
# 276-349
name=unknown_C
#
# <colnr> <probs for GDERKNQSTAVLIFYWHMCP>
#	G	D	E	R	K	N	Q	S	T	A	V	L	I	F	Y	W	H	M	C	P
0	0.09077	0.04199	0.05894	0.01691	0.04437	0.06447	0.14975	0.16175	0.03716	0.08057	0.10192	0.04805	0.01881	0.02910	0.00788	0.00223	0.02384	0.00735	0.00517	0.00896
1	0.03859	0.05275	0.06383	0.08813	0.10301	0.07065	0.08795	0.11204	0.10939	0.05237	0.04971	0.08807	0.01714	0.00862	0.00678	0.00210	0.00755	0.00753	0.00487	0.02891
2	0.05305	0.10431	0.07584	0.04743	0.15006	0.04863	0.04994	0.09583	0.09718	0.02320	0.01698	0.04592	0.03670	0.00830	0.00775	0.00209	0.07184	0.02171	0.00431	0.03892
3	0.09582	0.03455	0.07200	0.04706	0.05520	0.03575	0.02884	0.06064	0.09351	0.07777	0.17632	0.05282	0.07621	0.00970	0.00670	0.00206	0.00588	0.00812	0.00556	0.05550
4	0.01628	0.01837	0.14366	0.08942	0.05962	0.08241	0.06677	0.03810	0.13565	0.07757	0.04571	0.02401	0.09040	0.00832	0.00673	0.00204	0.00751	0.00705	0.00480	0.07558
5	0.01648	0.02930	0.05205	0.07322	0.01842	0.03651	0.02796	0.07957	0.08720	0.14047	0.17541	0.08271	0.06739	0.01058	0.00708	0.00211	0.00585	0.02428	0.00610	0.05733
6	0.01537	0.01571	0.09104	0.11697	0.08164	0.01459	0.15424	0.08875	0.05600	0.05183	0.10663	0.02594	0.06072	0.00891	0.00836	0.00224	0.06319	0.02444	0.00471	0.00873
7	0.00971	0.00741	0.00913	0.00863	0.01060	0.00668	0.00634	0.01175	0.01469	0.02017	0.23232	0.13833	0.18396	0.07367	0.09645	0.02870	0.00565	0.01138	0.00567	0.11876
8	0.01590	0.01629	0.06306	0.11555	0.44005	0.01598	0.06653	0.03765	0.07045	0.02184	0.01392	0.01805	0.01139	0.02696	0.00806	0.00223	0.03636	0.00629	0.00363	0.00983
9	0.02434	0.05511	0.02064	0.01769	0.02140	0.67554	0.04969	0.02629	0.01867	0.01667	0.01051	0.01238	0.00872	0.00681	0.00609	0.00175	0.01190	0.00449	0.00343	0.00787
10	0.00841	0.00637	0.00776	0.00836	0.00960	0.00572	0.00591	0.01020	0.01502	0.01970	0.20472	0.38284	0.25489	0.01810	0.00822	0.00244	0.00357	0.01596	0.00650	0.00572
11	0.01622	0.02166	0.19060	0.02381	0.05583	0.04540	0.38565	0.07220	0.01650	0.02286	0.01357	0.01704	0.01019	0.00634	0.00756	0.00216	0.03008	0.00675	0.04634	0.00924
12	0.01584	0.01810	0.03959	0.02828	0.03507	0.01697	0.69796	0.02149	0.01584	0.02149	0.01357	0.01810	0.01018	0.00566	0.00792	0.00226	0.01131	0.00792	0.00339	0.00905
13	0.77529	0.04751	0.01102	0.00895	0.01317	0.01558	0.00746	0.01974	0.01152	0.02945	0.00934	0.01089	0.00733	0.00621	0.00416	0.00205	0.00528	0.00363	0.00409	0.00733
14	0.01804	0.01183	0.01260	0.01051	0.01358	0.01273	0.00827	0.31902	0.02131	0.03128	0.01889	0.02235	0.01498	0.06701	0.00865	0.03121	0.00538	0.00642	0.35770	0.00826
15	0.02366	0.06990	0.04520	0.01466	0.01963	0.07828	0.06444	0.21358	0.04441	0.25996	0.01944	0.02129	0.01432	0.05173	0.00824	0.00229	0.00746	0.02530	0.00613	0.01006
16	0.01794	0.76823	0.03516	0.01148	0.01722	0.02655	0.01148	0.02009	0.01363	0.01579	0.00933	0.01076	0.00861	0.00574	0.00431	0.00144	0.00718	0.00359	0.00287	0.00861
17	0.20476	0.00880	0.00758	0.00727	0.00952	0.03482	0.00561	0.01702	0.01361	0.02593	0.01846	0.02116	0.01450	0.00740	0.00461	0.00169	0.00395	0.00555	0.58120	0.00655
18	0.81159	0.01298	0.00986	0.00882	0.01298	0.01505	0.00727	0.01972	0.01142	0.03010	0.00934	0.01090	0.00727	0.00623	0.00415	0.00208	0.00519	0.00363	0.00415	0.00727
19	0.01346	0.03471	0.72942	0.01912	0.02904	0.01558	0.02479	0.02125	0.01417	0.02125	0.01204	0.01417	0.00850	0.00637	0.00637	0.00212	0.00992	0.00496	0.00283	0.00992
20	0.02863	0.01378	0.01703	0.01306	0.01831	0.01337	0.01079	0.24658	0.02316	0.50751	0.02315	0.02068	0.01494	0.00822	0.00674	0.00206	0.00625	0.00652	0.00779	0.01142
21	0.66725	0.01269	0.01092	0.00940	0.01374	0.01409	0.00775	0.02212	0.01286	0.15881	0.01251	0.01310	0.00899	0.00661	0.00463	0.00208	0.00529	0.00421	0.00492	0.00803
22	0.03010	0.01142	0.01557	0.01194	0.01713	0.00986	0.00986	0.03270	0.01920	0.72698	0.02647	0.02284	0.01661	0.00830	0.00675	0.00208	0.00571	0.00675	0.00830	0.01142
23	0.81159	0.01298	0.00986	0.00882	0.01298	0.01505	0.00727	0.01972	0.01142	0.03010	0.00934	0.01090	0.00727	0.00623	0.00415	0.00208	0.00519	0.00363	0.00415	0.00727
24	0.01755	0.01891	0.03465	0.06348	0.03283	0.07152	0.52723	0.10456	0.01787	0.02343	0.01356	0.01739	0.01015	0.00610	0.00757	0.00219	0.01077	0.00732	0.00378	0.00916
25	0.01206	0.01101	0.01817	0.62301	0.04008	0.01341	0.01655	0.01621	0.01403	0.01827	0.09488	0.06144	0.01712	0.00829	0.00695	0.00225	0.00801	0.00738	0.00366	0.00722
26	0.00818	0.00584	0.00779	0.00934	0.00973	0.00545	0.00623	0.00934	0.01285	0.01713	0.03698	0.75981	0.04438	0.02102	0.00856	0.00273	0.00389	0.01908	0.00623	0.00545
27	0.00818	0.00584	0.00779	0.00934	0.00973	0.00545	0.00623	0.00934	0.01285	0.01713	0.03698	0.75981	0.04438	0.02102	0.00856	0.00273	0.00389	0.01908	0.00623	0.00545
28	0.01812	0.01496	0.01589	0.04326	0.01882	0.03685	0.01108	0.11927	0.52167	0.05522	0.05238	0.02415	0.02008	0.00896	0.00683	0.00221	0.00584	0.00738	0.00664	0.01037
29	0.00906	0.00606	0.00810	0.00945	0.01003	0.00563	0.00637	0.01028	0.01310	0.04568	0.03656	0.73017	0.04326	0.02051	0.00849	0.00270	0.00397	0.01858	0.00631	0.00569
30	0.00818	0.00584	0.00779	0.00934	0.00973	0.00545	0.00623	0.00934	0.01285	0.01713	0.03698	0.75981	0.04438	0.02102	0.00856	0.00273	0.00389	0.01908	0.00623	0.00545
31	0.01373	0.06009	0.67314	0.01927	0.02890	0.01604	0.05510	0.02122	0.01422	0.02107	0.01201	0.01422	0.00858	0.00632	0.00637	0.00211	0.00988	0.00504	0.00286	0.00983
32	0.01377	0.01364	0.02137	0.59482	0.06793	0.05318	0.05301	0.01793	0.01368	0.01744	0.01174	0.01732	0.00905	0.00699	0.00781	0.00225	0.06139	0.00597	0.00304	0.00767
33	0.02625	0.01727	0.01788	0.01419	0.01903	0.10863	0.01152	0.34012	0.02446	0.28088	0.01915	0.01852	0.01318	0.01020	0.04482	0.00246	0.00795	0.00613	0.00670	0.01066
34	0.10814	0.05806	0.02279	0.02027	0.09582	0.37040	0.11391	0.02320	0.01618	0.01920	0.01076	0.01353	0.00894	0.00699	0.00771	0.00198	0.08539	0.00507	0.00343	0.00820
35	0.01044	0.00707	0.00847	0.00822	0.01020	0.00623	0.00612	0.01264	0.01651	0.08286	0.28313	0.16749	0.32431	0.01575	0.00792	0.00227	0.00360	0.01361	0.00681	0.00636
36	0.01082	0.00748	0.00906	0.00860	0.01021	0.00714	0.00618	0.01412	0.06487	0.05741	0.37458	0.08560	0.12996	0.16899	0.01324	0.00308	0.00420	0.01168	0.00650	0.00629
37	0.06615	0.03099	0.01854	0.01684	0.02034	0.69953	0.01267	0.02642	0.01862	0.01714	0.01032	0.01204	0.00857	0.00688	0.00595	0.00175	0.01174	0.00429	0.00349	0.00775
38	0.01015	0.00701	0.00913	0.00852	0.01024	0.00643	0.00642	0.01326	0.01890	0.05027	0.67842	0.04958	0.07892	0.01362	0.00788	0.00211	0.00326	0.01201	0.00739	0.00649
39	0.00835	0.00609	0.00782	0.00913	0.00981	0.00564	0.00628	0.00966	0.01320	0.01729	0.04023	0.60936	0.12761	0.04541	0.00939	0.00282	0.00405	0.05625	0.00615	0.00547
40	0.00909	0.00675	0.00847	0.00823	0.00982	0.00613	0.00610	0.01181	0.01776	0.02442	0.53839	0.11835	0.17991	0.01498	0.00798	0.00220	0.00327	0.01314	0.00707	0.00613
41	0.00849	0.00682	0.00757	0.00738	0.00940	0.00590	0.00554	0.01071	0.01661	0.02125	0.29938	0.05944	0.48626	0.01583	0.00792	0.00221	0.00332	0.01344	0.00664	0.00590
42	0.00950	0.00686	0.00897	0.00844	0.01002	0.00633	0.00633	0.01266	0.01899	0.02691	0.71879	0.05012	0.06331	0.01372	0.00791	0.00211	0.00317	0.01213	0.00739	0.00633
43	0.01731	0.01472	0.01552	0.01378	0.01768	0.01698	0.01077	0.08233	0.66253	0.02907	0.02652	0.02441	0.01985	0.00903	0.00682	0.00226	0.00546	0.00748	0.00682	0.01068
44	0.01267	0.01193	0.02013	0.74806	0.04621	0.01491	0.01863	0.01714	0.01342	0.01714	0.01193	0.01789	0.00894	0.00671	0.00671	0.00224	0.00894	0.00596	0.00298	0.00745
45	0.01166	0.00583	0.00874	0.00874	0.00874	0.00583	0.00583	0.00874	0.00874	0.01166	0.01166	0.02040	0.01166	0.02331	0.02622	0.80478	0.00583	0.00583	0.00291	0.00291
46	0.00959	0.00719	0.01078	0.01078	0.01198	0.00839	0.00839	0.01198	0.01078	0.01558	0.01797	0.02636	0.01677	0.05032	0.73760	0.01078	0.01797	0.00719	0.00359	0.00599
47	0.81159	0.01298	0.00986	0.00882	0.01298	0.01505	0.00727	0.01972	0.01142	0.03010	0.00934	0.01090	0.00727	0.00623	0.00415	0.00208	0.00519	0.00363	0.00415	0.00727
48	0.81159	0.01298	0.00986	0.00882	0.01298	0.01505	0.00727	0.01972	0.01142	0.03010	0.00934	0.01090	0.00727	0.00623	0.00415	0.00208	0.00519	0.00363	0.00415	0.00727
49	0.01636	0.01407	0.01489	0.01342	0.01711	0.01622	0.01042	0.03460	0.67860	0.02802	0.05893	0.02618	0.02244	0.00931	0.00688	0.00227	0.00521	0.00779	0.00685	0.01042
50	0.01575	0.01226	0.01437	0.01038	0.01626	0.00965	0.00835	0.05475	0.01526	0.07580	0.01324	0.01470	0.01052	0.00538	0.00520	0.00113	0.00515	0.00429	0.00445	0.70312
51	0.00818	0.00584	0.00779	0.00934	0.00973	0.00545	0.00623	0.00934	0.01285	0.01713	0.03698	0.75981	0.04438	0.02102	0.00856	0.00273	0.00389	0.01908	0.00623	0.00545
52	0.81159	0.01298	0.00986	0.00882	0.01298	0.01505	0.00727	0.01972	0.01142	0.03010	0.00934	0.01090	0.00727	0.00623	0.00415	0.00208	0.00519	0.00363	0.00415	0.00727
53	0.02169	0.01653	0.01809	0.01363	0.01919	0.01690	0.01117	0.47497	0.02574	0.03556	0.01473	0.01539	0.01093	0.00704	0.00614	0.00168	0.00659	0.00536	0.00581	0.27288
54	0.02677	0.01327	0.01736	0.01522	0.08285	0.01261	0.01130	0.17201	0.02131	0.47456	0.04505	0.02148	0.01629	0.00812	0.00672	0.00203	0.00617	0.00663	0.00736	0.03293
55	0.01267	0.01193	0.02013	0.74806	0.04621	0.01491	0.01863	0.01714	0.01342	0.01714	0.01193	0.01789	0.00894	0.00671	0.00671	0.00224	0.00894	0.00596	0.00298	0.00745
56	0.00976	0.00651	0.00732	0.00732	0.00732	0.00651	0.00407	0.00976	0.00976	0.01301	0.02114	0.04391	0.02439	0.76419	0.03415	0.00651	0.00651	0.00976	0.00407	0.00407
57	0.01267	0.01193	0.02013	0.74806	0.04621	0.01491	0.01863	0.01714	0.01342	0.01714	0.01193	0.01789	0.00894	0.00671	0.00671	0.00224	0.00894	0.00596	0.00298	0.00745
58	0.01545	0.01600	0.02004	0.01733	0.01769	0.08636	0.01429	0.01698	0.01110	0.01615	0.00930	0.01488	0.00909	0.01274	0.04731	0.00312	0.65606	0.00578	0.00301	0.00733
59	0.00793	0.00680	0.00680	0.00680	0.00906	0.00566	0.00510	0.00963	0.01529	0.01813	0.06797	0.06457	0.71961	0.01699	0.00793	0.00227	0.00340	0.01416	0.00623	0.00566
60	0.02441	0.01766	0.01901	0.01482	0.01990	0.01949	0.01216	0.58691	0.09516	0.06773	0.01779	0.01753	0.01268	0.00816	0.00666	0.00203	0.00698	0.00622	0.03355	0.01116
61	0.04075	0.01616	0.01736	0.01423	0.01886	0.01802	0.01146	0.34052	0.32799	0.08874	0.02167	0.02042	0.01570	0.00849	0.00670	0.00214	0.00629	0.00672	0.00683	0.01097
62	0.01718	0.01077	0.01256	0.01096	0.01419	0.01115	0.00858	0.04995	0.25691	0.17292	0.23078	0.03168	0.03165	0.01012	0.00688	0.00209	0.00458	0.00855	0.09947	0.00904
63	0.09052	0.01154	0.01513	0.01170	0.01681	0.01026	0.00966	0.03170	0.01860	0.67311	0.02515	0.02192	0.01589	0.00814	0.00655	0.00208	0.00567	0.00651	0.00798	0.01110
64	0.01213	0.00802	0.01026	0.00947	0.01154	0.00767	0.00729	0.03714	0.05512	0.08531	0.54300	0.07072	0.05357	0.01335	0.00782	0.00219	0.00381	0.04719	0.00731	0.00710
65	0.01400	0.03094	0.57280	0.02120	0.03041	0.01590	0.17763	0.02130	0.01455	0.02130	0.01239	0.01506	0.00888	0.00621	0.00673	0.00216	0.01023	0.00563	0.00296	0.00972
66	0.02450	0.01810	0.01936	0.01503	0.02017	0.02007	0.01236	0.63355	0.07682	0.04078	0.01705	0.01699	0.01221	0.00812	0.00666	0.00202	0.00711	0.00615	0.03175	0.01120
67	0.00818	0.00584	0.00779	0.00934	0.00973	0.00545	0.00623	0.00934	0.01285	0.01713	0.03698	0.75981	0.04438	0.02102	0.00856	0.00273	0.00389	0.01908	0.00623	0.00545
68	0.01568	0.01500	0.02556	0.20758	0.56317	0.01570	0.02013	0.01978	0.01484	0.02080	0.01246	0.01691	0.01023	0.00615	0.00666	0.00205	0.00820	0.00597	0.00324	0.00988
69	0.01646	0.01693	0.02311	0.19638	0.36617	0.12585	0.04114	0.02069	0.04172	0.01994	0.01521	0.03768	0.03505	0.00716	0.00671	0.00206	0.00858	0.00647	0.00357	0.00910
70	0.56606	0.01278	0.01184	0.00994	0.01443	0.01386	0.00820	0.05048	0.01436	0.22151	0.01431	0.01438	0.00999	0.00687	0.00497	0.00207	0.00542	0.00458	0.00539	0.00857
71	0.49827	0.01705	0.06970	0.01700	0.15634	0.07662	0.01194	0.04416	0.01374	0.02706	0.01052	0.01257	0.00829	0.00631	0.00507	0.00203	0.00677	0.00434	0.00392	0.00833
72	0.00982	0.00679	0.00815	0.00813	0.00836	0.00698	0.00506	0.01018	0.01066	0.01438	0.05910	0.09578	0.04612	0.55519	0.06383	0.03786	0.03446	0.01028	0.00435	0.00450
73	0.00881	0.00650	0.00788	0.00867	0.00980	0.00605	0.00607	0.01107	0.04013	0.01920	0.11361	0.46348	0.19522	0.01821	0.00808	0.00248	0.00372	0.01614	0.04906	0.00583

[dist]
# distance from previous block
# <min> <max>
0	5

# created by:
# /home/berkeley/.conda/envs/busco_data_prod/bin/msa2prfl.pl pipeline/OGs_align_augustus/4893/34507.fs
