[name]
unknown

[dist]
# distance from previous block
# <min> <max>
0	15

[block]
# block no. 0 follows, 33 sequences, length 33
# corresponding to MSA columns:
# 20-52
name=unknown_A
#
# <colnr> <probs for GDERKNQSTAVLIFYWHMCP>
#	G	D	E	R	K	N	Q	S	T	A	V	L	I	F	Y	W	H	M	C	P
0	0.11099	0.06428	0.12518	0.09489	0.04057	0.16993	0.01375	0.08757	0.09284	0.05218	0.01493	0.03754	0.01207	0.00756	0.00605	0.00198	0.00804	0.02460	0.00432	0.03073
1	0.10652	0.01629	0.04045	0.01812	0.09736	0.07871	0.13234	0.12684	0.07083	0.11116	0.05071	0.02021	0.02917	0.03531	0.00746	0.00216	0.00748	0.00652	0.00502	0.03734
2	0.07897	0.01742	0.07980	0.04632	0.01998	0.09920	0.04620	0.11388	0.13440	0.09749	0.01875	0.01969	0.04968	0.00940	0.02931	0.00233	0.07992	0.00622	0.00496	0.04607
3	0.20251	0.01717	0.03867	0.01290	0.01731	0.10940	0.01059	0.21057	0.14894	0.07512	0.01795	0.03756	0.03226	0.00799	0.00597	0.00200	0.00667	0.00596	0.00549	0.03497
4	0.26808	0.01463	0.01386	0.01184	0.01578	0.05353	0.00942	0.22236	0.12958	0.03021	0.03997	0.09625	0.01622	0.00885	0.00594	0.00206	0.00589	0.00681	0.00550	0.04320
5	0.02169	0.03703	0.01930	0.03594	0.02029	0.04775	0.03149	0.46780	0.10032	0.03430	0.01689	0.04867	0.01312	0.00829	0.00692	0.00199	0.02607	0.00646	0.00593	0.04974
6	0.11087	0.01507	0.01723	0.01539	0.07659	0.01614	0.01149	0.28635	0.15983	0.19410	0.01929	0.01852	0.01361	0.00780	0.00633	0.00205	0.00628	0.00612	0.00641	0.01053
7	0.01845	0.01368	0.01495	0.01313	0.01707	0.01532	0.01030	0.03453	0.60605	0.13839	0.02667	0.02422	0.01950	0.00881	0.00669	0.00220	0.00527	0.00731	0.00693	0.01054
8	0.00830	0.00593	0.00796	0.00948	0.00999	0.00559	0.00659	0.00964	0.01288	0.01711	0.03613	0.69070	0.04294	0.02036	0.00848	0.00271	0.00406	0.08963	0.00611	0.00542
9	0.01475	0.14665	0.39021	0.02166	0.08920	0.01737	0.18829	0.02067	0.01431	0.02011	0.01181	0.01452	0.00894	0.00595	0.00632	0.00200	0.00947	0.00545	0.00296	0.00938
10	0.00802	0.00573	0.00764	0.00917	0.00955	0.00535	0.00611	0.00917	0.01260	0.01681	0.03628	0.76434	0.04354	0.02062	0.00840	0.00267	0.00382	0.01872	0.00611	0.00535
11	0.00802	0.00573	0.00764	0.00917	0.00955	0.00535	0.00611	0.00917	0.01260	0.01681	0.03628	0.76434	0.04354	0.02062	0.00840	0.00267	0.00382	0.01872	0.00611	0.00535
12	0.02397	0.01653	0.12718	0.01488	0.03936	0.01329	0.04258	0.18371	0.02062	0.37692	0.05739	0.02063	0.01589	0.00791	0.00666	0.00204	0.00678	0.00650	0.00658	0.01059
13	0.01606	0.01923	0.08710	0.06312	0.09361	0.05477	0.50039	0.04350	0.01592	0.02130	0.01296	0.01696	0.00980	0.00582	0.00735	0.00215	0.01051	0.00704	0.00337	0.00901
14	0.00940	0.00705	0.01058	0.01058	0.01176	0.00823	0.00823	0.01176	0.01058	0.01528	0.01763	0.02586	0.01646	0.04937	0.74255	0.01058	0.01763	0.00705	0.00353	0.00588
15	0.02070	0.24580	0.14129	0.01561	0.02070	0.41557	0.01421	0.02349	0.01635	0.01671	0.01015	0.01183	0.00845	0.00636	0.00549	0.00168	0.01012	0.00414	0.00312	0.00821
16	0.01981	0.29623	0.08245	0.01776	0.07881	0.29245	0.06726	0.04044	0.01616	0.01775	0.01051	0.01248	0.00881	0.00619	0.00555	0.00169	0.00945	0.00448	0.00320	0.00851
17	0.01371	0.01341	0.01935	0.03687	0.01769	0.01815	0.03875	0.01539	0.01038	0.01585	0.01029	0.01709	0.01016	0.05430	0.08196	0.00367	0.60682	0.00615	0.00301	0.00699
18	0.01153	0.01012	0.01303	0.24284	0.02248	0.01117	0.01064	0.01842	0.18939	0.02075	0.10351	0.03792	0.25979	0.01126	0.00713	0.00220	0.00549	0.00957	0.00537	0.00738
19	0.01935	0.01575	0.01999	0.01607	0.02025	0.06935	0.13561	0.30779	0.02185	0.06588	0.02006	0.08561	0.01805	0.04758	0.00859	0.00243	0.00771	0.10352	0.00560	0.00896
20	0.01393	0.02925	0.53554	0.02233	0.08523	0.01560	0.16341	0.02085	0.01432	0.02095	0.01217	0.01488	0.00884	0.00608	0.00659	0.00210	0.00986	0.00554	0.00293	0.00961
21	0.01380	0.01309	0.02221	0.50118	0.28632	0.01498	0.01896	0.01802	0.01381	0.01848	0.01194	0.01711	0.00936	0.00633	0.00656	0.00211	0.00844	0.00586	0.00304	0.00841
22	0.05117	0.71154	0.06085	0.01145	0.01717	0.02515	0.01160	0.01974	0.01331	0.01629	0.00926	0.01070	0.00839	0.00568	0.00430	0.00146	0.00706	0.00357	0.00287	0.00844
23	0.01526	0.01669	0.09434	0.17291	0.53058	0.01542	0.02024	0.01963	0.01454	0.02056	0.01220	0.01630	0.00991	0.00604	0.00650	0.00201	0.00819	0.00577	0.00315	0.00977
24	0.02147	0.01612	0.03306	0.01577	0.07790	0.07853	0.01179	0.22027	0.17602	0.17317	0.08817	0.02198	0.01878	0.00841	0.00666	0.00203	0.00657	0.00681	0.00635	0.01013
25	0.00886	0.00761	0.00773	0.00826	0.00971	0.04524	0.00583	0.01025	0.01402	0.01710	0.04951	0.34421	0.38235	0.04718	0.00894	0.00254	0.00411	0.01516	0.00588	0.00552
26	0.01474	0.13568	0.54096	0.01724	0.02587	0.01627	0.04487	0.02105	0.01412	0.05537	0.01219	0.01397	0.00887	0.00617	0.00597	0.00194	0.00896	0.00482	0.00312	0.04783
27	0.01514	0.07457	0.07292	0.01561	0.05123	0.01529	0.03927	0.06243	0.05049	0.07429	0.01478	0.01901	0.01248	0.02103	0.23407	0.00482	0.20443	0.00616	0.00395	0.00805
28	0.00807	0.00665	0.00690	0.00685	0.00883	0.00568	0.00502	0.00972	0.01487	0.01813	0.12088	0.06042	0.60818	0.07887	0.00992	0.00256	0.00357	0.01336	0.00604	0.00548
29	0.01320	0.03405	0.73453	0.01876	0.02849	0.01529	0.02432	0.02085	0.01390	0.02085	0.01181	0.01390	0.00834	0.00625	0.00625	0.00208	0.00973	0.00486	0.00278	0.00973
30	0.14270	0.07583	0.02242	0.25918	0.33870	0.01603	0.01678	0.01895	0.01367	0.02081	0.01139	0.01533	0.00921	0.00611	0.00596	0.00200	0.00762	0.00530	0.00325	0.00875
31	0.14679	0.01860	0.08741	0.17812	0.12507	0.16054	0.01468	0.02110	0.07336	0.02073	0.01513	0.01763	0.04738	0.00735	0.00671	0.00206	0.03980	0.00562	0.00372	0.00819
32	0.08039	0.11901	0.04639	0.03556	0.04427	0.06972	0.03553	0.08219	0.15005	0.12402	0.06805	0.04108	0.01712	0.00912	0.02573	0.00219	0.00689	0.00646	0.00527	0.03096

[dist]
# distance from previous block
# <min> <max>
3	27

[block]
# block no. 1 follows, 33 sequences, length 41
# corresponding to MSA columns:
# 80-120
name=unknown_B
#
# <colnr> <probs for GDERKNQSTAVLIFYWHMCP>
#	G	D	E	R	K	N	Q	S	T	A	V	L	I	F	Y	W	H	M	C	P
0	0.12804	0.07326	0.01971	0.06374	0.11290	0.13271	0.05782	0.13647	0.03796	0.05463	0.01390	0.04699	0.01154	0.00860	0.00767	0.06776	0.00771	0.00586	0.00431	0.00841
1	0.12639	0.01574	0.07496	0.24375	0.19478	0.02838	0.08018	0.05186	0.06106	0.02231	0.01342	0.01778	0.01062	0.00675	0.00636	0.00212	0.00800	0.02313	0.00370	0.00871
2	0.01470	0.01136	0.01338	0.01022	0.01519	0.00928	0.00805	0.07263	0.01521	0.06391	0.01641	0.12244	0.01512	0.00758	0.00562	0.00136	0.00496	0.00636	0.00469	0.58152
3	0.02087	0.03556	0.01770	0.01404	0.01846	0.01813	0.01134	0.43158	0.23274	0.03465	0.02057	0.07934	0.01641	0.00919	0.00671	0.00209	0.00635	0.00736	0.00648	0.01042
4	0.00966	0.00743	0.01108	0.01093	0.01204	0.00885	0.00855	0.01197	0.01055	0.01531	0.01717	0.02527	0.01605	0.04742	0.70527	0.01018	0.05584	0.00699	0.00349	0.00595
5	0.01722	0.70819	0.09555	0.01192	0.01791	0.02511	0.01240	0.01981	0.01342	0.01596	0.00938	0.01085	0.00844	0.00569	0.00440	0.00147	0.00727	0.00364	0.00281	0.00856
6	0.01617	0.33094	0.37151	0.01567	0.02329	0.01934	0.04918	0.02114	0.01409	0.06576	0.01174	0.01329	0.00899	0.00610	0.00553	0.00181	0.00843	0.00457	0.00317	0.00927
7	0.00834	0.00597	0.00775	0.00910	0.00977	0.00557	0.00634	0.00974	0.01306	0.01736	0.03836	0.62536	0.10125	0.01970	0.00829	0.00263	0.00394	0.07214	0.02989	0.00545
8	0.01022	0.00660	0.00804	0.00803	0.00857	0.00651	0.00510	0.01100	0.01146	0.04725	0.09920	0.13930	0.02982	0.49618	0.08027	0.00554	0.00650	0.01074	0.00478	0.00488
9	0.05161	0.01742	0.10253	0.05649	0.47935	0.01568	0.07491	0.02148	0.07533	0.02213	0.01348	0.01666	0.01080	0.00618	0.00650	0.00203	0.00798	0.00595	0.00354	0.00998
10	0.01391	0.15294	0.62184	0.01756	0.02663	0.01702	0.02222	0.02067	0.01381	0.01999	0.01139	0.01336	0.00836	0.00615	0.00593	0.00198	0.00930	0.00465	0.00279	0.00952
11	0.02459	0.03138	0.01866	0.01696	0.02035	0.74221	0.01272	0.02629	0.01866	0.01611	0.01018	0.01187	0.00848	0.00678	0.00594	0.00170	0.01187	0.00424	0.00339	0.00763
12	0.00944	0.00721	0.00958	0.01029	0.05718	0.00666	0.00697	0.01221	0.01729	0.02395	0.51926	0.12242	0.14451	0.01412	0.00775	0.00215	0.00352	0.01247	0.00672	0.00632
13	0.01502	0.01701	0.10549	0.19602	0.43642	0.01546	0.07985	0.01960	0.01451	0.02035	0.01225	0.01643	0.00979	0.00604	0.00661	0.00205	0.00853	0.00592	0.00314	0.00952
14	0.00823	0.00588	0.00788	0.00941	0.00988	0.00553	0.00648	0.00953	0.01281	0.01704	0.03617	0.70804	0.04308	0.02043	0.00846	0.00270	0.00400	0.07293	0.00611	0.00541
15	0.01566	0.01550	0.02307	0.28011	0.40042	0.07461	0.01843	0.02031	0.05090	0.01978	0.01272	0.01679	0.01021	0.00634	0.00650	0.00203	0.00834	0.00581	0.00333	0.00914
16	0.00974	0.00780	0.01164	0.07877	0.11895	0.00778	0.00945	0.01166	0.01312	0.01763	0.03055	0.55845	0.03537	0.01711	0.00800	0.00254	0.00494	0.04480	0.00541	0.00630
17	0.01498	0.01905	0.13482	0.02758	0.16261	0.01595	0.41552	0.02015	0.01482	0.02071	0.01367	0.04791	0.01117	0.00662	0.00798	0.00220	0.04450	0.00735	0.00333	0.00907
18	0.00959	0.00740	0.00857	0.00910	0.01022	0.03983	0.00642	0.01141	0.01501	0.03407	0.24249	0.44210	0.10455	0.01726	0.00801	0.00240	0.00397	0.01536	0.00636	0.00585
19	0.01556	0.06932	0.12163	0.02830	0.22657	0.01697	0.33348	0.02080	0.03052	0.02072	0.01269	0.01638	0.00997	0.00607	0.00757	0.00210	0.04225	0.00649	0.00326	0.00936
20	0.04849	0.15744	0.49481	0.05510	0.02652	0.01735	0.04002	0.05110	0.01447	0.02102	0.01146	0.01358	0.00850	0.00621	0.00589	0.00197	0.00895	0.00476	0.00303	0.00932
21	0.01258	0.01152	0.02056	0.03933	0.07775	0.01207	0.21383	0.01658	0.03724	0.01897	0.01684	0.05587	0.01485	0.02289	0.27536	0.00523	0.05160	0.00753	0.08200	0.00740
22	0.01563	0.10256	0.37988	0.08417	0.09408	0.04812	0.07107	0.02111	0.01440	0.06452	0.01241	0.01486	0.00923	0.00645	0.00675	0.00203	0.03496	0.00524	0.00325	0.00930
23	0.01849	0.05397	0.11281	0.01837	0.11880	0.11397	0.03347	0.03955	0.26137	0.10497	0.01940	0.04463	0.01501	0.00791	0.00648	0.00205	0.00736	0.00654	0.00512	0.00975
24	0.01350	0.08293	0.68820	0.01827	0.02773	0.01600	0.02346	0.02077	0.01386	0.02049	0.01164	0.01368	0.00835	0.00621	0.00612	0.00204	0.00955	0.00478	0.00278	0.00964
25	0.00845	0.00730	0.00735	0.00746	0.00946	0.02657	0.00555	0.01019	0.01510	0.01825	0.10469	0.13493	0.57280	0.01663	0.00782	0.00226	0.00368	0.02975	0.00611	0.00565
26	0.01740	0.10166	0.25363	0.01865	0.12688	0.01472	0.04588	0.06818	0.01653	0.14951	0.06888	0.02095	0.05308	0.00764	0.00642	0.00199	0.00748	0.00638	0.00460	0.00954
27	0.03829	0.05366	0.01831	0.09668	0.05299	0.01655	0.01215	0.35763	0.02228	0.06362	0.05000	0.10103	0.01688	0.01040	0.02609	0.00231	0.03874	0.00749	0.00559	0.00930
28	0.00802	0.00573	0.00764	0.00917	0.00955	0.00535	0.00611	0.00917	0.01260	0.01681	0.03628	0.76434	0.04354	0.02062	0.00840	0.00267	0.00382	0.01872	0.00611	0.00535
29	0.01558	0.01760	0.08158	0.12623	0.36786	0.09687	0.07063	0.01955	0.01498	0.01982	0.02764	0.01903	0.04313	0.00871	0.04070	0.00240	0.00898	0.00627	0.00341	0.00901
30	0.01546	0.01644	0.08043	0.15334	0.38499	0.01543	0.11823	0.06066	0.01554	0.02161	0.01361	0.04926	0.01142	0.00674	0.00678	0.00208	0.00839	0.00663	0.00350	0.00945
31	0.01020	0.00779	0.00949	0.00927	0.01092	0.00785	0.00686	0.01514	0.12881	0.02265	0.34713	0.14986	0.09829	0.06980	0.05816	0.00309	0.00483	0.02693	0.00640	0.00653
32	0.00820	0.00662	0.00730	0.00727	0.00919	0.00571	0.00540	0.01021	0.01578	0.01997	0.23678	0.11077	0.50148	0.01612	0.00782	0.00222	0.00331	0.01372	0.00641	0.00571
33	0.01780	0.14127	0.30456	0.01573	0.02244	0.05888	0.03416	0.19157	0.01894	0.04996	0.07094	0.01701	0.01378	0.00723	0.00618	0.00193	0.00817	0.00560	0.00433	0.00952
34	0.10318	0.09632	0.01563	0.01236	0.03568	0.04792	0.03946	0.04889	0.01517	0.09598	0.08702	0.14664	0.07167	0.01461	0.06727	0.00286	0.03272	0.05398	0.00519	0.00745
35	0.00870	0.00633	0.00816	0.00942	0.01007	0.00610	0.00652	0.01075	0.04491	0.01732	0.03562	0.61101	0.05931	0.06464	0.00987	0.00289	0.00421	0.07258	0.00601	0.00556
36	0.01640	0.01634	0.08519	0.23710	0.16358	0.03335	0.14013	0.05124	0.05176	0.08303	0.01430	0.01742	0.01065	0.00648	0.00667	0.00205	0.00847	0.00614	0.00392	0.04579
37	0.04105	0.15696	0.09119	0.07470	0.16831	0.08067	0.01526	0.20420	0.01893	0.04811	0.01267	0.01460	0.00984	0.00678	0.00642	0.00190	0.02948	0.00518	0.00418	0.00958
38	0.14394	0.12928	0.02102	0.05598	0.12147	0.22846	0.01305	0.13735	0.01761	0.02320	0.01115	0.01321	0.00903	0.00678	0.00635	0.00187	0.04303	0.00470	0.00389	0.00864
39	0.04195	0.01396	0.04153	0.26186	0.19302	0.06601	0.01496	0.01857	0.05019	0.04078	0.05154	0.07153	0.07304	0.00874	0.00703	0.00213	0.02347	0.00751	0.00409	0.00809
40	0.13864	0.03846	0.12905	0.07377	0.03534	0.10710	0.09473	0.13055	0.05418	0.02499	0.06076	0.05409	0.01479	0.00781	0.00632	0.00205	0.00791	0.00644	0.00442	0.00858

[dist]
# distance from previous block
# <min> <max>
14	28

[block]
# block no. 2 follows, 33 sequences, length 11
# corresponding to MSA columns:
# 151-161
name=unknown_C
#
# <colnr> <probs for GDERKNQSTAVLIFYWHMCP>
#	G	D	E	R	K	N	Q	S	T	A	V	L	I	F	Y	W	H	M	C	P
0	0.02002	0.01493	0.01850	0.04057	0.14255	0.09312	0.04603	0.06625	0.08107	0.20745	0.06085	0.04673	0.01679	0.00803	0.00699	0.00196	0.02892	0.00676	0.00545	0.08703
1	0.01464	0.16632	0.13365	0.06017	0.12949	0.01721	0.09613	0.01837	0.01368	0.01901	0.04485	0.01768	0.03716	0.00752	0.00879	0.00202	0.13840	0.00587	0.00335	0.06565
2	0.01509	0.01363	0.02009	0.10246	0.12291	0.03626	0.12246	0.06944	0.11605	0.04270	0.02135	0.13203	0.05474	0.00959	0.00775	0.00217	0.04457	0.00861	0.00471	0.05338
3	0.01759	0.08052	0.24223	0.01897	0.07705	0.01803	0.07022	0.18083	0.05404	0.04814	0.01348	0.01547	0.01021	0.00746	0.00855	0.00213	0.11563	0.00563	0.00414	0.00968
4	0.01024	0.00798	0.01038	0.01145	0.07561	0.00743	0.00725	0.01267	0.03656	0.01964	0.19257	0.23193	0.08678	0.15926	0.01243	0.00295	0.00463	0.01186	0.00549	0.09288
5	0.01556	0.01066	0.01247	0.01072	0.01387	0.03324	0.00839	0.09521	0.07211	0.13157	0.21292	0.06728	0.06081	0.01611	0.11238	0.00318	0.00673	0.00864	0.00611	0.10203
6	0.00920	0.00702	0.00859	0.00955	0.01057	0.00695	0.00663	0.01289	0.11364	0.01843	0.03770	0.59422	0.10243	0.01859	0.00810	0.00257	0.00397	0.01666	0.00620	0.00609
7	0.01376	0.01209	0.01459	0.01083	0.01584	0.01041	0.00875	0.01647	0.01314	0.02065	0.01126	0.01376	0.00959	0.00583	0.00727	0.00125	0.11267	0.00417	0.00375	0.69392
8	0.01522	0.01262	0.01427	0.01069	0.01607	0.01097	0.00857	0.11668	0.08034	0.02469	0.01661	0.01761	0.04912	0.00631	0.00544	0.00130	0.00516	0.00505	0.00466	0.57862
9	0.01243	0.01170	0.01975	0.75282	0.04534	0.01463	0.01828	0.01682	0.01316	0.01682	0.01170	0.01755	0.00878	0.00658	0.00658	0.00219	0.00878	0.00585	0.00293	0.00731
10	0.02503	0.01844	0.01976	0.01515	0.02042	0.02042	0.01251	0.70562	0.03095	0.04149	0.01581	0.01581	0.01120	0.00790	0.00659	0.00198	0.00724	0.00593	0.00659	0.01120

[dist]
# distance from previous block
# <min> <max>
3	4

[block]
# block no. 3 follows, 33 sequences, length 8
# corresponding to MSA columns:
# 166-173
name=unknown_D
#
# <colnr> <probs for GDERKNQSTAVLIFYWHMCP>
#	G	D	E	R	K	N	Q	S	T	A	V	L	I	F	Y	W	H	M	C	P
0	0.12322	0.01654	0.01761	0.19495	0.09939	0.14717	0.01357	0.10535	0.08036	0.06099	0.01549	0.02034	0.01254	0.00779	0.00633	0.00209	0.00788	0.05535	0.00449	0.00855
1	0.01801	0.01989	0.01666	0.01563	0.04114	0.32200	0.01169	0.06969	0.01613	0.01828	0.01827	0.11619	0.06676	0.01228	0.04197	0.00254	0.17392	0.00749	0.00407	0.00736
2	0.11030	0.01396	0.01721	0.04323	0.01901	0.07252	0.11577	0.10331	0.07162	0.08296	0.09609	0.06998	0.06899	0.00940	0.00673	0.00208	0.00664	0.02965	0.00536	0.05520
3	0.01716	0.01677	0.02585	0.09345	0.52709	0.06676	0.06214	0.07114	0.01632	0.02221	0.01249	0.01614	0.01019	0.00612	0.00657	0.00197	0.00835	0.00588	0.00349	0.00994
4	0.03897	0.24142	0.04493	0.01433	0.01864	0.32326	0.01207	0.08384	0.07362	0.01961	0.01394	0.01501	0.03805	0.00722	0.00605	0.00176	0.03018	0.00487	0.00386	0.00837
5	0.01475	0.01225	0.01388	0.01421	0.06617	0.06278	0.00995	0.10918	0.13937	0.04818	0.02592	0.34565	0.02670	0.01372	0.00847	0.00238	0.06115	0.01169	0.00571	0.00789
6	0.06487	0.13327	0.01898	0.02991	0.01808	0.13234	0.04081	0.16658	0.11924	0.02454	0.02303	0.02604	0.10819	0.00920	0.00638	0.00201	0.00713	0.05581	0.00504	0.00854
7	0.07071	0.01212	0.08464	0.01092	0.01416	0.01025	0.00924	0.10764	0.06764	0.02336	0.07343	0.28889	0.11036	0.01334	0.00710	0.00221	0.00506	0.01145	0.00562	0.07185

[dist]
# distance from previous block
# <min> <max>
49	108

[block]
# block no. 4 follows, 33 sequences, length 20
# corresponding to MSA columns:
# 304-323
name=unknown_E
#
# <colnr> <probs for GDERKNQSTAVLIFYWHMCP>
#	G	D	E	R	K	N	Q	S	T	A	V	L	I	F	Y	W	H	M	C	P
0	0.01507	0.16162	0.04166	0.01488	0.10903	0.05350	0.01056	0.02784	0.01442	0.09500	0.02235	0.28909	0.02329	0.03275	0.00742	0.00220	0.00604	0.02004	0.00487	0.04836
1	0.23069	0.01397	0.01734	0.01377	0.01847	0.01470	0.10181	0.12438	0.15323	0.19804	0.03681	0.01887	0.01424	0.00752	0.00614	0.00209	0.00629	0.00617	0.00591	0.00954
2	0.02372	0.13516	0.02167	0.01532	0.05516	0.01952	0.01227	0.45364	0.04838	0.12602	0.01628	0.01616	0.01169	0.00751	0.00622	0.00190	0.00696	0.00569	0.00603	0.01070
3	0.01685	0.01661	0.11133	0.01250	0.01870	0.01298	0.01135	0.21477	0.01865	0.02712	0.01289	0.01430	0.00998	0.00593	0.00555	0.00141	0.00620	0.00461	0.00452	0.47376
4	0.02377	0.01580	0.11042	0.01405	0.01890	0.01382	0.01274	0.11785	0.05379	0.39971	0.02010	0.01928	0.01358	0.00844	0.00892	0.00218	0.12379	0.00621	0.00634	0.01034
5	0.02032	0.01468	0.01885	0.01520	0.01982	0.01566	0.10101	0.13746	0.37401	0.17375	0.02315	0.02186	0.01660	0.00817	0.00680	0.00215	0.00638	0.00708	0.00654	0.01050
6	0.02354	0.01833	0.02274	0.01712	0.02260	0.01983	0.12060	0.59857	0.02854	0.03830	0.01542	0.01611	0.01101	0.00753	0.00677	0.00201	0.00785	0.00622	0.00608	0.01083
7	0.00934	0.00703	0.00870	0.00853	0.01016	0.00660	0.00636	0.01283	0.05639	0.02369	0.47446	0.14393	0.16036	0.01476	0.00782	0.00221	0.00343	0.03029	0.00686	0.00623
8	0.01848	0.01521	0.01705	0.01667	0.10982	0.10976	0.03179	0.02575	0.21580	0.13894	0.04155	0.05848	0.01706	0.00818	0.00670	0.00193	0.02005	0.00682	0.00543	0.13455
9	0.01092	0.00917	0.01384	0.01541	0.10758	0.01071	0.01051	0.01318	0.01135	0.01640	0.01796	0.11911	0.01797	0.03392	0.43611	0.00720	0.13009	0.00821	0.00373	0.00662
10	0.01515	0.01294	0.01515	0.03814	0.07275	0.01460	0.01146	0.02923	0.50664	0.02525	0.02673	0.03311	0.02236	0.01037	0.00713	0.00236	0.00569	0.13524	0.00619	0.00950
11	0.01700	0.01842	0.11272	0.01798	0.11170	0.06648	0.01382	0.06829	0.44428	0.02586	0.02116	0.02070	0.01597	0.00797	0.00656	0.00213	0.00673	0.00659	0.00549	0.01018
12	0.12557	0.01645	0.01703	0.01379	0.01846	0.01851	0.01120	0.42200	0.22657	0.03589	0.01812	0.01767	0.01324	0.00797	0.00629	0.00206	0.00637	0.00606	0.00629	0.01044
13	0.01255	0.01444	0.11245	0.44671	0.14508	0.01364	0.01775	0.01686	0.01347	0.01808	0.01509	0.11625	0.01360	0.00830	0.00677	0.00221	0.00809	0.00744	0.00338	0.00785
14	0.01123	0.01169	0.01330	0.01133	0.01441	0.10531	0.11529	0.01351	0.01557	0.01808	0.05082	0.04937	0.51777	0.01362	0.00753	0.00215	0.00568	0.01165	0.00532	0.00635
15	0.02119	0.01674	0.01884	0.01511	0.01985	0.01866	0.04676	0.41118	0.29535	0.03505	0.01994	0.01930	0.01458	0.00818	0.00669	0.00209	0.00665	0.00661	0.00646	0.01078
16	0.01041	0.00887	0.00955	0.00839	0.01164	0.00780	0.00646	0.01471	0.10812	0.02044	0.08525	0.04555	0.42341	0.01265	0.00694	0.00192	0.00394	0.01054	0.00573	0.19769
17	0.01688	0.01391	0.01617	0.01767	0.14716	0.06845	0.01150	0.14368	0.16965	0.06519	0.02358	0.23256	0.02235	0.01133	0.00707	0.00221	0.00618	0.00982	0.00571	0.00894
18	0.02054	0.01443	0.01786	0.11170	0.07439	0.01563	0.01250	0.32766	0.02225	0.14019	0.02297	0.02335	0.10644	0.00899	0.00759	0.00210	0.04885	0.00707	0.00583	0.00966
19	0.01681	0.01394	0.01547	0.01147	0.01698	0.02930	0.00927	0.19169	0.01808	0.02628	0.01263	0.01417	0.01006	0.00585	0.00573	0.00129	0.02337	0.00447	0.00455	0.56859

[dist]
# distance from previous block
# <min> <max>
0	4

[block]
# block no. 5 follows, 33 sequences, length 6
# corresponding to MSA columns:
# 328-333
name=unknown_F
#
# <colnr> <probs for GDERKNQSTAVLIFYWHMCP>
#	G	D	E	R	K	N	Q	S	T	A	V	L	I	F	Y	W	H	M	C	P
0	0.01951	0.01599	0.03912	0.17044	0.07161	0.11245	0.02874	0.12397	0.04705	0.16386	0.01929	0.06270	0.04369	0.00861	0.00738	0.00211	0.04248	0.00696	0.00508	0.00896
1	0.01973	0.01669	0.05123	0.09542	0.06498	0.05693	0.01295	0.23509	0.18174	0.08768	0.01760	0.01806	0.01293	0.00743	0.00638	0.00195	0.00696	0.00596	0.00550	0.09478
2	0.01661	0.09903	0.06069	0.01782	0.16746	0.01418	0.01245	0.10722	0.05258	0.06136	0.04544	0.05271	0.01460	0.00714	0.00593	0.00167	0.00625	0.00597	0.00454	0.24632
3	0.01626	0.09952	0.07839	0.01708	0.14049	0.05103	0.01244	0.08329	0.05687	0.06936	0.08367	0.08141	0.01978	0.02626	0.00702	0.00201	0.00652	0.03448	0.00482	0.10930
4	0.01802	0.05181	0.16888	0.04977	0.05611	0.05240	0.21346	0.08643	0.01661	0.11264	0.01407	0.01629	0.01031	0.00666	0.00748	0.00204	0.05111	0.00601	0.00411	0.05577
5	0.01631	0.09510	0.19732	0.01446	0.01964	0.07057	0.05539	0.09015	0.08952	0.07188	0.02103	0.12007	0.05182	0.00931	0.00651	0.00205	0.00724	0.00775	0.04516	0.00873

[dist]
# distance from previous block
# <min> <max>
10	30

[block]
# block no. 6 follows, 33 sequences, length 18
# corresponding to MSA columns:
# 366-383
name=unknown_G
#
# <colnr> <probs for GDERKNQSTAVLIFYWHMCP>
#	G	D	E	R	K	N	Q	S	T	A	V	L	I	F	Y	W	H	M	C	P
0	0.01334	0.05930	0.01301	0.01039	0.01310	0.01096	0.00811	0.14655	0.07403	0.02638	0.30499	0.17392	0.05473	0.01255	0.00720	0.00209	0.00455	0.01082	0.00638	0.04761
1	0.00908	0.00916	0.05485	0.00823	0.01102	0.00727	0.00687	0.01286	0.08163	0.01964	0.11545	0.05526	0.55508	0.01499	0.00758	0.00220	0.00391	0.01253	0.00605	0.00634
2	0.07139	0.02460	0.08703	0.11383	0.09792	0.38647	0.01512	0.02246	0.01580	0.01806	0.01055	0.01343	0.00864	0.00702	0.00750	0.00196	0.08218	0.00478	0.00325	0.00801
3	0.02176	0.10693	0.11467	0.01825	0.07674	0.43888	0.01465	0.09585	0.01848	0.01976	0.01105	0.01276	0.00890	0.00664	0.00591	0.00177	0.01028	0.00455	0.00358	0.00859
4	0.09300	0.01844	0.14308	0.01887	0.02383	0.01665	0.21391	0.06646	0.04990	0.08964	0.01360	0.01629	0.01030	0.00771	0.01022	0.00230	0.18667	0.00616	0.00404	0.00891
5	0.00943	0.00760	0.01062	0.00996	0.01178	0.00682	0.06081	0.01134	0.01388	0.01868	0.13091	0.34931	0.15189	0.08825	0.01024	0.00268	0.00456	0.01382	0.00564	0.08178
6	0.01594	0.01645	0.02236	0.11464	0.02400	0.09896	0.12156	0.05302	0.03679	0.01860	0.01169	0.01727	0.01024	0.00935	0.01412	0.00249	0.37476	0.02652	0.00342	0.00780
7	0.08558	0.01676	0.01781	0.01391	0.01870	0.01848	0.01143	0.57870	0.02810	0.03896	0.08977	0.01891	0.01623	0.00835	0.00651	0.00199	0.00664	0.00637	0.00646	0.01035
8	0.01306	0.01107	0.01302	0.00969	0.01496	0.00842	0.00762	0.01580	0.01354	0.02096	0.01429	0.09259	0.01330	0.00653	0.00525	0.00115	0.00476	0.00546	0.00413	0.72438
9	0.01008	0.00825	0.01270	0.04930	0.01494	0.00834	0.08094	0.03651	0.01364	0.01828	0.03058	0.54729	0.03521	0.01733	0.00881	0.00261	0.03852	0.05500	0.00553	0.00615
10	0.01470	0.01487	0.07767	0.42507	0.23001	0.01509	0.01858	0.04677	0.03424	0.04155	0.01292	0.01719	0.00984	0.00652	0.00654	0.00211	0.00833	0.00585	0.00342	0.00873
11	0.04584	0.03642	0.15990	0.01731	0.04180	0.02927	0.15114	0.15330	0.07902	0.09400	0.06499	0.02198	0.05912	0.00794	0.00676	0.00208	0.00767	0.00700	0.00504	0.00941
12	0.06826	0.12897	0.04000	0.16590	0.02334	0.11532	0.05478	0.04811	0.06999	0.05537	0.08403	0.04708	0.03639	0.00808	0.00622	0.00196	0.00741	0.00661	0.00441	0.02778
13	0.06838	0.03080	0.03372	0.01316	0.05069	0.05729	0.00989	0.21012	0.05745	0.03686	0.09155	0.02716	0.02028	0.16266	0.07920	0.00367	0.00765	0.02634	0.00517	0.00795
14	0.14923	0.10109	0.13837	0.01499	0.03222	0.14611	0.02858	0.21302	0.03648	0.02697	0.03190	0.01456	0.01084	0.00694	0.00579	0.00189	0.00799	0.00502	0.00443	0.02358
15	0.08292	0.13665	0.04938	0.01548	0.09166	0.06838	0.01174	0.20720	0.03834	0.06055	0.01796	0.10492	0.03483	0.02554	0.00675	0.00205	0.00681	0.00703	0.00494	0.02687
16	0.03897	0.12281	0.15531	0.13135	0.02559	0.10577	0.06935	0.15607	0.05643	0.02366	0.03007	0.03034	0.01169	0.00715	0.00622	0.00197	0.00845	0.00574	0.00410	0.00895
17	0.04263	0.08016	0.07591	0.05082	0.01958	0.04150	0.05656	0.18935	0.12169	0.02556	0.02210	0.14566	0.04626	0.01038	0.00682	0.00217	0.00677	0.04216	0.00526	0.00867

[dist]
# distance from previous block
# <min> <max>
23	74

[block]
# block no. 7 follows, 33 sequences, length 30
# corresponding to MSA columns:
# 464-493
name=unknown_H
#
# <colnr> <probs for GDERKNQSTAVLIFYWHMCP>
#	G	D	E	R	K	N	Q	S	T	A	V	L	I	F	Y	W	H	M	C	P
0	0.01171	0.01092	0.08442	0.00974	0.01187	0.00906	0.00783	0.10494	0.01413	0.01878	0.02731	0.09685	0.11980	0.39346	0.02052	0.00434	0.00621	0.03740	0.00476	0.00597
1	0.02416	0.01952	0.02030	0.01770	0.08667	0.09483	0.01325	0.57093	0.02818	0.03699	0.01490	0.01544	0.01084	0.00760	0.00651	0.00194	0.00778	0.00575	0.00594	0.01075
2	0.01436	0.01438	0.08180	0.15785	0.02309	0.01174	0.01186	0.07051	0.04475	0.02227	0.01267	0.01507	0.00998	0.00574	0.00555	0.00145	0.00629	0.00468	0.00393	0.48203
3	0.11481	0.03918	0.01850	0.01605	0.08483	0.05992	0.01195	0.33780	0.07628	0.15080	0.01674	0.01665	0.01195	0.00749	0.00620	0.00198	0.00689	0.00571	0.00596	0.01031
4	0.09517	0.01529	0.01653	0.01328	0.01746	0.01692	0.01069	0.39629	0.10635	0.10070	0.01768	0.01978	0.01358	0.08694	0.00981	0.00251	0.03879	0.00633	0.00609	0.00981
5	0.01673	0.01598	0.02264	0.11748	0.44058	0.08200	0.01717	0.09042	0.01654	0.02208	0.01469	0.08608	0.01323	0.00763	0.00666	0.00203	0.00787	0.00692	0.00384	0.00940
6	0.01888	0.01743	0.13430	0.05822	0.02422	0.01458	0.17101	0.15032	0.07253	0.16256	0.09064	0.02145	0.01728	0.00773	0.00694	0.00210	0.00770	0.00705	0.00542	0.00964
7	0.01807	0.18755	0.02430	0.10902	0.23684	0.20860	0.01487	0.02096	0.01526	0.01819	0.01094	0.01376	0.00922	0.00605	0.00571	0.00170	0.00856	0.00473	0.00321	0.08246
8	0.00998	0.00648	0.00811	0.00877	0.01006	0.00581	0.00616	0.01139	0.01380	0.08408	0.04300	0.51774	0.21311	0.01846	0.00808	0.00250	0.00386	0.01636	0.00630	0.00595
9	0.11714	0.08610	0.01892	0.01491	0.01880	0.37113	0.01181	0.15812	0.06871	0.02343	0.01218	0.01341	0.00968	0.00719	0.00646	0.00186	0.04267	0.00473	0.00426	0.00852
10	0.02219	0.17133	0.02294	0.01852	0.13146	0.22266	0.01322	0.18694	0.04071	0.08922	0.01362	0.01460	0.01050	0.00687	0.00593	0.00179	0.00838	0.00507	0.00455	0.00950
11	0.01027	0.00769	0.00991	0.07719	0.01212	0.00863	0.00672	0.01106	0.01006	0.01369	0.01845	0.03626	0.02033	0.55287	0.10345	0.00610	0.07807	0.00861	0.00374	0.00479
12	0.02074	0.01413	0.01734	0.07137	0.04997	0.01566	0.01203	0.18225	0.21962	0.19445	0.03979	0.02080	0.01588	0.00860	0.00821	0.00218	0.08402	0.00666	0.00620	0.01009
13	0.01671	0.25488	0.16979	0.01958	0.08969	0.08602	0.15559	0.02245	0.08740	0.01956	0.01275	0.01480	0.01014	0.00621	0.00598	0.00187	0.00873	0.00534	0.00341	0.00910
14	0.01139	0.08699	0.01235	0.01059	0.01225	0.00961	0.00829	0.07568	0.01475	0.01935	0.02958	0.36840	0.03331	0.07223	0.03016	0.00306	0.00561	0.18454	0.00558	0.00631
15	0.01101	0.08061	0.01161	0.00995	0.01156	0.08401	0.00743	0.01284	0.01485	0.01883	0.17819	0.38788	0.08484	0.01590	0.00761	0.00231	0.00487	0.04382	0.00576	0.00610
16	0.01691	0.33910	0.21718	0.08231	0.02294	0.08074	0.01540	0.02225	0.07998	0.04800	0.01254	0.01402	0.00987	0.00640	0.00546	0.00179	0.00810	0.00465	0.00345	0.00892
17	0.02157	0.16164	0.02194	0.01635	0.06536	0.22076	0.01258	0.21741	0.10908	0.04220	0.01415	0.01499	0.01104	0.00731	0.00653	0.00186	0.03595	0.00521	0.00469	0.00940
18	0.01810	0.01414	0.01589	0.01408	0.04853	0.01551	0.01068	0.29364	0.24785	0.03250	0.18803	0.02660	0.02617	0.00947	0.00690	0.00208	0.00563	0.00784	0.00663	0.00972
19	0.01135	0.00803	0.00911	0.00827	0.00946	0.00788	0.00536	0.07466	0.01287	0.01764	0.09239	0.03844	0.02539	0.54864	0.02567	0.00502	0.00598	0.00895	0.00456	0.08031
20	0.40364	0.01751	0.06787	0.01584	0.11660	0.10198	0.01166	0.12073	0.01577	0.02745	0.01191	0.04049	0.00979	0.00697	0.00533	0.00200	0.00689	0.00497	0.00423	0.00838
21	0.01748	0.04481	0.35159	0.02030	0.11125	0.09810	0.04962	0.05963	0.04183	0.09039	0.01370	0.01540	0.01006	0.00682	0.00700	0.00204	0.04115	0.00537	0.00381	0.00965
22	0.04685	0.19240	0.25362	0.01596	0.02215	0.08186	0.05501	0.09822	0.01588	0.03879	0.01156	0.01353	0.00903	0.00677	0.00718	0.00192	0.07745	0.00483	0.00354	0.04346
23	0.05844	0.21151	0.12270	0.01380	0.01874	0.12903	0.03301	0.06030	0.08792	0.04013	0.01459	0.04887	0.01236	0.01113	0.07358	0.00262	0.00871	0.00560	0.00400	0.04294
24	0.04706	0.04748	0.06365	0.01503	0.06093	0.06069	0.06402	0.12936	0.04278	0.04073	0.04693	0.12071	0.03167	0.01334	0.08285	0.00284	0.00790	0.00776	0.00476	0.10951
25	0.11314	0.08991	0.05772	0.01362	0.01873	0.01426	0.10670	0.11396	0.04539	0.08143	0.06629	0.04969	0.02952	0.00760	0.00605	0.00183	0.00644	0.00643	0.00487	0.16643
26	0.01664	0.03533	0.11750	0.01513	0.05407	0.04671	0.02667	0.20197	0.08614	0.03999	0.05125	0.13252	0.05621	0.01014	0.00743	0.00211	0.03889	0.00833	0.00527	0.04769
27	0.16004	0.17703	0.06319	0.01391	0.07491	0.05824	0.01112	0.05776	0.05125	0.03402	0.05096	0.05204	0.04495	0.00800	0.00600	0.00186	0.02441	0.01770	0.00429	0.08834
28	0.03846	0.10963	0.08676	0.01485	0.04402	0.03138	0.03781	0.25141	0.14271	0.02791	0.01896	0.04493	0.04414	0.03625	0.00729	0.00212	0.00688	0.00660	0.00518	0.04273
29	0.01563	0.01542	0.04491	0.18309	0.04901	0.09517	0.08441	0.14194	0.03443	0.02263	0.04108	0.09086	0.08155	0.01093	0.03747	0.00245	0.00814	0.00800	0.00454	0.02834

[dist]
# distance from previous block
# <min> <max>
4	72

[block]
# block no. 8 follows, 33 sequences, length 21
# corresponding to MSA columns:
# 568-588
name=unknown_I
#
# <colnr> <probs for GDERKNQSTAVLIFYWHMCP>
#	G	D	E	R	K	N	Q	S	T	A	V	L	I	F	Y	W	H	M	C	P
0	0.05178	0.03134	0.10522	0.11497	0.02418	0.01573	0.08408	0.18732	0.09683	0.03719	0.01650	0.01914	0.02965	0.00752	0.00693	0.00201	0.03369	0.02308	0.00467	0.10818
1	0.01810	0.01339	0.01830	0.06097	0.02038	0.01382	0.10199	0.15213	0.12913	0.13851	0.04480	0.05009	0.08208	0.00906	0.00759	0.00208	0.04462	0.00770	0.00573	0.07951
2	0.03947	0.03197	0.01743	0.01619	0.12389	0.03786	0.03188	0.04158	0.04918	0.09043	0.05894	0.03447	0.01484	0.00717	0.00705	0.00167	0.06276	0.00578	0.00456	0.32287
3	0.07591	0.13519	0.09216	0.01307	0.01788	0.05957	0.01164	0.13923	0.17994	0.06224	0.01824	0.08502	0.01522	0.00841	0.00605	0.00195	0.00656	0.00660	0.00513	0.05998
4	0.11344	0.10131	0.01876	0.01316	0.01774	0.04193	0.01092	0.36547	0.03886	0.09168	0.01579	0.04499	0.01243	0.02720	0.00721	0.00206	0.03151	0.00595	0.00561	0.03398
5	0.01827	0.07945	0.06948	0.05249	0.08660	0.11676	0.05627	0.10591	0.11037	0.08450	0.04981	0.06647	0.01670	0.00840	0.00654	0.00200	0.00750	0.02303	0.00493	0.03452
6	0.01593	0.01447	0.04281	0.07728	0.16138	0.06358	0.08018	0.06831	0.05687	0.07716	0.06330	0.12168	0.04182	0.03384	0.00868	0.00231	0.04863	0.00852	0.00478	0.00845
7	0.00835	0.00598	0.00793	0.00894	0.00962	0.00557	0.00614	0.00999	0.01414	0.01925	0.21124	0.58243	0.04827	0.01880	0.00824	0.00252	0.00364	0.01698	0.00640	0.00557
8	0.39795	0.07665	0.06460	0.04342	0.01726	0.01531	0.01027	0.08171	0.05164	0.16371	0.01419	0.01463	0.01019	0.00680	0.00519	0.00200	0.00602	0.00475	0.00497	0.00873
9	0.02443	0.01814	0.01942	0.01503	0.02019	0.02014	0.01237	0.65915	0.07840	0.04052	0.01657	0.01641	0.01181	0.00797	0.00659	0.00199	0.00710	0.00603	0.00659	0.01114
10	0.01458	0.01225	0.01415	0.01019	0.01600	0.00973	0.00819	0.07299	0.01507	0.02309	0.01204	0.01383	0.00987	0.00512	0.00502	0.00106	0.00507	0.00407	0.00412	0.74357
11	0.01094	0.01019	0.07126	0.01126	0.01410	0.00802	0.07970	0.01424	0.01680	0.05756	0.40295	0.13361	0.11697	0.01304	0.00767	0.00218	0.00471	0.01171	0.00626	0.00684
12	0.05395	0.00877	0.01045	0.01062	0.04643	0.00834	0.00760	0.01699	0.08607	0.13604	0.08308	0.17083	0.28635	0.01399	0.00738	0.00227	0.00436	0.03283	0.00633	0.00730
13	0.00976	0.00728	0.00871	0.00919	0.01053	0.00698	0.00653	0.08121	0.01523	0.01988	0.06334	0.50605	0.19423	0.01819	0.00805	0.00248	0.00404	0.01609	0.00620	0.00603
14	0.01949	0.05281	0.08230	0.06199	0.19038	0.29336	0.10104	0.06423	0.03557	0.02023	0.01203	0.01462	0.00960	0.00644	0.00635	0.00190	0.00984	0.00535	0.00354	0.00892
15	0.01774	0.01585	0.02257	0.26964	0.26877	0.08418	0.05040	0.09140	0.01672	0.07966	0.01346	0.01681	0.01023	0.00657	0.00656	0.00203	0.00844	0.00587	0.00391	0.00919
16	0.07389	0.01546	0.02001	0.05518	0.24038	0.05187	0.03560	0.13589	0.06877	0.08002	0.01460	0.01632	0.01118	0.00652	0.00611	0.00183	0.00702	0.00552	0.00460	0.14925
17	0.04273	0.15652	0.05692	0.03244	0.07287	0.04352	0.01164	0.07893	0.11643	0.15472	0.04065	0.02561	0.08863	0.00885	0.00632	0.00200	0.00638	0.04035	0.00538	0.00912
18	0.04629	0.19216	0.02201	0.01535	0.06226	0.13920	0.04353	0.10189	0.08950	0.10533	0.01782	0.01835	0.05461	0.00763	0.00653	0.00187	0.03660	0.00576	0.00469	0.02864
19	0.04926	0.09449	0.01797	0.01406	0.04906	0.04810	0.02318	0.21294	0.10145	0.06311	0.09057	0.05983	0.02031	0.03599	0.00797	0.00219	0.03113	0.04076	0.00556	0.03207
20	0.04006	0.07608	0.01736	0.01396	0.05706	0.08013	0.06599	0.04489	0.06940	0.02129	0.08588	0.09231	0.05469	0.04144	0.00781	0.00201	0.02424	0.00761	0.00462	0.19317

[dist]
# distance from previous block
# <min> <max>
53	101

[block]
# block no. 9 follows, 33 sequences, length 34
# corresponding to MSA columns:
# 707-740
name=unknown_J
#
# <colnr> <probs for GDERKNQSTAVLIFYWHMCP>
#	G	D	E	R	K	N	Q	S	T	A	V	L	I	F	Y	W	H	M	C	P
0	0.02199	0.01449	0.01838	0.01456	0.01899	0.03457	0.07990	0.24925	0.09053	0.22899	0.04498	0.06700	0.01726	0.01059	0.03750	0.00246	0.02476	0.00746	0.00641	0.00994
1	0.01741	0.01682	0.04732	0.04218	0.04406	0.09391	0.21268	0.10267	0.03525	0.06897	0.06116	0.01986	0.01464	0.04638	0.00845	0.00215	0.02719	0.00660	0.00446	0.12787
2	0.02366	0.01903	0.01801	0.01445	0.01915	0.15488	0.01161	0.39516	0.07014	0.10913	0.04070	0.01736	0.01348	0.00779	0.00641	0.00189	0.00753	0.00587	0.00602	0.05774
3	0.03570	0.00998	0.07308	0.03692	0.04816	0.00811	0.00917	0.01392	0.01449	0.06667	0.17380	0.19287	0.09970	0.08660	0.01071	0.03158	0.00517	0.07128	0.00556	0.00653
4	0.01430	0.01437	0.07256	0.04036	0.26001	0.03773	0.01373	0.07985	0.05740	0.02396	0.18494	0.03095	0.10469	0.00963	0.00700	0.00207	0.00628	0.02653	0.00504	0.00862
5	0.02535	0.01923	0.01927	0.01506	0.02011	0.09716	0.01230	0.57647	0.02862	0.09626	0.01605	0.01593	0.01133	0.00780	0.00652	0.00195	0.00761	0.00580	0.00637	0.01081
6	0.01680	0.60793	0.12676	0.01267	0.01848	0.02398	0.01316	0.02012	0.03508	0.01660	0.01003	0.01166	0.00881	0.00615	0.00554	0.00161	0.04915	0.00395	0.00294	0.00861
7	0.00941	0.00698	0.00750	0.00720	0.00953	0.00591	0.00546	0.01131	0.01571	0.06593	0.14629	0.05888	0.59526	0.01571	0.00770	0.00219	0.00346	0.01317	0.00639	0.00601
8	0.01365	0.01170	0.01365	0.00975	0.01560	0.00878	0.00780	0.01658	0.01365	0.02145	0.01170	0.01365	0.00975	0.00488	0.00488	0.00098	0.00488	0.00390	0.00390	0.80888
9	0.00802	0.00573	0.00764	0.00917	0.00955	0.00535	0.00611	0.00917	0.01260	0.01681	0.03628	0.76434	0.04354	0.02062	0.00840	0.00267	0.00382	0.01872	0.00611	0.00535
10	0.00950	0.00640	0.00742	0.00748	0.00757	0.00646	0.00435	0.00970	0.00976	0.01309	0.02114	0.07003	0.02420	0.69212	0.07925	0.00651	0.00702	0.00976	0.00404	0.00417
11	0.00907	0.00664	0.00852	0.00822	0.00973	0.00608	0.00610	0.01189	0.01781	0.02484	0.60911	0.11025	0.11848	0.01434	0.00782	0.00213	0.00319	0.01265	0.00705	0.00608
12	0.01542	0.04950	0.07624	0.02588	0.03223	0.01719	0.59187	0.02067	0.01500	0.02050	0.01276	0.01703	0.00974	0.00599	0.00845	0.00222	0.05998	0.00730	0.00325	0.00880
13	0.01365	0.01170	0.01365	0.00975	0.01560	0.00878	0.00780	0.01658	0.01365	0.02145	0.01170	0.01365	0.00975	0.00488	0.00488	0.00098	0.00488	0.00390	0.00390	0.80888
14	0.03872	0.11657	0.33496	0.01766	0.05274	0.10452	0.05594	0.06916	0.03565	0.09409	0.01347	0.01478	0.00985	0.00656	0.00608	0.00195	0.00883	0.00512	0.00386	0.00950
15	0.01505	0.34459	0.44018	0.01561	0.02362	0.01981	0.01883	0.02037	0.01368	0.01859	0.01069	0.01250	0.00839	0.00599	0.00540	0.00180	0.00860	0.00430	0.00280	0.00919
16	0.00878	0.00605	0.00741	0.00819	0.00838	0.00586	0.00507	0.00937	0.01112	0.01482	0.02865	0.40997	0.03391	0.38814	0.02074	0.00450	0.00508	0.01422	0.00507	0.00468
17	0.38454	0.10065	0.01576	0.01154	0.01533	0.10573	0.00953	0.10523	0.01501	0.04369	0.01288	0.01489	0.03450	0.02850	0.00727	0.00212	0.07603	0.00476	0.00423	0.00781
18	0.04503	0.01532	0.01611	0.01374	0.01792	0.01748	0.01091	0.22631	0.49672	0.03160	0.02307	0.02160	0.01712	0.00854	0.00658	0.00215	0.00579	0.00688	0.00658	0.01053
19	0.00814	0.00668	0.00717	0.00705	0.00912	0.00571	0.00529	0.01015	0.01587	0.01983	0.22250	0.06000	0.56782	0.01591	0.00778	0.00219	0.00328	0.01342	0.00638	0.00571
20	0.01449	0.01389	0.02359	0.37540	0.18732	0.03846	0.13432	0.01866	0.01428	0.04144	0.01441	0.01898	0.03134	0.00828	0.03544	0.00245	0.00915	0.00644	0.00337	0.00828
21	0.00869	0.00677	0.00799	0.00828	0.01005	0.00607	0.00642	0.01090	0.01567	0.02008	0.21253	0.12531	0.38050	0.01655	0.00808	0.00238	0.00383	0.13776	0.00637	0.00579
22	0.01388	0.12991	0.53160	0.04016	0.02633	0.01649	0.04111	0.02106	0.05316	0.02058	0.03784	0.01554	0.01100	0.00657	0.00612	0.00201	0.00889	0.00520	0.00318	0.00937
23	0.01121	0.00774	0.00922	0.00866	0.01084	0.00723	0.00655	0.01517	0.08392	0.08517	0.34553	0.10412	0.25135	0.01408	0.00762	0.00218	0.00365	0.01214	0.00685	0.00679
24	0.01082	0.00840	0.00985	0.03167	0.01237	0.00843	0.00730	0.08426	0.08719	0.02160	0.10510	0.34666	0.20897	0.01604	0.00777	0.00237	0.00427	0.01402	0.00623	0.00666
25	0.02503	0.01844	0.01976	0.01515	0.02042	0.02042	0.01251	0.70562	0.03095	0.04149	0.01581	0.01581	0.01120	0.00790	0.00659	0.00198	0.00724	0.00593	0.00659	0.01120
26	0.01717	0.01454	0.01533	0.01356	0.01742	0.01675	0.01061	0.09667	0.65269	0.02882	0.02578	0.02376	0.01928	0.00884	0.00669	0.00221	0.00540	0.00730	0.00669	0.01049
27	0.00809	0.00576	0.00762	0.00907	0.00944	0.00540	0.00601	0.00919	0.01246	0.01662	0.03557	0.73099	0.04263	0.05521	0.00956	0.00285	0.00394	0.01829	0.00601	0.00528
28	0.00992	0.00765	0.01093	0.01065	0.01152	0.00907	0.00811	0.01178	0.01036	0.01491	0.01729	0.02767	0.01697	0.16774	0.55222	0.00912	0.08749	0.00736	0.00354	0.00569
29	0.01367	0.01347	0.01796	0.14562	0.08777	0.08569	0.07262	0.03796	0.01396	0.01800	0.02167	0.11218	0.10145	0.05592	0.03679	0.00284	0.14263	0.00861	0.00400	0.00719
30	0.01643	0.42086	0.27479	0.01436	0.02114	0.06598	0.01582	0.02152	0.06016	0.01818	0.01130	0.01272	0.00918	0.00614	0.00520	0.00171	0.00815	0.00429	0.00309	0.00897
31	0.05959	0.01768	0.01869	0.01493	0.01941	0.18774	0.10676	0.06675	0.06252	0.06179	0.03252	0.04282	0.01299	0.00723	0.00680	0.00176	0.04232	0.00584	0.00442	0.22741
32	0.08181	0.32531	0.26522	0.01571	0.06002	0.01912	0.03952	0.02005	0.03660	0.01946	0.01247	0.05476	0.01081	0.00684	0.00546	0.00184	0.00773	0.00523	0.00326	0.00879
33	0.01986	0.12376	0.04103	0.05870	0.06622	0.10012	0.03543	0.26314	0.03959	0.05921	0.01719	0.07329	0.03421	0.00850	0.00683	0.00198	0.03002	0.00669	0.00497	0.00926

[dist]
# distance from previous block
# <min> <max>
0	26

[block]
# block no. 10 follows, 33 sequences, length 38
# corresponding to MSA columns:
# 767-804
name=unknown_K
#
# <colnr> <probs for GDERKNQSTAVLIFYWHMCP>
#	G	D	E	R	K	N	Q	S	T	A	V	L	I	F	Y	W	H	M	C	P
0	0.01719	0.18284	0.28078	0.01662	0.02331	0.04979	0.09833	0.06521	0.01569	0.08797	0.03127	0.01542	0.01096	0.00674	0.00677	0.00193	0.04395	0.00532	0.00379	0.03613
1	0.01802	0.03479	0.01782	0.10675	0.08693	0.13779	0.03929	0.07179	0.01623	0.12200	0.01712	0.09544	0.01475	0.01137	0.05797	0.00257	0.03917	0.00701	0.03834	0.06487
2	0.01802	0.01540	0.01852	0.04876	0.07579	0.08900	0.08740	0.26411	0.02026	0.02693	0.01811	0.11993	0.01630	0.04668	0.02788	0.00248	0.00764	0.00791	0.08028	0.00858
3	0.00894	0.00733	0.00797	0.00792	0.00996	0.00674	0.00588	0.01250	0.08660	0.02008	0.16753	0.14058	0.46263	0.01583	0.00774	0.00225	0.00355	0.01348	0.00636	0.00614
4	0.00802	0.00573	0.00764	0.00917	0.00955	0.00535	0.00611	0.00917	0.01260	0.01681	0.03628	0.76434	0.04354	0.02062	0.00840	0.00267	0.00382	0.01872	0.00611	0.00535
5	0.00908	0.00634	0.00711	0.00733	0.00788	0.00606	0.00452	0.00968	0.01124	0.01473	0.03226	0.14950	0.16801	0.48565	0.02380	0.00486	0.00529	0.01164	0.03045	0.00457
