[name]
unknown

[dist]
# distance from previous block
# <min> <max>
12	79

[block]
# block no. 0 follows, 34 sequences, length 34
# corresponding to MSA columns:
# 91-124
name=unknown_A
#
# <colnr> <probs for GDERKNQSTAVLIFYWHMCP>
#	G	D	E	R	K	N	Q	S	T	A	V	L	I	F	Y	W	H	M	C	P
0	0.14281	0.01503	0.05241	0.01506	0.08128	0.07137	0.05768	0.12008	0.03525	0.10869	0.10228	0.04255	0.04953	0.00819	0.00620	0.00192	0.00640	0.00675	0.00515	0.07137
1	0.12327	0.12445	0.04194	0.01876	0.17325	0.01547	0.07312	0.04079	0.10309	0.02201	0.01523	0.08516	0.01354	0.00757	0.00627	0.00190	0.02716	0.00641	0.00408	0.09651
2	0.01426	0.08348	0.16693	0.02209	0.18696	0.01452	0.14835	0.01908	0.04577	0.04282	0.03507	0.11931	0.03233	0.00852	0.00716	0.00209	0.03084	0.00784	0.00391	0.00868
3	0.04857	0.07612	0.28866	0.03919	0.04095	0.01483	0.11673	0.06208	0.06988	0.02234	0.06884	0.02298	0.04344	0.00793	0.00653	0.00208	0.00785	0.04829	0.00405	0.00868
4	0.06499	0.05997	0.08761	0.01846	0.14189	0.06287	0.07394	0.07856	0.07513	0.02288	0.04391	0.02303	0.03450	0.00782	0.00629	0.00192	0.00709	0.06932	0.00432	0.11553
5	0.03723	0.04322	0.27901	0.01996	0.13638	0.04059	0.07211	0.07714	0.04835	0.08317	0.06355	0.01967	0.01457	0.00729	0.00644	0.00203	0.00794	0.02779	0.00423	0.00933
6	0.01487	0.01959	0.22931	0.02178	0.21594	0.03398	0.03796	0.08988	0.04274	0.02256	0.05297	0.01987	0.01417	0.02985	0.05912	0.00265	0.00845	0.02317	0.00389	0.05725
7	0.01335	0.07276	0.05036	0.01167	0.03422	0.05788	0.04155	0.05447	0.01685	0.07359	0.25742	0.11676	0.14979	0.01186	0.00704	0.00204	0.00526	0.01019	0.00573	0.00720
8	0.01483	0.07036	0.16860	0.01397	0.06035	0.03245	0.01243	0.08676	0.01568	0.04581	0.05554	0.09605	0.01599	0.00776	0.00590	0.00166	0.00635	0.00640	0.00429	0.27883
9	0.01595	0.04460	0.06382	0.08409	0.09040	0.09504	0.01182	0.05864	0.11280	0.09518	0.08946	0.10741	0.08382	0.00994	0.00670	0.00206	0.00644	0.00836	0.00520	0.00828
10	0.00813	0.00646	0.00721	0.00722	0.00896	0.00564	0.00528	0.01002	0.01522	0.01938	0.23453	0.12582	0.45984	0.04670	0.00872	0.00235	0.00338	0.01341	0.00621	0.00554
11	0.01445	0.10432	0.10029	0.05110	0.04584	0.06568	0.01218	0.04738	0.11402	0.03748	0.07357	0.06483	0.10469	0.01019	0.00820	0.00213	0.09044	0.04062	0.00466	0.00794
12	0.00766	0.00646	0.00663	0.00677	0.00879	0.00544	0.00501	0.00925	0.01451	0.01737	0.06268	0.12788	0.66609	0.01672	0.00769	0.00222	0.00332	0.01408	0.00600	0.00544
13	0.01340	0.01148	0.01340	0.00957	0.01531	0.00861	0.00766	0.01627	0.01340	0.02105	0.01148	0.01340	0.00957	0.00479	0.00479	0.00096	0.00479	0.00383	0.00383	0.81242
14	0.01361	0.03764	0.08603	0.11583	0.32595	0.03022	0.01554	0.01701	0.01379	0.03632	0.01786	0.19072	0.01768	0.01121	0.03984	0.00248	0.00750	0.00855	0.00388	0.00833
15	0.01340	0.01148	0.01340	0.00957	0.01531	0.00861	0.00766	0.01627	0.01340	0.02105	0.01148	0.01340	0.00957	0.00479	0.00479	0.00096	0.00479	0.00383	0.00383	0.81242
16	0.01531	0.05851	0.33688	0.10473	0.06563	0.10418	0.06364	0.05894	0.05223	0.02075	0.02972	0.01683	0.03076	0.00682	0.00628	0.00199	0.00888	0.00559	0.00348	0.00887
17	0.02037	0.01601	0.01703	0.01402	0.01844	0.01808	0.01127	0.37662	0.37166	0.03395	0.02084	0.01976	0.01531	0.00826	0.00652	0.00206	0.00612	0.00655	0.00652	0.01061
18	0.01663	0.01423	0.01928	0.05438	0.22493	0.04212	0.05590	0.17181	0.09500	0.04493	0.02135	0.13503	0.05681	0.00945	0.00684	0.00210	0.00675	0.00839	0.00500	0.00905
19	0.04970	0.19557	0.24978	0.01375	0.01987	0.04592	0.01442	0.07725	0.03711	0.15225	0.04843	0.01651	0.01278	0.00740	0.00635	0.02682	0.00735	0.00523	0.00440	0.00910
20	0.01509	0.01810	0.07251	0.02637	0.03279	0.01641	0.64654	0.02048	0.01495	0.02048	0.01281	0.01711	0.00967	0.00572	0.00810	0.00220	0.04135	0.00740	0.00322	0.00869
21	0.00803	0.00573	0.00768	0.00918	0.00962	0.00538	0.00627	0.00927	0.01252	0.01667	0.03553	0.72591	0.04239	0.02010	0.00829	0.00265	0.00388	0.05962	0.00599	0.00529
22	0.01433	0.18057	0.54410	0.01723	0.02562	0.04508	0.04775	0.02045	0.01378	0.01925	0.01107	0.01306	0.00827	0.00601	0.00579	0.00190	0.00916	0.00460	0.00278	0.00919
23	0.01583	0.04517	0.03684	0.02605	0.03237	0.05866	0.64432	0.02094	0.01535	0.02022	0.01275	0.01685	0.00967	0.00552	0.00740	0.00212	0.01080	0.00728	0.00325	0.00863
24	0.00787	0.00562	0.00750	0.00900	0.00937	0.00525	0.00600	0.00900	0.01237	0.01649	0.03561	0.76871	0.04274	0.02024	0.00825	0.00262	0.00375	0.01837	0.00600	0.00525
25	0.00789	0.00615	0.00709	0.00769	0.00899	0.00544	0.00540	0.00934	0.01376	0.01739	0.09209	0.35735	0.37434	0.04549	0.00882	0.00251	0.00357	0.01535	0.00599	0.00535
26	0.01098	0.00968	0.01114	0.01095	0.01230	0.09434	0.00838	0.01310	0.01126	0.01497	0.01660	0.02463	0.01561	0.07986	0.62487	0.00916	0.01609	0.00672	0.00347	0.00588
27	0.01220	0.01148	0.01938	0.75739	0.04450	0.01436	0.01794	0.01651	0.01292	0.01651	0.01148	0.01723	0.00861	0.00646	0.00646	0.00215	0.00861	0.00574	0.00287	0.00718
28	0.00923	0.00692	0.01038	0.01038	0.01154	0.00808	0.00808	0.01154	0.01038	0.01500	0.01731	0.02538	0.01615	0.04846	0.74732	0.01038	0.01731	0.00692	0.00346	0.00577
29	0.01298	0.01228	0.02079	0.60913	0.18665	0.01456	0.01833	0.01719	0.01329	0.01746	0.01162	0.01697	0.00895	0.00631	0.00645	0.00210	0.00842	0.00575	0.00294	0.00781
30	0.02404	0.01043	0.01381	0.01106	0.01528	0.00951	0.00900	0.05205	0.04115	0.53321	0.07011	0.02622	0.06241	0.01261	0.07553	0.00280	0.00636	0.00729	0.00730	0.00984
31	0.00779	0.00651	0.00678	0.00680	0.00884	0.00550	0.00507	0.00953	0.01495	0.01819	0.12548	0.09247	0.63744	0.01625	0.00766	0.00219	0.00327	0.01367	0.00610	0.00550
32	0.01373	0.01132	0.01647	0.01339	0.01654	0.01140	0.15196	0.16075	0.04407	0.02343	0.06286	0.13167	0.12234	0.10143	0.03726	0.00292	0.00662	0.00985	0.05465	0.00734
33	0.03813	0.13228	0.17207	0.01811	0.02363	0.11704	0.18411	0.04806	0.05041	0.05308	0.01247	0.01477	0.00966	0.00680	0.00782	0.00202	0.09178	0.00550	0.00357	0.00870

[dist]
# distance from previous block
# <min> <max>
0	12

[block]
# block no. 1 follows, 34 sequences, length 37
# corresponding to MSA columns:
# 137-173
name=unknown_B
#
# <colnr> <probs for GDERKNQSTAVLIFYWHMCP>
#	G	D	E	R	K	N	Q	S	T	A	V	L	I	F	Y	W	H	M	C	P
0	0.01652	0.07922	0.04055	0.09785	0.05088	0.19585	0.06739	0.05107	0.04620	0.01797	0.01248	0.01667	0.01068	0.03171	0.11443	0.00333	0.13048	0.00561	0.00345	0.00767
1	0.04745	0.01167	0.01465	0.07623	0.06370	0.01013	0.00948	0.03994	0.01429	0.10561	0.01364	0.01626	0.01090	0.04262	0.00661	0.00157	0.00554	0.00475	0.00429	0.50068
2	0.01578	0.20241	0.14358	0.07254	0.32423	0.04273	0.01720	0.03812	0.01474	0.01983	0.04242	0.01556	0.01148	0.00622	0.00585	0.00182	0.00778	0.00524	0.00326	0.00920
3	0.01711	0.09295	0.34029	0.03849	0.07122	0.05166	0.01779	0.08746	0.03791	0.09887	0.01338	0.01496	0.00985	0.00698	0.00735	0.00202	0.07326	0.00516	0.00385	0.00942
4	0.02343	0.02912	0.01789	0.01616	0.01948	0.68231	0.01217	0.05237	0.01879	0.01729	0.04495	0.01357	0.01097	0.00702	0.00594	0.00169	0.01106	0.00459	0.00364	0.00756
5	0.01434	0.01631	0.10492	0.21377	0.38754	0.01481	0.08748	0.01879	0.01420	0.01972	0.01389	0.01780	0.03490	0.00632	0.00655	0.00203	0.00828	0.00611	0.00317	0.00908
6	0.01009	0.00661	0.00865	0.00899	0.01015	0.00625	0.00638	0.01241	0.03564	0.07016	0.24700	0.42281	0.04427	0.04665	0.03014	0.00275	0.00418	0.01447	0.00635	0.00603
7	0.01296	0.03342	0.73944	0.01842	0.02797	0.01501	0.02387	0.02046	0.01364	0.02046	0.01160	0.01364	0.00818	0.00614	0.00614	0.00205	0.00955	0.00477	0.00273	0.00955
8	0.00813	0.00664	0.00724	0.00731	0.00932	0.00575	0.00563	0.01011	0.01528	0.01891	0.16180	0.06115	0.56192	0.01604	0.00776	0.00224	0.00350	0.07953	0.00616	0.00560
9	0.09611	0.18398	0.22195	0.04642	0.10459	0.16001	0.01581	0.04502	0.01490	0.01989	0.01126	0.01428	0.00923	0.00643	0.00557	0.00184	0.00852	0.02236	0.00325	0.00857
10	0.02681	0.01128	0.01483	0.01164	0.01627	0.01023	0.00950	0.09921	0.01921	0.60679	0.02530	0.08249	0.01767	0.00898	0.00664	0.00204	0.00552	0.00740	0.00768	0.01052
11	0.00770	0.00630	0.00680	0.00721	0.00890	0.00540	0.00520	0.00920	0.01409	0.01720	0.05742	0.25238	0.54499	0.01741	0.00780	0.00230	0.00340	0.01491	0.00600	0.00540
12	0.01296	0.03342	0.73944	0.01842	0.02797	0.01501	0.02387	0.02046	0.01364	0.02046	0.01160	0.01364	0.00818	0.00614	0.00614	0.00205	0.00955	0.00477	0.00273	0.00955
13	0.03457	0.09294	0.05513	0.31441	0.05936	0.12706	0.14291	0.02034	0.04009	0.03545	0.01215	0.01574	0.00934	0.00628	0.00628	0.00199	0.00904	0.00560	0.00329	0.00804
14	0.01167	0.00870	0.01034	0.00956	0.01179	0.00885	0.00727	0.01864	0.20710	0.05365	0.44943	0.06766	0.08505	0.01224	0.00732	0.00210	0.00374	0.01065	0.00690	0.00734
15	0.00897	0.00608	0.00717	0.00759	0.00770	0.00598	0.00450	0.00928	0.01023	0.01364	0.02464	0.24633	0.02890	0.56150	0.02597	0.00524	0.00556	0.01192	0.00450	0.00429
16	0.11611	0.01229	0.01438	0.09265	0.01848	0.01352	0.01034	0.17191	0.12627	0.12983	0.05381	0.05923	0.04827	0.01185	0.05620	0.00267	0.02480	0.02304	0.00570	0.00867
17	0.01683	0.09730	0.12050	0.08230	0.20778	0.02979	0.12848	0.09607	0.05935	0.05438	0.01361	0.01617	0.01048	0.00681	0.00691	0.02618	0.00813	0.00579	0.00384	0.00929
18	0.00830	0.00663	0.00746	0.00752	0.00930	0.00589	0.00553	0.01069	0.03562	0.01972	0.22743	0.16924	0.43173	0.01596	0.00770	0.00221	0.00334	0.01371	0.00630	0.00572
19	0.02417	0.01790	0.01917	0.01479	0.01989	0.01985	0.01219	0.67987	0.06222	0.04009	0.01601	0.01591	0.01139	0.00780	0.00647	0.00195	0.00702	0.00589	0.00647	0.01095
20	0.01591	0.07886	0.11221	0.15900	0.14408	0.11692	0.12865	0.02042	0.03899	0.03538	0.02822	0.01645	0.01088	0.00776	0.02829	0.00224	0.03811	0.00577	0.00338	0.00848
21	0.01578	0.38460	0.18910	0.01862	0.08453	0.02038	0.16471	0.01992	0.01383	0.01805	0.01071	0.01309	0.00876	0.00566	0.00553	0.00175	0.00841	0.00484	0.00290	0.00883
22	0.01506	0.01754	0.05697	0.02584	0.03174	0.01668	0.61208	0.02012	0.01461	0.02012	0.01252	0.01695	0.00961	0.00611	0.00908	0.00225	0.09363	0.00732	0.00320	0.00856
23	0.01741	0.62331	0.08360	0.01289	0.01870	0.04248	0.06140	0.02012	0.01364	0.04140	0.01007	0.01154	0.00866	0.00568	0.00466	0.00152	0.00746	0.00397	0.00300	0.00849
24	0.01257	0.03489	0.20353	0.05477	0.07752	0.01077	0.05514	0.01652	0.01479	0.07411	0.14854	0.17177	0.07634	0.01094	0.00702	0.00215	0.00632	0.00968	0.00485	0.00776
25	0.00927	0.00678	0.00968	0.00968	0.01059	0.00769	0.00720	0.01108	0.01018	0.01448	0.01795	0.02896	0.01771	0.20186	0.59604	0.00951	0.01497	0.00745	0.00356	0.00538
26	0.01362	0.04151	0.08748	0.01295	0.05491	0.16126	0.01023	0.01623	0.01565	0.04687	0.15154	0.16530	0.15265	0.01219	0.00702	0.00209	0.00624	0.03018	0.00511	0.00697
27	0.01601	0.02176	0.31054	0.01991	0.10048	0.01439	0.12274	0.04241	0.10998	0.10615	0.01648	0.03959	0.01245	0.00825	0.02794	0.00232	0.00846	0.00635	0.00422	0.00956
28	0.01486	0.08006	0.04503	0.30741	0.22560	0.08207	0.08128	0.01870	0.01424	0.01815	0.01382	0.01766	0.04044	0.00653	0.00634	0.00198	0.00850	0.00590	0.00316	0.00828
29	0.00822	0.00619	0.00877	0.00961	0.01036	0.00575	0.03488	0.00963	0.01284	0.01711	0.06597	0.67906	0.06887	0.01918	0.00817	0.00256	0.00399	0.01745	0.00593	0.00544
30	0.03885	0.13751	0.17822	0.03625	0.07575	0.10475	0.10030	0.06359	0.01550	0.05223	0.01653	0.09905	0.03786	0.00809	0.00627	0.00196	0.00808	0.00686	0.00390	0.00846
31	0.01671	0.07252	0.25867	0.06101	0.10654	0.03742	0.11251	0.07218	0.07001	0.09053	0.01491	0.03279	0.01128	0.00680	0.00639	0.00201	0.00832	0.00596	0.00403	0.00944
32	0.00785	0.00573	0.00739	0.00872	0.00930	0.00527	0.00587	0.00903	0.01264	0.01660	0.03900	0.68842	0.12083	0.01980	0.00818	0.00257	0.00369	0.01783	0.00600	0.00527
33	0.01308	0.01285	0.02047	0.65842	0.07113	0.04988	0.04963	0.01729	0.01336	0.01686	0.01151	0.01692	0.00872	0.00639	0.00648	0.00212	0.00883	0.00575	0.00292	0.00739
34	0.02008	0.07920	0.12288	0.02026	0.14571	0.16663	0.05122	0.17107	0.01862	0.08065	0.01302	0.01469	0.00991	0.00689	0.00700	0.00192	0.05137	0.00528	0.00420	0.00939
35	0.03581	0.08029	0.07702	0.01354	0.01778	0.14686	0.01165	0.16924	0.04772	0.16128	0.04503	0.05274	0.01513	0.03143	0.02768	0.00231	0.04404	0.00632	0.00521	0.00892
36	0.01500	0.00938	0.01288	0.06969	0.10224	0.00891	0.00982	0.01799	0.03465	0.19853	0.06826	0.07356	0.23951	0.01225	0.00728	0.00222	0.00518	0.09889	0.00598	0.00776

[dist]
# distance from previous block
# <min> <max>
2	8

[block]
# block no. 2 follows, 34 sequences, length 36
# corresponding to MSA columns:
# 182-217
name=unknown_C
#
# <colnr> <probs for GDERKNQSTAVLIFYWHMCP>
#	G	D	E	R	K	N	Q	S	T	A	V	L	I	F	Y	W	H	M	C	P
0	0.01472	0.01002	0.02709	0.01093	0.03181	0.00966	0.00838	0.10871	0.06784	0.12111	0.21164	0.05537	0.08138	0.10111	0.03378	0.00286	0.00539	0.05697	0.03369	0.00754
1	0.04854	0.03461	0.15745	0.01902	0.12965	0.06925	0.09276	0.08336	0.03482	0.06240	0.05740	0.01982	0.04660	0.00752	0.00702	0.00197	0.04419	0.00627	0.04734	0.02999
2	0.00957	0.03143	0.01080	0.01007	0.01132	0.00832	0.00783	0.01143	0.01051	0.01482	0.01878	0.02614	0.04855	0.04351	0.63119	0.07423	0.01538	0.00702	0.00350	0.00560
3	0.01791	0.64518	0.06914	0.01204	0.01760	0.07657	0.01190	0.05532	0.01441	0.01683	0.00953	0.01089	0.00843	0.00576	0.00449	0.00147	0.00740	0.00370	0.00299	0.00844
4	0.06382	0.27162	0.18504	0.01595	0.04823	0.09689	0.06543	0.10831	0.03127	0.04038	0.01172	0.01322	0.00917	0.00623	0.00551	0.00178	0.00816	0.00468	0.00363	0.00897
5	0.05749	0.21002	0.21069	0.03617	0.09894	0.07409	0.03304	0.03637	0.03669	0.10561	0.03437	0.01535	0.01136	0.00652	0.00569	0.00184	0.00777	0.00505	0.00387	0.00906
6	0.00982	0.00690	0.00974	0.01055	0.03672	0.00642	0.02651	0.01176	0.01438	0.05599	0.19291	0.46599	0.07050	0.01684	0.00793	0.00241	0.00408	0.03833	0.00618	0.00605
7	0.00827	0.00581	0.00745	0.00852	0.00887	0.00551	0.00554	0.00923	0.01198	0.01605	0.06433	0.57415	0.03931	0.18696	0.01369	0.00340	0.00427	0.01607	0.00559	0.00499
8	0.08542	0.01924	0.10071	0.05007	0.19406	0.10518	0.16111	0.11683	0.01708	0.04683	0.01329	0.01692	0.01046	0.00660	0.00645	0.00201	0.00865	0.02606	0.00393	0.00913
9	0.01597	0.01780	0.08157	0.16141	0.47778	0.09458	0.01903	0.01995	0.01470	0.01967	0.01176	0.01555	0.00958	0.00601	0.00633	0.00194	0.00842	0.00550	0.00312	0.00935
10	0.01512	0.01705	0.03599	0.02604	0.03182	0.01674	0.62834	0.02010	0.01463	0.02010	0.01254	0.01705	0.00965	0.00613	0.00920	0.00225	0.09812	0.00740	0.00322	0.00852
11	0.00809	0.00595	0.00762	0.00881	0.00960	0.00549	0.00618	0.00951	0.01316	0.01722	0.06529	0.57458	0.15193	0.01918	0.00818	0.00256	0.00383	0.07142	0.00603	0.00537
12	0.00827	0.00616	0.00782	0.00855	0.00961	0.00570	0.00613	0.01003	0.01405	0.01863	0.17839	0.41477	0.18101	0.01929	0.04297	0.00280	0.00427	0.04994	0.00610	0.00552
13	0.02723	0.01200	0.01535	0.01184	0.01673	0.01110	0.00975	0.14634	0.02034	0.58431	0.02568	0.02279	0.04889	0.00835	0.00655	0.00200	0.00567	0.00672	0.00764	0.01073
14	0.00792	0.00564	0.00748	0.00893	0.00929	0.00528	0.00593	0.00901	0.01227	0.01636	0.03509	0.74383	0.04208	0.04602	0.00909	0.00275	0.00383	0.01806	0.00593	0.00520
15	0.01531	0.01725	0.03709	0.02831	0.09452	0.01625	0.64923	0.02062	0.01520	0.02073	0.01299	0.01730	0.00984	0.00547	0.00752	0.00216	0.01061	0.00746	0.00326	0.00885
16	0.00808	0.00575	0.00765	0.00909	0.00952	0.00541	0.00617	0.00927	0.01240	0.01651	0.03495	0.70081	0.04168	0.04879	0.00923	0.00278	0.00397	0.05679	0.00592	0.00524
17	0.00785	0.00570	0.00741	0.00878	0.00932	0.00527	0.00590	0.00902	0.01258	0.01658	0.03821	0.70729	0.10248	0.01991	0.00819	0.00259	0.00371	0.01796	0.00600	0.00527
18	0.03755	0.11258	0.40171	0.01615	0.02365	0.01787	0.01814	0.24946	0.01907	0.02680	0.01253	0.01381	0.00910	0.00660	0.00597	0.00193	0.00832	0.00494	0.00400	0.00982
19	0.01572	0.01470	0.02434	0.19120	0.54156	0.01543	0.01896	0.06209	0.01530	0.02135	0.01222	0.01623	0.00994	0.00603	0.00641	0.00197	0.00784	0.00576	0.00333	0.00963
20	0.01782	0.71794	0.03263	0.01150	0.01685	0.08250	0.01117	0.01986	0.01354	0.01525	0.00906	0.01047	0.00829	0.00562	0.00428	0.00140	0.00728	0.00351	0.00281	0.00823
21	0.00985	0.00740	0.00942	0.01030	0.01170	0.00740	0.00805	0.01384	0.09632	0.01957	0.08970	0.31424	0.09243	0.01718	0.00821	0.00262	0.00463	0.26484	0.00613	0.00617
22	0.06730	0.60232	0.02982	0.01167	0.01676	0.08160	0.03580	0.01967	0.01351	0.01676	0.00983	0.01144	0.00869	0.00575	0.00442	0.00148	0.00712	0.00380	0.04421	0.00805
23	0.00820	0.00633	0.00727	0.00747	0.00890	0.00564	0.00530	0.00988	0.01448	0.01864	0.20267	0.20674	0.36314	0.09353	0.01033	0.00266	0.00363	0.01377	0.00604	0.00540
24	0.01340	0.01148	0.01340	0.00957	0.01531	0.00861	0.00766	0.01627	0.01340	0.02105	0.01148	0.01340	0.00957	0.00479	0.00479	0.00096	0.00479	0.00383	0.00383	0.81242
25	0.01606	0.43471	0.24415	0.01331	0.01981	0.02023	0.01461	0.03793	0.03675	0.04059	0.03997	0.01388	0.01108	0.00624	0.00511	0.00166	0.00740	0.00447	0.00333	0.02871
26	0.25256	0.08655	0.17557	0.03181	0.01869	0.11595	0.01283	0.06055	0.01410	0.04422	0.01161	0.01399	0.00922	0.01134	0.09193	0.00291	0.02994	0.00461	0.00366	0.00797
27	0.00809	0.00577	0.00743	0.00863	0.00905	0.00541	0.00569	0.00914	0.01223	0.01627	0.05323	0.62843	0.06691	0.11749	0.01140	0.00306	0.00404	0.01685	0.00576	0.00511
28	0.00797	0.00576	0.00747	0.00872	0.00927	0.00534	0.00586	0.00919	0.01275	0.01692	0.07278	0.65837	0.09172	0.04384	0.00897	0.00268	0.00376	0.01740	0.00599	0.00526
29	0.03552	0.09092	0.21511	0.04154	0.04697	0.07736	0.06005	0.09299	0.03447	0.04433	0.03486	0.10261	0.01556	0.00977	0.02658	0.00229	0.03046	0.02604	0.00414	0.00845
30	0.10438	0.29636	0.10983	0.01287	0.01781	0.01823	0.04738	0.11783	0.01562	0.04522	0.03392	0.08559	0.01392	0.02474	0.00658	0.00196	0.02926	0.00610	0.00408	0.00832
31	0.01441	0.17030	0.08334	0.01352	0.05792	0.03907	0.02834	0.09981	0.01515	0.02027	0.03267	0.15191	0.01783	0.06163	0.06412	0.00275	0.00731	0.00767	0.00420	0.10778
32	0.01670	0.20588	0.17577	0.01442	0.05480	0.07810	0.01321	0.04257	0.05095	0.09674	0.04078	0.03936	0.03543	0.07415	0.00867	0.00225	0.03158	0.00609	0.00414	0.00841
33	0.08260	0.11864	0.08332	0.01315	0.04391	0.05331	0.02623	0.09606	0.12162	0.04435	0.04064	0.06592	0.09795	0.00876	0.00605	0.00189	0.00618	0.00703	0.00482	0.07756
34	0.01475	0.14817	0.18493	0.01397	0.03564	0.06204	0.03090	0.09316	0.05438	0.02249	0.16328	0.05911	0.02332	0.03177	0.00719	0.00209	0.00687	0.03313	0.00463	0.00817
35	0.03748	0.12530	0.10748	0.01494	0.01981	0.14108	0.10560	0.12895	0.01726	0.02201	0.03673	0.08605	0.06660	0.00843	0.00626	0.00189	0.00778	0.00701	0.00425	0.05510

[dist]
# distance from previous block
# <min> <max>
0	24

[block]
# block no. 3 follows, 34 sequences, length 36
# corresponding to MSA columns:
# 242-277
name=unknown_D
#
# <colnr> <probs for GDERKNQSTAVLIFYWHMCP>
#	G	D	E	R	K	N	Q	S	T	A	V	L	I	F	Y	W	H	M	C	P
0	0.08117	0.01807	0.16368	0.03306	0.03549	0.07210	0.03066	0.11090	0.07024	0.11956	0.05128	0.02315	0.10325	0.00846	0.00666	0.00200	0.02380	0.00669	0.00502	0.03474
1	0.06038	0.09075	0.05541	0.01344	0.01779	0.11316	0.04630	0.17208	0.11556	0.06012	0.09353	0.04909	0.03750	0.00843	0.00624	0.00191	0.00680	0.00676	0.00523	0.03952
2	0.01860	0.07069	0.15933	0.01680	0.08272	0.07295	0.02987	0.15355	0.08875	0.10827	0.05341	0.01874	0.02842	0.00767	0.00697	0.00197	0.04301	0.00600	0.00487	0.02743
3	0.09162	0.07051	0.09989	0.01588	0.06248	0.01589	0.08045	0.20687	0.06017	0.02628	0.01667	0.03364	0.04170	0.02735	0.00735	0.00206	0.03363	0.02352	0.00459	0.07946
4	0.01692	0.10161	0.08149	0.01641	0.11337	0.11949	0.01229	0.09260	0.11114	0.05316	0.09475	0.06650	0.01915	0.03394	0.00715	0.00204	0.00692	0.00691	0.00477	0.03939
5	0.08558	0.18104	0.06967	0.01425	0.04994	0.13823	0.03810	0.06736	0.11350	0.02165	0.03886	0.01777	0.04931	0.00714	0.00563	0.00175	0.00716	0.00545	0.00418	0.08345
6	0.01754	0.01440	0.04536	0.01290	0.01666	0.05762	0.03681	0.19622	0.09496	0.09615	0.07085	0.07962	0.04420	0.06205	0.02405	0.00246	0.04044	0.00771	0.00554	0.07449
7	0.04280	0.07224	0.07683	0.01730	0.09472	0.06543	0.10778	0.09323	0.07415	0.04090	0.06161	0.05035	0.04817	0.02480	0.00741	0.00206	0.02772	0.02232	0.00451	0.06567
8	0.10409	0.04670	0.10999	0.01544	0.05372	0.05183	0.09864	0.07062	0.06572	0.07784	0.07090	0.10437	0.03767	0.00909	0.00701	0.00209	0.03549	0.00769	0.02284	0.00828
9	0.02531	0.00688	0.00907	0.01096	0.07006	0.00650	0.00687	0.01054	0.01329	0.01800	0.11412	0.44880	0.13594	0.08063	0.00992	0.00273	0.00417	0.01484	0.00567	0.00572
10	0.01572	0.07718	0.16924	0.09431	0.31046	0.03647	0.05806	0.07439	0.01548	0.02139	0.01245	0.03034	0.01014	0.00630	0.00621	0.00191	0.00814	0.00563	0.00339	0.04279
11	0.01448	0.01268	0.01693	0.04786	0.08765	0.01119	0.05858	0.06567	0.05708	0.02273	0.04157	0.01628	0.01237	0.00578	0.00555	0.00137	0.00577	0.00502	0.00416	0.50726
12	0.00805	0.00641	0.00721	0.00732	0.00906	0.00558	0.00538	0.00995	0.01524	0.01940	0.22547	0.17006	0.45567	0.01619	0.00773	0.00221	0.00329	0.01390	0.00628	0.00558
13	0.01616	0.01800	0.10041	0.05131	0.49367	0.04594	0.08219	0.04518	0.04465	0.02161	0.01278	0.01605	0.01028	0.00602	0.00647	0.00196	0.00823	0.00583	0.00341	0.00986
14	0.00865	0.00642	0.00772	0.00818	0.00944	0.00595	0.00581	0.01082	0.04337	0.01879	0.16355	0.34378	0.24604	0.01717	0.00868	0.04467	0.00362	0.01434	0.02745	0.00556
15	0.02295	0.01720	0.01784	0.01409	0.01865	0.05523	0.01138	0.53714	0.08462	0.06922	0.01695	0.01828	0.01272	0.06349	0.00837	0.00226	0.00704	0.00615	0.00620	0.01023
16	0.04273	0.00737	0.00915	0.00954	0.01102	0.00722	0.00700	0.01349	0.06462	0.05675	0.07481	0.39912	0.06630	0.05451	0.04390	0.00300	0.00495	0.08406	0.00583	0.03461
17	0.01941	0.54626	0.02910	0.01271	0.01763	0.22024	0.01149	0.04755	0.01519	0.01634	0.00950	0.01091	0.00840	0.00592	0.00469	0.00148	0.00820	0.00374	0.00306	0.00818
18	0.00925	0.00624	0.00726	0.00740	0.00749	0.00626	0.00432	0.00947	0.00972	0.01302	0.02161	0.10845	0.02489	0.66658	0.06699	0.00614	0.00659	0.01010	0.00408	0.00413
19	0.01823	0.29056	0.14000	0.01426	0.01922	0.27070	0.01334	0.02208	0.05921	0.01699	0.01149	0.01338	0.00962	0.00959	0.06348	0.00234	0.00968	0.00443	0.00325	0.00814
20	0.01568	0.02293	0.35971	0.02129	0.16334	0.01415	0.06592	0.05825	0.03342	0.09344	0.07567	0.01854	0.01447	0.00696	0.00648	0.00202	0.00807	0.00605	0.00406	0.00957
21	0.02084	0.02399	0.01989	0.02049	0.14755	0.43488	0.04232	0.05609	0.11231	0.01957	0.01314	0.01488	0.01059	0.00790	0.02596	0.00205	0.00998	0.00516	0.00388	0.00851
22	0.02468	0.01120	0.01426	0.01121	0.01567	0.01030	0.00916	0.12266	0.01976	0.51195	0.08338	0.02717	0.09028	0.00921	0.00670	0.00201	0.00531	0.00752	0.00751	0.01006
23	0.01443	0.05199	0.24590	0.04517	0.37313	0.01503	0.06439	0.01932	0.01442	0.02052	0.03516	0.01802	0.04081	0.00652	0.00639	0.00197	0.00813	0.00598	0.00326	0.00945
24	0.01880	0.01880	0.04915	0.10452	0.09909	0.21284	0.06640	0.14279	0.01817	0.06953	0.01638	0.12307	0.01458	0.00865	0.00662	0.00201	0.00838	0.00729	0.00448	0.00846
25	0.00866	0.00595	0.00727	0.00799	0.00818	0.00577	0.00493	0.00920	0.01084	0.01445	0.02777	0.39518	0.03284	0.40727	0.02092	0.00450	0.00504	0.01376	0.00493	0.00456
26	0.67002	0.10141	0.01329	0.01027	0.04306	0.01597	0.00815	0.03852	0.01194	0.02739	0.00931	0.01085	0.00739	0.00598	0.00418	0.00192	0.00539	0.00365	0.00389	0.00739
27	0.00804	0.00575	0.00768	0.00910	0.00957	0.00538	0.00621	0.00933	0.01271	0.01699	0.06196	0.70835	0.04317	0.01986	0.00826	0.00262	0.00383	0.04985	0.00604	0.00531
28	0.04791	0.08872	0.12469	0.03550	0.15585	0.01433	0.06682	0.07588	0.01517	0.08244	0.01532	0.08153	0.01336	0.03929	0.00766	0.00209	0.02827	0.00655	0.00413	0.09448
29	0.04019	0.41904	0.08991	0.01373	0.04347	0.10232	0.01248	0.12266	0.01631	0.02038	0.01109	0.02834	0.00952	0.00635	0.00504	0.00160	0.00752	0.00442	0.00354	0.04209
30	0.01880	0.01609	0.02427	0.03197	0.50537	0.05259	0.04505	0.10545	0.01722	0.09952	0.01391	0.01641	0.01083	0.00627	0.00644	0.00193	0.00771	0.00584	0.00412	0.01021
31	0.00912	0.00618	0.00709	0.00730	0.00743	0.00610	0.00424	0.00934	0.00999	0.01325	0.02399	0.14467	0.04956	0.64249	0.02860	0.00562	0.00581	0.01079	0.00428	0.00415
32	0.01750	0.01368	0.01563	0.04272	0.01768	0.01521	0.03296	0.26290	0.27178	0.02941	0.05628	0.02341	0.01805	0.07334	0.02544	0.00258	0.00626	0.00704	0.05893	0.00920
33	0.02213	0.02597	0.01793	0.01663	0.04296	0.53589	0.01229	0.08860	0.07297	0.01919	0.01299	0.04903	0.01115	0.00771	0.00666	0.00183	0.03876	0.00534	0.00397	0.00800
34	0.03970	0.00934	0.01061	0.01086	0.05154	0.03453	0.00752	0.01729	0.09850	0.10760	0.09095	0.12808	0.14339	0.12349	0.01069	0.00273	0.00491	0.03245	0.06885	0.00696
35	0.17536	0.01481	0.08930	0.05805	0.01835	0.01384	0.02641	0.11638	0.16654	0.05706	0.01700	0.04304	0.01370	0.05810	0.00759	0.00224	0.00613	0.00610	0.02599	0.08400

[dist]
# distance from previous block
# <min> <max>
0	6

[block]
# block no. 4 follows, 34 sequences, length 785
# corresponding to MSA columns:
# 284-1068
name=unknown_E
#
# <colnr> <probs for GDERKNQSTAVLIFYWHMCP>
#	G	D	E	R	K	N	Q	S	T	A	V	L	I	F	Y	W	H	M	C	P
0	0.01991	0.01584	0.01747	0.05912	0.08167	0.06385	0.01214	0.21518	0.31763	0.09715	0.02014	0.01965	0.01478	0.00789	0.00647	0.00204	0.00654	0.00639	0.00596	0.01015
1	0.01783	0.03793	0.07843	0.06428	0.23931	0.03468	0.08142	0.12404	0.01781	0.11832	0.08148	0.02094	0.03941	0.00745	0.00659	0.00198	0.00733	0.00666	0.00472	0.00941
2	0.00804	0.00574	0.00769	0.00919	0.00963	0.00539	0.00629	0.00928	0.01253	0.01668	0.03552	0.72330	0.04237	0.02009	0.00829	0.00265	0.00389	0.06214	0.00599	0.00529
3	0.79200	0.01268	0.00983	0.00871	0.01275	0.01468	0.00717	0.04215	0.01164	0.02938	0.00921	0.01066	0.00713	0.00606	0.00408	0.00200	0.00507	0.00358	0.00408	0.00713
4	0.01755	0.25477	0.10449	0.01430	0.03877	0.10221	0.01277	0.10132	0.08764	0.04244	0.07941	0.01725	0.01495	0.00764	0.00712	0.00186	0.07715	0.00547	0.00422	0.00867
5	0.01224	0.01097	0.03584	0.03627	0.01663	0.00940	0.07435	0.01539	0.03731	0.01895	0.03889	0.02000	0.03567	0.01628	0.15848	0.07968	0.00816	0.00576	0.00381	0.36591
6	0.03937	0.06746	0.36041	0.02122	0.17655	0.01510	0.03781	0.06116	0.01524	0.08006	0.03466	0.01613	0.01125	0.00763	0.02668	0.00220	0.00844	0.00542	0.00368	0.00952
7	0.01343	0.01120	0.01180	0.01079	0.01357	0.03434	0.00835	0.08757	0.28235	0.02463	0.15602	0.06166	0.17357	0.03677	0.00798	0.00231	0.00481	0.04463	0.00630	0.00793
8	0.01296	0.03342	0.73944	0.01842	0.02797	0.01501	0.02387	0.02046	0.01364	0.02046	0.01160	0.01364	0.00818	0.00614	0.00614	0.00205	0.00955	0.00477	0.00273	0.00955
9	0.04378	0.06807	0.08840	0.01561	0.08518	0.10036	0.01230	0.15783	0.16267	0.04645	0.02222	0.02222	0.10299	0.00828	0.00623	0.00193	0.00682	0.00653	0.00502	0.03710
10	0.04146	0.01153	0.03496	0.10662	0.05436	0.03418	0.01017	0.02042	0.15957	0.12507	0.03265	0.07882	0.19961	0.03386	0.00765	0.00229	0.00559	0.02775	0.00555	0.00790
11	0.00785	0.00655	0.00684	0.00677	0.00886	0.00555	0.00508	0.00969	0.01524	0.01866	0.16017	0.06020	0.63453	0.01591	0.00763	0.00216	0.00324	0.01336	0.00616	0.00555
12	0.02251	0.01664	0.01800	0.01404	0.01874	0.01831	0.01150	0.60834	0.05197	0.03857	0.09778	0.01956	0.01702	0.00842	0.00660	0.00196	0.00658	0.00654	0.00654	0.01040
13	0.02224	0.01454	0.01789	0.04117	0.08719	0.03751	0.03439	0.22667	0.13193	0.24578	0.01981	0.02027	0.01427	0.04688	0.00786	0.00222	0.00663	0.00644	0.00618	0.01012
14	0.01301	0.03734	0.02161	0.45722	0.03538	0.01390	0.14171	0.01690	0.01339	0.04228	0.01519	0.11347	0.01345	0.00820	0.00723	0.00221	0.02897	0.00765	0.00352	0.00738
15	0.00764	0.00655	0.00655	0.00655	0.00873	0.00545	0.00491	0.00927	0.01473	0.01745	0.06546	0.06218	0.73000	0.01636	0.00764	0.00218	0.00327	0.01364	0.00600	0.00545
16	0.02843	0.01190	0.01555	0.01192	0.01694	0.01083	0.00985	0.11757	0.02000	0.64889	0.02423	0.02117	0.01536	0.00797	0.00649	0.00199	0.00570	0.00641	0.00780	0.01100
17	0.01697	0.01992	0.09035	0.05501	0.32489	0.13317	0.20115	0.04272	0.01577	0.02055	0.01208	0.01550	0.00960	0.00594	0.00661	0.00197	0.00935	0.00591	0.00329	0.00925
18	0.01220	0.01148	0.01938	0.75739	0.04450	0.01436	0.01794	0.01651	0.01292	0.01651	0.01148	0.01723	0.00861	0.00646	0.00646	0.00215	0.00861	0.00574	0.00287	0.00718
19	0.00782	0.00660	0.00680	0.00690	0.00903	0.00558	0.00527	0.00954	0.01474	0.01758	0.06341	0.06289	0.68453	0.01646	0.00772	0.00223	0.00345	0.05797	0.00600	0.00549
20	0.04564	0.01693	0.01976	0.01995	0.17060	0.10091	0.03416	0.27674	0.02021	0.06784	0.01415	0.01685	0.01119	0.03535	0.05677	0.00268	0.07040	0.00581	0.00474	0.00933
21	0.01333	0.07834	0.60636	0.01841	0.02712	0.01553	0.08611	0.02007	0.01362	0.01990	0.01184	0.01469	0.00882	0.03017	0.00699	0.00215	0.00940	0.00510	0.00282	0.00921
22	0.00787	0.00562	0.00750	0.00900	0.00937	0.00525	0.00600	0.00900	0.01237	0.01649	0.03561	0.76871	0.04274	0.02024	0.00825	0.00262	0.00375	0.01837	0.00600	0.00525
23	0.01296	0.03342	0.73944	0.01842	0.02797	0.01501	0.02387	0.02046	0.01364	0.02046	0.01160	0.01364	0.00818	0.00614	0.00614	0.00205	0.00955	0.00477	0.00273	0.00955
24	0.01441	0.01442	0.01878	0.53214	0.05989	0.10812	0.01620	0.02037	0.11571	0.01809	0.01345	0.01747	0.01023	0.00679	0.00639	0.00209	0.00847	0.00577	0.00347	0.00776
25	0.00802	0.00573	0.00766	0.00916	0.00960	0.00537	0.00625	0.00925	0.01251	0.01666	0.03553	0.72908	0.04242	0.02011	0.00829	0.00264	0.00387	0.05657	0.00600	0.00529
26	0.01340	0.01148	0.01340	0.00957	0.01531	0.00861	0.00766	0.01627	0.01340	0.02105	0.01148	0.01340	0.00957	0.00479	0.00479	0.00096	0.00479	0.00383	0.00383	0.81242
27	0.10585	0.01240	0.01523	0.01180	0.01673	0.01185	0.00974	0.15046	0.01986	0.54430	0.02210	0.01972	0.01422	0.00776	0.00625	0.00199	0.00573	0.00608	0.00733	0.01060
28	0.02415	0.03041	0.01834	0.01659	0.01998	0.72509	0.01248	0.04644	0.01867	0.01656	0.01015	0.01177	0.00840	0.00669	0.00585	0.00167	0.01152	0.00421	0.00342	0.00760
29	0.00786	0.00568	0.00744	0.00884	0.00933	0.00526	0.00593	0.00901	0.01252	0.01656	0.03754	0.72304	0.08715	0.01999	0.00821	0.00260	0.00372	0.01806	0.00600	0.00526
30	0.75196	0.01237	0.00996	0.00875	0.01283	0.01407	0.00721	0.02005	0.01163	0.08872	0.01039	0.01147	0.00776	0.00617	0.00421	0.00200	0.00504	0.00375	0.00434	0.00733
31	0.01724	0.01416	0.01504	0.01325	0.01708	0.01621	0.01038	0.09384	0.63727	0.05134	0.02532	0.02328	0.01883	0.00865	0.00656	0.00216	0.00530	0.00715	0.00661	0.01032
32	0.00923	0.00692	0.01038	0.01038	0.01154	0.00808	0.00808	0.01154	0.01038	0.01500	0.01731	0.02538	0.01615	0.04846	0.74732	0.01038	0.01731	0.00692	0.00346	0.00577
33	0.02471	0.04169	0.01947	0.01445	0.01962	0.01930	0.01200	0.62985	0.02879	0.10052	0.01617	0.01591	0.01134	0.00771	0.00639	0.00193	0.00696	0.00580	0.00648	0.01090
34	0.00787	0.00562	0.00750	0.00900	0.00937	0.00525	0.00600	0.00900	0.01237	0.01649	0.03561	0.76871	0.04274	0.02024	0.00825	0.00262	0.00375	0.01837	0.00600	0.00525
35	0.01751	0.42246	0.16985	0.01328	0.01898	0.11341	0.01346	0.05951	0.01489	0.03774	0.01161	0.03560	0.01014	0.02952	0.00594	0.00178	0.00790	0.00466	0.00332	0.00845
36	0.01727	0.77681	0.03386	0.01106	0.01658	0.02557	0.01106	0.01935	0.01313	0.01520	0.00898	0.01036	0.00829	0.00553	0.00415	0.00138	0.00691	0.00345	0.00276	0.00829
37	0.02264	0.01211	0.01402	0.01115	0.01522	0.01225	0.00908	0.26775	0.02131	0.28891	0.02071	0.02029	0.01438	0.00778	0.00593	0.00184	0.00537	0.00612	0.23358	0.00959
38	0.00787	0.00562	0.00750	0.00900	0.00937	0.00525	0.00600	0.00900	0.01237	0.01649	0.03561	0.76871	0.04274	0.02024	0.00825	0.00262	0.00375	0.01837	0.00600	0.00525
39	0.04243	0.23191	0.44271	0.01709	0.02501	0.01800	0.09847	0.02014	0.01360	0.01936	0.01097	0.01308	0.00836	0.00589	0.00570	0.00188	0.00883	0.00470	0.00284	0.00902
40	0.00940	0.00626	0.00705	0.00705	0.00705	0.00626	0.00392	0.00940	0.00940	0.01253	0.02036	0.04228	0.02349	0.77292	0.03289	0.00626	0.00626	0.00940	0.00392	0.00392
41	0.00965	0.00775	0.00871	0.00858	0.01054	0.00753	0.00641	0.01444	0.13868	0.02086	0.20594	0.14168	0.31535	0.04118	0.00845	0.00237	0.00380	0.03543	0.00628	0.00638
42	0.01822	0.01360	0.01482	0.01297	0.01686	0.01525	0.01019	0.05631	0.59635	0.13034	0.02582	0.02352	0.01889	0.00862	0.00656	0.00216	0.00524	0.00714	0.00678	0.01036
43	0.01599	0.01530	0.02584	0.03878	0.70880	0.01538	0.01951	0.02031	0.03822	0.02131	0.01262	0.01626	0.01055	0.00586	0.00640	0.00193	0.00759	0.00581	0.00331	0.01023
44	0.08646	0.59077	0.05227	0.01162	0.01704	0.04762	0.01128	0.08570	0.01478	0.01901	0.00972	0.01101	0.00844	0.00584	0.00447	0.00152	0.00701	0.00375	0.00324	0.00845
45	0.01766	0.75132	0.03323	0.01107	0.01658	0.02503	0.01100	0.01975	0.01331	0.03923	0.00953	0.01075	0.00855	0.00561	0.00422	0.00140	0.00686	0.00356	0.00294	0.00838
46	0.00882	0.00639	0.00770	0.00797	0.00945	0.00568	0.00575	0.01067	0.01496	0.04311	0.22563	0.30216	0.29494	0.01662	0.00781	0.00229	0.00345	0.01454	0.00635	0.00573
47	0.01481	0.01232	0.01416	0.01024	0.01591	0.01006	0.00824	0.10428	0.01555	0.02355	0.01199	0.01367	0.00975	0.00516	0.00500	0.00108	0.00508	0.00408	0.00416	0.71091
48	0.02298	0.01731	0.01850	0.01455	0.01944	0.01930	0.01190	0.58529	0.15873	0.03818	0.01752	0.01711	0.01261	0.00794	0.00648	0.00199	0.00674	0.00609	0.00648	0.01085
49	0.14031	0.01830	0.01788	0.21197	0.04894	0.18291	0.01328	0.24411	0.01957	0.02622	0.01210	0.01435	0.00913	0.00683	0.00594	0.00194	0.00824	0.00507	0.00432	0.00856
50	0.00977	0.00696	0.00818	0.00800	0.01008	0.00615	0.00624	0.01205	0.01603	0.06541	0.25466	0.05691	0.40015	0.01510	0.00772	0.00223	0.00369	0.09817	0.00645	0.00605
51	0.01717	0.75186	0.03340	0.01125	0.01660	0.02538	0.01116	0.01922	0.01302	0.01521	0.00897	0.01049	0.00830	0.00572	0.00470	0.00143	0.03158	0.00353	0.00277	0.00825
52	0.01719	0.15919	0.12142	0.01791	0.13301	0.14144	0.01390	0.04563	0.15033	0.04164	0.03503	0.01830	0.03675	0.00860	0.03075	0.00214	0.00796	0.00570	0.00417	0.00894
53	0.01012	0.00651	0.00847	0.00912	0.00979	0.00634	0.00622	0.01117	0.01219	0.07149	0.03059	0.50818	0.03520	0.18192	0.01390	0.00338	0.02954	0.03479	0.00560	0.00549
54	0.01587	0.01523	0.02601	0.06243	0.71079	0.01532	0.01977	0.01972	0.01466	0.02096	0.01213	0.01603	0.01018	0.00578	0.00640	0.00193	0.00771	0.00576	0.00319	0.01014
55	0.00788	0.00635	0.00706	0.00756	0.00920	0.00553	0.00556	0.00946	0.01409	0.01731	0.05523	0.25751	0.49619	0.01753	0.00789	0.00235	0.00358	0.05830	0.00600	0.00543
56	0.01530	0.01445	0.02426	0.22228	0.53403	0.01525	0.01911	0.04104	0.01475	0.02056	0.01209	0.01629	0.00984	0.00600	0.00642	0.00198	0.00790	0.00576	0.00322	0.00948
57	0.02886	0.01121	0.01513	0.01160	0.01660	0.00982	0.00958	0.05211	0.01885	0.71597	0.02519	0.02180	0.01584	0.00799	0.00650	0.00200	0.00555	0.00648	0.00795	0.01100
58	0.00786	0.00565	0.00747	0.00892	0.00935	0.00525	0.00596	0.00901	0.01245	0.01653	0.03660	0.74534	0.06547	0.02011	0.00823	0.00261	0.00373	0.01821	0.00600	0.00525
59	0.00838	0.00642	0.00769	0.00770	0.00927	0.00572	0.00565	0.01060	0.01601	0.02127	0.37244	0.17275	0.30167	0.01552	0.00773	0.00218	0.00325	0.01350	0.00652	0.00572
60	0.01296	0.03342	0.73944	0.01842	0.02797	0.01501	0.02387	0.02046	0.01364	0.02046	0.01160	0.01364	0.00818	0.00614	0.00614	0.00205	0.00955	0.00477	0.00273	0.00955
61	0.00787	0.00562	0.00750	0.00900	0.00937	0.00525	0.00600	0.00900	0.01237	0.01649	0.03561	0.76871	0.04274	0.02024	0.00825	0.00262	0.00375	0.01837	0.00600	0.00525
62	0.01562	0.01496	0.02540	0.05948	0.68964	0.01501	0.01930	0.01940	0.01466	0.02086	0.01383	0.01749	0.03302	0.00611	0.00644	0.00193	0.00756	0.00601	0.00328	0.00999
63	0.16169	0.01376	0.01485	0.01177	0.01623	0.01457	0.00966	0.32714	0.02181	0.21687	0.01767	0.01741	0.01230	0.00749	0.00580	0.00191	0.00581	0.00562	0.10798	0.00967
64	0.00786	0.00565	0.00747	0.00891	0.00935	0.00526	0.00596	0.00901	0.01245	0.01653	0.03661	0.74507	0.06573	0.02011	0.00823	0.00261	0.00373	0.01821	0.00600	0.00526
65	0.01599	0.01535	0.02623	0.03966	0.73262	0.01535	0.01983	0.01983	0.01471	0.02111	0.01215	0.01599	0.01023	0.00576	0.00640	0.00192	0.00768	0.00576	0.00320	0.01023
66	0.00895	0.00611	0.00816	0.00944	0.01020	0.00573	0.00675	0.01042	0.01303	0.04094	0.03606	0.61433	0.06399	0.01934	0.00827	0.00264	0.00413	0.11989	0.00606	0.00555
67	0.00787	0.00562	0.00750	0.00900	0.00937	0.00525	0.00600	0.00900	0.01237	0.01649	0.03561	0.76871	0.04274	0.02024	0.00825	0.00262	0.00375	0.01837	0.00600	0.00525
68	0.01607	0.01388	0.01461	0.01315	0.01680	0.01607	0.01023	0.03433	0.72094	0.02703	0.02630	0.02411	0.01972	0.00877	0.00657	0.00219	0.00511	0.00731	0.00657	0.01023
69	0.01599	0.01535	0.02623	0.03966	0.73262	0.01535	0.01983	0.01983	0.01471	0.02111	0.01215	0.01599	0.01023	0.00576	0.00640	0.00192	0.00768	0.00576	0.00320	0.01023
70	0.01525	0.01743	0.03813	0.02723	0.03377	0.01634	0.70915	0.02070	0.01525	0.02070	0.01307	0.01743	0.00980	0.00545	0.00763	0.00218	0.01089	0.00763	0.00327	0.00871
71	0.01599	0.01535	0.02623	0.03966	0.73262	0.01535	0.01983	0.01983	0.01471	0.02111	0.01215	0.01599	0.01023	0.00576	0.00640	0.00192	0.00768	0.00576	0.00320	0.01023
72	0.02396	0.01806	0.02061	0.01567	0.02093	0.01980	0.05744	0.66633	0.02940	0.03942	0.01535	0.01564	0.01091	0.00761	0.00654	0.00195	0.00736	0.00593	0.00626	0.01084
73	0.00787	0.00583	0.00735	0.00850	0.00926	0.00532	0.00579	0.00916	0.01302	0.01700	0.06487	0.60831	0.17562	0.01926	0.00811	0.00252	0.00363	0.01723	0.00604	0.00532
74	0.01220	0.01148	0.01938	0.75739	0.04450	0.01436	0.01794	0.01651	0.01292	0.01651	0.01148	0.01723	0.00861	0.00646	0.00646	0.00215	0.00861	0.00574	0.00287	0.00718
75	0.01532	0.01723	0.03700	0.02841	0.09968	0.01625	0.64414	0.02062	0.01520	0.02074	0.01299	0.01729	0.00984	0.00548	0.00751	0.00215	0.01059	0.00745	0.00326	0.00886
76	0.01575	0.01511	0.02580	0.08476	0.68938	0.01529	0.01971	0.01962	0.01460	0.02082	0.01211	0.01607	0.01013	0.00580	0.00640	0.00193	0.00773	0.00576	0.00318	0.01004
77	0.00785	0.00571	0.00741	0.00877	0.00931	0.00527	0.00590	0.00902	0.01259	0.01658	0.03841	0.70247	0.10717	0.01988	0.00819	0.00258	0.00370	0.01792	0.00600	0.00527
78	0.00764	0.00651	0.00658	0.00663	0.00875	0.00545	0.00495	0.00926	0.01465	0.01742	0.06442	0.08678	0.70607	0.01650	0.00766	0.00220	0.00329	0.01380	0.00600	0.00545
79	0.01873	0.02052	0.08435	0.01457	0.01861	0.22568	0.01227	0.14657	0.22718	0.02466	0.05820	0.02163	0.03693	0.00856	0.00693	0.00202	0.03174	0.02681	0.00513	0.00891
80	0.02393	0.02839	0.01835	0.01627	0.01988	0.61697	0.01238	0.12585	0.04331	0.01981	0.01133	0.01263	0.00909	0.00689	0.00594	0.00172	0.01077	0.00451	0.00389	0.00809
81	0.01057	0.00710	0.00915	0.00844	0.01027	0.00659	0.00640	0.01399	0.03892	0.07135	0.64105	0.04633	0.07924	0.01285	0.00752	0.00204	0.00327	0.01129	0.00712	0.00651
82	0.02077	0.01313	0.01499	0.01267	0.01681	0.01405	0.01007	0.09678	0.41177	0.25476	0.02528	0.04313	0.01834	0.00874	0.00659	0.00212	0.00539	0.00721	0.00700	0.01041
83	0.04648	0.01868	0.01813	0.01450	0.01914	0.11314	0.01173	0.51511	0.07064	0.05673	0.01627	0.04114	0.01230	0.00806	0.00638	0.00195	0.00735	0.00608	0.00602	0.01018
84	0.01553	0.01705	0.03574	0.05275	0.09959	0.01630	0.59751	0.04345	0.01562	0.02126	0.01301	0.01722	0.00984	0.00559	0.00743	0.00215	0.01039	0.00733	0.00335	0.00888
85	0.02792	0.01271	0.01605	0.01231	0.01735	0.01204	0.01017	0.19531	0.02136	0.56923	0.02309	0.02043	0.01479	0.00794	0.00649	0.00198	0.00589	0.00633	0.00763	0.01099
86	0.01414	0.01414	0.01979	0.01696	0.01696	0.01979	0.01414	0.01555	0.00990	0.01555	0.00848	0.01414	0.00848	0.01131	0.02120	0.00283	0.76110	0.00565	0.00283	0.00707
87	0.01583	0.01673	0.02230	0.01837	0.01990	0.10580	0.11626	0.03999	0.01235	0.01715	0.00956	0.01437	0.00874	0.00978	0.01690	0.00256	0.53708	0.00577	0.00307	0.00749
88	0.01876	0.01880	0.01612	0.01402	0.01765	0.24113	0.03241	0.15049	0.24428	0.02431	0.02406	0.04813	0.10343	0.00916	0.00654	0.00200	0.00741	0.00723	0.00536	0.00871
89	0.00802	0.00656	0.00707	0.00695	0.00896	0.00562	0.00521	0.01001	0.01563	0.01959	0.23332	0.05866	0.56080	0.01557	0.00763	0.00214	0.00322	0.01314	0.00628	0.00562
90	0.01406	0.01182	0.01365	0.01003	0.01549	0.00953	0.00800	0.06295	0.03913	0.02243	0.01303	0.03787	0.01107	0.00561	0.00507	0.00112	0.00492	0.00454	0.00417	0.70550
91	0.01336	0.01127	0.06064	0.01161	0.01430	0.01099	0.03161	0.16464	0.01540	0.02202	0.01713	0.02352	0.01499	0.09333	0.36124	0.00630	0.01167	0.00667	0.10220	0.00712
92	0.00817	0.00604	0.00851	0.00954	0.01011	0.00565	0.02946	0.00940	0.01237	0.01651	0.03437	0.72039	0.04102	0.04377	0.00901	0.00273	0.00407	0.01772	0.00584	0.00532
93	0.01262	0.01171	0.01938	0.73222	0.04367	0.01455	0.01775	0.04006	0.01351	0.01733	0.01162	0.01717	0.00869	0.00650	0.00646	0.00215	0.00856	0.00574	0.00299	0.00731
