[name]
unknown

[dist]
# distance from previous block
# <min> <max>
0	1

[block]
# block no. 0 follows, 31 sequences, length 21
# corresponding to MSA columns:
# 1-21
name=unknown_A
#
# <colnr> <probs for GDERKNQSTAVLIFYWHMCP>
#	G	D	E	R	K	N	Q	S	T	A	V	L	I	F	Y	W	H	M	C	P
0	0.01061	0.00758	0.01055	0.01213	0.01352	0.00752	0.01031	0.01346	0.01534	0.02001	0.03645	0.18090	0.04027	0.01929	0.00934	0.00309	0.00594	0.57117	0.00631	0.00619
1	0.01009	0.00771	0.00917	0.00982	0.01118	0.00757	0.00694	0.04835	0.08391	0.02012	0.04138	0.51677	0.16352	0.01877	0.00834	0.00261	0.00421	0.01666	0.00644	0.00645
2	0.00995	0.00663	0.00746	0.00746	0.00746	0.00663	0.00415	0.00995	0.00995	0.01327	0.02156	0.04477	0.02487	0.75957	0.03482	0.00663	0.00663	0.00995	0.00415	0.00415
3	0.01693	0.01626	0.02777	0.04199	0.71689	0.01626	0.02100	0.02100	0.01558	0.02235	0.01287	0.01693	0.01084	0.00610	0.00677	0.00203	0.00813	0.00610	0.00339	0.01084
4	0.01609	0.01829	0.03948	0.02834	0.03494	0.01747	0.66092	0.02166	0.01589	0.02166	0.01362	0.01829	0.01032	0.00605	0.00873	0.00234	0.04534	0.00798	0.00344	0.00915
5	0.01188	0.00594	0.00891	0.00891	0.00891	0.00594	0.00594	0.00891	0.00891	0.01188	0.01188	0.02080	0.01188	0.02377	0.02674	0.80095	0.00594	0.00594	0.00297	0.00297
6	0.02186	0.02840	0.07286	0.01971	0.02428	0.49123	0.15533	0.02493	0.01788	0.01812	0.01182	0.01459	0.00960	0.00928	0.04820	0.00243	0.01236	0.00538	0.00347	0.00825
7	0.01782	0.20092	0.28139	0.01564	0.02203	0.14297	0.01637	0.09703	0.01706	0.02156	0.04037	0.01708	0.01242	0.05992	0.00804	0.00223	0.00903	0.00537	0.00373	0.00902
8	0.01182	0.22058	0.05557	0.01015	0.01283	0.01260	0.00856	0.01367	0.01318	0.01693	0.05013	0.24561	0.09341	0.14367	0.05890	0.00350	0.00657	0.01108	0.00469	0.00656
9	0.01877	0.03921	0.02090	0.10705	0.02368	0.01481	0.11574	0.13342	0.06665	0.13756	0.08057	0.02236	0.03241	0.00825	0.00778	0.00207	0.04950	0.00706	0.00547	0.10673
10	0.01324	0.02446	0.42859	0.01544	0.02236	0.01291	0.01783	0.05247	0.03503	0.04082	0.05993	0.10483	0.12272	0.01034	0.00710	0.00225	0.00772	0.00858	0.00448	0.00892
11	0.01419	0.01216	0.01419	0.01013	0.01621	0.00912	0.00811	0.01723	0.01419	0.02229	0.01216	0.01419	0.01013	0.00507	0.00507	0.00101	0.00507	0.00405	0.00405	0.80139
12	0.01319	0.01243	0.02100	0.69648	0.09167	0.01527	0.01913	0.01771	0.01381	0.01780	0.01221	0.01815	0.00923	0.00679	0.00684	0.00226	0.00905	0.00608	0.00306	0.00782
13	0.01542	0.01571	0.02089	0.01795	0.01810	0.05099	0.01489	0.01692	0.01085	0.01648	0.00905	0.01486	0.00897	0.01177	0.02176	0.00294	0.71601	0.00592	0.00302	0.00750
14	0.01475	0.01781	0.09765	0.02297	0.02767	0.01685	0.37494	0.01911	0.01416	0.01997	0.01500	0.09719	0.01364	0.00917	0.01178	0.00253	0.20429	0.00847	0.00360	0.00845
15	0.00856	0.00630	0.00804	0.00911	0.00999	0.00578	0.00634	0.01015	0.01436	0.01899	0.12868	0.53920	0.14875	0.01978	0.00857	0.00264	0.00387	0.03867	0.00650	0.00573
16	0.01817	0.66292	0.03484	0.01314	0.01886	0.05018	0.05961	0.02063	0.01431	0.01666	0.01067	0.01357	0.00983	0.00629	0.00486	0.00158	0.00776	0.02434	0.00309	0.00871
17	0.02081	0.01326	0.01525	0.01228	0.01637	0.01355	0.00974	0.27738	0.04908	0.16218	0.04429	0.04933	0.01793	0.09305	0.04701	0.00293	0.00681	0.00731	0.05028	0.09116
18	0.01216	0.01011	0.01189	0.00943	0.01381	0.00795	0.00732	0.01489	0.01505	0.02213	0.12917	0.09704	0.11167	0.00956	0.00626	0.00152	0.00448	0.00812	0.00510	0.50235
19	0.05902	0.01630	0.09940	0.01213	0.01573	0.13262	0.01046	0.06190	0.04059	0.05773	0.14630	0.13600	0.16005	0.01235	0.00726	0.00220	0.00637	0.01021	0.00569	0.00769
20	0.04390	0.06506	0.06816	0.01356	0.01767	0.01185	0.11388	0.06380	0.01602	0.06012	0.03200	0.13930	0.18408	0.01437	0.04890	0.00274	0.00708	0.04055	0.00521	0.05177

[dist]
# distance from previous block
# <min> <max>
2	4

[block]
# block no. 1 follows, 31 sequences, length 15
# corresponding to MSA columns:
# 30-44
name=unknown_B
#
# <colnr> <probs for GDERKNQSTAVLIFYWHMCP>
#	G	D	E	R	K	N	Q	S	T	A	V	L	I	F	Y	W	H	M	C	P
0	0.01324	0.06312	0.19571	0.04416	0.01985	0.04537	0.03168	0.01752	0.03651	0.01997	0.02112	0.17962	0.05190	0.03348	0.00753	0.00212	0.00692	0.00866	0.00431	0.19720
1	0.17830	0.13263	0.22245	0.01572	0.02152	0.04971	0.08223	0.02079	0.04576	0.02188	0.01260	0.01548	0.01013	0.01178	0.08807	0.00309	0.05046	0.00527	0.00354	0.00861
2	0.02525	0.01879	0.02011	0.01559	0.02093	0.02086	0.01282	0.63885	0.08862	0.04190	0.01738	0.01719	0.01241	0.00830	0.00685	0.00208	0.00735	0.00629	0.00685	0.01157
3	0.00834	0.00595	0.00794	0.00953	0.00992	0.00556	0.00635	0.00953	0.01310	0.01746	0.03771	0.75510	0.04525	0.02143	0.00873	0.00278	0.00397	0.01945	0.00635	0.00556
4	0.01429	0.03748	0.09386	0.02356	0.09421	0.01481	0.35072	0.01893	0.01558	0.02157	0.09461	0.11445	0.02064	0.00906	0.00845	0.00232	0.04336	0.00930	0.00419	0.00860
5	0.01506	0.06707	0.09537	0.01249	0.03275	0.03997	0.01051	0.04267	0.04868	0.11309	0.13407	0.19979	0.05819	0.03738	0.03052	0.00261	0.00622	0.01049	0.00579	0.03727
6	0.04597	0.01578	0.08575	0.01657	0.09597	0.04596	0.04480	0.17053	0.01908	0.11350	0.02011	0.11348	0.01715	0.02626	0.00728	0.00219	0.00678	0.00788	0.13579	0.00916
7	0.01925	0.01455	0.01548	0.01204	0.01726	0.07102	0.00960	0.09555	0.09272	0.14169	0.04968	0.01876	0.01505	0.00701	0.00600	0.00157	0.00601	0.00557	0.00553	0.39565
8	0.01025	0.01080	0.09939	0.01070	0.01302	0.00810	0.00897	0.03808	0.04287	0.02068	0.12741	0.40478	0.11279	0.04791	0.00924	0.00268	0.00489	0.01476	0.00602	0.00666
9	0.01419	0.01216	0.01419	0.01013	0.01621	0.00912	0.00811	0.01723	0.01419	0.02229	0.01216	0.01419	0.01013	0.00507	0.00507	0.00101	0.00507	0.00405	0.00405	0.80139
10	0.05581	0.04226	0.13386	0.04800	0.23911	0.01583	0.11162	0.02311	0.14179	0.02388	0.08127	0.02110	0.01703	0.00747	0.00687	0.00215	0.00782	0.00690	0.00438	0.00974
11	0.00947	0.00693	0.00889	0.00850	0.01012	0.00635	0.00634	0.01246	0.01871	0.02613	0.62170	0.08823	0.12127	0.01466	0.00810	0.00220	0.00329	0.01292	0.00737	0.00635
12	0.01710	0.05799	0.26155	0.01833	0.07351	0.05006	0.01710	0.11121	0.20312	0.02540	0.01737	0.03889	0.01359	0.00822	0.00767	0.00220	0.05556	0.00637	0.00467	0.01009
13	0.00885	0.00654	0.00792	0.00871	0.00968	0.00604	0.00606	0.01026	0.01378	0.01785	0.08466	0.36089	0.21068	0.14742	0.01310	0.00332	0.00444	0.06829	0.00604	0.00548
14	0.01682	0.05125	0.09301	0.01244	0.01817	0.04623	0.01107	0.11554	0.05062	0.05400	0.03865	0.03708	0.04313	0.00735	0.00597	0.00159	0.00631	0.00583	0.00483	0.38014

[dist]
# distance from previous block
# <min> <max>
3	5

[block]
# block no. 2 follows, 31 sequences, length 26
# corresponding to MSA columns:
# 50-75
name=unknown_C
#
# <colnr> <probs for GDERKNQSTAVLIFYWHMCP>
#	G	D	E	R	K	N	Q	S	T	A	V	L	I	F	Y	W	H	M	C	P
0	0.11141	0.00940	0.00962	0.00942	0.01100	0.04487	0.00668	0.01463	0.07567	0.01938	0.08817	0.13364	0.10691	0.16920	0.04333	0.11975	0.00594	0.01005	0.00506	0.00585
1	0.13754	0.01980	0.08386	0.05280	0.11381	0.08908	0.04873	0.27220	0.02129	0.03019	0.01543	0.01710	0.03605	0.00762	0.00681	0.00210	0.02506	0.00591	0.00486	0.00978
2	0.05739	0.10802	0.02425	0.09708	0.21280	0.10502	0.08474	0.02098	0.01546	0.05756	0.01576	0.01955	0.04236	0.00736	0.00700	0.00200	0.03450	0.02407	0.00387	0.06023
3	0.00980	0.00712	0.00991	0.00983	0.01083	0.00780	0.00723	0.01180	0.01200	0.01700	0.12208	0.03456	0.02592	0.20792	0.46537	0.00869	0.01341	0.00868	0.00435	0.00571
4	0.01882	0.06290	0.10624	0.11842	0.24383	0.09062	0.01768	0.16233	0.04323	0.02507	0.01342	0.01613	0.01049	0.00709	0.00713	0.00207	0.03474	0.00573	0.00411	0.00997
5	0.01729	0.07130	0.02313	0.23272	0.24597	0.05987	0.01694	0.02212	0.07210	0.07531	0.01424	0.01760	0.01119	0.00740	0.00819	0.00217	0.08324	0.00599	0.00392	0.00930
6	0.05031	0.00787	0.00927	0.00854	0.01096	0.00725	0.00653	0.01632	0.01690	0.14202	0.25514	0.09370	0.18459	0.01289	0.00716	0.00213	0.00386	0.01094	0.14647	0.00715
7	0.00939	0.06340	0.00977	0.00803	0.01001	0.00770	0.00602	0.01115	0.01481	0.01862	0.13765	0.11649	0.39639	0.10527	0.05243	0.00327	0.00499	0.01288	0.00584	0.00590
8	0.01018	0.00735	0.00869	0.00843	0.01050	0.00638	0.00618	0.01223	0.01583	0.05585	0.20756	0.20878	0.29861	0.04242	0.00889	0.00242	0.00387	0.01374	0.00649	0.06559
9	0.01500	0.06824	0.01502	0.01226	0.01544	0.01441	0.00957	0.06283	0.39129	0.02657	0.14738	0.13921	0.03082	0.01164	0.00723	0.00228	0.00507	0.00994	0.00666	0.00915
10	0.04956	0.01436	0.01572	0.01321	0.01748	0.01558	0.01048	0.07927	0.40024	0.02731	0.02089	0.02061	0.01604	0.00823	0.00752	0.00201	0.06091	0.00640	0.00582	0.20836
11	0.04762	0.01548	0.02334	0.02953	0.40349	0.01581	0.03634	0.11702	0.06262	0.11947	0.01639	0.01857	0.01257	0.00901	0.04037	0.00249	0.00803	0.00635	0.00483	0.01067
12	0.01380	0.01086	0.01190	0.01069	0.01362	0.01125	0.00826	0.15142	0.16069	0.02705	0.16979	0.11447	0.24152	0.01365	0.00767	0.00228	0.00468	0.01153	0.00680	0.00808
13	0.01023	0.00724	0.00981	0.01119	0.01227	0.00715	0.00900	0.01249	0.01436	0.01881	0.03471	0.23936	0.03896	0.11414	0.01251	0.00350	0.00577	0.42659	0.00604	0.00584
14	0.02051	0.12109	0.07670	0.11175	0.09505	0.27677	0.01538	0.10512	0.05292	0.02149	0.01253	0.01478	0.01000	0.00713	0.00672	0.00195	0.03202	0.00517	0.00388	0.00904
15	0.01596	0.01166	0.01384	0.01090	0.01519	0.01049	0.00846	0.10364	0.06610	0.04951	0.01435	0.01731	0.01181	0.01059	0.01093	0.20150	0.00565	0.00517	0.00452	0.41241
16	0.00845	0.00600	0.00790	0.00937	0.00974	0.00564	0.00619	0.00956	0.01287	0.01716	0.03652	0.70290	0.04375	0.07568	0.01065	0.00306	0.00416	0.01875	0.00619	0.00545
17	0.00976	0.00659	0.00772	0.00804	0.00819	0.00653	0.00484	0.01010	0.01073	0.01428	0.02477	0.15433	0.02872	0.60888	0.02954	0.00587	0.00621	0.04584	0.00459	0.00447
18	0.01551	0.01385	0.01482	0.01133	0.01655	0.06420	0.00896	0.06782	0.01571	0.02288	0.01413	0.06869	0.01269	0.00689	0.00614	0.00134	0.03103	0.00543	0.00435	0.59766
19	0.05947	0.01718	0.09395	0.08531	0.23894	0.04220	0.01573	0.09477	0.06841	0.05963	0.01645	0.07118	0.01381	0.00787	0.00660	0.00204	0.00744	0.00674	0.00454	0.08774
20	0.01990	0.14799	0.08571	0.06085	0.16883	0.13667	0.01586	0.16414	0.05921	0.02451	0.01328	0.01533	0.01054	0.00718	0.00697	0.00198	0.04164	0.00542	0.00419	0.00979
21	0.01133	0.00869	0.01220	0.01322	0.06402	0.00878	0.03181	0.01385	0.04038	0.05027	0.06556	0.38127	0.10397	0.05935	0.01087	0.00284	0.06039	0.04863	0.00583	0.00671
22	0.01179	0.04268	0.01105	0.00999	0.01204	0.02815	0.00740	0.03391	0.11754	0.04175	0.10318	0.30562	0.19053	0.04137	0.00878	0.00255	0.00461	0.01375	0.00633	0.00698
23	0.01897	0.02071	0.04414	0.05473	0.12135	0.22376	0.12223	0.03672	0.01617	0.04849	0.01391	0.02011	0.01203	0.00863	0.01016	0.00229	0.15840	0.05475	0.00383	0.00862
24	0.05729	0.00984	0.01310	0.04421	0.08993	0.00980	0.00971	0.05166	0.04017	0.14127	0.05304	0.30670	0.04799	0.05169	0.00903	0.00265	0.00545	0.04249	0.00612	0.00785
25	0.01503	0.01451	0.06040	0.07069	0.13762	0.03474	0.04461	0.02338	0.21287	0.04324	0.14219	0.03113	0.04459	0.00976	0.00726	0.00222	0.00654	0.05749	0.00554	0.03616

[dist]
# distance from previous block
# <min> <max>
0	1

[block]
# block no. 3 follows, 31 sequences, length 12
# corresponding to MSA columns:
# 77-88
name=unknown_D
#
# <colnr> <probs for GDERKNQSTAVLIFYWHMCP>
#	G	D	E	R	K	N	Q	S	T	A	V	L	I	F	Y	W	H	M	C	P
0	0.01666	0.06488	0.11846	0.02108	0.15018	0.05466	0.10190	0.07446	0.05002	0.04293	0.02022	0.02215	0.08897	0.00829	0.00806	0.00210	0.07029	0.00690	0.03122	0.04658
1	0.00906	0.00703	0.00873	0.04394	0.01163	0.00649	0.00662	0.01147	0.01667	0.02211	0.33831	0.18383	0.27691	0.01613	0.00814	0.00233	0.00373	0.01406	0.00670	0.00612
2	0.49971	0.01471	0.01365	0.01125	0.01595	0.01638	0.00928	0.20999	0.01829	0.11388	0.01347	0.01400	0.00969	0.00712	0.00527	0.00210	0.00598	0.00476	0.00545	0.00908
3	0.04904	0.16567	0.18182	0.01775	0.08961	0.04165	0.06957	0.06614	0.09461	0.02347	0.03746	0.01912	0.03454	0.00740	0.00616	0.00198	0.00766	0.00605	0.07101	0.00929
4	0.00880	0.00669	0.00762	0.00808	0.00936	0.00607	0.00565	0.01016	0.01390	0.01753	0.07190	0.22534	0.33819	0.18151	0.01420	0.00342	0.00445	0.05580	0.00591	0.00542
5	0.01652	0.01822	0.12901	0.10062	0.21898	0.01604	0.07983	0.11530	0.11268	0.02592	0.08241	0.02122	0.01692	0.00769	0.00702	0.00216	0.00792	0.00696	0.00465	0.00993
6	0.12118	0.01143	0.01235	0.01092	0.01452	0.01188	0.00873	0.06751	0.19403	0.14982	0.06328	0.03598	0.17319	0.01123	0.00695	0.00226	0.00505	0.05202	0.03887	0.00880
7	0.05747	0.01550	0.01747	0.01458	0.01886	0.04046	0.05815	0.19156	0.32241	0.05653	0.06362	0.02621	0.04932	0.00941	0.00703	0.00223	0.00642	0.02619	0.00648	0.01009
8	0.00912	0.00595	0.00815	0.00939	0.00970	0.00564	0.00626	0.00939	0.01218	0.01624	0.03203	0.59362	0.03791	0.02195	0.01269	0.17830	0.00440	0.01648	0.00561	0.00499
9	0.01754	0.07582	0.09527	0.01912	0.08232	0.05061	0.10050	0.11333	0.20930	0.02545	0.03878	0.04450	0.01584	0.00855	0.00821	0.00222	0.07083	0.00707	0.00496	0.00977
10	0.01202	0.01111	0.01329	0.01203	0.01441	0.06989	0.08029	0.01650	0.10780	0.02068	0.12989	0.22355	0.18162	0.06337	0.00969	0.00265	0.00564	0.01272	0.00590	0.00693
11	0.04989	0.07664	0.09942	0.05329	0.16090	0.10468	0.01493	0.07596	0.10128	0.05658	0.03640	0.02083	0.01460	0.00781	0.00648	0.00202	0.00780	0.04188	0.00460	0.06402

[dist]
# distance from previous block
# <min> <max>
2	24

[block]
# block no. 4 follows, 31 sequences, length 7
# corresponding to MSA columns:
# 113-119
name=unknown_E
#
# <colnr> <probs for GDERKNQSTAVLIFYWHMCP>
#	G	D	E	R	K	N	Q	S	T	A	V	L	I	F	Y	W	H	M	C	P
0	0.01353	0.01345	0.11493	0.10201	0.01989	0.01067	0.04035	0.05037	0.03784	0.01903	0.03870	0.04548	0.01410	0.01371	0.01411	0.30044	0.00692	0.00640	0.00379	0.13427
1	0.01614	0.21686	0.06645	0.01473	0.04733	0.11054	0.06908	0.04051	0.01605	0.02079	0.07025	0.08727	0.01993	0.00934	0.00633	0.00197	0.00730	0.05417	0.11697	0.00799
2	0.01630	0.01225	0.06687	0.01175	0.01488	0.01120	0.00978	0.15143	0.01751	0.12290	0.10456	0.02990	0.02272	0.17072	0.20086	0.00532	0.00958	0.00800	0.00549	0.00795
3	0.03309	0.09193	0.04914	0.17056	0.04180	0.05584	0.09665	0.02065	0.11306	0.02069	0.02333	0.03322	0.07051	0.01012	0.00726	0.00234	0.00782	0.13921	0.00460	0.00817
4	0.01504	0.15536	0.36531	0.12542	0.16694	0.01781	0.02116	0.02073	0.01447	0.02024	0.01190	0.01487	0.00918	0.00635	0.00623	0.00203	0.00909	0.00516	0.00302	0.00967
5	0.01831	0.22669	0.02067	0.01307	0.01699	0.28936	0.01056	0.02026	0.01606	0.01745	0.01930	0.12223	0.07403	0.00941	0.00608	0.00178	0.00817	0.00715	0.00406	0.09837
6	0.00964	0.00670	0.00822	0.00819	0.00891	0.00643	0.00538	0.01113	0.01427	0.01969	0.31223	0.13449	0.04393	0.35791	0.02046	0.00429	0.00489	0.01213	0.00583	0.00528

[dist]
# distance from previous block
# <min> <max>
0	2

[block]
# block no. 5 follows, 31 sequences, length 8
# corresponding to MSA columns:
# 122-129
name=unknown_F
#
# <colnr> <probs for GDERKNQSTAVLIFYWHMCP>
#	G	D	E	R	K	N	Q	S	T	A	V	L	I	F	Y	W	H	M	C	P
0	0.06262	0.06194	0.02231	0.01526	0.02137	0.01367	0.17734	0.07651	0.01604	0.02408	0.01262	0.01505	0.01008	0.00563	0.00587	0.00151	0.00703	0.00518	0.00408	0.44183
1	0.13252	0.02266	0.03936	0.01619	0.02011	0.34397	0.09442	0.07014	0.01806	0.02231	0.07024	0.08699	0.01694	0.00878	0.00658	0.00204	0.00930	0.00697	0.00443	0.00800
2	0.01308	0.02337	0.37406	0.08689	0.02691	0.01369	0.11142	0.01861	0.01397	0.01977	0.01634	0.02649	0.01462	0.13446	0.01180	0.00304	0.00926	0.07030	0.00352	0.00838
3	0.01069	0.01403	0.18566	0.01191	0.01527	0.00936	0.01148	0.01434	0.01425	0.02026	0.20049	0.06214	0.04851	0.11975	0.20279	0.00514	0.00950	0.03273	0.00480	0.00691
4	0.07315	0.36775	0.22380	0.01405	0.02046	0.10234	0.01493	0.02081	0.01464	0.01894	0.01467	0.01603	0.05892	0.00703	0.00544	0.00180	0.00826	0.00491	0.00332	0.00875
5	0.01760	0.01342	0.01423	0.01151	0.01591	0.06850	0.00900	0.08504	0.08368	0.11837	0.09308	0.05902	0.04260	0.03782	0.00750	0.00191	0.00578	0.00719	0.00570	0.30213
6	0.07404	0.15459	0.19839	0.01616	0.06947	0.05126	0.01482	0.09730	0.04689	0.07631	0.03649	0.06659	0.02784	0.00967	0.02947	0.00232	0.00795	0.00654	0.00455	0.00933
7	0.05604	0.09008	0.06702	0.13811	0.02420	0.03160	0.05061	0.24022	0.02062	0.02820	0.09158	0.04015	0.01793	0.00945	0.02147	0.00227	0.00771	0.02630	0.00507	0.03139

[dist]
# distance from previous block
# <min> <max>
3	14

[block]
# block no. 6 follows, 31 sequences, length 11
# corresponding to MSA columns:
# 144-154
name=unknown_G
#
# <colnr> <probs for GDERKNQSTAVLIFYWHMCP>
#	G	D	E	R	K	N	Q	S	T	A	V	L	I	F	Y	W	H	M	C	P
0	0.01788	0.01967	0.17493	0.01798	0.06064	0.03559	0.07859	0.17277	0.07681	0.07301	0.03550	0.09668	0.03915	0.00962	0.00820	0.00227	0.05790	0.00801	0.00518	0.00964
1	0.01054	0.00813	0.01092	0.03729	0.05358	0.00863	0.00772	0.01225	0.01299	0.01793	0.16222	0.06723	0.07189	0.29950	0.13732	0.00536	0.05585	0.01002	0.00481	0.00583
2	0.04725	0.03151	0.04403	0.10340	0.03768	0.08449	0.01161	0.14123	0.11705	0.02646	0.13682	0.08280	0.04965	0.01016	0.00692	0.00214	0.00657	0.00840	0.04328	0.00854
3	0.00993	0.00668	0.00803	0.00832	0.00909	0.00630	0.00541	0.01096	0.01300	0.04164	0.11101	0.26304	0.11896	0.33424	0.01963	0.00427	0.00502	0.01355	0.00562	0.00530
4	0.01867	0.02083	0.19561	0.05857	0.06934	0.04640	0.06089	0.19496	0.04668	0.07468	0.05164	0.03696	0.01487	0.00818	0.00749	0.00216	0.03873	0.00668	0.03682	0.00984
5	0.01227	0.00878	0.01054	0.01005	0.01160	0.00940	0.00719	0.04207	0.12328	0.04665	0.02576	0.07643	0.06773	0.29718	0.21457	0.00627	0.00926	0.00945	0.00501	0.00653
6	0.01662	0.01537	0.01737	0.01410	0.05158	0.09822	0.05594	0.02055	0.05042	0.04920	0.01349	0.01532	0.01084	0.00575	0.00565	0.00135	0.00658	0.00476	0.00424	0.54265
7	0.00854	0.00669	0.00774	0.00803	0.00966	0.00588	0.00581	0.01049	0.01585	0.02039	0.21727	0.24510	0.37898	0.01761	0.00825	0.00240	0.00354	0.01527	0.00664	0.00588
8	0.01132	0.00902	0.05544	0.01043	0.01229	0.00788	0.00853	0.01333	0.01354	0.05412	0.14210	0.06525	0.07017	0.10249	0.22736	0.10233	0.00928	0.07402	0.00500	0.00610
9	0.02041	0.01918	0.17071	0.06964	0.08081	0.01531	0.10560	0.14732	0.01898	0.19456	0.01760	0.03828	0.01286	0.00887	0.02568	0.00241	0.02961	0.00673	0.00521	0.01023
10	0.00941	0.00693	0.00875	0.05817	0.01157	0.00694	0.00635	0.01061	0.01231	0.01618	0.05625	0.24100	0.13023	0.31318	0.07768	0.00484	0.00644	0.01283	0.00508	0.00525

[dist]
# distance from previous block
# <min> <max>
1	3

[block]
# block no. 7 follows, 31 sequences, length 31
# corresponding to MSA columns:
# 158-188
name=unknown_H
#
# <colnr> <probs for GDERKNQSTAVLIFYWHMCP>
#	G	D	E	R	K	N	Q	S	T	A	V	L	I	F	Y	W	H	M	C	P
0	0.04981	0.32589	0.14231	0.04116	0.15517	0.07061	0.05120	0.02103	0.01455	0.01919	0.01095	0.01356	0.00920	0.00642	0.00642	0.00187	0.04350	0.00481	0.00314	0.00920
1	0.01777	0.01481	0.01658	0.01425	0.01828	0.01672	0.03868	0.13022	0.51758	0.03029	0.05964	0.02518	0.02115	0.00917	0.00696	0.00225	0.00578	0.00770	0.03648	0.01050
2	0.00849	0.00612	0.00804	0.00931	0.00993	0.00568	0.00632	0.00995	0.01397	0.01872	0.12156	0.64066	0.07519	0.02035	0.00862	0.00268	0.00386	0.01838	0.00650	0.00568
3	0.00871	0.00660	0.00787	0.00833	0.00956	0.00605	0.00582	0.01032	0.01441	0.01872	0.14613	0.29164	0.27457	0.10748	0.04896	0.00340	0.00474	0.01492	0.00613	0.00563
4	0.01032	0.00715	0.00828	0.00805	0.00995	0.00632	0.00586	0.01225	0.01594	0.07013	0.21828	0.12877	0.35736	0.09746	0.01099	0.00278	0.00397	0.01342	0.00656	0.00616
5	0.01975	0.01413	0.01549	0.01277	0.01680	0.01500	0.01038	0.40424	0.02524	0.05982	0.05750	0.06672	0.14133	0.01146	0.00729	0.00220	0.00610	0.05757	0.04678	0.00945
6	0.00882	0.00695	0.00798	0.00794	0.00986	0.00611	0.00599	0.01114	0.01687	0.02182	0.30356	0.09461	0.41105	0.01637	0.00817	0.00231	0.00353	0.04408	0.00678	0.00604
7	0.01786	0.19943	0.20915	0.02146	0.17296	0.01773	0.05097	0.02213	0.01511	0.11849	0.01477	0.04623	0.01194	0.00739	0.00708	0.00204	0.04550	0.00600	0.00397	0.00980
8	0.01395	0.07178	0.68972	0.01911	0.02901	0.01645	0.02460	0.02161	0.01442	0.02139	0.01214	0.01427	0.00867	0.00647	0.00639	0.00213	0.00997	0.00499	0.00289	0.01004
9	0.02389	0.20026	0.02316	0.01627	0.02033	0.57042	0.01287	0.02575	0.01813	0.01660	0.01033	0.01202	0.00880	0.00678	0.00576	0.00169	0.01119	0.00423	0.00339	0.00813
10	0.01114	0.07362	0.12423	0.00971	0.01193	0.00975	0.00820	0.01268	0.01130	0.01512	0.02165	0.03828	0.05803	0.53727	0.02635	0.00526	0.00707	0.00889	0.00396	0.00557
11	0.00878	0.00645	0.00831	0.00949	0.01044	0.00599	0.00685	0.01048	0.01431	0.01876	0.09055	0.50079	0.15004	0.01990	0.00869	0.00271	0.00417	0.11110	0.00643	0.00576
12	0.01739	0.01675	0.02557	0.06921	0.44017	0.04634	0.05044	0.06756	0.05176	0.02278	0.01326	0.01702	0.01096	0.00729	0.00903	0.00220	0.11224	0.00619	0.00375	0.01006
13	0.01037	0.04463	0.01123	0.00984	0.01159	0.00881	0.00770	0.01336	0.03528	0.02144	0.29377	0.07743	0.14861	0.04025	0.15039	0.00412	0.04203	0.05677	0.00591	0.00646
14	0.02148	0.01648	0.01810	0.01359	0.01930	0.01659	0.01113	0.43502	0.02528	0.03515	0.01479	0.01557	0.01106	0.00701	0.00616	0.00166	0.00659	0.00535	0.00578	0.31390
15	0.01616	0.01221	0.01443	0.01052	0.01642	0.00955	0.00844	0.01983	0.04317	0.10121	0.01447	0.01568	0.01134	0.00562	0.00535	0.00119	0.00517	0.00452	0.00467	0.68006
16	0.00817	0.00693	0.00705	0.00702	0.00929	0.00581	0.00527	0.00998	0.01580	0.01896	0.10394	0.06505	0.67917	0.01715	0.00808	0.00230	0.00345	0.01433	0.00642	0.00581
17	0.01259	0.00738	0.00911	0.00859	0.00987	0.00694	0.00581	0.01398	0.01425	0.11716	0.20757	0.10710	0.05844	0.36787	0.02066	0.00433	0.00528	0.01114	0.00591	0.00599
18	0.10363	0.04615	0.01549	0.01277	0.01572	0.01493	0.01019	0.12541	0.15597	0.08004	0.03569	0.12140	0.01919	0.01438	0.06062	0.04336	0.10276	0.00817	0.00556	0.00857
19	0.02582	0.03152	0.01921	0.01734	0.02096	0.69471	0.01305	0.02763	0.01940	0.05324	0.01143	0.01290	0.00923	0.00712	0.00621	0.00178	0.01200	0.00453	0.00378	0.00812
20	0.01047	0.00879	0.01365	0.06929	0.01641	0.00859	0.09991	0.01294	0.01438	0.01894	0.10928	0.18214	0.15125	0.13548	0.04246	0.00352	0.00650	0.08442	0.00536	0.00623
21	0.00884	0.00687	0.00814	0.00888	0.01035	0.00627	0.00653	0.01108	0.03415	0.01900	0.08201	0.33975	0.32206	0.01876	0.00846	0.00258	0.00403	0.08989	0.00642	0.00592
22	0.06642	0.01536	0.01757	0.01377	0.01893	0.01599	0.01130	0.32210	0.10164	0.31196	0.02158	0.01992	0.01458	0.00834	0.00674	0.00211	0.00650	0.00650	0.00737	0.01133
23	0.01469	0.05668	0.13650	0.24145	0.18629	0.03889	0.10893	0.01926	0.01466	0.01957	0.01556	0.02040	0.04377	0.04500	0.00826	0.00237	0.00900	0.00660	0.00337	0.00875
24	0.01677	0.02056	0.19429	0.04105	0.12888	0.04089	0.17323	0.09829	0.01793	0.05764	0.07902	0.02206	0.04448	0.00774	0.00713	0.00214	0.00865	0.00720	0.02253	0.00953
25	0.00846	0.00649	0.00776	0.00840	0.00972	0.00579	0.00594	0.01019	0.01507	0.01949	0.16101	0.38014	0.29961	0.01866	0.00838	0.00250	0.00366	0.01640	0.00655	0.00579
26	0.02078	0.01058	0.01341	0.02917	0.01556	0.00992	0.00899	0.09318	0.03514	0.33945	0.16614	0.08178	0.12306	0.01156	0.00740	0.00220	0.00512	0.00974	0.00752	0.00931
27	0.01880	0.01943	0.08922	0.06250	0.27006	0.06192	0.11297	0.17368	0.05356	0.02672	0.01459	0.01726	0.01123	0.00687	0.00687	0.00208	0.00869	0.00628	0.02702	0.01026
28	0.03820	0.01231	0.05155	0.03387	0.10224	0.02873	0.10375	0.03051	0.01524	0.02130	0.13035	0.26058	0.04654	0.01510	0.04506	0.00284	0.03750	0.01171	0.00513	0.00748
29	0.00896	0.00624	0.00751	0.00848	0.00938	0.00577	0.00579	0.01045	0.01356	0.01847	0.04094	0.48098	0.17214	0.06333	0.00966	0.00276	0.00393	0.01618	0.10984	0.00562
30	0.07984	0.04279	0.01642	0.13343	0.02145	0.10131	0.01132	0.12707	0.01879	0.15078	0.08080	0.07361	0.05573	0.00941	0.00669	0.00207	0.00693	0.00758	0.00561	0.04837

[dist]
# distance from previous block
# <min> <max>
1	7

[block]
# block no. 8 follows, 31 sequences, length 14
# corresponding to MSA columns:
# 196-209
name=unknown_I
#
# <colnr> <probs for GDERKNQSTAVLIFYWHMCP>
#	G	D	E	R	K	N	Q	S	T	A	V	L	I	F	Y	W	H	M	C	P
0	0.03270	0.01278	0.04402	0.01475	0.06237	0.03039	0.07065	0.06635	0.04488	0.05604	0.05032	0.17495	0.13049	0.01194	0.00814	0.00221	0.05012	0.01024	0.03651	0.09016
1	0.05835	0.21509	0.25904	0.01914	0.11716	0.07338	0.01739	0.09137	0.01639	0.02242	0.01207	0.01429	0.00960	0.00838	0.03649	0.00230	0.00912	0.00493	0.00353	0.00955
2	0.00966	0.00778	0.00907	0.03748	0.01200	0.00732	0.00685	0.01305	0.06917	0.02046	0.15653	0.17139	0.33586	0.05020	0.00924	0.00255	0.00419	0.03984	0.00628	0.03106
3	0.01064	0.00855	0.01034	0.02931	0.03044	0.00872	0.00773	0.01595	0.15009	0.02092	0.12005	0.25905	0.18873	0.04948	0.05510	0.00316	0.00531	0.01332	0.00619	0.00691
4	0.01046	0.00743	0.00910	0.00881	0.01068	0.00688	0.00655	0.01385	0.05294	0.05583	0.39807	0.16002	0.20286	0.01538	0.00806	0.00229	0.00363	0.01343	0.00710	0.00663
5	0.00837	0.00626	0.00778	0.00883	0.00978	0.00567	0.00608	0.00984	0.01415	0.01842	0.09351	0.53761	0.20900	0.01991	0.00853	0.00262	0.00379	0.01773	0.00644	0.00567
6	0.60026	0.01161	0.00968	0.00879	0.01239	0.01299	0.00708	0.01804	0.01341	0.02928	0.15162	0.02245	0.06350	0.00855	0.00523	0.00214	0.00477	0.00609	0.00502	0.00712
7	0.02166	0.01935	0.01689	0.01469	0.01875	0.20242	0.01145	0.12001	0.34490	0.09721	0.02157	0.02067	0.01601	0.00843	0.00666	0.00209	0.00746	0.00653	0.03312	0.01011
8	0.02634	0.01863	0.02020	0.01549	0.02095	0.02043	0.01280	0.64764	0.03128	0.09080	0.01717	0.01691	0.01201	0.00823	0.00685	0.00206	0.00741	0.00621	0.00696	0.01164
9	0.01829	0.76368	0.03585	0.01171	0.01756	0.02707	0.01171	0.02049	0.01390	0.01610	0.00951	0.01097	0.00878	0.00585	0.00439	0.00146	0.00732	0.00366	0.00293	0.00878
10	0.01492	0.01441	0.02449	0.36188	0.25889	0.01614	0.08542	0.02033	0.06295	0.02023	0.01351	0.01820	0.01062	0.00690	0.00766	0.00224	0.04233	0.00639	0.00347	0.00903
11	0.00927	0.00742	0.00810	0.00795	0.01007	0.00662	0.00593	0.04323	0.01681	0.02120	0.18142	0.13714	0.48706	0.01673	0.00809	0.00232	0.00367	0.01422	0.00659	0.00616
12	0.01718	0.01559	0.10072	0.01453	0.01895	0.03102	0.05969	0.07123	0.21840	0.12398	0.02701	0.08525	0.06415	0.01347	0.05682	0.00293	0.00749	0.05626	0.00599	0.00935
13	0.16261	0.13184	0.27991	0.01541	0.02214	0.11979	0.01621	0.09834	0.01682	0.06037	0.01237	0.01372	0.00924	0.00675	0.00580	0.00198	0.00864	0.00474	0.00396	0.00937

[dist]
# distance from previous block
# <min> <max>
4	15

[block]
# block no. 9 follows, 31 sequences, length 23
# corresponding to MSA columns:
# 226-248
name=unknown_J
#
# <colnr> <probs for GDERKNQSTAVLIFYWHMCP>
#	G	D	E	R	K	N	Q	S	T	A	V	L	I	F	Y	W	H	M	C	P
0	0.01674	0.01438	0.07702	0.01153	0.01548	0.03555	0.01001	0.16076	0.09780	0.02827	0.01889	0.02059	0.01451	0.00781	0.00624	0.00181	0.02854	0.00603	0.33016	0.09789
1	0.04572	0.14713	0.11453	0.01416	0.01934	0.04481	0.01296	0.16230	0.24303	0.02707	0.02061	0.02072	0.04803	0.01014	0.03792	0.00245	0.00752	0.00640	0.00530	0.00987
2	0.00840	0.00603	0.00787	0.00931	0.00977	0.00562	0.00619	0.00956	0.01305	0.01730	0.03831	0.69000	0.07379	0.05727	0.00998	0.00295	0.00408	0.01876	0.00624	0.00550
3	0.01625	0.01950	0.06819	0.03546	0.03742	0.22257	0.17636	0.01987	0.01765	0.02130	0.19216	0.02932	0.09537	0.00945	0.00735	0.00209	0.00865	0.00842	0.00474	0.00786
4	0.01493	0.01214	0.01426	0.01022	0.01627	0.00916	0.00819	0.01795	0.01443	0.05373	0.01283	0.01460	0.01044	0.00522	0.00515	0.00106	0.00510	0.00418	0.00425	0.76588
5	0.01419	0.01216	0.01419	0.01013	0.01621	0.00912	0.00811	0.01723	0.01419	0.02229	0.01216	0.01419	0.01013	0.00507	0.00507	0.00101	0.00507	0.00405	0.00405	0.80139
6	0.01372	0.03539	0.72412	0.01950	0.02961	0.01589	0.02528	0.02167	0.01444	0.02167	0.01228	0.01444	0.00867	0.00650	0.00650	0.00217	0.01011	0.00506	0.00289	0.01011
7	0.00995	0.00663	0.00746	0.00746	0.00746	0.00663	0.00415	0.00995	0.00995	0.01327	0.02156	0.04477	0.02487	0.75957	0.03482	0.00663	0.00663	0.00995	0.00415	0.00415
8	0.00860	0.00681	0.00774	0.00781	0.00963	0.00595	0.00574	0.01070	0.01636	0.02101	0.25734	0.16248	0.42171	0.01693	0.00818	0.00233	0.00347	0.01456	0.00671	0.00595
9	0.01843	0.01504	0.01653	0.01534	0.05126	0.01706	0.01148	0.09543	0.58049	0.06007	0.02606	0.02419	0.01939	0.00900	0.00694	0.00227	0.00575	0.00748	0.00685	0.01094
10	0.64885	0.01641	0.01202	0.01064	0.01484	0.12076	0.00858	0.05939	0.01394	0.02935	0.01007	0.01159	0.00785	0.00656	0.00467	0.00206	0.00645	0.00395	0.00428	0.00773
11	0.01497	0.00918	0.01052	0.00939	0.01093	0.00932	0.00631	0.09502	0.04773	0.11268	0.02199	0.03761	0.02205	0.53354	0.02641	0.00528	0.00657	0.00898	0.00518	0.00636
12	0.01067	0.00785	0.00881	0.00864	0.01080	0.00735	0.00643	0.01466	0.09348	0.05376	0.16284	0.16768	0.35195	0.01567	0.00785	0.00232	0.00382	0.01342	0.04529	0.00672
13	0.41954	0.01280	0.01290	0.01078	0.01538	0.01353	0.00882	0.02705	0.09633	0.29282	0.01832	0.01743	0.01261	0.00750	0.00556	0.00214	0.00551	0.00539	0.00616	0.00942
14	0.06211	0.01851	0.01871	0.01472	0.01987	0.10182	0.01200	0.41190	0.02644	0.21760	0.01820	0.01751	0.01250	0.00806	0.00666	0.00204	0.00755	0.00603	0.00676	0.01101
15	0.00888	0.00662	0.00809	0.00858	0.00980	0.00604	0.00610	0.01072	0.01520	0.02007	0.21911	0.30289	0.21990	0.08363	0.01073	0.00285	0.00399	0.04459	0.00646	0.00575
16	0.00883	0.00672	0.00819	0.00881	0.01024	0.00608	0.00652	0.01083	0.01550	0.02013	0.18166	0.30182	0.27734	0.01827	0.00846	0.00254	0.00392	0.09170	0.00658	0.00589
17	0.01675	0.04689	0.01578	0.01319	0.01647	0.01573	0.01038	0.15365	0.33712	0.02769	0.02490	0.14330	0.02172	0.01286	0.03981	0.00269	0.04230	0.00903	0.04028	0.00946
18	0.01880	0.04253	0.10560	0.02090	0.02709	0.04190	0.32957	0.08260	0.01771	0.13711	0.01902	0.02114	0.04980	0.00940	0.04273	0.00261	0.00988	0.00741	0.00467	0.00953
19	0.00832	0.00601	0.00788	0.00939	0.00989	0.00557	0.00629	0.00954	0.01323	0.01752	0.03942	0.71768	0.08156	0.02121	0.00870	0.00275	0.00394	0.01918	0.00635	0.00557
20	0.01247	0.00970	0.01075	0.01059	0.04122	0.03962	0.00758	0.01599	0.06610	0.07737	0.17779	0.11145	0.30524	0.01390	0.00760	0.00217	0.00450	0.01182	0.00637	0.06776
21	0.10620	0.04501	0.06737	0.04732	0.09446	0.01337	0.04466	0.08487	0.08087	0.02492	0.09611	0.10847	0.10402	0.01049	0.00689	0.00217	0.00615	0.00894	0.00523	0.04248
22	0.13505	0.05681	0.01953	0.01913	0.14616	0.12436	0.06689	0.04912	0.03773	0.03810	0.01857	0.10852	0.04582	0.00935	0.00757	0.00216	0.05813	0.00759	0.04103	0.00839

[dist]
# distance from previous block
# <min> <max>
0	11

[block]
# block no. 10 follows, 31 sequences, length 34
# corresponding to MSA columns:
# 260-293
name=unknown_K
#
# <colnr> <probs for GDERKNQSTAVLIFYWHMCP>
#	G	D	E	R	K	N	Q	S	T	A	V	L	I	F	Y	W	H	M	C	P
0	0.01777	0.04224	0.06599	0.01982	0.13816	0.13894	0.08084	0.05079	0.01661	0.05491	0.04046	0.05816	0.01426	0.00753	0.00691	0.00183	0.02967	0.00637	0.00424	0.20447
1	0.05007	0.04576	0.01066	0.00898	0.00993	0.00930	0.00606	0.01323	0.01114	0.06875	0.02040	0.06079	0.02201	0.53218	0.05080	0.00559	0.05544	0.00907	0.00440	0.00543
2	0.01665	0.04385	0.11459	0.12124	0.23903	0.01727	0.12654	0.08020	0.10547	0.02376	0.01487	0.01784	0.01151	0.00695	0.00737	0.00217	0.03030	0.00641	0.00402	0.00996
3	0.31668	0.01056	0.01070	0.00937	0.01281	0.01105	0.00751	0.04371	0.01561	0.15402	0.12938	0.02606	0.06646	0.01118	0.04218	0.00251	0.00540	0.00697	0.10996	0.00787
4	0.01014	0.00700	0.00867	0.00897	0.01041	0.00656	0.00652	0.01184	0.01418	0.05746	0.08832	0.25058	0.23501	0.11079	0.09460	0.00399	0.00599	0.05702	0.00597	0.00597
5	0.00866	0.00681	0.00782	0.00788	0.00967	0.00597	0.00579	0.01081	0.01648	0.02133	0.28039	0.16397	0.39641	0.01682	0.00818	0.00233	0.00346	0.01450	0.00675	0.00597
6	0.01727	0.00866	0.01142	0.00978	0.01266	0.00775	0.00759	0.02005	0.01878	0.27846	0.40217	0.04117	0.06826	0.05393	0.00914	0.00240	0.00437	0.01032	0.00764	0.00819
7	0.01457	0.01338	0.01924	0.01374	0.01999	0.01070	0.14017	0.01813	0.01457	0.02222	0.01248	0.01501	0.01018	0.00520	0.00565	0.00126	0.00632	0.00483	0.00394	0.64842
8	0.02622	0.01883	0.02032	0.01558	0.02105	0.02072	0.01287	0.66463	0.03161	0.07336	0.01690	0.01673	0.01187	0.00822	0.00685	0.00206	0.00745	0.00619	0.00692	0.01164
9	0.01372	0.03539	0.72412	0.01950	0.02961	0.01589	0.02528	0.02167	0.01444	0.02167	0.01228	0.01444	0.00867	0.00650	0.00650	0.00217	0.01011	0.00506	0.00289	0.01011
10	0.80789	0.01323	0.01006	0.00900	0.01323	0.01535	0.00741	0.02011	0.01164	0.03070	0.00953	0.01111	0.00741	0.00635	0.00423	0.00212	0.00529	0.00370	0.00423	0.00741
11	0.01520	0.01213	0.01429	0.01026	0.01629	0.00918	0.00823	0.01821	0.01452	0.06517	0.01307	0.01474	0.01055	0.00528	0.00518	0.00108	0.00511	0.00423	0.00432	0.75297
12	0.01653	0.01556	0.01613	0.06142	0.01893	0.12407	0.04866	0.14653	0.11016	0.02470	0.07099	0.05731	0.20238	0.01132	0.00803	0.00222	0.04195	0.00919	0.00562	0.00830
13	0.80789	0.01323	0.01006	0.00900	0.01323	0.01535	0.00741	0.02011	0.01164	0.03070	0.00953	0.01111	0.00741	0.00635	0.00423	0.00212	0.00529	0.00370	0.00423	0.00741
14	0.00991	0.00680	0.00833	0.00833	0.00863	0.00711	0.00523	0.01051	0.01021	0.01391	0.02076	0.04036	0.02296	0.58495	0.20682	0.00771	0.00952	0.00930	0.00403	0.00463
15	0.01372	0.03539	0.72412	0.01950	0.02961	0.01589	0.02528	0.02167	0.01444	0.02167	0.01228	0.01444	0.00867	0.00650	0.00650	0.00217	0.01011	0.00506	0.00289	0.01011
16	0.01635	0.01564	0.02640	0.03969	0.67044	0.01557	0.01996	0.02026	0.01558	0.02210	0.01657	0.02014	0.05700	0.00683	0.00686	0.00205	0.00782	0.00664	0.00358	0.01050
17	0.00991	0.00792	0.01071	0.01123	0.01198	0.00872	0.00851	0.01159	0.01302	0.01762	0.03361	0.40195	0.09702	0.02245	0.09020	0.00372	0.12701	0.10129	0.00550	0.00605
18	0.02452	0.02353	0.01959	0.03873	0.02164	0.28708	0.01305	0.35671	0.09482	0.03097	0.01526	0.01587	0.01143	0.00784	0.00660	0.00198	0.00917	0.00566	0.00549	0.01004
19	0.00979	0.00717	0.00879	0.00956	0.01068	0.00687	0.00685	0.04859	0.01459	0.01899	0.04015	0.43193	0.15854	0.10043	0.01145	0.00312	0.00465	0.09583	0.00613	0.00587
20	0.01795	0.05021	0.23699	0.01551	0.02157	0.06987	0.01539	0.11455	0.22063	0.06140	0.06583	0.02062	0.01695	0.00812	0.00666	0.00210	0.00760	0.00645	0.00529	0.03630
21	0.01612	0.09029	0.01594	0.01205	0.01560	0.01466	0.00965	0.06558	0.34451	0.06438	0.23818	0.03131	0.03244	0.01028	0.00703	0.00215	0.00508	0.00861	0.00679	0.00935
22	0.01024	0.00746	0.00992	0.01058	0.01224	0.00715	0.00878	0.01327	0.01703	0.02277	0.28310	0.06662	0.11848	0.01697	0.00881	0.00270	0.00490	0.36593	0.00675	0.00630
23	0.10034	0.41487	0.08862	0.01494	0.04592	0.04729	0.06579	0.06679	0.01541	0.02102	0.01088	0.01271	0.00911	0.00612	0.00520	0.00170	0.00776	0.00444	0.00348	0.05762
24	0.01899	0.08579	0.27206	0.01663	0.02333	0.04052	0.05722	0.16113	0.07640	0.10434	0.01755	0.06527	0.01374	0.00820	0.00670	0.00213	0.00823	0.00670	0.00495	0.01012
25	0.00832	0.00601	0.00788	0.00938	0.00988	0.00557	0.00629	0.00954	0.01324	0.01752	0.03948	0.71643	0.08277	0.02120	0.00870	0.00275	0.00394	0.01917	0.00635	0.00557
26	0.00878	0.00696	0.00789	0.00766	0.00967	0.00607	0.00574	0.01116	0.01723	0.02236	0.34856	0.05945	0.43244	0.01588	0.00808	0.00224	0.00336	0.01354	0.00686	0.00607
27	0.05712	0.43803	0.13070	0.01357	0.01910	0.07338	0.01355	0.03694	0.03148	0.01926	0.04772	0.01447	0.01202	0.00706	0.00642	0.00180	0.06047	0.00470	0.00347	0.00875
28	0.01144	0.01166	0.09006	0.04777	0.05264	0.00972	0.02906	0.01467	0.03841	0.04212	0.06023	0.23949	0.14203	0.08104	0.05846	0.00338	0.04367	0.01197	0.00519	0.00701
29	0.01212	0.00742	0.00843	0.00858	0.01010	0.00749	0.00659	0.03403	0.03591	0.02282	0.05951	0.04250	0.04671	0.13564	0.01119	0.00286	0.00466	0.15711	0.38006	0.00626
30	0.06758	0.01449	0.01780	0.05193	0.11069	0.06029	0.03745	0.17813	0.01820	0.05968	0.01885	0.02492	0.05430	0.03197	0.01163	0.11716	0.05790	0.05392	0.00482	0.00829
31	0.01782	0.09533	0.12357	0.02270	0.10315	0.01827	0.24217	0.15440	0.04027	0.02534	0.01409	0.01739	0.01102	0.02981	0.00819	0.00223	0.02935	0.00649	0.00413	0.03427
32	0.01265	0.01561	0.17816	0.01371	0.01731	0.03394	0.06022	0.01677	0.09283	0.01858	0.02268	0.19316	0.05307	0.01540	0.01265	0.21549	0.00688	0.00960	0.00442	0.00688
33	0.01024	0.00702	0.00888	0.00929	0.01023	0.00677	0.00643	0.05113	0.01435	0.01913	0.11809	0.38558	0.10187	0.07399	0.01334	0.13338	0.00456	0.01439	0.00581	0.00553

[dist]
# distance from previous block
# <min> <max>
0	7

[block]
# block no. 11 follows, 31 sequences, length 20
# corresponding to MSA columns:
# 301-320
name=unknown_L
#
# <colnr> <probs for GDERKNQSTAVLIFYWHMCP>
#	G	D	E	R	K	N	Q	S	T	A	V	L	I	F	Y	W	H	M	C	P
0	0.08444	0.05223	0.01312	0.01058	0.01350	0.01230	0.00832	0.16144	0.04269	0.04023	0.08145	0.10463	0.19870	0.09076	0.01057	0.00272	0.02964	0.02921	0.00589	0.00759
1	0.04427	0.33292	0.04674	0.01817	0.05804	0.11619	0.16942	0.03871	0.01568	0.04222	0.01208	0.01462	0.00998	0.00850	0.04296	0.00229	0.00952	0.00529	0.00351	0.00889
2	0.01660	0.04213	0.01805	0.11097	0.09387	0.01451	0.01234	0.10641	0.10490	0.06221	0.04069	0.05994	0.03037	0.03030	0.00865	0.00214	0.06692	0.00704	0.00498	0.16700
3	0.01835	0.18541	0.18349	0.01815	0.10410	0.01782	0.03850	0.11640	0.05273	0.08117	0.01518	0.03958	0.01205	0.00718	0.00616	0.00190	0.00768	0.00579	0.00442	0.08395
4	0.01711	0.10374	0.13101	0.08252	0.13126	0.07656	0.01508	0.04990	0.04970	0.08692	0.07101	0.02238	0.03035	0.01210	0.07482	0.00289	0.00887	0.02019	0.00450	0.00908
5	0.00978	0.00729	0.01080	0.01080	0.01196	0.00845	0.00831	0.01209	0.01094	0.01574	0.01850	0.02785	0.01753	0.09002	0.69433	0.01076	0.01769	0.00747	0.00369	0.00600
6	0.01586	0.01111	0.01500	0.10174	0.08214	0.01165	0.01090	0.10856	0.04306	0.11062	0.24171	0.03261	0.04495	0.06595	0.05517	0.00304	0.02284	0.00879	0.00601	0.00830
7	0.01950	0.09672	0.20417	0.01902	0.10023	0.08665	0.03099	0.17622	0.07364	0.06486	0.05084	0.01795	0.01392	0.00753	0.00654	0.00203	0.00831	0.00597	0.00478	0.01013
8	0.01772	0.06833	0.49466	0.01786	0.02635	0.05580	0.02096	0.11237	0.01749	0.08532	0.01388	0.01519	0.00980	0.00690	0.00645	0.00209	0.00937	0.00526	0.00394	0.01026
9	0.01505	0.00833	0.00871	0.00802	0.01030	0.00860	0.00619	0.07151	0.07257	0.06268	0.02255	0.02468	0.01732	0.00812	0.00523	0.00172	0.00384	0.00650	0.63066	0.00742
10	0.01279	0.01191	0.01570	0.01420	0.01564	0.05866	0.04554	0.01592	0.04999	0.01728	0.01830	0.07051	0.03635	0.03010	0.34585	0.00650	0.21605	0.00783	0.00389	0.00698
11	0.01495	0.01485	0.02222	0.50981	0.21107	0.07421	0.01902	0.01916	0.01462	0.01863	0.01221	0.01743	0.00952	0.00667	0.00677	0.00218	0.00914	0.00595	0.00317	0.00843
12	0.01381	0.01342	0.01542	0.14265	0.02075	0.13226	0.04752	0.01624	0.01420	0.01811	0.02162	0.23634	0.02263	0.03621	0.03456	0.00283	0.09114	0.04405	0.06944	0.00681
13	0.01193	0.00597	0.00878	0.00878	0.00886	0.00597	0.00588	0.00929	0.00920	0.01261	0.01244	0.02105	0.01219	0.02292	0.02556	0.75819	0.00579	0.00597	0.04547	0.00315
14	0.01522	0.01451	0.02467	0.34151	0.43077	0.01580	0.02014	0.01949	0.01477	0.02027	0.01257	0.01749	0.01010	0.00641	0.00680	0.00214	0.00855	0.00609	0.00324	0.00945
15	0.01048	0.00747	0.00981	0.07501	0.01382	0.00759	0.00790	0.04639	0.01451	0.01998	0.05756	0.44771	0.03638	0.06454	0.00975	0.00283	0.00486	0.06872	0.08855	0.00614
16	0.02001	0.40852	0.07617	0.01489	0.02011	0.16408	0.05040	0.02268	0.01531	0.07210	0.01147	0.01318	0.00952	0.00684	0.00676	0.00179	0.06924	0.00459	0.00351	0.00884
17	0.50279	0.01486	0.03978	0.01116	0.01602	0.01551	0.00955	0.14415	0.01682	0.15180	0.01389	0.01430	0.00986	0.00706	0.00525	0.00211	0.00597	0.00475	0.00539	0.00900
18	0.15183	0.01313	0.01465	0.01186	0.01639	0.01353	0.00966	0.16567	0.09696	0.30415	0.02149	0.02043	0.01482	0.00810	0.00619	0.00206	0.00571	0.00625	0.10693	0.01020
19	0.02753	0.01343	0.01661	0.01299	0.01805	0.01306	0.01064	0.18054	0.08676	0.47721	0.05197	0.02307	0.01801	0.00871	0.00693	0.00212	0.00606	0.00702	0.00793	0.01136

[dist]
# distance from previous block
# <min> <max>
0	1

[block]
# block no. 12 follows, 31 sequences, length 8
# corresponding to MSA columns:
# 322-329
name=unknown_M
#
# <colnr> <probs for GDERKNQSTAVLIFYWHMCP>
#	G	D	E	R	K	N	Q	S	T	A	V	L	I	F	Y	W	H	M	C	P
0	0.50878	0.01490	0.01611	0.01310	0.01782	0.01659	0.09963	0.11401	0.09144	0.03099	0.01306	0.01440	0.00987	0.00685	0.00540	0.00216	0.00644	0.00506	0.00479	0.00860
1	0.02431	0.01260	0.01525	0.01238	0.01668	0.01255	0.00981	0.11417	0.17165	0.38833	0.02513	0.02578	0.01820	0.10854	0.01061	0.00275	0.00605	0.00739	0.00735	0.01046
2	0.01504	0.01652	0.03427	0.02528	0.03066	0.01620	0.53553	0.01979	0.01518	0.02079	0.01635	0.11093	0.01463	0.00838	0.00965	0.00244	0.08672	0.00929	0.00378	0.00858
