[name]
unknown

[dist]
# distance from previous block
# <min> <max>
0	31

[block]
# block no. 0 follows, 34 sequences, length 76
# corresponding to MSA columns:
# 31-106
name=unknown_A
#
# <colnr> <probs for GDERKNQSTAVLIFYWHMCP>
#	G	D	E	R	K	N	Q	S	T	A	V	L	I	F	Y	W	H	M	C	P
0	0.01047	0.00743	0.00892	0.00919	0.01016	0.00745	0.00640	0.08712	0.01372	0.01818	0.02940	0.34518	0.06022	0.26861	0.01628	0.00378	0.00516	0.08148	0.00535	0.00552
1	0.01570	0.01270	0.01610	0.20348	0.02331	0.03117	0.03629	0.21912	0.07053	0.02519	0.01866	0.13854	0.01662	0.01092	0.03669	0.00240	0.00705	0.00794	0.06935	0.03825
2	0.01387	0.01178	0.01631	0.41366	0.03049	0.03278	0.01364	0.10275	0.06225	0.03865	0.04272	0.09796	0.04867	0.03759	0.00772	0.00231	0.00718	0.00782	0.00435	0.00752
3	0.01288	0.00792	0.00981	0.00903	0.01133	0.00740	0.00686	0.01675	0.08174	0.14967	0.33508	0.13663	0.16265	0.01333	0.00741	0.00214	0.00380	0.01156	0.00688	0.00713
4	0.05676	0.01155	0.01431	0.01142	0.01583	0.01102	0.00929	0.11595	0.07079	0.46877	0.06776	0.04735	0.05149	0.00901	0.00657	0.00204	0.00536	0.00735	0.00733	0.01005
5	0.01419	0.01351	0.02297	0.38117	0.40520	0.01488	0.01893	0.01825	0.01386	0.01892	0.01184	0.01658	0.00946	0.00609	0.00643	0.00203	0.00812	0.00575	0.00304	0.00878
6	0.01220	0.01148	0.01938	0.75739	0.04450	0.01436	0.01794	0.01651	0.01292	0.01651	0.01148	0.01723	0.00861	0.00646	0.00646	0.00215	0.00861	0.00574	0.00287	0.00718
7	0.13397	0.01274	0.01569	0.01250	0.01695	0.01301	0.06167	0.12809	0.13400	0.29674	0.02049	0.01963	0.01420	0.00757	0.00605	0.00199	0.00577	0.00615	0.08312	0.00966
8	0.00940	0.00626	0.00705	0.00705	0.00705	0.00626	0.00392	0.00940	0.00940	0.01253	0.02036	0.04228	0.02349	0.77292	0.03289	0.00626	0.00626	0.00940	0.00392	0.00392
9	0.02259	0.01708	0.01884	0.07416	0.02162	0.01912	0.01250	0.57707	0.10894	0.03720	0.01644	0.01665	0.01181	0.00777	0.00648	0.00199	0.00700	0.00598	0.00619	0.01059
10	0.02084	0.01517	0.01745	0.01401	0.01852	0.01648	0.04280	0.34103	0.24845	0.11149	0.04484	0.02171	0.04013	0.00847	0.00663	0.00205	0.00620	0.00691	0.00653	0.01030
11	0.01778	0.04578	0.04561	0.05799	0.01949	0.01684	0.01163	0.15925	0.46931	0.05132	0.02208	0.02104	0.01638	0.00818	0.00643	0.00210	0.00596	0.00665	0.00607	0.01011
12	0.08204	0.01151	0.01556	0.22207	0.05977	0.01206	0.01178	0.07207	0.04873	0.20961	0.09670	0.02292	0.04398	0.00800	0.00635	0.00199	0.00615	0.00667	0.00539	0.05664
13	0.01276	0.00768	0.00922	0.00830	0.01039	0.00706	0.00607	0.01530	0.04209	0.13856	0.23832	0.04180	0.16101	0.19551	0.01326	0.00302	0.00441	0.00994	0.03874	0.03660
14	0.02324	0.02733	0.01856	0.07572	0.02195	0.57822	0.01289	0.12881	0.01971	0.01964	0.01094	0.01268	0.00875	0.00681	0.00597	0.00175	0.01072	0.00454	0.00377	0.00800
15	0.01453	0.01063	0.01279	0.00973	0.01465	0.00826	0.00765	0.01712	0.01387	0.10692	0.01644	0.11676	0.01484	0.00727	0.00546	0.00131	0.00473	0.00612	0.00463	0.60628
16	0.00934	0.00710	0.01073	0.03902	0.01280	0.00832	0.00845	0.01173	0.01048	0.01506	0.01708	0.02507	0.01586	0.04685	0.71892	0.01007	0.01697	0.00688	0.00344	0.00582
17	0.01569	0.01504	0.02568	0.09716	0.67749	0.01527	0.01968	0.01956	0.01457	0.02074	0.01210	0.01609	0.01010	0.00581	0.00640	0.00194	0.00775	0.00576	0.00317	0.00999
18	0.00914	0.00660	0.00864	0.00813	0.00965	0.00610	0.00610	0.01219	0.01829	0.02591	0.72921	0.04827	0.06097	0.01321	0.00762	0.00203	0.00305	0.01169	0.00711	0.00610
19	0.01880	0.01425	0.01541	0.01325	0.01729	0.01601	0.01048	0.14206	0.53607	0.10466	0.02449	0.02251	0.01793	0.00852	0.00655	0.00213	0.00547	0.00698	0.00671	0.01043
20	0.00905	0.00660	0.00851	0.00803	0.00960	0.00606	0.00602	0.01202	0.01807	0.02540	0.68905	0.04911	0.10144	0.01340	0.00762	0.00204	0.00306	0.01180	0.00705	0.00606
21	0.00787	0.00562	0.00750	0.00900	0.00937	0.00525	0.00600	0.00900	0.01237	0.01649	0.03561	0.76871	0.04274	0.02024	0.00825	0.00262	0.00375	0.01837	0.00600	0.00525
22	0.81856	0.01250	0.00950	0.00850	0.01250	0.01449	0.00700	0.01899	0.01100	0.02899	0.00900	0.01050	0.00700	0.00600	0.00400	0.00200	0.00500	0.00350	0.00400	0.00700
23	0.02899	0.01100	0.01499	0.01150	0.01649	0.00950	0.00950	0.03149	0.01849	0.73709	0.02549	0.02199	0.01599	0.00800	0.00650	0.00200	0.00550	0.00650	0.00800	0.01100
24	0.46126	0.01384	0.01099	0.00969	0.01331	0.11008	0.00774	0.04502	0.01389	0.10081	0.01320	0.01441	0.00993	0.00662	0.00468	0.00187	0.00566	0.00442	0.14514	0.00745
25	0.81856	0.01250	0.00950	0.00850	0.01250	0.01449	0.00700	0.01899	0.01100	0.02899	0.00900	0.01050	0.00700	0.00600	0.00400	0.00200	0.00500	0.00350	0.00400	0.00700
26	0.81856	0.01250	0.00950	0.00850	0.01250	0.01449	0.00700	0.01899	0.01100	0.02899	0.00900	0.01050	0.00700	0.00600	0.00400	0.00200	0.00500	0.00350	0.00400	0.00700
27	0.00764	0.00655	0.00655	0.00655	0.00873	0.00545	0.00491	0.00927	0.01473	0.01745	0.06546	0.06218	0.73000	0.01636	0.00764	0.00218	0.00327	0.01364	0.00600	0.00545
28	0.81856	0.01250	0.00950	0.00850	0.01250	0.01449	0.00700	0.01899	0.01100	0.02899	0.00900	0.01050	0.00700	0.00600	0.00400	0.00200	0.00500	0.00350	0.00400	0.00700
29	0.01525	0.01743	0.03813	0.02723	0.03377	0.01634	0.70915	0.02070	0.01525	0.02070	0.01307	0.01743	0.00980	0.00545	0.00763	0.00218	0.01089	0.00763	0.00327	0.00871
30	0.01340	0.01148	0.01340	0.00957	0.01531	0.00861	0.00766	0.01627	0.01340	0.02105	0.01148	0.01340	0.00957	0.00479	0.00479	0.00096	0.00479	0.00383	0.00383	0.81242
31	0.00787	0.00562	0.00750	0.00900	0.00937	0.00525	0.00600	0.00900	0.01237	0.01649	0.03561	0.76871	0.04274	0.02024	0.00825	0.00262	0.00375	0.01837	0.00600	0.00525
32	0.02456	0.01810	0.01939	0.01487	0.02004	0.02004	0.01228	0.71107	0.03038	0.04072	0.01551	0.01551	0.01099	0.00776	0.00646	0.00194	0.00711	0.00582	0.00646	0.01099
33	0.00802	0.00573	0.00767	0.00917	0.00961	0.00538	0.00626	0.00926	0.01252	0.01666	0.03553	0.72716	0.04240	0.02010	0.00829	0.00265	0.00388	0.05842	0.00600	0.00529
34	0.00787	0.00562	0.00750	0.00900	0.00937	0.00525	0.00600	0.00900	0.01237	0.01649	0.03561	0.76871	0.04274	0.02024	0.00825	0.00262	0.00375	0.01837	0.00600	0.00525
35	0.00819	0.00585	0.00786	0.00936	0.00987	0.00552	0.00655	0.00955	0.01268	0.01685	0.03544	0.68152	0.04204	0.01994	0.00833	0.00267	0.00402	0.10241	0.00599	0.00534
36	0.01599	0.01535	0.02623	0.03966	0.73262	0.01535	0.01983	0.01983	0.01471	0.02111	0.01215	0.01599	0.01023	0.00576	0.00640	0.00192	0.00768	0.00576	0.00320	0.01023
37	0.00787	0.00562	0.00750	0.00900	0.00937	0.00525	0.00600	0.00900	0.01237	0.01649	0.03561	0.76871	0.04274	0.02024	0.00825	0.00262	0.00375	0.01837	0.00600	0.00525
38	0.02414	0.03079	0.01831	0.01665	0.01998	0.74698	0.01248	0.02580	0.01831	0.01581	0.00999	0.01165	0.00832	0.00666	0.00583	0.00166	0.01165	0.00416	0.00333	0.00749
39	0.01541	0.08324	0.06783	0.01829	0.07638	0.07498	0.06862	0.01892	0.05463	0.01785	0.01081	0.01452	0.00944	0.00851	0.01305	0.00224	0.36094	0.00540	0.00323	0.07571
40	0.01545	0.01505	0.02445	0.19590	0.55681	0.04104	0.01916	0.01931	0.01445	0.01991	0.01193	0.01611	0.00981	0.00594	0.00639	0.00196	0.00802	0.00570	0.00313	0.00947
41	0.00914	0.00660	0.00864	0.00813	0.00965	0.00610	0.00610	0.01219	0.01829	0.02591	0.72921	0.04827	0.06097	0.01321	0.00762	0.00203	0.00305	0.01169	0.00711	0.00610
42	0.01607	0.01394	0.01508	0.01423	0.04590	0.01604	0.01062	0.03374	0.69223	0.02679	0.02572	0.02378	0.01934	0.00864	0.00657	0.00218	0.00522	0.00724	0.00644	0.01023
43	0.01761	0.74204	0.03320	0.01123	0.01674	0.02531	0.01111	0.05105	0.01392	0.01637	0.00928	0.01060	0.00842	0.00563	0.00425	0.00141	0.00692	0.00356	0.00293	0.00842
44	0.00787	0.00562	0.00750	0.00900	0.00937	0.00525	0.00600	0.00900	0.01237	0.01649	0.03561	0.76871	0.04274	0.02024	0.00825	0.00262	0.00375	0.01837	0.00600	0.00525
45	0.01275	0.01237	0.01933	0.72345	0.04338	0.04793	0.01769	0.01693	0.01317	0.01648	0.01142	0.01697	0.00860	0.00647	0.00643	0.00213	0.00875	0.00567	0.00289	0.00719
46	0.00787	0.00562	0.00750	0.00900	0.00937	0.00525	0.00600	0.00900	0.01237	0.01649	0.03561	0.76871	0.04274	0.02024	0.00825	0.00262	0.00375	0.01837	0.00600	0.00525
47	0.00924	0.00687	0.01010	0.01010	0.01115	0.00792	0.00772	0.01135	0.01030	0.01479	0.01757	0.02685	0.01679	0.11115	0.68550	0.01003	0.01635	0.00714	0.00350	0.00561
48	0.01727	0.77681	0.03386	0.01106	0.01658	0.02557	0.01106	0.01935	0.01313	0.01520	0.00898	0.01036	0.00829	0.00553	0.00415	0.00138	0.00691	0.00345	0.00276	0.00829
49	0.00783	0.00577	0.00734	0.00860	0.00927	0.00528	0.00582	0.00904	0.01275	0.01665	0.04043	0.65458	0.15375	0.01962	0.00815	0.00255	0.00367	0.01760	0.00600	0.00528
50	0.01488	0.01421	0.02421	0.25080	0.53019	0.01506	0.01928	0.01885	0.01419	0.01976	0.01196	0.01636	0.00976	0.00596	0.00642	0.00199	0.00795	0.00575	0.00310	0.00934
51	0.62570	0.01694	0.01164	0.01048	0.01431	0.19233	0.00833	0.02065	0.01277	0.02579	0.00924	0.01078	0.00732	0.00616	0.00444	0.00192	0.00661	0.00366	0.00384	0.00712
52	0.02899	0.01100	0.01499	0.01150	0.01649	0.00950	0.00950	0.03149	0.01849	0.73709	0.02549	0.02199	0.01599	0.00800	0.00650	0.00200	0.00550	0.00650	0.00800	0.01100
53	0.01576	0.01459	0.02377	0.03130	0.50092	0.01419	0.05806	0.01998	0.04156	0.03853	0.01287	0.01603	0.01055	0.00586	0.00653	0.00180	0.02469	0.00560	0.00355	0.15385
54	0.81856	0.01250	0.00950	0.00850	0.01250	0.01449	0.00700	0.01899	0.01100	0.02899	0.00900	0.01050	0.00700	0.00600	0.00400	0.00200	0.00500	0.00350	0.00400	0.00700
55	0.00914	0.00660	0.00864	0.00813	0.00965	0.00610	0.00610	0.01219	0.01829	0.02591	0.72921	0.04827	0.06097	0.01321	0.00762	0.00203	0.00305	0.01169	0.00711	0.00610
56	0.02899	0.01100	0.01499	0.01150	0.01649	0.00950	0.00950	0.03149	0.01849	0.73709	0.02549	0.02199	0.01599	0.00800	0.00650	0.00200	0.00550	0.00650	0.00800	0.01100
57	0.02405	0.01227	0.01497	0.01221	0.01671	0.01224	0.00985	0.05113	0.28103	0.45300	0.02552	0.02260	0.01725	0.00828	0.00653	0.00207	0.00540	0.00678	0.00742	0.01071
58	0.01727	0.77681	0.03386	0.01106	0.01658	0.02557	0.01106	0.01935	0.01313	0.01520	0.00898	0.01036	0.00829	0.00553	0.00415	0.00138	0.00691	0.00345	0.00276	0.00829
59	0.00785	0.00570	0.00742	0.00879	0.00932	0.00527	0.00590	0.00902	0.01257	0.01658	0.03816	0.70830	0.10150	0.01991	0.00819	0.00259	0.00371	0.01796	0.00600	0.00527
60	0.02456	0.01810	0.01939	0.01487	0.02004	0.02004	0.01228	0.71107	0.03038	0.04072	0.01551	0.01551	0.01099	0.00776	0.00646	0.00194	0.00711	0.00582	0.00646	0.01099
61	0.01414	0.01414	0.01979	0.01696	0.01696	0.01979	0.01414	0.01555	0.00990	0.01555	0.00848	0.01414	0.00848	0.01131	0.02120	0.00283	0.76110	0.00565	0.00283	0.00707
62	0.00773	0.00655	0.00667	0.00664	0.00878	0.00549	0.00498	0.00945	0.01494	0.01796	0.10509	0.06135	0.69004	0.01618	0.00764	0.00217	0.00326	0.01352	0.00607	0.00549
63	0.01340	0.01148	0.01340	0.00957	0.01531	0.00861	0.00766	0.01627	0.01340	0.02105	0.01148	0.01340	0.00957	0.00479	0.00479	0.00096	0.00479	0.00383	0.00383	0.81242
64	0.01607	0.01388	0.01461	0.01315	0.01680	0.01607	0.01023	0.03433	0.72094	0.02703	0.02630	0.02411	0.01972	0.00877	0.00657	0.00219	0.00511	0.00731	0.00657	0.01023
65	0.02461	0.02887	0.01799	0.01615	0.01964	0.67534	0.01219	0.02635	0.01833	0.08588	0.01149	0.01266	0.00907	0.00679	0.00589	0.00170	0.01105	0.00439	0.00378	0.00783
66	0.02456	0.01810	0.01939	0.01487	0.02004	0.02004	0.01228	0.71107	0.03038	0.04072	0.01551	0.01551	0.01099	0.00776	0.00646	0.00194	0.00711	0.00582	0.00646	0.01099
67	0.01318	0.01094	0.01501	0.04559	0.12986	0.01142	0.03827	0.02108	0.23172	0.04244	0.30686	0.05149	0.03452	0.01014	0.00705	0.00209	0.00503	0.00905	0.00599	0.00827
68	0.00914	0.00660	0.00864	0.00813	0.00965	0.00610	0.00610	0.01219	0.01829	0.02591	0.72921	0.04827	0.06097	0.01321	0.00762	0.00203	0.00305	0.01169	0.00711	0.00610
69	0.01821	0.01736	0.02163	0.10519	0.33961	0.11816	0.01600	0.14101	0.11420	0.02406	0.01429	0.01655	0.01122	0.00671	0.00636	0.00195	0.00788	0.00575	0.00420	0.00965
70	0.81856	0.01250	0.00950	0.00850	0.01250	0.01449	0.00700	0.01899	0.01100	0.02899	0.00900	0.01050	0.00700	0.00600	0.00400	0.00200	0.00500	0.00350	0.00400	0.00700
71	0.00934	0.00647	0.00810	0.00810	0.00846	0.00683	0.00522	0.01007	0.00971	0.01330	0.01940	0.03698	0.02119	0.54538	0.25728	0.00756	0.00973	0.00862	0.00377	0.00450
72	0.01985	0.01487	0.01663	0.01383	0.01814	0.01651	0.02903	0.22662	0.43040	0.10676	0.02279	0.02126	0.01657	0.00831	0.00656	0.00210	0.00588	0.00680	0.00661	0.01049
73	0.01756	0.01177	0.01411	0.01032	0.01586	0.00949	0.00834	0.06117	0.01555	0.18266	0.01486	0.01545	0.01109	0.00568	0.00527	0.00125	0.00508	0.00455	0.00492	0.58500
74	0.01425	0.25615	0.52804	0.01621	0.02456	0.01817	0.02003	0.02013	0.01349	0.01889	0.01081	0.01266	0.00822	0.00596	0.00554	0.00185	0.00876	0.00438	0.00274	0.00917
75	0.01719	0.19423	0.29276	0.01782	0.04207	0.15157	0.10233	0.07299	0.01586	0.02001	0.01121	0.01322	0.00870	0.00612	0.00585	0.00183	0.00928	0.00482	0.00320	0.00892

[dist]
# distance from previous block
# <min> <max>
0	5

[block]
# block no. 1 follows, 34 sequences, length 109
# corresponding to MSA columns:
# 112-220
name=unknown_B
#
# <colnr> <probs for GDERKNQSTAVLIFYWHMCP>
#	G	D	E	R	K	N	Q	S	T	A	V	L	I	F	Y	W	H	M	C	P
0	0.04188	0.41032	0.14917	0.01402	0.03776	0.10412	0.01356	0.09049	0.01578	0.05344	0.01106	0.01229	0.00893	0.00612	0.00508	0.00164	0.00782	0.00420	0.00349	0.00883
1	0.58856	0.01368	0.06325	0.00986	0.01448	0.01344	0.00876	0.02182	0.01282	0.18262	0.01278	0.01323	0.00904	0.00644	0.00470	0.00200	0.00543	0.00424	0.00478	0.00805
2	0.00787	0.00562	0.00750	0.00900	0.00937	0.00525	0.00600	0.00900	0.01237	0.01649	0.03561	0.76871	0.04274	0.02024	0.00825	0.00262	0.00375	0.01837	0.00600	0.00525
3	0.01899	0.01496	0.02041	0.17902	0.14510	0.03545	0.03339	0.20518	0.03752	0.11254	0.01436	0.01674	0.01074	0.00762	0.00862	0.00212	0.11742	0.00590	0.00463	0.00930
4	0.04217	0.11162	0.10788	0.01720	0.05841	0.29658	0.05854	0.09287	0.04632	0.07213	0.01265	0.01401	0.00975	0.00673	0.00628	0.00183	0.02734	0.00494	0.00397	0.00875
5	0.02813	0.01150	0.01520	0.01175	0.01669	0.01036	0.00967	0.06621	0.05377	0.66661	0.02502	0.02177	0.01592	0.00802	0.00650	0.00201	0.00556	0.00650	0.00785	0.01096
6	0.00786	0.00567	0.00745	0.00888	0.00934	0.00526	0.00594	0.00901	0.01249	0.01654	0.03709	0.73384	0.07665	0.02005	0.00822	0.00260	0.00373	0.01814	0.00600	0.00526
7	0.01646	0.11626	0.10044	0.02907	0.43718	0.01706	0.01754	0.07097	0.09170	0.02232	0.01345	0.01585	0.01084	0.00624	0.00610	0.00189	0.00746	0.00553	0.00369	0.00996
8	0.27311	0.35064	0.02267	0.01202	0.03525	0.09644	0.01029	0.09767	0.01497	0.02267	0.00991	0.01127	0.00824	0.00605	0.00460	0.00168	0.00684	0.00387	0.00364	0.00815
9	0.02011	0.01352	0.01513	0.01288	0.01701	0.01475	0.01022	0.09356	0.48128	0.20866	0.02514	0.02281	0.01800	0.00848	0.00655	0.00212	0.00539	0.00697	0.00693	0.01049
10	0.01616	0.57444	0.20683	0.01329	0.01983	0.02273	0.03281	0.01966	0.01331	0.01664	0.00973	0.01136	0.00831	0.00568	0.00473	0.00157	0.00766	0.00389	0.00277	0.00861
11	0.00892	0.00642	0.00851	0.00878	0.00998	0.00600	0.00654	0.01142	0.01625	0.02254	0.45783	0.25466	0.05324	0.01570	0.00794	0.00230	0.00356	0.08691	0.00667	0.00584
12	0.00896	0.00660	0.00838	0.00793	0.00954	0.00602	0.00595	0.01183	0.01785	0.02486	0.64709	0.04999	0.14373	0.01360	0.00762	0.00205	0.00308	0.01193	0.00698	0.00602
13	0.00822	0.00594	0.00777	0.00863	0.00942	0.00550	0.00597	0.00990	0.01414	0.01917	0.23098	0.53217	0.08202	0.01808	0.00804	0.00244	0.00353	0.01626	0.00631	0.00550
14	0.00775	0.00655	0.00670	0.00666	0.00880	0.00550	0.00500	0.00949	0.01499	0.01808	0.11433	0.06116	0.68073	0.01613	0.00764	0.00217	0.00326	0.01349	0.00608	0.00550
15	0.01340	0.01148	0.01340	0.00957	0.01531	0.00861	0.00766	0.01627	0.01340	0.02105	0.01148	0.01340	0.00957	0.00479	0.00479	0.00096	0.00479	0.00383	0.00383	0.81242
16	0.02899	0.01100	0.01499	0.01150	0.01649	0.00950	0.00950	0.03149	0.01849	0.73709	0.02549	0.02199	0.01599	0.00800	0.00650	0.00200	0.00550	0.00650	0.00800	0.01100
17	0.81856	0.01250	0.00950	0.00850	0.01250	0.01449	0.00700	0.01899	0.01100	0.02899	0.00900	0.01050	0.00700	0.00600	0.00400	0.00200	0.00500	0.00350	0.00400	0.00700
18	0.00907	0.00660	0.00853	0.00805	0.00961	0.00606	0.00604	0.01204	0.01811	0.02548	0.69543	0.04897	0.09501	0.01337	0.00762	0.00204	0.00306	0.01178	0.00706	0.00606
19	0.01340	0.01148	0.01340	0.00957	0.01531	0.00861	0.00766	0.01627	0.01340	0.02105	0.01148	0.01340	0.00957	0.00479	0.00479	0.00096	0.00479	0.00383	0.00383	0.81242
20	0.01220	0.01148	0.01938	0.75739	0.04450	0.01436	0.01794	0.01651	0.01292	0.01651	0.01148	0.01723	0.00861	0.00646	0.00646	0.00215	0.00861	0.00574	0.00287	0.00718
21	0.01599	0.01535	0.02623	0.03966	0.73262	0.01535	0.01983	0.01983	0.01471	0.02111	0.01215	0.01599	0.01023	0.00576	0.00640	0.00192	0.00768	0.00576	0.00320	0.01023
22	0.01340	0.01148	0.01340	0.00957	0.01531	0.00861	0.00766	0.01627	0.01340	0.02105	0.01148	0.01340	0.00957	0.00479	0.00479	0.00096	0.00479	0.00383	0.00383	0.81242
23	0.81856	0.01250	0.00950	0.00850	0.01250	0.01449	0.00700	0.01899	0.01100	0.02899	0.00900	0.01050	0.00700	0.00600	0.00400	0.00200	0.00500	0.00350	0.00400	0.00700
24	0.01041	0.00744	0.01041	0.01190	0.01339	0.00744	0.01041	0.01339	0.01487	0.01934	0.03421	0.07288	0.03719	0.01785	0.00892	0.00297	0.00595	0.68913	0.00595	0.00595
25	0.01680	0.01424	0.01502	0.01330	0.01708	0.01641	0.01040	0.09274	0.66134	0.02821	0.02537	0.02337	0.01897	0.00868	0.00657	0.00217	0.00529	0.00718	0.00657	0.01029
26	0.01220	0.01148	0.01938	0.75739	0.04450	0.01436	0.01794	0.01651	0.01292	0.01651	0.01148	0.01723	0.00861	0.00646	0.00646	0.00215	0.00861	0.00574	0.00287	0.00718
27	0.01727	0.77681	0.03386	0.01106	0.01658	0.02557	0.01106	0.01935	0.01313	0.01520	0.00898	0.01036	0.00829	0.00553	0.00415	0.00138	0.00691	0.00345	0.00276	0.00829
28	0.01727	0.77681	0.03386	0.01106	0.01658	0.02557	0.01106	0.01935	0.01313	0.01520	0.00898	0.01036	0.00829	0.00553	0.00415	0.00138	0.00691	0.00345	0.00276	0.00829
29	0.00787	0.00562	0.00750	0.00900	0.00937	0.00525	0.00600	0.00900	0.01237	0.01649	0.03561	0.76871	0.04274	0.02024	0.00825	0.00262	0.00375	0.01837	0.00600	0.00525
30	0.00940	0.00626	0.00705	0.00705	0.00705	0.00626	0.00392	0.00940	0.00940	0.01253	0.02036	0.04228	0.02349	0.77292	0.03289	0.00626	0.00626	0.00940	0.00392	0.00392
31	0.02557	0.01799	0.01681	0.01364	0.01809	0.20555	0.01091	0.22080	0.02179	0.31939	0.05058	0.01865	0.01461	0.00782	0.00636	0.00190	0.00745	0.00593	0.00630	0.00985
32	0.00802	0.00695	0.00744	0.00805	0.04160	0.00590	0.00559	0.00975	0.01473	0.01762	0.06303	0.06009	0.69731	0.01588	0.00758	0.00217	0.00347	0.01328	0.00587	0.00567
33	0.02414	0.03079	0.01831	0.01665	0.01998	0.74698	0.01248	0.02580	0.01831	0.01581	0.00999	0.01165	0.00832	0.00666	0.00583	0.00166	0.01165	0.00416	0.00333	0.00749
34	0.02899	0.01100	0.01499	0.01150	0.01649	0.00950	0.00950	0.03149	0.01849	0.73709	0.02549	0.02199	0.01599	0.00800	0.00650	0.00200	0.00550	0.00650	0.00800	0.01100
35	0.52100	0.01445	0.01355	0.01214	0.05158	0.01633	0.00936	0.24281	0.01745	0.03238	0.01126	0.01240	0.00845	0.00655	0.00492	0.00198	0.00582	0.00436	0.00475	0.00845
36	0.00872	0.00675	0.00708	0.00689	0.00915	0.00569	0.00520	0.01050	0.01516	0.05076	0.11252	0.05933	0.64830	0.01575	0.00758	0.00216	0.00336	0.01317	0.00617	0.00575
37	0.00914	0.00660	0.00864	0.00813	0.00965	0.00610	0.00610	0.01219	0.01829	0.02591	0.72921	0.04827	0.06097	0.01321	0.00762	0.00203	0.00305	0.01169	0.00711	0.00610
38	0.01300	0.01233	0.02050	0.41918	0.03331	0.01493	0.09807	0.04387	0.01311	0.01766	0.01255	0.03954	0.01053	0.01153	0.07771	0.00304	0.14218	0.00644	0.00320	0.00731
39	0.08549	0.65568	0.03209	0.01203	0.01750	0.02394	0.06212	0.01942	0.01310	0.01678	0.00929	0.01090	0.00829	0.00556	0.00439	0.00149	0.00704	0.00377	0.00291	0.00821
40	0.00787	0.00562	0.00750	0.00900	0.00937	0.00525	0.00600	0.00900	0.01237	0.01649	0.03561	0.76871	0.04274	0.02024	0.00825	0.00262	0.00375	0.01837	0.00600	0.00525
41	0.02899	0.01100	0.01499	0.01150	0.01649	0.00950	0.00950	0.03149	0.01849	0.73709	0.02549	0.02199	0.01599	0.00800	0.00650	0.00200	0.00550	0.00650	0.00800	0.01100
42	0.09781	0.01391	0.01784	0.01612	0.08628	0.01463	0.07315	0.15249	0.21015	0.16349	0.07059	0.02117	0.01735	0.00790	0.00644	0.00205	0.00615	0.00670	0.00599	0.00977
43	0.02805	0.01210	0.01522	0.01187	0.01674	0.03950	0.00972	0.04819	0.05345	0.65607	0.02467	0.02152	0.01575	0.00798	0.00647	0.00199	0.00576	0.00643	0.00770	0.01082
44	0.01867	0.00964	0.01168	0.00978	0.01334	0.00893	0.00780	0.05718	0.07868	0.32640	0.10849	0.03611	0.22441	0.01095	0.00684	0.00204	0.00454	0.00908	0.04683	0.00860
45	0.19187	0.01131	0.01386	0.01088	0.01567	0.01053	0.00898	0.02891	0.01695	0.59102	0.02209	0.01962	0.01414	0.00758	0.00598	0.00200	0.00539	0.00588	0.00717	0.01017
46	0.01473	0.08748	0.41915	0.02424	0.23058	0.04594	0.04830	0.02042	0.01416	0.02004	0.01154	0.01412	0.00886	0.00597	0.00610	0.00195	0.00893	0.00504	0.00291	0.00953
47	0.02168	0.01999	0.07164	0.01487	0.01860	0.22745	0.01249	0.15277	0.01826	0.17085	0.01474	0.01672	0.01127	0.03965	0.03082	0.00244	0.13666	0.00555	0.00479	0.00877
48	0.02771	0.01126	0.01486	0.01150	0.01633	0.01011	0.00946	0.06788	0.03797	0.65080	0.02479	0.02178	0.01585	0.00799	0.00642	0.00198	0.00547	0.00646	0.04062	0.01077
49	0.01340	0.01148	0.01340	0.00957	0.01531	0.00861	0.00766	0.01627	0.01340	0.02105	0.01148	0.01340	0.00957	0.00479	0.00479	0.00096	0.00479	0.00383	0.00383	0.81242
50	0.08057	0.10715	0.04012	0.01784	0.07919	0.50648	0.04064	0.02377	0.01667	0.01748	0.01015	0.01208	0.00844	0.00635	0.00564	0.00171	0.01024	0.00432	0.00329	0.00787
51	0.02877	0.01135	0.01521	0.01166	0.01667	0.01002	0.00963	0.06503	0.01908	0.70272	0.02500	0.02167	0.01575	0.00799	0.00650	0.00200	0.00558	0.00646	0.00792	0.01100
52	0.02668	0.01219	0.01541	0.01272	0.04333	0.03049	0.00995	0.11036	0.01942	0.55926	0.02309	0.02087	0.01502	0.00782	0.00634	0.00195	0.00577	0.00629	0.06253	0.01053
53	0.00820	0.00659	0.00732	0.00720	0.00916	0.00572	0.00545	0.01032	0.01586	0.02019	0.27485	0.05808	0.49786	0.01541	0.00767	0.00216	0.00328	0.03267	0.00635	0.00567
54	0.00804	0.00564	0.00744	0.00888	0.00930	0.00528	0.00594	0.00924	0.01242	0.01680	0.03503	0.73900	0.04169	0.01974	0.00810	0.00258	0.00372	0.01788	0.03803	0.00528
55	0.00909	0.00660	0.00855	0.00807	0.00962	0.00607	0.00605	0.01208	0.01815	0.02558	0.70316	0.04881	0.08722	0.01333	0.00762	0.00204	0.00306	0.01176	0.00707	0.00607
56	0.00764	0.00655	0.00655	0.00655	0.00873	0.00545	0.00491	0.00927	0.01473	0.01745	0.06546	0.06218	0.73000	0.01636	0.00764	0.00218	0.00327	0.01364	0.00600	0.00545
57	0.02456	0.01810	0.01939	0.01487	0.02004	0.02004	0.01228	0.71107	0.03038	0.04072	0.01551	0.01551	0.01099	0.00776	0.00646	0.00194	0.00711	0.00582	0.00646	0.01099
58	0.02414	0.03079	0.01831	0.01665	0.01998	0.74698	0.01248	0.02580	0.01831	0.01581	0.00999	0.01165	0.00832	0.00666	0.00583	0.00166	0.01165	0.00416	0.00333	0.00749
59	0.01340	0.01148	0.01340	0.00957	0.01531	0.00861	0.00766	0.01627	0.01340	0.02105	0.01148	0.01340	0.00957	0.00479	0.00479	0.00096	0.00479	0.00383	0.00383	0.81242
60	0.00907	0.00660	0.00853	0.00805	0.00961	0.00606	0.00604	0.01204	0.01811	0.02548	0.69543	0.04897	0.09501	0.01337	0.00762	0.00204	0.00306	0.01178	0.00706	0.00606
61	0.02414	0.03079	0.01831	0.01665	0.01998	0.74698	0.01248	0.02580	0.01831	0.01581	0.00999	0.01165	0.00832	0.00666	0.00583	0.00166	0.01165	0.00416	0.00333	0.00749
62	0.02456	0.01810	0.01939	0.01487	0.02004	0.02004	0.01228	0.71107	0.03038	0.04072	0.01551	0.01551	0.01099	0.00776	0.00646	0.00194	0.00711	0.00582	0.00646	0.01099
63	0.01607	0.01388	0.01461	0.01315	0.01680	0.01607	0.01023	0.03433	0.72094	0.02703	0.02630	0.02411	0.01972	0.00877	0.00657	0.00219	0.00511	0.00731	0.00657	0.01023
64	0.00914	0.00660	0.00864	0.00813	0.00965	0.00610	0.00610	0.01219	0.01829	0.02591	0.72921	0.04827	0.06097	0.01321	0.00762	0.00203	0.00305	0.01169	0.00711	0.00610
65	0.01340	0.01148	0.01340	0.00957	0.01531	0.00861	0.00766	0.01627	0.01340	0.02105	0.01148	0.01340	0.00957	0.00479	0.00479	0.00096	0.00479	0.00383	0.00383	0.81242
66	0.00770	0.00655	0.00663	0.00661	0.00877	0.00548	0.00496	0.00939	0.01487	0.01780	0.09259	0.06161	0.70264	0.01623	0.00764	0.00218	0.00326	0.01356	0.00605	0.00548
67	0.00920	0.00664	0.00871	0.00828	0.00980	0.00615	0.00627	0.01224	0.01815	0.02565	0.70173	0.04924	0.06003	0.01339	0.00767	0.00207	0.00316	0.03847	0.00707	0.00609
68	0.02840	0.01193	0.01558	0.01194	0.01696	0.01089	0.00986	0.12125	0.02006	0.64511	0.02417	0.02114	0.01533	0.00797	0.00649	0.00199	0.00571	0.00641	0.00779	0.01100
69	0.01508	0.02535	0.40861	0.02202	0.06497	0.01508	0.25828	0.02132	0.01461	0.07335	0.01315	0.01568	0.00942	0.00602	0.00669	0.00208	0.00962	0.00593	0.00333	0.00940
70	0.01079	0.01031	0.09225	0.00976	0.01247	0.00791	0.00852	0.01536	0.06533	0.05212	0.57369	0.04171	0.05049	0.01191	0.00734	0.00204	0.00402	0.01041	0.00661	0.00695
71	0.00831	0.00581	0.00737	0.00844	0.00870	0.00554	0.00540	0.00911	0.01152	0.01535	0.03123	0.56002	0.03721	0.23648	0.01533	0.00367	0.00447	0.01579	0.00540	0.00487
72	0.01550	0.01506	0.02633	0.12093	0.60172	0.01531	0.07100	0.01951	0.01455	0.02055	0.01215	0.01624	0.01002	0.00581	0.00650	0.00197	0.00802	0.00589	0.00317	0.00977
73	0.04065	0.01878	0.05924	0.02756	0.34963	0.11745	0.08308	0.14468	0.01809	0.05964	0.01309	0.01548	0.01016	0.00635	0.00638	0.00192	0.00835	0.00565	0.00404	0.00976
74	0.01544	0.01578	0.02004	0.02662	0.37795	0.14233	0.01491	0.01806	0.01437	0.01862	0.01666	0.18301	0.01698	0.00967	0.00811	0.00212	0.07890	0.00828	0.00381	0.00834
75	0.75683	0.01392	0.01018	0.00913	0.01308	0.07141	0.00742	0.01952	0.01156	0.02797	0.00907	0.01059	0.00710	0.00605	0.00414	0.00197	0.00552	0.00355	0.00395	0.00704
76	0.01043	0.00787	0.01000	0.00994	0.03887	0.00776	0.00711	0.01549	0.10959	0.02580	0.58116	0.04288	0.05183	0.01211	0.00731	0.00203	0.00350	0.01066	0.03887	0.00679
77	0.00923	0.00692	0.01038	0.01038	0.01154	0.00808	0.00808	0.01154	0.01038	0.01500	0.01731	0.02538	0.01615	0.04846	0.74732	0.01038	0.01731	0.00692	0.00346	0.00577
78	0.02309	0.14565	0.02075	0.01571	0.01945	0.60811	0.01226	0.05058	0.01796	0.01666	0.01004	0.01160	0.00842	0.00652	0.00559	0.00163	0.01075	0.00411	0.00336	0.00775
79	0.01485	0.01181	0.01380	0.00996	0.01563	0.00927	0.00800	0.05405	0.01458	0.06144	0.01247	0.01398	0.01000	0.00512	0.00497	0.00107	0.00495	0.00408	0.00420	0.72577
80	0.01539	0.01504	0.02412	0.19183	0.52015	0.04289	0.01885	0.01911	0.01421	0.01963	0.01173	0.01600	0.00972	0.00624	0.00717	0.00201	0.04781	0.00569	0.00311	0.00931
81	0.01585	0.01521	0.02597	0.06666	0.70673	0.01531	0.01976	0.01970	0.01465	0.02094	0.01213	0.01604	0.01017	0.00578	0.00640	0.00193	0.00771	0.00576	0.00319	0.01012
82	0.00787	0.00562	0.00750	0.00900	0.00937	0.00525	0.00600	0.00900	0.01237	0.01649	0.03561	0.76871	0.04274	0.02024	0.00825	0.00262	0.00375	0.01837	0.00600	0.00525
83	0.00940	0.00626	0.00705	0.00705	0.00705	0.00626	0.00392	0.00940	0.00940	0.01253	0.02036	0.04228	0.02349	0.77292	0.03289	0.00626	0.00626	0.00940	0.00392	0.00392
84	0.81856	0.01250	0.00950	0.00850	0.01250	0.01449	0.00700	0.01899	0.01100	0.02899	0.00900	0.01050	0.00700	0.00600	0.00400	0.00200	0.00500	0.00350	0.00400	0.00700
85	0.00914	0.00660	0.00864	0.00813	0.00965	0.00610	0.00610	0.01219	0.01829	0.02591	0.72921	0.04827	0.06097	0.01321	0.00762	0.00203	0.00305	0.01169	0.00711	0.00610
86	0.01607	0.01388	0.01461	0.01315	0.01680	0.01607	0.01023	0.03433	0.72094	0.02703	0.02630	0.02411	0.01972	0.00877	0.00657	0.00219	0.00511	0.00731	0.00657	0.01023
87	0.01607	0.01388	0.01461	0.01315	0.01680	0.01607	0.01023	0.03433	0.72094	0.02703	0.02630	0.02411	0.01972	0.00877	0.00657	0.00219	0.00511	0.00731	0.00657	0.01023
88	0.00787	0.00562	0.00750	0.00900	0.00937	0.00525	0.00600	0.00900	0.01237	0.01649	0.03561	0.76871	0.04274	0.02024	0.00825	0.00262	0.00375	0.01837	0.00600	0.00525
89	0.01727	0.77681	0.03386	0.01106	0.01658	0.02557	0.01106	0.01935	0.01313	0.01520	0.00898	0.01036	0.00829	0.00553	0.00415	0.00138	0.00691	0.00345	0.00276	0.00829
90	0.01855	0.01367	0.01521	0.01236	0.01608	0.01471	0.00992	0.43358	0.04356	0.03440	0.24680	0.06347	0.02889	0.01016	0.00693	0.00201	0.00558	0.00837	0.00665	0.00911
91	0.00770	0.00655	0.00663	0.00661	0.00877	0.00548	0.00496	0.00939	0.01487	0.01780	0.09259	0.06161	0.70264	0.01623	0.00764	0.00218	0.00326	0.01356	0.00605	0.00548
92	0.01220	0.01148	0.01938	0.75739	0.04450	0.01436	0.01794	0.01651	0.01292	0.01651	0.01148	0.01723	0.00861	0.00646	0.00646	0.00215	0.00861	0.00574	0.00287	0.00718
93	0.02804	0.01252	0.01594	0.01222	0.01726	0.01176	0.01010	0.17761	0.02105	0.58736	0.02335	0.02060	0.01492	0.00795	0.00649	0.00199	0.00584	0.00635	0.00767	0.01099
94	0.02524	0.01701	0.01872	0.01435	0.01949	0.01842	0.01185	0.60701	0.02856	0.14735	0.01704	0.01651	0.01175	0.00779	0.00647	0.00195	0.00686	0.00592	0.00670	0.01099
95	0.01240	0.01161	0.01914	0.71952	0.04309	0.01444	0.01755	0.01742	0.04895	0.01704	0.01224	0.01758	0.00918	0.00658	0.00647	0.00216	0.00844	0.00582	0.00306	0.00733
96	0.00940	0.00626	0.00705	0.00705	0.00705	0.00626	0.00392	0.00940	0.00940	0.01253	0.02036	0.04228	0.02349	0.77292	0.03289	0.00626	0.00626	0.00940	0.00392	0.00392
97	0.00771	0.00642	0.00673	0.00692	0.00884	0.00545	0.00509	0.00932	0.01452	0.01758	0.08102	0.15645	0.61818	0.01679	0.00772	0.00224	0.00333	0.01421	0.00603	0.00545
98	0.02456	0.01810	0.01939	0.01487	0.02004	0.02004	0.01228	0.71107	0.03038	0.04072	0.01551	0.01551	0.01099	0.00776	0.00646	0.00194	0.00711	0.00582	0.00646	0.01099
99	0.01308	0.03261	0.70386	0.01886	0.02826	0.01507	0.05864	0.02047	0.01372	0.02047	0.01167	0.01383	0.00827	0.00610	0.00621	0.00205	0.00962	0.00492	0.00276	0.00951
100	0.00851	0.00641	0.00787	0.00787	0.00936	0.00577	0.00576	0.01083	0.01626	0.02195	0.42630	0.18405	0.23475	0.01533	0.00774	0.00218	0.00324	0.01343	0.00661	0.00577
101	0.01593	0.01550	0.15252	0.10329	0.05142	0.01213	0.11296	0.02065	0.04322	0.17165	0.14373	0.06029	0.02173	0.00870	0.00743	0.00212	0.03536	0.00773	0.00504	0.00859
102	0.29243	0.04157	0.04561	0.01674	0.10818	0.30404	0.01208	0.02161	0.01444	0.02113	0.00986	0.01203	0.00812	0.00660	0.00633	0.00190	0.06186	0.00425	0.00347	0.00775
103	0.01647	0.01408	0.01484	0.01323	0.01695	0.01626	0.01032	0.06631	0.68832	0.02768	0.02579	0.02370	0.01931	0.00872	0.00657	0.00218	0.00521	0.00723	0.00657	0.01026
104	0.01888	0.60177	0.03021	0.01237	0.01738	0.19484	0.01139	0.02086	0.01434	0.01535	0.00922	0.01067	0.00830	0.00579	0.00454	0.00145	0.00802	0.00362	0.00290	0.00810
105	0.01340	0.01148	0.01340	0.00957	0.01531	0.00861	0.00766	0.01627	0.01340	0.02105	0.01148	0.01340	0.00957	0.00479	0.00479	0.00096	0.00479	0.00383	0.00383	0.81242
106	0.01590	0.01377	0.01483	0.04695	0.01806	0.01599	0.01058	0.03352	0.68879	0.02655	0.02563	0.02379	0.01922	0.00866	0.00657	0.00219	0.00527	0.00723	0.00641	0.01009
107	0.03967	0.05132	0.02810	0.09429	0.15789	0.07217	0.30711	0.02246	0.12065	0.02095	0.01419	0.01718	0.01099	0.00621	0.00673	0.00205	0.00893	0.00648	0.00372	0.00891
108	0.01340	0.03332	0.71115	0.01835	0.02765	0.04373	0.02343	0.02067	0.01382	0.02028	0.01153	0.01356	0.00819	0.00616	0.00613	0.00203	0.00963	0.00475	0.00275	0.00947

[dist]
# distance from previous block
# <min> <max>
0	1

[block]
# block no. 2 follows, 34 sequences, length 23
# corresponding to MSA columns:
# 222-244
name=unknown_C
#
# <colnr> <probs for GDERKNQSTAVLIFYWHMCP>
#	G	D	E	R	K	N	Q	S	T	A	V	L	I	F	Y	W	H	M	C	P
0	0.01461	0.01307	0.02081	0.25213	0.25984	0.01531	0.01641	0.01775	0.01286	0.05512	0.01216	0.01740	0.01023	0.03467	0.03313	0.00262	0.19445	0.00592	0.00329	0.00820
1	0.00889	0.00659	0.00828	0.00786	0.00950	0.00599	0.00590	0.01170	0.01769	0.02449	0.61744	0.05061	0.17362	0.01374	0.00762	0.00206	0.00309	0.01201	0.00693	0.00599
2	0.02160	0.06172	0.01829	0.01480	0.01888	0.37411	0.01157	0.16796	0.13657	0.02326	0.01391	0.01460	0.01087	0.00701	0.00591	0.00173	0.00879	0.00496	0.00453	0.07892
3	0.00888	0.00659	0.00827	0.00785	0.00949	0.00598	0.00589	0.01168	0.01766	0.02442	0.61226	0.05072	0.17884	0.01377	0.00762	0.00206	0.00309	0.01203	0.00692	0.00598
4	0.00837	0.00657	0.00756	0.00732	0.00918	0.00577	0.00549	0.01070	0.01646	0.02158	0.38891	0.05540	0.40397	0.01483	0.00763	0.00211	0.00316	0.01269	0.00654	0.00577
5	0.81856	0.01250	0.00950	0.00850	0.01250	0.01449	0.00700	0.01899	0.01100	0.02899	0.00900	0.01050	0.00700	0.00600	0.00400	0.00200	0.00500	0.00350	0.00400	0.00700
6	0.81856	0.01250	0.00950	0.00850	0.01250	0.01449	0.00700	0.01899	0.01100	0.02899	0.00900	0.01050	0.00700	0.00600	0.00400	0.00200	0.00500	0.00350	0.00400	0.00700
7	0.01414	0.01414	0.01979	0.01696	0.01696	0.01979	0.01414	0.01555	0.00990	0.01555	0.00848	0.01414	0.00848	0.01131	0.02120	0.00283	0.76110	0.00565	0.00283	0.00707
8	0.02456	0.01810	0.01939	0.01487	0.02004	0.02004	0.01228	0.71107	0.03038	0.04072	0.01551	0.01551	0.01099	0.00776	0.00646	0.00194	0.00711	0.00582	0.00646	0.01099
9	0.81856	0.01250	0.00950	0.00850	0.01250	0.01449	0.00700	0.01899	0.01100	0.02899	0.00900	0.01050	0.00700	0.00600	0.00400	0.00200	0.00500	0.00350	0.00400	0.00700
10	0.00775	0.00655	0.00670	0.00666	0.00880	0.00550	0.00500	0.00949	0.01499	0.01807	0.11410	0.06116	0.68096	0.01613	0.00764	0.00217	0.00326	0.01349	0.00608	0.00550
11	0.01607	0.01388	0.01461	0.01315	0.01680	0.01607	0.01023	0.03433	0.72094	0.02703	0.02630	0.02411	0.01972	0.00877	0.00657	0.00219	0.00511	0.00731	0.00657	0.01023
12	0.00764	0.00655	0.00655	0.00655	0.00873	0.00545	0.00491	0.00927	0.01473	0.01745	0.06546	0.06218	0.73000	0.01636	0.00764	0.00218	0.00327	0.01364	0.00600	0.00545
13	0.00773	0.00638	0.00679	0.00704	0.00888	0.00544	0.00515	0.00932	0.01442	0.01757	0.08306	0.18950	0.58250	0.01696	0.00775	0.00226	0.00335	0.01442	0.00604	0.00544
14	0.01340	0.01148	0.01340	0.00957	0.01531	0.00861	0.00766	0.01627	0.01340	0.02105	0.01148	0.01340	0.00957	0.00479	0.00479	0.00096	0.00479	0.00383	0.00383	0.81242
15	0.00797	0.00581	0.00751	0.00867	0.00933	0.00535	0.00590	0.00932	0.01316	0.01747	0.10335	0.63067	0.11329	0.01920	0.00813	0.00252	0.00364	0.01727	0.00610	0.00535
16	0.00785	0.00594	0.00725	0.00821	0.00918	0.00534	0.00567	0.00920	0.01331	0.01713	0.07025	0.52562	0.25411	0.01880	0.00804	0.00247	0.00358	0.01667	0.00604	0.00534
17	0.02456	0.01810	0.01939	0.01487	0.02004	0.02004	0.01228	0.71107	0.03038	0.04072	0.01551	0.01551	0.01099	0.00776	0.00646	0.00194	0.00711	0.00582	0.00646	0.01099
18	0.01529	0.01732	0.03752	0.02787	0.06941	0.01629	0.67400	0.02065	0.01522	0.02072	0.01303	0.01736	0.00983	0.00546	0.00756	0.00217	0.01073	0.00753	0.00326	0.00879
19	0.01609	0.06977	0.01711	0.01360	0.01745	0.01643	0.04656	0.06060	0.56833	0.02592	0.02432	0.05821	0.01910	0.00886	0.00653	0.00214	0.00557	0.00751	0.00609	0.00980
20	0.04277	0.01882	0.11224	0.08748	0.36348	0.07747	0.11852	0.04551	0.03309	0.02128	0.01236	0.01565	0.00979	0.00605	0.00643	0.00198	0.00861	0.00574	0.00337	0.00938
21	0.01315	0.01343	0.05359	0.01447	0.01571	0.05014	0.01216	0.04478	0.01170	0.01682	0.01353	0.07257	0.01327	0.02192	0.22542	0.00484	0.38538	0.00684	0.00342	0.00688
22	0.07541	0.01313	0.01941	0.04115	0.27514	0.01368	0.05241	0.07566	0.07059	0.10641	0.01682	0.02112	0.01358	0.01100	0.07120	0.00277	0.02655	0.04160	0.04326	0.00909

[dist]
# distance from previous block
# <min> <max>
0	3

[block]
# block no. 3 follows, 34 sequences, length 121
# corresponding to MSA columns:
# 248-368
name=unknown_D
#
# <colnr> <probs for GDERKNQSTAVLIFYWHMCP>
#	G	D	E	R	K	N	Q	S	T	A	V	L	I	F	Y	W	H	M	C	P
0	0.00849	0.00634	0.00804	0.00916	0.01028	0.00589	0.00691	0.01024	0.01363	0.01750	0.04273	0.40518	0.21383	0.01863	0.00827	0.00261	0.00422	0.19658	0.00599	0.00549
1	0.01898	0.21850	0.02293	0.01431	0.03846	0.01910	0.05131	0.26209	0.14972	0.02741	0.01506	0.01560	0.01162	0.00681	0.00574	0.00174	0.00665	0.00533	0.00492	0.10372
2	0.08441	0.18558	0.06452	0.06398	0.32660	0.01714	0.05892	0.02007	0.03240	0.03764	0.01183	0.01454	0.00966	0.00586	0.00569	0.00181	0.00739	0.00509	0.00336	0.04351
3	0.01675	0.22365	0.40009	0.01511	0.02256	0.01698	0.01749	0.02269	0.05560	0.13031	0.01392	0.01469	0.01010	0.00642	0.00570	0.00187	0.00797	0.00484	0.00378	0.00948
4	0.01577	0.01745	0.07681	0.02329	0.12152	0.03993	0.31920	0.04197	0.20591	0.02295	0.03689	0.01942	0.01387	0.00675	0.00698	0.00211	0.00851	0.00704	0.00431	0.00933
5	0.01370	0.01299	0.02218	0.33458	0.36235	0.01411	0.04059	0.01756	0.01379	0.01879	0.01390	0.08064	0.01231	0.00727	0.00662	0.00208	0.00784	0.00689	0.00330	0.00849
6	0.01645	0.46564	0.13948	0.01591	0.07274	0.04811	0.05963	0.02034	0.04300	0.01733	0.01062	0.01253	0.00900	0.00605	0.00573	0.00168	0.03970	0.00438	0.00301	0.00866
7	0.02453	0.01649	0.12210	0.01564	0.06084	0.06250	0.06051	0.04617	0.01766	0.47480	0.02053	0.01924	0.01345	0.00733	0.00647	0.00199	0.00705	0.00610	0.00627	0.01034
8	0.00787	0.00562	0.00750	0.00900	0.00937	0.00525	0.00600	0.00900	0.01237	0.01649	0.03561	0.76871	0.04274	0.02024	0.00825	0.00262	0.00375	0.01837	0.00600	0.00525
9	0.00787	0.00655	0.00687	0.00679	0.00887	0.00555	0.00509	0.00972	0.01527	0.01875	0.16706	0.06005	0.62759	0.01588	0.00763	0.00216	0.00324	0.01334	0.00617	0.00555
10	0.01580	0.01685	0.01974	0.01756	0.03778	0.13663	0.01403	0.01732	0.01139	0.01575	0.00883	0.01379	0.00851	0.01040	0.01831	0.00261	0.61915	0.00542	0.00292	0.00723
11	0.01220	0.01148	0.01938	0.75739	0.04450	0.01436	0.01794	0.01651	0.01292	0.01651	0.01148	0.01723	0.00861	0.00646	0.00646	0.00215	0.00861	0.00574	0.00287	0.00718
12	0.00764	0.00655	0.00655	0.00655	0.00873	0.00545	0.00491	0.00927	0.01473	0.01745	0.06546	0.06218	0.73000	0.01636	0.00764	0.00218	0.00327	0.01364	0.00600	0.00545
13	0.01525	0.01743	0.03813	0.02723	0.03377	0.01634	0.70915	0.02070	0.01525	0.02070	0.01307	0.01743	0.00980	0.00545	0.00763	0.00218	0.01089	0.00763	0.00327	0.00871
14	0.00940	0.00626	0.00705	0.00705	0.00705	0.00626	0.00392	0.00940	0.00940	0.01253	0.02036	0.04228	0.02349	0.77292	0.03289	0.00626	0.00626	0.00940	0.00392	0.00392
15	0.81856	0.01250	0.00950	0.00850	0.01250	0.01449	0.00700	0.01899	0.01100	0.02899	0.00900	0.01050	0.00700	0.00600	0.00400	0.00200	0.00500	0.00350	0.00400	0.00700
16	0.81856	0.01250	0.00950	0.00850	0.01250	0.01449	0.00700	0.01899	0.01100	0.02899	0.00900	0.01050	0.00700	0.00600	0.00400	0.00200	0.00500	0.00350	0.00400	0.00700
17	0.01727	0.77681	0.03386	0.01106	0.01658	0.02557	0.01106	0.01935	0.01313	0.01520	0.00898	0.01036	0.00829	0.00553	0.00415	0.00138	0.00691	0.00345	0.00276	0.00829
18	0.01296	0.03342	0.73944	0.01842	0.02797	0.01501	0.02387	0.02046	0.01364	0.02046	0.01160	0.01364	0.00818	0.00614	0.00614	0.00205	0.00955	0.00477	0.00273	0.00955
19	0.00914	0.00660	0.00864	0.00813	0.00965	0.00610	0.00610	0.01219	0.01829	0.02591	0.72921	0.04827	0.06097	0.01321	0.00762	0.00203	0.00305	0.01169	0.00711	0.00610
20	0.00914	0.00660	0.00864	0.00813	0.00965	0.00610	0.00610	0.01219	0.01829	0.02591	0.72921	0.04827	0.06097	0.01321	0.00762	0.00203	0.00305	0.01169	0.00711	0.00610
21	0.01581	0.01586	0.02915	0.03661	0.56113	0.01559	0.18898	0.02004	0.01484	0.02101	0.01238	0.01634	0.01013	0.00568	0.00670	0.00198	0.00847	0.00622	0.00322	0.00986
22	0.02899	0.01100	0.01499	0.01150	0.01649	0.00950	0.00950	0.03149	0.01849	0.73709	0.02549	0.02199	0.01599	0.00800	0.00650	0.00200	0.00550	0.00650	0.00800	0.01100
23	0.01599	0.01535	0.02623	0.03966	0.73262	0.01535	0.01983	0.01983	0.01471	0.02111	0.01215	0.01599	0.01023	0.00576	0.00640	0.00192	0.00768	0.00576	0.00320	0.01023
24	0.02249	0.16492	0.02202	0.01612	0.01999	0.58333	0.04404	0.02440	0.01723	0.01593	0.00995	0.01168	0.00838	0.00640	0.00560	0.00164	0.01076	0.00419	0.00322	0.00769
25	0.81856	0.01250	0.00950	0.00850	0.01250	0.01449	0.00700	0.01899	0.01100	0.02899	0.00900	0.01050	0.00700	0.00600	0.00400	0.00200	0.00500	0.00350	0.00400	0.00700
26	0.09305	0.01112	0.01455	0.01125	0.01617	0.00990	0.00929	0.03048	0.01789	0.67964	0.02415	0.02106	0.01526	0.00783	0.00629	0.00200	0.00546	0.00625	0.00767	0.01067
27	0.81856	0.01250	0.00950	0.00850	0.01250	0.01449	0.00700	0.01899	0.01100	0.02899	0.00900	0.01050	0.00700	0.00600	0.00400	0.00200	0.00500	0.00350	0.00400	0.00700
28	0.02456	0.01810	0.01939	0.01487	0.02004	0.02004	0.01228	0.71107	0.03038	0.04072	0.01551	0.01551	0.01099	0.00776	0.00646	0.00194	0.00711	0.00582	0.00646	0.01099
29	0.02899	0.01100	0.01499	0.01150	0.01649	0.00950	0.00950	0.03149	0.01849	0.73709	0.02549	0.02199	0.01599	0.00800	0.00650	0.00200	0.00550	0.00650	0.00800	0.01100
30	0.01607	0.01388	0.01461	0.01315	0.01680	0.01607	0.01023	0.03433	0.72094	0.02703	0.02630	0.02411	0.01972	0.00877	0.00657	0.00219	0.00511	0.00731	0.00657	0.01023
