[name]
unknown

[dist]
# distance from previous block
# <min> <max>
71	225

[block]
# block no. 0 follows, 33 sequences, length 29
# corresponding to MSA columns:
# 335-363
name=unknown_A
#
# <colnr> <probs for GDERKNQSTAVLIFYWHMCP>
#	G	D	E	R	K	N	Q	S	T	A	V	L	I	F	Y	W	H	M	C	P
0	0.06255	0.10266	0.04084	0.04060	0.08158	0.01547	0.10565	0.08054	0.05352	0.07853	0.10804	0.02131	0.01797	0.03450	0.00892	0.00219	0.08619	0.00666	0.00465	0.04765
1	0.04984	0.03846	0.05504	0.01652	0.02159	0.08180	0.16287	0.13810	0.01761	0.07553	0.01465	0.01888	0.01181	0.00736	0.00749	0.00193	0.06158	0.04611	0.00448	0.16835
2	0.06113	0.01325	0.07624	0.09941	0.02007	0.01204	0.07232	0.07030	0.01531	0.04300	0.12669	0.04947	0.05332	0.07571	0.01013	0.00240	0.06597	0.00760	0.00461	0.12104
3	0.01573	0.01309	0.01690	0.01629	0.10575	0.06300	0.07421	0.06776	0.06598	0.07839	0.05628	0.13749	0.02087	0.06398	0.00868	0.00227	0.00645	0.02743	0.00504	0.15438
4	0.06982	0.01218	0.01607	0.03896	0.01818	0.01094	0.08733	0.06353	0.03761	0.02332	0.05662	0.02312	0.05137	0.00741	0.00597	0.00160	0.00581	0.05105	0.00453	0.41458
5	0.04570	0.01623	0.01816	0.08114	0.04119	0.12845	0.08705	0.11780	0.08415	0.02345	0.02002	0.02130	0.09424	0.00767	0.00629	0.00181	0.00730	0.00639	0.00457	0.18709
6	0.01267	0.01179	0.01927	0.64301	0.07201	0.01425	0.01731	0.01745	0.04103	0.01762	0.01307	0.04018	0.01038	0.00701	0.00658	0.00216	0.00830	0.00623	0.00322	0.03647
7	0.01521	0.01445	0.02390	0.12004	0.56330	0.01481	0.01842	0.01966	0.04553	0.02095	0.01696	0.02029	0.06365	0.00689	0.00663	0.00202	0.00749	0.00653	0.00358	0.00970
8	0.10347	0.01536	0.01925	0.07507	0.02162	0.09888	0.13325	0.02042	0.08999	0.02099	0.01332	0.01629	0.01078	0.00972	0.06012	0.00249	0.07535	0.00552	0.00387	0.20421
9	0.02503	0.01844	0.01976	0.01515	0.02042	0.02042	0.01251	0.70562	0.03095	0.04149	0.01581	0.01581	0.01120	0.00790	0.00659	0.00198	0.00724	0.00593	0.00659	0.01120
10	0.01025	0.00816	0.01134	0.25627	0.02024	0.00899	0.00898	0.01196	0.01155	0.01489	0.02381	0.07013	0.10175	0.39172	0.02035	0.00433	0.00671	0.00926	0.00398	0.00535
11	0.02954	0.01120	0.01528	0.01171	0.01681	0.00968	0.00968	0.03208	0.01884	0.73213	0.02597	0.02241	0.01630	0.00815	0.00662	0.00204	0.00560	0.00662	0.00815	0.01120
12	0.46620	0.01717	0.14844	0.01172	0.01708	0.01486	0.01131	0.08597	0.04231	0.11110	0.01295	0.01370	0.00932	0.00666	0.00512	0.00205	0.00623	0.00454	0.00464	0.00861
13	0.04731	0.01854	0.01753	0.05563	0.02032	0.16563	0.01184	0.26476	0.16397	0.14015	0.01805	0.01775	0.01299	0.00779	0.00640	0.00199	0.00754	0.00592	0.00592	0.00997
14	0.00874	0.00616	0.00778	0.00859	0.00913	0.00587	0.00574	0.00992	0.01269	0.01699	0.11336	0.41620	0.06366	0.22852	0.01536	0.00364	0.00456	0.05231	0.00565	0.00512
15	0.00905	0.00616	0.00733	0.00785	0.00797	0.00604	0.00470	0.00944	0.01059	0.01412	0.02596	0.28501	0.03051	0.51773	0.02509	0.00514	0.00552	0.01264	0.00470	0.00444
16	0.01710	0.01575	0.02552	0.07724	0.60677	0.01614	0.01920	0.10017	0.01675	0.02358	0.01275	0.01631	0.01043	0.00614	0.00653	0.00197	0.00781	0.00587	0.00363	0.01034
17	0.01528	0.01546	0.02219	0.40398	0.29406	0.10009	0.01834	0.01918	0.01448	0.01847	0.01177	0.01642	0.00935	0.00634	0.00648	0.00205	0.00879	0.00567	0.00310	0.00850
18	0.01025	0.00889	0.00880	0.00959	0.01032	0.09173	0.00642	0.01126	0.01281	0.01597	0.03140	0.50692	0.06277	0.16556	0.01301	0.00327	0.00524	0.01504	0.00538	0.00536
19	0.07278	0.01542	0.01696	0.01355	0.01834	0.01665	0.01104	0.35099	0.18784	0.19612	0.02031	0.01906	0.01421	0.00809	0.00647	0.00205	0.00626	0.00630	0.00682	0.01076
20	0.45413	0.01636	0.01370	0.01144	0.01588	0.10092	0.00927	0.20334	0.01753	0.03058	0.01124	0.01241	0.00856	0.00658	0.00502	0.00190	0.00644	0.00430	0.00465	0.06573
21	0.04981	0.01430	0.01608	0.17861	0.02305	0.07986	0.01211	0.21360	0.03906	0.08010	0.02026	0.11007	0.03222	0.00998	0.00684	0.00216	0.00708	0.06750	0.00531	0.03199
22	0.20945	0.01584	0.01837	0.02084	0.22282	0.10182	0.04299	0.09027	0.05490	0.02457	0.03503	0.01702	0.01229	0.01172	0.09205	0.00299	0.00859	0.00562	0.00416	0.00865
23	0.04438	0.01572	0.01545	0.01302	0.01665	0.10259	0.01030	0.34260	0.02220	0.06011	0.02020	0.08245	0.03289	0.09869	0.00992	0.00259	0.00705	0.06696	0.00572	0.03052
24	0.01920	0.01686	0.02037	0.04107	0.10307	0.06535	0.04703	0.27641	0.08244	0.02780	0.01556	0.01745	0.03067	0.00829	0.00941	0.00212	0.15061	0.00610	0.00485	0.05535
25	0.04159	0.08712	0.04499	0.01350	0.04145	0.03503	0.01078	0.23373	0.12352	0.02732	0.03693	0.15124	0.03502	0.00995	0.00649	0.00200	0.00610	0.00818	0.00550	0.07957
26	0.07081	0.01769	0.01661	0.10138	0.06094	0.22597	0.01193	0.10945	0.01864	0.15101	0.08942	0.04500	0.01778	0.00850	0.00649	0.00199	0.00781	0.02482	0.00520	0.00856
27	0.15878	0.03826	0.06173	0.03992	0.08446	0.15311	0.07224	0.09797	0.14873	0.02483	0.01440	0.01574	0.01109	0.00685	0.00598	0.00195	0.00782	0.00541	0.00442	0.04630
28	0.04261	0.03914	0.01990	0.01783	0.10319	0.13467	0.06034	0.21999	0.09099	0.08734	0.04735	0.03828	0.01476	0.00777	0.00645	0.00194	0.00754	0.00636	0.00530	0.04824

[dist]
# distance from previous block
# <min> <max>
8	133

[block]
# block no. 1 follows, 33 sequences, length 19
# corresponding to MSA columns:
# 514-532
name=unknown_B
#
# <colnr> <probs for GDERKNQSTAVLIFYWHMCP>
#	G	D	E	R	K	N	Q	S	T	A	V	L	I	F	Y	W	H	M	C	P
0	0.05371	0.05621	0.01706	0.01365	0.01668	0.14861	0.11827	0.04265	0.01526	0.01970	0.06719	0.17131	0.04323	0.08284	0.00941	0.00250	0.00717	0.04216	0.02956	0.04284
1	0.05051	0.06256	0.05436	0.01523	0.03663	0.06059	0.12014	0.15340	0.03277	0.05785	0.09447	0.08295	0.08827	0.00976	0.00713	0.00208	0.02026	0.02176	0.00519	0.02407
2	0.04007	0.06723	0.21260	0.01601	0.02183	0.09660	0.07574	0.06695	0.12605	0.07131	0.03280	0.01699	0.01252	0.00719	0.00695	0.00197	0.04398	0.00567	0.00437	0.07317
3	0.03973	0.06317	0.01704	0.09048	0.06342	0.10052	0.01132	0.11592	0.08909	0.06420	0.06330	0.03910	0.07286	0.05642	0.00912	0.00230	0.05617	0.00711	0.00491	0.03383
4	0.08661	0.05500	0.01538	0.01177	0.01507	0.01134	0.08622	0.05933	0.05032	0.03551	0.22423	0.03394	0.07514	0.07071	0.00920	0.00237	0.02018	0.04801	0.00539	0.08425
5	0.01583	0.01389	0.01454	0.01174	0.01616	0.06993	0.00921	0.11835	0.10733	0.02395	0.01714	0.11020	0.01544	0.00819	0.00641	0.00161	0.02911	0.00661	0.00486	0.39950
6	0.02118	0.01791	0.01713	0.01409	0.01823	0.16409	0.01125	0.23222	0.09929	0.10329	0.01604	0.01694	0.01215	0.01026	0.05332	0.00242	0.06247	0.00561	0.00529	0.11681
7	0.07468	0.01396	0.01749	0.07279	0.02024	0.01507	0.05661	0.22682	0.10651	0.16389	0.05750	0.02275	0.06085	0.00875	0.00752	0.00213	0.04991	0.00701	0.00601	0.00951
8	0.06264	0.00837	0.00980	0.00950	0.01128	0.00850	0.00710	0.05622	0.01487	0.06462	0.08397	0.29723	0.22985	0.03454	0.00936	0.00249	0.06422	0.01309	0.00590	0.00643
9	0.01511	0.01460	0.01870	0.40395	0.11012	0.10629	0.01543	0.06233	0.05585	0.01910	0.01406	0.02060	0.01179	0.08084	0.00916	0.00252	0.00847	0.01966	0.00364	0.00778
10	0.06208	0.01566	0.06769	0.45348	0.03639	0.04838	0.07159	0.12699	0.01635	0.02204	0.01227	0.01640	0.00912	0.00667	0.00648	0.00212	0.00871	0.00575	0.00362	0.00822
11	0.01693	0.01455	0.02342	0.12538	0.49780	0.01498	0.01774	0.07462	0.01596	0.06641	0.01391	0.01836	0.01143	0.05075	0.00811	0.00225	0.00767	0.00613	0.00383	0.00977
12	0.06042	0.00723	0.00896	0.00905	0.01075	0.00694	0.00712	0.01261	0.01661	0.02357	0.41076	0.09961	0.12231	0.01485	0.00787	0.00234	0.00396	0.16233	0.00659	0.00611
13	0.06984	0.01893	0.01812	0.01451	0.01919	0.12085	0.01174	0.48110	0.05996	0.06193	0.04730	0.01712	0.01348	0.00795	0.00641	0.00196	0.00743	0.00592	0.00608	0.01020
14	0.08307	0.12303	0.01870	0.01342	0.01779	0.07463	0.01096	0.19415	0.34022	0.02852	0.01895	0.01838	0.01436	0.00783	0.00605	0.00200	0.00647	0.00597	0.00566	0.00985
15	0.01290	0.00813	0.01014	0.00939	0.01112	0.00800	0.00691	0.04726	0.01552	0.12266	0.21007	0.17318	0.12155	0.15425	0.01325	0.00304	0.04837	0.01156	0.00614	0.00657
16	0.01329	0.01115	0.01378	0.05899	0.05727	0.05609	0.04922	0.06050	0.06349	0.05714	0.24841	0.07413	0.18622	0.01185	0.00734	0.00212	0.00536	0.01029	0.00593	0.00742
17	0.10649	0.01613	0.05863	0.05878	0.01926	0.06385	0.01249	0.11797	0.01496	0.02261	0.01111	0.01439	0.00929	0.00931	0.03371	0.00235	0.25103	0.00506	0.00381	0.16879
18	0.39085	0.05908	0.01451	0.01141	0.01540	0.06959	0.00934	0.14849	0.08870	0.02834	0.01592	0.01668	0.05496	0.00769	0.00605	0.00204	0.04273	0.00522	0.00476	0.00824

[dist]
# distance from previous block
# <min> <max>
38	169

[block]
# block no. 2 follows, 33 sequences, length 17
# corresponding to MSA columns:
# 738-754
name=unknown_C
#
# <colnr> <probs for GDERKNQSTAVLIFYWHMCP>
#	G	D	E	R	K	N	Q	S	T	A	V	L	I	F	Y	W	H	M	C	P
0	0.01882	0.08512	0.06026	0.12450	0.07029	0.07518	0.01332	0.14958	0.07796	0.11346	0.03970	0.04289	0.01459	0.03472	0.00818	0.00220	0.04883	0.00644	0.00492	0.00905
1	0.08141	0.07485	0.09933	0.01863	0.16997	0.09020	0.01343	0.05590	0.06487	0.06817	0.04002	0.01722	0.01296	0.00849	0.03616	0.00217	0.00755	0.00544	0.03322	0.10004
2	0.01429	0.05720	0.07278	0.01447	0.09530	0.07164	0.01054	0.07103	0.03349	0.04606	0.06106	0.16795	0.08023	0.10709	0.01017	0.00258	0.00630	0.00937	0.00487	0.06359
3	0.06404	0.04508	0.07596	0.06131	0.02043	0.07927	0.01239	0.27919	0.05350	0.07331	0.01619	0.06899	0.01310	0.00818	0.00662	0.00195	0.02517	0.00631	0.00522	0.08379
4	0.03568	0.01392	0.03255	0.13469	0.06419	0.10114	0.01129	0.07608	0.06473	0.09460	0.10343	0.02501	0.01965	0.10652	0.04490	0.00295	0.00750	0.00701	0.02985	0.02433
5	0.04763	0.01831	0.04525	0.01857	0.12788	0.18537	0.06027	0.08335	0.01804	0.21998	0.01870	0.01922	0.04738	0.00837	0.02275	0.00211	0.00821	0.00608	0.00513	0.03741
6	0.19454	0.01504	0.01531	0.03412	0.06739	0.09579	0.02684	0.04728	0.12864	0.05989	0.01618	0.01712	0.03470	0.00682	0.00559	0.00176	0.00631	0.00527	0.00463	0.21678
7	0.20477	0.05470	0.09078	0.05826	0.04329	0.04221	0.01253	0.21650	0.10333	0.08975	0.01517	0.01577	0.01107	0.00717	0.00584	0.00201	0.00688	0.00533	0.00513	0.00949
8	0.01017	0.00723	0.00963	0.01095	0.05594	0.00712	0.00705	0.01204	0.03567	0.04184	0.05575	0.33446	0.09227	0.15665	0.10227	0.03062	0.00632	0.01294	0.00526	0.00583
9	0.00957	0.00638	0.00718	0.00718	0.00718	0.00638	0.00399	0.00957	0.00957	0.01276	0.02074	0.04308	0.02393	0.76864	0.03351	0.00638	0.00638	0.00957	0.00399	0.00399
10	0.13662	0.01503	0.01875	0.16805	0.08177	0.10862	0.10104	0.01856	0.01410	0.02058	0.01350	0.07934	0.01199	0.00719	0.00606	0.00187	0.00758	0.00623	0.00372	0.17938
11	0.00927	0.00714	0.01024	0.01300	0.10067	0.00678	0.00791	0.01106	0.01382	0.01886	0.13779	0.56076	0.04216	0.01766	0.00807	0.00249	0.00422	0.01605	0.00592	0.00612
12	0.01639	0.59738	0.07541	0.01171	0.01685	0.05220	0.01151	0.01872	0.01353	0.01603	0.01281	0.10644	0.01289	0.00762	0.00496	0.00162	0.00700	0.00556	0.00326	0.00810
13	0.01523	0.01248	0.01354	0.01239	0.01557	0.01390	0.00963	0.11300	0.42983	0.02650	0.03033	0.14159	0.07719	0.01168	0.00716	0.00231	0.00516	0.04687	0.00652	0.00914
14	0.02131	0.26681	0.02326	0.01468	0.01883	0.42055	0.01196	0.02528	0.10538	0.01736	0.01196	0.01306	0.00994	0.00669	0.00548	0.00167	0.00948	0.00442	0.00363	0.00825
15	0.00819	0.00586	0.00779	0.00905	0.00958	0.00546	0.00612	0.00958	0.01337	0.01802	0.12353	0.67363	0.04590	0.01972	0.00832	0.00260	0.00373	0.01785	0.00626	0.00546
16	0.01930	0.10364	0.30102	0.01713	0.02371	0.22187	0.05097	0.10971	0.01768	0.05742	0.01238	0.01385	0.00923	0.00661	0.00610	0.00190	0.00961	0.00492	0.00374	0.00923

[dist]
# distance from previous block
# <min> <max>
0	2

[block]
# block no. 3 follows, 33 sequences, length 14
# corresponding to MSA columns:
# 757-770
name=unknown_D
#
# <colnr> <probs for GDERKNQSTAVLIFYWHMCP>
#	G	D	E	R	K	N	Q	S	T	A	V	L	I	F	Y	W	H	M	C	P
0	0.02226	0.24410	0.02316	0.01574	0.05188	0.39814	0.01226	0.02502	0.04856	0.08360	0.01221	0.01326	0.00982	0.00663	0.00556	0.00168	0.00939	0.00447	0.00381	0.00846
1	0.01053	0.00669	0.00878	0.00915	0.01049	0.00614	0.00665	0.01250	0.01519	0.08657	0.23107	0.40665	0.09261	0.01703	0.00805	0.00243	0.00388	0.05278	0.00662	0.00619
2	0.02292	0.05826	0.01921	0.01435	0.01927	0.01920	0.01181	0.47844	0.18426	0.07582	0.01850	0.01787	0.01335	0.00803	0.00648	0.00201	0.00668	0.00618	0.00649	0.01087
3	0.01662	0.59843	0.13025	0.01217	0.01839	0.02293	0.01276	0.01958	0.01348	0.01679	0.00976	0.01132	0.00855	0.00565	0.00457	0.00146	0.00721	0.00374	0.00291	0.08341
4	0.00815	0.00679	0.00718	0.00737	0.00951	0.00582	0.00573	0.00999	0.01502	0.01803	0.06258	0.06477	0.63611	0.01687	0.00795	0.00233	0.00369	0.10040	0.00611	0.00562
5	0.01637	0.01414	0.01489	0.01340	0.01712	0.01637	0.01042	0.03498	0.71568	0.02754	0.02679	0.02456	0.02010	0.00893	0.00670	0.00223	0.00521	0.00744	0.00670	0.01042
6	0.09420	0.11643	0.02333	0.02521	0.32577	0.16216	0.01510	0.09106	0.01694	0.05294	0.01215	0.01436	0.00980	0.00635	0.00589	0.00185	0.00812	0.00506	0.00385	0.00942
7	0.01762	0.01383	0.01496	0.01272	0.01628	0.12001	0.05977	0.02349	0.16267	0.16861	0.11803	0.08116	0.10737	0.01036	0.00695	0.00207	0.00611	0.00880	0.00610	0.04307
8	0.01343	0.01026	0.01292	0.04983	0.08077	0.03614	0.00922	0.06228	0.03382	0.07140	0.30862	0.08354	0.06429	0.03252	0.04464	0.00256	0.00564	0.00958	0.00590	0.06265
9	0.06261	0.08858	0.09500	0.01532	0.04514	0.09716	0.11283	0.01997	0.04569	0.06035	0.14383	0.02263	0.03634	0.00905	0.02862	0.00213	0.00751	0.00671	0.00452	0.09599
10	0.01772	0.01771	0.04814	0.01524	0.06275	0.17071	0.04574	0.07588	0.07539	0.05668	0.06362	0.03710	0.01525	0.00718	0.00608	0.00166	0.00720	0.00586	0.00461	0.26548
11	0.04643	0.01523	0.01763	0.10377	0.06726	0.08147	0.04756	0.18333	0.08011	0.02551	0.01897	0.05723	0.05250	0.00839	0.00646	0.00193	0.00701	0.03183	0.00487	0.14250
12	0.04369	0.08746	0.03811	0.05031	0.05832	0.12955	0.04323	0.12177	0.03855	0.18587	0.04919	0.02027	0.05075	0.00777	0.00627	0.00189	0.00731	0.00619	0.00529	0.04820
13	0.03599	0.07041	0.10793	0.13350	0.07084	0.05439	0.01344	0.08777	0.05501	0.11618	0.05285	0.03935	0.07100	0.00824	0.00638	0.00197	0.00698	0.00672	0.00482	0.05622

[dist]
# distance from previous block
# <min> <max>
16	166

[block]
# block no. 4 follows, 33 sequences, length 40
# corresponding to MSA columns:
# 975-1014
name=unknown_E
#
# <colnr> <probs for GDERKNQSTAVLIFYWHMCP>
#	G	D	E	R	K	N	Q	S	T	A	V	L	I	F	Y	W	H	M	C	P
0	0.01889	0.03731	0.01851	0.01745	0.12000	0.12068	0.03115	0.22556	0.06570	0.04694	0.04154	0.05029	0.05833	0.01049	0.04382	0.00235	0.00776	0.00687	0.00511	0.07126
1	0.07352	0.03888	0.08662	0.03703	0.08158	0.13238	0.01237	0.10869	0.07933	0.06838	0.02062	0.05734	0.07935	0.03975	0.00799	0.00220	0.03326	0.00694	0.00475	0.02902
2	0.01822	0.03881	0.07841	0.05486	0.12294	0.06532	0.03539	0.18261	0.03839	0.07845	0.04572	0.05060	0.04150	0.00813	0.00693	0.00194	0.02969	0.00666	0.00489	0.09054
3	0.06486	0.04266	0.10980	0.01575	0.09280	0.05516	0.03816	0.08385	0.01569	0.07023	0.01512	0.02100	0.01301	0.08429	0.00876	0.00222	0.00704	0.04438	0.00428	0.21095
4	0.01679	0.09345	0.03626	0.06099	0.01824	0.12490	0.03152	0.04307	0.11368	0.08963	0.08093	0.05115	0.07674	0.04603	0.00893	0.00225	0.06297	0.00745	0.00496	0.03006
5	0.01885	0.15052	0.07607	0.04996	0.01881	0.01625	0.01185	0.19388	0.06112	0.13314	0.01915	0.04496	0.04265	0.04056	0.06435	0.00281	0.03421	0.00658	0.00517	0.00910
6	0.01732	0.01414	0.01691	0.01429	0.04147	0.03351	0.05412	0.19099	0.16185	0.06023	0.02469	0.02490	0.11824	0.01028	0.03090	0.00226	0.04990	0.00726	0.00552	0.12120
7	0.01841	0.06561	0.01844	0.05067	0.04039	0.05114	0.05676	0.14230	0.10974	0.12587	0.01956	0.11147	0.01660	0.01055	0.03503	0.00233	0.02507	0.00754	0.00538	0.08715
8	0.01751	0.03213	0.01926	0.06351	0.21163	0.15403	0.01383	0.02174	0.08032	0.07789	0.05037	0.04244	0.01560	0.00965	0.03150	0.00233	0.08463	0.02598	0.00433	0.04132
9	0.08523	0.16820	0.02233	0.01752	0.12336	0.05305	0.04049	0.19206	0.05409	0.08915	0.01543	0.05783	0.01268	0.00776	0.00652	0.00195	0.03199	0.00609	0.00484	0.00943
10	0.03672	0.01434	0.04257	0.19370	0.13993	0.03836	0.03283	0.10979	0.10198	0.05811	0.09146	0.04907	0.01807	0.00815	0.00666	0.00206	0.00701	0.00706	0.00483	0.03730
11	0.01934	0.04806	0.02127	0.01915	0.12523	0.10215	0.11566	0.09401	0.13582	0.13500	0.05913	0.02255	0.05659	0.00804	0.00673	0.00202	0.00740	0.00704	0.00533	0.00946
12	0.01509	0.01750	0.06847	0.06417	0.09638	0.01617	0.51791	0.02027	0.01505	0.02063	0.01375	0.01955	0.01095	0.00641	0.00814	0.00225	0.04081	0.03433	0.00337	0.00880
13	0.01144	0.00572	0.00858	0.00858	0.00858	0.00572	0.00572	0.00858	0.00858	0.01144	0.01144	0.02001	0.01144	0.02287	0.02573	0.80846	0.00572	0.00572	0.00286	0.00286
14	0.01189	0.00952	0.01071	0.00981	0.01234	0.00982	0.00753	0.05365	0.22634	0.02566	0.33965	0.04318	0.18877	0.01251	0.00739	0.00215	0.00399	0.01070	0.00681	0.00758
15	0.02819	0.01125	0.01514	0.01155	0.01670	0.00960	0.00952	0.03077	0.01840	0.67185	0.02476	0.02166	0.01574	0.00787	0.00647	0.00195	0.00554	0.00639	0.00779	0.07886
16	0.01365	0.01170	0.01365	0.00975	0.01560	0.00878	0.00780	0.01658	0.01365	0.02145	0.01170	0.01365	0.00975	0.00488	0.00488	0.00098	0.00488	0.00390	0.00390	0.80888
17	0.01378	0.07424	0.59699	0.01959	0.02865	0.01610	0.11857	0.02082	0.01410	0.02057	0.01187	0.01425	0.00858	0.00612	0.00635	0.00206	0.00977	0.00519	0.00286	0.00954
18	0.02498	0.01987	0.01964	0.01535	0.02041	0.10008	0.01254	0.63065	0.02960	0.03869	0.01518	0.01537	0.01090	0.00778	0.00651	0.00194	0.00775	0.00574	0.00623	0.01080
19	0.01144	0.00572	0.00858	0.00858	0.00858	0.00572	0.00572	0.00858	0.00858	0.01144	0.01144	0.02001	0.01144	0.02287	0.02573	0.80846	0.00572	0.00572	0.00286	0.00286
20	0.01760	0.77260	0.03450	0.01126	0.01690	0.02605	0.01126	0.01971	0.01338	0.01549	0.00915	0.01056	0.00845	0.00563	0.00422	0.00141	0.00704	0.00352	0.00282	0.00845
21	0.00895	0.00671	0.00829	0.00789	0.00961	0.00605	0.00592	0.01171	0.01776	0.02433	0.56608	0.05258	0.22143	0.01423	0.00777	0.00211	0.00316	0.01238	0.00697	0.00605
22	0.01576	0.46401	0.32699	0.01440	0.02174	0.02155	0.01672	0.02019	0.01359	0.01773	0.01026	0.01196	0.00840	0.00589	0.00507	0.00169	0.00816	0.00408	0.00280	0.00898
23	0.08548	0.08166	0.17441	0.01578	0.06061	0.01586	0.04025	0.16863	0.08903	0.06094	0.01861	0.04675	0.04238	0.00825	0.00632	0.00204	0.00707	0.03479	0.00485	0.03633
24	0.04257	0.12819	0.11724	0.07375	0.09387	0.07594	0.03714	0.08433	0.11882	0.10270	0.01545	0.01648	0.01157	0.00685	0.00604	0.00190	0.00757	0.00547	0.00452	0.04961
25	0.01287	0.01140	0.05395	0.08649	0.01709	0.04640	0.02875	0.04265	0.05027	0.06748	0.28728	0.10952	0.08638	0.01230	0.00746	0.00221	0.00544	0.05887	0.00598	0.00723
26	0.22083	0.09933	0.13010	0.01580	0.13602	0.01348	0.01213	0.01686	0.01341	0.02184	0.04540	0.13800	0.09293	0.00972	0.00606	0.00208	0.00605	0.00795	0.00424	0.00777
27	0.04861	0.01500	0.04714	0.11088	0.38900	0.04142	0.04446	0.01945	0.05016	0.02118	0.04330	0.07992	0.01523	0.00764	0.00659	0.00203	0.00740	0.00706	0.00384	0.03966
28	0.01838	0.07821	0.04295	0.04509	0.10159	0.04000	0.01183	0.14352	0.04567	0.09667	0.01431	0.01552	0.01093	0.00627	0.00572	0.00157	0.00648	0.00500	0.00467	0.30562
29	0.01537	0.01402	0.01979	0.21117	0.23174	0.06844	0.04087	0.05382	0.06302	0.04586	0.07539	0.09637	0.01843	0.00864	0.00685	0.00211	0.00741	0.00776	0.00438	0.00855
30	0.01909	0.01497	0.01703	0.04379	0.15078	0.11068	0.01186	0.12052	0.03287	0.15088	0.05930	0.08837	0.05423	0.00899	0.00661	0.00194	0.00672	0.00753	0.00539	0.08844
31	0.04323	0.01693	0.02481	0.05806	0.39956	0.08807	0.09866	0.07211	0.01635	0.05114	0.01348	0.03658	0.01116	0.00680	0.00712	0.00203	0.03429	0.00624	0.00381	0.00958
32	0.09736	0.01440	0.02115	0.12642	0.37596	0.01542	0.01605	0.11243	0.01634	0.02388	0.01680	0.01967	0.06938	0.00740	0.00703	0.00206	0.03876	0.00630	0.00397	0.00923
33	0.04204	0.03447	0.02083	0.18565	0.12540	0.03755	0.09520	0.09630	0.01631	0.09173	0.05115	0.05068	0.01486	0.01115	0.06554	0.00279	0.03852	0.00692	0.00439	0.00854
34	0.05767	0.01868	0.10974	0.04858	0.25392	0.08136	0.01574	0.17980	0.01870	0.05974	0.01649	0.06006	0.03488	0.00781	0.00648	0.00202	0.00771	0.00652	0.00450	0.00959
35	0.01563	0.01440	0.01947	0.19883	0.23896	0.07104	0.01510	0.08088	0.01561	0.02131	0.01614	0.01968	0.05160	0.00776	0.00801	0.00206	0.09059	0.00622	0.09832	0.00839
36	0.10729	0.01844	0.09059	0.07722	0.11631	0.10312	0.03744	0.14039	0.01709	0.07758	0.01359	0.04039	0.01092	0.00790	0.00838	0.00214	0.11211	0.00586	0.00429	0.00893
37	0.06297	0.01842	0.12789	0.19864	0.12572	0.12560	0.01573	0.02123	0.03219	0.10235	0.04118	0.04728	0.01335	0.00765	0.00688	0.00208	0.03200	0.00619	0.00408	0.00857
38	0.04568	0.01359	0.04745	0.13679	0.07449	0.03223	0.04018	0.05303	0.01474	0.08980	0.03765	0.04479	0.03473	0.03743	0.00945	0.00220	0.10740	0.02532	0.00433	0.14872
39	0.03848	0.01483	0.01729	0.18190	0.05061	0.08598	0.01291	0.14968	0.06070	0.09144	0.01844	0.02165	0.05309	0.01016	0.03743	0.00246	0.07807	0.02780	0.00478	0.04231

[dist]
# distance from previous block
# <min> <max>
100	380

[block]
# block no. 5 follows, 33 sequences, length 71
# corresponding to MSA columns:
# 1427-1497
name=unknown_F
#
# <colnr> <probs for GDERKNQSTAVLIFYWHMCP>
#	G	D	E	R	K	N	Q	S	T	A	V	L	I	F	Y	W	H	M	C	P
0	0.01975	0.03869	0.06976	0.01514	0.04510	0.10749	0.05961	0.13132	0.12470	0.15623	0.05901	0.02337	0.04127	0.06846	0.00875	0.00236	0.00726	0.00694	0.00556	0.00921
1	0.03473	0.01689	0.05321	0.01472	0.04329	0.18121	0.05320	0.03427	0.06444	0.04289	0.01994	0.10000	0.04972	0.08374	0.01027	0.00247	0.05830	0.04060	0.00444	0.09167
2	0.03482	0.08113	0.10930	0.03187	0.05949	0.04852	0.01252	0.12997	0.13168	0.11666	0.04415	0.02164	0.06703	0.00804	0.00626	0.00192	0.00661	0.00641	0.00529	0.07669
3	0.01661	0.01610	0.09593	0.01653	0.08559	0.03822	0.05920	0.20533	0.08261	0.04299	0.11288	0.02747	0.07443	0.03381	0.04193	0.00261	0.00735	0.02607	0.00539	0.00893
4	0.12570	0.11936	0.10411	0.03262	0.06331	0.09030	0.07987	0.03673	0.07171	0.02180	0.07190	0.04618	0.09311	0.00851	0.00621	0.00200	0.00714	0.00699	0.00433	0.00812
5	0.01305	0.04083	0.04560	0.01163	0.04474	0.00939	0.00874	0.03664	0.06093	0.09826	0.09156	0.23862	0.06890	0.07816	0.08989	0.00346	0.00646	0.01094	0.00554	0.03666
6	0.01555	0.03509	0.11439	0.01332	0.01711	0.07039	0.01157	0.14394	0.19515	0.02425	0.02278	0.20542	0.02147	0.03470	0.04188	0.00272	0.00703	0.00932	0.00541	0.00854
7	0.01480	0.01489	0.06819	0.01888	0.17856	0.12000	0.03763	0.01755	0.01522	0.07202	0.08260	0.24459	0.04273	0.03235	0.00790	0.00229	0.00677	0.01034	0.00489	0.00778
8	0.01797	0.22617	0.08374	0.03672	0.04076	0.17435	0.08411	0.05302	0.04187	0.05399	0.03314	0.07114	0.03992	0.00799	0.00610	0.00187	0.00821	0.00646	0.00405	0.00840
9	0.01760	0.77260	0.03450	0.01126	0.01690	0.02605	0.01126	0.01971	0.01338	0.01549	0.00915	0.01056	0.00845	0.00563	0.00422	0.00141	0.00704	0.00352	0.00282	0.00845
10	0.10176	0.07766	0.47235	0.01738	0.05300	0.01519	0.05113	0.02021	0.01393	0.04584	0.01564	0.01724	0.05719	0.00692	0.00608	0.00204	0.00845	0.00548	0.00338	0.00911
11	0.01452	0.05725	0.27363	0.13766	0.25469	0.01508	0.04135	0.01959	0.01432	0.04127	0.01497	0.03648	0.03663	0.00693	0.00646	0.00205	0.00837	0.00611	0.00334	0.00927
12	0.01534	0.16973	0.01963	0.05172	0.01703	0.05236	0.01118	0.07178	0.09034	0.01870	0.01557	0.02119	0.03542	0.12266	0.04849	0.00320	0.21791	0.00631	0.00390	0.00756
13	0.01712	0.69171	0.11116	0.01209	0.01817	0.02487	0.01269	0.01984	0.01343	0.01608	0.00944	0.01093	0.00844	0.00570	0.00445	0.00148	0.00733	0.00367	0.00281	0.00859
14	0.01493	0.01783	0.12647	0.14164	0.34250	0.05767	0.07595	0.01920	0.01429	0.01956	0.01283	0.01769	0.01066	0.03741	0.06096	0.00281	0.00942	0.00601	0.00320	0.00898
15	0.01489	0.01077	0.08974	0.01040	0.01366	0.00797	0.00905	0.01798	0.01709	0.21305	0.32406	0.14629	0.07302	0.01248	0.00739	0.00216	0.00462	0.01084	0.00677	0.00777
16	0.08371	0.02839	0.53897	0.01815	0.02649	0.01484	0.09100	0.02072	0.01385	0.04752	0.01254	0.01490	0.00909	0.00831	0.04163	0.00250	0.00969	0.00522	0.00318	0.00928
17	0.01169	0.01011	0.01409	0.07457	0.01630	0.04087	0.04207	0.01407	0.01146	0.01639	0.01557	0.02330	0.01436	0.08269	0.37862	0.00673	0.14536	0.00675	0.06868	0.00633
18	0.01340	0.06543	0.45625	0.04381	0.02647	0.01546	0.09880	0.01932	0.01377	0.01982	0.01416	0.04521	0.01201	0.00797	0.00786	0.00222	0.06979	0.05616	0.00322	0.00885
19	0.00802	0.00573	0.00764	0.00917	0.00955	0.00535	0.00611	0.00917	0.01260	0.01681	0.03628	0.76434	0.04354	0.02062	0.00840	0.00267	0.00382	0.01872	0.00611	0.00535
20	0.01364	0.06673	0.63222	0.01932	0.02855	0.01593	0.09186	0.02082	0.01404	0.02062	0.01184	0.01413	0.00851	0.00615	0.00631	0.00207	0.00974	0.00509	0.00284	0.00958
21	0.01486	0.01427	0.02370	0.25471	0.42318	0.01594	0.01883	0.01858	0.01377	0.01931	0.01167	0.01642	0.00968	0.00685	0.00858	0.00215	0.10950	0.00585	0.00311	0.00904
22	0.00940	0.00705	0.01058	0.01058	0.01176	0.00823	0.00823	0.01176	0.01058	0.01528	0.01763	0.02586	0.01646	0.04937	0.74255	0.01058	0.01763	0.00705	0.00353	0.00588
23	0.00940	0.00705	0.01058	0.01058	0.01176	0.00823	0.00823	0.01176	0.01058	0.01528	0.01763	0.02586	0.01646	0.04937	0.74255	0.01058	0.01763	0.00705	0.00353	0.00588
24	0.01988	0.02108	0.02387	0.02961	0.39508	0.24922	0.04480	0.09726	0.01794	0.02195	0.01209	0.01488	0.00987	0.00637	0.00639	0.00189	0.00919	0.00543	0.00367	0.00955
25	0.01778	0.67887	0.03262	0.01200	0.01712	0.06659	0.01156	0.01983	0.01346	0.01555	0.00918	0.01090	0.00846	0.00610	0.00550	0.00152	0.05809	0.00371	0.00285	0.00832
26	0.00987	0.00683	0.00838	0.00845	0.00912	0.00690	0.00565	0.03256	0.01240	0.01702	0.12061	0.15412	0.03129	0.39247	0.10899	0.00534	0.00682	0.03410	0.02400	0.00509
27	0.02457	0.01822	0.01950	0.01506	0.02024	0.02020	0.01240	0.67059	0.06672	0.04076	0.01638	0.01626	0.01166	0.00796	0.00659	0.00199	0.00714	0.00601	0.00659	0.01116
28	0.01760	0.77260	0.03450	0.01126	0.01690	0.02605	0.01126	0.01971	0.01338	0.01549	0.00915	0.01056	0.00845	0.00563	0.00422	0.00141	0.00704	0.00352	0.00282	0.00845
29	0.00817	0.00613	0.00761	0.00865	0.00963	0.00557	0.00609	0.00965	0.01366	0.01769	0.07712	0.50947	0.22009	0.01912	0.00825	0.00255	0.00379	0.05513	0.00616	0.00548
30	0.01773	0.72470	0.05399	0.01168	0.01735	0.05157	0.01169	0.01998	0.01358	0.01566	0.00927	0.01070	0.00845	0.00569	0.00434	0.00144	0.00729	0.00358	0.00284	0.00846
31	0.01421	0.01207	0.01612	0.01242	0.01705	0.01097	0.08447	0.09834	0.04392	0.02257	0.01661	0.03728	0.03649	0.04095	0.11643	0.00299	0.00773	0.00607	0.00435	0.39896
32	0.04991	0.04340	0.02395	0.02790	0.36323	0.03584	0.05966	0.10639	0.09305	0.02393	0.01371	0.01646	0.01109	0.00711	0.00818	0.00209	0.09435	0.00593	0.00403	0.00977
33	0.01413	0.01344	0.02282	0.43874	0.34611	0.01507	0.01913	0.01831	0.01397	0.01889	0.01200	0.01700	0.00950	0.00627	0.00655	0.00209	0.00835	0.00586	0.00307	0.00869
34	0.01493	0.01485	0.02183	0.14009	0.21488	0.04094	0.01654	0.01751	0.01218	0.01755	0.01019	0.01534	0.00914	0.00905	0.01463	0.00248	0.41100	0.00576	0.00301	0.00811
35	0.00940	0.00705	0.01058	0.01058	0.01176	0.00823	0.00823	0.01176	0.01058	0.01528	0.01763	0.02586	0.01646	0.04937	0.74255	0.01058	0.01763	0.00705	0.00353	0.00588
36	0.02865	0.01140	0.01525	0.01183	0.01683	0.01013	0.00973	0.03228	0.06605	0.68440	0.02603	0.02255	0.01655	0.00820	0.00663	0.00205	0.00558	0.00668	0.00805	0.01115
37	0.00778	0.00667	0.00667	0.00667	0.00889	0.00556	0.00500	0.00945	0.01501	0.01778	0.06669	0.06336	0.72490	0.01667	0.00778	0.00222	0.00333	0.01389	0.00611	0.00556
38	0.01243	0.01170	0.01975	0.75282	0.04534	0.01463	0.01828	0.01682	0.01316	0.01682	0.01170	0.01755	0.00878	0.00658	0.00658	0.00219	0.00878	0.00585	0.00293	0.00731
39	0.00805	0.00666	0.00694	0.00688	0.00891	0.00568	0.00509	0.00980	0.01514	0.01851	0.13975	0.06067	0.61221	0.05558	0.00912	0.00242	0.00347	0.01344	0.00613	0.00555
40	0.00957	0.00638	0.00718	0.00718	0.00718	0.00638	0.00399	0.00957	0.00957	0.01276	0.02074	0.04308	0.02393	0.76864	0.03351	0.00638	0.00638	0.00957	0.00399	0.00399
41	0.02459	0.03138	0.01866	0.01696	0.02035	0.74221	0.01272	0.02629	0.01866	0.01611	0.01018	0.01187	0.00848	0.00678	0.00594	0.00170	0.01187	0.00424	0.00339	0.00763
42	0.01446	0.01215	0.01324	0.01213	0.01528	0.01364	0.00944	0.02878	0.52493	0.02664	0.16443	0.03290	0.05151	0.01049	0.00705	0.00224	0.00478	0.03992	0.00676	0.00924
43	0.01760	0.77260	0.03450	0.01126	0.01690	0.02605	0.01126	0.01971	0.01338	0.01549	0.00915	0.01056	0.00845	0.00563	0.00422	0.00141	0.00704	0.00352	0.00282	0.00845
44	0.01699	0.67033	0.05873	0.01303	0.05421	0.02428	0.01207	0.01941	0.01335	0.01599	0.00981	0.01169	0.00892	0.00770	0.03872	0.00189	0.00767	0.00386	0.00287	0.00848
45	0.01637	0.01414	0.01489	0.01340	0.01712	0.01637	0.01042	0.03498	0.71568	0.02754	0.02679	0.02456	0.02010	0.00893	0.00670	0.00223	0.00521	0.00744	0.00670	0.01042
46	0.00957	0.00638	0.00718	0.00718	0.00718	0.00638	0.00399	0.00957	0.00957	0.01276	0.02074	0.04308	0.02393	0.76864	0.03351	0.00638	0.00638	0.00957	0.00399	0.00399
47	0.01739	0.01392	0.01492	0.01327	0.01709	0.01586	0.01036	0.03476	0.66217	0.08165	0.02673	0.02440	0.01980	0.00887	0.00669	0.00222	0.00524	0.00738	0.00681	0.01048
48	0.01637	0.01414	0.01489	0.01340	0.01712	0.01637	0.01042	0.03498	0.71568	0.02754	0.02679	0.02456	0.02010	0.00893	0.00670	0.00223	0.00521	0.00744	0.00670	0.01042
49	0.00802	0.00573	0.00764	0.00917	0.00955	0.00535	0.00611	0.00917	0.01260	0.01681	0.03628	0.76434	0.04354	0.02062	0.00840	0.00267	0.00382	0.01872	0.00611	0.00535
50	0.02455	0.01808	0.01945	0.01505	0.02019	0.01999	0.01245	0.68260	0.03043	0.04076	0.01644	0.01775	0.01208	0.00824	0.00667	0.00201	0.00720	0.02846	0.00657	0.01102
51	0.01130	0.00613	0.00674	0.00701	0.00831	0.00616	0.00515	0.01398	0.01335	0.02247	0.02379	0.15494	0.02154	0.01315	0.06194	0.00243	0.00432	0.00842	0.60289	0.00598
52	0.01553	0.01364	0.01565	0.09102	0.01994	0.01565	0.01125	0.02973	0.51600	0.02492	0.02229	0.02193	0.01698	0.00844	0.00757	0.00214	0.05975	0.00678	0.00573	0.09509
53	0.01441	0.01168	0.01373	0.00985	0.01566	0.00882	0.00789	0.01732	0.01390	0.05562	0.01239	0.01407	0.01007	0.00503	0.00496	0.00103	0.00491	0.00403	0.00410	0.77053
54	0.16578	0.12143	0.06730	0.01440	0.03867	0.22887	0.01195	0.09542	0.06116	0.11604	0.01373	0.01433	0.01031	0.00688	0.00561	0.00186	0.00802	0.00480	0.00455	0.00888
55	0.01633	0.01432	0.01604	0.01409	0.01795	0.01639	0.04375	0.03431	0.68202	0.02723	0.02615	0.02423	0.01961	0.00877	0.00675	0.00223	0.00549	0.00746	0.00654	0.01035
56	0.01696	0.01443	0.01521	0.01352	0.01734	0.01665	0.01056	0.08014	0.66957	0.02848	0.02605	0.02397	0.01950	0.00886	0.00669	0.00222	0.00535	0.00734	0.00669	0.01047
57	0.00923	0.00673	0.00867	0.00819	0.00978	0.00617	0.00614	0.01225	0.01842	0.02589	0.68534	0.05001	0.10120	0.01365	0.00777	0.00208	0.00312	0.01202	0.00718	0.00617
58	0.04370	0.02081	0.24175	0.11253	0.11044	0.01505	0.23665	0.02154	0.01490	0.09871	0.01380	0.01666	0.00998	0.00623	0.00677	0.00212	0.00922	0.00617	0.00366	0.00932
59	0.01421	0.20375	0.57368	0.01704	0.02583	0.01776	0.02132	0.02059	0.01378	0.01962	0.01120	0.01313	0.00836	0.00611	0.00579	0.00193	0.00911	0.00456	0.00279	0.00943
60	0.00966	0.00708	0.00938	0.01047	0.01193	0.00680	0.00865	0.01220	0.01508	0.01960	0.10485	0.17389	0.14760	0.01787	0.00866	0.00276	0.00502	0.41641	0.00619	0.00589
61	0.00782	0.00653	0.00681	0.00703	0.00899	0.00553	0.00516	0.00941	0.01466	0.01764	0.06232	0.16404	0.62704	0.01724	0.00787	0.00229	0.00340	0.01459	0.00611	0.00553
62	0.01365	0.01170	0.01365	0.00975	0.01560	0.00878	0.00780	0.01658	0.01365	0.02145	0.01170	0.01365	0.00975	0.00488	0.00488	0.00098	0.00488	0.00390	0.00390	0.80888
63	0.01975	0.01454	0.02502	0.01876	0.02412	0.01403	0.30823	0.04511	0.15024	0.23588	0.02253	0.02278	0.05118	0.00762	0.00719	0.00216	0.00782	0.00763	0.00565	0.00976
64	0.00796	0.00597	0.00739	0.00852	0.00938	0.00540	0.00582	0.00924	0.01322	0.01706	0.04414	0.58330	0.21952	0.01960	0.00824	0.00256	0.00369	0.01747	0.00611	0.00540
65	0.01587	0.01521	0.02596	0.11844	0.65285	0.01553	0.01999	0.01983	0.01479	0.02099	0.01231	0.01643	0.01025	0.00594	0.00652	0.00198	0.00793	0.00586	0.00322	0.01009
66	0.01379	0.01309	0.02220	0.50192	0.28561	0.01498	0.01896	0.01801	0.01381	0.01847	0.01194	0.01711	0.00936	0.00633	0.00656	0.00211	0.00844	0.00586	0.00304	0.00841
67	0.01629	0.01564	0.02672	0.04041	0.72757	0.01564	0.02020	0.02020	0.01499	0.02151	0.01238	0.01629	0.01043	0.00587	0.00652	0.00196	0.00782	0.00587	0.00326	0.01043
68	0.00957	0.00638	0.00718	0.00718	0.00718	0.00638	0.00399	0.00957	0.00957	0.01276	0.02074	0.04308	0.02393	0.76864	0.03351	0.00638	0.00638	0.00957	0.00399	0.00399
69	0.02459	0.03138	0.01866	0.01696	0.02035	0.74221	0.01272	0.02629	0.01866	0.01611	0.01018	0.01187	0.00848	0.00678	0.00594	0.00170	0.01187	0.00424	0.00339	0.00763
70	0.00970	0.00718	0.00799	0.00760	0.00985	0.00631	0.00576	0.01234	0.03839	0.06121	0.23722	0.05603	0.48651	0.01509	0.00768	0.00217	0.00346	0.01275	0.00655	0.00621

[dist]
# distance from previous block
# <min> <max>
0	1

[block]
# block no. 6 follows, 33 sequences, length 68
# corresponding to MSA columns:
# 1499-1566
name=unknown_G
#
# <colnr> <probs for GDERKNQSTAVLIFYWHMCP>
#	G	D	E	R	K	N	Q	S	T	A	V	L	I	F	Y	W	H	M	C	P
0	0.15951	0.01430	0.01768	0.01405	0.01832	0.01542	0.08951	0.19392	0.11059	0.08716	0.05996	0.02024	0.03978	0.00822	0.00755	0.00208	0.06904	0.00647	0.00545	0.06074
1	0.01582	0.01691	0.03403	0.02564	0.07293	0.01580	0.54155	0.05474	0.01604	0.02218	0.01319	0.01706	0.01005	0.00560	0.00727	0.00204	0.00994	0.00708	0.00356	0.10858
2	0.70170	0.01329	0.01083	0.00948	0.01363	0.01533	0.00777	0.07729	0.05501	0.03041	0.01077	0.01195	0.00824	0.00643	0.00444	0.00204	0.00528	0.00399	0.00444	0.00766
3	0.02385	0.02744	0.01882	0.05335	0.02153	0.54726	0.01290	0.15734	0.03903	0.02135	0.01178	0.01325	0.00932	0.00705	0.00611	0.00179	0.01065	0.00473	0.00407	0.00838
4	0.00948	0.00677	0.00913	0.00913	0.00981	0.00744	0.00643	0.01083	0.01015	0.01421	0.01896	0.03319	0.01964	0.35533	0.44094	0.00879	0.01285	0.00813	0.00372	0.00507
5	0.01538	0.01745	0.03789	0.06404	0.03495	0.01655	0.66936	0.02087	0.01542	0.02087	0.01324	0.01775	0.00993	0.00560	0.00771	0.00222	0.01098	0.00767	0.00331	0.00880
6	0.00839	0.00649	0.00766	0.00780	0.00938	0.00575	0.00569	0.01047	0.01580	0.02071	0.29984	0.21142	0.33420	0.01636	0.00791	0.00227	0.00336	0.01422	0.00653	0.00575
7	0.02503	0.01844	0.01976	0.01515	0.02042	0.02042	0.01251	0.70562	0.03095	0.04149	0.01581	0.01581	0.01120	0.00790	0.00659	0.00198	0.00724	0.00593	0.00659	0.01120
8	0.00802	0.00573	0.00764	0.00917	0.00955	0.00535	0.00611	0.00917	0.01260	0.01681	0.03628	0.76434	0.04354	0.02062	0.00840	0.00267	0.00382	0.01872	0.00611	0.00535
9	0.01589	0.01523	0.02599	0.11515	0.65600	0.01554	0.02000	0.01985	0.01480	0.02102	0.01231	0.01643	0.01025	0.00594	0.00652	0.00198	0.00792	0.00586	0.00322	0.01010
10	0.00920	0.00672	0.00863	0.00815	0.00976	0.00616	0.00612	0.01219	0.01835	0.02571	0.67170	0.05031	0.11494	0.01371	0.00777	0.00208	0.00312	0.01206	0.00716	0.00616
11	0.67643	0.01246	0.01066	0.00920	0.01345	0.01387	0.00758	0.02160	0.01255	0.15359	0.01213	0.01276	0.00875	0.00647	0.00452	0.00204	0.00518	0.00410	0.00479	0.00785
12	0.01629	0.01564	0.02672	0.04041	0.72757	0.01564	0.02020	0.02020	0.01499	0.02151	0.01238	0.01629	0.01043	0.00587	0.00652	0.00196	0.00782	0.00587	0.00326	0.01043
13	0.00848	0.00607	0.00811	0.00927	0.00996	0.00570	0.00653	0.01014	0.01389	0.01876	0.15760	0.57699	0.04632	0.01914	0.00835	0.00260	0.00389	0.07633	0.00631	0.00556
14	0.02266	0.01580	0.01741	0.01373	0.01829	0.01700	0.01111	0.52560	0.02659	0.09587	0.01883	0.09345	0.01541	0.04143	0.00786	0.00221	0.00664	0.00737	0.00647	0.03627
15	0.01629	0.01564	0.02672	0.04041	0.72757	0.01564	0.02020	0.02020	0.01499	0.02151	0.01238	0.01629	0.01043	0.00587	0.00652	0.00196	0.00782	0.00587	0.00326	0.01043
16	0.00831	0.00663	0.00737	0.00729	0.00914	0.00577	0.00538	0.01032	0.01577	0.02012	0.25882	0.09352	0.46928	0.04236	0.00871	0.00235	0.00340	0.01339	0.00638	0.00569
17	0.00802	0.00573	0.00764	0.00917	0.00955	0.00535	0.00611	0.00917	0.01260	0.01681	0.03628	0.76434	0.04354	0.02062	0.00840	0.00267	0.00382	0.01872	0.00611	0.00535
18	0.01556	0.01381	0.02136	0.45688	0.19886	0.01589	0.01770	0.13993	0.01675	0.02229	0.01259	0.01695	0.00959	0.00665	0.00657	0.00210	0.00828	0.00587	0.00365	0.00872
19	0.01549	0.01164	0.01384	0.00998	0.01574	0.00888	0.00802	0.01837	0.01425	0.10361	0.01335	0.01466	0.01051	0.00525	0.00508	0.00110	0.00496	0.00421	0.00439	0.71667
20	0.01515	0.01271	0.01500	0.01334	0.01658	0.01406	0.05031	0.09706	0.42713	0.02612	0.04300	0.19287	0.02490	0.01140	0.00716	0.00230	0.00540	0.00998	0.00637	0.00915
21	0.02672	0.01376	0.01666	0.01285	0.01783	0.01363	0.01059	0.29077	0.02350	0.42819	0.05926	0.02129	0.01677	0.00834	0.00667	0.00202	0.00610	0.00663	0.00750	0.01093
22	0.01593	0.01532	0.02457	0.18887	0.51677	0.03762	0.01915	0.04018	0.01503	0.02077	0.01215	0.01635	0.00998	0.00630	0.00702	0.00203	0.03328	0.00581	0.00328	0.00960
23	0.01365	0.01170	0.01365	0.00975	0.01560	0.00878	0.00780	0.01658	0.01365	0.02145	0.01170	0.01365	0.00975	0.00488	0.00488	0.00098	0.00488	0.00390	0.00390	0.80888
24	0.00778	0.00667	0.00667	0.00667	0.00889	0.00556	0.00500	0.00945	0.01501	0.01778	0.06669	0.06336	0.72490	0.01667	0.00778	0.00222	0.00333	0.01389	0.00611	0.00556
25	0.00807	0.00594	0.00749	0.00865	0.00937	0.00544	0.00586	0.00932	0.01309	0.01712	0.06039	0.60099	0.16035	0.04352	0.00908	0.00270	0.00380	0.01741	0.00608	0.00536
26	0.00799	0.00668	0.00695	0.00689	0.00902	0.00565	0.00516	0.00985	0.01549	0.01894	0.15482	0.06146	0.63605	0.01624	0.00778	0.00220	0.00330	0.01363	0.00627	0.00565
27	0.01419	0.02715	0.43995	0.02257	0.03100	0.01586	0.31198	0.02095	0.01459	0.02095	0.01245	0.01553	0.00904	0.00596	0.00690	0.00214	0.01031	0.00609	0.00301	0.00937
28	0.01129	0.01043	0.01655	0.56870	0.03637	0.01238	0.01504	0.01499	0.01353	0.01702	0.02421	0.05355	0.16157	0.00921	0.00690	0.00222	0.00745	0.00801	0.00371	0.00687
29	0.01524	0.01457	0.02482	0.23408	0.54210	0.01537	0.01968	0.01928	0.01449	0.02023	0.01220	0.01664	0.00998	0.00606	0.00653	0.00202	0.00808	0.00586	0.00317	0.00958
30	0.00802	0.00573	0.00764	0.00917	0.00955	0.00535	0.00611	0.00917	0.01260	0.01681	0.03628	0.76434	0.04354	0.02062	0.00840	0.00267	0.00382	0.01872	0.00611	0.00535
31	0.00822	0.00588	0.00786	0.00928	0.00978	0.00551	0.00636	0.00957	0.01305	0.01745	0.07136	0.69102	0.04419	0.02013	0.00841	0.00266	0.00390	0.05378	0.00617	0.00543
32	0.00802	0.00573	0.00764	0.00917	0.00955	0.00535	0.00611	0.00917	0.01260	0.01681	0.03628	0.76434	0.04354	0.02062	0.00840	0.00267	0.00382	0.01872	0.00611	0.00535
33	0.00812	0.00577	0.00761	0.00904	0.00940	0.00541	0.00597	0.00919	0.01241	0.01654	0.03528	0.71782	0.04228	0.06888	0.01002	0.00291	0.00398	0.01813	0.00597	0.00526
34	0.02345	0.02856	0.01791	0.01609	0.01955	0.63014	0.01216	0.08194	0.01943	0.01835	0.01461	0.01581	0.05897	0.00757	0.00612	0.00176	0.01089	0.00506	0.00385	0.00778
35	0.81514	0.01273	0.00968	0.00866	0.01273	0.01477	0.00713	0.01935	0.01120	0.02954	0.00917	0.01069	0.00713	0.00611	0.00407	0.00204	0.00509	0.00356	0.00407	0.00713
36	0.00940	0.00705	0.01058	0.01058	0.01176	0.00823	0.00823	0.01176	0.01058	0.01528	0.01763	0.02586	0.01646	0.04937	0.74255	0.01058	0.01763	0.00705	0.00353	0.00588
37	0.03192	0.01281	0.02081	0.29390	0.33051	0.01395	0.01704	0.03982	0.01453	0.02006	0.01575	0.09552	0.01454	0.00833	0.00681	0.00217	0.00759	0.04173	0.00370	0.00850
38	0.01609	0.01543	0.02635	0.07838	0.69121	0.01559	0.02010	0.02002	0.01489	0.02126	0.01235	0.01636	0.01034	0.00590	0.00652	0.00197	0.00787	0.00586	0.00324	0.01026
39	0.02237	0.01712	0.01826	0.01461	0.01940	0.01917	0.01187	0.49941	0.24150	0.03720	0.01918	0.01850	0.01393	0.00822	0.00662	0.00205	0.00662	0.00639	0.00662	0.01096
40	0.01760	0.77260	0.03450	0.01126	0.01690	0.02605	0.01126	0.01971	0.01338	0.01549	0.00915	0.01056	0.00845	0.00563	0.00422	0.00141	0.00704	0.00352	0.00282	0.00845
41	0.01415	0.01205	0.01436	0.05796	0.01777	0.00975	0.00872	0.05180	0.01450	0.02218	0.01191	0.01401	0.00976	0.00514	0.00507	0.00110	0.00525	0.00413	0.00397	0.71641
42	0.00840	0.00634	0.00923	0.01012	0.01082	0.00592	0.04176	0.00978	0.01275	0.01702	0.03511	0.72619	0.04183	0.01985	0.00837	0.00265	0.00419	0.01816	0.00597	0.00553
43	0.01576	0.05521	0.01997	0.01644	0.01733	0.13008	0.01353	0.01734	0.01160	0.01583	0.00956	0.01466	0.00918	0.01326	0.07104	0.00319	0.55029	0.00551	0.00300	0.00723
