[name]
unknown

[dist]
# distance from previous block
# <min> <max>
0	15

[block]
# block no. 0 follows, 34 sequences, length 12
# corresponding to MSA columns:
# 15-26
name=unknown_A
#
# <colnr> <probs for GDERKNQSTAVLIFYWHMCP>
#	G	D	E	R	K	N	Q	S	T	A	V	L	I	F	Y	W	H	M	C	P
0	0.01482	0.01320	0.02092	0.09368	0.42472	0.01342	0.01640	0.06297	0.01554	0.02158	0.01725	0.02875	0.01618	0.00862	0.00689	0.00213	0.00718	0.15961	0.00404	0.05211
1	0.01549	0.01637	0.02426	0.33244	0.22180	0.12273	0.13633	0.01948	0.01459	0.01835	0.01171	0.01611	0.00921	0.00613	0.00655	0.00202	0.00920	0.00584	0.00309	0.00830
2	0.00986	0.00730	0.00906	0.00883	0.00897	0.00811	0.00583	0.01036	0.00983	0.01352	0.01995	0.10494	0.02266	0.53813	0.09221	0.00584	0.10654	0.00952	0.00393	0.00462
3	0.81856	0.01250	0.00950	0.00850	0.01250	0.01449	0.00700	0.01899	0.01100	0.02899	0.00900	0.01050	0.00700	0.00600	0.00400	0.00200	0.00500	0.00350	0.00400	0.00700
4	0.00846	0.00610	0.00818	0.00881	0.00968	0.00582	0.00623	0.01039	0.01433	0.01977	0.28515	0.43829	0.04686	0.02033	0.07707	0.00313	0.00476	0.01488	0.00616	0.00560
5	0.02794	0.01268	0.01603	0.01229	0.01733	0.01199	0.01016	0.19224	0.02130	0.57237	0.02313	0.02046	0.01481	0.00794	0.00649	0.00199	0.00588	0.00634	0.00763	0.01099
6	0.02807	0.01143	0.01654	0.01255	0.01765	0.00995	0.05616	0.03077	0.01828	0.68931	0.02466	0.02169	0.01558	0.00783	0.00657	0.00201	0.00586	0.00657	0.00768	0.01084
7	0.00908	0.00618	0.00709	0.00732	0.00748	0.00607	0.00428	0.00933	0.01011	0.01337	0.02485	0.15443	0.06027	0.62147	0.02791	0.00551	0.00574	0.01097	0.00433	0.00419
8	0.10905	0.49024	0.13109	0.01244	0.01818	0.08104	0.01261	0.04864	0.01409	0.01864	0.00971	0.01117	0.00824	0.00585	0.00465	0.00159	0.00747	0.00381	0.00310	0.00837
9	0.06355	0.22043	0.21858	0.01463	0.02058	0.04771	0.05866	0.06457	0.03357	0.06882	0.04082	0.01510	0.01145	0.00673	0.00643	0.00184	0.04806	0.00503	0.00380	0.04964
10	0.01507	0.11739	0.04961	0.03858	0.08369	0.07386	0.08200	0.10063	0.01654	0.02182	0.11436	0.13856	0.02178	0.00944	0.00689	0.00194	0.02609	0.00814	0.00454	0.06906
11	0.11244	0.06314	0.05951	0.08274	0.20730	0.11216	0.13938	0.04399	0.03221	0.02107	0.01324	0.05969	0.01136	0.00692	0.00623	0.00198	0.00827	0.00621	0.00361	0.00854

[dist]
# distance from previous block
# <min> <max>
1	8

[block]
# block no. 1 follows, 34 sequences, length 59
# corresponding to MSA columns:
# 35-93
name=unknown_B
#
# <colnr> <probs for GDERKNQSTAVLIFYWHMCP>
#	G	D	E	R	K	N	Q	S	T	A	V	L	I	F	Y	W	H	M	C	P
0	0.08789	0.01686	0.07207	0.01499	0.06228	0.08078	0.01187	0.17944	0.19891	0.12320	0.01948	0.07151	0.01532	0.00844	0.00633	0.00205	0.00660	0.00675	0.00568	0.00957
1	0.11515	0.01499	0.01613	0.01509	0.08109	0.05487	0.01098	0.24720	0.16315	0.10425	0.04179	0.07325	0.01653	0.00863	0.00632	0.00204	0.00621	0.00693	0.00588	0.00953
2	0.04803	0.06185	0.01856	0.01518	0.04867	0.15101	0.06780	0.12262	0.19169	0.09938	0.02233	0.02205	0.08606	0.00824	0.00636	0.00197	0.00715	0.00667	0.00532	0.00907
3	0.01260	0.01161	0.01339	0.01286	0.05650	0.07909	0.05940	0.05937	0.09661	0.02191	0.17838	0.12650	0.22095	0.01244	0.00727	0.00213	0.00534	0.01080	0.00570	0.00716
4	0.00814	0.00580	0.00735	0.00848	0.00890	0.00545	0.00554	0.00909	0.01196	0.01582	0.03463	0.58950	0.08191	0.16013	0.01280	0.00327	0.00419	0.01640	0.00561	0.00501
5	0.08310	0.19321	0.20232	0.01900	0.09446	0.09768	0.12550	0.07517	0.01550	0.02118	0.01122	0.01341	0.00881	0.00603	0.00577	0.00185	0.00864	0.00494	0.00333	0.00888
6	0.01437	0.01338	0.02223	0.39333	0.30898	0.01488	0.03734	0.05895	0.01470	0.01985	0.01270	0.03756	0.01037	0.00662	0.00652	0.00206	0.00809	0.00616	0.00331	0.00858
7	0.01530	0.01730	0.03739	0.02801	0.07725	0.01628	0.66626	0.02064	0.01522	0.02072	0.01301	0.01734	0.00983	0.00547	0.00755	0.00216	0.01069	0.00751	0.00326	0.00881
8	0.04166	0.02238	0.01818	0.01521	0.01946	0.30017	0.01200	0.35102	0.10640	0.02922	0.01450	0.01492	0.01089	0.00741	0.00617	0.00186	0.00858	0.00530	0.00521	0.00946
9	0.03911	0.03688	0.07900	0.05699	0.09115	0.10959	0.11065	0.01783	0.01510	0.06327	0.08454	0.09938	0.12839	0.00990	0.00724	0.00208	0.02814	0.00860	0.00451	0.00765
10	0.01306	0.03274	0.70961	0.01879	0.02821	0.01506	0.05303	0.02047	0.01371	0.02047	0.01166	0.01380	0.00825	0.00611	0.00620	0.00205	0.00961	0.00490	0.00275	0.00951
11	0.00796	0.00579	0.00765	0.00893	0.00949	0.00548	0.00608	0.00921	0.01238	0.01645	0.03629	0.66128	0.08908	0.02216	0.06553	0.00319	0.00477	0.01715	0.00580	0.00530
12	0.01620	0.23725	0.12222	0.10105	0.22054	0.07800	0.03549	0.02115	0.07370	0.01889	0.01214	0.01456	0.00986	0.00614	0.00573	0.00182	0.00801	0.00501	0.00327	0.00899
13	0.01495	0.20803	0.40446	0.01650	0.02380	0.05566	0.06869	0.04862	0.01443	0.01951	0.01204	0.03483	0.00971	0.00795	0.03238	0.00219	0.00914	0.00514	0.00308	0.00888
14	0.01525	0.01743	0.03813	0.02723	0.03377	0.01634	0.70915	0.02070	0.01525	0.02070	0.01307	0.01743	0.00980	0.00545	0.00763	0.00218	0.01089	0.00763	0.00327	0.00871
15	0.00787	0.00562	0.00750	0.00900	0.00937	0.00525	0.00600	0.00900	0.01237	0.01649	0.03561	0.76871	0.04274	0.02024	0.00825	0.00262	0.00375	0.01837	0.00600	0.00525
16	0.05323	0.01808	0.07188	0.03947	0.15590	0.09541	0.07671	0.18193	0.11259	0.07398	0.03233	0.01847	0.01316	0.00729	0.00645	0.00200	0.00769	0.01897	0.00487	0.00958
17	0.00895	0.00663	0.00782	0.00761	0.00942	0.00585	0.00567	0.01123	0.01630	0.04159	0.36856	0.10943	0.34756	0.01497	0.00764	0.00214	0.00327	0.01290	0.00657	0.00589
18	0.00940	0.00626	0.00705	0.00705	0.00705	0.00626	0.00392	0.00940	0.00940	0.01253	0.02036	0.04228	0.02349	0.77292	0.03289	0.00626	0.00626	0.00940	0.00392	0.00392
19	0.01516	0.01724	0.03754	0.04990	0.03410	0.01628	0.68769	0.02057	0.01518	0.02057	0.01302	0.01742	0.00977	0.00548	0.00759	0.00218	0.01082	0.00757	0.00326	0.00867
20	0.09304	0.17157	0.43075	0.01583	0.04249	0.01675	0.01798	0.05686	0.01449	0.02171	0.05300	0.01489	0.01138	0.00650	0.00566	0.00190	0.00803	0.00488	0.00333	0.00895
21	0.01367	0.01298	0.02203	0.47949	0.31094	0.01474	0.01867	0.01779	0.01361	0.01829	0.01174	0.01675	0.00924	0.00619	0.00644	0.00206	0.00825	0.00575	0.00300	0.00836
22	0.00787	0.00562	0.00750	0.00900	0.00937	0.00525	0.00600	0.00900	0.01237	0.01649	0.03561	0.76871	0.04274	0.02024	0.00825	0.00262	0.00375	0.01837	0.00600	0.00525
23	0.01079	0.00756	0.00908	0.00844	0.01056	0.00709	0.00641	0.01481	0.08280	0.07443	0.42636	0.06295	0.22725	0.01339	0.00746	0.00210	0.00349	0.01155	0.00681	0.00665
24	0.03739	0.07058	0.33245	0.01897	0.10519	0.01450	0.08573	0.03816	0.03147	0.11698	0.04958	0.01872	0.03758	0.00702	0.00632	0.00200	0.00795	0.00600	0.00408	0.00934
25	0.00940	0.00626	0.00705	0.00705	0.00705	0.00626	0.00392	0.00940	0.00940	0.01253	0.02036	0.04228	0.02349	0.77292	0.03289	0.00626	0.00626	0.00940	0.00392	0.00392
26	0.02871	0.01144	0.01527	0.01171	0.01671	0.01015	0.00967	0.07377	0.01923	0.69376	0.02487	0.02159	0.01568	0.00798	0.00650	0.00200	0.00560	0.00646	0.00790	0.01100
27	0.01595	0.03712	0.02446	0.10066	0.52479	0.07182	0.03903	0.01996	0.03360	0.02011	0.01438	0.01772	0.03898	0.00638	0.00639	0.00193	0.00790	0.00598	0.00337	0.00945
28	0.01541	0.18764	0.11159	0.07014	0.31411	0.04064	0.05713	0.01911	0.01405	0.01892	0.03339	0.01635	0.01134	0.03368	0.00733	0.00202	0.02958	0.00549	0.00317	0.00891
29	0.01485	0.01533	0.01969	0.01694	0.01718	0.07175	0.01402	0.01628	0.01050	0.01557	0.00859	0.01396	0.00847	0.01098	0.02011	0.00274	0.70755	0.00555	0.00286	0.00710
30	0.02414	0.03079	0.01831	0.01665	0.01998	0.74698	0.01248	0.02580	0.01831	0.01581	0.00999	0.01165	0.00832	0.00666	0.00583	0.00166	0.01165	0.00416	0.00333	0.00749
31	0.01987	0.06413	0.12645	0.08366	0.19633	0.11291	0.01586	0.15578	0.01835	0.12429	0.01407	0.01560	0.01039	0.00668	0.00618	0.00191	0.00810	0.00538	0.00440	0.00965
32	0.01329	0.09082	0.68496	0.01785	0.02709	0.01582	0.02288	0.02038	0.01360	0.02006	0.01139	0.01339	0.00819	0.00609	0.00598	0.00199	0.00935	0.00467	0.00273	0.00945
33	0.00780	0.00589	0.00722	0.00829	0.00919	0.00531	0.00568	0.00908	0.01305	0.01677	0.04423	0.56467	0.24121	0.01912	0.00807	0.00250	0.00361	0.01700	0.00600	0.00531
34	0.04481	0.01460	0.02617	0.23461	0.34245	0.01537	0.17110	0.01896	0.01408	0.01990	0.01196	0.01640	0.00952	0.00603	0.00696	0.00207	0.02692	0.00608	0.00314	0.00885
35	0.08362	0.08330	0.15102	0.01577	0.06451	0.01398	0.07011	0.07550	0.01693	0.33513	0.01768	0.01735	0.01198	0.00692	0.00612	0.00196	0.00701	0.00568	0.00548	0.00995
36	0.02287	0.02754	0.01756	0.01574	0.01908	0.61699	0.01191	0.08625	0.01939	0.01893	0.07321	0.01519	0.01315	0.00733	0.00604	0.00172	0.01049	0.00497	0.00394	0.00768
37	0.01438	0.01156	0.01364	0.00999	0.01532	0.00931	0.00803	0.03835	0.01412	0.05994	0.01442	0.01591	0.03880	0.00576	0.00566	0.00116	0.03318	0.00450	0.00418	0.68178
38	0.01485	0.21841	0.45560	0.03958	0.02544	0.06326	0.05855	0.02041	0.01387	0.01874	0.01092	0.01302	0.00833	0.00599	0.00571	0.00187	0.00906	0.00460	0.00281	0.00899
39	0.00922	0.00619	0.00710	0.00727	0.00731	0.00615	0.00415	0.00935	0.00973	0.01298	0.02208	0.12445	0.02567	0.68778	0.03010	0.00585	0.00598	0.01041	0.00415	0.00407
40	0.01265	0.01195	0.02020	0.67181	0.12655	0.01447	0.01817	0.01690	0.01313	0.01706	0.01156	0.01708	0.00881	0.00638	0.00645	0.00213	0.00850	0.00574	0.00291	0.00754
41	0.01997	0.01400	0.03550	0.01268	0.01678	0.01416	0.01057	0.38362	0.02366	0.12760	0.09381	0.08132	0.06466	0.01049	0.00696	0.00210	0.00599	0.06026	0.00653	0.00932
42	0.01586	0.01521	0.02598	0.06517	0.70816	0.01532	0.01976	0.01971	0.01465	0.02095	0.01213	0.01604	0.01018	0.00578	0.00640	0.00193	0.00771	0.00576	0.00319	0.01013
43	0.00928	0.00625	0.00719	0.00724	0.00738	0.00619	0.00420	0.00957	0.01021	0.01373	0.07194	0.08727	0.02735	0.67248	0.02957	0.00574	0.00588	0.01011	0.00427	0.00415
44	0.00908	0.00681	0.00866	0.00968	0.01099	0.00650	0.00756	0.01165	0.03865	0.01837	0.05957	0.31517	0.18631	0.01794	0.00829	0.00263	0.00449	0.26586	0.00603	0.00575
45	0.01453	0.01370	0.02218	0.34999	0.24553	0.01595	0.04232	0.06072	0.01414	0.01940	0.01151	0.01626	0.00927	0.00707	0.00885	0.00218	0.12902	0.00580	0.00320	0.00837
46	0.01041	0.00744	0.01041	0.01190	0.01339	0.00744	0.01041	0.01339	0.01487	0.01934	0.03421	0.07288	0.03719	0.01785	0.00892	0.00297	0.00595	0.68913	0.00595	0.00595
47	0.01204	0.00602	0.00602	0.00602	0.00753	0.00602	0.00452	0.01506	0.01355	0.02409	0.02108	0.02409	0.01656	0.00753	0.00452	0.00151	0.00301	0.00602	0.80879	0.00602
48	0.02332	0.04857	0.01870	0.01430	0.01899	0.09894	0.01165	0.46534	0.09441	0.09375	0.01707	0.03632	0.01271	0.00800	0.00636	0.00193	0.00718	0.00608	0.00610	0.01027
49	0.02082	0.01566	0.01950	0.04921	0.13292	0.01674	0.03526	0.35935	0.11874	0.09361	0.01835	0.01870	0.03244	0.00762	0.00649	0.00197	0.00680	0.00629	0.00575	0.03376
50	0.00765	0.00649	0.00660	0.00670	0.00877	0.00544	0.00498	0.00926	0.01458	0.01740	0.06363	0.10552	0.68784	0.01660	0.00767	0.00221	0.00330	0.01393	0.00600	0.00544
51	0.81856	0.01250	0.00950	0.00850	0.01250	0.01449	0.00700	0.01899	0.01100	0.02899	0.00900	0.01050	0.00700	0.00600	0.00400	0.00200	0.00500	0.00350	0.00400	0.00700
52	0.00779	0.00655	0.00676	0.00670	0.00882	0.00552	0.00503	0.00957	0.01508	0.01830	0.13196	0.06079	0.66296	0.01605	0.00763	0.00217	0.00325	0.01344	0.00611	0.00552
53	0.01751	0.75081	0.03332	0.01125	0.01670	0.05071	0.01111	0.01957	0.01331	0.01522	0.00902	0.01041	0.00829	0.00557	0.00420	0.00139	0.00708	0.00348	0.00278	0.00826
54	0.01396	0.01147	0.01346	0.00964	0.01535	0.00864	0.00772	0.01681	0.01358	0.04671	0.01199	0.01371	0.00980	0.00490	0.00485	0.00099	0.00481	0.00392	0.00398	0.78371
55	0.00784	0.00576	0.00736	0.00864	0.00928	0.00528	0.00584	0.00904	0.01272	0.01664	0.03999	0.66514	0.14348	0.01967	0.00816	0.00256	0.00368	0.01767	0.00600	0.00528
56	0.02080	0.01772	0.04267	0.01405	0.01824	0.11996	0.03069	0.37428	0.06951	0.05881	0.01761	0.07147	0.01448	0.04971	0.00786	0.00219	0.00726	0.00682	0.04659	0.00928
57	0.00783	0.00578	0.00734	0.00858	0.00926	0.00528	0.00581	0.00904	0.01277	0.01666	0.04063	0.64992	0.15828	0.01959	0.00814	0.00255	0.00367	0.01757	0.00600	0.00528
58	0.00938	0.00633	0.00740	0.00740	0.00752	0.00645	0.00435	0.00962	0.00950	0.01279	0.02004	0.04051	0.02272	0.69703	0.10773	0.00670	0.00742	0.00914	0.00387	0.00411

[dist]
# distance from previous block
# <min> <max>
0	1

[block]
# block no. 2 follows, 34 sequences, length 23
# corresponding to MSA columns:
# 95-117
name=unknown_C
#
# <colnr> <probs for GDERKNQSTAVLIFYWHMCP>
#	G	D	E	R	K	N	Q	S	T	A	V	L	I	F	Y	W	H	M	C	P
0	0.05992	0.63716	0.06246	0.01174	0.01717	0.08875	0.01154	0.01995	0.01350	0.01622	0.00919	0.01063	0.00822	0.00568	0.00438	0.00147	0.00735	0.00358	0.00288	0.00821
1	0.01519	0.01454	0.02479	0.19072	0.58779	0.01514	0.01943	0.01913	0.01434	0.02014	0.01201	0.01625	0.00989	0.00590	0.00641	0.00197	0.00787	0.00575	0.00313	0.00959
2	0.01762	0.53410	0.13389	0.01346	0.01927	0.13182	0.03450	0.02052	0.01404	0.01622	0.00964	0.01125	0.00833	0.00578	0.00479	0.00154	0.00812	0.00388	0.00286	0.00837
3	0.01546	0.01674	0.10699	0.21214	0.33118	0.01559	0.04902	0.08446	0.06445	0.02210	0.01325	0.01661	0.01030	0.00636	0.00646	0.00202	0.00804	0.00583	0.00360	0.00939
4	0.01414	0.01414	0.01979	0.01696	0.01696	0.01979	0.01414	0.01555	0.00990	0.01555	0.00848	0.01414	0.00848	0.01131	0.02120	0.00283	0.76110	0.00565	0.00283	0.00707
5	0.00786	0.00567	0.00745	0.00886	0.00934	0.00526	0.00594	0.00901	0.01250	0.01655	0.03725	0.72995	0.08044	0.02003	0.00821	0.00260	0.00372	0.01811	0.00600	0.00526
6	0.00940	0.00626	0.00705	0.00705	0.00705	0.00626	0.00392	0.00940	0.00940	0.01253	0.02036	0.04228	0.02349	0.77292	0.03289	0.00626	0.00626	0.00940	0.00392	0.00392
7	0.01936	0.13669	0.02020	0.01503	0.01817	0.30617	0.01209	0.05010	0.16993	0.01905	0.01331	0.01482	0.01094	0.00791	0.00881	0.00198	0.15811	0.00510	0.00397	0.00826
8	0.00992	0.00672	0.00862	0.00824	0.00989	0.00611	0.00614	0.01255	0.01721	0.06288	0.53574	0.13260	0.13072	0.01410	0.00763	0.00212	0.00329	0.01240	0.00691	0.00619
9	0.02098	0.27931	0.07953	0.01492	0.01947	0.44997	0.01289	0.02324	0.01622	0.01597	0.00978	0.01138	0.00830	0.00624	0.00529	0.00160	0.00991	0.00397	0.00309	0.00792
10	0.01708	0.74307	0.06588	0.01139	0.01710	0.02509	0.01164	0.01940	0.01315	0.01544	0.00910	0.01051	0.00829	0.00556	0.00424	0.00141	0.00703	0.00351	0.00276	0.00835
11	0.00936	0.00641	0.00777	0.00777	0.00802	0.00666	0.00481	0.00986	0.00961	0.01306	0.01970	0.03863	0.02190	0.61632	0.18732	0.00715	0.00865	0.00886	0.00382	0.00432
12	0.00909	0.00682	0.00968	0.00968	0.01082	0.00764	0.00736	0.01111	0.01070	0.01499	0.02225	0.03061	0.08561	0.11745	0.60502	0.00918	0.01486	0.00782	0.00375	0.00555
13	0.00923	0.00692	0.01038	0.01038	0.01154	0.00808	0.00808	0.01154	0.01038	0.01500	0.01731	0.02538	0.01615	0.04846	0.74732	0.01038	0.01731	0.00692	0.00346	0.00577
14	0.01317	0.03193	0.67416	0.01924	0.02851	0.01513	0.08767	0.02048	0.01379	0.02048	0.01173	0.01399	0.00834	0.00607	0.00628	0.00206	0.00967	0.00504	0.00278	0.00947
15	0.00786	0.00640	0.00696	0.00715	0.00895	0.00550	0.00524	0.00959	0.01479	0.01835	0.14357	0.17674	0.53318	0.01661	0.00774	0.00224	0.00332	0.01417	0.00614	0.00550
16	0.01380	0.00772	0.00790	0.00727	0.00929	0.00799	0.00561	0.11291	0.01592	0.02643	0.02030	0.02288	0.01578	0.00756	0.00479	0.00157	0.00359	0.00599	0.69599	0.00672
17	0.00903	0.00642	0.00810	0.00795	0.00938	0.00591	0.00586	0.01167	0.01681	0.02368	0.52141	0.14654	0.11981	0.01408	0.00749	0.00209	0.00316	0.01240	0.06229	0.00591
18	0.01576	0.01512	0.02581	0.08288	0.69118	0.01529	0.01972	0.01963	0.01460	0.02083	0.01211	0.01607	0.01014	0.00580	0.00640	0.00193	0.00773	0.00576	0.00318	0.01005
19	0.00834	0.00651	0.00757	0.00743	0.00919	0.00574	0.00553	0.01060	0.01621	0.02127	0.36820	0.10195	0.37798	0.01517	0.00767	0.00214	0.00320	0.01305	0.00651	0.00574
20	0.00779	0.00655	0.00676	0.00671	0.00882	0.00552	0.00503	0.00958	0.01510	0.01833	0.13448	0.06074	0.66042	0.01604	0.00763	0.00217	0.00325	0.01343	0.00612	0.00552
21	0.01354	0.02959	0.57679	0.02131	0.07763	0.01525	0.13434	0.02046	0.01398	0.02055	0.01187	0.01442	0.00859	0.00600	0.00640	0.00206	0.00964	0.00530	0.00285	0.00946
22	0.00791	0.00648	0.00682	0.00686	0.00873	0.00556	0.00501	0.00953	0.01455	0.01783	0.12141	0.09906	0.58147	0.06861	0.00942	0.00248	0.00349	0.01343	0.00596	0.00540

[dist]
# distance from previous block
# <min> <max>
0	3

[block]
# block no. 3 follows, 34 sequences, length 20
# corresponding to MSA columns:
# 121-140
name=unknown_D
#
# <colnr> <probs for GDERKNQSTAVLIFYWHMCP>
#	G	D	E	R	K	N	Q	S	T	A	V	L	I	F	Y	W	H	M	C	P
0	0.01535	0.01325	0.01392	0.01259	0.01611	0.01517	0.00977	0.03220	0.66075	0.02621	0.02964	0.02735	0.08026	0.00941	0.00667	0.00219	0.00496	0.00784	0.00653	0.00982
1	0.01539	0.01484	0.02562	0.14868	0.60177	0.01524	0.04508	0.01936	0.01446	0.02039	0.01209	0.01623	0.00997	0.00585	0.00645	0.00196	0.00794	0.00582	0.00315	0.00971
2	0.01622	0.69247	0.03087	0.01056	0.01572	0.02336	0.01038	0.01824	0.01330	0.01545	0.01517	0.01604	0.08732	0.00671	0.00453	0.00147	0.00651	0.00457	0.00312	0.00798
3	0.00898	0.00666	0.00889	0.01031	0.02882	0.00631	0.00764	0.01101	0.01408	0.01850	0.10138	0.36856	0.13101	0.01797	0.00828	0.00261	0.00443	0.23285	0.00601	0.00570
4	0.02414	0.03079	0.01831	0.01665	0.01998	0.74698	0.01248	0.02580	0.01831	0.01581	0.00999	0.01165	0.00832	0.00666	0.00583	0.00166	0.01165	0.00416	0.00333	0.00749
5	0.73162	0.01311	0.01058	0.00919	0.01332	0.01510	0.00758	0.09477	0.01312	0.03027	0.00971	0.01105	0.00743	0.00619	0.00427	0.00199	0.00523	0.00375	0.00427	0.00743
6	0.81856	0.01250	0.00950	0.00850	0.01250	0.01449	0.00700	0.01899	0.01100	0.02899	0.00900	0.01050	0.00700	0.00600	0.00400	0.00200	0.00500	0.00350	0.00400	0.00700
7	0.00830	0.00649	0.00753	0.00744	0.00918	0.00571	0.00551	0.01050	0.01605	0.02100	0.34788	0.11726	0.38334	0.01534	0.00768	0.00216	0.00322	0.01321	0.00648	0.00571
8	0.00817	0.00682	0.00716	0.00711	0.00920	0.00597	0.00531	0.01064	0.04538	0.01871	0.13203	0.09244	0.59676	0.01589	0.00762	0.00219	0.00335	0.01338	0.00614	0.00572
9	0.02504	0.01733	0.01892	0.01450	0.01965	0.01890	0.01198	0.63760	0.02909	0.11601	0.01659	0.01621	0.01153	0.00778	0.00647	0.00195	0.00694	0.00589	0.00663	0.01099
10	0.00909	0.00618	0.00733	0.00763	0.00777	0.00617	0.00457	0.00944	0.01004	0.01346	0.02319	0.18476	0.02685	0.58112	0.07056	0.00579	0.00642	0.01102	0.00430	0.00429
11	0.01641	0.33833	0.22876	0.01916	0.14184	0.08790	0.04570	0.02040	0.01411	0.01796	0.01052	0.01265	0.00866	0.00584	0.00539	0.00172	0.00839	0.00446	0.00290	0.00892
12	0.01354	0.13312	0.64481	0.01743	0.02644	0.01642	0.02215	0.02031	0.01357	0.01976	0.01124	0.01320	0.00820	0.00606	0.00587	0.00196	0.00920	0.00460	0.00273	0.00938
13	0.00787	0.00562	0.00750	0.00900	0.00937	0.00525	0.00600	0.00900	0.01237	0.01649	0.03561	0.76871	0.04274	0.02024	0.00825	0.00262	0.00375	0.01837	0.00600	0.00525
14	0.01223	0.01788	0.25109	0.03243	0.02028	0.01307	0.07403	0.01605	0.01250	0.03509	0.01786	0.20685	0.01791	0.01378	0.06139	0.00295	0.17439	0.00887	0.00381	0.00756
15	0.01687	0.01923	0.07624	0.07578	0.38247	0.17817	0.01685	0.02133	0.05761	0.02026	0.06208	0.01764	0.01362	0.00673	0.00635	0.00191	0.00829	0.00583	0.00364	0.00908
16	0.34318	0.01417	0.05641	0.01338	0.09255	0.06357	0.00987	0.03727	0.07528	0.02552	0.11692	0.02165	0.06037	0.00801	0.00556	0.00198	0.00564	0.00612	0.03488	0.00767
17	0.00986	0.00765	0.01029	0.00992	0.01080	0.00885	0.00747	0.01150	0.01072	0.01519	0.02224	0.03155	0.09492	0.19616	0.38268	0.00721	0.11099	0.00799	0.03849	0.00551
18	0.01043	0.00802	0.01140	0.01057	0.03754	0.00779	0.08187	0.01128	0.01038	0.01406	0.01893	0.03752	0.02099	0.63206	0.02810	0.00546	0.00677	0.00886	0.00381	0.03415
19	0.07729	0.01371	0.05513	0.16213	0.28995	0.01355	0.04092	0.01856	0.03995	0.05146	0.05180	0.02277	0.09125	0.00784	0.00701	0.00207	0.03528	0.00682	0.00398	0.00852

[dist]
# distance from previous block
# <min> <max>
2	6

[block]
# block no. 4 follows, 34 sequences, length 17
# corresponding to MSA columns:
# 147-163
name=unknown_E
#
# <colnr> <probs for GDERKNQSTAVLIFYWHMCP>
#	G	D	E	R	K	N	Q	S	T	A	V	L	I	F	Y	W	H	M	C	P
0	0.00963	0.00678	0.00824	0.00781	0.00969	0.00603	0.00588	0.01212	0.01692	0.05974	0.44979	0.07661	0.27841	0.01422	0.00759	0.00210	0.00327	0.01229	0.00675	0.00611
1	0.13517	0.12041	0.15542	0.01511	0.02051	0.09453	0.09282	0.02493	0.21216	0.04488	0.01542	0.01616	0.01170	0.00681	0.00583	0.00197	0.00754	0.00544	0.00429	0.00893
2	0.01210	0.01210	0.10801	0.09272	0.06035	0.00976	0.02990	0.01598	0.03150	0.06256	0.05000	0.09291	0.11085	0.01313	0.00768	0.00246	0.00633	0.26931	0.00516	0.00718
3	0.10338	0.10464	0.25877	0.01520	0.03498	0.15905	0.01511	0.02299	0.03947	0.12168	0.01312	0.01417	0.00970	0.00664	0.00616	0.00189	0.03277	0.00473	0.00391	0.03164
4	0.01702	0.73349	0.07497	0.01148	0.01725	0.02495	0.01180	0.01941	0.01316	0.01551	0.00914	0.01056	0.00829	0.00556	0.00426	0.00142	0.00706	0.00353	0.00276	0.00837
5	0.00783	0.00579	0.00732	0.00855	0.00925	0.00529	0.00580	0.00905	0.01280	0.01667	0.04102	0.64061	0.16733	0.01954	0.00814	0.00254	0.00366	0.01751	0.00600	0.00529
6	0.06192	0.07121	0.47746	0.01820	0.02607	0.01519	0.14185	0.01976	0.01407	0.02110	0.06313	0.01642	0.01220	0.00648	0.00626	0.00203	0.00889	0.00562	0.00322	0.00893
7	0.01574	0.01811	0.11902	0.06048	0.59286	0.04012	0.02005	0.02000	0.01463	0.02069	0.01198	0.01558	0.00985	0.00586	0.00635	0.00193	0.00809	0.00557	0.00313	0.00995
8	0.05595	0.01382	0.01619	0.01253	0.01739	0.01399	0.01033	0.31930	0.02301	0.37711	0.02040	0.01891	0.01356	0.00780	0.00629	0.00195	0.00604	0.00607	0.04879	0.01058
9	0.00853	0.00700	0.00756	0.00735	0.00945	0.00626	0.00553	0.01153	0.05822	0.02019	0.23210	0.05634	0.51681	0.01510	0.00757	0.00214	0.00333	0.01276	0.00632	0.00591
10	0.01692	0.27050	0.20146	0.01743	0.11293	0.10554	0.01525	0.09142	0.01588	0.02011	0.01369	0.04651	0.03221	0.00703	0.00565	0.00178	0.00800	0.00535	0.00350	0.00882
11	0.01007	0.00725	0.00997	0.01138	0.01282	0.00716	0.00977	0.01283	0.01469	0.01902	0.03615	0.12227	0.07841	0.01793	0.00880	0.00290	0.00563	0.60111	0.00596	0.00587
12	0.00813	0.00590	0.00771	0.00894	0.00963	0.00548	0.00623	0.00956	0.01316	0.01745	0.08778	0.61030	0.09918	0.01925	0.00820	0.00257	0.00382	0.06525	0.00607	0.00538
13	0.05644	0.06162	0.11247	0.02351	0.25650	0.01602	0.07779	0.16385	0.03720	0.06218	0.01504	0.06150	0.01237	0.00727	0.00636	0.00199	0.00748	0.00642	0.00435	0.00964
14	0.01867	0.04675	0.01600	0.01229	0.01653	0.03543	0.00995	0.29829	0.15033	0.06727	0.10369	0.02453	0.07774	0.00888	0.00644	0.00189	0.00577	0.00711	0.00610	0.08632
15	0.00787	0.00562	0.00750	0.00900	0.00937	0.00525	0.00600	0.00900	0.01237	0.01649	0.03561	0.76871	0.04274	0.02024	0.00825	0.00262	0.00375	0.01837	0.00600	0.00525
16	0.01768	0.54294	0.15893	0.01282	0.01888	0.07613	0.01338	0.02073	0.01392	0.05815	0.01049	0.01173	0.00872	0.00587	0.00477	0.00156	0.00766	0.00392	0.00310	0.00862

[dist]
# distance from previous block
# <min> <max>
0	1

[block]
# block no. 5 follows, 34 sequences, length 9
# corresponding to MSA columns:
# 165-173
name=unknown_F
#
# <colnr> <probs for GDERKNQSTAVLIFYWHMCP>
#	G	D	E	R	K	N	Q	S	T	A	V	L	I	F	Y	W	H	M	C	P
0	0.73160	0.01180	0.00912	0.00823	0.01196	0.01358	0.00673	0.01857	0.01127	0.02846	0.01030	0.01196	0.00803	0.00616	0.00405	0.00195	0.00478	0.00377	0.09078	0.00689
1	0.00921	0.00624	0.00705	0.00713	0.00727	0.00616	0.00409	0.00937	0.00986	0.01302	0.02369	0.08523	0.06301	0.68842	0.03009	0.00583	0.00596	0.01014	0.00415	0.00408
2	0.01373	0.09910	0.56880	0.01963	0.05942	0.01613	0.09450	0.02036	0.01381	0.02003	0.01154	0.01385	0.00846	0.00599	0.00612	0.00199	0.00936	0.00500	0.00281	0.00938
3	0.01045	0.00843	0.00935	0.00893	0.01116	0.00837	0.00673	0.04183	0.16467	0.02229	0.21284	0.13462	0.30742	0.01414	0.00744	0.00219	0.00381	0.01211	0.00641	0.00680
4	0.00899	0.00626	0.00700	0.00711	0.00750	0.00605	0.00423	0.00935	0.01050	0.01364	0.02901	0.09883	0.14287	0.59145	0.02687	0.00532	0.00558	0.01076	0.00442	0.00427
5	0.01616	0.01679	0.11666	0.03574	0.07459	0.01491	0.16088	0.08206	0.24833	0.06729	0.02121	0.05535	0.04370	0.00814	0.00683	0.00214	0.00725	0.00748	0.00506	0.00944
6	0.00766	0.00647	0.00663	0.00675	0.00878	0.00544	0.00500	0.00925	0.01453	0.01737	0.06291	0.12252	0.67131	0.01670	0.00769	0.00222	0.00331	0.01404	0.00600	0.00544
7	0.01440	0.01421	0.02179	0.44644	0.29213	0.06507	0.01825	0.01835	0.01394	0.01813	0.01162	0.01640	0.00918	0.00622	0.00639	0.00203	0.00848	0.00564	0.00302	0.00831
8	0.46282	0.06370	0.01761	0.01421	0.04399	0.16082	0.11324	0.02065	0.01335	0.02401	0.00992	0.01195	0.00788	0.00601	0.00500	0.00192	0.00741	0.00432	0.00365	0.00755

[dist]
# distance from previous block
# <min> <max>
0	1

[block]
# block no. 6 follows, 34 sequences, length 63
# corresponding to MSA columns:
# 175-237
name=unknown_G
#
# <colnr> <probs for GDERKNQSTAVLIFYWHMCP>
#	G	D	E	R	K	N	Q	S	T	A	V	L	I	F	Y	W	H	M	C	P
0	0.01508	0.04202	0.02394	0.05383	0.58741	0.01467	0.01765	0.01910	0.03889	0.02052	0.01569	0.07754	0.03065	0.00729	0.00650	0.00198	0.00716	0.00693	0.00358	0.00956
1	0.01606	0.01633	0.04838	0.03806	0.67128	0.03216	0.04279	0.02002	0.01478	0.02095	0.01212	0.01587	0.01011	0.00578	0.00642	0.00193	0.00793	0.00575	0.00319	0.01010
2	0.00934	0.00643	0.00775	0.00775	0.00823	0.00662	0.00498	0.01011	0.01017	0.01391	0.02289	0.03905	0.07180	0.52027	0.19647	0.00675	0.00850	0.00899	0.03548	0.00454
3	0.00786	0.00566	0.00746	0.00889	0.00934	0.00526	0.00595	0.00901	0.01247	0.01653	0.03686	0.73910	0.07153	0.02008	0.00822	0.00261	0.00373	0.01817	0.00600	0.00526
4	0.01250	0.01187	0.02032	0.69617	0.08199	0.01447	0.03867	0.01682	0.01309	0.01689	0.01157	0.01716	0.00874	0.00639	0.00649	0.00214	0.00863	0.00580	0.00290	0.00739
5	0.02373	0.01745	0.01871	0.01444	0.01932	0.01928	0.01182	0.67252	0.02923	0.03917	0.01578	0.01698	0.01168	0.04980	0.00792	0.00218	0.00706	0.00601	0.00632	0.01060
6	0.00895	0.00655	0.00840	0.00805	0.00956	0.00600	0.00599	0.01178	0.01767	0.02469	0.63623	0.08900	0.11527	0.01386	0.00766	0.00208	0.00311	0.01221	0.00696	0.00600
7	0.01340	0.01148	0.01340	0.00957	0.01531	0.00861	0.00766	0.01627	0.01340	0.02105	0.01148	0.01340	0.00957	0.00479	0.00479	0.00096	0.00479	0.00383	0.00383	0.81242
8	0.02264	0.02824	0.01740	0.01584	0.01913	0.65323	0.01190	0.02551	0.06907	0.01672	0.01422	0.01533	0.04880	0.00734	0.00598	0.00173	0.01072	0.00491	0.00371	0.00758
9	0.01296	0.03342	0.73944	0.01842	0.02797	0.01501	0.02387	0.02046	0.01364	0.02046	0.01160	0.01364	0.00818	0.00614	0.00614	0.00205	0.00955	0.00477	0.00273	0.00955
10	0.00786	0.00567	0.00745	0.00887	0.00934	0.00526	0.00594	0.00901	0.01249	0.01654	0.03710	0.73343	0.07704	0.02005	0.00822	0.00260	0.00372	0.01813	0.00600	0.00526
11	0.01607	0.01388	0.01461	0.01315	0.01680	0.01607	0.01023	0.03433	0.72094	0.02703	0.02630	0.02411	0.01972	0.00877	0.00657	0.00219	0.00511	0.00731	0.00657	0.01023
12	0.24190	0.14893	0.01777	0.01200	0.01617	0.13339	0.00991	0.20157	0.04389	0.02674	0.05148	0.01570	0.01251	0.03494	0.00631	0.00199	0.00688	0.00501	0.00459	0.00830
13	0.01727	0.77681	0.03386	0.01106	0.01658	0.02557	0.01106	0.01935	0.01313	0.01520	0.00898	0.01036	0.00829	0.00553	0.00415	0.00138	0.00691	0.00345	0.00276	0.00829
14	0.01514	0.01710	0.03627	0.02619	0.03207	0.01669	0.63884	0.02018	0.01471	0.02018	0.01261	0.01710	0.00967	0.00604	0.00900	0.00224	0.08679	0.00743	0.00322	0.00855
15	0.01613	0.01337	0.01421	0.01276	0.01626	0.01531	0.00986	0.03287	0.65846	0.04987	0.02595	0.02504	0.01981	0.05073	0.00802	0.00241	0.00519	0.00739	0.00648	0.00991
16	0.01571	0.01595	0.05120	0.06445	0.64303	0.01536	0.05954	0.01978	0.01464	0.02090	0.01216	0.01604	0.01008	0.00578	0.00646	0.00195	0.00796	0.00583	0.00317	0.01001
17	0.00776	0.00655	0.00671	0.00667	0.00880	0.00551	0.00500	0.00951	0.01501	0.01813	0.11864	0.06107	0.67639	0.01611	0.00764	0.00217	0.00325	0.01348	0.00609	0.00551
18	0.00787	0.00562	0.00750	0.00900	0.00937	0.00525	0.00600	0.00900	0.01237	0.01649	0.03561	0.76871	0.04274	0.02024	0.00825	0.00262	0.00375	0.01837	0.00600	0.00525
19	0.01304	0.03287	0.71531	0.01872	0.02817	0.01505	0.04745	0.02047	0.01370	0.02047	0.01165	0.01377	0.00824	0.00611	0.00619	0.00205	0.00960	0.00487	0.00275	0.00952
20	0.00822	0.00657	0.00735	0.00716	0.00908	0.00570	0.00537	0.01040	0.01610	0.02071	0.32118	0.05682	0.47224	0.01515	0.00763	0.00212	0.00319	0.01288	0.00643	0.00570
21	0.01204	0.00602	0.00602	0.00602	0.00753	0.00602	0.00452	0.01506	0.01355	0.02409	0.02108	0.02409	0.01656	0.00753	0.00452	0.00151	0.00301	0.00602	0.80879	0.00602
22	0.02454	0.01754	0.01897	0.01461	0.01972	0.01929	0.01205	0.64873	0.05268	0.08105	0.01646	0.01618	0.01157	0.00780	0.00647	0.00195	0.00695	0.00591	0.00656	0.01096
23	0.00791	0.00656	0.00693	0.00683	0.00890	0.00557	0.00513	0.00980	0.01538	0.01900	0.18638	0.05965	0.60811	0.01579	0.00763	0.00215	0.00323	0.01328	0.00620	0.00557
24	0.00845	0.00604	0.00816	0.00966	0.01029	0.00575	0.00701	0.01000	0.01294	0.01714	0.03529	0.60941	0.04146	0.01969	0.00840	0.00270	0.00425	0.17192	0.00599	0.00541
25	0.81856	0.01250	0.00950	0.00850	0.01250	0.01449	0.00700	0.01899	0.01100	0.02899	0.00900	0.01050	0.00700	0.00600	0.00400	0.00200	0.00500	0.00350	0.00400	0.00700
26	0.00960	0.00744	0.01098	0.01077	0.01181	0.00889	0.00840	0.01177	0.01032	0.01497	0.01674	0.02506	0.01581	0.06770	0.67160	0.00970	0.07231	0.00690	0.00343	0.00581
27	0.02841	0.01193	0.01557	0.01194	0.01696	0.01088	0.00986	0.12090	0.02006	0.64547	0.02418	0.02114	0.01534	0.00797	0.00649	0.00199	0.00571	0.00641	0.00780	0.01100
28	0.02421	0.01792	0.01919	0.01479	0.01990	0.01987	0.01219	0.68272	0.05931	0.04015	0.01596	0.01587	0.01135	0.00780	0.00647	0.00195	0.00703	0.00588	0.00647	0.01096
29	0.01003	0.00727	0.00825	0.02991	0.01091	0.00647	0.00615	0.01248	0.03318	0.07734	0.15915	0.05485	0.51054	0.01477	0.00752	0.00217	0.00371	0.03288	0.00625	0.00619
30	0.02354	0.01805	0.01839	0.01439	0.01934	0.07674	0.01173	0.53372	0.07025	0.07442	0.01602	0.01595	0.01150	0.00756	0.00632	0.00187	0.00712	0.00569	0.00614	0.06128
31	0.00787	0.00562	0.00750	0.00900	0.00937	0.00525	0.00600	0.00900	0.01237	0.01649	0.03561	0.76871	0.04274	0.02024	0.00825	0.00262	0.00375	0.01837	0.00600	0.00525
32	0.00787	0.00562	0.00750	0.00900	0.00937	0.00525	0.00600	0.00900	0.01237	0.01649	0.03561	0.76871	0.04274	0.02024	0.00825	0.00262	0.00375	0.01837	0.00600	0.00525
33	0.01393	0.01341	0.02253	0.38100	0.29570	0.01543	0.03918	0.01775	0.01329	0.01823	0.01142	0.01641	0.00923	0.00675	0.00823	0.00215	0.09821	0.00579	0.00300	0.00834
34	0.02319	0.00968	0.01288	0.01045	0.01446	0.00840	0.00841	0.02551	0.01750	0.53760	0.08296	0.09442	0.10449	0.01043	0.00687	0.00208	0.00490	0.00876	0.00752	0.00949
35	0.02414	0.03079	0.01831	0.01665	0.01998	0.74698	0.01248	0.02580	0.01831	0.01581	0.00999	0.01165	0.00832	0.00666	0.00583	0.00166	0.01165	0.00416	0.00333	0.00749
36	0.00804	0.00572	0.00758	0.00900	0.00940	0.00538	0.00605	0.00917	0.01231	0.01640	0.03480	0.70748	0.04158	0.05773	0.00950	0.00282	0.00395	0.04198	0.00589	0.00521
37	0.08418	0.18489	0.14554	0.01645	0.04568	0.25261	0.06278	0.09877	0.01683	0.02084	0.01088	0.01261	0.00865	0.00628	0.00559	0.00177	0.00905	0.00455	0.00350	0.00854
38	0.01122	0.00561	0.00842	0.00842	0.00842	0.00561	0.00561	0.00842	0.00842	0.01122	0.01122	0.01964	0.01122	0.02245	0.02525	0.81201	0.00561	0.00561	0.00281	0.00281
39	0.01532	0.05668	0.17849	0.06336	0.34887	0.01573	0.01810	0.04574	0.12372	0.02197	0.01493	0.01854	0.01207	0.00683	0.00635	0.00201	0.00761	0.03018	0.00379	0.00971
40	0.01974	0.01553	0.01928	0.11707	0.09531	0.08204	0.06094	0.16647	0.06160	0.14492	0.01563	0.01684	0.01141	0.00673	0.00622	0.00182	0.00728	0.00565	0.00497	0.14056
41	0.00901	0.00662	0.00846	0.00820	0.00971	0.00616	0.00618	0.01169	0.01687	0.02334	0.53755	0.06616	0.13905	0.04527	0.03767	0.00261	0.00394	0.04902	0.00662	0.00589
42	0.01220	0.01148	0.01938	0.75739	0.04450	0.01436	0.01794	0.01651	0.01292	0.01651	0.01148	0.01723	0.00861	0.00646	0.00646	0.00215	0.00861	0.00574	0.00287	0.00718
43	0.06208	0.01577	0.01663	0.01305	0.01754	0.01738	0.01070	0.55839	0.02656	0.03731	0.01613	0.01672	0.01173	0.00763	0.00601	0.00187	0.00631	0.00574	0.14251	0.00995
44	0.01568	0.10986	0.02669	0.17063	0.41856	0.04517	0.08357	0.01945	0.01437	0.01925	0.01164	0.01550	0.00957	0.00587	0.00622	0.00191	0.00822	0.00558	0.00309	0.00916
45	0.02675	0.01380	0.01664	0.01284	0.01785	0.01376	0.01058	0.28815	0.05365	0.44321	0.02176	0.01964	0.01427	0.00794	0.00649	0.00198	0.00609	0.00628	0.00736	0.01096
46	0.01232	0.00778	0.00973	0.00885	0.01108	0.00728	0.00676	0.01627	0.07398	0.12681	0.46602	0.06833	0.13387	0.01273	0.00740	0.00208	0.00362	0.01105	0.00702	0.00702
47	0.00791	0.00570	0.00750	0.00886	0.00936	0.00529	0.00596	0.00913	0.01269	0.01688	0.06222	0.71277	0.07220	0.01982	0.00820	0.00258	0.00370	0.01793	0.00604	0.00529
48	0.01717	0.32445	0.18666	0.01786	0.12584	0.13407	0.01531	0.04569	0.01511	0.01868	0.03676	0.01371	0.01059	0.00624	0.00540	0.00170	0.00822	0.00459	0.00320	0.00875
49	0.14758	0.06644	0.55878	0.01710	0.04828	0.01546	0.02029	0.02014	0.01321	0.02164	0.01105	0.01303	0.00806	0.00607	0.00569	0.00200	0.00860	0.00453	0.00296	0.00908
50	0.01041	0.00744	0.01041	0.01190	0.01339	0.00744	0.01041	0.01339	0.01487	0.01934	0.03421	0.07288	0.03719	0.01785	0.00892	0.00297	0.00595	0.68913	0.00595	0.00595
51	0.00998	0.00679	0.00875	0.00820	0.00991	0.00619	0.00617	0.01282	0.01783	0.06045	0.61956	0.07023	0.11176	0.01342	0.00759	0.00206	0.00321	0.01179	0.00703	0.00626
52	0.02642	0.01168	0.01502	0.01183	0.01656	0.01092	0.00967	0.06643	0.12138	0.58126	0.04152	0.02258	0.01733	0.00822	0.00653	0.00202	0.00547	0.00670	0.00769	0.01077
53	0.02211	0.02542	0.01896	0.01912	0.11929	0.49447	0.01311	0.11347	0.04490	0.02026	0.01378	0.01519	0.03761	0.00713	0.00609	0.00178	0.00994	0.00509	0.00394	0.00835
54	0.81856	0.01250	0.00950	0.00850	0.01250	0.01449	0.00700	0.01899	0.01100	0.02899	0.00900	0.01050	0.00700	0.00600	0.00400	0.00200	0.00500	0.00350	0.00400	0.00700
55	0.00805	0.00593	0.00760	0.00886	0.00961	0.00547	0.00620	0.00942	0.01296	0.01689	0.04025	0.59642	0.15178	0.01942	0.00821	0.00258	0.00386	0.07516	0.00599	0.00534
56	0.00786	0.00565	0.00747	0.00892	0.00935	0.00525	0.00596	0.00901	0.01244	0.01652	0.03653	0.74690	0.06395	0.02012	0.00823	0.00261	0.00373	0.01822	0.00600	0.00525
57	0.01122	0.00561	0.00842	0.00842	0.00842	0.00561	0.00561	0.00842	0.00842	0.01122	0.01122	0.01964	0.01122	0.02245	0.02525	0.81201	0.00561	0.00561	0.00281	0.00281
58	0.00867	0.00688	0.00785	0.00765	0.00960	0.00619	0.00582	0.01154	0.04198	0.02127	0.32838	0.05569	0.40595	0.01489	0.00765	0.00216	0.00337	0.04212	0.00646	0.00591
59	0.01727	0.77681	0.03386	0.01106	0.01658	0.02557	0.01106	0.01935	0.01313	0.01520	0.00898	0.01036	0.00829	0.00553	0.00415	0.00138	0.00691	0.00345	0.00276	0.00829
60	0.04641	0.13067	0.17568	0.01559	0.04944	0.21485	0.01404	0.08780	0.06077	0.02049	0.01398	0.01593	0.02818	0.01128	0.08520	0.00274	0.00966	0.00513	0.00372	0.00842
61	0.01525	0.01743	0.03813	0.02723	0.03377	0.01634	0.70915	0.02070	0.01525	0.02070	0.01307	0.01743	0.00980	0.00545	0.00763	0.00218	0.01089	0.00763	0.00327	0.00871
62	0.11010	0.05425	0.01520	0.01129	0.01580	0.03204	0.00931	0.09277	0.06813	0.42826	0.02115	0.01955	0.01424	0.00761	0.00593	0.00192	0.00561	0.00590	0.07107	0.00987

[dist]
# distance from previous block
# <min> <max>
0	1

[block]
# block no. 7 follows, 34 sequences, length 15
# corresponding to MSA columns:
# 239-253
name=unknown_H
#
# <colnr> <probs for GDERKNQSTAVLIFYWHMCP>
#	G	D	E	R	K	N	Q	S	T	A	V	L	I	F	Y	W	H	M	C	P
0	0.31360	0.22478	0.07514	0.03168	0.03535	0.03756	0.03866	0.06464	0.01414	0.04596	0.03885	0.01357	0.01044	0.00631	0.00492	0.00181	0.00652	0.00446	0.00387	0.02773
1	0.27592	0.01628	0.05300	0.03592	0.09665	0.11522	0.01127	0.06180	0.03270	0.17195	0.03108	0.01562	0.01142	0.00679	0.00553	0.00191	0.00673	0.00502	0.00481	0.04036
2	0.01338	0.10504	0.67147	0.01771	0.02687	0.01602	0.02264	0.02036	0.01359	0.01996	0.01134	0.01333	0.00820	0.00608	0.00595	0.00198	0.00929	0.00465	0.00273	0.00943
3	0.01465	0.03140	0.01241	0.01079	0.01382	0.01131	0.00845	0.02388	0.32347	0.11445	0.13677	0.08352	0.13806	0.01153	0.00702	0.00218	0.00456	0.03673	0.00658	0.00842
4	0.00824	0.00614	0.00805	0.00910	0.00964	0.00604	0.00626	0.00944	0.01223	0.01629	0.03537	0.60752	0.09656	0.05270	0.05147	0.00319	0.03438	0.01645	0.00564	0.00531
5	0.00926	0.00682	0.00985	0.00985	0.01082	0.00779	0.00741	0.01119	0.01023	0.01460	0.01780	0.02809	0.01733	0.16450	0.63288	0.00972	0.01554	0.00732	0.00353	0.00547
6	0.01122	0.00561	0.00842	0.00842	0.00842	0.00561	0.00561	0.00842	0.00842	0.01122	0.01122	0.01964	0.01122	0.02245	0.02525	0.81201	0.00561	0.00561	0.00281	0.00281
7	0.01727	0.77681	0.03386	0.01106	0.01658	0.02557	0.01106	0.01935	0.01313	0.01520	0.00898	0.01036	0.00829	0.00553	0.00415	0.00138	0.00691	0.00345	0.00276	0.00829
8	0.01340	0.01148	0.01340	0.00957	0.01531	0.00861	0.00766	0.01627	0.01340	0.02105	0.01148	0.01340	0.00957	0.00479	0.00479	0.00096	0.00479	0.00383	0.00383	0.81242
9	0.02573	0.01623	0.01823	0.01398	0.01910	0.01726	0.01155	0.53212	0.02725	0.22410	0.01814	0.01722	0.01231	0.00782	0.00647	0.00195	0.00669	0.00600	0.00687	0.01099
10	0.01111	0.00568	0.00852	0.00852	0.00859	0.00575	0.00575	0.00859	0.00852	0.01143	0.01156	0.01995	0.01149	0.02387	0.06463	0.76829	0.00625	0.00568	0.00284	0.00297
11	0.00789	0.00663	0.00689	0.00703	0.00915	0.00563	0.00540	0.00964	0.01474	0.01762	0.06265	0.06314	0.66783	0.01650	0.00775	0.00225	0.00351	0.07425	0.00600	0.00550
12	0.01627	0.01161	0.01283	0.01159	0.01459	0.04834	0.00916	0.02432	0.26996	0.15853	0.11117	0.06693	0.09943	0.01130	0.00763	0.00223	0.03483	0.07436	0.00645	0.00850
13	0.01490	0.01481	0.02026	0.29594	0.22519	0.09149	0.01629	0.01956	0.07252	0.01883	0.03421	0.01890	0.01223	0.00751	0.00812	0.00213	0.09157	0.02377	0.00352	0.00823
14	0.09120	0.01530	0.06576	0.01528	0.06734	0.05366	0.06462	0.21200	0.05370	0.05629	0.02152	0.15586	0.05733	0.00992	0.00661	0.00210	0.00655	0.00842	0.02800	0.00857

[dist]
# distance from previous block
# <min> <max>
0	8

# created by:
# /home/berkeley/.conda/envs/busco_data_prod/bin/msa2prfl.pl pipeline/OGs_align_augustus/4893/34621.fs
