[name]
unknown

[dist]
# distance from previous block
# <min> <max>
0	45

[block]
# block no. 0 follows, 34 sequences, length 18
# corresponding to MSA columns:
# 45-62
name=unknown_A
#
# <colnr> <probs for GDERKNQSTAVLIFYWHMCP>
#	G	D	E	R	K	N	Q	S	T	A	V	L	I	F	Y	W	H	M	C	P
0	0.05509	0.05735	0.11949	0.01697	0.06091	0.17645	0.09601	0.13448	0.01794	0.02331	0.08098	0.02028	0.01560	0.02519	0.00694	0.00201	0.00827	0.03539	0.00426	0.04309
1	0.01346	0.07365	0.19858	0.01631	0.03953	0.01310	0.14776	0.01937	0.09527	0.05162	0.09755	0.16344	0.02261	0.00980	0.00692	0.00214	0.00706	0.00897	0.00462	0.00825
2	0.00897	0.00623	0.00798	0.00841	0.00953	0.00569	0.00596	0.01070	0.01471	0.03919	0.27141	0.37867	0.14414	0.01708	0.00854	0.03264	0.00356	0.01466	0.00631	0.00563
3	0.03078	0.00719	0.01039	0.01038	0.01142	0.00836	0.00798	0.01149	0.01045	0.01532	0.01808	0.09455	0.01780	0.04152	0.58384	0.05513	0.04823	0.00778	0.00365	0.00564
4	0.10524	0.01711	0.07901	0.08370	0.05648	0.05876	0.20422	0.08145	0.05230	0.05419	0.01316	0.01617	0.01014	0.00841	0.03301	0.00243	0.10582	0.00599	0.00389	0.00852
5	0.00811	0.00599	0.00790	0.03311	0.01048	0.00565	0.00629	0.00957	0.01317	0.01748	0.10319	0.60920	0.10843	0.01876	0.00807	0.00251	0.00380	0.01688	0.00600	0.00541
6	0.02498	0.01459	0.01708	0.01327	0.01789	0.01535	0.01095	0.38050	0.02388	0.29968	0.01914	0.01830	0.01301	0.00804	0.00722	0.00199	0.04960	0.00607	0.04795	0.01051
7	0.01425	0.03360	0.11186	0.06279	0.13299	0.04014	0.16816	0.01805	0.01369	0.01920	0.06995	0.02047	0.01452	0.00843	0.01075	0.00228	0.21036	0.03690	0.00347	0.00814
8	0.01339	0.03045	0.60902	0.02006	0.02904	0.01525	0.15131	0.02051	0.01394	0.02051	0.01187	0.01435	0.00849	0.00601	0.00642	0.00207	0.00980	0.00530	0.00283	0.00939
9	0.00950	0.00681	0.00985	0.00985	0.01099	0.00781	0.00758	0.01179	0.01065	0.01577	0.01778	0.02590	0.01647	0.07195	0.64998	0.00939	0.01554	0.00693	0.07974	0.00572
10	0.01355	0.01270	0.09055	0.22623	0.05542	0.01166	0.01281	0.05307	0.08822	0.07755	0.06236	0.16216	0.04465	0.05036	0.00826	0.00241	0.00645	0.00901	0.00483	0.00773
11	0.06006	0.22610	0.06533	0.05177	0.03384	0.11407	0.02805	0.07138	0.11307	0.07642	0.01579	0.06772	0.01329	0.00877	0.02582	0.00209	0.00751	0.00596	0.00437	0.00858
12	0.01526	0.01396	0.02037	0.01650	0.01923	0.05334	0.17049	0.03654	0.09819	0.05273	0.04243	0.05162	0.01505	0.01022	0.03105	0.00250	0.24391	0.00712	0.09163	0.00785
13	0.02899	0.01100	0.01499	0.01150	0.01649	0.00950	0.00950	0.03149	0.01849	0.73709	0.02549	0.02199	0.01599	0.00800	0.00650	0.00200	0.00550	0.00650	0.00800	0.01100
14	0.01220	0.01121	0.01659	0.08564	0.01812	0.01425	0.04736	0.01519	0.04801	0.01624	0.01400	0.04247	0.01320	0.05510	0.24301	0.00518	0.32533	0.00679	0.00339	0.00674
15	0.01788	0.07184	0.13212	0.07869	0.16512	0.07679	0.05164	0.10173	0.03385	0.11115	0.01573	0.06533	0.01279	0.00861	0.02651	0.00221	0.00810	0.00640	0.00434	0.00917
16	0.02696	0.01037	0.01025	0.01012	0.01158	0.10865	0.00761	0.01352	0.01464	0.01923	0.18813	0.18849	0.11302	0.05529	0.03757	0.00276	0.05690	0.06740	0.05153	0.00598
17	0.06348	0.01128	0.01407	0.05349	0.01674	0.01116	0.00948	0.15797	0.01975	0.33326	0.17200	0.06465	0.02508	0.00951	0.00669	0.00204	0.00535	0.00789	0.00690	0.00922

[dist]
# distance from previous block
# <min> <max>
1	5

[block]
# block no. 1 follows, 34 sequences, length 27
# corresponding to MSA columns:
# 68-94
name=unknown_B
#
# <colnr> <probs for GDERKNQSTAVLIFYWHMCP>
#	G	D	E	R	K	N	Q	S	T	A	V	L	I	F	Y	W	H	M	C	P
0	0.01465	0.07983	0.08600	0.08806	0.21282	0.06602	0.01385	0.01825	0.04234	0.04435	0.01836	0.05618	0.06309	0.08875	0.00994	0.00245	0.05189	0.00695	0.02818	0.00801
1	0.04184	0.00668	0.00760	0.00758	0.00933	0.00604	0.00560	0.01074	0.01558	0.02099	0.30997	0.15768	0.34674	0.01531	0.00757	0.00218	0.00333	0.01317	0.00634	0.00573
2	0.13570	0.01668	0.06223	0.11445	0.07228	0.07227	0.13609	0.12097	0.04552	0.13973	0.01477	0.01636	0.01063	0.00669	0.00625	0.00202	0.00786	0.00577	0.00464	0.00907
3	0.04158	0.12957	0.01933	0.01361	0.01794	0.16103	0.01114	0.29863	0.13892	0.02843	0.01549	0.01589	0.01181	0.00732	0.00582	0.00182	0.00730	0.00535	0.05968	0.00935
4	0.01368	0.10982	0.52778	0.04948	0.05103	0.01597	0.07276	0.02001	0.01370	0.01979	0.01143	0.01379	0.00846	0.00597	0.00600	0.00194	0.00907	0.00488	0.00284	0.04159
5	0.01890	0.07352	0.15298	0.01710	0.08715	0.03605	0.06865	0.13956	0.05989	0.16213	0.06199	0.04504	0.01576	0.00772	0.00641	0.00196	0.00718	0.00653	0.00513	0.02636
6	0.01629	0.06830	0.17740	0.02084	0.02702	0.01677	0.33244	0.10995	0.01638	0.04837	0.01368	0.04077	0.01075	0.00691	0.00792	0.00213	0.06459	0.00670	0.00377	0.00900
7	0.00806	0.00582	0.00764	0.00876	0.00939	0.00539	0.00597	0.00951	0.01340	0.01801	0.14587	0.62577	0.07451	0.01897	0.00812	0.00251	0.00362	0.01712	0.00617	0.00539
8	0.01541	0.01729	0.11671	0.13307	0.26756	0.05618	0.08508	0.05540	0.04425	0.04076	0.04618	0.02052	0.05841	0.00721	0.00660	0.00202	0.00794	0.00656	0.00388	0.00897
9	0.01563	0.04312	0.13251	0.02480	0.03165	0.01613	0.56188	0.02112	0.01511	0.05326	0.01331	0.01690	0.00982	0.00566	0.00726	0.00213	0.01034	0.00705	0.00339	0.00892
10	0.00923	0.00692	0.01038	0.01038	0.01154	0.00808	0.00808	0.01154	0.01038	0.01500	0.01731	0.02538	0.01615	0.04846	0.74732	0.01038	0.01731	0.00692	0.00346	0.00577
11	0.01011	0.00792	0.01242	0.04330	0.03905	0.00881	0.04927	0.01257	0.01100	0.01586	0.01710	0.02568	0.01593	0.10474	0.54525	0.00844	0.01451	0.00705	0.04500	0.00601
12	0.04139	0.01356	0.01704	0.04782	0.11541	0.01488	0.04095	0.09396	0.36340	0.04943	0.02354	0.02699	0.03939	0.00902	0.00676	0.00219	0.00608	0.07304	0.00570	0.00948
13	0.00787	0.00562	0.00750	0.00900	0.00937	0.00525	0.00600	0.00900	0.01237	0.01649	0.03561	0.76871	0.04274	0.02024	0.00825	0.00262	0.00375	0.01837	0.00600	0.00525
14	0.00794	0.00658	0.00697	0.00695	0.00901	0.00561	0.00526	0.00983	0.01526	0.01876	0.16207	0.06047	0.60998	0.01595	0.00767	0.00218	0.00332	0.03445	0.00616	0.00556
15	0.05103	0.04823	0.05031	0.07816	0.05099	0.14828	0.11639	0.16758	0.01753	0.02266	0.01351	0.01777	0.01109	0.01325	0.10776	0.04015	0.00994	0.02326	0.00399	0.00812
16	0.01317	0.01111	0.03270	0.01475	0.01724	0.01143	0.10261	0.04828	0.05192	0.05018	0.02588	0.09360	0.02639	0.01387	0.00998	0.00268	0.10900	0.35282	0.00525	0.00717
17	0.10537	0.01338	0.01551	0.01209	0.01686	0.01351	0.00996	0.26815	0.02166	0.38353	0.02010	0.01868	0.01337	0.00769	0.00613	0.00195	0.00588	0.00593	0.04992	0.01033
18	0.00810	0.00653	0.00721	0.00711	0.00903	0.00564	0.00531	0.01014	0.01570	0.01995	0.26291	0.08504	0.50353	0.01557	0.00766	0.00215	0.00322	0.01323	0.00633	0.00564
19	0.04896	0.01596	0.06898	0.24788	0.15099	0.06128	0.14278	0.01991	0.04348	0.04833	0.01293	0.01680	0.01002	0.00807	0.03417	0.00240	0.04929	0.00597	0.00345	0.00837
20	0.09790	0.00887	0.01018	0.00941	0.01207	0.00894	0.00744	0.02032	0.10122	0.17630	0.08415	0.10228	0.02437	0.01045	0.00624	0.00206	0.00439	0.08078	0.22501	0.00762
21	0.00847	0.00584	0.00754	0.00861	0.00906	0.00565	0.00573	0.00963	0.01185	0.01627	0.03105	0.55722	0.03623	0.13594	0.06468	0.00366	0.00506	0.01539	0.05698	0.00513
22	0.01418	0.01576	0.08470	0.12562	0.07323	0.01429	0.31513	0.06324	0.04472	0.02223	0.11255	0.02313	0.04593	0.00744	0.00714	0.00211	0.00841	0.00767	0.00413	0.00838
23	0.01159	0.04885	0.01357	0.09287	0.06190	0.01030	0.00997	0.01536	0.07161	0.04700	0.02209	0.14740	0.03964	0.02704	0.31316	0.00561	0.01057	0.04023	0.00439	0.00684
24	0.00872	0.00628	0.00766	0.00829	0.00958	0.00563	0.00593	0.01032	0.01405	0.04175	0.11469	0.41050	0.27166	0.01775	0.00795	0.00241	0.00366	0.04139	0.00617	0.00562
25	0.01683	0.01507	0.02551	0.03785	0.68670	0.01498	0.01917	0.02058	0.01495	0.06702	0.01301	0.01638	0.01060	0.00590	0.00640	0.00192	0.00754	0.00580	0.00351	0.01028
26	0.05158	0.12140	0.15381	0.06102	0.04768	0.04964	0.06960	0.09429	0.09282	0.12745	0.01756	0.03426	0.03607	0.00740	0.00614	0.00196	0.00742	0.00607	0.00464	0.00919

[dist]
# distance from previous block
# <min> <max>
1	3

[block]
# block no. 2 follows, 34 sequences, length 44
# corresponding to MSA columns:
# 99-142
name=unknown_C
#
# <colnr> <probs for GDERKNQSTAVLIFYWHMCP>
#	G	D	E	R	K	N	Q	S	T	A	V	L	I	F	Y	W	H	M	C	P
0	0.04647	0.00930	0.01117	0.01001	0.01197	0.01004	0.00763	0.10742	0.01389	0.02078	0.03435	0.06720	0.01751	0.13861	0.19246	0.03101	0.06465	0.00723	0.11493	0.08337
1	0.01879	0.01825	0.02309	0.01790	0.02289	0.14676	0.22512	0.12797	0.16869	0.05443	0.01606	0.01729	0.01207	0.00675	0.00655	0.00191	0.00834	0.00621	0.00472	0.09619
2	0.00814	0.00587	0.00743	0.00857	0.00912	0.00548	0.00575	0.00922	0.01230	0.01615	0.03662	0.57335	0.11196	0.12187	0.01155	0.00308	0.00411	0.03861	0.00571	0.00511
3	0.02243	0.01879	0.01808	0.01469	0.01924	0.11769	0.01181	0.45292	0.19730	0.03400	0.01740	0.01709	0.01276	0.00785	0.00640	0.00196	0.00724	0.00596	0.00607	0.01033
4	0.01043	0.00705	0.00843	0.00843	0.01025	0.00642	0.00630	0.01280	0.03768	0.08346	0.14827	0.20870	0.29992	0.05586	0.00907	0.00252	0.00398	0.06806	0.00625	0.00612
5	0.01381	0.07498	0.39308	0.01669	0.02303	0.01493	0.07701	0.01899	0.01389	0.05516	0.07344	0.03241	0.03319	0.00813	0.00844	0.00214	0.11038	0.01809	0.00361	0.00860
6	0.01495	0.01893	0.12436	0.04351	0.12748	0.01612	0.48868	0.02027	0.01473	0.02045	0.01256	0.01663	0.00958	0.00581	0.00773	0.00215	0.03707	0.00690	0.00317	0.00893
7	0.01668	0.60172	0.10096	0.01565	0.11482	0.02316	0.01348	0.01952	0.01339	0.01651	0.00967	0.01144	0.00855	0.00562	0.00464	0.00152	0.00727	0.00389	0.00282	0.00868
8	0.01533	0.01135	0.01120	0.01009	0.01237	0.10827	0.00751	0.07513	0.01645	0.12624	0.16562	0.09389	0.09412	0.14473	0.04280	0.00310	0.00616	0.00930	0.03944	0.00690
9	0.01418	0.04617	0.06029	0.04957	0.13473	0.01372	0.23849	0.01821	0.03670	0.05003	0.01774	0.04159	0.04426	0.11273	0.03551	0.00298	0.04755	0.02377	0.00382	0.00795
10	0.00991	0.00690	0.00817	0.00767	0.00974	0.00606	0.00581	0.01229	0.01672	0.07353	0.38288	0.05256	0.35555	0.01424	0.00755	0.00210	0.00333	0.01218	0.00668	0.00616
11	0.01496	0.01276	0.01365	0.01259	0.01579	0.01460	0.00965	0.03090	0.62482	0.02560	0.02756	0.12512	0.02285	0.01032	0.00680	0.00225	0.00493	0.00881	0.00650	0.00955
12	0.00947	0.00682	0.00796	0.00841	0.00899	0.02447	0.00564	0.01037	0.01186	0.01573	0.08056	0.24130	0.06151	0.33078	0.03702	0.03823	0.00549	0.06985	0.02074	0.00481
13	0.01545	0.12915	0.30567	0.07649	0.15887	0.01622	0.08006	0.04289	0.01465	0.06149	0.01302	0.03460	0.01021	0.00647	0.00615	0.00196	0.00841	0.00559	0.00339	0.00927
14	0.00804	0.00595	0.00756	0.00878	0.00959	0.00547	0.00617	0.00942	0.01303	0.01692	0.04112	0.57658	0.17184	0.01931	0.00819	0.00257	0.00385	0.07427	0.00599	0.00535
15	0.01203	0.00761	0.00939	0.00851	0.01065	0.00715	0.00652	0.03750	0.04093	0.09917	0.47677	0.04297	0.11944	0.01217	0.00715	0.00200	0.00352	0.01051	0.07918	0.00682
16	0.03633	0.19512	0.13446	0.09645	0.06789	0.06162	0.03622	0.08069	0.03255	0.01989	0.01592	0.11735	0.02889	0.00879	0.00677	0.01789	0.02434	0.00688	0.00382	0.00811
17	0.00814	0.00594	0.00767	0.00856	0.00938	0.00546	0.00592	0.00976	0.01397	0.01877	0.19907	0.53453	0.11246	0.01824	0.00804	0.00244	0.00354	0.01637	0.00626	0.00546
18	0.00787	0.00562	0.00750	0.00900	0.00937	0.00525	0.00600	0.00900	0.01237	0.01649	0.03561	0.76871	0.04274	0.02024	0.00825	0.00262	0.00375	0.01837	0.00600	0.00525
19	0.00839	0.00633	0.00789	0.00851	0.00966	0.00591	0.00607	0.01052	0.03081	0.01883	0.18030	0.39515	0.19816	0.01911	0.04632	0.00281	0.00428	0.02922	0.00610	0.00562
20	0.01750	0.27132	0.14997	0.01880	0.08213	0.17993	0.12902	0.02109	0.01473	0.01764	0.01057	0.01297	0.00870	0.00609	0.00621	0.00178	0.03527	0.00479	0.00300	0.00852
21	0.01470	0.07165	0.60499	0.01779	0.02629	0.11486	0.02166	0.02113	0.01425	0.01956	0.01124	0.01320	0.00821	0.00618	0.00599	0.00196	0.00970	0.00462	0.00281	0.00920
22	0.01722	0.01445	0.01526	0.01338	0.01724	0.01661	0.01051	0.12614	0.62726	0.02889	0.02484	0.02294	0.01854	0.00863	0.00656	0.00216	0.00538	0.00710	0.00656	0.01033
23	0.01357	0.01258	0.01389	0.03216	0.01468	0.10783	0.01008	0.01559	0.03566	0.04181	0.02230	0.07005	0.11224	0.07063	0.09765	0.03760	0.24351	0.03762	0.00410	0.00645
24	0.01993	0.20982	0.12696	0.07278	0.02221	0.40980	0.01422	0.02275	0.01596	0.01640	0.01009	0.01206	0.00832	0.00629	0.00551	0.00169	0.00997	0.00420	0.00307	0.00796
25	0.00902	0.00643	0.00807	0.00853	0.00937	0.00643	0.00590	0.01100	0.03537	0.01710	0.08975	0.30601	0.08803	0.17781	0.13964	0.00454	0.00649	0.01252	0.05265	0.00536
26	0.01655	0.53279	0.14986	0.01625	0.11569	0.02230	0.01441	0.03516	0.01382	0.01745	0.00999	0.01179	0.00860	0.00571	0.00483	0.00158	0.00746	0.00404	0.00290	0.00883
27	0.00875	0.00594	0.00789	0.00916	0.00982	0.00552	0.00632	0.01004	0.01280	0.04245	0.03615	0.68202	0.06401	0.01955	0.00820	0.00261	0.00391	0.05328	0.00607	0.00550
28	0.02261	0.00963	0.01266	0.01017	0.01422	0.00833	0.00824	0.02502	0.01779	0.51652	0.12320	0.03258	0.14984	0.01017	0.00685	0.00204	0.00478	0.00845	0.00753	0.00937
29	0.01354	0.13427	0.64372	0.01742	0.02642	0.01644	0.02213	0.02031	0.01357	0.01975	0.01124	0.01320	0.00820	0.00606	0.00587	0.00196	0.00919	0.00460	0.00273	0.00938
30	0.04368	0.07233	0.02082	0.01560	0.01991	0.03975	0.14370	0.21587	0.14389	0.04411	0.01992	0.08650	0.01737	0.00933	0.00683	0.00215	0.00710	0.07681	0.00536	0.00897
31	0.01047	0.00987	0.04642	0.01329	0.01545	0.01008	0.10410	0.01333	0.01114	0.01598	0.01609	0.02361	0.01472	0.05636	0.55889	0.00841	0.05516	0.00692	0.00338	0.00636
32	0.00905	0.00618	0.00778	0.00862	0.00966	0.00561	0.00601	0.01042	0.01330	0.05430	0.05762	0.53198	0.18278	0.03730	0.00864	0.00259	0.00384	0.03266	0.00608	0.00559
33	0.05555	0.01718	0.01950	0.01509	0.01983	0.05217	0.07795	0.51139	0.02592	0.03514	0.05274	0.01806	0.01373	0.03247	0.00732	0.00209	0.00728	0.00624	0.02046	0.00986
34	0.09468	0.01734	0.05562	0.01402	0.01909	0.01801	0.01195	0.47377	0.12062	0.08448	0.01687	0.01657	0.01201	0.00767	0.00624	0.00199	0.00667	0.00580	0.00616	0.01045
35	0.00945	0.00625	0.00824	0.00920	0.01010	0.00582	0.00654	0.01096	0.01339	0.05787	0.08173	0.54759	0.07519	0.04316	0.00895	0.00268	0.00409	0.08702	0.00611	0.00567
36	0.01206	0.01126	0.01826	0.33718	0.17273	0.01267	0.03953	0.01537	0.01330	0.01762	0.02153	0.10446	0.11069	0.01030	0.02296	0.00238	0.05832	0.00827	0.00372	0.00737
37	0.01495	0.05260	0.44349	0.01857	0.06159	0.11443	0.06012	0.02188	0.07748	0.02016	0.01507	0.01666	0.04097	0.00681	0.00624	0.00199	0.00906	0.00548	0.00335	0.00910
38	0.01338	0.01307	0.02330	0.51418	0.18126	0.01482	0.11209	0.01774	0.01360	0.01800	0.01183	0.01701	0.00910	0.00618	0.00661	0.00211	0.00873	0.00600	0.00299	0.00800
39	0.00786	0.00566	0.00746	0.00889	0.00934	0.00526	0.00595	0.00901	0.01247	0.01653	0.03687	0.73903	0.07160	0.02008	0.00822	0.00261	0.00373	0.01817	0.00600	0.00526
40	0.01362	0.11694	0.02681	0.09091	0.09860	0.01504	0.28710	0.01732	0.01385	0.01837	0.01841	0.06790	0.07384	0.01151	0.07396	0.00283	0.03383	0.00775	0.00356	0.00785
41	0.09096	0.01959	0.01585	0.03028	0.01796	0.30063	0.03310	0.10532	0.12994	0.02221	0.01815	0.11828	0.03257	0.00905	0.00628	0.00196	0.00793	0.00710	0.00471	0.02814
42	0.01436	0.04099	0.01927	0.01567	0.01818	0.04657	0.10586	0.02141	0.21648	0.01945	0.01616	0.01956	0.01349	0.01709	0.16457	0.00402	0.22826	0.00652	0.00412	0.00800
43	0.07009	0.01662	0.03916	0.03788	0.20170	0.07119	0.12897	0.08954	0.14230	0.03915	0.01490	0.01680	0.01152	0.00666	0.00668	0.00196	0.02599	0.00593	0.00431	0.06864

[dist]
# distance from previous block
# <min> <max>
0	7

[block]
# block no. 3 follows, 34 sequences, length 11
# corresponding to MSA columns:
# 150-160
name=unknown_D
#
# <colnr> <probs for GDERKNQSTAVLIFYWHMCP>
#	G	D	E	R	K	N	Q	S	T	A	V	L	I	F	Y	W	H	M	C	P
0	0.01045	0.00843	0.01120	0.01071	0.01230	0.03021	0.05543	0.03153	0.06111	0.01917	0.14332	0.33419	0.08033	0.01908	0.07737	0.06504	0.00591	0.01269	0.00548	0.00606
1	0.01142	0.01068	0.04930	0.01071	0.01268	0.05942	0.00847	0.01612	0.13588	0.01997	0.15105	0.25656	0.05670	0.03868	0.00951	0.05572	0.00513	0.07983	0.00565	0.00652
2	0.04071	0.15213	0.09860	0.01752	0.06179	0.23090	0.09548	0.02102	0.01510	0.04392	0.04993	0.01634	0.01223	0.00736	0.00775	0.00193	0.09725	0.01839	0.00354	0.00811
3	0.01417	0.04409	0.25363	0.01645	0.02169	0.03912	0.14129	0.01839	0.01357	0.08132	0.01647	0.10536	0.01451	0.01483	0.11801	0.02830	0.03960	0.00735	0.00381	0.00804
4	0.01398	0.01299	0.02153	0.20559	0.32505	0.01398	0.06165	0.03867	0.01419	0.01947	0.03639	0.03550	0.06087	0.00846	0.00867	0.04474	0.05964	0.00682	0.00354	0.00826
5	0.01072	0.00877	0.01048	0.01131	0.01241	0.05619	0.00900	0.01278	0.01346	0.01737	0.02932	0.23984	0.03260	0.07185	0.06451	0.00356	0.04985	0.33491	0.00529	0.00578
6	0.01328	0.01107	0.01476	0.10627	0.04158	0.06160	0.04245	0.01579	0.01417	0.07877	0.13594	0.16352	0.04505	0.01485	0.06606	0.00293	0.12182	0.03827	0.00488	0.00694
7	0.01052	0.00669	0.00731	0.00718	0.00883	0.00648	0.00533	0.01398	0.05499	0.02275	0.19508	0.06887	0.16001	0.03633	0.00703	0.00200	0.00333	0.00945	0.36777	0.00607
8	0.01436	0.18489	0.31402	0.01619	0.02270	0.01656	0.11074	0.01987	0.05076	0.04216	0.01808	0.01952	0.08698	0.00749	0.00692	0.00198	0.04850	0.00607	0.00354	0.00867
9	0.01129	0.00755	0.00918	0.00876	0.00968	0.00789	0.00591	0.06990	0.01194	0.04354	0.02047	0.08353	0.02176	0.46527	0.18964	0.00643	0.00864	0.00902	0.00432	0.00529
10	0.01222	0.00760	0.01097	0.01020	0.01214	0.00712	0.04708	0.01401	0.01426	0.12562	0.14461	0.22518	0.12035	0.01882	0.08279	0.08108	0.00589	0.04797	0.00576	0.00632

[dist]
# distance from previous block
# <min> <max>
0	1

[block]
# block no. 4 follows, 34 sequences, length 10
# corresponding to MSA columns:
# 162-171
name=unknown_E
#
# <colnr> <probs for GDERKNQSTAVLIFYWHMCP>
#	G	D	E	R	K	N	Q	S	T	A	V	L	I	F	Y	W	H	M	C	P
0	0.00891	0.00725	0.00807	0.00912	0.00986	0.04911	0.00621	0.01014	0.01304	0.01673	0.06078	0.60575	0.10444	0.04707	0.00895	0.00264	0.00424	0.01652	0.00580	0.00538
1	0.01102	0.00756	0.01047	0.01000	0.01128	0.00858	0.00780	0.01316	0.01188	0.04957	0.07705	0.02693	0.04513	0.03185	0.41541	0.04360	0.08285	0.00723	0.12259	0.00604
2	0.01483	0.16320	0.16101	0.09723	0.10073	0.05015	0.14836	0.01986	0.05525	0.01906	0.03011	0.05723	0.01259	0.00719	0.00682	0.00199	0.03609	0.00634	0.00344	0.00851
3	0.00832	0.00634	0.00767	0.00796	0.00939	0.00569	0.00582	0.01035	0.01531	0.02017	0.28504	0.25311	0.28438	0.01640	0.00785	0.00228	0.00342	0.03847	0.00638	0.00564
4	0.01694	0.01203	0.01419	0.01044	0.01594	0.00996	0.00843	0.07559	0.04171	0.13976	0.01464	0.01537	0.01111	0.00570	0.00527	0.00125	0.00510	0.00455	0.00482	0.58720
5	0.01008	0.00818	0.01204	0.08181	0.07252	0.00823	0.04025	0.01265	0.03487	0.01747	0.03080	0.32487	0.09108	0.10186	0.01072	0.00292	0.00548	0.12290	0.00513	0.00612
6	0.01661	0.01294	0.05731	0.09723	0.26383	0.01202	0.03480	0.01981	0.01471	0.16960	0.01949	0.05284	0.03297	0.01036	0.02584	0.03934	0.02446	0.08251	0.00461	0.00871
7	0.01348	0.01276	0.02136	0.43943	0.27709	0.01473	0.01796	0.01738	0.01326	0.01797	0.01180	0.01698	0.00948	0.00827	0.03875	0.00246	0.04989	0.00579	0.00301	0.00816
8	0.15836	0.16293	0.05900	0.06513	0.09224	0.24390	0.01302	0.07064	0.01565	0.02059	0.01037	0.01249	0.00849	0.00645	0.00594	0.00181	0.03695	0.00439	0.00347	0.00816
9	0.01989	0.21441	0.02142	0.01322	0.01784	0.06272	0.01117	0.30017	0.17993	0.02872	0.05516	0.01768	0.01484	0.00764	0.00591	0.00184	0.00665	0.00576	0.00538	0.00964

[dist]
# distance from previous block
# <min> <max>
0	1

[block]
# block no. 5 follows, 34 sequences, length 18
# corresponding to MSA columns:
# 173-190
name=unknown_F
#
# <colnr> <probs for GDERKNQSTAVLIFYWHMCP>
#	G	D	E	R	K	N	Q	S	T	A	V	L	I	F	Y	W	H	M	C	P
0	0.01447	0.01049	0.01378	0.01559	0.16258	0.02754	0.00927	0.05541	0.01348	0.09608	0.01811	0.05323	0.01761	0.31611	0.06657	0.00416	0.00716	0.00758	0.00437	0.08640
1	0.05982	0.01688	0.10504	0.01749	0.02024	0.05821	0.12788	0.01724	0.01181	0.01768	0.01082	0.01568	0.00953	0.01384	0.10641	0.00346	0.37160	0.00583	0.00306	0.00748
2	0.01190	0.00982	0.01093	0.02840	0.01269	0.06769	0.00795	0.06931	0.04050	0.01823	0.04712	0.11043	0.05103	0.14675	0.29494	0.00595	0.01040	0.02293	0.02685	0.00619
3	0.04359	0.01624	0.02387	0.16677	0.48937	0.09255	0.03576	0.01985	0.01465	0.01997	0.01172	0.01561	0.00962	0.00598	0.00630	0.00194	0.00826	0.00556	0.00318	0.00924
4	0.01281	0.08136	0.01399	0.01060	0.01359	0.06851	0.06001	0.04686	0.01621	0.06208	0.13420	0.08417	0.31471	0.01273	0.00714	0.00208	0.00528	0.04129	0.00557	0.00681
5	0.02538	0.01053	0.01400	0.01109	0.01547	0.00934	0.00901	0.05878	0.01854	0.58689	0.07977	0.06744	0.04485	0.00936	0.00672	0.00204	0.00521	0.00777	0.00768	0.01011
6	0.00944	0.00712	0.00960	0.00986	0.01104	0.00690	0.03071	0.03923	0.04658	0.02016	0.18660	0.52016	0.04331	0.01716	0.00794	0.00243	0.00404	0.01552	0.00619	0.00601
7	0.01389	0.06438	0.02177	0.52002	0.18923	0.04834	0.01764	0.01783	0.01356	0.01738	0.01139	0.01625	0.00893	0.00626	0.00626	0.00203	0.00844	0.00552	0.00295	0.00792
8	0.07597	0.07330	0.01737	0.01434	0.01746	0.41133	0.01113	0.09320	0.01734	0.01941	0.01536	0.08746	0.04536	0.00876	0.00712	0.00190	0.06548	0.00616	0.00401	0.00753
9	0.01213	0.00737	0.00838	0.00828	0.01000	0.00752	0.00615	0.01686	0.11427	0.05585	0.09332	0.18570	0.02685	0.01245	0.03248	0.00223	0.00410	0.00945	0.37990	0.00668
10	0.12408	0.12363	0.06763	0.04009	0.05902	0.09294	0.03648	0.08563	0.13064	0.07859	0.01648	0.06678	0.01373	0.02906	0.00663	0.00207	0.00697	0.00623	0.00465	0.00866
11	0.12458	0.06242	0.16784	0.09079	0.09904	0.01561	0.06592	0.09238	0.06298	0.11689	0.01437	0.01591	0.01050	0.00674	0.00640	0.00202	0.02659	0.00546	0.00433	0.00923
12	0.01042	0.00671	0.00874	0.00935	0.01052	0.00640	0.00661	0.01267	0.04613	0.08687	0.06477	0.54095	0.07714	0.01989	0.05738	0.00301	0.00483	0.01538	0.00610	0.00612
13	0.00962	0.00815	0.00922	0.01052	0.05815	0.04829	0.00694	0.01148	0.01455	0.01883	0.15266	0.32547	0.24318	0.01579	0.00758	0.00226	0.00418	0.01382	0.03339	0.00593
14	0.06415	0.04877	0.12808	0.01889	0.07950	0.05376	0.16320	0.12475	0.06319	0.12107	0.01579	0.04225	0.01206	0.00724	0.00686	0.00204	0.02806	0.00635	0.00462	0.00936
15	0.03643	0.14834	0.08436	0.01286	0.03233	0.01462	0.01122	0.10402	0.07970	0.02060	0.01638	0.02251	0.01451	0.04261	0.26825	0.00505	0.02971	0.04467	0.00408	0.00776
16	0.00880	0.04972	0.00918	0.00901	0.00984	0.00672	0.00638	0.01010	0.01263	0.01664	0.06017	0.54169	0.06785	0.09423	0.01049	0.00290	0.00430	0.06832	0.00564	0.00538
17	0.01735	0.13152	0.20593	0.01922	0.12160	0.09919	0.07984	0.04853	0.07168	0.08375	0.02652	0.01742	0.03544	0.00688	0.00614	0.00191	0.00816	0.00571	0.00401	0.00920

[dist]
# distance from previous block
# <min> <max>
0	11

[block]
# block no. 6 follows, 34 sequences, length 20
# corresponding to MSA columns:
# 202-221
name=unknown_G
#
# <colnr> <probs for GDERKNQSTAVLIFYWHMCP>
#	G	D	E	R	K	N	Q	S	T	A	V	L	I	F	Y	W	H	M	C	P
0	0.03723	0.01439	0.04629	0.01463	0.05491	0.07553	0.06003	0.14679	0.08792	0.02272	0.02320	0.04536	0.11401	0.05224	0.14085	0.00376	0.03993	0.00763	0.00470	0.00789
1	0.03901	0.08862	0.14639	0.05845	0.02373	0.12421	0.09407	0.26947	0.04873	0.02687	0.01323	0.01472	0.00986	0.00678	0.00619	0.00192	0.00856	0.00540	0.00441	0.00939
2	0.04013	0.05155	0.10256	0.07880	0.01886	0.10052	0.01131	0.06357	0.05163	0.08758	0.03884	0.12837	0.01760	0.06312	0.00812	0.00221	0.00678	0.00744	0.00463	0.11637
3	0.01148	0.00660	0.01076	0.01002	0.01059	0.00652	0.05886	0.00961	0.00928	0.01237	0.01260	0.02233	0.01251	0.02092	0.02305	0.70762	0.00603	0.04243	0.00301	0.00342
4	0.03980	0.03118	0.01484	0.07562	0.12655	0.01061	0.03367	0.03776	0.04350	0.11839	0.04592	0.11227	0.08107	0.10005	0.04937	0.00300	0.00643	0.00866	0.05376	0.00757
5	0.01500	0.01276	0.03619	0.03958	0.04737	0.01241	0.13227	0.19929	0.01825	0.02510	0.08902	0.17561	0.02223	0.01100	0.00810	0.05064	0.00644	0.00916	0.03237	0.05723
6	0.00849	0.00636	0.00814	0.00849	0.00975	0.00601	0.00622	0.01056	0.01458	0.01960	0.26080	0.26968	0.18890	0.02079	0.10455	0.00337	0.00527	0.03676	0.00602	0.00565
7	0.00926	0.00629	0.00701	0.00701	0.00717	0.00620	0.00399	0.00939	0.00980	0.01290	0.02376	0.04378	0.07670	0.71594	0.03099	0.00596	0.00604	0.00972	0.00407	0.00403
8	0.01576	0.01747	0.11526	0.13585	0.17648	0.01541	0.25417	0.09324	0.01618	0.04326	0.01402	0.04759	0.01118	0.00668	0.00688	0.00209	0.00886	0.00682	0.00372	0.00907
9	0.00909	0.00656	0.00906	0.00926	0.00999	0.00719	0.00663	0.01059	0.01037	0.01451	0.02063	0.13007	0.02179	0.24814	0.44729	0.00818	0.01238	0.00916	0.00393	0.00518
10	0.01054	0.00755	0.00981	0.00980	0.04075	0.00707	0.02917	0.01347	0.03962	0.04988	0.27751	0.11482	0.19458	0.06695	0.00900	0.00237	0.00401	0.01125	0.09558	0.00630
11	0.08772	0.06973	0.08564	0.24762	0.02760	0.07189	0.06733	0.05989	0.01479	0.08702	0.03226	0.01629	0.01074	0.00718	0.00767	0.00208	0.08705	0.00555	0.00382	0.00813
12	0.01006	0.00687	0.00829	0.00831	0.00999	0.00634	0.00618	0.01247	0.04290	0.05812	0.19854	0.19256	0.26318	0.01579	0.00873	0.05417	0.00379	0.04943	0.03836	0.00593
13	0.01570	0.04624	0.11066	0.03134	0.01790	0.03332	0.08785	0.05192	0.07948	0.12509	0.04251	0.06868	0.03781	0.08407	0.01096	0.07994	0.00673	0.02499	0.03706	0.00772
14	0.05683	0.00617	0.00775	0.00890	0.00962	0.00593	0.00615	0.00975	0.01224	0.01702	0.03393	0.59476	0.07958	0.01922	0.00926	0.06353	0.00403	0.04448	0.00564	0.00521
15	0.01405	0.03554	0.01147	0.01052	0.01264	0.16734	0.00799	0.05748	0.01566	0.03500	0.04890	0.20759	0.11649	0.01397	0.03616	0.00239	0.00627	0.05388	0.14014	0.00654
16	0.01145	0.05196	0.07228	0.04477	0.01457	0.00880	0.03146	0.01424	0.01490	0.07069	0.11790	0.08085	0.30599	0.01229	0.00696	0.00204	0.00486	0.03743	0.03267	0.06388
17	0.05192	0.04605	0.06320	0.05176	0.41761	0.01384	0.01614	0.02105	0.01500	0.15144	0.01703	0.04032	0.03275	0.00725	0.00636	0.00199	0.00699	0.02539	0.00429	0.00962
18	0.06080	0.01041	0.01101	0.01136	0.03267	0.06688	0.00816	0.04784	0.11635	0.04268	0.09322	0.35374	0.05426	0.01444	0.00734	0.00233	0.00499	0.04871	0.00585	0.00694
19	0.22864	0.01895	0.06885	0.03048	0.13733	0.17482	0.04053	0.06958	0.05914	0.05344	0.01252	0.01440	0.00975	0.00763	0.02347	0.00215	0.03080	0.00498	0.00403	0.00851

[dist]
# distance from previous block
# <min> <max>
14	27

[block]
# block no. 7 follows, 34 sequences, length 33
# corresponding to MSA columns:
# 252-284
name=unknown_H
#
# <colnr> <probs for GDERKNQSTAVLIFYWHMCP>
#	G	D	E	R	K	N	Q	S	T	A	V	L	I	F	Y	W	H	M	C	P
0	0.14298	0.01503	0.05394	0.04095	0.04088	0.07558	0.04426	0.14835	0.05940	0.05075	0.12349	0.05443	0.06181	0.00896	0.00664	0.00201	0.02273	0.00724	0.00516	0.03541
1	0.01599	0.01532	0.04138	0.04336	0.08787	0.11129	0.01170	0.09549	0.04214	0.03961	0.07656	0.02145	0.04773	0.04613	0.01103	0.04049	0.13728	0.00638	0.00429	0.10450
2	0.06309	0.04322	0.08950	0.04496	0.13054	0.01420	0.03515	0.11967	0.07098	0.04697	0.06988	0.05616	0.04986	0.00840	0.00722	0.00198	0.05299	0.00688	0.00465	0.08369
3	0.09476	0.15190	0.10913	0.06710	0.07591	0.05138	0.22210	0.04813	0.01499	0.05689	0.01415	0.01650	0.03613	0.00637	0.00614	0.00194	0.00841	0.00583	0.00363	0.00861
4	0.01013	0.00599	0.00808	0.00830	0.00854	0.00597	0.00552	0.00919	0.00972	0.01291	0.01950	0.10129	0.04425	0.23510	0.05847	0.39902	0.00611	0.04444	0.00373	0.00375
5	0.03501	0.01901	0.11305	0.06051	0.11611	0.14500	0.13576	0.01898	0.01369	0.01814	0.01192	0.01621	0.01000	0.01325	0.11980	0.00337	0.13330	0.00578	0.00316	0.00797
6	0.11942	0.01052	0.01225	0.01042	0.01376	0.01055	0.00821	0.09670	0.06486	0.26617	0.04361	0.04708	0.07510	0.08622	0.03759	0.04617	0.00583	0.03122	0.00608	0.00821
7	0.00907	0.00626	0.00734	0.00749	0.00784	0.00617	0.00459	0.00963	0.01076	0.01435	0.07165	0.13051	0.07685	0.54364	0.06258	0.00547	0.00610	0.01079	0.00450	0.00442
8	0.00951	0.00689	0.00841	0.00817	0.00989	0.00633	0.00607	0.01254	0.04493	0.04535	0.41910	0.14996	0.21949	0.01461	0.00763	0.00216	0.00336	0.01275	0.00669	0.00614
9	0.01167	0.00997	0.01077	0.03834	0.01359	0.05817	0.00831	0.04863	0.12613	0.02074	0.10764	0.21288	0.16278	0.01555	0.03128	0.00259	0.00540	0.10295	0.00584	0.00676
10	0.01047	0.00672	0.00772	0.00817	0.00943	0.00664	0.00583	0.04604	0.03859	0.02087	0.03106	0.38545	0.07826	0.01432	0.00670	0.00214	0.00366	0.01254	0.29940	0.00600
11	0.01970	0.01483	0.01554	0.04049	0.01736	0.07369	0.01048	0.34011	0.05243	0.07048	0.05047	0.01960	0.01489	0.01096	0.05995	0.00251	0.03529	0.00617	0.13608	0.00897
12	0.01079	0.00815	0.01096	0.01040	0.01137	0.00956	0.00788	0.04558	0.01127	0.01633	0.01705	0.02718	0.01661	0.19946	0.41829	0.00759	0.10472	0.00720	0.05383	0.00579
13	0.01044	0.00718	0.00874	0.00835	0.01027	0.00661	0.00625	0.01365	0.05407	0.07548	0.37958	0.14059	0.22575	0.01430	0.00757	0.00215	0.00349	0.01242	0.00672	0.00641
14	0.04955	0.07841	0.01691	0.01365	0.01715	0.40659	0.01062	0.07516	0.06477	0.06505	0.01403	0.01517	0.01096	0.00699	0.00558	0.00171	0.00860	0.00485	0.12630	0.00797
15	0.00978	0.00713	0.00999	0.00987	0.01050	0.00816	0.00724	0.01088	0.01005	0.01420	0.01789	0.07919	0.01847	0.20018	0.40307	0.09416	0.07248	0.00802	0.00362	0.00511
16	0.01024	0.00776	0.01079	0.03816	0.01287	0.00802	0.04452	0.03634	0.01349	0.01886	0.03058	0.39081	0.08467	0.01632	0.02819	0.00260	0.05527	0.06009	0.12439	0.00602
17	0.00795	0.00566	0.00747	0.00890	0.00925	0.00530	0.00589	0.00902	0.01222	0.01629	0.03484	0.73204	0.04176	0.05824	0.00949	0.00281	0.00388	0.01792	0.00589	0.00518
18	0.04391	0.17363	0.12054	0.01670	0.07287	0.13297	0.07077	0.14824	0.01757	0.02258	0.04094	0.01724	0.04048	0.00912	0.04335	0.00226	0.00861	0.00560	0.00398	0.00865
19	0.01585	0.02095	0.15872	0.16540	0.08002	0.13206	0.24615	0.04370	0.01533	0.01961	0.01214	0.01583	0.00929	0.00728	0.02760	0.00227	0.01015	0.00597	0.00321	0.00848
20	0.06649	0.01529	0.01753	0.33781	0.05494	0.14723	0.01422	0.04080	0.03881	0.01892	0.03421	0.04080	0.01191	0.00783	0.00799	0.00211	0.09897	0.00595	0.03078	0.00742
21	0.01184	0.00976	0.01515	0.01438	0.06162	0.00989	0.11210	0.03780	0.04026	0.04577	0.07045	0.28782	0.07255	0.08175	0.04471	0.00307	0.05743	0.01178	0.00508	0.00678
22	0.01416	0.04307	0.06665	0.04910	0.04293	0.07256	0.03501	0.04100	0.11217	0.02094	0.04357	0.04814	0.08605	0.00952	0.03033	0.00204	0.03208	0.00672	0.03022	0.21374
23	0.00796	0.00640	0.00710	0.00726	0.00901	0.00554	0.00532	0.00978	0.01501	0.01890	0.18667	0.17907	0.48645	0.01642	0.00774	0.00223	0.00331	0.01407	0.00621	0.00554
24	0.01560	0.16358	0.04524	0.01129	0.01657	0.05092	0.00979	0.07718	0.04156	0.02154	0.03700	0.01455	0.01148	0.00596	0.00554	0.00134	0.02723	0.00443	0.00397	0.43524
25	0.04130	0.16219	0.12438	0.09789	0.07117	0.04132	0.09916	0.06562	0.03413	0.04320	0.01531	0.06413	0.03201	0.00728	0.00602	0.00187	0.00755	0.00622	0.00383	0.07543
26	0.07249	0.20478	0.22605	0.01317	0.01919	0.01633	0.01373	0.09428	0.03891	0.09145	0.06648	0.01684	0.01378	0.00799	0.02546	0.00202	0.00721	0.00523	0.00427	0.06032
27	0.01142	0.06790	0.01200	0.01005	0.01193	0.00959	0.00799	0.01397	0.04035	0.06636	0.10913	0.19085	0.19032	0.01702	0.06078	0.00291	0.08351	0.08191	0.00551	0.00649
28	0.00979	0.00853	0.03997	0.02731	0.03941	0.00757	0.04088	0.02612	0.03637	0.01796	0.06654	0.40216	0.12932	0.01751	0.02736	0.07329	0.00508	0.01358	0.00531	0.00596
29	0.03732	0.16274	0.11044	0.07109	0.04265	0.06479	0.15005	0.10271	0.08623	0.02209	0.03611	0.01672	0.01207	0.00839	0.03624	0.00227	0.01963	0.00580	0.00393	0.00873
30	0.01604	0.10499	0.08519	0.14342	0.11700	0.07099	0.05756	0.08009	0.11136	0.04031	0.01726	0.04629	0.04130	0.00889	0.02982	0.00225	0.00794	0.00645	0.00416	0.00869
31	0.00838	0.00687	0.03490	0.00907	0.00986	0.00586	0.00649	0.00967	0.01220	0.01622	0.03384	0.57294	0.07091	0.12930	0.01176	0.00313	0.00440	0.04337	0.00557	0.00525
32	0.08435	0.11257	0.05997	0.11248	0.10703	0.07221	0.03291	0.06957	0.07142	0.12021	0.01463	0.01652	0.01115	0.00943	0.05230	0.00247	0.03220	0.00545	0.00431	0.00881

[dist]
# distance from previous block
# <min> <max>
2	8

[block]
# block no. 8 follows, 34 sequences, length 45
# corresponding to MSA columns:
# 295-339
name=unknown_I
#
# <colnr> <probs for GDERKNQSTAVLIFYWHMCP>
#	G	D	E	R	K	N	Q	S	T	A	V	L	I	F	Y	W	H	M	C	P
0	0.04167	0.22170	0.14951	0.04548	0.02114	0.04993	0.04433	0.15800	0.10132	0.06954	0.01434	0.01529	0.01086	0.00758	0.02072	0.00202	0.00772	0.00519	0.00437	0.00930
1	0.04413	0.06669	0.05722	0.07197	0.09633	0.03538	0.03325	0.06441	0.18949	0.09184	0.06195	0.04166	0.03841	0.00808	0.00625	0.00196	0.00624	0.00678	0.03172	0.04624
2	0.01114	0.03190	0.03256	0.00892	0.01107	0.00740	0.00711	0.01399	0.03573	0.08189	0.26173	0.15498	0.17506	0.04660	0.00848	0.00236	0.00413	0.05863	0.03985	0.00645
3	0.36955	0.03898	0.01322	0.02854	0.01515	0.01387	0.00854	0.10269	0.03471	0.02661	0.03541	0.01533	0.03286	0.00679	0.00564	0.00177	0.03958	0.00470	0.00437	0.20171
4	0.01516	0.01112	0.03274	0.01144	0.04781	0.00912	0.00876	0.03829	0.03521	0.13687	0.10697	0.06319	0.05476	0.00953	0.03152	0.00187	0.00533	0.00687	0.00521	0.36822
5	0.04813	0.01703	0.07448	0.12727	0.24848	0.04960	0.17742	0.04982	0.06164	0.03564	0.01321	0.01648	0.01026	0.00639	0.00711	0.00207	0.03620	0.00607	0.00362	0.00909
6	0.00826	0.00578	0.00778	0.00905	0.00954	0.00550	0.00620	0.00925	0.01217	0.01619	0.03396	0.63175	0.06168	0.02157	0.04582	0.05868	0.00461	0.04142	0.00565	0.00514
7	0.01224	0.01069	0.01737	0.08134	0.16175	0.01172	0.07128	0.04385	0.01301	0.01835	0.04560	0.02260	0.01531	0.04718	0.35453	0.00609	0.04938	0.00681	0.00361	0.00728
8	0.08080	0.00900	0.01092	0.00975	0.01266	0.00852	0.00765	0.05978	0.01660	0.25109	0.13210	0.17458	0.11478	0.01245	0.00700	0.00218	0.00455	0.04696	0.03087	0.00778
9	0.01109	0.00570	0.00842	0.00847	0.00858	0.00566	0.00574	0.00860	0.00881	0.01166	0.01358	0.02257	0.03385	0.02212	0.02421	0.76249	0.00555	0.02691	0.00300	0.00298
10	0.03989	0.01575	0.02299	0.12036	0.46335	0.06490	0.01744	0.05777	0.03668	0.04497	0.01271	0.01602	0.01025	0.00644	0.00700	0.00199	0.04274	0.00565	0.00361	0.00950
11	0.00976	0.00814	0.00977	0.01181	0.06304	0.05169	0.00775	0.01131	0.01321	0.01702	0.03333	0.53274	0.07432	0.04135	0.00877	0.00264	0.00481	0.08720	0.00556	0.00579
12	0.01042	0.00664	0.00857	0.00895	0.01032	0.00607	0.00654	0.01225	0.01456	0.08933	0.17228	0.38380	0.13287	0.03713	0.00859	0.00252	0.00398	0.07280	0.00635	0.00603
13	0.00927	0.00703	0.00855	0.00931	0.01043	0.00692	0.00652	0.03215	0.09148	0.01876	0.05899	0.56034	0.11983	0.01795	0.00792	0.00249	0.00392	0.01603	0.00611	0.00601
14	0.04189	0.18186	0.39588	0.01736	0.02471	0.03235	0.12938	0.01963	0.01372	0.01937	0.01264	0.05961	0.01054	0.00677	0.00601	0.00196	0.00875	0.00573	0.00308	0.00876
15	0.00819	0.00585	0.00786	0.00936	0.00987	0.00552	0.00655	0.00955	0.01268	0.01685	0.03544	0.68158	0.04204	0.01994	0.00833	0.00267	0.00402	0.10236	0.00599	0.00534
16	0.00890	0.00679	0.00827	0.00880	0.01007	0.00654	0.00633	0.01192	0.07200	0.01895	0.14564	0.36761	0.18873	0.04103	0.03581	0.00281	0.00432	0.04358	0.00606	0.00584
17	0.00919	0.05390	0.00984	0.04497	0.01163	0.00749	0.00681	0.01132	0.01492	0.01914	0.20962	0.12535	0.32099	0.05008	0.00872	0.00241	0.00415	0.07785	0.00581	0.00582
18	0.01531	0.03479	0.02111	0.01765	0.06087	0.04791	0.22600	0.06098	0.01567	0.10296	0.02276	0.26428	0.02263	0.01142	0.00743	0.00227	0.00719	0.04590	0.00502	0.00786
19	0.00785	0.00650	0.00688	0.00690	0.00889	0.00553	0.00513	0.00964	0.01506	0.01851	0.15105	0.10145	0.60199	0.01617	0.00767	0.00219	0.00327	0.01366	0.00615	0.00553
20	0.01110	0.00966	0.01283	0.01330	0.06647	0.05696	0.02747	0.01331	0.01178	0.01618	0.06050	0.04886	0.01888	0.10483	0.44799	0.00741	0.05507	0.00748	0.00374	0.00619
21	0.01455	0.01661	0.10247	0.20582	0.30304	0.05522	0.07913	0.01905	0.03639	0.01925	0.01360	0.05767	0.01158	0.00735	0.00709	0.02447	0.00827	0.00646	0.00333	0.00865
22	0.01709	0.74485	0.06420	0.01137	0.01707	0.02511	0.01161	0.01940	0.01315	0.01543	0.00910	0.01051	0.00829	0.00555	0.00423	0.00141	0.00702	0.00351	0.00276	0.00835
23	0.07921	0.05190	0.27758	0.07427	0.11859	0.01414	0.03592	0.07224	0.01526	0.06497	0.03955	0.05919	0.05413	0.00786	0.00628	0.00204	0.00748	0.00655	0.00403	0.00880
24	0.02393	0.05365	0.01879	0.01647	0.01987	0.72488	0.01244	0.02560	0.01815	0.01579	0.00996	0.01161	0.00832	0.00662	0.00577	0.00166	0.01151	0.00414	0.00331	0.00752
25	0.00764	0.00655	0.00655	0.00655	0.00873	0.00545	0.00491	0.00927	0.01473	0.01745	0.06546	0.06218	0.73000	0.01636	0.00764	0.00218	0.00327	0.01364	0.00600	0.00545
26	0.01631	0.01341	0.01440	0.01301	0.01660	0.01533	0.01021	0.03308	0.65340	0.05633	0.02669	0.02665	0.02051	0.00922	0.00670	0.00223	0.00517	0.04411	0.00660	0.01003
27	0.04191	0.21216	0.16521	0.01418	0.01941	0.15117	0.03069	0.10389	0.05805	0.02124	0.03441	0.07415	0.01354	0.00770	0.00580	0.00183	0.00785	0.00589	0.00399	0.02693
28	0.01499	0.01567	0.03949	0.04395	0.33762	0.10496	0.03495	0.01869	0.04915	0.01921	0.01941	0.10658	0.07446	0.00915	0.00814	0.00211	0.08136	0.00777	0.00388	0.00846
29	0.00787	0.00562	0.00750	0.00900	0.00937	0.00525	0.00600	0.00900	0.01237	0.01649	0.03561	0.76871	0.04274	0.02024	0.00825	0.00262	0.00375	0.01837	0.00600	0.00525
30	0.02074	0.02228	0.01644	0.01483	0.01820	0.40113	0.01142	0.08962	0.18015	0.04327	0.01708	0.03831	0.01430	0.00968	0.03074	0.00221	0.00918	0.04731	0.00474	0.00834
31	0.01435	0.13918	0.45308	0.06231	0.04602	0.01671	0.09278	0.02019	0.01371	0.03868	0.01163	0.01407	0.00867	0.00622	0.00659	0.00199	0.03669	0.00504	0.00296	0.00910
32	0.00920	0.00629	0.00714	0.00727	0.00752	0.00618	0.00432	0.00949	0.01017	0.01337	0.02532	0.08686	0.08212	0.64471	0.02867	0.00562	0.00587	0.03145	0.00427	0.00418
33	0.04387	0.01570	0.02542	0.03792	0.68710	0.03659	0.01917	0.01997	0.01469	0.02123	0.01198	0.01568	0.01007	0.00579	0.00630	0.00191	0.00770	0.00563	0.00323	0.01004
34	0.01727	0.15259	0.19583	0.03019	0.07820	0.03097	0.05613	0.11266	0.03535	0.09936	0.01638	0.06153	0.02763	0.00772	0.00656	0.00195	0.03018	0.00625	0.02413	0.00911
35	0.00910	0.00618	0.00730	0.00758	0.00770	0.00616	0.00451	0.00943	0.01000	0.01339	0.02306	0.17732	0.02673	0.59646	0.06347	0.00579	0.00634	0.01095	0.00428	0.00426
36	0.00920	0.00631	0.00709	0.00706	0.00738	0.00617	0.00415	0.00956	0.01048	0.01384	0.06832	0.04466	0.09699	0.65014	0.02879	0.00559	0.00577	0.00996	0.00432	0.00420
37	0.04697	0.19473	0.09625	0.01573	0.08462	0.04821	0.03144	0.13503	0.03975	0.19388	0.04169	0.01690	0.01302	0.00701	0.00586	0.00184	0.00700	0.00548	0.00500	0.00960
38	0.01698	0.01788	0.15558	0.07485	0.12702	0.03379	0.08316	0.09170	0.11427	0.10447	0.03961	0.02122	0.03401	0.00776	0.00707	0.00209	0.02914	0.02533	0.00470	0.00935
39	0.01611	0.01732	0.01746	0.01520	0.01724	0.23705	0.06262	0.03506	0.01387	0.01703	0.01465	0.01877	0.04607	0.01692	0.15984	0.00383	0.23531	0.00602	0.04262	0.00702
40	0.01639	0.01548	0.02591	0.03851	0.69958	0.01557	0.01948	0.05188	0.01544	0.02202	0.01231	0.01597	0.01027	0.00585	0.00640	0.00192	0.00765	0.00576	0.00335	0.01027
41	0.04601	0.18745	0.13102	0.03922	0.11924	0.04198	0.08259	0.09990	0.11156	0.02246	0.01464	0.05017	0.01211	0.00710	0.00599	0.00192	0.00757	0.00595	0.00402	0.00911
42	0.01897	0.01993	0.14374	0.02004	0.14391	0.11090	0.08118	0.16096	0.04168	0.10219	0.01739	0.01923	0.04662	0.03537	0.00746	0.00213	0.00812	0.00622	0.00460	0.00938
43	0.00947	0.00650	0.00840	0.00940	0.01024	0.00619	0.00653	0.04447	0.01360	0.04165	0.03503	0.66637	0.05818	0.01905	0.00811	0.00257	0.00403	0.03840	0.00609	0.00575
44	0.03919	0.16111	0.05140	0.01781	0.16148	0.08496	0.01250	0.09442	0.11928	0.03634	0.09683	0.04317	0.03868	0.00810	0.00610	0.00189	0.00667	0.00658	0.00466	0.00882

[dist]
# distance from previous block
# <min> <max>
1	11

[block]
# block no. 9 follows, 34 sequences, length 6
# corresponding to MSA columns:
# 351-356
name=unknown_J
#
# <colnr> <probs for GDERKNQSTAVLIFYWHMCP>
#	G	D	E	R	K	N	Q	S	T	A	V	L	I	F	Y	W	H	M	C	P
0	0.13132	0.11077	0.01676	0.05655	0.01755	0.14030	0.01028	0.12101	0.14728	0.02438	0.08832	0.07395	0.01850	0.00862	0.00598	0.00195	0.00662	0.00670	0.00496	0.00820
1	0.01249	0.06592	0.08302	0.01273	0.08660	0.01048	0.00958	0.06909	0.01454	0.02102	0.07916	0.09412	0.05805	0.10443	0.07578	0.00317	0.00648	0.00814	0.17823	0.00698
2	0.01485	0.03872	0.08046	0.01404	0.05081	0.08937	0.03041	0.09043	0.13181	0.02216	0.05199	0.11779	0.05340	0.04897	0.00842	0.00228	0.02879	0.04241	0.03341	0.04949
3	0.00899	0.00759	0.01069	0.00976	0.01191	0.00682	0.07830	0.01137	0.01530	0.01983	0.21700	0.16371	0.34388	0.01515	0.00780	0.00226	0.00424	0.05343	0.00599	0.00595
