[name]
unknown

[dist]
# distance from previous block
# <min> <max>
30	193

[block]
# block no. 0 follows, 32 sequences, length 13
# corresponding to MSA columns:
# 196-208
name=unknown_A
#
# <colnr> <probs for GDERKNQSTAVLIFYWHMCP>
#	G	D	E	R	K	N	Q	S	T	A	V	L	I	F	Y	W	H	M	C	P
0	0.01538	0.06105	0.03915	0.09069	0.05471	0.04783	0.01108	0.10503	0.10454	0.05850	0.08802	0.07406	0.08712	0.05613	0.07424	0.00314	0.00745	0.00845	0.00527	0.00817
1	0.01990	0.04187	0.07885	0.09801	0.07992	0.08036	0.01396	0.15884	0.15848	0.11735	0.01785	0.01937	0.01342	0.03735	0.00816	0.00227	0.03273	0.00625	0.00528	0.00979
2	0.01163	0.00709	0.00839	0.00812	0.00911	0.00675	0.00532	0.01247	0.01232	0.09002	0.06779	0.08270	0.10904	0.48513	0.02435	0.00496	0.00572	0.03862	0.00515	0.00531
3	0.01715	0.01305	0.01705	0.20683	0.04858	0.03402	0.02716	0.06502	0.20625	0.12686	0.05649	0.08921	0.01942	0.00946	0.00748	0.00225	0.03107	0.00802	0.00559	0.00905
4	0.01478	0.00788	0.00979	0.00912	0.01156	0.00699	0.00689	0.01674	0.01577	0.21871	0.09367	0.20350	0.22620	0.05674	0.00909	0.00253	0.00439	0.03338	0.04499	0.00725
5	0.06614	0.15465	0.01956	0.06456	0.01900	0.18982	0.01124	0.16142	0.03797	0.02263	0.01613	0.05430	0.03679	0.08214	0.00930	0.00238	0.03308	0.00634	0.00440	0.00815
6	0.10105	0.01228	0.01621	0.04366	0.01843	0.01196	0.08197	0.05764	0.11040	0.15672	0.09449	0.06138	0.04255	0.00873	0.00653	0.00197	0.00585	0.00752	0.00578	0.15489
7	0.01941	0.11664	0.04925	0.02289	0.21141	0.12642	0.08690	0.11519	0.01807	0.07416	0.04133	0.01748	0.01289	0.00932	0.04748	0.00242	0.00904	0.00596	0.00428	0.00948
8	0.16633	0.12730	0.07945	0.12464	0.15815	0.08913	0.04224	0.02010	0.01393	0.02083	0.01088	0.01404	0.00891	0.00661	0.00691	0.00199	0.06410	0.00494	0.00333	0.03619
9	0.06012	0.01002	0.01219	0.01080	0.01358	0.01007	0.04316	0.10469	0.08011	0.04288	0.22292	0.13440	0.18633	0.01335	0.00753	0.00225	0.00473	0.02700	0.00644	0.00743
10	0.03725	0.01860	0.13312	0.09105	0.19513	0.06840	0.05040	0.07988	0.10646	0.02320	0.02184	0.02337	0.10579	0.00822	0.00676	0.00211	0.00777	0.00703	0.00438	0.00924
11	0.01421	0.01385	0.04691	0.10054	0.07291	0.01423	0.19524	0.01746	0.01354	0.04265	0.03730	0.04764	0.01518	0.05575	0.03370	0.04142	0.15648	0.03765	0.00379	0.03955
12	0.01429	0.01975	0.26447	0.01929	0.12270	0.01332	0.05693	0.02050	0.07224	0.06157	0.16861	0.02705	0.02376	0.00906	0.00776	0.00221	0.04155	0.04121	0.00472	0.00902

[dist]
# distance from previous block
# <min> <max>
5	19

[block]
# block no. 1 follows, 32 sequences, length 49
# corresponding to MSA columns:
# 228-276
name=unknown_B
#
# <colnr> <probs for GDERKNQSTAVLIFYWHMCP>
#	G	D	E	R	K	N	Q	S	T	A	V	L	I	F	Y	W	H	M	C	P
0	0.03776	0.10913	0.08163	0.03915	0.08045	0.04876	0.01223	0.03743	0.13072	0.08443	0.04620	0.05430	0.04215	0.05233	0.04908	0.00281	0.05274	0.00715	0.02297	0.00860
1	0.05155	0.01654	0.09680	0.01771	0.09301	0.03918	0.07498	0.17516	0.04971	0.04467	0.12472	0.10142	0.02249	0.00984	0.00791	0.00220	0.04953	0.00833	0.00529	0.00896
2	0.01611	0.01613	0.04621	0.07006	0.42694	0.04728	0.01759	0.05339	0.01529	0.02130	0.01485	0.05609	0.03070	0.00799	0.00875	0.00214	0.10702	0.00670	0.00366	0.03177
3	0.01331	0.01128	0.01327	0.00988	0.01525	0.00858	0.00777	0.01610	0.01380	0.02136	0.01457	0.09259	0.01357	0.00666	0.00535	0.00118	0.00486	0.00557	0.00421	0.72085
4	0.01556	0.01255	0.01421	0.01034	0.01616	0.03329	0.00827	0.01847	0.01450	0.07727	0.01302	0.01456	0.01042	0.00530	0.00515	0.00110	0.00527	0.00421	0.00430	0.71605
5	0.01450	0.01494	0.06584	0.33224	0.13464	0.01486	0.11340	0.05616	0.04506	0.02095	0.01461	0.04417	0.01200	0.00728	0.00686	0.00214	0.00844	0.02363	0.00371	0.06459
6	0.00815	0.00595	0.00767	0.00905	0.00966	0.00547	0.00610	0.00938	0.01312	0.01724	0.04051	0.68077	0.12115	0.02056	0.00849	0.00267	0.00384	0.01852	0.00623	0.00547
7	0.13448	0.04730	0.01716	0.09106	0.04992	0.01370	0.05401	0.10795	0.05801	0.17920	0.09150	0.02181	0.01796	0.00799	0.00626	0.00203	0.00618	0.00659	0.07786	0.00903
8	0.12224	0.05462	0.01771	0.01437	0.01565	0.01763	0.01183	0.04960	0.01168	0.01899	0.01131	0.01772	0.01089	0.07622	0.09947	0.00387	0.42965	0.00592	0.00345	0.00718
9	0.44495	0.10464	0.12200	0.01246	0.01794	0.01746	0.03736	0.12972	0.01549	0.02878	0.01099	0.01248	0.00838	0.00647	0.00505	0.00201	0.00670	0.00437	0.00419	0.00855
10	0.00818	0.00584	0.00779	0.00934	0.00973	0.00545	0.00623	0.00934	0.01285	0.01713	0.03698	0.75981	0.04438	0.02102	0.00856	0.00273	0.00389	0.01908	0.00623	0.00545
11	0.01816	0.09400	0.27278	0.03519	0.06188	0.08412	0.04704	0.06407	0.09127	0.09864	0.01499	0.01631	0.01109	0.00725	0.00731	0.00208	0.05432	0.00558	0.00421	0.00971
12	0.01387	0.01294	0.02162	0.61156	0.10714	0.01541	0.04768	0.05487	0.01468	0.01914	0.01229	0.01768	0.00929	0.00667	0.00675	0.00220	0.00887	0.00605	0.00323	0.00803
13	0.01108	0.00773	0.00915	0.00854	0.01047	0.00757	0.00648	0.03822	0.07196	0.02653	0.45975	0.04315	0.09548	0.01225	0.00716	0.00202	0.00348	0.01057	0.16162	0.00678
14	0.00818	0.00584	0.00779	0.00934	0.00973	0.00545	0.00623	0.00934	0.01285	0.01713	0.03698	0.75981	0.04438	0.02102	0.00856	0.00273	0.00389	0.01908	0.00623	0.00545
15	0.00990	0.00744	0.01050	0.01034	0.01119	0.00861	0.00771	0.01168	0.01051	0.01500	0.01822	0.02986	0.01814	0.21647	0.53280	0.00935	0.05527	0.00772	0.00367	0.00561
16	0.01533	0.02162	0.18597	0.02634	0.03379	0.01667	0.55512	0.02144	0.01548	0.02144	0.01325	0.01726	0.00982	0.00581	0.00759	0.00223	0.01102	0.00729	0.00327	0.00923
17	0.01391	0.01193	0.01391	0.00994	0.01590	0.00894	0.00795	0.01690	0.01391	0.02186	0.01193	0.01391	0.00994	0.00497	0.00497	0.00099	0.00497	0.00398	0.00398	0.80521
18	0.00983	0.00719	0.00949	0.01042	0.01174	0.00699	0.00822	0.01288	0.04167	0.02080	0.17738	0.27369	0.07907	0.01786	0.00862	0.00271	0.00470	0.28416	0.00647	0.00613
19	0.02023	0.01923	0.01667	0.01452	0.01830	0.21089	0.01139	0.20035	0.24925	0.02809	0.08856	0.02406	0.02002	0.00913	0.00681	0.00208	0.00750	0.03757	0.00591	0.00943
20	0.00839	0.00610	0.00766	0.00871	0.00938	0.00565	0.00583	0.00961	0.01318	0.01734	0.07695	0.54264	0.13735	0.10436	0.01134	0.00306	0.00408	0.01695	0.00605	0.00537
21	0.01380	0.01355	0.02046	0.01704	0.01812	0.01738	0.09074	0.01608	0.01260	0.01885	0.14738	0.02196	0.01956	0.01144	0.01767	0.00270	0.52214	0.00732	0.00385	0.00734
22	0.01576	0.01409	0.02015	0.03558	0.13535	0.01374	0.10027	0.08907	0.11738	0.02414	0.01661	0.07044	0.01418	0.00756	0.00696	0.00183	0.03234	0.00674	0.00459	0.27322
23	0.00818	0.00584	0.00779	0.00934	0.00973	0.00545	0.00623	0.00934	0.01285	0.01713	0.03698	0.75981	0.04438	0.02102	0.00856	0.00273	0.00389	0.01908	0.00623	0.00545
24	0.01425	0.01418	0.02569	0.41548	0.18588	0.01581	0.15965	0.01873	0.01417	0.01901	0.01227	0.01751	0.00955	0.00657	0.00765	0.00222	0.04342	0.00637	0.00314	0.00845
25	0.01827	0.73434	0.03442	0.01175	0.01738	0.05926	0.01155	0.02040	0.01388	0.01582	0.00938	0.01083	0.00861	0.00579	0.00439	0.00145	0.00740	0.00362	0.00290	0.00857
26	0.05394	0.01910	0.10286	0.10287	0.02387	0.10992	0.06272	0.18774	0.04957	0.06137	0.01585	0.06587	0.01285	0.00789	0.00650	0.00199	0.00800	0.00646	0.00479	0.09585
27	0.01267	0.01193	0.02013	0.74806	0.04621	0.01491	0.01863	0.01714	0.01342	0.01714	0.01193	0.01789	0.00894	0.00671	0.00671	0.00224	0.00894	0.00596	0.00298	0.00745
28	0.02269	0.01739	0.01855	0.01487	0.01973	0.01949	0.01207	0.48774	0.24836	0.03775	0.01969	0.01896	0.01431	0.00839	0.00675	0.00210	0.00672	0.00653	0.00675	0.01116
29	0.55419	0.01639	0.01377	0.06020	0.04139	0.12951	0.02716	0.04997	0.01386	0.02712	0.01018	0.01215	0.00796	0.00642	0.00491	0.00203	0.00687	0.00419	0.00403	0.00770
30	0.01173	0.00811	0.01020	0.00962	0.01173	0.00779	0.00756	0.04511	0.05083	0.06439	0.45912	0.05101	0.11044	0.01396	0.00795	0.00227	0.00406	0.11008	0.00710	0.00695
31	0.00961	0.00710	0.01033	0.01033	0.01137	0.00814	0.00782	0.01169	0.01065	0.01524	0.01839	0.02867	0.01778	0.14417	0.64512	0.01022	0.01647	0.00753	0.00366	0.00574
32	0.02403	0.03037	0.01832	0.01680	0.02007	0.69225	0.01255	0.02572	0.01864	0.01647	0.01201	0.05808	0.01084	0.00778	0.00620	0.00179	0.01160	0.00523	0.00363	0.00764
33	0.00972	0.00664	0.00802	0.00802	0.00827	0.00689	0.00495	0.01021	0.00997	0.01353	0.02050	0.04033	0.02284	0.61875	0.17747	0.00738	0.00884	0.00923	0.00397	0.00446
34	0.01870	0.32360	0.14682	0.03418	0.06717	0.03994	0.01463	0.13668	0.09113	0.04714	0.01373	0.01477	0.01074	0.00675	0.00567	0.00183	0.00766	0.00500	0.00416	0.00969
35	0.01642	0.01581	0.07802	0.04232	0.14249	0.01310	0.01283	0.14286	0.01738	0.02540	0.01282	0.01494	0.01017	0.00589	0.00576	0.00149	0.00649	0.00485	0.00423	0.42672
36	0.01657	0.05672	0.08357	0.05813	0.11700	0.01236	0.01181	0.06890	0.05322	0.13097	0.02015	0.02587	0.05319	0.15671	0.01416	0.09397	0.00684	0.00712	0.00471	0.00802
37	0.00846	0.00612	0.00800	0.00900	0.00976	0.00566	0.00619	0.01011	0.01438	0.01941	0.19398	0.55998	0.08577	0.01914	0.00838	0.00256	0.00370	0.01722	0.00649	0.00566
38	0.01418	0.03396	0.66596	0.01935	0.02880	0.05497	0.04830	0.02156	0.01449	0.02100	0.01201	0.01419	0.00857	0.00638	0.00641	0.00211	0.01009	0.00503	0.00289	0.00977
39	0.01657	0.12559	0.01974	0.08254	0.11595	0.16239	0.01258	0.04945	0.07213	0.02091	0.12123	0.04699	0.03821	0.01026	0.02711	0.00226	0.03449	0.02887	0.00454	0.00819
40	0.00822	0.00673	0.00725	0.00728	0.00928	0.00576	0.00540	0.01013	0.01575	0.01957	0.17828	0.11591	0.55367	0.01674	0.00798	0.00227	0.00340	0.01419	0.00643	0.00576
41	0.01690	0.01496	0.01490	0.01378	0.05445	0.13377	0.03306	0.05369	0.16495	0.09225	0.03393	0.03285	0.23122	0.01043	0.00691	0.00203	0.00633	0.00855	0.00569	0.06936
42	0.05020	0.04561	0.01766	0.12763	0.09943	0.01306	0.01166	0.07428	0.05363	0.02325	0.01297	0.01535	0.01039	0.00592	0.00560	0.00152	0.00623	0.00484	0.00409	0.41670
43	0.03174	0.09870	0.20244	0.01316	0.01802	0.07910	0.02981	0.03958	0.01637	0.02220	0.21078	0.08550	0.06574	0.01008	0.00673	0.00201	0.00673	0.00838	0.00483	0.04808
44	0.01379	0.08276	0.09245	0.01426	0.03993	0.05334	0.04892	0.05117	0.05215	0.01883	0.01964	0.06222	0.03947	0.16007	0.11402	0.00424	0.06809	0.05318	0.00417	0.00731
45	0.01202	0.24156	0.01785	0.01065	0.01347	0.01267	0.02949	0.01383	0.01329	0.01735	0.02510	0.42752	0.02867	0.01415	0.00685	0.00213	0.00525	0.01237	0.00487	0.09089
46	0.01275	0.02223	0.36662	0.01733	0.07197	0.01259	0.06993	0.01746	0.01301	0.01881	0.01500	0.02379	0.01375	0.23951	0.01500	0.00342	0.00859	0.00669	0.00335	0.04821
47	0.01728	0.17452	0.02237	0.14830	0.13890	0.08679	0.01376	0.07416	0.05445	0.04006	0.04904	0.01781	0.01344	0.00727	0.00668	0.00190	0.04004	0.00569	0.05408	0.03347
48	0.01435	0.01240	0.01929	0.07632	0.31067	0.01251	0.05052	0.05405	0.01425	0.02006	0.01581	0.02539	0.01502	0.23957	0.01502	0.00335	0.00738	0.00716	0.03867	0.04822

[dist]
# distance from previous block
# <min> <max>
0	15

[block]
# block no. 2 follows, 32 sequences, length 51
# corresponding to MSA columns:
# 292-342
name=unknown_C
#
# <colnr> <probs for GDERKNQSTAVLIFYWHMCP>
#	G	D	E	R	K	N	Q	S	T	A	V	L	I	F	Y	W	H	M	C	P
0	0.13210	0.08175	0.03594	0.03406	0.04061	0.03987	0.02972	0.22181	0.05010	0.24234	0.01764	0.01729	0.01228	0.00748	0.00617	0.00201	0.00685	0.00574	0.00603	0.01022
1	0.01473	0.05161	0.08929	0.05964	0.10094	0.01248	0.02925	0.10825	0.03801	0.06906	0.11814	0.03495	0.22476	0.01074	0.00709	0.00211	0.00604	0.00906	0.00546	0.00839
2	0.02042	0.01440	0.01596	0.01248	0.01726	0.04890	0.01000	0.20091	0.04655	0.16335	0.01767	0.05150	0.01393	0.03069	0.00760	0.00188	0.03482	0.00615	0.00569	0.27984
3	0.11507	0.06997	0.06311	0.01213	0.03626	0.04515	0.00983	0.04307	0.03759	0.04155	0.02380	0.17960	0.09260	0.03130	0.00803	0.00218	0.04830	0.00889	0.00478	0.12676
4	0.00976	0.00651	0.00732	0.00732	0.00732	0.00651	0.00407	0.00976	0.00976	0.01301	0.02114	0.04391	0.02439	0.76419	0.03415	0.00651	0.00651	0.00976	0.00407	0.00407
5	0.00884	0.00706	0.00795	0.00779	0.00977	0.00631	0.00581	0.01170	0.04318	0.02159	0.29708	0.09677	0.42062	0.01575	0.00792	0.00224	0.00342	0.01346	0.00667	0.00608
6	0.01748	0.01423	0.01545	0.01293	0.01745	0.01511	0.01021	0.10627	0.44714	0.05161	0.02241	0.02134	0.01686	0.00799	0.00638	0.00194	0.00548	0.00654	0.00620	0.19699
7	0.01586	0.01213	0.01430	0.01033	0.01620	0.00947	0.00831	0.04382	0.01507	0.08862	0.01344	0.01483	0.01062	0.00540	0.00520	0.00113	0.00513	0.00431	0.00448	0.70135
8	0.01838	0.01560	0.02017	0.01649	0.01903	0.01913	0.04437	0.28240	0.01888	0.02651	0.01289	0.01670	0.01077	0.01434	0.09533	0.00342	0.34605	0.00618	0.00450	0.00885
9	0.01493	0.04064	0.05016	0.26282	0.40536	0.01559	0.04396	0.01910	0.01452	0.01996	0.01325	0.04561	0.01124	0.00679	0.00670	0.00209	0.00829	0.00643	0.00330	0.00926
10	0.01794	0.76823	0.03516	0.01148	0.01722	0.02655	0.01148	0.02009	0.01363	0.01579	0.00933	0.01076	0.00861	0.00574	0.00431	0.00144	0.00718	0.00359	0.00287	0.00861
11	0.01657	0.01984	0.19526	0.02125	0.13205	0.03637	0.14034	0.09183	0.04469	0.06919	0.09098	0.04851	0.01772	0.00790	0.00696	0.00209	0.00809	0.00724	0.00460	0.03854
12	0.01784	0.04300	0.01906	0.19885	0.11366	0.05912	0.01383	0.17466	0.10598	0.06072	0.04756	0.02323	0.07663	0.00846	0.00674	0.00209	0.00726	0.00700	0.00510	0.00920
13	0.00862	0.00616	0.00830	0.00985	0.01044	0.00583	0.00700	0.01011	0.01329	0.01763	0.03674	0.64397	0.04340	0.02060	0.00868	0.00279	0.00428	0.13051	0.00622	0.00557
14	0.01088	0.00765	0.01053	0.03645	0.03781	0.00777	0.00824	0.03362	0.01372	0.04403	0.05262	0.45594	0.03532	0.04093	0.01105	0.06356	0.03706	0.08108	0.00568	0.00606
15	0.01715	0.07747	0.16145	0.07802	0.25709	0.07298	0.04293	0.02222	0.05042	0.08079	0.04237	0.01953	0.01368	0.00719	0.00656	0.00204	0.00825	0.02627	0.00402	0.00958
16	0.00918	0.00692	0.00931	0.06465	0.01297	0.00671	0.00760	0.01146	0.01526	0.02046	0.23959	0.34173	0.11852	0.01707	0.00825	0.00250	0.00427	0.09127	0.00632	0.00597
17	0.02784	0.01192	0.01550	0.01223	0.01718	0.01101	0.00999	0.03320	0.13584	0.60902	0.02661	0.02321	0.01726	0.00844	0.00676	0.00211	0.00564	0.00689	0.00806	0.01128
18	0.01742	0.02091	0.16795	0.13653	0.24141	0.11195	0.03527	0.02286	0.06373	0.07297	0.01405	0.01672	0.01073	0.00686	0.00706	0.00208	0.03243	0.00576	0.00379	0.00953
19	0.03939	0.02034	0.18670	0.02580	0.25848	0.07204	0.11262	0.02057	0.04190	0.02142	0.03817	0.06539	0.01496	0.00876	0.02297	0.00233	0.00879	0.02636	0.00379	0.00922
20	0.04264	0.01118	0.04022	0.01369	0.04579	0.01243	0.01048	0.03570	0.01226	0.01810	0.01909	0.10778	0.02019	0.18015	0.07292	0.00412	0.23170	0.07958	0.03544	0.00653
21	0.04998	0.11787	0.06329	0.06196	0.13568	0.18412	0.19943	0.07046	0.01693	0.02123	0.01199	0.01491	0.00952	0.00629	0.00645	0.00196	0.00972	0.00567	0.00355	0.00900
22	0.01658	0.01474	0.02536	0.13740	0.42845	0.01501	0.09721	0.02124	0.04521	0.07419	0.01542	0.05167	0.01274	0.00704	0.00690	0.00211	0.00803	0.00693	0.00394	0.00981
23	0.01504	0.01512	0.05450	0.27275	0.44667	0.01528	0.01963	0.01933	0.01458	0.02041	0.01266	0.01719	0.01019	0.00629	0.00659	0.00207	0.00823	0.00594	0.02813	0.00941
24	0.00960	0.00714	0.01053	0.01053	0.01163	0.00825	0.00807	0.01182	0.01071	0.01539	0.01821	0.02767	0.01734	0.10344	0.68525	0.01047	0.01712	0.00738	0.00363	0.00585
25	0.00999	0.00708	0.00883	0.00854	0.01034	0.00673	0.00649	0.01241	0.01559	0.04861	0.28128	0.04819	0.24923	0.04932	0.15852	0.00410	0.00658	0.02881	0.03317	0.00617
26	0.02551	0.01879	0.02014	0.01544	0.02081	0.02081	0.01275	0.69996	0.03155	0.04229	0.01611	0.01611	0.01141	0.00805	0.00671	0.00201	0.00738	0.00604	0.00671	0.01141
27	0.02551	0.01879	0.02014	0.01544	0.02081	0.02081	0.01275	0.69996	0.03155	0.04229	0.01611	0.01611	0.01141	0.00805	0.00671	0.00201	0.00738	0.00604	0.00671	0.01141
28	0.01816	0.01515	0.01600	0.01395	0.01801	0.01738	0.01098	0.14674	0.59673	0.03045	0.02544	0.02354	0.01897	0.00893	0.00681	0.00223	0.00566	0.00733	0.00681	0.01075
29	0.02551	0.01879	0.02014	0.01544	0.02081	0.02081	0.01275	0.69996	0.03155	0.04229	0.01611	0.01611	0.01141	0.00805	0.00671	0.00201	0.00738	0.00604	0.00671	0.01141
30	0.02585	0.01824	0.01979	0.01518	0.02053	0.01999	0.01254	0.64983	0.03062	0.09373	0.01689	0.01662	0.01180	0.00807	0.00671	0.00202	0.00726	0.00609	0.00683	0.01141
31	0.01070	0.00769	0.01066	0.01214	0.01371	0.00764	0.01059	0.01374	0.01544	0.02000	0.03679	0.07526	0.06503	0.01848	0.00922	0.00306	0.00607	0.65145	0.00618	0.00616
32	0.01735	0.01474	0.01555	0.01379	0.01770	0.01700	0.01078	0.08556	0.65923	0.02914	0.02647	0.02436	0.01980	0.00902	0.00682	0.00226	0.00547	0.00747	0.00682	0.01068
33	0.33247	0.01551	0.01551	0.01238	0.01725	0.01706	0.01022	0.34320	0.02201	0.13161	0.01490	0.01500	0.01051	0.00738	0.00572	0.00205	0.00630	0.00520	0.00593	0.00980
34	0.01091	0.00818	0.00945	0.00886	0.01113	0.00775	0.00680	0.06022	0.05621	0.04146	0.31967	0.07804	0.30106	0.01463	0.00783	0.00223	0.00387	0.03815	0.00681	0.00675
35	0.00826	0.00590	0.00788	0.00944	0.00987	0.00552	0.00638	0.00949	0.01293	0.01722	0.03693	0.73757	0.04419	0.02094	0.00859	0.00274	0.00397	0.04047	0.00623	0.00547
36	0.02551	0.01879	0.02014	0.01544	0.02081	0.02081	0.01275	0.69996	0.03155	0.04229	0.01611	0.01611	0.01141	0.00805	0.00671	0.00201	0.00738	0.00604	0.00671	0.01141
37	0.01511	0.01594	0.02755	0.02154	0.02403	0.01923	0.26589	0.01811	0.01232	0.01811	0.01056	0.01594	0.00931	0.00951	0.01684	0.00269	0.47963	0.00662	0.00310	0.00797
38	0.00883	0.00629	0.00846	0.00997	0.01061	0.00601	0.00721	0.01040	0.01334	0.01767	0.03613	0.57957	0.04241	0.04470	0.00956	0.00293	0.00450	0.16969	0.00615	0.00557
39	0.01468	0.01468	0.02055	0.01762	0.01762	0.02055	0.01468	0.01615	0.01028	0.01615	0.00881	0.01468	0.00881	0.01174	0.02202	0.00294	0.75191	0.00587	0.00294	0.00734
40	0.00972	0.00667	0.00816	0.00816	0.00845	0.00696	0.00511	0.01030	0.01001	0.01363	0.02037	0.03965	0.02254	0.59092	0.20489	0.00754	0.00929	0.00913	0.00395	0.00453
41	0.00818	0.00584	0.00779	0.00934	0.00973	0.00545	0.00623	0.00934	0.01285	0.01713	0.03698	0.75981	0.04438	0.02102	0.00856	0.00273	0.00389	0.01908	0.00623	0.00545
42	0.00828	0.00603	0.00773	0.00894	0.00958	0.00556	0.00603	0.00958	0.01334	0.01764	0.07870	0.61633	0.11789	0.04877	0.00944	0.00279	0.00390	0.01779	0.00621	0.00547
43	0.02551	0.01879	0.02014	0.01544	0.02081	0.02081	0.01275	0.69996	0.03155	0.04229	0.01611	0.01611	0.01141	0.00805	0.00671	0.00201	0.00738	0.00604	0.00671	0.01141
44	0.02478	0.06320	0.01975	0.01696	0.02059	0.67851	0.01289	0.05292	0.01927	0.01741	0.01055	0.01220	0.00875	0.00691	0.00600	0.00173	0.01170	0.00436	0.00356	0.00796
45	0.01067	0.00781	0.00824	0.00806	0.00826	0.03571	0.00485	0.01094	0.01034	0.01381	0.02028	0.04068	0.02285	0.67109	0.03124	0.00596	0.03522	0.00924	0.04034	0.00444
46	0.01267	0.01193	0.02013	0.74806	0.04621	0.01491	0.01863	0.01714	0.01342	0.01714	0.01193	0.01789	0.00894	0.00671	0.00671	0.00224	0.00894	0.00596	0.00298	0.00745
47	0.06463	0.01372	0.02069	0.09882	0.22872	0.01279	0.07659	0.01933	0.01453	0.05399	0.01279	0.01573	0.01020	0.00574	0.00595	0.00165	0.00691	0.00524	0.00383	0.32815
48	0.00965	0.00719	0.00894	0.00985	0.01085	0.00711	0.00684	0.03765	0.07910	0.01944	0.05815	0.61404	0.06750	0.01904	0.00829	0.00262	0.00411	0.01710	0.00634	0.00619
49	0.02506	0.03198	0.01901	0.01729	0.02074	0.73725	0.01296	0.02679	0.01901	0.01642	0.01037	0.01210	0.00864	0.00691	0.00605	0.00173	0.01210	0.00432	0.00346	0.00778
50	0.06892	0.00719	0.00802	0.00840	0.01024	0.00667	0.00639	0.01125	0.01495	0.02012	0.13023	0.20559	0.35783	0.01684	0.00795	0.00244	0.00397	0.10090	0.00620	0.00589

[dist]
# distance from previous block
# <min> <max>
0	2

[block]
# block no. 3 follows, 32 sequences, length 30
# corresponding to MSA columns:
# 345-374
name=unknown_D
#
# <colnr> <probs for GDERKNQSTAVLIFYWHMCP>
#	G	D	E	R	K	N	Q	S	T	A	V	L	I	F	Y	W	H	M	C	P
0	0.01827	0.05964	0.13151	0.10344	0.02313	0.01705	0.01427	0.30538	0.07913	0.02949	0.04817	0.04036	0.01503	0.01191	0.07056	0.00284	0.00842	0.00661	0.00519	0.00960
1	0.01643	0.01429	0.02034	0.01601	0.01993	0.01504	0.13585	0.19519	0.01816	0.02533	0.01824	0.11750	0.03522	0.00995	0.00974	0.00216	0.14255	0.02490	0.00481	0.15838
2	0.00860	0.00881	0.07055	0.00911	0.01116	0.00647	0.00739	0.01066	0.01426	0.01838	0.08090	0.37569	0.31810	0.01774	0.00808	0.00245	0.00418	0.01549	0.00599	0.00597
3	0.02338	0.01774	0.01894	0.01501	0.02000	0.01981	0.01224	0.53937	0.19561	0.03885	0.01882	0.01827	0.01360	0.00831	0.00674	0.00208	0.00688	0.00641	0.00674	0.01122
4	0.01636	0.03531	0.02353	0.17453	0.38830	0.01482	0.04158	0.04476	0.01550	0.06646	0.01489	0.06229	0.01265	0.00719	0.00667	0.00203	0.00768	0.00671	0.00390	0.05485
5	0.02019	0.08644	0.02005	0.09051	0.02196	0.25042	0.01307	0.12823	0.17014	0.02289	0.01484	0.01632	0.01170	0.00801	0.00811	0.00206	0.09600	0.00558	0.00453	0.00894
6	0.00998	0.00706	0.00802	0.00795	0.00873	0.00688	0.00508	0.04127	0.01278	0.01684	0.09102	0.13301	0.13610	0.45985	0.02350	0.00481	0.00546	0.01160	0.00507	0.00501
7	0.01441	0.05980	0.01525	0.03173	0.01596	0.01201	0.00923	0.10151	0.01553	0.02252	0.01766	0.17020	0.01741	0.00959	0.00760	0.00176	0.07830	0.00770	0.04078	0.35103
8	0.01415	0.06365	0.14790	0.10803	0.04792	0.01503	0.22816	0.01871	0.01419	0.01992	0.01431	0.08091	0.01252	0.00755	0.00775	0.00207	0.05608	0.00709	0.00352	0.13053
9	0.01561	0.01502	0.02476	0.10231	0.33974	0.04001	0.13792	0.01986	0.02890	0.03650	0.05782	0.04125	0.02642	0.00714	0.00687	0.00201	0.00796	0.00703	0.00392	0.07894
10	0.04963	0.12070	0.02157	0.03716	0.05846	0.17249	0.03034	0.18578	0.01875	0.05576	0.01293	0.01536	0.01043	0.01099	0.06443	0.00269	0.11391	0.00539	0.00433	0.00890
11	0.01927	0.01084	0.01291	0.05525	0.01584	0.01089	0.00884	0.14726	0.04429	0.20202	0.05306	0.04412	0.01807	0.00845	0.00605	0.00187	0.00512	0.00688	0.27607	0.05290
12	0.01893	0.08732	0.02453	0.04760	0.15201	0.13315	0.12362	0.10835	0.18928	0.02425	0.01614	0.01766	0.01252	0.00711	0.00660	0.00202	0.00840	0.00621	0.00458	0.00972
13	0.01114	0.00910	0.00962	0.00929	0.01026	0.07094	0.00634	0.01237	0.01207	0.01590	0.10357	0.03652	0.02536	0.40174	0.20943	0.00651	0.00951	0.00875	0.00429	0.02729
14	0.01860	0.01497	0.01590	0.01361	0.01752	0.01697	0.01066	0.22306	0.45518	0.03081	0.02357	0.02414	0.01823	0.07484	0.00918	0.00257	0.00601	0.00733	0.00655	0.01027
15	0.01433	0.01530	0.08427	0.26625	0.20183	0.01462	0.11567	0.03230	0.05134	0.01998	0.01446	0.05451	0.01210	0.00839	0.00832	0.05897	0.00844	0.00689	0.00354	0.00850
16	0.46001	0.01341	0.01237	0.01036	0.01458	0.01491	0.00849	0.18238	0.01721	0.09268	0.01396	0.01488	0.01026	0.00704	0.00505	0.00200	0.00551	0.00479	0.10163	0.00849
17	0.02690	0.01048	0.01388	0.01090	0.01543	0.00921	0.00892	0.02959	0.01827	0.59922	0.02564	0.02323	0.01672	0.00822	0.00637	0.00198	0.00524	0.00666	0.15266	0.01048
18	0.01476	0.01507	0.02854	0.18067	0.21516	0.01575	0.27347	0.01918	0.01439	0.01984	0.01305	0.01816	0.01052	0.01021	0.07127	0.00297	0.05817	0.00680	0.00328	0.00876
19	0.06078	0.00881	0.01103	0.01041	0.01221	0.00891	0.03830	0.05196	0.04822	0.05350	0.02900	0.17398	0.08734	0.24924	0.04276	0.00405	0.00622	0.09163	0.00535	0.00629
20	0.01717	0.01302	0.01493	0.01136	0.01680	0.01164	0.00911	0.09063	0.14294	0.09404	0.01657	0.01703	0.01266	0.00636	0.00566	0.00144	0.00535	0.00511	0.00519	0.50300
21	0.02583	0.01349	0.01616	0.01279	0.01761	0.01355	0.01044	0.20282	0.13181	0.40212	0.02370	0.02159	0.01593	0.00834	0.00664	0.00206	0.00593	0.00667	0.05153	0.01100
22	0.02256	0.01458	0.01661	0.01339	0.01786	0.01546	0.01090	0.33815	0.13303	0.18664	0.11043	0.02544	0.02156	0.00937	0.00698	0.00212	0.00611	0.03120	0.00714	0.01045
23	0.00906	0.00685	0.00812	0.00797	0.00960	0.00621	0.00590	0.01131	0.01632	0.02166	0.35944	0.05608	0.28806	0.10802	0.01125	0.00277	0.00385	0.05522	0.00649	0.00581
24	0.00821	0.00671	0.00714	0.00741	0.00927	0.00579	0.00545	0.00981	0.01467	0.01779	0.05980	0.14801	0.56255	0.06310	0.00967	0.00262	0.00378	0.04656	0.00610	0.00557
25	0.00877	0.00627	0.00844	0.00982	0.01052	0.00594	0.00708	0.01047	0.01386	0.01852	0.09634	0.57266	0.04498	0.01993	0.00864	0.00274	0.00425	0.13879	0.00632	0.00566
26	0.01528	0.01440	0.02448	0.39846	0.23242	0.01596	0.10090	0.07835	0.01582	0.02121	0.01269	0.01740	0.00978	0.00649	0.00684	0.00215	0.00882	0.00621	0.00345	0.00888
27	0.01478	0.01408	0.02393	0.36961	0.40819	0.01546	0.01968	0.01899	0.01441	0.01970	0.01230	0.01720	0.00985	0.00632	0.00667	0.00211	0.00842	0.00597	0.00316	0.00915
28	0.01342	0.00983	0.01462	0.10561	0.14654	0.01003	0.01182	0.01706	0.05326	0.08898	0.05270	0.26760	0.02949	0.01390	0.00782	0.00249	0.00591	0.13568	0.00557	0.00768
29	0.01995	0.13424	0.05919	0.04873	0.24135	0.18578	0.01570	0.13904	0.03345	0.02316	0.01245	0.01463	0.01003	0.00660	0.00611	0.00185	0.00871	0.00518	0.00392	0.02996

[dist]
# distance from previous block
# <min> <max>
0	8

[block]
# block no. 4 follows, 32 sequences, length 34
# corresponding to MSA columns:
# 383-416
name=unknown_E
#
# <colnr> <probs for GDERKNQSTAVLIFYWHMCP>
#	G	D	E	R	K	N	Q	S	T	A	V	L	I	F	Y	W	H	M	C	P
0	0.07192	0.20553	0.02287	0.05653	0.14555	0.17772	0.03105	0.03656	0.01530	0.01968	0.01205	0.01549	0.01038	0.04339	0.00691	0.00195	0.00807	0.00497	0.04959	0.06449
1	0.18854	0.15028	0.02108	0.01881	0.17982	0.07695	0.01258	0.08748	0.10783	0.02489	0.01338	0.01486	0.01072	0.00661	0.00556	0.00186	0.00696	0.00500	0.00426	0.06251
2	0.00941	0.00786	0.00992	0.05297	0.06951	0.00725	0.00753	0.01192	0.01636	0.02117	0.26696	0.05338	0.41240	0.01446	0.00775	0.00219	0.00402	0.01238	0.00617	0.00638
3	0.01185	0.00906	0.01174	0.11238	0.06647	0.00972	0.00870	0.03208	0.08014	0.01891	0.04281	0.03428	0.08632	0.27331	0.07570	0.00431	0.00700	0.00851	0.10023	0.00645
4	0.02551	0.01879	0.02014	0.01544	0.02081	0.02081	0.01275	0.69996	0.03155	0.04229	0.01611	0.01611	0.01141	0.00805	0.00671	0.00201	0.00738	0.00604	0.00671	0.01141
5	0.00805	0.00665	0.00707	0.00729	0.00922	0.00567	0.00534	0.00974	0.01510	0.01843	0.09719	0.17409	0.57809	0.01746	0.00803	0.00233	0.00346	0.01483	0.00629	0.00567
6	0.01953	0.61114	0.03201	0.01231	0.01797	0.02535	0.01175	0.16259	0.01739	0.02134	0.01075	0.01188	0.00920	0.00623	0.00481	0.00156	0.00722	0.00410	0.00368	0.00920
7	0.02503	0.01746	0.01915	0.01462	0.02002	0.01868	0.01205	0.57372	0.02880	0.11221	0.01685	0.01663	0.01183	0.00783	0.00657	0.00194	0.00701	0.00594	0.00665	0.07702
8	0.01794	0.76823	0.03516	0.01148	0.01722	0.02655	0.01148	0.02009	0.01363	0.01579	0.00933	0.01076	0.00861	0.00574	0.00431	0.00144	0.00718	0.00359	0.00287	0.00861
9	0.01608	0.01487	0.02397	0.20422	0.45540	0.01547	0.01855	0.06735	0.01587	0.02222	0.01265	0.01666	0.01023	0.00622	0.00653	0.00197	0.00792	0.00582	0.00353	0.07449
10	0.02391	0.01782	0.01922	0.01505	0.02007	0.01982	0.01234	0.60489	0.09324	0.03967	0.01724	0.01744	0.01251	0.01022	0.04251	0.00247	0.00771	0.00624	0.00657	0.01107
11	0.01201	0.00812	0.00973	0.00966	0.01130	0.00791	0.00690	0.08417	0.03736	0.07030	0.07201	0.39126	0.13088	0.10264	0.01100	0.00293	0.00462	0.01437	0.00626	0.00657
12	0.01965	0.59113	0.03128	0.01288	0.01807	0.19750	0.01184	0.02170	0.01493	0.01594	0.00958	0.01109	0.00862	0.00602	0.00473	0.00151	0.00836	0.00376	0.00301	0.00841
13	0.01340	0.01267	0.02145	0.61661	0.17194	0.01510	0.01900	0.01779	0.01376	0.01803	0.01206	0.01765	0.00926	0.00657	0.00670	0.00219	0.00876	0.00597	0.00304	0.00804
14	0.01408	0.13676	0.63283	0.01806	0.02740	0.01711	0.02294	0.02109	0.01409	0.02049	0.01166	0.01369	0.00852	0.00629	0.00609	0.00203	0.00954	0.00477	0.00284	0.00973
15	0.00859	0.00695	0.00775	0.00818	0.01018	0.00611	0.00643	0.01056	0.01519	0.01851	0.05900	0.10627	0.52988	0.01756	0.00826	0.00248	0.00405	0.16208	0.00622	0.00577
16	0.00834	0.00681	0.00736	0.00723	0.00931	0.00584	0.00542	0.01042	0.01626	0.02042	0.23770	0.06081	0.54846	0.01614	0.00793	0.00223	0.00334	0.01363	0.00653	0.00584
17	0.00818	0.00584	0.00779	0.00934	0.00973	0.00545	0.00623	0.00934	0.01285	0.01713	0.03698	0.75981	0.04438	0.02102	0.00856	0.00273	0.00389	0.01908	0.00623	0.00545
18	0.02551	0.01879	0.02014	0.01544	0.02081	0.02081	0.01275	0.69996	0.03155	0.04229	0.01611	0.01611	0.01141	0.00805	0.00671	0.00201	0.00738	0.00604	0.00671	0.01141
19	0.01258	0.01067	0.03750	0.05687	0.07432	0.00964	0.09395	0.01632	0.04472	0.07857	0.17723	0.13830	0.19663	0.01262	0.00765	0.00225	0.00555	0.01135	0.00578	0.00750
20	0.00818	0.00584	0.00779	0.00934	0.00973	0.00545	0.00623	0.00934	0.01285	0.01713	0.03698	0.75981	0.04438	0.02102	0.00856	0.00273	0.00389	0.01908	0.00623	0.00545
21	0.81159	0.01298	0.00986	0.00882	0.01298	0.01505	0.00727	0.01972	0.01142	0.03010	0.00934	0.01090	0.00727	0.00623	0.00415	0.00208	0.00519	0.00363	0.00415	0.00727
22	0.01511	0.01540	0.02049	0.01760	0.01775	0.05021	0.01461	0.01659	0.01064	0.01616	0.00887	0.01457	0.00880	0.01154	0.02136	0.00289	0.72129	0.00581	0.00296	0.00736
23	0.02211	0.01335	0.01542	0.01253	0.01668	0.01410	0.01015	0.28071	0.09923	0.21234	0.02105	0.02124	0.01518	0.01296	0.08874	0.00298	0.00732	0.00655	0.11736	0.01000
24	0.00818	0.00584	0.00779	0.00934	0.00973	0.00545	0.00623	0.00934	0.01285	0.01713	0.03698	0.75981	0.04438	0.02102	0.00856	0.00273	0.00389	0.01908	0.00623	0.00545
25	0.01346	0.03471	0.72942	0.01912	0.02904	0.01558	0.02479	0.02125	0.01417	0.02125	0.01204	0.01417	0.00850	0.00637	0.00637	0.00212	0.00992	0.00496	0.00283	0.00992
26	0.01963	0.16839	0.24377	0.03864	0.02207	0.05967	0.01558	0.05983	0.04992	0.19012	0.01717	0.01975	0.01296	0.00768	0.00626	0.00202	0.00790	0.04416	0.00478	0.00971
27	0.00931	0.00638	0.00766	0.00800	0.00832	0.00621	0.00494	0.01004	0.01182	0.01597	0.11994	0.23235	0.03491	0.46763	0.02389	0.00492	0.00537	0.01252	0.00508	0.00474
28	0.00818	0.00584	0.00779	0.00934	0.00973	0.00545	0.00623	0.00934	0.01285	0.01713	0.03698	0.75981	0.04438	0.02102	0.00856	0.00273	0.00389	0.01908	0.00623	0.00545
29	0.01732	0.01427	0.01519	0.01357	0.01743	0.01637	0.01059	0.03552	0.67790	0.06075	0.02727	0.02493	0.02030	0.00907	0.00682	0.00227	0.00533	0.00755	0.00690	0.01066
30	0.01590	0.08843	0.17152	0.07713	0.09655	0.05408	0.01540	0.05623	0.22747	0.02331	0.04171	0.04310	0.01665	0.00840	0.00661	0.00213	0.00742	0.03378	0.00472	0.00944
31	0.08209	0.12140	0.15501	0.06400	0.21338	0.06010	0.03645	0.08824	0.01630	0.03962	0.01229	0.01469	0.00964	0.00633	0.00599	0.00190	0.00811	0.00514	0.00372	0.05559
32	0.05616	0.04003	0.19548	0.03904	0.11950	0.01628	0.06408	0.16525	0.08558	0.02673	0.01435	0.01606	0.01084	0.00668	0.00629	0.00194	0.00776	0.00558	0.00437	0.11797
33	0.01846	0.03972	0.05803	0.05202	0.06422	0.13187	0.14487	0.06637	0.03568	0.09368	0.01575	0.04936	0.01261	0.00716	0.00644	0.00187	0.00814	0.00634	0.04622	0.14119

[dist]
# distance from previous block
# <min> <max>
1	23

[block]
# block no. 5 follows, 32 sequences, length 156
# corresponding to MSA columns:
# 440-595
name=unknown_F
#
# <colnr> <probs for GDERKNQSTAVLIFYWHMCP>
#	G	D	E	R	K	N	Q	S	T	A	V	L	I	F	Y	W	H	M	C	P
0	0.04448	0.01628	0.06923	0.01949	0.13830	0.07680	0.11612	0.06456	0.01645	0.07621	0.07419	0.04325	0.01690	0.04810	0.03369	0.00246	0.00798	0.00690	0.00451	0.12411
1	0.03623	0.06913	0.13224	0.01542	0.02085	0.06477	0.09999	0.07301	0.14103	0.10252	0.10033	0.02150	0.01856	0.00786	0.00658	0.00199	0.00731	0.00669	0.00520	0.06878
2	0.10239	0.26452	0.28445	0.07906	0.02395	0.01924	0.01660	0.07661	0.01523	0.04467	0.01167	0.01349	0.00894	0.00638	0.00554	0.00190	0.00809	0.00461	0.00350	0.00917
3	0.02219	0.01695	0.01792	0.01529	0.03813	0.11993	0.01190	0.22921	0.03812	0.16931	0.04120	0.01999	0.01451	0.06121	0.01147	0.00248	0.14877	0.00641	0.00560	0.00939
4	0.00961	0.00710	0.01035	0.01035	0.01139	0.00815	0.00784	0.01170	0.01065	0.01525	0.01837	0.02858	0.01774	0.14065	0.64859	0.01024	0.01652	0.00751	0.00365	0.00575
5	0.01462	0.01481	0.01974	0.07719	0.01967	0.05099	0.01443	0.01636	0.01118	0.01634	0.01219	0.01741	0.04558	0.01139	0.01932	0.00279	0.61932	0.00624	0.00313	0.00728
6	0.00961	0.00711	0.01039	0.01039	0.01145	0.00817	0.00789	0.01173	0.01067	0.01528	0.01834	0.02837	0.01765	0.13211	0.65700	0.01029	0.01666	0.00748	0.00365	0.00577
7	0.02567	0.01794	0.01913	0.01492	0.02005	0.04939	0.01228	0.55325	0.02872	0.13874	0.01798	0.01883	0.01292	0.00838	0.00677	0.00205	0.00731	0.02780	0.00678	0.01109
8	0.01675	0.01517	0.02306	0.02996	0.42442	0.01579	0.04187	0.09577	0.11668	0.02454	0.01914	0.02335	0.05091	0.00804	0.00738	0.00214	0.02906	0.04143	0.00449	0.01007
9	0.00971	0.00756	0.00859	0.00819	0.01017	0.00716	0.00627	0.01170	0.01545	0.04429	0.16023	0.08073	0.47796	0.01549	0.00893	0.00228	0.06508	0.01274	0.04136	0.00613
10	0.19908	0.46499	0.06502	0.01174	0.01724	0.04562	0.01133	0.06365	0.01462	0.04033	0.01041	0.01169	0.00869	0.00614	0.00466	0.00168	0.00701	0.00394	0.00357	0.00860
11	0.01845	0.44669	0.12220	0.04712	0.07971	0.07454	0.01444	0.06789	0.01564	0.04198	0.01117	0.01286	0.00923	0.00621	0.00525	0.00169	0.00800	0.00439	0.00339	0.00913
12	0.00976	0.00651	0.00732	0.00732	0.00732	0.00651	0.00407	0.00976	0.00976	0.01301	0.02114	0.04391	0.02439	0.76419	0.03415	0.00651	0.00651	0.00976	0.00407	0.00407
13	0.00845	0.00659	0.00768	0.00802	0.00961	0.00583	0.00586	0.01039	0.01551	0.01994	0.20786	0.24255	0.37158	0.01734	0.00813	0.00238	0.00356	0.03645	0.00649	0.00578
14	0.00838	0.00614	0.00787	0.00886	0.00970	0.00563	0.00611	0.00997	0.01425	0.01900	0.16243	0.54607	0.13245	0.01921	0.00837	0.00256	0.00370	0.01722	0.00644	0.00563
15	0.01267	0.01193	0.02013	0.74806	0.04621	0.01491	0.01863	0.01714	0.01342	0.01714	0.01193	0.01789	0.00894	0.00671	0.00671	0.00224	0.00894	0.00596	0.00298	0.00745
16	0.02551	0.01879	0.02014	0.01544	0.02081	0.02081	0.01275	0.69996	0.03155	0.04229	0.01611	0.01611	0.01141	0.00805	0.00671	0.00201	0.00738	0.00604	0.00671	0.01141
17	0.01584	0.01810	0.03959	0.02828	0.03507	0.01697	0.69796	0.02149	0.01584	0.02149	0.01357	0.01810	0.01018	0.00566	0.00792	0.00226	0.01131	0.00792	0.00339	0.00905
18	0.00818	0.00584	0.00779	0.00934	0.00973	0.00545	0.00623	0.00934	0.01285	0.01713	0.03698	0.75981	0.04438	0.02102	0.00856	0.00273	0.00389	0.01908	0.00623	0.00545
19	0.01794	0.76823	0.03516	0.01148	0.01722	0.02655	0.01148	0.02009	0.01363	0.01579	0.00933	0.01076	0.00861	0.00574	0.00431	0.00144	0.00718	0.00359	0.00287	0.00861
20	0.02856	0.01097	0.01475	0.01144	0.01631	0.00954	0.00941	0.03120	0.01875	0.66531	0.02607	0.02303	0.01666	0.00826	0.00657	0.00203	0.00548	0.00670	0.07799	0.01097
21	0.01042	0.00804	0.01161	0.01121	0.01205	0.00966	0.00862	0.01210	0.01048	0.01514	0.01666	0.02622	0.01616	0.11687	0.52351	0.06038	0.11440	0.00719	0.00351	0.00578
22	0.04682	0.51487	0.05437	0.01326	0.01807	0.13435	0.01240	0.02069	0.01401	0.01663	0.00952	0.01155	0.00859	0.00666	0.00670	0.00170	0.09446	0.00402	0.00301	0.00833
23	0.01575	0.09141	0.01702	0.01093	0.01667	0.01247	0.00905	0.09951	0.01593	0.02356	0.01209	0.01387	0.00995	0.00557	0.00550	0.00121	0.02237	0.00423	0.00417	0.60876
24	0.01875	0.04566	0.02358	0.02729	0.32366	0.19130	0.04138	0.07821	0.01680	0.02115	0.01313	0.05431	0.01170	0.00783	0.00837	0.00207	0.09561	0.00625	0.00374	0.00922
25	0.00818	0.00584	0.00779	0.00934	0.00973	0.00545	0.00623	0.00934	0.01285	0.01713	0.03698	0.75981	0.04438	0.02102	0.00856	0.00273	0.00389	0.01908	0.00623	0.00545
26	0.01391	0.01193	0.01391	0.00994	0.01590	0.00894	0.00795	0.01690	0.01391	0.02186	0.01193	0.01391	0.00994	0.00497	0.00497	0.00099	0.00497	0.00398	0.00398	0.80521
27	0.72941	0.01496	0.01082	0.00971	0.01379	0.09051	0.00786	0.02046	0.01221	0.02868	0.00945	0.01103	0.00741	0.00630	0.00435	0.00204	0.00591	0.00371	0.00408	0.00732
28	0.01839	0.01577	0.01606	0.01403	0.01796	0.05503	0.01102	0.15626	0.51263	0.02943	0.02387	0.02278	0.01800	0.01093	0.04456	0.00264	0.00671	0.00711	0.00646	0.01038
29	0.81159	0.01298	0.00986	0.00882	0.01298	0.01505	0.00727	0.01972	0.01142	0.03010	0.00934	0.01090	0.00727	0.00623	0.00415	0.00208	0.00519	0.00363	0.00415	0.00727
30	0.00959	0.00724	0.00890	0.00842	0.01024	0.00675	0.00633	0.01331	0.05409	0.02541	0.56725	0.05139	0.17785	0.01406	0.00786	0.00215	0.00332	0.01226	0.00715	0.00643
31	0.00976	0.00651	0.00732	0.00732	0.00732	0.00651	0.00407	0.00976	0.00976	0.01301	0.02114	0.04391	0.02439	0.76419	0.03415	0.00651	0.00651	0.00976	0.00407	0.00407
32	0.01794	0.76823	0.03516	0.01148	0.01722	0.02655	0.01148	0.02009	0.01363	0.01579	0.00933	0.01076	0.00861	0.00574	0.00431	0.00144	0.00718	0.00359	0.00287	0.00861
33	0.00818	0.00584	0.00779	0.00934	0.00973	0.00545	0.00623	0.00934	0.01285	0.01713	0.03698	0.75981	0.04438	0.02102	0.00856	0.00273	0.00389	0.01908	0.00623	0.00545
34	0.01661	0.01594	0.02724	0.04119	0.72233	0.01594	0.02059	0.02059	0.01528	0.02192	0.01262	0.01661	0.01063	0.00598	0.00664	0.00199	0.00797	0.00598	0.00332	0.01063
35	0.01669	0.01441	0.01517	0.01365	0.01745	0.01669	0.01062	0.03565	0.71021	0.02807	0.02731	0.02503	0.02048	0.00910	0.00683	0.00228	0.00531	0.00759	0.00683	0.01062
36	0.01267	0.01193	0.02013	0.74806	0.04621	0.01491	0.01863	0.01714	0.01342	0.01714	0.01193	0.01789	0.00894	0.00671	0.00671	0.00224	0.00894	0.00596	0.00298	0.00745
37	0.03010	0.01142	0.01557	0.01194	0.01713	0.00986	0.00986	0.03270	0.01920	0.72698	0.02647	0.02284	0.01661	0.00830	0.00675	0.00208	0.00571	0.00675	0.00830	0.01142
38	0.01133	0.00726	0.00955	0.00875	0.01065	0.00664	0.00664	0.01444	0.01901	0.08902	0.65737	0.04770	0.05917	0.01324	0.00781	0.00211	0.00339	0.01166	0.00747	0.00678
39	0.06695	0.01293	0.01545	0.01226	0.01692	0.01285	0.01001	0.18253	0.08248	0.39540	0.07343	0.02293	0.01869	0.00858	0.00662	0.00206	0.00575	0.00687	0.03672	0.01057
40	0.02977	0.01196	0.01590	0.01219	0.01740	0.01066	0.01007	0.08120	0.02010	0.67722	0.02572	0.02235	0.01623	0.00829	0.00675	0.00207	0.00583	0.00670	0.00819	0.01142
41	0.00854	0.00682	0.00765	0.00744	0.00944	0.00593	0.00558	0.01082	0.01674	0.02156	0.32245	0.05892	0.46299	0.01571	0.00792	0.00221	0.00331	0.01337	0.00668	0.00593
42	0.01267	0.01193	0.02013	0.74806	0.04621	0.01491	0.01863	0.01714	0.01342	0.01714	0.01193	0.01789	0.00894	0.00671	0.00671	0.00224	0.00894	0.00596	0.00298	0.00745
43	0.01328	0.01262	0.01787	0.01574	0.01607	0.01721	0.01295	0.01500	0.01042	0.01599	0.01132	0.01789	0.01099	0.02233	0.21845	0.00509	0.55044	0.00623	0.00312	0.00697
44	0.01794	0.76823	0.03516	0.01148	0.01722	0.02655	0.01148	0.02009	0.01363	0.01579	0.00933	0.01076	0.00861	0.00574	0.00431	0.00144	0.00718	0.00359	0.00287	0.00861
45	0.00814	0.00597	0.00765	0.00899	0.00964	0.00548	0.00607	0.00938	0.01319	0.01727	0.04132	0.66246	0.13892	0.02046	0.00848	0.00266	0.00382	0.01839	0.00623	0.00548
46	0.02283	0.07652	0.01807	0.01264	0.01760	0.01552	0.01042	0.31749	0.02256	0.19798	0.01794	0.01906	0.01324	0.05612	0.00796	0.00211	0.00641	0.00595	0.03401	0.12555
47	0.01090	0.00895	0.01258	0.01184	0.01251	0.01110	0.00915	0.01261	0.01046	0.01523	0.01627	0.02678	0.01623	0.17767	0.42182	0.00798	0.20110	0.00735	0.00352	0.00596
48	0.00930	0.00685	0.00870	0.00824	0.00991	0.00625	0.00618	0.01229	0.01854	0.02582	0.63833	0.05191	0.14445	0.01412	0.00792	0.00213	0.00319	0.01239	0.00724	0.00625
49	0.01445	0.03340	0.67102	0.01882	0.02836	0.01601	0.02380	0.07713	0.01560	0.02298	0.01238	0.01433	0.00874	0.00651	0.00640	0.00212	0.00971	0.00505	0.00315	0.01004
50	0.01913	0.02273	0.10041	0.09029	0.20433	0.22405	0.09834	0.09413	0.01768	0.02175	0.01220	0.01522	0.00964	0.00674	0.00714	0.00202	0.03570	0.00562	0.00363	0.00923
51	0.06507	0.02945	0.01936	0.01718	0.02073	0.62507	0.03677	0.04839	0.01862	0.01816	0.01057	0.01247	0.00872	0.00705	0.00661	0.00182	0.03796	0.00453	0.00358	0.00790
52	0.12141	0.14273	0.06598	0.01617	0.05545	0.38673	0.01280	0.04688	0.01682	0.01959	0.01191	0.05169	0.01054	0.00734	0.00574	0.00183	0.00950	0.00508	0.00367	0.00813
53	0.05983	0.03114	0.01861	0.01691	0.02040	0.70533	0.01271	0.02648	0.01868	0.01703	0.01033	0.01205	0.00858	0.00688	0.00597	0.00174	0.01179	0.00429	0.00349	0.00776
54	0.01174	0.00967	0.01421	0.04538	0.05153	0.01073	0.05422	0.04132	0.04231	0.01791	0.04214	0.02959	0.04408	0.18598	0.31205	0.00666	0.06185	0.00796	0.00408	0.00659
55	0.01669	0.01441	0.01517	0.01365	0.01745	0.01669	0.01062	0.03565	0.71021	0.02807	0.02731	0.02503	0.02048	0.00910	0.00683	0.00228	0.00531	0.00759	0.00683	0.01062
56	0.72062	0.01386	0.01070	0.00946	0.01365	0.05207	0.00773	0.02092	0.01231	0.07424	0.01050	0.01173	0.00794	0.00640	0.00442	0.00206	0.00558	0.00387	0.00438	0.00756
57	0.00959	0.00719	0.01078	0.01078	0.01198	0.00839	0.00839	0.01198	0.01078	0.01558	0.01797	0.02636	0.01677	0.05032	0.73760	0.01078	0.01797	0.00719	0.00359	0.00599
58	0.01433	0.05000	0.43741	0.07280	0.05574	0.01628	0.21637	0.02098	0.01461	0.02089	0.01241	0.01553	0.00909	0.00616	0.00679	0.00215	0.01010	0.00587	0.00302	0.00948
