[name]
unknown

[dist]
# distance from previous block
# <min> <max>
0	3

[block]
# block no. 0 follows, 33 sequences, length 8
# corresponding to MSA columns:
# 3-10
name=unknown_A
#
# <colnr> <probs for GDERKNQSTAVLIFYWHMCP>
#	G	D	E	R	K	N	Q	S	T	A	V	L	I	F	Y	W	H	M	C	P
0	0.00976	0.00720	0.00949	0.01069	0.01223	0.00693	0.00898	0.01231	0.01486	0.01901	0.04160	0.14328	0.18077	0.01812	0.00875	0.00283	0.00527	0.47597	0.00608	0.00588
1	0.02683	0.01130	0.01491	0.01161	0.01631	0.01019	0.00952	0.08700	0.01985	0.59251	0.10523	0.02492	0.02112	0.00874	0.00675	0.00204	0.00545	0.00717	0.00791	0.01063
2	0.00907	0.00660	0.00750	0.00753	0.00852	0.00619	0.00507	0.01023	0.01289	0.01671	0.13654	0.05219	0.24054	0.38292	0.02041	0.00428	0.00498	0.05768	0.00524	0.00492
3	0.11769	0.11145	0.52617	0.01635	0.02458	0.01646	0.01994	0.02127	0.05010	0.02173	0.01196	0.01367	0.00881	0.00631	0.00577	0.00201	0.00860	0.00468	0.00316	0.00929
4	0.02089	0.02641	0.08513	0.08069	0.09665	0.44105	0.05822	0.05759	0.01758	0.01872	0.01111	0.01361	0.00893	0.00674	0.00666	0.00188	0.03147	0.00494	0.00343	0.00832
5	0.07489	0.04648	0.01930	0.01606	0.06489	0.08131	0.07326	0.25645	0.09575	0.07178	0.07872	0.02177	0.05365	0.00830	0.00654	0.00201	0.00701	0.00681	0.00560	0.00943
6	0.07765	0.02000	0.08257	0.02013	0.07595	0.12819	0.20027	0.14544	0.09329	0.06944	0.01501	0.01658	0.01113	0.00680	0.00660	0.00204	0.00877	0.00611	0.00458	0.00946
7	0.08765	0.01497	0.02370	0.08795	0.55461	0.01555	0.01808	0.02109	0.07219	0.02238	0.01323	0.01656	0.01081	0.00619	0.00632	0.00200	0.00743	0.00579	0.00359	0.00990

[dist]
# distance from previous block
# <min> <max>
9	21

[block]
# block no. 1 follows, 33 sequences, length 12
# corresponding to MSA columns:
# 32-43
name=unknown_B
#
# <colnr> <probs for GDERKNQSTAVLIFYWHMCP>
#	G	D	E	R	K	N	Q	S	T	A	V	L	I	F	Y	W	H	M	C	P
0	0.04411	0.25229	0.33746	0.01525	0.02224	0.01854	0.03508	0.08781	0.04366	0.02161	0.01335	0.05639	0.01114	0.00713	0.00578	0.00191	0.00802	0.00549	0.00358	0.00915
1	0.09252	0.01476	0.01713	0.01610	0.10552	0.04035	0.02933	0.19632	0.12076	0.05998	0.04739	0.04513	0.01523	0.00765	0.00615	0.00185	0.00624	0.00627	0.00531	0.16599
2	0.01629	0.01564	0.02672	0.04041	0.72757	0.01564	0.02020	0.02020	0.01499	0.02151	0.01238	0.01629	0.01043	0.00587	0.00652	0.00196	0.00782	0.00587	0.00326	0.01043
3	0.01580	0.01514	0.02583	0.13101	0.64081	0.01551	0.01996	0.01977	0.01476	0.02091	0.01230	0.01645	0.01022	0.00596	0.00653	0.00199	0.00794	0.00586	0.00322	0.01003
4	0.01268	0.01186	0.01908	0.62673	0.04037	0.01428	0.01688	0.01674	0.01304	0.01729	0.01153	0.01693	0.00888	0.00667	0.00725	0.00210	0.05107	0.00562	0.00303	0.09797
5	0.01524	0.01457	0.02482	0.23468	0.54153	0.01536	0.01968	0.01928	0.01449	0.02023	0.01220	0.01664	0.00998	0.00606	0.00653	0.00202	0.00808	0.00586	0.00317	0.00958
6	0.00932	0.00673	0.00880	0.00828	0.00984	0.00621	0.00621	0.01242	0.01863	0.02640	0.72410	0.04918	0.06212	0.01346	0.00776	0.00207	0.00311	0.01191	0.00725	0.00621
7	0.01425	0.13672	0.51960	0.01966	0.05450	0.01701	0.10799	0.02069	0.01407	0.02014	0.01165	0.01400	0.00864	0.00606	0.00617	0.00200	0.00944	0.00508	0.00287	0.00947
8	0.00937	0.00641	0.00712	0.00712	0.00737	0.00629	0.00410	0.00956	0.01019	0.01333	0.02594	0.04537	0.10322	0.68358	0.03060	0.00591	0.00604	0.01006	0.00423	0.00417
9	0.02318	0.05562	0.01731	0.01271	0.01729	0.01505	0.01049	0.34664	0.02424	0.24149	0.14341	0.02336	0.02154	0.00883	0.00667	0.00198	0.00602	0.00705	0.00696	0.01017
10	0.10697	0.36952	0.12026	0.01312	0.03694	0.11797	0.01230	0.01954	0.01420	0.01860	0.03826	0.04299	0.05077	0.00735	0.00524	0.00174	0.00741	0.00528	0.00350	0.00807
11	0.05821	0.11696	0.18226	0.01640	0.04807	0.04794	0.08029	0.15728	0.04817	0.08460	0.01550	0.01652	0.02921	0.00689	0.00609	0.00189	0.00776	0.00555	0.00449	0.06594

[dist]
# distance from previous block
# <min> <max>
1	31

[block]
# block no. 2 follows, 33 sequences, length 25
# corresponding to MSA columns:
# 75-99
name=unknown_C
#
# <colnr> <probs for GDERKNQSTAVLIFYWHMCP>
#	G	D	E	R	K	N	Q	S	T	A	V	L	I	F	Y	W	H	M	C	P
0	0.01796	0.19559	0.10280	0.01377	0.01843	0.13446	0.01257	0.10895	0.09194	0.04446	0.06699	0.02230	0.01680	0.00843	0.00659	0.00193	0.02965	0.06504	0.00461	0.03672
1	0.17670	0.04386	0.10499	0.01489	0.01913	0.10214	0.09407	0.06819	0.04990	0.02267	0.01871	0.05070	0.07227	0.00908	0.00791	0.00219	0.08605	0.04433	0.00425	0.00796
2	0.07319	0.22313	0.12857	0.01818	0.10882	0.13459	0.06036	0.02358	0.13040	0.02047	0.01330	0.01477	0.01062	0.00651	0.00572	0.00186	0.00814	0.00506	0.00372	0.00901
3	0.01758	0.40951	0.02565	0.01271	0.01722	0.18211	0.03456	0.02039	0.03969	0.01735	0.05434	0.01960	0.05781	0.00759	0.00544	0.00167	0.00764	0.03150	0.00371	0.03392
4	0.05429	0.12740	0.18719	0.02133	0.17900	0.03727	0.08326	0.06373	0.01594	0.11756	0.01369	0.01538	0.01023	0.00632	0.00608	0.00190	0.00801	0.00536	0.00402	0.04204
5	0.07954	0.12209	0.19239	0.02161	0.20951	0.04365	0.04416	0.02103	0.01480	0.09241	0.04883	0.01779	0.01300	0.00701	0.00658	0.00198	0.03102	0.01947	0.00389	0.00924
6	0.00933	0.00644	0.00721	0.00718	0.00756	0.00627	0.00425	0.00973	0.01082	0.01424	0.06926	0.04605	0.11625	0.62633	0.02864	0.00559	0.00579	0.01027	0.00446	0.00433
7	0.02488	0.01626	0.01811	0.01415	0.01917	0.01749	0.01160	0.46650	0.11921	0.19348	0.01953	0.01844	0.01351	0.00809	0.00661	0.00202	0.00661	0.00628	0.00695	0.01109
8	0.01740	0.03572	0.04365	0.01239	0.01603	0.01189	0.03113	0.11727	0.13551	0.17459	0.05562	0.15659	0.06923	0.01195	0.00726	0.00228	0.00565	0.08066	0.00642	0.00876
9	0.01799	0.04947	0.24898	0.02048	0.13885	0.01419	0.09863	0.02389	0.06552	0.18791	0.05574	0.01932	0.01455	0.00711	0.00660	0.00205	0.00782	0.00631	0.00471	0.00989
10	0.00945	0.00683	0.00923	0.01064	0.01179	0.00661	0.00855	0.01169	0.01421	0.01850	0.03774	0.32615	0.09086	0.01897	0.00874	0.00284	0.00504	0.39032	0.00608	0.00576
11	0.00945	0.00687	0.00963	0.00963	0.01047	0.00771	0.00704	0.01114	0.01030	0.01458	0.01851	0.03069	0.01855	0.25100	0.54379	0.00940	0.01448	0.00776	0.00366	0.00535
12	0.06111	0.01592	0.07215	0.16678	0.26535	0.01564	0.04605	0.11196	0.01666	0.10204	0.01383	0.01663	0.01042	0.00687	0.00730	0.00209	0.04967	0.00583	0.00417	0.00954
13	0.10943	0.01480	0.01913	0.41726	0.09699	0.06862	0.01573	0.14040	0.01666	0.02305	0.01209	0.01592	0.00914	0.00671	0.00624	0.00208	0.00821	0.00548	0.00377	0.00829
14	0.00951	0.00660	0.00828	0.00826	0.00868	0.00694	0.00537	0.01035	0.01023	0.01406	0.04708	0.03808	0.02314	0.52042	0.24832	0.00749	0.00968	0.00890	0.00397	0.00465
15	0.00893	0.00666	0.00831	0.00802	0.00963	0.00603	0.00597	0.01164	0.01755	0.02411	0.55230	0.09517	0.19233	0.01453	0.00781	0.00214	0.00319	0.01271	0.00695	0.00603
16	0.01332	0.01211	0.01897	0.07152	0.36518	0.01255	0.01465	0.01717	0.04925	0.02028	0.05302	0.13358	0.08437	0.01060	0.00797	0.00224	0.04785	0.05254	0.00441	0.00842
17	0.02210	0.10689	0.04616	0.09815	0.02292	0.07991	0.01332	0.43183	0.04742	0.04642	0.01452	0.01542	0.01067	0.00738	0.00625	0.00192	0.00777	0.00552	0.00537	0.01006
18	0.12200	0.01138	0.01462	0.01135	0.01633	0.01028	0.00938	0.03058	0.01794	0.64944	0.02399	0.02103	0.01522	0.00791	0.00632	0.00204	0.00554	0.00626	0.00767	0.01072
19	0.00800	0.00582	0.00754	0.00892	0.00948	0.00537	0.00600	0.00919	0.01284	0.01690	0.03931	0.69457	0.11136	0.02023	0.00834	0.00263	0.00377	0.01824	0.00611	0.00537
20	0.03996	0.40928	0.15673	0.01704	0.11811	0.05685	0.01478	0.04342	0.01477	0.05819	0.01128	0.01286	0.00919	0.00606	0.00520	0.00169	0.00775	0.00438	0.00335	0.00912
21	0.01777	0.48308	0.21803	0.01346	0.02006	0.04152	0.01462	0.02138	0.01419	0.08553	0.01150	0.01262	0.00917	0.00607	0.00504	0.00166	0.00775	0.00419	0.00333	0.00903
22	0.00929	0.00699	0.00967	0.01029	0.01131	0.00669	0.03634	0.04450	0.01385	0.01838	0.03542	0.63651	0.06705	0.01908	0.00829	0.00262	0.00438	0.04749	0.00601	0.00583
23	0.01511	0.38961	0.35595	0.01456	0.02185	0.01999	0.01701	0.01983	0.01391	0.01856	0.04991	0.01424	0.01137	0.00635	0.00536	0.00176	0.00806	0.00460	0.00304	0.00892
24	0.04166	0.01667	0.02161	0.10181	0.34811	0.09103	0.01607	0.09662	0.12735	0.05175	0.01516	0.01729	0.01180	0.00683	0.00643	0.00200	0.00770	0.00591	0.00435	0.00984

[dist]
# distance from previous block
# <min> <max>
0	1

[block]
# block no. 3 follows, 33 sequences, length 44
# corresponding to MSA columns:
# 101-144
name=unknown_D
#
# <colnr> <probs for GDERKNQSTAVLIFYWHMCP>
#	G	D	E	R	K	N	Q	S	T	A	V	L	I	F	Y	W	H	M	C	P
0	0.08156	0.02428	0.01999	0.09460	0.19008	0.44255	0.01462	0.02338	0.01668	0.01848	0.01077	0.01339	0.00887	0.00649	0.00600	0.00183	0.01009	0.00473	0.00337	0.00823
1	0.01792	0.52581	0.15773	0.01331	0.01951	0.06664	0.01381	0.08378	0.01541	0.01889	0.01031	0.01172	0.00868	0.00602	0.00491	0.00160	0.00783	0.00403	0.00319	0.00888
2	0.02121	0.04097	0.01608	0.01281	0.01696	0.13036	0.01020	0.17669	0.13701	0.16724	0.04140	0.04918	0.01636	0.00831	0.00626	0.00189	0.00656	0.00653	0.06544	0.06854
3	0.05917	0.01585	0.01619	0.01381	0.01796	0.04297	0.01102	0.24931	0.41223	0.03147	0.02205	0.02223	0.01675	0.00869	0.00658	0.00215	0.00612	0.02879	0.00639	0.01026
4	0.10258	0.01602	0.03045	0.02670	0.17715	0.01572	0.40806	0.01996	0.01457	0.02177	0.01317	0.04061	0.01080	0.00638	0.00756	0.00214	0.03870	0.00705	0.00349	0.03712
5	0.00823	0.00651	0.00746	0.00788	0.00951	0.00573	0.00583	0.01005	0.01488	0.01876	0.13981	0.23611	0.42392	0.01735	0.00803	0.00237	0.00362	0.06208	0.00625	0.00562
6	0.09968	0.21851	0.12405	0.01477	0.01988	0.31757	0.01343	0.08466	0.01700	0.02026	0.01056	0.01206	0.00856	0.00645	0.00542	0.00174	0.00924	0.00423	0.00351	0.00841
7	0.01553	0.01403	0.08538	0.01299	0.01686	0.01265	0.03814	0.21079	0.09454	0.04992	0.07233	0.14108	0.11441	0.01217	0.00737	0.00227	0.00599	0.07911	0.00600	0.00845
8	0.00797	0.00639	0.00713	0.00756	0.00917	0.00554	0.00544	0.00959	0.01456	0.01816	0.10891	0.27670	0.46451	0.01763	0.00797	0.00235	0.00346	0.01521	0.00620	0.00554
9	0.05826	0.01224	0.01548	0.01203	0.01695	0.01149	0.00989	0.12554	0.04307	0.56314	0.04553	0.02193	0.01677	0.00822	0.00655	0.00204	0.00572	0.00660	0.00770	0.01086
10	0.02211	0.07780	0.01994	0.01564	0.01959	0.30130	0.03949	0.21523	0.02082	0.06423	0.01532	0.02064	0.01296	0.00851	0.00719	0.00200	0.04461	0.07909	0.00478	0.00875
11	0.01529	0.01699	0.03600	0.10039	0.09014	0.01637	0.58205	0.02060	0.01526	0.02070	0.01308	0.01762	0.00990	0.00568	0.00755	0.00220	0.01061	0.00743	0.00328	0.00885
12	0.00855	0.00631	0.00801	0.00854	0.00969	0.00577	0.00612	0.01056	0.01530	0.02061	0.29636	0.36703	0.15659	0.01727	0.00809	0.00239	0.00355	0.03699	0.00653	0.00572
13	0.04812	0.01646	0.01782	0.01385	0.01891	0.05866	0.01137	0.40670	0.02537	0.28627	0.01893	0.01779	0.01275	0.00788	0.00649	0.00198	0.00687	0.00601	0.00689	0.01088
14	0.00869	0.00672	0.01011	0.01054	0.01145	0.00629	0.06073	0.01022	0.01296	0.01736	0.05661	0.66468	0.04104	0.03762	0.00895	0.00271	0.00443	0.01741	0.00588	0.00562
15	0.05582	0.01229	0.01392	0.01027	0.01578	0.01025	0.00823	0.09224	0.01539	0.02391	0.01285	0.03904	0.01091	0.00580	0.00514	0.00120	0.00511	0.00461	0.00428	0.65296
16	0.02302	0.01316	0.03641	0.11308	0.07115	0.01294	0.01245	0.08842	0.07718	0.38845	0.03810	0.02090	0.01523	0.00809	0.00748	0.00211	0.04876	0.00651	0.00638	0.01018
17	0.01880	0.01729	0.02140	0.08805	0.31063	0.10203	0.01564	0.17785	0.10908	0.02588	0.01499	0.01710	0.01169	0.00695	0.00643	0.00197	0.00776	0.00590	0.03069	0.00987
18	0.02364	0.09363	0.02084	0.01544	0.01990	0.23801	0.01256	0.40031	0.02450	0.03005	0.01311	0.01405	0.00999	0.00754	0.00695	0.00188	0.04769	0.00518	0.00507	0.00966
19	0.05531	0.03858	0.08242	0.01286	0.04068	0.01295	0.01091	0.15211	0.04519	0.07993	0.03754	0.01621	0.01239	0.00639	0.00563	0.00153	0.00596	0.00503	0.00481	0.37356
20	0.01721	0.48387	0.18226	0.01392	0.02015	0.07333	0.03543	0.05283	0.01475	0.01812	0.01091	0.03033	0.00947	0.00632	0.00510	0.00166	0.00801	0.00448	0.00313	0.00873
21	0.04144	0.01198	0.01921	0.55367	0.05656	0.01461	0.03793	0.03938	0.01356	0.01863	0.01232	0.01765	0.00953	0.00824	0.03012	0.00244	0.05442	0.00588	0.04496	0.00745
22	0.00795	0.00658	0.00696	0.00707	0.00904	0.00560	0.00522	0.00970	0.01510	0.01848	0.12452	0.13131	0.59625	0.01677	0.00784	0.00225	0.00336	0.01419	0.00622	0.00560
23	0.02351	0.07974	0.04061	0.01683	0.06427	0.14603	0.01325	0.47271	0.02599	0.03324	0.01399	0.01469	0.01038	0.00736	0.00628	0.00188	0.00814	0.00541	0.00543	0.01027
24	0.01697	0.08643	0.05937	0.01196	0.01669	0.01161	0.04574	0.04357	0.05768	0.17693	0.05155	0.12448	0.04101	0.00907	0.00630	0.00181	0.00569	0.00773	0.00541	0.21999
25	0.01615	0.09848	0.37712	0.02151	0.13634	0.01652	0.08749	0.06265	0.03745	0.06546	0.01337	0.01530	0.00987	0.00636	0.00630	0.00201	0.00876	0.00543	0.00359	0.00983
26	0.02383	0.03003	0.01906	0.01798	0.05068	0.68244	0.01311	0.02561	0.01816	0.01633	0.01021	0.01216	0.00857	0.00693	0.00658	0.00175	0.04108	0.00437	0.00337	0.00774
27	0.00891	0.00620	0.00787	0.00885	0.00925	0.00601	0.00595	0.00990	0.01187	0.01576	0.03061	0.41900	0.03588	0.28433	0.01735	0.00403	0.00502	0.10290	0.00536	0.00496
28	0.07829	0.06898	0.05272	0.01568	0.04143	0.30608	0.01246	0.14929	0.13164	0.05961	0.01466	0.01522	0.01118	0.00723	0.00601	0.00188	0.00865	0.00517	0.00472	0.00910
29	0.03563	0.00684	0.00785	0.00767	0.00951	0.00616	0.00572	0.01118	0.01645	0.02221	0.37551	0.10114	0.34049	0.01505	0.00769	0.00217	0.00332	0.01292	0.00658	0.00591
30	0.00802	0.00573	0.00764	0.00917	0.00955	0.00535	0.00611	0.00917	0.01260	0.01681	0.03628	0.76434	0.04354	0.02062	0.00840	0.00267	0.00382	0.01872	0.00611	0.00535
31	0.00802	0.00573	0.00764	0.00917	0.00955	0.00535	0.00611	0.00917	0.01260	0.01681	0.03628	0.76434	0.04354	0.02062	0.00840	0.00267	0.00382	0.01872	0.00611	0.00535
32	0.04027	0.43626	0.15194	0.19214	0.02568	0.02106	0.01511	0.01920	0.01335	0.01718	0.01023	0.01284	0.00847	0.00599	0.00514	0.00174	0.00787	0.00432	0.00288	0.00836
33	0.01162	0.00792	0.00958	0.00907	0.01130	0.00748	0.00702	0.01578	0.08813	0.09067	0.32898	0.08067	0.22274	0.01403	0.00769	0.00223	0.00389	0.06747	0.00684	0.00690
34	0.00802	0.00573	0.00764	0.00917	0.00955	0.00535	0.00611	0.00917	0.01260	0.01681	0.03628	0.76434	0.04354	0.02062	0.00840	0.00267	0.00382	0.01872	0.00611	0.00535
35	0.15092	0.01719	0.01794	0.01395	0.01902	0.01901	0.01152	0.56443	0.02724	0.07244	0.01523	0.01531	0.01079	0.00763	0.00619	0.00199	0.00682	0.00558	0.00626	0.01055
36	0.09980	0.11488	0.02004	0.01641	0.07386	0.28917	0.01225	0.16990	0.01875	0.02321	0.01185	0.01393	0.00969	0.01010	0.06154	0.00248	0.03472	0.00484	0.00406	0.00853
37	0.02417	0.07592	0.01961	0.01662	0.02014	0.69917	0.01263	0.02589	0.01834	0.01607	0.01011	0.01179	0.00848	0.00671	0.00583	0.00168	0.01158	0.00420	0.00336	0.00768
38	0.00815	0.00668	0.00718	0.00706	0.00912	0.00571	0.00529	0.01016	0.01588	0.01985	0.22438	0.05995	0.56592	0.01590	0.00778	0.00219	0.00328	0.01342	0.00639	0.00571
39	0.02355	0.02501	0.01845	0.01590	0.01991	0.42085	0.01233	0.23214	0.12220	0.02539	0.01425	0.01487	0.01096	0.00743	0.00624	0.00186	0.00952	0.00521	0.00483	0.00910
40	0.01488	0.01408	0.02381	0.35248	0.37957	0.01540	0.04166	0.04298	0.01477	0.02014	0.01223	0.01688	0.00971	0.00624	0.00659	0.00207	0.00833	0.00592	0.00323	0.00903
41	0.00796	0.00652	0.00703	0.00724	0.00909	0.00558	0.00530	0.00968	0.01494	0.01842	0.12261	0.18022	0.54848	0.01704	0.00788	0.00228	0.00340	0.01452	0.00622	0.00558
42	0.01647	0.58254	0.21464	0.01319	0.01988	0.02328	0.01462	0.02001	0.01351	0.01687	0.00984	0.01142	0.00842	0.00579	0.00475	0.00158	0.00773	0.00387	0.00281	0.00878
43	0.02141	0.01952	0.01795	0.05932	0.02085	0.17850	0.01224	0.29944	0.24613	0.02993	0.01783	0.01784	0.01330	0.00790	0.00648	0.00201	0.00771	0.00603	0.00570	0.00993

[dist]
# distance from previous block
# <min> <max>
0	1

[block]
# block no. 4 follows, 33 sequences, length 57
# corresponding to MSA columns:
# 146-202
name=unknown_E
#
# <colnr> <probs for GDERKNQSTAVLIFYWHMCP>
#	G	D	E	R	K	N	Q	S	T	A	V	L	I	F	Y	W	H	M	C	P
0	0.03845	0.01673	0.02167	0.02082	0.17308	0.01765	0.06466	0.38292	0.04627	0.03229	0.01451	0.01598	0.01094	0.00706	0.00679	0.00192	0.02502	0.00584	0.00521	0.09221
1	0.01370	0.01236	0.01958	0.36898	0.22365	0.01390	0.01626	0.05545	0.04825	0.01997	0.01657	0.13089	0.01518	0.00870	0.00685	0.00219	0.00751	0.00789	0.00388	0.00823
2	0.47981	0.01109	0.01038	0.03626	0.01368	0.01210	0.00751	0.02081	0.01321	0.15789	0.01483	0.01588	0.01083	0.00682	0.00474	0.00194	0.00492	0.00473	0.16489	0.00769
3	0.01887	0.01575	0.01457	0.01285	0.01624	0.15874	0.00993	0.10074	0.23280	0.12143	0.11929	0.08837	0.04162	0.01009	0.00684	0.00209	0.00637	0.00826	0.00623	0.00892
4	0.01878	0.01470	0.01510	0.01231	0.01616	0.10398	0.00967	0.12585	0.07386	0.13309	0.04899	0.02158	0.03129	0.08130	0.01000	0.00224	0.06731	0.00624	0.00525	0.20230
5	0.00813	0.00598	0.00765	0.00894	0.00967	0.00550	0.00619	0.00946	0.01312	0.01712	0.04095	0.61679	0.14964	0.01987	0.00834	0.00262	0.00387	0.05462	0.00611	0.00542
6	0.00789	0.00667	0.00682	0.00678	0.00896	0.00560	0.00509	0.00966	0.01526	0.01839	0.11260	0.06237	0.67861	0.01645	0.00778	0.00221	0.00332	0.01376	0.00619	0.00560
7	0.01452	0.01586	0.03283	0.15636	0.03420	0.01584	0.50974	0.01942	0.01469	0.01984	0.01405	0.05809	0.01153	0.00684	0.00825	0.00227	0.04604	0.00792	0.00339	0.00833
8	0.02502	0.01594	0.01810	0.04064	0.01993	0.01704	0.01172	0.48032	0.04186	0.20548	0.01854	0.01795	0.01273	0.00793	0.00653	0.00199	0.00672	0.00613	0.03458	0.01086
9	0.00802	0.00659	0.00707	0.00713	0.00909	0.00563	0.00528	0.00985	0.01530	0.01893	0.15838	0.12650	0.56626	0.01658	0.00784	0.00224	0.00335	0.01406	0.00628	0.00563
10	0.00791	0.00661	0.00690	0.00697	0.00901	0.00559	0.00517	0.00965	0.01511	0.01837	0.11464	0.11123	0.62683	0.01670	0.00782	0.00224	0.00335	0.01408	0.00620	0.00559
11	0.02385	0.02876	0.01871	0.01670	0.02010	0.61541	0.01271	0.08872	0.04157	0.01880	0.01115	0.01277	0.00911	0.00720	0.00682	0.00180	0.04944	0.00458	0.00377	0.00803
12	0.00938	0.00630	0.00724	0.00743	0.00748	0.00625	0.00426	0.00952	0.00996	0.01328	0.02272	0.13505	0.02643	0.67325	0.03031	0.00591	0.00606	0.01074	0.00426	0.00416
13	0.01401	0.06929	0.64358	0.01864	0.02778	0.04808	0.04773	0.02104	0.01414	0.02039	0.01167	0.01379	0.00841	0.00622	0.00620	0.00204	0.00974	0.00488	0.00283	0.00954
14	0.01655	0.01678	0.06481	0.03800	0.65520	0.01585	0.02005	0.05360	0.01571	0.02244	0.01252	0.01614	0.01035	0.00599	0.00651	0.00196	0.00790	0.00581	0.00339	0.01043
15	0.01144	0.00572	0.00858	0.00858	0.00858	0.00572	0.00572	0.00858	0.00858	0.01144	0.01144	0.02001	0.01144	0.02287	0.02573	0.80846	0.00572	0.00572	0.00286	0.00286
16	0.01132	0.00579	0.00869	0.00869	0.00875	0.00585	0.00585	0.00875	0.00869	0.01164	0.01177	0.02033	0.01171	0.02431	0.06465	0.76514	0.00636	0.00579	0.00290	0.00302
17	0.01512	0.08347	0.57199	0.01818	0.02688	0.05143	0.05207	0.04250	0.01487	0.04660	0.01225	0.01410	0.00880	0.00632	0.00619	0.00202	0.00948	0.00497	0.00315	0.00960
18	0.00802	0.00573	0.00764	0.00917	0.00955	0.00535	0.00611	0.00917	0.01260	0.01681	0.03628	0.76434	0.04354	0.02062	0.00840	0.00267	0.00382	0.01872	0.00611	0.00535
19	0.01365	0.01170	0.01365	0.00975	0.01560	0.00878	0.00780	0.01658	0.01365	0.02145	0.01170	0.01365	0.00975	0.00488	0.00488	0.00098	0.00488	0.00390	0.00390	0.80888
20	0.04271	0.04246	0.04584	0.01471	0.04459	0.05047	0.04452	0.19758	0.13660	0.13271	0.01726	0.01735	0.01262	0.00708	0.00613	0.00181	0.00665	0.00570	0.00553	0.16769
21	0.01581	0.01087	0.01640	0.01310	0.01694	0.00992	0.12480	0.01972	0.06516	0.17041	0.07844	0.13046	0.02246	0.06878	0.05061	0.00278	0.00664	0.00876	0.00547	0.16245
22	0.01918	0.01400	0.01526	0.01301	0.01710	0.01543	0.01032	0.15615	0.44443	0.12656	0.02746	0.02538	0.06745	0.00918	0.00674	0.00216	0.00551	0.00750	0.00684	0.01033
23	0.00802	0.00573	0.00764	0.00917	0.00955	0.00535	0.00611	0.00917	0.01260	0.01681	0.03628	0.76434	0.04354	0.02062	0.00840	0.00267	0.00382	0.01872	0.00611	0.00535
24	0.23167	0.01914	0.01645	0.01365	0.01809	0.16284	0.01095	0.32894	0.08524	0.03202	0.01393	0.01447	0.01039	0.00730	0.00581	0.00196	0.00742	0.00511	0.00530	0.00935
25	0.01816	0.01693	0.02342	0.03116	0.47167	0.06718	0.01714	0.12270	0.11957	0.02492	0.01483	0.01712	0.01181	0.00667	0.00651	0.00198	0.00764	0.00599	0.00425	0.01034
26	0.00940	0.00705	0.01058	0.01058	0.01176	0.00823	0.00823	0.01176	0.01058	0.01528	0.01763	0.02586	0.01646	0.04937	0.74255	0.01058	0.01763	0.00705	0.00353	0.00588
27	0.00859	0.00670	0.00725	0.00727	0.00928	0.00585	0.00556	0.01070	0.01551	0.01986	0.16709	0.05868	0.51214	0.01553	0.00761	0.00220	0.00347	0.05982	0.07116	0.00575
28	0.01282	0.00879	0.01040	0.00958	0.01097	0.00935	0.00670	0.11449	0.04319	0.04635	0.02040	0.06058	0.02076	0.41697	0.17452	0.00613	0.00868	0.00864	0.00463	0.00605
29	0.00957	0.00638	0.00718	0.00718	0.00718	0.00638	0.00399	0.00957	0.00957	0.01276	0.02074	0.04308	0.02393	0.76864	0.03351	0.00638	0.00638	0.00957	0.00399	0.00399
30	0.00794	0.00655	0.00698	0.00715	0.00906	0.00558	0.00526	0.00966	0.01499	0.01838	0.11839	0.15799	0.57543	0.01694	0.00786	0.00227	0.00338	0.01438	0.00621	0.00558
31	0.01480	0.01461	0.02615	0.28679	0.32965	0.01551	0.14972	0.01973	0.04039	0.02001	0.01286	0.01732	0.01012	0.00617	0.00679	0.00210	0.00869	0.00628	0.00328	0.00904
32	0.00810	0.00668	0.00711	0.00700	0.00909	0.00569	0.00525	0.01006	0.01575	0.01955	0.20151	0.06045	0.58898	0.01601	0.00778	0.00219	0.00329	0.01349	0.00635	0.00569
33	0.00802	0.00573	0.00764	0.00917	0.00955	0.00535	0.00611	0.00917	0.01260	0.01681	0.03628	0.76434	0.04354	0.02062	0.00840	0.00267	0.00382	0.01872	0.00611	0.00535
34	0.01227	0.00614	0.00614	0.00614	0.00767	0.00614	0.00460	0.01534	0.01381	0.02454	0.02148	0.02454	0.01687	0.00767	0.00460	0.00153	0.00307	0.00614	0.80518	0.00614
35	0.02503	0.01844	0.01976	0.01515	0.02042	0.02042	0.01251	0.70562	0.03095	0.04149	0.01581	0.01581	0.01120	0.00790	0.00659	0.00198	0.00724	0.00593	0.00659	0.01120
36	0.02503	0.01844	0.01976	0.01515	0.02042	0.02042	0.01251	0.70562	0.03095	0.04149	0.01581	0.01581	0.01120	0.00790	0.00659	0.00198	0.00724	0.00593	0.00659	0.01120
37	0.00800	0.00640	0.00718	0.00769	0.00928	0.00558	0.00557	0.00960	0.01439	0.01787	0.08171	0.28543	0.46186	0.01785	0.00802	0.00238	0.00356	0.03592	0.00616	0.00553
38	0.01377	0.01180	0.01370	0.00990	0.01567	0.00910	0.00791	0.01735	0.04326	0.02171	0.01234	0.01411	0.01019	0.00505	0.00495	0.00103	0.00489	0.00405	0.00402	0.77520
39	0.01615	0.01549	0.02645	0.06774	0.70140	0.01560	0.02013	0.02007	0.01492	0.02133	0.01236	0.01634	0.01036	0.00589	0.00652	0.00196	0.00786	0.00587	0.00325	0.01031
40	0.01144	0.00572	0.00858	0.00858	0.00858	0.00572	0.00572	0.00858	0.00858	0.01144	0.01144	0.02001	0.01144	0.02287	0.02573	0.80846	0.00572	0.00572	0.00286	0.00286
41	0.01144	0.00572	0.00858	0.00858	0.00858	0.00572	0.00572	0.00858	0.00858	0.01144	0.01144	0.02001	0.01144	0.02287	0.02573	0.80846	0.00572	0.00572	0.00286	0.00286
42	0.01554	0.01776	0.03885	0.02775	0.03441	0.01665	0.70366	0.02109	0.01554	0.02109	0.01332	0.01776	0.00999	0.00555	0.00777	0.00222	0.01110	0.00777	0.00333	0.00888
43	0.01739	0.73718	0.06807	0.01162	0.01745	0.02553	0.01189	0.01977	0.01340	0.01575	0.00928	0.01072	0.00844	0.00566	0.00432	0.00144	0.00717	0.00358	0.00281	0.00851
44	0.00906	0.00672	0.00844	0.00801	0.00968	0.00610	0.00601	0.01193	0.01803	0.02496	0.61408	0.05155	0.17304	0.01400	0.00777	0.00210	0.00314	0.01224	0.00706	0.00610
45	0.02555	0.01760	0.01924	0.01475	0.02000	0.01917	0.01218	0.62754	0.02955	0.12155	0.01698	0.01657	0.01179	0.00793	0.00659	0.00198	0.00705	0.00601	0.00677	0.01120
46	0.01039	0.00776	0.01083	0.03100	0.01392	0.00809	0.01017	0.01309	0.01436	0.01884	0.03365	0.13931	0.06425	0.01925	0.04468	0.00329	0.04286	0.50249	0.00571	0.00605
47	0.01621	0.01308	0.01245	0.01099	0.01421	0.12483	0.00844	0.05859	0.09286	0.12274	0.10819	0.11866	0.17116	0.01152	0.00693	0.00201	0.00561	0.00956	0.00597	0.08600
48	0.00809	0.00588	0.00765	0.00904	0.00963	0.00544	0.00616	0.00935	0.01292	0.01700	0.03905	0.67541	0.10648	0.02017	0.00837	0.00264	0.00385	0.04136	0.00611	0.00539
49	0.00802	0.00668	0.00701	0.00692	0.00904	0.00566	0.00519	0.00992	0.01558	0.01915	0.17088	0.06111	0.61986	0.01616	0.00778	0.00220	0.00330	0.01358	0.00629	0.00566
50	0.02453	0.01712	0.01871	0.01448	0.01953	0.01866	0.01191	0.58712	0.05600	0.10778	0.04440	0.01807	0.01399	0.00818	0.00664	0.00200	0.00685	0.00628	0.00677	0.01097
51	0.14182	0.02247	0.01621	0.01526	0.05590	0.39132	0.01116	0.11983	0.01842	0.02317	0.01247	0.01420	0.00990	0.00691	0.00560	0.00178	0.00879	0.00472	0.11207	0.00801
52	0.00961	0.00642	0.00729	0.00734	0.00739	0.00642	0.00421	0.00971	0.00976	0.01299	0.02121	0.04411	0.02439	0.74386	0.03270	0.00627	0.00637	0.03181	0.00406	0.00406
53	0.05377	0.01420	0.01593	0.06631	0.06549	0.10394	0.04590	0.02046	0.14596	0.04075	0.06051	0.02883	0.16945	0.00998	0.00841	0.00214	0.09180	0.00790	0.00487	0.04340
54	0.00903	0.00767	0.04355	0.00990	0.01095	0.00650	0.00728	0.04060	0.01348	0.01810	0.03419	0.69464	0.04039	0.01936	0.00822	0.00261	0.00426	0.01747	0.00597	0.00582
55	0.01768	0.03225	0.01563	0.01155	0.01666	0.01261	0.00932	0.23448	0.01929	0.06578	0.01599	0.08454	0.01367	0.00749	0.00582	0.00152	0.00562	0.00606	0.00516	0.41887
56	0.01310	0.01086	0.01207	0.01036	0.01381	0.03281	0.00806	0.07130	0.10430	0.02386	0.17768	0.10622	0.08434	0.01078	0.00671	0.00185	0.00477	0.04307	0.00569	0.25837

[dist]
# distance from previous block
# <min> <max>
4	6

[block]
# block no. 5 follows, 33 sequences, length 97
# corresponding to MSA columns:
# 209-305
name=unknown_F
#
# <colnr> <probs for GDERKNQSTAVLIFYWHMCP>
#	G	D	E	R	K	N	Q	S	T	A	V	L	I	F	Y	W	H	M	C	P
0	0.01663	0.01434	0.02200	0.02161	0.18132	0.03460	0.15704	0.11907	0.01670	0.04377	0.01501	0.01838	0.01190	0.00942	0.04875	0.00246	0.07550	0.00630	0.15206	0.03313
1	0.01440	0.01440	0.02016	0.01728	0.01728	0.02016	0.01440	0.01584	0.01008	0.01584	0.00864	0.01440	0.00864	0.01152	0.02160	0.00288	0.75659	0.00576	0.00288	0.00720
2	0.01440	0.01440	0.02016	0.01728	0.01728	0.02016	0.01440	0.01584	0.01008	0.01584	0.00864	0.01440	0.00864	0.01152	0.02160	0.00288	0.75659	0.00576	0.00288	0.00720
3	0.01601	0.24911	0.38491	0.01668	0.02436	0.01876	0.07370	0.06369	0.03472	0.04240	0.01225	0.01390	0.00925	0.00625	0.00582	0.00189	0.00864	0.00489	0.00334	0.00944
4	0.00963	0.00697	0.00942	0.01081	0.01206	0.00677	0.00884	0.01200	0.01441	0.01871	0.03798	0.27074	0.09811	0.01875	0.00878	0.00286	0.00519	0.43605	0.00608	0.00581
5	0.00800	0.00579	0.00757	0.00900	0.00950	0.00536	0.00604	0.00919	0.01276	0.01687	0.03831	0.71762	0.08895	0.02036	0.00836	0.00264	0.00379	0.01839	0.00611	0.00536
6	0.01667	0.01506	0.02398	0.19318	0.39850	0.04361	0.05805	0.04158	0.01536	0.06799	0.01365	0.01825	0.01099	0.00674	0.00712	0.00208	0.03148	0.02263	0.00368	0.00940
7	0.00941	0.00703	0.01045	0.01045	0.01159	0.00816	0.00807	0.01168	0.01054	0.01519	0.01775	0.02650	0.01673	0.07592	0.71639	0.01043	0.01722	0.00715	0.00354	0.00581
8	0.00953	0.00636	0.00719	0.00724	0.00725	0.00635	0.00405	0.00956	0.00966	0.01289	0.02121	0.06456	0.02452	0.74636	0.03276	0.00627	0.00631	0.00985	0.00405	0.00403
9	0.00799	0.00586	0.00750	0.00881	0.00945	0.00538	0.00595	0.00921	0.01295	0.01695	0.04065	0.66380	0.14127	0.02006	0.00831	0.00261	0.00375	0.01802	0.00611	0.00538
10	0.01433	0.01405	0.02329	0.43994	0.27847	0.03784	0.06123	0.01854	0.01411	0.01867	0.01199	0.01695	0.00941	0.00628	0.00661	0.00210	0.00869	0.00592	0.00308	0.00849
11	0.01456	0.00992	0.01233	0.01218	0.01480	0.01037	0.01013	0.02219	0.22515	0.10970	0.07987	0.05130	0.03163	0.01386	0.00798	0.00260	0.00554	0.35128	0.00659	0.00800
12	0.00814	0.00698	0.00702	0.00695	0.00924	0.00601	0.00523	0.01052	0.04452	0.01820	0.06501	0.06172	0.69521	0.01635	0.00774	0.00222	0.00341	0.01362	0.00614	0.00576
13	0.01365	0.01170	0.01365	0.00975	0.01560	0.00878	0.00780	0.01658	0.01365	0.02145	0.01170	0.01365	0.00975	0.00488	0.00488	0.00098	0.00488	0.00390	0.00390	0.80888
14	0.02410	0.01798	0.01924	0.01496	0.02006	0.01999	0.01229	0.63421	0.10386	0.04000	0.01698	0.01674	0.01214	0.00801	0.00660	0.00200	0.00703	0.00609	0.00660	0.01111
15	0.02445	0.01815	0.01943	0.01503	0.02020	0.02015	0.01237	0.66092	0.07659	0.04056	0.01654	0.01639	0.01179	0.00797	0.00659	0.00199	0.00711	0.00603	0.00659	0.01114
16	0.01165	0.00898	0.01086	0.01114	0.01336	0.00918	0.00927	0.05358	0.12813	0.02207	0.07482	0.05955	0.18003	0.01559	0.00823	0.00263	0.00526	0.36247	0.00626	0.00694
17	0.40193	0.01872	0.01447	0.01259	0.01631	0.22117	0.01004	0.09961	0.01578	0.05555	0.01087	0.01241	0.00849	0.00704	0.00646	0.00200	0.07005	0.00434	0.00424	0.00791
18	0.00957	0.00655	0.00781	0.00792	0.00823	0.00667	0.00499	0.01011	0.01023	0.01369	0.02268	0.04363	0.04500	0.60690	0.11897	0.00655	0.00766	0.05429	0.00413	0.00441
19	0.00805	0.00673	0.00704	0.00710	0.00923	0.00572	0.00541	0.00989	0.01526	0.01847	0.10865	0.06305	0.64059	0.01655	0.00786	0.00226	0.00348	0.05287	0.00619	0.00563
20	0.07105	0.69073	0.03218	0.01133	0.01676	0.05546	0.01105	0.01997	0.01345	0.01645	0.00920	0.01062	0.00836	0.00571	0.00429	0.00146	0.00711	0.00355	0.00292	0.00833
21	0.02008	0.06556	0.01756	0.01322	0.01756	0.01711	0.01084	0.39418	0.14764	0.05252	0.04675	0.05168	0.07757	0.00964	0.00673	0.00207	0.00619	0.02690	0.00635	0.00986
22	0.00976	0.03925	0.01136	0.01038	0.01167	0.00886	0.00807	0.01195	0.01063	0.01512	0.01748	0.02637	0.01662	0.09547	0.66419	0.00991	0.01644	0.00707	0.00353	0.00586
23	0.00832	0.00627	0.00776	0.00876	0.00987	0.00571	0.00634	0.00992	0.01385	0.01781	0.07091	0.44728	0.24330	0.01890	0.00828	0.00256	0.00393	0.09855	0.00615	0.00553
24	0.06541	0.01094	0.01324	0.01070	0.01475	0.01031	0.00861	0.10026	0.04838	0.31307	0.18601	0.02926	0.07325	0.00956	0.00667	0.00197	0.00495	0.00788	0.00697	0.07780
25	0.01514	0.01446	0.02463	0.25398	0.52305	0.01534	0.01963	0.01919	0.01444	0.02010	0.01218	0.01667	0.00993	0.00608	0.00654	0.00203	0.00811	0.00586	0.00316	0.00949
26	0.00989	0.00720	0.00808	0.00814	0.00845	0.02899	0.00506	0.01039	0.01022	0.01354	0.02106	0.09136	0.02373	0.58155	0.13941	0.00662	0.00809	0.00968	0.00405	0.00449
27	0.00953	0.00636	0.00719	0.00724	0.00725	0.00635	0.00405	0.00956	0.00967	0.01289	0.02121	0.06495	0.02453	0.74595	0.03275	0.00627	0.00630	0.00985	0.00405	0.00403
28	0.01365	0.01170	0.01365	0.00975	0.01560	0.00878	0.00780	0.01658	0.01365	0.02145	0.01170	0.01365	0.00975	0.00488	0.00488	0.00098	0.00488	0.00390	0.00390	0.80888
29	0.02462	0.03065	0.01872	0.01686	0.02036	0.70182	0.01271	0.06430	0.01934	0.01753	0.01049	0.01209	0.00863	0.00685	0.00597	0.00171	0.01161	0.00433	0.00357	0.00783
30	0.01809	0.01863	0.02502	0.03531	0.57541	0.14991	0.01859	0.04228	0.01615	0.02112	0.01208	0.01546	0.01009	0.00610	0.00641	0.00191	0.00855	0.00557	0.00339	0.00994
31	0.02459	0.03138	0.01866	0.01696	0.02035	0.74221	0.01272	0.02629	0.01866	0.01611	0.01018	0.01187	0.00848	0.00678	0.00594	0.00170	0.01187	0.00424	0.00339	0.00763
32	0.01807	0.74280	0.03375	0.01128	0.01689	0.02541	0.01120	0.02020	0.01359	0.04354	0.00981	0.01102	0.00876	0.00573	0.00432	0.00143	0.00698	0.00364	0.00302	0.00856
33	0.05268	0.01659	0.01752	0.01423	0.01887	0.01867	0.01151	0.42514	0.28912	0.03575	0.01970	0.01892	0.01440	0.00822	0.00653	0.00208	0.00639	0.00641	0.00653	0.01074
34	0.01560	0.01356	0.02150	0.21150	0.34532	0.01443	0.03781	0.05878	0.05831	0.04360	0.01617	0.01947	0.03320	0.00689	0.00647	0.00202	0.00736	0.00631	0.07257	0.00915
35	0.01609	0.01573	0.04620	0.11818	0.56532	0.01542	0.06536	0.02023	0.01490	0.04081	0.01273	0.01664	0.01032	0.00600	0.00660	0.00201	0.00814	0.00598	0.00335	0.00998
36	0.01992	0.02269	0.02024	0.02389	0.26209	0.38419	0.01449	0.04362	0.01766	0.01967	0.07262	0.01834	0.03748	0.00739	0.00637	0.00184	0.00932	0.00581	0.00386	0.00852
37	0.00807	0.00583	0.00765	0.00908	0.00961	0.00541	0.00615	0.00929	0.01281	0.01694	0.03813	0.70430	0.08556	0.02032	0.00838	0.00265	0.00384	0.03448	0.00611	0.00538
38	0.00899	0.00660	0.00843	0.00822	0.00970	0.00603	0.00607	0.01170	0.01749	0.02428	0.56775	0.14055	0.13028	0.01470	0.00785	0.00216	0.00322	0.01297	0.00698	0.00603
39	0.02459	0.03138	0.01866	0.01696	0.02035	0.74221	0.01272	0.02629	0.01866	0.01611	0.01018	0.01187	0.00848	0.00678	0.00594	0.00170	0.01187	0.00424	0.00339	0.00763
40	0.00942	0.00699	0.01027	0.01027	0.01134	0.00806	0.00784	0.01156	0.01049	0.01505	0.01792	0.02743	0.01714	0.11492	0.67794	0.01020	0.01661	0.00728	0.00357	0.00571
41	0.01102	0.00848	0.00919	0.00872	0.01132	0.00813	0.00674	0.01634	0.15651	0.06129	0.11203	0.05252	0.45100	0.01442	0.00756	0.00224	0.00396	0.04514	0.00644	0.00694
42	0.04966	0.01697	0.01850	0.01435	0.01946	0.01848	0.01181	0.54612	0.07429	0.13601	0.01774	0.01715	0.01237	0.00795	0.00652	0.00200	0.00681	0.00605	0.00673	0.01102
43	0.02459	0.03138	0.01866	0.01696	0.02035	0.74221	0.01272	0.02629	0.01866	0.01611	0.01018	0.01187	0.00848	0.00678	0.00594	0.00170	0.01187	0.00424	0.00339	0.00763
44	0.00885	0.00659	0.00828	0.00869	0.00994	0.00615	0.00627	0.01147	0.03870	0.02112	0.30761	0.33844	0.14893	0.01680	0.00803	0.00237	0.00359	0.03569	0.00657	0.00590
45	0.00802	0.00573	0.00764	0.00917	0.00955	0.00535	0.00611	0.00917	0.01260	0.01681	0.03628	0.76434	0.04354	0.02062	0.00840	0.00267	0.00382	0.01872	0.00611	0.00535
46	0.01562	0.01316	0.02049	0.02185	0.20350	0.01356	0.11808	0.02273	0.18324	0.08125	0.02297	0.06716	0.04790	0.01107	0.03644	0.00259	0.03062	0.07362	0.00505	0.00907
47	0.00815	0.00579	0.00760	0.00900	0.00935	0.00544	0.00593	0.00920	0.01234	0.01646	0.03495	0.70250	0.04186	0.08476	0.01056	0.00299	0.00404	0.01793	0.00593	0.00523
48	0.01563	0.01362	0.01521	0.10186	0.02025	0.01583	0.01119	0.03201	0.60961	0.02595	0.02623	0.02493	0.04069	0.00889	0.00672	0.00223	0.00558	0.00745	0.00623	0.00990
49	0.13743	0.20344	0.16846	0.01449	0.04156	0.01910	0.01375	0.16828	0.12740	0.02631	0.01399	0.01476	0.01071	0.00684	0.00558	0.00191	0.00708	0.00501	0.00442	0.00947
50	0.00940	0.00705	0.01058	0.01058	0.01176	0.00823	0.00823	0.01176	0.01058	0.01528	0.01763	0.02586	0.01646	0.04937	0.74255	0.01058	0.01763	0.00705	0.00353	0.00588
51	0.01227	0.00614	0.00614	0.00614	0.00767	0.00614	0.00460	0.01534	0.01381	0.02454	0.02148	0.02454	0.01687	0.00767	0.00460	0.00153	0.00307	0.00614	0.80518	0.00614
52	0.01736	0.01797	0.06283	0.05774	0.37422	0.07659	0.05961	0.10225	0.01653	0.02260	0.01218	0.01558	0.00994	0.00678	0.00810	0.00203	0.08861	0.00572	0.00362	0.03974
53	0.01320	0.03405	0.73453	0.01876	0.02849	0.01529	0.02432	0.02085	0.01390	0.02085	0.01181	0.01390	0.00834	0.00625	0.00625	0.00208	0.00973	0.00486	0.00278	0.00973
54	0.00808	0.00575	0.00762	0.00909	0.00946	0.00539	0.00603	0.00918	0.01249	0.01665	0.03570	0.73719	0.04280	0.04878	0.00935	0.00281	0.00392	0.01837	0.00603	0.00530
55	0.10949	0.01317	0.02247	0.48795	0.07943	0.01508	0.14357	0.01811	0.01347	0.01941	0.01174	0.01669	0.00890	0.00629	0.00650	0.00217	0.00871	0.00593	0.00316	0.00776
56	0.00957	0.00638	0.00718	0.00718	0.00718	0.00638	0.00399	0.00957	0.00957	0.01276	0.02074	0.04308	0.02393	0.76864	0.03351	0.00638	0.00638	0.00957	0.00399	0.00399
57	0.01499	0.01683	0.03606	0.02611	0.03210	0.01603	0.63123	0.02010	0.01514	0.02060	0.01467	0.06739	0.01217	0.00678	0.00833	0.00227	0.03868	0.00842	0.00350	0.00858
58	0.02022	0.01000	0.01250	0.01029	0.01398	0.00923	0.00824	0.07942	0.04078	0.35765	0.18699	0.03418	0.13329	0.01061	0.00697	0.00205	0.00472	0.00885	0.04104	0.00900
59	0.01144	0.00572	0.00858	0.00858	0.00858	0.00572	0.00572	0.00858	0.00858	0.01144	0.01144	0.02001	0.01144	0.02287	0.02573	0.80846	0.00572	0.00572	0.00286	0.00286
60	0.02503	0.01844	0.01976	0.01515	0.02042	0.02042	0.01251	0.70562	0.03095	0.04149	0.01581	0.01581	0.01120	0.00790	0.00659	0.00198	0.00724	0.00593	0.00659	0.01120
61	0.00834	0.00596	0.00800	0.00953	0.01005	0.00562	0.00666	0.00971	0.01292	0.01716	0.03611	0.67990	0.04285	0.02033	0.00849	0.00272	0.00409	0.10004	0.00611	0.00543
62	0.00825	0.00640	0.00752	0.00785	0.00934	0.00566	0.00566	0.01013	0.01520	0.01971	0.22710	0.27508	0.34440	0.01706	0.00797	0.00232	0.00342	0.01486	0.00641	0.00566
63	0.00833	0.00677	0.00743	0.00749	0.00953	0.00587	0.00577	0.01037	0.01563	0.01943	0.17465	0.06206	0.54358	0.01628	0.00791	0.00228	0.00357	0.08102	0.00630	0.00572
64	0.01320	0.03405	0.73453	0.01876	0.02849	0.01529	0.02432	0.02085	0.01390	0.02085	0.01181	0.01390	0.00834	0.00625	0.00625	0.00208	0.00973	0.00486	0.00278	0.00973
65	0.01513	0.01446	0.02463	0.25429	0.52275	0.01534	0.01963	0.01919	0.01444	0.02010	0.01218	0.01667	0.00993	0.00608	0.00654	0.00203	0.00811	0.00586	0.00316	0.00949
66	0.01086	0.00773	0.00895	0.00833	0.01064	0.00714	0.00635	0.01475	0.08195	0.07649	0.32570	0.05090	0.33745	0.01400	0.00759	0.00215	0.00359	0.01194	0.00678	0.00670
67	0.00778	0.00667	0.00667	0.00667	0.00889	0.00556	0.00500	0.00945	0.01501	0.01778	0.06669	0.06336	0.72490	0.01667	0.00778	0.00222	0.00333	0.01389	0.00611	0.00556
68	0.02483	0.01754	0.01905	0.01474	0.01989	0.01924	0.01213	0.60386	0.07556	0.09908	0.01740	0.01695	0.01222	0.00799	0.00660	0.00200	0.00697	0.00609	0.00673	0.01114
69	0.00800	0.00636	0.00719	0.00765	0.00920	0.00555	0.00548	0.00963	0.01454	0.01825	0.11688	0.29637	0.43630	0.01770	0.00799	0.00236	0.00348	0.01532	0.00622	0.00555
70	0.01760	0.77260	0.03450	0.01126	0.01690	0.02605	0.01126	0.01971	0.01338	0.01549	0.00915	0.01056	0.00845	0.00563	0.00422	0.00141	0.00704	0.00352	0.00282	0.00845
71	0.00932	0.00673	0.00880	0.00828	0.00984	0.00621	0.00621	0.01242	0.01863	0.02640	0.72410	0.04918	0.06212	0.01346	0.00776	0.00207	0.00311	0.01191	0.00725	0.00621
72	0.01482	0.03179	0.66343	0.01807	0.02734	0.01473	0.02288	0.02196	0.01439	0.09116	0.01321	0.01474	0.00913	0.00644	0.00629	0.00208	0.00932	0.00504	0.00331	0.00988
73	0.00802	0.00573	0.00764	0.00917	0.00955	0.00535	0.00611	0.00917	0.01260	0.01681	0.03628	0.76434	0.04354	0.02062	0.00840	0.00267	0.00382	0.01872	0.00611	0.00535
74	0.01554	0.01776	0.03885	0.02775	0.03441	0.01665	0.70366	0.02109	0.01554	0.02109	0.01332	0.01776	0.00999	0.00555	0.00777	0.00222	0.01110	0.00777	0.00333	0.00888
75	0.02459	0.03138	0.01866	0.01696	0.02035	0.74221	0.01272	0.02629	0.01866	0.01611	0.01018	0.01187	0.00848	0.00678	0.00594	0.00170	0.01187	0.00424	0.00339	0.00763
76	0.01320	0.03405	0.73453	0.01876	0.02849	0.01529	0.02432	0.02085	0.01390	0.02085	0.01181	0.01390	0.00834	0.00625	0.00625	0.00208	0.00973	0.00486	0.00278	0.00973
77	0.00802	0.00573	0.00764	0.00917	0.00955	0.00535	0.00611	0.00917	0.01260	0.01681	0.03628	0.76434	0.04354	0.02062	0.00840	0.00267	0.00382	0.01872	0.00611	0.00535
78	0.01760	0.77260	0.03450	0.01126	0.01690	0.02605	0.01126	0.01971	0.01338	0.01549	0.00915	0.01056	0.00845	0.00563	0.00422	0.00141	0.00704	0.00352	0.00282	0.00845
79	0.01320	0.03405	0.73453	0.01876	0.02849	0.01529	0.02432	0.02085	0.01390	0.02085	0.01181	0.01390	0.00834	0.00625	0.00625	0.00208	0.00973	0.00486	0.00278	0.00973
80	0.00843	0.00602	0.00811	0.00964	0.01020	0.00570	0.00683	0.00988	0.01301	0.01727	0.03606	0.65405	0.04264	0.02024	0.00851	0.00273	0.00418	0.12493	0.00610	0.00546
81	0.01760	0.77260	0.03450	0.01126	0.01690	0.02605	0.01126	0.01971	0.01338	0.01549	0.00915	0.01056	0.00845	0.00563	0.00422	0.00141	0.00704	0.00352	0.00282	0.00845
82	0.01723	0.71091	0.09297	0.01189	0.01787	0.02515	0.01236	0.01981	0.01342	0.01594	0.00937	0.01084	0.00844	0.00568	0.00439	0.00146	0.00726	0.00363	0.00281	0.00856
83	0.01709	0.68731	0.11534	0.01213	0.01824	0.02481	0.01277	0.01984	0.01344	0.01611	0.00946	0.01095	0.00844	0.00570	0.00446	0.00149	0.00735	0.00368	0.00281	0.00860
84	0.00937	0.08245	0.03265	0.00809	0.01053	0.00804	0.00658	0.01156	0.01545	0.01969	0.22603	0.09860	0.39830	0.03410	0.00809	0.00224	0.00395	0.01229	0.00592	0.00608
85	0.01462	0.29855	0.46039	0.01577	0.02374	0.01885	0.01906	0.02008	0.01367	0.01880	0.01162	0.03603	0.00947	0.00648	0.00559	0.00186	0.00858	0.00481	0.00290	0.00913
86	0.01676	0.43978	0.17697	0.01330	0.01902	0.09787	0.01363	0.04098	0.01443	0.01749	0.01220	0.06282	0.01134	0.03080	0.00610	0.00184	0.00789	0.00516	0.00324	0.00837
87	0.12541	0.34178	0.15209	0.01266	0.01811	0.09110	0.01261	0.04693	0.01446	0.04195	0.03053	0.01494	0.01101	0.05357	0.00682	0.00201	0.00756	0.00463	0.00354	0.00828
88	0.01253	0.21866	0.13130	0.01064	0.01466	0.01321	0.01023	0.01555	0.03222	0.03950	0.03083	0.10188	0.20910	0.10018	0.00963	0.00253	0.00597	0.02975	0.00452	0.00712
89	0.08218	0.28902	0.16798	0.01192	0.01663	0.01631	0.01191	0.04207	0.01369	0.01919	0.03848	0.17590	0.01859	0.06018	0.00767	0.00224	0.00658	0.00780	0.00397	0.00767
