[name]
unknown

[dist]
# distance from previous block
# <min> <max>
0	83

[block]
# block no. 0 follows, 27 sequences, length 12
# corresponding to MSA columns:
# 83-94
name=unknown_A
#
# <colnr> <probs for GDERKNQSTAVLIFYWHMCP>
#	G	D	E	R	K	N	Q	S	T	A	V	L	I	F	Y	W	H	M	C	P
0	0.04567	0.11725	0.11102	0.05473	0.02231	0.01545	0.06363	0.05172	0.05434	0.02402	0.04664	0.06942	0.02064	0.01224	0.03786	0.00267	0.00818	0.09964	0.00491	0.13764
1	0.01727	0.12196	0.08442	0.01321	0.01893	0.01517	0.01179	0.08871	0.08817	0.04671	0.04843	0.10011	0.01919	0.00917	0.00661	0.00187	0.00650	0.00749	0.00535	0.28898
2	0.01436	0.01184	0.01375	0.01034	0.01545	0.00929	0.00783	0.01691	0.01436	0.02198	0.01549	0.02288	0.01460	0.17089	0.01278	0.00247	0.00588	0.00584	0.00442	0.60864
3	0.02237	0.01838	0.01940	0.01682	0.04736	0.10950	0.04101	0.28410	0.06301	0.07625	0.09732	0.06428	0.06986	0.01101	0.00781	0.00232	0.00779	0.02431	0.00675	0.01035
4	0.00889	0.00752	0.00768	0.00764	0.01010	0.00632	0.00573	0.01088	0.01719	0.02070	0.11584	0.07039	0.64874	0.01856	0.00877	0.00250	0.00374	0.01552	0.00698	0.00632
5	0.01586	0.01107	0.00898	0.00870	0.01074	0.10938	0.00652	0.01910	0.01637	0.02629	0.02236	0.02559	0.01765	0.00850	0.00541	0.00176	0.00491	0.00661	0.66705	0.00717
6	0.01766	0.24085	0.26994	0.01719	0.02435	0.08242	0.05824	0.05174	0.01776	0.02323	0.11112	0.02052	0.01856	0.00812	0.00671	0.00209	0.00917	0.00639	0.00418	0.00977
7	0.01767	0.06299	0.05690	0.02222	0.08537	0.01745	0.21393	0.08512	0.15930	0.02682	0.03803	0.09161	0.01891	0.00925	0.00778	0.00234	0.00850	0.00890	0.00530	0.06161
8	0.01451	0.00824	0.00836	0.00811	0.01020	0.00860	0.00615	0.02053	0.11240	0.02817	0.02509	0.02768	0.01956	0.00886	0.00553	0.00184	0.00381	0.00713	0.66759	0.00762
9	0.01062	0.00793	0.00975	0.01078	0.01171	0.00798	0.00733	0.01464	0.11086	0.02020	0.03738	0.55382	0.04275	0.10211	0.01239	0.00341	0.00486	0.01809	0.00672	0.00669
10	0.43756	0.01662	0.04913	0.01265	0.01777	0.01742	0.01080	0.11541	0.14201	0.09036	0.01686	0.01709	0.01236	0.00797	0.00591	0.00233	0.00642	0.00557	0.00585	0.00991
11	0.08111	0.32337	0.06107	0.05421	0.02209	0.17281	0.01361	0.05293	0.04654	0.04788	0.01299	0.01454	0.01057	0.00711	0.00582	0.00187	0.00894	0.00485	0.00411	0.05360

[dist]
# distance from previous block
# <min> <max>
1	9

[block]
# block no. 1 follows, 27 sequences, length 24
# corresponding to MSA columns:
# 104-108,110-128
name=unknown_B
#
# <colnr> <probs for GDERKNQSTAVLIFYWHMCP>
#	G	D	E	R	K	N	Q	S	T	A	V	L	I	F	Y	W	H	M	C	P
0	0.01377	0.01010	0.01243	0.01262	0.01490	0.01023	0.01026	0.13004	0.01974	0.02586	0.06242	0.21519	0.11972	0.01866	0.00934	0.00297	0.00601	0.29111	0.00701	0.00762
1	0.02034	0.01776	0.01756	0.01533	0.01972	0.06913	0.01202	0.14926	0.47946	0.03231	0.02913	0.02732	0.05698	0.01017	0.00754	0.00242	0.00672	0.00823	0.00722	0.01137
2	0.01674	0.01843	0.08234	0.22948	0.34608	0.01749	0.13724	0.02195	0.01634	0.02264	0.01389	0.01885	0.01097	0.00681	0.00760	0.00234	0.00995	0.00691	0.00354	0.01041
3	0.01575	0.01120	0.01341	0.13719	0.02009	0.05425	0.01022	0.01874	0.01849	0.14302	0.20503	0.07907	0.21694	0.01365	0.00820	0.00241	0.00589	0.01159	0.00679	0.00808
4	0.01763	0.01554	0.05018	0.13984	0.02553	0.01390	0.02778	0.08970	0.05791	0.05965	0.01548	0.01782	0.01195	0.00695	0.00690	0.00176	0.02561	0.00563	0.00485	0.40540
5	0.02216	0.04662	0.02536	0.17384	0.03104	0.34625	0.11116	0.06080	0.01902	0.02071	0.01255	0.01618	0.01007	0.00784	0.00850	0.00223	0.06690	0.00597	0.00384	0.00895
6	0.65285	0.01415	0.01294	0.13668	0.02092	0.01663	0.01028	0.02131	0.01303	0.03075	0.01085	0.01344	0.00837	0.00699	0.00510	0.00233	0.00648	0.00448	0.00436	0.00808
7	0.05354	0.01349	0.01762	0.01429	0.01847	0.01386	0.01167	0.08833	0.01977	0.42721	0.02522	0.09175	0.01895	0.01114	0.01057	0.00253	0.13456	0.00843	0.00758	0.01102
8	0.01706	0.04852	0.28092	0.02104	0.05865	0.01606	0.14715	0.04526	0.01799	0.08238	0.13544	0.02455	0.02160	0.00881	0.00845	0.00238	0.04096	0.00781	0.00485	0.01013
9	0.01384	0.00692	0.00692	0.00692	0.00865	0.00692	0.00519	0.01730	0.01557	0.02768	0.02422	0.02768	0.01903	0.00865	0.00519	0.00173	0.00346	0.00692	0.78031	0.00692
10	0.01817	0.01743	0.02976	0.07768	0.66230	0.01758	0.02268	0.02260	0.01681	0.02400	0.01393	0.01844	0.01167	0.00665	0.00735	0.00222	0.00887	0.00661	0.00366	0.01159
11	0.01059	0.00897	0.00933	0.00910	0.01177	0.00846	0.00685	0.01591	0.13511	0.02236	0.09104	0.09870	0.51029	0.01733	0.00859	0.00253	0.00416	0.01457	0.00706	0.00726
12	0.01384	0.00692	0.00692	0.00692	0.00865	0.00692	0.00519	0.01730	0.01557	0.02768	0.02422	0.02768	0.01903	0.00865	0.00519	0.00173	0.00346	0.00692	0.78031	0.00692
13	0.01899	0.01621	0.01708	0.01521	0.01950	0.01871	0.01188	0.07333	0.64464	0.03190	0.02955	0.02717	0.02212	0.01001	0.00755	0.00250	0.00600	0.00830	0.00755	0.01180
14	0.01034	0.00770	0.01112	0.01206	0.01315	0.00746	0.03583	0.01241	0.01480	0.01968	0.03733	0.45877	0.04299	0.06092	0.05003	0.00381	0.00633	0.18244	0.00646	0.00636
15	0.01979	0.01385	0.01635	0.01209	0.01837	0.01158	0.00976	0.07607	0.05093	0.14656	0.01729	0.01796	0.01302	0.00666	0.00611	0.00148	0.00588	0.00533	0.00566	0.54525
16	0.01109	0.00767	0.00898	0.00891	0.00927	0.00795	0.00545	0.01233	0.03909	0.01548	0.02320	0.04507	0.02567	0.61584	0.12753	0.00764	0.00886	0.01031	0.00456	0.00509
17	0.01854	0.05385	0.01794	0.01498	0.01929	0.01903	0.01180	0.03855	0.64478	0.03035	0.02918	0.02687	0.02198	0.00988	0.00741	0.00247	0.00598	0.00816	0.00733	0.01163
18	0.01214	0.00922	0.01117	0.01120	0.01300	0.00940	0.00815	0.04929	0.13606	0.02594	0.24450	0.35626	0.04926	0.01762	0.00880	0.00267	0.00452	0.01567	0.00744	0.00769
19	0.01468	0.00870	0.01245	0.01173	0.01370	0.00934	0.00904	0.01707	0.01347	0.13834	0.02195	0.03064	0.01947	0.12376	0.50934	0.00968	0.01605	0.00818	0.00496	0.00746
20	0.15480	0.01641	0.02342	0.02054	0.05816	0.02092	0.08855	0.01951	0.01260	0.02164	0.01068	0.01604	0.00972	0.01079	0.01813	0.00294	0.47673	0.00632	0.00357	0.00852
21	0.01177	0.00881	0.01071	0.01013	0.01013	0.00997	0.00659	0.01206	0.01090	0.01501	0.02096	0.04281	0.02391	0.60958	0.03539	0.00649	0.13533	0.01003	0.00428	0.00514
22	0.01651	0.01544	0.02593	0.07066	0.54134	0.01551	0.01985	0.02039	0.01633	0.02306	0.01874	0.14613	0.01833	0.00962	0.00773	0.00236	0.00806	0.00920	0.00423	0.01057
23	0.02214	0.04997	0.02142	0.01834	0.09615	0.01692	0.04510	0.22336	0.09641	0.12099	0.05033	0.02392	0.05286	0.00887	0.00723	0.00211	0.00713	0.00738	0.00644	0.12291

[dist]
# distance from previous block
# <min> <max>
1	37

[block]
# block no. 2 follows, 27 sequences, length 45
# corresponding to MSA columns:
# 166-210
name=unknown_C
#
# <colnr> <probs for GDERKNQSTAVLIFYWHMCP>
#	G	D	E	R	K	N	Q	S	T	A	V	L	I	F	Y	W	H	M	C	P
0	0.04646	0.04536	0.02152	0.12974	0.04776	0.05449	0.01442	0.34725	0.02624	0.11777	0.03854	0.01957	0.01422	0.00850	0.00719	0.00220	0.00819	0.00662	0.00636	0.03761
1	0.02070	0.05836	0.02270	0.13891	0.15550	0.27613	0.01621	0.02620	0.10450	0.02181	0.05523	0.01981	0.01538	0.00827	0.00758	0.00219	0.03018	0.00643	0.00441	0.00950
2	0.01084	0.00882	0.01090	0.01178	0.05661	0.00795	0.00792	0.01395	0.04456	0.02258	0.15994	0.24038	0.26614	0.01692	0.00849	0.00246	0.00446	0.01476	0.00668	0.08384
3	0.01657	0.01446	0.01550	0.01540	0.07267	0.05540	0.01089	0.09889	0.24765	0.02878	0.14705	0.03966	0.18152	0.01237	0.00795	0.00239	0.00595	0.01035	0.00694	0.00961
4	0.01718	0.01642	0.02797	0.23104	0.51666	0.01732	0.02219	0.02174	0.01634	0.02280	0.01375	0.01876	0.01125	0.00684	0.00737	0.00228	0.00911	0.00661	0.00357	0.01079
5	0.02022	0.01726	0.01732	0.01536	0.01968	0.06387	0.01198	0.06472	0.57625	0.06424	0.02842	0.02622	0.02117	0.00982	0.00749	0.00245	0.00649	0.00804	0.00738	0.01162
6	0.01086	0.00899	0.01041	0.01198	0.04244	0.04898	0.00785	0.01263	0.01577	0.02054	0.13126	0.47246	0.10166	0.05515	0.01044	0.00298	0.00504	0.01741	0.00662	0.00653
7	0.01005	0.00775	0.00822	0.00798	0.01054	0.00656	0.00603	0.01216	0.01758	0.05100	0.14394	0.06757	0.58879	0.01796	0.00871	0.00248	0.00384	0.01505	0.00714	0.00663
8	0.01384	0.00692	0.00692	0.00692	0.00865	0.00692	0.00519	0.01730	0.01557	0.02768	0.02422	0.02768	0.01903	0.00865	0.00519	0.00173	0.00346	0.00692	0.78031	0.00692
9	0.01536	0.01610	0.08378	0.16686	0.12332	0.01620	0.03344	0.05200	0.05758	0.02265	0.06806	0.07035	0.01966	0.07385	0.01347	0.00300	0.14241	0.00847	0.00452	0.00891
10	0.05587	0.01897	0.02333	0.37809	0.19627	0.16232	0.01920	0.02226	0.01653	0.02076	0.01288	0.01773	0.01018	0.00725	0.00711	0.00228	0.01017	0.00609	0.00356	0.00915
11	0.01384	0.00692	0.00692	0.00692	0.00865	0.00692	0.00519	0.01730	0.01557	0.02768	0.02422	0.02768	0.01903	0.00865	0.00519	0.00173	0.00346	0.00692	0.78031	0.00692
12	0.03148	0.01556	0.01904	0.01460	0.02041	0.01526	0.01206	0.26289	0.02615	0.46430	0.02517	0.02260	0.01631	0.00909	0.00745	0.00227	0.00698	0.00718	0.00856	0.01263
13	0.01799	0.04262	0.16352	0.06107	0.25768	0.04536	0.01891	0.02585	0.13799	0.06400	0.02135	0.04573	0.04796	0.00871	0.00737	0.00232	0.00840	0.00752	0.00483	0.01082
14	0.01739	0.02094	0.07669	0.03078	0.03846	0.01870	0.63387	0.02377	0.01743	0.02377	0.01493	0.01981	0.01117	0.00630	0.00868	0.00250	0.01244	0.00860	0.00372	0.01006
15	0.01402	0.01319	0.02227	0.72126	0.05113	0.01649	0.02062	0.01897	0.01484	0.01897	0.01319	0.01979	0.00990	0.00742	0.00742	0.00247	0.00990	0.00660	0.00330	0.00825
16	0.02704	0.03423	0.02114	0.01915	0.02274	0.66810	0.01446	0.02894	0.02046	0.01815	0.01137	0.01356	0.00957	0.00797	0.00775	0.00199	0.05612	0.00488	0.00379	0.00858
17	0.01276	0.00816	0.00990	0.00926	0.01173	0.00727	0.00715	0.01563	0.01920	0.10285	0.34118	0.05756	0.27234	0.01569	0.00852	0.00241	0.00407	0.04391	0.04299	0.00739
18	0.01384	0.00692	0.00692	0.00692	0.00865	0.00692	0.00519	0.01730	0.01557	0.02768	0.02422	0.02768	0.01903	0.00865	0.00519	0.00173	0.00346	0.00692	0.78031	0.00692
19	0.01752	0.02003	0.04380	0.03129	0.03880	0.01877	0.66583	0.02378	0.01752	0.02378	0.01502	0.02003	0.01126	0.00626	0.00876	0.00250	0.01252	0.00876	0.00375	0.01001
20	0.01350	0.00696	0.00696	0.00696	0.00874	0.00688	0.00522	0.01686	0.01566	0.02717	0.02758	0.03057	0.06329	0.00932	0.00543	0.00178	0.00348	0.00750	0.72927	0.00688
21	0.01384	0.00692	0.00692	0.00692	0.00865	0.00692	0.00519	0.01730	0.01557	0.02768	0.02422	0.02768	0.01903	0.00865	0.00519	0.00173	0.00346	0.00692	0.78031	0.00692
22	0.01156	0.00825	0.01150	0.01321	0.01474	0.00819	0.01126	0.01468	0.01669	0.02176	0.03953	0.17441	0.04361	0.02089	0.01015	0.00336	0.00648	0.55617	0.00684	0.00672
23	0.00946	0.00692	0.00948	0.04541	0.01302	0.00669	0.00787	0.01106	0.01442	0.01915	0.03946	0.66018	0.04679	0.02232	0.00942	0.00301	0.00473	0.05770	0.00671	0.00619
24	0.01985	0.74357	0.03890	0.01270	0.01905	0.02937	0.01270	0.02223	0.01508	0.01747	0.01032	0.01191	0.00953	0.00635	0.00476	0.00159	0.00794	0.00397	0.00318	0.00953
25	0.01133	0.00820	0.01055	0.01165	0.01297	0.00806	0.00880	0.06262	0.01675	0.02207	0.04036	0.46474	0.07592	0.02116	0.00950	0.00304	0.00528	0.19330	0.00692	0.00678
26	0.01908	0.01591	0.02368	0.11351	0.11797	0.01691	0.12172	0.09153	0.21518	0.08089	0.08512	0.02563	0.02085	0.00893	0.00780	0.00240	0.00793	0.00822	0.00602	0.01071
27	0.01271	0.00645	0.00962	0.00970	0.00973	0.00643	0.00647	0.00970	0.00989	0.01319	0.01427	0.05755	0.01467	0.02567	0.02805	0.74562	0.00634	0.00717	0.00340	0.00336
28	0.06311	0.01657	0.02445	0.02282	0.09909	0.02149	0.06452	0.01911	0.01254	0.01997	0.01066	0.01652	0.00999	0.01139	0.02004	0.00301	0.54609	0.00653	0.00342	0.00868
29	0.00889	0.00740	0.00777	0.00794	0.01017	0.00628	0.00585	0.01078	0.01681	0.02040	0.10114	0.14793	0.58487	0.01914	0.00885	0.00256	0.00381	0.01619	0.00696	0.00628
30	0.01995	0.01516	0.01733	0.01274	0.01911	0.01342	0.01033	0.19070	0.02091	0.07460	0.01547	0.01668	0.01191	0.00664	0.00614	0.00148	0.00625	0.00520	0.00551	0.53046
31	0.00947	0.00737	0.00863	0.00891	0.01074	0.00653	0.00659	0.01175	0.01751	0.02264	0.23748	0.20418	0.35339	0.01879	0.00899	0.00261	0.00395	0.04676	0.00725	0.00645
32	0.07044	0.05447	0.14195	0.02515	0.09715	0.07305	0.26603	0.05369	0.01803	0.06950	0.01610	0.02110	0.01266	0.00760	0.00765	0.00237	0.01042	0.03808	0.00436	0.01022
33	0.01009	0.01010	0.08107	0.01176	0.01353	0.00755	0.00960	0.01256	0.01522	0.02064	0.08896	0.53341	0.04591	0.02063	0.00925	0.00294	0.00522	0.08825	0.00660	0.00671
34	0.01402	0.01319	0.02227	0.72126	0.05113	0.01649	0.02062	0.01897	0.01484	0.01897	0.01319	0.01979	0.00990	0.00742	0.00742	0.00247	0.00990	0.00660	0.00330	0.00825
35	0.01985	0.74357	0.03890	0.01270	0.01905	0.02937	0.01270	0.02223	0.01508	0.01747	0.01032	0.01191	0.00953	0.00635	0.00476	0.00159	0.00794	0.00397	0.00318	0.00953
36	0.01645	0.02052	0.14727	0.20918	0.17013	0.01832	0.15426	0.03909	0.01605	0.02244	0.01342	0.01831	0.01052	0.00772	0.00983	0.00250	0.10369	0.00684	0.00355	0.00990
37	0.00940	0.00728	0.00865	0.00945	0.01105	0.00653	0.00699	0.01139	0.01628	0.02065	0.10372	0.30890	0.33242	0.02034	0.00921	0.00279	0.00433	0.09732	0.00698	0.00631
38	0.00953	0.00720	0.00883	0.00937	0.01087	0.00650	0.00680	0.01174	0.01712	0.02255	0.23732	0.30909	0.24628	0.01947	0.00910	0.00269	0.00404	0.04783	0.00726	0.00642
39	0.02871	0.02001	0.02179	0.01671	0.02263	0.02186	0.01380	0.60747	0.03360	0.10920	0.01892	0.01854	0.01318	0.00894	0.00743	0.00223	0.00799	0.00676	0.00760	0.01263
40	0.01239	0.00839	0.01046	0.01087	0.01278	0.00796	0.00828	0.04838	0.01693	0.07140	0.04624	0.32676	0.20418	0.02131	0.04110	0.00327	0.00569	0.12955	0.00695	0.00710
41	0.00972	0.00737	0.00895	0.00895	0.01071	0.00661	0.00656	0.01233	0.01856	0.02488	0.38607	0.17919	0.25766	0.01771	0.00889	0.00251	0.00372	0.01546	0.00755	0.00661
42	0.02300	0.02609	0.05283	0.02531	0.08339	0.26709	0.24660	0.13631	0.02165	0.02574	0.01409	0.01699	0.01087	0.00727	0.00762	0.00221	0.01173	0.00669	0.00438	0.01013
43	0.39473	0.08619	0.10941	0.04004	0.08618	0.06756	0.07461	0.02282	0.01479	0.02730	0.01168	0.01420	0.00918	0.00685	0.00582	0.00223	0.00823	0.00503	0.00401	0.00914
44	0.04441	0.20006	0.11510	0.01836	0.05599	0.06788	0.04527	0.19497	0.10484	0.02885	0.01565	0.01694	0.01215	0.00799	0.00741	0.00216	0.04025	0.00596	0.00498	0.01078

[dist]
# distance from previous block
# <min> <max>
4	7

[block]
# block no. 3 follows, 27 sequences, length 15
# corresponding to MSA columns:
# 223-237
name=unknown_D
#
# <colnr> <probs for GDERKNQSTAVLIFYWHMCP>
#	G	D	E	R	K	N	Q	S	T	A	V	L	I	F	Y	W	H	M	C	P
0	0.01659	0.02182	0.23020	0.05226	0.09135	0.01517	0.03538	0.05285	0.12210	0.04514	0.08520	0.02250	0.01864	0.00816	0.00714	0.00213	0.00792	0.00691	0.00501	0.15351
1	0.01489	0.03840	0.70064	0.02116	0.03213	0.01724	0.02743	0.02351	0.01567	0.02351	0.01332	0.01567	0.00940	0.00705	0.00705	0.00235	0.01097	0.00549	0.00313	0.01097
2	0.06206	0.01158	0.01534	0.01236	0.01711	0.01033	0.01011	0.03043	0.02062	0.51193	0.15156	0.03305	0.02867	0.01073	0.00771	0.00236	0.00579	0.03847	0.00868	0.01111
3	0.02083	0.01854	0.02843	0.06584	0.29053	0.01939	0.12712	0.20872	0.08982	0.03104	0.01687	0.01952	0.01295	0.00760	0.00763	0.00231	0.00901	0.00718	0.00514	0.01154
4	0.02592	0.03236	0.02131	0.01918	0.02240	0.60090	0.01464	0.02778	0.01951	0.01812	0.01120	0.01384	0.00959	0.00849	0.00948	0.00212	0.12582	0.00505	0.00373	0.00853
5	0.01652	0.31598	0.20062	0.01929	0.12723	0.02032	0.01690	0.02089	0.01627	0.02154	0.08620	0.02304	0.06971	0.00846	0.00648	0.00203	0.00807	0.00666	0.00405	0.00973
6	0.01118	0.00811	0.01099	0.01253	0.01412	0.00792	0.01053	0.01411	0.01662	0.02149	0.04313	0.18522	0.10813	0.02077	0.00998	0.00326	0.00613	0.48224	0.00685	0.00665
7	0.01515	0.00907	0.01253	0.01305	0.01540	0.00872	0.01116	0.01849	0.01825	0.12987	0.12066	0.07090	0.04237	0.01804	0.00962	0.00310	0.00633	0.46215	0.00738	0.00777
8	0.01925	0.01745	0.02767	0.14580	0.48759	0.01831	0.02108	0.12407	0.01943	0.02699	0.01445	0.01851	0.01161	0.00710	0.00737	0.00225	0.00888	0.00662	0.00421	0.01135
9	0.01461	0.01380	0.02333	0.62974	0.13804	0.01665	0.02091	0.01948	0.01512	0.01968	0.01330	0.01960	0.01015	0.00731	0.00741	0.00244	0.00975	0.00660	0.00335	0.00872
10	0.01077	0.00729	0.00859	0.00859	0.00876	0.00747	0.00512	0.01111	0.01094	0.01476	0.02294	0.04607	0.02590	0.65081	0.12459	0.00781	0.00884	0.01043	0.00443	0.00477
11	0.00905	0.00677	0.00841	0.00961	0.01060	0.00613	0.00659	0.01059	0.01519	0.01973	0.07963	0.54139	0.20575	0.02180	0.00927	0.00286	0.00414	0.01942	0.00695	0.00613
12	0.03150	0.01438	0.01817	0.01405	0.01975	0.01365	0.01157	0.15691	0.06106	0.53601	0.02715	0.02398	0.01752	0.00919	0.00746	0.00230	0.00665	0.00737	0.00876	0.01258
13	0.00927	0.00662	0.00888	0.01060	0.01113	0.00623	0.00729	0.01073	0.01444	0.01921	0.04079	0.68293	0.04860	0.02304	0.00954	0.00305	0.00451	0.07016	0.00689	0.00609
14	0.01944	0.02020	0.02880	0.09657	0.49791	0.12681	0.05665	0.02361	0.01742	0.02283	0.01357	0.01779	0.01123	0.00683	0.00733	0.00220	0.00983	0.00644	0.00367	0.01087

[dist]
# distance from previous block
# <min> <max>
2	6

[block]
# block no. 4 follows, 27 sequences, length 30
# corresponding to MSA columns:
# 244-273
name=unknown_E
#
# <colnr> <probs for GDERKNQSTAVLIFYWHMCP>
#	G	D	E	R	K	N	Q	S	T	A	V	L	I	F	Y	W	H	M	C	P
0	0.00914	0.00666	0.00862	0.00997	0.01072	0.00614	0.00678	0.01068	0.01506	0.01998	0.09963	0.61065	0.11435	0.02213	0.00934	0.00291	0.00418	0.01991	0.00700	0.00614
1	0.71510	0.08659	0.01368	0.01005	0.01482	0.01791	0.00850	0.02186	0.01288	0.03174	0.01034	0.01204	0.00819	0.00684	0.00461	0.00223	0.00596	0.00401	0.00445	0.00819
2	0.61904	0.01710	0.08039	0.01160	0.01698	0.01685	0.01055	0.06849	0.01498	0.06973	0.01220	0.01355	0.00907	0.00718	0.00520	0.00230	0.00646	0.00454	0.00490	0.00891
3	0.03105	0.01213	0.01650	0.01282	0.01817	0.01052	0.01052	0.03398	0.02122	0.63175	0.09463	0.02826	0.02349	0.00978	0.00759	0.00230	0.00604	0.00806	0.00909	0.01208
4	0.01826	0.06948	0.07747	0.13917	0.16639	0.01778	0.17427	0.09303	0.01907	0.05438	0.08172	0.02226	0.01716	0.00788	0.00765	0.00231	0.00927	0.00758	0.00465	0.01022
5	0.00977	0.00748	0.00860	0.00887	0.01038	0.00687	0.00620	0.01210	0.03637	0.02101	0.16981	0.22549	0.29446	0.13271	0.01349	0.00334	0.00445	0.01559	0.00677	0.00623
6	0.01895	0.01619	0.01706	0.01521	0.01949	0.01869	0.01187	0.07067	0.64737	0.03184	0.02960	0.02721	0.02216	0.01001	0.00755	0.00250	0.00599	0.00831	0.00755	0.01179
7	0.22687	0.05759	0.01984	0.06445	0.02222	0.02034	0.01267	0.37054	0.02555	0.08820	0.01598	0.01668	0.01149	0.00816	0.00654	0.00223	0.00751	0.00589	0.00629	0.01095
8	0.02041	0.69347	0.03764	0.01316	0.01933	0.07747	0.01282	0.02275	0.01551	0.01752	0.01040	0.01201	0.00953	0.00644	0.00490	0.00161	0.00832	0.00403	0.00322	0.00946
9	0.02292	0.05805	0.11681	0.03945	0.02209	0.01533	0.01376	0.17285	0.02184	0.21000	0.06623	0.02144	0.01718	0.00829	0.00695	0.00202	0.00726	0.00659	0.00636	0.16458
10	0.04716	0.09434	0.05466	0.06110	0.11351	0.09110	0.01393	0.07697	0.03671	0.15992	0.12191	0.05488	0.02317	0.00960	0.00724	0.00222	0.00765	0.00788	0.00596	0.01007
11	0.02072	0.02144	0.17462	0.09258	0.13351	0.04257	0.08917	0.08886	0.01909	0.15349	0.01823	0.05071	0.01388	0.00820	0.00747	0.00230	0.00911	0.00725	0.00513	0.04168
12	0.01503	0.01187	0.01211	0.01174	0.01419	0.07382	0.00868	0.04693	0.11029	0.08061	0.08742	0.30307	0.16137	0.01674	0.00851	0.00260	0.00554	0.01446	0.00701	0.00803
13	0.04758	0.20337	0.14147	0.07167	0.09143	0.05406	0.04041	0.07153	0.01813	0.14984	0.01571	0.01720	0.01166	0.00755	0.00707	0.00214	0.02801	0.00582	0.00476	0.01059
14	0.01969	0.08739	0.21622	0.02155	0.10076	0.10363	0.08422	0.05901	0.03830	0.09084	0.05624	0.05525	0.01686	0.00862	0.00731	0.00225	0.00939	0.00732	0.00479	0.01034
15	0.01215	0.00770	0.00981	0.01015	0.01191	0.00696	0.00747	0.01425	0.01688	0.09715	0.15228	0.36070	0.18085	0.01925	0.00904	0.00275	0.00447	0.06183	0.00735	0.00703
16	0.01046	0.00760	0.01013	0.01149	0.01281	0.00727	0.00908	0.01295	0.01634	0.02142	0.09662	0.31997	0.10966	0.02092	0.00970	0.00309	0.00533	0.30167	0.00697	0.00650
17	0.05001	0.16130	0.13689	0.01579	0.02136	0.10992	0.05863	0.07928	0.01904	0.07418	0.10824	0.07351	0.04175	0.00984	0.00710	0.00219	0.00833	0.00799	0.00521	0.00944
18	0.01816	0.01940	0.05223	0.15198	0.40624	0.07347	0.12498	0.02289	0.01696	0.02279	0.01378	0.01838	0.01112	0.00679	0.00753	0.00228	0.01003	0.00677	0.00362	0.01062
19	0.00981	0.00843	0.03929	0.01073	0.01226	0.00700	0.00831	0.01203	0.01578	0.02085	0.10910	0.44004	0.14990	0.02066	0.00930	0.00289	0.00478	0.10550	0.00685	0.00649
20	0.09219	0.01645	0.06791	0.34969	0.15334	0.01666	0.12189	0.02058	0.01543	0.02235	0.01455	0.04979	0.01193	0.00771	0.00741	0.00243	0.00954	0.00725	0.00371	0.00919
21	0.05868	0.11803	0.31401	0.02037	0.08265	0.11085	0.01988	0.05496	0.04042	0.06849	0.01435	0.01612	0.01079	0.00753	0.00725	0.00221	0.03324	0.00555	0.00411	0.01052
22	0.01588	0.01220	0.03904	0.04115	0.06438	0.01151	0.01074	0.02297	0.16433	0.12023	0.14637	0.04254	0.21087	0.01522	0.04653	0.00294	0.00629	0.01075	0.00691	0.00916
23	0.01189	0.00783	0.00995	0.01041	0.01189	0.00731	0.00740	0.04162	0.01698	0.07257	0.14433	0.47771	0.11198	0.01987	0.00905	0.00277	0.00444	0.01771	0.00729	0.00699
24	0.04584	0.08129	0.09960	0.05643	0.05907	0.08545	0.04568	0.05699	0.08680	0.11895	0.02185	0.08107	0.04554	0.01011	0.00878	0.00239	0.07095	0.00800	0.00534	0.00989
25	0.07493	0.04598	0.05356	0.12216	0.11111	0.01923	0.08979	0.16706	0.12919	0.05640	0.01750	0.01955	0.01315	0.00816	0.00799	0.00237	0.03894	0.00686	0.00532	0.01074
26	0.04871	0.09016	0.11654	0.04095	0.11695	0.05060	0.03633	0.02427	0.01709	0.18755	0.02154	0.09811	0.03586	0.00965	0.00767	0.00226	0.02932	0.00800	0.00540	0.05304
27	0.05860	0.03842	0.09490	0.01819	0.05954	0.03250	0.09433	0.09380	0.09549	0.15634	0.01996	0.05084	0.01528	0.00833	0.00713	0.00215	0.00784	0.00717	0.00581	0.13337
28	0.02100	0.04838	0.15022	0.05209	0.05291	0.04196	0.01551	0.21448	0.04261	0.10794	0.03957	0.09198	0.03794	0.01006	0.00743	0.00229	0.00797	0.00821	0.00598	0.04149
29	0.02041	0.11312	0.04095	0.02143	0.15709	0.10271	0.03729	0.09414	0.09340	0.07446	0.01989	0.10789	0.01755	0.00955	0.00716	0.00218	0.00809	0.00804	0.00531	0.05934

[dist]
# distance from previous block
# <min> <max>
3	30

[block]
# block no. 5 follows, 27 sequences, length 22
# corresponding to MSA columns:
# 304-325
name=unknown_F
#
# <colnr> <probs for GDERKNQSTAVLIFYWHMCP>
#	G	D	E	R	K	N	Q	S	T	A	V	L	I	F	Y	W	H	M	C	P
0	0.04133	0.06675	0.12752	0.01971	0.10924	0.04585	0.01582	0.14860	0.10002	0.06705	0.07136	0.02124	0.01745	0.00876	0.00818	0.00223	0.05468	0.00680	0.00547	0.06195
1	0.11229	0.06146	0.04563	0.03677	0.16385	0.15543	0.01507	0.06723	0.06591	0.08973	0.05550	0.01956	0.01543	0.00844	0.00798	0.00224	0.05600	0.00636	0.00504	0.01008
2	0.11392	0.04112	0.01445	0.03461	0.01608	0.04624	0.00938	0.08382	0.01651	0.10470	0.02178	0.12847	0.02085	0.13841	0.11813	0.00453	0.00880	0.00905	0.00551	0.06363
3	0.06238	0.01961	0.13599	0.13370	0.15073	0.04590	0.09266	0.04045	0.01760	0.14443	0.03625	0.05500	0.01535	0.00840	0.00746	0.00236	0.00897	0.00750	0.00495	0.01030
4	0.06709	0.12830	0.12592	0.01720	0.02327	0.08967	0.03629	0.26538	0.02329	0.07923	0.01516	0.01637	0.01129	0.00825	0.00803	0.00221	0.06096	0.00588	0.00536	0.01086
5	0.01497	0.10085	0.01491	0.01071	0.01379	0.01147	0.00859	0.04684	0.05618	0.09628	0.34248	0.07295	0.12974	0.01499	0.03038	0.00260	0.00527	0.01149	0.00724	0.00826
6	0.07717	0.39693	0.03134	0.01554	0.02135	0.11601	0.07484	0.06095	0.05691	0.06611	0.01376	0.01503	0.01112	0.00710	0.00588	0.00191	0.00873	0.00518	0.00431	0.00985
7	0.10753	0.00935	0.01047	0.01171	0.07590	0.00876	0.00779	0.01372	0.01701	0.02360	0.15538	0.05652	0.44504	0.01560	0.00811	0.00243	0.00445	0.01301	0.00650	0.00713
8	0.02111	0.02208	0.13030	0.05039	0.05794	0.08404	0.05942	0.22457	0.10271	0.04929	0.02048	0.02716	0.01679	0.00978	0.00776	0.00243	0.00901	0.08824	0.00578	0.01072
9	0.01669	0.06708	0.02040	0.05293	0.04931	0.04620	0.01368	0.07579	0.01676	0.02336	0.09901	0.02772	0.02105	0.01234	0.02713	0.00272	0.25761	0.06766	0.00476	0.09779
10	0.01100	0.00862	0.01044	0.01001	0.01235	0.00796	0.00742	0.01482	0.06439	0.02382	0.23645	0.21356	0.17260	0.01894	0.05479	0.00303	0.00525	0.01387	0.00682	0.10386
11	0.01136	0.05518	0.10546	0.01157	0.01426	0.00953	0.01000	0.01409	0.03633	0.02032	0.09789	0.33278	0.12153	0.01857	0.01101	0.09747	0.00560	0.01432	0.00586	0.00688
12	0.07537	0.06476	0.02442	0.11285	0.28296	0.01875	0.01717	0.11412	0.13057	0.06096	0.01739	0.01950	0.01340	0.00774	0.00704	0.00226	0.00796	0.00660	0.00510	0.01108
13	0.01892	0.05781	0.02984	0.08701	0.47033	0.01904	0.06287	0.08390	0.01814	0.02531	0.01394	0.01807	0.01145	0.00717	0.00814	0.00226	0.04405	0.00661	0.00396	0.01118
14	0.00915	0.00656	0.00852	0.01004	0.01055	0.00612	0.00667	0.01038	0.01413	0.01871	0.04156	0.65405	0.08134	0.07036	0.01131	0.00326	0.00447	0.02014	0.00673	0.00594
15	0.01496	0.01262	0.01470	0.01072	0.01669	0.00964	0.00839	0.01794	0.01496	0.02326	0.01417	0.01856	0.01252	0.07552	0.00858	0.00168	0.00566	0.00501	0.00441	0.71003
16	0.00953	0.00678	0.00864	0.00992	0.01046	0.00641	0.00663	0.01072	0.01385	0.01830	0.03933	0.52623	0.08070	0.16332	0.01503	0.00383	0.00498	0.05312	0.00642	0.00579
17	0.07277	0.02055	0.06173	0.03992	0.14785	0.11269	0.08145	0.10019	0.14440	0.11582	0.01893	0.01992	0.01400	0.00803	0.00727	0.00229	0.00882	0.00680	0.00559	0.01099
18	0.24497	0.04702	0.21237	0.01781	0.02469	0.06409	0.10956	0.05985	0.07997	0.05159	0.01489	0.01657	0.01104	0.00737	0.00657	0.00231	0.00893	0.00584	0.00456	0.00999
19	0.15359	0.01712	0.01798	0.01450	0.01970	0.01872	0.01182	0.33709	0.13817	0.12151	0.02336	0.02251	0.05264	0.00937	0.00706	0.00231	0.00689	0.00714	0.00716	0.01135
20	0.00977	0.00681	0.00835	0.00928	0.00961	0.00653	0.00583	0.01054	0.01289	0.01708	0.03497	0.41832	0.06646	0.32412	0.02135	0.00475	0.00550	0.01654	0.00588	0.00540
21	0.10103	0.03893	0.20995	0.01614	0.02296	0.01610	0.03855	0.14088	0.04973	0.16097	0.01964	0.06874	0.01517	0.00892	0.00704	0.00227	0.00794	0.00718	0.00581	0.06206

[dist]
# distance from previous block
# <min> <max>
1	11

[block]
# block no. 6 follows, 27 sequences, length 34
# corresponding to MSA columns:
# 337-370
name=unknown_G
#
# <colnr> <probs for GDERKNQSTAVLIFYWHMCP>
#	G	D	E	R	K	N	Q	S	T	A	V	L	I	F	Y	W	H	M	C	P
0	0.02028	0.01491	0.04607	0.01336	0.01766	0.01487	0.01102	0.16290	0.22688	0.12057	0.08901	0.02997	0.05152	0.03767	0.00849	0.00248	0.00607	0.00846	0.10736	0.01045
1	0.01630	0.01566	0.02646	0.26718	0.25614	0.01673	0.10884	0.02279	0.08812	0.02292	0.01661	0.04739	0.01364	0.00781	0.00760	0.00236	0.00907	0.00756	0.00413	0.04271
2	0.02822	0.02079	0.02228	0.01708	0.02302	0.02302	0.01411	0.66804	0.03490	0.04679	0.01782	0.01782	0.01262	0.00891	0.00743	0.00223	0.00817	0.00668	0.00743	0.01262
3	0.01078	0.00725	0.00839	0.00839	0.00849	0.00736	0.00486	0.01098	0.01088	0.01461	0.02312	0.04710	0.02635	0.68689	0.08912	0.00756	0.00817	0.01058	0.00446	0.00466
4	0.01071	0.00716	0.00812	0.00820	0.00823	0.00714	0.00461	0.01077	0.01096	0.01461	0.02423	0.08153	0.02805	0.70470	0.03642	0.00700	0.00706	0.01129	0.00461	0.00457
5	0.00902	0.00679	0.00836	0.00953	0.01057	0.00613	0.00655	0.01054	0.01518	0.01960	0.07130	0.53051	0.22548	0.02177	0.00926	0.00285	0.00413	0.01936	0.00693	0.00613
6	0.01062	0.00790	0.01168	0.01168	0.01292	0.00914	0.00897	0.01310	0.01186	0.01705	0.02011	0.03042	0.01910	0.09988	0.66623	0.01162	0.01906	0.00814	0.00401	0.00649
7	0.22737	0.02989	0.01839	0.01668	0.02070	0.52827	0.01270	0.02760	0.01884	0.02213	0.01118	0.01304	0.00916	0.00745	0.00614	0.00201	0.01139	0.00458	0.00403	0.00846
8	0.00915	0.00747	0.00809	0.00807	0.01029	0.00641	0.00600	0.01133	0.01761	0.02201	0.20114	0.10829	0.52166	0.01832	0.00881	0.00250	0.00374	0.01553	0.00716	0.00641
9	0.02008	0.67896	0.06406	0.01326	0.01977	0.02857	0.01335	0.05525	0.01612	0.01920	0.01082	0.01236	0.00968	0.00651	0.00499	0.00165	0.00807	0.00417	0.00339	0.00974
10	0.02083	0.01493	0.01820	0.01377	0.01970	0.01374	0.03988	0.15219	0.08437	0.13191	0.04919	0.02060	0.01628	0.00765	0.00667	0.00176	0.00641	0.00631	0.00617	0.36944
11	0.02718	0.02033	0.02181	0.01787	0.05059	0.04858	0.01404	0.56232	0.03246	0.06862	0.04808	0.01965	0.01527	0.00906	0.00746	0.00222	0.00812	0.00694	0.00723	0.01218
12	0.00911	0.00726	0.00820	0.00874	0.01055	0.00635	0.00638	0.01099	0.01641	0.02047	0.10421	0.26503	0.43226	0.01994	0.00904	0.00268	0.00404	0.04508	0.00698	0.00627
13	0.01677	0.01315	0.01554	0.01117	0.01770	0.00997	0.00896	0.02004	0.01584	0.07610	0.01443	0.01615	0.01156	0.00578	0.00565	0.00119	0.00556	0.00463	0.00477	0.72502
14	0.01489	0.03840	0.70064	0.02116	0.03213	0.01724	0.02743	0.02351	0.01567	0.02351	0.01332	0.01567	0.00940	0.00705	0.00705	0.00235	0.01097	0.00549	0.00313	0.01097
15	0.01289	0.00645	0.00967	0.00967	0.00967	0.00645	0.00645	0.00967	0.00967	0.01289	0.01289	0.02257	0.01289	0.02579	0.02901	0.78401	0.00645	0.00645	0.00322	0.00322
16	0.02020	0.01989	0.13206	0.06964	0.39638	0.01640	0.06288	0.02513	0.01742	0.14297	0.01660	0.01935	0.01244	0.00716	0.00742	0.00228	0.00900	0.00673	0.00455	0.01150
17	0.00898	0.00744	0.00786	0.00794	0.01020	0.00632	0.00589	0.01098	0.01712	0.02098	0.13657	0.12475	0.57180	0.01879	0.00883	0.00253	0.00378	0.01588	0.00703	0.00632
18	0.02085	0.06283	0.01944	0.04026	0.07334	0.05172	0.01240	0.23015	0.06880	0.08804	0.21902	0.02985	0.03043	0.01042	0.00762	0.00223	0.00683	0.00860	0.00690	0.01026
19	0.02062	0.46137	0.10613	0.05189	0.04437	0.07978	0.01533	0.10276	0.01812	0.02210	0.01193	0.01377	0.00999	0.00691	0.00571	0.00184	0.00885	0.00475	0.00377	0.01000
20	0.02580	0.01401	0.01964	0.04227	0.10825	0.01380	0.03165	0.04978	0.11190	0.38363	0.07079	0.02588	0.02067	0.00939	0.00825	0.00237	0.03494	0.00784	0.00753	0.01161
21	0.00925	0.00754	0.00819	0.00802	0.01032	0.00647	0.00602	0.01158	0.01806	0.02275	0.24530	0.06701	0.51800	0.01780	0.00877	0.00246	0.00369	0.01505	0.00725	0.00647
22	0.06053	0.01857	0.02040	0.01587	0.02158	0.02005	0.01305	0.47004	0.08025	0.17192	0.02068	0.01978	0.01432	0.00897	0.00732	0.00227	0.00753	0.00685	0.00766	0.01237
23	0.05257	0.07301	0.26573	0.02528	0.11425	0.03875	0.19382	0.07602	0.04388	0.02574	0.01450	0.01735	0.01093	0.00702	0.00733	0.00231	0.01033	0.00653	0.00398	0.01069
24	0.00996	0.00788	0.00907	0.00953	0.01128	0.00737	0.00685	0.01353	0.07659	0.02172	0.12732	0.32774	0.30528	0.01936	0.00894	0.00269	0.00414	0.01690	0.00710	0.00676
25	0.01130	0.00782	0.00997	0.00989	0.01160	0.00730	0.00723	0.01471	0.04462	0.05585	0.40610	0.24615	0.10467	0.01726	0.00886	0.00255	0.00397	0.01530	0.00774	0.00711
26	0.29128	0.04464	0.04055	0.10367	0.05479	0.21238	0.06671	0.04109	0.01658	0.02519	0.01182	0.01470	0.00939	0.00735	0.00679	0.00223	0.03273	0.00524	0.00405	0.00881
27	0.01725	0.06238	0.05030	0.01432	0.01851	0.03738	0.03877	0.07546	0.26647	0.05763	0.08674	0.09031	0.10410	0.01222	0.00786	0.00246	0.00644	0.03485	0.00674	0.00982
28	0.01889	0.08969	0.11610	0.05774	0.24778	0.01792	0.01782	0.07311	0.11329	0.05625	0.01671	0.01869	0.01298	0.00733	0.00687	0.00209	0.00807	0.00623	0.00471	0.10772
29	0.01966	0.24914	0.12926	0.02261	0.14918	0.06661	0.06512	0.09524	0.03864	0.02376	0.01368	0.01679	0.01134	0.02892	0.00819	0.00224	0.03946	0.00584	0.00400	0.01034
30	0.01272	0.00645	0.00962	0.00970	0.00972	0.00643	0.00647	0.00970	0.00988	0.01317	0.01418	0.05513	0.01455	0.02567	0.02812	0.74828	0.00635	0.00712	0.00339	0.00335
31	0.05283	0.01701	0.03092	0.11574	0.16625	0.01713	0.29400	0.07411	0.01813	0.02554	0.01824	0.02391	0.03870	0.00786	0.00792	0.00241	0.00984	0.03272	0.03687	0.00987
32	0.01947	0.53611	0.09440	0.01528	0.02170	0.02658	0.05644	0.05585	0.04113	0.02043	0.01199	0.01387	0.01029	0.00700	0.00640	0.00186	0.04292	0.00484	0.00359	0.00986
33	0.13320	0.04593	0.05368	0.13184	0.10500	0.01526	0.01392	0.02424	0.10927	0.08151	0.04895	0.02032	0.01542	0.00768	0.00656	0.00208	0.00706	0.00626	0.00507	0.16676

[dist]
# distance from previous block
# <min> <max>
0	1

[block]
# block no. 7 follows, 27 sequences, length 32
# corresponding to MSA columns:
# 372-403
name=unknown_H
#
# <colnr> <probs for GDERKNQSTAVLIFYWHMCP>
#	G	D	E	R	K	N	Q	S	T	A	V	L	I	F	Y	W	H	M	C	P
0	0.12327	0.06778	0.06992	0.01564	0.02074	0.18967	0.01329	0.14361	0.13875	0.04505	0.03597	0.02045	0.01525	0.00866	0.00675	0.00218	0.00860	0.02659	0.00552	0.04231
1	0.02652	0.01961	0.02107	0.01658	0.02218	0.02176	0.01356	0.52763	0.15770	0.06461	0.02056	0.01995	0.01473	0.00914	0.00745	0.00229	0.00767	0.00704	0.00751	0.01246
2	0.01725	0.01772	0.01522	0.01517	0.04765	0.20991	0.01081	0.02392	0.17283	0.02396	0.15603	0.15142	0.08165	0.01309	0.00795	0.00238	0.00727	0.01094	0.00627	0.00857
3	0.07780	0.01798	0.01938	0.01506	0.02063	0.01928	0.01236	0.45450	0.04855	0.10710	0.01888	0.01890	0.01346	0.00857	0.00696	0.00213	0.00726	0.00648	0.05535	0.06936
4	0.00959	0.00716	0.00895	0.00963	0.01100	0.00653	0.00697	0.01178	0.01694	0.02246	0.23045	0.34628	0.20341	0.01977	0.00916	0.00273	0.00412	0.05940	0.00725	0.00641
5	0.01082	0.00784	0.00896	0.00852	0.01093	0.00680	0.00644	0.01335	0.01868	0.06250	0.29845	0.06291	0.42317	0.01692	0.00869	0.00243	0.00381	0.01437	0.00750	0.00690
6	0.00959	0.00755	0.00865	0.00837	0.01053	0.00661	0.00628	0.01223	0.01884	0.02462	0.36340	0.06393	0.39874	0.01710	0.00877	0.00243	0.00364	0.01461	0.00749	0.00661
7	0.02408	0.02941	0.02133	0.13240	0.06347	0.51833	0.01557	0.02660	0.01942	0.01868	0.01397	0.01670	0.03245	0.00808	0.00741	0.00208	0.03202	0.00558	0.00382	0.00863
8	0.01617	0.01629	0.02417	0.02024	0.02092	0.02196	0.07107	0.01822	0.01191	0.01835	0.01052	0.01698	0.01016	0.01381	0.04539	0.00347	0.64208	0.00674	0.00332	0.00823
9	0.01683	0.07894	0.07735	0.12319	0.39358	0.01734	0.02007	0.02201	0.04574	0.02290	0.01725	0.04692	0.01547	0.00860	0.00744	0.00234	0.00860	0.06088	0.00409	0.01045
10	0.03288	0.01331	0.01765	0.01353	0.01929	0.01192	0.01118	0.08873	0.02238	0.64378	0.02833	0.02465	0.01790	0.00917	0.00746	0.00229	0.00647	0.00740	0.00904	0.01263
11	0.01625	0.01573	0.02368	0.29350	0.22006	0.05935	0.04767	0.02120	0.04370	0.02151	0.01761	0.02821	0.01562	0.00940	0.00867	0.00254	0.04521	0.09668	0.00413	0.00927
12	0.01620	0.00769	0.00839	0.00784	0.01009	0.00744	0.00601	0.01959	0.01655	0.11451	0.05549	0.02864	0.02129	0.00902	0.00565	0.00183	0.00383	0.00729	0.64496	0.00766
13	0.69942	0.01415	0.01168	0.01018	0.01491	0.01596	0.00839	0.02357	0.01368	0.11406	0.01264	0.01366	0.00930	0.00717	0.00494	0.00230	0.00581	0.00444	0.00515	0.00860
14	0.73513	0.01423	0.01138	0.01002	0.01470	0.01623	0.00825	0.02289	0.01327	0.08275	0.01175	0.01304	0.00881	0.00706	0.00481	0.00230	0.00579	0.00428	0.00494	0.00838
15	0.00939	0.00735	0.00819	0.00831	0.01008	0.00649	0.00592	0.01126	0.01657	0.02103	0.17955	0.15343	0.40586	0.10841	0.01248	0.00313	0.00421	0.01536	0.00684	0.00615
16	0.01447	0.01366	0.02308	0.65106	0.11779	0.01661	0.02084	0.01936	0.01506	0.01952	0.01327	0.01964	0.01009	0.00734	0.00741	0.00245	0.00978	0.00660	0.00334	0.00861
17	0.01055	0.00718	0.00808	0.00818	0.00839	0.00706	0.00471	0.01076	0.01144	0.01506	0.02820	0.08769	0.07750	0.64647	0.03408	0.00662	0.00678	0.01172	0.00481	0.00471
18	0.07538	0.01686	0.02789	0.09390	0.41150	0.01719	0.10722	0.06192	0.01762	0.02554	0.01812	0.02178	0.05681	0.00762	0.00744	0.00230	0.00880	0.00732	0.00417	0.01063
19	0.02579	0.02578	0.02118	0.07741	0.02498	0.31065	0.01451	0.27876	0.09478	0.03075	0.01606	0.01716	0.01216	0.00838	0.00713	0.00215	0.01027	0.00606	0.00558	0.01047
20	0.02020	0.07952	0.22821	0.01948	0.02638	0.12733	0.11389	0.07851	0.06345	0.08059	0.01922	0.02302	0.03374	0.00863	0.00741	0.00231	0.00995	0.04305	0.00481	0.01030
21	0.01732	0.16679	0.41996	0.01757	0.02610	0.01842	0.02064	0.06303	0.01714	0.06868	0.01863	0.04866	0.04900	0.00849	0.00686	0.00223	0.00924	0.00661	0.00418	0.01045
22	0.01033	0.00742	0.00953	0.01079	0.01159	0.00717	0.00738	0.05447	0.01560	0.02082	0.03937	0.68619	0.04665	0.02230	0.00934	0.00296	0.00457	0.02014	0.00693	0.00647
23	0.30651	0.01458	0.01576	0.01259	0.01795	0.01495	0.01039	0.13337	0.02035	0.35223	0.02058	0.01929	0.01371	0.00831	0.00642	0.00229	0.00641	0.00609	0.00724	0.01097
24	0.01912	0.09988	0.23117	0.04716	0.05185	0.06866	0.10970	0.09852	0.04928	0.06511	0.01766	0.07682	0.01460	0.00873	0.00735	0.00231	0.00954	0.00751	0.00467	0.01035
25	0.01936	0.01715	0.02622	0.09365	0.44346	0.05401	0.03982	0.04773	0.01794	0.08104	0.01895	0.04750	0.04354	0.00819	0.00752	0.00227	0.00865	0.00759	0.00453	0.01089
26	0.01080	0.00720	0.00810	0.00810	0.00810	0.00720	0.00450	0.01080	0.01080	0.01439	0.02339	0.04858	0.02699	0.73910	0.03779	0.00720	0.00720	0.01080	0.00450	0.00450
27	0.01236	0.00891	0.01191	0.05109	0.01482	0.00851	0.02920	0.01620	0.04922	0.06838	0.37221	0.10202	0.16285	0.04720	0.00989	0.00265	0.00472	0.01311	0.00731	0.00744
28	0.01907	0.05443	0.11883	0.05941	0.15707	0.07987	0.08697	0.08954	0.04363	0.05332	0.01738	0.08526	0.01510	0.00940	0.00910	0.00241	0.07657	0.00787	0.00461	0.01015
29	0.06762	0.02076	0.07957	0.08030	0.13641	0.14912	0.01554	0.07967	0.08460	0.10944	0.04665	0.02338	0.05720	0.00888	0.00722	0.00226	0.00862	0.00712	0.00543	0.01022
30	0.00918	0.00690	0.00853	0.00962	0.01075	0.00625	0.00674	0.01087	0.01555	0.02018	0.09926	0.48490	0.22061	0.02137	0.00926	0.00284	0.00419	0.03983	0.00699	0.00619
31	0.01655	0.09686	0.09853	0.03874	0.02266	0.08922	0.11721	0.06737	0.05940	0.02326	0.03110	0.07417	0.17789	0.01101	0.00761	0.00227	0.00820	0.00945	0.00510	0.04340

[dist]
# distance from previous block
# <min> <max>
5	13

[block]
# block no. 8 follows, 27 sequences, length 22
# corresponding to MSA columns:
# 417-438
name=unknown_I
#
# <colnr> <probs for GDERKNQSTAVLIFYWHMCP>
#	G	D	E	R	K	N	Q	S	T	A	V	L	I	F	Y	W	H	M	C	P
0	0.10434	0.02148	0.11239	0.02189	0.15138	0.10273	0.03491	0.12409	0.05221	0.11766	0.01762	0.04488	0.01368	0.00826	0.00702	0.00222	0.00857	0.00669	0.00537	0.04262
1	0.26055	0.06960	0.01956	0.01929	0.14530	0.18439	0.01287	0.04339	0.01709	0.06387	0.01355	0.01557	0.01073	0.00722	0.00596	0.00205	0.00828	0.00516	0.05135	0.04423
2	0.01242	0.00838	0.01096	0.01209	0.04358	0.00785	0.00827	0.03845	0.01698	0.07677	0.11960	0.41834	0.13363	0.01912	0.00899	0.00276	0.00476	0.04269	0.00710	0.00726
3	0.01605	0.01633	0.05272	0.07627	0.18356	0.03550	0.12576	0.02323	0.13071	0.02439	0.08120	0.03012	0.06111	0.04677	0.00939	0.00261	0.00819	0.02914	0.00507	0.04186
4	0.01595	0.01516	0.02575	0.42194	0.33538	0.01700	0.02158	0.02066	0.01576	0.02131	0.01354	0.01916	0.01072	0.00706	0.00739	0.00235	0.00942	0.00660	0.00347	0.00980
5	0.79154	0.01436	0.01091	0.00976	0.01436	0.01665	0.00804	0.02182	0.01263	0.03331	0.01034	0.01206	0.00804	0.00689	0.00459	0.00230	0.00574	0.00402	0.00459	0.00804
6	0.01103	0.00924	0.01232	0.01491	0.12932	0.00848	0.00915	0.01386	0.01811	0.02393	0.26520	0.09604	0.32921	0.01574	0.00856	0.00243	0.00459	0.01367	0.00676	0.00745
7	0.00913	0.00657	0.00852	0.01004	0.01057	0.00611	0.00668	0.01038	0.01418	0.01876	0.04200	0.65565	0.08657	0.06324	0.01102	0.00322	0.00444	0.02020	0.00676	0.00596
8	0.01739	0.06073	0.05707	0.15795	0.23705	0.03662	0.07605	0.02162	0.01647	0.05754	0.04103	0.03918	0.01536	0.00828	0.00812	0.00227	0.04099	0.02769	0.00424	0.07436
9	0.00942	0.00749	0.00845	0.00833	0.01045	0.00652	0.00620	0.01185	0.01826	0.02352	0.29596	0.10030	0.43154	0.01772	0.00880	0.00247	0.00370	0.01514	0.00736	0.00652
10	0.03841	0.31945	0.05182	0.14580	0.02880	0.05766	0.13173	0.06790	0.01711	0.02165	0.01379	0.04884	0.01192	0.00760	0.00654	0.00208	0.00928	0.00638	0.00385	0.00940
11	0.05871	0.02089	0.02411	0.16380	0.02889	0.19696	0.09382	0.02202	0.01536	0.01967	0.01155	0.01647	0.00982	0.00936	0.01348	0.00261	0.27421	0.00622	0.00354	0.00849
12	0.01650	0.01294	0.01350	0.01192	0.01388	0.05457	0.00855	0.18452	0.01819	0.02381	0.02314	0.06533	0.04801	0.38136	0.05137	0.00520	0.04496	0.00964	0.00533	0.00728
13	0.01671	0.01773	0.05010	0.30392	0.23452	0.04876	0.14091	0.02155	0.01608	0.02147	0.01351	0.01882	0.01066	0.00725	0.00848	0.00241	0.04701	0.00688	0.00351	0.00971
14	0.00958	0.00753	0.00874	0.00910	0.01107	0.00669	0.00694	0.01190	0.01735	0.02205	0.18256	0.16170	0.39430	0.01896	0.00907	0.00267	0.00421	0.10201	0.00713	0.00645
15	0.01293	0.01080	0.01409	0.01281	0.01289	0.01344	0.00941	0.01373	0.01109	0.01593	0.01781	0.03470	0.01970	0.41274	0.07215	0.00592	0.29091	0.00893	0.00398	0.00605
16	0.01128	0.00772	0.00979	0.00917	0.01114	0.00706	0.00691	0.01460	0.02034	0.05182	0.57138	0.05468	0.12871	0.01502	0.00854	0.00232	0.00362	0.01313	0.04564	0.00712
