[name]
unknown

[dist]
# distance from previous block
# <min> <max>
5	31

[block]
# block no. 0 follows, 30 sequences, length 12
# corresponding to MSA columns:
# 33-43,45
name=unknown_A
#
# <colnr> <probs for GDERKNQSTAVLIFYWHMCP>
#	G	D	E	R	K	N	Q	S	T	A	V	L	I	F	Y	W	H	M	C	P
0	0.29761	0.03237	0.01181	0.01000	0.01330	0.03907	0.00776	0.04165	0.01426	0.10424	0.02284	0.07578	0.08767	0.11620	0.06110	0.00342	0.00671	0.00767	0.00516	0.04138
1	0.02113	0.22559	0.10377	0.01640	0.02190	0.23109	0.04943	0.11702	0.10699	0.02301	0.01396	0.01509	0.01103	0.00718	0.00614	0.00190	0.00931	0.00524	0.00427	0.00955
2	0.01730	0.01794	0.05047	0.06691	0.44365	0.05372	0.13015	0.05275	0.01687	0.02298	0.01615	0.01971	0.04538	0.00693	0.00716	0.00214	0.00894	0.00685	0.00376	0.01023
3	0.00957	0.00712	0.00891	0.00846	0.01024	0.00646	0.00635	0.01258	0.01904	0.02629	0.58961	0.05491	0.18483	0.01490	0.00823	0.00222	0.00334	0.01301	0.00746	0.00646
4	0.00887	0.00684	0.00811	0.00832	0.00994	0.00607	0.00604	0.01103	0.01660	0.02175	0.28254	0.23251	0.32118	0.01754	0.00841	0.00242	0.00358	0.01528	0.00689	0.00607
5	0.02056	0.05315	0.06339	0.01608	0.02106	0.09822	0.04480	0.20531	0.34162	0.03040	0.02086	0.02037	0.01560	0.00842	0.00689	0.00218	0.00756	0.00675	0.00606	0.01071
6	0.00977	0.00690	0.00854	0.00883	0.01034	0.00620	0.00635	0.01185	0.01634	0.04864	0.26152	0.31963	0.22370	0.01781	0.00844	0.00248	0.00375	0.01569	0.00695	0.00626
7	0.12468	0.26246	0.14740	0.02118	0.16475	0.02044	0.07656	0.06737	0.01581	0.02317	0.01178	0.01415	0.00953	0.00636	0.00584	0.00195	0.00824	0.00508	0.00358	0.00967
8	0.13160	0.06206	0.12097	0.01788	0.04771	0.27865	0.08389	0.02529	0.01704	0.10776	0.01340	0.01492	0.01008	0.00689	0.00625	0.00198	0.00969	0.00520	0.00421	0.03455
9	0.10807	0.48660	0.11492	0.01343	0.01942	0.12049	0.01335	0.02195	0.01475	0.01889	0.01020	0.01183	0.00879	0.00628	0.00497	0.00170	0.00828	0.00402	0.00321	0.00885
10	0.02213	0.17249	0.01890	0.01233	0.04441	0.01437	0.00991	0.09397	0.01847	0.27210	0.02304	0.02275	0.04965	0.00827	0.00603	0.00189	0.00581	0.00647	0.18733	0.00967
11	0.05797	0.12384	0.01944	0.01489	0.05687	0.04816	0.01137	0.12389	0.27825	0.02761	0.05105	0.05093	0.01838	0.00871	0.00647	0.00204	0.00638	0.00697	0.00572	0.08107

[dist]
# distance from previous block
# <min> <max>
0	3

[block]
# block no. 1 follows, 30 sequences, length 8
# corresponding to MSA columns:
# 49-56
name=unknown_B
#
# <colnr> <probs for GDERKNQSTAVLIFYWHMCP>
#	G	D	E	R	K	N	Q	S	T	A	V	L	I	F	Y	W	H	M	C	P
0	0.00869	0.00630	0.00790	0.00908	0.00969	0.00585	0.00602	0.00981	0.01326	0.01737	0.04046	0.56379	0.13072	0.12145	0.01246	0.00331	0.00435	0.01784	0.00617	0.00550
1	0.00983	0.00825	0.01211	0.01091	0.01313	0.00746	0.08670	0.01246	0.01667	0.02208	0.26972	0.21584	0.25591	0.01611	0.00839	0.00241	0.00455	0.01445	0.00653	0.00649
2	0.17957	0.10840	0.20896	0.01998	0.15249	0.07740	0.01639	0.02284	0.05461	0.04876	0.01403	0.04252	0.01146	0.00730	0.00605	0.00209	0.00810	0.00563	0.00397	0.00946
3	0.01417	0.01647	0.16647	0.01604	0.06641	0.03451	0.03574	0.01844	0.03715	0.07778	0.15518	0.15393	0.06276	0.01329	0.02883	0.00263	0.07638	0.01016	0.00534	0.00830
4	0.01386	0.01009	0.01151	0.01035	0.01313	0.01008	0.00797	0.12454	0.09286	0.06154	0.25473	0.11360	0.21976	0.01417	0.00792	0.00230	0.00451	0.01207	0.00712	0.00790
5	0.11985	0.09080	0.09283	0.01771	0.09823	0.03875	0.04641	0.10638	0.04602	0.05121	0.01835	0.15238	0.01725	0.01015	0.00792	0.00228	0.06142	0.00822	0.00482	0.00902
6	0.01654	0.01561	0.11508	0.03608	0.05174	0.01287	0.05772	0.12070	0.07742	0.08654	0.05903	0.09922	0.09493	0.01042	0.00714	0.00218	0.00652	0.00896	0.07832	0.04295
7	0.01961	0.14760	0.13680	0.01413	0.02037	0.04375	0.01337	0.12579	0.11433	0.10028	0.01644	0.01685	0.01232	0.00709	0.00608	0.00181	0.00721	0.00541	0.00505	0.18567

[dist]
# distance from previous block
# <min> <max>
0	11

[block]
# block no. 2 follows, 30 sequences, length 16
# corresponding to MSA columns:
# 68-83
name=unknown_C
#
# <colnr> <probs for GDERKNQSTAVLIFYWHMCP>
#	G	D	E	R	K	N	Q	S	T	A	V	L	I	F	Y	W	H	M	C	P
0	0.01028	0.00700	0.00852	0.00865	0.01017	0.00634	0.00617	0.01226	0.01595	0.05736	0.23469	0.26007	0.21843	0.07758	0.01051	0.00278	0.00400	0.01464	0.02838	0.00622
1	0.10428	0.01658	0.08426	0.02114	0.17720	0.04465	0.08385	0.04121	0.08002	0.10540	0.05880	0.04866	0.08588	0.00902	0.00701	0.00221	0.00728	0.00787	0.00518	0.00949
2	0.24442	0.01579	0.01675	0.01492	0.06437	0.01731	0.01128	0.29069	0.09080	0.10610	0.01709	0.01734	0.01238	0.00782	0.00614	0.00212	0.00648	0.00582	0.04212	0.01027
3	0.00940	0.00703	0.00842	0.00882	0.01043	0.00641	0.00666	0.01161	0.01605	0.02106	0.19973	0.17845	0.28789	0.05292	0.00976	0.00272	0.00417	0.11729	0.03512	0.00604
4	0.06154	0.01247	0.02028	0.69342	0.04595	0.01551	0.01866	0.01799	0.01383	0.01865	0.01224	0.01816	0.00920	0.00695	0.00681	0.00232	0.00906	0.00605	0.00318	0.00774
5	0.01001	0.00700	0.00870	0.00870	0.00919	0.00733	0.00566	0.01086	0.01073	0.01458	0.02307	0.04095	0.05233	0.50596	0.24805	0.00795	0.01031	0.00952	0.00417	0.00492
6	0.80405	0.01350	0.01026	0.00918	0.01350	0.01565	0.00756	0.02051	0.01188	0.03131	0.00972	0.01134	0.00756	0.00648	0.00432	0.00216	0.00540	0.00378	0.00432	0.00756
7	0.01000	0.00735	0.01059	0.01059	0.01162	0.00838	0.00794	0.01206	0.01103	0.01573	0.01927	0.03059	0.01883	0.17471	0.60661	0.01044	0.01661	0.00794	0.00382	0.00588
8	0.01447	0.01240	0.01447	0.01034	0.01654	0.00930	0.00827	0.01757	0.01447	0.02274	0.01240	0.01447	0.01034	0.00517	0.00517	0.00103	0.00517	0.00413	0.00413	0.79742
9	0.01407	0.01198	0.01404	0.01029	0.01611	0.00906	0.00815	0.01704	0.01440	0.02241	0.01416	0.06397	0.01275	0.00629	0.00542	0.00115	0.00509	0.00519	0.00429	0.74415
10	0.01536	0.01680	0.03511	0.06155	0.07484	0.01596	0.52485	0.02056	0.01623	0.02194	0.03932	0.06025	0.04681	0.00760	0.00813	0.00235	0.01038	0.00906	0.00392	0.00898
11	0.01698	0.01513	0.02257	0.18569	0.23764	0.01666	0.05091	0.11976	0.11530	0.02582	0.07240	0.02158	0.01661	0.00810	0.00791	0.00225	0.04304	0.00708	0.00474	0.00982
12	0.00890	0.00695	0.00807	0.00809	0.00990	0.00612	0.00595	0.01117	0.01700	0.02216	0.30736	0.15847	0.37094	0.01698	0.00833	0.00236	0.00352	0.01466	0.00693	0.00612
13	0.01892	0.27717	0.16343	0.01561	0.02161	0.11170	0.04655	0.12368	0.04869	0.02327	0.04634	0.04491	0.01414	0.00779	0.00616	0.00193	0.00851	0.00595	0.00423	0.00943
14	0.01009	0.00690	0.00810	0.00844	0.00987	0.00629	0.00593	0.01168	0.01445	0.05053	0.07703	0.28571	0.26884	0.11241	0.03512	0.00330	0.00469	0.01460	0.06003	0.00597
15	0.04106	0.09312	0.10725	0.01898	0.05382	0.17926	0.10871	0.10430	0.12570	0.02434	0.01518	0.01686	0.01178	0.00750	0.00729	0.00209	0.04065	0.00596	0.02653	0.00959

[dist]
# distance from previous block
# <min> <max>
3	7

[block]
# block no. 3 follows, 30 sequences, length 25
# corresponding to MSA columns:
# 92-116
name=unknown_D
#
# <colnr> <probs for GDERKNQSTAVLIFYWHMCP>
#	G	D	E	R	K	N	Q	S	T	A	V	L	I	F	Y	W	H	M	C	P
0	0.14351	0.01911	0.06837	0.03819	0.07323	0.12669	0.15361	0.09102	0.03913	0.05084	0.07971	0.01992	0.01599	0.00764	0.00671	0.00212	0.00846	0.00662	0.04008	0.00904
1	0.01725	0.01720	0.08491	0.05724	0.22141	0.01556	0.18177	0.04855	0.10710	0.07769	0.02006	0.06304	0.03919	0.00821	0.00741	0.00226	0.00838	0.00799	0.00471	0.01004
2	0.05397	0.01719	0.04944	0.02187	0.17156	0.07089	0.08527	0.11017	0.11593	0.07988	0.01958	0.08446	0.01660	0.00895	0.00710	0.00220	0.00772	0.02794	0.00526	0.04400
3	0.00878	0.00625	0.00821	0.00946	0.00999	0.00585	0.00634	0.01016	0.01391	0.01874	0.11741	0.61931	0.04711	0.07023	0.01062	0.00302	0.00414	0.01832	0.00647	0.00568
4	0.07506	0.28427	0.28860	0.04764	0.02380	0.01955	0.04105	0.02129	0.04027	0.02108	0.04202	0.01780	0.01284	0.00725	0.00596	0.00200	0.00833	0.02840	0.00357	0.00921
5	0.01897	0.31312	0.25419	0.01633	0.02357	0.05366	0.04405	0.15585	0.01845	0.02408	0.01226	0.01383	0.00957	0.00672	0.00591	0.00189	0.00884	0.00492	0.00383	0.00996
6	0.00861	0.00637	0.00796	0.00904	0.00990	0.00582	0.00616	0.01003	0.01417	0.01853	0.08920	0.53866	0.17859	0.05017	0.00981	0.00285	0.00401	0.01794	0.00647	0.00572
7	0.74191	0.01507	0.01102	0.00988	0.01414	0.07245	0.00803	0.02110	0.01251	0.03017	0.00980	0.01144	0.00767	0.00653	0.00448	0.00213	0.00597	0.00384	0.00426	0.00760
8	0.00844	0.00683	0.00750	0.00785	0.00968	0.00589	0.00569	0.01020	0.01560	0.01933	0.11409	0.23214	0.49557	0.01842	0.00841	0.00246	0.00364	0.01580	0.00658	0.00589
9	0.02535	0.01973	0.02000	0.01665	0.05040	0.09484	0.01297	0.52078	0.02902	0.06317	0.01675	0.01720	0.01212	0.00815	0.00677	0.00203	0.00787	0.00613	0.05900	0.01107
10	0.09155	0.02004	0.01944	0.01538	0.02060	0.09613	0.01252	0.50698	0.05767	0.03857	0.01585	0.01616	0.01154	0.00801	0.00662	0.00204	0.00782	0.00587	0.00629	0.04091
11	0.80405	0.01350	0.01026	0.00918	0.01350	0.01565	0.00756	0.02051	0.01188	0.03131	0.00972	0.01134	0.00756	0.00648	0.00432	0.00216	0.00540	0.00378	0.00432	0.00756
12	0.01400	0.03610	0.71860	0.01989	0.03020	0.01621	0.02578	0.02210	0.01473	0.02210	0.01252	0.01473	0.00884	0.00663	0.00663	0.00221	0.01031	0.00516	0.00295	0.01031
13	0.01598	0.01526	0.02599	0.26229	0.50187	0.01624	0.02077	0.02028	0.01528	0.02123	0.01290	0.01769	0.01050	0.00646	0.00693	0.00215	0.00861	0.00621	0.00334	0.01001
14	0.00877	0.00709	0.00779	0.00762	0.00975	0.00611	0.00571	0.01103	0.01714	0.02178	0.27520	0.06233	0.50206	0.01658	0.00824	0.00230	0.00346	0.01405	0.00687	0.00611
15	0.05850	0.01460	0.01449	0.04293	0.01740	0.08016	0.01014	0.12613	0.22898	0.05300	0.13731	0.03281	0.13283	0.01085	0.00721	0.00222	0.00601	0.00884	0.00649	0.00909
16	0.00895	0.00650	0.00807	0.00884	0.00967	0.00602	0.00597	0.01039	0.01428	0.01897	0.15043	0.42367	0.14474	0.13476	0.01286	0.00327	0.00427	0.01638	0.00632	0.00563
17	0.01513	0.01687	0.16392	0.01274	0.01746	0.04064	0.01212	0.06808	0.12188	0.08356	0.15395	0.03753	0.20423	0.01160	0.00745	0.00224	0.00611	0.00959	0.00613	0.00877
18	0.03953	0.01172	0.04150	0.04239	0.01623	0.01135	0.03373	0.08445	0.14151	0.02405	0.02810	0.25922	0.05553	0.05575	0.00898	0.00259	0.00561	0.01137	0.07265	0.05375
19	0.01852	0.05612	0.27675	0.05764	0.07358	0.04671	0.08755	0.12878	0.04606	0.07629	0.01518	0.01699	0.01107	0.00707	0.00674	0.00211	0.00898	0.00594	0.02326	0.03466
20	0.16154	0.17909	0.10107	0.04366	0.07087	0.04409	0.04170	0.14599	0.04033	0.02649	0.01480	0.01987	0.01248	0.00791	0.00616	0.00210	0.00778	0.06023	0.00448	0.00935
21	0.17260	0.05143	0.10931	0.01413	0.04276	0.07771	0.01215	0.13695	0.04326	0.05293	0.13671	0.02260	0.02070	0.03528	0.00741	0.00222	0.00697	0.00662	0.00528	0.04299
22	0.23955	0.11493	0.01823	0.01458	0.07463	0.06374	0.01089	0.08453	0.12862	0.07839	0.04242	0.01931	0.03905	0.00789	0.00590	0.00204	0.00651	0.00589	0.00523	0.03767
23	0.08146	0.09079	0.15005	0.01734	0.07293	0.08159	0.06371	0.08332	0.03983	0.07506	0.07539	0.05154	0.01830	0.04208	0.00803	0.00234	0.00797	0.02430	0.00483	0.00915
24	0.06931	0.04850	0.09606	0.04672	0.05130	0.10228	0.01325	0.12816	0.06591	0.11534	0.07715	0.04395	0.03602	0.00894	0.00730	0.00212	0.03384	0.00697	0.00546	0.04142

[dist]
# distance from previous block
# <min> <max>
5	22

[block]
# block no. 4 follows, 30 sequences, length 8
# corresponding to MSA columns:
# 139-146
name=unknown_E
#
# <colnr> <probs for GDERKNQSTAVLIFYWHMCP>
#	G	D	E	R	K	N	Q	S	T	A	V	L	I	F	Y	W	H	M	C	P
0	0.01556	0.01746	0.10911	0.04633	0.19138	0.06981	0.04955	0.07280	0.03832	0.02413	0.12848	0.08330	0.06460	0.00978	0.00727	0.00215	0.00740	0.00860	0.00491	0.04907
1	0.01322	0.01221	0.06942	0.01624	0.11183	0.01074	0.01125	0.12746	0.01712	0.02329	0.02917	0.46479	0.03246	0.01618	0.00812	0.00255	0.00576	0.01447	0.00586	0.00784
2	0.01683	0.01404	0.02120	0.05042	0.35980	0.01329	0.01527	0.02115	0.05024	0.07819	0.01689	0.07665	0.01466	0.00759	0.00663	0.00189	0.00683	0.00692	0.00447	0.21704
3	0.04708	0.10390	0.10984	0.01699	0.10916	0.03561	0.01348	0.13403	0.01831	0.02619	0.07276	0.01796	0.01498	0.00703	0.00608	0.00172	0.00699	0.00559	0.00455	0.24776
4	0.08430	0.06455	0.01937	0.01730	0.07414	0.23368	0.01264	0.10769	0.26457	0.02618	0.01787	0.01811	0.01381	0.00795	0.00645	0.00207	0.00824	0.00596	0.00527	0.00984
5	0.06526	0.01994	0.16757	0.09551	0.10127	0.01569	0.26579	0.02359	0.01612	0.13794	0.01550	0.01820	0.01109	0.00667	0.00721	0.00225	0.00952	0.00674	0.00426	0.00990
6	0.01643	0.01204	0.01389	0.01325	0.05640	0.01237	0.00988	0.19625	0.08722	0.06286	0.07970	0.04220	0.22313	0.01260	0.00759	0.00229	0.00551	0.07984	0.05781	0.00873
7	0.01993	0.01552	0.01902	0.10679	0.08952	0.01722	0.01346	0.35317	0.07735	0.03193	0.01952	0.02165	0.04764	0.01408	0.08854	0.03342	0.00873	0.00694	0.00563	0.00995

[dist]
# distance from previous block
# <min> <max>
0	4

[block]
# block no. 5 follows, 30 sequences, length 31
# corresponding to MSA columns:
# 151-181
name=unknown_F
#
# <colnr> <probs for GDERKNQSTAVLIFYWHMCP>
#	G	D	E	R	K	N	Q	S	T	A	V	L	I	F	Y	W	H	M	C	P
0	0.15435	0.16617	0.10735	0.01146	0.01597	0.04142	0.01086	0.01857	0.05720	0.02254	0.09216	0.03380	0.18107	0.01076	0.00651	0.00214	0.00616	0.04867	0.00497	0.00788
1	0.25914	0.07055	0.04056	0.05807	0.03757	0.05851	0.05246	0.07516	0.05316	0.02448	0.03878	0.01732	0.01240	0.01055	0.01000	0.15671	0.00712	0.00557	0.00424	0.00765
2	0.21126	0.05969	0.10731	0.01407	0.01998	0.05561	0.05908	0.09601	0.07271	0.02696	0.01344	0.01496	0.01040	0.00659	0.00575	0.00185	0.00719	0.00501	0.00445	0.20766
3	0.13854	0.07163	0.19262	0.10728	0.10896	0.05700	0.04892	0.04015	0.05563	0.02325	0.01311	0.01595	0.01021	0.00718	0.00729	0.00218	0.05574	0.00551	0.02965	0.00919
4	0.01649	0.08302	0.06099	0.24064	0.07288	0.09979	0.05605	0.02097	0.05719	0.04559	0.03662	0.02230	0.01424	0.00916	0.00893	0.04164	0.05410	0.04706	0.00399	0.00835
5	0.01014	0.00763	0.00866	0.00843	0.01046	0.00697	0.00621	0.01333	0.05897	0.04369	0.24049	0.11686	0.36326	0.06162	0.00987	0.00262	0.00391	0.01363	0.00679	0.00647
6	0.05771	0.00653	0.00823	0.00968	0.01033	0.00629	0.00654	0.01038	0.01327	0.01865	0.03668	0.70450	0.04377	0.02091	0.00862	0.00279	0.00413	0.01884	0.00634	0.00578
7	0.01753	0.01999	0.09504	0.04926	0.03305	0.01826	0.46835	0.11804	0.01824	0.02497	0.01400	0.01794	0.01049	0.00673	0.00878	0.00235	0.05589	0.00749	0.00393	0.00968
8	0.01038	0.00821	0.01077	0.00985	0.01201	0.00765	0.04026	0.03217	0.04114	0.02495	0.40872	0.11940	0.21775	0.01510	0.00823	0.00231	0.00404	0.01328	0.00702	0.00676
9	0.01480	0.01459	0.02069	0.06213	0.01977	0.02020	0.01510	0.01658	0.01092	0.01682	0.00997	0.01626	0.00970	0.01448	0.06730	0.00353	0.65030	0.00620	0.00310	0.00755
10	0.01824	0.07035	0.18147	0.01932	0.08837	0.01539	0.11481	0.08492	0.04358	0.11496	0.07508	0.02030	0.01622	0.00745	0.00682	0.00202	0.00795	0.00659	0.00490	0.10127
11	0.00972	0.00713	0.00911	0.00861	0.01033	0.00652	0.00646	0.01287	0.01938	0.02710	0.64627	0.05357	0.12767	0.01459	0.00823	0.00221	0.00332	0.01282	0.00757	0.00652
12	0.01447	0.01240	0.01447	0.01034	0.01654	0.00930	0.00827	0.01757	0.01447	0.02274	0.01240	0.01447	0.01034	0.00517	0.00517	0.00103	0.00517	0.00413	0.00413	0.79742
13	0.01866	0.75896	0.03657	0.01194	0.01791	0.02761	0.01194	0.02090	0.01418	0.01642	0.00970	0.01119	0.00896	0.00597	0.00448	0.00149	0.00746	0.00373	0.00299	0.00896
14	0.01866	0.75896	0.03657	0.01194	0.01791	0.02761	0.01194	0.02090	0.01418	0.01642	0.00970	0.01119	0.00896	0.00597	0.00448	0.00149	0.00746	0.00373	0.00299	0.00896
15	0.02607	0.03326	0.01978	0.01798	0.02157	0.72674	0.01348	0.02787	0.01978	0.01708	0.01079	0.01258	0.00899	0.00719	0.00629	0.00180	0.01258	0.00449	0.00360	0.00809
16	0.02653	0.01955	0.02094	0.01606	0.02164	0.02164	0.01326	0.68796	0.03281	0.04398	0.01675	0.01675	0.01187	0.00838	0.00698	0.00209	0.00768	0.00628	0.00698	0.01187
17	0.01301	0.00650	0.00650	0.00650	0.00813	0.00650	0.00488	0.01626	0.01463	0.02602	0.02276	0.02602	0.01789	0.00813	0.00488	0.00163	0.00325	0.00650	0.79350	0.00650
18	0.00887	0.00633	0.00851	0.01013	0.01070	0.00598	0.00711	0.01035	0.01372	0.01822	0.03826	0.66113	0.04536	0.02152	0.00900	0.00288	0.00436	0.10532	0.00647	0.00577
19	0.01015	0.00677	0.00761	0.00761	0.00761	0.00677	0.00423	0.01015	0.01015	0.01353	0.02199	0.04567	0.02537	0.75476	0.03552	0.00677	0.00677	0.01015	0.00423	0.00423
20	0.01527	0.01527	0.02137	0.01832	0.01832	0.02137	0.01527	0.01679	0.01069	0.01679	0.00916	0.01527	0.00916	0.01221	0.02290	0.00305	0.74198	0.00611	0.00305	0.00763
21	0.03010	0.01382	0.01740	0.01334	0.01878	0.01315	0.01102	0.19998	0.02323	0.54549	0.02480	0.02198	0.01590	0.00857	0.00701	0.00214	0.00638	0.00683	0.00822	0.01187
22	0.00829	0.00691	0.00723	0.00749	0.00954	0.00586	0.00549	0.00997	0.01550	0.01869	0.06560	0.17513	0.60371	0.01834	0.00835	0.00243	0.00362	0.01554	0.00648	0.00586
23	0.02734	0.01824	0.02014	0.01544	0.02099	0.01971	0.01275	0.57685	0.03063	0.15817	0.01858	0.01794	0.01279	0.00842	0.00699	0.00211	0.00738	0.00641	0.00726	0.01187
24	0.01038	0.00793	0.01180	0.01161	0.01273	0.00946	0.00906	0.01264	0.01111	0.01611	0.01787	0.02644	0.01675	0.04888	0.65996	0.03513	0.06491	0.00734	0.00367	0.00622
25	0.08565	0.00998	0.01021	0.00905	0.01199	0.03242	0.00710	0.04693	0.05465	0.16203	0.02228	0.02353	0.01656	0.00814	0.00550	0.00184	0.00456	0.00638	0.47305	0.00815
26	0.01152	0.00973	0.01111	0.01191	0.05120	0.04918	0.00852	0.01523	0.06101	0.02273	0.26387	0.09702	0.18320	0.04891	0.00950	0.00263	0.00504	0.12434	0.00647	0.00687
27	0.01168	0.00909	0.01256	0.01188	0.01306	0.01081	0.00917	0.05445	0.01233	0.01761	0.01786	0.02788	0.01722	0.14615	0.49509	0.00899	0.10618	0.00762	0.00392	0.00646
28	0.12174	0.01672	0.02596	0.03535	0.51705	0.03836	0.05622	0.02126	0.01519	0.02336	0.01241	0.01630	0.01038	0.00663	0.00761	0.00215	0.05361	0.00595	0.00355	0.01020
29	0.01853	0.47172	0.10020	0.01754	0.06100	0.09162	0.11134	0.02192	0.01520	0.01824	0.01091	0.01311	0.00930	0.00615	0.00554	0.00175	0.00889	0.00473	0.00315	0.00919
30	0.01084	0.11645	0.01235	0.00876	0.01154	0.01023	0.00696	0.01427	0.07953	0.01916	0.05254	0.07885	0.45384	0.06291	0.00942	0.00256	0.00461	0.03259	0.00589	0.00672

[dist]
# distance from previous block
# <min> <max>
2	5

[block]
# block no. 6 follows, 30 sequences, length 95
# corresponding to MSA columns:
# 187-207,209,210,212-241,243-257,260-263,266-288
name=unknown_G
#
# <colnr> <probs for GDERKNQSTAVLIFYWHMCP>
#	G	D	E	R	K	N	Q	S	T	A	V	L	I	F	Y	W	H	M	C	P
0	0.04687	0.04158	0.02607	0.11967	0.05183	0.04126	0.23776	0.11477	0.01770	0.04674	0.01523	0.04343	0.01231	0.01047	0.06018	0.00277	0.00974	0.00704	0.00432	0.09026
1	0.07297	0.05912	0.19736	0.01973	0.02649	0.01547	0.26182	0.02220	0.03739	0.08272	0.06326	0.02191	0.04785	0.00756	0.00713	0.00219	0.00887	0.00728	0.00440	0.03428
2	0.00871	0.00622	0.00812	0.00946	0.00992	0.00589	0.00628	0.00986	0.01304	0.01735	0.03719	0.63088	0.06519	0.09797	0.03564	0.00350	0.00480	0.01826	0.00616	0.00555
3	0.01318	0.01240	0.02093	0.73798	0.04806	0.01550	0.01938	0.01783	0.01395	0.01783	0.01240	0.01860	0.00930	0.00698	0.00698	0.00233	0.00930	0.00620	0.00310	0.00775
4	0.04053	0.02877	0.42950	0.04427	0.05868	0.04024	0.06735	0.11877	0.06025	0.02571	0.01411	0.01608	0.01025	0.00701	0.00676	0.00220	0.00954	0.00572	0.00392	0.01031
5	0.00975	0.00783	0.01048	0.06192	0.01412	0.00740	0.02915	0.01239	0.01648	0.02149	0.22753	0.15636	0.27639	0.01643	0.00844	0.00250	0.00462	0.10390	0.00646	0.00637
6	0.01044	0.00702	0.00882	0.00837	0.01001	0.00657	0.00628	0.01373	0.01883	0.02763	0.58421	0.04742	0.05721	0.01316	0.00763	0.00209	0.00328	0.01152	0.14921	0.00657
7	0.02890	0.01574	0.01859	0.01425	0.01974	0.01599	0.01177	0.36344	0.02644	0.37749	0.02210	0.02023	0.01455	0.00851	0.00700	0.00213	0.00681	0.00665	0.00780	0.01187
8	0.01907	0.07834	0.08186	0.15236	0.20507	0.04509	0.08857	0.13144	0.03979	0.06981	0.01469	0.01741	0.01112	0.00698	0.00684	0.00212	0.00876	0.00619	0.00435	0.01014
9	0.01458	0.03094	0.56091	0.02018	0.05314	0.01559	0.06028	0.02170	0.01527	0.04557	0.06150	0.01798	0.01329	0.00735	0.00736	0.00224	0.03261	0.00598	0.00352	0.01000
10	0.00888	0.00705	0.00797	0.00783	0.00983	0.00614	0.00584	0.01120	0.01726	0.02227	0.31067	0.08934	0.43791	0.01655	0.00827	0.00231	0.00346	0.01414	0.00694	0.00614
11	0.01435	0.01234	0.06175	0.13059	0.02115	0.01157	0.03499	0.09759	0.06605	0.06886	0.05220	0.29923	0.05003	0.01400	0.00791	0.00250	0.00630	0.03467	0.00588	0.00805
12	0.02404	0.03898	0.04808	0.04325	0.14678	0.08191	0.08822	0.18241	0.02133	0.22797	0.01791	0.01855	0.01262	0.00751	0.00697	0.00210	0.00832	0.00642	0.00577	0.01085
13	0.02099	0.45323	0.02996	0.01559	0.04993	0.26439	0.01300	0.02314	0.01603	0.01694	0.01020	0.01208	0.00907	0.00662	0.00585	0.00168	0.03519	0.00418	0.00322	0.00871
14	0.04554	0.01426	0.01928	0.02169	0.25089	0.01293	0.01302	0.04214	0.06056	0.02420	0.01374	0.01613	0.01125	0.00596	0.00591	0.00155	0.00633	0.00514	0.00420	0.42527
15	0.01409	0.07064	0.04288	0.01146	0.01467	0.05527	0.03310	0.01830	0.07256	0.07981	0.22655	0.06600	0.17341	0.03533	0.00850	0.00239	0.00559	0.05550	0.00627	0.00767
16	0.01620	0.01988	0.21358	0.02253	0.20485	0.01477	0.01711	0.02479	0.18368	0.07015	0.04419	0.06741	0.01814	0.04177	0.00833	0.00245	0.00750	0.00764	0.00493	0.01010
17	0.01001	0.00732	0.01040	0.01040	0.01137	0.00828	0.00771	0.01194	0.01097	0.01560	0.01944	0.03154	0.01924	0.21096	0.57092	0.01021	0.01600	0.00808	0.00385	0.00578
18	0.02636	0.02438	0.02053	0.01673	0.02162	0.27041	0.01334	0.45507	0.02821	0.03449	0.01465	0.01528	0.01085	0.00796	0.00674	0.00199	0.00941	0.00565	0.00579	0.01053
19	0.01894	0.58636	0.13301	0.01329	0.01984	0.02487	0.01391	0.05129	0.01536	0.05199	0.01127	0.01255	0.00947	0.00630	0.00502	0.00165	0.00781	0.00421	0.00343	0.00942
20	0.03058	0.01304	0.01692	0.01297	0.01840	0.01199	0.01071	0.13356	0.02193	0.61375	0.02589	0.02269	0.01645	0.00860	0.00701	0.00215	0.00620	0.00691	0.00838	0.01187
21	0.00853	0.00708	0.00745	0.00736	0.00960	0.00601	0.00552	0.01055	0.01656	0.02041	0.17933	0.06459	0.59879	0.01709	0.00824	0.00233	0.00349	0.01437	0.00669	0.00601
22	0.00859	0.00614	0.00818	0.00965	0.01014	0.00573	0.00648	0.00995	0.01379	0.01850	0.08335	0.70336	0.04747	0.02135	0.00886	0.00279	0.00400	0.01935	0.00656	0.00573
23	0.46058	0.28129	0.07633	0.01102	0.01641	0.01997	0.01058	0.02078	0.01293	0.02526	0.00994	0.01156	0.00816	0.00631	0.00456	0.00193	0.00653	0.00387	0.00373	0.00828
24	0.01489	0.01441	0.02524	0.43475	0.27866	0.01606	0.07697	0.01947	0.01484	0.01995	0.01280	0.01816	0.01002	0.00662	0.00706	0.00224	0.00916	0.00638	0.00326	0.00905
25	0.01702	0.01370	0.01633	0.03899	0.04455	0.01183	0.01004	0.12710	0.01766	0.04790	0.01361	0.01539	0.01079	0.00590	0.00565	0.00133	0.00587	0.00473	0.00468	0.58693
26	0.02523	0.03176	0.01939	0.01743	0.02121	0.67520	0.01311	0.02713	0.01939	0.01749	0.01090	0.01272	0.00909	0.00705	0.00621	0.00174	0.01205	0.00447	0.00363	0.06480
27	0.01551	0.07469	0.10318	0.23710	0.17494	0.01741	0.11647	0.04344	0.01519	0.02073	0.01348	0.04511	0.01127	0.00763	0.00840	0.00228	0.07387	0.00672	0.00348	0.00911
28	0.01467	0.08743	0.59210	0.01916	0.02851	0.01691	0.04899	0.04449	0.01533	0.02228	0.01346	0.04143	0.01038	0.00717	0.00663	0.00218	0.00984	0.00574	0.00324	0.01006
29	0.00997	0.00748	0.01121	0.01121	0.01246	0.00872	0.00872	0.01246	0.01121	0.01620	0.01869	0.02741	0.01745	0.05234	0.72710	0.01121	0.01869	0.00748	0.00374	0.00623
30	0.02649	0.01253	0.01582	0.01255	0.01730	0.01193	0.01031	0.15932	0.02169	0.45456	0.05459	0.02726	0.04486	0.01118	0.03479	0.00252	0.00650	0.03002	0.03494	0.01084
31	0.02014	0.04726	0.12377	0.07723	0.07433	0.12599	0.24379	0.05398	0.01768	0.12525	0.01515	0.01756	0.01103	0.00682	0.00717	0.00216	0.01008	0.00653	0.00432	0.00977
32	0.01212	0.00606	0.00909	0.00909	0.00909	0.00606	0.00606	0.00909	0.00909	0.01212	0.01212	0.02121	0.01212	0.02424	0.02727	0.79697	0.00606	0.00606	0.00303	0.00303
33	0.00825	0.00707	0.00707	0.00707	0.00943	0.00589	0.00530	0.01001	0.01591	0.01885	0.07069	0.06716	0.70839	0.01767	0.00825	0.00236	0.00353	0.01473	0.00648	0.00589
34	0.00998	0.00744	0.00996	0.05922	0.01374	0.00747	0.00819	0.03297	0.03673	0.01957	0.05187	0.56894	0.04167	0.01959	0.00872	0.00278	0.00479	0.08378	0.00631	0.00628
35	0.01624	0.04160	0.02834	0.14944	0.46826	0.01652	0.10596	0.02051	0.01550	0.02154	0.01397	0.04490	0.01196	0.00687	0.00708	0.00216	0.00871	0.00690	0.00350	0.01004
36	0.01627	0.01541	0.02213	0.13550	0.34863	0.06595	0.01725	0.04520	0.01622	0.02184	0.01700	0.05082	0.01582	0.00895	0.00769	0.00224	0.03026	0.09744	0.00410	0.06130
37	0.01914	0.37904	0.17452	0.01468	0.02128	0.02293	0.01502	0.15844	0.08959	0.02455	0.01368	0.01462	0.01081	0.00696	0.00571	0.00186	0.00790	0.00498	0.00422	0.01005
38	0.02676	0.01918	0.02071	0.01588	0.02146	0.02109	0.01312	0.65662	0.03219	0.07619	0.01727	0.01709	0.01213	0.00839	0.00698	0.00210	0.00760	0.00632	0.00706	0.01187
39	0.01212	0.00606	0.00909	0.00909	0.00909	0.00606	0.00606	0.00909	0.00909	0.01212	0.01212	0.02121	0.01212	0.02424	0.02727	0.79697	0.00606	0.00606	0.00303	0.00303
40	0.80405	0.01350	0.01026	0.00918	0.01350	0.01565	0.00756	0.02051	0.01188	0.03131	0.00972	0.01134	0.00756	0.00648	0.00432	0.00216	0.00540	0.00378	0.00432	0.00756
41	0.80405	0.01350	0.01026	0.00918	0.01350	0.01565	0.00756	0.02051	0.01188	0.03131	0.00972	0.01134	0.00756	0.00648	0.00432	0.00216	0.00540	0.00378	0.00432	0.00756
42	0.57954	0.01302	0.01198	0.01012	0.01475	0.01409	0.00834	0.02443	0.01423	0.23026	0.01489	0.01494	0.01038	0.00711	0.00510	0.00216	0.00555	0.00472	0.00557	0.00881
43	0.00825	0.00707	0.00707	0.00707	0.00943	0.00589	0.00530	0.01001	0.01591	0.01885	0.07069	0.06716	0.70839	0.01767	0.00825	0.00236	0.00353	0.01473	0.00648	0.00589
44	0.01421	0.06986	0.68674	0.01952	0.02963	0.01674	0.02514	0.02204	0.01471	0.02183	0.01239	0.01457	0.00885	0.00660	0.00653	0.00218	0.01018	0.00509	0.00295	0.01025
45	0.00829	0.00690	0.00724	0.00751	0.00954	0.00585	0.00550	0.00996	0.01548	0.01868	0.06530	0.18151	0.59753	0.01837	0.00836	0.00244	0.00362	0.01558	0.00648	0.00585
46	0.17401	0.01230	0.01498	0.01180	0.01683	0.01160	0.00972	0.05954	0.01902	0.52657	0.05550	0.02245	0.01749	0.00849	0.00657	0.00216	0.00579	0.00664	0.00771	0.01082
47	0.00844	0.00704	0.00736	0.00736	0.00956	0.00596	0.00549	0.01036	0.01625	0.01984	0.14128	0.09029	0.61192	0.01744	0.00827	0.00236	0.00353	0.01468	0.00662	0.00596
48	0.00845	0.00628	0.00789	0.00918	0.00998	0.00571	0.00624	0.00978	0.01388	0.01803	0.04503	0.61097	0.18114	0.02101	0.00877	0.00274	0.00394	0.01880	0.00648	0.00571
49	0.02653	0.01955	0.02094	0.01606	0.02164	0.02164	0.01326	0.68796	0.03281	0.04398	0.01675	0.01675	0.01187	0.00838	0.00698	0.00209	0.00768	0.00628	0.00698	0.01187
50	0.01799	0.15819	0.10891	0.06418	0.39201	0.06760	0.01914	0.05281	0.01640	0.02189	0.01239	0.01556	0.01022	0.00642	0.00639	0.00197	0.00869	0.00551	0.00347	0.01026
51	0.01727	0.01509	0.06604	0.01805	0.12228	0.05788	0.01314	0.05221	0.05950	0.12192	0.11459	0.02640	0.04909	0.01640	0.11972	0.00366	0.10488	0.00767	0.00526	0.00896
52	0.00971	0.00700	0.00885	0.00994	0.01065	0.00684	0.00671	0.03841	0.03829	0.01889	0.03569	0.62920	0.04194	0.08875	0.01123	0.00315	0.00450	0.01796	0.00631	0.00598
53	0.18619	0.04424	0.11052	0.04306	0.12808	0.04109	0.10296	0.08914	0.04031	0.12712	0.01521	0.01676	0.01111	0.00700	0.00643	0.00215	0.00805	0.00587	0.00478	0.00992
54	0.01060	0.00818	0.01004	0.00991	0.01179	0.00817	0.00753	0.01559	0.11170	0.02383	0.31721	0.14015	0.14826	0.01910	0.07736	0.00326	0.00544	0.05817	0.00680	0.00694
55	0.11598	0.01214	0.01538	0.01199	0.01715	0.01111	0.00988	0.05381	0.01933	0.59536	0.02504	0.02222	0.01604	0.00837	0.00665	0.00214	0.00585	0.00662	0.03372	0.01122
56	0.00867	0.00714	0.00766	0.00769	0.00990	0.00613	0.00588	0.01074	0.01644	0.02024	0.15544	0.06588	0.57577	0.01732	0.00834	0.00239	0.00370	0.05802	0.00664	0.00602
57	0.00993	0.00729	0.01044	0.01052	0.01151	0.00824	0.00784	0.01193	0.01113	0.01581	0.02019	0.06434	0.02016	0.17275	0.57360	0.01005	0.01594	0.00852	0.00395	0.00586
58	0.01023	0.00750	0.00963	0.00903	0.01079	0.00709	0.00679	0.01429	0.05146	0.02804	0.67582	0.05091	0.06376	0.01404	0.00818	0.00220	0.00340	0.01240	0.00765	0.00679
59	0.00874	0.00630	0.00829	0.00945	0.01015	0.00584	0.00646	0.01036	0.01462	0.01971	0.16184	0.59832	0.07337	0.02033	0.00876	0.00270	0.00389	0.01834	0.00670	0.00584
60	0.01866	0.75896	0.03657	0.01194	0.01791	0.02761	0.01194	0.02090	0.01418	0.01642	0.00970	0.01119	0.00896	0.00597	0.00448	0.00149	0.00746	0.00373	0.00299	0.00896
61	0.00936	0.00724	0.00865	0.00891	0.01081	0.00653	0.00699	0.01184	0.01691	0.02182	0.24253	0.09809	0.35228	0.01725	0.00857	0.00252	0.00411	0.15260	0.00681	0.00619
62	0.01866	0.75896	0.03657	0.01194	0.01791	0.02761	0.01194	0.02090	0.01418	0.01642	0.00970	0.01119	0.00896	0.00597	0.00448	0.00149	0.00746	0.00373	0.00299	0.00896
63	0.06413	0.01193	0.01559	0.01217	0.01735	0.01068	0.01000	0.03272	0.05200	0.62854	0.02828	0.02482	0.04104	0.00889	0.00694	0.00218	0.00581	0.00718	0.00830	0.01144
64	0.12184	0.01229	0.04586	0.03461	0.01705	0.03548	0.10291	0.04069	0.01592	0.04708	0.09958	0.17145	0.09491	0.01182	0.00710	0.00226	0.00599	0.01036	0.11533	0.00747
65	0.01649	0.04985	0.05653	0.14353	0.44552	0.01704	0.09223	0.02173	0.04826	0.02199	0.01368	0.01769	0.01104	0.00646	0.00695	0.00214	0.00873	0.00636	0.00354	0.01025
66	0.00961	0.00698	0.00813	0.00813	0.00899	0.00689	0.00534	0.01054	0.01188	0.01544	0.03435	0.04802	0.20577	0.42880	0.15595	0.00641	0.00811	0.01087	0.00474	0.00504
67	0.05242	0.03428	0.65370	0.01921	0.02902	0.01642	0.02435	0.05157	0.01540	0.02351	0.01258	0.01466	0.00891	0.00670	0.00653	0.00220	0.00996	0.00514	0.00319	0.01025
68	0.01727	0.01658	0.02832	0.04283	0.71123	0.01658	0.02142	0.02142	0.01589	0.02280	0.01313	0.01727	0.01105	0.00622	0.00691	0.00207	0.00829	0.00622	0.00345	0.01105
69	0.01015	0.00677	0.00761	0.00761	0.00761	0.00677	0.00423	0.01015	0.01015	0.01353	0.02199	0.04567	0.02537	0.75476	0.03552	0.00677	0.00677	0.01015	0.00423	0.00423
70	0.02607	0.03326	0.01978	0.01798	0.02157	0.72674	0.01348	0.02787	0.01978	0.01708	0.01079	0.01258	0.00899	0.00719	0.00629	0.00180	0.01258	0.00449	0.00360	0.00809
71	0.01463	0.13513	0.62516	0.01880	0.02852	0.01777	0.02389	0.02193	0.01466	0.02132	0.01214	0.01425	0.00886	0.00654	0.00633	0.00211	0.00992	0.00496	0.00295	0.01013
72	0.01787	0.59062	0.10373	0.01466	0.02098	0.02530	0.08046	0.02103	0.01435	0.01758	0.01040	0.01243	0.00911	0.00622	0.00565	0.00170	0.03137	0.00439	0.00304	0.00909
73	0.01557	0.01541	0.02802	0.08296	0.38752	0.01548	0.17928	0.01970	0.01539	0.02149	0.01652	0.11402	0.01537	0.00844	0.00802	0.00229	0.03258	0.00849	0.00383	0.00961
74	0.01006	0.00711	0.00933	0.00933	0.00993	0.00770	0.00638	0.01125	0.01066	0.01481	0.02041	0.03694	0.02158	0.41882	0.36628	0.00889	0.01247	0.00887	0.00399	0.00519
75	0.02054	0.50293	0.05921	0.01381	0.01945	0.14552	0.01288	0.09437	0.03845	0.02012	0.01134	0.01264	0.00965	0.00657	0.00523	0.00167	0.00842	0.00432	0.00365	0.00924
76	0.01802	0.15493	0.12461	0.05308	0.17541	0.09838	0.11620	0.06997	0.01681	0.02183	0.01323	0.03925	0.01112	0.00715	0.00709	0.00204	0.03202	0.00612	0.00367	0.02908
77	0.01006	0.00684	0.00813	0.00819	0.00838	0.00699	0.00494	0.01045	0.01042	0.01406	0.02216	0.07021	0.02507	0.62945	0.13015	0.00723	0.00831	0.01015	0.00425	0.00456
78	0.00896	0.00717	0.00791	0.00802	0.01002	0.00630	0.00610	0.01099	0.01607	0.02002	0.15446	0.06485	0.49164	0.06878	0.01031	0.00274	0.00406	0.08918	0.00649	0.00594
79	0.00918	0.00716	0.00847	0.00897	0.01079	0.00644	0.00698	0.01141	0.01613	0.02045	0.14809	0.16211	0.37661	0.01813	0.00865	0.00259	0.00422	0.16090	0.00664	0.00608
80	0.00873	0.00698	0.00781	0.00783	0.00978	0.00606	0.00578	0.01086	0.01671	0.02129	0.24480	0.13504	0.45942	0.01717	0.00831	0.00236	0.00352	0.01468	0.00681	0.00606
81	0.01465	0.00842	0.01108	0.01073	0.01287	0.00791	0.00823	0.04863	0.01768	0.16155	0.21387	0.29334	0.04320	0.01620	0.00835	0.00254	0.00472	0.10121	0.00725	0.00755
82	0.01013	0.00683	0.00796	0.00796	0.00808	0.00695	0.00466	0.01037	0.01025	0.01379	0.02167	0.04391	0.02461	0.68724	0.10199	0.00719	0.00791	0.00989	0.00418	0.00442
83	0.02617	0.03019	0.02004	0.01755	0.02159	0.56874	0.01343	0.17578	0.02270	0.02311	0.01212	0.01352	0.00963	0.00746	0.00645	0.00186	0.01149	0.00490	0.00435	0.00894
84	0.80405	0.01350	0.01026	0.00918	0.01350	0.01565	0.00756	0.02051	0.01188	0.03131	0.00972	0.01134	0.00756	0.00648	0.00432	0.00216	0.00540	0.00378	0.00432	0.00756
85	0.00927	0.00711	0.00848	0.00814	0.01005	0.00632	0.00610	0.01199	0.01831	0.02456	0.46875	0.05776	0.30678	0.01554	0.00824	0.00226	0.00338	0.01341	0.00723	0.00632
86	0.01527	0.01527	0.02137	0.01832	0.01832	0.02137	0.01527	0.01679	0.01069	0.01679	0.00916	0.01527	0.00916	0.01221	0.02290	0.00305	0.74198	0.00611	0.00305	0.00763
87	0.00997	0.00748	0.01121	0.01121	0.01246	0.00872	0.00872	0.01246	0.01121	0.01620	0.01869	0.02741	0.01745	0.05234	0.72710	0.01121	0.01869	0.00748	0.00374	0.00623
88	0.01866	0.75896	0.03657	0.01194	0.01791	0.02761	0.01194	0.02090	0.01418	0.01642	0.00970	0.01119	0.00896	0.00597	0.00448	0.00149	0.00746	0.00373	0.00299	0.00896
89	0.02510	0.01462	0.01696	0.01363	0.01848	0.01519	0.01105	0.22987	0.19218	0.29797	0.04581	0.02319	0.01821	0.00893	0.00699	0.00217	0.00618	0.00717	0.03499	0.01131
90	0.00924	0.00693	0.00854	0.00903	0.01048	0.00634	0.00671	0.01139	0.01606	0.02113	0.23006	0.24664	0.23866	0.04816	0.00972	0.00273	0.00412	0.10133	0.00671	0.00602
91	0.01473	0.03168	0.57568	0.01947	0.02867	0.01590	0.06783	0.02325	0.06895	0.04194	0.01614	0.01781	0.03226	0.00721	0.00684	0.00224	0.00970	0.00593	0.00358	0.01021
92	0.01056	0.00809	0.01007	0.01081	0.03014	0.00786	0.00779	0.03671	0.06611	0.02244	0.18906	0.30204	0.16438	0.01737	0.00847	0.00257	0.00440	0.08766	0.00672	0.00674
93	0.01661	0.12191	0.07398	0.01341	0.01720	0.11268	0.03197	0.08861	0.06641	0.04494	0.08731	0.13791	0.04727	0.06398	0.04261	0.00289	0.00778	0.00911	0.00521	0.00821
94	0.01810	0.22679	0.10148	0.01640	0.06083	0.13438	0.01396	0.07541	0.06542	0.02083	0.01601	0.04222	0.03546	0.01199	0.06713	0.00278	0.07176	0.00609	0.00403	0.00893

[dist]
# distance from previous block
# <min> <max>
0	5

[block]
# block no. 7 follows, 30 sequences, length 7
# corresponding to MSA columns:
# 294-300
name=unknown_H
#
# <colnr> <probs for GDERKNQSTAVLIFYWHMCP>
#	G	D	E	R	K	N	Q	S	T	A	V	L	I	F	Y	W	H	M	C	P
0	0.15294	0.01273	0.01664	0.09201	0.11611	0.01404	0.03580	0.03825	0.08217	0.02376	0.07948	0.04282	0.08965	0.05058	0.01005	0.00253	0.08579	0.00787	0.00480	0.04198
1	0.01509	0.01574	0.08158	0.07729	0.18322	0.01418	0.13681	0.08812	0.04131	0.02436	0.09004	0.10408	0.07729	0.01000	0.00760	0.00228	0.00767	0.00935	0.00488	0.00908
2	0.01641	0.01426	0.01740	0.13995	0.09108	0.01639	0.01316	0.03115	0.47839	0.02646	0.02387	0.02390	0.01807	0.00865	0.00694	0.00229	0.00632	0.00736	0.04770	0.01024
3	0.00961	0.00712	0.00895	0.00850	0.01026	0.00647	0.00637	0.01265	0.01912	0.02647	0.60212	0.05461	0.17221	0.01483	0.00823	0.00222	0.00333	0.01297	0.00748	0.00647
4	0.00971	0.00658	0.00774	0.00818	0.00829	0.00647	0.00483	0.01003	0.01101	0.01468	0.02642	0.23521	0.03096	0.55758	0.02836	0.00571	0.00603	0.01275	0.00483	0.00462
5	0.02109	0.34921	0.02883	0.05547	0.08029	0.22289	0.03693	0.09207	0.01791	0.02029	0.01133	0.01333	0.00952	0.00664	0.00572	0.00176	0.00925	0.00471	0.00364	0.00914
6	0.01664	0.01452	0.02358	0.07610	0.25447	0.01465	0.12910	0.11356	0.01848	0.04683	0.10456	0.04852	0.04927	0.04793	0.00894	0.00244	0.00776	0.00838	0.00489	0.00938

[dist]
# distance from previous block
# <min> <max>
3	5

[block]
# block no. 8 follows, 30 sequences, length 60
# corresponding to MSA columns:
# 306-365
name=unknown_I
#
# <colnr> <probs for GDERKNQSTAVLIFYWHMCP>
#	G	D	E	R	K	N	Q	S	T	A	V	L	I	F	Y	W	H	M	C	P
0	0.01410	0.18224	0.12387	0.04710	0.07560	0.06371	0.01317	0.01716	0.01413	0.01821	0.01991	0.18587	0.02070	0.05880	0.08447	0.00341	0.00872	0.03686	0.00415	0.00781
1	0.08301	0.01451	0.01519	0.01272	0.01676	0.01595	0.01017	0.30804	0.16727	0.03394	0.05148	0.05698	0.07542	0.01001	0.00679	0.00216	0.00586	0.00798	0.09599	0.00977
2	0.09152	0.30795	0.16500	0.01624	0.02258	0.06604	0.10943	0.06349	0.01589	0.02164	0.01297	0.05379	0.01125	0.00723	0.00593	0.00195	0.00859	0.00574	0.00366	0.00911
3	0.01546	0.07747	0.01708	0.04125	0.01741	0.08704	0.07793	0.01860	0.04327	0.09509	0.08874	0.20166	0.07222	0.06212	0.00953	0.00264	0.00673	0.05250	0.00565	0.00761
4	0.00927	0.00692	0.00864	0.00883	0.01035	0.00630	0.00652	0.01173	0.01721	0.02319	0.37301	0.21748	0.20527	0.01706	0.00847	0.00243	0.00369	0.05035	0.00706	0.00621
5	0.00849	0.00613	0.00804	0.00957	0.01008	0.00568	0.00641	0.00973	0.01350	0.01787	0.04022	0.71289	0.08233	0.02163	0.00887	0.00281	0.00402	0.01956	0.00648	0.00568
6	0.02000	0.01800	0.12355	0.02027	0.13811	0.01535	0.05932	0.15278	0.10956	0.14624	0.10424	0.02347	0.02004	0.00851	0.00718	0.00218	0.00732	0.00735	0.00594	0.01058
7	0.16405	0.01625	0.04410	0.18794	0.14629	0.09309	0.03758	0.02290	0.01569	0.13563	0.01504	0.01754	0.01112	0.00707	0.00630	0.00212	0.00796	0.00575	0.05449	0.00907
8	0.05161	0.01273	0.01549	0.01256	0.01718	0.01247	0.01014	0.11940	0.12261	0.40488	0.05683	0.06528	0.04693	0.00996	0.00714	0.00223	0.00579	0.00817	0.00780	0.01081
9	0.01275	0.01038	0.03878	0.01364	0.01631	0.00913	0.12139	0.04330	0.01555	0.08060	0.03435	0.45095	0.09080	0.01660	0.00842	0.00260	0.00583	0.01528	0.00607	0.00727
10	0.01599	0.08144	0.36340	0.06216	0.10336	0.04800	0.12231	0.04185	0.01557	0.02171	0.01248	0.01558	0.00949	0.00683	0.00767	0.00220	0.05112	0.00575	0.00326	0.00982
11	0.00888	0.00693	0.00806	0.00811	0.00990	0.00611	0.00596	0.01112	0.01690	0.02202	0.29791	0.17036	0.36860	0.01710	0.00835	0.00237	0.00353	0.01477	0.00692	0.00611
12	0.09178	0.01217	0.01570	0.01226	0.01749	0.01107	0.01009	0.03311	0.05640	0.62428	0.02617	0.02289	0.01672	0.00851	0.00681	0.00217	0.00587	0.00681	0.00821	0.01149
13	0.01885	0.01547	0.02250	0.18241	0.21332	0.01693	0.04199	0.21019	0.02025	0.05989	0.04248	0.05111	0.01472	0.00843	0.00804	0.00224	0.04915	0.00719	0.00490	0.00993
14	0.01774	0.05190	0.05339	0.05927	0.36272	0.11683	0.14997	0.02192	0.01657	0.02169	0.05072	0.01851	0.01343	0.00676	0.00704	0.00208	0.00938	0.00657	0.00367	0.00982
15	0.01000	0.00714	0.00981	0.01143	0.01249	0.00696	0.00908	0.01230	0.01484	0.01949	0.03764	0.38382	0.04288	0.02045	0.00931	0.00304	0.00535	0.37145	0.00645	0.00608
16	0.01707	0.01637	0.02795	0.07760	0.67806	0.01653	0.02131	0.02124	0.01579	0.02255	0.01309	0.01734	0.01097	0.00626	0.00691	0.00209	0.00834	0.00622	0.00344	0.01089
17	0.01968	0.04171	0.05764	0.09882	0.22119	0.08368	0.17746	0.12280	0.01890	0.06901	0.01441	0.01738	0.01094	0.00679	0.00711	0.00214	0.00944	0.00648	0.00428	0.01013
18	0.06775	0.01915	0.08972	0.05041	0.09750	0.08193	0.04056	0.13642	0.14676	0.14047	0.01830	0.01889	0.01333	0.00800	0.00747	0.00220	0.03884	0.00634	0.00555	0.01042
19	0.77034	0.01320	0.01010	0.00906	0.01327	0.01526	0.00744	0.02033	0.01199	0.03108	0.01027	0.01196	0.00800	0.00655	0.00434	0.00214	0.00531	0.00389	0.03795	0.00751
20	0.01172	0.00980	0.01480	0.01704	0.12690	0.01118	0.01128	0.01412	0.01231	0.01762	0.01984	0.12025	0.02012	0.06163	0.37238	0.00712	0.10946	0.03131	0.00407	0.00706
21	0.02556	0.01783	0.01999	0.01657	0.05506	0.01935	0.01293	0.51560	0.07627	0.11719	0.01878	0.01849	0.01327	0.00837	0.00693	0.00211	0.00723	0.00648	0.03039	0.01161
22	0.01015	0.00677	0.00761	0.00761	0.00761	0.00677	0.00423	0.01015	0.01015	0.01353	0.02199	0.04567	0.02537	0.75476	0.03552	0.00677	0.00677	0.01015	0.00423	0.00423
23	0.02607	0.03326	0.01978	0.01798	0.02157	0.72674	0.01348	0.02787	0.01978	0.01708	0.01079	0.01258	0.00899	0.00719	0.00629	0.00180	0.01258	0.00449	0.00360	0.00809
24	0.01794	0.01528	0.01611	0.01432	0.01837	0.01763	0.01119	0.07837	0.65638	0.03013	0.02766	0.02545	0.02070	0.00940	0.00709	0.00235	0.00566	0.00779	0.00709	0.01110
25	0.01644	0.01388	0.02245	0.24313	0.03016	0.01598	0.13158	0.02232	0.10457	0.09854	0.01650	0.02039	0.01271	0.01230	0.07456	0.00324	0.14112	0.00697	0.00438	0.00878
26	0.01552	0.01496	0.02561	0.31622	0.38782	0.01642	0.04835	0.01982	0.01490	0.02053	0.01270	0.01777	0.01025	0.00679	0.00774	0.00223	0.04325	0.00629	0.00330	0.00952
27	0.05323	0.45286	0.09082	0.01268	0.01881	0.02120	0.01253	0.02470	0.01578	0.21565	0.01500	0.01507	0.01124	0.00680	0.00538	0.00177	0.00720	0.00479	0.00464	0.00985
28	0.01704	0.01661	0.02433	0.29319	0.19571	0.07727	0.09070	0.08727	0.03551	0.02261	0.03368	0.01866	0.01206	0.00733	0.00772	0.00223	0.03848	0.00652	0.00390	0.00920
