[name]
unknown

[dist]
# distance from previous block
# <min> <max>
34	150

[block]
# block no. 0 follows, 33 sequences, length 25
# corresponding to MSA columns:
# 171-195
name=unknown_A
#
# <colnr> <probs for GDERKNQSTAVLIFYWHMCP>
#	G	D	E	R	K	N	Q	S	T	A	V	L	I	F	Y	W	H	M	C	P
0	0.04513	0.08166	0.01960	0.03138	0.01947	0.13222	0.08859	0.14788	0.13436	0.04957	0.01865	0.12451	0.01645	0.00902	0.00652	0.00201	0.00734	0.00759	0.00507	0.05298
1	0.08298	0.10342	0.19768	0.01574	0.06496	0.06454	0.03371	0.09950	0.03643	0.08179	0.04276	0.04064	0.05267	0.01000	0.04314	0.00241	0.00799	0.00631	0.00445	0.00889
2	0.08833	0.04651	0.11407	0.05184	0.04052	0.12135	0.01313	0.18549	0.04577	0.02543	0.01561	0.01702	0.04873	0.00748	0.00681	0.00189	0.04834	0.00546	0.00441	0.11180
3	0.01036	0.00945	0.06158	0.01059	0.01242	0.00811	0.00857	0.03520	0.07688	0.01901	0.03325	0.34384	0.08716	0.10586	0.01110	0.00304	0.00519	0.14644	0.00568	0.00630
4	0.02087	0.01629	0.07833	0.01352	0.01855	0.01548	0.01174	0.29340	0.17933	0.15148	0.02410	0.02294	0.07800	0.00871	0.00663	0.00204	0.00629	0.00694	0.00641	0.03897
5	0.01666	0.61442	0.18443	0.01287	0.01938	0.02374	0.01406	0.01996	0.01349	0.01664	0.00972	0.01128	0.00842	0.00577	0.00466	0.00155	0.00762	0.00381	0.00281	0.00872
6	0.12511	0.04122	0.36822	0.04679	0.11593	0.03169	0.06420	0.05502	0.01495	0.05962	0.01246	0.01457	0.00913	0.00633	0.00609	0.00204	0.00856	0.00514	0.00354	0.00939
7	0.03967	0.06751	0.39698	0.02289	0.10139	0.01630	0.22074	0.02074	0.01438	0.02096	0.01208	0.01499	0.00900	0.00597	0.00654	0.00207	0.00964	0.00570	0.00303	0.00940
8	0.01322	0.00760	0.00985	0.00884	0.01114	0.00682	0.00678	0.01599	0.01807	0.16888	0.48616	0.07088	0.12379	0.01298	0.00756	0.00210	0.00366	0.01129	0.00727	0.00713
9	0.01729	0.70382	0.07015	0.01233	0.01821	0.02511	0.04069	0.01983	0.01349	0.01599	0.00946	0.01103	0.00851	0.00566	0.00447	0.00148	0.00735	0.00376	0.00284	0.00853
10	0.05984	0.02521	0.39153	0.08579	0.08477	0.01618	0.06015	0.13177	0.04019	0.02460	0.01294	0.01514	0.00944	0.00656	0.00634	0.00208	0.00876	0.00539	0.00368	0.00964
11	0.01144	0.00572	0.00858	0.00858	0.00858	0.00572	0.00572	0.00858	0.00858	0.01144	0.01144	0.02001	0.01144	0.02287	0.02573	0.80846	0.00572	0.00572	0.00286	0.00286
12	0.00813	0.00591	0.00770	0.00909	0.00969	0.00548	0.00624	0.00942	0.01295	0.01704	0.03895	0.66660	0.10458	0.02015	0.00838	0.00265	0.00389	0.05165	0.00611	0.00540
13	0.01853	0.08577	0.26104	0.04175	0.11517	0.05179	0.05153	0.02394	0.05420	0.17986	0.01553	0.01665	0.01117	0.00693	0.00689	0.00203	0.03750	0.00560	0.00433	0.00976
14	0.02639	0.03436	0.01636	0.01233	0.01720	0.01256	0.01016	0.16074	0.07373	0.49267	0.05593	0.02220	0.01750	0.00833	0.00660	0.00202	0.00581	0.00671	0.00754	0.01083
15	0.00783	0.00646	0.00688	0.00721	0.00903	0.00551	0.00524	0.00939	0.01448	0.01757	0.06008	0.21573	0.57679	0.01753	0.00792	0.00232	0.00344	0.01494	0.00611	0.00551
16	0.05431	0.19529	0.16746	0.05676	0.11255	0.12289	0.10070	0.05873	0.01548	0.02025	0.01123	0.01377	0.00898	0.00630	0.00633	0.00189	0.02989	0.00502	0.00328	0.00889
17	0.01832	0.11278	0.34448	0.01633	0.02348	0.05477	0.01761	0.24569	0.05841	0.02711	0.01356	0.01463	0.00994	0.00690	0.00614	0.00196	0.00847	0.00517	0.00428	0.00999
18	0.00802	0.00573	0.00764	0.00917	0.00955	0.00535	0.00611	0.00917	0.01260	0.01681	0.03628	0.76434	0.04354	0.02062	0.00840	0.00267	0.00382	0.01872	0.00611	0.00535
19	0.01429	0.08579	0.16235	0.31397	0.25911	0.01611	0.01944	0.01895	0.01391	0.01899	0.01171	0.01581	0.00919	0.00620	0.00629	0.00203	0.00850	0.00545	0.00299	0.00889
20	0.02039	0.02003	0.23231	0.01939	0.13490	0.01437	0.03585	0.12573	0.05529	0.23317	0.03178	0.01844	0.01318	0.00726	0.00655	0.00205	0.00751	0.00606	0.00531	0.01043
21	0.01355	0.03163	0.63118	0.02010	0.02937	0.01549	0.12525	0.02088	0.01414	0.02088	0.01204	0.01447	0.00858	0.00615	0.00648	0.00210	0.00993	0.00530	0.00286	0.00960
22	0.00943	0.00632	0.00722	0.00736	0.00739	0.00629	0.00418	0.00954	0.00985	0.01313	0.02214	0.10799	0.02570	0.70132	0.03125	0.00605	0.00615	0.01040	0.00418	0.00411
23	0.05187	0.01634	0.02000	0.04603	0.08009	0.01758	0.05165	0.40590	0.09034	0.12680	0.01735	0.01753	0.01233	0.00761	0.00657	0.00203	0.00708	0.00617	0.00611	0.01063
24	0.01771	0.02194	0.29063	0.04870	0.05077	0.01458	0.19714	0.06870	0.01641	0.16062	0.01600	0.03981	0.01167	0.00699	0.00683	0.00212	0.00883	0.00653	0.00435	0.00969

[dist]
# distance from previous block
# <min> <max>
3	5

[block]
# block no. 1 follows, 33 sequences, length 11
# corresponding to MSA columns:
# 201-211
name=unknown_B
#
# <colnr> <probs for GDERKNQSTAVLIFYWHMCP>
#	G	D	E	R	K	N	Q	S	T	A	V	L	I	F	Y	W	H	M	C	P
0	0.01560	0.01272	0.01455	0.01078	0.01624	0.01088	0.00864	0.15091	0.01698	0.02514	0.01372	0.05121	0.01171	0.00625	0.00538	0.00125	0.00529	0.00503	0.00453	0.61319
1	0.01649	0.22066	0.46002	0.01591	0.02398	0.01731	0.01904	0.02204	0.01442	0.11320	0.01300	0.01416	0.00942	0.00634	0.00578	0.00190	0.00850	0.00475	0.00350	0.00959
2	0.01467	0.14380	0.04617	0.01211	0.01566	0.01500	0.01038	0.07518	0.25296	0.02412	0.13383	0.05795	0.05569	0.01072	0.00717	0.00216	0.02500	0.08320	0.00573	0.00850
3	0.02192	0.07594	0.01842	0.01353	0.01770	0.09845	0.01085	0.42899	0.02403	0.05991	0.01593	0.01994	0.01309	0.13901	0.01098	0.00266	0.00753	0.00621	0.00555	0.00934
4	0.01174	0.00667	0.00896	0.00961	0.01080	0.00609	0.00673	0.01312	0.01368	0.14036	0.03450	0.63619	0.03884	0.01847	0.00809	0.00256	0.00413	0.01663	0.00646	0.00636
5	0.16332	0.01301	0.01508	0.01194	0.01678	0.01305	0.00981	0.15106	0.07824	0.42758	0.02131	0.01938	0.01412	0.00782	0.00618	0.00204	0.00578	0.00604	0.00704	0.01043
6	0.08289	0.01326	0.01668	0.01259	0.01798	0.01212	0.08603	0.05885	0.13588	0.02426	0.01450	0.01586	0.01142	0.00592	0.00554	0.00148	0.00578	0.00503	0.00448	0.46943
7	0.09043	0.07892	0.08572	0.01326	0.01901	0.01360	0.08760	0.02119	0.13489	0.02267	0.01405	0.01548	0.01107	0.00596	0.00551	0.00157	0.00629	0.00497	0.00414	0.36369
8	0.71051	0.01432	0.01130	0.01104	0.05254	0.07076	0.00828	0.01993	0.01198	0.02806	0.00942	0.01109	0.00741	0.00615	0.00435	0.00201	0.00576	0.00374	0.00398	0.00735
9	0.01742	0.01495	0.02887	0.02548	0.17487	0.01407	0.36185	0.02183	0.01634	0.14459	0.09454	0.02175	0.01698	0.00695	0.00731	0.00212	0.00857	0.00763	0.00458	0.00931
10	0.18910	0.01531	0.01635	0.01435	0.05767	0.01680	0.01094	0.29333	0.18062	0.08244	0.01727	0.01713	0.01263	0.00754	0.00601	0.00201	0.00615	0.00574	0.00589	0.04272

[dist]
# distance from previous block
# <min> <max>
0	2

[block]
# block no. 2 follows, 33 sequences, length 10
# corresponding to MSA columns:
# 214-223
name=unknown_C
#
# <colnr> <probs for GDERKNQSTAVLIFYWHMCP>
#	G	D	E	R	K	N	Q	S	T	A	V	L	I	F	Y	W	H	M	C	P
0	0.00917	0.00717	0.00840	0.00843	0.01018	0.00672	0.00626	0.01271	0.07473	0.02146	0.28359	0.18428	0.28958	0.01569	0.00784	0.00228	0.00359	0.03520	0.00655	0.00617
1	0.02041	0.44156	0.02751	0.01331	0.01830	0.18594	0.01177	0.14097	0.04831	0.02067	0.01131	0.01238	0.00944	0.00643	0.00513	0.00161	0.00808	0.00427	0.00377	0.00883
2	0.00835	0.00634	0.00779	0.00859	0.00972	0.00590	0.00617	0.00986	0.01325	0.01700	0.04368	0.37463	0.26408	0.06226	0.07537	0.00346	0.00521	0.06713	0.00576	0.00545
3	0.01263	0.00850	0.01217	0.01098	0.01327	0.00785	0.06929	0.04435	0.01506	0.10470	0.08798	0.29673	0.14551	0.01563	0.00927	0.07011	0.00496	0.03344	0.00587	0.03168
4	0.04109	0.10848	0.25709	0.04652	0.11784	0.01749	0.18097	0.01985	0.01376	0.01987	0.01143	0.01482	0.00903	0.00666	0.00836	0.00213	0.10695	0.00563	0.00304	0.00898
5	0.12305	0.08726	0.40796	0.01699	0.06760	0.01567	0.01802	0.07704	0.01488	0.02300	0.01380	0.08072	0.01171	0.00758	0.00603	0.00206	0.00802	0.00597	0.00361	0.00905
6	0.01915	0.01179	0.01513	0.01230	0.01632	0.01147	0.04692	0.16291	0.05839	0.22237	0.14885	0.03286	0.07963	0.01028	0.00708	0.00208	0.00560	0.06851	0.00670	0.06169
7	0.01608	0.01552	0.10366	0.01650	0.02089	0.03549	0.16263	0.10670	0.01718	0.09769	0.02393	0.09290	0.05600	0.01113	0.00821	0.00238	0.03990	0.15972	0.00516	0.00832
8	0.01994	0.01700	0.06642	0.05796	0.16811	0.05484	0.06924	0.13483	0.17014	0.14581	0.01824	0.01883	0.01328	0.00733	0.00664	0.00206	0.00744	0.00634	0.00533	0.01020
9	0.07535	0.05328	0.04673	0.03348	0.03869	0.01180	0.06347	0.09784	0.01669	0.12416	0.02880	0.13339	0.12122	0.01190	0.00716	0.00228	0.00610	0.11410	0.00559	0.00798

[dist]
# distance from previous block
# <min> <max>
0	12

[block]
# block no. 3 follows, 33 sequences, length 7
# corresponding to MSA columns:
# 236-242
name=unknown_D
#
# <colnr> <probs for GDERKNQSTAVLIFYWHMCP>
#	G	D	E	R	K	N	Q	S	T	A	V	L	I	F	Y	W	H	M	C	P
0	0.01736	0.10914	0.02305	0.08211	0.22560	0.03567	0.05648	0.11200	0.09118	0.04486	0.01516	0.01874	0.01233	0.00696	0.00626	0.00189	0.00730	0.03341	0.00432	0.09618
1	0.04971	0.04092	0.06312	0.11448	0.22735	0.01558	0.09790	0.08549	0.10001	0.06822	0.03456	0.01820	0.01284	0.00681	0.00649	0.00202	0.00756	0.00620	0.00438	0.03817
2	0.01082	0.00687	0.00812	0.00794	0.00855	0.00679	0.00500	0.01170	0.04214	0.04696	0.05290	0.07205	0.06694	0.49725	0.02637	0.10496	0.00578	0.00963	0.00452	0.00471
3	0.01370	0.02137	0.29192	0.11520	0.24047	0.01444	0.08424	0.01900	0.01441	0.02026	0.01779	0.02055	0.08324	0.00719	0.00667	0.00209	0.00850	0.00649	0.00334	0.00913
4	0.01365	0.01170	0.01365	0.00975	0.01560	0.00878	0.00780	0.01658	0.01365	0.02145	0.01170	0.01365	0.00975	0.00488	0.00488	0.00098	0.00488	0.00390	0.00390	0.80888
5	0.01815	0.01497	0.01677	0.10563	0.02149	0.01722	0.01194	0.20862	0.44890	0.02987	0.02204	0.02140	0.01636	0.00837	0.00665	0.00216	0.00619	0.00685	0.00620	0.01024
6	0.01856	0.06178	0.19235	0.01763	0.09063	0.01294	0.09867	0.02289	0.01625	0.23757	0.10460	0.02136	0.01792	0.00749	0.00657	0.00197	0.00722	0.00660	0.00514	0.05185

[dist]
# distance from previous block
# <min> <max>
0	3

[block]
# block no. 4 follows, 33 sequences, length 7
# corresponding to MSA columns:
# 246-252
name=unknown_E
#
# <colnr> <probs for GDERKNQSTAVLIFYWHMCP>
#	G	D	E	R	K	N	Q	S	T	A	V	L	I	F	Y	W	H	M	C	P
0	0.01751	0.09543	0.21394	0.01398	0.03975	0.04370	0.01348	0.02129	0.01505	0.19042	0.01825	0.11923	0.01544	0.00840	0.00619	0.00187	0.00684	0.00690	0.00477	0.14757
1	0.01558	0.02905	0.51240	0.01941	0.02793	0.01637	0.11840	0.13938	0.01708	0.02445	0.01272	0.01477	0.00907	0.00644	0.00653	0.00209	0.00949	0.00546	0.00352	0.00986
2	0.01071	0.00670	0.00923	0.00929	0.00991	0.00698	0.00656	0.03671	0.01109	0.01510	0.04037	0.12336	0.02089	0.12773	0.18565	0.33089	0.00826	0.03204	0.00397	0.00456
3	0.01502	0.13186	0.46779	0.01917	0.02736	0.06857	0.13927	0.02112	0.01445	0.01982	0.01159	0.01397	0.00865	0.00609	0.00622	0.00199	0.00975	0.00514	0.00292	0.00926
4	0.01859	0.01794	0.15573	0.11309	0.02430	0.01521	0.05814	0.23693	0.06722	0.11271	0.01855	0.09913	0.01501	0.00876	0.00681	0.00214	0.00746	0.00742	0.00531	0.00956
5	0.00961	0.00729	0.00902	0.00980	0.01089	0.00735	0.00687	0.01399	0.13493	0.01971	0.10994	0.55804	0.04152	0.01782	0.00804	0.00253	0.00398	0.01602	0.00634	0.00632
6	0.01621	0.01538	0.02608	0.13401	0.55889	0.01582	0.05762	0.05704	0.01564	0.02194	0.01253	0.01652	0.01022	0.00605	0.00660	0.00200	0.00810	0.00597	0.00340	0.00996

[dist]
# distance from previous block
# <min> <max>
0	1

[block]
# block no. 5 follows, 33 sequences, length 144
# corresponding to MSA columns:
# 254-397
name=unknown_F
#
# <colnr> <probs for GDERKNQSTAVLIFYWHMCP>
#	G	D	E	R	K	N	Q	S	T	A	V	L	I	F	Y	W	H	M	C	P
0	0.01072	0.01018	0.06054	0.01343	0.08166	0.00850	0.06035	0.01419	0.01717	0.02430	0.51128	0.04097	0.04731	0.05968	0.00918	0.00235	0.00480	0.01041	0.00607	0.00691
1	0.01378	0.01217	0.03960	0.01004	0.01572	0.00887	0.00835	0.01688	0.01413	0.04108	0.05911	0.01624	0.01333	0.00558	0.00516	0.00112	0.00496	0.00454	0.00420	0.70514
2	0.00808	0.00632	0.00725	0.00789	0.00926	0.00559	0.00561	0.00956	0.01393	0.01747	0.06879	0.33831	0.38810	0.04960	0.00914	0.00260	0.00374	0.03726	0.00605	0.00544
3	0.01349	0.01300	0.06110	0.01044	0.01637	0.00916	0.00901	0.01674	0.01373	0.02134	0.01268	0.01620	0.01083	0.00552	0.00514	0.00113	0.00525	0.03234	0.00392	0.72261
4	0.01484	0.01424	0.05866	0.04734	0.19268	0.01261	0.12240	0.06348	0.03154	0.04375	0.01752	0.14815	0.01634	0.00853	0.00670	0.00194	0.00697	0.00802	0.00432	0.17998
5	0.01265	0.01169	0.01949	0.51368	0.16979	0.01361	0.01713	0.01658	0.01354	0.01783	0.01522	0.09317	0.01373	0.00831	0.00685	0.00223	0.00799	0.03541	0.00343	0.00766
6	0.01582	0.06683	0.08466	0.14396	0.27898	0.06447	0.07950	0.01952	0.01423	0.04416	0.01287	0.01795	0.01084	0.06598	0.00938	0.00238	0.05034	0.00600	0.00336	0.00875
7	0.01829	0.69901	0.03292	0.01183	0.01724	0.09715	0.01141	0.02037	0.01390	0.01555	0.00925	0.01069	0.00845	0.00575	0.00439	0.00144	0.00752	0.00359	0.00287	0.00837
8	0.01565	0.04434	0.18843	0.01307	0.03682	0.01150	0.01252	0.03622	0.01469	0.09411	0.01321	0.01461	0.01009	0.00567	0.00544	0.00141	0.00633	0.00450	0.00408	0.46733
9	0.01109	0.00898	0.01013	0.00945	0.01183	0.00916	0.00720	0.01858	0.23091	0.02461	0.34756	0.04517	0.21388	0.01287	0.00744	0.00216	0.00381	0.01103	0.00680	0.00734
10	0.00838	0.00616	0.00775	0.00846	0.00940	0.00565	0.00586	0.01004	0.01432	0.01914	0.21099	0.44072	0.15369	0.05607	0.00942	0.00264	0.00370	0.01581	0.00629	0.00553
11	0.03705	0.15172	0.18116	0.07102	0.10140	0.01770	0.27519	0.02096	0.04373	0.02032	0.01252	0.01561	0.00968	0.00597	0.00648	0.00202	0.00920	0.00596	0.00325	0.00906
12	0.01455	0.01483	0.02252	0.01860	0.01944	0.01972	0.10120	0.01650	0.01077	0.01650	0.00923	0.01483	0.00881	0.01077	0.01986	0.00280	0.66271	0.00601	0.00294	0.00741
13	0.00880	0.00671	0.00808	0.00774	0.00952	0.00599	0.00581	0.01143	0.01742	0.02351	0.50353	0.05393	0.28449	0.01454	0.00777	0.00212	0.00318	0.01257	0.00687	0.00599
14	0.01527	0.01302	0.01391	0.01258	0.01599	0.01482	0.00975	0.03149	0.61013	0.02715	0.11567	0.02864	0.04322	0.00970	0.00686	0.00221	0.00490	0.00817	0.00675	0.00977
15	0.02459	0.03138	0.01866	0.01696	0.02035	0.74221	0.01272	0.02629	0.01866	0.01611	0.01018	0.01187	0.00848	0.00678	0.00594	0.00170	0.01187	0.00424	0.00339	0.00763
16	0.01022	0.00739	0.01012	0.01152	0.01301	0.00728	0.00989	0.01303	0.01498	0.01937	0.03735	0.11898	0.09002	0.01823	0.00895	0.00295	0.00571	0.58898	0.00607	0.00598
17	0.00790	0.00663	0.00688	0.00701	0.00908	0.00561	0.00524	0.00960	0.01494	0.01797	0.07931	0.10891	0.64784	0.01689	0.00785	0.00227	0.00343	0.03093	0.00614	0.00557
18	0.01061	0.00758	0.01061	0.01212	0.01364	0.00758	0.01061	0.01364	0.01515	0.01970	0.03486	0.07426	0.03789	0.01819	0.00909	0.00303	0.00606	0.68326	0.00606	0.00606
19	0.01259	0.01187	0.02004	0.72306	0.07384	0.01467	0.01836	0.01696	0.01324	0.01702	0.01173	0.01750	0.00884	0.00655	0.00658	0.00218	0.00874	0.00585	0.00294	0.00744
20	0.01534	0.23592	0.02435	0.01552	0.01717	0.02188	0.01349	0.01697	0.01104	0.01574	0.00879	0.01328	0.00859	0.00980	0.01653	0.00245	0.53760	0.00511	0.00286	0.00757
21	0.81514	0.01273	0.00968	0.00866	0.01273	0.01477	0.00713	0.01935	0.01120	0.02954	0.00917	0.01069	0.00713	0.00611	0.00407	0.00204	0.00509	0.00356	0.00407	0.00713
22	0.01629	0.01564	0.02672	0.04041	0.72757	0.01564	0.02020	0.02020	0.01499	0.02151	0.01238	0.01629	0.01043	0.00587	0.00652	0.00196	0.00782	0.00587	0.00326	0.01043
23	0.01553	0.01486	0.02534	0.18153	0.59242	0.01544	0.01982	0.01953	0.01463	0.02058	0.01225	0.01654	0.01010	0.00601	0.00653	0.00200	0.00801	0.00586	0.00319	0.00981
24	0.01503	0.04983	0.38397	0.02132	0.02937	0.01566	0.28396	0.02128	0.01474	0.05441	0.01297	0.01567	0.00940	0.00600	0.00674	0.00207	0.00980	0.00599	0.00329	0.03851
25	0.01433	0.01288	0.02145	0.33590	0.34394	0.01399	0.01758	0.01814	0.01422	0.04497	0.01619	0.06211	0.04102	0.00754	0.00671	0.00211	0.00773	0.00696	0.00358	0.00865
26	0.02954	0.01120	0.01528	0.01171	0.01681	0.00968	0.00968	0.03208	0.01884	0.73213	0.02597	0.02241	0.01630	0.00815	0.00662	0.00204	0.00560	0.00662	0.00815	0.01120
27	0.01376	0.02679	0.45467	0.09476	0.03108	0.01580	0.19098	0.02025	0.01404	0.02025	0.01201	0.01525	0.00881	0.00638	0.00744	0.00217	0.04776	0.00573	0.00294	0.00915
28	0.01595	0.01465	0.02357	0.25916	0.42763	0.01581	0.01860	0.08719	0.03336	0.02217	0.01287	0.01684	0.01023	0.00637	0.00655	0.00204	0.00800	0.00591	0.00357	0.00953
29	0.01017	0.00892	0.01055	0.00956	0.01227	0.00856	0.05166	0.01550	0.15718	0.01982	0.05247	0.05194	0.48992	0.04511	0.00864	0.00241	0.00441	0.02822	0.00596	0.00671
30	0.00807	0.00598	0.00755	0.00878	0.00956	0.00547	0.00605	0.00938	0.01317	0.01710	0.04222	0.60187	0.17742	0.01976	0.00830	0.00260	0.00380	0.04139	0.00611	0.00541
31	0.02532	0.01797	0.01947	0.01492	0.02018	0.01972	0.01233	0.66180	0.03016	0.08643	0.01647	0.01624	0.01153	0.00792	0.00659	0.00198	0.00714	0.00597	0.00669	0.01120
32	0.01306	0.01234	0.02087	0.63769	0.15559	0.01479	0.01859	0.01737	0.01346	0.01758	0.01181	0.01735	0.00904	0.00647	0.00657	0.00216	0.00862	0.00585	0.00298	0.00782
33	0.02954	0.01120	0.01528	0.01171	0.01681	0.00968	0.00968	0.03208	0.01884	0.73213	0.02597	0.02241	0.01630	0.00815	0.00662	0.00204	0.00560	0.00662	0.00815	0.01120
34	0.00802	0.00573	0.00764	0.00917	0.00955	0.00535	0.00611	0.00917	0.01260	0.01681	0.03628	0.76434	0.04354	0.02062	0.00840	0.00267	0.00382	0.01872	0.00611	0.00535
35	0.00940	0.00705	0.01058	0.01058	0.01176	0.00823	0.00823	0.01176	0.01058	0.01528	0.01763	0.02586	0.01646	0.04937	0.74255	0.01058	0.01763	0.00705	0.00353	0.00588
36	0.00819	0.00612	0.00767	0.00856	0.00948	0.00568	0.00593	0.00963	0.01332	0.01742	0.08633	0.48378	0.19970	0.04539	0.05748	0.00317	0.00466	0.01609	0.00595	0.00544
37	0.00914	0.00660	0.00864	0.00840	0.00980	0.00610	0.00620	0.01199	0.01783	0.02511	0.63196	0.14498	0.05963	0.01442	0.00785	0.00215	0.00320	0.01282	0.00709	0.00610
38	0.01008	0.00739	0.00921	0.00889	0.00910	0.00823	0.00588	0.01065	0.00981	0.01355	0.01886	0.03689	0.02093	0.55864	0.15674	0.00673	0.09125	0.00871	0.00379	0.00468
39	0.01169	0.00637	0.00696	0.04178	0.00969	0.00643	0.00543	0.01457	0.01367	0.02314	0.02383	0.10786	0.03762	0.00930	0.00520	0.00171	0.00343	0.00773	0.65751	0.00609
40	0.01722	0.01767	0.07734	0.02440	0.09662	0.03575	0.40279	0.05510	0.01646	0.09354	0.05019	0.01901	0.01315	0.00671	0.00795	0.00216	0.04344	0.00721	0.00411	0.00919
41	0.01451	0.01235	0.01321	0.01224	0.01538	0.01394	0.00937	0.02929	0.55839	0.02543	0.04709	0.11981	0.07840	0.01108	0.00702	0.00228	0.00484	0.00944	0.00659	0.00932
42	0.01261	0.01189	0.02008	0.71914	0.07759	0.01467	0.01837	0.01698	0.01325	0.01704	0.01173	0.01749	0.00885	0.00655	0.00658	0.00218	0.00873	0.00585	0.00294	0.00746
43	0.01573	0.01736	0.07643	0.03157	0.34527	0.01573	0.29694	0.04135	0.01581	0.02214	0.04647	0.01827	0.01258	0.00618	0.00707	0.00208	0.00903	0.00686	0.00355	0.00958
44	0.01760	0.77260	0.03450	0.01126	0.01690	0.02605	0.01126	0.01971	0.01338	0.01549	0.00915	0.01056	0.00845	0.00563	0.00422	0.00141	0.00704	0.00352	0.00282	0.00845
45	0.01365	0.01170	0.01365	0.00975	0.01560	0.00878	0.00780	0.01658	0.01365	0.02145	0.01170	0.01365	0.00975	0.00488	0.00488	0.00098	0.00488	0.00390	0.00390	0.80888
46	0.00912	0.00722	0.00912	0.00989	0.05684	0.00653	0.00669	0.01161	0.01662	0.02223	0.38715	0.10624	0.29719	0.01466	0.00774	0.00216	0.00355	0.01274	0.00649	0.00619
47	0.01475	0.04098	0.24862	0.02381	0.16747	0.04011	0.19800	0.01995	0.01490	0.02103	0.05846	0.01752	0.01281	0.00648	0.00700	0.00200	0.02662	0.00618	0.00342	0.06990
48	0.01190	0.00750	0.01013	0.00950	0.01155	0.00676	0.03036	0.01422	0.01620	0.12534	0.27842	0.24167	0.16388	0.01504	0.00781	0.00229	0.00405	0.03001	0.00671	0.00668
49	0.00809	0.00578	0.00772	0.00924	0.00965	0.00540	0.00623	0.00928	0.01267	0.01688	0.03625	0.74648	0.04340	0.02056	0.00842	0.00268	0.00388	0.03592	0.00611	0.00537
50	0.01544	0.01748	0.11308	0.10041	0.53287	0.01581	0.02016	0.01969	0.01437	0.02063	0.01200	0.01599	0.00990	0.00635	0.00749	0.00205	0.05756	0.00573	0.00314	0.00985
51	0.01580	0.04297	0.16274	0.08029	0.47332	0.04553	0.04458	0.02037	0.01478	0.02066	0.01207	0.01561	0.00976	0.00601	0.00642	0.00198	0.00851	0.00560	0.00314	0.00986
52	0.02558	0.01498	0.01625	0.01282	0.01747	0.07056	0.01044	0.28519	0.02288	0.33812	0.02040	0.01931	0.01381	0.00790	0.00634	0.00193	0.00644	0.00612	0.09308	0.01038
53	0.00815	0.00582	0.00778	0.00931	0.00975	0.00546	0.00633	0.00939	0.01273	0.01695	0.03621	0.73053	0.04326	0.02051	0.00844	0.00269	0.00393	0.05128	0.00611	0.00538
54	0.01739	0.73769	0.06759	0.01162	0.01744	0.02554	0.01188	0.01977	0.01340	0.01574	0.00928	0.01072	0.00844	0.00566	0.00432	0.00144	0.00717	0.00358	0.00281	0.00851
55	0.01655	0.41727	0.20779	0.01391	0.02018	0.05493	0.03562	0.06496	0.01530	0.01938	0.04808	0.01549	0.03194	0.00670	0.00536	0.00171	0.00778	0.00490	0.00342	0.00873
56	0.00810	0.00579	0.00774	0.00926	0.00968	0.00542	0.00626	0.00931	0.01269	0.01690	0.03624	0.74197	0.04336	0.02055	0.00843	0.00269	0.00389	0.04026	0.00611	0.00537
57	0.07790	0.01186	0.01528	0.01179	0.01683	0.01083	0.00974	0.08388	0.01931	0.63464	0.02414	0.02117	0.01533	0.00800	0.00646	0.00203	0.00570	0.00638	0.00777	0.01095
58	0.01365	0.01170	0.01365	0.00975	0.01560	0.00878	0.00780	0.01658	0.01365	0.02145	0.01170	0.01365	0.00975	0.00488	0.00488	0.00098	0.00488	0.00390	0.00390	0.80888
59	0.00802	0.00573	0.00764	0.00917	0.00955	0.00535	0.00611	0.00917	0.01260	0.01681	0.03628	0.76434	0.04354	0.02062	0.00840	0.00267	0.00382	0.01872	0.00611	0.00535
60	0.01052	0.00752	0.01049	0.01187	0.01339	0.00749	0.01032	0.01356	0.01538	0.02014	0.08034	0.07260	0.03949	0.01787	0.00901	0.00297	0.00587	0.63896	0.00614	0.00607
61	0.00993	0.00734	0.00883	0.00897	0.01083	0.00689	0.00694	0.01327	0.06197	0.04293	0.21824	0.15556	0.27537	0.01590	0.00798	0.00238	0.00401	0.12986	0.00649	0.00628
62	0.01130	0.00890	0.01047	0.00969	0.01192	0.00916	0.00738	0.01888	0.22282	0.02627	0.48412	0.04272	0.08560	0.01230	0.00745	0.00213	0.00374	0.01070	0.00702	0.00741
63	0.01585	0.01519	0.02592	0.12183	0.64960	0.01553	0.01998	0.01982	0.01478	0.02097	0.01231	0.01644	0.01024	0.00595	0.00652	0.00198	0.00793	0.00586	0.00322	0.01007
64	0.01637	0.01422	0.01548	0.01476	0.05306	0.01634	0.01092	0.03423	0.68023	0.02723	0.02607	0.02414	0.01961	0.00878	0.00669	0.00222	0.00534	0.00736	0.00652	0.01042
65	0.00957	0.00638	0.00718	0.00718	0.00718	0.00638	0.00399	0.00957	0.00957	0.01276	0.02074	0.04308	0.02393	0.76864	0.03351	0.00638	0.00638	0.00957	0.00399	0.00399
66	0.02045	0.02352	0.02268	0.02867	0.37341	0.37950	0.01646	0.02325	0.01683	0.01881	0.01128	0.01408	0.00945	0.00633	0.00623	0.00183	0.00985	0.00505	0.00333	0.00903
67	0.01637	0.01414	0.01489	0.01340	0.01712	0.01637	0.01042	0.03498	0.71568	0.02754	0.02679	0.02456	0.02010	0.00893	0.00670	0.00223	0.00521	0.00744	0.00670	0.01042
68	0.73677	0.01282	0.01099	0.04781	0.04817	0.01480	0.00831	0.01926	0.01148	0.02851	0.00945	0.01131	0.00737	0.00612	0.00432	0.00204	0.00541	0.00379	0.00398	0.00729
69	0.00972	0.00722	0.00911	0.00855	0.01028	0.00686	0.00644	0.01379	0.06449	0.02612	0.65124	0.04813	0.08640	0.01329	0.00769	0.00209	0.00325	0.01169	0.00716	0.00646
70	0.02954	0.01120	0.01528	0.01171	0.01681	0.00968	0.00968	0.03208	0.01884	0.73213	0.02597	0.02241	0.01630	0.00815	0.00662	0.00204	0.00560	0.00662	0.00815	0.01120
71	0.01629	0.01564	0.02672	0.04041	0.72757	0.01564	0.02020	0.02020	0.01499	0.02151	0.01238	0.01629	0.01043	0.00587	0.00652	0.00196	0.00782	0.00587	0.00326	0.01043
72	0.02887	0.01167	0.01588	0.01290	0.04282	0.01034	0.01018	0.05978	0.01921	0.67743	0.02505	0.02191	0.01587	0.00805	0.00662	0.00203	0.00575	0.00656	0.00790	0.01118
73	0.02762	0.01285	0.01612	0.01252	0.01753	0.01230	0.01029	0.16375	0.07630	0.54165	0.02405	0.02129	0.01560	0.00816	0.00662	0.00204	0.00589	0.00655	0.00773	0.01114
74	0.01002	0.00866	0.04597	0.00938	0.01152	0.00742	0.00770	0.01431	0.06398	0.02532	0.56139	0.04830	0.08179	0.01330	0.00772	0.00216	0.00382	0.06375	0.00685	0.00663
75	0.00790	0.00667	0.00684	0.00680	0.00897	0.00561	0.00510	0.00968	0.01529	0.01847	0.11867	0.06223	0.67250	0.01642	0.00778	0.00221	0.00332	0.01374	0.00620	0.00561
76	0.01365	0.01170	0.01365	0.00975	0.01560	0.00878	0.00780	0.01658	0.01365	0.02145	0.01170	0.01365	0.00975	0.00488	0.00488	0.00098	0.00488	0.00390	0.00390	0.80888
77	0.00932	0.00673	0.00880	0.00828	0.00984	0.00621	0.00621	0.01242	0.01863	0.02640	0.72410	0.04918	0.06212	0.01346	0.00776	0.00207	0.00311	0.01191	0.00725	0.00621
78	0.01378	0.01182	0.01371	0.00992	0.01567	0.00913	0.00792	0.01745	0.04683	0.02174	0.01241	0.01417	0.01024	0.00507	0.00496	0.00103	0.00489	0.00407	0.00403	0.77114
79	0.00802	0.00573	0.00764	0.00917	0.00955	0.00535	0.00611	0.00917	0.01260	0.01681	0.03628	0.76434	0.04354	0.02062	0.00840	0.00267	0.00382	0.01872	0.00611	0.00535
80	0.02374	0.02767	0.01839	0.01631	0.02000	0.56133	0.01244	0.12184	0.09755	0.02091	0.01280	0.01382	0.01014	0.00718	0.00611	0.00179	0.01049	0.00483	0.00420	0.00844
81	0.01604	0.01951	0.13277	0.02720	0.18964	0.03439	0.33694	0.07301	0.01620	0.02231	0.01367	0.04225	0.01103	0.00661	0.00751	0.00214	0.02887	0.00701	0.00357	0.00934
82	0.01277	0.01205	0.02036	0.68968	0.10580	0.01472	0.01845	0.01712	0.01333	0.01724	0.01176	0.01744	0.00892	0.00652	0.00658	0.00217	0.00869	0.00585	0.00295	0.00759
83	0.01554	0.01776	0.03885	0.02775	0.03441	0.01665	0.70366	0.02109	0.01554	0.02109	0.01332	0.01776	0.00999	0.00555	0.00777	0.00222	0.01110	0.00777	0.00333	0.00888
84	0.01243	0.01170	0.01975	0.75282	0.04534	0.01463	0.01828	0.01682	0.01316	0.01682	0.01170	0.01755	0.00878	0.00658	0.00658	0.00219	0.00878	0.00585	0.00293	0.00731
85	0.01823	0.05213	0.01870	0.01557	0.01824	0.32207	0.05644	0.02193	0.09325	0.01742	0.01586	0.01968	0.04766	0.07007	0.03757	0.00272	0.15500	0.00610	0.00382	0.00752
86	0.01243	0.01170	0.01975	0.75282	0.04534	0.01463	0.01828	0.01682	0.01316	0.01682	0.01170	0.01755	0.00878	0.00658	0.00658	0.00219	0.00878	0.00585	0.00293	0.00731
87	0.00831	0.00668	0.00747	0.00793	0.00964	0.00595	0.00585	0.01043	0.03394	0.01813	0.07171	0.25250	0.45882	0.01755	0.00801	0.00239	0.00369	0.05915	0.00615	0.00569
88	0.02954	0.01120	0.01528	0.01171	0.01681	0.00968	0.00968	0.03208	0.01884	0.73213	0.02597	0.02241	0.01630	0.00815	0.00662	0.00204	0.00560	0.00662	0.00815	0.01120
89	0.01144	0.00572	0.00858	0.00858	0.00858	0.00572	0.00572	0.00858	0.00858	0.01144	0.01144	0.02001	0.01144	0.02287	0.02573	0.80846	0.00572	0.00572	0.00286	0.00286
90	0.01707	0.01728	0.02485	0.08290	0.57058	0.10534	0.01881	0.02126	0.04023	0.02075	0.01258	0.01612	0.01042	0.00613	0.00646	0.00195	0.00829	0.00572	0.00338	0.00988
91	0.01144	0.00572	0.00858	0.00858	0.00858	0.00572	0.00572	0.00858	0.00858	0.01144	0.01144	0.02001	0.01144	0.02287	0.02573	0.80846	0.00572	0.00572	0.00286	0.00286
92	0.00794	0.00668	0.00689	0.00684	0.00899	0.00563	0.00513	0.00975	0.01538	0.01867	0.13450	0.06189	0.65654	0.01634	0.00778	0.00221	0.00331	0.01369	0.00623	0.00563
93	0.01095	0.00817	0.00988	0.00928	0.01132	0.00795	0.00718	0.08322	0.04019	0.02557	0.43331	0.08562	0.15427	0.01403	0.00776	0.00221	0.00393	0.07166	0.00683	0.00669
94	0.01411	0.13642	0.54967	0.01881	0.02758	0.01698	0.10638	0.02072	0.01403	0.02012	0.01162	0.01390	0.00856	0.00608	0.00615	0.00201	0.00952	0.00503	0.00285	0.00944
95	0.52800	0.01401	0.01285	0.01064	0.01513	0.01563	0.00877	0.19451	0.01705	0.11047	0.01271	0.01329	0.00918	0.00679	0.00499	0.00202	0.00569	0.00450	0.00516	0.00861
96	0.02743	0.01314	0.01624	0.01255	0.01755	0.01273	0.01034	0.21817	0.04100	0.50142	0.02305	0.02070	0.01500	0.00809	0.00655	0.00201	0.00597	0.00644	0.03057	0.01103
97	0.02193	0.09679	0.06782	0.01880	0.09890	0.41776	0.03261	0.07267	0.01824	0.05766	0.02983	0.01432	0.01069	0.00683	0.00604	0.00178	0.00992	0.00493	0.00386	0.00860
98	0.03570	0.01727	0.02757	0.03443	0.49958	0.07077	0.14196	0.05320	0.01603	0.02216	0.01247	0.01607	0.01016	0.00598	0.00665	0.00199	0.00863	0.00604	0.00346	0.00990
99	0.01257	0.01184	0.01999	0.72749	0.06959	0.01466	0.01835	0.01694	0.01323	0.01699	0.01173	0.01751	0.00883	0.00656	0.00658	0.00219	0.00874	0.00585	0.00294	0.00742
100	0.01998	0.01187	0.01474	0.01288	0.05121	0.01182	0.00974	0.22075	0.02211	0.23043	0.28360	0.03019	0.03166	0.00995	0.00703	0.00203	0.00526	0.00836	0.00711	0.00929
101	0.02503	0.01844	0.01976	0.01515	0.02042	0.02042	0.01251	0.70562	0.03095	0.04149	0.01581	0.01581	0.01120	0.00790	0.00659	0.00198	0.00724	0.00593	0.00659	0.01120
102	0.04395	0.05655	0.02000	0.01642	0.07459	0.07299	0.01252	0.51337	0.02650	0.03554	0.01490	0.01560	0.01098	0.00749	0.00624	0.00190	0.00735	0.00562	0.04712	0.01036
103	0.01710	0.68900	0.11374	0.01211	0.01821	0.02483	0.01274	0.01984	0.01344	0.01610	0.00945	0.01094	0.00844	0.00570	0.00445	0.00148	0.00734	0.00367	0.00281	0.00859
104	0.00915	0.00633	0.00718	0.00740	0.00771	0.00614	0.00440	0.00950	0.01063	0.01391	0.02825	0.14516	0.10837	0.57755	0.02704	0.00538	0.00567	0.01134	0.00453	0.00436
105	0.02768	0.01347	0.01662	0.01272	0.01789	0.01299	0.01050	0.24085	0.02245	0.49719	0.02240	0.02011	0.01452	0.00798	0.00656	0.00199	0.00609	0.00633	0.00754	0.03412
106	0.00932	0.00673	0.00880	0.00828	0.00984	0.00621	0.00621	0.01242	0.01863	0.02640	0.72410	0.04918	0.06212	0.01346	0.00776	0.00207	0.00311	0.01191	0.00725	0.00621
107	0.01243	0.01170	0.01975	0.75282	0.04534	0.01463	0.01828	0.01682	0.01316	0.01682	0.01170	0.01755	0.00878	0.00658	0.00658	0.00219	0.00878	0.00585	0.00293	0.00731
108	0.00801	0.00576	0.00761	0.00910	0.00953	0.00535	0.00608	0.00917	0.01267	0.01683	0.03713	0.74485	0.06249	0.02051	0.00839	0.00266	0.00381	0.01858	0.00611	0.00535
109	0.70552	0.01252	0.01046	0.00908	0.01330	0.01406	0.00748	0.02113	0.01227	0.12757	0.01151	0.01233	0.00841	0.00640	0.00443	0.00204	0.00516	0.00399	0.00464	0.00770
110	0.01348	0.03215	0.65342	0.01981	0.02918	0.01545	0.10353	0.02088	0.01409	0.02088	0.01199	0.01435	0.00853	0.00617	0.00643	0.00210	0.00989	0.00520	0.00284	0.00963
111	0.01320	0.03405	0.73453	0.01876	0.02849	0.01529	0.02432	0.02085	0.01390	0.02085	0.01181	0.01390	0.00834	0.00625	0.00625	0.00208	0.00973	0.00486	0.00278	0.00973
112	0.00799	0.00584	0.00753	0.00887	0.00947	0.00537	0.00598	0.00920	0.01289	0.01692	0.03985	0.68225	0.12333	0.02016	0.00833	0.00262	0.00376	0.01815	0.00611	0.00537
113	0.00926	0.00716	0.00851	0.00829	0.01007	0.00669	0.00616	0.01289	0.06910	0.02293	0.40547	0.12855	0.25085	0.01483	0.00776	0.00219	0.00341	0.01289	0.00675	0.00624
114	0.02793	0.01378	0.01687	0.01294	0.01809	0.01350	0.01069	0.27216	0.02316	0.48596	0.02235	0.02005	0.01448	0.00806	0.00661	0.00202	0.00619	0.00637	0.00759	0.01120
115	0.00908	0.00672	0.00847	0.00803	0.00969	0.00611	0.00602	0.01196	0.01807	0.02507	0.62265	0.05136	0.16440	0.01395	0.00777	0.00209	0.00314	0.01221	0.00707	0.00611
116	0.01384	0.01028	0.01316	0.01184	0.01357	0.01191	0.00918	0.12144	0.04927	0.05403	0.01806	0.05046	0.01686	0.15267	0.30870	0.00634	0.11939	0.00751	0.00445	0.00704
117	0.01788	0.05097	0.06564	0.09384	0.42653	0.14538	0.01807	0.06561	0.01639	0.02115	0.01199	0.01521	0.00978	0.00624	0.00631	0.00192	0.00866	0.00542	0.00342	0.00959
118	0.81514	0.01273	0.00968	0.00866	0.01273	0.01477	0.00713	0.01935	0.01120	0.02954	0.00917	0.01069	0.00713	0.00611	0.00407	0.00204	0.00509	0.00356	0.00407	0.00713
119	0.01855	0.02150	0.05524	0.06598	0.08106	0.30713	0.06698	0.06368	0.10365	0.02032	0.01860	0.07482	0.05684	0.00855	0.00662	0.00200	0.00893	0.00697	0.00428	0.00831
120	0.13172	0.01767	0.01840	0.01427	0.01938	0.01965	0.01179	0.61295	0.02829	0.03988	0.01491	0.01512	0.01065	0.00766	0.00625	0.00198	0.00695	0.00561	0.00625	0.01065
121	0.02394	0.01790	0.01915	0.01493	0.02000	0.01991	0.01225	0.62159	0.11675	0.03974	0.01718	0.01690	0.01231	0.00803	0.00660	0.00201	0.00699	0.00612	0.00660	0.01110
122	0.56884	0.01252	0.01159	0.00974	0.01414	0.01356	0.00803	0.04785	0.01404	0.22454	0.01406	0.01412	0.00982	0.00674	0.00487	0.00203	0.00531	0.00450	0.00529	0.00841
123	0.00952	0.00638	0.00728	0.00733	0.00737	0.00639	0.00416	0.00961	0.00970	0.01296	0.02120	0.06726	0.02443	0.72631	0.04925	0.00635	0.00656	0.00983	0.00405	0.00408
124	0.01659	0.44445	0.25855	0.01485	0.02175	0.04798	0.05059	0.04376	0.01444	0.01840	0.01048	0.01222	0.00859	0.00595	0.00520	0.00170	0.00829	0.00428	0.00298	0.00895
125	0.01614	0.01548	0.02644	0.06949	0.69972	0.01560	0.02013	0.02007	0.01492	0.02132	0.01236	0.01634	0.01036	0.00589	0.00652	0.00196	0.00786	0.00587	0.00325	0.01030
126	0.01243	0.01170	0.01975	0.75282	0.04534	0.01463	0.01828	0.01682	0.01316	0.01682	0.01170	0.01755	0.00878	0.00658	0.00658	0.00219	0.00878	0.00585	0.00293	0.00731
127	0.01806	0.72368	0.03345	0.01164	0.01712	0.07331	0.01136	0.02015	0.01372	0.01553	0.00922	0.01065	0.00845	0.00571	0.00434	0.00143	0.00736	0.00357	0.00285	0.00839
128	0.01742	0.01823	0.07032	0.02481	0.03136	0.01656	0.54492	0.10025	0.01744	0.06968	0.01435	0.01764	0.01045	0.00602	0.00748	0.00217	0.01023	0.00734	0.00399	0.00934
129	0.00879	0.00680	0.00819	0.00900	0.01063	0.00620	0.00712	0.01082	0.01460	0.01825	0.05010	0.20002	0.36205	0.01794	0.00834	0.00258	0.00435	0.24242	0.00610	0.00569
130	0.01440	0.01440	0.02016	0.01728	0.01728	0.02016	0.01440	0.01584	0.01008	0.01584	0.00864	0.01440	0.00864	0.01152	0.02160	0.00288	0.75659	0.00576	0.00288	0.00720
131	0.01619	0.01554	0.02654	0.05880	0.70996	0.01562	0.02015	0.02012	0.01494	0.02139	0.01237	0.01633	0.01039	0.00588	0.00652	0.00196	0.00785	0.00587	0.00325	0.01035
132	0.01681	0.01436	0.01513	0.01349	0.01729	0.01658	0.01053	0.06891	0.68103	0.02824	0.02624	0.02412	0.01965	0.00888	0.00669	0.00222	0.00531	0.00737	0.00669	0.01046
133	0.02921	0.01173	0.01561	0.01197	0.01707	0.01046	0.00988	0.08154	0.01973	0.68142	0.02523	0.02192	0.01592	0.00813	0.00662	0.00203	0.00572	0.00657	0.00803	0.01120
134	0.00793	0.00667	0.00688	0.00683	0.00898	0.00562	0.00512	0.00974	0.01536	0.01862	0.13045	0.06198	0.66062	0.01636	0.00778	0.00221	0.00331	0.01370	0.00622	0.00562
135	0.02824	0.01112	0.01499	0.01163	0.01653	0.00976	0.00956	0.03136	0.04288	0.67834	0.05516	0.02360	0.01834	0.00840	0.00667	0.00205	0.00548	0.00687	0.00806	0.01097
136	0.01508	0.01552	0.02006	0.01726	0.01749	0.06782	0.01429	0.01653	0.01065	0.01586	0.00874	0.01424	0.00863	0.01121	0.02057	0.00280	0.70744	0.00566	0.00291	0.00723
137	0.01243	0.01170	0.01975	0.75282	0.04534	0.01463	0.01828	0.01682	0.01316	0.01682	0.01170	0.01755	0.00878	0.00658	0.00658	0.00219	0.00878	0.00585	0.00293	0.00731
138	0.02837	0.01308	0.01644	0.01260	0.01774	0.01246	0.01041	0.20698	0.02199	0.55280	0.02333	0.02069	0.01497	0.00808	0.00661	0.00202	0.00603	0.00644	0.00774	0.01120
139	0.00940	0.00705	0.01058	0.01058	0.01176	0.00823	0.00823	0.01176	0.01058	0.01528	0.01763	0.02586	0.01646	0.04937	0.74255	0.01058	0.01763	0.00705	0.00353	0.00588
140	0.00778	0.00667	0.00667	0.00667	0.00889	0.00556	0.00500	0.00945	0.01501	0.01778	0.06669	0.06336	0.72490	0.01667	0.00778	0.00222	0.00333	0.01389	0.00611	0.00556
141	0.01620	0.01657	0.02682	0.15408	0.45105	0.07308	0.12586	0.02026	0.01506	0.02024	0.01224	0.01638	0.00993	0.00601	0.00668	0.00202	0.00881	0.00603	0.00323	0.00945
142	0.00812	0.00577	0.00761	0.00904	0.00939	0.00542	0.00597	0.00919	0.01240	0.01654	0.03526	0.71674	0.04225	0.06999	0.01006	0.00292	0.00399	0.01811	0.00597	0.00526
143	0.01666	0.01665	0.02539	0.10317	0.60400	0.07875	0.01938	0.02043	0.01514	0.02061	0.01213	0.01602	0.01011	0.00601	0.00647	0.00195	0.00826	0.00572	0.00324	0.00990

[dist]
# distance from previous block
# <min> <max>
0	0

# created by:
# /home/berkeley/.conda/envs/busco_data_prod/bin/msa2prfl.pl pipeline/OGs_align_augustus/4893/34742.fs
