[name]
unknown

[dist]
# distance from previous block
# <min> <max>
0	5

[block]
# block no. 0 follows, 34 sequences, length 26
# corresponding to MSA columns:
# 5-30
name=unknown_A
#
# <colnr> <probs for GDERKNQSTAVLIFYWHMCP>
#	G	D	E	R	K	N	Q	S	T	A	V	L	I	F	Y	W	H	M	C	P
0	0.00936	0.00728	0.03297	0.00839	0.00916	0.00653	0.00593	0.01023	0.01103	0.01458	0.02697	0.14380	0.08218	0.44707	0.04127	0.03381	0.00602	0.09423	0.00452	0.00467
1	0.01874	0.56326	0.02930	0.01228	0.01735	0.12633	0.01130	0.07549	0.06044	0.01805	0.01074	0.01183	0.00924	0.00607	0.00472	0.00152	0.00748	0.00399	0.00338	0.00851
2	0.00877	0.00709	0.00769	0.00773	0.00972	0.00639	0.00580	0.03809	0.03338	0.01909	0.09933	0.16741	0.50763	0.01628	0.00771	0.00226	0.00364	0.04005	0.00610	0.00583
3	0.07795	0.22559	0.20488	0.01442	0.02023	0.11555	0.04000	0.06918	0.07756	0.04591	0.04210	0.01516	0.01185	0.00670	0.00559	0.00182	0.00787	0.00499	0.00389	0.00878
4	0.01387	0.06345	0.37083	0.02130	0.09640	0.01548	0.18383	0.02015	0.04203	0.02017	0.01443	0.01711	0.03434	0.00793	0.03241	0.00235	0.02568	0.00598	0.00320	0.00905
5	0.01370	0.02129	0.26848	0.02234	0.05295	0.01465	0.36259	0.01940	0.01448	0.02048	0.05251	0.01844	0.01260	0.00947	0.06469	0.00276	0.01040	0.00678	0.00331	0.00867
6	0.01273	0.01235	0.01933	0.72436	0.04341	0.04703	0.01770	0.01692	0.01316	0.01648	0.01142	0.01698	0.00860	0.00647	0.00643	0.00213	0.00875	0.00567	0.00289	0.00719
7	0.04215	0.04566	0.22363	0.01743	0.06760	0.05389	0.11331	0.04683	0.04012	0.13006	0.04309	0.11387	0.01654	0.00852	0.00662	0.00208	0.00766	0.00750	0.00456	0.00886
8	0.01440	0.01046	0.01580	0.01770	0.16587	0.01043	0.05242	0.03461	0.04384	0.12527	0.05478	0.27621	0.05247	0.01268	0.00815	0.00231	0.04737	0.04191	0.00544	0.00788
9	0.00764	0.00655	0.00655	0.00655	0.00873	0.00545	0.00491	0.00927	0.01473	0.01745	0.06546	0.06218	0.73000	0.01636	0.00764	0.00218	0.00327	0.01364	0.00600	0.00545
10	0.09208	0.01648	0.10927	0.02105	0.16880	0.01522	0.10857	0.06969	0.04694	0.10121	0.03236	0.01730	0.01202	0.00902	0.03799	0.00247	0.12030	0.00602	0.00419	0.00902
11	0.04911	0.04838	0.14685	0.03760	0.15031	0.01502	0.06262	0.15526	0.06904	0.04270	0.01925	0.02130	0.07723	0.02891	0.04600	0.00255	0.00782	0.00655	0.00443	0.00905
12	0.02732	0.01261	0.01587	0.01228	0.01723	0.01203	0.01011	0.16996	0.06291	0.55292	0.02351	0.02080	0.01520	0.00799	0.00650	0.00200	0.00580	0.00641	0.00760	0.01095
13	0.02223	0.03227	0.01566	0.01217	0.01618	0.01340	0.00983	0.21321	0.09899	0.30299	0.07589	0.02361	0.01867	0.07367	0.00936	0.00239	0.03618	0.00694	0.00666	0.00970
14	0.01794	0.12185	0.23667	0.06404	0.02294	0.06459	0.04681	0.08990	0.09913	0.12450	0.01704	0.01766	0.03442	0.00714	0.00612	0.00195	0.00780	0.00568	0.00448	0.00934
15	0.00950	0.00708	0.00995	0.00982	0.01062	0.00814	0.00727	0.01117	0.01011	0.01438	0.01770	0.02925	0.01770	0.23433	0.52931	0.00897	0.04829	0.00751	0.00355	0.00535
16	0.00788	0.00593	0.00730	0.00828	0.00921	0.00535	0.00571	0.00925	0.01334	0.01728	0.08217	0.53550	0.23181	0.01879	0.00805	0.00247	0.00358	0.01670	0.00606	0.00535
17	0.01917	0.01685	0.05319	0.10651	0.19757	0.06898	0.03865	0.22487	0.06856	0.08231	0.01599	0.05022	0.01258	0.00753	0.00652	0.00200	0.00758	0.00640	0.00485	0.00966
18	0.13788	0.12039	0.09365	0.04022	0.10439	0.08821	0.04199	0.05212	0.09118	0.07897	0.01340	0.01501	0.01038	0.00701	0.00712	0.00199	0.07806	0.00515	0.00407	0.00879
19	0.01451	0.01312	0.07509	0.21502	0.12558	0.01228	0.03614	0.08975	0.01577	0.08318	0.04649	0.10996	0.08333	0.04171	0.00794	0.00230	0.00685	0.00835	0.00459	0.00803
20	0.00823	0.00620	0.00732	0.00774	0.00889	0.00561	0.00536	0.00972	0.01385	0.01799	0.16883	0.29898	0.27931	0.11855	0.01123	0.00285	0.00380	0.01434	0.00592	0.00529
21	0.01599	0.09404	0.19896	0.02006	0.16125	0.07770	0.06879	0.02100	0.06755	0.06897	0.01596	0.01952	0.03463	0.07866	0.00907	0.00236	0.02689	0.00605	0.00379	0.00875
22	0.01793	0.03523	0.18877	0.01508	0.04463	0.07887	0.04439	0.10000	0.04690	0.14676	0.04597	0.06190	0.03774	0.00800	0.00633	0.00190	0.00718	0.00660	0.00491	0.10092
23	0.01420	0.01399	0.01867	0.04266	0.01768	0.03611	0.01349	0.01743	0.07964	0.01668	0.01089	0.01583	0.01004	0.01300	0.06229	0.00316	0.59782	0.00586	0.00324	0.00731
24	0.01130	0.00857	0.01099	0.08287	0.03809	0.03342	0.03403	0.01241	0.01110	0.03922	0.04123	0.03564	0.02113	0.53216	0.05761	0.00530	0.00727	0.00853	0.00397	0.00516
25	0.13120	0.01471	0.04802	0.01949	0.16001	0.01465	0.11082	0.06915	0.20169	0.07426	0.01981	0.04789	0.04421	0.00783	0.00640	0.00209	0.00663	0.00693	0.00496	0.00924

[dist]
# distance from previous block
# <min> <max>
0	5

[block]
# block no. 1 follows, 34 sequences, length 22
# corresponding to MSA columns:
# 36-57
name=unknown_B
#
# <colnr> <probs for GDERKNQSTAVLIFYWHMCP>
#	G	D	E	R	K	N	Q	S	T	A	V	L	I	F	Y	W	H	M	C	P
0	0.04906	0.03960	0.12484	0.12198	0.07905	0.01186	0.01226	0.03511	0.06403	0.09135	0.01843	0.10617	0.01705	0.16247	0.01170	0.00291	0.00672	0.00770	0.00438	0.03332
1	0.01166	0.04773	0.14217	0.01167	0.06056	0.00948	0.00915	0.01347	0.01107	0.04462	0.01791	0.03302	0.01882	0.51552	0.02385	0.00481	0.00695	0.00792	0.00377	0.00585
2	0.01415	0.01654	0.19036	0.03474	0.08128	0.01176	0.08392	0.01805	0.01355	0.08915	0.01631	0.09516	0.01445	0.04658	0.06642	0.00280	0.04356	0.00700	0.00399	0.15023
3	0.01340	0.01148	0.01340	0.00957	0.01531	0.00861	0.00766	0.01627	0.01340	0.02105	0.01148	0.01340	0.00957	0.00479	0.00479	0.00096	0.00479	0.00383	0.00383	0.81242
4	0.01315	0.01350	0.05458	0.54368	0.15791	0.01470	0.04825	0.01808	0.03915	0.01803	0.01221	0.01711	0.00932	0.00637	0.00649	0.00211	0.00847	0.00584	0.00307	0.00798
5	0.01504	0.01051	0.01202	0.01070	0.01377	0.01099	0.00832	0.02465	0.33182	0.13217	0.23343	0.03513	0.11254	0.01080	0.00699	0.00212	0.00436	0.00917	0.00688	0.00860
6	0.00787	0.00562	0.00750	0.00900	0.00937	0.00525	0.00600	0.00900	0.01237	0.01649	0.03561	0.76871	0.04274	0.02024	0.00825	0.00262	0.00375	0.01837	0.00600	0.00525
7	0.00784	0.00655	0.00683	0.00676	0.00885	0.00554	0.00507	0.00967	0.01521	0.01860	0.15524	0.06030	0.63949	0.01594	0.00763	0.00216	0.00324	0.01337	0.00615	0.00554
8	0.00776	0.00655	0.00671	0.00667	0.00880	0.00551	0.00500	0.00950	0.01501	0.01812	0.11763	0.06109	0.67740	0.01612	0.00764	0.00217	0.00326	0.01348	0.00609	0.00551
9	0.01204	0.00602	0.00602	0.00602	0.00753	0.00602	0.00452	0.01506	0.01355	0.02409	0.02108	0.02409	0.01656	0.00753	0.00452	0.00151	0.00301	0.00602	0.80879	0.00602
10	0.81856	0.01250	0.00950	0.00850	0.01250	0.01449	0.00700	0.01899	0.01100	0.02899	0.00900	0.01050	0.00700	0.00600	0.00400	0.00200	0.00500	0.00350	0.00400	0.00700
11	0.02456	0.01810	0.01939	0.01487	0.02004	0.02004	0.01228	0.71107	0.03038	0.04072	0.01551	0.01551	0.01099	0.00776	0.00646	0.00194	0.00711	0.00582	0.00646	0.01099
12	0.81856	0.01250	0.00950	0.00850	0.01250	0.01449	0.00700	0.01899	0.01100	0.02899	0.00900	0.01050	0.00700	0.00600	0.00400	0.00200	0.00500	0.00350	0.00400	0.00700
13	0.00787	0.00562	0.00750	0.00900	0.00937	0.00525	0.00600	0.00900	0.01237	0.01649	0.03561	0.76871	0.04274	0.02024	0.00825	0.00262	0.00375	0.01837	0.00600	0.00525
14	0.67213	0.01353	0.01132	0.00967	0.01389	0.01552	0.00797	0.14663	0.01457	0.03115	0.01020	0.01142	0.00773	0.00632	0.00445	0.00199	0.00539	0.00393	0.00445	0.00773
15	0.81856	0.01250	0.00950	0.00850	0.01250	0.01449	0.00700	0.01899	0.01100	0.02899	0.00900	0.01050	0.00700	0.00600	0.00400	0.00200	0.00500	0.00350	0.00400	0.00700
16	0.00771	0.00655	0.00664	0.00662	0.00877	0.00548	0.00496	0.00941	0.01489	0.01784	0.09569	0.06155	0.69952	0.01622	0.00764	0.00218	0.00326	0.01355	0.00605	0.00548
17	0.02117	0.01479	0.03884	0.04365	0.01859	0.01503	0.01107	0.37433	0.06231	0.14831	0.09883	0.02110	0.01800	0.00824	0.00644	0.00193	0.00613	0.00658	0.04426	0.04040
18	0.01919	0.17169	0.04368	0.04105	0.05040	0.23027	0.01262	0.09783	0.18046	0.02132	0.01426	0.01530	0.01134	0.00728	0.00678	0.00187	0.05648	0.00516	0.00423	0.00880
19	0.01353	0.01273	0.02144	0.42086	0.31879	0.01423	0.01794	0.01757	0.01399	0.01896	0.05783	0.01872	0.01263	0.00661	0.00651	0.00205	0.00788	0.00613	0.00327	0.00834
20	0.00801	0.00608	0.00738	0.00808	0.00921	0.00545	0.00567	0.00961	0.01409	0.01834	0.15870	0.42646	0.26384	0.01786	0.00795	0.00239	0.00348	0.01577	0.00618	0.00545
21	0.02284	0.04342	0.12288	0.01519	0.02092	0.04475	0.04617	0.37870	0.04373	0.17137	0.01669	0.01654	0.01158	0.00738	0.00638	0.00196	0.00743	0.00579	0.00584	0.01044

[dist]
# distance from previous block
# <min> <max>
0	1

[block]
# block no. 2 follows, 34 sequences, length 66
# corresponding to MSA columns:
# 59-124
name=unknown_C
#
# <colnr> <probs for GDERKNQSTAVLIFYWHMCP>
#	G	D	E	R	K	N	Q	S	T	A	V	L	I	F	Y	W	H	M	C	P
0	0.01760	0.23523	0.06139	0.03962	0.01941	0.01760	0.06208	0.19561	0.05313	0.05206	0.03608	0.05861	0.03108	0.00764	0.00586	0.00177	0.00673	0.00617	0.00462	0.08772
1	0.01872	0.14310	0.08145	0.04066	0.07834	0.27037	0.01343	0.05997	0.13423	0.01970	0.01353	0.01518	0.01091	0.00896	0.04293	0.00225	0.02879	0.00507	0.00386	0.00855
2	0.01370	0.01179	0.01456	0.01162	0.04359	0.00971	0.03304	0.04650	0.04648	0.02181	0.01539	0.05277	0.03578	0.00630	0.00537	0.00126	0.00513	0.00532	0.00420	0.61569
3	0.01414	0.01698	0.17823	0.01725	0.11924	0.03417	0.06758	0.01814	0.01427	0.05924	0.07234	0.03787	0.01562	0.04345	0.03900	0.00228	0.00742	0.00615	0.00397	0.23267
4	0.01449	0.01222	0.01443	0.01121	0.04359	0.00988	0.00854	0.07777	0.01495	0.02279	0.01187	0.01369	0.00972	0.00509	0.00500	0.00108	0.00510	0.00408	0.00404	0.71048
5	0.00805	0.00583	0.00763	0.00887	0.00949	0.00541	0.00609	0.00943	0.01309	0.01742	0.09354	0.64037	0.08833	0.01934	0.00818	0.00256	0.00374	0.04120	0.00609	0.00535
6	0.03824	0.01390	0.07014	0.01321	0.05139	0.01304	0.01065	0.19531	0.14801	0.09596	0.15267	0.02972	0.12032	0.00985	0.00676	0.00205	0.00550	0.00813	0.00617	0.00896
7	0.00863	0.00745	0.00983	0.00888	0.01118	0.00653	0.06743	0.01085	0.01531	0.01937	0.19214	0.11070	0.47792	0.01507	0.00768	0.00219	0.00394	0.01308	0.00598	0.00586
8	0.05789	0.03789	0.01488	0.01083	0.01609	0.04294	0.00874	0.09235	0.07873	0.05629	0.01360	0.01465	0.01069	0.00577	0.00518	0.00132	0.00546	0.00446	0.00449	0.51776
9	0.00924	0.00687	0.01014	0.01014	0.01121	0.00794	0.00777	0.01138	0.01031	0.01482	0.01753	0.02661	0.01669	0.10117	0.69534	0.01008	0.01650	0.00710	0.00349	0.00563
10	0.13726	0.09420	0.14535	0.01472	0.02039	0.01714	0.06697	0.23875	0.03903	0.11964	0.01440	0.01512	0.01037	0.00699	0.00639	0.00197	0.03151	0.00533	0.00492	0.00956
11	0.05094	0.18930	0.20901	0.01714	0.10455	0.03539	0.03451	0.07646	0.07229	0.06800	0.04957	0.03787	0.01370	0.00716	0.00588	0.00189	0.00734	0.00573	0.00413	0.00913
12	0.00764	0.00655	0.00655	0.00655	0.00873	0.00545	0.00491	0.00927	0.01473	0.01745	0.06546	0.06218	0.73000	0.01636	0.00764	0.00218	0.00327	0.01364	0.00600	0.00545
13	0.01340	0.01148	0.01340	0.00957	0.01531	0.00861	0.00766	0.01627	0.01340	0.02105	0.01148	0.01340	0.00957	0.00479	0.00479	0.00096	0.00479	0.00383	0.00383	0.81242
14	0.69197	0.01299	0.01062	0.03198	0.01390	0.04288	0.00790	0.01870	0.01126	0.02689	0.00947	0.01158	0.00758	0.00820	0.03875	0.00241	0.03825	0.00384	0.00386	0.00697
15	0.00958	0.00626	0.00702	0.00701	0.00716	0.00624	0.00403	0.00989	0.00997	0.01378	0.04192	0.04114	0.02412	0.69419	0.03006	0.00579	0.00593	0.00922	0.06257	0.00413
16	0.01572	0.01507	0.02573	0.09188	0.68255	0.01528	0.01969	0.01959	0.01458	0.02077	0.01211	0.01608	0.01012	0.00581	0.00640	0.00194	0.00774	0.00576	0.00317	0.01001
17	0.01645	0.03283	0.04252	0.11442	0.20798	0.01407	0.01369	0.10455	0.13979	0.08688	0.13824	0.02331	0.02080	0.00808	0.00660	0.00202	0.00635	0.00702	0.00519	0.00922
18	0.11036	0.01749	0.01832	0.01418	0.01922	0.01944	0.01171	0.63629	0.02828	0.03945	0.01481	0.01497	0.01056	0.00757	0.00620	0.00195	0.00688	0.00557	0.00620	0.01056
19	0.01607	0.01388	0.01461	0.01315	0.01680	0.01607	0.01023	0.03433	0.72094	0.02703	0.02630	0.02411	0.01972	0.00877	0.00657	0.00219	0.00511	0.00731	0.00657	0.01023
20	0.00905	0.00660	0.00850	0.00803	0.00959	0.00606	0.00602	0.01201	0.01806	0.02537	0.68653	0.04916	0.10398	0.01341	0.00762	0.00204	0.00306	0.01181	0.00704	0.00606
21	0.01723	0.01160	0.03190	0.01227	0.06735	0.00922	0.00914	0.02006	0.01497	0.21058	0.06183	0.01954	0.01528	0.04432	0.00696	0.00166	0.00526	0.00548	0.00508	0.43027
22	0.81856	0.01250	0.00950	0.00850	0.01250	0.01449	0.00700	0.01899	0.01100	0.02899	0.00900	0.01050	0.00700	0.00600	0.00400	0.00200	0.00500	0.00350	0.00400	0.00700
23	0.01414	0.01414	0.01979	0.01696	0.01696	0.01979	0.01414	0.01555	0.00990	0.01555	0.00848	0.01414	0.00848	0.01131	0.02120	0.00283	0.76110	0.00565	0.00283	0.00707
24	0.01993	0.01720	0.05780	0.01788	0.04502	0.05554	0.16847	0.26433	0.06657	0.10457	0.04915	0.02058	0.01473	0.00789	0.00732	0.00208	0.03296	0.03305	0.00535	0.00960
25	0.73277	0.01310	0.01057	0.00919	0.01331	0.01509	0.00757	0.09378	0.01309	0.03026	0.00970	0.01104	0.00743	0.00619	0.00426	0.00199	0.00523	0.00375	0.00426	0.00743
26	0.01706	0.06592	0.10110	0.05249	0.14443	0.03712	0.01435	0.13492	0.22115	0.04291	0.01827	0.02181	0.01467	0.00812	0.00684	0.00209	0.02663	0.05564	0.00492	0.00956
27	0.00809	0.00574	0.00755	0.00892	0.00930	0.00541	0.00596	0.00918	0.01219	0.01624	0.03422	0.68134	0.04085	0.08664	0.01045	0.00296	0.00404	0.03995	0.00581	0.00515
28	0.00876	0.00660	0.00820	0.00856	0.01008	0.00604	0.00660	0.01107	0.01563	0.02065	0.28785	0.17202	0.24740	0.01617	0.00798	0.00236	0.00380	0.14810	0.00638	0.00575
29	0.00929	0.00622	0.00708	0.00719	0.00722	0.00619	0.00407	0.00937	0.00961	0.01282	0.02147	0.09513	0.02489	0.71816	0.03109	0.00600	0.00608	0.01005	0.00407	0.00401
30	0.81856	0.01250	0.00950	0.00850	0.01250	0.01449	0.00700	0.01899	0.01100	0.02899	0.00900	0.01050	0.00700	0.00600	0.00400	0.00200	0.00500	0.00350	0.00400	0.00700
31	0.01321	0.01224	0.06887	0.01604	0.13570	0.01144	0.01120	0.10274	0.07883	0.02148	0.06804	0.04808	0.04076	0.13823	0.15639	0.00441	0.00854	0.05161	0.00463	0.00758
32	0.01027	0.00739	0.01022	0.01163	0.01316	0.00734	0.01014	0.01318	0.01487	0.01924	0.03576	0.07235	0.07149	0.01778	0.00886	0.00294	0.00582	0.65568	0.00595	0.00593
33	0.02075	0.02575	0.05721	0.02187	0.15537	0.46480	0.08345	0.03878	0.01721	0.01810	0.01158	0.03328	0.00979	0.00673	0.00621	0.00181	0.01041	0.00525	0.00341	0.00825
34	0.51803	0.11390	0.01547	0.04095	0.06164	0.06504	0.00954	0.07212	0.01355	0.02622	0.00986	0.01155	0.00783	0.00612	0.00458	0.00189	0.00616	0.00395	0.00389	0.00772
35	0.01904	0.01432	0.01567	0.01305	0.01704	0.01586	0.01043	0.30078	0.30309	0.06690	0.10931	0.02362	0.02109	0.01001	0.02776	0.00229	0.00602	0.00721	0.00658	0.00993
36	0.01468	0.01224	0.01408	0.01018	0.01585	0.00992	0.00819	0.09575	0.01534	0.02330	0.01195	0.01364	0.00973	0.00513	0.00498	0.00107	0.00505	0.00406	0.00413	0.72074
37	0.00914	0.00660	0.00864	0.00813	0.00965	0.00610	0.00610	0.01219	0.01829	0.02591	0.72921	0.04827	0.06097	0.01321	0.00762	0.00203	0.00305	0.01169	0.00711	0.00610
38	0.00914	0.00660	0.00864	0.00813	0.00965	0.00610	0.00610	0.01219	0.01829	0.02591	0.72921	0.04827	0.06097	0.01321	0.00762	0.00203	0.00305	0.01169	0.00711	0.00610
39	0.00794	0.00567	0.00755	0.00895	0.00939	0.00529	0.00600	0.00916	0.01266	0.01696	0.06996	0.73303	0.04364	0.01989	0.00822	0.00259	0.00371	0.01804	0.00605	0.00529
40	0.01041	0.00744	0.01041	0.01190	0.01339	0.00744	0.01041	0.01339	0.01487	0.01934	0.03421	0.07288	0.03719	0.01785	0.00892	0.00297	0.00595	0.68913	0.00595	0.00595
41	0.02021	0.02335	0.08190	0.01913	0.14188	0.35840	0.01368	0.11751	0.01832	0.02166	0.01272	0.01474	0.01009	0.00672	0.00587	0.00176	0.00902	0.00496	0.10963	0.00844
42	0.81856	0.01250	0.00950	0.00850	0.01250	0.01449	0.00700	0.01899	0.01100	0.02899	0.00900	0.01050	0.00700	0.00600	0.00400	0.00200	0.00500	0.00350	0.00400	0.00700
43	0.01220	0.01148	0.01938	0.75739	0.04450	0.01436	0.01794	0.01651	0.01292	0.01651	0.01148	0.01723	0.00861	0.00646	0.00646	0.00215	0.00861	0.00574	0.00287	0.00718
44	0.00787	0.00562	0.00750	0.00900	0.00937	0.00525	0.00600	0.00900	0.01237	0.01649	0.03561	0.76871	0.04274	0.02024	0.00825	0.00262	0.00375	0.01837	0.00600	0.00525
45	0.01414	0.01414	0.01979	0.01696	0.01696	0.01979	0.01414	0.01555	0.00990	0.01555	0.00848	0.01414	0.00848	0.01131	0.02120	0.00283	0.76110	0.00565	0.00283	0.00707
46	0.44042	0.01381	0.01303	0.01098	0.01505	0.01572	0.00897	0.24035	0.05598	0.03124	0.01285	0.01432	0.00988	0.01093	0.07876	0.00282	0.00690	0.00479	0.00487	0.00833
47	0.00923	0.00692	0.01038	0.01038	0.01154	0.00808	0.00808	0.01154	0.01038	0.01500	0.01731	0.02538	0.01615	0.04846	0.74732	0.01038	0.01731	0.00692	0.00346	0.00577
48	0.01296	0.03342	0.73944	0.01842	0.02797	0.01501	0.02387	0.02046	0.01364	0.02046	0.01160	0.01364	0.00818	0.00614	0.00614	0.00205	0.00955	0.00477	0.00273	0.00955
49	0.81856	0.01250	0.00950	0.00850	0.01250	0.01449	0.00700	0.01899	0.01100	0.02899	0.00900	0.01050	0.00700	0.00600	0.00400	0.00200	0.00500	0.00350	0.00400	0.00700
50	0.01673	0.01862	0.01777	0.01580	0.01711	0.26416	0.01260	0.01838	0.01282	0.01555	0.01041	0.01511	0.00966	0.01572	0.13295	0.00365	0.38751	0.00535	0.00310	0.00700
51	0.02115	0.01609	0.05496	0.01369	0.01835	0.04018	0.01146	0.22171	0.32518	0.17328	0.02179	0.02030	0.01553	0.00812	0.00648	0.00206	0.00620	0.00649	0.00652	0.01047
52	0.00951	0.00647	0.00805	0.00864	0.00995	0.00582	0.00616	0.01100	0.01355	0.06342	0.05810	0.45310	0.20849	0.04125	0.00869	0.00255	0.00395	0.05120	0.00604	0.02406
53	0.01300	0.01113	0.01871	0.01517	0.01722	0.01214	0.18620	0.01492	0.01183	0.05155	0.03637	0.05944	0.01660	0.19093	0.07297	0.07104	0.18272	0.00793	0.00376	0.00638
54	0.01424	0.24014	0.52017	0.01665	0.02498	0.01799	0.04236	0.02016	0.01355	0.01900	0.01091	0.01285	0.00827	0.00595	0.00563	0.00187	0.00886	0.00450	0.00276	0.00917
55	0.01594	0.01271	0.01367	0.01220	0.01572	0.01421	0.00951	0.04563	0.55639	0.07233	0.06912	0.02860	0.08625	0.00964	0.00672	0.00216	0.00490	0.00804	0.00664	0.00963
56	0.01304	0.01055	0.01192	0.01081	0.01350	0.01145	0.00833	0.04484	0.36511	0.02692	0.36045	0.03534	0.03908	0.01085	0.00707	0.00211	0.00419	0.00934	0.00683	0.00829
57	0.00987	0.00718	0.00886	0.05617	0.01035	0.00779	0.00572	0.01031	0.00982	0.01323	0.01965	0.07616	0.02236	0.62501	0.02900	0.00554	0.06534	0.00933	0.00387	0.00444
58	0.01300	0.01106	0.01297	0.00953	0.01488	0.00837	0.00754	0.01574	0.01332	0.02072	0.01324	0.06835	0.01198	0.00591	0.00504	0.00108	0.00471	0.00489	0.00399	0.75370
59	0.00772	0.00638	0.00678	0.00704	0.00887	0.00543	0.00514	0.00930	0.01438	0.01750	0.07749	0.19306	0.58461	0.01700	0.00775	0.00226	0.00336	0.01446	0.00603	0.00543
60	0.01220	0.01148	0.01938	0.75739	0.04450	0.01436	0.01794	0.01651	0.01292	0.01651	0.01148	0.01723	0.00861	0.00646	0.00646	0.00215	0.00861	0.00574	0.00287	0.00718
61	0.01318	0.00775	0.01000	0.00885	0.01117	0.00709	0.00683	0.03592	0.01845	0.15777	0.53518	0.04333	0.09418	0.01229	0.00738	0.00203	0.00364	0.01068	0.00719	0.00711
62	0.00804	0.00585	0.00763	0.00897	0.00962	0.00544	0.00623	0.00936	0.01280	0.01681	0.03848	0.64505	0.11076	0.01967	0.00824	0.00261	0.00387	0.06926	0.00599	0.00532
63	0.01910	0.05183	0.01962	0.01658	0.01841	0.37209	0.01322	0.02066	0.01410	0.01566	0.00923	0.01279	0.00840	0.00883	0.01310	0.00221	0.36895	0.00485	0.00307	0.00732
64	0.04549	0.03918	0.23692	0.07087	0.02302	0.05693	0.06325	0.03896	0.01308	0.01890	0.01236	0.05289	0.01101	0.00892	0.01129	0.00233	0.25753	0.02582	0.00326	0.00798
65	0.00909	0.00637	0.00836	0.00943	0.01027	0.00611	0.00705	0.01044	0.01278	0.01667	0.03460	0.33807	0.10480	0.10137	0.01239	0.06507	0.00483	0.23163	0.00551	0.00516

[dist]
# distance from previous block
# <min> <max>
1	7

[block]
# block no. 3 follows, 34 sequences, length 37
# corresponding to MSA columns:
# 132-168
name=unknown_D
#
# <colnr> <probs for GDERKNQSTAVLIFYWHMCP>
#	G	D	E	R	K	N	Q	S	T	A	V	L	I	F	Y	W	H	M	C	P
0	0.03950	0.09129	0.01813	0.01334	0.01663	0.01721	0.02694	0.22094	0.17114	0.04299	0.01671	0.01985	0.01370	0.08950	0.01150	0.00254	0.13730	0.00626	0.03578	0.00877
1	0.00850	0.00649	0.00781	0.00766	0.00931	0.00579	0.00568	0.01088	0.01650	0.02210	0.43443	0.12103	0.29043	0.01496	0.00769	0.00214	0.00319	0.01299	0.00662	0.00579
2	0.07351	0.01848	0.05638	0.08620	0.35561	0.14532	0.03408	0.04715	0.01507	0.02056	0.01128	0.01467	0.00930	0.00660	0.00753	0.00200	0.07870	0.00531	0.00332	0.00894
3	0.01724	0.01841	0.01627	0.01431	0.01763	0.26443	0.06067	0.02558	0.28081	0.02161	0.10378	0.02434	0.05911	0.01026	0.03486	0.00230	0.00789	0.00710	0.00514	0.00826
4	0.00798	0.00574	0.00757	0.00884	0.00938	0.00533	0.00597	0.00930	0.01298	0.01738	0.09977	0.68191	0.06490	0.01949	0.00817	0.00256	0.00367	0.01762	0.00610	0.00533
5	0.00774	0.00652	0.00671	0.00672	0.00880	0.00549	0.00502	0.00945	0.01489	0.01798	0.10754	0.08069	0.66787	0.01627	0.00765	0.00218	0.00327	0.01364	0.00607	0.00549
6	0.01105	0.00736	0.00939	0.00861	0.01056	0.00689	0.00655	0.01484	0.05706	0.08239	0.60636	0.04541	0.08308	0.01268	0.00747	0.00204	0.00337	0.01111	0.00711	0.00669
7	0.01607	0.01394	0.01510	0.01426	0.04674	0.01604	0.01063	0.03373	0.69140	0.02678	0.02571	0.02377	0.01933	0.00864	0.00657	0.00218	0.00522	0.00724	0.00643	0.01023
8	0.02414	0.03079	0.01831	0.01665	0.01998	0.74698	0.01248	0.02580	0.01831	0.01581	0.00999	0.01165	0.00832	0.00666	0.00583	0.00166	0.01165	0.00416	0.00333	0.00749
9	0.02899	0.01100	0.01499	0.01150	0.01649	0.00950	0.00950	0.03149	0.01849	0.73709	0.02549	0.02199	0.01599	0.00800	0.00650	0.00200	0.00550	0.00650	0.00800	0.01100
10	0.02579	0.01113	0.01417	0.01108	0.01556	0.01031	0.00908	0.11599	0.01925	0.53730	0.02353	0.02149	0.01544	0.00789	0.00619	0.00192	0.00532	0.00634	0.13201	0.01022
11	0.81856	0.01250	0.00950	0.00850	0.01250	0.01449	0.00700	0.01899	0.01100	0.02899	0.00900	0.01050	0.00700	0.00600	0.00400	0.00200	0.00500	0.00350	0.00400	0.00700
12	0.59589	0.01274	0.01146	0.00966	0.01395	0.01407	0.00796	0.08612	0.01422	0.16314	0.01271	0.01313	0.00906	0.00654	0.00470	0.00199	0.00529	0.00428	0.00498	0.00812
13	0.00835	0.00640	0.00770	0.00826	0.00952	0.00589	0.00585	0.01065	0.04177	0.01892	0.17107	0.39586	0.25146	0.01735	0.00788	0.00237	0.00353	0.01529	0.00622	0.00566
14	0.02352	0.03094	0.05823	0.01674	0.02042	0.70646	0.01311	0.02551	0.01805	0.01607	0.01008	0.01176	0.00832	0.00663	0.00584	0.00169	0.01154	0.00420	0.00330	0.00760
15	0.01763	0.03367	0.01568	0.11260	0.01994	0.01124	0.01008	0.05679	0.04231	0.18590	0.01533	0.01635	0.01131	0.00624	0.00596	0.00152	0.02457	0.00497	0.00484	0.40306
16	0.01877	0.16964	0.13228	0.03867	0.18779	0.08138	0.04207	0.14595	0.03481	0.06974	0.01310	0.01474	0.01007	0.00643	0.00594	0.00184	0.00799	0.00518	0.00403	0.00956
17	0.00921	0.00653	0.00826	0.00826	0.00885	0.00689	0.00554	0.01019	0.01014	0.01380	0.02238	0.03735	0.07029	0.44866	0.29856	0.00752	0.01019	0.00877	0.00389	0.00472
18	0.01846	0.01904	0.04395	0.05525	0.28476	0.16473	0.17054	0.04826	0.04382	0.06843	0.01344	0.01611	0.01042	0.00625	0.00657	0.00195	0.00902	0.00593	0.00379	0.00928
19	0.01904	0.04168	0.06509	0.01131	0.01583	0.01095	0.00978	0.06944	0.08815	0.27552	0.18258	0.02552	0.02457	0.00857	0.00640	0.00185	0.00524	0.00710	0.00638	0.12500
20	0.26137	0.00821	0.00743	0.00699	0.00940	0.00877	0.00547	0.01689	0.01295	0.05262	0.01752	0.01982	0.01359	0.00707	0.00443	0.00168	0.00372	0.00526	0.53029	0.00651
21	0.01651	0.64428	0.15965	0.01237	0.01861	0.02368	0.01334	0.01955	0.01322	0.01614	0.00945	0.01095	0.00827	0.00564	0.00450	0.00150	0.00738	0.00369	0.00276	0.00852
22	0.00793	0.00575	0.00750	0.00888	0.00944	0.00533	0.00604	0.00915	0.01264	0.01666	0.03803	0.69020	0.09926	0.01985	0.00822	0.00260	0.00377	0.03749	0.00600	0.00529
23	0.01032	0.00738	0.01029	0.01164	0.01313	0.00734	0.01011	0.01330	0.01511	0.01980	0.08295	0.07116	0.03885	0.01752	0.00883	0.00291	0.00575	0.64162	0.00603	0.00596
24	0.01204	0.00602	0.00602	0.00602	0.00753	0.00602	0.00452	0.01506	0.01355	0.02409	0.02108	0.02409	0.01656	0.00753	0.00452	0.00151	0.00301	0.00602	0.80879	0.00602
25	0.00780	0.00632	0.00693	0.00728	0.00896	0.00545	0.00527	0.00941	0.01438	0.01781	0.10489	0.23953	0.50919	0.01712	0.00779	0.00228	0.00338	0.01469	0.00608	0.00545
26	0.01596	0.01712	0.01378	0.01286	0.01519	0.30576	0.00984	0.05603	0.01502	0.01695	0.01798	0.02215	0.06778	0.02690	0.35077	0.00577	0.01338	0.00627	0.00377	0.00673
27	0.01727	0.77681	0.03386	0.01106	0.01658	0.02557	0.01106	0.01935	0.01313	0.01520	0.00898	0.01036	0.00829	0.00553	0.00415	0.00138	0.00691	0.00345	0.00276	0.00829
28	0.01414	0.01414	0.01979	0.01696	0.01696	0.01979	0.01414	0.01555	0.00990	0.01555	0.00848	0.01414	0.00848	0.01131	0.02120	0.00283	0.76110	0.00565	0.00283	0.00707
29	0.00766	0.00644	0.00666	0.00683	0.00880	0.00543	0.00504	0.00924	0.01445	0.01734	0.06195	0.14510	0.64934	0.01682	0.00771	0.00223	0.00333	0.01419	0.00600	0.00543
30	0.02420	0.02901	0.01846	0.01640	0.01998	0.64494	0.01246	0.12200	0.02000	0.01931	0.01076	0.01219	0.00870	0.00681	0.00592	0.00170	0.01101	0.00439	0.00377	0.00798
31	0.00871	0.00622	0.00728	0.00778	0.00840	0.00591	0.00508	0.00952	0.01158	0.01498	0.03409	0.24243	0.16692	0.37626	0.01986	0.00429	0.00499	0.05598	0.00501	0.00470
32	0.01340	0.01148	0.01340	0.00957	0.01531	0.00861	0.00766	0.01627	0.01340	0.02105	0.01148	0.01340	0.00957	0.00479	0.00479	0.00096	0.00479	0.00383	0.00383	0.81242
33	0.81856	0.01250	0.00950	0.00850	0.01250	0.01449	0.00700	0.01899	0.01100	0.02899	0.00900	0.01050	0.00700	0.00600	0.00400	0.00200	0.00500	0.00350	0.00400	0.00700
34	0.00823	0.00582	0.00765	0.00898	0.00939	0.00552	0.00607	0.00935	0.01220	0.01624	0.03376	0.63616	0.04013	0.10685	0.01114	0.00307	0.00419	0.06437	0.00575	0.00514
35	0.02542	0.01094	0.01397	0.01105	0.01547	0.01012	0.00902	0.07134	0.06779	0.54375	0.02431	0.02204	0.01603	0.00797	0.00622	0.00194	0.00522	0.00645	0.12072	0.01024
36	0.81856	0.01250	0.00950	0.00850	0.01250	0.01449	0.00700	0.01899	0.01100	0.02899	0.00900	0.01050	0.00700	0.00600	0.00400	0.00200	0.00500	0.00350	0.00400	0.00700

[dist]
# distance from previous block
# <min> <max>
0	1

[block]
# block no. 4 follows, 34 sequences, length 40
# corresponding to MSA columns:
# 170-209
name=unknown_E
#
# <colnr> <probs for GDERKNQSTAVLIFYWHMCP>
#	G	D	E	R	K	N	Q	S	T	A	V	L	I	F	Y	W	H	M	C	P
0	0.01259	0.01244	0.01807	0.01592	0.04166	0.08929	0.19944	0.01585	0.04980	0.01791	0.02367	0.31412	0.02542	0.09824	0.01046	0.00277	0.00711	0.03385	0.00466	0.00673
1	0.01523	0.01596	0.01963	0.01693	0.01729	0.09939	0.01396	0.01667	0.01082	0.01558	0.00865	0.01386	0.00846	0.01080	0.01952	0.00270	0.67907	0.00549	0.00288	0.00711
2	0.01431	0.01146	0.01349	0.00968	0.01538	0.00866	0.00776	0.01716	0.01370	0.06287	0.01230	0.01390	0.00995	0.00497	0.00489	0.00102	0.00483	0.00398	0.00407	0.76562
3	0.00787	0.00562	0.00750	0.00900	0.00937	0.00525	0.00600	0.00900	0.01237	0.01649	0.03561	0.76871	0.04274	0.02024	0.00825	0.00262	0.00375	0.01837	0.00600	0.00525
4	0.01324	0.01241	0.02056	0.34731	0.32978	0.01354	0.01695	0.01705	0.01414	0.01908	0.05825	0.02232	0.07335	0.00739	0.00660	0.00205	0.00744	0.00676	0.00352	0.00826
5	0.81856	0.01250	0.00950	0.00850	0.01250	0.01449	0.00700	0.01899	0.01100	0.02899	0.00900	0.01050	0.00700	0.00600	0.00400	0.00200	0.00500	0.00350	0.00400	0.00700
6	0.01417	0.01235	0.03842	0.01040	0.01626	0.00906	0.02600	0.01725	0.01370	0.05510	0.01219	0.01392	0.00984	0.00500	0.00498	0.00107	0.00513	0.00408	0.00398	0.72710
7	0.02415	0.03032	0.01835	0.01658	0.01998	0.71993	0.01248	0.05130	0.01876	0.01674	0.01019	0.01180	0.00842	0.00670	0.00585	0.00167	0.01148	0.00422	0.00345	0.00762
8	0.00930	0.00634	0.00762	0.00794	0.00819	0.00636	0.00502	0.00985	0.01032	0.01379	0.02327	0.13017	0.02660	0.56868	0.07159	0.00578	0.00661	0.07385	0.00432	0.00438
9	0.01654	0.64947	0.15472	0.01232	0.01853	0.02376	0.01325	0.01954	0.01322	0.01610	0.00943	0.01093	0.00827	0.00563	0.00449	0.00150	0.00736	0.00368	0.00276	0.00851
10	0.01344	0.11568	0.66137	0.01760	0.02671	0.01617	0.02245	0.02034	0.01358	0.01988	0.01131	0.01328	0.00820	0.00607	0.00592	0.00197	0.00926	0.00463	0.00273	0.00941
11	0.01038	0.02512	0.05162	0.00992	0.01211	0.00894	0.00814	0.01497	0.10516	0.01925	0.13250	0.05443	0.12337	0.06181	0.28629	0.00539	0.00933	0.00882	0.04592	0.00653
12	0.81856	0.01250	0.00950	0.00850	0.01250	0.01449	0.00700	0.01899	0.01100	0.02899	0.00900	0.01050	0.00700	0.00600	0.00400	0.00200	0.00500	0.00350	0.00400	0.00700
13	0.01400	0.01184	0.01372	0.00985	0.01557	0.00922	0.00790	0.05346	0.01431	0.02211	0.01170	0.01351	0.00965	0.00494	0.00487	0.00101	0.00491	0.00393	0.00397	0.76953
14	0.01220	0.01148	0.01938	0.75739	0.04450	0.01436	0.01794	0.01651	0.01292	0.01651	0.01148	0.01723	0.00861	0.00646	0.00646	0.00215	0.00861	0.00574	0.00287	0.00718
15	0.00940	0.00626	0.00705	0.00705	0.00705	0.00626	0.00392	0.00940	0.00940	0.01253	0.02036	0.04228	0.02349	0.77292	0.03289	0.00626	0.00626	0.00940	0.00392	0.00392
16	0.00902	0.00747	0.01228	0.01184	0.01318	0.00698	0.11580	0.01082	0.01282	0.01715	0.03209	0.65139	0.03759	0.01793	0.00815	0.00255	0.00486	0.01669	0.00557	0.00579
17	0.02338	0.01117	0.01442	0.01080	0.01607	0.00918	0.00883	0.02601	0.01666	0.47928	0.02045	0.01890	0.01368	0.00684	0.00588	0.00162	0.00524	0.00554	0.00650	0.29955
18	0.00947	0.00722	0.00891	0.00984	0.01097	0.00726	0.00709	0.01362	0.12864	0.01857	0.03568	0.53234	0.07853	0.01789	0.00801	0.00256	0.00418	0.08698	0.00609	0.00615
19	0.02392	0.01778	0.01903	0.01474	0.01979	0.01974	0.01212	0.65951	0.08299	0.03968	0.01633	0.01617	0.01165	0.00783	0.00647	0.00196	0.00696	0.00593	0.00647	0.01093
20	0.01727	0.77681	0.03386	0.01106	0.01658	0.02557	0.01106	0.01935	0.01313	0.01520	0.00898	0.01036	0.00829	0.00553	0.00415	0.00138	0.00691	0.00345	0.00276	0.00829
21	0.10951	0.01146	0.01456	0.01134	0.01621	0.01054	0.00935	0.05198	0.03881	0.62125	0.02350	0.02067	0.01502	0.00781	0.00624	0.00200	0.00549	0.00619	0.00750	0.01056
22	0.00923	0.00692	0.01038	0.01038	0.01154	0.00808	0.00808	0.01154	0.01038	0.01500	0.01731	0.02538	0.01615	0.04846	0.74732	0.01038	0.01731	0.00692	0.00346	0.00577
23	0.01766	0.73639	0.03309	0.01126	0.01677	0.02527	0.01112	0.05620	0.01405	0.01656	0.00933	0.01064	0.00844	0.00565	0.00427	0.00141	0.00692	0.00358	0.00296	0.00844
24	0.00829	0.00611	0.00813	0.00931	0.00964	0.00608	0.00631	0.00937	0.01207	0.01621	0.03328	0.68608	0.03979	0.06373	0.01038	0.00285	0.04425	0.01717	0.00571	0.00527
25	0.14801	0.11315	0.35640	0.01760	0.08246	0.01639	0.05710	0.07348	0.01477	0.02307	0.03368	0.01438	0.01013	0.00632	0.00573	0.00195	0.00801	0.00495	0.00344	0.00899
26	0.00795	0.00566	0.00747	0.00889	0.00925	0.00530	0.00589	0.00902	0.01221	0.01628	0.03480	0.72983	0.04171	0.06053	0.00957	0.00282	0.00388	0.01789	0.00589	0.00518
27	0.01220	0.01148	0.01938	0.75739	0.04450	0.01436	0.01794	0.01651	0.01292	0.01651	0.01148	0.01723	0.00861	0.00646	0.00646	0.00215	0.00861	0.00574	0.00287	0.00718
28	0.01580	0.01543	0.02715	0.06194	0.64285	0.01541	0.08611	0.01980	0.01471	0.02092	0.01222	0.01617	0.01014	0.00575	0.00652	0.00195	0.00802	0.00594	0.00319	0.00999
29	0.00787	0.00562	0.00750	0.00900	0.00937	0.00525	0.00600	0.00900	0.01237	0.01649	0.03561	0.76871	0.04274	0.02024	0.00825	0.00262	0.00375	0.01837	0.00600	0.00525
30	0.00796	0.00569	0.00760	0.00910	0.00951	0.00532	0.00615	0.00915	0.01246	0.01659	0.03556	0.74460	0.04254	0.02016	0.00827	0.00264	0.00382	0.04160	0.00600	0.00527
31	0.00938	0.00633	0.00739	0.00739	0.00751	0.00645	0.00434	0.00962	0.00950	0.01278	0.02005	0.04055	0.02274	0.69857	0.10621	0.00669	0.00740	0.00914	0.00387	0.00411
32	0.03551	0.01624	0.04726	0.10526	0.24373	0.03802	0.20028	0.09072	0.04522	0.09230	0.01438	0.01704	0.01077	0.00633	0.00668	0.00203	0.00838	0.00626	0.00412	0.00947
33	0.01580	0.01508	0.02526	0.07489	0.65935	0.01534	0.01922	0.02043	0.05225	0.02119	0.01287	0.01649	0.01066	0.00595	0.00641	0.00195	0.00759	0.00584	0.00336	0.01008
34	0.01323	0.01190	0.01968	0.15276	0.16835	0.01347	0.09082	0.01539	0.01199	0.01667	0.01304	0.02170	0.01219	0.07699	0.01506	0.13196	0.16431	0.04038	0.00321	0.00691
35	0.01793	0.04199	0.07618	0.08866	0.31331	0.09578	0.07864	0.05861	0.03308	0.09444	0.01422	0.03330	0.01124	0.00665	0.00642	0.00196	0.00819	0.00601	0.00396	0.00943
36	0.01348	0.07232	0.61357	0.01911	0.02806	0.01575	0.10825	0.02043	0.01381	0.02020	0.01164	0.01393	0.00839	0.00602	0.00621	0.00203	0.00957	0.00506	0.00280	0.00938
37	0.00787	0.00562	0.00750	0.00900	0.00937	0.00525	0.00600	0.00900	0.01237	0.01649	0.03561	0.76871	0.04274	0.02024	0.00825	0.00262	0.00375	0.01837	0.00600	0.00525
38	0.34387	0.01588	0.01782	0.02144	0.26913	0.11223	0.03847	0.02049	0.01379	0.05248	0.01181	0.03462	0.00979	0.00646	0.00545	0.00195	0.00704	0.00508	0.00382	0.00839
39	0.00836	0.00655	0.00769	0.00839	0.00999	0.00588	0.00648	0.01020	0.01423	0.01769	0.05119	0.22460	0.40798	0.01760	0.00808	0.00247	0.00402	0.17708	0.00599	0.00553

[dist]
# distance from previous block
# <min> <max>
0	2

[block]
# block no. 5 follows, 34 sequences, length 110
# corresponding to MSA columns:
# 212-321
name=unknown_F
#
# <colnr> <probs for GDERKNQSTAVLIFYWHMCP>
#	G	D	E	R	K	N	Q	S	T	A	V	L	I	F	Y	W	H	M	C	P
0	0.01705	0.16145	0.24746	0.05619	0.04766	0.07992	0.10438	0.04233	0.03273	0.08710	0.01290	0.01472	0.00968	0.00634	0.00630	0.00188	0.02536	0.00517	0.00362	0.03777
1	0.01220	0.01148	0.01938	0.75739	0.04450	0.01436	0.01794	0.01651	0.01292	0.01651	0.01148	0.01723	0.00861	0.00646	0.00646	0.00215	0.00861	0.00574	0.00287	0.00718
2	0.01562	0.01386	0.01689	0.06531	0.15355	0.05709	0.01143	0.04003	0.09782	0.04525	0.01384	0.01563	0.01100	0.00585	0.00558	0.00147	0.00614	0.00489	0.00415	0.41461
3	0.00783	0.00579	0.00732	0.00854	0.00925	0.00529	0.00580	0.00905	0.01281	0.01667	0.04114	0.63796	0.16992	0.01953	0.00813	0.00254	0.00366	0.01749	0.00600	0.00529
4	0.01384	0.01366	0.01911	0.03463	0.01712	0.01895	0.01369	0.01525	0.00994	0.01542	0.00918	0.01569	0.00927	0.05107	0.02145	0.00299	0.70309	0.00585	0.00289	0.00691
5	0.01296	0.03342	0.73944	0.01842	0.02797	0.01501	0.02387	0.02046	0.01364	0.02046	0.01160	0.01364	0.00818	0.00614	0.00614	0.00205	0.00955	0.00477	0.00273	0.00955
6	0.81856	0.01250	0.00950	0.00850	0.01250	0.01449	0.00700	0.01899	0.01100	0.02899	0.00900	0.01050	0.00700	0.00600	0.00400	0.00200	0.00500	0.00350	0.00400	0.00700
7	0.01353	0.01126	0.01239	0.01129	0.01420	0.01246	0.00870	0.02627	0.46814	0.02632	0.25535	0.03329	0.05847	0.01048	0.00695	0.00214	0.00438	0.00895	0.00673	0.00872
8	0.00923	0.00692	0.01038	0.01038	0.01154	0.00808	0.00808	0.01154	0.01038	0.01500	0.01731	0.02538	0.01615	0.04846	0.74732	0.01038	0.01731	0.00692	0.00346	0.00577
9	0.01858	0.01167	0.01347	0.01172	0.01526	0.01229	0.00934	0.08375	0.30451	0.20924	0.04819	0.03007	0.04424	0.04291	0.00786	0.00233	0.00526	0.06937	0.05061	0.00931
10	0.01016	0.00775	0.00998	0.00950	0.00977	0.00897	0.00661	0.01094	0.00971	0.01361	0.01764	0.03359	0.01925	0.47575	0.19685	0.00664	0.13658	0.00819	0.00363	0.00488
11	0.01106	0.00703	0.00925	0.00845	0.01031	0.00643	0.00643	0.01406	0.01831	0.09466	0.66118	0.04573	0.05662	0.01271	0.00751	0.00203	0.00329	0.01118	0.00720	0.00657
12	0.02274	0.01703	0.01866	0.01456	0.01897	0.01917	0.01192	0.60843	0.02734	0.03683	0.01521	0.01705	0.01155	0.05531	0.00935	0.00228	0.07136	0.00602	0.00600	0.01022
13	0.81856	0.01250	0.00950	0.00850	0.01250	0.01449	0.00700	0.01899	0.01100	0.02899	0.00900	0.01050	0.00700	0.00600	0.00400	0.00200	0.00500	0.00350	0.00400	0.00700
14	0.01340	0.01148	0.01340	0.00957	0.01531	0.00861	0.00766	0.01627	0.01340	0.02105	0.01148	0.01340	0.00957	0.00479	0.00479	0.00096	0.00479	0.00383	0.00383	0.81242
15	0.01607	0.01388	0.01461	0.01315	0.01680	0.01607	0.01023	0.03433	0.72094	0.02703	0.02630	0.02411	0.01972	0.00877	0.00657	0.00219	0.00511	0.00731	0.00657	0.01023
16	0.00938	0.00633	0.00739	0.00739	0.00751	0.00645	0.00435	0.00962	0.00950	0.01278	0.02004	0.04053	0.02273	0.69776	0.10701	0.00669	0.00741	0.00914	0.00387	0.00411
17	0.01296	0.03342	0.73944	0.01842	0.02797	0.01501	0.02387	0.02046	0.01364	0.02046	0.01160	0.01364	0.00818	0.00614	0.00614	0.00205	0.00955	0.00477	0.00273	0.00955
18	0.01956	0.01561	0.01657	0.01385	0.01813	0.01770	0.01107	0.31213	0.43747	0.03265	0.02187	0.02058	0.01614	0.00835	0.00653	0.00209	0.00593	0.00669	0.00653	0.01054
19	0.01220	0.01148	0.01938	0.75739	0.04450	0.01436	0.01794	0.01651	0.01292	0.01651	0.01148	0.01723	0.00861	0.00646	0.00646	0.00215	0.00861	0.00574	0.00287	0.00718
20	0.02899	0.01100	0.01499	0.01150	0.01649	0.00950	0.00950	0.03149	0.01849	0.73709	0.02549	0.02199	0.01599	0.00800	0.00650	0.00200	0.00550	0.00650	0.00800	0.01100
21	0.01296	0.03342	0.73944	0.01842	0.02797	0.01501	0.02387	0.02046	0.01364	0.02046	0.01160	0.01364	0.00818	0.00614	0.00614	0.00205	0.00955	0.00477	0.00273	0.00955
22	0.02364	0.01597	0.01758	0.01362	0.01842	0.01720	0.01120	0.54979	0.02732	0.13180	0.04763	0.01939	0.03567	0.00827	0.00649	0.00195	0.00649	0.00639	0.03071	0.01047
23	0.01245	0.01173	0.01982	0.71109	0.08890	0.01442	0.01807	0.01672	0.01304	0.01681	0.01153	0.01715	0.00872	0.00641	0.00646	0.00214	0.00855	0.00574	0.00289	0.00737
24	0.00973	0.00690	0.00933	0.01048	0.01154	0.00685	0.00843	0.01191	0.01358	0.01789	0.05541	0.18863	0.03623	0.13317	0.03593	0.00361	0.00587	0.42340	0.00561	0.00552
25	0.00783	0.00629	0.00701	0.00751	0.00909	0.00547	0.00545	0.00938	0.01408	0.01742	0.07179	0.28318	0.47724	0.01754	0.00787	0.00234	0.00350	0.03556	0.00603	0.00542
26	0.01308	0.01265	0.01999	0.60910	0.06870	0.03679	0.03712	0.01773	0.04278	0.01718	0.01195	0.01712	0.00916	0.00680	0.00737	0.00217	0.05396	0.00581	0.00306	0.00748
27	0.03463	0.01040	0.01154	0.01165	0.03369	0.06600	0.00879	0.08257	0.01630	0.10911	0.05178	0.25523	0.08498	0.01430	0.00748	0.00236	0.00544	0.15789	0.02876	0.00709
28	0.01077	0.00702	0.00886	0.00926	0.01069	0.00659	0.00692	0.02941	0.01428	0.07946	0.08268	0.31713	0.14908	0.09415	0.01056	0.00288	0.00454	0.14372	0.00603	0.00597
29	0.81856	0.01250	0.00950	0.00850	0.01250	0.01449	0.00700	0.01899	0.01100	0.02899	0.00900	0.01050	0.00700	0.00600	0.00400	0.00200	0.00500	0.00350	0.00400	0.00700
30	0.54721	0.01237	0.01150	0.00973	0.01400	0.01349	0.00798	0.04511	0.05412	0.20873	0.01438	0.01435	0.01013	0.00672	0.00486	0.00201	0.00520	0.00455	0.00524	0.00832
31	0.01695	0.72922	0.03214	0.01075	0.01602	0.02436	0.01065	0.01908	0.01315	0.01575	0.00973	0.01121	0.00880	0.00565	0.00417	0.00139	0.00667	0.00361	0.05253	0.00815
32	0.02411	0.01111	0.01408	0.01116	0.01542	0.01044	0.00908	0.12219	0.03982	0.47253	0.11767	0.02481	0.02145	0.00865	0.00650	0.00196	0.00520	0.00708	0.06679	0.00995
33	0.00914	0.00660	0.00864	0.00813	0.00965	0.00610	0.00610	0.01219	0.01829	0.02591	0.72921	0.04827	0.06097	0.01321	0.00762	0.00203	0.00305	0.01169	0.00711	0.00610
34	0.81856	0.01250	0.00950	0.00850	0.01250	0.01449	0.00700	0.01899	0.01100	0.02899	0.00900	0.01050	0.00700	0.00600	0.00400	0.00200	0.00500	0.00350	0.00400	0.00700
35	0.01041	0.00744	0.01041	0.01190	0.01339	0.00744	0.01041	0.01339	0.01487	0.01934	0.03421	0.07288	0.03719	0.01785	0.00892	0.00297	0.00595	0.68913	0.00595	0.00595
36	0.02456	0.01810	0.01939	0.01487	0.02004	0.02004	0.01228	0.71107	0.03038	0.04072	0.01551	0.01551	0.01099	0.00776	0.00646	0.00194	0.00711	0.00582	0.00646	0.01099
37	0.01607	0.01388	0.01461	0.01315	0.01680	0.01607	0.01023	0.03433	0.72094	0.02703	0.02630	0.02411	0.01972	0.00877	0.00657	0.00219	0.00511	0.00731	0.00657	0.01023
38	0.00905	0.00660	0.00851	0.00803	0.00960	0.00606	0.00602	0.01201	0.01807	0.02539	0.68822	0.04912	0.10228	0.01340	0.00762	0.00204	0.00306	0.01181	0.00704	0.00606
39	0.01340	0.01148	0.01340	0.00957	0.01531	0.00861	0.00766	0.01627	0.01340	0.02105	0.01148	0.01340	0.00957	0.00479	0.00479	0.00096	0.00479	0.00383	0.00383	0.81242
40	0.01296	0.03342	0.73944	0.01842	0.02797	0.01501	0.02387	0.02046	0.01364	0.02046	0.01160	0.01364	0.00818	0.00614	0.00614	0.00205	0.00955	0.00477	0.00273	0.00955
41	0.00905	0.00660	0.00851	0.00803	0.00960	0.00606	0.00602	0.01201	0.01807	0.02538	0.68766	0.04914	0.10284	0.01341	0.00762	0.00204	0.00306	0.01181	0.00704	0.00606
42	0.00816	0.00674	0.00718	0.00715	0.00917	0.00589	0.00533	0.01052	0.03833	0.01899	0.16240	0.10246	0.56334	0.01588	0.00764	0.00219	0.00333	0.01343	0.00619	0.00570
43	0.00956	0.00722	0.00890	0.00837	0.01016	0.00687	0.00631	0.01374	0.07780	0.02503	0.59263	0.04781	0.13469	0.01319	0.00753	0.00206	0.00325	0.01154	0.00694	0.00637
44	0.02899	0.01100	0.01499	0.01150	0.01649	0.00950	0.00950	0.03149	0.01849	0.73709	0.02549	0.02199	0.01599	0.00800	0.00650	0.00200	0.00550	0.00650	0.00800	0.01100
