[name]
unknown

[dist]
# distance from previous block
# <min> <max>
0	48

[block]
# block no. 0 follows, 33 sequences, length 6
# corresponding to MSA columns:
# 49-54
name=unknown_A
#
# <colnr> <probs for GDERKNQSTAVLIFYWHMCP>
#	G	D	E	R	K	N	Q	S	T	A	V	L	I	F	Y	W	H	M	C	P
0	0.12962	0.01013	0.01159	0.01031	0.01341	0.01022	0.00820	0.08016	0.07519	0.17120	0.19269	0.09343	0.09070	0.01169	0.00697	0.00220	0.00475	0.06293	0.00660	0.00802
1	0.00802	0.00573	0.00764	0.00917	0.00955	0.00535	0.00611	0.00917	0.01260	0.01681	0.03628	0.76434	0.04354	0.02062	0.00840	0.00267	0.00382	0.01872	0.00611	0.00535
2	0.01629	0.01564	0.02672	0.04041	0.72757	0.01564	0.02020	0.02020	0.01499	0.02151	0.01238	0.01629	0.01043	0.00587	0.00652	0.00196	0.00782	0.00587	0.00326	0.01043
3	0.01243	0.01170	0.01975	0.75282	0.04534	0.01463	0.01828	0.01682	0.01316	0.01682	0.01170	0.01755	0.00878	0.00658	0.00658	0.00219	0.00878	0.00585	0.00293	0.00731
4	0.01588	0.01522	0.02597	0.11693	0.65429	0.01553	0.02000	0.01984	0.01479	0.02100	0.01231	0.01643	0.01025	0.00594	0.00652	0.00198	0.00792	0.00586	0.00322	0.01009
5	0.01739	0.01743	0.02195	0.02577	0.33224	0.13542	0.05153	0.05883	0.01615	0.02169	0.01207	0.01486	0.00993	0.00584	0.00603	0.00165	0.00781	0.00515	0.00365	0.23461

[dist]
# distance from previous block
# <min> <max>
3	15

[block]
# block no. 1 follows, 33 sequences, length 16
# corresponding to MSA columns:
# 70-85
name=unknown_B
#
# <colnr> <probs for GDERKNQSTAVLIFYWHMCP>
#	G	D	E	R	K	N	Q	S	T	A	V	L	I	F	Y	W	H	M	C	P
0	0.04481	0.06031	0.04162	0.01875	0.04941	0.08208	0.22557	0.07678	0.07661	0.06124	0.01770	0.07378	0.03465	0.03083	0.00895	0.00229	0.07412	0.00753	0.00441	0.00856
1	0.00805	0.00586	0.00760	0.00890	0.00950	0.00540	0.00601	0.00933	0.01308	0.01731	0.06883	0.66936	0.10659	0.01995	0.00832	0.00261	0.00374	0.01798	0.00616	0.00540
2	0.01320	0.03405	0.73453	0.01876	0.02849	0.01529	0.02432	0.02085	0.01390	0.02085	0.01181	0.01390	0.00834	0.00625	0.00625	0.00208	0.00973	0.00486	0.00278	0.00973
3	0.02769	0.01079	0.01469	0.01140	0.01617	0.00936	0.00936	0.03029	0.01882	0.66766	0.08975	0.02485	0.02048	0.00863	0.00672	0.00204	0.00537	0.00710	0.00807	0.01075
4	0.16564	0.02452	0.42440	0.01517	0.02272	0.01382	0.01756	0.02332	0.01461	0.19647	0.01479	0.01539	0.01006	0.00669	0.00594	0.00206	0.00786	0.00505	0.00433	0.00961
5	0.00778	0.00667	0.00667	0.00667	0.00889	0.00556	0.00500	0.00945	0.01501	0.01778	0.06669	0.06336	0.72490	0.01667	0.00778	0.00222	0.00333	0.01389	0.00611	0.00556
6	0.01629	0.01564	0.02672	0.04041	0.72757	0.01564	0.02020	0.02020	0.01499	0.02151	0.01238	0.01629	0.01043	0.00587	0.00652	0.00196	0.00782	0.00587	0.00326	0.01043
7	0.01243	0.01170	0.01975	0.75282	0.04534	0.01463	0.01828	0.01682	0.01316	0.01682	0.01170	0.01755	0.00878	0.00658	0.00658	0.00219	0.00878	0.00585	0.00293	0.00731
8	0.00932	0.00673	0.00880	0.00828	0.00984	0.00621	0.00621	0.01242	0.01863	0.02640	0.72410	0.04918	0.06212	0.01346	0.00776	0.00207	0.00311	0.01191	0.00725	0.00621
9	0.02954	0.01120	0.01528	0.01171	0.01681	0.00968	0.00968	0.03208	0.01884	0.73213	0.02597	0.02241	0.01630	0.00815	0.00662	0.00204	0.00560	0.00662	0.00815	0.01120
10	0.00802	0.00573	0.00764	0.00917	0.00955	0.00535	0.00611	0.00917	0.01260	0.01681	0.03628	0.76434	0.04354	0.02062	0.00840	0.00267	0.00382	0.01872	0.00611	0.00535
11	0.01756	0.36231	0.21706	0.01578	0.04705	0.16160	0.01553	0.02110	0.01442	0.01728	0.01015	0.01213	0.00851	0.00635	0.00613	0.00174	0.04949	0.00423	0.00294	0.00864
12	0.01721	0.70762	0.09608	0.01192	0.01792	0.02510	0.01241	0.01981	0.01342	0.01596	0.00939	0.01085	0.00844	0.00569	0.00440	0.00147	0.00728	0.00364	0.00281	0.00856
13	0.01870	0.31649	0.16338	0.01294	0.01860	0.08545	0.01300	0.02200	0.01554	0.15889	0.07328	0.01884	0.04192	0.00742	0.00568	0.00178	0.00728	0.00554	0.00440	0.00887
14	0.03881	0.15459	0.24635	0.01334	0.01918	0.01515	0.01396	0.08631	0.06158	0.06974	0.06571	0.06315	0.08081	0.00877	0.00622	0.00197	0.00680	0.00699	0.00462	0.03594
15	0.06914	0.12425	0.18522	0.01493	0.04433	0.03893	0.07617	0.04481	0.01492	0.07725	0.01831	0.05156	0.06536	0.00889	0.02756	0.00212	0.00752	0.00634	0.03051	0.09187

[dist]
# distance from previous block
# <min> <max>
0	63

[block]
# block no. 2 follows, 33 sequences, length 80
# corresponding to MSA columns:
# 153-232
name=unknown_C
#
# <colnr> <probs for GDERKNQSTAVLIFYWHMCP>
#	G	D	E	R	K	N	Q	S	T	A	V	L	I	F	Y	W	H	M	C	P
0	0.06897	0.09227	0.11683	0.01651	0.07240	0.04610	0.07779	0.13878	0.06717	0.09534	0.01721	0.03602	0.03518	0.02400	0.00678	0.00202	0.00731	0.00617	0.00474	0.06841
1	0.04266	0.04849	0.08025	0.06730	0.10732	0.06580	0.02867	0.09975	0.11614	0.09605	0.03753	0.05051	0.05019	0.00837	0.00646	0.00200	0.00691	0.01944	0.00502	0.06114
2	0.07301	0.15408	0.09120	0.01590	0.06858	0.15876	0.01302	0.08950	0.19508	0.05511	0.01571	0.01614	0.01207	0.00713	0.00587	0.00190	0.00766	0.00532	0.00462	0.00935
3	0.08209	0.08344	0.05785	0.04784	0.01970	0.18457	0.06765	0.06860	0.08121	0.02114	0.05361	0.03633	0.04451	0.04006	0.00887	0.00223	0.08168	0.00644	0.00423	0.00796
4	0.01385	0.12406	0.01683	0.03032	0.04859	0.03550	0.03875	0.04706	0.08836	0.03959	0.17577	0.04789	0.14499	0.01042	0.00736	0.00199	0.04245	0.00860	0.03656	0.04105
5	0.01768	0.18165	0.12540	0.03187	0.08272	0.05302	0.01354	0.17798	0.01802	0.02427	0.01342	0.01494	0.02672	0.00644	0.00564	0.00164	0.00725	0.00490	0.00408	0.18883
6	0.01796	0.36547	0.02654	0.14190	0.02315	0.12313	0.04199	0.08057	0.06540	0.01909	0.01203	0.01452	0.01002	0.02534	0.00613	0.00185	0.00807	0.00484	0.00357	0.00842
7	0.01310	0.06265	0.01657	0.01350	0.01530	0.06739	0.04384	0.04172	0.01267	0.01705	0.01818	0.05367	0.06416	0.02628	0.30571	0.00566	0.20478	0.00724	0.00370	0.00683
8	0.00980	0.00710	0.00831	0.00785	0.00993	0.00633	0.00594	0.01260	0.03378	0.05769	0.37564	0.05365	0.35816	0.01454	0.00769	0.00214	0.00338	0.01243	0.00677	0.00627
9	0.01625	0.01662	0.01899	0.01641	0.01732	0.12846	0.01334	0.06286	0.01277	0.01744	0.01021	0.01576	0.00973	0.04377	0.04691	0.00309	0.53369	0.00575	0.00328	0.00735
10	0.00833	0.00601	0.00796	0.00941	0.01003	0.00564	0.00662	0.00974	0.01304	0.01722	0.03763	0.64278	0.07698	0.02012	0.00846	0.00270	0.00408	0.10171	0.00611	0.00545
11	0.01243	0.01170	0.01975	0.75282	0.04534	0.01463	0.01828	0.01682	0.01316	0.01682	0.01170	0.01755	0.00878	0.00658	0.00658	0.00219	0.00878	0.00585	0.00293	0.00731
12	0.01016	0.00734	0.01005	0.01146	0.01291	0.00722	0.00978	0.01292	0.01490	0.01929	0.03725	0.13912	0.08714	0.01831	0.00893	0.00294	0.00566	0.57260	0.00607	0.00596
13	0.00802	0.00573	0.00764	0.00917	0.00955	0.00535	0.00611	0.00917	0.01260	0.01681	0.03628	0.76434	0.04354	0.02062	0.00840	0.00267	0.00382	0.01872	0.00611	0.00535
14	0.01227	0.00614	0.00614	0.00614	0.00767	0.00614	0.00460	0.01534	0.01381	0.02454	0.02148	0.02454	0.01687	0.00767	0.00460	0.00153	0.00307	0.00614	0.80518	0.00614
15	0.00908	0.00661	0.00845	0.00959	0.01032	0.00644	0.00656	0.03926	0.04283	0.01828	0.03503	0.70215	0.04121	0.01960	0.00826	0.00263	0.00402	0.01771	0.00616	0.00580
16	0.00943	0.00680	0.00896	0.00862	0.01017	0.00633	0.00660	0.01253	0.01833	0.02581	0.66345	0.05138	0.05998	0.01387	0.00788	0.00216	0.00337	0.07099	0.00714	0.00620
17	0.01646	0.01538	0.02541	0.12169	0.59788	0.01586	0.01943	0.06841	0.01591	0.02238	0.01255	0.01641	0.01029	0.00609	0.00653	0.00198	0.00789	0.00587	0.00346	0.01012
18	0.01510	0.14108	0.21777	0.02136	0.02775	0.01826	0.32196	0.02009	0.01402	0.01942	0.01163	0.01515	0.00913	0.00656	0.00870	0.00215	0.11198	0.00606	0.00304	0.00880
19	0.02954	0.01120	0.01528	0.01171	0.01681	0.00968	0.00968	0.03208	0.01884	0.73213	0.02597	0.02241	0.01630	0.00815	0.00662	0.00204	0.00560	0.00662	0.00815	0.01120
20	0.02503	0.01844	0.01976	0.01515	0.02042	0.02042	0.01251	0.70562	0.03095	0.04149	0.01581	0.01581	0.01120	0.00790	0.00659	0.00198	0.00724	0.00593	0.00659	0.01120
21	0.01071	0.00759	0.01065	0.01278	0.07439	0.00725	0.00891	0.01291	0.01441	0.05454	0.06924	0.35566	0.08469	0.01729	0.00830	0.00263	0.00492	0.23076	0.00600	0.00638
22	0.00853	0.00670	0.00770	0.00745	0.00935	0.00587	0.00559	0.01089	0.01677	0.02196	0.38558	0.05648	0.40340	0.01511	0.00777	0.00215	0.00322	0.01293	0.00666	0.00587
23	0.00932	0.00673	0.00880	0.00828	0.00984	0.00621	0.00621	0.01242	0.01863	0.02640	0.72410	0.04918	0.06212	0.01346	0.00776	0.00207	0.00311	0.01191	0.00725	0.00621
24	0.81514	0.01273	0.00968	0.00866	0.01273	0.01477	0.00713	0.01935	0.01120	0.02954	0.00917	0.01069	0.00713	0.00611	0.00407	0.00204	0.00509	0.00356	0.00407	0.00713
25	0.08495	0.01312	0.01657	0.01344	0.01621	0.01498	0.01106	0.01684	0.01180	0.03716	0.01032	0.01398	0.00913	0.00836	0.01315	0.00204	0.37782	0.00486	0.00352	0.32067
26	0.11153	0.01483	0.02355	0.10272	0.52665	0.01576	0.01804	0.01947	0.01401	0.02162	0.01167	0.01561	0.00975	0.00636	0.00730	0.00205	0.06067	0.00558	0.00330	0.00951
27	0.81514	0.01273	0.00968	0.00866	0.01273	0.01477	0.00713	0.01935	0.01120	0.02954	0.00917	0.01069	0.00713	0.00611	0.00407	0.00204	0.00509	0.00356	0.00407	0.00713
28	0.01578	0.16591	0.47465	0.06864	0.02625	0.01660	0.01986	0.02161	0.01430	0.09898	0.01290	0.01449	0.00928	0.00637	0.00594	0.00196	0.00871	0.00488	0.00340	0.00949
29	0.01737	0.01533	0.01839	0.21967	0.11054	0.07749	0.01408	0.08380	0.28736	0.05939	0.01855	0.01973	0.01391	0.00761	0.00657	0.00211	0.00726	0.00638	0.00503	0.00944
30	0.00792	0.00667	0.00686	0.00681	0.00898	0.00562	0.00511	0.00971	0.01532	0.01854	0.12454	0.06211	0.66658	0.01639	0.00778	0.00221	0.00331	0.01372	0.00621	0.00562
31	0.02405	0.01950	0.01839	0.01482	0.01948	0.14872	0.01193	0.44890	0.09806	0.08402	0.01679	0.01669	0.01213	0.00782	0.00643	0.00194	0.00764	0.00583	0.02650	0.01035
32	0.01496	0.01478	0.02379	0.31472	0.34610	0.04610	0.05247	0.01887	0.01410	0.01902	0.01180	0.01653	0.00955	0.00658	0.00768	0.00212	0.06306	0.00588	0.00311	0.00879
33	0.00818	0.00674	0.00725	0.00748	0.00952	0.00581	0.00576	0.01003	0.01504	0.01825	0.08285	0.09400	0.59215	0.01692	0.00796	0.00233	0.00367	0.09426	0.00614	0.00563
34	0.01629	0.01564	0.02672	0.04041	0.72757	0.01564	0.02020	0.02020	0.01499	0.02151	0.01238	0.01629	0.01043	0.00587	0.00652	0.00196	0.00782	0.00587	0.00326	0.01043
35	0.02174	0.01985	0.12018	0.05372	0.05180	0.13483	0.06280	0.17424	0.03712	0.19673	0.01744	0.05049	0.01301	0.00782	0.00661	0.00202	0.00813	0.00640	0.00533	0.00973
36	0.05382	0.13525	0.35140	0.01499	0.02165	0.01528	0.04554	0.02083	0.07947	0.05176	0.07534	0.03834	0.05318	0.00795	0.00622	0.00202	0.00754	0.00643	0.00409	0.00888
37	0.01664	0.01428	0.01504	0.01345	0.01722	0.01650	0.01049	0.05588	0.69434	0.02797	0.02645	0.02429	0.01982	0.00890	0.00670	0.00222	0.00527	0.00740	0.00670	0.01044
38	0.05798	0.04508	0.02058	0.01699	0.05486	0.20692	0.06129	0.34420	0.02291	0.02910	0.01357	0.01586	0.01067	0.04484	0.00797	0.00214	0.02518	0.00561	0.00492	0.00935
39	0.01784	0.01381	0.01493	0.01321	0.01708	0.01563	0.01034	0.03466	0.63788	0.10620	0.02670	0.02432	0.01967	0.00884	0.00669	0.00221	0.00525	0.00735	0.00686	0.01051
40	0.01299	0.01227	0.02076	0.64944	0.14433	0.01477	0.01856	0.01731	0.01343	0.01750	0.01180	0.01737	0.00902	0.00648	0.00657	0.00216	0.00864	0.00585	0.00297	0.00777
41	0.00789	0.00667	0.00682	0.00678	0.00896	0.00560	0.00509	0.00966	0.01526	0.01840	0.11330	0.06235	0.67791	0.01644	0.00778	0.00221	0.00332	0.01375	0.00619	0.00560
42	0.02387	0.03017	0.01876	0.01698	0.02013	0.69102	0.01284	0.02555	0.01805	0.01609	0.01007	0.01205	0.00849	0.00712	0.00705	0.00178	0.06467	0.00435	0.00336	0.00760
43	0.00920	0.00672	0.00864	0.00816	0.00976	0.00616	0.00612	0.01219	0.01835	0.02573	0.67326	0.05027	0.11337	0.01371	0.00777	0.00208	0.00312	0.01206	0.00716	0.00616
44	0.02503	0.01844	0.01976	0.01515	0.02042	0.02042	0.01251	0.70562	0.03095	0.04149	0.01581	0.01581	0.01120	0.00790	0.00659	0.00198	0.00724	0.00593	0.00659	0.01120
45	0.01734	0.37444	0.26356	0.01435	0.02108	0.10088	0.01554	0.02130	0.01442	0.05298	0.01109	0.01253	0.00886	0.00606	0.00524	0.00168	0.00831	0.00422	0.00318	0.04295
46	0.02459	0.03138	0.01866	0.01696	0.02035	0.74221	0.01272	0.02629	0.01866	0.01611	0.01018	0.01187	0.00848	0.00678	0.00594	0.00170	0.01187	0.00424	0.00339	0.00763
47	0.01116	0.00868	0.00886	0.00841	0.01073	0.04570	0.00634	0.03960	0.01643	0.07053	0.15916	0.12337	0.43663	0.01509	0.00761	0.00219	0.00411	0.01272	0.00631	0.00637
48	0.01426	0.01421	0.02102	0.54763	0.17763	0.07885	0.01817	0.01832	0.01401	0.01768	0.01170	0.01680	0.00908	0.00646	0.00651	0.00210	0.00886	0.00571	0.00303	0.00796
49	0.58837	0.12307	0.01448	0.01022	0.01442	0.12106	0.00852	0.02040	0.01258	0.02561	0.00931	0.01084	0.00751	0.00614	0.00436	0.00190	0.00634	0.00366	0.00380	0.00739
50	0.00958	0.00712	0.00897	0.00844	0.01016	0.00671	0.00635	0.01341	0.05547	0.02585	0.64082	0.04886	0.10644	0.01344	0.00771	0.00209	0.00323	0.01181	0.00714	0.00639
51	0.01359	0.01152	0.01376	0.04719	0.01692	0.00926	0.00854	0.03767	0.01429	0.02163	0.01487	0.01890	0.03382	0.00618	0.00534	0.00122	0.00516	0.04280	0.00413	0.67319
52	0.01320	0.03405	0.73453	0.01876	0.02849	0.01529	0.02432	0.02085	0.01390	0.02085	0.01181	0.01390	0.00834	0.00625	0.00625	0.00208	0.00973	0.00486	0.00278	0.00973
53	0.01243	0.01170	0.01975	0.75282	0.04534	0.01463	0.01828	0.01682	0.01316	0.01682	0.01170	0.01755	0.00878	0.00658	0.00658	0.00219	0.00878	0.00585	0.00293	0.00731
54	0.00908	0.00672	0.00847	0.00803	0.00969	0.00611	0.00603	0.01197	0.01808	0.02508	0.62332	0.05135	0.16372	0.01395	0.00777	0.00209	0.00314	0.01221	0.00707	0.00611
55	0.00833	0.00669	0.00744	0.00725	0.00923	0.00579	0.00544	0.01052	0.01631	0.02089	0.30365	0.05824	0.48600	0.01551	0.00777	0.00217	0.00325	0.01318	0.00652	0.00579
56	0.01047	0.00840	0.01171	0.01111	0.01175	0.01022	0.00844	0.01205	0.01023	0.01477	0.01656	0.02779	0.01671	0.22046	0.41792	0.00795	0.16684	0.00741	0.00351	0.00568
57	0.00884	0.00662	0.00805	0.00785	0.00940	0.00599	0.00574	0.01123	0.01668	0.02259	0.45755	0.10248	0.23374	0.06269	0.00945	0.00243	0.00342	0.01276	0.00666	0.00584
58	0.01276	0.01203	0.02033	0.69267	0.10294	0.01471	0.01845	0.01711	0.01332	0.01722	0.01176	0.01745	0.00892	0.00652	0.00658	0.00217	0.00870	0.00585	0.00295	0.00758
59	0.81514	0.01273	0.00968	0.00866	0.01273	0.01477	0.00713	0.01935	0.01120	0.02954	0.00917	0.01069	0.00713	0.00611	0.00407	0.00204	0.00509	0.00356	0.00407	0.00713
60	0.02025	0.05627	0.02090	0.10569	0.08530	0.01812	0.04789	0.32312	0.16894	0.06021	0.01726	0.01799	0.01271	0.00755	0.00654	0.00204	0.00717	0.00622	0.00558	0.01024
61	0.01308	0.00727	0.00763	0.00715	0.00910	0.00736	0.00548	0.06414	0.01484	0.02513	0.02049	0.02357	0.01617	0.00980	0.04401	0.00202	0.00421	0.00608	0.67459	0.03786
62	0.01421	0.18061	0.47755	0.01788	0.02600	0.01721	0.09566	0.02026	0.01404	0.01973	0.01267	0.01686	0.01011	0.00669	0.00616	0.00201	0.00914	0.04100	0.00302	0.00918
63	0.02108	0.29731	0.08733	0.01508	0.01983	0.42153	0.01322	0.02345	0.01634	0.01631	0.00995	0.01158	0.00846	0.00632	0.00535	0.00163	0.00995	0.00404	0.00313	0.00811
64	0.01155	0.00723	0.00946	0.00862	0.01059	0.00658	0.00656	0.01455	0.01855	0.10574	0.62493	0.04660	0.07753	0.01296	0.00764	0.00207	0.00339	0.01137	0.00731	0.00675
65	0.06222	0.01242	0.01575	0.01213	0.01721	0.01160	0.01002	0.13889	0.02045	0.59219	0.02364	0.02086	0.01509	0.00802	0.00651	0.00203	0.00584	0.00638	0.00773	0.01103
66	0.01609	0.01526	0.02373	0.13014	0.52126	0.04536	0.01810	0.05360	0.01532	0.02104	0.01297	0.01815	0.01112	0.06018	0.00842	0.00229	0.00799	0.00606	0.00344	0.00948
67	0.02711	0.01067	0.01450	0.01130	0.01597	0.00926	0.00926	0.02973	0.01882	0.64755	0.10964	0.02562	0.02179	0.00878	0.00676	0.00204	0.00530	0.00725	0.00804	0.01061
68	0.00954	0.00655	0.00791	0.00788	0.00841	0.00669	0.00509	0.01045	0.01089	0.01500	0.07246	0.04033	0.06212	0.49741	0.17282	0.00650	0.00813	0.00931	0.03782	0.00470
69	0.62903	0.01309	0.04648	0.00956	0.01372	0.01361	0.00824	0.01980	0.01207	0.09271	0.01240	0.04408	0.01001	0.00905	0.04107	0.00249	0.00594	0.00472	0.00444	0.00750
70	0.01346	0.01198	0.01802	0.02144	0.22074	0.04151	0.07639	0.04999	0.01554	0.02068	0.02473	0.18977	0.02605	0.01300	0.00783	0.00247	0.00687	0.22687	0.00493	0.00775
71	0.00788	0.00667	0.00680	0.00677	0.00895	0.00560	0.00508	0.00964	0.01524	0.01833	0.10837	0.06246	0.68288	0.01647	0.00778	0.00221	0.00332	0.01377	0.00619	0.00560
72	0.01542	0.00946	0.01161	0.00992	0.01268	0.00924	0.00778	0.13697	0.02058	0.14076	0.45486	0.03788	0.04371	0.01136	0.00722	0.00202	0.00422	0.00974	0.04668	0.00787
73	0.01360	0.01326	0.02070	0.61318	0.14250	0.05123	0.01828	0.01778	0.01370	0.01746	0.01172	0.01709	0.00900	0.00649	0.00654	0.00213	0.00879	0.00577	0.00300	0.00778
74	0.02350	0.01172	0.01442	0.01148	0.01579	0.01128	0.00935	0.17979	0.02051	0.39938	0.05660	0.02665	0.09215	0.01123	0.04303	0.00244	0.00610	0.00745	0.04725	0.00988
75	0.00792	0.00643	0.00697	0.00734	0.00904	0.00554	0.00528	0.00945	0.01436	0.01762	0.07332	0.23773	0.52210	0.03587	0.00856	0.00243	0.00352	0.01495	0.00609	0.00548
76	0.01767	0.01823	0.01475	0.04411	0.01738	0.27927	0.01040	0.12248	0.08275	0.02149	0.04115	0.15761	0.08398	0.01288	0.04371	0.00249	0.00825	0.00872	0.00501	0.00768
77	0.21603	0.15714	0.15198	0.01475	0.04852	0.18448	0.01329	0.04011	0.04437	0.05691	0.01176	0.01306	0.00914	0.00646	0.00534	0.00186	0.00806	0.00442	0.00379	0.00854
78	0.01630	0.07779	0.31634	0.08332	0.12482	0.08239	0.01855	0.04974	0.10466	0.04353	0.01405	0.01583	0.01055	0.00670	0.00623	0.00201	0.00858	0.00536	0.00373	0.00953
79	0.05940	0.10328	0.07259	0.01883	0.14362	0.13460	0.03061	0.07793	0.06004	0.02148	0.03018	0.01738	0.01229	0.04794	0.00930	0.00222	0.10018	0.00564	0.04401	0.00850

[dist]
# distance from previous block
# <min> <max>
3	58

[block]
# block no. 3 follows, 33 sequences, length 80
# corresponding to MSA columns:
# 292-371
name=unknown_D
#
# <colnr> <probs for GDERKNQSTAVLIFYWHMCP>
#	G	D	E	R	K	N	Q	S	T	A	V	L	I	F	Y	W	H	M	C	P
0	0.05442	0.20077	0.05138	0.01737	0.11778	0.21162	0.01289	0.08299	0.08080	0.04620	0.01594	0.01692	0.04969	0.00722	0.00579	0.00181	0.00806	0.00535	0.00414	0.00886
1	0.08267	0.11370	0.22284	0.01600	0.05140	0.05537	0.07199	0.09011	0.01601	0.06907	0.01709	0.03577	0.05708	0.03412	0.00705	0.00210	0.00778	0.00610	0.00411	0.03965
2	0.01737	0.11035	0.16197	0.11601	0.06231	0.19540	0.05346	0.07916	0.01683	0.02052	0.04728	0.01960	0.01339	0.00756	0.00636	0.00198	0.00902	0.04922	0.00376	0.00845
3	0.01942	0.20183	0.06354	0.01658	0.06485	0.03706	0.05120	0.27947	0.05896	0.02727	0.01488	0.01865	0.01225	0.00792	0.00713	0.00199	0.05347	0.04924	0.00474	0.00957
4	0.01174	0.00989	0.04393	0.00997	0.01254	0.00895	0.00793	0.05826	0.13399	0.05322	0.12145	0.23534	0.23776	0.01464	0.00757	0.00230	0.00439	0.01263	0.00631	0.00719
5	0.01475	0.01473	0.08724	0.01312	0.05569	0.05492	0.01060	0.03449	0.04053	0.05586	0.01682	0.11665	0.01546	0.00797	0.00593	0.00158	0.00595	0.02135	0.00444	0.42193
6	0.01056	0.00867	0.00973	0.00980	0.01154	0.02565	0.00724	0.03007	0.13459	0.02069	0.12866	0.30801	0.19875	0.01587	0.00814	0.00239	0.02298	0.03381	0.00622	0.00662
7	0.01740	0.01393	0.01495	0.01302	0.01683	0.01569	0.01024	0.13732	0.51114	0.05401	0.07364	0.02621	0.04743	0.00933	0.00679	0.00217	0.00533	0.00772	0.00675	0.01011
8	0.00833	0.00642	0.00761	0.00788	0.00937	0.00570	0.00569	0.01029	0.01545	0.02019	0.26250	0.25779	0.32552	0.01679	0.00795	0.00230	0.00340	0.01464	0.00647	0.00570
9	0.02111	0.02574	0.01933	0.01707	0.01989	0.51996	0.05058	0.02303	0.01637	0.01627	0.01072	0.01380	0.00926	0.01110	0.07089	0.00267	0.13647	0.00493	0.00331	0.00748
10	0.00811	0.00595	0.00750	0.00862	0.00932	0.00547	0.00582	0.00935	0.01304	0.01708	0.06472	0.58475	0.15428	0.06113	0.00967	0.00278	0.00386	0.01718	0.00603	0.00534
11	0.00802	0.00573	0.00764	0.00917	0.00955	0.00535	0.00611	0.00917	0.01260	0.01681	0.03628	0.76434	0.04354	0.02062	0.00840	0.00267	0.00382	0.01872	0.00611	0.00535
12	0.00814	0.00669	0.00719	0.00727	0.00930	0.00574	0.00550	0.01004	0.01538	0.01893	0.14601	0.08917	0.57802	0.01651	0.00787	0.00227	0.00347	0.05060	0.00625	0.00566
13	0.01735	0.01389	0.01564	0.01151	0.01717	0.01256	0.00933	0.24077	0.01928	0.02797	0.01304	0.01435	0.01022	0.00586	0.00543	0.00130	0.00565	0.00456	0.00477	0.54934
14	0.01440	0.01440	0.02016	0.01728	0.01728	0.02016	0.01440	0.01584	0.01008	0.01584	0.00864	0.01440	0.00864	0.01152	0.02160	0.00288	0.75659	0.00576	0.00288	0.00720
15	0.01393	0.01268	0.01764	0.01534	0.01565	0.01709	0.01251	0.01537	0.01041	0.04193	0.01148	0.01880	0.01130	0.09016	0.10265	0.00405	0.57257	0.00631	0.00326	0.00689
16	0.00848	0.00603	0.00802	0.00944	0.00995	0.00572	0.00658	0.00981	0.01275	0.01693	0.03504	0.62093	0.04144	0.07083	0.01019	0.00297	0.00430	0.10927	0.00596	0.00535
17	0.01028	0.00744	0.01015	0.01141	0.01299	0.00732	0.00984	0.01320	0.01537	0.01997	0.08218	0.07170	0.09818	0.01775	0.00889	0.00290	0.00564	0.58261	0.00614	0.00603
18	0.81514	0.01273	0.00968	0.00866	0.01273	0.01477	0.00713	0.01935	0.01120	0.02954	0.00917	0.01069	0.00713	0.00611	0.00407	0.00204	0.00509	0.00356	0.00407	0.00713
19	0.01151	0.00723	0.00899	0.00871	0.01019	0.00794	0.00674	0.03925	0.01316	0.02113	0.04395	0.02534	0.01784	0.02532	0.31178	0.00537	0.03124	0.00670	0.39135	0.00625
20	0.00841	0.00669	0.00754	0.00733	0.00928	0.00583	0.00550	0.01066	0.01649	0.02131	0.33557	0.05756	0.45382	0.01536	0.00777	0.00216	0.00324	0.01308	0.00658	0.00583
21	0.00778	0.00667	0.00667	0.00667	0.00889	0.00556	0.00500	0.00945	0.01501	0.01778	0.06669	0.06336	0.72490	0.01667	0.00778	0.00222	0.00333	0.01389	0.00611	0.00556
22	0.81514	0.01273	0.00968	0.00866	0.01273	0.01477	0.00713	0.01935	0.01120	0.02954	0.00917	0.01069	0.00713	0.00611	0.00407	0.00204	0.00509	0.00356	0.00407	0.00713
23	0.01525	0.01458	0.02484	0.23238	0.54373	0.01537	0.01969	0.01929	0.01450	0.02024	0.01220	0.01663	0.00998	0.00606	0.00653	0.00202	0.00808	0.00586	0.00317	0.00959
24	0.09767	0.01786	0.02429	0.09408	0.02523	0.14194	0.21642	0.01963	0.01358	0.01892	0.01064	0.01490	0.00887	0.00790	0.01154	0.00233	0.25732	0.00588	0.00323	0.00777
25	0.81514	0.01273	0.00968	0.00866	0.01273	0.01477	0.00713	0.01935	0.01120	0.02954	0.00917	0.01069	0.00713	0.00611	0.00407	0.00204	0.00509	0.00356	0.00407	0.00713
26	0.02326	0.01818	0.01918	0.01622	0.05875	0.06574	0.01248	0.57227	0.02792	0.03692	0.01677	0.07089	0.01337	0.00866	0.00667	0.00201	0.00732	0.00676	0.00616	0.01049
27	0.01329	0.01273	0.02159	0.56461	0.15214	0.01522	0.04365	0.01746	0.01334	0.01766	0.01167	0.01715	0.00908	0.00675	0.00759	0.00220	0.05710	0.00592	0.00299	0.00786
28	0.00802	0.00573	0.00764	0.00917	0.00955	0.00535	0.00611	0.00917	0.01260	0.01681	0.03628	0.76434	0.04354	0.02062	0.00840	0.00267	0.00382	0.01872	0.00611	0.00535
29	0.01408	0.01346	0.02237	0.40765	0.29482	0.01562	0.01856	0.01796	0.01350	0.01845	0.01161	0.01674	0.00937	0.00686	0.00822	0.00218	0.09119	0.00585	0.00304	0.00845
30	0.01320	0.03405	0.73453	0.01876	0.02849	0.01529	0.02432	0.02085	0.01390	0.02085	0.01181	0.01390	0.00834	0.00625	0.00625	0.00208	0.00973	0.00486	0.00278	0.00973
31	0.00783	0.00667	0.00674	0.00673	0.00893	0.00558	0.00504	0.00955	0.01513	0.01809	0.08976	0.06286	0.70164	0.01656	0.00778	0.00222	0.00333	0.01382	0.00615	0.00558
32	0.01320	0.03405	0.73453	0.01876	0.02849	0.01529	0.02432	0.02085	0.01390	0.02085	0.01181	0.01390	0.00834	0.00625	0.00625	0.00208	0.00973	0.00486	0.00278	0.00973
33	0.01563	0.26604	0.37582	0.01600	0.02340	0.04052	0.05008	0.06456	0.01529	0.02062	0.04594	0.01480	0.01126	0.00650	0.00576	0.00186	0.00852	0.00497	0.00330	0.00914
34	0.01229	0.00799	0.01065	0.03773	0.01307	0.00786	0.02287	0.05216	0.04726	0.10168	0.03108	0.51109	0.03419	0.06547	0.00956	0.00275	0.00479	0.01476	0.00609	0.00665
35	0.02503	0.01844	0.01976	0.01515	0.02042	0.02042	0.01251	0.70562	0.03095	0.04149	0.01581	0.01581	0.01120	0.00790	0.00659	0.00198	0.00724	0.00593	0.00659	0.01120
36	0.07885	0.01262	0.01560	0.01216	0.01713	0.01211	0.01000	0.13735	0.06300	0.53485	0.02334	0.02074	0.01513	0.00803	0.00645	0.00204	0.00580	0.00636	0.00755	0.01089
37	0.02628	0.01044	0.01397	0.01096	0.01551	0.00907	0.00897	0.02884	0.01838	0.61607	0.07084	0.02642	0.05835	0.00892	0.00666	0.00203	0.00520	0.00732	0.04541	0.01035
38	0.01432	0.01359	0.02285	0.40416	0.36027	0.01514	0.01897	0.01885	0.03210	0.01926	0.01241	0.01715	0.00983	0.00631	0.00656	0.00208	0.00824	0.00590	0.00318	0.00883
39	0.00802	0.00573	0.00764	0.00917	0.00955	0.00535	0.00611	0.00917	0.01260	0.01681	0.03628	0.76434	0.04354	0.02062	0.00840	0.00267	0.00382	0.01872	0.00611	0.00535
40	0.01487	0.01147	0.01455	0.01246	0.01501	0.01237	0.05155	0.21058	0.04277	0.02490	0.10478	0.03492	0.04021	0.18207	0.07565	0.00389	0.04853	0.08662	0.00536	0.00744
41	0.02907	0.01131	0.01526	0.01177	0.01682	0.00991	0.00970	0.03219	0.04350	0.70720	0.02600	0.02248	0.01643	0.00818	0.00662	0.00204	0.00559	0.00665	0.00810	0.01118
42	0.20310	0.01652	0.01694	0.01350	0.01828	0.01839	0.01118	0.51002	0.02556	0.03752	0.01541	0.01804	0.01183	0.00809	0.00616	0.00205	0.00669	0.04474	0.00599	0.00998
43	0.01360	0.01170	0.01389	0.03836	0.01675	0.00900	0.00820	0.01659	0.01363	0.02127	0.01170	0.01380	0.00971	0.00494	0.00494	0.00102	0.00503	0.00398	0.00386	0.77802
44	0.01613	0.08389	0.07637	0.02156	0.02662	0.11741	0.36583	0.02020	0.01469	0.01885	0.01279	0.03790	0.01072	0.00932	0.04918	0.00262	0.09760	0.00677	0.00330	0.00826
45	0.01565	0.01726	0.03556	0.02578	0.03203	0.01661	0.60855	0.02299	0.11160	0.02197	0.01517	0.01869	0.01138	0.00601	0.00762	0.00222	0.01029	0.00772	0.00379	0.00909
46	0.00802	0.00573	0.00764	0.00917	0.00955	0.00535	0.00611	0.00917	0.01260	0.01681	0.03628	0.76434	0.04354	0.02062	0.00840	0.00267	0.00382	0.01872	0.00611	0.00535
47	0.01011	0.00786	0.00972	0.00926	0.01159	0.00672	0.00687	0.01215	0.01380	0.01932	0.10133	0.32083	0.08222	0.04988	0.00850	0.00229	0.00436	0.07603	0.00547	0.24170
48	0.01349	0.00956	0.01203	0.01123	0.01427	0.00880	0.00920	0.07717	0.01598	0.06773	0.02667	0.16907	0.02760	0.01350	0.00747	0.00226	0.00544	0.28324	0.00568	0.21962
49	0.02503	0.01844	0.01976	0.01515	0.02042	0.02042	0.01251	0.70562	0.03095	0.04149	0.01581	0.01581	0.01120	0.00790	0.00659	0.00198	0.00724	0.00593	0.00659	0.01120
50	0.02364	0.02937	0.01822	0.01655	0.01998	0.65781	0.01245	0.02730	0.09970	0.01744	0.01211	0.01335	0.00983	0.00703	0.00602	0.00176	0.01110	0.00461	0.00378	0.00796
51	0.01760	0.77260	0.03450	0.01126	0.01690	0.02605	0.01126	0.01971	0.01338	0.01549	0.00915	0.01056	0.00845	0.00563	0.00422	0.00141	0.00704	0.00352	0.00282	0.00845
52	0.01243	0.01170	0.01975	0.75282	0.04534	0.01463	0.01828	0.01682	0.01316	0.01682	0.01170	0.01755	0.00878	0.00658	0.00658	0.00219	0.00878	0.00585	0.00293	0.00731
53	0.00793	0.00661	0.00692	0.00697	0.00902	0.00560	0.00518	0.00970	0.01517	0.01849	0.12339	0.10745	0.62167	0.01664	0.00782	0.00224	0.00335	0.01403	0.00621	0.00560
54	0.00802	0.00573	0.00764	0.00917	0.00955	0.00535	0.00611	0.00917	0.01260	0.01681	0.03628	0.76434	0.04354	0.02062	0.00840	0.00267	0.00382	0.01872	0.00611	0.00535
55	0.01840	0.01351	0.01589	0.09989	0.05865	0.01499	0.01134	0.22539	0.22138	0.06849	0.01995	0.02059	0.01480	0.00790	0.00624	0.00199	0.00598	0.00643	0.15867	0.00951
56	0.00814	0.00657	0.00724	0.00732	0.00917	0.00567	0.00540	0.01005	0.01549	0.01950	0.20318	0.14621	0.50007	0.01647	0.00785	0.00225	0.00335	0.01406	0.00635	0.00567
57	0.01732	0.01740	0.05707	0.01395	0.01797	0.11146	0.01138	0.06856	0.50795	0.02610	0.04170	0.02353	0.03881	0.00877	0.00662	0.00214	0.00635	0.00709	0.00603	0.00981
58	0.81514	0.01273	0.00968	0.00866	0.01273	0.01477	0.00713	0.01935	0.01120	0.02954	0.00917	0.01069	0.00713	0.00611	0.00407	0.00204	0.00509	0.00356	0.00407	0.00713
59	0.01199	0.00984	0.01061	0.00971	0.01180	0.05581	0.00733	0.05807	0.09568	0.02577	0.49618	0.04233	0.07767	0.04779	0.00867	0.00227	0.00432	0.01053	0.00669	0.00694
60	0.02289	0.01323	0.04627	0.01176	0.01733	0.01090	0.01001	0.10719	0.01832	0.37681	0.01929	0.01827	0.01311	0.00692	0.00601	0.00167	0.00573	0.00554	0.00628	0.28248
61	0.06957	0.63630	0.03084	0.01156	0.01685	0.06872	0.01104	0.02093	0.05214	0.01710	0.01019	0.01142	0.00900	0.00592	0.00446	0.00151	0.00711	0.00378	0.00315	0.00842
62	0.02880	0.01238	0.01601	0.01227	0.01739	0.01142	0.01014	0.14170	0.02081	0.61973	0.02432	0.02133	0.01547	0.00811	0.00661	0.00203	0.00587	0.00651	0.00789	0.01120
63	0.00801	0.00660	0.00706	0.00723	0.00918	0.00564	0.00538	0.00977	0.01503	0.01841	0.11419	0.13994	0.57745	0.01690	0.00789	0.00228	0.00345	0.03378	0.00620	0.00560
64	0.05843	0.01562	0.06121	0.06445	0.06688	0.01865	0.07725	0.01713	0.01135	0.01777	0.00970	0.01479	0.00879	0.00973	0.01665	0.00263	0.51250	0.00578	0.00301	0.00770
65	0.00910	0.00791	0.00918	0.01049	0.08253	0.00709	0.00685	0.01181	0.04541	0.01906	0.09582	0.05610	0.58503	0.01506	0.00760	0.00219	0.00386	0.01269	0.00591	0.00630
66	0.02954	0.01120	0.01528	0.01171	0.01681	0.00968	0.00968	0.03208	0.01884	0.73213	0.02597	0.02241	0.01630	0.00815	0.00662	0.00204	0.00560	0.00662	0.00815	0.01120
67	0.01613	0.01318	0.01415	0.01258	0.01614	0.01483	0.00981	0.07241	0.54561	0.04893	0.09694	0.02851	0.06229	0.00972	0.00685	0.00219	0.00504	0.00812	0.00676	0.00981
68	0.00945	0.00685	0.00933	0.04394	0.01128	0.00747	0.00679	0.01084	0.01054	0.01455	0.02075	0.11839	0.02219	0.32596	0.34437	0.00762	0.01120	0.00935	0.00398	0.00514
69	0.06062	0.00990	0.01232	0.01170	0.01300	0.05110	0.00924	0.01386	0.01114	0.01673	0.01542	0.02223	0.01419	0.03624	0.50449	0.00789	0.13612	0.00643	0.04110	0.00628
70	0.00853	0.00670	0.00773	0.00763	0.00949	0.00590	0.00576	0.01083	0.01642	0.02138	0.33564	0.08273	0.40087	0.01554	0.00785	0.00221	0.00336	0.03902	0.00658	0.00584
71	0.44561	0.01304	0.01268	0.01044	0.01487	0.01408	0.00859	0.14059	0.01665	0.20921	0.01509	0.01514	0.01057	0.00700	0.00517	0.00200	0.00550	0.00486	0.04007	0.00882
72	0.01534	0.01877	0.09751	0.02756	0.10108	0.01665	0.53452	0.02066	0.01501	0.02079	0.01281	0.01707	0.00980	0.00601	0.00836	0.00222	0.05639	0.00720	0.00325	0.00900
73	0.01673	0.01412	0.01488	0.01316	0.01695	0.01612	0.01030	0.10157	0.60311	0.02836	0.02813	0.02605	0.06243	0.00930	0.00675	0.00221	0.00530	0.00768	0.00665	0.01020
74	0.00801	0.00644	0.00717	0.00771	0.00935	0.00561	0.00564	0.00960	0.01430	0.01760	0.05592	0.27185	0.48502	0.01793	0.00804	0.00240	0.00363	0.05217	0.00611	0.00552
75	0.01088	0.00852	0.00950	0.01021	0.01149	0.05188	0.00742	0.04210	0.03283	0.03918	0.03569	0.50761	0.09615	0.01795	0.00810	0.00256	0.00476	0.09100	0.00603	0.00614
76	0.03866	0.08183	0.06722	0.01584	0.03497	0.37657	0.01273	0.10955	0.11492	0.02156	0.01466	0.05555	0.01234	0.00782	0.00612	0.00188	0.00919	0.00569	0.00432	0.00859
77	0.01697	0.01455	0.01336	0.01187	0.01376	0.17280	0.00911	0.06468	0.01496	0.06604	0.01622	0.02190	0.01407	0.12741	0.01306	0.00266	0.15558	0.00620	0.23779	0.00701
78	0.01647	0.04115	0.11582	0.09343	0.28054	0.08036	0.10800	0.07500	0.01609	0.02147	0.01452	0.01764	0.04050	0.00691	0.00730	0.00205	0.04385	0.00612	0.00355	0.00925
79	0.01710	0.18707	0.20146	0.01511	0.03690	0.15178	0.01458	0.08831	0.01649	0.02066	0.01517	0.03559	0.02708	0.00791	0.00602	0.00186	0.00824	0.06966	0.00384	0.07516

[dist]
# distance from previous block
# <min> <max>
0	4

[block]
# block no. 4 follows, 33 sequences, length 23
# corresponding to MSA columns:
# 376-398
name=unknown_E
#
# <colnr> <probs for GDERKNQSTAVLIFYWHMCP>
#	G	D	E	R	K	N	Q	S	T	A	V	L	I	F	Y	W	H	M	C	P
0	0.06400	0.01689	0.05201	0.05676	0.18471	0.05719	0.16318	0.11998	0.09248	0.05702	0.05783	0.01907	0.01440	0.00709	0.00671	0.00206	0.00798	0.00659	0.00460	0.00946
1	0.01141	0.00906	0.01239	0.06745	0.11672	0.00948	0.00915	0.03940	0.07334	0.01806	0.02389	0.25899	0.02577	0.23430	0.05759	0.00400	0.00655	0.01116	0.00477	0.00652
2	0.01877	0.01499	0.02185	0.15072	0.36875	0.06390	0.01654	0.05413	0.01620	0.15234	0.01502	0.01773	0.01140	0.00847	0.03864	0.00237	0.00825	0.00595	0.00428	0.00969
3	0.02041	0.01752	0.01677	0.01610	0.07675	0.24398	0.03873	0.05314	0.04793	0.17758	0.04785	0.10812	0.01903	0.02946	0.02824	0.00240	0.00813	0.03410	0.00531	0.00846
4	0.01607	0.01573	0.02532	0.14677	0.59387	0.04720	0.01959	0.01996	0.01487	0.02057	0.01218	0.01629	0.01009	0.00601	0.00650	0.00198	0.00814	0.00579	0.00321	0.00984
5	0.01548	0.01512	0.02428	0.25380	0.49228	0.04614	0.01931	0.01944	0.01460	0.01987	0.01208	0.01648	0.00985	0.00612	0.00651	0.00202	0.00828	0.00579	0.00316	0.00937
6	0.04949	0.01293	0.01427	0.01174	0.01586	0.01360	0.00942	0.19467	0.20710	0.16786	0.02127	0.02073	0.01538	0.00791	0.00605	0.00191	0.00537	0.00628	0.15423	0.06394
7	0.00801	0.00668	0.00698	0.00691	0.00903	0.00565	0.00518	0.00989	0.01554	0.01906	0.16389	0.06126	0.62690	0.01620	0.00778	0.00220	0.00330	0.01360	0.00628	0.00565
8	0.00956	0.00643	0.00743	0.00743	0.00752	0.00652	0.00430	0.00973	0.00965	0.01295	0.02051	0.04182	0.02339	0.71583	0.08556	0.00669	0.00721	0.00939	0.00396	0.00413
9	0.00940	0.00705	0.01058	0.01058	0.01176	0.00823	0.00823	0.01176	0.01058	0.01528	0.01763	0.02586	0.01646	0.04937	0.74255	0.01058	0.01763	0.00705	0.00353	0.00588
10	0.01518	0.01633	0.03343	0.02450	0.03002	0.01588	0.55196	0.05515	0.01569	0.02138	0.01556	0.09547	0.01347	0.00762	0.00863	0.00230	0.05646	0.00869	0.00376	0.00853
11	0.01365	0.01170	0.01365	0.00975	0.01560	0.00878	0.00780	0.01658	0.01365	0.02145	0.01170	0.01365	0.00975	0.00488	0.00488	0.00098	0.00488	0.00390	0.00390	0.80888
12	0.17883	0.01799	0.01653	0.01370	0.01815	0.10998	0.01101	0.33296	0.17981	0.03277	0.01626	0.01627	0.01206	0.00764	0.00603	0.00201	0.00695	0.00559	0.00571	0.00977
13	0.01621	0.01245	0.01808	0.01357	0.01875	0.01079	0.13683	0.05126	0.04448	0.12442	0.01939	0.07754	0.04754	0.00757	0.00623	0.00165	0.00610	0.00688	0.00492	0.37536
14	0.04732	0.00702	0.00885	0.00975	0.01092	0.00689	0.00753	0.01173	0.01375	0.01879	0.08950	0.24724	0.08775	0.12657	0.01201	0.00324	0.00503	0.27471	0.00578	0.00560
15	0.04636	0.01473	0.01482	0.01366	0.01517	0.18013	0.01078	0.01643	0.01233	0.01618	0.01331	0.01914	0.01228	0.02829	0.36153	0.00625	0.20263	0.00594	0.00335	0.00667
16	0.02402	0.01769	0.01899	0.01457	0.01975	0.01934	0.01201	0.64717	0.02949	0.03989	0.01578	0.01598	0.01131	0.00774	0.00643	0.00191	0.00698	0.00583	0.03257	0.05255
17	0.01294	0.00780	0.01014	0.00908	0.01131	0.00724	0.00697	0.01667	0.05081	0.14149	0.57815	0.04368	0.05271	0.01238	0.00753	0.00207	0.00361	0.01084	0.00737	0.00722
18	0.00800	0.00580	0.00756	0.00897	0.00950	0.00536	0.00602	0.00919	0.01279	0.01688	0.03866	0.70967	0.09669	0.02032	0.00835	0.00264	0.00378	0.01834	0.00611	0.00536
19	0.05921	0.03048	0.01087	0.04346	0.01308	0.02969	0.00757	0.04576	0.01648	0.02302	0.30062	0.14168	0.13787	0.01302	0.00721	0.00210	0.00444	0.03947	0.00596	0.06801
20	0.02329	0.11802	0.02110	0.01757	0.06238	0.56633	0.01298	0.06923	0.01860	0.01801	0.01055	0.01224	0.00877	0.00666	0.00581	0.00170	0.01075	0.00436	0.00352	0.00813
21	0.17187	0.05984	0.04767	0.01534	0.04426	0.22235	0.01229	0.17220	0.01799	0.02465	0.01290	0.01470	0.03169	0.00779	0.00800	0.00202	0.11676	0.00506	0.00418	0.00843
22	0.03580	0.01211	0.01493	0.01335	0.03620	0.03320	0.03197	0.20568	0.04743	0.06458	0.03591	0.02357	0.04319	0.02688	0.33760	0.00587	0.01170	0.00694	0.00495	0.00814

[dist]
# distance from previous block
# <min> <max>
2	83

[block]
# block no. 5 follows, 33 sequences, length 6
# corresponding to MSA columns:
# 482-487
name=unknown_F
#
# <colnr> <probs for GDERKNQSTAVLIFYWHMCP>
#	G	D	E	R	K	N	Q	S	T	A	V	L	I	F	Y	W	H	M	C	P
0	0.13443	0.01531	0.04810	0.14249	0.05777	0.09748	0.12986	0.01821	0.01436	0.02088	0.10480	0.02164	0.01702	0.01130	0.06719	0.00283	0.06178	0.02310	0.00391	0.00754
1	0.01565	0.01679	0.01934	0.11178	0.02180	0.19670	0.11982	0.01781	0.01336	0.01607	0.01325	0.02202	0.01273	0.20206	0.01659	0.00328	0.16411	0.00668	0.00337	0.00677
2	0.01357	0.01331	0.01488	0.01371	0.01491	0.12335	0.01103	0.01570	0.01337	0.01778	0.12133	0.02882	0.02185	0.02076	0.18526	0.00441	0.27036	0.08479	0.00413	0.00668
3	0.01904	0.01875	0.02828	0.11686	0.02999	0.10109	0.32655	0.22766	0.02024	0.02612	0.01350	0.01646	0.01002	0.00654	0.00705	0.00208	0.00972	0.00656	0.00427	0.00923
4	0.01590	0.01735	0.01490	0.12419	0.01986	0.30025	0.01120	0.01811	0.01410	0.01565	0.01402	0.02038	0.01271	0.08079	0.28595	0.00548	0.01316	0.00595	0.00342	0.00665
5	0.18636	0.13225	0.01965	0.08062	0.01964	0.22006	0.01228	0.02015	0.01347	0.01884	0.00953	0.01262	0.00826	0.00774	0.00960	0.00209	0.21151	0.00455	0.00327	0.00750

[dist]
# distance from previous block
# <min> <max>
23	223

[block]
# block no. 6 follows, 33 sequences, length 25
# corresponding to MSA columns:
# 714-738
name=unknown_G
#
# <colnr> <probs for GDERKNQSTAVLIFYWHMCP>
#	G	D	E	R	K	N	Q	S	T	A	V	L	I	F	Y	W	H	M	C	P
0	0.05129	0.01199	0.01497	0.06179	0.01760	0.04810	0.04354	0.05385	0.07092	0.21301	0.23492	0.02808	0.02812	0.00939	0.00738	0.00204	0.03542	0.00784	0.00624	0.05348
1	0.02327	0.01304	0.01640	0.01268	0.01763	0.01237	0.03424	0.19222	0.04804	0.34148	0.02134	0.06909	0.01570	0.00831	0.00648	0.00190	0.00594	0.00687	0.00668	0.14634
2	0.07208	0.01952	0.01750	0.01594	0.04681	0.27969	0.04463	0.04179	0.09876	0.06791	0.01617	0.09406	0.01428	0.00893	0.00810	0.00205	0.09500	0.00670	0.00448	0.04559
3	0.02108	0.01292	0.01856	0.01452	0.01899	0.01266	0.12900	0.12057	0.11676	0.29222	0.04093	0.06017	0.04740	0.05267	0.00853	0.00238	0.00653	0.00802	0.00645	0.00964
4	0.08888	0.01252	0.01499	0.01222	0.01670	0.01228	0.04897	0.05204	0.21854	0.09315	0.02006	0.06986	0.01660	0.00823	0.00614	0.00185	0.00550	0.03394	0.00545	0.26207
5	0.09512	0.01557	0.01696	0.04542	0.01911	0.10385	0.04600	0.20959	0.04830	0.17081	0.01703	0.01846	0.01263	0.01466	0.13318	0.00347	0.00925	0.00599	0.00543	0.00915
6	0.01299	0.00867	0.01003	0.00923	0.01064	0.00899	0.00632	0.08191	0.08163	0.06659	0.06830	0.07034	0.02482	0.44302	0.06444	0.00504	0.00661	0.00925	0.00507	0.00612
7	0.01686	0.14347	0.01885	0.01289	0.01688	0.01555	0.05451	0.02674	0.32968	0.11148	0.11443	0.02599	0.05070	0.00900	0.00683	0.00206	0.02137	0.00749	0.00596	0.00927
8	0.01485	0.01198	0.01365	0.04594	0.01669	0.03230	0.00872	0.06971	0.01565	0.06301	0.02071	0.02355	0.09972	0.00755	0.00579	0.00145	0.00537	0.03886	0.00467	0.49984
9	0.02087	0.01952	0.01584	0.01422	0.03690	0.30705	0.01067	0.07882	0.08614	0.13227	0.10578	0.02326	0.06584	0.00866	0.00648	0.00188	0.00780	0.00667	0.00538	0.04595
10	0.01082	0.08930	0.06044	0.03006	0.01268	0.00961	0.00827	0.02893	0.01339	0.01808	0.13885	0.17594	0.03087	0.22051	0.07770	0.00408	0.00668	0.05292	0.00485	0.00603
11	0.04888	0.01461	0.01606	0.01332	0.01734	0.07539	0.03510	0.22197	0.09656	0.17313	0.12622	0.02805	0.02288	0.00960	0.00691	0.00211	0.00642	0.06958	0.00649	0.00936
12	0.00885	0.00640	0.00712	0.00734	0.00897	0.00572	0.00535	0.01089	0.01490	0.02015	0.15964	0.19609	0.35736	0.01540	0.00736	0.00217	0.00335	0.01321	0.14401	0.00572
13	0.01517	0.06876	0.01923	0.01662	0.13963	0.01275	0.04326	0.05731	0.01479	0.02192	0.01181	0.01423	0.00982	0.00559	0.00606	0.00137	0.03815	0.00459	0.00379	0.49514
14	0.01954	0.02253	0.01895	0.01673	0.01864	0.37433	0.01321	0.04516	0.01506	0.01685	0.01008	0.01376	0.00903	0.01088	0.04801	0.00264	0.32873	0.00508	0.00329	0.00749
15	0.00915	0.00672	0.00857	0.00811	0.00973	0.00614	0.00608	0.01211	0.01825	0.02548	0.65381	0.05069	0.13298	0.01380	0.00777	0.00209	0.00313	0.01212	0.00713	0.00614
16	0.01336	0.01271	0.02148	0.57333	0.14264	0.01497	0.05298	0.01849	0.05051	0.01828	0.01268	0.01775	0.00967	0.00655	0.00664	0.00216	0.00857	0.00603	0.00319	0.00801
17	0.00849	0.00676	0.00742	0.00744	0.00920	0.00601	0.00542	0.01059	0.02982	0.01899	0.17568	0.10939	0.45852	0.09176	0.01041	0.00266	0.00373	0.02600	0.00611	0.00561
18	0.01258	0.00888	0.01072	0.00953	0.01218	0.00830	0.00740	0.09641	0.01834	0.06593	0.33327	0.11201	0.13115	0.01290	0.00737	0.00206	0.00419	0.04504	0.00653	0.09522
19	0.01641	0.37536	0.26730	0.01420	0.02077	0.03673	0.01549	0.09165	0.01547	0.02014	0.01260	0.06293	0.01106	0.00711	0.00548	0.00179	0.00786	0.00527	0.00343	0.00894
20	0.17440	0.01607	0.04914	0.01455	0.01924	0.08612	0.12942	0.06362	0.13284	0.10378	0.02178	0.02204	0.09076	0.00801	0.00630	0.00204	0.00700	0.00670	0.00508	0.04111
21	0.01355	0.01060	0.01346	0.01198	0.03974	0.00970	0.03648	0.07659	0.06607	0.05304	0.07689	0.18205	0.08662	0.01116	0.00679	0.00192	0.00506	0.03757	0.00547	0.25528
22	0.01789	0.01518	0.03634	0.01382	0.01778	0.09151	0.08275	0.17401	0.09276	0.09488	0.14129	0.04203	0.07965	0.04364	0.00815	0.00223	0.00668	0.00816	0.00585	0.02540
