[name]
unknown

[dist]
# distance from previous block
# <min> <max>
0	3

[block]
# block no. 0 follows, 34 sequences, length 174
# corresponding to MSA columns:
# 3-176
name=unknown_A
#
# <colnr> <probs for GDERKNQSTAVLIFYWHMCP>
#	G	D	E	R	K	N	Q	S	T	A	V	L	I	F	Y	W	H	M	C	P
0	0.01331	0.00762	0.00961	0.00900	0.01113	0.00698	0.00677	0.01585	0.04259	0.17443	0.21481	0.17394	0.16492	0.05704	0.00950	0.02880	0.00419	0.03620	0.00651	0.00680
1	0.01952	0.01449	0.01564	0.01295	0.01654	0.03721	0.01031	0.42360	0.08071	0.03077	0.01897	0.05351	0.04025	0.01171	0.01002	0.14613	0.00648	0.03681	0.00567	0.00870
2	0.03959	0.00743	0.00859	0.00860	0.00998	0.00729	0.00606	0.04209	0.04492	0.04220	0.11024	0.25267	0.14909	0.20406	0.01387	0.00331	0.00460	0.03400	0.00564	0.00578
3	0.01220	0.01148	0.01938	0.75739	0.04450	0.01436	0.01794	0.01651	0.01292	0.01651	0.01148	0.01723	0.00861	0.00646	0.00646	0.00215	0.00861	0.00574	0.00287	0.00718
4	0.01220	0.01148	0.01938	0.75739	0.04450	0.01436	0.01794	0.01651	0.01292	0.01651	0.01148	0.01723	0.00861	0.00646	0.00646	0.00215	0.00861	0.00574	0.00287	0.00718
5	0.00924	0.00687	0.01014	0.01026	0.01135	0.00787	0.00792	0.01144	0.01060	0.01513	0.01879	0.05321	0.01828	0.07814	0.65911	0.00962	0.01587	0.03681	0.00367	0.00568
6	0.00869	0.00621	0.00843	0.00993	0.01066	0.00595	0.00742	0.01041	0.01318	0.01741	0.03516	0.54514	0.04095	0.01947	0.00846	0.00274	0.00446	0.23388	0.00598	0.00547
7	0.01254	0.01201	0.02006	0.64141	0.04074	0.01509	0.04075	0.01653	0.01263	0.01653	0.01117	0.01685	0.00864	0.00702	0.00832	0.00224	0.10157	0.00579	0.00288	0.00722
8	0.04408	0.00691	0.00795	0.00785	0.00975	0.00626	0.00590	0.01165	0.01553	0.05110	0.26430	0.15009	0.34223	0.01515	0.00755	0.00221	0.00353	0.03567	0.00635	0.00595
9	0.01253	0.01056	0.01247	0.00948	0.01438	0.00808	0.00740	0.01513	0.01324	0.02034	0.01527	0.13206	0.01478	0.00721	0.00533	0.00122	0.00462	0.00611	0.00417	0.68561
10	0.01630	0.01816	0.02448	0.26187	0.08202	0.18941	0.19425	0.01992	0.01460	0.01765	0.01126	0.01553	0.00895	0.00672	0.00821	0.00210	0.09177	0.00584	0.00310	0.00785
11	0.07548	0.06395	0.62172	0.01718	0.02594	0.01565	0.02152	0.04963	0.01413	0.02175	0.01145	0.01334	0.00822	0.00617	0.00590	0.00201	0.00898	0.00466	0.00299	0.00936
12	0.00787	0.00562	0.00750	0.00900	0.00937	0.00525	0.00600	0.00900	0.01237	0.01649	0.03561	0.76871	0.04274	0.02024	0.00825	0.00262	0.00375	0.01837	0.00600	0.00525
13	0.01372	0.01287	0.02169	0.36138	0.35987	0.01415	0.01803	0.01764	0.01384	0.01879	0.01379	0.04272	0.01199	0.00719	0.00662	0.00210	0.00788	0.04397	0.00329	0.00846
14	0.01290	0.01095	0.01286	0.00952	0.01478	0.00831	0.00751	0.01561	0.01331	0.02064	0.01367	0.08171	0.01257	0.00618	0.00510	0.00111	0.00469	0.00514	0.00402	0.73942
15	0.02406	0.01785	0.01911	0.01476	0.01984	0.01980	0.01216	0.67067	0.07160	0.03990	0.01616	0.01603	0.01151	0.00782	0.00647	0.00195	0.00699	0.00591	0.00647	0.01094
16	0.01384	0.05519	0.50967	0.01906	0.02725	0.01536	0.14998	0.05045	0.01492	0.02152	0.05256	0.01627	0.01160	0.00646	0.00644	0.00204	0.00923	0.00570	0.00324	0.00922
17	0.00790	0.00650	0.00694	0.00695	0.00892	0.00555	0.00517	0.00973	0.01516	0.01877	0.17117	0.10280	0.57990	0.01609	0.00767	0.00218	0.00327	0.01361	0.00618	0.00555
18	0.00940	0.00626	0.00705	0.00705	0.00705	0.00626	0.00392	0.00940	0.00940	0.01253	0.02036	0.04228	0.02349	0.77292	0.03289	0.00626	0.00626	0.00940	0.00392	0.00392
19	0.01611	0.01575	0.02558	0.07459	0.67098	0.04334	0.01945	0.01989	0.01476	0.02068	0.01204	0.01589	0.01008	0.00583	0.00638	0.00192	0.00788	0.00570	0.00319	0.00998
20	0.01507	0.01871	0.09448	0.02652	0.03330	0.01623	0.65409	0.02068	0.01512	0.02068	0.01295	0.01712	0.00967	0.00550	0.00751	0.00217	0.01079	0.00740	0.00322	0.00878
21	0.01769	0.62993	0.09288	0.01216	0.01794	0.04476	0.01230	0.07592	0.01472	0.01775	0.00977	0.01110	0.00850	0.00579	0.00455	0.00149	0.00729	0.00378	0.00308	0.00860
22	0.02407	0.01771	0.01899	0.01461	0.01961	0.01959	0.01201	0.68824	0.02970	0.03980	0.01567	0.01638	0.01140	0.03266	0.00732	0.00208	0.00708	0.00593	0.00638	0.01076
23	0.00869	0.00677	0.01035	0.01078	0.01177	0.00636	0.06676	0.01033	0.01280	0.01707	0.03357	0.65260	0.03949	0.01879	0.00824	0.00261	0.00453	0.06713	0.00576	0.00560
24	0.02456	0.01810	0.01939	0.01487	0.02004	0.02004	0.01228	0.71107	0.03038	0.04072	0.01551	0.01551	0.01099	0.00776	0.00646	0.00194	0.00711	0.00582	0.00646	0.01099
25	0.01340	0.01148	0.01340	0.00957	0.01531	0.00861	0.00766	0.01627	0.01340	0.02105	0.01148	0.01340	0.00957	0.00479	0.00479	0.00096	0.00479	0.00383	0.00383	0.81242
26	0.17154	0.01450	0.01560	0.13197	0.02091	0.05171	0.01115	0.28824	0.01992	0.07297	0.01622	0.10378	0.01373	0.00856	0.00613	0.00203	0.00661	0.00674	0.00522	0.03247
27	0.01599	0.01535	0.02623	0.03966	0.73262	0.01535	0.01983	0.01983	0.01471	0.02111	0.01215	0.01599	0.01023	0.00576	0.00640	0.00192	0.00768	0.00576	0.00320	0.01023
28	0.00764	0.00655	0.00655	0.00655	0.00873	0.00545	0.00491	0.00927	0.01473	0.01745	0.06546	0.06218	0.73000	0.01636	0.00764	0.00218	0.00327	0.01364	0.00600	0.00545
29	0.10911	0.01083	0.01253	0.01067	0.01430	0.01092	0.00840	0.02588	0.19955	0.30567	0.07981	0.05050	0.06334	0.05951	0.00818	0.00236	0.00502	0.00776	0.00666	0.00900
30	0.00819	0.00596	0.00774	0.00869	0.00949	0.00551	0.00605	0.00982	0.01389	0.01864	0.18457	0.53701	0.10453	0.01836	0.00808	0.00247	0.00362	0.03566	0.00623	0.00546
31	0.01525	0.01743	0.03813	0.02723	0.03377	0.01634	0.70915	0.02070	0.01525	0.02070	0.01307	0.01743	0.00980	0.00545	0.00763	0.00218	0.01089	0.00763	0.00327	0.00871
32	0.00764	0.00655	0.00655	0.00655	0.00873	0.00545	0.00491	0.00927	0.01473	0.01745	0.06546	0.06218	0.73000	0.01636	0.00764	0.00218	0.00327	0.01364	0.00600	0.00545
33	0.00912	0.00667	0.00785	0.00750	0.00925	0.00595	0.00553	0.01133	0.01610	0.04116	0.38414	0.05250	0.32080	0.08199	0.00985	0.00247	0.00349	0.01211	0.00641	0.00578
34	0.00785	0.00570	0.00742	0.00879	0.00932	0.00527	0.00590	0.00902	0.01257	0.01658	0.03817	0.70826	0.10153	0.01991	0.00819	0.00259	0.00371	0.01796	0.00600	0.00527
35	0.00787	0.00562	0.00750	0.00900	0.00937	0.00525	0.00600	0.00900	0.01237	0.01649	0.03561	0.76871	0.04274	0.02024	0.00825	0.00262	0.00375	0.01837	0.00600	0.00525
36	0.01525	0.01743	0.03813	0.02723	0.03377	0.01634	0.70915	0.02070	0.01525	0.02070	0.01307	0.01743	0.00980	0.00545	0.00763	0.00218	0.01089	0.00763	0.00327	0.00871
37	0.00837	0.00637	0.00777	0.00835	0.00972	0.00577	0.00621	0.01029	0.01469	0.01906	0.18354	0.29097	0.28383	0.01719	0.00800	0.00240	0.00373	0.10195	0.00621	0.00558
38	0.00940	0.00626	0.00705	0.00705	0.00705	0.00626	0.00392	0.00940	0.00940	0.01253	0.02036	0.04228	0.02349	0.77292	0.03289	0.00626	0.00626	0.00940	0.00392	0.00392
39	0.00923	0.00692	0.01038	0.01038	0.01154	0.00808	0.00808	0.01154	0.01038	0.01500	0.01731	0.02538	0.01615	0.04846	0.74732	0.01038	0.01731	0.00692	0.00346	0.00577
40	0.00923	0.00692	0.01038	0.01038	0.01154	0.00808	0.00808	0.01154	0.01038	0.01500	0.01731	0.02538	0.01615	0.04846	0.74732	0.01038	0.01731	0.00692	0.00346	0.00577
41	0.01479	0.01028	0.01131	0.01044	0.01291	0.03464	0.00777	0.04275	0.21862	0.12877	0.04816	0.17632	0.11389	0.10295	0.01070	0.02665	0.00506	0.01030	0.00608	0.00763
42	0.01607	0.01388	0.01461	0.01315	0.01680	0.01607	0.01023	0.03433	0.72094	0.02703	0.02630	0.02411	0.01972	0.00877	0.00657	0.00219	0.00511	0.00731	0.00657	0.01023
43	0.09088	0.01111	0.01456	0.01126	0.01618	0.00989	0.00930	0.03051	0.01791	0.68159	0.02420	0.02109	0.01529	0.00784	0.00630	0.00200	0.00546	0.00626	0.00768	0.01068
44	0.01826	0.01224	0.01425	0.01204	0.01550	0.01318	0.00966	0.26149	0.11014	0.12730	0.02276	0.02559	0.06075	0.04068	0.17610	0.00407	0.00852	0.02869	0.02993	0.00884
45	0.00964	0.00731	0.00862	0.00818	0.00992	0.00695	0.00603	0.03440	0.05823	0.02274	0.40868	0.07547	0.21736	0.08603	0.00995	0.00250	0.00369	0.01175	0.00644	0.00610
46	0.00787	0.00562	0.00750	0.00900	0.00937	0.00525	0.00600	0.00900	0.01237	0.01649	0.03561	0.76871	0.04274	0.02024	0.00825	0.00262	0.00375	0.01837	0.00600	0.00525
47	0.00940	0.00626	0.00705	0.00705	0.00705	0.00626	0.00392	0.00940	0.00940	0.01253	0.02036	0.04228	0.02349	0.77292	0.03289	0.00626	0.00626	0.00940	0.00392	0.00392
48	0.01001	0.00733	0.01040	0.01021	0.01148	0.00840	0.00787	0.04168	0.01130	0.01629	0.01756	0.02595	0.01640	0.08973	0.64383	0.00944	0.01566	0.00699	0.03359	0.00589
49	0.27402	0.00946	0.00888	0.00808	0.01082	0.01012	0.00633	0.08127	0.01452	0.04854	0.03839	0.05596	0.07637	0.02771	0.00581	0.00196	0.00425	0.00662	0.30406	0.00683
50	0.01175	0.00577	0.00861	0.00851	0.00866	0.00573	0.00573	0.00910	0.00872	0.03269	0.01165	0.01971	0.01136	0.02202	0.02470	0.78805	0.00561	0.00564	0.00296	0.00305
51	0.19615	0.01212	0.01433	0.01124	0.01605	0.01176	0.00928	0.10631	0.01826	0.50734	0.02085	0.01881	0.01351	0.00755	0.00596	0.00199	0.00558	0.00578	0.00697	0.01015
52	0.01700	0.01694	0.02228	0.07055	0.44764	0.11805	0.01664	0.04860	0.11112	0.02155	0.01553	0.01798	0.03385	0.00674	0.00639	0.00194	0.00778	0.00599	0.00387	0.00956
53	0.00799	0.00584	0.00745	0.00855	0.00923	0.00537	0.00579	0.00928	0.01300	0.01717	0.09021	0.59965	0.13032	0.04651	0.00902	0.00266	0.00373	0.01695	0.00601	0.00529
54	0.10936	0.00976	0.03725	0.00954	0.01227	0.00923	0.00784	0.05852	0.03586	0.12513	0.15853	0.03232	0.02601	0.07735	0.04120	0.00275	0.00535	0.07299	0.16155	0.00720
55	0.81856	0.01250	0.00950	0.00850	0.01250	0.01449	0.00700	0.01899	0.01100	0.02899	0.00900	0.01050	0.00700	0.00600	0.00400	0.00200	0.00500	0.00350	0.00400	0.00700
56	0.01012	0.00824	0.01268	0.01176	0.01299	0.00966	0.04804	0.01231	0.01052	0.01517	0.01638	0.02519	0.01560	0.10515	0.56435	0.00874	0.09673	0.00704	0.00342	0.00592
57	0.03870	0.28266	0.20918	0.02041	0.17728	0.01910	0.05341	0.02023	0.04397	0.01905	0.01128	0.01362	0.00924	0.00621	0.00640	0.00185	0.05050	0.00481	0.00308	0.00904
58	0.00915	0.00651	0.00784	0.00812	0.00949	0.00581	0.00568	0.01063	0.01361	0.04512	0.11349	0.35364	0.23336	0.09998	0.01050	0.00274	0.00393	0.01427	0.00587	0.04024
59	0.01476	0.10236	0.37777	0.01773	0.06541	0.08922	0.05739	0.01989	0.01429	0.01969	0.04167	0.01492	0.01084	0.00634	0.00629	0.00183	0.02777	0.00500	0.00317	0.10366
60	0.01137	0.00727	0.00884	0.00882	0.01099	0.00649	0.00698	0.01347	0.01528	0.11874	0.09789	0.13582	0.35126	0.01573	0.00783	0.00237	0.00422	0.16391	0.00635	0.00636
61	0.03808	0.01527	0.04291	0.04654	0.45797	0.01520	0.01659	0.15777	0.01762	0.02494	0.03596	0.07314	0.01416	0.00750	0.00652	0.00199	0.00713	0.00680	0.00418	0.00971
62	0.03473	0.09301	0.09458	0.02756	0.30184	0.13673	0.17905	0.02101	0.01510	0.01969	0.01159	0.01473	0.00937	0.00585	0.00630	0.00190	0.00912	0.00557	0.00317	0.00911
63	0.01122	0.00561	0.00842	0.00842	0.00842	0.00561	0.00561	0.00842	0.00842	0.01122	0.01122	0.01964	0.01122	0.02245	0.02525	0.81201	0.00561	0.00561	0.00281	0.00281
64	0.00786	0.00569	0.00743	0.00883	0.00933	0.00526	0.00592	0.00902	0.01253	0.01656	0.03766	0.72027	0.08985	0.01998	0.00821	0.00259	0.00372	0.01804	0.00600	0.00526
65	0.00945	0.00626	0.00699	0.00699	0.00712	0.00623	0.00397	0.00964	0.00974	0.01318	0.02182	0.04213	0.04566	0.71588	0.03086	0.00593	0.00603	0.00939	0.03866	0.00405
66	0.02290	0.01727	0.01846	0.01453	0.01940	0.01926	0.01188	0.57860	0.16556	0.03804	0.01762	0.01720	0.01270	0.00795	0.00649	0.00199	0.00672	0.00611	0.00649	0.01084
67	0.01331	0.00765	0.01014	0.00941	0.01024	0.00797	0.00663	0.12201	0.01200	0.01604	0.01226	0.01982	0.01164	0.04800	0.02250	0.65111	0.00588	0.00579	0.00344	0.00417
68	0.01395	0.04888	0.49758	0.02224	0.13527	0.01556	0.10173	0.02097	0.04517	0.02073	0.01243	0.01481	0.00920	0.00610	0.00631	0.00203	0.00915	0.00533	0.00303	0.00955
69	0.01613	0.07824	0.01473	0.01157	0.01456	0.12032	0.00915	0.06622	0.01488	0.11660	0.01849	0.12339	0.01700	0.02202	0.24523	0.00458	0.01015	0.00738	0.00460	0.08475
70	0.00780	0.00655	0.00677	0.00672	0.00883	0.00552	0.00504	0.00959	0.01511	0.01836	0.13680	0.06069	0.65809	0.01602	0.00763	0.00217	0.00325	0.01343	0.00612	0.00552
71	0.01766	0.51727	0.14218	0.01353	0.01942	0.11609	0.03394	0.04290	0.01450	0.01710	0.00986	0.01142	0.00841	0.00584	0.00485	0.00156	0.00806	0.00395	0.00297	0.00849
72	0.00930	0.00639	0.00763	0.00763	0.00792	0.00656	0.00470	0.00978	0.00977	0.01316	0.02149	0.03998	0.04846	0.61444	0.16047	0.00685	0.00814	0.00911	0.00391	0.00431
73	0.01999	0.05358	0.01720	0.01354	0.01786	0.03567	0.01091	0.24545	0.39738	0.08487	0.02158	0.02025	0.01584	0.00818	0.00639	0.00204	0.00602	0.00650	0.00638	0.01036
74	0.02328	0.02862	0.01794	0.01622	0.01963	0.64778	0.01224	0.04601	0.09434	0.01772	0.01190	0.01310	0.00963	0.00692	0.00592	0.00173	0.01082	0.00455	0.00377	0.00788
75	0.17708	0.01517	0.01591	0.01282	0.01744	0.01669	0.01046	0.34681	0.16179	0.13441	0.01780	0.01716	0.01266	0.00765	0.00601	0.00201	0.00608	0.00576	0.00623	0.01007
76	0.00947	0.00703	0.00995	0.00987	0.01092	0.00719	0.03669	0.02833	0.01236	0.01712	0.08153	0.29942	0.03024	0.15268	0.23126	0.00542	0.00851	0.01186	0.02458	0.00556
77	0.81856	0.01250	0.00950	0.00850	0.01250	0.01449	0.00700	0.01899	0.01100	0.02899	0.00900	0.01050	0.00700	0.00600	0.00400	0.00200	0.00500	0.00350	0.00400	0.00700
78	0.00781	0.00589	0.00723	0.00830	0.00919	0.00531	0.00569	0.00908	0.01304	0.01677	0.04412	0.56739	0.23856	0.01914	0.00807	0.00250	0.00361	0.01702	0.00600	0.00531
79	0.02203	0.01636	0.01764	0.01408	0.01873	0.01816	0.01144	0.48626	0.20992	0.06336	0.04119	0.01904	0.01504	0.00820	0.00653	0.00201	0.00640	0.00642	0.00657	0.01064
80	0.00801	0.00601	0.00745	0.00841	0.00938	0.00545	0.00589	0.00948	0.01354	0.01759	0.09784	0.50414	0.22096	0.01860	0.00807	0.00248	0.00365	0.04158	0.00608	0.00539
81	0.02133	0.01529	0.01642	0.01303	0.01740	0.01672	0.01062	0.50229	0.08473	0.05645	0.03989	0.02042	0.04565	0.00836	0.00633	0.00192	0.00613	0.00650	0.10056	0.00996
82	0.05881	0.00704	0.00863	0.00897	0.01057	0.00663	0.00671	0.01260	0.01430	0.08094	0.13556	0.33119	0.15603	0.03374	0.00831	0.00250	0.00414	0.10112	0.00615	0.00606
83	0.00786	0.00566	0.00746	0.00889	0.00934	0.00526	0.00595	0.00901	0.01247	0.01654	0.03688	0.73870	0.07192	0.02008	0.00822	0.00261	0.00373	0.01817	0.00600	0.00526
84	0.01122	0.00561	0.00842	0.00842	0.00842	0.00561	0.00561	0.00842	0.00842	0.01122	0.01122	0.01964	0.01122	0.02245	0.02525	0.81201	0.00561	0.00561	0.00281	0.00281
85	0.00787	0.00562	0.00750	0.00900	0.00937	0.00525	0.00600	0.00900	0.01237	0.01649	0.03561	0.76871	0.04274	0.02024	0.00825	0.00262	0.00375	0.01837	0.00600	0.00525
86	0.00909	0.00632	0.00799	0.00869	0.00960	0.00594	0.00597	0.01099	0.03459	0.04080	0.13533	0.49424	0.10115	0.08524	0.01019	0.00279	0.00393	0.01550	0.00605	0.00560
87	0.01727	0.77681	0.03386	0.01106	0.01658	0.02557	0.01106	0.01935	0.01313	0.01520	0.00898	0.01036	0.00829	0.00553	0.00415	0.00138	0.00691	0.00345	0.00276	0.00829
88	0.02574	0.01621	0.01822	0.01397	0.01910	0.01724	0.01154	0.53070	0.02722	0.22555	0.01816	0.01723	0.01232	0.00782	0.00647	0.00196	0.00668	0.00600	0.00687	0.01099
89	0.00792	0.00564	0.00748	0.00894	0.00930	0.00528	0.00594	0.00901	0.01229	0.01638	0.03517	0.74781	0.04218	0.04190	0.00896	0.00273	0.00382	0.01811	0.00594	0.00521
90	0.00775	0.00652	0.00673	0.00674	0.00881	0.00549	0.00503	0.00947	0.01490	0.01803	0.11178	0.08418	0.65996	0.01627	0.00766	0.00219	0.00327	0.01365	0.00608	0.00549
91	0.01204	0.00602	0.00602	0.00602	0.00753	0.00602	0.00452	0.01506	0.01355	0.02409	0.02108	0.02409	0.01656	0.00753	0.00452	0.00151	0.00301	0.00602	0.80879	0.00602
92	0.00914	0.00660	0.00864	0.00813	0.00965	0.00610	0.00610	0.01219	0.01829	0.02591	0.72921	0.04827	0.06097	0.01321	0.00762	0.00203	0.00305	0.01169	0.00711	0.00610
93	0.00838	0.00627	0.00711	0.00753	0.00855	0.00575	0.00510	0.00943	0.01246	0.01573	0.04245	0.22639	0.30774	0.25963	0.01593	0.00363	0.00446	0.04321	0.00533	0.00493
94	0.00940	0.00626	0.00705	0.00705	0.00705	0.00626	0.00392	0.00940	0.00940	0.01253	0.02036	0.04228	0.02349	0.77292	0.03289	0.00626	0.00626	0.00940	0.00392	0.00392
95	0.00787	0.00562	0.00750	0.00900	0.00937	0.00525	0.00600	0.00900	0.01237	0.01649	0.03561	0.76871	0.04274	0.02024	0.00825	0.00262	0.00375	0.01837	0.00600	0.00525
96	0.01607	0.01388	0.01461	0.01315	0.01680	0.01607	0.01023	0.03433	0.72094	0.02703	0.02630	0.02411	0.01972	0.00877	0.00657	0.00219	0.00511	0.00731	0.00657	0.01023
97	0.00897	0.00660	0.00840	0.00795	0.00955	0.00602	0.00596	0.01186	0.01789	0.02496	0.65420	0.04984	0.13657	0.01357	0.00762	0.00205	0.00307	0.01191	0.00699	0.00602
98	0.00764	0.00652	0.00657	0.00662	0.00875	0.00545	0.00494	0.00926	0.01466	0.01743	0.06460	0.08247	0.71026	0.01648	0.00765	0.00219	0.00329	0.01377	0.00600	0.00545
99	0.00914	0.00660	0.00864	0.00813	0.00965	0.00610	0.00610	0.01219	0.01829	0.02591	0.72921	0.04827	0.06097	0.01321	0.00762	0.00203	0.00305	0.01169	0.00711	0.00610
100	0.79442	0.01312	0.03137	0.00879	0.01296	0.01451	0.00750	0.01904	0.01108	0.02873	0.00907	0.01059	0.00703	0.00600	0.00406	0.00200	0.00513	0.00354	0.00396	0.00707
101	0.01220	0.01148	0.01938	0.75739	0.04450	0.01436	0.01794	0.01651	0.01292	0.01651	0.01148	0.01723	0.00861	0.00646	0.00646	0.00215	0.00861	0.00574	0.00287	0.00718
102	0.02456	0.01810	0.01939	0.01487	0.02004	0.02004	0.01228	0.71107	0.03038	0.04072	0.01551	0.01551	0.01099	0.00776	0.00646	0.00194	0.00711	0.00582	0.00646	0.01099
103	0.01599	0.01535	0.02623	0.03966	0.73262	0.01535	0.01983	0.01983	0.01471	0.02111	0.01215	0.01599	0.01023	0.00576	0.00640	0.00192	0.00768	0.00576	0.00320	0.01023
104	0.00787	0.00562	0.00750	0.00900	0.00937	0.00525	0.00600	0.00900	0.01237	0.01649	0.03561	0.76871	0.04274	0.02024	0.00825	0.00262	0.00375	0.01837	0.00600	0.00525
105	0.02899	0.01100	0.01499	0.01150	0.01649	0.00950	0.00950	0.03149	0.01849	0.73709	0.02549	0.02199	0.01599	0.00800	0.00650	0.00200	0.00550	0.00650	0.00800	0.01100
106	0.01122	0.00561	0.00842	0.00842	0.00842	0.00561	0.00561	0.00842	0.00842	0.01122	0.01122	0.01964	0.01122	0.02245	0.02525	0.81201	0.00561	0.00561	0.00281	0.00281
107	0.01727	0.77681	0.03386	0.01106	0.01658	0.02557	0.01106	0.01935	0.01313	0.01520	0.00898	0.01036	0.00829	0.00553	0.00415	0.00138	0.00691	0.00345	0.00276	0.00829
108	0.00940	0.00626	0.00705	0.00705	0.00705	0.00626	0.00392	0.00940	0.00940	0.01253	0.02036	0.04228	0.02349	0.77292	0.03289	0.00626	0.00626	0.00940	0.00392	0.00392
109	0.17842	0.01128	0.01395	0.01093	0.01574	0.01044	0.00902	0.02912	0.01707	0.60308	0.02237	0.01982	0.01429	0.00762	0.00602	0.00200	0.00540	0.00593	0.00724	0.01024
110	0.00820	0.00653	0.00735	0.00723	0.00909	0.00568	0.00539	0.01033	0.01593	0.02050	0.30636	0.08754	0.45627	0.01538	0.00766	0.00215	0.00321	0.01313	0.00641	0.00568
111	0.01607	0.01388	0.01461	0.01315	0.01680	0.01607	0.01023	0.03433	0.72094	0.02703	0.02630	0.02411	0.01972	0.00877	0.00657	0.00219	0.00511	0.00731	0.00657	0.01023
112	0.00785	0.00655	0.00684	0.00677	0.00886	0.00554	0.00507	0.00968	0.01522	0.01863	0.15762	0.06025	0.63710	0.01593	0.00763	0.00216	0.00324	0.01337	0.00615	0.00554
113	0.01414	0.01414	0.01979	0.01696	0.01696	0.01979	0.01414	0.01555	0.00990	0.01555	0.00848	0.01414	0.00848	0.01131	0.02120	0.00283	0.76110	0.00565	0.00283	0.00707
114	0.02899	0.01100	0.01499	0.01150	0.01649	0.00950	0.00950	0.03149	0.01849	0.73709	0.02549	0.02199	0.01599	0.00800	0.00650	0.00200	0.00550	0.00650	0.00800	0.01100
115	0.00781	0.00655	0.00679	0.00673	0.00884	0.00553	0.00505	0.00962	0.01515	0.01845	0.14371	0.06054	0.65111	0.01599	0.00763	0.00216	0.00325	0.01341	0.00613	0.00553
116	0.02391	0.05592	0.01883	0.01646	0.01986	0.72269	0.01244	0.02558	0.01814	0.01579	0.00995	0.01161	0.00832	0.00662	0.00577	0.00166	0.01149	0.00414	0.00331	0.00752
117	0.00826	0.00579	0.00738	0.00850	0.00878	0.00551	0.00547	0.00910	0.01161	0.01548	0.03171	0.58292	0.03781	0.21274	0.01455	0.00356	0.00439	0.01607	0.00547	0.00491
118	0.00902	0.00664	0.00741	0.00741	0.00937	0.00571	0.00548	0.01077	0.01494	0.05764	0.13357	0.17696	0.49968	0.01620	0.00767	0.00223	0.00345	0.01382	0.00624	0.00580
119	0.00973	0.00699	0.00855	0.00810	0.00995	0.00641	0.00609	0.01292	0.04411	0.04998	0.48702	0.08074	0.21737	0.01390	0.00757	0.00210	0.00330	0.01208	0.00681	0.00625
120	0.00909	0.00656	0.00859	0.00817	0.00964	0.00606	0.00609	0.01206	0.01804	0.02551	0.69975	0.07886	0.06019	0.01351	0.00765	0.00206	0.00308	0.01197	0.00707	0.00606
121	0.01101	0.00674	0.00880	0.00880	0.00949	0.00691	0.00608	0.04632	0.03235	0.01608	0.04233	0.17029	0.02154	0.11650	0.07415	0.34185	0.00601	0.00897	0.06119	0.00462
122	0.00968	0.00747	0.00850	0.00868	0.01007	0.00742	0.00614	0.01359	0.12464	0.01819	0.08076	0.22167	0.20698	0.19462	0.01365	0.00329	0.00451	0.04861	0.00566	0.00586
123	0.01276	0.01191	0.01470	0.01487	0.07117	0.07949	0.01081	0.01605	0.06474	0.01651	0.01501	0.02129	0.01374	0.05344	0.37759	0.00646	0.18268	0.00640	0.00353	0.00685
124	0.01720	0.01444	0.01524	0.01338	0.01723	0.01660	0.01050	0.12400	0.62945	0.02884	0.02487	0.02297	0.01857	0.00863	0.00656	0.00216	0.00538	0.00711	0.00656	0.01033
125	0.45134	0.01234	0.01395	0.06850	0.12472	0.01436	0.01055	0.01748	0.01137	0.02345	0.01011	0.01353	0.00847	0.00959	0.04009	0.05832	0.09655	0.00456	0.00355	0.00717
126	0.01615	0.03831	0.08912	0.13265	0.19750	0.03577	0.08751	0.11793	0.05526	0.04316	0.01545	0.08099	0.01316	0.00788	0.00724	0.00209	0.03979	0.00694	0.00412	0.00899
127	0.00919	0.00601	0.00759	0.00805	0.00843	0.00580	0.00522	0.00935	0.01109	0.01473	0.06760	0.25871	0.07300	0.29274	0.02038	0.15895	0.00500	0.02908	0.00470	0.00438
128	0.01340	0.01148	0.01340	0.00957	0.01531	0.00861	0.00766	0.01627	0.01340	0.02105	0.01148	0.01340	0.00957	0.00479	0.00479	0.00096	0.00479	0.00383	0.00383	0.81242
129	0.02435	0.01799	0.01927	0.01482	0.01996	0.01994	0.01223	0.69447	0.04733	0.04039	0.01578	0.01572	0.01120	0.00778	0.00647	0.00195	0.00706	0.00585	0.00647	0.01097
130	0.00884	0.00606	0.00737	0.00802	0.00823	0.00591	0.00501	0.00941	0.01080	0.01438	0.02695	0.32945	0.03165	0.44466	0.02217	0.00469	0.00526	0.04179	0.00482	0.00453
131	0.02387	0.01590	0.01938	0.01473	0.01995	0.01655	0.06730	0.43637	0.05119	0.19604	0.01776	0.01734	0.01228	0.00750	0.00647	0.00193	0.00684	0.00606	0.00641	0.05613
132	0.01122	0.00561	0.00842	0.00842	0.00842	0.00561	0.00561	0.00842	0.00842	0.01122	0.01122	0.01964	0.01122	0.02245	0.02525	0.81201	0.00561	0.00561	0.00281	0.00281
133	0.00917	0.00627	0.00719	0.00724	0.00752	0.00614	0.00430	0.00961	0.01067	0.01423	0.08532	0.09126	0.06875	0.61449	0.02764	0.00543	0.00565	0.01042	0.00445	0.00428
134	0.00884	0.00637	0.00766	0.00778	0.00873	0.00597	0.00532	0.01035	0.01374	0.01843	0.25551	0.15561	0.15550	0.26783	0.01617	0.00359	0.00437	0.03744	0.00566	0.00513
135	0.00807	0.00581	0.00765	0.00877	0.00939	0.00539	0.00597	0.00952	0.01341	0.01804	0.14835	0.62711	0.07058	0.01897	0.00812	0.00251	0.00362	0.01712	0.00618	0.00539
136	0.01525	0.01743	0.03813	0.02723	0.03377	0.01634	0.70915	0.02070	0.01525	0.02070	0.01307	0.01743	0.00980	0.00545	0.00763	0.00218	0.01089	0.00763	0.00327	0.00871
137	0.00913	0.00640	0.00762	0.00784	0.00906	0.00582	0.00543	0.01058	0.01377	0.04528	0.16306	0.26507	0.24348	0.16281	0.01265	0.00307	0.00404	0.01361	0.00587	0.00542
138	0.00916	0.00601	0.00751	0.00844	0.00924	0.00564	0.00580	0.01056	0.01270	0.03775	0.03468	0.51689	0.09299	0.08232	0.00983	0.00276	0.00396	0.03724	0.10108	0.00543
139	0.02456	0.01810	0.01939	0.01487	0.02004	0.02004	0.01228	0.71107	0.03038	0.04072	0.01551	0.01551	0.01099	0.00776	0.00646	0.00194	0.00711	0.00582	0.00646	0.01099
140	0.02268	0.01687	0.01820	0.01439	0.01911	0.01867	0.01180	0.60072	0.08848	0.03784	0.01789	0.04719	0.01391	0.00869	0.00663	0.00202	0.00677	0.03119	0.00644	0.01052
141	0.00792	0.00566	0.00754	0.00896	0.00938	0.00528	0.00600	0.00912	0.01260	0.01686	0.06219	0.74110	0.04343	0.01997	0.00822	0.00260	0.00372	0.01811	0.00604	0.00528
142	0.00770	0.00655	0.00663	0.00661	0.00877	0.00548	0.00496	0.00940	0.01488	0.01781	0.09364	0.06159	0.70158	0.01623	0.00764	0.00218	0.00326	0.01355	0.00605	0.00548
143	0.00787	0.00562	0.00750	0.00900	0.00937	0.00525	0.00600	0.00900	0.01237	0.01649	0.03561	0.76871	0.04274	0.02024	0.00825	0.00262	0.00375	0.01837	0.00600	0.00525
144	0.00836	0.00657	0.00755	0.00731	0.00917	0.00576	0.00548	0.01068	0.01644	0.02153	0.38534	0.05548	0.40757	0.01484	0.00763	0.00211	0.00316	0.01270	0.00654	0.00576
145	0.00940	0.00626	0.00705	0.00705	0.00705	0.00626	0.00392	0.00940	0.00940	0.01253	0.02036	0.04228	0.02349	0.77292	0.03289	0.00626	0.00626	0.00940	0.00392	0.00392
146	0.00787	0.00562	0.00750	0.00900	0.00937	0.00525	0.00600	0.00900	0.01237	0.01649	0.03561	0.76871	0.04274	0.02024	0.00825	0.00262	0.00375	0.01837	0.00600	0.00525
147	0.75887	0.01292	0.01024	0.00898	0.01306	0.01491	0.00739	0.07103	0.01245	0.02987	0.00949	0.01087	0.00730	0.00613	0.00418	0.00199	0.00516	0.00367	0.00418	0.00730
148	0.01607	0.01388	0.01461	0.01315	0.01680	0.01607	0.01023	0.03433	0.72094	0.02703	0.02630	0.02411	0.01972	0.00877	0.00657	0.00219	0.00511	0.00731	0.00657	0.01023
149	0.01098	0.00577	0.00865	0.00865	0.00879	0.00591	0.00591	0.00879	0.00865	0.01168	0.01195	0.02033	0.01182	0.02557	0.11207	0.71563	0.00702	0.00577	0.00288	0.00316
150	0.01546	0.01293	0.01370	0.01230	0.01561	0.01465	0.00947	0.08397	0.54662	0.02612	0.02772	0.05551	0.06257	0.06334	0.00854	0.00247	0.00519	0.00814	0.00632	0.00937
151	0.01815	0.01491	0.01578	0.01357	0.01759	0.01704	0.01073	0.19967	0.55223	0.03037	0.02366	0.02201	0.01759	0.00852	0.00655	0.00213	0.00560	0.00694	0.00655	0.01041
152	0.01220	0.01148	0.01938	0.75739	0.04450	0.01436	0.01794	0.01651	0.01292	0.01651	0.01148	0.01723	0.00861	0.00646	0.00646	0.00215	0.00861	0.00574	0.00287	0.00718
153	0.01122	0.00561	0.00842	0.00842	0.00842	0.00561	0.00561	0.00842	0.00842	0.01122	0.01122	0.01964	0.01122	0.02245	0.02525	0.81201	0.00561	0.00561	0.00281	0.00281
154	0.01349	0.01280	0.02171	0.51321	0.27861	0.01469	0.01859	0.01764	0.01353	0.01807	0.01171	0.01681	0.00916	0.00622	0.00644	0.00207	0.00829	0.00575	0.00298	0.00822
155	0.01296	0.03342	0.73944	0.01842	0.02797	0.01501	0.02387	0.02046	0.01364	0.02046	0.01160	0.01364	0.00818	0.00614	0.00614	0.00205	0.00955	0.00477	0.00273	0.00955
156	0.00787	0.00562	0.00750	0.00900	0.00937	0.00525	0.00600	0.00900	0.01237	0.01649	0.03561	0.76871	0.04274	0.02024	0.00825	0.00262	0.00375	0.01837	0.00600	0.00525
157	0.01303	0.01233	0.02088	0.60044	0.19498	0.01457	0.01836	0.01724	0.01331	0.01751	0.01163	0.01696	0.00897	0.00631	0.00645	0.00210	0.00841	0.00575	0.00294	0.00785
158	0.01695	0.72038	0.08742	0.01161	0.01745	0.02476	0.01203	0.01943	0.01317	0.01560	0.00918	0.01061	0.00828	0.00557	0.00430	0.00143	0.00711	0.00356	0.00276	0.00839
159	0.01607	0.01388	0.01461	0.01315	0.01680	0.01607	0.01023	0.03433	0.72094	0.02703	0.02630	0.02411	0.01972	0.00877	0.00657	0.00219	0.00511	0.00731	0.00657	0.01023
160	0.00939	0.00628	0.00715	0.00715	0.00719	0.00632	0.00405	0.00946	0.00943	0.01261	0.02026	0.04175	0.02326	0.75011	0.05538	0.00639	0.00661	0.00932	0.00390	0.00397
161	0.00940	0.00626	0.00705	0.00705	0.00705	0.00626	0.00392	0.00940	0.00940	0.01253	0.02036	0.04228	0.02349	0.77292	0.03289	0.00626	0.00626	0.00940	0.00392	0.00392
162	0.01410	0.22966	0.55318	0.01647	0.02496	0.01779	0.02049	0.02017	0.01351	0.01907	0.01091	0.01278	0.00821	0.00598	0.00561	0.00187	0.00885	0.00443	0.00274	0.00922
163	0.81856	0.01250	0.00950	0.00850	0.01250	0.01449	0.00700	0.01899	0.01100	0.02899	0.00900	0.01050	0.00700	0.00600	0.00400	0.00200	0.00500	0.00350	0.00400	0.00700
164	0.00868	0.00620	0.00842	0.00992	0.01064	0.00594	0.00740	0.01039	0.01316	0.01739	0.03517	0.54843	0.04098	0.01949	0.00846	0.00274	0.00445	0.23071	0.00598	0.00547
165	0.00887	0.00645	0.00835	0.00817	0.00956	0.00593	0.00601	0.01155	0.01720	0.02402	0.58781	0.15644	0.09657	0.01444	0.00772	0.00213	0.00317	0.01279	0.00688	0.00593
166	0.01697	0.72377	0.08420	0.01158	0.01740	0.02481	0.01197	0.01943	0.01317	0.01558	0.00917	0.01060	0.00828	0.00557	0.00429	0.00143	0.00710	0.00355	0.00276	0.00838
167	0.04288	0.05952	0.04563	0.01345	0.01896	0.01372	0.09060	0.13428	0.09636	0.09733	0.01519	0.01602	0.01141	0.00625	0.00575	0.00160	0.00629	0.00526	0.00483	0.31466
168	0.01845	0.09581	0.18723	0.01612	0.02175	0.12178	0.09012	0.13664	0.10364	0.07709	0.01611	0.05839	0.01280	0.00760	0.00631	0.00197	0.00817	0.00625	0.00454	0.00922
169	0.05840	0.11400	0.10469	0.01237	0.01683	0.04210	0.01126	0.13857	0.14639	0.02471	0.07951	0.02669	0.07084	0.02824	0.00693	0.00208	0.00623	0.05644	0.00509	0.04861
170	0.25058	0.04407	0.01139	0.00933	0.01247	0.01151	0.00739	0.06768	0.07514	0.08461	0.11044	0.05306	0.14424	0.05706	0.03258	0.00258	0.00520	0.00794	0.00544	0.00730
171	0.05828	0.06101	0.11720	0.01371	0.01851	0.05765	0.01233	0.21046	0.19365	0.05370	0.01954	0.04607	0.04445	0.00836	0.00669	0.00201	0.03066	0.00645	0.00529	0.03399
172	0.10320	0.05934	0.03697	0.01277	0.01728	0.09297	0.01063	0.19655	0.11435	0.12327	0.04857	0.01750	0.01397	0.00748	0.00633	0.00185	0.02881	0.00558	0.00542	0.09717
173	0.18058	0.04843	0.01733	0.02988	0.01821	0.09031	0.09275	0.11119	0.08063	0.08394	0.03695	0.06245	0.03769	0.00834	0.00612	0.00200	0.00673	0.03192	0.00497	0.04958

[dist]
# distance from previous block
# <min> <max>
0	20

[block]
# block no. 1 follows, 34 sequences, length 14
# corresponding to MSA columns:
# 197-210
name=unknown_B
#
# <colnr> <probs for GDERKNQSTAVLIFYWHMCP>
#	G	D	E	R	K	N	Q	S	T	A	V	L	I	F	Y	W	H	M	C	P
0	0.04224	0.04985	0.01834	0.01431	0.01837	0.15937	0.09582	0.15104	0.07145	0.05664	0.03931	0.11204	0.04536	0.00895	0.00645	0.00191	0.00726	0.00753	0.00497	0.08879
1	0.13962	0.04941	0.08783	0.03156	0.01875	0.15161	0.06176	0.07327	0.04427	0.08218	0.05618	0.06295	0.03707	0.00799	0.00601	0.00190	0.00725	0.00637	0.00458	0.06945
2	0.08564	0.02215	0.12803	0.07337	0.02574	0.20772	0.19725	0.09360	0.04148	0.04558	0.01271	0.01495	0.00953	0.00642	0.00635	0.00198	0.00947	0.00558	0.00384	0.00862
3	0.09171	0.07504	0.05749	0.04123	0.14238	0.09894	0.07430	0.10026	0.03643	0.08223	0.01311	0.01491	0.01008	0.00643	0.00632	0.00182	0.03100	0.00518	0.00416	0.10698
4	0.07755	0.06406	0.01948	0.01389	0.01897	0.09871	0.12650	0.08681	0.01630	0.05652	0.05911	0.01634	0.01298	0.00624	0.00571	0.00157	0.00691	0.00529	0.00429	0.30274
5	0.00934	0.00737	0.00809	0.00774	0.00977	0.00661	0.00564	0.04970	0.01488	0.01901	0.10607	0.14958	0.40769	0.10493	0.01045	0.00262	0.00399	0.01253	0.00573	0.05827
6	0.01264	0.02586	0.48957	0.05939	0.02652	0.01362	0.09652	0.01884	0.01413	0.02048	0.06169	0.01932	0.05373	0.00706	0.00643	0.00201	0.00859	0.00606	0.00333	0.05420
7	0.00923	0.00661	0.00902	0.01027	0.01131	0.00639	0.00811	0.01147	0.01428	0.01899	0.11949	0.35011	0.04232	0.01825	0.00849	0.00272	0.00471	0.33642	0.00611	0.00569
8	0.01470	0.01408	0.02372	0.26217	0.47657	0.01530	0.01891	0.01855	0.01387	0.01935	0.01173	0.01627	0.00963	0.00630	0.00727	0.00204	0.05162	0.00575	0.00307	0.00910
9	0.01727	0.77681	0.03386	0.01106	0.01658	0.02557	0.01106	0.01935	0.01313	0.01520	0.00898	0.01036	0.00829	0.00553	0.00415	0.00138	0.00691	0.00345	0.00276	0.00829
10	0.00785	0.00570	0.00742	0.00880	0.00932	0.00526	0.00591	0.00902	0.01256	0.01657	0.03801	0.71189	0.09801	0.01993	0.00820	0.00259	0.00371	0.01799	0.00600	0.00526
11	0.01296	0.03342	0.73944	0.01842	0.02797	0.01501	0.02387	0.02046	0.01364	0.02046	0.01160	0.01364	0.00818	0.00614	0.00614	0.00205	0.00955	0.00477	0.00273	0.00955
12	0.02706	0.01459	0.01685	0.01302	0.01802	0.04452	0.01071	0.29599	0.02312	0.43558	0.02095	0.01903	0.01372	0.00785	0.00646	0.00196	0.00638	0.00613	0.00720	0.01085
13	0.01525	0.01743	0.03813	0.02723	0.03377	0.01634	0.70915	0.02070	0.01525	0.02070	0.01307	0.01743	0.00980	0.00545	0.00763	0.00218	0.01089	0.00763	0.00327	0.00871

[dist]
# distance from previous block
# <min> <max>
0	1

# created by:
# /home/berkeley/.conda/envs/busco_data_prod/bin/msa2prfl.pl pipeline/OGs_align_augustus/4893/34772.fs
