[name]
unknown

[dist]
# distance from previous block
# <min> <max>
0	65

[block]
# block no. 0 follows, 34 sequences, length 14
# corresponding to MSA columns:
# 71-84
name=unknown_A
#
# <colnr> <probs for GDERKNQSTAVLIFYWHMCP>
#	G	D	E	R	K	N	Q	S	T	A	V	L	I	F	Y	W	H	M	C	P
0	0.00985	0.00721	0.00967	0.01075	0.01226	0.00713	0.00911	0.01244	0.01428	0.01843	0.03718	0.06630	0.14238	0.05097	0.06670	0.00356	0.00642	0.50388	0.00568	0.00578
1	0.00923	0.00692	0.01038	0.01038	0.01154	0.00808	0.00808	0.01154	0.01038	0.01500	0.01731	0.02538	0.01615	0.04846	0.74732	0.01038	0.01731	0.00692	0.00346	0.00577
2	0.01478	0.01524	0.12298	0.07122	0.01898	0.01338	0.01186	0.17591	0.17728	0.02676	0.15320	0.02973	0.12159	0.00982	0.00681	0.00208	0.00588	0.00814	0.00570	0.00864
3	0.01778	0.33178	0.21044	0.01570	0.04289	0.18036	0.03526	0.04425	0.03351	0.01818	0.01076	0.01239	0.00876	0.00610	0.00534	0.00169	0.00873	0.00432	0.00313	0.00865
4	0.00961	0.00699	0.00942	0.01074	0.01209	0.00680	0.00895	0.01208	0.01438	0.01858	0.03805	0.20358	0.11748	0.01813	0.00865	0.00282	0.00523	0.48469	0.00596	0.00576
5	0.00937	0.00630	0.00723	0.00717	0.00735	0.00625	0.00416	0.00972	0.01041	0.01406	0.10144	0.04297	0.02778	0.68603	0.03000	0.00578	0.00590	0.00966	0.00428	0.00416
6	0.01659	0.04994	0.01550	0.01286	0.01647	0.01594	0.01012	0.14216	0.49249	0.02752	0.02476	0.10721	0.02037	0.00976	0.00663	0.00216	0.00537	0.00814	0.00631	0.00969
7	0.08872	0.05207	0.06946	0.01685	0.07266	0.07061	0.14247	0.10171	0.01632	0.04560	0.03142	0.01527	0.01092	0.00604	0.00584	0.00168	0.00736	0.00525	0.00406	0.23570
8	0.08918	0.08154	0.07652	0.01514	0.08176	0.08586	0.02876	0.05887	0.05865	0.15244	0.01605	0.01887	0.01257	0.00834	0.02824	0.00207	0.00717	0.04092	0.00471	0.13231
9	0.07724	0.19399	0.02068	0.01492	0.07309	0.14012	0.03252	0.11522	0.05686	0.05532	0.01555	0.10056	0.01399	0.00930	0.02757	0.00209	0.00749	0.00639	0.00439	0.03270
10	0.04126	0.08957	0.09665	0.01624	0.11069	0.06378	0.01242	0.12616	0.13406	0.04010	0.06762	0.07081	0.01784	0.04469	0.00749	0.00214	0.00665	0.00691	0.00483	0.04008
11	0.03581	0.07627	0.08854	0.02867	0.05150	0.12855	0.01171	0.08486	0.06363	0.05041	0.05142	0.11629	0.03696	0.00914	0.00699	0.00192	0.04570	0.00724	0.00457	0.09985
12	0.01895	0.05523	0.02130	0.03725	0.14303	0.06827	0.11337	0.10983	0.08726	0.15018	0.04864	0.02096	0.03069	0.03242	0.03163	0.00238	0.00768	0.00666	0.00505	0.00924
13	0.06796	0.03422	0.06283	0.01434	0.06081	0.02814	0.03798	0.08939	0.19452	0.06281	0.03929	0.08441	0.06829	0.01083	0.02243	0.02486	0.02950	0.03002	0.00526	0.03210

[dist]
# distance from previous block
# <min> <max>
2	19

[block]
# block no. 1 follows, 34 sequences, length 18
# corresponding to MSA columns:
# 104-121
name=unknown_B
#
# <colnr> <probs for GDERKNQSTAVLIFYWHMCP>
#	G	D	E	R	K	N	Q	S	T	A	V	L	I	F	Y	W	H	M	C	P
0	0.04480	0.01494	0.07137	0.03499	0.17561	0.01408	0.08537	0.17581	0.06317	0.02596	0.08999	0.07837	0.04912	0.00918	0.00686	0.00210	0.00677	0.03764	0.00498	0.00886
1	0.01923	0.10713	0.09338	0.01370	0.01834	0.05719	0.01208	0.36980	0.04840	0.02928	0.01751	0.12470	0.01558	0.03538	0.00729	0.00213	0.00700	0.00734	0.00532	0.00923
2	0.01331	0.22513	0.39705	0.01477	0.02179	0.01618	0.03847	0.01829	0.01376	0.01860	0.01960	0.02215	0.11378	0.00788	0.00598	0.00193	0.00785	0.03168	0.00335	0.00846
3	0.00970	0.00792	0.01020	0.01238	0.11402	0.00736	0.00768	0.03394	0.01476	0.01922	0.08827	0.25149	0.34297	0.01516	0.00749	0.00223	0.00415	0.01321	0.03152	0.00633
4	0.01748	0.38830	0.16788	0.01757	0.12300	0.12811	0.01508	0.04177	0.01475	0.01796	0.01030	0.01217	0.00864	0.00592	0.00518	0.00165	0.00824	0.00422	0.00302	0.00878
5	0.01494	0.15254	0.46254	0.01552	0.02296	0.04188	0.01831	0.02029	0.01411	0.07987	0.01585	0.05899	0.04023	0.00744	0.00601	0.00196	0.00825	0.00582	0.00352	0.00897
6	0.00929	0.00725	0.01002	0.01281	0.11352	0.00691	0.00751	0.01067	0.01246	0.01658	0.03302	0.45012	0.11477	0.14964	0.01223	0.00311	0.00470	0.01442	0.00523	0.00576
7	0.02420	0.02896	0.01847	0.01639	0.01998	0.64182	0.01245	0.12494	0.02006	0.01942	0.01079	0.01221	0.00871	0.00682	0.00592	0.00170	0.01100	0.00440	0.00378	0.00800
8	0.13395	0.08201	0.15431	0.04666	0.17442	0.07744	0.05291	0.03975	0.01488	0.11914	0.01334	0.01569	0.01021	0.03062	0.00669	0.00206	0.00776	0.00524	0.00396	0.00897
9	0.01385	0.17298	0.49894	0.01572	0.02395	0.01611	0.01907	0.01964	0.01351	0.01954	0.01108	0.01298	0.00841	0.00583	0.00556	0.00176	0.00835	0.00438	0.00289	0.12545
10	0.01147	0.00855	0.01013	0.01021	0.01191	0.00873	0.00769	0.11338	0.07107	0.02109	0.03397	0.33481	0.11538	0.08139	0.01002	0.00281	0.00488	0.13008	0.00592	0.00650
11	0.03384	0.08022	0.06349	0.02668	0.03586	0.20779	0.05657	0.05355	0.01602	0.10433	0.02180	0.06042	0.11586	0.01016	0.02658	0.00221	0.06521	0.00706	0.00444	0.00792
12	0.01713	0.17076	0.20447	0.01508	0.02062	0.10053	0.05721	0.12626	0.01708	0.04474	0.01569	0.02256	0.01354	0.00810	0.00620	0.00197	0.00806	0.10389	0.03750	0.00861
13	0.00973	0.00675	0.00842	0.00916	0.01009	0.00654	0.00635	0.02914	0.04674	0.04201	0.03397	0.51347	0.07832	0.12053	0.01139	0.00305	0.00438	0.04844	0.00582	0.00570
14	0.01138	0.00920	0.01231	0.01422	0.11558	0.03078	0.00918	0.01505	0.07634	0.01764	0.01959	0.09840	0.01880	0.10563	0.34420	0.00625	0.01100	0.00802	0.06980	0.00665
15	0.02232	0.10454	0.02126	0.01635	0.02032	0.46722	0.05737	0.12708	0.04775	0.02023	0.01153	0.01304	0.00928	0.00683	0.00630	0.00176	0.02996	0.00473	0.00385	0.00828
16	0.00913	0.00698	0.00847	0.00829	0.00985	0.00672	0.00609	0.01167	0.04032	0.01898	0.21922	0.08475	0.22509	0.13392	0.13668	0.00415	0.00625	0.02861	0.00551	0.02934
17	0.27593	0.08983	0.01562	0.01196	0.04422	0.03555	0.03535	0.10669	0.03291	0.07611	0.02033	0.02092	0.11391	0.00903	0.02728	0.00213	0.00612	0.00596	0.00472	0.06543

[dist]
# distance from previous block
# <min> <max>
0	10

[block]
# block no. 2 follows, 34 sequences, length 44
# corresponding to MSA columns:
# 132-175
name=unknown_C
#
# <colnr> <probs for GDERKNQSTAVLIFYWHMCP>
#	G	D	E	R	K	N	Q	S	T	A	V	L	I	F	Y	W	H	M	C	P
0	0.01379	0.01148	0.01611	0.01824	0.20762	0.02687	0.04246	0.05675	0.03581	0.04985	0.22834	0.03085	0.10377	0.00934	0.00671	0.00188	0.00542	0.00828	0.03667	0.08975
1	0.00861	0.00696	0.00785	0.00878	0.00977	0.03599	0.00613	0.01000	0.01348	0.01718	0.07285	0.52666	0.19894	0.01842	0.00800	0.00247	0.00399	0.03253	0.00594	0.00544
2	0.04076	0.03473	0.01813	0.03896	0.04152	0.07067	0.01192	0.35327	0.21701	0.06084	0.01778	0.01766	0.01309	0.00785	0.00669	0.00201	0.02509	0.00602	0.00588	0.01012
3	0.20264	0.01346	0.01437	0.01124	0.01607	0.01362	0.00919	0.22426	0.04110	0.16451	0.01554	0.01568	0.01117	0.00676	0.00547	0.00174	0.00560	0.00502	0.03194	0.19062
4	0.04307	0.16897	0.11851	0.01606	0.07079	0.03533	0.05231	0.17846	0.09258	0.07282	0.01578	0.05048	0.01268	0.00894	0.03341	0.00222	0.00760	0.00601	0.00464	0.00933
5	0.01524	0.14991	0.36256	0.01926	0.06605	0.01666	0.15139	0.04585	0.01458	0.04953	0.01253	0.01547	0.00964	0.03537	0.00716	0.00211	0.00888	0.00545	0.00326	0.00912
6	0.00793	0.00565	0.00748	0.00892	0.00928	0.00529	0.00592	0.00901	0.01226	0.01634	0.03503	0.74090	0.04200	0.04905	0.00919	0.00276	0.00384	0.01803	0.00592	0.00520
7	0.01624	0.03966	0.32231	0.09072	0.08462	0.04525	0.16446	0.04286	0.01522	0.09730	0.01343	0.01576	0.00966	0.00625	0.00649	0.00204	0.00911	0.00571	0.00360	0.00929
8	0.01753	0.09676	0.14170	0.05986	0.11932	0.13847	0.06473	0.07214	0.12335	0.03809	0.01390	0.01572	0.01079	0.00695	0.00704	0.00197	0.05319	0.00548	0.00392	0.00908
9	0.01119	0.00946	0.01299	0.03948	0.19874	0.02493	0.00991	0.01365	0.01478	0.03428	0.11903	0.17528	0.24296	0.01300	0.00725	0.00216	0.00493	0.02714	0.03187	0.00698
10	0.01084	0.00784	0.00959	0.00886	0.01090	0.00764	0.00674	0.01596	0.12055	0.05453	0.54018	0.04487	0.11111	0.01262	0.00742	0.00207	0.00347	0.01100	0.00697	0.00684
11	0.01637	0.01731	0.11929	0.05534	0.47567	0.01513	0.01843	0.07594	0.04792	0.04909	0.01423	0.04098	0.01168	0.00669	0.00644	0.00198	0.00759	0.00614	0.00381	0.00997
12	0.05327	0.01686	0.04814	0.03527	0.09916	0.09347	0.05667	0.22189	0.09131	0.11770	0.01746	0.05408	0.01354	0.00783	0.00636	0.00198	0.00719	0.00647	0.04186	0.00948
13	0.01712	0.12554	0.06726	0.07553	0.10395	0.04727	0.01259	0.13237	0.03858	0.05098	0.01281	0.01453	0.01004	0.00605	0.00555	0.00157	0.00677	0.00477	0.00411	0.26263
14	0.81856	0.01250	0.00950	0.00850	0.01250	0.01449	0.00700	0.01899	0.01100	0.02899	0.00900	0.01050	0.00700	0.00600	0.00400	0.00200	0.00500	0.00350	0.00400	0.00700
15	0.01273	0.01192	0.01961	0.63493	0.10657	0.01427	0.01744	0.01740	0.03655	0.01747	0.01204	0.01718	0.00917	0.00640	0.00639	0.00208	0.00825	0.00572	0.00306	0.04079
16	0.00940	0.00626	0.00705	0.00705	0.00705	0.00626	0.00392	0.00940	0.00940	0.01253	0.02036	0.04228	0.02349	0.77292	0.03289	0.00626	0.00626	0.00940	0.00392	0.00392
17	0.00829	0.00659	0.00746	0.00739	0.00928	0.00576	0.00560	0.01046	0.01590	0.02041	0.28998	0.07452	0.45314	0.01545	0.00771	0.00218	0.00333	0.04451	0.00638	0.00569
18	0.00803	0.00623	0.00731	0.00808	0.00939	0.00557	0.00585	0.00954	0.01362	0.01711	0.04899	0.36005	0.36095	0.03574	0.00860	0.00254	0.00379	0.07731	0.00595	0.00538
19	0.01365	0.01408	0.02652	0.30824	0.10391	0.01520	0.27902	0.01796	0.01382	0.01852	0.01472	0.01927	0.04697	0.00694	0.00820	0.00220	0.07273	0.00686	0.00321	0.00796
20	0.02456	0.01810	0.01939	0.01487	0.02004	0.02004	0.01228	0.71107	0.03038	0.04072	0.01551	0.01551	0.01099	0.00776	0.00646	0.00194	0.00711	0.00582	0.00646	0.01099
21	0.01021	0.00781	0.00962	0.03391	0.01215	0.00798	0.00729	0.05219	0.11358	0.02033	0.10517	0.49452	0.06688	0.01661	0.00777	0.00243	0.00419	0.01482	0.00612	0.00642
22	0.02456	0.01810	0.01939	0.01487	0.02004	0.02004	0.01228	0.71107	0.03038	0.04072	0.01551	0.01551	0.01099	0.00776	0.00646	0.00194	0.00711	0.00582	0.00646	0.01099
23	0.01828	0.01910	0.01739	0.03503	0.08407	0.24092	0.01231	0.05214	0.29850	0.02175	0.01862	0.01924	0.03688	0.00827	0.00791	0.00206	0.08780	0.00614	0.00476	0.00885
24	0.02223	0.24078	0.02278	0.01495	0.01902	0.49483	0.01207	0.06949	0.01765	0.01729	0.01007	0.01154	0.00849	0.00641	0.00539	0.00160	0.01001	0.00407	0.00338	0.00795
25	0.01340	0.01148	0.01340	0.00957	0.01531	0.00861	0.00766	0.01627	0.01340	0.02105	0.01148	0.01340	0.00957	0.00479	0.00479	0.00096	0.00479	0.00383	0.00383	0.81242
26	0.00924	0.00687	0.01013	0.01013	0.01120	0.00794	0.00776	0.01137	0.01031	0.01481	0.01754	0.02667	0.01671	0.10364	0.69290	0.01007	0.01647	0.00711	0.00350	0.00563
27	0.00967	0.04162	0.00998	0.00894	0.00978	0.00807	0.00637	0.01095	0.01007	0.01392	0.01828	0.03216	0.01904	0.36633	0.39816	0.00816	0.01196	0.00786	0.00363	0.00507
28	0.02414	0.03079	0.01831	0.01665	0.01998	0.74698	0.01248	0.02580	0.01831	0.01581	0.00999	0.01165	0.00832	0.00666	0.00583	0.00166	0.01165	0.00416	0.00333	0.00749
29	0.00787	0.00562	0.00750	0.00900	0.00937	0.00525	0.00600	0.00900	0.01237	0.01649	0.03561	0.76871	0.04274	0.02024	0.00825	0.00262	0.00375	0.01837	0.00600	0.00525
30	0.02884	0.01124	0.01514	0.01161	0.01661	0.00986	0.00959	0.05463	0.01890	0.71338	0.02515	0.02177	0.01582	0.00799	0.00650	0.00200	0.00555	0.00647	0.00794	0.01100
31	0.00799	0.00575	0.00758	0.00884	0.00938	0.00534	0.00597	0.00931	0.01301	0.01742	0.10287	0.67756	0.06613	0.01945	0.00817	0.00255	0.00367	0.01758	0.00610	0.00534
32	0.01296	0.03342	0.73944	0.01842	0.02797	0.01501	0.02387	0.02046	0.01364	0.02046	0.01160	0.01364	0.00818	0.00614	0.00614	0.00205	0.00955	0.00477	0.00273	0.00955
33	0.01882	0.52896	0.05644	0.01286	0.01792	0.16111	0.01200	0.06933	0.01524	0.01733	0.00972	0.01122	0.00849	0.00611	0.00526	0.00155	0.03230	0.00388	0.00313	0.00834
34	0.00924	0.00687	0.01012	0.01012	0.01119	0.00794	0.00775	0.01137	0.01031	0.01481	0.01755	0.02670	0.01673	0.10504	0.69152	0.01006	0.01644	0.00712	0.00350	0.00562
35	0.00848	0.00649	0.00780	0.00776	0.00939	0.00580	0.00577	0.01079	0.01621	0.02157	0.38904	0.13873	0.29986	0.01530	0.00774	0.00218	0.00329	0.03148	0.00655	0.00576
36	0.00939	0.00630	0.00722	0.00722	0.00728	0.00636	0.00413	0.00951	0.00945	0.01266	0.02020	0.04140	0.02311	0.73500	0.07029	0.00648	0.00684	0.00927	0.00389	0.00401
37	0.01558	0.01529	0.02283	0.30745	0.25706	0.07139	0.08048	0.05880	0.06897	0.02045	0.01308	0.01685	0.01019	0.00641	0.00651	0.00203	0.00841	0.00592	0.00353	0.00876
38	0.02049	0.02460	0.01930	0.01828	0.06658	0.47256	0.01349	0.02222	0.01546	0.01609	0.00966	0.01271	0.00850	0.00804	0.01064	0.00204	0.24390	0.00473	0.00316	0.00754
39	0.01718	0.01414	0.01502	0.01324	0.01706	0.01620	0.01038	0.09064	0.64165	0.05015	0.02537	0.02333	0.01888	0.00866	0.00656	0.00216	0.00529	0.00716	0.00661	0.01031
40	0.05565	0.01163	0.01324	0.00965	0.01522	0.00920	0.00772	0.01708	0.03943	0.02169	0.01190	0.01364	0.00981	0.00500	0.00481	0.00106	0.00481	0.00394	0.00394	0.74060
41	0.01123	0.00859	0.01166	0.06198	0.08644	0.00868	0.00878	0.05317	0.01501	0.04738	0.14044	0.28966	0.14420	0.04243	0.00899	0.00244	0.03426	0.01245	0.00558	0.00662
42	0.05889	0.09107	0.08941	0.01406	0.05777	0.05441	0.01169	0.11903	0.08296	0.15093	0.04643	0.01866	0.01426	0.03209	0.00730	0.00200	0.03444	0.00573	0.03244	0.07642
43	0.01591	0.03626	0.14446	0.04185	0.29640	0.03056	0.07635	0.05669	0.05766	0.06212	0.03312	0.04943	0.03676	0.00749	0.00692	0.00203	0.02588	0.00671	0.00404	0.00936

[dist]
# distance from previous block
# <min> <max>
2	12

[block]
# block no. 3 follows, 34 sequences, length 80
# corresponding to MSA columns:
# 188-267
name=unknown_D
#
# <colnr> <probs for GDERKNQSTAVLIFYWHMCP>
#	G	D	E	R	K	N	Q	S	T	A	V	L	I	F	Y	W	H	M	C	P
0	0.15423	0.16228	0.02008	0.01470	0.07846	0.03337	0.06743	0.06507	0.04139	0.06197	0.01377	0.03719	0.01175	0.04687	0.02963	0.00231	0.05086	0.00556	0.02948	0.07361
1	0.02384	0.04400	0.01908	0.01593	0.01983	0.46725	0.01243	0.25367	0.02197	0.02409	0.01176	0.01298	0.00921	0.00713	0.00643	0.00178	0.03087	0.00474	0.00435	0.00866
2	0.01484	0.02277	0.28311	0.01860	0.02425	0.09685	0.18862	0.01969	0.01399	0.01973	0.01252	0.01577	0.00972	0.00698	0.00853	0.00208	0.12216	0.00570	0.10580	0.00829
3	0.01220	0.01148	0.01938	0.75739	0.04450	0.01436	0.01794	0.01651	0.01292	0.01651	0.01148	0.01723	0.00861	0.00646	0.00646	0.00215	0.00861	0.00574	0.00287	0.00718
4	0.00786	0.00568	0.00743	0.00883	0.00933	0.00526	0.00593	0.00902	0.01253	0.01656	0.03761	0.72150	0.08865	0.01998	0.00821	0.00259	0.00372	0.01805	0.00600	0.00526
5	0.00816	0.00586	0.00759	0.00880	0.00934	0.00549	0.00597	0.00938	0.01259	0.01668	0.06086	0.60472	0.08133	0.08488	0.01036	0.00291	0.00402	0.05000	0.00586	0.00521
6	0.00921	0.00619	0.00710	0.00729	0.00733	0.00614	0.00417	0.00935	0.00976	0.01302	0.02224	0.13200	0.02587	0.67996	0.02984	0.00581	0.00595	0.01050	0.00417	0.00408
7	0.00923	0.00692	0.01038	0.01038	0.01154	0.00808	0.00808	0.01154	0.01038	0.01500	0.01731	0.02538	0.01615	0.04846	0.74732	0.01038	0.01731	0.00692	0.00346	0.00577
8	0.00989	0.00835	0.00951	0.00994	0.05241	0.00801	0.00694	0.01484	0.13845	0.02103	0.18840	0.05008	0.43051	0.01379	0.00738	0.00214	0.00380	0.01169	0.00616	0.00669
9	0.02414	0.03079	0.01831	0.01665	0.01998	0.74698	0.01248	0.02580	0.01831	0.01581	0.00999	0.01165	0.00832	0.00666	0.00583	0.00166	0.01165	0.00416	0.00333	0.00749
10	0.01770	0.43318	0.06873	0.09994	0.03925	0.18541	0.01305	0.02030	0.01426	0.01594	0.00999	0.01226	0.00863	0.00729	0.02845	0.00187	0.00868	0.00412	0.00293	0.00802
11	0.01662	0.12404	0.02561	0.04778	0.46318	0.08686	0.03717	0.01998	0.01469	0.01964	0.01145	0.01463	0.00967	0.00574	0.00592	0.00175	0.00782	0.00517	0.00320	0.07910
12	0.01386	0.00777	0.00796	0.00730	0.00934	0.00805	0.00564	0.11581	0.01599	0.02650	0.02027	0.02285	0.01575	0.00756	0.00480	0.00157	0.00360	0.00599	0.69265	0.00674
13	0.01842	0.00855	0.01130	0.00948	0.01258	0.00764	0.00751	0.02122	0.01797	0.34918	0.34780	0.03422	0.03667	0.01035	0.00684	0.00197	0.00416	0.00884	0.07699	0.00832
14	0.00906	0.00660	0.00852	0.00804	0.00960	0.00606	0.00603	0.01202	0.01808	0.02542	0.69052	0.04908	0.09996	0.01339	0.00762	0.00204	0.00306	0.01180	0.00705	0.00606
15	0.00780	0.00658	0.00677	0.00681	0.00894	0.00555	0.00516	0.00954	0.01486	0.01784	0.08871	0.06208	0.67873	0.01630	0.00769	0.00221	0.00337	0.03952	0.00604	0.00550
16	0.81856	0.01250	0.00950	0.00850	0.01250	0.01449	0.00700	0.01899	0.01100	0.02899	0.00900	0.01050	0.00700	0.00600	0.00400	0.00200	0.00500	0.00350	0.00400	0.00700
17	0.01566	0.01502	0.02563	0.10186	0.67298	0.01527	0.01967	0.01954	0.01456	0.02071	0.01210	0.01610	0.01009	0.00582	0.00640	0.00194	0.00776	0.00576	0.00317	0.00997
18	0.02414	0.03079	0.01831	0.01665	0.01998	0.74698	0.01248	0.02580	0.01831	0.01581	0.00999	0.01165	0.00832	0.00666	0.00583	0.00166	0.01165	0.00416	0.00333	0.00749
19	0.01525	0.01743	0.03813	0.02723	0.03377	0.01634	0.70915	0.02070	0.01525	0.02070	0.01307	0.01743	0.00980	0.00545	0.00763	0.00218	0.01089	0.00763	0.00327	0.00871
20	0.01852	0.02030	0.01524	0.01401	0.01713	0.34162	0.01059	0.02693	0.30356	0.02078	0.04175	0.08490	0.03871	0.00917	0.00645	0.00199	0.00781	0.00717	0.00507	0.00831
21	0.01029	0.00823	0.00965	0.00866	0.01144	0.00700	0.00648	0.03867	0.01480	0.02037	0.13354	0.23494	0.20567	0.01317	0.00690	0.00190	0.00397	0.01140	0.00552	0.24742
22	0.01122	0.00561	0.00842	0.00842	0.00842	0.00561	0.00561	0.00842	0.00842	0.01122	0.01122	0.01964	0.01122	0.02245	0.02525	0.81201	0.00561	0.00561	0.00281	0.00281
23	0.01501	0.01584	0.05370	0.16462	0.40245	0.01542	0.19840	0.01948	0.01449	0.02015	0.01225	0.01650	0.00976	0.00582	0.00672	0.00203	0.00875	0.00620	0.00314	0.00927
24	0.01296	0.03342	0.73944	0.01842	0.02797	0.01501	0.02387	0.02046	0.01364	0.02046	0.01160	0.01364	0.00818	0.00614	0.00614	0.00205	0.00955	0.00477	0.00273	0.00955
25	0.00860	0.00632	0.00810	0.00870	0.00971	0.00595	0.00612	0.01106	0.04068	0.02022	0.27886	0.44880	0.08838	0.01714	0.00793	0.00238	0.00353	0.01535	0.00641	0.00574
26	0.01252	0.10846	0.01514	0.01155	0.01298	0.07619	0.00910	0.01407	0.01112	0.01467	0.01459	0.02377	0.01459	0.18812	0.29639	0.00616	0.15464	0.00653	0.00334	0.00609
27	0.00852	0.00621	0.00831	0.00929	0.00999	0.00599	0.00663	0.01021	0.01373	0.01863	0.17491	0.54042	0.04503	0.01837	0.00852	0.00254	0.02337	0.07766	0.00614	0.00553
28	0.03851	0.07716	0.04560	0.08441	0.18789	0.09625	0.07067	0.11599	0.03495	0.05828	0.03293	0.01894	0.05038	0.00827	0.02687	0.00213	0.00797	0.00608	0.00421	0.03251
29	0.01916	0.02367	0.11307	0.08555	0.14333	0.31377	0.08346	0.04087	0.05619	0.04196	0.01253	0.01480	0.00975	0.00649	0.00627	0.00190	0.00970	0.00527	0.00360	0.00866
30	0.01151	0.00660	0.00843	0.00871	0.01012	0.00606	0.00624	0.01333	0.01420	0.11978	0.11307	0.44070	0.08016	0.01582	0.00740	0.00230	0.00379	0.01403	0.11149	0.00627
31	0.04086	0.01527	0.07773	0.02302	0.25100	0.04613	0.12050	0.02047	0.01530	0.14604	0.04063	0.02332	0.09380	0.00981	0.04523	0.00245	0.00791	0.00707	0.00448	0.00897
32	0.01871	0.09829	0.15838	0.10583	0.11547	0.07380	0.03400	0.14905	0.03447	0.10520	0.01396	0.01551	0.01029	0.00662	0.00609	0.00189	0.00796	0.00533	0.00429	0.03486
33	0.01551	0.01629	0.04399	0.34987	0.16512	0.09081	0.13929	0.06500	0.01540	0.01974	0.01200	0.01625	0.00924	0.00625	0.00658	0.00205	0.00908	0.00589	0.00328	0.00836
34	0.65055	0.01524	0.01300	0.01109	0.01521	0.10812	0.06595	0.02000	0.01228	0.02662	0.00946	0.01122	0.00740	0.00604	0.00453	0.00197	0.00634	0.00393	0.00385	0.00720
35	0.00913	0.00675	0.00936	0.00936	0.01036	0.00747	0.00694	0.01090	0.01056	0.01470	0.02211	0.03207	0.07954	0.19565	0.53531	0.00882	0.01380	0.00802	0.00378	0.00536
36	0.01420	0.06725	0.41940	0.04217	0.08168	0.04230	0.11599	0.01998	0.01396	0.01990	0.01155	0.01420	0.00872	0.00602	0.00650	0.00193	0.02736	0.00512	0.00297	0.07879
37	0.00861	0.00626	0.00783	0.00818	0.00906	0.00603	0.00563	0.01006	0.01293	0.01734	0.16787	0.26090	0.14267	0.19718	0.10593	0.00426	0.00582	0.01285	0.00541	0.00520
38	0.00835	0.00611	0.00786	0.00852	0.00952	0.00562	0.00605	0.01023	0.01469	0.01984	0.27058	0.42632	0.12619	0.01738	0.00799	0.00239	0.00353	0.03687	0.00637	0.00558
39	0.01220	0.01148	0.01938	0.75739	0.04450	0.01436	0.01794	0.01651	0.01292	0.01651	0.01148	0.01723	0.00861	0.00646	0.00646	0.00215	0.00861	0.00574	0.00287	0.00718
40	0.01220	0.01148	0.01938	0.75739	0.04450	0.01436	0.01794	0.01651	0.01292	0.01651	0.01148	0.01723	0.00861	0.00646	0.00646	0.00215	0.00861	0.00574	0.00287	0.00718
41	0.00992	0.00782	0.01107	0.09868	0.07334	0.00830	0.00852	0.01139	0.01172	0.01577	0.02491	0.34394	0.02844	0.23510	0.01576	0.00359	0.04655	0.03494	0.00462	0.00562
42	0.02456	0.01810	0.01939	0.01487	0.02004	0.02004	0.01228	0.71107	0.03038	0.04072	0.01551	0.01551	0.01099	0.00776	0.00646	0.00194	0.00711	0.00582	0.00646	0.01099
43	0.81856	0.01250	0.00950	0.00850	0.01250	0.01449	0.00700	0.01899	0.01100	0.02899	0.00900	0.01050	0.00700	0.00600	0.00400	0.00200	0.00500	0.00350	0.00400	0.00700
44	0.81856	0.01250	0.00950	0.00850	0.01250	0.01449	0.00700	0.01899	0.01100	0.02899	0.00900	0.01050	0.00700	0.00600	0.00400	0.00200	0.00500	0.00350	0.00400	0.00700
45	0.81856	0.01250	0.00950	0.00850	0.01250	0.01449	0.00700	0.01899	0.01100	0.02899	0.00900	0.01050	0.00700	0.00600	0.00400	0.00200	0.00500	0.00350	0.00400	0.00700
46	0.02517	0.01185	0.01488	0.01198	0.01659	0.01144	0.00971	0.03233	0.22614	0.52719	0.02573	0.02262	0.01710	0.00822	0.00652	0.00206	0.00538	0.00674	0.00758	0.01077
47	0.00914	0.00660	0.00864	0.00813	0.00965	0.00610	0.00610	0.01219	0.01829	0.02591	0.72921	0.04827	0.06097	0.01321	0.00762	0.00203	0.00305	0.01169	0.00711	0.00610
48	0.00857	0.00643	0.00795	0.00789	0.00938	0.00580	0.00579	0.01097	0.01646	0.02233	0.45580	0.16942	0.21926	0.01512	0.00773	0.00217	0.00322	0.01325	0.00666	0.00580
49	0.01414	0.01414	0.01979	0.01696	0.01696	0.01979	0.01414	0.01555	0.00990	0.01555	0.00848	0.01414	0.00848	0.01131	0.02120	0.00283	0.76110	0.00565	0.00283	0.00707
50	0.01727	0.77681	0.03386	0.01106	0.01658	0.02557	0.01106	0.01935	0.01313	0.01520	0.00898	0.01036	0.00829	0.00553	0.00415	0.00138	0.00691	0.00345	0.00276	0.00829
51	0.00886	0.00635	0.00888	0.00969	0.01036	0.00605	0.02843	0.02896	0.01262	0.01685	0.03222	0.65889	0.03807	0.01962	0.00965	0.07274	0.00423	0.01657	0.00565	0.00531
52	0.81856	0.01250	0.00950	0.00850	0.01250	0.01449	0.00700	0.01899	0.01100	0.02899	0.00900	0.01050	0.00700	0.00600	0.00400	0.00200	0.00500	0.00350	0.00400	0.00700
53	0.02414	0.03079	0.01831	0.01665	0.01998	0.74698	0.01248	0.02580	0.01831	0.01581	0.00999	0.01165	0.00832	0.00666	0.00583	0.00166	0.01165	0.00416	0.00333	0.00749
54	0.00889	0.00659	0.00828	0.00786	0.00949	0.00599	0.00589	0.01169	0.01768	0.02446	0.61555	0.05065	0.17553	0.01375	0.00762	0.00206	0.00309	0.01202	0.00692	0.00599
55	0.02414	0.03079	0.01831	0.01665	0.01998	0.74698	0.01248	0.02580	0.01831	0.01581	0.00999	0.01165	0.00832	0.00666	0.00583	0.00166	0.01165	0.00416	0.00333	0.00749
56	0.00923	0.00692	0.01038	0.01038	0.01154	0.00808	0.00808	0.01154	0.01038	0.01500	0.01731	0.02538	0.01615	0.04846	0.74732	0.01038	0.01731	0.00692	0.00346	0.00577
57	0.02495	0.01748	0.01901	0.01457	0.01973	0.01912	0.01204	0.65217	0.02935	0.10107	0.01638	0.01607	0.01142	0.00778	0.00647	0.00194	0.00697	0.00588	0.00660	0.01099
58	0.00973	0.00723	0.00961	0.00937	0.00987	0.00823	0.00662	0.01087	0.00987	0.01387	0.01799	0.03245	0.01898	0.38978	0.34462	0.00777	0.07652	0.00799	0.00362	0.00500
59	0.00792	0.00595	0.00735	0.00828	0.00923	0.00538	0.00572	0.00935	0.01350	0.01756	0.10350	0.52230	0.22326	0.01862	0.00803	0.00246	0.00356	0.01656	0.00610	0.00538
60	0.01593	0.01360	0.01430	0.01289	0.01647	0.01571	0.01002	0.03364	0.69554	0.02692	0.02611	0.02411	0.01961	0.00872	0.00650	0.00217	0.00504	0.00726	0.03538	0.01008
61	0.02379	0.01736	0.01869	0.01455	0.01954	0.01919	0.01195	0.60986	0.10656	0.06595	0.01709	0.01672	0.01215	0.00788	0.00648	0.00197	0.00683	0.00601	0.00653	0.01090
62	0.01220	0.01148	0.01938	0.75739	0.04450	0.01436	0.01794	0.01651	0.01292	0.01651	0.01148	0.01723	0.00861	0.00646	0.00646	0.00215	0.00861	0.00574	0.00287	0.00718
63	0.01609	0.30846	0.35746	0.01657	0.06373	0.07586	0.01755	0.02075	0.01402	0.03938	0.01094	0.01265	0.00859	0.00598	0.00540	0.00176	0.00850	0.00434	0.00297	0.00900
64	0.08666	0.06192	0.25072	0.06148	0.17176	0.09708	0.01731	0.08381	0.01572	0.05486	0.01207	0.01423	0.00918	0.00648	0.00638	0.00196	0.03063	0.00499	0.00360	0.00917
65	0.00940	0.00626	0.00705	0.00705	0.00705	0.00626	0.00392	0.00940	0.00940	0.01253	0.02036	0.04228	0.02349	0.77292	0.03289	0.00626	0.00626	0.00940	0.00392	0.00392
66	0.01569	0.21404	0.11608	0.17650	0.11329	0.01849	0.05265	0.07650	0.07603	0.02029	0.01246	0.01514	0.00989	0.00662	0.00671	0.00194	0.05012	0.00527	0.00350	0.00879
67	0.01397	0.01256	0.01838	0.50922	0.05558	0.01513	0.01575	0.06006	0.19115	0.02063	0.01544	0.01882	0.01157	0.00709	0.00649	0.00214	0.00763	0.00614	0.00401	0.00824
68	0.01577	0.04123	0.29646	0.01872	0.11784	0.03680	0.01687	0.10266	0.13275	0.04344	0.03609	0.05862	0.01431	0.00790	0.00687	0.00207	0.03140	0.00641	0.00433	0.00946
69	0.00967	0.00875	0.07120	0.00871	0.00977	0.00739	0.00649	0.01079	0.00997	0.01372	0.01898	0.03636	0.02067	0.55899	0.17600	0.00674	0.00880	0.00849	0.00372	0.00478
70	0.00940	0.00626	0.00705	0.00705	0.00705	0.00626	0.00392	0.00940	0.00940	0.01253	0.02036	0.04228	0.02349	0.77292	0.03289	0.00626	0.00626	0.00940	0.00392	0.00392
71	0.02345	0.02893	0.01802	0.01629	0.01970	0.66067	0.01228	0.04819	0.07959	0.01757	0.01158	0.01285	0.00940	0.00688	0.00591	0.00172	0.01094	0.00449	0.00371	0.00784
72	0.04354	0.01996	0.21754	0.09210	0.25699	0.01539	0.13736	0.02142	0.09203	0.02139	0.01355	0.01641	0.01039	0.00621	0.00648	0.00205	0.00844	0.00590	0.00346	0.00940
73	0.01227	0.01171	0.01912	0.06605	0.11797	0.04866	0.18084	0.01529	0.01402	0.01860	0.02351	0.30514	0.02505	0.01249	0.00758	0.00235	0.00696	0.08038	0.02490	0.00711
74	0.00778	0.00631	0.00691	0.00727	0.00895	0.00544	0.00526	0.00936	0.01431	0.01767	0.09442	0.24450	0.51491	0.01719	0.00779	0.00229	0.00338	0.01475	0.00606	0.00544
75	0.00971	0.00699	0.00860	0.00812	0.00995	0.00643	0.00611	0.01297	0.04436	0.04761	0.51716	0.06874	0.20154	0.01373	0.00756	0.00209	0.00328	0.01194	0.00685	0.00626
76	0.01692	0.04111	0.06392	0.15151	0.27137	0.01558	0.14228	0.06494	0.01557	0.09644	0.01351	0.01666	0.01028	0.00647	0.00728	0.00205	0.04495	0.00604	0.00381	0.00931
77	0.05758	0.00700	0.00932	0.00895	0.00960	0.00730	0.00623	0.05057	0.03361	0.01446	0.01185	0.01904	0.01126	0.02021	0.02235	0.69251	0.00565	0.00556	0.00321	0.00376
78	0.00800	0.00576	0.00760	0.00893	0.00947	0.00536	0.00608	0.00930	0.01286	0.01714	0.07574	0.68280	0.07002	0.01964	0.00821	0.00258	0.00375	0.03539	0.00606	0.00532
79	0.01727	0.03942	0.01815	0.08072	0.14846	0.18964	0.03182	0.06463	0.08633	0.06035	0.07942	0.08027	0.03712	0.00979	0.02637	0.00220	0.00780	0.00731	0.00464	0.00830

[dist]
# distance from previous block
# <min> <max>
3	10

[block]
# block no. 4 follows, 34 sequences, length 13
# corresponding to MSA columns:
# 278-290
name=unknown_E
#
# <colnr> <probs for GDERKNQSTAVLIFYWHMCP>
#	G	D	E	R	K	N	Q	S	T	A	V	L	I	F	Y	W	H	M	C	P
0	0.00814	0.00624	0.00744	0.00787	0.00916	0.00566	0.00559	0.00980	0.01408	0.01824	0.16544	0.30007	0.31101	0.05425	0.04411	0.00289	0.00420	0.01441	0.00597	0.00544
1	0.05380	0.06517	0.09662	0.03987	0.05745	0.09145	0.10937	0.16755	0.10397	0.08280	0.01493	0.01622	0.01113	0.00717	0.00718	0.00202	0.05355	0.00577	0.00463	0.00935
2	0.00917	0.00613	0.00812	0.00918	0.01002	0.00569	0.00647	0.01065	0.01332	0.05281	0.07584	0.60275	0.07461	0.01887	0.00815	0.00257	0.00395	0.06992	0.00616	0.00564
3	0.06893	0.02787	0.01772	0.01586	0.01940	0.60893	0.01204	0.08278	0.05352	0.01918	0.01119	0.01252	0.00903	0.00682	0.00581	0.00173	0.01057	0.00442	0.00379	0.00789
4	0.07919	0.13795	0.16714	0.01941	0.13440	0.05656	0.08417	0.09478	0.01576	0.05313	0.01201	0.01410	0.00934	0.00636	0.00653	0.00187	0.04376	0.00505	0.00369	0.05481
5	0.01220	0.01148	0.01938	0.75739	0.04450	0.01436	0.01794	0.01651	0.01292	0.01651	0.01148	0.01723	0.00861	0.00646	0.00646	0.00215	0.00861	0.00574	0.00287	0.00718
6	0.71522	0.01322	0.01078	0.00933	0.01348	0.01522	0.00769	0.10907	0.01352	0.03052	0.00984	0.01115	0.00752	0.00623	0.00432	0.00199	0.00527	0.00380	0.00432	0.00752
7	0.01727	0.77681	0.03386	0.01106	0.01658	0.02557	0.01106	0.01935	0.01313	0.01520	0.00898	0.01036	0.00829	0.00553	0.00415	0.00138	0.00691	0.00345	0.00276	0.00829
8	0.00766	0.00646	0.00663	0.00677	0.00879	0.00544	0.00501	0.00925	0.01451	0.01737	0.06276	0.12612	0.66781	0.01671	0.00769	0.00222	0.00332	0.01406	0.00600	0.00544
9	0.01200	0.00972	0.01207	0.01131	0.01346	0.01046	0.03492	0.01927	0.24750	0.04262	0.08519	0.25472	0.11730	0.01501	0.03606	0.00265	0.05073	0.01164	0.00594	0.00742
10	0.00970	0.00761	0.01157	0.01109	0.01239	0.00772	0.07349	0.03439	0.01233	0.01681	0.02580	0.37504	0.02872	0.11630	0.22002	0.00519	0.00868	0.01262	0.00479	0.00576
11	0.15101	0.24704	0.06069	0.01746	0.14956	0.14062	0.01287	0.05096	0.01507	0.06220	0.01181	0.01443	0.00979	0.00645	0.00529	0.00177	0.00757	0.02313	0.00369	0.00858
12	0.46303	0.20813	0.01750	0.01131	0.04818	0.01757	0.00918	0.05763	0.05049	0.05081	0.01099	0.01212	0.00869	0.00618	0.00451	0.00184	0.00575	0.00403	0.00406	0.00801

[dist]
# distance from previous block
# <min> <max>
0	1

[block]
# block no. 5 follows, 34 sequences, length 10
# corresponding to MSA columns:
# 292-301
name=unknown_F
#
# <colnr> <probs for GDERKNQSTAVLIFYWHMCP>
#	G	D	E	R	K	N	Q	S	T	A	V	L	I	F	Y	W	H	M	C	P
0	0.01277	0.01163	0.01756	0.08109	0.21775	0.03572	0.05370	0.01521	0.01240	0.01699	0.01630	0.05174	0.01627	0.19033	0.10339	0.00415	0.08551	0.04681	0.00359	0.00706
1	0.01599	0.01535	0.02623	0.03966	0.73262	0.01535	0.01983	0.01983	0.01471	0.02111	0.01215	0.01599	0.01023	0.00576	0.00640	0.00192	0.00768	0.00576	0.00320	0.01023
2	0.00924	0.00640	0.00747	0.00734	0.00895	0.00585	0.00545	0.01177	0.01594	0.02260	0.35759	0.10021	0.22797	0.01341	0.00704	0.00201	0.00315	0.01154	0.17021	0.00585
3	0.12919	0.01736	0.01809	0.01403	0.01904	0.01931	0.01158	0.61987	0.02783	0.03918	0.01465	0.01485	0.01046	0.00752	0.00614	0.00195	0.00683	0.00551	0.00614	0.01046
4	0.81856	0.01250	0.00950	0.00850	0.01250	0.01449	0.00700	0.01899	0.01100	0.02899	0.00900	0.01050	0.00700	0.00600	0.00400	0.00200	0.00500	0.00350	0.00400	0.00700
5	0.02456	0.01810	0.01939	0.01487	0.02004	0.02004	0.01228	0.71107	0.03038	0.04072	0.01551	0.01551	0.01099	0.00776	0.00646	0.00194	0.00711	0.00582	0.00646	0.01099
6	0.02899	0.01100	0.01499	0.01150	0.01649	0.00950	0.00950	0.03149	0.01849	0.73709	0.02549	0.02199	0.01599	0.00800	0.00650	0.00200	0.00550	0.00650	0.00800	0.01100
7	0.00935	0.00646	0.00805	0.00805	0.00840	0.00681	0.00517	0.01004	0.00969	0.01327	0.01944	0.03719	0.02128	0.55460	0.24819	0.00751	0.00959	0.00865	0.00378	0.00447
8	0.01599	0.01535	0.02623	0.03966	0.73262	0.01535	0.01983	0.01983	0.01471	0.02111	0.01215	0.01599	0.01023	0.00576	0.00640	0.00192	0.00768	0.00576	0.00320	0.01023
9	0.00780	0.00655	0.00678	0.00672	0.00883	0.00553	0.00504	0.00960	0.01512	0.01839	0.13873	0.06065	0.65614	0.01602	0.00763	0.00217	0.00325	0.01342	0.00612	0.00553

[dist]
# distance from previous block
# <min> <max>
0	1

[block]
# block no. 6 follows, 34 sequences, length 27
# corresponding to MSA columns:
# 303-329
name=unknown_G
#
# <colnr> <probs for GDERKNQSTAVLIFYWHMCP>
#	G	D	E	R	K	N	Q	S	T	A	V	L	I	F	Y	W	H	M	C	P
0	0.10752	0.01173	0.01481	0.01147	0.01639	0.01087	0.00948	0.08635	0.01873	0.60884	0.02302	0.02031	0.01468	0.00778	0.00625	0.00199	0.00558	0.00614	0.00747	0.01060
1	0.19509	0.01278	0.01934	0.31356	0.22530	0.01430	0.04804	0.01788	0.01312	0.02087	0.01250	0.03979	0.01053	0.00683	0.00606	0.00209	0.00743	0.02313	0.00341	0.00797
2	0.81856	0.01250	0.00950	0.00850	0.01250	0.01449	0.00700	0.01899	0.01100	0.02899	0.00900	0.01050	0.00700	0.00600	0.00400	0.00200	0.00500	0.00350	0.00400	0.00700
3	0.01561	0.01496	0.02553	0.11220	0.66307	0.01525	0.01964	0.01949	0.01453	0.02064	0.01209	0.01612	0.01007	0.00583	0.00640	0.00194	0.00777	0.00576	0.00317	0.00993
4	0.05637	0.01301	0.01601	0.01232	0.01733	0.01259	0.01018	0.21873	0.02150	0.51911	0.02214	0.01979	0.01429	0.00786	0.00640	0.00198	0.00593	0.00620	0.00743	0.01085
5	0.00923	0.00692	0.01038	0.01038	0.01154	0.00808	0.00808	0.01154	0.01038	0.01500	0.01731	0.02538	0.01615	0.04846	0.74732	0.01038	0.01731	0.00692	0.00346	0.00577
6	0.01414	0.01414	0.01979	0.01696	0.01696	0.01979	0.01414	0.01555	0.00990	0.01555	0.00848	0.01414	0.00848	0.01131	0.02120	0.00283	0.76110	0.00565	0.00283	0.00707
7	0.01414	0.01414	0.01979	0.01696	0.01696	0.01979	0.01414	0.01555	0.00990	0.01555	0.00848	0.01414	0.00848	0.01131	0.02120	0.00283	0.76110	0.00565	0.00283	0.00707
8	0.70336	0.01228	0.01030	0.00893	0.01308	0.01377	0.00736	0.02082	0.01209	0.13230	0.01140	0.01217	0.00831	0.00629	0.00436	0.00200	0.00507	0.00394	0.00458	0.00758
9	0.01607	0.01388	0.01461	0.01315	0.01680	0.01607	0.01023	0.03433	0.72094	0.02703	0.02630	0.02411	0.01972	0.00877	0.00657	0.00219	0.00511	0.00731	0.00657	0.01023
10	0.01016	0.00725	0.01012	0.01161	0.01298	0.00722	0.00997	0.01294	0.01462	0.01905	0.03435	0.14321	0.03775	0.01809	0.00886	0.00294	0.00573	0.62133	0.00595	0.00588
11	0.00787	0.00562	0.00750	0.00900	0.00937	0.00525	0.00600	0.00900	0.01237	0.01649	0.03561	0.76871	0.04274	0.02024	0.00825	0.00262	0.00375	0.01837	0.00600	0.00525
12	0.00828	0.00643	0.00753	0.00755	0.00920	0.00569	0.00555	0.01042	0.01583	0.02075	0.33055	0.15962	0.35813	0.01565	0.00772	0.00219	0.00325	0.01353	0.00645	0.00569
13	0.02111	0.14684	0.04198	0.03787	0.07964	0.32181	0.04570	0.16356	0.04357	0.02199	0.01192	0.01349	0.00949	0.00662	0.00586	0.00176	0.00922	0.00485	0.00395	0.00876
14	0.02574	0.01621	0.01822	0.01397	0.01910	0.01724	0.01154	0.53076	0.02723	0.22549	0.01816	0.01723	0.01232	0.00782	0.00647	0.00196	0.00668	0.00600	0.00687	0.01099
15	0.01814	0.24922	0.07362	0.04333	0.09746	0.22022	0.17139	0.02146	0.01523	0.01760	0.01076	0.01333	0.00885	0.00591	0.00583	0.00176	0.00942	0.00499	0.00308	0.00841
16	0.00784	0.00573	0.00738	0.00870	0.00929	0.00527	0.00587	0.00903	0.01266	0.01661	0.03921	0.68345	0.12566	0.01977	0.00817	0.00257	0.00369	0.01780	0.00600	0.00527
17	0.04436	0.30734	0.15652	0.03953	0.04558	0.01891	0.04742	0.11657	0.01650	0.13050	0.01326	0.01421	0.00993	0.00637	0.00551	0.00178	0.00742	0.00484	0.00415	0.00931
18	0.04455	0.04222	0.07193	0.02493	0.17151	0.07427	0.29380	0.15299	0.01797	0.02433	0.01276	0.01564	0.00977	0.00611	0.00669	0.00200	0.00917	0.00619	0.00385	0.00935
19	0.00922	0.00629	0.00700	0.00700	0.00722	0.00618	0.00402	0.00938	0.00994	0.01303	0.02492	0.04429	0.09490	0.69646	0.03033	0.00585	0.00596	0.00982	0.00413	0.00407
20	0.01848	0.04080	0.02235	0.07792	0.24813	0.05551	0.03169	0.23208	0.03752	0.02556	0.01271	0.01547	0.01014	0.00746	0.00883	0.00208	0.13389	0.00569	0.00420	0.00947
21	0.78022	0.01338	0.00992	0.00889	0.01286	0.04985	0.00726	0.01932	0.01135	0.02835	0.00904	0.01055	0.00706	0.00603	0.00409	0.00198	0.00532	0.00353	0.00397	0.00702
22	0.00786	0.00567	0.00745	0.00887	0.00934	0.00526	0.00594	0.00901	0.01249	0.01654	0.03715	0.73231	0.07813	0.02004	0.00822	0.00260	0.00372	0.01812	0.00600	0.00526
23	0.00787	0.00562	0.00750	0.00900	0.00937	0.00525	0.00600	0.00900	0.01237	0.01649	0.03561	0.76871	0.04274	0.02024	0.00825	0.00262	0.00375	0.01837	0.00600	0.00525
24	0.01528	0.01800	0.13114	0.07227	0.52373	0.01535	0.08999	0.01984	0.01452	0.02074	0.01213	0.01586	0.00981	0.00582	0.00649	0.00198	0.00832	0.00580	0.00312	0.00982
25	0.01453	0.01215	0.01400	0.01011	0.01579	0.00977	0.00812	0.08649	0.01511	0.02304	0.01189	0.01361	0.00971	0.00509	0.00495	0.00106	0.00502	0.00403	0.00409	0.73142
26	0.02003	0.24462	0.06275	0.01965	0.18817	0.05466	0.01413	0.22436	0.01923	0.07455	0.01299	0.01426	0.01008	0.00650	0.00571	0.00176	0.00742	0.00501	0.00435	0.00976

[dist]
# distance from previous block
# <min> <max>
0	1

[block]
# block no. 7 follows, 34 sequences, length 23
# corresponding to MSA columns:
# 331-353
name=unknown_H
#
# <colnr> <probs for GDERKNQSTAVLIFYWHMCP>
#	G	D	E	R	K	N	Q	S	T	A	V	L	I	F	Y	W	H	M	C	P
0	0.07315	0.09309	0.07289	0.01363	0.01711	0.11364	0.04179	0.12391	0.03203	0.03797	0.04643	0.11144	0.04372	0.03933	0.00932	0.00226	0.10853	0.00745	0.00447	0.00782
1	0.01009	0.01003	0.05628	0.00996	0.01326	0.00790	0.05321	0.01356	0.05129	0.02009	0.14311	0.11617	0.31510	0.01267	0.00708	0.00200	0.00452	0.01096	0.00546	0.13728
2	0.04421	0.16271	0.12260	0.04472	0.11003	0.07982	0.01313	0.02024	0.01435	0.08475	0.01217	0.01386	0.00956	0.00581	0.00535	0.00155	0.00707	0.00447	0.00369	0.23992
3	0.50760	0.09444	0.04622	0.01120	0.01527	0.16001	0.00957	0.02027	0.01271	0.02399	0.00928	0.01102	0.00751	0.00634	0.00528	0.00191	0.04261	0.00378	0.00363	0.00734
4	0.00890	0.00787	0.04016	0.00861	0.01070	0.00643	0.00712	0.01154	0.01600	0.02109	0.31028	0.07618	0.31155	0.01506	0.00779	0.00226	0.00391	0.12232	0.00627	0.00595
5	0.01445	0.04849	0.19324	0.11751	0.11436	0.04255	0.03281	0.06850	0.11435	0.02153	0.02113	0.02260	0.10612	0.00811	0.00680	0.00205	0.02686	0.00668	0.02318	0.00867
6	0.01122	0.00561	0.00842	0.00842	0.00842	0.00561	0.00561	0.00842	0.00842	0.01122	0.01122	0.01964	0.01122	0.02245	0.02525	0.81201	0.00561	0.00561	0.00281	0.00281
7	0.01718	0.11967	0.27268	0.01875	0.11668	0.10270	0.01681	0.13383	0.06795	0.02332	0.04126	0.01573	0.01186	0.00680	0.00603	0.00189	0.00824	0.00529	0.00392	0.00939
8	0.17129	0.01145	0.01130	0.00970	0.01293	0.01260	0.00775	0.21294	0.08896	0.02999	0.01772	0.01907	0.01347	0.00742	0.00517	0.00179	0.00475	0.00561	0.34807	0.00803
9	0.15131	0.02138	0.01648	0.04947	0.01930	0.33669	0.01118	0.15630	0.01876	0.07042	0.01212	0.01332	0.00925	0.00667	0.00563	0.00175	0.00852	0.00457	0.00437	0.08250
10	0.17814	0.01701	0.01748	0.01363	0.01858	0.01897	0.01126	0.57721	0.02663	0.03845	0.01425	0.01454	0.01022	0.00742	0.00599	0.00195	0.00670	0.00537	0.00599	0.01022
11	0.00907	0.00660	0.00853	0.00805	0.00961	0.00606	0.00604	0.01205	0.01811	0.02548	0.69559	0.04897	0.09485	0.01337	0.00762	0.00204	0.00306	0.01178	0.00706	0.00606
12	0.01543	0.34559	0.22827	0.01421	0.01972	0.05677	0.01492	0.01898	0.01322	0.01742	0.03733	0.01354	0.01036	0.00696	0.00772	0.00183	0.13012	0.00455	0.00300	0.04007
13	0.02456	0.01810	0.01939	0.01487	0.02004	0.02004	0.01228	0.71107	0.03038	0.04072	0.01551	0.01551	0.01099	0.00776	0.00646	0.00194	0.00711	0.00582	0.00646	0.01099
14	0.00922	0.00666	0.00875	0.00836	0.00989	0.00618	0.00637	0.01227	0.01808	0.02550	0.68585	0.04980	0.05948	0.01350	0.00770	0.00209	0.00323	0.05395	0.00704	0.00609
15	0.01282	0.01211	0.02049	0.64085	0.15623	0.01452	0.01825	0.01705	0.01321	0.01726	0.01159	0.01703	0.00888	0.00635	0.00645	0.00212	0.00846	0.00574	0.00292	0.00767
16	0.02515	0.01715	0.01881	0.01442	0.01957	0.01864	0.01191	0.62066	0.02880	0.13337	0.01684	0.01637	0.01165	0.00779	0.00647	0.00195	0.00690	0.00591	0.00667	0.01099
17	0.04849	0.01958	0.13007	0.05603	0.22124	0.10680	0.09196	0.05608	0.01511	0.03872	0.01179	0.01484	0.00938	0.00667	0.00793	0.00199	0.09482	0.00541	0.00346	0.05962
18	0.00843	0.00658	0.00765	0.00738	0.00922	0.00579	0.00554	0.01081	0.01661	0.02192	0.41556	0.05484	0.37711	0.01470	0.00763	0.00210	0.00315	0.01261	0.00659	0.00579
19	0.01746	0.06315	0.09837	0.02082	0.18596	0.01652	0.06130	0.11048	0.26861	0.06304	0.01813	0.01865	0.01365	0.00720	0.00639	0.00202	0.00695	0.00624	0.00499	0.01007
20	0.02414	0.03079	0.01831	0.01665	0.01998	0.74698	0.01248	0.02580	0.01831	0.01581	0.00999	0.01165	0.00832	0.00666	0.00583	0.00166	0.01165	0.00416	0.00333	0.00749
21	0.00816	0.00633	0.00745	0.00786	0.00933	0.00562	0.00574	0.01001	0.01480	0.01905	0.19587	0.26781	0.35289	0.01691	0.00787	0.00232	0.00349	0.04670	0.00623	0.00555
22	0.25192	0.01312	0.03318	0.01284	0.05053	0.01204	0.07322	0.05415	0.01378	0.02411	0.01226	0.01621	0.01034	0.02493	0.00587	0.00171	0.00587	0.03150	0.00399	0.34843

[dist]
# distance from previous block
# <min> <max>
0	3

[block]
# block no. 8 follows, 34 sequences, length 20
# corresponding to MSA columns:
# 357-376
name=unknown_I
#
# <colnr> <probs for GDERKNQSTAVLIFYWHMCP>
#	G	D	E	R	K	N	Q	S	T	A	V	L	I	F	Y	W	H	M	C	P
0	0.01042	0.00747	0.00893	0.00904	0.01053	0.00722	0.00653	0.06810	0.03775	0.04029	0.12198	0.35303	0.17025	0.08122	0.00994	0.00270	0.00423	0.03819	0.00607	0.00609
1	0.05043	0.18331	0.06923	0.05082	0.07332	0.07505	0.01219	0.10753	0.05952	0.02137	0.01957	0.02075	0.11135	0.00819	0.00705	0.00188	0.06808	0.00607	0.00412	0.05016
