[name]
unknown

[dist]
# distance from previous block
# <min> <max>
0	4

[block]
# block no. 0 follows, 34 sequences, length 27
# corresponding to MSA columns:
# 4-30
name=unknown_A
#
# <colnr> <probs for GDERKNQSTAVLIFYWHMCP>
#	G	D	E	R	K	N	Q	S	T	A	V	L	I	F	Y	W	H	M	C	P
0	0.01314	0.13191	0.01470	0.01142	0.01391	0.07440	0.00976	0.01639	0.04168	0.04016	0.15447	0.04971	0.04740	0.01343	0.00748	0.00236	0.00597	0.33942	0.00551	0.00677
1	0.02173	0.07568	0.02126	0.01539	0.02043	0.10268	0.07414	0.42080	0.07365	0.03177	0.01464	0.01531	0.01088	0.00711	0.00621	0.00183	0.00765	0.00557	0.00536	0.06791
2	0.01853	0.50739	0.02799	0.01214	0.01730	0.02299	0.01117	0.15885	0.12692	0.02211	0.01298	0.01353	0.01061	0.00647	0.00498	0.00162	0.00667	0.00452	0.00409	0.00913
3	0.02979	0.13214	0.45169	0.01916	0.05524	0.01669	0.12654	0.04015	0.01441	0.03879	0.01190	0.01407	0.00879	0.00602	0.00608	0.00196	0.00906	0.00512	0.00310	0.00930
4	0.01796	0.17198	0.11864	0.04431	0.04622	0.17695	0.14902	0.05496	0.06224	0.04639	0.04198	0.01599	0.01196	0.00660	0.00610	0.00186	0.00883	0.00556	0.00379	0.00865
5	0.00776	0.00651	0.00674	0.00677	0.00882	0.00549	0.00505	0.00948	0.01489	0.01804	0.11363	0.09191	0.65020	0.01630	0.00766	0.00219	0.00328	0.01370	0.00608	0.00549
6	0.01592	0.05418	0.09151	0.02352	0.02955	0.07844	0.48830	0.02181	0.06407	0.02027	0.01325	0.01665	0.01012	0.00605	0.00762	0.00211	0.03769	0.00681	0.00342	0.00871
7	0.01512	0.01679	0.03555	0.07925	0.10960	0.01610	0.58711	0.02031	0.01503	0.02045	0.01286	0.01726	0.00977	0.00555	0.00741	0.00215	0.01039	0.00729	0.00323	0.00877
8	0.00940	0.00626	0.00705	0.00705	0.00705	0.00626	0.00392	0.00940	0.00940	0.01253	0.02036	0.04228	0.02349	0.77292	0.03289	0.00626	0.00626	0.00940	0.00392	0.00392
9	0.00985	0.00722	0.00962	0.01069	0.01229	0.00699	0.00913	0.01261	0.01516	0.01962	0.10146	0.06893	0.15255	0.01719	0.00860	0.00276	0.00525	0.51814	0.00606	0.00588
10	0.02381	0.01453	0.09307	0.01292	0.01804	0.01227	0.01153	0.11015	0.12999	0.43124	0.02337	0.02312	0.01617	0.00837	0.00658	0.00207	0.00608	0.03929	0.00693	0.01048
11	0.00828	0.00588	0.00781	0.00920	0.00968	0.00558	0.00637	0.00954	0.01246	0.01655	0.03439	0.63652	0.04075	0.07221	0.01004	0.00292	0.00418	0.09656	0.00585	0.00524
12	0.01854	0.01399	0.01517	0.01314	0.01711	0.01571	0.01036	0.10713	0.56223	0.11351	0.02504	0.02293	0.01833	0.00856	0.00655	0.00214	0.00538	0.00705	0.00673	0.01040
13	0.08353	0.05870	0.01838	0.01564	0.01928	0.59549	0.01200	0.08825	0.01866	0.01908	0.01038	0.01187	0.00847	0.00666	0.00568	0.00170	0.01054	0.00424	0.00365	0.00781
14	0.04890	0.01087	0.01291	0.04093	0.01523	0.01105	0.00876	0.15246	0.06781	0.23626	0.14867	0.02544	0.02290	0.00872	0.00623	0.00192	0.00497	0.00713	0.16004	0.00880
15	0.02332	0.07464	0.02010	0.01425	0.01948	0.01974	0.01190	0.61597	0.02803	0.03758	0.01477	0.01500	0.01070	0.00740	0.00619	0.00184	0.00695	0.00552	0.00602	0.06059
16	0.01419	0.00964	0.01334	0.07562	0.01597	0.01003	0.03922	0.04965	0.01483	0.14028	0.11839	0.14416	0.09147	0.10558	0.01198	0.00272	0.09378	0.00979	0.00542	0.03393
17	0.08705	0.13831	0.13289	0.04843	0.08200	0.17780	0.01375	0.04539	0.05185	0.11015	0.01328	0.01442	0.01005	0.00649	0.00564	0.00180	0.00800	0.00479	0.00405	0.04387
18	0.01013	0.00897	0.04198	0.00966	0.01203	0.00790	0.03315	0.01499	0.09546	0.02465	0.51827	0.04452	0.12813	0.01248	0.00744	0.00207	0.00388	0.01097	0.00659	0.00673
19	0.02899	0.01100	0.01499	0.01150	0.01649	0.00950	0.00950	0.03149	0.01849	0.73709	0.02549	0.02199	0.01599	0.00800	0.00650	0.00200	0.00550	0.00650	0.00800	0.01100
20	0.01522	0.01566	0.07578	0.08593	0.10817	0.01499	0.18023	0.08707	0.20616	0.02419	0.07469	0.04851	0.01771	0.00790	0.00690	0.00212	0.00741	0.00749	0.00478	0.00910
21	0.01522	0.09552	0.19591	0.12539	0.09823	0.01626	0.26696	0.02069	0.03249	0.05261	0.01292	0.01605	0.00969	0.00599	0.00657	0.00203	0.00916	0.00604	0.00333	0.00894
22	0.00925	0.00686	0.01008	0.01008	0.01113	0.00791	0.00770	0.01134	0.01029	0.01478	0.01758	0.02692	0.01682	0.11413	0.68255	0.01001	0.01631	0.00715	0.00350	0.00560
23	0.00809	0.00602	0.00759	0.00862	0.00954	0.00551	0.00608	0.00960	0.01348	0.01760	0.09382	0.51856	0.18746	0.01874	0.00812	0.00251	0.00375	0.06344	0.00608	0.00540
24	0.05612	0.10231	0.19481	0.07391	0.09091	0.13326	0.07149	0.07688	0.04488	0.05407	0.01418	0.01596	0.03003	0.00669	0.00605	0.00192	0.00851	0.00539	0.00378	0.00888
25	0.01572	0.08264	0.34695	0.01909	0.04694	0.09301	0.15683	0.02164	0.04693	0.05466	0.01393	0.04779	0.01101	0.00682	0.00639	0.00201	0.00913	0.00600	0.00349	0.00900
26	0.01217	0.00978	0.01065	0.00995	0.01099	0.06388	0.00714	0.06398	0.01221	0.01661	0.01750	0.02998	0.01778	0.35336	0.20731	0.00600	0.07329	0.00754	0.06427	0.00560

[dist]
# distance from previous block
# <min> <max>
0	1

[block]
# block no. 1 follows, 34 sequences, length 24
# corresponding to MSA columns:
# 32-55
name=unknown_B
#
# <colnr> <probs for GDERKNQSTAVLIFYWHMCP>
#	G	D	E	R	K	N	Q	S	T	A	V	L	I	F	Y	W	H	M	C	P
0	0.54782	0.07404	0.05819	0.01150	0.05162	0.03750	0.00945	0.03856	0.01267	0.05298	0.01027	0.01172	0.00796	0.00604	0.00452	0.00188	0.00583	0.00390	0.00397	0.04957
1	0.08019	0.56452	0.06589	0.01179	0.01723	0.07039	0.01148	0.05093	0.01432	0.04846	0.01018	0.01135	0.00864	0.00587	0.00455	0.00153	0.00716	0.00381	0.00328	0.00844
2	0.00806	0.00596	0.00756	0.00860	0.00945	0.00546	0.00600	0.00953	0.01345	0.01767	0.10645	0.54600	0.16662	0.01879	0.00811	0.00250	0.00369	0.04462	0.00610	0.00539
3	0.30758	0.06267	0.24269	0.01383	0.01954	0.17526	0.01395	0.04320	0.02992	0.02305	0.01062	0.01219	0.00814	0.00628	0.00521	0.00191	0.00805	0.00420	0.00352	0.00817
4	0.04018	0.21781	0.36833	0.01516	0.02227	0.01828	0.01708	0.08346	0.11762	0.02214	0.01333	0.01440	0.01010	0.00650	0.00566	0.00189	0.00788	0.00486	0.00367	0.00938
5	0.02899	0.01100	0.01499	0.01150	0.01649	0.00950	0.00950	0.03149	0.01849	0.73709	0.02549	0.02199	0.01599	0.00800	0.00650	0.00200	0.00550	0.00650	0.00800	0.01100
6	0.00832	0.00603	0.00753	0.00841	0.00939	0.00554	0.00594	0.00998	0.01376	0.01842	0.13091	0.47260	0.17167	0.01785	0.00790	0.00242	0.00364	0.04770	0.04652	0.00547
7	0.02182	0.14990	0.09949	0.01595	0.02031	0.55219	0.01350	0.02419	0.01698	0.01622	0.01000	0.01166	0.00830	0.00642	0.00559	0.00166	0.01067	0.00412	0.00317	0.00784
8	0.11951	0.01241	0.01529	0.01260	0.04002	0.01201	0.00995	0.12037	0.05441	0.50238	0.02184	0.01970	0.01428	0.00770	0.00620	0.00200	0.00571	0.00607	0.00710	0.01046
9	0.00928	0.00673	0.00942	0.00942	0.01024	0.00755	0.00687	0.01092	0.01010	0.01428	0.01819	0.03027	0.01828	0.25807	0.54061	0.00919	0.01411	0.00764	0.00359	0.00523
10	0.00928	0.00674	0.00946	0.00946	0.01029	0.00757	0.00692	0.01094	0.01011	0.01431	0.01815	0.03008	0.01819	0.24977	0.54880	0.00924	0.01424	0.00761	0.00359	0.00525
11	0.02689	0.01216	0.04913	0.01192	0.01693	0.01009	0.01027	0.06140	0.01867	0.62832	0.04011	0.02379	0.01718	0.00838	0.00660	0.00204	0.00573	0.03219	0.00758	0.01063
12	0.02290	0.12868	0.03938	0.01498	0.07363	0.05593	0.01173	0.16118	0.11576	0.28165	0.01893	0.01803	0.01330	0.00739	0.00610	0.00190	0.00659	0.00579	0.00595	0.01020
13	0.03499	0.01778	0.09719	0.09383	0.06440	0.01583	0.46051	0.06765	0.01571	0.02175	0.01355	0.04135	0.01066	0.00628	0.00717	0.00215	0.00976	0.00723	0.00351	0.00872
14	0.05260	0.01568	0.01910	0.01657	0.05280	0.10014	0.10759	0.15240	0.09559	0.09365	0.03282	0.08408	0.01671	0.00936	0.00820	0.00218	0.08020	0.04645	0.00515	0.00873
15	0.12085	0.34210	0.17623	0.05403	0.02047	0.09244	0.01377	0.04656	0.04543	0.01971	0.01079	0.01238	0.00873	0.00611	0.00504	0.00173	0.00771	0.00419	0.00329	0.00844
16	0.10796	0.15047	0.07947	0.02935	0.01755	0.08553	0.01106	0.08567	0.08352	0.08082	0.01717	0.05178	0.04599	0.00775	0.00605	0.00182	0.02694	0.00581	0.00452	0.10076
17	0.03912	0.06553	0.13824	0.03784	0.11042	0.03748	0.08172	0.08820	0.07771	0.04992	0.09238	0.02039	0.01668	0.03882	0.00736	0.00207	0.00715	0.00632	0.00443	0.07822
18	0.07336	0.05293	0.19420	0.01620	0.08322	0.01437	0.04675	0.16419	0.01762	0.05124	0.06918	0.04139	0.03717	0.00756	0.00613	0.00187	0.00691	0.00623	0.00453	0.10495
19	0.09022	0.11164	0.18403	0.01494	0.04302	0.08559	0.04227	0.09599	0.04605	0.03606	0.05305	0.03632	0.01324	0.00716	0.00620	0.00184	0.02773	0.00552	0.00407	0.09505
20	0.05214	0.01633	0.07502	0.14442	0.16052	0.06414	0.03595	0.12805	0.01683	0.10553	0.01384	0.01633	0.01045	0.00859	0.03960	0.00233	0.03928	0.00555	0.00425	0.06084
21	0.08630	0.04724	0.06355	0.21647	0.04328	0.06264	0.04309	0.13851	0.04627	0.06010	0.01562	0.01774	0.04329	0.00719	0.00648	0.00196	0.02774	0.00572	0.00426	0.06256
22	0.05217	0.12140	0.25002	0.03620	0.03909	0.05354	0.06942	0.09982	0.03015	0.12678	0.05002	0.01679	0.01267	0.00688	0.00607	0.00193	0.00787	0.00555	0.00436	0.00927
23	0.05799	0.01893	0.12286	0.12789	0.03769	0.11645	0.06079	0.15990	0.05974	0.04053	0.01455	0.04472	0.01176	0.03585	0.00723	0.00211	0.00801	0.00601	0.00429	0.06270

[dist]
# distance from previous block
# <min> <max>
7	64

[block]
# block no. 2 follows, 34 sequences, length 20
# corresponding to MSA columns:
# 126-145
name=unknown_C
#
# <colnr> <probs for GDERKNQSTAVLIFYWHMCP>
#	G	D	E	R	K	N	Q	S	T	A	V	L	I	F	Y	W	H	M	C	P
0	0.08803	0.01496	0.01881	0.19038	0.04582	0.04959	0.06275	0.23443	0.04565	0.09322	0.01463	0.01657	0.01073	0.00820	0.02972	0.00222	0.00775	0.00569	0.00483	0.05603
1	0.11770	0.04079	0.01905	0.05728	0.17931	0.09557	0.01311	0.19334	0.12003	0.07880	0.01523	0.01622	0.01145	0.00700	0.00602	0.00195	0.00714	0.00553	0.00492	0.00956
2	0.08485	0.04386	0.03856	0.07508	0.16513	0.01656	0.01342	0.30253	0.03628	0.05308	0.01377	0.01526	0.01036	0.00668	0.00597	0.00184	0.00687	0.00533	0.00485	0.09974
3	0.21382	0.01684	0.01968	0.05764	0.28046	0.12332	0.04173	0.07177	0.05666	0.04143	0.01247	0.01471	0.00982	0.00635	0.00580	0.00194	0.00754	0.00516	0.00395	0.00891
4	0.09423	0.02344	0.19995	0.01783	0.09364	0.16336	0.01533	0.23694	0.01966	0.02674	0.01231	0.01376	0.00924	0.00664	0.00595	0.00188	0.00840	0.00492	0.00423	0.04153
5	0.04871	0.04589	0.01985	0.06275	0.20286	0.29609	0.01379	0.05464	0.09570	0.02046	0.01275	0.01470	0.01028	0.00650	0.00592	0.00178	0.00860	0.00501	0.00382	0.06990
6	0.02047	0.01665	0.01712	0.01330	0.01835	0.06656	0.01076	0.39619	0.09423	0.03198	0.01506	0.01551	0.01128	0.00693	0.00595	0.00166	0.00656	0.00528	0.00550	0.24066
7	0.01475	0.01383	0.02351	0.22675	0.51433	0.01459	0.01860	0.01837	0.01392	0.01939	0.01193	0.01650	0.00986	0.00680	0.00739	0.04379	0.00782	0.00575	0.00309	0.00905
8	0.00925	0.00629	0.00700	0.00700	0.00719	0.00620	0.00400	0.00939	0.00985	0.01295	0.02419	0.04397	0.08348	0.70868	0.03074	0.00592	0.00601	0.00976	0.00409	0.00405
9	0.01247	0.01092	0.01837	0.12895	0.18140	0.01122	0.09181	0.01611	0.01459	0.01947	0.02358	0.04578	0.02390	0.01208	0.00785	0.00253	0.00728	0.35971	0.00458	0.00740
10	0.02309	0.01737	0.01856	0.01457	0.01948	0.01935	0.01192	0.59366	0.15019	0.03835	0.01738	0.01700	0.01250	0.00793	0.00648	0.00198	0.00676	0.00608	0.00648	0.01086
11	0.00918	0.00623	0.00705	0.00717	0.00732	0.00614	0.00413	0.00936	0.00993	0.01312	0.02415	0.09872	0.06623	0.67145	0.02954	0.00575	0.00590	0.01033	0.00420	0.00411
12	0.02433	0.01712	0.01862	0.01442	0.01946	0.01876	0.01187	0.59673	0.08182	0.10408	0.01726	0.01677	0.01212	0.00786	0.00648	0.00196	0.00681	0.00599	0.00661	0.01093
13	0.01649	0.52184	0.06805	0.01609	0.02210	0.02240	0.21414	0.01979	0.01377	0.01704	0.01029	0.01257	0.00873	0.00553	0.00525	0.00164	0.00819	0.00473	0.00291	0.00847
14	0.00954	0.00706	0.00926	0.01042	0.01195	0.00678	0.00875	0.01204	0.01460	0.01864	0.04137	0.13759	0.19354	0.01775	0.00857	0.00276	0.00514	0.47251	0.00597	0.00577
15	0.00897	0.00646	0.00846	0.00870	0.00991	0.00605	0.00647	0.01138	0.01597	0.02204	0.42917	0.22048	0.07164	0.04965	0.00906	0.00248	0.00372	0.09708	0.00653	0.00576
16	0.01425	0.01357	0.02308	0.36964	0.41626	0.01489	0.01896	0.01830	0.01389	0.01899	0.01185	0.01656	0.00949	0.00608	0.00643	0.00203	0.00811	0.00575	0.00305	0.00883
17	0.34682	0.09862	0.23782	0.01297	0.01880	0.03073	0.01352	0.08407	0.04008	0.02532	0.01104	0.01254	0.00840	0.00642	0.00553	0.00197	0.02886	0.00432	0.00376	0.00841
18	0.10947	0.04245	0.02340	0.03844	0.03834	0.20730	0.21387	0.10881	0.07119	0.06489	0.01366	0.01543	0.01030	0.00655	0.00630	0.00195	0.00896	0.00573	0.00426	0.00871
19	0.06541	0.12809	0.02312	0.01551	0.02064	0.08881	0.16568	0.05337	0.05295	0.29601	0.01748	0.01745	0.01221	0.00685	0.00620	0.00192	0.00755	0.00592	0.00535	0.00948

[dist]
# distance from previous block
# <min> <max>
1	7

[block]
# block no. 3 follows, 34 sequences, length 22
# corresponding to MSA columns:
# 153-174
name=unknown_D
#
# <colnr> <probs for GDERKNQSTAVLIFYWHMCP>
#	G	D	E	R	K	N	Q	S	T	A	V	L	I	F	Y	W	H	M	C	P
0	0.01595	0.44347	0.27260	0.01367	0.02057	0.02076	0.01530	0.05392	0.01418	0.01859	0.01034	0.01191	0.00846	0.00581	0.00498	0.00161	0.00770	0.00404	0.00299	0.05317
1	0.04320	0.61784	0.11866	0.01220	0.01786	0.02358	0.01266	0.01926	0.01294	0.01632	0.00928	0.01098	0.00825	0.00594	0.00534	0.00156	0.04924	0.00374	0.00280	0.00833
2	0.01447	0.05562	0.33027	0.07649	0.13208	0.04187	0.13105	0.02041	0.03907	0.02004	0.01217	0.01503	0.00928	0.00616	0.00671	0.00199	0.02991	0.00544	0.00311	0.04883
3	0.01799	0.10285	0.02205	0.01727	0.09309	0.15220	0.11576	0.02094	0.01509	0.09056	0.01252	0.01448	0.00990	0.00597	0.00625	0.00159	0.03437	0.00495	0.00385	0.25832
4	0.01220	0.01148	0.01938	0.75739	0.04450	0.01436	0.01794	0.01651	0.01292	0.01651	0.01148	0.01723	0.00861	0.00646	0.00646	0.00215	0.00861	0.00574	0.00287	0.00718
5	0.02219	0.02736	0.01833	0.01650	0.01935	0.59758	0.01261	0.02475	0.05624	0.01640	0.01067	0.01272	0.00898	0.00747	0.00817	0.00187	0.12325	0.00456	0.00344	0.00758
6	0.01565	0.01346	0.01425	0.01294	0.01642	0.01552	0.01001	0.03304	0.68476	0.02649	0.02677	0.06213	0.02090	0.00935	0.00666	0.00221	0.00504	0.00787	0.00655	0.00997
7	0.00940	0.00626	0.00705	0.00705	0.00705	0.00626	0.00392	0.00940	0.00940	0.01253	0.02036	0.04228	0.02349	0.77292	0.03289	0.00626	0.00626	0.00940	0.00392	0.00392
8	0.02899	0.01100	0.01499	0.01150	0.01649	0.00950	0.00950	0.03149	0.01849	0.73709	0.02549	0.02199	0.01599	0.00800	0.00650	0.00200	0.00550	0.00650	0.00800	0.01100
9	0.81856	0.01250	0.00950	0.00850	0.01250	0.01449	0.00700	0.01899	0.01100	0.02899	0.00900	0.01050	0.00700	0.00600	0.00400	0.00200	0.00500	0.00350	0.00400	0.00700
10	0.81856	0.01250	0.00950	0.00850	0.01250	0.01449	0.00700	0.01899	0.01100	0.02899	0.00900	0.01050	0.00700	0.00600	0.00400	0.00200	0.00500	0.00350	0.00400	0.00700
11	0.01296	0.03342	0.73944	0.01842	0.02797	0.01501	0.02387	0.02046	0.01364	0.02046	0.01160	0.01364	0.00818	0.00614	0.00614	0.00205	0.00955	0.00477	0.00273	0.00955
12	0.01577	0.01364	0.01493	0.01425	0.05206	0.01561	0.01053	0.03268	0.65610	0.02669	0.05536	0.02473	0.02100	0.00880	0.00661	0.00217	0.00515	0.00741	0.00643	0.01005
13	0.02456	0.01810	0.01939	0.01487	0.02004	0.02004	0.01228	0.71107	0.03038	0.04072	0.01551	0.01551	0.01099	0.00776	0.00646	0.00194	0.00711	0.00582	0.00646	0.01099
14	0.81856	0.01250	0.00950	0.00850	0.01250	0.01449	0.00700	0.01899	0.01100	0.02899	0.00900	0.01050	0.00700	0.00600	0.00400	0.00200	0.00500	0.00350	0.00400	0.00700
15	0.00787	0.00562	0.00750	0.00900	0.00937	0.00525	0.00600	0.00900	0.01237	0.01649	0.03561	0.76871	0.04274	0.02024	0.00825	0.00262	0.00375	0.01837	0.00600	0.00525
16	0.01296	0.03342	0.73944	0.01842	0.02797	0.01501	0.02387	0.02046	0.01364	0.02046	0.01160	0.01364	0.00818	0.00614	0.00614	0.00205	0.00955	0.00477	0.00273	0.00955
17	0.00891	0.00660	0.00832	0.00789	0.00951	0.00600	0.00591	0.01174	0.01774	0.02461	0.62727	0.05040	0.16371	0.01369	0.00762	0.00206	0.00308	0.01198	0.00694	0.00600
18	0.01910	0.01343	0.01487	0.01287	0.01686	0.01484	0.01015	0.05878	0.54794	0.17658	0.02573	0.02335	0.01862	0.00857	0.00655	0.00214	0.00527	0.00708	0.00687	0.01042
19	0.01727	0.77681	0.03386	0.01106	0.01658	0.02557	0.01106	0.01935	0.01313	0.01520	0.00898	0.01036	0.00829	0.00553	0.00415	0.00138	0.00691	0.00345	0.00276	0.00829
20	0.01340	0.01148	0.01340	0.00957	0.01531	0.00861	0.00766	0.01627	0.01340	0.02105	0.01148	0.01340	0.00957	0.00479	0.00479	0.00096	0.00479	0.00383	0.00383	0.81242
21	0.04881	0.02624	0.01820	0.01609	0.01930	0.52970	0.01240	0.10796	0.04059	0.01959	0.01097	0.01275	0.00898	0.00736	0.00760	0.00186	0.09527	0.00461	0.00378	0.00794

[dist]
# distance from previous block
# <min> <max>
0	5

[block]
# block no. 4 follows, 34 sequences, length 24
# corresponding to MSA columns:
# 180-203
name=unknown_E
#
# <colnr> <probs for GDERKNQSTAVLIFYWHMCP>
#	G	D	E	R	K	N	Q	S	T	A	V	L	I	F	Y	W	H	M	C	P
0	0.01822	0.67438	0.03172	0.01182	0.01705	0.12462	0.01125	0.02023	0.01384	0.01529	0.00912	0.01054	0.00830	0.00568	0.00438	0.00142	0.00756	0.00355	0.00284	0.00818
1	0.02223	0.01596	0.01761	0.01334	0.01863	0.01648	0.01096	0.49175	0.02539	0.09021	0.01532	0.01551	0.01104	0.00706	0.00606	0.00171	0.00643	0.00539	0.00595	0.20296
2	0.02315	0.14054	0.02068	0.01570	0.01948	0.59338	0.01226	0.06886	0.01832	0.01732	0.01019	0.01171	0.00849	0.00656	0.00562	0.00164	0.01066	0.00416	0.00345	0.00783
3	0.02489	0.01812	0.01899	0.01468	0.01975	0.05249	0.01207	0.62601	0.02889	0.09460	0.01605	0.01585	0.01126	0.00773	0.00644	0.00193	0.00719	0.00580	0.00644	0.01083
4	0.00792	0.00571	0.00751	0.00884	0.00936	0.00530	0.00595	0.00917	0.01277	0.01700	0.07086	0.70117	0.07509	0.01972	0.00819	0.00257	0.00369	0.01783	0.00605	0.00530
5	0.00767	0.00640	0.00670	0.00694	0.00883	0.00542	0.00508	0.00923	0.01435	0.01730	0.06067	0.17543	0.61984	0.01699	0.00773	0.00225	0.00335	0.01440	0.00600	0.00542
6	0.01439	0.01372	0.02333	0.34284	0.44194	0.01493	0.01903	0.01843	0.01396	0.01917	0.01187	0.01651	0.00955	0.00605	0.00642	0.00202	0.00807	0.00575	0.00306	0.00894
7	0.01762	0.73890	0.03307	0.01134	0.01676	0.06223	0.01113	0.01968	0.01339	0.01523	0.00903	0.01043	0.00829	0.00559	0.00423	0.00140	0.00715	0.00349	0.00279	0.00825
8	0.00787	0.00562	0.00750	0.00900	0.00937	0.00525	0.00600	0.00900	0.01237	0.01649	0.03561	0.76871	0.04274	0.02024	0.00825	0.00262	0.00375	0.01837	0.00600	0.00525
9	0.00796	0.00566	0.00747	0.00888	0.00924	0.00531	0.00588	0.00902	0.01220	0.01626	0.03473	0.72652	0.04162	0.06395	0.00968	0.00284	0.00389	0.01785	0.00588	0.00517
10	0.01320	0.05450	0.68516	0.01862	0.02791	0.01538	0.05628	0.02044	0.01370	0.02032	0.01159	0.01373	0.00827	0.00609	0.00615	0.00203	0.00954	0.00487	0.00276	0.00947
11	0.01599	0.01535	0.02623	0.03966	0.73262	0.01535	0.01983	0.01983	0.01471	0.02111	0.01215	0.01599	0.01023	0.00576	0.00640	0.00192	0.00768	0.00576	0.00320	0.01023
12	0.02786	0.08488	0.01681	0.01145	0.01650	0.01105	0.00965	0.03032	0.01798	0.66745	0.02390	0.02087	0.01525	0.00776	0.00627	0.00194	0.00563	0.00620	0.00749	0.01074
13	0.01363	0.01321	0.02323	0.47252	0.24905	0.01484	0.08519	0.01791	0.01368	0.01829	0.01184	0.01688	0.00921	0.00615	0.00655	0.00209	0.00855	0.00593	0.00301	0.00824
14	0.01284	0.01213	0.02053	0.63667	0.16025	0.01452	0.01826	0.01707	0.01322	0.01728	0.01160	0.01702	0.00889	0.00634	0.00645	0.00211	0.00846	0.00574	0.00293	0.00769
15	0.60232	0.01525	0.04853	0.08216	0.01720	0.08467	0.00952	0.01989	0.03100	0.02604	0.00993	0.01178	0.00768	0.00619	0.00459	0.00199	0.00622	0.00395	0.00383	0.00728
16	0.64054	0.01244	0.01069	0.00933	0.01342	0.01401	0.00763	0.02207	0.08045	0.11902	0.01277	0.01327	0.00937	0.00652	0.00457	0.00202	0.00507	0.00425	0.00476	0.00782
17	0.01379	0.02338	0.34195	0.02087	0.02840	0.01462	0.30813	0.01974	0.01414	0.02036	0.01247	0.01575	0.00937	0.00770	0.04138	0.00239	0.01002	0.00598	0.00309	0.08648
18	0.01577	0.01625	0.09233	0.24502	0.05482	0.01532	0.22309	0.13540	0.01709	0.04593	0.03257	0.02004	0.01223	0.00705	0.00692	0.00214	0.00874	0.03666	0.00400	0.00864
19	0.17394	0.07825	0.04970	0.01245	0.01619	0.10435	0.06570	0.01919	0.01447	0.12100	0.04658	0.16827	0.01979	0.01002	0.00627	0.00207	0.00648	0.04668	0.00488	0.03374
20	0.07355	0.05641	0.12029	0.01333	0.01863	0.11896	0.01206	0.13539	0.05383	0.19005	0.01628	0.03542	0.01206	0.00720	0.00590	0.00181	0.00710	0.00547	0.00515	0.11109
21	0.07571	0.02361	0.27454	0.04235	0.06078	0.08976	0.18742	0.10632	0.01655	0.04415	0.01252	0.01484	0.00920	0.00626	0.00639	0.00202	0.00922	0.00557	0.00366	0.00913
22	0.25881	0.11094	0.09865	0.01253	0.01721	0.09395	0.01148	0.13401	0.01604	0.02502	0.01305	0.01811	0.01121	0.00756	0.00595	0.00194	0.03148	0.07033	0.00418	0.05756
23	0.14855	0.20599	0.20064	0.01453	0.02054	0.10304	0.04857	0.13043	0.01648	0.03974	0.01137	0.01278	0.00874	0.00629	0.00541	0.00182	0.00800	0.00452	0.00375	0.00881

[dist]
# distance from previous block
# <min> <max>
2	18

[block]
# block no. 5 follows, 34 sequences, length 30
# corresponding to MSA columns:
# 222-251
name=unknown_F
#
# <colnr> <probs for GDERKNQSTAVLIFYWHMCP>
#	G	D	E	R	K	N	Q	S	T	A	V	L	I	F	Y	W	H	M	C	P
0	0.03878	0.04375	0.19119	0.09529	0.14092	0.03811	0.09101	0.04767	0.03983	0.09151	0.06298	0.01816	0.01369	0.00677	0.00633	0.00195	0.00779	0.00596	0.00409	0.05423
1	0.06030	0.07454	0.11388	0.10104	0.05591	0.03939	0.05542	0.13273	0.01719	0.11443	0.04412	0.03948	0.01388	0.00746	0.00617	0.00191	0.00717	0.02510	0.00463	0.08523
2	0.14439	0.07247	0.04773	0.06557	0.21871	0.03071	0.04789	0.05902	0.03471	0.07166	0.01348	0.04058	0.01103	0.00674	0.00622	0.00188	0.02800	0.00557	0.00402	0.08961
3	0.01532	0.01517	0.10577	0.04385	0.18076	0.01280	0.09877	0.05605	0.03582	0.08624	0.13471	0.04543	0.02011	0.00800	0.00719	0.00197	0.03475	0.00718	0.00463	0.08550
4	0.03969	0.01952	0.06821	0.01849	0.06477	0.18040	0.09254	0.06135	0.01454	0.01929	0.01050	0.01395	0.00890	0.00793	0.01136	0.00213	0.27256	0.00527	0.00336	0.08526
5	0.01613	0.01636	0.04136	0.09303	0.07017	0.10439	0.11440	0.06613	0.01417	0.04325	0.01262	0.03837	0.01121	0.06116	0.01340	0.00258	0.26351	0.00641	0.00357	0.00779
6	0.00940	0.00626	0.00705	0.00705	0.00705	0.00626	0.00392	0.00940	0.00940	0.01253	0.02036	0.04228	0.02349	0.77292	0.03289	0.00626	0.00626	0.00940	0.00392	0.00392
7	0.01726	0.01481	0.07104	0.01472	0.06626	0.01446	0.01154	0.14821	0.32476	0.08949	0.07480	0.05288	0.05252	0.00921	0.00669	0.00210	0.00573	0.00769	0.00614	0.00967
8	0.81856	0.01250	0.00950	0.00850	0.01250	0.01449	0.00700	0.01899	0.01100	0.02899	0.00900	0.01050	0.00700	0.00600	0.00400	0.00200	0.00500	0.00350	0.00400	0.00700
9	0.01416	0.01348	0.02292	0.38630	0.40028	0.01487	0.01892	0.01823	0.01385	0.01889	0.01183	0.01659	0.00945	0.00610	0.00643	0.00203	0.00813	0.00575	0.00304	0.00876
10	0.81856	0.01250	0.00950	0.00850	0.01250	0.01449	0.00700	0.01899	0.01100	0.02899	0.00900	0.01050	0.00700	0.00600	0.00400	0.00200	0.00500	0.00350	0.00400	0.00700
11	0.00927	0.00676	0.00956	0.00956	0.01043	0.00763	0.00705	0.01101	0.01014	0.01439	0.01806	0.02956	0.01797	0.22755	0.57071	0.00937	0.01458	0.00753	0.00357	0.00531
12	0.01265	0.01194	0.02018	0.67325	0.12518	0.01447	0.01817	0.01690	0.01313	0.01705	0.01156	0.01708	0.00880	0.00638	0.00645	0.00213	0.00850	0.00574	0.00291	0.00754
13	0.00787	0.00562	0.00750	0.00900	0.00937	0.00525	0.00600	0.00900	0.01237	0.01649	0.03561	0.76871	0.04274	0.02024	0.00825	0.00262	0.00375	0.01837	0.00600	0.00525
14	0.81856	0.01250	0.00950	0.00850	0.01250	0.01449	0.00700	0.01899	0.01100	0.02899	0.00900	0.01050	0.00700	0.00600	0.00400	0.00200	0.00500	0.00350	0.00400	0.00700
15	0.02426	0.01759	0.01895	0.01464	0.01972	0.01941	0.01206	0.64665	0.06870	0.06702	0.01651	0.01625	0.01167	0.00782	0.00647	0.00196	0.00694	0.00593	0.00653	0.01095
16	0.04163	0.06729	0.01679	0.01276	0.01683	0.01626	0.01047	0.32013	0.18937	0.05574	0.12149	0.02519	0.02159	0.00915	0.00656	0.00204	0.00586	0.04506	0.00628	0.00952
17	0.00993	0.00664	0.00844	0.00834	0.00990	0.00600	0.00612	0.01221	0.01617	0.07098	0.39223	0.23938	0.15886	0.01521	0.00771	0.00221	0.00344	0.01341	0.00670	0.00611
18	0.09444	0.50529	0.10169	0.01222	0.01783	0.07095	0.01213	0.06834	0.01466	0.03710	0.01019	0.01145	0.00854	0.00593	0.00467	0.00158	0.00730	0.00388	0.00331	0.00850
19	0.05067	0.03134	0.05807	0.01274	0.03710	0.01162	0.01065	0.08799	0.05330	0.47608	0.04388	0.02056	0.01570	0.00770	0.00628	0.00193	0.00582	0.00620	0.00683	0.05552
20	0.01721	0.03288	0.08262	0.01194	0.01764	0.01134	0.03314	0.08444	0.04854	0.14672	0.03958	0.01685	0.01289	0.00625	0.00562	0.00147	0.00577	0.00511	0.00488	0.41512
21	0.02030	0.13391	0.06015	0.01343	0.01862	0.10813	0.01161	0.25787	0.08588	0.06997	0.01452	0.01497	0.01096	0.00679	0.00574	0.00168	0.00710	0.00503	0.00495	0.14841
22	0.01506	0.02128	0.26549	0.04880	0.02845	0.01465	0.30910	0.03880	0.03179	0.06174	0.03022	0.01830	0.01162	0.00643	0.00684	0.00206	0.00918	0.02234	0.00368	0.05417
23	0.00965	0.00675	0.00859	0.00817	0.00988	0.00614	0.00619	0.01240	0.01747	0.04997	0.56169	0.07348	0.15526	0.01386	0.00765	0.00210	0.00329	0.03439	0.00691	0.00615
24	0.01198	0.00807	0.01004	0.00915	0.01131	0.00785	0.00700	0.04103	0.08432	0.08855	0.47566	0.06727	0.09641	0.01396	0.03615	0.00240	0.00420	0.01078	0.00686	0.00701
25	0.01635	0.09532	0.49294	0.01660	0.02450	0.06001	0.01947	0.06897	0.04164	0.08551	0.01332	0.01449	0.00952	0.00649	0.00601	0.00196	0.00875	0.00494	0.00364	0.00957
26	0.04846	0.58336	0.03129	0.01286	0.01828	0.04691	0.08145	0.02076	0.03214	0.05716	0.01081	0.01214	0.00913	0.00580	0.00474	0.00155	0.00727	0.00417	0.00327	0.00846
27	0.01627	0.06375	0.01468	0.01172	0.01520	0.24539	0.00905	0.07248	0.03478	0.01963	0.04784	0.08661	0.14248	0.03087	0.00693	0.00186	0.00693	0.00754	0.00456	0.16143
28	0.09233	0.01550	0.11292	0.05908	0.03720	0.01300	0.01183	0.06526	0.16960	0.12463	0.01673	0.01714	0.01231	0.00671	0.00577	0.00178	0.00607	0.00535	0.00497	0.22182
29	0.01640	0.05156	0.30948	0.01662	0.04612	0.03902	0.05955	0.12515	0.03661	0.06350	0.01501	0.01638	0.03333	0.00678	0.00649	0.00187	0.02758	0.00542	0.00403	0.11909

[dist]
# distance from previous block
# <min> <max>
0	3

[block]
# block no. 6 follows, 34 sequences, length 21
# corresponding to MSA columns:
# 255-275
name=unknown_G
#
# <colnr> <probs for GDERKNQSTAVLIFYWHMCP>
#	G	D	E	R	K	N	Q	S	T	A	V	L	I	F	Y	W	H	M	C	P
0	0.08504	0.01245	0.01604	0.12604	0.06849	0.01251	0.02942	0.10332	0.04122	0.04667	0.03667	0.06469	0.01370	0.00736	0.00644	0.00174	0.03568	0.00603	0.00441	0.28208
1	0.04752	0.01752	0.14747	0.14073	0.12482	0.01502	0.01539	0.16839	0.07520	0.12339	0.01549	0.01683	0.01117	0.00688	0.00624	0.00197	0.00730	0.00564	0.00474	0.04827
2	0.04703	0.01388	0.04919	0.27994	0.32660	0.01415	0.01721	0.01923	0.03950	0.04788	0.01384	0.01927	0.01130	0.00677	0.00639	0.00204	0.00761	0.03845	0.00356	0.03615
3	0.01413	0.01200	0.01549	0.01341	0.08944	0.00980	0.03292	0.01778	0.04173	0.04142	0.03648	0.01562	0.01194	0.00543	0.00526	0.00121	0.00526	0.00463	0.00408	0.62198
4	0.10657	0.01800	0.14588	0.05830	0.26023	0.01532	0.13023	0.05587	0.08132	0.02303	0.01400	0.03789	0.01125	0.00664	0.00636	0.00205	0.00788	0.00615	0.00377	0.00925
5	0.01524	0.01459	0.02487	0.18138	0.59675	0.01516	0.01946	0.01917	0.01436	0.02020	0.01202	0.01624	0.00991	0.00590	0.00641	0.00197	0.00786	0.00575	0.00313	0.00963
6	0.00914	0.00660	0.00864	0.00813	0.00965	0.00610	0.00610	0.01219	0.01829	0.02591	0.72921	0.04827	0.06097	0.01321	0.00762	0.00203	0.00305	0.01169	0.00711	0.00610
7	0.01757	0.01432	0.01624	0.01578	0.08558	0.01610	0.01133	0.10363	0.54741	0.06199	0.02378	0.02233	0.01772	0.00834	0.00654	0.00213	0.00559	0.00696	0.00631	0.01034
8	0.01220	0.01148	0.01938	0.75739	0.04450	0.01436	0.01794	0.01651	0.01292	0.01651	0.01148	0.01723	0.00861	0.00646	0.00646	0.00215	0.00861	0.00574	0.00287	0.00718
9	0.01384	0.08791	0.61706	0.01747	0.02614	0.03893	0.02167	0.02144	0.05930	0.02034	0.01230	0.01401	0.00894	0.00628	0.00601	0.00199	0.00913	0.00482	0.00300	0.00943
10	0.00764	0.00655	0.00655	0.00655	0.00873	0.00545	0.00491	0.00927	0.01473	0.01745	0.06546	0.06218	0.73000	0.01636	0.00764	0.00218	0.00327	0.01364	0.00600	0.00545
11	0.01607	0.01388	0.01461	0.01315	0.01680	0.01607	0.01023	0.03433	0.72094	0.02703	0.02630	0.02411	0.01972	0.00877	0.00657	0.00219	0.00511	0.00731	0.00657	0.01023
12	0.00940	0.00626	0.00705	0.00705	0.00705	0.00626	0.00392	0.00940	0.00940	0.01253	0.02036	0.04228	0.02349	0.77292	0.03289	0.00626	0.00626	0.00940	0.00392	0.00392
13	0.01122	0.00561	0.00842	0.00842	0.00842	0.00561	0.00561	0.00842	0.00842	0.01122	0.01122	0.01964	0.01122	0.02245	0.02525	0.81201	0.00561	0.00561	0.00281	0.00281
14	0.01575	0.01510	0.02579	0.08588	0.68831	0.01529	0.01971	0.01962	0.01460	0.02081	0.01211	0.01607	0.01013	0.00580	0.00640	0.00193	0.00774	0.00576	0.00318	0.01004
15	0.01339	0.10789	0.66877	0.01768	0.02683	0.01606	0.02259	0.02035	0.01359	0.01994	0.01133	0.01331	0.00820	0.00608	0.00594	0.00198	0.00928	0.00464	0.00273	0.00942
16	0.81856	0.01250	0.00950	0.00850	0.01250	0.01449	0.00700	0.01899	0.01100	0.02899	0.00900	0.01050	0.00700	0.00600	0.00400	0.00200	0.00500	0.00350	0.00400	0.00700
17	0.00940	0.00626	0.00705	0.00705	0.00705	0.00626	0.00392	0.00940	0.00940	0.01253	0.02036	0.04228	0.02349	0.77292	0.03289	0.00626	0.00626	0.00940	0.00392	0.00392
18	0.01525	0.01743	0.03813	0.02723	0.03377	0.01634	0.70915	0.02070	0.01525	0.02070	0.01307	0.01743	0.00980	0.00545	0.00763	0.00218	0.01089	0.00763	0.00327	0.00871
19	0.00914	0.00660	0.00864	0.00813	0.00965	0.00610	0.00610	0.01219	0.01829	0.02591	0.72921	0.04827	0.06097	0.01321	0.00762	0.00203	0.00305	0.01169	0.00711	0.00610
20	0.61790	0.01437	0.01137	0.00989	0.01398	0.08911	0.00803	0.04323	0.01326	0.11230	0.01127	0.01214	0.00833	0.00636	0.00456	0.00196	0.00581	0.00400	0.00448	0.00765

[dist]
# distance from previous block
# <min> <max>
0	1

[block]
# block no. 7 follows, 34 sequences, length 79
# corresponding to MSA columns:
# 277-355
name=unknown_H
#
# <colnr> <probs for GDERKNQSTAVLIFYWHMCP>
#	G	D	E	R	K	N	Q	S	T	A	V	L	I	F	Y	W	H	M	C	P
0	0.01696	0.58792	0.17184	0.01266	0.01891	0.04147	0.01357	0.02010	0.01353	0.03829	0.01003	0.01140	0.00851	0.00575	0.00465	0.00154	0.00751	0.00383	0.00293	0.00860
1	0.78405	0.01274	0.00993	0.00877	0.01282	0.01474	0.00723	0.04907	0.01184	0.02950	0.00928	0.01071	0.00717	0.00607	0.00411	0.00200	0.00509	0.00360	0.00411	0.00717
2	0.03538	0.04611	0.21575	0.01855	0.14187	0.01289	0.07164	0.01856	0.01377	0.02087	0.01160	0.01405	0.00921	0.00543	0.00562	0.00156	0.00715	0.00470	0.00334	0.34195
3	0.00787	0.00562	0.00750	0.00900	0.00937	0.00525	0.00600	0.00900	0.01237	0.01649	0.03561	0.76871	0.04274	0.02024	0.00825	0.00262	0.00375	0.01837	0.00600	0.00525
4	0.00934	0.00700	0.01030	0.03406	0.01210	0.00808	0.00793	0.01146	0.01036	0.01477	0.01746	0.02701	0.01673	0.12819	0.64351	0.00966	0.01579	0.00716	0.00349	0.00561
5	0.01220	0.01148	0.01938	0.75739	0.04450	0.01436	0.01794	0.01651	0.01292	0.01651	0.01148	0.01723	0.00861	0.00646	0.00646	0.00215	0.00861	0.00574	0.00287	0.00718
6	0.00923	0.00692	0.01038	0.01038	0.01154	0.00808	0.00808	0.01154	0.01038	0.01500	0.01731	0.02538	0.01615	0.04846	0.74732	0.01038	0.01731	0.00692	0.00346	0.00577
7	0.01727	0.77681	0.03386	0.01106	0.01658	0.02557	0.01106	0.01935	0.01313	0.01520	0.00898	0.01036	0.00829	0.00553	0.00415	0.00138	0.00691	0.00345	0.00276	0.00829
8	0.01727	0.77681	0.03386	0.01106	0.01658	0.02557	0.01106	0.01935	0.01313	0.01520	0.00898	0.01036	0.00829	0.00553	0.00415	0.00138	0.00691	0.00345	0.00276	0.00829
9	0.01340	0.01148	0.01340	0.00957	0.01531	0.00861	0.00766	0.01627	0.01340	0.02105	0.01148	0.01340	0.00957	0.00479	0.00479	0.00096	0.00479	0.00383	0.00383	0.81242
10	0.02559	0.01416	0.08590	0.01578	0.10388	0.01146	0.01231	0.07623	0.01840	0.53421	0.02187	0.02002	0.01421	0.00753	0.00645	0.00199	0.00626	0.00620	0.00681	0.01077
11	0.02274	0.02856	0.01757	0.01606	0.01919	0.67781	0.01207	0.02447	0.01757	0.01574	0.01067	0.01294	0.00906	0.01057	0.07524	0.00248	0.01218	0.00442	0.00334	0.00733
12	0.05066	0.01739	0.01850	0.01429	0.01935	0.03870	0.01177	0.58544	0.02795	0.12610	0.01639	0.01605	0.01141	0.00770	0.00637	0.00194	0.00697	0.00578	0.00649	0.01076
13	0.00980	0.00718	0.00914	0.00888	0.00919	0.00802	0.00600	0.01055	0.00971	0.01348	0.01842	0.03508	0.02010	0.50559	0.22512	0.00706	0.07991	0.00838	0.00369	0.00471
14	0.00925	0.00686	0.01007	0.01007	0.01112	0.00791	0.00769	0.01134	0.01029	0.01477	0.01759	0.02697	0.01684	0.11630	0.68042	0.01000	0.01627	0.00715	0.00350	0.00560
15	0.00787	0.00562	0.00750	0.00900	0.00937	0.00525	0.00600	0.00900	0.01237	0.01649	0.03561	0.76871	0.04274	0.02024	0.00825	0.00262	0.00375	0.01837	0.00600	0.00525
16	0.02220	0.02479	0.02154	0.02066	0.12564	0.42876	0.07873	0.15895	0.01987	0.02194	0.01168	0.01359	0.00926	0.00663	0.00620	0.00180	0.01011	0.00504	0.00392	0.00869
17	0.01296	0.03342	0.73944	0.01842	0.02797	0.01501	0.02387	0.02046	0.01364	0.02046	0.01160	0.01364	0.00818	0.00614	0.00614	0.00205	0.00955	0.00477	0.00273	0.00955
18	0.00787	0.00562	0.00750	0.00900	0.00937	0.00525	0.00600	0.00900	0.01237	0.01649	0.03561	0.76871	0.04274	0.02024	0.00825	0.00262	0.00375	0.01837	0.00600	0.00525
19	0.02414	0.03079	0.01831	0.01665	0.01998	0.74698	0.01248	0.02580	0.01831	0.01581	0.00999	0.01165	0.00832	0.00666	0.00583	0.00166	0.01165	0.00416	0.00333	0.00749
20	0.01515	0.01723	0.03750	0.05145	0.03412	0.01627	0.68623	0.02056	0.01517	0.02056	0.01302	0.01742	0.00976	0.00548	0.00759	0.00218	0.01082	0.00756	0.00325	0.00866
21	0.81856	0.01250	0.00950	0.00850	0.01250	0.01449	0.00700	0.01899	0.01100	0.02899	0.00900	0.01050	0.00700	0.00600	0.00400	0.00200	0.00500	0.00350	0.00400	0.00700
22	0.01220	0.01148	0.01938	0.75739	0.04450	0.01436	0.01794	0.01651	0.01292	0.01651	0.01148	0.01723	0.00861	0.00646	0.00646	0.00215	0.00861	0.00574	0.00287	0.00718
23	0.02899	0.01100	0.01499	0.01150	0.01649	0.00950	0.00950	0.03149	0.01849	0.73709	0.02549	0.02199	0.01599	0.00800	0.00650	0.00200	0.00550	0.00650	0.00800	0.01100
24	0.01340	0.01148	0.01340	0.00957	0.01531	0.00861	0.00766	0.01627	0.01340	0.02105	0.01148	0.01340	0.00957	0.00479	0.00479	0.00096	0.00479	0.00383	0.00383	0.81242
25	0.00787	0.00562	0.00750	0.00900	0.00937	0.00525	0.00600	0.00900	0.01237	0.01649	0.03561	0.76871	0.04274	0.02024	0.00825	0.00262	0.00375	0.01837	0.00600	0.00525
26	0.01662	0.01745	0.02540	0.14103	0.43492	0.13014	0.10104	0.02038	0.01508	0.01955	0.01182	0.01567	0.00964	0.00597	0.00646	0.00194	0.00882	0.00573	0.00318	0.00917
27	0.00787	0.00562	0.00750	0.00900	0.00937	0.00525	0.00600	0.00900	0.01237	0.01649	0.03561	0.76871	0.04274	0.02024	0.00825	0.00262	0.00375	0.01837	0.00600	0.00525
28	0.00787	0.00562	0.00750	0.00900	0.00937	0.00525	0.00600	0.00900	0.01237	0.01649	0.03561	0.76871	0.04274	0.02024	0.00825	0.00262	0.00375	0.01837	0.00600	0.00525
29	0.02041	0.43632	0.02676	0.01361	0.01813	0.35483	0.01171	0.02229	0.01549	0.01548	0.00944	0.01095	0.00831	0.00604	0.00491	0.00151	0.00907	0.00378	0.00302	0.00793
30	0.00914	0.00660	0.00864	0.00813	0.00965	0.00610	0.00610	0.01219	0.01829	0.02591	0.72921	0.04827	0.06097	0.01321	0.00762	0.00203	0.00305	0.01169	0.00711	0.00610
31	0.01369	0.03108	0.64483	0.01911	0.02820	0.01497	0.09381	0.02083	0.01396	0.04283	0.01218	0.01429	0.00859	0.00613	0.00630	0.00206	0.00956	0.00512	0.00295	0.00951
32	0.00924	0.00626	0.00740	0.00754	0.00769	0.00634	0.00450	0.00956	0.00977	0.01314	0.02152	0.10972	0.02463	0.63359	0.09742	0.00630	0.00706	0.01002	0.00407	0.00422
33	0.81856	0.01250	0.00950	0.00850	0.01250	0.01449	0.00700	0.01899	0.01100	0.02899	0.00900	0.01050	0.00700	0.00600	0.00400	0.00200	0.00500	0.00350	0.00400	0.00700
34	0.01525	0.01743	0.03813	0.02723	0.03377	0.01634	0.70915	0.02070	0.01525	0.02070	0.01307	0.01743	0.00980	0.00545	0.00763	0.00218	0.01089	0.00763	0.00327	0.00871
35	0.01317	0.06960	0.70511	0.01806	0.02741	0.01552	0.02325	0.02041	0.01362	0.02021	0.01147	0.01348	0.00819	0.00611	0.00604	0.00201	0.00942	0.00471	0.00273	0.00949
36	0.00914	0.00660	0.00864	0.00813	0.00965	0.00610	0.00610	0.01219	0.01829	0.02591	0.72921	0.04827	0.06097	0.01321	0.00762	0.00203	0.00305	0.01169	0.00711	0.00610
37	0.01641	0.54436	0.22304	0.01328	0.01979	0.05408	0.01457	0.01993	0.01349	0.01664	0.00973	0.01130	0.00826	0.00574	0.00476	0.00157	0.00783	0.00384	0.00278	0.00860
38	0.00914	0.00660	0.00864	0.00813	0.00965	0.00610	0.00610	0.01219	0.01829	0.02591	0.72921	0.04827	0.06097	0.01321	0.00762	0.00203	0.00305	0.01169	0.00711	0.00610
39	0.02263	0.02713	0.01765	0.01592	0.01938	0.58197	0.01205	0.05261	0.15169	0.01885	0.01328	0.01415	0.01058	0.00710	0.00599	0.00177	0.01025	0.00482	0.00406	0.00814
40	0.00909	0.00660	0.00856	0.00807	0.00962	0.00607	0.00605	0.01209	0.01816	0.02560	0.70480	0.04878	0.08556	0.01333	0.00762	0.00204	0.00306	0.01176	0.00707	0.00607
41	0.01078	0.00897	0.01199	0.03608	0.05428	0.03595	0.00881	0.01256	0.01071	0.01488	0.01643	0.02712	0.01633	0.21718	0.40671	0.00756	0.08718	0.00720	0.00347	0.00581
42	0.01599	0.01535	0.02623	0.03966	0.73262	0.01535	0.01983	0.01983	0.01471	0.02111	0.01215	0.01599	0.01023	0.00576	0.00640	0.00192	0.00768	0.00576	0.00320	0.01023
43	0.01565	0.01500	0.02561	0.10441	0.67054	0.01526	0.01966	0.01953	0.01455	0.02069	0.01209	0.01610	0.01009	0.00582	0.00640	0.00194	0.00776	0.00576	0.00317	0.00996
44	0.00799	0.00574	0.00762	0.00908	0.00956	0.00536	0.00619	0.00922	0.01256	0.01666	0.03633	0.71499	0.06070	0.02002	0.00826	0.00263	0.00385	0.05194	0.00600	0.00529
45	0.01655	0.65151	0.15278	0.01230	0.01850	0.02379	0.01322	0.01954	0.01322	0.01609	0.00942	0.01092	0.00827	0.00563	0.00448	0.00149	0.00735	0.00368	0.00276	0.00850
46	0.01296	0.03342	0.73944	0.01842	0.02797	0.01501	0.02387	0.02046	0.01364	0.02046	0.01160	0.01364	0.00818	0.00614	0.00614	0.00205	0.00955	0.00477	0.00273	0.00955
47	0.02226	0.01844	0.07399	0.01447	0.02005	0.01821	0.01259	0.57008	0.02694	0.03668	0.01470	0.01510	0.01059	0.00726	0.00623	0.00182	0.00700	0.00549	0.00584	0.11226
48	0.00929	0.00669	0.00920	0.00920	0.00995	0.00743	0.00660	0.01078	0.01003	0.01412	0.01839	0.03138	0.01876	0.30543	0.49390	0.00892	0.01339	0.00780	0.00362	0.00511
49	0.01484	0.01423	0.02450	0.11498	0.48049	0.01449	0.09023	0.01947	0.04665	0.02127	0.08135	0.01973	0.01528	0.00665	0.00666	0.00200	0.00756	0.00659	0.00369	0.00934
50	0.01606	0.01125	0.01350	0.00998	0.01535	0.00883	0.00799	0.01917	0.03161	0.14919	0.01522	0.04233	0.01216	0.00601	0.00526	0.00123	0.00488	0.00491	0.00472	0.62034
51	0.01449	0.01227	0.01464	0.01055	0.01626	0.00990	0.02740	0.08143	0.01504	0.02289	0.01191	0.01371	0.00971	0.00508	0.00502	0.00108	0.00517	0.00412	0.00406	0.71528
52	0.01599	0.01535	0.02623	0.03966	0.73262	0.01535	0.01983	0.01983	0.01471	0.02111	0.01215	0.01599	0.01023	0.00576	0.00640	0.00192	0.00768	0.00576	0.00320	0.01023
53	0.01286	0.01215	0.02057	0.63303	0.16374	0.01453	0.01827	0.01708	0.01323	0.01731	0.01160	0.01701	0.00889	0.00634	0.00645	0.00211	0.00845	0.00574	0.00293	0.00771
54	0.01584	0.01511	0.02547	0.05333	0.58087	0.01489	0.06515	0.03883	0.01502	0.02151	0.01223	0.01586	0.01012	0.00572	0.00633	0.00185	0.00763	0.00570	0.00335	0.08517
55	0.00935	0.00784	0.01223	0.01155	0.01301	0.00768	0.09584	0.01136	0.01338	0.01800	0.10123	0.46015	0.09722	0.01774	0.03327	0.00275	0.04529	0.03068	0.00551	0.00592
56	0.66749	0.01320	0.03109	0.00983	0.01397	0.01441	0.03295	0.04091	0.04408	0.02858	0.04524	0.01344	0.01045	0.00651	0.00456	0.00202	0.00531	0.00432	0.00428	0.00735
57	0.81856	0.01250	0.00950	0.00850	0.01250	0.01449	0.00700	0.01899	0.01100	0.02899	0.00900	0.01050	0.00700	0.00600	0.00400	0.00200	0.00500	0.00350	0.00400	0.00700
58	0.00940	0.00626	0.00705	0.00705	0.00705	0.00626	0.00392	0.00940	0.00940	0.01253	0.02036	0.04228	0.02349	0.77292	0.03289	0.00626	0.00626	0.00940	0.00392	0.00392
59	0.05522	0.01592	0.06531	0.05118	0.02304	0.01645	0.20138	0.15170	0.03574	0.04749	0.01523	0.04162	0.03066	0.00840	0.01019	0.00226	0.18737	0.00678	0.02555	0.00850
60	0.81856	0.01250	0.00950	0.00850	0.01250	0.01449	0.00700	0.01899	0.01100	0.02899	0.00900	0.01050	0.00700	0.00600	0.00400	0.00200	0.00500	0.00350	0.00400	0.00700
61	0.01701	0.01807	0.10708	0.04436	0.16641	0.01653	0.23587	0.13707	0.08468	0.04403	0.01444	0.01698	0.01092	0.00671	0.00761	0.00210	0.05003	0.00641	0.00414	0.00956
62	0.81856	0.01250	0.00950	0.00850	0.01250	0.01449	0.00700	0.01899	0.01100	0.02899	0.00900	0.01050	0.00700	0.00600	0.00400	0.00200	0.00500	0.00350	0.00400	0.00700
63	0.01511	0.01666	0.03231	0.10834	0.07584	0.04091	0.47775	0.01969	0.01438	0.01944	0.01215	0.01671	0.00948	0.00636	0.00907	0.00222	0.10508	0.00693	0.00317	0.00839
64	0.01220	0.01148	0.01938	0.75739	0.04450	0.01436	0.01794	0.01651	0.01292	0.01651	0.01148	0.01723	0.00861	0.00646	0.00646	0.00215	0.00861	0.00574	0.00287	0.00718
