[name]
unknown

[dist]
# distance from previous block
# <min> <max>
0	37

[block]
# block no. 0 follows, 33 sequences, length 6
# corresponding to MSA columns:
# 40-45
name=unknown_A
#
# <colnr> <probs for GDERKNQSTAVLIFYWHMCP>
#	G	D	E	R	K	N	Q	S	T	A	V	L	I	F	Y	W	H	M	C	P
0	0.08950	0.01658	0.10638	0.01395	0.01877	0.01513	0.04733	0.28825	0.07362	0.05245	0.10702	0.02625	0.05685	0.00927	0.00675	0.00212	0.00657	0.04815	0.00580	0.00925
1	0.07515	0.01222	0.01361	0.01215	0.01496	0.01392	0.00951	0.08066	0.29931	0.05908	0.04644	0.10498	0.09147	0.03215	0.00942	0.00242	0.09926	0.00880	0.00590	0.00855
2	0.12331	0.01732	0.01804	0.01417	0.01914	0.01933	0.01164	0.55670	0.09265	0.03868	0.01600	0.01599	0.01152	0.00777	0.00628	0.00201	0.00678	0.00577	0.00628	0.01061
3	0.00927	0.00662	0.00844	0.00849	0.00920	0.00687	0.00579	0.01050	0.01119	0.01526	0.07684	0.07945	0.08069	0.36683	0.26893	0.00695	0.00957	0.00974	0.00436	0.00500
4	0.01392	0.00786	0.00985	0.00926	0.01138	0.00725	0.00682	0.01663	0.05237	0.18835	0.16072	0.24318	0.13845	0.09061	0.01021	0.00270	0.00437	0.01238	0.00662	0.00705
5	0.02158	0.01562	0.01855	0.01724	0.10735	0.01691	0.01243	0.41387	0.08969	0.09544	0.01829	0.04902	0.01414	0.01157	0.06477	0.00271	0.00766	0.00674	0.00606	0.01037

[dist]
# distance from previous block
# <min> <max>
7	24

[block]
# block no. 1 follows, 33 sequences, length 25
# corresponding to MSA columns:
# 70-94
name=unknown_B
#
# <colnr> <probs for GDERKNQSTAVLIFYWHMCP>
#	G	D	E	R	K	N	Q	S	T	A	V	L	I	F	Y	W	H	M	C	P
0	0.04235	0.02987	0.01751	0.03778	0.11998	0.03000	0.09188	0.04677	0.03492	0.06078	0.02691	0.15904	0.12687	0.03208	0.03784	0.00271	0.06052	0.02970	0.00483	0.00766
1	0.10778	0.01292	0.01478	0.01195	0.01610	0.01326	0.00961	0.26610	0.02134	0.26601	0.06775	0.09228	0.01946	0.04088	0.00770	0.00226	0.00583	0.00768	0.00673	0.00957
2	0.02094	0.07542	0.01890	0.03645	0.01971	0.16569	0.01189	0.25787	0.27013	0.02871	0.01795	0.01778	0.01353	0.00783	0.00632	0.00197	0.00749	0.00594	0.00559	0.00988
3	0.01674	0.11607	0.07837	0.01292	0.03513	0.06129	0.03775	0.08111	0.03539	0.13518	0.15492	0.07715	0.11040	0.01024	0.00673	0.00201	0.00612	0.00854	0.00561	0.00833
4	0.01553	0.23507	0.22162	0.08971	0.08797	0.05808	0.13542	0.02013	0.01449	0.01899	0.03658	0.01532	0.01080	0.00624	0.00603	0.00189	0.00883	0.00538	0.00313	0.00881
5	0.06318	0.07340	0.34724	0.04293	0.02556	0.07696	0.08553	0.14456	0.01745	0.04469	0.01263	0.01443	0.00921	0.00654	0.00621	0.00200	0.00901	0.00521	0.00381	0.00947
6	0.01570	0.01164	0.01386	0.01000	0.01576	0.00889	0.00804	0.01857	0.01432	0.11296	0.01354	0.01478	0.01059	0.00530	0.00510	0.00111	0.00497	0.00425	0.00445	0.70617
7	0.00974	0.00693	0.00849	0.00867	0.01026	0.00639	0.00637	0.01246	0.04450	0.05195	0.24717	0.28252	0.22089	0.01636	0.00793	0.00235	0.00371	0.04061	0.00656	0.00615
8	0.01152	0.00729	0.00907	0.00830	0.01048	0.00649	0.00634	0.01417	0.01771	0.11501	0.46151	0.04945	0.23032	0.01362	0.00762	0.00211	0.00349	0.01175	0.00707	0.00668
9	0.00883	0.00660	0.00747	0.00734	0.00916	0.00586	0.00547	0.01116	0.01617	0.02171	0.31207	0.08477	0.37076	0.01472	0.00748	0.00212	0.00324	0.01257	0.08665	0.00586
10	0.00925	0.00630	0.00749	0.00776	0.00797	0.00625	0.00469	0.00974	0.01071	0.01442	0.06397	0.18119	0.02960	0.55375	0.05480	0.00559	0.00614	0.01136	0.00457	0.00445
11	0.01475	0.09185	0.17368	0.15798	0.08139	0.01683	0.32861	0.02007	0.01453	0.01975	0.01226	0.01616	0.00932	0.00591	0.00682	0.00209	0.00978	0.00630	0.00309	0.00883
12	0.00948	0.00634	0.00721	0.00729	0.00732	0.00632	0.00411	0.00955	0.00975	0.01300	0.02163	0.08441	0.02506	0.72578	0.03207	0.00617	0.00624	0.01010	0.00411	0.00407
13	0.06361	0.24951	0.08957	0.01356	0.04249	0.08477	0.01178	0.05851	0.11494	0.08104	0.03667	0.06596	0.01532	0.03697	0.00682	0.00205	0.00694	0.00621	0.00454	0.00871
14	0.02061	0.09891	0.04883	0.06071	0.18091	0.34854	0.06551	0.02353	0.01663	0.05892	0.01184	0.01414	0.00948	0.00642	0.00611	0.00182	0.00983	0.00503	0.00353	0.00869
15	0.01095	0.00734	0.00935	0.00885	0.01008	0.00734	0.00612	0.01217	0.01093	0.05446	0.01986	0.06524	0.02063	0.39091	0.25476	0.00680	0.00968	0.00846	0.00416	0.08191
16	0.01776	0.18273	0.05172	0.07842	0.10909	0.05358	0.08311	0.09881	0.01633	0.06425	0.01253	0.01476	0.00989	0.00632	0.00642	0.00175	0.03676	0.00513	0.00390	0.14674
17	0.00804	0.00596	0.00741	0.00854	0.00930	0.00544	0.00578	0.00924	0.01299	0.01684	0.04213	0.58213	0.18893	0.05271	0.00937	0.00274	0.00383	0.01728	0.00602	0.00533
18	0.01023	0.00799	0.00917	0.00961	0.01079	0.03581	0.00686	0.05762	0.01458	0.01907	0.09284	0.41736	0.10733	0.08060	0.05574	0.00330	0.00542	0.04400	0.00580	0.00588
19	0.07595	0.14700	0.24401	0.04978	0.04867	0.06091	0.09778	0.10511	0.04992	0.04241	0.01287	0.01467	0.00969	0.00647	0.00602	0.00196	0.00850	0.00523	0.00380	0.00927
20	0.01976	0.05006	0.18612	0.01891	0.07818	0.11864	0.11529	0.06275	0.03552	0.17771	0.01638	0.04603	0.01239	0.00744	0.00691	0.00204	0.02545	0.00630	0.00462	0.00951
21	0.00890	0.00630	0.00800	0.00863	0.00944	0.00598	0.00602	0.01017	0.01315	0.01749	0.13627	0.32386	0.12179	0.15385	0.03908	0.04799	0.00488	0.06737	0.00563	0.00519
22	0.01711	0.06896	0.07344	0.03245	0.05473	0.01170	0.01069	0.09588	0.03718	0.18435	0.13115	0.07902	0.10510	0.01108	0.00764	0.03381	0.00568	0.02564	0.00593	0.00846
23	0.01769	0.03636	0.10649	0.08279	0.09089	0.06637	0.07254	0.19165	0.03681	0.06122	0.03611	0.07662	0.03289	0.03105	0.00750	0.00217	0.00769	0.00723	0.00478	0.03115
24	0.07247	0.20564	0.03643	0.01422	0.07324	0.01642	0.02726	0.16026	0.01697	0.06412	0.03330	0.06866	0.01504	0.05816	0.07656	0.00293	0.00764	0.00648	0.00455	0.03965

[dist]
# distance from previous block
# <min> <max>
0	7

[block]
# block no. 2 follows, 33 sequences, length 14
# corresponding to MSA columns:
# 102-115
name=unknown_C
#
# <colnr> <probs for GDERKNQSTAVLIFYWHMCP>
#	G	D	E	R	K	N	Q	S	T	A	V	L	I	F	Y	W	H	M	C	P
0	0.25014	0.04752	0.11820	0.01438	0.03899	0.06755	0.06726	0.09403	0.03676	0.05512	0.05857	0.01836	0.01379	0.00830	0.02350	0.00219	0.00733	0.02670	0.00447	0.04684
1	0.01815	0.02205	0.16469	0.04535	0.11457	0.14397	0.09456	0.09620	0.12449	0.04492	0.01474	0.01654	0.01121	0.00718	0.00742	0.00207	0.05239	0.00586	0.00419	0.00943
2	0.01300	0.00888	0.01229	0.01111	0.01317	0.00944	0.03130	0.04853	0.04308	0.09125	0.09712	0.08254	0.02312	0.07368	0.32255	0.00599	0.04022	0.00838	0.03528	0.02907
3	0.07136	0.01194	0.01589	0.17905	0.04785	0.01116	0.03641	0.01740	0.03750	0.02097	0.01330	0.05093	0.01135	0.00630	0.00560	0.00153	0.00607	0.00536	0.00385	0.44618
4	0.00953	0.00654	0.00796	0.00796	0.00823	0.00681	0.00496	0.01007	0.00980	0.01334	0.02003	0.03913	0.02222	0.60353	0.19627	0.00735	0.00897	0.00900	0.00388	0.00442
5	0.00827	0.00588	0.00752	0.00873	0.00913	0.00553	0.00571	0.00925	0.01221	0.01618	0.03505	0.61538	0.06983	0.14345	0.01250	0.00326	0.00422	0.01700	0.00576	0.00513
6	0.04655	0.04507	0.11650	0.01547	0.04744	0.11895	0.01316	0.11896	0.22605	0.08390	0.01749	0.01762	0.01305	0.00755	0.00671	0.00198	0.03226	0.00575	0.00513	0.06039
7	0.07288	0.08905	0.05172	0.18014	0.10148	0.07529	0.05671	0.11805	0.09909	0.04076	0.01427	0.01669	0.01100	0.00849	0.03493	0.00234	0.00832	0.00568	0.00420	0.00892
8	0.00957	0.00684	0.00880	0.01004	0.05257	0.00684	0.00591	0.01031	0.01079	0.01458	0.02401	0.22804	0.02756	0.46376	0.08721	0.00551	0.00678	0.01151	0.00446	0.00490
9	0.00911	0.00619	0.00732	0.00778	0.00789	0.00607	0.00463	0.00945	0.01049	0.01398	0.02543	0.26068	0.02985	0.54297	0.02593	0.00526	0.00561	0.01233	0.00463	0.00440
10	0.01721	0.04747	0.27327	0.01973	0.13173	0.01618	0.01738	0.13932	0.06064	0.07992	0.01465	0.01660	0.01104	0.00986	0.05295	0.00262	0.06978	0.00566	0.00423	0.00976
11	0.01999	0.11961	0.05824	0.04432	0.04211	0.15048	0.01298	0.22761	0.06007	0.04217	0.01378	0.01657	0.01120	0.05454	0.00955	0.00226	0.09549	0.00555	0.00451	0.00898
12	0.14883	0.23410	0.06537	0.04892	0.01974	0.04594	0.06316	0.11177	0.04554	0.02308	0.01296	0.05212	0.01111	0.00722	0.00609	0.00187	0.03494	0.00544	0.00400	0.05781
13	0.01358	0.06215	0.04036	0.05615	0.01520	0.04562	0.00914	0.08074	0.01747	0.07415	0.24600	0.15208	0.11367	0.01265	0.00726	0.00215	0.00521	0.03319	0.00598	0.00725

[dist]
# distance from previous block
# <min> <max>
0	2

[block]
# block no. 3 follows, 33 sequences, length 8
# corresponding to MSA columns:
# 118-125
name=unknown_D
#
# <colnr> <probs for GDERKNQSTAVLIFYWHMCP>
#	G	D	E	R	K	N	Q	S	T	A	V	L	I	F	Y	W	H	M	C	P
0	0.03407	0.01314	0.12686	0.01228	0.04825	0.01000	0.01049	0.06642	0.04700	0.07756	0.34672	0.03629	0.08631	0.04573	0.00834	0.00227	0.00518	0.00930	0.00603	0.00775
1	0.00961	0.00706	0.00986	0.04514	0.04671	0.00706	0.00761	0.01123	0.01328	0.01802	0.15720	0.25905	0.07852	0.08475	0.10239	0.07661	0.00630	0.04873	0.00524	0.00563
2	0.01696	0.06647	0.09908	0.01636	0.04067	0.14611	0.10279	0.08830	0.11267	0.02190	0.01740	0.06549	0.03419	0.03834	0.00789	0.00212	0.02687	0.00679	0.00435	0.08523
3	0.04447	0.20477	0.24248	0.01533	0.04880	0.08964	0.01508	0.05389	0.07370	0.06554	0.01676	0.04125	0.04638	0.00754	0.00589	0.00191	0.00780	0.00574	0.00403	0.00902
4	0.01581	0.27887	0.18474	0.01985	0.12941	0.01897	0.11747	0.02136	0.07366	0.01975	0.01248	0.01458	0.01001	0.00603	0.00579	0.00181	0.00807	0.00515	0.00334	0.05286
5	0.05412	0.11299	0.13570	0.01656	0.07732	0.04764	0.04623	0.19926	0.03274	0.02566	0.06285	0.03562	0.01496	0.04916	0.00833	0.00220	0.03898	0.00624	0.00450	0.02895
6	0.01652	0.06920	0.06110	0.01253	0.03077	0.01317	0.01043	0.19617	0.04104	0.06761	0.08165	0.09834	0.02084	0.04439	0.03702	0.00244	0.00643	0.03596	0.00538	0.14903
7	0.01195	0.04159	0.01219	0.01185	0.06262	0.00974	0.00800	0.07809	0.07365	0.02026	0.03050	0.29770	0.11686	0.11534	0.01077	0.00276	0.00505	0.01194	0.00539	0.07376

[dist]
# distance from previous block
# <min> <max>
3	16

[block]
# block no. 4 follows, 33 sequences, length 11
# corresponding to MSA columns:
# 142-152
name=unknown_E
#
# <colnr> <probs for GDERKNQSTAVLIFYWHMCP>
#	G	D	E	R	K	N	Q	S	T	A	V	L	I	F	Y	W	H	M	C	P
0	0.06868	0.09708	0.12755	0.03590	0.04120	0.10155	0.01315	0.10152	0.04737	0.04708	0.01770	0.01980	0.06920	0.01306	0.09386	0.00304	0.08374	0.00602	0.00415	0.00834
1	0.04528	0.01310	0.04565	0.01173	0.01528	0.04057	0.00967	0.15854	0.11617	0.12122	0.15673	0.06330	0.08366	0.03397	0.03229	0.00253	0.00600	0.02947	0.00630	0.00854
2	0.01645	0.01835	0.18748	0.07361	0.09598	0.04863	0.03869	0.08252	0.04671	0.10639	0.02080	0.02366	0.08448	0.07347	0.00927	0.00242	0.02597	0.00685	0.00453	0.03376
3	0.01141	0.00953	0.01365	0.04393	0.01553	0.00946	0.08926	0.05898	0.06976	0.02352	0.29434	0.07731	0.16923	0.01441	0.04343	0.00261	0.00561	0.03499	0.00602	0.00702
4	0.01079	0.05707	0.01011	0.00848	0.00976	0.00799	0.00605	0.01208	0.01239	0.04958	0.10626	0.06362	0.10454	0.35899	0.11733	0.00519	0.00709	0.04243	0.00482	0.00544
5	0.01590	0.04700	0.20982	0.02079	0.15339	0.07486	0.08050	0.04905	0.11534	0.04421	0.04271	0.06799	0.03305	0.00810	0.00667	0.00207	0.00794	0.00707	0.00431	0.00925
6	0.00931	0.00714	0.00891	0.00881	0.01010	0.00703	0.00659	0.01141	0.01526	0.02059	0.31565	0.12811	0.19772	0.10336	0.01186	0.00281	0.05330	0.07016	0.00610	0.00577
7	0.22374	0.10873	0.06828	0.01619	0.09309	0.10917	0.03344	0.10364	0.03629	0.07310	0.01316	0.03569	0.01059	0.00721	0.00632	0.00197	0.04107	0.00525	0.00430	0.00875
8	0.05849	0.16693	0.30691	0.01989	0.10681	0.05299	0.09867	0.02188	0.06939	0.02070	0.01251	0.01457	0.00967	0.00624	0.00598	0.00195	0.00866	0.00517	0.00331	0.00928
9	0.00793	0.00608	0.00727	0.00823	0.00930	0.00543	0.00569	0.00927	0.01351	0.01717	0.04770	0.50119	0.29933	0.01914	0.00817	0.00250	0.00364	0.01691	0.00611	0.00543
10	0.01567	0.05638	0.07415	0.01185	0.01755	0.06007	0.01029	0.06865	0.09884	0.02287	0.01356	0.01484	0.01082	0.00585	0.00536	0.00136	0.00605	0.00455	0.00424	0.49704

[dist]
# distance from previous block
# <min> <max>
0	4

[block]
# block no. 5 follows, 33 sequences, length 6
# corresponding to MSA columns:
# 157-162
name=unknown_F
#
# <colnr> <probs for GDERKNQSTAVLIFYWHMCP>
#	G	D	E	R	K	N	Q	S	T	A	V	L	I	F	Y	W	H	M	C	P
0	0.03386	0.09400	0.17488	0.05681	0.05536	0.01484	0.10134	0.11586	0.01679	0.07895	0.07508	0.05584	0.01713	0.07023	0.00876	0.00239	0.00760	0.00709	0.00450	0.00869
1	0.01908	0.07976	0.11023	0.01437	0.01926	0.01759	0.01294	0.29295	0.14845	0.05237	0.01787	0.06973	0.01445	0.00874	0.00748	0.00207	0.05919	0.00671	0.00546	0.04130
2	0.06643	0.01012	0.01211	0.01023	0.01378	0.00940	0.00800	0.07617	0.03519	0.18191	0.12439	0.14619	0.06545	0.01245	0.03890	0.00232	0.00531	0.00900	0.00610	0.16655
3	0.05306	0.01212	0.01344	0.01149	0.01489	0.01274	0.00903	0.26976	0.06901	0.02818	0.06577	0.14967	0.10276	0.01484	0.07324	0.00284	0.00648	0.00926	0.00588	0.07555
4	0.01666	0.22724	0.20094	0.01439	0.02068	0.06199	0.06245	0.02136	0.04787	0.07782	0.04705	0.01597	0.01251	0.00646	0.00568	0.00170	0.00755	0.00510	0.00389	0.14268
5	0.06957	0.01314	0.09048	0.01187	0.01509	0.01179	0.01029	0.16024	0.05567	0.02465	0.06217	0.22587	0.11793	0.01327	0.00795	0.00234	0.04145	0.05293	0.00564	0.00766

[dist]
# distance from previous block
# <min> <max>
1	6

[block]
# block no. 6 follows, 33 sequences, length 29
# corresponding to MSA columns:
# 169-197
name=unknown_G
#
# <colnr> <probs for GDERKNQSTAVLIFYWHMCP>
#	G	D	E	R	K	N	Q	S	T	A	V	L	I	F	Y	W	H	M	C	P
0	0.01340	0.07011	0.01709	0.08610	0.07852	0.03819	0.06711	0.09327	0.03656	0.02177	0.10912	0.22743	0.09026	0.01213	0.00722	0.00219	0.00607	0.01077	0.00519	0.00751
1	0.07259	0.18985	0.15856	0.07403	0.14253	0.01777	0.04643	0.04111	0.11942	0.02168	0.01353	0.01541	0.01065	0.00641	0.00579	0.00189	0.00749	0.00521	0.00374	0.04591
2	0.18135	0.22891	0.09145	0.01490	0.07445	0.08496	0.01249	0.11901	0.05492	0.02410	0.01182	0.01317	0.00943	0.00638	0.00524	0.00178	0.00722	0.00449	0.00397	0.04996
3	0.01855	0.11629	0.04358	0.06195	0.30727	0.04292	0.01524	0.12983	0.01726	0.09141	0.01431	0.01761	0.01156	0.04722	0.03501	0.00245	0.00795	0.00578	0.00422	0.00958
4	0.09628	0.12103	0.02027	0.09827	0.09892	0.10141	0.02911	0.15884	0.03619	0.07805	0.03361	0.01800	0.01264	0.06071	0.00790	0.00222	0.00752	0.00571	0.00455	0.00877
5	0.01400	0.00939	0.01042	0.00920	0.01190	0.03505	0.00714	0.08198	0.01857	0.12804	0.30108	0.04409	0.24916	0.01267	0.00731	0.00207	0.00426	0.01067	0.03573	0.00727
6	0.00860	0.00655	0.00783	0.00786	0.00936	0.00593	0.00570	0.01068	0.01560	0.02068	0.32053	0.16157	0.28770	0.06475	0.03451	0.00278	0.00400	0.01332	0.00634	0.00570
7	0.00996	0.00624	0.00848	0.00885	0.00969	0.00586	0.00619	0.01089	0.01383	0.04474	0.24506	0.35173	0.04134	0.01842	0.01192	0.17829	0.00408	0.01331	0.00583	0.00529
8	0.00917	0.00642	0.00751	0.00777	0.00831	0.00619	0.00497	0.00997	0.01174	0.01550	0.08999	0.14992	0.11435	0.46630	0.02331	0.00480	0.00536	0.04881	0.00494	0.00468
9	0.01637	0.06715	0.15776	0.09955	0.23782	0.12403	0.09178	0.02052	0.01463	0.01916	0.01142	0.01495	0.00924	0.00664	0.00784	0.00205	0.08151	0.00549	0.00310	0.00897
10	0.00926	0.00625	0.00727	0.00758	0.00766	0.00617	0.00442	0.00949	0.01019	0.01359	0.02390	0.18977	0.02792	0.61651	0.02840	0.00563	0.00586	0.01143	0.00442	0.00427
11	0.01738	0.04399	0.13784	0.01849	0.08964	0.09119	0.07434	0.10402	0.26607	0.02485	0.01771	0.01852	0.01348	0.00863	0.02911	0.00230	0.00807	0.00620	0.00481	0.02336
12	0.11336	0.17889	0.10966	0.05928	0.08819	0.14207	0.01403	0.14226	0.01760	0.05947	0.01213	0.01368	0.00937	0.00657	0.00564	0.00184	0.00810	0.00475	0.00404	0.00906
13	0.06245	0.08626	0.11373	0.01724	0.11352	0.06431	0.03896	0.11361	0.04272	0.10534	0.05441	0.03797	0.01448	0.00732	0.00611	0.00185	0.00711	0.00597	0.00472	0.10192
14	0.01785	0.23677	0.12381	0.03808	0.04673	0.09289	0.08334	0.11624	0.03284	0.04745	0.07068	0.01730	0.01417	0.00809	0.02471	0.00206	0.00828	0.00567	0.00412	0.00890
15	0.00932	0.00703	0.01038	0.01038	0.01161	0.00809	0.00806	0.01164	0.01081	0.01541	0.02015	0.02779	0.05281	0.04770	0.70485	0.01015	0.01690	0.00740	0.00366	0.00586
16	0.01840	0.56813	0.07102	0.01226	0.01765	0.10864	0.01188	0.02085	0.01455	0.05272	0.04310	0.01328	0.01131	0.00629	0.00483	0.00154	0.00752	0.00423	0.00336	0.00846
17	0.00927	0.00647	0.00810	0.00882	0.00987	0.00598	0.00612	0.02576	0.01407	0.04262	0.10477	0.51383	0.15428	0.04620	0.00907	0.00264	0.00390	0.01625	0.00622	0.00574
18	0.04713	0.18048	0.06296	0.05911	0.06786	0.11240	0.01253	0.08019	0.01736	0.23559	0.03289	0.01676	0.01249	0.00703	0.00588	0.00183	0.00737	0.00534	0.00502	0.02978
19	0.01477	0.08607	0.24684	0.11963	0.12292	0.01528	0.07410	0.04200	0.05508	0.04618	0.01683	0.04801	0.03102	0.00786	0.00661	0.00211	0.00815	0.04372	0.00384	0.00898
20	0.00831	0.00595	0.00790	0.00897	0.00961	0.00554	0.00613	0.00989	0.01395	0.01894	0.18933	0.60521	0.04767	0.01903	0.00826	0.00254	0.00366	0.01720	0.00636	0.00554
21	0.01818	0.71160	0.03319	0.01173	0.01718	0.08499	0.01138	0.02025	0.01381	0.01554	0.00924	0.01067	0.00845	0.00573	0.00437	0.00143	0.00744	0.00358	0.00286	0.00838
22	0.12232	0.15091	0.33454	0.05712	0.02499	0.01711	0.08997	0.05482	0.01468	0.05843	0.01209	0.01405	0.00895	0.00625	0.00584	0.00198	0.00842	0.00497	0.00349	0.00909
23	0.00985	0.00683	0.00803	0.00796	0.00831	0.00711	0.00491	0.01104	0.04153	0.01380	0.02055	0.03969	0.02265	0.62782	0.13738	0.00682	0.00800	0.00910	0.00404	0.00456
24	0.00905	0.00632	0.00806	0.00899	0.01005	0.00578	0.00642	0.01063	0.01387	0.04375	0.08488	0.50538	0.16901	0.01879	0.00824	0.00256	0.00394	0.07234	0.00625	0.00571
25	0.01384	0.04542	0.56015	0.01903	0.02757	0.01537	0.10708	0.05158	0.01480	0.02149	0.01348	0.05586	0.01062	0.00702	0.00653	0.00211	0.00940	0.00601	0.00321	0.00942
26	0.02043	0.01793	0.05809	0.08722	0.05460	0.05507	0.01341	0.37946	0.15939	0.03218	0.01872	0.01911	0.03822	0.00805	0.00660	0.00205	0.00726	0.00635	0.00571	0.01017
27	0.01613	0.00903	0.01083	0.00963	0.01244	0.00879	0.00759	0.05167	0.09506	0.19210	0.18505	0.05731	0.08857	0.01097	0.00675	0.00205	0.00432	0.04701	0.17672	0.00798
28	0.01124	0.00899	0.01231	0.01149	0.01305	0.00998	0.04002	0.03999	0.07461	0.01889	0.06108	0.14356	0.05870	0.09585	0.23347	0.00527	0.08156	0.04000	0.03345	0.00650

[dist]
# distance from previous block
# <min> <max>
7	13

[block]
# block no. 7 follows, 33 sequences, length 10
# corresponding to MSA columns:
# 211-220
name=unknown_H
#
# <colnr> <probs for GDERKNQSTAVLIFYWHMCP>
#	G	D	E	R	K	N	Q	S	T	A	V	L	I	F	Y	W	H	M	C	P
0	0.02043	0.15105	0.02062	0.06047	0.04193	0.37793	0.01233	0.05987	0.10687	0.01963	0.05730	0.01629	0.01353	0.00730	0.00595	0.00179	0.00910	0.00524	0.00409	0.00829
1	0.00862	0.00653	0.00780	0.00800	0.00943	0.00590	0.00581	0.01060	0.01533	0.02016	0.27492	0.19432	0.28224	0.07592	0.00999	0.00263	0.00373	0.04613	0.00632	0.00564
2	0.01092	0.00707	0.00884	0.00830	0.01020	0.00636	0.00620	0.01338	0.01704	0.09388	0.43127	0.10442	0.19644	0.04547	0.00877	0.00233	0.00360	0.01223	0.00687	0.00641
3	0.00826	0.00618	0.00739	0.00810	0.00907	0.00562	0.00552	0.00958	0.01342	0.01738	0.10136	0.40375	0.24243	0.11681	0.01145	0.00298	0.00395	0.01553	0.00593	0.00530
4	0.01889	0.02209	0.02303	0.06826	0.02434	0.34731	0.20577	0.04432	0.01671	0.01829	0.01547	0.01926	0.05484	0.05369	0.00891	0.00225	0.03884	0.00638	0.00364	0.00771
5	0.01512	0.01263	0.01262	0.01126	0.01385	0.08357	0.00855	0.17186	0.10637	0.02567	0.20164	0.09224	0.07326	0.11007	0.01062	0.00268	0.00575	0.02860	0.00603	0.00760
6	0.07836	0.01125	0.01371	0.03621	0.06613	0.03344	0.00931	0.01777	0.01434	0.11761	0.09202	0.07189	0.03754	0.03957	0.05289	0.00250	0.05055	0.00706	0.00488	0.24298
7	0.13278	0.22417	0.10388	0.05182	0.05545	0.06957	0.01321	0.11418	0.04813	0.07927	0.01283	0.01413	0.00989	0.00681	0.00612	0.00189	0.03789	0.00481	0.00417	0.00902
8	0.01614	0.07150	0.11109	0.04189	0.04117	0.05909	0.01249	0.12358	0.14296	0.04719	0.06448	0.06658	0.06198	0.01146	0.03838	0.02286	0.04604	0.00746	0.00502	0.00863
9	0.11410	0.14563	0.01857	0.01428	0.07235	0.09880	0.01080	0.10943	0.08781	0.10666	0.01973	0.02341	0.05561	0.04235	0.00726	0.00217	0.00678	0.05056	0.00503	0.00870

[dist]
# distance from previous block
# <min> <max>
16	81

[block]
# block no. 8 follows, 33 sequences, length 57
# corresponding to MSA columns:
# 311-367
name=unknown_I
#
# <colnr> <probs for GDERKNQSTAVLIFYWHMCP>
#	G	D	E	R	K	N	Q	S	T	A	V	L	I	F	Y	W	H	M	C	P
0	0.10802	0.20067	0.11482	0.01415	0.04368	0.05439	0.03215	0.02272	0.08748	0.11288	0.03746	0.01620	0.01250	0.00702	0.00642	0.00186	0.04751	0.00518	0.00434	0.07056
1	0.21597	0.19171	0.13462	0.01636	0.12478	0.01742	0.01331	0.07103	0.05051	0.02390	0.03713	0.01563	0.02634	0.00670	0.00537	0.00187	0.00675	0.00500	0.00392	0.03167
2	0.01832	0.55232	0.05515	0.01425	0.04630	0.07927	0.04203	0.07166	0.01519	0.01815	0.01011	0.01180	0.00880	0.00607	0.00530	0.00159	0.02766	0.00413	0.00318	0.00870
3	0.09658	0.34203	0.06200	0.01639	0.10894	0.10769	0.01294	0.10037	0.05893	0.02170	0.01167	0.01309	0.00960	0.00634	0.00523	0.00172	0.00758	0.00450	0.00373	0.00898
4	0.03663	0.59785	0.11117	0.04455	0.01928	0.02317	0.01277	0.01954	0.01339	0.01681	0.00970	0.01141	0.00848	0.00572	0.00459	0.00151	0.00726	0.00379	0.00290	0.04948
5	0.01437	0.01423	0.09383	0.01469	0.09633	0.04980	0.03295	0.10452	0.01783	0.07115	0.11735	0.03777	0.28575	0.01132	0.00713	0.00209	0.00589	0.00952	0.00552	0.00797
6	0.00923	0.00607	0.00810	0.00926	0.00995	0.00562	0.00631	0.01054	0.01320	0.05549	0.06595	0.69323	0.04290	0.01964	0.00828	0.00261	0.00388	0.01777	0.00627	0.00570
7	0.02501	0.01901	0.01971	0.01523	0.02041	0.05213	0.01252	0.67577	0.03041	0.04037	0.01556	0.01563	0.01108	0.00785	0.00656	0.00196	0.00745	0.00585	0.00645	0.01104
8	0.01938	0.04380	0.11914	0.05085	0.22279	0.01655	0.01589	0.19328	0.12290	0.10454	0.01664	0.01759	0.01227	0.00715	0.00646	0.00202	0.00732	0.00598	0.00503	0.01042
9	0.00900	0.00730	0.00799	0.00825	0.01001	0.00687	0.00594	0.01251	0.10003	0.01844	0.05055	0.26264	0.40329	0.05524	0.00914	0.00257	0.00386	0.01429	0.00608	0.00601
10	0.01134	0.00575	0.00850	0.00850	0.00850	0.00575	0.00563	0.00863	0.00863	0.01151	0.01193	0.02125	0.01210	0.06276	0.02615	0.76556	0.00575	0.00592	0.00292	0.00292
11	0.01637	0.01414	0.01489	0.01340	0.01712	0.01637	0.01042	0.03498	0.71568	0.02754	0.02679	0.02456	0.02010	0.00893	0.00670	0.00223	0.00521	0.00744	0.00670	0.01042
12	0.01343	0.07186	0.69870	0.01838	0.02790	0.01584	0.02365	0.02079	0.01387	0.02057	0.01168	0.01373	0.00834	0.00622	0.00615	0.00205	0.00959	0.00480	0.00278	0.00966
13	0.81514	0.01273	0.00968	0.00866	0.01273	0.01477	0.00713	0.01935	0.01120	0.02954	0.00917	0.01069	0.00713	0.00611	0.00407	0.00204	0.00509	0.00356	0.00407	0.00713
14	0.00802	0.00573	0.00764	0.00917	0.00955	0.00535	0.00611	0.00917	0.01260	0.01681	0.03628	0.76434	0.04354	0.02062	0.00840	0.00267	0.00382	0.01872	0.00611	0.00535
15	0.00793	0.00607	0.00729	0.00826	0.00931	0.00542	0.00571	0.00927	0.01348	0.01716	0.04731	0.51010	0.29067	0.01919	0.00818	0.00251	0.00364	0.01697	0.00611	0.00542
16	0.01567	0.01150	0.01385	0.01319	0.01606	0.01227	0.01123	0.24346	0.05623	0.02730	0.02815	0.05239	0.02815	0.01431	0.00814	0.00264	0.00641	0.42479	0.00627	0.00798
17	0.01227	0.00614	0.00614	0.00614	0.00767	0.00614	0.00460	0.01534	0.01381	0.02454	0.02148	0.02454	0.01687	0.00767	0.00460	0.00153	0.00307	0.00614	0.80518	0.00614
18	0.00802	0.00573	0.00764	0.00917	0.00955	0.00535	0.00611	0.00917	0.01260	0.01681	0.03628	0.76434	0.04354	0.02062	0.00840	0.00267	0.00382	0.01872	0.00611	0.00535
19	0.00805	0.00623	0.00738	0.00825	0.00948	0.00555	0.00587	0.00952	0.01376	0.01737	0.04923	0.42901	0.33498	0.01881	0.00817	0.00250	0.00373	0.05055	0.00611	0.00547
20	0.00924	0.00673	0.00869	0.00820	0.00978	0.00618	0.00615	0.01226	0.01844	0.02594	0.68893	0.04993	0.09757	0.01363	0.00777	0.00208	0.00312	0.01201	0.00719	0.00618
21	0.02464	0.01716	0.01873	0.01457	0.01966	0.01876	0.01197	0.55836	0.10128	0.11900	0.01812	0.01748	0.01271	0.00804	0.00660	0.00201	0.00684	0.00617	0.00678	0.01112
22	0.19789	0.00925	0.01055	0.00956	0.01236	0.00906	0.00722	0.01916	0.01405	0.25729	0.02568	0.23100	0.04556	0.11001	0.01006	0.00278	0.00502	0.00992	0.00605	0.00753
23	0.00822	0.00606	0.00751	0.00858	0.00935	0.00557	0.00586	0.00944	0.01292	0.01674	0.04108	0.52486	0.18271	0.08981	0.01065	0.00294	0.00405	0.04247	0.00591	0.00529
24	0.00802	0.00573	0.00764	0.00917	0.00955	0.00535	0.00611	0.00917	0.01260	0.01681	0.03628	0.76434	0.04354	0.02062	0.00840	0.00267	0.00382	0.01872	0.00611	0.00535
25	0.00817	0.00594	0.00749	0.00862	0.00924	0.00550	0.00576	0.00933	0.01278	0.01678	0.05612	0.58229	0.13327	0.09281	0.01075	0.00296	0.00399	0.01701	0.00593	0.00526
26	0.21482	0.00928	0.01010	0.00897	0.01141	0.00948	0.00669	0.04662	0.01379	0.14229	0.10503	0.02898	0.06436	0.17073	0.01458	0.11846	0.00528	0.00741	0.00520	0.00652
27	0.00798	0.00658	0.00702	0.00712	0.00907	0.00561	0.00526	0.00976	0.01517	0.01868	0.13962	0.13545	0.57647	0.01672	0.00784	0.00225	0.00336	0.01417	0.00624	0.00561
28	0.00802	0.00573	0.00764	0.00917	0.00955	0.00535	0.00611	0.00917	0.01260	0.01681	0.03628	0.76434	0.04354	0.02062	0.00840	0.00267	0.00382	0.01872	0.00611	0.00535
29	0.01122	0.00740	0.00890	0.00827	0.01029	0.00672	0.00617	0.03239	0.01686	0.09141	0.34686	0.08351	0.25164	0.07719	0.00981	0.00250	0.00384	0.01195	0.00665	0.00641
30	0.00962	0.00752	0.00885	0.00856	0.01054	0.00712	0.00657	0.01381	0.08714	0.02321	0.38896	0.05318	0.27187	0.01440	0.00776	0.00221	0.00361	0.06193	0.00673	0.00641
31	0.02871	0.01099	0.01498	0.01161	0.01653	0.00951	0.00954	0.03120	0.01860	0.70456	0.02637	0.05100	0.01735	0.00863	0.00669	0.00206	0.00553	0.00709	0.00807	0.01098
32	0.00892	0.00675	0.00767	0.00803	0.00977	0.00599	0.00589	0.01097	0.03121	0.04084	0.07598	0.27178	0.42912	0.01736	0.00796	0.00238	0.00371	0.04359	0.00623	0.00583
33	0.02315	0.01756	0.02024	0.01615	0.03936	0.01929	0.04767	0.59036	0.05417	0.03800	0.01609	0.01678	0.01173	0.00999	0.04601	0.00246	0.00794	0.00614	0.00617	0.01074
34	0.01144	0.00572	0.00858	0.00858	0.00858	0.00572	0.00572	0.00858	0.00858	0.01144	0.01144	0.02001	0.01144	0.02287	0.02573	0.80846	0.00572	0.00572	0.00286	0.00286
35	0.00910	0.00721	0.00834	0.00868	0.01052	0.00672	0.00668	0.01229	0.06423	0.01970	0.13322	0.16899	0.36957	0.01662	0.00803	0.00242	0.00399	0.13137	0.00628	0.00603
36	0.06480	0.01363	0.01480	0.01267	0.01636	0.03492	0.01014	0.24515	0.16628	0.11738	0.05994	0.09147	0.02116	0.01077	0.00751	0.02869	0.00595	0.06275	0.00640	0.00922
37	0.02453	0.06318	0.02040	0.01524	0.02021	0.14668	0.01248	0.54844	0.02782	0.03560	0.01445	0.01482	0.01057	0.00758	0.00634	0.00189	0.00804	0.00550	0.00582	0.01042
38	0.00826	0.00618	0.00770	0.00859	0.00963	0.00562	0.00608	0.00987	0.01408	0.01839	0.12949	0.46517	0.21510	0.01862	0.00820	0.00250	0.00373	0.05098	0.00625	0.00554
39	0.04428	0.31254	0.37794	0.01563	0.02319	0.03740	0.03744	0.04689	0.01443	0.01981	0.01087	0.01265	0.00850	0.00607	0.00545	0.00182	0.00854	0.00442	0.00302	0.00913
40	0.00788	0.00667	0.00681	0.00677	0.00895	0.00560	0.00508	0.00964	0.01524	0.01835	0.10966	0.06243	0.68158	0.01646	0.00778	0.00221	0.00332	0.01376	0.00619	0.00560
41	0.02427	0.01807	0.01933	0.01499	0.02013	0.02006	0.01233	0.64717	0.09063	0.04027	0.01676	0.01657	0.01197	0.00799	0.00660	0.00200	0.00707	0.00606	0.00660	0.01113
42	0.00940	0.00705	0.01058	0.01058	0.01176	0.00823	0.00823	0.01176	0.01058	0.01528	0.01763	0.02586	0.01646	0.04937	0.74255	0.01058	0.01763	0.00705	0.00353	0.00588
43	0.75010	0.01303	0.01031	0.00912	0.01323	0.01507	0.00749	0.04939	0.03954	0.02997	0.01014	0.01145	0.00781	0.00630	0.00428	0.00204	0.00519	0.00382	0.00428	0.00743
44	0.08600	0.01131	0.01488	0.01149	0.01651	0.01004	0.00949	0.03117	0.01829	0.68163	0.02476	0.02157	0.01564	0.00800	0.00644	0.00204	0.00557	0.00640	0.00786	0.01091
45	0.00823	0.00582	0.00758	0.00889	0.00922	0.00549	0.00582	0.00922	0.01219	0.01625	0.03416	0.66565	0.04086	0.12297	0.01184	0.00318	0.00417	0.01746	0.00582	0.00516
46	0.01364	0.06401	0.63169	0.01938	0.02861	0.01589	0.09487	0.02082	0.01405	0.02064	0.01186	0.01416	0.00852	0.00615	0.00633	0.00207	0.00976	0.00511	0.00284	0.00959
47	0.01545	0.01473	0.02477	0.19524	0.55304	0.01545	0.01943	0.01999	0.03958	0.02070	0.01275	0.01686	0.01041	0.00613	0.00654	0.00202	0.00794	0.00592	0.00331	0.00975
48	0.02046	0.01606	0.01866	0.01517	0.05534	0.01643	0.03359	0.40894	0.06470	0.03317	0.01500	0.01578	0.01122	0.00690	0.00613	0.00171	0.00659	0.00548	0.00554	0.24313
49	0.01887	0.01351	0.01501	0.01279	0.01670	0.01479	0.01013	0.15131	0.40159	0.13077	0.11682	0.02594	0.02351	0.00923	0.00681	0.00214	0.00535	0.00764	0.00696	0.01011
50	0.02388	0.10713	0.02027	0.01638	0.02000	0.66902	0.01257	0.02562	0.01812	0.01605	0.01007	0.01174	0.00848	0.00667	0.00576	0.00167	0.01138	0.00417	0.00333	0.00772
51	0.01388	0.05062	0.01496	0.01011	0.01573	0.01008	0.00822	0.01671	0.01350	0.02094	0.01146	0.01352	0.00964	0.00516	0.00547	0.00107	0.03300	0.00395	0.00381	0.73818
52	0.00818	0.00602	0.00768	0.00881	0.00962	0.00553	0.00611	0.00962	0.01354	0.01780	0.09316	0.57300	0.15308	0.01936	0.00828	0.00257	0.00377	0.04220	0.00620	0.00547
53	0.01629	0.01564	0.02672	0.04041	0.72757	0.01564	0.02020	0.02020	0.01499	0.02151	0.01238	0.01629	0.01043	0.00587	0.00652	0.00196	0.00782	0.00587	0.00326	0.01043
54	0.01629	0.01564	0.02672	0.04041	0.72757	0.01564	0.02020	0.02020	0.01499	0.02151	0.01238	0.01629	0.01043	0.00587	0.00652	0.00196	0.00782	0.00587	0.00326	0.01043
55	0.02033	0.02197	0.01673	0.01504	0.01867	0.34000	0.01152	0.05397	0.38169	0.02292	0.01901	0.01861	0.01462	0.00794	0.00635	0.00198	0.00825	0.00596	0.00522	0.00920
56	0.02176	0.02760	0.05640	0.02172	0.12426	0.51553	0.09757	0.02453	0.01753	0.01771	0.01095	0.01331	0.00894	0.00648	0.00626	0.00181	0.01109	0.00493	0.00334	0.00828

[dist]
# distance from previous block
# <min> <max>
0	0

# created by:
# /home/berkeley/.conda/envs/busco_data_prod/bin/msa2prfl.pl pipeline/OGs_align_augustus/4893/34821.fs
