[name]
unknown

[dist]
# distance from previous block
# <min> <max>
0	541

[block]
# block no. 0 follows, 34 sequences, length 93
# corresponding to MSA columns:
# 542-634
name=unknown_A
#
# <colnr> <probs for GDERKNQSTAVLIFYWHMCP>
#	G	D	E	R	K	N	Q	S	T	A	V	L	I	F	Y	W	H	M	C	P
0	0.01477	0.01151	0.01304	0.02602	0.06027	0.07367	0.00931	0.06072	0.01518	0.09830	0.02591	0.14090	0.09358	0.08562	0.01012	0.00251	0.04058	0.09672	0.00513	0.11612
1	0.01276	0.02608	0.01346	0.14777	0.03585	0.01016	0.02910	0.07709	0.03663	0.05748	0.07533	0.18028	0.08489	0.11040	0.01109	0.03471	0.00579	0.00993	0.00498	0.03621
2	0.01287	0.01155	0.01828	0.36408	0.18206	0.01287	0.01500	0.03157	0.01323	0.01801	0.01408	0.07471	0.01274	0.05035	0.02975	0.02242	0.03145	0.00676	0.00341	0.07481
3	0.05986	0.01723	0.12254	0.06802	0.18714	0.08239	0.01457	0.08895	0.01562	0.07518	0.01570	0.06883	0.01387	0.06083	0.02705	0.00256	0.04115	0.02584	0.00416	0.00851
4	0.01352	0.02751	0.05364	0.10022	0.18399	0.03444	0.01214	0.05214	0.03122	0.04863	0.10990	0.03268	0.12525	0.10518	0.01010	0.00259	0.00635	0.03822	0.00467	0.00762
5	0.01014	0.02904	0.00948	0.03166	0.01068	0.00771	0.00607	0.01240	0.06915	0.01625	0.05702	0.22912	0.04578	0.33003	0.01852	0.03351	0.00524	0.01100	0.00477	0.06240
6	0.01552	0.01578	0.07193	0.17191	0.28693	0.01553	0.07283	0.07826	0.14541	0.02274	0.01599	0.01856	0.02578	0.00682	0.00655	0.00205	0.00765	0.00628	0.00405	0.00942
7	0.01446	0.01167	0.01366	0.00982	0.01551	0.00901	0.00788	0.03847	0.01416	0.05454	0.01225	0.01386	0.00991	0.00502	0.00492	0.00104	0.00489	0.00401	0.00410	0.75082
8	0.01340	0.01148	0.01340	0.00957	0.01531	0.00861	0.00766	0.01627	0.01340	0.02105	0.01148	0.01340	0.00957	0.00479	0.00479	0.00096	0.00479	0.00383	0.00383	0.81242
9	0.00909	0.00637	0.00791	0.00808	0.00853	0.00656	0.00525	0.00988	0.01027	0.01386	0.02375	0.12137	0.06197	0.46501	0.20805	0.00667	0.00859	0.01002	0.00415	0.00461
10	0.01521	0.04896	0.02126	0.33013	0.26699	0.06116	0.01658	0.01956	0.04947	0.05127	0.01401	0.05215	0.01162	0.00703	0.00638	0.00203	0.00787	0.00625	0.00357	0.00850
11	0.01064	0.00694	0.00828	0.00797	0.01001	0.00608	0.00596	0.01268	0.01577	0.10559	0.23803	0.16818	0.34956	0.01513	0.00760	0.00219	0.00355	0.01302	0.00654	0.00626
12	0.49651	0.01460	0.01332	0.01101	0.01542	0.01658	0.00906	0.27265	0.04616	0.03320	0.01206	0.01287	0.00896	0.00675	0.00500	0.00198	0.00577	0.00450	0.00500	0.00858
13	0.00772	0.00623	0.00687	0.00738	0.00895	0.00538	0.00528	0.00918	0.01393	0.01713	0.05533	0.30196	0.49675	0.01768	0.00784	0.00233	0.00343	0.01524	0.00600	0.00538
14	0.01304	0.01209	0.01977	0.66466	0.04174	0.01475	0.04028	0.04820	0.04770	0.01822	0.01243	0.01749	0.00929	0.00659	0.00650	0.00215	0.00845	0.00588	0.00322	0.00754
15	0.02169	0.01263	0.01478	0.01243	0.01667	0.01321	0.00991	0.03310	0.41559	0.33569	0.02595	0.02319	0.01810	0.00843	0.00654	0.00211	0.00528	0.00695	0.00719	0.01056
16	0.01525	0.01743	0.03813	0.02723	0.03377	0.01634	0.70915	0.02070	0.01525	0.02070	0.01307	0.01743	0.00980	0.00545	0.00763	0.00218	0.01089	0.00763	0.00327	0.00871
17	0.00787	0.00562	0.00750	0.00900	0.00937	0.00525	0.00600	0.00900	0.01237	0.01649	0.03561	0.76871	0.04274	0.02024	0.00825	0.00262	0.00375	0.01837	0.00600	0.00525
18	0.01527	0.01318	0.01384	0.01252	0.01603	0.01506	0.00972	0.03195	0.65385	0.02612	0.03002	0.02772	0.08720	0.00949	0.00668	0.00219	0.00494	0.00791	0.00652	0.00977
19	0.02142	0.00941	0.01215	0.00992	0.01384	0.00812	0.00803	0.02371	0.01734	0.47733	0.07760	0.03597	0.21994	0.01087	0.00694	0.00207	0.00474	0.02422	0.00734	0.00904
20	0.00794	0.00573	0.00753	0.00882	0.00936	0.00531	0.00595	0.00922	0.01287	0.01715	0.08193	0.68822	0.07685	0.01960	0.00818	0.00256	0.00368	0.01771	0.00607	0.00531
21	0.00911	0.00660	0.00858	0.00809	0.00963	0.00608	0.00607	0.01212	0.01820	0.02570	0.71272	0.04861	0.07759	0.01329	0.00762	0.00204	0.00305	0.01173	0.00709	0.00608
22	0.01799	0.01176	0.01237	0.01022	0.01347	0.01268	0.00821	0.34574	0.02155	0.03199	0.01843	0.02001	0.01391	0.00764	0.00544	0.00171	0.00496	0.00592	0.42760	0.00838
23	0.00981	0.00758	0.00840	0.00824	0.01010	0.00713	0.00602	0.08761	0.01575	0.02005	0.09595	0.23274	0.37913	0.07000	0.00946	0.00255	0.00402	0.01352	0.00598	0.00595
24	0.00868	0.00654	0.00802	0.00775	0.00939	0.00588	0.00578	0.01126	0.01706	0.02320	0.51900	0.08650	0.23846	0.01439	0.00765	0.00210	0.00314	0.01253	0.00676	0.00588
25	0.02690	0.01042	0.01407	0.01103	0.01558	0.00907	0.00901	0.02937	0.01789	0.65728	0.02570	0.05791	0.01731	0.00855	0.00646	0.00200	0.00526	0.00704	0.05875	0.01040
26	0.00824	0.00598	0.00718	0.00801	0.00905	0.00543	0.00558	0.00979	0.01350	0.01801	0.08672	0.46305	0.23291	0.01764	0.00772	0.00237	0.00351	0.01558	0.07432	0.00543
27	0.03894	0.00815	0.00918	0.00882	0.01072	0.00809	0.00652	0.09551	0.04398	0.02274	0.18197	0.22957	0.18746	0.05339	0.00857	0.00239	0.00408	0.01217	0.06136	0.00640
28	0.02456	0.01810	0.01939	0.01487	0.02004	0.02004	0.01228	0.71107	0.03038	0.04072	0.01551	0.01551	0.01099	0.00776	0.00646	0.00194	0.00711	0.00582	0.00646	0.01099
29	0.00787	0.00562	0.00750	0.00900	0.00937	0.00525	0.00600	0.00900	0.01237	0.01649	0.03561	0.76871	0.04274	0.02024	0.00825	0.00262	0.00375	0.01837	0.00600	0.00525
30	0.00834	0.00691	0.00736	0.00729	0.00938	0.00611	0.00550	0.01102	0.05052	0.01914	0.15593	0.08080	0.56298	0.01569	0.00763	0.00219	0.00341	0.02781	0.00619	0.00579
31	0.00811	0.00690	0.00703	0.00693	0.00916	0.00599	0.00522	0.01061	0.04874	0.01830	0.09406	0.05972	0.66523	0.01585	0.00758	0.00218	0.00335	0.01324	0.00608	0.00571
32	0.00785	0.00573	0.00739	0.00872	0.00930	0.00527	0.00588	0.00903	0.01263	0.01660	0.03894	0.68998	0.11931	0.01981	0.00818	0.00257	0.00370	0.01784	0.00600	0.00527
33	0.09360	0.01144	0.01449	0.01143	0.01619	0.01065	0.00937	0.03076	0.09614	0.59874	0.02420	0.02127	0.01566	0.00792	0.00630	0.00202	0.00541	0.00634	0.00750	0.01058
34	0.00920	0.00655	0.00821	0.00780	0.00939	0.00602	0.00585	0.01209	0.01754	0.02484	0.60264	0.04798	0.13148	0.01313	0.00739	0.00201	0.00307	0.01147	0.06733	0.00602
35	0.01473	0.01241	0.01331	0.01203	0.01547	0.01371	0.00948	0.06471	0.49137	0.02548	0.03130	0.03268	0.12185	0.01038	0.00684	0.00219	0.00501	0.06501	0.00631	0.04575
36	0.01654	0.01377	0.01462	0.01309	0.01679	0.01583	0.01020	0.03423	0.69524	0.05301	0.02627	0.02403	0.01959	0.00874	0.00657	0.00218	0.00513	0.00728	0.00663	0.01026
37	0.75110	0.01195	0.00921	0.00829	0.01208	0.01379	0.00679	0.01866	0.01121	0.02858	0.01001	0.01163	0.00780	0.00613	0.00404	0.00196	0.00483	0.00371	0.07132	0.00692
38	0.00902	0.00655	0.00849	0.00810	0.00960	0.00603	0.00604	0.01191	0.01784	0.02507	0.66575	0.08343	0.09055	0.01369	0.00765	0.00207	0.00309	0.01209	0.00701	0.00603
39	0.00923	0.00692	0.01038	0.01038	0.01154	0.00808	0.00808	0.01154	0.01038	0.01500	0.01731	0.02538	0.01615	0.04846	0.74732	0.01038	0.01731	0.00692	0.00346	0.00577
40	0.00940	0.00626	0.00705	0.00705	0.00705	0.00626	0.00392	0.00940	0.00940	0.01253	0.02036	0.04228	0.02349	0.77292	0.03289	0.00626	0.00626	0.00940	0.00392	0.00392
41	0.01646	0.01407	0.01483	0.01323	0.01695	0.01625	0.01032	0.06541	0.68923	0.02766	0.02580	0.02371	0.01932	0.00872	0.00657	0.00218	0.00521	0.00724	0.00657	0.01026
42	0.02052	0.05724	0.04744	0.01537	0.05308	0.01709	0.03008	0.39295	0.09948	0.07370	0.05058	0.02283	0.01636	0.00863	0.00662	0.00204	0.00673	0.06332	0.00597	0.00997
43	0.02327	0.02821	0.01797	0.01616	0.01963	0.62494	0.01222	0.06607	0.09622	0.01848	0.01210	0.01324	0.00973	0.00695	0.00594	0.00174	0.01067	0.00460	0.00387	0.00799
44	0.00926	0.00682	0.00986	0.00986	0.01083	0.00779	0.00742	0.01120	0.01023	0.01461	0.01779	0.02805	0.01731	0.16289	0.63447	0.00973	0.01556	0.00731	0.00353	0.00548
45	0.01573	0.07867	0.02620	0.10692	0.60594	0.01611	0.01891	0.01947	0.01441	0.02017	0.01182	0.01564	0.00991	0.00581	0.00621	0.00190	0.00770	0.00556	0.00313	0.00978
46	0.02284	0.06105	0.04755	0.01508	0.01947	0.25906	0.01244	0.28218	0.07489	0.08645	0.01452	0.01502	0.01082	0.00747	0.00680	0.00189	0.04274	0.00527	0.00506	0.00940
47	0.00830	0.00594	0.00793	0.00903	0.00971	0.00557	0.00633	0.00993	0.01370	0.01853	0.17082	0.57865	0.04590	0.01870	0.00817	0.00253	0.00377	0.06480	0.00621	0.00546
48	0.01196	0.01121	0.01856	0.66832	0.06668	0.01365	0.01692	0.01602	0.01314	0.01676	0.01602	0.02094	0.06902	0.00726	0.00656	0.00215	0.00813	0.00640	0.00314	0.00715
49	0.12802	0.01414	0.01586	0.01246	0.01720	0.01475	0.01024	0.32050	0.04831	0.28838	0.05114	0.01900	0.01487	0.00790	0.00621	0.00198	0.00600	0.00608	0.00673	0.01022
50	0.07711	0.35759	0.31445	0.01429	0.02113	0.08053	0.01602	0.02031	0.01360	0.01842	0.01012	0.01180	0.00815	0.00590	0.00508	0.00172	0.00822	0.00405	0.00289	0.00863
51	0.01220	0.01148	0.01938	0.75739	0.04450	0.01436	0.01794	0.01651	0.01292	0.01651	0.01148	0.01723	0.00861	0.00646	0.00646	0.00215	0.00861	0.00574	0.00287	0.00718
52	0.00787	0.00562	0.00750	0.00900	0.00937	0.00525	0.00600	0.00900	0.01237	0.01649	0.03561	0.76871	0.04274	0.02024	0.00825	0.00262	0.00375	0.01837	0.00600	0.00525
53	0.01272	0.01276	0.05212	0.01506	0.01766	0.04165	0.12282	0.04744	0.04392	0.01803	0.01538	0.03690	0.01372	0.02774	0.36571	0.00621	0.13258	0.00684	0.00362	0.00712
54	0.00844	0.00654	0.00772	0.00780	0.00949	0.00582	0.00588	0.01065	0.01582	0.02066	0.30800	0.13210	0.35519	0.01571	0.00779	0.00223	0.00344	0.06459	0.00641	0.00571
55	0.02862	0.01159	0.01536	0.01178	0.01679	0.01038	0.00973	0.08834	0.01949	0.67884	0.02466	0.02145	0.01558	0.00798	0.00649	0.00199	0.00563	0.00644	0.00787	0.01100
56	0.02856	0.01169	0.01542	0.01182	0.01684	0.01052	0.00977	0.09749	0.01965	0.66946	0.02452	0.02136	0.01551	0.00797	0.00649	0.00199	0.00565	0.00643	0.00785	0.01100
57	0.01507	0.01786	0.06891	0.05361	0.06153	0.01617	0.62581	0.02050	0.01507	0.02055	0.01291	0.01719	0.00970	0.00553	0.00747	0.00216	0.01062	0.00735	0.00323	0.00876
58	0.00787	0.00562	0.00750	0.00900	0.00937	0.00525	0.00600	0.00900	0.01237	0.01649	0.03561	0.76871	0.04274	0.02024	0.00825	0.00262	0.00375	0.01837	0.00600	0.00525
59	0.01558	0.01469	0.02452	0.03640	0.64685	0.01479	0.01870	0.01999	0.04594	0.02124	0.01444	0.02063	0.01268	0.00680	0.00659	0.00201	0.00743	0.05726	0.00355	0.00991
60	0.02530	0.01692	0.01866	0.01431	0.01945	0.01829	0.01182	0.59816	0.02840	0.15643	0.01717	0.01659	0.01182	0.00780	0.00647	0.00195	0.00684	0.00593	0.00672	0.01099
61	0.02430	0.01756	0.01894	0.01462	0.01971	0.01936	0.01205	0.64450	0.06714	0.07076	0.01654	0.01626	0.01168	0.00782	0.00647	0.00196	0.00693	0.00593	0.00654	0.01095
62	0.01525	0.01743	0.03813	0.02723	0.03377	0.01634	0.70915	0.02070	0.01525	0.02070	0.01307	0.01743	0.00980	0.00545	0.00763	0.00218	0.01089	0.00763	0.00327	0.00871
63	0.00812	0.00650	0.00726	0.00721	0.00906	0.00564	0.00535	0.01016	0.01567	0.02001	0.26881	0.10703	0.47511	0.01566	0.00767	0.00217	0.00324	0.01336	0.00634	0.00564
64	0.01770	0.70477	0.03226	0.01149	0.01682	0.07409	0.01113	0.02021	0.03350	0.01558	0.00954	0.01084	0.00862	0.00570	0.00433	0.00142	0.00718	0.00361	0.00291	0.00829
65	0.01503	0.01667	0.03496	0.02534	0.03139	0.01588	0.62308	0.02138	0.07417	0.02106	0.01506	0.04748	0.01193	0.00631	0.00756	0.00220	0.01013	0.00802	0.00365	0.00871
66	0.02024	0.02077	0.01664	0.01469	0.01843	0.28976	0.01135	0.12299	0.36465	0.02470	0.01874	0.01829	0.01428	0.00784	0.00628	0.00196	0.00783	0.00593	0.00535	0.00931
67	0.00796	0.00574	0.00756	0.00899	0.00950	0.00534	0.00612	0.00918	0.01259	0.01665	0.03705	0.70609	0.07685	0.01996	0.00824	0.00262	0.00381	0.04447	0.00600	0.00529
68	0.02325	0.02788	0.01851	0.01732	0.05249	0.60323	0.01265	0.08343	0.06659	0.01890	0.01165	0.01302	0.00940	0.00685	0.00596	0.00173	0.01065	0.00459	0.00380	0.00809
69	0.00966	0.00715	0.00985	0.00988	0.01103	0.00789	0.00740	0.04295	0.01172	0.01629	0.02255	0.14630	0.05239	0.10986	0.49494	0.00801	0.01301	0.00922	0.00416	0.00573
70	0.00794	0.00572	0.00755	0.00898	0.00947	0.00533	0.00609	0.00914	0.01255	0.01662	0.03689	0.71594	0.07294	0.02000	0.00824	0.00262	0.00380	0.03892	0.00600	0.00528
71	0.00925	0.00686	0.01008	0.01008	0.01113	0.00791	0.00770	0.01134	0.01029	0.01477	0.01759	0.02693	0.01682	0.11458	0.68211	0.01001	0.01630	0.00715	0.00350	0.00560
72	0.00965	0.00750	0.01104	0.01081	0.01182	0.00899	0.00842	0.01179	0.01031	0.01495	0.01669	0.02510	0.01580	0.07336	0.65895	0.00959	0.07910	0.00691	0.00343	0.00581
73	0.01525	0.01743	0.03813	0.02723	0.03377	0.01634	0.70915	0.02070	0.01525	0.02070	0.01307	0.01743	0.00980	0.00545	0.00763	0.00218	0.01089	0.00763	0.00327	0.00871
74	0.01441	0.00781	0.00831	0.00751	0.00980	0.00776	0.00583	0.08971	0.01591	0.08948	0.02583	0.02723	0.09541	0.00858	0.00525	0.00167	0.00370	0.00689	0.56197	0.00693
75	0.01172	0.01090	0.01200	0.04092	0.01418	0.12575	0.00917	0.01400	0.01174	0.01519	0.01591	0.02288	0.01461	0.04016	0.60019	0.00867	0.01606	0.00644	0.00342	0.00610
76	0.01057	0.00625	0.00925	0.00949	0.01003	0.00655	0.00703	0.01003	0.00996	0.01351	0.01649	0.02962	0.01665	0.02860	0.21373	0.47132	0.00876	0.11458	0.00348	0.00409
77	0.00820	0.00590	0.00783	0.00914	0.00976	0.00553	0.00640	0.00965	0.01310	0.01745	0.08432	0.62910	0.06511	0.01940	0.00825	0.00260	0.00390	0.08290	0.00607	0.00538
78	0.02534	0.01615	0.01810	0.01395	0.01902	0.01723	0.01150	0.51345	0.05470	0.21526	0.01845	0.01748	0.01259	0.00786	0.00648	0.00196	0.00663	0.00605	0.00685	0.01096
79	0.02152	0.01567	0.01695	0.01367	0.01822	0.01726	0.01107	0.41162	0.24363	0.09365	0.02198	0.02085	0.04686	0.00848	0.00655	0.00203	0.00618	0.00669	0.00661	0.01050
80	0.04238	0.01214	0.01953	0.59815	0.09257	0.01462	0.03177	0.01843	0.07226	0.01828	0.01272	0.01747	0.00963	0.00656	0.00640	0.00213	0.00817	0.00583	0.00326	0.00769
81	0.05370	0.63616	0.11727	0.01190	0.01784	0.02367	0.01244	0.03421	0.01346	0.01701	0.00944	0.01087	0.00828	0.00567	0.00443	0.00150	0.00714	0.00367	0.00290	0.00844
82	0.01657	0.01289	0.01397	0.01214	0.01601	0.01400	0.00952	0.06004	0.49924	0.09030	0.02831	0.02634	0.08713	0.00906	0.00652	0.00206	0.00503	0.00749	0.00641	0.07697
83	0.00781	0.00587	0.00724	0.00833	0.00920	0.00530	0.00570	0.00907	0.01301	0.01676	0.04375	0.57595	0.23024	0.01918	0.00808	0.00250	0.00362	0.01708	0.00600	0.00530
84	0.01531	0.01726	0.03713	0.02827	0.09223	0.01626	0.65149	0.02062	0.01521	0.02073	0.01300	0.01731	0.00984	0.00547	0.00752	0.00216	0.01062	0.00747	0.00326	0.00884
85	0.03815	0.16912	0.06296	0.01493	0.03531	0.32887	0.01224	0.06226	0.13994	0.01975	0.01459	0.01552	0.02837	0.00795	0.02175	0.00196	0.00889	0.00502	0.00400	0.00840
86	0.06391	0.01329	0.01593	0.01243	0.01732	0.01323	0.01022	0.22094	0.08022	0.44980	0.02199	0.01982	0.01448	0.00790	0.00638	0.00200	0.00589	0.00623	0.00726	0.01074
87	0.00799	0.00571	0.00763	0.00913	0.00955	0.00535	0.00620	0.00920	0.01248	0.01662	0.03555	0.73703	0.04248	0.02013	0.00828	0.00264	0.00385	0.04891	0.00600	0.00528
88	0.01879	0.01059	0.01286	0.01103	0.01449	0.01055	0.00867	0.05028	0.21458	0.28810	0.16305	0.09145	0.05597	0.01056	0.00693	0.00212	0.00474	0.00897	0.00713	0.00914
89	0.03589	0.08204	0.05804	0.01877	0.08089	0.38949	0.07827	0.14109	0.01903	0.02139	0.01139	0.01319	0.00904	0.00653	0.00601	0.00178	0.00989	0.00487	0.00379	0.00859
90	0.00925	0.00684	0.00996	0.00996	0.01097	0.00785	0.00755	0.01126	0.01026	0.01468	0.01770	0.02754	0.01709	0.14084	0.65622	0.00986	0.01590	0.00724	0.00352	0.00553
91	0.01076	0.00963	0.04130	0.21274	0.05194	0.00946	0.01068	0.03890	0.01555	0.02120	0.29185	0.13920	0.06221	0.04629	0.00839	0.00234	0.00542	0.01026	0.00525	0.00664
92	0.02609	0.01102	0.01454	0.01134	0.01591	0.00992	0.00929	0.08459	0.01944	0.58923	0.11465	0.02482	0.02133	0.00864	0.00664	0.00200	0.00532	0.00711	0.00776	0.01037

[dist]
# distance from previous block
# <min> <max>
0	1

[block]
# block no. 1 follows, 34 sequences, length 43
# corresponding to MSA columns:
# 636-678
name=unknown_B
#
# <colnr> <probs for GDERKNQSTAVLIFYWHMCP>
#	G	D	E	R	K	N	Q	S	T	A	V	L	I	F	Y	W	H	M	C	P
0	0.75130	0.01404	0.01024	0.00919	0.01313	0.07651	0.00746	0.01957	0.01162	0.02787	0.00908	0.01059	0.00711	0.00605	0.00415	0.00197	0.00556	0.00355	0.00394	0.00704
1	0.02414	0.03079	0.01831	0.01665	0.01998	0.74698	0.01248	0.02580	0.01831	0.01581	0.00999	0.01165	0.00832	0.00666	0.00583	0.00166	0.01165	0.00416	0.00333	0.00749
2	0.01564	0.01441	0.02078	0.16446	0.35003	0.03804	0.01594	0.07620	0.13216	0.02266	0.04442	0.02045	0.04182	0.00728	0.00652	0.00202	0.00716	0.00650	0.00422	0.00929
3	0.02153	0.01659	0.01769	0.01425	0.01888	0.01862	0.01155	0.46960	0.27678	0.03584	0.01936	0.01858	0.01411	0.00812	0.00650	0.00203	0.00640	0.00635	0.00650	0.01072
4	0.01931	0.07567	0.15786	0.03325	0.04408	0.02956	0.02934	0.26022	0.03569	0.12131	0.01680	0.01799	0.02789	0.01181	0.08736	0.00287	0.00856	0.00587	0.00501	0.00956
5	0.01692	0.12900	0.28084	0.01398	0.01996	0.02797	0.01476	0.09619	0.04439	0.13458	0.07718	0.08221	0.01759	0.00843	0.00626	0.00198	0.00709	0.00680	0.00478	0.00908
6	0.02276	0.12198	0.01989	0.01566	0.01919	0.63181	0.01208	0.02452	0.01767	0.01609	0.03526	0.01279	0.01018	0.00675	0.00568	0.00164	0.01076	0.00434	0.00339	0.00754
7	0.01087	0.00564	0.00829	0.00841	0.00845	0.00561	0.00558	0.00850	0.00879	0.01172	0.01365	0.08422	0.01438	0.05131	0.02410	0.71198	0.00548	0.00684	0.00312	0.00306
8	0.01377	0.07679	0.05705	0.01073	0.01385	0.05291	0.00909	0.05989	0.07628	0.07637	0.23409	0.05673	0.11644	0.01518	0.08768	0.00293	0.00653	0.02061	0.00565	0.00745
9	0.01753	0.39969	0.18880	0.01496	0.02125	0.08318	0.07328	0.09634	0.01576	0.01970	0.01072	0.01237	0.00870	0.00600	0.00528	0.00168	0.00826	0.00442	0.00325	0.00884
10	0.02568	0.01425	0.01676	0.01307	0.01798	0.01459	0.01072	0.31089	0.10475	0.36887	0.02149	0.01958	0.01437	0.00799	0.00649	0.00200	0.00612	0.00631	0.00720	0.01090
11	0.05685	0.09761	0.20766	0.01793	0.08242	0.01609	0.10353	0.14145	0.06012	0.06698	0.01633	0.06409	0.02527	0.00758	0.00630	0.00201	0.00764	0.00648	0.00437	0.00928
12	0.03662	0.14372	0.09888	0.01691	0.09262	0.07973	0.03754	0.23759	0.05918	0.05488	0.03998	0.04572	0.01352	0.00755	0.00609	0.00189	0.00742	0.00599	0.00476	0.00941
13	0.01187	0.00842	0.01017	0.00909	0.01134	0.00821	0.00700	0.09348	0.05104	0.05605	0.51612	0.04384	0.12296	0.01251	0.00740	0.00204	0.00373	0.01081	0.00693	0.00698
14	0.00813	0.00600	0.00760	0.00840	0.00933	0.00548	0.00584	0.00978	0.01412	0.01881	0.19983	0.48742	0.15956	0.01799	0.00800	0.00242	0.00351	0.01606	0.00625	0.00548
15	0.09754	0.11034	0.22476	0.01828	0.02473	0.01631	0.24600	0.07802	0.01566	0.02297	0.07287	0.01729	0.01334	0.00656	0.00633	0.00200	0.00846	0.00611	0.00373	0.00869
16	0.12330	0.01500	0.02342	0.05638	0.57688	0.01546	0.01765	0.05693	0.01501	0.02308	0.01189	0.01527	0.00979	0.00592	0.00608	0.00194	0.00732	0.00546	0.00347	0.00975
17	0.00938	0.00632	0.00733	0.00733	0.00743	0.00642	0.00427	0.00958	0.00948	0.01274	0.02010	0.04085	0.02287	0.71159	0.09337	0.00661	0.00720	0.00919	0.00388	0.00407
18	0.00787	0.00562	0.00750	0.00900	0.00937	0.00525	0.00600	0.00900	0.01237	0.01649	0.03561	0.76871	0.04274	0.02024	0.00825	0.00262	0.00375	0.01837	0.00600	0.00525
19	0.16436	0.08191	0.09137	0.01322	0.01827	0.01767	0.01181	0.26610	0.19587	0.05248	0.01638	0.01632	0.01209	0.00734	0.00582	0.00198	0.00641	0.00548	0.00540	0.00970
20	0.02272	0.01683	0.01884	0.09078	0.02216	0.01877	0.01260	0.56000	0.08666	0.06015	0.01634	0.01663	0.01165	0.00772	0.00647	0.00198	0.00704	0.00596	0.00616	0.01053
21	0.02402	0.01815	0.01898	0.01474	0.01970	0.04485	0.01209	0.66504	0.02939	0.03909	0.01596	0.03919	0.01190	0.00811	0.00650	0.00195	0.00716	0.00616	0.00634	0.01069
22	0.08050	0.25334	0.02291	0.01624	0.09119	0.33220	0.01213	0.02322	0.01584	0.08140	0.01121	0.01254	0.00909	0.00629	0.00530	0.00166	0.00876	0.00427	0.00361	0.00829
23	0.01086	0.00830	0.00989	0.01023	0.01171	0.00863	0.00735	0.07354	0.14661	0.02052	0.03266	0.51779	0.05919	0.01775	0.03011	0.00270	0.00468	0.01472	0.00607	0.00669
24	0.00981	0.00693	0.00764	0.00752	0.00802	0.00703	0.00453	0.01150	0.07009	0.01418	0.02470	0.04244	0.08326	0.64388	0.02851	0.00557	0.00591	0.00958	0.00432	0.00458
25	0.01760	0.01290	0.01476	0.01229	0.01545	0.01430	0.00971	0.39190	0.02111	0.02861	0.01681	0.02269	0.01451	0.14114	0.23089	0.00514	0.01001	0.00671	0.00517	0.00832
26	0.01470	0.00894	0.01112	0.07277	0.01456	0.03330	0.00799	0.01737	0.01710	0.20483	0.32882	0.06174	0.15707	0.01183	0.00719	0.00206	0.00451	0.01013	0.00662	0.00735
27	0.02376	0.01123	0.01413	0.01127	0.01561	0.01054	0.00916	0.10198	0.07919	0.47402	0.09317	0.02731	0.08039	0.00923	0.00670	0.00203	0.00522	0.00758	0.00746	0.01001
28	0.01295	0.01217	0.01996	0.44440	0.14336	0.01448	0.04055	0.01746	0.04804	0.01765	0.01272	0.01796	0.01022	0.01115	0.08375	0.00302	0.07326	0.00600	0.00318	0.00770
29	0.00845	0.00616	0.00795	0.00839	0.00945	0.00566	0.00596	0.01052	0.01534	0.02099	0.36359	0.37302	0.10726	0.01663	0.00790	0.00231	0.00338	0.01485	0.00652	0.00566
30	0.00923	0.00692	0.01038	0.01038	0.01154	0.00808	0.00808	0.01154	0.01038	0.01500	0.01731	0.02538	0.01615	0.04846	0.74732	0.01038	0.01731	0.00692	0.00346	0.00577
31	0.01727	0.77681	0.03386	0.01106	0.01658	0.02557	0.01106	0.01935	0.01313	0.01520	0.00898	0.01036	0.00829	0.00553	0.00415	0.00138	0.00691	0.00345	0.00276	0.00829
32	0.02227	0.01760	0.11310	0.01419	0.01951	0.01605	0.01276	0.37867	0.08397	0.18010	0.01862	0.03925	0.01347	0.00926	0.02882	0.00226	0.00714	0.00634	0.00619	0.01041
33	0.08036	0.05295	0.01731	0.01356	0.01789	0.13280	0.01112	0.30213	0.05328	0.15008	0.01794	0.02166	0.01407	0.00847	0.00634	0.00200	0.00719	0.07556	0.00582	0.00947
34	0.00938	0.00633	0.00739	0.00739	0.00751	0.00645	0.00434	0.00962	0.00950	0.01278	0.02005	0.04055	0.02274	0.69860	0.10618	0.00669	0.00740	0.00914	0.00387	0.00411
35	0.01911	0.04612	0.08426	0.02021	0.11545	0.31346	0.09124	0.04990	0.10719	0.01990	0.01360	0.01645	0.01105	0.00712	0.00691	0.00194	0.04043	0.02322	0.00382	0.00862
36	0.01608	0.06170	0.18049	0.07686	0.02160	0.05339	0.03349	0.03876	0.17670	0.09429	0.01922	0.04560	0.04161	0.00770	0.00619	0.00192	0.00696	0.00632	0.00467	0.10645
37	0.00919	0.00664	0.00871	0.00828	0.00980	0.00615	0.00627	0.01224	0.01816	0.02565	0.70182	0.04924	0.06003	0.01339	0.00767	0.00207	0.00316	0.03838	0.00707	0.00609
38	0.00809	0.00588	0.00767	0.00896	0.00963	0.00546	0.00624	0.00946	0.01297	0.01708	0.05829	0.62493	0.10936	0.01948	0.00822	0.00259	0.00386	0.07046	0.00603	0.00535
39	0.02278	0.02446	0.01776	0.01539	0.01913	0.43643	0.01184	0.21438	0.10028	0.02379	0.01374	0.01530	0.01092	0.03686	0.00713	0.00198	0.00946	0.00517	0.00458	0.00862
40	0.02115	0.01144	0.01470	0.08806	0.01849	0.01147	0.01015	0.14381	0.06841	0.33631	0.11751	0.08726	0.02292	0.00959	0.00679	0.00208	0.00559	0.00806	0.00682	0.00941
41	0.01658	0.01353	0.01454	0.01287	0.01632	0.01547	0.01000	0.11165	0.56623	0.02703	0.02348	0.02263	0.01782	0.01005	0.00848	0.08524	0.00540	0.00696	0.00617	0.00956
42	0.02345	0.02936	0.01800	0.01635	0.01971	0.68482	0.01229	0.02653	0.07807	0.01677	0.01137	0.01271	0.00929	0.00684	0.00589	0.00171	0.01110	0.00443	0.00361	0.00772

[dist]
# distance from previous block
# <min> <max>
0	2

[block]
# block no. 2 follows, 34 sequences, length 30
# corresponding to MSA columns:
# 681-710
name=unknown_C
#
# <colnr> <probs for GDERKNQSTAVLIFYWHMCP>
#	G	D	E	R	K	N	Q	S	T	A	V	L	I	F	Y	W	H	M	C	P
0	0.01773	0.01470	0.01554	0.01348	0.01743	0.01685	0.01063	0.16647	0.58611	0.02970	0.02419	0.02243	0.01802	0.00857	0.00655	0.00214	0.00550	0.00701	0.00655	0.01038
1	0.60090	0.01655	0.15524	0.01069	0.01587	0.01423	0.01054	0.02019	0.01207	0.07865	0.01071	0.01196	0.00789	0.00617	0.00461	0.00201	0.00594	0.00397	0.00404	0.00780
2	0.17924	0.33110	0.04267	0.01266	0.01732	0.23369	0.01110	0.07136	0.01548	0.02012	0.00982	0.01123	0.00824	0.00613	0.00483	0.00165	0.00800	0.00388	0.00344	0.00803
3	0.01664	0.01395	0.03965	0.01326	0.01664	0.07032	0.06162	0.24004	0.01957	0.06664	0.06518	0.21695	0.05202	0.01429	0.05972	0.00274	0.00719	0.00985	0.00563	0.00811
4	0.00788	0.00627	0.00708	0.00749	0.00903	0.00546	0.00538	0.00952	0.01441	0.01813	0.13283	0.27950	0.43981	0.01720	0.00782	0.00230	0.00339	0.01488	0.00613	0.00546
5	0.07247	0.01163	0.01365	0.01007	0.01551	0.00953	0.00814	0.03904	0.01482	0.17930	0.01450	0.01514	0.01084	0.00566	0.00515	0.00128	0.00502	0.00445	0.00483	0.55898
6	0.04985	0.21966	0.37203	0.03664	0.04137	0.07145	0.03514	0.02034	0.01399	0.03378	0.02767	0.01374	0.00969	0.00617	0.00558	0.00183	0.00847	0.00464	0.00310	0.02488
7	0.01847	0.27017	0.20989	0.01634	0.07247	0.07248	0.01532	0.17591	0.03283	0.04129	0.01221	0.01345	0.00945	0.00642	0.00558	0.00177	0.00796	0.00470	0.00387	0.00941
8	0.01252	0.00840	0.01006	0.00914	0.01148	0.00806	0.00699	0.08379	0.05057	0.09539	0.34031	0.12595	0.18517	0.01339	0.00742	0.00213	0.00392	0.01154	0.00676	0.00703
9	0.00853	0.00638	0.00878	0.00963	0.01043	0.00601	0.02965	0.02721	0.01304	0.01730	0.03585	0.68897	0.07533	0.01924	0.00815	0.00257	0.00405	0.01745	0.00592	0.00552
10	0.09874	0.10939	0.09056	0.04436	0.04181	0.10481	0.01210	0.13105	0.09471	0.10926	0.08619	0.01879	0.01606	0.00758	0.00596	0.00191	0.00694	0.00582	0.00502	0.00894
11	0.01458	0.04798	0.11392	0.21145	0.22126	0.02718	0.14203	0.04832	0.01515	0.02065	0.06406	0.01829	0.01309	0.00656	0.00659	0.00202	0.00840	0.00628	0.00348	0.00871
12	0.00787	0.00562	0.00750	0.00900	0.00937	0.00525	0.00600	0.00900	0.01237	0.01649	0.03561	0.76871	0.04274	0.02024	0.00825	0.00262	0.00375	0.01837	0.00600	0.00525
13	0.00969	0.00730	0.01010	0.15759	0.01594	0.00782	0.00810	0.01124	0.01149	0.01515	0.02383	0.21955	0.02660	0.32527	0.04183	0.00431	0.00643	0.08814	0.00444	0.00519
14	0.01353	0.01160	0.01346	0.00975	0.01539	0.00899	0.00779	0.01718	0.04892	0.02135	0.01223	0.01394	0.01008	0.00498	0.00487	0.00102	0.00480	0.00400	0.00397	0.77215
15	0.00787	0.00562	0.00750	0.00900	0.00937	0.00525	0.00600	0.00900	0.01237	0.01649	0.03561	0.76871	0.04274	0.02024	0.00825	0.00262	0.00375	0.01837	0.00600	0.00525
16	0.02230	0.14991	0.09347	0.01446	0.02012	0.02015	0.01314	0.50140	0.02536	0.05674	0.01432	0.01465	0.01041	0.00722	0.00603	0.00186	0.00727	0.00533	0.00550	0.01038
17	0.11890	0.01297	0.01404	0.03137	0.01668	0.01452	0.01033	0.19040	0.26899	0.02827	0.02315	0.06721	0.02033	0.01049	0.00677	0.00228	0.00577	0.14273	0.00597	0.00882
18	0.02075	0.26770	0.02390	0.01681	0.08952	0.38123	0.01258	0.06193	0.01698	0.01783	0.02915	0.01286	0.01004	0.00644	0.00543	0.00162	0.00925	0.00439	0.00341	0.00818
19	0.01512	0.23546	0.07156	0.01552	0.08862	0.01595	0.06658	0.08014	0.04614	0.04041	0.05683	0.02948	0.10666	0.00931	0.00638	0.00198	0.00661	0.09449	0.00451	0.00824
20	0.01684	0.01183	0.01420	0.01104	0.01566	0.01090	0.00890	0.15572	0.01685	0.11793	0.01529	0.01734	0.01201	0.01450	0.15319	0.00317	0.00784	0.00519	0.00483	0.38679
21	0.00911	0.00957	0.08346	0.01175	0.01365	0.00732	0.07774	0.01130	0.01278	0.01731	0.03098	0.61874	0.03602	0.01737	0.00798	0.00252	0.00504	0.01595	0.00540	0.00602
22	0.01421	0.01155	0.01368	0.01051	0.01526	0.01019	0.00842	0.11771	0.01530	0.02275	0.01324	0.01610	0.01109	0.01392	0.15288	0.00298	0.00762	0.00474	0.00414	0.53371
23	0.02474	0.02020	0.01891	0.01502	0.01981	0.16415	0.01216	0.53424	0.02727	0.07715	0.01501	0.01513	0.01076	0.00755	0.00634	0.00189	0.00792	0.00553	0.00593	0.01029
24	0.02194	0.01905	0.09145	0.01756	0.09149	0.01878	0.01404	0.52442	0.07724	0.03576	0.01557	0.01600	0.01127	0.00747	0.00643	0.00197	0.00726	0.00582	0.00577	0.01071
25	0.01205	0.00680	0.00888	0.00922	0.01072	0.00612	0.00657	0.01351	0.01386	0.16008	0.03699	0.53979	0.11546	0.01736	0.00783	0.00245	0.00404	0.01547	0.00640	0.00642
26	0.03757	0.04823	0.28780	0.01528	0.02021	0.03009	0.08796	0.01628	0.01328	0.01882	0.02095	0.22782	0.04855	0.01116	0.00798	0.00228	0.06201	0.03210	0.00400	0.00762
27	0.04475	0.17958	0.10735	0.01335	0.01825	0.03568	0.01215	0.10771	0.34465	0.02509	0.03522	0.01870	0.01512	0.00760	0.00591	0.00195	0.00638	0.00590	0.00513	0.00955
28	0.01563	0.09478	0.09900	0.01275	0.01691	0.10267	0.02719	0.11982	0.14252	0.02417	0.16364	0.02796	0.10738	0.00945	0.00653	0.00196	0.00639	0.00766	0.00530	0.00830
29	0.60074	0.01229	0.01266	0.01054	0.01462	0.01348	0.07703	0.01939	0.01269	0.07921	0.08226	0.01578	0.01330	0.00681	0.00490	0.00202	0.00543	0.00494	0.00453	0.00737

[dist]
# distance from previous block
# <min> <max>
0	1

[block]
# block no. 3 follows, 34 sequences, length 9
# corresponding to MSA columns:
# 712-720
name=unknown_D
#
# <colnr> <probs for GDERKNQSTAVLIFYWHMCP>
#	G	D	E	R	K	N	Q	S	T	A	V	L	I	F	Y	W	H	M	C	P
0	0.00863	0.00608	0.00801	0.00880	0.00967	0.00571	0.00628	0.01059	0.01450	0.02003	0.25757	0.45696	0.04711	0.01729	0.00794	0.00241	0.00365	0.06360	0.03955	0.00560
1	0.01566	0.01755	0.15682	0.01397	0.01875	0.01549	0.01278	0.08448	0.47762	0.02676	0.07156	0.02305	0.01963	0.00848	0.00655	0.00213	0.00600	0.00699	0.00585	0.00987
2	0.01823	0.49794	0.02739	0.01243	0.01721	0.14860	0.01114	0.02341	0.15293	0.01763	0.01255	0.01328	0.01054	0.00636	0.00491	0.00159	0.00738	0.00433	0.00361	0.00853
3	0.01231	0.01033	0.01224	0.00946	0.01415	0.00795	0.00733	0.01484	0.01320	0.02016	0.01622	0.16162	0.01608	0.00782	0.00546	0.00128	0.00458	0.00668	0.00425	0.65402
4	0.01129	0.00787	0.00988	0.00854	0.01119	0.00679	0.00657	0.01417	0.01710	0.07516	0.49321	0.04049	0.09293	0.01140	0.00699	0.00183	0.00358	0.00990	0.00646	0.16464
5	0.00986	0.00781	0.01164	0.06551	0.10961	0.00810	0.00916	0.01194	0.01249	0.01715	0.06970	0.31913	0.02931	0.08105	0.18216	0.00456	0.00799	0.03197	0.00472	0.00615
6	0.02414	0.03079	0.01831	0.01665	0.01998	0.74698	0.01248	0.02580	0.01831	0.01581	0.00999	0.01165	0.00832	0.00666	0.00583	0.00166	0.01165	0.00416	0.00333	0.00749
7	0.38230	0.08427	0.01686	0.01633	0.15557	0.07630	0.01094	0.08816	0.04307	0.02552	0.01112	0.01304	0.00892	0.00686	0.00577	0.03191	0.00648	0.00445	0.00398	0.00816
8	0.01983	0.01575	0.01672	0.01391	0.01823	0.01783	0.01114	0.33364	0.41552	0.03308	0.02153	0.02031	0.01586	0.00832	0.00653	0.00208	0.00600	0.00665	0.00653	0.01056

[dist]
# distance from previous block
# <min> <max>
0	1

[block]
# block no. 4 follows, 34 sequences, length 13
# corresponding to MSA columns:
# 722-734
name=unknown_E
#
# <colnr> <probs for GDERKNQSTAVLIFYWHMCP>
#	G	D	E	R	K	N	Q	S	T	A	V	L	I	F	Y	W	H	M	C	P
0	0.03385	0.07525	0.05416	0.01457	0.01874	0.06579	0.10794	0.17606	0.12412	0.04277	0.06482	0.13581	0.03851	0.00972	0.00673	0.00207	0.00680	0.00842	0.00529	0.00861
1	0.01155	0.01054	0.01128	0.01103	0.01240	0.12188	0.00835	0.01353	0.01151	0.01488	0.01647	0.02491	0.01566	0.11249	0.56344	0.00864	0.01536	0.00674	0.00349	0.00585
2	0.00803	0.00576	0.00748	0.00870	0.00920	0.00537	0.00581	0.00921	0.01260	0.01677	0.07287	0.64733	0.07551	0.07052	0.00985	0.00282	0.00386	0.01718	0.00592	0.00521
3	0.01012	0.00723	0.01007	0.01156	0.01292	0.00718	0.00990	0.01288	0.01458	0.01901	0.03437	0.15374	0.03783	0.01813	0.00885	0.00293	0.00569	0.61119	0.00596	0.00587
4	0.02456	0.01810	0.01939	0.01487	0.02004	0.02004	0.01228	0.71107	0.03038	0.04072	0.01551	0.01551	0.01099	0.00776	0.00646	0.00194	0.00711	0.00582	0.00646	0.01099
5	0.01002	0.00731	0.00987	0.01115	0.01274	0.00716	0.00964	0.01281	0.01485	0.01907	0.03857	0.07139	0.13383	0.01764	0.00874	0.00286	0.00558	0.59490	0.00596	0.00588
6	0.02325	0.01745	0.01865	0.01460	0.01954	0.01943	0.01196	0.60669	0.13690	0.03861	0.01718	0.01684	0.01234	0.00791	0.00648	0.00198	0.00680	0.00605	0.00648	0.01087
7	0.00784	0.00575	0.00736	0.00865	0.00928	0.00528	0.00585	0.00904	0.01270	0.01663	0.03978	0.67015	0.13861	0.01970	0.00816	0.00256	0.00368	0.01771	0.00600	0.00528
8	0.01340	0.01148	0.01340	0.00957	0.01531	0.00861	0.00766	0.01627	0.01340	0.02105	0.01148	0.01340	0.00957	0.00479	0.00479	0.00096	0.00479	0.00383	0.00383	0.81242
9	0.00830	0.00657	0.00747	0.00725	0.00914	0.00574	0.00543	0.01056	0.01630	0.02119	0.35885	0.05603	0.43427	0.01497	0.00763	0.00212	0.00317	0.01277	0.00649	0.00574
10	0.01294	0.01108	0.06831	0.01122	0.01353	0.00984	0.06179	0.11089	0.01388	0.04953	0.01989	0.10217	0.02046	0.38512	0.07727	0.00480	0.00758	0.00895	0.00447	0.00629
11	0.02598	0.01252	0.01554	0.01227	0.01705	0.01219	0.01002	0.12682	0.15033	0.50836	0.02425	0.02148	0.01599	0.00811	0.00651	0.00203	0.00565	0.00655	0.00752	0.01085
12	0.02167	0.02492	0.01803	0.01703	0.06731	0.48259	0.01228	0.07870	0.11664	0.02006	0.01295	0.01412	0.01034	0.00683	0.00594	0.00172	0.00959	0.00481	0.00405	0.07041

[dist]
# distance from previous block
# <min> <max>
5	8

[block]
# block no. 5 follows, 34 sequences, length 21
# corresponding to MSA columns:
# 743-763
name=unknown_F
#
# <colnr> <probs for GDERKNQSTAVLIFYWHMCP>
#	G	D	E	R	K	N	Q	S	T	A	V	L	I	F	Y	W	H	M	C	P
0	0.06497	0.05729	0.01858	0.06392	0.02039	0.13326	0.01176	0.40144	0.02335	0.03080	0.01379	0.03255	0.01069	0.00731	0.00600	0.00181	0.00751	0.00542	0.00515	0.08402
1	0.01455	0.12760	0.09049	0.31760	0.10668	0.06854	0.01622	0.01922	0.05765	0.01789	0.01300	0.01844	0.01083	0.00725	0.00706	0.00205	0.05332	0.04028	0.00330	0.00804
2	0.00927	0.00716	0.00852	0.00808	0.00996	0.00671	0.00609	0.01312	0.07295	0.02361	0.48596	0.05028	0.24675	0.01375	0.00754	0.00209	0.00328	0.01189	0.00676	0.00624
3	0.01244	0.00750	0.01068	0.01001	0.01183	0.00786	0.00778	0.01485	0.01322	0.13488	0.15818	0.02987	0.02515	0.05897	0.45788	0.00724	0.01222	0.00787	0.00493	0.00662
4	0.81856	0.01250	0.00950	0.00850	0.01250	0.01449	0.00700	0.01899	0.01100	0.02899	0.00900	0.01050	0.00700	0.00600	0.00400	0.00200	0.00500	0.00350	0.00400	0.00700
5	0.00925	0.00685	0.00999	0.00999	0.01101	0.00787	0.00759	0.01129	0.01027	0.01471	0.01766	0.02735	0.01701	0.13296	0.66399	0.00990	0.01602	0.00721	0.00351	0.00555
6	0.00803	0.00635	0.00726	0.00774	0.00931	0.00559	0.00569	0.00974	0.01440	0.01809	0.11580	0.26027	0.42885	0.01727	0.00789	0.00235	0.00357	0.06022	0.00610	0.00549
7	0.01641	0.01405	0.01480	0.01322	0.01693	0.01623	0.01031	0.06139	0.69333	0.02758	0.02587	0.02376	0.01937	0.00873	0.00657	0.00218	0.00519	0.00725	0.00657	0.01026
8	0.00854	0.00661	0.00782	0.00777	0.00953	0.00589	0.00592	0.01089	0.01624	0.02135	0.35866	0.08359	0.34989	0.01522	0.00775	0.00219	0.00340	0.06646	0.00649	0.00577
9	0.00864	0.00658	0.00794	0.00760	0.00934	0.00588	0.00570	0.01122	0.01710	0.02308	0.50734	0.05292	0.28459	0.01426	0.00763	0.00208	0.00312	0.01234	0.00674	0.00588
10	0.01219	0.00778	0.01085	0.01186	0.01368	0.00763	0.01032	0.01512	0.01522	0.08817	0.03337	0.06800	0.03515	0.01690	0.00869	0.00288	0.00591	0.62366	0.00615	0.00643
11	0.02423	0.01793	0.01920	0.01480	0.01991	0.01988	0.01220	0.68424	0.05776	0.04018	0.01594	0.01585	0.01133	0.00780	0.00647	0.00195	0.00703	0.00588	0.00647	0.01096
12	0.02899	0.01100	0.01499	0.01150	0.01649	0.00950	0.00950	0.03149	0.01849	0.73709	0.02549	0.02199	0.01599	0.00800	0.00650	0.00200	0.00550	0.00650	0.00800	0.01100
13	0.01565	0.43091	0.33742	0.01442	0.02160	0.04569	0.01663	0.02005	0.01353	0.01749	0.01014	0.01182	0.00825	0.00583	0.00506	0.00168	0.00821	0.00405	0.00277	0.00881
14	0.35215	0.03707	0.01577	0.01201	0.01663	0.01533	0.06430	0.21903	0.01779	0.03019	0.05994	0.01538	0.01235	0.00679	0.00534	0.00186	0.00598	0.00509	0.00481	0.10221
15	0.00915	0.00620	0.00791	0.00862	0.00969	0.00563	0.00603	0.01071	0.01391	0.05680	0.13801	0.51382	0.15347	0.01797	0.00797	0.00244	0.00367	0.01603	0.00626	0.00571
16	0.01527	0.01369	0.02108	0.06211	0.43973	0.01426	0.01591	0.07455	0.09780	0.02235	0.01698	0.08802	0.01525	0.01021	0.04657	0.00251	0.00749	0.02269	0.00417	0.00936
17	0.02492	0.01721	0.01794	0.01411	0.01898	0.07802	0.01151	0.44783	0.07723	0.19794	0.01814	0.01731	0.01256	0.00779	0.00643	0.00195	0.00697	0.00594	0.00656	0.01064
18	0.00932	0.00669	0.00878	0.00856	0.00999	0.00628	0.00654	0.01219	0.01736	0.02432	0.60025	0.05113	0.05583	0.05548	0.00918	0.00239	0.00360	0.09936	0.00679	0.00596
19	0.01115	0.00929	0.00908	0.00884	0.00988	0.09294	0.00609	0.01246	0.01218	0.01595	0.08960	0.03572	0.07078	0.35085	0.16961	0.00551	0.00839	0.00852	0.06797	0.00519
20	0.02147	0.15938	0.04028	0.01571	0.03874	0.40694	0.01250	0.04941	0.01671	0.07406	0.01181	0.03064	0.00990	0.00732	0.00712	0.00180	0.07959	0.00482	0.00371	0.00808

[dist]
# distance from previous block
# <min> <max>
0	3

[block]
# block no. 6 follows, 34 sequences, length 19
# corresponding to MSA columns:
# 767-785
name=unknown_G
#
# <colnr> <probs for GDERKNQSTAVLIFYWHMCP>
#	G	D	E	R	K	N	Q	S	T	A	V	L	I	F	Y	W	H	M	C	P
0	0.01791	0.01450	0.01633	0.06259	0.06625	0.03440	0.01158	0.10609	0.48372	0.07951	0.02276	0.02172	0.01687	0.00820	0.00652	0.00212	0.00592	0.00680	0.00613	0.01010
1	0.01678	0.01546	0.09400	0.01308	0.01764	0.01452	0.01133	0.08129	0.43751	0.08706	0.04164	0.02360	0.04746	0.00850	0.00646	0.00205	0.00564	0.00699	0.00607	0.06294
2	0.14785	0.01031	0.01283	0.01050	0.01457	0.00955	0.00847	0.02561	0.01664	0.49386	0.07759	0.10416	0.02095	0.00943	0.00639	0.00207	0.00504	0.00773	0.00709	0.00937
3	0.09684	0.00640	0.00769	0.00888	0.00970	0.00627	0.00608	0.01010	0.01228	0.01789	0.03347	0.66712	0.05668	0.01858	0.00776	0.00254	0.00387	0.01661	0.00578	0.00545
4	0.07716	0.32919	0.33411	0.01441	0.02139	0.06738	0.01632	0.02055	0.01367	0.03769	0.01061	0.01218	0.00835	0.00597	0.00517	0.00175	0.00818	0.00415	0.00302	0.00875
5	0.07017	0.03971	0.07674	0.04281	0.35157	0.10391	0.03004	0.09589	0.02603	0.02251	0.01313	0.05088	0.01125	0.00704	0.00666	0.00197	0.03079	0.00594	0.00374	0.00923
6	0.02284	0.01635	0.01794	0.01428	0.01896	0.01791	0.01183	0.56602	0.06112	0.07468	0.01861	0.02257	0.01455	0.00893	0.00674	0.00207	0.00680	0.08092	0.00649	0.01040
7	0.01846	0.05909	0.04439	0.01548	0.06957	0.27111	0.01156	0.07138	0.08437	0.05735	0.01649	0.02308	0.01462	0.09502	0.06592	0.00304	0.00915	0.05772	0.00433	0.00787
8	0.01060	0.00687	0.00879	0.00816	0.00972	0.00635	0.00597	0.01309	0.01679	0.07596	0.54543	0.04581	0.07207	0.13269	0.01152	0.00270	0.00374	0.01100	0.00664	0.00609
9	0.02066	0.01190	0.01418	0.01174	0.01544	0.01205	0.00929	0.22510	0.08069	0.26385	0.09833	0.13287	0.02379	0.03958	0.00788	0.00226	0.00545	0.00876	0.00688	0.00930
10	0.00801	0.00645	0.00714	0.00721	0.00902	0.00558	0.00531	0.00991	0.01526	0.01928	0.21449	0.14489	0.49256	0.01611	0.00771	0.00220	0.00328	0.01376	0.00626	0.00558
11	0.00833	0.00623	0.00773	0.00808	0.00934	0.00563	0.00579	0.01034	0.01528	0.02048	0.31972	0.31777	0.20857	0.01654	0.00786	0.00229	0.00336	0.01461	0.00644	0.00563
12	0.02328	0.01685	0.01821	0.01432	0.01920	0.01860	0.01172	0.54043	0.15794	0.08415	0.01818	0.01754	0.01294	0.00796	0.00649	0.00199	0.00663	0.00614	0.00659	0.01085
13	0.16948	0.01262	0.01483	0.06658	0.01833	0.01303	0.01012	0.11680	0.11358	0.36795	0.02026	0.01899	0.01366	0.00759	0.00604	0.00203	0.00579	0.00592	0.00650	0.00988
14	0.01013	0.03737	0.02531	0.02233	0.03037	0.00790	0.00732	0.03379	0.02974	0.02431	0.52442	0.05592	0.14114	0.01274	0.00736	0.00204	0.00374	0.01107	0.00649	0.00650
15	0.01098	0.00755	0.01075	0.03782	0.01288	0.00803	0.00801	0.01313	0.01146	0.06873	0.01946	0.10662	0.01876	0.08544	0.48025	0.00762	0.01294	0.00803	0.00411	0.06741
16	0.02037	0.29908	0.04789	0.03749	0.04139	0.30403	0.02692	0.10012	0.03287	0.01908	0.01083	0.01237	0.00896	0.00634	0.00539	0.00165	0.00898	0.00435	0.00351	0.00840
17	0.01869	0.12925	0.18091	0.03972	0.04286	0.24767	0.02605	0.09027	0.01693	0.04276	0.01364	0.01510	0.03658	0.00672	0.00581	0.00175	0.00882	0.00493	0.00370	0.06786
18	0.06928	0.12331	0.03688	0.01710	0.07425	0.10289	0.12223	0.13690	0.05683	0.11124	0.04596	0.01740	0.01323	0.00851	0.03408	0.00221	0.00808	0.00587	0.00470	0.00905

[dist]
# distance from previous block
# <min> <max>
0	2

[block]
# block no. 7 follows, 34 sequences, length 15
# corresponding to MSA columns:
# 788-802
name=unknown_H
#
# <colnr> <probs for GDERKNQSTAVLIFYWHMCP>
#	G	D	E	R	K	N	Q	S	T	A	V	L	I	F	Y	W	H	M	C	P
0	0.03805	0.05144	0.07115	0.07409	0.21203	0.14934	0.01460	0.10634	0.06818	0.04041	0.01723	0.02042	0.05282	0.00839	0.02020	0.00212	0.00806	0.03204	0.00421	0.00889
1	0.01162	0.00744	0.00941	0.00953	0.01110	0.00699	0.00684	0.06492	0.01498	0.09527	0.08600	0.51879	0.07342	0.01680	0.00774	0.00239	0.00414	0.01497	0.00626	0.03138
2	0.03976	0.16466	0.06767	0.01262	0.01721	0.08569	0.01110	0.15000	0.11181	0.13393	0.08327	0.02093	0.04326	0.00881	0.01983	0.00203	0.00678	0.00622	0.00536	0.00908
3	0.36463	0.01424	0.04925	0.01236	0.04452	0.01443	0.01007	0.17685	0.01701	0.16324	0.01439	0.01517	0.01040	0.00964	0.05555	0.00255	0.00673	0.00497	0.00518	0.00882
4	0.00926	0.00679	0.00969	0.00969	0.01061	0.00770	0.00721	0.01109	0.01018	0.01449	0.01794	0.02889	0.01767	0.19858	0.59928	0.00953	0.01502	0.00744	0.00356	0.00538
