[name]
unknown

[dist]
# distance from previous block
# <min> <max>
0	55

[block]
# block no. 0 follows, 32 sequences, length 44
# corresponding to MSA columns:
# 55-98
name=unknown_A
#
# <colnr> <probs for GDERKNQSTAVLIFYWHMCP>
#	G	D	E	R	K	N	Q	S	T	A	V	L	I	F	Y	W	H	M	C	P
0	0.00839	0.00603	0.00801	0.00946	0.01002	0.00564	0.00652	0.00976	0.01326	0.01763	0.05663	0.67384	0.06209	0.02054	0.00858	0.00272	0.00402	0.06505	0.00626	0.00553
1	0.12040	0.01854	0.01676	0.03767	0.01921	0.16565	0.01149	0.17629	0.23645	0.07746	0.01793	0.01790	0.01336	0.00802	0.00682	0.00209	0.03279	0.00591	0.00562	0.00963
2	0.00799	0.00680	0.00689	0.00687	0.00910	0.00569	0.00515	0.00975	0.01545	0.01849	0.09480	0.06398	0.69256	0.01686	0.00793	0.00226	0.00339	0.01408	0.00628	0.00569
3	0.01471	0.01240	0.01434	0.01031	0.01624	0.00976	0.00828	0.06366	0.01512	0.02326	0.01221	0.01406	0.01004	0.00518	0.00509	0.00106	0.00513	0.00412	0.00416	0.75086
4	0.00925	0.00686	0.00866	0.00847	0.01012	0.00627	0.00643	0.01207	0.01781	0.02444	0.52533	0.08709	0.17570	0.01497	0.00804	0.00223	0.00345	0.05960	0.00705	0.00616
5	0.01662	0.01195	0.03536	0.01167	0.01455	0.01198	0.00924	0.25414	0.01913	0.07004	0.04811	0.11300	0.05553	0.09683	0.09743	0.10496	0.00753	0.00874	0.00551	0.00770
6	0.01842	0.01745	0.06562	0.14939	0.25104	0.07881	0.01645	0.08804	0.14214	0.08121	0.01637	0.01826	0.01237	0.00716	0.00663	0.00208	0.00790	0.00613	0.00460	0.00993
7	0.00833	0.00676	0.00722	0.00729	0.00919	0.00585	0.00536	0.01005	0.01509	0.01856	0.12411	0.09382	0.54775	0.07797	0.01014	0.00264	0.00374	0.03435	0.00616	0.00560
8	0.01039	0.00710	0.00920	0.00866	0.01046	0.00651	0.00661	0.01343	0.01858	0.05818	0.61004	0.05105	0.10621	0.01392	0.00792	0.00216	0.00344	0.04232	0.00729	0.00651
9	0.07379	0.02080	0.07669	0.01717	0.07412	0.15625	0.01352	0.32120	0.04696	0.03027	0.03346	0.05259	0.01352	0.00835	0.00698	0.00205	0.03108	0.00631	0.00522	0.00968
10	0.01659	0.06465	0.01428	0.01146	0.01476	0.01333	0.00906	0.05983	0.31434	0.10391	0.02691	0.07590	0.05262	0.04220	0.02742	0.00254	0.00554	0.02624	0.10946	0.00896
11	0.00818	0.00584	0.00779	0.00934	0.00973	0.00545	0.00623	0.00934	0.01285	0.01713	0.03698	0.75981	0.04438	0.02102	0.00856	0.00273	0.00389	0.01908	0.00623	0.00545
12	0.14188	0.05768	0.02066	0.04062	0.21407	0.37734	0.01428	0.02346	0.01644	0.02002	0.01083	0.01325	0.00899	0.00649	0.00586	0.00185	0.00960	0.00468	0.00349	0.00852
13	0.00904	0.00735	0.00826	0.00784	0.01022	0.00619	0.00585	0.01111	0.01551	0.02016	0.18106	0.14301	0.41704	0.01532	0.00762	0.00213	0.00362	0.01307	0.00616	0.10944
14	0.06986	0.07748	0.07080	0.10949	0.21441	0.01591	0.10171	0.08361	0.01685	0.11483	0.04979	0.01839	0.01335	0.00693	0.00652	0.00204	0.00780	0.00622	0.00444	0.00958
15	0.01282	0.01063	0.01173	0.01112	0.01385	0.01144	0.00860	0.02346	0.36318	0.02462	0.14853	0.08932	0.16332	0.01291	0.00753	0.00234	0.00458	0.06505	0.00671	0.00828
16	0.01563	0.01294	0.01484	0.01075	0.01663	0.01070	0.00866	0.11820	0.01653	0.02489	0.01255	0.01424	0.01016	0.00543	0.00523	0.00115	0.00533	0.00428	0.00438	0.68748
17	0.01419	0.01259	0.01910	0.01469	0.01882	0.01231	0.14170	0.01735	0.01341	0.03657	0.01352	0.01739	0.01131	0.01181	0.09227	0.00278	0.14198	0.00569	0.06890	0.33362
18	0.02257	0.04643	0.01528	0.01164	0.01596	0.01193	0.00949	0.09284	0.12504	0.37268	0.11797	0.02891	0.07983	0.00970	0.00689	0.00209	0.00536	0.00797	0.00739	0.01004
19	0.01523	0.01305	0.01400	0.01234	0.01616	0.01421	0.00960	0.02985	0.52461	0.02649	0.07461	0.02806	0.07118	0.00943	0.00674	0.00210	0.00499	0.00789	0.00645	0.11302
20	0.01612	0.01582	0.02813	0.10960	0.56617	0.01597	0.10823	0.02037	0.01517	0.02139	0.01268	0.01693	0.01040	0.00601	0.00681	0.00205	0.00850	0.00623	0.00330	0.01011
21	0.01081	0.00713	0.00927	0.00865	0.01046	0.00651	0.00651	0.01377	0.01854	0.07527	0.60628	0.08125	0.09219	0.01383	0.00786	0.00214	0.00339	0.01217	0.00734	0.00662
22	0.02254	0.01676	0.01813	0.01450	0.01910	0.01848	0.01173	0.55613	0.08458	0.03786	0.01973	0.11327	0.01643	0.00982	0.00696	0.00213	0.00676	0.00786	0.00666	0.01057
23	0.00809	0.00680	0.00702	0.00696	0.00916	0.00573	0.00522	0.00994	0.01567	0.01902	0.13402	0.06311	0.65301	0.01666	0.00793	0.00225	0.00338	0.01396	0.00635	0.00573
24	0.01736	0.67311	0.12518	0.01247	0.01875	0.02513	0.01321	0.02024	0.01370	0.01649	0.00968	0.01120	0.00860	0.00582	0.00457	0.00152	0.00753	0.00377	0.00287	0.00878
25	0.05542	0.07218	0.06074	0.23920	0.40406	0.01638	0.01889	0.01955	0.01437	0.02047	0.01198	0.01612	0.00972	0.00620	0.00635	0.00203	0.00815	0.00562	0.00321	0.00936
26	0.00810	0.00668	0.00712	0.00727	0.00924	0.00570	0.00535	0.00986	0.01530	0.01877	0.12162	0.15344	0.57390	0.01723	0.00801	0.00231	0.00344	0.01462	0.00633	0.00570
27	0.17810	0.01593	0.01575	0.01323	0.01765	0.05011	0.01061	0.22157	0.28769	0.09123	0.01970	0.01891	0.01440	0.00807	0.00622	0.00212	0.00622	0.00614	0.00624	0.01012
28	0.01740	0.03734	0.09886	0.06629	0.05069	0.03684	0.07469	0.08067	0.15210	0.10378	0.03794	0.02289	0.04740	0.00827	0.00720	0.00207	0.03311	0.02208	0.02591	0.07446
29	0.01825	0.43246	0.07764	0.05937	0.04005	0.14558	0.01342	0.02223	0.06987	0.01752	0.01136	0.01313	0.00964	0.00657	0.00589	0.00173	0.03889	0.00443	0.00330	0.00865
30	0.02253	0.01701	0.01813	0.01451	0.01927	0.01899	0.01179	0.49083	0.20914	0.03768	0.01935	0.01890	0.01409	0.00832	0.00664	0.00206	0.00662	0.00646	0.04673	0.01094
31	0.00809	0.00675	0.00706	0.00709	0.00919	0.00572	0.00528	0.00991	0.01553	0.01892	0.12929	0.09875	0.62163	0.01688	0.00796	0.00227	0.00340	0.01422	0.00634	0.00572
32	0.01684	0.01371	0.01478	0.01308	0.01675	0.01550	0.01022	0.08688	0.54650	0.04792	0.11604	0.02750	0.02519	0.00959	0.00696	0.00223	0.00521	0.00803	0.00693	0.01015
33	0.00871	0.00670	0.00756	0.00752	0.00906	0.00599	0.00533	0.01048	0.01517	0.01959	0.23925	0.10277	0.36656	0.15083	0.01269	0.00302	0.00393	0.01313	0.00616	0.00555
34	0.01390	0.01361	0.02039	0.30099	0.02871	0.01836	0.01621	0.01653	0.01149	0.01653	0.01002	0.01592	0.00886	0.00979	0.01608	0.00266	0.46368	0.00591	0.00295	0.00738
35	0.01166	0.00583	0.00874	0.00874	0.00874	0.00583	0.00583	0.00874	0.00874	0.01166	0.01166	0.02040	0.01166	0.02331	0.02622	0.80478	0.00583	0.00583	0.00291	0.00291
36	0.01382	0.09465	0.67269	0.01850	0.02808	0.01648	0.02370	0.02115	0.01412	0.02080	0.01182	0.01389	0.00851	0.00632	0.00621	0.00207	0.00969	0.00485	0.00284	0.00981
37	0.02506	0.03198	0.01901	0.01729	0.02074	0.73725	0.01296	0.02679	0.01901	0.01642	0.01037	0.01210	0.00864	0.00691	0.00605	0.00173	0.01210	0.00432	0.00346	0.00778
38	0.01377	0.03255	0.63997	0.02031	0.02982	0.01576	0.11208	0.02128	0.01438	0.02128	0.01224	0.01468	0.00872	0.00628	0.00658	0.00214	0.01010	0.00534	0.00291	0.00980
39	0.01412	0.01170	0.01363	0.01031	0.01550	0.00946	0.00812	0.07173	0.01522	0.02292	0.01552	0.11081	0.01452	0.00730	0.00558	0.00130	0.00503	0.00610	0.00449	0.63664
40	0.01582	0.06054	0.04319	0.06772	0.01633	0.01069	0.00950	0.03811	0.08171	0.17551	0.15661	0.16315	0.04610	0.07330	0.00939	0.00256	0.00544	0.01014	0.00618	0.00801
41	0.01833	0.07005	0.08996	0.07711	0.10829	0.08596	0.03462	0.06559	0.10495	0.11370	0.01809	0.02010	0.02830	0.03854	0.00744	0.00213	0.00741	0.00617	0.05741	0.04586
42	0.12099	0.01621	0.05507	0.03746	0.12268	0.12025	0.04110	0.05525	0.03302	0.11733	0.10725	0.04336	0.08411	0.00902	0.00662	0.00207	0.00699	0.00745	0.00518	0.00860
43	0.07984	0.05484	0.06710	0.04683	0.07740	0.15088	0.06053	0.05139	0.04626	0.10067	0.05487	0.02078	0.04961	0.01069	0.05508	0.00257	0.02644	0.00635	0.00460	0.03328

[dist]
# distance from previous block
# <min> <max>
0	45

[block]
# block no. 1 follows, 32 sequences, length 23
# corresponding to MSA columns:
# 144-166
name=unknown_B
#
# <colnr> <probs for GDERKNQSTAVLIFYWHMCP>
#	G	D	E	R	K	N	Q	S	T	A	V	L	I	F	Y	W	H	M	C	P
0	0.13710	0.07365	0.04339	0.15119	0.05425	0.06907	0.01289	0.14800	0.11029	0.05479	0.03792	0.01740	0.01284	0.00732	0.00606	0.00200	0.00720	0.00566	0.00480	0.04416
1	0.07913	0.09503	0.04323	0.01229	0.01615	0.10660	0.01025	0.14642	0.06162	0.04606	0.01570	0.01887	0.01289	0.05889	0.07114	0.00288	0.02892	0.00566	0.10190	0.06636
2	0.04145	0.01524	0.01787	0.01749	0.12881	0.04833	0.01204	0.26336	0.02027	0.05828	0.01875	0.02171	0.06362	0.06404	0.03685	0.00264	0.06603	0.00659	0.00510	0.09153
3	0.00883	0.00728	0.00782	0.00776	0.00988	0.00655	0.00578	0.01196	0.06626	0.02010	0.16148	0.11864	0.51131	0.01626	0.00790	0.00228	0.00354	0.01379	0.00645	0.00611
4	0.02241	0.01641	0.01772	0.01404	0.01861	0.01802	0.01142	0.54936	0.05874	0.03833	0.06250	0.05738	0.01715	0.00911	0.00676	0.00204	0.00658	0.00718	0.05581	0.01043
5	0.01597	0.01502	0.02031	0.03935	0.01925	0.04555	0.06304	0.09515	0.01386	0.02026	0.01153	0.01635	0.01017	0.01166	0.04339	0.00290	0.47528	0.00606	0.06709	0.00781
6	0.00962	0.00704	0.01004	0.01004	0.01098	0.00798	0.00746	0.01150	0.01056	0.01503	0.01865	0.03012	0.01841	0.20347	0.58668	0.00987	0.01551	0.00774	0.00370	0.00558
7	0.01212	0.00880	0.01154	0.01307	0.09285	0.00852	0.00851	0.01613	0.09205	0.08084	0.13587	0.26672	0.17647	0.01579	0.02685	0.00256	0.00483	0.01294	0.00624	0.00731
8	0.00842	0.00607	0.00798	0.00907	0.00976	0.00563	0.00621	0.01000	0.01414	0.01908	0.17147	0.59527	0.07308	0.01944	0.00841	0.00259	0.00373	0.01754	0.00646	0.00563
9	0.00961	0.00708	0.01024	0.01024	0.01125	0.00809	0.00770	0.01163	0.01062	0.01517	0.01847	0.02913	0.01798	0.16304	0.62653	0.01011	0.01616	0.00759	0.00367	0.00569
10	0.00840	0.00606	0.00798	0.00925	0.00989	0.00564	0.00636	0.00987	0.01369	0.01830	0.10931	0.63133	0.07436	0.02000	0.00850	0.00266	0.00388	0.04261	0.00635	0.00558
11	0.02429	0.11165	0.02076	0.01666	0.02036	0.66035	0.01280	0.02607	0.01843	0.01635	0.01026	0.01196	0.00864	0.00679	0.00586	0.00170	0.01157	0.00424	0.00339	0.00787
12	0.28498	0.02440	0.01664	0.01639	0.07409	0.44048	0.01168	0.02396	0.01620	0.02139	0.01021	0.01206	0.00835	0.00661	0.00547	0.00186	0.00948	0.00423	0.00368	0.00784
13	0.01326	0.01116	0.01552	0.13270	0.15536	0.01175	0.01191	0.08565	0.08139	0.02341	0.14498	0.14807	0.11401	0.01169	0.00736	0.00223	0.00578	0.01029	0.00545	0.00803
14	0.01526	0.01585	0.03108	0.03119	0.30275	0.01524	0.35199	0.01975	0.01527	0.02116	0.01588	0.10252	0.01428	0.00754	0.00749	0.00221	0.00915	0.00843	0.00369	0.00926
15	0.00864	0.00665	0.00792	0.00816	0.00975	0.00593	0.00602	0.01077	0.01599	0.02093	0.27730	0.21514	0.31952	0.01686	0.00813	0.00235	0.00355	0.04391	0.00661	0.00586
16	0.46116	0.01205	0.01201	0.00997	0.01442	0.01257	0.00820	0.02478	0.01468	0.31100	0.01680	0.01634	0.01147	0.00714	0.00522	0.00205	0.00531	0.00501	0.04093	0.00890
17	0.01517	0.07755	0.01444	0.01123	0.01453	0.09553	0.00896	0.12497	0.12596	0.02439	0.13611	0.03856	0.24064	0.01184	0.00709	0.00210	0.00569	0.03136	0.00596	0.00794
18	0.00951	0.00655	0.00725	0.00725	0.00756	0.00639	0.00421	0.00974	0.01052	0.01371	0.02756	0.04674	0.11963	0.66183	0.03056	0.00592	0.00608	0.01036	0.00436	0.00428
19	0.01440	0.01233	0.01468	0.04130	0.01744	0.01012	0.00884	0.04695	0.01454	0.02237	0.01200	0.01420	0.00992	0.00542	0.00572	0.00116	0.03146	0.00422	0.00402	0.70891
20	0.02455	0.08560	0.02019	0.01686	0.02049	0.68549	0.01286	0.02631	0.01862	0.01638	0.01030	0.01200	0.00864	0.00683	0.00592	0.00171	0.01174	0.00427	0.00341	0.00784
21	0.01919	0.07620	0.01645	0.04032	0.01746	0.18622	0.01036	0.13228	0.09854	0.08532	0.04782	0.02588	0.12357	0.01014	0.02191	0.00214	0.00733	0.00717	0.06316	0.00854
22	0.01806	0.01352	0.01671	0.01470	0.09786	0.01191	0.01045	0.13760	0.01773	0.10480	0.01437	0.01561	0.01102	0.00600	0.00566	0.00141	0.00582	0.00488	0.00486	0.48705

[dist]
# distance from previous block
# <min> <max>
0	1

[block]
# block no. 2 follows, 32 sequences, length 44
# corresponding to MSA columns:
# 168-211
name=unknown_C
#
# <colnr> <probs for GDERKNQSTAVLIFYWHMCP>
#	G	D	E	R	K	N	Q	S	T	A	V	L	I	F	Y	W	H	M	C	P
0	0.02273	0.01507	0.01773	0.08811	0.02119	0.01625	0.01194	0.41488	0.02514	0.15828	0.06223	0.04283	0.01674	0.02555	0.02801	0.00241	0.00716	0.00704	0.00650	0.01021
1	0.00987	0.00661	0.00866	0.00979	0.01064	0.00629	0.00679	0.01200	0.04522	0.05714	0.03591	0.66162	0.04154	0.01968	0.00841	0.00268	0.00414	0.04060	0.00637	0.00604
2	0.00960	0.00711	0.01040	0.01040	0.01146	0.00818	0.00791	0.01173	0.01067	0.01529	0.01833	0.02831	0.01762	0.12980	0.65929	0.01031	0.01670	0.00748	0.00365	0.00578
3	0.01669	0.01441	0.01517	0.01365	0.01745	0.01669	0.01062	0.03565	0.71021	0.02807	0.02731	0.02503	0.02048	0.00910	0.00683	0.00228	0.00531	0.00759	0.00683	0.01062
4	0.01273	0.00711	0.00770	0.00743	0.00907	0.00738	0.00560	0.05437	0.01442	0.02413	0.02101	0.02572	0.01721	0.05528	0.10054	0.00305	0.00547	0.00656	0.60883	0.00640
5	0.01213	0.00631	0.00643	0.00640	0.00800	0.00623	0.00480	0.01519	0.01440	0.02481	0.06269	0.02822	0.05192	0.00857	0.00502	0.00163	0.00314	0.00694	0.72094	0.00623
6	0.02310	0.01539	0.01755	0.01406	0.01836	0.01665	0.01140	0.44623	0.02549	0.15284	0.02057	0.12805	0.01706	0.01024	0.00784	0.00218	0.04791	0.00809	0.00670	0.01030
7	0.00815	0.00640	0.00722	0.00784	0.00921	0.00564	0.00548	0.00952	0.01396	0.01739	0.05264	0.33799	0.40693	0.06782	0.00991	0.00273	0.00380	0.01581	0.00609	0.00547
8	0.01673	0.01585	0.02003	0.26707	0.12243	0.09838	0.04638	0.02560	0.24498	0.04765	0.01754	0.01961	0.01329	0.00744	0.00672	0.00215	0.00796	0.00643	0.00457	0.00918
9	0.48040	0.02007	0.01379	0.01240	0.01608	0.28159	0.00975	0.02215	0.01416	0.02434	0.00969	0.01154	0.00785	0.00677	0.00578	0.00199	0.04636	0.00400	0.00383	0.00746
10	0.00818	0.00584	0.00779	0.00934	0.00973	0.00545	0.00623	0.00934	0.01285	0.01713	0.03698	0.75981	0.04438	0.02102	0.00856	0.00273	0.00389	0.01908	0.00623	0.00545
11	0.01612	0.03867	0.22383	0.02137	0.20889	0.01362	0.01645	0.06918	0.03133	0.10213	0.02261	0.10460	0.08349	0.00932	0.00687	0.00214	0.00725	0.00801	0.00466	0.00945
12	0.01812	0.01330	0.01592	0.01186	0.01723	0.01199	0.02465	0.15646	0.01797	0.10626	0.01470	0.01590	0.01122	0.00637	0.00627	0.00145	0.03599	0.00496	0.03408	0.47528
13	0.25544	0.01806	0.15101	0.01522	0.02015	0.05572	0.11219	0.02071	0.01397	0.10385	0.01552	0.09769	0.01333	0.00856	0.00750	0.00224	0.06934	0.00681	0.00436	0.00833
14	0.01572	0.01608	0.06940	0.03664	0.06994	0.05357	0.10586	0.02700	0.34423	0.02404	0.02141	0.02399	0.01689	0.01092	0.05252	0.00273	0.00778	0.03424	0.05768	0.00936
15	0.01562	0.01978	0.19401	0.13956	0.03105	0.01530	0.26008	0.02275	0.09494	0.06560	0.01522	0.01795	0.01115	0.00651	0.00696	0.00213	0.00914	0.00653	0.00393	0.06178
16	0.00974	0.00741	0.01107	0.01099	0.01215	0.00875	0.00857	0.01211	0.01077	0.01559	0.01770	0.02601	0.01654	0.04918	0.71642	0.01055	0.03970	0.00715	0.00358	0.00603
17	0.01509	0.01637	0.03344	0.20663	0.03690	0.01644	0.49208	0.02117	0.05243	0.02076	0.01390	0.01842	0.01043	0.00610	0.00756	0.00226	0.01040	0.00741	0.00348	0.00874
18	0.00839	0.00611	0.00769	0.00872	0.00942	0.00565	0.00586	0.00966	0.01332	0.01756	0.08853	0.54078	0.13833	0.09352	0.01096	0.00299	0.00403	0.01697	0.00610	0.00541
19	0.01794	0.76823	0.03516	0.01148	0.01722	0.02655	0.01148	0.02009	0.01363	0.01579	0.00933	0.01076	0.00861	0.00574	0.00431	0.00144	0.00718	0.00359	0.00287	0.00861
20	0.00925	0.00651	0.00737	0.00749	0.00804	0.00624	0.00460	0.00986	0.01161	0.01516	0.07157	0.12055	0.15516	0.50960	0.02527	0.00510	0.00548	0.01164	0.00487	0.00463
21	0.00862	0.00670	0.00784	0.00782	0.00956	0.00592	0.00576	0.01087	0.01654	0.02171	0.33898	0.14773	0.35562	0.01613	0.00800	0.00226	0.00336	0.01394	0.00672	0.00592
22	0.01700	0.01268	0.01396	0.01269	0.01615	0.01410	0.01008	0.05765	0.46701	0.08544	0.02730	0.03099	0.02179	0.01008	0.00692	0.00228	0.00532	0.09329	0.08554	0.00972
23	0.00952	0.00711	0.00889	0.00849	0.01024	0.00659	0.00644	0.01294	0.03908	0.02536	0.57395	0.05250	0.16083	0.01425	0.00793	0.00218	0.00338	0.03680	0.00715	0.00635
24	0.02284	0.02757	0.01928	0.15014	0.02538	0.56444	0.01398	0.06392	0.01872	0.01805	0.01099	0.01339	0.00886	0.00694	0.00621	0.00184	0.01125	0.00472	0.00356	0.00793
25	0.01728	0.02075	0.10544	0.18463	0.24574	0.15819	0.10571	0.04507	0.01613	0.02038	0.01221	0.01589	0.00960	0.00640	0.00668	0.00204	0.00963	0.00578	0.00335	0.00912
26	0.01386	0.26648	0.02148	0.01458	0.07170	0.01518	0.04636	0.04090	0.01482	0.01896	0.02333	0.20445	0.02512	0.01274	0.00705	0.00227	0.00643	0.18204	0.00472	0.00752
27	0.81159	0.01298	0.00986	0.00882	0.01298	0.01505	0.00727	0.01972	0.01142	0.03010	0.00934	0.01090	0.00727	0.00623	0.00415	0.00208	0.00519	0.00363	0.00415	0.00727
28	0.00974	0.00658	0.00768	0.00768	0.00781	0.00670	0.00452	0.00999	0.00987	0.01328	0.02081	0.04206	0.02359	0.68898	0.10827	0.00696	0.00771	0.00949	0.00402	0.00427
29	0.01050	0.00858	0.01020	0.01064	0.04800	0.00833	0.00764	0.01564	0.12700	0.02280	0.25847	0.05223	0.31073	0.01428	0.00779	0.00227	0.00410	0.06732	0.00653	0.00696
30	0.02417	0.12581	0.02115	0.01644	0.02029	0.60849	0.01276	0.06119	0.01898	0.01769	0.01054	0.01214	0.00878	0.00682	0.00586	0.00171	0.01122	0.00432	0.00355	0.00808
31	0.06673	0.06611	0.02595	0.06024	0.56766	0.05822	0.01865	0.02074	0.01508	0.02155	0.01205	0.01565	0.01011	0.00606	0.00630	0.00195	0.00802	0.00558	0.00334	0.01001
32	0.13350	0.00749	0.00860	0.00940	0.01066	0.00761	0.00663	0.01263	0.04928	0.02063	0.09614	0.53893	0.03916	0.01742	0.00773	0.00254	0.00410	0.01543	0.00605	0.00608
33	0.01486	0.01280	0.01595	0.01423	0.10685	0.01046	0.00982	0.05270	0.01500	0.02293	0.01223	0.01437	0.01010	0.00526	0.00527	0.00117	0.00548	0.00434	0.00403	0.66213
34	0.02260	0.01830	0.01826	0.01451	0.01950	0.09084	0.01171	0.41445	0.13817	0.05300	0.01707	0.01705	0.01255	0.00770	0.00643	0.00189	0.00716	0.00586	0.00608	0.11686
35	0.00856	0.00675	0.00775	0.00818	0.00974	0.00609	0.00587	0.01090	0.04053	0.01935	0.14522	0.30670	0.36490	0.01767	0.00811	0.00241	0.00361	0.01538	0.00641	0.00586
36	0.01067	0.00855	0.01192	0.01132	0.01198	0.01041	0.00860	0.01228	0.01042	0.01506	0.01688	0.02832	0.01703	0.21968	0.41633	0.00811	0.16548	0.00756	0.00358	0.00579
37	0.01051	0.00639	0.00742	0.00754	0.00893	0.00610	0.00551	0.01321	0.01544	0.02375	0.24394	0.17301	0.07427	0.01262	0.00659	0.00199	0.00330	0.01092	0.36247	0.00610
38	0.01164	0.00915	0.01281	0.10768	0.04681	0.00967	0.01174	0.01637	0.08080	0.02068	0.05763	0.05957	0.06810	0.01536	0.00848	0.00278	0.00627	0.44178	0.00576	0.00692
39	0.01669	0.01441	0.01517	0.01365	0.01745	0.01669	0.01062	0.03565	0.71021	0.02807	0.02731	0.02503	0.02048	0.00910	0.00683	0.00228	0.00531	0.00759	0.00683	0.01062
40	0.01475	0.04376	0.02055	0.11051	0.35738	0.02967	0.01522	0.05671	0.01540	0.02124	0.01865	0.18755	0.01846	0.00975	0.00688	0.00214	0.00691	0.00887	0.04688	0.00874
41	0.02165	0.04068	0.03278	0.04044	0.03260	0.03283	0.01116	0.20716	0.03697	0.21716	0.01847	0.05584	0.01402	0.00799	0.00668	0.00185	0.02347	0.00633	0.00592	0.18599
42	0.06134	0.12819	0.13584	0.07440	0.09480	0.07628	0.01396	0.03624	0.03160	0.09197	0.05834	0.01872	0.03480	0.00719	0.00599	0.00184	0.00733	0.00567	0.00428	0.11123
43	0.04089	0.26966	0.17182	0.01640	0.06292	0.10019	0.03141	0.10021	0.04529	0.08242	0.01328	0.01437	0.01020	0.00665	0.00574	0.00184	0.00821	0.00492	0.00407	0.00952

[dist]
# distance from previous block
# <min> <max>
2	79

[block]
# block no. 3 follows, 32 sequences, length 15
# corresponding to MSA columns:
# 295-309
name=unknown_D
#
# <colnr> <probs for GDERKNQSTAVLIFYWHMCP>
#	G	D	E	R	K	N	Q	S	T	A	V	L	I	F	Y	W	H	M	C	P
0	0.04805	0.10025	0.10350	0.08583	0.02117	0.14547	0.01277	0.07240	0.04494	0.10771	0.06286	0.06411	0.01625	0.00818	0.00624	0.00191	0.00759	0.00642	0.00475	0.07959
1	0.07806	0.01236	0.01576	0.01790	0.17634	0.01278	0.01119	0.10519	0.11894	0.06881	0.04080	0.11775	0.05554	0.08366	0.00951	0.00258	0.00599	0.02321	0.00541	0.03821
2	0.05730	0.01304	0.01520	0.06469	0.07665	0.07573	0.03570	0.01949	0.12026	0.02128	0.02301	0.11686	0.04864	0.02608	0.00745	0.00220	0.00643	0.10552	0.00491	0.15954
3	0.01625	0.01185	0.01776	0.02263	0.29894	0.01144	0.01277	0.01994	0.05470	0.13541	0.06932	0.12880	0.02196	0.08379	0.00963	0.00251	0.00619	0.00873	0.00514	0.06226
4	0.19848	0.22470	0.02149	0.04159	0.06537	0.08608	0.01156	0.11219	0.13461	0.02510	0.01369	0.01470	0.01084	0.00689	0.00542	0.00189	0.00701	0.00492	0.00442	0.00903
5	0.13566	0.08516	0.08811	0.16698	0.02419	0.13283	0.01347	0.06800	0.07572	0.07853	0.05782	0.01781	0.01372	0.00741	0.00607	0.00202	0.00781	0.00563	0.00448	0.00860
6	0.01743	0.01790	0.07201	0.17445	0.34586	0.05755	0.06420	0.12626	0.01762	0.02376	0.01292	0.01647	0.01013	0.00651	0.00670	0.00206	0.00866	0.00595	0.00376	0.00980
7	0.01292	0.00947	0.08026	0.01006	0.01151	0.00762	0.00800	0.01274	0.04583	0.05233	0.01414	0.02224	0.01320	0.08600	0.02293	0.57019	0.00626	0.00623	0.00350	0.00456
8	0.01360	0.01314	0.02292	0.49167	0.18719	0.01489	0.08528	0.01795	0.01414	0.01863	0.01489	0.01985	0.04313	0.00694	0.00687	0.00219	0.00871	0.00655	0.00325	0.00820
9	0.01423	0.01319	0.02216	0.36977	0.19590	0.01473	0.08398	0.01958	0.08709	0.01935	0.01385	0.01859	0.01091	0.00816	0.00856	0.07357	0.00829	0.00632	0.00350	0.00828
10	0.02053	0.02456	0.08053	0.01544	0.01923	0.38803	0.01281	0.08858	0.01797	0.02058	0.01391	0.01594	0.03157	0.00776	0.00768	0.00187	0.08781	0.00518	0.08233	0.05770
11	0.01746	0.01365	0.01711	0.01386	0.01811	0.01421	0.07848	0.14146	0.24448	0.06731	0.02111	0.06639	0.01686	0.00858	0.00695	0.00199	0.02694	0.00728	0.08418	0.13359
12	0.01039	0.00789	0.01011	0.01111	0.03207	0.00789	0.00812	0.01462	0.10093	0.02092	0.15763	0.29152	0.07514	0.05227	0.00952	0.00278	0.00469	0.16956	0.00631	0.00651
13	0.01794	0.01528	0.01558	0.01476	0.07910	0.11443	0.01052	0.08375	0.17436	0.09397	0.05110	0.02630	0.11987	0.00897	0.00657	0.00190	0.00631	0.00728	0.00562	0.14640
14	0.01654	0.01161	0.01516	0.01342	0.04145	0.01172	0.05574	0.15606	0.09558	0.11742	0.19678	0.13809	0.07787	0.01184	0.00745	0.00221	0.00542	0.01036	0.00664	0.00864

[dist]
# distance from previous block
# <min> <max>
1	73

[block]
# block no. 4 follows, 32 sequences, length 122
# corresponding to MSA columns:
# 402-523
name=unknown_E
#
# <colnr> <probs for GDERKNQSTAVLIFYWHMCP>
#	G	D	E	R	K	N	Q	S	T	A	V	L	I	F	Y	W	H	M	C	P
0	0.13756	0.17787	0.06253	0.01686	0.11615	0.08950	0.01276	0.10265	0.11374	0.05752	0.01637	0.01714	0.03781	0.00728	0.00579	0.00192	0.00719	0.00547	0.00456	0.00931
1	0.07696	0.05313	0.14193	0.01366	0.01845	0.04192	0.01270	0.15539	0.11374	0.10357	0.01985	0.02682	0.01672	0.08606	0.00945	0.00263	0.00713	0.08541	0.00539	0.00910
2	0.02136	0.03758	0.01600	0.01309	0.01696	0.17847	0.01032	0.15097	0.05269	0.18534	0.02543	0.09344	0.10086	0.01012	0.00714	0.00204	0.02530	0.00795	0.00593	0.03899
3	0.01482	0.01097	0.01299	0.01125	0.01466	0.01068	0.02300	0.11427	0.12923	0.07623	0.05414	0.22161	0.11080	0.01236	0.00713	0.00210	0.00501	0.01067	0.00612	0.15194
4	0.01748	0.01340	0.01554	0.01193	0.01706	0.03872	0.03224	0.09497	0.09021	0.10821	0.07703	0.01959	0.01658	0.00699	0.00596	0.00153	0.00568	0.00576	0.00534	0.41579
5	0.02385	0.01515	0.01727	0.01377	0.01839	0.01610	0.01118	0.41157	0.06792	0.19982	0.02114	0.08321	0.01629	0.01114	0.03866	0.00249	0.00702	0.00748	0.00692	0.01061
6	0.01091	0.00814	0.01146	0.01112	0.01265	0.00934	0.00867	0.07155	0.01267	0.01796	0.01864	0.05736	0.01751	0.04538	0.64250	0.00967	0.01644	0.00761	0.00398	0.00644
7	0.02195	0.01547	0.01582	0.01330	0.01750	0.08050	0.01056	0.16377	0.29232	0.19189	0.02289	0.02158	0.01643	0.00840	0.00653	0.00207	0.00624	0.00667	0.07578	0.01033
8	0.02283	0.01969	0.01848	0.05618	0.02089	0.16097	0.01227	0.42370	0.07543	0.03261	0.01598	0.01789	0.01227	0.05181	0.00814	0.00224	0.00810	0.00603	0.02464	0.00986
9	0.00860	0.00608	0.00791	0.00903	0.00940	0.00588	0.00594	0.00962	0.01206	0.01617	0.03233	0.55904	0.03825	0.17541	0.06761	0.00409	0.00547	0.01629	0.00559	0.00521
10	0.01674	0.01511	0.01547	0.01403	0.01746	0.05958	0.01101	0.03277	0.58902	0.02623	0.02568	0.02651	0.02011	0.00966	0.00780	0.00233	0.04919	0.04494	0.00636	0.01001
11	0.02121	0.01813	0.01810	0.01613	0.05577	0.10604	0.01219	0.28809	0.30274	0.04490	0.01998	0.01957	0.01490	0.00903	0.02048	0.00225	0.00732	0.00649	0.00616	0.01050
12	0.00843	0.00608	0.00803	0.00945	0.01007	0.00568	0.00657	0.00984	0.01337	0.01770	0.05682	0.64506	0.07964	0.02040	0.00857	0.00272	0.00405	0.07572	0.00626	0.00555
13	0.01689	0.02005	0.12226	0.02970	0.26491	0.06334	0.29437	0.02182	0.01572	0.04784	0.01329	0.01677	0.01025	0.00603	0.00705	0.00208	0.00970	0.00651	0.00350	0.02794
14	0.01780	0.66954	0.03200	0.01120	0.01656	0.02454	0.01095	0.04926	0.01445	0.01774	0.01071	0.01223	0.00948	0.00602	0.00444	0.00147	0.00683	0.00393	0.07232	0.00853
15	0.00818	0.00584	0.00779	0.00934	0.00973	0.00545	0.00623	0.00934	0.01285	0.01713	0.03698	0.75981	0.04438	0.02102	0.00856	0.00273	0.00389	0.01908	0.00623	0.00545
16	0.01532	0.18875	0.51202	0.01762	0.02610	0.07119	0.03923	0.02142	0.01446	0.01975	0.01139	0.01340	0.00858	0.00626	0.00596	0.00195	0.00954	0.00470	0.00290	0.00946
17	0.07117	0.18856	0.11633	0.07860	0.02285	0.11955	0.03970	0.14939	0.09254	0.02426	0.01347	0.01490	0.01043	0.00688	0.00589	0.00190	0.00819	0.00514	0.00423	0.02603
18	0.00936	0.00657	0.00850	0.00884	0.00930	0.00686	0.00588	0.01036	0.01075	0.01470	0.02359	0.19363	0.02635	0.38048	0.24796	0.00702	0.00951	0.01098	0.00439	0.00497
19	0.02357	0.01783	0.01905	0.01505	0.02007	0.01990	0.01228	0.55402	0.18064	0.03916	0.01857	0.01807	0.01340	0.00829	0.00674	0.00207	0.00693	0.00638	0.00674	0.01124
20	0.00951	0.00899	0.00799	0.00781	0.01013	0.06917	0.00585	0.01130	0.01584	0.01850	0.10196	0.05916	0.61861	0.01592	0.00777	0.00221	0.00414	0.01319	0.00606	0.00589
21	0.01647	0.43862	0.18235	0.01438	0.02090	0.02152	0.05920	0.02189	0.08700	0.01897	0.01223	0.01366	0.01001	0.00618	0.00529	0.00170	0.00772	0.00461	0.00337	0.05392
22	0.01821	0.57472	0.15447	0.01285	0.01927	0.02319	0.01366	0.02139	0.01421	0.07844	0.01129	0.01240	0.00929	0.00607	0.00488	0.00161	0.00753	0.00410	0.00334	0.00908
23	0.00818	0.00584	0.00779	0.00934	0.00973	0.00545	0.00623	0.00934	0.01285	0.01713	0.03698	0.75981	0.04438	0.02102	0.00856	0.00273	0.00389	0.01908	0.00623	0.00545
24	0.01639	0.01572	0.02684	0.08093	0.68432	0.01588	0.02048	0.02040	0.01517	0.02165	0.01258	0.01668	0.01053	0.00602	0.00665	0.00201	0.00803	0.00598	0.00330	0.01045
25	0.01663	0.07403	0.10883	0.08595	0.32381	0.05597	0.07695	0.06241	0.04615	0.02201	0.01344	0.01672	0.01077	0.00796	0.03243	0.00231	0.00884	0.00588	0.01925	0.00965
26	0.00812	0.00680	0.00705	0.00699	0.00918	0.00574	0.00524	0.00999	0.01573	0.01916	0.14482	0.06287	0.64212	0.01661	0.00793	0.00225	0.00337	0.01392	0.00637	0.00574
27	0.00829	0.00589	0.00775	0.00919	0.00955	0.00553	0.00607	0.00937	0.01262	0.01682	0.03581	0.70698	0.04290	0.07587	0.01045	0.00300	0.00409	0.01839	0.00607	0.00535
28	0.01202	0.00745	0.00902	0.00845	0.01074	0.00653	0.00639	0.01427	0.01682	0.13462	0.26568	0.13534	0.31723	0.01503	0.00781	0.00224	0.00375	0.01290	0.00693	0.00678
29	0.01333	0.00873	0.01190	0.09660	0.01575	0.00918	0.06721	0.05453	0.01489	0.02406	0.01938	0.02317	0.01526	0.01065	0.05941	0.00241	0.00586	0.00642	0.53436	0.00691
30	0.02636	0.01363	0.01648	0.01305	0.01799	0.01363	0.01064	0.17786	0.16342	0.43549	0.02440	0.02183	0.01628	0.00841	0.00676	0.00210	0.00599	0.00677	0.00766	0.01125
31	0.01570	0.01770	0.03734	0.02702	0.03301	0.01739	0.61728	0.02086	0.01518	0.02086	0.01301	0.01770	0.01002	0.00637	0.00958	0.00234	0.09876	0.00768	0.00334	0.00885
32	0.01414	0.03004	0.53294	0.01922	0.02747	0.06813	0.10179	0.02065	0.01461	0.02056	0.01426	0.07917	0.01182	0.00760	0.00672	0.00216	0.00972	0.00649	0.00324	0.00927
33	0.01677	0.56449	0.13863	0.01406	0.02034	0.02339	0.07291	0.02008	0.01380	0.01709	0.01043	0.01250	0.00904	0.00751	0.03265	0.00196	0.00835	0.00430	0.00294	0.00875
34	0.00818	0.00584	0.00779	0.00934	0.00973	0.00545	0.00623	0.00934	0.01285	0.01713	0.03698	0.75981	0.04438	0.02102	0.00856	0.00273	0.00389	0.01908	0.00623	0.00545
35	0.01471	0.01461	0.02297	0.01868	0.02011	0.01862	0.14492	0.01713	0.01167	0.01794	0.01086	0.01623	0.00980	0.01024	0.01781	0.00269	0.54485	0.00630	0.07230	0.00757
36	0.01753	0.59114	0.10404	0.01261	0.01827	0.02373	0.01285	0.02026	0.01364	0.04728	0.01062	0.01240	0.00924	0.00780	0.03103	0.00194	0.04964	0.00412	0.00313	0.00870
37	0.00940	0.00681	0.00860	0.00818	0.00963	0.00630	0.00596	0.01207	0.01760	0.02456	0.58389	0.05055	0.11169	0.10259	0.01101	0.00264	0.00358	0.01202	0.00690	0.00601
38	0.00895	0.00662	0.00846	0.00973	0.01043	0.00647	0.00663	0.01173	0.07622	0.01812	0.03610	0.69303	0.04221	0.01994	0.00841	0.00268	0.00402	0.01803	0.00628	0.00592
39	0.05057	0.01716	0.02498	0.02332	0.17660	0.03403	0.17180	0.27072	0.04132	0.07991	0.01667	0.01828	0.02823	0.00721	0.00690	0.00208	0.00817	0.00662	0.00514	0.01030
40	0.01573	0.01761	0.03688	0.02751	0.05898	0.01735	0.59168	0.02083	0.01516	0.02088	0.01298	0.01764	0.01004	0.00639	0.00954	0.00233	0.09863	0.00760	0.00334	0.00891
41	0.01473	0.01770	0.10834	0.14606	0.14662	0.01592	0.31441	0.01974	0.01498	0.02078	0.05368	0.01902	0.01286	0.00683	0.00826	0.00223	0.05843	0.00706	0.00345	0.00887
42	0.02181	0.07298	0.02152	0.01918	0.13492	0.05762	0.02927	0.31148	0.15898	0.07776	0.01756	0.01782	0.01302	0.00765	0.00654	0.00201	0.00729	0.00615	0.00575	0.01067
43	0.02067	0.01431	0.01660	0.05477	0.01925	0.01551	0.01140	0.35706	0.08581	0.11485	0.04849	0.04731	0.04236	0.01282	0.06098	0.00281	0.00739	0.05136	0.00643	0.00981
44	0.01122	0.00785	0.00924	0.00911	0.01116	0.00744	0.00675	0.01511	0.09741	0.08126	0.14337	0.24709	0.27356	0.01691	0.02859	0.00260	0.00434	0.01363	0.00657	0.00679
45	0.01168	0.00732	0.00961	0.01005	0.01151	0.00694	0.00744	0.03614	0.01506	0.09837	0.09487	0.44208	0.07513	0.01930	0.03999	0.00294	0.00501	0.09359	0.00646	0.00651
46	0.01621	0.08655	0.14408	0.02188	0.02776	0.11103	0.34859	0.02081	0.01524	0.01965	0.01398	0.07058	0.01201	0.00744	0.00800	0.00217	0.05465	0.00730	0.00345	0.00862
47	0.11109	0.58780	0.11854	0.01212	0.01819	0.02383	0.01264	0.02019	0.01344	0.01816	0.00967	0.01120	0.00844	0.00588	0.00454	0.00160	0.00728	0.00376	0.00302	0.00861
48	0.00964	0.00646	0.00735	0.00747	0.00750	0.00643	0.00423	0.00973	0.00999	0.01331	0.02231	0.09674	0.02587	0.70934	0.03226	0.00623	0.00631	0.01045	0.00423	0.00417
49	0.01581	0.04396	0.09099	0.07487	0.21524	0.04021	0.25871	0.02021	0.01451	0.02008	0.01206	0.01635	0.00975	0.00690	0.00947	0.00224	0.12991	0.00642	0.00321	0.00911
50	0.01406	0.21946	0.34748	0.01481	0.02141	0.01667	0.01674	0.02012	0.06581	0.02050	0.07663	0.06544	0.01807	0.00863	0.00630	0.00205	0.00770	0.04536	0.00393	0.00883
51	0.02239	0.01773	0.01777	0.01465	0.01923	0.08271	0.01173	0.33265	0.29272	0.08498	0.02070	0.01971	0.01506	0.00838	0.00670	0.00209	0.00688	0.00654	0.00658	0.01078
52	0.01549	0.03388	0.07497	0.20056	0.47971	0.01596	0.04301	0.01987	0.01476	0.02062	0.01238	0.01665	0.01003	0.00616	0.00663	0.00205	0.00842	0.00591	0.00320	0.00975
53	0.01260	0.01364	0.14590	0.01218	0.01562	0.01014	0.01106	0.03274	0.13706	0.06400	0.09415	0.29030	0.06769	0.01411	0.00765	0.00242	0.00549	0.04949	0.00593	0.00782
54	0.04557	0.02191	0.19437	0.08731	0.03307	0.05394	0.42239	0.02127	0.01524	0.02112	0.01275	0.01659	0.00950	0.00600	0.00722	0.00219	0.01060	0.00672	0.00326	0.00898
55	0.00825	0.00584	0.00781	0.00933	0.00971	0.00546	0.00622	0.00933	0.01276	0.01701	0.03644	0.74410	0.04368	0.02107	0.00894	0.01977	0.00393	0.01879	0.00616	0.00540
56	0.01522	0.04137	0.28934	0.03823	0.11013	0.03645	0.25542	0.04616	0.01556	0.02162	0.01413	0.05919	0.01154	0.00700	0.00703	0.00216	0.00971	0.00693	0.00345	0.00936
57	0.05825	0.00940	0.01303	0.01232	0.01434	0.00944	0.07659	0.10395	0.01582	0.02198	0.03011	0.47487	0.03383	0.01665	0.00807	0.00258	0.00540	0.08072	0.00588	0.00678
58	0.01402	0.09712	0.61828	0.01914	0.02846	0.01664	0.07332	0.02117	0.01424	0.02079	0.01192	0.01416	0.00863	0.00627	0.00631	0.00208	0.00978	0.00506	0.00288	0.00974
59	0.00821	0.00586	0.00781	0.00932	0.00974	0.00547	0.00623	0.00942	0.01299	0.01736	0.05316	0.74297	0.04483	0.02085	0.00855	0.00271	0.00388	0.01891	0.00626	0.00547
60	0.01585	0.43397	0.25472	0.01497	0.02187	0.02114	0.06607	0.02012	0.01429	0.01861	0.05301	0.01474	0.01197	0.00641	0.00545	0.00176	0.00811	0.00486	0.00317	0.00892
61	0.02313	0.02843	0.08034	0.01678	0.02108	0.49641	0.01369	0.11489	0.10184	0.02158	0.01326	0.01433	0.01039	0.00727	0.00626	0.00186	0.01050	0.00499	0.00422	0.00877
62	0.00815	0.00592	0.00770	0.00912	0.00967	0.00547	0.00613	0.00937	0.01306	0.01722	0.03967	0.69950	0.10296	0.02067	0.00851	0.00269	0.00385	0.01865	0.00623	0.00547
63	0.01639	0.01572	0.02684	0.08093	0.68432	0.01588	0.02048	0.02040	0.01517	0.02165	0.01258	0.01668	0.01053	0.00602	0.00665	0.00201	0.00803	0.00598	0.00330	0.01045
64	0.01841	0.01439	0.01458	0.01271	0.01623	0.08095	0.00990	0.16250	0.24034	0.10126	0.10246	0.10778	0.06751	0.01090	0.00710	0.00218	0.00590	0.00905	0.00660	0.00926
65	0.01598	0.01720	0.02847	0.07585	0.02780	0.08267	0.33227	0.04235	0.01465	0.01957	0.01236	0.01723	0.01015	0.01097	0.06796	0.00304	0.20309	0.00680	0.00338	0.00822
66	0.01166	0.00583	0.00874	0.00874	0.00874	0.00583	0.00583	0.00874	0.00874	0.01166	0.01166	0.02040	0.01166	0.02331	0.02622	0.80478	0.00583	0.00583	0.00291	0.00291
67	0.02476	0.02155	0.01950	0.01588	0.02021	0.22114	0.01276	0.39670	0.02513	0.08606	0.01464	0.01538	0.01080	0.00809	0.00792	0.00202	0.07624	0.00560	0.00558	0.01002
68	0.01516	0.10335	0.02392	0.01782	0.01908	0.02094	0.07358	0.01707	0.01115	0.01657	0.00928	0.01452	0.00890	0.01051	0.01872	0.00270	0.60032	0.00578	0.00297	0.00764
69	0.01469	0.04997	0.59822	0.01820	0.02692	0.10061	0.02223	0.02137	0.01478	0.02042	0.01421	0.01604	0.03944	0.00689	0.00636	0.00207	0.00983	0.00525	0.00306	0.00945
70	0.01279	0.01141	0.01103	0.01053	0.01317	0.07268	0.00811	0.06775	0.15890	0.02186	0.04451	0.12548	0.32731	0.01442	0.00764	0.00233	0.00514	0.07148	0.00614	0.00731
71	0.01723	0.52105	0.22027	0.01393	0.02063	0.07229	0.01515	0.02086	0.01415	0.01730	0.01013	0.01177	0.00858	0.00599	0.00498	0.00164	0.00825	0.00401	0.00290	0.00890
72	0.00864	0.00612	0.00795	0.00890	0.00947	0.00576	0.00596	0.01003	0.01362	0.01846	0.16572	0.52952	0.04538	0.11732	0.01180	0.00310	0.00410	0.01652	0.00617	0.00544
73	0.01330	0.01259	0.02114	0.62295	0.14068	0.01525	0.01877	0.01760	0.01357	0.01778	0.01192	0.01760	0.00918	0.00678	0.00723	0.00223	0.03455	0.00596	0.00303	0.00790
74	0.01646	0.01579	0.02697	0.06790	0.69678	0.01590	0.02052	0.02046	0.01521	0.02174	0.01259	0.01666	0.01056	0.00601	0.00665	0.00200	0.00801	0.00598	0.00331	0.01051
75	0.02447	0.01828	0.01955	0.01523	0.02041	0.02032	0.01250	0.62152	0.11168	0.04061	0.01743	0.01716	0.01248	0.00818	0.00673	0.00204	0.00714	0.00622	0.00673	0.01132
76	0.00853	0.00626	0.00806	0.00939	0.01008	0.00592	0.00644	0.01040	0.03683	0.01767	0.03896	0.66032	0.09466	0.02023	0.00848	0.00269	0.00398	0.03920	0.00625	0.00567
77	0.01624	0.01557	0.02657	0.10710	0.65929	0.01585	0.02041	0.02027	0.01510	0.02148	0.01256	0.01673	0.01047	0.00605	0.00665	0.00202	0.00806	0.00598	0.00329	0.01033
78	0.02432	0.01640	0.01810	0.01421	0.01906	0.01776	0.01155	0.47558	0.10847	0.14889	0.01938	0.01981	0.01405	0.05073	0.00827	0.00231	0.00682	0.00655	0.00683	0.01091
79	0.02183	0.02331	0.01985	0.06362	0.12343	0.34735	0.01400	0.14536	0.13148	0.02369	0.01453	0.01589	0.01134	0.00732	0.00642	0.00194	0.00939	0.00549	0.00452	0.00927
80	0.00800	0.00653	0.00707	0.00751	0.00925	0.00560	0.00541	0.00955	0.01461	0.01785	0.05934	0.25829	0.53147	0.01812	0.00811	0.00239	0.00354	0.01553	0.00623	0.00560
81	0.01739	0.01743	0.02647	0.03897	0.65733	0.08277	0.01989	0.02117	0.01562	0.02141	0.01241	0.01619	0.01044	0.00607	0.00659	0.00197	0.00835	0.00582	0.00333	0.01036
82	0.02340	0.01775	0.01895	0.01501	0.02000	0.01982	0.01224	0.54087	0.19408	0.03888	0.01879	0.01825	0.01358	0.00831	0.00674	0.00208	0.00689	0.00641	0.00674	0.01122
83	0.00815	0.00592	0.00770	0.00912	0.00967	0.00547	0.00613	0.00937	0.01306	0.01722	0.03967	0.69950	0.10296	0.02067	0.00851	0.00269	0.00385	0.01865	0.00623	0.00547
84	0.01311	0.03229	0.66692	0.01820	0.02739	0.01478	0.02319	0.02050	0.01459	0.02174	0.07336	0.01729	0.01325	0.00701	0.00651	0.00212	0.00933	0.00558	0.00323	0.00961
85	0.02509	0.03111	0.01909	0.01716	0.02075	0.69015	0.01295	0.07105	0.01984	0.01812	0.01075	0.01236	0.00883	0.00699	0.00609	0.00175	0.01179	0.00443	0.00367	0.00802
86	0.02483	0.01896	0.01903	0.01510	0.02007	0.09256	0.01226	0.49283	0.10929	0.09943	0.01778	0.01736	0.01267	0.00808	0.00666	0.00202	0.00747	0.00611	0.00654	0.01095
87	0.01661	0.01594	0.02724	0.04119	0.72233	0.01594	0.02059	0.02059	0.01528	0.02192	0.01262	0.01661	0.01063	0.00598	0.00664	0.00199	0.00797	0.00598	0.00332	0.01063
88	0.01488	0.00766	0.01028	0.00996	0.01197	0.00690	0.00732	0.01679	0.01573	0.22864	0.14525	0.42595	0.03926	0.01607	0.00792	0.00243	0.00431	0.01430	0.00703	0.00736
89	0.01039	0.00848	0.00927	0.01001	0.01097	0.06027	0.00694	0.04106	0.01472	0.01917	0.11402	0.56155	0.04179	0.04653	0.00918	0.00269	0.00466	0.01625	0.00610	0.00593
90	0.01722	0.01452	0.01503	0.01317	0.01607	0.09880	0.01044	0.21010	0.09784	0.02545	0.01745	0.02089	0.01433	0.02280	0.25923	0.00505	0.05284	0.00642	0.07400	0.00835
91	0.01677	0.57674	0.21640	0.01348	0.02031	0.02369	0.01496	0.02039	0.01377	0.01721	0.01004	0.01165	0.00858	0.00591	0.00485	0.00162	0.00789	0.00395	0.00286	0.00895
92	0.00866	0.00627	0.00825	0.00962	0.01024	0.00599	0.00664	0.01061	0.03668	0.01803	0.06224	0.67005	0.04396	0.02021	0.00852	0.00271	0.00404	0.05530	0.00629	0.00570
93	0.01661	0.01594	0.02724	0.04119	0.72233	0.01594	0.02059	0.02059	0.01528	0.02192	0.01262	0.01661	0.01063	0.00598	0.00664	0.00199	0.00797	0.00598	0.00332	0.01063
94	0.01156	0.00985	0.01445	0.28891	0.07640	0.01092	0.01205	0.03736	0.03365	0.01832	0.02682	0.15587	0.12295	0.09875	0.03789	0.00312	0.00705	0.02276	0.00448	0.00684
95	0.10609	0.20828	0.36307	0.01554	0.02288	0.05917	0.01754	0.06942	0.04143	0.02239	0.01185	0.01340	0.00905	0.00646	0.00564	0.00193	0.00849	0.00462	0.00345	0.00931
96	0.01606	0.01541	0.02611	0.12363	0.61186	0.01602	0.02010	0.01999	0.01484	0.02111	0.01237	0.01667	0.01035	0.00632	0.00732	0.00206	0.04043	0.00597	0.00326	0.01011
97	0.00871	0.00643	0.00811	0.00923	0.00998	0.00613	0.00627	0.01087	0.04947	0.01793	0.06137	0.60707	0.10064	0.05212	0.00951	0.00281	0.00401	0.01742	0.00620	0.00571
98	0.01699	0.09631	0.06528	0.01595	0.05659	0.25809	0.03809	0.03088	0.03258	0.01840	0.02258	0.11204	0.09638	0.01067	0.00767	0.00212	0.05016	0.05723	0.00429	0.00768
99	0.01614	0.01664	0.05477	0.08530	0.57047	0.01598	0.10066	0.02050	0.01518	0.02153	0.01267	0.01678	0.01038	0.00600	0.00679	0.00205	0.00850	0.00617	0.00329	0.01021
100	0.02105	0.02076	0.02132	0.05233	0.27209	0.25663	0.01535	0.07002	0.09992	0.08314	0.01501	0.01665	0.01164	0.00703	0.00648	0.00196	0.00884	0.00569	0.00442	0.00968
101	0.00810	0.00680	0.00703	0.00697	0.00917	0.00574	0.00523	0.00996	0.01569	0.01907	0.13816	0.06302	0.64884	0.01664	0.00793	0.00225	0.00337	0.01394	0.00636	0.00574
102	0.01628	0.23664	0.33924	0.01780	0.06951	0.04257	0.04760	0.02218	0.05384	0.05335	0.03293	0.01551	0.01136	0.00661	0.00595	0.00192	0.00850	0.00518	0.00353	0.00949
103	0.01671	0.01620	0.04798	0.02276	0.15860	0.07250	0.22141	0.04024	0.06779	0.08150	0.06136	0.08687	0.05737	0.00883	0.00731	0.00217	0.00809	0.00854	0.00476	0.00900
104	0.01802	0.01223	0.01359	0.01146	0.01493	0.01281	0.00907	0.28675	0.06594	0.08919	0.09785	0.11293	0.10818	0.01126	0.00696	0.00210	0.00529	0.00932	0.10329	0.00884
105	0.01985	0.02071	0.06897	0.05268	0.27099	0.16845	0.03471	0.18702	0.03304	0.02559	0.02766	0.03330	0.01218	0.00728	0.00663	0.00199	0.00871	0.00608	0.00434	0.00981
106	0.03590	0.06318	0.13435	0.01790	0.06786	0.27653	0.04023	0.09836	0.09052	0.06290	0.01451	0.01634	0.01130	0.03255	0.00722	0.00209	0.00928	0.00547	0.00433	0.00917
107	0.01668	0.01634	0.02635	0.09231	0.64193	0.04723	0.02012	0.02061	0.01530	0.02133	0.01247	0.01651	0.01042	0.00607	0.00662	0.00200	0.00822	0.00591	0.00330	0.01027
108	0.00941	0.00736	0.00837	0.00874	0.01047	0.00684	0.00642	0.04927	0.03399	0.01948	0.05042	0.32512	0.36733	0.01789	0.00815	0.00247	0.00401	0.05191	0.00627	0.00607
109	0.01816	0.06610	0.10421	0.06337	0.08944	0.11416	0.13498	0.12063	0.04419	0.06198	0.01776	0.08445	0.03379	0.00834	0.00685	0.00209	0.00855	0.00735	0.00450	0.00912
110	0.01618	0.01551	0.02647	0.11713	0.64969	0.01583	0.02038	0.02022	0.01508	0.02141	0.01255	0.01674	0.01045	0.00606	0.00665	0.00202	0.00808	0.00598	0.00328	0.01029
