[name]
unknown

[dist]
# distance from previous block
# <min> <max>
0	45

[block]
# block no. 0 follows, 33 sequences, length 22
# corresponding to MSA columns:
# 51-72
name=unknown_A
#
# <colnr> <probs for GDERKNQSTAVLIFYWHMCP>
#	G	D	E	R	K	N	Q	S	T	A	V	L	I	F	Y	W	H	M	C	P
0	0.01416	0.01324	0.05653	0.01099	0.01648	0.01032	0.00933	0.05429	0.08023	0.02281	0.01510	0.04253	0.01299	0.00656	0.00551	0.00135	0.00533	0.03239	0.00440	0.58546
1	0.01700	0.01837	0.09292	0.03982	0.05032	0.08791	0.20567	0.04549	0.24257	0.05843	0.04016	0.02125	0.03399	0.00760	0.00692	0.00213	0.00812	0.00708	0.00488	0.00936
2	0.00821	0.00581	0.00758	0.00892	0.00926	0.00548	0.00585	0.00922	0.01223	0.01631	0.03436	0.67506	0.04111	0.11322	0.01151	0.00313	0.00414	0.01758	0.00585	0.00518
3	0.01798	0.01429	0.01531	0.01342	0.01736	0.01624	0.01054	0.08901	0.61241	0.07710	0.02585	0.02371	0.01912	0.00879	0.00668	0.00220	0.00540	0.00726	0.00679	0.01054
4	0.03936	0.01205	0.01391	0.01018	0.01575	0.00984	0.00819	0.07062	0.01530	0.07651	0.01329	0.01469	0.01048	0.00547	0.00511	0.00118	0.00507	0.00431	0.02708	0.64163
5	0.04131	0.08710	0.17238	0.01787	0.06494	0.04089	0.12219	0.05815	0.15845	0.11176	0.03132	0.01822	0.01336	0.00706	0.00640	0.00202	0.00772	0.00612	0.00473	0.02802
6	0.07047	0.46057	0.20458	0.01466	0.02130	0.02166	0.08728	0.02011	0.01359	0.01835	0.01024	0.01215	0.00849	0.00581	0.00509	0.00170	0.00799	0.00430	0.00295	0.00872
7	0.00813	0.00577	0.00761	0.00903	0.00939	0.00542	0.00597	0.00919	0.01240	0.01653	0.03522	0.71476	0.04219	0.07204	0.01013	0.00293	0.00400	0.01809	0.00597	0.00525
8	0.03361	0.01170	0.01558	0.01500	0.05629	0.03652	0.01117	0.01441	0.01072	0.01589	0.01328	0.02205	0.01327	0.14438	0.21285	0.00538	0.35145	0.00663	0.00330	0.00653
9	0.01696	0.36448	0.18237	0.04178	0.04424	0.06651	0.01452	0.03364	0.01456	0.05971	0.03844	0.03651	0.01205	0.00708	0.00618	0.00180	0.04188	0.00512	0.00351	0.00868
10	0.02762	0.01101	0.01481	0.01154	0.01634	0.00970	0.00947	0.03084	0.04655	0.65533	0.07425	0.02434	0.01961	0.00855	0.00670	0.00205	0.00541	0.00702	0.00803	0.01083
11	0.00822	0.00652	0.00728	0.00767	0.00928	0.00574	0.00560	0.00984	0.01435	0.01783	0.09058	0.20598	0.45564	0.06848	0.00974	0.00264	0.00381	0.05928	0.00603	0.00548
12	0.04577	0.05964	0.09035	0.02948	0.03277	0.04061	0.03380	0.06433	0.08186	0.02272	0.15819	0.13687	0.10806	0.01194	0.00711	0.00220	0.00580	0.05553	0.00543	0.00756
13	0.09538	0.00773	0.00885	0.00879	0.01065	0.00762	0.00659	0.01265	0.01384	0.06748	0.08211	0.23279	0.27307	0.04029	0.05148	0.00296	0.03527	0.03055	0.00576	0.00614
14	0.01054	0.00732	0.00816	0.00788	0.01023	0.00640	0.00600	0.01289	0.03605	0.09423	0.09999	0.11681	0.50786	0.01572	0.00772	0.00226	0.00374	0.03346	0.00642	0.00634
15	0.00879	0.00831	0.05724	0.00939	0.01126	0.00649	0.00767	0.01099	0.01434	0.01862	0.10108	0.32654	0.25996	0.01743	0.00811	0.00249	0.00434	0.11507	0.00597	0.00589
16	0.03586	0.16076	0.27253	0.01771	0.06421	0.06940	0.08631	0.05089	0.01554	0.09764	0.01359	0.03171	0.01047	0.00663	0.00603	0.00190	0.00844	0.00541	0.00381	0.04116
17	0.01414	0.01136	0.03269	0.01454	0.01774	0.01076	0.15712	0.06259	0.06402	0.09956	0.02909	0.28882	0.07694	0.01338	0.00813	0.00241	0.02578	0.05756	0.00565	0.00769
18	0.00977	0.00715	0.00900	0.00973	0.01082	0.00701	0.00695	0.05804	0.04061	0.02010	0.10827	0.54668	0.06439	0.01830	0.00817	0.00255	0.00414	0.05598	0.00628	0.00607
19	0.01974	0.04603	0.07717	0.09363	0.10837	0.03663	0.06245	0.15690	0.01902	0.18130	0.09103	0.02064	0.01678	0.00786	0.00714	0.00204	0.03178	0.00659	0.00532	0.00955
20	0.03896	0.06527	0.02216	0.14730	0.21837	0.13371	0.03635	0.15382	0.05975	0.02380	0.01442	0.01681	0.02672	0.00694	0.00632	0.00196	0.00825	0.00574	0.00413	0.00923
21	0.01499	0.16780	0.19082	0.01469	0.05780	0.01513	0.03874	0.07855	0.03972	0.04500	0.04104	0.07701	0.07354	0.00880	0.00649	0.00196	0.02393	0.00715	0.08834	0.00847

[dist]
# distance from previous block
# <min> <max>
2	14

[block]
# block no. 1 follows, 33 sequences, length 45
# corresponding to MSA columns:
# 87-131
name=unknown_B
#
# <colnr> <probs for GDERKNQSTAVLIFYWHMCP>
#	G	D	E	R	K	N	Q	S	T	A	V	L	I	F	Y	W	H	M	C	P
0	0.01063	0.00986	0.03444	0.01060	0.01251	0.06463	0.02664	0.01286	0.01483	0.01979	0.19067	0.39327	0.03979	0.01548	0.00770	0.00229	0.00489	0.04731	0.00578	0.07604
1	0.01694	0.06974	0.33259	0.01905	0.09018	0.04037	0.05998	0.15743	0.01798	0.04457	0.04555	0.01631	0.01196	0.00681	0.00632	0.00196	0.00842	0.00558	0.00404	0.04423
2	0.01730	0.01868	0.04038	0.01381	0.01712	0.26735	0.05145	0.06529	0.10481	0.03838	0.09169	0.07535	0.11191	0.04740	0.00814	0.00223	0.00771	0.00824	0.00504	0.00771
3	0.05241	0.01036	0.01200	0.01119	0.01334	0.04939	0.00885	0.10031	0.01481	0.04037	0.04092	0.04706	0.09860	0.03045	0.37267	0.00637	0.03565	0.04378	0.00462	0.00686
4	0.01026	0.00832	0.01041	0.01117	0.07293	0.00798	0.00754	0.01474	0.09538	0.02352	0.38700	0.04780	0.25140	0.01325	0.00754	0.00212	0.00382	0.01147	0.00650	0.00686
5	0.01386	0.01403	0.05560	0.04691	0.24307	0.01324	0.07570	0.01759	0.03246	0.02014	0.03015	0.12451	0.01597	0.00876	0.00849	0.00203	0.10070	0.00761	0.00389	0.16530
6	0.01016	0.00707	0.00799	0.00754	0.00974	0.00612	0.00567	0.01218	0.01600	0.08199	0.22798	0.05518	0.46017	0.05213	0.00894	0.00237	0.00362	0.01254	0.00647	0.00614
7	0.16856	0.01452	0.01616	0.01261	0.01759	0.01511	0.01041	0.31301	0.02256	0.31570	0.01868	0.01753	0.01251	0.00768	0.00615	0.00201	0.00620	0.00578	0.00676	0.01047
8	0.04349	0.01750	0.07940	0.01377	0.01874	0.01736	0.01204	0.48681	0.05756	0.03604	0.01668	0.01728	0.01214	0.00772	0.00618	0.00193	0.00665	0.00587	0.13273	0.01012
9	0.00957	0.00638	0.00718	0.00718	0.00718	0.00638	0.00399	0.00957	0.00957	0.01276	0.02074	0.04308	0.02393	0.76864	0.03351	0.00638	0.00638	0.00957	0.00399	0.00399
10	0.00821	0.00581	0.00758	0.00893	0.00926	0.00547	0.00586	0.00922	0.01224	0.01632	0.03441	0.67752	0.04118	0.11067	0.01142	0.00312	0.00413	0.01761	0.00586	0.00518
11	0.02067	0.01442	0.01657	0.07795	0.02032	0.01593	0.01147	0.19666	0.35366	0.16502	0.02264	0.02140	0.01621	0.00833	0.00665	0.00213	0.00609	0.00678	0.00662	0.01049
12	0.02171	0.01188	0.01411	0.01137	0.01533	0.01189	0.00919	0.21883	0.04849	0.28249	0.14680	0.02567	0.02323	0.00899	0.00653	0.00196	0.00526	0.00733	0.11939	0.00957
13	0.00802	0.00573	0.00764	0.00917	0.00955	0.00535	0.00611	0.00917	0.01260	0.01681	0.03628	0.76434	0.04354	0.02062	0.00840	0.00267	0.00382	0.01872	0.00611	0.00535
14	0.01402	0.01265	0.02144	0.49923	0.07294	0.01453	0.10268	0.01964	0.07526	0.05165	0.04143	0.01957	0.01240	0.00696	0.00678	0.00218	0.00834	0.00650	0.00373	0.00807
15	0.02179	0.01188	0.01434	0.01193	0.01606	0.01196	0.00953	0.04940	0.27527	0.35763	0.10683	0.02695	0.03782	0.00922	0.00680	0.00212	0.00517	0.00766	0.00742	0.01022
16	0.01822	0.01513	0.01785	0.10884	0.08347	0.01719	0.01283	0.21342	0.38079	0.02946	0.02067	0.02059	0.01542	0.00809	0.00664	0.00213	0.00644	0.00669	0.00590	0.01024
17	0.59654	0.01546	0.01360	0.03662	0.07192	0.10602	0.03628	0.02027	0.01267	0.02649	0.00979	0.01178	0.00772	0.00617	0.00472	0.00200	0.00651	0.00407	0.00386	0.00753
18	0.00906	0.00697	0.01003	0.01308	0.09948	0.00664	0.00788	0.01055	0.01290	0.01739	0.03329	0.67065	0.03939	0.01878	0.00817	0.00258	0.00432	0.01711	0.00575	0.00598
19	0.01656	0.67668	0.03128	0.01089	0.01601	0.02356	0.01063	0.01880	0.01404	0.01686	0.09870	0.01540	0.01517	0.00661	0.00467	0.00149	0.00655	0.00457	0.00337	0.00817
20	0.01279	0.01198	0.01684	0.01515	0.01549	0.01603	0.01245	0.01448	0.01081	0.01617	0.01456	0.08291	0.01524	0.01861	0.12915	0.00405	0.51694	0.06607	0.00352	0.00675
21	0.01605	0.01535	0.02595	0.08582	0.66403	0.01560	0.01981	0.02039	0.03396	0.02137	0.01273	0.01660	0.01058	0.00600	0.00653	0.00198	0.00781	0.00591	0.00333	0.01023
22	0.02954	0.01120	0.01528	0.01171	0.01681	0.00968	0.00968	0.03208	0.01884	0.73213	0.02597	0.02241	0.01630	0.00815	0.00662	0.00204	0.00560	0.00662	0.00815	0.01120
23	0.01385	0.11473	0.60859	0.01856	0.02762	0.01658	0.07014	0.02074	0.01396	0.02027	0.01162	0.01380	0.00847	0.00614	0.00614	0.00202	0.00953	0.00492	0.00282	0.00953
24	0.00941	0.00703	0.01045	0.01045	0.01158	0.00816	0.00807	0.01167	0.01054	0.01519	0.01775	0.02653	0.01675	0.07717	0.71515	0.01042	0.01720	0.00715	0.00354	0.00580
25	0.00781	0.00655	0.00679	0.00698	0.00897	0.00553	0.00514	0.00941	0.01470	0.01766	0.06288	0.15115	0.63956	0.01717	0.00786	0.00228	0.00340	0.01450	0.00611	0.00553
26	0.02570	0.01115	0.01459	0.01155	0.01608	0.01020	0.00941	0.05321	0.07997	0.55840	0.11313	0.02572	0.02219	0.00887	0.00677	0.00206	0.00531	0.00733	0.00785	0.01051
27	0.02065	0.02055	0.25711	0.01863	0.07757	0.01397	0.10068	0.07889	0.01723	0.28175	0.01743	0.01782	0.01184	0.00710	0.00703	0.00209	0.02821	0.00605	0.00514	0.01026
28	0.05349	0.01162	0.01505	0.01182	0.01671	0.01068	0.00969	0.03203	0.10587	0.62098	0.02553	0.02230	0.01647	0.00818	0.00655	0.00206	0.00554	0.00662	0.00783	0.01097
29	0.02494	0.01016	0.01353	0.01086	0.01518	0.00878	0.00878	0.02725	0.01782	0.58031	0.03197	0.09221	0.10742	0.01030	0.00692	0.00212	0.00516	0.00859	0.00772	0.00999
30	0.01535	0.02075	0.24256	0.12769	0.33931	0.01553	0.02017	0.07863	0.01572	0.02226	0.01305	0.03584	0.01052	0.00666	0.00650	0.00205	0.00838	0.00591	0.00343	0.00972
31	0.02954	0.01120	0.01528	0.01171	0.01681	0.00968	0.00968	0.03208	0.01884	0.73213	0.02597	0.02241	0.01630	0.00815	0.00662	0.00204	0.00560	0.00662	0.00815	0.01120
32	0.00930	0.00675	0.00883	0.00877	0.01024	0.00628	0.00670	0.01216	0.01751	0.02433	0.54772	0.11530	0.08781	0.01482	0.00799	0.00225	0.00355	0.09668	0.00695	0.00609
33	0.00900	0.00703	0.01025	0.16709	0.01716	0.00735	0.00870	0.01091	0.01293	0.01714	0.05489	0.58094	0.03680	0.01739	0.00799	0.00255	0.00485	0.01575	0.00547	0.00579
34	0.04181	0.01782	0.08503	0.12591	0.20074	0.05929	0.23717	0.02213	0.07003	0.05451	0.01408	0.01723	0.01070	0.00630	0.00681	0.00210	0.00901	0.00638	0.00373	0.00921
35	0.01194	0.01006	0.01341	0.01310	0.04537	0.01218	0.00948	0.01551	0.09869	0.01655	0.01706	0.02706	0.01668	0.23211	0.23232	0.00597	0.20475	0.00741	0.00387	0.00648
36	0.02559	0.01753	0.01920	0.01472	0.01996	0.01907	0.01216	0.62126	0.02944	0.12799	0.01708	0.01663	0.01183	0.00793	0.00659	0.00198	0.00704	0.00601	0.00678	0.01120
37	0.01932	0.37509	0.02586	0.04534	0.01896	0.16678	0.01206	0.06382	0.04778	0.05627	0.01173	0.01346	0.00979	0.00790	0.02317	0.00196	0.08403	0.00457	0.00366	0.00846
38	0.01201	0.00934	0.01071	0.01038	0.01224	0.03264	0.00777	0.10060	0.07908	0.02436	0.27508	0.29313	0.04257	0.01490	0.00775	0.00232	0.00450	0.04715	0.00653	0.00694
39	0.00932	0.00673	0.00880	0.00828	0.00984	0.00621	0.00621	0.01242	0.01863	0.02640	0.72410	0.04918	0.06212	0.01346	0.00776	0.00207	0.00311	0.01191	0.00725	0.00621
40	0.01898	0.30348	0.06427	0.01892	0.16953	0.06271	0.04505	0.02232	0.03153	0.13532	0.01386	0.01579	0.01104	0.03112	0.00651	0.00189	0.00747	0.00514	0.00400	0.03107
41	0.01427	0.11310	0.01375	0.01026	0.01281	0.03061	0.00795	0.07378	0.01562	0.10905	0.05194	0.37409	0.06872	0.01418	0.00710	0.00220	0.00496	0.01227	0.02837	0.03496
42	0.06965	0.12569	0.21363	0.01379	0.02028	0.03089	0.02902	0.08930	0.05228	0.08640	0.01367	0.01470	0.01025	0.00629	0.00561	0.00171	0.00712	0.00481	0.00422	0.20069
43	0.01821	0.11070	0.09703	0.01564	0.05588	0.02978	0.06972	0.07952	0.13570	0.14820	0.01969	0.09579	0.01618	0.00872	0.00696	0.00206	0.03148	0.00730	0.02703	0.02441
44	0.03458	0.05359	0.05049	0.04006	0.01567	0.05010	0.02523	0.03429	0.04873	0.03676	0.07386	0.26806	0.02570	0.03688	0.00824	0.00221	0.03488	0.01018	0.00497	0.14553

[dist]
# distance from previous block
# <min> <max>
0	8

[block]
# block no. 2 follows, 33 sequences, length 35
# corresponding to MSA columns:
# 140-174
name=unknown_C
#
# <colnr> <probs for GDERKNQSTAVLIFYWHMCP>
#	G	D	E	R	K	N	Q	S	T	A	V	L	I	F	Y	W	H	M	C	P
0	0.07782	0.07841	0.12323	0.02932	0.05126	0.09052	0.01384	0.24252	0.08417	0.04225	0.01455	0.03118	0.01134	0.00767	0.00709	0.00200	0.05619	0.00561	0.00476	0.02626
1	0.05011	0.09309	0.13923	0.03862	0.26590	0.01695	0.03027	0.12598	0.08412	0.03829	0.01398	0.01588	0.01084	0.00653	0.00613	0.00192	0.00752	0.00550	0.00412	0.04499
2	0.13193	0.35522	0.05778	0.03142	0.08875	0.10581	0.05585	0.03601	0.01464	0.05276	0.01095	0.01271	0.00898	0.00607	0.00515	0.00172	0.00776	0.00441	0.00347	0.00861
3	0.01408	0.08813	0.17760	0.01361	0.03342	0.01374	0.02534	0.02232	0.21079	0.03672	0.08871	0.02533	0.05216	0.02930	0.02585	0.00230	0.00656	0.02295	0.02492	0.08618
4	0.01151	0.00962	0.01083	0.04967	0.01357	0.04483	0.00787	0.03277	0.12925	0.02454	0.42010	0.07806	0.11642	0.01260	0.00745	0.00213	0.00434	0.01089	0.00655	0.00702
5	0.01022	0.00764	0.00917	0.00862	0.01065	0.00733	0.00654	0.01458	0.09244	0.04220	0.43046	0.04831	0.22227	0.01536	0.04260	0.00253	0.00415	0.01156	0.00675	0.00661
6	0.04655	0.00630	0.00774	0.00881	0.00972	0.00593	0.00612	0.01001	0.01332	0.01824	0.08377	0.56874	0.13757	0.01886	0.00808	0.00255	0.00382	0.03225	0.00609	0.00553
7	0.01760	0.77260	0.03450	0.01126	0.01690	0.02605	0.01126	0.01971	0.01338	0.01549	0.00915	0.01056	0.00845	0.00563	0.00422	0.00141	0.00704	0.00352	0.00282	0.00845
8	0.00786	0.00667	0.00678	0.00676	0.00894	0.00559	0.00507	0.00961	0.01520	0.01825	0.10210	0.06259	0.68920	0.01650	0.00778	0.00221	0.00332	0.01379	0.00617	0.00559
9	0.00932	0.00673	0.00880	0.00828	0.00984	0.00621	0.00621	0.01242	0.01863	0.02640	0.72410	0.04918	0.06212	0.01346	0.00776	0.00207	0.00311	0.01191	0.00725	0.00621
10	0.81514	0.01273	0.00968	0.00866	0.01273	0.01477	0.00713	0.01935	0.01120	0.02954	0.00917	0.01069	0.00713	0.00611	0.00407	0.00204	0.00509	0.00356	0.00407	0.00713
11	0.01637	0.01414	0.01489	0.01340	0.01712	0.01637	0.01042	0.03498	0.71568	0.02754	0.02679	0.02456	0.02010	0.00893	0.00670	0.00223	0.00521	0.00744	0.00670	0.01042
12	0.60727	0.01092	0.00939	0.00864	0.01166	0.01243	0.00676	0.01656	0.01052	0.02486	0.00975	0.01310	0.00824	0.01045	0.00967	0.21061	0.00525	0.00412	0.00376	0.00602
13	0.60727	0.01092	0.00939	0.00864	0.01166	0.01243	0.00676	0.01656	0.01052	0.02486	0.00975	0.01310	0.00824	0.01045	0.00967	0.21061	0.00525	0.00412	0.00376	0.00602
14	0.22387	0.57607	0.02808	0.01059	0.01582	0.02313	0.01020	0.01962	0.01281	0.01912	0.00916	0.01060	0.00811	0.00576	0.00419	0.00157	0.00654	0.00353	0.00314	0.00811
15	0.58367	0.01310	0.03385	0.20143	0.02163	0.01475	0.01053	0.01874	0.01179	0.02599	0.00990	0.01256	0.00759	0.00624	0.00479	0.00208	0.00618	0.00419	0.00374	0.00725
16	0.01500	0.01603	0.03144	0.02259	0.02873	0.01478	0.49088	0.01967	0.01479	0.02093	0.01268	0.01654	0.00986	0.00566	0.00768	0.00193	0.04497	0.00667	0.00346	0.21571
17	0.02165	0.03207	0.20381	0.01743	0.02246	0.55420	0.01572	0.02488	0.01743	0.01734	0.01060	0.01240	0.00844	0.00665	0.00602	0.00180	0.01132	0.00440	0.00323	0.00817
18	0.01586	0.01421	0.01625	0.01440	0.01716	0.01735	0.01145	0.03003	0.53318	0.02451	0.02210	0.02193	0.01713	0.00960	0.01055	0.00240	0.19955	0.00701	0.00571	0.00959
19	0.00957	0.00638	0.00718	0.00718	0.00718	0.00638	0.00399	0.00957	0.00957	0.01276	0.02074	0.04308	0.02393	0.76864	0.03351	0.00638	0.00638	0.00957	0.00399	0.00399
20	0.02225	0.02785	0.02388	0.01975	0.02399	0.55455	0.19142	0.02494	0.01785	0.01740	0.01099	0.01339	0.00887	0.00646	0.00641	0.00183	0.01167	0.00515	0.00338	0.00795
21	0.01012	0.00802	0.01163	0.20085	0.01902	0.00839	0.00933	0.01356	0.01722	0.02392	0.53985	0.04100	0.04832	0.01168	0.00746	0.00210	0.00457	0.01034	0.00613	0.00650
22	0.02063	0.01515	0.01662	0.01360	0.01760	0.01652	0.01086	0.52549	0.02621	0.03511	0.02110	0.20941	0.01956	0.01119	0.00706	0.00216	0.00636	0.00923	0.00646	0.00968
23	0.01586	0.01421	0.01625	0.01440	0.01716	0.01735	0.01145	0.03003	0.53318	0.02451	0.02210	0.02193	0.01713	0.00960	0.01055	0.00240	0.19955	0.00701	0.00571	0.00959
24	0.02103	0.01532	0.01650	0.01309	0.01699	0.01679	0.01031	0.52560	0.02542	0.03406	0.01708	0.02286	0.01449	0.20466	0.01355	0.00312	0.00702	0.00687	0.00591	0.00933
25	0.02374	0.01203	0.01423	0.01128	0.01551	0.01193	0.00920	0.22633	0.02111	0.34551	0.02181	0.02101	0.01494	0.00795	0.00609	0.00189	0.00543	0.00629	0.21383	0.00989
26	0.02425	0.00965	0.01248	0.01001	0.01401	0.00859	0.00812	0.02696	0.01730	0.51544	0.02460	0.02306	0.01647	0.00800	0.00600	0.00188	0.00483	0.00647	0.25223	0.00965
27	0.00949	0.00867	0.01016	0.00941	0.01106	0.00934	0.00743	0.01110	0.01373	0.01728	0.05168	0.05070	0.53965	0.01534	0.01136	0.00239	0.19815	0.01179	0.00528	0.00598
28	0.00999	0.00657	0.00798	0.00763	0.00922	0.00615	0.00572	0.01299	0.01716	0.02539	0.50187	0.04368	0.09125	0.01216	0.00695	0.00194	0.00311	0.01054	0.21355	0.00615
29	0.23198	0.01144	0.01359	0.01080	0.01550	0.01087	0.00889	0.02807	0.01686	0.52460	0.04716	0.02036	0.01560	0.00782	0.00600	0.00204	0.00538	0.00602	0.00706	0.00997
30	0.08798	0.01331	0.01493	0.01241	0.01628	0.01403	0.00987	0.34124	0.02227	0.16380	0.02245	0.21022	0.02018	0.01109	0.00685	0.00217	0.00587	0.00917	0.00654	0.00934
31	0.60727	0.01092	0.00939	0.00864	0.01166	0.01243	0.00676	0.01656	0.01052	0.02486	0.00975	0.01310	0.00824	0.01045	0.00967	0.21061	0.00525	0.00412	0.00376	0.00602
32	0.01036	0.20477	0.01393	0.00790	0.01099	0.01088	0.00666	0.01219	0.01469	0.01743	0.07041	0.04930	0.52085	0.01373	0.00686	0.00201	0.00429	0.01115	0.00529	0.00632
33	0.01407	0.01224	0.01531	0.01096	0.01684	0.00955	0.04912	0.03537	0.01423	0.02197	0.01191	0.01395	0.00980	0.00500	0.00509	0.00108	0.00531	0.00418	0.00394	0.74009
34	0.50945	0.01458	0.01222	0.01093	0.01467	0.07028	0.00876	0.02374	0.19391	0.02733	0.01378	0.01455	0.01066	0.00716	0.00576	0.00210	0.04272	0.00473	0.00464	0.00802

[dist]
# distance from previous block
# <min> <max>
0	1

[block]
# block no. 3 follows, 33 sequences, length 29
# corresponding to MSA columns:
# 176-204
name=unknown_D
#
# <colnr> <probs for GDERKNQSTAVLIFYWHMCP>
#	G	D	E	R	K	N	Q	S	T	A	V	L	I	F	Y	W	H	M	C	P
0	0.00934	0.00798	0.01255	0.01150	0.01335	0.00733	0.11956	0.01136	0.01376	0.01800	0.07309	0.41533	0.18789	0.05527	0.00942	0.00266	0.00500	0.01506	0.00561	0.00594
1	0.01608	0.13869	0.02721	0.11506	0.53559	0.01723	0.01853	0.01975	0.01452	0.02000	0.01178	0.01550	0.00992	0.00591	0.00615	0.00189	0.00780	0.00548	0.00315	0.00976
2	0.00867	0.00655	0.00800	0.00797	0.00952	0.00588	0.00585	0.01105	0.01662	0.02238	0.42485	0.16988	0.24766	0.01554	0.00787	0.00221	0.00329	0.01358	0.00674	0.00588
3	0.01245	0.00813	0.01192	0.01009	0.01243	0.00801	0.11899	0.01588	0.01409	0.02340	0.05450	0.02475	0.01795	0.01062	0.05851	0.00232	0.00543	0.00675	0.57720	0.00657
4	0.01845	0.01492	0.02485	0.03573	0.61162	0.01467	0.01849	0.02214	0.01562	0.13744	0.01460	0.01729	0.01139	0.00624	0.00653	0.00197	0.00746	0.00599	0.00406	0.01055
5	0.01318	0.01250	0.01726	0.01500	0.01525	0.01677	0.01222	0.01478	0.01144	0.01732	0.12634	0.02240	0.01860	0.07315	0.02031	0.00303	0.57291	0.00707	0.00368	0.00678
6	0.81514	0.01273	0.00968	0.00866	0.01273	0.01477	0.00713	0.01935	0.01120	0.02954	0.00917	0.01069	0.00713	0.00611	0.00407	0.00204	0.00509	0.00356	0.00407	0.00713
7	0.74730	0.01322	0.01054	0.00921	0.01339	0.01525	0.00759	0.07828	0.01290	0.03056	0.00974	0.01113	0.00748	0.00626	0.00429	0.00203	0.00528	0.00377	0.00429	0.00748
8	0.01488	0.01408	0.02384	0.17440	0.53869	0.01461	0.01869	0.01866	0.01445	0.02023	0.01419	0.07711	0.01279	0.00720	0.00668	0.00206	0.00768	0.00690	0.00343	0.00942
9	0.02658	0.01187	0.01538	0.01167	0.01690	0.01040	0.00960	0.08409	0.01898	0.56026	0.02282	0.02044	0.01482	0.00759	0.00633	0.00186	0.00562	0.00612	0.00733	0.14134
10	0.02137	0.01719	0.01826	0.13481	0.02324	0.08004	0.01270	0.43764	0.06785	0.03305	0.01579	0.01700	0.01158	0.00764	0.00638	0.00197	0.00743	0.00588	0.07039	0.00980
11	0.01593	0.01374	0.01468	0.01280	0.01687	0.01513	0.00999	0.03198	0.60115	0.02655	0.02433	0.02278	0.01841	0.00827	0.00640	0.00203	0.00516	0.00687	0.00624	0.14068
12	0.02297	0.01734	0.01976	0.13549	0.02448	0.01947	0.01345	0.59325	0.02805	0.03747	0.01514	0.01609	0.01080	0.00769	0.00659	0.00201	0.00749	0.00591	0.00599	0.01056
13	0.02278	0.08093	0.01928	0.01581	0.01958	0.51015	0.01222	0.08556	0.13305	0.02011	0.01330	0.01419	0.01061	0.00715	0.00599	0.00179	0.01004	0.00486	0.00416	0.00845
14	0.15393	0.01751	0.01811	0.01409	0.01916	0.01949	0.01163	0.59366	0.02773	0.03954	0.01472	0.01497	0.01053	0.00761	0.00618	0.00199	0.00689	0.00554	0.00618	0.01053
15	0.81514	0.01273	0.00968	0.00866	0.01273	0.01477	0.00713	0.01935	0.01120	0.02954	0.00917	0.01069	0.00713	0.00611	0.00407	0.00204	0.00509	0.00356	0.00407	0.00713
16	0.02881	0.01236	0.01600	0.01226	0.01738	0.01140	0.01013	0.14009	0.02078	0.62138	0.02434	0.02135	0.01548	0.00811	0.00661	0.00203	0.00587	0.00651	0.00790	0.01120
17	0.81514	0.01273	0.00968	0.00866	0.01273	0.01477	0.00713	0.01935	0.01120	0.02954	0.00917	0.01069	0.00713	0.00611	0.00407	0.00204	0.00509	0.00356	0.00407	0.00713
18	0.01760	0.77260	0.03450	0.01126	0.01690	0.02605	0.01126	0.01971	0.01338	0.01549	0.00915	0.01056	0.00845	0.00563	0.00422	0.00141	0.00704	0.00352	0.00282	0.00845
19	0.00823	0.00598	0.00782	0.00922	0.00986	0.00557	0.00642	0.00960	0.01304	0.01715	0.03877	0.64176	0.10153	0.02007	0.00841	0.00267	0.00398	0.07838	0.00611	0.00543
20	0.00814	0.00657	0.00727	0.00757	0.00938	0.00571	0.00565	0.00994	0.01496	0.01855	0.12148	0.17965	0.50650	0.01712	0.00796	0.00233	0.00356	0.05581	0.00622	0.00562
21	0.22297	0.01670	0.01515	0.06604	0.01869	0.14550	0.01066	0.17998	0.07830	0.07495	0.01605	0.01730	0.03153	0.01087	0.06547	0.00269	0.00808	0.00551	0.00496	0.00858
22	0.01485	0.01508	0.08148	0.02131	0.18916	0.01382	0.10279	0.07663	0.15011	0.02459	0.12104	0.02991	0.03703	0.00928	0.00719	0.00220	0.00690	0.08252	0.00509	0.00904
23	0.00802	0.00573	0.00764	0.00917	0.00955	0.00535	0.00611	0.00917	0.01260	0.01681	0.03628	0.76434	0.04354	0.02062	0.00840	0.00267	0.00382	0.01872	0.00611	0.00535
24	0.81514	0.01273	0.00968	0.00866	0.01273	0.01477	0.00713	0.01935	0.01120	0.02954	0.00917	0.01069	0.00713	0.00611	0.00407	0.00204	0.00509	0.00356	0.00407	0.00713
25	0.01166	0.00621	0.00671	0.00678	0.00821	0.00627	0.00506	0.01455	0.01363	0.02334	0.04724	0.07118	0.02010	0.01226	0.06831	0.00240	0.00437	0.00720	0.65846	0.00607
26	0.01744	0.61691	0.05198	0.07235	0.02037	0.02414	0.03708	0.06188	0.01454	0.01755	0.00999	0.01180	0.00870	0.00586	0.00474	0.00155	0.00741	0.00405	0.00307	0.00858
27	0.14925	0.01288	0.01264	0.01088	0.01426	0.05738	0.00864	0.19500	0.06265	0.02893	0.20657	0.03099	0.10605	0.01021	0.00655	0.00203	0.00533	0.02499	0.02401	0.03079
28	0.02244	0.01635	0.01956	0.01497	0.01986	0.01739	0.06733	0.50266	0.02582	0.07386	0.01572	0.01719	0.01163	0.02777	0.00864	0.06023	0.00719	0.00607	0.00591	0.05944

[dist]
# distance from previous block
# <min> <max>
0	1

[block]
# block no. 4 follows, 33 sequences, length 12
# corresponding to MSA columns:
# 206-217
name=unknown_E
#
# <colnr> <probs for GDERKNQSTAVLIFYWHMCP>
#	G	D	E	R	K	N	Q	S	T	A	V	L	I	F	Y	W	H	M	C	P
0	0.01548	0.01467	0.02484	0.03733	0.65691	0.01463	0.01882	0.01912	0.01476	0.02104	0.01474	0.08991	0.01369	0.00732	0.00670	0.00203	0.00743	0.00713	0.00354	0.00993
1	0.00895	0.00663	0.00835	0.00810	0.00966	0.00603	0.00601	0.01165	0.01750	0.02414	0.55560	0.11596	0.16779	0.01463	0.00782	0.00215	0.00321	0.01284	0.00696	0.00603
2	0.01963	0.09584	0.01806	0.01441	0.01803	0.33471	0.01123	0.02817	0.29485	0.02127	0.06408	0.01926	0.01665	0.00797	0.00619	0.00191	0.00817	0.00595	0.00490	0.00872
3	0.02343	0.01604	0.01958	0.01557	0.04124	0.04869	0.06655	0.31332	0.02261	0.21714	0.01715	0.01724	0.01202	0.00749	0.00713	0.00192	0.04017	0.00594	0.00603	0.10073
4	0.01695	0.01801	0.13862	0.08001	0.25980	0.01545	0.07203	0.14538	0.04904	0.05371	0.04222	0.04969	0.01411	0.00747	0.00673	0.00207	0.00781	0.00674	0.00439	0.00975
5	0.01735	0.01373	0.01471	0.01290	0.01651	0.01553	0.00999	0.10987	0.53267	0.06244	0.02489	0.02527	0.01926	0.08354	0.00932	0.00260	0.00558	0.00744	0.00649	0.00992
6	0.01094	0.00703	0.00926	0.00865	0.01041	0.00644	0.00650	0.01383	0.01814	0.08617	0.60562	0.10775	0.05660	0.01361	0.00772	0.00212	0.00338	0.01203	0.00723	0.00657
7	0.05682	0.01254	0.01373	0.01018	0.01573	0.03545	0.00812	0.01844	0.04373	0.04887	0.01270	0.01423	0.01026	0.00530	0.00501	0.00115	0.00518	0.00415	0.00417	0.67424
8	0.13164	0.01570	0.08664	0.08732	0.12681	0.01460	0.17056	0.03458	0.07215	0.06336	0.03407	0.04593	0.04278	0.00773	0.00719	0.00216	0.03685	0.00698	0.00425	0.00870
9	0.00796	0.00599	0.00737	0.00848	0.00937	0.00540	0.00581	0.00924	0.01326	0.01707	0.04461	0.57248	0.23003	0.01954	0.00823	0.00255	0.00369	0.01740	0.00611	0.00540
10	0.01128	0.00576	0.00829	0.00840	0.00856	0.00573	0.00564	0.00922	0.00931	0.01297	0.01399	0.06984	0.01406	0.02136	0.02268	0.68247	0.00535	0.00662	0.07515	0.00332
11	0.01869	0.21065	0.05751	0.07748	0.07238	0.16641	0.01359	0.02128	0.01458	0.08887	0.01170	0.01404	0.00953	0.00722	0.00833	0.00190	0.13778	0.00482	0.00359	0.05967

[dist]
# distance from previous block
# <min> <max>
0	3

[block]
# block no. 5 follows, 33 sequences, length 14
# corresponding to MSA columns:
# 221-234
name=unknown_F
#
# <colnr> <probs for GDERKNQSTAVLIFYWHMCP>
#	G	D	E	R	K	N	Q	S	T	A	V	L	I	F	Y	W	H	M	C	P
0	0.02459	0.03138	0.01866	0.01696	0.02035	0.74221	0.01272	0.02629	0.01866	0.01611	0.01018	0.01187	0.00848	0.00678	0.00594	0.00170	0.01187	0.00424	0.00339	0.00763
1	0.01956	0.07577	0.01955	0.01594	0.06005	0.04852	0.03280	0.24734	0.35022	0.03005	0.01995	0.01944	0.01498	0.00797	0.00646	0.00205	0.00661	0.00644	0.00592	0.01035
2	0.00957	0.00638	0.00718	0.00718	0.00718	0.00638	0.00399	0.00957	0.00957	0.01276	0.02074	0.04308	0.02393	0.76864	0.03351	0.00638	0.00638	0.00957	0.00399	0.00399
3	0.00925	0.00690	0.00880	0.00994	0.01104	0.00673	0.00742	0.01219	0.06492	0.01841	0.03855	0.46304	0.11458	0.01874	0.00838	0.00268	0.00442	0.18194	0.00614	0.00592
4	0.00955	0.00647	0.00761	0.00761	0.00776	0.00662	0.00452	0.00985	0.00970	0.01308	0.02035	0.04091	0.02299	0.67790	0.12295	0.00691	0.00780	0.00926	0.00393	0.00423
5	0.00815	0.00596	0.00769	0.00903	0.00971	0.00551	0.00624	0.00947	0.01306	0.01710	0.04003	0.63456	0.12915	0.01998	0.00837	0.00264	0.00389	0.05793	0.00611	0.00542
6	0.00802	0.00573	0.00764	0.00917	0.00955	0.00535	0.00611	0.00917	0.01260	0.01681	0.03628	0.76434	0.04354	0.02062	0.00840	0.00267	0.00382	0.01872	0.00611	0.00535
7	0.12864	0.01140	0.01457	0.01133	0.01629	0.01032	0.00935	0.03048	0.01788	0.64350	0.02385	0.02093	0.01514	0.00789	0.00630	0.00204	0.00554	0.00623	0.00763	0.01069
8	0.01365	0.01170	0.01365	0.00975	0.01560	0.00878	0.00780	0.01658	0.01365	0.02145	0.01170	0.01365	0.00975	0.00488	0.00488	0.00098	0.00488	0.00390	0.00390	0.80888
9	0.01515	0.01265	0.01291	0.01175	0.01390	0.11598	0.00891	0.14316	0.01572	0.04398	0.01780	0.05546	0.01673	0.15622	0.32264	0.00636	0.01196	0.00734	0.00442	0.00695
10	0.00957	0.00638	0.00718	0.00718	0.00718	0.00638	0.00399	0.00957	0.00957	0.01276	0.02074	0.04308	0.02393	0.76864	0.03351	0.00638	0.00638	0.00957	0.00399	0.00399
11	0.01516	0.01469	0.02014	0.01713	0.01751	0.02018	0.01427	0.06492	0.01157	0.01767	0.00915	0.01450	0.00882	0.01126	0.02054	0.00282	0.70328	0.00577	0.00314	0.00749
12	0.06523	0.23393	0.07430	0.08337	0.02071	0.17379	0.01272	0.03808	0.01452	0.01845	0.01055	0.01314	0.00892	0.00800	0.03147	0.00203	0.07407	0.00442	0.00329	0.10903
13	0.70183	0.01251	0.01048	0.00910	0.01332	0.01403	0.00750	0.02119	0.01231	0.13088	0.01159	0.01238	0.00845	0.00640	0.00444	0.00204	0.00517	0.00401	0.00466	0.00772

[dist]
# distance from previous block
# <min> <max>
0	1

[block]
# block no. 6 follows, 33 sequences, length 27
# corresponding to MSA columns:
# 236-262
name=unknown_G
#
# <colnr> <probs for GDERKNQSTAVLIFYWHMCP>
#	G	D	E	R	K	N	Q	S	T	A	V	L	I	F	Y	W	H	M	C	P
0	0.24577	0.01416	0.01934	0.06700	0.33198	0.01484	0.01432	0.07194	0.01553	0.12538	0.01360	0.01560	0.01028	0.00645	0.00585	0.00201	0.00674	0.00532	0.00441	0.00947
1	0.01221	0.01010	0.01375	0.06914	0.04448	0.01220	0.01039	0.02916	0.03095	0.01837	0.02042	0.15474	0.03567	0.07674	0.04783	0.00317	0.24219	0.04451	0.11735	0.00661
2	0.01019	0.00704	0.00910	0.00898	0.01052	0.00663	0.00669	0.01343	0.04569	0.05329	0.46436	0.20882	0.06858	0.01495	0.00788	0.00226	0.00360	0.04469	0.00693	0.00638
3	0.02493	0.01201	0.01519	0.01168	0.01661	0.01090	0.00956	0.13093	0.01994	0.46801	0.08022	0.02238	0.01839	0.00809	0.00646	0.00188	0.00554	0.00657	0.00724	0.12348
4	0.04969	0.01587	0.11870	0.03860	0.16779	0.05827	0.05986	0.01710	0.01402	0.02006	0.01807	0.20727	0.01817	0.00959	0.00659	0.00198	0.00689	0.00858	0.00409	0.15879
5	0.00813	0.00633	0.00741	0.00805	0.00943	0.00561	0.00579	0.00977	0.01436	0.01824	0.11210	0.34808	0.36045	0.01805	0.00808	0.00243	0.00362	0.04232	0.00621	0.00555
6	0.01298	0.01226	0.02073	0.65217	0.14172	0.01477	0.01855	0.01730	0.01342	0.01748	0.01180	0.01737	0.00901	0.00648	0.00657	0.00216	0.00864	0.00585	0.00297	0.00775
7	0.01665	0.01588	0.02705	0.03859	0.65876	0.01591	0.05599	0.05143	0.01575	0.02239	0.01259	0.01635	0.01044	0.00594	0.00659	0.00197	0.00797	0.00597	0.00341	0.01038
8	0.00951	0.02334	0.01152	0.01077	0.01235	0.00718	0.07885	0.01131	0.01356	0.03120	0.05536	0.48650	0.15055	0.03932	0.00884	0.00261	0.00471	0.03083	0.00576	0.00593
9	0.00873	0.00629	0.00842	0.00986	0.01065	0.00598	0.00731	0.01043	0.01344	0.01766	0.03749	0.53487	0.07798	0.01974	0.00856	0.00275	0.00442	0.20375	0.00610	0.00556
10	0.41287	0.01464	0.01761	0.02117	0.26375	0.03624	0.03236	0.04181	0.01364	0.04361	0.01105	0.01350	0.00882	0.00636	0.00595	0.00204	0.03738	0.00475	0.00388	0.00858
11	0.00811	0.00671	0.00713	0.00711	0.00921	0.00573	0.00540	0.01003	0.01552	0.01908	0.15820	0.06179	0.60403	0.01628	0.00783	0.00223	0.00341	0.04025	0.00627	0.00567
12	0.01348	0.01170	0.01451	0.11473	0.01980	0.00960	0.00928	0.01661	0.01358	0.02080	0.01170	0.01420	0.00961	0.00512	0.00512	0.00115	0.00543	0.00418	0.00376	0.69564
13	0.01677	0.01434	0.01511	0.01348	0.01727	0.01656	0.01052	0.06549	0.68453	0.02817	0.02629	0.02416	0.01969	0.00888	0.00669	0.00222	0.00530	0.00737	0.00669	0.01046
14	0.00795	0.00668	0.00691	0.00685	0.00900	0.00563	0.00514	0.00978	0.01541	0.01875	0.14021	0.06177	0.65078	0.01631	0.00778	0.00221	0.00331	0.01367	0.00624	0.00563
15	0.00980	0.00636	0.00709	0.00709	0.00722	0.00636	0.00404	0.01005	0.00992	0.01374	0.02080	0.04155	0.02335	0.70562	0.03111	0.00598	0.00611	0.00929	0.07034	0.00417
16	0.02459	0.03138	0.01866	0.01696	0.02035	0.74221	0.01272	0.02629	0.01866	0.01611	0.01018	0.01187	0.00848	0.00678	0.00594	0.00170	0.01187	0.00424	0.00339	0.00763
17	0.00899	0.00672	0.00835	0.00794	0.00964	0.00607	0.00596	0.01180	0.01787	0.02458	0.58537	0.05217	0.20198	0.01414	0.00777	0.00210	0.00315	0.01233	0.00701	0.00607
18	0.00820	0.00587	0.00780	0.00904	0.00959	0.00547	0.00613	0.00963	0.01346	0.01816	0.13346	0.66331	0.04617	0.01961	0.00831	0.00259	0.00372	0.01775	0.00627	0.00547
19	0.81514	0.01273	0.00968	0.00866	0.01273	0.01477	0.00713	0.01935	0.01120	0.02954	0.00917	0.01069	0.00713	0.00611	0.00407	0.00204	0.00509	0.00356	0.00407	0.00713
20	0.01365	0.01170	0.01365	0.00975	0.01560	0.00878	0.00780	0.01658	0.01365	0.02145	0.01170	0.01365	0.00975	0.00488	0.00488	0.00098	0.00488	0.00390	0.00390	0.80888
21	0.00816	0.00583	0.00780	0.00932	0.00977	0.00547	0.00635	0.00940	0.01274	0.01696	0.03621	0.72781	0.04324	0.02050	0.00844	0.00269	0.00394	0.05389	0.00611	0.00539
22	0.00829	0.00594	0.00756	0.00865	0.00918	0.00555	0.00573	0.00942	0.01267	0.01681	0.07270	0.57266	0.09228	0.12563	0.01187	0.00313	0.00411	0.01671	0.00587	0.00522
23	0.01525	0.01581	0.02004	0.01726	0.01754	0.07996	0.01426	0.01671	0.01079	0.01587	0.00877	0.01419	0.00863	0.01113	0.02031	0.00278	0.69492	0.00564	0.00292	0.00724
24	0.01520	0.01448	0.01436	0.01077	0.01627	0.11239	0.00850	0.01795	0.01436	0.02070	0.01149	0.01340	0.00957	0.00515	0.00503	0.00108	0.00586	0.00395	0.00383	0.69569
25	0.00917	0.00664	0.00868	0.00859	0.00999	0.00615	0.00642	0.01196	0.01748	0.02442	0.56927	0.15205	0.07570	0.01483	0.00793	0.00222	0.00339	0.05206	0.00699	0.00606
26	0.15734	0.07228	0.15420	0.01677	0.09058	0.10671	0.01416	0.18908	0.01857	0.07099	0.01289	0.01410	0.00962	0.00668	0.00578	0.00190	0.00776	0.00490	0.00444	0.04126

[dist]
# distance from previous block
# <min> <max>
0	1

[block]
# block no. 7 follows, 33 sequences, length 57
# corresponding to MSA columns:
# 264-320
name=unknown_H
#
# <colnr> <probs for GDERKNQSTAVLIFYWHMCP>
#	G	D	E	R	K	N	Q	S	T	A	V	L	I	F	Y	W	H	M	C	P
0	0.01417	0.01233	0.01594	0.05518	0.01669	0.01540	0.01147	0.09129	0.03603	0.02050	0.01990	0.04014	0.10176	0.01177	0.02886	0.00258	0.37324	0.00719	0.09652	0.02903
1	0.00973	0.00735	0.00923	0.00833	0.01048	0.00648	0.00631	0.01269	0.01769	0.02502	0.57656	0.04593	0.11348	0.01266	0.00740	0.00195	0.00335	0.01107	0.00672	0.10759
2	0.02011	0.04153	0.02208	0.01836	0.02195	0.43526	0.14813	0.02272	0.01682	0.01751	0.01377	0.02107	0.01250	0.00832	0.00785	0.00205	0.06779	0.09084	0.00366	0.00766
3	0.01522	0.01386	0.02309	0.14102	0.53610	0.01429	0.01795	0.01909	0.01457	0.02120	0.01343	0.01752	0.01100	0.00620	0.00628	0.00194	0.00736	0.00590	0.10455	0.00943
4	0.01292	0.01220	0.02063	0.66279	0.13155	0.01475	0.01853	0.01725	0.01339	0.01741	0.01179	0.01739	0.00898	0.00649	0.00657	0.00216	0.00866	0.00585	0.00297	0.00771
5	0.00886	0.00671	0.00816	0.00780	0.00955	0.00602	0.00585	0.01154	0.01755	0.02383	0.52802	0.05341	0.25980	0.01442	0.00777	0.00212	0.00317	0.01250	0.00691	0.00602
6	0.00802	0.00573	0.00764	0.00917	0.00955	0.00535	0.00611	0.00917	0.01260	0.01681	0.03628	0.76434	0.04354	0.02062	0.00840	0.00267	0.00382	0.01872	0.00611	0.00535
7	0.81514	0.01273	0.00968	0.00866	0.01273	0.01477	0.00713	0.01935	0.01120	0.02954	0.00917	0.01069	0.00713	0.00611	0.00407	0.00204	0.00509	0.00356	0.00407	0.00713
8	0.00932	0.00673	0.00880	0.00828	0.00984	0.00621	0.00621	0.01242	0.01863	0.02640	0.72410	0.04918	0.06212	0.01346	0.00776	0.00207	0.00311	0.01191	0.00725	0.00621
9	0.00944	0.00691	0.00983	0.00983	0.01075	0.00782	0.00730	0.01128	0.01036	0.01473	0.01832	0.02965	0.01810	0.20765	0.58652	0.00966	0.01516	0.00761	0.00363	0.00546
10	0.02503	0.01844	0.01976	0.01515	0.02042	0.02042	0.01251	0.70562	0.03095	0.04149	0.01581	0.01581	0.01120	0.00790	0.00659	0.00198	0.00724	0.00593	0.00659	0.01120
11	0.01534	0.01800	0.13153	0.10302	0.49930	0.01578	0.03965	0.01976	0.01439	0.02064	0.01205	0.01599	0.00985	0.00630	0.00737	0.00206	0.05027	0.00576	0.00314	0.00980
12	0.01565	0.26873	0.18829	0.01729	0.08080	0.01962	0.03999	0.05180	0.03050	0.01962	0.05107	0.01556	0.01211	0.00756	0.00875	0.00201	0.15323	0.00529	0.00339	0.00873
13	0.00818	0.00586	0.00779	0.00905	0.00958	0.00546	0.00612	0.00958	0.01337	0.01802	0.12320	0.67397	0.04589	0.01972	0.00832	0.00260	0.00373	0.01785	0.00625	0.00546
14	0.30329	0.01174	0.01333	0.01065	0.01539	0.01145	0.00879	0.02765	0.01618	0.48731	0.02012	0.01833	0.01310	0.00744	0.00573	0.00204	0.00542	0.00556	0.00673	0.00978
15	0.11376	0.01198	0.05300	0.01051	0.01520	0.00939	0.02823	0.01571	0.01319	0.02143	0.01670	0.17416	0.01658	0.00850	0.00569	0.00157	0.00513	0.00720	0.00432	0.46776
16	0.01334	0.03314	0.69536	0.01927	0.02883	0.01537	0.06258	0.02086	0.01399	0.02086	0.01190	0.01412	0.00843	0.00621	0.00634	0.00209	0.00981	0.00503	0.00281	0.00968
17	0.00941	0.00703	0.01045	0.01045	0.01159	0.00816	0.00807	0.01167	0.01054	0.01519	0.01775	0.02650	0.01674	0.07620	0.71611	0.01042	0.01721	0.00715	0.00354	0.00581
18	0.02718	0.01070	0.01443	0.01124	0.01597	0.00925	0.00922	0.02971	0.01861	0.65234	0.06741	0.02621	0.05876	0.00893	0.00675	0.00205	0.00533	0.00733	0.00798	0.01061
19	0.01415	0.01473	0.06650	0.35836	0.35869	0.01489	0.01921	0.01842	0.01404	0.01923	0.01269	0.03694	0.01045	0.00661	0.00658	0.00209	0.00826	0.00614	0.00316	0.00885
20	0.02840	0.01095	0.01491	0.01152	0.01641	0.00948	0.00948	0.03098	0.01883	0.69239	0.06528	0.02391	0.01888	0.00845	0.00668	0.00204	0.00546	0.00692	0.00810	0.01092
21	0.02940	0.01142	0.01541	0.01182	0.01691	0.01000	0.00976	0.05216	0.01920	0.71154	0.02567	0.02221	0.01614	0.00814	0.00662	0.00204	0.00565	0.00660	0.00810	0.01120
22	0.02503	0.01480	0.01920	0.06155	0.07939	0.01511	0.03811	0.30443	0.02299	0.32139	0.01936	0.01874	0.01303	0.00767	0.00664	0.00202	0.00685	0.00627	0.00661	0.01081
23	0.00867	0.00678	0.00869	0.01040	0.05017	0.00622	0.00699	0.01033	0.01379	0.01768	0.04483	0.42213	0.26585	0.01825	0.00816	0.00252	0.00411	0.08273	0.00595	0.00577
24	0.00914	0.00671	0.00863	0.00872	0.01020	0.00621	0.00665	0.01180	0.01694	0.02319	0.46037	0.14476	0.13969	0.01541	0.00803	0.00230	0.00363	0.10483	0.00680	0.00600
25	0.00977	0.00694	0.01002	0.01002	0.01124	0.00796	0.00777	0.01221	0.01099	0.01645	0.01812	0.02570	0.01651	0.04410	0.64930	0.00944	0.01579	0.00694	0.10483	0.00591
26	0.01533	0.01288	0.01534	0.01260	0.06460	0.01089	0.00930	0.10433	0.03246	0.02413	0.01262	0.01436	0.01022	0.00542	0.00525	0.00120	0.00538	0.00437	0.00426	0.63506
27	0.04256	0.20576	0.09729	0.04491	0.02193	0.28055	0.06656	0.06884	0.05482	0.04089	0.01212	0.01367	0.00959	0.00656	0.00577	0.00179	0.00926	0.00480	0.00372	0.00861
28	0.02225	0.01590	0.01694	0.01334	0.01783	0.01750	0.01090	0.54839	0.05123	0.03772	0.01729	0.01781	0.01261	0.00789	0.00620	0.00190	0.00636	0.00602	0.16174	0.01019
29	0.01311	0.03123	0.64420	0.11152	0.03062	0.01521	0.02356	0.02034	0.01381	0.02034	0.01180	0.01436	0.00839	0.00630	0.00630	0.00210	0.00961	0.00499	0.00280	0.00942
30	0.01351	0.01107	0.01199	0.01118	0.01408	0.01205	0.00853	0.02521	0.42775	0.04135	0.08466	0.12710	0.15978	0.01218	0.00719	0.00227	0.00454	0.01039	0.00659	0.00858
31	0.00956	0.00644	0.00746	0.00746	0.00756	0.00654	0.00434	0.00975	0.00966	0.01297	0.02048	0.04165	0.02331	0.70894	0.09236	0.00673	0.00732	0.00936	0.00395	0.00415
32	0.00894	0.00671	0.00828	0.00789	0.00961	0.00605	0.00592	0.01170	0.01775	0.02431	0.56449	0.05262	0.22303	0.01424	0.00777	0.00211	0.00316	0.01239	0.00697	0.00605
33	0.00932	0.00673	0.00880	0.00828	0.00984	0.00621	0.00621	0.01242	0.01863	0.02640	0.72410	0.04918	0.06212	0.01346	0.00776	0.00207	0.00311	0.01191	0.00725	0.00621
34	0.01309	0.00735	0.00994	0.00936	0.01002	0.00760	0.00651	0.09670	0.01144	0.01528	0.01232	0.02030	0.01185	0.04749	0.02359	0.67803	0.00593	0.00588	0.00337	0.00395
35	0.71586	0.01254	0.01038	0.00904	0.01325	0.01412	0.00745	0.02096	0.01217	0.11832	0.01129	0.01217	0.00829	0.00637	0.00440	0.00204	0.00516	0.00395	0.00459	0.00764
36	0.01570	0.13454	0.07297	0.01733	0.01971	0.07646	0.07379	0.01805	0.01199	0.01660	0.00946	0.01387	0.00869	0.00937	0.01546	0.00245	0.46747	0.00541	0.00294	0.00775
37	0.00904	0.00672	0.00842	0.00799	0.00966	0.00609	0.00599	0.01189	0.01798	0.02484	0.60540	0.05174	0.18179	0.01404	0.00777	0.00210	0.00315	0.01226	0.00704	0.00609
38	0.81514	0.01273	0.00968	0.00866	0.01273	0.01477	0.00713	0.01935	0.01120	0.02954	0.00917	0.01069	0.00713	0.00611	0.00407	0.00204	0.00509	0.00356	0.00407	0.00713
39	0.00798	0.00590	0.00746	0.00871	0.00943	0.00539	0.00591	0.00922	0.01304	0.01698	0.04184	0.63629	0.16801	0.01990	0.00829	0.00259	0.00373	0.01783	0.00611	0.00539
40	0.01760	0.77260	0.03450	0.01126	0.01690	0.02605	0.01126	0.01971	0.01338	0.01549	0.00915	0.01056	0.00845	0.00563	0.00422	0.00141	0.00704	0.00352	0.00282	0.00845
41	0.01320	0.03405	0.73453	0.01876	0.02849	0.01529	0.02432	0.02085	0.01390	0.02085	0.01181	0.01390	0.00834	0.00625	0.00625	0.00208	0.00973	0.00486	0.00278	0.00973
42	0.00932	0.00673	0.00880	0.00828	0.00984	0.00621	0.00621	0.01242	0.01863	0.02640	0.72410	0.04918	0.06212	0.01346	0.00776	0.00207	0.00311	0.01191	0.00725	0.00621
43	0.02519	0.01817	0.01959	0.01502	0.02028	0.02001	0.01241	0.68038	0.03050	0.06737	0.01619	0.01605	0.01139	0.00791	0.00659	0.00198	0.00718	0.00595	0.00664	0.01120
44	0.01400	0.01201	0.01381	0.01021	0.01579	0.00974	0.00813	0.01890	0.10237	0.02222	0.01361	0.01503	0.01106	0.00539	0.00511	0.00113	0.00492	0.00435	0.00425	0.70798
45	0.00949	0.01088	0.10010	0.00999	0.03395	0.00790	0.00846	0.01328	0.06350	0.01983	0.12383	0.08669	0.45915	0.01435	0.00750	0.00220	0.00441	0.01209	0.00577	0.00663
46	0.81514	0.01273	0.00968	0.00866	0.01273	0.01477	0.00713	0.01935	0.01120	0.02954	0.00917	0.01069	0.00713	0.00611	0.00407	0.00204	0.00509	0.00356	0.00407	0.00713
47	0.03686	0.05973	0.02536	0.07203	0.56636	0.04011	0.01839	0.01981	0.01480	0.02094	0.03435	0.01672	0.01166	0.00633	0.00677	0.00196	0.02893	0.00580	0.00336	0.00975
48	0.01664	0.01427	0.01504	0.01345	0.01722	0.01650	0.01048	0.05559	0.69464	0.02797	0.02646	0.02429	0.01982	0.00890	0.00670	0.00222	0.00527	0.00740	0.00670	0.01044
