[name]
unknown

[dist]
# distance from previous block
# <min> <max>
0	29

[block]
# block no. 0 follows, 32 sequences, length 11
# corresponding to MSA columns:
# 29-39
name=unknown_A
#
# <colnr> <probs for GDERKNQSTAVLIFYWHMCP>
#	G	D	E	R	K	N	Q	S	T	A	V	L	I	F	Y	W	H	M	C	P
0	0.01038	0.00737	0.00897	0.00923	0.01101	0.00692	0.00697	0.01339	0.05616	0.05997	0.13382	0.25234	0.25761	0.01808	0.03359	0.00276	0.00459	0.09400	0.00644	0.00638
1	0.01336	0.01146	0.01313	0.00978	0.01517	0.00901	0.00776	0.01713	0.05514	0.02178	0.01958	0.02067	0.09596	0.00666	0.00544	0.00122	0.00480	0.00541	0.00441	0.66213
2	0.09323	0.21111	0.23246	0.07085	0.08609	0.03685	0.03826	0.04856	0.05886	0.04625	0.01278	0.01462	0.00984	0.00649	0.00578	0.00194	0.00809	0.00500	0.00365	0.00929
3	0.05129	0.01535	0.01760	0.01418	0.01831	0.06758	0.07548	0.25336	0.10338	0.09806	0.07070	0.02240	0.01763	0.04406	0.03468	0.00255	0.00730	0.00693	0.06982	0.00934
4	0.01126	0.00682	0.00908	0.00941	0.01073	0.00624	0.00671	0.01316	0.01537	0.10752	0.22825	0.46839	0.04630	0.01739	0.00816	0.00247	0.00391	0.01559	0.00681	0.00644
5	0.01391	0.01193	0.01391	0.00994	0.01590	0.00894	0.00795	0.01690	0.01391	0.02186	0.01193	0.01391	0.00994	0.00497	0.00497	0.00099	0.00497	0.00398	0.00398	0.80521
6	0.00841	0.00621	0.00789	0.00895	0.00986	0.00570	0.00627	0.00998	0.01407	0.01851	0.11601	0.52657	0.16464	0.01940	0.00842	0.00260	0.00384	0.05070	0.00635	0.00562
7	0.01591	0.01565	0.01986	0.01705	0.01790	0.05328	0.01405	0.05220	0.08968	0.01876	0.01130	0.01578	0.01023	0.01105	0.01884	0.00276	0.59818	0.00600	0.00358	0.00792
8	0.01568	0.01471	0.01872	0.16060	0.06832	0.08177	0.06709	0.09363	0.01624	0.02188	0.01532	0.10506	0.01395	0.00814	0.00701	0.00187	0.03467	0.00696	0.00418	0.24420
9	0.05217	0.12480	0.05742	0.15925	0.12160	0.10157	0.12176	0.05689	0.01527	0.02018	0.01147	0.01511	0.00930	0.00697	0.00818	0.00210	0.09836	0.00559	0.00337	0.00863
10	0.02093	0.01264	0.01539	0.06494	0.01837	0.04085	0.03270	0.14665	0.06914	0.25435	0.09394	0.06523	0.02131	0.00927	0.00673	0.00206	0.00598	0.00775	0.10241	0.00937

[dist]
# distance from previous block
# <min> <max>
0	2

[block]
# block no. 1 follows, 32 sequences, length 31
# corresponding to MSA columns:
# 42-72
name=unknown_B
#
# <colnr> <probs for GDERKNQSTAVLIFYWHMCP>
#	G	D	E	R	K	N	Q	S	T	A	V	L	I	F	Y	W	H	M	C	P
0	0.01592	0.07243	0.19629	0.03764	0.02124	0.07117	0.07765	0.05402	0.01539	0.09586	0.01966	0.04431	0.06357	0.01725	0.16356	0.00394	0.01049	0.00693	0.00424	0.00845
1	0.00904	0.00620	0.00753	0.00824	0.00842	0.00602	0.00505	0.00957	0.01117	0.01489	0.02837	0.37040	0.03351	0.42526	0.02248	0.00478	0.00531	0.01401	0.00505	0.00470
2	0.01579	0.01655	0.02288	0.01891	0.02038	0.07720	0.11319	0.01886	0.05089	0.01761	0.01066	0.01555	0.00965	0.01033	0.01785	0.00270	0.54379	0.00614	0.00326	0.00781
3	0.07688	0.14575	0.15785	0.10594	0.11359	0.03005	0.06500	0.11703	0.05498	0.05171	0.01351	0.01556	0.01026	0.00667	0.00613	0.00200	0.00810	0.00545	0.00405	0.00951
4	0.00864	0.00612	0.00764	0.00851	0.00938	0.00557	0.00584	0.00933	0.01293	0.01657	0.04212	0.44243	0.23662	0.02020	0.01111	0.12651	0.00405	0.01559	0.00572	0.00512
5	0.05171	0.01554	0.03998	0.26484	0.08743	0.04608	0.03659	0.09255	0.11766	0.02241	0.01399	0.01741	0.01096	0.00801	0.00941	0.00230	0.14432	0.00606	0.00404	0.00870
6	0.01445	0.01081	0.04636	0.01064	0.01405	0.00938	0.00866	0.02024	0.14098	0.13071	0.24565	0.11840	0.07325	0.01158	0.00715	0.00207	0.00460	0.00999	0.00655	0.11448
7	0.04424	0.01433	0.05805	0.10558	0.11569	0.03840	0.07178	0.06112	0.04241	0.09328	0.09473	0.02272	0.03541	0.00944	0.03540	0.00230	0.00735	0.00681	0.04337	0.09758
8	0.01726	0.57777	0.08048	0.01206	0.01787	0.02312	0.01204	0.05404	0.01447	0.01802	0.01050	0.01230	0.00925	0.00800	0.04013	0.00193	0.00772	0.00402	0.00319	0.07584
9	0.01117	0.00885	0.01162	0.01165	0.04024	0.00895	0.03354	0.06839	0.03648	0.02165	0.13070	0.29053	0.16800	0.01663	0.03454	0.00268	0.04292	0.01316	0.04158	0.00674
10	0.08522	0.01825	0.02057	0.01594	0.02115	0.03951	0.07253	0.50852	0.08941	0.03751	0.01621	0.01657	0.01172	0.00776	0.00661	0.00206	0.00750	0.00611	0.00614	0.01071
11	0.09063	0.12751	0.02222	0.15159	0.06745	0.10914	0.06479	0.13058	0.03707	0.07497	0.01408	0.03442	0.01111	0.00714	0.00613	0.00196	0.00804	0.00574	0.00439	0.03104
12	0.01200	0.05583	0.12636	0.01143	0.01460	0.01034	0.01045	0.07495	0.01558	0.02160	0.09816	0.20119	0.07278	0.04201	0.07948	0.00326	0.00686	0.07069	0.06529	0.00711
13	0.00923	0.00661	0.00825	0.00851	0.00939	0.00664	0.00587	0.01063	0.01215	0.01650	0.07081	0.17308	0.13673	0.25712	0.20083	0.00578	0.00812	0.01149	0.03697	0.00527
14	0.01947	0.08031	0.04773	0.07647	0.10585	0.13738	0.17418	0.18559	0.03917	0.02527	0.03503	0.01690	0.01192	0.00693	0.00671	0.00201	0.00914	0.00618	0.00432	0.00942
15	0.01888	0.19835	0.08470	0.03488	0.02195	0.09242	0.12427	0.08493	0.09018	0.09713	0.01857	0.04085	0.04840	0.00779	0.00637	0.00197	0.00801	0.00653	0.00463	0.00920
16	0.01402	0.00826	0.00930	0.00849	0.01097	0.00797	0.00654	0.04466	0.07054	0.11570	0.14076	0.06143	0.18014	0.01136	0.00655	0.00198	0.00389	0.00949	0.28060	0.00733
17	0.04559	0.05933	0.12631	0.14850	0.16842	0.05504	0.09607	0.02008	0.01481	0.07308	0.01705	0.02008	0.05566	0.01023	0.05892	0.00270	0.00915	0.00641	0.00379	0.00880
18	0.06242	0.05285	0.11169	0.11900	0.22689	0.06869	0.06843	0.10978	0.07266	0.02410	0.01366	0.01628	0.01058	0.00669	0.00645	0.00205	0.00841	0.00577	0.00398	0.00962
19	0.01663	0.02297	0.23685	0.02309	0.03013	0.03939	0.36480	0.07008	0.01639	0.05084	0.01346	0.01662	0.00991	0.00653	0.00807	0.00222	0.05230	0.00664	0.00364	0.00943
20	0.00889	0.00639	0.00760	0.00808	0.00875	0.00609	0.00525	0.00981	0.01217	0.01592	0.05977	0.27787	0.16275	0.32272	0.05409	0.00454	0.00551	0.01355	0.00527	0.00499
21	0.01481	0.06965	0.08218	0.05747	0.06461	0.07603	0.10771	0.09107	0.01630	0.02112	0.04954	0.07334	0.09071	0.03838	0.11382	0.00349	0.00936	0.00812	0.00434	0.00795
22	0.05129	0.12429	0.38161	0.01934	0.05968	0.05069	0.12108	0.02136	0.01488	0.04614	0.04015	0.01591	0.01127	0.00654	0.00631	0.00203	0.00915	0.00553	0.00341	0.00934
23	0.01751	0.01338	0.01446	0.01263	0.01630	0.01486	0.00986	0.11779	0.44859	0.07767	0.06276	0.02796	0.06032	0.03994	0.00795	0.00237	0.00537	0.00797	0.03243	0.00988
24	0.00894	0.00677	0.00841	0.00918	0.01038	0.00647	0.00666	0.01130	0.04157	0.01843	0.08347	0.38001	0.20289	0.04385	0.06413	0.00332	0.00514	0.07721	0.00605	0.00583
25	0.01574	0.12153	0.06076	0.07021	0.05514	0.15728	0.03301	0.02084	0.11697	0.01934	0.04914	0.04830	0.08790	0.01251	0.05802	0.02489	0.00838	0.02770	0.00439	0.00794
26	0.04086	0.07314	0.13343	0.02128	0.02730	0.01631	0.36345	0.04176	0.04329	0.04959	0.01557	0.06383	0.01294	0.03052	0.00852	0.00234	0.03546	0.00759	0.00391	0.00888
27	0.01092	0.00719	0.00871	0.00895	0.01067	0.00667	0.00657	0.01322	0.03873	0.08677	0.04359	0.31409	0.25839	0.04187	0.04953	0.00304	0.00490	0.04392	0.03595	0.00633
28	0.01135	0.00749	0.00939	0.00946	0.01131	0.00698	0.00719	0.01437	0.04957	0.09016	0.20711	0.24687	0.18337	0.01627	0.00811	0.00244	0.00416	0.10102	0.00674	0.00664
29	0.05023	0.20946	0.17061	0.01655	0.05269	0.09174	0.05296	0.09865	0.09126	0.04438	0.01492	0.01807	0.01207	0.00736	0.00608	0.00196	0.00816	0.03930	0.00421	0.00935
30	0.01859	0.14675	0.11983	0.01420	0.01912	0.08056	0.01300	0.23093	0.09655	0.02660	0.01759	0.07956	0.01512	0.01082	0.04176	0.00243	0.00797	0.02368	0.02562	0.00930

[dist]
# distance from previous block
# <min> <max>
4	25

[block]
# block no. 2 follows, 32 sequences, length 43
# corresponding to MSA columns:
# 98-140
name=unknown_C
#
# <colnr> <probs for GDERKNQSTAVLIFYWHMCP>
#	G	D	E	R	K	N	Q	S	T	A	V	L	I	F	Y	W	H	M	C	P
0	0.01277	0.04320	0.05523	0.01461	0.03390	0.01148	0.12248	0.07551	0.03885	0.02132	0.02798	0.30352	0.07849	0.01351	0.00808	0.00236	0.03084	0.04042	0.03582	0.02961
1	0.00961	0.00693	0.00829	0.00832	0.01009	0.00621	0.00624	0.01178	0.01605	0.04772	0.25860	0.14826	0.31595	0.04826	0.00920	0.00252	0.00385	0.06952	0.00657	0.00604
2	0.04509	0.02071	0.12342	0.08206	0.17096	0.17336	0.07098	0.03730	0.03055	0.10223	0.01568	0.06951	0.01293	0.00774	0.00665	0.00207	0.00880	0.00661	0.00422	0.00913
3	0.01862	0.12793	0.14356	0.01705	0.04872	0.08312	0.08093	0.15919	0.09907	0.04864	0.01638	0.04270	0.01331	0.00781	0.00646	0.00200	0.00807	0.02929	0.00467	0.04249
4	0.00927	0.00744	0.00851	0.00952	0.01045	0.03658	0.00657	0.01135	0.04231	0.01816	0.07350	0.58421	0.11884	0.01912	0.00828	0.00258	0.00420	0.01708	0.00620	0.00583
5	0.07052	0.01559	0.09452	0.01293	0.01734	0.03912	0.03921	0.15004	0.13848	0.09317	0.04697	0.04872	0.07597	0.00915	0.00647	0.00207	0.00615	0.00746	0.11708	0.00903
6	0.01766	0.10322	0.27336	0.07876	0.09676	0.06717	0.09587	0.11118	0.01722	0.05750	0.01311	0.01533	0.00974	0.00657	0.00643	0.00202	0.00912	0.00552	0.00378	0.00968
7	0.01906	0.01521	0.04104	0.01379	0.01789	0.08033	0.06493	0.12037	0.18896	0.13366	0.08424	0.02584	0.03956	0.00897	0.00674	0.00207	0.00645	0.02322	0.09835	0.00931
8	0.01155	0.00865	0.01154	0.01114	0.01271	0.03309	0.00866	0.04261	0.01223	0.04334	0.01805	0.02582	0.01649	0.06601	0.63447	0.00966	0.01654	0.00710	0.00391	0.00643
9	0.01584	0.07292	0.12488	0.11006	0.27319	0.01548	0.13509	0.02026	0.01504	0.06559	0.01658	0.04915	0.04133	0.00727	0.00680	0.00209	0.00837	0.00692	0.00375	0.00937
10	0.01574	0.20564	0.19775	0.04576	0.08146	0.04246	0.09021	0.04373	0.04131	0.03918	0.04044	0.09640	0.01549	0.00819	0.00639	0.00201	0.00801	0.00701	0.00393	0.00890
11	0.00889	0.00641	0.00814	0.00922	0.00982	0.00617	0.00622	0.01075	0.03961	0.01750	0.06550	0.55002	0.05674	0.13173	0.01233	0.00325	0.00438	0.04181	0.00598	0.00551
12	0.04901	0.01446	0.04452	0.05397	0.02011	0.08380	0.14204	0.09096	0.03647	0.03914	0.04304	0.19727	0.08209	0.01161	0.00735	0.00227	0.00713	0.03391	0.03312	0.00775
13	0.01822	0.04374	0.08521	0.10593	0.11591	0.06308	0.06973	0.05787	0.17212	0.11845	0.04287	0.02206	0.01584	0.00794	0.00680	0.00214	0.00762	0.02974	0.00510	0.00964
14	0.01427	0.01407	0.06592	0.01653	0.02027	0.04223	0.20882	0.07158	0.01572	0.05009	0.02342	0.21854	0.04581	0.03900	0.05461	0.00302	0.02891	0.02878	0.03072	0.00770
15	0.01392	0.02453	0.40095	0.06738	0.07422	0.01431	0.11903	0.01992	0.01448	0.04493	0.01667	0.02106	0.04291	0.01029	0.05639	0.00277	0.00988	0.03374	0.00349	0.00912
16	0.01882	0.01916	0.15353	0.04794	0.05068	0.07399	0.06315	0.17577	0.05558	0.11162	0.04137	0.09527	0.01704	0.03581	0.00789	0.00229	0.00779	0.00766	0.00525	0.00938
17	0.01639	0.04359	0.15722	0.12546	0.11433	0.01623	0.22425	0.09464	0.03523	0.04974	0.01499	0.05037	0.01189	0.00712	0.00702	0.00216	0.00905	0.00697	0.00397	0.00939
18	0.02126	0.01769	0.05108	0.01706	0.02214	0.07577	0.14880	0.28876	0.02222	0.12297	0.01896	0.02156	0.03740	0.01151	0.06568	0.00280	0.00911	0.02991	0.00555	0.00976
19	0.01710	0.07285	0.06536	0.08466	0.18638	0.15026	0.04293	0.06507	0.01669	0.04742	0.03633	0.10766	0.06067	0.00912	0.00675	0.00205	0.00802	0.00777	0.00430	0.00860
20	0.05064	0.01473	0.02004	0.10879	0.07632	0.06647	0.12642	0.13936	0.03789	0.07407	0.07650	0.04054	0.04091	0.04808	0.02747	0.00256	0.00791	0.00752	0.02521	0.00860
21	0.01059	0.00866	0.01367	0.01349	0.04551	0.00839	0.10399	0.03478	0.01356	0.01823	0.02883	0.43965	0.03281	0.12988	0.03742	0.00346	0.00620	0.03935	0.00530	0.00622
22	0.05381	0.10344	0.06308	0.04190	0.05267	0.06139	0.10418	0.07693	0.06975	0.17081	0.01847	0.01938	0.03898	0.00781	0.00751	0.00207	0.06070	0.00630	0.03142	0.00937
23	0.05775	0.04933	0.06340	0.10451	0.04941	0.12734	0.03269	0.18093	0.11861	0.06730	0.01739	0.07118	0.01414	0.00839	0.00655	0.00208	0.00783	0.00675	0.00509	0.00932
24	0.06548	0.06750	0.02189	0.11676	0.18949	0.08873	0.08062	0.08553	0.01655	0.04491	0.01885	0.07599	0.06796	0.00852	0.00695	0.00209	0.02190	0.00735	0.00425	0.00869
25	0.00913	0.00696	0.00838	0.00896	0.01020	0.00664	0.00630	0.01220	0.07412	0.01964	0.14928	0.41000	0.18532	0.04908	0.00925	0.00265	0.00391	0.01558	0.00637	0.00602
26	0.04846	0.04957	0.18849	0.02144	0.14015	0.05640	0.10529	0.10417	0.07077	0.07779	0.01600	0.01767	0.02784	0.00725	0.00723	0.00210	0.03913	0.00610	0.00435	0.00979
27	0.01674	0.21469	0.12855	0.04625	0.06913	0.11357	0.03606	0.06340	0.08666	0.02081	0.04052	0.07763	0.04188	0.00845	0.00623	0.00195	0.00779	0.00678	0.00418	0.00874
28	0.04407	0.01004	0.01227	0.01092	0.01407	0.00973	0.00848	0.06841	0.09581	0.26373	0.07874	0.22265	0.08839	0.01305	0.00740	0.00231	0.00493	0.02930	0.00705	0.00864
29	0.01595	0.01520	0.02585	0.09048	0.64183	0.01540	0.01981	0.01984	0.01504	0.02136	0.01366	0.05006	0.01202	0.00671	0.00673	0.00204	0.00786	0.00657	0.00343	0.01017
30	0.03829	0.04476	0.10002	0.07434	0.14691	0.06352	0.16988	0.08238	0.05143	0.09061	0.03982	0.01995	0.01365	0.00725	0.00687	0.00211	0.00856	0.02571	0.00445	0.00949
31	0.01766	0.10494	0.18421	0.13347	0.10616	0.13037	0.08881	0.09611	0.03631	0.02186	0.01256	0.01525	0.00967	0.00658	0.00639	0.00200	0.00933	0.00548	0.00361	0.00923
32	0.00961	0.00709	0.01029	0.01029	0.01132	0.00812	0.00777	0.01166	0.01064	0.01521	0.01843	0.02887	0.01786	0.15238	0.63703	0.01017	0.01633	0.00756	0.00366	0.00572
33	0.01449	0.01346	0.02170	0.14677	0.43537	0.01395	0.01688	0.01918	0.06024	0.02144	0.06927	0.05197	0.06986	0.00827	0.00693	0.00211	0.00711	0.00765	0.00412	0.00923
34	0.01576	0.01718	0.12267	0.04647	0.05318	0.04381	0.17228	0.04599	0.13091	0.07266	0.02298	0.10733	0.06161	0.00968	0.00769	0.00228	0.02733	0.02640	0.00490	0.00890
35	0.01500	0.07159	0.17436	0.01903	0.08531	0.01432	0.15791	0.08741	0.01650	0.04727	0.02292	0.12833	0.08290	0.00996	0.00720	0.00222	0.00781	0.03672	0.00453	0.00872
36	0.02341	0.01813	0.01819	0.01446	0.01916	0.07401	0.01174	0.52428	0.08059	0.03737	0.01714	0.01744	0.01251	0.00802	0.00645	0.00196	0.00713	0.00605	0.09143	0.01052
37	0.01825	0.33394	0.22886	0.01539	0.02186	0.06878	0.04178	0.08594	0.01606	0.05718	0.01184	0.01343	0.00933	0.00664	0.00637	0.00184	0.04492	0.00470	0.00357	0.00929
38	0.10453	0.05893	0.13612	0.01964	0.09249	0.10437	0.13131	0.07098	0.05614	0.11124	0.01456	0.01616	0.01080	0.00695	0.00698	0.00207	0.03713	0.00576	0.00438	0.00946
39	0.01325	0.00849	0.00868	0.00847	0.01025	0.03872	0.00627	0.05901	0.03337	0.04255	0.02597	0.16853	0.05104	0.03677	0.03109	0.00235	0.00467	0.00916	0.43471	0.00664
40	0.01469	0.04752	0.28149	0.01602	0.04878	0.01292	0.06724	0.01965	0.01438	0.04579	0.01253	0.01462	0.00964	0.00572	0.00581	0.00160	0.00749	0.00480	0.00360	0.36571
41	0.01558	0.01629	0.12298	0.07285	0.04352	0.01230	0.13552	0.02051	0.04357	0.08639	0.04378	0.01787	0.01299	0.00630	0.00625	0.00171	0.00722	0.00578	0.00427	0.32433
42	0.00912	0.00692	0.00824	0.00824	0.00976	0.00640	0.00594	0.01186	0.04266	0.02158	0.32916	0.17741	0.24218	0.07794	0.01017	0.00263	0.00372	0.01356	0.00656	0.00596

[dist]
# distance from previous block
# <min> <max>
0	1

[block]
# block no. 3 follows, 32 sequences, length 11
# corresponding to MSA columns:
# 142-152
name=unknown_D
#
# <colnr> <probs for GDERKNQSTAVLIFYWHMCP>
#	G	D	E	R	K	N	Q	S	T	A	V	L	I	F	Y	W	H	M	C	P
0	0.01968	0.29692	0.06009	0.01390	0.01899	0.10548	0.01234	0.15692	0.20506	0.02458	0.01574	0.01597	0.01234	0.00726	0.00576	0.00184	0.00743	0.00529	0.00475	0.00966
1	0.00929	0.00687	0.00911	0.07046	0.01278	0.00658	0.00703	0.01045	0.01264	0.01671	0.03360	0.45008	0.11493	0.07628	0.01169	0.07478	0.00469	0.01461	0.00536	0.05207
2	0.01757	0.26716	0.26007	0.01634	0.05778	0.01980	0.01636	0.17806	0.01802	0.02416	0.01359	0.05724	0.01142	0.00740	0.00592	0.00190	0.00798	0.00564	0.00397	0.00961
3	0.02059	0.06458	0.01808	0.01477	0.01866	0.24928	0.01156	0.13074	0.31771	0.02510	0.01851	0.01851	0.01427	0.00860	0.00717	0.03318	0.00794	0.00600	0.00534	0.00941
4	0.01146	0.00599	0.00876	0.00885	0.00895	0.00599	0.00600	0.00913	0.00923	0.01227	0.01383	0.02556	0.01427	0.07947	0.02579	0.69509	0.00590	0.04704	0.00320	0.00320
5	0.01868	0.40669	0.02855	0.07112	0.04973	0.16456	0.05281	0.05577	0.01564	0.01795	0.01097	0.01343	0.00944	0.00878	0.04815	0.00220	0.00921	0.00460	0.00328	0.00846
6	0.01759	0.07256	0.13386	0.13177	0.15267	0.01678	0.10470	0.13949	0.01770	0.07010	0.01481	0.03421	0.01174	0.00740	0.00716	0.00212	0.02911	0.02243	0.00421	0.00957
7	0.01007	0.00779	0.01126	0.01099	0.01193	0.00927	0.00844	0.01209	0.01061	0.01532	0.01752	0.02741	0.01696	0.13268	0.58775	0.00955	0.08350	0.00738	0.00359	0.00588
8	0.01742	0.01188	0.01671	0.17448	0.06632	0.01244	0.03976	0.10630	0.07100	0.16358	0.12034	0.07558	0.05790	0.00977	0.00708	0.00217	0.00631	0.00849	0.02363	0.00883
9	0.02088	0.04327	0.10584	0.06710	0.02316	0.23823	0.04462	0.19869	0.09040	0.04608	0.01561	0.04802	0.01240	0.00791	0.00655	0.00201	0.00901	0.00614	0.00477	0.00932
10	0.40992	0.10410	0.04731	0.05953	0.09073	0.15096	0.01162	0.02108	0.01372	0.02391	0.01014	0.01226	0.00818	0.00631	0.00503	0.00194	0.00742	0.00420	0.00366	0.00799

[dist]
# distance from previous block
# <min> <max>
1	8

[block]
# block no. 4 follows, 32 sequences, length 14
# corresponding to MSA columns:
# 161-174
name=unknown_E
#
# <colnr> <probs for GDERKNQSTAVLIFYWHMCP>
#	G	D	E	R	K	N	Q	S	T	A	V	L	I	F	Y	W	H	M	C	P
0	0.02166	0.01001	0.01331	0.04108	0.01606	0.00876	0.00891	0.02402	0.01692	0.43168	0.03058	0.16093	0.09073	0.01112	0.00703	0.00212	0.00521	0.00945	0.00710	0.08335
1	0.01385	0.06066	0.01535	0.01153	0.05118	0.01045	0.00869	0.01748	0.04507	0.02185	0.05782	0.01918	0.05094	0.00641	0.00543	0.00126	0.00509	0.00524	0.00432	0.58819
2	0.05448	0.02113	0.02235	0.04605	0.14134	0.21137	0.08262	0.25715	0.05104	0.02786	0.01378	0.01554	0.01054	0.00708	0.00654	0.00198	0.00902	0.00572	0.00471	0.00973
3	0.00849	0.00611	0.00793	0.00917	0.00980	0.00572	0.00629	0.00984	0.01329	0.01762	0.07387	0.58842	0.08898	0.06836	0.01019	0.00293	0.00413	0.05724	0.00615	0.00546
4	0.06459	0.01483	0.06503	0.11456	0.05840	0.01440	0.11557	0.15674	0.01769	0.08219	0.03484	0.08592	0.03774	0.06575	0.00964	0.00254	0.03813	0.00795	0.00488	0.00861
5	0.05085	0.17697	0.16853	0.02305	0.21524	0.05331	0.06654	0.04558	0.05057	0.04527	0.01285	0.01511	0.01018	0.00654	0.00657	0.00196	0.03229	0.00534	0.00363	0.00962
6	0.01109	0.00981	0.04917	0.05607	0.04574	0.00917	0.00960	0.01448	0.05393	0.04162	0.10909	0.21377	0.12785	0.05572	0.08394	0.00349	0.04432	0.04894	0.00541	0.00677
7	0.01080	0.00678	0.00892	0.00887	0.00961	0.00691	0.00606	0.01137	0.01114	0.05014	0.04535	0.10376	0.04877	0.30387	0.20808	0.13188	0.00883	0.00946	0.00437	0.00501
8	0.01705	0.03493	0.12542	0.03986	0.07940	0.05798	0.03636	0.03925	0.09905	0.14301	0.06593	0.08238	0.08661	0.00997	0.00784	0.00219	0.05024	0.00823	0.00533	0.00896
9	0.04546	0.07750	0.36690	0.04026	0.12384	0.04857	0.05373	0.10048	0.01654	0.02341	0.01304	0.01649	0.01014	0.00684	0.00639	0.00207	0.00901	0.02607	0.00357	0.00969
10	0.06671	0.04096	0.10834	0.04379	0.01756	0.04833	0.01154	0.10402	0.06297	0.06186	0.08083	0.18931	0.02577	0.01199	0.00711	0.00229	0.00630	0.07678	0.02550	0.00805
11	0.01563	0.04046	0.11266	0.06716	0.09678	0.03503	0.15963	0.07478	0.01633	0.05773	0.05357	0.04193	0.06079	0.06494	0.00894	0.00237	0.00794	0.00747	0.00435	0.07151
12	0.07437	0.05854	0.13343	0.03351	0.06019	0.01626	0.06223	0.21743	0.08215	0.06590	0.06477	0.02204	0.06330	0.00830	0.00660	0.00208	0.00715	0.00682	0.00530	0.00963
13	0.04013	0.11228	0.16055	0.04533	0.05762	0.03912	0.01387	0.14530	0.07628	0.03901	0.10022	0.05392	0.01866	0.00834	0.00637	0.00196	0.00701	0.00673	0.00486	0.06245

[dist]
# distance from previous block
# <min> <max>
2	13

[block]
# block no. 5 follows, 32 sequences, length 26
# corresponding to MSA columns:
# 188-213
name=unknown_F
#
# <colnr> <probs for GDERKNQSTAVLIFYWHMCP>
#	G	D	E	R	K	N	Q	S	T	A	V	L	I	F	Y	W	H	M	C	P
0	0.06404	0.01710	0.06921	0.13917	0.14405	0.07112	0.05326	0.13752	0.01777	0.05319	0.01567	0.01794	0.04141	0.00699	0.00634	0.00191	0.00778	0.00586	0.00431	0.12534
1	0.06902	0.05725	0.04974	0.02047	0.22410	0.08111	0.01303	0.05141	0.02941	0.02175	0.05217	0.11809	0.08107	0.00970	0.00715	0.00204	0.03414	0.00810	0.00444	0.06582
2	0.01924	0.19278	0.02075	0.01346	0.01775	0.10201	0.01113	0.19126	0.22289	0.02678	0.06625	0.05218	0.01811	0.00865	0.00627	0.00196	0.00683	0.00671	0.00550	0.00949
3	0.05111	0.12161	0.10128	0.07140	0.05419	0.06995	0.18421	0.11632	0.08185	0.03663	0.01487	0.01827	0.01169	0.00708	0.00659	0.00207	0.00872	0.02866	0.00423	0.00928
4	0.01421	0.06963	0.08718	0.01611	0.09638	0.03999	0.02920	0.02155	0.21664	0.02104	0.04503	0.12315	0.02132	0.04341	0.03173	0.06808	0.00685	0.03537	0.00492	0.00821
5	0.01871	0.19166	0.06727	0.04359	0.04992	0.06825	0.01187	0.14422	0.01789	0.11528	0.01980	0.13649	0.03554	0.04112	0.00756	0.00219	0.00701	0.00781	0.00503	0.00879
6	0.03973	0.01413	0.02209	0.20072	0.36444	0.04354	0.04435	0.01858	0.01511	0.02095	0.08383	0.02200	0.04185	0.00876	0.02999	0.00235	0.00809	0.00686	0.00379	0.00884
7	0.00864	0.00655	0.00802	0.00883	0.01001	0.00606	0.00627	0.01082	0.03627	0.01900	0.12468	0.44474	0.22116	0.01864	0.00830	0.00253	0.00382	0.04347	0.00638	0.00580
8	0.00864	0.00608	0.00760	0.00862	0.00898	0.00578	0.00553	0.00948	0.01203	0.01594	0.03361	0.51338	0.06871	0.24423	0.01623	0.00384	0.00466	0.01605	0.00558	0.00504
9	0.01484	0.04423	0.05105	0.19282	0.29909	0.01514	0.01652	0.04046	0.04587	0.02090	0.03911	0.01984	0.01339	0.03899	0.03036	0.00253	0.05480	0.00633	0.04491	0.00882
10	0.02118	0.00948	0.01255	0.01042	0.01413	0.00839	0.00833	0.02366	0.01774	0.43081	0.14261	0.06377	0.13094	0.01390	0.05781	0.00274	0.00573	0.00925	0.00744	0.00912
11	0.00838	0.00609	0.00771	0.00879	0.00945	0.00563	0.00590	0.00965	0.01328	0.01755	0.08644	0.56201	0.12417	0.08850	0.01080	0.00298	0.00402	0.01715	0.00611	0.00541
12	0.01612	0.01249	0.01490	0.01147	0.03869	0.01006	0.00884	0.06562	0.01561	0.08084	0.01343	0.01488	0.01061	0.00549	0.00529	0.00118	0.00529	0.00441	0.00450	0.66030
13	0.01105	0.00954	0.01567	0.01377	0.01550	0.01083	0.10632	0.01357	0.01143	0.01634	0.01718	0.05212	0.01647	0.09273	0.46665	0.00800	0.10501	0.00777	0.00362	0.00642
14	0.00798	0.00661	0.00699	0.00729	0.00919	0.00562	0.00532	0.00957	0.01482	0.01793	0.06199	0.19887	0.58918	0.01777	0.00805	0.00235	0.00349	0.01511	0.00623	0.00562
15	0.01096	0.00588	0.00850	0.00873	0.00886	0.00579	0.00581	0.00889	0.00959	0.01272	0.01746	0.13364	0.03837	0.04559	0.02326	0.63533	0.00548	0.00819	0.00355	0.00341
16	0.01798	0.06049	0.14247	0.14352	0.17219	0.11350	0.11440	0.07710	0.01682	0.05917	0.01309	0.01600	0.00994	0.00653	0.00660	0.00203	0.00927	0.00578	0.00373	0.00938
17	0.01925	0.63235	0.03218	0.01255	0.01787	0.15771	0.01175	0.02133	0.01463	0.01590	0.00952	0.01101	0.00862	0.00596	0.00463	0.00149	0.00808	0.00372	0.00298	0.00846
18	0.01391	0.01193	0.01391	0.00994	0.01590	0.00894	0.00795	0.01690	0.01391	0.02186	0.01193	0.01391	0.00994	0.00497	0.00497	0.00099	0.00497	0.00398	0.00398	0.80521
19	0.01665	0.01439	0.01892	0.08530	0.04556	0.01647	0.07743	0.04897	0.41226	0.05595	0.02196	0.04050	0.01700	0.00896	0.00857	0.00233	0.08594	0.00744	0.00565	0.00975
20	0.04963	0.01050	0.01151	0.06949	0.01502	0.04187	0.00823	0.09350	0.01720	0.16324	0.04530	0.02281	0.01666	0.00796	0.00563	0.00181	0.00504	0.00632	0.40023	0.00803
21	0.00932	0.00700	0.00875	0.00887	0.01059	0.00643	0.00696	0.01202	0.01707	0.02282	0.37900	0.07909	0.23325	0.01583	0.00823	0.00238	0.00389	0.15562	0.00679	0.00610
22	0.00833	0.00662	0.00752	0.00803	0.00970	0.00582	0.00594	0.01009	0.01489	0.01857	0.09810	0.24925	0.44331	0.01798	0.00821	0.00245	0.00374	0.06946	0.00630	0.00569
23	0.01406	0.01210	0.01425	0.04027	0.01724	0.00972	0.00857	0.01820	0.06213	0.02210	0.01299	0.01485	0.01063	0.00533	0.00517	0.00113	0.00515	0.00431	0.00413	0.71766
24	0.01805	0.62869	0.05723	0.01215	0.01771	0.04453	0.01192	0.06698	0.01489	0.01782	0.01039	0.01213	0.00924	0.00835	0.04400	0.00201	0.00801	0.00402	0.00319	0.00869
25	0.01547	0.33925	0.21694	0.01404	0.01998	0.04767	0.03578	0.04183	0.01455	0.01881	0.01504	0.13361	0.01457	0.00848	0.00585	0.00187	0.00764	0.00673	0.00362	0.03826

[dist]
# distance from previous block
# <min> <max>
1	13

[block]
# block no. 6 follows, 32 sequences, length 47
# corresponding to MSA columns:
# 227-273
name=unknown_G
#
# <colnr> <probs for GDERKNQSTAVLIFYWHMCP>
#	G	D	E	R	K	N	Q	S	T	A	V	L	I	F	Y	W	H	M	C	P
0	0.08355	0.23606	0.39085	0.01578	0.02330	0.08013	0.01812	0.02175	0.03737	0.02030	0.01142	0.01313	0.00884	0.00632	0.00560	0.00190	0.00879	0.00450	0.00314	0.00917
1	0.01678	0.57900	0.21426	0.01345	0.02027	0.02372	0.01491	0.02039	0.01377	0.01720	0.01003	0.01164	0.00858	0.00590	0.00484	0.00161	0.00788	0.00394	0.00286	0.00895
2	0.04942	0.51842	0.24099	0.01365	0.02057	0.02281	0.01527	0.02042	0.01370	0.01801	0.01014	0.01178	0.00852	0.00595	0.00492	0.00167	0.00791	0.00400	0.00291	0.00894
3	0.00828	0.00626	0.00765	0.00847	0.00957	0.00563	0.00591	0.00987	0.01438	0.01872	0.13664	0.46121	0.24537	0.01887	0.00829	0.00251	0.00365	0.01671	0.00638	0.00563
4	0.01487	0.01606	0.06026	0.05734	0.23224	0.01560	0.26288	0.01917	0.01465	0.02042	0.01604	0.02347	0.03139	0.00925	0.03061	0.00258	0.09638	0.06433	0.00360	0.00886
5	0.00852	0.00683	0.00746	0.00743	0.00935	0.00596	0.00553	0.01046	0.01564	0.01963	0.19626	0.06058	0.50218	0.07222	0.00995	0.00259	0.00371	0.04370	0.00630	0.00570
6	0.01770	0.13808	0.42334	0.03935	0.02528	0.05996	0.01923	0.07337	0.01626	0.10686	0.01359	0.01485	0.00974	0.00668	0.00613	0.00199	0.00891	0.00505	0.00383	0.00981
7	0.81159	0.01298	0.00986	0.00882	0.01298	0.01505	0.00727	0.01972	0.01142	0.03010	0.00934	0.01090	0.00727	0.00623	0.00415	0.00208	0.00519	0.00363	0.00415	0.00727
8	0.81159	0.01298	0.00986	0.00882	0.01298	0.01505	0.00727	0.01972	0.01142	0.03010	0.00934	0.01090	0.00727	0.00623	0.00415	0.00208	0.00519	0.00363	0.00415	0.00727
9	0.01521	0.01486	0.02058	0.17178	0.18632	0.08418	0.08713	0.05089	0.07873	0.02214	0.11224	0.02619	0.08356	0.00860	0.00704	0.00211	0.00761	0.00774	0.00455	0.00854
10	0.00802	0.00676	0.00696	0.00699	0.00914	0.00569	0.00521	0.00978	0.01539	0.01856	0.10175	0.09255	0.65633	0.01698	0.00796	0.00228	0.00341	0.01426	0.00629	0.00569
11	0.01385	0.09872	0.66883	0.01846	0.02801	0.01654	0.02363	0.02115	0.01412	0.02077	0.01180	0.01387	0.00851	0.00632	0.00619	0.00206	0.00968	0.00484	0.00284	0.00980
12	0.00818	0.00584	0.00779	0.00934	0.00973	0.00545	0.00623	0.00934	0.01285	0.01713	0.03698	0.75981	0.04438	0.02102	0.00856	0.00273	0.00389	0.01908	0.00623	0.00545
13	0.01523	0.01478	0.03763	0.03399	0.05631	0.07389	0.01091	0.02675	0.39186	0.02397	0.04704	0.03047	0.14693	0.01019	0.00736	0.00220	0.02773	0.00832	0.02536	0.00907
14	0.01251	0.00625	0.00625	0.00625	0.00782	0.00625	0.00469	0.01563	0.01407	0.02502	0.02189	0.02502	0.01720	0.00782	0.00469	0.00156	0.00313	0.00625	0.80144	0.00625
15	0.01391	0.01193	0.01391	0.00994	0.01590	0.00894	0.00795	0.01690	0.01391	0.02186	0.01193	0.01391	0.00994	0.00497	0.00497	0.00099	0.00497	0.00398	0.00398	0.80521
16	0.00816	0.00681	0.00712	0.00704	0.00921	0.00576	0.00528	0.01008	0.01584	0.01943	0.16488	0.06242	0.62189	0.01651	0.00793	0.00224	0.00336	0.01386	0.00640	0.00576
17	0.01915	0.01564	0.01656	0.01415	0.01839	0.01784	0.01122	0.22131	0.52054	0.03204	0.02418	0.02254	0.01795	0.00881	0.00680	0.00220	0.00589	0.00715	0.00680	0.01084
18	0.01168	0.00745	0.00943	0.00873	0.01042	0.00745	0.04418	0.01516	0.04599	0.02288	0.13389	0.07133	0.02666	0.10036	0.05107	0.00289	0.00498	0.00852	0.41064	0.00631
19	0.01562	0.05707	0.02700	0.08777	0.47814	0.01570	0.10422	0.01958	0.01502	0.02086	0.01475	0.05344	0.01326	0.00729	0.00690	0.00210	0.00815	0.03996	0.00355	0.00962
20	0.01406	0.05181	0.04136	0.01615	0.12173	0.01185	0.04969	0.01874	0.07933	0.02151	0.04112	0.02387	0.04741	0.04960	0.00766	0.00191	0.00610	0.04127	0.00435	0.35048
21	0.00972	0.00667	0.00813	0.00813	0.00842	0.00695	0.00508	0.01028	0.01000	0.01361	0.02040	0.03978	0.02260	0.59614	0.19975	0.00751	0.00920	0.00915	0.00395	0.00452
22	0.01461	0.02737	0.43863	0.07943	0.10597	0.05512	0.08612	0.02149	0.04321	0.02122	0.03560	0.01660	0.01120	0.00667	0.00663	0.00212	0.00947	0.00574	0.00330	0.00951
23	0.01761	0.01784	0.07322	0.11147	0.17045	0.09493	0.10035	0.05934	0.09750	0.07279	0.01636	0.05842	0.01336	0.00801	0.00788	0.00218	0.05773	0.00692	0.00436	0.00928
24	0.01391	0.01193	0.01391	0.00994	0.01590	0.00894	0.00795	0.01690	0.01391	0.02186	0.01193	0.01391	0.00994	0.00497	0.00497	0.00099	0.00497	0.00398	0.00398	0.80521
25	0.01020	0.00729	0.01011	0.01166	0.01294	0.00720	0.00975	0.01285	0.01485	0.01940	0.03586	0.23363	0.03995	0.01911	0.00911	0.00301	0.00565	0.52524	0.00619	0.00601
26	0.00811	0.00680	0.00705	0.00699	0.00918	0.00574	0.00524	0.00998	0.01572	0.01915	0.14379	0.06289	0.64316	0.01661	0.00793	0.00225	0.00337	0.01393	0.00637	0.00574
27	0.02551	0.01879	0.02014	0.01544	0.02081	0.02081	0.01275	0.69996	0.03155	0.04229	0.01611	0.01611	0.01141	0.00805	0.00671	0.00201	0.00738	0.00604	0.00671	0.01141
28	0.01512	0.01431	0.02080	0.22671	0.31216	0.05701	0.01645	0.04075	0.06933	0.02120	0.05390	0.08976	0.01688	0.00839	0.00689	0.00214	0.00761	0.00758	0.00411	0.00889
29	0.01668	0.01570	0.02737	0.03818	0.62011	0.01554	0.07795	0.02075	0.01556	0.04173	0.03645	0.01802	0.01250	0.00627	0.00680	0.00202	0.00804	0.00637	0.00360	0.01037
30	0.01251	0.00625	0.00625	0.00625	0.00782	0.00625	0.00469	0.01563	0.01407	0.02502	0.02189	0.02502	0.01720	0.00782	0.00469	0.00156	0.00313	0.00625	0.80144	0.00625
31	0.39436	0.01690	0.01478	0.01271	0.01612	0.15225	0.04087	0.08073	0.01458	0.02509	0.01140	0.01546	0.00982	0.07911	0.00968	0.00253	0.08702	0.00500	0.00408	0.00752
32	0.01468	0.01468	0.02055	0.01762	0.01762	0.02055	0.01468	0.01615	0.01028	0.01615	0.00881	0.01468	0.00881	0.01174	0.02202	0.00294	0.75191	0.00587	0.00294	0.00734
33	0.01137	0.00882	0.01058	0.00980	0.01195	0.00902	0.00745	0.01864	0.19867	0.02721	0.53905	0.04360	0.05218	0.01252	0.00763	0.00215	0.00372	0.01095	0.00724	0.00745
34	0.00956	0.00658	0.00751	0.00748	0.00783	0.00650	0.00447	0.01000	0.01084	0.01438	0.06438	0.04546	0.09154	0.62189	0.05998	0.00604	0.00651	0.01020	0.00443	0.00442
35	0.01760	0.71311	0.08733	0.01206	0.01811	0.02573	0.01248	0.02018	0.01367	0.01620	0.00953	0.01102	0.00860	0.00579	0.00446	0.00149	0.00738	0.00369	0.00287	0.00871
36	0.01675	0.05764	0.05704	0.06248	0.34661	0.08241	0.01590	0.04076	0.01534	0.05956	0.01587	0.08754	0.01457	0.05293	0.02642	0.00253	0.02545	0.00716	0.00397	0.00907
37	0.01652	0.10315	0.32294	0.01583	0.02275	0.04256	0.04916	0.11265	0.01728	0.06234	0.05857	0.04006	0.03273	0.00768	0.00638	0.00196	0.00807	0.00620	0.00427	0.06890
38	0.59159	0.01367	0.01204	0.01010	0.01462	0.01518	0.00832	0.12182	0.01514	0.08352	0.01177	0.01274	0.00873	0.00659	0.00477	0.00201	0.00554	0.00424	0.00483	0.05277
39	0.00887	0.00676	0.00793	0.00859	0.00987	0.00621	0.00601	0.03867	0.01444	0.01843	0.04706	0.44720	0.29255	0.04339	0.00909	0.00265	0.00394	0.01640	0.00618	0.00574
40	0.01485	0.01912	0.16338	0.09406	0.11784	0.03750	0.21157	0.02219	0.12150	0.02226	0.07269	0.02183	0.03530	0.00746	0.00711	0.00217	0.00861	0.00724	0.00416	0.00916
41	0.01939	0.04803	0.13054	0.07225	0.02471	0.22769	0.10015	0.16362	0.01950	0.02359	0.01602	0.02118	0.03172	0.00811	0.00679	0.00207	0.00954	0.06197	0.00428	0.00884
42	0.00980	0.00754	0.01087	0.01086	0.01176	0.00880	0.00825	0.01176	0.01097	0.01566	0.02030	0.13593	0.02081	0.09617	0.51849	0.00863	0.07451	0.00904	0.00397	0.00588
43	0.00897	0.00617	0.00755	0.00832	0.00852	0.00598	0.00514	0.00955	0.01129	0.01506	0.02901	0.39959	0.03432	0.39496	0.02144	0.00463	0.00521	0.01439	0.00514	0.00475
44	0.08765	0.07081	0.12882	0.14509	0.12187	0.03686	0.21333	0.03858	0.01499	0.03919	0.01244	0.01594	0.00953	0.00638	0.00704	0.00212	0.03095	0.00598	0.00347	0.00896
45	0.33130	0.09433	0.01812	0.07426	0.04830	0.10459	0.04777	0.06996	0.06867	0.02534	0.01205	0.01386	0.00947	0.00654	0.00535	0.00194	0.00714	0.00473	0.00414	0.05213
46	0.05717	0.01675	0.14433	0.04081	0.02183	0.01440	0.12808	0.08628	0.03315	0.02195	0.01523	0.05954	0.01322	0.01715	0.16323	0.00403	0.09579	0.00690	0.00393	0.05623

[dist]
# distance from previous block
# <min> <max>
0	6

[block]
# block no. 7 follows, 32 sequences, length 6
# corresponding to MSA columns:
# 280-285
name=unknown_H
#
# <colnr> <probs for GDERKNQSTAVLIFYWHMCP>
#	G	D	E	R	K	N	Q	S	T	A	V	L	I	F	Y	W	H	M	C	P
0	0.01839	0.01783	0.10097	0.04623	0.07879	0.01693	0.01379	0.21706	0.29442	0.02980	0.01926	0.01934	0.01437	0.00779	0.00657	0.00205	0.00677	0.00634	0.00565	0.07768
1	0.01297	0.01204	0.01953	0.35759	0.25102	0.01320	0.01629	0.01679	0.01474	0.01961	0.07974	0.02683	0.11496	0.00853	0.00696	0.00215	0.00736	0.00765	0.00392	0.00811
2	0.01660	0.37745	0.17777	0.01639	0.05726	0.06416	0.07523	0.02130	0.05279	0.01913	0.05381	0.01564	0.01274	0.00661	0.00564	0.00179	0.00812	0.00516	0.00345	0.00895
3	0.01251	0.00625	0.00625	0.00625	0.00782	0.00625	0.00469	0.01563	0.01407	0.02502	0.02189	0.02502	0.01720	0.00782	0.00469	0.00156	0.00313	0.00625	0.80144	0.00625
4	0.01624	0.01185	0.01415	0.01023	0.01608	0.00908	0.00822	0.01916	0.01467	0.12305	0.01401	0.01519	0.01090	0.00545	0.00522	0.00115	0.00508	0.00437	0.00460	0.69130
5	0.01447	0.01597	0.05926	0.02407	0.09066	0.01451	0.41933	0.02016	0.05319	0.02231	0.10300	0.02735	0.04731	0.00810	0.00776	0.00226	0.00902	0.04828	0.00431	0.00868

[dist]
# distance from previous block
# <min> <max>
0	1

[block]
# block no. 8 follows, 32 sequences, length 28
# corresponding to MSA columns:
# 287-314
name=unknown_I
#
# <colnr> <probs for GDERKNQSTAVLIFYWHMCP>
#	G	D	E	R	K	N	Q	S	T	A	V	L	I	F	Y	W	H	M	C	P
0	0.50273	0.01236	0.01212	0.01005	0.01462	0.01300	0.00829	0.02485	0.01450	0.30553	0.01611	0.01562	0.01096	0.00705	0.00518	0.00208	0.00540	0.00486	0.00579	0.00891
1	0.01251	0.00625	0.00625	0.00625	0.00782	0.00625	0.00469	0.01563	0.01407	0.02502	0.02189	0.02502	0.01720	0.00782	0.00469	0.00156	0.00313	0.00625	0.80144	0.00625
2	0.21367	0.04956	0.01825	0.01394	0.01852	0.07303	0.06179	0.32297	0.02188	0.03211	0.04100	0.05198	0.03663	0.00834	0.00619	0.00205	0.00706	0.00645	0.00541	0.00918
3	0.01589	0.01703	0.03155	0.08372	0.21913	0.04778	0.36369	0.02040	0.01515	0.02054	0.01343	0.04006	0.01110	0.00679	0.00844	0.00223	0.06331	0.00729	0.00340	0.00907
4	0.01520	0.01433	0.04686	0.02320	0.27090	0.01465	0.01447	0.07056	0.13614	0.02430	0.12727	0.02740	0.05601	0.00954	0.00878	0.00223	0.09158	0.03237	0.00499	0.00921
5	0.00856	0.00630	0.00802	0.00870	0.00973	0.00576	0.00610	0.01043	0.01513	0.02036	0.25659	0.43699	0.14633	0.01814	0.00827	0.00247	0.00359	0.01619	0.00659	0.00576
6	0.02136	0.01666	0.01937	0.03540	0.08988	0.04137	0.03296	0.32236	0.21339	0.07862	0.01987	0.02122	0.01498	0.00840	0.00685	0.00213	0.00703	0.03131	0.00620	0.01064
7	0.04644	0.01033	0.06381	0.01097	0.01359	0.00870	0.00938	0.03777	0.04278	0.04805	0.03492	0.20013	0.13897	0.05506	0.00932	0.00275	0.00545	0.21432	0.00578	0.04149
8	0.01777	0.04216	0.02157	0.34041	0.14981	0.07839	0.01654	0.18166	0.04399	0.02422	0.01338	0.01677	0.01020	0.00698	0.00656	0.00207	0.00848	0.00582	0.00410	0.00911
9	0.01760	0.71343	0.08703	0.01205	0.01810	0.02573	0.01248	0.02018	0.01367	0.01619	0.00953	0.01102	0.00860	0.00579	0.00446	0.00149	0.00738	0.00369	0.00287	0.00871
10	0.00955	0.00642	0.00738	0.00759	0.00764	0.00637	0.00435	0.00970	0.01017	0.01356	0.02324	0.13875	0.02704	0.66574	0.03076	0.00600	0.00616	0.01099	0.00435	0.00425
11	0.01179	0.01170	0.07811	0.01377	0.09075	0.00968	0.02523	0.05892	0.04589	0.02507	0.36368	0.04206	0.17248	0.01211	0.00752	0.00213	0.00489	0.01053	0.00615	0.00756
12	0.01362	0.03988	0.12016	0.11740	0.03509	0.01172	0.01221	0.03081	0.04444	0.02099	0.01625	0.04030	0.04463	0.02905	0.00665	0.00172	0.00639	0.00572	0.00397	0.39901
13	0.01794	0.76823	0.03516	0.01148	0.01722	0.02655	0.01148	0.02009	0.01363	0.01579	0.00933	0.01076	0.00861	0.00574	0.00431	0.00144	0.00718	0.00359	0.00287	0.00861
14	0.01497	0.08456	0.17931	0.07655	0.15739	0.06423	0.04558	0.01967	0.03856	0.02021	0.01479	0.08747	0.01319	0.00754	0.00630	0.00189	0.00782	0.00649	0.00368	0.14980
15	0.00867	0.00675	0.00792	0.00829	0.00981	0.00614	0.00596	0.01114	0.04064	0.02004	0.19656	0.30270	0.31626	0.01740	0.00811	0.00239	0.00359	0.01520	0.00650	0.00592
16	0.01081	0.00772	0.01081	0.01236	0.01390	0.00772	0.01081	0.01390	0.01545	0.02008	0.03553	0.07569	0.03862	0.01854	0.00927	0.00309	0.00618	0.67717	0.00618	0.00618
17	0.01694	0.02113	0.23402	0.06941	0.18292	0.03918	0.05967	0.07921	0.01634	0.08297	0.01611	0.01997	0.03229	0.00779	0.00797	0.00219	0.06601	0.03224	0.00405	0.00958
18	0.00842	0.00610	0.00776	0.00898	0.00960	0.00568	0.00608	0.00962	0.01295	0.01697	0.03901	0.57850	0.12145	0.09300	0.01102	0.00306	0.00419	0.04625	0.00602	0.00537
19	0.01267	0.01193	0.02013	0.74806	0.04621	0.01491	0.01863	0.01714	0.01342	0.01714	0.01193	0.01789	0.00894	0.00671	0.00671	0.00224	0.00894	0.00596	0.00298	0.00745
20	0.01183	0.00629	0.00669	0.00674	0.00822	0.00620	0.00500	0.01482	0.01456	0.02465	0.10483	0.08286	0.02464	0.00950	0.00536	0.00171	0.00319	0.00790	0.64881	0.00620
21	0.01369	0.01279	0.02138	0.12732	0.35423	0.01347	0.05309	0.01691	0.01405	0.01957	0.01863	0.20998	0.01901	0.01040	0.00837	0.00230	0.06281	0.00948	0.00401	0.00851
22	0.00815	0.00676	0.00713	0.00713	0.00922	0.00574	0.00531	0.01002	0.01567	0.01924	0.15274	0.09513	0.60113	0.01675	0.00796	0.00227	0.00339	0.01412	0.00638	0.00574
23	0.02348	0.03249	0.05702	0.01445	0.01905	0.06409	0.03613	0.19215	0.02009	0.29590	0.01886	0.01927	0.01333	0.01276	0.08773	0.00305	0.06783	0.00626	0.00605	0.01002
24	0.04517	0.04702	0.09744	0.10670	0.27026	0.04297	0.07859	0.02170	0.03833	0.10389	0.03658	0.05274	0.01408	0.00742	0.00668	0.00209	0.00793	0.00674	0.00421	0.00947
25	0.01207	0.00875	0.01129	0.04057	0.07084	0.00853	0.00844	0.01613	0.08295	0.07438	0.19852	0.12874	0.20002	0.04110	0.00858	0.00242	0.00460	0.04489	0.03003	0.00717
26	0.01445	0.01413	0.02488	0.23883	0.33489	0.01488	0.12052	0.01852	0.01461	0.01992	0.01684	0.04764	0.05578	0.00753	0.00740	0.00217	0.02733	0.00726	0.00351	0.00889
27	0.03798	0.03704	0.22146	0.07818	0.26988	0.06839	0.06405	0.04200	0.04019	0.02214	0.04576	0.01736	0.01244	0.00673	0.00657	0.00205	0.00868	0.00593	0.00361	0.00958

[dist]
# distance from previous block
# <min> <max>
0	17

# created by:
# /home/berkeley/.conda/envs/busco_data_prod/bin/msa2prfl.pl pipeline/OGs_align_augustus/4893/34967.fs
