[name]
unknown

[dist]
# distance from previous block
# <min> <max>
0	18

[block]
# block no. 0 follows, 33 sequences, length 51
# corresponding to MSA columns:
# 18-68
name=unknown_A
#
# <colnr> <probs for GDERKNQSTAVLIFYWHMCP>
#	G	D	E	R	K	N	Q	S	T	A	V	L	I	F	Y	W	H	M	C	P
0	0.06657	0.05876	0.06980	0.04194	0.11510	0.11774	0.03664	0.10714	0.07985	0.09995	0.03109	0.07192	0.01548	0.00858	0.00686	0.00207	0.02653	0.03009	0.00487	0.00903
1	0.09548	0.06032	0.01701	0.16007	0.16309	0.03786	0.01221	0.06936	0.01437	0.02038	0.01787	0.17383	0.01813	0.10062	0.00974	0.00265	0.00677	0.00854	0.00419	0.00750
2	0.07262	0.07987	0.14770	0.03567	0.10558	0.18738	0.01507	0.11302	0.04122	0.08006	0.01312	0.01466	0.01000	0.00703	0.00685	0.00196	0.04976	0.00509	0.00415	0.00919
3	0.03285	0.08077	0.11018	0.01295	0.04043	0.04757	0.01108	0.07288	0.10719	0.05657	0.12067	0.05531	0.10155	0.06856	0.02650	0.00260	0.03100	0.00815	0.00515	0.00804
4	0.01409	0.01004	0.01351	0.09746	0.10140	0.01036	0.00997	0.05019	0.10097	0.08710	0.10450	0.05496	0.12594	0.05943	0.01098	0.10271	0.00559	0.00863	0.02482	0.00738
5	0.19492	0.00957	0.00999	0.00976	0.01161	0.04379	0.00721	0.03931	0.03077	0.04443	0.02108	0.21784	0.04447	0.01870	0.08426	0.18612	0.00651	0.00912	0.00463	0.00591
6	0.00802	0.00573	0.00764	0.00917	0.00955	0.00535	0.00611	0.00917	0.01260	0.01681	0.03628	0.76434	0.04354	0.02062	0.00840	0.00267	0.00382	0.01872	0.00611	0.00535
7	0.00940	0.00668	0.00780	0.00807	0.00946	0.00608	0.00564	0.01117	0.02896	0.04932	0.10047	0.28738	0.29688	0.12810	0.01170	0.00296	0.00407	0.01422	0.00599	0.00566
8	0.01231	0.00831	0.00981	0.00902	0.01131	0.00783	0.00673	0.05377	0.05979	0.09354	0.22411	0.14468	0.20580	0.08020	0.00976	0.00253	0.00423	0.01168	0.00641	0.03816
9	0.06283	0.00877	0.01047	0.00949	0.01203	0.00840	0.00727	0.08030	0.01760	0.14892	0.25274	0.18704	0.14117	0.01350	0.00736	0.00220	0.00423	0.01159	0.00675	0.00734
10	0.12517	0.01593	0.01738	0.01348	0.01856	0.01705	0.01114	0.45274	0.02548	0.21110	0.01749	0.01680	0.01195	0.00774	0.00628	0.00200	0.00657	0.00580	0.00666	0.01069
11	0.00920	0.00626	0.00759	0.00807	0.00865	0.00603	0.00531	0.01037	0.01247	0.01714	0.12127	0.27631	0.06277	0.31725	0.01809	0.00399	0.00477	0.03995	0.05950	0.00501
12	0.04422	0.00731	0.00918	0.00937	0.01100	0.00688	0.00676	0.01429	0.03889	0.12478	0.12094	0.45717	0.09055	0.01660	0.00778	0.00243	0.00406	0.01472	0.00649	0.00659
13	0.01152	0.00695	0.00898	0.00896	0.01061	0.00626	0.00652	0.01352	0.01563	0.12426	0.24438	0.35262	0.13209	0.01615	0.00787	0.00234	0.00380	0.01430	0.00675	0.00649
14	0.01243	0.01170	0.01975	0.75282	0.04534	0.01463	0.01828	0.01682	0.01316	0.01682	0.01170	0.01755	0.00878	0.00658	0.00658	0.00219	0.00878	0.00585	0.00293	0.00731
15	0.01100	0.00712	0.00861	0.00814	0.01018	0.00630	0.00608	0.01322	0.01643	0.10418	0.31139	0.11890	0.29618	0.04196	0.00863	0.00234	0.00367	0.01258	0.00671	0.00639
16	0.42903	0.01097	0.01059	0.00926	0.01294	0.01160	0.00744	0.02050	0.03716	0.17575	0.10403	0.04971	0.07940	0.00894	0.00561	0.00209	0.00477	0.00676	0.00564	0.00779
17	0.00956	0.00640	0.00727	0.00724	0.00733	0.00637	0.00411	0.00973	0.01007	0.01351	0.05922	0.04341	0.02602	0.72732	0.03210	0.00615	0.00620	0.00970	0.00417	0.00411
18	0.00956	0.00643	0.00740	0.00740	0.00747	0.00650	0.00426	0.00971	0.00964	0.01293	0.02054	0.04198	0.02346	0.72268	0.07882	0.00665	0.00710	0.00941	0.00396	0.00411
19	0.04128	0.00973	0.01198	0.01117	0.01341	0.01001	0.03285	0.16243	0.03849	0.04304	0.07144	0.36946	0.03151	0.01459	0.00745	0.00235	0.00497	0.04936	0.06723	0.00726
20	0.00945	0.00688	0.00972	0.00972	0.01059	0.00776	0.00715	0.01120	0.01032	0.01464	0.01842	0.03024	0.01836	0.23205	0.56247	0.00951	0.01478	0.00769	0.00364	0.00540
21	0.81514	0.01273	0.00968	0.00866	0.01273	0.01477	0.00713	0.01935	0.01120	0.02954	0.00917	0.01069	0.00713	0.00611	0.00407	0.00204	0.00509	0.00356	0.00407	0.00713
22	0.00809	0.00658	0.00719	0.00742	0.00928	0.00568	0.00552	0.00989	0.01505	0.01863	0.13045	0.16327	0.52903	0.01696	0.00792	0.00230	0.00349	0.04140	0.00623	0.00562
23	0.00935	0.00696	0.01027	0.01034	0.01142	0.00800	0.00791	0.01152	0.01062	0.01522	0.01868	0.06176	0.01813	0.08505	0.67123	0.00999	0.01640	0.00774	0.00367	0.00576
24	0.01554	0.01776	0.03885	0.02775	0.03441	0.01665	0.70366	0.02109	0.01554	0.02109	0.01332	0.01776	0.00999	0.00555	0.00777	0.00222	0.01110	0.00777	0.00333	0.00888
25	0.01760	0.77260	0.03450	0.01126	0.01690	0.02605	0.01126	0.01971	0.01338	0.01549	0.00915	0.01056	0.00845	0.00563	0.00422	0.00141	0.00704	0.00352	0.00282	0.00845
26	0.02517	0.01678	0.11539	0.01460	0.04681	0.06174	0.01263	0.09567	0.06294	0.44623	0.02148	0.01977	0.01418	0.00773	0.00652	0.00202	0.00682	0.00617	0.00665	0.01068
27	0.01680	0.01841	0.01891	0.01668	0.01773	0.21613	0.01351	0.01842	0.01268	0.01608	0.01067	0.01701	0.01030	0.01207	0.04584	0.00288	0.48794	0.03752	0.00320	0.00721
28	0.00974	0.00644	0.00756	0.00766	0.00797	0.00654	0.00475	0.01036	0.01030	0.01433	0.02154	0.06992	0.02383	0.58307	0.10026	0.00616	0.00713	0.02964	0.06833	0.00447
29	0.01692	0.14532	0.07050	0.02684	0.32691	0.01715	0.11264	0.04672	0.07005	0.05513	0.03929	0.01747	0.01281	0.00650	0.00635	0.00194	0.00777	0.00605	0.00393	0.00974
30	0.00926	0.00668	0.00875	0.00832	0.00982	0.00617	0.00621	0.01228	0.01837	0.02597	0.69359	0.08090	0.06129	0.01378	0.00779	0.00210	0.00314	0.01221	0.00720	0.00617
31	0.01519	0.01451	0.02472	0.24480	0.53184	0.01535	0.01965	0.01923	0.01447	0.02016	0.01219	0.01665	0.00995	0.00607	0.00654	0.00202	0.00809	0.00586	0.00316	0.00953
32	0.00941	0.00702	0.01039	0.01039	0.01151	0.00813	0.00800	0.01164	0.01053	0.01514	0.01780	0.02680	0.01687	0.08873	0.70376	0.01035	0.01702	0.00719	0.00355	0.00577
33	0.01637	0.01414	0.01489	0.01340	0.01712	0.01637	0.01042	0.03498	0.71568	0.02754	0.02679	0.02456	0.02010	0.00893	0.00670	0.00223	0.00521	0.00744	0.00670	0.01042
34	0.01760	0.77260	0.03450	0.01126	0.01690	0.02605	0.01126	0.01971	0.01338	0.01549	0.00915	0.01056	0.00845	0.00563	0.00422	0.00141	0.00704	0.00352	0.00282	0.00845
35	0.00801	0.00668	0.00699	0.00691	0.00903	0.00566	0.00518	0.00990	0.01555	0.01908	0.16563	0.06122	0.62515	0.01619	0.00778	0.00220	0.00330	0.01359	0.00628	0.00566
36	0.01760	0.77260	0.03450	0.01126	0.01690	0.02605	0.01126	0.01971	0.01338	0.01549	0.00915	0.01056	0.00845	0.00563	0.00422	0.00141	0.00704	0.00352	0.00282	0.00845
37	0.00940	0.00705	0.01058	0.01058	0.01176	0.00823	0.00823	0.01176	0.01058	0.01528	0.01763	0.02586	0.01646	0.04937	0.74255	0.01058	0.01763	0.00705	0.00353	0.00588
38	0.01192	0.01067	0.01270	0.01159	0.01264	0.08179	0.05768	0.01317	0.01157	0.01499	0.01930	0.10037	0.02098	0.36377	0.11530	0.00529	0.09447	0.03234	0.00396	0.00551
39	0.00932	0.00673	0.00880	0.00828	0.00984	0.00621	0.00621	0.01242	0.01863	0.02640	0.72410	0.04918	0.06212	0.01346	0.00776	0.00207	0.00311	0.01191	0.00725	0.00621
40	0.00956	0.00640	0.00727	0.00724	0.00733	0.00637	0.00411	0.00973	0.01007	0.01351	0.05922	0.04341	0.02602	0.72732	0.03210	0.00615	0.00620	0.00970	0.00417	0.00411
41	0.01757	0.04577	0.02021	0.01698	0.01819	0.23724	0.01379	0.01911	0.01277	0.01591	0.00912	0.01351	0.00859	0.00990	0.01630	0.00247	0.50694	0.00523	0.00303	0.00737
42	0.01760	0.77260	0.03450	0.01126	0.01690	0.02605	0.01126	0.01971	0.01338	0.01549	0.00915	0.01056	0.00845	0.00563	0.00422	0.00141	0.00704	0.00352	0.00282	0.00845
43	0.05471	0.01125	0.01510	0.01161	0.01667	0.00984	0.00959	0.03168	0.01860	0.70962	0.02543	0.02203	0.01600	0.00808	0.00654	0.00204	0.00559	0.00652	0.00802	0.01107
44	0.08272	0.01131	0.01490	0.01151	0.01653	0.01002	0.00950	0.03122	0.01833	0.68457	0.02483	0.02161	0.01568	0.00801	0.00645	0.00204	0.00557	0.00641	0.00787	0.01093
45	0.26427	0.01537	0.03518	0.15204	0.13486	0.09696	0.01300	0.05184	0.01421	0.04325	0.01226	0.01652	0.01005	0.00903	0.03347	0.02925	0.03145	0.02525	0.00382	0.00791
46	0.00961	0.00724	0.01053	0.01043	0.01142	0.00845	0.00796	0.01165	0.01044	0.01501	0.01767	0.02746	0.01705	0.13198	0.63345	0.00981	0.04328	0.00730	0.00356	0.00571
47	0.01024	0.00723	0.00915	0.00852	0.01035	0.00677	0.00644	0.01395	0.05142	0.05039	0.61729	0.04814	0.10836	0.01330	0.00768	0.00209	0.00331	0.01166	0.00717	0.00654
48	0.01306	0.00960	0.01168	0.01092	0.01255	0.05132	0.00830	0.05812	0.01281	0.07412	0.01805	0.02686	0.01675	0.16747	0.44763	0.00787	0.03508	0.00719	0.00415	0.00645
49	0.01628	0.04516	0.22253	0.03936	0.04888	0.15637	0.19833	0.02080	0.01494	0.03578	0.01351	0.05644	0.01131	0.00882	0.03330	0.00240	0.05740	0.00646	0.00341	0.00852
50	0.51397	0.01426	0.01224	0.03601	0.03917	0.09182	0.00895	0.03753	0.01312	0.05776	0.01201	0.03926	0.00992	0.00873	0.03418	0.00237	0.02906	0.00479	0.02740	0.00745

[dist]
# distance from previous block
# <min> <max>
0	11

[block]
# block no. 1 follows, 33 sequences, length 51
# corresponding to MSA columns:
# 80-130
name=unknown_B
#
# <colnr> <probs for GDERKNQSTAVLIFYWHMCP>
#	G	D	E	R	K	N	Q	S	T	A	V	L	I	F	Y	W	H	M	C	P
0	0.18415	0.01451	0.03897	0.01813	0.10530	0.06160	0.15573	0.05619	0.01527	0.05699	0.03889	0.15135	0.01865	0.00965	0.00674	0.00221	0.00718	0.04582	0.00463	0.00802
1	0.02503	0.01844	0.01976	0.01515	0.02042	0.02042	0.01251	0.70562	0.03095	0.04149	0.01581	0.01581	0.01120	0.00790	0.00659	0.00198	0.00724	0.00593	0.00659	0.01120
2	0.01365	0.01170	0.01365	0.00975	0.01560	0.00878	0.00780	0.01658	0.01365	0.02145	0.01170	0.01365	0.00975	0.00488	0.00488	0.00098	0.00488	0.00390	0.00390	0.80888
3	0.00944	0.00691	0.00987	0.00987	0.01080	0.00784	0.00735	0.01130	0.01037	0.01476	0.01828	0.02945	0.01801	0.19913	0.59493	0.00971	0.01529	0.00758	0.00362	0.00548
4	0.01305	0.01120	0.05567	0.01255	0.01496	0.05427	0.07962	0.03407	0.01444	0.09590	0.02846	0.47371	0.03105	0.01571	0.00830	0.02499	0.00576	0.01383	0.00560	0.00684
5	0.01243	0.01170	0.01975	0.75282	0.04534	0.01463	0.01828	0.01682	0.01316	0.01682	0.01170	0.01755	0.00878	0.00658	0.00658	0.00219	0.00878	0.00585	0.00293	0.00731
6	0.01710	0.67002	0.09816	0.01272	0.01877	0.02463	0.04513	0.01988	0.01353	0.01624	0.00959	0.01120	0.00851	0.00568	0.00458	0.00151	0.00748	0.00384	0.00284	0.00858
7	0.01637	0.01414	0.01489	0.01340	0.01712	0.01637	0.01042	0.03498	0.71568	0.02754	0.02679	0.02456	0.02010	0.00893	0.00670	0.00223	0.00521	0.00744	0.00670	0.01042
8	0.00940	0.00705	0.01058	0.01058	0.01176	0.00823	0.00823	0.01176	0.01058	0.01528	0.01763	0.02586	0.01646	0.04937	0.74255	0.01058	0.01763	0.00705	0.00353	0.00588
9	0.01243	0.01170	0.01975	0.75282	0.04534	0.01463	0.01828	0.01682	0.01316	0.01682	0.01170	0.01755	0.00878	0.00658	0.00658	0.00219	0.00878	0.00585	0.00293	0.00731
10	0.00940	0.00705	0.01058	0.01058	0.01176	0.00823	0.00823	0.01176	0.01058	0.01528	0.01763	0.02586	0.01646	0.04937	0.74255	0.01058	0.01763	0.00705	0.00353	0.00588
11	0.01637	0.01414	0.01489	0.01340	0.01712	0.01637	0.01042	0.03498	0.71568	0.02754	0.02679	0.02456	0.02010	0.00893	0.00670	0.00223	0.00521	0.00744	0.00670	0.01042
12	0.01365	0.01170	0.01365	0.00975	0.01560	0.00878	0.00780	0.01658	0.01365	0.02145	0.01170	0.01365	0.00975	0.00488	0.00488	0.00098	0.00488	0.00390	0.00390	0.80888
13	0.00802	0.00573	0.00764	0.00917	0.00955	0.00535	0.00611	0.00917	0.01260	0.01681	0.03628	0.76434	0.04354	0.02062	0.00840	0.00267	0.00382	0.01872	0.00611	0.00535
14	0.00802	0.00573	0.00764	0.00917	0.00955	0.00535	0.00611	0.00917	0.01260	0.01681	0.03628	0.76434	0.04354	0.02062	0.00840	0.00267	0.00382	0.01872	0.00611	0.00535
15	0.02493	0.01769	0.01913	0.01470	0.01986	0.01941	0.01213	0.64843	0.02979	0.08007	0.01654	0.01642	0.01164	0.00791	0.00653	0.00197	0.00704	0.00597	0.02879	0.01106
16	0.01131	0.00578	0.00860	0.00860	0.00864	0.00582	0.00575	0.00871	0.00867	0.01161	0.01192	0.02090	0.01198	0.04600	0.05046	0.75729	0.00614	0.00588	0.00292	0.00300
17	0.00815	0.00598	0.00767	0.00887	0.00961	0.00550	0.00611	0.00954	0.01337	0.01760	0.08105	0.60409	0.13782	0.01958	0.00830	0.00259	0.00378	0.03878	0.00618	0.00545
18	0.00947	0.00621	0.00806	0.00897	0.00976	0.00574	0.00609	0.01074	0.01317	0.05929	0.07135	0.58620	0.07982	0.07952	0.01025	0.00288	0.00407	0.01664	0.00612	0.00564
19	0.01073	0.00795	0.00970	0.00935	0.01108	0.00781	0.00692	0.08096	0.05078	0.02462	0.37969	0.25054	0.09451	0.01496	0.00778	0.00225	0.00383	0.01319	0.00675	0.00661
20	0.01235	0.01044	0.01206	0.00917	0.01395	0.00804	0.00714	0.01487	0.01359	0.02029	0.02107	0.06043	0.11199	0.04382	0.00683	0.00149	0.00468	0.00632	0.00433	0.61716
21	0.02385	0.10963	0.02033	0.01636	0.01999	0.66660	0.01257	0.02559	0.01810	0.01605	0.01007	0.01173	0.00848	0.00666	0.00576	0.00167	0.01136	0.00416	0.00333	0.00772
22	0.01351	0.01287	0.01876	0.01609	0.01656	0.01716	0.04800	0.01493	0.01030	0.01564	0.01061	0.01753	0.01046	0.05221	0.10081	0.05146	0.55715	0.00619	0.00303	0.00673
23	0.01092	0.00846	0.01320	0.02857	0.01418	0.00945	0.06366	0.01339	0.04693	0.01588	0.01724	0.04334	0.01630	0.05483	0.40993	0.14591	0.04849	0.02978	0.00367	0.00586
24	0.00922	0.00635	0.00758	0.00813	0.00863	0.00619	0.00520	0.01059	0.03120	0.01636	0.06475	0.33250	0.05669	0.33809	0.01879	0.00413	0.00485	0.01325	0.05249	0.00501
25	0.21377	0.04320	0.07042	0.01701	0.06074	0.17666	0.10805	0.02098	0.03806	0.02141	0.01178	0.03464	0.00993	0.00722	0.00758	0.00203	0.09482	0.00535	0.00364	0.05269
26	0.01167	0.00668	0.00880	0.00879	0.00906	0.03040	0.00597	0.00975	0.00946	0.01272	0.01330	0.04440	0.01324	0.04347	0.05738	0.65050	0.00629	0.00627	0.04840	0.00346
27	0.00892	0.00649	0.00738	0.00745	0.00831	0.00616	0.00484	0.00986	0.01213	0.01571	0.09070	0.09750	0.23045	0.39988	0.06241	0.00482	0.00570	0.01149	0.00498	0.00482
28	0.01438	0.05037	0.02051	0.01676	0.01707	0.02003	0.01404	0.01589	0.01026	0.01581	0.00898	0.01462	0.00891	0.01256	0.04598	0.00308	0.69494	0.00570	0.00290	0.00721
29	0.01087	0.00670	0.00845	0.00880	0.00955	0.00647	0.00592	0.01182	0.01195	0.07847	0.02774	0.29868	0.03106	0.35092	0.04507	0.00456	0.00577	0.06660	0.00526	0.00534
30	0.61881	0.01369	0.01165	0.01008	0.01428	0.01574	0.00824	0.11780	0.08886	0.03101	0.01198	0.01289	0.00908	0.00666	0.00471	0.00205	0.00541	0.00431	0.00471	0.00805
31	0.01629	0.01564	0.02672	0.04041	0.72757	0.01564	0.02020	0.02020	0.01499	0.02151	0.01238	0.01629	0.01043	0.00587	0.00652	0.00196	0.00782	0.00587	0.00326	0.01043
32	0.00869	0.00637	0.00805	0.00897	0.00996	0.00595	0.00652	0.01033	0.01376	0.01800	0.10292	0.38729	0.16481	0.08647	0.01062	0.00294	0.00429	0.13258	0.00601	0.00547
33	0.00867	0.00688	0.00766	0.00783	0.00948	0.00628	0.00562	0.01124	0.05417	0.01889	0.14282	0.20367	0.39764	0.07705	0.00991	0.00263	0.00376	0.01392	0.00613	0.00575
34	0.00957	0.00638	0.00718	0.00718	0.00718	0.00638	0.00399	0.00957	0.00957	0.01276	0.02074	0.04308	0.02393	0.76864	0.03351	0.00638	0.00638	0.00957	0.00399	0.00399
35	0.00933	0.00705	0.00871	0.00857	0.01034	0.00654	0.00665	0.01253	0.03769	0.02341	0.44817	0.05537	0.21936	0.01476	0.00792	0.00224	0.00363	0.10480	0.00679	0.00615
36	0.03408	0.00718	0.00877	0.00873	0.01062	0.00646	0.00640	0.01354	0.01504	0.12993	0.13780	0.33280	0.23134	0.01618	0.00774	0.00235	0.00390	0.01412	0.00653	0.00649
37	0.01186	0.00733	0.00828	0.00781	0.00854	0.00735	0.00486	0.05074	0.01169	0.05789	0.02083	0.03875	0.02216	0.61629	0.02795	0.00547	0.00610	0.00890	0.07219	0.00500
38	0.01760	0.77260	0.03450	0.01126	0.01690	0.02605	0.01126	0.01971	0.01338	0.01549	0.00915	0.01056	0.00845	0.00563	0.00422	0.00141	0.00704	0.00352	0.00282	0.00845
39	0.00795	0.00599	0.00737	0.00848	0.00937	0.00541	0.00581	0.00924	0.01326	0.01707	0.04465	0.57156	0.23092	0.01954	0.00823	0.00255	0.00369	0.01739	0.00611	0.00541
40	0.00905	0.00634	0.00771	0.00826	0.00930	0.00579	0.00565	0.01039	0.01352	0.04129	0.10916	0.38940	0.20437	0.13412	0.01201	0.00306	0.00409	0.01507	0.00596	0.00547
41	0.01795	0.01409	0.01515	0.01333	0.01725	0.01598	0.01045	0.06676	0.62149	0.09037	0.02620	0.02395	0.01934	0.00881	0.00669	0.00220	0.00534	0.00730	0.00682	0.01053
42	0.81514	0.01273	0.00968	0.00866	0.01273	0.01477	0.00713	0.01935	0.01120	0.02954	0.00917	0.01069	0.00713	0.00611	0.00407	0.00204	0.00509	0.00356	0.00407	0.00713
43	0.01032	0.00692	0.00823	0.00817	0.01006	0.00610	0.00605	0.01223	0.01542	0.08746	0.18132	0.21468	0.34291	0.03257	0.00840	0.00239	0.00375	0.03039	0.00648	0.00615
44	0.00934	0.00722	0.00838	0.00869	0.01046	0.00668	0.00660	0.04956	0.01559	0.01982	0.10326	0.24185	0.35987	0.01716	0.00806	0.00243	0.00405	0.10883	0.00622	0.00594
45	0.00788	0.00662	0.00684	0.00689	0.00898	0.00559	0.00513	0.00961	0.01510	0.01824	0.10383	0.09841	0.65101	0.01669	0.00781	0.00224	0.00335	0.01402	0.00618	0.00559
46	0.00979	0.00782	0.00999	0.01066	0.01205	0.03192	0.02520	0.01194	0.01402	0.01809	0.05579	0.29585	0.13054	0.02128	0.08646	0.00351	0.00640	0.23715	0.00569	0.00586
47	0.01684	0.04997	0.02268	0.04491	0.36956	0.07109	0.05853	0.03906	0.01558	0.06997	0.03549	0.08363	0.01517	0.00793	0.00707	0.00202	0.03239	0.00712	0.04188	0.00914
48	0.00849	0.00635	0.00885	0.00979	0.01056	0.00594	0.03066	0.00990	0.01291	0.01706	0.03665	0.62731	0.08159	0.04527	0.00925	0.00278	0.00428	0.06093	0.00594	0.00548
49	0.00819	0.00595	0.00773	0.00884	0.00954	0.00549	0.00604	0.00967	0.01367	0.01829	0.13946	0.60543	0.09882	0.01927	0.00826	0.00255	0.00368	0.01734	0.00628	0.00549
50	0.06385	0.07601	0.07014	0.08499	0.17215	0.13169	0.09449	0.02080	0.03551	0.04484	0.01544	0.01780	0.05022	0.00688	0.00651	0.00190	0.02416	0.00581	0.00372	0.07310

[dist]
# distance from previous block
# <min> <max>
1	12

[block]
# block no. 2 follows, 33 sequences, length 75
# corresponding to MSA columns:
# 143-217
name=unknown_C
#
# <colnr> <probs for GDERKNQSTAVLIFYWHMCP>
#	G	D	E	R	K	N	Q	S	T	A	V	L	I	F	Y	W	H	M	C	P
0	0.01716	0.01405	0.01897	0.24355	0.09331	0.07976	0.06346	0.04408	0.06198	0.12549	0.01725	0.05619	0.01393	0.00788	0.00661	0.00204	0.00760	0.03061	0.02468	0.07142
1	0.03234	0.00775	0.00897	0.01039	0.03843	0.03514	0.00684	0.01173	0.03800	0.01787	0.03498	0.52889	0.10459	0.05398	0.00907	0.00267	0.00443	0.01547	0.03260	0.00585
2	0.01110	0.00759	0.00967	0.01041	0.05522	0.00720	0.00707	0.01335	0.04339	0.06070	0.12971	0.12997	0.23555	0.03897	0.04716	0.10063	0.00499	0.02542	0.05572	0.00615
3	0.00852	0.00625	0.00807	0.00940	0.01005	0.00598	0.00645	0.01063	0.04793	0.01748	0.03678	0.67929	0.06506	0.01982	0.00832	0.00265	0.00395	0.04159	0.00614	0.00563
4	0.12316	0.01612	0.06310	0.01355	0.03283	0.06206	0.01134	0.17055	0.08217	0.30386	0.01908	0.01808	0.01304	0.00754	0.00617	0.00199	0.00656	0.00579	0.00627	0.03673
5	0.05187	0.01723	0.01879	0.01445	0.01965	0.01871	0.01193	0.58765	0.02859	0.13872	0.01702	0.01657	0.01178	0.00788	0.00651	0.00199	0.00694	0.00595	0.00672	0.01106
6	0.00819	0.00621	0.00725	0.00794	0.00922	0.00553	0.00559	0.00977	0.01407	0.01820	0.09622	0.39238	0.32689	0.01794	0.00794	0.00240	0.00354	0.01571	0.03949	0.00553
7	0.01144	0.00572	0.00858	0.00858	0.00858	0.00572	0.00572	0.00858	0.00858	0.01144	0.01144	0.02001	0.01144	0.02287	0.02573	0.80846	0.00572	0.00572	0.00286	0.00286
8	0.00802	0.00573	0.00764	0.00917	0.00955	0.00535	0.00611	0.00917	0.01260	0.01681	0.03628	0.76434	0.04354	0.02062	0.00840	0.00267	0.00382	0.01872	0.00611	0.00535
9	0.00802	0.00573	0.00764	0.00917	0.00955	0.00535	0.00611	0.00917	0.01260	0.01681	0.03628	0.76434	0.04354	0.02062	0.00840	0.00267	0.00382	0.01872	0.00611	0.00535
10	0.02459	0.03138	0.01866	0.01696	0.02035	0.74221	0.01272	0.02629	0.01866	0.01611	0.01018	0.01187	0.00848	0.00678	0.00594	0.00170	0.01187	0.00424	0.00339	0.00763
11	0.01304	0.01090	0.01268	0.00936	0.01434	0.00842	0.00723	0.01552	0.01304	0.02015	0.01306	0.01807	0.01188	0.11965	0.00918	0.00179	0.00510	0.00475	0.00391	0.68793
12	0.01019	0.00736	0.01005	0.01133	0.01284	0.00723	0.00969	0.01303	0.01524	0.01985	0.08181	0.10634	0.09036	0.01789	0.00888	0.00289	0.00556	0.55732	0.00614	0.00600
13	0.00932	0.00673	0.00880	0.00828	0.00984	0.00621	0.00621	0.01242	0.01863	0.02640	0.72410	0.04918	0.06212	0.01346	0.00776	0.00207	0.00311	0.01191	0.00725	0.00621
14	0.00778	0.00667	0.00667	0.00667	0.00889	0.00556	0.00500	0.00945	0.01501	0.01778	0.06669	0.06336	0.72490	0.01667	0.00778	0.00222	0.00333	0.01389	0.00611	0.00556
15	0.01637	0.01414	0.01489	0.01340	0.01712	0.01637	0.01042	0.03498	0.71568	0.02754	0.02679	0.02456	0.02010	0.00893	0.00670	0.00223	0.00521	0.00744	0.00670	0.01042
16	0.00788	0.00667	0.00681	0.00677	0.00895	0.00560	0.00508	0.00964	0.01524	0.01834	0.10917	0.06244	0.68207	0.01646	0.00778	0.00221	0.00332	0.01377	0.00619	0.00560
17	0.02503	0.01844	0.01976	0.01515	0.02042	0.02042	0.01251	0.70562	0.03095	0.04149	0.01581	0.01581	0.01120	0.00790	0.00659	0.00198	0.00724	0.00593	0.00659	0.01120
18	0.01637	0.01414	0.01489	0.01340	0.01712	0.01637	0.01042	0.03498	0.71568	0.02754	0.02679	0.02456	0.02010	0.00893	0.00670	0.00223	0.00521	0.00744	0.00670	0.01042
19	0.01243	0.01170	0.01975	0.75282	0.04534	0.01463	0.01828	0.01682	0.01316	0.01682	0.01170	0.01755	0.00878	0.00658	0.00658	0.00219	0.00878	0.00585	0.00293	0.00731
20	0.81514	0.01273	0.00968	0.00866	0.01273	0.01477	0.00713	0.01935	0.01120	0.02954	0.00917	0.01069	0.00713	0.00611	0.00407	0.00204	0.00509	0.00356	0.00407	0.00713
21	0.02459	0.03138	0.01866	0.01696	0.02035	0.74221	0.01272	0.02629	0.01866	0.01611	0.01018	0.01187	0.00848	0.00678	0.00594	0.00170	0.01187	0.00424	0.00339	0.00763
22	0.02838	0.01141	0.01511	0.01165	0.01658	0.01019	0.00960	0.07434	0.01937	0.65257	0.02510	0.02209	0.01600	0.00811	0.00652	0.00201	0.00558	0.00655	0.04790	0.01095
23	0.01320	0.03405	0.73453	0.01876	0.02849	0.01529	0.02432	0.02085	0.01390	0.02085	0.01181	0.01390	0.00834	0.00625	0.00625	0.00208	0.00973	0.00486	0.00278	0.00973
24	0.02341	0.01758	0.01887	0.01465	0.01977	0.01931	0.01201	0.59141	0.10732	0.03880	0.01682	0.01667	0.01212	0.00785	0.00650	0.00195	0.00688	0.00599	0.00645	0.05565
25	0.00896	0.00663	0.00838	0.00828	0.00980	0.00605	0.00618	0.01159	0.01718	0.02358	0.50707	0.14003	0.16569	0.01504	0.00790	0.00221	0.00335	0.03923	0.00688	0.00599
26	0.00829	0.00600	0.00787	0.00911	0.00979	0.00558	0.00634	0.00976	0.01347	0.01791	0.09939	0.60846	0.09122	0.01956	0.00835	0.00261	0.00387	0.06073	0.00621	0.00548
27	0.04679	0.00884	0.00921	0.00815	0.01066	0.00916	0.00639	0.13570	0.01699	0.07339	0.02031	0.02236	0.01548	0.00768	0.00505	0.00166	0.00403	0.00603	0.58474	0.00738
28	0.00997	0.00632	0.00710	0.00715	0.00754	0.00628	0.00433	0.01076	0.01100	0.01587	0.06093	0.07612	0.02576	0.55081	0.02556	0.00508	0.00547	0.00954	0.14985	0.00457
29	0.00883	0.00603	0.00793	0.00919	0.00982	0.00561	0.00627	0.01007	0.01289	0.03885	0.03663	0.66003	0.07018	0.04636	0.00923	0.00278	0.00403	0.04364	0.00610	0.00552
30	0.00816	0.00668	0.00720	0.00707	0.00913	0.00572	0.00530	0.01019	0.01591	0.01993	0.23045	0.05982	0.55980	0.01587	0.00778	0.00219	0.00328	0.01340	0.00640	0.00572
31	0.00978	0.00715	0.00950	0.01058	0.01194	0.00698	0.00856	0.01271	0.03533	0.01987	0.11859	0.23761	0.09333	0.01784	0.00860	0.00275	0.00494	0.37174	0.00624	0.00599
32	0.05618	0.00762	0.00909	0.00933	0.01058	0.00771	0.00655	0.05459	0.04841	0.04704	0.02751	0.40977	0.03017	0.09226	0.01189	0.08448	0.00463	0.01292	0.06333	0.00595
33	0.01990	0.01296	0.01461	0.01221	0.01587	0.01385	0.00950	0.19370	0.25157	0.17957	0.04330	0.02598	0.01901	0.14426	0.01147	0.00286	0.00594	0.00741	0.00651	0.00951
34	0.00836	0.00603	0.00781	0.00909	0.00971	0.00565	0.00629	0.00965	0.01282	0.01687	0.03753	0.58712	0.09822	0.07519	0.01027	0.00294	0.00418	0.08098	0.00595	0.00533
35	0.00919	0.00679	0.00984	0.01004	0.01105	0.00756	0.00755	0.01129	0.01136	0.01610	0.06632	0.14199	0.02397	0.07990	0.54526	0.00860	0.01398	0.00929	0.00419	0.00572
36	0.01107	0.00805	0.01075	0.01016	0.01117	0.00886	0.03396	0.01349	0.05560	0.01733	0.02091	0.13922	0.02121	0.19757	0.13455	0.06264	0.08330	0.00907	0.14538	0.00572
37	0.00816	0.00584	0.00759	0.00890	0.00935	0.00546	0.00591	0.00928	0.01260	0.01675	0.05221	0.66478	0.06901	0.07804	0.01030	0.00293	0.00398	0.01766	0.00597	0.00527
38	0.01380	0.01534	0.07766	0.17785	0.17865	0.01423	0.24952	0.01831	0.01447	0.01990	0.05359	0.04649	0.01451	0.02976	0.04461	0.00269	0.00932	0.00739	0.00354	0.00838
39	0.01573	0.01667	0.05563	0.20753	0.23162	0.10758	0.04822	0.04467	0.03829	0.01988	0.01503	0.01906	0.03870	0.02926	0.00822	0.00219	0.05505	0.00618	0.03200	0.00848
40	0.31948	0.10262	0.08186	0.15651	0.06872	0.07898	0.03429	0.05091	0.01398	0.02334	0.01061	0.01319	0.00830	0.00627	0.00531	0.00197	0.00747	0.00456	0.00358	0.00804
41	0.01617	0.04199	0.04103	0.15642	0.11302	0.12536	0.19406	0.05747	0.01538	0.01957	0.01281	0.01713	0.01032	0.01047	0.05992	0.05815	0.00986	0.00610	0.02674	0.00802
42	0.01027	0.05817	0.01147	0.01014	0.01116	0.02730	0.00752	0.01177	0.01128	0.01527	0.02190	0.22227	0.02387	0.17259	0.30618	0.00643	0.05226	0.01024	0.00421	0.00567
43	0.04134	0.00881	0.01064	0.00980	0.01241	0.00852	0.00758	0.01903	0.11543	0.17058	0.20190	0.12575	0.15328	0.01339	0.00791	0.02507	0.00436	0.04990	0.00673	0.00756
44	0.00990	0.00692	0.00871	0.00915	0.01049	0.00646	0.00651	0.01228	0.05300	0.04687	0.11768	0.44353	0.12336	0.01760	0.00882	0.04224	0.00401	0.02925	0.00611	0.03711
45	0.08730	0.01487	0.01689	0.01310	0.01805	0.01545	0.01076	0.37364	0.02416	0.30518	0.01934	0.01874	0.01321	0.02987	0.00718	0.00213	0.00642	0.00612	0.00692	0.01068
46	0.67100	0.01291	0.01098	0.00943	0.01370	0.01451	0.00777	0.06408	0.01336	0.11473	0.01160	0.01242	0.00849	0.00647	0.00454	0.00203	0.00529	0.00408	0.00472	0.00788
47	0.00908	0.00674	0.00816	0.00883	0.00995	0.00634	0.00621	0.04440	0.01426	0.01858	0.07511	0.45989	0.19666	0.06698	0.00979	0.00276	0.00409	0.04044	0.00605	0.00567
48	0.01125	0.00698	0.00858	0.00847	0.01018	0.00625	0.00611	0.01299	0.01496	0.11520	0.17017	0.26825	0.23134	0.08611	0.01021	0.00269	0.00403	0.01362	0.00640	0.00623
49	0.00950	0.00711	0.01011	0.01014	0.01100	0.00812	0.00756	0.01131	0.01057	0.01502	0.01951	0.09560	0.01988	0.16688	0.52769	0.00885	0.04327	0.00849	0.00382	0.00556
50	0.81514	0.01273	0.00968	0.00866	0.01273	0.01477	0.00713	0.01935	0.01120	0.02954	0.00917	0.01069	0.00713	0.00611	0.00407	0.00204	0.00509	0.00356	0.00407	0.00713
51	0.00896	0.00637	0.00810	0.00907	0.00998	0.00598	0.00626	0.01103	0.04120	0.03600	0.08829	0.59090	0.11540	0.01892	0.00818	0.00255	0.00382	0.01697	0.00627	0.00578
52	0.02557	0.01620	0.01824	0.01404	0.01913	0.01721	0.01157	0.51209	0.02748	0.21329	0.04434	0.01868	0.01434	0.00817	0.00664	0.00199	0.00668	0.00632	0.00700	0.01101
53	0.00790	0.00667	0.00683	0.00679	0.00896	0.00561	0.00510	0.00968	0.01529	0.01845	0.11740	0.06226	0.67378	0.01642	0.00778	0.00221	0.00332	0.01374	0.00620	0.00561
54	0.01440	0.01440	0.02016	0.01728	0.01728	0.02016	0.01440	0.01584	0.01008	0.01584	0.00864	0.01440	0.00864	0.01152	0.02160	0.00288	0.75659	0.00576	0.00288	0.00720
55	0.00952	0.00653	0.00756	0.00773	0.00798	0.00650	0.00463	0.01041	0.03098	0.01457	0.06258	0.15370	0.02897	0.58957	0.02744	0.00545	0.00577	0.01105	0.00458	0.00451
56	0.01629	0.01564	0.02672	0.04041	0.72757	0.01564	0.02020	0.02020	0.01499	0.02151	0.01238	0.01629	0.01043	0.00587	0.00652	0.00196	0.00782	0.00587	0.00326	0.01043
57	0.00796	0.00665	0.00696	0.00717	0.00921	0.00565	0.00540	0.00966	0.01483	0.01781	0.06253	0.11887	0.63317	0.01707	0.00790	0.00230	0.00352	0.05165	0.00611	0.00557
58	0.00940	0.00705	0.01058	0.01058	0.01176	0.00823	0.00823	0.01176	0.01058	0.01528	0.01763	0.02586	0.01646	0.04937	0.74255	0.01058	0.01763	0.00705	0.00353	0.00588
59	0.01365	0.01170	0.01365	0.00975	0.01560	0.00878	0.00780	0.01658	0.01365	0.02145	0.01170	0.01365	0.00975	0.00488	0.00488	0.00098	0.00488	0.00390	0.00390	0.80888
60	0.00791	0.00665	0.00686	0.00686	0.00898	0.00560	0.00513	0.00967	0.01523	0.01843	0.11740	0.08042	0.65532	0.01652	0.00780	0.00222	0.00333	0.01386	0.00620	0.00560
61	0.00798	0.00671	0.00694	0.00697	0.00913	0.00567	0.00529	0.00978	0.01521	0.01834	0.10214	0.06299	0.66078	0.01655	0.00783	0.00225	0.00343	0.04021	0.00617	0.00561
62	0.00941	0.00703	0.01044	0.01044	0.01157	0.00815	0.00805	0.01166	0.01054	0.01518	0.01776	0.02658	0.01677	0.07934	0.71301	0.01041	0.01716	0.00716	0.00355	0.00580
63	0.05288	0.01087	0.01264	0.01026	0.01405	0.01074	0.00830	0.16075	0.01915	0.30883	0.02164	0.02140	0.01513	0.00785	0.00578	0.00184	0.00499	0.00619	0.29752	0.00920
64	0.09448	0.00712	0.00829	0.00875	0.01028	0.00673	0.00624	0.01165	0.01361	0.04453	0.09602	0.45824	0.14719	0.01683	0.00760	0.00240	0.00392	0.01479	0.00598	0.03534
65	0.01468	0.01167	0.01376	0.00988	0.01568	0.00883	0.00792	0.01758	0.01399	0.06766	0.01263	0.01422	0.01018	0.00509	0.00499	0.00104	0.00492	0.00408	0.00418	0.75702
66	0.00810	0.00664	0.00694	0.00696	0.00902	0.00564	0.00521	0.00960	0.01478	0.01778	0.08607	0.06068	0.64615	0.01694	0.00881	0.04725	0.00352	0.02851	0.00597	0.00544
67	0.04630	0.01333	0.01608	0.01267	0.01756	0.01328	0.01037	0.18339	0.13187	0.44763	0.02340	0.02097	0.01552	0.00817	0.00656	0.00205	0.00590	0.00652	0.00746	0.01097
68	0.01070	0.00735	0.00845	0.00812	0.01032	0.00656	0.00615	0.01330	0.04046	0.09020	0.18111	0.10490	0.40881	0.03719	0.00847	0.00236	0.00381	0.03888	0.00649	0.00637
69	0.00946	0.00685	0.00954	0.00954	0.01035	0.00766	0.00693	0.01109	0.01027	0.01451	0.01859	0.03114	0.01875	0.26988	0.52518	0.00929	0.01418	0.00783	0.00367	0.00530
70	0.00824	0.00631	0.00747	0.00795	0.00926	0.00564	0.00562	0.00993	0.01461	0.01892	0.18264	0.32603	0.31018	0.04514	0.00896	0.00252	0.00359	0.01518	0.00626	0.00555
71	0.01029	0.00698	0.00962	0.03374	0.01130	0.00749	0.00703	0.01168	0.01107	0.04039	0.04036	0.09232	0.02230	0.26080	0.33941	0.04752	0.01103	0.02714	0.00416	0.00536
72	0.01603	0.01472	0.01775	0.10897	0.02117	0.12744	0.09737	0.10076	0.03484	0.04547	0.01683	0.05884	0.01517	0.09876	0.11937	0.00385	0.04531	0.02291	0.02693	0.00750
73	0.01915	0.01574	0.02020	0.20429	0.08134	0.06537	0.05840	0.18225	0.13357	0.09839	0.01653	0.01820	0.01215	0.00752	0.00722	0.00211	0.03685	0.00622	0.00501	0.00948
74	0.08097	0.03860	0.06564	0.11645	0.09469	0.09581	0.07200	0.09433	0.03184	0.03888	0.01585	0.04386	0.03294	0.01079	0.05993	0.00265	0.03525	0.02077	0.00409	0.04466

[dist]
# distance from previous block
# <min> <max>
2	10

[block]
# block no. 3 follows, 33 sequences, length 63
# corresponding to MSA columns:
# 230-292
name=unknown_D
#
# <colnr> <probs for GDERKNQSTAVLIFYWHMCP>
#	G	D	E	R	K	N	Q	S	T	A	V	L	I	F	Y	W	H	M	C	P
0	0.00955	0.00691	0.00819	0.00845	0.00929	0.00684	0.00563	0.03358	0.03427	0.01675	0.05550	0.26924	0.12514	0.31098	0.06618	0.00451	0.00579	0.01275	0.00519	0.00526
1	0.08256	0.01098	0.01384	0.04803	0.09634	0.01180	0.01014	0.09706	0.11309	0.04722	0.08946	0.16670	0.02470	0.03752	0.00970	0.06374	0.02538	0.03868	0.00538	0.00768
2	0.01868	0.01716	0.04154	0.14380	0.21855	0.13992	0.01493	0.09707	0.04949	0.09346	0.06135	0.01904	0.01448	0.00731	0.00646	0.00197	0.00786	0.00611	0.03169	0.00915
3	0.00810	0.00595	0.00761	0.00874	0.00948	0.00545	0.00597	0.00950	0.01347	0.01780	0.10182	0.60357	0.13949	0.01944	0.00826	0.00256	0.00369	0.01744	0.00621	0.00545
4	0.00987	0.00682	0.00794	0.00805	0.00897	0.00651	0.00530	0.03354	0.01290	0.03555	0.07773	0.22986	0.16275	0.34293	0.01902	0.00412	0.00496	0.01267	0.00533	0.00520
5	0.01471	0.01377	0.01523	0.04253	0.15911	0.12147	0.01141	0.02005	0.13947	0.04236	0.06908	0.14150	0.11355	0.01153	0.00716	0.00220	0.00636	0.05528	0.00525	0.00799
6	0.00886	0.00675	0.00831	0.00863	0.01009	0.00642	0.00654	0.01083	0.01408	0.01829	0.13582	0.12729	0.28576	0.09196	0.12425	0.00405	0.00627	0.11455	0.00566	0.00560
7	0.81514	0.01273	0.00968	0.00866	0.01273	0.01477	0.00713	0.01935	0.01120	0.02954	0.00917	0.01069	0.00713	0.00611	0.00407	0.00204	0.00509	0.00356	0.00407	0.00713
8	0.06183	0.00871	0.00993	0.00954	0.01174	0.00873	0.00711	0.03529	0.11753	0.10366	0.07086	0.22945	0.14384	0.08041	0.00956	0.00266	0.00455	0.03500	0.04254	0.00706
9	0.01959	0.01262	0.01438	0.01197	0.01574	0.01314	0.00964	0.27587	0.09197	0.14540	0.04369	0.05367	0.06947	0.01069	0.00780	0.04630	0.00569	0.05192	0.07023	0.03022
10	0.01725	0.01401	0.01487	0.01315	0.01693	0.01601	0.01029	0.08491	0.61042	0.05005	0.02569	0.02383	0.01916	0.00877	0.00659	0.00218	0.00528	0.00724	0.04305	0.01031
11	0.00970	0.00627	0.00823	0.00925	0.01017	0.00576	0.00643	0.01105	0.01334	0.07089	0.03782	0.63351	0.09408	0.01931	0.00824	0.00260	0.00398	0.03728	0.00626	0.00583
12	0.04792	0.00820	0.00934	0.00882	0.01098	0.00793	0.00662	0.03933	0.07351	0.06941	0.23008	0.12312	0.23824	0.07114	0.00944	0.00253	0.00414	0.02621	0.00637	0.00666
13	0.10948	0.01355	0.01458	0.01223	0.01626	0.01474	0.00979	0.20451	0.25486	0.12497	0.10335	0.02486	0.05010	0.00908	0.00653	0.00210	0.00546	0.00728	0.00660	0.00967
14	0.00893	0.00636	0.00788	0.00881	0.00979	0.00589	0.00606	0.01071	0.03477	0.03858	0.04120	0.55584	0.17671	0.04432	0.00902	0.00268	0.00391	0.01674	0.00612	0.00567
15	0.10216	0.00767	0.00864	0.00852	0.01053	0.00735	0.00633	0.01357	0.03924	0.06667	0.21386	0.23768	0.22387	0.01491	0.00741	0.00227	0.00382	0.01282	0.00631	0.00637
16	0.32556	0.01130	0.01159	0.00996	0.01363	0.01184	0.00805	0.09990	0.01671	0.16967	0.13866	0.05054	0.06800	0.00951	0.00604	0.00210	0.00499	0.02792	0.00598	0.00807
17	0.01287	0.00898	0.01021	0.00960	0.01187	0.00895	0.00715	0.11399	0.06879	0.02377	0.02588	0.31818	0.02617	0.01267	0.00660	0.00204	0.00434	0.01099	0.21937	0.09758
18	0.24419	0.01459	0.01353	0.01170	0.01557	0.06289	0.00931	0.14443	0.24221	0.05892	0.01817	0.01819	0.01359	0.00764	0.00564	0.00201	0.00574	0.00569	0.09702	0.00899
19	0.01268	0.00754	0.01027	0.00986	0.01163	0.00757	0.00750	0.01486	0.03137	0.13142	0.09832	0.12954	0.08608	0.04975	0.26593	0.07235	0.00915	0.03237	0.00533	0.00648
20	0.09764	0.00828	0.01041	0.00960	0.01174	0.00810	0.00720	0.01728	0.02699	0.20397	0.06817	0.14417	0.02300	0.06726	0.05101	0.16997	0.00573	0.02941	0.03338	0.00668
21	0.01061	0.00758	0.01061	0.01212	0.01364	0.00758	0.01061	0.01364	0.01515	0.01970	0.03486	0.07426	0.03789	0.01819	0.00909	0.00303	0.00606	0.68326	0.00606	0.00606
22	0.00959	0.00723	0.01053	0.01043	0.01144	0.00843	0.00797	0.01165	0.01045	0.01503	0.01767	0.02736	0.01701	0.12683	0.64080	0.00986	0.04116	0.00729	0.00356	0.00572
23	0.01628	0.01485	0.02323	0.11056	0.30850	0.03801	0.08452	0.05837	0.03447	0.05359	0.03870	0.01998	0.01334	0.00873	0.02690	0.00239	0.10578	0.02881	0.00392	0.00909
24	0.00874	0.00681	0.00846	0.00964	0.03230	0.00628	0.00690	0.01051	0.01391	0.01766	0.04625	0.28884	0.31228	0.04440	0.03537	0.00294	0.00473	0.13244	0.00585	0.00569
25	0.00940	0.00705	0.01058	0.01058	0.01176	0.00823	0.00823	0.01176	0.01058	0.01528	0.01763	0.02586	0.01646	0.04937	0.74255	0.01058	0.01763	0.00705	0.00353	0.00588
26	0.81514	0.01273	0.00968	0.00866	0.01273	0.01477	0.00713	0.01935	0.01120	0.02954	0.00917	0.01069	0.00713	0.00611	0.00407	0.00204	0.00509	0.00356	0.00407	0.00713
27	0.01548	0.14821	0.03790	0.01340	0.01700	0.05752	0.08096	0.12587	0.04617	0.02062	0.01560	0.04513	0.01412	0.08700	0.17366	0.04610	0.00981	0.00656	0.00408	0.03478
28	0.01304	0.04429	0.53344	0.01909	0.04987	0.01453	0.09702	0.01947	0.01405	0.02035	0.01609	0.07309	0.04123	0.00767	0.00661	0.00213	0.00905	0.00661	0.00325	0.00913
29	0.00954	0.00651	0.00783	0.00783	0.00806	0.00674	0.00480	0.00999	0.00977	0.01325	0.02015	0.03978	0.02250	0.63080	0.16939	0.00719	0.00854	0.00909	0.00390	0.00435
30	0.00809	0.00594	0.00759	0.00874	0.00948	0.00545	0.00596	0.00947	0.01343	0.01771	0.09538	0.60628	0.14336	0.01948	0.00826	0.00256	0.00369	0.01748	0.00620	0.00545
31	0.01630	0.36077	0.26807	0.01725	0.05415	0.02007	0.10755	0.02081	0.01414	0.04827	0.01144	0.01338	0.00903	0.00594	0.00557	0.00179	0.00845	0.00476	0.00311	0.00914
32	0.01566	0.01994	0.12037	0.02206	0.02656	0.08282	0.31952	0.01974	0.01375	0.01883	0.01125	0.01559	0.00918	0.00778	0.01212	0.00238	0.26463	0.00639	0.00311	0.00831
33	0.04742	0.01277	0.01571	0.01241	0.01727	0.01246	0.01014	0.12903	0.13593	0.49751	0.02420	0.02151	0.01595	0.00819	0.00656	0.00206	0.00576	0.00658	0.00758	0.01097
34	0.00948	0.00690	0.01031	0.01038	0.01144	0.00793	0.00796	0.01142	0.01053	0.01509	0.01806	0.05905	0.01734	0.04624	0.65983	0.06513	0.01619	0.00749	0.00360	0.00565
35	0.01005	0.00660	0.00825	0.00872	0.00955	0.00636	0.00594	0.01127	0.04268	0.04072	0.03215	0.32869	0.11741	0.17512	0.01614	0.12897	0.00479	0.03617	0.00526	0.00515
36	0.00940	0.00705	0.01058	0.01058	0.01176	0.00823	0.00823	0.01176	0.01058	0.01528	0.01763	0.02586	0.01646	0.04937	0.74255	0.01058	0.01763	0.00705	0.00353	0.00588
37	0.01440	0.01440	0.02016	0.01728	0.01728	0.02016	0.01440	0.01584	0.01008	0.01584	0.00864	0.01440	0.00864	0.01152	0.02160	0.00288	0.75659	0.00576	0.00288	0.00720
38	0.00866	0.00621	0.00775	0.00854	0.00924	0.00585	0.00581	0.00995	0.01302	0.01727	0.11426	0.40098	0.11293	0.18898	0.01401	0.00342	0.00441	0.05775	0.00576	0.00521
39	0.01099	0.00808	0.01076	0.01037	0.01219	0.00888	0.00805	0.01542	0.10251	0.04935	0.08062	0.03160	0.10006	0.03587	0.47533	0.00752	0.01276	0.00824	0.00472	0.00668
40	0.01243	0.01170	0.01975	0.75282	0.04534	0.01463	0.01828	0.01682	0.01316	0.01682	0.01170	0.01755	0.00878	0.00658	0.00658	0.00219	0.00878	0.00585	0.00293	0.00731
41	0.01551	0.01302	0.01380	0.01246	0.01578	0.01474	0.00957	0.07186	0.54823	0.02629	0.02881	0.06147	0.06789	0.05985	0.00860	0.00251	0.00522	0.00843	0.00645	0.00949
42	0.01760	0.77260	0.03450	0.01126	0.01690	0.02605	0.01126	0.01971	0.01338	0.01549	0.00915	0.01056	0.00845	0.00563	0.00422	0.00141	0.00704	0.00352	0.00282	0.00845
43	0.01440	0.01440	0.02016	0.01728	0.01728	0.02016	0.01440	0.01584	0.01008	0.01584	0.00864	0.01440	0.00864	0.01152	0.02160	0.00288	0.75659	0.00576	0.00288	0.00720
44	0.01243	0.01170	0.01975	0.75282	0.04534	0.01463	0.01828	0.01682	0.01316	0.01682	0.01170	0.01755	0.00878	0.00658	0.00658	0.00219	0.00878	0.00585	0.00293	0.00731
45	0.01440	0.01440	0.02016	0.01728	0.01728	0.02016	0.01440	0.01584	0.01008	0.01584	0.00864	0.01440	0.00864	0.01152	0.02160	0.00288	0.75659	0.00576	0.00288	0.00720
46	0.02459	0.03138	0.01866	0.01696	0.02035	0.74221	0.01272	0.02629	0.01866	0.01611	0.01018	0.01187	0.00848	0.00678	0.00594	0.00170	0.01187	0.00424	0.00339	0.00763
47	0.00957	0.00638	0.00718	0.00718	0.00718	0.00638	0.00399	0.00957	0.00957	0.01276	0.02074	0.04308	0.02393	0.76864	0.03351	0.00638	0.00638	0.00957	0.00399	0.00399
48	0.02518	0.01819	0.01960	0.01503	0.02029	0.02005	0.01242	0.68251	0.03054	0.06518	0.01615	0.01603	0.01137	0.00791	0.00659	0.00198	0.00719	0.00595	0.00664	0.01120
49	0.00823	0.00637	0.00753	0.00802	0.00943	0.00566	0.00578	0.01003	0.01484	0.01913	0.18049	0.31233	0.33586	0.01752	0.00804	0.00238	0.00354	0.03289	0.00633	0.00562
50	0.01122	0.00579	0.00842	0.00842	0.00842	0.00579	0.00552	0.00869	0.00869	0.01159	0.01250	0.02265	0.01286	0.10808	0.02662	0.71681	0.00579	0.00616	0.00299	0.00299
51	0.02343	0.02944	0.01883	0.01700	0.02000	0.65971	0.01291	0.02509	0.01768	0.01608	0.01000	0.01216	0.00850	0.00733	0.00773	0.00183	0.09697	0.00441	0.00333	0.00758
52	0.00975	0.00753	0.01087	0.01093	0.01256	0.00714	0.05341	0.01226	0.01503	0.01991	0.16757	0.21212	0.12182	0.04961	0.00952	0.00277	0.00504	0.26015	0.00603	0.00597
53	0.00840	0.00609	0.00802	0.00909	0.00983	0.00559	0.00619	0.00984	0.01333	0.01808	0.11297	0.65213	0.04423	0.01916	0.00818	0.00253	0.00378	0.01733	0.00615	0.03907
54	0.00802	0.00573	0.00764	0.00917	0.00955	0.00535	0.00611	0.00917	0.01260	0.01681	0.03628	0.76434	0.04354	0.02062	0.00840	0.00267	0.00382	0.01872	0.00611	0.00535
55	0.00925	0.00690	0.01025	0.01042	0.01151	0.00790	0.00799	0.01146	0.01081	0.01545	0.01974	0.10930	0.01952	0.04613	0.65960	0.00969	0.01607	0.00837	0.00382	0.00582
56	0.00896	0.00629	0.00812	0.00878	0.00921	0.00635	0.00586	0.00996	0.01117	0.01509	0.02687	0.32952	0.03087	0.30882	0.15516	0.00557	0.00745	0.03618	0.00482	0.00496
57	0.03901	0.45041	0.17900	0.01420	0.02047	0.06563	0.04895	0.04959	0.04397	0.01891	0.01100	0.01251	0.00907	0.00607	0.00513	0.00168	0.00798	0.00433	0.00322	0.00885
58	0.02503	0.01844	0.01976	0.01515	0.02042	0.02042	0.01251	0.70562	0.03095	0.04149	0.01581	0.01581	0.01120	0.00790	0.00659	0.00198	0.00724	0.00593	0.00659	0.01120
59	0.02803	0.01226	0.01576	0.01223	0.01724	0.01142	0.01006	0.10975	0.07272	0.59965	0.02487	0.02181	0.01600	0.00818	0.00662	0.00204	0.00576	0.00660	0.00786	0.01114
60	0.13584	0.04619	0.01603	0.09135	0.01878	0.08858	0.08808	0.05721	0.03537	0.02050	0.02155	0.16019	0.06910	0.08668	0.03406	0.00286	0.00728	0.00888	0.00447	0.00700
61	0.01528	0.03240	0.01651	0.01546	0.10220	0.03497	0.04240	0.15153	0.08562	0.02480	0.06074	0.13001	0.09940	0.01011	0.00672	0.00194	0.00587	0.00871	0.00529	0.15004
