[name]
unknown

[dist]
# distance from previous block
# <min> <max>
0	30

[block]
# block no. 0 follows, 32 sequences, length 75
# corresponding to MSA columns:
# 30-104
name=unknown_A
#
# <colnr> <probs for GDERKNQSTAVLIFYWHMCP>
#	G	D	E	R	K	N	Q	S	T	A	V	L	I	F	Y	W	H	M	C	P
0	0.01081	0.00772	0.01081	0.01236	0.01390	0.00772	0.01081	0.01390	0.01545	0.02008	0.03553	0.07569	0.03862	0.01854	0.00927	0.00309	0.00618	0.67717	0.00618	0.00618
1	0.00950	0.00686	0.00897	0.00844	0.01002	0.00633	0.00633	0.01266	0.01899	0.02691	0.71879	0.05012	0.06331	0.01372	0.00791	0.00211	0.00317	0.01213	0.00739	0.00633
2	0.01669	0.01441	0.01517	0.01365	0.01745	0.01669	0.01062	0.03565	0.71021	0.02807	0.02731	0.02503	0.02048	0.00910	0.00683	0.00228	0.00531	0.00759	0.00683	0.01062
3	0.00976	0.00651	0.00732	0.00732	0.00732	0.00651	0.00407	0.00976	0.00976	0.01301	0.02114	0.04391	0.02439	0.76419	0.03415	0.00651	0.00651	0.00976	0.00407	0.00407
4	0.02509	0.03131	0.01907	0.01719	0.02075	0.70105	0.01295	0.06080	0.01965	0.01773	0.01066	0.01230	0.00878	0.00697	0.00608	0.00174	0.01186	0.00441	0.00362	0.00796
5	0.01251	0.00625	0.00625	0.00625	0.00782	0.00625	0.00469	0.01563	0.01407	0.02502	0.02189	0.02502	0.01720	0.00782	0.00469	0.00156	0.00313	0.00625	0.80144	0.00625
6	0.01346	0.03471	0.72942	0.01912	0.02904	0.01558	0.02479	0.02125	0.01417	0.02125	0.01204	0.01417	0.00850	0.00637	0.00637	0.00212	0.00992	0.00496	0.00283	0.00992
7	0.00950	0.00686	0.00897	0.00844	0.01002	0.00633	0.00633	0.01266	0.01899	0.02691	0.71879	0.05012	0.06331	0.01372	0.00791	0.00211	0.00317	0.01213	0.00739	0.00633
8	0.01251	0.00625	0.00625	0.00625	0.00782	0.00625	0.00469	0.01563	0.01407	0.02502	0.02189	0.02502	0.01720	0.00782	0.00469	0.00156	0.00313	0.00625	0.80144	0.00625
9	0.02506	0.03198	0.01901	0.01729	0.02074	0.73725	0.01296	0.02679	0.01901	0.01642	0.01037	0.01210	0.00864	0.00691	0.00605	0.00173	0.01210	0.00432	0.00346	0.00778
10	0.02275	0.43191	0.05248	0.01195	0.01761	0.01932	0.01130	0.02529	0.01593	0.30688	0.01644	0.01583	0.01188	0.00681	0.00538	0.00172	0.00668	0.00493	0.00509	0.00981
11	0.01669	0.01441	0.01517	0.01365	0.01745	0.01669	0.01062	0.03565	0.71021	0.02807	0.02731	0.02503	0.02048	0.00910	0.00683	0.00228	0.00531	0.00759	0.00683	0.01062
12	0.00950	0.00686	0.00897	0.00844	0.01002	0.00633	0.00633	0.01266	0.01899	0.02691	0.71879	0.05012	0.06331	0.01372	0.00791	0.00211	0.00317	0.01213	0.00739	0.00633
13	0.01391	0.01193	0.01391	0.00994	0.01590	0.00894	0.00795	0.01690	0.01391	0.02186	0.01193	0.01391	0.00994	0.00497	0.00497	0.00099	0.00497	0.00398	0.00398	0.80521
14	0.01661	0.01594	0.02724	0.04119	0.72233	0.01594	0.02059	0.02059	0.01528	0.02192	0.01262	0.01661	0.01063	0.00598	0.00664	0.00199	0.00797	0.00598	0.00332	0.01063
15	0.01661	0.01594	0.02724	0.04119	0.72233	0.01594	0.02059	0.02059	0.01528	0.02192	0.01262	0.01661	0.01063	0.00598	0.00664	0.00199	0.00797	0.00598	0.00332	0.01063
16	0.08472	0.03054	0.01832	0.01664	0.02015	0.68247	0.01253	0.02626	0.01844	0.01746	0.01029	0.01201	0.00854	0.00686	0.00591	0.00175	0.01158	0.00427	0.00351	0.00774
17	0.01706	0.01460	0.01538	0.01373	0.01759	0.01686	0.01071	0.06358	0.68169	0.02867	0.02684	0.02466	0.02010	0.00906	0.00682	0.00226	0.00540	0.00752	0.00682	0.01065
18	0.01346	0.03471	0.72942	0.01912	0.02904	0.01558	0.02479	0.02125	0.01417	0.02125	0.01204	0.01417	0.00850	0.00637	0.00637	0.00212	0.00992	0.00496	0.00283	0.00992
19	0.01661	0.01594	0.02724	0.04119	0.72233	0.01594	0.02059	0.02059	0.01528	0.02192	0.01262	0.01661	0.01063	0.00598	0.00664	0.00199	0.00797	0.00598	0.00332	0.01063
20	0.01468	0.01468	0.02055	0.01762	0.01762	0.02055	0.01468	0.01615	0.01028	0.01615	0.00881	0.01468	0.00881	0.01174	0.02202	0.00294	0.75191	0.00587	0.00294	0.00734
21	0.00959	0.00719	0.01078	0.01078	0.01198	0.00839	0.00839	0.01198	0.01078	0.01558	0.01797	0.02636	0.01677	0.05032	0.73760	0.01078	0.01797	0.00719	0.00359	0.00599
22	0.01194	0.00945	0.01203	0.01145	0.01316	0.04005	0.00892	0.08619	0.01332	0.01840	0.01755	0.02518	0.01608	0.06470	0.60845	0.00934	0.01626	0.00702	0.00394	0.00659
23	0.01304	0.01230	0.02078	0.68264	0.10879	0.01500	0.01882	0.01746	0.01359	0.01759	0.01199	0.01777	0.00910	0.00664	0.00670	0.00221	0.00885	0.00596	0.00301	0.00775
24	0.01251	0.00625	0.00625	0.00625	0.00782	0.00625	0.00469	0.01563	0.01407	0.02502	0.02189	0.02502	0.01720	0.00782	0.00469	0.00156	0.00313	0.00625	0.80144	0.00625
25	0.01430	0.01237	0.01531	0.04155	0.01802	0.00986	0.03373	0.03868	0.01452	0.02230	0.01212	0.01430	0.00995	0.00516	0.00520	0.00112	0.00544	0.00427	0.00400	0.71778
26	0.01938	0.26843	0.12941	0.01772	0.02345	0.26971	0.14184	0.02284	0.01599	0.01785	0.01087	0.01308	0.00890	0.00622	0.00588	0.00179	0.01005	0.00484	0.00317	0.00859
27	0.03010	0.01142	0.01557	0.01194	0.01713	0.00986	0.00986	0.03270	0.01920	0.72698	0.02647	0.02284	0.01661	0.00830	0.00675	0.00208	0.00571	0.00675	0.00830	0.01142
28	0.00959	0.00719	0.01078	0.01078	0.01198	0.00839	0.00839	0.01198	0.01078	0.01558	0.01797	0.02636	0.01677	0.05032	0.73760	0.01078	0.01797	0.00719	0.00359	0.00599
29	0.00960	0.00713	0.01048	0.01048	0.01157	0.00822	0.00801	0.01179	0.01069	0.01535	0.01825	0.02789	0.01744	0.11273	0.67611	0.01041	0.01697	0.00741	0.00364	0.00582
30	0.01669	0.01441	0.01517	0.01365	0.01745	0.01669	0.01062	0.03565	0.71021	0.02807	0.02731	0.02503	0.02048	0.00910	0.00683	0.00228	0.00531	0.00759	0.00683	0.01062
31	0.01251	0.00625	0.00625	0.00625	0.00782	0.00625	0.00469	0.01563	0.01407	0.02502	0.02189	0.02502	0.01720	0.00782	0.00469	0.00156	0.00313	0.00625	0.80144	0.00625
32	0.00793	0.00680	0.00680	0.00680	0.00906	0.00566	0.00510	0.00963	0.01529	0.01813	0.06797	0.06457	0.71961	0.01699	0.00793	0.00227	0.00340	0.01416	0.00623	0.00566
33	0.01794	0.76823	0.03516	0.01148	0.01722	0.02655	0.01148	0.02009	0.01363	0.01579	0.00933	0.01076	0.00861	0.00574	0.00431	0.00144	0.00718	0.00359	0.00287	0.00861
34	0.01251	0.00625	0.00625	0.00625	0.00782	0.00625	0.00469	0.01563	0.01407	0.02502	0.02189	0.02502	0.01720	0.00782	0.00469	0.00156	0.00313	0.00625	0.80144	0.00625
35	0.02538	0.02256	0.01982	0.01597	0.02079	0.22528	0.01281	0.50784	0.02797	0.03491	0.01447	0.01497	0.01062	0.00773	0.00652	0.00193	0.00873	0.00555	0.00578	0.01037
36	0.01577	0.01457	0.02243	0.02956	0.42465	0.01506	0.04436	0.02368	0.19929	0.02411	0.09886	0.02280	0.01935	0.00769	0.00689	0.00209	0.00685	0.00720	0.00472	0.01006
37	0.01669	0.01441	0.01517	0.01365	0.01745	0.01669	0.01062	0.03565	0.71021	0.02807	0.02731	0.02503	0.02048	0.00910	0.00683	0.00228	0.00531	0.00759	0.00683	0.01062
38	0.00976	0.00651	0.00732	0.00732	0.00732	0.00651	0.00407	0.00976	0.00976	0.01301	0.02114	0.04391	0.02439	0.76419	0.03415	0.00651	0.00651	0.00976	0.00407	0.00407
39	0.01628	0.48307	0.25883	0.01434	0.02107	0.02262	0.01599	0.02022	0.01359	0.01758	0.01017	0.01211	0.00859	0.00633	0.00610	0.00175	0.05536	0.00418	0.00286	0.00895
40	0.01794	0.76823	0.03516	0.01148	0.01722	0.02655	0.01148	0.02009	0.01363	0.01579	0.00933	0.01076	0.00861	0.00574	0.00431	0.00144	0.00718	0.00359	0.00287	0.00861
41	0.81159	0.01298	0.00986	0.00882	0.01298	0.01505	0.00727	0.01972	0.01142	0.03010	0.00934	0.01090	0.00727	0.00623	0.00415	0.00208	0.00519	0.00363	0.00415	0.00727
42	0.00945	0.00692	0.00922	0.00882	0.01036	0.00669	0.00667	0.01241	0.01728	0.02440	0.55901	0.04622	0.08168	0.02079	0.14621	0.00376	0.00598	0.01128	0.00662	0.00624
43	0.13083	0.01801	0.01876	0.01455	0.01976	0.02004	0.01202	0.60882	0.02885	0.04066	0.01520	0.01541	0.01086	0.00781	0.00637	0.00202	0.00709	0.00572	0.00637	0.01086
44	0.00959	0.00719	0.01078	0.01078	0.01198	0.00839	0.00839	0.01198	0.01078	0.01558	0.01797	0.02636	0.01677	0.05032	0.73760	0.01078	0.01797	0.00719	0.00359	0.00599
45	0.01640	0.01652	0.03054	0.03774	0.53879	0.01622	0.20149	0.02083	0.01543	0.02181	0.01288	0.01701	0.01051	0.00589	0.00698	0.00206	0.00886	0.00650	0.00334	0.01021
46	0.01921	0.01843	0.02697	0.02905	0.30937	0.14094	0.19391	0.02304	0.01654	0.10296	0.01505	0.01940	0.01203	0.00685	0.00699	0.00207	0.00922	0.03426	0.00406	0.00963
47	0.01468	0.01468	0.02055	0.01762	0.01762	0.02055	0.01468	0.01615	0.01028	0.01615	0.00881	0.01468	0.00881	0.01174	0.02202	0.00294	0.75191	0.00587	0.00294	0.00734
48	0.01633	0.01410	0.01483	0.01337	0.01710	0.01623	0.01039	0.03458	0.68142	0.02766	0.02899	0.02667	0.04945	0.00943	0.00687	0.00228	0.00523	0.00786	0.00680	0.01042
49	0.01779	0.01950	0.10030	0.02354	0.03011	0.01743	0.43977	0.18944	0.01968	0.02681	0.03781	0.01831	0.01211	0.00659	0.00747	0.00218	0.00993	0.00731	0.00430	0.00963
50	0.01251	0.00625	0.00625	0.00625	0.00782	0.00625	0.00469	0.01563	0.01407	0.02502	0.02189	0.02502	0.01720	0.00782	0.00469	0.00156	0.00313	0.00625	0.80144	0.00625
51	0.00795	0.00671	0.00689	0.00703	0.00913	0.00564	0.00520	0.00960	0.01507	0.01803	0.06510	0.12892	0.65711	0.01737	0.00799	0.00231	0.00344	0.01462	0.00623	0.00564
52	0.02211	0.01711	0.01822	0.01475	0.01951	0.01922	0.01193	0.44391	0.29313	0.03681	0.02043	0.01955	0.01491	0.00846	0.00676	0.00211	0.00658	0.00664	0.00676	0.01111
53	0.01346	0.03471	0.72942	0.01912	0.02904	0.01558	0.02479	0.02125	0.01417	0.02125	0.01204	0.01417	0.00850	0.00637	0.00637	0.00212	0.00992	0.00496	0.00283	0.00992
54	0.01794	0.76823	0.03516	0.01148	0.01722	0.02655	0.01148	0.02009	0.01363	0.01579	0.00933	0.01076	0.00861	0.00574	0.00431	0.00144	0.00718	0.00359	0.00287	0.00861
55	0.01354	0.03411	0.70465	0.01945	0.02926	0.01563	0.04897	0.02126	0.01423	0.02126	0.01210	0.01431	0.00856	0.00635	0.00643	0.00213	0.00997	0.00506	0.00285	0.00989
56	0.01615	0.01547	0.02641	0.12359	0.64352	0.01582	0.02036	0.02019	0.01506	0.02136	0.01254	0.01676	0.01043	0.00606	0.00665	0.00202	0.00808	0.00598	0.00328	0.01026
57	0.00959	0.00719	0.01078	0.01078	0.01198	0.00839	0.00839	0.01198	0.01078	0.01558	0.01797	0.02636	0.01677	0.05032	0.73760	0.01078	0.01797	0.00719	0.00359	0.00599
58	0.01584	0.01810	0.03959	0.02828	0.03507	0.01697	0.69796	0.02149	0.01584	0.02149	0.01357	0.01810	0.01018	0.00566	0.00792	0.00226	0.01131	0.00792	0.00339	0.00905
59	0.18286	0.01532	0.02360	0.03442	0.57399	0.01576	0.01781	0.02041	0.01447	0.02363	0.01194	0.01541	0.00993	0.00603	0.00612	0.00201	0.00739	0.00549	0.00350	0.00993
60	0.16708	0.01232	0.01483	0.01170	0.01665	0.01182	0.00963	0.07315	0.05353	0.52495	0.02283	0.02041	0.01482	0.00796	0.00629	0.00208	0.00570	0.00620	0.00740	0.01065
61	0.00818	0.00584	0.00779	0.00934	0.00973	0.00545	0.00623	0.00934	0.01285	0.01713	0.03698	0.75981	0.04438	0.02102	0.00856	0.00273	0.00389	0.01908	0.00623	0.00545
62	0.00959	0.00716	0.01066	0.01066	0.01181	0.00832	0.00823	0.01190	0.01075	0.01548	0.01809	0.02700	0.01705	0.07624	0.71206	0.01063	0.01756	0.00728	0.00361	0.00592
63	0.01655	0.01609	0.02808	0.04030	0.67519	0.01601	0.06706	0.02065	0.01532	0.02189	0.01269	0.01671	0.01060	0.00596	0.00673	0.00201	0.00820	0.00611	0.00333	0.01052
64	0.74287	0.01323	0.01075	0.03599	0.01458	0.01534	0.00796	0.05400	0.01251	0.03025	0.00978	0.01142	0.00754	0.00634	0.00437	0.00208	0.00544	0.00384	0.00424	0.00748
65	0.04541	0.01758	0.02414	0.03323	0.51613	0.10875	0.01777	0.04318	0.01631	0.06198	0.01308	0.01606	0.01059	0.00626	0.00642	0.00192	0.00814	0.00565	0.00378	0.04361
66	0.11444	0.01652	0.02462	0.03581	0.59415	0.05832	0.01851	0.02085	0.01503	0.02260	0.01209	0.01564	0.01010	0.00606	0.00630	0.00199	0.00787	0.00559	0.00343	0.01005
67	0.04330	0.01641	0.02604	0.07497	0.32392	0.06508	0.16437	0.02282	0.03599	0.11127	0.01469	0.01746	0.01120	0.00638	0.00676	0.00203	0.00848	0.00628	0.00411	0.03842
68	0.16552	0.05463	0.02415	0.02670	0.32347	0.08112	0.11596	0.02117	0.01511	0.04681	0.03358	0.01621	0.01143	0.00633	0.00619	0.00197	0.00797	0.00571	0.00379	0.03218
69	0.23453	0.04129	0.02132	0.02357	0.26920	0.10340	0.07659	0.02175	0.03483	0.04551	0.01225	0.01471	0.00979	0.00622	0.00583	0.00194	0.00766	0.00518	0.00386	0.06058
70	0.04323	0.01765	0.02970	0.03161	0.34719	0.05763	0.25811	0.06571	0.04036	0.02325	0.01345	0.01695	0.01064	0.00617	0.00699	0.00209	0.00917	0.00655	0.00372	0.00985
71	0.15453	0.01848	0.04596	0.02166	0.20107	0.15105	0.07694	0.05103	0.03618	0.07411	0.03555	0.01635	0.01192	0.00669	0.00614	0.00193	0.00800	0.00555	0.00426	0.07261
72	0.08478	0.04871	0.05397	0.02467	0.16867	0.06076	0.28413	0.02301	0.03801	0.10232	0.01445	0.01700	0.01086	0.00627	0.00676	0.00206	0.00892	0.00639	0.00409	0.03417
73	0.08959	0.04320	0.06660	0.02146	0.13432	0.08327	0.18507	0.06245	0.01710	0.18589	0.01560	0.01705	0.01125	0.00665	0.00658	0.00202	0.00840	0.00609	0.00474	0.03266
74	0.04100	0.01912	0.10961	0.06098	0.17667	0.09028	0.19793	0.02284	0.03575	0.10504	0.03714	0.01810	0.01252	0.00666	0.00682	0.00205	0.00889	0.00639	0.00415	0.03806

[dist]
# distance from previous block
# <min> <max>
6	75

[block]
# block no. 1 follows, 32 sequences, length 23
# corresponding to MSA columns:
# 180-202
name=unknown_B
#
# <colnr> <probs for GDERKNQSTAVLIFYWHMCP>
#	G	D	E	R	K	N	Q	S	T	A	V	L	I	F	Y	W	H	M	C	P
0	0.01679	0.05575	0.10064	0.03246	0.12592	0.03542	0.06599	0.13301	0.06922	0.04879	0.09883	0.02254	0.04997	0.00796	0.00660	0.00192	0.00703	0.00683	0.00492	0.10940
1	0.05965	0.01569	0.05908	0.02307	0.26342	0.03550	0.03109	0.10897	0.03979	0.17134	0.04364	0.06074	0.01576	0.00798	0.00665	0.00204	0.00701	0.00692	0.00525	0.03640
2	0.02071	0.01654	0.05537	0.02385	0.25942	0.01562	0.04995	0.20941	0.03518	0.13886	0.01603	0.01731	0.01180	0.00688	0.00656	0.00193	0.00734	0.00599	0.00517	0.09609
3	0.07895	0.05224	0.03926	0.03725	0.15602	0.01483	0.01249	0.17889	0.06910	0.10324	0.11377	0.06057	0.03663	0.00904	0.00667	0.00207	0.00627	0.00755	0.00568	0.00947
4	0.01704	0.05499	0.06908	0.02275	0.23927	0.09311	0.03774	0.10447	0.10146	0.02350	0.01981	0.09715	0.05151	0.00884	0.00674	0.00206	0.00748	0.00762	0.00460	0.03078
5	0.09268	0.01652	0.07364	0.09928	0.24524	0.07155	0.01511	0.06900	0.03728	0.02248	0.01544	0.09825	0.01410	0.02502	0.00759	0.00218	0.03213	0.00701	0.00406	0.05140
6	0.01499	0.01197	0.01301	0.03777	0.01561	0.04751	0.00868	0.09189	0.10390	0.06298	0.06561	0.12106	0.11176	0.04936	0.00812	0.00214	0.00546	0.00889	0.00559	0.21369
7	0.01729	0.01915	0.18047	0.01938	0.12218	0.04087	0.06784	0.07508	0.05357	0.10409	0.05748	0.01907	0.01452	0.00893	0.03407	0.00231	0.04607	0.00618	0.00456	0.10689
8	0.04486	0.00741	0.00978	0.01020	0.01145	0.00713	0.02503	0.03199	0.01379	0.07285	0.03255	0.54361	0.03707	0.07318	0.01009	0.00291	0.00469	0.04914	0.00608	0.00619
9	0.01507	0.01548	0.05516	0.06749	0.32198	0.04989	0.07494	0.03960	0.05209	0.02257	0.12427	0.02564	0.07389	0.00843	0.00734	0.00210	0.02295	0.00766	0.00441	0.00906
10	0.01776	0.08164	0.02559	0.02868	0.38988	0.01632	0.06854	0.10681	0.01715	0.04371	0.01313	0.01591	0.01058	0.00611	0.00629	0.00182	0.00756	0.00564	0.00396	0.13294
11	0.75036	0.01290	0.01017	0.00891	0.01320	0.01458	0.00732	0.01951	0.01161	0.02947	0.00954	0.01113	0.00747	0.00613	0.00422	0.00199	0.00517	0.00366	0.00414	0.06852
12	0.01617	0.11318	0.28586	0.02053	0.08910	0.01775	0.13374	0.07510	0.13821	0.02349	0.01502	0.01671	0.01132	0.00675	0.00652	0.00207	0.00865	0.00593	0.00397	0.00991
13	0.02381	0.01887	0.01912	0.01523	0.02017	0.06901	0.01237	0.52863	0.15871	0.03784	0.01783	0.01752	0.01293	0.00817	0.00669	0.00204	0.00731	0.00621	0.00651	0.01101
14	0.00818	0.00584	0.00779	0.00934	0.00973	0.00545	0.00623	0.00934	0.01285	0.01713	0.03698	0.75981	0.04438	0.02102	0.00856	0.00273	0.00389	0.01908	0.00623	0.00545
15	0.01009	0.00793	0.01175	0.01146	0.01254	0.00959	0.00901	0.01239	0.01073	0.01563	0.01707	0.02520	0.01599	0.04650	0.66673	0.01001	0.09066	0.00706	0.00353	0.00612
16	0.01876	0.01871	0.05992	0.03301	0.47584	0.08358	0.05333	0.11135	0.01786	0.04380	0.01328	0.01625	0.01059	0.00641	0.00665	0.00199	0.00848	0.00590	0.00390	0.01037
17	0.01070	0.00721	0.00785	0.00744	0.00986	0.00620	0.00567	0.01277	0.01597	0.08987	0.12964	0.05542	0.51804	0.01498	0.00753	0.00217	0.00358	0.01252	0.07623	0.00636
18	0.00889	0.00607	0.00793	0.00932	0.00995	0.00576	0.00652	0.01046	0.01323	0.01825	0.03525	0.61468	0.04095	0.01939	0.00823	0.00264	0.00404	0.08308	0.08976	0.00561
19	0.01643	0.05225	0.02700	0.06236	0.62537	0.01668	0.01975	0.02020	0.01485	0.02114	0.01222	0.01626	0.01037	0.00632	0.00740	0.00203	0.05001	0.00586	0.00327	0.01024
20	0.07344	0.01770	0.01809	0.01635	0.07286	0.09541	0.01215	0.28305	0.21236	0.10105	0.01888	0.01849	0.01378	0.00797	0.00651	0.00206	0.00706	0.00619	0.00612	0.01048
21	0.00911	0.00660	0.00803	0.00844	0.00978	0.00612	0.00619	0.01118	0.01501	0.02030	0.20555	0.23740	0.21590	0.05606	0.03628	0.00289	0.00437	0.06764	0.06734	0.00579
22	0.01675	0.11127	0.02668	0.03364	0.54281	0.03743	0.01797	0.02034	0.01504	0.02098	0.01207	0.01547	0.01025	0.00588	0.00616	0.00182	0.00769	0.00543	0.00333	0.08898

[dist]
# distance from previous block
# <min> <max>
0	1

[block]
# block no. 2 follows, 32 sequences, length 22
# corresponding to MSA columns:
# 204-225
name=unknown_C
#
# <colnr> <probs for GDERKNQSTAVLIFYWHMCP>
#	G	D	E	R	K	N	Q	S	T	A	V	L	I	F	Y	W	H	M	C	P
0	0.01616	0.01548	0.02642	0.12186	0.64517	0.01582	0.02037	0.02020	0.01507	0.02138	0.01254	0.01675	0.01044	0.00606	0.00665	0.00202	0.00808	0.00598	0.00328	0.01027
1	0.04231	0.54919	0.03143	0.01417	0.05273	0.04303	0.03456	0.12601	0.01665	0.02083	0.01071	0.01216	0.00916	0.00615	0.00495	0.00161	0.00745	0.00425	0.00356	0.00910
2	0.01850	0.19846	0.28085	0.04485	0.02237	0.01632	0.01593	0.02395	0.06003	0.19225	0.01712	0.05271	0.01305	0.00760	0.00613	0.00199	0.00761	0.00597	0.00461	0.00970
3	0.01616	0.01548	0.02642	0.12186	0.64517	0.01582	0.02037	0.02020	0.01507	0.02138	0.01254	0.01675	0.01044	0.00606	0.00665	0.00202	0.00808	0.00598	0.00328	0.01027
4	0.01661	0.01594	0.02724	0.04119	0.72233	0.01594	0.02059	0.02059	0.01528	0.02192	0.01262	0.01661	0.01063	0.00598	0.00664	0.00199	0.00797	0.00598	0.00332	0.01063
5	0.01839	0.04024	0.18476	0.02581	0.29675	0.01476	0.05102	0.02404	0.06700	0.16460	0.01781	0.01912	0.03100	0.00704	0.00665	0.00207	0.00778	0.00627	0.00455	0.01036
6	0.00859	0.00601	0.00766	0.00881	0.00910	0.00573	0.00566	0.00945	0.01203	0.01605	0.03281	0.57146	0.03912	0.21654	0.01530	0.00372	0.00458	0.01662	0.00566	0.00509
7	0.00818	0.00584	0.00779	0.00934	0.00973	0.00545	0.00623	0.00934	0.01285	0.01713	0.03698	0.75981	0.04438	0.02102	0.00856	0.00273	0.00389	0.01908	0.00623	0.00545
8	0.01661	0.01594	0.02724	0.04119	0.72233	0.01594	0.02059	0.02059	0.01528	0.02192	0.01262	0.01661	0.01063	0.00598	0.00664	0.00199	0.00797	0.00598	0.00332	0.01063
9	0.02020	0.01873	0.02226	0.18791	0.12117	0.13315	0.06233	0.27030	0.02126	0.02716	0.01329	0.01602	0.01011	0.00727	0.00731	0.00207	0.03960	0.00586	0.00450	0.00949
10	0.00815	0.00595	0.00768	0.00906	0.00966	0.00547	0.00610	0.00937	0.01312	0.01724	0.04040	0.68306	0.11892	0.02058	0.00849	0.00267	0.00384	0.01853	0.00623	0.00547
11	0.00959	0.00896	0.04969	0.09314	0.01506	0.00764	0.00856	0.01263	0.01654	0.02207	0.34064	0.08020	0.25479	0.01403	0.00778	0.00224	0.00443	0.03943	0.00617	0.00641
12	0.00978	0.00684	0.00886	0.00855	0.01012	0.00627	0.00634	0.01258	0.01796	0.04395	0.56989	0.14352	0.10058	0.01474	0.00797	0.00220	0.00334	0.01303	0.00719	0.00631
13	0.04237	0.26395	0.04091	0.06375	0.12112	0.08151	0.01325	0.04159	0.14475	0.10146	0.01559	0.01642	0.01207	0.00694	0.00580	0.00187	0.00733	0.00534	0.00448	0.00951
14	0.04278	0.11833	0.16510	0.01789	0.05559	0.01825	0.10481	0.23808	0.04460	0.10744	0.01529	0.01623	0.01105	0.00702	0.00642	0.00201	0.00808	0.00582	0.00496	0.01026
15	0.01811	0.26182	0.25739	0.01757	0.05749	0.05775	0.06083	0.15172	0.01776	0.02336	0.01200	0.01373	0.00931	0.00646	0.00588	0.00187	0.00867	0.00494	0.00368	0.00966
16	0.64264	0.01447	0.01194	0.01111	0.03886	0.04996	0.00859	0.06722	0.05771	0.02986	0.01111	0.01241	0.00857	0.00656	0.00467	0.00207	0.00577	0.00416	0.00443	0.00790
17	0.01669	0.06513	0.06746	0.14854	0.08841	0.06360	0.06834	0.07748	0.17068	0.02233	0.01513	0.01767	0.01187	0.00794	0.00907	0.00223	0.12793	0.00615	0.00421	0.00912
18	0.06080	0.05896	0.01021	0.00884	0.01077	0.00834	0.00662	0.04046	0.01529	0.02080	0.15232	0.31760	0.23248	0.01617	0.00763	0.00234	0.00409	0.01397	0.00608	0.00624
19	0.01441	0.06627	0.10554	0.05589	0.06988	0.04876	0.01258	0.07573	0.03181	0.03983	0.17356	0.06035	0.11077	0.01073	0.00871	0.00218	0.09138	0.00855	0.00503	0.00803
20	0.01060	0.04083	0.01162	0.04543	0.01340	0.05786	0.00840	0.01224	0.01280	0.01669	0.02773	0.46725	0.03170	0.02328	0.13630	0.00400	0.05485	0.01389	0.00508	0.00605
21	0.01778	0.01775	0.10493	0.02384	0.19783	0.06280	0.17648	0.02231	0.03842	0.12745	0.01674	0.05054	0.01364	0.05527	0.00865	0.00235	0.00844	0.00708	0.00436	0.04332

[dist]
# distance from previous block
# <min> <max>
0	6

# created by:
# /home/berkeley/.conda/envs/busco_data_prod/bin/msa2prfl.pl pipeline/OGs_align_augustus/4893/34984.fs
