[name]
unknown

[dist]
# distance from previous block
# <min> <max>
0	65

[block]
# block no. 0 follows, 33 sequences, length 21
# corresponding to MSA columns:
# 81-101
name=unknown_A
#
# <colnr> <probs for GDERKNQSTAVLIFYWHMCP>
#	G	D	E	R	K	N	Q	S	T	A	V	L	I	F	Y	W	H	M	C	P
0	0.06965	0.08431	0.06548	0.05888	0.01800	0.05275	0.04251	0.09901	0.03531	0.02288	0.12654	0.05024	0.04796	0.03800	0.05761	0.00282	0.02139	0.07616	0.00485	0.02565
1	0.01757	0.04209	0.04530	0.01608	0.05246	0.04959	0.09396	0.21380	0.07592	0.05590	0.02073	0.05562	0.06037	0.01355	0.09028	0.00304	0.02473	0.02902	0.00511	0.03486
2	0.12890	0.06333	0.12953	0.07585	0.03705	0.03967	0.05587	0.01710	0.01431	0.04398	0.13001	0.04599	0.08919	0.02612	0.05471	0.00271	0.02624	0.00753	0.00442	0.00750
3	0.03671	0.05162	0.07088	0.08576	0.06432	0.10152	0.08837	0.07637	0.01551	0.04495	0.01398	0.04772	0.01169	0.00782	0.00834	0.00202	0.11494	0.00609	0.08536	0.06603
4	0.10206	0.07406	0.05028	0.01411	0.04224	0.08894	0.06803	0.10936	0.01659	0.04681	0.05683	0.10857	0.01874	0.05038	0.00784	0.00221	0.00690	0.04193	0.00472	0.08943
5	0.01504	0.01144	0.01307	0.01029	0.01474	0.01024	0.00817	0.13116	0.04856	0.06475	0.09450	0.05280	0.12383	0.00893	0.00619	0.00161	0.00488	0.00737	0.00545	0.36698
6	0.05296	0.01561	0.07410	0.04953	0.26017	0.01454	0.13929	0.04321	0.01452	0.02131	0.01462	0.09601	0.01334	0.00795	0.00803	0.00209	0.07584	0.00721	0.00372	0.08596
7	0.02064	0.01348	0.01659	0.09384	0.05762	0.01454	0.01175	0.09288	0.33445	0.23595	0.02317	0.02194	0.01643	0.00819	0.00664	0.00213	0.00603	0.00681	0.00653	0.01039
8	0.01367	0.01189	0.01473	0.01290	0.09171	0.00936	0.00900	0.01664	0.01386	0.02129	0.01430	0.01622	0.04268	0.00552	0.00519	0.00114	0.00512	0.00457	0.00393	0.68628
9	0.01559	0.01640	0.10062	0.18371	0.31943	0.01485	0.09721	0.05065	0.01556	0.05385	0.03751	0.01914	0.03223	0.00677	0.00673	0.00207	0.00820	0.00644	0.00373	0.00931
10	0.05035	0.00630	0.00761	0.00867	0.00961	0.00591	0.00597	0.00986	0.01315	0.01796	0.06254	0.57725	0.16316	0.01893	0.00804	0.00254	0.00378	0.01684	0.00604	0.00551
11	0.01570	0.04854	0.07253	0.08389	0.07890	0.01295	0.06150	0.07843	0.05398	0.09214	0.05712	0.05545	0.04867	0.01045	0.04453	0.00239	0.02850	0.00711	0.04972	0.09749
12	0.10115	0.05785	0.09699	0.05803	0.03041	0.01671	0.46853	0.02119	0.04438	0.02175	0.01301	0.01655	0.00982	0.00587	0.00695	0.00214	0.00976	0.00672	0.00346	0.00874
13	0.06579	0.05954	0.18254	0.06854	0.11438	0.08825	0.05992	0.02078	0.07940	0.04028	0.01794	0.08355	0.04732	0.00844	0.00699	0.00211	0.03464	0.00700	0.00400	0.00859
14	0.21685	0.13711	0.35515	0.01493	0.02186	0.04203	0.04748	0.02010	0.01361	0.02235	0.04477	0.01438	0.01070	0.00646	0.00553	0.00196	0.00798	0.00478	0.00337	0.00860
15	0.01085	0.00860	0.00916	0.00880	0.00954	0.03919	0.00580	0.01284	0.06923	0.01496	0.02478	0.03986	0.09529	0.51502	0.06303	0.00542	0.04891	0.00928	0.00433	0.00512
16	0.11601	0.05212	0.03557	0.01235	0.04141	0.07136	0.02259	0.05398	0.08115	0.07539	0.10744	0.02212	0.03352	0.04755	0.00730	0.00198	0.00596	0.00621	0.00495	0.20102
17	0.22382	0.13289	0.03748	0.01422	0.08508	0.10229	0.01065	0.04074	0.07226	0.06808	0.03976	0.07083	0.03227	0.00803	0.00563	0.00192	0.00650	0.00613	0.00453	0.03691
18	0.16961	0.09722	0.04032	0.01067	0.01423	0.01313	0.00883	0.09751	0.07704	0.06318	0.05451	0.15300	0.04025	0.04490	0.00805	0.03107	0.00546	0.00816	0.00515	0.05771
19	0.13904	0.10700	0.19968	0.01549	0.04604	0.01578	0.06731	0.05931	0.08549	0.08239	0.01605	0.05041	0.02351	0.00752	0.00639	0.00202	0.02738	0.00600	0.00434	0.03883
20	0.09998	0.04610	0.11179	0.09528	0.09049	0.08577	0.01356	0.08058	0.07786	0.08939	0.03368	0.05639	0.01403	0.00908	0.02986	0.00227	0.00763	0.00623	0.00458	0.04545

[dist]
# distance from previous block
# <min> <max>
17	65

[block]
# block no. 1 follows, 33 sequences, length 15
# corresponding to MSA columns:
# 171-185
name=unknown_B
#
# <colnr> <probs for GDERKNQSTAVLIFYWHMCP>
#	G	D	E	R	K	N	Q	S	T	A	V	L	I	F	Y	W	H	M	C	P
0	0.18422	0.00945	0.01047	0.01067	0.06011	0.00987	0.00685	0.05748	0.01296	0.06221	0.07792	0.03190	0.02143	0.39577	0.01987	0.00425	0.00593	0.00783	0.00464	0.00617
1	0.10891	0.31479	0.20445	0.01352	0.01970	0.05937	0.03281	0.05891	0.01472	0.02054	0.01387	0.01523	0.05065	0.00665	0.00529	0.00175	0.00758	0.00479	0.00346	0.04302
2	0.02069	0.21769	0.07655	0.01680	0.06592	0.32688	0.01360	0.08798	0.05650	0.01968	0.01159	0.01313	0.00950	0.00676	0.00614	0.00176	0.03192	0.00459	0.00366	0.00866
3	0.01062	0.00793	0.00970	0.00930	0.01131	0.00766	0.00735	0.07424	0.01804	0.02429	0.37059	0.05276	0.19694	0.01582	0.03536	0.00258	0.00458	0.12787	0.00659	0.00648
4	0.11196	0.06098	0.02468	0.01834	0.02303	0.15493	0.23044	0.12692	0.03864	0.05193	0.01310	0.01551	0.01012	0.00811	0.02886	0.00230	0.06140	0.00588	0.00417	0.00871
5	0.01328	0.01357	0.12478	0.01284	0.01647	0.01102	0.01199	0.04143	0.17487	0.05342	0.07885	0.04691	0.08178	0.01302	0.00773	0.00250	0.00604	0.27563	0.00589	0.00798
6	0.00814	0.00578	0.00760	0.00901	0.00937	0.00543	0.00595	0.00920	0.01237	0.01650	0.03509	0.70910	0.04204	0.07792	0.01033	0.00296	0.00402	0.01801	0.00595	0.00524
7	0.01365	0.01170	0.01365	0.00975	0.01560	0.00878	0.00780	0.01658	0.01365	0.02145	0.01170	0.01365	0.00975	0.00488	0.00488	0.00098	0.00488	0.00390	0.00390	0.80888
8	0.01637	0.01414	0.01489	0.01340	0.01712	0.01637	0.01042	0.03498	0.71568	0.02754	0.02679	0.02456	0.02010	0.00893	0.00670	0.00223	0.00521	0.00744	0.00670	0.01042
9	0.01365	0.01170	0.01365	0.00975	0.01560	0.00878	0.00780	0.01658	0.01365	0.02145	0.01170	0.01365	0.00975	0.00488	0.00488	0.00098	0.00488	0.00390	0.00390	0.80888
10	0.01270	0.00980	0.01185	0.01209	0.01434	0.01043	0.00993	0.06667	0.19922	0.02285	0.03296	0.13668	0.06160	0.01527	0.00816	0.00267	0.00554	0.35352	0.00627	0.00745
11	0.09222	0.01379	0.01368	0.01189	0.01542	0.07842	0.00933	0.11595	0.22654	0.11312	0.15002	0.04791	0.06432	0.00982	0.00666	0.00209	0.00559	0.00797	0.00637	0.00889
12	0.05021	0.01020	0.01250	0.05264	0.01521	0.05314	0.00942	0.04625	0.05308	0.06780	0.01750	0.02312	0.01510	0.03549	0.49866	0.00775	0.01422	0.00660	0.00415	0.00698
13	0.01623	0.01307	0.01424	0.01254	0.01594	0.01458	0.00978	0.16112	0.40734	0.02927	0.14513	0.08373	0.02736	0.01040	0.00699	0.00219	0.00514	0.00877	0.00673	0.00946
14	0.01230	0.00994	0.01151	0.00890	0.01281	0.00798	0.00654	0.01426	0.01230	0.01857	0.01470	0.02340	0.01445	0.25783	0.01436	0.00277	0.00537	0.00578	0.00393	0.54231

[dist]
# distance from previous block
# <min> <max>
0	2

[block]
# block no. 2 follows, 33 sequences, length 7
# corresponding to MSA columns:
# 192-198
name=unknown_C
#
# <colnr> <probs for GDERKNQSTAVLIFYWHMCP>
#	G	D	E	R	K	N	Q	S	T	A	V	L	I	F	Y	W	H	M	C	P
0	0.01410	0.01192	0.01449	0.01209	0.06566	0.00970	0.00880	0.05554	0.01516	0.02303	0.07453	0.01708	0.01448	0.00587	0.00534	0.00120	0.00506	0.00486	0.00430	0.63677
1	0.09983	0.11494	0.01911	0.05452	0.05763	0.08329	0.05133	0.07705	0.07224	0.13196	0.06549	0.02209	0.06816	0.00918	0.02341	0.00218	0.02735	0.00654	0.00505	0.00866
2	0.04345	0.01255	0.01475	0.09475	0.01838	0.06054	0.04988	0.13679	0.06686	0.02357	0.11410	0.06940	0.11659	0.08645	0.01022	0.00261	0.03203	0.03433	0.00529	0.00746
3	0.09671	0.07397	0.01761	0.04871	0.04981	0.06511	0.05541	0.08777	0.09472	0.12203	0.03697	0.14308	0.01846	0.00942	0.00644	0.00204	0.00643	0.00795	0.00530	0.05207
4	0.01876	0.01615	0.01735	0.01440	0.01798	0.13200	0.06450	0.14599	0.13391	0.09121	0.06897	0.06441	0.01856	0.05088	0.00936	0.00230	0.06669	0.00736	0.00541	0.05382
5	0.10370	0.01128	0.01480	0.14966	0.11214	0.01209	0.01157	0.09325	0.04300	0.02401	0.08064	0.10485	0.02131	0.00984	0.00657	0.00212	0.00597	0.07016	0.06848	0.05459
6	0.01993	0.01535	0.01800	0.01437	0.01889	0.01630	0.05145	0.42657	0.07980	0.03320	0.01949	0.10367	0.01682	0.00955	0.00684	0.00205	0.00662	0.04544	0.00605	0.08961

[dist]
# distance from previous block
# <min> <max>
18	59

[block]
# block no. 3 follows, 33 sequences, length 19
# corresponding to MSA columns:
# 274-292
name=unknown_D
#
# <colnr> <probs for GDERKNQSTAVLIFYWHMCP>
#	G	D	E	R	K	N	Q	S	T	A	V	L	I	F	Y	W	H	M	C	P
0	0.11141	0.24474	0.02058	0.05036	0.05104	0.05939	0.01069	0.09744	0.06176	0.06400	0.05902	0.10916	0.01753	0.00876	0.00584	0.00192	0.00640	0.00690	0.00469	0.00836
1	0.03620	0.04705	0.08684	0.01466	0.06016	0.06270	0.01196	0.15983	0.01868	0.17196	0.08982	0.05981	0.04034	0.03254	0.02993	0.00245	0.05323	0.00731	0.00555	0.00899
2	0.06253	0.05054	0.07792	0.12985	0.02140	0.07394	0.03669	0.10702	0.03913	0.06575	0.10349	0.05627	0.10707	0.00958	0.00710	0.00209	0.02882	0.00780	0.00496	0.00805
3	0.12810	0.01208	0.01415	0.01216	0.01505	0.05487	0.05283	0.06420	0.03046	0.10606	0.10017	0.16911	0.04467	0.03436	0.00905	0.00232	0.08164	0.00913	0.00538	0.05423
4	0.09785	0.01780	0.11540	0.01937	0.14823	0.06397	0.07932	0.14078	0.01790	0.06735	0.05749	0.04320	0.06230	0.00804	0.00650	0.00201	0.00738	0.00684	0.00469	0.03357
5	0.01509	0.10454	0.01815	0.08083	0.07362	0.01327	0.03539	0.08684	0.03765	0.05937	0.07882	0.08953	0.06915	0.00902	0.00678	0.00185	0.02873	0.00756	0.00480	0.17901
6	0.08955	0.01888	0.06911	0.02370	0.19147	0.12024	0.19199	0.06267	0.03624	0.02263	0.01325	0.01719	0.01074	0.00648	0.00647	0.00196	0.00870	0.02712	0.00378	0.07784
7	0.09583	0.01682	0.02369	0.01853	0.02250	0.12476	0.26331	0.01944	0.01435	0.04023	0.01602	0.06620	0.04747	0.00845	0.00948	0.00219	0.14499	0.00721	0.00382	0.05468
8	0.01243	0.01170	0.01975	0.75282	0.04534	0.01463	0.01828	0.01682	0.01316	0.01682	0.01170	0.01755	0.00878	0.00658	0.00658	0.00219	0.00878	0.00585	0.00293	0.00731
9	0.00905	0.00687	0.00853	0.00853	0.01027	0.00635	0.00666	0.01165	0.01647	0.02198	0.36597	0.05631	0.26258	0.01732	0.05080	0.00277	0.00450	0.12094	0.00648	0.00596
10	0.01162	0.00803	0.00969	0.00916	0.01120	0.00768	0.00687	0.06530	0.05065	0.07157	0.31695	0.20345	0.17306	0.01464	0.00769	0.00223	0.00388	0.01276	0.00677	0.00681
11	0.02503	0.01844	0.01976	0.01515	0.02042	0.02042	0.01251	0.70562	0.03095	0.04149	0.01581	0.01581	0.01120	0.00790	0.00659	0.00198	0.00724	0.00593	0.00659	0.01120
12	0.01416	0.19404	0.58288	0.01714	0.02598	0.01762	0.02149	0.02060	0.01379	0.01969	0.01124	0.01318	0.00836	0.00612	0.00581	0.00194	0.00915	0.00457	0.00279	0.00945
13	0.00866	0.00628	0.00870	0.00950	0.01020	0.00646	0.00674	0.01026	0.01202	0.01652	0.06336	0.42697	0.03382	0.07411	0.26759	0.00564	0.00878	0.01374	0.00514	0.00550
14	0.01270	0.00801	0.00937	0.00818	0.01074	0.00696	0.00603	0.01463	0.01461	0.12003	0.13773	0.04063	0.21301	0.17645	0.01255	0.00284	0.00451	0.00954	0.05978	0.13168
15	0.01645	0.01268	0.01548	0.01141	0.01703	0.01075	0.03728	0.08186	0.06325	0.09124	0.01452	0.01559	0.01121	0.00576	0.00544	0.00130	0.00544	0.00474	0.00471	0.57384
16	0.06855	0.01448	0.07985	0.01288	0.01675	0.05487	0.05070	0.04549	0.04928	0.05006	0.01796	0.15713	0.01738	0.05885	0.00949	0.00226	0.07626	0.00790	0.00450	0.20537
17	0.09162	0.04443	0.01547	0.01128	0.01640	0.05533	0.00918	0.12490	0.01754	0.16121	0.04402	0.01663	0.01302	0.00657	0.00555	0.00153	0.00582	0.00503	0.00520	0.34925
18	0.01999	0.15135	0.05329	0.01321	0.01774	0.12760	0.01129	0.13283	0.10248	0.13088	0.01859	0.07908	0.01560	0.00865	0.00620	0.00191	0.00706	0.03375	0.00525	0.06324

[dist]
# distance from previous block
# <min> <max>
3	11

[block]
# block no. 4 follows, 33 sequences, length 16
# corresponding to MSA columns:
# 304-319
name=unknown_E
#
# <colnr> <probs for GDERKNQSTAVLIFYWHMCP>
#	G	D	E	R	K	N	Q	S	T	A	V	L	I	F	Y	W	H	M	C	P
0	0.01705	0.01767	0.03493	0.02741	0.10508	0.04882	0.54990	0.02204	0.01586	0.07311	0.01401	0.01768	0.01043	0.00583	0.00747	0.00215	0.01039	0.00733	0.00368	0.00916
1	0.01243	0.01170	0.01975	0.75282	0.04534	0.01463	0.01828	0.01682	0.01316	0.01682	0.01170	0.01755	0.00878	0.00658	0.00658	0.00219	0.00878	0.00585	0.00293	0.00731
2	0.01145	0.00877	0.00985	0.00882	0.01131	0.00845	0.00682	0.13360	0.01930	0.02548	0.32585	0.04917	0.32852	0.01381	0.00756	0.00212	0.00393	0.01168	0.00666	0.00682
3	0.01447	0.00989	0.01158	0.01025	0.01309	0.00989	0.00808	0.13074	0.09083	0.09909	0.28485	0.06200	0.16353	0.01260	0.00744	0.00217	0.00450	0.05033	0.00687	0.00782
4	0.02503	0.01844	0.01976	0.01515	0.02042	0.02042	0.01251	0.70562	0.03095	0.04149	0.01581	0.01581	0.01120	0.00790	0.00659	0.00198	0.00724	0.00593	0.00659	0.01120
5	0.00802	0.00573	0.00764	0.00917	0.00955	0.00535	0.00611	0.00917	0.01260	0.01681	0.03628	0.76434	0.04354	0.02062	0.00840	0.00267	0.00382	0.01872	0.00611	0.00535
6	0.01645	0.01506	0.01502	0.01154	0.01683	0.10147	0.00914	0.09185	0.07945	0.02345	0.01331	0.01464	0.01068	0.00580	0.00535	0.00128	0.00602	0.00448	0.00437	0.55382
7	0.26028	0.01488	0.01389	0.01225	0.01618	0.06243	0.00976	0.09699	0.33181	0.05687	0.01955	0.02052	0.01506	0.00817	0.00593	0.00214	0.00586	0.03253	0.00571	0.00918
8	0.01008	0.00998	0.07085	0.05822	0.01516	0.00810	0.04993	0.01361	0.01714	0.02372	0.47134	0.04507	0.12878	0.01253	0.00762	0.00215	0.00464	0.03826	0.00619	0.00665
9	0.04077	0.17485	0.08185	0.01389	0.01868	0.17941	0.01221	0.13187	0.12208	0.08851	0.06085	0.01761	0.01474	0.00753	0.00596	0.00186	0.00767	0.00558	0.00491	0.00917
10	0.01474	0.06477	0.39839	0.11330	0.02649	0.04608	0.01870	0.10067	0.01659	0.02297	0.10023	0.01871	0.01540	0.00737	0.00640	0.00203	0.00844	0.00589	0.00383	0.00899
11	0.01511	0.10849	0.40179	0.04734	0.07153	0.03961	0.01872	0.04801	0.06664	0.04250	0.06668	0.01753	0.01376	0.00705	0.00622	0.00200	0.00829	0.00561	0.00377	0.00936
12	0.04854	0.01240	0.04468	0.01548	0.10351	0.01166	0.02672	0.13920	0.05050	0.10132	0.05311	0.24305	0.02446	0.01175	0.00708	0.00219	0.00576	0.03526	0.00572	0.05761
13	0.03705	0.09942	0.11142	0.01329	0.01806	0.09680	0.01200	0.15485	0.05387	0.02378	0.01821	0.08821	0.04407	0.00890	0.00668	0.00189	0.03114	0.03411	0.00461	0.14162
14	0.01717	0.01354	0.01637	0.01418	0.04595	0.04179	0.06071	0.15932	0.15819	0.08446	0.06254	0.08037	0.07084	0.02967	0.02560	0.00233	0.00639	0.00812	0.00577	0.09668
15	0.06957	0.05314	0.06974	0.01294	0.01641	0.06994	0.07212	0.07630	0.05967	0.06693	0.12114	0.18798	0.02631	0.05785	0.00856	0.00242	0.00636	0.00964	0.00532	0.00768

[dist]
# distance from previous block
# <min> <max>
8	82

[block]
# block no. 5 follows, 33 sequences, length 20
# corresponding to MSA columns:
# 403-422
name=unknown_F
#
# <colnr> <probs for GDERKNQSTAVLIFYWHMCP>
#	G	D	E	R	K	N	Q	S	T	A	V	L	I	F	Y	W	H	M	C	P
0	0.08275	0.15672	0.27621	0.01519	0.03963	0.06140	0.03648	0.04406	0.03706	0.06649	0.01623	0.03972	0.04643	0.02077	0.00637	0.00200	0.00778	0.00574	0.00389	0.03510
1	0.01885	0.12306	0.08481	0.01539	0.06295	0.08235	0.01269	0.22117	0.06296	0.04987	0.04869	0.04562	0.01454	0.00875	0.02200	0.00205	0.03199	0.00607	0.00487	0.08133
2	0.03617	0.09097	0.14411	0.06029	0.01876	0.06852	0.01218	0.07466	0.12189	0.03693	0.03579	0.14059	0.01931	0.09969	0.00971	0.00261	0.00696	0.00818	0.00468	0.00801
3	0.01716	0.05846	0.14972	0.05133	0.02111	0.06231	0.04207	0.19775	0.12532	0.02575	0.01907	0.04022	0.05225	0.04765	0.00783	0.00221	0.00741	0.00664	0.00484	0.06091
4	0.08910	0.14707	0.06006	0.01826	0.15915	0.06600	0.03835	0.07478	0.01580	0.03684	0.06397	0.04489	0.01455	0.00728	0.00630	0.00180	0.02962	0.00583	0.00408	0.11626
5	0.06236	0.06727	0.09345	0.01541	0.04482	0.03717	0.08271	0.15438	0.03621	0.08115	0.04211	0.07089	0.03494	0.01143	0.05184	0.00262	0.04258	0.02785	0.03214	0.00869
6	0.09216	0.32383	0.17572	0.01330	0.01922	0.06466	0.01349	0.02357	0.10850	0.08803	0.01376	0.01438	0.01062	0.00656	0.00531	0.00180	0.00735	0.00468	0.00399	0.00908
7	0.10826	0.34899	0.20692	0.01327	0.01942	0.01906	0.04635	0.04139	0.01412	0.01987	0.01672	0.01788	0.08895	0.00716	0.00537	0.00180	0.00728	0.00532	0.00347	0.00841
8	0.06300	0.29124	0.14621	0.01519	0.06320	0.01891	0.04768	0.08745	0.08682	0.02172	0.01673	0.01837	0.05920	0.03017	0.00649	0.00198	0.00720	0.00563	0.00396	0.00887
9	0.01035	0.00985	0.03593	0.01283	0.05934	0.00902	0.07770	0.01387	0.05143	0.01993	0.14725	0.09614	0.30585	0.01675	0.07564	0.00300	0.03168	0.01128	0.00540	0.00676
10	0.00802	0.00596	0.00741	0.00855	0.00932	0.00543	0.00580	0.00924	0.01303	0.01688	0.04241	0.58644	0.19195	0.04521	0.00912	0.00270	0.00380	0.01735	0.00604	0.00535
11	0.01516	0.03722	0.08707	0.04769	0.07340	0.03732	0.08850	0.04016	0.32286	0.02425	0.09001	0.02615	0.03857	0.00878	0.00688	0.00216	0.00671	0.03252	0.00534	0.00924
12	0.61913	0.01227	0.01063	0.00931	0.01332	0.01375	0.00759	0.02146	0.06049	0.11079	0.05706	0.01541	0.01252	0.00700	0.00478	0.00205	0.00504	0.00471	0.00492	0.00777
13	0.00961	0.00671	0.00916	0.00916	0.00982	0.00736	0.00646	0.01072	0.01006	0.01407	0.01838	0.03195	0.01893	0.31831	0.42688	0.06329	0.01259	0.00791	0.00366	0.00496
14	0.01019	0.00710	0.00939	0.03712	0.01225	0.00657	0.00739	0.01212	0.01405	0.05586	0.09591	0.44136	0.08274	0.01697	0.00795	0.00245	0.00437	0.09908	0.00601	0.07112
15	0.00983	0.00698	0.00874	0.00908	0.01060	0.00638	0.00654	0.01222	0.04000	0.04900	0.14277	0.42989	0.13652	0.01697	0.00789	0.00238	0.00391	0.03781	0.00625	0.05625
16	0.07177	0.22674	0.04576	0.03410	0.08842	0.13423	0.03393	0.07679	0.01571	0.02082	0.01094	0.01301	0.00910	0.00616	0.00587	0.00163	0.03339	0.00445	0.00358	0.16361
17	0.01775	0.22422	0.10094	0.05104	0.02183	0.12052	0.07795	0.09475	0.04497	0.02031	0.01174	0.01423	0.00961	0.00733	0.00846	0.00198	0.13652	0.00514	0.02214	0.00857
18	0.03837	0.00794	0.01032	0.01078	0.03844	0.00761	0.00752	0.03382	0.01267	0.01799	0.02394	0.30162	0.02641	0.06637	0.07795	0.11616	0.00614	0.06811	0.00480	0.12304
19	0.01842	0.32889	0.07214	0.03982	0.05470	0.11479	0.01279	0.11168	0.09579	0.02158	0.03535	0.01507	0.01198	0.00676	0.00550	0.00172	0.00757	0.00494	0.00402	0.03652

[dist]
# distance from previous block
# <min> <max>
1	3

[block]
# block no. 6 follows, 33 sequences, length 27
# corresponding to MSA columns:
# 427-453
name=unknown_G
#
# <colnr> <probs for GDERKNQSTAVLIFYWHMCP>
#	G	D	E	R	K	N	Q	S	T	A	V	L	I	F	Y	W	H	M	C	P
0	0.01685	0.01298	0.01659	0.01368	0.05228	0.01201	0.05429	0.12156	0.09754	0.08940	0.07370	0.03537	0.01675	0.00721	0.00607	0.00162	0.00571	0.00616	0.00525	0.35500
1	0.00875	0.00659	0.00880	0.03392	0.03155	0.00636	0.00694	0.01034	0.01316	0.01745	0.08254	0.46488	0.12367	0.07090	0.05412	0.00328	0.00508	0.04038	0.00570	0.00561
2	0.01403	0.01383	0.05637	0.13028	0.15944	0.01390	0.11502	0.06231	0.06171	0.02086	0.01724	0.11338	0.01576	0.02857	0.06391	0.00294	0.06163	0.00800	0.03258	0.00824
3	0.01051	0.00582	0.00841	0.00873	0.00887	0.00580	0.00584	0.00891	0.00958	0.01284	0.01750	0.18013	0.01915	0.06046	0.05828	0.55724	0.00594	0.00875	0.00364	0.00360
4	0.01458	0.01663	0.10480	0.37977	0.18276	0.04928	0.04095	0.03658	0.04946	0.01950	0.01260	0.01681	0.00972	0.00668	0.00703	0.00213	0.03307	0.00581	0.00329	0.00857
5	0.01490	0.01475	0.04889	0.09062	0.54821	0.01427	0.01851	0.01875	0.01473	0.02070	0.01644	0.05017	0.03361	0.00773	0.00682	0.00209	0.00755	0.05812	0.00362	0.00950
6	0.00945	0.00721	0.00876	0.00845	0.01024	0.00677	0.00638	0.01321	0.06502	0.02395	0.47968	0.08223	0.20270	0.01432	0.00777	0.00217	0.00343	0.03507	0.00687	0.00631
7	0.01503	0.01648	0.08514	0.24485	0.41388	0.04628	0.01923	0.01928	0.01464	0.02000	0.03494	0.01732	0.01134	0.00639	0.00653	0.00203	0.00829	0.00590	0.00325	0.00920
8	0.01381	0.01840	0.17178	0.04803	0.06849	0.01431	0.30073	0.01898	0.02895	0.02065	0.04997	0.08785	0.01546	0.00789	0.00793	0.00216	0.04911	0.00784	0.00374	0.06394
9	0.00790	0.00664	0.00686	0.00688	0.00898	0.00559	0.00513	0.00964	0.01516	0.01834	0.11107	0.09009	0.65200	0.01661	0.00780	0.00223	0.00334	0.01395	0.00619	0.00559
10	0.81514	0.01273	0.00968	0.00866	0.01273	0.01477	0.00713	0.01935	0.01120	0.02954	0.00917	0.01069	0.00713	0.00611	0.00407	0.00204	0.00509	0.00356	0.00407	0.00713
11	0.01852	0.01643	0.09463	0.06462	0.05333	0.01557	0.01295	0.28390	0.14361	0.06613	0.13889	0.02332	0.02123	0.00869	0.00677	0.00207	0.00650	0.00713	0.00598	0.00975
12	0.81514	0.01273	0.00968	0.00866	0.01273	0.01477	0.00713	0.01935	0.01120	0.02954	0.00917	0.01069	0.00713	0.00611	0.00407	0.00204	0.00509	0.00356	0.00407	0.00713
13	0.02459	0.03138	0.01866	0.01696	0.02035	0.74221	0.01272	0.02629	0.01866	0.01611	0.01018	0.01187	0.00848	0.00678	0.00594	0.00170	0.01187	0.00424	0.00339	0.00763
14	0.00957	0.00638	0.00718	0.00718	0.00718	0.00638	0.00399	0.00957	0.00957	0.01276	0.02074	0.04308	0.02393	0.76864	0.03351	0.00638	0.00638	0.00957	0.00399	0.00399
15	0.02503	0.01844	0.01976	0.01515	0.02042	0.02042	0.01251	0.70562	0.03095	0.04149	0.01581	0.01581	0.01120	0.00790	0.00659	0.00198	0.00724	0.00593	0.00659	0.01120
16	0.01688	0.27868	0.02112	0.01226	0.01611	0.13240	0.01020	0.02419	0.23947	0.02052	0.09700	0.02164	0.01924	0.05462	0.00749	0.00210	0.00673	0.00622	0.00473	0.00842
17	0.00932	0.00673	0.00880	0.00828	0.00984	0.00621	0.00621	0.01242	0.01863	0.02640	0.72410	0.04918	0.06212	0.01346	0.00776	0.00207	0.00311	0.01191	0.00725	0.00621
18	0.01116	0.01034	0.04502	0.01261	0.06013	0.04566	0.00899	0.01410	0.05480	0.01643	0.02054	0.13895	0.02112	0.19727	0.29138	0.00635	0.02571	0.00906	0.00414	0.00625
19	0.00830	0.00581	0.00768	0.00914	0.00962	0.00546	0.00621	0.00959	0.01275	0.01724	0.03560	0.70760	0.04219	0.01998	0.00826	0.00264	0.00387	0.04215	0.04050	0.00541
20	0.00961	0.00693	0.00999	0.00999	0.01109	0.00793	0.00763	0.01181	0.01071	0.01569	0.01816	0.02724	0.01712	0.10763	0.63278	0.00962	0.01570	0.00721	0.05743	0.00573
21	0.01363	0.03006	0.57844	0.02006	0.04648	0.01591	0.08886	0.02036	0.01371	0.02040	0.01166	0.01438	0.00858	0.00669	0.00791	0.00217	0.08314	0.00526	0.00286	0.00942
22	0.01947	0.01644	0.01629	0.09944	0.02038	0.13563	0.01137	0.30554	0.02172	0.05028	0.01963	0.13175	0.03905	0.00969	0.00664	0.00202	0.00721	0.00781	0.04379	0.03585
23	0.01083	0.00822	0.01041	0.01130	0.05922	0.00787	0.00783	0.01465	0.08323	0.04379	0.18919	0.19121	0.18047	0.04452	0.00873	0.00246	0.00439	0.08256	0.00613	0.03298
24	0.07763	0.51967	0.05086	0.03441	0.01734	0.05790	0.01112	0.04464	0.01416	0.01796	0.01372	0.06389	0.03915	0.00731	0.00495	0.00166	0.00692	0.00520	0.00344	0.00809
25	0.01561	0.10103	0.04894	0.03613	0.06729	0.01500	0.25713	0.04171	0.05067	0.06725	0.09782	0.04675	0.01832	0.03266	0.00821	0.00218	0.03221	0.00753	0.00441	0.04914
26	0.07173	0.09595	0.01866	0.05874	0.05193	0.12690	0.03611	0.16745	0.12279	0.02501	0.05860	0.02188	0.05207	0.05476	0.00791	0.00223	0.00724	0.00652	0.00491	0.00860

[dist]
# distance from previous block
# <min> <max>
0	10

[block]
# block no. 7 follows, 33 sequences, length 17
# corresponding to MSA columns:
# 464-480
name=unknown_H
#
# <colnr> <probs for GDERKNQSTAVLIFYWHMCP>
#	G	D	E	R	K	N	Q	S	T	A	V	L	I	F	Y	W	H	M	C	P
0	0.04147	0.04148	0.10025	0.13939	0.21027	0.05165	0.07853	0.03691	0.01478	0.05552	0.01566	0.04051	0.02986	0.00802	0.00790	0.00217	0.06949	0.04367	0.00378	0.00870
1	0.01383	0.01549	0.06767	0.02387	0.10990	0.01407	0.39388	0.01814	0.01412	0.01951	0.01590	0.08429	0.01436	0.06137	0.08137	0.00333	0.02884	0.00833	0.00358	0.00815
2	0.00926	0.00669	0.00853	0.00809	0.00953	0.00619	0.00593	0.01198	0.01756	0.02461	0.61986	0.04937	0.09502	0.08658	0.01025	0.00250	0.00343	0.01179	0.00687	0.00596
3	0.02809	0.01136	0.01498	0.01158	0.01645	0.01017	0.00953	0.07673	0.01933	0.63844	0.02498	0.02210	0.01599	0.00810	0.00648	0.00200	0.00555	0.00654	0.06073	0.01087
4	0.00917	0.00672	0.00860	0.00813	0.00975	0.00615	0.00610	0.01214	0.01829	0.02559	0.66230	0.05051	0.12442	0.01376	0.00777	0.00208	0.00313	0.01209	0.00714	0.00615
5	0.01629	0.01564	0.02672	0.04041	0.72757	0.01564	0.02020	0.02020	0.01499	0.02151	0.01238	0.01629	0.01043	0.00587	0.00652	0.00196	0.00782	0.00587	0.00326	0.01043
6	0.01473	0.01291	0.02056	0.35746	0.16484	0.01491	0.04631	0.06243	0.01486	0.04237	0.04283	0.01874	0.01223	0.00744	0.00825	0.00216	0.09220	0.00623	0.05032	0.00822
7	0.00862	0.00696	0.00773	0.00783	0.00978	0.00624	0.00591	0.01128	0.04491	0.01971	0.17319	0.12841	0.46954	0.01628	0.00788	0.00229	0.00360	0.05762	0.00633	0.00589
8	0.01505	0.01435	0.02407	0.13211	0.57523	0.01464	0.01864	0.01883	0.01475	0.02057	0.01696	0.02050	0.07159	0.00689	0.00663	0.00201	0.00756	0.00655	0.00346	0.00960
9	0.00942	0.00701	0.01036	0.01036	0.01145	0.00811	0.00795	0.01161	0.01051	0.01512	0.01784	0.02700	0.01695	0.09692	0.69568	0.01030	0.01689	0.00722	0.00356	0.00575
10	0.01450	0.01167	0.01374	0.00986	0.01567	0.00882	0.00790	0.01741	0.01393	0.05950	0.01247	0.01412	0.01010	0.00505	0.00497	0.00103	0.00491	0.00405	0.00413	0.76618
11	0.01604	0.13981	0.24309	0.03438	0.06948	0.08391	0.08404	0.04264	0.01548	0.05036	0.05280	0.04087	0.01399	0.00730	0.00624	0.00191	0.00828	0.02259	0.00379	0.06299
12	0.01675	0.13535	0.43927	0.01640	0.02406	0.10628	0.01880	0.02255	0.03345	0.08099	0.01285	0.01418	0.00942	0.00642	0.00592	0.00190	0.00896	0.00478	0.00347	0.03818
13	0.00833	0.00601	0.00794	0.00927	0.00993	0.00562	0.00649	0.00979	0.01331	0.01767	0.07571	0.62158	0.07961	0.01979	0.00840	0.00265	0.00397	0.08228	0.00617	0.00547
14	0.01280	0.01095	0.01364	0.02988	0.03437	0.04106	0.05933	0.07458	0.13478	0.02264	0.13616	0.20798	0.09958	0.04504	0.00865	0.00248	0.00551	0.04737	0.00586	0.00736
15	0.03659	0.16760	0.02018	0.03707	0.01850	0.24608	0.04147	0.07660	0.06022	0.01955	0.01657	0.11709	0.01588	0.01099	0.03756	0.00234	0.02465	0.03901	0.00423	0.00783
16	0.04225	0.01627	0.08036	0.04616	0.03518	0.07794	0.01147	0.18791	0.07661	0.06766	0.07717	0.05500	0.08896	0.00910	0.00652	0.00194	0.00650	0.00735	0.00542	0.10022

[dist]
# distance from previous block
# <min> <max>
0	9

[block]
# block no. 8 follows, 33 sequences, length 50
# corresponding to MSA columns:
# 490-539
name=unknown_I
#
# <colnr> <probs for GDERKNQSTAVLIFYWHMCP>
#	G	D	E	R	K	N	Q	S	T	A	V	L	I	F	Y	W	H	M	C	P
0	0.01611	0.09171	0.02252	0.16316	0.30593	0.07731	0.01589	0.02251	0.15018	0.02060	0.01643	0.01883	0.03662	0.00702	0.00633	0.00199	0.00760	0.00608	0.00393	0.00924
1	0.01455	0.26051	0.51988	0.01646	0.02494	0.01859	0.02032	0.02050	0.01374	0.01921	0.01100	0.01288	0.00837	0.00606	0.00563	0.00188	0.00890	0.00445	0.00279	0.00934
2	0.01099	0.00876	0.01069	0.01155	0.03976	0.00910	0.00812	0.01753	0.21216	0.02127	0.10698	0.37356	0.06929	0.01565	0.00780	0.00246	0.00441	0.05651	0.00628	0.00712
3	0.00822	0.00588	0.00772	0.00912	0.00959	0.00551	0.00617	0.00941	0.01264	0.01675	0.03633	0.67069	0.06366	0.06097	0.00978	0.00288	0.00405	0.04932	0.00599	0.00531
4	0.06111	0.01818	0.01930	0.01485	0.02006	0.02016	0.01227	0.67428	0.03005	0.04094	0.01550	0.01557	0.01101	0.00782	0.00647	0.00198	0.00715	0.00582	0.00647	0.01101
5	0.01304	0.01226	0.02078	0.68787	0.04388	0.01494	0.05527	0.04096	0.01391	0.01791	0.01193	0.01750	0.00893	0.00657	0.00665	0.00219	0.00885	0.00596	0.00307	0.00753
6	0.00865	0.00612	0.00790	0.00859	0.00925	0.00577	0.00579	0.01017	0.01385	0.01892	0.23269	0.43986	0.04572	0.14055	0.01231	0.00310	0.00403	0.01525	0.00609	0.00538
7	0.01324	0.06659	0.67086	0.01796	0.02715	0.01538	0.02294	0.02043	0.01408	0.02085	0.04280	0.01529	0.01069	0.00654	0.00623	0.00205	0.00932	0.00511	0.00298	0.00952
8	0.02355	0.02026	0.01931	0.07301	0.02219	0.16184	0.01291	0.48660	0.05934	0.03391	0.01489	0.01558	0.01089	0.00763	0.00646	0.00195	0.00818	0.00566	0.00568	0.01015
9	0.02503	0.01844	0.01976	0.01515	0.02042	0.02042	0.01251	0.70562	0.03095	0.04149	0.01581	0.01581	0.01120	0.00790	0.00659	0.00198	0.00724	0.00593	0.00659	0.01120
10	0.00802	0.00573	0.00764	0.00917	0.00955	0.00535	0.00611	0.00917	0.01260	0.01681	0.03628	0.76434	0.04354	0.02062	0.00840	0.00267	0.00382	0.01872	0.00611	0.00535
11	0.01641	0.01414	0.01630	0.01676	0.11467	0.01580	0.01154	0.08390	0.51378	0.02709	0.02687	0.02558	0.06978	0.00900	0.00674	0.00217	0.00559	0.00758	0.00617	0.01013
12	0.01243	0.01170	0.01975	0.75282	0.04534	0.01463	0.01828	0.01682	0.01316	0.01682	0.01170	0.01755	0.00878	0.00658	0.00658	0.00219	0.00878	0.00585	0.00293	0.00731
13	0.01320	0.03405	0.73453	0.01876	0.02849	0.01529	0.02432	0.02085	0.01390	0.02085	0.01181	0.01390	0.00834	0.00625	0.00625	0.00208	0.00973	0.00486	0.00278	0.00973
14	0.00798	0.00591	0.00745	0.00869	0.00942	0.00539	0.00590	0.00922	0.01306	0.01699	0.04206	0.63113	0.17302	0.01987	0.00828	0.00259	0.00373	0.01780	0.00611	0.00539
15	0.04053	0.04675	0.12842	0.01663	0.04867	0.03401	0.07215	0.25621	0.11346	0.12294	0.01718	0.01768	0.01240	0.00884	0.03224	0.00233	0.00789	0.00606	0.00544	0.01017
16	0.01140	0.00782	0.00964	0.00885	0.01099	0.00742	0.00675	0.01584	0.08862	0.08046	0.51153	0.04649	0.14259	0.01301	0.00757	0.00210	0.00354	0.01131	0.00711	0.00694
17	0.00802	0.00573	0.00764	0.00917	0.00955	0.00535	0.00611	0.00917	0.01260	0.01681	0.03628	0.76434	0.04354	0.02062	0.00840	0.00267	0.00382	0.01872	0.00611	0.00535
18	0.01589	0.01473	0.02318	0.09992	0.31296	0.04725	0.12190	0.06951	0.01666	0.04809	0.07416	0.02396	0.08663	0.00785	0.00692	0.00205	0.00766	0.00740	0.00427	0.00901
19	0.08434	0.01816	0.03764	0.01658	0.04537	0.04671	0.07525	0.46883	0.06367	0.03514	0.01574	0.03465	0.01187	0.00777	0.00651	0.00203	0.00749	0.00622	0.00576	0.01028
20	0.00801	0.00603	0.00743	0.00845	0.00938	0.00544	0.00582	0.00938	0.01352	0.01749	0.07454	0.54371	0.22844	0.01924	0.00821	0.00253	0.00366	0.01712	0.00616	0.00544
21	0.02117	0.23391	0.02444	0.01604	0.04027	0.25891	0.03683	0.17825	0.01893	0.02204	0.01120	0.01299	0.00922	0.00711	0.00722	0.00182	0.08225	0.00474	0.00390	0.00876
22	0.01387	0.01362	0.01914	0.01657	0.01669	0.01889	0.01374	0.01541	0.01014	0.01578	0.00961	0.01563	0.00948	0.01558	0.09887	0.00371	0.67740	0.00590	0.00295	0.00706
23	0.01365	0.01170	0.01365	0.00975	0.01560	0.00878	0.00780	0.01658	0.01365	0.02145	0.01170	0.01365	0.00975	0.00488	0.00488	0.00098	0.00488	0.00390	0.00390	0.80888
24	0.01297	0.00681	0.00688	0.00663	0.00837	0.00692	0.00504	0.05329	0.01475	0.02548	0.02116	0.02406	0.01656	0.00768	0.00471	0.00156	0.00330	0.00612	0.76128	0.00641
25	0.00794	0.00668	0.00689	0.00683	0.00899	0.00562	0.00513	0.00975	0.01538	0.01867	0.13406	0.06190	0.65698	0.01634	0.00778	0.00221	0.00331	0.01369	0.00623	0.00562
26	0.00949	0.00726	0.00877	0.00829	0.01016	0.00681	0.00625	0.01341	0.06897	0.02454	0.52459	0.05057	0.20859	0.01385	0.00769	0.00212	0.00331	0.01203	0.00695	0.00637
27	0.01705	0.04951	0.05256	0.03377	0.50670	0.06982	0.07993	0.04714	0.01565	0.02138	0.01215	0.01569	0.01006	0.00618	0.00701	0.00197	0.03441	0.00578	0.00335	0.00989
28	0.00816	0.00579	0.00760	0.00899	0.00934	0.00544	0.00592	0.00920	0.01233	0.01644	0.03490	0.69997	0.04179	0.08738	0.01064	0.00300	0.00405	0.01790	0.00592	0.00523
29	0.00909	0.00659	0.00874	0.00908	0.00989	0.00686	0.00646	0.01059	0.01156	0.01574	0.05613	0.18512	0.07858	0.22665	0.29699	0.00664	0.00981	0.03560	0.00461	0.00527
30	0.53025	0.01218	0.01171	0.00977	0.01421	0.01292	0.00805	0.02397	0.01397	0.28432	0.01526	0.01494	0.01045	0.00685	0.00500	0.00204	0.00528	0.00467	0.00555	0.00861
31	0.00807	0.00668	0.00706	0.00697	0.00907	0.00568	0.00523	0.01000	0.01568	0.01938	0.18858	0.06073	0.60202	0.01608	0.00778	0.00219	0.00329	0.01353	0.00632	0.00568
32	0.02459	0.03138	0.01866	0.01696	0.02035	0.74221	0.01272	0.02629	0.01866	0.01611	0.01018	0.01187	0.00848	0.00678	0.00594	0.00170	0.01187	0.00424	0.00339	0.00763
33	0.02174	0.33445	0.02518	0.01457	0.01894	0.42627	0.01212	0.04498	0.01688	0.01666	0.00993	0.01146	0.00855	0.00635	0.00526	0.00159	0.00975	0.00400	0.00326	0.00808
34	0.01341	0.01215	0.04169	0.01277	0.07474	0.00983	0.00937	0.01799	0.08462	0.02168	0.01665	0.10193	0.01508	0.00739	0.00564	0.00145	0.00512	0.00629	0.04853	0.49366
35	0.01259	0.01108	0.05438	0.01006	0.01314	0.02965	0.00837	0.05586	0.11865	0.06842	0.15309	0.07807	0.30835	0.01331	0.00741	0.00220	0.00470	0.03705	0.00626	0.00738
36	0.00953	0.00636	0.00719	0.00724	0.00725	0.00635	0.00405	0.00956	0.00966	0.01288	0.02120	0.06429	0.02451	0.74664	0.03277	0.00627	0.00631	0.00984	0.00405	0.00403
37	0.00824	0.00639	0.00751	0.00786	0.00934	0.00566	0.00566	0.01011	0.01516	0.01965	0.22305	0.28103	0.34252	0.01711	0.00797	0.00233	0.00343	0.01491	0.00640	0.00566
38	0.01711	0.04178	0.17918	0.05705	0.05659	0.10040	0.06489	0.07520	0.20943	0.05659	0.02011	0.02065	0.05608	0.00783	0.00656	0.00207	0.00785	0.00649	0.00474	0.00940
39	0.02227	0.07949	0.10137	0.03637	0.04276	0.04639	0.03182	0.49421	0.02588	0.03444	0.01436	0.01515	0.01044	0.00734	0.00637	0.00194	0.00783	0.00560	0.00547	0.01050
40	0.05434	0.03808	0.10126	0.10784	0.36007	0.01589	0.04254	0.09459	0.04329	0.02366	0.01338	0.01644	0.01054	0.00640	0.00629	0.00199	0.00772	0.00573	0.04031	0.00963
41	0.01483	0.01417	0.02152	0.33614	0.28369	0.03696	0.01749	0.02091	0.11607	0.02000	0.01396	0.01782	0.01100	0.00689	0.00721	0.00213	0.04067	0.00604	0.00361	0.00889
42	0.01365	0.01170	0.01365	0.00975	0.01560	0.00878	0.00780	0.01658	0.01365	0.02145	0.01170	0.01365	0.00975	0.00488	0.00488	0.00098	0.00488	0.00390	0.00390	0.80888
43	0.00807	0.00583	0.00764	0.00899	0.00953	0.00540	0.00606	0.00934	0.01302	0.01731	0.07028	0.69268	0.08138	0.02007	0.00834	0.00262	0.00376	0.01813	0.00616	0.00540
44	0.01662	0.01398	0.01794	0.18885	0.04118	0.03506	0.04521	0.21272	0.12280	0.02594	0.03748	0.02113	0.03328	0.01300	0.09465	0.00312	0.03441	0.00669	0.02720	0.00874
45	0.11881	0.37961	0.05016	0.05269	0.01920	0.09068	0.01186	0.12481	0.05864	0.02223	0.01155	0.01284	0.00942	0.00642	0.00507	0.00172	0.00737	0.00437	0.00384	0.00872
46	0.04491	0.00825	0.01144	0.15699	0.01777	0.00888	0.00933	0.01340	0.01306	0.06976	0.02860	0.38925	0.06203	0.05207	0.00969	0.00269	0.04670	0.04360	0.00526	0.00632
47	0.01123	0.06923	0.01233	0.08515	0.01530	0.08045	0.00885	0.01330	0.01443	0.01763	0.06035	0.27761	0.17679	0.01522	0.00760	0.00237	0.00557	0.11510	0.00530	0.00620
48	0.05019	0.01577	0.07580	0.05090	0.24262	0.05352	0.05221	0.09300	0.01651	0.08952	0.01798	0.14931	0.01643	0.00899	0.00673	0.00208	0.00721	0.00800	0.00460	0.03864
49	0.01526	0.03356	0.07785	0.08826	0.22299	0.05277	0.05729	0.04190	0.09592	0.04744	0.05645	0.12861	0.01891	0.00918	0.00718	0.00214	0.02281	0.00818	0.00450	0.00881

[dist]
# distance from previous block
# <min> <max>
0	12

[block]
# block no. 9 follows, 33 sequences, length 23
# corresponding to MSA columns:
# 552-574
name=unknown_J
#
# <colnr> <probs for GDERKNQSTAVLIFYWHMCP>
#	G	D	E	R	K	N	Q	S	T	A	V	L	I	F	Y	W	H	M	C	P
0	0.07916	0.17406	0.02236	0.11225	0.11983	0.03319	0.04608	0.07419	0.01543	0.08191	0.01305	0.02946	0.01053	0.00657	0.00609	0.00177	0.02700	0.00525	0.00402	0.13782
1	0.12539	0.01446	0.01709	0.04662	0.11502	0.06444	0.04199	0.10222	0.12197	0.12789	0.08947	0.02174	0.03426	0.00798	0.00635	0.00200	0.00644	0.00660	0.00546	0.04261
2	0.00807	0.00584	0.00754	0.00887	0.00939	0.00541	0.00593	0.00921	0.01268	0.01672	0.03822	0.67456	0.10070	0.05154	0.00940	0.00279	0.00389	0.01792	0.00602	0.00531
3	0.01383	0.01169	0.01363	0.00986	0.01549	0.00905	0.00788	0.03995	0.01448	0.02238	0.04637	0.01545	0.01234	0.00540	0.00507	0.00106	0.00487	0.00436	0.00415	0.74268
4	0.01551	0.04569	0.01561	0.08520	0.01864	0.01163	0.00974	0.09622	0.01600	0.07050	0.05438	0.06343	0.01519	0.00737	0.00638	0.00155	0.03568	0.00594	0.00463	0.42069
5	0.01198	0.00611	0.00624	0.00634	0.00780	0.00608	0.00471	0.01492	0.01372	0.02401	0.02249	0.07510	0.01870	0.00856	0.00486	0.00161	0.00312	0.00700	0.75057	0.00608
6	0.01727	0.49627	0.13237	0.01633	0.10024	0.07980	0.01438	0.02033	0.01395	0.01701	0.00997	0.01193	0.00867	0.00603	0.00549	0.00164	0.03256	0.00411	0.00291	0.00875
7	0.00965	0.00704	0.00923	0.01039	0.01173	0.00680	0.00848	0.01193	0.01431	0.01841	0.03932	0.18099	0.15141	0.07319	0.01055	0.00308	0.00527	0.41659	0.00593	0.00571
8	0.00810	0.00668	0.00711	0.00700	0.00909	0.00569	0.00525	0.01006	0.01575	0.01956	0.20209	0.06044	0.58840	0.01601	0.00778	0.00219	0.00329	0.01348	0.00635	0.00569
9	0.01053	0.00747	0.00998	0.01124	0.01275	0.00745	0.00953	0.01381	0.03631	0.01992	0.03524	0.13302	0.06694	0.01734	0.00859	0.00284	0.00550	0.52474	0.06070	0.00611
10	0.02503	0.01844	0.01976	0.01515	0.02042	0.02042	0.01251	0.70562	0.03095	0.04149	0.01581	0.01581	0.01120	0.00790	0.00659	0.00198	0.00724	0.00593	0.00659	0.01120
11	0.00942	0.00700	0.01032	0.01032	0.01140	0.00809	0.00790	0.01159	0.01050	0.01509	0.01787	0.02719	0.01704	0.10493	0.68779	0.01026	0.01676	0.00725	0.00356	0.00573
12	0.01299	0.00683	0.00690	0.00664	0.00838	0.00694	0.00505	0.05406	0.01477	0.02549	0.02116	0.02405	0.01656	0.00768	0.00471	0.00156	0.00330	0.00612	0.76039	0.00642
13	0.02193	0.01503	0.01707	0.01468	0.05717	0.06739	0.01115	0.22295	0.03772	0.21683	0.05166	0.01993	0.01516	0.03985	0.00887	0.00214	0.07271	0.00623	0.00590	0.09564
14	0.72906	0.01256	0.01029	0.00899	0.01318	0.01421	0.00741	0.02075	0.01204	0.10652	0.01101	0.01198	0.00813	0.00633	0.00435	0.00204	0.00515	0.00390	0.00452	0.00758
15	0.81514	0.01273	0.00968	0.00866	0.01273	0.01477	0.00713	0.01935	0.01120	0.02954	0.00917	0.01069	0.00713	0.00611	0.00407	0.00204	0.00509	0.00356	0.00407	0.00713
16	0.01760	0.77260	0.03450	0.01126	0.01690	0.02605	0.01126	0.01971	0.01338	0.01549	0.00915	0.01056	0.00845	0.00563	0.00422	0.00141	0.00704	0.00352	0.00282	0.00845
17	0.00805	0.00586	0.00759	0.00888	0.00950	0.00540	0.00601	0.00933	0.01309	0.01730	0.06804	0.66484	0.11198	0.01993	0.00831	0.00260	0.00374	0.01795	0.00616	0.00540
18	0.00835	0.00587	0.00754	0.00875	0.00905	0.00556	0.00567	0.00925	0.01197	0.01596	0.03304	0.61357	0.03944	0.17699	0.01365	0.00345	0.00436	0.01680	0.00567	0.00506
19	0.07461	0.14873	0.12767	0.01535	0.07032	0.08837	0.01325	0.03947	0.02991	0.20989	0.04460	0.01953	0.01425	0.00777	0.00671	0.00198	0.04005	0.03346	0.00489	0.00921
20	0.02088	0.01160	0.06577	0.01167	0.01573	0.00945	0.01006	0.02486	0.06509	0.40202	0.11680	0.10857	0.02668	0.01096	0.00715	0.00221	0.00541	0.06862	0.00714	0.00932
21	0.02093	0.00923	0.01248	0.01075	0.01417	0.00819	0.00859	0.02333	0.01730	0.43430	0.11972	0.16041	0.04558	0.01213	0.00733	0.00225	0.00496	0.07198	0.00744	0.00894
22	0.01858	0.01386	0.01644	0.01609	0.09826	0.01486	0.01161	0.22406	0.22845	0.09064	0.02648	0.03023	0.08301	0.01000	0.00702	0.00220	0.00606	0.08610	0.00627	0.00976

[dist]
# distance from previous block
# <min> <max>
0	2

[block]
# block no. 10 follows, 33 sequences, length 48
# corresponding to MSA columns:
# 577-624
name=unknown_K
#
# <colnr> <probs for GDERKNQSTAVLIFYWHMCP>
#	G	D	E	R	K	N	Q	S	T	A	V	L	I	F	Y	W	H	M	C	P
0	0.01960	0.02053	0.02311	0.06011	0.11586	0.26998	0.15900	0.07551	0.01749	0.06127	0.01472	0.05425	0.01257	0.00783	0.00728	0.00205	0.03416	0.03207	0.00408	0.00854
1	0.52279	0.01523	0.01336	0.04381	0.04024	0.06891	0.00956	0.14512	0.04166	0.02984	0.01132	0.01271	0.00863	0.00660	0.00495	0.00201	0.00623	0.00436	0.00450	0.00815
2	0.10860	0.03800	0.07782	0.10589	0.25386	0.14014	0.01503	0.01941	0.01511	0.02103	0.08844	0.05763	0.01654	0.00775	0.00629	0.00199	0.00774	0.00649	0.00386	0.00838
3	0.00824	0.00607	0.00764	0.00865	0.00949	0.00558	0.00597	0.00965	0.01350	0.01770	0.09772	0.52250	0.16915	0.05152	0.00934	0.00271	0.00386	0.03917	0.00611	0.00542
4	0.01549	0.13577	0.23281	0.01391	0.03976	0.04144	0.01390	0.01966	0.01420	0.05958	0.01210	0.01374	0.00946	0.00568	0.00537	0.00149	0.00704	0.00435	0.00360	0.35063
5	0.01491	0.19065	0.01939	0.07116	0.06354	0.06012	0.03339	0.01789	0.03988	0.07140	0.05834	0.14880	0.06950	0.02628	0.00764	0.00216	0.03206	0.04439	0.00467	0.02383
6	0.01265	0.00768	0.01136	0.01091	0.03798	0.00750	0.03207	0.04578	0.01064	0.01454	0.01178	0.01904	0.01119	0.01933	0.02163	0.64009	0.00600	0.00566	0.00317	0.07099
7	0.00814	0.00580	0.00768	0.00906	0.00949	0.00542	0.00605	0.00935	0.01282	0.01717	0.07097	0.70516	0.04388	0.04371	0.00916	0.00276	0.00386	0.01808	0.00610	0.00535
8	0.00818	0.00640	0.00729	0.00764	0.00913	0.00564	0.00544	0.00983	0.01460	0.01855	0.15568	0.25589	0.39625	0.05761	0.00933	0.00255	0.00360	0.01471	0.00617	0.00551
9	0.01517	0.01651	0.03362	0.10286	0.03323	0.01599	0.54007	0.02146	0.06903	0.02115	0.01410	0.01804	0.01062	0.00588	0.00741	0.00215	0.01006	0.00733	0.00358	0.05172
10	0.01243	0.01170	0.01975	0.75282	0.04534	0.01463	0.01828	0.01682	0.01316	0.01682	0.01170	0.01755	0.00878	0.00658	0.00658	0.00219	0.00878	0.00585	0.00293	0.00731
11	0.00797	0.00644	0.00709	0.00742	0.00913	0.00556	0.00538	0.00963	0.01473	0.01828	0.11553	0.23383	0.50127	0.01737	0.00793	0.00232	0.00343	0.01490	0.00621	0.00556
12	0.00934	0.00642	0.00736	0.00742	0.00771	0.00638	0.00442	0.00968	0.01025	0.01353	0.02534	0.07261	0.08783	0.62675	0.07344	0.00611	0.00669	0.01018	0.00424	0.00430
