[name]
unknown

[dist]
# distance from previous block
# <min> <max>
0	31

[block]
# block no. 0 follows, 34 sequences, length 13
# corresponding to MSA columns:
# 31-43
name=unknown_A
#
# <colnr> <probs for GDERKNQSTAVLIFYWHMCP>
#	G	D	E	R	K	N	Q	S	T	A	V	L	I	F	Y	W	H	M	C	P
0	0.00824	0.00619	0.00772	0.00874	0.00981	0.00567	0.00637	0.00985	0.01361	0.01753	0.06926	0.44426	0.22987	0.01856	0.00816	0.00253	0.00393	0.11822	0.00603	0.00544
1	0.01337	0.16956	0.50992	0.01647	0.02427	0.01610	0.04615	0.01916	0.01349	0.01910	0.01347	0.08557	0.01158	0.00735	0.00602	0.00198	0.00855	0.00594	0.00307	0.00887
2	0.01030	0.00794	0.00829	0.00815	0.00861	0.05391	0.00513	0.01089	0.01066	0.01390	0.06425	0.03857	0.02397	0.58452	0.11946	0.00622	0.00779	0.00889	0.00402	0.00452
3	0.00786	0.00569	0.00743	0.00883	0.00933	0.00526	0.00592	0.00902	0.01253	0.01656	0.03763	0.72086	0.08927	0.01998	0.00821	0.00259	0.00372	0.01805	0.00600	0.00526
4	0.01285	0.01214	0.02055	0.63507	0.16178	0.01453	0.01827	0.01707	0.01323	0.01729	0.01160	0.01702	0.00889	0.00634	0.00645	0.00211	0.00845	0.00574	0.00293	0.00770
5	0.05299	0.01721	0.10016	0.05735	0.11036	0.01631	0.06190	0.21353	0.16371	0.09350	0.01693	0.01769	0.01239	0.00736	0.00684	0.00206	0.02849	0.00608	0.00519	0.00994
6	0.00888	0.00659	0.00827	0.00785	0.00949	0.00598	0.00589	0.01168	0.01766	0.02442	0.61230	0.05072	0.17880	0.01376	0.00762	0.00206	0.00309	0.01203	0.00692	0.00598
7	0.10008	0.01142	0.01464	0.01172	0.01594	0.01110	0.03244	0.07709	0.06483	0.43716	0.02178	0.02198	0.01530	0.05976	0.07232	0.00301	0.00680	0.00647	0.00659	0.00958
8	0.06345	0.03816	0.19933	0.01509	0.02096	0.05190	0.07290	0.04896	0.04450	0.32013	0.01781	0.01759	0.01209	0.00724	0.00692	0.00203	0.04002	0.00578	0.00535	0.00978
9	0.01427	0.07129	0.15740	0.15804	0.08026	0.01531	0.24596	0.04194	0.01463	0.02004	0.01355	0.04077	0.01118	0.00670	0.00665	0.00203	0.00882	0.02942	0.00337	0.05836
10	0.02322	0.02932	0.01772	0.01613	0.01935	0.70180	0.01209	0.02497	0.01831	0.01643	0.05385	0.01388	0.01153	0.00706	0.00594	0.00169	0.01113	0.00462	0.00356	0.00741
11	0.01581	0.17830	0.10326	0.01219	0.01639	0.03200	0.01115	0.13024	0.08294	0.06086	0.13515	0.10132	0.05115	0.00982	0.00680	0.00198	0.02921	0.00790	0.00518	0.00835
12	0.01100	0.00891	0.01116	0.01016	0.01265	0.00876	0.05128	0.01685	0.17541	0.04361	0.16485	0.15449	0.27802	0.01372	0.00745	0.00222	0.00428	0.01197	0.00622	0.00700

[dist]
# distance from previous block
# <min> <max>
1	4

[block]
# block no. 1 follows, 34 sequences, length 7
# corresponding to MSA columns:
# 48-54
name=unknown_B
#
# <colnr> <probs for GDERKNQSTAVLIFYWHMCP>
#	G	D	E	R	K	N	Q	S	T	A	V	L	I	F	Y	W	H	M	C	P
0	0.01686	0.01281	0.01521	0.01488	0.08367	0.01368	0.01047	0.33829	0.05942	0.02879	0.02351	0.30588	0.02361	0.01243	0.00715	0.00221	0.00576	0.01072	0.00598	0.00867
1	0.07000	0.04358	0.01840	0.25382	0.10979	0.06479	0.01350	0.07788	0.01469	0.02065	0.01137	0.01492	0.00915	0.00687	0.00722	0.02830	0.04839	0.00499	0.00352	0.17818
2	0.00991	0.00746	0.01031	0.01253	0.10859	0.00755	0.00725	0.01106	0.01100	0.01505	0.02248	0.21292	0.02524	0.37441	0.13096	0.00540	0.00751	0.01070	0.00425	0.00539
3	0.01710	0.01477	0.02365	0.10742	0.52518	0.01521	0.01788	0.06886	0.05418	0.07181	0.01401	0.01694	0.01104	0.00628	0.00642	0.00196	0.00744	0.00589	0.00391	0.01003
4	0.01735	0.01457	0.02260	0.14541	0.17794	0.01516	0.14017	0.16492	0.06214	0.06375	0.01503	0.01755	0.01130	0.00660	0.00646	0.00196	0.00759	0.00616	0.05306	0.05028
5	0.01665	0.01100	0.01451	0.05619	0.04355	0.01059	0.03165	0.10409	0.01702	0.17938	0.08647	0.07984	0.11765	0.01079	0.02560	0.00214	0.03532	0.00819	0.00566	0.14370
6	0.08798	0.01882	0.11756	0.01627	0.04618	0.10895	0.04754	0.04256	0.21494	0.06440	0.01576	0.01699	0.01212	0.00803	0.00903	0.00218	0.15154	0.00578	0.00448	0.00889

[dist]
# distance from previous block
# <min> <max>
0	12

[block]
# block no. 2 follows, 34 sequences, length 25
# corresponding to MSA columns:
# 67-91
name=unknown_C
#
# <colnr> <probs for GDERKNQSTAVLIFYWHMCP>
#	G	D	E	R	K	N	Q	S	T	A	V	L	I	F	Y	W	H	M	C	P
0	0.01496	0.01450	0.02456	0.18489	0.47745	0.01571	0.04759	0.01868	0.01380	0.01949	0.01162	0.01609	0.00968	0.00654	0.00819	0.00208	0.09609	0.00582	0.00309	0.00917
1	0.01528	0.01452	0.02461	0.08896	0.63723	0.01469	0.01882	0.01910	0.01481	0.02109	0.05792	0.01814	0.01336	0.00628	0.00648	0.00194	0.00745	0.00613	0.00343	0.00975
2	0.10065	0.01191	0.01418	0.01179	0.04493	0.01121	0.00902	0.05249	0.01434	0.05287	0.08093	0.01712	0.01450	0.00682	0.00712	0.00153	0.09333	0.00506	0.00433	0.44587
3	0.07397	0.01426	0.01502	0.01435	0.06100	0.10256	0.01049	0.14124	0.08518	0.04753	0.03867	0.10774	0.03277	0.04685	0.08330	0.00316	0.10148	0.00766	0.00485	0.00791
4	0.06426	0.01210	0.01972	0.60785	0.13995	0.01451	0.01751	0.01714	0.01305	0.01796	0.01142	0.01662	0.00874	0.00633	0.00629	0.00211	0.00825	0.00560	0.00299	0.00760
5	0.01236	0.01165	0.01967	0.72720	0.07345	0.01440	0.01802	0.01665	0.01300	0.01670	0.01151	0.01717	0.00868	0.00643	0.00646	0.00214	0.00857	0.00574	0.00288	0.00731
6	0.01532	0.01615	0.01916	0.01663	0.01714	0.12123	0.01363	0.01681	0.01110	0.01556	0.00909	0.01429	0.00880	0.01231	0.05137	0.00300	0.62291	0.00550	0.00293	0.00707
7	0.01581	0.01516	0.02590	0.07440	0.69931	0.01530	0.01974	0.01967	0.01463	0.02089	0.01212	0.01605	0.01016	0.00579	0.00640	0.00193	0.00772	0.00576	0.00318	0.01009
8	0.06427	0.01749	0.01692	0.01346	0.01824	0.13258	0.01085	0.31988	0.05656	0.16504	0.01622	0.01602	0.01156	0.00722	0.00604	0.00180	0.00704	0.00539	0.00581	0.10759
9	0.06010	0.01262	0.01456	0.01187	0.01608	0.01305	0.00959	0.17021	0.18833	0.29621	0.06940	0.02249	0.01845	0.00835	0.00634	0.00200	0.00539	0.00672	0.05825	0.00998
10	0.01348	0.01279	0.02169	0.51567	0.27625	0.01469	0.01858	0.01763	0.01352	0.01806	0.01171	0.01681	0.00916	0.00622	0.00644	0.00207	0.00830	0.00575	0.00298	0.00821
11	0.01599	0.01708	0.03688	0.02639	0.03284	0.01597	0.67149	0.02128	0.01543	0.05926	0.01374	0.01767	0.01014	0.00558	0.00756	0.00217	0.01060	0.00756	0.00352	0.00884
12	0.00793	0.00567	0.00755	0.00896	0.00939	0.00529	0.00600	0.00915	0.01265	0.01694	0.06857	0.73447	0.04360	0.01991	0.00822	0.00260	0.00372	0.01805	0.00605	0.00529
13	0.00833	0.00658	0.00750	0.00784	0.00937	0.00597	0.00563	0.01069	0.04575	0.01857	0.14047	0.28416	0.37311	0.03541	0.00840	0.00240	0.00355	0.01451	0.00612	0.00565
14	0.02315	0.01513	0.01694	0.01349	0.01816	0.01627	0.01098	0.37307	0.19186	0.19888	0.03962	0.01995	0.01558	0.00820	0.00653	0.00202	0.00615	0.00649	0.00686	0.01068
15	0.01636	0.61850	0.18412	0.01262	0.01901	0.02332	0.01379	0.01959	0.01324	0.01632	0.00954	0.01106	0.00827	0.00566	0.00457	0.00152	0.00747	0.00374	0.00276	0.00856
16	0.01296	0.03342	0.73944	0.01842	0.02797	0.01501	0.02387	0.02046	0.01364	0.02046	0.01160	0.01364	0.00818	0.00614	0.00614	0.00205	0.00955	0.00477	0.00273	0.00955
17	0.01614	0.01311	0.01426	0.01258	0.01489	0.12115	0.05338	0.14405	0.05205	0.04251	0.01768	0.13871	0.01697	0.01464	0.01303	0.27071	0.00682	0.02628	0.00454	0.00651
18	0.01571	0.01506	0.02572	0.09309	0.68139	0.01528	0.01969	0.01958	0.01458	0.02077	0.01210	0.01608	0.01011	0.00581	0.00640	0.00194	0.00775	0.00576	0.00317	0.01001
19	0.01220	0.01148	0.01938	0.75739	0.04450	0.01436	0.01794	0.01651	0.01292	0.01651	0.01148	0.01723	0.00861	0.00646	0.00646	0.00215	0.00861	0.00574	0.00287	0.00718
20	0.00784	0.00623	0.00704	0.00751	0.00902	0.00543	0.00538	0.00941	0.01420	0.01779	0.10738	0.30419	0.44092	0.01745	0.00785	0.00232	0.00342	0.01511	0.00609	0.00543
21	0.02150	0.02402	0.01718	0.01532	0.01893	0.43813	0.01172	0.09129	0.25242	0.02181	0.01590	0.01614	0.01235	0.00746	0.00613	0.00186	0.00907	0.00536	0.00469	0.00872
22	0.03737	0.01694	0.01671	0.05538	0.07104	0.19629	0.01160	0.10307	0.06856	0.23165	0.01888	0.08691	0.01502	0.00865	0.00691	0.00201	0.03165	0.00681	0.00550	0.00907
23	0.04945	0.01425	0.17650	0.01111	0.01498	0.02757	0.01064	0.01653	0.05962	0.07513	0.17942	0.14736	0.16773	0.01212	0.00702	0.00215	0.00531	0.01028	0.00551	0.00734
24	0.01249	0.01117	0.06397	0.01385	0.09687	0.03266	0.00967	0.06166	0.02922	0.04886	0.02550	0.38712	0.02739	0.04535	0.00818	0.00238	0.00532	0.01196	0.05656	0.04982

[dist]
# distance from previous block
# <min> <max>
0	37

[block]
# block no. 3 follows, 34 sequences, length 74
# corresponding to MSA columns:
# 129-202
name=unknown_D
#
# <colnr> <probs for GDERKNQSTAVLIFYWHMCP>
#	G	D	E	R	K	N	Q	S	T	A	V	L	I	F	Y	W	H	M	C	P
0	0.03539	0.05538	0.04353	0.19288	0.18739	0.09063	0.06245	0.02068	0.03346	0.09759	0.01421	0.01816	0.01124	0.00813	0.03245	0.00223	0.00830	0.02577	0.00386	0.05626
1	0.05891	0.03819	0.03253	0.05256	0.07735	0.16340	0.01045	0.04211	0.03707	0.02009	0.05973	0.19035	0.02019	0.00977	0.00628	0.00187	0.00660	0.00816	0.00445	0.15995
2	0.06049	0.01131	0.01625	0.15286	0.21249	0.01193	0.01255	0.01830	0.10464	0.02275	0.22199	0.02774	0.05098	0.00876	0.00662	0.00200	0.00576	0.00773	0.00487	0.03997
3	0.01482	0.01336	0.01449	0.01193	0.01584	0.05419	0.00944	0.03837	0.24005	0.02295	0.08034	0.01998	0.01727	0.00771	0.00754	0.00172	0.08933	0.00591	0.00492	0.32983
4	0.01466	0.01450	0.02237	0.18312	0.39611	0.06843	0.05785	0.01816	0.01432	0.01910	0.01509	0.11805	0.01413	0.00792	0.00669	0.00206	0.00783	0.00746	0.00352	0.00862
5	0.01038	0.00665	0.00868	0.00864	0.01011	0.00607	0.00629	0.01262	0.01604	0.08530	0.38602	0.29746	0.09026	0.01538	0.00774	0.00224	0.00352	0.01367	0.00674	0.00620
6	0.01767	0.01544	0.01546	0.01358	0.01742	0.05990	0.01063	0.12338	0.58794	0.02818	0.02390	0.02223	0.01789	0.00851	0.00652	0.00213	0.00577	0.00692	0.00637	0.01017
7	0.00976	0.00761	0.01106	0.01077	0.01169	0.00913	0.00833	0.01176	0.01024	0.01483	0.01667	0.02575	0.01602	0.11066	0.60652	0.00922	0.09379	0.00702	0.00344	0.00574
8	0.00940	0.00626	0.00705	0.00705	0.00705	0.00626	0.00392	0.00940	0.00940	0.01253	0.02036	0.04228	0.02349	0.77292	0.03289	0.00626	0.00626	0.00940	0.00392	0.00392
9	0.02361	0.02740	0.01822	0.01609	0.01975	0.57047	0.01228	0.14141	0.07277	0.02083	0.01213	0.01323	0.00962	0.00700	0.00599	0.00175	0.01040	0.00467	0.00410	0.00828
10	0.00882	0.00656	0.00820	0.00786	0.00947	0.00595	0.00587	0.01153	0.01741	0.02399	0.57985	0.07554	0.18697	0.01405	0.00765	0.00208	0.00311	0.01228	0.00686	0.00595
11	0.01858	0.06596	0.24016	0.01896	0.02514	0.26090	0.16381	0.09222	0.01721	0.02074	0.01163	0.01380	0.00886	0.00630	0.00628	0.00190	0.01015	0.00521	0.00342	0.00877
12	0.05194	0.01104	0.01483	0.01141	0.01638	0.00964	0.00942	0.03113	0.01828	0.71651	0.02501	0.02166	0.01573	0.00794	0.00643	0.00200	0.00548	0.00641	0.00788	0.01088
13	0.01297	0.01101	0.01309	0.00965	0.01492	0.00856	0.00770	0.01578	0.01309	0.02043	0.01209	0.01464	0.01025	0.00932	0.08195	0.00194	0.00609	0.00415	0.00379	0.72859
14	0.01340	0.01148	0.01340	0.00957	0.01531	0.00861	0.00766	0.01627	0.01340	0.02105	0.01148	0.01340	0.00957	0.00479	0.00479	0.00096	0.00479	0.00383	0.00383	0.81242
15	0.02469	0.01789	0.01926	0.01477	0.01993	0.01973	0.01220	0.69098	0.03003	0.06131	0.01581	0.01570	0.01114	0.00776	0.00646	0.00194	0.00706	0.00584	0.00651	0.01099
16	0.01043	0.00864	0.01219	0.01133	0.01350	0.00839	0.08327	0.03809	0.07973	0.02034	0.11096	0.27073	0.18576	0.01525	0.00786	0.00240	0.00488	0.10385	0.00588	0.00651
17	0.01303	0.01199	0.01996	0.27179	0.32702	0.01316	0.01623	0.01663	0.01319	0.01816	0.01469	0.01984	0.03338	0.01541	0.16421	0.00381	0.00990	0.00625	0.00323	0.00812
18	0.01340	0.01148	0.01340	0.00957	0.01531	0.00861	0.00766	0.01627	0.01340	0.02105	0.01148	0.01340	0.00957	0.00479	0.00479	0.00096	0.00479	0.00383	0.00383	0.81242
19	0.01985	0.01195	0.01432	0.01174	0.01574	0.01209	0.00944	0.08046	0.20315	0.27822	0.06430	0.02548	0.07775	0.00905	0.00741	0.00201	0.05210	0.00722	0.00654	0.09117
20	0.01599	0.01535	0.02623	0.03966	0.73262	0.01535	0.01983	0.01983	0.01471	0.02111	0.01215	0.01599	0.01023	0.00576	0.00640	0.00192	0.00768	0.00576	0.00320	0.01023
21	0.01573	0.01537	0.02482	0.13494	0.59224	0.04271	0.01913	0.01948	0.01446	0.02013	0.01188	0.01594	0.00989	0.00605	0.00682	0.00197	0.02997	0.00569	0.00315	0.00963
22	0.00923	0.00692	0.01038	0.01038	0.01154	0.00808	0.00808	0.01154	0.01038	0.01500	0.01731	0.02538	0.01615	0.04846	0.74732	0.01038	0.01731	0.00692	0.00346	0.00577
23	0.01204	0.00602	0.00602	0.00602	0.00753	0.00602	0.00452	0.01506	0.01355	0.02409	0.02108	0.02409	0.01656	0.00753	0.00452	0.00151	0.00301	0.00602	0.80879	0.00602
24	0.01727	0.77681	0.03386	0.01106	0.01658	0.02557	0.01106	0.01935	0.01313	0.01520	0.00898	0.01036	0.00829	0.00553	0.00415	0.00138	0.00691	0.00345	0.00276	0.00829
25	0.00796	0.00656	0.00700	0.00689	0.00893	0.00559	0.00517	0.00990	0.01550	0.01928	0.20890	0.05918	0.58541	0.01568	0.00763	0.00215	0.00322	0.01321	0.00624	0.00559
26	0.01607	0.01388	0.01461	0.01315	0.01680	0.01607	0.01023	0.03433	0.72094	0.02703	0.02630	0.02411	0.01972	0.00877	0.00657	0.00219	0.00511	0.00731	0.00657	0.01023
27	0.81856	0.01250	0.00950	0.00850	0.01250	0.01449	0.00700	0.01899	0.01100	0.02899	0.00900	0.01050	0.00700	0.00600	0.00400	0.00200	0.00500	0.00350	0.00400	0.00700
28	0.00787	0.00562	0.00750	0.00900	0.00937	0.00525	0.00600	0.00900	0.01237	0.01649	0.03561	0.76871	0.04274	0.02024	0.00825	0.00262	0.00375	0.01837	0.00600	0.00525
29	0.01611	0.01480	0.02258	0.05057	0.48682	0.05905	0.04089	0.01962	0.01537	0.06203	0.07367	0.02056	0.04361	0.00695	0.00650	0.00191	0.00727	0.00649	0.00393	0.04128
30	0.44975	0.01235	0.01232	0.01017	0.01459	0.01308	0.00836	0.06717	0.04311	0.28757	0.01610	0.01554	0.01103	0.00695	0.00516	0.00200	0.00532	0.00489	0.00571	0.00883
31	0.03709	0.01633	0.01555	0.11163	0.04822	0.22020	0.01127	0.04511	0.01464	0.01816	0.03114	0.10947	0.01537	0.05478	0.04520	0.00261	0.08657	0.00695	0.00387	0.10583
32	0.00923	0.00692	0.01038	0.01038	0.01154	0.00808	0.00808	0.01154	0.01038	0.01500	0.01731	0.02538	0.01615	0.04846	0.74732	0.01038	0.01731	0.00692	0.00346	0.00577
33	0.01528	0.01456	0.02449	0.17494	0.57483	0.01519	0.01911	0.01975	0.04113	0.02046	0.01256	0.01653	0.01029	0.00600	0.00642	0.00197	0.00776	0.00581	0.00326	0.00965
34	0.02516	0.01715	0.01880	0.01441	0.01956	0.01862	0.01191	0.61993	0.02879	0.13412	0.01685	0.01638	0.01166	0.00779	0.00647	0.00195	0.00689	0.00591	0.00667	0.01099
35	0.01406	0.01188	0.01375	0.00988	0.01559	0.00929	0.00793	0.05743	0.01440	0.02222	0.01172	0.01352	0.00965	0.00496	0.00488	0.00102	0.00492	0.00395	0.00398	0.76494
36	0.12524	0.01460	0.01371	0.01220	0.01564	0.09051	0.00952	0.08143	0.38286	0.02703	0.13551	0.02421	0.02282	0.00881	0.00631	0.00206	0.00560	0.00706	0.00597	0.00889
37	0.02312	0.02826	0.01787	0.01615	0.01957	0.63211	0.01219	0.04758	0.10800	0.01799	0.01223	0.01335	0.00985	0.00696	0.00594	0.00174	0.01068	0.00461	0.00384	0.00794
38	0.30028	0.02340	0.01532	0.03388	0.01804	0.44331	0.01072	0.05038	0.01610	0.02141	0.00990	0.01155	0.00798	0.00647	0.00523	0.00181	0.00907	0.00404	0.00367	0.00745
39	0.00790	0.00603	0.00728	0.00818	0.00926	0.00541	0.00574	0.00933	0.01349	0.01726	0.07201	0.47465	0.28496	0.01855	0.00803	0.00246	0.00361	0.03443	0.00604	0.00537
40	0.01220	0.01148	0.01938	0.75739	0.04450	0.01436	0.01794	0.01651	0.01292	0.01651	0.01148	0.01723	0.00861	0.00646	0.00646	0.00215	0.00861	0.00574	0.00287	0.00718
41	0.00929	0.00669	0.00922	0.00922	0.00998	0.00745	0.00663	0.01079	0.01004	0.01414	0.01837	0.03126	0.01871	0.30057	0.49870	0.00895	0.01346	0.00778	0.00362	0.00512
42	0.01200	0.01046	0.01462	0.01318	0.01380	0.01371	0.01070	0.01395	0.01070	0.01655	0.03406	0.02025	0.01364	0.02439	0.28139	0.00540	0.39035	0.00633	0.08810	0.00646
43	0.02414	0.03079	0.01831	0.01665	0.01998	0.74698	0.01248	0.02580	0.01831	0.01581	0.00999	0.01165	0.00832	0.00666	0.00583	0.00166	0.01165	0.00416	0.00333	0.00749
44	0.02586	0.01602	0.01810	0.01388	0.01900	0.01695	0.01147	0.51213	0.02690	0.24458	0.01843	0.01741	0.01245	0.00783	0.00647	0.00196	0.00664	0.00602	0.00691	0.01099
45	0.01296	0.03342	0.73944	0.01842	0.02797	0.01501	0.02387	0.02046	0.01364	0.02046	0.01160	0.01364	0.00818	0.00614	0.00614	0.00205	0.00955	0.00477	0.00273	0.00955
46	0.00824	0.00657	0.00738	0.00718	0.00910	0.00571	0.00538	0.01044	0.01615	0.02082	0.32974	0.05664	0.46361	0.01511	0.00763	0.00212	0.00318	0.01286	0.00644	0.00571
47	0.00924	0.00690	0.01025	0.01025	0.01136	0.00800	0.00791	0.01145	0.01034	0.01490	0.01743	0.02607	0.01645	0.07774	0.71844	0.01022	0.01686	0.00702	0.00348	0.00569
48	0.01838	0.01745	0.03094	0.04875	0.02937	0.01756	0.44221	0.26079	0.02043	0.02752	0.01387	0.01676	0.01017	0.00629	0.00718	0.00209	0.00950	0.00693	0.00437	0.00945
49	0.01005	0.00632	0.00823	0.00899	0.00997	0.00582	0.00625	0.01139	0.01323	0.08411	0.06328	0.55701	0.08707	0.06487	0.00955	0.00275	0.00407	0.03516	0.00610	0.00577
50	0.00870	0.00662	0.00801	0.00775	0.00949	0.00594	0.00587	0.01128	0.01699	0.02287	0.48395	0.05379	0.28073	0.01443	0.00768	0.00212	0.00323	0.03800	0.00670	0.00588
51	0.00848	0.00658	0.00771	0.00743	0.00924	0.00581	0.00557	0.01090	0.01672	0.02218	0.43620	0.05441	0.35630	0.01460	0.00763	0.00210	0.00315	0.01255	0.00662	0.00581
52	0.01599	0.01535	0.02623	0.03966	0.73262	0.01535	0.01983	0.01983	0.01471	0.02111	0.01215	0.01599	0.01023	0.00576	0.00640	0.00192	0.00768	0.00576	0.00320	0.01023
53	0.01351	0.01184	0.01486	0.01062	0.01641	0.00907	0.04922	0.01653	0.01351	0.02103	0.01158	0.01364	0.00958	0.00482	0.00495	0.00103	0.00515	0.00405	0.00379	0.76481
54	0.01025	0.00738	0.01018	0.01158	0.01311	0.00732	0.01009	0.01314	0.01487	0.01923	0.03606	0.07225	0.07823	0.01776	0.00885	0.00293	0.00579	0.64911	0.00595	0.00592
55	0.02444	0.01147	0.01456	0.01158	0.01622	0.01069	0.00939	0.03030	0.16556	0.51131	0.05135	0.02283	0.01803	0.00813	0.00644	0.00197	0.00527	0.00668	0.00738	0.06640
56	0.01491	0.01187	0.01379	0.01015	0.01566	0.00965	0.00813	0.04238	0.07096	0.06415	0.01363	0.01483	0.01081	0.00539	0.00509	0.00115	0.00493	0.00433	0.00438	0.67379
57	0.81856	0.01250	0.00950	0.00850	0.01250	0.01449	0.00700	0.01899	0.01100	0.02899	0.00900	0.01050	0.00700	0.00600	0.00400	0.00200	0.00500	0.00350	0.00400	0.00700
58	0.01128	0.00738	0.00927	0.00862	0.01070	0.00680	0.00666	0.01460	0.04412	0.09801	0.47380	0.04848	0.16870	0.01332	0.00754	0.00212	0.00359	0.05145	0.00692	0.00664
59	0.01683	0.69956	0.10718	0.01182	0.01777	0.02447	0.01239	0.01946	0.01318	0.01575	0.00925	0.01071	0.00828	0.00559	0.00435	0.00145	0.00718	0.00359	0.00276	0.00842
60	0.01525	0.01743	0.03813	0.02723	0.03377	0.01634	0.70915	0.02070	0.01525	0.02070	0.01307	0.01743	0.00980	0.00545	0.00763	0.00218	0.01089	0.00763	0.00327	0.00871
61	0.01488	0.02931	0.58612	0.01868	0.02742	0.01458	0.09863	0.02163	0.01432	0.09496	0.01320	0.01493	0.00918	0.00625	0.00634	0.00206	0.00928	0.00527	0.00334	0.00961
62	0.00923	0.00692	0.01038	0.01038	0.01154	0.00808	0.00808	0.01154	0.01038	0.01500	0.01731	0.02538	0.01615	0.04846	0.74732	0.01038	0.01731	0.00692	0.00346	0.00577
63	0.00787	0.00562	0.00750	0.00900	0.00937	0.00525	0.00600	0.00900	0.01237	0.01649	0.03561	0.76871	0.04274	0.02024	0.00825	0.00262	0.00375	0.01837	0.00600	0.00525
64	0.01599	0.01535	0.02623	0.03966	0.73262	0.01535	0.01983	0.01983	0.01471	0.02111	0.01215	0.01599	0.01023	0.00576	0.00640	0.00192	0.00768	0.00576	0.00320	0.01023
65	0.00787	0.00562	0.00750	0.00900	0.00937	0.00525	0.00600	0.00900	0.01237	0.01649	0.03561	0.76871	0.04274	0.02024	0.00825	0.00262	0.00375	0.01837	0.00600	0.00525
66	0.01220	0.01148	0.01938	0.75739	0.04450	0.01436	0.01794	0.01651	0.01292	0.01651	0.01148	0.01723	0.00861	0.00646	0.00646	0.00215	0.00861	0.00574	0.00287	0.00718
67	0.81856	0.01250	0.00950	0.00850	0.01250	0.01449	0.00700	0.01899	0.01100	0.02899	0.00900	0.01050	0.00700	0.00600	0.00400	0.00200	0.00500	0.00350	0.00400	0.00700
68	0.02151	0.50022	0.02705	0.01121	0.01655	0.01976	0.01049	0.02373	0.01507	0.27592	0.01495	0.01456	0.01107	0.00642	0.00500	0.00160	0.00640	0.00455	0.00465	0.00927
69	0.02141	0.08693	0.01988	0.01627	0.01905	0.53080	0.01273	0.02305	0.01606	0.01571	0.00958	0.01209	0.00836	0.00758	0.00904	0.00190	0.17451	0.00443	0.00317	0.00746
70	0.00925	0.00634	0.00732	0.00722	0.00763	0.00619	0.00438	0.00992	0.01137	0.01533	0.15703	0.04451	0.06926	0.58767	0.02672	0.00524	0.00549	0.01006	0.00463	0.00441
71	0.00909	0.00660	0.00856	0.00807	0.00962	0.00607	0.00605	0.01208	0.01816	0.02559	0.70439	0.04879	0.08598	0.01333	0.00762	0.00204	0.00306	0.01176	0.00707	0.00607
72	0.00787	0.00562	0.00750	0.00900	0.00937	0.00525	0.00600	0.00900	0.01237	0.01649	0.03561	0.76871	0.04274	0.02024	0.00825	0.00262	0.00375	0.01837	0.00600	0.00525
73	0.01599	0.01535	0.02623	0.03966	0.73262	0.01535	0.01983	0.01983	0.01471	0.02111	0.01215	0.01599	0.01023	0.00576	0.00640	0.00192	0.00768	0.00576	0.00320	0.01023

[dist]
# distance from previous block
# <min> <max>
0	0

# created by:
# /home/berkeley/.conda/envs/busco_data_prod/bin/msa2prfl.pl pipeline/OGs_align_augustus/4893/35010.fs
