[name]
unknown

[dist]
# distance from previous block
# <min> <max>
0	13

[block]
# block no. 0 follows, 32 sequences, length 11
# corresponding to MSA columns:
# 13-23
name=unknown_A
#
# <colnr> <probs for GDERKNQSTAVLIFYWHMCP>
#	G	D	E	R	K	N	Q	S	T	A	V	L	I	F	Y	W	H	M	C	P
0	0.02104	0.01916	0.04994	0.01473	0.01872	0.22514	0.03810	0.14302	0.01918	0.14127	0.01870	0.09370	0.01621	0.02637	0.04190	0.00255	0.02358	0.03757	0.00525	0.04386
1	0.01033	0.00833	0.01161	0.01293	0.06682	0.00836	0.02473	0.01257	0.01447	0.01917	0.10039	0.21177	0.16439	0.06105	0.01086	0.00285	0.05646	0.19094	0.00568	0.00630
2	0.01920	0.44864	0.03301	0.01614	0.02190	0.07954	0.18092	0.02223	0.01516	0.08804	0.01217	0.01388	0.00980	0.00607	0.00558	0.00173	0.00845	0.00503	0.00359	0.00893
3	0.01469	0.08293	0.01439	0.01129	0.01362	0.12298	0.00865	0.08337	0.01443	0.01850	0.01645	0.02507	0.01568	0.19289	0.26017	0.00584	0.01118	0.00670	0.04027	0.04089
4	0.09608	0.44327	0.02731	0.01295	0.01682	0.05318	0.01178	0.01902	0.01269	0.01732	0.00962	0.01247	0.00888	0.00923	0.04018	0.00228	0.19151	0.00434	0.00307	0.00802
5	0.01578	0.05274	0.01725	0.19419	0.02360	0.01376	0.04075	0.14970	0.07797	0.07036	0.05362	0.13583	0.08198	0.01091	0.00716	0.00224	0.00655	0.03182	0.00545	0.00834
6	0.08975	0.11901	0.44633	0.01806	0.04446	0.05538	0.06515	0.02172	0.01445	0.04957	0.01207	0.01402	0.00890	0.00633	0.00603	0.00202	0.00913	0.00493	0.00326	0.00942
7	0.01416	0.06476	0.58810	0.01794	0.02672	0.01625	0.02201	0.02341	0.12126	0.02205	0.01427	0.01568	0.01035	0.00677	0.00635	0.00212	0.00908	0.00530	0.00345	0.00997
8	0.01303	0.01099	0.01297	0.00985	0.01495	0.00841	0.00769	0.01573	0.01375	0.02114	0.01578	0.12870	0.01524	0.00744	0.00552	0.00126	0.00480	0.00630	0.00432	0.68213
9	0.01359	0.00722	0.00971	0.00998	0.01156	0.00654	0.00713	0.01511	0.01442	0.19237	0.03439	0.57787	0.03752	0.01788	0.00812	0.00256	0.00434	0.01603	0.00674	0.00692
10	0.01881	0.01248	0.01426	0.01263	0.01644	0.01335	0.01007	0.03096	0.42248	0.19913	0.03073	0.03226	0.06960	0.01039	0.00713	0.00231	0.00536	0.07448	0.00709	0.01003

[dist]
# distance from previous block
# <min> <max>
0	7

[block]
# block no. 1 follows, 32 sequences, length 85
# corresponding to MSA columns:
# 31-115
name=unknown_B
#
# <colnr> <probs for GDERKNQSTAVLIFYWHMCP>
#	G	D	E	R	K	N	Q	S	T	A	V	L	I	F	Y	W	H	M	C	P
0	0.01514	0.01557	0.09657	0.38091	0.21405	0.01511	0.01857	0.02101	0.07614	0.06101	0.01433	0.01809	0.01080	0.00679	0.00667	0.00216	0.00829	0.00605	0.00370	0.00904
1	0.01539	0.01226	0.01433	0.01034	0.01623	0.00962	0.00831	0.05407	0.01513	0.06032	0.01292	0.01450	0.01037	0.00531	0.00516	0.00111	0.00514	0.00423	0.00435	0.72091
2	0.05137	0.00667	0.00829	0.00954	0.01031	0.00656	0.00652	0.01129	0.04973	0.01840	0.03500	0.68103	0.04114	0.01960	0.00824	0.00267	0.00404	0.01764	0.00615	0.00582
3	0.01710	0.01475	0.01759	0.09504	0.10335	0.01681	0.01284	0.09607	0.48933	0.02756	0.02288	0.02243	0.01723	0.00838	0.00678	0.00221	0.00621	0.00708	0.00600	0.01036
4	0.02193	0.11731	0.01988	0.01514	0.01904	0.42092	0.01188	0.12190	0.03578	0.02067	0.01329	0.05328	0.01162	0.00939	0.03567	0.00213	0.01007	0.00544	0.00412	0.05054
5	0.02515	0.01375	0.01637	0.01279	0.01750	0.01384	0.01047	0.30532	0.02412	0.33739	0.10690	0.02347	0.02020	0.00885	0.00681	0.00204	0.00601	0.00710	0.03128	0.01064
6	0.01487	0.01255	0.01358	0.01232	0.01559	0.01412	0.00953	0.02991	0.54011	0.02751	0.17689	0.03166	0.05165	0.01034	0.00710	0.00224	0.00479	0.00877	0.00693	0.00954
7	0.00806	0.00649	0.00718	0.00767	0.00931	0.00561	0.00550	0.00963	0.01461	0.01806	0.07694	0.29024	0.48082	0.01821	0.00814	0.00241	0.00355	0.01570	0.00626	0.00561
8	0.01669	0.01441	0.01517	0.01365	0.01745	0.01669	0.01062	0.03565	0.71021	0.02807	0.02731	0.02503	0.02048	0.00910	0.00683	0.00228	0.00531	0.00759	0.00683	0.01062
9	0.00888	0.00683	0.00811	0.00779	0.00965	0.00607	0.00584	0.01147	0.01753	0.02344	0.46210	0.05582	0.32216	0.01501	0.00792	0.00217	0.00326	0.01293	0.00693	0.00607
10	0.01267	0.01193	0.02013	0.74806	0.04621	0.01491	0.01863	0.01714	0.01342	0.01714	0.01193	0.01789	0.00894	0.00671	0.00671	0.00224	0.00894	0.00596	0.00298	0.00745
11	0.00916	0.00681	0.00853	0.00817	0.00984	0.00618	0.00610	0.01199	0.01810	0.02495	0.57557	0.07813	0.18248	0.01458	0.00794	0.00216	0.00323	0.01275	0.00713	0.00618
12	0.00810	0.00680	0.00704	0.00698	0.00917	0.00574	0.00523	0.00996	0.01570	0.01909	0.13937	0.06299	0.64761	0.01663	0.00793	0.00225	0.00337	0.01394	0.00636	0.00574
13	0.01661	0.01594	0.02724	0.04119	0.72233	0.01594	0.02059	0.02059	0.01528	0.02192	0.01262	0.01661	0.01063	0.00598	0.00664	0.00199	0.00797	0.00598	0.00332	0.01063
14	0.02551	0.01879	0.02014	0.01544	0.02081	0.02081	0.01275	0.69996	0.03155	0.04229	0.01611	0.01611	0.01141	0.00805	0.00671	0.00201	0.00738	0.00604	0.00671	0.01141
15	0.00976	0.00651	0.00732	0.00732	0.00732	0.00651	0.00407	0.00976	0.00976	0.01301	0.02114	0.04391	0.02439	0.76419	0.03415	0.00651	0.00651	0.00976	0.00407	0.00407
16	0.01391	0.01193	0.01391	0.00994	0.01590	0.00894	0.00795	0.01690	0.01391	0.02186	0.01193	0.01391	0.00994	0.00497	0.00497	0.00099	0.00497	0.00398	0.00398	0.80521
17	0.00959	0.00716	0.01064	0.01064	0.01178	0.00831	0.00820	0.01189	0.01074	0.01547	0.01811	0.02711	0.01710	0.08079	0.70758	0.01060	0.01748	0.00730	0.00361	0.00591
18	0.01267	0.01193	0.02013	0.74806	0.04621	0.01491	0.01863	0.01714	0.01342	0.01714	0.01193	0.01789	0.00894	0.00671	0.00671	0.00224	0.00894	0.00596	0.00298	0.00745
19	0.02506	0.03198	0.01901	0.01729	0.02074	0.73725	0.01296	0.02679	0.01901	0.01642	0.01037	0.01210	0.00864	0.00691	0.00605	0.00173	0.01210	0.00432	0.00346	0.00778
20	0.00944	0.00686	0.00889	0.00838	0.00999	0.00631	0.00628	0.01255	0.01885	0.02657	0.69378	0.05068	0.08853	0.01384	0.00791	0.00212	0.00317	0.01221	0.00734	0.00631
21	0.01638	0.01571	0.02682	0.08225	0.68306	0.01588	0.02048	0.02039	0.01517	0.02164	0.01258	0.01668	0.01053	0.00602	0.00665	0.00201	0.00803	0.00598	0.00330	0.01044
22	0.02514	0.02971	0.01921	0.01697	0.02075	0.61416	0.01293	0.14245	0.02117	0.02087	0.01136	0.01279	0.00912	0.00711	0.00616	0.00178	0.01129	0.00462	0.00402	0.00840
23	0.00849	0.00652	0.00728	0.00772	0.00898	0.00586	0.00532	0.00972	0.01345	0.01679	0.04877	0.23344	0.37502	0.18568	0.01401	0.00336	0.00430	0.03429	0.00574	0.00527
24	0.00885	0.00683	0.00807	0.00776	0.00963	0.00605	0.00582	0.01141	0.01746	0.02327	0.44902	0.05611	0.33535	0.01508	0.00792	0.00217	0.00326	0.01297	0.00691	0.00605
25	0.00876	0.00612	0.00777	0.00885	0.00917	0.00586	0.00576	0.00965	0.01201	0.01600	0.03211	0.51454	0.03807	0.24675	0.01637	0.00389	0.00478	0.04291	0.00557	0.00506
26	0.01725	0.01642	0.02397	0.11089	0.07975	0.06078	0.15359	0.09607	0.07215	0.04366	0.01349	0.01699	0.01074	0.00823	0.01123	0.00233	0.22034	0.00634	0.00402	0.03176
27	0.13401	0.40342	0.02591	0.01312	0.01784	0.27271	0.01140	0.02238	0.01519	0.01806	0.00969	0.01125	0.00843	0.00622	0.00489	0.00163	0.00861	0.00385	0.00326	0.00813
28	0.00959	0.00719	0.01078	0.01078	0.01198	0.00839	0.00839	0.01198	0.01078	0.01558	0.01797	0.02636	0.01677	0.05032	0.73760	0.01078	0.01797	0.00719	0.00359	0.00599
29	0.01976	0.58007	0.03103	0.01296	0.01812	0.20818	0.01186	0.02180	0.01501	0.01595	0.00959	0.01111	0.00862	0.00604	0.00475	0.00151	0.00843	0.00378	0.00302	0.00840
30	0.00817	0.00587	0.00776	0.00927	0.00971	0.00546	0.00620	0.00935	0.01292	0.01716	0.03789	0.73942	0.06418	0.02090	0.00855	0.00271	0.00388	0.01893	0.00623	0.00546
31	0.01630	0.01741	0.14154	0.14545	0.24330	0.01436	0.12387	0.02096	0.01528	0.10325	0.01628	0.04198	0.01331	0.00759	0.00704	0.00219	0.00848	0.04796	0.00404	0.00942
32	0.01935	0.09558	0.16854	0.09489	0.05274	0.23000	0.01578	0.08800	0.11134	0.04025	0.01412	0.01560	0.01079	0.00707	0.00623	0.00196	0.00915	0.00529	0.00410	0.00920
33	0.01685	0.01641	0.02699	0.04048	0.70176	0.03710	0.02037	0.02077	0.01539	0.02176	0.01256	0.01647	0.01057	0.00601	0.00663	0.00199	0.00809	0.00593	0.00333	0.01054
34	0.01851	0.01532	0.01620	0.01402	0.01814	0.01754	0.01106	0.17302	0.56988	0.03101	0.02499	0.02319	0.01861	0.00889	0.00680	0.00222	0.00574	0.00727	0.00680	0.01078
35	0.16261	0.01173	0.01408	0.01102	0.01590	0.01082	0.00902	0.05260	0.01760	0.43732	0.06869	0.02118	0.01710	0.00786	0.00614	0.00193	0.00541	0.00618	0.00688	0.11592
36	0.04132	0.01647	0.05278	0.08913	0.38524	0.03793	0.10308	0.02021	0.01454	0.04231	0.01259	0.01670	0.01032	0.00801	0.02816	0.00240	0.09983	0.00610	0.00343	0.00945
37	0.01821	0.73993	0.03454	0.01170	0.01736	0.05386	0.01154	0.02035	0.01384	0.01581	0.00937	0.01081	0.00861	0.00579	0.00437	0.00145	0.00736	0.00362	0.00289	0.00858
38	0.00818	0.00584	0.00779	0.00934	0.00973	0.00545	0.00623	0.00934	0.01285	0.01713	0.03698	0.75981	0.04438	0.02102	0.00856	0.00273	0.00389	0.01908	0.00623	0.00545
39	0.00928	0.00657	0.00829	0.00896	0.00927	0.00664	0.00592	0.01013	0.01147	0.01540	0.02819	0.34789	0.03286	0.34585	0.05789	0.00482	0.02778	0.05278	0.00505	0.00497
40	0.01847	0.16834	0.24041	0.03954	0.04100	0.17510	0.03433	0.02246	0.01558	0.09360	0.01493	0.04109	0.02897	0.00750	0.00660	0.00195	0.03178	0.00563	0.00380	0.00893
41	0.01763	0.71814	0.08257	0.01200	0.01803	0.02580	0.01239	0.02017	0.01367	0.01616	0.00951	0.01100	0.00860	0.00578	0.00445	0.00148	0.00736	0.00368	0.00287	0.00870
42	0.01643	0.00934	0.01085	0.00934	0.01213	0.00924	0.00734	0.13038	0.01927	0.13934	0.23086	0.03167	0.04726	0.00992	0.00639	0.00190	0.00426	0.00825	0.28791	0.00793
43	0.01018	0.00796	0.01114	0.01232	0.04969	0.00780	0.03176	0.01369	0.06945	0.02034	0.13425	0.39860	0.06113	0.01716	0.00831	0.00259	0.00474	0.12619	0.00619	0.00651
44	0.02100	0.01913	0.06471	0.02640	0.27199	0.12837	0.12418	0.07086	0.01781	0.16638	0.01546	0.01724	0.01140	0.00671	0.00676	0.00202	0.00876	0.00613	0.00458	0.01011
45	0.01377	0.01310	0.02010	0.22617	0.14263	0.01646	0.01575	0.01659	0.01237	0.01770	0.04002	0.01890	0.01230	0.03345	0.05904	0.00313	0.32117	0.00636	0.00327	0.00770
46	0.00808	0.00675	0.00704	0.00708	0.00918	0.00571	0.00527	0.00988	0.01549	0.01885	0.12422	0.10013	0.62545	0.01692	0.00796	0.00228	0.00340	0.01424	0.00633	0.00571
47	0.01836	0.02032	0.03114	0.05525	0.15789	0.16256	0.36398	0.06678	0.01732	0.02174	0.01286	0.01647	0.00999	0.00617	0.00718	0.00209	0.01051	0.00664	0.00360	0.00918
48	0.02069	0.01934	0.01915	0.01705	0.05963	0.16414	0.04869	0.22769	0.27212	0.02890	0.02021	0.02011	0.03522	0.00822	0.00672	0.00207	0.00772	0.00659	0.00571	0.01004
49	0.01831	0.15519	0.31214	0.01593	0.02273	0.10931	0.01692	0.06101	0.11885	0.08473	0.01512	0.01580	0.01118	0.00700	0.00609	0.00197	0.00853	0.00525	0.00420	0.00974
50	0.66658	0.01335	0.01133	0.00971	0.01407	0.01507	0.00801	0.08174	0.01396	0.09787	0.01159	0.01251	0.00853	0.00659	0.00463	0.00207	0.00544	0.00415	0.00478	0.00803
51	0.07814	0.01446	0.01694	0.01314	0.01828	0.01465	0.01083	0.28795	0.04896	0.39366	0.02143	0.01957	0.01416	0.00810	0.00657	0.00206	0.00630	0.00631	0.00737	0.01112
52	0.00954	0.00647	0.00762	0.00783	0.00796	0.00650	0.00465	0.00986	0.01023	0.01373	0.02299	0.13632	0.02647	0.61702	0.08004	0.00631	0.00697	0.01080	0.00432	0.00438
53	0.01281	0.01207	0.02038	0.72251	0.07065	0.01494	0.01871	0.01727	0.01348	0.01732	0.01195	0.01784	0.00901	0.00668	0.00671	0.00223	0.00891	0.00596	0.00299	0.00757
54	0.01720	0.01182	0.01425	0.01034	0.01615	0.00913	0.00834	0.02010	0.01499	0.16505	0.01488	0.01573	0.01129	0.00565	0.00533	0.00121	0.00512	0.00454	0.00485	0.64402
55	0.00963	0.00653	0.00772	0.00782	0.00798	0.00663	0.00467	0.00996	0.01008	0.01356	0.02189	0.09121	0.02496	0.63768	0.10678	0.00670	0.00754	0.01013	0.00416	0.00436
56	0.01267	0.01193	0.02013	0.74806	0.04621	0.01491	0.01863	0.01714	0.01342	0.01714	0.01193	0.01789	0.00894	0.00671	0.00671	0.00224	0.00894	0.00596	0.00298	0.00745
57	0.02340	0.02631	0.01839	0.01625	0.02007	0.47744	0.01245	0.13262	0.16400	0.02283	0.01476	0.01540	0.01152	0.00754	0.00631	0.00189	0.00997	0.00526	0.00466	0.00893
58	0.00943	0.00686	0.00888	0.00837	0.00998	0.00630	0.00628	0.01253	0.01884	0.02653	0.69102	0.05074	0.09132	0.01386	0.00791	0.00212	0.00318	0.01222	0.00734	0.00630
59	0.01768	0.15727	0.11889	0.02315	0.21294	0.16668	0.07529	0.02209	0.04547	0.02007	0.04869	0.01645	0.01266	0.00666	0.00620	0.00187	0.00879	0.00557	0.00359	0.03001
60	0.00956	0.00709	0.01040	0.01045	0.01152	0.00814	0.00796	0.01171	0.01076	0.01541	0.01883	0.05088	0.01827	0.10866	0.65628	0.01018	0.01658	0.00778	0.00372	0.00581
61	0.01856	0.70436	0.03376	0.01198	0.01753	0.08820	0.01161	0.02067	0.01410	0.01584	0.00942	0.01088	0.00861	0.00584	0.00446	0.00146	0.00760	0.00365	0.00292	0.00854
62	0.01954	0.01384	0.01628	0.05628	0.05985	0.01519	0.01145	0.08838	0.41566	0.15902	0.02427	0.02298	0.01764	0.00850	0.00670	0.00217	0.00583	0.00706	0.03887	0.01048
63	0.00884	0.00634	0.00843	0.00986	0.01057	0.00603	0.00715	0.01042	0.01340	0.01767	0.03709	0.54601	0.06660	0.05202	0.00980	0.00295	0.00451	0.17060	0.00612	0.00557
64	0.01661	0.01594	0.02724	0.04119	0.72233	0.01594	0.02059	0.02059	0.01528	0.02192	0.01262	0.01661	0.01063	0.00598	0.00664	0.00199	0.00797	0.00598	0.00332	0.01063
65	0.00838	0.00682	0.00742	0.00727	0.00934	0.00586	0.00545	0.01051	0.01636	0.02066	0.25586	0.06040	0.53014	0.01605	0.00793	0.00222	0.00333	0.01358	0.00656	0.00586
66	0.00959	0.00719	0.01078	0.01078	0.01198	0.00839	0.00839	0.01198	0.01078	0.01558	0.01797	0.02636	0.01677	0.05032	0.73760	0.01078	0.01797	0.00719	0.00359	0.00599
67	0.01669	0.01441	0.01517	0.01365	0.01745	0.01669	0.01062	0.03565	0.71021	0.02807	0.02731	0.02503	0.02048	0.00910	0.00683	0.00228	0.00531	0.00759	0.00683	0.01062
68	0.01468	0.01468	0.02055	0.01762	0.01762	0.02055	0.01468	0.01615	0.01028	0.01615	0.00881	0.01468	0.00881	0.01174	0.02202	0.00294	0.75191	0.00587	0.00294	0.00734
69	0.03010	0.01142	0.01557	0.01194	0.01713	0.00986	0.00986	0.03270	0.01920	0.72698	0.02647	0.02284	0.01661	0.00830	0.00675	0.00208	0.00571	0.00675	0.00830	0.01142
70	0.01468	0.01468	0.02055	0.01762	0.01762	0.02055	0.01468	0.01615	0.01028	0.01615	0.00881	0.01468	0.00881	0.01174	0.02202	0.00294	0.75191	0.00587	0.00294	0.00734
71	0.75865	0.01305	0.01080	0.03267	0.03936	0.01508	0.00809	0.01968	0.01162	0.02941	0.00954	0.01132	0.00744	0.00623	0.00432	0.00208	0.00541	0.00379	0.00409	0.00739
72	0.02450	0.01814	0.01943	0.01507	0.02017	0.02010	0.01234	0.64100	0.06691	0.04053	0.01688	0.01754	0.01234	0.03398	0.00766	0.00218	0.00724	0.00625	0.00663	0.01112
73	0.01661	0.01594	0.02724	0.04119	0.72233	0.01594	0.02059	0.02059	0.01528	0.02192	0.01262	0.01661	0.01063	0.00598	0.00664	0.00199	0.00797	0.00598	0.00332	0.01063
74	0.01669	0.01441	0.01517	0.01365	0.01745	0.01669	0.01062	0.03565	0.71021	0.02807	0.02731	0.02503	0.02048	0.00910	0.00683	0.00228	0.00531	0.00759	0.00683	0.01062
75	0.00939	0.00685	0.00882	0.00833	0.00996	0.00628	0.00624	0.01245	0.01873	0.02629	0.67326	0.05113	0.10923	0.01395	0.00792	0.00212	0.00318	0.01228	0.00731	0.00628
76	0.02506	0.03198	0.01901	0.01729	0.02074	0.73725	0.01296	0.02679	0.01901	0.01642	0.01037	0.01210	0.00864	0.00691	0.00605	0.00173	0.01210	0.00432	0.00346	0.00778
77	0.00818	0.00584	0.00779	0.00934	0.00973	0.00545	0.00623	0.00934	0.01285	0.01713	0.03698	0.75981	0.04438	0.02102	0.00856	0.00273	0.00389	0.01908	0.00623	0.00545
78	0.00939	0.00685	0.00882	0.00833	0.00996	0.00629	0.00625	0.01245	0.01874	0.02630	0.67411	0.05111	0.10837	0.01394	0.00792	0.00212	0.00318	0.01227	0.00731	0.00629
79	0.00803	0.00680	0.00694	0.00691	0.00913	0.00571	0.00518	0.00983	0.01554	0.01870	0.11072	0.06363	0.67650	0.01678	0.00793	0.00226	0.00338	0.01403	0.00631	0.00571
80	0.02506	0.03198	0.01901	0.01729	0.02074	0.73725	0.01296	0.02679	0.01901	0.01642	0.01037	0.01210	0.00864	0.00691	0.00605	0.00173	0.01210	0.00432	0.00346	0.00778
81	0.00959	0.00643	0.00737	0.00753	0.00757	0.00639	0.00430	0.00971	0.01009	0.01345	0.02282	0.11993	0.02652	0.68527	0.03143	0.00610	0.00623	0.01075	0.00430	0.00421
82	0.01812	0.56994	0.12202	0.01317	0.01914	0.10380	0.01333	0.02144	0.03483	0.01692	0.01032	0.01177	0.00895	0.00605	0.00484	0.00158	0.00802	0.00396	0.00305	0.00875
83	0.01465	0.01459	0.02080	0.05728	0.04769	0.02007	0.01513	0.01638	0.01065	0.01643	0.00913	0.01493	0.00889	0.01124	0.02059	0.00286	0.68239	0.00588	0.00295	0.00748
84	0.01794	0.76823	0.03516	0.01148	0.01722	0.02655	0.01148	0.02009	0.01363	0.01579	0.00933	0.01076	0.00861	0.00574	0.00431	0.00144	0.00718	0.00359	0.00287	0.00861

[dist]
# distance from previous block
# <min> <max>
0	4

[block]
# block no. 2 follows, 32 sequences, length 6
# corresponding to MSA columns:
# 120-125
name=unknown_C
#
# <colnr> <probs for GDERKNQSTAVLIFYWHMCP>
#	G	D	E	R	K	N	Q	S	T	A	V	L	I	F	Y	W	H	M	C	P
0	0.01811	0.49338	0.15182	0.01535	0.06078	0.12531	0.01451	0.02128	0.01459	0.01717	0.01014	0.01188	0.00871	0.00603	0.00505	0.00163	0.00840	0.00407	0.00297	0.00883
1	0.01213	0.00722	0.01225	0.01096	0.01174	0.00710	0.08458	0.01019	0.00955	0.01277	0.01187	0.02013	0.01149	0.02130	0.02414	0.71347	0.00645	0.00607	0.00297	0.00361
2	0.00973	0.00735	0.00861	0.00857	0.01037	0.00697	0.00641	0.01356	0.07748	0.02265	0.29887	0.15391	0.24433	0.01513	0.00777	0.00226	0.00364	0.03887	0.05713	0.00638
3	0.00847	0.00611	0.00785	0.00911	0.00970	0.00571	0.00621	0.00970	0.01293	0.01700	0.03809	0.58599	0.10152	0.09243	0.01103	0.00307	0.00425	0.05943	0.00602	0.00538
4	0.06006	0.52114	0.09991	0.01536	0.06419	0.06167	0.05768	0.02067	0.01410	0.01787	0.01013	0.01202	0.00876	0.00590	0.00497	0.00164	0.00792	0.00419	0.00303	0.00878
5	0.01215	0.05970	0.01206	0.01042	0.01293	0.07963	0.00824	0.01633	0.09881	0.02030	0.11448	0.12522	0.24003	0.01430	0.00758	0.00229	0.00526	0.12258	0.00586	0.03184

[dist]
# distance from previous block
# <min> <max>
1	4

[block]
# block no. 3 follows, 32 sequences, length 34
# corresponding to MSA columns:
# 130-163
name=unknown_D
#
# <colnr> <probs for GDERKNQSTAVLIFYWHMCP>
#	G	D	E	R	K	N	Q	S	T	A	V	L	I	F	Y	W	H	M	C	P
0	0.15376	0.13467	0.09751	0.01545	0.08391	0.07328	0.01253	0.09612	0.10573	0.04278	0.10472	0.01958	0.01761	0.00778	0.00597	0.00197	0.00683	0.00598	0.00481	0.00899
1	0.01617	0.01580	0.02548	0.18099	0.55895	0.04527	0.01989	0.02016	0.01506	0.02074	0.01239	0.01668	0.01021	0.00616	0.00663	0.00203	0.00833	0.00591	0.00326	0.00988
2	0.01797	0.01630	0.02551	0.03580	0.57787	0.01672	0.01887	0.12509	0.05462	0.02536	0.01393	0.01698	0.01127	0.00646	0.00666	0.00201	0.00774	0.00607	0.00402	0.01075
3	0.00818	0.00584	0.00779	0.00934	0.00973	0.00545	0.00623	0.00934	0.01285	0.01713	0.03698	0.75981	0.04438	0.02102	0.00856	0.00273	0.00389	0.01908	0.00623	0.00545
4	0.01494	0.01006	0.04880	0.01001	0.01256	0.00916	0.00816	0.07079	0.01614	0.13057	0.16791	0.03139	0.02672	0.12659	0.09842	0.00370	0.02737	0.00811	0.17128	0.00734
5	0.01517	0.20129	0.38935	0.02071	0.08189	0.01842	0.14137	0.02097	0.01443	0.02007	0.01173	0.01427	0.00899	0.00607	0.00619	0.00198	0.00937	0.00525	0.00298	0.00951
6	0.01012	0.00691	0.01014	0.01014	0.01118	0.00784	0.00772	0.01176	0.01071	0.01567	0.01730	0.02535	0.01602	0.04306	0.57493	0.13130	0.01502	0.00691	0.06236	0.00554
7	0.52451	0.24246	0.01774	0.00976	0.01430	0.01843	0.00859	0.03756	0.01257	0.02554	0.00989	0.01203	0.00832	0.02980	0.00520	0.00202	0.00589	0.00387	0.00383	0.00769
8	0.00838	0.00681	0.00742	0.00727	0.00934	0.00586	0.00545	0.01050	0.01635	0.02064	0.25406	0.06044	0.53195	0.01606	0.00793	0.00222	0.00333	0.01358	0.00656	0.00586
9	0.08930	0.02609	0.43622	0.13098	0.09053	0.01556	0.02082	0.05458	0.01490	0.04274	0.01244	0.01499	0.00902	0.00652	0.00627	0.00212	0.00891	0.00518	0.00337	0.00947
10	0.02398	0.14436	0.02148	0.01640	0.02021	0.62877	0.01274	0.02577	0.01819	0.01632	0.01021	0.01190	0.00864	0.00674	0.00578	0.00168	0.01135	0.00421	0.00337	0.00791
11	0.01346	0.03471	0.72942	0.01912	0.02904	0.01558	0.02479	0.02125	0.01417	0.02125	0.01204	0.01417	0.00850	0.00637	0.00637	0.00212	0.00992	0.00496	0.00283	0.00992
12	0.01669	0.01441	0.01517	0.01365	0.01745	0.01669	0.01062	0.03565	0.71021	0.02807	0.02731	0.02503	0.02048	0.00910	0.00683	0.00228	0.00531	0.00759	0.00683	0.01062
13	0.01346	0.03471	0.72942	0.01912	0.02904	0.01558	0.02479	0.02125	0.01417	0.02125	0.01204	0.01417	0.00850	0.00637	0.00637	0.00212	0.00992	0.00496	0.00283	0.00992
14	0.00799	0.00655	0.00706	0.00747	0.00924	0.00561	0.00539	0.00955	0.01465	0.01786	0.05983	0.24720	0.54224	0.01805	0.00810	0.00239	0.00353	0.01545	0.00623	0.00561
15	0.02497	0.01853	0.01983	0.01533	0.02060	0.02056	0.01262	0.65950	0.07288	0.04142	0.01679	0.01665	0.01196	0.00812	0.00672	0.00203	0.00726	0.00614	0.00672	0.01136
16	0.00856	0.00619	0.00808	0.00934	0.01005	0.00578	0.00655	0.01004	0.01357	0.01797	0.08008	0.57185	0.09514	0.04380	0.00937	0.00281	0.00413	0.08494	0.00622	0.00555
17	0.00972	0.00667	0.00815	0.00815	0.00844	0.00696	0.00511	0.01029	0.01000	0.01363	0.02038	0.03969	0.02256	0.59237	0.20347	0.00753	0.00927	0.00914	0.00395	0.00453
18	0.02265	0.02740	0.02136	0.02410	0.22089	0.53148	0.01514	0.02502	0.01795	0.01799	0.01101	0.01339	0.00921	0.00665	0.00622	0.00180	0.01092	0.00479	0.00342	0.00859
19	0.01197	0.01143	0.05115	0.12496	0.09882	0.02974	0.03640	0.01442	0.01325	0.01780	0.02250	0.24503	0.02405	0.01577	0.03705	0.07159	0.06483	0.09799	0.00443	0.00679
20	0.03649	0.18036	0.26847	0.04710	0.04276	0.08179	0.07330	0.04477	0.01589	0.12814	0.01374	0.01513	0.01005	0.00658	0.00608	0.00195	0.00873	0.00521	0.00395	0.00952
21	0.02094	0.49221	0.09090	0.01228	0.01824	0.02092	0.01220	0.02371	0.01524	0.21488	0.01435	0.01444	0.01083	0.00651	0.00517	0.00167	0.00701	0.00459	0.00438	0.00951
22	0.00959	0.00719	0.01078	0.01078	0.01198	0.00839	0.00839	0.01198	0.01078	0.01558	0.01797	0.02636	0.01677	0.05032	0.73760	0.01078	0.01797	0.00719	0.00359	0.00599
23	0.01047	0.01017	0.05183	0.12485	0.03869	0.00912	0.07752	0.01362	0.01533	0.02072	0.22041	0.24268	0.11052	0.01368	0.00780	0.00233	0.00557	0.01242	0.00551	0.00676
24	0.01662	0.04507	0.36933	0.10565	0.12462	0.03613	0.01999	0.04667	0.05495	0.09621	0.01452	0.01639	0.01049	0.00677	0.00646	0.00209	0.00873	0.00554	0.00388	0.00988
25	0.00970	0.00675	0.00858	0.00858	0.00901	0.00719	0.00564	0.01057	0.01013	0.01394	0.01999	0.03753	0.02162	0.50460	0.28996	0.00806	0.01068	0.00882	0.00389	0.00477
26	0.01867	0.01525	0.02545	0.03672	0.61469	0.01501	0.01895	0.02244	0.01588	0.12954	0.01474	0.01756	0.01154	0.00633	0.00666	0.00201	0.00763	0.00610	0.00408	0.01075
27	0.02679	0.01519	0.11681	0.01394	0.03846	0.01145	0.01240	0.05512	0.04071	0.56081	0.02370	0.02127	0.01523	0.00798	0.00669	0.00208	0.00641	0.00647	0.00729	0.01116
28	0.02342	0.08570	0.02065	0.01774	0.04577	0.60206	0.01326	0.02524	0.01780	0.01655	0.01025	0.01236	0.00873	0.00716	0.00717	0.00181	0.06860	0.00445	0.00337	0.00791
29	0.01391	0.01193	0.01391	0.00994	0.01590	0.00894	0.00795	0.01690	0.01391	0.02186	0.01193	0.01391	0.00994	0.00497	0.00497	0.00099	0.00497	0.00398	0.00398	0.80521
30	0.01323	0.02841	0.53396	0.01855	0.04897	0.01448	0.05982	0.02068	0.05326	0.02166	0.04975	0.02094	0.07152	0.00770	0.00670	0.00215	0.00882	0.00640	0.00359	0.00941
31	0.01414	0.14667	0.62345	0.01796	0.02724	0.01726	0.02276	0.02107	0.01409	0.02042	0.01163	0.01365	0.00852	0.00628	0.00606	0.00202	0.00950	0.00475	0.00284	0.00972
32	0.01598	0.01541	0.02658	0.14863	0.59495	0.01582	0.04413	0.02010	0.01501	0.02118	0.01255	0.01686	0.01036	0.00608	0.00670	0.00204	0.00824	0.00604	0.00327	0.01009
33	0.01166	0.00583	0.00874	0.00874	0.00874	0.00583	0.00583	0.00874	0.00874	0.01166	0.01166	0.02040	0.01166	0.02331	0.02622	0.80478	0.00583	0.00583	0.00291	0.00291

[dist]
# distance from previous block
# <min> <max>
0	1

# created by:
# /home/berkeley/.conda/envs/busco_data_prod/bin/msa2prfl.pl pipeline/OGs_align_augustus/4893/35019.fs
