[name]
unknown

[dist]
# distance from previous block
# <min> <max>
0	0

[block]
# block no. 0 follows, 33 sequences, length 115
# corresponding to MSA columns:
# 0-114
name=unknown_A
#
# <colnr> <probs for GDERKNQSTAVLIFYWHMCP>
#	G	D	E	R	K	N	Q	S	T	A	V	L	I	F	Y	W	H	M	C	P
0	0.01061	0.00758	0.01061	0.01212	0.01364	0.00758	0.01061	0.01364	0.01515	0.01970	0.03486	0.07426	0.03789	0.01819	0.00909	0.00303	0.00606	0.68326	0.00606	0.00606
1	0.02912	0.01130	0.01527	0.01177	0.01682	0.00989	0.00970	0.03217	0.04077	0.70996	0.02600	0.02248	0.01642	0.00817	0.00662	0.00204	0.00559	0.00665	0.00810	0.01118
2	0.01243	0.01170	0.01975	0.75282	0.04534	0.01463	0.01828	0.01682	0.01316	0.01682	0.01170	0.01755	0.00878	0.00658	0.00658	0.00219	0.00878	0.00585	0.00293	0.00731
3	0.01558	0.01759	0.03771	0.02707	0.03359	0.01664	0.67082	0.02175	0.04871	0.02139	0.01396	0.01808	0.01047	0.00571	0.00772	0.00222	0.01082	0.00775	0.00349	0.00895
4	0.02459	0.03138	0.01866	0.01696	0.02035	0.74221	0.01272	0.02629	0.01866	0.01611	0.01018	0.01187	0.00848	0.00678	0.00594	0.00170	0.01187	0.00424	0.00339	0.00763
5	0.00951	0.00636	0.00720	0.00726	0.00728	0.00634	0.00407	0.00956	0.00970	0.01293	0.02137	0.07204	0.02472	0.73861	0.03250	0.00623	0.00628	0.00994	0.00407	0.00404
6	0.00848	0.00644	0.00783	0.00816	0.00957	0.00579	0.00594	0.01054	0.01555	0.02055	0.28554	0.26996	0.26642	0.01679	0.00801	0.00233	0.00349	0.03637	0.00651	0.00574
7	0.81514	0.01273	0.00968	0.00866	0.01273	0.01477	0.00713	0.01935	0.01120	0.02954	0.00917	0.01069	0.00713	0.00611	0.00407	0.00204	0.00509	0.00356	0.00407	0.00713
8	0.00875	0.00628	0.00838	0.00980	0.01054	0.00598	0.00720	0.01038	0.01327	0.01748	0.03653	0.52992	0.06693	0.04471	0.00940	0.00288	0.00448	0.19556	0.00603	0.00550
9	0.00932	0.00673	0.00880	0.00828	0.00984	0.00621	0.00621	0.01242	0.01863	0.02640	0.72410	0.04918	0.06212	0.01346	0.00776	0.00207	0.00311	0.01191	0.00725	0.00621
10	0.00887	0.00671	0.00817	0.00781	0.00956	0.00602	0.00586	0.01155	0.01757	0.02386	0.53059	0.05335	0.25721	0.01440	0.00777	0.00212	0.00317	0.01249	0.00691	0.00602
11	0.02503	0.01844	0.01976	0.01515	0.02042	0.02042	0.01251	0.70562	0.03095	0.04149	0.01581	0.01581	0.01120	0.00790	0.00659	0.00198	0.00724	0.00593	0.00659	0.01120
12	0.01543	0.01743	0.03700	0.02671	0.03272	0.01700	0.63566	0.02057	0.01500	0.02057	0.01286	0.01743	0.00986	0.00614	0.00913	0.00228	0.08465	0.00757	0.00329	0.00871
13	0.81514	0.01273	0.00968	0.00866	0.01273	0.01477	0.00713	0.01935	0.01120	0.02954	0.00917	0.01069	0.00713	0.00611	0.00407	0.00204	0.00509	0.00356	0.00407	0.00713
14	0.01606	0.01541	0.02630	0.08314	0.68665	0.01558	0.02009	0.02000	0.01488	0.02123	0.01234	0.01637	0.01033	0.00591	0.00652	0.00197	0.00788	0.00586	0.00324	0.01024
15	0.01061	0.00758	0.01061	0.01212	0.01364	0.00758	0.01061	0.01364	0.01515	0.01970	0.03486	0.07426	0.03789	0.01819	0.00909	0.00303	0.00606	0.68326	0.00606	0.00606
16	0.01458	0.01605	0.03404	0.02498	0.03063	0.01525	0.58525	0.01951	0.01513	0.02051	0.01642	0.08267	0.01444	0.00773	0.00827	0.00232	0.02982	0.05032	0.00372	0.00837
17	0.01629	0.01564	0.02672	0.04041	0.72757	0.01564	0.02020	0.02020	0.01499	0.02151	0.01238	0.01629	0.01043	0.00587	0.00652	0.00196	0.00782	0.00587	0.00326	0.01043
18	0.01637	0.01414	0.01489	0.01340	0.01712	0.01637	0.01042	0.03498	0.71568	0.02754	0.02679	0.02456	0.02010	0.00893	0.00670	0.00223	0.00521	0.00744	0.00670	0.01042
19	0.00932	0.00673	0.00880	0.00828	0.00984	0.00621	0.00621	0.01242	0.01863	0.02640	0.72410	0.04918	0.06212	0.01346	0.00776	0.00207	0.00311	0.01191	0.00725	0.00621
20	0.01629	0.01564	0.02672	0.04041	0.72757	0.01564	0.02020	0.02020	0.01499	0.02151	0.01238	0.01629	0.01043	0.00587	0.00652	0.00196	0.00782	0.00587	0.00326	0.01043
21	0.00932	0.00673	0.00880	0.00828	0.00984	0.00621	0.00621	0.01242	0.01863	0.02640	0.72410	0.04918	0.06212	0.01346	0.00776	0.00207	0.00311	0.01191	0.00725	0.00621
22	0.01243	0.01170	0.01975	0.75282	0.04534	0.01463	0.01828	0.01682	0.01316	0.01682	0.01170	0.01755	0.00878	0.00658	0.00658	0.00219	0.00878	0.00585	0.00293	0.00731
23	0.00927	0.00673	0.00873	0.00823	0.00981	0.00619	0.00617	0.01233	0.01852	0.02613	0.70372	0.04962	0.08266	0.01356	0.00777	0.00208	0.00311	0.01197	0.00721	0.00619
24	0.01320	0.03405	0.73453	0.01876	0.02849	0.01529	0.02432	0.02085	0.01390	0.02085	0.01181	0.01390	0.00834	0.00625	0.00625	0.00208	0.00973	0.00486	0.00278	0.00973
25	0.01652	0.01450	0.01616	0.14052	0.02228	0.03667	0.01198	0.07742	0.52884	0.02633	0.02299	0.02241	0.01722	0.00840	0.00665	0.00219	0.00615	0.00698	0.00595	0.00986
26	0.01609	0.01544	0.02636	0.07754	0.69202	0.01559	0.02010	0.02003	0.01489	0.02126	0.01235	0.01636	0.01034	0.00590	0.00652	0.00197	0.00787	0.00586	0.00324	0.01027
27	0.00917	0.00669	0.00861	0.00821	0.00976	0.00613	0.00613	0.01210	0.01816	0.02545	0.65364	0.07881	0.10457	0.01396	0.00779	0.00210	0.00315	0.01231	0.00713	0.00613
28	0.00957	0.00641	0.00734	0.00734	0.00740	0.00647	0.00419	0.00968	0.00962	0.01288	0.02060	0.04227	0.02358	0.73456	0.06710	0.00658	0.00692	0.00945	0.00397	0.00408
29	0.02344	0.11878	0.04136	0.01634	0.02018	0.63667	0.01289	0.02535	0.01790	0.01618	0.01010	0.01178	0.00847	0.00663	0.00574	0.00167	0.01124	0.00417	0.00331	0.00779
30	0.01601	0.01537	0.02611	0.08247	0.66597	0.01571	0.01992	0.01987	0.01474	0.02106	0.01223	0.01631	0.01028	0.00607	0.00696	0.00200	0.02967	0.00586	0.00323	0.01015
31	0.01318	0.01245	0.02094	0.56325	0.20251	0.01457	0.01830	0.01737	0.01365	0.01794	0.01364	0.01875	0.03239	0.00674	0.00661	0.00214	0.00838	0.00611	0.00311	0.00798
32	0.00785	0.00658	0.00683	0.00697	0.00899	0.00556	0.00515	0.00952	0.01489	0.01797	0.08496	0.13206	0.63623	0.01696	0.00784	0.00226	0.00337	0.01431	0.00615	0.00556
33	0.02459	0.03138	0.01866	0.01696	0.02035	0.74221	0.01272	0.02629	0.01866	0.01611	0.01018	0.01187	0.00848	0.00678	0.00594	0.00170	0.01187	0.00424	0.00339	0.00763
34	0.01629	0.01564	0.02672	0.04041	0.72757	0.01564	0.02020	0.02020	0.01499	0.02151	0.01238	0.01629	0.01043	0.00587	0.00652	0.00196	0.00782	0.00587	0.00326	0.01043
35	0.01358	0.09711	0.67476	0.01812	0.02750	0.01621	0.02321	0.02075	0.01385	0.02039	0.01159	0.01361	0.00835	0.00620	0.00608	0.00203	0.00950	0.00475	0.00278	0.00962
36	0.00847	0.00605	0.00816	0.00968	0.01026	0.00574	0.00689	0.00995	0.01305	0.01731	0.03604	0.64424	0.04256	0.02020	0.00852	0.00274	0.00421	0.13437	0.00610	0.00547
37	0.00948	0.00651	0.00763	0.00794	0.00831	0.00641	0.00508	0.01007	0.01088	0.01429	0.02669	0.09954	0.07284	0.56804	0.02684	0.00541	0.00596	0.09906	0.00455	0.00446
38	0.01601	0.01511	0.02022	0.12701	0.04529	0.03944	0.01485	0.11729	0.01399	0.01993	0.01031	0.01507	0.00909	0.00994	0.01624	0.00258	0.49051	0.00576	0.00346	0.00792
39	0.01243	0.01170	0.01975	0.75282	0.04534	0.01463	0.01828	0.01682	0.01316	0.01682	0.01170	0.01755	0.00878	0.00658	0.00658	0.00219	0.00878	0.00585	0.00293	0.00731
40	0.01584	0.01518	0.02591	0.12336	0.64814	0.01552	0.01998	0.01981	0.01478	0.02096	0.01230	0.01644	0.01024	0.00595	0.00652	0.00198	0.00793	0.00586	0.00322	0.01007
41	0.01760	0.77260	0.03450	0.01126	0.01690	0.02605	0.01126	0.01971	0.01338	0.01549	0.00915	0.01056	0.00845	0.00563	0.00422	0.00141	0.00704	0.00352	0.00282	0.00845
42	0.00943	0.00696	0.01009	0.01009	0.01110	0.00796	0.00762	0.01144	0.01044	0.01492	0.01808	0.02834	0.01753	0.15267	0.64072	0.00998	0.01602	0.00742	0.00359	0.00561
43	0.00802	0.00573	0.00764	0.00917	0.00955	0.00535	0.00611	0.00917	0.01260	0.01681	0.03628	0.76434	0.04354	0.02062	0.00840	0.00267	0.00382	0.01872	0.00611	0.00535
44	0.00932	0.00673	0.00880	0.00828	0.00984	0.00621	0.00621	0.01242	0.01863	0.02640	0.72410	0.04918	0.06212	0.01346	0.00776	0.00207	0.00311	0.01191	0.00725	0.00621
45	0.01440	0.01440	0.02016	0.01728	0.01728	0.02016	0.01440	0.01584	0.01008	0.01584	0.00864	0.01440	0.00864	0.01152	0.02160	0.00288	0.75659	0.00576	0.00288	0.00720
46	0.01760	0.77260	0.03450	0.01126	0.01690	0.02605	0.01126	0.01971	0.01338	0.01549	0.00915	0.01056	0.00845	0.00563	0.00422	0.00141	0.00704	0.00352	0.00282	0.00845
47	0.01320	0.03405	0.73453	0.01876	0.02849	0.01529	0.02432	0.02085	0.01390	0.02085	0.01181	0.01390	0.00834	0.00625	0.00625	0.00208	0.00973	0.00486	0.00278	0.00973
48	0.57767	0.01622	0.09341	0.01085	0.01571	0.04224	0.00990	0.07766	0.01393	0.07483	0.01115	0.01229	0.00825	0.00643	0.00477	0.00202	0.00608	0.00413	0.00438	0.00805
49	0.09909	0.07903	0.57225	0.01736	0.02601	0.01612	0.04069	0.03958	0.01410	0.02200	0.01151	0.01350	0.00834	0.00622	0.00594	0.00204	0.00903	0.00475	0.00304	0.00939
50	0.00996	0.00785	0.00862	0.00801	0.01032	0.00723	0.00612	0.07906	0.01770	0.02280	0.26564	0.05426	0.44884	0.01481	0.00766	0.00215	0.00365	0.01249	0.00651	0.00632
51	0.02533	0.01735	0.01901	0.01464	0.01983	0.01887	0.01207	0.59532	0.05182	0.13158	0.01750	0.01696	0.01216	0.00797	0.00659	0.00199	0.00696	0.00607	0.00679	0.01117
52	0.01258	0.01185	0.02001	0.72610	0.07093	0.01466	0.01835	0.01695	0.01323	0.01700	0.01173	0.01750	0.00884	0.00655	0.00658	0.00218	0.00874	0.00585	0.00294	0.00743
53	0.01320	0.03405	0.73453	0.01876	0.02849	0.01529	0.02432	0.02085	0.01390	0.02085	0.01181	0.01390	0.00834	0.00625	0.00625	0.00208	0.00973	0.00486	0.00278	0.00973
54	0.81514	0.01273	0.00968	0.00866	0.01273	0.01477	0.00713	0.01935	0.01120	0.02954	0.00917	0.01069	0.00713	0.00611	0.00407	0.00204	0.00509	0.00356	0.00407	0.00713
55	0.01760	0.77260	0.03450	0.01126	0.01690	0.02605	0.01126	0.01971	0.01338	0.01549	0.00915	0.01056	0.00845	0.00563	0.00422	0.00141	0.00704	0.00352	0.00282	0.00845
56	0.00848	0.00609	0.00811	0.00939	0.01009	0.00573	0.00667	0.01007	0.01360	0.01815	0.10484	0.58458	0.06426	0.01949	0.00841	0.00265	0.00402	0.10363	0.00622	0.00553
57	0.00932	0.00673	0.00880	0.00828	0.00984	0.00621	0.00621	0.01242	0.01863	0.02640	0.72410	0.04918	0.06212	0.01346	0.00776	0.00207	0.00311	0.01191	0.00725	0.00621
58	0.01243	0.01170	0.01975	0.75282	0.04534	0.01463	0.01828	0.01682	0.01316	0.01682	0.01170	0.01755	0.00878	0.00658	0.00658	0.00219	0.00878	0.00585	0.00293	0.00731
59	0.00778	0.00667	0.00667	0.00667	0.00889	0.00556	0.00500	0.00945	0.01501	0.01778	0.06669	0.06336	0.72490	0.01667	0.00778	0.00222	0.00333	0.01389	0.00611	0.00556
60	0.01320	0.03405	0.73453	0.01876	0.02849	0.01529	0.02432	0.02085	0.01390	0.02085	0.01181	0.01390	0.00834	0.00625	0.00625	0.00208	0.00973	0.00486	0.00278	0.00973
61	0.02804	0.01242	0.01588	0.01231	0.01734	0.01163	0.01012	0.12734	0.06597	0.58873	0.02459	0.02162	0.01582	0.00816	0.00662	0.00204	0.00581	0.00658	0.00783	0.01115
62	0.01637	0.01414	0.01489	0.01340	0.01712	0.01637	0.01042	0.03498	0.71568	0.02754	0.02679	0.02456	0.02010	0.00893	0.00670	0.00223	0.00521	0.00744	0.00670	0.01042
63	0.01243	0.01170	0.01975	0.75282	0.04534	0.01463	0.01828	0.01682	0.01316	0.01682	0.01170	0.01755	0.00878	0.00658	0.00658	0.00219	0.00878	0.00585	0.00293	0.00731
64	0.01365	0.01170	0.01365	0.00975	0.01560	0.00878	0.00780	0.01658	0.01365	0.02145	0.01170	0.01365	0.00975	0.00488	0.00488	0.00098	0.00488	0.00390	0.00390	0.80888
65	0.00799	0.00584	0.00752	0.00887	0.00947	0.00537	0.00598	0.00920	0.01289	0.01692	0.03993	0.68030	0.12523	0.02015	0.00833	0.00262	0.00376	0.01814	0.00611	0.00537
66	0.02503	0.01844	0.01976	0.01515	0.02042	0.02042	0.01251	0.70562	0.03095	0.04149	0.01581	0.01581	0.01120	0.00790	0.00659	0.00198	0.00724	0.00593	0.00659	0.01120
67	0.01578	0.01512	0.02580	0.13465	0.63732	0.01551	0.01995	0.01976	0.01475	0.02089	0.01229	0.01646	0.01021	0.00596	0.00653	0.00199	0.00795	0.00586	0.00321	0.01002
68	0.01266	0.01113	0.01792	0.53648	0.05921	0.01373	0.01578	0.01612	0.01268	0.01725	0.01236	0.01806	0.00979	0.00827	0.00913	0.05886	0.07748	0.00586	0.08024	0.00698
69	0.01629	0.01564	0.02672	0.04041	0.72757	0.01564	0.02020	0.02020	0.01499	0.02151	0.01238	0.01629	0.01043	0.00587	0.00652	0.00196	0.00782	0.00587	0.00326	0.01043
70	0.01080	0.00742	0.00852	0.00815	0.00869	0.00769	0.00509	0.06560	0.01139	0.01532	0.02004	0.03920	0.02218	0.63668	0.10131	0.00644	0.00756	0.00903	0.00415	0.00475
71	0.00957	0.00638	0.00718	0.00718	0.00718	0.00638	0.00399	0.00957	0.00957	0.01276	0.02074	0.04308	0.02393	0.76864	0.03351	0.00638	0.00638	0.00957	0.00399	0.00399
72	0.02731	0.01478	0.01749	0.01341	0.01859	0.01498	0.01108	0.36484	0.02483	0.39092	0.02095	0.01915	0.01378	0.00803	0.00660	0.00201	0.00641	0.00628	0.00738	0.01120
73	0.00821	0.00669	0.00726	0.00712	0.00915	0.00574	0.00534	0.01027	0.01601	0.02018	0.24931	0.05942	0.54079	0.01578	0.00778	0.00218	0.00327	0.01334	0.00643	0.00574
74	0.02954	0.01120	0.01528	0.01171	0.01681	0.00968	0.00968	0.03208	0.01884	0.73213	0.02597	0.02241	0.01630	0.00815	0.00662	0.00204	0.00560	0.00662	0.00815	0.01120
75	0.01320	0.03405	0.73453	0.01876	0.02849	0.01529	0.02432	0.02085	0.01390	0.02085	0.01181	0.01390	0.00834	0.00625	0.00625	0.00208	0.00973	0.00486	0.00278	0.00973
76	0.00778	0.00667	0.00667	0.00667	0.00889	0.00556	0.00500	0.00945	0.01501	0.01778	0.06669	0.06336	0.72490	0.01667	0.00778	0.00222	0.00333	0.01389	0.00611	0.00556
77	0.00787	0.00632	0.00703	0.00759	0.00913	0.00548	0.00541	0.00934	0.01412	0.01742	0.05544	0.32266	0.47286	0.01813	0.00801	0.00239	0.00351	0.01568	0.00611	0.00548
78	0.01455	0.01386	0.02357	0.36177	0.41982	0.01518	0.01934	0.01868	0.01417	0.01939	0.01208	0.01686	0.00968	0.00619	0.00655	0.00206	0.00825	0.00586	0.00311	0.00902
79	0.02459	0.03138	0.01866	0.01696	0.02035	0.74221	0.01272	0.02629	0.01866	0.01611	0.01018	0.01187	0.00848	0.00678	0.00594	0.00170	0.01187	0.00424	0.00339	0.00763
80	0.01675	0.01602	0.02750	0.03763	0.61640	0.01603	0.08717	0.06176	0.01601	0.02267	0.01268	0.01641	0.01043	0.00596	0.00665	0.00198	0.00811	0.00606	0.00347	0.01032
81	0.81514	0.01273	0.00968	0.00866	0.01273	0.01477	0.00713	0.01935	0.01120	0.02954	0.00917	0.01069	0.00713	0.00611	0.00407	0.00204	0.00509	0.00356	0.00407	0.00713
82	0.01554	0.01776	0.03885	0.02775	0.03441	0.01665	0.70366	0.02109	0.01554	0.02109	0.01332	0.01776	0.00999	0.00555	0.00777	0.00222	0.01110	0.00777	0.00333	0.00888
83	0.01530	0.01696	0.03582	0.10048	0.10073	0.01635	0.57171	0.02058	0.01525	0.02071	0.01307	0.01760	0.00991	0.00568	0.00753	0.00219	0.01056	0.00740	0.00328	0.00887
84	0.01016	0.00750	0.01030	0.00921	0.00987	0.00740	0.07302	0.01071	0.01016	0.01359	0.02001	0.04058	0.02256	0.69335	0.03097	0.00597	0.00685	0.00940	0.00392	0.00447
85	0.02754	0.01076	0.01464	0.01137	0.01612	0.00933	0.00933	0.03014	0.01882	0.66250	0.09485	0.02505	0.02082	0.00867	0.00673	0.00204	0.00536	0.00714	0.00806	0.01071
86	0.01053	0.01251	0.12830	0.01499	0.06231	0.00940	0.07940	0.01348	0.01345	0.01855	0.04671	0.44151	0.03141	0.01523	0.00839	0.00250	0.03406	0.04540	0.00503	0.00685
87	0.00950	0.00669	0.00875	0.00875	0.00929	0.00723	0.00594	0.01058	0.01004	0.01393	0.01931	0.03515	0.02049	0.43715	0.36028	0.00832	0.01157	0.00841	0.00378	0.00486
88	0.01375	0.02988	0.56011	0.02071	0.02948	0.01573	0.17427	0.02076	0.01415	0.02076	0.01206	0.01477	0.00871	0.00625	0.00703	0.00214	0.03153	0.00553	0.00290	0.00947
89	0.02271	0.01949	0.12554	0.01671	0.06683	0.04064	0.01419	0.41082	0.02439	0.13611	0.01636	0.01679	0.01159	0.00919	0.03607	0.00234	0.00798	0.00586	0.00580	0.01060
90	0.01514	0.09477	0.19882	0.02220	0.05002	0.01606	0.36247	0.02045	0.01511	0.04358	0.03799	0.02100	0.01323	0.00691	0.00707	0.00214	0.00950	0.05105	0.00361	0.00889
91	0.02851	0.01137	0.01523	0.01174	0.01670	0.01005	0.00967	0.06321	0.01941	0.67107	0.05352	0.02317	0.01789	0.00835	0.00666	0.00204	0.00558	0.00680	0.00804	0.01100
92	0.01576	0.01537	0.02717	0.08956	0.57728	0.01546	0.09937	0.01988	0.01493	0.02107	0.01308	0.01821	0.01104	0.00623	0.00674	0.00203	0.00822	0.02538	0.00332	0.00990
93	0.01203	0.03497	0.01356	0.08637	0.09345	0.01089	0.00984	0.04474	0.14626	0.02172	0.12275	0.16503	0.18710	0.01263	0.00727	0.00222	0.00505	0.01096	0.00565	0.00754
94	0.02080	0.12708	0.02407	0.03784	0.02237	0.22865	0.15086	0.12234	0.05156	0.09197	0.01654	0.01768	0.04444	0.00723	0.00637	0.00190	0.00894	0.00598	0.00450	0.00889
95	0.00932	0.00673	0.00880	0.00828	0.00984	0.00621	0.00621	0.01242	0.01863	0.02640	0.72410	0.04918	0.06212	0.01346	0.00776	0.00207	0.00311	0.01191	0.00725	0.00621
96	0.02391	0.01132	0.01502	0.08478	0.01895	0.01085	0.01029	0.08232	0.05799	0.47184	0.02628	0.09261	0.04448	0.00951	0.00683	0.00213	0.00577	0.00794	0.00716	0.01001
97	0.01669	0.01581	0.06799	0.11336	0.26724	0.01474	0.17642	0.05740	0.03639	0.09189	0.01705	0.04393	0.03603	0.00718	0.00692	0.00210	0.00820	0.00707	0.00416	0.00944
98	0.01377	0.10603	0.62740	0.01852	0.02767	0.01642	0.06020	0.02075	0.01394	0.02033	0.01163	0.01378	0.00844	0.00615	0.00614	0.00203	0.00954	0.00489	0.00281	0.00956
99	0.01320	0.03405	0.73453	0.01876	0.02849	0.01529	0.02432	0.02085	0.01390	0.02085	0.01181	0.01390	0.00834	0.00625	0.00625	0.00208	0.00973	0.00486	0.00278	0.00973
100	0.04482	0.03481	0.01600	0.04736	0.01823	0.07201	0.01044	0.05152	0.05647	0.49303	0.02282	0.02239	0.01560	0.00954	0.03039	0.00232	0.00674	0.02845	0.00690	0.01016
101	0.04093	0.01782	0.17441	0.01948	0.04818	0.01334	0.26053	0.04192	0.01594	0.11000	0.07317	0.07720	0.01859	0.00860	0.00724	0.00222	0.00825	0.04880	0.00461	0.00878
102	0.01564	0.01497	0.02553	0.16168	0.61143	0.01547	0.01988	0.01963	0.01468	0.02071	0.01227	0.01651	0.01015	0.00599	0.00653	0.00200	0.00798	0.00586	0.00320	0.00990
103	0.02191	0.01409	0.01592	0.01323	0.01765	0.01516	0.01060	0.16122	0.37983	0.23857	0.02447	0.02227	0.01729	0.00850	0.00665	0.00213	0.00571	0.00691	0.00711	0.01080
104	0.01508	0.01844	0.13017	0.12818	0.30288	0.01580	0.25180	0.02014	0.01478	0.02065	0.01253	0.01662	0.00976	0.00591	0.00691	0.00209	0.00933	0.00637	0.00317	0.00939
105	0.03665	0.02703	0.50986	0.01761	0.04516	0.01385	0.04753	0.02178	0.01475	0.12974	0.01756	0.01856	0.05635	0.00718	0.00642	0.00209	0.00856	0.00583	0.00389	0.00960
106	0.00957	0.00638	0.00718	0.00718	0.00718	0.00638	0.00399	0.00957	0.00957	0.01276	0.02074	0.04308	0.02393	0.76864	0.03351	0.00638	0.00638	0.00957	0.00399	0.00399
107	0.00800	0.00580	0.00757	0.00899	0.00950	0.00536	0.00603	0.00919	0.01278	0.01688	0.03849	0.71352	0.09294	0.02034	0.00836	0.00264	0.00378	0.01837	0.00611	0.00536
108	0.01712	0.25385	0.21728	0.01808	0.04436	0.05384	0.14293	0.07777	0.01564	0.04017	0.01176	0.01398	0.00922	0.00644	0.00681	0.00191	0.05114	0.00517	0.00341	0.00912
109	0.01325	0.01253	0.02121	0.60282	0.18899	0.01484	0.01869	0.01753	0.01355	0.01781	0.01184	0.01729	0.00912	0.00643	0.00657	0.00214	0.00857	0.00585	0.00300	0.00797
110	0.01243	0.01170	0.01975	0.75282	0.04534	0.01463	0.01828	0.01682	0.01316	0.01682	0.01170	0.01755	0.00878	0.00658	0.00658	0.00219	0.00878	0.00585	0.00293	0.00731
111	0.01847	0.01812	0.15250	0.01901	0.12409	0.03777	0.07303	0.18022	0.01939	0.12523	0.08846	0.07778	0.01870	0.00864	0.00686	0.00208	0.00736	0.00751	0.00526	0.00955
112	0.01884	0.06962	0.06192	0.06409	0.02456	0.03519	0.22858	0.02441	0.09435	0.19823	0.05010	0.02003	0.01471	0.00748	0.00781	0.00213	0.05687	0.00683	0.00497	0.00928
113	0.01348	0.01214	0.02014	0.38606	0.16668	0.01365	0.05935	0.01781	0.04196	0.04162	0.01750	0.10584	0.03649	0.00862	0.00734	0.00222	0.02951	0.00781	0.00380	0.00797
114	0.01667	0.02228	0.30151	0.01849	0.04455	0.04135	0.14715	0.06312	0.04891	0.11715	0.05034	0.06694	0.01535	0.00788	0.00684	0.00212	0.00840	0.00708	0.00448	0.00937

[dist]
# distance from previous block
# <min> <max>
0	11

[block]
# block no. 1 follows, 33 sequences, length 22
# corresponding to MSA columns:
# 126-147
name=unknown_B
#
# <colnr> <probs for GDERKNQSTAVLIFYWHMCP>
#	G	D	E	R	K	N	Q	S	T	A	V	L	I	F	Y	W	H	M	C	P
0	0.06570	0.06712	0.12509	0.01753	0.08283	0.21295	0.02972	0.09776	0.06057	0.07795	0.04619	0.01645	0.01268	0.00743	0.00704	0.00197	0.05219	0.00548	0.00436	0.00899
1	0.08923	0.06162	0.13738	0.01573	0.06647	0.07701	0.03211	0.11022	0.09805	0.08959	0.05836	0.02434	0.03780	0.00863	0.00647	0.00209	0.00716	0.06365	0.00506	0.00904
2	0.09112	0.41341	0.11915	0.01545	0.07981	0.13031	0.01359	0.03697	0.01459	0.01869	0.01009	0.01182	0.00855	0.00600	0.00498	0.00166	0.00801	0.00406	0.00314	0.00861
3	0.06462	0.01670	0.01742	0.02781	0.01899	0.03739	0.01140	0.48295	0.12539	0.03553	0.01884	0.04116	0.03153	0.03096	0.00733	0.00217	0.00676	0.00666	0.00621	0.01017
4	0.01544	0.01352	0.01442	0.01247	0.01569	0.09231	0.04947	0.09721	0.21055	0.04823	0.20424	0.05867	0.11819	0.01089	0.00713	0.00211	0.00571	0.00925	0.00621	0.00828
5	0.00824	0.00589	0.00789	0.00942	0.00990	0.00554	0.00649	0.00955	0.01282	0.01705	0.03616	0.70572	0.04306	0.02042	0.00846	0.00270	0.00401	0.07517	0.00611	0.00541
6	0.00812	0.00590	0.00766	0.00887	0.00952	0.00544	0.00603	0.00949	0.01336	0.01777	0.10180	0.63936	0.10312	0.01963	0.00829	0.00258	0.00371	0.01768	0.00622	0.00544
7	0.01770	0.01759	0.08934	0.20701	0.21485	0.08146	0.05436	0.09381	0.01675	0.08675	0.01415	0.01811	0.01095	0.00702	0.00692	0.00208	0.02362	0.02431	0.00402	0.00921
8	0.01760	0.77260	0.03450	0.01126	0.01690	0.02605	0.01126	0.01971	0.01338	0.01549	0.00915	0.01056	0.00845	0.00563	0.00422	0.00141	0.00704	0.00352	0.00282	0.00845
9	0.00827	0.00663	0.00739	0.00733	0.00922	0.00575	0.00545	0.01035	0.01597	0.02038	0.26760	0.10344	0.47719	0.01593	0.00782	0.00220	0.00329	0.01359	0.00646	0.00575
10	0.01423	0.01170	0.01892	0.41994	0.14794	0.01346	0.01591	0.01790	0.01406	0.08355	0.05958	0.05939	0.01516	0.00921	0.02719	0.00242	0.05056	0.00702	0.00391	0.00796
11	0.01551	0.01128	0.01447	0.05871	0.10610	0.01175	0.01053	0.07912	0.16474	0.10946	0.09409	0.03372	0.12872	0.05648	0.04245	0.00280	0.00617	0.03959	0.00583	0.00848
12	0.00794	0.00623	0.00719	0.00788	0.00923	0.00548	0.00556	0.00941	0.01400	0.01759	0.07235	0.38960	0.38738	0.01842	0.00807	0.00243	0.00355	0.01608	0.00615	0.00548
13	0.01554	0.01776	0.03885	0.02775	0.03441	0.01665	0.70366	0.02109	0.01554	0.02109	0.01332	0.01776	0.00999	0.00555	0.00777	0.00222	0.01110	0.00777	0.00333	0.00888
14	0.01722	0.18276	0.15015	0.01987	0.14766	0.10382	0.05903	0.06106	0.04037	0.04602	0.01524	0.04318	0.01334	0.00779	0.00628	0.00197	0.00820	0.06314	0.00392	0.00899
15	0.02428	0.01013	0.01342	0.01076	0.01498	0.00901	0.00875	0.02713	0.03215	0.54042	0.06082	0.02749	0.07872	0.01151	0.04964	0.00253	0.00584	0.00749	0.05506	0.00987
16	0.00908	0.00690	0.00923	0.00980	0.01030	0.00739	0.00692	0.01033	0.01165	0.01589	0.02913	0.43115	0.05628	0.13220	0.14900	0.00467	0.07573	0.01389	0.00503	0.00543
17	0.06996	0.01752	0.01659	0.01376	0.01808	0.15355	0.01106	0.25560	0.09192	0.19030	0.04416	0.02130	0.01568	0.00847	0.00650	0.00202	0.00721	0.04035	0.00620	0.00976
18	0.05799	0.07933	0.09389	0.04151	0.24529	0.12458	0.18984	0.05186	0.01593	0.02127	0.01196	0.01506	0.00951	0.00606	0.00642	0.00196	0.00922	0.00571	0.00340	0.00921
19	0.48738	0.04954	0.01423	0.01296	0.07508	0.06176	0.00952	0.10708	0.03772	0.02863	0.05267	0.01458	0.01170	0.00686	0.00503	0.00198	0.00600	0.00471	0.00449	0.00807
20	0.12999	0.04133	0.07046	0.12889	0.11712	0.08028	0.08797	0.09220	0.11935	0.02411	0.01404	0.01619	0.01077	0.00670	0.00615	0.00201	0.00786	0.00563	0.00416	0.03476
21	0.01829	0.14498	0.08377	0.01434	0.01921	0.05102	0.05442	0.25602	0.11671	0.02718	0.02054	0.08741	0.05973	0.00904	0.00646	0.00201	0.00704	0.00735	0.00521	0.00930

[dist]
# distance from previous block
# <min> <max>
0	11

[block]
# block no. 2 follows, 33 sequences, length 14
# corresponding to MSA columns:
# 159-172
name=unknown_C
#
# <colnr> <probs for GDERKNQSTAVLIFYWHMCP>
#	G	D	E	R	K	N	Q	S	T	A	V	L	I	F	Y	W	H	M	C	P
0	0.02133	0.05265	0.03642	0.01445	0.03954	0.08760	0.02844	0.27028	0.05719	0.13076	0.05602	0.01811	0.01450	0.00744	0.00623	0.00180	0.00691	0.00585	0.00565	0.13882
1	0.01655	0.04469	0.28150	0.05935	0.16229	0.01443	0.10669	0.02171	0.01494	0.12124	0.01402	0.01612	0.01024	0.00623	0.00638	0.00195	0.00837	0.00560	0.00381	0.08389
2	0.01546	0.09865	0.49553	0.01868	0.06155	0.01613	0.05294	0.06262	0.01543	0.06376	0.03114	0.01542	0.01057	0.00654	0.00623	0.00201	0.00888	0.00528	0.00350	0.00969
3	0.00827	0.00602	0.00780	0.00877	0.00956	0.00555	0.00604	0.00988	0.01408	0.01891	0.18406	0.55558	0.10356	0.01879	0.00822	0.00251	0.00363	0.01688	0.00635	0.00555
4	0.01683	0.01674	0.15565	0.04375	0.16512	0.01328	0.01457	0.15566	0.01838	0.10665	0.08032	0.10818	0.05695	0.00955	0.00688	0.00211	0.00675	0.00819	0.00520	0.00923
5	0.01518	0.05658	0.50886	0.06611	0.07696	0.01524	0.05885	0.02156	0.01446	0.08639	0.01314	0.01517	0.00934	0.00636	0.00633	0.00206	0.00913	0.00527	0.00335	0.00967
6	0.00792	0.00664	0.00688	0.00690	0.00900	0.00560	0.00515	0.00969	0.01522	0.01847	0.12043	0.08934	0.64313	0.01656	0.00780	0.00223	0.00333	0.01391	0.00621	0.00560
7	0.01581	0.01514	0.02584	0.13042	0.64137	0.01551	0.01996	0.01978	0.01476	0.02092	0.01230	0.01645	0.01022	0.00596	0.00653	0.00199	0.00794	0.00586	0.00322	0.01003
8	0.01737	0.03810	0.26808	0.02279	0.16145	0.04343	0.12528	0.06336	0.06026	0.09888	0.01468	0.01653	0.01078	0.00665	0.00688	0.00207	0.02362	0.00589	0.00403	0.00986
9	0.01333	0.01262	0.02137	0.58665	0.20447	0.01486	0.01873	0.01761	0.01359	0.01791	0.01186	0.01726	0.00916	0.00641	0.00657	0.00214	0.00855	0.00585	0.00300	0.00804
10	0.00982	0.00766	0.01137	0.01113	0.01221	0.00921	0.00874	0.01209	0.01054	0.01533	0.01689	0.02492	0.01581	0.04626	0.68319	0.00995	0.07847	0.00695	0.00347	0.00599
11	0.73521	0.01389	0.03751	0.00945	0.01381	0.01514	0.00811	0.06269	0.01255	0.02996	0.00968	0.01114	0.00743	0.00623	0.00431	0.00203	0.00540	0.00376	0.00418	0.00748
12	0.00802	0.00664	0.00703	0.00701	0.00906	0.00565	0.00523	0.00989	0.01547	0.01907	0.16611	0.08691	0.59855	0.01633	0.00780	0.00222	0.00332	0.01377	0.00629	0.00565
13	0.08222	0.06725	0.24623	0.01931	0.04007	0.05379	0.20148	0.08610	0.09681	0.02377	0.01387	0.01583	0.01036	0.00650	0.00643	0.00206	0.00888	0.00584	0.00388	0.00933

[dist]
# distance from previous block
# <min> <max>
0	1

[block]
# block no. 3 follows, 33 sequences, length 78
# corresponding to MSA columns:
# 174-251
name=unknown_D
#
# <colnr> <probs for GDERKNQSTAVLIFYWHMCP>
#	G	D	E	R	K	N	Q	S	T	A	V	L	I	F	Y	W	H	M	C	P
0	0.01567	0.25014	0.37756	0.01769	0.06005	0.07463	0.03754	0.02063	0.01400	0.01866	0.01080	0.01301	0.00855	0.00636	0.00652	0.00189	0.04975	0.00460	0.00288	0.00906
1	0.00951	0.00635	0.00720	0.00726	0.00728	0.00634	0.00408	0.00956	0.00970	0.01294	0.02140	0.07359	0.02476	0.73700	0.03245	0.00623	0.00627	0.00996	0.00408	0.00405
2	0.02036	0.01612	0.01713	0.01420	0.01864	0.01824	0.01138	0.34375	0.40042	0.03396	0.02174	0.02053	0.01600	0.00846	0.00665	0.00211	0.00615	0.00675	0.00665	0.01078
3	0.01555	0.01294	0.01912	0.03355	0.05913	0.01077	0.13176	0.01899	0.01452	0.08604	0.01332	0.01542	0.01040	0.00539	0.00568	0.00138	0.00630	0.00499	0.00413	0.53062
4	0.05519	0.21518	0.42717	0.01598	0.02361	0.09226	0.01855	0.02144	0.01430	0.04408	0.01135	0.01300	0.00860	0.00621	0.00562	0.00187	0.00891	0.00446	0.00310	0.00912
5	0.01874	0.01513	0.01612	0.01370	0.01780	0.01715	0.01087	0.24280	0.46956	0.03183	0.05623	0.02299	0.01930	0.00882	0.00671	0.00215	0.00574	0.00718	0.00669	0.01046
6	0.00943	0.00648	0.00822	0.00857	0.00988	0.00588	0.00613	0.01138	0.01532	0.05389	0.27078	0.37300	0.16252	0.01698	0.00800	0.00237	0.00358	0.01506	0.00659	0.00595
7	0.01449	0.01393	0.02385	0.36250	0.33451	0.01529	0.06724	0.01942	0.04722	0.01963	0.01282	0.01736	0.01010	0.00631	0.00664	0.00210	0.00836	0.00607	0.00327	0.00890
8	0.01616	0.03928	0.12794	0.04746	0.12917	0.01686	0.41646	0.08305	0.01652	0.02270	0.01306	0.01666	0.00986	0.00593	0.00716	0.00212	0.00993	0.00678	0.00352	0.00936
9	0.00798	0.00588	0.00749	0.00878	0.00945	0.00538	0.00594	0.00921	0.01298	0.01696	0.04102	0.65518	0.14964	0.02001	0.00831	0.00260	0.00374	0.01796	0.00611	0.00538
10	0.00805	0.00580	0.00764	0.00904	0.00953	0.00538	0.00607	0.00928	0.01288	0.01714	0.05895	0.71502	0.07034	0.02025	0.00836	0.00264	0.00378	0.01832	0.00615	0.00538
11	0.01685	0.01979	0.08334	0.02733	0.13718	0.07832	0.45011	0.06392	0.01656	0.02198	0.01296	0.01664	0.00989	0.00590	0.00724	0.00211	0.01033	0.00686	0.00349	0.00921
12	0.00802	0.00573	0.00764	0.00917	0.00955	0.00535	0.00611	0.00917	0.01260	0.01681	0.03628	0.76434	0.04354	0.02062	0.00840	0.00267	0.00382	0.01872	0.00611	0.00535
13	0.01860	0.66700	0.03224	0.01208	0.01739	0.12808	0.01147	0.02065	0.01413	0.01558	0.00930	0.01075	0.00845	0.00580	0.00447	0.00145	0.00773	0.00362	0.00290	0.00833
14	0.00838	0.00659	0.00757	0.00755	0.00932	0.00578	0.00557	0.01052	0.01609	0.02088	0.30802	0.13565	0.40281	0.01591	0.00784	0.00222	0.00330	0.01369	0.00654	0.00578
15	0.01745	0.01459	0.04685	0.01502	0.04894	0.01478	0.03823	0.29790	0.12380	0.02970	0.04260	0.08923	0.06116	0.01111	0.00728	0.00227	0.00644	0.11745	0.00604	0.00916
16	0.08738	0.04258	0.09013	0.01953	0.18765	0.01486	0.01390	0.17741	0.01924	0.21182	0.04223	0.01910	0.02986	0.00748	0.00632	0.00199	0.00678	0.00610	0.00549	0.01013
17	0.00871	0.00641	0.00828	0.00939	0.01044	0.00599	0.00701	0.01055	0.01410	0.01844	0.09654	0.42464	0.15671	0.01880	0.00841	0.00264	0.00422	0.17690	0.00619	0.00562
18	0.05268	0.03033	0.59004	0.01923	0.02792	0.01562	0.10009	0.02059	0.01379	0.02109	0.01172	0.01420	0.00848	0.00639	0.00697	0.00213	0.04125	0.00517	0.00291	0.00940
19	0.04038	0.05401	0.14715	0.01811	0.08284	0.03793	0.11615	0.15244	0.05656	0.09363	0.07756	0.03891	0.01651	0.00778	0.00660	0.00203	0.00754	0.00678	0.02769	0.00940
20	0.01716	0.25308	0.15537	0.07448	0.07989	0.10683	0.14784	0.05586	0.01553	0.01948	0.01133	0.01393	0.00905	0.00607	0.00595	0.00185	0.00908	0.00514	0.00321	0.00887
21	0.00861	0.00626	0.00812	0.00858	0.00964	0.00577	0.00608	0.01071	0.01560	0.02137	0.36101	0.37968	0.10013	0.01699	0.00806	0.00236	0.00345	0.01518	0.00664	0.00577
22	0.03151	0.08150	0.24863	0.01684	0.07519	0.03687	0.05363	0.02185	0.10323	0.08631	0.04185	0.02616	0.07842	0.00873	0.00663	0.00211	0.00742	0.05959	0.00456	0.00898
23	0.01747	0.05226	0.07056	0.10619	0.19041	0.03222	0.11081	0.02276	0.08568	0.14883	0.01819	0.08405	0.01484	0.00796	0.00676	0.00210	0.00756	0.00734	0.00466	0.00933
24	0.01544	0.05117	0.10703	0.02695	0.07646	0.01685	0.56409	0.02095	0.01525	0.02085	0.01293	0.01698	0.00979	0.00564	0.00739	0.00216	0.01059	0.00718	0.00325	0.00904
25	0.01370	0.01301	0.02244	0.48155	0.17210	0.01477	0.08970	0.03687	0.01408	0.01865	0.01258	0.01859	0.01006	0.04533	0.00807	0.00236	0.00867	0.00625	0.00319	0.00801
26	0.04185	0.08708	0.10180	0.01601	0.05464	0.09908	0.03086	0.24358	0.10770	0.11201	0.01732	0.01745	0.02621	0.00751	0.00627	0.00196	0.00758	0.00581	0.00533	0.00997
27	0.03969	0.03286	0.02003	0.13773	0.25957	0.11218	0.01489	0.08338	0.01671	0.05797	0.05089	0.03418	0.01481	0.00782	0.00684	0.00202	0.02619	0.03537	0.03808	0.00878
28	0.00789	0.00655	0.00690	0.00708	0.00903	0.00556	0.00521	0.00956	0.01486	0.01807	0.09474	0.15614	0.60167	0.01704	0.00786	0.00228	0.00339	0.01444	0.00617	0.00556
29	0.01639	0.49422	0.24406	0.01445	0.02130	0.04310	0.04785	0.02031	0.01379	0.01738	0.01018	0.01194	0.00849	0.00585	0.00505	0.00166	0.00818	0.00414	0.00285	0.00883
30	0.01930	0.06903	0.01970	0.11918	0.02284	0.06191	0.06217	0.18624	0.18886	0.10251	0.01996	0.02049	0.04029	0.00908	0.02713	0.00229	0.00749	0.00655	0.00546	0.00951
31	0.00988	0.00695	0.00846	0.00824	0.01014	0.00621	0.00629	0.01232	0.01674	0.06006	0.36346	0.09947	0.28830	0.01509	0.00785	0.00223	0.00358	0.06181	0.00674	0.00618
32	0.01578	0.01618	0.03220	0.06137	0.03064	0.01592	0.50631	0.02240	0.09879	0.05248	0.01606	0.04556	0.01257	0.00687	0.00804	0.00225	0.03577	0.00791	0.00401	0.00890
33	0.08854	0.03958	0.11833	0.04107	0.04738	0.08424	0.05001	0.13471	0.13221	0.10566	0.01992	0.02129	0.05343	0.00808	0.00641	0.00207	0.00735	0.02522	0.00515	0.00934
34	0.01360	0.01412	0.05242	0.49037	0.18398	0.04205	0.03589	0.01781	0.01382	0.01806	0.01299	0.05211	0.01076	0.00706	0.00665	0.00214	0.00856	0.00641	0.00317	0.00803
35	0.00885	0.00662	0.00826	0.00874	0.00994	0.00623	0.00621	0.01161	0.05088	0.02069	0.26973	0.39144	0.14206	0.01709	0.00802	0.00239	0.00359	0.01520	0.00652	0.00592
36	0.03926	0.06738	0.09870	0.13212	0.08815	0.09794	0.12249	0.14686	0.01801	0.08470	0.01352	0.01584	0.01006	0.00679	0.00687	0.00202	0.03011	0.00574	0.00420	0.00923
37	0.05008	0.11140	0.47520	0.01674	0.02471	0.01583	0.05556	0.02170	0.04727	0.07118	0.01527	0.01657	0.03665	0.00680	0.00612	0.00202	0.00855	0.00540	0.00356	0.00941
38	0.00844	0.00608	0.00830	0.00938	0.00992	0.00608	0.00648	0.00979	0.01195	0.01621	0.03102	0.54942	0.03607	0.07192	0.18080	0.00474	0.00719	0.01546	0.00538	0.00539
39	0.01007	0.00745	0.00954	0.01039	0.01170	0.00742	0.00797	0.03242	0.07119	0.02024	0.10549	0.37863	0.06452	0.01773	0.00834	0.00265	0.00461	0.21712	0.00627	0.00623
40	0.08115	0.05832	0.10080	0.01911	0.08569	0.04075	0.17498	0.10578	0.05854	0.14483	0.01684	0.05517	0.01302	0.00744	0.00658	0.00207	0.00788	0.00673	0.00485	0.00949
41	0.01932	0.54386	0.05715	0.01309	0.01828	0.21918	0.01216	0.02153	0.01482	0.01586	0.00953	0.01104	0.00845	0.00597	0.00476	0.00151	0.00845	0.00377	0.00297	0.00828
42	0.06157	0.39472	0.21006	0.01458	0.02111	0.06403	0.06336	0.03814	0.01432	0.01898	0.01046	0.01226	0.00858	0.00591	0.00517	0.00169	0.00812	0.00429	0.00309	0.03955
43	0.01789	0.08428	0.07517	0.04871	0.01984	0.03871	0.08725	0.08279	0.06992	0.17107	0.04480	0.11000	0.06318	0.00943	0.00671	0.00204	0.00668	0.00813	0.00544	0.04795
44	0.01583	0.05253	0.11881	0.09331	0.27639	0.01362	0.01584	0.05534	0.01562	0.09609	0.04754	0.13485	0.01791	0.00895	0.00674	0.00210	0.00705	0.00796	0.00445	0.00909
45	0.10203	0.01098	0.01306	0.01048	0.01464	0.01057	0.00854	0.10416	0.01828	0.41533	0.02208	0.02101	0.01495	0.00781	0.00589	0.00191	0.00514	0.00613	0.19743	0.00960
46	0.01824	0.19911	0.03813	0.01307	0.01668	0.26753	0.01075	0.05370	0.08171	0.01870	0.01793	0.04131	0.06470	0.05824	0.00808	0.00211	0.03116	0.00609	0.04499	0.00776
47	0.01769	0.07124	0.28460	0.01963	0.05025	0.04346	0.18400	0.09697	0.01690	0.10763	0.01480	0.03730	0.01109	0.00687	0.00663	0.00205	0.00897	0.00622	0.00411	0.00960
48	0.00974	0.00647	0.00813	0.00813	0.00841	0.00674	0.00518	0.00998	0.00970	0.01321	0.01899	0.03649	0.02080	0.51747	0.19934	0.09564	0.00895	0.00856	0.00376	0.00431
49	0.00802	0.00573	0.00764	0.00917	0.00955	0.00535	0.00611	0.00917	0.01260	0.01681	0.03628	0.76434	0.04354	0.02062	0.00840	0.00267	0.00382	0.01872	0.00611	0.00535
50	0.01684	0.01427	0.04010	0.19127	0.28217	0.03904	0.01581	0.05022	0.07060	0.11058	0.01748	0.09160	0.01473	0.00814	0.00672	0.00211	0.00733	0.00727	0.00448	0.00923
51	0.01940	0.17193	0.16339	0.01871	0.08094	0.04200	0.09808	0.27746	0.02062	0.02745	0.01296	0.01454	0.00981	0.00665	0.00617	0.00190	0.00834	0.00541	0.00434	0.00991
52	0.01533	0.01554	0.02176	0.16394	0.21707	0.07365	0.01660	0.01803	0.01267	0.01760	0.01037	0.01533	0.00914	0.00867	0.01340	0.00241	0.35164	0.00569	0.00303	0.00814
53	0.75919	0.01405	0.01031	0.00924	0.01327	0.06625	0.00753	0.01984	0.01173	0.02859	0.00924	0.01078	0.00723	0.00616	0.00421	0.00201	0.00557	0.00361	0.00403	0.00717
54	0.00895	0.00664	0.00834	0.00807	0.00965	0.00603	0.00599	0.01165	0.01753	0.02415	0.55578	0.10673	0.17699	0.01457	0.00782	0.00214	0.00320	0.01278	0.00696	0.00603
55	0.01561	0.04715	0.50764	0.01954	0.09466	0.01501	0.02095	0.05971	0.01545	0.08506	0.01441	0.01786	0.01086	0.00704	0.00642	0.00209	0.00879	0.03827	0.00368	0.00980
56	0.02046	0.32414	0.11897	0.01463	0.02020	0.19768	0.03340	0.10875	0.01740	0.07049	0.01190	0.01302	0.00939	0.00646	0.00548	0.00171	0.00861	0.00452	0.00382	0.00897
57	0.01479	0.01167	0.01377	0.00989	0.01569	0.00884	0.00793	0.01768	0.01402	0.07221	0.01272	0.01428	0.01022	0.00511	0.00500	0.00105	0.00493	0.00409	0.00420	0.75191
58	0.01660	0.02133	0.28703	0.01629	0.02207	0.04158	0.07112	0.09273	0.04085	0.11386	0.03772	0.10293	0.01644	0.00923	0.00793	0.00222	0.06220	0.02412	0.00466	0.00908
59	0.01513	0.01586	0.15259	0.01363	0.01778	0.02895	0.04565	0.13926	0.08821	0.06407	0.04777	0.23818	0.02394	0.01175	0.00713	0.00225	0.00634	0.02927	0.04387	0.00837
60	0.00813	0.00581	0.00777	0.00930	0.00973	0.00544	0.00631	0.00936	0.01272	0.01693	0.03622	0.73409	0.04329	0.02052	0.00843	0.00269	0.00392	0.04785	0.00611	0.00538
61	0.01614	0.01608	0.02920	0.03782	0.58568	0.01585	0.16011	0.02038	0.01510	0.02142	0.01257	0.01659	0.01034	0.00580	0.00677	0.00201	0.00849	0.00626	0.00327	0.01011
62	0.01613	0.01504	0.02440	0.09133	0.56151	0.01504	0.01831	0.05301	0.01548	0.02211	0.01242	0.01608	0.01026	0.00591	0.00635	0.00187	0.00754	0.00565	0.00347	0.09809
63	0.02344	0.02907	0.01886	0.01695	0.02000	0.63926	0.01291	0.04409	0.01802	0.01679	0.01016	0.01227	0.00857	0.00736	0.00775	0.00184	0.09710	0.00446	0.00342	0.00768
64	0.00881	0.00753	0.00767	0.00749	0.00986	0.00682	0.00566	0.01246	0.09542	0.01915	0.08080	0.05851	0.62528	0.01569	0.00766	0.00222	0.00354	0.01310	0.00621	0.00613
65	0.01474	0.01390	0.02352	0.25154	0.47398	0.01478	0.01896	0.01874	0.01446	0.01998	0.01374	0.02069	0.01184	0.00693	0.00672	0.00210	0.00798	0.05285	0.00335	0.00919
66	0.01562	0.01496	0.02551	0.16426	0.60896	0.01547	0.01987	0.01962	0.01467	0.02069	0.01226	0.01651	0.01014	0.00599	0.00653	0.00200	0.00799	0.00586	0.00320	0.00989
67	0.02459	0.03138	0.01866	0.01696	0.02035	0.74221	0.01272	0.02629	0.01866	0.01611	0.01018	0.01187	0.00848	0.00678	0.00594	0.00170	0.01187	0.00424	0.00339	0.00763
68	0.00798	0.00621	0.00728	0.00812	0.00937	0.00550	0.00574	0.00942	0.01376	0.01733	0.04999	0.42812	0.35137	0.01877	0.00814	0.00248	0.00366	0.03518	0.00611	0.00546
69	0.00823	0.00610	0.00771	0.00876	0.00967	0.00558	0.00615	0.00975	0.01374	0.01801	0.10371	0.52811	0.17655	0.01909	0.00826	0.00255	0.00378	0.05253	0.00621	0.00550
70	0.01264	0.01192	0.02012	0.71412	0.08240	0.01468	0.01839	0.01700	0.01326	0.01707	0.01174	0.01748	0.00887	0.00654	0.00658	0.00218	0.00872	0.00585	0.00294	0.00748
71	0.01629	0.01564	0.02672	0.04041	0.72757	0.01564	0.02020	0.02020	0.01499	0.02151	0.01238	0.01629	0.01043	0.00587	0.00652	0.00196	0.00782	0.00587	0.00326	0.01043
72	0.01292	0.01222	0.01731	0.01529	0.01564	0.01661	0.01257	0.01463	0.01023	0.01568	0.01132	0.01781	0.01097	0.02278	0.23602	0.00517	0.53681	0.00615	0.00307	0.00681
73	0.00961	0.00663	0.00838	0.00843	0.00991	0.00600	0.00613	0.01184	0.01618	0.05524	0.36732	0.26704	0.17081	0.01594	0.00791	0.00228	0.00348	0.01407	0.00675	0.00607
74	0.00928	0.00678	0.00883	0.01009	0.01096	0.00669	0.00739	0.01206	0.06285	0.01809	0.03469	0.52265	0.03981	0.04756	0.00940	0.00287	0.00454	0.17359	0.00606	0.00582
75	0.01541	0.01619	0.08287	0.07487	0.13601	0.01448	0.33075	0.02005	0.01521	0.07092	0.03673	0.04258	0.01505	0.00781	0.00786	0.00225	0.03212	0.06607	0.00400	0.00877
76	0.01536	0.29778	0.44892	0.01590	0.02395	0.01939	0.01907	0.05388	0.01454	0.01994	0.01106	0.01280	0.00852	0.00611	0.00554	0.00184	0.00864	0.00444	0.00298	0.00934
77	0.00929	0.00746	0.01157	0.01231	0.04356	0.00702	0.07171	0.01118	0.01350	0.01809	0.06932	0.56688	0.05867	0.01796	0.00825	0.00258	0.00475	0.05410	0.00578	0.00599

[dist]
# distance from previous block
# <min> <max>
0	12

# created by:
# /home/berkeley/.conda/envs/busco_data_prod/bin/msa2prfl.pl pipeline/OGs_align_augustus/4893/35036.fs
