[name]
unknown

[dist]
# distance from previous block
# <min> <max>
0	53

[block]
# block no. 0 follows, 26 sequences, length 31
# corresponding to MSA columns:
# 53-83
name=unknown_A
#
# <colnr> <probs for GDERKNQSTAVLIFYWHMCP>
#	G	D	E	R	K	N	Q	S	T	A	V	L	I	F	Y	W	H	M	C	P
0	0.02083	0.09525	0.02136	0.01839	0.08848	0.10601	0.03872	0.13129	0.04270	0.08406	0.02613	0.05866	0.06158	0.01157	0.00779	0.00242	0.00810	0.11805	0.04883	0.00979
1	0.04865	0.31539	0.07811	0.01401	0.01922	0.06367	0.01299	0.10990	0.03933	0.02397	0.04611	0.02298	0.03986	0.01088	0.00893	0.08626	0.00800	0.03794	0.00464	0.00917
2	0.01315	0.01058	0.01465	0.01526	0.08180	0.01019	0.04897	0.07029	0.01741	0.02343	0.10222	0.24516	0.12381	0.13842	0.01381	0.00339	0.00612	0.01389	0.00617	0.04125
3	0.01442	0.01197	0.01676	0.13021	0.13592	0.01247	0.01292	0.08641	0.04096	0.02622	0.16640	0.16712	0.11983	0.01389	0.00843	0.00253	0.00635	0.01225	0.00624	0.00870
4	0.01748	0.06429	0.17917	0.02877	0.03711	0.01946	0.49185	0.02415	0.01737	0.02388	0.01472	0.01908	0.01102	0.00657	0.00836	0.00247	0.01220	0.00798	0.00367	0.01041
5	0.01483	0.01167	0.01624	0.12102	0.02073	0.01391	0.01230	0.04224	0.04186	0.04852	0.05170	0.15752	0.05938	0.01763	0.03802	0.11596	0.19344	0.01044	0.00507	0.00752
6	0.01911	0.01004	0.01268	0.01151	0.01471	0.00925	0.00878	0.02318	0.07866	0.26263	0.10463	0.24276	0.13885	0.01584	0.00858	0.00262	0.00512	0.01373	0.00807	0.00925
7	0.01002	0.00800	0.00902	0.00884	0.01107	0.00717	0.00660	0.01330	0.04584	0.02441	0.28746	0.10610	0.39934	0.01781	0.00895	0.00253	0.00387	0.01523	0.00753	0.00689
8	0.05404	0.26900	0.11128	0.02156	0.10016	0.09555	0.10776	0.07052	0.05888	0.02407	0.01395	0.01615	0.01123	0.00718	0.00660	0.00209	0.00963	0.00581	0.00410	0.01044
9	0.01622	0.01532	0.02492	0.22683	0.28655	0.01706	0.04648	0.02159	0.06474	0.02248	0.01787	0.09662	0.01620	0.00976	0.00964	0.00257	0.08243	0.00857	0.00426	0.00990
10	0.09492	0.00881	0.01193	0.01180	0.01347	0.01022	0.00916	0.01440	0.01222	0.01928	0.01940	0.02865	0.01812	0.07699	0.60263	0.01094	0.01826	0.00780	0.00415	0.00685
11	0.13329	0.06149	0.21505	0.01754	0.06995	0.01641	0.01630	0.05014	0.04350	0.02604	0.03047	0.01895	0.01334	0.01307	0.08284	0.00327	0.04553	0.00599	0.03357	0.10325
12	0.06454	0.09639	0.02078	0.01552	0.02048	0.04982	0.01259	0.18475	0.38556	0.03363	0.02372	0.02265	0.01786	0.00931	0.00717	0.00236	0.00710	0.00727	0.00687	0.01163
13	0.01470	0.01391	0.02240	0.44247	0.15191	0.01651	0.01916	0.01892	0.01539	0.02031	0.02070	0.02580	0.08971	0.00943	0.00961	0.00257	0.08603	0.00782	0.00386	0.00879
14	0.09992	0.16493	0.45847	0.01940	0.02881	0.01995	0.06229	0.02361	0.01568	0.02398	0.01282	0.01518	0.00960	0.00700	0.00661	0.00226	0.01015	0.00536	0.00341	0.01055
15	0.10124	0.02320	0.16041	0.02803	0.07885	0.01876	0.39984	0.05113	0.01772	0.02634	0.01455	0.01854	0.01089	0.00676	0.00801	0.00247	0.01130	0.00756	0.00397	0.01043
16	0.00940	0.00673	0.00895	0.01045	0.01104	0.00627	0.00705	0.01097	0.01527	0.02056	0.11117	0.65571	0.05249	0.02287	0.00960	0.00301	0.00431	0.02071	0.00718	0.00627
17	0.01459	0.01011	0.01161	0.01039	0.01345	0.00965	0.00804	0.07469	0.07329	0.09292	0.27460	0.05423	0.29229	0.01534	0.00861	0.00245	0.00458	0.01298	0.00783	0.00833
18	0.01990	0.01660	0.02973	0.05521	0.11126	0.04111	0.28984	0.02429	0.01800	0.15274	0.02238	0.14279	0.01951	0.01011	0.00850	0.00254	0.00956	0.01034	0.00544	0.01014
19	0.01996	0.05218	0.05503	0.20393	0.17192	0.18049	0.08411	0.04399	0.05132	0.02241	0.01422	0.01812	0.01128	0.00764	0.00795	0.00231	0.03278	0.00646	0.00396	0.00994
20	0.78701	0.01467	0.01115	0.00997	0.01467	0.01702	0.00821	0.02230	0.01291	0.03403	0.01056	0.01232	0.00821	0.00704	0.00469	0.00235	0.00587	0.00411	0.00469	0.00821
21	0.00962	0.00771	0.00859	0.00837	0.01064	0.00668	0.00628	0.01215	0.01883	0.02414	0.29945	0.06699	0.45815	0.01785	0.00896	0.00250	0.00375	0.01517	0.00752	0.00668
22	0.01318	0.00659	0.00988	0.00988	0.00988	0.00659	0.00659	0.00988	0.00988	0.01318	0.01318	0.02306	0.01318	0.02635	0.02964	0.77931	0.00659	0.00659	0.00329	0.00329
23	0.21390	0.01551	0.05440	0.25187	0.19846	0.01607	0.01715	0.02040	0.01509	0.02476	0.01600	0.09433	0.01442	0.00897	0.00703	0.00246	0.00818	0.00762	0.00420	0.00918
24	0.72197	0.01590	0.01209	0.01071	0.01542	0.04779	0.00876	0.04901	0.01423	0.03391	0.01093	0.01263	0.00848	0.00716	0.00491	0.00233	0.00632	0.00425	0.00478	0.00843
25	0.05077	0.13484	0.48755	0.01868	0.02807	0.01837	0.02274	0.02419	0.01648	0.07146	0.04815	0.01806	0.01337	0.00767	0.00688	0.00228	0.00981	0.00587	0.00398	0.01078
26	0.00951	0.00687	0.00856	0.00979	0.01044	0.00640	0.00646	0.01068	0.01429	0.01872	0.04336	0.52651	0.12957	0.14416	0.01452	0.00374	0.00483	0.01904	0.00662	0.00593
27	0.01084	0.00813	0.01219	0.01219	0.01354	0.00948	0.00948	0.01354	0.01219	0.01761	0.02032	0.02980	0.01896	0.05689	0.70337	0.01219	0.02032	0.00813	0.00406	0.00677
28	0.05129	0.02395	0.18376	0.09911	0.16376	0.08395	0.01988	0.10052	0.04752	0.02593	0.01465	0.01810	0.01154	0.01027	0.03802	0.00283	0.08389	0.00632	0.00424	0.01047
29	0.12104	0.07898	0.07314	0.01640	0.06060	0.12457	0.01314	0.02659	0.06549	0.16662	0.07392	0.02346	0.01892	0.04304	0.03653	0.00289	0.03212	0.00694	0.00572	0.00988
30	0.06762	0.05451	0.11744	0.04521	0.04807	0.01603	0.01479	0.14099	0.02086	0.11348	0.11368	0.03084	0.02398	0.01072	0.00860	0.00244	0.04711	0.07536	0.00612	0.04216

[dist]
# distance from previous block
# <min> <max>
3	11

[block]
# block no. 1 follows, 26 sequences, length 19
# corresponding to MSA columns:
# 95-113
name=unknown_B
#
# <colnr> <probs for GDERKNQSTAVLIFYWHMCP>
#	G	D	E	R	K	N	Q	S	T	A	V	L	I	F	Y	W	H	M	C	P
0	0.10877	0.01726	0.13092	0.20097	0.04979	0.04516	0.01558	0.01969	0.01482	0.05499	0.01801	0.07313	0.01627	0.09904	0.10035	0.00428	0.01031	0.00791	0.00433	0.00842
1	0.12179	0.01870	0.01612	0.01577	0.04754	0.20152	0.01151	0.06662	0.03846	0.02454	0.02063	0.14548	0.02021	0.03720	0.00996	0.00261	0.07612	0.02992	0.08695	0.00835
2	0.09667	0.23134	0.04828	0.01461	0.02028	0.08916	0.01286	0.19137	0.05434	0.09286	0.02031	0.02044	0.05948	0.00874	0.00653	0.00211	0.00805	0.00633	0.00566	0.01056
3	0.01432	0.01348	0.02275	0.71520	0.05224	0.01685	0.02107	0.01938	0.01517	0.01938	0.01348	0.02022	0.01011	0.00758	0.00758	0.00253	0.01011	0.00674	0.00337	0.00843
4	0.63384	0.01600	0.01349	0.01149	0.01646	0.01833	0.00947	0.15129	0.01751	0.03681	0.01211	0.01351	0.00916	0.00746	0.00528	0.00233	0.00637	0.00466	0.00528	0.00916
5	0.01318	0.00659	0.00988	0.00988	0.00988	0.00659	0.00659	0.00988	0.00988	0.01318	0.01318	0.02306	0.01318	0.02635	0.02964	0.77931	0.00659	0.00659	0.00329	0.00329
6	0.01038	0.00695	0.00814	0.00909	0.01031	0.00644	0.00634	0.01237	0.01546	0.02178	0.04519	0.41598	0.17917	0.01913	0.00846	0.00265	0.00407	0.01682	0.19484	0.00644
7	0.01318	0.00659	0.00988	0.00988	0.00988	0.00659	0.00659	0.00988	0.00988	0.01318	0.01318	0.02306	0.01318	0.02635	0.02964	0.77931	0.00659	0.00659	0.00329	0.00329
8	0.01809	0.01714	0.02817	0.14796	0.52049	0.01792	0.02181	0.02437	0.08237	0.02463	0.01580	0.01995	0.01283	0.00724	0.00754	0.00233	0.00888	0.00694	0.00409	0.01145
9	0.01991	0.01558	0.01743	0.01527	0.01921	0.01786	0.01207	0.06403	0.46502	0.09557	0.04899	0.02925	0.05196	0.01100	0.00951	0.00261	0.07724	0.00869	0.00743	0.01137
10	0.00920	0.00677	0.00863	0.01012	0.01089	0.00620	0.00685	0.01061	0.01494	0.01953	0.04713	0.62888	0.14633	0.02307	0.00957	0.00300	0.00432	0.02072	0.00704	0.00620
11	0.01217	0.00767	0.01002	0.01033	0.01189	0.00699	0.00740	0.01441	0.01763	0.09005	0.24575	0.39940	0.09849	0.01939	0.00919	0.00275	0.00431	0.01730	0.00769	0.00717
12	0.08688	0.00751	0.00893	0.01023	0.01130	0.00727	0.00704	0.01176	0.01462	0.02094	0.04203	0.59447	0.10631	0.02166	0.00912	0.00296	0.00449	0.01929	0.00681	0.00639
13	0.08907	0.11232	0.08937	0.03487	0.02175	0.06764	0.04599	0.08808	0.07048	0.02594	0.01540	0.01827	0.01243	0.01025	0.03161	0.00262	0.13126	0.00612	0.07837	0.04816
14	0.16385	0.21780	0.14397	0.01416	0.02061	0.02030	0.01405	0.13923	0.01921	0.02868	0.04802	0.02053	0.06046	0.00847	0.00628	0.00209	0.00764	0.00617	0.00488	0.05359
15	0.08070	0.23535	0.23532	0.01656	0.02302	0.01959	0.05341	0.02099	0.01560	0.02248	0.04649	0.09127	0.01817	0.00998	0.00789	0.00235	0.04885	0.03839	0.00418	0.00941
16	0.12654	0.15676	0.08594	0.01530	0.02068	0.18424	0.03484	0.02401	0.01746	0.06611	0.04385	0.04875	0.01642	0.00893	0.00662	0.00210	0.00885	0.04171	0.00472	0.08615
17	0.12081	0.16082	0.22748	0.01736	0.02403	0.18857	0.04612	0.02396	0.01692	0.02250	0.01617	0.04881	0.03958	0.00841	0.00662	0.00218	0.01000	0.00625	0.00394	0.00947
18	0.06106	0.17988	0.05355	0.01328	0.01730	0.08182	0.01145	0.08441	0.01857	0.02483	0.08734	0.17408	0.02788	0.01277	0.00738	0.00233	0.00711	0.06440	0.03599	0.03458

[dist]
# distance from previous block
# <min> <max>
10	80

[block]
# block no. 2 follows, 26 sequences, length 17
# corresponding to MSA columns:
# 194-210
name=unknown_C
#
# <colnr> <probs for GDERKNQSTAVLIFYWHMCP>
#	G	D	E	R	K	N	Q	S	T	A	V	L	I	F	Y	W	H	M	C	P
0	0.08153	0.01763	0.01859	0.08606	0.07483	0.15158	0.03787	0.08319	0.01980	0.11311	0.07576	0.13832	0.04691	0.01153	0.00776	0.00241	0.00819	0.00966	0.00595	0.00931
1	0.08530	0.04314	0.05057	0.07542	0.13224	0.06440	0.01458	0.06166	0.07782	0.13692	0.10498	0.02464	0.02112	0.00991	0.00881	0.02966	0.03534	0.00746	0.00585	0.01017
2	0.01811	0.05726	0.02257	0.09702	0.17544	0.04389	0.03680	0.09023	0.15803	0.02633	0.02191	0.05894	0.03966	0.01361	0.07025	0.00321	0.00913	0.00809	0.00527	0.04425
3	0.15102	0.01563	0.05270	0.11305	0.08487	0.04556	0.01307	0.08476	0.01782	0.02672	0.04696	0.12162	0.08269	0.01095	0.00725	0.00232	0.00714	0.00906	0.00526	0.10156
4	0.02001	0.07678	0.08474	0.02170	0.08419	0.08468	0.14129	0.14670	0.08178	0.02880	0.07762	0.05450	0.01960	0.00912	0.00770	0.00229	0.00911	0.00811	0.00539	0.03589
5	0.05838	0.14564	0.02379	0.08520	0.08645	0.11191	0.03703	0.10369	0.04930	0.02550	0.04401	0.05091	0.01762	0.01113	0.03335	0.00259	0.00905	0.04604	0.00494	0.05347
6	0.39774	0.01790	0.01830	0.06854	0.08138	0.08380	0.04904	0.11681	0.01801	0.03146	0.01400	0.04648	0.01157	0.00813	0.00626	0.00235	0.00791	0.00606	0.00492	0.00934
7	0.00961	0.00765	0.00862	0.00850	0.01067	0.00666	0.00633	0.01210	0.01864	0.02398	0.29169	0.10224	0.43021	0.01813	0.00900	0.00253	0.00378	0.01549	0.00751	0.00666
8	0.01458	0.01374	0.02321	0.67696	0.08850	0.01692	0.02119	0.01960	0.01529	0.01969	0.01353	0.02014	0.01022	0.00754	0.00758	0.00251	0.01005	0.00674	0.00339	0.00863
9	0.01810	0.01893	0.02469	0.33152	0.14434	0.14370	0.07421	0.02374	0.06566	0.02200	0.04849	0.02123	0.01454	0.00799	0.00763	0.00238	0.01019	0.00708	0.00414	0.00943
10	0.00924	0.00660	0.00880	0.01056	0.01100	0.00616	0.00704	0.01056	0.01452	0.01936	0.04181	0.72848	0.05017	0.02376	0.00968	0.00308	0.00440	0.02156	0.00704	0.00616
11	0.01887	0.01629	0.01715	0.01544	0.01972	0.01887	0.01201	0.04031	0.67241	0.03173	0.03087	0.02830	0.02315	0.01029	0.00772	0.00257	0.00600	0.00858	0.00772	0.01201
12	0.08387	0.01664	0.07715	0.01265	0.01955	0.01266	0.01115	0.08056	0.01740	0.02765	0.01369	0.01569	0.01098	0.00621	0.00587	0.00145	0.00640	0.00478	0.00469	0.57095
13	0.08282	0.01821	0.18812	0.13324	0.07806	0.01312	0.01610	0.01849	0.01701	0.02471	0.15184	0.03717	0.14770	0.01147	0.00783	0.00247	0.00742	0.03027	0.00522	0.00874
14	0.01690	0.09188	0.26068	0.13262	0.03148	0.01862	0.09633	0.02412	0.07317	0.05259	0.05118	0.02059	0.01486	0.00846	0.00901	0.00246	0.07371	0.00692	0.00426	0.01017
15	0.02152	0.01207	0.01483	0.01283	0.01673	0.01201	0.01005	0.02998	0.21464	0.27098	0.19262	0.09753	0.03597	0.01247	0.00817	0.00249	0.00542	0.01067	0.00842	0.01061
16	0.01788	0.05634	0.10272	0.01841	0.09520	0.04135	0.01450	0.08274	0.07530	0.06746	0.15566	0.04859	0.04206	0.01243	0.03407	0.00272	0.07291	0.00862	0.00583	0.04520

[dist]
# distance from previous block
# <min> <max>
11	61

[block]
# block no. 3 follows, 26 sequences, length 45
# corresponding to MSA columns:
# 273-317
name=unknown_D
#
# <colnr> <probs for GDERKNQSTAVLIFYWHMCP>
#	G	D	E	R	K	N	Q	S	T	A	V	L	I	F	Y	W	H	M	C	P
0	0.04717	0.17775	0.29054	0.01859	0.07950	0.03496	0.01832	0.02088	0.01598	0.02233	0.04471	0.07966	0.06173	0.01202	0.04221	0.00277	0.00932	0.00774	0.00415	0.00966
1	0.14185	0.09744	0.08088	0.09010	0.15156	0.01927	0.01630	0.09199	0.04420	0.02708	0.01375	0.01671	0.01104	0.00778	0.00818	0.00223	0.07440	0.00576	0.00438	0.09509
2	0.01563	0.01198	0.06810	0.01308	0.01633	0.00987	0.01136	0.02035	0.07247	0.13412	0.06296	0.19161	0.11058	0.01718	0.00912	0.00291	0.00616	0.21048	0.00720	0.00851
3	0.02384	0.04754	0.02106	0.07346	0.02395	0.05550	0.01381	0.35032	0.20482	0.03747	0.02097	0.02116	0.01551	0.00912	0.00736	0.00231	0.00787	0.00710	0.04518	0.01167
4	0.01120	0.00771	0.00996	0.01092	0.01216	0.00733	0.00781	0.01404	0.04821	0.05138	0.11837	0.50139	0.08150	0.02104	0.00943	0.00295	0.00464	0.06568	0.00733	0.00694
5	0.01903	0.05851	0.15959	0.10086	0.07894	0.07548	0.17969	0.10204	0.01905	0.02533	0.01517	0.02064	0.01219	0.00831	0.00912	0.00247	0.06597	0.03315	0.00419	0.01025
6	0.01669	0.19961	0.48674	0.01911	0.02865	0.02060	0.02322	0.02505	0.06963	0.02322	0.01431	0.01613	0.01075	0.00729	0.00671	0.00224	0.01006	0.00549	0.00358	0.01093
7	0.02024	0.01745	0.02400	0.02230	0.10996	0.01882	0.12116	0.08609	0.39473	0.06286	0.02505	0.02481	0.01872	0.00904	0.00788	0.00249	0.00774	0.00821	0.00663	0.01183
8	0.00959	0.00686	0.00918	0.01077	0.01141	0.00644	0.00747	0.01126	0.01527	0.02044	0.08845	0.62674	0.05120	0.02293	0.00969	0.00306	0.00455	0.07123	0.00713	0.00630
9	0.01598	0.10888	0.56671	0.02170	0.03210	0.01903	0.08529	0.02391	0.01613	0.02342	0.01346	0.01604	0.00980	0.00706	0.00713	0.00234	0.01104	0.00576	0.00327	0.01097
10	0.00904	0.00769	0.00778	0.00776	0.01029	0.00643	0.00582	0.01102	0.01746	0.02089	0.10099	0.07235	0.65864	0.01906	0.00896	0.00255	0.00383	0.01592	0.00710	0.00643
11	0.00927	0.00765	0.00814	0.00811	0.01046	0.00652	0.00605	0.01145	0.01788	0.02211	0.17690	0.09607	0.55563	0.01877	0.00899	0.00255	0.00382	0.01584	0.00726	0.00652
12	0.01888	0.48108	0.08742	0.09607	0.02616	0.02572	0.07521	0.02387	0.06366	0.02012	0.01305	0.01534	0.01091	0.00694	0.00595	0.00194	0.00886	0.00527	0.00364	0.00991
13	0.00924	0.00660	0.00880	0.01056	0.01100	0.00616	0.00704	0.01056	0.01452	0.01936	0.04181	0.72848	0.05017	0.02376	0.00968	0.00308	0.00440	0.02156	0.00704	0.00616
14	0.02028	0.73799	0.03975	0.01298	0.01947	0.03001	0.01298	0.02271	0.01541	0.01785	0.01055	0.01217	0.00973	0.00649	0.00487	0.00162	0.00811	0.00406	0.00324	0.00973
15	0.00964	0.00701	0.00909	0.01005	0.01104	0.00646	0.00697	0.01164	0.01669	0.02255	0.22428	0.48887	0.10542	0.02109	0.00942	0.00284	0.00413	0.01893	0.00741	0.00646
16	0.02660	0.02060	0.02503	0.05016	0.08017	0.02247	0.06248	0.53521	0.03200	0.04301	0.01748	0.01851	0.01261	0.00865	0.00768	0.00231	0.00880	0.00697	0.00682	0.01244
17	0.01432	0.01348	0.02275	0.71520	0.05224	0.01685	0.02107	0.01938	0.01517	0.01938	0.01348	0.02022	0.01011	0.00758	0.00758	0.00253	0.01011	0.00674	0.00337	0.00843
18	0.00921	0.00672	0.00868	0.01024	0.01092	0.00619	0.00690	0.01060	0.01483	0.01949	0.04567	0.65624	0.11991	0.02326	0.00960	0.00302	0.00434	0.02095	0.00704	0.00619
19	0.01020	0.00739	0.00983	0.01143	0.01248	0.00702	0.00863	0.01228	0.01572	0.02055	0.04426	0.46166	0.10203	0.02245	0.00988	0.00317	0.00520	0.22232	0.00702	0.00645
20	0.00925	0.00691	0.00861	0.00985	0.01085	0.00627	0.00675	0.01083	0.01551	0.02018	0.08221	0.54434	0.19624	0.02230	0.00948	0.00293	0.00423	0.01989	0.00711	0.00627
21	0.02051	0.56882	0.03576	0.01448	0.01990	0.05628	0.01364	0.05465	0.01614	0.01945	0.01090	0.01317	0.00993	0.00766	0.00798	0.00191	0.11108	0.00460	0.00350	0.00965
22	0.01731	0.24431	0.05290	0.06675	0.08043	0.01791	0.01317	0.02083	0.01573	0.02213	0.01263	0.01521	0.01068	0.00620	0.00576	0.00154	0.00726	0.00476	0.00390	0.38057
23	0.00951	0.00786	0.00845	0.00874	0.01117	0.00679	0.00685	0.01170	0.01732	0.02086	0.07067	0.07511	0.57546	0.01950	0.00922	0.00272	0.00437	0.12017	0.00703	0.00650
24	0.01103	0.00735	0.00827	0.00827	0.00827	0.00735	0.00460	0.01103	0.01103	0.01471	0.02390	0.04964	0.02758	0.73343	0.03861	0.00735	0.00735	0.01103	0.00460	0.00460
25	0.02008	0.02099	0.13082	0.08426	0.03259	0.01781	0.27364	0.10052	0.08080	0.10379	0.01937	0.04724	0.01463	0.00829	0.00817	0.00250	0.01012	0.00829	0.00526	0.01085
26	0.01939	0.14878	0.27614	0.01973	0.05299	0.02045	0.05129	0.11986	0.04502	0.05934	0.04471	0.01883	0.01408	0.00841	0.00855	0.00233	0.06819	0.00640	0.00464	0.01089
27	0.01965	0.07910	0.04946	0.01546	0.04342	0.03287	0.05882	0.04992	0.05004	0.11446	0.04194	0.01944	0.01499	0.00717	0.00654	0.00172	0.00709	0.00598	0.00533	0.37662
28	0.01870	0.02634	0.24155	0.04477	0.16058	0.09283	0.15732	0.02518	0.04435	0.05594	0.01670	0.05124	0.01339	0.00802	0.00776	0.00240	0.01060	0.00745	0.00419	0.01071
29	0.01220	0.00889	0.01124	0.01033	0.01216	0.00904	0.00793	0.03867	0.02040	0.02945	0.50547	0.04935	0.08124	0.01447	0.00979	0.00239	0.06240	0.01222	0.09495	0.00742
30	0.01639	0.01630	0.02649	0.02574	0.15013	0.01941	0.12341	0.01953	0.01470	0.02156	0.06827	0.05542	0.01760	0.01157	0.01686	0.00290	0.37214	0.00835	0.00408	0.00914
31	0.02801	0.07072	0.02207	0.04446	0.09993	0.10358	0.01394	0.14028	0.02287	0.31708	0.04602	0.02207	0.01680	0.00878	0.00735	0.00223	0.00815	0.00697	0.00701	0.01167
32	0.01777	0.14494	0.21288	0.05498	0.03144	0.07597	0.23962	0.02327	0.01671	0.02195	0.01481	0.05296	0.01239	0.00797	0.00827	0.00237	0.04075	0.00734	0.00369	0.00992
33	0.01208	0.00863	0.01206	0.01380	0.01549	0.00861	0.01197	0.01547	0.01732	0.02254	0.04024	0.11670	0.04397	0.02109	0.01044	0.00347	0.00686	0.60535	0.00699	0.00694
34	0.01383	0.01251	0.01948	0.34916	0.14483	0.01390	0.01643	0.01869	0.04184	0.02281	0.13802	0.03441	0.12219	0.01064	0.00802	0.00246	0.00771	0.00939	0.00500	0.00865
35	0.01805	0.02111	0.12309	0.02803	0.05691	0.01729	0.45500	0.02403	0.01764	0.07261	0.01832	0.07821	0.01498	0.00815	0.00864	0.00255	0.01131	0.00938	0.00442	0.01028
36	0.00905	0.00736	0.00802	0.00855	0.01047	0.00633	0.00615	0.01079	0.01645	0.02015	0.06626	0.27089	0.49197	0.02058	0.00918	0.00272	0.00401	0.01769	0.00704	0.00633
37	0.00992	0.00709	0.00958	0.01134	0.01208	0.00675	0.00823	0.01174	0.01519	0.02013	0.04143	0.58155	0.04868	0.02312	0.00986	0.00317	0.00499	0.16177	0.00703	0.00635
38	0.01244	0.00939	0.01316	0.07742	0.01690	0.01071	0.01001	0.06084	0.01409	0.01957	0.02100	0.05991	0.02040	0.15954	0.44916	0.00939	0.01569	0.00893	0.00447	0.00699
39	0.02664	0.03241	0.02546	0.02145	0.02615	0.53786	0.12173	0.07699	0.02197	0.02173	0.01282	0.01515	0.01030	0.00768	0.00725	0.00208	0.01313	0.00571	0.00417	0.00934
40	0.01084	0.00809	0.01201	0.01201	0.01330	0.00938	0.00926	0.01343	0.01214	0.01747	0.02048	0.03071	0.01936	0.08813	0.67267	0.01197	0.01972	0.00826	0.00409	0.00667
41	0.01057	0.00787	0.00999	0.01091	0.01221	0.00761	0.00795	0.01410	0.06449	0.02288	0.16664	0.41952	0.10104	0.02050	0.00944	0.00292	0.00463	0.09250	0.00734	0.00690
42	0.01106	0.00980	0.05963	0.01103	0.01318	0.00770	0.00890	0.01376	0.01697	0.04594	0.19544	0.33837	0.14220	0.02066	0.03761	0.00316	0.00546	0.04502	0.00703	0.00710
43	0.01455	0.11127	0.12791	0.10628	0.02387	0.01643	0.04022	0.04394	0.01596	0.02125	0.02852	0.11919	0.14058	0.01425	0.03517	0.00292	0.11449	0.00996	0.00469	0.00855
44	0.02238	0.02253	0.02008	0.04213	0.05242	0.24012	0.01399	0.16670	0.10275	0.02712	0.02116	0.09056	0.04385	0.01100	0.00953	0.00242	0.08768	0.00822	0.00554	0.00982

[dist]
# distance from previous block
# <min> <max>
0	28

[block]
# block no. 4 follows, 26 sequences, length 23
# corresponding to MSA columns:
# 346-368
name=unknown_E
#
# <colnr> <probs for GDERKNQSTAVLIFYWHMCP>
#	G	D	E	R	K	N	Q	S	T	A	V	L	I	F	Y	W	H	M	C	P
0	0.01532	0.01232	0.01583	0.11627	0.07774	0.01349	0.01186	0.09046	0.14067	0.02486	0.02799	0.13269	0.06533	0.12598	0.06268	0.00397	0.00788	0.01060	0.03536	0.00869
1	0.02188	0.02138	0.06693	0.09730	0.02829	0.10266	0.10825	0.25937	0.02383	0.03127	0.01583	0.01870	0.01209	0.01162	0.06179	0.00296	0.01067	0.00666	0.00523	0.09327
2	0.01084	0.00813	0.01219	0.01219	0.01354	0.00948	0.00948	0.01354	0.01219	0.01761	0.02032	0.02980	0.01896	0.05689	0.70337	0.01219	0.02032	0.00813	0.00406	0.00677
3	0.01835	0.01800	0.03193	0.09284	0.56117	0.01808	0.10112	0.02312	0.01720	0.02433	0.01434	0.01908	0.01182	0.00677	0.00769	0.00231	0.00955	0.00703	0.00374	0.01154
4	0.01790	0.02046	0.04476	0.03197	0.03964	0.01918	0.65857	0.02430	0.01790	0.02430	0.01535	0.02046	0.01151	0.00639	0.00895	0.00256	0.01279	0.00895	0.00384	0.01023
5	0.78701	0.01467	0.01115	0.00997	0.01467	0.01702	0.00821	0.02230	0.01291	0.03403	0.01056	0.01232	0.00821	0.00704	0.00469	0.00235	0.00587	0.00411	0.00469	0.00821
6	0.01093	0.00774	0.01021	0.01021	0.01088	0.00840	0.00701	0.01227	0.01160	0.01614	0.02213	0.03984	0.02332	0.39935	0.36687	0.00974	0.01375	0.00960	0.00433	0.00567
7	0.01659	0.01659	0.02323	0.01991	0.01991	0.02323	0.01659	0.01825	0.01162	0.01825	0.00996	0.01659	0.00996	0.01328	0.02489	0.00332	0.71955	0.00664	0.00332	0.00830
8	0.01521	0.03923	0.69413	0.02162	0.03283	0.01762	0.02802	0.02402	0.01601	0.02402	0.01361	0.01601	0.00961	0.00721	0.00721	0.00240	0.01121	0.00560	0.00320	0.01121
9	0.00910	0.00716	0.00822	0.00907	0.01061	0.00629	0.00638	0.01073	0.01596	0.01995	0.05999	0.38834	0.37857	0.02140	0.00931	0.00281	0.00411	0.01868	0.00704	0.00629
10	0.01088	0.00688	0.00851	0.00975	0.01066	0.00659	0.00686	0.01299	0.01512	0.02221	0.03665	0.48043	0.04066	0.01917	0.00844	0.00272	0.00431	0.05632	0.23438	0.00648
11	0.62285	0.01609	0.01366	0.01159	0.01659	0.01842	0.00956	0.16055	0.01784	0.03701	0.01222	0.01360	0.00923	0.00749	0.00532	0.00233	0.00640	0.00470	0.00532	0.00923
12	0.01495	0.00880	0.01142	0.01129	0.01378	0.00803	0.00900	0.01769	0.01849	0.14912	0.16096	0.16693	0.17360	0.01789	0.00924	0.00283	0.00524	0.18516	0.00770	0.00789
13	0.00953	0.00759	0.00836	0.00837	0.01041	0.00662	0.00609	0.01163	0.01754	0.02219	0.20429	0.12096	0.44953	0.06961	0.01113	0.00291	0.00408	0.01560	0.00716	0.00642
14	0.01087	0.00800	0.01154	0.01154	0.01267	0.00913	0.00868	0.01313	0.01200	0.01713	0.02091	0.03307	0.02038	0.16850	0.59370	0.01139	0.01818	0.00861	0.00415	0.00641
15	0.01005	0.00724	0.00969	0.01136	0.01227	0.00688	0.00841	0.01200	0.01546	0.02034	0.04301	0.52010	0.07838	0.02277	0.00987	0.00317	0.00509	0.19048	0.00703	0.00640
16	0.01790	0.02046	0.04476	0.03197	0.03964	0.01918	0.65857	0.02430	0.01790	0.02430	0.01535	0.02046	0.01151	0.00639	0.00895	0.00256	0.01279	0.00895	0.00384	0.01023
17	0.01008	0.00725	0.00951	0.01092	0.01182	0.00688	0.00794	0.01193	0.01542	0.02035	0.07186	0.46463	0.08836	0.07349	0.01186	0.00341	0.00511	0.15597	0.00691	0.00629
18	0.01529	0.04505	0.01531	0.01305	0.01509	0.01239	0.01033	0.04302	0.01434	0.09746	0.02085	0.05348	0.01909	0.09226	0.41409	0.00851	0.08932	0.00837	0.00486	0.00785
19	0.04582	0.15030	0.10636	0.09766	0.07891	0.05344	0.04074	0.06745	0.03740	0.02323	0.01384	0.01868	0.01173	0.00897	0.01071	0.00242	0.16267	0.02483	0.00403	0.04083
20	0.13172	0.12172	0.15030	0.01577	0.02174	0.13563	0.01485	0.07184	0.09385	0.05796	0.01678	0.04183	0.01355	0.01028	0.03450	0.00258	0.00928	0.00619	0.00491	0.04473
21	0.10305	0.07041	0.18777	0.05153	0.05027	0.09594	0.01700	0.16805	0.07866	0.03036	0.06224	0.01984	0.01587	0.00849	0.00703	0.00228	0.00894	0.00647	0.00522	0.01059
22	0.07350	0.12163	0.08781	0.07011	0.02191	0.06408	0.03775	0.07097	0.01735	0.02467	0.04751	0.07109	0.01756	0.01411	0.08148	0.00316	0.00923	0.00730	0.05811	0.10067

[dist]
# distance from previous block
# <min> <max>
1	21

[block]
# block no. 5 follows, 26 sequences, length 17
# corresponding to MSA columns:
# 394-410
name=unknown_F
#
# <colnr> <probs for GDERKNQSTAVLIFYWHMCP>
#	G	D	E	R	K	N	Q	S	T	A	V	L	I	F	Y	W	H	M	C	P
0	0.11165	0.01627	0.03493	0.03865	0.01895	0.07474	0.01146	0.12557	0.15259	0.05640	0.06798	0.06525	0.12770	0.01229	0.00777	0.00250	0.00687	0.05228	0.00663	0.00954
1	0.01542	0.05183	0.09290	0.14791	0.06449	0.02807	0.01452	0.05374	0.05489	0.05572	0.03532	0.07050	0.18891	0.01375	0.02446	0.00276	0.00775	0.06258	0.00557	0.00891
2	0.01386	0.01180	0.01885	0.11324	0.08514	0.01205	0.09108	0.05312	0.01770	0.02350	0.05734	0.20440	0.06187	0.01573	0.00915	0.00288	0.00751	0.18670	0.00592	0.00817
3	0.01659	0.01688	0.02418	0.17026	0.11199	0.08556	0.09656	0.02008	0.01579	0.02090	0.04318	0.08930	0.01827	0.01129	0.01250	0.00274	0.19173	0.03919	0.00423	0.00877
4	0.02394	0.05757	0.02140	0.01779	0.02207	0.34793	0.04868	0.03231	0.22684	0.06104	0.01952	0.02093	0.01542	0.04118	0.00862	0.00243	0.01026	0.00667	0.00542	0.00998
5	0.01694	0.01272	0.01424	0.01252	0.01607	0.01340	0.00977	0.11141	0.24038	0.06874	0.24484	0.04275	0.13839	0.01312	0.00828	0.00246	0.00524	0.01107	0.00789	0.00976
6	0.00943	0.00684	0.00858	0.00988	0.01055	0.00634	0.00656	0.01066	0.01445	0.01893	0.04429	0.55353	0.13312	0.11312	0.01325	0.00355	0.00470	0.01947	0.00673	0.00600
7	0.01691	0.01804	0.05046	0.02041	0.09328	0.12558	0.12879	0.02022	0.01662	0.02190	0.05936	0.02985	0.07694	0.10269	0.01370	0.00303	0.09490	0.00858	0.09030	0.00841
8	0.01002	0.00793	0.00920	0.00979	0.01194	0.00711	0.00780	0.01244	0.01738	0.02155	0.09360	0.11542	0.42811	0.01981	0.00945	0.00286	0.00478	0.19714	0.00709	0.00660
9	0.01094	0.00761	0.00953	0.00945	0.01004	0.00787	0.00620	0.01212	0.01274	0.01758	0.11223	0.04548	0.03132	0.46191	0.20572	0.00793	0.01018	0.01065	0.00497	0.00550
10	0.01977	0.02414	0.12902	0.02591	0.22233	0.16894	0.01794	0.06216	0.11398	0.02509	0.02353	0.02488	0.09106	0.00916	0.00752	0.00229	0.00932	0.00751	0.00488	0.01057
11	0.01772	0.01900	0.10699	0.03631	0.47505	0.01654	0.02073	0.02364	0.05646	0.02558	0.01661	0.02030	0.01340	0.00731	0.00719	0.00222	0.00835	0.00677	0.10858	0.01125
12	0.00969	0.00685	0.00860	0.00982	0.01026	0.00648	0.00634	0.01070	0.01378	0.01823	0.03915	0.51809	0.07935	0.20558	0.01706	0.00415	0.00513	0.01855	0.00641	0.00577
13	0.01142	0.00832	0.01121	0.01275	0.01441	0.00810	0.01074	0.01443	0.01704	0.02198	0.04482	0.17122	0.12188	0.02112	0.01019	0.00332	0.00625	0.47699	0.00700	0.00680
14	0.12624	0.06686	0.05207	0.02447	0.21472	0.13305	0.03528	0.06483	0.01927	0.10584	0.07171	0.02055	0.01675	0.00817	0.00701	0.00221	0.00872	0.00662	0.00515	0.01047
15	0.01686	0.02035	0.11352	0.12025	0.12425	0.01758	0.29130	0.02246	0.01659	0.02339	0.01420	0.01883	0.01104	0.00699	0.00883	0.00235	0.05043	0.00725	0.00374	0.10980
16	0.01164	0.00796	0.01023	0.01043	0.01229	0.00733	0.00802	0.01444	0.01867	0.06019	0.30193	0.19586	0.16411	0.01843	0.00930	0.00275	0.00455	0.12709	0.00768	0.00711

[dist]
# distance from previous block
# <min> <max>
0	1

[block]
# block no. 6 follows, 26 sequences, length 35
# corresponding to MSA columns:
# 412-426,430-438,461,462,464-472
name=unknown_G
#
# <colnr> <probs for GDERKNQSTAVLIFYWHMCP>
#	G	D	E	R	K	N	Q	S	T	A	V	L	I	F	Y	W	H	M	C	P
0	0.04690	0.01385	0.01673	0.04901	0.05091	0.01209	0.01065	0.04694	0.06212	0.05927	0.05782	0.02001	0.01616	0.00709	0.00630	0.00158	0.00606	0.00581	0.00524	0.50545
1	0.01439	0.01132	0.01201	0.01120	0.01391	0.04544	0.00842	0.02115	0.16556	0.06669	0.24832	0.09563	0.18945	0.05020	0.00999	0.00273	0.00512	0.01267	0.00747	0.00831
2	0.01103	0.00735	0.00827	0.00827	0.00827	0.00735	0.00460	0.01103	0.01103	0.01471	0.02390	0.04964	0.02758	0.73343	0.03861	0.00735	0.00735	0.01103	0.00460	0.00460
3	0.01084	0.00813	0.01219	0.01219	0.01354	0.00948	0.00948	0.01354	0.01219	0.01761	0.02032	0.02980	0.01896	0.05689	0.70337	0.01219	0.02032	0.00813	0.00406	0.00677
4	0.02068	0.13124	0.21974	0.06056	0.02637	0.21497	0.01800	0.07441	0.07967	0.02364	0.01777	0.01924	0.04529	0.00834	0.00696	0.00219	0.01034	0.00614	0.00436	0.01010
5	0.01508	0.03539	0.59402	0.12504	0.03572	0.01750	0.02699	0.02333	0.01589	0.02333	0.01359	0.01664	0.00968	0.00726	0.00726	0.00242	0.01105	0.00577	0.00323	0.01079
6	0.09684	0.09837	0.11173	0.02201	0.14564	0.05245	0.04458	0.06154	0.15759	0.10751	0.01896	0.01974	0.01418	0.00804	0.00700	0.00229	0.00831	0.00655	0.00545	0.01120
7	0.02655	0.02336	0.02194	0.13227	0.02787	0.27290	0.04634	0.11886	0.04811	0.18061	0.01811	0.01913	0.01298	0.00835	0.00739	0.00224	0.01031	0.00645	0.00576	0.01047
8	0.00924	0.00660	0.00880	0.01056	0.01100	0.00616	0.00704	0.01056	0.01452	0.01936	0.04181	0.72848	0.05017	0.02376	0.00968	0.00308	0.00440	0.02156	0.00704	0.00616
9	0.00904	0.00738	0.00800	0.00850	0.01046	0.00633	0.00612	0.01079	0.01651	0.02017	0.06694	0.25814	0.50428	0.02050	0.00917	0.00271	0.00400	0.01758	0.00704	0.00633
10	0.02166	0.07284	0.07107	0.09326	0.12773	0.19236	0.13555	0.07397	0.01922	0.04861	0.01404	0.01738	0.01104	0.00779	0.00867	0.00231	0.06171	0.00646	0.00418	0.01015
11	0.01285	0.00670	0.00964	0.00964	0.00964	0.00670	0.00629	0.01005	0.01005	0.01341	0.01479	0.02707	0.01535	0.13298	0.03100	0.66290	0.00670	0.00726	0.00349	0.00349
12	0.01996	0.18075	0.32782	0.01845	0.02680	0.02016	0.05221	0.07396	0.08265	0.10176	0.01695	0.01791	0.01236	0.00771	0.00692	0.00224	0.00936	0.00606	0.00472	0.01124
13	0.02020	0.02410	0.13024	0.06880	0.22819	0.11520	0.12112	0.08943	0.07939	0.02634	0.01585	0.01880	0.01225	0.00752	0.00763	0.00233	0.01032	0.00684	0.00443	0.01104
14	0.06596	0.07612	0.10804	0.07626	0.15179	0.09765	0.01661	0.07094	0.12660	0.02637	0.06446	0.02251	0.01767	0.03723	0.00840	0.00248	0.00866	0.00700	0.00498	0.01027
15	0.01518	0.01542	0.06687	0.02285	0.18155	0.01419	0.07919	0.02296	0.14847	0.02621	0.16206	0.03465	0.09175	0.01471	0.06709	0.00326	0.00828	0.00971	0.00581	0.00979
16	0.01092	0.00731	0.00831	0.00841	0.00844	0.00728	0.00475	0.01100	0.01124	0.01499	0.02499	0.09109	0.02896	0.69009	0.03684	0.00709	0.00717	0.01167	0.00475	0.00469
17	0.01903	0.15508	0.09470	0.07660	0.07818	0.01981	0.14151	0.09190	0.10445	0.05264	0.02216	0.02377	0.06978	0.00862	0.00743	0.00230	0.00888	0.00763	0.00502	0.01052
18	0.01678	0.01671	0.04779	0.12697	0.18571	0.05278	0.01539	0.02141	0.04116	0.02358	0.01548	0.04894	0.01327	0.00736	0.00676	0.00185	0.00776	0.00636	0.00429	0.33965
19	0.00959	0.00777	0.00863	0.00912	0.01132	0.00681	0.00707	0.01174	0.01704	0.02078	0.06662	0.14064	0.50271	0.01998	0.00931	0.00278	0.00447	0.13008	0.00703	0.00649
20	0.00967	0.00678	0.00867	0.01001	0.01034	0.00645	0.00645	0.01067	0.01368	0.01824	0.03748	0.56432	0.04470	0.19538	0.01668	0.00411	0.00511	0.01902	0.00645	0.00578
21	0.01821	0.01969	0.08931	0.21863	0.22973	0.04443	0.11783	0.08850	0.01876	0.02522	0.01568	0.02205	0.01269	0.00792	0.00784	0.00244	0.01010	0.03638	0.00417	0.01042
22	0.05151	0.01409	0.01434	0.01470	0.04957	0.10758	0.01059	0.01930	0.07069	0.04622	0.08375	0.20558	0.14232	0.01568	0.01007	0.00269	0.07655	0.05057	0.00619	0.00802
23	0.01943	0.01077	0.01208	0.01066	0.01387	0.01100	0.00832	0.08150	0.11670	0.15092	0.04926	0.06074	0.02251	0.01011	0.00662	0.00212	0.00491	0.00828	0.39085	0.00935
24	0.02017	0.01469	0.01544	0.01343	0.01700	0.05315	0.01062	0.27214	0.02466	0.06015	0.07961	0.14488	0.05224	0.01311	0.00790	0.00242	0.00654	0.05498	0.12733	0.00954
25	0.01599	0.01527	0.05488	0.01349	0.04644	0.01131	0.01081	0.02064	0.04945	0.02504	0.01441	0.01651	0.01179	0.00599	0.00589	0.00132	0.00609	0.00486	0.00456	0.66526
26	0.06671	0.11270	0.05211	0.10254	0.21354	0.08689	0.07175	0.04359	0.01768	0.02380	0.05543	0.05807	0.04585	0.00892	0.00730	0.00227	0.00890	0.00775	0.00441	0.00978
27	0.00936	0.00684	0.00881	0.01013	0.01095	0.00629	0.00691	0.01099	0.01556	0.02064	0.11213	0.58404	0.12465	0.02239	0.00952	0.00295	0.00425	0.02012	0.00718	0.00629
28	0.01197	0.00954	0.01334	0.01271	0.01349	0.01157	0.00966	0.01383	0.01181	0.01704	0.01922	0.03204	0.01932	0.21008	0.41676	0.00936	0.14914	0.00854	0.00405	0.00654
29	0.05823	0.13906	0.11887	0.02091	0.11496	0.02183	0.01683	0.16793	0.13394	0.02961	0.01667	0.01828	0.01302	0.00865	0.00888	0.00235	0.08735	0.00634	0.00514	0.01112
30	0.01279	0.01158	0.01823	0.02172	0.20180	0.01091	0.07527	0.01588	0.01707	0.02265	0.09701	0.20030	0.23395	0.01520	0.00872	0.00258	0.00627	0.01380	0.00592	0.00835
31	0.00981	0.00718	0.00859	0.00942	0.01035	0.00666	0.00635	0.01109	0.01462	0.01891	0.06388	0.35302	0.19437	0.20298	0.01689	0.00404	0.00511	0.04439	0.00645	0.00588
32	0.01261	0.00929	0.01168	0.01153	0.01322	0.01036	0.00859	0.01846	0.13726	0.02132	0.02541	0.10065	0.02400	0.12757	0.33496	0.00762	0.01238	0.00979	0.09585	0.00745
33	0.01745	0.04336	0.04759	0.01652	0.07075	0.06574	0.01260	0.11825	0.04614	0.02638	0.06908	0.03057	0.05449	0.04202	0.10048	0.00373	0.05259	0.04730	0.04316	0.09181
34	0.08288	0.07929	0.06858	0.02328	0.10104	0.07691	0.13312	0.02416	0.04893	0.06059	0.01409	0.01767	0.01145	0.00901	0.01226	0.00258	0.21353	0.00660	0.00418	0.00986

[dist]
# distance from previous block
# <min> <max>
1	16

[block]
# block no. 7 follows, 26 sequences, length 22
# corresponding to MSA columns:
# 489-510
name=unknown_H
#
# <colnr> <probs for GDERKNQSTAVLIFYWHMCP>
#	G	D	E	R	K	N	Q	S	T	A	V	L	I	F	Y	W	H	M	C	P
0	0.12063	0.02289	0.13384	0.01980	0.08514	0.13946	0.03597	0.07227	0.01850	0.07337	0.06351	0.03949	0.03378	0.00962	0.00940	0.00243	0.09804	0.00712	0.00495	0.00977
1	0.01463	0.01409	0.01690	0.01566	0.01632	0.07722	0.01222	0.01632	0.01395	0.01915	0.06029	0.22853	0.02650	0.04614	0.05588	0.00372	0.33869	0.01151	0.00485	0.00742
2	0.02354	0.20921	0.05167	0.01685	0.02254	0.13696	0.03556	0.21322	0.16222	0.03007	0.01757	0.01803	0.01357	0.00830	0.00682	0.00213	0.00893	0.00618	0.00559	0.01105
3	0.02836	0.03527	0.02157	0.01942	0.02345	0.66278	0.01464	0.06759	0.02233	0.02029	0.01211	0.01395	0.00996	0.00789	0.00688	0.00197	0.01336	0.00500	0.00413	0.00904
4	0.01500	0.01013	0.01229	0.01223	0.01440	0.01024	0.00900	0.08677	0.10319	0.08668	0.03792	0.44989	0.06171	0.01884	0.00901	0.00286	0.00530	0.03884	0.00740	0.00831
5	0.00924	0.00753	0.00817	0.00836	0.01050	0.00647	0.00614	0.01128	0.01742	0.02162	0.15055	0.16977	0.50774	0.01941	0.00907	0.00262	0.00389	0.01655	0.00721	0.00647
6	0.01318	0.00659	0.00988	0.00988	0.00988	0.00659	0.00659	0.00988	0.00988	0.01318	0.01318	0.02306	0.01318	0.02635	0.02964	0.77931	0.00659	0.00659	0.00329	0.00329
7	0.00922	0.00670	0.00870	0.01030	0.01093	0.00618	0.00693	0.01059	0.01477	0.01946	0.04496	0.66938	0.10723	0.02335	0.00962	0.00303	0.00435	0.02106	0.00704	0.00618
8	0.00912	0.00747	0.00805	0.00837	0.01046	0.00640	0.00610	0.01101	0.01696	0.02081	0.10315	0.20526	0.52070	0.01993	0.00911	0.00266	0.00394	0.01701	0.00712	0.00640
9	0.01432	0.01348	0.02275	0.71520	0.05224	0.01685	0.02107	0.01938	0.01517	0.01938	0.01348	0.02022	0.01011	0.00758	0.00758	0.00253	0.01011	0.00674	0.00337	0.00843
10	0.01318	0.00659	0.00988	0.00988	0.00988	0.00659	0.00659	0.00988	0.00988	0.01318	0.01318	0.02306	0.01318	0.02635	0.02964	0.77931	0.00659	0.00659	0.00329	0.00329
11	0.01909	0.01620	0.01706	0.01517	0.01950	0.01854	0.01185	0.08588	0.58847	0.03234	0.03240	0.02996	0.05818	0.01068	0.00778	0.00255	0.00606	0.00885	0.00767	0.01177
12	0.01466	0.01383	0.02336	0.66418	0.10061	0.01694	0.02123	0.01968	0.01533	0.01979	0.01354	0.02011	0.01026	0.00752	0.00758	0.00251	0.01003	0.00674	0.00340	0.00870
13	0.00936	0.00669	0.00890	0.01048	0.01103	0.00624	0.00705	0.01085	0.01505	0.02021	0.09067	0.67722	0.05180	0.02313	0.00963	0.00303	0.00434	0.02096	0.00714	0.00624
14	0.00921	0.00672	0.00868	0.01025	0.01092	0.00619	0.00690	0.01060	0.01483	0.01949	0.04564	0.65671	0.11946	0.02326	0.00960	0.00302	0.00434	0.02095	0.00704	0.00619
15	0.01103	0.00735	0.00827	0.00827	0.00827	0.00735	0.00460	0.01103	0.01103	0.01471	0.02390	0.04964	0.02758	0.73343	0.03861	0.00735	0.00735	0.01103	0.00460	0.00460
16	0.00949	0.00703	0.00892	0.01032	0.01132	0.00647	0.00731	0.01115	0.01538	0.01993	0.04871	0.53132	0.17722	0.02256	0.00962	0.00302	0.00455	0.08236	0.00704	0.00629
17	0.01432	0.01348	0.02275	0.71520	0.05224	0.01685	0.02107	0.01938	0.01517	0.01938	0.01348	0.02022	0.01011	0.00758	0.00758	0.00253	0.01011	0.00674	0.00337	0.00843
18	0.01521	0.03923	0.69413	0.02162	0.03283	0.01762	0.02802	0.02402	0.01601	0.02402	0.01361	0.01601	0.00961	0.00721	0.00721	0.00240	0.01121	0.00560	0.00320	0.01121
19	0.00964	0.00688	0.00857	0.00976	0.01028	0.00647	0.00634	0.01070	0.01394	0.01836	0.04071	0.50803	0.10186	0.19203	0.01649	0.00405	0.00505	0.01856	0.00646	0.00581
20	0.01884	0.17568	0.07304	0.01285	0.01977	0.01568	0.01172	0.04627	0.01698	0.08413	0.01451	0.01597	0.01152	0.00640	0.00583	0.00148	0.00677	0.00485	0.00468	0.45303
21	0.01305	0.01049	0.01504	0.24239	0.02623	0.01157	0.01294	0.07277	0.01711	0.02241	0.03130	0.32751	0.05291	0.01663	0.00889	0.00286	0.00695	0.09545	0.00588	0.00763

[dist]
# distance from previous block
# <min> <max>
0	1

[block]
# block no. 8 follows, 26 sequences, length 15
# corresponding to MSA columns:
# 512-526
name=unknown_I
#
# <colnr> <probs for GDERKNQSTAVLIFYWHMCP>
#	G	D	E	R	K	N	Q	S	T	A	V	L	I	F	Y	W	H	M	C	P
0	0.01989	0.25308	0.13770	0.04802	0.10764	0.14364	0.04731	0.05023	0.01831	0.02256	0.07093	0.01873	0.01563	0.00781	0.00670	0.00206	0.00964	0.00609	0.00408	0.00997
1	0.06192	0.15554	0.02047	0.01522	0.04776	0.07912	0.03105	0.01941	0.04422	0.01991	0.01707	0.02294	0.01530	0.03350	0.37508	0.00739	0.01504	0.00677	0.00407	0.00821
2	0.01448	0.01063	0.01236	0.01124	0.01406	0.01087	0.00863	0.04566	0.18892	0.05805	0.37900	0.04674	0.10559	0.01368	0.00835	0.00241	0.00452	0.01177	0.04425	0.00879
3	0.00942	0.00682	0.00903	0.01045	0.01114	0.00643	0.00713	0.01099	0.01495	0.02000	0.08193	0.61154	0.08181	0.02501	0.05131	0.00356	0.00528	0.01999	0.00694	0.00627
4	0.01177	0.01245	0.07298	0.09194	0.06736	0.01016	0.04400	0.01533	0.01732	0.02268	0.11589	0.05111	0.36263	0.01429	0.00832	0.00245	0.00597	0.01225	0.05333	0.00777
5	0.00931	0.00744	0.00834	0.00866	0.01060	0.00647	0.00629	0.01135	0.01730	0.02180	0.16460	0.22541	0.43635	0.01970	0.00913	0.00266	0.00393	0.01696	0.00725	0.00647
6	0.01318	0.00659	0.00988	0.00988	0.00988	0.00659	0.00659	0.00988	0.00988	0.01318	0.01318	0.02306	0.01318	0.02635	0.02964	0.77931	0.00659	0.00659	0.00329	0.00329
7	0.02028	0.73799	0.03975	0.01298	0.01947	0.03001	0.01298	0.02271	0.01541	0.01785	0.01055	0.01217	0.00973	0.00649	0.00487	0.00162	0.00811	0.00406	0.00324	0.00973
8	0.01659	0.01659	0.02323	0.01991	0.01991	0.02323	0.01659	0.01825	0.01162	0.01825	0.00996	0.01659	0.00996	0.01328	0.02489	0.00332	0.71955	0.00664	0.00332	0.00830
9	0.01041	0.00745	0.00887	0.00940	0.01110	0.00659	0.00671	0.01227	0.01666	0.05184	0.11593	0.36020	0.31416	0.02043	0.00922	0.00277	0.00419	0.01787	0.00727	0.00667
10	0.00950	0.00671	0.00873	0.01023	0.01061	0.00633	0.00669	0.01063	0.01402	0.01870	0.03925	0.63160	0.04694	0.12505	0.01381	0.00369	0.00482	0.02006	0.00669	0.00594
11	0.01887	0.01629	0.01715	0.01544	0.01972	0.01887	0.01201	0.04031	0.67241	0.03173	0.03087	0.02830	0.02315	0.01029	0.00772	0.00257	0.00600	0.00858	0.00772	0.01201
12	0.04915	0.04324	0.01010	0.00869	0.00939	0.00891	0.00540	0.01243	0.01224	0.01717	0.07999	0.04662	0.02960	0.60024	0.03273	0.00640	0.00699	0.01059	0.00486	0.00524
13	0.01860	0.01822	0.01958	0.09505	0.02410	0.15302	0.06878	0.08297	0.12082	0.02568	0.07017	0.11364	0.02424	0.01140	0.00796	0.00240	0.00848	0.05273	0.00574	0.07640
14	0.01267	0.00844	0.01188	0.01150	0.01331	0.00909	0.00886	0.01519	0.01384	0.07697	0.05317	0.03614	0.08979	0.08793	0.50409	0.00967	0.01598	0.00929	0.00503	0.00715

[dist]
# distance from previous block
# <min> <max>
0	1

[block]
# block no. 9 follows, 26 sequences, length 23
# corresponding to MSA columns:
# 528-550
name=unknown_J
#
# <colnr> <probs for GDERKNQSTAVLIFYWHMCP>
#	G	D	E	R	K	N	Q	S	T	A	V	L	I	F	Y	W	H	M	C	P
0	0.01602	0.01441	0.01960	0.01400	0.02086	0.01132	0.09560	0.01979	0.01602	0.02466	0.01373	0.01636	0.01127	0.00572	0.00606	0.00131	0.00657	0.00509	0.00441	0.67719
1	0.01073	0.00735	0.00929	0.00987	0.01112	0.00673	0.00688	0.01264	0.01661	0.05009	0.19691	0.39681	0.14197	0.07259	0.01144	0.00312	0.00443	0.01756	0.00727	0.00660
2	0.01907	0.20822	0.18344	0.02172	0.14843	0.02011	0.01799	0.06626	0.01740	0.05229	0.01374	0.01609	0.01098	0.00721	0.00735	0.00200	0.04468	0.00547	0.00409	0.13347
3	0.01603	0.11387	0.05655	0.01424	0.01859	0.04477	0.05495	0.06055	0.18343	0.02509	0.05541	0.11500	0.18493	0.01303	0.00790	0.00244	0.00672	0.01101	0.00620	0.00927
4	0.01026	0.00712	0.00892	0.00984	0.01020	0.00697	0.00639	0.01119	0.01308	0.01747	0.03304	0.36705	0.03867	0.33247	0.05166	0.00534	0.00651	0.05240	0.00585	0.00556
