[name]
unknown

[dist]
# distance from previous block
# <min> <max>
5	44

[block]
# block no. 0 follows, 33 sequences, length 51
# corresponding to MSA columns:
# 44-94
name=unknown_A
#
# <colnr> <probs for GDERKNQSTAVLIFYWHMCP>
#	G	D	E	R	K	N	Q	S	T	A	V	L	I	F	Y	W	H	M	C	P
0	0.06038	0.05236	0.02146	0.10488	0.11969	0.08861	0.07990	0.16578	0.05564	0.02414	0.01562	0.01819	0.04286	0.00919	0.03341	0.00239	0.08630	0.00615	0.00426	0.00882
1	0.11284	0.12123	0.04315	0.01087	0.01447	0.05455	0.00922	0.07161	0.05191	0.08025	0.14264	0.05375	0.05568	0.01334	0.08122	0.00280	0.00686	0.00729	0.03825	0.02808
2	0.02013	0.01734	0.07054	0.01680	0.05829	0.04124	0.07820	0.31016	0.04929	0.08564	0.05770	0.03494	0.01498	0.00801	0.00731	0.00199	0.04126	0.00654	0.00549	0.07414
3	0.01852	0.15703	0.16845	0.01494	0.03989	0.12465	0.01382	0.06978	0.04751	0.11823	0.07756	0.04633	0.01634	0.00818	0.00702	0.00196	0.05010	0.00618	0.00459	0.00892
4	0.05074	0.05458	0.01413	0.05069	0.01609	0.01282	0.00922	0.08978	0.20933	0.02368	0.03622	0.08117	0.04147	0.08572	0.00913	0.00245	0.00558	0.05539	0.02669	0.12515
5	0.10253	0.01277	0.04618	0.01144	0.03238	0.06127	0.00876	0.09818	0.03680	0.06452	0.06081	0.05682	0.11917	0.20537	0.01425	0.00322	0.04505	0.00840	0.00501	0.00707
6	0.01305	0.01105	0.01105	0.01020	0.01273	0.08486	0.00771	0.01848	0.14932	0.05736	0.27101	0.10850	0.15593	0.01248	0.00724	0.00209	0.00473	0.01062	0.00632	0.04527
7	0.01531	0.01165	0.01382	0.00996	0.01573	0.00887	0.00800	0.01819	0.01419	0.09545	0.01319	0.01456	0.01043	0.00522	0.00506	0.00109	0.00495	0.00418	0.00434	0.72583
8	0.01389	0.01165	0.01369	0.01023	0.01550	0.00956	0.00817	0.05341	0.03418	0.02205	0.01297	0.01535	0.01082	0.00979	0.08182	0.00206	0.00634	0.00444	0.00408	0.65999
9	0.01746	0.69379	0.03369	0.01430	0.09089	0.02497	0.01220	0.01976	0.01354	0.01612	0.00949	0.01116	0.00865	0.00566	0.00446	0.00147	0.00712	0.00376	0.00286	0.00865
10	0.00989	0.08662	0.01152	0.00967	0.03831	0.00835	0.00701	0.01227	0.01608	0.02152	0.35868	0.17782	0.18948	0.01433	0.00747	0.00214	0.00388	0.01246	0.00619	0.00631
11	0.02010	0.43322	0.02737	0.01389	0.01826	0.30379	0.01204	0.02200	0.01520	0.01575	0.00952	0.01133	0.00847	0.00648	0.00607	0.00162	0.05983	0.00395	0.00304	0.00805
12	0.02194	0.10453	0.01960	0.01535	0.01893	0.44632	0.01198	0.10199	0.09129	0.01994	0.01285	0.01502	0.01070	0.04177	0.00781	0.00201	0.04069	0.00499	0.00404	0.00823
13	0.01385	0.01233	0.01627	0.01162	0.01756	0.00960	0.08025	0.01705	0.01385	0.02141	0.01187	0.01408	0.00978	0.00495	0.00518	0.00110	0.00552	0.00430	0.00384	0.72559
14	0.01479	0.01375	0.01417	0.01050	0.01610	0.08514	0.00831	0.01759	0.01417	0.02090	0.01154	0.01347	0.00962	0.00507	0.00499	0.00105	0.00560	0.00394	0.00385	0.72546
15	0.01495	0.01243	0.05428	0.01237	0.03328	0.01191	0.03591	0.23519	0.01751	0.02361	0.02033	0.13293	0.02081	0.32437	0.01801	0.00391	0.00671	0.00925	0.00501	0.00719
16	0.01541	0.05675	0.01773	0.01410	0.01712	0.09311	0.08218	0.13913	0.04914	0.02115	0.01587	0.02107	0.01375	0.05224	0.33488	0.00595	0.03211	0.00649	0.00414	0.00766
17	0.00782	0.00651	0.00683	0.00709	0.00900	0.00552	0.00519	0.00940	0.01460	0.01762	0.06155	0.18198	0.60960	0.01734	0.00789	0.00230	0.00342	0.01471	0.00611	0.00552
18	0.01544	0.03792	0.01454	0.01001	0.01577	0.00947	0.00812	0.01830	0.01418	0.09524	0.01310	0.01446	0.01039	0.00524	0.00503	0.00110	0.00503	0.00417	0.00431	0.69819
19	0.00869	0.00651	0.00908	0.08645	0.01332	0.00645	0.00739	0.01048	0.01362	0.01834	0.14346	0.57249	0.04289	0.01802	0.00811	0.00253	0.00422	0.01629	0.00596	0.00569
20	0.01426	0.01328	0.02206	0.13414	0.44971	0.01414	0.01711	0.01784	0.01404	0.01993	0.05318	0.01960	0.01389	0.01293	0.11274	0.00328	0.04910	0.00637	0.00346	0.00892
21	0.02237	0.01825	0.01950	0.01515	0.02027	0.07590	0.04763	0.47355	0.09101	0.03479	0.01578	0.01616	0.01158	0.00744	0.00641	0.00187	0.00735	0.00579	0.00586	0.10335
22	0.00819	0.00651	0.00740	0.00788	0.00953	0.00573	0.00585	0.00995	0.01467	0.01831	0.10279	0.24003	0.44685	0.01757	0.00805	0.00240	0.00368	0.07282	0.00619	0.00559
23	0.01835	0.17557	0.23700	0.01548	0.02122	0.13433	0.01561	0.13151	0.01703	0.05104	0.01237	0.01433	0.00969	0.00959	0.05207	0.00245	0.06465	0.00494	0.00377	0.00901
24	0.16500	0.25108	0.08814	0.07075	0.02027	0.17496	0.01249	0.03967	0.04675	0.05886	0.01170	0.01313	0.00925	0.00644	0.00524	0.00180	0.00795	0.00440	0.00374	0.00837
25	0.01323	0.01286	0.02009	0.67754	0.08283	0.04919	0.01813	0.01746	0.01353	0.01705	0.01167	0.01721	0.00886	0.00655	0.00655	0.00216	0.00887	0.00578	0.00297	0.00750
26	0.00942	0.00700	0.01031	0.01031	0.01139	0.00808	0.00789	0.01158	0.01050	0.01508	0.01788	0.02725	0.01706	0.10714	0.68561	0.01024	0.01673	0.00726	0.00356	0.00573
27	0.01614	0.01644	0.05717	0.02042	0.09993	0.09237	0.24491	0.04692	0.05227	0.06944	0.02226	0.08312	0.08866	0.04933	0.00861	0.00237	0.00828	0.00848	0.00448	0.00839
28	0.00831	0.00620	0.00775	0.00860	0.00966	0.00565	0.00611	0.00998	0.01425	0.01869	0.15119	0.45174	0.20513	0.01845	0.00819	0.00249	0.00371	0.05203	0.00629	0.00557
29	0.00925	0.00761	0.00964	0.01136	0.08449	0.00691	0.00755	0.01146	0.01525	0.01951	0.14774	0.14137	0.39312	0.01574	0.00788	0.00232	0.00415	0.09247	0.00597	0.00619
30	0.01442	0.02459	0.34869	0.05779	0.09632	0.01585	0.30489	0.02071	0.01465	0.02083	0.01248	0.01588	0.00924	0.00594	0.00692	0.00213	0.01008	0.00620	0.00306	0.00933
31	0.01551	0.03046	0.53972	0.02094	0.11367	0.09076	0.02194	0.02184	0.01475	0.05271	0.01236	0.01437	0.00897	0.00635	0.00627	0.00203	0.00953	0.00500	0.00315	0.00966
32	0.00800	0.00581	0.00756	0.00895	0.00949	0.00537	0.00602	0.00919	0.01281	0.01689	0.03889	0.70418	0.10202	0.02029	0.00835	0.00263	0.00378	0.01830	0.00611	0.00537
33	0.81514	0.01273	0.00968	0.00866	0.01273	0.01477	0.00713	0.01935	0.01120	0.02954	0.00917	0.01069	0.00713	0.00611	0.00407	0.00204	0.00509	0.00356	0.00407	0.00713
34	0.02228	0.02340	0.01958	0.02034	0.14945	0.39517	0.01365	0.06460	0.08710	0.08642	0.01394	0.01526	0.01087	0.00723	0.00693	0.00190	0.04341	0.00524	0.00430	0.00894
35	0.81514	0.01273	0.00968	0.00866	0.01273	0.01477	0.00713	0.01935	0.01120	0.02954	0.00917	0.01069	0.00713	0.00611	0.00407	0.00204	0.00509	0.00356	0.00407	0.00713
36	0.02503	0.01844	0.01976	0.01515	0.02042	0.02042	0.01251	0.70562	0.03095	0.04149	0.01581	0.01581	0.01120	0.00790	0.00659	0.00198	0.00724	0.00593	0.00659	0.01120
37	0.00957	0.00638	0.00718	0.00718	0.00718	0.00638	0.00399	0.00957	0.00957	0.01276	0.02074	0.04308	0.02393	0.76864	0.03351	0.00638	0.00638	0.00957	0.00399	0.00399
38	0.81514	0.01273	0.00968	0.00866	0.01273	0.01477	0.00713	0.01935	0.01120	0.02954	0.00917	0.01069	0.00713	0.00611	0.00407	0.00204	0.00509	0.00356	0.00407	0.00713
39	0.02107	0.01525	0.01621	0.01303	0.01729	0.01686	0.01057	0.45982	0.13390	0.03585	0.01868	0.01896	0.01374	0.00802	0.00620	0.00193	0.00607	0.00621	0.17033	0.01004
40	0.00932	0.00673	0.00880	0.00828	0.00984	0.00621	0.00621	0.01242	0.01863	0.02640	0.72410	0.04918	0.06212	0.01346	0.00776	0.00207	0.00311	0.01191	0.00725	0.00621
41	0.01831	0.01463	0.01556	0.01333	0.01737	0.01647	0.01055	0.20286	0.47554	0.04870	0.02677	0.02499	0.06676	0.00919	0.00674	0.00216	0.00560	0.00749	0.00667	0.01030
42	0.00811	0.00577	0.00761	0.00905	0.00941	0.00541	0.00599	0.00919	0.01243	0.01658	0.03540	0.72346	0.04243	0.06302	0.00983	0.00288	0.00396	0.01820	0.00599	0.00527
43	0.02930	0.01159	0.01552	0.01190	0.01700	0.01025	0.00983	0.06807	0.01949	0.69523	0.02543	0.02205	0.01602	0.00813	0.00662	0.00203	0.00569	0.00658	0.00806	0.01120
44	0.01573	0.01678	0.08244	0.09749	0.61565	0.01553	0.02037	0.01998	0.01475	0.02107	0.01228	0.01621	0.01013	0.00596	0.00650	0.00199	0.00805	0.00578	0.00319	0.01012
45	0.02437	0.01161	0.01626	0.01366	0.04646	0.01078	0.04595	0.04814	0.07365	0.49447	0.03971	0.02560	0.04499	0.01064	0.04171	0.00250	0.00644	0.02563	0.00716	0.01028
46	0.01475	0.01521	0.02480	0.02471	0.20884	0.06488	0.23003	0.01887	0.04358	0.01982	0.01936	0.12115	0.05259	0.00938	0.00876	0.00226	0.08258	0.02606	0.00400	0.00838
47	0.01099	0.00738	0.00998	0.00927	0.01045	0.00746	0.03302	0.01232	0.01158	0.06431	0.06069	0.03756	0.07107	0.39275	0.22641	0.00658	0.00928	0.00902	0.00444	0.00543
48	0.07286	0.37542	0.15033	0.01340	0.01928	0.13347	0.01330	0.06017	0.01517	0.01943	0.01035	0.01189	0.00860	0.00603	0.00502	0.00161	0.00798	0.00404	0.00328	0.06835
49	0.01137	0.04398	0.01037	0.00935	0.01139	0.00820	0.00716	0.04206	0.05144	0.06669	0.07448	0.26195	0.24167	0.04533	0.00876	0.00254	0.00447	0.08617	0.00611	0.00652
50	0.07139	0.07724	0.04701	0.01499	0.06679	0.10102	0.01156	0.14533	0.06680	0.06355	0.01874	0.11785	0.03453	0.00965	0.00789	0.00210	0.08479	0.00740	0.04285	0.00852

[dist]
# distance from previous block
# <min> <max>
2	39

[block]
# block no. 1 follows, 33 sequences, length 11
# corresponding to MSA columns:
# 134-144
name=unknown_B
#
# <colnr> <probs for GDERKNQSTAVLIFYWHMCP>
#	G	D	E	R	K	N	Q	S	T	A	V	L	I	F	Y	W	H	M	C	P
0	0.04663	0.06206	0.01875	0.01711	0.11970	0.08100	0.07306	0.07750	0.01537	0.02105	0.05722	0.10704	0.01816	0.09094	0.01039	0.00243	0.05916	0.00765	0.00428	0.11050
1	0.06344	0.08127	0.01825	0.08250	0.04661	0.08435	0.08542	0.01814	0.05540	0.01952	0.02056	0.06867	0.02032	0.04332	0.00891	0.00251	0.04399	0.19995	0.02959	0.00727
2	0.01277	0.01162	0.01394	0.01641	0.15204	0.08883	0.01034	0.01605	0.05439	0.01806	0.04626	0.04545	0.07518	0.10390	0.25506	0.00536	0.01042	0.03053	0.02638	0.00701
3	0.01464	0.05961	0.06389	0.32336	0.15355	0.07739	0.01583	0.01845	0.01402	0.01885	0.01250	0.01661	0.00993	0.00657	0.00652	0.00193	0.03238	0.00542	0.08974	0.05882
4	0.16066	0.05825	0.06283	0.07595	0.06193	0.25964	0.01294	0.02031	0.01459	0.01940	0.01323	0.06070	0.01230	0.00854	0.00766	0.00209	0.08940	0.04833	0.00367	0.00758
5	0.01726	0.01600	0.01529	0.01378	0.01747	0.09479	0.01067	0.03404	0.64038	0.02630	0.02500	0.02319	0.01884	0.00870	0.00662	0.00217	0.00593	0.00710	0.00634	0.01012
6	0.00839	0.00599	0.00806	0.00959	0.01013	0.00566	0.00675	0.00980	0.01297	0.01722	0.03608	0.66645	0.04274	0.02028	0.00850	0.00272	0.00414	0.11298	0.00610	0.00545
7	0.00939	0.00679	0.00916	0.01056	0.01169	0.00656	0.00844	0.01159	0.01416	0.01844	0.03791	0.33907	0.09404	0.01901	0.00872	0.00283	0.00498	0.37484	0.00608	0.00575
8	0.01772	0.35632	0.09313	0.01375	0.01824	0.21181	0.01267	0.02024	0.01425	0.01616	0.01081	0.01355	0.00956	0.01234	0.10710	0.00289	0.05401	0.00446	0.00307	0.00793
9	0.01599	0.07364	0.07053	0.02177	0.02781	0.09415	0.42112	0.02047	0.01526	0.02001	0.01328	0.04514	0.01091	0.00623	0.00687	0.00195	0.00970	0.00683	0.00345	0.11489
10	0.02029	0.06056	0.03690	0.05881	0.06514	0.06469	0.03844	0.25360	0.06741	0.10992	0.01883	0.01934	0.05046	0.00765	0.00631	0.00188	0.00703	0.00614	0.02500	0.08158

[dist]
# distance from previous block
# <min> <max>
1	7

[block]
# block no. 2 follows, 33 sequences, length 129
# corresponding to MSA columns:
# 152-280
name=unknown_C
#
# <colnr> <probs for GDERKNQSTAVLIFYWHMCP>
#	G	D	E	R	K	N	Q	S	T	A	V	L	I	F	Y	W	H	M	C	P
0	0.10672	0.09516	0.26503	0.09103	0.05048	0.03604	0.01589	0.11791	0.01587	0.02330	0.01332	0.05196	0.01113	0.03522	0.00694	0.00213	0.00784	0.00567	0.00379	0.04455
1	0.01507	0.01953	0.14768	0.01883	0.04792	0.10741	0.14016	0.01855	0.01320	0.01799	0.01187	0.01703	0.01035	0.05085	0.07022	0.00313	0.23364	0.00599	0.00318	0.04739
2	0.05711	0.13315	0.38507	0.01903	0.02669	0.07640	0.17160	0.02111	0.01444	0.02021	0.01150	0.01395	0.00867	0.00605	0.00617	0.00199	0.00959	0.00520	0.00302	0.00905
3	0.02384	0.03027	0.01812	0.01650	0.01984	0.70927	0.01237	0.02553	0.01849	0.01619	0.01270	0.01417	0.04052	0.00723	0.00602	0.00172	0.01149	0.00467	0.00351	0.00754
4	0.01280	0.00863	0.01162	0.01156	0.04662	0.00933	0.00801	0.07817	0.01277	0.05199	0.03899	0.02757	0.01764	0.20410	0.25239	0.15171	0.03872	0.00732	0.00411	0.00593
5	0.01322	0.01370	0.01202	0.03280	0.01432	0.19133	0.00907	0.01519	0.01499	0.01724	0.05158	0.04205	0.27471	0.03657	0.08868	0.00325	0.06304	0.09512	0.00479	0.00632
6	0.06436	0.01968	0.01560	0.01382	0.01733	0.28659	0.01069	0.10052	0.19450	0.06525	0.01726	0.01807	0.01332	0.01090	0.06385	0.00259	0.00876	0.00569	0.06258	0.00866
7	0.01608	0.01558	0.02704	0.07160	0.66090	0.01565	0.05578	0.02010	0.01494	0.02128	0.01240	0.01643	0.01033	0.00588	0.00659	0.00198	0.00803	0.00596	0.00325	0.01021
8	0.01734	0.01695	0.04145	0.07482	0.16674	0.08996	0.12497	0.14870	0.09779	0.02434	0.01678	0.05504	0.01415	0.01002	0.04317	0.00253	0.00870	0.03288	0.00451	0.00916
9	0.01546	0.01646	0.03300	0.10618	0.25757	0.01612	0.41442	0.02037	0.01512	0.02078	0.01285	0.01727	0.01001	0.00576	0.00725	0.00213	0.00981	0.00696	0.00327	0.00921
10	0.60409	0.01516	0.01255	0.07696	0.05183	0.10757	0.00947	0.02005	0.01251	0.02631	0.00968	0.01173	0.00761	0.00623	0.00465	0.00200	0.00642	0.00397	0.00385	0.00737
11	0.00831	0.00623	0.00780	0.00846	0.00956	0.00572	0.00597	0.01006	0.01437	0.01904	0.19143	0.41131	0.20495	0.01951	0.04284	0.00281	0.00421	0.01557	0.00624	0.00561
12	0.00915	0.00660	0.00865	0.00840	0.00980	0.00610	0.00620	0.01199	0.01784	0.02513	0.63305	0.14384	0.05966	0.01441	0.00785	0.00215	0.00320	0.01281	0.00710	0.00610
13	0.02954	0.01120	0.01528	0.01171	0.01681	0.00968	0.00968	0.03208	0.01884	0.73213	0.02597	0.02241	0.01630	0.00815	0.00662	0.00204	0.00560	0.00662	0.00815	0.01120
14	0.00778	0.00667	0.00667	0.00667	0.00889	0.00556	0.00500	0.00945	0.01501	0.01778	0.06669	0.06336	0.72490	0.01667	0.00778	0.00222	0.00333	0.01389	0.00611	0.00556
15	0.01629	0.01564	0.02672	0.04041	0.72757	0.01564	0.02020	0.02020	0.01499	0.02151	0.01238	0.01629	0.01043	0.00587	0.00652	0.00196	0.00782	0.00587	0.00326	0.01043
16	0.01637	0.01414	0.01489	0.01340	0.01712	0.01637	0.01042	0.03498	0.71568	0.02754	0.02679	0.02456	0.02010	0.00893	0.00670	0.00223	0.00521	0.00744	0.00670	0.01042
17	0.01061	0.00758	0.01061	0.01212	0.01364	0.00758	0.01061	0.01364	0.01515	0.01970	0.03486	0.07426	0.03789	0.01819	0.00909	0.00303	0.00606	0.68326	0.00606	0.00606
18	0.00980	0.00709	0.00961	0.01091	0.01225	0.00690	0.00904	0.01234	0.01480	0.01929	0.07164	0.21221	0.09423	0.01833	0.00878	0.00285	0.00525	0.46267	0.00613	0.00588
19	0.01815	0.01632	0.01551	0.01383	0.01760	0.10752	0.01074	0.05240	0.58220	0.05359	0.02437	0.02264	0.01824	0.00860	0.00660	0.00215	0.00612	0.00697	0.00634	0.01012
20	0.01422	0.01343	0.02225	0.42160	0.31775	0.01514	0.01858	0.01928	0.05662	0.01936	0.01289	0.01747	0.01013	0.00644	0.00656	0.00210	0.00818	0.00595	0.00329	0.00875
21	0.00802	0.00573	0.00764	0.00917	0.00955	0.00535	0.00611	0.00917	0.01260	0.01681	0.03628	0.76434	0.04354	0.02062	0.00840	0.00267	0.00382	0.01872	0.00611	0.00535
22	0.01721	0.04478	0.01743	0.01401	0.05225	0.09607	0.01073	0.14433	0.01695	0.02347	0.01205	0.01432	0.00994	0.00787	0.03027	0.00182	0.09239	0.00470	0.00414	0.38524
23	0.01725	0.01511	0.01513	0.01357	0.01731	0.06033	0.01054	0.03437	0.65365	0.04670	0.02576	0.02373	0.01928	0.00878	0.00665	0.00219	0.00563	0.00722	0.00654	0.01027
24	0.00802	0.00573	0.00764	0.00917	0.00955	0.00535	0.00611	0.00917	0.01260	0.01681	0.03628	0.76434	0.04354	0.02062	0.00840	0.00267	0.00382	0.01872	0.00611	0.00535
25	0.01805	0.01982	0.02184	0.01825	0.02029	0.22347	0.09236	0.06134	0.01439	0.01808	0.01004	0.01416	0.00890	0.00928	0.01469	0.00242	0.41597	0.00557	0.00330	0.00776
26	0.01659	0.62689	0.14378	0.01242	0.01852	0.02367	0.01320	0.01959	0.01335	0.01632	0.00990	0.01167	0.00874	0.00741	0.03294	0.00187	0.00787	0.00387	0.00284	0.00855
27	0.00940	0.00705	0.01058	0.01058	0.01176	0.00823	0.00823	0.01176	0.01058	0.01528	0.01763	0.02586	0.01646	0.04937	0.74255	0.01058	0.01763	0.00705	0.00353	0.00588
28	0.01728	0.01552	0.01638	0.01607	0.07983	0.06064	0.01152	0.06488	0.57940	0.02697	0.02400	0.02265	0.01812	0.00848	0.00663	0.00216	0.00594	0.00704	0.00619	0.01029
29	0.01304	0.01232	0.02084	0.64066	0.15274	0.01479	0.01859	0.01735	0.01345	0.01756	0.01181	0.01735	0.00904	0.00647	0.00657	0.00216	0.00863	0.00585	0.00298	0.00780
30	0.00915	0.00672	0.00857	0.00811	0.00973	0.00614	0.00608	0.01210	0.01824	0.02547	0.65302	0.05071	0.13377	0.01381	0.00777	0.00209	0.00313	0.01212	0.00712	0.00614
31	0.01309	0.01205	0.01975	0.71433	0.04404	0.01493	0.01798	0.05276	0.01409	0.01811	0.01192	0.01746	0.00890	0.00665	0.00658	0.00218	0.00870	0.00585	0.00312	0.00752
32	0.01320	0.03405	0.73453	0.01876	0.02849	0.01529	0.02432	0.02085	0.01390	0.02085	0.01181	0.01390	0.00834	0.00625	0.00625	0.00208	0.00973	0.00486	0.00278	0.00973
33	0.00821	0.00669	0.00726	0.00712	0.00916	0.00574	0.00534	0.01028	0.01602	0.02019	0.25019	0.05940	0.53990	0.01578	0.00778	0.00218	0.00327	0.01334	0.00643	0.00574
34	0.01629	0.01564	0.02672	0.04041	0.72757	0.01564	0.02020	0.02020	0.01499	0.02151	0.01238	0.01629	0.01043	0.00587	0.00652	0.00196	0.00782	0.00587	0.00326	0.01043
35	0.00957	0.00638	0.00718	0.00718	0.00718	0.00638	0.00399	0.00957	0.00957	0.01276	0.02074	0.04308	0.02393	0.76864	0.03351	0.00638	0.00638	0.00957	0.00399	0.00399
36	0.00778	0.00667	0.00667	0.00667	0.00889	0.00556	0.00500	0.00945	0.01501	0.01778	0.06669	0.06336	0.72490	0.01667	0.00778	0.00222	0.00333	0.01389	0.00611	0.00556
37	0.00824	0.00586	0.00776	0.00919	0.00961	0.00552	0.00620	0.00941	0.01255	0.01670	0.03527	0.68645	0.04207	0.06600	0.00996	0.00292	0.00409	0.05093	0.00598	0.00530
38	0.02296	0.01589	0.02277	0.05545	0.09347	0.01627	0.13789	0.31036	0.02266	0.20831	0.01737	0.01795	0.01206	0.00727	0.00680	0.00204	0.00766	0.00642	0.00588	0.01051
39	0.00865	0.00684	0.00793	0.00842	0.01026	0.00612	0.00665	0.01073	0.01509	0.01877	0.09834	0.12124	0.44573	0.01718	0.00818	0.00246	0.00408	0.19144	0.00617	0.00572
40	0.01498	0.01203	0.01401	0.01021	0.01591	0.00959	0.00818	0.04359	0.04594	0.05751	0.01323	0.01465	0.01059	0.00533	0.00511	0.00112	0.00501	0.00427	0.00433	0.70441
41	0.02685	0.01276	0.01596	0.01237	0.01741	0.01210	0.01015	0.15137	0.07883	0.51550	0.02353	0.02098	0.01538	0.00801	0.00653	0.00199	0.00583	0.00643	0.00754	0.05047
42	0.02060	0.02208	0.01947	0.01674	0.01914	0.31335	0.01335	0.15400	0.01761	0.02093	0.01066	0.01365	0.00907	0.00890	0.01233	0.00222	0.30876	0.00518	0.00381	0.00815
43	0.01831	0.08352	0.02494	0.08978	0.48429	0.03265	0.01747	0.02183	0.01537	0.12830	0.01405	0.01670	0.01096	0.00627	0.00632	0.00193	0.00758	0.00573	0.00394	0.01005
44	0.01583	0.01692	0.01846	0.01624	0.01713	0.17067	0.01315	0.01745	0.01196	0.01582	0.01027	0.01553	0.00974	0.01601	0.12272	0.00375	0.49254	0.00563	0.00308	0.00710
45	0.00801	0.00578	0.00759	0.00904	0.00951	0.00536	0.00605	0.00918	0.01273	0.01686	0.03787	0.72777	0.07909	0.02042	0.00837	0.00265	0.00379	0.01846	0.00611	0.00536
46	0.00833	0.00662	0.00748	0.00742	0.00927	0.00577	0.00550	0.01045	0.01607	0.02068	0.29070	0.11251	0.44417	0.01587	0.00782	0.00221	0.00329	0.01358	0.00650	0.00577
47	0.01557	0.01738	0.03642	0.02632	0.03255	0.01673	0.62930	0.02203	0.07032	0.02144	0.01424	0.01819	0.01074	0.00599	0.00809	0.00224	0.03223	0.00769	0.00358	0.00895
48	0.00798	0.00670	0.00695	0.00696	0.00911	0.00567	0.00526	0.00979	0.01527	0.01847	0.11323	0.06267	0.65546	0.01649	0.00782	0.00224	0.00340	0.03471	0.00619	0.00562
49	0.00954	0.00653	0.00795	0.00795	0.00821	0.00680	0.00495	0.01007	0.00980	0.01333	0.02004	0.03920	0.02225	0.60635	0.19349	0.00733	0.00892	0.00900	0.00388	0.00442
50	0.01320	0.03405	0.73453	0.01876	0.02849	0.01529	0.02432	0.02085	0.01390	0.02085	0.01181	0.01390	0.00834	0.00625	0.00625	0.00208	0.00973	0.00486	0.00278	0.00973
51	0.00867	0.00664	0.00805	0.00862	0.01015	0.00602	0.00659	0.01073	0.01511	0.01944	0.16814	0.22764	0.31286	0.01734	0.00818	0.00246	0.00395	0.14739	0.00630	0.00572
52	0.00957	0.00638	0.00718	0.00718	0.00718	0.00638	0.00399	0.00957	0.00957	0.01276	0.02074	0.04308	0.02393	0.76864	0.03351	0.00638	0.00638	0.00957	0.00399	0.00399
53	0.00876	0.00682	0.00736	0.00715	0.00933	0.00582	0.00539	0.01075	0.01585	0.04177	0.19632	0.05926	0.57084	0.01577	0.00774	0.00219	0.00336	0.01327	0.00640	0.00586
54	0.01760	0.77260	0.03450	0.01126	0.01690	0.02605	0.01126	0.01971	0.01338	0.01549	0.00915	0.01056	0.00845	0.00563	0.00422	0.00141	0.00704	0.00352	0.00282	0.00845
55	0.02111	0.30384	0.02445	0.01391	0.01869	0.19114	0.01185	0.20977	0.10258	0.02414	0.01329	0.01395	0.01058	0.00691	0.00556	0.00173	0.00801	0.00481	0.00444	0.00924
56	0.01586	0.01636	0.13039	0.07406	0.08846	0.01404	0.03123	0.18622	0.09982	0.04617	0.02704	0.07160	0.15064	0.00987	0.00691	0.00214	0.00667	0.00830	0.00523	0.00900
57	0.02058	0.04779	0.04490	0.01621	0.04995	0.46705	0.01214	0.02255	0.01684	0.05610	0.01586	0.14888	0.01534	0.00939	0.00681	0.00194	0.02884	0.00710	0.00409	0.00764
58	0.01040	0.00826	0.00968	0.00958	0.01041	0.05211	0.00677	0.01175	0.01066	0.01430	0.01845	0.03204	0.01903	0.34054	0.40817	0.00833	0.01269	0.00791	0.00371	0.00521
59	0.01585	0.01778	0.03441	0.02647	0.07339	0.05142	0.52832	0.02051	0.01485	0.02011	0.01243	0.01690	0.00975	0.00650	0.00964	0.00228	0.12028	0.00719	0.00326	0.00867
60	0.00802	0.00573	0.00764	0.00917	0.00955	0.00535	0.00611	0.00917	0.01260	0.01681	0.03628	0.76434	0.04354	0.02062	0.00840	0.00267	0.00382	0.01872	0.00611	0.00535
61	0.01440	0.01440	0.02016	0.01728	0.01728	0.02016	0.01440	0.01584	0.01008	0.01584	0.00864	0.01440	0.00864	0.01152	0.02160	0.00288	0.75659	0.00576	0.00288	0.00720
62	0.00778	0.00667	0.00667	0.00667	0.00889	0.00556	0.00500	0.00945	0.01501	0.01778	0.06669	0.06336	0.72490	0.01667	0.00778	0.00222	0.00333	0.01389	0.00611	0.00556
63	0.01016	0.00693	0.00901	0.00838	0.01011	0.00634	0.00632	0.01319	0.01851	0.05764	0.66863	0.04850	0.08452	0.01334	0.00771	0.00207	0.00323	0.01174	0.00725	0.00641
64	0.01061	0.00758	0.01061	0.01212	0.01364	0.00758	0.01061	0.01364	0.01515	0.01970	0.03486	0.07426	0.03789	0.01819	0.00909	0.00303	0.00606	0.68326	0.00606	0.00606
65	0.01320	0.03405	0.73453	0.01876	0.02849	0.01529	0.02432	0.02085	0.01390	0.02085	0.01181	0.01390	0.00834	0.00625	0.00625	0.00208	0.00973	0.00486	0.00278	0.00973
66	0.01359	0.00729	0.00812	0.00762	0.00959	0.00739	0.00588	0.05181	0.01469	0.07478	0.02313	0.02594	0.04997	0.01367	0.10277	0.00282	0.00541	0.00665	0.56218	0.00670
67	0.01061	0.00758	0.01061	0.01212	0.01364	0.00758	0.01061	0.01364	0.01515	0.01970	0.03486	0.07426	0.03789	0.01819	0.00909	0.00303	0.00606	0.68326	0.00606	0.00606
68	0.01320	0.03405	0.73453	0.01876	0.02849	0.01529	0.02432	0.02085	0.01390	0.02085	0.01181	0.01390	0.00834	0.00625	0.00625	0.00208	0.00973	0.00486	0.00278	0.00973
69	0.01554	0.01776	0.03885	0.02775	0.03441	0.01665	0.70366	0.02109	0.01554	0.02109	0.01332	0.01776	0.00999	0.00555	0.00777	0.00222	0.01110	0.00777	0.00333	0.00888
70	0.02459	0.03138	0.01866	0.01696	0.02035	0.74221	0.01272	0.02629	0.01866	0.01611	0.01018	0.01187	0.00848	0.00678	0.00594	0.00170	0.01187	0.00424	0.00339	0.00763
71	0.00798	0.00590	0.00746	0.00871	0.00943	0.00539	0.00591	0.00922	0.01304	0.01698	0.04179	0.63752	0.16681	0.01991	0.00829	0.00259	0.00373	0.01784	0.00611	0.00539
72	0.00940	0.00705	0.01058	0.01058	0.01176	0.00823	0.00823	0.01176	0.01058	0.01528	0.01763	0.02586	0.01646	0.04937	0.74255	0.01058	0.01763	0.00705	0.00353	0.00588
73	0.01554	0.01776	0.03885	0.02775	0.03441	0.01665	0.70366	0.02109	0.01554	0.02109	0.01332	0.01776	0.00999	0.00555	0.00777	0.00222	0.01110	0.00777	0.00333	0.00888
74	0.01003	0.00749	0.01105	0.01195	0.01336	0.00732	0.04319	0.01259	0.01437	0.01885	0.03425	0.28982	0.03831	0.01834	0.00881	0.00288	0.00560	0.43986	0.00594	0.00597
75	0.01036	0.00750	0.01026	0.01164	0.01322	0.00740	0.01011	0.01327	0.01514	0.01953	0.03770	0.07329	0.09916	0.01805	0.00898	0.00296	0.00582	0.62356	0.00607	0.00602
76	0.01485	0.01473	0.02184	0.34751	0.32488	0.07883	0.01787	0.01861	0.01438	0.01871	0.01330	0.06055	0.01149	0.00713	0.00661	0.00208	0.00836	0.00647	0.00329	0.00852
77	0.01732	0.01593	0.01852	0.04872	0.01851	0.13304	0.03335	0.01933	0.01304	0.09046	0.01226	0.01610	0.01029	0.00962	0.01473	0.00242	0.42734	0.00571	0.08571	0.00763
78	0.01243	0.01170	0.01975	0.75282	0.04534	0.01463	0.01828	0.01682	0.01316	0.01682	0.01170	0.01755	0.00878	0.00658	0.00658	0.00219	0.00878	0.00585	0.00293	0.00731
79	0.01466	0.01441	0.02236	0.43398	0.30630	0.05927	0.01868	0.01870	0.01420	0.01858	0.01187	0.01672	0.00939	0.00632	0.00652	0.00207	0.00860	0.00576	0.00308	0.00853
80	0.01366	0.01306	0.02145	0.46654	0.20061	0.01576	0.01810	0.01745	0.01309	0.01776	0.01136	0.01675	0.00914	0.00722	0.00901	0.00225	0.12993	0.00584	0.00300	0.00802
81	0.01285	0.01184	0.01980	0.63540	0.11851	0.01430	0.01778	0.01712	0.01340	0.01774	0.01229	0.01778	0.00938	0.00656	0.00647	0.00213	0.00837	0.00587	0.04482	0.00759
82	0.00927	0.00691	0.00873	0.00829	0.00999	0.00631	0.00616	0.01192	0.01681	0.02341	0.50179	0.09126	0.13782	0.04361	0.04695	0.00268	0.00414	0.01184	0.00656	0.04556
83	0.00957	0.00638	0.00718	0.00718	0.00718	0.00638	0.00399	0.00957	0.00957	0.01276	0.02074	0.04308	0.02393	0.76864	0.03351	0.00638	0.00638	0.00957	0.00399	0.00399
84	0.02425	0.01769	0.01893	0.01460	0.01964	0.01955	0.01203	0.66364	0.02991	0.04046	0.01615	0.01634	0.01154	0.00789	0.00647	0.00195	0.00699	0.00594	0.05515	0.01089
85	0.00800	0.00641	0.00732	0.00779	0.00935	0.00573	0.00563	0.00956	0.01386	0.01726	0.05286	0.27967	0.44926	0.02078	0.07247	0.00310	0.00474	0.01480	0.00589	0.00552
86	0.01365	0.01170	0.01365	0.00975	0.01560	0.00878	0.00780	0.01658	0.01365	0.02145	0.01170	0.01365	0.00975	0.00488	0.00488	0.00098	0.00488	0.00390	0.00390	0.80888
87	0.02301	0.01744	0.01862	0.01474	0.01965	0.01947	0.01202	0.54930	0.19056	0.03824	0.01837	0.01785	0.01327	0.00814	0.00661	0.00204	0.00677	0.00628	0.00661	0.01101
88	0.00802	0.00573	0.00764	0.00917	0.00955	0.00535	0.00611	0.00917	0.01260	0.01681	0.03628	0.76434	0.04354	0.02062	0.00840	0.00267	0.00382	0.01872	0.00611	0.00535
89	0.01549	0.01482	0.02527	0.18908	0.58520	0.01543	0.01980	0.01950	0.01461	0.02053	0.01224	0.01656	0.01008	0.00602	0.00653	0.00201	0.00802	0.00586	0.00319	0.00978
90	0.02503	0.01844	0.01976	0.01515	0.02042	0.02042	0.01251	0.70562	0.03095	0.04149	0.01581	0.01581	0.01120	0.00790	0.00659	0.00198	0.00724	0.00593	0.00659	0.01120
91	0.00787	0.00667	0.00679	0.00676	0.00895	0.00560	0.00507	0.00962	0.01522	0.01829	0.10493	0.06253	0.68635	0.01649	0.00778	0.00221	0.00332	0.01378	0.00618	0.00560
92	0.00802	0.00573	0.00764	0.00917	0.00955	0.00535	0.00611	0.00917	0.01260	0.01681	0.03628	0.76434	0.04354	0.02062	0.00840	0.00267	0.00382	0.01872	0.00611	0.00535
93	0.02545	0.01390	0.01643	0.01283	0.01752	0.01411	0.01041	0.30216	0.06029	0.35939	0.02150	0.02148	0.01504	0.06777	0.00872	0.00236	0.00630	0.00662	0.00711	0.01059
94	0.01554	0.01776	0.03885	0.02775	0.03441	0.01665	0.70366	0.02109	0.01554	0.02109	0.01332	0.01776	0.00999	0.00555	0.00777	0.00222	0.01110	0.00777	0.00333	0.00888
95	0.00793	0.00653	0.00698	0.00717	0.00906	0.00558	0.00526	0.00963	0.01492	0.01829	0.11205	0.16875	0.57102	0.01703	0.00787	0.00228	0.00339	0.01448	0.00620	0.00558
96	0.00802	0.00573	0.00764	0.00917	0.00955	0.00535	0.00611	0.00917	0.01260	0.01681	0.03628	0.76434	0.04354	0.02062	0.00840	0.00267	0.00382	0.01872	0.00611	0.00535
97	0.02795	0.01358	0.05354	0.01264	0.01800	0.01172	0.01090	0.14146	0.02056	0.58227	0.02357	0.02089	0.01505	0.00801	0.00660	0.00203	0.00609	0.00642	0.00761	0.01113
98	0.81514	0.01273	0.00968	0.00866	0.01273	0.01477	0.00713	0.01935	0.01120	0.02954	0.00917	0.01069	0.00713	0.00611	0.00407	0.00204	0.00509	0.00356	0.00407	0.00713
99	0.00788	0.00643	0.00698	0.00735	0.00909	0.00552	0.00532	0.00946	0.01449	0.01777	0.07661	0.24269	0.53236	0.01760	0.00794	0.00233	0.00345	0.01508	0.00614	0.00552
100	0.01449	0.01400	0.02261	0.33055	0.36939	0.03204	0.01840	0.01835	0.01409	0.01904	0.01387	0.01835	0.03598	0.00686	0.00731	0.00210	0.04452	0.00611	0.00321	0.00874
101	0.01417	0.01402	0.01955	0.01681	0.01681	0.01951	0.01391	0.01555	0.01006	0.01570	0.00921	0.01576	0.00937	0.04733	0.02217	0.00305	0.72110	0.00594	0.00293	0.00705
102	0.00778	0.00667	0.00667	0.00667	0.00889	0.00556	0.00500	0.00945	0.01501	0.01778	0.06669	0.06336	0.72490	0.01667	0.00778	0.00222	0.00333	0.01389	0.00611	0.00556
103	0.01440	0.01440	0.02016	0.01728	0.01728	0.02016	0.01440	0.01584	0.01008	0.01584	0.00864	0.01440	0.00864	0.01152	0.02160	0.00288	0.75659	0.00576	0.00288	0.00720
104	0.01987	0.17717	0.18682	0.04452	0.02340	0.08926	0.07840	0.18391	0.01891	0.09689	0.01363	0.01483	0.01003	0.00671	0.00607	0.00189	0.00847	0.00526	0.00435	0.00959
105	0.01516	0.01664	0.06433	0.01800	0.02027	0.07197	0.12463	0.04987	0.01286	0.01809	0.01125	0.01666	0.01012	0.03217	0.09004	0.00346	0.40747	0.00615	0.00325	0.00763
106	0.05220	0.19539	0.02184	0.01539	0.01930	0.55624	0.01219	0.02457	0.01721	0.01647	0.00991	0.01154	0.00842	0.00650	0.00549	0.00164	0.01055	0.00406	0.00329	0.00779
107	0.00956	0.00642	0.00736	0.00736	0.00742	0.00648	0.00421	0.00969	0.00963	0.01290	0.02058	0.04218	0.02354	0.73111	0.07050	0.00660	0.00697	0.00944	0.00396	0.00409
108	0.00956	0.00645	0.00753	0.00753	0.00765	0.00657	0.00442	0.00980	0.00968	0.01302	0.02042	0.04132	0.02317	0.69496	0.10614	0.00681	0.00753	0.00932	0.00394	0.00418
109	0.01440	0.01440	0.02016	0.01728	0.01728	0.02016	0.01440	0.01584	0.01008	0.01584	0.00864	0.01440	0.00864	0.01152	0.02160	0.00288	0.75659	0.00576	0.00288	0.00720
110	0.01243	0.01170	0.01975	0.75282	0.04534	0.01463	0.01828	0.01682	0.01316	0.01682	0.01170	0.01755	0.00878	0.00658	0.00658	0.00219	0.00878	0.00585	0.00293	0.00731
111	0.01760	0.77260	0.03450	0.01126	0.01690	0.02605	0.01126	0.01971	0.01338	0.01549	0.00915	0.01056	0.00845	0.00563	0.00422	0.00141	0.00704	0.00352	0.00282	0.00845
112	0.00800	0.00633	0.00721	0.00773	0.00922	0.00554	0.00552	0.00960	0.01442	0.01815	0.11122	0.32237	0.41569	0.01787	0.00801	0.00238	0.00350	0.01551	0.00621	0.00554
113	0.01629	0.01564	0.02672	0.04041	0.72757	0.01564	0.02020	0.02020	0.01499	0.02151	0.01238	0.01629	0.01043	0.00587	0.00652	0.00196	0.00782	0.00587	0.00326	0.01043
114	0.01365	0.01170	0.01365	0.00975	0.01560	0.00878	0.00780	0.01658	0.01365	0.02145	0.01170	0.01365	0.00975	0.00488	0.00488	0.00098	0.00488	0.00390	0.00390	0.80888
115	0.01320	0.03405	0.73453	0.01876	0.02849	0.01529	0.02432	0.02085	0.01390	0.02085	0.01181	0.01390	0.00834	0.00625	0.00625	0.00208	0.00973	0.00486	0.00278	0.00973
116	0.02459	0.03138	0.01866	0.01696	0.02035	0.74221	0.01272	0.02629	0.01866	0.01611	0.01018	0.01187	0.00848	0.00678	0.00594	0.00170	0.01187	0.00424	0.00339	0.00763
117	0.00778	0.00667	0.00667	0.00667	0.00889	0.00556	0.00500	0.00945	0.01501	0.01778	0.06669	0.06336	0.72490	0.01667	0.00778	0.00222	0.00333	0.01389	0.00611	0.00556
118	0.00802	0.00573	0.00764	0.00917	0.00955	0.00535	0.00611	0.00917	0.01260	0.01681	0.03628	0.76434	0.04354	0.02062	0.00840	0.00267	0.00382	0.01872	0.00611	0.00535
119	0.00804	0.00668	0.00703	0.00694	0.00905	0.00567	0.00521	0.00995	0.01562	0.01925	0.17816	0.06095	0.61252	0.01613	0.00778	0.00220	0.00330	0.01356	0.00631	0.00567
120	0.02323	0.01755	0.01874	0.01478	0.01973	0.01958	0.01208	0.56613	0.17337	0.03859	0.01809	0.01763	0.01305	0.00812	0.00661	0.00203	0.00682	0.00624	0.00661	0.01103
121	0.01429	0.01210	0.01495	0.01084	0.01660	0.00957	0.04090	0.01815	0.05050	0.04006	0.01293	0.01464	0.01047	0.00520	0.00515	0.00113	0.00521	0.00434	0.00413	0.70883
122	0.02437	0.01662	0.01789	0.01399	0.01891	0.03989	0.01145	0.48882	0.05980	0.16324	0.02108	0.02018	0.05586	0.00849	0.00665	0.00201	0.00676	0.00656	0.00674	0.01071
123	0.01955	0.01961	0.01934	0.01873	0.10422	0.22146	0.04687	0.07901	0.27182	0.04547	0.01744	0.01813	0.01347	0.00789	0.00767	0.00207	0.06682	0.00609	0.00492	0.00939
124	0.01374	0.01301	0.02157	0.41311	0.08974	0.01528	0.09484	0.05294	0.01427	0.01901	0.01500	0.02153	0.03813	0.00809	0.00887	0.00230	0.10753	0.03978	0.00346	0.00780
125	0.00964	0.00733	0.01075	0.01062	0.01165	0.00862	0.00818	0.01177	0.01048	0.01511	0.01747	0.02668	0.01668	0.10313	0.65565	0.00991	0.04981	0.00719	0.00353	0.00579
126	0.00952	0.00660	0.00826	0.00826	0.00864	0.00697	0.00534	0.01027	0.00989	0.01357	0.01975	0.03759	0.02155	0.53946	0.25943	0.00772	0.00997	0.00877	0.00384	0.00459
127	0.01986	0.31651	0.14181	0.01456	0.02026	0.17503	0.01394	0.16308	0.03913	0.02221	0.01170	0.01288	0.00935	0.00654	0.00548	0.00172	0.00849	0.00451	0.00382	0.00911
128	0.01640	0.01566	0.02496	0.03657	0.63231	0.03572	0.01872	0.05037	0.01581	0.02202	0.01578	0.01901	0.05386	0.00664	0.00658	0.00197	0.00764	0.00631	0.00358	0.01009

[dist]
# distance from previous block
# <min> <max>
0	4

[block]
# block no. 3 follows, 33 sequences, length 92
# corresponding to MSA columns:
# 285-376
name=unknown_D
#
# <colnr> <probs for GDERKNQSTAVLIFYWHMCP>
#	G	D	E	R	K	N	Q	S	T	A	V	L	I	F	Y	W	H	M	C	P
0	0.01781	0.23928	0.10718	0.02002	0.11522	0.06837	0.16561	0.02233	0.04995	0.08951	0.01419	0.03720	0.01141	0.00664	0.00613	0.00189	0.00834	0.00590	0.00384	0.00917
1	0.51887	0.06794	0.11259	0.01027	0.01499	0.03868	0.00973	0.01855	0.01246	0.02541	0.01690	0.01788	0.09891	0.00747	0.00492	0.00201	0.00588	0.00508	0.00404	0.00740
2	0.11956	0.01996	0.03805	0.03734	0.08160	0.28802	0.01241	0.01989	0.01416	0.01815	0.01216	0.04596	0.01141	0.06960	0.03514	0.00272	0.15726	0.00576	0.00350	0.00735
3	0.00929	0.00703	0.01029	0.01029	0.01155	0.00803	0.00799	0.01159	0.01090	0.01547	0.02122	0.02861	0.06829	0.04698	0.68879	0.00997	0.01659	0.00755	0.00372	0.00585
4	0.01633	0.01531	0.04889	0.01785	0.08933	0.03270	0.12613	0.04777	0.20354	0.05869	0.01758	0.02004	0.01382	0.00721	0.00692	0.00190	0.03129	0.02863	0.00478	0.21132
5	0.01747	0.74217	0.03392	0.01151	0.01691	0.02581	0.01139	0.01956	0.01324	0.01550	0.00913	0.01071	0.00846	0.00587	0.00492	0.00147	0.03713	0.00361	0.00282	0.00840
6	0.02462	0.03060	0.01872	0.01685	0.02036	0.69893	0.01271	0.06702	0.01939	0.01763	0.01051	0.01211	0.00864	0.00685	0.00597	0.00171	0.01159	0.00434	0.00358	0.00785
7	0.00940	0.00705	0.01058	0.01058	0.01176	0.00823	0.00823	0.01176	0.01058	0.01528	0.01763	0.02586	0.01646	0.04937	0.74255	0.01058	0.01763	0.00705	0.00353	0.00588
8	0.00927	0.00673	0.00874	0.00823	0.00981	0.00619	0.00618	0.01233	0.01853	0.02614	0.70436	0.04960	0.08202	0.01356	0.00777	0.00208	0.00311	0.01197	0.00721	0.00619
9	0.00903	0.00672	0.00840	0.00798	0.00966	0.00609	0.00598	0.01187	0.01795	0.02478	0.60089	0.05183	0.18633	0.01406	0.00777	0.00210	0.00315	0.01228	0.00703	0.00609
10	0.01629	0.01564	0.02672	0.04041	0.72757	0.01564	0.02020	0.02020	0.01499	0.02151	0.01238	0.01629	0.01043	0.00587	0.00652	0.00196	0.00782	0.00587	0.00326	0.01043
11	0.00802	0.00599	0.00746	0.00855	0.00941	0.00543	0.00586	0.00936	0.01340	0.01742	0.07078	0.57350	0.20203	0.01942	0.00823	0.00255	0.00368	0.01733	0.00616	0.00543
12	0.02954	0.01120	0.01528	0.01171	0.01681	0.00968	0.00968	0.03208	0.01884	0.73213	0.02597	0.02241	0.01630	0.00815	0.00662	0.00204	0.00560	0.00662	0.00815	0.01120
13	0.01760	0.77260	0.03450	0.01126	0.01690	0.02605	0.01126	0.01971	0.01338	0.01549	0.00915	0.01056	0.00845	0.00563	0.00422	0.00141	0.00704	0.00352	0.00282	0.00845
14	0.00952	0.00661	0.00834	0.00834	0.00874	0.00701	0.00543	0.01032	0.00992	0.01362	0.01968	0.03722	0.02139	0.52382	0.27485	0.00781	0.01021	0.00872	0.00383	0.00463
15	0.81514	0.01273	0.00968	0.00866	0.01273	0.01477	0.00713	0.01935	0.01120	0.02954	0.00917	0.01069	0.00713	0.00611	0.00407	0.00204	0.00509	0.00356	0.00407	0.00713
16	0.00802	0.00573	0.00764	0.00917	0.00955	0.00535	0.00611	0.00917	0.01260	0.01681	0.03628	0.76434	0.04354	0.02062	0.00840	0.00267	0.00382	0.01872	0.00611	0.00535
17	0.02919	0.01177	0.01563	0.01198	0.01709	0.01051	0.00990	0.08445	0.01978	0.67843	0.02518	0.02189	0.01590	0.00813	0.00662	0.00203	0.00573	0.00657	0.00803	0.01120
18	0.01243	0.01170	0.01975	0.75282	0.04534	0.01463	0.01828	0.01682	0.01316	0.01682	0.01170	0.01755	0.00878	0.00658	0.00658	0.00219	0.00878	0.00585	0.00293	0.00731
19	0.01561	0.06223	0.04150	0.01666	0.01775	0.10832	0.01405	0.01734	0.01146	0.01598	0.00931	0.01431	0.00891	0.01194	0.04697	0.00293	0.56894	0.00547	0.00296	0.00735
20	0.00937	0.00712	0.00867	0.00821	0.01003	0.00662	0.00618	0.01300	0.05560	0.02461	0.54471	0.05090	0.20263	0.01391	0.00771	0.00211	0.00327	0.01209	0.00697	0.00630
21	0.03913	0.04341	0.14915	0.01619	0.02125	0.19942	0.06883	0.09112	0.19298	0.04115	0.01623	0.01731	0.01239	0.00978	0.05049	0.00251	0.00918	0.00579	0.00454	0.00915
22	0.02459	0.03138	0.01866	0.01696	0.02035	0.74221	0.01272	0.02629	0.01866	0.01611	0.01018	0.01187	0.00848	0.00678	0.00594	0.00170	0.01187	0.00424	0.00339	0.00763
23	0.01548	0.01477	0.02498	0.17395	0.57555	0.01523	0.01944	0.01945	0.01460	0.02062	0.01223	0.01645	0.01009	0.00597	0.00648	0.00197	0.00791	0.00580	0.00322	0.03584
24	0.02428	0.02499	0.01960	0.01760	0.06279	0.39522	0.01308	0.31149	0.02361	0.02710	0.01267	0.01379	0.00974	0.00720	0.00624	0.00183	0.00968	0.00505	0.00473	0.00930
25	0.01411	0.01211	0.01386	0.01036	0.01586	0.01006	0.00824	0.01968	0.13184	0.02248	0.01424	0.01549	0.01149	0.00556	0.00518	0.00119	0.00493	0.00450	0.00437	0.67446
26	0.00941	0.00702	0.01041	0.01041	0.01153	0.00814	0.00802	0.01165	0.01053	0.01516	0.01779	0.02672	0.01683	0.08516	0.70727	0.01037	0.01707	0.00718	0.00355	0.00578
27	0.01637	0.01414	0.01489	0.01340	0.01712	0.01637	0.01042	0.03498	0.71568	0.02754	0.02679	0.02456	0.02010	0.00893	0.00670	0.00223	0.00521	0.00744	0.00670	0.01042
28	0.02511	0.01324	0.06765	0.04917	0.01904	0.01101	0.01114	0.02989	0.09375	0.52551	0.02347	0.02126	0.01536	0.00782	0.00650	0.00201	0.00597	0.00638	0.00709	0.05865
29	0.00940	0.00705	0.01058	0.01058	0.01176	0.00823	0.00823	0.01176	0.01058	0.01528	0.01763	0.02586	0.01646	0.04937	0.74255	0.01058	0.01763	0.00705	0.00353	0.00588
30	0.00932	0.00673	0.00880	0.00828	0.00984	0.00621	0.00621	0.01242	0.01863	0.02640	0.72410	0.04918	0.06212	0.01346	0.00776	0.00207	0.00311	0.01191	0.00725	0.00621
31	0.02503	0.01844	0.01976	0.01515	0.02042	0.02042	0.01251	0.70562	0.03095	0.04149	0.01581	0.01581	0.01120	0.00790	0.00659	0.00198	0.00724	0.00593	0.00659	0.01120
32	0.01637	0.01414	0.01489	0.01340	0.01712	0.01637	0.01042	0.03498	0.71568	0.02754	0.02679	0.02456	0.02010	0.00893	0.00670	0.00223	0.00521	0.00744	0.00670	0.01042
33	0.01243	0.01170	0.01975	0.75282	0.04534	0.01463	0.01828	0.01682	0.01316	0.01682	0.01170	0.01755	0.00878	0.00658	0.00658	0.00219	0.00878	0.00585	0.00293	0.00731
34	0.01144	0.00572	0.00858	0.00858	0.00858	0.00572	0.00572	0.00858	0.00858	0.01144	0.01144	0.02001	0.01144	0.02287	0.02573	0.80846	0.00572	0.00572	0.00286	0.00286
35	0.00940	0.00705	0.01058	0.01058	0.01176	0.00823	0.00823	0.01176	0.01058	0.01528	0.01763	0.02586	0.01646	0.04937	0.74255	0.01058	0.01763	0.00705	0.00353	0.00588
36	0.01243	0.01170	0.01975	0.75282	0.04534	0.01463	0.01828	0.01682	0.01316	0.01682	0.01170	0.01755	0.00878	0.00658	0.00658	0.00219	0.00878	0.00585	0.00293	0.00731
37	0.02503	0.01844	0.01976	0.01515	0.02042	0.02042	0.01251	0.70562	0.03095	0.04149	0.01581	0.01581	0.01120	0.00790	0.00659	0.00198	0.00724	0.00593	0.00659	0.01120
38	0.01365	0.01170	0.01365	0.00975	0.01560	0.00878	0.00780	0.01658	0.01365	0.02145	0.01170	0.01365	0.00975	0.00488	0.00488	0.00098	0.00488	0.00390	0.00390	0.80888
39	0.01320	0.03405	0.73453	0.01876	0.02849	0.01529	0.02432	0.02085	0.01390	0.02085	0.01181	0.01390	0.00834	0.00625	0.00625	0.00208	0.00973	0.00486	0.00278	0.00973
40	0.00778	0.00667	0.00667	0.00667	0.00889	0.00556	0.00500	0.00945	0.01501	0.01778	0.06669	0.06336	0.72490	0.01667	0.00778	0.00222	0.00333	0.01389	0.00611	0.00556
41	0.00802	0.00573	0.00764	0.00917	0.00955	0.00535	0.00611	0.00917	0.01260	0.01681	0.03628	0.76434	0.04354	0.02062	0.00840	0.00267	0.00382	0.01872	0.00611	0.00535
42	0.00802	0.00573	0.00764	0.00917	0.00955	0.00535	0.00611	0.00917	0.01260	0.01681	0.03628	0.76434	0.04354	0.02062	0.00840	0.00267	0.00382	0.01872	0.00611	0.00535
43	0.01243	0.01170	0.01975	0.75282	0.04534	0.01463	0.01828	0.01682	0.01316	0.01682	0.01170	0.01755	0.00878	0.00658	0.00658	0.00219	0.00878	0.00585	0.00293	0.00731
44	0.02184	0.02173	0.02298	0.02306	0.19269	0.24398	0.08265	0.26056	0.02174	0.02673	0.01298	0.01489	0.01004	0.00683	0.00648	0.00191	0.00921	0.00557	0.00446	0.00967
45	0.81514	0.01273	0.00968	0.00866	0.01273	0.01477	0.00713	0.01935	0.01120	0.02954	0.00917	0.01069	0.00713	0.00611	0.00407	0.00204	0.00509	0.00356	0.00407	0.00713
46	0.01265	0.00927	0.01180	0.01086	0.01264	0.01038	0.00828	0.15412	0.01458	0.02018	0.01786	0.02716	0.01684	0.18138	0.45255	0.00799	0.01330	0.00731	0.00425	0.00660
47	0.00940	0.00705	0.01058	0.01058	0.01176	0.00823	0.00823	0.01176	0.01058	0.01528	0.01763	0.02586	0.01646	0.04937	0.74255	0.01058	0.01763	0.00705	0.00353	0.00588
