[name]
unknown

[dist]
# distance from previous block
# <min> <max>
0	14

[block]
# block no. 0 follows, 33 sequences, length 15
# corresponding to MSA columns:
# 14-28
name=unknown_A
#
# <colnr> <probs for GDERKNQSTAVLIFYWHMCP>
#	G	D	E	R	K	N	Q	S	T	A	V	L	I	F	Y	W	H	M	C	P
0	0.01061	0.00758	0.01061	0.01212	0.01364	0.00758	0.01061	0.01364	0.01515	0.01970	0.03486	0.07426	0.03789	0.01819	0.00909	0.00303	0.00606	0.68326	0.00606	0.00606
1	0.01391	0.01193	0.01377	0.01010	0.01575	0.00950	0.00805	0.01833	0.08062	0.02203	0.01314	0.01469	0.01074	0.00526	0.00505	0.00110	0.00491	0.00424	0.00417	0.73272
2	0.00997	0.00664	0.00876	0.00876	0.01011	0.00611	0.00636	0.01239	0.01665	0.06083	0.45897	0.28474	0.05352	0.01555	0.00792	0.00227	0.00348	0.01388	0.00692	0.00619
3	0.02207	0.01697	0.01809	0.01455	0.01929	0.01903	0.01180	0.47633	0.26506	0.03672	0.01956	0.01880	0.01424	0.00825	0.00662	0.00206	0.00655	0.00645	0.00662	0.01093
4	0.01593	0.01527	0.02606	0.10836	0.66250	0.01554	0.02002	0.01988	0.01482	0.02106	0.01232	0.01641	0.01027	0.00593	0.00652	0.00198	0.00791	0.00586	0.00323	0.01013
5	0.02493	0.01720	0.01882	0.01458	0.01971	0.01875	0.01200	0.56946	0.08166	0.12758	0.01793	0.01731	0.01252	0.00801	0.00660	0.00200	0.00688	0.00613	0.00679	0.01114
6	0.00802	0.00573	0.00764	0.00917	0.00955	0.00535	0.00611	0.00917	0.01260	0.01681	0.03628	0.76434	0.04354	0.02062	0.00840	0.00267	0.00382	0.01872	0.00611	0.00535
7	0.09768	0.01690	0.01802	0.01401	0.01909	0.01846	0.01153	0.53214	0.06329	0.09246	0.01641	0.01623	0.01163	0.00771	0.00630	0.00197	0.00673	0.00577	0.00639	0.03726
8	0.01629	0.01564	0.02672	0.04041	0.72757	0.01564	0.02020	0.02020	0.01499	0.02151	0.01238	0.01629	0.01043	0.00587	0.00652	0.00196	0.00782	0.00587	0.00326	0.01043
9	0.00800	0.00642	0.00714	0.00751	0.00916	0.00556	0.00542	0.00966	0.01470	0.01835	0.12199	0.25513	0.47296	0.01745	0.00795	0.00233	0.00345	0.01503	0.00622	0.00556
10	0.01560	0.01718	0.03557	0.02925	0.15227	0.01670	0.54239	0.02060	0.01510	0.02083	0.01286	0.01729	0.00998	0.00598	0.00844	0.00222	0.05811	0.00731	0.00329	0.00904
11	0.01608	0.01557	0.02704	0.07178	0.66078	0.01565	0.05573	0.02010	0.01494	0.02127	0.01240	0.01643	0.01033	0.00588	0.00659	0.00198	0.00803	0.00596	0.00325	0.01021
12	0.15319	0.02609	0.01746	0.05292	0.05057	0.53147	0.01232	0.02471	0.04012	0.01896	0.01073	0.01257	0.00874	0.00670	0.00571	0.00181	0.01021	0.00438	0.00358	0.00775
13	0.01004	0.00833	0.01346	0.01257	0.01437	0.00790	0.12423	0.01228	0.01354	0.01782	0.03268	0.34324	0.08678	0.10126	0.01123	0.00306	0.00582	0.17004	0.00539	0.00597
14	0.01896	0.01637	0.02392	0.07082	0.48429	0.05392	0.01765	0.13340	0.01799	0.07846	0.01383	0.01652	0.01081	0.00646	0.00651	0.00196	0.00782	0.00585	0.00417	0.01030

[dist]
# distance from previous block
# <min> <max>
3	10

[block]
# block no. 1 follows, 33 sequences, length 50
# corresponding to MSA columns:
# 39-88
name=unknown_B
#
# <colnr> <probs for GDERKNQSTAVLIFYWHMCP>
#	G	D	E	R	K	N	Q	S	T	A	V	L	I	F	Y	W	H	M	C	P
0	0.05385	0.01135	0.01328	0.01126	0.01419	0.03951	0.03849	0.05099	0.10376	0.05880	0.20827	0.03229	0.09603	0.07406	0.01016	0.00238	0.06355	0.00845	0.00558	0.10373
1	0.01688	0.01267	0.01469	0.05071	0.01771	0.01426	0.01055	0.02970	0.45890	0.11759	0.08766	0.02805	0.02309	0.00969	0.00761	0.00226	0.04134	0.04050	0.00653	0.00962
2	0.00868	0.00664	0.00796	0.00776	0.00948	0.00592	0.00577	0.01115	0.01695	0.02270	0.44463	0.09909	0.29925	0.01506	0.00781	0.00216	0.00323	0.01305	0.00677	0.00592
3	0.01440	0.01440	0.02016	0.01728	0.01728	0.02016	0.01440	0.01584	0.01008	0.01584	0.00864	0.01440	0.00864	0.01152	0.02160	0.00288	0.75659	0.00576	0.00288	0.00720
4	0.01365	0.01170	0.01365	0.00975	0.01560	0.00878	0.00780	0.01658	0.01365	0.02145	0.01170	0.01365	0.00975	0.00488	0.00488	0.00098	0.00488	0.00390	0.00390	0.80888
5	0.01756	0.04798	0.02470	0.11101	0.48785	0.15849	0.01818	0.02102	0.01545	0.01971	0.01175	0.01534	0.00979	0.00611	0.00632	0.00191	0.00869	0.00545	0.00323	0.00947
6	0.81514	0.01273	0.00968	0.00866	0.01273	0.01477	0.00713	0.01935	0.01120	0.02954	0.00917	0.01069	0.00713	0.00611	0.00407	0.00204	0.00509	0.00356	0.00407	0.00713
7	0.01243	0.01170	0.01975	0.75282	0.04534	0.01463	0.01828	0.01682	0.01316	0.01682	0.01170	0.01755	0.00878	0.00658	0.00658	0.00219	0.00878	0.00585	0.00293	0.00731
8	0.01610	0.01545	0.02637	0.07596	0.69352	0.01559	0.02011	0.02004	0.01490	0.02127	0.01235	0.01636	0.01035	0.00590	0.00652	0.00197	0.00787	0.00586	0.00324	0.01027
9	0.00937	0.00645	0.00792	0.00809	0.00837	0.00665	0.00508	0.00998	0.01010	0.01371	0.02176	0.11638	0.02450	0.54212	0.17561	0.00684	0.00841	0.01003	0.00412	0.00452
10	0.01537	0.01938	0.12931	0.02920	0.19337	0.01632	0.43717	0.02072	0.01506	0.02102	0.01278	0.01682	0.00983	0.00587	0.00762	0.00216	0.02857	0.00689	0.00323	0.00931
11	0.01549	0.01694	0.03514	0.07698	0.17694	0.01631	0.51973	0.02063	0.01527	0.02090	0.01302	0.01745	0.01000	0.00568	0.00744	0.00216	0.01028	0.00726	0.00329	0.00910
12	0.00801	0.00577	0.00759	0.00905	0.00952	0.00536	0.00606	0.00918	0.01272	0.01685	0.03776	0.73026	0.07667	0.02043	0.00837	0.00265	0.00380	0.01848	0.00611	0.00536
13	0.02136	0.01826	0.01513	0.01323	0.01674	0.28208	0.01022	0.02636	0.13375	0.20459	0.16403	0.02436	0.02346	0.00886	0.00661	0.00195	0.00735	0.00696	0.00596	0.00872
14	0.01385	0.01291	0.02048	0.48986	0.18543	0.01511	0.01750	0.02029	0.12014	0.01944	0.01414	0.01835	0.01084	0.00679	0.00659	0.00215	0.00803	0.00610	0.00357	0.00844
15	0.08734	0.01169	0.01509	0.01166	0.01669	0.01060	0.00963	0.06564	0.01890	0.64486	0.02421	0.02120	0.01536	0.00799	0.00643	0.00203	0.00565	0.00636	0.00777	0.01090
16	0.01665	0.01428	0.01504	0.01345	0.01722	0.01650	0.01049	0.05651	0.69370	0.02799	0.02644	0.02428	0.01981	0.00890	0.00670	0.00222	0.00528	0.00739	0.00670	0.01045
17	0.00848	0.00615	0.00811	0.00952	0.01026	0.00578	0.00686	0.01002	0.01327	0.01742	0.03839	0.58146	0.09565	0.01986	0.00848	0.00270	0.00420	0.14179	0.00610	0.00550
18	0.01243	0.01170	0.01975	0.75282	0.04534	0.01463	0.01828	0.01682	0.01316	0.01682	0.01170	0.01755	0.00878	0.00658	0.00658	0.00219	0.00878	0.00585	0.00293	0.00731
19	0.01370	0.11794	0.65501	0.01791	0.02718	0.01651	0.02284	0.02072	0.01384	0.02024	0.01151	0.01352	0.00835	0.00618	0.00602	0.00201	0.00942	0.00471	0.00278	0.00958
20	0.10597	0.20154	0.27383	0.01555	0.02211	0.12970	0.05107	0.05627	0.01539	0.05546	0.01161	0.01316	0.00887	0.00631	0.00560	0.00186	0.00866	0.00460	0.00351	0.00892
21	0.01672	0.01570	0.02578	0.03781	0.65727	0.01591	0.01933	0.05383	0.05164	0.02277	0.01329	0.01669	0.01096	0.00612	0.00653	0.00197	0.00766	0.00595	0.00359	0.01046
22	0.00804	0.00659	0.00710	0.00716	0.00910	0.00564	0.00530	0.00988	0.01533	0.01903	0.16592	0.12976	0.55518	0.01656	0.00784	0.00224	0.00335	0.01406	0.00629	0.00564
23	0.02576	0.01317	0.02152	0.01597	0.02147	0.01189	0.18832	0.05566	0.01847	0.52214	0.02232	0.02095	0.01447	0.00747	0.00691	0.00208	0.00708	0.00689	0.00685	0.01061
24	0.02299	0.01448	0.09753	0.01250	0.01735	0.04263	0.01109	0.06094	0.06262	0.42534	0.06365	0.07869	0.04128	0.00939	0.00678	0.00209	0.00607	0.00774	0.00689	0.00994
25	0.01582	0.01516	0.02587	0.12698	0.64467	0.01552	0.01997	0.01979	0.01477	0.02094	0.01230	0.01645	0.01023	0.00595	0.00653	0.00198	0.00794	0.00586	0.00322	0.01005
26	0.01629	0.01564	0.02672	0.04041	0.72757	0.01564	0.02020	0.02020	0.01499	0.02151	0.01238	0.01629	0.01043	0.00587	0.00652	0.00196	0.00782	0.00587	0.00326	0.01043
27	0.01427	0.01358	0.02306	0.41390	0.36990	0.01511	0.01920	0.01843	0.01403	0.01905	0.01203	0.01695	0.00956	0.00624	0.00655	0.00208	0.00832	0.00586	0.00308	0.00879
28	0.02275	0.01245	0.08316	0.01195	0.01640	0.00968	0.01038	0.05507	0.01744	0.46659	0.02656	0.19418	0.02165	0.01086	0.00700	0.00219	0.00566	0.00924	0.00709	0.00970
29	0.01332	0.01276	0.01790	0.01565	0.01585	0.01746	0.01284	0.01484	0.01014	0.01560	0.01076	0.01775	0.01072	0.05479	0.14508	0.00436	0.59415	0.00617	0.00304	0.00682
30	0.02143	0.02606	0.02092	0.01785	0.02146	0.51082	0.11723	0.02492	0.07112	0.01757	0.01240	0.01540	0.01038	0.04497	0.00827	0.00210	0.04025	0.00535	0.00365	0.00784
31	0.01490	0.27557	0.43977	0.01773	0.05846	0.01891	0.04949	0.02045	0.01385	0.01913	0.01103	0.01308	0.00855	0.00600	0.00566	0.00186	0.00881	0.00460	0.00284	0.00930
32	0.01409	0.01340	0.02274	0.44655	0.33863	0.01506	0.01911	0.01827	0.01395	0.01884	0.01199	0.01701	0.00949	0.00627	0.00655	0.00209	0.00837	0.00586	0.00307	0.00865
33	0.01385	0.01315	0.02230	0.49152	0.29557	0.01500	0.01899	0.01806	0.01383	0.01854	0.01195	0.01709	0.00938	0.00632	0.00656	0.00211	0.00843	0.00586	0.00305	0.00846
34	0.02305	0.01650	0.01793	0.01396	0.01876	0.01793	0.01145	0.57844	0.02848	0.07343	0.07392	0.02145	0.05644	0.00885	0.00675	0.00200	0.00662	0.00688	0.00669	0.01049
35	0.01808	0.01994	0.01766	0.01553	0.01773	0.30712	0.03408	0.04997	0.03046	0.01798	0.01472	0.01801	0.04813	0.01305	0.08381	0.00299	0.23388	0.00584	0.04362	0.00740
36	0.01320	0.03405	0.73453	0.01876	0.02849	0.01529	0.02432	0.02085	0.01390	0.02085	0.01181	0.01390	0.00834	0.00625	0.00625	0.00208	0.00973	0.00486	0.00278	0.00973
37	0.00802	0.00573	0.00764	0.00917	0.00955	0.00535	0.00611	0.00917	0.01260	0.01681	0.03628	0.76434	0.04354	0.02062	0.00840	0.00267	0.00382	0.01872	0.00611	0.00535
38	0.06720	0.01350	0.01741	0.01353	0.01838	0.01339	0.06173	0.19401	0.07253	0.38530	0.02185	0.03916	0.01525	0.02682	0.00727	0.00217	0.00633	0.00681	0.00693	0.01043
39	0.01243	0.01170	0.01975	0.75282	0.04534	0.01463	0.01828	0.01682	0.01316	0.01682	0.01170	0.01755	0.00878	0.00658	0.00658	0.00219	0.00878	0.00585	0.00293	0.00731
40	0.00910	0.00677	0.00840	0.00819	0.00981	0.00619	0.00620	0.01172	0.01708	0.02323	0.48476	0.05411	0.20464	0.05324	0.00920	0.00241	0.00357	0.06872	0.00673	0.00594
41	0.04772	0.01540	0.02506	0.03689	0.63968	0.01567	0.01887	0.02141	0.07380	0.02233	0.01347	0.01677	0.01111	0.00613	0.00644	0.00198	0.00749	0.00591	0.00358	0.01030
42	0.00956	0.00644	0.00746	0.00746	0.00755	0.00653	0.00434	0.00975	0.00966	0.01297	0.02049	0.04168	0.02332	0.70991	0.09140	0.00673	0.00730	0.00937	0.00395	0.00414
43	0.00849	0.00680	0.00768	0.00797	0.00990	0.00599	0.00622	0.01054	0.01533	0.01907	0.13438	0.09766	0.49035	0.01677	0.00805	0.00238	0.00383	0.13663	0.00623	0.00571
44	0.01554	0.01776	0.03885	0.02775	0.03441	0.01665	0.70366	0.02109	0.01554	0.02109	0.01332	0.01776	0.00999	0.00555	0.00777	0.00222	0.01110	0.00777	0.00333	0.00888
45	0.01851	0.61720	0.06795	0.01239	0.01804	0.07732	0.01214	0.07797	0.01527	0.01800	0.00992	0.01127	0.00868	0.00594	0.00465	0.00151	0.00755	0.00384	0.00317	0.00869
46	0.01249	0.00732	0.00947	0.00888	0.01091	0.00658	0.00667	0.01493	0.01702	0.14959	0.38217	0.19051	0.12905	0.01434	0.00769	0.00220	0.00372	0.01257	0.00704	0.00685
47	0.00826	0.00671	0.00734	0.00725	0.00927	0.00579	0.00548	0.01035	0.01596	0.02009	0.23768	0.05996	0.53190	0.01588	0.00781	0.00221	0.00335	0.03256	0.00641	0.00574
48	0.02410	0.03045	0.01913	0.01834	0.06193	0.69949	0.01316	0.02593	0.01844	0.01643	0.01031	0.01213	0.00859	0.00673	0.00597	0.00171	0.01163	0.00434	0.00338	0.00780
49	0.01760	0.01339	0.01481	0.01283	0.01636	0.01457	0.01030	0.32537	0.16131	0.03066	0.04786	0.12722	0.07299	0.01183	0.00728	0.00227	0.00584	0.09195	0.00647	0.00909

[dist]
# distance from previous block
# <min> <max>
0	1

[block]
# block no. 2 follows, 33 sequences, length 105
# corresponding to MSA columns:
# 90-194
name=unknown_C
#
# <colnr> <probs for GDERKNQSTAVLIFYWHMCP>
#	G	D	E	R	K	N	Q	S	T	A	V	L	I	F	Y	W	H	M	C	P
0	0.04532	0.48866	0.19565	0.01413	0.03916	0.05501	0.01453	0.04790	0.01441	0.01848	0.01018	0.01177	0.00854	0.00594	0.00493	0.00164	0.00785	0.00403	0.00304	0.00883
1	0.02001	0.04572	0.16162	0.01581	0.02181	0.01776	0.05511	0.33636	0.14177	0.05541	0.01667	0.01698	0.01209	0.00740	0.00645	0.00199	0.00744	0.00593	0.00546	0.04820
2	0.00929	0.00624	0.00766	0.00813	0.00834	0.00619	0.00509	0.00965	0.01057	0.01414	0.02475	0.23753	0.02865	0.46347	0.05885	0.05179	0.00617	0.03451	0.00455	0.00445
3	0.01653	0.01647	0.05491	0.06062	0.61889	0.01590	0.03740	0.05973	0.01582	0.02247	0.01256	0.01625	0.01032	0.00601	0.00654	0.00198	0.00798	0.00588	0.00342	0.01030
4	0.03433	0.39159	0.27833	0.01454	0.02138	0.08053	0.01597	0.06026	0.01496	0.01923	0.01056	0.01215	0.00854	0.00609	0.00521	0.00172	0.00835	0.00419	0.00310	0.00896
5	0.01428	0.01424	0.02647	0.18310	0.27620	0.01454	0.22274	0.01860	0.01469	0.02011	0.03902	0.02161	0.03234	0.00890	0.04176	0.00254	0.00913	0.02753	0.00352	0.00868
6	0.01612	0.01799	0.16668	0.03942	0.16498	0.04044	0.01497	0.02316	0.15017	0.08433	0.01754	0.04140	0.01411	0.00750	0.00635	0.00193	0.00700	0.03074	0.00455	0.15065
7	0.01580	0.01260	0.01404	0.01309	0.04873	0.01369	0.00968	0.13667	0.34286	0.04660	0.10209	0.03210	0.13638	0.03608	0.00786	0.00229	0.00520	0.00867	0.00643	0.00913
8	0.00957	0.00638	0.00718	0.00718	0.00718	0.00638	0.00399	0.00957	0.00957	0.01276	0.02074	0.04308	0.02393	0.76864	0.03351	0.00638	0.00638	0.00957	0.00399	0.00399
9	0.02051	0.30044	0.02431	0.01334	0.01843	0.02172	0.01163	0.31391	0.16163	0.02894	0.01551	0.01559	0.01195	0.00726	0.00572	0.00181	0.00676	0.00533	0.00519	0.01001
10	0.01316	0.01264	0.01408	0.01320	0.01426	0.10117	0.01017	0.01628	0.07950	0.01697	0.01952	0.20226	0.02043	0.06155	0.13645	0.00411	0.24394	0.00934	0.00427	0.00671
11	0.01561	0.06973	0.41755	0.03711	0.12321	0.01479	0.01945	0.02115	0.01450	0.10166	0.01521	0.01684	0.03494	0.00682	0.00658	0.00200	0.02646	0.00544	0.00364	0.04732
12	0.01390	0.07017	0.48376	0.01921	0.04747	0.01636	0.08026	0.02042	0.03618	0.02019	0.01271	0.01656	0.00996	0.00724	0.00814	0.00218	0.09477	0.02821	0.00309	0.00921
13	0.01430	0.01108	0.01209	0.01115	0.01413	0.01197	0.00866	0.05971	0.36046	0.05421	0.06716	0.09638	0.14713	0.01178	0.00707	0.00224	0.00470	0.04329	0.05394	0.00855
14	0.01933	0.01028	0.01363	0.09575	0.01795	0.01007	0.00975	0.07932	0.04598	0.31422	0.10832	0.13927	0.06607	0.01124	0.00715	0.00220	0.00541	0.02848	0.00678	0.00880
15	0.01072	0.01261	0.13518	0.01125	0.01470	0.00902	0.04235	0.04663	0.04115	0.02254	0.25658	0.14490	0.20002	0.01321	0.00751	0.00220	0.00505	0.01150	0.00581	0.00705
16	0.00925	0.00632	0.00720	0.00740	0.00760	0.00619	0.00433	0.00951	0.01033	0.01362	0.02589	0.13579	0.07489	0.62194	0.02855	0.00563	0.00585	0.01103	0.00440	0.00427
17	0.00970	0.00698	0.00756	0.00735	0.00965	0.00592	0.00553	0.01146	0.01529	0.07856	0.08737	0.11340	0.58562	0.01613	0.00773	0.00224	0.00355	0.01357	0.00633	0.00605
18	0.01665	0.04580	0.12512	0.09030	0.09865	0.07093	0.34645	0.08464	0.01665	0.02205	0.01274	0.01622	0.00965	0.00608	0.00697	0.00208	0.00995	0.00645	0.00350	0.00911
19	0.01541	0.05587	0.18951	0.02156	0.02804	0.01603	0.36613	0.09799	0.01652	0.02265	0.01548	0.09464	0.01320	0.00756	0.00719	0.00217	0.00940	0.00785	0.00385	0.00894
20	0.00956	0.00642	0.00738	0.00738	0.00745	0.00649	0.00424	0.00970	0.00963	0.01291	0.02056	0.04207	0.02349	0.72621	0.07534	0.00663	0.00705	0.00942	0.00396	0.00410
21	0.00784	0.00667	0.00675	0.00673	0.00893	0.00558	0.00505	0.00957	0.01515	0.01813	0.09316	0.06279	0.69821	0.01654	0.00778	0.00222	0.00333	0.01381	0.00616	0.00558
22	0.12200	0.04729	0.15744	0.01431	0.01990	0.10347	0.04557	0.13061	0.01814	0.21062	0.01611	0.01642	0.01128	0.00708	0.00599	0.00195	0.00754	0.00541	0.04939	0.00947
23	0.01243	0.01170	0.01975	0.75282	0.04534	0.01463	0.01828	0.01682	0.01316	0.01682	0.01170	0.01755	0.00878	0.00658	0.00658	0.00219	0.00878	0.00585	0.00293	0.00731
24	0.01760	0.77260	0.03450	0.01126	0.01690	0.02605	0.01126	0.01971	0.01338	0.01549	0.00915	0.01056	0.00845	0.00563	0.00422	0.00141	0.00704	0.00352	0.00282	0.00845
25	0.01793	0.73761	0.03375	0.01153	0.01706	0.05985	0.01133	0.02002	0.01363	0.01552	0.00920	0.01062	0.00845	0.00569	0.00430	0.00142	0.00727	0.00355	0.00284	0.00841
26	0.01631	0.17728	0.27912	0.01388	0.02019	0.03134	0.01494	0.02097	0.03012	0.12018	0.08300	0.01916	0.03240	0.00746	0.00646	0.00186	0.03258	0.00571	0.00426	0.08277
27	0.01320	0.03405	0.73453	0.01876	0.02849	0.01529	0.02432	0.02085	0.01390	0.02085	0.01181	0.01390	0.00834	0.00625	0.00625	0.00208	0.00973	0.00486	0.00278	0.00973
28	0.00801	0.00577	0.00759	0.00905	0.00952	0.00536	0.00606	0.00918	0.01272	0.01685	0.03772	0.73130	0.07566	0.02044	0.00837	0.00265	0.00380	0.01849	0.00611	0.00536
29	0.01875	0.27149	0.24952	0.01563	0.02180	0.25929	0.01590	0.04331	0.01583	0.01818	0.01053	0.01221	0.00851	0.00628	0.00550	0.00173	0.00949	0.00426	0.00311	0.00867
30	0.03971	0.10948	0.45617	0.01660	0.02438	0.01591	0.04749	0.07238	0.01549	0.06301	0.01565	0.01835	0.03896	0.00723	0.00624	0.00204	0.00854	0.02930	0.00369	0.00937
31	0.00824	0.00586	0.00775	0.00918	0.00959	0.00552	0.00618	0.00940	0.01253	0.01668	0.03520	0.68480	0.04200	0.06926	0.01007	0.00293	0.00409	0.04944	0.00597	0.00529
32	0.01471	0.01389	0.02302	0.07236	0.56756	0.01389	0.01755	0.01834	0.01511	0.02111	0.05969	0.02366	0.09532	0.00758	0.00674	0.00201	0.00708	0.00714	0.00380	0.00946
33	0.01915	0.01701	0.08730	0.05804	0.38034	0.01559	0.03680	0.13734	0.03718	0.12369	0.01519	0.01717	0.01137	0.00666	0.00656	0.00201	0.00765	0.00599	0.00454	0.01043
34	0.01659	0.01698	0.04906	0.03861	0.67175	0.04993	0.01998	0.02051	0.01513	0.02123	0.01226	0.01601	0.01027	0.00592	0.00648	0.00195	0.00807	0.00576	0.00325	0.01027
35	0.01256	0.01195	0.02054	0.72279	0.04489	0.01471	0.04666	0.01700	0.01326	0.01700	0.01177	0.01756	0.00883	0.00654	0.00663	0.00220	0.00887	0.00593	0.00294	0.00738
36	0.01272	0.01200	0.02027	0.69923	0.09665	0.01470	0.01843	0.01707	0.01330	0.01717	0.01175	0.01746	0.00890	0.00653	0.00658	0.00218	0.00870	0.00585	0.00295	0.00755
37	0.02320	0.03368	0.03984	0.01682	0.09387	0.01540	0.04405	0.29947	0.02233	0.23175	0.01751	0.01741	0.01221	0.00722	0.00639	0.00188	0.00682	0.00589	0.00604	0.09821
38	0.02386	0.10940	0.02032	0.01636	0.01999	0.66682	0.01257	0.02560	0.01810	0.01605	0.01007	0.01173	0.00848	0.00666	0.00576	0.00167	0.01136	0.00416	0.00333	0.00772
39	0.01243	0.01170	0.01975	0.75282	0.04534	0.01463	0.01828	0.01682	0.01316	0.01682	0.01170	0.01755	0.00878	0.00658	0.00658	0.00219	0.00878	0.00585	0.00293	0.00731
40	0.01408	0.01169	0.01370	0.00980	0.01563	0.00880	0.00785	0.01699	0.01379	0.04063	0.01209	0.01389	0.00993	0.00496	0.00492	0.00100	0.00490	0.00397	0.00401	0.78735
41	0.01376	0.01180	0.01370	0.00990	0.01566	0.00909	0.00791	0.01734	0.04272	0.02170	0.01233	0.01410	0.01018	0.00504	0.00495	0.00103	0.00489	0.00405	0.00402	0.77582
42	0.02093	0.01591	0.01739	0.01416	0.01859	0.01777	0.01144	0.34771	0.29475	0.07114	0.02012	0.01941	0.01475	0.00836	0.00727	0.00208	0.04159	0.00646	0.00643	0.04373
43	0.07673	0.02668	0.01867	0.01806	0.08039	0.52575	0.01285	0.09133	0.05305	0.02049	0.01165	0.01317	0.00939	0.00687	0.00596	0.00179	0.01030	0.00465	0.00390	0.00832
44	0.01349	0.01278	0.02166	0.55694	0.23292	0.01491	0.01881	0.01775	0.01367	0.01811	0.01189	0.01721	0.00923	0.00638	0.00656	0.00213	0.00851	0.00585	0.00302	0.00817
45	0.01547	0.01756	0.03774	0.02713	0.03339	0.01686	0.66280	0.02078	0.01521	0.02078	0.01304	0.01756	0.00991	0.00590	0.00859	0.00226	0.05530	0.00765	0.00330	0.00878
46	0.01055	0.01081	0.05793	0.01415	0.01713	0.00908	0.18879	0.01371	0.01502	0.02042	0.18791	0.30451	0.09468	0.01390	0.00792	0.00235	0.00585	0.01311	0.00545	0.00673
47	0.01102	0.00779	0.00989	0.00993	0.01168	0.00739	0.02427	0.07043	0.01537	0.05984	0.04054	0.41583	0.20069	0.01732	0.00804	0.00249	0.00446	0.07045	0.00619	0.00637
48	0.00802	0.00573	0.00764	0.00917	0.00955	0.00535	0.00611	0.00917	0.01260	0.01681	0.03628	0.76434	0.04354	0.02062	0.00840	0.00267	0.00382	0.01872	0.00611	0.00535
49	0.01502	0.04947	0.21558	0.02486	0.03226	0.01665	0.50564	0.02098	0.01504	0.02082	0.01278	0.01651	0.00951	0.00573	0.00725	0.00216	0.01060	0.00688	0.00317	0.00908
50	0.06390	0.01791	0.05560	0.02250	0.02816	0.04142	0.42712	0.10902	0.01704	0.06572	0.01359	0.01675	0.01013	0.00662	0.00841	0.00220	0.07403	0.00683	0.00402	0.00906
51	0.01526	0.01458	0.02485	0.23190	0.54420	0.01537	0.01969	0.01929	0.01450	0.02025	0.01220	0.01663	0.00998	0.00606	0.00653	0.00202	0.00808	0.00586	0.00317	0.00959
52	0.01370	0.01288	0.02147	0.44497	0.28223	0.01460	0.01814	0.01820	0.03535	0.01879	0.01356	0.05258	0.01134	0.00707	0.00665	0.00213	0.00810	0.00651	0.00331	0.00841
53	0.01770	0.41764	0.10194	0.06149	0.13481	0.10398	0.01467	0.04554	0.01492	0.01811	0.01046	0.01258	0.00888	0.00600	0.00522	0.00167	0.00810	0.00434	0.00309	0.00884
54	0.01261	0.00980	0.01400	0.04721	0.01602	0.00990	0.08748	0.08371	0.08001	0.05023	0.09237	0.34342	0.05536	0.05496	0.00911	0.00259	0.00548	0.01278	0.00582	0.00714
55	0.01320	0.03405	0.73453	0.01876	0.02849	0.01529	0.02432	0.02085	0.01390	0.02085	0.01181	0.01390	0.00834	0.00625	0.00625	0.00208	0.00973	0.00486	0.00278	0.00973
56	0.01074	0.00897	0.03608	0.01211	0.01396	0.00827	0.04925	0.04106	0.03610	0.01987	0.04968	0.31437	0.03596	0.03738	0.00912	0.00282	0.00562	0.29645	0.00583	0.00638
57	0.01406	0.02540	0.41116	0.11291	0.18358	0.01545	0.10382	0.02025	0.01424	0.02054	0.01210	0.01532	0.00904	0.00612	0.00653	0.00209	0.00936	0.00555	0.00297	0.00949
58	0.01320	0.03405	0.73453	0.01876	0.02849	0.01529	0.02432	0.02085	0.01390	0.02085	0.01181	0.01390	0.00834	0.00625	0.00625	0.00208	0.00973	0.00486	0.00278	0.00973
59	0.00916	0.00621	0.00730	0.00771	0.00781	0.00611	0.00456	0.00946	0.01038	0.01385	0.02490	0.23615	0.02918	0.56841	0.02679	0.00539	0.00570	0.01202	0.00456	0.00435
60	0.01570	0.02170	0.26060	0.08856	0.30157	0.03350	0.03764	0.03971	0.03965	0.04406	0.01297	0.01592	0.01000	0.00657	0.00718	0.00208	0.04384	0.00562	0.00343	0.00972
61	0.03885	0.01558	0.02083	0.04743	0.31898	0.03639	0.01505	0.13500	0.18783	0.09039	0.01750	0.01855	0.01324	0.00720	0.00651	0.00204	0.00697	0.00622	0.00508	0.01036
62	0.81514	0.01273	0.00968	0.00866	0.01273	0.01477	0.00713	0.01935	0.01120	0.02954	0.00917	0.01069	0.00713	0.00611	0.00407	0.00204	0.00509	0.00356	0.00407	0.00713
63	0.00957	0.00638	0.00718	0.00718	0.00718	0.00638	0.00399	0.00957	0.00957	0.01276	0.02074	0.04308	0.02393	0.76864	0.03351	0.00638	0.00638	0.00957	0.00399	0.00399
64	0.00843	0.00632	0.00909	0.00997	0.01063	0.00592	0.03891	0.00974	0.01263	0.01686	0.03462	0.70226	0.04123	0.04780	0.00931	0.00279	0.00426	0.01786	0.00590	0.00546
65	0.01301	0.00672	0.00754	0.00711	0.00898	0.00645	0.00541	0.01601	0.01535	0.08668	0.17880	0.03081	0.04503	0.00923	0.00556	0.00171	0.00330	0.00766	0.53805	0.00658
66	0.01365	0.01170	0.01365	0.00975	0.01560	0.00878	0.00780	0.01658	0.01365	0.02145	0.01170	0.01365	0.00975	0.00488	0.00488	0.00098	0.00488	0.00390	0.00390	0.80888
67	0.01760	0.77260	0.03450	0.01126	0.01690	0.02605	0.01126	0.01971	0.01338	0.01549	0.00915	0.01056	0.00845	0.00563	0.00422	0.00141	0.00704	0.00352	0.00282	0.00845
68	0.00802	0.00573	0.00764	0.00917	0.00955	0.00535	0.00611	0.00917	0.01260	0.01681	0.03628	0.76434	0.04354	0.02062	0.00840	0.00267	0.00382	0.01872	0.00611	0.00535
69	0.01753	0.01410	0.01487	0.01322	0.01687	0.03519	0.01044	0.12552	0.47719	0.05733	0.02553	0.05341	0.02039	0.00974	0.00683	0.00223	0.00564	0.05494	0.02917	0.00987
70	0.01709	0.56435	0.07030	0.01319	0.04253	0.02318	0.01227	0.05922	0.03683	0.01797	0.01162	0.04742	0.01071	0.00690	0.00565	0.00165	0.04240	0.00477	0.00333	0.00861
71	0.01892	0.02276	0.38637	0.01503	0.02235	0.01229	0.01690	0.02406	0.01568	0.28090	0.01908	0.04105	0.03002	0.00755	0.00641	0.00202	0.00758	0.00609	0.00500	0.05995
72	0.01756	0.10510	0.10478	0.03045	0.43643	0.01620	0.06866	0.02164	0.01516	0.10184	0.01357	0.01617	0.01061	0.00612	0.00633	0.00193	0.00793	0.00571	0.00372	0.01010
73	0.02430	0.03020	0.01856	0.01675	0.02023	0.68526	0.01263	0.05474	0.04515	0.01759	0.01103	0.01251	0.00903	0.00691	0.00599	0.00173	0.01143	0.00443	0.00365	0.00788
74	0.00947	0.00683	0.00901	0.00872	0.01027	0.00637	0.00671	0.01256	0.01824	0.02563	0.64529	0.05204	0.05935	0.01400	0.00792	0.00218	0.00344	0.08867	0.00711	0.00619
75	0.01540	0.02150	0.30575	0.02024	0.16583	0.01419	0.01737	0.07033	0.09974	0.06534	0.06240	0.02182	0.04769	0.03458	0.00753	0.00222	0.00755	0.00658	0.00441	0.00953
76	0.00989	0.00675	0.00754	0.00747	0.00765	0.00685	0.00429	0.01077	0.04290	0.01346	0.02103	0.04221	0.02375	0.73278	0.03224	0.00619	0.00633	0.00947	0.00412	0.00429
77	0.00801	0.00576	0.00761	0.00908	0.00953	0.00535	0.00607	0.00918	0.01269	0.01684	0.03732	0.74056	0.06665	0.02049	0.00838	0.00266	0.00380	0.01855	0.00611	0.00535
78	0.01243	0.01170	0.01975	0.75282	0.04534	0.01463	0.01828	0.01682	0.01316	0.01682	0.01170	0.01755	0.00878	0.00658	0.00658	0.00219	0.00878	0.00585	0.00293	0.00731
79	0.04929	0.02185	0.04826	0.08567	0.20902	0.29688	0.05514	0.04382	0.01668	0.06750	0.01227	0.01481	0.00966	0.00670	0.00681	0.00194	0.03591	0.00527	0.00371	0.00881
80	0.01144	0.00572	0.00858	0.00858	0.00858	0.00572	0.00572	0.00858	0.00858	0.01144	0.01144	0.02001	0.01144	0.02287	0.02573	0.80846	0.00572	0.00572	0.00286	0.00286
81	0.02419	0.07419	0.01957	0.01663	0.02015	0.70085	0.01264	0.02591	0.01835	0.01608	0.01012	0.01180	0.00848	0.00672	0.00584	0.00168	0.01159	0.00420	0.00336	0.00768
82	0.36885	0.01629	0.01994	0.01659	0.04409	0.11271	0.20782	0.01993	0.01365	0.02369	0.01267	0.07104	0.01108	0.00730	0.00628	0.00211	0.02826	0.00616	0.00387	0.00767
83	0.02030	0.08419	0.01879	0.01398	0.01855	0.01902	0.01142	0.32914	0.35084	0.03260	0.02037	0.01945	0.01513	0.00818	0.00643	0.00205	0.00627	0.00642	0.00630	0.01058
84	0.00945	0.00633	0.00722	0.00734	0.00737	0.00630	0.00416	0.00954	0.00982	0.01309	0.02201	0.10187	0.02553	0.70767	0.03146	0.00608	0.00617	0.01032	0.00416	0.00410
85	0.81514	0.01273	0.00968	0.00866	0.01273	0.01477	0.00713	0.01935	0.01120	0.02954	0.00917	0.01069	0.00713	0.00611	0.00407	0.00204	0.00509	0.00356	0.00407	0.00713
86	0.14308	0.01268	0.01445	0.01190	0.01604	0.01298	0.00960	0.23218	0.02030	0.28172	0.02220	0.13993	0.01827	0.01002	0.00657	0.00214	0.00575	0.02399	0.00667	0.00951
87	0.00951	0.00685	0.00929	0.01059	0.01176	0.00663	0.00851	0.01184	0.01453	0.01911	0.08592	0.30533	0.07395	0.01860	0.00870	0.00280	0.00496	0.37913	0.00617	0.00581
88	0.02464	0.02064	0.01893	0.01524	0.01997	0.18159	0.01226	0.46981	0.07173	0.07584	0.01585	0.01588	0.01146	0.00773	0.00645	0.00193	0.00805	0.00569	0.00597	0.01035
89	0.01715	0.01489	0.01520	0.01348	0.01728	0.04104	0.01053	0.09065	0.61506	0.02806	0.02639	0.02445	0.03819	0.00898	0.00669	0.00219	0.00556	0.00738	0.00656	0.01026
90	0.00824	0.00591	0.00777	0.00918	0.00968	0.00554	0.00626	0.00947	0.01273	0.01685	0.03669	0.66542	0.06778	0.05130	0.00946	0.00283	0.00405	0.05949	0.00602	0.00534
91	0.01537	0.01498	0.02646	0.13760	0.52755	0.01525	0.09747	0.01944	0.01471	0.02064	0.01324	0.04305	0.01132	0.00645	0.00674	0.00204	0.00819	0.00653	0.00332	0.00964
92	0.01003	0.00814	0.01211	0.01187	0.01339	0.00800	0.08390	0.01363	0.08685	0.01853	0.03204	0.51143	0.03611	0.04539	0.00916	0.00275	0.00508	0.07952	0.00578	0.00629
93	0.00859	0.00692	0.00771	0.00767	0.00965	0.00615	0.00580	0.01120	0.03719	0.02041	0.23599	0.08720	0.46777	0.01582	0.00783	0.00224	0.00348	0.04604	0.00643	0.00589
94	0.01243	0.01170	0.01975	0.75282	0.04534	0.01463	0.01828	0.01682	0.01316	0.01682	0.01170	0.01755	0.00878	0.00658	0.00658	0.00219	0.00878	0.00585	0.00293	0.00731
95	0.00845	0.00666	0.00762	0.00745	0.00932	0.00583	0.00556	0.01073	0.01650	0.02148	0.35042	0.08094	0.41475	0.01541	0.00779	0.00217	0.00325	0.01320	0.00660	0.00583
96	0.02309	0.15746	0.02122	0.01585	0.01964	0.59271	0.01239	0.02549	0.04374	0.01643	0.01062	0.01212	0.00891	0.00667	0.00567	0.00167	0.01080	0.00424	0.00342	0.00788
97	0.02040	0.27027	0.06569	0.03443	0.01948	0.15062	0.01237	0.18586	0.05710	0.06451	0.02999	0.01621	0.03161	0.00725	0.00573	0.00178	0.00780	0.00523	0.00453	0.00914
98	0.01613	0.13112	0.08983	0.07163	0.36949	0.03194	0.06120	0.04000	0.05558	0.02096	0.01365	0.01809	0.01146	0.00664	0.00634	0.00197	0.00798	0.03288	0.00354	0.00957
99	0.62707	0.01237	0.01102	0.00939	0.01371	0.01355	0.00774	0.02240	0.01303	0.19774	0.01319	0.01350	0.00932	0.00660	0.00468	0.00204	0.00521	0.00430	0.00505	0.00810
100	0.01462	0.06409	0.48578	0.02092	0.11237	0.04256	0.05502	0.02227	0.08096	0.02115	0.01320	0.01516	0.00980	0.00642	0.00630	0.00204	0.00908	0.00529	0.00326	0.00970
101	0.01464	0.01561	0.03132	0.18223	0.14790	0.01553	0.41490	0.01949	0.01492	0.02010	0.01534	0.01963	0.04350	0.00634	0.00732	0.00217	0.00971	0.00734	0.00336	0.00864
102	0.00958	0.00700	0.00902	0.00847	0.01010	0.00658	0.00637	0.01325	0.04409	0.02644	0.69863	0.04828	0.06058	0.01329	0.00773	0.00208	0.00318	0.01174	0.00723	0.00637
103	0.00990	0.00721	0.00859	0.00852	0.01025	0.00666	0.00625	0.05109	0.01642	0.04098	0.25167	0.26180	0.26391	0.01613	0.00786	0.00229	0.00370	0.01406	0.00654	0.00617
104	0.64596	0.01488	0.01161	0.01140	0.05478	0.10057	0.00847	0.01986	0.01244	0.02706	0.01157	0.01308	0.03369	0.00656	0.00457	0.00200	0.00599	0.00415	0.00402	0.00732

[dist]
# distance from previous block
# <min> <max>
0	28

# created by:
# /home/berkeley/.conda/envs/busco_data_prod/bin/msa2prfl.pl pipeline/OGs_align_augustus/4893/35049.fs
