[name]
unknown

[dist]
# distance from previous block
# <min> <max>
0	9

[block]
# block no. 0 follows, 32 sequences, length 17
# corresponding to MSA columns:
# 9-25
name=unknown_A
#
# <colnr> <probs for GDERKNQSTAVLIFYWHMCP>
#	G	D	E	R	K	N	Q	S	T	A	V	L	I	F	Y	W	H	M	C	P
0	0.01490	0.01097	0.01270	0.01299	0.01534	0.06772	0.01108	0.07753	0.01748	0.08174	0.03101	0.06079	0.03192	0.01580	0.00857	0.00280	0.00672	0.50652	0.00619	0.00722
1	0.01869	0.52091	0.09082	0.01533	0.07551	0.08020	0.01357	0.08121	0.01583	0.01915	0.01051	0.01210	0.00902	0.00611	0.00502	0.00161	0.00788	0.00417	0.00329	0.00907
2	0.01567	0.07634	0.01912	0.33852	0.02965	0.01522	0.01411	0.07998	0.06757	0.07596	0.01506	0.01884	0.01170	0.01300	0.10465	0.00324	0.04112	0.00601	0.00414	0.05009
3	0.02235	0.02426	0.01790	0.01582	0.01966	0.39563	0.01216	0.12580	0.25043	0.02398	0.01682	0.01697	0.01297	0.00780	0.00640	0.00195	0.00917	0.00565	0.00504	0.00924
4	0.00889	0.00684	0.00813	0.00781	0.00965	0.00607	0.00585	0.01149	0.01756	0.02352	0.46746	0.05570	0.31676	0.01498	0.00792	0.00217	0.00326	0.01292	0.00694	0.00607
5	0.00959	0.00716	0.01063	0.01063	0.01178	0.00830	0.00820	0.01188	0.01074	0.01546	0.01811	0.02714	0.01711	0.08194	0.70645	0.01059	0.01746	0.00730	0.00362	0.00591
6	0.01448	0.15425	0.55226	0.01982	0.08873	0.01743	0.02222	0.02100	0.01418	0.02041	0.01164	0.01382	0.00871	0.00623	0.00606	0.00200	0.00929	0.00482	0.00288	0.00976
7	0.02943	0.01157	0.01555	0.01202	0.01714	0.01021	0.00990	0.03285	0.05402	0.69177	0.02651	0.02295	0.01680	0.00835	0.00675	0.00209	0.00569	0.00679	0.00823	0.01138
8	0.01426	0.00795	0.00813	0.00750	0.00957	0.00822	0.00578	0.10811	0.01643	0.02735	0.02111	0.02381	0.01642	0.00785	0.00496	0.00162	0.00370	0.00623	0.69404	0.00695
9	0.02398	0.02050	0.01956	0.01593	0.01994	0.18410	0.01288	0.37398	0.02405	0.09047	0.01446	0.01553	0.01078	0.00843	0.00913	0.00211	0.13313	0.00568	0.00547	0.00990
10	0.15056	0.38931	0.08609	0.01320	0.01845	0.20851	0.01231	0.02187	0.01471	0.01878	0.00983	0.01142	0.00839	0.00618	0.00491	0.00168	0.00836	0.00390	0.00323	0.00828
11	0.01084	0.00966	0.01126	0.05019	0.01425	0.06945	0.03703	0.01389	0.06978	0.01821	0.03396	0.51413	0.08694	0.01715	0.00804	0.00252	0.00525	0.01536	0.00575	0.00634
12	0.00853	0.00682	0.00763	0.00743	0.00943	0.00592	0.00557	0.01080	0.01672	0.02151	0.31841	0.05901	0.46706	0.01573	0.00792	0.00221	0.00331	0.01338	0.00668	0.00592
13	0.01469	0.01631	0.11250	0.06078	0.34568	0.01430	0.01669	0.02168	0.14219	0.02284	0.08648	0.02394	0.05497	0.00918	0.02685	0.00234	0.00735	0.00720	0.00444	0.00958
14	0.14850	0.07746	0.28857	0.04610	0.06091	0.01692	0.08999	0.05182	0.01431	0.02258	0.01312	0.01573	0.03034	0.00720	0.00779	0.00216	0.08867	0.00547	0.00345	0.00889
15	0.01303	0.00995	0.01277	0.01247	0.07238	0.00974	0.00828	0.05045	0.01289	0.03973	0.01692	0.02776	0.01672	0.29520	0.13783	0.00492	0.04329	0.00711	0.00412	0.20442
16	0.26115	0.05727	0.01864	0.01584	0.04942	0.16102	0.06997	0.01970	0.01346	0.02126	0.01216	0.07308	0.01135	0.00873	0.00942	0.00223	0.17796	0.00599	0.00373	0.00762

[dist]
# distance from previous block
# <min> <max>
0	5

[block]
# block no. 1 follows, 32 sequences, length 29
# corresponding to MSA columns:
# 31-59
name=unknown_B
#
# <colnr> <probs for GDERKNQSTAVLIFYWHMCP>
#	G	D	E	R	K	N	Q	S	T	A	V	L	I	F	Y	W	H	M	C	P
0	0.14614	0.01347	0.01745	0.10856	0.02034	0.01710	0.02758	0.05048	0.08383	0.02117	0.01354	0.05507	0.01215	0.01191	0.04750	0.00294	0.33260	0.00649	0.00393	0.00774
1	0.01262	0.01088	0.01465	0.01682	0.18148	0.01015	0.01031	0.01735	0.08876	0.02328	0.21754	0.03424	0.14586	0.01008	0.00687	0.00189	0.00496	0.00880	0.00544	0.17802
2	0.01396	0.00811	0.01028	0.00936	0.01175	0.00741	0.00713	0.04388	0.01797	0.16941	0.33716	0.16516	0.14360	0.01408	0.00774	0.00223	0.00402	0.01224	0.00719	0.00735
3	0.06249	0.01852	0.01965	0.01513	0.02044	0.02054	0.01250	0.66795	0.03060	0.04171	0.01579	0.01586	0.01122	0.00797	0.00659	0.00202	0.00728	0.00593	0.00659	0.01122
4	0.02607	0.01155	0.01516	0.01144	0.01682	0.00963	0.00939	0.02876	0.01789	0.55130	0.02285	0.02061	0.01495	0.00747	0.00630	0.00181	0.00553	0.00606	0.00723	0.20919
5	0.01794	0.76823	0.03516	0.01148	0.01722	0.02655	0.01148	0.02009	0.01363	0.01579	0.00933	0.01076	0.00861	0.00574	0.00431	0.00144	0.00718	0.00359	0.00287	0.00861
6	0.01346	0.03471	0.72942	0.01912	0.02904	0.01558	0.02479	0.02125	0.01417	0.02125	0.01204	0.01417	0.00850	0.00637	0.00637	0.00212	0.00992	0.00496	0.00283	0.00992
7	0.00942	0.00669	0.00787	0.00770	0.00940	0.00608	0.00573	0.01204	0.01683	0.02353	0.38808	0.09380	0.24188	0.01421	0.00748	0.00211	0.00327	0.01226	0.12554	0.00608
8	0.00818	0.00584	0.00779	0.00934	0.00973	0.00545	0.00623	0.00934	0.01285	0.01713	0.03698	0.75981	0.04438	0.02102	0.00856	0.00273	0.00389	0.01908	0.00623	0.00545
9	0.21378	0.01327	0.01506	0.01192	0.01684	0.01338	0.00981	0.15399	0.04488	0.40898	0.02052	0.01884	0.01357	0.00780	0.00613	0.00207	0.00588	0.00591	0.00697	0.01041
10	0.01381	0.08717	0.29139	0.06218	0.02530	0.01499	0.14423	0.04010	0.05125	0.02052	0.01721	0.12834	0.01576	0.04811	0.00831	0.00242	0.00848	0.00798	0.00385	0.00860
11	0.01578	0.01510	0.02574	0.18986	0.58012	0.01572	0.02018	0.01987	0.01489	0.02092	0.01248	0.01688	0.01027	0.00613	0.00666	0.00204	0.00818	0.00598	0.00325	0.00996
12	0.00843	0.00661	0.00764	0.00782	0.00948	0.00581	0.00570	0.01044	0.01582	0.02043	0.24780	0.21218	0.38407	0.01693	0.00806	0.00232	0.00344	0.01465	0.00656	0.00581
13	0.14773	0.27708	0.02309	0.01386	0.01832	0.33479	0.01154	0.06784	0.01681	0.02009	0.01023	0.01172	0.00860	0.00648	0.00520	0.00170	0.00902	0.00408	0.00358	0.00822
14	0.04602	0.01898	0.03835	0.01705	0.01831	0.18804	0.01408	0.01878	0.01249	0.01684	0.00956	0.01428	0.00895	0.01145	0.03911	0.00284	0.50884	0.00544	0.00312	0.00747
15	0.01132	0.00953	0.04902	0.01125	0.01382	0.00790	0.06804	0.01424	0.03551	0.07713	0.09561	0.31078	0.20969	0.01580	0.00801	0.00244	0.00496	0.04208	0.00608	0.00679
16	0.00952	0.00676	0.00862	0.00828	0.00982	0.00624	0.00616	0.01248	0.01812	0.02574	0.60063	0.09265	0.09356	0.01397	0.00776	0.00212	0.00322	0.01230	0.05581	0.00624
17	0.01391	0.01193	0.01391	0.00994	0.01590	0.00894	0.00795	0.01690	0.01391	0.02186	0.01193	0.01391	0.00994	0.00497	0.00497	0.00099	0.00497	0.00398	0.00398	0.80521
18	0.00836	0.00681	0.00740	0.00725	0.00933	0.00585	0.00544	0.01047	0.01632	0.02056	0.24817	0.06057	0.53790	0.01609	0.00793	0.00222	0.00333	0.01360	0.00655	0.00585
19	0.01364	0.01161	0.01361	0.00985	0.01554	0.00878	0.00785	0.01663	0.01423	0.02218	0.05553	0.01615	0.01323	0.00551	0.00515	0.00106	0.00486	0.00448	0.00419	0.75593
20	0.00937	0.00642	0.00775	0.00806	0.00835	0.00635	0.00498	0.01003	0.01132	0.01529	0.08559	0.20599	0.03194	0.49268	0.06273	0.00549	0.00622	0.01195	0.00482	0.00468
21	0.01467	0.01341	0.02140	0.02996	0.46604	0.01287	0.01597	0.01805	0.01473	0.02115	0.01720	0.12026	0.01679	0.00861	0.00679	0.00199	0.00681	0.04846	0.00400	0.14083
22	0.02192	0.01558	0.01706	0.01406	0.01864	0.01719	0.01129	0.27957	0.35797	0.13708	0.02307	0.02143	0.01657	0.00860	0.00677	0.00215	0.00613	0.00689	0.00700	0.01103
23	0.01433	0.01200	0.01929	0.62654	0.04138	0.01436	0.01715	0.01927	0.04652	0.07568	0.01383	0.01848	0.01015	0.00689	0.00665	0.00218	0.00836	0.00603	0.00363	0.03727
24	0.01497	0.16141	0.56529	0.01757	0.02648	0.01781	0.02174	0.06247	0.01513	0.02158	0.01182	0.01369	0.00870	0.00637	0.00604	0.00200	0.00928	0.00479	0.00308	0.00978
25	0.01516	0.31395	0.46513	0.01621	0.02454	0.01976	0.01972	0.02081	0.01396	0.01917	0.01101	0.01287	0.00854	0.00613	0.00559	0.00186	0.00887	0.00444	0.00285	0.00942
26	0.00829	0.00606	0.00780	0.00894	0.00968	0.00557	0.00610	0.00974	0.01381	0.01831	0.11499	0.59936	0.12715	0.01974	0.00842	0.00260	0.00375	0.01773	0.00636	0.00557
27	0.01717	0.18759	0.31652	0.01795	0.02508	0.03766	0.12395	0.04690	0.01531	0.08557	0.01293	0.01489	0.00966	0.00671	0.00716	0.00203	0.05449	0.00536	0.00360	0.00948
28	0.01808	0.03242	0.05593	0.01779	0.11771	0.02842	0.09188	0.04938	0.04900	0.19740	0.02442	0.16221	0.05675	0.01018	0.00708	0.00214	0.00662	0.00913	0.00559	0.05786

[dist]
# distance from previous block
# <min> <max>
0	14

[block]
# block no. 2 follows, 32 sequences, length 54
# corresponding to MSA columns:
# 74-127
name=unknown_C
#
# <colnr> <probs for GDERKNQSTAVLIFYWHMCP>
#	G	D	E	R	K	N	Q	S	T	A	V	L	I	F	Y	W	H	M	C	P
0	0.00877	0.00683	0.00904	0.08807	0.01354	0.00662	0.00732	0.01065	0.01421	0.01855	0.12493	0.43863	0.19269	0.01769	0.00814	0.00250	0.00424	0.01572	0.00602	0.00582
1	0.00880	0.00664	0.00823	0.00895	0.01032	0.00607	0.00672	0.01081	0.01511	0.01963	0.16251	0.30263	0.25410	0.01809	0.00838	0.00254	0.00403	0.13421	0.00642	0.00580
2	0.01391	0.01193	0.01391	0.00994	0.01590	0.00894	0.00795	0.01690	0.01391	0.02186	0.01193	0.01391	0.00994	0.00497	0.00497	0.00099	0.00497	0.00398	0.00398	0.80521
3	0.01802	0.13187	0.02567	0.17286	0.05594	0.08583	0.12654	0.14396	0.04177	0.02261	0.01260	0.01578	0.00997	0.00733	0.00836	0.00211	0.10019	0.00583	0.00390	0.00887
4	0.00869	0.00690	0.00792	0.00837	0.01024	0.00613	0.00653	0.01074	0.01535	0.01910	0.10655	0.13651	0.45579	0.01749	0.00828	0.00248	0.00403	0.15677	0.00631	0.00580
5	0.01794	0.76823	0.03516	0.01148	0.01722	0.02655	0.01148	0.02009	0.01363	0.01579	0.00933	0.01076	0.00861	0.00574	0.00431	0.00144	0.00718	0.00359	0.00287	0.00861
6	0.00909	0.00676	0.00858	0.00981	0.01056	0.00666	0.00670	0.01217	0.08780	0.01830	0.03594	0.68083	0.04181	0.01974	0.00838	0.00268	0.00405	0.01784	0.00629	0.00601
7	0.01486	0.01430	0.02471	0.34765	0.39746	0.01554	0.05048	0.01914	0.01450	0.01983	0.01236	0.01723	0.00988	0.00628	0.00673	0.00211	0.00855	0.00606	0.00318	0.00918
8	0.00950	0.00686	0.00897	0.00844	0.01002	0.00633	0.00633	0.01266	0.01899	0.02691	0.71879	0.05012	0.06331	0.01372	0.00791	0.00211	0.00317	0.01213	0.00739	0.00633
9	0.00860	0.00616	0.00819	0.00925	0.00997	0.00575	0.00644	0.01033	0.01443	0.01960	0.20084	0.56139	0.04870	0.01916	0.00844	0.00259	0.00381	0.04415	0.00650	0.00569
10	0.01468	0.01468	0.02055	0.01762	0.01762	0.02055	0.01468	0.01615	0.01028	0.01615	0.00881	0.01468	0.00881	0.01174	0.02202	0.00294	0.75191	0.00587	0.00294	0.00734
11	0.00959	0.00719	0.01078	0.01078	0.01198	0.00839	0.00839	0.01198	0.01078	0.01558	0.01797	0.02636	0.01677	0.05032	0.73760	0.01078	0.01797	0.00719	0.00359	0.00599
12	0.00970	0.00673	0.00846	0.00846	0.00886	0.00713	0.00550	0.01049	0.01010	0.01386	0.02009	0.03810	0.02187	0.52807	0.26682	0.00792	0.01030	0.00891	0.00391	0.00470
13	0.05405	0.00974	0.01293	0.01109	0.01472	0.00875	0.00883	0.02462	0.01714	0.45619	0.05751	0.19911	0.02615	0.01211	0.00729	0.00230	0.00519	0.05551	0.00747	0.00929
14	0.01741	0.01477	0.01558	0.01380	0.01772	0.01703	0.01080	0.09008	0.65461	0.02923	0.02639	0.02430	0.01974	0.00902	0.00682	0.00225	0.00548	0.00746	0.00682	0.01069
15	0.01584	0.01810	0.03959	0.02828	0.03507	0.01697	0.69796	0.02149	0.01584	0.02149	0.01357	0.01810	0.01018	0.00566	0.00792	0.00226	0.01131	0.00792	0.00339	0.00905
16	0.00840	0.00586	0.00771	0.00919	0.00963	0.00549	0.00615	0.00966	0.01291	0.01753	0.03621	0.72238	0.04299	0.02035	0.00837	0.00267	0.00385	0.01842	0.04674	0.00549
17	0.01047	0.00655	0.00701	0.00689	0.00867	0.00609	0.00517	0.01317	0.01551	0.02335	0.18769	0.04244	0.23953	0.01188	0.00637	0.00189	0.00322	0.00993	0.38806	0.00609
18	0.00862	0.00618	0.00819	0.00904	0.00983	0.00575	0.00626	0.01047	0.01493	0.02044	0.26773	0.51963	0.05079	0.01855	0.00834	0.00252	0.00365	0.01673	0.00662	0.00575
19	0.01606	0.01723	0.03302	0.07225	0.06461	0.04657	0.49240	0.06428	0.01656	0.02201	0.01537	0.07840	0.01294	0.00721	0.00768	0.00225	0.01017	0.00834	0.00381	0.00883
20	0.01526	0.01457	0.02480	0.28326	0.49079	0.01559	0.01992	0.01941	0.01464	0.02029	0.01238	0.01705	0.01005	0.00623	0.00667	0.00208	0.00830	0.00597	0.00320	0.00954
21	0.00959	0.00719	0.01078	0.01078	0.01198	0.00839	0.00839	0.01198	0.01078	0.01558	0.01797	0.02636	0.01677	0.05032	0.73760	0.01078	0.01797	0.00719	0.00359	0.00599
22	0.01388	0.01348	0.06278	0.01057	0.01680	0.00940	0.00910	0.01719	0.01393	0.02182	0.01193	0.01393	0.00984	0.00507	0.00507	0.00107	0.00531	0.00404	0.00390	0.75089
23	0.01478	0.01595	0.05183	0.01910	0.02040	0.01987	0.10610	0.01707	0.01117	0.01707	0.00957	0.01511	0.00898	0.01072	0.01951	0.00281	0.62317	0.00611	0.00299	0.00767
24	0.00818	0.00584	0.00779	0.00934	0.00973	0.00545	0.00623	0.00934	0.01285	0.01713	0.03698	0.75981	0.04438	0.02102	0.00856	0.00273	0.00389	0.01908	0.00623	0.00545
25	0.01146	0.00774	0.00901	0.00834	0.01072	0.00692	0.00636	0.04099	0.01746	0.09531	0.27417	0.08635	0.37041	0.01484	0.00778	0.00221	0.00375	0.01263	0.00684	0.00670
26	0.13532	0.04542	0.04109	0.07325	0.07288	0.48586	0.01347	0.02425	0.01694	0.01897	0.01053	0.01273	0.00861	0.00669	0.00584	0.00184	0.01038	0.00447	0.00348	0.00798
27	0.01791	0.01100	0.01401	0.14887	0.05278	0.01172	0.01047	0.12219	0.05862	0.14542	0.01983	0.02160	0.01458	0.00772	0.00594	0.00191	0.00564	0.00632	0.31492	0.00859
28	0.00976	0.00658	0.00768	0.00791	0.00808	0.00656	0.00483	0.01012	0.01048	0.01392	0.02344	0.08975	0.02693	0.64954	0.03028	0.00596	0.00632	0.07312	0.00439	0.00435
29	0.01744	0.68599	0.11300	0.01234	0.01855	0.02532	0.01297	0.02022	0.01369	0.01640	0.00963	0.01114	0.00860	0.00581	0.00454	0.00151	0.00748	0.00374	0.00287	0.00876
30	0.01367	0.06933	0.69666	0.01876	0.02848	0.01610	0.02416	0.02119	0.01414	0.02099	0.01191	0.01401	0.00851	0.00634	0.00628	0.00209	0.00979	0.00489	0.00284	0.00985
31	0.01767	0.01490	0.01573	0.01385	0.01782	0.01715	0.01086	0.10965	0.63462	0.02965	0.02606	0.02404	0.01947	0.00899	0.00681	0.00225	0.00554	0.00741	0.00681	0.01071
32	0.06173	0.01662	0.01830	0.01413	0.01929	0.01784	0.01166	0.51029	0.02755	0.18267	0.01812	0.01754	0.01247	0.00802	0.00654	0.00202	0.00681	0.00608	0.03125	0.01107
33	0.00860	0.00614	0.00827	0.00983	0.01040	0.00582	0.00697	0.01008	0.01326	0.01760	0.03675	0.64973	0.04345	0.02062	0.00868	0.00278	0.00426	0.12497	0.00622	0.00557
34	0.00811	0.00673	0.00710	0.00716	0.00921	0.00572	0.00531	0.00992	0.01549	0.01895	0.13237	0.11645	0.60044	0.01697	0.00798	0.00229	0.00341	0.01433	0.00635	0.00572
35	0.01929	0.01413	0.01547	0.01346	0.01755	0.01577	0.01060	0.06652	0.56548	0.14273	0.02664	0.02425	0.01942	0.00892	0.00681	0.00223	0.00547	0.00738	0.00706	0.01079
36	0.00826	0.00602	0.00773	0.00896	0.00961	0.00555	0.00605	0.00957	0.01336	0.01766	0.07708	0.62684	0.11744	0.04045	0.00916	0.00275	0.00387	0.01791	0.00623	0.00548
37	0.72709	0.01360	0.01097	0.00953	0.01382	0.01567	0.00786	0.09284	0.01358	0.03141	0.01007	0.01146	0.00771	0.00642	0.00443	0.00207	0.00543	0.00389	0.00443	0.00771
38	0.00873	0.00597	0.00809	0.00942	0.00986	0.00564	0.00644	0.00963	0.01274	0.01700	0.05512	0.62121	0.04113	0.02091	0.01048	0.08893	0.00420	0.05335	0.00591	0.00524
39	0.00836	0.00605	0.00793	0.00930	0.00993	0.00562	0.00641	0.00974	0.01340	0.01775	0.06627	0.64663	0.09094	0.02032	0.00853	0.00269	0.00395	0.05437	0.00627	0.00554
40	0.00908	0.00671	0.00848	0.00832	0.00984	0.00611	0.00613	0.01175	0.01759	0.02424	0.52682	0.15037	0.15927	0.01522	0.00801	0.00222	0.00330	0.01340	0.00705	0.00611
41	0.01364	0.06451	0.70121	0.01881	0.02856	0.01603	0.02425	0.02120	0.01414	0.02103	0.01193	0.01403	0.00850	0.00635	0.00629	0.00210	0.00981	0.00490	0.00283	0.00986
42	0.01578	0.02049	0.18611	0.03411	0.45334	0.01603	0.13405	0.02089	0.01512	0.02170	0.01265	0.01631	0.01008	0.00601	0.00679	0.00207	0.00896	0.00607	0.00322	0.01021
43	0.01123	0.00586	0.00859	0.00874	0.00878	0.00582	0.00579	0.00884	0.00919	0.01226	0.01458	0.09526	0.01545	0.05374	0.02479	0.69159	0.00566	0.00731	0.00329	0.00321
44	0.00910	0.00677	0.00847	0.00821	0.00982	0.00614	0.00609	0.01183	0.01781	0.02448	0.54263	0.10935	0.18469	0.01491	0.00797	0.00219	0.00327	0.01307	0.00708	0.00614
45	0.01704	0.03722	0.19208	0.11240	0.22928	0.03485	0.11368	0.02227	0.03136	0.10412	0.01459	0.01727	0.01085	0.00653	0.00666	0.00208	0.00866	0.00604	0.02330	0.00972
46	0.01701	0.50319	0.21465	0.01456	0.02142	0.02292	0.05245	0.05132	0.01470	0.01872	0.01057	0.01229	0.00879	0.00601	0.00515	0.00169	0.00812	0.00429	0.00306	0.00910
47	0.01029	0.00760	0.01076	0.01064	0.01188	0.00864	0.00816	0.03930	0.01168	0.01652	0.01893	0.02983	0.01826	0.12853	0.60060	0.00965	0.01580	0.03307	0.00387	0.00600
48	0.00936	0.00618	0.00817	0.00938	0.01011	0.00570	0.00638	0.01063	0.01329	0.05590	0.03765	0.69181	0.06985	0.02017	0.00844	0.00267	0.00397	0.01821	0.00634	0.00578
49	0.01238	0.01131	0.03671	0.13813	0.09427	0.01138	0.02726	0.01914	0.15978	0.02369	0.27287	0.06392	0.07994	0.01087	0.00733	0.00219	0.00553	0.00960	0.00574	0.00795
50	0.02176	0.06274	0.03831	0.01632	0.05808	0.04850	0.07883	0.25098	0.04977	0.17473	0.04596	0.07083	0.01674	0.00868	0.00678	0.00206	0.00713	0.00732	0.02448	0.01000
51	0.06073	0.01703	0.10584	0.06909	0.08474	0.08037	0.04773	0.04555	0.07843	0.11387	0.04013	0.02267	0.04378	0.03979	0.02641	0.00245	0.02891	0.02079	0.00476	0.06692
52	0.07326	0.10394	0.21090	0.01797	0.05216	0.12830	0.10927	0.06019	0.03790	0.09345	0.04072	0.01659	0.01221	0.00692	0.00630	0.00199	0.00878	0.00566	0.00418	0.00929
53	0.14047	0.07583	0.12296	0.01499	0.03815	0.05714	0.04719	0.13957	0.14224	0.02688	0.01485	0.01580	0.01132	0.00687	0.00588	0.00190	0.00717	0.00531	0.00466	0.12084

[dist]
# distance from previous block
# <min> <max>
0	66

[block]
# block no. 3 follows, 32 sequences, length 22
# corresponding to MSA columns:
# 194-215
name=unknown_D
#
# <colnr> <probs for GDERKNQSTAVLIFYWHMCP>
#	G	D	E	R	K	N	Q	S	T	A	V	L	I	F	Y	W	H	M	C	P
0	0.06010	0.00752	0.00853	0.00822	0.01046	0.00679	0.00618	0.01327	0.01590	0.09424	0.19929	0.16254	0.35179	0.01533	0.00767	0.00227	0.00377	0.01306	0.00657	0.00647
1	0.40394	0.05561	0.01565	0.12195	0.04061	0.04055	0.01091	0.12695	0.01561	0.04732	0.01223	0.03619	0.00983	0.00726	0.00585	0.00209	0.02977	0.00508	0.00441	0.00820
2	0.08453	0.04480	0.16540	0.02249	0.23615	0.01577	0.01628	0.10695	0.06090	0.04713	0.03218	0.01665	0.01202	0.00683	0.00652	0.00195	0.02339	0.00558	0.00425	0.09023
3	0.66916	0.01369	0.01108	0.00967	0.01385	0.03893	0.00791	0.06233	0.01357	0.06846	0.03284	0.01314	0.00983	0.00671	0.00463	0.00206	0.00552	0.00424	0.00462	0.00774
4	0.05803	0.01162	0.01340	0.00994	0.01530	0.00937	0.00794	0.03632	0.01500	0.04872	0.08756	0.01798	0.01575	0.00617	0.00535	0.00124	0.00488	0.00498	0.00458	0.62587
5	0.02410	0.01482	0.01680	0.01315	0.01781	0.01555	0.01076	0.41460	0.02585	0.20871	0.07957	0.02149	0.01767	0.00858	0.00664	0.00200	0.00623	0.00676	0.07837	0.01051
6	0.01539	0.02075	0.23082	0.06890	0.05394	0.01482	0.31866	0.02093	0.01524	0.07400	0.01622	0.06584	0.01328	0.00757	0.00736	0.00226	0.00958	0.03150	0.00385	0.00910
7	0.01435	0.00990	0.01336	0.01191	0.01446	0.00989	0.05838	0.08439	0.07718	0.09397	0.17857	0.13465	0.03411	0.09477	0.01064	0.00282	0.00554	0.11395	0.02963	0.00752
8	0.00827	0.00668	0.00736	0.00747	0.00935	0.00577	0.00550	0.01019	0.01568	0.01972	0.19196	0.15815	0.49659	0.01691	0.00801	0.00230	0.00342	0.01444	0.00646	0.00577
9	0.04330	0.01728	0.05702	0.01435	0.01969	0.01731	0.01229	0.43584	0.07460	0.18978	0.01894	0.01822	0.01308	0.00804	0.00660	0.00204	0.00685	0.00619	0.02752	0.01104
10	0.01706	0.01580	0.02565	0.03720	0.62384	0.01594	0.01915	0.08449	0.01682	0.02368	0.01544	0.01871	0.04251	0.00667	0.00671	0.00201	0.00771	0.00635	0.00377	0.01048
11	0.06616	0.04282	0.04347	0.01480	0.07921	0.07417	0.01112	0.01926	0.06272	0.08856	0.07011	0.05290	0.12781	0.02802	0.00966	0.00234	0.11379	0.05273	0.00505	0.03529
12	0.01328	0.01173	0.01189	0.01124	0.01397	0.06085	0.00871	0.02246	0.30174	0.02385	0.16222	0.06472	0.17789	0.01273	0.00749	0.00230	0.00502	0.07341	0.00649	0.00801
13	0.02328	0.21905	0.02321	0.01568	0.01985	0.50650	0.01257	0.07140	0.01850	0.01804	0.01050	0.01203	0.00883	0.00669	0.00565	0.00167	0.01052	0.00425	0.00353	0.00824
14	0.08598	0.00832	0.01157	0.01244	0.06077	0.00937	0.00891	0.01316	0.01144	0.01755	0.01997	0.02665	0.06016	0.04097	0.57137	0.00881	0.01515	0.00721	0.00380	0.00641
15	0.01343	0.01357	0.05730	0.49344	0.12971	0.01476	0.01779	0.01925	0.07968	0.01904	0.01439	0.02015	0.01139	0.00910	0.03955	0.00261	0.00885	0.02430	0.00350	0.00820
16	0.01710	0.25106	0.07369	0.01483	0.01907	0.01993	0.05492	0.14869	0.04777	0.02254	0.03411	0.04111	0.01319	0.01148	0.06213	0.00270	0.14676	0.00605	0.00412	0.00875
17	0.07739	0.04413	0.06319	0.01427	0.01896	0.11753	0.01211	0.31796	0.02242	0.12734	0.01597	0.01782	0.01208	0.05577	0.03116	0.00255	0.02825	0.00584	0.00556	0.00970
18	0.01571	0.01307	0.01486	0.01102	0.01670	0.01125	0.00884	0.10913	0.08225	0.02516	0.01394	0.01526	0.01113	0.00577	0.00538	0.00125	0.00532	0.00459	0.00461	0.62478
19	0.11770	0.01440	0.01633	0.01283	0.01770	0.01489	0.01053	0.30090	0.04410	0.30212	0.06433	0.02052	0.01650	0.00833	0.00651	0.00206	0.00615	0.00647	0.00707	0.01058
20	0.02169	0.38065	0.02666	0.01454	0.01908	0.40068	0.01226	0.02362	0.01647	0.01612	0.00988	0.01147	0.00863	0.00636	0.00522	0.00159	0.00977	0.00397	0.00318	0.00817
21	0.00808	0.00680	0.00700	0.00695	0.00915	0.00573	0.00521	0.00992	0.01564	0.01896	0.12966	0.06320	0.65740	0.01668	0.00793	0.00225	0.00338	0.01397	0.00634	0.00573

[dist]
# distance from previous block
# <min> <max>
0	0

# created by:
# /home/berkeley/.conda/envs/busco_data_prod/bin/msa2prfl.pl pipeline/OGs_align_augustus/4893/35075.fs
