[name]
unknown

[dist]
# distance from previous block
# <min> <max>
21	79

[block]
# block no. 0 follows, 31 sequences, length 16
# corresponding to MSA columns:
# 122-137
name=unknown_A
#
# <colnr> <probs for GDERKNQSTAVLIFYWHMCP>
#	G	D	E	R	K	N	Q	S	T	A	V	L	I	F	Y	W	H	M	C	P
0	0.08005	0.12774	0.12905	0.01544	0.02083	0.05301	0.08855	0.14051	0.07927	0.06164	0.06248	0.07760	0.01740	0.00868	0.00658	0.00209	0.00756	0.00721	0.00502	0.00930
1	0.13914	0.06341	0.09630	0.01579	0.02094	0.06271	0.14784	0.10937	0.03647	0.02513	0.04387	0.07985	0.07273	0.00891	0.00666	0.00211	0.00761	0.00768	0.00468	0.04878
2	0.25542	0.06593	0.21215	0.04469	0.02077	0.09267	0.01430	0.02211	0.06612	0.04804	0.01429	0.06161	0.01189	0.00792	0.00645	0.00215	0.03503	0.00576	0.00410	0.00860
3	0.07067	0.09202	0.04420	0.03725	0.01967	0.09203	0.06574	0.11563	0.13456	0.09529	0.11289	0.02419	0.04918	0.00879	0.00668	0.00207	0.00706	0.00719	0.00565	0.00923
4	0.05268	0.04556	0.11859	0.03735	0.02070	0.03243	0.01322	0.25839	0.11399	0.08635	0.03865	0.05615	0.01562	0.00850	0.00659	0.00205	0.00703	0.00673	0.00575	0.07369
5	0.07161	0.05007	0.08498	0.01535	0.02053	0.01520	0.11105	0.12759	0.14718	0.14499	0.05168	0.05062	0.06064	0.00900	0.00693	0.00219	0.00695	0.00774	0.00591	0.00978
6	0.10703	0.04896	0.08288	0.03593	0.02114	0.05369	0.06353	0.11916	0.27117	0.05315	0.01853	0.01894	0.01391	0.00811	0.00748	0.00222	0.05259	0.00633	0.00537	0.00988
7	0.06496	0.15831	0.09609	0.05928	0.02203	0.04020	0.07820	0.13000	0.01709	0.02398	0.01356	0.04194	0.01135	0.00912	0.04254	0.00225	0.00818	0.00566	0.00412	0.17115
8	0.10777	0.04824	0.01867	0.24560	0.02721	0.07403	0.05457	0.04532	0.07564	0.11819	0.05188	0.02327	0.04433	0.00833	0.00666	0.00218	0.00758	0.02707	0.00490	0.00856
9	0.09486	0.01276	0.01351	0.05647	0.01666	0.04928	0.00949	0.19638	0.04379	0.05683	0.02651	0.22701	0.07914	0.05777	0.00884	0.00255	0.00607	0.01046	0.00586	0.02575
10	0.10640	0.01146	0.01490	0.16016	0.02141	0.01226	0.04466	0.09138	0.06494	0.04547	0.05849	0.16595	0.05596	0.05793	0.00875	0.00252	0.00627	0.00950	0.00523	0.05637
11	0.04519	0.01296	0.04790	0.07107	0.01989	0.01109	0.05201	0.02131	0.08327	0.13614	0.01963	0.11853	0.01687	0.00857	0.00641	0.00184	0.00603	0.00742	0.00521	0.30864
12	0.05530	0.02058	0.23246	0.07121	0.02337	0.04266	0.04397	0.05766	0.10159	0.04424	0.04115	0.09373	0.01639	0.00959	0.00912	0.00236	0.11378	0.00748	0.00444	0.00892
13	0.09198	0.07734	0.05647	0.08273	0.02342	0.08318	0.12642	0.10918	0.04914	0.10205	0.05923	0.06353	0.01641	0.00841	0.00699	0.00214	0.02021	0.00716	0.00500	0.00903
14	0.01015	0.00683	0.00849	0.00905	0.01015	0.00635	0.00639	0.01162	0.01396	0.05392	0.09047	0.33129	0.15330	0.17089	0.01391	0.00345	0.00471	0.08321	0.00609	0.00576
15	0.03911	0.01570	0.02245	0.44382	0.17876	0.09029	0.04780	0.04519	0.01541	0.01996	0.01230	0.01709	0.00954	0.00670	0.00673	0.00216	0.00918	0.00593	0.00336	0.00851

[dist]
# distance from previous block
# <min> <max>
0	1

[block]
# block no. 1 follows, 31 sequences, length 26
# corresponding to MSA columns:
# 139-164
name=unknown_B
#
# <colnr> <probs for GDERKNQSTAVLIFYWHMCP>
#	G	D	E	R	K	N	Q	S	T	A	V	L	I	F	Y	W	H	M	C	P
0	0.09992	0.01577	0.02179	0.31070	0.08831	0.07389	0.10137	0.10446	0.01672	0.02303	0.01522	0.01890	0.04351	0.00744	0.00719	0.00220	0.03080	0.00636	0.00393	0.00849
1	0.01599	0.00893	0.01122	0.01049	0.01298	0.00850	0.00790	0.02007	0.10031	0.21675	0.10639	0.25569	0.08856	0.06454	0.00965	0.00271	0.00482	0.03955	0.00699	0.00795
2	0.01981	0.01445	0.01926	0.05087	0.02105	0.05348	0.12210	0.08816	0.18105	0.18637	0.02295	0.08848	0.01864	0.07004	0.00948	0.00260	0.00724	0.00840	0.00606	0.00950
3	0.01547	0.01409	0.02292	0.51859	0.08588	0.01638	0.08344	0.12001	0.01683	0.02209	0.01301	0.01790	0.00973	0.00689	0.00696	0.00223	0.00905	0.00629	0.00368	0.00858
4	0.01418	0.01590	0.07960	0.22252	0.02931	0.01772	0.11388	0.01772	0.01254	0.01792	0.01135	0.01700	0.00965	0.01138	0.05404	0.00307	0.33491	0.00631	0.00310	0.00790
5	0.00878	0.00674	0.00810	0.00888	0.01018	0.00619	0.00635	0.01100	0.03731	0.01912	0.10215	0.41218	0.26857	0.01894	0.00844	0.00257	0.00390	0.04822	0.00646	0.00591
6	0.14343	0.16509	0.05192	0.08584	0.15993	0.14227	0.04492	0.02079	0.01475	0.02048	0.01245	0.05492	0.01110	0.00741	0.00659	0.00201	0.03826	0.00572	0.00356	0.00856
7	0.01712	0.04960	0.01546	0.05401	0.04187	0.08059	0.01007	0.09678	0.14277	0.08684	0.11899	0.04764	0.02420	0.14642	0.03524	0.00321	0.00702	0.00817	0.00567	0.00832
8	0.01117	0.00728	0.00895	0.00863	0.01063	0.00646	0.00643	0.01350	0.01707	0.09665	0.31614	0.18187	0.25790	0.01580	0.00807	0.00231	0.00371	0.01373	0.00705	0.00663
9	0.64271	0.01289	0.01129	0.00967	0.01413	0.01422	0.00797	0.02292	0.01333	0.17754	0.01324	0.01370	0.00943	0.00680	0.00480	0.00212	0.00540	0.00438	0.00513	0.00831
10	0.01324	0.01215	0.01973	0.61982	0.07543	0.01469	0.01765	0.04124	0.01437	0.01851	0.01531	0.02134	0.04179	0.03792	0.00803	0.00244	0.00866	0.00662	0.00339	0.00768
11	0.01547	0.01481	0.02223	0.09296	0.22171	0.01832	0.01659	0.04545	0.01327	0.01940	0.01210	0.05188	0.01140	0.01010	0.01515	0.00260	0.39790	0.00669	0.00343	0.00854
12	0.00995	0.00663	0.00746	0.00746	0.00746	0.00663	0.00415	0.00995	0.00995	0.01327	0.02156	0.04477	0.02487	0.75957	0.03482	0.00663	0.00663	0.00995	0.00415	0.00415
13	0.02556	0.03261	0.01939	0.01763	0.02115	0.73210	0.01322	0.02732	0.01939	0.01674	0.01058	0.01234	0.00881	0.00705	0.00617	0.00176	0.01234	0.00441	0.00353	0.00793
14	0.00873	0.00713	0.00774	0.00771	0.00978	0.00628	0.00573	0.01132	0.04006	0.02051	0.19166	0.11696	0.50884	0.01672	0.00810	0.00232	0.00353	0.01420	0.00661	0.00607
15	0.00834	0.00595	0.00794	0.00953	0.00992	0.00556	0.00635	0.00953	0.01310	0.01746	0.03771	0.75510	0.04525	0.02143	0.00873	0.00278	0.00397	0.01945	0.00635	0.00556
16	0.01829	0.76368	0.03585	0.01171	0.01756	0.02707	0.01171	0.02049	0.01390	0.01610	0.00951	0.01097	0.00878	0.00585	0.00439	0.00146	0.00732	0.00366	0.00293	0.00878
17	0.01349	0.01251	0.02051	0.62735	0.09963	0.01508	0.01834	0.04099	0.01456	0.01882	0.01491	0.02019	0.04072	0.00729	0.00689	0.00225	0.00873	0.00646	0.00335	0.00793
18	0.00869	0.00630	0.00804	0.00894	0.00972	0.00583	0.00609	0.01023	0.01429	0.01914	0.16829	0.50027	0.11089	0.07687	0.01057	0.00291	0.00399	0.01689	0.00641	0.00564
19	0.01010	0.00692	0.00808	0.00791	0.00828	0.00692	0.00473	0.01046	0.01022	0.01388	0.02086	0.04180	0.02352	0.66046	0.10115	0.00683	0.00770	0.00946	0.00410	0.03661
20	0.05304	0.01559	0.02415	0.27250	0.30099	0.04218	0.06277	0.06661	0.01580	0.02198	0.01249	0.01690	0.00995	0.00684	0.00762	0.00218	0.04958	0.00605	0.00354	0.00924
21	0.04271	0.01401	0.02267	0.42218	0.27563	0.01600	0.01890	0.04933	0.01501	0.02076	0.01242	0.01737	0.00976	0.00677	0.00716	0.00220	0.02885	0.00600	0.00337	0.00889
22	0.11805	0.02251	0.05155	0.13189	0.05709	0.30019	0.04716	0.05479	0.01660	0.02089	0.01128	0.01422	0.00907	0.00713	0.00741	0.00201	0.06727	0.00506	0.00365	0.05219
23	0.02106	0.02118	0.04719	0.07809	0.02207	0.24231	0.01304	0.15542	0.12589	0.06094	0.04674	0.01828	0.01424	0.00802	0.00720	0.00200	0.03856	0.00595	0.00508	0.06675
24	0.13797	0.08588	0.09413	0.12536	0.02777	0.07709	0.19017	0.08657	0.03423	0.02387	0.01266	0.01552	0.00968	0.00650	0.00638	0.00206	0.00893	0.00574	0.00386	0.04566
25	0.03723	0.09579	0.02250	0.07476	0.02291	0.08431	0.12973	0.07016	0.18421	0.08143	0.05705	0.05092	0.01746	0.00854	0.00735	0.00216	0.03168	0.00732	0.00521	0.00927

[dist]
# distance from previous block
# <min> <max>
0	38

[block]
# block no. 2 follows, 31 sequences, length 23
# corresponding to MSA columns:
# 203-225
name=unknown_C
#
# <colnr> <probs for GDERKNQSTAVLIFYWHMCP>
#	G	D	E	R	K	N	Q	S	T	A	V	L	I	F	Y	W	H	M	C	P
0	0.13840	0.09987	0.01916	0.09565	0.02031	0.04850	0.04619	0.09748	0.01563	0.06161	0.03568	0.08310	0.01531	0.04317	0.03127	0.00270	0.12634	0.00707	0.00448	0.00807
1	0.01331	0.04393	0.03714	0.01120	0.01307	0.04199	0.00871	0.01508	0.01427	0.10603	0.05241	0.38900	0.08633	0.04849	0.01055	0.00270	0.07947	0.01360	0.00582	0.00691
2	0.10904	0.01776	0.03098	0.02270	0.02870	0.04775	0.43421	0.07535	0.01664	0.02425	0.01305	0.01661	0.00999	0.00625	0.00769	0.00214	0.03777	0.00677	0.00387	0.08847
3	0.01252	0.01160	0.01898	0.14686	0.02313	0.01289	0.13893	0.01658	0.05229	0.01957	0.10883	0.05615	0.06344	0.08038	0.10091	0.00384	0.11263	0.00883	0.00440	0.00725
4	0.76088	0.01313	0.01041	0.00919	0.01349	0.01503	0.00757	0.02091	0.01212	0.07249	0.01058	0.01185	0.00799	0.00648	0.00439	0.00212	0.00532	0.00390	0.00449	0.00767
5	0.02700	0.01444	0.08681	0.01306	0.01860	0.01154	0.01164	0.07138	0.05792	0.54045	0.05601	0.02337	0.01816	0.00855	0.00690	0.00213	0.00621	0.00695	0.00768	0.01121
6	0.09507	0.01814	0.01709	0.01466	0.01817	0.15007	0.01187	0.28165	0.02167	0.02884	0.01972	0.05068	0.05381	0.01049	0.00885	0.00229	0.09996	0.08270	0.00539	0.00888
7	0.01655	0.00888	0.01135	0.01013	0.01221	0.00879	0.00737	0.05713	0.01434	0.21335	0.02298	0.07282	0.02136	0.31438	0.17220	0.00582	0.00880	0.00884	0.00553	0.00717
8	0.01829	0.76368	0.03585	0.01171	0.01756	0.02707	0.01171	0.02049	0.01390	0.01610	0.00951	0.01097	0.00878	0.00585	0.00439	0.00146	0.00732	0.00366	0.00293	0.00878
9	0.80789	0.01323	0.01006	0.00900	0.01323	0.01535	0.00741	0.02011	0.01164	0.03070	0.00953	0.01111	0.00741	0.00635	0.00423	0.00212	0.00529	0.00370	0.00423	0.00741
10	0.00968	0.00699	0.00914	0.00861	0.01022	0.00646	0.00646	0.01291	0.01937	0.02743	0.71328	0.05110	0.06455	0.01399	0.00807	0.00215	0.00323	0.01237	0.00753	0.00646
11	0.00995	0.00663	0.00746	0.00746	0.00746	0.00663	0.00415	0.00995	0.00995	0.01327	0.02156	0.04477	0.02487	0.75957	0.03482	0.00663	0.00663	0.00995	0.00415	0.00415
12	0.02470	0.01846	0.02053	0.08863	0.02381	0.02061	0.01360	0.62627	0.03031	0.04055	0.01600	0.01661	0.01138	0.00808	0.00684	0.00208	0.00769	0.00615	0.00646	0.01123
13	0.02556	0.03261	0.01939	0.01763	0.02115	0.73210	0.01322	0.02732	0.01939	0.01674	0.01058	0.01234	0.00881	0.00705	0.00617	0.00176	0.01234	0.00441	0.00353	0.00793
14	0.00834	0.00595	0.00794	0.00953	0.00992	0.00556	0.00635	0.00953	0.01310	0.01746	0.03771	0.75510	0.04525	0.02143	0.00873	0.00278	0.00397	0.01945	0.00635	0.00556
15	0.02114	0.01563	0.01708	0.01435	0.01879	0.01736	0.01157	0.27543	0.35388	0.09506	0.02412	0.02527	0.01832	0.00943	0.00707	0.00226	0.00628	0.04907	0.00701	0.01091
16	0.03070	0.01164	0.01588	0.01217	0.01746	0.01006	0.01006	0.03334	0.01958	0.72163	0.02699	0.02329	0.01694	0.00847	0.00688	0.00212	0.00582	0.00688	0.00847	0.01164
17	0.01693	0.01626	0.02777	0.04199	0.71689	0.01626	0.02100	0.02100	0.01558	0.02235	0.01287	0.01693	0.01084	0.00610	0.00677	0.00203	0.00813	0.00610	0.00339	0.01084
18	0.01419	0.01216	0.01419	0.01013	0.01621	0.00912	0.00811	0.01723	0.01419	0.02229	0.01216	0.01419	0.01013	0.00507	0.00507	0.00101	0.00507	0.00405	0.00405	0.80139
19	0.01705	0.51741	0.20431	0.01383	0.02056	0.02342	0.01499	0.02218	0.07500	0.01858	0.01181	0.01312	0.00982	0.00632	0.00514	0.00171	0.00784	0.00436	0.00327	0.00929
20	0.03964	0.01700	0.01829	0.17604	0.02524	0.13963	0.04691	0.12207	0.15232	0.05900	0.01891	0.04301	0.03111	0.00825	0.00668	0.00209	0.00788	0.00675	0.03461	0.04459
21	0.09014	0.05886	0.08593	0.03658	0.02173	0.34261	0.03876	0.07059	0.12743	0.04276	0.01437	0.01544	0.01108	0.00730	0.00623	0.00197	0.00956	0.00527	0.00439	0.00898
22	0.13492	0.10219	0.17970	0.01573	0.02112	0.19526	0.03215	0.09556	0.04289	0.02374	0.04348	0.01548	0.01188	0.00747	0.00695	0.00203	0.05131	0.00523	0.00406	0.00889

[dist]
# distance from previous block
# <min> <max>
2	6

[block]
# block no. 3 follows, 31 sequences, length 24
# corresponding to MSA columns:
# 232-255
name=unknown_D
#
# <colnr> <probs for GDERKNQSTAVLIFYWHMCP>
#	G	D	E	R	K	N	Q	S	T	A	V	L	I	F	Y	W	H	M	C	P
0	0.18279	0.01648	0.01555	0.01325	0.01695	0.16224	0.04123	0.04327	0.08996	0.11629	0.14788	0.02286	0.02164	0.00880	0.00720	0.00209	0.04445	0.00674	0.00553	0.03479
1	0.01747	0.16925	0.32414	0.01881	0.02636	0.07513	0.13835	0.05681	0.03820	0.05378	0.01327	0.01518	0.00992	0.00655	0.00640	0.00202	0.00953	0.00550	0.00363	0.00970
2	0.08477	0.04827	0.17723	0.02044	0.02689	0.16624	0.23782	0.09412	0.01780	0.04364	0.01298	0.01540	0.00971	0.00658	0.00674	0.00209	0.01016	0.00592	0.00390	0.00931
3	0.01829	0.76368	0.03585	0.01171	0.01756	0.02707	0.01171	0.02049	0.01390	0.01610	0.00951	0.01097	0.00878	0.00585	0.00439	0.00146	0.00732	0.00366	0.00293	0.00878
4	0.01724	0.01622	0.02146	0.05159	0.27396	0.10776	0.07192	0.02212	0.09108	0.06610	0.02142	0.02492	0.08364	0.06779	0.00965	0.00249	0.02965	0.00741	0.00446	0.00912
5	0.01381	0.01176	0.01378	0.01009	0.01581	0.00889	0.00799	0.01673	0.01412	0.02198	0.01381	0.06218	0.01241	0.00613	0.00530	0.00113	0.00500	0.00505	0.00420	0.74984
6	0.01419	0.01216	0.01419	0.01013	0.01621	0.00912	0.00811	0.01723	0.01419	0.02229	0.01216	0.01419	0.01013	0.00507	0.00507	0.00101	0.00507	0.00405	0.00405	0.80139
7	0.01852	0.01696	0.01561	0.01395	0.01768	0.12346	0.01081	0.07588	0.49983	0.02752	0.02405	0.02296	0.01819	0.00877	0.00665	0.00216	0.00640	0.00702	0.07351	0.01007
8	0.00977	0.00733	0.01100	0.01100	0.01222	0.00855	0.00855	0.01222	0.01100	0.01588	0.01833	0.02688	0.01710	0.05131	0.73245	0.01100	0.01833	0.00733	0.00367	0.00611
9	0.01769	0.62483	0.10931	0.01273	0.01889	0.02505	0.01312	0.02187	0.06874	0.01770	0.01127	0.01251	0.00973	0.00620	0.00482	0.00161	0.00747	0.00413	0.00324	0.00909
10	0.01470	0.19192	0.57619	0.01782	0.02702	0.01829	0.02236	0.02141	0.01433	0.02047	0.01168	0.01370	0.00869	0.00636	0.00605	0.00202	0.00951	0.00476	0.00290	0.00982
11	0.03070	0.01164	0.01588	0.01217	0.01746	0.01006	0.01006	0.03334	0.01958	0.72163	0.02699	0.02329	0.01694	0.00847	0.00688	0.00212	0.00582	0.00688	0.00847	0.01164
12	0.03070	0.01164	0.01588	0.01217	0.01746	0.01006	0.01006	0.03334	0.01958	0.72163	0.02699	0.02329	0.01694	0.00847	0.00688	0.00212	0.00582	0.00688	0.00847	0.01164
13	0.02288	0.01370	0.01418	0.01210	0.01582	0.12762	0.00945	0.04453	0.01869	0.36817	0.09882	0.13621	0.06524	0.01125	0.00723	0.00217	0.00626	0.00934	0.00707	0.00925
14	0.01829	0.76368	0.03585	0.01171	0.01756	0.02707	0.01171	0.02049	0.01390	0.01610	0.00951	0.01097	0.00878	0.00585	0.00439	0.00146	0.00732	0.00366	0.00293	0.00878
15	0.01162	0.00927	0.01113	0.01231	0.01396	0.05449	0.01041	0.01451	0.01603	0.02039	0.07548	0.11372	0.06162	0.01795	0.00907	0.00295	0.00627	0.52628	0.00620	0.00635
16	0.02331	0.01092	0.01417	0.01139	0.01549	0.01007	0.00919	0.09730	0.02086	0.42154	0.25080	0.03167	0.03198	0.01025	0.00727	0.00212	0.00515	0.00860	0.00799	0.00994
17	0.01419	0.01216	0.01419	0.01013	0.01621	0.00912	0.00811	0.01723	0.01419	0.02229	0.01216	0.01419	0.01013	0.00507	0.00507	0.00101	0.00507	0.00405	0.00405	0.80139
18	0.02386	0.01789	0.01938	0.01472	0.02031	0.01902	0.01211	0.57116	0.02890	0.03934	0.01565	0.01602	0.01136	0.00764	0.00652	0.00186	0.00708	0.00578	0.00634	0.15506
19	0.00977	0.00733	0.01100	0.01100	0.01222	0.00855	0.00855	0.01222	0.01100	0.01588	0.01833	0.02688	0.01710	0.05131	0.73245	0.01100	0.01833	0.00733	0.00367	0.00611
20	0.00993	0.00725	0.01060	0.01060	0.01178	0.00835	0.00816	0.01230	0.01112	0.01625	0.01868	0.02763	0.01748	0.08172	0.66339	0.01032	0.01702	0.00740	0.04400	0.00603
21	0.74062	0.01338	0.01098	0.00976	0.01363	0.01582	0.00805	0.01980	0.01154	0.02949	0.00948	0.01144	0.00754	0.00683	0.00578	0.00219	0.06822	0.00390	0.00413	0.00742
22	0.07931	0.00820	0.01012	0.01030	0.01248	0.00793	0.00846	0.01504	0.01645	0.07820	0.20040	0.08429	0.14689	0.01568	0.00823	0.00260	0.00491	0.27716	0.00660	0.00675
23	0.01876	0.64215	0.03282	0.01236	0.01786	0.08214	0.01175	0.02237	0.07293	0.01721	0.01115	0.01232	0.00981	0.00624	0.00475	0.00156	0.00755	0.00406	0.00332	0.00889

[dist]
# distance from previous block
# <min> <max>
7	8

[block]
# block no. 4 follows, 31 sequences, length 96
# corresponding to MSA columns:
# 264-359
name=unknown_E
#
# <colnr> <probs for GDERKNQSTAVLIFYWHMCP>
#	G	D	E	R	K	N	Q	S	T	A	V	L	I	F	Y	W	H	M	C	P
0	0.02267	0.32306	0.02593	0.01527	0.01972	0.45199	0.01262	0.02460	0.01721	0.01649	0.01015	0.01180	0.00880	0.00657	0.00546	0.00164	0.01034	0.00411	0.00329	0.00827
1	0.01395	0.07126	0.69022	0.01912	0.02902	0.01644	0.02461	0.02161	0.01442	0.02139	0.01214	0.01427	0.00867	0.00647	0.00640	0.00213	0.00997	0.00499	0.00289	0.01005
2	0.00810	0.00687	0.00699	0.00709	0.00928	0.00576	0.00527	0.00980	0.01544	0.01842	0.06732	0.10907	0.67217	0.01758	0.00813	0.00234	0.00350	0.01475	0.00635	0.00576
3	0.01275	0.00638	0.00638	0.00638	0.00797	0.00638	0.00478	0.01594	0.01435	0.02551	0.02232	0.02551	0.01754	0.00797	0.00478	0.00159	0.00319	0.00638	0.79755	0.00638
4	0.00837	0.00688	0.00701	0.00701	0.00896	0.00591	0.00503	0.00984	0.01472	0.01767	0.06189	0.06257	0.60713	0.13253	0.01224	0.00298	0.00396	0.01374	0.00601	0.00552
5	0.01489	0.22136	0.54837	0.01751	0.02653	0.01874	0.02181	0.02136	0.01431	0.02024	0.01157	0.01356	0.00870	0.00633	0.00596	0.00199	0.00940	0.00470	0.00290	0.00977
6	0.80789	0.01323	0.01006	0.00900	0.01323	0.01535	0.00741	0.02011	0.01164	0.03070	0.00953	0.01111	0.00741	0.00635	0.00423	0.00212	0.00529	0.00370	0.00423	0.00741
7	0.00834	0.00595	0.00794	0.00953	0.00992	0.00556	0.00635	0.00953	0.01310	0.01746	0.03771	0.75510	0.04525	0.02143	0.00873	0.00278	0.00397	0.01945	0.00635	0.00556
8	0.01419	0.01216	0.01419	0.01013	0.01621	0.00912	0.00811	0.01723	0.01419	0.02229	0.01216	0.01419	0.01013	0.00507	0.00507	0.00101	0.00507	0.00405	0.00405	0.80139
9	0.01021	0.00755	0.00960	0.00899	0.01077	0.00722	0.00677	0.01460	0.06869	0.02752	0.66394	0.04926	0.06141	0.01365	0.00799	0.00216	0.00339	0.01204	0.00749	0.00677
10	0.80789	0.01323	0.01006	0.00900	0.01323	0.01535	0.00741	0.02011	0.01164	0.03070	0.00953	0.01111	0.00741	0.00635	0.00423	0.00212	0.00529	0.00370	0.00423	0.00741
11	0.02556	0.03261	0.01939	0.01763	0.02115	0.73210	0.01322	0.02732	0.01939	0.01674	0.01058	0.01234	0.00881	0.00705	0.00617	0.00176	0.01234	0.00441	0.00353	0.00793
12	0.01188	0.00760	0.00879	0.00844	0.01082	0.00662	0.00642	0.01381	0.01597	0.12416	0.10054	0.11708	0.43115	0.05278	0.00936	0.00258	0.00418	0.05454	0.00664	0.00664
13	0.02210	0.00970	0.01294	0.01059	0.01421	0.00860	0.00834	0.02465	0.01854	0.43518	0.23881	0.03407	0.03247	0.08613	0.01007	0.00258	0.00510	0.00889	0.00774	0.00928
14	0.02556	0.03261	0.01939	0.01763	0.02115	0.73210	0.01322	0.02732	0.01939	0.01674	0.01058	0.01234	0.00881	0.00705	0.00617	0.00176	0.01234	0.00441	0.00353	0.00793
15	0.00901	0.00616	0.00772	0.00879	0.00914	0.00590	0.00566	0.00999	0.01230	0.01675	0.03246	0.52155	0.03818	0.22265	0.01566	0.00377	0.00466	0.01615	0.04828	0.00521
16	0.00854	0.00631	0.00776	0.00869	0.00955	0.00578	0.00589	0.00987	0.01377	0.01798	0.09154	0.48494	0.18881	0.09367	0.01115	0.00302	0.00407	0.01691	0.00622	0.00553
17	0.01188	0.00594	0.00891	0.00891	0.00891	0.00594	0.00594	0.00891	0.00891	0.01188	0.01188	0.02080	0.01188	0.02377	0.02674	0.80095	0.00594	0.00594	0.00297	0.00297
18	0.02556	0.03261	0.01939	0.01763	0.02115	0.73210	0.01322	0.02732	0.01939	0.01674	0.01058	0.01234	0.00881	0.00705	0.00617	0.00176	0.01234	0.00441	0.00353	0.00793
19	0.00868	0.00688	0.00788	0.00833	0.01011	0.00608	0.00630	0.01064	0.01552	0.01945	0.12415	0.19598	0.43425	0.01797	0.00838	0.00249	0.00391	0.10066	0.00646	0.00587
20	0.00851	0.00691	0.00754	0.00745	0.00952	0.00594	0.00556	0.01061	0.01648	0.02076	0.23478	0.08588	0.52296	0.01660	0.00810	0.00229	0.00342	0.01408	0.00666	0.00594
21	0.00944	0.00698	0.00880	0.00835	0.01007	0.00635	0.00626	0.01243	0.01878	0.02605	0.61396	0.05338	0.16473	0.01450	0.00807	0.00218	0.00326	0.01269	0.00735	0.00635
22	0.02601	0.01916	0.02053	0.01574	0.02122	0.02122	0.01300	0.69408	0.03217	0.04312	0.01643	0.01643	0.01163	0.00821	0.00684	0.00205	0.00753	0.00616	0.00684	0.01163
23	0.01759	0.01312	0.01450	0.01251	0.01597	0.01435	0.00971	0.16387	0.32122	0.07339	0.15697	0.03040	0.02756	0.08579	0.00996	0.00266	0.00558	0.00848	0.00686	0.00953
24	0.02483	0.01803	0.01928	0.01491	0.02004	0.01990	0.01228	0.63407	0.03059	0.04156	0.01695	0.01723	0.01216	0.00819	0.00666	0.00201	0.00714	0.00618	0.07681	0.01117
25	0.00995	0.00663	0.00746	0.00746	0.00746	0.00663	0.00415	0.00995	0.00995	0.01327	0.02156	0.04477	0.02487	0.75957	0.03482	0.00663	0.00663	0.00995	0.00415	0.00415
26	0.01615	0.01845	0.04037	0.02884	0.03576	0.01730	0.69204	0.02191	0.01615	0.02191	0.01384	0.01845	0.01038	0.00577	0.00807	0.00231	0.01153	0.00807	0.00346	0.00923
27	0.00995	0.00663	0.00746	0.00746	0.00746	0.00663	0.00415	0.00995	0.00995	0.01327	0.02156	0.04477	0.02487	0.75957	0.03482	0.00663	0.00663	0.00995	0.00415	0.00415
28	0.01000	0.00719	0.00848	0.00803	0.01014	0.00633	0.00607	0.01253	0.01769	0.05761	0.39072	0.05634	0.35346	0.01521	0.00802	0.00222	0.00346	0.01303	0.00705	0.00641
29	0.80789	0.01323	0.01006	0.00900	0.01323	0.01535	0.00741	0.02011	0.01164	0.03070	0.00953	0.01111	0.00741	0.00635	0.00423	0.00212	0.00529	0.00370	0.00423	0.00741
30	0.00995	0.00663	0.00746	0.00746	0.00746	0.00663	0.00415	0.00995	0.00995	0.01327	0.02156	0.04477	0.02487	0.75957	0.03482	0.00663	0.00663	0.00995	0.00415	0.00415
31	0.00834	0.00595	0.00794	0.00953	0.00992	0.00556	0.00635	0.00953	0.01310	0.01746	0.03771	0.75510	0.04525	0.02143	0.00873	0.00278	0.00397	0.01945	0.00635	0.00556
32	0.00846	0.00664	0.00768	0.00829	0.00982	0.00586	0.00602	0.01019	0.01500	0.01891	0.10582	0.31125	0.38919	0.01862	0.00839	0.00251	0.00378	0.05135	0.00644	0.00578
33	0.01702	0.01470	0.01547	0.01392	0.01779	0.01702	0.01083	0.03635	0.70453	0.02862	0.02785	0.02553	0.02088	0.00928	0.00696	0.00232	0.00541	0.00773	0.00696	0.01083
34	0.00977	0.00733	0.01100	0.01100	0.01222	0.00855	0.00855	0.01222	0.01100	0.01588	0.01833	0.02688	0.01710	0.05131	0.73245	0.01100	0.01833	0.00733	0.00367	0.00611
35	0.00841	0.00695	0.00741	0.00753	0.00966	0.00595	0.00572	0.01033	0.01581	0.01930	0.11869	0.09454	0.59021	0.01733	0.00820	0.00237	0.00364	0.05565	0.00645	0.00585
36	0.00834	0.00595	0.00794	0.00953	0.00992	0.00556	0.00635	0.00953	0.01310	0.01746	0.03771	0.75510	0.04525	0.02143	0.00873	0.00278	0.00397	0.01945	0.00635	0.00556
37	0.01497	0.01497	0.02095	0.01796	0.01796	0.02095	0.01497	0.01646	0.01048	0.01646	0.00898	0.01497	0.00898	0.01197	0.02245	0.00299	0.74704	0.00599	0.00299	0.00748
38	0.01702	0.01470	0.01547	0.01392	0.01779	0.01702	0.01083	0.03635	0.70453	0.02862	0.02785	0.02553	0.02088	0.00928	0.00696	0.00232	0.00541	0.00773	0.00696	0.01083
39	0.02601	0.01916	0.02053	0.01574	0.02122	0.02122	0.01300	0.69408	0.03217	0.04312	0.01643	0.01643	0.01163	0.00821	0.00684	0.00205	0.00753	0.00616	0.00684	0.01163
40	0.01497	0.01497	0.02095	0.01796	0.01796	0.02095	0.01497	0.01646	0.01048	0.01646	0.00898	0.01497	0.00898	0.01197	0.02245	0.00299	0.74704	0.00599	0.00299	0.00748
41	0.03070	0.01164	0.01588	0.01217	0.01746	0.01006	0.01006	0.03334	0.01958	0.72163	0.02699	0.02329	0.01694	0.00847	0.00688	0.00212	0.00582	0.00688	0.00847	0.01164
42	0.03070	0.01164	0.01588	0.01217	0.01746	0.01006	0.01006	0.03334	0.01958	0.72163	0.02699	0.02329	0.01694	0.00847	0.00688	0.00212	0.00582	0.00688	0.00847	0.01164
43	0.01606	0.01536	0.02619	0.19467	0.57104	0.01603	0.02056	0.02023	0.01516	0.02129	0.01271	0.01722	0.01046	0.00626	0.00679	0.00209	0.00834	0.00609	0.00331	0.01013
44	0.01608	0.01827	0.03933	0.02825	0.03480	0.01750	0.65565	0.02162	0.01584	0.02162	0.01358	0.01827	0.01031	0.00610	0.00885	0.00234	0.05107	0.00796	0.00344	0.00913
45	0.80789	0.01323	0.01006	0.00900	0.01323	0.01535	0.00741	0.02011	0.01164	0.03070	0.00953	0.01111	0.00741	0.00635	0.00423	0.00212	0.00529	0.00370	0.00423	0.00741
46	0.02601	0.01916	0.02053	0.01574	0.02122	0.02122	0.01300	0.69408	0.03217	0.04312	0.01643	0.01643	0.01163	0.00821	0.00684	0.00205	0.00753	0.00616	0.00684	0.01163
47	0.01292	0.01216	0.02052	0.74312	0.04712	0.01520	0.01900	0.01748	0.01368	0.01748	0.01216	0.01824	0.00912	0.00684	0.00684	0.00228	0.00912	0.00608	0.00304	0.00760
48	0.00969	0.00652	0.00754	0.00779	0.00786	0.00646	0.00450	0.00988	0.01045	0.01394	0.02414	0.15827	0.02813	0.64163	0.03065	0.00602	0.00621	0.01147	0.00450	0.00437
49	0.80789	0.01323	0.01006	0.00900	0.01323	0.01535	0.00741	0.02011	0.01164	0.03070	0.00953	0.01111	0.00741	0.00635	0.00423	0.00212	0.00529	0.00370	0.00423	0.00741
50	0.00834	0.00595	0.00794	0.00953	0.00992	0.00556	0.00635	0.00953	0.01310	0.01746	0.03771	0.75510	0.04525	0.02143	0.00873	0.00278	0.00397	0.01945	0.00635	0.00556
51	0.80789	0.01323	0.01006	0.00900	0.01323	0.01535	0.00741	0.02011	0.01164	0.03070	0.00953	0.01111	0.00741	0.00635	0.00423	0.00212	0.00529	0.00370	0.00423	0.00741
52	0.00858	0.00630	0.00794	0.00900	0.00984	0.00580	0.00620	0.01003	0.01396	0.01834	0.09899	0.52075	0.15747	0.05972	0.00999	0.00287	0.00404	0.03823	0.00633	0.00562
53	0.01702	0.01470	0.01547	0.01392	0.01779	0.01702	0.01083	0.03635	0.70453	0.02862	0.02785	0.02553	0.02088	0.00928	0.00696	0.00232	0.00541	0.00773	0.00696	0.01083
54	0.01003	0.00672	0.00772	0.00783	0.00794	0.00672	0.00464	0.01025	0.01037	0.01378	0.02261	0.04710	0.02592	0.70625	0.03300	0.00638	0.00661	0.05752	0.00430	0.00430
55	0.01019	0.00714	0.00863	0.00912	0.01092	0.00641	0.00698	0.01214	0.01529	0.06307	0.07069	0.25777	0.33448	0.01812	0.00845	0.00259	0.00429	0.14102	0.00651	0.00620
56	0.67635	0.01396	0.01262	0.01074	0.01518	0.01591	0.04474	0.06413	0.04733	0.03092	0.01110	0.01256	0.00850	0.00658	0.00474	0.00213	0.00578	0.00430	0.00449	0.00795
57	0.00977	0.00733	0.01100	0.01100	0.01222	0.00855	0.00855	0.01222	0.01100	0.01588	0.01833	0.02688	0.01710	0.05131	0.73245	0.01100	0.01833	0.00733	0.00367	0.00611
58	0.49350	0.01273	0.01232	0.01025	0.01481	0.01354	0.00844	0.05087	0.01519	0.26301	0.01603	0.01582	0.01106	0.00718	0.00524	0.00210	0.00550	0.00494	0.02848	0.00897
59	0.00979	0.00727	0.01071	0.01071	0.01184	0.00840	0.00820	0.01204	0.01091	0.01567	0.01858	0.02830	0.01772	0.10748	0.67713	0.01065	0.01740	0.00754	0.00370	0.00595
60	0.02601	0.01916	0.02053	0.01574	0.02122	0.02122	0.01300	0.69408	0.03217	0.04312	0.01643	0.01643	0.01163	0.00821	0.00684	0.00205	0.00753	0.00616	0.00684	0.01163
61	0.01102	0.00787	0.01102	0.01260	0.01417	0.00787	0.01102	0.01417	0.01575	0.02047	0.03622	0.07717	0.03937	0.01890	0.00945	0.00315	0.00630	0.67084	0.00630	0.00630
62	0.00948	0.00782	0.00853	0.03891	0.01166	0.00712	0.00640	0.05024	0.01665	0.02055	0.11490	0.09679	0.55412	0.01630	0.00799	0.00231	0.00395	0.01370	0.00634	0.00624
63	0.01419	0.01216	0.01419	0.01013	0.01621	0.00912	0.00811	0.01723	0.01419	0.02229	0.01216	0.01419	0.01013	0.00507	0.00507	0.00101	0.00507	0.00405	0.00405	0.80139
64	0.02415	0.02839	0.01989	0.08781	0.04358	0.54863	0.01397	0.11441	0.02042	0.02046	0.01157	0.01358	0.00927	0.00716	0.00634	0.00186	0.01127	0.00485	0.00391	0.00847
65	0.02062	0.52933	0.03057	0.01360	0.01871	0.25307	0.01219	0.02268	0.01566	0.01630	0.00985	0.01141	0.00879	0.00624	0.00496	0.00156	0.00893	0.00390	0.00312	0.00851
66	0.00954	0.00699	0.00895	0.00846	0.01014	0.00640	0.00635	0.01264	0.01904	0.02665	0.65695	0.05239	0.12137	0.01428	0.00807	0.00217	0.00325	0.01255	0.00743	0.00640
67	0.01708	0.04605	0.01716	0.03787	0.01886	0.01659	0.03444	0.11454	0.46072	0.02860	0.06819	0.06738	0.02261	0.00980	0.00704	0.00226	0.00587	0.00829	0.00653	0.01010
68	0.13376	0.01727	0.01819	0.01425	0.01933	0.01903	0.01172	0.51533	0.04815	0.07806	0.04592	0.01781	0.01386	0.00825	0.00654	0.00208	0.00688	0.00617	0.00660	0.01081
69	0.01693	0.01626	0.02777	0.04199	0.71689	0.01626	0.02100	0.02100	0.01558	0.02235	0.01287	0.01693	0.01084	0.00610	0.00677	0.00203	0.00813	0.00610	0.00339	0.01084
70	0.00947	0.00698	0.00885	0.00839	0.01009	0.00637	0.00629	0.01250	0.01887	0.02625	0.62808	0.05305	0.15050	0.01443	0.00807	0.00217	0.00326	0.01265	0.00738	0.00637
71	0.80789	0.01323	0.01006	0.00900	0.01323	0.01535	0.00741	0.02011	0.01164	0.03070	0.00953	0.01111	0.00741	0.00635	0.00423	0.00212	0.00529	0.00370	0.00423	0.00741
72	0.01665	0.01596	0.02725	0.09198	0.66914	0.01618	0.02085	0.02075	0.01544	0.02200	0.01282	0.01703	0.01071	0.00615	0.00678	0.00205	0.00820	0.00609	0.00336	0.01061
73	0.07446	0.33486	0.02495	0.01343	0.01774	0.10925	0.01170	0.09766	0.08246	0.02147	0.01285	0.01482	0.01086	0.01085	0.06536	0.00260	0.07699	0.00494	0.00399	0.00876
74	0.01827	0.01906	0.02503	0.10176	0.49345	0.15814	0.01893	0.02242	0.03870	0.02099	0.01284	0.01642	0.01060	0.00646	0.00667	0.00201	0.00897	0.00581	0.00350	0.00996
75	0.01959	0.11898	0.15561	0.01736	0.05611	0.10239	0.05872	0.16533	0.09135	0.06742	0.01810	0.04697	0.03584	0.00812	0.00658	0.00205	0.00825	0.00654	0.00487	0.00983
76	0.00940	0.00656	0.00819	0.00890	0.01012	0.00592	0.00625	0.01104	0.01478	0.04883	0.13233	0.46799	0.20658	0.01894	0.00841	0.00256	0.00383	0.01680	0.00659	0.00598
77	0.02159	0.39717	0.02738	0.01412	0.01889	0.26209	0.01222	0.04417	0.04250	0.06197	0.01185	0.01304	0.00985	0.00681	0.00587	0.00170	0.03182	0.00441	0.00375	0.00880
78	0.01292	0.01216	0.02052	0.74312	0.04712	0.01520	0.01900	0.01748	0.01368	0.01748	0.01216	0.01824	0.00912	0.00684	0.00684	0.00228	0.00912	0.00608	0.00304	0.00760
79	0.00917	0.00687	0.00849	0.00879	0.01017	0.00645	0.00648	0.01121	0.01515	0.02003	0.21659	0.18019	0.22890	0.09868	0.07269	0.00363	0.00537	0.07913	0.00619	0.00582
80	0.01557	0.06470	0.32366	0.02851	0.29368	0.01682	0.09132	0.02188	0.03917	0.02190	0.01306	0.01602	0.01011	0.00633	0.00667	0.00210	0.00918	0.00579	0.00328	0.01025
81	0.00997	0.00762	0.00936	0.00910	0.01104	0.00660	0.00643	0.01181	0.01421	0.01975	0.14009	0.35514	0.09207	0.09100	0.01041	0.00265	0.00432	0.01361	0.00581	0.17901
82	0.01868	0.14295	0.14514	0.01566	0.02143	0.07525	0.06876	0.21965	0.02038	0.02692	0.06290	0.06369	0.01597	0.00824	0.00650	0.00195	0.00796	0.00668	0.00479	0.06652
83	0.02065	0.52608	0.03050	0.01363	0.01873	0.25621	0.01220	0.02271	0.01568	0.01631	0.00986	0.01142	0.00879	0.00624	0.00497	0.00156	0.00895	0.00390	0.00312	0.00850
84	0.01419	0.01216	0.01419	0.01013	0.01621	0.00912	0.00811	0.01723	0.01419	0.02229	0.01216	0.01419	0.01013	0.00507	0.00507	0.00101	0.00507	0.00405	0.00405	0.80139
85	0.02304	0.12683	0.02078	0.01623	0.02000	0.53299	0.01268	0.02664	0.08527	0.01800	0.01338	0.01664	0.01149	0.00769	0.00617	0.00185	0.01070	0.03746	0.00392	0.00825
86	0.01857	0.24746	0.31731	0.01630	0.02362	0.09204	0.01774	0.14857	0.01812	0.02357	0.01207	0.01358	0.00927	0.00669	0.00591	0.00190	0.00902	0.00479	0.00371	0.00979
87	0.01021	0.00774	0.01025	0.00997	0.01067	0.00875	0.00718	0.01155	0.01086	0.01509	0.02229	0.03553	0.06805	0.32381	0.34162	0.00793	0.08036	0.00873	0.00398	0.00544
88	0.01848	0.54134	0.16259	0.01365	0.02009	0.08007	0.01430	0.02173	0.01465	0.04371	0.01077	0.01219	0.00907	0.00617	0.00502	0.00164	0.00818	0.00410	0.00318	0.00907
89	0.01904	0.53164	0.12347	0.01383	0.01982	0.15684	0.01378	0.02191	0.01499	0.01695	0.01007	0.01169	0.00877	0.00616	0.00500	0.00161	0.00862	0.00398	0.00303	0.00880
90	0.01063	0.00763	0.00940	0.00959	0.01132	0.00709	0.00702	0.03457	0.03754	0.04661	0.14346	0.37907	0.15664	0.01729	0.00818	0.00247	0.00419	0.05168	0.00652	0.04914
91	0.01506	0.03476	0.04432	0.26478	0.02969	0.01860	0.06603	0.05372	0.03942	0.01922	0.01163	0.01669	0.00970	0.00914	0.01372	0.00256	0.33329	0.00616	0.00339	0.00811
92	0.00919	0.00724	0.01009	0.01026	0.01171	0.00658	0.04324	0.01094	0.01384	0.01847	0.06333	0.52356	0.13353	0.01962	0.03082	0.00281	0.00480	0.01651	0.00601	0.05747
93	0.01496	0.06262	0.04189	0.01296	0.01580	0.14545	0.01061	0.07380	0.01479	0.01885	0.01567	0.02127	0.01396	0.03290	0.43159	0.00716	0.01473	0.00623	0.00385	0.04093
94	0.02269	0.04322	0.07241	0.01531	0.02058	0.04038	0.02994	0.37897	0.13175	0.10307	0.01961	0.05782	0.01497	0.00881	0.00687	0.00213	0.00728	0.00702	0.00638	0.01080
95	0.07329	0.07271	0.04456	0.09175	0.10235	0.07921	0.11942	0.18742	0.01938	0.04456	0.01518	0.06630	0.01265	0.00781	0.00667	0.00207	0.00834	0.00676	0.00460	0.03496

[dist]
# distance from previous block
# <min> <max>
0	3

[block]
# block no. 5 follows, 31 sequences, length 55
# corresponding to MSA columns:
# 363-417
name=unknown_F
#
# <colnr> <probs for GDERKNQSTAVLIFYWHMCP>
#	G	D	E	R	K	N	Q	S	T	A	V	L	I	F	Y	W	H	M	C	P
0	0.05793	0.01476	0.06976	0.01300	0.01777	0.01360	0.01121	0.10177	0.22980	0.19358	0.04739	0.02743	0.05573	0.00941	0.00685	0.00216	0.00595	0.04465	0.00659	0.07065
1	0.01849	0.01697	0.10057	0.01497	0.05231	0.03937	0.01245	0.12817	0.22238	0.10469	0.07011	0.02426	0.05521	0.00872	0.00676	0.00204	0.00642	0.00713	0.00600	0.10299
2	0.01587	0.01803	0.07694	0.07870	0.10927	0.01638	0.44670	0.05313	0.01645	0.02244	0.01529	0.04573	0.01257	0.00707	0.00776	0.00230	0.01025	0.03214	0.00375	0.00923
3	0.05616	0.69505	0.03396	0.01185	0.01737	0.02624	0.01164	0.02029	0.01364	0.01681	0.00949	0.01115	0.00872	0.00614	0.00517	0.00156	0.03933	0.00376	0.00299	0.00866
4	0.10850	0.09108	0.17993	0.05364	0.06724	0.18377	0.07402	0.05506	0.04020	0.02199	0.01280	0.01621	0.01032	0.00718	0.00676	0.00207	0.03264	0.02393	0.00371	0.00893
5	0.00993	0.00670	0.00780	0.00780	0.00792	0.00682	0.00457	0.01017	0.01005	0.01352	0.02124	0.04305	0.02412	0.69128	0.10208	0.00705	0.00776	0.00970	0.00410	0.00433
6	0.01492	0.02760	0.43225	0.02289	0.09575	0.01635	0.15841	0.02343	0.09858	0.02263	0.01454	0.01684	0.01071	0.00665	0.00690	0.00220	0.00964	0.00609	0.00355	0.01009
7	0.02494	0.01853	0.01996	0.01524	0.02077	0.02013	0.01256	0.63315	0.03055	0.04124	0.01604	0.01622	0.01150	0.00793	0.00668	0.00196	0.00731	0.00597	0.00659	0.08272
8	0.04179	0.05772	0.02401	0.02025	0.08466	0.13243	0.12392	0.14074	0.12525	0.02483	0.01465	0.01688	0.01161	0.00811	0.00955	0.00223	0.14123	0.00620	0.00451	0.00945
9	0.00834	0.00595	0.00794	0.00953	0.00992	0.00556	0.00635	0.00953	0.01310	0.01746	0.03771	0.75510	0.04525	0.02143	0.00873	0.00278	0.00397	0.01945	0.00635	0.00556
10	0.05329	0.02003	0.01960	0.01543	0.02059	0.11242	0.01257	0.52473	0.02867	0.10034	0.01638	0.01633	0.01160	0.00802	0.00667	0.00202	0.00792	0.00591	0.00647	0.01101
11	0.01600	0.01588	0.04521	0.04863	0.01989	0.01997	0.01489	0.08609	0.03966	0.02007	0.01083	0.01561	0.00974	0.01082	0.01840	0.00274	0.55859	0.00597	0.00357	0.03743
12	0.76635	0.01426	0.01055	0.00946	0.01365	0.05341	0.00772	0.02049	0.01205	0.02995	0.00958	0.01118	0.00748	0.00639	0.00434	0.00210	0.00567	0.00374	0.00420	0.00744
13	0.06155	0.00855	0.00954	0.00954	0.01134	0.03829	0.00701	0.01417	0.01577	0.08427	0.20793	0.29487	0.13255	0.03948	0.00877	0.00255	0.00449	0.03626	0.00651	0.00656
14	0.01490	0.14169	0.19190	0.01603	0.05320	0.04993	0.03828	0.01941	0.04150	0.04488	0.06863	0.04945	0.07903	0.01033	0.00832	0.00225	0.07406	0.08333	0.00443	0.00845
15	0.01442	0.11848	0.54603	0.01819	0.02728	0.01667	0.05423	0.02114	0.01444	0.02108	0.01202	0.01420	0.00889	0.00626	0.00620	0.00199	0.00940	0.00495	0.00303	0.08114
16	0.01511	0.05931	0.40971	0.02615	0.19432	0.01670	0.13910	0.02150	0.01499	0.02163	0.01257	0.01558	0.00949	0.00625	0.00675	0.00213	0.00976	0.00577	0.00311	0.01007
17	0.01648	0.01489	0.02480	0.15279	0.46186	0.01547	0.04769	0.02153	0.07008	0.04616	0.01444	0.01831	0.01160	0.00740	0.00782	0.04067	0.00804	0.00633	0.00378	0.00988
18	0.01618	0.01717	0.05318	0.19729	0.05927	0.01717	0.37246	0.07917	0.04989	0.02282	0.01409	0.01827	0.01061	0.00665	0.00802	0.00229	0.03537	0.00718	0.00378	0.00915
19	0.10807	0.09201	0.08156	0.01930	0.13188	0.08881	0.01459	0.24685	0.02037	0.02856	0.01276	0.01463	0.00997	0.00737	0.00740	0.00202	0.06697	0.00528	0.00456	0.03702
20	0.01047	0.00734	0.00914	0.00947	0.01099	0.00696	0.00694	0.01352	0.06358	0.05116	0.18800	0.32455	0.16334	0.01759	0.00898	0.03180	0.00413	0.05905	0.00662	0.00638
21	0.01512	0.01272	0.01469	0.01058	0.01661	0.01008	0.00850	0.07091	0.01561	0.02394	0.01250	0.01436	0.01025	0.00532	0.00521	0.00110	0.00526	0.00422	0.00427	0.73875
22	0.01647	0.00906	0.01128	0.01012	0.01245	0.00858	0.00737	0.06178	0.03712	0.20024	0.05123	0.19005	0.04970	0.19158	0.01545	0.06417	0.00551	0.01060	0.00611	0.04113
23	0.00838	0.00603	0.00795	0.00940	0.00991	0.00560	0.00631	0.00967	0.01343	0.01788	0.06473	0.70287	0.07052	0.02100	0.00868	0.00274	0.00392	0.01899	0.00640	0.00560
24	0.02850	0.01204	0.01578	0.01233	0.01737	0.01099	0.01011	0.06147	0.07830	0.60575	0.05385	0.02428	0.01893	0.00874	0.00693	0.00213	0.00576	0.00714	0.00823	0.01137
25	0.00902	0.00695	0.00813	0.00784	0.00967	0.00618	0.00581	0.01146	0.01731	0.02296	0.40720	0.05704	0.33770	0.05139	0.00937	0.00244	0.00349	0.01313	0.00687	0.00606
26	0.01167	0.00741	0.00910	0.00891	0.01016	0.00705	0.00611	0.03595	0.01484	0.07928	0.18495	0.22884	0.08267	0.26240	0.01696	0.00380	0.00493	0.01286	0.00608	0.00603
27	0.01156	0.00804	0.00998	0.00983	0.01169	0.00782	0.00734	0.01615	0.10513	0.06881	0.31604	0.23716	0.10102	0.01552	0.00810	0.00240	0.00404	0.04526	0.00705	0.00705
28	0.40524	0.01185	0.04417	0.00932	0.01288	0.01157	0.00769	0.01808	0.01313	0.10202	0.02435	0.05603	0.12972	0.11623	0.00981	0.00282	0.00542	0.00742	0.00506	0.00720
29	0.06270	0.00713	0.00845	0.00909	0.01053	0.00670	0.00654	0.01189	0.01419	0.05300	0.07064	0.41178	0.19444	0.04794	0.00926	0.00275	0.00425	0.05638	0.00627	0.00605
30	0.01182	0.00847	0.01015	0.01032	0.01157	0.00858	0.00720	0.13422	0.01605	0.02144	0.03118	0.50383	0.03578	0.14039	0.01268	0.00328	0.00506	0.01547	0.00608	0.00643
31	0.80789	0.01323	0.01006	0.00900	0.01323	0.01535	0.00741	0.02011	0.01164	0.03070	0.00953	0.01111	0.00741	0.00635	0.00423	0.00212	0.00529	0.00370	0.00423	0.00741
32	0.11800	0.00929	0.01077	0.00978	0.01265	0.00882	0.00741	0.04165	0.01574	0.23010	0.03512	0.22212	0.16153	0.07410	0.00952	0.00269	0.00493	0.01146	0.00655	0.00775
33	0.01182	0.00705	0.00834	0.00812	0.00873	0.00692	0.00502	0.01235	0.01125	0.07849	0.02312	0.09206	0.02505	0.58530	0.05357	0.00591	0.00664	0.01012	0.03505	0.00508
34	0.00821	0.00694	0.00710	0.00706	0.00932	0.00583	0.00530	0.01006	0.01589	0.01918	0.11978	0.06469	0.66320	0.01706	0.00808	0.00230	0.00345	0.01428	0.00645	0.00583
35	0.01546	0.01088	0.01282	0.01198	0.01487	0.01123	0.00969	0.15210	0.10875	0.07844	0.08110	0.12845	0.12270	0.01449	0.00806	0.00252	0.00554	0.19596	0.00675	0.00820
36	0.01193	0.00761	0.00898	0.00889	0.01087	0.00705	0.00652	0.01495	0.05853	0.10109	0.11176	0.26097	0.24689	0.03239	0.00837	0.00245	0.00403	0.01365	0.07627	0.00679
37	0.01693	0.01626	0.02777	0.04199	0.71689	0.01626	0.02100	0.02100	0.01558	0.02235	0.01287	0.01693	0.01084	0.00610	0.00677	0.00203	0.00813	0.00610	0.00339	0.01084
38	0.05311	0.01866	0.01999	0.01537	0.02079	0.02057	0.01269	0.64464	0.03096	0.06963	0.01661	0.01651	0.01170	0.00816	0.00676	0.00206	0.00738	0.00610	0.00682	0.01149
39	0.00843	0.00677	0.00745	0.00762	0.00944	0.00587	0.00554	0.01024	0.01558	0.01951	0.16012	0.17538	0.48493	0.04092	0.00903	0.00250	0.00361	0.01480	0.00646	0.00579
40	0.00978	0.00711	0.01004	0.01000	0.01118	0.00777	0.00755	0.01162	0.01188	0.01657	0.07819	0.03340	0.09088	0.08946	0.50008	0.07217	0.01388	0.00850	0.00422	0.00572
41	0.01829	0.76368	0.03585	0.01171	0.01756	0.02707	0.01171	0.02049	0.01390	0.01610	0.00951	0.01097	0.00878	0.00585	0.00439	0.00146	0.00732	0.00366	0.00293	0.00878
42	0.00978	0.00729	0.01079	0.01079	0.01193	0.00844	0.00829	0.01208	0.01093	0.01573	0.01852	0.02794	0.01756	0.09329	0.69110	0.01074	0.01763	0.00749	0.00369	0.00599
43	0.00945	0.00732	0.00860	0.00831	0.01024	0.00671	0.00626	0.01272	0.04730	0.02347	0.39773	0.05628	0.30590	0.03614	0.00883	0.00238	0.00361	0.03552	0.00692	0.00632
44	0.01713	0.01535	0.02657	0.02906	0.31255	0.03881	0.20155	0.02121	0.01638	0.09086	0.05646	0.05592	0.01795	0.00837	0.00749	0.00223	0.00839	0.05968	0.00450	0.00955
45	0.00958	0.00703	0.00901	0.00864	0.01033	0.00646	0.00656	0.01265	0.01877	0.02611	0.60880	0.05406	0.13233	0.01460	0.00814	0.00222	0.00342	0.04756	0.00734	0.00637
46	0.01693	0.01626	0.02777	0.04199	0.71689	0.01626	0.02100	0.02100	0.01558	0.02235	0.01287	0.01693	0.01084	0.00610	0.00677	0.00203	0.00813	0.00610	0.00339	0.01084
47	0.01499	0.01427	0.02426	0.38140	0.39267	0.01574	0.02003	0.01929	0.01466	0.01999	0.01253	0.01757	0.01001	0.00646	0.00681	0.00215	0.00861	0.00609	0.00322	0.00927
48	0.01215	0.00966	0.01468	0.04146	0.16515	0.00973	0.01306	0.01540	0.01545	0.02056	0.03059	0.11213	0.03276	0.01597	0.00874	0.00286	0.00661	0.46022	0.00558	0.00726
49	0.01372	0.03539	0.72412	0.01950	0.02961	0.01589	0.02528	0.02167	0.01444	0.02167	0.01228	0.01444	0.00867	0.00650	0.00650	0.00217	0.01011	0.00506	0.00289	0.01011
50	0.01659	0.01389	0.02215	0.39898	0.22708	0.01576	0.01816	0.06804	0.01588	0.08118	0.01378	0.01802	0.01044	0.00712	0.00758	0.00222	0.04398	0.00615	0.00387	0.00913
