[name]
unknown

[dist]
# distance from previous block
# <min> <max>
4	28

[block]
# block no. 0 follows, 32 sequences, length 18
# corresponding to MSA columns:
# 28-45
name=unknown_A
#
# <colnr> <probs for GDERKNQSTAVLIFYWHMCP>
#	G	D	E	R	K	N	Q	S	T	A	V	L	I	F	Y	W	H	M	C	P
0	0.10911	0.01430	0.01518	0.01258	0.01633	0.08543	0.03720	0.14602	0.01750	0.04796	0.05692	0.05508	0.07283	0.01332	0.08315	0.00285	0.05282	0.00700	0.00494	0.14947
1	0.02019	0.02485	0.08058	0.04268	0.06861	0.33240	0.18503	0.06951	0.01781	0.02043	0.01190	0.01464	0.00940	0.00663	0.00707	0.00195	0.03280	0.00557	0.00360	0.04439
2	0.15636	0.04852	0.06045	0.08549	0.07599	0.14819	0.04438	0.12781	0.06799	0.02461	0.01268	0.01496	0.00996	0.00742	0.00771	0.00210	0.08707	0.00532	0.00416	0.00882
3	0.11535	0.01739	0.05299	0.01386	0.01737	0.16472	0.03055	0.04009	0.01520	0.09966	0.01878	0.07719	0.06699	0.00953	0.00918	0.00212	0.14562	0.00686	0.00454	0.09200
4	0.29819	0.01750	0.14802	0.09404	0.02140	0.01515	0.01302	0.09238	0.05787	0.05808	0.01297	0.01467	0.00968	0.00682	0.00607	0.00202	0.03119	0.00488	0.00434	0.09171
5	0.01487	0.01473	0.02419	0.40631	0.28468	0.04683	0.07436	0.01914	0.01452	0.01917	0.01224	0.01720	0.00963	0.00637	0.00675	0.00213	0.00893	0.00606	0.00316	0.00873
6	0.02376	0.16698	0.02198	0.01622	0.02010	0.60693	0.01269	0.02556	0.01803	0.01631	0.01018	0.01186	0.00864	0.00670	0.00573	0.00167	0.01120	0.00419	0.00335	0.00793
7	0.01677	0.01367	0.01470	0.01316	0.01685	0.01554	0.01025	0.03370	0.62246	0.06162	0.08178	0.02691	0.02367	0.00943	0.00691	0.00225	0.00516	0.00790	0.00694	0.01032
8	0.00976	0.00651	0.00732	0.00732	0.00732	0.00651	0.00407	0.00976	0.00976	0.01301	0.02114	0.04391	0.02439	0.76419	0.03415	0.00651	0.00651	0.00976	0.00407	0.00407
9	0.00818	0.00584	0.00779	0.00934	0.00973	0.00545	0.00623	0.00934	0.01285	0.01713	0.03698	0.75981	0.04438	0.02102	0.00856	0.00273	0.00389	0.01908	0.00623	0.00545
10	0.02551	0.01879	0.02014	0.01544	0.02081	0.02081	0.01275	0.69996	0.03155	0.04229	0.01611	0.01611	0.01141	0.00805	0.00671	0.00201	0.00738	0.00604	0.00671	0.01141
11	0.01267	0.01193	0.02013	0.74806	0.04621	0.01491	0.01863	0.01714	0.01342	0.01714	0.01193	0.01789	0.00894	0.00671	0.00671	0.00224	0.00894	0.00596	0.00298	0.00745
12	0.00904	0.00684	0.00833	0.00796	0.00974	0.00614	0.00597	0.01177	0.01791	0.02433	0.52751	0.05437	0.25620	0.01468	0.00792	0.00216	0.00323	0.01273	0.00705	0.00614
13	0.00976	0.00651	0.00732	0.00732	0.00732	0.00651	0.00407	0.00976	0.00976	0.01301	0.02114	0.04391	0.02439	0.76419	0.03415	0.00651	0.00651	0.00976	0.00407	0.00407
14	0.81159	0.01298	0.00986	0.00882	0.01298	0.01505	0.00727	0.01972	0.01142	0.03010	0.00934	0.01090	0.00727	0.00623	0.00415	0.00208	0.00519	0.00363	0.00415	0.00727
15	0.01011	0.00716	0.00987	0.00999	0.01147	0.00649	0.02783	0.01207	0.01458	0.05009	0.16831	0.48947	0.04317	0.01731	0.00810	0.00245	0.00421	0.03643	0.00629	0.06459
16	0.01598	0.01760	0.03257	0.02593	0.08389	0.04877	0.42965	0.02020	0.01442	0.01986	0.01207	0.01680	0.00978	0.00739	0.01157	0.00240	0.21217	0.00706	0.00327	0.00866
17	0.05604	0.01795	0.01909	0.01482	0.02004	0.01979	0.01218	0.59368	0.08355	0.03988	0.01656	0.01652	0.01190	0.00794	0.00655	0.00200	0.00704	0.00599	0.00651	0.04198

[dist]
# distance from previous block
# <min> <max>
0	1

[block]
# block no. 1 follows, 32 sequences, length 18
# corresponding to MSA columns:
# 47-64
name=unknown_B
#
# <colnr> <probs for GDERKNQSTAVLIFYWHMCP>
#	G	D	E	R	K	N	Q	S	T	A	V	L	I	F	Y	W	H	M	C	P
0	0.01874	0.36101	0.21660	0.01384	0.02041	0.01966	0.01469	0.02420	0.08590	0.14325	0.01490	0.01525	0.01120	0.00670	0.00555	0.00182	0.00747	0.00492	0.00422	0.00966
1	0.01067	0.03932	0.01024	0.00876	0.01071	0.00732	0.00677	0.01359	0.01819	0.05671	0.56257	0.06739	0.11066	0.01376	0.00778	0.00214	0.00360	0.03619	0.00707	0.00657
2	0.23099	0.01877	0.07879	0.04810	0.05144	0.09717	0.01255	0.18642	0.16121	0.02935	0.01527	0.01604	0.01146	0.00736	0.00595	0.00207	0.00722	0.00542	0.00503	0.00940
3	0.08884	0.07946	0.01845	0.04696	0.01953	0.18662	0.01154	0.14974	0.14694	0.02526	0.01460	0.01565	0.01142	0.00734	0.00666	0.00187	0.04313	0.00523	0.00472	0.11602
4	0.02249	0.01673	0.01810	0.01449	0.01908	0.01846	0.01172	0.55181	0.08935	0.03778	0.01980	0.11296	0.01647	0.00982	0.00696	0.00213	0.00675	0.00786	0.00666	0.01057
5	0.00878	0.00677	0.00809	0.00882	0.01036	0.00614	0.00675	0.01068	0.01471	0.01853	0.07549	0.23956	0.34794	0.03749	0.00908	0.00268	0.00425	0.17195	0.00621	0.00572
6	0.16774	0.11784	0.07747	0.06789	0.02084	0.10009	0.04566	0.03505	0.07541	0.02133	0.01178	0.01442	0.00965	0.00769	0.00911	0.00214	0.16821	0.00508	0.00370	0.03888
7	0.07976	0.05409	0.04308	0.01397	0.01832	0.13471	0.01145	0.14102	0.29563	0.04830	0.01890	0.01885	0.01436	0.00966	0.03723	0.00239	0.00755	0.00603	0.00552	0.03919
8	0.14597	0.09973	0.17168	0.01592	0.02196	0.01632	0.12416	0.02565	0.16448	0.12434	0.01691	0.01749	0.01232	0.00703	0.00619	0.00209	0.00749	0.00590	0.00478	0.00958
9	0.08463	0.09218	0.60936	0.01759	0.02666	0.01642	0.02216	0.02102	0.01388	0.02159	0.01158	0.01360	0.00840	0.00631	0.00601	0.00206	0.00928	0.00473	0.00295	0.00958
10	0.01011	0.00732	0.00995	0.01137	0.01277	0.00715	0.00954	0.01275	0.01498	0.01940	0.03846	0.19475	0.09585	0.01884	0.00903	0.00296	0.00555	0.50701	0.00619	0.00601
11	0.05339	0.01788	0.01750	0.01424	0.01881	0.08452	0.01147	0.42358	0.15697	0.03458	0.02204	0.02153	0.07555	0.00887	0.00668	0.00206	0.00698	0.00680	0.00629	0.01025
12	0.01872	0.01873	0.05578	0.06453	0.02547	0.12770	0.21313	0.07568	0.10827	0.08485	0.01661	0.02056	0.01302	0.00806	0.00867	0.00225	0.08582	0.03850	0.00458	0.00908
13	0.00956	0.00714	0.00857	0.00850	0.00960	0.00731	0.00590	0.01156	0.04321	0.01575	0.03238	0.04312	0.19858	0.32936	0.23396	0.00650	0.00905	0.01002	0.00460	0.00534
14	0.01725	0.01523	0.01670	0.05897	0.01980	0.09686	0.04108	0.06699	0.08131	0.06517	0.01441	0.01587	0.01122	0.00613	0.00574	0.00147	0.00658	0.00496	0.00454	0.44972
15	0.01115	0.01259	0.11343	0.01174	0.01534	0.00942	0.03478	0.01623	0.10363	0.02034	0.03582	0.21370	0.19199	0.01385	0.00753	0.00230	0.00543	0.07921	0.00546	0.09607
16	0.08177	0.06290	0.03628	0.03654	0.08275	0.10591	0.10677	0.04670	0.06874	0.05407	0.04000	0.04847	0.01399	0.00766	0.00734	0.00195	0.05846	0.00631	0.00433	0.12905
17	0.05684	0.13404	0.06451	0.05691	0.01935	0.03847	0.02485	0.14750	0.10226	0.13130	0.05443	0.02434	0.09958	0.00882	0.00641	0.00202	0.00656	0.00699	0.00557	0.00927

[dist]
# distance from previous block
# <min> <max>
2	26

[block]
# block no. 2 follows, 32 sequences, length 23
# corresponding to MSA columns:
# 91-113
name=unknown_C
#
# <colnr> <probs for GDERKNQSTAVLIFYWHMCP>
#	G	D	E	R	K	N	Q	S	T	A	V	L	I	F	Y	W	H	M	C	P
0	0.07308	0.09464	0.07052	0.01415	0.01860	0.05030	0.04544	0.23020	0.07260	0.02679	0.01576	0.03998	0.01320	0.04818	0.09548	0.00325	0.03498	0.00628	0.00479	0.04178
1	0.07948	0.14304	0.05786	0.01309	0.01754	0.03587	0.03919	0.16909	0.09234	0.06721	0.10077	0.04213	0.07286	0.00920	0.00689	0.00204	0.02974	0.00726	0.00544	0.00895
2	0.05056	0.11742	0.16091	0.09240	0.02161	0.11587	0.01381	0.05001	0.06212	0.04502	0.03416	0.09325	0.07554	0.00937	0.00688	0.00209	0.02897	0.00738	0.00435	0.00828
3	0.08562	0.25940	0.08146	0.04432	0.02014	0.08819	0.04666	0.04291	0.03496	0.08480	0.03195	0.01515	0.01134	0.00718	0.00720	0.00190	0.08296	0.00505	0.00398	0.04484
4	0.03750	0.21134	0.32547	0.04184	0.02255	0.07441	0.01689	0.01961	0.01434	0.01931	0.04665	0.03810	0.04912	0.00785	0.00684	0.00199	0.04834	0.00581	0.00342	0.00861
5	0.08628	0.25463	0.20807	0.01504	0.02086	0.20422	0.01505	0.02247	0.01506	0.05086	0.01106	0.01273	0.00885	0.00664	0.00622	0.00184	0.04365	0.00439	0.00337	0.00869
6	0.12123	0.21513	0.30728	0.01536	0.02198	0.07931	0.04051	0.02047	0.01401	0.02025	0.01329	0.01514	0.04071	0.00695	0.00638	0.00196	0.04314	0.00495	0.00325	0.00871
7	0.05139	0.01009	0.04507	0.04750	0.01508	0.00907	0.03035	0.06853	0.01611	0.05572	0.15435	0.31835	0.06361	0.01447	0.00762	0.00234	0.00506	0.03614	0.00596	0.04319
8	0.10476	0.01205	0.01894	0.66286	0.04238	0.01492	0.01732	0.01744	0.01319	0.01864	0.01163	0.01708	0.00875	0.00665	0.00641	0.00222	0.00851	0.00569	0.00312	0.00743
9	0.00879	0.00666	0.00801	0.00814	0.00965	0.00600	0.00594	0.01093	0.01603	0.02123	0.31622	0.18741	0.27626	0.05365	0.00939	0.00253	0.00365	0.03711	0.00658	0.00583
10	0.01110	0.00934	0.01068	0.00882	0.01275	0.00735	0.00676	0.01340	0.01420	0.01994	0.03395	0.14194	0.24653	0.01129	0.00647	0.00167	0.00430	0.00955	0.00505	0.42490
11	0.01346	0.03471	0.72942	0.01912	0.02904	0.01558	0.02479	0.02125	0.01417	0.02125	0.01204	0.01417	0.00850	0.00637	0.00637	0.00212	0.00992	0.00496	0.00283	0.00992
12	0.02551	0.01879	0.02014	0.01544	0.02081	0.02081	0.01275	0.69996	0.03155	0.04229	0.01611	0.01611	0.01141	0.00805	0.00671	0.00201	0.00738	0.00604	0.00671	0.01141
13	0.01794	0.76823	0.03516	0.01148	0.01722	0.02655	0.01148	0.02009	0.01363	0.01579	0.00933	0.01076	0.00861	0.00574	0.00431	0.00144	0.00718	0.00359	0.00287	0.00861
14	0.05520	0.01720	0.03544	0.02540	0.03198	0.01604	0.59184	0.02093	0.01542	0.02196	0.01319	0.01731	0.01001	0.00561	0.00742	0.00212	0.01035	0.00730	0.00349	0.09179
15	0.38077	0.16524	0.15808	0.01264	0.01847	0.01697	0.04575	0.02150	0.01340	0.09615	0.01182	0.01308	0.00887	0.00635	0.00507	0.00197	0.00686	0.00441	0.00403	0.00856
16	0.02080	0.01727	0.04702	0.01447	0.01950	0.01808	0.01206	0.37125	0.27742	0.03449	0.01968	0.01911	0.01448	0.00811	0.00659	0.00203	0.00653	0.00639	0.00636	0.07836
17	0.02336	0.01773	0.01893	0.01500	0.01999	0.01980	0.01223	0.53813	0.19687	0.03882	0.01884	0.01828	0.01362	0.00831	0.00674	0.00208	0.00688	0.00642	0.00674	0.01122
18	0.02222	0.01716	0.01828	0.01477	0.01955	0.01927	0.01196	0.45207	0.28479	0.03698	0.02029	0.01944	0.01480	0.00845	0.00676	0.00211	0.00661	0.00662	0.00676	0.01112
19	0.05675	0.15971	0.30398	0.01696	0.02409	0.05237	0.07568	0.15368	0.05222	0.02492	0.01302	0.01455	0.00977	0.00668	0.00610	0.00198	0.00869	0.00521	0.00393	0.00970
20	0.05503	0.19504	0.48050	0.01677	0.02494	0.07915	0.01999	0.02139	0.01432	0.02008	0.01117	0.01308	0.00848	0.00627	0.00578	0.00194	0.00926	0.00454	0.00296	0.00932
21	0.06771	0.24093	0.41178	0.01599	0.02378	0.05443	0.01863	0.05803	0.01502	0.02118	0.01123	0.01299	0.00862	0.00630	0.00564	0.00190	0.00880	0.00451	0.00317	0.00935
22	0.01693	0.24079	0.27228	0.01540	0.03996	0.05934	0.01588	0.05477	0.04081	0.07230	0.03200	0.05614	0.01337	0.00904	0.03141	0.00223	0.00838	0.00585	0.00396	0.00917

[dist]
# distance from previous block
# <min> <max>
18	54

[block]
# block no. 3 follows, 32 sequences, length 23
# corresponding to MSA columns:
# 170-192
name=unknown_D
#
# <colnr> <probs for GDERKNQSTAVLIFYWHMCP>
#	G	D	E	R	K	N	Q	S	T	A	V	L	I	F	Y	W	H	M	C	P
0	0.01635	0.08431	0.07339	0.03760	0.06377	0.11947	0.01162	0.14535	0.01778	0.02256	0.05886	0.13068	0.04235	0.09902	0.01001	0.00259	0.00730	0.02975	0.00482	0.02241
1	0.06639	0.04265	0.07967	0.04306	0.03956	0.14690	0.03581	0.15231	0.03846	0.04815	0.05259	0.11236	0.01843	0.00997	0.00767	0.00218	0.05105	0.03932	0.00494	0.00852
2	0.04063	0.16465	0.14834	0.04233	0.02040	0.17848	0.01376	0.08886	0.03700	0.04062	0.01611	0.07302	0.03527	0.02894	0.00761	0.00211	0.04296	0.00633	0.00409	0.00848
3	0.13371	0.08990	0.06265	0.03729	0.06415	0.01474	0.04740	0.11113	0.05245	0.07649	0.05902	0.04085	0.03799	0.01035	0.04866	0.00245	0.00715	0.00644	0.00486	0.09233
4	0.15167	0.07917	0.03912	0.03827	0.03710	0.08048	0.01118	0.19456	0.09350	0.05979	0.06997	0.02279	0.06003	0.00867	0.00626	0.00204	0.00668	0.02427	0.00542	0.00901
5	0.05270	0.01429	0.07195	0.08002	0.06393	0.01350	0.01225	0.19761	0.06474	0.08097	0.02673	0.11759	0.10441	0.01111	0.00714	0.00226	0.00640	0.05783	0.00572	0.00884
6	0.09438	0.08345	0.06868	0.01229	0.01586	0.03458	0.02954	0.07072	0.07341	0.06487	0.02507	0.03296	0.10494	0.08668	0.05383	0.00317	0.04018	0.09261	0.00499	0.00778
7	0.09456	0.23731	0.15098	0.01455	0.04569	0.01874	0.01366	0.17144	0.01748	0.05734	0.01333	0.01531	0.01055	0.01210	0.09668	0.00297	0.00883	0.00507	0.00420	0.00922
8	0.02320	0.01721	0.01856	0.01467	0.01942	0.01904	0.01198	0.57498	0.08341	0.03841	0.01818	0.02117	0.01413	0.05387	0.00848	0.00235	0.00711	0.03663	0.00654	0.01067
9	0.01027	0.03137	0.00974	0.00899	0.01108	0.00782	0.00697	0.06538	0.01674	0.02150	0.16268	0.17760	0.33544	0.01626	0.00798	0.00237	0.00420	0.09092	0.00635	0.00634
10	0.01601	0.01171	0.01487	0.05606	0.01789	0.01055	0.03073	0.07584	0.04747	0.11023	0.05039	0.06318	0.04010	0.01039	0.04991	0.00217	0.00630	0.00667	0.00513	0.37440
11	0.01661	0.01594	0.02724	0.04119	0.72233	0.01594	0.02059	0.02059	0.01528	0.02192	0.01262	0.01661	0.01063	0.00598	0.00664	0.00199	0.00797	0.00598	0.00332	0.01063
12	0.01085	0.00768	0.01016	0.05346	0.01293	0.00762	0.00760	0.01326	0.01599	0.07036	0.31107	0.20428	0.15539	0.01605	0.02998	0.00258	0.04511	0.01278	0.00639	0.00649
13	0.81159	0.01298	0.00986	0.00882	0.01298	0.01505	0.00727	0.01972	0.01142	0.03010	0.00934	0.01090	0.00727	0.00623	0.00415	0.00208	0.00519	0.00363	0.00415	0.00727
14	0.01584	0.01810	0.03959	0.02828	0.03507	0.01697	0.69796	0.02149	0.01584	0.02149	0.01357	0.01810	0.01018	0.00566	0.00792	0.00226	0.01131	0.00792	0.00339	0.00905
15	0.24880	0.01041	0.01090	0.01026	0.01294	0.04167	0.02716	0.01577	0.01350	0.06437	0.04967	0.34263	0.02664	0.01303	0.00666	0.00225	0.00504	0.01111	0.00537	0.08183
16	0.06065	0.07643	0.07051	0.01509	0.02075	0.02061	0.01325	0.56924	0.02804	0.03824	0.01500	0.01533	0.01080	0.00768	0.00639	0.00198	0.00744	0.00567	0.00603	0.01090
17	0.02396	0.01821	0.05199	0.01492	0.02021	0.01888	0.01268	0.55820	0.05932	0.08341	0.05622	0.01874	0.01490	0.00835	0.00677	0.00204	0.00707	0.00644	0.00668	0.01102
18	0.02042	0.32595	0.12361	0.01437	0.02035	0.06217	0.01382	0.26774	0.04690	0.02665	0.01290	0.01379	0.01006	0.00686	0.00566	0.00179	0.00783	0.00486	0.00444	0.00984
19	0.01525	0.23386	0.50653	0.01687	0.02543	0.01882	0.02059	0.05316	0.01485	0.02076	0.01150	0.01333	0.00867	0.00628	0.00583	0.00193	0.00905	0.00464	0.00303	0.00963
20	0.01587	0.22354	0.43228	0.01649	0.02429	0.05858	0.01928	0.06154	0.01540	0.02076	0.01260	0.01620	0.01014	0.00692	0.00597	0.00196	0.00899	0.03655	0.00327	0.00937
21	0.01691	0.24437	0.15690	0.05627	0.02065	0.05220	0.01378	0.12467	0.03869	0.04201	0.03893	0.01936	0.05183	0.01197	0.08110	0.00279	0.00874	0.00585	0.00417	0.00882
22	0.05391	0.20508	0.09710	0.11426	0.02227	0.16407	0.01326	0.09009	0.01659	0.04216	0.01606	0.04288	0.05053	0.03626	0.00700	0.00207	0.00825	0.00591	0.00397	0.00829

[dist]
# distance from previous block
# <min> <max>
2	80

[block]
# block no. 4 follows, 32 sequences, length 11
# corresponding to MSA columns:
# 275-285
name=unknown_E
#
# <colnr> <probs for GDERKNQSTAVLIFYWHMCP>
#	G	D	E	R	K	N	Q	S	T	A	V	L	I	F	Y	W	H	M	C	P
0	0.17607	0.06339	0.13357	0.04386	0.01885	0.15379	0.01225	0.04119	0.01548	0.09409	0.03569	0.07637	0.05724	0.01055	0.03785	0.00242	0.00800	0.00668	0.00452	0.00813
1	0.12898	0.08139	0.09924	0.01257	0.01699	0.01380	0.03961	0.07181	0.10015	0.12248	0.03961	0.02827	0.05739	0.09596	0.00963	0.00265	0.00650	0.05917	0.00530	0.00850
2	0.07668	0.24266	0.18268	0.01619	0.06381	0.12936	0.03718	0.02221	0.01507	0.07709	0.01204	0.01357	0.00942	0.00626	0.00554	0.00176	0.00830	0.00459	0.00362	0.07197
3	0.01733	0.12750	0.36025	0.11416	0.05105	0.07320	0.01898	0.02258	0.01513	0.11906	0.01358	0.01534	0.00980	0.00663	0.00617	0.00200	0.00893	0.00514	0.00369	0.00948
4	0.01787	0.36377	0.12444	0.01349	0.01899	0.10995	0.01303	0.07588	0.10111	0.02041	0.01712	0.01775	0.06544	0.00744	0.00559	0.00178	0.00767	0.00537	0.00399	0.00893
5	0.01965	0.01697	0.06952	0.05704	0.01941	0.11505	0.01153	0.15647	0.07379	0.15085	0.02697	0.02641	0.14631	0.00926	0.00670	0.00199	0.00693	0.00733	0.00572	0.07210
6	0.01355	0.05919	0.01445	0.01011	0.01514	0.00994	0.00809	0.01680	0.03914	0.02090	0.01548	0.07260	0.01451	0.03983	0.00669	0.00152	0.00516	0.03164	0.00426	0.60099
7	0.00933	0.00737	0.00987	0.01152	0.05532	0.00744	0.00749	0.01067	0.01287	0.01715	0.03599	0.50241	0.12713	0.07965	0.01153	0.00294	0.06409	0.01577	0.00560	0.00584
8	0.01193	0.00954	0.00976	0.00941	0.01046	0.06608	0.00635	0.06598	0.01342	0.01732	0.06148	0.12251	0.05354	0.40905	0.09981	0.00537	0.00764	0.01015	0.00470	0.00550
9	0.17755	0.07908	0.06019	0.01680	0.05651	0.09537	0.10714	0.10835	0.01711	0.11581	0.03637	0.01626	0.01184	0.00735	0.00731	0.00207	0.06557	0.00565	0.00462	0.00904
10	0.03775	0.01732	0.07891	0.13217	0.18679	0.07807	0.15623	0.01994	0.04183	0.02039	0.03592	0.07696	0.01439	0.00813	0.00814	0.00222	0.06507	0.00737	0.00375	0.00864

[dist]
# distance from previous block
# <min> <max>
56	113

[block]
# block no. 5 follows, 32 sequences, length 525
# corresponding to MSA columns:
# 410-934
name=unknown_F
#
# <colnr> <probs for GDERKNQSTAVLIFYWHMCP>
#	G	D	E	R	K	N	Q	S	T	A	V	L	I	F	Y	W	H	M	C	P
0	0.03719	0.01083	0.01133	0.04240	0.01333	0.06486	0.00725	0.03715	0.04130	0.04181	0.01791	0.03020	0.01796	0.37923	0.07087	0.00464	0.00748	0.00744	0.00427	0.15256
1	0.04382	0.01891	0.06025	0.01758	0.08363	0.15763	0.08715	0.07536	0.08847	0.05039	0.01486	0.03381	0.01189	0.00682	0.00619	0.00176	0.00787	0.00570	0.00442	0.22348
2	0.01218	0.00940	0.01133	0.01170	0.04156	0.00943	0.00812	0.10901	0.08781	0.02219	0.03272	0.42531	0.08999	0.03948	0.00859	0.00253	0.00480	0.01395	0.00604	0.05389
3	0.01614	0.01521	0.02543	0.20375	0.47792	0.01603	0.04951	0.05688	0.03351	0.02204	0.01306	0.01716	0.01051	0.00633	0.00672	0.00207	0.00825	0.00611	0.00352	0.00986
4	0.04151	0.01263	0.01981	0.34931	0.15699	0.01356	0.04566	0.01880	0.04024	0.04165	0.06926	0.01983	0.01437	0.00696	0.00651	0.00200	0.00748	0.00626	0.00390	0.12327
5	0.01380	0.01187	0.01400	0.01017	0.01578	0.00929	0.00815	0.01673	0.01394	0.02181	0.03448	0.01510	0.01161	0.00550	0.00569	0.00110	0.03252	0.00431	0.00405	0.75009
6	0.12541	0.02355	0.01734	0.13043	0.02311	0.42837	0.01248	0.02349	0.01660	0.04170	0.01116	0.01339	0.00890	0.00663	0.00581	0.00179	0.00974	0.00453	0.00368	0.09189
7	0.00838	0.00638	0.00755	0.00829	0.00945	0.00575	0.00580	0.00982	0.01391	0.01776	0.08179	0.37833	0.29652	0.08097	0.01045	0.00285	0.00397	0.04043	0.00611	0.00549
8	0.04478	0.00665	0.00791	0.00855	0.00922	0.00639	0.00553	0.01024	0.01178	0.01643	0.02998	0.42406	0.05223	0.28572	0.01738	0.00397	0.00491	0.01436	0.00528	0.03461
9	0.02105	0.02146	0.02112	0.07417	0.15481	0.28360	0.03959	0.11675	0.01857	0.05908	0.01267	0.01502	0.01000	0.00710	0.00742	0.00192	0.06025	0.00533	0.00410	0.06598
10	0.06945	0.05022	0.01939	0.01808	0.06850	0.59759	0.01300	0.02600	0.01817	0.04499	0.01106	0.01272	0.00901	0.00683	0.00596	0.00177	0.01103	0.00447	0.00366	0.00811
11	0.03864	0.00749	0.00859	0.00931	0.05002	0.00681	0.00623	0.01121	0.01516	0.01987	0.18069	0.08166	0.42525	0.09719	0.01061	0.00269	0.00404	0.01262	0.00597	0.00595
12	0.05302	0.01711	0.02008	0.01637	0.05164	0.01851	0.04283	0.47140	0.05299	0.10598	0.01663	0.01691	0.01189	0.00788	0.00719	0.00204	0.03507	0.00608	0.00624	0.04015
13	0.01465	0.01425	0.01195	0.01110	0.01351	0.20898	0.00843	0.01769	0.04063	0.04957	0.34944	0.04090	0.14215	0.01216	0.00737	0.00207	0.00596	0.03611	0.00610	0.00696
14	0.00922	0.00649	0.00832	0.00922	0.01017	0.00607	0.00639	0.01131	0.03641	0.03892	0.12855	0.56364	0.10216	0.01898	0.00832	0.00257	0.00385	0.01703	0.00646	0.00592
15	0.02294	0.02567	0.01872	0.08595	0.04342	0.48627	0.01324	0.05323	0.10394	0.06311	0.01389	0.01519	0.01079	0.00727	0.00629	0.00188	0.01027	0.00514	0.00425	0.00855
16	0.02160	0.02408	0.02076	0.08427	0.10070	0.39837	0.05405	0.12865	0.01952	0.02145	0.01336	0.05684	0.01145	0.00770	0.00653	0.00194	0.01012	0.00597	0.00406	0.00857
17	0.01653	0.01383	0.01529	0.01431	0.04460	0.01561	0.01077	0.09435	0.51938	0.02873	0.09878	0.02846	0.02445	0.00973	0.00702	0.00225	0.00542	0.03370	0.00671	0.01007
18	0.01667	0.01405	0.01536	0.01132	0.01707	0.03815	0.00911	0.15537	0.01767	0.02579	0.01271	0.01429	0.01019	0.00566	0.00536	0.00123	0.00572	0.00441	0.00451	0.61535
19	0.01747	0.01572	0.12654	0.01894	0.14558	0.01219	0.06604	0.04508	0.05157	0.17553	0.05663	0.10846	0.03752	0.00911	0.00690	0.00207	0.00675	0.00811	0.00532	0.08445
20	0.02239	0.10934	0.02059	0.04403	0.02052	0.39883	0.01275	0.11659	0.03885	0.04770	0.01239	0.01427	0.01001	0.00912	0.03604	0.00223	0.06685	0.00496	0.00407	0.00848
21	0.01511	0.01376	0.02209	0.47597	0.22988	0.01582	0.01855	0.09011	0.01584	0.02111	0.01256	0.01735	0.00967	0.00665	0.00669	0.00215	0.00851	0.00598	0.00347	0.00875
22	0.00898	0.00708	0.00906	0.00898	0.01066	0.00628	0.02811	0.01087	0.01475	0.01948	0.16824	0.32769	0.24743	0.04453	0.00897	0.00250	0.00401	0.01476	0.00614	0.05148
23	0.02300	0.05795	0.01996	0.01634	0.01990	0.39175	0.01291	0.20904	0.02080	0.02342	0.01196	0.01396	0.00970	0.00929	0.03330	0.00226	0.10647	0.00506	0.00426	0.00869
24	0.01871	0.01471	0.01550	0.01324	0.01754	0.04355	0.01041	0.07130	0.47687	0.10726	0.02395	0.02235	0.01772	0.00834	0.00655	0.00205	0.00570	0.00682	0.00650	0.11095
25	0.00816	0.00588	0.00774	0.00923	0.00970	0.00546	0.00618	0.00936	0.01296	0.01717	0.03836	0.72896	0.07434	0.02084	0.00854	0.00270	0.00387	0.01886	0.00623	0.00546
26	0.02549	0.01934	0.02009	0.01551	0.02081	0.05022	0.01276	0.67232	0.03103	0.04123	0.01587	0.01594	0.01130	0.00801	0.00669	0.00200	0.00758	0.00597	0.00658	0.01126
27	0.01463	0.01152	0.01383	0.03452	0.01645	0.00924	0.00837	0.03702	0.01528	0.06319	0.09307	0.01873	0.01638	0.00630	0.00551	0.00125	0.00501	0.00519	0.00466	0.61984
28	0.01540	0.01465	0.02458	0.25686	0.48726	0.01565	0.01960	0.02013	0.04207	0.02070	0.01299	0.01733	0.01050	0.00633	0.00667	0.00208	0.00816	0.00604	0.00336	0.00965
29	0.01346	0.03471	0.72942	0.01912	0.02904	0.01558	0.02479	0.02125	0.01417	0.02125	0.01204	0.01417	0.00850	0.00637	0.00637	0.00212	0.00992	0.00496	0.00283	0.00992
30	0.01339	0.01251	0.02019	0.54717	0.14385	0.01480	0.01765	0.01888	0.07213	0.01882	0.01582	0.02038	0.04186	0.00726	0.00676	0.00220	0.00825	0.00647	0.00350	0.00812
31	0.02973	0.01202	0.01594	0.01222	0.01743	0.01075	0.01010	0.08674	0.02020	0.67153	0.02563	0.02229	0.01619	0.00828	0.00674	0.00207	0.00585	0.00669	0.00818	0.01142
32	0.00818	0.00584	0.00779	0.00934	0.00973	0.00545	0.00623	0.00934	0.01285	0.01713	0.03698	0.75981	0.04438	0.02102	0.00856	0.00273	0.00389	0.01908	0.00623	0.00545
33	0.01166	0.00583	0.00874	0.00874	0.00874	0.00583	0.00583	0.00874	0.00874	0.01166	0.01166	0.02040	0.01166	0.02331	0.02622	0.80478	0.00583	0.00583	0.00291	0.00291
34	0.01661	0.01594	0.02724	0.04119	0.72233	0.01594	0.02059	0.02059	0.01528	0.02192	0.01262	0.01661	0.01063	0.00598	0.00664	0.00199	0.00797	0.00598	0.00332	0.01063
35	0.01166	0.00583	0.00874	0.00874	0.00874	0.00583	0.00583	0.00874	0.00874	0.01166	0.01166	0.02040	0.01166	0.02331	0.02622	0.80478	0.00583	0.00583	0.00291	0.00291
36	0.03010	0.01142	0.01557	0.01194	0.01713	0.00986	0.00986	0.03270	0.01920	0.72698	0.02647	0.02284	0.01661	0.00830	0.00675	0.00208	0.00571	0.00675	0.00830	0.01142
37	0.02506	0.03198	0.01901	0.01729	0.02074	0.73725	0.01296	0.02679	0.01901	0.01642	0.01037	0.01210	0.00864	0.00691	0.00605	0.00173	0.01210	0.00432	0.00346	0.00778
38	0.00945	0.00686	0.00890	0.00839	0.00999	0.00631	0.00629	0.01256	0.01887	0.02662	0.69778	0.05059	0.08450	0.01382	0.00791	0.00212	0.00317	0.01220	0.00735	0.00631
39	0.01421	0.14044	0.59788	0.01842	0.02759	0.01724	0.05288	0.02109	0.01416	0.02047	0.01172	0.01385	0.00859	0.00625	0.00614	0.00203	0.00958	0.00489	0.00286	0.00969
40	0.02506	0.03198	0.01901	0.01729	0.02074	0.73725	0.01296	0.02679	0.01901	0.01642	0.01037	0.01210	0.00864	0.00691	0.00605	0.00173	0.01210	0.00432	0.00346	0.00778
41	0.00822	0.00588	0.00783	0.00931	0.00974	0.00548	0.00623	0.00947	0.01308	0.01750	0.06253	0.73321	0.04509	0.02075	0.00854	0.00270	0.00387	0.01881	0.00627	0.00548
42	0.01794	0.76823	0.03516	0.01148	0.01722	0.02655	0.01148	0.02009	0.01363	0.01579	0.00933	0.01076	0.00861	0.00574	0.00431	0.00144	0.00718	0.00359	0.00287	0.00861
43	0.03358	0.00920	0.00981	0.00978	0.01190	0.03478	0.00747	0.03491	0.11085	0.02171	0.13779	0.18992	0.25646	0.01550	0.00784	0.00240	0.00452	0.08853	0.00632	0.00674
44	0.00976	0.00651	0.00732	0.00732	0.00732	0.00651	0.00407	0.00976	0.00976	0.01301	0.02114	0.04391	0.02439	0.76419	0.03415	0.00651	0.00651	0.00976	0.00407	0.00407
45	0.00829	0.00589	0.00775	0.00920	0.00956	0.00552	0.00608	0.00937	0.01263	0.01684	0.03586	0.70903	0.04296	0.07374	0.01038	0.00299	0.00408	0.01841	0.00608	0.00535
46	0.01591	0.01735	0.03729	0.05926	0.03443	0.01641	0.63148	0.02137	0.01590	0.04014	0.03230	0.01905	0.01169	0.00598	0.00783	0.00225	0.01085	0.00791	0.00361	0.00897
47	0.01666	0.51671	0.19880	0.01505	0.02188	0.02296	0.08702	0.02051	0.01399	0.01767	0.01041	0.01234	0.00875	0.00588	0.00517	0.00168	0.00826	0.00437	0.00292	0.00896
48	0.01017	0.00703	0.00905	0.00845	0.01022	0.00642	0.00637	0.01320	0.01871	0.05324	0.64147	0.05019	0.11254	0.01376	0.00787	0.00212	0.00328	0.01208	0.00733	0.00648
49	0.00959	0.00719	0.01078	0.01078	0.01198	0.00839	0.00839	0.01198	0.01078	0.01558	0.01797	0.02636	0.01677	0.05032	0.73760	0.01078	0.01797	0.00719	0.00359	0.00599
50	0.04520	0.13730	0.07275	0.06359	0.14583	0.24291	0.05605	0.06129	0.01682	0.04737	0.01224	0.01473	0.00984	0.00832	0.03610	0.00223	0.00973	0.00515	0.00367	0.00887
51	0.00959	0.00719	0.01078	0.01078	0.01198	0.00839	0.00839	0.01198	0.01078	0.01558	0.01797	0.02636	0.01677	0.05032	0.73760	0.01078	0.01797	0.00719	0.00359	0.00599
52	0.00960	0.00711	0.01040	0.01040	0.01146	0.00818	0.00791	0.01173	0.01067	0.01529	0.01833	0.02831	0.01762	0.12974	0.65934	0.01031	0.01670	0.00747	0.00365	0.00578
53	0.00846	0.00630	0.00898	0.01005	0.01068	0.00588	0.03215	0.00980	0.01296	0.01729	0.03611	0.73201	0.04310	0.02045	0.00854	0.00271	0.00417	0.01866	0.00612	0.00558
54	0.74476	0.04752	0.03932	0.00935	0.01380	0.01559	0.00814	0.01980	0.01163	0.02912	0.00945	0.01102	0.00738	0.00621	0.00425	0.00205	0.00547	0.00368	0.00404	0.00743
55	0.02510	0.03086	0.01911	0.01713	0.02075	0.67629	0.01295	0.08408	0.02008	0.01862	0.01086	0.01244	0.00888	0.00701	0.00611	0.00175	0.01170	0.00447	0.00373	0.00809
56	0.81159	0.01298	0.00986	0.00882	0.01298	0.01505	0.00727	0.01972	0.01142	0.03010	0.00934	0.01090	0.00727	0.00623	0.00415	0.00208	0.00519	0.00363	0.00415	0.00727
57	0.00968	0.00660	0.00795	0.00800	0.00822	0.00680	0.00490	0.01014	0.01004	0.01360	0.02109	0.06377	0.02369	0.61430	0.15754	0.00714	0.00845	0.00960	0.00405	0.00445
58	0.01188	0.00915	0.01168	0.01108	0.01265	0.01047	0.00836	0.06045	0.11767	0.01882	0.02021	0.05545	0.01913	0.17292	0.39235	0.00752	0.04101	0.00804	0.00445	0.00672
59	0.01292	0.00665	0.00669	0.00654	0.00823	0.00671	0.00494	0.03718	0.01462	0.02556	0.02171	0.02474	0.01702	0.00782	0.00475	0.00158	0.00326	0.00625	0.77642	0.00642
60	0.00801	0.00682	0.00690	0.00694	0.00919	0.00572	0.00525	0.00974	0.01530	0.01818	0.06713	0.06486	0.70193	0.01703	0.00796	0.00229	0.00347	0.03138	0.00623	0.00568
61	0.01054	0.00705	0.00836	0.00837	0.01023	0.00647	0.00650	0.01299	0.01591	0.05298	0.20846	0.07629	0.26297	0.04426	0.00867	0.00243	0.00401	0.12306	0.12425	0.00619
62	0.00841	0.00649	0.00772	0.00854	0.00975	0.00592	0.00597	0.01042	0.03646	0.01820	0.07277	0.46297	0.28419	0.01894	0.00826	0.00252	0.00374	0.01670	0.00629	0.00573
63	0.01451	0.05408	0.42343	0.04672	0.08185	0.01596	0.15758	0.04674	0.01515	0.02161	0.01371	0.05310	0.01095	0.00700	0.00676	0.00215	0.00951	0.00637	0.00331	0.00949
64	0.01661	0.01594	0.02724	0.04119	0.72233	0.01594	0.02059	0.02059	0.01528	0.02192	0.01262	0.01661	0.01063	0.00598	0.00664	0.00199	0.00797	0.00598	0.00332	0.01063
65	0.01009	0.00704	0.00865	0.00845	0.01032	0.00636	0.00638	0.01248	0.01660	0.06319	0.32945	0.13198	0.27370	0.01710	0.04035	0.00265	0.00424	0.03797	0.00671	0.00629
66	0.00821	0.00594	0.00776	0.00913	0.00970	0.00550	0.00615	0.00948	0.01324	0.01756	0.06420	0.68595	0.09144	0.02048	0.00850	0.00267	0.00383	0.01848	0.00627	0.00550
67	0.02401	0.03028	0.01988	0.01771	0.02106	0.66153	0.03829	0.02587	0.01830	0.01659	0.01038	0.01250	0.00871	0.00720	0.00722	0.00183	0.06287	0.00456	0.00342	0.00780
68	0.00807	0.00624	0.00737	0.00828	0.00945	0.00554	0.00576	0.00946	0.01387	0.01755	0.04994	0.46910	0.32672	0.01934	0.00830	0.00253	0.00369	0.01702	0.00623	0.00554
69	0.07441	0.00993	0.01253	0.01081	0.01434	0.00922	0.00845	0.04014	0.04062	0.39608	0.02965	0.23027	0.05265	0.01210	0.00709	0.00226	0.00504	0.01030	0.02503	0.00909
70	0.01669	0.01441	0.01517	0.01365	0.01745	0.01669	0.01062	0.03565	0.71021	0.02807	0.02731	0.02503	0.02048	0.00910	0.00683	0.00228	0.00531	0.00759	0.00683	0.01062
71	0.00820	0.00596	0.00767	0.00901	0.00959	0.00551	0.00604	0.00939	0.01301	0.01710	0.03975	0.66394	0.11497	0.04399	0.00930	0.00280	0.00392	0.01826	0.00616	0.00543
72	0.00843	0.00647	0.00777	0.00865	0.00982	0.00590	0.00608	0.01036	0.03207	0.01820	0.07344	0.46429	0.26964	0.01902	0.00830	0.00255	0.00379	0.03321	0.00629	0.00571
73	0.00976	0.00651	0.00732	0.00732	0.00732	0.00651	0.00407	0.00976	0.00976	0.01301	0.02114	0.04391	0.02439	0.76419	0.03415	0.00651	0.00651	0.00976	0.00407	0.00407
74	0.00915	0.00685	0.00849	0.00808	0.00981	0.00618	0.00606	0.01200	0.01818	0.02498	0.57564	0.05330	0.20767	0.01444	0.00792	0.00214	0.00322	0.01258	0.00713	0.00618
75	0.00972	0.00715	0.00914	0.00859	0.01028	0.00671	0.00646	0.01345	0.04564	0.02667	0.67096	0.04962	0.08288	0.01364	0.00787	0.00212	0.00326	0.01202	0.00733	0.00648
76	0.00979	0.00680	0.00850	0.00856	0.00883	0.00717	0.00551	0.01030	0.01024	0.01396	0.02138	0.11139	0.02398	0.49985	0.16492	0.03826	0.03186	0.00994	0.00411	0.00463
77	0.00855	0.00706	0.00753	0.00737	0.00954	0.00616	0.00554	0.01112	0.03857	0.02033	0.20589	0.06020	0.55659	0.01604	0.00789	0.00223	0.00341	0.01351	0.00650	0.00597
78	0.02551	0.01879	0.02014	0.01544	0.02081	0.02081	0.01275	0.69996	0.03155	0.04229	0.01611	0.01611	0.01141	0.00805	0.00671	0.00201	0.00738	0.00604	0.00671	0.01141
79	0.01760	0.01487	0.01568	0.01384	0.01779	0.01711	0.01084	0.10423	0.64015	0.02954	0.02615	0.02411	0.01955	0.00900	0.00682	0.00225	0.00552	0.00743	0.00682	0.01070
80	0.00961	0.00710	0.01034	0.01034	0.01139	0.00815	0.00784	0.01170	0.01065	0.01525	0.01838	0.02860	0.01775	0.14138	0.64787	0.01024	0.01651	0.00752	0.00365	0.00575
81	0.03584	0.00727	0.00977	0.01124	0.01248	0.00720	0.00917	0.01257	0.01445	0.01942	0.03516	0.30168	0.03952	0.01897	0.00887	0.00294	0.00538	0.43597	0.00613	0.00597
82	0.64223	0.01371	0.01165	0.01001	0.01435	0.01562	0.00822	0.10688	0.04547	0.06247	0.01176	0.01272	0.00879	0.00668	0.00471	0.00208	0.00550	0.00425	0.00478	0.00812
83	0.01243	0.01031	0.01415	0.01287	0.01377	0.01310	0.01031	0.04048	0.01171	0.01774	0.01504	0.02223	0.01398	0.06146	0.33036	0.00631	0.28972	0.00666	0.09072	0.00665
84	0.01251	0.00625	0.00625	0.00625	0.00782	0.00625	0.00469	0.01563	0.01407	0.02502	0.02189	0.02502	0.01720	0.00782	0.00469	0.00156	0.00313	0.00625	0.80144	0.00625
85	0.00820	0.00681	0.00717	0.00708	0.00923	0.00578	0.00531	0.01015	0.01593	0.01963	0.17978	0.06209	0.60686	0.01643	0.00793	0.00224	0.00336	0.01381	0.00643	0.00578
86	0.01826	0.73539	0.03444	0.01174	0.01738	0.05825	0.01155	0.02039	0.01387	0.01581	0.00937	0.01082	0.00861	0.00579	0.00438	0.00145	0.00740	0.00362	0.00290	0.00857
87	0.00959	0.00717	0.01068	0.01068	0.01184	0.00833	0.00826	0.01192	0.01075	0.01550	0.01807	0.02688	0.01700	0.07159	0.71664	0.01066	0.01763	0.00727	0.00361	0.00593
88	0.08292	0.01828	0.01892	0.03390	0.02058	0.04780	0.01224	0.55688	0.04628	0.03842	0.01538	0.01575	0.01110	0.00773	0.00642	0.00197	0.00728	0.00574	0.00618	0.04624
89	0.01582	0.01531	0.04043	0.16544	0.52480	0.01548	0.01937	0.04738	0.01548	0.02167	0.01371	0.04974	0.01181	0.00687	0.00674	0.00207	0.00798	0.00654	0.00352	0.00984
90	0.00828	0.00606	0.00768	0.00883	0.00954	0.00557	0.00597	0.00957	0.01338	0.01759	0.07547	0.58973	0.14360	0.05320	0.00958	0.00279	0.00390	0.01759	0.00619	0.00546
91	0.01857	0.01413	0.01621	0.01217	0.01757	0.01330	0.00989	0.22089	0.04242	0.07572	0.01452	0.01557	0.01113	0.00655	0.00643	0.00150	0.03906	0.00498	0.00513	0.45427
92	0.05043	0.03773	0.07127	0.01445	0.01900	0.05873	0.01226	0.18985	0.35893	0.04539	0.02060	0.02012	0.01542	0.00939	0.02509	0.00236	0.02630	0.00650	0.00595	0.01023
93	0.04740	0.01807	0.01937	0.01500	0.02024	0.01995	0.01235	0.61405	0.07060	0.06921	0.01701	0.01677	0.01204	0.00808	0.00665	0.00203	0.00713	0.00609	0.00671	0.01125
94	0.01646	0.01627	0.02092	0.04487	0.04317	0.06979	0.04131	0.07270	0.07129	0.01965	0.01146	0.01579	0.01009	0.01028	0.01681	0.00264	0.49872	0.00601	0.00363	0.00814
95	0.01615	0.01470	0.02392	0.26678	0.29622	0.01592	0.07974	0.06344	0.09454	0.04057	0.01472	0.01825	0.01135	0.00673	0.00681	0.00213	0.00820	0.00636	0.00395	0.00951
96	0.00911	0.00636	0.00768	0.00819	0.00874	0.00606	0.00531	0.00988	0.01218	0.01606	0.07961	0.27877	0.11731	0.33000	0.01986	0.03714	0.00502	0.03256	0.00527	0.00488
97	0.02435	0.04549	0.04350	0.01692	0.07258	0.01927	0.01332	0.51542	0.04967	0.10653	0.01686	0.01684	0.01196	0.00782	0.00662	0.00201	0.00727	0.00603	0.00636	0.01118
98	0.05125	0.37767	0.34448	0.01543	0.02301	0.02076	0.04383	0.02065	0.01386	0.01909	0.01071	0.01257	0.00856	0.00604	0.00536	0.00180	0.00847	0.00437	0.00293	0.00915
99	0.00852	0.00682	0.00762	0.00742	0.00943	0.00592	0.00556	0.01077	0.01669	0.02144	0.31323	0.05913	0.47229	0.01576	0.00792	0.00221	0.00331	0.01340	0.00667	0.00592
100	0.01388	0.01279	0.01832	0.12053	0.12012	0.01416	0.06769	0.04770	0.15407	0.02178	0.05022	0.03048	0.17805	0.01034	0.00920	0.00230	0.10658	0.00853	0.00487	0.00836
101	0.00871	0.00746	0.00903	0.03575	0.01169	0.00659	0.03427	0.01093	0.01590	0.01977	0.17805	0.05838	0.54847	0.01557	0.00788	0.00224	0.00389	0.01324	0.00620	0.00599
102	0.04647	0.35255	0.25068	0.01457	0.02150	0.05410	0.03513	0.04728	0.01477	0.01985	0.01086	0.01262	0.00880	0.00603	0.00530	0.00170	0.00813	0.00431	0.00320	0.08215
103	0.01613	0.01726	0.03108	0.05618	0.22676	0.05695	0.34418	0.02051	0.01518	0.02056	0.01348	0.01935	0.01120	0.00701	0.00891	0.00226	0.08612	0.03436	0.00343	0.00907
104	0.01251	0.00625	0.00625	0.00625	0.00782	0.00625	0.00469	0.01563	0.01407	0.02502	0.02189	0.02502	0.01720	0.00782	0.00469	0.00156	0.00313	0.00625	0.80144	0.00625
105	0.00959	0.00719	0.01078	0.01078	0.01198	0.00839	0.00839	0.01198	0.01078	0.01558	0.01797	0.02636	0.01677	0.05032	0.73760	0.01078	0.01797	0.00719	0.00359	0.00599
106	0.02171	0.03997	0.04186	0.06630	0.16226	0.03765	0.01498	0.42109	0.04843	0.03331	0.01484	0.01627	0.01109	0.00757	0.00710	0.00204	0.03159	0.00593	0.00538	0.01063
107	0.01889	0.01873	0.01964	0.03752	0.07556	0.16413	0.07498	0.08185	0.38102	0.02541	0.02019	0.02023	0.01535	0.00795	0.00674	0.00212	0.00771	0.00666	0.00544	0.00987
108	0.01975	0.02264	0.02712	0.09817	0.02870	0.29300	0.27377	0.07678	0.01776	0.02047	0.01213	0.01544	0.00949	0.00676	0.00772	0.00207	0.05006	0.00608	0.00361	0.00849
109	0.00799	0.00680	0.00688	0.00686	0.00910	0.00569	0.00514	0.00974	0.01543	0.01845	0.09203	0.06404	0.69535	0.01687	0.00793	0.00226	0.00339	0.01409	0.00627	0.00569
110	0.01871	0.01491	0.01594	0.01383	0.01793	0.01695	0.01090	0.13504	0.57226	0.06687	0.02559	0.02358	0.01892	0.00890	0.00681	0.00223	0.00564	0.00731	0.00689	0.01078
111	0.72745	0.01287	0.01029	0.00894	0.01328	0.01441	0.00734	0.01943	0.01168	0.02924	0.00962	0.01122	0.00755	0.00610	0.00424	0.00196	0.00517	0.00367	0.00413	0.09143
112	0.01425	0.00981	0.01090	0.00991	0.01178	0.01037	0.00690	0.05537	0.20800	0.08154	0.02468	0.03602	0.04577	0.42110	0.02176	0.00455	0.00604	0.00884	0.00542	0.00699
113	0.01729	0.01308	0.01439	0.01255	0.01637	0.01426	0.00984	0.06463	0.46845	0.10170	0.10254	0.02820	0.05249	0.00961	0.00689	0.00217	0.00513	0.00802	0.00689	0.04552
114	0.01648	0.01582	0.02701	0.06344	0.70105	0.01591	0.02053	0.02048	0.01522	0.02177	0.01260	0.01665	0.01058	0.00600	0.00664	0.00200	0.00800	0.00598	0.00331	0.01053
115	0.03775	0.00688	0.00837	0.00854	0.00959	0.00655	0.00580	0.01192	0.01371	0.06012	0.17849	0.28794	0.07755	0.23799	0.01571	0.00363	0.00463	0.01330	0.00589	0.00565
116	0.00895	0.00617	0.00781	0.00888	0.00929	0.00592	0.00590	0.01002	0.01224	0.01652	0.03201	0.49003	0.03752	0.22146	0.01539	0.00373	0.00473	0.06183	0.03643	0.00516
117	0.00843	0.00598	0.00788	0.00930	0.00970	0.00565	0.00624	0.00958	0.01269	0.01689	0.03550	0.66555	0.04234	0.08725	0.01088	0.00308	0.00423	0.04744	0.00603	0.00536
118	0.01149	0.00591	0.00878	0.00878	0.00883	0.00597	0.00587	0.00892	0.00887	0.01188	0.01230	0.02157	0.01237	0.05310	0.05809	0.73874	0.00639	0.00604	0.00299	0.00309
119	0.09642	0.00754	0.00804	0.00814	0.01030	0.00704	0.00632	0.01172	0.01529	0.02095	0.15361	0.10153	0.41321	0.01577	0.00773	0.00236	0.00395	0.09793	0.00617	0.00599
120	0.00976	0.00651	0.00732	0.00732	0.00732	0.00651	0.00407	0.00976	0.00976	0.01301	0.02114	0.04391	0.02439	0.76419	0.03415	0.00651	0.00651	0.00976	0.00407	0.00407
121	0.08635	0.00883	0.01117	0.01089	0.01258	0.03729	0.00851	0.01395	0.01143	0.03980	0.01714	0.02424	0.01556	0.04314	0.61677	0.00933	0.01615	0.00673	0.00379	0.00635
122	0.13289	0.00891	0.00955	0.00888	0.01128	0.00890	0.00666	0.04182	0.06089	0.07172	0.18363	0.10633	0.20913	0.09833	0.01019	0.00270	0.00446	0.01082	0.00612	0.00679
123	0.00976	0.00651	0.00732	0.00732	0.00732	0.00651	0.00407	0.00976	0.00976	0.01301	0.02114	0.04391	0.02439	0.76419	0.03415	0.00651	0.00651	0.00976	0.00407	0.00407
124	0.00901	0.00684	0.00829	0.00793	0.00972	0.00612	0.00594	0.01171	0.01783	0.02415	0.51458	0.05466	0.26925	0.01475	0.00792	0.00216	0.00324	0.01277	0.00702	0.00612
125	0.18694	0.00903	0.00927	0.00857	0.01115	0.00912	0.00654	0.03573	0.04633	0.06121	0.19929	0.06326	0.21869	0.06676	0.00875	0.00247	0.00429	0.00998	0.03584	0.00677
126	0.00818	0.00584	0.00779	0.00934	0.00973	0.00545	0.00623	0.00934	0.01285	0.01713	0.03698	0.75981	0.04438	0.02102	0.00856	0.00273	0.00389	0.01908	0.00623	0.00545
127	0.01661	0.01594	0.02724	0.04119	0.72233	0.01594	0.02059	0.02059	0.01528	0.02192	0.01262	0.01661	0.01063	0.00598	0.00664	0.00199	0.00797	0.00598	0.00332	0.01063
128	0.01020	0.00729	0.00871	0.00847	0.01028	0.00681	0.00630	0.01355	0.05619	0.04540	0.34712	0.12399	0.22111	0.04378	0.00879	0.00239	0.00370	0.02748	0.04205	0.00638
129	0.01166	0.00783	0.00960	0.00906	0.01104	0.00739	0.00675	0.03607	0.05390	0.08260	0.36371	0.15836	0.15650	0.04406	0.00886	0.00241	0.00391	0.01257	0.00692	0.00681
130	0.01584	0.01810	0.03959	0.02828	0.03507	0.01697	0.69796	0.02149	0.01584	0.02149	0.01357	0.01810	0.01018	0.00566	0.00792	0.00226	0.01131	0.00792	0.00339	0.00905
131	0.00856	0.00611	0.00782	0.00903	0.00955	0.00576	0.00608	0.00969	0.01266	0.01671	0.03635	0.56325	0.08363	0.13836	0.01262	0.00332	0.00441	0.05492	0.00588	0.00529
132	0.00959	0.00716	0.01064	0.01064	0.01179	0.00831	0.00821	0.01189	0.01074	0.01547	0.01810	0.02708	0.01709	0.07963	0.70872	0.01061	0.01750	0.00729	0.00361	0.00591
133	0.01008	0.00686	0.00776	0.00764	0.00791	0.00691	0.00450	0.02748	0.01057	0.01406	0.02273	0.04333	0.05114	0.68780	0.05966	0.00639	0.00685	0.00974	0.00420	0.00439
134	0.01794	0.76823	0.03516	0.01148	0.01722	0.02655	0.01148	0.02009	0.01363	0.01579	0.00933	0.01076	0.00861	0.00574	0.00431	0.00144	0.00718	0.00359	0.00287	0.00861
135	0.00890	0.00674	0.00813	0.00808	0.00955	0.00628	0.00585	0.01092	0.01514	0.02009	0.27498	0.11186	0.27242	0.11465	0.09296	0.00374	0.00539	0.01255	0.00605	0.00571
136	0.01632	0.01684	0.03005	0.10408	0.41847	0.04399	0.22900	0.02078	0.01542	0.02112	0.01276	0.01702	0.01025	0.00599	0.00702	0.00209	0.00925	0.00651	0.00332	0.00973
137	0.02363	0.02150	0.01980	0.08908	0.15153	0.32890	0.01411	0.04783	0.01825	0.19848	0.01520	0.01633	0.01115	0.00711	0.00642	0.00192	0.00927	0.00545	0.00472	0.00931
138	0.00815	0.00593	0.00769	0.00910	0.00967	0.00547	0.00612	0.00937	0.01308	0.01722	0.03995	0.69322	0.10905	0.02064	0.00850	0.00268	0.00385	0.01860	0.00623	0.00547
139	0.01609	0.01479	0.02063	0.23575	0.13559	0.05215	0.06620	0.13257	0.06712	0.02316	0.01924	0.06169	0.06520	0.00876	0.00783	0.00221	0.05041	0.00748	0.00440	0.00872
140	0.01615	0.39662	0.35761	0.01528	0.02287	0.05063	0.01774	0.02091	0.01410	0.01836	0.01063	0.01240	0.00856	0.00608	0.00534	0.00177	0.00865	0.00426	0.00288	0.00918
141	0.00860	0.00698	0.00771	0.00805	0.00998	0.00621	0.00611	0.01093	0.03513	0.01881	0.08262	0.16491	0.50099	0.01740	0.00814	0.00242	0.00383	0.08903	0.00628	0.00586
