[name]
unknown

[dist]
# distance from previous block
# <min> <max>
0	71

[block]
# block no. 0 follows, 30 sequences, length 26
# corresponding to MSA columns:
# 74-99
name=unknown_A
#
# <colnr> <probs for GDERKNQSTAVLIFYWHMCP>
#	G	D	E	R	K	N	Q	S	T	A	V	L	I	F	Y	W	H	M	C	P
0	0.01651	0.03965	0.01940	0.07298	0.06149	0.12017	0.05777	0.09016	0.01757	0.02278	0.12087	0.08801	0.02373	0.01118	0.01014	0.00237	0.13442	0.05918	0.00489	0.02675
1	0.07830	0.11487	0.04665	0.12108	0.02534	0.13358	0.07431	0.14459	0.03583	0.09064	0.01418	0.01616	0.01070	0.00755	0.00750	0.00211	0.05689	0.00571	0.00462	0.00940
2	0.07058	0.14598	0.09761	0.06048	0.02281	0.15953	0.08096	0.02227	0.01599	0.07196	0.01542	0.01716	0.04193	0.00697	0.00608	0.00182	0.00853	0.00547	0.00403	0.14442
3	0.10494	0.13093	0.02505	0.04793	0.02327	0.16477	0.15436	0.06057	0.01718	0.12637	0.01444	0.01695	0.01115	0.03221	0.00808	0.00222	0.04011	0.00590	0.00449	0.00906
4	0.10964	0.32765	0.17427	0.04759	0.02205	0.12371	0.01493	0.04483	0.01567	0.04618	0.01148	0.01315	0.00919	0.00657	0.00547	0.00185	0.00861	0.00447	0.00357	0.00911
5	0.04958	0.27270	0.12886	0.01382	0.01977	0.04490	0.01341	0.17526	0.04419	0.06757	0.01464	0.01561	0.01125	0.00711	0.00573	0.00184	0.00748	0.00514	0.06589	0.03523
6	0.01148	0.00776	0.00952	0.00873	0.01093	0.00688	0.00650	0.01405	0.01762	0.07812	0.39690	0.07125	0.19165	0.07672	0.01027	0.00256	0.00398	0.01211	0.00695	0.05602
7	0.00838	0.00707	0.00726	0.00721	0.00951	0.00595	0.00541	0.01028	0.01623	0.01962	0.12445	0.06589	0.65416	0.01739	0.00825	0.00234	0.00351	0.01455	0.00658	0.00595
8	0.01203	0.01761	0.24525	0.01363	0.01811	0.01115	0.01367	0.01869	0.12011	0.02215	0.07743	0.27402	0.05140	0.01366	0.00769	0.00247	0.00634	0.03454	0.03188	0.00817
9	0.00825	0.00707	0.00707	0.00707	0.00943	0.00589	0.00530	0.01001	0.01591	0.01885	0.07069	0.06716	0.70839	0.01767	0.00825	0.00236	0.00353	0.01473	0.00648	0.00589
10	0.01447	0.21310	0.44467	0.01618	0.02419	0.01763	0.01945	0.02031	0.01509	0.02098	0.07400	0.02018	0.05605	0.00778	0.00632	0.00204	0.00860	0.00601	0.00357	0.00939
11	0.02614	0.01935	0.02072	0.01598	0.02149	0.02146	0.01317	0.66038	0.06102	0.04335	0.01725	0.01715	0.01227	0.00842	0.00699	0.00211	0.00759	0.00635	0.00699	0.01183
12	0.01794	0.66298	0.03273	0.01125	0.01666	0.02492	0.01104	0.02030	0.01424	0.01764	0.01137	0.01308	0.01009	0.00625	0.00453	0.00151	0.00693	0.00409	0.10382	0.00864
13	0.01830	0.08526	0.11724	0.01701	0.08072	0.01407	0.07750	0.07292	0.01672	0.14037	0.01766	0.06284	0.01478	0.07070	0.00899	0.00232	0.00739	0.00691	0.00488	0.16343
14	0.01497	0.18728	0.57596	0.01823	0.02763	0.01859	0.02289	0.02185	0.01462	0.02091	0.01193	0.01399	0.00886	0.00649	0.00618	0.00206	0.00972	0.00486	0.00295	0.01003
15	0.01624	0.24391	0.32259	0.01668	0.02359	0.01892	0.05462	0.02107	0.01453	0.06168	0.01441	0.07162	0.01241	0.00817	0.00765	0.00212	0.07056	0.00624	0.00362	0.00937
16	0.01728	0.52082	0.17940	0.01435	0.02056	0.02448	0.01525	0.02068	0.01390	0.01767	0.01024	0.01241	0.00895	0.00682	0.00704	0.00182	0.09194	0.00430	0.00298	0.00909
17	0.12923	0.01486	0.07104	0.01447	0.01973	0.01294	0.09755	0.06165	0.06702	0.24617	0.06740	0.06468	0.01886	0.00875	0.00681	0.00215	0.00665	0.00751	0.00618	0.07636
18	0.01519	0.06048	0.11081	0.35812	0.03474	0.01619	0.06902	0.11341	0.01706	0.02244	0.01851	0.05452	0.06307	0.00846	0.00707	0.00226	0.00862	0.00735	0.00406	0.00863
19	0.01088	0.04126	0.01064	0.04889	0.01327	0.05192	0.00733	0.01407	0.06829	0.01899	0.05253	0.10925	0.45115	0.05932	0.00948	0.00258	0.00495	0.01278	0.00589	0.00654
20	0.01530	0.05551	0.02388	0.28319	0.06121	0.04801	0.15698	0.07909	0.01689	0.02167	0.04134	0.06775	0.08113	0.00895	0.00735	0.00226	0.00863	0.00827	0.00425	0.00836
21	0.01944	0.12595	0.16935	0.08831	0.05154	0.20162	0.05761	0.11525	0.01886	0.02306	0.05448	0.01696	0.01300	0.00736	0.00654	0.00200	0.00963	0.00573	0.00404	0.00927
22	0.10814	0.09080	0.28917	0.04638	0.02399	0.01518	0.06087	0.02345	0.01599	0.17219	0.07393	0.01955	0.01546	0.00759	0.00651	0.00214	0.00801	0.00615	0.00478	0.00973
23	0.02161	0.02021	0.01814	0.07148	0.02148	0.27224	0.03396	0.11679	0.06451	0.10820	0.01775	0.05877	0.01456	0.01493	0.11047	0.00339	0.01074	0.00681	0.00506	0.00890
24	0.01673	0.06059	0.08797	0.27465	0.03000	0.07503	0.03700	0.06595	0.05808	0.07545	0.04707	0.08536	0.01737	0.00924	0.00710	0.00226	0.00824	0.02857	0.00466	0.00868
25	0.06458	0.01517	0.01801	0.03947	0.01992	0.07320	0.08932	0.14616	0.01834	0.02561	0.01988	0.09119	0.06114	0.01065	0.03714	0.00227	0.00756	0.00750	0.00491	0.24798

[dist]
# distance from previous block
# <min> <max>
8	64

[block]
# block no. 1 follows, 30 sequences, length 18
# corresponding to MSA columns:
# 188-205
name=unknown_B
#
# <colnr> <probs for GDERKNQSTAVLIFYWHMCP>
#	G	D	E	R	K	N	Q	S	T	A	V	L	I	F	Y	W	H	M	C	P
0	0.08410	0.04601	0.07005	0.05839	0.02078	0.08145	0.05013	0.06559	0.04092	0.15920	0.05091	0.05497	0.01634	0.02570	0.00780	0.00214	0.03396	0.00677	0.00528	0.11952
1	0.05882	0.13440	0.09492	0.01606	0.02108	0.19671	0.06879	0.02491	0.06101	0.11798	0.01563	0.04590	0.01259	0.00798	0.00739	0.00203	0.05594	0.00601	0.00451	0.04733
2	0.01962	0.18708	0.08701	0.01469	0.01951	0.12039	0.01312	0.15740	0.07482	0.04298	0.04850	0.03492	0.01488	0.01045	0.04230	0.00243	0.05688	0.00608	0.00476	0.04218
3	0.13316	0.15484	0.12935	0.04597	0.02327	0.14393	0.10291	0.07016	0.04328	0.02360	0.05638	0.01687	0.01325	0.00722	0.00622	0.00202	0.00882	0.00569	0.00410	0.00895
4	0.17552	0.23275	0.11761	0.01399	0.01940	0.11857	0.01317	0.04986	0.07663	0.07131	0.01340	0.01449	0.01047	0.00719	0.00628	0.00198	0.03911	0.00484	0.00425	0.00919
5	0.12856	0.31915	0.05919	0.01371	0.01922	0.12089	0.01242	0.16662	0.01903	0.06450	0.01253	0.01349	0.00987	0.00691	0.00550	0.00183	0.00800	0.00465	0.00443	0.00950
6	0.08141	0.41607	0.02734	0.01343	0.01839	0.22540	0.01176	0.02368	0.04382	0.04274	0.01310	0.01421	0.02921	0.00692	0.00529	0.00171	0.00853	0.00455	0.00373	0.00870
7	0.01810	0.63755	0.08975	0.01410	0.02050	0.02585	0.07263	0.02112	0.01442	0.01738	0.01031	0.01214	0.00909	0.00601	0.00498	0.00162	0.00806	0.00424	0.00303	0.00910
8	0.01830	0.53007	0.18943	0.01410	0.02102	0.02450	0.01519	0.08018	0.01595	0.02014	0.01096	0.01249	0.00919	0.00633	0.00519	0.00171	0.00813	0.00428	0.00333	0.00952
9	0.00934	0.00930	0.07095	0.00955	0.01166	0.00694	0.00778	0.01178	0.01564	0.02083	0.21201	0.28880	0.22937	0.05185	0.00960	0.00267	0.00440	0.01487	0.00636	0.00630
10	0.04562	0.02415	0.35510	0.01639	0.02353	0.01478	0.03685	0.05945	0.12312	0.11376	0.08021	0.02254	0.03696	0.00838	0.00692	0.00223	0.00792	0.00685	0.00512	0.01013
11	0.00863	0.00703	0.00764	0.00760	0.00969	0.00603	0.00566	0.01071	0.01663	0.02085	0.21232	0.10258	0.52603	0.01714	0.00828	0.00235	0.00351	0.01454	0.00675	0.00603
12	0.01223	0.00944	0.01087	0.01003	0.01243	0.00949	0.00769	0.07576	0.12300	0.02661	0.34419	0.04903	0.18362	0.05252	0.00944	0.00253	0.00440	0.04222	0.00704	0.00746
13	0.16005	0.12125	0.02070	0.24729	0.02770	0.09771	0.01387	0.09692	0.01680	0.08518	0.01306	0.01569	0.00990	0.00730	0.00675	0.00211	0.03937	0.00531	0.00429	0.00875
14	0.01590	0.03344	0.64155	0.01907	0.02884	0.01555	0.02408	0.02341	0.01531	0.09822	0.01417	0.01572	0.00976	0.00685	0.00667	0.00220	0.00983	0.00536	0.00357	0.01048
15	0.01302	0.00982	0.01217	0.08530	0.01639	0.01008	0.00908	0.07616	0.09339	0.05056	0.33420	0.04553	0.16288	0.01310	0.00789	0.00229	0.00481	0.03876	0.00685	0.00771
16	0.12554	0.07135	0.03860	0.01181	0.01565	0.04476	0.00980	0.21775	0.02016	0.02852	0.11055	0.03006	0.11825	0.07635	0.04881	0.00300	0.00703	0.00803	0.00563	0.00835
17	0.01430	0.04675	0.01626	0.28125	0.02662	0.05286	0.01270	0.04116	0.05425	0.06241	0.02607	0.22484	0.07033	0.01241	0.00752	0.00241	0.00700	0.02811	0.00508	0.00767

[dist]
# distance from previous block
# <min> <max>
2	10

[block]
# block no. 2 follows, 30 sequences, length 22
# corresponding to MSA columns:
# 216-237
name=unknown_C
#
# <colnr> <probs for GDERKNQSTAVLIFYWHMCP>
#	G	D	E	R	K	N	Q	S	T	A	V	L	I	F	Y	W	H	M	C	P
0	0.13098	0.33379	0.20693	0.01379	0.02024	0.04398	0.01461	0.06372	0.01570	0.02250	0.04805	0.01604	0.02947	0.00713	0.00552	0.00188	0.00778	0.00503	0.00377	0.00907
1	0.52523	0.01347	0.01263	0.07939	0.01771	0.01544	0.00944	0.08044	0.06410	0.04872	0.01448	0.06637	0.01211	0.00806	0.00541	0.00223	0.00590	0.00576	0.00491	0.00820
2	0.01588	0.04164	0.01669	0.05652	0.01917	0.01221	0.00992	0.08994	0.01625	0.02424	0.01264	0.01488	0.01034	0.00595	0.00618	0.00133	0.03613	0.00456	0.00429	0.60124
3	0.00979	0.00856	0.00860	0.00881	0.01072	0.05082	0.00653	0.01175	0.01622	0.01997	0.15179	0.19541	0.40805	0.01742	0.00832	0.00243	0.00431	0.04790	0.00647	0.00611
4	0.11416	0.32859	0.06776	0.01352	0.01843	0.23060	0.01214	0.02192	0.01561	0.01893	0.01485	0.01640	0.05876	0.00893	0.03139	0.00212	0.00903	0.00497	0.00360	0.00830
5	0.05743	0.08869	0.01889	0.01291	0.01852	0.06592	0.01067	0.20915	0.02069	0.13517	0.01546	0.01595	0.01148	0.00688	0.00594	0.00165	0.00675	0.00515	0.00549	0.28722
6	0.10642	0.14949	0.12273	0.04237	0.02055	0.08114	0.01353	0.12791	0.11527	0.02611	0.05893	0.02122	0.01622	0.00968	0.02825	0.00237	0.00797	0.03567	0.00487	0.00929
7	0.02743	0.01290	0.01676	0.06445	0.02026	0.01251	0.01122	0.07423	0.13189	0.51160	0.02593	0.02332	0.01703	0.00864	0.00703	0.00220	0.00622	0.00706	0.00789	0.01145
8	0.04521	0.11349	0.54423	0.01822	0.02679	0.01760	0.02226	0.02120	0.01421	0.02131	0.01246	0.03176	0.00972	0.00734	0.00761	0.00221	0.06618	0.00537	0.00310	0.00974
9	0.01000	0.00729	0.01027	0.01023	0.01123	0.00813	0.00756	0.01199	0.01158	0.01644	0.06834	0.03326	0.02266	0.20709	0.52104	0.00958	0.01492	0.00844	0.00413	0.00581
10	0.00929	0.00711	0.00852	0.00817	0.01007	0.00634	0.00612	0.01204	0.01837	0.02471	0.47895	0.05752	0.29648	0.01549	0.00824	0.00225	0.00338	0.01338	0.00725	0.00634
11	0.01938	0.68816	0.03493	0.01253	0.01827	0.09582	0.01209	0.02158	0.01473	0.01648	0.00981	0.01133	0.00896	0.00609	0.00465	0.00152	0.00796	0.00381	0.00304	0.00887
12	0.00850	0.00607	0.00810	0.00972	0.01012	0.00567	0.00648	0.00972	0.01336	0.01781	0.03846	0.75020	0.04615	0.02186	0.00891	0.00283	0.00405	0.01984	0.00648	0.00567
13	0.01732	0.55192	0.23191	0.01422	0.02143	0.02435	0.01590	0.02124	0.01434	0.01805	0.01051	0.01221	0.00892	0.00616	0.00509	0.00170	0.00828	0.00414	0.00297	0.00934
14	0.01775	0.02017	0.10207	0.23290	0.03110	0.15589	0.09676	0.02297	0.06349	0.06469	0.01537	0.02063	0.01226	0.00821	0.00846	0.00231	0.07251	0.03970	0.00403	0.00873
15	0.04554	0.05761	0.51941	0.01848	0.02674	0.04827	0.04204	0.02113	0.01439	0.02127	0.01276	0.01575	0.00970	0.01126	0.07736	0.00308	0.03717	0.00537	0.00313	0.00953
16	0.04672	0.04058	0.06578	0.08326	0.02175	0.06744	0.05909	0.04749	0.04693	0.04042	0.07562	0.02007	0.01602	0.03174	0.00780	0.00194	0.03343	0.00605	0.00448	0.28339
17	0.18518	0.03679	0.19166	0.01380	0.01988	0.04207	0.03545	0.04289	0.01579	0.10763	0.06901	0.01853	0.01484	0.00903	0.03442	0.00231	0.00763	0.00567	0.00470	0.14270
18	0.08928	0.06149	0.03868	0.01289	0.01707	0.03872	0.01077	0.25362	0.04499	0.02878	0.02317	0.02521	0.11011	0.04277	0.08801	0.00326	0.03744	0.00718	0.00538	0.06119
19	0.10340	0.01859	0.11155	0.06514	0.02234	0.07233	0.05898	0.13577	0.09366	0.09621	0.06284	0.02274	0.05800	0.00853	0.00678	0.00214	0.00754	0.00692	0.00546	0.04109
20	0.04455	0.02211	0.17760	0.04860	0.02262	0.12707	0.03591	0.15568	0.09258	0.05214	0.11622	0.03668	0.02011	0.00884	0.00698	0.00216	0.00818	0.00711	0.00532	0.00954
21	0.12131	0.04015	0.05115	0.06390	0.01891	0.10527	0.01107	0.08692	0.04250	0.11853	0.10948	0.11101	0.02278	0.01001	0.00674	0.00212	0.00677	0.00810	0.00567	0.05764

[dist]
# distance from previous block
# <min> <max>
1	32

[block]
# block no. 3 follows, 30 sequences, length 15
# corresponding to MSA columns:
# 271-285
name=unknown_D
#
# <colnr> <probs for GDERKNQSTAVLIFYWHMCP>
#	G	D	E	R	K	N	Q	S	T	A	V	L	I	F	Y	W	H	M	C	P
0	0.17658	0.06963	0.19687	0.04097	0.02329	0.08439	0.06645	0.08911	0.09389	0.05274	0.01452	0.01588	0.01082	0.00709	0.00619	0.00210	0.00833	0.00546	0.00445	0.03122
1	0.14460	0.16091	0.22980	0.05122	0.02411	0.12808	0.04552	0.09818	0.01705	0.02406	0.01184	0.01381	0.00912	0.00675	0.00594	0.00201	0.00907	0.00489	0.00377	0.00929
2	0.01895	0.54535	0.08337	0.01222	0.01810	0.02270	0.01223	0.02170	0.01521	0.10216	0.03920	0.01754	0.05152	0.00729	0.00529	0.00170	0.00713	0.00516	0.00402	0.00916
3	0.01939	0.58643	0.08675	0.01366	0.01997	0.02446	0.05415	0.02234	0.01492	0.08481	0.01191	0.01314	0.00985	0.00627	0.00512	0.00166	0.00780	0.00443	0.00356	0.00937
4	0.22148	0.40421	0.15294	0.01269	0.01900	0.02174	0.01325	0.02155	0.01392	0.04985	0.01095	0.01239	0.00891	0.00633	0.00493	0.00182	0.00738	0.00414	0.00355	0.00896
5	0.00884	0.00649	0.00830	0.00911	0.01011	0.00595	0.00635	0.01070	0.01544	0.02073	0.22560	0.46955	0.13862	0.01923	0.00864	0.00260	0.00377	0.01719	0.00681	0.00595
6	0.01348	0.01054	0.05373	0.01145	0.01438	0.00911	0.00989	0.01857	0.09337	0.09972	0.20747	0.05446	0.14477	0.01474	0.00831	0.00255	0.00526	0.21362	0.00686	0.00773
7	0.00888	0.00691	0.00752	0.00762	0.00915	0.00615	0.00528	0.01032	0.01465	0.01836	0.11746	0.12597	0.41926	0.19434	0.01484	0.00344	0.00433	0.01392	0.00606	0.00554
8	0.00969	0.00738	0.00897	0.00883	0.01062	0.00683	0.00661	0.01309	0.04760	0.02437	0.42032	0.13163	0.22316	0.01592	0.00831	0.00235	0.00364	0.03700	0.00718	0.00650
9	0.23034	0.02202	0.23289	0.08829	0.02811	0.01683	0.17737	0.08179	0.01594	0.02624	0.01252	0.01535	0.00923	0.00660	0.00645	0.00223	0.00899	0.00572	0.00384	0.00924
10	0.01449	0.03262	0.58246	0.02180	0.03146	0.01650	0.15844	0.02215	0.01508	0.02215	0.01284	0.01556	0.00919	0.00648	0.00695	0.00224	0.01060	0.00578	0.00306	0.01013
11	0.01764	0.01833	0.02341	0.38099	0.03663	0.15971	0.10541	0.08512	0.01706	0.02073	0.01250	0.01702	0.00965	0.00737	0.00809	0.00225	0.05992	0.00613	0.00363	0.00843
12	0.01755	0.01589	0.01613	0.04916	0.01913	0.07939	0.01140	0.09359	0.41145	0.02726	0.05294	0.02787	0.08547	0.01016	0.00806	0.00232	0.04800	0.00808	0.00632	0.00985
13	0.01809	0.01355	0.01637	0.11133	0.02154	0.03779	0.03017	0.06481	0.25502	0.13010	0.10054	0.02955	0.04828	0.00978	0.00724	0.00224	0.00633	0.03655	0.00641	0.05430
14	0.04994	0.07436	0.11420	0.11772	0.02539	0.06066	0.09938	0.06277	0.03933	0.10396	0.08269	0.04537	0.01751	0.00842	0.00751	0.00216	0.03718	0.00708	0.00482	0.03956

[dist]
# distance from previous block
# <min> <max>
1	4

[block]
# block no. 4 follows, 30 sequences, length 32
# corresponding to MSA columns:
# 297-328
name=unknown_E
#
# <colnr> <probs for GDERKNQSTAVLIFYWHMCP>
#	G	D	E	R	K	N	Q	S	T	A	V	L	I	F	Y	W	H	M	C	P
0	0.06087	0.01657	0.01753	0.12023	0.02293	0.08965	0.01252	0.11629	0.25532	0.07726	0.01918	0.01976	0.01436	0.00823	0.00742	0.00215	0.04328	0.00636	0.00562	0.08445
1	0.00931	0.00697	0.00821	0.00810	0.00957	0.00633	0.00574	0.01136	0.01630	0.02169	0.33038	0.10842	0.26049	0.15086	0.01326	0.00313	0.00406	0.01338	0.00658	0.00587
2	0.01216	0.01011	0.01308	0.07803	0.01706	0.01078	0.03788	0.01942	0.20684	0.02212	0.09814	0.20023	0.10590	0.06385	0.03534	0.00310	0.00596	0.04630	0.00609	0.00761
3	0.00871	0.00622	0.00833	0.00995	0.01045	0.00585	0.00684	0.01007	0.01356	0.01805	0.03835	0.69950	0.04570	0.02167	0.00896	0.00286	0.00423	0.06850	0.00647	0.00573
4	0.02274	0.02701	0.02262	0.07354	0.02539	0.46300	0.11260	0.05319	0.09405	0.02030	0.01357	0.01560	0.01072	0.00728	0.00675	0.00199	0.01125	0.00562	0.00407	0.00873
5	0.00859	0.00622	0.00812	0.00948	0.01010	0.00575	0.00641	0.00999	0.01399	0.01862	0.08938	0.65477	0.09073	0.02104	0.00881	0.00276	0.00396	0.01898	0.00657	0.00575
6	0.01447	0.01240	0.01447	0.01034	0.01654	0.00930	0.00827	0.01757	0.01447	0.02274	0.01240	0.01447	0.01034	0.00517	0.00517	0.00103	0.00517	0.00413	0.00413	0.79742
7	0.66330	0.01418	0.01122	0.00988	0.01420	0.05262	0.00805	0.02183	0.01319	0.09490	0.01347	0.01442	0.03172	0.00709	0.00481	0.00215	0.00577	0.00448	0.00476	0.00794
8	0.52609	0.07151	0.01510	0.14187	0.02086	0.08583	0.01060	0.02077	0.01319	0.02636	0.01030	0.01276	0.00812	0.00660	0.00500	0.00210	0.00696	0.00428	0.00393	0.00775
9	0.07313	0.05320	0.30463	0.08964	0.03207	0.04724	0.25791	0.02187	0.01526	0.02203	0.01269	0.01608	0.00942	0.00638	0.00697	0.00222	0.01037	0.00617	0.00330	0.00940
10	0.01550	0.01365	0.01870	0.21512	0.02674	0.01571	0.05761	0.07813	0.23371	0.02380	0.02002	0.06943	0.01677	0.03995	0.03378	0.00283	0.06315	0.00787	0.00505	0.04248
11	0.00930	0.00676	0.00878	0.00991	0.01091	0.00636	0.00730	0.01117	0.01473	0.01941	0.10735	0.41797	0.12245	0.05608	0.01023	0.00299	0.00458	0.16135	0.00648	0.00588
12	0.01390	0.02307	0.31636	0.18644	0.03308	0.01525	0.15428	0.02041	0.03587	0.02104	0.01628	0.06821	0.01376	0.00831	0.00735	0.00236	0.00961	0.04171	0.00364	0.00906
13	0.00924	0.00738	0.00824	0.00820	0.01015	0.00668	0.00602	0.01221	0.05227	0.02140	0.22531	0.13843	0.40701	0.04464	0.00929	0.00254	0.00376	0.01424	0.00673	0.00625
14	0.02212	0.16965	0.02379	0.01587	0.02070	0.16534	0.05617	0.27319	0.07598	0.02839	0.01649	0.07103	0.01394	0.00859	0.00657	0.00201	0.00846	0.00668	0.00523	0.00982
15	0.22840	0.01214	0.01420	0.01143	0.01624	0.01176	0.00936	0.02932	0.05123	0.46098	0.06728	0.02251	0.01813	0.00849	0.00640	0.00217	0.00561	0.00659	0.00739	0.01038
16	0.02331	0.04349	0.01881	0.01467	0.01960	0.01858	0.01192	0.31637	0.29182	0.13149	0.02259	0.02118	0.01623	0.00875	0.00694	0.00219	0.00658	0.00692	0.00712	0.01144
17	0.01610	0.04202	0.04697	0.01305	0.01809	0.03527	0.06076	0.06398	0.10084	0.04710	0.05437	0.02177	0.03855	0.03489	0.00854	0.04881	0.00640	0.00632	0.00489	0.33129
18	0.01604	0.01623	0.03854	0.06187	0.01900	0.14187	0.01171	0.04798	0.21425	0.02175	0.02184	0.12971	0.01984	0.01893	0.14554	0.00404	0.04873	0.00862	0.00511	0.00840
19	0.01700	0.50237	0.27866	0.01476	0.02227	0.02356	0.01685	0.02132	0.01438	0.01843	0.01070	0.01245	0.00891	0.00620	0.00524	0.00175	0.00847	0.00424	0.00297	0.00944
20	0.01314	0.01277	0.07092	0.28543	0.02946	0.01194	0.09311	0.01693	0.01489	0.06495	0.02748	0.17951	0.11290	0.01176	0.00773	0.00244	0.00751	0.02469	0.00474	0.00770
21	0.01426	0.01218	0.01425	0.01031	0.01631	0.00918	0.00821	0.01730	0.01443	0.02257	0.01331	0.04001	0.01158	0.00575	0.00530	0.00110	0.00513	0.00468	0.00422	0.76994
22	0.01416	0.00899	0.01122	0.01028	0.01289	0.00850	0.00794	0.01820	0.08577	0.12492	0.22020	0.08095	0.11069	0.05183	0.03623	0.04461	0.00529	0.07363	0.00662	0.06708
23	0.08806	0.01261	0.01994	0.64233	0.04369	0.01574	0.01811	0.01804	0.01364	0.01907	0.01203	0.01779	0.00913	0.00712	0.00732	0.00234	0.03614	0.00597	0.00321	0.00773
24	0.01713	0.01452	0.02093	0.52421	0.04024	0.01732	0.01757	0.21627	0.01954	0.02557	0.01369	0.01806	0.01006	0.00739	0.00698	0.00226	0.00882	0.00623	0.00425	0.00897
25	0.02653	0.01955	0.02094	0.01606	0.02164	0.02164	0.01326	0.68796	0.03281	0.04398	0.01675	0.01675	0.01187	0.00838	0.00698	0.00209	0.00768	0.00628	0.00698	0.01187
26	0.01015	0.00677	0.00761	0.00761	0.00761	0.00677	0.00423	0.01015	0.01015	0.01353	0.02199	0.04567	0.02537	0.75476	0.03552	0.00677	0.00677	0.01015	0.00423	0.00423
27	0.05005	0.03088	0.52208	0.02172	0.03098	0.01653	0.18549	0.02209	0.01503	0.02257	0.01278	0.01558	0.00921	0.00644	0.00692	0.00224	0.01045	0.00584	0.00315	0.00997
28	0.01673	0.01607	0.01594	0.06687	0.01845	0.19270	0.03936	0.04316	0.07346	0.01799	0.01582	0.02408	0.01459	0.08392	0.06239	0.19178	0.05719	0.03876	0.00402	0.00673
29	0.04155	0.01714	0.03547	0.02592	0.03190	0.01651	0.54793	0.02132	0.01587	0.04542	0.01625	0.08104	0.01368	0.00769	0.00890	0.00242	0.04910	0.00893	0.00395	0.00902
30	0.05200	0.06472	0.18258	0.08033	0.02643	0.08761	0.15989	0.04230	0.04124	0.05269	0.12253	0.02207	0.01904	0.00795	0.00704	0.00216	0.00884	0.00708	0.00447	0.00903
31	0.08046	0.14703	0.04584	0.01418	0.01852	0.14338	0.02505	0.05069	0.07447	0.04724	0.01385	0.01616	0.01141	0.01167	0.07575	0.00278	0.08612	0.00526	0.00419	0.12593

[dist]
# distance from previous block
# <min> <max>
0	10

[block]
# block no. 5 follows, 30 sequences, length 13
# corresponding to MSA columns:
# 340-352
name=unknown_F
#
# <colnr> <probs for GDERKNQSTAVLIFYWHMCP>
#	G	D	E	R	K	N	Q	S	T	A	V	L	I	F	Y	W	H	M	C	P
0	0.02300	0.01838	0.02150	0.08519	0.02460	0.11098	0.09470	0.23710	0.08625	0.14266	0.01776	0.01848	0.01274	0.00769	0.00692	0.00207	0.00831	0.00639	0.00581	0.06946
1	0.05663	0.10402	0.02318	0.49551	0.03881	0.01749	0.05586	0.01962	0.05156	0.01922	0.01276	0.01758	0.00990	0.00715	0.00737	0.00225	0.04358	0.00598	0.00339	0.00816
2	0.01501	0.01168	0.01733	0.30372	0.02894	0.01270	0.03581	0.08156	0.01611	0.07508	0.03666	0.11745	0.01770	0.01469	0.09480	0.00329	0.00880	0.00825	0.00468	0.09573
3	0.06426	0.01434	0.02257	0.32196	0.03374	0.06262	0.16987	0.01887	0.01561	0.02101	0.08142	0.02828	0.01859	0.00890	0.00750	0.00238	0.00893	0.08714	0.00415	0.00787
4	0.01375	0.01233	0.01504	0.27152	0.02615	0.09760	0.01278	0.01664	0.01500	0.04532	0.02432	0.25852	0.02541	0.01337	0.00780	0.00249	0.00739	0.09734	0.00492	0.03230
5	0.01072	0.00711	0.01012	0.01085	0.01196	0.00661	0.03140	0.01236	0.01417	0.07151	0.03665	0.62116	0.04225	0.02010	0.00879	0.00279	0.00464	0.06395	0.00653	0.00633
6	0.09212	0.01363	0.02020	0.38866	0.03471	0.01553	0.06656	0.05986	0.09917	0.11681	0.01652	0.01943	0.01192	0.00745	0.00684	0.00228	0.00812	0.00645	0.00470	0.00905
7	0.01507	0.10529	0.02272	0.58130	0.04188	0.08442	0.01791	0.01915	0.01453	0.01759	0.01192	0.01713	0.00923	0.00687	0.00661	0.00217	0.00939	0.00574	0.00313	0.00793
8	0.02368	0.01590	0.01886	0.06054	0.02114	0.01754	0.01262	0.35548	0.06235	0.17305	0.07124	0.02134	0.01715	0.00926	0.00877	0.00225	0.08443	0.00698	0.00672	0.01071
9	0.14460	0.01200	0.01391	0.01165	0.01599	0.01204	0.00938	0.02867	0.16166	0.34624	0.02894	0.02712	0.08953	0.01219	0.05227	0.00280	0.00632	0.00754	0.00710	0.01004
10	0.07227	0.06028	0.05783	0.32072	0.03207	0.09719	0.03388	0.10258	0.04103	0.06358	0.01497	0.04693	0.01184	0.00782	0.00667	0.00218	0.00868	0.00637	0.00431	0.00880
11	0.09779	0.01446	0.01826	0.31474	0.03037	0.04415	0.01417	0.10742	0.01659	0.04701	0.01295	0.01645	0.00993	0.00709	0.00721	0.00201	0.05032	0.00547	0.00416	0.17946
12	0.02217	0.01092	0.01439	0.08022	0.01859	0.01035	0.01003	0.02663	0.08701	0.39512	0.08922	0.06168	0.12114	0.01086	0.00738	0.00225	0.00557	0.00912	0.00748	0.00985

[dist]
# distance from previous block
# <min> <max>
25	76

[block]
# block no. 6 follows, 30 sequences, length 37
# corresponding to MSA columns:
# 446-463,465-483
name=unknown_G
#
# <colnr> <probs for GDERKNQSTAVLIFYWHMCP>
#	G	D	E	R	K	N	Q	S	T	A	V	L	I	F	Y	W	H	M	C	P
0	0.03273	0.01826	0.14347	0.16929	0.02525	0.09100	0.01497	0.07631	0.01699	0.05732	0.06169	0.07840	0.08599	0.01059	0.00824	0.00234	0.05352	0.04053	0.00476	0.00834
1	0.01281	0.01473	0.14115	0.01527	0.01930	0.01066	0.13938	0.01632	0.01438	0.04808	0.02608	0.17139	0.05807	0.15182	0.01320	0.00330	0.00753	0.09389	0.00486	0.03777
2	0.01965	0.07932	0.02209	0.10247	0.02356	0.01530	0.11879	0.06968	0.05106	0.20601	0.02550	0.02615	0.11186	0.00945	0.00884	0.00228	0.08523	0.00782	0.00557	0.00939
3	0.01750	0.12271	0.13531	0.09571	0.02272	0.06323	0.04777	0.09596	0.01741	0.09171	0.05407	0.05622	0.05965	0.07898	0.00950	0.00255	0.00791	0.00758	0.00480	0.00874
4	0.01363	0.00847	0.01089	0.07796	0.01509	0.00813	0.00812	0.01639	0.04544	0.14601	0.07412	0.25943	0.19673	0.07456	0.01023	0.00281	0.00500	0.01331	0.00646	0.00722
5	0.01716	0.18214	0.02615	0.31924	0.03305	0.01734	0.10943	0.02106	0.01512	0.10170	0.01383	0.01718	0.01045	0.00662	0.00642	0.00200	0.00844	0.00583	0.00389	0.08293
6	0.05641	0.04479	0.22934	0.14673	0.02719	0.04600	0.01714	0.07510	0.03452	0.08672	0.01403	0.01638	0.01041	0.00744	0.00789	0.00213	0.07501	0.00552	0.00416	0.09311
7	0.01442	0.03130	0.12284	0.36437	0.03599	0.01570	0.11236	0.04438	0.07216	0.02056	0.01501	0.02103	0.01202	0.07725	0.00975	0.00271	0.00915	0.00681	0.00372	0.00847
8	0.00855	0.00688	0.00763	0.00787	0.00972	0.00595	0.00574	0.01044	0.01599	0.02006	0.16318	0.20369	0.47383	0.01799	0.00838	0.00243	0.00360	0.01544	0.00667	0.00595
9	0.07639	0.19956	0.09074	0.08411	0.02458	0.08980	0.07622	0.18831	0.01954	0.04765	0.01304	0.01497	0.01003	0.00714	0.00666	0.00201	0.02986	0.00540	0.00437	0.00961
10	0.02124	0.01348	0.01641	0.08780	0.02059	0.02989	0.01173	0.20529	0.07220	0.20706	0.02366	0.09358	0.01962	0.01461	0.07502	0.00316	0.00794	0.06040	0.00655	0.00976
11	0.00939	0.00692	0.00965	0.01036	0.01108	0.00738	0.00743	0.01106	0.01215	0.01677	0.02821	0.37446	0.03163	0.09253	0.31361	0.00668	0.02620	0.01357	0.00507	0.00583
12	0.01745	0.09896	0.01838	0.01213	0.01741	0.01410	0.01008	0.08091	0.04640	0.07577	0.02474	0.01617	0.01206	0.00684	0.00727	0.00154	0.07832	0.00499	0.00468	0.45180
13	0.04694	0.08199	0.01573	0.01052	0.01587	0.01128	0.00851	0.01816	0.04805	0.02262	0.04168	0.07524	0.01565	0.00720	0.00558	0.00138	0.00525	0.00586	0.00450	0.55799
14	0.08544	0.31011	0.25048	0.01545	0.02226	0.14045	0.01634	0.04996	0.01587	0.02076	0.01109	0.01281	0.00893	0.00653	0.00557	0.00186	0.00908	0.00443	0.00335	0.00925
15	0.00883	0.00691	0.00800	0.00811	0.00988	0.00608	0.00594	0.01100	0.01671	0.02166	0.27402	0.18671	0.37661	0.01732	0.00836	0.00239	0.00355	0.01497	0.00687	0.00608
16	0.01334	0.01265	0.02190	0.54385	0.10561	0.01477	0.07003	0.01770	0.01427	0.01865	0.01525	0.09264	0.01330	0.00833	0.00726	0.00236	0.00887	0.00774	0.00351	0.00798
17	0.04732	0.01838	0.01918	0.01508	0.02015	0.06900	0.01230	0.41971	0.05992	0.11233	0.01711	0.01725	0.01232	0.00821	0.00750	0.00204	0.04476	0.00603	0.00639	0.08501
18	0.02028	0.00935	0.01227	0.01073	0.01413	0.00821	0.00842	0.02257	0.01771	0.37401	0.08486	0.19078	0.14075	0.01381	0.00782	0.00238	0.00498	0.04031	0.00766	0.00896
19	0.01003	0.00672	0.00765	0.00776	0.00779	0.00669	0.00439	0.01012	0.01038	0.01384	0.02316	0.09580	0.02685	0.70260	0.03362	0.00649	0.00657	0.01084	0.00439	0.00433
20	0.01331	0.18011	0.08173	0.01224	0.01547	0.03359	0.01086	0.01710	0.06315	0.01819	0.03545	0.09886	0.06827	0.07442	0.19863	0.00486	0.05364	0.00835	0.00428	0.00748
21	0.01648	0.02393	0.21977	0.04220	0.02477	0.11888	0.08111	0.02041	0.01376	0.01889	0.01091	0.01518	0.00918	0.00917	0.01409	0.00255	0.34116	0.00581	0.00315	0.00862
22	0.02755	0.01487	0.06582	0.01346	0.01897	0.01285	0.01172	0.17171	0.02234	0.47469	0.07257	0.02364	0.01898	0.00884	0.00707	0.00215	0.00643	0.00713	0.00782	0.01139
23	0.07093	0.01961	0.16235	0.05488	0.02653	0.04947	0.23711	0.02019	0.03573	0.02194	0.01927	0.07859	0.06175	0.00850	0.00761	0.00222	0.02853	0.00795	0.00405	0.08279
24	0.02261	0.08844	0.02057	0.01496	0.02005	0.07601	0.01225	0.36277	0.19598	0.03406	0.01824	0.01807	0.01363	0.00811	0.00659	0.00201	0.00733	0.00616	0.00617	0.06599
25	0.01047	0.00911	0.05834	0.00994	0.01206	0.00701	0.00787	0.01255	0.01462	0.05440	0.07122	0.39039	0.18897	0.05403	0.00964	0.00275	0.00469	0.03461	0.00618	0.04117
26	0.05997	0.20034	0.02515	0.01640	0.02009	0.14912	0.05374	0.13085	0.01724	0.02230	0.01135	0.01429	0.00969	0.00927	0.02473	0.00236	0.21512	0.00530	0.00389	0.00881
27	0.05454	0.03151	0.56792	0.04523	0.02909	0.01631	0.04595	0.02328	0.07886	0.02309	0.01392	0.01590	0.01002	0.00688	0.00662	0.00223	0.00963	0.00549	0.00343	0.01012
28	0.01142	0.00707	0.00837	0.00826	0.00879	0.00687	0.00505	0.01195	0.01180	0.06402	0.06684	0.12565	0.02971	0.57224	0.02877	0.00571	0.00618	0.01120	0.00501	0.00507
29	0.01496	0.01463	0.02191	0.32023	0.04613	0.06570	0.12387	0.03906	0.05300	0.01969	0.01626	0.04582	0.01439	0.07864	0.01112	0.00281	0.06033	0.03960	0.00392	0.00795
30	0.02362	0.02060	0.10313	0.01591	0.02119	0.08472	0.01406	0.31682	0.09614	0.13513	0.01812	0.01825	0.01298	0.00848	0.00798	0.00218	0.06013	0.00625	0.02351	0.01082
31	0.10548	0.00933	0.01237	0.06245	0.01589	0.00911	0.07136	0.01368	0.01540	0.02144	0.09790	0.12077	0.32054	0.01478	0.00790	0.00246	0.00528	0.08143	0.00579	0.00664
32	0.01073	0.00684	0.00885	0.00969	0.01089	0.00623	0.00683	0.01228	0.01458	0.08392	0.06088	0.55310	0.12963	0.01978	0.00865	0.00270	0.00421	0.03715	0.00671	0.00633
33	0.01913	0.02274	0.15095	0.07266	0.02942	0.15750	0.25812	0.02394	0.01704	0.10419	0.01625	0.02161	0.01274	0.00762	0.00742	0.00225	0.01042	0.05250	0.00422	0.00928
34	0.02227	0.07201	0.04055	0.07953	0.02133	0.20182	0.01235	0.11804	0.05376	0.17033	0.05601	0.02378	0.08027	0.00898	0.00680	0.00205	0.00810	0.00693	0.00567	0.00939
35	0.01522	0.01029	0.01253	0.07028	0.01595	0.01044	0.00879	0.10678	0.06770	0.10801	0.24176	0.04110	0.14574	0.10141	0.01102	0.00278	0.00530	0.01029	0.00667	0.00794
36	0.16116	0.20549	0.02007	0.01197	0.01687	0.10187	0.01019	0.05772	0.01703	0.19832	0.02057	0.02027	0.07674	0.00806	0.00583	0.00191	0.00686	0.00585	0.00531	0.04793

[dist]
# distance from previous block
# <min> <max>
1	4

[block]
# block no. 7 follows, 30 sequences, length 17
# corresponding to MSA columns:
# 488-504
name=unknown_H
#
# <colnr> <probs for GDERKNQSTAVLIFYWHMCP>
#	G	D	E	R	K	N	Q	S	T	A	V	L	I	F	Y	W	H	M	C	P
0	0.05413	0.01857	0.13876	0.01845	0.02392	0.03985	0.19560	0.06341	0.01608	0.07567	0.01662	0.08022	0.01414	0.01194	0.06579	0.00294	0.06537	0.00753	0.00438	0.08666
1	0.08511	0.10387	0.25558	0.06240	0.02442	0.01535	0.07689	0.02270	0.01516	0.15208	0.01565	0.01871	0.01185	0.06375	0.00856	0.00243	0.00830	0.00591	0.00436	0.04692
2	0.05283	0.07091	0.07130	0.14882	0.02096	0.07175	0.01175	0.03681	0.01527	0.04101	0.02056	0.02329	0.07183	0.00857	0.00704	0.00202	0.05394	0.00652	0.25712	0.00772
3	0.12149	0.05890	0.09894	0.07825	0.07256	0.04861	0.01303	0.05839	0.07399	0.05622	0.02163	0.19116	0.02094	0.01128	0.00700	0.00235	0.00691	0.04474	0.00509	0.00852
4	0.08212	0.21216	0.12889	0.01671	0.02242	0.06636	0.12539	0.02219	0.04681	0.05128	0.01307	0.01553	0.01049	0.00878	0.03625	0.00238	0.07011	0.00546	0.00377	0.05984
5	0.01606	0.22177	0.26920	0.01656	0.02333	0.04357	0.08250	0.06362	0.03508	0.02131	0.01750	0.01956	0.06353	0.01108	0.06387	0.00274	0.00962	0.00612	0.00375	0.00924
6	0.00850	0.00607	0.00810	0.00972	0.01012	0.00567	0.00648	0.00972	0.01336	0.01781	0.03846	0.75020	0.04615	0.02186	0.00891	0.00283	0.00405	0.01984	0.00648	0.00567
7	0.01262	0.01265	0.07602	0.07226	0.07069	0.01146	0.01191	0.01988	0.17347	0.02322	0.13938	0.11482	0.10763	0.01439	0.03365	0.00276	0.00630	0.08283	0.00590	0.00817
8	0.04615	0.25458	0.09824	0.04576	0.02414	0.06512	0.13879	0.07696	0.05466	0.08119	0.01420	0.01582	0.01089	0.00674	0.00619	0.00194	0.00857	0.00559	0.00424	0.04025
9	0.00926	0.00745	0.01123	0.01133	0.01263	0.00687	0.07323	0.01100	0.01398	0.01839	0.04003	0.59414	0.12414	0.01977	0.00876	0.00273	0.00475	0.01807	0.00619	0.00606
10	0.01003	0.00723	0.00998	0.00998	0.01080	0.00805	0.00719	0.01167	0.01085	0.01529	0.01982	0.03366	0.02016	0.29266	0.49049	0.00969	0.01461	0.00839	0.00391	0.00555
11	0.01605	0.01278	0.01441	0.08411	0.01894	0.04752	0.01089	0.09964	0.20834	0.06361	0.07397	0.13133	0.07913	0.01279	0.00776	0.00245	0.00614	0.09499	0.00643	0.00872
12	0.01562	0.12274	0.19329	0.20936	0.03153	0.04200	0.13574	0.02046	0.01506	0.05346	0.01550	0.08582	0.01323	0.00806	0.00693	0.00221	0.00918	0.00723	0.00373	0.00885
13	0.00977	0.00705	0.00924	0.00938	0.01016	0.00749	0.00654	0.01115	0.01136	0.01553	0.02579	0.09925	0.07808	0.31551	0.34403	0.00809	0.01167	0.01013	0.00438	0.00539
14	0.01428	0.01609	0.08038	0.61922	0.04442	0.07234	0.01946	0.01899	0.01448	0.01813	0.01228	0.01779	0.00924	0.00696	0.00689	0.00227	0.00965	0.00598	0.00313	0.00800
15	0.10455	0.08048	0.05737	0.07723	0.02146	0.07470	0.01263	0.16986	0.06363	0.18411	0.01766	0.01842	0.01280	0.01113	0.06124	0.00278	0.00842	0.00595	0.00566	0.00993
16	0.07387	0.01332	0.01962	0.22899	0.02759	0.04721	0.12608	0.01844	0.05814	0.02004	0.02058	0.08797	0.05454	0.07042	0.02842	0.00300	0.05524	0.03469	0.00426	0.00758

[dist]
# distance from previous block
# <min> <max>
57	109

[block]
# block no. 8 follows, 30 sequences, length 60
# corresponding to MSA columns:
# 672-720,723-733
name=unknown_I
#
# <colnr> <probs for GDERKNQSTAVLIFYWHMCP>
#	G	D	E	R	K	N	Q	S	T	A	V	L	I	F	Y	W	H	M	C	P
0	0.01886	0.54970	0.10423	0.07090	0.02169	0.04437	0.01390	0.02192	0.01480	0.06740	0.01152	0.01310	0.00957	0.00635	0.00514	0.00169	0.00794	0.00433	0.00341	0.00919
1	0.07204	0.23426	0.47921	0.01692	0.02560	0.01932	0.02065	0.02165	0.01437	0.02119	0.01154	0.01351	0.00878	0.00644	0.00587	0.00201	0.00917	0.00466	0.00306	0.00974
2	0.01940	0.14242	0.38103	0.01719	0.02529	0.01742	0.04538	0.08835	0.01748	0.15849	0.01547	0.01629	0.01086	0.00706	0.00646	0.00208	0.00882	0.00553	0.00447	0.01052
3	0.04780	0.01841	0.17934	0.22017	0.03094	0.01429	0.08630	0.02516	0.03972	0.24201	0.01787	0.01938	0.01221	0.00738	0.00695	0.00224	0.00845	0.00641	0.00505	0.00992
4	0.01586	0.02083	0.18130	0.21785	0.03033	0.08818	0.06222	0.05987	0.05289	0.02195	0.07471	0.01997	0.01504	0.00836	0.00900	0.00231	0.09997	0.00658	0.00399	0.00879
5	0.01648	0.01423	0.01494	0.01351	0.01731	0.01625	0.01049	0.03447	0.63289	0.02820	0.03247	0.02999	0.08746	0.01026	0.00721	0.00237	0.00533	0.00855	0.00704	0.01055
6	0.01622	0.02057	0.10973	0.02845	0.03584	0.01750	0.61908	0.02233	0.01629	0.02233	0.01396	0.01841	0.01041	0.00596	0.00807	0.00234	0.01162	0.00792	0.00347	0.00950
7	0.09839	0.07663	0.02005	0.01583	0.01999	0.32496	0.03920	0.19448	0.02118	0.02561	0.01508	0.08834	0.01342	0.00877	0.00649	0.00201	0.00937	0.00653	0.00478	0.00888
8	0.00827	0.00697	0.00718	0.00734	0.00950	0.00587	0.00542	0.00998	0.01564	0.01874	0.06737	0.13752	0.64017	0.01810	0.00832	0.00241	0.00359	0.01525	0.00648	0.00587
9	0.00883	0.00716	0.00791	0.00810	0.01020	0.00624	0.00625	0.01094	0.01630	0.02018	0.14306	0.09258	0.52127	0.01762	0.00844	0.00246	0.00389	0.09592	0.00662	0.00603
10	0.02052	0.15853	0.15565	0.12822	0.02627	0.25776	0.01614	0.04436	0.04151	0.06948	0.01318	0.01508	0.01012	0.00705	0.00624	0.00196	0.00985	0.00510	0.00387	0.00911
11	0.01276	0.00812	0.01111	0.01208	0.01396	0.00783	0.01020	0.01558	0.01611	0.09086	0.03813	0.15804	0.07703	0.01844	0.00920	0.00301	0.00591	0.47816	0.00666	0.00685
12	0.00825	0.00707	0.00707	0.00707	0.00943	0.00589	0.00530	0.01001	0.01591	0.01885	0.07069	0.06716	0.70839	0.01767	0.00825	0.00236	0.00353	0.01473	0.00648	0.00589
13	0.01610	0.02141	0.14280	0.02798	0.03553	0.01743	0.58686	0.02231	0.01621	0.02231	0.01388	0.01821	0.01033	0.00599	0.00799	0.00233	0.01155	0.00777	0.00344	0.00955
14	0.02015	0.02582	0.41988	0.06527	0.02695	0.01402	0.01978	0.02609	0.01656	0.27081	0.01790	0.01823	0.01190	0.00737	0.00679	0.00220	0.00868	0.00589	0.00500	0.01070
15	0.01318	0.01240	0.02093	0.73798	0.04806	0.01550	0.01938	0.01783	0.01395	0.01783	0.01240	0.01860	0.00930	0.00698	0.00698	0.00233	0.00930	0.00620	0.00310	0.00775
16	0.01516	0.03582	0.65132	0.01971	0.02937	0.08462	0.02460	0.02265	0.01522	0.02162	0.01236	0.01453	0.00885	0.00668	0.00660	0.00217	0.01053	0.00509	0.00301	0.01010
17	0.01508	0.05837	0.65861	0.01923	0.02914	0.01626	0.02450	0.02270	0.01500	0.05920	0.01324	0.01510	0.00930	0.00672	0.00658	0.00218	0.00999	0.00521	0.00325	0.01035
18	0.01675	0.01445	0.02122	0.43434	0.03700	0.08116	0.08539	0.02082	0.01579	0.10868	0.04066	0.04403	0.01447	0.00817	0.00723	0.00229	0.00897	0.02597	0.00427	0.00834
19	0.01488	0.17333	0.58912	0.01838	0.02787	0.01837	0.02315	0.02187	0.01463	0.02102	0.01199	0.01406	0.00886	0.00650	0.00622	0.00207	0.00977	0.00489	0.00295	0.01006
20	0.01611	0.01404	0.01845	0.27509	0.05246	0.08153	0.01467	0.01914	0.01495	0.08934	0.08232	0.08584	0.01882	0.01034	0.01079	0.00245	0.17330	0.00793	0.00445	0.00799
21	0.01944	0.68459	0.03495	0.01242	0.01829	0.05068	0.01208	0.06624	0.01563	0.01830	0.01021	0.01162	0.00915	0.00617	0.00471	0.00154	0.00765	0.00393	0.00328	0.00912
22	0.01862	0.01490	0.01525	0.01399	0.04438	0.08983	0.01050	0.19842	0.10956	0.07668	0.09098	0.08380	0.11604	0.01271	0.02878	0.00249	0.00677	0.02806	0.02913	0.00910
23	0.01362	0.01279	0.02175	0.54037	0.14367	0.01493	0.04371	0.01811	0.01487	0.01967	0.07602	0.02147	0.01477	0.00749	0.00713	0.00228	0.00870	0.00687	0.00359	0.00820
24	0.01530	0.01325	0.01759	0.02100	0.20967	0.01417	0.01308	0.02593	0.31202	0.02641	0.15878	0.03354	0.02894	0.01040	0.00750	0.00233	0.00594	0.06826	0.00614	0.00975
25	0.01584	0.01511	0.02573	0.28674	0.47855	0.01620	0.02070	0.02016	0.01521	0.02105	0.01287	0.01774	0.01044	0.00648	0.00693	0.00216	0.00865	0.00621	0.00333	0.00990
26	0.06959	0.01881	0.02468	0.03170	0.41789	0.12651	0.05340	0.07061	0.04427	0.02401	0.01448	0.04616	0.01236	0.00728	0.00681	0.00209	0.00863	0.00652	0.00406	0.01012
27	0.01015	0.00768	0.00902	0.00951	0.01005	0.03403	0.00633	0.01117	0.01184	0.01571	0.02649	0.28174	0.03015	0.32270	0.17574	0.00620	0.00865	0.01267	0.00487	0.00530
28	0.01470	0.01223	0.01340	0.01379	0.01616	0.08279	0.01166	0.08428	0.06714	0.02339	0.03168	0.06209	0.03284	0.01627	0.00885	0.00290	0.00711	0.48503	0.00624	0.00747
29	0.01717	0.03031	0.47229	0.02232	0.11409	0.06781	0.04867	0.05735	0.01659	0.06883	0.01374	0.01576	0.00991	0.00681	0.00675	0.00216	0.00986	0.00554	0.00366	0.01039
30	0.05115	0.10700	0.02495	0.05239	0.35029	0.06675	0.01647	0.12983	0.01885	0.04719	0.05795	0.01837	0.01429	0.00723	0.00657	0.00201	0.00791	0.00615	0.00444	0.01021
31	0.01913	0.01687	0.01671	0.01470	0.01883	0.06886	0.01150	0.11801	0.56638	0.03017	0.02568	0.02391	0.01923	0.00917	0.00703	0.00229	0.00630	0.00744	0.00683	0.01094
32	0.01639	0.01743	0.07707	0.13664	0.53013	0.01657	0.04103	0.02086	0.01540	0.02187	0.01290	0.01726	0.01058	0.00652	0.00740	0.00215	0.02983	0.00620	0.00336	0.01039
33	0.09711	0.03820	0.04460	0.01753	0.10632	0.01580	0.03906	0.21503	0.04194	0.14079	0.01720	0.03962	0.01307	0.00766	0.00645	0.00196	0.00692	0.00623	0.00567	0.13882
34	0.01602	0.01726	0.03495	0.02919	0.14402	0.01674	0.47647	0.02167	0.04281	0.02216	0.01608	0.07127	0.01359	0.00746	0.00856	0.00237	0.03748	0.00864	0.00385	0.00941
35	0.01560	0.02113	0.16131	0.11844	0.03682	0.01711	0.48093	0.02173	0.01583	0.02173	0.01361	0.01805	0.01011	0.00616	0.00778	0.00232	0.01119	0.00742	0.00337	0.00936
36	0.01693	0.13452	0.23378	0.02197	0.05572	0.06810	0.23245	0.05214	0.01637	0.02178	0.01384	0.01882	0.01125	0.00721	0.00749	0.00219	0.03292	0.03946	0.00357	0.00949
37	0.04509	0.05971	0.15410	0.04992	0.20974	0.04312	0.03634	0.12556	0.01848	0.11080	0.01679	0.06957	0.01367	0.00810	0.00683	0.00215	0.00814	0.00688	0.00476	0.01025
38	0.01049	0.00773	0.00847	0.00841	0.00887	0.02987	0.00524	0.01103	0.01102	0.01440	0.02466	0.04357	0.07280	0.57857	0.13056	0.00692	0.00841	0.00992	0.00430	0.00475
39	0.01196	0.01499	0.14082	0.06768	0.09196	0.03408	0.01322	0.01538	0.01515	0.02023	0.09140	0.17291	0.18327	0.01351	0.00888	0.00243	0.05944	0.03004	0.00504	0.00760
40	0.01885	0.17069	0.22645	0.04756	0.13579	0.05602	0.09986	0.02364	0.01601	0.11995	0.01430	0.01624	0.01066	0.00667	0.00649	0.00204	0.00906	0.00569	0.00396	0.01006
41	0.01614	0.08636	0.02517	0.28141	0.33332	0.01722	0.01872	0.04676	0.04329	0.02147	0.01407	0.01948	0.01162	0.00710	0.00680	0.00216	0.00837	0.02732	0.00367	0.00957
42	0.02917	0.01178	0.01549	0.01203	0.01706	0.01054	0.00989	0.07045	0.02018	0.60679	0.02642	0.02357	0.01702	0.00857	0.00680	0.00210	0.00577	0.00692	0.08811	0.01133
43	0.01947	0.04831	0.02357	0.07007	0.20230	0.15619	0.09617	0.04987	0.06266	0.08515	0.01802	0.06616	0.01553	0.00866	0.00716	0.00219	0.00880	0.04558	0.00466	0.00948
44	0.06967	0.04246	0.11232	0.05354	0.12636	0.10752	0.04023	0.12330	0.12141	0.06842	0.01646	0.01809	0.01251	0.00986	0.04535	0.00261	0.00898	0.00608	0.00484	0.00999
45	0.00853	0.00618	0.00806	0.00950	0.01008	0.00571	0.00640	0.00985	0.01375	0.01822	0.06241	0.67856	0.09437	0.02132	0.00884	0.00278	0.00399	0.01924	0.00652	0.00571
46	0.01447	0.01240	0.01447	0.01034	0.01654	0.00930	0.00827	0.01757	0.01447	0.02274	0.01240	0.01447	0.01034	0.00517	0.00517	0.00103	0.00517	0.00413	0.00413	0.79742
47	0.01548	0.19699	0.46291	0.02063	0.08525	0.01891	0.06426	0.02179	0.01482	0.02089	0.01204	0.01441	0.00916	0.00640	0.00627	0.00205	0.00959	0.00512	0.00304	0.01001
48	0.71337	0.01527	0.01163	0.01097	0.03591	0.07618	0.00849	0.02117	0.01267	0.02983	0.00991	0.01163	0.00779	0.00653	0.00457	0.00213	0.00610	0.00392	0.00423	0.00771
49	0.00998	0.00744	0.01102	0.01102	0.01220	0.00862	0.00848	0.01234	0.01116	0.01606	0.01887	0.02840	0.01787	0.09008	0.68994	0.01098	0.01805	0.00762	0.00376	0.00612
50	0.02531	0.01868	0.02023	0.01569	0.02087	0.02080	0.01294	0.62833	0.03099	0.04184	0.01677	0.01730	0.01213	0.00971	0.02743	0.00236	0.02963	0.00632	0.03127	0.01142
