[name]
unknown

[dist]
# distance from previous block
# <min> <max>
0	37

[block]
# block no. 0 follows, 34 sequences, length 13
# corresponding to MSA columns:
# 37-49
name=unknown_A
#
# <colnr> <probs for GDERKNQSTAVLIFYWHMCP>
#	G	D	E	R	K	N	Q	S	T	A	V	L	I	F	Y	W	H	M	C	P
0	0.03572	0.10736	0.01930	0.01400	0.01826	0.06937	0.07252	0.15407	0.16740	0.06673	0.03497	0.02576	0.01722	0.00877	0.00648	0.00202	0.00678	0.10497	0.00532	0.06298
1	0.01639	0.07046	0.28115	0.01866	0.02580	0.01478	0.22946	0.02221	0.04303	0.12266	0.01444	0.01618	0.01039	0.00614	0.00641	0.00195	0.00861	0.00583	0.00390	0.08157
2	0.00966	0.01033	0.11289	0.01104	0.01329	0.00747	0.00992	0.01243	0.01406	0.01900	0.11692	0.29462	0.06778	0.01650	0.00860	0.02806	0.00523	0.23054	0.00555	0.00612
3	0.01515	0.12027	0.26791	0.01600	0.02127	0.06137	0.07273	0.03340	0.01428	0.05996	0.06858	0.06245	0.01507	0.00844	0.00877	0.00211	0.13374	0.00642	0.00374	0.00836
4	0.04647	0.01578	0.03011	0.02527	0.13025	0.04373	0.45332	0.01904	0.01472	0.02029	0.01587	0.12380	0.01439	0.00767	0.00732	0.00218	0.00921	0.00858	0.00368	0.00832
5	0.01151	0.00724	0.01029	0.11790	0.01548	0.00717	0.00823	0.01329	0.01332	0.11921	0.03067	0.55328	0.03397	0.01650	0.00774	0.00247	0.00470	0.01485	0.00583	0.00635
6	0.12925	0.01233	0.03621	0.01865	0.16609	0.01218	0.10420	0.01797	0.01387	0.10205	0.05832	0.06670	0.07297	0.02785	0.08290	0.00304	0.05539	0.00761	0.00447	0.00797
7	0.01471	0.01921	0.15146	0.04645	0.11899	0.01643	0.38638	0.01968	0.01407	0.01984	0.01200	0.01613	0.00936	0.00648	0.00916	0.00222	0.11900	0.00657	0.00309	0.00876
8	0.02253	0.01040	0.01347	0.01096	0.01496	0.00966	0.00882	0.02744	0.12033	0.46967	0.18832	0.02837	0.02693	0.00931	0.00677	0.00203	0.00488	0.00781	0.00759	0.00975
9	0.01490	0.01617	0.13979	0.36255	0.19280	0.01436	0.03588	0.01998	0.03851	0.08340	0.01346	0.01703	0.00999	0.00644	0.00643	0.00207	0.00821	0.00576	0.00352	0.00874
10	0.04403	0.06745	0.09953	0.05768	0.07705	0.03243	0.14804	0.06264	0.21760	0.05578	0.04023	0.03840	0.01504	0.00747	0.00651	0.00206	0.00739	0.00674	0.00471	0.00921
11	0.01202	0.00779	0.01061	0.01077	0.01185	0.00816	0.00807	0.01355	0.01311	0.11932	0.03011	0.49033	0.03346	0.01699	0.00994	0.00260	0.11404	0.07509	0.00582	0.00639
12	0.02429	0.01079	0.01403	0.01126	0.01556	0.00997	0.00912	0.02915	0.12034	0.53274	0.12591	0.02604	0.02295	0.00885	0.00667	0.00203	0.00509	0.00735	0.00766	0.01019

[dist]
# distance from previous block
# <min> <max>
0	2

[block]
# block no. 1 follows, 34 sequences, length 21
# corresponding to MSA columns:
# 52-72
name=unknown_B
#
# <colnr> <probs for GDERKNQSTAVLIFYWHMCP>
#	G	D	E	R	K	N	Q	S	T	A	V	L	I	F	Y	W	H	M	C	P
0	0.09923	0.02222	0.01930	0.01815	0.07607	0.36716	0.04925	0.02224	0.04576	0.01823	0.01057	0.01334	0.00896	0.00769	0.00959	0.00205	0.19415	0.00491	0.00340	0.00774
1	0.01957	0.02186	0.07334	0.01787	0.09069	0.28095	0.01361	0.13415	0.13827	0.02283	0.01572	0.01972	0.01305	0.00816	0.00723	0.00202	0.05091	0.05676	0.00449	0.00881
2	0.01419	0.01204	0.01460	0.01108	0.01571	0.01093	0.00895	0.01760	0.04996	0.04453	0.01222	0.01437	0.01013	0.00621	0.00773	0.00137	0.13344	0.00441	0.00394	0.60657
3	0.09659	0.08808	0.23679	0.04368	0.02281	0.01590	0.10286	0.02431	0.20660	0.05996	0.01646	0.01810	0.01242	0.00704	0.00614	0.00206	0.00750	0.01920	0.00432	0.00917
4	0.01418	0.04313	0.31281	0.02100	0.10103	0.01463	0.19487	0.02027	0.04279	0.02081	0.01254	0.01515	0.00952	0.00578	0.00628	0.00187	0.00863	0.00551	0.00326	0.14593
5	0.01367	0.13899	0.01493	0.01140	0.01405	0.01122	0.00989	0.01759	0.07156	0.09101	0.08169	0.08225	0.03083	0.01380	0.00755	0.00246	0.00568	0.36852	0.00575	0.00717
6	0.00830	0.00593	0.00799	0.00949	0.01005	0.00562	0.00675	0.00974	0.01280	0.01698	0.03537	0.65038	0.04179	0.01984	0.00836	0.00268	0.00412	0.13243	0.00599	0.00537
7	0.01605	0.01140	0.01367	0.00990	0.01551	0.00876	0.00797	0.01886	0.01426	0.14282	0.01387	0.01486	0.01066	0.00533	0.00508	0.00113	0.00491	0.00428	0.00454	0.67614
8	0.01750	0.14440	0.02641	0.03199	0.53963	0.01651	0.01731	0.02091	0.01482	0.09131	0.01294	0.01563	0.01048	0.00594	0.00602	0.00184	0.00733	0.00544	0.00360	0.00998
9	0.00893	0.00644	0.00844	0.00828	0.00961	0.00595	0.00608	0.01165	0.01728	0.02431	0.61126	0.17077	0.05787	0.01441	0.00773	0.00213	0.00317	0.01282	0.00692	0.00595
10	0.00787	0.00562	0.00750	0.00900	0.00937	0.00525	0.00600	0.00900	0.01237	0.01649	0.03561	0.76871	0.04274	0.02024	0.00825	0.00262	0.00375	0.01837	0.00600	0.00525
11	0.01391	0.19760	0.58362	0.01679	0.02545	0.01734	0.02104	0.02022	0.01353	0.01930	0.01102	0.01292	0.00821	0.00600	0.00570	0.00190	0.00897	0.00448	0.00274	0.00927
12	0.01567	0.01389	0.01706	0.09168	0.14128	0.01578	0.01263	0.03009	0.53043	0.02498	0.02242	0.02204	0.01701	0.00803	0.00653	0.00214	0.00590	0.00689	0.00563	0.00993
13	0.08261	0.01394	0.01555	0.01272	0.01720	0.01490	0.01027	0.20336	0.27320	0.25282	0.02202	0.02025	0.01539	0.00806	0.00633	0.00205	0.00573	0.00639	0.00680	0.01042
14	0.03840	0.03019	0.06065	0.01458	0.08717	0.02652	0.01115	0.11847	0.01782	0.26975	0.02583	0.12015	0.07253	0.01050	0.00685	0.00214	0.00599	0.06618	0.00609	0.00904
15	0.02160	0.01659	0.01788	0.08816	0.02144	0.05577	0.01217	0.39607	0.19176	0.08375	0.01811	0.01800	0.01305	0.00783	0.00646	0.00201	0.00691	0.00613	0.00608	0.01025
16	0.01055	0.00664	0.00881	0.00935	0.01065	0.00614	0.00691	0.01246	0.01458	0.09041	0.16944	0.42522	0.07774	0.01715	0.00801	0.00247	0.00406	0.10690	0.00640	0.00609
17	0.01106	0.00715	0.00989	0.00993	0.01124	0.00754	0.00736	0.01346	0.03838	0.08753	0.02416	0.24853	0.02477	0.08899	0.37113	0.00661	0.01079	0.01050	0.00482	0.00616
18	0.01097	0.00883	0.01283	0.10506	0.05743	0.00970	0.02461	0.02852	0.01294	0.03250	0.07423	0.19341	0.07239	0.09755	0.13719	0.00414	0.07805	0.02875	0.00458	0.00631
19	0.10108	0.02190	0.01944	0.01591	0.02026	0.32805	0.10102	0.17917	0.01955	0.04478	0.01415	0.01544	0.03636	0.00699	0.00606	0.00182	0.00902	0.00532	0.00436	0.04931
20	0.07050	0.16047	0.05601	0.02035	0.18904	0.07242	0.07967	0.04990	0.06112	0.15762	0.01483	0.01592	0.01112	0.00648	0.00591	0.00187	0.00745	0.00543	0.00442	0.00945

[dist]
# distance from previous block
# <min> <max>
1	12

[block]
# block no. 2 follows, 34 sequences, length 17
# corresponding to MSA columns:
# 85-101
name=unknown_C
#
# <colnr> <probs for GDERKNQSTAVLIFYWHMCP>
#	G	D	E	R	K	N	Q	S	T	A	V	L	I	F	Y	W	H	M	C	P
0	0.01744	0.07069	0.01875	0.04283	0.19128	0.06486	0.01214	0.17585	0.01749	0.05310	0.01469	0.01904	0.01238	0.08946	0.05748	0.00278	0.00769	0.00582	0.04773	0.07852
1	0.01271	0.01089	0.01411	0.08010	0.07312	0.03430	0.01053	0.06036	0.03580	0.03835	0.12166	0.18637	0.11472	0.01269	0.01014	0.00233	0.15947	0.01024	0.00502	0.00707
2	0.07186	0.13749	0.25327	0.08102	0.09116	0.04231	0.01605	0.06585	0.01504	0.07579	0.01231	0.01412	0.00927	0.00617	0.00565	0.00181	0.00773	0.00475	0.00365	0.08471
3	0.00805	0.00584	0.00745	0.00854	0.00917	0.00540	0.00575	0.00930	0.01286	0.01704	0.09054	0.58977	0.11470	0.07123	0.00984	0.00278	0.00382	0.01675	0.00594	0.00524
4	0.14478	0.01554	0.09098	0.01273	0.01797	0.01397	0.01136	0.19263	0.08315	0.32266	0.01920	0.01800	0.01294	0.00751	0.00608	0.00201	0.00620	0.00577	0.00634	0.01017
5	0.01344	0.01295	0.01951	0.40688	0.19384	0.05356	0.01628	0.01714	0.01412	0.01869	0.10512	0.02049	0.01580	0.00751	0.00753	0.00210	0.05733	0.00643	0.00352	0.00774
6	0.00913	0.00624	0.00719	0.00729	0.00756	0.00611	0.00434	0.00956	0.01065	0.01420	0.07829	0.11496	0.06614	0.60071	0.02719	0.00537	0.00561	0.01068	0.00447	0.00429
7	0.01145	0.00737	0.00827	0.00797	0.00925	0.00767	0.00562	0.06100	0.04118	0.01973	0.02281	0.06510	0.05145	0.26660	0.10942	0.00435	0.00633	0.00819	0.28049	0.00574
8	0.01890	0.01308	0.01391	0.01170	0.01553	0.05229	0.00927	0.13134	0.23925	0.17204	0.07953	0.02546	0.06612	0.00887	0.00640	0.00195	0.00539	0.00721	0.06766	0.05412
9	0.05693	0.15821	0.05676	0.10872	0.06549	0.09441	0.20884	0.04929	0.05310	0.01993	0.01200	0.01497	0.00954	0.00645	0.00714	0.00198	0.05879	0.00561	0.00343	0.00842
10	0.01004	0.00649	0.00837	0.00912	0.00999	0.00616	0.00623	0.01195	0.04210	0.07185	0.06428	0.57237	0.03856	0.09726	0.01059	0.00291	0.00417	0.01576	0.00601	0.00579
11	0.00863	0.00614	0.00753	0.00803	0.00860	0.00594	0.00525	0.00961	0.01176	0.01566	0.08304	0.30516	0.10656	0.31087	0.07404	0.00453	0.00565	0.01305	0.00509	0.00486
12	0.01187	0.01054	0.01132	0.02591	0.01314	0.08600	0.00850	0.05142	0.05006	0.01946	0.11101	0.32432	0.07490	0.01659	0.04230	0.00275	0.07034	0.05770	0.00545	0.00642
13	0.01603	0.45363	0.18896	0.01363	0.01977	0.02126	0.03812	0.02220	0.13393	0.01859	0.01266	0.01369	0.01027	0.00621	0.00513	0.00170	0.00733	0.00455	0.00342	0.00892
14	0.00931	0.00739	0.00848	0.00832	0.01020	0.00704	0.00618	0.01354	0.10774	0.02157	0.29157	0.15369	0.30136	0.01481	0.00758	0.00219	0.00350	0.01280	0.00647	0.00628
15	0.01024	0.00731	0.01028	0.01245	0.08590	0.00691	0.00812	0.01221	0.01407	0.05476	0.11468	0.43742	0.08168	0.01675	0.00794	0.00247	0.00442	0.10021	0.00593	0.00626
16	0.01964	0.05119	0.01655	0.03043	0.01790	0.29391	0.01065	0.11965	0.10567	0.05834	0.06697	0.02036	0.06173	0.00798	0.00612	0.00177	0.00777	0.00601	0.00486	0.09250

[dist]
# distance from previous block
# <min> <max>
0	1

[block]
# block no. 3 follows, 34 sequences, length 26
# corresponding to MSA columns:
# 103-128
name=unknown_D
#
# <colnr> <probs for GDERKNQSTAVLIFYWHMCP>
#	G	D	E	R	K	N	Q	S	T	A	V	L	I	F	Y	W	H	M	C	P
0	0.01690	0.14748	0.02199	0.01571	0.01756	0.10855	0.01323	0.08563	0.01347	0.01799	0.00944	0.01332	0.00868	0.00941	0.01497	0.00235	0.46726	0.00511	0.00323	0.00771
1	0.01737	0.17589	0.20067	0.01539	0.06554	0.01734	0.01437	0.22574	0.01876	0.02590	0.03996	0.01539	0.01166	0.00666	0.00569	0.00173	0.00715	0.00509	0.03614	0.09355
2	0.01611	0.04788	0.15227	0.11410	0.15001	0.03316	0.09468	0.05459	0.06022	0.08299	0.01497	0.04614	0.01184	0.00686	0.00633	0.00193	0.00775	0.00613	0.00403	0.08799
3	0.00807	0.00654	0.00700	0.00690	0.00879	0.00564	0.00507	0.00986	0.01504	0.01877	0.19386	0.05796	0.54523	0.07142	0.00949	0.00245	0.00345	0.01294	0.00607	0.00547
4	0.03993	0.01381	0.01626	0.01276	0.03686	0.02827	0.03010	0.20922	0.01915	0.14486	0.03349	0.01638	0.01228	0.00646	0.00573	0.00153	0.00590	0.00518	0.00528	0.35653
5	0.02176	0.02043	0.05550	0.01759	0.09709	0.19659	0.01316	0.28374	0.11388	0.07461	0.03173	0.01680	0.01270	0.00746	0.00633	0.00191	0.00796	0.00572	0.00528	0.00976
6	0.01932	0.01522	0.01623	0.01339	0.01713	0.04524	0.01078	0.37022	0.13144	0.04943	0.02389	0.07031	0.10068	0.01002	0.00803	0.00212	0.07349	0.00773	0.00599	0.00935
7	0.01318	0.03187	0.67147	0.01927	0.02853	0.01514	0.09030	0.02049	0.01380	0.02049	0.01174	0.01401	0.00834	0.00607	0.00628	0.00206	0.00968	0.00505	0.00278	0.00947
8	0.01509	0.01434	0.02434	0.10807	0.61824	0.01460	0.01875	0.01880	0.01438	0.02036	0.01361	0.06490	0.01218	0.00676	0.00652	0.00199	0.00751	0.00657	0.00335	0.00961
9	0.01444	0.01210	0.01396	0.01006	0.01575	0.00968	0.00809	0.08093	0.01498	0.02288	0.01186	0.01360	0.00970	0.00506	0.00494	0.00105	0.00500	0.00401	0.00407	0.73784
10	0.00912	0.00615	0.00713	0.00740	0.00747	0.00608	0.00429	0.00932	0.00994	0.01325	0.02314	0.17466	0.02700	0.63576	0.02840	0.00560	0.00581	0.01103	0.00429	0.00416
11	0.00793	0.00648	0.00701	0.00705	0.00895	0.00555	0.00522	0.00978	0.01517	0.01891	0.18397	0.12125	0.54799	0.01613	0.00769	0.00219	0.00327	0.01369	0.00620	0.00555
12	0.02529	0.01055	0.01396	0.01097	0.01542	0.00934	0.00896	0.05806	0.01876	0.58369	0.10356	0.02710	0.06609	0.00908	0.00669	0.00201	0.00516	0.00748	0.00771	0.01011
13	0.02237	0.01511	0.01855	0.04905	0.02026	0.01594	0.06251	0.42323	0.02454	0.16488	0.03660	0.02087	0.05878	0.00824	0.00661	0.00198	0.00672	0.00671	0.02699	0.01005
14	0.01701	0.01735	0.03215	0.02535	0.09450	0.06223	0.49111	0.06622	0.01647	0.06241	0.01445	0.04360	0.01134	0.00637	0.00728	0.00211	0.00984	0.00743	0.00384	0.00893
15	0.01453	0.01514	0.01851	0.01599	0.01729	0.13058	0.06399	0.01651	0.01174	0.01583	0.01132	0.01688	0.01052	0.01967	0.20400	0.00453	0.39703	0.00589	0.00310	0.00692
16	0.00807	0.00590	0.00734	0.00831	0.00901	0.00544	0.00558	0.00925	0.01275	0.01670	0.07452	0.52822	0.16078	0.10322	0.01086	0.00292	0.00391	0.01620	0.00582	0.00518
17	0.04356	0.13845	0.06666	0.08335	0.06609	0.07994	0.03784	0.03832	0.03204	0.05299	0.02570	0.01494	0.01042	0.00743	0.00919	0.00196	0.18063	0.00512	0.00358	0.10181
18	0.01514	0.08599	0.08079	0.01081	0.01430	0.01152	0.00942	0.04093	0.15231	0.12446	0.04010	0.15454	0.05476	0.01141	0.02650	0.00224	0.00542	0.00865	0.14265	0.00808
19	0.00820	0.00589	0.00770	0.00883	0.00944	0.00551	0.00606	0.00959	0.01310	0.01754	0.11553	0.58889	0.07082	0.05823	0.00946	0.00274	0.00388	0.04726	0.00602	0.00532
20	0.01363	0.01040	0.01116	0.01044	0.01196	0.08354	0.00769	0.11698	0.01503	0.01948	0.12237	0.09972	0.02343	0.06145	0.06651	0.27418	0.00676	0.03504	0.00459	0.00564
21	0.05271	0.11047	0.07223	0.01430	0.01875	0.01437	0.12310	0.13702	0.05724	0.09343	0.02244	0.15254	0.06020	0.01003	0.00670	0.00211	0.00665	0.03214	0.00513	0.00845
22	0.00913	0.00692	0.00835	0.00894	0.01059	0.00648	0.00707	0.01186	0.03864	0.01928	0.11122	0.16705	0.29636	0.01651	0.00797	0.00246	0.00421	0.22443	0.03668	0.00582
23	0.01567	0.00865	0.00989	0.04670	0.01260	0.02444	0.00705	0.06037	0.01553	0.17018	0.02659	0.09955	0.08729	0.03881	0.00692	0.00203	0.00448	0.00812	0.34791	0.00724
24	0.01547	0.05544	0.10513	0.22276	0.07103	0.01596	0.21677	0.04393	0.05488	0.06559	0.01354	0.01691	0.01016	0.00663	0.00760	0.00212	0.05756	0.00620	0.00364	0.00865
25	0.08242	0.04745	0.01669	0.03996	0.06031	0.17948	0.01114	0.13268	0.17865	0.06122	0.01801	0.09044	0.01518	0.00851	0.00619	0.00197	0.00711	0.00672	0.00509	0.03080

[dist]
# distance from previous block
# <min> <max>
0	9

[block]
# block no. 4 follows, 34 sequences, length 49
# corresponding to MSA columns:
# 138-186
name=unknown_E
#
# <colnr> <probs for GDERKNQSTAVLIFYWHMCP>
#	G	D	E	R	K	N	Q	S	T	A	V	L	I	F	Y	W	H	M	C	P
0	0.01523	0.00998	0.01151	0.01025	0.01327	0.01017	0.00796	0.02331	0.26795	0.16034	0.18870	0.05722	0.14393	0.01113	0.00693	0.00210	0.00431	0.00943	0.03791	0.00837
1	0.00935	0.00698	0.00979	0.00969	0.01097	0.00746	0.00726	0.01137	0.01123	0.01603	0.06336	0.12141	0.02253	0.11001	0.48892	0.00785	0.01280	0.00869	0.00408	0.06021
2	0.06977	0.01490	0.02557	0.13055	0.46693	0.01533	0.11977	0.01991	0.03641	0.02115	0.01243	0.01625	0.01003	0.00592	0.00643	0.00200	0.00801	0.00593	0.00332	0.00938
3	0.01609	0.11836	0.01679	0.01290	0.01540	0.24904	0.01016	0.03875	0.04634	0.01687	0.01820	0.09740	0.05717	0.03864	0.14481	0.00364	0.08141	0.00709	0.00392	0.00701
4	0.04003	0.01045	0.01189	0.01002	0.01333	0.01050	0.00797	0.15589	0.07579	0.17882	0.15331	0.03114	0.12177	0.00996	0.00646	0.00195	0.00461	0.00818	0.13958	0.00836
5	0.00857	0.00675	0.00777	0.00776	0.00951	0.00612	0.00572	0.01135	0.04733	0.02061	0.28482	0.16603	0.36319	0.01555	0.00768	0.00220	0.00335	0.01343	0.00640	0.00586
6	0.00906	0.00650	0.00833	0.00933	0.01002	0.00633	0.00637	0.05480	0.01336	0.01785	0.03312	0.66670	0.03908	0.05405	0.02941	0.00295	0.00445	0.01684	0.00587	0.00558
7	0.13800	0.01134	0.01229	0.01066	0.01426	0.01190	0.00843	0.06865	0.22589	0.19931	0.02735	0.07366	0.09532	0.00959	0.00624	0.00208	0.00488	0.00777	0.06355	0.00883
8	0.01037	0.00657	0.00824	0.00854	0.00925	0.00638	0.00578	0.01139	0.01190	0.06233	0.06654	0.23433	0.03146	0.37875	0.04174	0.00455	0.00566	0.08597	0.00512	0.00513
9	0.16662	0.01392	0.01478	0.01190	0.01627	0.01500	0.00971	0.30546	0.09335	0.17394	0.01803	0.01771	0.01277	0.00757	0.00582	0.00194	0.00576	0.00571	0.09410	0.00965
10	0.06808	0.01504	0.01821	0.12090	0.11505	0.09899	0.03329	0.09220	0.03912	0.22654	0.01823	0.01911	0.04156	0.00770	0.00729	0.00204	0.05633	0.00608	0.00511	0.00914
11	0.01514	0.01037	0.01141	0.00999	0.01294	0.01076	0.00799	0.20920	0.06069	0.05874	0.05332	0.03467	0.18511	0.01297	0.04876	0.00247	0.00547	0.05437	0.18789	0.00773
12	0.00923	0.00692	0.01038	0.01038	0.01154	0.00808	0.00808	0.01154	0.01038	0.01500	0.01731	0.02538	0.01615	0.04846	0.74732	0.01038	0.01731	0.00692	0.00346	0.00577
13	0.04888	0.08420	0.13768	0.01156	0.01779	0.01225	0.01102	0.06468	0.01460	0.04164	0.01183	0.01342	0.00939	0.00542	0.00508	0.00132	0.00596	0.00415	0.00385	0.49529
14	0.05632	0.00783	0.01032	0.02690	0.01228	0.00781	0.04110	0.05403	0.01360	0.01890	0.03066	0.35581	0.09632	0.06777	0.01061	0.06051	0.00496	0.08803	0.03046	0.00577
15	0.00809	0.00579	0.00770	0.00885	0.00942	0.00540	0.00602	0.00955	0.01340	0.01814	0.15665	0.64298	0.04592	0.01902	0.00814	0.00252	0.00363	0.01720	0.00619	0.00540
16	0.00898	0.00618	0.00714	0.00739	0.00767	0.00602	0.00443	0.00940	0.01060	0.01401	0.04770	0.17520	0.08071	0.55783	0.02580	0.00518	0.00549	0.01140	0.00454	0.00434
17	0.01717	0.75795	0.05176	0.01124	0.01687	0.02530	0.01138	0.01938	0.01314	0.01534	0.00905	0.01045	0.00829	0.00554	0.00420	0.00140	0.00698	0.00349	0.00276	0.00832
18	0.00837	0.00626	0.00822	0.00927	0.00968	0.00627	0.00634	0.00946	0.01211	0.01621	0.03415	0.63856	0.07011	0.07049	0.01073	0.00286	0.05322	0.01672	0.00565	0.00529
19	0.00903	0.00660	0.00848	0.00801	0.00958	0.00605	0.00601	0.01197	0.01802	0.02528	0.67953	0.04931	0.11104	0.01345	0.00762	0.00204	0.00307	0.01183	0.00703	0.00605
20	0.02879	0.01132	0.01519	0.01165	0.01665	0.00997	0.00962	0.06215	0.01903	0.70567	0.02504	0.02170	0.01577	0.00799	0.00650	0.00200	0.00557	0.00647	0.00793	0.01100
21	0.01599	0.01535	0.02623	0.03966	0.73262	0.01535	0.01983	0.01983	0.01471	0.02111	0.01215	0.01599	0.01023	0.00576	0.00640	0.00192	0.00768	0.00576	0.00320	0.01023
22	0.01644	0.01380	0.01462	0.01310	0.01679	0.01588	0.01021	0.03425	0.70089	0.04731	0.02628	0.02405	0.01962	0.00874	0.00657	0.00219	0.00512	0.00728	0.00662	0.01025
23	0.02456	0.01810	0.01939	0.01487	0.02004	0.02004	0.01228	0.71107	0.03038	0.04072	0.01551	0.01551	0.01099	0.00776	0.00646	0.00194	0.00711	0.00582	0.00646	0.01099
24	0.02214	0.18223	0.02287	0.01616	0.02022	0.52696	0.05940	0.04563	0.01742	0.01680	0.01016	0.01190	0.00850	0.00638	0.00562	0.00165	0.01049	0.00430	0.00331	0.00785
25	0.01556	0.12019	0.26663	0.03768	0.12677	0.01667	0.19435	0.06521	0.01547	0.03919	0.03363	0.01595	0.01086	0.00620	0.00638	0.00197	0.00881	0.00581	0.00344	0.00925
26	0.01760	0.07371	0.27330	0.02225	0.19852	0.08383	0.03861	0.10988	0.03795	0.06448	0.01321	0.01497	0.00992	0.00643	0.00616	0.00193	0.00847	0.00527	0.00382	0.00971
27	0.00965	0.00728	0.00917	0.01019	0.01129	0.00738	0.00748	0.01386	0.12663	0.01870	0.03386	0.52269	0.03803	0.01796	0.00810	0.00262	0.00437	0.13846	0.00608	0.00618
28	0.01089	0.00577	0.00840	0.00840	0.00847	0.00584	0.00559	0.00873	0.00865	0.01161	0.01262	0.02249	0.01289	0.10623	0.07311	0.67167	0.00644	0.00611	0.00297	0.00312
29	0.01887	0.28690	0.11127	0.01802	0.12976	0.14287	0.01435	0.13598	0.04675	0.02157	0.01176	0.01327	0.00951	0.00633	0.00550	0.00172	0.00810	0.00464	0.00369	0.00914
30	0.01467	0.11809	0.01832	0.01362	0.03785	0.01412	0.08575	0.09823	0.19198	0.03888	0.07288	0.14668	0.10045	0.01072	0.00679	0.00210	0.00575	0.00935	0.00548	0.00829
31	0.00927	0.00665	0.00908	0.01053	0.01157	0.00646	0.00840	0.01143	0.01382	0.01809	0.03568	0.36483	0.05903	0.01881	0.00860	0.00281	0.00495	0.38837	0.00597	0.00564
32	0.01337	0.02885	0.03509	0.01538	0.01917	0.01179	0.25046	0.01957	0.12433	0.02277	0.09180	0.06162	0.02077	0.00843	0.00657	0.00201	0.00642	0.02833	0.22557	0.00770
33	0.01530	0.06975	0.15795	0.06768	0.12179	0.06199	0.15105	0.05029	0.01520	0.05367	0.01704	0.07895	0.02932	0.00946	0.02992	0.00235	0.00860	0.04729	0.00390	0.00849
34	0.00911	0.00628	0.00786	0.00876	0.00947	0.00607	0.00625	0.01050	0.01236	0.01664	0.03218	0.32380	0.07934	0.22004	0.01470	0.00357	0.00483	0.16330	0.05983	0.00511
35	0.01566	0.01501	0.02563	0.10225	0.67261	0.01527	0.01967	0.01954	0.01456	0.02071	0.01210	0.01610	0.01009	0.00582	0.00640	0.00194	0.00776	0.00576	0.00317	0.00997
36	0.09202	0.12634	0.11534	0.09389	0.21586	0.03676	0.06869	0.07984	0.03566	0.05815	0.01264	0.01498	0.00978	0.00623	0.00592	0.00192	0.00777	0.00528	0.00375	0.00918
37	0.01010	0.00747	0.01054	0.01128	0.06751	0.00733	0.04593	0.01074	0.01065	0.01434	0.02154	0.17429	0.02444	0.47450	0.02415	0.05960	0.00612	0.01044	0.00414	0.00487
38	0.00962	0.00705	0.00777	0.00739	0.00966	0.00614	0.00561	0.01206	0.03438	0.06826	0.20185	0.05552	0.52160	0.01493	0.00753	0.00214	0.00342	0.01257	0.00639	0.00609
39	0.00969	0.00714	0.00918	0.00913	0.01078	0.00664	0.02815	0.01254	0.05651	0.05055	0.17807	0.34664	0.21810	0.01619	0.00777	0.00233	0.00387	0.01434	0.00625	0.00612
40	0.07551	0.01650	0.01882	0.01581	0.04896	0.04594	0.04838	0.35007	0.14734	0.08229	0.01667	0.01702	0.01223	0.00786	0.00750	0.00206	0.06535	0.00599	0.00572	0.00999
41	0.01736	0.01928	0.02248	0.19831	0.21000	0.24293	0.07628	0.02051	0.01493	0.01774	0.01100	0.01486	0.00903	0.00678	0.00796	0.00202	0.09183	0.00541	0.00313	0.00818
42	0.01122	0.00561	0.00842	0.00842	0.00842	0.00561	0.00561	0.00842	0.00842	0.01122	0.01122	0.01964	0.01122	0.02245	0.02525	0.81201	0.00561	0.00561	0.00281	0.00281
43	0.01727	0.05241	0.02231	0.24546	0.29121	0.19242	0.01676	0.05135	0.01568	0.01908	0.01144	0.01504	0.00924	0.00626	0.00618	0.00190	0.00886	0.00527	0.00326	0.00861
44	0.04268	0.06599	0.01643	0.01290	0.01697	0.01673	0.01033	0.17618	0.44110	0.02852	0.02199	0.05154	0.01718	0.00854	0.00629	0.00204	0.00559	0.00691	0.00606	0.04603
45	0.01515	0.01077	0.01175	0.01030	0.01345	0.04071	0.00808	0.04092	0.18739	0.10186	0.12078	0.02815	0.04384	0.01137	0.05012	0.00235	0.00548	0.03352	0.15098	0.11303
46	0.01072	0.00864	0.01212	0.01132	0.01276	0.00990	0.03734	0.01488	0.10739	0.01656	0.01881	0.04867	0.01783	0.15364	0.43233	0.00755	0.06165	0.00765	0.00398	0.00627
47	0.06844	0.01222	0.01306	0.00983	0.01494	0.04242	0.00782	0.04541	0.01451	0.02233	0.05607	0.01717	0.04033	0.00602	0.00513	0.00121	0.00504	0.00475	0.00421	0.60910
48	0.01204	0.01162	0.04870	0.01185	0.02886	0.08329	0.00889	0.06147	0.08961	0.01938	0.02773	0.45837	0.03044	0.01760	0.05568	0.00290	0.00619	0.01319	0.00542	0.00676

[dist]
# distance from previous block
# <min> <max>
0	15

[block]
# block no. 5 follows, 34 sequences, length 30
# corresponding to MSA columns:
# 202-231
name=unknown_F
#
# <colnr> <probs for GDERKNQSTAVLIFYWHMCP>
#	G	D	E	R	K	N	Q	S	T	A	V	L	I	F	Y	W	H	M	C	P
0	0.03706	0.31439	0.04188	0.01333	0.01787	0.08792	0.08429	0.06199	0.07651	0.01970	0.03881	0.09410	0.03752	0.00814	0.00574	0.00179	0.00701	0.00661	0.00408	0.04127
1	0.01418	0.22998	0.01915	0.01101	0.01499	0.04523	0.05022	0.01591	0.01326	0.03444	0.01925	0.03890	0.09590	0.01025	0.00852	0.12080	0.00607	0.04646	0.00384	0.20165
2	0.00839	0.00603	0.00771	0.00890	0.00935	0.00580	0.00589	0.01003	0.03941	0.01638	0.03324	0.64406	0.03931	0.11909	0.01143	0.00309	0.00413	0.01676	0.00575	0.00527
3	0.03510	0.04049	0.06276	0.05882	0.04228	0.16397	0.06891	0.06059	0.01682	0.13898	0.08267	0.09685	0.08518	0.00952	0.00667	0.00201	0.00727	0.00801	0.00504	0.00806
4	0.01762	0.32924	0.02838	0.01592	0.02070	0.15869	0.17964	0.05801	0.01533	0.01795	0.01236	0.04761	0.01122	0.05225	0.00733	0.00200	0.00861	0.00573	0.00341	0.00800
5	0.01480	0.30525	0.04902	0.03204	0.03504	0.01861	0.01177	0.01690	0.01262	0.04735	0.01885	0.04166	0.11587	0.00950	0.01037	0.00207	0.24075	0.00636	0.00359	0.00759
6	0.17809	0.15139	0.01814	0.05909	0.01803	0.11745	0.01028	0.08471	0.01647	0.19894	0.03670	0.01569	0.01193	0.00685	0.00543	0.00179	0.00674	0.00495	0.00491	0.05243
7	0.01438	0.01546	0.06509	0.27289	0.29965	0.05706	0.07517	0.01853	0.01461	0.01960	0.07322	0.01889	0.01377	0.00668	0.00658	0.00202	0.00820	0.00626	0.00341	0.00853
8	0.14428	0.02182	0.01779	0.01577	0.04982	0.29890	0.01198	0.27776	0.02110	0.02726	0.01190	0.01322	0.00920	0.00715	0.00656	0.00189	0.04542	0.00482	0.00456	0.00881
9	0.00857	0.00686	0.00777	0.00821	0.00988	0.00632	0.00607	0.01139	0.06405	0.01834	0.07886	0.26943	0.39626	0.01696	0.00784	0.00237	0.00374	0.06523	0.00608	0.00579
10	0.77078	0.05807	0.01095	0.00865	0.01274	0.01516	0.00724	0.01901	0.01112	0.02817	0.00900	0.01049	0.00707	0.00597	0.00401	0.00196	0.00511	0.00350	0.00392	0.00707
11	0.01322	0.01002	0.05258	0.00937	0.01215	0.00886	0.00782	0.10851	0.03574	0.06672	0.32761	0.03581	0.09497	0.01072	0.00663	0.00192	0.00417	0.00906	0.17685	0.00726
12	0.01583	0.01542	0.02520	0.11944	0.63241	0.03886	0.01938	0.01965	0.01463	0.02042	0.01201	0.01599	0.00999	0.00587	0.00639	0.00194	0.00791	0.00570	0.00317	0.00980
13	0.00808	0.00577	0.00774	0.00924	0.00970	0.00543	0.00636	0.00936	0.01258	0.01673	0.03550	0.71107	0.04228	0.02004	0.00830	0.00265	0.00393	0.07393	0.00599	0.00531
14	0.02899	0.01100	0.01499	0.01150	0.01649	0.00950	0.00950	0.03149	0.01849	0.73709	0.02549	0.02199	0.01599	0.00800	0.00650	0.00200	0.00550	0.00650	0.00800	0.01100
15	0.01689	0.01295	0.01390	0.01230	0.01577	0.03178	0.00972	0.13989	0.35571	0.08570	0.04310	0.07345	0.09093	0.01064	0.00692	0.00220	0.00540	0.05708	0.00647	0.00920
16	0.01419	0.00774	0.00996	0.00880	0.01133	0.00687	0.00681	0.01678	0.01753	0.21555	0.40301	0.06975	0.16065	0.01259	0.00734	0.00207	0.00377	0.01086	0.00712	0.00728
17	0.01575	0.01511	0.02579	0.08511	0.68904	0.01529	0.01971	0.01962	0.01460	0.02082	0.01211	0.01607	0.01013	0.00580	0.00640	0.00193	0.00774	0.00576	0.00318	0.01004
18	0.00910	0.00614	0.00714	0.00743	0.00750	0.00606	0.00432	0.00932	0.00998	0.01331	0.02335	0.18494	0.02727	0.62511	0.02805	0.00555	0.00577	0.01116	0.00432	0.00418
19	0.00842	0.00654	0.00764	0.00822	0.00976	0.00590	0.00625	0.01020	0.01413	0.01770	0.07631	0.19792	0.38721	0.06152	0.00950	0.00266	0.00409	0.15467	0.00591	0.00545
20	0.02519	0.01596	0.01786	0.01374	0.01874	0.01700	0.01133	0.52251	0.02692	0.20810	0.01812	0.01738	0.01239	0.00781	0.00640	0.00194	0.00658	0.00599	0.03523	0.01081
21	0.01416	0.02088	0.25961	0.08430	0.13376	0.01503	0.21103	0.02113	0.08808	0.02091	0.01496	0.01997	0.01191	0.00689	0.00683	0.00214	0.00889	0.04687	0.00355	0.00908
22	0.00953	0.00668	0.00806	0.00806	0.00979	0.00601	0.00610	0.01182	0.01580	0.05050	0.29183	0.14777	0.27906	0.01510	0.00762	0.00221	0.00356	0.06885	0.04571	0.00595
23	0.00887	0.00700	0.00805	0.00771	0.00965	0.00639	0.00580	0.01217	0.05777	0.02218	0.38974	0.05311	0.35930	0.01437	0.00757	0.00211	0.00327	0.01231	0.00658	0.00605
24	0.00783	0.00642	0.00690	0.00707	0.00892	0.00549	0.00519	0.00954	0.01475	0.01820	0.13041	0.16464	0.55901	0.01660	0.00772	0.00223	0.00332	0.01413	0.00612	0.00549
25	0.01259	0.00910	0.01083	0.00974	0.01210	0.00920	0.00748	0.09670	0.12019	0.05612	0.44200	0.08358	0.07977	0.01230	0.00733	0.00209	0.00397	0.01066	0.00687	0.00738
26	0.01462	0.01556	0.02769	0.02139	0.02421	0.01830	0.31373	0.01777	0.01220	0.01777	0.01046	0.01556	0.00905	0.00878	0.01535	0.00255	0.43771	0.00650	0.00302	0.00778
27	0.01661	0.01395	0.01471	0.01295	0.01670	0.01590	0.01015	0.11836	0.58915	0.02816	0.02740	0.02542	0.06332	0.00912	0.00663	0.00216	0.00525	0.00752	0.00652	0.01002
28	0.01745	0.01590	0.02128	0.08074	0.12738	0.06672	0.12475	0.20192	0.07195	0.02577	0.03189	0.01956	0.05385	0.00724	0.00649	0.00189	0.00751	0.00643	0.00463	0.10666
29	0.28573	0.04576	0.01437	0.12593	0.03808	0.01419	0.01007	0.15877	0.01625	0.04646	0.01949	0.06348	0.09500	0.00846	0.00572	0.00201	0.00588	0.00653	0.00471	0.03311

[dist]
# distance from previous block
# <min> <max>
1	56

[block]
# block no. 6 follows, 34 sequences, length 14
# corresponding to MSA columns:
# 288-301
name=unknown_G
#
# <colnr> <probs for GDERKNQSTAVLIFYWHMCP>
#	G	D	E	R	K	N	Q	S	T	A	V	L	I	F	Y	W	H	M	C	P
0	0.26857	0.05033	0.07849	0.01304	0.01794	0.03278	0.05382	0.21647	0.06525	0.02927	0.04838	0.01694	0.01279	0.00721	0.00565	0.00195	0.00651	0.02056	0.00483	0.04922
1	0.01069	0.00851	0.00919	0.00858	0.01110	0.00813	0.00672	0.10459	0.05072	0.02212	0.12948	0.05346	0.46872	0.01462	0.00753	0.00220	0.00406	0.06684	0.00621	0.00653
2	0.13902	0.02008	0.01825	0.01653	0.07650	0.20578	0.01229	0.33489	0.02191	0.02946	0.01243	0.01374	0.00950	0.00727	0.00684	0.00193	0.05450	0.00504	0.00481	0.00920
3	0.01167	0.00997	0.00974	0.00922	0.01138	0.06772	0.00685	0.11123	0.01683	0.02096	0.10498	0.19154	0.33366	0.05388	0.00875	0.00239	0.00473	0.01231	0.00584	0.00635
4	0.13738	0.01456	0.01553	0.01245	0.01685	0.03494	0.01013	0.34078	0.04270	0.19137	0.07553	0.04548	0.01688	0.00844	0.00626	0.00199	0.00607	0.00655	0.00641	0.00970
5	0.02131	0.01434	0.01595	0.01290	0.01717	0.01531	0.01040	0.38902	0.12076	0.14900	0.02442	0.08647	0.07404	0.00971	0.00673	0.00206	0.00597	0.00785	0.00665	0.00994
6	0.00851	0.00649	0.00781	0.00768	0.00931	0.00580	0.00568	0.01089	0.01650	0.02211	0.43539	0.12365	0.28678	0.01497	0.00769	0.00214	0.00319	0.01300	0.00662	0.00580
7	0.01340	0.01148	0.01340	0.00957	0.01531	0.00861	0.00766	0.01627	0.01340	0.02105	0.01148	0.01340	0.00957	0.00479	0.00479	0.00096	0.00479	0.00383	0.00383	0.81242
8	0.01851	0.51930	0.10270	0.01308	0.01858	0.16452	0.01271	0.05352	0.01501	0.01707	0.00976	0.01120	0.00841	0.00592	0.00479	0.00153	0.00811	0.00384	0.00305	0.00839
9	0.07995	0.07310	0.01885	0.01539	0.01925	0.51377	0.01197	0.15404	0.01975	0.02140	0.01090	0.01222	0.00873	0.00675	0.00571	0.00172	0.01003	0.00438	0.00393	0.00816
10	0.01423	0.01442	0.02137	0.01785	0.01841	0.01949	0.07404	0.01599	0.01036	0.01599	0.00888	0.01442	0.00860	0.01080	0.02003	0.00277	0.69643	0.00582	0.00287	0.00721
11	0.01340	0.01148	0.01340	0.00957	0.01531	0.00861	0.00766	0.01627	0.01340	0.02105	0.01148	0.01340	0.00957	0.00479	0.00479	0.00096	0.00479	0.00383	0.00383	0.81242
12	0.00877	0.00651	0.00817	0.00793	0.00947	0.00591	0.00588	0.01141	0.01716	0.02362	0.55309	0.11280	0.17666	0.01437	0.00768	0.00211	0.00315	0.01260	0.00682	0.00591
13	0.00777	0.00633	0.00678	0.00712	0.00879	0.00545	0.00511	0.00922	0.01394	0.01700	0.05661	0.21960	0.54209	0.05349	0.00898	0.00248	0.00352	0.01449	0.00590	0.00533

[dist]
# distance from previous block
# <min> <max>
0	1

[block]
# block no. 7 follows, 34 sequences, length 101
# corresponding to MSA columns:
# 303-403
name=unknown_H
#
# <colnr> <probs for GDERKNQSTAVLIFYWHMCP>
#	G	D	E	R	K	N	Q	S	T	A	V	L	I	F	Y	W	H	M	C	P
0	0.02300	0.07823	0.03698	0.01652	0.04960	0.48234	0.01263	0.12437	0.01929	0.05576	0.01167	0.01293	0.00921	0.00669	0.00583	0.00170	0.00992	0.00454	0.00397	0.03481
1	0.01577	0.01524	0.02636	0.07552	0.66973	0.01534	0.04738	0.01970	0.01464	0.02086	0.01216	0.01611	0.01014	0.00578	0.00645	0.00194	0.00785	0.00583	0.00318	0.01002
2	0.01931	0.01487	0.02355	0.04828	0.05918	0.01456	0.23071	0.14709	0.08749	0.16209	0.01688	0.01803	0.01212	0.00665	0.00663	0.00193	0.00759	0.00640	0.00512	0.11151
3	0.11466	0.01442	0.02207	0.04863	0.10005	0.04961	0.20121	0.04356	0.01642	0.26612	0.04670	0.01896	0.01369	0.00691	0.00651	0.00203	0.00752	0.00642	0.00520	0.00929
4	0.00791	0.00577	0.00753	0.00881	0.00940	0.00539	0.00598	0.00913	0.01252	0.01653	0.03777	0.66820	0.10897	0.02105	0.03928	0.00291	0.00427	0.01742	0.00589	0.00529
5	0.05833	0.06346	0.61175	0.01825	0.02707	0.01555	0.07718	0.02035	0.01360	0.02073	0.01145	0.01363	0.00825	0.00605	0.00605	0.00203	0.00929	0.00487	0.00284	0.00928
6	0.02350	0.04311	0.01942	0.05225	0.04913	0.05210	0.04099	0.33658	0.07221	0.21725	0.01794	0.01762	0.01249	0.00752	0.00641	0.00196	0.00702	0.00600	0.00615	0.01036
7	0.09689	0.03058	0.63426	0.01775	0.02660	0.01501	0.05067	0.02032	0.01343	0.02136	0.01139	0.01347	0.00813	0.00610	0.00598	0.00205	0.00913	0.00476	0.00288	0.00925
8	0.02824	0.01220	0.01574	0.01207	0.01709	0.01128	0.00997	0.14635	0.02050	0.61939	0.02380	0.02090	0.01515	0.00796	0.00649	0.00199	0.00577	0.00638	0.00774	0.01099
9	0.01578	0.01514	0.02585	0.07930	0.69461	0.01530	0.01973	0.01965	0.01461	0.02086	0.01212	0.01606	0.01015	0.00580	0.00640	0.00193	0.00773	0.00576	0.00318	0.01007
10	0.01529	0.01422	0.02218	0.11620	0.43507	0.05263	0.04751	0.01888	0.01506	0.04909	0.08114	0.02131	0.04333	0.00843	0.03016	0.00224	0.00776	0.00668	0.00384	0.00898
11	0.00820	0.00580	0.00752	0.00868	0.00916	0.00553	0.00579	0.00933	0.01207	0.01622	0.03388	0.60605	0.06624	0.10275	0.04755	0.00336	0.00466	0.01633	0.02573	0.00516
12	0.00787	0.00562	0.00750	0.00900	0.00937	0.00525	0.00600	0.00900	0.01237	0.01649	0.03561	0.76871	0.04274	0.02024	0.00825	0.00262	0.00375	0.01837	0.00600	0.00525
13	0.08948	0.67562	0.03099	0.01107	0.01637	0.05609	0.01075	0.01960	0.01316	0.01647	0.00903	0.01043	0.00818	0.00562	0.00421	0.00145	0.00695	0.00349	0.00290	0.00814
14	0.01029	0.00787	0.01074	0.01225	0.07982	0.00785	0.00818	0.04148	0.03199	0.01996	0.17091	0.25678	0.09870	0.02010	0.11037	0.03717	0.00621	0.05754	0.00550	0.00630
15	0.00798	0.00574	0.00759	0.00903	0.00953	0.00535	0.00615	0.00920	0.01258	0.01666	0.03672	0.70970	0.06950	0.01998	0.00825	0.00262	0.00383	0.04829	0.00600	0.00529
16	0.00782	0.00582	0.00730	0.00849	0.00924	0.00529	0.00577	0.00905	0.01286	0.01669	0.04183	0.62152	0.18591	0.01943	0.00812	0.00253	0.00365	0.01738	0.00600	0.00529
17	0.04935	0.02505	0.01741	0.01535	0.01907	0.48619	0.01177	0.10849	0.12318	0.06255	0.01391	0.01451	0.01072	0.00716	0.00599	0.00181	0.00957	0.00494	0.00447	0.00850
18	0.00925	0.00684	0.00996	0.00996	0.01096	0.00784	0.00754	0.01126	0.01026	0.01468	0.01770	0.02755	0.01709	0.14113	0.65593	0.00986	0.01589	0.00724	0.00352	0.00553
19	0.00787	0.00562	0.00750	0.00900	0.00937	0.00525	0.00600	0.00900	0.01237	0.01649	0.03561	0.76871	0.04274	0.02024	0.00825	0.00262	0.00375	0.01837	0.00600	0.00525
20	0.01049	0.00834	0.00894	0.00818	0.01068	0.00787	0.00630	0.10722	0.03592	0.02260	0.18998	0.05199	0.47901	0.01435	0.00744	0.00212	0.00380	0.01201	0.00630	0.00647
21	0.01404	0.21886	0.56344	0.01658	0.02513	0.01764	0.02068	0.02018	0.01351	0.01915	0.01094	0.01282	0.00821	0.00599	0.00564	0.00188	0.00889	0.00445	0.00274	0.00924
22	0.01306	0.03275	0.70994	0.01879	0.02821	0.01506	0.05270	0.02047	0.01371	0.02047	0.01166	0.01380	0.00825	0.00611	0.00620	0.00205	0.00961	0.00489	0.00275	0.00951
23	0.01341	0.01194	0.01608	0.01158	0.01721	0.00940	0.09024	0.01659	0.01386	0.02125	0.04736	0.01561	0.01215	0.00528	0.00526	0.00115	0.00542	0.00467	0.00393	0.67762
24	0.00985	0.00715	0.00977	0.01089	0.01228	0.00717	0.00914	0.01241	0.01397	0.01822	0.03450	0.10118	0.09627	0.05321	0.09679	0.00390	0.00695	0.48501	0.00558	0.00576
25	0.01041	0.00744	0.01041	0.01190	0.01339	0.00744	0.01041	0.01339	0.01487	0.01934	0.03421	0.07288	0.03719	0.01785	0.00892	0.00297	0.00595	0.68913	0.00595	0.00595
26	0.00919	0.00651	0.00774	0.00743	0.00911	0.00593	0.00557	0.01188	0.01671	0.02354	0.46121	0.04821	0.22076	0.01317	0.00717	0.00199	0.00310	0.01135	0.12350	0.00593
27	0.02502	0.01570	0.01775	0.01364	0.01874	0.01648	0.01124	0.46945	0.04964	0.23249	0.01847	0.01751	0.01261	0.00773	0.00640	0.00192	0.00649	0.00597	0.00678	0.04598
28	0.01835	0.01525	0.05193	0.01257	0.01791	0.01410	0.01069	0.29919	0.07460	0.04667	0.01555	0.01780	0.01217	0.00699	0.00588	0.00161	0.00605	0.03384	0.00524	0.33360
29	0.00915	0.00619	0.00811	0.00866	0.00965	0.00573	0.00616	0.01058	0.01407	0.03676	0.22173	0.38557	0.11106	0.01778	0.00963	0.07996	0.00383	0.04390	0.00604	0.00544
30	0.00940	0.00626	0.00705	0.00705	0.00705	0.00626	0.00392	0.00940	0.00940	0.01253	0.02036	0.04228	0.02349	0.77292	0.03289	0.00626	0.00626	0.00940	0.00392	0.00392
31	0.01264	0.01060	0.01081	0.01031	0.01286	0.06065	0.00827	0.10232	0.08483	0.02240	0.08629	0.04960	0.28634	0.01375	0.00747	0.00228	0.00514	0.17474	0.03177	0.00693
32	0.66380	0.01243	0.01071	0.00919	0.01339	0.01385	0.00758	0.04327	0.01285	0.14529	0.01191	0.01254	0.00860	0.00638	0.00449	0.00200	0.00515	0.00406	0.00473	0.00778
33	0.00880	0.00666	0.00751	0.00731	0.00929	0.00577	0.00547	0.01088	0.01585	0.04294	0.26999	0.08828	0.46763	0.01529	0.00762	0.00215	0.00329	0.01301	0.00641	0.00582
34	0.00778	0.00597	0.00714	0.00808	0.00913	0.00533	0.00559	0.00910	0.01325	0.01685	0.04675	0.50492	0.29933	0.01879	0.00802	0.00246	0.00357	0.01660	0.00600	0.00533
35	0.02263	0.06138	0.01917	0.01644	0.01946	0.62780	0.01262	0.02428	0.01707	0.01576	0.00976	0.01190	0.00834	0.00717	0.00761	0.00179	0.10179	0.00431	0.00324	0.00747
36	0.01347	0.00777	0.00812	0.00748	0.00949	0.00803	0.00576	0.10226	0.03352	0.02639	0.07842	0.02499	0.01957	0.00805	0.00506	0.00162	0.00358	0.00649	0.62318	0.00675
37	0.00793	0.00565	0.00748	0.00893	0.00929	0.00528	0.00592	0.00901	0.01226	0.01635	0.03507	0.74284	0.04205	0.04704	0.00912	0.00275	0.00384	0.01805	0.00592	0.00520
38	0.05360	0.01431	0.01683	0.01294	0.01799	0.01450	0.01069	0.34291	0.02369	0.39366	0.02036	0.01863	0.01339	0.00782	0.00640	0.00197	0.00622	0.00608	0.00716	0.01086
39	0.01000	0.00681	0.00758	0.00738	0.00770	0.00685	0.00433	0.04089	0.01056	0.01400	0.02204	0.04192	0.05265	0.70675	0.03064	0.00590	0.00618	0.00941	0.00412	0.00430
40	0.00809	0.00656	0.00718	0.00702	0.00901	0.00565	0.00527	0.01015	0.01580	0.02001	0.26587	0.05798	0.52799	0.01541	0.00763	0.00214	0.00321	0.01305	0.00634	0.00565
41	0.00962	0.00714	0.00934	0.01045	0.01207	0.00686	0.00887	0.01219	0.01474	0.01876	0.04202	0.09814	0.20928	0.01758	0.00858	0.00276	0.00520	0.49465	0.00596	0.00580
42	0.01612	0.01474	0.02488	0.07025	0.65071	0.01478	0.01889	0.01986	0.01479	0.05063	0.01420	0.01762	0.03099	0.00619	0.00644	0.00194	0.00750	0.00601	0.00346	0.00999
43	0.01680	0.01623	0.06933	0.13070	0.04880	0.01502	0.37907	0.07971	0.01620	0.10370	0.01469	0.01862	0.01097	0.04059	0.00824	0.00230	0.00925	0.00693	0.00402	0.00882
44	0.01220	0.01148	0.01938	0.75739	0.04450	0.01436	0.01794	0.01651	0.01292	0.01651	0.01148	0.01723	0.00861	0.00646	0.00646	0.00215	0.00861	0.00574	0.00287	0.00718
45	0.01449	0.01204	0.01385	0.01021	0.01560	0.01000	0.00818	0.09119	0.04327	0.02364	0.04819	0.01578	0.01268	0.00568	0.00518	0.00116	0.00496	0.00457	0.00438	0.65496
46	0.01372	0.01463	0.02986	0.05921	0.02839	0.01434	0.48336	0.01816	0.01466	0.01997	0.05560	0.09160	0.01718	0.00842	0.00859	0.00230	0.05851	0.04975	0.00385	0.00790
47	0.02289	0.01263	0.01501	0.01240	0.01679	0.01297	0.00995	0.06248	0.34041	0.38179	0.02542	0.02268	0.01748	0.00834	0.00653	0.00208	0.00539	0.00684	0.00728	0.01064
48	0.01716	0.01306	0.01430	0.01272	0.01638	0.01465	0.00998	0.03251	0.58949	0.11061	0.05407	0.02625	0.02142	0.00912	0.00668	0.00219	0.00510	0.02754	0.00675	0.01003
49	0.01328	0.01077	0.01084	0.01016	0.01275	0.07717	0.00807	0.09596	0.03838	0.06141	0.12556	0.06643	0.29249	0.01375	0.00749	0.00223	0.00515	0.13515	0.00606	0.00690
50	0.01241	0.01172	0.01966	0.70488	0.07065	0.01457	0.01789	0.01661	0.01289	0.01666	0.01141	0.01708	0.00867	0.00659	0.00694	0.00217	0.03327	0.00574	0.00288	0.00729
51	0.00770	0.00655	0.00664	0.00662	0.00877	0.00548	0.00496	0.00940	0.01489	0.01783	0.09525	0.06156	0.69996	0.01622	0.00764	0.00218	0.00326	0.01355	0.00605	0.00548
52	0.01102	0.00701	0.00899	0.00956	0.01076	0.00666	0.00673	0.05855	0.01424	0.08719	0.03414	0.62611	0.05769	0.01812	0.00794	0.00251	0.00413	0.01625	0.00622	0.00619
53	0.10369	0.01864	0.01745	0.01407	0.01862	0.13144	0.01136	0.44954	0.06593	0.05788	0.03839	0.01620	0.01249	0.00765	0.00616	0.00192	0.00730	0.00563	0.00581	0.00984
54	0.58953	0.01226	0.01122	0.00946	0.01376	0.01335	0.00780	0.04206	0.01351	0.21435	0.01349	0.01364	0.00946	0.00657	0.00472	0.00200	0.00519	0.00435	0.00511	0.00816
55	0.00791	0.00588	0.00738	0.00844	0.00926	0.00535	0.00578	0.00927	0.01325	0.01732	0.08828	0.57522	0.18515	0.01897	0.00808	0.00249	0.00360	0.01695	0.00607	0.00535
56	0.00787	0.00562	0.00750	0.00900	0.00937	0.00525	0.00600	0.00900	0.01237	0.01649	0.03561	0.76871	0.04274	0.02024	0.00825	0.00262	0.00375	0.01837	0.00600	0.00525
57	0.01446	0.01397	0.02290	0.36728	0.40037	0.03297	0.01879	0.01846	0.01398	0.01887	0.01179	0.01645	0.00945	0.00610	0.00641	0.00202	0.00820	0.00571	0.00305	0.00877
58	0.00940	0.00626	0.00705	0.00705	0.00705	0.00626	0.00392	0.00940	0.00940	0.01253	0.02036	0.04228	0.02349	0.77292	0.03289	0.00626	0.00626	0.00940	0.00392	0.00392
59	0.02414	0.03079	0.01831	0.01665	0.01998	0.74698	0.01248	0.02580	0.01831	0.01581	0.00999	0.01165	0.00832	0.00666	0.00583	0.00166	0.01165	0.00416	0.00333	0.00749
60	0.00852	0.00658	0.00777	0.00747	0.00927	0.00583	0.00560	0.01098	0.01681	0.02240	0.45369	0.05404	0.33868	0.01452	0.00763	0.00209	0.00314	0.01250	0.00665	0.00583
61	0.01727	0.77681	0.03386	0.01106	0.01658	0.02557	0.01106	0.01935	0.01313	0.01520	0.00898	0.01036	0.00829	0.00553	0.00415	0.00138	0.00691	0.00345	0.00276	0.00829
62	0.09629	0.01433	0.01411	0.01214	0.01599	0.15763	0.00975	0.02554	0.01693	0.39367	0.02259	0.07418	0.01795	0.00954	0.00654	0.00209	0.00663	0.08883	0.00632	0.00894
