[name]
unknown

[dist]
# distance from previous block
# <min> <max>
0	8

[block]
# block no. 0 follows, 33 sequences, length 14
# corresponding to MSA columns:
# 8-21
name=unknown_A
#
# <colnr> <probs for GDERKNQSTAVLIFYWHMCP>
#	G	D	E	R	K	N	Q	S	T	A	V	L	I	F	Y	W	H	M	C	P
0	0.01061	0.00758	0.01061	0.01212	0.01364	0.00758	0.01061	0.01364	0.01515	0.01970	0.03486	0.07426	0.03789	0.01819	0.00909	0.00303	0.00606	0.68326	0.00606	0.00606
1	0.00802	0.00573	0.00764	0.00917	0.00955	0.00535	0.00611	0.00917	0.01260	0.01681	0.03628	0.76434	0.04354	0.02062	0.00840	0.00267	0.00382	0.01872	0.00611	0.00535
2	0.68584	0.01248	0.01060	0.00916	0.01340	0.01393	0.00755	0.02145	0.01246	0.14518	0.01193	0.01262	0.00864	0.00645	0.00449	0.00204	0.00518	0.00407	0.00474	0.00780
3	0.06478	0.05577	0.01904	0.22743	0.02648	0.24681	0.01373	0.11985	0.09128	0.02185	0.01300	0.01538	0.01010	0.00722	0.00678	0.00199	0.04085	0.00527	0.00405	0.00833
4	0.00802	0.00573	0.00764	0.00917	0.00955	0.00535	0.00611	0.00917	0.01260	0.01681	0.03628	0.76434	0.04354	0.02062	0.00840	0.00267	0.00382	0.01872	0.00611	0.00535
5	0.00819	0.00585	0.00754	0.00883	0.00925	0.00547	0.00582	0.00923	0.01237	0.01639	0.03589	0.65026	0.07226	0.10573	0.01124	0.00308	0.00409	0.01745	0.00587	0.00520
6	0.06832	0.01330	0.01943	0.43042	0.14756	0.04996	0.01617	0.02053	0.01454	0.13689	0.01394	0.01743	0.01017	0.00671	0.00638	0.00209	0.00801	0.00575	0.00394	0.00847
7	0.01781	0.01686	0.02101	0.14253	0.32240	0.13986	0.01594	0.02341	0.11632	0.06631	0.01518	0.01763	0.01184	0.00679	0.00639	0.00198	0.00797	0.00587	0.03455	0.00934
8	0.16556	0.02047	0.01814	0.01766	0.11273	0.23801	0.01242	0.22641	0.04706	0.06150	0.01335	0.01440	0.01012	0.00702	0.00593	0.00191	0.00819	0.00507	0.00480	0.00925
9	0.09081	0.01619	0.01706	0.03248	0.01899	0.09480	0.05053	0.24599	0.13414	0.05591	0.04144	0.02430	0.03774	0.00885	0.00660	0.00207	0.00697	0.06603	0.00566	0.04343
10	0.01502	0.01237	0.01250	0.03428	0.01487	0.10986	0.00875	0.07148	0.03864	0.08001	0.02556	0.15473	0.08758	0.07845	0.07892	0.00321	0.00730	0.04699	0.00515	0.11435
11	0.02054	0.01697	0.01771	0.04189	0.01926	0.14294	0.03306	0.20648	0.07561	0.12399	0.03706	0.02138	0.04287	0.01091	0.04387	0.00254	0.10563	0.02289	0.00537	0.00904
12	0.07107	0.15764	0.15677	0.01605	0.06070	0.07320	0.01441	0.24525	0.01979	0.04723	0.03718	0.01518	0.01144	0.00721	0.00655	0.00192	0.03917	0.00523	0.00450	0.00951
13	0.30893	0.04224	0.03773	0.03810	0.01536	0.05479	0.00915	0.07943	0.01456	0.07320	0.03842	0.13143	0.01681	0.05502	0.00791	0.00235	0.03062	0.00718	0.00477	0.03199

[dist]
# distance from previous block
# <min> <max>
3	171

[block]
# block no. 1 follows, 33 sequences, length 31
# corresponding to MSA columns:
# 200-230
name=unknown_B
#
# <colnr> <probs for GDERKNQSTAVLIFYWHMCP>
#	G	D	E	R	K	N	Q	S	T	A	V	L	I	F	Y	W	H	M	C	P
0	0.07629	0.06615	0.01714	0.01417	0.05022	0.11519	0.03670	0.11542	0.04250	0.08806	0.01845	0.09688	0.03536	0.03240	0.00830	0.00213	0.06975	0.00712	0.05440	0.05337
1	0.01507	0.06261	0.22028	0.03959	0.01960	0.01311	0.01352	0.09672	0.03577	0.07085	0.14901	0.03852	0.02124	0.03633	0.00778	0.00207	0.02671	0.00682	0.00480	0.11961
2	0.01642	0.06505	0.22784	0.01482	0.02031	0.08820	0.04202	0.03522	0.13665	0.08814	0.01942	0.03781	0.03384	0.01022	0.04155	0.00245	0.00811	0.04357	0.03088	0.03750
3	0.01717	0.01227	0.01378	0.01164	0.01513	0.04106	0.00920	0.09974	0.14607	0.14706	0.11610	0.07578	0.09413	0.01039	0.00780	0.00204	0.05699	0.00840	0.00616	0.10909
4	0.01977	0.01437	0.01628	0.01307	0.01718	0.05844	0.04284	0.23760	0.08381	0.13162	0.01820	0.02121	0.01434	0.09426	0.06875	0.00305	0.00764	0.00641	0.02704	0.10412
5	0.04463	0.01435	0.01698	0.01301	0.01795	0.06657	0.08503	0.12999	0.01675	0.02386	0.01436	0.04237	0.01259	0.05164	0.00745	0.00180	0.00657	0.02535	0.00439	0.40436
6	0.01620	0.01660	0.01794	0.01487	0.04731	0.16249	0.08049	0.01997	0.05618	0.02023	0.01323	0.04215	0.01134	0.00652	0.00649	0.00152	0.04292	0.00529	0.00391	0.41435
7	0.01221	0.03846	0.06375	0.01015	0.01339	0.00891	0.00874	0.05351	0.01538	0.06208	0.05498	0.11697	0.22608	0.05979	0.00890	0.00243	0.00518	0.12441	0.00551	0.10917
8	0.01285	0.00937	0.01116	0.01045	0.01289	0.00903	0.00772	0.12097	0.05576	0.04929	0.02911	0.43766	0.05027	0.01488	0.00737	0.00223	0.00465	0.01312	0.00594	0.13525
9	0.01540	0.37197	0.04874	0.01086	0.01517	0.07573	0.00987	0.01773	0.01388	0.01759	0.04198	0.02184	0.03444	0.07829	0.00779	0.00202	0.00660	0.04394	0.06409	0.10208
10	0.01495	0.01554	0.02047	0.01736	0.01836	0.08965	0.06923	0.01685	0.01142	0.01623	0.01016	0.01568	0.00959	0.01472	0.09800	0.00355	0.54204	0.00592	0.00304	0.00723
11	0.00902	0.00683	0.00851	0.00924	0.01079	0.00631	0.00732	0.01128	0.01515	0.01951	0.14433	0.18930	0.27091	0.01744	0.00834	0.00256	0.00433	0.24677	0.00626	0.00579
12	0.02048	0.01593	0.01669	0.01351	0.01783	0.08113	0.01085	0.26647	0.11667	0.10576	0.01746	0.03885	0.01351	0.01001	0.04230	0.00230	0.05144	0.00612	0.00564	0.14705
13	0.01719	0.70343	0.10006	0.01197	0.01798	0.02504	0.01249	0.01982	0.01343	0.01599	0.00940	0.01087	0.00844	0.00569	0.00441	0.00147	0.00729	0.00365	0.00281	0.00857
14	0.01641	0.36891	0.35087	0.01492	0.02238	0.02035	0.01722	0.06283	0.01485	0.04016	0.01125	0.01274	0.00879	0.00613	0.00536	0.00177	0.00823	0.00437	0.00319	0.00928
15	0.01104	0.00740	0.00935	0.00981	0.01114	0.00714	0.00714	0.06743	0.01508	0.06177	0.07411	0.48070	0.08094	0.04690	0.00912	0.00270	0.00445	0.08130	0.00625	0.00625
16	0.01522	0.01446	0.02453	0.14183	0.58438	0.01486	0.01906	0.01903	0.01458	0.02054	0.01376	0.06254	0.01223	0.00688	0.00664	0.00203	0.00771	0.00665	0.00339	0.00966
17	0.01206	0.00984	0.01388	0.01244	0.01456	0.01032	0.08973	0.06682	0.13078	0.01999	0.02460	0.24752	0.02522	0.14251	0.14409	0.00452	0.00807	0.01102	0.00511	0.00692
18	0.01412	0.01482	0.07944	0.03138	0.50384	0.01322	0.01725	0.01768	0.01435	0.02036	0.01791	0.19037	0.01797	0.00934	0.00694	0.00213	0.00704	0.00878	0.00388	0.00919
19	0.00802	0.00573	0.00764	0.00917	0.00955	0.00535	0.00611	0.00917	0.01260	0.01681	0.03628	0.76434	0.04354	0.02062	0.00840	0.00267	0.00382	0.01872	0.00611	0.00535
20	0.00939	0.00648	0.00803	0.00817	0.00849	0.00672	0.00519	0.01005	0.01010	0.01374	0.02145	0.10631	0.02399	0.52799	0.19956	0.00703	0.00882	0.00983	0.00408	0.00456
21	0.69321	0.01249	0.01055	0.00913	0.01336	0.01398	0.00752	0.02133	0.01239	0.13858	0.01177	0.01251	0.00855	0.00643	0.00447	0.00204	0.00517	0.00404	0.00471	0.00776
22	0.01902	0.01395	0.01484	0.01249	0.01635	0.01552	0.00995	0.26938	0.30755	0.05352	0.02178	0.02138	0.01616	0.00828	0.00623	0.00199	0.00551	0.00661	0.16965	0.00985
23	0.01580	0.01539	0.02399	0.20235	0.49233	0.05011	0.01880	0.02062	0.05789	0.02054	0.01301	0.01688	0.01055	0.00626	0.00652	0.00202	0.00807	0.00588	0.00340	0.00957
24	0.01775	0.22377	0.02281	0.01691	0.10484	0.10164	0.01271	0.12032	0.07161	0.02172	0.03465	0.02054	0.01423	0.00993	0.03500	0.00232	0.09631	0.06008	0.00421	0.00866
25	0.00926	0.00723	0.00953	0.06573	0.03703	0.00696	0.00763	0.01146	0.01479	0.01945	0.19481	0.22218	0.21378	0.06224	0.00953	0.00263	0.00446	0.08949	0.00589	0.00591
26	0.04506	0.15633	0.14609	0.01341	0.05192	0.03764	0.01225	0.01924	0.01426	0.07067	0.01501	0.01783	0.03623	0.00658	0.00548	0.00156	0.00656	0.03092	0.00392	0.30903
27	0.08009	0.07438	0.01339	0.01056	0.01289	0.01082	0.04844	0.03944	0.05607	0.01947	0.02314	0.10818	0.07570	0.10752	0.21397	0.00491	0.00887	0.00851	0.07706	0.00658
28	0.09731	0.06277	0.04015	0.01696	0.11687	0.01585	0.05243	0.20667	0.10781	0.06628	0.01805	0.02108	0.03372	0.09092	0.00921	0.00248	0.00677	0.00647	0.01901	0.00919
29	0.06081	0.04477	0.09297	0.05402	0.10186	0.08741	0.01215	0.07230	0.03903	0.04547	0.10345	0.04653	0.08565	0.01316	0.07347	0.02533	0.00775	0.00740	0.01854	0.00792
30	0.01907	0.08066	0.01987	0.18430	0.07139	0.11804	0.01336	0.18963	0.05757	0.06266	0.01460	0.03622	0.01148	0.00724	0.00618	0.00188	0.00774	0.00574	0.00458	0.08782

[dist]
# distance from previous block
# <min> <max>
0	49

[block]
# block no. 2 follows, 33 sequences, length 15
# corresponding to MSA columns:
# 284-298
name=unknown_C
#
# <colnr> <probs for GDERKNQSTAVLIFYWHMCP>
#	G	D	E	R	K	N	Q	S	T	A	V	L	I	F	Y	W	H	M	C	P
0	0.01908	0.01633	0.01881	0.01553	0.03992	0.08916	0.08654	0.25023	0.11697	0.04626	0.08126	0.02178	0.01753	0.00808	0.00659	0.00192	0.00703	0.02703	0.02672	0.10322
1	0.14505	0.15324	0.01666	0.01152	0.01407	0.01489	0.00964	0.05678	0.01243	0.01937	0.01390	0.04072	0.01288	0.02563	0.31980	0.00567	0.11112	0.00593	0.00366	0.00705
2	0.18399	0.03804	0.01607	0.07931	0.01905	0.01325	0.05548	0.08143	0.08029	0.20204	0.05769	0.01959	0.01520	0.00745	0.00593	0.00196	0.00596	0.00601	0.05283	0.05843
3	0.00957	0.00638	0.00718	0.00718	0.00718	0.00638	0.00399	0.00957	0.00957	0.01276	0.02074	0.04308	0.02393	0.76864	0.03351	0.00638	0.00638	0.00957	0.00399	0.00399
4	0.10016	0.01181	0.01865	0.67149	0.04178	0.01464	0.01706	0.01710	0.01295	0.01821	0.01142	0.01680	0.00860	0.00653	0.00631	0.00218	0.00837	0.00560	0.00305	0.00729
5	0.00855	0.00639	0.00781	0.00809	0.00935	0.00579	0.00574	0.01051	0.01532	0.02047	0.30584	0.27234	0.21928	0.06244	0.00953	0.00256	0.00358	0.01435	0.00642	0.00565
6	0.00841	0.00611	0.00770	0.00848	0.00927	0.00565	0.00577	0.00987	0.01372	0.01833	0.17043	0.46411	0.12656	0.10052	0.01095	0.00291	0.00390	0.01583	0.00610	0.00539
7	0.00819	0.00658	0.00731	0.00736	0.00920	0.00570	0.00543	0.01016	0.01564	0.01982	0.22745	0.13953	0.48185	0.01632	0.00785	0.00224	0.00333	0.01395	0.00640	0.00570
8	0.02286	0.01071	0.01362	0.01102	0.01517	0.00990	0.00889	0.06070	0.08380	0.45434	0.13327	0.03044	0.09578	0.00987	0.00691	0.00208	0.00504	0.00819	0.00759	0.00981
9	0.01403	0.02826	0.48740	0.02195	0.03059	0.01577	0.26564	0.02093	0.01448	0.02093	0.01235	0.01527	0.00893	0.00600	0.00679	0.00213	0.01022	0.00590	0.00298	0.00943
10	0.01349	0.08279	0.68833	0.01827	0.02773	0.01600	0.02346	0.02077	0.01386	0.02049	0.01164	0.01368	0.00835	0.00621	0.00612	0.00204	0.00955	0.00478	0.00278	0.00964
11	0.01502	0.01162	0.01343	0.01241	0.01519	0.03830	0.03597	0.02465	0.34174	0.09523	0.02895	0.28640	0.02722	0.01279	0.00731	0.00235	0.00523	0.01126	0.00639	0.00854
12	0.57381	0.01474	0.05575	0.01016	0.01460	0.05804	0.00883	0.02162	0.01304	0.13224	0.01230	0.01317	0.00898	0.00652	0.00472	0.00200	0.00580	0.00423	0.03158	0.00789
13	0.01488	0.01856	0.12130	0.08926	0.10777	0.01672	0.37925	0.01980	0.01424	0.01994	0.01218	0.01658	0.00952	0.00667	0.00943	0.00227	0.12299	0.00672	0.00315	0.00877
14	0.00991	0.00745	0.01052	0.09181	0.01558	0.00758	0.00974	0.01252	0.01442	0.01885	0.06870	0.25055	0.07260	0.01726	0.00850	0.00275	0.00547	0.36400	0.00579	0.00599

[dist]
# distance from previous block
# <min> <max>
0	1

[block]
# block no. 3 follows, 33 sequences, length 15
# corresponding to MSA columns:
# 300-314
name=unknown_D
#
# <colnr> <probs for GDERKNQSTAVLIFYWHMCP>
#	G	D	E	R	K	N	Q	S	T	A	V	L	I	F	Y	W	H	M	C	P
0	0.01906	0.01382	0.01429	0.01180	0.01507	0.04892	0.00951	0.34280	0.02186	0.03148	0.01724	0.01900	0.01313	0.00804	0.00695	0.00186	0.06521	0.00592	0.32534	0.00869
1	0.01220	0.01130	0.01857	0.57498	0.10222	0.01340	0.01654	0.01624	0.01388	0.01804	0.06972	0.02330	0.06723	0.00780	0.00676	0.00217	0.00785	0.00692	0.00352	0.00738
2	0.02122	0.12770	0.02044	0.01541	0.01887	0.45035	0.03594	0.05846	0.01726	0.01821	0.01146	0.01368	0.00958	0.00797	0.02259	0.00195	0.06372	0.00469	0.07273	0.00777
3	0.02390	0.02832	0.01892	0.01673	0.02013	0.58816	0.01282	0.12027	0.01974	0.01963	0.01085	0.01261	0.00887	0.00729	0.00718	0.00182	0.06627	0.00459	0.00380	0.00810
4	0.01002	0.00781	0.01117	0.01083	0.01169	0.00935	0.00829	0.01189	0.01036	0.01495	0.01706	0.02723	0.01672	0.15845	0.54555	0.00901	0.10306	0.00730	0.00352	0.00574
5	0.01553	0.01611	0.02655	0.29392	0.15308	0.07336	0.23105	0.03853	0.04843	0.02004	0.01302	0.01724	0.01001	0.00630	0.00690	0.00212	0.00937	0.00640	0.00342	0.00860
6	0.00962	0.06812	0.01016	0.00809	0.00987	0.00764	0.00609	0.01187	0.01604	0.02156	0.40692	0.08548	0.19328	0.10429	0.01060	0.00260	0.00390	0.01173	0.00620	0.00594
7	0.01350	0.00856	0.01026	0.00912	0.01153	0.00809	0.00694	0.09060	0.01819	0.12304	0.31455	0.07769	0.19002	0.07663	0.00967	0.00248	0.00427	0.01106	0.00673	0.00709
8	0.00870	0.00621	0.00793	0.00904	0.00966	0.00590	0.00630	0.00995	0.01258	0.01653	0.03535	0.46616	0.09051	0.16544	0.01334	0.00342	0.00462	0.11747	0.00569	0.00521
9	0.01722	0.70878	0.09499	0.01191	0.01790	0.02512	0.01239	0.01981	0.01342	0.01595	0.00938	0.01085	0.00844	0.00569	0.00440	0.00147	0.00727	0.00364	0.00281	0.00856
10	0.01127	0.00917	0.01264	0.01188	0.01296	0.01134	0.00938	0.01460	0.06409	0.01688	0.01667	0.02375	0.01528	0.06292	0.44519	0.00742	0.18270	0.00683	0.05859	0.00647
11	0.07935	0.01481	0.01510	0.01258	0.01643	0.04932	0.01005	0.31344	0.16640	0.03272	0.15449	0.02395	0.02273	0.00899	0.00651	0.00202	0.00586	0.00715	0.04878	0.00933
12	0.05434	0.01306	0.01359	0.01207	0.01477	0.05240	0.00928	0.11851	0.26825	0.02457	0.04980	0.02550	0.01882	0.13424	0.08219	0.00363	0.05291	0.00721	0.03665	0.00822
13	0.05397	0.01231	0.01433	0.01125	0.01603	0.01158	0.00909	0.12640	0.09807	0.25285	0.04199	0.02313	0.07631	0.00814	0.00619	0.00179	0.00533	0.00654	0.00627	0.21844
14	0.04732	0.01751	0.05943	0.23217	0.28450	0.09981	0.10577	0.03881	0.01521	0.02035	0.01200	0.01597	0.00947	0.00622	0.00652	0.00204	0.00895	0.00578	0.00329	0.00889

[dist]
# distance from previous block
# <min> <max>
0	10

[block]
# block no. 4 follows, 33 sequences, length 26
# corresponding to MSA columns:
# 329-354
name=unknown_E
#
# <colnr> <probs for GDERKNQSTAVLIFYWHMCP>
#	G	D	E	R	K	N	Q	S	T	A	V	L	I	F	Y	W	H	M	C	P
0	0.37997	0.01478	0.01317	0.01133	0.01478	0.08061	0.00899	0.17768	0.01619	0.02766	0.01256	0.01668	0.01069	0.09357	0.05372	0.00303	0.04723	0.00517	0.00449	0.00770
1	0.11883	0.01752	0.01847	0.01486	0.01914	0.07836	0.04280	0.34614	0.10852	0.03160	0.01481	0.01578	0.01118	0.00788	0.00787	0.00206	0.08981	0.00566	0.00536	0.04335
2	0.10384	0.09346	0.01937	0.03251	0.03623	0.16223	0.04241	0.14610	0.06986	0.16319	0.01570	0.01614	0.01152	0.00787	0.01976	0.00204	0.00780	0.00538	0.00515	0.03944
3	0.09228	0.00801	0.00943	0.00989	0.01194	0.00792	0.00806	0.01404	0.04059	0.04658	0.06191	0.12873	0.21754	0.01672	0.02641	0.00277	0.00516	0.27976	0.00595	0.00632
4	0.11224	0.22277	0.20622	0.01381	0.01990	0.01722	0.03197	0.07249	0.04148	0.13247	0.01532	0.01840	0.01202	0.00732	0.00577	0.00195	0.00727	0.04778	0.00442	0.00919
5	0.01540	0.01756	0.07521	0.05445	0.19777	0.03710	0.26502	0.01944	0.01384	0.01948	0.01160	0.01609	0.00954	0.00733	0.01095	0.00231	0.20857	0.00641	0.00314	0.00877
6	0.00797	0.00673	0.00693	0.00703	0.00920	0.00569	0.00537	0.00972	0.01502	0.01791	0.06461	0.06407	0.67991	0.01677	0.00787	0.00228	0.00351	0.05773	0.00611	0.00559
7	0.01485	0.01284	0.01831	0.45315	0.03413	0.01423	0.01484	0.13335	0.01629	0.02209	0.01240	0.01634	0.00941	0.00640	0.00618	0.00187	0.00760	0.00540	0.00377	0.19653
8	0.01328	0.01106	0.01426	0.01165	0.01542	0.03560	0.06689	0.01652	0.04094	0.05615	0.10394	0.19564	0.02462	0.01021	0.00689	0.00178	0.02334	0.00900	0.00505	0.33776
9	0.02375	0.02512	0.01856	0.01595	0.01999	0.42108	0.01238	0.24789	0.10598	0.02572	0.01399	0.01467	0.01075	0.00740	0.00624	0.00185	0.00957	0.00517	0.00482	0.00912
10	0.01320	0.03405	0.73453	0.01876	0.02849	0.01529	0.02432	0.02085	0.01390	0.02085	0.01181	0.01390	0.00834	0.00625	0.00625	0.00208	0.00973	0.00486	0.00278	0.00973
11	0.00811	0.00580	0.00772	0.00910	0.00957	0.00541	0.00612	0.00940	0.01304	0.01750	0.08615	0.71249	0.04489	0.02011	0.00836	0.00263	0.00377	0.01822	0.00619	0.00541
12	0.01566	0.01500	0.02558	0.15699	0.61592	0.01548	0.01989	0.01965	0.01469	0.02074	0.01227	0.01650	0.01016	0.00598	0.00653	0.00199	0.00798	0.00586	0.00320	0.00992
13	0.01481	0.11146	0.45588	0.01999	0.02822	0.05293	0.18429	0.02105	0.01447	0.02008	0.01180	0.01435	0.00875	0.00604	0.00638	0.00202	0.00987	0.00538	0.00295	0.00928
14	0.00940	0.00705	0.01058	0.01058	0.01176	0.00823	0.00823	0.01176	0.01058	0.01528	0.01763	0.02586	0.01646	0.04937	0.74255	0.01058	0.01763	0.00705	0.00353	0.00588
15	0.00865	0.00713	0.00773	0.00795	0.01010	0.00636	0.00626	0.01124	0.04272	0.01853	0.05918	0.06386	0.56896	0.01665	0.00798	0.00237	0.00392	0.13844	0.00613	0.00584
16	0.00957	0.00638	0.00718	0.00718	0.00718	0.00638	0.00399	0.00957	0.00957	0.01276	0.02074	0.04308	0.02393	0.76864	0.03351	0.00638	0.00638	0.00957	0.00399	0.00399
17	0.72366	0.01198	0.00927	0.00837	0.01215	0.01378	0.00684	0.01889	0.01150	0.02897	0.01057	0.01227	0.00824	0.00629	0.00413	0.00198	0.00486	0.00386	0.09536	0.00702
18	0.02503	0.01844	0.01976	0.01515	0.02042	0.02042	0.01251	0.70562	0.03095	0.04149	0.01581	0.01581	0.01120	0.00790	0.00659	0.00198	0.00724	0.00593	0.00659	0.01120
19	0.01361	0.01060	0.01259	0.00997	0.01457	0.00856	0.00791	0.04080	0.01461	0.05661	0.02054	0.10942	0.05954	0.00873	0.00594	0.00150	0.00487	0.05886	0.00477	0.53601
20	0.00899	0.00664	0.00814	0.00786	0.00933	0.00607	0.00571	0.01138	0.01665	0.02275	0.48539	0.07736	0.19175	0.10042	0.01072	0.00261	0.00355	0.01229	0.00660	0.00579
21	0.01251	0.01170	0.01936	0.70582	0.04346	0.01426	0.01762	0.01680	0.01319	0.01711	0.01170	0.01730	0.00884	0.00647	0.00647	0.00212	0.00853	0.00573	0.00299	0.05801
22	0.02017	0.01257	0.01457	0.01222	0.01605	0.01307	0.00969	0.20862	0.17614	0.21306	0.08748	0.11967	0.04599	0.01059	0.00699	0.00215	0.00544	0.00886	0.00700	0.00966
23	0.01799	0.01407	0.01649	0.01675	0.11933	0.04280	0.01184	0.26108	0.07778	0.06029	0.05235	0.03416	0.10623	0.01076	0.00720	0.00221	0.00643	0.12723	0.00593	0.00909
24	0.01847	0.45719	0.09843	0.01331	0.01878	0.12374	0.01274	0.06596	0.09925	0.01919	0.01209	0.01308	0.01001	0.00639	0.00511	0.00165	0.00778	0.00438	0.00360	0.00887
25	0.01727	0.01381	0.01640	0.19386	0.02356	0.06005	0.01219	0.24849	0.01936	0.05604	0.01755	0.11332	0.01543	0.01457	0.10556	0.00321	0.00868	0.00752	0.00495	0.04821

[dist]
# distance from previous block
# <min> <max>
0	3

[block]
# block no. 5 follows, 33 sequences, length 24
# corresponding to MSA columns:
# 358-381
name=unknown_F
#
# <colnr> <probs for GDERKNQSTAVLIFYWHMCP>
#	G	D	E	R	K	N	Q	S	T	A	V	L	I	F	Y	W	H	M	C	P
0	0.01615	0.01297	0.03947	0.01280	0.01580	0.03810	0.04425	0.10777	0.14558	0.08658	0.02415	0.13871	0.05544	0.01073	0.00841	0.00219	0.09282	0.00869	0.13108	0.00830
1	0.01632	0.01809	0.08521	0.09204	0.17998	0.01658	0.36912	0.09795	0.01683	0.02309	0.01315	0.01692	0.00999	0.00603	0.00715	0.00212	0.00966	0.00677	0.00361	0.00940
2	0.12267	0.01863	0.03715	0.01356	0.01790	0.14570	0.01113	0.35009	0.06029	0.03195	0.04956	0.01724	0.01356	0.00774	0.00604	0.00192	0.00720	0.00569	0.07270	0.00929
3	0.01829	0.51068	0.11370	0.01319	0.01891	0.11096	0.01302	0.06124	0.05261	0.01835	0.01092	0.01217	0.00922	0.00615	0.00494	0.00160	0.00786	0.00412	0.00331	0.00877
4	0.01629	0.01564	0.02672	0.04041	0.72757	0.01564	0.02020	0.02020	0.01499	0.02151	0.01238	0.01629	0.01043	0.00587	0.00652	0.00196	0.00782	0.00587	0.00326	0.01043
5	0.00882	0.00640	0.00713	0.00730	0.00808	0.00600	0.00463	0.00956	0.01187	0.01519	0.05669	0.13976	0.24217	0.42327	0.02176	0.00452	0.00504	0.01211	0.00500	0.00470
6	0.01338	0.01267	0.02146	0.57815	0.21261	0.01488	0.01875	0.01765	0.01361	0.01797	0.01187	0.01724	0.00918	0.00641	0.00657	0.00214	0.00854	0.00585	0.00301	0.00808
7	0.01326	0.01081	0.01178	0.01093	0.01331	0.03498	0.00822	0.07276	0.25793	0.02537	0.26124	0.14879	0.03706	0.05272	0.00872	0.00243	0.00472	0.01061	0.00653	0.00783
8	0.00963	0.00765	0.00833	0.00792	0.01015	0.00698	0.00599	0.07123	0.01699	0.02158	0.19589	0.10490	0.47799	0.01551	0.00772	0.00220	0.00366	0.01312	0.00639	0.00617
9	0.01613	0.01299	0.01738	0.08005	0.10487	0.01155	0.03675	0.08225	0.01582	0.07384	0.01325	0.01529	0.01036	0.00568	0.00561	0.00142	0.00608	0.00483	0.00427	0.48159
10	0.09320	0.07860	0.01891	0.01541	0.01928	0.49718	0.01198	0.11286	0.05644	0.02112	0.01163	0.01286	0.00933	0.00690	0.00578	0.00177	0.00999	0.00452	0.00400	0.00825
11	0.02556	0.01522	0.01760	0.01377	0.01872	0.01587	0.01142	0.42843	0.02574	0.27496	0.02059	0.02211	0.01478	0.00870	0.00677	0.00207	0.00660	0.05317	0.00708	0.01084
12	0.23512	0.15768	0.12551	0.13002	0.04270	0.17155	0.01373	0.02074	0.01400	0.02063	0.01026	0.01263	0.00819	0.00626	0.00528	0.00188	0.00823	0.00432	0.00331	0.00798
13	0.00963	0.00701	0.00878	0.00902	0.01022	0.00681	0.00654	0.04362	0.01491	0.02009	0.20870	0.27397	0.11479	0.11789	0.06244	0.00350	0.00522	0.06514	0.00596	0.00578
14	0.00913	0.00705	0.00844	0.00864	0.01026	0.00662	0.00643	0.01242	0.06479	0.02114	0.26623	0.22626	0.24937	0.01615	0.00794	0.00234	0.00370	0.06046	0.00652	0.00609
15	0.00867	0.00637	0.00824	0.00922	0.01027	0.00593	0.00681	0.01056	0.01438	0.01900	0.14836	0.41989	0.14525	0.01846	0.00834	0.00258	0.00406	0.14169	0.00628	0.00565
16	0.00857	0.00660	0.00763	0.00753	0.00916	0.00588	0.00547	0.01063	0.01581	0.02071	0.32314	0.10459	0.35090	0.08208	0.01009	0.00256	0.00355	0.01305	0.00638	0.00567
17	0.01599	0.01354	0.01444	0.01308	0.01665	0.01545	0.01028	0.06511	0.60060	0.02722	0.02869	0.02941	0.05405	0.00989	0.00691	0.00228	0.00528	0.05458	0.00662	0.00993
18	0.01243	0.01170	0.01975	0.75282	0.04534	0.01463	0.01828	0.01682	0.01316	0.01682	0.01170	0.01755	0.00878	0.00658	0.00658	0.00219	0.00878	0.00585	0.00293	0.00731
19	0.00954	0.00773	0.00836	0.00801	0.01026	0.00717	0.00605	0.04464	0.06794	0.02125	0.18856	0.09292	0.47315	0.01527	0.00767	0.00221	0.00364	0.01291	0.00640	0.00630
20	0.00957	0.00638	0.00718	0.00718	0.00718	0.00638	0.00399	0.00957	0.00957	0.01276	0.02074	0.04308	0.02393	0.76864	0.03351	0.00638	0.00638	0.00957	0.00399	0.00399
21	0.01078	0.00873	0.01218	0.03120	0.01347	0.01021	0.00898	0.01365	0.04387	0.01617	0.01661	0.02485	0.01564	0.10587	0.47583	0.00789	0.11168	0.00689	0.00364	0.06186
22	0.01540	0.01020	0.01140	0.01054	0.01262	0.05930	0.00774	0.03844	0.09117	0.15571	0.05802	0.16062	0.02459	0.17425	0.10959	0.03082	0.00734	0.00959	0.00556	0.00711
23	0.08843	0.05894	0.11654	0.01559	0.06306	0.16697	0.01299	0.12079	0.11116	0.02420	0.01589	0.01759	0.03382	0.00728	0.00595	0.00185	0.00768	0.01848	0.00443	0.10838

[dist]
# distance from previous block
# <min> <max>
1	7

[block]
# block no. 6 follows, 33 sequences, length 43
# corresponding to MSA columns:
# 398-440
name=unknown_G
#
# <colnr> <probs for GDERKNQSTAVLIFYWHMCP>
#	G	D	E	R	K	N	Q	S	T	A	V	L	I	F	Y	W	H	M	C	P
0	0.05129	0.01580	0.01775	0.07032	0.04545	0.12155	0.08371	0.17724	0.03767	0.02433	0.01950	0.05432	0.07625	0.03264	0.00803	0.03254	0.00738	0.00699	0.02780	0.08943
1	0.05884	0.09293	0.01767	0.04239	0.07437	0.07428	0.01105	0.12320	0.08971	0.08638	0.01776	0.01966	0.03814	0.01510	0.14152	0.00345	0.00882	0.00596	0.00475	0.07403
2	0.02003	0.05731	0.01983	0.05363	0.02133	0.44171	0.08200	0.02397	0.08957	0.01789	0.01519	0.09877	0.01380	0.00838	0.00644	0.00193	0.00982	0.00661	0.00399	0.00781
3	0.01260	0.01188	0.02006	0.72101	0.07580	0.01467	0.01837	0.01697	0.01325	0.01703	0.01173	0.01750	0.00885	0.00655	0.00658	0.00218	0.00873	0.00585	0.00294	0.00745
4	0.00819	0.00614	0.00724	0.00802	0.00895	0.00558	0.00540	0.00933	0.01291	0.01648	0.04383	0.41664	0.26557	0.13966	0.01224	0.00312	0.00407	0.01565	0.00577	0.00520
5	0.02836	0.01186	0.01553	0.01204	0.01705	0.01080	0.00990	0.07439	0.06712	0.64090	0.02539	0.02214	0.01624	0.00819	0.00662	0.00205	0.00568	0.00663	0.00795	0.01115
6	0.00834	0.00673	0.00745	0.00739	0.00939	0.00584	0.00562	0.01047	0.01600	0.02022	0.24313	0.06008	0.50995	0.01588	0.00784	0.00222	0.00341	0.04785	0.00642	0.00576
7	0.01979	0.01417	0.01449	0.01187	0.01562	0.03957	0.00954	0.38430	0.07818	0.03350	0.01849	0.01947	0.01382	0.00786	0.00587	0.00183	0.00576	0.00606	0.29060	0.00921
8	0.00903	0.00590	0.00731	0.00834	0.00904	0.00559	0.00567	0.01061	0.01299	0.01861	0.05483	0.53440	0.05645	0.04939	0.00863	0.00256	0.00373	0.01530	0.17614	0.00549
9	0.01360	0.00741	0.00755	0.00707	0.00899	0.00762	0.00542	0.08707	0.01559	0.02630	0.02089	0.02364	0.01628	0.00769	0.00481	0.00158	0.00350	0.00611	0.72220	0.00666
10	0.00848	0.00646	0.00781	0.00808	0.00954	0.00579	0.00589	0.01057	0.01568	0.02070	0.29664	0.24763	0.28166	0.01661	0.00798	0.00231	0.00346	0.03244	0.00652	0.00575
11	0.01501	0.01257	0.01437	0.01057	0.01620	0.01052	0.00847	0.08840	0.06627	0.02394	0.01321	0.01466	0.01065	0.00548	0.00518	0.00117	0.00514	0.00436	0.00438	0.66945
12	0.01738	0.10756	0.20496	0.03740	0.19922	0.13009	0.01721	0.04704	0.07339	0.04233	0.01376	0.01677	0.01105	0.00699	0.00661	0.00197	0.02922	0.02397	0.00372	0.00937
13	0.01434	0.09767	0.03564	0.01214	0.04478	0.04439	0.04366	0.09086	0.01560	0.04703	0.02752	0.03174	0.18258	0.14341	0.03748	0.00294	0.00661	0.00803	0.02308	0.09052
14	0.00874	0.00619	0.00812	0.00886	0.00938	0.00617	0.00597	0.00995	0.01195	0.01625	0.07905	0.40736	0.03537	0.20789	0.14269	0.00492	0.00681	0.01395	0.00522	0.00517
15	0.00959	0.00645	0.00815	0.00901	0.00983	0.00609	0.00609	0.01130	0.03659	0.05360	0.03566	0.55855	0.08826	0.11429	0.01140	0.00306	0.00425	0.01620	0.00597	0.00566
16	0.01523	0.01298	0.01546	0.01192	0.01703	0.01198	0.04111	0.08075	0.19493	0.02493	0.04633	0.01833	0.01476	0.00657	0.00575	0.00149	0.00538	0.00550	0.00496	0.46461
17	0.01299	0.00782	0.00993	0.00885	0.01119	0.00712	0.00682	0.03539	0.01854	0.14504	0.49777	0.04558	0.14140	0.01283	0.00754	0.00208	0.00368	0.01110	0.00723	0.00711
18	0.00824	0.00639	0.00751	0.00787	0.00934	0.00565	0.00566	0.01010	0.01515	0.01963	0.22162	0.28266	0.34235	0.01712	0.00797	0.00233	0.00343	0.01493	0.00640	0.00565
19	0.02068	0.01450	0.01604	0.01317	0.01760	0.01559	0.01063	0.26678	0.27560	0.12989	0.02186	0.02223	0.01624	0.00846	0.00652	0.00203	0.00589	0.03073	0.04066	0.06491
20	0.01320	0.03405	0.73453	0.01876	0.02849	0.01529	0.02432	0.02085	0.01390	0.02085	0.01181	0.01390	0.00834	0.00625	0.00625	0.00208	0.00973	0.00486	0.00278	0.00973
21	0.05132	0.00937	0.01074	0.00945	0.01229	0.00926	0.00745	0.10935	0.03769	0.14335	0.18213	0.06446	0.12279	0.01111	0.00666	0.00203	0.00437	0.03194	0.16652	0.00772
22	0.01144	0.00572	0.00858	0.00858	0.00858	0.00572	0.00572	0.00858	0.00858	0.01144	0.01144	0.02001	0.01144	0.02287	0.02573	0.80846	0.00572	0.00572	0.00286	0.00286
23	0.04468	0.06999	0.03786	0.04235	0.05124	0.03820	0.06001	0.36650	0.06175	0.03138	0.01446	0.01553	0.01083	0.00696	0.00616	0.00183	0.00725	0.00554	0.00520	0.12226
24	0.01497	0.09307	0.02366	0.07510	0.02249	0.03519	0.21664	0.03234	0.01370	0.05042	0.01432	0.01979	0.01213	0.06422	0.10194	0.00347	0.12094	0.00658	0.07139	0.00764
25	0.00922	0.00719	0.00820	0.00782	0.00983	0.00649	0.00589	0.04170	0.01720	0.02252	0.34632	0.07707	0.38666	0.01502	0.00774	0.00216	0.00343	0.01283	0.00662	0.00608
26	0.02249	0.01798	0.02054	0.01658	0.04028	0.04379	0.06662	0.49080	0.15064	0.03600	0.01728	0.01740	0.01257	0.00781	0.00667	0.00203	0.00736	0.00628	0.00615	0.01073
27	0.03939	0.01478	0.02018	0.20148	0.06413	0.07164	0.10979	0.12965	0.04204	0.04125	0.01708	0.05194	0.03694	0.01052	0.04998	0.00260	0.02965	0.02321	0.00432	0.03939
28	0.01162	0.00623	0.00895	0.00886	0.00910	0.00633	0.00601	0.03245	0.00961	0.01286	0.01311	0.04975	0.01329	0.04843	0.05348	0.69074	0.00620	0.00641	0.00318	0.00340
29	0.00859	0.00595	0.00770	0.00885	0.00918	0.00568	0.00584	0.00943	0.01192	0.01588	0.03201	0.55189	0.03795	0.18282	0.01447	0.03090	0.00454	0.04586	0.00554	0.00500
30	0.01790	0.59434	0.03013	0.01202	0.01718	0.07586	0.01123	0.02270	0.12955	0.01752	0.01213	0.01296	0.01037	0.00626	0.00476	0.00156	0.00709	0.00422	0.00350	0.00871
31	0.01431	0.08119	0.27434	0.05185	0.02830	0.04171	0.28349	0.01970	0.01440	0.01967	0.01400	0.06540	0.01170	0.00884	0.03970	0.00249	0.01005	0.00692	0.00328	0.00866
32	0.01409	0.00956	0.01000	0.00909	0.01165	0.01019	0.00704	0.09702	0.18780	0.02657	0.06228	0.02887	0.09343	0.00924	0.00583	0.00185	0.00409	0.00754	0.39617	0.00770
33	0.01512	0.01928	0.11622	0.06411	0.03430	0.01639	0.59182	0.02084	0.01523	0.02084	0.01307	0.01731	0.00974	0.00568	0.00754	0.00220	0.01082	0.00734	0.00325	0.00889
34	0.09366	0.14472	0.07800	0.12589	0.14510	0.11200	0.01437	0.02297	0.03707	0.14576	0.01396	0.01556	0.01046	0.00661	0.00584	0.00190	0.00779	0.00514	0.00416	0.00905
35	0.01035	0.00803	0.00936	0.00930	0.01127	0.00785	0.00711	0.06422	0.06777	0.02141	0.14349	0.19857	0.27775	0.01747	0.04199	0.00275	0.00478	0.08385	0.00623	0.00646
36	0.00946	0.00662	0.00812	0.00864	0.00999	0.00604	0.00613	0.01155	0.03376	0.05545	0.13105	0.42880	0.22453	0.01770	0.00802	0.00243	0.00373	0.01564	0.00638	0.00595
37	0.01245	0.00944	0.03227	0.01036	0.01262	0.00885	0.00800	0.06989	0.11442	0.07676	0.06429	0.36113	0.14462	0.01558	0.00771	0.00240	0.00455	0.03112	0.00633	0.00720
38	0.09401	0.04387	0.01726	0.04822	0.09362	0.08851	0.01138	0.15055	0.07174	0.13717	0.08442	0.01957	0.01651	0.00761	0.00615	0.00188	0.00659	0.00603	0.00541	0.08950
39	0.00988	0.00785	0.01026	0.00981	0.01163	0.00761	0.04914	0.01309	0.06762	0.01866	0.07842	0.15115	0.24329	0.12729	0.05922	0.00349	0.00566	0.08336	0.03657	0.00601
40	0.00867	0.00648	0.00798	0.00879	0.00988	0.00606	0.00621	0.01080	0.04500	0.01819	0.09687	0.45209	0.20426	0.01858	0.00881	0.03297	0.00387	0.04275	0.00610	0.00563
41	0.01794	0.06047	0.11195	0.07367	0.09911	0.07373	0.01349	0.11065	0.05751	0.13097	0.06394	0.12041	0.01909	0.00931	0.00668	0.00207	0.00703	0.00781	0.00517	0.00901
42	0.05526	0.03553	0.09665	0.13488	0.24651	0.10414	0.01603	0.05673	0.01597	0.11181	0.01497	0.01787	0.02456	0.03265	0.00722	0.00213	0.00808	0.00578	0.00408	0.00916

[dist]
# distance from previous block
# <min> <max>
0	56

[block]
# block no. 7 follows, 33 sequences, length 9
# corresponding to MSA columns:
# 498-506
name=unknown_H
#
# <colnr> <probs for GDERKNQSTAVLIFYWHMCP>
#	G	D	E	R	K	N	Q	S	T	A	V	L	I	F	Y	W	H	M	C	P
0	0.07582	0.16692	0.06939	0.01192	0.01596	0.04196	0.01059	0.11331	0.06763	0.07617	0.05474	0.06944	0.09458	0.00950	0.00708	0.00200	0.05521	0.00726	0.04220	0.00833
1	0.25773	0.01442	0.01581	0.04858	0.11162	0.06837	0.02998	0.09744	0.03841	0.06542	0.01576	0.01758	0.04311	0.00914	0.04026	0.00235	0.02560	0.00550	0.03039	0.06252
2	0.00877	0.00639	0.00802	0.00861	0.00944	0.00603	0.00580	0.00997	0.01226	0.01645	0.05879	0.41441	0.09934	0.18814	0.07581	0.00402	0.00553	0.01430	0.00536	0.04256
3	0.01096	0.00882	0.01336	0.01243	0.01424	0.00860	0.10463	0.08794	0.01505	0.02014	0.03080	0.57678	0.03526	0.01710	0.00811	0.00253	0.00522	0.01576	0.00577	0.00649
4	0.01668	0.01666	0.01491	0.01173	0.01668	0.19322	0.00916	0.05141	0.01602	0.02135	0.05371	0.01541	0.01260	0.00601	0.00539	0.00127	0.00664	0.00456	0.00410	0.52248
5	0.01380	0.01215	0.01543	0.09634	0.10744	0.05743	0.03027	0.05723	0.03875	0.04371	0.06875	0.06515	0.17752	0.01137	0.00811	0.00220	0.05418	0.08184	0.00499	0.05333
6	0.01798	0.43939	0.06507	0.01253	0.01703	0.20173	0.01132	0.02000	0.01419	0.01556	0.01118	0.01563	0.01062	0.11295	0.00887	0.00221	0.00830	0.00462	0.00312	0.00769
7	0.01040	0.00667	0.00867	0.00900	0.01026	0.00630	0.00650	0.01176	0.01340	0.07407	0.08735	0.31935	0.15605	0.06435	0.09182	0.06233	0.00574	0.04452	0.00571	0.00575
8	0.08013	0.04254	0.09000	0.19345	0.25019	0.09093	0.06198	0.04730	0.01517	0.02090	0.01375	0.01705	0.03528	0.00663	0.00631	0.00201	0.00843	0.00576	0.00344	0.00878

[dist]
# distance from previous block
# <min> <max>
0	3

[block]
# block no. 8 follows, 33 sequences, length 80
# corresponding to MSA columns:
# 510-589
name=unknown_I
#
# <colnr> <probs for GDERKNQSTAVLIFYWHMCP>
#	G	D	E	R	K	N	Q	S	T	A	V	L	I	F	Y	W	H	M	C	P
0	0.01689	0.01465	0.04177	0.09291	0.11275	0.01609	0.09281	0.09039	0.06187	0.08982	0.03173	0.01841	0.01258	0.00923	0.02524	0.00245	0.21647	0.00639	0.03874	0.00880
1	0.01527	0.12287	0.01551	0.01119	0.01360	0.09605	0.00877	0.07197	0.01419	0.07031	0.03858	0.02534	0.01687	0.19510	0.23059	0.00545	0.03046	0.00679	0.00420	0.00689
2	0.01577	0.01228	0.01431	0.03403	0.01650	0.01135	0.00898	0.12785	0.04859	0.04551	0.03733	0.01714	0.01297	0.00654	0.00614	0.00144	0.03855	0.00509	0.08444	0.45520
3	0.01589	0.03592	0.02180	0.02283	0.24267	0.01355	0.12030	0.07242	0.05956	0.07009	0.12327	0.02601	0.04322	0.00957	0.02996	0.00230	0.00722	0.03301	0.00487	0.04556
4	0.01437	0.14187	0.39214	0.01699	0.02416	0.03571	0.09366	0.04657	0.01488	0.02042	0.03495	0.01920	0.07433	0.00747	0.00685	0.00202	0.03607	0.00603	0.00343	0.00888
5	0.01268	0.00834	0.00954	0.00874	0.01093	0.00817	0.00656	0.06100	0.07919	0.07927	0.22365	0.06943	0.17121	0.09336	0.00983	0.00251	0.00418	0.01026	0.12425	0.00690
6	0.09355	0.29418	0.29047	0.01614	0.02326	0.01912	0.11424	0.02069	0.01384	0.04268	0.01127	0.01321	0.00875	0.00598	0.00554	0.00185	0.00838	0.00473	0.00317	0.00894
7	0.01951	0.01408	0.01713	0.10470	0.12427	0.05964	0.01220	0.20125	0.01998	0.15686	0.06799	0.02489	0.08437	0.03056	0.00745	0.00214	0.00670	0.00720	0.02993	0.00916
8	0.00889	0.00686	0.00760	0.00763	0.00972	0.00595	0.00587	0.01087	0.01551	0.03968	0.14451	0.08545	0.53092	0.01630	0.00789	0.00229	0.00365	0.07824	0.00631	0.00585
9	0.00832	0.00648	0.00748	0.00765	0.00923	0.00572	0.00553	0.01021	0.01530	0.01976	0.23897	0.20563	0.37459	0.04419	0.00885	0.00243	0.00349	0.01420	0.00635	0.00564
10	0.01721	0.01761	0.02694	0.03503	0.02554	0.09508	0.31994	0.11932	0.06339	0.02259	0.01460	0.04205	0.01214	0.04042	0.01040	0.00242	0.11545	0.00721	0.00408	0.00859
11	0.01626	0.03287	0.01634	0.01715	0.15184	0.01368	0.01123	0.17598	0.15581	0.04921	0.04628	0.15468	0.07556	0.01074	0.00690	0.00214	0.00569	0.00923	0.03944	0.00899
12	0.00844	0.00599	0.00751	0.00848	0.00893	0.00565	0.00552	0.00941	0.01225	0.01626	0.06173	0.51233	0.08421	0.20427	0.01452	0.00353	0.00439	0.01588	0.00563	0.00506
13	0.01467	0.01546	0.05476	0.03993	0.08179	0.03554	0.32571	0.01947	0.04414	0.04055	0.01463	0.01932	0.01187	0.01624	0.17443	0.00411	0.06851	0.00699	0.00359	0.00829
14	0.01607	0.01546	0.02042	0.23670	0.25497	0.08918	0.01602	0.04364	0.14218	0.02129	0.01498	0.01801	0.01176	0.00703	0.00685	0.00206	0.02891	0.00599	0.03950	0.00898
15	0.01441	0.01431	0.01827	0.13961	0.23726	0.12062	0.01425	0.01728	0.01438	0.01852	0.04922	0.13654	0.01888	0.01301	0.06483	0.00284	0.05751	0.03650	0.00396	0.00779
16	0.00838	0.00612	0.00789	0.00865	0.00957	0.00563	0.00603	0.01016	0.01464	0.01976	0.24396	0.48041	0.11828	0.01809	0.00815	0.00245	0.00356	0.01620	0.00645	0.00563
17	0.00823	0.00659	0.00741	0.00782	0.00958	0.00578	0.00588	0.01005	0.01483	0.01842	0.10500	0.19493	0.47786	0.01734	0.00803	0.00238	0.00369	0.08437	0.00619	0.00562
18	0.01357	0.01142	0.01327	0.00984	0.01517	0.00895	0.00780	0.04642	0.01440	0.02190	0.01551	0.06478	0.03826	0.00647	0.00529	0.00118	0.00485	0.00533	0.00425	0.69133
19	0.02847	0.00809	0.00827	0.00791	0.00996	0.03753	0.00585	0.01462	0.01387	0.02225	0.05036	0.18233	0.02281	0.01021	0.00563	0.00174	0.00391	0.00861	0.43385	0.12375
20	0.00849	0.00609	0.00776	0.00884	0.00945	0.00573	0.00603	0.00972	0.01276	0.01685	0.06342	0.51291	0.09647	0.13739	0.01232	0.00322	0.00432	0.06716	0.00582	0.00524
21	0.01573	0.01433	0.05097	0.34547	0.07865	0.01556	0.07784	0.11979	0.01611	0.05011	0.01342	0.01742	0.01016	0.00726	0.00807	0.00216	0.08467	0.00603	0.05783	0.00840
22	0.15571	0.01721	0.01791	0.01394	0.01900	0.01906	0.01151	0.56563	0.02721	0.06683	0.01511	0.01522	0.01073	0.00762	0.00617	0.00199	0.00682	0.00556	0.00623	0.01052
23	0.01130	0.00917	0.01156	0.01126	0.01261	0.01036	0.00867	0.04084	0.10270	0.01915	0.04926	0.21055	0.09883	0.07565	0.10639	0.00389	0.12314	0.08283	0.00524	0.00659
24	0.01705	0.01304	0.01416	0.01244	0.01549	0.04220	0.00971	0.25362	0.14181	0.04895	0.05295	0.13503	0.02276	0.07325	0.07368	0.00328	0.00712	0.04896	0.00599	0.00852
25	0.03662	0.10472	0.56247	0.01730	0.02586	0.01621	0.03940	0.05145	0.01464	0.02138	0.01401	0.01575	0.03866	0.00668	0.00611	0.00202	0.00898	0.00520	0.00315	0.00940
26	0.01017	0.00852	0.00894	0.00842	0.01103	0.00808	0.00640	0.03971	0.13486	0.02079	0.08387	0.08269	0.49352	0.01462	0.00747	0.00218	0.00386	0.01225	0.00620	0.03639
27	0.01378	0.01215	0.01520	0.01104	0.01655	0.00987	0.03913	0.01673	0.01350	0.02107	0.01157	0.01388	0.00969	0.00534	0.00610	0.00116	0.05443	0.00419	0.00381	0.72081
28	0.01243	0.01170	0.01975	0.75282	0.04534	0.01463	0.01828	0.01682	0.01316	0.01682	0.01170	0.01755	0.00878	0.00658	0.00658	0.00219	0.00878	0.00585	0.00293	0.00731
29	0.00809	0.00581	0.00770	0.00918	0.00966	0.00542	0.00622	0.00931	0.01276	0.01693	0.03714	0.72191	0.06361	0.02043	0.00841	0.00267	0.00388	0.03938	0.00611	0.00538
30	0.00936	0.00637	0.00736	0.00761	0.00781	0.00628	0.00457	0.00970	0.01041	0.01376	0.02514	0.12872	0.05697	0.61650	0.02841	0.00563	0.00594	0.04073	0.00442	0.00431
31	0.00811	0.00587	0.00769	0.00911	0.00967	0.00546	0.00622	0.00938	0.01288	0.01700	0.03842	0.68467	0.09250	0.02024	0.00839	0.00266	0.00388	0.04635	0.00611	0.00539
32	0.00960	0.00691	0.00989	0.00989	0.01094	0.00787	0.00749	0.01171	0.01065	0.01554	0.01825	0.02790	0.01740	0.13527	0.61024	0.00951	0.01536	0.00731	0.05259	0.00566
33	0.01365	0.01170	0.01365	0.00975	0.01560	0.00878	0.00780	0.01658	0.01365	0.02145	0.01170	0.01365	0.00975	0.00488	0.00488	0.00098	0.00488	0.00390	0.00390	0.80888
34	0.01622	0.04403	0.27070	0.03689	0.02244	0.07487	0.03739	0.10021	0.06862	0.04711	0.01703	0.02077	0.03847	0.00794	0.00708	0.00202	0.04125	0.04797	0.00422	0.09477
35	0.01870	0.25245	0.02228	0.01406	0.03155	0.16567	0.01149	0.08477	0.21945	0.02179	0.03436	0.01706	0.01377	0.00871	0.02762	0.00210	0.03521	0.00547	0.00454	0.00895
36	0.01710	0.07229	0.01534	0.01179	0.01462	0.07910	0.00919	0.25129	0.01857	0.02456	0.01705	0.04736	0.01572	0.18564	0.10775	0.00403	0.02794	0.00699	0.06602	0.00767
37	0.01329	0.01199	0.01623	0.01689	0.13406	0.05069	0.07792	0.07218	0.01643	0.02161	0.09840	0.06266	0.17293	0.03282	0.04349	0.00265	0.00680	0.08557	0.00504	0.05834
38	0.05035	0.21243	0.18818	0.04568	0.09288	0.04827	0.03275	0.06377	0.01516	0.05328	0.01242	0.01481	0.00990	0.02467	0.00623	0.00186	0.00765	0.00486	0.02618	0.08869
39	0.00953	0.00654	0.00798	0.00798	0.00825	0.00682	0.00498	0.01009	0.00981	0.01336	0.02001	0.03904	0.02218	0.59976	0.19999	0.00737	0.00902	0.00898	0.00388	0.00443
40	0.01001	0.00736	0.00886	0.00860	0.01047	0.00691	0.00646	0.01375	0.07341	0.04504	0.37639	0.13340	0.22623	0.01472	0.00776	0.00222	0.00358	0.03160	0.00677	0.00644
41	0.03757	0.10760	0.21475	0.06575	0.08878	0.03839	0.01616	0.10093	0.11865	0.02323	0.04203	0.01706	0.01276	0.00756	0.00764	0.00207	0.08003	0.00568	0.00409	0.00925
42	0.01879	0.01354	0.01447	0.01238	0.01605	0.04273	0.00976	0.16670	0.29470	0.12333	0.11070	0.04897	0.02307	0.00938	0.00667	0.00208	0.00548	0.00772	0.06390	0.00958
43	0.01144	0.00572	0.00858	0.00858	0.00858	0.00572	0.00572	0.00858	0.00858	0.01144	0.01144	0.02001	0.01144	0.02287	0.02573	0.80846	0.00572	0.00572	0.00286	0.00286
44	0.00941	0.00644	0.00756	0.00760	0.00789	0.00644	0.00461	0.00991	0.01056	0.01419	0.06690	0.07571	0.05260	0.60111	0.08728	0.00613	0.00686	0.01009	0.00433	0.00440
45	0.01524	0.01500	0.02512	0.19695	0.46534	0.03556	0.07719	0.01924	0.01473	0.02011	0.01453	0.01856	0.04005	0.00648	0.00668	0.00204	0.00824	0.00632	0.00331	0.00931
46	0.10998	0.39262	0.16235	0.01271	0.01847	0.02034	0.01311	0.08534	0.01464	0.02065	0.01115	0.01325	0.00934	0.01038	0.07838	0.00258	0.00840	0.00437	0.00339	0.00855
47	0.00923	0.00664	0.00787	0.00756	0.00930	0.00602	0.00567	0.01192	0.01702	0.02371	0.45143	0.05027	0.24630	0.01368	0.00739	0.00205	0.00317	0.01178	0.10298	0.00602
48	0.01025	0.00716	0.00795	0.00780	0.00817	0.00738	0.00463	0.01210	0.07991	0.01424	0.02135	0.04124	0.02355	0.69296	0.03084	0.00597	0.00627	0.00936	0.00426	0.00463
49	0.04726	0.02458	0.02038	0.01873	0.07522	0.40988	0.04775	0.15700	0.01948	0.02213	0.01141	0.01351	0.00921	0.00735	0.00779	0.00193	0.08885	0.00501	0.00397	0.00855
50	0.01144	0.00572	0.00858	0.00858	0.00858	0.00572	0.00572	0.00858	0.00858	0.01144	0.01144	0.02001	0.01144	0.02287	0.02573	0.80846	0.00572	0.00572	0.00286	0.00286
51	0.00805	0.00630	0.00732	0.00809	0.00945	0.00558	0.00581	0.00956	0.01395	0.01746	0.05135	0.37599	0.38273	0.01852	0.00813	0.00247	0.00370	0.05393	0.00611	0.00549
52	0.03488	0.06269	0.68741	0.01820	0.02761	0.01570	0.02335	0.02076	0.01381	0.02087	0.01164	0.01368	0.00831	0.00623	0.00612	0.00206	0.00950	0.00478	0.00282	0.00961
53	0.00806	0.00648	0.00718	0.00743	0.00917	0.00561	0.00541	0.00983	0.01503	0.01884	0.15672	0.20801	0.48510	0.01703	0.00791	0.00229	0.00340	0.01461	0.00628	0.00561
