[name]
unknown

[dist]
# distance from previous block
# <min> <max>
1	25

[block]
# block no. 0 follows, 30 sequences, length 20
# corresponding to MSA columns:
# 25-44
name=unknown_A
#
# <colnr> <probs for GDERKNQSTAVLIFYWHMCP>
#	G	D	E	R	K	N	Q	S	T	A	V	L	I	F	Y	W	H	M	C	P
0	0.01788	0.39032	0.17287	0.01421	0.02011	0.10549	0.01436	0.05887	0.01581	0.01926	0.01360	0.07296	0.01271	0.03606	0.00682	0.00202	0.00838	0.00580	0.00361	0.00886
1	0.00925	0.00820	0.04564	0.00880	0.01019	0.00665	0.00644	0.01061	0.01316	0.01698	0.04136	0.28319	0.23376	0.25414	0.01710	0.00392	0.00510	0.01444	0.00557	0.00552
2	0.02087	0.05805	0.01839	0.01386	0.01901	0.14020	0.01112	0.17802	0.14004	0.06296	0.01656	0.01700	0.01266	0.00724	0.00618	0.00173	0.00727	0.00548	0.00538	0.25800
3	0.31053	0.14288	0.01864	0.01645	0.14383	0.06291	0.01110	0.01963	0.01449	0.02455	0.07172	0.05628	0.03701	0.00813	0.00567	0.00201	0.00645	0.00619	0.00433	0.03720
4	0.01784	0.46374	0.25137	0.01504	0.02239	0.02269	0.03780	0.02207	0.01476	0.05847	0.01176	0.01328	0.00945	0.00633	0.00542	0.00179	0.00842	0.00451	0.00331	0.00957
5	0.00865	0.00627	0.00818	0.00943	0.01011	0.00579	0.00641	0.01015	0.01429	0.01909	0.12019	0.62166	0.09263	0.02068	0.00878	0.00273	0.00392	0.01864	0.00662	0.00579
6	0.06939	0.10116	0.01832	0.01219	0.01760	0.01261	0.01032	0.03175	0.01887	0.59744	0.02449	0.02162	0.01578	0.00821	0.00658	0.00208	0.00609	0.00646	0.00774	0.01131
7	0.02429	0.18524	0.08457	0.04574	0.02171	0.05969	0.01357	0.24507	0.02218	0.20596	0.01704	0.01697	0.01206	0.00762	0.00636	0.00198	0.00777	0.00569	0.00579	0.01069
8	0.02930	0.01137	0.01548	0.01218	0.01714	0.00985	0.00992	0.03187	0.01939	0.65460	0.02849	0.08770	0.01982	0.00980	0.00718	0.00222	0.00577	0.00815	0.00845	0.01133
9	0.00975	0.00715	0.00925	0.00946	0.01102	0.00665	0.00729	0.01257	0.01775	0.02422	0.41814	0.15393	0.13284	0.01663	0.00859	0.00249	0.00400	0.13478	0.00715	0.00635
10	0.01339	0.01262	0.02132	0.70169	0.08268	0.01556	0.01949	0.01802	0.01405	0.01809	0.01244	0.01854	0.00939	0.00694	0.00697	0.00231	0.00925	0.00620	0.00312	0.00792
11	0.01744	0.01708	0.02758	0.07759	0.64734	0.04712	0.02097	0.02151	0.01596	0.02230	0.01299	0.01714	0.01087	0.00630	0.00689	0.00207	0.00853	0.00614	0.00344	0.01076
12	0.02653	0.01955	0.02094	0.01606	0.02164	0.02164	0.01326	0.68796	0.03281	0.04398	0.01675	0.01675	0.01187	0.00838	0.00698	0.00209	0.00768	0.00628	0.00698	0.01187
13	0.01145	0.00606	0.00891	0.00921	0.00928	0.00599	0.00614	0.00921	0.00988	0.01318	0.01701	0.15650	0.01844	0.02380	0.02386	0.64960	0.00569	0.00862	0.00367	0.00352
14	0.02653	0.01955	0.02094	0.01606	0.02164	0.02164	0.01326	0.68796	0.03281	0.04398	0.01675	0.01675	0.01187	0.00838	0.00698	0.00209	0.00768	0.00628	0.00698	0.01187
15	0.01426	0.05805	0.54267	0.01824	0.02649	0.01593	0.02210	0.02088	0.01417	0.04007	0.01334	0.01639	0.01012	0.01247	0.09333	0.00331	0.05984	0.00549	0.00321	0.00964
16	0.01987	0.15295	0.02135	0.01297	0.01894	0.01623	0.03523	0.19062	0.01965	0.08779	0.01440	0.01542	0.01109	0.00646	0.00578	0.00154	0.00654	0.00501	0.00502	0.35315
17	0.04260	0.01495	0.02868	0.02245	0.06152	0.01421	0.38612	0.03682	0.01624	0.08248	0.06004	0.07284	0.01863	0.09686	0.01119	0.00286	0.00914	0.00910	0.00461	0.00867
18	0.01479	0.19845	0.18607	0.03591	0.01926	0.06096	0.01332	0.01898	0.03751	0.02008	0.06144	0.10681	0.01917	0.05874	0.00819	0.00226	0.00731	0.00745	0.04932	0.07398
19	0.07202	0.01961	0.07867	0.05240	0.02078	0.15732	0.01286	0.10706	0.17994	0.07067	0.03839	0.02459	0.03712	0.00907	0.00683	0.00217	0.00777	0.05072	0.00553	0.04649

[dist]
# distance from previous block
# <min> <max>
1	67

[block]
# block no. 1 follows, 30 sequences, length 15
# corresponding to MSA columns:
# 112-126
name=unknown_B
#
# <colnr> <probs for GDERKNQSTAVLIFYWHMCP>
#	G	D	E	R	K	N	Q	S	T	A	V	L	I	F	Y	W	H	M	C	P
0	0.11181	0.10777	0.15572	0.01338	0.01821	0.03530	0.01267	0.08249	0.13991	0.02412	0.02011	0.06251	0.04315	0.07729	0.06357	0.00324	0.00803	0.00720	0.00477	0.00875
1	0.11498	0.04813	0.11224	0.05445	0.02062	0.07545	0.09547	0.03829	0.04830	0.02343	0.12102	0.07350	0.12532	0.01041	0.00707	0.00222	0.00720	0.00886	0.00499	0.00806
2	0.08879	0.24017	0.06114	0.04197	0.01926	0.15485	0.01225	0.04788	0.01593	0.10199	0.01436	0.04123	0.01237	0.06071	0.00900	0.00231	0.05722	0.00570	0.00425	0.00862
3	0.02653	0.01955	0.02094	0.01606	0.02164	0.02164	0.01326	0.68796	0.03281	0.04398	0.01675	0.01675	0.01187	0.00838	0.00698	0.00209	0.00768	0.00628	0.00698	0.01187
4	0.01447	0.01240	0.01447	0.01034	0.01654	0.00930	0.00827	0.01757	0.01447	0.02274	0.01240	0.01447	0.01034	0.00517	0.00517	0.00103	0.00517	0.00413	0.00413	0.79742
5	0.00897	0.00746	0.00790	0.00787	0.01017	0.00656	0.00601	0.01173	0.04500	0.02035	0.13357	0.06450	0.57543	0.01706	0.00827	0.00239	0.00375	0.05016	0.00663	0.00621
6	0.55465	0.01687	0.07456	0.01171	0.01684	0.01709	0.01047	0.17555	0.01698	0.03345	0.01159	0.01289	0.00867	0.00693	0.00514	0.00215	0.00636	0.00448	0.00482	0.00880
7	0.01807	0.01534	0.01618	0.01434	0.01842	0.01769	0.01122	0.08746	0.64709	0.03034	0.02750	0.02532	0.02057	0.00938	0.00709	0.00235	0.00569	0.00777	0.00709	0.01111
8	0.01523	0.01190	0.01396	0.01021	0.01602	0.00908	0.00816	0.01818	0.01502	0.07606	0.01866	0.01979	0.07180	0.00653	0.00558	0.00124	0.00508	0.00528	0.00469	0.66753
9	0.04052	0.01425	0.07755	0.10063	0.04794	0.01281	0.06204	0.04692	0.14805	0.02414	0.09745	0.05317	0.14329	0.01026	0.00719	0.00217	0.00638	0.00888	0.00538	0.09099
10	0.10285	0.12754	0.08076	0.01287	0.01749	0.13437	0.01131	0.04903	0.11074	0.04961	0.08546	0.02319	0.06562	0.00862	0.00619	0.00195	0.00703	0.00656	0.04090	0.05789
11	0.09658	0.03858	0.08219	0.10182	0.02213	0.07567	0.01341	0.13824	0.07986	0.06032	0.02153	0.04845	0.07446	0.00987	0.00840	0.00231	0.07896	0.03315	0.00510	0.00896
12	0.02007	0.01851	0.07960	0.01519	0.02051	0.06241	0.04319	0.27790	0.10164	0.04984	0.01917	0.02024	0.04013	0.01190	0.06963	0.00278	0.00854	0.00648	0.00559	0.12668
13	0.01597	0.01496	0.10154	0.03332	0.06506	0.01249	0.06156	0.12051	0.03897	0.07907	0.04412	0.16486	0.04605	0.06416	0.04209	0.00296	0.00743	0.00966	0.00539	0.06984
14	0.10916	0.04527	0.15395	0.04742	0.02130	0.05655	0.05058	0.13093	0.01770	0.05156	0.01746	0.02122	0.03896	0.03483	0.03590	0.00255	0.00816	0.02475	0.05396	0.07780

[dist]
# distance from previous block
# <min> <max>
6	124

[block]
# block no. 2 follows, 30 sequences, length 21
# corresponding to MSA columns:
# 253-273
name=unknown_C
#
# <colnr> <probs for GDERKNQSTAVLIFYWHMCP>
#	G	D	E	R	K	N	Q	S	T	A	V	L	I	F	Y	W	H	M	C	P
0	0.02040	0.10920	0.20310	0.01638	0.02251	0.16263	0.03011	0.18640	0.03893	0.04307	0.01566	0.01701	0.03379	0.00821	0.00726	0.03244	0.00905	0.00565	0.00450	0.03371
1	0.21158	0.04374	0.01702	0.06179	0.07293	0.12608	0.01152	0.10452	0.03333	0.11478	0.01769	0.05799	0.03605	0.00831	0.00618	0.00206	0.00727	0.00633	0.00514	0.05569
2	0.15588	0.05969	0.07252	0.06178	0.05029	0.10299	0.01275	0.17331	0.06119	0.06202	0.05140	0.01950	0.01467	0.04775	0.02338	0.00253	0.00795	0.00609	0.00508	0.00923
3	0.04958	0.06780	0.11394	0.01751	0.06099	0.12379	0.06519	0.11731	0.07411	0.06394	0.05967	0.01862	0.01485	0.00768	0.00704	0.00200	0.03059	0.00609	0.00483	0.09446
4	0.13697	0.21663	0.14784	0.03998	0.02478	0.09514	0.16222	0.02284	0.03604	0.03913	0.01238	0.01465	0.00968	0.00648	0.00607	0.00201	0.00909	0.00534	0.00364	0.00909
5	0.03504	0.13048	0.20888	0.04074	0.05565	0.05408	0.13195	0.06177	0.03586	0.06338	0.05251	0.02005	0.03293	0.02432	0.00736	0.00218	0.00876	0.00650	0.00423	0.02333
6	0.07522	0.04309	0.08972	0.01448	0.01930	0.01469	0.09770	0.15461	0.07748	0.02591	0.02105	0.02610	0.06999	0.14426	0.01194	0.00291	0.00734	0.00744	0.00495	0.09184
7	0.01754	0.01504	0.06032	0.01459	0.01980	0.03613	0.11345	0.08371	0.05804	0.11073	0.07452	0.02448	0.06196	0.00955	0.02909	0.00217	0.00715	0.00719	0.04672	0.20781
8	0.06842	0.54756	0.05298	0.04984	0.01929	0.02367	0.01208	0.02111	0.04794	0.01898	0.03434	0.01398	0.01146	0.00648	0.00496	0.00164	0.00716	0.00443	0.00350	0.05017
9	0.09067	0.00809	0.01112	0.01101	0.01257	0.00943	0.00860	0.01328	0.01128	0.01773	0.01778	0.02578	0.01644	0.04768	0.65365	0.01029	0.01734	0.00710	0.00380	0.00637
10	0.01524	0.01642	0.03338	0.18353	0.03619	0.01686	0.44795	0.02032	0.01517	0.02057	0.01369	0.01908	0.01065	0.00957	0.05547	0.00297	0.06322	0.00759	0.00341	0.00871
11	0.01091	0.00961	0.01033	0.04852	0.01366	0.07971	0.00794	0.01250	0.01421	0.01810	0.03378	0.56465	0.06222	0.01836	0.00827	0.00257	0.00524	0.01637	0.00586	0.05722
12	0.01054	0.00687	0.00902	0.04653	0.01092	0.00685	0.00618	0.01072	0.01222	0.01644	0.13645	0.11389	0.05607	0.29153	0.02343	0.21672	0.00572	0.01046	0.00475	0.00470
13	0.01778	0.02347	0.17685	0.03064	0.36153	0.13569	0.02028	0.02207	0.01564	0.02095	0.01211	0.01569	0.00999	0.00721	0.00872	0.00218	0.10023	0.00568	0.00332	0.00997
14	0.01454	0.01427	0.02122	0.26869	0.02867	0.01933	0.01670	0.01715	0.01182	0.01715	0.01029	0.01643	0.00921	0.01039	0.01736	0.00280	0.48709	0.00614	0.00307	0.00767
15	0.01482	0.01462	0.02075	0.06572	0.01995	0.02024	0.01516	0.01661	0.01093	0.01683	0.00993	0.01620	0.00966	0.01422	0.06312	0.00348	0.65091	0.00619	0.00310	0.00756
16	0.06326	0.00858	0.01176	0.05267	0.01474	0.00993	0.00921	0.01462	0.05196	0.01820	0.02106	0.02787	0.05320	0.04234	0.55748	0.00912	0.01569	0.00757	0.00408	0.00667
17	0.07092	0.01815	0.01938	0.01518	0.02037	0.03829	0.01247	0.48865	0.06419	0.13355	0.01808	0.01775	0.01271	0.00844	0.00727	0.00214	0.02798	0.00627	0.00686	0.01136
18	0.01267	0.10345	0.01346	0.01046	0.01282	0.04852	0.00799	0.08854	0.01666	0.02082	0.03937	0.35770	0.20858	0.01648	0.00783	0.00240	0.00520	0.01415	0.00595	0.00696
19	0.08128	0.05721	0.01801	0.01382	0.01833	0.01626	0.04120	0.18088	0.22743	0.11481	0.06755	0.06504	0.02038	0.00941	0.00686	0.00218	0.00621	0.00775	0.00654	0.03885
20	0.06841	0.18652	0.33272	0.01934	0.08439	0.01854	0.07075	0.05650	0.01590	0.02305	0.05194	0.01652	0.01253	0.00691	0.00627	0.00204	0.00876	0.00557	0.00362	0.00970

[dist]
# distance from previous block
# <min> <max>
2	11

[block]
# block no. 3 follows, 30 sequences, length 15
# corresponding to MSA columns:
# 285-299
name=unknown_D
#
# <colnr> <probs for GDERKNQSTAVLIFYWHMCP>
#	G	D	E	R	K	N	Q	S	T	A	V	L	I	F	Y	W	H	M	C	P
0	0.06320	0.17837	0.33007	0.01741	0.05235	0.10941	0.01816	0.02401	0.01583	0.11021	0.01352	0.01481	0.00999	0.00680	0.00608	0.00199	0.00910	0.00499	0.00387	0.00983
1	0.19268	0.04635	0.13347	0.01475	0.02077	0.04321	0.01374	0.32086	0.02289	0.10455	0.01519	0.01563	0.01079	0.00758	0.00624	0.00210	0.00761	0.00548	0.00565	0.01045
2	0.01127	0.01024	0.00977	0.00978	0.01150	0.09899	0.00712	0.01333	0.01673	0.02098	0.24723	0.21110	0.22012	0.05122	0.00947	0.00258	0.00497	0.03096	0.00637	0.00627
3	0.02022	0.01648	0.01636	0.01412	0.01782	0.10680	0.01115	0.28167	0.11061	0.05976	0.07603	0.11902	0.02343	0.01327	0.04154	0.00269	0.00760	0.04551	0.00644	0.00949
4	0.01711	0.38405	0.24198	0.10836	0.02585	0.07796	0.01726	0.02142	0.01476	0.01839	0.01100	0.01334	0.00897	0.00640	0.00560	0.00184	0.00898	0.00455	0.00304	0.00915
5	0.01172	0.00771	0.00895	0.00829	0.01082	0.00667	0.00634	0.01409	0.01763	0.11148	0.26320	0.05689	0.41955	0.01545	0.00808	0.00228	0.00377	0.01308	0.00713	0.00688
6	0.01149	0.00815	0.01016	0.01066	0.01197	0.00812	0.00780	0.09768	0.01596	0.02109	0.03507	0.44541	0.08087	0.04447	0.01096	0.06139	0.00504	0.10118	0.00621	0.00634
7	0.14077	0.04048	0.01978	0.04499	0.02108	0.21984	0.11354	0.02326	0.10410	0.02252	0.06639	0.08680	0.01818	0.00922	0.00743	0.00220	0.03900	0.00752	0.00465	0.00825
8	0.20050	0.35497	0.15087	0.01344	0.01961	0.07391	0.01362	0.06498	0.01537	0.02273	0.01075	0.01233	0.00880	0.00645	0.00512	0.00184	0.00789	0.00422	0.00359	0.00900
9	0.01158	0.00803	0.01000	0.01039	0.01154	0.00802	0.00739	0.09734	0.01536	0.02038	0.03235	0.43652	0.06413	0.07407	0.01301	0.10542	0.00511	0.05735	0.00593	0.00608
10	0.01919	0.35243	0.16741	0.01593	0.02254	0.05244	0.06457	0.14016	0.06178	0.02369	0.01307	0.01445	0.01036	0.00679	0.00587	0.00187	0.00848	0.00509	0.00401	0.00987
11	0.01190	0.00876	0.01024	0.00984	0.01157	0.00843	0.00685	0.09806	0.01529	0.02063	0.03067	0.33487	0.07989	0.21761	0.01545	0.00358	0.00534	0.01338	0.00568	0.09197
12	0.30594	0.11751	0.06367	0.01301	0.01841	0.04041	0.01157	0.23715	0.02006	0.09214	0.01375	0.01440	0.01011	0.00724	0.00564	0.00204	0.00699	0.00497	0.00526	0.00970
13	0.18978	0.03931	0.07181	0.01528	0.04283	0.09866	0.01264	0.24624	0.12347	0.03190	0.03278	0.01705	0.01300	0.00779	0.00624	0.00208	0.00747	0.00573	0.00545	0.03050
14	0.14058	0.01608	0.01952	0.01815	0.11114	0.06820	0.07243	0.15128	0.01853	0.08690	0.01496	0.01726	0.01159	0.01177	0.08445	0.00293	0.00879	0.00578	0.00488	0.13478

[dist]
# distance from previous block
# <min> <max>
3	227

[block]
# block no. 4 follows, 30 sequences, length 35
# corresponding to MSA columns:
# 527-561
name=unknown_E
#
# <colnr> <probs for GDERKNQSTAVLIFYWHMCP>
#	G	D	E	R	K	N	Q	S	T	A	V	L	I	F	Y	W	H	M	C	P
0	0.01706	0.03862	0.02014	0.03932	0.08553	0.04144	0.10872	0.08755	0.07128	0.09385	0.06478	0.12728	0.05635	0.01159	0.00835	0.00240	0.03658	0.07460	0.00568	0.00887
1	0.09190	0.01608	0.01714	0.06744	0.04945	0.09532	0.04036	0.05239	0.24539	0.02537	0.04122	0.02101	0.01607	0.03679	0.00756	0.00217	0.00697	0.00642	0.00519	0.15574
2	0.01642	0.01211	0.01696	0.01440	0.01806	0.01231	0.10724	0.02518	0.24843	0.13039	0.09966	0.13490	0.07387	0.01213	0.00783	0.00243	0.00597	0.04585	0.00671	0.00913
3	0.01330	0.01240	0.02032	0.66898	0.04507	0.01492	0.01833	0.01780	0.01400	0.01830	0.01240	0.01821	0.00940	0.00681	0.00681	0.00220	0.00891	0.00601	0.00320	0.08264
4	0.01348	0.01271	0.02147	0.68755	0.09617	0.01558	0.01953	0.01809	0.01409	0.01819	0.01246	0.01851	0.00943	0.00692	0.00697	0.00231	0.00923	0.00620	0.00313	0.00799
5	0.32036	0.01650	0.01735	0.07118	0.06416	0.01857	0.01209	0.34020	0.02232	0.03580	0.01351	0.01487	0.00998	0.00741	0.00596	0.00214	0.00698	0.00532	0.00545	0.00986
6	0.02653	0.01955	0.02094	0.01606	0.02164	0.02164	0.01326	0.68796	0.03281	0.04398	0.01675	0.01675	0.01187	0.00838	0.00698	0.00209	0.00768	0.00628	0.00698	0.01187
7	0.01014	0.00818	0.00866	0.00828	0.01073	0.00743	0.00626	0.07456	0.01764	0.02195	0.11847	0.11539	0.53373	0.01683	0.00818	0.00236	0.00395	0.01415	0.00663	0.00650
8	0.01517	0.02391	0.27604	0.02535	0.07159	0.01628	0.36615	0.02154	0.01606	0.02270	0.06381	0.01971	0.01401	0.00677	0.00759	0.00227	0.01044	0.00735	0.00362	0.00962
9	0.01690	0.48589	0.29421	0.01494	0.02255	0.02330	0.01717	0.02135	0.01439	0.01856	0.01077	0.01253	0.00891	0.00622	0.00529	0.00176	0.00854	0.00427	0.00297	0.00947
10	0.01181	0.00758	0.00985	0.00902	0.01107	0.00689	0.00686	0.01496	0.01955	0.09270	0.60605	0.05031	0.09858	0.01393	0.00812	0.00220	0.00356	0.01221	0.00770	0.00705
11	0.01692	0.01662	0.03077	0.02302	0.02828	0.01660	0.40960	0.14241	0.01862	0.02525	0.01838	0.14051	0.01669	0.00938	0.00897	0.00243	0.05210	0.00969	0.00463	0.00913
12	0.01543	0.01048	0.01689	0.16241	0.19214	0.01095	0.01292	0.01625	0.01278	0.08266	0.01389	0.01996	0.01179	0.01486	0.01626	0.36639	0.00725	0.00622	0.00368	0.00680
13	0.00924	0.00716	0.00845	0.00827	0.01022	0.00636	0.00629	0.01186	0.01785	0.02357	0.38956	0.06026	0.34586	0.01605	0.00832	0.00232	0.00358	0.05141	0.00708	0.00627
14	0.01318	0.01240	0.02093	0.73798	0.04806	0.01550	0.01938	0.01783	0.01395	0.01783	0.01240	0.01860	0.00930	0.00698	0.00698	0.00233	0.00930	0.00620	0.00310	0.00775
15	0.01581	0.01732	0.03441	0.02557	0.03043	0.01815	0.47528	0.02031	0.01477	0.02065	0.01380	0.04870	0.01170	0.00827	0.01224	0.00256	0.20957	0.00815	0.00352	0.00877
16	0.00977	0.00607	0.00845	0.00950	0.00976	0.00581	0.00633	0.00950	0.01186	0.01581	0.02921	0.49417	0.03420	0.02270	0.01536	0.28174	0.00476	0.01500	0.00527	0.00474
17	0.00850	0.00607	0.00810	0.00972	0.01012	0.00567	0.00648	0.00972	0.01336	0.01781	0.03846	0.75020	0.04615	0.02186	0.00891	0.00283	0.00405	0.01984	0.00648	0.00567
18	0.02607	0.03326	0.01978	0.01798	0.02157	0.72674	0.01348	0.02787	0.01978	0.01708	0.01079	0.01258	0.00899	0.00719	0.00629	0.00180	0.01258	0.00449	0.00360	0.00809
19	0.01447	0.01240	0.01447	0.01034	0.01654	0.00930	0.00827	0.01757	0.01447	0.02274	0.01240	0.01447	0.01034	0.00517	0.00517	0.00103	0.00517	0.00413	0.00413	0.79742
20	0.01318	0.01240	0.02093	0.73798	0.04806	0.01550	0.01938	0.01783	0.01395	0.01783	0.01240	0.01860	0.00930	0.00698	0.00698	0.00233	0.00930	0.00620	0.00310	0.00775
21	0.02653	0.01955	0.02094	0.01606	0.02164	0.02164	0.01326	0.68796	0.03281	0.04398	0.01675	0.01675	0.01187	0.00838	0.00698	0.00209	0.00768	0.00628	0.00698	0.01187
22	0.02653	0.01955	0.02094	0.01606	0.02164	0.02164	0.01326	0.68796	0.03281	0.04398	0.01675	0.01675	0.01187	0.00838	0.00698	0.00209	0.00768	0.00628	0.00698	0.01187
23	0.01015	0.00677	0.00761	0.00761	0.00761	0.00677	0.00423	0.01015	0.01015	0.01353	0.02199	0.04567	0.02537	0.75476	0.03552	0.00677	0.00677	0.01015	0.00423	0.00423
24	0.02653	0.01955	0.02094	0.01606	0.02164	0.02164	0.01326	0.68796	0.03281	0.04398	0.01675	0.01675	0.01187	0.00838	0.00698	0.00209	0.00768	0.00628	0.00698	0.01187
25	0.65643	0.01319	0.01139	0.00980	0.01432	0.01462	0.00807	0.02309	0.01342	0.16212	0.01312	0.01371	0.00941	0.00689	0.00483	0.00216	0.00550	0.00440	0.00514	0.00838
26	0.02175	0.01161	0.01471	0.04801	0.01737	0.01124	0.00982	0.11176	0.06009	0.31749	0.19312	0.03145	0.04798	0.03797	0.00836	0.00232	0.00560	0.00856	0.00746	0.03331
27	0.02562	0.01901	0.02045	0.01562	0.02126	0.02071	0.01289	0.63739	0.03143	0.04238	0.01643	0.01658	0.01175	0.00813	0.00684	0.00201	0.00749	0.00612	0.00677	0.07113
28	0.06526	0.01508	0.01989	0.01681	0.04629	0.01596	0.10873	0.18962	0.19914	0.09338	0.07246	0.06000	0.02108	0.00964	0.00733	0.00230	0.00689	0.03364	0.00638	0.01012
29	0.02255	0.12163	0.08853	0.01725	0.02171	0.49912	0.03373	0.02517	0.01788	0.01757	0.01149	0.01387	0.00963	0.01022	0.05845	0.00250	0.01215	0.00479	0.00347	0.00831
30	0.01491	0.03490	0.66799	0.01961	0.02958	0.01660	0.02487	0.07041	0.01604	0.02369	0.01283	0.01488	0.00906	0.00676	0.00666	0.00220	0.01012	0.00524	0.00324	0.01043
31	0.01381	0.01186	0.01498	0.04015	0.01776	0.00947	0.03391	0.01701	0.01491	0.02264	0.06476	0.05125	0.01677	0.00707	0.00587	0.00136	0.00543	0.02537	0.00450	0.62113
32	0.01848	0.04946	0.22967	0.01614	0.02254	0.04604	0.06177	0.10034	0.11969	0.10842	0.02041	0.04331	0.03988	0.00828	0.00678	0.00211	0.00785	0.00684	0.03007	0.06192
33	0.01341	0.01042	0.01159	0.01077	0.01324	0.04033	0.00807	0.07530	0.07279	0.04137	0.15893	0.21752	0.09148	0.04358	0.00969	0.03680	0.00514	0.03934	0.00624	0.09399
34	0.01761	0.09674	0.04528	0.01465	0.04563	0.07087	0.06172	0.09784	0.04432	0.08031	0.04033	0.02604	0.08137	0.01305	0.07617	0.00285	0.00815	0.02563	0.07986	0.07157

[dist]
# distance from previous block
# <min> <max>
0	65

[block]
# block no. 5 follows, 30 sequences, length 14
# corresponding to MSA columns:
# 627-640
name=unknown_F
#
# <colnr> <probs for GDERKNQSTAVLIFYWHMCP>
#	G	D	E	R	K	N	Q	S	T	A	V	L	I	F	Y	W	H	M	C	P
0	0.07117	0.01385	0.01601	0.05776	0.11149	0.06713	0.01132	0.08724	0.04463	0.12842	0.07004	0.08786	0.10447	0.01021	0.00697	0.00210	0.00638	0.00852	0.00575	0.08868
1	0.08064	0.07190	0.09808	0.01431	0.01889	0.13678	0.03472	0.08397	0.04095	0.12903	0.04647	0.02651	0.03363	0.05955	0.03779	0.00282	0.00844	0.06141	0.00524	0.00886
2	0.01890	0.08141	0.22041	0.01877	0.05652	0.04000	0.11255	0.14374	0.04559	0.08506	0.01785	0.01915	0.03933	0.00751	0.00676	0.00208	0.00854	0.00638	0.03257	0.03687
3	0.01919	0.07454	0.02332	0.18547	0.09138	0.14786	0.07113	0.14407	0.06518	0.02398	0.01648	0.01905	0.04215	0.00790	0.00747	0.00214	0.03871	0.00638	0.00438	0.00923
4	0.01525	0.01397	0.02280	0.16066	0.44013	0.01452	0.01783	0.01971	0.03836	0.02224	0.05301	0.04761	0.04323	0.00799	0.00700	0.00215	0.00750	0.00743	0.04903	0.00958
5	0.16700	0.00960	0.00997	0.03908	0.01292	0.01011	0.00725	0.06907	0.01593	0.09806	0.02060	0.05583	0.01636	0.00848	0.00542	0.00190	0.00456	0.00663	0.43357	0.00767
6	0.01212	0.00606	0.00909	0.00909	0.00909	0.00606	0.00606	0.00909	0.00909	0.01212	0.01212	0.02121	0.01212	0.02424	0.02727	0.79697	0.00606	0.00606	0.00303	0.00303
7	0.00936	0.00711	0.00861	0.00823	0.01011	0.00636	0.00617	0.01216	0.01852	0.02507	0.50414	0.05693	0.27107	0.01535	0.00824	0.00225	0.00337	0.01329	0.00730	0.00636
8	0.01790	0.01526	0.01608	0.01431	0.01835	0.01761	0.01118	0.07561	0.65921	0.03007	0.02771	0.02549	0.02074	0.00940	0.00709	0.00235	0.00565	0.00779	0.00709	0.01109
9	0.01019	0.00755	0.00854	0.00824	0.01040	0.00676	0.00614	0.01304	0.04413	0.05286	0.24107	0.09756	0.40795	0.04311	0.00917	0.00249	0.00380	0.01364	0.00685	0.00649
10	0.00892	0.00637	0.00798	0.00901	0.00992	0.00586	0.00621	0.01059	0.01456	0.01968	0.11973	0.52158	0.14392	0.01947	0.00847	0.00261	0.00383	0.01738	0.05804	0.00586
11	0.01797	0.09540	0.12902	0.04539	0.06992	0.01600	0.01441	0.10784	0.05715	0.10896	0.05619	0.06489	0.03524	0.00982	0.00856	0.00225	0.08207	0.03678	0.00520	0.03695
12	0.06571	0.37233	0.08365	0.01419	0.01995	0.11316	0.01326	0.16911	0.04745	0.02440	0.01240	0.01351	0.01003	0.00688	0.00553	0.00180	0.00819	0.00468	0.00419	0.00960
13	0.01812	0.27307	0.12515	0.01557	0.02106	0.09870	0.06282	0.09024	0.07837	0.02212	0.01688	0.06769	0.01525	0.00880	0.00643	0.00205	0.00830	0.05589	0.00435	0.00916

[dist]
# distance from previous block
# <min> <max>
1	4

[block]
# block no. 6 follows, 30 sequences, length 28
# corresponding to MSA columns:
# 645-672
name=unknown_G
#
# <colnr> <probs for GDERKNQSTAVLIFYWHMCP>
#	G	D	E	R	K	N	Q	S	T	A	V	L	I	F	Y	W	H	M	C	P
0	0.02018	0.26450	0.02241	0.01238	0.01706	0.01853	0.01075	0.17847	0.07285	0.11600	0.06242	0.02509	0.05734	0.03208	0.00721	0.00211	0.00648	0.03150	0.03309	0.00953
1	0.00931	0.00711	0.00883	0.00929	0.01092	0.00663	0.00713	0.01161	0.01582	0.02062	0.18277	0.18401	0.27927	0.02122	0.07511	0.00338	0.00549	0.12890	0.00646	0.00612
2	0.07074	0.01450	0.02456	0.07197	0.33350	0.01459	0.13071	0.01970	0.03581	0.02175	0.01458	0.02110	0.01258	0.00927	0.00964	0.10342	0.00816	0.04090	0.00375	0.03878
3	0.02191	0.01554	0.01890	0.01406	0.01995	0.01483	0.05126	0.28561	0.02268	0.13603	0.01652	0.01704	0.01201	0.00701	0.00635	0.00170	0.00667	0.00567	0.00591	0.32038
4	0.00889	0.00703	0.00804	0.00821	0.01010	0.00618	0.00617	0.01107	0.01657	0.02114	0.22290	0.14518	0.42424	0.01743	0.00842	0.00243	0.00373	0.05942	0.00677	0.00607
5	0.00898	0.00720	0.00885	0.05927	0.01261	0.00675	0.00696	0.01105	0.01537	0.01964	0.14476	0.24493	0.35318	0.01940	0.04608	0.00293	0.00484	0.01484	0.00627	0.00608
6	0.01227	0.00788	0.01002	0.00915	0.01135	0.00723	0.00698	0.01581	0.03940	0.10274	0.54095	0.04992	0.13148	0.01389	0.00807	0.00221	0.00368	0.01210	0.00763	0.00722
7	0.00850	0.00607	0.00810	0.00972	0.01012	0.00567	0.00648	0.00972	0.01336	0.01781	0.03846	0.75020	0.04615	0.02186	0.00891	0.00283	0.00405	0.01984	0.00648	0.00567
8	0.01889	0.10504	0.02497	0.08832	0.04847	0.10187	0.13352	0.08053	0.01660	0.08557	0.01429	0.01788	0.01144	0.01319	0.09589	0.00330	0.12086	0.00629	0.00416	0.00889
9	0.01523	0.02070	0.18559	0.10295	0.10899	0.05362	0.16624	0.01984	0.01434	0.01983	0.01325	0.01904	0.01112	0.06153	0.04249	0.00305	0.12344	0.00664	0.00333	0.00879
10	0.02589	0.01923	0.02058	0.01593	0.02140	0.02134	0.01311	0.64252	0.07929	0.04295	0.01757	0.01740	0.01253	0.00845	0.00699	0.00211	0.00753	0.00639	0.00699	0.01181
11	0.00858	0.00620	0.00813	0.00951	0.01011	0.00574	0.00642	0.00997	0.01393	0.01856	0.08595	0.66656	0.08227	0.02112	0.00883	0.00277	0.00397	0.01908	0.00656	0.00574
12	0.01483	0.01427	0.02348	0.16531	0.20724	0.03851	0.14654	0.04700	0.01646	0.02194	0.06490	0.10738	0.05639	0.00983	0.00765	0.00232	0.00816	0.03467	0.00445	0.00867
13	0.01942	0.01405	0.01794	0.04397	0.07257	0.07953	0.07325	0.09414	0.03981	0.18506	0.02538	0.23048	0.02378	0.01219	0.00769	0.00238	0.00707	0.03610	0.00615	0.00906
14	0.01545	0.01124	0.01272	0.01096	0.01396	0.01173	0.00860	0.20306	0.08601	0.03180	0.34181	0.03792	0.07853	0.01172	0.00742	0.00213	0.00473	0.00988	0.09192	0.00842
15	0.31557	0.02153	0.01868	0.01687	0.05307	0.27110	0.07041	0.04071	0.01573	0.02384	0.01078	0.01328	0.00879	0.00732	0.00751	0.00213	0.08574	0.00485	0.00389	0.00820
16	0.02589	0.01923	0.02058	0.01593	0.02140	0.02134	0.01311	0.64282	0.07898	0.04295	0.01756	0.01740	0.01252	0.00845	0.00699	0.00211	0.00753	0.00639	0.00699	0.01181
17	0.01635	0.01665	0.02574	0.18569	0.35804	0.07614	0.09439	0.02033	0.01567	0.02069	0.01667	0.02067	0.05810	0.00744	0.00774	0.00219	0.03762	0.00688	0.00359	0.00942
18	0.01001	0.00733	0.01048	0.01048	0.01147	0.00832	0.00780	0.01199	0.01100	0.01565	0.01937	0.03115	0.01907	0.19624	0.58542	0.01030	0.01625	0.00802	0.00384	0.00582
19	0.09033	0.01762	0.08676	0.21364	0.18054	0.06306	0.01654	0.05449	0.06345	0.02331	0.01355	0.01672	0.01057	0.00674	0.00640	0.00202	0.00812	0.00560	0.00392	0.11662
20	0.00871	0.00620	0.00820	0.00973	0.01016	0.00583	0.00655	0.00994	0.01329	0.01770	0.03745	0.68085	0.04470	0.06392	0.01047	0.00308	0.00431	0.04694	0.00635	0.00562
21	0.01233	0.00877	0.01286	0.03693	0.01424	0.00971	0.03514	0.01423	0.01298	0.05818	0.08256	0.12948	0.02439	0.07129	0.24101	0.07619	0.09255	0.00946	0.05125	0.00645
22	0.00973	0.00713	0.00913	0.00863	0.01034	0.00652	0.00647	0.01289	0.01942	0.02718	0.65169	0.05344	0.12219	0.01456	0.00823	0.00221	0.00331	0.01280	0.00758	0.00652
23	0.00847	0.00620	0.00796	0.00937	0.01003	0.00570	0.00632	0.00976	0.01369	0.01795	0.04266	0.66130	0.13235	0.02132	0.00882	0.00277	0.00398	0.01917	0.00648	0.00570
24	0.01292	0.01203	0.01531	0.01394	0.01488	0.05475	0.01114	0.01493	0.01234	0.01739	0.06571	0.02632	0.05875	0.04967	0.28817	0.00609	0.30727	0.00763	0.00391	0.00685
25	0.04440	0.25612	0.02346	0.01325	0.01846	0.04082	0.01138	0.23316	0.09785	0.02798	0.01609	0.05763	0.01356	0.00799	0.00596	0.00183	0.00690	0.00601	0.00513	0.11201
26	0.09227	0.04609	0.08006	0.05100	0.06348	0.04095	0.01327	0.20940	0.02022	0.12836	0.02033	0.06133	0.05357	0.00931	0.00783	0.00221	0.05844	0.00714	0.02504	0.00972
27	0.01785	0.09394	0.20598	0.06545	0.09691	0.06948	0.09231	0.10747	0.03530	0.04088	0.01451	0.01804	0.01141	0.00843	0.02758	0.00233	0.00937	0.02353	0.00407	0.05515

[dist]
# distance from previous block
# <min> <max>
0	11

[block]
# block no. 7 follows, 30 sequences, length 14
# corresponding to MSA columns:
# 684-697
name=unknown_H
#
# <colnr> <probs for GDERKNQSTAVLIFYWHMCP>
#	G	D	E	R	K	N	Q	S	T	A	V	L	I	F	Y	W	H	M	C	P
0	0.07436	0.08543	0.01806	0.01324	0.01696	0.01288	0.11009	0.03951	0.09359	0.06241	0.16587	0.06767	0.13639	0.01331	0.04013	0.00265	0.00652	0.02697	0.00585	0.00810
1	0.09753	0.23083	0.01989	0.01217	0.01595	0.22112	0.01003	0.01980	0.01659	0.02021	0.12216	0.05257	0.11609	0.00981	0.00622	0.00192	0.00744	0.00739	0.00460	0.00767
2	0.02182	0.01229	0.01605	0.01526	0.08701	0.01178	0.01102	0.11323	0.05660	0.29805	0.09303	0.06383	0.06167	0.01070	0.00739	0.00223	0.00592	0.05903	0.00712	0.04598
3	0.02073	0.02091	0.15064	0.01947	0.10614	0.05698	0.01589	0.24085	0.06339	0.08690	0.01636	0.01895	0.01262	0.05279	0.01020	0.00250	0.08284	0.00634	0.00519	0.01033
4	0.01502	0.01850	0.12536	0.09413	0.08594	0.08706	0.12524	0.01897	0.01473	0.01990	0.01835	0.07270	0.05378	0.01167	0.04817	0.00282	0.11859	0.00775	0.05304	0.00830
5	0.00871	0.00631	0.00833	0.00962	0.01020	0.00604	0.00653	0.01003	0.01314	0.01751	0.03754	0.60365	0.08075	0.05942	0.08315	0.00384	0.00564	0.01783	0.00609	0.00567
6	0.02157	0.09236	0.02166	0.06416	0.09524	0.11200	0.04911	0.09905	0.05973	0.17805	0.05920	0.02207	0.04425	0.00854	0.00756	0.00211	0.04120	0.00684	0.00552	0.00979
7	0.01841	0.01882	0.10910	0.07107	0.10940	0.08836	0.08411	0.09051	0.01825	0.09728	0.08766	0.02286	0.04784	0.00852	0.00807	0.00215	0.05388	0.00712	0.00488	0.05174
8	0.01519	0.05391	0.01604	0.01450	0.05533	0.08469	0.02544	0.03741	0.01481	0.06799	0.05003	0.13518	0.04243	0.04274	0.17756	0.00452	0.10117	0.00902	0.04450	0.00754
9	0.40527	0.12160	0.01846	0.01530	0.08701	0.13784	0.01127	0.04548	0.01461	0.02549	0.01046	0.01257	0.00861	0.00693	0.00621	0.00205	0.05416	0.00438	0.00394	0.00836
10	0.00891	0.00695	0.00797	0.00822	0.00992	0.00617	0.00603	0.01086	0.01589	0.02027	0.18649	0.17821	0.38835	0.06381	0.01014	0.00273	0.00394	0.05264	0.00657	0.00592
11	0.01728	0.01969	0.16025	0.10019	0.18708	0.05569	0.05484	0.05772	0.04455	0.07614	0.04853	0.01976	0.01416	0.01052	0.05299	0.00279	0.05739	0.00654	0.00426	0.00966
12	0.01631	0.01373	0.01506	0.01539	0.08625	0.04340	0.01065	0.07793	0.34250	0.02694	0.05300	0.06368	0.07328	0.03541	0.00797	0.00238	0.00575	0.00865	0.09227	0.00945
13	0.00970	0.00770	0.01021	0.01013	0.01187	0.00714	0.04418	0.01218	0.04590	0.01938	0.08831	0.31425	0.27521	0.01848	0.00969	0.05202	0.00456	0.04677	0.00620	0.00613

[dist]
# distance from previous block
# <min> <max>
6	30

[block]
# block no. 8 follows, 30 sequences, length 14
# corresponding to MSA columns:
# 729-742
name=unknown_I
#
# <colnr> <probs for GDERKNQSTAVLIFYWHMCP>
#	G	D	E	R	K	N	Q	S	T	A	V	L	I	F	Y	W	H	M	C	P
0	0.01488	0.01081	0.01294	0.06512	0.01649	0.03029	0.00926	0.09933	0.01768	0.08563	0.11229	0.15682	0.09633	0.04630	0.05087	0.00293	0.00641	0.04733	0.00598	0.11230
1	0.01770	0.10508	0.01735	0.01331	0.01656	0.19588	0.01052	0.09295	0.08822	0.02226	0.06464	0.10141	0.08882	0.04250	0.00874	0.00235	0.03167	0.04603	0.00525	0.02873
2	0.10028	0.03614	0.01981	0.06265	0.17986	0.08151	0.03014	0.09570	0.03614	0.04216	0.01510	0.05049	0.01325	0.06100	0.00940	0.00238	0.04964	0.00649	0.00441	0.10345
3	0.01970	0.02009	0.06209	0.10217	0.20398	0.15720	0.01604	0.12021	0.08029	0.04641	0.01507	0.01746	0.01175	0.00888	0.03397	0.00236	0.00914	0.00591	0.00447	0.06281
4	0.01408	0.00871	0.01151	0.01068	0.01163	0.00935	0.00773	0.10949	0.01322	0.01773	0.01665	0.06271	0.04452	0.02068	0.02214	0.54758	0.05548	0.00724	0.00396	0.00491
5	0.01944	0.12434	0.01845	0.01278	0.01673	0.06970	0.01037	0.28436	0.02169	0.02894	0.01893	0.11303	0.01716	0.04634	0.03510	0.00254	0.00727	0.00768	0.10130	0.04385
6	0.01237	0.01256	0.05755	0.06239	0.21229	0.01112	0.07356	0.01578	0.01577	0.02131	0.11408	0.16794	0.16959	0.01252	0.00783	0.00234	0.00639	0.01142	0.00512	0.00806
7	0.00848	0.00616	0.00800	0.00948	0.01006	0.00569	0.00637	0.00974	0.01359	0.01791	0.04137	0.68858	0.10590	0.02148	0.00885	0.00279	0.00400	0.01938	0.00648	0.00569
8	0.02029	0.01259	0.01471	0.01253	0.01607	0.01289	0.00987	0.27025	0.02209	0.17129	0.02835	0.17911	0.06302	0.07754	0.01012	0.00276	0.00617	0.05423	0.00691	0.00922
9	0.01117	0.00752	0.00966	0.00993	0.01169	0.00666	0.00718	0.01301	0.01476	0.07209	0.08166	0.47359	0.08760	0.01793	0.00827	0.00252	0.00438	0.05392	0.00644	0.10003
10	0.01050	0.00664	0.00787	0.00787	0.00787	0.00664	0.00456	0.00996	0.00996	0.01328	0.02023	0.04130	0.02301	0.62447	0.03405	0.14770	0.00664	0.00942	0.00401	0.00401
11	0.01213	0.01070	0.01112	0.01095	0.01250	0.08220	0.00822	0.01486	0.05560	0.02004	0.15739	0.16991	0.15702	0.06886	0.01235	0.04768	0.06108	0.07518	0.00582	0.00641
12	0.02276	0.01940	0.11239	0.01560	0.02103	0.08047	0.04317	0.23192	0.07273	0.17918	0.04157	0.02343	0.01656	0.00886	0.00705	0.00218	0.00773	0.04421	0.03934	0.01045
13	0.01066	0.00787	0.00996	0.01058	0.01139	0.00810	0.00738	0.07135	0.01467	0.01973	0.03334	0.57822	0.03907	0.08699	0.01195	0.00314	0.04630	0.01696	0.00612	0.00621

[dist]
# distance from previous block
# <min> <max>
1	9

[block]
# block no. 9 follows, 30 sequences, length 24
# corresponding to MSA columns:
# 752-775
name=unknown_J
#
# <colnr> <probs for GDERKNQSTAVLIFYWHMCP>
#	G	D	E	R	K	N	Q	S	T	A	V	L	I	F	Y	W	H	M	C	P
0	0.23310	0.29443	0.02345	0.01443	0.06436	0.13069	0.01148	0.05186	0.03324	0.02257	0.01146	0.01348	0.00969	0.00932	0.04875	0.00240	0.00839	0.00448	0.00381	0.00860
1	0.04234	0.08279	0.01882	0.11336	0.11047	0.06554	0.01274	0.04197	0.07404	0.08132	0.05259	0.06167	0.10854	0.01157	0.03235	0.00253	0.06567	0.00809	0.00498	0.00862
2	0.00984	0.00694	0.00907	0.00931	0.00985	0.00736	0.00629	0.01098	0.01103	0.01519	0.02315	0.14255	0.02538	0.37602	0.29806	0.00790	0.01096	0.01055	0.00437	0.00521
3	0.01684	0.40902	0.34187	0.01565	0.02355	0.02229	0.01819	0.04469	0.01508	0.01993	0.01121	0.01297	0.00900	0.00635	0.00553	0.00184	0.00875	0.00446	0.00311	0.00967
4	0.01016	0.07193	0.01124	0.01018	0.01143	0.00853	0.00731	0.01304	0.06619	0.01937	0.08834	0.57566	0.04261	0.01894	0.00833	0.00263	0.00440	0.01696	0.00632	0.00643
5	0.03796	0.00838	0.00998	0.00915	0.01151	0.00786	0.00699	0.05485	0.01906	0.07810	0.40703	0.08691	0.20686	0.01443	0.00798	0.00226	0.00392	0.01240	0.00726	0.00712
6	0.01284	0.00654	0.00665	0.00662	0.00825	0.00651	0.00497	0.01610	0.01490	0.02612	0.05892	0.02739	0.02042	0.00845	0.00506	0.00166	0.00325	0.00683	0.75201	0.00651
7	0.00998	0.00744	0.01104	0.01104	0.01222	0.00863	0.00850	0.01235	0.01116	0.01607	0.01885	0.02831	0.01783	0.08662	0.69335	0.01100	0.01811	0.00761	0.00376	0.00613
8	0.00864	0.00650	0.00806	0.00923	0.01026	0.00591	0.00652	0.01016	0.01426	0.01833	0.04718	0.51187	0.22713	0.02052	0.00878	0.00273	0.00409	0.06757	0.00647	0.00579
9	0.02661	0.01855	0.02022	0.01560	0.02109	0.02027	0.01285	0.59117	0.06146	0.11268	0.01839	0.01789	0.01285	0.00845	0.00699	0.00211	0.00740	0.00643	0.00716	0.01183
10	0.01520	0.01283	0.01486	0.01068	0.01685	0.01005	0.00857	0.05810	0.01558	0.02402	0.01267	0.01461	0.01043	0.00536	0.00528	0.00110	0.00532	0.00426	0.00431	0.74993
11	0.01754	0.01543	0.01717	0.09903	0.02157	0.05976	0.01249	0.12417	0.33249	0.02653	0.02095	0.02237	0.01632	0.01506	0.10849	0.00357	0.06469	0.00706	0.00563	0.00967
12	0.01580	0.00998	0.01059	0.00950	0.01208	0.01056	0.00736	0.16302	0.07087	0.02965	0.05407	0.07822	0.02108	0.00957	0.00595	0.00190	0.00445	0.00782	0.46958	0.00796
13	0.01083	0.00747	0.01000	0.01115	0.01244	0.00726	0.00878	0.01349	0.03010	0.04219	0.07251	0.31912	0.05659	0.05121	0.01025	0.00310	0.00530	0.31540	0.00650	0.00632
14	0.01116	0.00739	0.00922	0.00880	0.01078	0.00662	0.00658	0.01377	0.01803	0.08397	0.40958	0.14300	0.21367	0.01558	0.00822	0.00231	0.00368	0.01357	0.00732	0.00676
15	0.01163	0.00907	0.01041	0.01054	0.01222	0.03220	0.00780	0.07882	0.03935	0.02333	0.18844	0.35883	0.10686	0.01736	0.00841	0.00255	0.00470	0.06395	0.00672	0.00681
16	0.02100	0.13013	0.20248	0.01910	0.05308	0.01823	0.12891	0.16636	0.01979	0.15017	0.01599	0.01705	0.01140	0.00712	0.00674	0.00209	0.00871	0.00608	0.00495	0.01061
17	0.02613	0.03150	0.01992	0.01773	0.02158	0.63634	0.01345	0.11250	0.02145	0.02053	0.01155	0.01312	0.00936	0.00734	0.00638	0.00184	0.01196	0.00472	0.00403	0.00857
18	0.01036	0.00745	0.00825	0.00785	0.01028	0.00637	0.00596	0.01252	0.01704	0.07398	0.20464	0.06061	0.51723	0.01625	0.00815	0.00231	0.00367	0.01369	0.00690	0.00650
19	0.01866	0.75896	0.03657	0.01194	0.01791	0.02761	0.01194	0.02090	0.01418	0.01642	0.00970	0.01119	0.00896	0.00597	0.00448	0.00149	0.00746	0.00373	0.00299	0.00896
20	0.01428	0.06568	0.66670	0.01989	0.02991	0.01673	0.04803	0.02206	0.01477	0.02187	0.01246	0.01473	0.00891	0.00658	0.00660	0.00218	0.01024	0.00520	0.00297	0.01023
21	0.00849	0.00612	0.00804	0.00958	0.01009	0.00568	0.00642	0.00973	0.01349	0.01787	0.04015	0.71450	0.08077	0.02164	0.00887	0.00281	0.00402	0.01957	0.00648	0.00568
22	0.00850	0.00607	0.00810	0.00972	0.01012	0.00567	0.00648	0.00972	0.01336	0.01781	0.03846	0.75020	0.04615	0.02186	0.00891	0.00283	0.00405	0.01984	0.00648	0.00567
23	0.04431	0.30873	0.29121	0.01502	0.02211	0.02001	0.01672	0.03743	0.06933	0.04357	0.01432	0.01699	0.01151	0.00717	0.00582	0.00196	0.00811	0.02701	0.02909	0.00958

[dist]
# distance from previous block
# <min> <max>
0	3

[block]
# block no. 10 follows, 30 sequences, length 17
# corresponding to MSA columns:
# 779-795
name=unknown_K
#
# <colnr> <probs for GDERKNQSTAVLIFYWHMCP>
#	G	D	E	R	K	N	Q	S	T	A	V	L	I	F	Y	W	H	M	C	P
0	0.00895	0.00700	0.00788	0.00781	0.00960	0.00617	0.00567	0.01097	0.01636	0.02106	0.25846	0.10461	0.40337	0.08808	0.01092	0.00276	0.00381	0.01397	0.00663	0.00593
1	0.06523	0.01652	0.01471	0.01246	0.01604	0.15104	0.00973	0.22114	0.02129	0.09361	0.04659	0.02219	0.01628	0.06506	0.00842	0.00229	0.00702	0.00647	0.19510	0.00881
2	0.02053	0.43457	0.09488	0.01586	0.05883	0.15622	0.01409	0.07139	0.01693	0.04293	0.01147	0.01295	0.00956	0.00654	0.00542	0.00172	0.00870	0.00444	0.00360	0.00935
3	0.01417	0.03508	0.68265	0.02108	0.06567	0.01623	0.02556	0.02206	0.01479	0.02214	0.01255	0.01487	0.00896	0.00661	0.00664	0.00220	0.01021	0.00521	0.00297	0.01035
4	0.00825	0.00707	0.00707	0.00707	0.00943	0.00589	0.00530	0.01001	0.01591	0.01885	0.07069	0.06716	0.70839	0.01767	0.00825	0.00236	0.00353	0.01473	0.00648	0.00589
5	0.01866	0.75896	0.03657	0.01194	0.01791	0.02761	0.01194	0.02090	0.01418	0.01642	0.00970	0.01119	0.00896	0.00597	0.00448	0.00149	0.00746	0.00373	0.00299	0.00896
6	0.02607	0.03326	0.01978	0.01798	0.02157	0.72674	0.01348	0.02787	0.01978	0.01708	0.01079	0.01258	0.00899	0.00719	0.00629	0.00180	0.01258	0.00449	0.00360	0.00809
7	0.01456	0.12400	0.63566	0.01892	0.02871	0.01759	0.02410	0.02195	0.01467	0.02141	0.01218	0.01430	0.00885	0.00655	0.00637	0.00212	0.00997	0.00498	0.00295	0.01015
8	0.01670	0.01428	0.01525	0.01388	0.01760	0.01639	0.01085	0.03483	0.63272	0.02871	0.06008	0.02991	0.02431	0.01019	0.00728	0.00240	0.00547	0.04144	0.00709	0.01061
9	0.01301	0.00650	0.00650	0.00650	0.00813	0.00650	0.00488	0.01626	0.01463	0.02602	0.02276	0.02602	0.01789	0.00813	0.00488	0.00163	0.00325	0.00650	0.79350	0.00650
10	0.01051	0.00782	0.00987	0.00936	0.01115	0.00756	0.00701	0.01525	0.08489	0.02743	0.59806	0.09542	0.06025	0.01430	0.00817	0.00225	0.00356	0.01264	0.00755	0.00695
11	0.00850	0.00607	0.00810	0.00972	0.01012	0.00567	0.00648	0.00972	0.01336	0.01781	0.03846	0.75020	0.04615	0.02186	0.00891	0.00283	0.00405	0.01984	0.00648	0.00567
12	0.00868	0.00629	0.00821	0.00941	0.01012	0.00581	0.00642	0.01023	0.01444	0.01933	0.13594	0.60656	0.09174	0.02051	0.00877	0.00271	0.00391	0.01848	0.00665	0.00581
13	0.01947	0.01500	0.01621	0.01372	0.01791	0.01661	0.01090	0.23474	0.35446	0.06137	0.09307	0.02824	0.06689	0.01009	0.00724	0.00226	0.00586	0.00825	0.00714	0.01057
14	0.02525	0.03171	0.02057	0.02029	0.08572	0.66069	0.01422	0.02727	0.01941	0.01761	0.01100	0.01302	0.00918	0.00710	0.00635	0.00182	0.01218	0.00465	0.00358	0.00837
15	0.10678	0.08628	0.15086	0.06817	0.08191	0.07129	0.04896	0.08474	0.04851	0.05769	0.03308	0.01831	0.02946	0.00737	0.00629	0.00202	0.00796	0.00588	0.03090	0.05353
16	0.03894	0.05345	0.06080	0.01360	0.01758	0.06955	0.01150	0.08304	0.24261	0.08709	0.09713	0.07802	0.02576	0.01105	0.00729	0.00232	0.00646	0.07806	0.00635	0.00940

[dist]
# distance from previous block
# <min> <max>
2	24

[block]
# block no. 11 follows, 30 sequences, length 26
# corresponding to MSA columns:
# 820-845
name=unknown_L
#
# <colnr> <probs for GDERKNQSTAVLIFYWHMCP>
#	G	D	E	R	K	N	Q	S	T	A	V	L	I	F	Y	W	H	M	C	P
0	0.01351	0.01092	0.01282	0.00995	0.01490	0.00845	0.00775	0.01619	0.01467	0.04478	0.02312	0.12012	0.09560	0.00897	0.00609	0.00147	0.00485	0.00757	0.00487	0.57341
1	0.01766	0.06181	0.05325	0.04218	0.02779	0.01768	0.31801	0.14061	0.11452	0.02637	0.01871	0.04895	0.01549	0.00841	0.00766	0.00233	0.00914	0.05484	0.00489	0.00968
2	0.00908	0.00695	0.00840	0.00886	0.01045	0.00626	0.00663	0.01127	0.01627	0.02118	0.22290	0.23776	0.29639	0.01804	0.00857	0.00254	0.00394	0.09163	0.00678	0.00608
3	0.01022	0.00747	0.00886	0.00924	0.01132	0.00671	0.00736	0.01248	0.01615	0.05042	0.09480	0.12213	0.39944	0.01786	0.00864	0.00262	0.00448	0.19686	0.00663	0.00633
4	0.01021	0.00827	0.00898	0.00861	0.01098	0.00772	0.00650	0.04363	0.07582	0.02275	0.19759	0.09897	0.44240	0.01608	0.00813	0.00234	0.00387	0.01362	0.00681	0.00674
5	0.01013	0.00726	0.00879	0.00940	0.01014	0.00715	0.00622	0.04064	0.03772	0.01845	0.05567	0.43418	0.06110	0.24037	0.01670	0.00393	0.00503	0.01550	0.00589	0.00574
6	0.01502	0.01428	0.02425	0.42601	0.34568	0.01599	0.02029	0.01944	0.01482	0.02006	0.01273	0.01801	0.01009	0.00664	0.00695	0.00221	0.00885	0.00621	0.00326	0.00923
7	0.01447	0.01240	0.01447	0.01034	0.01654	0.00930	0.00827	0.01757	0.01447	0.02274	0.01240	0.01447	0.01034	0.00517	0.00517	0.00103	0.00517	0.00413	0.00413	0.79742
8	0.02157	0.02455	0.01798	0.01608	0.01887	0.42734	0.01240	0.07310	0.01832	0.01989	0.01631	0.03971	0.05283	0.00931	0.00936	0.00209	0.13936	0.00614	0.06682	0.00796
9	0.02018	0.10009	0.04114	0.10740	0.08366	0.24855	0.01401	0.11155	0.07983	0.02287	0.01666	0.03988	0.03308	0.00809	0.00648	0.00200	0.00896	0.00620	0.04036	0.00902
