[name]
unknown

[dist]
# distance from previous block
# <min> <max>
0	19

[block]
# block no. 0 follows, 33 sequences, length 21
# corresponding to MSA columns:
# 19-39
name=unknown_A
#
# <colnr> <probs for GDERKNQSTAVLIFYWHMCP>
#	G	D	E	R	K	N	Q	S	T	A	V	L	I	F	Y	W	H	M	C	P
0	0.00999	0.03597	0.06174	0.00950	0.01123	0.00746	0.00754	0.01192	0.01347	0.03966	0.12452	0.31780	0.09882	0.15058	0.03350	0.00335	0.00524	0.04628	0.00551	0.00590
1	0.01721	0.06492	0.19831	0.06028	0.08289	0.05796	0.06805	0.05033	0.01562	0.15065	0.01824	0.12141	0.01580	0.03952	0.00776	0.00227	0.00776	0.00760	0.00457	0.00887
2	0.04029	0.09033	0.08859	0.06676	0.13041	0.09739	0.09730	0.12000	0.15814	0.02418	0.01514	0.01674	0.01164	0.00690	0.00635	0.00199	0.00814	0.00586	0.00436	0.00950
3	0.01876	0.64990	0.03188	0.01221	0.01747	0.14460	0.01151	0.02080	0.01425	0.01559	0.00932	0.01078	0.00845	0.00582	0.00451	0.00146	0.00784	0.00364	0.00291	0.00831
4	0.01613	0.01440	0.08515	0.06898	0.33514	0.01232	0.01533	0.01979	0.01552	0.13197	0.07219	0.04469	0.08886	0.00832	0.00671	0.00201	0.00667	0.00742	0.00465	0.04376
5	0.01540	0.01732	0.03702	0.02644	0.03304	0.01608	0.65322	0.02076	0.01540	0.02111	0.01320	0.01746	0.00997	0.00550	0.00756	0.00213	0.01065	0.00749	0.00337	0.06687
6	0.00827	0.00607	0.00775	0.00863	0.00952	0.00556	0.00598	0.00990	0.01422	0.01899	0.18752	0.51521	0.14105	0.01855	0.00818	0.00248	0.00360	0.01660	0.00635	0.00556
7	0.01531	0.01830	0.13304	0.06956	0.11105	0.01504	0.39586	0.02056	0.01550	0.05674	0.06971	0.01974	0.01416	0.00650	0.00728	0.00215	0.00948	0.00728	0.00377	0.00899
8	0.01013	0.00747	0.01034	0.05890	0.01234	0.00851	0.00747	0.01128	0.01019	0.01417	0.01742	0.03081	0.01798	0.31989	0.32234	0.06575	0.05856	0.00777	0.00358	0.00511
9	0.02776	0.01405	0.01704	0.01306	0.01822	0.01389	0.01079	0.29668	0.02360	0.46082	0.02198	0.01981	0.01429	0.00805	0.00661	0.00201	0.00625	0.00635	0.00753	0.01120
10	0.01503	0.01205	0.01688	0.17606	0.13902	0.03890	0.01292	0.04728	0.03864	0.08433	0.03861	0.09257	0.01693	0.07357	0.05194	0.03452	0.09101	0.00770	0.00432	0.00772
11	0.02025	0.02080	0.02094	0.15748	0.06714	0.31320	0.08604	0.04146	0.01660	0.09742	0.01297	0.01572	0.01002	0.00844	0.03130	0.00227	0.06029	0.00551	0.00388	0.00827
12	0.02927	0.01163	0.01554	0.01191	0.01702	0.01031	0.00984	0.07159	0.01955	0.69163	0.02538	0.02202	0.01600	0.00813	0.00662	0.00203	0.00570	0.00658	0.00806	0.01120
13	0.00964	0.00767	0.00915	0.03858	0.01176	0.00741	0.00677	0.01393	0.09443	0.02270	0.35840	0.09502	0.27157	0.01418	0.00764	0.00218	0.00369	0.01225	0.00657	0.00646
14	0.03980	0.01588	0.06430	0.16583	0.26682	0.04400	0.07502	0.06491	0.01626	0.13988	0.01522	0.03673	0.01167	0.00694	0.00660	0.00206	0.00798	0.00630	0.00430	0.00950
15	0.01495	0.01473	0.01888	0.38907	0.06780	0.10981	0.01550	0.06143	0.01490	0.01894	0.05671	0.01860	0.01270	0.00984	0.04429	0.00260	0.11203	0.00608	0.00353	0.00761
16	0.00940	0.00705	0.01058	0.01058	0.01176	0.00823	0.00823	0.01176	0.01058	0.01528	0.01763	0.02586	0.01646	0.04937	0.74255	0.01058	0.01763	0.00705	0.00353	0.00588
17	0.01516	0.01778	0.11702	0.10024	0.38130	0.03812	0.09550	0.01945	0.01425	0.02000	0.01233	0.01656	0.01012	0.00892	0.05083	0.00259	0.06142	0.00596	0.00317	0.00929
18	0.01934	0.01945	0.07535	0.05755	0.08126	0.18687	0.05683	0.13892	0.08181	0.08491	0.06886	0.04626	0.03664	0.00833	0.00667	0.00201	0.00806	0.00685	0.00500	0.00902
19	0.04871	0.15198	0.10493	0.04978	0.01982	0.08010	0.03117	0.11529	0.03608	0.18096	0.03766	0.01991	0.05456	0.00774	0.00606	0.00191	0.00713	0.00601	0.03104	0.00917
20	0.01531	0.05344	0.11998	0.04226	0.20878	0.03938	0.04450	0.02006	0.06218	0.05611	0.04192	0.05707	0.03646	0.00786	0.00733	0.00195	0.05449	0.00663	0.00409	0.12022

[dist]
# distance from previous block
# <min> <max>
4	58

[block]
# block no. 1 follows, 33 sequences, length 31
# corresponding to MSA columns:
# 98-128
name=unknown_B
#
# <colnr> <probs for GDERKNQSTAVLIFYWHMCP>
#	G	D	E	R	K	N	Q	S	T	A	V	L	I	F	Y	W	H	M	C	P
0	0.01863	0.01789	0.01849	0.27641	0.05558	0.21490	0.01424	0.10960	0.01724	0.06655	0.01361	0.01825	0.01095	0.03812	0.00805	0.00218	0.03648	0.02282	0.00404	0.03596
1	0.10025	0.04523	0.01904	0.02212	0.26697	0.11120	0.01328	0.07024	0.06783	0.06710	0.05149	0.10317	0.01721	0.00858	0.00640	0.00202	0.00699	0.00726	0.00466	0.00895
2	0.12219	0.01723	0.01772	0.01436	0.01861	0.10964	0.06252	0.31957	0.07625	0.05105	0.03633	0.04848	0.01457	0.05261	0.00796	0.00228	0.00734	0.00659	0.00551	0.00919
3	0.20160	0.01818	0.01561	0.12597	0.02126	0.22276	0.01137	0.08110	0.09494	0.05202	0.01419	0.04183	0.01140	0.00738	0.00580	0.00194	0.00775	0.00543	0.00444	0.05502
4	0.01581	0.01701	0.01489	0.01357	0.01537	0.24276	0.01051	0.01851	0.06154	0.01725	0.04685	0.02959	0.12252	0.09612	0.01370	0.00274	0.20328	0.04689	0.00425	0.00684
5	0.01590	0.01524	0.02600	0.11364	0.65744	0.01554	0.02001	0.01986	0.01480	0.02103	0.01231	0.01642	0.01026	0.00594	0.00652	0.00198	0.00792	0.00586	0.00322	0.01011
6	0.01243	0.01170	0.01975	0.75282	0.04534	0.01463	0.01828	0.01682	0.01316	0.01682	0.01170	0.01755	0.00878	0.00658	0.00658	0.00219	0.00878	0.00585	0.00293	0.00731
7	0.01596	0.01700	0.01993	0.01723	0.01775	0.13043	0.01415	0.01744	0.01139	0.01588	0.00888	0.01402	0.00862	0.01080	0.01921	0.00270	0.64286	0.00553	0.00296	0.00727
8	0.00778	0.00667	0.00667	0.00667	0.00889	0.00556	0.00500	0.00945	0.01501	0.01778	0.06669	0.06336	0.72490	0.01667	0.00778	0.00222	0.00333	0.01389	0.00611	0.00556
9	0.00880	0.00671	0.00813	0.00807	0.00978	0.00603	0.00612	0.01127	0.01672	0.02229	0.40035	0.10379	0.28692	0.01540	0.00791	0.00224	0.00345	0.06340	0.00669	0.00592
10	0.02510	0.02207	0.01741	0.01476	0.01890	0.35736	0.01153	0.15052	0.06429	0.20689	0.01662	0.01644	0.01194	0.00750	0.00624	0.00186	0.00876	0.00541	0.02707	0.00933
11	0.00892	0.00671	0.00825	0.00787	0.00959	0.00604	0.00590	0.01166	0.01770	0.02419	0.55544	0.05281	0.23216	0.01428	0.00777	0.00211	0.00316	0.01242	0.00696	0.00604
12	0.04732	0.74428	0.03357	0.01117	0.01674	0.02563	0.01111	0.01970	0.01330	0.01601	0.00915	0.01057	0.00840	0.00565	0.00422	0.00143	0.00697	0.00352	0.00286	0.00840
13	0.06320	0.63703	0.03112	0.01183	0.01710	0.11523	0.01122	0.02052	0.01392	0.01635	0.00928	0.01073	0.00838	0.00580	0.00443	0.00148	0.00754	0.00361	0.00296	0.00827
14	0.01458	0.01381	0.01296	0.01155	0.01424	0.12308	0.00901	0.10482	0.11384	0.02249	0.10235	0.03747	0.28731	0.01212	0.00869	0.00217	0.08697	0.00945	0.00560	0.00750
15	0.01794	0.01327	0.01478	0.01273	0.01602	0.01434	0.00991	0.39786	0.06223	0.03113	0.02437	0.30665	0.02424	0.01290	0.00730	0.00226	0.00580	0.01097	0.00641	0.00888
16	0.01565	0.01499	0.02556	0.15859	0.61439	0.01547	0.01989	0.01964	0.01469	0.02073	0.01227	0.01650	0.01015	0.00598	0.00653	0.00199	0.00798	0.00586	0.00320	0.00991
17	0.00811	0.00672	0.00717	0.00742	0.00946	0.00577	0.00569	0.00990	0.01489	0.01794	0.06141	0.10389	0.60954	0.01706	0.00796	0.00234	0.00367	0.08934	0.00611	0.00560
18	0.02459	0.03138	0.01866	0.01696	0.02035	0.74221	0.01272	0.02629	0.01866	0.01611	0.01018	0.01187	0.00848	0.00678	0.00594	0.00170	0.01187	0.00424	0.00339	0.00763
19	0.00940	0.00705	0.01058	0.01058	0.01176	0.00823	0.00823	0.01176	0.01058	0.01528	0.01763	0.02586	0.01646	0.04937	0.74255	0.01058	0.01763	0.00705	0.00353	0.00588
20	0.01346	0.07725	0.69358	0.01833	0.02781	0.01592	0.02356	0.02078	0.01387	0.02054	0.01166	0.01370	0.00835	0.00622	0.00614	0.00205	0.00957	0.00479	0.00278	0.00965
21	0.01018	0.00729	0.01000	0.01084	0.01237	0.00712	0.00914	0.01323	0.01632	0.02194	0.26502	0.06588	0.04598	0.01661	0.00865	0.00271	0.00507	0.45907	0.00646	0.00611
22	0.00828	0.00669	0.00736	0.00719	0.00920	0.00577	0.00539	0.01041	0.01618	0.02058	0.27971	0.05876	0.51014	0.01563	0.00778	0.00217	0.00326	0.01325	0.00648	0.00577
23	0.01560	0.01494	0.02547	0.16782	0.60556	0.01546	0.01986	0.01960	0.01466	0.02067	0.01226	0.01652	0.01013	0.00599	0.00653	0.00200	0.00799	0.00586	0.00320	0.00987
24	0.02212	0.02595	0.01801	0.01608	0.01929	0.51034	0.01232	0.07471	0.10377	0.01937	0.01437	0.01567	0.03420	0.00790	0.00758	0.00191	0.07903	0.00522	0.00407	0.00812
25	0.01692	0.01128	0.01296	0.01109	0.01449	0.01163	0.00875	0.12739	0.20725	0.15026	0.22283	0.03466	0.12061	0.01089	0.00710	0.00211	0.00477	0.00913	0.00701	0.00888
26	0.01365	0.01170	0.01365	0.00975	0.01560	0.00878	0.00780	0.01658	0.01365	0.02145	0.01170	0.01365	0.00975	0.00488	0.00488	0.00098	0.00488	0.00390	0.00390	0.80888
27	0.81514	0.01273	0.00968	0.00866	0.01273	0.01477	0.00713	0.01935	0.01120	0.02954	0.00917	0.01069	0.00713	0.00611	0.00407	0.00204	0.00509	0.00356	0.00407	0.00713
28	0.02249	0.02697	0.01997	0.01733	0.02115	0.53634	0.07599	0.05161	0.12738	0.01926	0.01326	0.01453	0.01053	0.00705	0.00625	0.00184	0.01060	0.00512	0.00402	0.00831
29	0.00875	0.00626	0.00765	0.00824	0.00893	0.00590	0.00551	0.00995	0.01288	0.01709	0.12856	0.32727	0.12519	0.25156	0.01607	0.00370	0.00455	0.04122	0.00560	0.00510
30	0.01282	0.00914	0.01075	0.02845	0.01309	0.00817	0.00727	0.07215	0.01690	0.08784	0.16948	0.09234	0.26474	0.01223	0.00701	0.00194	0.00431	0.01034	0.00604	0.16498

[dist]
# distance from previous block
# <min> <max>
2	37

[block]
# block no. 2 follows, 33 sequences, length 37
# corresponding to MSA columns:
# 166-202
name=unknown_C
#
# <colnr> <probs for GDERKNQSTAVLIFYWHMCP>
#	G	D	E	R	K	N	Q	S	T	A	V	L	I	F	Y	W	H	M	C	P
0	0.01552	0.10659	0.21975	0.08965	0.02337	0.03104	0.06735	0.05342	0.03395	0.08724	0.03790	0.07224	0.04498	0.00844	0.00648	0.00202	0.00756	0.02875	0.00432	0.05945
1	0.01494	0.12636	0.20286	0.02051	0.13148	0.03742	0.13380	0.05337	0.04113	0.02115	0.05029	0.10521	0.01633	0.00823	0.00662	0.00205	0.00804	0.00744	0.00392	0.00886
2	0.01394	0.15626	0.21629	0.01201	0.01697	0.01274	0.01238	0.01738	0.01412	0.10401	0.02788	0.09840	0.16759	0.04494	0.05432	0.00276	0.00716	0.00842	0.00457	0.00787
3	0.12530	0.01809	0.13404	0.01324	0.01776	0.13328	0.03622	0.04416	0.06081	0.14068	0.05300	0.04633	0.08084	0.00963	0.00755	0.05191	0.00711	0.00685	0.00498	0.00823
4	0.01494	0.29342	0.29638	0.14153	0.09326	0.01907	0.01824	0.01970	0.01369	0.01831	0.01089	0.01354	0.00865	0.00605	0.00561	0.00185	0.00842	0.00464	0.00286	0.00893
5	0.00937	0.00682	0.00781	0.00765	0.00964	0.00593	0.00570	0.01141	0.01592	0.05749	0.24002	0.13646	0.43048	0.01580	0.00779	0.00222	0.00345	0.01352	0.00653	0.00601
6	0.02312	0.17323	0.02124	0.01440	0.01881	0.30247	0.01174	0.17977	0.04162	0.10651	0.03710	0.01535	0.01213	0.00725	0.00590	0.00177	0.00863	0.00511	0.00479	0.00906
7	0.06459	0.01315	0.01835	0.11654	0.20684	0.03664	0.03612	0.02294	0.12152	0.15128	0.02118	0.07254	0.03921	0.00881	0.00674	0.00216	0.00672	0.04044	0.00510	0.00911
8	0.00987	0.00696	0.00868	0.00921	0.01041	0.00668	0.00664	0.01258	0.05741	0.04245	0.14264	0.35500	0.11329	0.10112	0.01095	0.00294	0.00433	0.08677	0.00615	0.00593
9	0.01605	0.01539	0.02628	0.08560	0.68429	0.01558	0.02008	0.01999	0.01487	0.02121	0.01234	0.01637	0.01032	0.00591	0.00652	0.00197	0.00788	0.00586	0.00324	0.01023
10	0.01762	0.01266	0.01412	0.01259	0.01611	0.01390	0.00977	0.06876	0.46269	0.13501	0.02749	0.13624	0.02257	0.01053	0.00694	0.00226	0.00517	0.00894	0.00683	0.00981
11	0.01561	0.01544	0.01949	0.14245	0.29672	0.12341	0.01494	0.05247	0.04088	0.02050	0.04223	0.10390	0.06605	0.00898	0.00679	0.00207	0.00755	0.00787	0.00416	0.00849
12	0.01003	0.00779	0.01088	0.01065	0.01209	0.00830	0.03326	0.01276	0.03251	0.01855	0.08842	0.17752	0.11029	0.02537	0.22596	0.00485	0.05823	0.08320	0.06323	0.00613
13	0.00944	0.00691	0.00984	0.00984	0.01076	0.00783	0.00731	0.01128	0.01036	0.01473	0.01831	0.02961	0.01808	0.20590	0.58825	0.00967	0.01519	0.00760	0.00363	0.00547
14	0.01605	0.01539	0.02628	0.08560	0.68429	0.01558	0.02008	0.01999	0.01487	0.02121	0.01234	0.01637	0.01032	0.00591	0.00652	0.00197	0.00788	0.00586	0.00324	0.01023
15	0.05234	0.22177	0.10472	0.01918	0.12769	0.19804	0.05075	0.11303	0.01735	0.02149	0.01130	0.01320	0.00914	0.00634	0.00571	0.00178	0.00881	0.00475	0.00360	0.00902
16	0.06918	0.04536	0.02277	0.18750	0.09033	0.17619	0.11969	0.09168	0.01665	0.05121	0.01225	0.01536	0.00949	0.00687	0.00736	0.00205	0.05820	0.00560	0.00378	0.00849
17	0.00801	0.00578	0.00759	0.00904	0.00952	0.00536	0.00606	0.00918	0.01272	0.01685	0.03778	0.72998	0.07695	0.02043	0.00837	0.00265	0.00380	0.01848	0.00611	0.00536
18	0.01342	0.01238	0.01288	0.01199	0.01339	0.12741	0.00908	0.05703	0.01287	0.01659	0.01589	0.02513	0.01544	0.18081	0.35090	0.00687	0.10104	0.00689	0.00371	0.00626
19	0.01837	0.09734	0.13557	0.11781	0.18204	0.12636	0.01640	0.07878	0.07163	0.07322	0.01394	0.01588	0.01063	0.00671	0.00619	0.00194	0.00837	0.00540	0.00401	0.00940
20	0.01051	0.04762	0.01215	0.01191	0.01355	0.00832	0.03498	0.01311	0.01444	0.01880	0.03308	0.24207	0.03674	0.01768	0.00862	0.00283	0.00574	0.45596	0.00580	0.00611
21	0.02176	0.02666	0.01908	0.01705	0.01950	0.54149	0.01319	0.02338	0.01627	0.01604	0.00975	0.01258	0.00852	0.00810	0.01029	0.00203	0.21890	0.00466	0.00325	0.00751
22	0.01634	0.56069	0.23535	0.01342	0.02022	0.02296	0.01501	0.02004	0.01353	0.01703	0.00992	0.01152	0.00842	0.00581	0.00481	0.00160	0.00781	0.00391	0.00281	0.00882
23	0.01589	0.15485	0.24102	0.02193	0.16202	0.05101	0.10892	0.04381	0.07269	0.02094	0.01374	0.03969	0.01120	0.00674	0.00625	0.00197	0.00852	0.00588	0.00354	0.00939
24	0.00951	0.00659	0.00824	0.00821	0.00863	0.00690	0.00532	0.01035	0.01034	0.01420	0.05675	0.03848	0.02380	0.52335	0.23491	0.00736	0.00943	0.00898	0.00403	0.00465
25	0.00997	0.00655	0.00823	0.00868	0.01005	0.00589	0.00617	0.01163	0.01454	0.07898	0.14006	0.43785	0.20149	0.01764	0.00802	0.00243	0.00376	0.01561	0.00645	0.00601
26	0.01817	0.07332	0.20431	0.04820	0.04621	0.06036	0.08871	0.04614	0.09375	0.15561	0.01645	0.01782	0.01205	0.00979	0.05361	0.00260	0.03304	0.00594	0.00453	0.00942
27	0.04278	0.07816	0.14860	0.06841	0.14489	0.01381	0.01426	0.08874	0.01651	0.12596	0.04546	0.08327	0.08337	0.00902	0.00655	0.00206	0.00678	0.00756	0.00483	0.00898
28	0.01228	0.00932	0.01318	0.01152	0.01366	0.00937	0.07321	0.08987	0.01656	0.04198	0.22923	0.18391	0.11436	0.01463	0.01037	0.08536	0.04749	0.01133	0.00577	0.00662
29	0.10639	0.04430	0.04825	0.06729	0.07014	0.23384	0.03460	0.09444	0.03201	0.06088	0.03639	0.01721	0.01229	0.05398	0.00765	0.00213	0.00830	0.00545	0.00424	0.06022
30	0.08002	0.15732	0.02226	0.04384	0.08965	0.07963	0.08064	0.06467	0.12344	0.10370	0.01686	0.01799	0.03271	0.00774	0.00703	0.02598	0.02708	0.00586	0.00460	0.00897
31	0.04908	0.03955	0.04750	0.11341	0.17270	0.01350	0.12127	0.06266	0.01547	0.06585	0.01926	0.10264	0.05884	0.00843	0.00668	0.00203	0.00721	0.00776	0.00431	0.08184
32	0.01483	0.11267	0.08433	0.09411	0.01849	0.10256	0.01101	0.04542	0.01560	0.07239	0.07447	0.08943	0.14999	0.05873	0.00839	0.00232	0.00671	0.02639	0.00479	0.00738
33	0.06462	0.08253	0.13727	0.01399	0.04428	0.01398	0.03042	0.12183	0.05749	0.11360	0.10667	0.02411	0.04185	0.00841	0.00635	0.00195	0.00640	0.03507	0.00526	0.08393
34	0.01686	0.15600	0.16529	0.01458	0.01987	0.03902	0.03898	0.11371	0.13476	0.04911	0.01789	0.04084	0.04465	0.00813	0.00735	0.00199	0.06717	0.00620	0.00451	0.05311
35	0.05686	0.03599	0.09938	0.06501	0.01719	0.05758	0.01067	0.05807	0.03804	0.08111	0.02562	0.24128	0.07062	0.05193	0.00837	0.00244	0.00619	0.03489	0.00514	0.03362
36	0.04554	0.05728	0.12867	0.01667	0.06297	0.15898	0.04976	0.08850	0.04012	0.15305	0.01630	0.06384	0.01299	0.00795	0.00697	0.00199	0.03971	0.00625	0.00474	0.03771

[dist]
# distance from previous block
# <min> <max>
3	28

[block]
# block no. 3 follows, 33 sequences, length 56
# corresponding to MSA columns:
# 231-286
name=unknown_D
#
# <colnr> <probs for GDERKNQSTAVLIFYWHMCP>
#	G	D	E	R	K	N	Q	S	T	A	V	L	I	F	Y	W	H	M	C	P
0	0.01593	0.15029	0.13522	0.01228	0.01717	0.03434	0.01155	0.10808	0.07849	0.06178	0.07866	0.04587	0.06599	0.06321	0.00810	0.00217	0.00644	0.00693	0.00484	0.09263
1	0.05977	0.19967	0.18828	0.05123	0.02070	0.03591	0.05180	0.03730	0.01478	0.06477	0.06638	0.08270	0.01616	0.00793	0.00595	0.00187	0.00717	0.00646	0.00407	0.07709
2	0.01306	0.04132	0.03274	0.01096	0.01404	0.00961	0.02995	0.06176	0.01526	0.07029	0.10081	0.27370	0.05313	0.01364	0.02942	0.00230	0.03265	0.01075	0.00543	0.17917
3	0.01963	0.01469	0.01693	0.01324	0.01814	0.01494	0.03191	0.31468	0.12401	0.07720	0.01833	0.06802	0.01462	0.00807	0.00632	0.00181	0.00611	0.00659	0.00587	0.21889
4	0.00994	0.09646	0.03415	0.01073	0.01251	0.00884	0.04792	0.01166	0.01283	0.01702	0.02984	0.56525	0.03483	0.04207	0.00855	0.00256	0.00491	0.01517	0.00533	0.02944
5	0.06241	0.09174	0.21637	0.03734	0.02386	0.07088	0.17465	0.05878	0.01532	0.04408	0.01653	0.07207	0.03933	0.03890	0.00763	0.00224	0.00858	0.00697	0.00385	0.00845
6	0.01526	0.20016	0.31170	0.01886	0.02620	0.01813	0.20521	0.04303	0.04046	0.02073	0.03213	0.01560	0.01083	0.00627	0.00626	0.00197	0.00905	0.00567	0.00333	0.00917
7	0.01532	0.01830	0.08660	0.04438	0.12628	0.01661	0.49859	0.02049	0.01491	0.02067	0.01272	0.01704	0.00981	0.00608	0.00842	0.00222	0.06220	0.00712	0.00324	0.00900
8	0.01118	0.00974	0.01305	0.01370	0.09118	0.01016	0.03139	0.03874	0.05852	0.02004	0.10196	0.10570	0.29069	0.01650	0.06997	0.00298	0.09137	0.01088	0.00528	0.00696
9	0.04785	0.19390	0.33195	0.01852	0.09935	0.03841	0.05706	0.03812	0.01486	0.02094	0.06901	0.01635	0.01307	0.00667	0.00594	0.00191	0.00827	0.00536	0.00341	0.00905
10	0.01165	0.00648	0.00869	0.00852	0.00935	0.00632	0.00597	0.02956	0.01119	0.03968	0.02317	0.06890	0.12962	0.02075	0.04121	0.51224	0.00548	0.00787	0.04913	0.00424
11	0.00802	0.00573	0.00764	0.00917	0.00955	0.00535	0.00611	0.00917	0.01260	0.01681	0.03628	0.76434	0.04354	0.02062	0.00840	0.00267	0.00382	0.01872	0.00611	0.00535
12	0.01621	0.01408	0.04147	0.03808	0.06525	0.01458	0.10009	0.17506	0.18194	0.02628	0.01897	0.04096	0.01520	0.01494	0.13079	0.00351	0.00870	0.00703	0.07786	0.00899
13	0.03874	0.04963	0.29539	0.02616	0.19069	0.01618	0.24692	0.02069	0.01459	0.02115	0.01227	0.01551	0.00933	0.00591	0.00668	0.00207	0.00951	0.00597	0.00311	0.00949
14	0.00863	0.00687	0.00764	0.00784	0.00966	0.00612	0.00580	0.03250	0.01530	0.01916	0.11529	0.22179	0.46355	0.01706	0.00793	0.00233	0.00364	0.03689	0.00623	0.00577
15	0.01632	0.01863	0.03314	0.02461	0.02967	0.09726	0.49907	0.02068	0.01486	0.01956	0.01210	0.01648	0.00957	0.00680	0.01015	0.00229	0.15012	0.00701	0.00325	0.00843
16	0.07259	0.06825	0.22748	0.06232	0.04346	0.06128	0.05647	0.05702	0.08637	0.08380	0.01692	0.03969	0.03725	0.00782	0.00716	0.00210	0.05059	0.00617	0.00425	0.00900
17	0.06686	0.14077	0.04610	0.01979	0.15119	0.34060	0.03101	0.06253	0.01706	0.01963	0.01296	0.01481	0.03598	0.00678	0.00583	0.00178	0.00929	0.00496	0.00358	0.00848
18	0.00802	0.00573	0.00764	0.00917	0.00955	0.00535	0.00611	0.00917	0.01260	0.01681	0.03628	0.76434	0.04354	0.02062	0.00840	0.00267	0.00382	0.01872	0.00611	0.00535
19	0.01046	0.00755	0.00986	0.01138	0.06247	0.00709	0.00758	0.03781	0.01467	0.05367	0.06489	0.42415	0.18793	0.01719	0.00799	0.00247	0.00433	0.05610	0.00606	0.00634
20	0.09671	0.03429	0.10104	0.08647	0.18363	0.04583	0.20913	0.04593	0.01512	0.05852	0.01267	0.01589	0.00972	0.00644	0.00738	0.00211	0.05047	0.00598	0.00363	0.00906
21	0.01539	0.25320	0.28440	0.01861	0.02586	0.01901	0.20606	0.02147	0.05892	0.01971	0.01237	0.01462	0.00958	0.00604	0.00608	0.00193	0.00900	0.00542	0.00319	0.00915
22	0.00940	0.00705	0.01058	0.01058	0.01176	0.00823	0.00823	0.01176	0.01058	0.01528	0.01763	0.02586	0.01646	0.04937	0.74255	0.01058	0.01763	0.00705	0.00353	0.00588
23	0.01648	0.01898	0.12258	0.17049	0.22185	0.07640	0.06619	0.08894	0.06628	0.02207	0.01319	0.01637	0.01027	0.00689	0.00748	0.00210	0.05466	0.00584	0.00369	0.00925
24	0.01722	0.14988	0.19691	0.01607	0.05512	0.06358	0.03943	0.15198	0.04810	0.04646	0.01695	0.04228	0.03244	0.03067	0.03161	0.00239	0.00820	0.03734	0.00435	0.00904
25	0.01396	0.00944	0.04029	0.01075	0.01300	0.00843	0.00837	0.08463	0.03621	0.14092	0.06804	0.45265	0.03440	0.01586	0.00777	0.00244	0.00478	0.03430	0.00644	0.00732
26	0.01169	0.00939	0.01358	0.04572	0.01537	0.00923	0.08917	0.09323	0.01775	0.02426	0.30256	0.18071	0.11127	0.01313	0.00761	0.00220	0.00495	0.01182	0.02945	0.00692
27	0.01896	0.02225	0.07720	0.04558	0.07988	0.23584	0.33389	0.02314	0.01647	0.06385	0.01294	0.01589	0.00981	0.00619	0.00691	0.00202	0.01059	0.00623	0.00359	0.00877
28	0.01354	0.04860	0.39746	0.01991	0.12479	0.03617	0.04340	0.01977	0.05332	0.02064	0.04096	0.11974	0.01611	0.00856	0.00665	0.00213	0.00818	0.00735	0.00372	0.00900
29	0.01303	0.03280	0.70107	0.01839	0.02772	0.01496	0.02358	0.02043	0.01375	0.02059	0.01208	0.01445	0.00871	0.00825	0.04028	0.00248	0.01009	0.00497	0.00281	0.00955
30	0.01508	0.01439	0.02431	0.19039	0.54923	0.01496	0.01909	0.01899	0.01460	0.02034	0.01475	0.01874	0.04310	0.00652	0.00659	0.00202	0.00782	0.00623	0.00332	0.00954
31	0.01597	0.01553	0.02545	0.14483	0.60565	0.03732	0.01970	0.01989	0.01483	0.02065	0.01222	0.01635	0.01013	0.00600	0.00651	0.00198	0.00808	0.00581	0.00321	0.00988
32	0.01144	0.00572	0.00858	0.00858	0.00858	0.00572	0.00572	0.00858	0.00858	0.01144	0.01144	0.02001	0.01144	0.02287	0.02573	0.80846	0.00572	0.00572	0.00286	0.00286
33	0.00941	0.00648	0.00752	0.00752	0.00783	0.00652	0.00454	0.00981	0.01013	0.01345	0.02412	0.04280	0.07988	0.62748	0.11053	0.00651	0.00739	0.00964	0.00411	0.00433
34	0.01154	0.00806	0.01061	0.01013	0.01219	0.00763	0.03904	0.01522	0.08458	0.09051	0.14287	0.31017	0.18115	0.01557	0.00782	0.00237	0.00433	0.03302	0.00641	0.00679
35	0.01037	0.00850	0.01295	0.01780	0.20558	0.00824	0.01012	0.01234	0.01335	0.01819	0.02971	0.53552	0.03430	0.01651	0.00791	0.00249	0.00499	0.03905	0.00533	0.00676
36	0.01627	0.01592	0.02574	0.10594	0.63492	0.04532	0.01972	0.02014	0.01497	0.02085	0.01223	0.01623	0.01019	0.00597	0.00650	0.00197	0.00808	0.00580	0.00323	0.01002
37	0.01320	0.03405	0.73453	0.01876	0.02849	0.01529	0.02432	0.02085	0.01390	0.02085	0.01181	0.01390	0.00834	0.00625	0.00625	0.00208	0.00973	0.00486	0.00278	0.00973
38	0.00845	0.00646	0.00779	0.00843	0.00966	0.00593	0.00595	0.01068	0.03889	0.01901	0.15551	0.41515	0.24826	0.01789	0.00806	0.00243	0.00361	0.01579	0.00631	0.00573
39	0.00879	0.00642	0.00841	0.00961	0.01061	0.00604	0.00721	0.01065	0.01402	0.01839	0.08789	0.43866	0.12742	0.01897	0.00847	0.00267	0.00432	0.19962	0.00618	0.00563
40	0.00802	0.00573	0.00764	0.00917	0.00955	0.00535	0.00611	0.00917	0.01260	0.01681	0.03628	0.76434	0.04354	0.02062	0.00840	0.00267	0.00382	0.01872	0.00611	0.00535
41	0.01684	0.64452	0.15590	0.01256	0.01891	0.02418	0.01353	0.01991	0.01347	0.01642	0.00961	0.01114	0.00843	0.00574	0.00458	0.00153	0.00751	0.00375	0.00281	0.00867
42	0.02906	0.01131	0.01526	0.01177	0.01682	0.00992	0.00970	0.03219	0.04393	0.70677	0.02600	0.02248	0.01643	0.00818	0.00662	0.00204	0.00559	0.00665	0.00810	0.01118
43	0.02323	0.02859	0.01728	0.01577	0.01895	0.66110	0.01183	0.02508	0.01812	0.01704	0.01142	0.01327	0.00940	0.00688	0.00579	0.00168	0.01090	0.00445	0.09175	0.00747
44	0.01417	0.00891	0.01064	0.00959	0.01233	0.00858	0.00739	0.01959	0.14719	0.16289	0.25950	0.08923	0.19788	0.01278	0.00739	0.00217	0.00409	0.01094	0.00699	0.00777
45	0.01364	0.02624	0.46209	0.16452	0.16460	0.01523	0.02237	0.01995	0.01396	0.02020	0.01190	0.01506	0.00882	0.00624	0.00637	0.00208	0.00918	0.00525	0.00290	0.00940
46	0.00808	0.00575	0.00762	0.00909	0.00946	0.00538	0.00603	0.00918	0.01249	0.01666	0.03572	0.73808	0.04283	0.04786	0.00932	0.00281	0.00391	0.01838	0.00603	0.00530
47	0.01760	0.77260	0.03450	0.01126	0.01690	0.02605	0.01126	0.01971	0.01338	0.01549	0.00915	0.01056	0.00845	0.00563	0.00422	0.00141	0.00704	0.00352	0.00282	0.00845
48	0.00802	0.00573	0.00764	0.00917	0.00955	0.00535	0.00611	0.00917	0.01260	0.01681	0.03628	0.76434	0.04354	0.02062	0.00840	0.00267	0.00382	0.01872	0.00611	0.00535
49	0.00982	0.00655	0.00805	0.00805	0.00856	0.00689	0.00528	0.01084	0.01033	0.01479	0.01993	0.03606	0.02100	0.47701	0.23514	0.00706	0.00927	0.00847	0.09215	0.00477
50	0.02528	0.01696	0.01871	0.01446	0.01961	0.01836	0.01191	0.55250	0.06885	0.15757	0.01817	0.01743	0.01258	0.00800	0.00660	0.00200	0.00685	0.00613	0.00686	0.01115
51	0.01886	0.04708	0.13604	0.01565	0.05217	0.09984	0.01348	0.11032	0.25229	0.10202	0.04845	0.02160	0.01668	0.00822	0.00653	0.00207	0.00715	0.02624	0.00551	0.00979
52	0.01626	0.01641	0.02670	0.28819	0.12837	0.07176	0.23657	0.09527	0.01655	0.02148	0.01264	0.01682	0.00963	0.00632	0.00690	0.00211	0.00946	0.00635	0.00354	0.00868
53	0.13924	0.37915	0.16602	0.01336	0.01917	0.14993	0.01347	0.02105	0.01409	0.01879	0.00986	0.01147	0.00823	0.00603	0.00491	0.00169	0.00814	0.00392	0.00310	0.00835
54	0.01424	0.06419	0.15450	0.15206	0.04422	0.03337	0.03636	0.07810	0.01538	0.02125	0.07824	0.04476	0.01556	0.00942	0.02758	0.03941	0.02590	0.00626	0.00393	0.13531
55	0.03941	0.06518	0.10569	0.08579	0.17173	0.06461	0.01354	0.01779	0.04893	0.02043	0.10245	0.12355	0.07300	0.00982	0.00668	0.00206	0.00667	0.00844	0.00442	0.02983

[dist]
# distance from previous block
# <min> <max>
1	20

[block]
# block no. 4 follows, 33 sequences, length 7
# corresponding to MSA columns:
# 329-335
name=unknown_E
#
# <colnr> <probs for GDERKNQSTAVLIFYWHMCP>
#	G	D	E	R	K	N	Q	S	T	A	V	L	I	F	Y	W	H	M	C	P
0	0.15721	0.01503	0.01749	0.01846	0.16253	0.07293	0.02943	0.05052	0.13559	0.05968	0.04278	0.01894	0.03486	0.00781	0.00761	0.00204	0.08311	0.00599	0.00464	0.07335
1	0.01102	0.08762	0.01141	0.00898	0.01129	0.09223	0.00691	0.01292	0.01554	0.01875	0.16719	0.15508	0.34853	0.01443	0.00730	0.00212	0.00472	0.01210	0.00567	0.00618
2	0.01772	0.06886	0.07802	0.04212	0.14245	0.15381	0.11231	0.02319	0.10714	0.07729	0.01667	0.06907	0.01394	0.00943	0.03682	0.00237	0.00879	0.00680	0.00427	0.00892
3	0.00856	0.00628	0.00781	0.00855	0.00949	0.00581	0.00600	0.01011	0.01381	0.01820	0.14675	0.38425	0.16911	0.10960	0.01130	0.00298	0.00410	0.06585	0.00603	0.00541
4	0.52543	0.01559	0.01417	0.01199	0.01624	0.08981	0.06283	0.06967	0.09448	0.02811	0.01208	0.01331	0.00926	0.00658	0.00503	0.00203	0.00642	0.00457	0.00442	0.00798
5	0.02035	0.08459	0.05185	0.01600	0.08867	0.15950	0.01201	0.13933	0.03760	0.14591	0.01951	0.10327	0.03911	0.00889	0.00641	0.00193	0.00735	0.00713	0.00519	0.04542
6	0.04545	0.17525	0.01944	0.06059	0.10814	0.01530	0.01137	0.08937	0.09059	0.04623	0.11518	0.02817	0.07239	0.00920	0.00637	0.00197	0.00601	0.05876	0.00502	0.03519

[dist]
# distance from previous block
# <min> <max>
7	42

# created by:
# /home/berkeley/.conda/envs/busco_data_prod/bin/msa2prfl.pl pipeline/OGs_align_augustus/4893/35305.fs
