[name]
unknown

[dist]
# distance from previous block
# <min> <max>
0	5

[block]
# block no. 0 follows, 34 sequences, length 42
# corresponding to MSA columns:
# 5-46
name=unknown_A
#
# <colnr> <probs for GDERKNQSTAVLIFYWHMCP>
#	G	D	E	R	K	N	Q	S	T	A	V	L	I	F	Y	W	H	M	C	P
0	0.04964	0.08683	0.04596	0.04648	0.05351	0.01252	0.01074	0.11755	0.01582	0.02226	0.01985	0.06460	0.04734	0.01308	0.07343	0.00269	0.00709	0.12873	0.00454	0.17733
1	0.02049	0.19325	0.05092	0.01516	0.05627	0.15282	0.01232	0.22648	0.09631	0.04983	0.01396	0.01461	0.01077	0.00682	0.00572	0.00174	0.00762	0.00500	0.00463	0.05527
2	0.05508	0.05990	0.05013	0.05180	0.05096	0.13437	0.02841	0.24429	0.09540	0.02646	0.01789	0.02137	0.04276	0.00994	0.03790	0.00235	0.00802	0.04915	0.00492	0.00890
3	0.01648	0.13884	0.01793	0.01217	0.01610	0.01326	0.05481	0.10120	0.08189	0.12263	0.02176	0.19777	0.02052	0.01039	0.00648	0.00197	0.00575	0.03936	0.00538	0.11531
4	0.01384	0.04411	0.03970	0.09451	0.01872	0.01125	0.00986	0.08164	0.05988	0.02221	0.04674	0.09832	0.01600	0.00763	0.00576	0.00155	0.00552	0.00639	0.00444	0.41195
5	0.04378	0.01029	0.04633	0.01029	0.01295	0.00963	0.00833	0.04835	0.16997	0.05513	0.25130	0.16064	0.10180	0.01276	0.00722	0.00220	0.00440	0.03085	0.00634	0.00742
6	0.04376	0.00682	0.00705	0.00692	0.00906	0.00597	0.00521	0.01023	0.01520	0.01948	0.18202	0.05740	0.57802	0.01534	0.00747	0.00215	0.00331	0.01284	0.00611	0.00564
7	0.02309	0.02892	0.01778	0.01620	0.01945	0.67869	0.01218	0.02560	0.05253	0.01633	0.01111	0.01287	0.00923	0.00859	0.03832	0.00207	0.01158	0.00444	0.00349	0.00755
8	0.01044	0.00783	0.00800	0.00797	0.00841	0.05330	0.00497	0.01104	0.01051	0.01403	0.02024	0.07343	0.02231	0.56506	0.09065	0.00579	0.00720	0.00903	0.06524	0.00453
9	0.00827	0.00650	0.00752	0.00777	0.00946	0.00575	0.00585	0.01026	0.01518	0.01939	0.20814	0.17027	0.40862	0.01639	0.00784	0.00229	0.00354	0.07511	0.00625	0.00561
10	0.07345	0.14305	0.02012	0.01528	0.01899	0.59088	0.01192	0.02439	0.01706	0.01656	0.00977	0.01138	0.00823	0.00644	0.00545	0.00164	0.01051	0.00401	0.00329	0.00758
11	0.00940	0.00626	0.00705	0.00705	0.00705	0.00626	0.00392	0.00940	0.00940	0.01253	0.02036	0.04228	0.02349	0.77292	0.03289	0.00626	0.00626	0.00940	0.00392	0.00392
12	0.02414	0.03079	0.01831	0.01665	0.01998	0.74698	0.01248	0.02580	0.01831	0.01581	0.00999	0.01165	0.00832	0.00666	0.00583	0.00166	0.01165	0.00416	0.00333	0.00749
13	0.01525	0.01743	0.03813	0.02723	0.03377	0.01634	0.70915	0.02070	0.01525	0.02070	0.01307	0.01743	0.00980	0.00545	0.00763	0.00218	0.01089	0.00763	0.00327	0.00871
14	0.01844	0.05486	0.01658	0.01362	0.01748	0.14120	0.01074	0.13523	0.42907	0.02622	0.02271	0.02164	0.04688	0.00842	0.00636	0.00202	0.00654	0.00663	0.00579	0.00957
15	0.81856	0.01250	0.00950	0.00850	0.01250	0.01449	0.00700	0.01899	0.01100	0.02899	0.00900	0.01050	0.00700	0.00600	0.00400	0.00200	0.00500	0.00350	0.00400	0.00700
16	0.02115	0.01601	0.01718	0.01400	0.01852	0.01792	0.01129	0.39592	0.32252	0.06399	0.02050	0.01943	0.01490	0.00819	0.00651	0.00205	0.00620	0.00648	0.00657	0.01067
17	0.01204	0.00602	0.00602	0.00602	0.00753	0.00602	0.00452	0.01506	0.01355	0.02409	0.02108	0.02409	0.01656	0.00753	0.00452	0.00151	0.00301	0.00602	0.80879	0.00602
18	0.00764	0.00655	0.00655	0.00655	0.00873	0.00545	0.00491	0.00927	0.01473	0.01745	0.06546	0.06218	0.73000	0.01636	0.00764	0.00218	0.00327	0.01364	0.00600	0.00545
19	0.02456	0.01810	0.01939	0.01487	0.02004	0.02004	0.01228	0.71107	0.03038	0.04072	0.01551	0.01551	0.01099	0.00776	0.00646	0.00194	0.00711	0.00582	0.00646	0.01099
20	0.00894	0.00656	0.00856	0.00944	0.01068	0.00618	0.00734	0.01113	0.01471	0.01943	0.17493	0.29046	0.14566	0.01750	0.00826	0.00256	0.00428	0.24150	0.00620	0.00568
21	0.69003	0.01225	0.01039	0.00899	0.01315	0.01368	0.00740	0.02103	0.01222	0.14426	0.01168	0.01237	0.00846	0.00632	0.00441	0.00200	0.00508	0.00399	0.00465	0.00765
22	0.01607	0.01388	0.01461	0.01315	0.01680	0.01607	0.01023	0.03433	0.72094	0.02703	0.02630	0.02411	0.01972	0.00877	0.00657	0.00219	0.00511	0.00731	0.00657	0.01023
23	0.02320	0.04989	0.01941	0.01449	0.01949	0.01978	0.01197	0.59751	0.11546	0.03793	0.01658	0.01636	0.01196	0.00779	0.00638	0.00195	0.00685	0.00590	0.00632	0.01078
24	0.01549	0.07428	0.16108	0.12124	0.17932	0.08013	0.10645	0.03835	0.08448	0.02051	0.03126	0.03303	0.01217	0.00679	0.00639	0.00199	0.00841	0.00608	0.00362	0.00892
25	0.74599	0.08172	0.01170	0.00873	0.01287	0.01550	0.00737	0.01903	0.01119	0.02774	0.00900	0.01048	0.00711	0.00596	0.00401	0.00194	0.00517	0.00349	0.00389	0.00711
26	0.00923	0.00629	0.00756	0.00770	0.00790	0.00642	0.00470	0.00966	0.00982	0.01326	0.02141	0.11012	0.02433	0.59909	0.13020	0.00649	0.00756	0.00992	0.00405	0.00430
27	0.01503	0.10142	0.12025	0.16592	0.36743	0.01601	0.01812	0.04821	0.01462	0.02014	0.01277	0.04821	0.01089	0.00663	0.00621	0.00195	0.00782	0.00592	0.00329	0.00917
28	0.00826	0.00693	0.00724	0.00726	0.00934	0.00614	0.00540	0.01097	0.05943	0.01835	0.08962	0.12314	0.59316	0.01609	0.00762	0.00222	0.00342	0.01358	0.00609	0.00577
29	0.00932	0.00635	0.00760	0.00764	0.00784	0.00653	0.00465	0.00973	0.00964	0.01304	0.02032	0.06096	0.02287	0.63383	0.14746	0.00682	0.00797	0.00926	0.00390	0.00425
30	0.02355	0.02924	0.01773	0.01608	0.01936	0.69142	0.01209	0.04329	0.01839	0.01688	0.01068	0.01237	0.00880	0.00673	0.00578	0.00166	0.01111	0.00430	0.04303	0.00751
31	0.01226	0.00666	0.00673	0.00650	0.00825	0.00666	0.00493	0.04877	0.01448	0.02431	0.02482	0.02712	0.08090	0.00834	0.00490	0.00159	0.00324	0.00670	0.69662	0.00622
32	0.01741	0.41891	0.22531	0.01425	0.02074	0.06509	0.03914	0.06447	0.01499	0.05009	0.01104	0.01243	0.00883	0.00601	0.00517	0.00167	0.00801	0.00429	0.00327	0.00889
33	0.01340	0.01148	0.01340	0.00957	0.01531	0.00861	0.00766	0.01627	0.01340	0.02105	0.01148	0.01340	0.00957	0.00479	0.00479	0.00096	0.00479	0.00383	0.00383	0.81242
34	0.00940	0.00626	0.00705	0.00705	0.00705	0.00626	0.00392	0.00940	0.00940	0.01253	0.02036	0.04228	0.02349	0.77292	0.03289	0.00626	0.00626	0.00940	0.00392	0.00392
35	0.74581	0.01294	0.01209	0.01019	0.01442	0.01466	0.07059	0.01915	0.01138	0.02824	0.00937	0.01112	0.00725	0.00595	0.00433	0.00202	0.00553	0.00387	0.00393	0.00715
36	0.01488	0.01421	0.02421	0.25095	0.53004	0.01506	0.01927	0.01885	0.01418	0.01975	0.01196	0.01636	0.00976	0.00596	0.00642	0.00199	0.00795	0.00575	0.00310	0.00933
37	0.00940	0.00626	0.00705	0.00705	0.00705	0.00626	0.00392	0.00940	0.00940	0.01253	0.02036	0.04228	0.02349	0.77292	0.03289	0.00626	0.00626	0.00940	0.00392	0.00392
38	0.00956	0.00921	0.07610	0.01090	0.01277	0.00846	0.00927	0.01229	0.01090	0.01586	0.01806	0.07140	0.01713	0.04163	0.61146	0.00888	0.01532	0.00743	0.02728	0.00609
39	0.02240	0.01668	0.01919	0.01480	0.01954	0.01819	0.05528	0.56578	0.05147	0.05133	0.01639	0.01850	0.01246	0.07695	0.00893	0.00236	0.00717	0.00632	0.00607	0.01018
40	0.01532	0.23410	0.42877	0.01693	0.02459	0.08427	0.07164	0.02066	0.01405	0.01863	0.01085	0.01286	0.00835	0.00597	0.00568	0.00184	0.00912	0.00458	0.00283	0.00896
41	0.01628	0.32584	0.29178	0.04257	0.07681	0.01983	0.01685	0.10296	0.01551	0.02071	0.01106	0.01287	0.00874	0.00607	0.00541	0.00176	0.00803	0.00448	0.00323	0.00919

[dist]
# distance from previous block
# <min> <max>
0	24

[block]
# block no. 1 follows, 34 sequences, length 24
# corresponding to MSA columns:
# 71-94
name=unknown_B
#
# <colnr> <probs for GDERKNQSTAVLIFYWHMCP>
#	G	D	E	R	K	N	Q	S	T	A	V	L	I	F	Y	W	H	M	C	P
0	0.10153	0.09422	0.09612	0.01347	0.01832	0.11072	0.01200	0.28876	0.05707	0.02800	0.01823	0.01879	0.07578	0.00911	0.02839	0.00216	0.00758	0.00584	0.00491	0.00901
1	0.65445	0.04150	0.01190	0.01160	0.08554	0.01446	0.00830	0.01884	0.01162	0.02735	0.01010	0.01193	0.00799	0.00605	0.00428	0.00194	0.00522	0.00389	0.05574	0.00731
2	0.58760	0.01542	0.01226	0.01053	0.01468	0.09001	0.00855	0.15061	0.01541	0.02987	0.01033	0.01156	0.00789	0.00640	0.00465	0.00195	0.00607	0.00400	0.00440	0.00780
3	0.00965	0.00668	0.00942	0.00951	0.01068	0.00753	0.00730	0.01201	0.01108	0.01673	0.01916	0.07306	0.01794	0.03930	0.56642	0.00829	0.01387	0.00750	0.14810	0.00578
4	0.41392	0.01329	0.01327	0.01077	0.01532	0.01425	0.00889	0.17454	0.01744	0.23817	0.01524	0.01495	0.01050	0.00697	0.00527	0.00199	0.00561	0.00488	0.00571	0.00904
5	0.00782	0.00660	0.00680	0.00690	0.00903	0.00558	0.00527	0.00954	0.01474	0.01758	0.06340	0.06289	0.68450	0.01646	0.00772	0.00223	0.00345	0.05799	0.00600	0.00549
6	0.00932	0.00657	0.00848	0.00800	0.00952	0.00609	0.00600	0.01237	0.01800	0.02580	0.68545	0.04677	0.05822	0.01286	0.00743	0.00200	0.00305	0.01134	0.05666	0.00609
7	0.01296	0.03342	0.73944	0.01842	0.02797	0.01501	0.02387	0.02046	0.01364	0.02046	0.01160	0.01364	0.00818	0.00614	0.00614	0.00205	0.00955	0.00477	0.00273	0.00955
8	0.01041	0.00744	0.01041	0.01190	0.01339	0.00744	0.01041	0.01339	0.01487	0.01934	0.03421	0.07288	0.03719	0.01785	0.00892	0.00297	0.00595	0.68913	0.00595	0.00595
9	0.00787	0.00562	0.00750	0.00900	0.00937	0.00525	0.00600	0.00900	0.01237	0.01649	0.03561	0.76871	0.04274	0.02024	0.00825	0.00262	0.00375	0.01837	0.00600	0.00525
10	0.00937	0.00637	0.00760	0.00760	0.00779	0.00657	0.00461	0.00975	0.00956	0.01294	0.01985	0.03948	0.02227	0.65258	0.15156	0.00695	0.00810	0.00899	0.00384	0.00422
11	0.02329	0.01736	0.01990	0.01533	0.02042	0.01901	0.05503	0.57378	0.09919	0.06456	0.01684	0.01675	0.01199	0.00773	0.00655	0.00198	0.00708	0.00611	0.00634	0.01077
12	0.01607	0.01388	0.01461	0.01315	0.01680	0.01607	0.01023	0.03433	0.72094	0.02703	0.02630	0.02411	0.01972	0.00877	0.00657	0.00219	0.00511	0.00731	0.00657	0.01023
13	0.02456	0.01810	0.01939	0.01487	0.02004	0.02004	0.01228	0.71107	0.03038	0.04072	0.01551	0.01551	0.01099	0.00776	0.00646	0.00194	0.00711	0.00582	0.00646	0.01099
14	0.00787	0.00562	0.00750	0.00900	0.00937	0.00525	0.00600	0.00900	0.01237	0.01649	0.03561	0.76871	0.04274	0.02024	0.00825	0.00262	0.00375	0.01837	0.00600	0.00525
15	0.00805	0.00576	0.00766	0.00887	0.00941	0.00537	0.00601	0.00945	0.01322	0.01784	0.13466	0.66583	0.04534	0.01924	0.00816	0.00254	0.00365	0.01741	0.00616	0.00537
16	0.02697	0.01055	0.01435	0.01115	0.01580	0.00915	0.00915	0.02953	0.01847	0.66479	0.09703	0.02466	0.02057	0.00853	0.00661	0.00200	0.00525	0.00703	0.00791	0.01050
17	0.00836	0.00614	0.00784	0.00833	0.00940	0.00562	0.00590	0.01033	0.01508	0.02044	0.32083	0.38455	0.13956	0.01689	0.00791	0.00233	0.00340	0.01504	0.00645	0.00562
18	0.00914	0.00660	0.00864	0.00813	0.00965	0.00610	0.00610	0.01219	0.01829	0.02591	0.72921	0.04827	0.06097	0.01321	0.00762	0.00203	0.00305	0.01169	0.00711	0.00610
19	0.81856	0.01250	0.00950	0.00850	0.01250	0.01449	0.00700	0.01899	0.01100	0.02899	0.00900	0.01050	0.00700	0.00600	0.00400	0.00200	0.00500	0.00350	0.00400	0.00700
20	0.01383	0.01243	0.01146	0.01056	0.01318	0.12023	0.00819	0.14865	0.01845	0.02266	0.11024	0.11746	0.28241	0.01343	0.00731	0.00215	0.00554	0.06910	0.00580	0.00692
21	0.81856	0.01250	0.00950	0.00850	0.01250	0.01449	0.00700	0.01899	0.01100	0.02899	0.00900	0.01050	0.00700	0.00600	0.00400	0.00200	0.00500	0.00350	0.00400	0.00700
22	0.09847	0.65324	0.07492	0.01125	0.01687	0.02379	0.01143	0.01938	0.01294	0.01693	0.00915	0.01058	0.00815	0.00561	0.00425	0.00149	0.00688	0.00354	0.00289	0.00824
23	0.01800	0.02021	0.07234	0.02134	0.02684	0.14734	0.36730	0.15087	0.01837	0.02332	0.01428	0.06223	0.01170	0.00706	0.00703	0.00206	0.00979	0.00715	0.00402	0.00876

[dist]
# distance from previous block
# <min> <max>
0	31

[block]
# block no. 2 follows, 34 sequences, length 75
# corresponding to MSA columns:
# 126-200
name=unknown_C
#
# <colnr> <probs for GDERKNQSTAVLIFYWHMCP>
#	G	D	E	R	K	N	Q	S	T	A	V	L	I	F	Y	W	H	M	C	P
0	0.01416	0.01175	0.01358	0.01004	0.01552	0.00950	0.00801	0.01880	0.09499	0.04276	0.01360	0.01488	0.01093	0.00534	0.00504	0.00113	0.00484	0.00431	0.00427	0.69656
1	0.02482	0.01485	0.01783	0.01410	0.01847	0.08344	0.05121	0.16216	0.01969	0.39661	0.01997	0.02035	0.01388	0.00831	0.00799	0.00208	0.07960	0.02825	0.00641	0.00999
2	0.00889	0.00633	0.00858	0.01002	0.01080	0.00611	0.00758	0.01067	0.01320	0.01741	0.03449	0.47815	0.03990	0.04845	0.00946	0.00290	0.00468	0.27103	0.00590	0.00546
3	0.02456	0.01810	0.01939	0.01487	0.02004	0.02004	0.01228	0.71107	0.03038	0.04072	0.01551	0.01551	0.01099	0.00776	0.00646	0.00194	0.00711	0.00582	0.00646	0.01099
4	0.01346	0.01169	0.01426	0.01019	0.01596	0.00888	0.03218	0.01642	0.01346	0.02104	0.01154	0.01354	0.00958	0.00481	0.00488	0.00100	0.00500	0.00396	0.00381	0.78433
5	0.01220	0.01148	0.01938	0.75739	0.04450	0.01436	0.01794	0.01651	0.01292	0.01651	0.01148	0.01723	0.00861	0.00646	0.00646	0.00215	0.00861	0.00574	0.00287	0.00718
6	0.01243	0.01109	0.01802	0.53075	0.13099	0.01302	0.01590	0.01637	0.01334	0.01806	0.01580	0.02045	0.05140	0.00706	0.00630	0.00205	0.00753	0.00623	0.09586	0.00736
7	0.00787	0.00562	0.00750	0.00900	0.00937	0.00525	0.00600	0.00900	0.01237	0.01649	0.03561	0.76871	0.04274	0.02024	0.00825	0.00262	0.00375	0.01837	0.00600	0.00525
8	0.01291	0.01229	0.02076	0.61266	0.08154	0.01467	0.06596	0.01824	0.06277	0.01780	0.01267	0.01765	0.00957	0.00651	0.00655	0.00214	0.00847	0.00598	0.00318	0.00768
9	0.00807	0.00643	0.00730	0.00787	0.00951	0.00567	0.00592	0.00975	0.01416	0.01747	0.05383	0.24013	0.46574	0.01753	0.00796	0.00240	0.00375	0.10506	0.00599	0.00547
10	0.00929	0.00660	0.00779	0.00800	0.00972	0.00582	0.00592	0.01110	0.01481	0.06003	0.14687	0.25255	0.37023	0.01658	0.00780	0.00231	0.00364	0.04883	0.00627	0.00583
11	0.02414	0.03079	0.01831	0.01665	0.01998	0.74698	0.01248	0.02580	0.01831	0.01581	0.00999	0.01165	0.00832	0.00666	0.00583	0.00166	0.01165	0.00416	0.00333	0.00749
12	0.01490	0.01272	0.01356	0.01228	0.01562	0.01445	0.00952	0.03067	0.60867	0.02647	0.10894	0.02858	0.05605	0.00962	0.00674	0.00217	0.00479	0.00809	0.00661	0.00954
13	0.01599	0.01535	0.02623	0.03966	0.73262	0.01535	0.01983	0.01983	0.01471	0.02111	0.01215	0.01599	0.01023	0.00576	0.00640	0.00192	0.00768	0.00576	0.00320	0.01023
14	0.01599	0.01606	0.02280	0.21372	0.42927	0.09936	0.01784	0.02071	0.06413	0.01977	0.01273	0.01637	0.01028	0.00625	0.00636	0.00197	0.00819	0.00568	0.00337	0.00916
15	0.01404	0.03983	0.01845	0.04818	0.01702	0.01780	0.01270	0.05467	0.01127	0.01665	0.01071	0.01785	0.01062	0.09965	0.04583	0.00336	0.54518	0.00607	0.00318	0.00693
16	0.02398	0.01876	0.01857	0.01472	0.01953	0.10274	0.01195	0.53051	0.09240	0.07642	0.01645	0.01624	0.01178	0.00774	0.00640	0.00193	0.00736	0.00580	0.00620	0.01052
17	0.00908	0.00719	0.00825	0.00797	0.00996	0.00666	0.00606	0.01271	0.07267	0.02198	0.35077	0.05348	0.35454	0.01444	0.00759	0.00215	0.00343	0.03841	0.00653	0.00613
18	0.00764	0.00655	0.00655	0.00655	0.00873	0.00545	0.00491	0.00927	0.01473	0.01745	0.06546	0.06218	0.73000	0.01636	0.00764	0.00218	0.00327	0.01364	0.00600	0.00545
19	0.10487	0.00677	0.00642	0.00631	0.00810	0.00700	0.00480	0.01551	0.01326	0.02465	0.01969	0.02252	0.01546	0.00735	0.00446	0.00156	0.00324	0.00573	0.71616	0.00613
20	0.01346	0.11899	0.65823	0.01757	0.02666	0.01622	0.02240	0.02033	0.01358	0.01986	0.01129	0.01326	0.00820	0.00607	0.00591	0.00197	0.00925	0.00462	0.00273	0.00940
21	0.00871	0.00648	0.00810	0.00792	0.00944	0.00588	0.00586	0.01126	0.01692	0.02320	0.52152	0.13387	0.18774	0.01463	0.00770	0.00213	0.00317	0.01283	0.00677	0.00588
22	0.01574	0.01351	0.01437	0.01308	0.01660	0.01557	0.01024	0.03312	0.68017	0.02658	0.02676	0.02692	0.02073	0.00929	0.00671	0.00224	0.00516	0.04667	0.00654	0.00998
23	0.00940	0.00626	0.00705	0.00705	0.00705	0.00626	0.00392	0.00940	0.00940	0.01253	0.02036	0.04228	0.02349	0.77292	0.03289	0.00626	0.00626	0.00940	0.00392	0.00392
24	0.01340	0.01148	0.01340	0.00957	0.01531	0.00861	0.00766	0.01627	0.01340	0.02105	0.01148	0.01340	0.00957	0.00479	0.00479	0.00096	0.00479	0.00383	0.00383	0.81242
25	0.01910	0.01687	0.01622	0.01398	0.01797	0.10118	0.01100	0.20084	0.46917	0.02913	0.02175	0.02055	0.01625	0.00827	0.00646	0.00207	0.00636	0.00658	0.00617	0.01010
26	0.02176	0.01557	0.01731	0.01462	0.04151	0.01710	0.01142	0.35594	0.27965	0.12371	0.02060	0.01948	0.01478	0.00809	0.00651	0.00204	0.00620	0.00644	0.00659	0.01069
27	0.00768	0.00655	0.00661	0.00659	0.00875	0.00547	0.00494	0.00936	0.01483	0.01770	0.08494	0.06177	0.71035	0.01627	0.00764	0.00218	0.00327	0.01358	0.00603	0.00547
28	0.00812	0.00596	0.00828	0.00938	0.00996	0.00556	0.02256	0.00946	0.01278	0.01713	0.07476	0.70980	0.04300	0.01949	0.00820	0.00258	0.00388	0.01773	0.00600	0.00538
29	0.02552	0.01656	0.01844	0.01414	0.01927	0.01775	0.01168	0.56385	0.02780	0.19158	0.01767	0.01692	0.01207	0.00781	0.00647	0.00195	0.00676	0.00596	0.00680	0.01099
30	0.00893	0.00660	0.00834	0.00791	0.00952	0.00601	0.00593	0.01178	0.01779	0.02473	0.63640	0.05021	0.15452	0.01365	0.00762	0.00205	0.00308	0.01196	0.00696	0.00601
31	0.01599	0.01535	0.02623	0.03966	0.73262	0.01535	0.01983	0.01983	0.01471	0.02111	0.01215	0.01599	0.01023	0.00576	0.00640	0.00192	0.00768	0.00576	0.00320	0.01023
32	0.01027	0.00733	0.01025	0.01173	0.01316	0.00731	0.01016	0.01314	0.01473	0.01917	0.03429	0.11269	0.03750	0.01799	0.00889	0.00295	0.00582	0.65075	0.00595	0.00591
33	0.02414	0.03079	0.01831	0.01665	0.01998	0.74698	0.01248	0.02580	0.01831	0.01581	0.00999	0.01165	0.00832	0.00666	0.00583	0.00166	0.01165	0.00416	0.00333	0.00749
34	0.01507	0.01449	0.02421	0.17122	0.52161	0.01568	0.01882	0.01872	0.01382	0.01961	0.01161	0.01601	0.00973	0.00653	0.00811	0.00207	0.09457	0.00574	0.00309	0.00930
35	0.05466	0.01594	0.01741	0.01371	0.01839	0.01730	0.01119	0.53146	0.04386	0.11876	0.01831	0.07729	0.01420	0.00875	0.00652	0.00201	0.00652	0.00686	0.00651	0.01035
36	0.01379	0.01393	0.01965	0.63069	0.08141	0.09874	0.01742	0.01777	0.01364	0.01669	0.01135	0.01651	0.00867	0.00644	0.00638	0.00208	0.00891	0.00556	0.00294	0.00739
37	0.00792	0.00570	0.00752	0.00888	0.00936	0.00529	0.00597	0.00915	0.01271	0.01694	0.06741	0.71377	0.06583	0.01980	0.00820	0.00258	0.00370	0.01792	0.00605	0.00529
38	0.01125	0.00734	0.00888	0.00816	0.01039	0.00660	0.00623	0.01423	0.03918	0.10901	0.39637	0.04906	0.28175	0.01351	0.00746	0.00208	0.00349	0.01158	0.00682	0.00660
39	0.00907	0.00660	0.00853	0.00805	0.00961	0.00606	0.00604	0.01204	0.01811	0.02548	0.69522	0.04898	0.09522	0.01337	0.00762	0.00204	0.00306	0.01179	0.00706	0.00606
40	0.00823	0.00589	0.00785	0.00902	0.00965	0.00551	0.00627	0.00977	0.01348	0.01820	0.14922	0.61081	0.04541	0.01895	0.00818	0.00255	0.00376	0.05565	0.00618	0.00543
41	0.00786	0.00567	0.00745	0.00887	0.00934	0.00526	0.00594	0.00901	0.01249	0.01654	0.03714	0.73253	0.07792	0.02004	0.00822	0.00260	0.00372	0.01813	0.00600	0.00526
42	0.01559	0.01628	0.02923	0.16415	0.21102	0.04850	0.31808	0.04679	0.01518	0.02037	0.01231	0.01655	0.00962	0.00611	0.00756	0.00210	0.04201	0.00649	0.00329	0.00878
43	0.01355	0.21710	0.41990	0.01497	0.02193	0.01643	0.01742	0.01943	0.05418	0.01897	0.01502	0.11526	0.01354	0.00804	0.00594	0.00196	0.00784	0.00642	0.00340	0.00869
44	0.01522	0.01696	0.03603	0.05691	0.11462	0.01615	0.60307	0.02044	0.01510	0.02058	0.01290	0.01726	0.00981	0.00552	0.00744	0.00215	0.01043	0.00734	0.00324	0.00883
45	0.00812	0.00697	0.00701	0.00692	0.00919	0.00606	0.00521	0.01071	0.05513	0.01800	0.06322	0.06000	0.68936	0.01593	0.00758	0.00218	0.00338	0.01327	0.00603	0.00573
46	0.00923	0.00692	0.01038	0.01038	0.01154	0.00808	0.00808	0.01154	0.01038	0.01500	0.01731	0.02538	0.01615	0.04846	0.74732	0.01038	0.01731	0.00692	0.00346	0.00577
47	0.00783	0.00655	0.00682	0.00675	0.00885	0.00554	0.00506	0.00965	0.01519	0.01855	0.15127	0.06038	0.64350	0.01596	0.00763	0.00216	0.00324	0.01338	0.00614	0.00554
48	0.00923	0.00692	0.01038	0.01038	0.01154	0.00808	0.00808	0.01154	0.01038	0.01500	0.01731	0.02538	0.01615	0.04846	0.74732	0.01038	0.01731	0.00692	0.00346	0.00577
49	0.01806	0.69094	0.03207	0.01170	0.01697	0.10860	0.01122	0.02009	0.01373	0.01527	0.00910	0.01051	0.00830	0.00566	0.00434	0.00141	0.00746	0.00354	0.00283	0.00820
50	0.00764	0.00655	0.00655	0.00655	0.00873	0.00545	0.00491	0.00927	0.01473	0.01745	0.06546	0.06218	0.73000	0.01636	0.00764	0.00218	0.00327	0.01364	0.00600	0.00545
51	0.02147	0.02068	0.01982	0.02029	0.16734	0.23268	0.01362	0.27085	0.12050	0.02739	0.01470	0.01568	0.01127	0.00716	0.00628	0.00189	0.00829	0.00553	0.00488	0.00969
52	0.02165	0.02368	0.01729	0.01529	0.01898	0.41451	0.01174	0.12401	0.24221	0.02283	0.01592	0.01613	0.01230	0.00748	0.00615	0.00187	0.00895	0.00539	0.00479	0.00884
53	0.01005	0.00719	0.00999	0.01137	0.01273	0.00712	0.00968	0.01282	0.01476	0.01935	0.06996	0.15171	0.03904	0.01789	0.00878	0.00289	0.00555	0.57724	0.00601	0.00588
54	0.01431	0.01433	0.01960	0.53204	0.11396	0.09893	0.01687	0.01943	0.07298	0.01781	0.01262	0.01703	0.00969	0.00660	0.00639	0.00207	0.00857	0.00569	0.00327	0.00780
55	0.00787	0.00562	0.00750	0.00900	0.00937	0.00525	0.00600	0.00900	0.01237	0.01649	0.03561	0.76871	0.04274	0.02024	0.00825	0.00262	0.00375	0.01837	0.00600	0.00525
56	0.00785	0.00573	0.00739	0.00871	0.00930	0.00527	0.00587	0.00903	0.01264	0.01660	0.03905	0.68739	0.12184	0.01980	0.00818	0.00257	0.00369	0.01782	0.00600	0.00527
57	0.01298	0.01244	0.01758	0.01542	0.01569	0.01704	0.01271	0.01461	0.01001	0.01542	0.01056	0.01678	0.01028	0.02004	0.19186	0.00460	0.58629	0.00595	0.00298	0.00676
58	0.01321	0.01121	0.01196	0.01096	0.01399	0.01229	0.00845	0.02560	0.46372	0.02473	0.13411	0.03604	0.18466	0.01109	0.00696	0.00217	0.00441	0.00934	0.00652	0.00858
59	0.00765	0.00648	0.00661	0.00672	0.00877	0.00544	0.00499	0.00925	0.01456	0.01739	0.06336	0.11171	0.68182	0.01664	0.00768	0.00221	0.00331	0.01397	0.00600	0.00544
60	0.01393	0.20021	0.58114	0.01676	0.02541	0.01738	0.02100	0.02021	0.01353	0.01928	0.01101	0.01291	0.00821	0.00600	0.00569	0.00190	0.00896	0.00448	0.00274	0.00927
61	0.01589	0.01566	0.01442	0.07523	0.01839	0.16108	0.01050	0.02661	0.39367	0.02207	0.02535	0.10916	0.06449	0.00995	0.00667	0.00213	0.00645	0.00822	0.00551	0.00854
62	0.01916	0.01921	0.07912	0.01573	0.02000	0.18317	0.09233	0.12321	0.09908	0.10350	0.01910	0.02014	0.06188	0.01042	0.04994	0.00251	0.06155	0.00640	0.00479	0.00875
63	0.01899	0.01494	0.04130	0.01269	0.01766	0.01442	0.01067	0.33957	0.06566	0.05845	0.01703	0.03707	0.01374	0.00783	0.00613	0.00175	0.00609	0.04906	0.02190	0.24505
64	0.02414	0.03079	0.01831	0.01665	0.01998	0.74698	0.01248	0.02580	0.01831	0.01581	0.00999	0.01165	0.00832	0.00666	0.00583	0.00166	0.01165	0.00416	0.00333	0.00749
65	0.01557	0.04058	0.01664	0.01311	0.04188	0.09512	0.06748	0.03417	0.03181	0.06600	0.03880	0.07805	0.03556	0.00734	0.00582	0.00151	0.00619	0.00625	0.00440	0.39374
66	0.01492	0.01713	0.07057	0.18649	0.05057	0.15922	0.09752	0.01960	0.07301	0.01789	0.01427	0.04385	0.01209	0.01428	0.13053	0.00347	0.05706	0.00635	0.00353	0.00765
67	0.66065	0.01613	0.01125	0.01012	0.01398	0.16010	0.00809	0.02035	0.01245	0.02637	0.00919	0.01073	0.00726	0.00613	0.00436	0.00193	0.00632	0.00363	0.00387	0.00710
68	0.00786	0.00581	0.00735	0.00854	0.00926	0.00531	0.00581	0.00912	0.01293	0.01689	0.05744	0.62552	0.16578	0.01938	0.00812	0.00253	0.00365	0.01737	0.00602	0.00531
69	0.00982	0.00702	0.00835	0.00839	0.01044	0.00628	0.00668	0.01210	0.01571	0.06118	0.19260	0.05946	0.39169	0.01557	0.00786	0.00232	0.00397	0.16820	0.00633	0.00602
70	0.02504	0.01486	0.01708	0.01337	0.01826	0.01555	0.01096	0.36308	0.12184	0.29911	0.02074	0.01913	0.01407	0.00799	0.00649	0.00200	0.00623	0.00628	0.00705	0.01089
71	0.00901	0.00678	0.00852	0.00919	0.01067	0.00636	0.00721	0.01155	0.02842	0.01965	0.17577	0.21173	0.22362	0.01691	0.00815	0.00250	0.00421	0.22775	0.00621	0.00578
72	0.02358	0.01761	0.01884	0.01467	0.01967	0.01958	0.01204	0.63318	0.10986	0.03915	0.01675	0.01650	0.01199	0.00787	0.00648	0.00197	0.00688	0.00599	0.00648	0.01090
73	0.01558	0.01218	0.01410	0.01078	0.01566	0.01105	0.00867	0.15640	0.04140	0.04138	0.01412	0.01613	0.01135	0.01071	0.09068	0.00233	0.00666	0.00484	0.03061	0.48538
74	0.02344	0.04969	0.01908	0.01466	0.01930	0.15890	0.01191	0.50443	0.04843	0.03387	0.01475	0.01517	0.01086	0.00748	0.00618	0.00186	0.00775	0.00546	0.03676	0.01000

[dist]
# distance from previous block
# <min> <max>
0	19

[block]
# block no. 3 follows, 34 sequences, length 38
# corresponding to MSA columns:
# 220-257
name=unknown_D
#
# <colnr> <probs for GDERKNQSTAVLIFYWHMCP>
#	G	D	E	R	K	N	Q	S	T	A	V	L	I	F	Y	W	H	M	C	P
0	0.02226	0.06661	0.01837	0.04819	0.01998	0.50081	0.01202	0.08193	0.05336	0.05576	0.01342	0.05331	0.01134	0.00757	0.00601	0.00179	0.00982	0.00536	0.00408	0.00801
1	0.02201	0.05761	0.01745	0.01475	0.01817	0.49780	0.01140	0.12374	0.01917	0.02049	0.01291	0.01582	0.01071	0.00728	0.00581	0.00172	0.00959	0.02963	0.09610	0.00781
2	0.00894	0.00676	0.00947	0.00951	0.01074	0.00739	0.00725	0.01104	0.01147	0.01590	0.06336	0.06937	0.11968	0.07211	0.53677	0.00823	0.01343	0.00879	0.00416	0.00564
3	0.00787	0.00562	0.00750	0.00900	0.00937	0.00525	0.00600	0.00900	0.01237	0.01649	0.03561	0.76871	0.04274	0.02024	0.00825	0.00262	0.00375	0.01837	0.00600	0.00525
4	0.02155	0.00935	0.01261	0.01023	0.01393	0.00822	0.00822	0.02426	0.01842	0.47061	0.28917	0.03184	0.03285	0.00995	0.00692	0.00201	0.00458	0.00844	0.00767	0.00916
5	0.00924	0.00689	0.01023	0.01023	0.01134	0.00800	0.00789	0.01144	0.01034	0.01489	0.01744	0.02614	0.01648	0.08105	0.71518	0.01020	0.01681	0.00703	0.00348	0.00569
6	0.01340	0.01148	0.01340	0.00957	0.01531	0.00861	0.00766	0.01627	0.01340	0.02105	0.01148	0.01340	0.00957	0.00479	0.00479	0.00096	0.00479	0.00383	0.00383	0.81242
7	0.02331	0.01659	0.01809	0.01416	0.01889	0.01814	0.01157	0.61109	0.02812	0.07675	0.01786	0.08314	0.01410	0.00888	0.00662	0.00200	0.00672	0.00698	0.00651	0.01048
8	0.01341	0.01153	0.01350	0.01022	0.01522	0.00966	0.00811	0.01763	0.08228	0.02116	0.01404	0.05351	0.01223	0.00626	0.00587	0.00125	0.03829	0.00500	0.00416	0.65667
9	0.01617	0.01312	0.01488	0.01088	0.01648	0.01145	0.00880	0.18859	0.01761	0.02593	0.01248	0.01392	0.00992	0.00552	0.00520	0.00120	0.00536	0.00432	0.00448	0.61366
10	0.01552	0.01520	0.02664	0.10584	0.52764	0.01544	0.11771	0.02041	0.05262	0.02092	0.01298	0.01675	0.01053	0.00594	0.00659	0.00199	0.00809	0.00611	0.00336	0.00972
11	0.00971	0.00668	0.00830	0.00804	0.00968	0.00603	0.00592	0.01204	0.01637	0.06051	0.42250	0.15010	0.20206	0.04239	0.00858	0.00230	0.00344	0.01268	0.00664	0.00602
12	0.00773	0.00651	0.00670	0.00674	0.00880	0.00548	0.00502	0.00942	0.01481	0.01786	0.09923	0.09241	0.66452	0.01637	0.00766	0.00219	0.00328	0.01374	0.00606	0.00548
13	0.02202	0.05948	0.01934	0.01763	0.07273	0.51904	0.01279	0.08928	0.01817	0.01851	0.01096	0.01314	0.00915	0.00910	0.04643	0.00222	0.04387	0.00462	0.00358	0.00795
14	0.02456	0.01810	0.01939	0.01487	0.02004	0.02004	0.01228	0.71107	0.03038	0.04072	0.01551	0.01551	0.01099	0.00776	0.00646	0.00194	0.00711	0.00582	0.00646	0.01099
15	0.09946	0.18560	0.51533	0.01583	0.02396	0.01714	0.01942	0.02007	0.01325	0.02028	0.01078	0.01263	0.00808	0.00600	0.00550	0.00190	0.00852	0.00436	0.00287	0.00902
16	0.00764	0.00655	0.00655	0.00655	0.00873	0.00545	0.00491	0.00927	0.01473	0.01745	0.06546	0.06218	0.73000	0.01636	0.00764	0.00218	0.00327	0.01364	0.00600	0.00545
17	0.01581	0.01677	0.05454	0.13737	0.49775	0.09119	0.01836	0.01953	0.01468	0.01967	0.01284	0.04860	0.01114	0.00660	0.00642	0.00196	0.00813	0.00610	0.00327	0.00926
18	0.11785	0.06228	0.03720	0.05417	0.01984	0.05080	0.05386	0.18862	0.08167	0.16497	0.01606	0.01637	0.01153	0.00693	0.00590	0.00186	0.00671	0.00545	0.00533	0.09261
19	0.02037	0.02467	0.01779	0.01610	0.01837	0.50884	0.01236	0.02193	0.01577	0.01580	0.01171	0.07402	0.01117	0.00890	0.00978	0.00203	0.19407	0.00569	0.00342	0.00720
20	0.01966	0.00884	0.01191	0.01006	0.01330	0.00781	0.00791	0.02215	0.01761	0.40738	0.25840	0.12980	0.03434	0.01134	0.00710	0.00209	0.00446	0.00978	0.00744	0.00862
21	0.01691	0.01564	0.01500	0.01351	0.01713	0.09224	0.01046	0.03344	0.64772	0.02586	0.02460	0.02281	0.01854	0.00855	0.00650	0.00214	0.00579	0.00698	0.00624	0.00994
22	0.01734	0.01451	0.01532	0.01341	0.01729	0.01666	0.01053	0.13539	0.61782	0.02907	0.02469	0.02282	0.01842	0.00862	0.00656	0.00215	0.00541	0.00708	0.00656	0.01034
23	0.02414	0.03079	0.01831	0.01665	0.01998	0.74698	0.01248	0.02580	0.01831	0.01581	0.00999	0.01165	0.00832	0.00666	0.00583	0.00166	0.01165	0.00416	0.00333	0.00749
24	0.02337	0.06938	0.01895	0.01618	0.01964	0.67258	0.01230	0.02588	0.05291	0.01634	0.01074	0.01220	0.00889	0.00670	0.00577	0.00168	0.01108	0.00428	0.00346	0.00767
25	0.00801	0.00656	0.00711	0.00731	0.00925	0.00566	0.00556	0.00983	0.01483	0.01818	0.11016	0.11458	0.56844	0.01655	0.00779	0.00227	0.00352	0.07276	0.00608	0.00553
26	0.06392	0.01879	0.01574	0.01367	0.01740	0.23510	0.01074	0.19109	0.17330	0.05765	0.05072	0.02270	0.05344	0.00871	0.00639	0.00198	0.00742	0.03695	0.00546	0.00882
27	0.00804	0.00625	0.00721	0.00760	0.00899	0.00553	0.00539	0.00966	0.01427	0.01825	0.15979	0.28281	0.36874	0.05619	0.00913	0.00251	0.00354	0.01460	0.00607	0.00541
28	0.01809	0.01299	0.01504	0.01367	0.05992	0.02992	0.01003	0.21214	0.11520	0.11966	0.02175	0.18243	0.01948	0.01007	0.00660	0.00198	0.00568	0.00852	0.00590	0.13094
29	0.01723	0.04766	0.01756	0.05356	0.11754	0.06751	0.01211	0.16031	0.11035	0.06374	0.07754	0.06563	0.01991	0.00953	0.00748	0.00210	0.04712	0.06761	0.00526	0.03027
30	0.22922	0.05696	0.01670	0.05440	0.05110	0.12254	0.01100	0.19294	0.10162	0.06674	0.02908	0.01554	0.01161	0.00710	0.00564	0.00193	0.00691	0.00518	0.00493	0.00886
31	0.22467	0.10446	0.05178	0.05674	0.12318	0.07946	0.01216	0.11491	0.01601	0.04292	0.01592	0.02008	0.04904	0.00769	0.00571	0.00197	0.00689	0.05387	0.00425	0.00830
32	0.03812	0.01611	0.01825	0.08208	0.08950	0.10942	0.05028	0.24653	0.06029	0.07071	0.05100	0.07445	0.04710	0.00874	0.00662	0.00202	0.00723	0.00728	0.00527	0.00898
33	0.10833	0.01591	0.05191	0.06176	0.08823	0.07992	0.01194	0.16169	0.14065	0.07197	0.04912	0.02075	0.05363	0.00900	0.02566	0.00220	0.00692	0.00631	0.00515	0.02894
34	0.05802	0.14032	0.12802	0.01417	0.03590	0.13693	0.03764	0.07476	0.05942	0.04175	0.07921	0.09605	0.01783	0.00848	0.00607	0.00188	0.00726	0.00681	0.00440	0.04508
35	0.07963	0.08188	0.07572	0.01313	0.01765	0.07414	0.04180	0.13045	0.07716	0.04876	0.04183	0.08729	0.01535	0.00822	0.00662	0.00185	0.03961	0.00649	0.00468	0.14775
36	0.17165	0.16709	0.04383	0.02875	0.01615	0.01531	0.02628	0.14651	0.03214	0.05616	0.02056	0.12097	0.08105	0.00925	0.00583	0.00194	0.00586	0.00732	0.00481	0.03856
37	0.06098	0.06151	0.01641	0.01381	0.04733	0.14312	0.05639	0.05705	0.07352	0.08830	0.01971	0.13358	0.03331	0.07435	0.04187	0.00269	0.00741	0.00786	0.00475	0.05603

[dist]
# distance from previous block
# <min> <max>
0	73

[block]
# block no. 4 follows, 34 sequences, length 116
# corresponding to MSA columns:
# 346-461
name=unknown_E
#
# <colnr> <probs for GDERKNQSTAVLIFYWHMCP>
#	G	D	E	R	K	N	Q	S	T	A	V	L	I	F	Y	W	H	M	C	P
0	0.12280	0.26798	0.05638	0.01499	0.05109	0.17184	0.06129	0.07590	0.04789	0.02075	0.01175	0.03073	0.00991	0.00652	0.00533	0.00173	0.00790	0.00480	0.00367	0.02677
1	0.04180	0.01863	0.06385	0.01374	0.03493	0.23369	0.01111	0.09040	0.03660	0.07462	0.02010	0.05727	0.07027	0.00888	0.00629	0.00185	0.00749	0.06425	0.00470	0.13951
2	0.08448	0.05318	0.04876	0.01534	0.01987	0.22410	0.08197	0.12606	0.08168	0.08853	0.01399	0.01506	0.01059	0.00697	0.00667	0.00187	0.04343	0.00524	0.00453	0.06768
3	0.05344	0.04893	0.04790	0.01505	0.03948	0.16136	0.05892	0.19244	0.11820	0.04444	0.02061	0.08795	0.06531	0.00899	0.00646	0.00200	0.00739	0.00730	0.00509	0.00875
4	0.02092	0.05072	0.04830	0.01677	0.06133	0.36062	0.04131	0.11708	0.07261	0.05410	0.04693	0.01692	0.02794	0.00732	0.00615	0.00181	0.00898	0.00550	0.00440	0.03030
5	0.06111	0.03971	0.01703	0.04659	0.09013	0.19292	0.01152	0.08374	0.13907	0.05803	0.08996	0.01929	0.01669	0.00767	0.00651	0.00186	0.02847	0.00594	0.00481	0.07896
6	0.13204	0.10546	0.05058	0.01719	0.12996	0.13333	0.01244	0.12764	0.12316	0.05376	0.04390	0.01650	0.01304	0.00708	0.00579	0.00189	0.00718	0.00539	0.00462	0.00906
7	0.13354	0.05490	0.05005	0.01399	0.01825	0.22334	0.01161	0.21562	0.08067	0.06162	0.01517	0.01578	0.03150	0.00752	0.00647	0.00192	0.03912	0.00526	0.00482	0.00886
8	0.05527	0.09786	0.01927	0.01579	0.08325	0.19046	0.01172	0.12004	0.04797	0.18518	0.01506	0.01552	0.01113	0.00706	0.00653	0.00181	0.04176	0.00515	0.00493	0.06424
9	0.04490	0.20732	0.05367	0.01458	0.01917	0.25767	0.01248	0.23968	0.02008	0.02410	0.01146	0.01272	0.00912	0.00689	0.00623	0.00176	0.04060	0.00458	0.00415	0.00885
10	0.09220	0.02049	0.04767	0.04441	0.12703	0.22546	0.01357	0.22901	0.03932	0.02594	0.01352	0.01684	0.01093	0.00746	0.00653	0.00195	0.02786	0.03636	0.00447	0.00898
11	0.01026	0.04142	0.00976	0.00824	0.01072	0.00810	0.00636	0.07400	0.03345	0.02114	0.16519	0.11522	0.41598	0.01435	0.00731	0.00210	0.00388	0.01210	0.00603	0.03439
12	0.01065	0.00814	0.00944	0.00933	0.01145	0.00784	0.00741	0.10001	0.01691	0.02173	0.12399	0.13381	0.32268	0.01568	0.00786	0.00237	0.00443	0.17378	0.00617	0.00633
13	0.01696	0.01718	0.02529	0.03693	0.64805	0.10217	0.01896	0.02054	0.01514	0.02048	0.01190	0.01548	0.01001	0.00586	0.00633	0.00189	0.00815	0.00557	0.00321	0.00991
14	0.02357	0.05645	0.01977	0.01671	0.02041	0.62624	0.04045	0.08655	0.01908	0.01821	0.01057	0.01218	0.00862	0.00667	0.00589	0.00170	0.01104	0.00442	0.00359	0.00788
15	0.81856	0.01250	0.00950	0.00850	0.01250	0.01449	0.00700	0.01899	0.01100	0.02899	0.00900	0.01050	0.00700	0.00600	0.00400	0.00200	0.00500	0.00350	0.00400	0.00700
16	0.01727	0.77681	0.03386	0.01106	0.01658	0.02557	0.01106	0.01935	0.01313	0.01520	0.00898	0.01036	0.00829	0.00553	0.00415	0.00138	0.00691	0.00345	0.00276	0.00829
17	0.00889	0.00659	0.00828	0.00786	0.00949	0.00599	0.00589	0.01169	0.01768	0.02446	0.61550	0.05065	0.17558	0.01375	0.00762	0.00206	0.00309	0.01202	0.00692	0.00599
18	0.00764	0.00655	0.00655	0.00655	0.00873	0.00545	0.00491	0.00927	0.01473	0.01745	0.06546	0.06218	0.73000	0.01636	0.00764	0.00218	0.00327	0.01364	0.00600	0.00545
19	0.00813	0.00604	0.00748	0.00821	0.00917	0.00550	0.00568	0.00967	0.01383	0.01825	0.16969	0.44659	0.19420	0.05497	0.00921	0.00260	0.00364	0.01567	0.00610	0.00538
20	0.00939	0.00629	0.00719	0.00719	0.00724	0.00634	0.00410	0.00949	0.00944	0.01264	0.02023	0.04155	0.02317	0.74136	0.06402	0.00644	0.00675	0.00929	0.00390	0.00400
21	0.02223	0.23768	0.02262	0.01510	0.01903	0.54692	0.01209	0.02401	0.01687	0.01564	0.00971	0.01130	0.00831	0.00634	0.00536	0.00159	0.01034	0.00397	0.00317	0.00771
22	0.00866	0.00618	0.00840	0.00989	0.01061	0.00592	0.00736	0.01035	0.01314	0.01737	0.03518	0.55397	0.04102	0.01950	0.00846	0.00273	0.00443	0.22537	0.00598	0.00546
23	0.01729	0.10677	0.10896	0.02196	0.11389	0.19788	0.23451	0.02188	0.04493	0.01938	0.04252	0.01618	0.01172	0.00634	0.00642	0.00191	0.00950	0.00590	0.00346	0.00860
24	0.01683	0.04861	0.06800	0.01464	0.05043	0.01624	0.01173	0.05934	0.54731	0.05864	0.02337	0.02194	0.01744	0.00822	0.00642	0.00211	0.00572	0.00679	0.00604	0.01016
25	0.00787	0.00562	0.00750	0.00900	0.00937	0.00525	0.00600	0.00900	0.01237	0.01649	0.03561	0.76871	0.04274	0.02024	0.00825	0.00262	0.00375	0.01837	0.00600	0.00525
26	0.01512	0.01717	0.03731	0.05903	0.03424	0.01625	0.67905	0.02051	0.01515	0.02051	0.01300	0.01742	0.00975	0.00549	0.00757	0.00218	0.01079	0.00754	0.00325	0.00865
27	0.01340	0.01148	0.01340	0.00957	0.01531	0.00861	0.00766	0.01627	0.01340	0.02105	0.01148	0.01340	0.00957	0.00479	0.00479	0.00096	0.00479	0.00383	0.00383	0.81242
28	0.01466	0.01193	0.01290	0.01181	0.01497	0.01322	0.00916	0.05850	0.47533	0.04528	0.04867	0.09428	0.11464	0.01110	0.00696	0.00224	0.00484	0.03406	0.00648	0.00899
29	0.01018	0.00732	0.01011	0.01153	0.01300	0.00725	0.00997	0.01301	0.01475	0.01912	0.03564	0.10423	0.06761	0.01789	0.00884	0.00292	0.00573	0.62905	0.00595	0.00590
30	0.00914	0.00660	0.00864	0.00813	0.00965	0.00610	0.00610	0.01219	0.01829	0.02591	0.72921	0.04827	0.06097	0.01321	0.00762	0.00203	0.00305	0.01169	0.00711	0.00610
31	0.00770	0.00655	0.00663	0.00661	0.00877	0.00548	0.00496	0.00940	0.01488	0.01781	0.09364	0.06159	0.70159	0.01623	0.00764	0.00218	0.00326	0.01355	0.00605	0.00548
32	0.01369	0.03240	0.70632	0.01810	0.02744	0.01475	0.02322	0.02097	0.01386	0.05323	0.01223	0.01402	0.00854	0.00622	0.00616	0.00204	0.00936	0.00485	0.00297	0.00962
33	0.02887	0.01119	0.01511	0.01159	0.01659	0.00978	0.00957	0.04985	0.01881	0.71827	0.02522	0.02182	0.01586	0.00799	0.00650	0.00200	0.00554	0.00648	0.00796	0.01100
34	0.01414	0.01414	0.01979	0.01696	0.01696	0.01979	0.01414	0.01555	0.00990	0.01555	0.00848	0.01414	0.00848	0.01131	0.02120	0.00283	0.76110	0.00565	0.00283	0.00707
35	0.01578	0.01535	0.02686	0.06782	0.65136	0.01539	0.07237	0.01976	0.01468	0.02089	0.01220	0.01615	0.01014	0.00576	0.00649	0.00195	0.00796	0.00590	0.00319	0.00999
36	0.65472	0.01627	0.01131	0.01018	0.01404	0.16557	0.00813	0.02040	0.01250	0.02627	0.00920	0.01073	0.00727	0.00613	0.00438	0.00193	0.00637	0.00364	0.00386	0.00710
37	0.10707	0.05896	0.48128	0.01662	0.02440	0.04900	0.04712	0.05240	0.04438	0.02224	0.01197	0.01373	0.00878	0.00624	0.00585	0.00197	0.00864	0.00479	0.00329	0.03125
38	0.00765	0.00650	0.00659	0.00666	0.00876	0.00545	0.00496	0.00926	0.01462	0.01741	0.06410	0.09434	0.69872	0.01654	0.00766	0.00220	0.00329	0.01385	0.00600	0.00545
39	0.02899	0.01100	0.01499	0.01150	0.01649	0.00950	0.00950	0.03149	0.01849	0.73709	0.02549	0.02199	0.01599	0.00800	0.00650	0.00200	0.00550	0.00650	0.00800	0.01100
40	0.02817	0.01231	0.01581	0.01212	0.01715	0.01145	0.01001	0.15731	0.02069	0.60817	0.02364	0.02079	0.01507	0.00795	0.00649	0.00199	0.00580	0.00637	0.00771	0.01099
41	0.00810	0.00579	0.00776	0.00926	0.00974	0.00545	0.00640	0.00940	0.01260	0.01675	0.03548	0.70527	0.04223	0.02002	0.00831	0.00266	0.00395	0.07952	0.00599	0.00531
42	0.02330	0.01307	0.01693	0.01428	0.04912	0.04385	0.05806	0.06204	0.14867	0.41133	0.07118	0.02284	0.01851	0.00815	0.00663	0.00203	0.00607	0.00691	0.00686	0.01018
43	0.00844	0.00623	0.00777	0.00879	0.00954	0.00592	0.00600	0.01040	0.04492	0.01704	0.05356	0.55913	0.11917	0.08238	0.01018	0.00285	0.00400	0.03239	0.00587	0.00542
44	0.02453	0.01915	0.01930	0.01501	0.02003	0.08039	0.01230	0.65418	0.02938	0.03865	0.01505	0.01519	0.01077	0.00767	0.00641	0.00192	0.00749	0.00568	0.00620	0.01070
45	0.01540	0.01227	0.01412	0.08048	0.08729	0.07148	0.00962	0.10673	0.01512	0.07064	0.01718	0.06608	0.01646	0.25651	0.01486	0.00324	0.00676	0.00729	0.00443	0.12406
46	0.01739	0.71447	0.06323	0.01152	0.01721	0.02489	0.01165	0.04745	0.01385	0.01646	0.00936	0.01071	0.00840	0.00564	0.00432	0.00143	0.00703	0.00361	0.00291	0.00845
47	0.81856	0.01250	0.00950	0.00850	0.01250	0.01449	0.00700	0.01899	0.01100	0.02899	0.00900	0.01050	0.00700	0.00600	0.00400	0.00200	0.00500	0.00350	0.00400	0.00700
48	0.01759	0.01464	0.01716	0.01604	0.07772	0.01630	0.03687	0.19672	0.42125	0.02898	0.02259	0.06894	0.01791	0.00888	0.00668	0.00213	0.00594	0.00753	0.00611	0.01004
49	0.00798	0.00569	0.00759	0.00898	0.00937	0.00539	0.00600	0.00910	0.01219	0.01630	0.03441	0.71617	0.04109	0.04750	0.03618	0.00304	0.00433	0.01764	0.00583	0.00522
50	0.00815	0.00587	0.00779	0.00922	0.00980	0.00551	0.00645	0.00951	0.01276	0.01686	0.03675	0.65860	0.07205	0.01980	0.00830	0.00264	0.00398	0.09463	0.00599	0.00534
51	0.02899	0.01100	0.01499	0.01150	0.01649	0.00950	0.00950	0.03149	0.01849	0.73709	0.02549	0.02199	0.01599	0.00800	0.00650	0.00200	0.00550	0.00650	0.00800	0.01100
52	0.01607	0.01388	0.01461	0.01315	0.01680	0.01607	0.01023	0.03433	0.72094	0.02703	0.02630	0.02411	0.01972	0.00877	0.00657	0.00219	0.00511	0.00731	0.00657	0.01023
53	0.02899	0.01100	0.01499	0.01150	0.01649	0.00950	0.00950	0.03149	0.01849	0.73709	0.02549	0.02199	0.01599	0.00800	0.00650	0.00200	0.00550	0.00650	0.00800	0.01100
54	0.02456	0.01810	0.01939	0.01487	0.02004	0.02004	0.01228	0.71107	0.03038	0.04072	0.01551	0.01551	0.01099	0.00776	0.00646	0.00194	0.00711	0.00582	0.00646	0.01099
55	0.01407	0.20258	0.54949	0.01759	0.05373	0.01743	0.02078	0.02018	0.01357	0.01929	0.01102	0.01299	0.00829	0.00598	0.00569	0.00189	0.00887	0.00451	0.00276	0.00929
56	0.01599	0.01535	0.02623	0.03966	0.73262	0.01535	0.01983	0.01983	0.01471	0.02111	0.01215	0.01599	0.01023	0.00576	0.00640	0.00192	0.00768	0.00576	0.00320	0.01023
57	0.81856	0.01250	0.00950	0.00850	0.01250	0.01449	0.00700	0.01899	0.01100	0.02899	0.00900	0.01050	0.00700	0.00600	0.00400	0.00200	0.00500	0.00350	0.00400	0.00700
