[name]
unknown

[dist]
# distance from previous block
# <min> <max>
0	31

[block]
# block no. 0 follows, 33 sequences, length 50
# corresponding to MSA columns:
# 36-85
name=unknown_A
#
# <colnr> <probs for GDERKNQSTAVLIFYWHMCP>
#	G	D	E	R	K	N	Q	S	T	A	V	L	I	F	Y	W	H	M	C	P
0	0.01061	0.00758	0.01061	0.01212	0.01364	0.00758	0.01061	0.01364	0.01515	0.01970	0.03486	0.07426	0.03789	0.01819	0.00909	0.00303	0.00606	0.68326	0.00606	0.00606
1	0.02503	0.01844	0.01976	0.01515	0.02042	0.02042	0.01251	0.70562	0.03095	0.04149	0.01581	0.01581	0.01120	0.00790	0.00659	0.00198	0.00724	0.00593	0.00659	0.01120
2	0.01243	0.01170	0.01975	0.75282	0.04534	0.01463	0.01828	0.01682	0.01316	0.01682	0.01170	0.01755	0.00878	0.00658	0.00658	0.00219	0.00878	0.00585	0.00293	0.00731
3	0.02879	0.01137	0.01526	0.01181	0.01682	0.01005	0.00972	0.03225	0.05826	0.69227	0.02602	0.02253	0.01651	0.00819	0.00662	0.00205	0.00558	0.00667	0.00807	0.01116
4	0.02503	0.01844	0.01976	0.01515	0.02042	0.02042	0.01251	0.70562	0.03095	0.04149	0.01581	0.01581	0.01120	0.00790	0.00659	0.00198	0.00724	0.00593	0.00659	0.01120
5	0.01617	0.01552	0.02650	0.06286	0.70607	0.01561	0.02014	0.02010	0.01493	0.02136	0.01236	0.01633	0.01038	0.00589	0.00652	0.00196	0.00785	0.00587	0.00325	0.01033
6	0.00784	0.00667	0.00675	0.00673	0.00893	0.00558	0.00505	0.00956	0.01515	0.01812	0.09233	0.06280	0.69905	0.01655	0.00778	0.00222	0.00333	0.01382	0.00616	0.00558
7	0.01598	0.01372	0.01454	0.01311	0.01671	0.01580	0.01018	0.03371	0.67625	0.02747	0.06624	0.02595	0.02247	0.00919	0.00676	0.00222	0.00509	0.00770	0.00673	0.01018
8	0.00889	0.00609	0.00738	0.00805	0.00822	0.00593	0.00492	0.00939	0.01091	0.01454	0.02759	0.36068	0.03257	0.43925	0.02245	0.00475	0.00525	0.01360	0.00492	0.00459
9	0.34915	0.01258	0.01304	0.01087	0.01530	0.01331	0.00885	0.04747	0.14330	0.29479	0.01893	0.01780	0.01308	0.00745	0.00559	0.00207	0.00537	0.00550	0.00617	0.00939
10	0.01008	0.00641	0.00848	0.00910	0.01010	0.00592	0.00633	0.01171	0.01427	0.07591	0.18172	0.52417	0.04456	0.04727	0.00910	0.00264	0.00391	0.01594	0.00643	0.00595
11	0.02280	0.01655	0.01777	0.01405	0.01878	0.01829	0.01147	0.52069	0.14013	0.06164	0.01837	0.01812	0.01325	0.00806	0.00645	0.00199	0.00654	0.00621	0.06816	0.01068
12	0.01317	0.00745	0.00758	0.00726	0.00916	0.00777	0.00552	0.04117	0.09277	0.02546	0.02188	0.02425	0.01704	0.00782	0.00490	0.00163	0.00345	0.00627	0.68867	0.00679
13	0.00971	0.00640	0.00831	0.00890	0.01003	0.00585	0.00626	0.01143	0.01458	0.06649	0.19022	0.49014	0.11118	0.01784	0.00808	0.00246	0.00373	0.01595	0.00650	0.00595
14	0.01200	0.00704	0.00861	0.00832	0.00956	0.00656	0.00562	0.01316	0.01321	0.12164	0.11800	0.18124	0.10171	0.34230	0.01890	0.00407	0.00506	0.01162	0.00563	0.00575
15	0.01731	0.01428	0.01507	0.01324	0.01705	0.01636	0.01039	0.12351	0.58640	0.02924	0.02504	0.02339	0.01873	0.00873	0.00657	0.00216	0.00537	0.00717	0.04970	0.01029
16	0.07630	0.01009	0.01277	0.01052	0.01443	0.00925	0.00844	0.02523	0.05254	0.44254	0.13885	0.07260	0.07712	0.01025	0.00682	0.00210	0.00488	0.00854	0.00739	0.00934
17	0.02062	0.01187	0.01393	0.01171	0.01570	0.01212	0.00933	0.06478	0.28556	0.29820	0.07594	0.02776	0.07197	0.00939	0.00673	0.00210	0.00510	0.00777	0.03947	0.00995
18	0.01664	0.01370	0.01463	0.01312	0.01681	0.01559	0.01028	0.05563	0.61974	0.05251	0.02806	0.02724	0.04470	0.00945	0.00681	0.00224	0.00526	0.03073	0.00670	0.01016
19	0.00942	0.00717	0.00871	0.00825	0.01008	0.00669	0.00621	0.01315	0.06012	0.02463	0.54128	0.05072	0.20126	0.01387	0.00770	0.00211	0.00328	0.01206	0.00697	0.00633
20	0.04871	0.00732	0.00891	0.00840	0.01042	0.00677	0.00647	0.01340	0.01739	0.06608	0.48156	0.04995	0.18478	0.01369	0.00760	0.00215	0.00356	0.04956	0.00686	0.00641
21	0.68943	0.01281	0.01052	0.00933	0.01341	0.01470	0.00761	0.02169	0.08940	0.06282	0.01192	0.01279	0.00900	0.00652	0.00449	0.00206	0.00513	0.00414	0.00456	0.00769
22	0.00932	0.00673	0.00880	0.00828	0.00984	0.00621	0.00621	0.01242	0.01863	0.02640	0.72410	0.04918	0.06212	0.01346	0.00776	0.00207	0.00311	0.01191	0.00725	0.00621
23	0.01440	0.01440	0.02016	0.01728	0.01728	0.02016	0.01440	0.01584	0.01008	0.01584	0.00864	0.01440	0.00864	0.01152	0.02160	0.00288	0.75659	0.00576	0.00288	0.00720
24	0.00912	0.00699	0.00911	0.00938	0.01054	0.00728	0.00705	0.01087	0.01226	0.01626	0.03408	0.14877	0.19553	0.12352	0.26935	0.00585	0.03518	0.07848	0.00482	0.00555
25	0.00909	0.00668	0.00850	0.00813	0.00971	0.00610	0.00607	0.01194	0.01797	0.02501	0.61964	0.07970	0.13869	0.01412	0.00779	0.00211	0.00316	0.01241	0.00707	0.00610
26	0.01554	0.01776	0.03885	0.02775	0.03441	0.01665	0.70366	0.02109	0.01554	0.02109	0.01332	0.01776	0.00999	0.00555	0.00777	0.00222	0.01110	0.00777	0.00333	0.00888
27	0.19716	0.09379	0.40996	0.01574	0.02312	0.06548	0.04122	0.02117	0.01379	0.04646	0.01140	0.01316	0.00841	0.00624	0.00562	0.00199	0.00849	0.00457	0.00332	0.00890
28	0.00944	0.00675	0.00926	0.01072	0.01174	0.00657	0.00851	0.01166	0.01417	0.01867	0.05854	0.37218	0.04115	0.01908	0.00875	0.00284	0.00499	0.37309	0.00612	0.00576
29	0.01320	0.03405	0.73453	0.01876	0.02849	0.01529	0.02432	0.02085	0.01390	0.02085	0.01181	0.01390	0.00834	0.00625	0.00625	0.00208	0.00973	0.00486	0.00278	0.00973
30	0.01258	0.01199	0.02066	0.71824	0.04482	0.01472	0.05097	0.01702	0.01328	0.01702	0.01178	0.01756	0.00883	0.00653	0.00664	0.00220	0.00889	0.00594	0.00294	0.00739
31	0.01531	0.31714	0.42056	0.01614	0.02400	0.04071	0.04251	0.02058	0.01389	0.01866	0.01080	0.01269	0.00844	0.00601	0.00552	0.00182	0.00881	0.00443	0.00283	0.00915
32	0.01731	0.01315	0.01440	0.01276	0.01645	0.01471	0.00997	0.03268	0.57334	0.11014	0.08726	0.02645	0.02330	0.00923	0.00678	0.00220	0.00507	0.00773	0.00692	0.01015
33	0.00802	0.00573	0.00764	0.00917	0.00955	0.00535	0.00611	0.00917	0.01260	0.01681	0.03628	0.76434	0.04354	0.02062	0.00840	0.00267	0.00382	0.01872	0.00611	0.00535
34	0.01422	0.01399	0.02025	0.08274	0.07428	0.01883	0.01503	0.01618	0.01093	0.01652	0.01025	0.01724	0.00997	0.01093	0.01863	0.00276	0.60368	0.03312	0.00304	0.00741
35	0.01554	0.01776	0.03885	0.02775	0.03441	0.01665	0.70366	0.02109	0.01554	0.02109	0.01332	0.01776	0.00999	0.00555	0.00777	0.00222	0.01110	0.00777	0.00333	0.00888
36	0.81514	0.01273	0.00968	0.00866	0.01273	0.01477	0.00713	0.01935	0.01120	0.02954	0.00917	0.01069	0.00713	0.00611	0.00407	0.00204	0.00509	0.00356	0.00407	0.00713
37	0.01365	0.01170	0.01365	0.00975	0.01560	0.00878	0.00780	0.01658	0.01365	0.02145	0.01170	0.01365	0.00975	0.00488	0.00488	0.00098	0.00488	0.00390	0.00390	0.80888
38	0.00778	0.00667	0.00667	0.00667	0.00889	0.00556	0.00500	0.00945	0.01501	0.01778	0.06669	0.06336	0.72490	0.01667	0.00778	0.00222	0.00333	0.01389	0.00611	0.00556
39	0.01629	0.01564	0.02672	0.04041	0.72757	0.01564	0.02020	0.02020	0.01499	0.02151	0.01238	0.01629	0.01043	0.00587	0.00652	0.00196	0.00782	0.00587	0.00326	0.01043
40	0.01760	0.77260	0.03450	0.01126	0.01690	0.02605	0.01126	0.01971	0.01338	0.01549	0.00915	0.01056	0.00845	0.00563	0.00422	0.00141	0.00704	0.00352	0.00282	0.00845
41	0.02954	0.01120	0.01528	0.01171	0.01681	0.00968	0.00968	0.03208	0.01884	0.73213	0.02597	0.02241	0.01630	0.00815	0.00662	0.00204	0.00560	0.00662	0.00815	0.01120
42	0.01562	0.01533	0.02736	0.07752	0.55588	0.01531	0.12179	0.01969	0.01487	0.02099	0.01346	0.04720	0.01162	0.00646	0.00679	0.00204	0.00820	0.00668	0.00337	0.00981
43	0.01243	0.01170	0.01975	0.75282	0.04534	0.01463	0.01828	0.01682	0.01316	0.01682	0.01170	0.01755	0.00878	0.00658	0.00658	0.00219	0.00878	0.00585	0.00293	0.00731
44	0.01010	0.00789	0.01001	0.00945	0.01138	0.00767	0.02451	0.01489	0.10852	0.02401	0.43019	0.12361	0.14199	0.01401	0.00774	0.00221	0.00379	0.03459	0.00676	0.00665
45	0.02696	0.01481	0.12876	0.01283	0.01865	0.01056	0.01199	0.03031	0.01806	0.61990	0.02374	0.02106	0.01504	0.00785	0.00656	0.00204	0.00625	0.00634	0.00730	0.01097
46	0.01595	0.11896	0.53192	0.01726	0.02579	0.01589	0.04506	0.02219	0.01454	0.11313	0.01340	0.01475	0.00945	0.00640	0.00611	0.00200	0.00892	0.00504	0.00351	0.00974
47	0.01567	0.01500	0.02559	0.15588	0.61699	0.01548	0.01989	0.01966	0.01469	0.02075	0.01227	0.01650	0.01016	0.00598	0.00653	0.00199	0.00798	0.00586	0.00320	0.00992
48	0.01502	0.01574	0.05840	0.27039	0.39376	0.03563	0.05507	0.01921	0.01432	0.01960	0.01201	0.01649	0.00966	0.00630	0.00703	0.00207	0.03118	0.00586	0.00312	0.00912
49	0.01757	0.01319	0.06357	0.06328	0.13309	0.01166	0.10335	0.05915	0.01617	0.20907	0.02255	0.21614	0.02051	0.01052	0.00720	0.00223	0.00675	0.00966	0.00546	0.00889

[dist]
# distance from previous block
# <min> <max>
2	20

[block]
# block no. 1 follows, 33 sequences, length 42
# corresponding to MSA columns:
# 106-147
name=unknown_B
#
# <colnr> <probs for GDERKNQSTAVLIFYWHMCP>
#	G	D	E	R	K	N	Q	S	T	A	V	L	I	F	Y	W	H	M	C	P
0	0.01739	0.51675	0.10127	0.01225	0.01790	0.07464	0.01213	0.02007	0.01402	0.04498	0.01159	0.04571	0.01044	0.00650	0.00489	0.00155	0.00729	0.00455	0.00330	0.07277
1	0.01920	0.04513	0.07299	0.01223	0.01794	0.04364	0.04138	0.02242	0.01575	0.24381	0.03743	0.01746	0.01316	0.00641	0.00577	0.00153	0.00612	0.00524	0.00515	0.36723
2	0.04755	0.03989	0.26094	0.01514	0.02131	0.03626	0.04515	0.11735	0.09236	0.15165	0.09005	0.02037	0.01700	0.00781	0.00649	0.00205	0.00737	0.00635	0.00523	0.00967
3	0.01647	0.01476	0.02420	0.09150	0.55970	0.01478	0.01825	0.02082	0.04057	0.05746	0.01350	0.01681	0.01090	0.00608	0.00641	0.00192	0.00747	0.00582	0.00365	0.06894
4	0.01591	0.05219	0.38648	0.01774	0.02490	0.03313	0.11613	0.07935	0.01600	0.08618	0.01617	0.09667	0.01337	0.00802	0.00668	0.00212	0.00865	0.00697	0.00405	0.00929
5	0.01460	0.01425	0.04808	0.44783	0.25731	0.01540	0.01868	0.06868	0.01507	0.02025	0.01222	0.01689	0.00946	0.00644	0.00655	0.00210	0.00840	0.00582	0.00329	0.00867
6	0.01618	0.01596	0.02854	0.03851	0.62383	0.01579	0.12250	0.02034	0.01507	0.02144	0.01252	0.01651	0.01036	0.00582	0.00670	0.00199	0.00831	0.00615	0.00327	0.01020
7	0.01333	0.01254	0.02115	0.50080	0.24563	0.01442	0.01818	0.01740	0.01367	0.01821	0.01325	0.05817	0.01117	0.00714	0.00666	0.00215	0.00822	0.00656	0.00320	0.00813
8	0.01155	0.04312	0.04274	0.01292	0.01528	0.06348	0.08406	0.01460	0.03847	0.01814	0.02888	0.31698	0.06093	0.01828	0.07292	0.00321	0.00723	0.13552	0.00512	0.00657
9	0.01088	0.00718	0.00848	0.00833	0.00907	0.00723	0.00535	0.01284	0.06303	0.05204	0.07482	0.12503	0.02804	0.49932	0.05634	0.00529	0.00621	0.01040	0.00487	0.00523
10	0.02459	0.03138	0.01866	0.01696	0.02035	0.74221	0.01272	0.02629	0.01866	0.01611	0.01018	0.01187	0.00848	0.00678	0.00594	0.00170	0.01187	0.00424	0.00339	0.00763
11	0.01658	0.01325	0.02227	0.10136	0.30629	0.01321	0.10464	0.02085	0.04372	0.12809	0.02018	0.06272	0.04061	0.00859	0.00708	0.00218	0.00739	0.06719	0.00461	0.00921
12	0.02238	0.01920	0.01930	0.01568	0.02027	0.15983	0.06259	0.29050	0.20406	0.09027	0.01824	0.01801	0.01332	0.00780	0.00658	0.00201	0.00777	0.00618	0.00588	0.01013
13	0.01452	0.25482	0.52527	0.01652	0.02503	0.01851	0.02042	0.02051	0.01374	0.01925	0.01102	0.01290	0.00837	0.00607	0.00565	0.00188	0.00893	0.00446	0.00279	0.00935
14	0.01389	0.01364	0.01917	0.01659	0.01671	0.01893	0.01376	0.01542	0.01013	0.01579	0.00957	0.01559	0.00945	0.01544	0.09622	0.00368	0.68011	0.00589	0.00295	0.00706
15	0.01443	0.07936	0.57291	0.01912	0.02802	0.01594	0.10825	0.02125	0.01427	0.04868	0.01239	0.01450	0.00887	0.00620	0.00633	0.00206	0.00956	0.00521	0.00306	0.00960
16	0.01059	0.01158	0.10627	0.01404	0.04065	0.00901	0.08323	0.01362	0.01347	0.01839	0.04509	0.27801	0.02977	0.07269	0.07515	0.00356	0.00736	0.15601	0.00493	0.00659
17	0.01554	0.01776	0.03885	0.02775	0.03441	0.01665	0.70366	0.02109	0.01554	0.02109	0.01332	0.01776	0.00999	0.00555	0.00777	0.00222	0.01110	0.00777	0.00333	0.00888
18	0.01413	0.01435	0.02878	0.02450	0.12711	0.01354	0.41616	0.01830	0.01489	0.03770	0.02008	0.18117	0.03891	0.00927	0.00770	0.00228	0.00868	0.01003	0.00413	0.00829
19	0.01427	0.08654	0.62153	0.01785	0.02666	0.01606	0.02231	0.02102	0.01390	0.05018	0.01208	0.01403	0.00870	0.00652	0.00679	0.00207	0.04203	0.00488	0.00301	0.00959
20	0.00802	0.00573	0.00764	0.00917	0.00955	0.00535	0.00611	0.00917	0.01260	0.01681	0.03628	0.76434	0.04354	0.02062	0.00840	0.00267	0.00382	0.01872	0.00611	0.00535
21	0.01337	0.01255	0.02057	0.57803	0.15858	0.01493	0.01803	0.01873	0.06513	0.01840	0.01293	0.01785	0.00989	0.00663	0.00658	0.00216	0.00835	0.00597	0.00326	0.00807
22	0.01539	0.01657	0.08633	0.15598	0.55511	0.01544	0.02024	0.01970	0.01460	0.02068	0.01222	0.01630	0.00998	0.00602	0.00651	0.00201	0.00814	0.00578	0.00316	0.00985
23	0.01622	0.01586	0.02795	0.03912	0.65710	0.01574	0.08969	0.02029	0.01505	0.02146	0.01248	0.01644	0.01038	0.00583	0.00664	0.00198	0.00815	0.00606	0.00327	0.01027
24	0.00940	0.00705	0.01058	0.01058	0.01176	0.00823	0.00823	0.01176	0.01058	0.01528	0.01763	0.02586	0.01646	0.04937	0.74255	0.01058	0.01763	0.00705	0.00353	0.00588
25	0.01468	0.04929	0.55334	0.01769	0.02611	0.01549	0.04155	0.02346	0.11662	0.05783	0.01469	0.01591	0.01051	0.00670	0.00633	0.00209	0.00883	0.00538	0.00364	0.00985
26	0.02287	0.01681	0.09442	0.01687	0.05236	0.01492	0.10200	0.22177	0.06950	0.27439	0.01961	0.01998	0.01365	0.00771	0.00677	0.00208	0.00729	0.02029	0.00617	0.01056
27	0.00946	0.00728	0.00971	0.01033	0.01203	0.00684	0.02757	0.01188	0.01491	0.01906	0.07693	0.17199	0.24142	0.01752	0.00850	0.00267	0.00492	0.33503	0.00606	0.00589
28	0.01554	0.01776	0.03885	0.02775	0.03441	0.01665	0.70366	0.02109	0.01554	0.02109	0.01332	0.01776	0.00999	0.00555	0.00777	0.00222	0.01110	0.00777	0.00333	0.00888
29	0.01365	0.01170	0.01365	0.00975	0.01560	0.00878	0.00780	0.01658	0.01365	0.02145	0.01170	0.01365	0.00975	0.00488	0.00488	0.00098	0.00488	0.00390	0.00390	0.80888
30	0.00802	0.00573	0.00764	0.00917	0.00955	0.00535	0.00611	0.00917	0.01260	0.01681	0.03628	0.76434	0.04354	0.02062	0.00840	0.00267	0.00382	0.01872	0.00611	0.00535
31	0.02410	0.01798	0.01923	0.01496	0.02006	0.01998	0.01229	0.63357	0.10452	0.03999	0.01699	0.01675	0.01215	0.00801	0.00660	0.00200	0.00703	0.00609	0.00660	0.01111
32	0.81514	0.01273	0.00968	0.00866	0.01273	0.01477	0.00713	0.01935	0.01120	0.02954	0.00917	0.01069	0.00713	0.00611	0.00407	0.00204	0.00509	0.00356	0.00407	0.00713
33	0.01400	0.03184	0.62105	0.02065	0.07694	0.04482	0.05814	0.02104	0.01425	0.02071	0.01186	0.01418	0.00857	0.00621	0.00634	0.00207	0.00975	0.00506	0.00287	0.00965
34	0.00873	0.00671	0.00799	0.00767	0.00948	0.00596	0.00575	0.01129	0.01725	0.02312	0.47408	0.05457	0.31418	0.01468	0.00777	0.00213	0.00319	0.01266	0.00682	0.00596
35	0.00987	0.00772	0.01027	0.07575	0.01358	0.00789	0.00776	0.01335	0.04813	0.02323	0.45883	0.14133	0.09547	0.01374	0.00832	0.00222	0.03782	0.01194	0.00641	0.00638
36	0.01696	0.01408	0.01544	0.01454	0.04914	0.01604	0.01083	0.03418	0.65264	0.05906	0.02611	0.02409	0.01949	0.00876	0.00669	0.00221	0.00535	0.00733	0.00661	0.01046
37	0.01645	0.01780	0.10874	0.05803	0.44955	0.01563	0.12526	0.03928	0.03543	0.05002	0.01348	0.01675	0.01059	0.00612	0.00669	0.00203	0.00840	0.00612	0.00358	0.01005
38	0.09756	0.58500	0.08673	0.01167	0.01743	0.04030	0.01177	0.01978	0.01334	0.01762	0.00951	0.01101	0.00837	0.00572	0.00444	0.00151	0.00708	0.00367	0.00300	0.04449
39	0.61338	0.01432	0.01240	0.01055	0.01474	0.05104	0.03215	0.10854	0.01458	0.03001	0.03917	0.01322	0.01005	0.00665	0.00477	0.00202	0.00583	0.00439	0.00447	0.00771
40	0.01419	0.13108	0.52547	0.01984	0.09653	0.01659	0.03964	0.02049	0.01397	0.02022	0.01155	0.01378	0.00866	0.00606	0.00600	0.00195	0.00904	0.00483	0.00289	0.03723
41	0.01262	0.07965	0.08255	0.06134	0.06059	0.01023	0.01029	0.01596	0.01659	0.08224	0.36142	0.07208	0.08609	0.01125	0.00708	0.00205	0.00503	0.00972	0.00582	0.00742

[dist]
# distance from previous block
# <min> <max>
0	12

# created by:
# /home/berkeley/.conda/envs/busco_data_prod/bin/msa2prfl.pl pipeline/OGs_align_augustus/4893/35338.fs
