[name]
unknown

[dist]
# distance from previous block
# <min> <max>
0	32

[block]
# block no. 0 follows, 34 sequences, length 19
# corresponding to MSA columns:
# 33-51
name=unknown_A
#
# <colnr> <probs for GDERKNQSTAVLIFYWHMCP>
#	G	D	E	R	K	N	Q	S	T	A	V	L	I	F	Y	W	H	M	C	P
0	0.04549	0.01377	0.11669	0.01219	0.01627	0.01117	0.01123	0.11345	0.07037	0.10677	0.17597	0.03558	0.02801	0.01069	0.00700	0.00216	0.00577	0.15146	0.00588	0.06008
1	0.01505	0.01600	0.12175	0.26119	0.12837	0.01476	0.01592	0.15254	0.06890	0.02367	0.05086	0.04905	0.03810	0.00793	0.00658	0.00208	0.00743	0.00678	0.00430	0.00873
2	0.04175	0.00901	0.01039	0.00927	0.01171	0.03110	0.00714	0.06868	0.01827	0.12450	0.41679	0.08071	0.12049	0.01234	0.00723	0.00206	0.00410	0.01057	0.00677	0.00711
3	0.42229	0.01276	0.01288	0.01048	0.01501	0.01350	0.00865	0.12262	0.01646	0.28403	0.01583	0.01533	0.01079	0.00697	0.00525	0.00199	0.00548	0.00490	0.00578	0.00900
4	0.00885	0.00715	0.00916	0.11491	0.01415	0.00694	0.00723	0.01119	0.01510	0.01964	0.25839	0.13168	0.31286	0.04384	0.00852	0.00234	0.00414	0.01228	0.00582	0.00582
5	0.00981	0.00672	0.00860	0.00819	0.00985	0.00611	0.00612	0.01249	0.01733	0.05837	0.55316	0.11703	0.13386	0.01399	0.00763	0.00210	0.00326	0.01229	0.00692	0.00618
6	0.00821	0.00593	0.00748	0.00837	0.00903	0.00551	0.00562	0.00949	0.01300	0.01730	0.12704	0.50405	0.11587	0.11794	0.01134	0.00298	0.00394	0.01581	0.00587	0.00521
7	0.01643	0.10173	0.07979	0.04582	0.12621	0.12504	0.09132	0.08912	0.01621	0.02072	0.05954	0.02024	0.07165	0.00809	0.00816	0.00201	0.09933	0.00640	0.00388	0.00833
8	0.04716	0.18975	0.09681	0.04215	0.04900	0.09407	0.05397	0.07928	0.01572	0.02098	0.11439	0.01914	0.01685	0.00852	0.00756	0.05933	0.02556	0.00584	0.04618	0.00774
9	0.05916	0.00720	0.00837	0.00868	0.01014	0.00695	0.00616	0.03017	0.03724	0.05663	0.07213	0.40097	0.16461	0.07006	0.00931	0.00264	0.00408	0.01399	0.02554	0.00598
10	0.09821	0.09892	0.10915	0.06184	0.04290	0.06049	0.01258	0.05264	0.05066	0.02044	0.01203	0.01538	0.01012	0.03470	0.04641	0.00245	0.11749	0.00497	0.00359	0.14503
11	0.12895	0.01565	0.07324	0.05214	0.04770	0.09374	0.02887	0.08033	0.08924	0.06797	0.01890	0.06517	0.05541	0.01308	0.08738	0.00300	0.05982	0.00679	0.00456	0.00806
12	0.00985	0.00805	0.00953	0.05455	0.01297	0.00805	0.00727	0.01463	0.14730	0.01896	0.04010	0.34439	0.23571	0.01546	0.00750	0.00232	0.00421	0.01352	0.00583	0.03980
13	0.01664	0.35680	0.09350	0.01213	0.01696	0.09085	0.01140	0.09717	0.01594	0.02013	0.05672	0.07921	0.01513	0.00771	0.00538	0.00166	0.00688	0.00582	0.03530	0.05466
14	0.01101	0.00761	0.00927	0.00861	0.01049	0.00721	0.00621	0.01328	0.03676	0.05535	0.07824	0.11117	0.09448	0.21030	0.14358	0.00447	0.00691	0.00927	0.05454	0.12125
15	0.10513	0.15323	0.16545	0.01804	0.12608	0.12419	0.01483	0.11508	0.03728	0.02282	0.02810	0.01417	0.01035	0.00667	0.00615	0.00187	0.03304	0.00487	0.00376	0.00891
16	0.05702	0.06427	0.09801	0.10776	0.12640	0.13710	0.01394	0.06555	0.04062	0.11529	0.01482	0.05090	0.01190	0.00786	0.00683	0.03343	0.00773	0.00582	0.00424	0.03052
17	0.01074	0.05785	0.10882	0.01100	0.01370	0.00979	0.02546	0.01543	0.11458	0.01914	0.09739	0.31773	0.06688	0.08969	0.00983	0.00268	0.00524	0.01201	0.00529	0.00676
18	0.01311	0.04962	0.10544	0.01716	0.12568	0.04063	0.06396	0.05782	0.03137	0.01941	0.04422	0.22252	0.02216	0.10853	0.01098	0.00272	0.04314	0.00971	0.00437	0.00744

[dist]
# distance from previous block
# <min> <max>
0	3

[block]
# block no. 1 follows, 34 sequences, length 11
# corresponding to MSA columns:
# 55-65
name=unknown_B
#
# <colnr> <probs for GDERKNQSTAVLIFYWHMCP>
#	G	D	E	R	K	N	Q	S	T	A	V	L	I	F	Y	W	H	M	C	P
0	0.06837	0.09839	0.12710	0.07845	0.10736	0.12056	0.09301	0.06953	0.04712	0.03882	0.03613	0.01578	0.01129	0.00675	0.00669	0.00194	0.04031	0.00546	0.00376	0.02317
1	0.00955	0.00705	0.00867	0.00878	0.01019	0.00685	0.00639	0.01238	0.05793	0.04108	0.20546	0.28718	0.19715	0.04366	0.04485	0.00284	0.02446	0.01346	0.00608	0.00601
2	0.01055	0.00690	0.00824	0.00806	0.00942	0.00644	0.00559	0.01246	0.03407	0.07824	0.18307	0.17164	0.17824	0.24059	0.01513	0.00343	0.00444	0.01200	0.00580	0.00570
3	0.09627	0.01788	0.20073	0.08793	0.09797	0.04842	0.01454	0.05737	0.03487	0.09805	0.03856	0.06728	0.01445	0.01032	0.05185	0.00254	0.00783	0.00643	0.03819	0.00851
4	0.06834	0.07462	0.12827	0.12156	0.08258	0.17453	0.11569	0.02063	0.04715	0.01907	0.01319	0.05156	0.01112	0.00851	0.03412	0.00229	0.00924	0.00595	0.00344	0.00813
5	0.01230	0.00914	0.00918	0.00895	0.01072	0.05684	0.00670	0.01719	0.12422	0.02227	0.10149	0.14247	0.05547	0.01185	0.02690	0.00216	0.02414	0.00896	0.34239	0.00666
6	0.00935	0.00616	0.00790	0.00874	0.00968	0.00563	0.00601	0.01066	0.01318	0.06445	0.06593	0.57141	0.12684	0.05038	0.00907	0.00266	0.00388	0.01635	0.00609	0.00563
7	0.05014	0.06337	0.03589	0.06315	0.04243	0.03765	0.07375	0.11170	0.06004	0.05666	0.06199	0.05253	0.01534	0.00725	0.00596	0.00170	0.00638	0.00616	0.00462	0.24329
8	0.01387	0.08039	0.07916	0.06138	0.10542	0.09006	0.03470	0.03806	0.04674	0.01866	0.05746	0.08698	0.03962	0.12707	0.05315	0.00307	0.00770	0.00761	0.00407	0.04483
9	0.06309	0.05602	0.04188	0.01070	0.03428	0.00915	0.00804	0.01183	0.01268	0.01779	0.05414	0.40701	0.13055	0.03866	0.00929	0.00250	0.06790	0.01326	0.00515	0.00606
10	0.03020	0.08241	0.10004	0.15416	0.11278	0.01519	0.02899	0.11581	0.04437	0.04247	0.05175	0.02383	0.07403	0.00854	0.00738	0.00209	0.05355	0.03961	0.00432	0.00846

[dist]
# distance from previous block
# <min> <max>
3	16

[block]
# block no. 2 follows, 34 sequences, length 10
# corresponding to MSA columns:
# 82-91
name=unknown_C
#
# <colnr> <probs for GDERKNQSTAVLIFYWHMCP>
#	G	D	E	R	K	N	Q	S	T	A	V	L	I	F	Y	W	H	M	C	P
0	0.12584	0.15010	0.01953	0.01280	0.01749	0.01878	0.01083	0.37619	0.07204	0.05859	0.01478	0.01548	0.01115	0.01000	0.05643	0.00245	0.00729	0.00530	0.00535	0.00958
1	0.01609	0.07167	0.15259	0.03915	0.02308	0.03450	0.19907	0.09615	0.03480	0.07903	0.10554	0.02093	0.01724	0.00916	0.03961	0.00236	0.00832	0.00679	0.03526	0.00866
2	0.00803	0.00585	0.00744	0.00851	0.00917	0.00540	0.00574	0.00930	0.01293	0.01709	0.09160	0.58083	0.12824	0.06574	0.00965	0.00275	0.00379	0.01671	0.00596	0.00526
3	0.01620	0.63858	0.03019	0.01180	0.03889	0.02281	0.01079	0.01832	0.01336	0.01617	0.06739	0.01483	0.01313	0.03311	0.00605	0.00167	0.03108	0.00447	0.00317	0.00799
4	0.00798	0.00642	0.00712	0.00724	0.00902	0.00556	0.00532	0.00983	0.01510	0.01905	0.19729	0.16636	0.48844	0.01630	0.00773	0.00222	0.00330	0.01395	0.00623	0.00556
5	0.00806	0.00634	0.00727	0.00750	0.00910	0.00556	0.00545	0.00991	0.01504	0.01927	0.21843	0.22377	0.40834	0.01651	0.00778	0.00225	0.00333	0.01427	0.00627	0.00556
6	0.00806	0.00588	0.00759	0.00860	0.00935	0.00541	0.00590	0.00955	0.01358	0.01813	0.15198	0.57871	0.11604	0.01870	0.00808	0.00248	0.00359	0.01679	0.00618	0.00541
7	0.01159	0.01170	0.06073	0.05705	0.01518	0.06832	0.00939	0.01688	0.13785	0.02059	0.16509	0.25363	0.08334	0.01357	0.00738	0.00228	0.00527	0.04757	0.00568	0.00693
8	0.03567	0.30869	0.18120	0.01413	0.04122	0.07903	0.01374	0.06849	0.01504	0.01988	0.04193	0.01387	0.01095	0.00638	0.00577	0.00165	0.03359	0.00452	0.00342	0.10083
9	0.01614	0.09951	0.15138	0.11578	0.18146	0.06967	0.06063	0.04833	0.10475	0.03541	0.01370	0.01593	0.01061	0.00640	0.00611	0.00191	0.00803	0.00547	0.00372	0.04507

[dist]
# distance from previous block
# <min> <max>
0	4

[block]
# block no. 3 follows, 34 sequences, length 41
# corresponding to MSA columns:
# 96-136
name=unknown_D
#
# <colnr> <probs for GDERKNQSTAVLIFYWHMCP>
#	G	D	E	R	K	N	Q	S	T	A	V	L	I	F	Y	W	H	M	C	P
0	0.00881	0.00638	0.00704	0.00715	0.00794	0.00601	0.00458	0.00951	0.01147	0.01456	0.03617	0.07482	0.25526	0.46889	0.02281	0.00467	0.00519	0.03944	0.00475	0.00455
1	0.01603	0.15957	0.07932	0.14109	0.18758	0.06198	0.06677	0.02173	0.11065	0.04572	0.01557	0.01769	0.03534	0.00674	0.00609	0.00192	0.00774	0.00579	0.00377	0.00890
2	0.02127	0.08873	0.01997	0.01466	0.01916	0.11740	0.03919	0.39261	0.11282	0.03074	0.01637	0.04941	0.01298	0.00899	0.02447	0.00213	0.00770	0.00622	0.00549	0.00969
3	0.02313	0.01617	0.01789	0.01388	0.01877	0.01743	0.01140	0.53725	0.04802	0.10721	0.01671	0.01690	0.01199	0.01014	0.05204	0.00241	0.00738	0.00588	0.00628	0.05912
4	0.01298	0.04230	0.16193	0.01201	0.01552	0.01169	0.01123	0.04790	0.08152	0.05905	0.09558	0.02868	0.07116	0.14065	0.12020	0.00401	0.06401	0.00762	0.00456	0.00739
5	0.01401	0.09379	0.04945	0.06113	0.01878	0.04379	0.08487	0.03735	0.01275	0.04018	0.03506	0.05377	0.01419	0.05568	0.13300	0.03456	0.20022	0.00674	0.00360	0.00709
6	0.00799	0.00570	0.00763	0.00913	0.00955	0.00535	0.00619	0.00919	0.01248	0.01662	0.03555	0.73777	0.04249	0.02014	0.00828	0.00264	0.00385	0.04819	0.00600	0.00528
7	0.01685	0.70391	0.10305	0.01178	0.01770	0.02453	0.01231	0.01946	0.01318	0.01572	0.00924	0.01069	0.00828	0.00559	0.00434	0.00145	0.00717	0.00358	0.00276	0.00842
8	0.01752	0.13270	0.06819	0.04272	0.04301	0.09946	0.01223	0.19411	0.10873	0.02396	0.01683	0.10058	0.01487	0.01123	0.05211	0.00250	0.03901	0.00686	0.00467	0.00869
9	0.01408	0.00921	0.01118	0.01070	0.03871	0.00903	0.00787	0.01972	0.16370	0.15539	0.17465	0.08234	0.21566	0.01394	0.04187	0.00252	0.00488	0.01027	0.00649	0.00779
10	0.00787	0.00562	0.00750	0.00900	0.00937	0.00525	0.00600	0.00900	0.01237	0.01649	0.03561	0.76871	0.04274	0.02024	0.00825	0.00262	0.00375	0.01837	0.00600	0.00525
11	0.70621	0.01159	0.00927	0.00853	0.01208	0.01325	0.00686	0.01775	0.01146	0.02769	0.04467	0.08241	0.01279	0.00765	0.00456	0.00206	0.00479	0.00525	0.00433	0.00679
12	0.01554	0.05532	0.05102	0.14240	0.32346	0.04623	0.06041	0.04247	0.07700	0.02074	0.03916	0.01746	0.01229	0.00688	0.00745	0.00203	0.06143	0.00600	0.00364	0.00906
13	0.00815	0.00603	0.00759	0.00872	0.00957	0.00556	0.00616	0.00953	0.01301	0.01684	0.04110	0.52079	0.18449	0.04778	0.00913	0.00271	0.00398	0.08763	0.00591	0.00531
14	0.00923	0.00692	0.01038	0.01038	0.01154	0.00808	0.00808	0.01154	0.01038	0.01500	0.01731	0.02538	0.01615	0.04846	0.74732	0.01038	0.01731	0.00692	0.00346	0.00577
15	0.11290	0.01866	0.01785	0.01433	0.01888	0.11016	0.01164	0.48189	0.07019	0.03460	0.01455	0.01497	0.01068	0.00760	0.00659	0.00196	0.03149	0.00544	0.00568	0.00993
16	0.01681	0.04556	0.01502	0.03916	0.05318	0.08559	0.00989	0.20798	0.06148	0.06802	0.07706	0.05975	0.21243	0.01067	0.00677	0.00201	0.00597	0.00868	0.00570	0.00825
17	0.01812	0.01201	0.01348	0.01119	0.01478	0.01238	0.00887	0.26995	0.08061	0.14174	0.08910	0.06905	0.16811	0.05050	0.00828	0.00229	0.00534	0.00898	0.00652	0.00871
18	0.01220	0.01148	0.01938	0.75739	0.04450	0.01436	0.01794	0.01651	0.01292	0.01651	0.01148	0.01723	0.00861	0.00646	0.00646	0.00215	0.00861	0.00574	0.00287	0.00718
19	0.01653	0.43506	0.25321	0.01459	0.02127	0.06526	0.04739	0.04672	0.01436	0.01812	0.01030	0.01199	0.00843	0.00587	0.00512	0.00166	0.00821	0.00419	0.00295	0.00876
20	0.00877	0.00659	0.00809	0.00781	0.00935	0.00612	0.00577	0.01110	0.01583	0.02146	0.42239	0.04941	0.23496	0.08279	0.07818	0.00321	0.00470	0.01158	0.00620	0.00570
21	0.00801	0.00568	0.00746	0.00881	0.00915	0.00534	0.00580	0.00903	0.01209	0.01612	0.03419	0.70085	0.04094	0.09055	0.01055	0.00296	0.00398	0.01753	0.00580	0.00512
22	0.00862	0.00644	0.00805	0.00905	0.01003	0.00613	0.00646	0.01094	0.04992	0.01767	0.06023	0.50040	0.15035	0.04010	0.00882	0.00266	0.00403	0.08852	0.00600	0.00560
23	0.07410	0.03258	0.08636	0.07269	0.09640	0.06318	0.03482	0.18534	0.15792	0.07988	0.01701	0.01908	0.01296	0.00756	0.00632	0.00204	0.00722	0.02994	0.00507	0.00954
24	0.03389	0.01663	0.11563	0.15227	0.27541	0.05232	0.06718	0.01820	0.01359	0.01900	0.01301	0.04313	0.01115	0.01127	0.08524	0.00295	0.05126	0.00619	0.00322	0.00846
25	0.20471	0.13985	0.10256	0.03773	0.11509	0.18382	0.01341	0.09447	0.01592	0.02269	0.01071	0.01256	0.00854	0.00626	0.00534	0.00182	0.00802	0.00440	0.00363	0.00847
26	0.00898	0.00759	0.03936	0.01113	0.04797	0.00661	0.00778	0.01063	0.01243	0.01673	0.03100	0.52247	0.03607	0.09946	0.03594	0.00325	0.00516	0.08640	0.00540	0.00564
27	0.01069	0.04948	0.03372	0.00996	0.01191	0.00972	0.00787	0.01247	0.01118	0.01566	0.02088	0.02970	0.09085	0.21717	0.25331	0.00573	0.08561	0.00747	0.00377	0.11285
28	0.01310	0.06953	0.08733	0.04116	0.01552	0.08770	0.01011	0.01703	0.08353	0.05140	0.05910	0.28408	0.02737	0.06471	0.00885	0.00253	0.00611	0.05878	0.00508	0.00698
29	0.01360	0.01053	0.01257	0.01164	0.01427	0.01125	0.02969	0.05292	0.30891	0.05650	0.10601	0.18378	0.05777	0.03432	0.00804	0.00242	0.00492	0.06648	0.00633	0.00806
30	0.16425	0.01352	0.01434	0.01103	0.01594	0.03131	0.00895	0.14798	0.01633	0.06097	0.01228	0.01368	0.00959	0.00611	0.00592	0.00150	0.04476	0.00438	0.00449	0.41267
31	0.00786	0.00649	0.00690	0.00693	0.00890	0.00553	0.00515	0.00965	0.01505	0.01854	0.15366	0.10901	0.59163	0.01620	0.00768	0.00219	0.00328	0.01370	0.00615	0.00553
32	0.02283	0.08667	0.05146	0.01610	0.01995	0.60373	0.01279	0.05172	0.04487	0.01736	0.01081	0.01226	0.00885	0.00667	0.00576	0.00169	0.01077	0.00432	0.00350	0.00788
33	0.00864	0.00658	0.00793	0.00759	0.00934	0.00588	0.00570	0.01121	0.01709	0.02306	0.50529	0.05296	0.28666	0.01427	0.00763	0.00208	0.00312	0.01234	0.00674	0.00588
34	0.00809	0.00592	0.00750	0.00852	0.00918	0.00558	0.00576	0.00925	0.01228	0.01612	0.03729	0.53513	0.14293	0.10040	0.06101	0.00347	0.00486	0.01593	0.00561	0.00518
35	0.00898	0.00613	0.00713	0.00748	0.00765	0.00600	0.00443	0.00930	0.01029	0.01364	0.02566	0.21025	0.05594	0.56969	0.02621	0.00526	0.00557	0.01163	0.00448	0.00428
36	0.18256	0.08754	0.08567	0.01530	0.01969	0.38752	0.06654	0.02249	0.01544	0.01922	0.01035	0.01243	0.00843	0.00776	0.03169	0.00209	0.00985	0.00439	0.00336	0.00768
37	0.09158	0.01755	0.04795	0.08324	0.07598	0.17264	0.16673	0.05815	0.01597	0.02107	0.07391	0.03962	0.05296	0.00974	0.04295	0.00241	0.00888	0.00686	0.00401	0.00781
38	0.01512	0.10302	0.03913	0.05713	0.04483	0.02954	0.04915	0.16141	0.01597	0.02144	0.01624	0.02392	0.02954	0.22460	0.04165	0.00334	0.00732	0.00659	0.02256	0.08751
39	0.01843	0.14918	0.06809	0.01313	0.01709	0.14139	0.01141	0.14091	0.01738	0.08273	0.03815	0.05394	0.04393	0.00913	0.00789	0.02636	0.07148	0.02705	0.02468	0.03764
40	0.01446	0.04992	0.08447	0.16187	0.08669	0.04814	0.03870	0.10067	0.06422	0.02125	0.06526	0.02517	0.04475	0.09006	0.03490	0.00279	0.02360	0.03095	0.00425	0.00788

[dist]
# distance from previous block
# <min> <max>
0	5

[block]
# block no. 4 follows, 34 sequences, length 14
# corresponding to MSA columns:
# 142-155
name=unknown_E
#
# <colnr> <probs for GDERKNQSTAVLIFYWHMCP>
#	G	D	E	R	K	N	Q	S	T	A	V	L	I	F	Y	W	H	M	C	P
0	0.04066	0.07341	0.10086	0.08747	0.06349	0.21576	0.01315	0.12487	0.03689	0.02141	0.01985	0.05721	0.10121	0.00854	0.00625	0.00193	0.00804	0.00664	0.00422	0.00815
1	0.03293	0.00864	0.01155	0.05534	0.05347	0.00939	0.00888	0.01343	0.03910	0.04351	0.05534	0.32505	0.11431	0.03733	0.01021	0.00256	0.11110	0.04022	0.02126	0.00639
2	0.01356	0.12547	0.07692	0.06326	0.06918	0.01477	0.12196	0.04216	0.01417	0.01948	0.05580	0.06684	0.05772	0.01063	0.03304	0.00241	0.10609	0.04810	0.05081	0.00765
3	0.01132	0.00653	0.00919	0.00906	0.00955	0.00678	0.00631	0.04817	0.01030	0.01392	0.01475	0.08219	0.01504	0.05795	0.13082	0.54642	0.00732	0.00702	0.00342	0.00395
4	0.01634	0.58692	0.05695	0.01490	0.09088	0.02251	0.05101	0.01895	0.01352	0.01643	0.01278	0.01435	0.04886	0.00617	0.00484	0.00155	0.00710	0.00454	0.00302	0.00840
5	0.00995	0.00801	0.03598	0.00907	0.01067	0.00724	0.00712	0.03188	0.01460	0.01982	0.27508	0.08560	0.16238	0.05504	0.05755	0.12691	0.03019	0.04189	0.00543	0.00560
6	0.04430	0.00708	0.00830	0.00864	0.01012	0.00678	0.00631	0.04960	0.01495	0.02049	0.14967	0.35956	0.19880	0.01638	0.00763	0.00234	0.00385	0.04588	0.03341	0.00589
7	0.00901	0.00637	0.00801	0.00820	0.00876	0.00651	0.00545	0.01003	0.01092	0.01482	0.06693	0.14691	0.06792	0.39187	0.20405	0.00626	0.00827	0.01049	0.00442	0.00479
8	0.01142	0.00840	0.00946	0.00930	0.01105	0.04966	0.00693	0.01419	0.04103	0.07951	0.30544	0.24122	0.12630	0.01474	0.00762	0.00224	0.00418	0.04444	0.00646	0.00641
9	0.06650	0.05908	0.01599	0.01193	0.01615	0.04753	0.03040	0.16526	0.04338	0.02507	0.05492	0.04460	0.01568	0.00929	0.03279	0.00201	0.03337	0.03948	0.02686	0.25973
10	0.06339	0.16285	0.18491	0.05768	0.05536	0.03606	0.06583	0.06554	0.14628	0.05743	0.01461	0.01587	0.01109	0.00681	0.00632	0.00196	0.02935	0.00539	0.00410	0.00916
11	0.07113	0.07678	0.27184	0.07314	0.04161	0.04043	0.01541	0.07433	0.01497	0.06410	0.01689	0.07081	0.05171	0.00811	0.00679	0.00201	0.04276	0.00632	0.00395	0.04694
12	0.01498	0.07572	0.18864	0.01600	0.09652	0.01403	0.01367	0.11574	0.09256	0.04493	0.05217	0.12234	0.04375	0.00943	0.00678	0.00205	0.02363	0.00783	0.05055	0.00870
13	0.05665	0.06849	0.03197	0.01045	0.01252	0.01084	0.00826	0.04660	0.10721	0.01989	0.07191	0.25846	0.07576	0.05044	0.02461	0.04983	0.05039	0.03389	0.00519	0.00662

[dist]
# distance from previous block
# <min> <max>
1	8

[block]
# block no. 5 follows, 34 sequences, length 17
# corresponding to MSA columns:
# 164-180
name=unknown_F
#
# <colnr> <probs for GDERKNQSTAVLIFYWHMCP>
#	G	D	E	R	K	N	Q	S	T	A	V	L	I	F	Y	W	H	M	C	P
0	0.07438	0.16454	0.15669	0.05827	0.05121	0.08092	0.04243	0.05092	0.05365	0.01984	0.01361	0.06058	0.01188	0.01084	0.06786	0.00263	0.04649	0.00581	0.00360	0.02382
1	0.07043	0.08242	0.07038	0.15399	0.12049	0.06900	0.04448	0.03787	0.01483	0.09638	0.04433	0.02074	0.03284	0.03363	0.00733	0.00212	0.02355	0.02243	0.04461	0.00816
2	0.05056	0.00879	0.02761	0.01030	0.03100	0.00875	0.00749	0.07109	0.01296	0.03814	0.02401	0.10153	0.07952	0.25512	0.21059	0.00563	0.00880	0.03759	0.00453	0.00600
3	0.01708	0.07853	0.05037	0.02164	0.11271	0.06783	0.23348	0.07248	0.04715	0.05104	0.01285	0.01576	0.01015	0.00692	0.00883	0.00205	0.12790	0.00600	0.00375	0.05350
4	0.01282	0.04815	0.01375	0.01153	0.01294	0.01222	0.00918	0.04400	0.03613	0.04705	0.01604	0.02307	0.01466	0.10981	0.29231	0.00577	0.19313	0.00658	0.08424	0.00662
5	0.04261	0.11368	0.08533	0.16654	0.22339	0.01640	0.01580	0.04080	0.08394	0.03866	0.01399	0.04696	0.01169	0.00735	0.00725	0.00204	0.06509	0.00598	0.00371	0.00881
6	0.01748	0.02107	0.12106	0.07531	0.18687	0.19256	0.03571	0.05565	0.13023	0.02112	0.01385	0.01586	0.01085	0.00675	0.00660	0.00192	0.02828	0.00544	0.00386	0.04955
7	0.01037	0.00768	0.00998	0.01034	0.03047	0.00785	0.00749	0.03152	0.01380	0.04930	0.09575	0.26077	0.18441	0.04995	0.10636	0.00360	0.06236	0.04643	0.00547	0.00610
8	0.03207	0.05338	0.27530	0.06043	0.14418	0.08694	0.07190	0.01940	0.01440	0.03818	0.01800	0.02003	0.09308	0.00750	0.00693	0.00202	0.03795	0.00619	0.00347	0.00862
9	0.01259	0.01108	0.01380	0.01355	0.06646	0.03011	0.03336	0.06263	0.12255	0.02131	0.09573	0.16503	0.17066	0.01253	0.00899	0.00223	0.10195	0.01038	0.00536	0.03972
10	0.00907	0.00647	0.00804	0.00806	0.00875	0.00658	0.00541	0.01021	0.01128	0.01528	0.10039	0.07597	0.09874	0.39334	0.20866	0.00627	0.00831	0.00988	0.00445	0.00484
11	0.01738	0.14535	0.15876	0.01703	0.07594	0.06765	0.09314	0.09731	0.01670	0.09347	0.04399	0.04134	0.03315	0.00754	0.00621	0.00189	0.00767	0.02315	0.00431	0.04804
12	0.04013	0.01276	0.04719	0.01617	0.07645	0.05693	0.13807	0.05427	0.05041	0.02037	0.04474	0.33536	0.05435	0.01277	0.00737	0.00228	0.00639	0.01175	0.00498	0.00728
13	0.01640	0.01295	0.03255	0.03301	0.01703	0.01242	0.01010	0.11284	0.05725	0.10217	0.01746	0.04388	0.04703	0.00793	0.00811	0.00174	0.11862	0.00593	0.00479	0.33780
14	0.07835	0.08985	0.03723	0.10565	0.15725	0.06781	0.01267	0.07198	0.01557	0.06113	0.06200	0.04564	0.06079	0.00800	0.00665	0.00190	0.03702	0.00643	0.00426	0.06984
15	0.04650	0.08007	0.03975	0.06239	0.03748	0.06611	0.03118	0.08778	0.09687	0.05079	0.05997	0.08467	0.13078	0.01026	0.00658	0.00203	0.00612	0.04702	0.00510	0.04856
16	0.07818	0.03907	0.10156	0.01503	0.03729	0.03417	0.08745	0.16155	0.10634	0.04579	0.05370	0.02122	0.06471	0.00908	0.00829	0.05301	0.04352	0.00658	0.00480	0.02864

[dist]
# distance from previous block
# <min> <max>
1	11

[block]
# block no. 6 follows, 34 sequences, length 163
# corresponding to MSA columns:
# 192-354
name=unknown_G
#
# <colnr> <probs for GDERKNQSTAVLIFYWHMCP>
#	G	D	E	R	K	N	Q	S	T	A	V	L	I	F	Y	W	H	M	C	P
0	0.01591	0.04282	0.18882	0.01374	0.03697	0.05772	0.01279	0.07975	0.08326	0.10314	0.04021	0.07950	0.06646	0.02674	0.03072	0.00233	0.00705	0.02542	0.00489	0.08175
1	0.12519	0.08921	0.10701	0.03223	0.03861	0.08535	0.03090	0.05324	0.01501	0.03771	0.10466	0.09217	0.07476	0.03004	0.00741	0.00211	0.03278	0.00756	0.00447	0.02958
2	0.10498	0.07497	0.07116	0.01658	0.15249	0.01402	0.01182	0.06282	0.11759	0.02287	0.02051	0.02169	0.09872	0.00904	0.02884	0.00212	0.02699	0.00624	0.02964	0.10693
3	0.08693	0.06971	0.08471	0.01607	0.07362	0.12582	0.07570	0.10254	0.03553	0.04488	0.09548	0.02007	0.03276	0.03084	0.00731	0.00201	0.02706	0.00616	0.00441	0.05840
4	0.18350	0.05781	0.09481	0.04017	0.03684	0.04462	0.05190	0.08064	0.05540	0.02250	0.01805	0.06819	0.05782	0.05143	0.08036	0.00304	0.00772	0.00672	0.00422	0.03426
5	0.01718	0.04884	0.05970	0.06231	0.03815	0.09392	0.03077	0.20546	0.06652	0.02509	0.04822	0.06271	0.03412	0.02844	0.00734	0.00197	0.02702	0.00661	0.00477	0.13084
6	0.06708	0.04023	0.08794	0.03888	0.19560	0.09454	0.01374	0.08291	0.01603	0.08639	0.03407	0.08433	0.01429	0.00794	0.00672	0.00192	0.03564	0.00648	0.00433	0.08095
7	0.09006	0.62808	0.05185	0.01126	0.01668	0.02366	0.01108	0.04212	0.04359	0.01793	0.01001	0.01123	0.00874	0.00580	0.00437	0.00151	0.00675	0.00374	0.00316	0.00838
8	0.03839	0.01511	0.13633	0.15483	0.06545	0.01283	0.05319	0.02081	0.04563	0.17112	0.03414	0.02321	0.01476	0.05014	0.00920	0.00240	0.06895	0.04875	0.02629	0.00845
9	0.06154	0.21790	0.13018	0.01504	0.01994	0.39874	0.01355	0.04078	0.01624	0.01768	0.01007	0.01167	0.00830	0.00629	0.00537	0.00168	0.00968	0.00408	0.00321	0.00807
10	0.01429	0.01526	0.08038	0.14656	0.34490	0.01454	0.08763	0.03904	0.01425	0.01995	0.01423	0.08289	0.01275	0.00890	0.03124	0.00238	0.05157	0.00701	0.00345	0.00879
11	0.00950	0.00721	0.01046	0.01032	0.01127	0.00846	0.00788	0.01148	0.01024	0.01473	0.01722	0.02686	0.01665	0.13460	0.62318	0.00950	0.05418	0.00716	0.00348	0.00561
12	0.01745	0.04372	0.11072	0.10893	0.19044	0.01605	0.10298	0.12986	0.03525	0.08703	0.01383	0.01631	0.01042	0.00680	0.00747	0.00203	0.06073	0.00585	0.00412	0.03002
13	0.00905	0.00660	0.00851	0.00803	0.00960	0.00606	0.00602	0.01201	0.01807	0.02538	0.68788	0.04913	0.10262	0.01341	0.00762	0.00204	0.00306	0.01181	0.00704	0.00606
14	0.02173	0.01632	0.01739	0.01389	0.01847	0.01820	0.01130	0.50439	0.19516	0.03638	0.01846	0.01812	0.01344	0.00798	0.00637	0.00197	0.00637	0.00619	0.05739	0.01049
15	0.02899	0.01100	0.01499	0.01150	0.01649	0.00950	0.00950	0.03149	0.01849	0.73709	0.02549	0.02199	0.01599	0.00800	0.00650	0.00200	0.00550	0.00650	0.00800	0.01100
16	0.00797	0.00577	0.00754	0.00877	0.00936	0.00534	0.00594	0.00930	0.01306	0.01741	0.10056	0.65918	0.08718	0.01936	0.00815	0.00254	0.00366	0.01747	0.00610	0.00534
17	0.81856	0.01250	0.00950	0.00850	0.01250	0.01449	0.00700	0.01899	0.01100	0.02899	0.00900	0.01050	0.00700	0.00600	0.00400	0.00200	0.00500	0.00350	0.00400	0.00700
18	0.81856	0.01250	0.00950	0.00850	0.01250	0.01449	0.00700	0.01899	0.01100	0.02899	0.00900	0.01050	0.00700	0.00600	0.00400	0.00200	0.00500	0.00350	0.00400	0.00700
19	0.01607	0.01388	0.01461	0.01315	0.01680	0.01607	0.01023	0.03433	0.72094	0.02703	0.02630	0.02411	0.01972	0.00877	0.00657	0.00219	0.00511	0.00731	0.00657	0.01023
20	0.00940	0.00626	0.00705	0.00705	0.00705	0.00626	0.00392	0.00940	0.00940	0.01253	0.02036	0.04228	0.02349	0.77292	0.03289	0.00626	0.00626	0.00940	0.00392	0.00392
21	0.01727	0.77681	0.03386	0.01106	0.01658	0.02557	0.01106	0.01935	0.01313	0.01520	0.00898	0.01036	0.00829	0.00553	0.00415	0.00138	0.00691	0.00345	0.00276	0.00829
22	0.01414	0.01414	0.01979	0.01696	0.01696	0.01979	0.01414	0.01555	0.00990	0.01555	0.00848	0.01414	0.00848	0.01131	0.02120	0.00283	0.76110	0.00565	0.00283	0.00707
23	0.00780	0.00614	0.00697	0.00762	0.00895	0.00539	0.00534	0.00916	0.01354	0.01688	0.05114	0.36506	0.41137	0.04305	0.00873	0.00251	0.00358	0.01553	0.00593	0.00532
24	0.01414	0.01414	0.01979	0.01696	0.01696	0.01979	0.01414	0.01555	0.00990	0.01555	0.00848	0.01414	0.00848	0.01131	0.02120	0.00283	0.76110	0.00565	0.00283	0.00707
25	0.01714	0.75415	0.05537	0.01128	0.01693	0.02524	0.01145	0.01938	0.01314	0.01536	0.00906	0.01046	0.00829	0.00555	0.00421	0.00140	0.00699	0.00350	0.00276	0.00833
26	0.81856	0.01250	0.00950	0.00850	0.01250	0.01449	0.00700	0.01899	0.01100	0.02899	0.00900	0.01050	0.00700	0.00600	0.00400	0.00200	0.00500	0.00350	0.00400	0.00700
27	0.01414	0.01414	0.01979	0.01696	0.01696	0.01979	0.01414	0.01555	0.00990	0.01555	0.00848	0.01414	0.00848	0.01131	0.02120	0.00283	0.76110	0.00565	0.00283	0.00707
28	0.01599	0.01535	0.02623	0.03966	0.73262	0.01535	0.01983	0.01983	0.01471	0.02111	0.01215	0.01599	0.01023	0.00576	0.00640	0.00192	0.00768	0.00576	0.00320	0.01023
29	0.00764	0.00655	0.00655	0.00655	0.00873	0.00545	0.00491	0.00927	0.01473	0.01745	0.06546	0.06218	0.73000	0.01636	0.00764	0.00218	0.00327	0.01364	0.00600	0.00545
30	0.00787	0.00562	0.00750	0.00900	0.00937	0.00525	0.00600	0.00900	0.01237	0.01649	0.03561	0.76871	0.04274	0.02024	0.00825	0.00262	0.00375	0.01837	0.00600	0.00525
31	0.00787	0.00562	0.00750	0.00900	0.00937	0.00525	0.00600	0.00900	0.01237	0.01649	0.03561	0.76871	0.04274	0.02024	0.00825	0.00262	0.00375	0.01837	0.00600	0.00525
32	0.02220	0.01692	0.01806	0.01439	0.01914	0.01893	0.01171	0.52259	0.22271	0.03691	0.01852	0.01791	0.01342	0.00804	0.00649	0.00201	0.00655	0.00623	0.00649	0.01078
33	0.00907	0.00674	0.00853	0.00847	0.01012	0.00620	0.00662	0.01182	0.01698	0.02306	0.47413	0.05538	0.19083	0.01466	0.00785	0.00223	0.00360	0.13108	0.00669	0.00594
34	0.02829	0.01213	0.01569	0.01203	0.01706	0.01117	0.00994	0.13958	0.02038	0.62633	0.02390	0.02096	0.01520	0.00796	0.00649	0.00199	0.00575	0.00639	0.00775	0.01099
35	0.02442	0.01284	0.01543	0.01230	0.01686	0.01288	0.01000	0.18075	0.15625	0.40419	0.04543	0.02186	0.01704	0.00824	0.00648	0.00201	0.00563	0.00665	0.03018	0.01055
36	0.00924	0.00626	0.00739	0.00753	0.00767	0.00633	0.00449	0.00955	0.00977	0.01313	0.02154	0.11003	0.02467	0.63644	0.09437	0.00629	0.00701	0.01003	0.00407	0.00421
37	0.00800	0.00603	0.00740	0.00818	0.00923	0.00543	0.00571	0.00955	0.01391	0.01817	0.14750	0.46418	0.23703	0.01811	0.00798	0.00241	0.00351	0.01605	0.00616	0.00543
38	0.01607	0.01388	0.01461	0.01315	0.01680	0.01607	0.01023	0.03433	0.72094	0.02703	0.02630	0.02411	0.01972	0.00877	0.00657	0.00219	0.00511	0.00731	0.00657	0.01023
39	0.02379	0.01884	0.04936	0.01481	0.01995	0.06432	0.01249	0.55446	0.07117	0.08081	0.01629	0.01613	0.01156	0.00770	0.00642	0.00195	0.00727	0.00580	0.00621	0.01066
40	0.01759	0.04134	0.18682	0.02143	0.08636	0.03406	0.22276	0.21039	0.03786	0.02587	0.01332	0.01565	0.00994	0.00663	0.00728	0.00206	0.04092	0.00605	0.00408	0.00959
41	0.01302	0.01232	0.02087	0.60164	0.19383	0.01457	0.01835	0.01723	0.01331	0.01751	0.01163	0.01696	0.00897	0.00631	0.00645	0.00210	0.00841	0.00575	0.00294	0.00784
42	0.00787	0.00565	0.00747	0.00893	0.00935	0.00525	0.00597	0.00900	0.01243	0.01652	0.03642	0.74961	0.06131	0.02014	0.00823	0.00261	0.00374	0.01824	0.00600	0.00525
43	0.00773	0.00655	0.00668	0.00664	0.00879	0.00549	0.00498	0.00945	0.01495	0.01798	0.10678	0.06132	0.68834	0.01617	0.00764	0.00217	0.00326	0.01352	0.00607	0.00549
44	0.00911	0.00652	0.00778	0.00747	0.00916	0.00592	0.00560	0.01179	0.01680	0.02351	0.47222	0.04891	0.22785	0.01333	0.00725	0.00201	0.00310	0.01150	0.10426	0.00592
45	0.81856	0.01250	0.00950	0.00850	0.01250	0.01449	0.00700	0.01899	0.01100	0.02899	0.00900	0.01050	0.00700	0.00600	0.00400	0.00200	0.00500	0.00350	0.00400	0.00700
46	0.00838	0.00636	0.00773	0.00784	0.00930	0.00570	0.00571	0.01055	0.01581	0.02111	0.36297	0.22064	0.26275	0.01582	0.00777	0.00222	0.00328	0.01385	0.00651	0.00570
47	0.01721	0.01362	0.01464	0.01300	0.01677	0.01549	0.01016	0.03408	0.65883	0.08982	0.02623	0.02392	0.01939	0.00870	0.00657	0.00217	0.00515	0.00723	0.00670	0.01030
48	0.04433	0.52477	0.02601	0.01041	0.01484	0.04247	0.00975	0.01860	0.01368	0.03949	0.05485	0.01609	0.03102	0.00678	0.00506	0.00154	0.02653	0.00469	0.10128	0.00779
49	0.01465	0.11500	0.28272	0.04606	0.08404	0.01685	0.30828	0.02025	0.01431	0.01985	0.01193	0.01512	0.00905	0.00576	0.00655	0.00201	0.00962	0.00591	0.00300	0.00903
50	0.01322	0.07383	0.67284	0.01767	0.02686	0.01535	0.02255	0.02024	0.01360	0.02019	0.01145	0.01345	0.00824	0.00605	0.00598	0.00197	0.00922	0.00467	0.00277	0.03985
51	0.00787	0.00562	0.00750	0.00900	0.00937	0.00525	0.00600	0.00900	0.01237	0.01649	0.03561	0.76871	0.04274	0.02024	0.00825	0.00262	0.00375	0.01837	0.00600	0.00525
52	0.00787	0.00562	0.00750	0.00900	0.00937	0.00525	0.00600	0.00900	0.01237	0.01649	0.03561	0.76871	0.04274	0.02024	0.00825	0.00262	0.00375	0.01837	0.00600	0.00525
53	0.04200	0.01205	0.04379	0.06819	0.10406	0.02968	0.11836	0.01750	0.01586	0.09701	0.24855	0.08676	0.03013	0.01006	0.00748	0.00213	0.02507	0.02834	0.00526	0.00773
54	0.02263	0.02747	0.01942	0.01997	0.12828	0.58790	0.01352	0.04622	0.04263	0.01777	0.01106	0.01286	0.00909	0.00663	0.00596	0.00173	0.01068	0.00456	0.00352	0.00811
55	0.01599	0.01535	0.02623	0.03966	0.73262	0.01535	0.01983	0.01983	0.01471	0.02111	0.01215	0.01599	0.01023	0.00576	0.00640	0.00192	0.00768	0.00576	0.00320	0.01023
56	0.01622	0.01541	0.02609	0.06011	0.66006	0.01555	0.04044	0.04914	0.01534	0.02179	0.01230	0.01605	0.01020	0.00585	0.00644	0.00193	0.00778	0.00582	0.00333	0.01013
57	0.00972	0.00740	0.01034	0.01008	0.01082	0.00865	0.00750	0.01132	0.01007	0.01438	0.01733	0.02894	0.01744	0.24132	0.48774	0.00858	0.08197	0.00748	0.00353	0.00539
58	0.01696	0.01408	0.02317	0.10633	0.48187	0.01387	0.03606	0.02063	0.01489	0.11082	0.01372	0.01666	0.01072	0.00601	0.00629	0.00187	0.00730	0.00571	0.00383	0.08921
59	0.01474	0.13251	0.54439	0.01796	0.04409	0.01618	0.05522	0.02099	0.01398	0.06453	0.01219	0.01396	0.00882	0.00613	0.00597	0.00196	0.00895	0.00487	0.00310	0.00944
60	0.00994	0.00874	0.03471	0.01177	0.01354	0.00827	0.09514	0.01256	0.03050	0.01703	0.06744	0.24489	0.02749	0.14737	0.21541	0.00524	0.00902	0.03042	0.00460	0.00594
61	0.00791	0.00579	0.00744	0.00865	0.00931	0.00532	0.00587	0.00919	0.01296	0.01709	0.07487	0.64583	0.12720	0.01941	0.00814	0.00254	0.00365	0.01745	0.00606	0.00532
62	0.01358	0.02911	0.55053	0.02079	0.02953	0.01537	0.20847	0.02053	0.01408	0.02053	0.01199	0.01466	0.00862	0.00595	0.00654	0.00208	0.00991	0.00554	0.00287	0.00932
63	0.02035	0.10335	0.01899	0.01299	0.01807	0.07823	0.01075	0.36420	0.04238	0.02999	0.01372	0.01451	0.01048	0.00668	0.00568	0.00160	0.00673	0.00495	0.02345	0.21288
64	0.00935	0.00644	0.00795	0.00793	0.00827	0.00672	0.00504	0.01003	0.00990	0.01354	0.03975	0.03812	0.02268	0.56550	0.21540	0.00720	0.00900	0.00883	0.00389	0.00445
65	0.01638	0.34960	0.32717	0.01558	0.04769	0.04309	0.01681	0.05917	0.01469	0.03965	0.01106	0.01260	0.00869	0.00602	0.00531	0.00174	0.00817	0.00433	0.00314	0.00909
66	0.01359	0.06026	0.14241	0.01800	0.15314	0.01342	0.03317	0.02110	0.19129	0.02199	0.12716	0.02787	0.02262	0.07638	0.00898	0.00245	0.00647	0.04642	0.00476	0.00852
67	0.01220	0.01148	0.01938	0.75739	0.04450	0.01436	0.01794	0.01651	0.01292	0.01651	0.01148	0.01723	0.00861	0.00646	0.00646	0.00215	0.00861	0.00574	0.00287	0.00718
68	0.01645	0.00954	0.01184	0.09461	0.05852	0.00990	0.00872	0.11081	0.01652	0.12955	0.01936	0.02138	0.01446	0.00740	0.00540	0.00173	0.00483	0.00602	0.44516	0.00780
69	0.06749	0.08388	0.11188	0.07263	0.12322	0.09790	0.07067	0.09074	0.01603	0.08549	0.01387	0.03653	0.01128	0.00746	0.00731	0.00203	0.06499	0.02378	0.00403	0.00879
70	0.04288	0.02374	0.01791	0.01700	0.06417	0.45274	0.01242	0.08478	0.01728	0.01899	0.01128	0.01386	0.00946	0.00988	0.05386	0.00239	0.10192	0.00482	0.03287	0.00776
71	0.00987	0.00676	0.00887	0.00825	0.00990	0.00622	0.00622	0.01290	0.01830	0.05178	0.70361	0.04731	0.05933	0.01302	0.00758	0.00203	0.00314	0.01150	0.00714	0.00627
72	0.01367	0.01446	0.10036	0.10315	0.07641	0.03278	0.06182	0.05492	0.12627	0.02213	0.05946	0.02699	0.10487	0.00898	0.00721	0.00207	0.04160	0.02552	0.10930	0.00803
73	0.06387	0.01961	0.15378	0.07773	0.14194	0.07968	0.13194	0.10012	0.03529	0.06497	0.01395	0.01754	0.01083	0.00693	0.00692	0.00206	0.03147	0.02830	0.00398	0.00909
74	0.00940	0.00626	0.00705	0.00705	0.00705	0.00626	0.00392	0.00940	0.00940	0.01253	0.02036	0.04228	0.02349	0.77292	0.03289	0.00626	0.00626	0.00940	0.00392	0.00392
75	0.00804	0.00598	0.00749	0.00835	0.00929	0.00543	0.00579	0.00959	0.01384	0.01826	0.15739	0.50322	0.18718	0.01827	0.00802	0.00243	0.00353	0.01628	0.00618	0.00543
76	0.01834	0.04024	0.08868	0.08665	0.18361	0.19305	0.03463	0.03868	0.05760	0.07552	0.01294	0.01542	0.01018	0.00720	0.00821	0.00203	0.10906	0.00541	0.00375	0.00880
77	0.01174	0.00890	0.01280	0.19304	0.06411	0.00946	0.01039	0.03976	0.05031	0.06103	0.04839	0.38968	0.04668	0.01392	0.00741	0.00235	0.00544	0.01247	0.00526	0.00686
78	0.00833	0.00605	0.00766	0.00860	0.00936	0.00564	0.00597	0.00974	0.01314	0.01737	0.11027	0.47313	0.12818	0.10188	0.01087	0.00293	0.00406	0.06567	0.00588	0.00527
79	0.01634	0.01601	0.02589	0.03868	0.70232	0.04645	0.01952	0.02008	0.01487	0.02088	0.01206	0.01581	0.01015	0.00580	0.00637	0.00191	0.00785	0.00569	0.00320	0.01012
80	0.01363	0.04056	0.01460	0.01062	0.03908	0.00948	0.00819	0.01650	0.01343	0.02084	0.01141	0.01337	0.00954	0.00485	0.00481	0.00100	0.00496	0.00388	0.00377	0.75548
81	0.04620	0.05451	0.08013	0.01507	0.02003	0.11353	0.05454	0.26473	0.14190	0.09450	0.01717	0.01847	0.01288	0.00769	0.00634	0.00198	0.00754	0.02762	0.00543	0.00972
82	0.00787	0.00565	0.00747	0.00894	0.00936	0.00525	0.00597	0.00900	0.01243	0.01652	0.03636	0.75104	0.05992	0.02015	0.00823	0.00261	0.00374	0.01825	0.00600	0.00525
83	0.01597	0.05045	0.09265	0.15339	0.29583	0.01622	0.08362	0.11505	0.03304	0.02255	0.01324	0.03520	0.01075	0.00674	0.00684	0.00202	0.02735	0.00610	0.00368	0.00931
84	0.00942	0.00695	0.00841	0.00822	0.00997	0.00642	0.00615	0.01257	0.05034	0.03925	0.39609	0.13419	0.24004	0.01468	0.00766	0.00217	0.00343	0.03126	0.00664	0.00613
85	0.01378	0.07443	0.55447	0.02140	0.12151	0.01578	0.06924	0.02033	0.01386	0.02025	0.01161	0.01402	0.00857	0.00600	0.00616	0.00200	0.00923	0.00502	0.00283	0.00951
86	0.00807	0.00642	0.00719	0.00752	0.00917	0.00563	0.00554	0.00977	0.01444	0.01802	0.11989	0.19558	0.46503	0.04441	0.00875	0.00245	0.00362	0.05700	0.00603	0.00545
87	0.00973	0.00731	0.00882	0.00831	0.01001	0.00704	0.00617	0.03765	0.04651	0.02280	0.42638	0.04679	0.18362	0.09168	0.05612	0.00301	0.00454	0.01115	0.00630	0.00608
88	0.01776	0.01097	0.01351	0.01012	0.01529	0.00867	0.00811	0.02041	0.01487	0.23714	0.01724	0.06382	0.01361	0.00673	0.00552	0.00138	0.00493	0.00556	0.00523	0.51914
89	0.00779	0.00595	0.00716	0.00812	0.00914	0.00532	0.00561	0.00910	0.01321	0.01684	0.04630	0.51566	0.28888	0.01885	0.00803	0.00247	0.00358	0.01667	0.00600	0.00532
90	0.01396	0.01339	0.02207	0.36450	0.30410	0.01560	0.01806	0.01763	0.01313	0.01812	0.01126	0.01626	0.00921	0.00696	0.00878	0.00217	0.12773	0.00573	0.00299	0.00833
91	0.01727	0.77681	0.03386	0.01106	0.01658	0.02557	0.01106	0.01935	0.01313	0.01520	0.00898	0.01036	0.00829	0.00553	0.00415	0.00138	0.00691	0.00345	0.00276	0.00829
92	0.00931	0.00688	0.00873	0.00822	0.00986	0.00643	0.00618	0.01285	0.04464	0.02542	0.66044	0.04824	0.10193	0.01324	0.00758	0.00205	0.00314	0.01164	0.00702	0.00621
93	0.01204	0.00602	0.00602	0.00602	0.00753	0.00602	0.00452	0.01506	0.01355	0.02409	0.02108	0.02409	0.01656	0.00753	0.00452	0.00151	0.00301	0.00602	0.80879	0.00602
94	0.81856	0.01250	0.00950	0.00850	0.01250	0.01449	0.00700	0.01899	0.01100	0.02899	0.00900	0.01050	0.00700	0.00600	0.00400	0.00200	0.00500	0.00350	0.00400	0.00700
95	0.01340	0.01148	0.01340	0.00957	0.01531	0.00861	0.00766	0.01627	0.01340	0.02105	0.01148	0.01340	0.00957	0.00479	0.00479	0.00096	0.00479	0.00383	0.00383	0.81242
96	0.01607	0.01388	0.01461	0.01315	0.01680	0.01607	0.01023	0.03433	0.72094	0.02703	0.02630	0.02411	0.01972	0.00877	0.00657	0.00219	0.00511	0.00731	0.00657	0.01023
97	0.76809	0.01207	0.00937	0.00853	0.01230	0.01392	0.00694	0.01837	0.01108	0.02821	0.01065	0.05770	0.00922	0.00688	0.00426	0.00204	0.00492	0.00442	0.00412	0.00689
98	0.01827	0.01420	0.01774	0.07238	0.15077	0.01560	0.01274	0.11623	0.37457	0.10471	0.02116	0.02079	0.01565	0.00783	0.00651	0.00209	0.00614	0.00663	0.00583	0.01019
99	0.00954	0.00927	0.08168	0.00909	0.01132	0.00700	0.00774	0.01285	0.01727	0.02453	0.61325	0.04443	0.05335	0.05980	0.00905	0.00230	0.00390	0.01085	0.00647	0.00631
100	0.01337	0.01285	0.05860	0.01012	0.01610	0.00901	0.00867	0.01653	0.01341	0.02102	0.01149	0.01341	0.00948	0.00487	0.00487	0.00102	0.00508	0.00389	0.00376	0.76243
101	0.03919	0.16896	0.58712	0.01675	0.02539	0.01692	0.02099	0.02021	0.01346	0.01977	0.01103	0.01294	0.00817	0.00602	0.00571	0.00192	0.00892	0.00449	0.00277	0.00924
102	0.00765	0.00651	0.00659	0.00665	0.00875	0.00545	0.00496	0.00926	0.01463	0.01741	0.06419	0.09222	0.70078	0.01653	0.00766	0.00220	0.00329	0.01384	0.00600	0.00545
103	0.01361	0.02898	0.54720	0.02126	0.05391	0.01534	0.18729	0.02050	0.01406	0.02054	0.01197	0.01463	0.00864	0.00596	0.00650	0.00207	0.00980	0.00549	0.00287	0.00937
104	0.02049	0.00942	0.01123	0.00928	0.01264	0.00901	0.00745	0.09817	0.01746	0.32365	0.02231	0.02227	0.01571	0.00775	0.00556	0.00176	0.00450	0.00620	0.38649	0.00864
105	0.00787	0.00562	0.00750	0.00900	0.00937	0.00525	0.00600	0.00900	0.01237	0.01649	0.03561	0.76871	0.04274	0.02024	0.00825	0.00262	0.00375	0.01837	0.00600	0.00525
106	0.00854	0.00652	0.00783	0.00763	0.00931	0.00582	0.00567	0.01097	0.01667	0.02235	0.45258	0.09802	0.29513	0.01476	0.00767	0.00212	0.00317	0.01279	0.00665	0.00582
107	0.00905	0.00660	0.00851	0.00803	0.00960	0.00606	0.00602	0.01201	0.01807	0.02538	0.68788	0.04913	0.10262	0.01341	0.00762	0.00204	0.00306	0.01181	0.00704	0.00606
108	0.02456	0.01810	0.01939	0.01487	0.02004	0.02004	0.01228	0.71107	0.03038	0.04072	0.01551	0.01551	0.01099	0.00776	0.00646	0.00194	0.00711	0.00582	0.00646	0.01099
109	0.01249	0.01309	0.06464	0.66669	0.08632	0.01446	0.01843	0.01696	0.01308	0.01704	0.01153	0.01693	0.00869	0.00640	0.00644	0.00213	0.00861	0.00568	0.00288	0.00752
110	0.01296	0.03342	0.73944	0.01842	0.02797	0.01501	0.02387	0.02046	0.01364	0.02046	0.01160	0.01364	0.00818	0.00614	0.00614	0.00205	0.00955	0.00477	0.00273	0.00955
111	0.01607	0.01388	0.01461	0.01315	0.01680	0.01607	0.01023	0.03433	0.72094	0.02703	0.02630	0.02411	0.01972	0.00877	0.00657	0.00219	0.00511	0.00731	0.00657	0.01023
112	0.00905	0.00940	0.08809	0.00914	0.01152	0.00683	0.00789	0.01196	0.01592	0.02166	0.36508	0.16096	0.20782	0.01442	0.00760	0.00219	0.00402	0.03411	0.00616	0.00619
113	0.08859	0.01538	0.06073	0.02008	0.19263	0.01444	0.05439	0.18503	0.01915	0.24107	0.01691	0.01736	0.01187	0.00696	0.00626	0.00197	0.00685	0.00587	0.02430	0.01014
114	0.81856	0.01250	0.00950	0.00850	0.01250	0.01449	0.00700	0.01899	0.01100	0.02899	0.00900	0.01050	0.00700	0.00600	0.00400	0.00200	0.00500	0.00350	0.00400	0.00700
115	0.59528	0.01251	0.01132	0.00955	0.01385	0.01374	0.00788	0.06483	0.01385	0.18563	0.01303	0.01334	0.00923	0.00655	0.00470	0.00200	0.00524	0.00430	0.00503	0.00813
116	0.04393	0.09087	0.36014	0.04237	0.19248	0.03965	0.08136	0.02012	0.01393	0.02010	0.01140	0.01417	0.00880	0.00609	0.00648	0.00198	0.02879	0.00513	0.00296	0.00924
117	0.01090	0.00829	0.00927	0.00885	0.01069	0.00843	0.00638	0.01627	0.18030	0.03862	0.13302	0.08573	0.21373	0.19886	0.03930	0.00346	0.00498	0.01070	0.00575	0.00644
118	0.00894	0.00660	0.00836	0.00792	0.00953	0.00601	0.00594	0.01180	0.01782	0.02478	0.64082	0.05012	0.15005	0.01363	0.00762	0.00205	0.00308	0.01195	0.00696	0.00601
119	0.02414	0.03079	0.01831	0.01665	0.01998	0.74698	0.01248	0.02580	0.01831	0.01581	0.00999	0.01165	0.00832	0.00666	0.00583	0.00166	0.01165	0.00416	0.00333	0.00749
120	0.01679	0.12997	0.02587	0.05526	0.52379	0.01644	0.01731	0.04168	0.01504	0.05764	0.01307	0.03532	0.01107	0.00631	0.00611	0.00187	0.00736	0.00578	0.00355	0.00977
121	0.01645	0.01363	0.04480	0.01266	0.01646	0.01428	0.01028	0.03104	0.54461	0.09666	0.10260	0.02610	0.02338	0.00907	0.00666	0.00215	0.00511	0.00760	0.00661	0.00982
