[name]
unknown

[dist]
# distance from previous block
# <min> <max>
0	20

[block]
# block no. 0 follows, 33 sequences, length 46
# corresponding to MSA columns:
# 20-65
name=unknown_A
#
# <colnr> <probs for GDERKNQSTAVLIFYWHMCP>
#	G	D	E	R	K	N	Q	S	T	A	V	L	I	F	Y	W	H	M	C	P
0	0.05994	0.10634	0.12125	0.07966	0.02305	0.08524	0.07931	0.10029	0.11660	0.10777	0.01659	0.01914	0.01269	0.00748	0.00631	0.00203	0.00786	0.03445	0.00473	0.00924
1	0.00917	0.00635	0.00727	0.00743	0.00781	0.00616	0.00449	0.00967	0.01104	0.01457	0.06677	0.13508	0.10438	0.55244	0.02618	0.00523	0.00555	0.01130	0.00466	0.00445
2	0.01376	0.08944	0.63119	0.01782	0.02682	0.01619	0.02236	0.02173	0.06217	0.02090	0.01264	0.01438	0.00916	0.00639	0.00613	0.00204	0.00921	0.00494	0.00305	0.00968
3	0.01867	0.27523	0.04770	0.04805	0.26173	0.16564	0.01530	0.05963	0.01598	0.01933	0.01100	0.01341	0.00929	0.00612	0.00562	0.00173	0.00843	0.00472	0.00330	0.00911
4	0.00916	0.00684	0.00993	0.01010	0.01124	0.00762	0.00770	0.01137	0.01153	0.01629	0.06719	0.12662	0.04895	0.04206	0.57120	0.00868	0.01435	0.00916	0.00420	0.00582
5	0.00957	0.00638	0.00718	0.00718	0.00718	0.00638	0.00399	0.00957	0.00957	0.01276	0.02074	0.04308	0.02393	0.76864	0.03351	0.00638	0.00638	0.00957	0.00399	0.00399
6	0.02503	0.01844	0.01976	0.01515	0.02042	0.02042	0.01251	0.70562	0.03095	0.04149	0.01581	0.01581	0.01120	0.00790	0.00659	0.00198	0.00724	0.00593	0.00659	0.01120
7	0.00957	0.00638	0.00718	0.00718	0.00718	0.00638	0.00399	0.00957	0.00957	0.01276	0.02074	0.04308	0.02393	0.76864	0.03351	0.00638	0.00638	0.00957	0.00399	0.00399
8	0.01554	0.01776	0.03885	0.02775	0.03441	0.01665	0.70366	0.02109	0.01554	0.02109	0.01332	0.01776	0.00999	0.00555	0.00777	0.00222	0.01110	0.00777	0.00333	0.00888
9	0.00784	0.00667	0.00675	0.00673	0.00893	0.00558	0.00505	0.00956	0.01514	0.01810	0.09115	0.06283	0.70024	0.01655	0.00778	0.00222	0.00333	0.01382	0.00616	0.00558
10	0.00957	0.00638	0.00718	0.00718	0.00718	0.00638	0.00399	0.00957	0.00957	0.01276	0.02074	0.04308	0.02393	0.76864	0.03351	0.00638	0.00638	0.00957	0.00399	0.00399
11	0.00957	0.00638	0.00718	0.00718	0.00718	0.00638	0.00399	0.00957	0.00957	0.01276	0.02074	0.04308	0.02393	0.76864	0.03351	0.00638	0.00638	0.00957	0.00399	0.00399
12	0.00778	0.00667	0.00667	0.00667	0.00889	0.00556	0.00500	0.00945	0.01501	0.01778	0.06669	0.06336	0.72490	0.01667	0.00778	0.00222	0.00333	0.01389	0.00611	0.00556
13	0.01011	0.00680	0.00762	0.00746	0.00764	0.00687	0.00429	0.03384	0.01032	0.01377	0.02057	0.04213	0.02349	0.74212	0.03257	0.00623	0.00641	0.00945	0.00408	0.00424
14	0.00802	0.00573	0.00764	0.00917	0.00955	0.00535	0.00611	0.00917	0.01260	0.01681	0.03628	0.76434	0.04354	0.02062	0.00840	0.00267	0.00382	0.01872	0.00611	0.00535
15	0.01243	0.01170	0.01975	0.75282	0.04534	0.01463	0.01828	0.01682	0.01316	0.01682	0.01170	0.01755	0.00878	0.00658	0.00658	0.00219	0.00878	0.00585	0.00293	0.00731
16	0.01320	0.03405	0.73453	0.01876	0.02849	0.01529	0.02432	0.02085	0.01390	0.02085	0.01181	0.01390	0.00834	0.00625	0.00625	0.00208	0.00973	0.00486	0.00278	0.00973
17	0.02470	0.01828	0.01957	0.01508	0.02029	0.02026	0.01243	0.68003	0.05709	0.04096	0.01623	0.01614	0.01154	0.00794	0.00659	0.00199	0.00717	0.00598	0.00659	0.01117
18	0.00806	0.00580	0.00765	0.00905	0.00954	0.00539	0.00608	0.00930	0.01292	0.01722	0.06447	0.71307	0.06663	0.02021	0.00836	0.00263	0.00378	0.01829	0.00616	0.00539
19	0.01320	0.03405	0.73453	0.01876	0.02849	0.01529	0.02432	0.02085	0.01390	0.02085	0.01181	0.01390	0.00834	0.00625	0.00625	0.00208	0.00973	0.00486	0.00278	0.00973
20	0.00778	0.00667	0.00667	0.00667	0.00889	0.00556	0.00500	0.00945	0.01501	0.01778	0.06669	0.06336	0.72490	0.01667	0.00778	0.00222	0.00333	0.01389	0.00611	0.00556
21	0.00951	0.00686	0.00819	0.00777	0.00965	0.00610	0.00581	0.01195	0.01697	0.04896	0.42855	0.05323	0.30529	0.04164	0.00865	0.00228	0.00340	0.01236	0.00674	0.00607
22	0.00873	0.00671	0.00798	0.00766	0.00947	0.00596	0.00575	0.01128	0.01724	0.02308	0.47076	0.05464	0.31753	0.01470	0.00777	0.00213	0.00319	0.01267	0.00681	0.00596
23	0.00778	0.00667	0.00667	0.00667	0.00889	0.00556	0.00500	0.00945	0.01501	0.01778	0.06669	0.06336	0.72490	0.01667	0.00778	0.00222	0.00333	0.01389	0.00611	0.00556
24	0.00830	0.00669	0.00739	0.00722	0.00921	0.00578	0.00541	0.01046	0.01624	0.02070	0.28947	0.05855	0.50030	0.01558	0.00778	0.00217	0.00326	0.01322	0.00650	0.00578
25	0.02503	0.01844	0.01976	0.01515	0.02042	0.02042	0.01251	0.70562	0.03095	0.04149	0.01581	0.01581	0.01120	0.00790	0.00659	0.00198	0.00724	0.00593	0.00659	0.01120
26	0.00778	0.00667	0.00667	0.00667	0.00889	0.00556	0.00500	0.00945	0.01501	0.01778	0.06669	0.06336	0.72490	0.01667	0.00778	0.00222	0.00333	0.01389	0.00611	0.00556
27	0.00802	0.00573	0.00764	0.00917	0.00955	0.00535	0.00611	0.00917	0.01260	0.01681	0.03628	0.76434	0.04354	0.02062	0.00840	0.00267	0.00382	0.01872	0.00611	0.00535
28	0.00801	0.00577	0.00760	0.00906	0.00952	0.00536	0.00606	0.00918	0.01271	0.01685	0.03758	0.73458	0.07247	0.02046	0.00838	0.00265	0.00380	0.01851	0.00611	0.00536
29	0.01880	0.01395	0.01522	0.01325	0.01726	0.01562	0.01043	0.07215	0.57481	0.13194	0.02606	0.02375	0.01904	0.00876	0.00668	0.00219	0.00538	0.00724	0.00691	0.01058
30	0.00809	0.00668	0.00709	0.00699	0.00908	0.00569	0.00524	0.01004	0.01573	0.01951	0.19801	0.06052	0.59250	0.01603	0.00778	0.00219	0.00329	0.01350	0.00634	0.00569
31	0.00920	0.00672	0.00864	0.00816	0.00977	0.00616	0.00612	0.01220	0.01837	0.02577	0.67572	0.05022	0.11089	0.01370	0.00777	0.00208	0.00312	0.01205	0.00716	0.00616
32	0.01530	0.01463	0.02492	0.22396	0.55179	0.01538	0.01971	0.01933	0.01452	0.02030	0.01221	0.01662	0.01000	0.00605	0.00653	0.00202	0.00807	0.00586	0.00317	0.00963
33	0.01549	0.01761	0.03804	0.02730	0.03367	0.01680	0.67390	0.02086	0.01530	0.02086	0.01312	0.01761	0.00993	0.00581	0.00837	0.00225	0.04329	0.00768	0.00331	0.00881
34	0.24300	0.01175	0.01373	0.01095	0.01571	0.01135	0.00901	0.02874	0.04685	0.51029	0.02143	0.01931	0.01396	0.00763	0.00593	0.00205	0.00545	0.00582	0.00698	0.01006
35	0.00808	0.00577	0.00769	0.00913	0.00956	0.00539	0.00612	0.00932	0.01288	0.01724	0.06764	0.73174	0.04439	0.02030	0.00837	0.00265	0.00379	0.01840	0.00616	0.00539
36	0.05348	0.01313	0.01457	0.01208	0.01564	0.01390	0.00946	0.35967	0.02218	0.11337	0.02324	0.15373	0.05138	0.10129	0.01007	0.00265	0.00607	0.00896	0.00625	0.00888
37	0.10109	0.01121	0.03801	0.01141	0.05260	0.01066	0.00865	0.15381	0.01858	0.02626	0.20264	0.06528	0.25029	0.01211	0.00702	0.00211	0.00477	0.01005	0.00598	0.00745
38	0.06744	0.14030	0.12556	0.01620	0.07452	0.12550	0.01371	0.03621	0.01451	0.01998	0.07113	0.01617	0.01331	0.00772	0.00870	0.00194	0.15094	0.00525	0.00360	0.08731
39	0.03939	0.34950	0.26982	0.01483	0.03975	0.04363	0.01568	0.07119	0.01535	0.02053	0.05495	0.01469	0.01196	0.00656	0.00543	0.00177	0.00786	0.00477	0.00343	0.00894
40	0.04780	0.28882	0.14142	0.04110	0.05829	0.07204	0.03909	0.06714	0.06215	0.04610	0.01361	0.04819	0.01144	0.00700	0.00563	0.00181	0.00764	0.00539	0.00383	0.03150
41	0.02071	0.08009	0.07651	0.01394	0.01869	0.10517	0.03210	0.20821	0.13076	0.12330	0.04103	0.01895	0.01465	0.00773	0.00620	0.00192	0.00706	0.00604	0.07733	0.00961
42	0.11391	0.08483	0.10948	0.01388	0.04762	0.04709	0.03794	0.09104	0.06015	0.08326	0.05024	0.06707	0.05926	0.00875	0.00619	0.00198	0.00649	0.02548	0.02433	0.06103
43	0.16449	0.14414	0.07905	0.03477	0.01858	0.08360	0.04279	0.13090	0.04488	0.04841	0.09226	0.01846	0.01583	0.02486	0.00640	0.00199	0.00699	0.00570	0.00461	0.03130
44	0.01893	0.07462	0.07251	0.03835	0.12035	0.05953	0.04931	0.20986	0.16114	0.04761	0.01692	0.03916	0.01323	0.00757	0.00640	0.00197	0.00734	0.00627	0.00505	0.04389
45	0.21356	0.09994	0.05333	0.04114	0.01734	0.05643	0.03047	0.05656	0.04184	0.14280	0.03965	0.07676	0.01516	0.01042	0.04675	0.00245	0.00699	0.00636	0.00491	0.03715

[dist]
# distance from previous block
# <min> <max>
0	42

[block]
# block no. 1 follows, 33 sequences, length 19
# corresponding to MSA columns:
# 111-129
name=unknown_B
#
# <colnr> <probs for GDERKNQSTAVLIFYWHMCP>
#	G	D	E	R	K	N	Q	S	T	A	V	L	I	F	Y	W	H	M	C	P
0	0.04892	0.17084	0.05120	0.01525	0.07862	0.12045	0.03637	0.05952	0.03278	0.05782	0.01979	0.13109	0.04608	0.01146	0.03823	0.00237	0.00762	0.04499	0.00446	0.02213
1	0.05386	0.09360	0.19763	0.01553	0.05303	0.10658	0.05275	0.06577	0.01628	0.04783	0.09557	0.09328	0.06274	0.00920	0.00651	0.00202	0.00749	0.00761	0.00445	0.00829
2	0.05872	0.08817	0.01770	0.06278	0.01899	0.11443	0.01090	0.20108	0.05923	0.13812	0.04297	0.06366	0.03991	0.00857	0.00627	0.00193	0.00689	0.00669	0.00553	0.04746
3	0.12887	0.04804	0.07608	0.08959	0.03733	0.05754	0.07179	0.05783	0.03532	0.20049	0.07743	0.02230	0.03860	0.00803	0.00638	0.00206	0.00696	0.02126	0.00526	0.00884
4	0.05728	0.01237	0.01741	0.25732	0.02624	0.01313	0.03651	0.01741	0.01305	0.04511	0.01166	0.01536	0.00936	0.00669	0.00818	0.00182	0.12431	0.00505	0.00356	0.31820
5	0.01028	0.00703	0.00902	0.00961	0.01064	0.00685	0.00679	0.05724	0.01444	0.04352	0.09693	0.51839	0.03964	0.07026	0.03638	0.00310	0.00481	0.04303	0.00608	0.00598
6	0.01902	0.07024	0.05204	0.01435	0.01870	0.12790	0.01185	0.14558	0.41228	0.02702	0.02049	0.01968	0.01547	0.00808	0.00637	0.00204	0.00691	0.00631	0.00572	0.00996
7	0.01223	0.00757	0.00952	0.00873	0.01101	0.00667	0.00656	0.01461	0.01653	0.13067	0.32915	0.15479	0.16582	0.03286	0.00815	0.00222	0.00384	0.01190	0.00670	0.06047
8	0.01333	0.03319	0.69766	0.01924	0.02881	0.01536	0.06033	0.02086	0.01399	0.02086	0.01189	0.01410	0.00843	0.00622	0.00633	0.00209	0.00980	0.00502	0.00281	0.00968
9	0.01350	0.08449	0.68672	0.01825	0.02770	0.01602	0.02343	0.02077	0.01386	0.02048	0.01163	0.01367	0.00835	0.00621	0.00612	0.00204	0.00955	0.00477	0.00278	0.00964
10	0.01320	0.03405	0.73453	0.01876	0.02849	0.01529	0.02432	0.02085	0.01390	0.02085	0.01181	0.01390	0.00834	0.00625	0.00625	0.00208	0.00973	0.00486	0.00278	0.00973
11	0.01386	0.02716	0.54162	0.01641	0.02423	0.01329	0.01992	0.02020	0.01464	0.08057	0.09609	0.01951	0.01579	0.01014	0.05581	0.00265	0.00915	0.00598	0.00380	0.00919
12	0.01427	0.02401	0.45457	0.01551	0.02234	0.01226	0.01802	0.01976	0.01450	0.11081	0.04452	0.09411	0.01785	0.04215	0.00798	0.00240	0.00794	0.06391	0.00427	0.00881
13	0.01332	0.01188	0.09588	0.01156	0.01474	0.00941	0.03282	0.10235	0.01678	0.09214	0.09562	0.29526	0.13313	0.01429	0.00759	0.00233	0.00530	0.03218	0.00599	0.00743
14	0.01432	0.22382	0.01718	0.01031	0.01280	0.09776	0.00816	0.01583	0.01285	0.04425	0.06308	0.02691	0.01875	0.25918	0.14397	0.00472	0.00893	0.00686	0.00390	0.00643
15	0.05283	0.15117	0.22219	0.04544	0.02025	0.05272	0.01394	0.02074	0.03792	0.12118	0.01694	0.11069	0.01467	0.00950	0.02684	0.00219	0.00752	0.00668	0.00430	0.06230
16	0.01583	0.01012	0.01181	0.01061	0.01270	0.03960	0.00799	0.06566	0.03297	0.16942	0.02573	0.13943	0.07375	0.16985	0.07886	0.00382	0.06937	0.00939	0.04588	0.00720
17	0.07646	0.01338	0.03649	0.02889	0.01651	0.04877	0.01002	0.12528	0.08092	0.07184	0.02071	0.14817	0.01943	0.01034	0.00697	0.00203	0.02710	0.07282	0.00534	0.17853
18	0.06039	0.15703	0.06351	0.14735	0.02639	0.11538	0.15504	0.07509	0.04060	0.04732	0.04183	0.01656	0.01186	0.00671	0.00621	0.00195	0.00861	0.00576	0.00389	0.00852

[dist]
# distance from previous block
# <min> <max>
2	31

[block]
# block no. 2 follows, 33 sequences, length 99
# corresponding to MSA columns:
# 162-260
name=unknown_C
#
# <colnr> <probs for GDERKNQSTAVLIFYWHMCP>
#	G	D	E	R	K	N	Q	S	T	A	V	L	I	F	Y	W	H	M	C	P
0	0.10130	0.04033	0.09692	0.01280	0.01704	0.07165	0.01124	0.16581	0.08458	0.10163	0.02244	0.11599	0.05454	0.03193	0.00736	0.00226	0.00658	0.04141	0.00551	0.00867
1	0.03625	0.03829	0.13110	0.01571	0.05988	0.08888	0.04885	0.07431	0.09526	0.02281	0.09085	0.05760	0.05525	0.00911	0.00756	0.00204	0.05589	0.02377	0.00465	0.08192
2	0.08351	0.01799	0.15777	0.05149	0.04546	0.04794	0.04215	0.09584	0.09562	0.09496	0.05719	0.01988	0.03370	0.00878	0.02610	0.00223	0.03116	0.00616	0.00481	0.07725
3	0.03445	0.06237	0.04803	0.01195	0.04400	0.01016	0.04346	0.03785	0.01731	0.18188	0.26331	0.03672	0.15980	0.01095	0.00703	0.00205	0.00504	0.00936	0.00628	0.00800
4	0.01780	0.46819	0.19705	0.01394	0.02024	0.11297	0.01459	0.05461	0.01503	0.01811	0.01024	0.01177	0.00856	0.00604	0.00503	0.00163	0.00829	0.00405	0.00307	0.00878
5	0.02402	0.02867	0.01905	0.01774	0.05325	0.60503	0.01298	0.10399	0.03976	0.01959	0.01140	0.01289	0.00921	0.00693	0.00606	0.00176	0.01096	0.00460	0.00385	0.00825
6	0.01460	0.01356	0.07472	0.07415	0.07426	0.01289	0.06159	0.12990	0.03682	0.04666	0.10003	0.12932	0.02342	0.05604	0.03064	0.00276	0.06316	0.04245	0.00502	0.00801
7	0.01585	0.01628	0.03101	0.06525	0.43767	0.01598	0.27801	0.02040	0.01512	0.02115	0.01271	0.01690	0.01019	0.00578	0.00699	0.00206	0.00910	0.00658	0.00327	0.00971
8	0.00853	0.00644	0.00883	0.04475	0.03623	0.00618	0.00710	0.01001	0.01303	0.01729	0.05430	0.63755	0.08713	0.01900	0.00819	0.00258	0.00414	0.01716	0.00589	0.00565
9	0.00940	0.00705	0.01058	0.01058	0.01176	0.00823	0.00823	0.01176	0.01058	0.01528	0.01763	0.02586	0.01646	0.04937	0.74255	0.01058	0.01763	0.00705	0.00353	0.00588
10	0.01874	0.01707	0.02590	0.08227	0.33033	0.04248	0.13115	0.22132	0.01976	0.02677	0.01342	0.01633	0.01039	0.00650	0.00673	0.00201	0.00841	0.00614	0.00423	0.01007
11	0.01540	0.01445	0.02405	0.27895	0.46502	0.01552	0.01920	0.05104	0.01512	0.02086	0.01231	0.01669	0.00991	0.00620	0.00654	0.00204	0.00812	0.00586	0.00330	0.00942
12	0.00802	0.00573	0.00764	0.00917	0.00955	0.00535	0.00611	0.00917	0.01260	0.01681	0.03628	0.76434	0.04354	0.02062	0.00840	0.00267	0.00382	0.01872	0.00611	0.00535
13	0.01617	0.01552	0.02650	0.06303	0.70591	0.01561	0.02014	0.02010	0.01493	0.02136	0.01236	0.01633	0.01038	0.00589	0.00652	0.00196	0.00785	0.00587	0.00325	0.01033
14	0.00885	0.00659	0.00788	0.00804	0.00940	0.00605	0.00572	0.01090	0.03278	0.01969	0.25023	0.21399	0.26209	0.07120	0.01074	0.04690	0.00378	0.01347	0.00614	0.00557
15	0.01549	0.01763	0.03813	0.02735	0.03375	0.01678	0.67730	0.02089	0.01533	0.02089	0.01314	0.01763	0.00994	0.00578	0.00830	0.00225	0.03961	0.00769	0.00331	0.00881
16	0.00791	0.00667	0.00684	0.00680	0.00897	0.00561	0.00510	0.00969	0.01530	0.01848	0.12005	0.06221	0.67111	0.01641	0.00778	0.00221	0.00332	0.01373	0.00621	0.00561
17	0.00836	0.00620	0.00752	0.00814	0.00922	0.00560	0.00565	0.00970	0.01386	0.01801	0.14015	0.37454	0.25696	0.05536	0.01016	0.04022	0.00378	0.01520	0.00601	0.00535
18	0.02544	0.01596	0.01798	0.01392	0.01892	0.01694	0.01141	0.47559	0.05553	0.22684	0.01915	0.01874	0.01331	0.02989	0.00737	0.00213	0.00669	0.00628	0.00694	0.01096
19	0.81514	0.01273	0.00968	0.00866	0.01273	0.01477	0.00713	0.01935	0.01120	0.02954	0.00917	0.01069	0.00713	0.00611	0.00407	0.00204	0.00509	0.00356	0.00407	0.00713
20	0.81514	0.01273	0.00968	0.00866	0.01273	0.01477	0.00713	0.01935	0.01120	0.02954	0.00917	0.01069	0.00713	0.00611	0.00407	0.00204	0.00509	0.00356	0.00407	0.00713
21	0.09732	0.00988	0.01196	0.01020	0.01379	0.00928	0.00811	0.02322	0.06543	0.35838	0.07491	0.08825	0.13231	0.03601	0.00773	0.00231	0.00492	0.03035	0.00692	0.00871
22	0.00939	0.00615	0.00802	0.00895	0.00958	0.00576	0.00598	0.01055	0.01280	0.05236	0.07131	0.58265	0.04034	0.12896	0.01195	0.00315	0.00424	0.01640	0.00596	0.00549
23	0.81514	0.01273	0.00968	0.00866	0.01273	0.01477	0.00713	0.01935	0.01120	0.02954	0.00917	0.01069	0.00713	0.00611	0.00407	0.00204	0.00509	0.00356	0.00407	0.00713
24	0.00801	0.00578	0.00759	0.00904	0.00952	0.00536	0.00606	0.00918	0.01272	0.01685	0.03780	0.72944	0.07746	0.02043	0.00837	0.00265	0.00380	0.01848	0.00611	0.00536
25	0.00866	0.00626	0.00798	0.00900	0.00972	0.00591	0.00612	0.02913	0.01361	0.01812	0.09091	0.60446	0.08892	0.05631	0.00950	0.00276	0.00395	0.01705	0.00611	0.00553
26	0.01117	0.00652	0.00789	0.00830	0.00965	0.00613	0.00603	0.01321	0.01400	0.07416	0.06735	0.33293	0.09091	0.03520	0.00776	0.00233	0.00384	0.04955	0.24698	0.00609
27	0.01227	0.00614	0.00614	0.00614	0.00767	0.00614	0.00460	0.01534	0.01381	0.02454	0.02148	0.02454	0.01687	0.00767	0.00460	0.00153	0.00307	0.00614	0.80518	0.00614
28	0.01046	0.00725	0.00970	0.01084	0.01206	0.00717	0.00867	0.01316	0.03710	0.03719	0.03344	0.26597	0.03704	0.08880	0.01104	0.00319	0.00541	0.38960	0.00596	0.00594
29	0.00829	0.00602	0.00760	0.00856	0.00926	0.00557	0.00577	0.00960	0.01325	0.01757	0.11437	0.52664	0.12616	0.09582	0.01082	0.00293	0.00394	0.01644	0.00602	0.00533
30	0.00801	0.00663	0.00702	0.00703	0.00906	0.00564	0.00523	0.00986	0.01541	0.01898	0.15990	0.09621	0.59548	0.01641	0.00781	0.00222	0.00333	0.01385	0.00628	0.00564
31	0.81514	0.01273	0.00968	0.00866	0.01273	0.01477	0.00713	0.01935	0.01120	0.02954	0.00917	0.01069	0.00713	0.00611	0.00407	0.00204	0.00509	0.00356	0.00407	0.00713
32	0.69036	0.01244	0.01008	0.00893	0.01275	0.01425	0.00723	0.05757	0.01261	0.02923	0.04536	0.01449	0.01091	0.04454	0.00586	0.00225	0.00518	0.00441	0.00437	0.00716
33	0.13807	0.01112	0.01292	0.01096	0.01462	0.01112	0.00863	0.10039	0.07200	0.31386	0.02391	0.15470	0.01997	0.04760	0.00784	0.00236	0.00533	0.00847	0.02714	0.00900
34	0.00944	0.00640	0.00714	0.00714	0.00731	0.00632	0.00407	0.00956	0.00999	0.01315	0.02427	0.04464	0.07781	0.71085	0.03153	0.00606	0.00615	0.00991	0.00415	0.00411
35	0.00796	0.00668	0.00691	0.00685	0.00900	0.00563	0.00514	0.00979	0.01542	0.01877	0.14192	0.06173	0.64906	0.01630	0.00778	0.00221	0.00331	0.01367	0.00624	0.00563
36	0.01385	0.00890	0.01102	0.00990	0.01225	0.00875	0.00763	0.08034	0.07058	0.11514	0.41076	0.07739	0.04423	0.05550	0.00899	0.00239	0.00433	0.04365	0.00696	0.00744
37	0.01218	0.00753	0.00899	0.00843	0.01068	0.00672	0.00632	0.01465	0.03569	0.14080	0.20089	0.14235	0.31190	0.05186	0.00890	0.00242	0.00393	0.01244	0.00663	0.00670
38	0.00957	0.00638	0.00718	0.00718	0.00718	0.00638	0.00399	0.00957	0.00957	0.01276	0.02074	0.04308	0.02393	0.76864	0.03351	0.00638	0.00638	0.00957	0.00399	0.00399
39	0.00940	0.00705	0.01058	0.01058	0.01176	0.00823	0.00823	0.01176	0.01058	0.01528	0.01763	0.02586	0.01646	0.04937	0.74255	0.01058	0.01763	0.00705	0.00353	0.00588
40	0.01291	0.01260	0.01551	0.05510	0.03972	0.08178	0.01153	0.01484	0.01202	0.01623	0.01910	0.08568	0.08062	0.02128	0.19548	0.00453	0.30287	0.00781	0.00368	0.00671
41	0.00819	0.00662	0.00729	0.00726	0.00918	0.00571	0.00539	0.01020	0.01577	0.01994	0.23402	0.10883	0.50630	0.01612	0.00782	0.00222	0.00331	0.01372	0.00641	0.00571
42	0.81514	0.01273	0.00968	0.00866	0.01273	0.01477	0.00713	0.01935	0.01120	0.02954	0.00917	0.01069	0.00713	0.00611	0.00407	0.00204	0.00509	0.00356	0.00407	0.00713
43	0.01914	0.01479	0.01704	0.05009	0.07115	0.01652	0.01188	0.17427	0.42744	0.08991	0.02265	0.02160	0.01666	0.00831	0.00665	0.00214	0.00603	0.00686	0.00637	0.01051
44	0.01760	0.77260	0.03450	0.01126	0.01690	0.02605	0.01126	0.01971	0.01338	0.01549	0.00915	0.01056	0.00845	0.00563	0.00422	0.00141	0.00704	0.00352	0.00282	0.00845
45	0.00800	0.00582	0.00754	0.00892	0.00948	0.00537	0.00600	0.00919	0.01284	0.01690	0.03928	0.69532	0.11063	0.02024	0.00834	0.00263	0.00377	0.01824	0.00611	0.00537
46	0.01144	0.00572	0.00858	0.00858	0.00858	0.00572	0.00572	0.00858	0.00858	0.01144	0.01144	0.02001	0.01144	0.02287	0.02573	0.80846	0.00572	0.00572	0.00286	0.00286
47	0.04837	0.01724	0.01910	0.01496	0.01996	0.01903	0.03599	0.51995	0.14829	0.06216	0.01777	0.01746	0.01275	0.00795	0.00657	0.00203	0.00690	0.00620	0.00647	0.01085
48	0.01455	0.00763	0.01031	0.01014	0.01214	0.00696	0.00769	0.01658	0.01546	0.21914	0.12214	0.37648	0.03758	0.01589	0.00791	0.00246	0.00451	0.09841	0.00682	0.00719
49	0.08985	0.01797	0.01893	0.01461	0.01979	0.01995	0.01207	0.64932	0.02933	0.04051	0.01526	0.01539	0.01086	0.00776	0.00638	0.00198	0.00707	0.00573	0.00638	0.01086
50	0.01320	0.03405	0.73453	0.01876	0.02849	0.01529	0.02432	0.02085	0.01390	0.02085	0.01181	0.01390	0.00834	0.00625	0.00625	0.00208	0.00973	0.00486	0.00278	0.00973
51	0.01440	0.01440	0.02016	0.01728	0.01728	0.02016	0.01440	0.01584	0.01008	0.01584	0.00864	0.01440	0.00864	0.01152	0.02160	0.00288	0.75659	0.00576	0.00288	0.00720
52	0.00931	0.00703	0.01035	0.01035	0.01159	0.00807	0.00804	0.01162	0.01084	0.01543	0.02049	0.02804	0.05765	0.04747	0.69983	0.01009	0.01680	0.00745	0.00368	0.00586
53	0.00940	0.00705	0.01058	0.01058	0.01176	0.00823	0.00823	0.01176	0.01058	0.01528	0.01763	0.02586	0.01646	0.04937	0.74255	0.01058	0.01763	0.00705	0.00353	0.00588
54	0.01320	0.03405	0.73453	0.01876	0.02849	0.01529	0.02432	0.02085	0.01390	0.02085	0.01181	0.01390	0.00834	0.00625	0.00625	0.00208	0.00973	0.00486	0.00278	0.00973
55	0.81514	0.01273	0.00968	0.00866	0.01273	0.01477	0.00713	0.01935	0.01120	0.02954	0.00917	0.01069	0.00713	0.00611	0.00407	0.00204	0.00509	0.00356	0.00407	0.00713
56	0.00919	0.00682	0.00805	0.00768	0.00961	0.00602	0.00578	0.01166	0.01708	0.04126	0.42311	0.05457	0.34585	0.01470	0.00774	0.00214	0.00327	0.01262	0.00678	0.00606
57	0.00802	0.00573	0.00764	0.00917	0.00955	0.00535	0.00611	0.00917	0.01260	0.01681	0.03628	0.76434	0.04354	0.02062	0.00840	0.00267	0.00382	0.01872	0.00611	0.00535
58	0.02503	0.01844	0.01976	0.01515	0.02042	0.02042	0.01251	0.70562	0.03095	0.04149	0.01581	0.01581	0.01120	0.00790	0.00659	0.00198	0.00724	0.00593	0.00659	0.01120
59	0.00881	0.00712	0.00792	0.00815	0.00994	0.00658	0.00594	0.01207	0.08028	0.01933	0.12326	0.24904	0.40437	0.01669	0.00785	0.00233	0.00362	0.01440	0.00629	0.00602
60	0.00887	0.00660	0.00819	0.00801	0.00953	0.00599	0.00588	0.01138	0.01697	0.02319	0.49437	0.12782	0.19446	0.03879	0.00865	0.00230	0.00333	0.01296	0.00679	0.00592
61	0.02954	0.01120	0.01528	0.01171	0.01681	0.00968	0.00968	0.03208	0.01884	0.73213	0.02597	0.02241	0.01630	0.00815	0.00662	0.00204	0.00560	0.00662	0.00815	0.01120
62	0.02503	0.01844	0.01976	0.01515	0.02042	0.02042	0.01251	0.70562	0.03095	0.04149	0.01581	0.01581	0.01120	0.00790	0.00659	0.00198	0.00724	0.00593	0.00659	0.01120
63	0.00969	0.00709	0.00895	0.00855	0.01017	0.00664	0.00637	0.04061	0.01812	0.02517	0.55869	0.13709	0.10927	0.01436	0.00780	0.00215	0.00338	0.01265	0.00699	0.00626
64	0.00778	0.00667	0.00667	0.00667	0.00889	0.00556	0.00500	0.00945	0.01501	0.01778	0.06669	0.06336	0.72490	0.01667	0.00778	0.00222	0.00333	0.01389	0.00611	0.00556
65	0.00791	0.00671	0.00685	0.00692	0.00911	0.00565	0.00526	0.00964	0.01501	0.01787	0.06521	0.06386	0.69286	0.01674	0.00784	0.00226	0.00346	0.04512	0.00611	0.00558
66	0.02503	0.01844	0.01976	0.01515	0.02042	0.02042	0.01251	0.70562	0.03095	0.04149	0.01581	0.01581	0.01120	0.00790	0.00659	0.00198	0.00724	0.00593	0.00659	0.01120
67	0.01040	0.00692	0.00868	0.00813	0.00965	0.00639	0.00588	0.01276	0.01661	0.06408	0.49102	0.04777	0.11281	0.15563	0.01255	0.00289	0.00389	0.01134	0.00658	0.00602
68	0.01061	0.00758	0.01061	0.01212	0.01364	0.00758	0.01061	0.01364	0.01515	0.01970	0.03486	0.07426	0.03789	0.01819	0.00909	0.00303	0.00606	0.68326	0.00606	0.00606
69	0.81514	0.01273	0.00968	0.00866	0.01273	0.01477	0.00713	0.01935	0.01120	0.02954	0.00917	0.01069	0.00713	0.00611	0.00407	0.00204	0.00509	0.00356	0.00407	0.00713
70	0.00802	0.00573	0.00764	0.00917	0.00955	0.00535	0.00611	0.00917	0.01260	0.01681	0.03628	0.76434	0.04354	0.02062	0.00840	0.00267	0.00382	0.01872	0.00611	0.00535
71	0.00957	0.00638	0.00718	0.00718	0.00718	0.00638	0.00399	0.00957	0.00957	0.01276	0.02074	0.04308	0.02393	0.76864	0.03351	0.00638	0.00638	0.00957	0.00399	0.00399
72	0.00957	0.00638	0.00718	0.00718	0.00718	0.00638	0.00399	0.00957	0.00957	0.01276	0.02074	0.04308	0.02393	0.76864	0.03351	0.00638	0.00638	0.00957	0.00399	0.00399
73	0.00802	0.00573	0.00764	0.00917	0.00955	0.00535	0.00611	0.00917	0.01260	0.01681	0.03628	0.76434	0.04354	0.02062	0.00840	0.00267	0.00382	0.01872	0.00611	0.00535
74	0.01261	0.01205	0.02083	0.71156	0.04472	0.01474	0.05728	0.01706	0.01330	0.01706	0.01179	0.01756	0.00884	0.00652	0.00665	0.00220	0.00891	0.00596	0.00295	0.00740
75	0.01036	0.00746	0.01028	0.01171	0.01323	0.00739	0.01013	0.01325	0.01506	0.01949	0.03675	0.09638	0.07802	0.01818	0.00899	0.00297	0.00583	0.62242	0.00607	0.00601
76	0.81514	0.01273	0.00968	0.00866	0.01273	0.01477	0.00713	0.01935	0.01120	0.02954	0.00917	0.01069	0.00713	0.00611	0.00407	0.00204	0.00509	0.00356	0.00407	0.00713
77	0.01582	0.01516	0.02587	0.12771	0.64397	0.01552	0.01997	0.01979	0.01477	0.02093	0.01230	0.01645	0.01023	0.00595	0.00653	0.00198	0.00794	0.00586	0.00322	0.01005
78	0.00801	0.00578	0.00758	0.00902	0.00951	0.00536	0.00605	0.00918	0.01274	0.01686	0.03801	0.72446	0.08231	0.02040	0.00837	0.00265	0.00379	0.01844	0.00611	0.00536
79	0.01284	0.01212	0.02049	0.67717	0.11779	0.01473	0.01849	0.01718	0.01336	0.01732	0.01177	0.01742	0.00895	0.00651	0.00657	0.00217	0.00867	0.00585	0.00296	0.00764
80	0.01371	0.11886	0.65415	0.01790	0.02716	0.01652	0.02282	0.02072	0.01384	0.02023	0.01151	0.01352	0.00835	0.00618	0.00602	0.00201	0.00942	0.00471	0.00278	0.00958
81	0.01608	0.01534	0.02574	0.07961	0.65374	0.01562	0.01961	0.02074	0.04942	0.02154	0.01305	0.01677	0.01081	0.00606	0.00653	0.00198	0.00775	0.00594	0.00341	0.01025
82	0.00957	0.00638	0.00718	0.00718	0.00718	0.00638	0.00399	0.00957	0.00957	0.01276	0.02074	0.04308	0.02393	0.76864	0.03351	0.00638	0.00638	0.00957	0.00399	0.00399
83	0.01243	0.01170	0.01975	0.75282	0.04534	0.01463	0.01828	0.01682	0.01316	0.01682	0.01170	0.01755	0.00878	0.00658	0.00658	0.00219	0.00878	0.00585	0.00293	0.00731
84	0.00875	0.00671	0.00801	0.00768	0.00948	0.00597	0.00576	0.01132	0.01729	0.02320	0.47970	0.05445	0.30851	0.01465	0.00777	0.00213	0.00319	0.01264	0.00683	0.00597
85	0.01629	0.01564	0.02672	0.04041	0.72757	0.01564	0.02020	0.02020	0.01499	0.02151	0.01238	0.01629	0.01043	0.00587	0.00652	0.00196	0.00782	0.00587	0.00326	0.01043
86	0.00809	0.00578	0.00772	0.00925	0.00966	0.00541	0.00623	0.00929	0.01267	0.01688	0.03625	0.74560	0.04339	0.02056	0.00842	0.00268	0.00388	0.03677	0.00611	0.00537
87	0.05695	0.01126	0.01508	0.01161	0.01666	0.00985	0.00959	0.03164	0.01858	0.70762	0.02539	0.02200	0.01598	0.00808	0.00653	0.00204	0.00558	0.00651	0.00801	0.01106
88	0.06059	0.01754	0.01856	0.01458	0.01957	0.01955	0.01195	0.57400	0.13173	0.03886	0.01713	0.01687	0.01233	0.00797	0.00649	0.00202	0.00684	0.00604	0.00649	0.01089
89	0.00822	0.00681	0.00728	0.00751	0.00962	0.00587	0.00587	0.01009	0.01503	0.01808	0.06178	0.06504	0.61889	0.01691	0.00798	0.00235	0.00376	0.11718	0.00611	0.00564
90	0.00781	0.00655	0.00680	0.00699	0.00898	0.00553	0.00515	0.00941	0.01469	0.01766	0.06273	0.15459	0.63622	0.01719	0.00786	0.00228	0.00340	0.01452	0.00611	0.00553
91	0.00940	0.00705	0.01058	0.01058	0.01176	0.00823	0.00823	0.01176	0.01058	0.01528	0.01763	0.02586	0.01646	0.04937	0.74255	0.01058	0.01763	0.00705	0.00353	0.00588
92	0.02561	0.01750	0.01917	0.01470	0.01995	0.01902	0.01214	0.61796	0.02938	0.13138	0.01713	0.01666	0.01186	0.00793	0.00659	0.00198	0.00703	0.00602	0.00679	0.01120
93	0.06186	0.44258	0.11254	0.03777	0.10144	0.02166	0.06464	0.01971	0.01349	0.01806	0.01018	0.01253	0.00872	0.00607	0.00591	0.00174	0.04500	0.00444	0.00298	0.00869
94	0.01635	0.10245	0.02285	0.25509	0.16830	0.09932	0.04770	0.06708	0.01532	0.01980	0.01204	0.01589	0.00971	0.00686	0.00739	0.00200	0.06902	0.00551	0.04895	0.00837
95	0.28758	0.05962	0.01532	0.01213	0.01611	0.14170	0.00977	0.18194	0.01790	0.07878	0.01461	0.07104	0.01230	0.01003	0.04228	0.00240	0.00745	0.00578	0.00490	0.00835
96	0.03869	0.07222	0.01948	0.06046	0.20791	0.18148	0.01373	0.05423	0.01638	0.06055	0.01802	0.08166	0.01712	0.00951	0.00674	0.00211	0.00792	0.11906	0.00439	0.00835
97	0.01180	0.00989	0.01239	0.01275	0.05381	0.04484	0.03749	0.04918	0.01501	0.01982	0.06373	0.24736	0.07994	0.07368	0.00975	0.00267	0.00566	0.16021	0.00539	0.08463
98	0.00990	0.00829	0.01082	0.03042	0.03133	0.04338	0.04171	0.01177	0.01392	0.01824	0.10808	0.48527	0.05729	0.04206	0.00894	0.00264	0.00495	0.05933	0.00573	0.00592

[dist]
# distance from previous block
# <min> <max>
2	20

[block]
# block no. 3 follows, 33 sequences, length 179
# corresponding to MSA columns:
# 281-459
name=unknown_D
#
# <colnr> <probs for GDERKNQSTAVLIFYWHMCP>
#	G	D	E	R	K	N	Q	S	T	A	V	L	I	F	Y	W	H	M	C	P
0	0.22672	0.04098	0.08332	0.01365	0.01873	0.01603	0.05442	0.17449	0.10188	0.12069	0.01553	0.01602	0.01128	0.00723	0.00644	0.00203	0.03615	0.00543	0.00521	0.04378
1	0.01904	0.06481	0.08741	0.12394	0.07387	0.10343	0.17474	0.15903	0.03579	0.07347	0.01398	0.01626	0.01036	0.00667	0.00661	0.00201	0.00898	0.00599	0.00427	0.00932
2	0.04825	0.11672	0.02447	0.14874	0.34406	0.09417	0.03512	0.04223	0.01526	0.02023	0.01258	0.01756	0.01075	0.00665	0.00621	0.00195	0.00819	0.03443	0.00342	0.00902
3	0.08197	0.01255	0.01593	0.01428	0.07522	0.01226	0.01060	0.08164	0.12307	0.44639	0.04140	0.02159	0.01654	0.00805	0.00647	0.00206	0.00575	0.00655	0.00709	0.01060
4	0.01145	0.00820	0.01167	0.06343	0.07905	0.00792	0.00870	0.01468	0.01781	0.06790	0.54307	0.04317	0.05003	0.01212	0.00754	0.00210	0.00419	0.03339	0.00659	0.00698
5	0.01824	0.01673	0.02336	0.09622	0.44408	0.07654	0.01741	0.11312	0.06286	0.04681	0.01397	0.01671	0.01104	0.00655	0.00650	0.00198	0.00793	0.00586	0.00407	0.01004
6	0.00961	0.00654	0.00764	0.03358	0.00862	0.00663	0.00458	0.00981	0.00982	0.01307	0.02104	0.07064	0.02417	0.71223	0.03157	0.00609	0.00637	0.00980	0.00404	0.00416
7	0.04687	0.01749	0.01890	0.04643	0.02088	0.01953	0.01236	0.57849	0.10847	0.03847	0.01670	0.01674	0.01200	0.00791	0.00652	0.00202	0.00701	0.00603	0.00637	0.01082
8	0.06872	0.03258	0.68435	0.01806	0.02740	0.01525	0.02313	0.02074	0.01371	0.02145	0.01163	0.01368	0.00826	0.00624	0.00610	0.00208	0.00941	0.00477	0.00287	0.00955
9	0.01594	0.01528	0.02609	0.10508	0.66564	0.01555	0.02003	0.01990	0.01482	0.02108	0.01232	0.01641	0.01028	0.00593	0.00652	0.00198	0.00791	0.00586	0.00323	0.01015
10	0.00940	0.00705	0.01058	0.01058	0.01176	0.00823	0.00823	0.01176	0.01058	0.01528	0.01763	0.02586	0.01646	0.04937	0.74255	0.01058	0.01763	0.00705	0.00353	0.00588
11	0.02858	0.01274	0.01623	0.01244	0.01757	0.01195	0.01028	0.17499	0.02141	0.58560	0.02382	0.02101	0.01521	0.00810	0.00661	0.00202	0.00595	0.00647	0.00782	0.01120
12	0.00897	0.00613	0.00736	0.00796	0.00810	0.00598	0.00482	0.00941	0.01076	0.01434	0.02681	0.32457	0.03159	0.47671	0.02371	0.00493	0.00538	0.01314	0.00482	0.00452
13	0.00957	0.00638	0.00718	0.00718	0.00718	0.00638	0.00399	0.00957	0.00957	0.01276	0.02074	0.04308	0.02393	0.76864	0.03351	0.00638	0.00638	0.00957	0.00399	0.00399
14	0.00778	0.00667	0.00667	0.00667	0.00889	0.00556	0.00500	0.00945	0.01501	0.01778	0.06669	0.06336	0.72490	0.01667	0.00778	0.00222	0.00333	0.01389	0.00611	0.00556
15	0.00802	0.00573	0.00764	0.00917	0.00955	0.00535	0.00611	0.00917	0.01260	0.01681	0.03628	0.76434	0.04354	0.02062	0.00840	0.00267	0.00382	0.01872	0.00611	0.00535
16	0.01365	0.01170	0.01365	0.00975	0.01560	0.00878	0.00780	0.01658	0.01365	0.02145	0.01170	0.01365	0.00975	0.00488	0.00488	0.00098	0.00488	0.00390	0.00390	0.80888
17	0.00957	0.00638	0.00718	0.00718	0.00718	0.00638	0.00399	0.00957	0.00957	0.01276	0.02074	0.04308	0.02393	0.76864	0.03351	0.00638	0.00638	0.00957	0.00399	0.00399
18	0.00877	0.00670	0.00797	0.00766	0.00940	0.00598	0.00569	0.01124	0.01699	0.02278	0.45998	0.05412	0.30202	0.04128	0.00868	0.00228	0.00330	0.01255	0.00672	0.00590
19	0.01637	0.01414	0.01489	0.01340	0.01712	0.01637	0.01042	0.03498	0.71568	0.02754	0.02679	0.02456	0.02010	0.00893	0.00670	0.00223	0.00521	0.00744	0.00670	0.01042
20	0.02336	0.01392	0.01597	0.01291	0.01745	0.01461	0.01045	0.23046	0.22731	0.28133	0.02297	0.02122	0.01594	0.00828	0.00652	0.00205	0.00583	0.00663	0.05213	0.01069
21	0.00802	0.00573	0.00764	0.00917	0.00955	0.00535	0.00611	0.00917	0.01260	0.01681	0.03628	0.76434	0.04354	0.02062	0.00840	0.00267	0.00382	0.01872	0.00611	0.00535
22	0.01243	0.01170	0.01975	0.75282	0.04534	0.01463	0.01828	0.01682	0.01316	0.01682	0.01170	0.01755	0.00878	0.00658	0.00658	0.00219	0.00878	0.00585	0.00293	0.00731
23	0.01320	0.03405	0.73453	0.01876	0.02849	0.01529	0.02432	0.02085	0.01390	0.02085	0.01181	0.01390	0.00834	0.00625	0.00625	0.00208	0.00973	0.00486	0.00278	0.00973
24	0.81514	0.01273	0.00968	0.00866	0.01273	0.01477	0.00713	0.01935	0.01120	0.02954	0.00917	0.01069	0.00713	0.00611	0.00407	0.00204	0.00509	0.00356	0.00407	0.00713
25	0.00802	0.00573	0.00764	0.00917	0.00955	0.00535	0.00611	0.00917	0.01260	0.01681	0.03628	0.76434	0.04354	0.02062	0.00840	0.00267	0.00382	0.01872	0.00611	0.00535
26	0.01320	0.03405	0.73453	0.01876	0.02849	0.01529	0.02432	0.02085	0.01390	0.02085	0.01181	0.01390	0.00834	0.00625	0.00625	0.00208	0.00973	0.00486	0.00278	0.00973
27	0.02954	0.01120	0.01528	0.01171	0.01681	0.00968	0.00968	0.03208	0.01884	0.73213	0.02597	0.02241	0.01630	0.00815	0.00662	0.00204	0.00560	0.00662	0.00815	0.01120
28	0.00937	0.00677	0.00888	0.00845	0.01000	0.00627	0.00640	0.01248	0.01849	0.02611	0.69469	0.05025	0.06108	0.01366	0.00782	0.00211	0.00323	0.04056	0.00720	0.00621
29	0.00919	0.00672	0.00862	0.00815	0.00976	0.00616	0.00611	0.01218	0.01834	0.02569	0.66993	0.05034	0.11673	0.01372	0.00777	0.00208	0.00312	0.01207	0.00715	0.00616
30	0.00951	0.00639	0.00734	0.00739	0.00745	0.00643	0.00424	0.00965	0.00972	0.01301	0.02113	0.06657	0.02427	0.71282	0.06292	0.00644	0.00678	0.00977	0.00404	0.00412
31	0.00834	0.00669	0.00744	0.00725	0.00923	0.00579	0.00544	0.01052	0.01632	0.02090	0.30423	0.05823	0.48542	0.01551	0.00777	0.00217	0.00325	0.01318	0.00652	0.00579
32	0.81514	0.01273	0.00968	0.00866	0.01273	0.01477	0.00713	0.01935	0.01120	0.02954	0.00917	0.01069	0.00713	0.00611	0.00407	0.00204	0.00509	0.00356	0.00407	0.00713
33	0.81514	0.01273	0.00968	0.00866	0.01273	0.01477	0.00713	0.01935	0.01120	0.02954	0.00917	0.01069	0.00713	0.00611	0.00407	0.00204	0.00509	0.00356	0.00407	0.00713
34	0.00856	0.00670	0.00775	0.00748	0.00937	0.00589	0.00561	0.01095	0.01684	0.02214	0.39918	0.05618	0.38969	0.01505	0.00777	0.00215	0.00322	0.01289	0.00669	0.00589
35	0.81514	0.01273	0.00968	0.00866	0.01273	0.01477	0.00713	0.01935	0.01120	0.02954	0.00917	0.01069	0.00713	0.00611	0.00407	0.00204	0.00509	0.00356	0.00407	0.00713
36	0.00783	0.00648	0.00686	0.00716	0.00902	0.00552	0.00522	0.00939	0.01453	0.01759	0.06068	0.20201	0.59013	0.01745	0.00790	0.00231	0.00343	0.01485	0.00611	0.00552
37	0.01760	0.77260	0.03450	0.01126	0.01690	0.02605	0.01126	0.01971	0.01338	0.01549	0.00915	0.01056	0.00845	0.00563	0.00422	0.00141	0.00704	0.00352	0.00282	0.00845
38	0.01641	0.01782	0.03709	0.02658	0.03312	0.01700	0.63992	0.08422	0.01696	0.02297	0.01355	0.01758	0.01010	0.00577	0.00766	0.00220	0.01074	0.00760	0.00363	0.00909
39	0.01365	0.01170	0.01365	0.00975	0.01560	0.00878	0.00780	0.01658	0.01365	0.02145	0.01170	0.01365	0.00975	0.00488	0.00488	0.00098	0.00488	0.00390	0.00390	0.80888
40	0.00812	0.00580	0.00775	0.00928	0.00970	0.00543	0.00628	0.00933	0.01270	0.01691	0.03623	0.73899	0.04333	0.02054	0.00843	0.00269	0.00390	0.04313	0.00611	0.00537
41	0.02109	0.01649	0.01754	0.01435	0.01892	0.01858	0.01156	0.40070	0.34228	0.03515	0.02080	0.01979	0.01524	0.00837	0.00664	0.00209	0.00632	0.00662	0.00664	0.01084
42	0.02534	0.01793	0.01944	0.01491	0.02016	0.01966	0.01231	0.65823	0.03010	0.09008	0.01652	0.01627	0.01155	0.00792	0.00659	0.00198	0.00713	0.00598	0.00670	0.01120
43	0.00778	0.00667	0.00667	0.00667	0.00889	0.00556	0.00500	0.00945	0.01501	0.01778	0.06669	0.06336	0.72490	0.01667	0.00778	0.00222	0.00333	0.01389	0.00611	0.00556
44	0.01354	0.01155	0.01354	0.00984	0.01553	0.00873	0.00790	0.01647	0.01371	0.02139	0.01255	0.01588	0.01078	0.00536	0.00503	0.00105	0.00492	0.02886	0.00398	0.77939
45	0.00807	0.00577	0.00768	0.00913	0.00956	0.00538	0.00611	0.00929	0.01283	0.01716	0.06156	0.73807	0.04422	0.02036	0.00838	0.00265	0.00379	0.01846	0.00615	0.00538
46	0.02503	0.01844	0.01976	0.01515	0.02042	0.02042	0.01251	0.70562	0.03095	0.04149	0.01581	0.01581	0.01120	0.00790	0.00659	0.00198	0.00724	0.00593	0.00659	0.01120
47	0.01061	0.00758	0.01061	0.01212	0.01364	0.00758	0.01061	0.01364	0.01515	0.01970	0.03486	0.07426	0.03789	0.01819	0.00909	0.00303	0.00606	0.68326	0.00606	0.00606
48	0.01015	0.00660	0.00825	0.00863	0.01003	0.00594	0.00613	0.01178	0.01447	0.08353	0.13559	0.41377	0.20337	0.03896	0.00872	0.00253	0.00384	0.01529	0.00639	0.00601
49	0.01991	0.01305	0.01477	0.01244	0.01614	0.01385	0.00983	0.29839	0.12728	0.14516	0.02397	0.18310	0.02083	0.01088	0.00688	0.00215	0.00565	0.00909	0.05715	0.00948
50	0.06306	0.01127	0.01504	0.01158	0.01663	0.00989	0.00957	0.03154	0.01852	0.70215	0.02525	0.02191	0.01591	0.00806	0.00651	0.00204	0.00558	0.00649	0.00797	0.01103
51	0.01699	0.01045	0.01238	0.01072	0.01398	0.01056	0.00842	0.04969	0.22500	0.20206	0.24775	0.03438	0.08563	0.01067	0.00703	0.00210	0.00452	0.00904	0.02980	0.00883
52	0.01976	0.01068	0.01279	0.01076	0.01418	0.01051	0.00842	0.12325	0.09173	0.28144	0.07569	0.09018	0.06513	0.07222	0.00894	0.00243	0.00518	0.00863	0.07920	0.00889
53	0.00904	0.00726	0.00783	0.00765	0.00967	0.00656	0.00566	0.03804	0.03456	0.01994	0.15837	0.11087	0.48633	0.05755	0.00917	0.00246	0.00371	0.01323	0.00620	0.00591
54	0.02503	0.01844	0.01976	0.01515	0.02042	0.02042	0.01251	0.70562	0.03095	0.04149	0.01581	0.01581	0.01120	0.00790	0.00659	0.00198	0.00724	0.00593	0.00659	0.01120
55	0.38651	0.01265	0.01238	0.01060	0.01446	0.01402	0.00853	0.12176	0.09972	0.11418	0.04603	0.01851	0.01406	0.04037	0.05781	0.00282	0.00632	0.00558	0.00534	0.00836
56	0.00930	0.00680	0.00779	0.00764	0.00956	0.00601	0.00575	0.01147	0.01595	0.04368	0.26162	0.08619	0.39601	0.03651	0.00842	0.00231	0.00354	0.03925	0.03626	0.00593
57	0.00935	0.00630	0.00731	0.00750	0.00761	0.00623	0.00437	0.00962	0.01034	0.01384	0.04916	0.14468	0.02811	0.63534	0.02902	0.00570	0.00590	0.01095	0.00441	0.00426
58	0.81514	0.01273	0.00968	0.00866	0.01273	0.01477	0.00713	0.01935	0.01120	0.02954	0.00917	0.01069	0.00713	0.00611	0.00407	0.00204	0.00509	0.00356	0.00407	0.00713
59	0.01066	0.00921	0.01072	0.06155	0.01362	0.06829	0.00809	0.01285	0.01305	0.01710	0.12608	0.03441	0.11477	0.11762	0.34533	0.00645	0.01126	0.00863	0.00440	0.00591
60	0.00955	0.00649	0.00776	0.00788	0.00810	0.00663	0.00486	0.01000	0.01004	0.01350	0.02147	0.06576	0.02425	0.62362	0.11885	0.00663	0.00767	0.03849	0.00409	0.00435
61	0.00957	0.00638	0.00718	0.00718	0.00718	0.00638	0.00399	0.00957	0.00957	0.01276	0.02074	0.04308	0.02393	0.76864	0.03351	0.00638	0.00638	0.00957	0.00399	0.00399
62	0.00955	0.00644	0.00748	0.00746	0.00760	0.00650	0.00437	0.00984	0.01003	0.01352	0.05074	0.04219	0.02507	0.68787	0.08006	0.00648	0.00700	0.00950	0.00410	0.00421
63	0.01576	0.01404	0.02420	0.29662	0.38337	0.01492	0.06474	0.01986	0.01463	0.06926	0.01314	0.01728	0.01021	0.00626	0.00663	0.00207	0.00823	0.00604	0.00348	0.00925
64	0.01406	0.01045	0.01332	0.01194	0.01434	0.01186	0.00951	0.21856	0.01665	0.02309	0.01709	0.02287	0.01489	0.03701	0.52320	0.00802	0.01454	0.00672	0.00444	0.00746
65	0.02503	0.01844	0.01976	0.01515	0.02042	0.02042	0.01251	0.70562	0.03095	0.04149	0.01581	0.01581	0.01120	0.00790	0.00659	0.00198	0.00724	0.00593	0.00659	0.01120
66	0.16949	0.01667	0.06013	0.02187	0.24785	0.01667	0.01428	0.27047	0.02010	0.04952	0.01372	0.01542	0.01038	0.00681	0.00600	0.00197	0.00696	0.00543	0.03637	0.00990
67	0.02503	0.01844	0.01976	0.01515	0.02042	0.02042	0.01251	0.70562	0.03095	0.04149	0.01581	0.01581	0.01120	0.00790	0.00659	0.00198	0.00724	0.00593	0.00659	0.01120
68	0.00866	0.00603	0.00757	0.00842	0.00876	0.00577	0.00539	0.00957	0.01205	0.01619	0.08596	0.46008	0.03831	0.27629	0.01695	0.00390	0.00464	0.01504	0.00547	0.00495
69	0.02503	0.01844	0.01976	0.01515	0.02042	0.02042	0.01251	0.70562	0.03095	0.04149	0.01581	0.01581	0.01120	0.00790	0.00659	0.00198	0.00724	0.00593	0.00659	0.01120
70	0.00802	0.00573	0.00764	0.00917	0.00955	0.00535	0.00611	0.00917	0.01260	0.01681	0.03628	0.76434	0.04354	0.02062	0.00840	0.00267	0.00382	0.01872	0.00611	0.00535
71	0.01658	0.01872	0.07824	0.03395	0.45548	0.07572	0.18270	0.02096	0.01535	0.02092	0.01238	0.01611	0.01002	0.00589	0.00675	0.00201	0.00907	0.00612	0.00325	0.00978
72	0.00793	0.00667	0.00687	0.00682	0.00898	0.00562	0.00512	0.00973	0.01535	0.01861	0.12969	0.06200	0.66138	0.01636	0.00778	0.00221	0.00331	0.01370	0.00622	0.00562
73	0.01371	0.00752	0.00767	0.00715	0.00911	0.00775	0.00549	0.09316	0.01574	0.02645	0.02084	0.02356	0.01623	0.00770	0.00483	0.00158	0.00354	0.00611	0.71516	0.00671
74	0.00802	0.00573	0.00764	0.00917	0.00955	0.00535	0.00611	0.00917	0.01260	0.01681	0.03628	0.76434	0.04354	0.02062	0.00840	0.00267	0.00382	0.01872	0.00611	0.00535
