[name]
unknown

[dist]
# distance from previous block
# <min> <max>
4	44

[block]
# block no. 0 follows, 32 sequences, length 14
# corresponding to MSA columns:
# 50-63
name=unknown_A
#
# <colnr> <probs for GDERKNQSTAVLIFYWHMCP>
#	G	D	E	R	K	N	Q	S	T	A	V	L	I	F	Y	W	H	M	C	P
0	0.06633	0.04043	0.11617	0.05803	0.12332	0.09501	0.03484	0.07634	0.05716	0.08020	0.06911	0.02034	0.01557	0.00805	0.00762	0.00209	0.06194	0.02493	0.00456	0.03796
1	0.03693	0.12472	0.05708	0.05694	0.01911	0.05977	0.03528	0.10417	0.07098	0.10817	0.03767	0.04937	0.06508	0.03822	0.04283	0.00261	0.04796	0.00705	0.00499	0.03105
2	0.07206	0.08856	0.06329	0.06967	0.02016	0.04273	0.01179	0.11796	0.05404	0.04530	0.01306	0.01491	0.01030	0.00677	0.00695	0.00172	0.06921	0.00488	0.00430	0.28235
3	0.10701	0.04665	0.01628	0.03578	0.05523	0.06641	0.06617	0.08692	0.06655	0.04890	0.06329	0.12965	0.11742	0.01215	0.02506	0.00242	0.00662	0.03427	0.00531	0.00791
4	0.01924	0.25443	0.06463	0.07359	0.02140	0.13889	0.03777	0.09915	0.03924	0.07376	0.01351	0.01547	0.01075	0.01045	0.06912	0.00255	0.00916	0.00511	0.00407	0.03770
5	0.08950	0.08135	0.08779	0.07505	0.02025	0.07383	0.01242	0.17121	0.04039	0.04579	0.04879	0.07821	0.01576	0.01078	0.04388	0.00247	0.03494	0.00672	0.00478	0.05609
6	0.01864	0.65668	0.05754	0.01227	0.01804	0.05239	0.01210	0.07335	0.01525	0.01806	0.00999	0.01135	0.00883	0.00599	0.00463	0.00152	0.00747	0.00385	0.00319	0.00884
7	0.01821	0.53313	0.03034	0.01298	0.01813	0.06581	0.04856	0.09431	0.01597	0.01917	0.01284	0.07878	0.01220	0.00743	0.00525	0.00168	0.00742	0.00552	0.00366	0.00861
8	0.01537	0.02138	0.17581	0.02647	0.03388	0.01669	0.56503	0.02145	0.01551	0.02145	0.01327	0.01732	0.00985	0.00580	0.00761	0.00224	0.01104	0.00733	0.00328	0.00922
9	0.01840	0.01510	0.06217	0.01449	0.05856	0.07145	0.01131	0.18727	0.05035	0.12296	0.06356	0.11416	0.06394	0.04798	0.02735	0.00262	0.00692	0.04664	0.00593	0.00882
10	0.01913	0.05446	0.01678	0.01353	0.01774	0.01688	0.01080	0.10235	0.52808	0.10567	0.02512	0.02313	0.01850	0.00873	0.00667	0.00218	0.00566	0.00712	0.00677	0.01068
11	0.01215	0.01129	0.08031	0.09006	0.01725	0.00967	0.01049	0.05394	0.05384	0.04842	0.21775	0.12186	0.09768	0.04906	0.00897	0.00255	0.00553	0.09611	0.00590	0.00721
12	0.08155	0.00752	0.00839	0.00849	0.00949	0.00766	0.00576	0.03144	0.01204	0.01718	0.02789	0.14011	0.09869	0.39903	0.06220	0.00501	0.00636	0.06121	0.00480	0.00519
13	0.05236	0.13984	0.21424	0.01494	0.02093	0.09860	0.01483	0.11670	0.13627	0.07581	0.04126	0.01732	0.01351	0.00743	0.00613	0.00198	0.00785	0.00560	0.00474	0.00966

[dist]
# distance from previous block
# <min> <max>
3	29

[block]
# block no. 1 follows, 32 sequences, length 13
# corresponding to MSA columns:
# 93-105
name=unknown_B
#
# <colnr> <probs for GDERKNQSTAVLIFYWHMCP>
#	G	D	E	R	K	N	Q	S	T	A	V	L	I	F	Y	W	H	M	C	P
0	0.07568	0.16788	0.07035	0.01213	0.01683	0.03302	0.01092	0.18958	0.01930	0.12380	0.05660	0.04082	0.04918	0.00863	0.00605	0.00193	0.00632	0.02249	0.07942	0.00906
1	0.01585	0.15760	0.22202	0.01439	0.02016	0.01738	0.01451	0.07203	0.26552	0.02474	0.09117	0.02133	0.01875	0.00812	0.00634	0.00204	0.00688	0.00648	0.00502	0.00966
2	0.01555	0.08523	0.08674	0.01277	0.01602	0.10692	0.01098	0.01971	0.08742	0.09014	0.04094	0.20449	0.06729	0.03010	0.00877	0.00238	0.05783	0.04371	0.00523	0.00780
3	0.08315	0.09686	0.04249	0.02071	0.13901	0.19151	0.09101	0.10931	0.01743	0.02270	0.03072	0.03149	0.01162	0.00750	0.00768	0.00202	0.07620	0.00578	0.00394	0.00885
4	0.07191	0.01666	0.12390	0.01589	0.07500	0.01484	0.01297	0.07629	0.31422	0.09149	0.02269	0.09768	0.01844	0.00934	0.00673	0.00223	0.00625	0.00780	0.00582	0.00987
5	0.01869	0.01109	0.01282	0.01097	0.01414	0.03123	0.00844	0.09310	0.10595	0.23870	0.11738	0.06436	0.08128	0.12378	0.03484	0.00307	0.00594	0.00900	0.00665	0.00856
6	0.06389	0.06947	0.07084	0.01083	0.01431	0.01127	0.00919	0.03973	0.08566	0.16870	0.14085	0.08575	0.05187	0.13509	0.01129	0.00284	0.00562	0.00885	0.00592	0.00802
7	0.02047	0.07519	0.07315	0.01457	0.01936	0.01891	0.01277	0.40768	0.07977	0.03258	0.02093	0.02121	0.08548	0.00911	0.00806	0.00211	0.07613	0.00673	0.00573	0.01004
8	0.14383	0.17975	0.26688	0.01697	0.08622	0.01670	0.04177	0.02068	0.01406	0.07513	0.01413	0.07033	0.01192	0.00741	0.00586	0.00201	0.00767	0.00587	0.00379	0.00903
9	0.07856	0.03156	0.01532	0.01233	0.01654	0.08467	0.00997	0.22558	0.04875	0.05514	0.09360	0.02713	0.06744	0.00934	0.00653	0.00193	0.00631	0.06055	0.00571	0.14305
10	0.04351	0.17147	0.04852	0.09036	0.02127	0.01794	0.04380	0.21872	0.09874	0.02765	0.11861	0.03507	0.01954	0.00839	0.00640	0.00199	0.00679	0.00681	0.00524	0.00917
11	0.01846	0.08610	0.07530	0.01415	0.01859	0.01741	0.01223	0.08148	0.41259	0.09959	0.02207	0.02114	0.01643	0.00861	0.00770	0.00220	0.06302	0.00667	0.00599	0.01027
12	0.01373	0.01270	0.07657	0.00986	0.01324	0.08374	0.00840	0.01602	0.01579	0.12556	0.04723	0.04665	0.42461	0.06507	0.00921	0.00246	0.00548	0.01085	0.00579	0.00704

[dist]
# distance from previous block
# <min> <max>
7	14

[block]
# block no. 2 follows, 32 sequences, length 35
# corresponding to MSA columns:
# 120-154
name=unknown_C
#
# <colnr> <probs for GDERKNQSTAVLIFYWHMCP>
#	G	D	E	R	K	N	Q	S	T	A	V	L	I	F	Y	W	H	M	C	P
0	0.01149	0.00722	0.00835	0.00782	0.00859	0.00691	0.00474	0.01187	0.01071	0.06478	0.02091	0.04042	0.02288	0.65983	0.03026	0.00582	0.00635	0.00916	0.00436	0.05753
1	0.01921	0.11575	0.10510	0.01496	0.04578	0.15587	0.01273	0.02542	0.15025	0.13468	0.09388	0.02190	0.03368	0.00842	0.00693	0.00200	0.03259	0.00650	0.00519	0.00917
2	0.11623	0.13687	0.02085	0.01378	0.01878	0.03960	0.03089	0.31808	0.02223	0.15685	0.01569	0.01598	0.01134	0.00845	0.02257	0.00216	0.02837	0.00552	0.00572	0.01007
3	0.08319	0.01677	0.14472	0.03579	0.05406	0.04410	0.16173	0.01843	0.02995	0.04353	0.06331	0.10555	0.08781	0.01086	0.02808	0.00246	0.02580	0.00867	0.02715	0.00803
4	0.01267	0.01193	0.02013	0.74806	0.04621	0.01491	0.01863	0.01714	0.01342	0.01714	0.01193	0.01789	0.00894	0.00671	0.00671	0.00224	0.00894	0.00596	0.00298	0.00745
5	0.01833	0.10708	0.01773	0.01409	0.05533	0.10087	0.01064	0.09969	0.19654	0.09457	0.13581	0.04691	0.05510	0.00951	0.00667	0.00203	0.00629	0.00773	0.00593	0.00913
6	0.00922	0.00686	0.00870	0.00909	0.01061	0.00634	0.00702	0.01171	0.01638	0.02186	0.31299	0.17876	0.19726	0.01672	0.00832	0.00246	0.00400	0.15901	0.00668	0.00600
7	0.01306	0.01110	0.01293	0.02899	0.01559	0.00860	0.00777	0.01592	0.01409	0.02134	0.01952	0.02095	0.10278	0.00667	0.00539	0.00121	0.00482	0.00542	0.02663	0.65724
8	0.00935	0.00633	0.00744	0.00784	0.00794	0.00623	0.00463	0.00965	0.01056	0.01408	0.02524	0.22920	0.02957	0.57184	0.02753	0.00553	0.00583	0.01217	0.00463	0.00442
9	0.01623	0.00873	0.01117	0.00984	0.01277	0.00796	0.00780	0.01977	0.05258	0.24649	0.31876	0.04425	0.14328	0.01261	0.00759	0.00220	0.00433	0.05819	0.00739	0.00804
10	0.02238	0.01869	0.06754	0.01627	0.02153	0.01904	0.06236	0.53053	0.02714	0.03662	0.01659	0.03905	0.01283	0.00982	0.03028	0.00239	0.02768	0.02272	0.00599	0.01057
11	0.00994	0.00826	0.01085	0.00979	0.01212	0.00773	0.05585	0.01405	0.07985	0.02275	0.32098	0.09776	0.29570	0.01441	0.00786	0.00223	0.00408	0.01262	0.00655	0.00661
12	0.00883	0.00633	0.00846	0.00951	0.01034	0.00595	0.00684	0.01073	0.01466	0.01986	0.20117	0.50134	0.04821	0.01894	0.00850	0.00262	0.00401	0.10146	0.00650	0.00576
13	0.00843	0.00602	0.00808	0.00963	0.01013	0.00567	0.00667	0.00978	0.01310	0.01741	0.03684	0.69434	0.04383	0.02078	0.00863	0.00276	0.00411	0.08205	0.00622	0.00552
14	0.13837	0.06644	0.01971	0.01537	0.03930	0.06843	0.06957	0.20017	0.19200	0.09754	0.01773	0.01776	0.01305	0.00757	0.00626	0.00206	0.00705	0.00601	0.00565	0.00994
15	0.01545	0.01505	0.02368	0.24093	0.44454	0.05286	0.01882	0.01936	0.01464	0.01984	0.01266	0.01738	0.01045	0.00917	0.05493	0.00263	0.00913	0.00597	0.00325	0.00926
16	0.70180	0.01301	0.01092	0.05802	0.01549	0.01516	0.00826	0.02070	0.06165	0.02910	0.01080	0.01238	0.00833	0.00647	0.00451	0.00210	0.00545	0.00407	0.00427	0.00752
17	0.00942	0.00643	0.00749	0.00771	0.00796	0.00629	0.00461	0.00989	0.01111	0.01485	0.07531	0.16087	0.05394	0.56488	0.02724	0.00544	0.00574	0.01158	0.00473	0.00451
18	0.00978	0.00671	0.00853	0.00870	0.00913	0.00701	0.00580	0.01056	0.01050	0.01428	0.02160	0.07159	0.02373	0.46933	0.21780	0.03426	0.00939	0.05242	0.00413	0.00473
19	0.02332	0.00961	0.01252	0.01014	0.01401	0.00856	0.00818	0.02612	0.01795	0.47172	0.11178	0.02676	0.02258	0.00886	0.00640	0.00196	0.00477	0.00730	0.19789	0.00955
20	0.01001	0.00642	0.00750	0.00750	0.00750	0.00642	0.00430	0.00962	0.00962	0.01283	0.01990	0.04084	0.02273	0.66745	0.03312	0.11073	0.00642	0.00924	0.00392	0.00392
21	0.01758	0.01576	0.07663	0.01231	0.01842	0.01284	0.01078	0.20793	0.01900	0.04807	0.01353	0.01481	0.01042	0.00605	0.00563	0.00141	0.00608	0.00472	0.00477	0.49329
22	0.02478	0.05378	0.02053	0.01535	0.02051	0.08192	0.01263	0.58600	0.05599	0.03833	0.01575	0.01587	0.01140	0.00789	0.00655	0.00197	0.00770	0.00584	0.00627	0.01094
23	0.01413	0.06998	0.56540	0.02042	0.02954	0.01641	0.14873	0.02123	0.01445	0.02101	0.01218	0.01472	0.00882	0.00621	0.00655	0.00211	0.01003	0.00543	0.00294	0.00969
24	0.01709	0.14113	0.14901	0.09254	0.14189	0.11042	0.01549	0.02152	0.04571	0.07851	0.06238	0.06429	0.01606	0.00800	0.00637	0.00199	0.00795	0.00655	0.00417	0.00893
25	0.02546	0.01729	0.01901	0.01475	0.01996	0.01878	0.01213	0.54094	0.08745	0.14620	0.01865	0.01790	0.01298	0.00818	0.00673	0.00205	0.00695	0.00628	0.00697	0.01134
26	0.00939	0.00663	0.00870	0.00900	0.00952	0.00700	0.00609	0.01051	0.01073	0.01476	0.02301	0.17531	0.02541	0.35545	0.29091	0.00737	0.01027	0.01060	0.00431	0.00505
27	0.01746	0.08229	0.09518	0.06599	0.17003	0.05581	0.19072	0.07191	0.04888	0.06466	0.01564	0.04707	0.01279	0.00733	0.00687	0.00210	0.00872	0.02297	0.00414	0.00944
28	0.01689	0.01565	0.07279	0.01554	0.07424	0.11142	0.03087	0.02238	0.12492	0.12427	0.11748	0.09803	0.05464	0.02566	0.00820	0.00230	0.03149	0.03905	0.00565	0.00853
29	0.00968	0.00680	0.00880	0.00880	0.00931	0.00731	0.00591	0.01071	0.01020	0.01411	0.01979	0.03641	0.02114	0.45930	0.33459	0.00833	0.01140	0.00866	0.00386	0.00489
30	0.01036	0.00886	0.01311	0.15195	0.13476	0.00900	0.01068	0.01273	0.01389	0.01814	0.03497	0.34736	0.17837	0.01498	0.00776	0.00241	0.00541	0.01339	0.00514	0.00673
31	0.03962	0.08724	0.09269	0.07541	0.16243	0.08294	0.12909	0.06331	0.01581	0.02133	0.04386	0.05570	0.01369	0.00789	0.00812	0.00213	0.07946	0.00671	0.00377	0.00880
32	0.02469	0.03079	0.01943	0.01834	0.05339	0.67982	0.01331	0.04893	0.01926	0.01754	0.01067	0.01244	0.00883	0.00691	0.00610	0.00175	0.01175	0.00446	0.00356	0.00803
33	0.12570	0.01539	0.02302	0.12601	0.44681	0.03881	0.01770	0.01979	0.01414	0.02170	0.01164	0.01566	0.00971	0.00669	0.00776	0.00212	0.07904	0.00559	0.00336	0.00935
34	0.01276	0.01205	0.02015	0.71407	0.04488	0.01517	0.01845	0.01710	0.01327	0.01710	0.01178	0.01774	0.00894	0.00694	0.00742	0.00227	0.04352	0.00596	0.00298	0.00745

[dist]
# distance from previous block
# <min> <max>
0	13

[block]
# block no. 3 follows, 32 sequences, length 7
# corresponding to MSA columns:
# 168-174
name=unknown_D
#
# <colnr> <probs for GDERKNQSTAVLIFYWHMCP>
#	G	D	E	R	K	N	Q	S	T	A	V	L	I	F	Y	W	H	M	C	P
0	0.01539	0.01482	0.02483	0.22197	0.41860	0.01613	0.05288	0.02017	0.05055	0.02051	0.01295	0.01730	0.01053	0.00677	0.00796	0.00216	0.06749	0.00615	0.00339	0.00946
1	0.01192	0.00856	0.00987	0.00962	0.01095	0.00869	0.00665	0.13866	0.01551	0.02055	0.03018	0.33104	0.08270	0.26438	0.01664	0.00381	0.00537	0.01318	0.00560	0.00612
2	0.01735	0.44066	0.11646	0.01321	0.01835	0.15040	0.01273	0.02001	0.01457	0.01677	0.01356	0.11171	0.01339	0.00808	0.00545	0.00175	0.00797	0.00597	0.00342	0.00820
3	0.01705	0.09358	0.05684	0.02039	0.19954	0.11393	0.01350	0.05513	0.10207	0.04822	0.03503	0.11776	0.01782	0.03041	0.00774	0.00219	0.02619	0.00770	0.02603	0.00888
4	0.00949	0.00672	0.00810	0.00850	0.00960	0.00644	0.00591	0.01209	0.04838	0.02024	0.19155	0.32036	0.11802	0.11279	0.01118	0.00289	0.00400	0.01393	0.08398	0.00583
5	0.05616	0.39202	0.06215	0.01247	0.01751	0.08958	0.01149	0.07231	0.01609	0.11411	0.01508	0.08632	0.01332	0.00792	0.00550	0.00178	0.00720	0.00585	0.00433	0.00881
6	0.03425	0.12308	0.05295	0.01192	0.01589	0.04762	0.01007	0.13592	0.09992	0.02454	0.09071	0.08911	0.02105	0.05136	0.04421	0.00257	0.00672	0.00751	0.02786	0.10271

[dist]
# distance from previous block
# <min> <max>
0	3

[block]
# block no. 4 follows, 32 sequences, length 15
# corresponding to MSA columns:
# 178-192
name=unknown_E
#
# <colnr> <probs for GDERKNQSTAVLIFYWHMCP>
#	G	D	E	R	K	N	Q	S	T	A	V	L	I	F	Y	W	H	M	C	P
0	0.04426	0.05520	0.22843	0.01670	0.02269	0.08360	0.06039	0.13446	0.17811	0.05158	0.01635	0.01714	0.01213	0.00756	0.00716	0.00212	0.04162	0.00588	0.00472	0.00986
1	0.43252	0.01244	0.03435	0.01092	0.04206	0.01235	0.00869	0.02160	0.01424	0.20622	0.02285	0.02244	0.11803	0.00839	0.00556	0.00210	0.00531	0.00617	0.00546	0.00830
2	0.00964	0.00726	0.00940	0.01074	0.03802	0.00699	0.00729	0.03465	0.03821	0.01991	0.11735	0.50039	0.10482	0.01825	0.00827	0.00256	0.00420	0.04957	0.00629	0.00618
3	0.76534	0.05698	0.01134	0.00898	0.01322	0.01572	0.00751	0.01975	0.01155	0.02927	0.00934	0.01089	0.00735	0.00620	0.00416	0.00204	0.00531	0.00363	0.00408	0.00735
4	0.00955	0.00726	0.00887	0.00867	0.00981	0.00732	0.00626	0.01065	0.01324	0.01733	0.13181	0.09780	0.27817	0.14923	0.06628	0.08884	0.06695	0.01142	0.00520	0.00533
5	0.01391	0.01193	0.01391	0.00994	0.01590	0.00894	0.00795	0.01690	0.01391	0.02186	0.01193	0.01391	0.00994	0.00497	0.00497	0.00099	0.00497	0.00398	0.00398	0.80521
6	0.00838	0.00593	0.00773	0.00908	0.00942	0.00559	0.00595	0.00940	0.01245	0.01660	0.03494	0.66754	0.04180	0.11680	0.01186	0.00321	0.00423	0.01787	0.00595	0.00527
7	0.00942	0.00651	0.00805	0.00835	0.00865	0.00665	0.00528	0.01009	0.01054	0.01428	0.02358	0.17750	0.02679	0.48904	0.16039	0.00658	0.00814	0.01106	0.00439	0.00469
8	0.01476	0.01476	0.02203	0.07079	0.07861	0.01960	0.04980	0.01685	0.01119	0.01696	0.00958	0.01523	0.00904	0.01061	0.01898	0.00278	0.60174	0.00599	0.00299	0.00771
9	0.07039	0.01057	0.01367	0.01104	0.01513	0.00969	0.00885	0.04701	0.01798	0.49078	0.10453	0.04572	0.02254	0.06183	0.03681	0.00273	0.00592	0.00771	0.00739	0.00973
10	0.01173	0.00981	0.05956	0.00965	0.01240	0.00804	0.00803	0.01622	0.08244	0.08190	0.36714	0.08513	0.19495	0.01345	0.00765	0.00219	0.00414	0.01159	0.00678	0.00721
11	0.01907	0.01520	0.01839	0.05265	0.10933	0.01547	0.01233	0.31316	0.05316	0.03084	0.03844	0.01935	0.01388	0.00749	0.00636	0.00179	0.00659	0.03043	0.00535	0.23070
12	0.17735	0.01121	0.01284	0.01104	0.01444	0.01133	0.04255	0.13818	0.01716	0.05052	0.07837	0.19945	0.11132	0.01189	0.00677	0.00215	0.00521	0.01003	0.00570	0.08249
13	0.27655	0.02164	0.01619	0.06502	0.01961	0.33473	0.01153	0.05342	0.01603	0.05016	0.01092	0.01293	0.00867	0.00718	0.00686	0.00200	0.07022	0.00452	0.00394	0.00786
14	0.01122	0.00811	0.00978	0.00961	0.01116	0.00819	0.00688	0.01632	0.14636	0.04529	0.27551	0.23288	0.04261	0.13102	0.01191	0.00299	0.00437	0.01258	0.00649	0.00672

[dist]
# distance from previous block
# <min> <max>
6	12

[block]
# block no. 5 follows, 32 sequences, length 19
# corresponding to MSA columns:
# 205-223
name=unknown_F
#
# <colnr> <probs for GDERKNQSTAVLIFYWHMCP>
#	G	D	E	R	K	N	Q	S	T	A	V	L	I	F	Y	W	H	M	C	P
0	0.05581	0.07684	0.02142	0.04780	0.13284	0.17845	0.04492	0.14964	0.01827	0.05155	0.01326	0.01586	0.01061	0.00978	0.04945	0.00249	0.07303	0.00552	0.03349	0.00896
1	0.05581	0.07074	0.12245	0.01337	0.01818	0.01428	0.01236	0.05833	0.17065	0.21502	0.08208	0.02531	0.01997	0.00912	0.00739	0.00218	0.04191	0.04512	0.00604	0.00968
2	0.01402	0.01228	0.01539	0.01099	0.01700	0.00940	0.04751	0.01716	0.01402	0.02184	0.01202	0.01415	0.00995	0.00501	0.00514	0.00107	0.00533	0.00420	0.00394	0.75957
3	0.00920	0.03143	0.00905	0.00811	0.01004	0.00676	0.00621	0.01172	0.01712	0.02274	0.40886	0.08112	0.29924	0.01510	0.00788	0.00220	0.00352	0.03687	0.00673	0.00612
4	0.01250	0.00991	0.01168	0.01242	0.01436	0.04621	0.01039	0.05637	0.06785	0.02145	0.03367	0.13148	0.05668	0.01681	0.00866	0.00283	0.00618	0.46761	0.00613	0.00681
5	0.01532	0.01473	0.02517	0.26292	0.43232	0.01571	0.06108	0.02028	0.04796	0.02068	0.01316	0.01751	0.01054	0.00634	0.00675	0.00210	0.00836	0.00617	0.00339	0.00953
6	0.00813	0.00679	0.00699	0.00695	0.00906	0.00575	0.00514	0.00987	0.01532	0.01856	0.11521	0.06255	0.63846	0.05048	0.00911	0.00245	0.00352	0.01381	0.00622	0.00564
7	0.01123	0.00914	0.01429	0.01277	0.01456	0.01024	0.07931	0.04502	0.01214	0.01719	0.01732	0.02628	0.01625	0.11524	0.52194	0.00868	0.05082	0.00741	0.00374	0.00642
8	0.01577	0.01509	0.02572	0.19186	0.57822	0.01572	0.02018	0.01986	0.01488	0.02090	0.01247	0.01688	0.01027	0.00613	0.00666	0.00204	0.00818	0.00598	0.00325	0.00995
9	0.00992	0.00756	0.01093	0.01075	0.01172	0.00889	0.00821	0.01195	0.01062	0.01528	0.01782	0.02792	0.01727	0.14047	0.60251	0.00975	0.06154	0.00744	0.00362	0.00582
10	0.01370	0.04823	0.09811	0.01529	0.10669	0.01101	0.03857	0.01837	0.06851	0.08930	0.21155	0.03770	0.17970	0.01112	0.00724	0.00213	0.00560	0.02326	0.00573	0.00817
11	0.00865	0.00653	0.00802	0.00843	0.00980	0.00590	0.00612	0.01072	0.01573	0.02084	0.27691	0.29539	0.24275	0.01730	0.00819	0.00240	0.00359	0.04027	0.00662	0.00584
12	0.00891	0.00679	0.00837	0.00836	0.01000	0.00625	0.00627	0.01131	0.01629	0.02177	0.34761	0.13042	0.26839	0.01891	0.07087	0.00301	0.00471	0.03925	0.00651	0.00599
13	0.01771	0.36303	0.02561	0.06344	0.04191	0.11658	0.01200	0.04562	0.06892	0.01879	0.01272	0.04246	0.01126	0.00710	0.00611	0.00170	0.04169	0.00507	0.00367	0.09462
14	0.01728	0.01472	0.01511	0.04052	0.04475	0.09400	0.01023	0.13456	0.19148	0.05182	0.05382	0.06348	0.03869	0.09868	0.00991	0.00252	0.00654	0.00766	0.00554	0.09867
15	0.10155	0.17525	0.13376	0.01693	0.05359	0.16124	0.07812	0.11482	0.03954	0.02336	0.01240	0.01415	0.00973	0.00661	0.00582	0.00188	0.00864	0.00501	0.02858	0.00902
16	0.04738	0.12643	0.04814	0.06332	0.10508	0.05483	0.06450	0.09161	0.04961	0.06654	0.06962	0.06369	0.04527	0.00855	0.00639	0.00199	0.00691	0.00723	0.06420	0.00869
17	0.03186	0.21568	0.25090	0.01418	0.02041	0.04582	0.01493	0.08494	0.04312	0.05906	0.08213	0.04696	0.01642	0.00782	0.00603	0.00190	0.00749	0.00606	0.00431	0.03999
18	0.01634	0.06991	0.06396	0.01869	0.17260	0.06955	0.01285	0.07711	0.07582	0.05032	0.04907	0.05314	0.10418	0.00890	0.00692	0.00194	0.02627	0.00732	0.00476	0.11037

[dist]
# distance from previous block
# <min> <max>
8	39

[block]
# block no. 6 follows, 32 sequences, length 21
# corresponding to MSA columns:
# 266-286
name=unknown_G
#
# <colnr> <probs for GDERKNQSTAVLIFYWHMCP>
#	G	D	E	R	K	N	Q	S	T	A	V	L	I	F	Y	W	H	M	C	P
0	0.01522	0.06484	0.18937	0.02037	0.12632	0.01420	0.14501	0.06318	0.01618	0.06548	0.04367	0.10150	0.08660	0.00922	0.00706	0.00216	0.00779	0.00842	0.00445	0.00895
1	0.09636	0.18858	0.02192	0.03975	0.04047	0.22741	0.03597	0.09766	0.04500	0.09738	0.01371	0.01480	0.01056	0.00690	0.00571	0.00182	0.00829	0.00497	0.03388	0.00887
2	0.31788	0.06097	0.14118	0.01360	0.03908	0.11988	0.01225	0.02257	0.07494	0.04529	0.01240	0.01370	0.00956	0.00651	0.00529	0.00191	0.00722	0.00451	0.00406	0.08717
3	0.01900	0.17127	0.02125	0.04468	0.06956	0.12581	0.01196	0.14735	0.15908	0.02413	0.01560	0.01765	0.01268	0.04851	0.00748	0.00206	0.00745	0.00560	0.00467	0.08421
4	0.01137	0.00992	0.01458	0.18256	0.09638	0.03256	0.03159	0.01409	0.01365	0.01825	0.09665	0.18916	0.04340	0.07779	0.13401	0.00408	0.00848	0.01024	0.00451	0.00673
5	0.01993	0.04495	0.02050	0.09576	0.15138	0.03710	0.03702	0.20000	0.04031	0.13317	0.07249	0.02307	0.01721	0.00850	0.00739	0.00212	0.03301	0.04087	0.00547	0.00972
6	0.00838	0.00629	0.00778	0.00851	0.00962	0.00569	0.00596	0.01010	0.01473	0.01939	0.18487	0.43773	0.21952	0.01850	0.00827	0.00248	0.00362	0.01640	0.00647	0.00569
7	0.00928	0.00697	0.00924	0.00924	0.01041	0.00743	0.00681	0.01103	0.01150	0.01556	0.02893	0.03790	0.16313	0.19271	0.44024	0.00813	0.01257	0.00916	0.00424	0.00552
8	0.01580	0.01603	0.06656	0.09902	0.57348	0.01517	0.01958	0.01999	0.01497	0.02168	0.01316	0.01715	0.01081	0.00619	0.00650	0.00199	0.00784	0.00594	0.05815	0.01001
9	0.00956	0.00698	0.00893	0.00894	0.00995	0.00722	0.00642	0.01133	0.01303	0.01811	0.15242	0.13666	0.11759	0.18544	0.20128	0.00538	0.03550	0.01098	0.04869	0.00559
10	0.01259	0.09795	0.32524	0.01461	0.02059	0.01310	0.03759	0.01762	0.03532	0.01976	0.01960	0.23328	0.01963	0.01052	0.00672	0.00212	0.00724	0.00904	0.00410	0.09337
11	0.00975	0.00655	0.00753	0.00753	0.00761	0.00662	0.00433	0.00989	0.00982	0.01317	0.02095	0.04283	0.02392	0.72012	0.07758	0.00677	0.00721	0.00960	0.00404	0.00418
12	0.01251	0.00625	0.00625	0.00625	0.00782	0.00625	0.00469	0.01563	0.01407	0.02502	0.02189	0.02502	0.01720	0.00782	0.00469	0.00156	0.00313	0.00625	0.80144	0.00625
13	0.01940	0.01896	0.09331	0.01616	0.02115	0.09884	0.09537	0.13873	0.26167	0.08534	0.04355	0.02079	0.01618	0.00803	0.00677	0.00211	0.00753	0.00677	0.02939	0.00995
14	0.00861	0.00682	0.00774	0.00751	0.00948	0.00596	0.00564	0.01095	0.01691	0.02196	0.35194	0.05827	0.43325	0.01556	0.00792	0.00220	0.00330	0.01328	0.00674	0.00596
15	0.01015	0.00732	0.00934	0.00933	0.00992	0.00790	0.00638	0.03314	0.01130	0.01552	0.02222	0.15640	0.02449	0.37910	0.23164	0.00682	0.03917	0.01030	0.00433	0.00522
16	0.01550	0.01617	0.06821	0.20012	0.28447	0.01558	0.17883	0.05223	0.01561	0.02181	0.01336	0.01759	0.01043	0.00631	0.00683	0.00210	0.00879	0.00639	0.05043	0.00925
17	0.01766	0.06494	0.25298	0.02047	0.09415	0.09308	0.09566	0.02313	0.05599	0.09580	0.01396	0.01609	0.01054	0.00736	0.00859	0.00216	0.10842	0.00572	0.00385	0.00945
18	0.01147	0.08440	0.01419	0.05411	0.01513	0.03878	0.04146	0.01461	0.03939	0.02040	0.19609	0.08102	0.23777	0.01349	0.00806	0.00226	0.03161	0.08340	0.00563	0.00673
19	0.06404	0.15429	0.13584	0.04821	0.01878	0.03586	0.01276	0.08665	0.04393	0.02284	0.12473	0.06771	0.05487	0.00983	0.00784	0.00212	0.07373	0.02316	0.00465	0.00818
20	0.01811	0.08735	0.01680	0.01278	0.01601	0.18050	0.01007	0.15556	0.06469	0.02364	0.08184	0.02464	0.06101	0.08954	0.01023	0.00241	0.05321	0.00690	0.04852	0.03618

[dist]
# distance from previous block
# <min> <max>
0	20

[block]
# block no. 7 follows, 32 sequences, length 12
# corresponding to MSA columns:
# 307-318
name=unknown_H
#
# <colnr> <probs for GDERKNQSTAVLIFYWHMCP>
#	G	D	E	R	K	N	Q	S	T	A	V	L	I	F	Y	W	H	M	C	P
0	0.01764	0.06638	0.07306	0.01520	0.01984	0.01619	0.08970	0.22188	0.14191	0.04800	0.01970	0.02155	0.04064	0.01671	0.15669	0.00387	0.00961	0.00685	0.00520	0.00937
1	0.24633	0.01846	0.08466	0.03500	0.03514	0.08849	0.01209	0.25038	0.02006	0.08109	0.01452	0.03508	0.01104	0.00754	0.00587	0.00203	0.00719	0.00549	0.03028	0.00927
2	0.01312	0.01250	0.02051	0.35006	0.13909	0.01419	0.07677	0.01756	0.04768	0.01882	0.02034	0.07145	0.08864	0.00908	0.00834	0.00230	0.06987	0.00795	0.00382	0.00791
3	0.01122	0.00761	0.00910	0.00837	0.01055	0.00698	0.00639	0.04231	0.01820	0.07078	0.41726	0.04985	0.24805	0.01378	0.00763	0.00212	0.00358	0.01182	0.04773	0.00668
4	0.01345	0.08887	0.39548	0.05516	0.13021	0.01489	0.01914	0.01881	0.01391	0.01966	0.01706	0.02078	0.06523	0.05861	0.03872	0.00271	0.00895	0.00616	0.00329	0.00892
5	0.01400	0.04941	0.01911	0.01581	0.01653	0.01833	0.01311	0.01670	0.05151	0.01672	0.01164	0.01729	0.01098	0.01854	0.15451	0.00430	0.53480	0.00611	0.00328	0.00734
6	0.01605	0.05696	0.04657	0.19300	0.23215	0.05332	0.01615	0.05481	0.14498	0.02200	0.03016	0.01975	0.03309	0.00763	0.00734	0.00212	0.04412	0.00637	0.00417	0.00926
7	0.00946	0.00645	0.00771	0.00811	0.00836	0.00634	0.00504	0.01005	0.01122	0.01501	0.05962	0.20274	0.03151	0.52115	0.02581	0.00526	0.00575	0.05099	0.00483	0.00460
8	0.01225	0.01206	0.07525	0.03618	0.06314	0.03717	0.01013	0.01763	0.10758	0.04163	0.34087	0.10360	0.09119	0.01222	0.00747	0.00218	0.00504	0.01064	0.00618	0.00759
9	0.01018	0.00651	0.00736	0.00736	0.00767	0.00658	0.00442	0.01081	0.01049	0.01503	0.02107	0.03993	0.02282	0.60412	0.07111	0.00599	0.00666	0.00906	0.12834	0.00452
10	0.01570	0.01548	0.01653	0.09844	0.01978	0.16956	0.05603	0.07382	0.04126	0.01855	0.01548	0.02340	0.01427	0.16367	0.16943	0.00482	0.06601	0.00680	0.00390	0.00710
11	0.03163	0.04252	0.05712	0.17690	0.11867	0.15217	0.08768	0.03921	0.01607	0.05831	0.02108	0.04604	0.10715	0.00845	0.00679	0.00208	0.00846	0.00726	0.00411	0.00829

[dist]
# distance from previous block
# <min> <max>
1	27

[block]
# block no. 8 follows, 32 sequences, length 18
# corresponding to MSA columns:
# 346-363
name=unknown_I
#
# <colnr> <probs for GDERKNQSTAVLIFYWHMCP>
#	G	D	E	R	K	N	Q	S	T	A	V	L	I	F	Y	W	H	M	C	P
0	0.01411	0.01473	0.12618	0.01416	0.05678	0.03734	0.04222	0.04271	0.09257	0.05980	0.12008	0.05203	0.02367	0.16250	0.05856	0.00351	0.00740	0.00815	0.03209	0.03140
1	0.01751	0.01657	0.03725	0.01517	0.04319	0.12510	0.03556	0.11875	0.17345	0.03922	0.03983	0.02174	0.03762	0.01382	0.09928	0.00316	0.07022	0.00667	0.04460	0.04129
2	0.00899	0.00747	0.02974	0.00881	0.01049	0.00645	0.00677	0.01146	0.01594	0.02164	0.34210	0.20954	0.19493	0.01909	0.07268	0.00305	0.00489	0.01348	0.00641	0.00607
3	0.01543	0.01495	0.04370	0.16915	0.15525	0.06561	0.01386	0.06670	0.11519	0.02263	0.06977	0.04626	0.01717	0.03868	0.00769	0.00215	0.00714	0.00685	0.00450	0.11730
4	0.01023	0.00731	0.01014	0.01169	0.01298	0.00722	0.00980	0.01289	0.01487	0.01943	0.03585	0.22700	0.03989	0.01909	0.00911	0.00301	0.00567	0.53161	0.00619	0.00602
5	0.04611	0.01027	0.01221	0.10250	0.01680	0.03813	0.00907	0.06365	0.04183	0.11160	0.14388	0.12644	0.10091	0.08833	0.03335	0.00295	0.00604	0.03280	0.00584	0.00730
6	0.06296	0.02550	0.01828	0.06770	0.02159	0.46882	0.01265	0.13840	0.02035	0.05377	0.03984	0.01509	0.01156	0.00739	0.00622	0.00186	0.01011	0.00511	0.00438	0.00845
7	0.01316	0.01265	0.05460	0.01649	0.09405	0.01369	0.01236	0.05680	0.03766	0.01906	0.01940	0.02707	0.06500	0.06761	0.21533	0.00506	0.21649	0.04206	0.00399	0.00746
8	0.01367	0.01231	0.01223	0.05029	0.03718	0.12100	0.00889	0.06960	0.03656	0.02128	0.18145	0.06125	0.19592	0.01387	0.00976	0.10257	0.00592	0.03416	0.00543	0.00665
9	0.20229	0.07929	0.08392	0.01595	0.02029	0.01595	0.16439	0.02010	0.08313	0.02242	0.01602	0.07997	0.01455	0.02873	0.00890	0.00240	0.09249	0.03699	0.00415	0.00808
10	0.01561	0.01398	0.02184	0.35979	0.11055	0.01626	0.07367	0.12146	0.03865	0.02182	0.01294	0.01752	0.01011	0.00821	0.00942	0.04405	0.08580	0.00618	0.00374	0.00839
11	0.01434	0.01353	0.02297	0.51521	0.18333	0.01556	0.06683	0.05209	0.01487	0.01968	0.01239	0.01755	0.00950	0.00655	0.00678	0.00218	0.00883	0.00611	0.00327	0.00842
12	0.10178	0.23530	0.02201	0.01395	0.01781	0.30020	0.01155	0.05848	0.01627	0.01915	0.01421	0.01578	0.05898	0.00776	0.00708	0.00185	0.08119	0.00498	0.00368	0.00797
13	0.01675	0.01126	0.01263	0.01103	0.01430	0.01198	0.00871	0.13330	0.20020	0.11028	0.02961	0.02964	0.12652	0.01500	0.09803	0.00315	0.00660	0.00798	0.14428	0.00874
14	0.01794	0.76823	0.03516	0.01148	0.01722	0.02655	0.01148	0.02009	0.01363	0.01579	0.00933	0.01076	0.00861	0.00574	0.00431	0.00144	0.00718	0.00359	0.00287	0.00861
15	0.01797	0.01275	0.01392	0.01230	0.01601	0.01404	0.00963	0.03196	0.49849	0.13611	0.02820	0.02626	0.04730	0.00915	0.00662	0.00217	0.00506	0.00757	0.09443	0.01007
16	0.01521	0.01345	0.01853	0.12346	0.12308	0.06010	0.08533	0.06323	0.09085	0.04805	0.11426	0.05549	0.07586	0.00980	0.00718	0.00218	0.00694	0.04465	0.03396	0.00837
17	0.00916	0.00674	0.00858	0.00906	0.01033	0.00633	0.00678	0.01132	0.01531	0.02047	0.25075	0.22786	0.16170	0.07134	0.03698	0.00308	0.00468	0.12741	0.00633	0.00580

[dist]
# distance from previous block
# <min> <max>
0	6

[block]
# block no. 9 follows, 32 sequences, length 6
# corresponding to MSA columns:
# 370-375
name=unknown_J
#
# <colnr> <probs for GDERKNQSTAVLIFYWHMCP>
#	G	D	E	R	K	N	Q	S	T	A	V	L	I	F	Y	W	H	M	C	P
0	0.07811	0.27908	0.03939	0.01304	0.01771	0.07393	0.02707	0.07093	0.06952	0.14611	0.04770	0.01874	0.01451	0.00784	0.00664	0.00192	0.04765	0.02617	0.00486	0.00909
1	0.44692	0.11698	0.04842	0.12914	0.01999	0.01654	0.01077	0.04562	0.03968	0.02555	0.01188	0.04150	0.00986	0.00699	0.00506	0.00205	0.00632	0.00490	0.00401	0.00782
2	0.00851	0.00634	0.00801	0.00920	0.01020	0.00584	0.00665	0.01009	0.01380	0.01780	0.04392	0.49757	0.19935	0.01972	0.00852	0.00267	0.00412	0.11586	0.00622	0.00561
3	0.02262	0.02234	0.01854	0.07277	0.05061	0.37576	0.01291	0.02489	0.01707	0.14977	0.01355	0.01517	0.01036	0.00749	0.00793	0.00192	0.09150	0.00511	0.00431	0.07538
4	0.01124	0.00812	0.01007	0.01052	0.01186	0.00815	0.00764	0.12107	0.01637	0.02190	0.06735	0.55107	0.03956	0.01838	0.00829	0.00261	0.00460	0.06835	0.00636	0.00651
5	0.01304	0.01607	0.13582	0.57555	0.04259	0.01517	0.07166	0.01814	0.01372	0.01814	0.01207	0.01731	0.00897	0.00657	0.00675	0.00222	0.00928	0.00595	0.00299	0.00797

[dist]
# distance from previous block
# <min> <max>
0	1

[block]
# block no. 10 follows, 32 sequences, length 11
# corresponding to MSA columns:
# 377-387
name=unknown_K
#
# <colnr> <probs for GDERKNQSTAVLIFYWHMCP>
#	G	D	E	R	K	N	Q	S	T	A	V	L	I	F	Y	W	H	M	C	P
0	0.09375	0.00656	0.00886	0.00875	0.00918	0.00677	0.00598	0.00987	0.00902	0.01355	0.01142	0.01942	0.01120	0.02156	0.02396	0.72239	0.00576	0.00560	0.00304	0.00336
1	0.01424	0.01179	0.01579	0.01367	0.01551	0.01399	0.03947	0.14979	0.01517	0.02120	0.01825	0.05537	0.04506	0.09911	0.24038	0.00548	0.20641	0.00770	0.00430	0.00732
2	0.62337	0.01338	0.01239	0.01090	0.01407	0.01635	0.00902	0.01888	0.01115	0.02681	0.00922	0.01179	0.00763	0.00753	0.00837	0.00228	0.18155	0.00416	0.00387	0.00728
3	0.01590	0.01334	0.01600	0.18655	0.02346	0.01543	0.01202	0.11008	0.36996	0.02595	0.05590	0.02504	0.01907	0.07088	0.00909	0.00257	0.00642	0.00742	0.00570	0.00922
4	0.01934	0.01561	0.01841	0.19262	0.02581	0.01795	0.01344	0.30402	0.26235	0.03126	0.01898	0.01963	0.01396	0.00809	0.00675	0.00216	0.00704	0.00656	0.00585	0.01018
5	0.51216	0.01336	0.01201	0.01047	0.01438	0.01508	0.00843	0.18001	0.01640	0.03118	0.01482	0.11703	0.01345	0.00873	0.00538	0.00215	0.00553	0.00637	0.00505	0.00800
6	0.00919	0.00636	0.00792	0.00845	0.00874	0.00638	0.00536	0.00990	0.01095	0.01475	0.02617	0.28726	0.03028	0.41849	0.11482	0.00575	0.00707	0.01263	0.00475	0.00479
7	0.02372	0.01349	0.01651	0.01325	0.01743	0.01415	0.01082	0.19151	0.10913	0.33157	0.08880	0.02327	0.01953	0.00922	0.00843	0.00218	0.08241	0.00711	0.00709	0.01041
8	0.02114	0.01547	0.01683	0.01358	0.01760	0.01690	0.01077	0.51822	0.02624	0.03516	0.01965	0.12369	0.01763	0.10301	0.01035	0.00267	0.00679	0.00832	0.00632	0.00967
9	0.01209	0.00956	0.01141	0.00956	0.01296	0.00809	0.00716	0.04757	0.01510	0.02197	0.14829	0.17747	0.02833	0.08302	0.00914	0.00214	0.00468	0.00925	0.00521	0.37699
10	0.20049	0.00926	0.00917	0.00856	0.01009	0.01001	0.00575	0.05310	0.05781	0.01971	0.01848	0.03328	0.01935	0.49211	0.02369	0.00492	0.00617	0.00796	0.00442	0.00567

[dist]
# distance from previous block
# <min> <max>
0	1

[block]
# block no. 11 follows, 32 sequences, length 26
# corresponding to MSA columns:
# 389-414
name=unknown_L
#
# <colnr> <probs for GDERKNQSTAVLIFYWHMCP>
#	G	D	E	R	K	N	Q	S	T	A	V	L	I	F	Y	W	H	M	C	P
0	0.07293	0.01635	0.01811	0.05624	0.02076	0.01796	0.01202	0.42553	0.12929	0.13384	0.01858	0.01817	0.01310	0.00806	0.00658	0.00208	0.00679	0.00622	0.00658	0.01081
1	0.15376	0.02398	0.01679	0.01484	0.01860	0.41390	0.01142	0.13665	0.03841	0.04298	0.01372	0.05967	0.01164	0.00797	0.00604	0.00192	0.00930	0.00557	0.00451	0.00833
2	0.01970	0.31176	0.06119	0.01575	0.06545	0.17100	0.01304	0.14243	0.01812	0.02173	0.03340	0.01544	0.02766	0.00811	0.02197	0.00196	0.03340	0.00506	0.00394	0.00890
3	0.00913	0.00692	0.00854	0.05400	0.01132	0.00684	0.00625	0.01052	0.01260	0.01634	0.06771	0.16231	0.22508	0.26208	0.10656	0.00475	0.00662	0.01207	0.00506	0.00530
4	0.01722	0.04354	0.02898	0.03594	0.52031	0.07626	0.13754	0.02125	0.01563	0.02118	0.01249	0.01629	0.01032	0.00599	0.00674	0.00200	0.00887	0.00610	0.00333	0.01005
5	0.00927	0.00693	0.00874	0.00985	0.01070	0.00687	0.00677	0.01270	0.09920	0.01881	0.05862	0.64527	0.04206	0.01930	0.00833	0.00265	0.00404	0.01742	0.00634	0.00612
6	0.01170	0.00736	0.01015	0.07222	0.01387	0.00711	0.00784	0.01382	0.01510	0.10706	0.19109	0.39825	0.04155	0.03844	0.00881	0.00258	0.00453	0.03554	0.00641	0.00654
7	0.01127	0.00833	0.01007	0.00909	0.01123	0.00803	0.00697	0.09718	0.02007	0.02768	0.54819	0.04778	0.14140	0.01344	0.00777	0.00212	0.00372	0.01164	0.00715	0.00687
8	0.00888	0.00659	0.00854	0.00942	0.01049	0.00588	0.00644	0.01028	0.01298	0.01771	0.03389	0.66766	0.04012	0.01904	0.00812	0.00251	0.00403	0.01721	0.00595	0.10425
9	0.01684	0.58483	0.03262	0.14920	0.02363	0.02384	0.05214	0.01962	0.01372	0.01637	0.01005	0.01251	0.00876	0.00592	0.00496	0.00163	0.00774	0.00428	0.00292	0.00842
10	0.01670	0.55990	0.11593	0.10447	0.04780	0.02342	0.01428	0.01988	0.01373	0.01683	0.01009	0.01226	0.00871	0.00594	0.00493	0.00164	0.00775	0.00413	0.00290	0.00870
11	0.11727	0.19865	0.02563	0.01713	0.04189	0.17014	0.15110	0.05469	0.07362	0.02167	0.03493	0.01554	0.01170	0.00687	0.00647	0.00193	0.03275	0.00549	0.00393	0.00860
12	0.01139	0.00888	0.01179	0.01230	0.01379	0.00966	0.01037	0.01512	0.06211	0.01996	0.06310	0.06127	0.07967	0.05327	0.01175	0.00308	0.09794	0.44227	0.00578	0.00649
13	0.01837	0.01179	0.01437	0.01049	0.01624	0.00920	0.00848	0.02124	0.01537	0.21575	0.01593	0.01637	0.01177	0.00589	0.00546	0.00129	0.00517	0.00474	0.00517	0.58694
14	0.02243	0.01956	0.01981	0.01614	0.01987	0.12730	0.01313	0.40399	0.05973	0.03153	0.01411	0.01564	0.01085	0.00881	0.01023	0.00220	0.18363	0.00582	0.00534	0.00987
15	0.00925	0.00664	0.00887	0.03422	0.01094	0.00685	0.00670	0.01054	0.01161	0.01569	0.02709	0.32235	0.03077	0.25160	0.17656	0.00564	0.00807	0.04645	0.00488	0.00525
16	0.01320	0.00913	0.01115	0.01063	0.01305	0.00877	0.00844	0.09099	0.01627	0.05756	0.05017	0.14151	0.07436	0.10382	0.01087	0.00287	0.00547	0.22502	0.04139	0.10537
17	0.01876	0.31795	0.06625	0.01340	0.01809	0.10441	0.01212	0.09093	0.08631	0.06428	0.01423	0.01592	0.01160	0.01237	0.09651	0.00290	0.03581	0.00513	0.00415	0.00888
18	0.01517	0.04107	0.15581	0.08007	0.11259	0.06037	0.18746	0.03872	0.04010	0.02065	0.01404	0.01804	0.01120	0.01242	0.10463	0.00327	0.03470	0.00633	0.03463	0.00874
19	0.06256	0.05081	0.02150	0.09803	0.03835	0.05889	0.17077	0.03943	0.03842	0.11059	0.04069	0.07437	0.01695	0.00867	0.00709	0.00212	0.01975	0.04891	0.02807	0.06404
20	0.08931	0.09178	0.04004	0.10536	0.04221	0.13083	0.01258	0.05727	0.31290	0.02410	0.01798	0.01848	0.01379	0.00765	0.00618	0.00206	0.00731	0.00593	0.00496	0.00930
21	0.07040	0.13486	0.05445	0.07634	0.01932	0.01377	0.06306	0.07337	0.01613	0.10866	0.03814	0.11163	0.12052	0.01048	0.00670	0.00212	0.00638	0.03836	0.00512	0.03017
22	0.06272	0.09931	0.29843	0.01827	0.06837	0.05743	0.05968	0.08478	0.11984	0.04641	0.01476	0.01599	0.01099	0.00688	0.00624	0.00204	0.00841	0.00550	0.00413	0.00979
23	0.01472	0.05345	0.33381	0.04718	0.02247	0.03808	0.01644	0.06474	0.14726	0.02286	0.01979	0.02196	0.05866	0.05120	0.00799	0.00234	0.00776	0.00645	0.05377	0.00907
24	0.03984	0.06617	0.01128	0.00923	0.01089	0.03132	0.00683	0.03450	0.01244	0.01664	0.02702	0.03671	0.14813	0.27159	0.24264	0.00621	0.00969	0.00880	0.00430	0.00577
25	0.01914	0.29209	0.09513	0.01491	0.04472	0.11439	0.01316	0.15057	0.10420	0.02381	0.05559	0.01660	0.01393	0.00729	0.00580	0.00182	0.00769	0.00537	0.00444	0.00935

[dist]
# distance from previous block
# <min> <max>
0	11

[block]
# block no. 12 follows, 32 sequences, length 19
# corresponding to MSA columns:
# 426-444
name=unknown_M
#
# <colnr> <probs for GDERKNQSTAVLIFYWHMCP>
#	G	D	E	R	K	N	Q	S	T	A	V	L	I	F	Y	W	H	M	C	P
0	0.01478	0.01510	0.05796	0.11601	0.05689	0.06964	0.06927	0.07249	0.10352	0.02123	0.02030	0.09540	0.05422	0.01446	0.09393	0.00323	0.07086	0.00798	0.00445	0.03830
1	0.03884	0.01627	0.01703	0.07688	0.03700	0.10586	0.01162	0.16351	0.11676	0.02525	0.03009	0.01839	0.01319	0.04503	0.00914	0.00213	0.08282	0.00583	0.00477	0.17959
2	0.10914	0.01801	0.18046	0.05957	0.02010	0.05291	0.01326	0.06117	0.13305	0.08149	0.04705	0.10213	0.06247	0.00984	0.00668	0.00221	0.00679	0.01977	0.00518	0.00872
3	0.01313	0.01424	0.08029	0.61617	0.11249	0.01507	0.01935	0.01783	0.01367	0.01797	0.01201	0.01745	0.00908	0.00661	0.00667	0.00220	0.00893	0.00588	0.00300	0.00798
4	0.01656	0.01649	0.08737	0.03727	0.01946	0.04269	0.01172	0.13631	0.11238	0.02548	0.01534	0.01791	0.01229	0.00703	0.00654	0.00167	0.03462	0.02679	0.00469	0.36739
5	0.01031	0.00893	0.03673	0.01047	0.01261	0.00764	0.03604	0.05282	0.01520	0.02051	0.10640	0.42827	0.12890	0.01643	0.00789	0.00237	0.00458	0.01467	0.00595	0.07328
6	0.40245	0.01466	0.01487	0.09838	0.01977	0.01656	0.01060	0.24474	0.01885	0.08220	0.01310	0.01429	0.00950	0.00704	0.00548	0.00207	0.00639	0.00492	0.00515	0.00895
7	0.08178	0.01444	0.09041	0.11731	0.09585	0.01338	0.10393	0.01949	0.03918	0.09365	0.01620	0.04505	0.01344	0.03577	0.14963	0.00399	0.04725	0.00685	0.00411	0.00831
8	0.01074	0.00683	0.00927	0.01033	0.01146	0.00644	0.00774	0.01259	0.01422	0.07766	0.05366	0.49953	0.04103	0.01911	0.00858	0.00275	0.00463	0.19085	0.00642	0.00617
9	0.01507	0.01261	0.01454	0.01049	0.01639	0.01013	0.00843	0.08531	0.01568	0.02391	0.01235	0.01413	0.01009	0.00528	0.00514	0.00110	0.00521	0.00418	0.00425	0.72571
10	0.01042	0.00817	0.01016	0.07067	0.01370	0.00807	0.00758	0.04133	0.05948	0.02432	0.40868	0.07399	0.21064	0.01368	0.00773	0.00219	0.00403	0.01184	0.00664	0.00670
11	0.01084	0.00583	0.00852	0.00888	0.00897	0.00574	0.00592	0.00888	0.00970	0.01293	0.01757	0.19295	0.01929	0.02278	0.02210	0.61760	0.00538	0.00892	0.00369	0.00351
12	0.25855	0.01218	0.01409	0.01117	0.01607	0.01184	0.00922	0.05669	0.01744	0.49459	0.02103	0.01907	0.01366	0.00769	0.00599	0.00207	0.00563	0.00581	0.00702	0.01020
13	0.01497	0.01649	0.12572	0.19503	0.19977	0.01477	0.01700	0.08334	0.10090	0.02283	0.01806	0.07662	0.01585	0.00887	0.00699	0.00225	0.00767	0.05940	0.00435	0.00911
14	0.00959	0.00715	0.01059	0.01059	0.01173	0.00828	0.00815	0.01186	0.01073	0.01544	0.01815	0.02732	0.01719	0.08948	0.69901	0.01055	0.01734	0.00733	0.00362	0.00589
15	0.02280	0.01745	0.01862	0.01489	0.01978	0.01955	0.01210	0.49636	0.23954	0.03793	0.01954	0.01884	0.01419	0.00838	0.00675	0.00209	0.00675	0.00651	0.00675	0.01117
16	0.01901	0.51469	0.02931	0.09656	0.02081	0.07493	0.01221	0.02227	0.04897	0.08782	0.01231	0.01359	0.01004	0.00636	0.00508	0.00165	0.00750	0.00443	0.00367	0.00880
17	0.01866	0.19190	0.10777	0.01960	0.15363	0.01653	0.07815	0.04517	0.04535	0.15721	0.08567	0.01997	0.01670	0.00736	0.00634	0.00194	0.00728	0.00631	0.00479	0.00968
18	0.07997	0.04842	0.01838	0.07780	0.11813	0.13633	0.01269	0.13900	0.13410	0.02575	0.04137	0.01847	0.01402	0.00771	0.00670	0.00200	0.03220	0.00594	0.07198	0.00904

[dist]
# distance from previous block
# <min> <max>
6	8

[block]
# block no. 13 follows, 32 sequences, length 15
# corresponding to MSA columns:
# 453-467
name=unknown_N
#
# <colnr> <probs for GDERKNQSTAVLIFYWHMCP>
#	G	D	E	R	K	N	Q	S	T	A	V	L	I	F	Y	W	H	M	C	P
0	0.01279	0.01226	0.02142	0.65535	0.04384	0.01474	0.07957	0.01724	0.01361	0.01754	0.01301	0.04568	0.01038	0.00715	0.00689	0.00226	0.00897	0.00663	0.00314	0.00752
1	0.01486	0.01226	0.01344	0.01229	0.01549	0.01360	0.00966	0.06727	0.44173	0.02733	0.14983	0.03604	0.07513	0.01121	0.00730	0.00230	0.00501	0.06924	0.00682	0.00920
2	0.01096	0.00679	0.00905	0.00986	0.01094	0.00636	0.00713	0.01258	0.01396	0.08898	0.06970	0.49216	0.04019	0.07502	0.01038	0.00297	0.00458	0.11597	0.00633	0.00610
3	0.01360	0.01281	0.02097	0.50035	0.17832	0.01525	0.01802	0.01816	0.03888	0.01843	0.01329	0.04404	0.01095	0.00752	0.00786	0.00226	0.06138	0.00648	0.00330	0.00813
4	0.00931	0.00722	0.00985	0.06531	0.01316	0.00742	0.00782	0.01130	0.01437	0.01946	0.19055	0.42816	0.08439	0.01735	0.00912	0.00255	0.05195	0.03870	0.00604	0.00596
5	0.10850	0.01158	0.01500	0.01163	0.01671	0.01038	0.00960	0.03140	0.01842	0.65707	0.02475	0.02164	0.01567	0.00810	0.00649	0.00208	0.00566	0.00644	0.00789	0.01100
6	0.01870	0.10380	0.21686	0.01702	0.05080	0.20135	0.01569	0.04741	0.19922	0.04113	0.01589	0.01654	0.01210	0.00725	0.00623	0.00198	0.00870	0.00547	0.00434	0.00953
