[name]
unknown

[dist]
# distance from previous block
# <min> <max>
0	0

[block]
# block no. 0 follows, 34 sequences, length 67
# corresponding to MSA columns:
# 0-66
name=unknown_A
#
# <colnr> <probs for GDERKNQSTAVLIFYWHMCP>
#	G	D	E	R	K	N	Q	S	T	A	V	L	I	F	Y	W	H	M	C	P
0	0.01041	0.00744	0.01041	0.01190	0.01339	0.00744	0.01041	0.01339	0.01487	0.01934	0.03421	0.07288	0.03719	0.01785	0.00892	0.00297	0.00595	0.68913	0.00595	0.00595
1	0.02778	0.01103	0.01487	0.01135	0.01640	0.00943	0.00935	0.03030	0.01810	0.68132	0.02440	0.02132	0.01549	0.00775	0.00636	0.00192	0.00544	0.00629	0.00767	0.07342
2	0.01340	0.01148	0.01340	0.00957	0.01531	0.00861	0.00766	0.01627	0.01340	0.02105	0.01148	0.01340	0.00957	0.00479	0.00479	0.00096	0.00479	0.00383	0.00383	0.81242
3	0.01323	0.01126	0.01313	0.00946	0.01496	0.00851	0.00750	0.01598	0.01323	0.02069	0.01186	0.01463	0.01016	0.03752	0.00598	0.00118	0.00485	0.00407	0.00383	0.77797
4	0.01678	0.00975	0.01292	0.01019	0.01422	0.00821	0.03303	0.01960	0.01665	0.25069	0.23472	0.03000	0.07524	0.00913	0.00648	0.00174	0.00461	0.00783	0.00627	0.23194
5	0.00817	0.00575	0.00741	0.00862	0.00892	0.00545	0.00559	0.00908	0.01179	0.01572	0.03263	0.62653	0.03897	0.16755	0.01307	0.00334	0.00424	0.01661	0.00559	0.00499
6	0.01228	0.01159	0.01940	0.72844	0.04343	0.01457	0.01780	0.01647	0.01280	0.01647	0.01137	0.01711	0.00861	0.00665	0.00704	0.00218	0.03804	0.00574	0.00287	0.00717
7	0.01340	0.01148	0.01340	0.00957	0.01531	0.00861	0.00766	0.01627	0.01340	0.02105	0.01148	0.01340	0.00957	0.00479	0.00479	0.00096	0.00479	0.00383	0.00383	0.81242
8	0.01327	0.08682	0.68876	0.01789	0.02715	0.01576	0.02295	0.02038	0.01360	0.02008	0.01141	0.01341	0.00819	0.00609	0.00600	0.00200	0.00936	0.00468	0.00273	0.00946
9	0.02414	0.03079	0.01831	0.01665	0.01998	0.74698	0.01248	0.02580	0.01831	0.01581	0.00999	0.01165	0.00832	0.00666	0.00583	0.00166	0.01165	0.00416	0.00333	0.00749
10	0.02899	0.01100	0.01499	0.01150	0.01649	0.00950	0.00950	0.03149	0.01849	0.73709	0.02549	0.02199	0.01599	0.00800	0.00650	0.00200	0.00550	0.00650	0.00800	0.01100
11	0.00785	0.00601	0.00721	0.00805	0.00915	0.00537	0.00560	0.00926	0.01354	0.01733	0.08206	0.47249	0.29594	0.01846	0.00799	0.00243	0.00354	0.01629	0.00606	0.00537
12	0.01561	0.01496	0.02554	0.11174	0.66351	0.01525	0.01964	0.01950	0.01453	0.02065	0.01209	0.01612	0.01007	0.00583	0.00640	0.00194	0.00777	0.00576	0.00317	0.00993
13	0.01220	0.01148	0.01938	0.75739	0.04450	0.01436	0.01794	0.01651	0.01292	0.01651	0.01148	0.01723	0.00861	0.00646	0.00646	0.00215	0.00861	0.00574	0.00287	0.00718
14	0.02899	0.01100	0.01499	0.01150	0.01649	0.00950	0.00950	0.03149	0.01849	0.73709	0.02549	0.02199	0.01599	0.00800	0.00650	0.00200	0.00550	0.00650	0.00800	0.01100
15	0.01572	0.50981	0.28728	0.01370	0.02067	0.02177	0.01566	0.01975	0.01331	0.01709	0.00992	0.01154	0.00825	0.00575	0.00486	0.00162	0.00786	0.00393	0.00275	0.00874
16	0.01325	0.08338	0.69203	0.01792	0.02720	0.01572	0.02301	0.02039	0.01361	0.02011	0.01142	0.01342	0.00819	0.00610	0.00600	0.00200	0.00937	0.00469	0.00273	0.00946
17	0.00787	0.00562	0.00750	0.00900	0.00937	0.00525	0.00600	0.00900	0.01237	0.01649	0.03561	0.76871	0.04274	0.02024	0.00825	0.00262	0.00375	0.01837	0.00600	0.00525
18	0.00790	0.00656	0.00691	0.00682	0.00889	0.00557	0.00512	0.00978	0.01535	0.01894	0.18173	0.05974	0.61279	0.01581	0.00763	0.00216	0.00323	0.01329	0.00620	0.00557
19	0.02429	0.01796	0.01924	0.01481	0.01993	0.01991	0.01222	0.68942	0.05247	0.04028	0.01586	0.01579	0.01127	0.00779	0.00647	0.00195	0.00705	0.00586	0.00647	0.01096
20	0.00914	0.00660	0.00864	0.00813	0.00965	0.00610	0.00610	0.01219	0.01829	0.02591	0.72921	0.04827	0.06097	0.01321	0.00762	0.00203	0.00305	0.01169	0.00711	0.00610
21	0.70893	0.06335	0.01172	0.00925	0.01330	0.06842	0.00766	0.01951	0.01167	0.02714	0.00907	0.01057	0.00718	0.00602	0.00414	0.00193	0.00561	0.00354	0.00387	0.00712
22	0.01434	0.05393	0.54194	0.01956	0.02799	0.07158	0.13992	0.02088	0.01426	0.01998	0.01164	0.01403	0.00848	0.00604	0.00631	0.00202	0.00986	0.00517	0.00287	0.00921
23	0.01617	0.01562	0.05781	0.07204	0.10715	0.04349	0.03990	0.13789	0.03510	0.02349	0.01237	0.01482	0.00987	0.00645	0.00726	0.00168	0.07982	0.00503	0.00401	0.31003
24	0.01362	0.01404	0.02792	0.02098	0.02588	0.01311	0.45295	0.03742	0.01496	0.02039	0.01884	0.16623	0.01807	0.00918	0.00759	0.00222	0.00861	0.05624	0.00411	0.06762
25	0.05571	0.01105	0.01481	0.01139	0.01636	0.00967	0.00941	0.03107	0.01824	0.71313	0.02493	0.02160	0.01569	0.00793	0.00641	0.00200	0.00548	0.00640	0.00786	0.01086
26	0.08125	0.01110	0.01463	0.01130	0.01623	0.00983	0.00933	0.03066	0.01800	0.69022	0.02440	0.02123	0.01540	0.00786	0.00633	0.00200	0.00546	0.00630	0.00773	0.01073
27	0.00787	0.00562	0.00750	0.00900	0.00937	0.00525	0.00600	0.00900	0.01237	0.01649	0.03561	0.76871	0.04274	0.02024	0.00825	0.00262	0.00375	0.01837	0.00600	0.00525
28	0.01470	0.01650	0.03567	0.02571	0.03179	0.01547	0.65170	0.01987	0.01525	0.02072	0.04203	0.05065	0.01321	0.00638	0.00765	0.00219	0.01028	0.00824	0.00353	0.00846
29	0.02430	0.01797	0.01924	0.01481	0.01994	0.01991	0.01222	0.69013	0.05175	0.04030	0.01585	0.01578	0.01126	0.00779	0.00647	0.00195	0.00705	0.00586	0.00647	0.01096
30	0.00787	0.00562	0.00750	0.00900	0.00937	0.00525	0.00600	0.00900	0.01237	0.01649	0.03561	0.76871	0.04274	0.02024	0.00825	0.00262	0.00375	0.01837	0.00600	0.00525
31	0.00999	0.00784	0.01091	0.01053	0.01118	0.00935	0.00790	0.01152	0.01015	0.01454	0.01750	0.06153	0.01798	0.22255	0.42013	0.00781	0.13166	0.00786	0.00359	0.00549
32	0.05167	0.52233	0.15553	0.01259	0.01872	0.02224	0.01320	0.08055	0.01481	0.04172	0.01054	0.01177	0.00870	0.00593	0.00477	0.00159	0.00727	0.00399	0.00330	0.00878
33	0.00911	0.00649	0.00870	0.00890	0.00951	0.00699	0.00618	0.01036	0.01027	0.01425	0.02099	0.13352	0.02262	0.32459	0.37019	0.00773	0.01119	0.00944	0.00398	0.00498
34	0.00811	0.00614	0.00723	0.00792	0.00898	0.00556	0.00548	0.00942	0.01316	0.01681	0.07235	0.36910	0.28957	0.11444	0.01116	0.00292	0.00394	0.03672	0.00578	0.00521
35	0.01887	0.01527	0.01618	0.01371	0.01787	0.01738	0.01090	0.25708	0.49364	0.03154	0.02275	0.02128	0.01685	0.00843	0.00654	0.00211	0.00577	0.00682	0.00654	0.01048
36	0.02548	0.01264	0.01573	0.01253	0.01716	0.01232	0.01042	0.22747	0.02153	0.44851	0.02362	0.02617	0.01706	0.00910	0.00678	0.00210	0.00602	0.08767	0.00731	0.01039
37	0.01237	0.01165	0.01968	0.72578	0.07481	0.01440	0.01803	0.01666	0.01300	0.01671	0.01151	0.01717	0.00868	0.00643	0.00646	0.00214	0.00857	0.00574	0.00289	0.00731
38	0.01232	0.01161	0.01960	0.73473	0.06623	0.01439	0.01800	0.01661	0.01298	0.01665	0.01151	0.01719	0.00866	0.00644	0.00646	0.00215	0.00858	0.00574	0.00288	0.00727
39	0.00975	0.00802	0.00826	0.00772	0.01024	0.00739	0.00592	0.08093	0.04652	0.02051	0.08284	0.05537	0.60326	0.01506	0.00747	0.00215	0.00373	0.01251	0.00611	0.00624
40	0.01220	0.01148	0.01938	0.75739	0.04450	0.01436	0.01794	0.01651	0.01292	0.01651	0.01148	0.01723	0.00861	0.00646	0.00646	0.00215	0.00861	0.00574	0.00287	0.00718
41	0.01186	0.00729	0.00910	0.00861	0.00921	0.00754	0.00570	0.08588	0.01129	0.01511	0.01569	0.02883	0.01647	0.33564	0.04704	0.36317	0.00638	0.00726	0.00369	0.00425
42	0.02772	0.01092	0.01472	0.01142	0.01623	0.00960	0.00939	0.03082	0.04396	0.68271	0.05385	0.02313	0.01794	0.00823	0.00655	0.00201	0.00539	0.00674	0.00791	0.01077
43	0.01609	0.20939	0.12412	0.01850	0.02464	0.01809	0.27545	0.04315	0.11925	0.03659	0.01409	0.01602	0.01084	0.00615	0.00623	0.00190	0.00838	0.00592	0.00378	0.04142
44	0.01496	0.01144	0.01356	0.00976	0.01543	0.00870	0.00784	0.01780	0.01391	0.09296	0.01289	0.01426	0.01022	0.00511	0.00496	0.00106	0.00486	0.00410	0.00425	0.73194
45	0.05793	0.03848	0.02025	0.01497	0.02015	0.01649	0.09424	0.36607	0.05180	0.22628	0.01790	0.01748	0.01231	0.00745	0.00644	0.00198	0.00695	0.00611	0.00629	0.01044
46	0.02157	0.01270	0.01548	0.01268	0.01692	0.01307	0.02981	0.12029	0.26725	0.30749	0.07301	0.04181	0.02023	0.00882	0.00667	0.00208	0.00552	0.00737	0.00705	0.01018
47	0.00839	0.00630	0.00777	0.00799	0.00934	0.00568	0.00577	0.01051	0.01563	0.02098	0.35579	0.26681	0.22322	0.01610	0.00781	0.00225	0.00331	0.01417	0.00650	0.00568
48	0.01296	0.03342	0.73944	0.01842	0.02797	0.01501	0.02387	0.02046	0.01364	0.02046	0.01160	0.01364	0.00818	0.00614	0.00614	0.00205	0.00955	0.00477	0.00273	0.00955
49	0.01340	0.01148	0.01340	0.00957	0.01531	0.00861	0.00766	0.01627	0.01340	0.02105	0.01148	0.01340	0.00957	0.00479	0.00479	0.00096	0.00479	0.00383	0.00383	0.81242
50	0.00792	0.00656	0.00694	0.00685	0.00890	0.00558	0.00513	0.00983	0.01540	0.01906	0.19124	0.05955	0.60321	0.01577	0.00763	0.00215	0.00323	0.01327	0.00621	0.00558
51	0.00893	0.00660	0.00835	0.00791	0.00952	0.00601	0.00593	0.01179	0.01779	0.02473	0.63660	0.05021	0.15431	0.01365	0.00762	0.00205	0.00308	0.01196	0.00696	0.00601
52	0.00931	0.00629	0.00709	0.00707	0.00722	0.00622	0.00404	0.00950	0.00997	0.01326	0.04963	0.04339	0.05605	0.71036	0.03080	0.00592	0.00601	0.00967	0.00413	0.00407
53	0.01517	0.01452	0.02475	0.19437	0.58429	0.01514	0.01942	0.01911	0.01433	0.02012	0.01201	0.01626	0.00989	0.00591	0.00641	0.00197	0.00788	0.00575	0.00313	0.00958
54	0.00940	0.00626	0.00705	0.00705	0.00705	0.00626	0.00392	0.00940	0.00940	0.01253	0.02036	0.04228	0.02349	0.77292	0.03289	0.00626	0.00626	0.00940	0.00392	0.00392
55	0.00787	0.00562	0.00750	0.00900	0.00937	0.00525	0.00600	0.00900	0.01237	0.01649	0.03561	0.76871	0.04274	0.02024	0.00825	0.00262	0.00375	0.01837	0.00600	0.00525
56	0.01347	0.03270	0.71625	0.01819	0.02760	0.01483	0.02341	0.02082	0.01380	0.04341	0.01204	0.01391	0.00844	0.00620	0.00615	0.00204	0.00942	0.00483	0.00290	0.00960
57	0.00784	0.00573	0.00738	0.00870	0.00929	0.00527	0.00587	0.00903	0.01265	0.01661	0.03917	0.68450	0.12465	0.01978	0.00817	0.00257	0.00369	0.01780	0.00600	0.00527
58	0.81856	0.01250	0.00950	0.00850	0.01250	0.01449	0.00700	0.01899	0.01100	0.02899	0.00900	0.01050	0.00700	0.00600	0.00400	0.00200	0.00500	0.00350	0.00400	0.00700
59	0.00909	0.00660	0.00856	0.00807	0.00962	0.00607	0.00605	0.01208	0.01815	0.02559	0.70366	0.04880	0.08672	0.01333	0.00762	0.00204	0.00306	0.01176	0.00707	0.00607
60	0.01497	0.16446	0.47913	0.01738	0.02527	0.08118	0.06707	0.02118	0.03638	0.01934	0.01155	0.01347	0.00869	0.00611	0.00587	0.00191	0.00921	0.00476	0.00295	0.00911
61	0.00810	0.00599	0.00844	0.00956	0.01013	0.00559	0.02773	0.00936	0.01246	0.01662	0.03492	0.74549	0.04172	0.01979	0.00823	0.00261	0.00397	0.01804	0.00591	0.00536
62	0.01535	0.01470	0.02507	0.16041	0.61685	0.01518	0.01951	0.01927	0.01441	0.02034	0.01204	0.01620	0.00996	0.00588	0.00641	0.00196	0.00783	0.00575	0.00314	0.00972
63	0.01510	0.01444	0.02461	0.20889	0.57037	0.01512	0.01939	0.01905	0.01429	0.02002	0.01200	0.01628	0.00985	0.00592	0.00641	0.00197	0.00790	0.00575	0.00312	0.00951
64	0.81856	0.01250	0.00950	0.00850	0.01250	0.01449	0.00700	0.01899	0.01100	0.02899	0.00900	0.01050	0.00700	0.00600	0.00400	0.00200	0.00500	0.00350	0.00400	0.00700
65	0.01482	0.01416	0.02412	0.26074	0.52066	0.01505	0.01925	0.01881	0.01416	0.01969	0.01195	0.01637	0.00974	0.00597	0.00642	0.00199	0.00796	0.00575	0.00310	0.00929
66	0.00968	0.04126	0.00971	0.00950	0.01082	0.03545	0.00722	0.01141	0.01354	0.01727	0.06751	0.31648	0.14814	0.07717	0.03881	0.00310	0.00531	0.16648	0.00553	0.00562

[dist]
# distance from previous block
# <min> <max>
0	1

[block]
# block no. 1 follows, 34 sequences, length 47
# corresponding to MSA columns:
# 68-114
name=unknown_B
#
# <colnr> <probs for GDERKNQSTAVLIFYWHMCP>
#	G	D	E	R	K	N	Q	S	T	A	V	L	I	F	Y	W	H	M	C	P
0	0.00950	0.00765	0.00812	0.00789	0.01013	0.00700	0.00599	0.08172	0.01605	0.01979	0.05550	0.14741	0.54594	0.01602	0.00764	0.00224	0.00382	0.03556	0.00605	0.00602
1	0.01599	0.01535	0.02623	0.03966	0.73262	0.01535	0.01983	0.01983	0.01471	0.02111	0.01215	0.01599	0.01023	0.00576	0.00640	0.00192	0.00768	0.00576	0.00320	0.01023
2	0.01796	0.57602	0.10465	0.01275	0.01833	0.14389	0.01262	0.02053	0.01404	0.01585	0.00942	0.01092	0.00829	0.00578	0.00463	0.00150	0.00797	0.00371	0.00285	0.00829
3	0.52225	0.01165	0.01104	0.00931	0.01348	0.01243	0.00765	0.02273	0.01352	0.25299	0.01491	0.01492	0.01040	0.00672	0.00482	0.00197	0.00504	0.00459	0.05140	0.00821
4	0.00787	0.00562	0.00750	0.00900	0.00937	0.00525	0.00600	0.00900	0.01237	0.01649	0.03561	0.76871	0.04274	0.02024	0.00825	0.00262	0.00375	0.01837	0.00600	0.00525
5	0.01265	0.01194	0.01693	0.01496	0.01532	0.01623	0.01230	0.01433	0.01004	0.01538	0.01116	0.01755	0.01081	0.02260	0.24180	0.00512	0.53513	0.00604	0.00302	0.00667
6	0.01518	0.01722	0.03698	0.02659	0.03272	0.01656	0.66574	0.02038	0.01492	0.02038	0.01279	0.01722	0.00972	0.00581	0.00847	0.00222	0.05775	0.00750	0.00324	0.00861
7	0.00925	0.00685	0.01004	0.01004	0.01108	0.00789	0.00765	0.01132	0.01028	0.01474	0.01762	0.02713	0.01691	0.12314	0.67367	0.00996	0.01617	0.00718	0.00351	0.00558
8	0.01565	0.01500	0.02560	0.10486	0.67011	0.01526	0.01966	0.01953	0.01455	0.02069	0.01209	0.01610	0.01009	0.00582	0.00640	0.00194	0.00776	0.00576	0.00317	0.00996
9	0.01599	0.01535	0.02623	0.03966	0.73262	0.01535	0.01983	0.01983	0.01471	0.02111	0.01215	0.01599	0.01023	0.00576	0.00640	0.00192	0.00768	0.00576	0.00320	0.01023
10	0.01218	0.01209	0.01170	0.01185	0.01276	0.15703	0.00864	0.01346	0.01316	0.01620	0.02599	0.49209	0.03017	0.01604	0.00989	0.00246	0.12994	0.01342	0.00494	0.00600
11	0.00895	0.00676	0.00837	0.00844	0.01016	0.00618	0.00665	0.01154	0.01646	0.02189	0.37573	0.05781	0.26324	0.01517	0.00790	0.00228	0.00373	0.15634	0.00652	0.00587
12	0.01520	0.01728	0.03727	0.02676	0.03299	0.01650	0.67681	0.02046	0.01500	0.02046	0.01286	0.01728	0.00974	0.00572	0.00826	0.00221	0.04581	0.00753	0.00325	0.00864
13	0.48383	0.01383	0.01231	0.01063	0.01413	0.05304	0.00866	0.12415	0.01479	0.02780	0.04351	0.01675	0.05880	0.00785	0.00666	0.00207	0.08409	0.00513	0.00448	0.00750
14	0.02178	0.01847	0.01771	0.01456	0.01899	0.11751	0.01165	0.40118	0.24998	0.03295	0.01822	0.01774	0.01342	0.00793	0.00641	0.00198	0.00709	0.00607	0.00607	0.01027
15	0.01707	0.01442	0.01587	0.01356	0.05422	0.08730	0.03298	0.02377	0.19169	0.10005	0.01665	0.01710	0.01273	0.00640	0.00571	0.00154	0.00601	0.00525	0.00487	0.37281
16	0.01368	0.15731	0.62185	0.01719	0.02607	0.01677	0.02174	0.02028	0.01356	0.01959	0.01116	0.01310	0.00820	0.00604	0.00581	0.00194	0.00911	0.00455	0.00273	0.00934
17	0.81856	0.01250	0.00950	0.00850	0.01250	0.01449	0.00700	0.01899	0.01100	0.02899	0.00900	0.01050	0.00700	0.00600	0.00400	0.00200	0.00500	0.00350	0.00400	0.00700
18	0.00787	0.00562	0.00750	0.00900	0.00937	0.00525	0.00600	0.00900	0.01237	0.01649	0.03561	0.76871	0.04274	0.02024	0.00825	0.00262	0.00375	0.01837	0.00600	0.00525
19	0.01593	0.01278	0.01319	0.01274	0.05718	0.11924	0.00916	0.08506	0.04101	0.11533	0.22606	0.10830	0.11091	0.01146	0.00747	0.00207	0.02891	0.00955	0.00597	0.00767
20	0.02282	0.01691	0.01807	0.01401	0.01887	0.01853	0.01152	0.63873	0.02877	0.03832	0.02066	0.02032	0.08511	0.00864	0.00658	0.00196	0.00671	0.00662	0.00642	0.01042
21	0.00891	0.00660	0.00831	0.00788	0.00951	0.00600	0.00591	0.01174	0.01774	0.02460	0.62626	0.05042	0.16474	0.01370	0.00762	0.00206	0.00308	0.01199	0.00694	0.00600
22	0.77133	0.01283	0.01009	0.00888	0.01294	0.01482	0.00731	0.06017	0.01215	0.02969	0.00938	0.01079	0.00723	0.00610	0.00415	0.00200	0.00512	0.00364	0.00415	0.00723
23	0.02384	0.01139	0.01434	0.01136	0.01569	0.01074	0.00925	0.14011	0.04250	0.45808	0.12864	0.02691	0.05899	0.00918	0.00672	0.00201	0.00528	0.00754	0.00747	0.00997
24	0.00882	0.00659	0.00819	0.00779	0.00945	0.00596	0.00584	0.01157	0.01753	0.02410	0.58677	0.05125	0.20454	0.01389	0.00762	0.00206	0.00310	0.01210	0.00687	0.00596
25	0.02613	0.01376	0.01651	0.01281	0.01767	0.01377	0.01052	0.31894	0.02325	0.40793	0.02173	0.05399	0.01511	0.00846	0.00656	0.00200	0.00610	0.00676	0.00725	0.01073
26	0.01220	0.01148	0.01938	0.75739	0.04450	0.01436	0.01794	0.01651	0.01292	0.01651	0.01148	0.01723	0.00861	0.00646	0.00646	0.00215	0.00861	0.00574	0.00287	0.00718
27	0.01576	0.01512	0.02581	0.08312	0.69095	0.01529	0.01972	0.01963	0.01460	0.02083	0.01211	0.01607	0.01014	0.00580	0.00640	0.00193	0.00773	0.00576	0.00318	0.01005
28	0.00936	0.00641	0.00779	0.00779	0.00805	0.00667	0.00484	0.00987	0.00962	0.01308	0.01968	0.03852	0.02186	0.61171	0.19187	0.00718	0.00872	0.00885	0.00381	0.00433
29	0.00776	0.00655	0.00672	0.00668	0.00881	0.00551	0.00501	0.00952	0.01503	0.01816	0.12114	0.06102	0.67386	0.01610	0.00764	0.00217	0.00325	0.01347	0.00609	0.00551
30	0.01740	0.67133	0.03132	0.01147	0.01673	0.05054	0.01102	0.02112	0.08628	0.01644	0.01080	0.01183	0.00947	0.00590	0.00446	0.00148	0.00690	0.00388	0.00318	0.00846
31	0.00862	0.00610	0.00799	0.00902	0.00987	0.00581	0.00652	0.01038	0.01347	0.01832	0.11367	0.48136	0.08228	0.01952	0.04241	0.00287	0.00451	0.10111	0.05064	0.00551
32	0.00835	0.00657	0.00754	0.00730	0.00917	0.00576	0.00547	0.01066	0.01641	0.02146	0.37985	0.05559	0.41310	0.01487	0.00763	0.00211	0.00317	0.01271	0.00653	0.00576
33	0.01296	0.03342	0.73944	0.01842	0.02797	0.01501	0.02387	0.02046	0.01364	0.02046	0.01160	0.01364	0.00818	0.00614	0.00614	0.00205	0.00955	0.00477	0.00273	0.00955
34	0.01817	0.01367	0.03356	0.01952	0.20681	0.01379	0.01260	0.07836	0.25533	0.15703	0.07992	0.02386	0.04160	0.00829	0.00661	0.00205	0.00589	0.00713	0.00587	0.00992
35	0.01650	0.01632	0.02573	0.03822	0.68811	0.06105	0.01937	0.02020	0.01494	0.02078	0.01202	0.01572	0.01012	0.00581	0.00636	0.00190	0.00792	0.00566	0.00321	0.01006
36	0.00930	0.00703	0.00889	0.00985	0.01153	0.00663	0.00824	0.01171	0.01471	0.01853	0.04546	0.10144	0.28547	0.01743	0.00843	0.00267	0.00489	0.41608	0.00597	0.00574
37	0.02478	0.01309	0.01526	0.01216	0.01663	0.04996	0.00986	0.15032	0.08185	0.44046	0.09552	0.02319	0.01967	0.00849	0.00658	0.00199	0.00582	0.00686	0.00727	0.01024
38	0.03896	0.03663	0.11609	0.01607	0.06405	0.06987	0.03057	0.28427	0.12910	0.05184	0.05758	0.01913	0.01499	0.03313	0.00725	0.00212	0.00722	0.00619	0.00532	0.00964
39	0.01277	0.02880	0.58310	0.01830	0.02669	0.01421	0.10043	0.01952	0.01418	0.02074	0.06175	0.01819	0.03868	0.00691	0.00646	0.00207	0.00904	0.00589	0.00320	0.00907
40	0.01496	0.01798	0.07943	0.02528	0.03111	0.01673	0.57157	0.01998	0.01442	0.01998	0.01235	0.01674	0.00952	0.00629	0.00938	0.00226	0.11312	0.00718	0.00317	0.00854
41	0.02314	0.01366	0.08917	0.01243	0.01728	0.01129	0.01093	0.05957	0.13726	0.44979	0.02461	0.08490	0.01788	0.00897	0.00662	0.00209	0.00577	0.00744	0.00697	0.01023
42	0.01544	0.01508	0.02661	0.12834	0.57370	0.01533	0.09126	0.01950	0.01454	0.02049	0.01217	0.01630	0.00999	0.00581	0.00653	0.00198	0.00813	0.00595	0.00316	0.00969
43	0.02207	0.01651	0.20685	0.01314	0.01882	0.01077	0.01299	0.02634	0.04263	0.44591	0.02287	0.09682	0.01681	0.00879	0.00659	0.00208	0.00638	0.00729	0.00634	0.00999
44	0.01887	0.38177	0.17489	0.01409	0.01999	0.16119	0.03032	0.02211	0.01484	0.09095	0.01152	0.01266	0.00911	0.00613	0.00521	0.00166	0.00832	0.00428	0.00342	0.00869
45	0.01787	0.02375	0.38417	0.06408	0.04861	0.01440	0.07367	0.09380	0.01654	0.17809	0.01515	0.01625	0.01039	0.00666	0.00640	0.00204	0.00841	0.00558	0.00433	0.00982
46	0.03927	0.01504	0.13180	0.07347	0.18414	0.01237	0.03152	0.05512	0.06836	0.09501	0.02047	0.20623	0.01921	0.01008	0.00681	0.00217	0.00661	0.00895	0.00475	0.00863

[dist]
# distance from previous block
# <min> <max>
1	6

[block]
# block no. 2 follows, 34 sequences, length 24
# corresponding to MSA columns:
# 121-144
name=unknown_C
#
# <colnr> <probs for GDERKNQSTAVLIFYWHMCP>
#	G	D	E	R	K	N	Q	S	T	A	V	L	I	F	Y	W	H	M	C	P
0	0.01458	0.18989	0.47715	0.01640	0.02428	0.01738	0.03982	0.05478	0.04943	0.02081	0.03051	0.01455	0.01033	0.00638	0.00583	0.00191	0.00852	0.00493	0.00324	0.00927
1	0.01577	0.07569	0.32687	0.01373	0.01995	0.01286	0.01504	0.02179	0.07905	0.16244	0.09844	0.02463	0.08918	0.00849	0.00642	0.00201	0.00682	0.00689	0.00492	0.00902
2	0.01825	0.53791	0.12146	0.01276	0.01855	0.09420	0.01284	0.05590	0.01480	0.04681	0.01043	0.01165	0.00873	0.00593	0.00478	0.00155	0.00767	0.00394	0.00322	0.00862
3	0.01504	0.45464	0.26529	0.01321	0.01968	0.02015	0.01482	0.01901	0.01381	0.01800	0.08066	0.01518	0.01344	0.00649	0.00515	0.00167	0.00741	0.00470	0.00318	0.00849
4	0.01727	0.77681	0.03386	0.01106	0.01658	0.02557	0.01106	0.01935	0.01313	0.01520	0.00898	0.01036	0.00829	0.00553	0.00415	0.00138	0.00691	0.00345	0.00276	0.00829
5	0.00787	0.00562	0.00750	0.00900	0.00937	0.00525	0.00600	0.00900	0.01237	0.01649	0.03561	0.76871	0.04274	0.02024	0.00825	0.00262	0.00375	0.01837	0.00600	0.00525
6	0.01370	0.16126	0.61810	0.01715	0.02601	0.01682	0.02167	0.02027	0.01355	0.01956	0.01115	0.01308	0.00820	0.00603	0.00580	0.00193	0.00910	0.00455	0.00273	0.00933
7	0.67253	0.01239	0.01024	0.00899	0.01285	0.01413	0.00735	0.07625	0.01334	0.02967	0.08035	0.01463	0.01264	0.00685	0.00456	0.00200	0.00498	0.00450	0.00451	0.00724
8	0.67446	0.01337	0.01082	0.00940	0.01352	0.04594	0.00769	0.04848	0.01283	0.09851	0.01092	0.01188	0.00810	0.00629	0.00442	0.00198	0.00542	0.00392	0.00446	0.00757
9	0.00900	0.00660	0.00843	0.00797	0.00956	0.00603	0.00598	0.01191	0.01794	0.02508	0.66401	0.04963	0.12669	0.01352	0.00762	0.00205	0.00307	0.01188	0.00700	0.00603
10	0.01607	0.01388	0.01461	0.01315	0.01680	0.01607	0.01023	0.03433	0.72094	0.02703	0.02630	0.02411	0.01972	0.00877	0.00657	0.00219	0.00511	0.00731	0.00657	0.01023
11	0.01340	0.01148	0.01340	0.00957	0.01531	0.00861	0.00766	0.01627	0.01340	0.02105	0.01148	0.01340	0.00957	0.00479	0.00479	0.00096	0.00479	0.00383	0.00383	0.81242
12	0.01316	0.06810	0.70653	0.01807	0.02743	0.01550	0.02328	0.02041	0.01362	0.02022	0.01147	0.01349	0.00819	0.00611	0.00605	0.00202	0.00943	0.00471	0.00273	0.00949
13	0.02414	0.03079	0.01831	0.01665	0.01998	0.74698	0.01248	0.02580	0.01831	0.01581	0.00999	0.01165	0.00832	0.00666	0.00583	0.00166	0.01165	0.00416	0.00333	0.00749
14	0.00787	0.00562	0.00750	0.00900	0.00937	0.00525	0.00600	0.00900	0.01237	0.01649	0.03561	0.76871	0.04274	0.02024	0.00825	0.00262	0.00375	0.01837	0.00600	0.00525
15	0.00787	0.00562	0.00750	0.00900	0.00937	0.00525	0.00600	0.00900	0.01237	0.01649	0.03561	0.76871	0.04274	0.02024	0.00825	0.00262	0.00375	0.01837	0.00600	0.00525
16	0.01141	0.01036	0.01014	0.01018	0.03424	0.08046	0.00731	0.04971	0.08184	0.02050	0.13784	0.14513	0.34839	0.01403	0.00734	0.00215	0.00464	0.01185	0.00588	0.00659
17	0.02456	0.01810	0.01939	0.01487	0.02004	0.02004	0.01228	0.71107	0.03038	0.04072	0.01551	0.01551	0.01099	0.00776	0.00646	0.00194	0.00711	0.00582	0.00646	0.01099
18	0.01585	0.00809	0.01078	0.00927	0.01196	0.00724	0.00724	0.01871	0.01836	0.26607	0.49156	0.03939	0.04578	0.01145	0.00724	0.00202	0.00388	0.00993	0.00741	0.00775
19	0.01154	0.00753	0.01070	0.01027	0.01178	0.00831	0.00789	0.03314	0.01170	0.08473	0.01884	0.04753	0.01742	0.10893	0.56873	0.00874	0.01449	0.00740	0.00410	0.00623
20	0.01295	0.02796	0.55992	0.01766	0.02566	0.01406	0.07471	0.04729	0.01436	0.02083	0.01593	0.08978	0.03462	0.00786	0.00652	0.00211	0.00879	0.00666	0.00335	0.00899
21	0.03755	0.02061	0.21537	0.02340	0.15791	0.03208	0.22531	0.04989	0.04386	0.05846	0.01349	0.01599	0.01010	0.00605	0.00653	0.00198	0.00873	0.00593	0.00368	0.06310
22	0.01654	0.65001	0.15421	0.01231	0.01853	0.02377	0.01324	0.01954	0.01322	0.01610	0.00943	0.01092	0.00827	0.00563	0.00449	0.00150	0.00736	0.00368	0.00276	0.00851
23	0.01611	0.01733	0.03535	0.02549	0.03156	0.01688	0.60519	0.08831	0.01646	0.02240	0.01308	0.01707	0.00985	0.00597	0.00820	0.00219	0.04878	0.00735	0.00356	0.00885

[dist]
# distance from previous block
# <min> <max>
0	1

[block]
# block no. 3 follows, 34 sequences, length 78
# corresponding to MSA columns:
# 146-223
name=unknown_D
#
# <colnr> <probs for GDERKNQSTAVLIFYWHMCP>
#	G	D	E	R	K	N	Q	S	T	A	V	L	I	F	Y	W	H	M	C	P
0	0.02336	0.01793	0.01869	0.01468	0.01958	0.04358	0.01200	0.59354	0.12674	0.03798	0.01684	0.01659	0.01212	0.00786	0.00646	0.00197	0.00698	0.00597	0.00638	0.01077
1	0.00907	0.00660	0.00853	0.00805	0.00960	0.00606	0.00603	0.01204	0.01810	0.02547	0.69437	0.04900	0.09608	0.01337	0.00762	0.00204	0.00306	0.01179	0.00705	0.00606
2	0.44119	0.01214	0.01224	0.01011	0.01453	0.01276	0.00831	0.04610	0.04935	0.31042	0.01660	0.01588	0.01132	0.00698	0.00519	0.00201	0.00527	0.00495	0.00579	0.00887
3	0.81856	0.01250	0.00950	0.00850	0.01250	0.01449	0.00700	0.01899	0.01100	0.02899	0.00900	0.01050	0.00700	0.00600	0.00400	0.00200	0.00500	0.00350	0.00400	0.00700
4	0.00940	0.00626	0.00705	0.00705	0.00705	0.00626	0.00392	0.00940	0.00940	0.01253	0.02036	0.04228	0.02349	0.77292	0.03289	0.00626	0.00626	0.00940	0.00392	0.00392
5	0.02414	0.03079	0.01831	0.01665	0.01998	0.74698	0.01248	0.02580	0.01831	0.01581	0.00999	0.01165	0.00832	0.00666	0.00583	0.00166	0.01165	0.00416	0.00333	0.00749
6	0.01802	0.69535	0.03216	0.01167	0.01695	0.10434	0.01121	0.02005	0.01369	0.01527	0.00909	0.01051	0.00830	0.00565	0.00433	0.00141	0.00743	0.00353	0.00283	0.00820
7	0.01364	0.15101	0.62784	0.01725	0.02617	0.01668	0.02185	0.02029	0.01356	0.01963	0.01118	0.01312	0.00820	0.00604	0.00582	0.00194	0.00913	0.00457	0.00273	0.00935
8	0.02538	0.09666	0.07493	0.01209	0.01739	0.01220	0.01086	0.05481	0.03872	0.53556	0.03994	0.02053	0.01558	0.00772	0.00624	0.00194	0.00596	0.00616	0.00688	0.01044
9	0.00867	0.00668	0.00778	0.00778	0.00933	0.00612	0.00563	0.01123	0.04234	0.02026	0.28943	0.16547	0.30347	0.07497	0.00967	0.00252	0.00357	0.01312	0.00625	0.00571
10	0.01746	0.01468	0.01505	0.01323	0.01703	0.04361	0.01036	0.10710	0.57690	0.04978	0.02561	0.02373	0.03872	0.00877	0.00656	0.00214	0.00554	0.00718	0.00647	0.01009
11	0.02424	0.01692	0.01846	0.01434	0.01934	0.01851	0.01178	0.57259	0.09467	0.11546	0.01763	0.01704	0.01236	0.00788	0.00648	0.00197	0.00674	0.00603	0.00664	0.01092
12	0.01122	0.00561	0.00842	0.00842	0.00842	0.00561	0.00561	0.00842	0.00842	0.01122	0.01122	0.01964	0.01122	0.02245	0.02525	0.81201	0.00561	0.00561	0.00281	0.00281
13	0.00911	0.00664	0.00879	0.01007	0.01098	0.00651	0.00755	0.01176	0.05105	0.01819	0.05518	0.49855	0.04038	0.01870	0.00834	0.00269	0.00446	0.21925	0.00605	0.00575
14	0.01324	0.01255	0.02126	0.56039	0.23338	0.01463	0.01846	0.01742	0.01341	0.01777	0.01167	0.01689	0.00906	0.00627	0.00644	0.00209	0.00836	0.00575	0.00296	0.00802
15	0.00940	0.00626	0.00705	0.00705	0.00705	0.00626	0.00392	0.00940	0.00940	0.01253	0.02036	0.04228	0.02349	0.77292	0.03289	0.00626	0.00626	0.00940	0.00392	0.00392
16	0.01698	0.01433	0.01512	0.01333	0.01715	0.01650	0.01045	0.10716	0.64663	0.02850	0.02514	0.02318	0.01878	0.00866	0.00656	0.00216	0.00533	0.00715	0.00656	0.01031
17	0.01122	0.00561	0.00842	0.00842	0.00842	0.00561	0.00561	0.00842	0.00842	0.01122	0.01122	0.01964	0.01122	0.02245	0.02525	0.81201	0.00561	0.00561	0.00281	0.00281
18	0.01312	0.06179	0.71252	0.01814	0.02753	0.01541	0.02338	0.02042	0.01362	0.02026	0.01150	0.01352	0.00819	0.00612	0.00606	0.00202	0.00945	0.00472	0.00273	0.00950
19	0.02501	0.01737	0.01894	0.01452	0.01968	0.01896	0.01200	0.64158	0.02916	0.11193	0.01653	0.01618	0.01150	0.00778	0.00647	0.00195	0.00695	0.00589	0.00662	0.01099
20	0.00976	0.00777	0.01067	0.01061	0.01184	0.03432	0.00823	0.01204	0.01067	0.01503	0.01705	0.02490	0.01588	0.04698	0.72099	0.01007	0.01711	0.00682	0.00346	0.00583
21	0.01220	0.01148	0.01938	0.75739	0.04450	0.01436	0.01794	0.01651	0.01292	0.01651	0.01148	0.01723	0.00861	0.00646	0.00646	0.00215	0.00861	0.00574	0.00287	0.00718
22	0.02437	0.01382	0.01576	0.01274	0.01732	0.04338	0.01030	0.14656	0.22012	0.38840	0.02340	0.02108	0.01590	0.00812	0.00649	0.00203	0.00591	0.00652	0.00714	0.01063
23	0.01065	0.00757	0.00953	0.00880	0.01069	0.00731	0.00668	0.01534	0.09502	0.05290	0.62586	0.04463	0.05476	0.01253	0.00746	0.00205	0.00337	0.01101	0.00709	0.00673
24	0.00787	0.00562	0.00750	0.00900	0.00937	0.00525	0.00600	0.00900	0.01237	0.01649	0.03561	0.76871	0.04274	0.02024	0.00825	0.00262	0.00375	0.01837	0.00600	0.00525
25	0.01727	0.77681	0.03386	0.01106	0.01658	0.02557	0.01106	0.01935	0.01313	0.01520	0.00898	0.01036	0.00829	0.00553	0.00415	0.00138	0.00691	0.00345	0.00276	0.00829
26	0.00804	0.00569	0.00745	0.00878	0.00912	0.00536	0.00577	0.00904	0.01205	0.01606	0.03395	0.68938	0.04063	0.10243	0.01094	0.00302	0.00402	0.01739	0.00577	0.00510
27	0.00816	0.00584	0.00775	0.00880	0.00944	0.00544	0.00602	0.00972	0.01371	0.01862	0.19216	0.60610	0.04685	0.01866	0.00811	0.00249	0.00359	0.01686	0.00625	0.00544
28	0.01220	0.01148	0.01938	0.75739	0.04450	0.01436	0.01794	0.01651	0.01292	0.01651	0.01148	0.01723	0.00861	0.00646	0.00646	0.00215	0.00861	0.00574	0.00287	0.00718
29	0.02414	0.03079	0.01831	0.01665	0.01998	0.74698	0.01248	0.02580	0.01831	0.01581	0.00999	0.01165	0.00832	0.00666	0.00583	0.00166	0.01165	0.00416	0.00333	0.00749
30	0.02414	0.03079	0.01831	0.01665	0.01998	0.74698	0.01248	0.02580	0.01831	0.01581	0.00999	0.01165	0.00832	0.00666	0.00583	0.00166	0.01165	0.00416	0.00333	0.00749
31	0.02512	0.01720	0.01884	0.01444	0.01959	0.01871	0.01193	0.62537	0.02888	0.12854	0.01677	0.01633	0.01162	0.00779	0.00647	0.00195	0.00691	0.00590	0.00666	0.01099
32	0.01410	0.01529	0.03066	0.02291	0.02738	0.01562	0.48369	0.01821	0.01383	0.01915	0.01501	0.11152	0.01370	0.00847	0.01038	0.00236	0.15764	0.00859	0.00353	0.00795
33	0.00787	0.00562	0.00750	0.00900	0.00937	0.00525	0.00600	0.00900	0.01237	0.01649	0.03561	0.76871	0.04274	0.02024	0.00825	0.00262	0.00375	0.01837	0.00600	0.00525
34	0.01296	0.03342	0.73944	0.01842	0.02797	0.01501	0.02387	0.02046	0.01364	0.02046	0.01160	0.01364	0.00818	0.00614	0.00614	0.00205	0.00955	0.00477	0.00273	0.00955
35	0.00766	0.00644	0.00665	0.00683	0.00880	0.00543	0.00503	0.00924	0.01446	0.01735	0.06205	0.14286	0.65152	0.01681	0.00771	0.00223	0.00333	0.01418	0.00600	0.00543
36	0.01607	0.01388	0.01461	0.01315	0.01680	0.01607	0.01023	0.03433	0.72094	0.02703	0.02630	0.02411	0.01972	0.00877	0.00657	0.00219	0.00511	0.00731	0.00657	0.01023
37	0.00923	0.00692	0.01038	0.01038	0.01154	0.00808	0.00808	0.01154	0.01038	0.01500	0.01731	0.02538	0.01615	0.04846	0.74732	0.01038	0.01731	0.00692	0.00346	0.00577
38	0.02537	0.01680	0.01859	0.01425	0.01939	0.01810	0.01177	0.58647	0.02820	0.16840	0.01734	0.01670	0.01191	0.00780	0.00647	0.00195	0.00681	0.00594	0.00674	0.01099
39	0.81856	0.01250	0.00950	0.00850	0.01250	0.01449	0.00700	0.01899	0.01100	0.02899	0.00900	0.01050	0.00700	0.00600	0.00400	0.00200	0.00500	0.00350	0.00400	0.00700
40	0.01057	0.00692	0.00909	0.00837	0.01015	0.00634	0.00634	0.01358	0.01830	0.07710	0.67855	0.04637	0.05773	0.01283	0.00754	0.00203	0.00322	0.01131	0.00718	0.00645
41	0.00914	0.00660	0.00864	0.00813	0.00965	0.00610	0.00610	0.01219	0.01829	0.02591	0.72921	0.04827	0.06097	0.01321	0.00762	0.00203	0.00305	0.01169	0.00711	0.00610
42	0.02289	0.02583	0.01938	0.01908	0.10974	0.49061	0.01329	0.15479	0.04591	0.02160	0.01190	0.01339	0.00949	0.00683	0.00605	0.00177	0.01005	0.00479	0.00402	0.00860
43	0.01268	0.01197	0.02024	0.66688	0.13128	0.01448	0.01818	0.01693	0.01315	0.01709	0.01157	0.01707	0.00882	0.00637	0.00645	0.00212	0.00850	0.00574	0.00291	0.00756
44	0.01876	0.01440	0.01552	0.01332	0.01737	0.01623	0.01054	0.15842	0.53278	0.09150	0.02425	0.02234	0.01779	0.00851	0.00655	0.00213	0.00551	0.00696	0.00668	0.01043
45	0.01041	0.00744	0.01041	0.01190	0.01339	0.00744	0.01041	0.01339	0.01487	0.01934	0.03421	0.07288	0.03719	0.01785	0.00892	0.00297	0.00595	0.68913	0.00595	0.00595
46	0.01603	0.01820	0.02971	0.02257	0.02722	0.13760	0.43721	0.02003	0.01496	0.01900	0.01409	0.04697	0.01226	0.00768	0.00914	0.00224	0.10506	0.04854	0.00349	0.00801
47	0.00940	0.00626	0.00705	0.00705	0.00705	0.00626	0.00392	0.00940	0.00940	0.01253	0.02036	0.04228	0.02349	0.77292	0.03289	0.00626	0.00626	0.00940	0.00392	0.00392
48	0.01204	0.00602	0.00602	0.00602	0.00753	0.00602	0.00452	0.01506	0.01355	0.02409	0.02108	0.02409	0.01656	0.00753	0.00452	0.00151	0.00301	0.00602	0.80879	0.00602
49	0.00802	0.00576	0.00781	0.00915	0.00961	0.00556	0.00622	0.00927	0.01215	0.01633	0.03361	0.68754	0.03983	0.02332	0.08895	0.00347	0.00523	0.01712	0.00572	0.00531
50	0.01643	0.01629	0.02543	0.06354	0.65842	0.06640	0.01925	0.02013	0.01490	0.02058	0.01198	0.01573	0.01004	0.00584	0.00636	0.00191	0.00799	0.00565	0.00320	0.00993
51	0.01109	0.00978	0.01270	0.01205	0.01311	0.05520	0.00953	0.01319	0.01077	0.01516	0.01514	0.02235	0.01418	0.03866	0.56042	0.00838	0.16233	0.00651	0.00333	0.00613
52	0.02175	0.02694	0.02275	0.02063	0.08366	0.54566	0.14529	0.02432	0.01742	0.01719	0.01076	0.01312	0.00877	0.00635	0.00622	0.00178	0.01117	0.00496	0.00331	0.00796
53	0.01220	0.01148	0.01938	0.75739	0.04450	0.01436	0.01794	0.01651	0.01292	0.01651	0.01148	0.01723	0.00861	0.00646	0.00646	0.00215	0.00861	0.00574	0.00287	0.00718
54	0.01599	0.01535	0.02623	0.03966	0.73262	0.01535	0.01983	0.01983	0.01471	0.02111	0.01215	0.01599	0.01023	0.00576	0.00640	0.00192	0.00768	0.00576	0.00320	0.01023
55	0.02414	0.03079	0.01831	0.01665	0.01998	0.74698	0.01248	0.02580	0.01831	0.01581	0.00999	0.01165	0.00832	0.00666	0.00583	0.00166	0.01165	0.00416	0.00333	0.00749
56	0.01296	0.03342	0.73944	0.01842	0.02797	0.01501	0.02387	0.02046	0.01364	0.02046	0.01160	0.01364	0.00818	0.00614	0.00614	0.00205	0.00955	0.00477	0.00273	0.00955
57	0.00940	0.00626	0.00705	0.00705	0.00705	0.00626	0.00392	0.00940	0.00940	0.01253	0.02036	0.04228	0.02349	0.77292	0.03289	0.00626	0.00626	0.00940	0.00392	0.00392
58	0.01585	0.01520	0.02597	0.06705	0.70636	0.01531	0.01976	0.01970	0.01464	0.02093	0.01213	0.01604	0.01017	0.00578	0.00640	0.00193	0.00771	0.00576	0.00319	0.01012
59	0.01239	0.01167	0.01972	0.72224	0.07821	0.01440	0.01804	0.01667	0.01301	0.01673	0.01152	0.01717	0.00869	0.00643	0.00646	0.00214	0.00857	0.00574	0.00289	0.00733
60	0.00787	0.00562	0.00750	0.00900	0.00937	0.00525	0.00600	0.00900	0.01237	0.01649	0.03561	0.76871	0.04274	0.02024	0.00825	0.00262	0.00375	0.01837	0.00600	0.00525
61	0.02836	0.01114	0.01498	0.01158	0.01651	0.00982	0.00953	0.03163	0.05290	0.70231	0.02553	0.02210	0.01618	0.00803	0.00650	0.00201	0.00548	0.00654	0.00793	0.01096
62	0.01435	0.27366	0.51143	0.01604	0.02429	0.01842	0.01973	0.02010	0.01348	0.01876	0.01075	0.01258	0.00822	0.00594	0.00549	0.00183	0.00870	0.00435	0.00274	0.00914
63	0.01023	0.00736	0.01016	0.01150	0.01302	0.00729	0.00998	0.01314	0.01499	0.01949	0.06123	0.07146	0.07199	0.01761	0.00881	0.00290	0.00571	0.63120	0.00599	0.00593
64	0.00787	0.00562	0.00750	0.00900	0.00937	0.00525	0.00600	0.00900	0.01237	0.01649	0.03561	0.76871	0.04274	0.02024	0.00825	0.00262	0.00375	0.01837	0.00600	0.00525
65	0.01220	0.01148	0.01938	0.75739	0.04450	0.01436	0.01794	0.01651	0.01292	0.01651	0.01148	0.01723	0.00861	0.00646	0.00646	0.00215	0.00861	0.00574	0.00287	0.00718
66	0.01525	0.01743	0.03813	0.02723	0.03377	0.01634	0.70915	0.02070	0.01525	0.02070	0.01307	0.01743	0.00980	0.00545	0.00763	0.00218	0.01089	0.00763	0.00327	0.00871
67	0.01414	0.01414	0.01979	0.01696	0.01696	0.01979	0.01414	0.01555	0.00990	0.01555	0.00848	0.01414	0.00848	0.01131	0.02120	0.00283	0.76110	0.00565	0.00283	0.00707
68	0.00787	0.00562	0.00750	0.00900	0.00937	0.00525	0.00600	0.00900	0.01237	0.01649	0.03561	0.76871	0.04274	0.02024	0.00825	0.00262	0.00375	0.01837	0.00600	0.00525
69	0.01727	0.77681	0.03386	0.01106	0.01658	0.02557	0.01106	0.01935	0.01313	0.01520	0.00898	0.01036	0.00829	0.00553	0.00415	0.00138	0.00691	0.00345	0.00276	0.00829
70	0.02732	0.01227	0.01561	0.01212	0.01704	0.01157	0.00996	0.13184	0.07559	0.57855	0.02408	0.02120	0.01555	0.00802	0.00650	0.00201	0.00571	0.00646	0.00766	0.01093
71	0.02899	0.01100	0.01499	0.01150	0.01649	0.00950	0.00950	0.03149	0.01849	0.73709	0.02549	0.02199	0.01599	0.00800	0.00650	0.00200	0.00550	0.00650	0.00800	0.01100
72	0.02414	0.03079	0.01831	0.01665	0.01998	0.74698	0.01248	0.02580	0.01831	0.01581	0.00999	0.01165	0.00832	0.00666	0.00583	0.00166	0.01165	0.00416	0.00333	0.00749
73	0.00923	0.00692	0.01038	0.01038	0.01154	0.00808	0.00808	0.01154	0.01038	0.01500	0.01731	0.02538	0.01615	0.04846	0.74732	0.01038	0.01731	0.00692	0.00346	0.00577
74	0.01496	0.01687	0.03630	0.02615	0.03222	0.01613	0.65414	0.02013	0.01485	0.02027	0.01307	0.01763	0.01001	0.00743	0.03847	0.00254	0.03950	0.00752	0.00326	0.00853
75	0.01496	0.01668	0.03456	0.05560	0.03164	0.01679	0.57473	0.01974	0.01434	0.01974	0.01231	0.01692	0.00955	0.00638	0.00965	0.00228	0.12530	0.00725	0.00318	0.00840
76	0.02172	0.01856	0.02321	0.02001	0.10358	0.09399	0.13669	0.38755	0.02349	0.06006	0.01430	0.01573	0.01054	0.00713	0.00709	0.00198	0.03325	0.00598	0.00514	0.01001
77	0.01545	0.01489	0.02406	0.11482	0.57559	0.03511	0.01838	0.01918	0.01441	0.02027	0.01214	0.01615	0.01015	0.00713	0.02925	0.00215	0.00803	0.00564	0.00321	0.05399

[dist]
# distance from previous block
# <min> <max>
0	10

[block]
# block no. 4 follows, 34 sequences, length 153
# corresponding to MSA columns:
# 234-386
name=unknown_E
#
# <colnr> <probs for GDERKNQSTAVLIFYWHMCP>
#	G	D	E	R	K	N	Q	S	T	A	V	L	I	F	Y	W	H	M	C	P
0	0.56816	0.01519	0.01294	0.04075	0.07971	0.10979	0.00949	0.03751	0.01307	0.04870	0.01018	0.01188	0.00790	0.00619	0.00468	0.00195	0.00631	0.00402	0.00398	0.00758
1	0.04348	0.02011	0.01982	0.01644	0.02030	0.24079	0.10056	0.15927	0.18147	0.02423	0.01529	0.01659	0.01187	0.00880	0.02954	0.00227	0.06981	0.00584	0.00467	0.00886
2	0.01977	0.02373	0.01680	0.01535	0.01782	0.50316	0.01174	0.02154	0.01562	0.01561	0.01137	0.01488	0.01001	0.01613	0.16583	0.00366	0.10169	0.00493	0.00330	0.00707
3	0.01095	0.00944	0.01107	0.01016	0.01281	0.00955	0.04269	0.01834	0.24910	0.02126	0.09076	0.12318	0.33835	0.01350	0.00735	0.00222	0.00431	0.01161	0.00613	0.00722
4	0.00905	0.00660	0.00851	0.00803	0.00960	0.00606	0.00603	0.01202	0.01808	0.02541	0.68961	0.04910	0.10088	0.01340	0.00762	0.00204	0.00306	0.01180	0.00705	0.00606
5	0.01727	0.77681	0.03386	0.01106	0.01658	0.02557	0.01106	0.01935	0.01313	0.01520	0.00898	0.01036	0.00829	0.00553	0.00415	0.00138	0.00691	0.00345	0.00276	0.00829
6	0.00787	0.00562	0.00750	0.00900	0.00937	0.00525	0.00600	0.00900	0.01237	0.01649	0.03561	0.76871	0.04274	0.02024	0.00825	0.00262	0.00375	0.01837	0.00600	0.00525
7	0.08343	0.01780	0.01862	0.04404	0.02045	0.04126	0.01212	0.61102	0.02787	0.03813	0.01470	0.01509	0.01052	0.00754	0.00626	0.00194	0.00715	0.00559	0.00604	0.01043
8	0.01727	0.77681	0.03386	0.01106	0.01658	0.02557	0.01106	0.01935	0.01313	0.01520	0.00898	0.01036	0.00829	0.00553	0.00415	0.00138	0.00691	0.00345	0.00276	0.00829
9	0.02392	0.09910	0.01763	0.01220	0.01711	0.13528	0.01003	0.07044	0.01776	0.36858	0.01802	0.01708	0.01243	0.00693	0.00583	0.00169	0.00667	0.00527	0.00582	0.14821
10	0.01922	0.44691	0.12930	0.01292	0.01889	0.02148	0.01298	0.16157	0.01721	0.08696	0.01219	0.01294	0.00953	0.00629	0.00512	0.00165	0.00720	0.00440	0.00399	0.00927
11	0.01607	0.01388	0.01461	0.01315	0.01680	0.01607	0.01023	0.03433	0.72094	0.02703	0.02630	0.02411	0.01972	0.00877	0.00657	0.00219	0.00511	0.00731	0.00657	0.01023
12	0.00787	0.00562	0.00750	0.00900	0.00937	0.00525	0.00600	0.00900	0.01237	0.01649	0.03561	0.76871	0.04274	0.02024	0.00825	0.00262	0.00375	0.01837	0.00600	0.00525
13	0.01527	0.01736	0.03775	0.02762	0.05578	0.01631	0.68744	0.02067	0.01523	0.02071	0.01304	0.01738	0.00982	0.00546	0.00759	0.00217	0.01079	0.00757	0.00327	0.00876
14	0.01220	0.01148	0.01938	0.75739	0.04450	0.01436	0.01794	0.01651	0.01292	0.01651	0.01148	0.01723	0.00861	0.00646	0.00646	0.00215	0.00861	0.00574	0.00287	0.00718
15	0.00923	0.00692	0.01038	0.01038	0.01154	0.00808	0.00808	0.01154	0.01038	0.01500	0.01731	0.02538	0.01615	0.04846	0.74732	0.01038	0.01731	0.00692	0.00346	0.00577
16	0.00922	0.00663	0.00846	0.00947	0.01024	0.00645	0.00651	0.06584	0.01383	0.01846	0.03399	0.70772	0.04016	0.01923	0.00810	0.00257	0.00402	0.01735	0.00604	0.00571
17	0.01619	0.58960	0.21155	0.01291	0.01945	0.02291	0.01428	0.01963	0.01326	0.01653	0.00964	0.01119	0.00826	0.00568	0.00465	0.00155	0.00757	0.00379	0.00275	0.00861
18	0.01525	0.01743	0.03813	0.02723	0.03377	0.01634	0.70915	0.02070	0.01525	0.02070	0.01307	0.01743	0.00980	0.00545	0.00763	0.00218	0.01089	0.00763	0.00327	0.00871
19	0.01220	0.01148	0.01938	0.75739	0.04450	0.01436	0.01794	0.01651	0.01292	0.01651	0.01148	0.01723	0.00861	0.00646	0.00646	0.00215	0.00861	0.00574	0.00287	0.00718
20	0.00917	0.00630	0.00698	0.00698	0.00726	0.00616	0.00404	0.00938	0.01008	0.01316	0.02611	0.04482	0.11354	0.67650	0.02967	0.00574	0.00588	0.00994	0.00418	0.00411
