[name]
unknown

[dist]
# distance from previous block
# <min> <max>
10	31

[block]
# block no. 0 follows, 34 sequences, length 46
# corresponding to MSA columns:
# 32-77
name=unknown_A
#
# <colnr> <probs for GDERKNQSTAVLIFYWHMCP>
#	G	D	E	R	K	N	Q	S	T	A	V	L	I	F	Y	W	H	M	C	P
0	0.07111	0.05202	0.04583	0.01613	0.02029	0.48425	0.04130	0.15400	0.01967	0.02166	0.01112	0.01258	0.00880	0.00672	0.00587	0.00176	0.01013	0.00458	0.00392	0.00827
1	0.28702	0.13045	0.20132	0.01440	0.02017	0.12673	0.07296	0.04263	0.01405	0.02255	0.01036	0.01220	0.00805	0.00607	0.00522	0.00189	0.00799	0.00434	0.00342	0.00818
2	0.00870	0.00659	0.00802	0.00766	0.00938	0.00591	0.00575	0.01134	0.01725	0.02343	0.53474	0.05234	0.25698	0.01413	0.00763	0.00208	0.00311	0.01226	0.00679	0.00591
3	0.01479	0.01406	0.02357	0.26620	0.48476	0.01507	0.01883	0.01938	0.04336	0.01989	0.01253	0.01672	0.01011	0.00610	0.00642	0.00200	0.00787	0.00582	0.00323	0.00926
4	0.81856	0.01250	0.00950	0.00850	0.01250	0.01449	0.00700	0.01899	0.01100	0.02899	0.00900	0.01050	0.00700	0.00600	0.00400	0.00200	0.00500	0.00350	0.00400	0.00700
5	0.01340	0.01148	0.01340	0.00957	0.01531	0.00861	0.00766	0.01627	0.01340	0.02105	0.01148	0.01340	0.00957	0.00479	0.00479	0.00096	0.00479	0.00383	0.00383	0.81242
6	0.02423	0.02793	0.01855	0.01624	0.01999	0.58287	0.01244	0.18051	0.02104	0.02144	0.01123	0.01252	0.00892	0.00691	0.00597	0.00173	0.01063	0.00454	0.00404	0.00828
7	0.02456	0.01810	0.01939	0.01487	0.02004	0.02004	0.01228	0.71107	0.03038	0.04072	0.01551	0.01551	0.01099	0.00776	0.00646	0.00194	0.00711	0.00582	0.00646	0.01099
8	0.02899	0.01100	0.01499	0.01150	0.01649	0.00950	0.00950	0.03149	0.01849	0.73709	0.02549	0.02199	0.01599	0.00800	0.00650	0.00200	0.00550	0.00650	0.00800	0.01100
9	0.00787	0.00562	0.00750	0.00900	0.00937	0.00525	0.00600	0.00900	0.01237	0.01649	0.03561	0.76871	0.04274	0.02024	0.00825	0.00262	0.00375	0.01837	0.00600	0.00525
10	0.01607	0.01388	0.01461	0.01315	0.01680	0.01607	0.01023	0.03433	0.72094	0.02703	0.02630	0.02411	0.01972	0.00877	0.00657	0.00219	0.00511	0.00731	0.00657	0.01023
11	0.01525	0.01743	0.03813	0.02723	0.03377	0.01634	0.70915	0.02070	0.01525	0.02070	0.01307	0.01743	0.00980	0.00545	0.00763	0.00218	0.01089	0.00763	0.00327	0.00871
12	0.00940	0.00626	0.00705	0.00705	0.00705	0.00626	0.00392	0.00940	0.00940	0.01253	0.02036	0.04228	0.02349	0.77292	0.03289	0.00626	0.00626	0.00940	0.00392	0.00392
13	0.00787	0.00562	0.00750	0.00900	0.00937	0.00525	0.00600	0.00900	0.01237	0.01649	0.03561	0.76871	0.04274	0.02024	0.00825	0.00262	0.00375	0.01837	0.00600	0.00525
14	0.01431	0.01416	0.02565	0.33025	0.32138	0.01513	0.14770	0.01864	0.01408	0.01915	0.01205	0.01676	0.00949	0.00599	0.00665	0.00206	0.00866	0.00610	0.00308	0.00870
15	0.01404	0.20226	0.54779	0.01712	0.02562	0.01747	0.05098	0.02022	0.01360	0.01927	0.01106	0.01306	0.00828	0.00597	0.00575	0.00190	0.00901	0.00460	0.00276	0.00923
16	0.01397	0.02640	0.43137	0.02229	0.03051	0.01559	0.32490	0.02057	0.01435	0.02057	0.01224	0.01531	0.00890	0.00583	0.00679	0.00210	0.01014	0.00603	0.00297	0.00918
17	0.81856	0.01250	0.00950	0.00850	0.01250	0.01449	0.00700	0.01899	0.01100	0.02899	0.00900	0.01050	0.00700	0.00600	0.00400	0.00200	0.00500	0.00350	0.00400	0.00700
18	0.00764	0.00655	0.00655	0.00655	0.00873	0.00545	0.00491	0.00927	0.01473	0.01745	0.06546	0.06218	0.73000	0.01636	0.00764	0.00218	0.00327	0.01364	0.00600	0.00545
19	0.02425	0.04589	0.01973	0.01500	0.01991	0.12720	0.01227	0.58660	0.02801	0.03618	0.01448	0.01477	0.01050	0.00752	0.00629	0.00188	0.00777	0.00549	0.00588	0.01038
20	0.02899	0.01100	0.01499	0.01150	0.01649	0.00950	0.00950	0.03149	0.01849	0.73709	0.02549	0.02199	0.01599	0.00800	0.00650	0.00200	0.00550	0.00650	0.00800	0.01100
21	0.01340	0.03032	0.60346	0.02013	0.02909	0.01526	0.15675	0.02051	0.01395	0.02051	0.01188	0.01438	0.00850	0.00600	0.00643	0.00207	0.00981	0.00533	0.00283	0.00939
22	0.02188	0.01770	0.04311	0.01381	0.01796	0.16235	0.01127	0.17473	0.16770	0.19517	0.04411	0.04678	0.01619	0.00849	0.00686	0.00201	0.02773	0.00658	0.00598	0.00958
23	0.00764	0.00655	0.00655	0.00655	0.00873	0.00545	0.00491	0.00927	0.01473	0.01745	0.06546	0.06218	0.73000	0.01636	0.00764	0.00218	0.00327	0.01364	0.00600	0.00545
24	0.01411	0.01343	0.02283	0.39581	0.39116	0.01486	0.01889	0.01818	0.01382	0.01883	0.01182	0.01660	0.00943	0.00611	0.00643	0.00204	0.00814	0.00575	0.00304	0.00872
25	0.01674	0.08634	0.11023	0.02310	0.06601	0.07255	0.39574	0.08241	0.04268	0.02185	0.01298	0.01596	0.00988	0.00597	0.00681	0.00202	0.00973	0.00641	0.00357	0.00902
26	0.01357	0.01319	0.02086	0.56502	0.19675	0.04668	0.01813	0.01766	0.01356	0.01750	0.01157	0.01671	0.00896	0.00631	0.00642	0.00208	0.00854	0.00568	0.00296	0.00787
27	0.01122	0.00561	0.00842	0.00842	0.00842	0.00561	0.00561	0.00842	0.00842	0.01122	0.01122	0.01964	0.01122	0.02245	0.02525	0.81201	0.00561	0.00561	0.00281	0.00281
28	0.01027	0.01374	0.18446	0.01438	0.07621	0.00957	0.01208	0.01330	0.01261	0.01766	0.02548	0.38353	0.04988	0.01778	0.08123	0.00319	0.05120	0.01202	0.00454	0.00686
29	0.01597	0.11573	0.19281	0.06878	0.23338	0.01717	0.14996	0.09062	0.01587	0.02187	0.01211	0.01504	0.00942	0.00600	0.00630	0.00195	0.00862	0.00560	0.00336	0.00944
30	0.01734	0.01554	0.02249	0.20173	0.02831	0.04340	0.17018	0.17121	0.16051	0.04544	0.01592	0.01809	0.01183	0.00724	0.00737	0.00213	0.04109	0.00646	0.00464	0.00908
31	0.01515	0.01622	0.03038	0.15702	0.09304	0.04617	0.41246	0.03964	0.01488	0.01987	0.01252	0.01704	0.00973	0.00753	0.03212	0.00243	0.05538	0.00679	0.00327	0.00839
32	0.04904	0.01857	0.17088	0.02349	0.21280	0.01477	0.15015	0.08566	0.01609	0.04987	0.06194	0.01774	0.01327	0.00669	0.00696	0.00198	0.03249	0.00614	0.00393	0.05754
33	0.07135	0.06271	0.06829	0.02352	0.30131	0.07280	0.01477	0.07433	0.08231	0.04656	0.05355	0.01926	0.04315	0.00737	0.00664	0.00196	0.03059	0.00608	0.00424	0.00920
34	0.07090	0.02375	0.32121	0.06917	0.23301	0.06484	0.01933	0.08376	0.01558	0.02254	0.01183	0.01437	0.00900	0.00622	0.00610	0.00198	0.00855	0.00509	0.00335	0.00942
35	0.10976	0.04209	0.19078	0.06396	0.07284	0.01496	0.05613	0.09438	0.06318	0.14914	0.03417	0.01711	0.01218	0.00716	0.00685	0.00205	0.04363	0.00570	0.00464	0.00930
36	0.03586	0.13331	0.32594	0.02096	0.14440	0.01660	0.09644	0.04300	0.04068	0.06454	0.01292	0.01486	0.00969	0.00616	0.00606	0.00194	0.00840	0.00527	0.00348	0.00948
37	0.06048	0.18205	0.22438	0.04303	0.09882	0.01758	0.03382	0.13057	0.01655	0.06922	0.03480	0.01518	0.01103	0.00670	0.00623	0.00190	0.02929	0.00516	0.00395	0.00926
38	0.04237	0.06696	0.20213	0.01630	0.08400	0.03574	0.03766	0.13497	0.03553	0.10991	0.06550	0.02068	0.06105	0.00768	0.00624	0.00191	0.00707	0.00625	0.00476	0.05327
39	0.04318	0.08217	0.09233	0.03498	0.07927	0.01387	0.07258	0.09710	0.08963	0.05867	0.10549	0.04797	0.03759	0.03656	0.00732	0.00207	0.00644	0.00707	0.00483	0.08089
40	0.06216	0.19514	0.15079	0.01545	0.07268	0.05491	0.03062	0.06745	0.12291	0.04425	0.01456	0.03986	0.01181	0.00687	0.00563	0.00179	0.00706	0.00538	0.00410	0.08657
41	0.10206	0.04103	0.23470	0.03616	0.11040	0.09268	0.01562	0.12364	0.03704	0.06090	0.01415	0.01555	0.02671	0.00670	0.00590	0.00189	0.00783	0.00516	0.00407	0.05780
42	0.04222	0.12595	0.15404	0.01744	0.10876	0.04009	0.05660	0.13961	0.03621	0.06283	0.06903	0.04304	0.01506	0.00737	0.00610	0.00187	0.00722	0.00611	0.00443	0.05604
43	0.01655	0.08649	0.12593	0.02071	0.19974	0.06779	0.05440	0.10558	0.01703	0.06350	0.08997	0.08919	0.01837	0.00836	0.00650	0.00197	0.00731	0.00725	0.00446	0.00891
44	0.07663	0.19074	0.27273	0.01466	0.03926	0.01740	0.01511	0.09882	0.11069	0.02300	0.01561	0.01648	0.04172	0.00692	0.00565	0.00187	0.00726	0.00522	0.00396	0.03626
45	0.01711	0.10467	0.19302	0.01697	0.07280	0.11727	0.03878	0.08924	0.12263	0.04279	0.03580	0.04093	0.01338	0.00752	0.00669	0.00194	0.03587	0.00590	0.00423	0.03248

[dist]
# distance from previous block
# <min> <max>
30	84

[block]
# block no. 1 follows, 34 sequences, length 14
# corresponding to MSA columns:
# 181-194
name=unknown_B
#
# <colnr> <probs for GDERKNQSTAVLIFYWHMCP>
#	G	D	E	R	K	N	Q	S	T	A	V	L	I	F	Y	W	H	M	C	P
0	0.21249	0.01386	0.01610	0.17268	0.12889	0.06644	0.01235	0.07790	0.06580	0.07600	0.01660	0.06268	0.03665	0.00781	0.00596	0.00205	0.00673	0.00629	0.00447	0.00826
1	0.01602	0.05646	0.01641	0.12733	0.04409	0.01241	0.04325	0.15115	0.01732	0.11318	0.04302	0.11167	0.11024	0.05651	0.00830	0.00228	0.00616	0.00857	0.00523	0.05041
2	0.01436	0.13785	0.04154	0.01152	0.03599	0.04948	0.00926	0.04208	0.05737	0.08688	0.18983	0.09068	0.10324	0.04619	0.00840	0.00222	0.03265	0.02761	0.00541	0.00745
3	0.12840	0.09730	0.03707	0.03406	0.01896	0.07314	0.11566	0.04227	0.08730	0.07260	0.04317	0.05050	0.04899	0.00762	0.00594	0.00185	0.00673	0.00640	0.00453	0.11752
4	0.01622	0.11896	0.23257	0.01570	0.04273	0.06558	0.07068	0.04574	0.05335	0.10243	0.04815	0.06422	0.06239	0.00836	0.00668	0.00200	0.02425	0.00689	0.00437	0.00873
5	0.01727	0.77681	0.03386	0.01106	0.01658	0.02557	0.01106	0.01935	0.01313	0.01520	0.00898	0.01036	0.00829	0.00553	0.00415	0.00138	0.00691	0.00345	0.00276	0.00829
6	0.02456	0.01810	0.01939	0.01487	0.02004	0.02004	0.01228	0.71107	0.03038	0.04072	0.01551	0.01551	0.01099	0.00776	0.00646	0.00194	0.00711	0.00582	0.00646	0.01099
7	0.01727	0.77681	0.03386	0.01106	0.01658	0.02557	0.01106	0.01935	0.01313	0.01520	0.00898	0.01036	0.00829	0.00553	0.00415	0.00138	0.00691	0.00345	0.00276	0.00829
8	0.01322	0.07774	0.69738	0.01798	0.02729	0.01564	0.02311	0.02040	0.01361	0.02015	0.01144	0.01345	0.00819	0.00610	0.00602	0.00201	0.00939	0.00470	0.00273	0.00947
9	0.01415	0.03176	0.68567	0.01790	0.02711	0.01460	0.02281	0.02128	0.01400	0.07366	0.01263	0.01426	0.00876	0.00628	0.00617	0.00204	0.00925	0.00490	0.00312	0.00966
10	0.01296	0.03342	0.73944	0.01842	0.02797	0.01501	0.02387	0.02046	0.01364	0.02046	0.01160	0.01364	0.00818	0.00614	0.00614	0.00205	0.00955	0.00477	0.00273	0.00955
11	0.01039	0.00998	0.07712	0.01118	0.01339	0.00927	0.00960	0.05346	0.01209	0.01714	0.01922	0.02567	0.05274	0.04051	0.59716	0.00869	0.01526	0.00702	0.00371	0.00640
12	0.10782	0.17914	0.28767	0.01393	0.02007	0.01678	0.01503	0.06175	0.07717	0.05741	0.06539	0.01660	0.01351	0.00712	0.00621	0.00193	0.03432	0.00526	0.00402	0.00887
13	0.04106	0.11480	0.22683	0.01455	0.02053	0.01573	0.05077	0.14663	0.08434	0.08288	0.05546	0.04909	0.01495	0.00764	0.00614	0.00193	0.00712	0.00620	0.00471	0.04863

[dist]
# distance from previous block
# <min> <max>
13	23

[block]
# block no. 2 follows, 34 sequences, length 31
# corresponding to MSA columns:
# 218-248
name=unknown_C
#
# <colnr> <probs for GDERKNQSTAVLIFYWHMCP>
#	G	D	E	R	K	N	Q	S	T	A	V	L	I	F	Y	W	H	M	C	P
0	0.04192	0.06803	0.05578	0.12383	0.12838	0.05904	0.01248	0.01884	0.05007	0.10289	0.06704	0.15224	0.04619	0.00996	0.00711	0.00210	0.03299	0.00842	0.00470	0.00799
1	0.04613	0.01613	0.13190	0.01656	0.10264	0.04679	0.05457	0.04421	0.06425	0.18726	0.09118	0.06789	0.01889	0.00824	0.00646	0.00196	0.00660	0.00708	0.00523	0.07601
2	0.01784	0.07768	0.06483	0.01926	0.17458	0.07584	0.03849	0.13280	0.08171	0.09249	0.01994	0.11485	0.04365	0.00892	0.00652	0.00201	0.00697	0.00760	0.00492	0.00912
3	0.01653	0.11061	0.04839	0.08259	0.19836	0.05068	0.06118	0.10037	0.01695	0.07275	0.09866	0.05664	0.04238	0.00813	0.00645	0.00194	0.00705	0.00709	0.00451	0.00873
4	0.01283	0.04046	0.09560	0.22091	0.11992	0.01218	0.04704	0.01678	0.03061	0.03910	0.01790	0.18957	0.01729	0.00933	0.00661	0.00205	0.00689	0.00839	0.00398	0.10257
5	0.04565	0.01436	0.02520	0.02879	0.37747	0.01389	0.17659	0.02108	0.01545	0.13093	0.05011	0.02009	0.03676	0.00674	0.00671	0.00201	0.00763	0.00676	0.00425	0.00953
6	0.01524	0.01500	0.02194	0.30535	0.31150	0.09376	0.04428	0.01890	0.01440	0.03419	0.01332	0.05871	0.01136	0.00698	0.00651	0.00203	0.00832	0.00638	0.00335	0.00846
7	0.01928	0.01505	0.01914	0.13012	0.09264	0.06204	0.06461	0.11572	0.23509	0.14913	0.01910	0.01949	0.01386	0.00748	0.00654	0.00206	0.00707	0.00641	0.00546	0.00971
8	0.01741	0.01456	0.02399	0.10051	0.45242	0.01479	0.06859	0.04036	0.07099	0.10970	0.01500	0.01758	0.01152	0.00637	0.00652	0.00199	0.00752	0.00611	0.00411	0.00995
9	0.01578	0.01715	0.14516	0.04140	0.22871	0.01367	0.18993	0.02068	0.03924	0.10485	0.01821	0.07956	0.04017	0.00769	0.00688	0.00210	0.00799	0.00751	0.00414	0.00918
10	0.01113	0.00859	0.01256	0.08249	0.03613	0.00829	0.06636	0.01435	0.04160	0.06854	0.21516	0.18062	0.20202	0.01329	0.00748	0.00221	0.00480	0.01184	0.00583	0.00670
11	0.00844	0.00656	0.00855	0.00943	0.01001	0.00667	0.00663	0.00966	0.01245	0.01653	0.03700	0.60232	0.13111	0.01887	0.00940	0.00258	0.07612	0.01652	0.00569	0.00545
12	0.01505	0.01813	0.10389	0.02590	0.10165	0.01583	0.48348	0.04426	0.01528	0.02108	0.01392	0.03958	0.01130	0.00657	0.00786	0.00219	0.03762	0.02417	0.00345	0.00880
13	0.04865	0.01873	0.02386	0.04495	0.06405	0.16512	0.22765	0.10817	0.14679	0.06349	0.01560	0.01715	0.01169	0.00680	0.00662	0.00202	0.00876	0.00626	0.00455	0.00911
14	0.01242	0.01170	0.01977	0.71683	0.08339	0.01441	0.01805	0.01670	0.01302	0.01677	0.01152	0.01716	0.00870	0.00642	0.00646	0.00214	0.00856	0.00574	0.00289	0.00735
15	0.01425	0.01391	0.02467	0.35161	0.34786	0.01504	0.10210	0.01848	0.01399	0.01905	0.01197	0.01670	0.00947	0.00603	0.00657	0.00205	0.00847	0.00598	0.00306	0.00872
16	0.01504	0.01304	0.02104	0.38315	0.28237	0.01454	0.01730	0.02039	0.08164	0.06766	0.01408	0.01777	0.01074	0.00654	0.00645	0.00206	0.00774	0.00595	0.00369	0.00880
17	0.01472	0.01405	0.02393	0.28074	0.50149	0.01502	0.01920	0.01871	0.01411	0.01956	0.01193	0.01641	0.00969	0.00599	0.00642	0.00200	0.00799	0.00575	0.00309	0.00921
18	0.01359	0.01307	0.02269	0.48560	0.26195	0.01479	0.06048	0.01782	0.01363	0.01822	0.01179	0.01685	0.00920	0.00618	0.00651	0.00208	0.00845	0.00586	0.00300	0.00824
19	0.01540	0.01492	0.02412	0.14076	0.57365	0.04050	0.01864	0.01919	0.01475	0.02049	0.04643	0.01757	0.01237	0.00625	0.00644	0.00195	0.00773	0.00598	0.00334	0.00950
20	0.01386	0.01331	0.02301	0.43544	0.31939	0.01485	0.05155	0.01804	0.01375	0.01855	0.01183	0.01674	0.00932	0.00613	0.00649	0.00206	0.00835	0.00584	0.00302	0.00847
21	0.02899	0.01100	0.01499	0.01150	0.01649	0.00950	0.00950	0.03149	0.01849	0.73709	0.02549	0.02199	0.01599	0.00800	0.00650	0.00200	0.00550	0.00650	0.00800	0.01100
22	0.02481	0.01178	0.06058	0.01165	0.01637	0.00939	0.01016	0.02772	0.01792	0.57480	0.09244	0.02739	0.02122	0.00904	0.00675	0.00207	0.00555	0.05285	0.00744	0.01010
23	0.01881	0.24700	0.13522	0.01702	0.08302	0.26681	0.03863	0.02177	0.01520	0.04368	0.01133	0.01406	0.00955	0.04388	0.00685	0.00192	0.00906	0.00466	0.00326	0.00829
24	0.00784	0.00573	0.00738	0.00870	0.00929	0.00527	0.00587	0.00903	0.01266	0.01661	0.03923	0.68300	0.12610	0.01977	0.00817	0.00257	0.00369	0.01779	0.00600	0.00527
25	0.00787	0.00562	0.00750	0.00900	0.00937	0.00525	0.00600	0.00900	0.01237	0.01649	0.03561	0.76871	0.04274	0.02024	0.00825	0.00262	0.00375	0.01837	0.00600	0.00525
26	0.01806	0.69090	0.03207	0.01170	0.01697	0.10864	0.01122	0.02009	0.01373	0.01527	0.00910	0.01051	0.00830	0.00566	0.00434	0.00141	0.00746	0.00354	0.00283	0.00820
27	0.01326	0.01277	0.02225	0.54615	0.19574	0.01472	0.06824	0.01754	0.01348	0.01783	0.01175	0.01697	0.00906	0.00623	0.00653	0.00210	0.00857	0.00588	0.00297	0.00796
28	0.01504	0.01424	0.02386	0.26166	0.44918	0.01524	0.04068	0.03975	0.03957	0.02045	0.01257	0.01670	0.01007	0.00613	0.00646	0.00201	0.00796	0.00587	0.00331	0.00925
29	0.04508	0.05830	0.08419	0.01253	0.01645	0.05898	0.01074	0.04936	0.34602	0.04963	0.11131	0.07064	0.04050	0.00949	0.00651	0.00208	0.00573	0.00782	0.00576	0.00888
30	0.01756	0.08471	0.12660	0.09680	0.10427	0.13659	0.04031	0.12397	0.05463	0.04524	0.03891	0.01822	0.01281	0.06226	0.00810	0.00222	0.00821	0.00581	0.00409	0.00867

[dist]
# distance from previous block
# <min> <max>
0	1

[block]
# block no. 3 follows, 34 sequences, length 21
# corresponding to MSA columns:
# 250-270
name=unknown_D
#
# <colnr> <probs for GDERKNQSTAVLIFYWHMCP>
#	G	D	E	R	K	N	Q	S	T	A	V	L	I	F	Y	W	H	M	C	P
0	0.00822	0.00642	0.00729	0.00734	0.00895	0.00567	0.00531	0.01006	0.01503	0.01933	0.24353	0.14876	0.40231	0.07120	0.00955	0.00250	0.00349	0.01340	0.00616	0.00549
1	0.01659	0.01275	0.01458	0.01121	0.01619	0.01165	0.00903	0.19721	0.04609	0.05608	0.01610	0.06604	0.01377	0.00733	0.00574	0.00149	0.00541	0.03040	0.00501	0.45735
2	0.01915	0.01510	0.01642	0.04052	0.01873	0.01703	0.01113	0.33401	0.33807	0.03203	0.02159	0.07156	0.01702	0.00903	0.00664	0.00211	0.00604	0.00735	0.00635	0.01011
3	0.00787	0.00562	0.00750	0.00900	0.00937	0.00525	0.00600	0.00900	0.01237	0.01649	0.03561	0.76871	0.04274	0.02024	0.00825	0.00262	0.00375	0.01837	0.00600	0.00525
4	0.01525	0.01743	0.03813	0.02723	0.03377	0.01634	0.70915	0.02070	0.01525	0.02070	0.01307	0.01743	0.00980	0.00545	0.00763	0.00218	0.01089	0.00763	0.00327	0.00871
5	0.01842	0.41892	0.09828	0.01398	0.01952	0.09224	0.06187	0.11651	0.01628	0.04099	0.01135	0.01296	0.00930	0.00777	0.03452	0.00198	0.00831	0.00450	0.00355	0.00872
6	0.00844	0.00635	0.00781	0.00869	0.00974	0.00593	0.00619	0.01047	0.03666	0.01768	0.08020	0.44891	0.20256	0.04824	0.00905	0.00265	0.00394	0.07499	0.00599	0.00552
7	0.01395	0.00658	0.00703	0.00664	0.00854	0.00641	0.00508	0.01691	0.01411	0.10447	0.02158	0.02385	0.01650	0.00758	0.00474	0.00156	0.00329	0.00608	0.71851	0.00658
8	0.00789	0.00642	0.00699	0.00713	0.00896	0.00552	0.00524	0.00966	0.01490	0.01855	0.15793	0.16346	0.53189	0.01647	0.00772	0.00222	0.00331	0.01404	0.00616	0.00552
9	0.04643	0.01477	0.05892	0.03546	0.10610	0.04442	0.01238	0.13895	0.10554	0.17218	0.02019	0.10438	0.01690	0.00946	0.00763	0.00216	0.05721	0.03212	0.00555	0.00924
10	0.01551	0.01338	0.02065	0.08547	0.27055	0.05590	0.10445	0.01896	0.01577	0.09873	0.13626	0.05042	0.06847	0.00850	0.00689	0.00203	0.00698	0.00792	0.00464	0.00853
11	0.00764	0.00655	0.00655	0.00655	0.00873	0.00545	0.00491	0.00927	0.01473	0.01745	0.06546	0.06218	0.73000	0.01636	0.00764	0.00218	0.00327	0.01364	0.00600	0.00545
12	0.14146	0.01546	0.01590	0.01275	0.01720	0.01718	0.01041	0.45325	0.10340	0.03529	0.01822	0.01827	0.04183	0.00795	0.00602	0.00196	0.00612	0.00598	0.06162	0.00973
13	0.03651	0.05160	0.32923	0.02074	0.14594	0.06721	0.03882	0.07380	0.03747	0.06641	0.01287	0.01485	0.00965	0.00674	0.00718	0.00202	0.06065	0.00523	0.00364	0.00944
14	0.02338	0.02723	0.01857	0.06761	0.02168	0.56891	0.01283	0.14522	0.02005	0.02023	0.01106	0.01271	0.00881	0.00684	0.00598	0.00175	0.01065	0.00456	0.00385	0.00808
15	0.00764	0.00655	0.00655	0.00655	0.00873	0.00545	0.00491	0.00927	0.01473	0.01745	0.06546	0.06218	0.73000	0.01636	0.00764	0.00218	0.00327	0.01364	0.00600	0.00545
16	0.01495	0.01123	0.01412	0.01458	0.09470	0.01178	0.01032	0.20769	0.04807	0.04761	0.04924	0.13031	0.10115	0.01701	0.10414	0.00331	0.00722	0.09897	0.00560	0.00800
17	0.01702	0.06320	0.09515	0.09943	0.38762	0.01675	0.01768	0.15025	0.04792	0.02419	0.01309	0.01580	0.01031	0.00636	0.00626	0.00194	0.00769	0.00560	0.00385	0.00990
18	0.01016	0.00649	0.00930	0.00939	0.00983	0.00696	0.00672	0.00978	0.01023	0.01399	0.04263	0.16319	0.04802	0.02619	0.17049	0.38469	0.05497	0.00879	0.00381	0.00436
19	0.01719	0.02223	0.14585	0.05578	0.09906	0.15838	0.31464	0.06917	0.01648	0.02095	0.01224	0.01540	0.00932	0.00603	0.00678	0.00201	0.01014	0.00609	0.00339	0.00885
20	0.01700	0.08434	0.08195	0.12000	0.20931	0.01579	0.12067	0.07641	0.06594	0.09247	0.01533	0.01906	0.01198	0.00688	0.00650	0.00202	0.00786	0.03296	0.00417	0.00934

[dist]
# distance from previous block
# <min> <max>
0	25

[block]
# block no. 4 follows, 34 sequences, length 122
# corresponding to MSA columns:
# 296-417
name=unknown_E
#
# <colnr> <probs for GDERKNQSTAVLIFYWHMCP>
#	G	D	E	R	K	N	Q	S	T	A	V	L	I	F	Y	W	H	M	C	P
0	0.06074	0.10176	0.06443	0.02125	0.20507	0.16082	0.06951	0.07835	0.03970	0.02125	0.01531	0.04742	0.04291	0.00722	0.00608	0.00186	0.00801	0.00601	0.00385	0.03846
1	0.01565	0.04089	0.01569	0.01264	0.01601	0.04822	0.06610	0.15724	0.14091	0.05656	0.10564	0.15657	0.07540	0.02756	0.00751	0.00218	0.00579	0.00953	0.00582	0.03407
2	0.01062	0.00834	0.00958	0.00933	0.01125	0.02728	0.00721	0.05018	0.04242	0.02187	0.26597	0.10827	0.17488	0.06283	0.00928	0.00251	0.00446	0.13459	0.00613	0.03302
3	0.01317	0.08169	0.01299	0.00996	0.01175	0.04142	0.00741	0.12074	0.01427	0.01888	0.07401	0.03065	0.02082	0.34252	0.14842	0.00524	0.02787	0.00772	0.00433	0.00615
4	0.02112	0.03957	0.07698	0.05407	0.11405	0.14415	0.01388	0.22577	0.10892	0.11343	0.01600	0.01657	0.01172	0.00721	0.00627	0.00193	0.00779	0.00564	0.00512	0.00981
5	0.01499	0.01517	0.02394	0.12132	0.12819	0.03920	0.14114	0.04035	0.01289	0.01825	0.01053	0.01539	0.00907	0.00854	0.01368	0.00242	0.36786	0.00600	0.00310	0.00798
6	0.00785	0.00618	0.00709	0.00765	0.00906	0.00542	0.00544	0.00939	0.01407	0.01773	0.10548	0.34302	0.40342	0.01766	0.00788	0.00235	0.00345	0.01537	0.00609	0.00542
7	0.01183	0.01098	0.01836	0.69336	0.04150	0.01358	0.01692	0.01587	0.01287	0.01651	0.01355	0.08152	0.01153	0.00764	0.00661	0.00219	0.00820	0.00682	0.00314	0.00701
8	0.01696	0.44203	0.16417	0.01651	0.10050	0.04012	0.04023	0.02088	0.03564	0.05253	0.01135	0.01290	0.00927	0.00592	0.00514	0.00166	0.00764	0.00440	0.00321	0.00893
9	0.01151	0.00899	0.01086	0.03373	0.01293	0.00936	0.00773	0.04089	0.19731	0.02638	0.50385	0.04004	0.04715	0.01168	0.00728	0.00207	0.00389	0.01019	0.00682	0.00734
10	0.00798	0.00567	0.00747	0.00886	0.00921	0.00532	0.00585	0.00902	0.01216	0.01622	0.03454	0.71766	0.04138	0.07313	0.00998	0.00288	0.00393	0.01774	0.00585	0.00515
11	0.81856	0.01250	0.00950	0.00850	0.01250	0.01449	0.00700	0.01899	0.01100	0.02899	0.00900	0.01050	0.00700	0.00600	0.00400	0.00200	0.00500	0.00350	0.00400	0.00700
12	0.81856	0.01250	0.00950	0.00850	0.01250	0.01449	0.00700	0.01899	0.01100	0.02899	0.00900	0.01050	0.00700	0.00600	0.00400	0.00200	0.00500	0.00350	0.00400	0.00700
13	0.00818	0.00652	0.00734	0.00723	0.00909	0.00567	0.00539	0.01029	0.01587	0.02040	0.29894	0.09378	0.45757	0.01545	0.00766	0.00215	0.00322	0.01319	0.00639	0.00567
14	0.02456	0.01810	0.01939	0.01487	0.02004	0.02004	0.01228	0.71107	0.03038	0.04072	0.01551	0.01551	0.01099	0.00776	0.00646	0.00194	0.00711	0.00582	0.00646	0.01099
15	0.01360	0.01204	0.01219	0.01143	0.01409	0.06351	0.00865	0.02428	0.39225	0.02376	0.15007	0.14355	0.08031	0.01167	0.00703	0.00219	0.00488	0.00997	0.00631	0.00822
16	0.04447	0.29258	0.12442	0.01678	0.07538	0.06355	0.08610	0.02146	0.01428	0.11994	0.01237	0.01404	0.00965	0.00655	0.00685	0.00185	0.07230	0.00491	0.00367	0.00885
17	0.02414	0.03079	0.01831	0.01665	0.01998	0.74698	0.01248	0.02580	0.01831	0.01581	0.00999	0.01165	0.00832	0.00666	0.00583	0.00166	0.01165	0.00416	0.00333	0.00749
18	0.00853	0.00609	0.00825	0.00974	0.01041	0.00581	0.00714	0.01013	0.01302	0.01723	0.03525	0.58944	0.04131	0.01963	0.00842	0.00271	0.00432	0.19118	0.00599	0.00543
19	0.02181	0.05516	0.05563	0.01721	0.05774	0.53814	0.01310	0.02452	0.04057	0.04021	0.03505	0.01401	0.01080	0.00708	0.00661	0.00178	0.04428	0.00475	0.00363	0.00791
20	0.01951	0.02183	0.02109	0.06608	0.30323	0.34437	0.01541	0.04818	0.03753	0.01923	0.01244	0.03855	0.01064	0.00683	0.00621	0.00185	0.00929	0.00549	0.00355	0.00870
21	0.00787	0.00562	0.00750	0.00900	0.00937	0.00525	0.00600	0.00900	0.01237	0.01649	0.03561	0.76871	0.04274	0.02024	0.00825	0.00262	0.00375	0.01837	0.00600	0.00525
22	0.07635	0.01172	0.01506	0.01162	0.01657	0.01074	0.00959	0.09150	0.01910	0.63199	0.02360	0.02072	0.01500	0.00785	0.00634	0.00199	0.00561	0.00626	0.00762	0.01075
23	0.01710	0.11609	0.02499	0.16991	0.33445	0.11401	0.05742	0.02054	0.01485	0.05352	0.01202	0.01529	0.00967	0.00607	0.00612	0.00188	0.00837	0.00539	0.00333	0.00897
24	0.02596	0.01124	0.01462	0.01160	0.01621	0.01038	0.00945	0.03101	0.13069	0.58910	0.05983	0.02361	0.01878	0.00837	0.00656	0.00203	0.00532	0.00688	0.00773	0.01064
25	0.00787	0.00562	0.00750	0.00900	0.00937	0.00525	0.00600	0.00900	0.01237	0.01649	0.03561	0.76871	0.04274	0.02024	0.00825	0.00262	0.00375	0.01837	0.00600	0.00525
26	0.02350	0.01739	0.01860	0.01446	0.01939	0.01929	0.01188	0.63550	0.08514	0.03911	0.01655	0.01646	0.01186	0.00783	0.00641	0.00195	0.00682	0.00594	0.03114	0.01077
27	0.01588	0.01524	0.02602	0.06134	0.71183	0.01532	0.01977	0.01973	0.01466	0.02097	0.01213	0.01603	0.01019	0.00578	0.00640	0.00193	0.00770	0.00576	0.00319	0.01014
28	0.06003	0.02888	0.01801	0.01613	0.01964	0.65173	0.01222	0.08412	0.01901	0.01854	0.01042	0.01193	0.00849	0.00672	0.00580	0.00170	0.01096	0.00427	0.00363	0.00777
29	0.01220	0.01148	0.01938	0.75739	0.04450	0.01436	0.01794	0.01651	0.01292	0.01651	0.01148	0.01723	0.00861	0.00646	0.00646	0.00215	0.00861	0.00574	0.00287	0.00718
30	0.02884	0.01123	0.01514	0.01161	0.01661	0.00985	0.00959	0.05398	0.01889	0.71404	0.02516	0.02178	0.01583	0.00799	0.00650	0.00200	0.00555	0.00648	0.00795	0.01100
31	0.00787	0.00562	0.00750	0.00900	0.00937	0.00525	0.00600	0.00900	0.01237	0.01649	0.03561	0.76871	0.04274	0.02024	0.00825	0.00262	0.00375	0.01837	0.00600	0.00525
32	0.02274	0.18242	0.02147	0.01551	0.01929	0.60035	0.01219	0.02449	0.01726	0.01569	0.00978	0.01139	0.00832	0.00643	0.00548	0.00161	0.01069	0.00402	0.00321	0.00765
33	0.01727	0.77681	0.03386	0.01106	0.01658	0.02557	0.01106	0.01935	0.01313	0.01520	0.00898	0.01036	0.00829	0.00553	0.00415	0.00138	0.00691	0.00345	0.00276	0.00829
34	0.01609	0.07785	0.04431	0.10542	0.03937	0.10280	0.09949	0.06613	0.04009	0.01870	0.01122	0.01517	0.00949	0.00959	0.03566	0.00253	0.28918	0.00565	0.00335	0.00792
35	0.01607	0.01388	0.01461	0.01315	0.01680	0.01607	0.01023	0.03433	0.72094	0.02703	0.02630	0.02411	0.01972	0.00877	0.00657	0.00219	0.00511	0.00731	0.00657	0.01023
36	0.00787	0.00562	0.00750	0.00900	0.00937	0.00525	0.00600	0.00900	0.01237	0.01649	0.03561	0.76871	0.04274	0.02024	0.00825	0.00262	0.00375	0.01837	0.00600	0.00525
37	0.01525	0.01743	0.03813	0.02723	0.03377	0.01634	0.70915	0.02070	0.01525	0.02070	0.01307	0.01743	0.00980	0.00545	0.00763	0.00218	0.01089	0.00763	0.00327	0.00871
38	0.00787	0.00562	0.00750	0.00900	0.00937	0.00525	0.00600	0.00900	0.01237	0.01649	0.03561	0.76871	0.04274	0.02024	0.00825	0.00262	0.00375	0.01837	0.00600	0.00525
39	0.00940	0.00626	0.00705	0.00705	0.00705	0.00626	0.00392	0.00940	0.00940	0.01253	0.02036	0.04228	0.02349	0.77292	0.03289	0.00626	0.00626	0.00940	0.00392	0.00392
40	0.00787	0.00562	0.00750	0.00900	0.00937	0.00525	0.00600	0.00900	0.01237	0.01649	0.03561	0.76871	0.04274	0.02024	0.00825	0.00262	0.00375	0.01837	0.00600	0.00525
41	0.01670	0.01729	0.02362	0.13816	0.48066	0.13659	0.01806	0.02013	0.01482	0.01930	0.01152	0.01536	0.00960	0.00628	0.00703	0.00195	0.04509	0.00549	0.00315	0.00919
42	0.01548	0.01326	0.01410	0.01272	0.01619	0.01522	0.00987	0.03244	0.66083	0.02693	0.08644	0.02617	0.02325	0.00915	0.00666	0.00218	0.00494	0.00768	0.00662	0.00987
43	0.01837	0.45370	0.13153	0.01393	0.01965	0.14962	0.03614	0.07606	0.01556	0.01829	0.01019	0.01171	0.00855	0.00599	0.00503	0.00160	0.00827	0.00409	0.00317	0.00856
44	0.00796	0.00572	0.00757	0.00902	0.00950	0.00534	0.00613	0.00917	0.01254	0.01663	0.03655	0.71926	0.06539	0.02002	0.00825	0.00262	0.00381	0.04322	0.00600	0.00528
45	0.01639	0.01738	0.09951	0.03756	0.11803	0.05806	0.03686	0.09794	0.29925	0.02438	0.01886	0.05520	0.01517	0.00842	0.00770	0.00215	0.06588	0.00685	0.00495	0.00946
46	0.01792	0.08642	0.20776	0.01723	0.08491	0.01723	0.01536	0.17481	0.17169	0.07152	0.01618	0.01682	0.01203	0.00741	0.00710	0.00203	0.05319	0.00569	0.00477	0.00991
47	0.00784	0.00573	0.00738	0.00871	0.00930	0.00527	0.00587	0.00903	0.01265	0.01661	0.03916	0.68475	0.12440	0.01978	0.00817	0.00257	0.00369	0.01781	0.00600	0.00527
48	0.01717	0.01428	0.04147	0.01306	0.01702	0.01526	0.01059	0.08597	0.54540	0.08068	0.06714	0.02433	0.02081	0.00880	0.00661	0.00214	0.00534	0.00730	0.00656	0.01007
49	0.00940	0.00626	0.00705	0.00705	0.00705	0.00626	0.00392	0.00940	0.00940	0.01253	0.02036	0.04228	0.02349	0.77292	0.03289	0.00626	0.00626	0.00940	0.00392	0.00392
50	0.01486	0.01446	0.01821	0.01577	0.01657	0.06723	0.01295	0.06908	0.01211	0.01742	0.01049	0.01581	0.00985	0.01646	0.13111	0.00385	0.53761	0.00576	0.00324	0.00720
51	0.01727	0.77681	0.03386	0.01106	0.01658	0.02557	0.01106	0.01935	0.01313	0.01520	0.00898	0.01036	0.00829	0.00553	0.00415	0.00138	0.00691	0.00345	0.00276	0.00829
52	0.01204	0.00602	0.00602	0.00602	0.00753	0.00602	0.00452	0.01506	0.01355	0.02409	0.02108	0.02409	0.01656	0.00753	0.00452	0.00151	0.00301	0.00602	0.80879	0.00602
53	0.02456	0.01810	0.01939	0.01487	0.02004	0.02004	0.01228	0.71107	0.03038	0.04072	0.01551	0.01551	0.01099	0.00776	0.00646	0.00194	0.00711	0.00582	0.00646	0.01099
54	0.01698	0.01742	0.02465	0.07824	0.58654	0.12392	0.01863	0.02052	0.01514	0.02005	0.01179	0.01542	0.00986	0.00593	0.00632	0.00189	0.00832	0.00552	0.00320	0.00965
55	0.00802	0.00627	0.00727	0.00764	0.00912	0.00552	0.00549	0.00978	0.01470	0.01886	0.19036	0.28275	0.37730	0.01695	0.00783	0.00229	0.00338	0.01474	0.00622	0.00552
56	0.02418	0.01791	0.01918	0.01479	0.01989	0.01986	0.01219	0.68053	0.06155	0.04010	0.01600	0.01590	0.01138	0.00780	0.00647	0.00195	0.00702	0.00588	0.00647	0.01095
57	0.01292	0.00840	0.01051	0.00964	0.01114	0.00894	0.00698	0.10021	0.01317	0.07897	0.01907	0.03096	0.01858	0.34450	0.29048	0.00687	0.01037	0.00779	0.00442	0.00609
58	0.01490	0.36837	0.42153	0.01510	0.02284	0.01976	0.01810	0.01996	0.01341	0.01809	0.01042	0.01217	0.00823	0.00586	0.00524	0.00175	0.00836	0.00418	0.00274	0.00898
59	0.78018	0.01242	0.00976	0.00864	0.01269	0.01425	0.00712	0.01960	0.01136	0.06341	0.00980	0.01106	0.00743	0.00610	0.00412	0.00200	0.00502	0.00364	0.00419	0.00719
60	0.00923	0.00692	0.01038	0.01038	0.01154	0.00808	0.00808	0.01154	0.01038	0.01500	0.01731	0.02538	0.01615	0.04846	0.74732	0.01038	0.01731	0.00692	0.00346	0.00577
61	0.01569	0.01504	0.02568	0.09741	0.67725	0.01527	0.01968	0.01956	0.01457	0.02074	0.01210	0.01609	0.01010	0.00581	0.00640	0.00194	0.00775	0.00576	0.00317	0.00999
62	0.01659	0.01399	0.01771	0.07416	0.02052	0.04693	0.09444	0.11391	0.28136	0.06745	0.02267	0.08625	0.03661	0.01047	0.02732	0.00241	0.02717	0.02550	0.00554	0.00896
63	0.00787	0.00562	0.00750	0.00900	0.00937	0.00525	0.00600	0.00900	0.01237	0.01649	0.03561	0.76871	0.04274	0.02024	0.00825	0.00262	0.00375	0.01837	0.00600	0.00525
64	0.02813	0.01102	0.01487	0.01146	0.01633	0.00965	0.00944	0.04878	0.01880	0.69213	0.05146	0.02280	0.01754	0.00819	0.00654	0.00200	0.00545	0.00667	0.00792	0.01081
65	0.00882	0.00674	0.00731	0.00707	0.00923	0.00575	0.00534	0.01078	0.01560	0.04883	0.19721	0.05773	0.56609	0.01538	0.00759	0.00214	0.00332	0.01295	0.00631	0.00581
66	0.00939	0.00628	0.00713	0.00713	0.00716	0.00631	0.00402	0.00945	0.00942	0.01259	0.02028	0.04186	0.02331	0.75466	0.05090	0.00637	0.00654	0.00933	0.00390	0.00396
67	0.02266	0.01553	0.01699	0.01352	0.01813	0.01693	0.01101	0.43634	0.17023	0.13217	0.01944	0.01869	0.01381	0.00798	0.00637	0.00197	0.00623	0.00623	0.05523	0.01053
68	0.01340	0.01148	0.01340	0.00957	0.01531	0.00861	0.00766	0.01627	0.01340	0.02105	0.01148	0.01340	0.00957	0.00479	0.00479	0.00096	0.00479	0.00383	0.00383	0.81242
69	0.01445	0.03961	0.02080	0.01705	0.01772	0.04344	0.04969	0.01613	0.01057	0.01579	0.00911	0.01452	0.00882	0.01204	0.04630	0.00299	0.64525	0.00568	0.00289	0.00716
70	0.00785	0.00571	0.00741	0.00877	0.00931	0.00527	0.00590	0.00902	0.01259	0.01658	0.03837	0.70348	0.10619	0.01988	0.00819	0.00258	0.00370	0.01793	0.00600	0.00527
71	0.01691	0.01816	0.13335	0.08040	0.08474	0.03788	0.01434	0.14405	0.34648	0.02655	0.01911	0.01930	0.01426	0.00765	0.00644	0.00208	0.00688	0.00628	0.00523	0.00991
72	0.01736	0.01978	0.19835	0.02379	0.25950	0.01616	0.01745	0.18571	0.01807	0.05488	0.04481	0.01680	0.01223	0.00727	0.00779	0.00205	0.07818	0.00581	0.00420	0.00980
73	0.00801	0.00577	0.00760	0.00882	0.00938	0.00535	0.00598	0.00938	0.01313	0.01762	0.11741	0.66298	0.06599	0.01930	0.00816	0.00254	0.00365	0.01744	0.00613	0.00535
74	0.02393	0.01779	0.01904	0.01474	0.01980	0.01974	0.01213	0.66081	0.08167	0.03970	0.01631	0.01615	0.01164	0.00783	0.00647	0.00196	0.00696	0.00593	0.00647	0.01093
75	0.00787	0.00562	0.00750	0.00900	0.00937	0.00525	0.00600	0.00900	0.01237	0.01649	0.03561	0.76871	0.04274	0.02024	0.00825	0.00262	0.00375	0.01837	0.00600	0.00525
76	0.01588	0.01833	0.03616	0.02617	0.03229	0.07070	0.63860	0.02094	0.01533	0.02020	0.01272	0.01691	0.00966	0.00570	0.00786	0.00216	0.03124	0.00731	0.00326	0.00858
77	0.01041	0.00744	0.01041	0.01190	0.01339	0.00744	0.01041	0.01339	0.01487	0.01934	0.03421	0.07288	0.03719	0.01785	0.00892	0.00297	0.00595	0.68913	0.00595	0.00595
78	0.01204	0.00602	0.00602	0.00602	0.00753	0.00602	0.00452	0.01506	0.01355	0.02409	0.02108	0.02409	0.01656	0.00753	0.00452	0.00151	0.00301	0.00602	0.80879	0.00602
79	0.81856	0.01250	0.00950	0.00850	0.01250	0.01449	0.00700	0.01899	0.01100	0.02899	0.00900	0.01050	0.00700	0.00600	0.00400	0.00200	0.00500	0.00350	0.00400	0.00700
80	0.01525	0.01743	0.03813	0.02723	0.03377	0.01634	0.70915	0.02070	0.01525	0.02070	0.01307	0.01743	0.00980	0.00545	0.00763	0.00218	0.01089	0.00763	0.00327	0.00871
81	0.00787	0.00562	0.00750	0.00900	0.00937	0.00525	0.00600	0.00900	0.01237	0.01649	0.03561	0.76871	0.04274	0.02024	0.00825	0.00262	0.00375	0.01837	0.00600	0.00525
82	0.02416	0.03023	0.01836	0.01657	0.01998	0.71477	0.01248	0.05617	0.01885	0.01692	0.01023	0.01182	0.00844	0.00671	0.00585	0.00168	0.01145	0.00423	0.00347	0.00765
83	0.02390	0.03040	0.01835	0.01665	0.01990	0.72965	0.01252	0.02556	0.01811	0.01581	0.00995	0.01171	0.00833	0.00677	0.00619	0.00169	0.02952	0.00420	0.00332	0.00748
84	0.01319	0.07354	0.70137	0.01802	0.02735	0.01558	0.02318	0.02040	0.01361	0.02018	0.01145	0.01346	0.00819	0.00611	0.00603	0.00201	0.00941	0.00470	0.00273	0.00948
85	0.06330	0.01320	0.01607	0.01237	0.01738	0.01289	0.01022	0.23518	0.02173	0.49582	0.02175	0.01953	0.01408	0.00783	0.00637	0.00198	0.00596	0.00616	0.00736	0.01081
86	0.00786	0.00567	0.00745	0.00888	0.00934	0.00526	0.00594	0.00901	0.01249	0.01654	0.03706	0.73436	0.07614	0.02005	0.00822	0.00260	0.00373	0.01814	0.00600	0.00526
87	0.00817	0.00584	0.00784	0.00934	0.00984	0.00551	0.00652	0.00951	0.01267	0.01683	0.03545	0.68678	0.04208	0.01996	0.00833	0.00267	0.00401	0.09734	0.00599	0.00533
88	0.00914	0.00673	0.00970	0.00983	0.01077	0.00760	0.00735	0.01104	0.01043	0.01480	0.01927	0.09119	0.01939	0.14076	0.59068	0.00918	0.01470	0.00823	0.00374	0.00548
89	0.00806	0.00660	0.00719	0.00754	0.00947	0.00573	0.00581	0.00986	0.01455	0.01765	0.05839	0.12213	0.57113	0.01690	0.00788	0.00234	0.00371	0.11356	0.00599	0.00551
90	0.02697	0.01189	0.03409	0.01180	0.01669	0.01033	0.00998	0.08624	0.01906	0.61099	0.02448	0.02319	0.01618	0.00828	0.00651	0.00202	0.00568	0.03163	0.03342	0.01061
91	0.01351	0.12749	0.65016	0.01748	0.02653	0.01634	0.02225	0.02032	0.01358	0.01980	0.01126	0.01323	0.00820	0.00606	0.00589	0.00196	0.00922	0.00461	0.00273	0.00939
92	0.01599	0.01535	0.02623	0.03966	0.73262	0.01535	0.01983	0.01983	0.01471	0.02111	0.01215	0.01599	0.01023	0.00576	0.00640	0.00192	0.00768	0.00576	0.00320	0.01023
93	0.00787	0.00562	0.00750	0.00900	0.00937	0.00525	0.00600	0.00900	0.01237	0.01649	0.03561	0.76871	0.04274	0.02024	0.00825	0.00262	0.00375	0.01837	0.00600	0.00525
94	0.01453	0.01234	0.01414	0.03084	0.01667	0.01095	0.00872	0.05756	0.16273	0.02325	0.01481	0.01586	0.01175	0.00583	0.00530	0.00130	0.00508	0.00472	0.00452	0.57911
95	0.02190	0.02571	0.02009	0.02176	0.18288	0.51595	0.01416	0.02407	0.01704	0.04101	0.01092	0.01312	0.00902	0.00675	0.00680	0.00180	0.05069	0.00468	0.00343	0.00821
96	0.00787	0.00562	0.00750	0.00900	0.00937	0.00525	0.00600	0.00900	0.01237	0.01649	0.03561	0.76871	0.04274	0.02024	0.00825	0.00262	0.00375	0.01837	0.00600	0.00525
97	0.01591	0.03652	0.09620	0.12064	0.21366	0.06456	0.01536	0.04457	0.19010	0.04288	0.03474	0.01989	0.03715	0.00753	0.00688	0.00204	0.03152	0.00629	0.00436	0.00920
98	0.02189	0.02152	0.20580	0.01553	0.02182	0.01792	0.01507	0.47955	0.02512	0.08918	0.01527	0.01553	0.01065	0.00736	0.00638	0.00197	0.00762	0.00560	0.00561	0.01062
99	0.00790	0.00587	0.00738	0.00845	0.00926	0.00534	0.00578	0.00925	0.01321	0.01727	0.08449	0.58171	0.18245	0.01903	0.00809	0.00250	0.00361	0.01700	0.00607	0.00534
100	0.01433	0.08973	0.01702	0.01619	0.12951	0.08071	0.01106	0.07699	0.04036	0.01895	0.01508	0.02042	0.01341	0.05289	0.32304	0.00564	0.03514	0.00608	0.02597	0.00750
101	0.00804	0.00574	0.00760	0.00886	0.00933	0.00536	0.00595	0.00932	0.01286	0.01730	0.10250	0.67872	0.04397	0.04036	0.00887	0.00267	0.00375	0.01747	0.00605	0.00529
102	0.01727	0.77681	0.03386	0.01106	0.01658	0.02557	0.01106	0.01935	0.01313	0.01520	0.00898	0.01036	0.00829	0.00553	0.00415	0.00138	0.00691	0.00345	0.00276	0.00829
103	0.81856	0.01250	0.00950	0.00850	0.01250	0.01449	0.00700	0.01899	0.01100	0.02899	0.00900	0.01050	0.00700	0.00600	0.00400	0.00200	0.00500	0.00350	0.00400	0.00700
104	0.01340	0.01148	0.01340	0.00957	0.01531	0.00861	0.00766	0.01627	0.01340	0.02105	0.01148	0.01340	0.00957	0.00479	0.00479	0.00096	0.00479	0.00383	0.00383	0.81242
105	0.00940	0.00626	0.00705	0.00705	0.00705	0.00626	0.00392	0.00940	0.00940	0.01253	0.02036	0.04228	0.02349	0.77292	0.03289	0.00626	0.00626	0.00940	0.00392	0.00392
106	0.00787	0.00562	0.00750	0.00900	0.00937	0.00525	0.00600	0.00900	0.01237	0.01649	0.03561	0.76871	0.04274	0.02024	0.00825	0.00262	0.00375	0.01837	0.00600	0.00525
107	0.00768	0.00655	0.00661	0.00659	0.00876	0.00547	0.00495	0.00936	0.01484	0.01771	0.08550	0.06176	0.70979	0.01627	0.00764	0.00218	0.00327	0.01358	0.00603	0.00547
108	0.02380	0.06706	0.01907	0.01637	0.01981	0.71192	0.01241	0.02549	0.01806	0.01578	0.00994	0.01159	0.00832	0.00660	0.00574	0.00165	0.01142	0.00413	0.00330	0.00753
109	0.01395	0.14101	0.61452	0.01724	0.02606	0.01670	0.02165	0.04175	0.01409	0.02033	0.01134	0.01322	0.00829	0.00610	0.00586	0.00195	0.00909	0.00462	0.00285	0.00941
110	0.03550	0.27321	0.16966	0.01441	0.06435	0.01689	0.01345	0.04014	0.01470	0.16434	0.01412	0.01518	0.01066	0.00761	0.02503	0.00198	0.03192	0.00485	0.04321	0.03880
111	0.01607	0.01388	0.01461	0.01315	0.01680	0.01607	0.01023	0.03433	0.72094	0.02703	0.02630	0.02411	0.01972	0.00877	0.00657	0.00219	0.00511	0.00731	0.00657	0.01023
112	0.01122	0.00561	0.00842	0.00842	0.00842	0.00561	0.00561	0.00842	0.00842	0.01122	0.01122	0.01964	0.01122	0.02245	0.02525	0.81201	0.00561	0.00561	0.00281	0.00281
113	0.04898	0.31729	0.10447	0.01320	0.05569	0.06840	0.01173	0.07476	0.03091	0.02056	0.07501	0.02053	0.08264	0.00771	0.00548	0.00173	0.00664	0.00582	0.04030	0.00814
114	0.03598	0.01440	0.10831	0.01998	0.18537	0.01186	0.09050	0.01985	0.06943	0.11735	0.04157	0.13358	0.06712	0.00997	0.00699	0.00218	0.00663	0.04539	0.00492	0.00862
115	0.00940	0.00626	0.00705	0.00705	0.00705	0.00626	0.00392	0.00940	0.00940	0.01253	0.02036	0.04228	0.02349	0.77292	0.03289	0.00626	0.00626	0.00940	0.00392	0.00392
116	0.00948	0.00623	0.00711	0.00711	0.00711	0.00623	0.00399	0.00935	0.00935	0.01247	0.01995	0.04126	0.02294	0.73905	0.03254	0.04263	0.00623	0.00923	0.00387	0.00387
117	0.06112	0.03789	0.18516	0.06143	0.05712	0.01448	0.21028	0.03917	0.08512	0.07778	0.05037	0.02122	0.03773	0.00733	0.00668	0.00210	0.00804	0.02385	0.00427	0.00886
118	0.04342	0.01251	0.03215	0.19312	0.15587	0.05792	0.01253	0.05843	0.01534	0.04400	0.05227	0.08718	0.16292	0.00988	0.00668	0.00207	0.00644	0.00844	0.03125	0.00759
119	0.01056	0.00784	0.01159	0.01251	0.01420	0.00778	0.04183	0.01360	0.01482	0.01932	0.03329	0.08896	0.03610	0.01735	0.00885	0.00293	0.00611	0.64045	0.00583	0.00606
120	0.10601	0.01465	0.02285	0.10566	0.51378	0.01522	0.01737	0.06143	0.01520	0.04940	0.01243	0.01570	0.00997	0.00606	0.00614	0.00196	0.00736	0.00554	0.00363	0.00964
121	0.64081	0.11217	0.01353	0.00960	0.01359	0.05176	0.00810	0.01922	0.01158	0.02597	0.00902	0.01070	0.00729	0.00620	0.00487	0.00194	0.03908	0.00362	0.00375	0.00719

[dist]
# distance from previous block
# <min> <max>
0	1

[block]
# block no. 5 follows, 34 sequences, length 51
# corresponding to MSA columns:
# 419-469
name=unknown_F
#
# <colnr> <probs for GDERKNQSTAVLIFYWHMCP>
#	G	D	E	R	K	N	Q	S	T	A	V	L	I	F	Y	W	H	M	C	P
0	0.00787	0.00562	0.00750	0.00900	0.00937	0.00525	0.00600	0.00900	0.01237	0.01649	0.03561	0.76871	0.04274	0.02024	0.00825	0.00262	0.00375	0.01837	0.00600	0.00525
