[name]
unknown

[dist]
# distance from previous block
# <min> <max>
0	0

[block]
# block no. 0 follows, 32 sequences, length 129
# corresponding to MSA columns:
# 0-128
name=unknown_A
#
# <colnr> <probs for GDERKNQSTAVLIFYWHMCP>
#	G	D	E	R	K	N	Q	S	T	A	V	L	I	F	Y	W	H	M	C	P
0	0.01081	0.00772	0.01081	0.01236	0.01390	0.00772	0.01081	0.01390	0.01545	0.02008	0.03553	0.07569	0.03862	0.01854	0.00927	0.00309	0.00618	0.67717	0.00618	0.00618
1	0.01380	0.07369	0.66438	0.01908	0.02864	0.01623	0.05093	0.02120	0.01420	0.02096	0.01196	0.01414	0.00857	0.00631	0.00632	0.00209	0.00982	0.00500	0.00286	0.00981
2	0.00828	0.00591	0.00791	0.00946	0.00990	0.00554	0.00641	0.00952	0.01295	0.01725	0.03692	0.73252	0.04415	0.02092	0.00859	0.00274	0.00398	0.04533	0.00623	0.00548
3	0.00818	0.00584	0.00779	0.00934	0.00973	0.00545	0.00623	0.00934	0.01285	0.01713	0.03698	0.75981	0.04438	0.02102	0.00856	0.00273	0.00389	0.01908	0.00623	0.00545
4	0.01391	0.01193	0.01391	0.00994	0.01590	0.00894	0.00795	0.01690	0.01391	0.02186	0.01193	0.01391	0.00994	0.00497	0.00497	0.00099	0.00497	0.00398	0.00398	0.80521
5	0.01453	0.05814	0.44433	0.02223	0.03081	0.01654	0.27511	0.02129	0.01477	0.02112	0.01250	0.01549	0.00913	0.00608	0.00687	0.00215	0.01033	0.00601	0.00304	0.00954
6	0.81159	0.01298	0.00986	0.00882	0.01298	0.01505	0.00727	0.01972	0.01142	0.03010	0.00934	0.01090	0.00727	0.00623	0.00415	0.00208	0.00519	0.00363	0.00415	0.00727
7	0.01636	0.01665	0.03127	0.03697	0.49810	0.01628	0.24160	0.02089	0.01546	0.02178	0.01293	0.01709	0.01048	0.00587	0.00706	0.00208	0.00906	0.00661	0.00334	0.01011
8	0.01595	0.01542	0.02672	0.15164	0.58273	0.01583	0.05316	0.02009	0.01501	0.02115	0.01256	0.01688	0.01034	0.00608	0.00671	0.00204	0.00829	0.00607	0.00327	0.01005
9	0.02506	0.03198	0.01901	0.01729	0.02074	0.73725	0.01296	0.02679	0.01901	0.01642	0.01037	0.01210	0.00864	0.00691	0.00605	0.00173	0.01210	0.00432	0.00346	0.00778
10	0.04552	0.02264	0.01893	0.01628	0.02033	0.33274	0.06209	0.08811	0.25779	0.04213	0.01733	0.01759	0.01324	0.00769	0.00647	0.00200	0.00891	0.00590	0.00505	0.00925
11	0.01220	0.00984	0.01123	0.01035	0.01287	0.01036	0.00792	0.02148	0.29183	0.02658	0.38708	0.04150	0.10532	0.01219	0.00749	0.00219	0.00403	0.01052	0.00706	0.00797
12	0.01742	0.02049	0.06877	0.02428	0.08250	0.13793	0.36347	0.02443	0.12764	0.02157	0.01495	0.01778	0.01148	0.00666	0.00764	0.00217	0.03083	0.00689	0.00391	0.00921
13	0.00950	0.00686	0.00897	0.00844	0.01002	0.00633	0.00633	0.01266	0.01899	0.02691	0.71879	0.05012	0.06331	0.01372	0.00791	0.00211	0.00317	0.01213	0.00739	0.00633
14	0.01634	0.01302	0.01485	0.01328	0.01653	0.03211	0.03745	0.10199	0.36130	0.06627	0.02762	0.22097	0.02496	0.01195	0.00730	0.00234	0.00560	0.01039	0.00651	0.00923
15	0.00955	0.00688	0.00944	0.00954	0.01029	0.00758	0.00682	0.01108	0.01057	0.01482	0.02022	0.07847	0.02105	0.28549	0.45804	0.00885	0.01328	0.00879	0.00392	0.00532
16	0.01435	0.08122	0.63460	0.01935	0.05702	0.01615	0.02333	0.02147	0.01432	0.04067	0.01229	0.01429	0.00882	0.00637	0.00626	0.00207	0.00954	0.00496	0.00301	0.00990
17	0.01794	0.76823	0.03516	0.01148	0.01722	0.02655	0.01148	0.02009	0.01363	0.01579	0.00933	0.01076	0.00861	0.00574	0.00431	0.00144	0.00718	0.00359	0.00287	0.00861
18	0.01584	0.01810	0.03959	0.02828	0.03507	0.01697	0.69796	0.02149	0.01584	0.02149	0.01357	0.01810	0.01018	0.00566	0.00792	0.00226	0.01131	0.00792	0.00339	0.00905
19	0.01566	0.01760	0.03798	0.02811	0.05926	0.01656	0.64553	0.02115	0.01580	0.02145	0.01443	0.02037	0.01135	0.00619	0.00793	0.00229	0.01098	0.03487	0.00350	0.00899
20	0.01490	0.01427	0.02466	0.23759	0.44501	0.01502	0.05825	0.01893	0.01463	0.02023	0.01409	0.06609	0.01235	0.00716	0.00686	0.00213	0.00817	0.00695	0.00342	0.00930
21	0.00793	0.00680	0.00680	0.00680	0.00906	0.00566	0.00510	0.00963	0.01529	0.01813	0.06797	0.06457	0.71961	0.01699	0.00793	0.00227	0.00340	0.01416	0.00623	0.00566
22	0.02506	0.03198	0.01901	0.01729	0.02074	0.73725	0.01296	0.02679	0.01901	0.01642	0.01037	0.01210	0.00864	0.00691	0.00605	0.00173	0.01210	0.00432	0.00346	0.00778
23	0.01395	0.03165	0.61233	0.02230	0.11772	0.01568	0.05111	0.02118	0.01437	0.02134	0.01218	0.01463	0.00884	0.00630	0.00647	0.00211	0.00972	0.00521	0.00292	0.00997
24	0.00976	0.00651	0.00732	0.00732	0.00732	0.00651	0.00407	0.00976	0.00976	0.01301	0.02114	0.04391	0.02439	0.76419	0.03415	0.00651	0.00651	0.00976	0.00407	0.00407
25	0.02551	0.01879	0.02014	0.01544	0.02081	0.02081	0.01275	0.69996	0.03155	0.04229	0.01611	0.01611	0.01141	0.00805	0.00671	0.00201	0.00738	0.00604	0.00671	0.01141
26	0.01661	0.01594	0.02724	0.04119	0.72233	0.01594	0.02059	0.02059	0.01528	0.02192	0.01262	0.01661	0.01063	0.00598	0.00664	0.00199	0.00797	0.00598	0.00332	0.01063
27	0.00818	0.00584	0.00779	0.00934	0.00973	0.00545	0.00623	0.00934	0.01285	0.01713	0.03698	0.75981	0.04438	0.02102	0.00856	0.00273	0.00389	0.01908	0.00623	0.00545
28	0.00812	0.00680	0.00706	0.00700	0.00918	0.00575	0.00525	0.01000	0.01575	0.01921	0.14799	0.06280	0.63892	0.01659	0.00793	0.00225	0.00337	0.01391	0.00637	0.00575
29	0.01060	0.00757	0.01057	0.01211	0.01357	0.00754	0.01044	0.01353	0.01524	0.01984	0.03564	0.13079	0.03908	0.01874	0.00921	0.00306	0.00599	0.62417	0.00618	0.00612
30	0.01301	0.01227	0.02073	0.68767	0.10397	0.01500	0.01880	0.01744	0.01358	0.01755	0.01199	0.01778	0.00909	0.00665	0.00670	0.00222	0.00886	0.00596	0.00301	0.00772
31	0.01661	0.01594	0.02724	0.04119	0.72233	0.01594	0.02059	0.02059	0.01528	0.02192	0.01262	0.01661	0.01063	0.00598	0.00664	0.00199	0.00797	0.00598	0.00332	0.01063
32	0.01794	0.76823	0.03516	0.01148	0.01722	0.02655	0.01148	0.02009	0.01363	0.01579	0.00933	0.01076	0.00861	0.00574	0.00431	0.00144	0.00718	0.00359	0.00287	0.00861
33	0.02366	0.04882	0.01746	0.01432	0.04611	0.10272	0.01105	0.13936	0.13674	0.29132	0.07988	0.02230	0.01876	0.00848	0.00666	0.00203	0.00664	0.00676	0.00668	0.01025
34	0.00866	0.00662	0.00758	0.00813	0.00960	0.00600	0.00579	0.01086	0.03627	0.01901	0.09618	0.34159	0.34173	0.01766	0.00798	0.00240	0.00363	0.01538	0.04914	0.00581
35	0.01746	0.12944	0.39110	0.01654	0.02398	0.07533	0.03679	0.02392	0.06585	0.11567	0.03247	0.01650	0.01192	0.00696	0.00623	0.00201	0.00869	0.00541	0.00405	0.00970
36	0.01694	0.01509	0.05674	0.02290	0.11114	0.01342	0.33065	0.02131	0.01635	0.14216	0.08661	0.07740	0.01979	0.00847	0.00758	0.00224	0.00840	0.02887	0.00488	0.00907
37	0.01451	0.17119	0.54441	0.01888	0.05233	0.01772	0.05037	0.02102	0.01418	0.02026	0.01162	0.01378	0.00867	0.00621	0.00606	0.00200	0.00939	0.00486	0.00288	0.00966
38	0.00818	0.00584	0.00779	0.00934	0.00973	0.00545	0.00623	0.00934	0.01285	0.01713	0.03698	0.75981	0.04438	0.02102	0.00856	0.00273	0.00389	0.01908	0.00623	0.00545
39	0.02184	0.01800	0.07041	0.05244	0.07004	0.08984	0.03702	0.19243	0.15055	0.17616	0.01958	0.03998	0.01444	0.00814	0.00674	0.00209	0.00746	0.00665	0.00591	0.01028
40	0.01450	0.01430	0.02420	0.11044	0.17197	0.03687	0.20681	0.05065	0.01525	0.02052	0.01932	0.16627	0.04076	0.00991	0.00861	0.00232	0.06552	0.00935	0.00412	0.00830
41	0.01447	0.01913	0.15158	0.02342	0.02957	0.01536	0.45805	0.01965	0.01485	0.02059	0.03651	0.04154	0.01364	0.06886	0.01039	0.00262	0.03976	0.00793	0.00354	0.00853
42	0.01381	0.01333	0.02102	0.57633	0.15894	0.04518	0.01850	0.01804	0.01403	0.01801	0.01266	0.01909	0.01007	0.00693	0.00674	0.00220	0.00883	0.02518	0.00315	0.00797
43	0.01572	0.01919	0.10095	0.02562	0.03233	0.01680	0.55043	0.02322	0.10127	0.02228	0.01512	0.01859	0.01129	0.00615	0.00764	0.00225	0.01044	0.00760	0.00376	0.00932
44	0.01346	0.03471	0.72942	0.01912	0.02904	0.01558	0.02479	0.02125	0.01417	0.02125	0.01204	0.01417	0.00850	0.00637	0.00637	0.00212	0.00992	0.00496	0.00283	0.00992
45	0.01661	0.01594	0.02724	0.04119	0.72233	0.01594	0.02059	0.02059	0.01528	0.02192	0.01262	0.01661	0.01063	0.00598	0.00664	0.00199	0.00797	0.00598	0.00332	0.01063
46	0.07998	0.07765	0.57713	0.01754	0.02641	0.01659	0.02168	0.06885	0.01513	0.02312	0.01194	0.01382	0.00861	0.00644	0.00609	0.00207	0.00918	0.00484	0.00322	0.00972
47	0.00959	0.00719	0.01078	0.01078	0.01198	0.00839	0.00839	0.01198	0.01078	0.01558	0.01797	0.02636	0.01677	0.05032	0.73760	0.01078	0.01797	0.00719	0.00359	0.00599
48	0.00829	0.00591	0.00783	0.00923	0.00966	0.00553	0.00616	0.00952	0.01304	0.01746	0.06954	0.70122	0.04462	0.04574	0.00940	0.00282	0.00395	0.01842	0.00621	0.00545
49	0.01738	0.67633	0.12214	0.01244	0.01870	0.02518	0.01315	0.02024	0.01370	0.01647	0.00967	0.01119	0.00860	0.00582	0.00456	0.00152	0.00752	0.00376	0.00287	0.00877
50	0.01794	0.76823	0.03516	0.01148	0.01722	0.02655	0.01148	0.02009	0.01363	0.01579	0.00933	0.01076	0.00861	0.00574	0.00431	0.00144	0.00718	0.00359	0.00287	0.00861
51	0.01037	0.00708	0.00912	0.00848	0.01029	0.00645	0.00641	0.01340	0.01871	0.06019	0.63395	0.04994	0.11272	0.01371	0.00786	0.00212	0.00331	0.01203	0.00734	0.00653
52	0.02599	0.01802	0.01966	0.01507	0.02042	0.01966	0.01245	0.62983	0.03025	0.11425	0.01720	0.01682	0.01196	0.00808	0.00672	0.00202	0.00721	0.00612	0.00688	0.01141
53	0.00838	0.00599	0.00802	0.00958	0.01006	0.00563	0.00659	0.00970	0.01305	0.01736	0.03687	0.70595	0.04392	0.02083	0.00862	0.00275	0.00407	0.07089	0.00622	0.00551
54	0.01346	0.03471	0.72942	0.01912	0.02904	0.01558	0.02479	0.02125	0.01417	0.02125	0.01204	0.01417	0.00850	0.00637	0.00637	0.00212	0.00992	0.00496	0.00283	0.00992
55	0.00798	0.00660	0.00700	0.00733	0.00920	0.00562	0.00534	0.00957	0.01478	0.01792	0.06147	0.21037	0.57801	0.01784	0.00806	0.00236	0.00350	0.01519	0.00623	0.00562
56	0.01346	0.03471	0.72942	0.01912	0.02904	0.01558	0.02479	0.02125	0.01417	0.02125	0.01204	0.01417	0.00850	0.00637	0.00637	0.00212	0.00992	0.00496	0.00283	0.00992
57	0.00818	0.00584	0.00779	0.00934	0.00973	0.00545	0.00623	0.00934	0.01285	0.01713	0.03698	0.75981	0.04438	0.02102	0.00856	0.00273	0.00389	0.01908	0.00623	0.00545
58	0.00836	0.00677	0.00733	0.00726	0.00924	0.00584	0.00537	0.01031	0.01586	0.01989	0.21231	0.08050	0.52673	0.04360	0.00890	0.00240	0.00347	0.01368	0.00641	0.00575
59	0.03980	0.74742	0.03446	0.01141	0.01710	0.02623	0.01136	0.02008	0.01357	0.01618	0.00933	0.01077	0.00857	0.00575	0.00430	0.00145	0.00712	0.00359	0.00291	0.00857
60	0.01346	0.03471	0.72942	0.01912	0.02904	0.01558	0.02479	0.02125	0.01417	0.02125	0.01204	0.01417	0.00850	0.00637	0.00637	0.00212	0.00992	0.00496	0.00283	0.00992
61	0.01676	0.57502	0.21803	0.01349	0.02033	0.02366	0.01499	0.02040	0.01377	0.01723	0.01004	0.01166	0.00858	0.00591	0.00485	0.00162	0.00790	0.00395	0.00286	0.00895
62	0.01492	0.10591	0.57178	0.01916	0.05155	0.01648	0.05082	0.02168	0.01447	0.05499	0.01255	0.01449	0.00905	0.00636	0.00626	0.00205	0.00943	0.00507	0.00314	0.00985
63	0.01375	0.01344	0.07034	0.03972	0.16650	0.01119	0.10949	0.01715	0.01441	0.05446	0.02051	0.23869	0.02061	0.01039	0.00705	0.00207	0.00668	0.00973	0.00453	0.16930
64	0.00900	0.00675	0.00834	0.00813	0.00977	0.00609	0.00603	0.01163	0.01754	0.02390	0.50003	0.11931	0.21848	0.01518	0.00798	0.00220	0.00329	0.01326	0.00700	0.00609
65	0.01589	0.01752	0.03413	0.05554	0.08420	0.04251	0.50689	0.02082	0.01542	0.02097	0.01298	0.01726	0.01003	0.00596	0.00804	0.00214	0.04152	0.00714	0.00341	0.07764
66	0.00959	0.00719	0.01078	0.01078	0.01198	0.00839	0.00839	0.01198	0.01078	0.01558	0.01797	0.02636	0.01677	0.05032	0.73760	0.01078	0.01797	0.00719	0.00359	0.00599
67	0.01644	0.01578	0.02694	0.07041	0.69438	0.01590	0.02051	0.02045	0.01520	0.02172	0.01259	0.01666	0.01056	0.00601	0.00665	0.00200	0.00801	0.00598	0.00331	0.01050
68	0.00854	0.00681	0.00767	0.00760	0.00955	0.00594	0.00571	0.01075	0.01643	0.02107	0.28272	0.08814	0.45455	0.01611	0.00799	0.00226	0.00342	0.03224	0.00661	0.00589
69	0.81159	0.01298	0.00986	0.00882	0.01298	0.01505	0.00727	0.01972	0.01142	0.03010	0.00934	0.01090	0.00727	0.00623	0.00415	0.00208	0.00519	0.00363	0.00415	0.00727
70	0.01588	0.31994	0.31032	0.01446	0.02132	0.01862	0.01632	0.02093	0.03487	0.06001	0.06524	0.01882	0.01464	0.00736	0.00582	0.00189	0.00781	0.03291	0.00375	0.00909
71	0.01106	0.00783	0.00939	0.00924	0.01112	0.00748	0.00681	0.03782	0.07543	0.06213	0.23150	0.27554	0.19719	0.01590	0.00793	0.00235	0.00392	0.01391	0.00674	0.00673
72	0.00976	0.00651	0.00732	0.00732	0.00732	0.00651	0.00407	0.00976	0.00976	0.01301	0.02114	0.04391	0.02439	0.76419	0.03415	0.00651	0.00651	0.00976	0.00407	0.00407
73	0.00896	0.00663	0.00838	0.00850	0.00991	0.00605	0.00623	0.01141	0.01682	0.02294	0.42957	0.22221	0.16629	0.01613	0.00811	0.00231	0.00346	0.03319	0.00689	0.00601
74	0.01052	0.00806	0.01076	0.01027	0.01082	0.00889	0.02647	0.01160	0.01117	0.01539	0.04911	0.09531	0.02526	0.41565	0.10686	0.00566	0.10664	0.06203	0.00431	0.00522
75	0.00913	0.00641	0.00870	0.01014	0.01084	0.00616	0.00749	0.01066	0.01335	0.01765	0.03508	0.50919	0.04080	0.04173	0.01022	0.03532	0.00471	0.21085	0.00602	0.00552
76	0.01628	0.01564	0.02671	0.07379	0.63905	0.01563	0.04050	0.02030	0.01515	0.02167	0.01259	0.01660	0.01050	0.00596	0.00661	0.00197	0.00799	0.00595	0.00333	0.04376
77	0.01584	0.01810	0.03959	0.02828	0.03507	0.01697	0.69796	0.02149	0.01584	0.02149	0.01357	0.01810	0.01018	0.00566	0.00792	0.00226	0.01131	0.00792	0.00339	0.00905
78	0.07309	0.02040	0.14615	0.01790	0.08532	0.01848	0.01515	0.39882	0.04402	0.06274	0.01509	0.01595	0.01093	0.00764	0.00710	0.00208	0.03732	0.00575	0.00546	0.01062
79	0.01478	0.05807	0.43409	0.02608	0.23219	0.01626	0.08246	0.02103	0.01462	0.02124	0.01223	0.01509	0.00928	0.00617	0.00650	0.00207	0.00936	0.00546	0.00303	0.00999
80	0.01004	0.00699	0.00909	0.00849	0.01020	0.00641	0.00639	0.01314	0.01888	0.04674	0.67851	0.04979	0.08254	0.01366	0.00788	0.00211	0.00325	0.01204	0.00738	0.00646
81	0.01257	0.00793	0.01019	0.00935	0.01147	0.00749	0.00710	0.01670	0.07055	0.11583	0.52579	0.09926	0.05266	0.01324	0.00773	0.00217	0.00371	0.01164	0.00737	0.00724
82	0.01802	0.05316	0.48530	0.01743	0.02572	0.04527	0.03864	0.04853	0.01607	0.16662	0.01504	0.01593	0.01033	0.00681	0.00642	0.00208	0.00900	0.00537	0.00414	0.01012
83	0.01496	0.01642	0.03467	0.02703	0.08893	0.01547	0.55710	0.01993	0.01542	0.02099	0.01636	0.10882	0.01441	0.00756	0.00789	0.00230	0.01013	0.00912	0.00373	0.00874
84	0.00817	0.00587	0.00775	0.00925	0.00971	0.00546	0.00619	0.00935	0.01294	0.01716	0.03811	0.73447	0.06899	0.02087	0.00854	0.00271	0.00387	0.01890	0.00623	0.00546
85	0.01357	0.03403	0.70568	0.01894	0.02866	0.01562	0.02432	0.02173	0.03730	0.02148	0.01255	0.01453	0.00890	0.00647	0.00639	0.00213	0.00976	0.00505	0.00297	0.00994
86	0.01626	0.03768	0.07893	0.20756	0.42142	0.01641	0.01947	0.08202	0.01619	0.02241	0.01264	0.01652	0.01007	0.00637	0.00658	0.00205	0.00828	0.00584	0.00350	0.00982
87	0.01794	0.76823	0.03516	0.01148	0.01722	0.02655	0.01148	0.02009	0.01363	0.01579	0.00933	0.01076	0.00861	0.00574	0.00431	0.00144	0.00718	0.00359	0.00287	0.00861
88	0.10724	0.01130	0.01396	0.01182	0.01556	0.01132	0.04225	0.06413	0.12688	0.22474	0.13540	0.05731	0.08522	0.01073	0.00703	0.00222	0.00534	0.05191	0.00675	0.00889
89	0.01560	0.02995	0.55155	0.01963	0.02857	0.01546	0.11450	0.04482	0.01540	0.08195	0.01361	0.01550	0.00951	0.00650	0.00663	0.00214	0.00966	0.00555	0.00350	0.00998
90	0.01497	0.01238	0.04357	0.09877	0.05733	0.02899	0.03585	0.08103	0.10372	0.08865	0.11287	0.12267	0.12639	0.01137	0.00724	0.00221	0.00589	0.00983	0.02805	0.00823
91	0.00984	0.00704	0.00835	0.00837	0.01011	0.00639	0.00610	0.01236	0.03911	0.05478	0.22761	0.23261	0.29553	0.03987	0.00881	0.00246	0.00374	0.01415	0.00659	0.00618
92	0.01733	0.65459	0.11892	0.01297	0.01925	0.02491	0.03624	0.02028	0.01377	0.01664	0.00980	0.01142	0.00865	0.00581	0.00468	0.00155	0.00765	0.00390	0.00288	0.00878
93	0.04536	0.07689	0.09027	0.04016	0.06019	0.07128	0.07124	0.22981	0.02087	0.18314	0.01612	0.01676	0.01144	0.00738	0.00690	0.00203	0.02874	0.00585	0.00539	0.01018
94	0.01666	0.01513	0.02153	0.17377	0.34140	0.06208	0.01663	0.07240	0.05439	0.04605	0.05697	0.02235	0.03502	0.00775	0.00683	0.00209	0.00771	0.02761	0.00428	0.00936
95	0.00799	0.00680	0.00689	0.00687	0.00910	0.00569	0.00515	0.00975	0.01545	0.01849	0.09488	0.06398	0.69248	0.01686	0.00793	0.00226	0.00339	0.01408	0.00628	0.00569
96	0.04318	0.22357	0.29707	0.05172	0.02443	0.01839	0.07108	0.06747	0.04605	0.04999	0.01374	0.04043	0.01094	0.00698	0.00602	0.00197	0.00833	0.00558	0.00372	0.00933
97	0.01697	0.02102	0.18259	0.05050	0.10091	0.07281	0.10585	0.13929	0.07119	0.02470	0.04525	0.02021	0.04948	0.00802	0.00793	0.00216	0.06071	0.00667	0.00436	0.00938
98	0.00818	0.00584	0.00779	0.00934	0.00973	0.00545	0.00623	0.00934	0.01285	0.01713	0.03698	0.75981	0.04438	0.02102	0.00856	0.00273	0.00389	0.01908	0.00623	0.00545
99	0.01369	0.03311	0.66325	0.02000	0.02962	0.01572	0.08937	0.02127	0.01433	0.02127	0.01219	0.01454	0.00866	0.00631	0.00652	0.00214	0.01005	0.00524	0.00289	0.00983
100	0.02014	0.20370	0.12809	0.01521	0.02071	0.17003	0.04126	0.13795	0.08267	0.06377	0.01634	0.01698	0.04009	0.00739	0.00605	0.00188	0.00840	0.00552	0.00447	0.00934
101	0.01719	0.08157	0.11485	0.09144	0.19832	0.04385	0.17328	0.10472	0.06621	0.02352	0.01381	0.01665	0.01066	0.00651	0.00671	0.00206	0.00889	0.00616	0.00388	0.00971
102	0.01534	0.15805	0.32917	0.02075	0.05667	0.01777	0.20917	0.04773	0.01523	0.02106	0.01308	0.04201	0.01050	0.00665	0.00654	0.00205	0.00942	0.00614	0.00330	0.00937
103	0.11349	0.06946	0.13227	0.05162	0.02076	0.04263	0.01326	0.21081	0.07831	0.12631	0.03392	0.04802	0.01414	0.00810	0.00629	0.00206	0.00712	0.00627	0.00544	0.00972
104	0.03872	0.27470	0.30128	0.01750	0.02468	0.01951	0.13246	0.02101	0.01418	0.04392	0.01166	0.01393	0.00908	0.00636	0.00665	0.00195	0.04497	0.00507	0.00317	0.00919
105	0.00823	0.00635	0.00752	0.00820	0.00950	0.00564	0.00578	0.00985	0.01456	0.01869	0.13000	0.39397	0.32060	0.01853	0.00823	0.00247	0.00361	0.01626	0.00637	0.00564
106	0.01764	0.58585	0.13620	0.01357	0.01989	0.04331	0.04123	0.04310	0.01454	0.01772	0.01015	0.01177	0.00875	0.00594	0.00488	0.00160	0.00788	0.00406	0.00303	0.00889
107	0.06423	0.12357	0.10058	0.01609	0.05162	0.01916	0.03728	0.32472	0.09200	0.08214	0.01598	0.01634	0.01168	0.00740	0.00625	0.00199	0.00735	0.00572	0.00547	0.01044
108	0.01376	0.03569	0.04435	0.51981	0.12238	0.01568	0.11667	0.01838	0.01401	0.01841	0.01217	0.01746	0.00930	0.00643	0.00680	0.00219	0.00915	0.00615	0.00307	0.00816
109	0.00862	0.00665	0.00797	0.00869	0.01017	0.00600	0.00652	0.01050	0.01483	0.01886	0.10630	0.28985	0.33306	0.01828	0.00836	0.00254	0.00401	0.12673	0.00632	0.00574
110	0.04203	0.11257	0.02325	0.15117	0.23413	0.04935	0.01549	0.15475	0.04638	0.08624	0.01437	0.01651	0.01096	0.00686	0.00629	0.00198	0.00772	0.00567	0.00447	0.00981
111	0.04629	0.06727	0.35905	0.01533	0.02228	0.01473	0.01694	0.05393	0.09696	0.14862	0.05744	0.04046	0.01560	0.00791	0.00646	0.00210	0.00763	0.00632	0.00485	0.00982
112	0.00818	0.00584	0.00779	0.00934	0.00973	0.00545	0.00623	0.00934	0.01285	0.01713	0.03698	0.75981	0.04438	0.02102	0.00856	0.00273	0.00389	0.01908	0.00623	0.00545
113	0.01661	0.01594	0.02724	0.04119	0.72233	0.01594	0.02059	0.02059	0.01528	0.02192	0.01262	0.01661	0.01063	0.00598	0.00664	0.00199	0.00797	0.00598	0.00332	0.01063
114	0.04207	0.01491	0.01730	0.03957	0.01956	0.03520	0.04433	0.16681	0.30941	0.16892	0.05322	0.02258	0.01819	0.00855	0.00679	0.00215	0.00631	0.00707	0.00666	0.01040
115	0.04039	0.04233	0.07733	0.01439	0.01920	0.01367	0.11377	0.17796	0.03653	0.12319	0.12927	0.02987	0.13321	0.00976	0.00709	0.00211	0.00657	0.00842	0.00592	0.00902
116	0.00818	0.00584	0.00779	0.00934	0.00973	0.00545	0.00623	0.00934	0.01285	0.01713	0.03698	0.75981	0.04438	0.02102	0.00856	0.00273	0.00389	0.01908	0.00623	0.00545
117	0.00959	0.00719	0.01078	0.01078	0.01198	0.00839	0.00839	0.01198	0.01078	0.01558	0.01797	0.02636	0.01677	0.05032	0.73760	0.01078	0.01797	0.00719	0.00359	0.00599
118	0.11852	0.01234	0.01483	0.01169	0.01655	0.04240	0.00957	0.03023	0.01830	0.59043	0.04903	0.02199	0.01689	0.00820	0.00646	0.00206	0.00584	0.00648	0.00758	0.01060
119	0.01661	0.01594	0.02724	0.04119	0.72233	0.01594	0.02059	0.02059	0.01528	0.02192	0.01262	0.01661	0.01063	0.00598	0.00664	0.00199	0.00797	0.00598	0.00332	0.01063
120	0.00976	0.00651	0.00732	0.00732	0.00732	0.00651	0.00407	0.00976	0.00976	0.01301	0.02114	0.04391	0.02439	0.76419	0.03415	0.00651	0.00651	0.00976	0.00407	0.00407
121	0.81159	0.01298	0.00986	0.00882	0.01298	0.01505	0.00727	0.01972	0.01142	0.03010	0.00934	0.01090	0.00727	0.00623	0.00415	0.00208	0.00519	0.00363	0.00415	0.00727
122	0.01794	0.76823	0.03516	0.01148	0.01722	0.02655	0.01148	0.02009	0.01363	0.01579	0.00933	0.01076	0.00861	0.00574	0.00431	0.00144	0.00718	0.00359	0.00287	0.00861
123	0.02510	0.03088	0.01911	0.01713	0.02075	0.67766	0.01295	0.08279	0.02006	0.01857	0.01085	0.01243	0.00887	0.00701	0.00611	0.00175	0.01171	0.00446	0.00373	0.00808
124	0.00793	0.00680	0.00680	0.00680	0.00906	0.00566	0.00510	0.00963	0.01529	0.01813	0.06797	0.06457	0.71961	0.01699	0.00793	0.00227	0.00340	0.01416	0.00623	0.00566
125	0.02506	0.03198	0.01901	0.01729	0.02074	0.73725	0.01296	0.02679	0.01901	0.01642	0.01037	0.01210	0.00864	0.00691	0.00605	0.00173	0.01210	0.00432	0.00346	0.00778
126	0.00818	0.00584	0.00779	0.00934	0.00973	0.00545	0.00623	0.00934	0.01285	0.01713	0.03698	0.75981	0.04438	0.02102	0.00856	0.00273	0.00389	0.01908	0.00623	0.00545
127	0.01346	0.03471	0.72942	0.01912	0.02904	0.01558	0.02479	0.02125	0.01417	0.02125	0.01204	0.01417	0.00850	0.00637	0.00637	0.00212	0.00992	0.00496	0.00283	0.00992
128	0.01267	0.01193	0.02013	0.74806	0.04621	0.01491	0.01863	0.01714	0.01342	0.01714	0.01193	0.01789	0.00894	0.00671	0.00671	0.00224	0.00894	0.00596	0.00298	0.00745

[dist]
# distance from previous block
# <min> <max>
0	0

# created by:
# /home/berkeley/.conda/envs/busco_data_prod/bin/msa2prfl.pl pipeline/OGs_align_augustus/4893/35468.fs
