[name]
unknown

[dist]
# distance from previous block
# <min> <max>
3	21

[block]
# block no. 0 follows, 32 sequences, length 16
# corresponding to MSA columns:
# 21-26,29-38
name=unknown_A
#
# <colnr> <probs for GDERKNQSTAVLIFYWHMCP>
#	G	D	E	R	K	N	Q	S	T	A	V	L	I	F	Y	W	H	M	C	P
0	0.00815	0.00618	0.00744	0.00842	0.00942	0.00556	0.00577	0.00945	0.01354	0.01730	0.04667	0.50216	0.26769	0.04766	0.00932	0.00271	0.00383	0.01709	0.00615	0.00547
1	0.00966	0.00646	0.00735	0.00744	0.00747	0.00644	0.00420	0.00973	0.00995	0.01326	0.02211	0.08778	0.02562	0.71865	0.03258	0.00627	0.00635	0.01033	0.00420	0.00415
2	0.01609	0.01541	0.02630	0.13410	0.63346	0.01581	0.02034	0.02014	0.01503	0.02129	0.01253	0.01678	0.01041	0.00607	0.00665	0.00202	0.00810	0.00598	0.00328	0.01021
3	0.09933	0.01950	0.01907	0.01499	0.02007	0.08808	0.01226	0.57232	0.02847	0.03869	0.01493	0.01524	0.01076	0.00778	0.00641	0.00199	0.00762	0.00565	0.00616	0.01068
4	0.00812	0.00648	0.00714	0.00764	0.00917	0.00565	0.00539	0.00955	0.01418	0.01750	0.05528	0.28403	0.46280	0.06389	0.00973	0.00267	0.00375	0.01545	0.00610	0.00550
5	0.02545	0.01782	0.01940	0.01499	0.02025	0.01949	0.01235	0.59608	0.06946	0.10876	0.01777	0.01729	0.01244	0.00814	0.00672	0.00203	0.00710	0.00620	0.00688	0.01137
6	0.17342	0.02742	0.01737	0.01555	0.01928	0.54825	0.01187	0.07509	0.01851	0.02091	0.01060	0.01217	0.00859	0.00687	0.00574	0.00182	0.01045	0.00432	0.00383	0.00795
7	0.00964	0.00645	0.00735	0.00747	0.00750	0.00642	0.00423	0.00973	0.01000	0.01333	0.02236	0.09907	0.02593	0.70693	0.03218	0.00621	0.00630	0.01048	0.00423	0.00417
8	0.01575	0.01784	0.03817	0.02748	0.03377	0.01724	0.64696	0.02109	0.01542	0.02109	0.01322	0.01784	0.01008	0.00611	0.00897	0.00231	0.06659	0.00777	0.00336	0.00892
9	0.00942	0.00636	0.00742	0.00775	0.00783	0.00628	0.00453	0.00967	0.01042	0.01389	0.02452	0.19640	0.02865	0.60589	0.02870	0.00570	0.00595	0.01174	0.00453	0.00436
10	0.01391	0.01193	0.01391	0.00994	0.01590	0.00894	0.00795	0.01690	0.01391	0.02186	0.01193	0.01391	0.00994	0.00497	0.00497	0.00099	0.00497	0.00398	0.00398	0.80521
11	0.00961	0.00709	0.01028	0.01028	0.01130	0.00811	0.00776	0.01166	0.01063	0.01520	0.01844	0.02892	0.01789	0.15455	0.63489	0.01016	0.01630	0.00756	0.00366	0.00571
12	0.02199	0.01609	0.01707	0.01406	0.01858	0.03832	0.01128	0.30174	0.31318	0.11798	0.02205	0.02080	0.01592	0.00848	0.00669	0.00211	0.00633	0.00673	0.02977	0.01083
13	0.00952	0.00796	0.01006	0.00986	0.01181	0.00753	0.04569	0.01329	0.09706	0.01910	0.04757	0.33672	0.32450	0.01703	0.00805	0.00245	0.00428	0.01500	0.00614	0.00636
14	0.06183	0.16618	0.42117	0.01725	0.02508	0.01745	0.07518	0.02166	0.01429	0.07496	0.01250	0.01435	0.00922	0.00653	0.00658	0.00203	0.03581	0.00504	0.00339	0.00947
15	0.11401	0.18350	0.20618	0.01498	0.02136	0.05547	0.03107	0.20568	0.03742	0.05170	0.01311	0.01416	0.00982	0.00683	0.00580	0.00193	0.00795	0.00497	0.00439	0.00967

[dist]
# distance from previous block
# <min> <max>
0	1

[block]
# block no. 1 follows, 32 sequences, length 20
# corresponding to MSA columns:
# 40-59
name=unknown_B
#
# <colnr> <probs for GDERKNQSTAVLIFYWHMCP>
#	G	D	E	R	K	N	Q	S	T	A	V	L	I	F	Y	W	H	M	C	P
0	0.01530	0.12555	0.24486	0.07869	0.08396	0.06269	0.01649	0.02320	0.16468	0.02152	0.05556	0.04771	0.01581	0.00789	0.00639	0.00206	0.00782	0.00642	0.00418	0.00923
1	0.01873	0.01308	0.01526	0.01139	0.01692	0.01153	0.00922	0.14773	0.04378	0.14231	0.03451	0.01717	0.01312	0.00648	0.00573	0.00144	0.00551	0.00517	0.00540	0.47551
2	0.01304	0.00950	0.01105	0.01030	0.01272	0.02783	0.00792	0.01881	0.15759	0.09067	0.19145	0.07549	0.15883	0.02065	0.15904	0.00399	0.00724	0.01018	0.00620	0.00750
3	0.01402	0.01175	0.01619	0.01398	0.01564	0.03044	0.06214	0.04635	0.04225	0.05891	0.11664	0.10467	0.02374	0.08915	0.08667	0.00372	0.24282	0.00892	0.00476	0.00722
4	0.01825	0.02613	0.32403	0.05990	0.10081	0.08592	0.05074	0.20623	0.01951	0.02638	0.01312	0.01514	0.00963	0.00683	0.00655	0.00206	0.00924	0.00549	0.00403	0.01002
5	0.01818	0.01535	0.01593	0.01401	0.01795	0.03861	0.01108	0.15231	0.52969	0.02980	0.02527	0.02590	0.01953	0.00938	0.00692	0.00226	0.00593	0.04481	0.00667	0.01043
6	0.03963	0.01424	0.03981	0.01166	0.01728	0.04257	0.00972	0.08483	0.04776	0.17929	0.01607	0.01643	0.01184	0.00634	0.00568	0.00148	0.00586	0.00498	0.00525	0.43930
7	0.00964	0.00785	0.01213	0.01131	0.01271	0.00738	0.10467	0.01121	0.01276	0.01684	0.03276	0.41074	0.10022	0.20035	0.01467	0.00354	0.00555	0.01472	0.00529	0.00565
8	0.08784	0.00659	0.00897	0.00887	0.00934	0.00686	0.00612	0.00999	0.00912	0.01365	0.01182	0.01985	0.01155	0.02332	0.06737	0.67993	0.00651	0.00570	0.00307	0.00352
9	0.01557	0.10271	0.15269	0.02160	0.02811	0.01710	0.37459	0.02278	0.10549	0.02189	0.01513	0.01793	0.01148	0.00637	0.00692	0.00211	0.00934	0.00679	0.05221	0.00918
10	0.01422	0.00799	0.01027	0.00959	0.01172	0.00745	0.00720	0.04834	0.01741	0.16552	0.28984	0.25625	0.04243	0.01415	0.00759	0.00225	0.00409	0.01244	0.06392	0.00732
11	0.01158	0.01191	0.07955	0.01109	0.01290	0.05340	0.03357	0.01373	0.02921	0.01608	0.05181	0.05154	0.04026	0.38900	0.12154	0.00553	0.04867	0.00873	0.00409	0.00581
12	0.01745	0.16587	0.14886	0.04160	0.02362	0.17415	0.13346	0.05884	0.01597	0.01952	0.01351	0.06971	0.01195	0.00901	0.02873	0.00227	0.04711	0.00633	0.00358	0.00848
13	0.65763	0.01267	0.01099	0.00944	0.01379	0.01403	0.00778	0.02228	0.01295	0.16739	0.01272	0.01325	0.00911	0.00664	0.00466	0.00208	0.00529	0.00425	0.00497	0.00808
14	0.01483	0.01311	0.01614	0.11889	0.02102	0.01524	0.03409	0.04624	0.39307	0.02396	0.02676	0.07309	0.08074	0.01034	0.00853	0.00235	0.07840	0.00847	0.00569	0.00905
15	0.01487	0.01328	0.02078	0.57832	0.10455	0.01585	0.01797	0.11527	0.01618	0.02118	0.01259	0.01752	0.00945	0.00683	0.00670	0.00218	0.00863	0.00598	0.00355	0.00831
16	0.01661	0.01594	0.02724	0.04119	0.72233	0.01594	0.02059	0.02059	0.01528	0.02192	0.01262	0.01661	0.01063	0.00598	0.00664	0.00199	0.00797	0.00598	0.00332	0.01063
17	0.02473	0.01616	0.02020	0.04208	0.14423	0.01692	0.01357	0.38512	0.02490	0.21616	0.01806	0.01800	0.01255	0.00771	0.00671	0.00203	0.00710	0.00621	0.00641	0.01115
18	0.01756	0.66007	0.03221	0.01153	0.01714	0.02458	0.01117	0.02098	0.06362	0.01710	0.01080	0.01201	0.00956	0.00593	0.00453	0.00146	0.00688	0.00390	0.00323	0.06573
19	0.02403	0.02068	0.12149	0.01578	0.02179	0.01947	0.01432	0.56687	0.02839	0.07608	0.01608	0.01619	0.01127	0.00783	0.00667	0.00203	0.00766	0.00592	0.00624	0.01120

[dist]
# distance from previous block
# <min> <max>
0	3

[block]
# block no. 2 follows, 32 sequences, length 11
# corresponding to MSA columns:
# 63-73
name=unknown_C
#
# <colnr> <probs for GDERKNQSTAVLIFYWHMCP>
#	G	D	E	R	K	N	Q	S	T	A	V	L	I	F	Y	W	H	M	C	P
0	0.01172	0.01000	0.01514	0.01582	0.09095	0.01047	0.07356	0.04446	0.04802	0.02003	0.06189	0.40090	0.03125	0.01701	0.04495	0.00293	0.07514	0.01333	0.00533	0.00711
1	0.01570	0.04886	0.01582	0.01103	0.01627	0.01114	0.00903	0.01844	0.01400	0.08658	0.01282	0.01467	0.01037	0.00605	0.00695	0.00133	0.08600	0.00442	0.00421	0.60632
2	0.00921	0.00685	0.00858	0.00814	0.00985	0.00621	0.00611	0.01211	0.01832	0.02531	0.60075	0.05274	0.18235	0.01431	0.00792	0.00214	0.00321	0.01250	0.00718	0.00621
3	0.01669	0.01441	0.01517	0.01365	0.01745	0.01669	0.01062	0.03565	0.71021	0.02807	0.02731	0.02503	0.02048	0.00910	0.00683	0.00228	0.00531	0.00759	0.00683	0.01062
4	0.01179	0.00732	0.00920	0.00868	0.01074	0.00653	0.00652	0.01424	0.01726	0.12015	0.37160	0.15500	0.20568	0.01481	0.00785	0.00223	0.00368	0.01289	0.00707	0.00675
5	0.01031	0.00742	0.00881	0.00848	0.00848	0.00808	0.00526	0.01048	0.00982	0.01336	0.01976	0.04062	0.02264	0.67963	0.03279	0.00610	0.09028	0.00932	0.00394	0.00443
6	0.01755	0.01445	0.02137	0.10561	0.34945	0.01517	0.01594	0.10176	0.11633	0.07653	0.08177	0.02146	0.01728	0.00763	0.00681	0.00208	0.00702	0.00684	0.00492	0.01003
7	0.07894	0.01072	0.01384	0.01151	0.01471	0.01094	0.00918	0.02152	0.01428	0.29604	0.01914	0.02295	0.01507	0.10372	0.13845	0.00410	0.10817	0.00652	0.00549	0.09469
8	0.01863	0.04572	0.04514	0.02590	0.29852	0.13041	0.06598	0.15337	0.01900	0.02435	0.01894	0.02087	0.08794	0.00772	0.00671	0.00199	0.00829	0.00665	0.00430	0.00958
9	0.01469	0.04494	0.05940	0.34881	0.12152	0.01448	0.03401	0.02050	0.09252	0.05713	0.01767	0.02078	0.04600	0.00738	0.00653	0.00209	0.00760	0.00644	0.04266	0.03482
10	0.12533	0.11242	0.06630	0.05927	0.02206	0.10480	0.11778	0.14323	0.04957	0.02527	0.04860	0.04764	0.01411	0.00768	0.00624	0.00201	0.00794	0.00633	0.02473	0.00870

[dist]
# distance from previous block
# <min> <max>
0	8

[block]
# block no. 3 follows, 32 sequences, length 31
# corresponding to MSA columns:
# 82-112
name=unknown_D
#
# <colnr> <probs for GDERKNQSTAVLIFYWHMCP>
#	G	D	E	R	K	N	Q	S	T	A	V	L	I	F	Y	W	H	M	C	P
0	0.12480	0.07137	0.19801	0.01536	0.03545	0.06774	0.08391	0.02123	0.03025	0.10723	0.13981	0.03998	0.02042	0.00823	0.00645	0.00206	0.00740	0.00686	0.00476	0.00868
1	0.01719	0.10500	0.01605	0.01191	0.01543	0.14184	0.00941	0.07831	0.11007	0.06369	0.06541	0.12857	0.05435	0.01007	0.00640	0.00192	0.00632	0.00815	0.06480	0.08511
2	0.08517	0.11700	0.32926	0.12303	0.02666	0.10320	0.01799	0.02207	0.01479	0.08355	0.01256	0.01454	0.00922	0.00657	0.00597	0.00200	0.00892	0.00491	0.00354	0.00905
3	0.03983	0.06296	0.20974	0.12092	0.03807	0.01447	0.06536	0.07450	0.04241	0.08139	0.05233	0.05277	0.02893	0.00785	0.00651	0.00203	0.00762	0.00666	0.00442	0.08125
4	0.00870	0.00612	0.00794	0.00919	0.00960	0.00584	0.00618	0.00980	0.01245	0.01656	0.03377	0.56406	0.04000	0.16613	0.01362	0.00349	0.00459	0.07090	0.00580	0.00524
5	0.00827	0.00672	0.00733	0.00738	0.00932	0.00578	0.00546	0.01022	0.01581	0.01982	0.19739	0.12874	0.52091	0.01672	0.00799	0.00228	0.00340	0.01422	0.00647	0.00578
6	0.01729	0.01084	0.01509	0.06829	0.08530	0.01087	0.02887	0.08015	0.06206	0.19465	0.02597	0.22114	0.02459	0.06226	0.00926	0.00263	0.00604	0.06014	0.00608	0.00848
7	0.02365	0.02962	0.01922	0.01733	0.02032	0.63939	0.01320	0.02534	0.01782	0.01638	0.01016	0.01245	0.00867	0.00757	0.00823	0.00189	0.11312	0.00453	0.00339	0.00772
8	0.06733	0.06158	0.01622	0.01181	0.01610	0.01190	0.00984	0.02758	0.01730	0.49941	0.06304	0.02232	0.01759	0.00865	0.00789	0.00209	0.07754	0.00658	0.04515	0.01007
9	0.01161	0.00744	0.00929	0.00905	0.01105	0.00677	0.00687	0.01433	0.03319	0.10670	0.27565	0.18852	0.21329	0.01553	0.00798	0.00234	0.00395	0.06286	0.00688	0.00670
10	0.01380	0.01365	0.02206	0.13900	0.06515	0.01688	0.11561	0.01654	0.01217	0.01751	0.01333	0.08822	0.01289	0.01213	0.04399	0.00296	0.37561	0.00752	0.00338	0.00757
11	0.01517	0.01372	0.02066	0.02855	0.41456	0.04254	0.01601	0.01859	0.01492	0.02125	0.01781	0.02881	0.01665	0.00914	0.00812	0.00222	0.06619	0.13689	0.09934	0.00886
12	0.02298	0.01214	0.01436	0.01147	0.01553	0.01199	0.00916	0.22097	0.02088	0.32154	0.02547	0.02672	0.06856	0.09914	0.00990	0.00255	0.00587	0.00741	0.08374	0.00961
13	0.01661	0.01594	0.02724	0.04119	0.72233	0.01594	0.02059	0.02059	0.01528	0.02192	0.01262	0.01661	0.01063	0.00598	0.00664	0.00199	0.00797	0.00598	0.00332	0.01063
14	0.01007	0.00820	0.01019	0.09689	0.01477	0.00816	0.00782	0.01447	0.08582	0.02291	0.34747	0.04861	0.27238	0.01352	0.00767	0.00219	0.00415	0.01162	0.00642	0.00667
15	0.00835	0.00628	0.00778	0.00890	0.00992	0.00572	0.00633	0.00984	0.01377	0.01768	0.04553	0.50298	0.23300	0.01967	0.00845	0.00263	0.00396	0.07743	0.00622	0.00558
16	0.01536	0.01467	0.02497	0.26593	0.50737	0.01561	0.01997	0.01950	0.01469	0.02040	0.01240	0.01701	0.01009	0.00621	0.00666	0.00207	0.00828	0.00597	0.00321	0.00962
17	0.00844	0.00647	0.00747	0.00789	0.00920	0.00579	0.00550	0.00997	0.01436	0.01840	0.14146	0.27944	0.33382	0.10721	0.01126	0.00290	0.00389	0.01491	0.00613	0.00550
18	0.01391	0.01193	0.01391	0.00994	0.01590	0.00894	0.00795	0.01690	0.01391	0.02186	0.01193	0.01391	0.00994	0.00497	0.00497	0.00099	0.00497	0.00398	0.00398	0.80521
19	0.81159	0.01298	0.00986	0.00882	0.01298	0.01505	0.00727	0.01972	0.01142	0.03010	0.00934	0.01090	0.00727	0.00623	0.00415	0.00208	0.00519	0.00363	0.00415	0.00727
20	0.00822	0.00604	0.00772	0.00892	0.00965	0.00554	0.00607	0.00959	0.01358	0.01788	0.08368	0.61510	0.14344	0.01999	0.00843	0.00262	0.00378	0.01793	0.00630	0.00554
21	0.01364	0.00698	0.00799	0.00746	0.00942	0.00667	0.00569	0.01672	0.01594	0.10245	0.20666	0.03142	0.02933	0.00943	0.00577	0.00176	0.00342	0.00786	0.50456	0.00684
22	0.03440	0.01626	0.01958	0.21333	0.17639	0.11412	0.01469	0.07385	0.05493	0.02201	0.01299	0.01602	0.01029	0.00641	0.00616	0.00181	0.00786	0.00533	0.00388	0.18969
23	0.00940	0.00678	0.00888	0.00851	0.01000	0.00627	0.00632	0.01241	0.01853	0.02618	0.66789	0.10310	0.06190	0.01426	0.00796	0.00216	0.00322	0.01265	0.00730	0.00627
24	0.00824	0.00593	0.00771	0.00910	0.00958	0.00551	0.00606	0.00938	0.01284	0.01699	0.03804	0.68480	0.08296	0.05640	0.00975	0.00288	0.00399	0.01834	0.00613	0.00540
25	0.01595	0.44225	0.34369	0.01488	0.02247	0.02168	0.01740	0.02061	0.01387	0.01821	0.01053	0.01228	0.00856	0.00602	0.00523	0.00174	0.00839	0.00420	0.00285	0.00919
26	0.01112	0.00875	0.01027	0.00956	0.01178	0.00886	0.00726	0.01809	0.19247	0.02616	0.46788	0.04552	0.13011	0.01294	0.00764	0.00217	0.00373	0.01123	0.00711	0.00733
27	0.00944	0.00686	0.00795	0.00822	0.00913	0.00661	0.00552	0.02738	0.01263	0.01631	0.03629	0.18687	0.20079	0.34293	0.05442	0.00464	0.00579	0.04793	0.00518	0.00512
28	0.01724	0.52714	0.21598	0.01387	0.02055	0.07089	0.01507	0.02084	0.01413	0.01726	0.01011	0.01174	0.00858	0.00598	0.00496	0.00164	0.00822	0.00400	0.00290	0.00890
29	0.11557	0.01722	0.06089	0.01394	0.01892	0.01763	0.01185	0.37095	0.16867	0.03436	0.01813	0.05096	0.01406	0.00838	0.00640	0.00206	0.00656	0.00650	0.00603	0.05090
30	0.07311	0.41626	0.02686	0.01316	0.01817	0.16228	0.01163	0.12413	0.06033	0.02159	0.01166	0.01272	0.00968	0.00656	0.00515	0.00167	0.00792	0.00435	0.00389	0.00890

[dist]
# distance from previous block
# <min> <max>
0	12

[block]
# block no. 4 follows, 32 sequences, length 17
# corresponding to MSA columns:
# 125-141
name=unknown_E
#
# <colnr> <probs for GDERKNQSTAVLIFYWHMCP>
#	G	D	E	R	K	N	Q	S	T	A	V	L	I	F	Y	W	H	M	C	P
0	0.01747	0.01233	0.01590	0.01230	0.01736	0.01082	0.05331	0.08333	0.05317	0.14513	0.01891	0.06701	0.01590	0.00802	0.00624	0.00168	0.00576	0.05239	0.00538	0.39757
1	0.02069	0.26924	0.02984	0.01769	0.02318	0.15866	0.20153	0.09097	0.01762	0.09041	0.01308	0.01478	0.01012	0.00643	0.00612	0.00184	0.00914	0.00548	0.00405	0.00913
2	0.02184	0.06267	0.01942	0.01666	0.08461	0.07968	0.01241	0.30076	0.13126	0.10269	0.05217	0.02188	0.01659	0.00855	0.00670	0.00205	0.00708	0.03665	0.00607	0.01025
3	0.01475	0.01185	0.01309	0.01180	0.01483	0.01295	0.00910	0.11521	0.34049	0.02792	0.18986	0.11191	0.07426	0.01181	0.00732	0.00225	0.00482	0.01008	0.00684	0.00887
4	0.00948	0.00671	0.00887	0.00907	0.00964	0.00718	0.00620	0.01066	0.01060	0.01465	0.02185	0.13007	0.02374	0.36032	0.33293	0.00785	0.01109	0.00987	0.00415	0.00507
5	0.00830	0.00681	0.00731	0.00718	0.00929	0.00582	0.00539	0.01034	0.01616	0.02019	0.22065	0.06118	0.56565	0.01622	0.00793	0.00223	0.00334	0.01369	0.00650	0.00582
6	0.00904	0.00684	0.00833	0.00796	0.00974	0.00614	0.00597	0.01178	0.01791	0.02434	0.52857	0.05435	0.25513	0.01467	0.00792	0.00216	0.00323	0.01273	0.00705	0.00614
7	0.01629	0.01399	0.01483	0.01336	0.01703	0.01611	0.01038	0.03437	0.67168	0.02800	0.06586	0.02643	0.02287	0.00936	0.00689	0.00227	0.00519	0.00784	0.00686	0.01038
8	0.01346	0.03471	0.72942	0.01912	0.02904	0.01558	0.02479	0.02125	0.01417	0.02125	0.01204	0.01417	0.00850	0.00637	0.00637	0.00212	0.00992	0.00496	0.00283	0.00992
9	0.01299	0.01105	0.01779	0.54046	0.03662	0.01341	0.01567	0.01673	0.01347	0.05044	0.05641	0.02226	0.01415	0.06231	0.05466	0.00308	0.04097	0.00671	0.00361	0.00724
10	0.01016	0.00703	0.00903	0.00843	0.01021	0.00641	0.00635	0.01317	0.01865	0.05365	0.63052	0.05040	0.12299	0.01381	0.00787	0.00212	0.00329	0.01211	0.00731	0.00647
11	0.01608	0.01540	0.03920	0.01974	0.08305	0.01580	0.19931	0.10149	0.21683	0.02574	0.08453	0.02512	0.06065	0.00877	0.00823	0.00224	0.05521	0.00800	0.00524	0.00937
12	0.01642	0.01185	0.01446	0.04359	0.01746	0.00936	0.00874	0.01940	0.01473	0.13307	0.01422	0.01550	0.01095	0.00557	0.00533	0.00122	0.00527	0.00450	0.00461	0.64375
13	0.00899	0.00627	0.00785	0.00845	0.00893	0.00600	0.00548	0.01014	0.01295	0.01758	0.16444	0.36750	0.04099	0.28306	0.01751	0.00395	0.00468	0.01442	0.00569	0.00513
14	0.01702	0.11620	0.04508	0.01508	0.06319	0.16967	0.05253	0.05102	0.01572	0.01998	0.03862	0.01842	0.01318	0.09320	0.00899	0.00211	0.00777	0.00546	0.00386	0.24289
15	0.01497	0.06281	0.01414	0.01104	0.01396	0.01191	0.00847	0.09613	0.16885	0.02124	0.01716	0.06667	0.01518	0.01383	0.01330	0.28650	0.00571	0.00662	0.00462	0.14691
16	0.01664	0.17908	0.17355	0.01893	0.09149	0.05754	0.12327	0.06698	0.01628	0.05424	0.05436	0.08663	0.01601	0.00811	0.00652	0.00201	0.00818	0.00708	0.00411	0.00901

[dist]
# distance from previous block
# <min> <max>
4	9

[block]
# block no. 5 follows, 32 sequences, length 18
# corresponding to MSA columns:
# 151-168
name=unknown_F
#
# <colnr> <probs for GDERKNQSTAVLIFYWHMCP>
#	G	D	E	R	K	N	Q	S	T	A	V	L	I	F	Y	W	H	M	C	P
0	0.01605	0.11639	0.22139	0.03321	0.02349	0.07299	0.15433	0.04910	0.01518	0.05808	0.01552	0.06378	0.01367	0.10585	0.01019	0.00263	0.00886	0.00698	0.00383	0.00846
1	0.21864	0.01382	0.01544	0.01214	0.01713	0.01412	0.01002	0.21233	0.02070	0.37018	0.01947	0.01810	0.01292	0.00773	0.00611	0.00206	0.00604	0.00580	0.00686	0.01041
2	0.00833	0.00639	0.00767	0.00842	0.00969	0.00572	0.00601	0.00999	0.01452	0.01866	0.12059	0.39491	0.29998	0.01863	0.00829	0.00250	0.00373	0.04398	0.00635	0.00565
3	0.07161	0.01630	0.12621	0.01680	0.07520	0.04610	0.08945	0.08008	0.01623	0.07311	0.05427	0.06349	0.01778	0.01233	0.06581	0.00285	0.03382	0.04809	0.08206	0.00842
4	0.00855	0.00611	0.00818	0.00956	0.01016	0.00575	0.00668	0.01007	0.01363	0.01826	0.09583	0.63195	0.04546	0.02015	0.00858	0.00271	0.00405	0.08240	0.00632	0.00560
5	0.71758	0.01218	0.00974	0.00880	0.01253	0.01399	0.00712	0.01858	0.01149	0.02851	0.03597	0.01312	0.00971	0.00788	0.00606	0.06641	0.00517	0.00413	0.00417	0.00688
6	0.00839	0.00661	0.00760	0.00795	0.00961	0.00582	0.00584	0.01029	0.01536	0.01954	0.17549	0.23244	0.40777	0.01746	0.00814	0.00239	0.00360	0.04351	0.00643	0.00575
7	0.01687	0.01217	0.01450	0.01242	0.01520	0.01351	0.00980	0.29254	0.01955	0.04281	0.02035	0.06205	0.05660	0.05453	0.20368	0.08261	0.05001	0.00764	0.00519	0.00797
8	0.01607	0.17915	0.10082	0.02388	0.03073	0.01888	0.49127	0.02117	0.01522	0.02026	0.01253	0.01618	0.00970	0.00574	0.00701	0.00207	0.01031	0.00673	0.00323	0.00903
9	0.00827	0.00624	0.00765	0.00849	0.00958	0.00562	0.00591	0.00984	0.01432	0.01864	0.13098	0.47016	0.24210	0.01895	0.00830	0.00252	0.00366	0.01679	0.00637	0.00562
10	0.01324	0.00766	0.00943	0.00928	0.01086	0.00740	0.00664	0.03191	0.04646	0.12319	0.08421	0.29905	0.03249	0.14645	0.01209	0.00305	0.00465	0.02755	0.11773	0.00666
11	0.08295	0.05471	0.14069	0.11886	0.02557	0.10047	0.10946	0.05257	0.12769	0.05375	0.02946	0.04586	0.01354	0.00764	0.00653	0.00212	0.00832	0.00649	0.00438	0.00893
12	0.01745	0.01303	0.01437	0.01293	0.01651	0.01450	0.01001	0.03223	0.53989	0.11756	0.02832	0.10966	0.02274	0.01038	0.00702	0.00230	0.00520	0.00880	0.00695	0.01013
13	0.00851	0.00603	0.00789	0.00915	0.00960	0.00569	0.00613	0.00971	0.01290	0.01727	0.07191	0.61762	0.04291	0.10644	0.01151	0.00314	0.00423	0.03796	0.00604	0.00536
14	0.13331	0.11863	0.10112	0.09591	0.11561	0.04524	0.15112	0.05645	0.04943	0.02257	0.01242	0.01530	0.00975	0.00658	0.00683	0.00207	0.03949	0.00561	0.00365	0.00894
15	0.00990	0.00746	0.00921	0.00901	0.01003	0.00783	0.00654	0.01159	0.01345	0.01869	0.15480	0.14276	0.16998	0.17117	0.07312	0.00386	0.08746	0.01141	0.07603	0.00569
16	0.00837	0.00605	0.00797	0.00943	0.01003	0.00565	0.00653	0.00973	0.01320	0.01743	0.03876	0.66243	0.08524	0.02058	0.00858	0.00273	0.00405	0.07152	0.00622	0.00552
17	0.01771	0.12980	0.15872	0.01904	0.09492	0.13607	0.01610	0.07025	0.06155	0.02040	0.01191	0.01460	0.00985	0.00802	0.01015	0.00216	0.20098	0.00525	0.00356	0.00895

[dist]
# distance from previous block
# <min> <max>
0	3

[block]
# block no. 6 follows, 32 sequences, length 33
# corresponding to MSA columns:
# 172-204
name=unknown_G
#
# <colnr> <probs for GDERKNQSTAVLIFYWHMCP>
#	G	D	E	R	K	N	Q	S	T	A	V	L	I	F	Y	W	H	M	C	P
0	0.01779	0.01811	0.09215	0.02424	0.23729	0.07789	0.08404	0.09115	0.07353	0.07108	0.01740	0.09720	0.01504	0.00858	0.00765	0.00216	0.04301	0.00752	0.00456	0.00957
1	0.01142	0.00794	0.00911	0.00847	0.00944	0.00803	0.00555	0.08614	0.01433	0.01950	0.18511	0.04233	0.03215	0.50428	0.02495	0.00498	0.00581	0.00991	0.00514	0.00541
2	0.00952	0.00708	0.00887	0.00867	0.01018	0.00675	0.00636	0.01281	0.04947	0.02347	0.45751	0.13421	0.12967	0.05650	0.04619	0.00288	0.00431	0.01261	0.00672	0.00621
3	0.00857	0.00624	0.00782	0.00881	0.00957	0.00580	0.00604	0.00989	0.01332	0.01747	0.07877	0.48017	0.14541	0.11710	0.01182	0.00314	0.00425	0.05441	0.00601	0.00539
4	0.70321	0.01276	0.01065	0.00926	0.01355	0.01433	0.00763	0.02152	0.01250	0.12674	0.01172	0.01256	0.00856	0.00652	0.00451	0.00208	0.00526	0.00407	0.00473	0.00784
5	0.02055	0.01860	0.01634	0.01443	0.01835	0.19506	0.01119	0.05644	0.43894	0.10233	0.02262	0.02127	0.01680	0.00844	0.00662	0.00211	0.00711	0.00663	0.00615	0.01003
6	0.00813	0.00602	0.00759	0.00885	0.00960	0.00549	0.00601	0.00940	0.01332	0.01732	0.04297	0.62539	0.17493	0.02024	0.00844	0.00264	0.00380	0.01812	0.00623	0.00549
7	0.08658	0.01696	0.01718	0.01370	0.01835	0.05399	0.01116	0.45942	0.07166	0.07130	0.01717	0.01739	0.01243	0.00791	0.00626	0.00198	0.00676	0.00592	0.09359	0.01028
8	0.01474	0.01514	0.10205	0.11733	0.22915	0.01336	0.03914	0.01980	0.07146	0.06153	0.01893	0.13824	0.01747	0.00946	0.00757	0.00221	0.03573	0.02892	0.00438	0.05339
9	0.31026	0.11313	0.17140	0.06626	0.02291	0.01736	0.10599	0.08024	0.01479	0.02544	0.01126	0.01350	0.00857	0.00632	0.00556	0.00204	0.00772	0.00486	0.00375	0.00862
10	0.02447	0.02195	0.01931	0.01576	0.02044	0.21644	0.01259	0.44646	0.09890	0.03373	0.01571	0.01594	0.01160	0.00785	0.00654	0.00196	0.00846	0.00573	0.00583	0.01033
11	0.00849	0.00672	0.00763	0.00761	0.00946	0.00587	0.00563	0.01063	0.01630	0.02100	0.28561	0.12978	0.42891	0.01629	0.00799	0.00226	0.00337	0.01397	0.00662	0.00587
12	0.00966	0.00685	0.00908	0.00906	0.00971	0.00743	0.00627	0.01095	0.01058	0.01475	0.04357	0.03548	0.02198	0.38676	0.37975	0.00846	0.01204	0.00857	0.00395	0.00509
13	0.00888	0.00675	0.00820	0.00810	0.00969	0.00618	0.00595	0.01117	0.01617	0.02164	0.35872	0.12085	0.26864	0.05581	0.06034	0.00305	0.00451	0.01299	0.00647	0.00589
14	0.02267	0.24389	0.02352	0.01546	0.01959	0.50328	0.01244	0.02521	0.04503	0.01670	0.01075	0.01223	0.00911	0.00666	0.00558	0.00167	0.01041	0.00424	0.00342	0.00813
15	0.03940	0.07143	0.21822	0.01887	0.09808	0.05613	0.04032	0.26200	0.04233	0.02846	0.01654	0.01770	0.04571	0.00750	0.00646	0.00202	0.00820	0.00594	0.00464	0.01004
16	0.01653	0.01596	0.02471	0.20533	0.41919	0.05715	0.05299	0.06741	0.01615	0.02175	0.01323	0.03522	0.01099	0.00671	0.00674	0.00207	0.00847	0.00631	0.00356	0.00955
17	0.81159	0.01298	0.00986	0.00882	0.01298	0.01505	0.00727	0.01972	0.01142	0.03010	0.00934	0.01090	0.00727	0.00623	0.00415	0.00208	0.00519	0.00363	0.00415	0.00727
18	0.01533	0.02825	0.43890	0.05384	0.03051	0.05266	0.20111	0.06029	0.01581	0.02209	0.01259	0.01538	0.00914	0.00632	0.00680	0.00214	0.01021	0.00582	0.00324	0.00955
19	0.01151	0.00585	0.00859	0.00867	0.00875	0.00583	0.00580	0.00905	0.00916	0.01246	0.01334	0.05780	0.01352	0.02258	0.02448	0.73238	0.00562	0.00651	0.03493	0.00317
20	0.00985	0.00710	0.00938	0.08484	0.01336	0.00699	0.00728	0.01265	0.01628	0.02308	0.37205	0.18674	0.09282	0.01390	0.00749	0.00218	0.00392	0.01225	0.11162	0.00621
21	0.00837	0.00611	0.00780	0.00906	0.00976	0.00566	0.00623	0.00966	0.01318	0.01723	0.04041	0.58785	0.13699	0.05772	0.00980	0.00287	0.00409	0.05563	0.00612	0.00545
22	0.00974	0.00658	0.00770	0.00770	0.00783	0.00671	0.00454	0.01000	0.00987	0.01329	0.02079	0.04198	0.02356	0.68590	0.11130	0.00697	0.00776	0.00948	0.00401	0.00428
23	0.76743	0.01289	0.01018	0.00900	0.01321	0.01476	0.00741	0.02046	0.01186	0.06948	0.01031	0.01157	0.00779	0.00635	0.00430	0.00208	0.00522	0.00381	0.00439	0.00750
24	0.00833	0.00593	0.00786	0.00935	0.00976	0.00557	0.00628	0.00951	0.01279	0.01704	0.03623	0.70564	0.04330	0.05418	0.00973	0.00291	0.00408	0.03997	0.00613	0.00541
25	0.01346	0.03471	0.72942	0.01912	0.02904	0.01558	0.02479	0.02125	0.01417	0.02125	0.01204	0.01417	0.00850	0.00637	0.00637	0.00212	0.00992	0.00496	0.00283	0.00992
26	0.00901	0.00599	0.00757	0.00881	0.00949	0.00566	0.00605	0.01060	0.01321	0.01864	0.03512	0.59060	0.05818	0.01849	0.00788	0.00252	0.00381	0.03518	0.14756	0.00562
27	0.01431	0.00818	0.00847	0.00780	0.00987	0.00848	0.00597	0.12094	0.01662	0.02712	0.02146	0.04759	0.01736	0.02772	0.00588	0.00180	0.00390	0.00672	0.63285	0.00697
28	0.01945	0.01419	0.01712	0.01458	0.03997	0.01526	0.04704	0.29699	0.14220	0.07927	0.06424	0.02531	0.01892	0.05426	0.04533	0.00280	0.00706	0.03284	0.05358	0.00960
29	0.01947	0.07867	0.10697	0.04127	0.25269	0.12449	0.01624	0.12868	0.01824	0.07421	0.01440	0.04399	0.01171	0.00720	0.00638	0.00194	0.00828	0.00593	0.00426	0.03499
30	0.01350	0.01171	0.01881	0.09716	0.30897	0.01163	0.04584	0.01668	0.01519	0.04755	0.10296	0.09001	0.12998	0.05023	0.00867	0.00239	0.00649	0.00932	0.00466	0.00825
31	0.06127	0.03658	0.13499	0.01612	0.05183	0.11036	0.01394	0.18760	0.15545	0.13799	0.01787	0.01771	0.01286	0.00764	0.00642	0.00205	0.00766	0.00588	0.00556	0.01024
32	0.07734	0.28717	0.19620	0.01707	0.06248	0.01921	0.10262	0.04945	0.01503	0.05848	0.01204	0.01388	0.00941	0.00613	0.00565	0.00182	0.00807	0.00490	0.00356	0.04949

[dist]
# distance from previous block
# <min> <max>
2	18

[block]
# block no. 7 follows, 32 sequences, length 9
# corresponding to MSA columns:
# 223-231
name=unknown_H
#
# <colnr> <probs for GDERKNQSTAVLIFYWHMCP>
#	G	D	E	R	K	N	Q	S	T	A	V	L	I	F	Y	W	H	M	C	P
0	0.01456	0.05272	0.10922	0.17847	0.12754	0.04313	0.05751	0.01811	0.01367	0.03763	0.01693	0.04044	0.06403	0.03644	0.01082	0.00244	0.15774	0.00689	0.00356	0.00816
1	0.00933	0.00650	0.00795	0.00846	0.00888	0.00644	0.00551	0.01013	0.01131	0.01504	0.02824	0.22795	0.06341	0.42618	0.08148	0.00543	0.00659	0.06152	0.00484	0.00481
2	0.07549	0.01402	0.05334	0.11866	0.27027	0.01364	0.01489	0.06748	0.04654	0.09068	0.03719	0.11368	0.03745	0.00904	0.00679	0.00216	0.00684	0.00796	0.00474	0.00915
3	0.11275	0.14219	0.06219	0.09586	0.02281	0.09512	0.04977	0.23580	0.04553	0.02755	0.03998	0.01601	0.01198	0.00722	0.00604	0.00195	0.00788	0.00549	0.00465	0.00921
4	0.01728	0.03373	0.01853	0.05034	0.11527	0.11965	0.03052	0.12134	0.09820	0.02280	0.01646	0.02201	0.01412	0.03513	0.08038	0.02366	0.08726	0.04182	0.04303	0.00847
5	0.01578	0.00996	0.01168	0.01067	0.01345	0.04339	0.00830	0.05383	0.01727	0.17988	0.16205	0.20522	0.08046	0.01368	0.00758	0.00226	0.00505	0.08620	0.00663	0.06666
6	0.10911	0.07864	0.07483	0.16114	0.13906	0.01669	0.11204	0.08420	0.01570	0.06299	0.01307	0.01632	0.01009	0.00833	0.03391	0.00242	0.04281	0.00579	0.00389	0.00898
7	0.01686	0.04677	0.01693	0.08318	0.10099	0.01329	0.01177	0.07554	0.12563	0.13029	0.08913	0.11881	0.02336	0.01052	0.00783	0.00221	0.04557	0.03747	0.00573	0.03811
8	0.00998	0.00693	0.01040	0.01040	0.01137	0.00790	0.00790	0.01137	0.01040	0.01483	0.01677	0.02523	0.01580	0.04520	0.60270	0.16135	0.01567	0.00693	0.00347	0.00541

[dist]
# distance from previous block
# <min> <max>
0	21

[block]
# block no. 8 follows, 32 sequences, length 14
# corresponding to MSA columns:
# 255-268
name=unknown_I
#
# <colnr> <probs for GDERKNQSTAVLIFYWHMCP>
#	G	D	E	R	K	N	Q	S	T	A	V	L	I	F	Y	W	H	M	C	P
0	0.01794	0.76823	0.03516	0.01148	0.01722	0.02655	0.01148	0.02009	0.01363	0.01579	0.00933	0.01076	0.00861	0.00574	0.00431	0.00144	0.00718	0.00359	0.00287	0.00861
1	0.04872	0.01528	0.01714	0.01364	0.01850	0.03664	0.01128	0.35154	0.02429	0.24955	0.02073	0.02391	0.01553	0.00898	0.00681	0.00209	0.00671	0.07479	0.00685	0.04703
2	0.00975	0.00788	0.01030	0.01007	0.01213	0.00738	0.04193	0.01310	0.05412	0.02076	0.17213	0.14772	0.29325	0.01622	0.00823	0.00247	0.00452	0.15541	0.00632	0.00631
3	0.05535	0.01359	0.03470	0.03304	0.08274	0.07390	0.14561	0.03816	0.01497	0.04545	0.02160	0.25526	0.02175	0.01143	0.00778	0.00227	0.03815	0.01032	0.08632	0.00762
4	0.00847	0.00606	0.00811	0.00955	0.01011	0.00569	0.00663	0.00992	0.01341	0.01792	0.07453	0.66174	0.04493	0.02040	0.00859	0.00272	0.00405	0.07530	0.00629	0.00556
5	0.37536	0.01268	0.01301	0.01083	0.01507	0.01358	0.00886	0.12708	0.01690	0.21721	0.04823	0.01803	0.01379	0.01120	0.06851	0.00282	0.00667	0.00553	0.00576	0.00886
6	0.06877	0.01897	0.06317	0.06263	0.14166	0.15028	0.10158	0.09774	0.01691	0.05182	0.01468	0.07129	0.01275	0.02453	0.00860	0.00224	0.07266	0.00679	0.00415	0.00877
7	0.00929	0.00686	0.00843	0.00938	0.01012	0.00678	0.00630	0.01211	0.08388	0.01763	0.03457	0.54697	0.06240	0.13722	0.01241	0.00326	0.00443	0.01625	0.00595	0.00577
8	0.00818	0.00665	0.00713	0.00732	0.00914	0.00573	0.00530	0.00982	0.01493	0.01837	0.11004	0.16271	0.53595	0.05688	0.00941	0.00254	0.00362	0.01448	0.00620	0.00560
9	0.01764	0.01820	0.08419	0.05513	0.25569	0.08677	0.01574	0.15357	0.08491	0.02522	0.02062	0.02414	0.07718	0.00850	0.00685	0.00210	0.00772	0.04155	0.00468	0.00961
10	0.03876	0.14044	0.05331	0.06717	0.08854	0.11922	0.09493	0.11991	0.03893	0.09033	0.01369	0.01568	0.01053	0.00722	0.00762	0.00202	0.07251	0.00561	0.00429	0.00930
11	0.00889	0.03820	0.00887	0.00853	0.00974	0.00662	0.00603	0.01046	0.01421	0.01860	0.15730	0.39022	0.19592	0.08217	0.01033	0.00279	0.00402	0.01534	0.00610	0.00566
12	0.00916	0.00649	0.00856	0.00945	0.01019	0.00650	0.00675	0.01071	0.01240	0.01685	0.03125	0.36621	0.06143	0.14265	0.15699	0.00490	0.00731	0.09178	0.03495	0.00546
13	0.29051	0.01558	0.03910	0.01226	0.01670	0.04622	0.01023	0.17451	0.15705	0.04898	0.04266	0.01970	0.01472	0.00803	0.00588	0.00208	0.00613	0.03365	0.00549	0.05052

[dist]
# distance from previous block
# <min> <max>
0	7

[block]
# block no. 9 follows, 32 sequences, length 13
# corresponding to MSA columns:
# 276-288
name=unknown_J
#
# <colnr> <probs for GDERKNQSTAVLIFYWHMCP>
#	G	D	E	R	K	N	Q	S	T	A	V	L	I	F	Y	W	H	M	C	P
0	0.13722	0.01520	0.01781	0.15569	0.13880	0.07881	0.01336	0.09585	0.05581	0.02405	0.01407	0.03259	0.01167	0.00747	0.00682	0.00200	0.04219	0.02265	0.02325	0.10470
1	0.00908	0.00731	0.00975	0.04373	0.01245	0.00676	0.03466	0.01141	0.01572	0.02060	0.24499	0.22620	0.28021	0.01612	0.00806	0.00236	0.00412	0.03413	0.00630	0.00604
2	0.01462	0.01235	0.01429	0.01028	0.01620	0.00967	0.00824	0.05870	0.01499	0.02311	0.01218	0.01405	0.01003	0.00516	0.00508	0.00106	0.00512	0.00410	0.00414	0.75662
3	0.09170	0.01684	0.02103	0.08960	0.29075	0.08496	0.01539	0.14275	0.07511	0.08495	0.01503	0.01690	0.01143	0.00697	0.00640	0.00203	0.00769	0.00581	0.00468	0.00997
4	0.01914	0.45280	0.08828	0.01415	0.01978	0.04536	0.04522	0.13727	0.01697	0.04142	0.01141	0.01293	0.00940	0.00667	0.00628	0.00175	0.05367	0.00458	0.00373	0.00920
5	0.01127	0.00583	0.00864	0.00881	0.00885	0.00579	0.00587	0.00881	0.00919	0.01225	0.01442	0.10119	0.01523	0.02306	0.02429	0.71714	0.00562	0.00727	0.00328	0.00319
6	0.04228	0.01645	0.02434	0.09005	0.20753	0.09317	0.18602	0.06235	0.03337	0.03914	0.05639	0.02305	0.08001	0.00778	0.00702	0.00210	0.00842	0.00737	0.00425	0.00890
7	0.01627	0.01303	0.01793	0.01595	0.08730	0.01254	0.07548	0.10327	0.06756	0.07566	0.11843	0.02469	0.04580	0.00837	0.00736	0.00186	0.04314	0.02116	0.00527	0.23894
8	0.01444	0.01080	0.01221	0.01127	0.01373	0.07503	0.02792	0.04929	0.01584	0.10749	0.08733	0.28767	0.05179	0.05260	0.03240	0.00274	0.00601	0.05280	0.00586	0.08276
9	0.00973	0.00702	0.00854	0.00871	0.01034	0.00646	0.00638	0.01248	0.04399	0.04703	0.24934	0.27426	0.23833	0.01667	0.00807	0.00238	0.00373	0.03364	0.00668	0.00623
10	0.02169	0.05801	0.04992	0.01839	0.04084	0.14310	0.13940	0.28019	0.10592	0.05222	0.01576	0.01676	0.01170	0.00732	0.00670	0.00202	0.00872	0.00614	0.00518	0.01004
11	0.11777	0.01525	0.01870	0.04320	0.05377	0.03447	0.07107	0.29761	0.02187	0.08698	0.01916	0.02763	0.01625	0.00948	0.00698	0.00225	0.00729	0.13508	0.00575	0.00942
12	0.00983	0.00752	0.01117	0.01101	0.01260	0.00690	0.07379	0.01170	0.01395	0.04377	0.03970	0.49776	0.15883	0.01820	0.00836	0.00260	0.00473	0.05544	0.00603	0.00610

[dist]
# distance from previous block
# <min> <max>
4	7

[block]
# block no. 10 follows, 32 sequences, length 12
# corresponding to MSA columns:
# 297-308
name=unknown_K
#
# <colnr> <probs for GDERKNQSTAVLIFYWHMCP>
#	G	D	E	R	K	N	Q	S	T	A	V	L	I	F	Y	W	H	M	C	P
0	0.00944	0.00680	0.00774	0.00785	0.00963	0.00602	0.00578	0.01138	0.01530	0.04421	0.15760	0.17312	0.38467	0.04776	0.00895	0.00248	0.00374	0.03778	0.05382	0.00592
1	0.07212	0.07209	0.12106	0.03643	0.12102	0.01615	0.05097	0.12421	0.11728	0.17566	0.01768	0.01804	0.01269	0.00728	0.00640	0.00206	0.00726	0.00601	0.00532	0.01028
2	0.06663	0.01841	0.08186	0.05398	0.07908	0.08586	0.23176	0.05819	0.08096	0.05289	0.05653	0.01900	0.01410	0.00713	0.00730	0.00210	0.03063	0.00667	0.00433	0.04259
3	0.01064	0.00668	0.00782	0.00782	0.00815	0.00655	0.00465	0.01093	0.01065	0.05157	0.02345	0.13407	0.02653	0.62916	0.02943	0.00579	0.00613	0.01079	0.00457	0.00463
4	0.01244	0.00899	0.01152	0.06151	0.03363	0.02948	0.02680	0.01540	0.03248	0.08867	0.15659	0.16821	0.18216	0.01417	0.00770	0.00233	0.00498	0.08747	0.04855	0.00692
5	0.02066	0.07632	0.06935	0.02089	0.13233	0.08873	0.10933	0.24907	0.05033	0.06670	0.01565	0.04240	0.01227	0.00751	0.00667	0.00202	0.00833	0.00643	0.00494	0.01005
6	0.01554	0.01439	0.02377	0.28228	0.36616	0.01552	0.04927	0.07105	0.01563	0.02135	0.01312	0.01847	0.01078	0.04494	0.00813	0.00232	0.00834	0.00626	0.00350	0.00918
7	0.01172	0.00715	0.00930	0.00959	0.01124	0.00652	0.00717	0.01373	0.01541	0.11696	0.15370	0.35876	0.13445	0.01719	0.00821	0.00252	0.00424	0.09890	0.00670	0.00654
8	0.04387	0.01905	0.12409	0.04425	0.12676	0.04134	0.27113	0.07593	0.01671	0.05799	0.05555	0.01867	0.01333	0.00707	0.00799	0.00218	0.05394	0.00683	0.00404	0.00929
9	0.07081	0.04242	0.05628	0.05268	0.02109	0.21719	0.05506	0.10243	0.12290	0.07977	0.01807	0.04279	0.01500	0.00869	0.00664	0.00211	0.00837	0.06383	0.00501	0.00888
10	0.01766	0.08298	0.01746	0.01363	0.01775	0.01798	0.01090	0.09852	0.58158	0.02833	0.02460	0.02288	0.01853	0.00870	0.00659	0.00217	0.00568	0.00708	0.00646	0.01052
11	0.01845	0.03989	0.13385	0.07823	0.10301	0.04542	0.11526	0.13726	0.01814	0.11091	0.01653	0.07291	0.01333	0.00780	0.00676	0.00205	0.00812	0.00693	0.00468	0.06050

[dist]
# distance from previous block
# <min> <max>
2	6

[block]
# block no. 11 follows, 32 sequences, length 33
# corresponding to MSA columns:
# 317-349
name=unknown_L
#
# <colnr> <probs for GDERKNQSTAVLIFYWHMCP>
#	G	D	E	R	K	N	Q	S	T	A	V	L	I	F	Y	W	H	M	C	P
0	0.01625	0.01396	0.06484	0.03830	0.01884	0.01117	0.03654	0.05260	0.08356	0.10123	0.01650	0.05180	0.01329	0.00684	0.00587	0.00154	0.00587	0.00574	0.00483	0.45043
1	0.00846	0.00619	0.00802	0.00937	0.01014	0.00575	0.00663	0.00992	0.01348	0.01761	0.04086	0.58736	0.13190	0.02020	0.00857	0.00271	0.00410	0.09695	0.00622	0.00556
2	0.00829	0.00675	0.00737	0.00763	0.00956	0.00584	0.00573	0.01014	0.01531	0.01886	0.11548	0.14857	0.53663	0.01732	0.00810	0.00237	0.00363	0.06038	0.00632	0.00573
3	0.01887	0.01850	0.12170	0.04278	0.05260	0.06255	0.08069	0.16330	0.10202	0.09919	0.03019	0.01966	0.01380	0.04435	0.02746	0.00244	0.00805	0.00635	0.00507	0.08046
4	0.01058	0.00992	0.00891	0.00885	0.01070	0.10137	0.00640	0.01228	0.01551	0.01864	0.14752	0.16334	0.36983	0.07417	0.00983	0.00258	0.00482	0.01301	0.00587	0.00588
5	0.01096	0.05328	0.01332	0.01153	0.01302	0.01084	0.00923	0.03225	0.01150	0.01639	0.01663	0.02416	0.01547	0.04323	0.61304	0.00932	0.07900	0.00683	0.00358	0.00641
6	0.01651	0.16769	0.14884	0.04323	0.04990	0.01712	0.21663	0.08192	0.01646	0.06078	0.01845	0.05236	0.06486	0.00774	0.00671	0.00205	0.00846	0.00715	0.00409	0.00905
7	0.01537	0.13168	0.25728	0.01831	0.02406	0.03937	0.13553	0.05168	0.01457	0.02006	0.01471	0.01752	0.05169	0.00805	0.00983	0.00222	0.16987	0.00606	0.00336	0.00877
8	0.00830	0.00589	0.00775	0.00918	0.00954	0.00554	0.00605	0.00938	0.01260	0.01679	0.03570	0.70176	0.04276	0.08129	0.01064	0.00303	0.00410	0.01832	0.00605	0.00534
9	0.01616	0.01662	0.06137	0.04880	0.59230	0.03252	0.01940	0.02074	0.03860	0.02218	0.05540	0.01869	0.01393	0.00660	0.00670	0.00201	0.00781	0.00631	0.00365	0.01021
10	0.01313	0.03293	0.68511	0.01852	0.02786	0.01496	0.02365	0.02052	0.01409	0.02100	0.01357	0.05995	0.01070	0.00727	0.00651	0.00216	0.00955	0.00583	0.00304	0.00964
11	0.00903	0.00655	0.00793	0.00862	0.00944	0.00624	0.00578	0.01072	0.04315	0.01709	0.06387	0.40100	0.15904	0.16325	0.01418	0.04364	0.00444	0.01496	0.00571	0.00535
12	0.01535	0.01571	0.02005	0.01713	0.01773	0.06935	0.01416	0.01693	0.01110	0.01651	0.00910	0.01446	0.00886	0.01100	0.01989	0.00274	0.65599	0.00565	0.00303	0.05525
13	0.00806	0.00674	0.00702	0.00707	0.00918	0.00570	0.00526	0.00984	0.01543	0.01873	0.11502	0.10521	0.62976	0.01699	0.00797	0.00228	0.00341	0.01430	0.00632	0.00570
14	0.01775	0.01552	0.02528	0.03626	0.59688	0.01558	0.01894	0.07200	0.01673	0.06249	0.01474	0.01972	0.01235	0.00686	0.00678	0.00205	0.00772	0.03786	0.00399	0.01052
15	0.01871	0.50512	0.10371	0.01334	0.01912	0.09944	0.01307	0.07309	0.06371	0.01927	0.01147	0.01265	0.00963	0.00634	0.00506	0.00164	0.00787	0.00427	0.00349	0.00901
16	0.01836	0.13818	0.08891	0.01266	0.01813	0.01496	0.01151	0.12574	0.01710	0.12251	0.01528	0.05255	0.01241	0.00739	0.00672	0.00169	0.05107	0.00559	0.00477	0.27447
17	0.01709	0.01840	0.12281	0.05592	0.19291	0.01564	0.28168	0.02191	0.01538	0.10230	0.01423	0.01744	0.01066	0.00653	0.00801	0.00216	0.05490	0.00662	0.00384	0.03155
18	0.40119	0.21674	0.09822	0.01095	0.01611	0.01783	0.01054	0.06101	0.01385	0.02513	0.01447	0.01559	0.06155	0.00704	0.00489	0.00192	0.00625	0.00471	0.00397	0.00806
19	0.01703	0.01675	0.02682	0.03998	0.68708	0.05219	0.02021	0.02090	0.01547	0.02164	0.01251	0.01638	0.01053	0.00603	0.00661	0.00198	0.00818	0.00590	0.00333	0.01049
20	0.00896	0.00645	0.00845	0.00950	0.01039	0.00609	0.00692	0.01076	0.01425	0.01900	0.14134	0.43551	0.08721	0.06317	0.01007	0.00290	0.00434	0.14277	0.00627	0.00565
21	0.01156	0.01153	0.10524	0.01159	0.01477	0.00852	0.05170	0.01532	0.02891	0.06620	0.32078	0.13225	0.11686	0.01348	0.00781	0.00229	0.00509	0.06271	0.00623	0.00716
22	0.01417	0.00838	0.01010	0.00917	0.01174	0.00788	0.00704	0.01842	0.08850	0.16129	0.26179	0.09153	0.17591	0.01274	0.00729	0.00214	0.00398	0.01089	0.08950	0.00756
23	0.00986	0.00717	0.00963	0.01093	0.01230	0.00694	0.00900	0.01237	0.01499	0.01947	0.06554	0.22628	0.11466	0.01874	0.00891	0.00288	0.00525	0.43287	0.00624	0.00597
24	0.01945	0.01584	0.01783	0.01604	0.06698	0.07900	0.05340	0.21995	0.16949	0.08740	0.02675	0.04769	0.11290	0.00979	0.00704	0.00215	0.00682	0.02582	0.00605	0.00962
25	0.01914	0.16798	0.11123	0.06889	0.06670	0.27527	0.07215	0.03486	0.05739	0.01881	0.01211	0.01444	0.00980	0.00753	0.02053	0.00205	0.02393	0.00508	0.00347	0.00865
26	0.00879	0.00631	0.00767	0.00825	0.00896	0.00592	0.00544	0.00996	0.01313	0.01740	0.13078	0.34987	0.13789	0.23987	0.01597	0.00370	0.00450	0.01465	0.00575	0.00519
27	0.01616	0.02554	0.27605	0.02319	0.03034	0.11074	0.34447	0.02187	0.01543	0.02051	0.01241	0.01580	0.00934	0.00634	0.00775	0.00217	0.04325	0.00633	0.00319	0.00911
28	0.01927	0.01901	0.02089	0.11856	0.03960	0.23759	0.13697	0.06553	0.03077	0.08313	0.01872	0.02073	0.06704	0.00785	0.00703	0.00202	0.02611	0.00659	0.06426	0.00834
29	0.01442	0.01095	0.01573	0.01667	0.12439	0.01122	0.05162	0.05658	0.06760	0.09611	0.02999	0.22929	0.12118	0.01536	0.05340	0.00288	0.05793	0.01112	0.00551	0.00803
30	0.00902	0.00684	0.00855	0.00856	0.00988	0.00682	0.00622	0.01078	0.01300	0.01719	0.11056	0.07631	0.24746	0.16733	0.26494	0.00600	0.00901	0.01093	0.00504	0.00554
31	0.01135	0.00864	0.01098	0.10623	0.01564	0.00917	0.00857	0.05471	0.06727	0.01876	0.02876	0.18436	0.07551	0.24495	0.01600	0.00377	0.00601	0.11794	0.00521	0.00617
32	0.01737	0.23410	0.32940	0.06124	0.02520	0.05007	0.04563	0.06868	0.01584	0.07496	0.01266	0.01432	0.00946	0.00648	0.00592	0.00192	0.00875	0.00494	0.00359	0.00949

[dist]
