[name]
unknown

[dist]
# distance from previous block
# <min> <max>
1	68

[block]
# block no. 0 follows, 33 sequences, length 16
# corresponding to MSA columns:
# 83-98
name=unknown_A
#
# <colnr> <probs for GDERKNQSTAVLIFYWHMCP>
#	G	D	E	R	K	N	Q	S	T	A	V	L	I	F	Y	W	H	M	C	P
0	0.06475	0.05877	0.02030	0.15523	0.21838	0.01467	0.04507	0.11964	0.01620	0.02276	0.01732	0.12004	0.03356	0.01027	0.03516	0.00241	0.00749	0.00765	0.00421	0.02610
1	0.01563	0.03923	0.18830	0.04040	0.04571	0.01315	0.04448	0.12226	0.04409	0.06880	0.05866	0.07391	0.03476	0.04284	0.00767	0.00212	0.00689	0.00709	0.00471	0.13930
2	0.01874	0.20082	0.13951	0.01709	0.06379	0.08229	0.07412	0.18858	0.01894	0.04472	0.03484	0.01888	0.01298	0.00748	0.00620	0.00192	0.00813	0.04735	0.00434	0.00928
3	0.00887	0.06671	0.00974	0.00908	0.01002	0.00707	0.00638	0.01015	0.01293	0.01697	0.06018	0.61045	0.08296	0.04480	0.00888	0.00265	0.00411	0.01665	0.00582	0.00559
4	0.01526	0.01737	0.08663	0.15482	0.09773	0.01606	0.37491	0.06886	0.01590	0.02158	0.01474	0.01864	0.03446	0.00651	0.00757	0.00218	0.02738	0.00705	0.00353	0.00882
5	0.01626	0.01380	0.01467	0.01311	0.01675	0.01583	0.01021	0.06387	0.63448	0.02809	0.07637	0.02593	0.02271	0.00921	0.00677	0.00221	0.00515	0.00769	0.00673	0.01015
6	0.03416	0.11185	0.38347	0.01660	0.04810	0.06810	0.01772	0.04506	0.08102	0.02136	0.01382	0.04278	0.01106	0.00695	0.00598	0.00192	0.00828	0.00540	0.00359	0.07278
7	0.01505	0.01460	0.02555	0.25738	0.46381	0.01541	0.07386	0.01924	0.01447	0.02004	0.01225	0.01679	0.00989	0.00606	0.00664	0.00205	0.00837	0.00601	0.00316	0.00935
8	0.00819	0.00596	0.00772	0.00880	0.00953	0.00549	0.00602	0.00967	0.01372	0.01831	0.14040	0.59376	0.10972	0.01920	0.00825	0.00254	0.00367	0.01726	0.00628	0.00549
9	0.01394	0.01200	0.03561	0.10193	0.10154	0.01222	0.06064	0.01989	0.13458	0.07358	0.16706	0.03254	0.10510	0.01029	0.00823	0.00222	0.05971	0.03540	0.00537	0.00818
10	0.01589	0.01378	0.01917	0.01574	0.01781	0.01676	0.06698	0.09836	0.04262	0.05367	0.08075	0.01928	0.01536	0.01002	0.01454	0.00242	0.40145	0.00654	0.03452	0.05435
11	0.00807	0.00645	0.00700	0.00729	0.00889	0.00562	0.00517	0.00952	0.01412	0.01742	0.08148	0.20271	0.49112	0.09251	0.01048	0.00272	0.00373	0.01436	0.00594	0.00538
12	0.01543	0.05869	0.04426	0.05135	0.09903	0.01341	0.01138	0.11016	0.14245	0.04070	0.04455	0.05271	0.03400	0.05854	0.00823	0.00226	0.00609	0.05986	0.04114	0.10575
13	0.05166	0.14321	0.19735	0.01427	0.01915	0.02717	0.08323	0.03101	0.06964	0.01998	0.02158	0.22719	0.04641	0.01076	0.00666	0.00216	0.00693	0.00932	0.00436	0.00796
14	0.01149	0.07922	0.03701	0.01054	0.01243	0.03373	0.00819	0.05617	0.05634	0.01886	0.02969	0.42118	0.05236	0.08126	0.00985	0.00277	0.00525	0.06169	0.00548	0.00647
15	0.01784	0.20805	0.21126	0.01708	0.04014	0.10388	0.06531	0.09314	0.01591	0.04517	0.01156	0.01375	0.00917	0.00708	0.00802	0.00198	0.11317	0.00499	0.00351	0.00898

[dist]
# distance from previous block
# <min> <max>
1	7

[block]
# block no. 1 follows, 33 sequences, length 14
# corresponding to MSA columns:
# 106-119
name=unknown_B
#
# <colnr> <probs for GDERKNQSTAVLIFYWHMCP>
#	G	D	E	R	K	N	Q	S	T	A	V	L	I	F	Y	W	H	M	C	P
0	0.05125	0.32213	0.10680	0.01457	0.01998	0.17872	0.05290	0.11584	0.01707	0.02102	0.01127	0.01286	0.00915	0.00635	0.00537	0.00170	0.00845	0.00450	0.03140	0.00869
1	0.04420	0.36044	0.10269	0.06711	0.05843	0.10132	0.01352	0.06005	0.01493	0.03948	0.01131	0.01391	0.00955	0.02762	0.02637	0.00209	0.03051	0.00459	0.00338	0.00849
2	0.01373	0.07052	0.40443	0.01711	0.07032	0.01425	0.01800	0.05614	0.03891	0.02241	0.09751	0.04343	0.01772	0.00808	0.00647	0.00203	0.00778	0.03527	0.00397	0.05193
3	0.01158	0.01012	0.01379	0.04406	0.08238	0.03521	0.04654	0.01582	0.09832	0.02016	0.12643	0.34333	0.03378	0.01438	0.00847	0.00241	0.04555	0.03512	0.00553	0.00703
4	0.00905	0.00619	0.00800	0.00911	0.00999	0.00568	0.00636	0.01043	0.01332	0.04776	0.03972	0.60430	0.13065	0.01944	0.00828	0.00261	0.00395	0.05329	0.00620	0.00566
5	0.07559	0.05763	0.02521	0.06506	0.04593	0.08603	0.24411	0.15469	0.01801	0.05578	0.01505	0.07410	0.01258	0.00773	0.00724	0.00210	0.03288	0.00710	0.00439	0.00879
6	0.01783	0.01592	0.02112	0.10818	0.04398	0.12417	0.16687	0.12324	0.01788	0.09061	0.01929	0.13261	0.01756	0.00970	0.00722	0.00221	0.00826	0.06014	0.00487	0.00837
7	0.00792	0.00667	0.00687	0.00682	0.00898	0.00562	0.00511	0.00972	0.01534	0.01858	0.12766	0.06204	0.66343	0.01637	0.00778	0.00221	0.00331	0.01371	0.00622	0.00562
8	0.02252	0.02607	0.01803	0.01608	0.01948	0.51036	0.01230	0.09587	0.11618	0.02025	0.01325	0.01463	0.01065	0.00887	0.03203	0.00216	0.04378	0.00502	0.00416	0.00830
9	0.01509	0.01441	0.02455	0.26262	0.51477	0.01533	0.01960	0.01915	0.01442	0.02005	0.01217	0.01669	0.00991	0.00609	0.00654	0.00203	0.00812	0.00586	0.00315	0.00946
10	0.01396	0.01303	0.02454	0.03908	0.06140	0.01245	0.33277	0.03439	0.03682	0.05564	0.13232	0.14051	0.05265	0.00990	0.00765	0.00224	0.00763	0.01010	0.00488	0.00803
11	0.00792	0.00614	0.00721	0.00807	0.00926	0.00544	0.00563	0.00929	0.01365	0.01723	0.04959	0.45764	0.34166	0.01890	0.00813	0.00248	0.00361	0.01661	0.00611	0.00544
12	0.10043	0.02279	0.01720	0.01490	0.01844	0.37071	0.01160	0.18907	0.01984	0.04726	0.01309	0.01651	0.01087	0.04844	0.00841	0.00216	0.05276	0.02275	0.00446	0.00831
13	0.01383	0.01313	0.02227	0.49498	0.29225	0.01499	0.01898	0.01804	0.01382	0.01852	0.01195	0.01710	0.00937	0.00632	0.00656	0.00211	0.00843	0.00586	0.00305	0.00844

[dist]
# distance from previous block
# <min> <max>
0	2

[block]
# block no. 2 follows, 33 sequences, length 37
# corresponding to MSA columns:
# 122-158
name=unknown_C
#
# <colnr> <probs for GDERKNQSTAVLIFYWHMCP>
#	G	D	E	R	K	N	Q	S	T	A	V	L	I	F	Y	W	H	M	C	P
0	0.02524	0.01889	0.01945	0.01508	0.02022	0.06592	0.01238	0.62684	0.02953	0.07619	0.01598	0.01590	0.01129	0.00784	0.00655	0.00196	0.00745	0.00586	0.00646	0.01097
1	0.01405	0.01382	0.02121	0.54967	0.19331	0.06129	0.01835	0.01817	0.01391	0.01780	0.01175	0.01691	0.00912	0.00644	0.00653	0.00211	0.00876	0.00575	0.00303	0.00802
2	0.01444	0.01375	0.02338	0.38205	0.40040	0.01515	0.01928	0.01858	0.01411	0.01926	0.01206	0.01690	0.00964	0.00621	0.00655	0.00207	0.00828	0.00586	0.00310	0.00893
3	0.00859	0.00668	0.00717	0.00717	0.00919	0.00582	0.00546	0.01069	0.01549	0.01989	0.16622	0.05810	0.51681	0.01541	0.00756	0.00218	0.00342	0.04875	0.07966	0.00574
4	0.01374	0.00774	0.00968	0.00917	0.01162	0.00685	0.00713	0.01586	0.01597	0.19693	0.12371	0.17722	0.27323	0.01505	0.00775	0.00233	0.00427	0.08793	0.00675	0.00706
5	0.00981	0.00672	0.00857	0.00850	0.01002	0.00633	0.00655	0.01278	0.01714	0.02460	0.48612	0.07873	0.06951	0.01368	0.00753	0.00216	0.00354	0.10317	0.11841	0.00613
6	0.00802	0.00573	0.00764	0.00917	0.00955	0.00535	0.00611	0.00917	0.01260	0.01681	0.03628	0.76434	0.04354	0.02062	0.00840	0.00267	0.00382	0.01872	0.00611	0.00535
7	0.01724	0.01457	0.01537	0.01357	0.01745	0.01678	0.01063	0.10170	0.64756	0.02893	0.02570	0.02369	0.01921	0.00883	0.00669	0.00221	0.00541	0.00729	0.00669	0.01050
8	0.81514	0.01273	0.00968	0.00866	0.01273	0.01477	0.00713	0.01935	0.01120	0.02954	0.00917	0.01069	0.00713	0.00611	0.00407	0.00204	0.00509	0.00356	0.00407	0.00713
9	0.02954	0.01120	0.01528	0.01171	0.01681	0.00968	0.00968	0.03208	0.01884	0.73213	0.02597	0.02241	0.01630	0.00815	0.00662	0.00204	0.00560	0.00662	0.00815	0.01120
10	0.81514	0.01273	0.00968	0.00866	0.01273	0.01477	0.00713	0.01935	0.01120	0.02954	0.00917	0.01069	0.00713	0.00611	0.00407	0.00204	0.00509	0.00356	0.00407	0.00713
11	0.00778	0.00667	0.00667	0.00667	0.00889	0.00556	0.00500	0.00945	0.01501	0.01778	0.06669	0.06336	0.72490	0.01667	0.00778	0.00222	0.00333	0.01389	0.00611	0.00556
12	0.02503	0.01844	0.01976	0.01515	0.02042	0.02042	0.01251	0.70562	0.03095	0.04149	0.01581	0.01581	0.01120	0.00790	0.00659	0.00198	0.00724	0.00593	0.00659	0.01120
13	0.01227	0.00614	0.00614	0.00614	0.00767	0.00614	0.00460	0.01534	0.01381	0.02454	0.02148	0.02454	0.01687	0.00767	0.00460	0.00153	0.00307	0.00614	0.80518	0.00614
14	0.02462	0.03062	0.01872	0.01685	0.02036	0.70007	0.01271	0.06595	0.01937	0.01759	0.01050	0.01210	0.00864	0.00685	0.00597	0.00171	0.01160	0.00434	0.00358	0.00784
15	0.02954	0.01120	0.01528	0.01171	0.01681	0.00968	0.00968	0.03208	0.01884	0.73213	0.02597	0.02241	0.01630	0.00815	0.00662	0.00204	0.00560	0.00662	0.00815	0.01120
16	0.81514	0.01273	0.00968	0.00866	0.01273	0.01477	0.00713	0.01935	0.01120	0.02954	0.00917	0.01069	0.00713	0.00611	0.00407	0.00204	0.00509	0.00356	0.00407	0.00713
17	0.00778	0.00667	0.00667	0.00667	0.00889	0.00556	0.00500	0.00945	0.01501	0.01778	0.06669	0.06336	0.72490	0.01667	0.00778	0.00222	0.00333	0.01389	0.00611	0.00556
18	0.01365	0.01170	0.01365	0.00975	0.01560	0.00878	0.00780	0.01658	0.01365	0.02145	0.01170	0.01365	0.00975	0.00488	0.00488	0.00098	0.00488	0.00390	0.00390	0.80888
19	0.01760	0.77260	0.03450	0.01126	0.01690	0.02605	0.01126	0.01971	0.01338	0.01549	0.00915	0.01056	0.00845	0.00563	0.00422	0.00141	0.00704	0.00352	0.00282	0.00845
20	0.00942	0.00632	0.00723	0.00738	0.00742	0.00628	0.00420	0.00953	0.00988	0.01317	0.02229	0.11483	0.02588	0.69422	0.03101	0.00601	0.00613	0.01048	0.00420	0.00412
21	0.01295	0.08740	0.02121	0.67904	0.04251	0.01576	0.01758	0.01711	0.01318	0.01669	0.01145	0.01686	0.00874	0.00649	0.00635	0.00212	0.00860	0.00562	0.00291	0.00743
22	0.02397	0.01804	0.01980	0.01536	0.02010	0.02039	0.01270	0.63700	0.02888	0.03894	0.01509	0.01567	0.01094	0.00826	0.00808	0.00207	0.08179	0.00591	0.00622	0.01080
23	0.02389	0.01639	0.02011	0.01532	0.02037	0.01734	0.08026	0.47948	0.02603	0.15549	0.01760	0.01882	0.01274	0.05486	0.00838	0.00228	0.00729	0.00645	0.00637	0.01052
24	0.06529	0.20530	0.08223	0.01444	0.03713	0.10665	0.01262	0.16704	0.12418	0.02473	0.01622	0.02073	0.01369	0.00809	0.00601	0.00196	0.00743	0.07251	0.00467	0.00907
25	0.73497	0.01213	0.00959	0.00862	0.01244	0.01392	0.00704	0.01866	0.01194	0.02922	0.08029	0.01452	0.01260	0.00684	0.00444	0.00204	0.00489	0.00439	0.00439	0.00704
26	0.00802	0.00573	0.00764	0.00917	0.00955	0.00535	0.00611	0.00917	0.01260	0.01681	0.03628	0.76434	0.04354	0.02062	0.00840	0.00267	0.00382	0.01872	0.00611	0.00535
27	0.00940	0.00705	0.01058	0.01058	0.01176	0.00823	0.00823	0.01176	0.01058	0.01528	0.01763	0.02586	0.01646	0.04937	0.74255	0.01058	0.01763	0.00705	0.00353	0.00588
28	0.01864	0.19062	0.22214	0.06290	0.04952	0.27279	0.03336	0.04321	0.01601	0.01843	0.01083	0.01293	0.00864	0.00634	0.00578	0.00180	0.00973	0.00456	0.00316	0.00861
29	0.01226	0.00844	0.01131	0.01127	0.01300	0.00832	0.03333	0.09938	0.01586	0.06623	0.03197	0.47497	0.03553	0.01725	0.00816	0.00259	0.00502	0.13221	0.00619	0.00671
30	0.00925	0.00673	0.00871	0.00822	0.00980	0.00618	0.00616	0.01230	0.01849	0.02605	0.69727	0.04975	0.08916	0.01359	0.00777	0.00208	0.00312	0.01199	0.00720	0.00618
31	0.01605	0.01539	0.02628	0.08588	0.68402	0.01558	0.02008	0.01999	0.01487	0.02121	0.01234	0.01637	0.01032	0.00591	0.00652	0.00197	0.00788	0.00586	0.00324	0.01023
32	0.01620	0.01749	0.11191	0.18968	0.41152	0.03368	0.01933	0.06056	0.01561	0.04306	0.01272	0.01632	0.00998	0.00628	0.00649	0.00202	0.00826	0.00572	0.00348	0.00966
33	0.01554	0.10237	0.19492	0.02396	0.05199	0.01743	0.43407	0.04128	0.01538	0.02105	0.01258	0.01601	0.00950	0.00580	0.00697	0.00209	0.01014	0.00654	0.00325	0.00914
34	0.01189	0.00899	0.01159	0.01072	0.01184	0.01042	0.00803	0.08789	0.01253	0.01772	0.01740	0.02869	0.01726	0.26488	0.32636	0.00708	0.10532	0.00753	0.02781	0.00604
35	0.01539	0.01241	0.01436	0.01039	0.01616	0.01005	0.00837	0.09099	0.01568	0.04659	0.01260	0.01417	0.01012	0.00531	0.00512	0.00112	0.00515	0.00421	0.00433	0.69751
36	0.01613	0.18069	0.32184	0.01944	0.07151	0.07390	0.11420	0.02107	0.01438	0.04236	0.01165	0.01406	0.00902	0.00644	0.00703	0.00197	0.05694	0.00513	0.00312	0.00912

[dist]
# distance from previous block
# <min> <max>
0	1

[block]
# block no. 3 follows, 33 sequences, length 79
# corresponding to MSA columns:
# 160-238
name=unknown_D
#
# <colnr> <probs for GDERKNQSTAVLIFYWHMCP>
#	G	D	E	R	K	N	Q	S	T	A	V	L	I	F	Y	W	H	M	C	P
0	0.01099	0.00670	0.00885	0.00891	0.01025	0.00616	0.00645	0.01243	0.01479	0.08757	0.24618	0.28828	0.10419	0.01711	0.01037	0.11277	0.00405	0.03187	0.00621	0.00587
1	0.02099	0.01837	0.02061	0.01620	0.02099	0.11456	0.10810	0.37306	0.06873	0.03103	0.01662	0.07130	0.01352	0.00821	0.00668	0.00197	0.00784	0.00685	0.00548	0.06890
2	0.00795	0.00662	0.00698	0.00722	0.00921	0.00564	0.00541	0.00964	0.01477	0.01778	0.06187	0.13640	0.61819	0.01716	0.00791	0.00231	0.00353	0.04973	0.00611	0.00556
3	0.12638	0.01309	0.01927	0.33100	0.21262	0.01483	0.01595	0.06211	0.04476	0.02204	0.01414	0.02065	0.01177	0.00737	0.00641	0.00216	0.00756	0.05571	0.00380	0.00838
4	0.02469	0.01827	0.01957	0.01508	0.02029	0.02026	0.01243	0.67932	0.05781	0.04094	0.01624	0.01615	0.01154	0.00794	0.00659	0.00199	0.00716	0.00599	0.00659	0.01117
5	0.81514	0.01273	0.00968	0.00866	0.01273	0.01477	0.00713	0.01935	0.01120	0.02954	0.00917	0.01069	0.00713	0.00611	0.00407	0.00204	0.00509	0.00356	0.00407	0.00713
6	0.01527	0.01648	0.03368	0.12973	0.18187	0.01616	0.46586	0.02032	0.01510	0.02059	0.01290	0.01742	0.00992	0.00576	0.00734	0.00216	0.01009	0.00711	0.00326	0.00899
7	0.01412	0.18829	0.58833	0.01720	0.02607	0.01754	0.02160	0.02061	0.01379	0.01973	0.01126	0.01320	0.00836	0.00612	0.00583	0.00194	0.00917	0.00458	0.00279	0.00946
8	0.01042	0.00744	0.01039	0.01191	0.01334	0.00741	0.01028	0.01331	0.01497	0.01949	0.03496	0.12528	0.03831	0.01837	0.00904	0.00300	0.00590	0.63413	0.00607	0.00601
9	0.00957	0.00638	0.00718	0.00718	0.00718	0.00638	0.00399	0.00957	0.00957	0.01276	0.02074	0.04308	0.02393	0.76864	0.03351	0.00638	0.00638	0.00957	0.00399	0.00399
10	0.01760	0.77260	0.03450	0.01126	0.01690	0.02605	0.01126	0.01971	0.01338	0.01549	0.00915	0.01056	0.00845	0.00563	0.00422	0.00141	0.00704	0.00352	0.00282	0.00845
11	0.00778	0.00667	0.00667	0.00667	0.00889	0.00556	0.00500	0.00945	0.01501	0.01778	0.06669	0.06336	0.72490	0.01667	0.00778	0.00222	0.00333	0.01389	0.00611	0.00556
12	0.02503	0.01844	0.01976	0.01515	0.02042	0.02042	0.01251	0.70562	0.03095	0.04149	0.01581	0.01581	0.01120	0.00790	0.00659	0.00198	0.00724	0.00593	0.00659	0.01120
13	0.00802	0.00573	0.00764	0.00917	0.00955	0.00535	0.00611	0.00917	0.01260	0.01681	0.03628	0.76434	0.04354	0.02062	0.00840	0.00267	0.00382	0.01872	0.00611	0.00535
14	0.00957	0.00638	0.00718	0.00718	0.00718	0.00638	0.00399	0.00957	0.00957	0.01276	0.02074	0.04308	0.02393	0.76864	0.03351	0.00638	0.00638	0.00957	0.00399	0.00399
15	0.01256	0.01196	0.02056	0.72185	0.04487	0.01471	0.04755	0.01700	0.01327	0.01700	0.01177	0.01756	0.00883	0.00654	0.00663	0.00220	0.00887	0.00593	0.00294	0.00738
16	0.01617	0.53153	0.26299	0.01371	0.02068	0.02254	0.01553	0.02008	0.01355	0.01724	0.01002	0.01165	0.00841	0.00584	0.00489	0.00163	0.00792	0.00396	0.00280	0.00887
17	0.01381	0.13522	0.63864	0.01774	0.02690	0.01676	0.02253	0.02069	0.01383	0.02011	0.01145	0.01344	0.00835	0.00617	0.00598	0.00199	0.00936	0.00468	0.00278	0.00955
18	0.01328	0.07099	0.15439	0.01347	0.04167	0.04634	0.02932	0.04532	0.01454	0.05265	0.04324	0.20108	0.04674	0.11588	0.01078	0.00283	0.00671	0.07874	0.00477	0.00726
19	0.01664	0.01549	0.02552	0.03742	0.64945	0.01562	0.01913	0.07048	0.01608	0.02282	0.01350	0.04317	0.01168	0.00655	0.00659	0.00198	0.00763	0.00633	0.00361	0.01030
20	0.00778	0.00667	0.00667	0.00667	0.00889	0.00556	0.00500	0.00945	0.01501	0.01778	0.06669	0.06336	0.72490	0.01667	0.00778	0.00222	0.00333	0.01389	0.00611	0.00556
21	0.02403	0.01702	0.01946	0.01477	0.02013	0.01805	0.03888	0.54361	0.02745	0.10983	0.01636	0.01636	0.01153	0.00755	0.00647	0.00190	0.00700	0.00588	0.00636	0.08735
22	0.01163	0.00730	0.00930	0.00854	0.01065	0.00657	0.00656	0.01441	0.01794	0.11324	0.50421	0.04896	0.16964	0.01348	0.00766	0.00212	0.00354	0.03039	0.00713	0.00672
23	0.00988	0.00627	0.00741	0.00741	0.00741	0.00627	0.00427	0.00941	0.00941	0.01255	0.01924	0.03934	0.02191	0.64785	0.03225	0.13629	0.00627	0.00895	0.00381	0.00381
24	0.02954	0.01120	0.01528	0.01171	0.01681	0.00968	0.00968	0.03208	0.01884	0.73213	0.02597	0.02241	0.01630	0.00815	0.00662	0.00204	0.00560	0.00662	0.00815	0.01120
25	0.01861	0.01496	0.01740	0.01732	0.11501	0.01664	0.01209	0.15250	0.46010	0.06700	0.02282	0.02175	0.01698	0.00829	0.00665	0.00214	0.00595	0.00691	0.00629	0.01060
26	0.00957	0.00638	0.00718	0.00718	0.00718	0.00638	0.00399	0.00957	0.00957	0.01276	0.02074	0.04308	0.02393	0.76864	0.03351	0.00638	0.00638	0.00957	0.00399	0.00399
27	0.01061	0.00758	0.01061	0.01212	0.01364	0.00758	0.01061	0.01364	0.01515	0.01970	0.03486	0.07426	0.03789	0.01819	0.00909	0.00303	0.00606	0.68326	0.00606	0.00606
28	0.01382	0.13719	0.63677	0.01772	0.02687	0.01679	0.02250	0.02069	0.01383	0.02010	0.01144	0.01343	0.00835	0.00617	0.00597	0.00199	0.00935	0.00468	0.00278	0.00955
29	0.01734	0.01627	0.02415	0.15293	0.47666	0.05699	0.01839	0.11571	0.01712	0.02322	0.01262	0.01618	0.01015	0.00632	0.00650	0.00198	0.00813	0.00578	0.00368	0.00986
30	0.00802	0.00573	0.00764	0.00917	0.00955	0.00535	0.00611	0.00917	0.01260	0.01681	0.03628	0.76434	0.04354	0.02062	0.00840	0.00267	0.00382	0.01872	0.00611	0.00535
31	0.01024	0.00829	0.01219	0.01170	0.01268	0.01023	0.00926	0.01244	0.01050	0.01538	0.01613	0.02394	0.01515	0.04303	0.62167	0.00929	0.14153	0.00684	0.00342	0.00610
32	0.02494	0.01787	0.01932	0.01489	0.02008	0.01966	0.01227	0.64177	0.05713	0.07944	0.01680	0.01652	0.01183	0.00796	0.00659	0.00199	0.00707	0.00603	0.00668	0.01117
33	0.02340	0.01980	0.01856	0.01495	0.01928	0.15850	0.01207	0.48484	0.02614	0.03390	0.01474	0.01561	0.01095	0.00787	0.00716	0.00194	0.04996	0.00561	0.06481	0.00991
34	0.01520	0.00937	0.01133	0.01003	0.01279	0.00938	0.00778	0.02203	0.19046	0.16240	0.35846	0.03587	0.03912	0.01083	0.00702	0.00206	0.00410	0.00930	0.07425	0.00821
35	0.01322	0.01295	0.02350	0.18869	0.16113	0.01305	0.23047	0.01725	0.01466	0.01981	0.02383	0.02687	0.15034	0.00818	0.00703	0.00211	0.00784	0.00805	0.06306	0.00796
36	0.01076	0.00896	0.01391	0.01438	0.06686	0.00877	0.09000	0.01453	0.06914	0.02012	0.11287	0.36247	0.03660	0.01559	0.00810	0.00252	0.00537	0.12655	0.00575	0.00676
37	0.02954	0.01120	0.01528	0.01171	0.01681	0.00968	0.00968	0.03208	0.01884	0.73213	0.02597	0.02241	0.01630	0.00815	0.00662	0.00204	0.00560	0.00662	0.00815	0.01120
38	0.01532	0.01556	0.02922	0.17143	0.37980	0.01577	0.23526	0.01984	0.01482	0.02049	0.01255	0.01699	0.00998	0.00590	0.00692	0.00208	0.00904	0.00646	0.00322	0.00935
39	0.01365	0.01170	0.01365	0.00975	0.01560	0.00878	0.00780	0.01658	0.01365	0.02145	0.01170	0.01365	0.00975	0.00488	0.00488	0.00098	0.00488	0.00390	0.00390	0.80888
40	0.01637	0.01414	0.01489	0.01340	0.01712	0.01637	0.01042	0.03498	0.71568	0.02754	0.02679	0.02456	0.02010	0.00893	0.00670	0.00223	0.00521	0.00744	0.00670	0.01042
41	0.01524	0.01609	0.07701	0.14294	0.47537	0.01525	0.04296	0.02057	0.06441	0.02132	0.03608	0.01800	0.01235	0.00645	0.00660	0.00203	0.00788	0.00616	0.00355	0.00972
42	0.01682	0.01404	0.01490	0.01334	0.01711	0.01615	0.01040	0.03488	0.69230	0.05118	0.02677	0.02449	0.01997	0.00891	0.00670	0.00223	0.00522	0.00742	0.00675	0.01045
43	0.01440	0.01440	0.02016	0.01728	0.01728	0.02016	0.01440	0.01584	0.01008	0.01584	0.00864	0.01440	0.00864	0.01152	0.02160	0.00288	0.75659	0.00576	0.00288	0.00720
44	0.01432	0.01785	0.16288	0.28956	0.34799	0.01521	0.02033	0.01913	0.01413	0.01971	0.01203	0.01627	0.00943	0.00620	0.00649	0.00207	0.00853	0.00566	0.00305	0.00918
45	0.00957	0.00638	0.00718	0.00718	0.00718	0.00638	0.00399	0.00957	0.00957	0.01276	0.02074	0.04308	0.02393	0.76864	0.03351	0.00638	0.00638	0.00957	0.00399	0.00399
46	0.00778	0.00667	0.00667	0.00667	0.00889	0.00556	0.00500	0.00945	0.01501	0.01778	0.06669	0.06336	0.72490	0.01667	0.00778	0.00222	0.00333	0.01389	0.00611	0.00556
47	0.02934	0.01151	0.01547	0.01186	0.01696	0.01014	0.00980	0.06097	0.01936	0.70251	0.02554	0.02212	0.01608	0.00814	0.00662	0.00203	0.00567	0.00659	0.00808	0.01120
48	0.01398	0.01391	0.02004	0.01713	0.01745	0.01892	0.04335	0.01557	0.01050	0.01614	0.01089	0.07000	0.01128	0.01194	0.02004	0.00284	0.66896	0.00681	0.00314	0.00714
49	0.00802	0.00573	0.00764	0.00917	0.00955	0.00535	0.00611	0.00917	0.01260	0.01681	0.03628	0.76434	0.04354	0.02062	0.00840	0.00267	0.00382	0.01872	0.00611	0.00535
50	0.01586	0.01520	0.02593	0.12102	0.65037	0.01553	0.01999	0.01982	0.01478	0.02098	0.01231	0.01644	0.01024	0.00595	0.00652	0.00198	0.00793	0.00586	0.00322	0.01008
51	0.02143	0.29001	0.04747	0.01603	0.04974	0.43732	0.01290	0.02355	0.01650	0.01628	0.00997	0.01167	0.00855	0.00632	0.00537	0.00162	0.00994	0.00408	0.00317	0.00810
52	0.01288	0.01216	0.02056	0.66972	0.12492	0.01474	0.01851	0.01721	0.01338	0.01737	0.01178	0.01740	0.00897	0.00650	0.00657	0.00217	0.00866	0.00585	0.00296	0.00768
53	0.26046	0.02331	0.01787	0.01616	0.04931	0.39511	0.06244	0.06542	0.01679	0.02230	0.01055	0.01239	0.00844	0.00652	0.00558	0.00187	0.00933	0.00447	0.00378	0.00791
54	0.01590	0.01524	0.02601	0.11279	0.65826	0.01554	0.02001	0.01986	0.01480	0.02103	0.01231	0.01642	0.01026	0.00594	0.00652	0.00198	0.00792	0.00586	0.00322	0.01011
55	0.00811	0.00579	0.00774	0.00927	0.00969	0.00543	0.00627	0.00932	0.01269	0.01691	0.03623	0.74008	0.04334	0.02054	0.00843	0.00269	0.00390	0.04208	0.00611	0.00537
56	0.00802	0.00573	0.00764	0.00917	0.00955	0.00535	0.00611	0.00917	0.01260	0.01681	0.03628	0.76434	0.04354	0.02062	0.00840	0.00267	0.00382	0.01872	0.00611	0.00535
57	0.01243	0.01170	0.01975	0.75282	0.04534	0.01463	0.01828	0.01682	0.01316	0.01682	0.01170	0.01755	0.00878	0.00658	0.00658	0.00219	0.00878	0.00585	0.00293	0.00731
58	0.01227	0.00614	0.00614	0.00614	0.00767	0.00614	0.00460	0.01534	0.01381	0.02454	0.02148	0.02454	0.01687	0.00767	0.00460	0.00153	0.00307	0.00614	0.80518	0.00614
59	0.00940	0.00705	0.01058	0.01058	0.01176	0.00823	0.00823	0.01176	0.01058	0.01528	0.01763	0.02586	0.01646	0.04937	0.74255	0.01058	0.01763	0.00705	0.00353	0.00588
60	0.01637	0.01414	0.01489	0.01340	0.01712	0.01637	0.01042	0.03498	0.71568	0.02754	0.02679	0.02456	0.02010	0.00893	0.00670	0.00223	0.00521	0.00744	0.00670	0.01042
61	0.01554	0.01776	0.03885	0.02775	0.03441	0.01665	0.70366	0.02109	0.01554	0.02109	0.01332	0.01776	0.00999	0.00555	0.00777	0.00222	0.01110	0.00777	0.00333	0.00888
62	0.02459	0.03138	0.01866	0.01696	0.02035	0.74221	0.01272	0.02629	0.01866	0.01611	0.01018	0.01187	0.00848	0.00678	0.00594	0.00170	0.01187	0.00424	0.00339	0.00763
63	0.00778	0.00667	0.00667	0.00667	0.00889	0.00556	0.00500	0.00945	0.01501	0.01778	0.06669	0.06336	0.72490	0.01667	0.00778	0.00222	0.00333	0.01389	0.00611	0.00556
64	0.01760	0.77260	0.03450	0.01126	0.01690	0.02605	0.01126	0.01971	0.01338	0.01549	0.00915	0.01056	0.00845	0.00563	0.00422	0.00141	0.00704	0.00352	0.00282	0.00845
65	0.81514	0.01273	0.00968	0.00866	0.01273	0.01477	0.00713	0.01935	0.01120	0.02954	0.00917	0.01069	0.00713	0.00611	0.00407	0.00204	0.00509	0.00356	0.00407	0.00713
66	0.00801	0.00576	0.00760	0.00908	0.00953	0.00535	0.00607	0.00918	0.01269	0.01684	0.03735	0.73984	0.06735	0.02049	0.00838	0.00266	0.00380	0.01855	0.00611	0.00535
67	0.01320	0.03405	0.73453	0.01876	0.02849	0.01529	0.02432	0.02085	0.01390	0.02085	0.01181	0.01390	0.00834	0.00625	0.00625	0.00208	0.00973	0.00486	0.00278	0.00973
68	0.01459	0.03216	0.63178	0.01919	0.05204	0.04123	0.02290	0.07165	0.01537	0.02223	0.01207	0.01405	0.00863	0.00638	0.00628	0.00206	0.00955	0.00496	0.00310	0.00979
69	0.03711	0.05567	0.01805	0.01470	0.01794	0.15929	0.06463	0.12996	0.11790	0.02291	0.02147	0.10790	0.05546	0.01058	0.00831	0.00221	0.08006	0.06266	0.00498	0.00819
70	0.00815	0.00591	0.00773	0.00913	0.00973	0.00549	0.00628	0.00944	0.01294	0.01705	0.03866	0.66893	0.09816	0.02017	0.00839	0.00266	0.00391	0.05577	0.00611	0.00540
71	0.75669	0.01411	0.01034	0.00927	0.01329	0.06855	0.00754	0.01986	0.01175	0.02854	0.00924	0.01078	0.00723	0.00616	0.00421	0.00201	0.00559	0.00361	0.00402	0.00717
72	0.00802	0.00573	0.00764	0.00917	0.00955	0.00535	0.00611	0.00917	0.01260	0.01681	0.03628	0.76434	0.04354	0.02062	0.00840	0.00267	0.00382	0.01872	0.00611	0.00535
73	0.01591	0.02508	0.42533	0.01775	0.02536	0.01429	0.10817	0.02348	0.09144	0.12201	0.03698	0.01901	0.03063	0.00719	0.00663	0.00211	0.00849	0.00620	0.00425	0.00970
74	0.01122	0.00820	0.01061	0.01125	0.01296	0.00828	0.00924	0.06465	0.04634	0.02190	0.11928	0.18756	0.05836	0.01684	0.00848	0.00271	0.00527	0.38406	0.00628	0.00651
75	0.02503	0.01844	0.01976	0.01515	0.02042	0.02042	0.01251	0.70562	0.03095	0.04149	0.01581	0.01581	0.01120	0.00790	0.00659	0.00198	0.00724	0.00593	0.00659	0.01120
76	0.02010	0.01864	0.01984	0.07008	0.15055	0.15103	0.01409	0.24326	0.12881	0.02716	0.01566	0.01818	0.01235	0.00790	0.00746	0.00206	0.05364	0.02464	0.00492	0.00963
77	0.06603	0.09464	0.12661	0.09878	0.14602	0.08313	0.01543	0.19585	0.01845	0.02514	0.01234	0.01465	0.00957	0.00704	0.00656	0.02450	0.00802	0.00514	0.00403	0.03806
78	0.07102	0.07478	0.12268	0.16810	0.10374	0.03529	0.08027	0.08808	0.01581	0.02216	0.05755	0.05223	0.01538	0.03223	0.00737	0.00222	0.00783	0.03093	0.00398	0.00833

[dist]
# distance from previous block
# <min> <max>
2	30

[block]
# block no. 4 follows, 33 sequences, length 69
# corresponding to MSA columns:
# 269-337
name=unknown_E
#
# <colnr> <probs for GDERKNQSTAVLIFYWHMCP>
#	G	D	E	R	K	N	Q	S	T	A	V	L	I	F	Y	W	H	M	C	P
0	0.08657	0.04056	0.10258	0.03898	0.04461	0.15603	0.01183	0.10264	0.07044	0.04251	0.02468	0.10299	0.12890	0.01000	0.00652	0.00207	0.00714	0.00797	0.00484	0.00813
1	0.02010	0.01776	0.06862	0.01728	0.08441	0.07878	0.05269	0.22307	0.17155	0.09922	0.06476	0.02019	0.01639	0.00791	0.00663	0.00202	0.00716	0.00655	0.00571	0.02920
2	0.22177	0.04889	0.01592	0.01339	0.05579	0.01644	0.01015	0.27787	0.10274	0.04804	0.01584	0.01808	0.01246	0.06780	0.00790	0.00233	0.00617	0.00571	0.04362	0.00909
3	0.01131	0.00847	0.00898	0.00886	0.00958	0.04094	0.00586	0.04692	0.03204	0.01575	0.02236	0.06643	0.02476	0.56064	0.02642	0.00531	0.00652	0.08937	0.00449	0.00499
4	0.02308	0.02107	0.01802	0.08232	0.02155	0.29140	0.01237	0.24602	0.04439	0.11008	0.03353	0.03781	0.01306	0.00793	0.00643	0.00193	0.00867	0.00593	0.00523	0.00917
5	0.02348	0.01994	0.01884	0.01713	0.08390	0.20028	0.01256	0.32225	0.07603	0.11172	0.01758	0.01769	0.03281	0.00780	0.00646	0.00194	0.00801	0.00593	0.00565	0.01000
6	0.01410	0.01458	0.02364	0.14746	0.08494	0.04811	0.21688	0.01857	0.05700	0.01906	0.02110	0.02424	0.12166	0.00887	0.00990	0.00229	0.14817	0.00768	0.00381	0.00794
7	0.01166	0.00617	0.00940	0.01002	0.04127	0.00617	0.00638	0.00910	0.00887	0.01189	0.01148	0.01984	0.01139	0.02210	0.02486	0.77179	0.00581	0.00572	0.00288	0.00320
8	0.01765	0.01773	0.02494	0.07160	0.56298	0.11514	0.01872	0.05364	0.01616	0.02149	0.01221	0.01573	0.01012	0.00612	0.00644	0.00193	0.00839	0.00565	0.00342	0.00993
9	0.06245	0.02887	0.01836	0.01634	0.02000	0.61729	0.01243	0.11079	0.01984	0.01992	0.01083	0.01231	0.00875	0.00689	0.00593	0.00175	0.01097	0.00442	0.00382	0.00805
10	0.00874	0.00621	0.00798	0.00870	0.00936	0.00614	0.00592	0.01002	0.01203	0.01632	0.05218	0.38700	0.08743	0.17710	0.14366	0.00474	0.00671	0.01380	0.03072	0.00523
11	0.01783	0.74852	0.03398	0.01145	0.01701	0.04931	0.01131	0.01993	0.01355	0.01551	0.00919	0.01060	0.00845	0.00567	0.00428	0.00142	0.00720	0.00354	0.00283	0.00842
12	0.00918	0.00672	0.00861	0.00814	0.00975	0.00615	0.00610	0.01215	0.01830	0.02561	0.66412	0.05047	0.12258	0.01375	0.00777	0.00208	0.00313	0.01209	0.00714	0.00615
13	0.00898	0.00672	0.00833	0.00792	0.00963	0.00607	0.00594	0.01176	0.01783	0.02449	0.57828	0.05232	0.20912	0.01417	0.00777	0.00210	0.00316	0.01235	0.00700	0.00607
14	0.01561	0.01756	0.03774	0.02890	0.09764	0.01656	0.64131	0.02101	0.01549	0.02113	0.01323	0.01762	0.01003	0.00558	0.00765	0.00220	0.01080	0.00760	0.00332	0.00902
15	0.00802	0.00573	0.00764	0.00917	0.00955	0.00535	0.00611	0.00917	0.01260	0.01681	0.03628	0.76434	0.04354	0.02062	0.00840	0.00267	0.00382	0.01872	0.00611	0.00535
16	0.01440	0.01440	0.02016	0.01728	0.01728	0.02016	0.01440	0.01584	0.01008	0.01584	0.00864	0.01440	0.00864	0.01152	0.02160	0.00288	0.75659	0.00576	0.00288	0.00720
17	0.81514	0.01273	0.00968	0.00866	0.01273	0.01477	0.00713	0.01935	0.01120	0.02954	0.00917	0.01069	0.00713	0.00611	0.00407	0.00204	0.00509	0.00356	0.00407	0.00713
18	0.01760	0.77260	0.03450	0.01126	0.01690	0.02605	0.01126	0.01971	0.01338	0.01549	0.00915	0.01056	0.00845	0.00563	0.00422	0.00141	0.00704	0.00352	0.00282	0.00845
19	0.00802	0.00573	0.00764	0.00917	0.00955	0.00535	0.00611	0.00917	0.01260	0.01681	0.03628	0.76434	0.04354	0.02062	0.00840	0.00267	0.00382	0.01872	0.00611	0.00535
20	0.04518	0.02817	0.01906	0.01904	0.09593	0.60205	0.01324	0.02594	0.05830	0.01772	0.01134	0.01305	0.00932	0.00679	0.00599	0.00176	0.01086	0.00458	0.00359	0.00808
21	0.01971	0.01588	0.01873	0.01865	0.13882	0.01752	0.01297	0.31252	0.27639	0.03199	0.02013	0.02187	0.01558	0.00842	0.00674	0.00212	0.00655	0.03886	0.00604	0.01054
22	0.00802	0.00573	0.00764	0.00917	0.00955	0.00535	0.00611	0.00917	0.01260	0.01681	0.03628	0.76434	0.04354	0.02062	0.00840	0.00267	0.00382	0.01872	0.00611	0.00535
23	0.02552	0.01512	0.01681	0.01312	0.01791	0.04221	0.01075	0.36744	0.02444	0.29505	0.01988	0.01890	0.01350	0.00793	0.00639	0.00195	0.00643	0.00614	0.07990	0.01060
24	0.01227	0.00614	0.00614	0.00614	0.00767	0.00614	0.00460	0.01534	0.01381	0.02454	0.02148	0.02454	0.01687	0.00767	0.00460	0.00153	0.00307	0.00614	0.80518	0.00614
25	0.01637	0.01414	0.01489	0.01340	0.01712	0.01637	0.01042	0.03498	0.71568	0.02754	0.02679	0.02456	0.02010	0.00893	0.00670	0.00223	0.00521	0.00744	0.00670	0.01042
26	0.01508	0.01514	0.02816	0.26573	0.26047	0.01579	0.24030	0.04124	0.01509	0.02049	0.01257	0.01716	0.00978	0.00606	0.00695	0.00212	0.00917	0.00648	0.00328	0.00895
27	0.01227	0.00614	0.00614	0.00614	0.00767	0.00614	0.00460	0.01534	0.01381	0.02454	0.02148	0.02454	0.01687	0.00767	0.00460	0.00153	0.00307	0.00614	0.80518	0.00614
28	0.01028	0.00707	0.00836	0.00814	0.00859	0.00737	0.00511	0.04322	0.01077	0.01456	0.01998	0.03887	0.02206	0.61071	0.15205	0.00688	0.00833	0.00897	0.00404	0.00465
29	0.01630	0.01666	0.06500	0.02204	0.13617	0.04196	0.12920	0.02138	0.10010	0.06100	0.01351	0.01687	0.01099	0.00863	0.01272	0.00241	0.30619	0.00626	0.00381	0.00880
30	0.01492	0.01341	0.04563	0.01175	0.01505	0.06028	0.00954	0.08528	0.26436	0.04798	0.26754	0.03359	0.08171	0.01066	0.00706	0.00210	0.00520	0.00894	0.00648	0.00851
31	0.01033	0.00713	0.00809	0.00793	0.00849	0.00739	0.00495	0.01247	0.07464	0.01546	0.04754	0.03950	0.02415	0.58317	0.07141	0.00581	0.00664	0.00911	0.05088	0.00490
32	0.01929	0.06504	0.11882	0.01830	0.08628	0.15795	0.08781	0.14928	0.01845	0.05766	0.01295	0.01466	0.00990	0.00636	0.00609	0.00175	0.00844	0.00518	0.00417	0.15162
33	0.01144	0.00572	0.00858	0.00858	0.00858	0.00572	0.00572	0.00858	0.00858	0.01144	0.01144	0.02001	0.01144	0.02287	0.02573	0.80846	0.00572	0.00572	0.00286	0.00286
34	0.02346	0.03973	0.01907	0.01534	0.01983	0.23471	0.01224	0.38963	0.12637	0.03129	0.01557	0.01578	0.01162	0.00767	0.00635	0.00192	0.00832	0.00559	0.00556	0.00996
35	0.01354	0.01350	0.01965	0.68568	0.04306	0.08100	0.01778	0.01768	0.01366	0.01676	0.01156	0.01703	0.00875	0.00660	0.00652	0.00215	0.00906	0.00570	0.00297	0.00734
36	0.03925	0.01111	0.01362	0.01207	0.01422	0.01274	0.00955	0.20591	0.01660	0.02334	0.03837	0.02720	0.01749	0.12653	0.27821	0.00584	0.08972	0.04627	0.00465	0.00731
37	0.01181	0.00848	0.01003	0.05503	0.01225	0.07346	0.00731	0.01096	0.01081	0.01361	0.01747	0.19616	0.01882	0.02087	0.04553	0.46425	0.00646	0.00873	0.00371	0.00427
38	0.02167	0.01339	0.01692	0.01679	0.14126	0.01352	0.01145	0.25103	0.02126	0.22719	0.02337	0.02311	0.07827	0.00839	0.00646	0.00196	0.00603	0.00686	0.10113	0.00995
39	0.01279	0.01192	0.01930	0.68536	0.04277	0.01479	0.01757	0.01848	0.07725	0.01780	0.01308	0.01819	0.00981	0.00680	0.00659	0.00220	0.00845	0.00600	0.00327	0.00760
40	0.01839	0.01400	0.01715	0.01370	0.01755	0.01520	0.07322	0.34374	0.06291	0.03132	0.06268	0.02309	0.05693	0.01061	0.04069	0.00239	0.04262	0.00708	0.13767	0.00905
41	0.00874	0.00603	0.00743	0.00825	0.00845	0.00583	0.00513	0.00935	0.01120	0.01494	0.02910	0.43080	0.03447	0.36654	0.02001	0.00439	0.00500	0.01449	0.00513	0.00472
42	0.01346	0.01275	0.02161	0.56248	0.22762	0.01490	0.01880	0.01772	0.01365	0.01807	0.01188	0.01722	0.00922	0.00639	0.00656	0.00213	0.00852	0.00585	0.00301	0.00815
43	0.01871	0.01769	0.01930	0.38631	0.05531	0.20359	0.01546	0.10251	0.01726	0.08264	0.01307	0.01626	0.00970	0.00691	0.00642	0.00202	0.00909	0.00551	0.00395	0.00830
44	0.81514	0.01273	0.00968	0.00866	0.01273	0.01477	0.00713	0.01935	0.01120	0.02954	0.00917	0.01069	0.00713	0.00611	0.00407	0.00204	0.00509	0.00356	0.00407	0.00713
45	0.01383	0.02949	0.57243	0.01909	0.02762	0.01500	0.10485	0.02066	0.01436	0.04250	0.04639	0.01632	0.01136	0.00673	0.00698	0.00212	0.03196	0.00563	0.00323	0.00943
46	0.00802	0.00573	0.00764	0.00917	0.00955	0.00535	0.00611	0.00917	0.01260	0.01681	0.03628	0.76434	0.04354	0.02062	0.00840	0.00267	0.00382	0.01872	0.00611	0.00535
47	0.01365	0.01170	0.01365	0.00975	0.01560	0.00878	0.00780	0.01658	0.01365	0.02145	0.01170	0.01365	0.00975	0.00488	0.00488	0.00098	0.00488	0.00390	0.00390	0.80888
48	0.01773	0.01624	0.01454	0.01283	0.01620	0.17714	0.00992	0.12934	0.17663	0.04456	0.09685	0.10290	0.02265	0.00993	0.00666	0.00199	0.00659	0.02965	0.03165	0.07598
49	0.01227	0.00614	0.00614	0.00614	0.00767	0.00614	0.00460	0.01534	0.01381	0.02454	0.02148	0.02454	0.01687	0.00767	0.00460	0.00153	0.00307	0.00614	0.80518	0.00614
50	0.01469	0.01232	0.01421	0.01024	0.01604	0.00984	0.00823	0.07944	0.01523	0.02328	0.01208	0.01385	0.00988	0.00515	0.00503	0.00107	0.00509	0.00409	0.00415	0.73611
51	0.01583	0.04880	0.11259	0.21688	0.16679	0.06729	0.03625	0.06475	0.07868	0.02072	0.01296	0.01632	0.01021	0.00722	0.00819	0.00214	0.09621	0.00571	0.00358	0.00886
52	0.01227	0.00614	0.00614	0.00614	0.00767	0.00614	0.00460	0.01534	0.01381	0.02454	0.02148	0.02454	0.01687	0.00767	0.00460	0.00153	0.00307	0.00614	0.80518	0.00614
53	0.01357	0.02501	0.44486	0.01781	0.02477	0.01411	0.10069	0.01938	0.01401	0.04706	0.03884	0.05958	0.01390	0.00921	0.02744	0.00243	0.06741	0.02554	0.02555	0.00882
54	0.01775	0.08841	0.31928	0.15777	0.02732	0.03395	0.01783	0.02270	0.01492	0.19253	0.01487	0.01634	0.01038	0.00690	0.00669	0.00205	0.03141	0.00538	0.00414	0.00938
55	0.01532	0.01265	0.04861	0.01856	0.19645	0.02978	0.02816	0.05989	0.05615	0.10824	0.02679	0.13266	0.11368	0.11080	0.01055	0.00271	0.00628	0.00939	0.00513	0.00821
56	0.02095	0.04301	0.01881	0.01666	0.04201	0.49752	0.04708	0.05387	0.01791	0.01790	0.01824	0.01957	0.10601	0.00828	0.00704	0.00187	0.04583	0.00591	0.00386	0.00766
57	0.01605	0.01718	0.04161	0.03796	0.01871	0.21160	0.09131	0.01939	0.06755	0.03570	0.01782	0.12461	0.01737	0.07546	0.02947	0.04224	0.09138	0.03327	0.00417	0.00714
58	0.01498	0.08653	0.12010	0.09172	0.33546	0.01597	0.14681	0.01940	0.01457	0.02011	0.01474	0.04160	0.03504	0.00674	0.00662	0.00202	0.00841	0.00656	0.00333	0.00927
59	0.01243	0.01170	0.01975	0.75282	0.04534	0.01463	0.01828	0.01682	0.01316	0.01682	0.01170	0.01755	0.00878	0.00658	0.00658	0.00219	0.00878	0.00585	0.00293	0.00731
60	0.01567	0.01303	0.05217	0.01198	0.01533	0.01276	0.00989	0.25534	0.10551	0.02807	0.09092	0.14826	0.08943	0.04632	0.00841	0.00241	0.00562	0.05218	0.02836	0.00833
61	0.01660	0.01959	0.05961	0.08851	0.04823	0.22207	0.22830	0.04062	0.01624	0.01935	0.03697	0.12010	0.03661	0.00873	0.00707	0.00210	0.00936	0.00811	0.00395	0.00788
62	0.01355	0.02167	0.28673	0.08834	0.03021	0.01460	0.30320	0.01927	0.01446	0.02019	0.01554	0.08189	0.01338	0.00775	0.00722	0.00224	0.00954	0.03817	0.00345	0.00862
63	0.81514	0.01273	0.00968	0.00866	0.01273	0.01477	0.00713	0.01935	0.01120	0.02954	0.00917	0.01069	0.00713	0.00611	0.00407	0.00204	0.00509	0.00356	0.00407	0.00713
64	0.01629	0.01564	0.02672	0.04041	0.72757	0.01564	0.02020	0.02020	0.01499	0.02151	0.01238	0.01629	0.01043	0.00587	0.00652	0.00196	0.00782	0.00587	0.00326	0.01043
65	0.01243	0.01170	0.01975	0.75282	0.04534	0.01463	0.01828	0.01682	0.01316	0.01682	0.01170	0.01755	0.00878	0.00658	0.00658	0.00219	0.00878	0.00585	0.00293	0.00731
66	0.01729	0.01661	0.01764	0.01489	0.01830	0.17615	0.10849	0.15038	0.09380	0.02439	0.08219	0.16221	0.02236	0.01033	0.00696	0.00209	0.00735	0.00895	0.05149	0.00814
67	0.01142	0.00976	0.01112	0.09764	0.01589	0.03313	0.00855	0.04752	0.14866	0.02060	0.06454	0.24361	0.23342	0.01428	0.00749	0.00231	0.00492	0.01232	0.00582	0.00698
68	0.43150	0.18817	0.04110	0.01165	0.01622	0.13267	0.03181	0.02117	0.03698	0.02362	0.01014	0.01165	0.00821	0.00619	0.00468	0.00185	0.00695	0.00397	0.00371	0.00776

[dist]
# distance from previous block
# <min> <max>
0	1

[block]
# block no. 5 follows, 33 sequences, length 128
# corresponding to MSA columns:
# 339-466
name=unknown_F
#
# <colnr> <probs for GDERKNQSTAVLIFYWHMCP>
#	G	D	E	R	K	N	Q	S	T	A	V	L	I	F	Y	W	H	M	C	P
0	0.01972	0.02037	0.01781	0.01711	0.08115	0.28602	0.01232	0.14733	0.08152	0.02307	0.05469	0.04875	0.03272	0.00887	0.00827	0.00203	0.09842	0.00646	0.02488	0.00847
1	0.01325	0.00950	0.01067	0.00960	0.01198	0.02909	0.00742	0.06226	0.10296	0.07222	0.33691	0.03915	0.12914	0.01168	0.00743	0.00205	0.02474	0.00981	0.10279	0.00735
2	0.81514	0.01273	0.00968	0.00866	0.01273	0.01477	0.00713	0.01935	0.01120	0.02954	0.00917	0.01069	0.00713	0.00611	0.00407	0.00204	0.00509	0.00356	0.00407	0.00713
3	0.00907	0.00655	0.00795	0.00832	0.00947	0.00617	0.00601	0.01082	0.01395	0.01864	0.16843	0.18652	0.19192	0.16988	0.03955	0.00349	0.00483	0.09351	0.03951	0.00542
4	0.00802	0.00573	0.00764	0.00917	0.00955	0.00535	0.00611	0.00917	0.01260	0.01681	0.03628	0.76434	0.04354	0.02062	0.00840	0.00267	0.00382	0.01872	0.00611	0.00535
5	0.01243	0.01170	0.01975	0.75282	0.04534	0.01463	0.01828	0.01682	0.01316	0.01682	0.01170	0.01755	0.00878	0.00658	0.00658	0.00219	0.00878	0.00585	0.00293	0.00731
6	0.01365	0.01170	0.01365	0.00975	0.01560	0.00878	0.00780	0.01658	0.01365	0.02145	0.01170	0.01365	0.00975	0.00488	0.00488	0.00098	0.00488	0.00390	0.00390	0.80888
7	0.02459	0.03138	0.01866	0.01696	0.02035	0.74221	0.01272	0.02629	0.01866	0.01611	0.01018	0.01187	0.00848	0.00678	0.00594	0.00170	0.01187	0.00424	0.00339	0.00763
8	0.00787	0.00667	0.00679	0.00676	0.00894	0.00559	0.00507	0.00961	0.01520	0.01826	0.10280	0.06258	0.68849	0.01650	0.00778	0.00221	0.00332	0.01378	0.00618	0.00559
9	0.00932	0.00673	0.00880	0.00828	0.00984	0.00621	0.00621	0.01242	0.01863	0.02640	0.72410	0.04918	0.06212	0.01346	0.00776	0.00207	0.00311	0.01191	0.00725	0.00621
10	0.00802	0.00573	0.00764	0.00917	0.00955	0.00535	0.00611	0.00917	0.01260	0.01681	0.03628	0.76434	0.04354	0.02062	0.00840	0.00267	0.00382	0.01872	0.00611	0.00535
11	0.00940	0.00705	0.01058	0.01058	0.01176	0.00823	0.00823	0.01176	0.01058	0.01528	0.01763	0.02586	0.01646	0.04937	0.74255	0.01058	0.01763	0.00705	0.00353	0.00588
12	0.81514	0.01273	0.00968	0.00866	0.01273	0.01477	0.00713	0.01935	0.01120	0.02954	0.00917	0.01069	0.00713	0.00611	0.00407	0.00204	0.00509	0.00356	0.00407	0.00713
13	0.01320	0.03405	0.73453	0.01876	0.02849	0.01529	0.02432	0.02085	0.01390	0.02085	0.01181	0.01390	0.00834	0.00625	0.00625	0.00208	0.00973	0.00486	0.00278	0.00973
14	0.02459	0.03138	0.01866	0.01696	0.02035	0.74221	0.01272	0.02629	0.01866	0.01611	0.01018	0.01187	0.00848	0.00678	0.00594	0.00170	0.01187	0.00424	0.00339	0.00763
15	0.01440	0.01440	0.02016	0.01728	0.01728	0.02016	0.01440	0.01584	0.01008	0.01584	0.00864	0.01440	0.00864	0.01152	0.02160	0.00288	0.75659	0.00576	0.00288	0.00720
16	0.01373	0.01195	0.01468	0.01048	0.01637	0.00910	0.03616	0.01676	0.01373	0.02144	0.01177	0.01382	0.00976	0.00490	0.00499	0.00103	0.00513	0.00406	0.00388	0.77628
17	0.06813	0.01884	0.01898	0.01485	0.01989	0.06721	0.01216	0.60245	0.05053	0.03874	0.01542	0.01554	0.01107	0.00776	0.00641	0.00197	0.00737	0.00573	0.00624	0.01071
18	0.34369	0.01051	0.00967	0.00852	0.01173	0.01146	0.00683	0.09343	0.01494	0.07474	0.01611	0.01778	0.01222	0.00709	0.00473	0.00182	0.00452	0.00509	0.33769	0.00743
19	0.01411	0.18608	0.59043	0.01722	0.02611	0.01750	0.02164	0.02061	0.01379	0.01975	0.01127	0.01321	0.00836	0.00613	0.00584	0.00195	0.00918	0.00459	0.00279	0.00947
20	0.01006	0.00723	0.00827	0.00814	0.00918	0.00704	0.00546	0.05690	0.01365	0.01796	0.11358	0.14385	0.16330	0.36761	0.01983	0.00421	0.00513	0.02804	0.00528	0.00527
