[name]
unknown

[dist]
# distance from previous block
# <min> <max>
0	20

[block]
# block no. 0 follows, 31 sequences, length 36
# corresponding to MSA columns:
# 20-55
name=unknown_A
#
# <colnr> <probs for GDERKNQSTAVLIFYWHMCP>
#	G	D	E	R	K	N	Q	S	T	A	V	L	I	F	Y	W	H	M	C	P
0	0.06653	0.05283	0.09373	0.01280	0.01676	0.07247	0.01123	0.11871	0.09937	0.05336	0.07134	0.11270	0.09190	0.03233	0.00788	0.00238	0.00653	0.06307	0.00567	0.00840
1	0.08835	0.10333	0.01679	0.07230	0.01784	0.01316	0.04311	0.05575	0.07282	0.12352	0.05576	0.13106	0.07575	0.03684	0.04472	0.01968	0.00666	0.00898	0.00548	0.00811
2	0.01967	0.01467	0.01709	0.07437	0.06359	0.03720	0.01157	0.21639	0.10751	0.10939	0.04587	0.02276	0.04426	0.04514	0.00802	0.00217	0.00660	0.00678	0.00582	0.14113
3	0.01914	0.01542	0.01529	0.01345	0.01702	0.09513	0.01042	0.17560	0.25328	0.08825	0.04910	0.15540	0.03995	0.01127	0.00722	0.00226	0.00632	0.00937	0.00657	0.00953
4	0.00912	0.00675	0.00786	0.00795	0.00958	0.00614	0.00581	0.01102	0.01528	0.02025	0.19570	0.14734	0.34077	0.03874	0.05437	0.03555	0.00457	0.01316	0.06423	0.00580
5	0.01041	0.00694	0.00858	0.00869	0.01020	0.00627	0.00620	0.01231	0.01564	0.07134	0.23211	0.28807	0.20110	0.07752	0.01039	0.00276	0.00400	0.01463	0.00666	0.00619
6	0.01054	0.00724	0.00887	0.00884	0.01030	0.00680	0.00633	0.01309	0.04058	0.05538	0.26376	0.19821	0.15429	0.14518	0.01280	0.00313	0.00433	0.03766	0.00649	0.00616
7	0.03624	0.01188	0.01332	0.01174	0.01515	0.01260	0.00916	0.08994	0.29016	0.11691	0.16305	0.07832	0.09950	0.01148	0.00731	0.00226	0.00496	0.00968	0.00709	0.00924
8	0.00954	0.00661	0.00755	0.00776	0.00927	0.00604	0.00560	0.01172	0.01542	0.02151	0.19546	0.19957	0.25451	0.04583	0.00863	0.00240	0.00359	0.01319	0.16985	0.00594
9	0.00956	0.00667	0.00849	0.00890	0.01019	0.00607	0.00634	0.01161	0.01593	0.04580	0.28226	0.37596	0.15130	0.01772	0.00833	0.00246	0.00369	0.01574	0.00684	0.00612
10	0.02028	0.01307	0.01498	0.01236	0.01612	0.01371	0.00973	0.23819	0.14037	0.16595	0.15823	0.02947	0.02623	0.09753	0.01039	0.00267	0.00588	0.00824	0.00700	0.00960
11	0.00915	0.00681	0.00831	0.00846	0.00987	0.00623	0.00616	0.01130	0.01610	0.02149	0.31581	0.17774	0.22333	0.09417	0.01106	0.00283	0.00396	0.05476	0.00659	0.00587
12	0.07728	0.00775	0.00944	0.00964	0.01153	0.00737	0.00731	0.01453	0.01530	0.10363	0.12924	0.31142	0.12274	0.01634	0.00793	0.00251	0.00441	0.10066	0.03427	0.00670
13	0.01015	0.00734	0.00996	0.01133	0.01269	0.00714	0.00935	0.01276	0.01530	0.01997	0.06938	0.22801	0.08940	0.01914	0.00913	0.00296	0.00544	0.44809	0.00637	0.00610
14	0.02131	0.01521	0.01711	0.01439	0.01862	0.01653	0.01189	0.40385	0.10273	0.07705	0.02353	0.05867	0.02038	0.01120	0.00751	0.00236	0.00678	0.15392	0.00682	0.01014
15	0.01032	0.00755	0.00900	0.00896	0.01022	0.00733	0.00617	0.05239	0.01410	0.01883	0.09189	0.24475	0.13557	0.24356	0.07542	0.00438	0.00607	0.01285	0.00551	0.03514
16	0.00855	0.00607	0.00798	0.00930	0.00974	0.00570	0.00618	0.00977	0.01324	0.01775	0.07867	0.65351	0.04481	0.08076	0.01080	0.00305	0.00414	0.01824	0.00625	0.00550
17	0.01612	0.01435	0.02003	0.36580	0.16075	0.06720	0.01642	0.03926	0.08101	0.06453	0.04408	0.05040	0.01482	0.00798	0.00692	0.00220	0.00812	0.00698	0.00427	0.00876
18	0.01550	0.01578	0.02470	0.40267	0.23254	0.07729	0.09481	0.01982	0.01498	0.01929	0.01241	0.01739	0.00972	0.00653	0.00690	0.00217	0.00939	0.00617	0.00323	0.00872
19	0.02005	0.02016	0.01647	0.01461	0.01779	0.29734	0.01135	0.18398	0.01957	0.02316	0.01494	0.01855	0.01251	0.02190	0.24484	0.00486	0.01283	0.00586	0.03105	0.00818
20	0.02014	0.01725	0.04691	0.08987	0.37891	0.07394	0.05958	0.05126	0.01717	0.15491	0.01549	0.01786	0.01162	0.00676	0.00682	0.00207	0.00837	0.00620	0.00446	0.01039
21	0.04525	0.01143	0.01509	0.10782	0.01974	0.01062	0.03254	0.06479	0.01534	0.10090	0.03659	0.07106	0.01514	0.00987	0.00889	0.10656	0.00607	0.00651	0.00473	0.31106
22	0.00989	0.00658	0.00775	0.00786	0.00805	0.00656	0.00469	0.00995	0.01039	0.01382	0.02394	0.09162	0.05597	0.58683	0.06566	0.06461	0.00683	0.01038	0.00429	0.00433
23	0.01654	0.01691	0.02847	0.16809	0.41339	0.05897	0.15574	0.02091	0.01557	0.02102	0.01280	0.01721	0.01031	0.00622	0.00701	0.00212	0.00925	0.00639	0.00335	0.00974
24	0.04500	0.03428	0.07854	0.08382	0.15939	0.18184	0.04577	0.11928	0.01850	0.02346	0.03372	0.05188	0.02951	0.00871	0.00689	0.00213	0.00879	0.05518	0.00438	0.00895
25	0.01120	0.00654	0.00957	0.06268	0.01187	0.00666	0.00688	0.01006	0.01083	0.01453	0.08178	0.11506	0.02155	0.06736	0.02182	0.51951	0.00572	0.00847	0.00389	0.00403
26	0.01244	0.00782	0.00963	0.00932	0.01101	0.00737	0.00674	0.04705	0.01593	0.10082	0.17968	0.22917	0.12753	0.16114	0.01332	0.00324	0.00475	0.04007	0.00644	0.00653
27	0.02000	0.01099	0.01541	0.01265	0.01637	0.01035	0.06430	0.09125	0.03628	0.29662	0.18932	0.15067	0.03196	0.01171	0.00757	0.00225	0.00553	0.01032	0.00728	0.00918
28	0.10709	0.07937	0.02170	0.05397	0.10131	0.10997	0.04114	0.28121	0.03895	0.07928	0.01468	0.01583	0.01092	0.00731	0.00633	0.00201	0.00803	0.00563	0.00522	0.01007
29	0.01473	0.01343	0.01968	0.07310	0.25679	0.06239	0.06741	0.01765	0.01475	0.04403	0.06264	0.08707	0.04484	0.11606	0.05616	0.00335	0.02494	0.00858	0.00428	0.00812
30	0.01033	0.00898	0.03825	0.00932	0.01115	0.03581	0.00710	0.01225	0.01501	0.04358	0.13335	0.28959	0.24638	0.08179	0.01047	0.00281	0.00465	0.02691	0.00613	0.00613
31	0.01668	0.05856	0.36112	0.05039	0.02990	0.10194	0.19659	0.06426	0.01653	0.02209	0.01263	0.01538	0.00934	0.00647	0.00682	0.00212	0.01043	0.00582	0.00337	0.00956
32	0.05630	0.07338	0.06601	0.09935	0.15137	0.10257	0.05882	0.06859	0.13115	0.02296	0.01696	0.04873	0.02823	0.00808	0.00725	0.00214	0.03783	0.00666	0.00435	0.00926
33	0.06084	0.01528	0.01750	0.01560	0.06193	0.01643	0.01183	0.36770	0.08655	0.11142	0.02165	0.10454	0.01824	0.01024	0.00709	0.00223	0.00660	0.04740	0.00660	0.01030
34	0.04825	0.00697	0.00854	0.00924	0.01009	0.00692	0.00639	0.01075	0.01343	0.01867	0.10342	0.46116	0.11272	0.10591	0.01201	0.00310	0.03503	0.01576	0.00597	0.00567
35	0.01912	0.01509	0.01739	0.03976	0.01924	0.03703	0.03861	0.25330	0.18102	0.05835	0.06078	0.05176	0.01963	0.05647	0.00943	0.00247	0.03707	0.02875	0.00611	0.04863

[dist]
# distance from previous block
# <min> <max>
6	12

[block]
# block no. 1 follows, 31 sequences, length 11
# corresponding to MSA columns:
# 68-78
name=unknown_B
#
# <colnr> <probs for GDERKNQSTAVLIFYWHMCP>
#	G	D	E	R	K	N	Q	S	T	A	V	L	I	F	Y	W	H	M	C	P
0	0.01448	0.01164	0.03217	0.05650	0.07007	0.04710	0.01013	0.05079	0.07591	0.09341	0.18371	0.14934	0.11962	0.01430	0.03728	0.00262	0.00603	0.01084	0.00613	0.00794
1	0.02222	0.01680	0.01742	0.01448	0.01899	0.05912	0.01156	0.28795	0.30290	0.11170	0.02270	0.04731	0.01705	0.00909	0.00692	0.00218	0.00663	0.00726	0.00686	0.01087
2	0.06247	0.01414	0.01576	0.01374	0.06895	0.05465	0.01001	0.02128	0.09729	0.05505	0.01440	0.01591	0.01150	0.00627	0.00620	0.00148	0.03458	0.00485	0.00449	0.48697
3	0.22549	0.15207	0.07873	0.01366	0.01867	0.14828	0.01206	0.12307	0.12173	0.02635	0.01374	0.01456	0.01067	0.00712	0.00560	0.00196	0.00768	0.00491	0.00456	0.00911
4	0.00955	0.00635	0.00774	0.00828	0.00842	0.00621	0.00504	0.00972	0.01095	0.01460	0.02634	0.28644	0.03085	0.44948	0.02525	0.06688	0.00567	0.01290	0.00481	0.00454
5	0.01647	0.01740	0.07890	0.09303	0.36584	0.01655	0.12006	0.06076	0.06404	0.02336	0.03448	0.01857	0.01269	0.00697	0.00769	0.00217	0.04049	0.00661	0.00388	0.01004
6	0.00863	0.00629	0.00816	0.00933	0.01014	0.00583	0.00652	0.01024	0.01426	0.01894	0.12163	0.56008	0.11546	0.01997	0.00863	0.00268	0.00397	0.05700	0.00649	0.00573
7	0.06565	0.01171	0.06408	0.01084	0.01406	0.01051	0.00917	0.05286	0.09698	0.10019	0.19237	0.09176	0.14271	0.01213	0.00782	0.00223	0.03600	0.01003	0.06093	0.00797
8	0.04088	0.05393	0.05647	0.10873	0.23724	0.01669	0.08804	0.10248	0.03593	0.05182	0.01370	0.01670	0.01072	0.00685	0.00750	0.00204	0.05217	0.00594	0.00410	0.08808
9	0.12682	0.05936	0.01865	0.01523	0.04670	0.08956	0.01191	0.21431	0.07880	0.07133	0.03353	0.01716	0.01287	0.00954	0.02976	0.00238	0.10832	0.00578	0.00519	0.04280
10	0.07942	0.12825	0.06820	0.04794	0.12854	0.04571	0.01319	0.12653	0.04773	0.06209	0.05606	0.02001	0.04919	0.00767	0.00616	0.00189	0.00697	0.00608	0.00476	0.09359

[dist]
# distance from previous block
# <min> <max>
4	18

[block]
# block no. 2 follows, 31 sequences, length 37
# corresponding to MSA columns:
# 98-134
name=unknown_C
#
# <colnr> <probs for GDERKNQSTAVLIFYWHMCP>
#	G	D	E	R	K	N	Q	S	T	A	V	L	I	F	Y	W	H	M	C	P
0	0.01710	0.01436	0.05844	0.06465	0.02021	0.01346	0.06128	0.14854	0.13195	0.09093	0.09629	0.02881	0.10211	0.03340	0.00793	0.00223	0.00639	0.00809	0.00591	0.08793
1	0.10787	0.01822	0.06098	0.02958	0.05002	0.08380	0.01234	0.19741	0.18835	0.05306	0.01719	0.01754	0.01287	0.00752	0.00626	0.00197	0.00704	0.00578	0.00548	0.11672
2	0.01018	0.00650	0.00847	0.00933	0.01006	0.00608	0.00626	0.01139	0.01338	0.06500	0.07118	0.55468	0.04115	0.13714	0.01271	0.00331	0.00448	0.01671	0.00621	0.00579
3	0.01515	0.01419	0.06771	0.06335	0.12262	0.03539	0.07509	0.07724	0.01664	0.06070	0.12424	0.08112	0.02319	0.06341	0.07868	0.00330	0.02673	0.00847	0.00488	0.03790
4	0.09613	0.16751	0.32073	0.01750	0.06150	0.11703	0.01775	0.04563	0.05707	0.02202	0.01236	0.01404	0.00954	0.00664	0.00588	0.00197	0.00893	0.00482	0.00352	0.00942
5	0.00874	0.00640	0.00808	0.00888	0.00973	0.00603	0.00608	0.01020	0.01371	0.01818	0.11726	0.43267	0.14877	0.10675	0.06224	0.00365	0.00512	0.01590	0.00605	0.00557
6	0.01678	0.01265	0.01864	0.01855	0.13741	0.01285	0.09037	0.09423	0.09471	0.10617	0.09252	0.02818	0.04858	0.08439	0.09448	0.00360	0.00815	0.00810	0.02071	0.00891
7	0.01782	0.15272	0.17307	0.07874	0.04477	0.12801	0.17965	0.05056	0.01625	0.04226	0.01282	0.01576	0.00997	0.00840	0.03815	0.00240	0.01029	0.00575	0.00353	0.00908
8	0.02518	0.01615	0.01696	0.01380	0.01849	0.08608	0.01110	0.20409	0.17632	0.29209	0.02262	0.02101	0.01566	0.00842	0.00673	0.00209	0.00671	0.00662	0.03898	0.01088
9	0.00832	0.00601	0.00788	0.00937	0.00988	0.00557	0.00628	0.00954	0.01325	0.01753	0.03962	0.71348	0.08563	0.02119	0.00869	0.00275	0.00394	0.01915	0.00635	0.00557
10	0.05978	0.01381	0.08154	0.06598	0.01813	0.04261	0.01109	0.08771	0.05883	0.12145	0.07242	0.14891	0.12060	0.01236	0.00738	0.00233	0.00613	0.05469	0.00599	0.00828
11	0.06875	0.01763	0.05508	0.09104	0.02667	0.05818	0.20690	0.17481	0.01912	0.10119	0.01514	0.01781	0.01121	0.00993	0.05099	0.00273	0.05212	0.00653	0.00474	0.00944
12	0.00892	0.00630	0.00828	0.00964	0.01014	0.00601	0.00666	0.01020	0.01301	0.01727	0.03525	0.56590	0.04161	0.12465	0.01249	0.00337	0.00465	0.10416	0.00603	0.00546
13	0.01761	0.01804	0.05178	0.06073	0.17779	0.13058	0.14576	0.03768	0.01599	0.06394	0.01635	0.10165	0.01462	0.00884	0.00865	0.00223	0.08220	0.00774	0.02896	0.00885
14	0.10917	0.03019	0.51501	0.06282	0.02779	0.05508	0.02137	0.06213	0.01540	0.02350	0.01210	0.01429	0.00873	0.00664	0.00626	0.00214	0.00944	0.00499	0.00333	0.00961
15	0.00978	0.00730	0.01084	0.01084	0.01201	0.00847	0.00836	0.01212	0.01095	0.01577	0.01846	0.02764	0.01743	0.08141	0.70281	0.01081	0.01783	0.00744	0.00369	0.00602
16	0.11249	0.01595	0.10432	0.25356	0.14377	0.03065	0.04560	0.05292	0.01488	0.02184	0.01576	0.11400	0.01436	0.02249	0.00727	0.00233	0.00797	0.00755	0.00391	0.00837
17	0.01741	0.01220	0.01739	0.06140	0.10141	0.01203	0.07011	0.11274	0.04261	0.15555	0.15577	0.03416	0.15652	0.01055	0.00741	0.00217	0.00609	0.00922	0.00624	0.00898
18	0.01449	0.01190	0.01877	0.50354	0.06028	0.01411	0.01628	0.06498	0.01507	0.06294	0.01535	0.05508	0.01251	0.01282	0.09023	0.00327	0.00958	0.00693	0.00389	0.00797
19	0.18784	0.01560	0.09637	0.01292	0.01834	0.01337	0.01176	0.12748	0.01900	0.35254	0.02067	0.02206	0.01461	0.00841	0.00644	0.00218	0.00649	0.04710	0.00657	0.01026
20	0.01553	0.01534	0.09149	0.06623	0.09380	0.01359	0.16057	0.09577	0.01720	0.06681	0.08272	0.16175	0.02244	0.01150	0.02651	0.00254	0.03289	0.00963	0.00498	0.00871
21	0.12537	0.04574	0.02073	0.23802	0.16076	0.08350	0.03251	0.08483	0.03474	0.05717	0.01431	0.01901	0.01145	0.00738	0.00646	0.00214	0.00817	0.03461	0.00419	0.00892
22	0.06447	0.01499	0.02498	0.05887	0.02517	0.04926	0.29551	0.03609	0.04511	0.04477	0.01937	0.04176	0.06194	0.01505	0.12343	0.00369	0.05522	0.00791	0.00417	0.00824
23	0.02496	0.03135	0.01911	0.01737	0.02091	0.68201	0.01305	0.02795	0.06738	0.01758	0.01178	0.01326	0.00966	0.00721	0.00622	0.00180	0.01185	0.00464	0.00377	0.00813
24	0.23745	0.11999	0.01827	0.01245	0.01738	0.08000	0.01043	0.15339	0.03478	0.22918	0.01639	0.01606	0.01159	0.00738	0.00575	0.00199	0.00678	0.00524	0.00577	0.00975
25	0.01093	0.00894	0.01194	0.09438	0.01638	0.00912	0.03094	0.01608	0.10851	0.02325	0.29307	0.11714	0.15878	0.01393	0.00795	0.00235	0.00480	0.05807	0.00640	0.00704
26	0.00904	0.00708	0.00892	0.01018	0.04421	0.00643	0.00691	0.01103	0.01536	0.02001	0.16973	0.31745	0.28078	0.01778	0.00833	0.00248	0.00397	0.04782	0.00642	0.00609
27	0.01214	0.00973	0.01087	0.01068	0.01211	0.05912	0.00800	0.06028	0.01430	0.01871	0.06727	0.06479	0.05371	0.23795	0.21638	0.00604	0.00986	0.11710	0.00488	0.00608
28	0.01818	0.10557	0.02690	0.04869	0.10122	0.12322	0.17316	0.08866	0.03914	0.02155	0.01372	0.05164	0.01188	0.00823	0.00953	0.00221	0.13694	0.00672	0.00390	0.00892
29	0.01281	0.01191	0.01996	0.69972	0.04516	0.01476	0.01853	0.01728	0.01380	0.01766	0.01359	0.02174	0.01092	0.00756	0.00699	0.00233	0.00895	0.04557	0.00323	0.00752
30	0.02089	0.01271	0.01473	0.01266	0.01660	0.01335	0.00996	0.08777	0.31844	0.24655	0.02746	0.10779	0.02148	0.01027	0.00702	0.00225	0.00545	0.00861	0.04567	0.01033
31	0.01615	0.01658	0.02394	0.20693	0.20389	0.10681	0.13547	0.04148	0.04535	0.02073	0.01821	0.06180	0.05608	0.00811	0.00714	0.00218	0.00886	0.00756	0.00394	0.00878
32	0.10401	0.02369	0.28388	0.01873	0.05426	0.03866	0.10202	0.12583	0.05538	0.10587	0.01530	0.01654	0.01090	0.00703	0.00658	0.00215	0.00862	0.00583	0.00460	0.01012
33	0.00866	0.00615	0.00802	0.00920	0.00969	0.00577	0.00613	0.00996	0.01347	0.01815	0.11280	0.59856	0.04525	0.10006	0.01147	0.00312	0.00417	0.01762	0.00625	0.00551
34	0.07769	0.15606	0.03865	0.01381	0.01874	0.10732	0.02338	0.18692	0.10427	0.05031	0.01720	0.01774	0.04205	0.00772	0.00643	0.00188	0.02683	0.00566	0.00501	0.09235
35	0.07980	0.05284	0.17457	0.06718	0.02423	0.08770	0.11512	0.04221	0.01606	0.05067	0.07370	0.01824	0.01442	0.00696	0.00636	0.00191	0.00822	0.00591	0.00412	0.14979
36	0.04071	0.16058	0.14708	0.01517	0.06737	0.03012	0.01335	0.09718	0.09309	0.07502	0.04586	0.02461	0.09755	0.03526	0.02628	0.00241	0.00729	0.00695	0.00492	0.00920

[dist]
# distance from previous block
# <min> <max>
0	1

[block]
# block no. 3 follows, 31 sequences, length 43
# corresponding to MSA columns:
# 136-178
name=unknown_D
#
# <colnr> <probs for GDERKNQSTAVLIFYWHMCP>
#	G	D	E	R	K	N	Q	S	T	A	V	L	I	F	Y	W	H	M	C	P
0	0.01584	0.07732	0.07932	0.12322	0.02466	0.04547	0.13274	0.09458	0.04247	0.03863	0.04423	0.04735	0.03917	0.05416	0.03102	0.03621	0.02952	0.03147	0.00440	0.00822
1	0.03051	0.01133	0.05999	0.09322	0.06087	0.01014	0.05025	0.01503	0.03953	0.03702	0.05917	0.15264	0.27776	0.01373	0.00829	0.00239	0.03363	0.03197	0.00534	0.00720
2	0.01691	0.18226	0.30688	0.04204	0.02359	0.12821	0.01732	0.07338	0.01650	0.02093	0.01585	0.04620	0.03788	0.00809	0.00631	0.00202	0.00899	0.03388	0.00371	0.00903
3	0.01620	0.01785	0.03652	0.02656	0.03282	0.01742	0.58058	0.02344	0.09955	0.02250	0.01534	0.01917	0.01160	0.00646	0.00855	0.00234	0.04195	0.00794	0.00387	0.00935
4	0.00834	0.00595	0.00794	0.00953	0.00992	0.00556	0.00635	0.00953	0.01310	0.01746	0.03771	0.75510	0.04525	0.02143	0.00873	0.00278	0.00397	0.01945	0.00635	0.00556
5	0.01571	0.04232	0.02169	0.34403	0.10979	0.10955	0.07377	0.02035	0.05310	0.03689	0.01787	0.02151	0.06421	0.00904	0.02979	0.00243	0.00915	0.00673	0.00380	0.00828
6	0.04520	0.10577	0.18494	0.06930	0.10397	0.01658	0.15247	0.04766	0.05494	0.07985	0.04161	0.03875	0.01386	0.00733	0.00674	0.00212	0.00847	0.00666	0.00423	0.00956
7	0.00832	0.00654	0.00751	0.00811	0.00959	0.00574	0.00576	0.00995	0.01490	0.01880	0.10878	0.34093	0.39342	0.01870	0.00834	0.00249	0.00365	0.01628	0.00645	0.00574
8	0.39177	0.02069	0.10791	0.04616	0.05033	0.16049	0.07139	0.03957	0.01475	0.02537	0.01090	0.01311	0.00844	0.00652	0.00553	0.00207	0.00821	0.00466	0.00383	0.00828
9	0.00977	0.00733	0.01100	0.01100	0.01222	0.00855	0.00855	0.01222	0.01100	0.01588	0.01833	0.02688	0.01710	0.05131	0.73245	0.01100	0.01833	0.00733	0.00367	0.00611
10	0.01031	0.00716	0.00832	0.00820	0.00863	0.00736	0.00505	0.01180	0.04889	0.01528	0.06760	0.04258	0.02661	0.60708	0.09221	0.00648	0.00736	0.00976	0.00448	0.00484
11	0.02022	0.21551	0.09447	0.01634	0.04682	0.04802	0.03819	0.24632	0.13444	0.02814	0.01541	0.01620	0.01186	0.00751	0.00669	0.00198	0.03109	0.00565	0.00495	0.01021
12	0.01693	0.01626	0.02777	0.04199	0.71689	0.01626	0.02100	0.02100	0.01558	0.02235	0.01287	0.01693	0.01084	0.00610	0.00677	0.00203	0.00813	0.00610	0.00339	0.01084
13	0.00834	0.00658	0.00752	0.00805	0.00959	0.00577	0.00575	0.01003	0.01507	0.01903	0.12359	0.31595	0.40355	0.01848	0.00832	0.00246	0.00362	0.01606	0.00647	0.00577
14	0.01835	0.11045	0.12043	0.04233	0.08690	0.03925	0.09131	0.07183	0.04253	0.13533	0.07795	0.02655	0.01915	0.00883	0.00699	0.00217	0.00774	0.07738	0.00513	0.00942
15	0.04779	0.04334	0.12081	0.04378	0.16514	0.01619	0.17644	0.11365	0.03521	0.08213	0.01597	0.04554	0.01263	0.00925	0.03930	0.00255	0.00905	0.00693	0.00445	0.00983
16	0.01119	0.00925	0.00997	0.00926	0.01127	0.05690	0.00699	0.04148	0.01929	0.02592	0.53375	0.04935	0.16187	0.01380	0.00789	0.00215	0.00407	0.01190	0.00704	0.00666
17	0.02258	0.09590	0.05026	0.01878	0.02331	0.49592	0.12149	0.02603	0.04872	0.01822	0.01183	0.01385	0.00959	0.00682	0.00636	0.00186	0.01136	0.00509	0.00359	0.00842
18	0.04905	0.13176	0.19033	0.01924	0.12706	0.10447	0.01601	0.09745	0.08548	0.04071	0.01676	0.04195	0.03537	0.00778	0.00632	0.00202	0.00820	0.00610	0.00431	0.00964
19	0.12269	0.01529	0.01670	0.01310	0.01801	0.01622	0.01078	0.37691	0.02471	0.21405	0.01884	0.01839	0.01303	0.00802	0.00634	0.00203	0.00640	0.00606	0.08180	0.01062
20	0.00865	0.00725	0.00757	0.00750	0.00974	0.00634	0.00561	0.01130	0.04659	0.01981	0.13182	0.08544	0.59504	0.01677	0.00806	0.00231	0.00354	0.01410	0.00650	0.00606
21	0.05721	0.08354	0.11515	0.09571	0.02383	0.06967	0.08947	0.14609	0.04470	0.04485	0.08443	0.05043	0.04833	0.00870	0.00679	0.00211	0.00787	0.00731	0.00487	0.00895
22	0.08812	0.05703	0.15425	0.07564	0.05550	0.05768	0.11375	0.10847	0.01787	0.10086	0.06735	0.04220	0.01557	0.00785	0.00672	0.00212	0.00821	0.00674	0.00474	0.00933
23	0.02556	0.03261	0.01939	0.01763	0.02115	0.73210	0.01322	0.02732	0.01939	0.01674	0.01058	0.01234	0.00881	0.00705	0.00617	0.00176	0.01234	0.00441	0.00353	0.00793
24	0.08045	0.03640	0.03867	0.01375	0.01785	0.08738	0.03006	0.15431	0.04468	0.18694	0.03424	0.02045	0.01476	0.01757	0.16638	0.00404	0.03087	0.00637	0.00557	0.00926
25	0.03516	0.03238	0.05700	0.03530	0.15072	0.05627	0.03682	0.08130	0.06133	0.08092	0.07237	0.03346	0.21767	0.01048	0.00713	0.00214	0.00651	0.00884	0.00543	0.00878
26	0.01163	0.00901	0.01064	0.01000	0.01222	0.00911	0.00763	0.04595	0.15597	0.02647	0.40850	0.09384	0.12071	0.01383	0.00789	0.00228	0.00403	0.03575	0.00714	0.00741
27	0.01263	0.00849	0.01008	0.00965	0.01204	0.00809	0.00737	0.01723	0.11241	0.10716	0.18636	0.16597	0.24699	0.01520	0.00797	0.00238	0.00422	0.05149	0.00694	0.00733
28	0.01628	0.13165	0.25665	0.08565	0.16040	0.01780	0.09740	0.08261	0.01613	0.02225	0.01253	0.01564	0.00974	0.00710	0.00728	0.03323	0.00900	0.00563	0.00344	0.00960
29	0.01787	0.04833	0.02028	0.09390	0.25373	0.08366	0.01449	0.06033	0.06242	0.09984	0.01993	0.15787	0.01832	0.00976	0.00702	0.00218	0.00733	0.00856	0.00491	0.00928
30	0.00849	0.00679	0.00760	0.00772	0.00957	0.00590	0.00567	0.01048	0.01607	0.02038	0.21243	0.17081	0.45959	0.01720	0.00818	0.00235	0.00349	0.01475	0.00662	0.00590
31	0.01016	0.00723	0.00835	0.00797	0.01016	0.00629	0.00601	0.01246	0.01710	0.06835	0.29312	0.08470	0.41182	0.01572	0.00802	0.00226	0.00356	0.01340	0.00691	0.00640
32	0.01521	0.02842	0.44380	0.10555	0.10609	0.05555	0.08676	0.04057	0.01542	0.02162	0.01250	0.01547	0.00921	0.00650	0.00671	0.00215	0.00997	0.00557	0.00316	0.00974
33	0.01537	0.01394	0.01622	0.01423	0.01614	0.08720	0.03514	0.09107	0.06619	0.02041	0.01604	0.02260	0.01447	0.09665	0.21847	0.00525	0.19677	0.00685	0.03949	0.00752
34	0.01648	0.01163	0.01299	0.01146	0.01486	0.01223	0.00891	0.05976	0.31918	0.12743	0.13319	0.03662	0.15534	0.03849	0.00832	0.00241	0.00495	0.00953	0.00704	0.00918
35	0.00847	0.00612	0.00804	0.00952	0.01011	0.00570	0.00653	0.00980	0.01341	0.01770	0.03973	0.67197	0.08939	0.02102	0.00873	0.00277	0.00406	0.05497	0.00635	0.00561
36	0.01837	0.04283	0.17794	0.02059	0.14480	0.17374	0.01634	0.11281	0.07181	0.02387	0.03488	0.02302	0.04929	0.00851	0.00681	0.00210	0.00872	0.04965	0.00447	0.00943
37	0.06280	0.04586	0.10458	0.10232	0.32222	0.04366	0.15007	0.02164	0.04122	0.02199	0.01308	0.01668	0.01036	0.00631	0.00675	0.00211	0.00897	0.00613	0.00348	0.00973
38	0.00852	0.00621	0.00790	0.00916	0.00984	0.00576	0.00624	0.00979	0.01334	0.01745	0.04087	0.58569	0.13465	0.06984	0.01041	0.00299	0.00418	0.04545	0.00620	0.00552
39	0.01355	0.05129	0.01242	0.01055	0.01278	0.05707	0.00819	0.01659	0.04272	0.09415	0.27600	0.15673	0.10666	0.01540	0.03523	0.00261	0.03332	0.04113	0.00641	0.00719
40	0.01655	0.04212	0.11449	0.10694	0.08379	0.07026	0.05694	0.06420	0.01604	0.08825	0.03568	0.12002	0.03922	0.03820	0.00951	0.00244	0.07392	0.00830	0.00458	0.00855
41	0.02038	0.07232	0.04422	0.01846	0.07011	0.18220	0.12066	0.11428	0.06726	0.09059	0.06898	0.04596	0.01692	0.00819	0.00681	0.00203	0.00851	0.00697	0.02588	0.00929
42	0.02413	0.02950	0.01934	0.01855	0.05898	0.61475	0.01349	0.05405	0.01947	0.01841	0.01265	0.01707	0.01107	0.00783	0.00645	0.00188	0.01150	0.04887	0.00384	0.00814

[dist]
# distance from previous block
# <min> <max>
4	16

[block]
# block no. 4 follows, 31 sequences, length 8
# corresponding to MSA columns:
# 195-202
name=unknown_E
#
# <colnr> <probs for GDERKNQSTAVLIFYWHMCP>
#	G	D	E	R	K	N	Q	S	T	A	V	L	I	F	Y	W	H	M	C	P
0	0.01479	0.08746	0.29410	0.01944	0.06271	0.01530	0.15453	0.02107	0.05595	0.04827	0.07713	0.06351	0.03875	0.00835	0.00700	0.00217	0.00846	0.00757	0.00419	0.00925
1	0.00836	0.00640	0.00768	0.00851	0.00970	0.00572	0.00594	0.00993	0.01456	0.01872	0.10907	0.44391	0.28830	0.01929	0.00844	0.00255	0.00372	0.01701	0.00646	0.00572
2	0.01549	0.06758	0.17454	0.07196	0.21257	0.06186	0.07709	0.02164	0.08986	0.02122	0.01871	0.07139	0.04982	0.00826	0.00687	0.00215	0.00831	0.00733	0.00399	0.00937
3	0.07137	0.04257	0.02065	0.04377	0.12463	0.03275	0.07382	0.19072	0.15266	0.05270	0.02068	0.05574	0.03477	0.00902	0.00695	0.00221	0.00718	0.04246	0.00552	0.00983
4	0.01244	0.00801	0.00967	0.00934	0.01139	0.00752	0.00686	0.01597	0.07964	0.11430	0.17959	0.23516	0.20106	0.06516	0.00977	0.00266	0.00426	0.01342	0.00678	0.00700
5	0.04774	0.00846	0.00994	0.04204	0.04758	0.00872	0.00763	0.05538	0.01537	0.04935	0.02287	0.07580	0.02001	0.03609	0.00687	0.00210	0.00458	0.06597	0.46646	0.00705
6	0.10097	0.04337	0.09498	0.09110	0.15906	0.07350	0.04962	0.05972	0.06195	0.10685	0.01567	0.04264	0.01237	0.00777	0.00742	0.00216	0.05060	0.00628	0.00450	0.00947
7	0.08728	0.10276	0.24055	0.04803	0.05414	0.04278	0.04586	0.08812	0.01581	0.02301	0.01479	0.05337	0.03108	0.00805	0.00768	0.00211	0.07353	0.00612	0.00384	0.05111

[dist]
# distance from previous block
# <min> <max>
1	31

[block]
# block no. 5 follows, 31 sequences, length 30
# corresponding to MSA columns:
# 234-263
name=unknown_F
#
# <colnr> <probs for GDERKNQSTAVLIFYWHMCP>
#	G	D	E	R	K	N	Q	S	T	A	V	L	I	F	Y	W	H	M	C	P
0	0.01751	0.03776	0.06507	0.01796	0.07507	0.13024	0.06050	0.08450	0.08773	0.04204	0.10746	0.02480	0.04451	0.00973	0.00983	0.00227	0.14049	0.02891	0.00486	0.00876
1	0.06607	0.01460	0.07148	0.03657	0.12190	0.05215	0.01167	0.06615	0.05735	0.04792	0.10775	0.07651	0.03803	0.09740	0.01000	0.00256	0.00652	0.00803	0.00501	0.10234
2	0.08818	0.04195	0.01177	0.00994	0.01282	0.05597	0.00772	0.05297	0.04106	0.02376	0.20859	0.12101	0.18010	0.01285	0.00716	0.00212	0.00489	0.02902	0.00596	0.08216
3	0.01314	0.00984	0.01354	0.04074	0.01559	0.00995	0.05963	0.04524	0.09558	0.07820	0.19875	0.22059	0.11548	0.01408	0.00845	0.00239	0.03244	0.01239	0.00642	0.00756
4	0.01494	0.01078	0.03074	0.04936	0.04642	0.01011	0.00944	0.10265	0.03559	0.09709	0.13594	0.20796	0.05133	0.04193	0.00837	0.00234	0.00528	0.01073	0.04826	0.08073
5	0.16896	0.01746	0.01605	0.01381	0.01771	0.15959	0.02623	0.21294	0.02029	0.08984	0.01848	0.09036	0.01630	0.01147	0.03674	0.00254	0.00804	0.05886	0.00553	0.00882
6	0.12660	0.01343	0.01691	0.01663	0.11332	0.01402	0.04113	0.17672	0.04346	0.05214	0.01907	0.04140	0.04345	0.05417	0.10688	0.00351	0.00825	0.02423	0.00505	0.07962
7	0.08095	0.12302	0.03962	0.08514	0.12101	0.14925	0.03016	0.08616	0.04160	0.02227	0.03275	0.01812	0.01268	0.06676	0.00832	0.00226	0.00818	0.00568	0.00406	0.06199
8	0.11645	0.01887	0.01828	0.01465	0.01949	0.08878	0.01189	0.47296	0.07101	0.03736	0.05129	0.01775	0.01415	0.00824	0.00654	0.00205	0.00738	0.00612	0.00626	0.01046
9	0.02098	0.05305	0.02288	0.06301	0.14748	0.27239	0.06811	0.13607	0.01944	0.02327	0.01246	0.01483	0.00995	0.00668	0.00638	0.00183	0.00946	0.00532	0.00406	0.10234
10	0.01499	0.01572	0.03105	0.02289	0.02851	0.01483	0.47253	0.04438	0.04688	0.02257	0.04474	0.08910	0.06109	0.00842	0.00789	0.00227	0.00930	0.00937	0.00436	0.04911
11	0.10556	0.01773	0.01723	0.01475	0.01814	0.14339	0.01192	0.21543	0.05474	0.06935	0.01614	0.02065	0.01334	0.01316	0.07646	0.00308	0.12638	0.04845	0.00514	0.00897
12	0.01509	0.01239	0.01920	0.49651	0.07619	0.01446	0.01644	0.06188	0.04826	0.07068	0.08609	0.02212	0.01616	0.00785	0.00697	0.00223	0.00795	0.00686	0.00433	0.00836
13	0.00958	0.00699	0.00900	0.00850	0.01016	0.00641	0.00637	0.01271	0.01912	0.02686	0.67195	0.05205	0.10624	0.01420	0.00807	0.00216	0.00324	0.01251	0.00746	0.00641
14	0.05840	0.01826	0.01669	0.01442	0.01759	0.21162	0.04088	0.10891	0.09822	0.02412	0.11521	0.02720	0.11161	0.01024	0.00876	0.00218	0.09447	0.00773	0.00524	0.00824
15	0.01422	0.09238	0.63061	0.01941	0.02900	0.01686	0.06198	0.02159	0.01450	0.02124	0.01215	0.01440	0.00877	0.00641	0.00642	0.00212	0.00997	0.00512	0.00292	0.00995
16	0.02868	0.01418	0.01736	0.01339	0.01869	0.01391	0.01103	0.24655	0.04897	0.47717	0.02361	0.02116	0.01537	0.00842	0.00687	0.00210	0.00636	0.00668	0.00789	0.01161
17	0.00910	0.00712	0.00836	0.00898	0.01056	0.00660	0.00664	0.01188	0.05399	0.01948	0.09368	0.31160	0.31994	0.01830	0.00840	0.00256	0.00405	0.08621	0.00646	0.00608
18	0.09841	0.01862	0.01950	0.01538	0.02030	0.11640	0.06844	0.35658	0.02439	0.11502	0.01641	0.01697	0.01178	0.00768	0.00647	0.00202	0.00781	0.00595	0.06171	0.01015
19	0.01497	0.01497	0.02095	0.01796	0.01796	0.02095	0.01497	0.01646	0.01048	0.01646	0.00898	0.01497	0.00898	0.01197	0.02245	0.00299	0.74704	0.00599	0.00299	0.00748
20	0.00849	0.00638	0.00791	0.00898	0.01001	0.00580	0.00633	0.01003	0.01420	0.01835	0.07492	0.49763	0.22610	0.01985	0.00857	0.00265	0.00394	0.05775	0.00640	0.00570
21	0.01194	0.00647	0.00697	0.00696	0.00849	0.00634	0.00518	0.01502	0.01519	0.02540	0.14946	0.07152	0.02770	0.00983	0.00561	0.00176	0.00324	0.00821	0.60835	0.00634
22	0.01313	0.01238	0.02091	0.70581	0.08276	0.01526	0.01911	0.01767	0.01378	0.01774	0.01220	0.01817	0.00921	0.00680	0.00684	0.00227	0.00907	0.00608	0.00306	0.00777
23	0.01829	0.76368	0.03585	0.01171	0.01756	0.02707	0.01171	0.02049	0.01390	0.01610	0.00951	0.01097	0.00878	0.00585	0.00439	0.00146	0.00732	0.00366	0.00293	0.00878
24	0.01114	0.00636	0.00925	0.00925	0.00955	0.00666	0.00637	0.00984	0.00954	0.01303	0.01460	0.02510	0.01469	0.11699	0.20053	0.51412	0.00906	0.00675	0.00328	0.00388
25	0.02320	0.01839	0.01974	0.01584	0.01976	0.07641	0.01299	0.42787	0.02492	0.06890	0.01505	0.01648	0.01132	0.00897	0.01023	0.00223	0.17442	0.00603	0.03706	0.01020
26	0.01923	0.12946	0.06064	0.01599	0.04392	0.01746	0.08893	0.22134	0.06422	0.04672	0.01465	0.01593	0.01122	0.00667	0.00614	0.00174	0.00728	0.00551	0.00487	0.21808
27	0.03679	0.14156	0.13490	0.01492	0.04079	0.07403	0.01346	0.14211	0.06215	0.06634	0.04291	0.01865	0.01411	0.01415	0.11774	0.00331	0.00941	0.00585	0.00465	0.04216
28	0.00987	0.00693	0.00897	0.00897	0.00949	0.00745	0.00603	0.01092	0.01040	0.01438	0.02018	0.03713	0.02155	0.45707	0.33278	0.00850	0.01163	0.00883	0.00394	0.00498
29	0.01940	0.07377	0.16156	0.08518	0.09978	0.09960	0.10610	0.10187	0.01807	0.11201	0.02987	0.03455	0.01262	0.00737	0.00676	0.00208	0.00892	0.00634	0.00446	0.00969

[dist]
# distance from previous block
# <min> <max>
0	1

[block]
# block no. 6 follows, 31 sequences, length 17
# corresponding to MSA columns:
# 265-281
name=unknown_G
#
# <colnr> <probs for GDERKNQSTAVLIFYWHMCP>
#	G	D	E	R	K	N	Q	S	T	A	V	L	I	F	Y	W	H	M	C	P
0	0.01402	0.01105	0.01306	0.14981	0.06934	0.06622	0.01024	0.03276	0.03832	0.04788	0.09190	0.10620	0.08218	0.01045	0.00664	0.00206	0.00576	0.00888	0.22584	0.00738
1	0.01372	0.03539	0.72412	0.01950	0.02961	0.01589	0.02528	0.02167	0.01444	0.02167	0.01228	0.01444	0.00867	0.00650	0.00650	0.00217	0.01011	0.00506	0.00289	0.01011
2	0.01253	0.01132	0.01806	0.57489	0.03895	0.01359	0.01625	0.03961	0.01472	0.01895	0.05389	0.07343	0.06813	0.00904	0.00713	0.00230	0.00799	0.00794	0.00388	0.00740
3	0.01687	0.13602	0.17741	0.05074	0.19702	0.09123	0.14058	0.02217	0.04468	0.02052	0.01292	0.01597	0.01030	0.00752	0.02541	0.00225	0.00966	0.00579	0.00338	0.00954
4	0.01439	0.01234	0.01428	0.01040	0.01632	0.00968	0.00830	0.01858	0.06288	0.02274	0.01327	0.01499	0.01089	0.00536	0.00520	0.00111	0.00509	0.00431	0.00426	0.74563
5	0.00845	0.00625	0.00774	0.00879	0.00962	0.00572	0.00596	0.00976	0.01367	0.01780	0.07144	0.52944	0.18649	0.07232	0.01041	0.00292	0.00402	0.01742	0.00624	0.00554
6	0.01460	0.01548	0.04577	0.01391	0.01724	0.14006	0.09003	0.04842	0.10516	0.02219	0.12912	0.15074	0.15414	0.01242	0.00758	0.00225	0.00677	0.01079	0.00562	0.00772
7	0.01709	0.19830	0.24231	0.05620	0.07650	0.10099	0.07068	0.04501	0.01526	0.01986	0.01139	0.01421	0.00917	0.00699	0.00785	0.00205	0.08859	0.00516	0.00321	0.00918
8	0.00989	0.00686	0.00862	0.00862	0.00902	0.00726	0.00559	0.01069	0.01029	0.01412	0.02050	0.03892	0.02233	0.52809	0.26282	0.00806	0.01045	0.00909	0.00399	0.00479
9	0.00981	0.00717	0.00807	0.00793	0.00987	0.00635	0.00590	0.01170	0.01564	0.05000	0.16874	0.05936	0.42804	0.11966	0.01185	0.00294	0.00417	0.06052	0.00634	0.00596
10	0.01470	0.01609	0.12766	0.01948	0.14793	0.01349	0.06331	0.03797	0.11835	0.05161	0.02804	0.06083	0.14258	0.01038	0.00824	0.00229	0.05651	0.03195	0.03964	0.00894
11	0.08144	0.08891	0.18285	0.05031	0.14778	0.10818	0.01696	0.19669	0.01958	0.02679	0.01278	0.01473	0.00978	0.00689	0.00625	0.00200	0.00870	0.00526	0.00420	0.00993
12	0.01571	0.01427	0.02354	0.38376	0.06158	0.03496	0.15737	0.07483	0.01661	0.05698	0.05143	0.02178	0.04160	0.00758	0.00719	0.00223	0.00885	0.00716	0.00411	0.00847
13	0.00860	0.00660	0.00784	0.00856	0.00991	0.00593	0.00617	0.01027	0.01466	0.01868	0.09885	0.34299	0.31857	0.04639	0.00944	0.00271	0.00399	0.06774	0.00635	0.00572
14	0.04724	0.12230	0.07167	0.13877	0.16077	0.11304	0.03908	0.10576	0.03961	0.02267	0.01454	0.06765	0.01256	0.00779	0.00646	0.00204	0.00843	0.00644	0.00405	0.00913
15	0.08761	0.06174	0.10268	0.03725	0.03943	0.07946	0.01376	0.18393	0.09841	0.02691	0.03869	0.01750	0.01312	0.00979	0.03487	0.00247	0.10489	0.00586	0.00475	0.03686
16	0.01153	0.03664	0.01341	0.03615	0.04940	0.00997	0.03822	0.03677	0.01447	0.01991	0.05221	0.29859	0.13499	0.03463	0.00965	0.00248	0.07274	0.01252	0.07424	0.04148

[dist]
# distance from previous block
# <min> <max>
2	8

[block]
# block no. 7 follows, 31 sequences, length 48
# corresponding to MSA columns:
# 290-337
name=unknown_H
#
# <colnr> <probs for GDERKNQSTAVLIFYWHMCP>
#	G	D	E	R	K	N	Q	S	T	A	V	L	I	F	Y	W	H	M	C	P
0	0.18055	0.07879	0.21567	0.02022	0.14497	0.07801	0.03692	0.10082	0.04017	0.02556	0.01253	0.01449	0.00963	0.00667	0.00600	0.00204	0.00833	0.00511	0.00393	0.00958
1	0.01801	0.12117	0.02613	0.12627	0.37019	0.10968	0.01774	0.05330	0.01610	0.02079	0.01198	0.01557	0.01000	0.00670	0.00723	0.00201	0.04855	0.00554	0.00344	0.00960
2	0.01682	0.08519	0.01647	0.01295	0.01664	0.10431	0.01024	0.05171	0.39053	0.02522	0.09009	0.02918	0.10201	0.01000	0.00685	0.00215	0.00610	0.00808	0.00614	0.00933
3	0.00832	0.00600	0.00789	0.00940	0.00989	0.00557	0.00630	0.00954	0.01322	0.01751	0.03920	0.72244	0.07695	0.02124	0.00870	0.00276	0.00395	0.01921	0.00635	0.00557
4	0.00871	0.00678	0.00793	0.00811	0.00981	0.00600	0.00597	0.01085	0.01630	0.02116	0.26571	0.19672	0.36085	0.01712	0.00824	0.00237	0.00356	0.03114	0.00672	0.00596
5	0.00935	0.00688	0.00875	0.00850	0.01007	0.00628	0.00629	0.01218	0.01825	0.02530	0.56404	0.12645	0.14188	0.01517	0.00814	0.00224	0.00333	0.01336	0.00726	0.00628
6	0.00975	0.00734	0.00909	0.00878	0.01058	0.00685	0.00665	0.01337	0.04954	0.02517	0.50794	0.07866	0.17777	0.01488	0.00811	0.00226	0.00355	0.04602	0.00719	0.00649
7	0.01419	0.01216	0.01419	0.01013	0.01621	0.00912	0.00811	0.01723	0.01419	0.02229	0.01216	0.01419	0.01013	0.00507	0.00507	0.00101	0.00507	0.00405	0.00405	0.80139
8	0.80789	0.01323	0.01006	0.00900	0.01323	0.01535	0.00741	0.02011	0.01164	0.03070	0.00953	0.01111	0.00741	0.00635	0.00423	0.00212	0.00529	0.00370	0.00423	0.00741
9	0.02696	0.01498	0.01757	0.01351	0.01875	0.01514	0.01113	0.34554	0.02509	0.33860	0.02116	0.01977	0.01418	0.00819	0.00669	0.00202	0.00648	0.00640	0.04492	0.04293
10	0.80789	0.01323	0.01006	0.00900	0.01323	0.01535	0.00741	0.02011	0.01164	0.03070	0.00953	0.01111	0.00741	0.00635	0.00423	0.00212	0.00529	0.00370	0.00423	0.00741
11	0.01476	0.00771	0.00981	0.00901	0.01124	0.00709	0.00684	0.01755	0.01735	0.17678	0.30775	0.14247	0.04067	0.01251	0.00716	0.00211	0.00389	0.01085	0.18699	0.00744
12	0.80789	0.01323	0.01006	0.00900	0.01323	0.01535	0.00741	0.02011	0.01164	0.03070	0.00953	0.01111	0.00741	0.00635	0.00423	0.00212	0.00529	0.00370	0.00423	0.00741
13	0.27167	0.01350	0.01807	0.15209	0.04719	0.04700	0.11529	0.01827	0.01298	0.02209	0.01295	0.01821	0.01091	0.04440	0.14372	0.00402	0.03054	0.00592	0.00369	0.00749
14	0.00887	0.00702	0.00807	0.00875	0.01022	0.00650	0.00619	0.01164	0.06537	0.01872	0.05037	0.40885	0.32700	0.01879	0.00833	0.00255	0.00386	0.01646	0.00640	0.00604
15	0.02516	0.01382	0.01671	0.01262	0.01816	0.01285	0.01036	0.20919	0.02162	0.35641	0.02029	0.01907	0.01374	0.00752	0.00640	0.00181	0.00609	0.00595	0.00689	0.21533
16	0.01166	0.00940	0.01382	0.01270	0.01357	0.01152	0.03004	0.01322	0.01084	0.01595	0.01540	0.02396	0.01473	0.08034	0.37637	0.09743	0.20343	0.00698	0.03256	0.00609
17	0.03819	0.02260	0.22153	0.01645	0.02190	0.11071	0.06639	0.13702	0.06576	0.04077	0.01561	0.01972	0.01265	0.08740	0.04451	0.00301	0.03692	0.00626	0.02357	0.00904
18	0.00961	0.00702	0.00837	0.00877	0.01023	0.00648	0.00623	0.01211	0.04743	0.04046	0.14665	0.34723	0.25206	0.05308	0.00953	0.00268	0.00395	0.01547	0.00651	0.00612
19	0.02998	0.01279	0.01659	0.01272	0.01804	0.01176	0.01050	0.13398	0.02150	0.61828	0.02538	0.02224	0.01613	0.00843	0.00687	0.00211	0.00608	0.00677	0.00822	0.01164
20	0.01689	0.01676	0.07763	0.02032	0.15785	0.05646	0.04514	0.10330	0.15414	0.02528	0.01942	0.04758	0.01644	0.00916	0.00807	0.00223	0.06449	0.05558	0.09387	0.00936
21	0.01919	0.01578	0.04070	0.08623	0.30857	0.05114	0.01587	0.06657	0.10094	0.14049	0.02002	0.04869	0.03886	0.00812	0.00691	0.00213	0.00740	0.00712	0.00507	0.01020
22	0.01056	0.00785	0.00993	0.00954	0.00980	0.00887	0.00645	0.01126	0.01023	0.01422	0.01927	0.03722	0.02122	0.51610	0.17875	0.00708	0.10389	0.00890	0.00390	0.00498
23	0.01596	0.01279	0.01651	0.01189	0.01796	0.01015	0.06121	0.03701	0.01525	0.07801	0.01357	0.01529	0.01073	0.00547	0.00549	0.00123	0.00569	0.00464	0.00443	0.65672
24	0.01959	0.08848	0.11052	0.02039	0.11848	0.18277	0.03779	0.13320	0.05575	0.02317	0.01311	0.01559	0.01058	0.00927	0.03510	0.00242	0.10485	0.00556	0.00404	0.00937
25	0.01342	0.00840	0.01026	0.00986	0.01177	0.00840	0.00759	0.03427	0.05263	0.09712	0.11615	0.07868	0.09552	0.14057	0.03730	0.00337	0.02396	0.12537	0.11850	0.00687
26	0.03279	0.16376	0.08991	0.04185	0.16026	0.01764	0.20481	0.04277	0.03933	0.02200	0.04719	0.03730	0.01383	0.00693	0.00663	0.00200	0.00844	0.00664	0.00383	0.05212
27	0.00968	0.00699	0.00914	0.00861	0.01022	0.00646	0.00646	0.01291	0.01937	0.02743	0.71328	0.05110	0.06455	0.01399	0.00807	0.00215	0.00323	0.01237	0.00753	0.00646
28	0.01792	0.38245	0.05581	0.01420	0.01887	0.04802	0.04669	0.07099	0.06248	0.03735	0.06624	0.01688	0.01441	0.00788	0.00797	0.00193	0.11150	0.00550	0.00404	0.00888
29	0.02601	0.01916	0.02053	0.01574	0.02122	0.02122	0.01300	0.69408	0.03217	0.04312	0.01643	0.01643	0.01163	0.00821	0.00684	0.00205	0.00753	0.00616	0.00684	0.01163
30	0.00850	0.00695	0.00750	0.00736	0.00949	0.00595	0.00552	0.01062	0.01657	0.02079	0.23567	0.06203	0.54630	0.01646	0.00808	0.00227	0.00340	0.01390	0.00666	0.00595
31	0.01372	0.03539	0.72412	0.01950	0.02961	0.01589	0.02528	0.02167	0.01444	0.02167	0.01228	0.01444	0.00867	0.00650	0.00650	0.00217	0.01011	0.00506	0.00289	0.01011
32	0.00987	0.00681	0.01019	0.01042	0.01113	0.00666	0.04333	0.01035	0.01182	0.01591	0.02713	0.41487	0.03109	0.07882	0.08766	0.19369	0.00649	0.01370	0.00496	0.00509
33	0.02515	0.10163	0.02223	0.01529	0.02081	0.02186	0.01286	0.61947	0.03014	0.04012	0.01566	0.01582	0.01132	0.00795	0.00657	0.00199	0.00750	0.00588	0.00641	0.01132
34	0.11945	0.01486	0.01504	0.01238	0.01702	0.07587	0.00983	0.09265	0.16000	0.17286	0.01985	0.05812	0.01537	0.00818	0.00621	0.00192	0.00615	0.00644	0.00596	0.18184
35	0.00866	0.00612	0.00800	0.00927	0.00964	0.00586	0.00610	0.00972	0.01250	0.01673	0.03427	0.60943	0.04074	0.13954	0.04598	0.00376	0.00505	0.01739	0.00588	0.00536
36	0.01102	0.00787	0.01102	0.01260	0.01417	0.00787	0.01102	0.01417	0.01575	0.02047	0.03622	0.07717	0.03937	0.01890	0.00945	0.00315	0.00630	0.67084	0.00630	0.00630
37	0.01006	0.00771	0.01137	0.01121	0.01231	0.00913	0.00870	0.01234	0.01092	0.01579	0.01797	0.02705	0.01702	0.08160	0.66219	0.01036	0.05713	0.00738	0.00365	0.00609
38	0.00870	0.00657	0.00806	0.00871	0.00999	0.00593	0.00626	0.01060	0.01537	0.02016	0.19938	0.36201	0.24501	0.01843	0.00843	0.00252	0.00377	0.04763	0.00662	0.00586
39	0.01220	0.00675	0.00706	0.00704	0.00843	0.00680	0.00504	0.01545	0.04076	0.02347	0.04666	0.05851	0.02152	0.12536	0.00980	0.00247	0.00384	0.00771	0.58495	0.00617
40	0.06523	0.03039	0.02071	0.01814	0.02200	0.63346	0.07137	0.02648	0.01871	0.01791	0.01080	0.01280	0.00887	0.00690	0.00623	0.00183	0.01190	0.00469	0.00356	0.00802
41	0.01368	0.10574	0.32936	0.05167	0.02637	0.01532	0.15214	0.01908	0.01454	0.02017	0.01755	0.13648	0.01643	0.00931	0.00710	0.00227	0.00886	0.04145	0.00374	0.00875
42	0.01095	0.00705	0.00872	0.00853	0.00909	0.00726	0.00548	0.01166	0.01068	0.04963	0.02107	0.03947	0.02264	0.55480	0.19777	0.00743	0.00935	0.00918	0.00425	0.00499
43	0.02284	0.01021	0.01347	0.01096	0.01498	0.00914	0.00881	0.02641	0.05217	0.45287	0.22691	0.03356	0.06603	0.01054	0.00729	0.00215	0.00494	0.00889	0.00802	0.00981
44	0.00859	0.00617	0.00815	0.00951	0.01005	0.00587	0.00648	0.00988	0.01302	0.01731	0.03700	0.62721	0.06801	0.06254	0.04667	0.00340	0.00491	0.04359	0.00609	0.00555
45	0.23553	0.13217	0.11089	0.01467	0.01943	0.12976	0.03883	0.05654	0.07400	0.02363	0.01206	0.01395	0.00966	0.00739	0.00749	0.00209	0.09446	0.00488	0.00395	0.00863
46	0.04205	0.01545	0.06846	0.01439	0.01724	0.04991	0.01224	0.15482	0.07145	0.02364	0.01573	0.02046	0.01343	0.04740	0.21474	0.00494	0.17527	0.00647	0.02363	0.00828
47	0.24311	0.07326	0.07150	0.01890	0.14526	0.05971	0.04051	0.15539	0.06072	0.02836	0.01315	0.01481	0.01018	0.00681	0.00585	0.00201	0.00741	0.00520	0.00450	0.03335

[dist]
# distance from previous block
# <min> <max>
0	3

[block]
# block no. 8 follows, 31 sequences, length 33
# corresponding to MSA columns:
# 341-373
name=unknown_I
#
# <colnr> <probs for GDERKNQSTAVLIFYWHMCP>
#	G	D	E	R	K	N	Q	S	T	A	V	L	I	F	Y	W	H	M	C	P
0	0.09684	0.05786	0.13987	0.08273	0.19464	0.04918	0.04573	0.04777	0.05653	0.02245	0.01381	0.01824	0.01141	0.00928	0.03679	0.00255	0.07418	0.02719	0.00377	0.00919
