[name]
unknown

[dist]
# distance from previous block
# <min> <max>
0	27

[block]
# block no. 0 follows, 30 sequences, length 21
# corresponding to MSA columns:
# 27-47
name=unknown_A
#
# <colnr> <probs for GDERKNQSTAVLIFYWHMCP>
#	G	D	E	R	K	N	Q	S	T	A	V	L	I	F	Y	W	H	M	C	P
0	0.01588	0.04318	0.12295	0.04485	0.08529	0.01505	0.14229	0.08703	0.08328	0.02407	0.01876	0.02798	0.01651	0.05646	0.00910	0.00252	0.00823	0.09884	0.00461	0.09313
1	0.01817	0.22255	0.27188	0.02088	0.14209	0.09930	0.01851	0.02360	0.04757	0.05467	0.01316	0.01496	0.01027	0.00668	0.00611	0.00195	0.00902	0.00510	0.00359	0.00994
2	0.15006	0.18242	0.22569	0.04099	0.02174	0.06259	0.01502	0.02276	0.01532	0.11385	0.04290	0.01617	0.01229	0.00703	0.00582	0.00196	0.00786	0.00513	0.00424	0.04615
3	0.01575	0.01115	0.01319	0.01043	0.01494	0.00961	0.00826	0.06170	0.05074	0.11130	0.17591	0.03062	0.10295	0.00944	0.00663	0.00171	0.00484	0.00789	0.00607	0.34685
4	0.00850	0.00607	0.00810	0.00972	0.01012	0.00567	0.00648	0.00972	0.01336	0.01781	0.03846	0.75020	0.04615	0.02186	0.00891	0.00283	0.00405	0.01984	0.00648	0.00567
5	0.02178	0.02548	0.01957	0.13417	0.04631	0.45051	0.01439	0.05966	0.01854	0.01903	0.01464	0.01884	0.03650	0.00840	0.00773	0.00207	0.05782	0.03253	0.00388	0.00815
6	0.01534	0.26009	0.40189	0.01796	0.06843	0.01904	0.01958	0.02095	0.01504	0.02083	0.06818	0.01682	0.01365	0.00702	0.00610	0.00197	0.00871	0.00538	0.00338	0.00963
7	0.00967	0.00728	0.00898	0.00939	0.01110	0.00672	0.00738	0.01215	0.01658	0.02165	0.23380	0.10901	0.26315	0.05338	0.01001	0.00280	0.00448	0.19964	0.00669	0.00614
8	0.02181	0.17458	0.02393	0.01881	0.11667	0.16201	0.01364	0.22884	0.08672	0.02771	0.04846	0.01745	0.01411	0.00773	0.00638	0.00194	0.00828	0.00585	0.00502	0.01006
9	0.01060	0.00813	0.01045	0.04524	0.01365	0.00753	0.00788	0.03570	0.01515	0.02072	0.09732	0.42967	0.07134	0.01693	0.00810	0.00244	0.00466	0.05663	0.00607	0.13178
10	0.02530	0.10809	0.02151	0.01735	0.02120	0.65465	0.01332	0.02715	0.01920	0.01701	0.01067	0.01244	0.00899	0.00707	0.00611	0.00177	0.01206	0.00442	0.00353	0.00818
11	0.05843	0.01781	0.01938	0.05535	0.16177	0.11626	0.01387	0.08776	0.27997	0.08687	0.02003	0.02027	0.01506	0.00805	0.00679	0.00217	0.00748	0.00657	0.00566	0.01045
12	0.01554	0.01387	0.01916	0.05441	0.05520	0.01277	0.09797	0.05358	0.12424	0.02455	0.04028	0.03514	0.01490	0.00694	0.00633	0.00167	0.00649	0.00623	0.00475	0.40596
13	0.08647	0.04689	0.01414	0.01143	0.01474	0.01104	0.04005	0.05102	0.07220	0.09342	0.21216	0.10816	0.08913	0.01235	0.00740	0.00225	0.00517	0.05741	0.00643	0.05813
14	0.11892	0.01307	0.01681	0.14980	0.07401	0.04241	0.04462	0.04898	0.07885	0.07786	0.05429	0.06079	0.05027	0.01208	0.04278	0.02763	0.00755	0.03827	0.00506	0.03595
15	0.01791	0.06210	0.02110	0.21384	0.17098	0.04583	0.01527	0.10880	0.01793	0.09074	0.06120	0.08535	0.01767	0.00907	0.00753	0.00221	0.03070	0.00769	0.00484	0.00922
16	0.01675	0.05214	0.06409	0.05269	0.09338	0.11191	0.04932	0.07979	0.06087	0.02280	0.04763	0.08210	0.03861	0.04495	0.00849	0.00222	0.02309	0.00754	0.00462	0.13701
17	0.01647	0.06238	0.05025	0.04461	0.04197	0.07969	0.01127	0.10204	0.06210	0.06068	0.02407	0.16011	0.05383	0.01487	0.06835	0.00294	0.00778	0.03597	0.02892	0.07173
18	0.03258	0.01585	0.07609	0.01557	0.08470	0.11923	0.01157	0.04074	0.07329	0.07028	0.04205	0.15373	0.09091	0.01527	0.06024	0.04006	0.00777	0.00952	0.03246	0.00809
19	0.01837	0.04263	0.05336	0.04477	0.16175	0.08980	0.01378	0.12896	0.09464	0.06295	0.07714	0.10186	0.02080	0.01048	0.02129	0.00232	0.00753	0.00814	0.00538	0.03404
20	0.16572	0.03760	0.01304	0.03497	0.04861	0.04588	0.00916	0.01847	0.08249	0.04683	0.07047	0.16790	0.08261	0.04824	0.00838	0.00252	0.00569	0.05545	0.00552	0.05045

[dist]
# distance from previous block
# <min> <max>
5	37

[block]
# block no. 1 follows, 30 sequences, length 14
# corresponding to MSA columns:
# 89-102
name=unknown_B
#
# <colnr> <probs for GDERKNQSTAVLIFYWHMCP>
#	G	D	E	R	K	N	Q	S	T	A	V	L	I	F	Y	W	H	M	C	P
0	0.01918	0.07120	0.12313	0.01559	0.04161	0.07617	0.04178	0.09994	0.09626	0.13389	0.05107	0.07802	0.04468	0.01097	0.03341	0.00246	0.00784	0.00776	0.00556	0.03945
1	0.01324	0.04882	0.12051	0.01761	0.09778	0.03515	0.06732	0.01761	0.04732	0.02081	0.05847	0.08759	0.16970	0.01254	0.00887	0.00244	0.05999	0.10120	0.00495	0.00807
2	0.10670	0.11884	0.01982	0.04394	0.04769	0.04058	0.01226	0.12072	0.04470	0.02312	0.01356	0.01759	0.01165	0.01745	0.14875	0.02900	0.16531	0.00583	0.00413	0.00835
3	0.01314	0.01312	0.04424	0.04288	0.01672	0.10546	0.06861	0.01576	0.04225	0.01750	0.02353	0.18587	0.05276	0.10574	0.14118	0.08051	0.00951	0.01022	0.00449	0.00652
4	0.09776	0.04853	0.06604	0.10156	0.11161	0.18498	0.10038	0.12497	0.01852	0.02435	0.01295	0.01596	0.01019	0.00910	0.04154	0.00251	0.01008	0.00574	0.00405	0.00920
5	0.01673	0.08043	0.06767	0.06135	0.09456	0.07503	0.08694	0.04739	0.08159	0.07304	0.05330	0.05102	0.10639	0.06321	0.00916	0.00249	0.00764	0.00831	0.00497	0.00876
6	0.00887	0.00697	0.00802	0.00803	0.00988	0.00611	0.00592	0.01112	0.01698	0.02204	0.29818	0.14851	0.39057	0.01697	0.00833	0.00236	0.00351	0.01461	0.00692	0.00611
7	0.01840	0.07296	0.13900	0.10061	0.02558	0.01796	0.07245	0.24745	0.07411	0.02837	0.01599	0.01863	0.01227	0.01379	0.10796	0.00342	0.01002	0.00636	0.00482	0.00985
8	0.05214	0.19273	0.18720	0.06509	0.02469	0.12324	0.06721	0.10255	0.01777	0.05423	0.01513	0.01678	0.03765	0.00726	0.00626	0.00199	0.00905	0.00558	0.00405	0.00940
9	0.01238	0.00937	0.01098	0.01023	0.01145	0.03862	0.03698	0.04214	0.03816	0.03799	0.02552	0.14536	0.05206	0.44026	0.05431	0.00529	0.00718	0.01099	0.00493	0.00580
10	0.01276	0.00868	0.01040	0.01021	0.01213	0.00859	0.00759	0.10043	0.03655	0.05380	0.14543	0.33602	0.10069	0.01624	0.00802	0.00245	0.00449	0.03960	0.07877	0.00716
11	0.01838	0.08709	0.02699	0.08953	0.33304	0.01737	0.08960	0.10827	0.01775	0.05653	0.01423	0.01759	0.01133	0.00882	0.04173	0.00248	0.00887	0.00622	0.00413	0.04005
12	0.01931	0.10581	0.09161	0.08074	0.05323	0.17322	0.08215	0.05161	0.08990	0.07540	0.01807	0.04744	0.03244	0.00811	0.00667	0.00207	0.00877	0.00667	0.03760	0.00918
13	0.07242	0.01574	0.01976	0.02204	0.23060	0.07460	0.03281	0.09924	0.01822	0.11548	0.05165	0.02218	0.04644	0.04111	0.00793	0.00218	0.00727	0.00669	0.00508	0.10857

[dist]
# distance from previous block
# <min> <max>
2	9

[block]
# block no. 2 follows, 30 sequences, length 44
# corresponding to MSA columns:
# 112-155
name=unknown_C
#
# <colnr> <probs for GDERKNQSTAVLIFYWHMCP>
#	G	D	E	R	K	N	Q	S	T	A	V	L	I	F	Y	W	H	M	C	P
0	0.01861	0.09000	0.06935	0.08525	0.09889	0.13074	0.14234	0.12755	0.01859	0.02342	0.01712	0.05022	0.04931	0.00827	0.00766	0.00215	0.04002	0.00707	0.00422	0.00921
1	0.01404	0.01117	0.01315	0.01452	0.10946	0.04831	0.00943	0.07307	0.01681	0.06476	0.06455	0.07371	0.25551	0.10694	0.06634	0.00352	0.00687	0.03474	0.00564	0.00748
2	0.04039	0.19463	0.06318	0.01541	0.03891	0.08752	0.07225	0.04742	0.09886	0.02153	0.05972	0.05153	0.06978	0.01237	0.06030	0.00276	0.04296	0.00735	0.00454	0.00861
3	0.04723	0.11218	0.12035	0.03982	0.04489	0.06793	0.14321	0.03825	0.09156	0.02245	0.01818	0.06498	0.03503	0.00828	0.00706	0.00211	0.02714	0.00716	0.06228	0.03991
4	0.01009	0.00714	0.00853	0.00864	0.01021	0.00648	0.00628	0.01202	0.01573	0.04767	0.20782	0.17209	0.26598	0.12699	0.01246	0.00311	0.00435	0.06185	0.00652	0.00605
5	0.01878	0.09152	0.04895	0.08979	0.02240	0.11206	0.01433	0.14746	0.01734	0.02303	0.01199	0.01539	0.00999	0.00881	0.01176	0.00225	0.25382	0.00554	0.02797	0.06681
6	0.01768	0.09844	0.13596	0.06818	0.02212	0.07278	0.05608	0.02321	0.08700	0.12018	0.05424	0.02606	0.06740	0.00925	0.00774	0.00220	0.04808	0.03525	0.03909	0.00906
7	0.04234	0.01465	0.01625	0.01344	0.01733	0.01623	0.01086	0.32821	0.10883	0.05477	0.06660	0.02668	0.09012	0.01393	0.07206	0.00301	0.04975	0.00782	0.03738	0.00973
8	0.01038	0.00854	0.00873	0.00928	0.01018	0.05919	0.00622	0.01141	0.01334	0.01666	0.03673	0.32239	0.15365	0.25789	0.01726	0.00396	0.00555	0.03764	0.00553	0.00545
9	0.02028	0.01694	0.01840	0.01609	0.04891	0.08276	0.04791	0.26648	0.17306	0.05608	0.02635	0.08464	0.09013	0.01038	0.00730	0.00223	0.00711	0.00861	0.00632	0.01002
10	0.06829	0.05370	0.17578	0.08649	0.06353	0.07158	0.09945	0.15238	0.03964	0.05490	0.01446	0.01732	0.01101	0.03073	0.00809	0.00231	0.03017	0.00606	0.00439	0.00973
11	0.01090	0.00715	0.00915	0.00984	0.01113	0.00680	0.00703	0.01331	0.04130	0.07049	0.06744	0.48273	0.10609	0.02069	0.04720	0.00311	0.00500	0.03667	0.03748	0.00648
12	0.01018	0.00779	0.01140	0.01135	0.01240	0.00914	0.00872	0.01240	0.01129	0.01623	0.01975	0.08074	0.01945	0.08083	0.60111	0.00992	0.05878	0.00843	0.00392	0.00618
13	0.01607	0.05528	0.05087	0.25716	0.16042	0.04193	0.03688	0.10245	0.01645	0.02190	0.01412	0.01950	0.01164	0.04138	0.07921	0.03156	0.00964	0.00632	0.01858	0.00866
14	0.01508	0.01644	0.16447	0.01540	0.02023	0.01201	0.11374	0.05704	0.01682	0.10713	0.08780	0.12804	0.13258	0.01336	0.03658	0.00271	0.03638	0.01020	0.00545	0.00854
15	0.00936	0.00657	0.00873	0.00955	0.01028	0.00655	0.00664	0.01103	0.01329	0.01850	0.09848	0.41889	0.03848	0.10164	0.16106	0.00485	0.00726	0.01483	0.04824	0.00577
16	0.01342	0.01244	0.01831	0.05013	0.22760	0.03374	0.06220	0.01794	0.07452	0.02123	0.05280	0.14150	0.15870	0.01383	0.03603	0.00271	0.00706	0.04241	0.00510	0.00833
17	0.01622	0.01455	0.04920	0.16234	0.19449	0.01456	0.08537	0.12487	0.01675	0.02276	0.01491	0.06058	0.01295	0.01118	0.01123	0.16029	0.00814	0.00715	0.00403	0.00844
18	0.09004	0.01195	0.01662	0.22776	0.14107	0.01321	0.01333	0.03892	0.06883	0.02201	0.05326	0.08175	0.11644	0.05040	0.00895	0.00255	0.02138	0.00881	0.00470	0.00802
19	0.01527	0.01527	0.02137	0.01832	0.01832	0.02137	0.01527	0.01679	0.01069	0.01679	0.00916	0.01527	0.00916	0.01221	0.02290	0.00305	0.74198	0.00611	0.00305	0.00763
20	0.04916	0.01600	0.02336	0.01961	0.05259	0.05377	0.20171	0.16366	0.04827	0.05389	0.02130	0.07538	0.01940	0.01060	0.00827	0.00246	0.02842	0.13758	0.00539	0.00916
21	0.01084	0.00780	0.00960	0.00987	0.01108	0.00799	0.00708	0.03051	0.07028	0.01958	0.05518	0.32730	0.12962	0.04020	0.05044	0.09686	0.03240	0.01350	0.06373	0.00615
22	0.17449	0.04907	0.08248	0.11908	0.09826	0.10996	0.14702	0.06409	0.01631	0.02415	0.01270	0.01585	0.00983	0.00668	0.00638	0.00211	0.00898	0.00573	0.03791	0.00890
23	0.01536	0.04502	0.02209	0.12708	0.18616	0.03099	0.06238	0.01821	0.01385	0.04605	0.01749	0.05316	0.05087	0.08182	0.01386	0.00285	0.19295	0.00763	0.00386	0.00831
24	0.00938	0.00724	0.00913	0.01038	0.04776	0.00657	0.00694	0.01111	0.01534	0.01990	0.15822	0.27635	0.29815	0.01824	0.00951	0.04833	0.00413	0.03092	0.00631	0.00606
25	0.01839	0.01963	0.07612	0.18515	0.32328	0.13011	0.05846	0.02257	0.01630	0.06423	0.01351	0.01712	0.01054	0.00670	0.00689	0.00212	0.00941	0.00603	0.00369	0.00976
26	0.01523	0.11826	0.13391	0.04335	0.01881	0.01433	0.01239	0.11532	0.06412	0.04521	0.06251	0.19612	0.07769	0.01190	0.00714	0.00222	0.00643	0.01001	0.00542	0.03965
27	0.01076	0.00809	0.00979	0.01035	0.01172	0.00807	0.00734	0.06254	0.08270	0.02158	0.08048	0.52585	0.09622	0.01884	0.00849	0.00265	0.00437	0.01680	0.00665	0.00673
28	0.01717	0.01295	0.01379	0.01171	0.01533	0.05299	0.00919	0.14314	0.12391	0.09419	0.23909	0.03576	0.11899	0.01126	0.00737	0.00211	0.00539	0.00936	0.00690	0.06941
29	0.01678	0.01608	0.02743	0.12656	0.63135	0.01645	0.02117	0.02098	0.01566	0.02220	0.01304	0.01743	0.01084	0.00631	0.00692	0.00210	0.00841	0.00622	0.00341	0.01066
30	0.01545	0.01598	0.04944	0.12401	0.14667	0.01563	0.27897	0.04964	0.06626	0.02245	0.01740	0.08874	0.01505	0.01068	0.04919	0.00284	0.00982	0.00847	0.00414	0.00918
31	0.01643	0.01736	0.02216	0.01876	0.01978	0.10666	0.06407	0.01835	0.01225	0.01721	0.01017	0.01577	0.00963	0.01302	0.05292	0.00323	0.56515	0.00613	0.00319	0.00775
32	0.00939	0.00676	0.00908	0.01062	0.01152	0.00646	0.00799	0.01129	0.01437	0.01887	0.03948	0.49713	0.07534	0.02081	0.00912	0.00294	0.00481	0.23163	0.00646	0.00593
33	0.06528	0.01221	0.01370	0.05554	0.01729	0.04811	0.01073	0.14618	0.04567	0.05113	0.05658	0.12491	0.04934	0.04589	0.00920	0.00278	0.00656	0.22489	0.00613	0.00790
34	0.01293	0.00829	0.01166	0.01035	0.01254	0.00761	0.05641	0.01505	0.01615	0.10624	0.23682	0.12105	0.14832	0.08857	0.01216	0.06371	0.00492	0.01167	0.04884	0.00671
35	0.00891	0.00710	0.00799	0.00777	0.00983	0.00617	0.00582	0.01130	0.01747	0.02257	0.33024	0.06103	0.44652	0.01628	0.00824	0.00229	0.00344	0.01387	0.00697	0.00617
36	0.07560	0.00781	0.00884	0.00833	0.01059	0.00722	0.00634	0.01340	0.01772	0.05030	0.39409	0.05316	0.29214	0.01465	0.00787	0.00225	0.00365	0.01245	0.00700	0.00661
37	0.06665	0.01712	0.02617	0.13075	0.43657	0.07393	0.08354	0.02118	0.01559	0.02190	0.01296	0.01763	0.01078	0.02696	0.00762	0.00225	0.00889	0.00623	0.00350	0.00980
38	0.00855	0.00618	0.00819	0.00967	0.01019	0.00581	0.00652	0.00985	0.01338	0.01779	0.03899	0.68962	0.07337	0.02300	0.03991	0.00318	0.00466	0.01908	0.00636	0.00570
39	0.00887	0.00673	0.00800	0.00885	0.01008	0.00612	0.00633	0.01038	0.01429	0.01811	0.04873	0.35151	0.29151	0.09304	0.01139	0.00309	0.00438	0.08665	0.00625	0.00569
40	0.02108	0.11471	0.18591	0.01708	0.02267	0.34155	0.01583	0.05560	0.12012	0.02116	0.01397	0.01512	0.01092	0.00731	0.00631	0.00196	0.01019	0.00515	0.00404	0.00932
41	0.06504	0.05105	0.08894	0.03434	0.01980	0.15724	0.03715	0.08716	0.05012	0.11535	0.02367	0.02729	0.09224	0.03017	0.04914	0.00280	0.00873	0.04574	0.00521	0.00883
42	0.22563	0.06674	0.04632	0.01937	0.09890	0.32421	0.08121	0.02406	0.01644	0.02210	0.01111	0.01342	0.00900	0.00667	0.00595	0.00198	0.00977	0.00486	0.00370	0.00855
43	0.01814	0.18366	0.09925	0.01938	0.10384	0.10771	0.10735	0.02168	0.01597	0.07535	0.05494	0.04508	0.01558	0.03086	0.00809	0.00217	0.04018	0.00666	0.03512	0.00898

[dist]
# distance from previous block
# <min> <max>
0	4

[block]
# block no. 3 follows, 30 sequences, length 17
# corresponding to MSA columns:
# 160-176
name=unknown_D
#
# <colnr> <probs for GDERKNQSTAVLIFYWHMCP>
#	G	D	E	R	K	N	Q	S	T	A	V	L	I	F	Y	W	H	M	C	P
0	0.01276	0.05771	0.01286	0.01083	0.01327	0.01045	0.00827	0.01788	0.13393	0.05414	0.06710	0.20411	0.06977	0.06052	0.16804	0.00448	0.00801	0.01088	0.00563	0.06934
1	0.08017	0.15785	0.10778	0.03729	0.02019	0.11145	0.01305	0.10725	0.09882	0.09164	0.01937	0.06893	0.04005	0.00879	0.00637	0.00207	0.00766	0.00675	0.00508	0.00942
2	0.06232	0.05044	0.05430	0.09824	0.02265	0.01452	0.10116	0.14010	0.03992	0.09285	0.02013	0.12679	0.01755	0.01257	0.05570	0.00284	0.00805	0.00842	0.06256	0.00889
3	0.02806	0.01177	0.01545	0.01206	0.01703	0.01049	0.00989	0.07527	0.02053	0.57976	0.06968	0.02809	0.06993	0.00960	0.00718	0.00217	0.00573	0.00786	0.00831	0.01113
4	0.05797	0.01706	0.06963	0.01634	0.04890	0.05173	0.07937	0.20789	0.07234	0.10417	0.02748	0.02972	0.12857	0.01003	0.00729	0.00225	0.00734	0.04623	0.00597	0.00971
5	0.01570	0.03794	0.06807	0.18249	0.07256	0.05746	0.06304	0.10875	0.01735	0.02326	0.07102	0.10971	0.01956	0.03163	0.00892	0.00240	0.05076	0.00839	0.04260	0.00838
6	0.18033	0.02685	0.39635	0.01820	0.02618	0.03833	0.10779	0.02306	0.01500	0.08619	0.01344	0.01531	0.00957	0.00670	0.00639	0.00220	0.00916	0.00542	0.00384	0.00969
7	0.00945	0.00750	0.00802	0.00801	0.01025	0.00674	0.00615	0.01247	0.04946	0.02103	0.13210	0.06142	0.50281	0.01633	0.00805	0.00235	0.00381	0.06390	0.06383	0.00630
8	0.01033	0.00717	0.00951	0.00995	0.01136	0.00656	0.02431	0.01210	0.01482	0.05967	0.08618	0.43770	0.17285	0.04518	0.00960	0.00281	0.00447	0.06268	0.00652	0.00623
9	0.01671	0.01488	0.05107	0.01362	0.01613	0.08394	0.01110	0.11271	0.04342	0.06820	0.07128	0.16893	0.02418	0.05925	0.01214	0.00271	0.14668	0.02381	0.05121	0.00805
10	0.01020	0.00661	0.00867	0.00968	0.01064	0.00606	0.00667	0.01166	0.01431	0.06908	0.06970	0.61683	0.09302	0.02026	0.00869	0.00272	0.00411	0.01821	0.00669	0.00618
11	0.01001	0.00730	0.01034	0.01034	0.01129	0.00825	0.00764	0.01190	0.01096	0.01555	0.01949	0.03183	0.01936	0.22230	0.55976	0.01014	0.01581	0.00812	0.00386	0.00575
12	0.02607	0.03326	0.01978	0.01798	0.02157	0.72674	0.01348	0.02787	0.01978	0.01708	0.01079	0.01258	0.00899	0.00719	0.00629	0.00180	0.01258	0.00449	0.00360	0.00809
13	0.07458	0.02632	0.36612	0.01726	0.02463	0.07901	0.06159	0.02431	0.07304	0.10521	0.01960	0.02038	0.06172	0.00790	0.00674	0.00220	0.00884	0.00634	0.00442	0.00978
14	0.01813	0.01661	0.01613	0.01454	0.01845	0.08027	0.01126	0.03626	0.63841	0.02812	0.02684	0.02484	0.02021	0.00927	0.00703	0.00232	0.00615	0.00759	0.00679	0.01078
15	0.06201	0.02924	0.01831	0.01656	0.02019	0.58777	0.01252	0.05396	0.04170	0.01941	0.01591	0.01710	0.06023	0.00804	0.00639	0.00189	0.01115	0.00539	0.00409	0.00816
16	0.01279	0.03321	0.01485	0.07232	0.01783	0.02946	0.04873	0.04746	0.01504	0.02040	0.02620	0.17700	0.08988	0.04090	0.09683	0.00337	0.00769	0.04758	0.00490	0.19357

[dist]
# distance from previous block
# <min> <max>
0	3

[block]
# block no. 4 follows, 30 sequences, length 40
# corresponding to MSA columns:
# 180-219
name=unknown_E
#
# <colnr> <probs for GDERKNQSTAVLIFYWHMCP>
#	G	D	E	R	K	N	Q	S	T	A	V	L	I	F	Y	W	H	M	C	P
0	0.01539	0.17625	0.04134	0.06125	0.01861	0.04817	0.05150	0.08640	0.01541	0.01969	0.02128	0.02782	0.09757	0.15899	0.05624	0.00357	0.08116	0.00756	0.00419	0.00761
1	0.01786	0.01605	0.02708	0.10195	0.26752	0.01613	0.16956	0.07815	0.01707	0.06547	0.01416	0.01766	0.01103	0.00673	0.00785	0.00209	0.04691	0.00647	0.00411	0.10613
2	0.01627	0.00956	0.01212	0.01128	0.04289	0.00888	0.00836	0.04081	0.01840	0.21295	0.22242	0.04534	0.26608	0.01327	0.00840	0.00227	0.03429	0.01106	0.00714	0.00821
3	0.04649	0.08625	0.06786	0.04297	0.12992	0.09721	0.01500	0.14422	0.01796	0.07383	0.01375	0.01733	0.01128	0.04721	0.01123	0.00246	0.15529	0.00590	0.00440	0.00943
4	0.10024	0.17310	0.05343	0.01613	0.04944	0.23912	0.01302	0.11009	0.13677	0.02434	0.01444	0.01533	0.01142	0.00735	0.00599	0.00194	0.00869	0.00519	0.00454	0.00943
5	0.00913	0.00664	0.00843	0.00964	0.01035	0.00635	0.00652	0.01117	0.04915	0.01814	0.03898	0.60719	0.09517	0.04984	0.01040	0.02852	0.00426	0.01798	0.00631	0.00583
6	0.11558	0.14944	0.08319	0.05760	0.11903	0.04150	0.04559	0.02024	0.01352	0.04086	0.01116	0.01479	0.00947	0.00825	0.01120	0.00232	0.23860	0.00541	0.00345	0.00879
7	0.11603	0.39711	0.10553	0.01566	0.02163	0.07695	0.10909	0.02156	0.01457	0.01979	0.01070	0.01295	0.00901	0.00644	0.00611	0.00186	0.03818	0.00469	0.00327	0.00887
8	0.00891	0.00693	0.00811	0.00829	0.01003	0.00614	0.00612	0.01110	0.01666	0.02163	0.26628	0.18988	0.35946	0.01742	0.00841	0.00242	0.00364	0.03561	0.00686	0.00609
9	0.00849	0.00612	0.00805	0.00959	0.01009	0.00568	0.00642	0.00973	0.01348	0.01786	0.03997	0.71823	0.07715	0.02167	0.00888	0.00281	0.00402	0.01960	0.00648	0.00568
10	0.01000	0.00780	0.01130	0.01305	0.06238	0.00753	0.03686	0.01220	0.03588	0.01849	0.03385	0.56156	0.03936	0.07960	0.01088	0.00308	0.00504	0.03889	0.00597	0.00630
11	0.02701	0.01450	0.01777	0.01383	0.01889	0.03731	0.03737	0.20677	0.03836	0.40278	0.05894	0.02295	0.01794	0.00870	0.00700	0.00212	0.00659	0.00707	0.04298	0.01111
12	0.01866	0.75896	0.03657	0.01194	0.01791	0.02761	0.01194	0.02090	0.01418	0.01642	0.00970	0.01119	0.00896	0.00597	0.00448	0.00149	0.00746	0.00373	0.00299	0.00896
13	0.01005	0.00687	0.00814	0.00820	0.00860	0.00699	0.00511	0.01070	0.01091	0.01481	0.02488	0.06612	0.06474	0.54987	0.14425	0.00694	0.00831	0.01018	0.02957	0.00477
14	0.08987	0.01680	0.01615	0.01490	0.04733	0.09672	0.01108	0.14183	0.33526	0.02872	0.02425	0.02486	0.05828	0.05299	0.00847	0.00248	0.00675	0.00733	0.00607	0.00983
15	0.01546	0.01256	0.04784	0.01640	0.12334	0.01192	0.01130	0.08484	0.10959	0.07205	0.14194	0.08892	0.04733	0.03818	0.07481	0.00316	0.00695	0.00915	0.05669	0.02756
16	0.07804	0.01388	0.01345	0.01182	0.01485	0.09530	0.00914	0.18831	0.01863	0.02654	0.01839	0.09564	0.01642	0.01560	0.08747	0.07813	0.00780	0.00732	0.14790	0.05538
17	0.02607	0.03326	0.01978	0.01798	0.02157	0.72674	0.01348	0.02787	0.01978	0.01708	0.01079	0.01258	0.00899	0.00719	0.00629	0.00180	0.01258	0.00449	0.00360	0.00809
18	0.01750	0.15769	0.25106	0.07116	0.09905	0.05986	0.05726	0.05666	0.01662	0.07077	0.03717	0.01889	0.04179	0.00742	0.00653	0.00205	0.00877	0.00606	0.00400	0.00966
19	0.05796	0.01455	0.07373	0.06143	0.01793	0.07452	0.01191	0.05133	0.01375	0.01970	0.01669	0.02283	0.03468	0.05840	0.24329	0.02894	0.13301	0.00669	0.05141	0.00725
20	0.01008	0.00744	0.01104	0.01104	0.01230	0.00864	0.00858	0.01260	0.01134	0.01657	0.01884	0.02736	0.01746	0.05069	0.70018	0.01086	0.01812	0.00744	0.03318	0.00624
21	0.00849	0.00613	0.00804	0.00956	0.01008	0.00568	0.00641	0.00973	0.01351	0.01787	0.04036	0.70998	0.08515	0.02162	0.00887	0.00281	0.00402	0.01954	0.00648	0.00568
22	0.07952	0.01579	0.01821	0.01453	0.01911	0.01699	0.04627	0.36595	0.09076	0.11083	0.02034	0.06997	0.01645	0.07178	0.00939	0.00259	0.00700	0.00768	0.00654	0.01029
23	0.02115	0.01786	0.01684	0.01454	0.01876	0.12748	0.01141	0.14071	0.37944	0.09826	0.02587	0.02433	0.05337	0.00928	0.00701	0.00221	0.00692	0.00737	0.00666	0.01053
24	0.01008	0.00657	0.00865	0.00970	0.01061	0.00604	0.00667	0.01155	0.01431	0.06480	0.07882	0.62516	0.08004	0.02032	0.00871	0.00273	0.00410	0.01829	0.00669	0.00615
25	0.01727	0.01658	0.02832	0.04283	0.71123	0.01658	0.02142	0.02142	0.01589	0.02280	0.01313	0.01727	0.01105	0.00622	0.00691	0.00207	0.00829	0.00622	0.00345	0.01105
26	0.00856	0.00691	0.00763	0.00781	0.00971	0.00597	0.00572	0.01049	0.01611	0.02020	0.17191	0.18238	0.48651	0.01782	0.00836	0.00241	0.00358	0.01526	0.00668	0.00597
27	0.00865	0.00626	0.00820	0.00960	0.01023	0.00581	0.00656	0.01007	0.01395	0.01851	0.07542	0.64789	0.08981	0.02111	0.00885	0.00278	0.00405	0.03996	0.00654	0.00575
28	0.02082	0.01197	0.01427	0.01189	0.01589	0.01190	0.00948	0.11337	0.15612	0.26840	0.17473	0.03411	0.10448	0.01096	0.00742	0.00222	0.00526	0.00914	0.00767	0.00993
29	0.00947	0.00681	0.00906	0.01050	0.01140	0.00652	0.00788	0.01132	0.01426	0.01869	0.03909	0.45460	0.08219	0.05506	0.01036	0.00312	0.00493	0.23253	0.00636	0.00586
30	0.01647	0.01882	0.04118	0.02941	0.03647	0.01765	0.68588	0.02235	0.01647	0.02235	0.01412	0.01882	0.01059	0.00588	0.00824	0.00235	0.01176	0.00824	0.00353	0.00941
31	0.01388	0.00849	0.01026	0.00993	0.01224	0.00802	0.00738	0.01791	0.09623	0.14629	0.09561	0.29578	0.18777	0.01593	0.00799	0.00245	0.00435	0.01387	0.03804	0.00757
32	0.00831	0.00683	0.00731	0.00769	0.00959	0.00584	0.00558	0.00994	0.01531	0.01861	0.06310	0.22799	0.55246	0.01866	0.00840	0.00247	0.00366	0.01593	0.00648	0.00584
33	0.00842	0.00641	0.00775	0.00882	0.00989	0.00574	0.00608	0.00982	0.01422	0.01816	0.04937	0.51909	0.27023	0.02044	0.00868	0.00267	0.00387	0.01811	0.00648	0.00574
34	0.01641	0.01586	0.02752	0.18066	0.54386	0.01642	0.05569	0.02075	0.01553	0.02178	0.01303	0.01762	0.01068	0.00635	0.00699	0.00214	0.00867	0.00632	0.00339	0.01031
35	0.06500	0.01378	0.01715	0.12312	0.10731	0.03717	0.01303	0.07310	0.20129	0.09394	0.02255	0.08687	0.01916	0.01183	0.03809	0.00273	0.00734	0.05143	0.00568	0.00943
36	0.04373	0.01658	0.02594	0.12582	0.52740	0.04724	0.01993	0.02090	0.01532	0.02181	0.01255	0.01690	0.01050	0.00678	0.00790	0.00216	0.05893	0.00605	0.00342	0.01016
37	0.04882	0.04782	0.01923	0.01637	0.05491	0.04801	0.09716	0.12432	0.16082	0.04852	0.07243	0.18383	0.02484	0.01135	0.00743	0.00232	0.00674	0.01005	0.00592	0.00910
38	0.01638	0.01118	0.01474	0.01262	0.01542	0.01191	0.03612	0.09751	0.05744	0.13277	0.17358	0.06640	0.08870	0.01756	0.10769	0.00356	0.09358	0.00947	0.02503	0.00837
39	0.01650	0.14865	0.19109	0.05793	0.06836	0.03893	0.09077	0.10468	0.01690	0.02268	0.03719	0.05738	0.01481	0.07120	0.00962	0.00252	0.03073	0.00696	0.00404	0.00906

[dist]
# distance from previous block
# <min> <max>
0	7

[block]
# block no. 5 follows, 30 sequences, length 23
# corresponding to MSA columns:
# 227-249
name=unknown_F
#
# <colnr> <probs for GDERKNQSTAVLIFYWHMCP>
#	G	D	E	R	K	N	Q	S	T	A	V	L	I	F	Y	W	H	M	C	P
0	0.04934	0.06141	0.24474	0.08415	0.05928	0.04573	0.07582	0.05420	0.04512	0.04579	0.02349	0.02594	0.12054	0.00890	0.00697	0.00222	0.00833	0.02458	0.00434	0.00911
1	0.01316	0.01306	0.06761	0.01505	0.01743	0.01359	0.06865	0.06189	0.01367	0.01968	0.04975	0.02429	0.01671	0.06129	0.33941	0.00669	0.17933	0.00735	0.00395	0.00744
2	0.01814	0.01618	0.13223	0.04680	0.05023	0.01259	0.07070	0.07023	0.04219	0.17182	0.02387	0.08883	0.06443	0.00948	0.00733	0.00215	0.02284	0.00812	0.06581	0.07603
3	0.01682	0.08630	0.26133	0.03676	0.02388	0.04724	0.04887	0.12696	0.03172	0.02447	0.01710	0.01884	0.05857	0.00782	0.00750	0.00202	0.05379	0.00600	0.00416	0.11983
4	0.01814	0.01506	0.01758	0.06800	0.05442	0.01721	0.01245	0.20188	0.28985	0.02948	0.02567	0.05626	0.07543	0.01031	0.00865	0.00236	0.07285	0.00819	0.00615	0.01005
5	0.00867	0.00671	0.00791	0.00840	0.00989	0.00595	0.00600	0.01055	0.01574	0.02033	0.18853	0.31788	0.33136	0.01854	0.00849	0.00250	0.00368	0.01620	0.00672	0.00595
6	0.00880	0.00663	0.00817	0.00890	0.01014	0.00600	0.00634	0.01066	0.01544	0.02023	0.17975	0.39611	0.23566	0.01909	0.00861	0.00259	0.00384	0.04038	0.00671	0.00594
7	0.01532	0.02198	0.24166	0.08819	0.19346	0.01616	0.14857	0.02279	0.09587	0.02251	0.01574	0.03953	0.01251	0.00831	0.02477	0.00247	0.00948	0.00690	0.00381	0.00995
8	0.01131	0.00707	0.00869	0.00898	0.01050	0.00640	0.00636	0.01302	0.01506	0.09178	0.10250	0.36515	0.19475	0.06828	0.01009	0.00280	0.00420	0.01526	0.05140	0.00640
9	0.01001	0.00671	0.00765	0.00779	0.00782	0.00667	0.00442	0.01011	0.01042	0.01389	0.02338	0.10517	0.02713	0.69286	0.03327	0.00643	0.00654	0.01097	0.00442	0.00435
10	0.08444	0.01393	0.03910	0.01313	0.01816	0.01296	0.01113	0.17192	0.02142	0.41724	0.02453	0.05570	0.01798	0.00968	0.00707	0.00225	0.00637	0.05461	0.00752	0.01085
11	0.01638	0.06903	0.02065	0.10957	0.10833	0.09404	0.01450	0.01886	0.01390	0.05299	0.01534	0.08525	0.01463	0.01350	0.06226	0.00310	0.24929	0.02635	0.00390	0.00813
12	0.01866	0.75896	0.03657	0.01194	0.01791	0.02761	0.01194	0.02090	0.01418	0.01642	0.00970	0.01119	0.00896	0.00597	0.00448	0.00149	0.00746	0.00373	0.00299	0.00896
13	0.01702	0.10336	0.17996	0.12835	0.17248	0.01708	0.01790	0.06787	0.05949	0.06705	0.04012	0.01872	0.01334	0.00907	0.03333	0.00247	0.03225	0.00613	0.00419	0.00982
14	0.01354	0.01279	0.02146	0.66428	0.09313	0.01579	0.01938	0.01804	0.01397	0.01814	0.01234	0.01839	0.00942	0.00711	0.00753	0.00233	0.03505	0.00620	0.00312	0.00798
15	0.00988	0.00732	0.01070	0.01081	0.01189	0.00835	0.00819	0.01208	0.01127	0.01609	0.02034	0.07921	0.02011	0.10904	0.61924	0.01026	0.01667	0.00856	0.00397	0.00602
16	0.00882	0.00632	0.00823	0.00964	0.01020	0.00594	0.00658	0.01011	0.01344	0.01775	0.03877	0.60976	0.07931	0.07926	0.01102	0.00315	0.00441	0.06538	0.00630	0.00562
17	0.00853	0.00626	0.00792	0.00921	0.00991	0.00575	0.00620	0.00978	0.01362	0.01780	0.04282	0.61336	0.14908	0.05219	0.00993	0.00293	0.00408	0.01863	0.00638	0.00564
18	0.01466	0.01500	0.07109	0.22222	0.29988	0.01444	0.06086	0.01884	0.01454	0.02054	0.01464	0.02102	0.01237	0.07177	0.04024	0.00293	0.00888	0.00668	0.06051	0.00889
19	0.10119	0.42927	0.02930	0.01387	0.01927	0.02269	0.06855	0.12596	0.01726	0.02327	0.01381	0.01922	0.01240	0.00767	0.00567	0.00190	0.00754	0.06795	0.00413	0.00907
20	0.13598	0.01598	0.01727	0.01612	0.09731	0.07470	0.01148	0.11902	0.03408	0.04191	0.01337	0.01544	0.01068	0.00703	0.00725	0.00180	0.07160	0.00508	0.02995	0.27395
21	0.01965	0.02017	0.02277	0.02779	0.31749	0.18264	0.01649	0.05890	0.16438	0.02346	0.01577	0.01790	0.01269	0.00768	0.00796	0.00214	0.06137	0.00617	0.00442	0.01016
22	0.01145	0.00834	0.00993	0.00965	0.01167	0.00786	0.00706	0.06391	0.03990	0.04436	0.18316	0.30019	0.18255	0.03734	0.00892	0.00253	0.00429	0.01436	0.00668	0.04584

[dist]
# distance from previous block
# <min> <max>
0	15

[block]
# block no. 6 follows, 30 sequences, length 18
# corresponding to MSA columns:
# 265-282
name=unknown_G
#
# <colnr> <probs for GDERKNQSTAVLIFYWHMCP>
#	G	D	E	R	K	N	Q	S	T	A	V	L	I	F	Y	W	H	M	C	P
0	0.01750	0.01756	0.02595	0.03778	0.59203	0.08666	0.01947	0.02124	0.01628	0.02194	0.01703	0.02039	0.06093	0.00714	0.00694	0.00207	0.00838	0.00666	0.00369	0.01039
1	0.01364	0.00893	0.01105	0.01107	0.05002	0.00825	0.00798	0.01706	0.05602	0.13928	0.15112	0.04991	0.34414	0.01706	0.05956	0.00295	0.00546	0.03216	0.00670	0.00763
2	0.01728	0.01728	0.02066	0.01933	0.08774	0.09974	0.01442	0.05452	0.04725	0.02024	0.01151	0.01565	0.01022	0.00976	0.01542	0.00246	0.41206	0.00576	0.00370	0.11500
3	0.02170	0.01520	0.01579	0.01364	0.01769	0.08489	0.01087	0.13998	0.20794	0.20158	0.02826	0.07311	0.06059	0.01091	0.00737	0.00231	0.00657	0.06453	0.00699	0.01008
4	0.00895	0.00650	0.00847	0.00945	0.01036	0.00602	0.00666	0.01080	0.01521	0.02045	0.19814	0.49640	0.10369	0.01961	0.00873	0.00267	0.00395	0.05125	0.00676	0.00594
5	0.01238	0.01021	0.01061	0.01003	0.01252	0.05029	0.00773	0.05082	0.08739	0.04003	0.23609	0.08026	0.28863	0.01485	0.00804	0.00234	0.00469	0.05907	0.00679	0.00722
6	0.01720	0.01677	0.02943	0.04168	0.65329	0.01667	0.07847	0.02150	0.01594	0.02276	0.01321	0.01740	0.01101	0.00619	0.00702	0.00210	0.00859	0.00639	0.00346	0.01091
7	0.00864	0.00634	0.00811	0.00925	0.01007	0.00581	0.00633	0.01018	0.01449	0.01921	0.12560	0.57295	0.13664	0.02036	0.00874	0.00269	0.00389	0.01826	0.00663	0.00581
8	0.00909	0.00686	0.00844	0.00910	0.01034	0.00636	0.00642	0.01158	0.04075	0.02078	0.19775	0.41817	0.19109	0.01877	0.00854	0.00257	0.00382	0.01666	0.00678	0.00612
9	0.00867	0.00614	0.00805	0.00951	0.00987	0.00578	0.00625	0.00976	0.01304	0.01739	0.03682	0.67992	0.04408	0.09498	0.01156	0.00323	0.00432	0.01887	0.00625	0.00552
10	0.02482	0.02846	0.02019	0.01766	0.02118	0.50737	0.01366	0.15021	0.02109	0.02209	0.01170	0.01370	0.00955	0.00803	0.00847	0.00201	0.10186	0.00503	0.00416	0.00874
11	0.01008	0.00680	0.00795	0.00809	0.00823	0.00685	0.00482	0.01038	0.01058	0.01415	0.02323	0.08673	0.02661	0.65094	0.07075	0.00667	0.00724	0.03099	0.00440	0.00449
12	0.01013	0.00712	0.00926	0.00934	0.00992	0.00763	0.00640	0.01130	0.01087	0.01498	0.02137	0.03982	0.02285	0.43245	0.31651	0.00841	0.01162	0.04076	0.00413	0.00515
13	0.02417	0.01865	0.01935	0.01564	0.02038	0.07033	0.01273	0.42989	0.14526	0.08153	0.01935	0.02048	0.01445	0.00904	0.00781	0.00221	0.04309	0.02792	0.00666	0.01107
14	0.01060	0.00840	0.01161	0.01273	0.07335	0.00804	0.02433	0.01426	0.05671	0.02379	0.34514	0.24809	0.10486	0.01553	0.00824	0.00239	0.00430	0.01392	0.00673	0.00699
15	0.01189	0.05252	0.01194	0.01046	0.01257	0.00977	0.00763	0.04800	0.10593	0.02068	0.03215	0.39353	0.07312	0.08607	0.01042	0.00282	0.00496	0.01385	0.00594	0.08575
16	0.01784	0.04112	0.01722	0.01411	0.05541	0.08436	0.01056	0.09145	0.12539	0.04175	0.04353	0.01812	0.01448	0.00691	0.00601	0.00158	0.00641	0.00549	0.00502	0.39323
17	0.03588	0.08876	0.13649	0.01857	0.07601	0.13110	0.05333	0.13049	0.11954	0.02539	0.01558	0.03315	0.01241	0.00768	0.00699	0.00203	0.02953	0.00602	0.00458	0.06648

[dist]
# distance from previous block
# <min> <max>
0	3

[block]
# block no. 7 follows, 30 sequences, length 43
# corresponding to MSA columns:
# 286-328
name=unknown_H
#
# <colnr> <probs for GDERKNQSTAVLIFYWHMCP>
#	G	D	E	R	K	N	Q	S	T	A	V	L	I	F	Y	W	H	M	C	P
0	0.03413	0.00786	0.00989	0.00972	0.01114	0.00841	0.00717	0.04281	0.01317	0.03763	0.02395	0.10796	0.04871	0.16087	0.31763	0.00681	0.01085	0.00923	0.12578	0.00628
1	0.01689	0.01619	0.02764	0.10741	0.64962	0.01648	0.02123	0.02108	0.01571	0.02234	0.01306	0.01740	0.01089	0.00629	0.00691	0.00210	0.00838	0.00622	0.00342	0.01075
2	0.01218	0.00847	0.01028	0.00956	0.01191	0.00785	0.00717	0.01606	0.07433	0.07594	0.28311	0.13546	0.14443	0.06931	0.00994	0.00259	0.00434	0.03496	0.00676	0.07534
3	0.01004	0.00661	0.00896	0.01015	0.01097	0.00628	0.00712	0.01155	0.01372	0.05709	0.03630	0.61887	0.04207	0.02324	0.06220	0.00344	0.00537	0.05354	0.00639	0.00610
4	0.00998	0.00673	0.00781	0.00797	0.00806	0.00675	0.00464	0.01021	0.01050	0.01405	0.02340	0.11131	0.02698	0.65507	0.06311	0.00659	0.00703	0.01095	0.00442	0.00445
5	0.65561	0.01318	0.01140	0.00980	0.01432	0.01462	0.00808	0.02311	0.01343	0.16285	0.01314	0.01372	0.00942	0.00689	0.00484	0.00216	0.00550	0.00440	0.00515	0.00839
6	0.00874	0.00633	0.00828	0.00954	0.01026	0.00587	0.00658	0.01030	0.01435	0.01915	0.11667	0.60169	0.09236	0.02063	0.00881	0.00274	0.00401	0.04127	0.00661	0.00581
7	0.01727	0.01658	0.02832	0.04283	0.71123	0.01658	0.02142	0.02142	0.01589	0.02280	0.01313	0.01727	0.01105	0.00622	0.00691	0.00207	0.00829	0.00622	0.00345	0.01105
8	0.00993	0.00679	0.00770	0.00773	0.00803	0.00665	0.00455	0.01032	0.01133	0.01505	0.07194	0.07352	0.07957	0.62374	0.03070	0.00599	0.00619	0.01101	0.00471	0.00456
9	0.00865	0.00625	0.00830	0.00965	0.01024	0.00590	0.00656	0.01006	0.01368	0.01830	0.07395	0.64592	0.07157	0.02301	0.04920	0.00325	0.00481	0.01856	0.00639	0.00576
10	0.01641	0.01938	0.06642	0.02963	0.06560	0.01755	0.63182	0.02230	0.01638	0.02236	0.01401	0.01860	0.01054	0.00593	0.00812	0.00234	0.01156	0.00803	0.00350	0.00952
11	0.00997	0.00748	0.01121	0.01121	0.01246	0.00872	0.00872	0.01246	0.01121	0.01620	0.01869	0.02741	0.01745	0.05234	0.72710	0.01121	0.01869	0.00748	0.00374	0.00623
12	0.00908	0.00695	0.00834	0.00848	0.01016	0.00622	0.00627	0.01142	0.01702	0.02247	0.32346	0.18677	0.29835	0.01711	0.00842	0.00241	0.00364	0.04030	0.00697	0.00615
13	0.04051	0.06493	0.05383	0.11962	0.29663	0.05367	0.01686	0.06489	0.01670	0.09529	0.01604	0.07154	0.01362	0.00817	0.00744	0.00217	0.03696	0.00694	0.00437	0.00980
14	0.01681	0.07465	0.10300	0.02555	0.03253	0.01748	0.51707	0.02240	0.01619	0.04847	0.01453	0.01837	0.01088	0.00616	0.00761	0.00224	0.01071	0.00748	0.03844	0.00943
15	0.01007	0.00709	0.00928	0.00928	0.00986	0.00767	0.00631	0.01122	0.01064	0.01477	0.02046	0.03722	0.02170	0.42952	0.35573	0.00883	0.01229	0.00891	0.00400	0.00516
16	0.02083	0.17473	0.07675	0.09546	0.14384	0.30986	0.01606	0.04825	0.01747	0.01938	0.01149	0.01405	0.00947	0.00676	0.00615	0.00188	0.01011	0.00493	0.00347	0.00905
17	0.00857	0.00614	0.00804	0.00952	0.00998	0.00573	0.00633	0.00975	0.01329	0.01764	0.03876	0.69249	0.06774	0.05750	0.01018	0.00301	0.00416	0.01919	0.00637	0.00561
18	0.01777	0.21097	0.13210	0.07454	0.13367	0.09184	0.04067	0.05877	0.01628	0.02125	0.01199	0.01453	0.00975	0.00632	0.00596	0.00178	0.00850	0.00499	0.00355	0.13477
19	0.01083	0.00706	0.00822	0.00810	0.00868	0.00695	0.00501	0.01135	0.01134	0.04535	0.02739	0.06539	0.09434	0.57330	0.08299	0.00634	0.00723	0.01055	0.00468	0.00493
20	0.09445	0.14778	0.18796	0.02202	0.17471	0.01854	0.06217	0.11771	0.01768	0.04791	0.03707	0.01651	0.01202	0.00694	0.00633	0.00204	0.00824	0.00570	0.00417	0.01006
21	0.07202	0.09874	0.05376	0.01551	0.03527	0.19514	0.01265	0.12465	0.16499	0.05274	0.04209	0.01954	0.03389	0.00845	0.00716	0.00208	0.04044	0.00617	0.00519	0.00953
22	0.01002	0.00727	0.01016	0.01016	0.01105	0.00815	0.00741	0.01179	0.01090	0.01542	0.01965	0.03274	0.01976	0.25716	0.52544	0.00992	0.01521	0.00826	0.00388	0.00565
23	0.00856	0.00705	0.00753	0.00748	0.00964	0.00601	0.00558	0.01060	0.01655	0.02053	0.18941	0.08656	0.56601	0.01717	0.00827	0.00234	0.00351	0.01450	0.00671	0.00601
24	0.03957	0.01655	0.04306	0.06338	0.52025	0.01653	0.01913	0.06590	0.07264	0.02492	0.04011	0.01906	0.01374	0.00697	0.00690	0.00212	0.00785	0.00650	0.00414	0.01069
25	0.02527	0.03192	0.01989	0.01800	0.02133	0.67434	0.01362	0.02704	0.01910	0.01706	0.01067	0.01278	0.00900	0.00756	0.00753	0.00189	0.06677	0.00461	0.00356	0.00806
26	0.01023	0.00763	0.00988	0.01106	0.01278	0.00728	0.00928	0.01290	0.01582	0.02011	0.04618	0.12548	0.22118	0.01904	0.00921	0.00295	0.00547	0.44086	0.00644	0.00622
27	0.08571	0.31715	0.04954	0.01339	0.01878	0.02212	0.01209	0.20330	0.13918	0.02791	0.03769	0.01676	0.01364	0.00757	0.00580	0.00191	0.00697	0.00549	0.00505	0.00996
28	0.01182	0.03496	0.12971	0.04847	0.04104	0.01060	0.03320	0.04789	0.03298	0.02067	0.03589	0.23497	0.20310	0.04318	0.00881	0.00254	0.00607	0.01217	0.00530	0.03662
29	0.04026	0.10829	0.16547	0.01747	0.07247	0.08634	0.05933	0.06381	0.03909	0.09640	0.01889	0.10330	0.03173	0.00889	0.00670	0.00208	0.00800	0.00741	0.00470	0.05938
30	0.01822	0.13219	0.02300	0.05790	0.07330	0.01694	0.09977	0.08646	0.18216	0.08525	0.04406	0.05057	0.01840	0.00888	0.00691	0.00217	0.00711	0.03630	0.04070	0.00971
31	0.01014	0.00681	0.00781	0.00781	0.00788	0.00688	0.00448	0.01028	0.01021	0.01368	0.02180	0.04464	0.02492	0.71529	0.07437	0.00702	0.00744	0.01000	0.00420	0.00434
32	0.01653	0.02034	0.16546	0.05029	0.08608	0.01635	0.28659	0.12534	0.01818	0.02502	0.01707	0.10760	0.01482	0.00846	0.00765	0.00232	0.00951	0.00851	0.00430	0.00959
33	0.01970	0.10110	0.02764	0.06532	0.27362	0.09662	0.10537	0.11658	0.03665	0.04348	0.01376	0.01663	0.01093	0.00697	0.00735	0.00208	0.03585	0.00609	0.00413	0.01012
34	0.01619	0.01758	0.03256	0.02598	0.08490	0.06754	0.45180	0.02086	0.01604	0.02155	0.01656	0.09240	0.01446	0.00798	0.00840	0.00232	0.03706	0.00880	0.04819	0.00884
35	0.00851	0.00642	0.00788	0.00890	0.00994	0.00579	0.00615	0.01001	0.01448	0.01873	0.08807	0.51176	0.23772	0.02020	0.00868	0.00266	0.00386	0.01793	0.00655	0.00579
36	0.05150	0.01120	0.01627	0.07244	0.10594	0.01121	0.07353	0.06535	0.03390	0.02299	0.08474	0.22664	0.12473	0.01325	0.00775	0.00237	0.00605	0.02589	0.00551	0.03875
37	0.01875	0.01443	0.01931	0.14104	0.17700	0.05760	0.01450	0.06976	0.06755	0.13793	0.01899	0.07565	0.01565	0.01141	0.04758	0.00275	0.05810	0.00749	0.03510	0.00943
38	0.01386	0.01095	0.01575	0.04276	0.09875	0.01172	0.04354	0.10728	0.01544	0.02099	0.02246	0.09109	0.06937	0.08321	0.17267	0.09972	0.04149	0.02713	0.00456	0.00725
39	0.03918	0.01367	0.01495	0.01390	0.04983	0.08943	0.01031	0.12183	0.01972	0.21856	0.10074	0.14455	0.05306	0.01364	0.03878	0.00266	0.00691	0.03256	0.00665	0.00907
40	0.05338	0.01343	0.01921	0.14111	0.14030	0.01448	0.03692	0.08369	0.04973	0.06274	0.06411	0.02122	0.01591	0.01327	0.09402	0.00321	0.06564	0.00667	0.00462	0.09634
41	0.01732	0.01967	0.14040	0.07162	0.21530	0.07327	0.04142	0.10973	0.05075	0.04215	0.02038	0.09239	0.05664	0.00914	0.00716	0.00221	0.00820	0.00793	0.00462	0.00969
42	0.05696	0.16543	0.11749	0.04717	0.02175	0.13546	0.03246	0.11112	0.01836	0.08456	0.03932	0.02204	0.01487	0.00862	0.00711	0.00211	0.03539	0.06592	0.00467	0.00918

[dist]
# distance from previous block
# <min> <max>
1	29

[block]
# block no. 8 follows, 30 sequences, length 17
# corresponding to MSA columns:
# 358-374
name=unknown_I
#
# <colnr> <probs for GDERKNQSTAVLIFYWHMCP>
#	G	D	E	R	K	N	Q	S	T	A	V	L	I	F	Y	W	H	M	C	P
0	0.06791	0.01204	0.01156	0.01057	0.01337	0.08778	0.00817	0.07179	0.05054	0.08405	0.04627	0.06840	0.14688	0.01685	0.10723	0.00335	0.00736	0.00870	0.16951	0.00767
1	0.05407	0.01395	0.06169	0.17740	0.14864	0.01381	0.04398	0.06852	0.01573	0.04272	0.04397	0.09052	0.01880	0.07058	0.03409	0.00302	0.03848	0.04720	0.00448	0.00835
2	0.01432	0.01422	0.08200	0.05110	0.08915	0.03056	0.01211	0.11544	0.01753	0.02371	0.06343	0.08632	0.12841	0.03831	0.08096	0.00322	0.00780	0.04324	0.00512	0.09305
3	0.01206	0.00989	0.01246	0.01185	0.01295	0.03895	0.00897	0.04660	0.01249	0.01728	0.01896	0.07530	0.01916	0.17806	0.38890	0.00791	0.10935	0.00844	0.00408	0.00634
4	0.00856	0.00630	0.00816	0.00944	0.01018	0.00590	0.00646	0.00994	0.01358	0.01785	0.04169	0.60758	0.13697	0.02326	0.05555	0.00331	0.00493	0.01832	0.00630	0.00574
5	0.06034	0.05869	0.04225	0.11677	0.05343	0.28586	0.01354	0.05736	0.06082	0.07972	0.01405	0.01621	0.01093	0.00836	0.00770	0.05369	0.00927	0.00536	0.00431	0.04134
6	0.01691	0.01296	0.01538	0.01495	0.09338	0.01296	0.01052	0.23714	0.02113	0.02925	0.05043	0.07187	0.13508	0.01072	0.00699	0.00203	0.00581	0.04091	0.08880	0.12279
7	0.00992	0.00708	0.00906	0.00906	0.00977	0.00750	0.00618	0.01109	0.01106	0.01507	0.02457	0.03985	0.07750	0.40414	0.31964	0.00825	0.01144	0.00941	0.00421	0.00519
8	0.00998	0.00739	0.01078	0.01073	0.01191	0.00840	0.00819	0.01233	0.01181	0.01692	0.07356	0.03083	0.02191	0.10532	0.61499	0.01015	0.01652	0.00810	0.00409	0.00610
9	0.01629	0.12415	0.01660	0.07152	0.01740	0.03963	0.01011	0.06533	0.04375	0.11685	0.05045	0.09061	0.12964	0.05194	0.06602	0.00319	0.00730	0.06557	0.00562	0.00804
10	0.05897	0.12473	0.13033	0.02007	0.04072	0.03759	0.20066	0.23201	0.02074	0.02849	0.01365	0.01585	0.01029	0.00703	0.00720	0.00212	0.02882	0.00613	0.00448	0.01012
